project/data/elevation/US_DEM2016/US_DEM2016_point_11-01-2019_0513_30m_ang.asc
ncols	125
nrows	167
xllcorner	-2042055.000000
yllcorner	1465035.000000
cellsize	30.000000
NODATA_value	-9999.000000
[rows 0 to 41 of 167, columns 0 to 93 of 125]
268 273 282 285 277 261 252 251 256 261 268 272 263 256 262 273 286 291 275 251 244 249 259 267 274 278 279 272 256 247 244 246 250 255 255 250 244 240 237 235 233 232 232 235 240 245 246 243 243 250 262 273 284 292 293 292 292 291 289 288 285 279 270 262 260 262 267 273 278 281 283 283 282 278 274 272 270 264 260 265 269 259 252 261 276 292 295 285 263 249 245 241 238 236
268 273 282 285 277 261 252 251 256 261 268 272 263 256 262 273 286 291 275 251 244 249 259 267 274 278 279 272 256 247 244 246 250 255 255 250 244 240 237 235 233 232 232 235 240 245 246 243 243 250 262 273 284 292 293 292 292 291 289 288 285 279 270 262 260 262 267 273 278 281 283 283 282 278 274 272 270 264 260 265 269 259 252 261 276 292 295 285 263 249 245 241 238 236
267 271 280 284 282 273 264 260 261 263 265 267 262 259 263 268 275 278 267 252 250 255 262 266 268 270 268 258 249 245 246 248 251 255 256 254 250 247 243 239 237 236 237 239 243 246 246 246 249 256 265 273 280 287 289 286 283 281 280 280 280 278 273 268 265 264 265 267 270 274 277 279 279 277 274 271 269 267 266 266 265 259 256 263 271 282 286 275 258 250 247 243 240 240
267 270 277 283 289 292 286 278 271 266 262 260 261 263 264 263 261 258 252 253 259 264 265 263 260 255 246 239 240 244 247 250 252 255 256 257 259 259 256 251 247 246 246 248 249 249 249 251 256 263 267 270 273 276 279 277 273 269 266 266 268 272 274 273 270 267 264 262 262 264 266 269 270 271 271 269 269 271 272 268 263 262 266 267 266 266 263 253 249 252 250 245 244 248
268 271 276 281 287 295 296 289 279 271 264 261 261 263 264 262 259 255 249 255 263 266 265 260 254 246 237 233 237 243 247 250 253 255 255 256 259 262 264 262 258 253 251 252 253 252 251 253 258 264 266 267 269 270 271 271 270 268 265 262 261 263 267 269 269 268 266 265 263 262 261 261 261 263 266 268 269 271 271 269 268 270 273 270 264 257 249 243 248 253 252 249 251 256
268 270 275 278 282 289 296 295 286 276 268 263 262 264 264 261 258 255 253 259 264 265 262 256 248 240 234 233 238 243 247 251 254 254 254 255 258 261 265 269 268 263 258 256 255 253 253 255 259 263 265 265 264 263 264 265 268 271 270 266 261 258 259 261 264 266 267 267 266 264 261 259 258 259 263 267 270 271 272 272 272 276 278 272 263 253 245 242 250 255 255 255 259 263
267 269 273 275 277 282 287 292 290 283 274 267 265 268 267 262 256 253 255 262 264 262 258 251 243 236 235 237 241 245 249 252 254 254 254 255 257 260 263 267 272 273 270 264 259 256 255 258 261 264 264 263 260 257 257 260 264 267 269 266 262 257 255 257 261 265 268 270 269 266 262 260 260 262 265 268 271 273 275 276 277 278 278 273 264 254 246 245 253 258 258 261 265 265
266 267 269 270 271 273 276 282 287 288 283 277 273 273 270 263 256 251 252 261 264 262 255 247 239 235 237 241 245 248 250 252 253 253 254 254 255 256 258 261 267 273 277 275 267 261 259 262 265 267 266 264 258 253 252 253 256 258 258 257 257 256 255 257 260 265 270 273 272 268 264 262 263 265 267 269 271 274 278 280 281 280 279 275 267 258 250 249 257 260 261 264 265 261
265 265 264 263 263 264 266 271 279 286 288 287 285 281 274 265 257 250 249 259 265 262 254 245 237 236 239 244 248 251 253 253 254 254 254 253 251 251 252 254 258 264 272 277 275 268 264 265 269 270 269 265 259 254 250 249 249 249 247 248 252 256 258 258 259 262 268 273 274 269 264 262 263 265 266 267 269 272 276 279 281 281 280 278 273 265 256 255 260 262 263 263 260 253
262 261 258 256 256 256 259 265 272 278 283 288 291 288 278 266 257 249 249 259 265 263 254 244 240 241 244 247 250 253 256 256 257 257 255 251 249 248 248 249 251 255 261 269 275 274 268 267 270 271 269 265 262 259 255 251 248 244 243 247 253 258 261 260 258 260 265 270 271 267 262 261 263 265 266 266 268 270 273 274 275 277 279 281 279 271 262 261 263 263 261 259 254 250
260 257 253 251 251 253 256 262 268 271 274 279 286 289 283 269 258 251 252 259 262 259 252 245 244 247 249 251 254 256 258 259 260 258 254 249 249 249 248 247 247 249 253 259 267 273 272 270 271 270 267 262 259 259 257 253 248 244 245 250 255 259 262 263 261 261 263 265 265 263 261 262 264 267 268 268 268 268 268 267 267 269 271 274 276 273 266 264 263 260 257 255 254 253
261 258 254 251 250 252 256 260 262 263 265 268 273 279 282 274 264 257 256 259 258 254 247 245 248 251 253 256 258 259 260 260 260 257 251 249 252 254 252 249 247 248 250 253 258 265 271 272 271 269 264 258 254 252 252 251 249 247 248 252 256 260 263 265 265 263 261 260 259 259 260 264 267 270 271 270 268 265 261 260 262 265 266 266 266 268 267 265 262 258 256 256 256 255
265 265 262 256 253 254 256 257 256 255 256 259 262 265 272 276 271 264 260 258 255 249 243 246 251 253 255 259 260 261 260 260 257 253 250 253 257 257 254 253 252 250 250 251 252 257 266 271 271 268 263 257 252 249 250 253 253 251 250 252 256 261 264 267 268 266 262 258 257 258 260 265 269 270 270 268 265 260 257 258 262 267 268 267 266 269 273 269 263 260 259 257 256 256
266 268 270 267 262 258 258 257 255 253 253 253 254 255 260 268 272 267 262 259 253 245 243 248 252 255 257 259 260 260 259 257 256 255 256 259 261 259 258 258 258 256 255 252 252 255 262 268 268 265 262 256 250 250 254 258 257 253 251 253 257 261 265 267 268 268 264 260 257 257 261 267 269 268 265 262 260 258 257 259 264 269 273 273 273 277 283 279 268 262 260 257 256 256
264 265 268 271 270 265 261 259 257 257 256 255 253 251 252 257 263 264 261 256 250 245 247 251 253 255 257 259 260 261 260 258 258 260 263 266 266 264 264 264 265 264 262 259 256 257 261 264 264 261 257 251 250 253 259 261 258 253 254 256 258 261 264 266 267 268 265 260 257 257 262 267 267 263 258 258 260 259 259 261 265 270 273 275 278 283 288 287 273 264 261 259 258 258
263 262 262 264 267 266 264 262 262 264 265 264 260 256 253 253 253 255 255 251 248 249 252 253 254 256 258 260 262 264 265 263 261 261 264 266 268 270 269 267 267 268 268 265 263 262 261 260 258 255 251 248 251 257 262 261 255 253 257 260 261 262 263 264 266 267 264 259 255 256 261 264 261 256 255 258 261 260 260 262 265 269 271 274 279 283 287 289 277 266 263 262 261 260
264 263 260 257 258 261 263 265 266 269 270 270 270 269 263 255 248 246 248 249 251 253 255 255 257 258 260 262 262 263 266 267 265 262 261 263 266 269 270 268 267 268 269 269 267 263 260 255 252 251 249 249 253 259 262 260 253 255 261 265 266 265 263 262 263 263 262 257 253 254 256 256 253 252 255 258 259 257 258 262 265 268 270 274 278 280 281 286 282 270 265 263 262 260
265 264 259 252 251 256 262 266 268 270 271 272 274 276 271 259 247 242 243 249 253 254 254 255 257 260 261 262 261 261 262 265 267 265 262 262 263 266 268 268 267 268 269 269 267 262 256 250 249 249 249 251 256 261 262 258 253 258 265 269 270 268 263 260 259 259 260 258 254 252 251 250 248 251 255 256 254 253 256 259 263 267 270 273 274 273 273 280 285 276 267 263 261 258
262 260 254 247 248 256 262 267 269 270 270 270 270 270 269 260 249 242 242 247 250 250 252 255 258 260 261 262 262 260 260 262 266 268 266 263 262 262 264 266 267 267 267 266 263 258 252 248 249 250 251 254 259 263 262 256 255 263 268 271 272 270 265 260 257 256 258 260 259 254 251 249 248 250 253 252 249 249 251 254 258 262 266 268 267 265 266 273 286 285 272 264 261 258
260 257 249 246 252 260 265 268 269 268 266 263 260 258 256 253 247 242 242 245 246 248 251 255 258 260 261 263 264 262 260 261 263 265 265 264 261 261 262 264 265 264 262 259 255 252 250 251 252 253 254 257 260 262 260 257 260 267 270 271 271 270 267 263 259 257 256 258 262 261 257 253 252 252 252 249 247 248 249 250 252 255 258 260 260 260 263 271 284 293 280 267 263 262
260 257 252 253 260 265 268 268 266 264 261 257 253 249 245 243 239 239 242 245 245 247 251 254 257 259 261 263 264 265 264 263 263 262 261 260 259 259 261 261 260 258 255 251 249 250 253 257 258 257 258 259 259 259 257 258 264 268 269 269 268 268 268 267 264 261 258 258 262 268 267 263 260 257 254 251 250 250 251 249 250 251 251 253 255 257 261 266 273 283 279 267 264 265
262 260 258 261 266 269 268 266 263 260 258 256 251 246 241 236 231 235 242 245 246 248 251 253 255 257 260 262 263 265 266 265 263 261 258 256 257 259 259 256 254 252 249 247 250 254 258 261 263 262 261 259 257 254 253 257 264 266 266 265 264 264 266 268 268 267 264 264 267 275 277 273 269 265 261 258 257 257 257 254 253 251 249 249 251 254 257 257 257 258 262 264 264 264
262 262 261 263 266 267 266 264 261 259 257 255 252 247 240 233 229 235 242 245 248 250 251 251 253 255 258 260 262 264 265 264 261 257 253 253 257 258 255 251 248 248 247 250 255 259 263 266 267 267 264 260 255 252 251 255 259 262 261 260 260 260 263 268 270 269 269 271 276 283 285 280 274 270 267 264 262 263 263 261 258 254 250 248 248 251 254 256 255 253 256 262 263 262
261 260 260 261 263 263 262 260 259 258 256 254 251 247 239 232 231 238 243 247 251 252 253 253 254 256 258 260 261 261 261 259 255 252 250 253 257 256 251 248 247 249 252 256 260 263 266 269 271 269 265 260 256 252 251 253 254 256 256 255 255 256 261 267 271 271 272 276 281 286 289 286 279 273 270 268 268 268 267 266 264 260 254 250 247 249 253 258 259 259 260 262 262 261
260 259 258 258 259 259 258 257 256 256 255 253 250 245 238 233 235 241 246 250 254 256 258 259 260 260 260 260 259 258 256 252 249 248 250 254 256 254 251 250 251 253 257 261 263 265 268 271 272 270 266 261 257 254 252 252 252 251 250 250 251 254 260 265 269 271 274 277 279 282 287 288 284 279 276 276 275 273 271 271 270 266 259 253 249 248 251 254 257 259 261 262 262 262
261 259 257 257 256 255 255 256 256 256 256 254 251 246 241 236 240 244 247 252 256 260 263 266 266 264 262 259 256 253 249 246 245 249 254 256 256 255 256 256 256 257 260 264 267 268 269 269 269 268 266 262 258 255 253 252 250 247 245 246 249 254 260 264 266 269 272 272 272 275 280 284 284 282 282 284 283 279 276 276 275 271 264 257 252 249 249 251 253 256 260 263 263 264
261 260 259 257 254 252 252 254 255 255 256 255 252 250 246 246 243 245 248 253 258 262 264 266 266 264 261 257 252 248 244 243 247 253 258 260 259 258 259 261 261 261 263 267 270 271 269 266 264 264 264 263 261 257 255 253 248 244 243 245 250 255 259 261 263 265 266 266 266 270 273 275 276 279 283 286 285 284 285 285 282 277 271 263 256 251 248 249 251 255 258 263 265 264
262 262 262 260 256 253 251 251 251 252 253 252 250 250 248 244 243 244 249 254 259 262 263 263 262 260 257 253 247 243 242 247 253 257 259 260 262 261 260 262 264 265 267 270 272 272 268 263 259 258 261 265 266 262 258 253 247 244 245 248 253 257 258 258 258 258 259 260 263 264 264 264 268 274 278 280 282 285 290 293 292 285 278 270 262 254 250 248 250 253 257 261 263 262
264 265 267 265 261 256 252 250 249 250 249 248 246 244 241 237 239 245 251 257 261 261 261 259 257 255 252 248 242 242 246 253 256 258 259 259 260 261 260 261 265 268 271 273 274 272 267 260 255 254 257 263 270 269 261 252 248 248 249 253 258 259 258 255 252 251 252 255 256 255 254 257 263 269 271 272 277 282 288 293 296 293 285 277 269 260 253 249 248 250 255 260 262 261
264 266 270 270 267 261 255 251 249 248 248 247 245 242 236 234 236 247 256 260 260 258 256 254 253 252 249 245 242 246 253 256 256 257 257 258 259 260 260 261 264 268 272 275 275 272 266 260 254 252 254 259 266 271 264 254 251 252 254 260 263 263 259 254 250 248 249 249 249 248 248 251 257 261 264 267 273 278 282 286 291 293 290 283 275 267 258 252 248 247 251 259 264 262
263 263 265 270 271 266 259 254 250 248 247 248 248 245 238 243 239 251 259 260 257 254 252 251 251 252 252 250 250 254 256 256 254 254 254 256 257 257 258 260 264 268 272 273 274 272 269 263 257 254 254 256 260 265 265 257 255 256 260 264 266 265 263 259 255 252 250 247 245 244 245 246 249 253 257 262 267 270 272 274 278 285 289 287 281 275 267 257 250 247 248 254 262 261
262 261 261 265 270 270 263 256 251 247 246 246 246 244 239 237 245 253 257 255 252 252 252 253 254 257 260 263 264 263 261 258 255 253 252 253 254 255 257 261 265 269 271 270 269 269 270 268 263 259 256 255 256 258 259 256 256 259 263 267 266 265 265 265 262 260 256 251 247 246 245 244 246 248 251 255 259 260 261 264 269 275 280 284 285 282 277 268 258 251 248 249 252 253
262 262 263 265 268 271 267 260 253 248 245 244 243 240 237 235 244 250 251 248 249 249 252 257 259 261 265 270 274 273 269 265 261 257 255 254 254 255 258 262 266 270 271 268 265 264 266 270 269 264 260 257 256 253 249 250 256 260 265 267 266 266 268 270 269 266 262 257 253 251 249 247 247 249 249 248 249 252 256 259 263 265 269 276 282 285 283 278 269 259 252 249 247 247
264 266 269 271 272 274 272 265 258 252 247 244 242 239 235 231 238 243 243 243 244 252 255 257 259 261 263 268 273 277 275 271 269 266 262 259 257 258 260 263 267 270 270 268 265 262 264 271 276 272 266 261 257 251 244 244 254 261 265 266 265 267 272 279 277 271 265 261 259 257 255 253 253 253 250 245 244 247 252 256 256 256 261 270 276 280 282 281 278 271 264 257 252 249
266 269 272 275 277 278 277 272 264 257 250 245 242 239 235 230 233 238 239 237 248 251 253 255 257 259 261 265 269 273 274 272 270 270 268 265 263 262 263 265 267 268 268 266 265 266 269 276 284 284 274 265 258 252 243 243 253 261 264 264 264 266 272 282 285 276 268 263 261 260 259 258 260 258 252 245 244 245 248 249 248 251 258 266 272 274 275 276 277 276 273 268 264 260
267 269 272 273 273 275 278 277 270 262 255 248 244 240 234 228 230 237 241 242 247 249 251 252 254 256 258 261 265 269 272 270 267 267 269 269 268 266 265 266 266 266 264 263 265 269 274 279 287 293 284 269 260 254 245 244 253 260 263 263 263 265 269 278 286 281 271 266 263 261 260 261 263 261 255 249 247 246 245 243 242 248 257 263 266 267 266 266 268 272 274 274 273 272
266 267 268 267 265 265 269 273 271 265 258 253 247 241 235 228 230 238 236 244 246 247 248 248 249 251 253 256 260 265 269 269 267 264 265 267 269 268 267 266 264 262 261 262 266 271 275 278 283 291 289 273 262 256 247 245 254 260 263 264 264 263 265 270 280 284 278 271 267 264 262 263 264 262 258 254 252 249 246 242 241 246 253 257 258 256 255 258 263 268 272 274 274 276
265 264 263 261 259 257 259 263 264 261 258 255 251 245 237 229 233 242 245 246 247 246 246 245 245 247 249 251 255 259 263 267 268 266 265 265 267 269 269 267 263 258 257 259 265 270 272 272 272 278 284 276 264 257 248 246 255 261 265 265 264 261 260 262 270 280 283 276 270 266 264 265 265 263 261 260 258 254 250 246 243 245 249 251 250 248 249 255 262 267 269 271 272 273
263 262 259 257 255 255 255 255 256 258 265 257 253 246 245 232 240 236 249 249 249 248 247 246 246 247 248 249 251 254 258 262 266 268 268 267 267 269 270 269 265 258 255 256 260 263 265 265 265 269 277 277 266 258 249 248 257 263 266 266 264 261 257 256 259 268 279 280 274 268 265 267 267 265 264 265 263 260 257 253 247 246 247 246 244 245 250 257 262 264 265 266 269 268
262 261 257 256 255 255 255 254 254 259 263 263 256 257 249 239 238 252 250 253 252 252 252 251 251 251 250 249 250 251 254 259 263 267 269 270 270 269 269 270 269 262 256 255 255 256 258 259 261 265 273 278 270 260 251 250 258 263 265 265 263 261 259 257 257 260 269 279 279 272 266 267 269 268 267 269 269 265 262 258 252 248 247 245 243 247 255 260 260 258 257 257 257 253
262 261 257 256 256 257 257 255 255 259 263 263 256 244 258 235 246 255 256 255 255 257 258 259 258 256 253 251 250 250 252 256 261 266 270 272 271 269 267 267 268 265 260 256 254 253 252 253 255 260 268 275 270 260 251 252 259 263 263 262 261 261 261 262 262 263 269 277 282 278 272 270 271 270 268 270 272 269 265 261 256 251 249 246 246 251 257 259 257 254 252 249 245 239
263 261 257 255 256 257 257 256 256 259 260 257 248 240 245 252 255 256 257 259 261 263 264 264 263 261 258 255 253 251 252 256 261 266 270 272 271 268 265 262 261 262 261 258 255 253 251 251 252 253 257 261 264 257 250 253 260 261 260 259 259 259 260 263 266 269 271 275 280 283 281 278 275 271 268 268 272 272 268 263 258 255 254 251 251 254 256 256 255 254 252 249 243 235
