project/data/elevation/US_DEM2016/US_DEM2016_point_10-29-2019_0101_30m_ang.asc
ncols	125
nrows	167
xllcorner	-2042055.000000
yllcorner	1465035.000000
cellsize	30.000000
NODATA_value	-9999.000000
[rows 42 to 83 of 167, columns 0 to 93 of 125]
174 175 178 179 179 180 180 179 178 176 174 173 178 189 198 198 194 190 186 183 182 181 179 178 178 178 179 181 183 186 186 184 178 175 173 171 168 168 173 178 179 176 177 185 191 192 187 182 181 182 181 178 173 174 182 186 185 185 189 195 197 195 188 179 173 170 168 165 159 153 152 157 162 164 165 166 169 170 170 173 178 183 185 186 187 188 186 182 181 182 184 185 185 185
175 176 178 179 180 180 180 178 175 174 173 175 183 178 198 195 192 190 186 182 181 181 179 178 179 179 180 181 182 182 181 178 175 174 175 175 172 168 171 178 182 181 180 186 193 193 189 183 180 182 183 181 176 176 183 186 186 187 189 193 195 193 186 179 176 175 172 167 163 161 158 155 152 151 152 156 157 159 162 168 175 180 180 180 184 187 187 184 182 183 186 187 187 187
176 177 178 179 179 179 179 177 175 174 175 179 187 181 197 193 190 188 183 179 179 179 179 179 179 179 180 180 180 179 176 173 172 172 176 179 178 174 171 176 183 185 185 189 194 194 192 186 182 180 178 175 174 176 181 184 184 185 186 190 193 192 187 183 181 178 173 170 169 170 168 162 153 146 143 141 140 142 147 157 167 173 176 178 182 186 189 187 183 182 186 189 191 190
176 176 177 177 177 177 177 178 177 177 178 183 192 197 196 192 188 185 181 178 177 177 178 179 180 180 179 179 178 175 172 171 171 171 174 179 182 181 176 175 182 188 192 195 198 197 195 188 181 178 175 172 169 168 173 178 181 183 186 189 193 192 190 187 183 178 175 176 179 179 174 167 161 157 152 146 140 136 149 143 154 165 173 177 179 184 190 190 187 182 182 185 191 193
173 174 176 177 177 176 177 178 180 180 182 188 195 196 192 189 186 183 179 177 177 177 178 179 180 180 179 178 175 171 170 171 172 171 171 176 183 186 184 179 181 191 198 199 198 197 193 185 180 179 179 176 166 158 161 170 179 183 186 189 192 193 192 188 184 181 182 184 184 179 173 169 166 164 161 155 150 144 140 138 162 156 168 174 177 182 188 192 190 184 181 182 188 194
169 171 175 177 177 177 178 179 181 183 186 192 183 189 189 187 186 183 180 179 178 178 179 179 179 179 178 175 171 168 168 172 174 173 169 173 182 188 188 185 184 193 198 196 194 193 190 186 183 184 185 176 162 155 157 166 176 182 185 188 192 193 193 190 187 187 187 183 179 175 172 170 169 168 166 162 158 154 150 146 144 151 161 169 174 179 185 190 190 186 184 185 189 197
169 169 171 176 178 178 178 179 181 184 190 195 194 185 185 184 185 184 182 181 179 179 180 180 179 178 176 172 167 166 168 174 177 176 170 170 179 187 190 190 190 195 196 193 192 193 192 191 188 187 181 169 160 158 160 166 175 181 184 187 191 193 193 191 188 185 181 177 175 174 174 173 173 172 171 168 165 163 160 156 152 150 154 163 171 177 182 187 190 189 188 189 192 199
169 169 170 173 178 180 180 179 180 184 193 198 194 184 181 182 185 185 184 183 181 181 181 180 179 178 175 169 163 163 167 174 178 180 176 170 174 184 192 196 199 201 199 194 192 194 195 193 189 181 171 164 163 164 166 170 176 181 183 184 188 191 192 189 184 180 177 176 176 177 177 177 176 176 176 175 173 171 169 168 163 155 151 155 164 174 181 185 189 192 193 192 194 197
168 169 171 173 176 181 182 180 179 184 193 197 192 184 180 182 184 186 186 185 184 183 182 180 180 179 174 166 161 160 165 172 178 183 182 176 175 184 196 205 207 204 199 194 191 192 192 189 183 174 167 165 166 170 172 174 178 180 180 181 183 188 189 187 181 178 177 177 178 179 179 179 179 179 179 180 180 179 178 178 175 168 157 152 157 169 178 184 188 194 195 193 193 193
165 168 173 174 175 180 183 182 180 184 191 193 187 182 181 182 185 187 188 187 186 185 184 181 180 178 173 166 160 158 162 168 175 182 184 182 180 188 200 206 203 199 195 191 188 186 184 181 177 173 170 169 172 175 176 176 179 181 181 180 181 185 187 186 181 178 177 178 178 179 180 180 180 181 182 184 185 185 184 184 183 179 172 162 158 163 174 183 189 195 196 193 195 196
165 167 172 174 175 179 183 183 181 182 188 189 185 182 182 184 187 189 189 189 188 188 187 183 179 177 172 166 162 157 157 162 170 178 184 185 185 192 199 199 196 193 190 188 185 179 176 175 176 176 176 176 177 178 177 178 182 184 184 183 182 183 186 185 183 179 177 176 174 173 174 177 179 181 183 186 188 188 186 186 186 185 181 181 169 196 171 183 191 195 195 196 200 200
167 168 171 172 173 176 181 183 181 181 166 181 183 182 183 186 189 190 190 190 191 191 189 184 179 175 171 168 165 159 155 157 165 174 181 185 188 193 194 193 191 189 187 184 179 174 171 172 176 181 183 183 182 181 179 180 186 189 187 184 182 183 185 186 186 183 178 173 169 166 165 168 174 178 181 185 189 189 186 184 185 186 185 182 177 198 172 182 190 194 196 199 200 197
172 171 171 170 170 172 177 181 181 180 184 176 183 183 187 189 191 192 192 192 194 193 189 184 179 175 171 170 168 164 159 158 161 170 178 184 190 193 191 189 188 187 184 180 173 169 169 172 177 184 188 188 186 183 181 183 188 190 186 183 181 182 185 189 190 186 179 173 170 168 166 166 167 171 176 182 187 188 187 185 185 187 185 177 173 173 175 181 188 193 194 195 194 190
176 174 172 171 170 170 172 177 180 180 185 173 187 187 191 187 195 194 192 192 193 191 188 184 180 176 172 171 169 166 164 161 160 165 174 185 192 194 191 188 186 185 181 174 168 166 168 173 178 185 190 191 189 186 184 186 190 189 184 182 181 184 188 192 192 186 179 175 173 173 173 172 167 164 168 178 185 190 194 194 221 185 175 164 192 169 175 181 187 190 190 189 188 186
177 175 173 173 173 173 172 172 175 179 186 167 176 195 197 199 198 195 190 189 189 189 187 184 181 177 174 172 169 167 166 165 162 162 171 186 194 194 191 188 185 183 177 170 166 165 168 174 178 185 190 191 190 188 187 189 191 188 184 184 185 188 191 193 189 184 180 179 179 180 179 175 170 168 172 191 201 211 198 193 182 171 163 160 181 167 173 180 186 187 186 185 185 183
174 174 175 176 178 178 175 172 171 177 160 196 198 198 198 197 195 192 188 185 185 185 185 184 181 179 177 174 170 168 169 169 167 166 172 184 190 191 189 187 185 181 175 168 165 165 170 173 177 182 188 191 191 189 189 193 194 191 189 189 190 191 191 190 187 184 183 184 184 182 177 173 173 177 183 185 181 180 180 175 168 163 162 171 166 169 172 179 185 185 184 183 182 178
169 171 175 179 182 182 179 175 172 177 189 196 196 195 194 192 190 188 186 184 182 183 183 181 180 179 179 176 172 170 171 172 172 172 176 183 187 187 187 186 184 181 174 168 165 167 171 173 174 178 184 189 191 189 191 197 198 195 193 191 189 188 188 188 186 185 187 187 183 178 174 175 180 186 187 181 175 172 169 166 162 162 165 168 171 172 173 178 184 184 182 180 178 173
166 168 174 179 183 184 182 179 176 179 155 193 191 186 188 187 186 184 183 182 181 181 180 178 178 180 180 177 174 172 173 173 174 175 178 183 186 185 184 183 183 181 176 172 168 167 169 171 171 172 178 186 188 189 194 200 200 196 192 189 186 185 184 185 186 188 188 185 179 176 176 181 187 188 182 176 171 168 166 164 164 165 170 173 172 173 174 178 183 183 180 177 174 170
164 167 173 177 181 184 185 184 181 182 189 191 187 184 182 182 181 180 179 179 180 179 177 175 177 180 179 176 175 176 176 175 173 171 175 182 184 183 181 181 181 181 180 178 173 169 169 169 166 166 171 178 182 186 194 199 197 194 191 187 183 180 179 181 185 189 190 184 179 178 181 185 186 182 177 173 171 169 168 168 169 171 174 174 194 173 174 178 182 181 178 174 171 170
163 166 173 177 179 183 186 187 186 186 191 191 184 179 178 178 179 178 178 178 177 176 174 174 178 180 177 173 174 177 180 179 176 171 171 178 182 182 180 180 182 184 185 182 178 174 171 168 165 164 166 169 173 181 192 195 193 191 189 185 180 176 175 177 183 190 191 186 181 180 182 183 181 178 176 174 173 173 173 174 175 177 177 175 174 173 173 177 180 180 177 173 169 171
163 166 172 176 178 181 185 189 190 194 198 196 186 177 174 176 179 182 183 178 171 169 171 175 180 178 173 170 170 174 179 182 180 176 172 175 179 181 182 182 184 186 186 183 179 177 174 171 168 166 166 167 169 177 188 192 189 188 186 181 176 173 173 176 182 189 190 187 184 183 182 181 179 178 177 177 177 178 179 181 182 182 181 190 175 172 171 175 179 178 176 172 168 171
167 168 172 175 177 180 184 190 197 206 209 205 194 179 169 170 162 185 189 182 170 162 163 171 177 174 169 167 167 169 175 180 182 180 177 177 180 183 185 186 186 185 183 181 179 179 177 175 172 170 170 170 171 177 187 189 186 184 180 175 172 172 174 178 184 188 188 187 186 185 183 181 179 180 181 181 181 182 185 187 187 187 185 182 201 208 171 174 177 175 173 171 168 170
171 172 173 175 176 179 184 192 205 213 213 207 199 189 177 171 165 181 189 190 183 173 164 165 168 168 166 165 165 166 169 173 178 180 180 183 186 188 187 187 185 182 180 179 179 180 180 179 177 175 173 172 173 178 185 187 183 180 175 171 170 173 177 182 185 186 185 186 187 186 184 182 180 181 184 185 185 184 187 191 192 191 189 187 182 212 171 172 174 173 171 169 167 168
172 173 175 176 177 180 186 197 208 210 207 203 199 194 189 181 173 174 184 189 190 185 175 167 164 164 165 166 167 168 167 167 171 175 180 187 190 189 187 184 182 180 178 178 179 180 180 180 181 181 178 174 173 177 184 186 181 176 172 170 172 176 180 184 186 185 183 184 186 185 185 184 183 182 185 188 189 186 187 193 196 194 193 192 188 179 170 166 168 170 170 168 164 164
172 173 176 178 179 182 189 199 204 202 199 198 198 197 194 188 177 171 175 183 188 187 181 173 166 162 163 167 170 172 170 168 166 168 175 185 187 186 184 182 180 179 178 178 178 178 179 180 183 184 181 177 174 177 183 184 179 173 171 172 175 179 184 187 188 186 182 182 183 185 185 186 187 185 185 190 193 190 190 196 201 201 202 203 196 181 164 157 160 166 169 168 163 160
171 173 177 179 181 184 191 197 181 194 192 195 196 197 196 192 184 174 171 176 182 184 182 177 169 163 163 167 173 176 175 173 168 166 170 179 182 182 182 181 181 180 180 180 179 177 177 179 182 183 183 180 175 178 182 182 176 172 172 176 179 182 187 189 187 184 182 182 182 185 186 187 189 190 188 190 195 197 211 210 215 247 214 210 195 174 156 150 153 161 167 168 166 161
169 172 178 181 182 185 191 194 191 188 188 190 193 195 195 194 189 180 172 171 175 180 181 178 171 165 165 169 173 177 178 177 173 169 169 174 179 181 182 182 181 181 182 182 180 176 175 177 179 181 183 181 176 176 180 179 175 172 175 180 181 183 187 187 184 184 185 185 184 185 188 189 191 194 193 194 202 214 219 225 223 215 207 196 180 164 154 150 151 155 161 166 169 167
168 172 178 182 183 187 193 195 191 185 184 185 188 190 192 192 191 186 177 171 172 176 177 176 172 168 168 170 173 176 178 179 177 173 170 172 179 182 182 181 181 182 184 185 182 178 176 177 179 180 181 177 172 176 176 178 176 176 180 182 182 184 186 184 184 188 191 192 189 188 189 191 192 196 199 205 215 220 222 215 204 195 189 181 171 161 157 155 153 153 158 165 171 172
168 171 178 182 184 189 197 200 195 188 182 179 181 184 186 189 190 189 183 175 173 174 173 172 172 172 172 173 174 174 175 176 177 175 172 173 179 181 180 180 180 182 185 186 184 180 179 181 181 179 176 170 167 169 173 180 181 183 184 185 186 186 186 185 187 191 195 195 193 189 186 186 188 195 205 213 215 212 205 197 189 183 178 173 167 162 161 160 158 158 161 167 173 175
169 172 178 182 186 193 200 202 199 195 186 178 174 175 180 184 187 189 185 179 174 174 172 171 172 175 177 177 176 175 173 171 172 172 171 173 178 180 179 179 181 184 187 187 186 183 182 182 179 175 172 168 166 170 173 186 188 189 189 188 189 189 187 185 184 186 190 192 190 186 183 183 187 194 202 205 203 198 192 185 180 176 173 170 166 166 167 167 167 166 167 171 176 178
170 172 178 183 189 196 200 199 198 196 192 184 175 171 174 179 183 185 184 180 175 173 172 171 174 178 181 181 179 177 174 171 170 168 167 171 177 179 178 178 182 186 189 189 187 184 181 177 175 174 173 172 170 173 182 187 189 190 190 189 189 188 185 182 180 181 186 191 191 188 187 189 193 197 198 195 192 187 181 176 173 172 172 170 168 169 172 176 177 176 174 175 179 181
171 173 178 183 191 197 197 195 194 193 191 187 182 176 174 176 178 180 181 179 176 174 173 173 176 180 183 184 182 179 176 174 173 170 167 170 176 178 178 181 184 187 189 188 186 182 178 177 176 176 177 178 176 176 181 185 186 187 188 187 186 184 181 179 178 181 188 194 195 195 196 198 199 196 191 186 183 179 172 168 169 171 173 174 174 174 177 182 185 185 182 181 183 184
172 173 178 184 192 197 195 191 188 187 186 185 184 182 179 175 174 174 175 176 176 176 175 176 178 180 183 185 185 182 179 176 175 173 171 171 175 178 180 182 183 185 187 187 184 180 178 178 178 178 178 179 179 178 181 184 184 184 184 184 183 180 178 177 180 186 194 199 202 204 204 202 197 190 183 179 176 172 166 165 167 170 173 177 181 182 180 182 187 190 188 186 186 187
172 173 178 185 193 197 193 186 182 180 180 181 183 183 180 176 172 170 171 173 176 178 179 180 180 179 180 185 187 185 182 179 177 175 172 171 174 178 181 181 182 184 186 186 185 182 178 177 177 177 176 176 176 178 181 184 183 181 182 182 180 178 178 182 189 196 199 202 205 206 203 198 191 183 176 172 171 168 165 165 167 169 172 178 185 188 185 181 184 189 190 190 189 191
171 173 178 185 193 194 187 181 177 175 177 179 181 181 178 174 170 168 169 172 176 179 182 184 183 180 178 182 187 188 186 183 180 176 172 169 171 178 182 183 184 184 184 186 186 185 181 178 177 176 175 173 173 175 181 184 183 181 181 180 178 177 183 193 200 201 199 200 203 201 196 189 183 177 173 170 168 168 169 170 171 170 169 172 180 188 188 186 183 185 188 191 193 194
168 172 179 185 189 187 182 179 177 176 177 179 178 176 173 170 168 167 169 172 176 180 184 186 186 182 178 180 185 188 188 185 182 178 174 170 172 179 185 185 184 182 183 186 188 186 183 180 177 176 175 174 171 172 178 182 182 181 180 179 178 180 190 200 201 197 195 195 194 192 188 182 177 174 173 171 170 171 175 178 178 177 173 168 170 178 185 187 186 185 187 191 195 195
163 170 180 184 185 183 180 180 176 181 180 178 176 172 169 168 167 168 170 174 177 181 185 187 187 185 180 178 182 186 188 187 185 181 177 175 176 182 186 185 183 182 184 188 190 189 184 180 177 175 174 172 167 166 172 179 180 179 179 179 181 187 195 197 195 192 190 187 185 184 182 178 174 174 175 175 174 175 179 183 184 184 180 175 170 170 176 183 187 188 189 193 195 194
161 168 180 185 184 182 182 184 185 183 180 177 174 170 167 166 167 169 172 176 179 182 185 188 190 188 183 177 178 183 186 188 188 184 180 179 182 186 188 186 185 186 188 191 194 192 187 179 175 172 169 168 164 163 168 175 179 179 180 182 187 193 194 191 188 186 182 180 180 180 179 176 174 175 178 179 179 179 180 184 187 188 186 181 177 173 172 177 184 189 191 192 193 192
161 168 180 186 185 183 183 184 183 181 178 174 171 168 167 167 168 170 173 177 181 184 186 190 192 191 186 178 175 178 181 185 188 187 184 182 189 189 191 190 189 189 189 191 194 192 185 177 171 168 166 166 165 164 167 175 181 184 186 187 190 192 188 184 181 178 175 175 178 180 178 176 174 175 179 182 183 181 179 180 185 189 190 187 183 179 175 174 180 187 189 189 190 189
164 169 178 184 185 183 182 181 180 178 174 171 168 167 167 169 170 171 174 179 183 185 187 191 194 194 191 182 173 173 176 178 182 186 185 183 186 191 191 190 189 188 187 189 191 190 184 176 170 168 167 166 165 165 168 175 172 187 188 189 189 187 183 179 174 171 171 175 179 181 179 176 174 174 179 183 185 183 181 178 178 185 191 191 189 184 179 176 178 184 186 185 187 185
170 170 175 182 183 182 180 179 177 174 171 169 167 166 169 172 173 173 175 181 184 185 189 192 195 196 195 189 178 172 171 168 169 176 180 184 186 190 189 187 186 185 184 187 189 189 185 179 173 171 169 167 165 164 167 174 171 184 187 187 186 184 180 175 170 168 171 178 181 181 179 177 175 174 177 182 185 184 183 181 177 179 188 193 193 189 184 179 179 181 182 182 183 181
173 172 174 180 182 180 178 176 174 171 169 167 166 168 170 174 176 177 178 182 185 188 191 194 196 198 197 192 184 177 172 165 162 164 172 181 186 189 186 183 182 182 184 186 188 189 186 182 177 173 170 168 166 165 166 172 166 178 185 185 183 181 177 173 168 167 173 179 180 181 180 179 177 174 175 180 183 185 185 185 181 177 183 192 194 192 188 184 180 179 179 179 178 177
