project/data/elevation/US_DEM2016/US_DEM2016_point_11-01-2019_1826_30m_vel.asc
ncols	125
nrows	167
xllcorner	-2042055.000000
yllcorner	1465035.000000
cellsize	30.000000
NODATA_value	-9999.000000
[rows 76 to 113 of 167, columns 0 to 83 of 125]
4.87 4.75 4.71 4.83 4.94 5.18 5.62 6.08 6.25 6.07 5.76 5.62 5.86 6.42 6.99 7.50 7.78 7.69 7.25 6.75 6.42 6.14 5.84 5.55 5.35 5.23 5.09 5.08 5.21 5.37 5.40 5.24 4.83 4.51 4.49 4.59 4.60 4.42 4.15 3.94 3.87 4.02 4.28 4.34 4.26 4.14 4.06 3.92 3.80 3.79 3.79 3.75 3.71 3.83 4.11 4.38 4.53 4.55 4.59 4.68 4.68 4.39 3.78 3.24 2.99 2.97 3.17 3.43 3.81 4.26 4.60 4.93 5.53 6.29 7.02 7.78 8.50 8.85 8.56 7.71 6.44 4.89 4.14 3.91
4.91 4.78 4.78 4.89 5.04 5.44 5.77 5.78 5.41 4.85 4.55 4.75 5.34 6.12 6.83 7.30 7.38 7.08 6.58 6.11 5.78 5.56 5.39 5.27 5.20 5.13 5.00 4.97 5.05 5.26 5.49 5.57 5.43 5.32 5.24 5.09 4.81 4.42 4.09 3.98 4.07 4.22 4.26 4.11 3.96 3.87 3.85 3.77 3.63 3.57 3.53 3.52 3.55 3.78 4.14 4.46 4.66 4.74 4.79 4.74 4.42 3.83 3.41 3.36 3.60 3.93 4.17 4.41 4.87 5.62 6.19 6.81 7.60 8.32 8.84 9.24 9.35 9.01 8.19 7.32 6.41 5.24 4.37 3.88
4.85 4.57 4.50 4.63 4.76 5.01 5.02 4.77 4.56 4.40 4.59 5.04 5.74 6.54 7.08 7.25 7.05 6.62 6.15 5.73 5.40 5.17 5.03 4.94 4.86 4.78 4.71 4.77 4.84 4.97 5.24 5.54 5.69 5.66 5.51 5.23 4.84 4.43 4.21 4.14 4.08 3.94 3.77 3.59 3.44 3.29 3.10 2.92 2.86 2.88 2.98 3.21 3.59 4.03 4.39 4.63 4.81 4.86 4.76 4.48 4.03 3.62 3.59 3.92 4.50 4.95 5.34 5.90 6.63 7.11 7.53 8.07 8.64 9.05 9.11 9.00 8.61 7.83 7.19 6.90 6.76 6.35 5.67 4.97
4.66 4.27 4.16 4.37 4.46 4.50 4.52 4.59 4.80 5.13 5.52 6.03 6.71 7.28 7.46 7.24 6.78 6.27 5.84 5.46 5.12 4.87 4.70 4.59 4.46 4.33 4.25 4.30 4.29 4.32 4.44 4.86 5.17 5.26 5.17 4.97 4.70 4.34 4.11 3.86 3.59 3.34 3.22 3.24 3.18 3.03 2.82 2.75 2.91 3.21 3.57 4.00 4.45 4.70 4.77 4.73 4.61 4.38 4.01 3.59 3.36 3.45 3.79 4.42 5.16 5.88 6.66 7.32 7.57 7.66 7.74 7.93 8.19 8.17 7.91 7.50 6.94 6.37 6.07 6.17 6.47 6.63 6.47 6.00
4.44 4.13 4.12 4.47 4.65 4.70 4.82 5.10 5.52 5.90 6.36 6.94 7.51 7.64 7.38 6.84 6.23 5.72 5.34 5.01 4.73 4.52 4.37 4.24 4.10 3.98 3.82 3.63 3.39 3.34 3.36 3.69 4.14 4.49 4.64 4.64 4.65 4.42 4.24 4.00 3.80 3.73 3.74 3.82 3.78 3.68 3.56 3.62 3.88 4.28 4.67 4.96 5.08 5.04 4.81 4.63 4.35 4.01 3.72 3.52 3.54 3.81 4.31 5.06 5.90 6.77 7.38 7.47 7.23 7.02 6.96 6.94 6.82 6.50 6.21 6.02 5.84 5.65 5.46 5.36 5.57 6.03 6.32 6.27
4.34 4.23 4.35 4.74 5.01 5.14 5.28 5.55 5.95 6.40 6.94 7.43 7.60 7.31 6.71 6.06 5.48 4.95 4.59 4.31 4.13 4.06 4.04 3.94 3.87 3.78 3.54 3.06 2.68 2.50 2.45 2.62 3.02 3.57 4.01 4.36 4.52 4.70 4.76 4.78 4.84 4.93 5.00 4.94 4.83 4.75 4.69 4.76 4.96 5.04 5.02 4.92 4.83 4.73 4.67 4.64 4.62 4.71 4.80 4.81 4.84 5.01 5.38 6.02 6.68 7.11 7.01 6.44 6.09 6.12 6.19 6.12 5.92 5.58 5.42 5.36 5.38 5.43 5.34 5.09 5.01 5.19 5.63 5.95
4.56 4.57 4.62 4.73 4.92 5.18 5.45 5.80 6.24 6.72 7.17 7.33 7.07 6.47 5.82 5.30 4.85 4.40 4.01 3.76 3.64 3.59 3.53 3.57 3.65 3.66 3.52 3.13 2.55 2.31 2.31 2.48 2.70 2.95 3.43 4.06 4.38 4.75 5.00 5.25 5.50 5.66 5.66 5.51 5.37 5.34 5.35 5.37 5.35 5.13 4.86 4.78 4.86 4.92 4.89 4.87 5.03 5.22 5.42 5.58 5.74 5.94 6.26 6.63 6.94 6.78 6.13 5.64 5.59 5.79 5.86 5.70 5.44 5.19 5.11 5.07 5.09 5.20 5.23 5.11 4.90 4.79 4.89 5.30
4.79 4.85 4.83 4.73 4.81 5.14 5.53 5.99 6.44 6.82 6.99 6.81 6.31 5.71 5.20 4.79 4.41 4.06 3.75 3.48 3.27 3.12 3.04 3.14 3.37 3.57 3.72 3.73 3.41 3.18 3.21 3.35 3.31 3.25 3.52 3.99 4.22 4.58 4.94 5.31 5.52 5.51 5.40 5.25 5.21 5.31 5.42 5.45 5.40 5.28 5.29 5.39 5.41 5.31 5.12 5.05 5.19 5.16 5.29 5.59 5.94 6.23 6.48 6.61 6.55 6.12 5.66 5.63 5.76 5.80 5.65 5.30 4.87 4.57 4.42 4.47 4.54 4.63 4.73 4.80 4.72 4.53 4.33 4.56
4.77 4.83 4.91 4.93 5.06 5.35 5.73 6.15 6.49 6.66 6.56 6.16 5.64 5.15 4.74 4.36 3.99 3.70 3.47 3.21 2.95 2.78 2.79 2.99 3.37 3.78 4.19 4.59 4.89 4.99 4.94 4.71 4.39 4.12 3.98 4.17 4.50 4.88 5.25 5.37 5.20 4.94 4.85 4.94 5.05 5.24 5.46 5.67 5.88 6.02 5.98 5.84 5.59 5.36 5.16 5.14 5.20 5.29 5.50 5.74 6.01 6.19 6.27 6.22 6.00 5.66 5.53 5.70 5.74 5.58 5.27 4.82 4.27 3.80 3.50 3.50 3.60 3.70 3.86 4.04 4.17 4.15 3.92 3.93
4.71 4.76 4.92 5.15 5.42 5.70 5.95 6.16 6.32 6.30 6.05 5.60 5.12 4.69 4.32 3.93 3.52 3.19 2.98 2.82 2.76 2.85 3.11 3.49 3.96 4.39 4.82 5.26 5.72 5.99 5.99 5.70 5.26 4.89 4.73 4.80 5.14 5.47 5.42 5.09 4.69 4.57 4.74 4.96 5.09 5.32 5.70 6.04 6.33 6.49 6.37 6.02 5.68 5.45 5.23 5.21 5.36 5.50 5.60 5.65 5.68 5.70 5.73 5.75 5.59 5.40 5.32 5.39 5.29 5.12 4.91 4.64 4.24 3.75 3.25 3.05 2.91 2.78 2.79 2.94 3.21 3.52 3.51 3.52
4.76 4.85 5.07 5.35 5.63 5.81 5.85 5.86 5.94 5.90 5.62 5.19 4.74 4.31 3.92 3.50 3.06 2.75 2.77 2.71 2.90 3.25 3.69 4.14 4.58 4.93 5.18 5.38 5.60 5.80 5.89 5.89 5.72 5.41 5.20 5.19 5.31 5.29 4.89 4.46 4.31 4.41 4.54 4.67 4.81 5.18 5.60 5.85 6.01 6.17 6.22 6.11 5.93 5.70 5.41 5.29 5.64 5.22 5.24 5.12 5.05 5.03 5.18 5.35 5.32 5.18 5.04 4.94 4.81 4.77 4.77 4.82 4.85 4.71 4.14 3.53 3.04 2.68 2.41 2.79 2.45 2.66 2.86 2.99
4.84 4.94 5.13 5.31 5.42 5.40 5.38 5.50 5.69 5.69 5.35 4.89 4.43 3.95 3.45 3.02 2.83 2.87 3.07 3.26 3.43 3.66 3.99 4.41 4.80 5.04 5.10 5.08 5.07 5.09 5.26 5.56 5.80 5.82 5.66 5.35 5.63 4.56 4.22 4.14 4.15 4.11 4.03 4.08 4.41 4.85 5.11 5.07 5.02 5.12 5.23 5.37 5.48 5.52 5.45 5.30 5.11 4.90 4.81 4.81 4.81 4.90 5.11 5.24 5.21 5.06 4.92 4.79 4.66 4.69 4.86 5.08 5.32 5.54 5.57 5.09 4.50 3.93 3.49 3.16 2.89 2.72 2.75 2.92
4.87 4.93 5.01 5.05 5.02 5.02 5.22 5.60 5.80 5.61 5.12 4.58 4.06 3.53 3.09 3.81 3.15 3.62 3.90 4.03 4.05 4.10 4.29 4.56 4.74 4.78 4.70 4.63 4.70 4.77 4.92 5.18 5.53 5.80 5.84 5.49 4.84 4.36 4.09 4.11 4.06 3.96 3.94 4.09 4.36 4.59 4.56 4.19 3.83 3.66 3.71 3.83 4.07 4.42 4.70 4.88 4.90 4.88 4.92 5.00 5.09 5.17 5.19 5.15 5.09 4.99 4.88 4.80 4.73 4.81 5.03 5.16 5.33 5.68 6.08 6.24 6.11 5.84 5.47 5.02 4.49 4.08 4.03 3.96
4.87 4.92 4.98 5.01 5.03 5.23 5.62 5.88 5.78 5.33 4.69 4.03 3.43 2.96 2.85 3.05 3.47 3.85 4.08 4.27 4.40 4.50 4.59 4.58 4.42 4.22 4.11 4.21 4.48 4.75 4.89 4.95 5.03 5.26 5.47 5.46 5.00 4.60 4.31 4.24 4.25 4.33 4.40 4.43 4.48 4.47 4.24 3.69 3.14 2.93 2.90 2.96 3.14 3.57 4.10 4.54 4.81 4.98 5.11 5.21 5.27 5.16 4.98 4.88 4.87 4.82 4.74 4.74 4.78 4.87 4.98 5.02 5.04 5.20 5.55 6.00 6.30 6.43 6.44 6.32 6.09 5.86 5.63 5.34
4.87 4.91 5.03 5.16 5.34 5.65 5.90 5.80 5.33 4.64 3.91 3.14 2.51 2.26 3.54 2.56 2.80 3.07 3.48 3.88 4.26 4.49 4.48 4.21 3.86 3.68 3.74 3.95 4.14 4.29 4.41 4.44 4.47 4.61 4.96 5.26 5.11 4.81 4.58 4.57 4.65 4.74 4.76 4.78 4.78 4.72 4.52 4.14 3.73 3.50 3.49 3.69 4.10 4.53 4.83 4.95 5.02 5.07 5.09 5.08 4.99 4.76 4.60 4.60 4.65 4.59 4.46 4.54 4.65 4.67 4.67 4.67 4.55 4.41 4.50 4.79 5.20 5.57 5.91 6.18 6.31 6.34 6.28 6.10
4.87 4.92 5.06 5.26 5.54 5.79 5.73 5.28 4.54 3.71 2.98 2.41 2.13 2.05 2.02 2.00 2.08 2.35 2.76 3.22 3.64 3.93 3.93 3.77 3.69 3.73 3.82 3.86 3.75 3.63 3.65 3.75 3.92 4.12 4.47 4.90 5.02 4.82 4.67 4.78 4.87 4.93 5.03 5.25 5.36 5.36 5.26 5.13 5.08 5.05 5.00 5.23 5.56 5.71 5.62 5.30 5.07 4.96 4.82 4.63 4.45 4.30 4.25 4.34 4.42 4.32 4.19 4.30 4.39 4.36 4.31 4.26 4.05 3.80 3.72 3.80 3.99 4.24 4.58 4.95 5.30 5.55 5.65 5.74
4.89 4.96 5.13 5.37 5.59 5.58 5.16 4.44 3.62 2.92 2.47 2.32 2.34 2.40 2.40 2.33 2.34 2.47 2.69 2.97 3.25 3.43 3.54 3.73 3.98 4.16 4.23 4.16 4.01 3.92 3.90 3.96 4.09 4.17 4.21 4.47 4.74 4.73 4.74 4.91 5.03 5.18 5.42 5.76 5.90 5.89 5.82 5.79 5.90 6.08 6.19 6.18 5.99 5.62 5.24 5.02 4.90 4.74 4.49 4.19 3.94 3.84 3.90 4.09 4.26 4.28 4.24 4.26 4.23 4.16 4.11 4.04 3.84 3.55 3.32 3.21 3.26 3.30 3.38 3.59 3.88 4.18 4.31 4.38
4.91 4.97 5.12 5.30 5.29 4.93 4.27 3.49 2.83 2.46 2.38 2.48 2.65 2.85 3.04 3.21 3.29 3.33 3.46 3.69 3.90 4.01 4.11 4.25 4.35 4.51 4.78 5.02 5.15 5.18 5.13 5.09 5.03 4.86 4.43 4.32 4.55 4.78 5.03 5.25 5.41 5.62 5.88 6.11 6.07 5.95 5.86 5.90 6.04 6.25 6.34 6.24 5.88 5.33 4.97 4.93 4.90 4.70 4.35 4.00 3.75 3.67 3.83 4.16 4.46 4.58 4.56 4.45 4.26 4.15 4.07 4.00 3.81 3.43 2.99 2.64 2.51 2.40 2.32 2.46 2.73 3.00 3.06 3.05
4.92 4.93 4.94 4.84 4.49 3.87 3.15 2.57 2.27 2.27 2.44 2.72 2.99 3.30 3.70 4.15 4.52 4.77 5.00 5.21 5.33 5.30 5.14 4.88 4.67 4.77 5.18 5.50 5.64 5.61 5.52 5.39 5.21 4.93 4.51 4.40 4.61 5.00 5.40 5.66 5.81 5.94 6.02 6.01 5.81 5.65 5.64 5.76 5.97 6.12 6.06 5.96 5.91 5.85 5.64 5.35 5.07 4.80 4.54 4.33 4.21 4.19 4.34 4.62 4.81 4.81 4.65 4.50 4.36 4.35 4.33 4.19 3.84 3.25 2.59 2.09 1.91 1.76 1.67 1.80 1.97 2.03 2.11 2.25
4.93 4.92 4.79 4.41 3.79 3.12 2.60 2.29 2.28 2.51 2.84 3.22 3.64 4.09 4.59 5.17 5.65 6.06 6.34 6.38 6.18 5.81 5.35 4.99 4.84 5.00 5.24 5.16 4.88 4.67 4.50 4.39 4.33 4.26 4.28 4.51 4.84 5.24 5.62 5.80 5.84 5.78 5.63 5.42 5.31 5.26 5.33 5.48 5.69 5.84 5.79 5.72 5.76 5.83 5.77 5.46 5.11 4.84 4.67 4.58 4.59 4.70 4.86 5.02 5.04 4.86 4.56 4.46 4.56 4.78 4.80 4.50 3.99 3.29 2.55 2.09 1.92 1.77 1.70 1.79 1.87 1.83 1.80 2.05
4.93 4.88 4.66 4.29 3.86 3.49 3.24 3.09 3.10 3.30 3.59 3.96 4.46 5.01 5.58 6.05 6.42 6.62 6.57 6.26 5.74 5.18 4.80 4.75 4.97 5.26 5.30 4.92 4.42 4.15 4.06 4.08 4.18 4.21 4.34 4.68 5.04 5.35 5.57 5.63 5.54 5.33 5.05 4.84 4.80 4.86 4.92 5.00 5.07 5.04 5.01 5.03 5.07 5.06 5.00 4.95 4.82 4.67 4.53 4.45 4.50 4.75 5.02 5.21 5.17 4.95 4.72 4.68 4.84 5.05 5.00 4.63 4.20 3.83 3.28 2.84 2.53 2.27 2.23 2.31 2.31 2.25 2.28 2.63
4.87 4.75 4.47 4.39 4.25 4.18 4.13 4.15 4.28 4.41 4.54 4.81 5.29 5.87 6.36 6.60 6.59 6.31 5.79 5.12 4.54 4.20 4.23 4.54 4.99 5.47 5.60 5.46 5.29 5.23 5.22 5.19 5.07 4.87 4.76 4.91 5.11 5.27 5.34 5.28 5.05 4.76 4.54 4.46 4.47 4.54 4.64 4.62 4.36 3.98 3.77 3.81 3.97 4.04 4.09 4.26 4.41 4.46 4.46 4.45 4.56 4.82 5.05 5.13 4.99 4.80 4.72 4.77 4.82 4.86 4.77 4.49 4.42 4.50 4.37 3.93 3.48 3.07 3.20 3.35 3.31 3.23 3.40 3.94
4.75 4.58 4.40 4.52 4.49 4.61 4.79 5.03 5.30 5.50 5.64 5.83 6.18 6.56 6.68 6.52 6.08 5.43 4.74 4.18 3.89 3.88 4.13 4.54 5.05 5.65 5.90 6.05 6.15 6.17 6.11 5.94 5.67 5.36 5.10 5.05 5.10 5.12 5.05 4.84 4.50 4.25 4.23 4.35 4.47 4.64 4.77 4.64 4.15 3.60 3.29 3.19 3.12 3.23 3.54 3.96 4.32 4.50 4.56 4.61 4.75 4.94 4.98 4.88 4.67 4.53 4.48 4.49 4.48 4.50 4.44 4.39 4.69 5.12 5.37 5.27 4.90 4.56 4.79 4.92 4.83 4.78 4.97 5.25
4.69 4.58 4.52 4.63 4.84 5.16 5.55 5.87 6.08 6.23 6.37 6.53 6.65 6.61 6.31 5.78 5.14 4.49 4.00 3.79 3.94 4.29 4.68 5.01 5.43 5.80 5.82 5.73 5.73 5.72 5.64 5.55 5.49 5.40 5.17 5.03 4.97 4.85 4.62 4.35 4.20 4.32 4.52 4.68 4.82 5.03 5.09 4.96 4.65 4.37 4.13 3.87 3.54 3.60 3.92 4.27 4.56 4.73 4.84 4.91 4.96 5.03 4.99 4.87 4.73 4.59 4.44 4.38 4.42 4.52 4.54 4.61 4.98 5.40 5.81 6.08 6.22 6.28 6.39 6.42 6.30 6.16 6.05 5.79
4.73 4.68 4.64 4.77 5.08 5.48 5.80 6.03 6.14 6.22 6.32 6.41 6.35 6.03 5.47 4.83 4.24 3.78 3.54 3.61 4.08 4.63 5.05 5.35 5.64 5.71 5.37 4.93 4.69 4.60 4.59 4.74 4.97 5.14 5.08 4.93 4.74 4.49 4.25 4.21 4.49 4.89 5.07 5.11 5.16 5.27 5.25 5.13 5.02 5.10 5.15 5.06 4.86 4.68 4.62 4.60 4.68 4.87 5.09 5.22 5.25 5.29 5.24 5.17 5.05 4.90 4.78 4.81 4.95 4.97 4.90 4.92 5.06 5.22 5.52 6.03 6.53 6.85 6.94 6.85 6.59 6.30 5.94 5.39
4.72 4.70 4.65 4.73 4.96 5.20 5.30 5.36 5.41 5.51 5.65 5.68 5.52 5.15 4.61 4.04 3.56 3.39 3.47 3.78 4.26 4.66 4.98 5.21 5.35 5.18 4.67 4.19 3.85 3.67 3.72 3.93 4.22 4.49 4.71 4.76 4.65 4.51 4.53 4.80 5.16 5.32 5.29 5.25 5.27 5.29 5.18 4.96 4.89 4.99 5.13 5.27 5.33 5.17 4.79 4.55 4.62 4.87 5.13 5.32 5.47 5.60 5.59 5.50 5.36 5.23 5.17 5.21 5.25 5.12 5.01 4.99 4.96 4.98 5.17 5.54 5.95 6.22 6.29 6.26 6.10 5.80 5.35 4.80
4.70 4.72 4.74 4.77 4.78 4.72 4.62 4.53 4.57 4.75 4.90 4.86 4.58 4.15 3.66 3.28 3.27 3.61 4.18 4.66 4.89 5.03 5.13 5.18 5.08 4.67 4.01 3.50 3.17 3.04 3.08 3.18 3.30 3.57 3.95 4.30 4.59 4.83 5.08 5.27 5.32 5.25 5.14 5.12 5.17 5.15 4.98 4.69 4.47 4.33 4.32 4.50 4.75 4.80 4.60 4.47 4.58 4.85 5.11 5.37 5.64 5.84 5.83 5.71 5.54 5.37 5.23 5.10 4.95 4.74 4.73 4.80 4.84 4.88 4.99 5.06 5.12 5.12 5.18 5.42 5.62 5.62 5.44 5.25
4.85 4.97 5.11 5.05 4.83 4.54 4.33 4.19 4.23 4.36 4.35 4.07 3.59 3.07 2.70 2.77 3.36 4.25 4.94 5.33 5.51 5.55 5.52 5.44 5.27 4.91 4.25 3.58 3.18 3.07 3.05 3.05 3.10 3.26 3.57 4.04 4.54 4.89 4.99 4.91 4.80 4.76 4.78 4.85 4.95 4.93 4.75 4.41 4.02 3.72 3.59 3.61 3.76 4.03 4.20 4.34 4.51 4.78 5.07 5.35 5.65 5.85 5.82 5.68 5.51 5.34 5.16 4.94 4.73 4.54 4.52 4.61 4.71 4.72 4.71 4.75 4.66 4.50 4.41 4.60 4.95 5.30 5.60 5.84
5.08 5.21 5.30 5.17 4.93 4.64 4.42 4.30 4.22 4.01 3.58 3.02 2.48 2.13 2.10 2.44 3.20 4.09 4.73 5.20 5.50 5.63 5.63 5.63 5.62 5.45 5.11 4.65 4.35 4.29 4.28 4.19 4.19 4.21 4.32 4.54 4.75 4.79 4.64 4.46 4.36 4.36 4.52 4.69 4.83 4.81 4.61 4.28 3.92 3.65 3.45 3.19 3.00 3.09 3.45 3.94 4.40 4.76 5.03 5.29 5.55 5.63 5.55 5.41 5.33 5.30 5.23 5.10 4.93 4.71 4.56 4.56 4.60 4.59 4.64 4.69 4.56 4.37 4.13 4.00 4.06 4.32 4.70 5.11
5.07 5.05 4.96 4.84 4.70 4.51 4.35 4.16 3.82 3.28 2.57 2.08 1.89 1.99 2.30 2.74 3.22 3.66 4.10 4.58 4.91 5.12 5.35 5.63 5.75 5.69 5.72 5.85 5.94 5.97 5.92 5.85 5.74 5.52 5.33 5.18 5.00 4.80 4.62 4.47 4.36 4.38 4.59 4.78 4.87 4.80 4.62 4.44 4.27 4.03 3.67 3.16 2.74 2.81 3.26 3.91 4.50 4.88 5.11 5.33 5.42 5.33 5.21 5.19 5.25 5.33 5.36 5.30 5.16 4.90 4.73 4.69 4.67 4.62 4.56 4.49 4.43 4.36 4.19 3.89 3.56 3.37 3.41 3.62
4.86 4.65 4.47 4.45 4.40 4.28 4.13 3.73 3.24 2.77 2.47 2.38 2.55 3.01 3.78 4.45 4.49 4.34 4.28 4.32 4.45 4.72 5.22 5.65 5.70 5.65 5.84 6.17 6.44 6.58 6.56 6.46 6.28 5.98 5.67 5.37 5.08 4.86 4.68 4.51 4.48 4.65 4.87 4.93 4.86 4.74 4.62 4.57 4.51 4.25 3.77 3.31 3.25 3.62 4.12 4.49 4.76 4.96 5.16 5.26 5.15 5.00 5.02 5.18 5.31 5.36 5.37 5.38 5.34 5.23 5.06 4.95 4.79 4.54 4.24 4.10 4.17 4.29 4.26 4.04 3.68 3.43 3.36 3.41
4.72 4.52 4.33 4.32 4.36 4.35 4.18 3.85 3.51 3.35 3.51 3.89 4.38 5.12 5.94 6.45 6.58 6.21 5.65 5.32 5.25 5.45 5.82 5.87 5.66 5.49 5.49 5.58 5.72 5.91 5.99 5.97 5.91 5.79 5.63 5.41 5.18 4.97 4.72 4.54 4.65 4.95 5.09 4.94 4.72 4.58 4.51 4.53 4.58 4.48 4.24 4.16 4.40 4.79 4.94 4.85 4.77 4.88 5.03 5.02 4.89 4.87 5.00 5.13 5.18 5.15 5.12 5.18 5.31 5.41 5.32 5.12 4.82 4.45 4.14 4.01 4.08 4.22 4.28 4.27 4.29 4.38 4.43 4.31
4.74 4.63 4.48 4.47 4.58 4.71 4.77 4.74 4.70 4.82 5.24 5.86 6.55 7.15 7.48 7.56 7.55 7.39 7.14 6.91 6.75 6.67 6.52 6.10 5.66 5.39 5.21 5.06 4.92 4.86 4.88 4.95 5.02 5.12 5.20 5.25 5.22 5.06 4.84 4.74 4.84 4.90 4.79 4.58 4.48 4.51 4.56 4.66 4.88 5.12 5.27 5.37 5.47 5.48 5.20 4.86 4.82 4.94 4.98 4.93 4.87 4.90 4.90 4.86 4.80 4.71 4.65 4.74 4.94 5.14 5.20 5.09 4.84 4.57 4.35 4.22 4.21 4.24 4.31 4.43 4.63 4.83 4.91 4.87
4.84 4.81 4.75 4.76 4.87 5.04 5.25 5.49 5.82 6.26 6.79 7.31 7.65 7.72 7.54 7.22 6.96 7.00 7.09 7.08 6.99 6.81 6.49 6.00 5.56 5.32 5.18 5.05 4.86 4.59 4.33 4.25 4.28 4.40 4.60 4.82 4.97 4.98 4.88 4.75 4.57 4.31 4.09 4.12 4.44 4.74 4.91 5.04 5.28 5.65 5.98 6.12 6.10 5.94 5.65 5.39 5.35 5.32 5.20 5.07 4.95 4.82 4.69 4.61 4.53 4.39 4.30 4.36 4.51 4.71 4.88 4.91 4.80 4.64 4.51 4.41 4.31 4.24 4.28 4.39 4.50 4.58 4.62 4.66
4.95 4.97 4.96 4.97 5.08 5.21 5.43 5.80 6.38 6.95 7.32 7.41 7.23 6.84 6.37 5.93 5.69 5.75 5.84 5.96 6.04 6.03 5.88 5.61 5.36 5.20 5.11 5.06 4.99 4.87 4.73 4.63 4.65 4.69 4.69 4.68 4.71 4.79 4.75 4.55 4.25 4.04 4.09 4.43 4.90 5.19 5.32 5.39 5.49 5.73 6.02 6.21 6.30 6.33 6.33 6.22 6.05 5.79 5.47 5.19 4.94 4.71 4.59 4.54 4.41 4.24 4.17 4.24 4.35 4.50 4.64 4.69 4.65 4.59 4.53 4.46 4.35 4.27 4.30 4.36 4.44 4.52 4.54 4.54
4.97 4.94 4.93 5.03 5.22 5.43 5.73 6.17 6.63 6.87 6.82 6.53 6.09 5.61 5.18 4.89 4.75 4.75 4.78 4.93 5.17 5.30 5.35 5.28 5.20 5.14 5.03 4.88 4.76 4.84 5.01 5.16 5.25 5.23 5.09 4.89 4.74 4.73 4.67 4.57 4.52 4.60 4.81 5.16 5.48 5.60 5.57 5.52 5.48 5.51 5.65 5.85 6.07 6.29 6.49 6.52 6.32 6.01 5.61 5.21 4.91 4.72 4.60 4.45 4.23 4.14 4.23 4.36 4.44 4.49 4.49 4.49 4.50 4.51 4.45 4.36 4.28 4.26 4.29 4.36 4.47 4.58 4.60 4.59
4.87 4.79 4.81 5.02 5.28 5.61 6.03 6.36 6.44 6.23 5.84 5.47 5.12 4.78 4.46 4.21 4.10 4.14 4.32 4.56 4.80 5.06 5.14 5.07 5.07 5.18 5.14 4.96 4.77 4.70 4.71 4.76 4.81 4.86 4.90 4.88 4.83 4.78 4.77 4.86 5.00 5.12 5.29 5.60 5.80 5.76 5.59 5.41 5.27 5.22 5.23 5.32 5.45 5.62 5.83 5.95 5.91 5.72 5.45 5.18 4.93 4.73 4.50 4.26 4.13 4.20 4.39 4.53 4.56 4.46 4.33 4.30 4.34 4.34 4.28 4.18 4.08 4.05 4.11 4.24 4.37 4.41 4.38 4.39
4.80 4.74 4.79 4.97 5.21 5.55 5.89 5.92 5.66 5.24 4.83 4.46 4.17 3.91 3.67 3.57 3.74 4.07 4.38 4.65 4.98 5.24 5.17 4.97 5.09 5.32 5.34 5.27 5.17 4.97 4.67 4.34 4.13 4.16 4.36 4.56 4.69 4.76 4.85 5.01 5.15 5.28 5.47 5.73 5.78 5.59 5.33 5.12 5.02 4.99 4.96 4.92 4.86 4.79 4.75 4.84 4.94 4.98 5.03 5.03 4.92 4.72 4.46 4.27 4.27 4.40 4.56 4.63 4.54 4.34 4.18 4.13 4.14 4.16 4.16 4.09 3.97 3.89 3.93 4.09 4.16 4.06 3.94 3.90
