project/data/elevation/US_DEM2016/US_DEM2016_point_10-28-2019_1755_30m_vel.asc
ncols	125
nrows	167
xllcorner	-2042055.000000
yllcorner	1465035.000000
cellsize	30.000000
NODATA_value	-9999.000000
[rows 114 to 151 of 167, columns 0 to 83 of 125]
2.65 2.67 2.76 2.90 3.09 3.33 3.57 3.56 3.26 2.92 2.69 2.52 2.38 2.29 2.33 2.55 2.93 3.26 3.41 3.53 3.77 3.81 3.33 2.85 2.95 3.11 3.00 2.80 2.65 2.54 2.46 2.35 2.24 2.10 1.96 1.92 2.09 2.28 2.40 2.54 2.75 3.02 3.46 3.99 4.09 3.65 3.08 2.70 2.60 2.73 3.02 3.22 3.13 2.79 2.43 2.17 2.05 2.11 2.29 2.43 2.49 2.50 2.47 2.47 2.55 2.73 2.94 2.96 2.72 2.38 2.12 1.92 1.79 1.78 1.83 1.85 1.84 1.92 2.26 2.80 2.83 2.32 2.01 1.87
2.77 2.80 2.87 2.95 3.04 3.13 3.15 2.96 2.60 2.32 2.22 2.16 2.12 2.21 2.55 3.04 3.47 3.69 3.74 3.73 3.70 3.46 2.93 2.64 2.77 2.80 2.63 2.49 2.47 2.53 2.60 2.61 2.54 2.34 2.08 2.01 2.21 2.44 2.59 2.75 2.95 3.16 3.47 3.81 3.73 3.26 2.77 2.49 2.46 2.69 3.07 3.24 3.07 2.74 2.39 2.10 2.00 2.04 2.14 2.24 2.35 2.47 2.55 2.60 2.69 2.81 2.89 2.79 2.55 2.28 2.06 1.90 1.81 1.78 1.79 1.80 1.82 1.94 2.29 2.77 2.75 2.28 1.98 1.84
2.90 2.91 2.91 2.92 2.91 2.86 2.74 2.54 2.35 2.31 2.38 2.43 2.56 2.91 3.43 3.90 4.11 4.03 3.82 3.61 3.32 3.00 2.69 2.54 2.54 2.43 2.26 2.21 2.30 2.43 2.53 2.58 2.59 2.57 2.53 2.55 2.62 2.71 2.77 2.87 2.99 3.11 3.33 3.54 3.42 3.04 2.65 2.43 2.48 2.81 3.18 3.27 3.05 2.76 2.55 2.45 2.40 2.37 2.33 2.32 2.36 2.41 2.47 2.55 2.65 2.73 2.71 2.59 2.42 2.18 1.98 1.83 1.74 1.74 1.78 1.82 1.87 2.02 2.35 2.76 2.82 2.51 2.26 2.22
2.99 2.93 2.85 2.81 2.75 2.65 2.55 2.48 2.49 2.65 2.88 3.15 3.49 3.91 4.27 4.38 4.16 3.73 3.38 3.07 2.79 2.71 2.71 2.65 2.53 2.35 2.15 2.09 2.20 2.30 2.32 2.36 2.43 2.55 2.71 2.81 2.77 2.69 2.65 2.69 2.78 2.95 3.22 3.39 3.26 2.95 2.65 2.48 2.60 2.94 3.19 3.16 2.93 2.74 2.71 2.76 2.80 2.80 2.72 2.60 2.50 2.40 2.35 2.37 2.45 2.49 2.42 2.36 2.31 2.15 1.96 1.79 1.69 1.71 1.80 1.88 1.98 2.16 2.47 2.88 3.07 2.90 2.72 2.77
3.01 2.91 2.77 2.71 2.65 2.60 2.58 2.60 2.70 2.93 3.32 3.75 4.14 4.38 4.41 4.10 3.49 2.98 2.73 2.49 2.41 2.63 2.82 2.85 2.71 2.46 2.22 2.10 2.20 2.26 2.20 2.19 2.22 2.29 2.41 2.51 2.52 2.48 2.45 2.51 2.66 2.93 3.25 3.35 3.10 2.79 2.63 2.55 2.67 2.91 3.05 2.97 2.77 2.69 2.76 2.80 2.83 2.85 2.81 2.72 2.57 2.38 2.23 2.18 2.17 2.14 2.07 2.20 2.34 2.25 2.05 1.88 1.79 1.79 1.87 1.97 2.09 2.28 2.60 3.05 3.25 3.10 2.93 2.95
3.00 2.90 2.76 2.69 2.64 2.63 2.66 2.73 2.90 3.25 3.74 4.13 4.30 4.24 3.93 3.37 2.82 2.54 2.33 2.17 2.27 2.57 2.82 2.90 2.74 2.44 2.24 2.22 2.35 2.37 2.25 2.17 2.14 2.08 2.05 2.11 2.24 2.34 2.42 2.52 2.70 3.01 3.26 3.19 2.81 2.55 2.58 2.65 2.72 2.84 2.90 2.82 2.73 2.75 2.80 2.76 2.68 2.61 2.55 2.51 2.44 2.28 2.13 2.02 1.93 1.89 2.01 2.34 2.54 2.40 2.16 2.01 1.92 1.89 1.92 2.01 2.09 2.26 2.62 3.02 3.19 3.00 2.77 2.67
2.99 2.93 2.84 2.74 2.67 2.68 2.76 2.90 3.17 3.63 4.07 4.22 4.09 3.81 3.38 2.89 2.55 2.34 2.13 2.06 2.23 2.48 2.77 2.89 2.64 2.30 2.23 2.32 2.45 2.42 2.32 2.24 2.15 2.04 1.91 1.87 2.04 2.26 2.43 2.57 2.78 3.04 3.15 2.88 2.43 2.30 2.54 2.71 2.74 2.77 2.83 2.84 2.83 2.86 2.81 2.68 2.50 2.36 2.26 2.19 2.14 2.09 2.05 2.00 1.99 2.10 2.36 2.66 2.71 2.46 2.17 2.01 1.93 1.88 1.88 1.92 1.96 2.15 2.53 2.92 3.06 2.88 2.61 2.40
3.06 3.04 2.93 2.79 2.71 2.77 2.91 3.11 3.46 3.93 4.16 4.06 3.79 3.49 3.12 2.74 2.43 2.19 2.08 2.17 2.39 2.63 2.87 2.91 2.63 2.31 2.26 2.34 2.39 2.35 2.28 2.26 2.22 2.12 1.97 1.88 2.00 2.22 2.39 2.56 2.78 3.00 2.94 2.49 2.04 2.06 2.45 2.68 2.69 2.69 2.80 2.89 2.86 2.78 2.64 2.46 2.29 2.19 2.09 1.97 1.93 1.97 2.04 2.14 2.28 2.48 2.68 2.80 2.71 2.40 2.10 1.93 1.84 1.81 1.81 1.85 1.92 2.16 2.53 2.83 2.96 2.83 2.55 2.31
3.17 3.11 2.95 2.78 2.74 2.84 3.03 3.29 3.69 3.99 4.00 3.77 3.50 3.26 2.92 2.54 2.29 2.23 2.33 2.54 2.72 2.84 2.93 2.90 2.65 2.37 2.27 2.27 2.27 2.24 2.20 2.20 2.19 2.15 2.10 2.09 2.15 2.26 2.36 2.51 2.74 2.84 2.54 1.97 1.67 1.84 2.32 2.65 2.70 2.63 2.70 2.77 2.68 2.50 2.33 2.18 2.08 2.04 2.00 1.92 1.91 1.97 2.07 2.19 2.35 2.51 2.66 2.73 2.64 2.37 2.10 1.89 1.77 1.73 1.76 1.84 1.98 2.20 2.41 2.63 2.81 2.78 2.50 2.21
3.18 3.07 2.88 2.75 2.76 2.89 3.08 3.32 3.61 3.75 3.61 3.34 3.12 2.89 2.47 2.20 2.23 2.42 2.60 2.69 2.67 2.69 2.82 2.90 2.75 2.45 2.24 2.19 2.18 2.13 2.09 2.09 2.08 2.08 2.16 2.25 2.29 2.31 2.34 2.48 2.60 2.41 1.84 1.38 1.38 1.72 2.25 2.70 2.77 2.62 2.57 2.55 2.42 2.26 2.12 2.03 1.97 1.91 1.87 1.88 1.93 2.00 2.06 2.13 2.26 2.44 2.60 2.67 2.59 2.33 2.06 1.85 1.70 1.63 1.65 1.77 1.88 1.97 2.09 2.37 2.72 2.79 2.49 2.15
3.16 3.07 2.91 2.80 2.81 2.91 3.04 3.17 3.28 3.29 3.11 2.90 2.72 2.39 2.03 2.04 2.27 2.39 2.37 2.24 2.17 2.36 2.73 2.96 2.81 2.46 2.27 2.20 2.15 2.07 2.02 2.04 2.09 2.12 2.19 2.23 2.22 2.22 2.25 2.33 2.25 1.80 1.33 1.22 1.41 1.77 2.30 2.81 2.88 2.71 2.60 2.51 2.36 2.21 2.12 2.08 2.02 1.87 1.77 1.83 1.94 2.03 2.11 2.26 2.48 2.62 2.66 2.63 2.47 2.18 1.92 1.73 1.57 1.47 1.51 1.62 1.67 1.71 1.88 2.28 2.72 2.81 2.50 2.15
3.25 3.20 3.04 2.86 2.80 2.84 2.91 2.94 2.95 2.91 2.79 2.66 2.42 2.03 1.88 2.02 2.10 1.97 1.77 1.69 1.86 2.32 2.85 3.05 2.80 2.43 2.29 2.26 2.20 2.09 2.03 2.09 2.18 2.18 2.12 2.04 1.99 2.01 2.07 2.08 1.89 1.60 1.53 1.68 1.85 2.08 2.50 2.94 3.03 2.89 2.72 2.57 2.45 2.34 2.27 2.26 2.15 1.97 1.88 1.91 1.96 2.04 2.20 2.45 2.62 2.62 2.53 2.46 2.30 2.03 1.78 1.55 1.41 1.36 1.41 1.48 1.52 1.62 1.87 2.27 2.67 2.78 2.57 2.33
3.39 3.26 2.97 2.74 2.67 2.71 2.76 2.76 2.74 2.73 2.69 2.53 2.17 1.84 1.79 1.82 1.73 1.56 1.49 1.65 2.06 2.60 3.07 3.13 2.73 2.35 2.25 2.24 2.20 2.12 2.10 2.17 2.22 2.14 1.99 1.92 1.92 1.98 2.04 2.02 1.95 1.97 2.12 2.24 2.34 2.53 2.83 3.10 3.16 2.98 2.72 2.54 2.47 2.42 2.39 2.37 2.28 2.14 2.04 1.96 1.94 2.01 2.19 2.37 2.36 2.24 2.22 2.28 2.23 2.00 1.69 1.41 1.29 1.29 1.35 1.36 1.38 1.53 1.81 2.17 2.61 2.89 2.90 2.68
3.35 3.08 2.64 2.47 2.50 2.62 2.68 2.64 2.60 2.60 2.54 2.31 1.96 1.74 1.70 1.69 1.64 1.64 1.81 2.19 2.60 2.97 3.23 3.05 2.51 2.19 2.12 2.06 2.03 2.07 2.15 2.20 2.22 2.15 2.06 2.07 2.14 2.18 2.21 2.22 2.27 2.33 2.38 2.43 2.58 2.82 3.08 3.23 3.21 3.01 2.78 2.63 2.55 2.48 2.41 2.39 2.36 2.24 2.05 1.91 1.88 1.95 2.08 2.12 2.04 2.01 2.16 2.32 2.25 1.92 1.53 1.30 1.23 1.24 1.31 1.34 1.38 1.54 1.80 2.17 2.75 3.27 3.33 2.87
3.10 2.78 2.38 2.34 2.49 2.63 2.65 2.57 2.50 2.46 2.37 2.16 1.93 1.86 1.93 2.00 2.08 2.27 2.58 2.89 3.05 3.13 3.10 2.78 2.34 2.13 1.99 1.85 1.85 1.98 2.12 2.19 2.23 2.25 2.29 2.37 2.40 2.37 2.33 2.32 2.34 2.33 2.38 2.54 2.79 3.05 3.26 3.32 3.25 3.10 2.95 2.84 2.74 2.61 2.47 2.41 2.37 2.21 1.98 1.84 1.84 1.92 1.99 1.98 1.97 2.11 2.36 2.43 2.13 1.59 1.23 1.14 1.17 1.21 1.29 1.39 1.54 1.75 2.00 2.41 3.11 3.67 3.50 2.75
2.87 2.70 2.49 2.56 2.73 2.76 2.66 2.53 2.43 2.40 2.37 2.25 2.16 2.23 2.40 2.57 2.74 2.94 3.08 3.10 2.99 2.87 2.74 2.53 2.32 2.16 1.97 1.83 1.87 1.99 2.09 2.15 2.23 2.35 2.43 2.44 2.39 2.34 2.29 2.26 2.24 2.28 2.45 2.72 3.01 3.24 3.37 3.34 3.22 3.11 2.98 2.85 2.75 2.62 2.50 2.44 2.36 2.17 1.96 1.84 1.87 1.96 2.01 2.02 2.12 2.34 2.47 2.25 1.69 1.16 0.98 1.01 1.11 1.22 1.31 1.43 1.63 1.92 2.32 2.85 3.49 3.83 3.44 2.67
2.85 2.85 2.88 3.00 3.05 2.90 2.66 2.51 2.45 2.45 2.47 2.44 2.44 2.58 2.75 2.86 2.94 2.98 2.90 2.69 2.44 2.30 2.35 2.42 2.39 2.22 2.06 2.02 2.10 2.18 2.19 2.22 2.34 2.47 2.47 2.32 2.25 2.25 2.27 2.28 2.31 2.43 2.67 2.93 3.14 3.27 3.27 3.14 2.98 2.88 2.82 2.78 2.74 2.62 2.50 2.44 2.38 2.24 2.05 1.94 1.96 2.04 2.08 2.14 2.28 2.43 2.32 1.85 1.29 1.02 0.99 1.06 1.16 1.29 1.43 1.55 1.73 2.03 2.50 3.13 3.72 3.91 3.57 3.16
2.95 3.01 3.13 3.21 3.13 2.89 2.64 2.53 2.52 2.53 2.56 2.56 2.60 2.73 2.78 2.74 2.68 2.59 2.39 2.08 1.83 1.85 2.17 2.51 2.54 2.34 2.22 2.24 2.33 2.40 2.44 2.50 2.63 2.68 2.57 2.39 2.32 2.34 2.37 2.44 2.55 2.74 2.93 3.06 3.11 3.07 2.91 2.70 2.59 2.66 2.81 2.91 2.84 2.65 2.48 2.44 2.41 2.31 2.17 2.08 2.05 2.10 2.16 2.24 2.34 2.32 2.01 1.49 1.18 1.12 1.17 1.24 1.31 1.40 1.53 1.71 1.94 2.27 2.76 3.39 3.98 4.16 3.95 3.71
3.07 3.11 3.18 3.17 3.04 2.84 2.67 2.60 2.62 2.63 2.61 2.57 2.59 2.64 2.59 2.50 2.43 2.24 1.92 1.66 1.62 1.84 2.34 2.75 2.76 2.53 2.38 2.37 2.42 2.52 2.66 2.83 2.94 2.90 2.75 2.61 2.56 2.54 2.52 2.58 2.73 2.89 2.95 2.95 2.91 2.73 2.47 2.29 2.34 2.65 3.00 3.12 2.91 2.63 2.47 2.46 2.43 2.34 2.22 2.12 2.09 2.13 2.21 2.27 2.30 2.15 1.73 1.36 1.23 1.26 1.32 1.36 1.42 1.50 1.61 1.83 2.15 2.62 3.25 3.89 4.38 4.41 4.03 3.57
3.22 3.25 3.28 3.23 3.08 2.86 2.73 2.73 2.77 2.71 2.59 2.51 2.49 2.49 2.48 2.44 2.31 2.02 1.75 1.73 1.91 2.22 2.67 2.99 2.95 2.71 2.51 2.46 2.49 2.59 2.75 2.92 3.01 2.97 2.88 2.85 2.84 2.81 2.72 2.69 2.76 2.78 2.78 2.79 2.68 2.41 2.18 2.14 2.38 2.88 3.28 3.28 2.95 2.64 2.51 2.48 2.43 2.30 2.16 2.08 2.07 2.12 2.17 2.20 2.19 2.01 1.67 1.46 1.41 1.44 1.45 1.43 1.45 1.57 1.77 2.07 2.44 2.98 3.74 4.38 4.60 4.31 3.63 3.05
3.48 3.48 3.45 3.31 3.09 2.84 2.74 2.79 2.81 2.67 2.50 2.44 2.45 2.48 2.50 2.41 2.17 1.92 1.89 2.09 2.31 2.54 2.89 3.13 3.08 2.85 2.64 2.55 2.58 2.67 2.79 2.88 2.92 2.94 3.01 3.11 3.14 3.07 2.97 2.85 2.76 2.68 2.67 2.64 2.43 2.19 2.12 2.26 2.67 3.26 3.57 3.39 2.97 2.66 2.51 2.45 2.38 2.24 2.10 2.07 2.09 2.11 2.12 2.12 2.10 1.93 1.74 1.68 1.67 1.65 1.59 1.52 1.52 1.68 2.00 2.41 2.91 3.55 4.29 4.67 4.47 3.88 3.16 2.66
3.75 3.64 3.39 3.14 2.93 2.75 2.68 2.69 2.63 2.47 2.37 2.41 2.53 2.58 2.51 2.29 2.03 1.97 2.12 2.30 2.40 2.57 2.94 3.20 3.15 2.92 2.67 2.54 2.56 2.68 2.81 2.88 2.91 2.99 3.13 3.19 3.15 3.08 3.03 2.94 2.75 2.57 2.46 2.32 2.13 2.07 2.21 2.48 2.99 3.60 3.76 3.40 2.89 2.59 2.45 2.39 2.31 2.18 2.08 2.10 2.16 2.17 2.14 2.13 2.09 1.95 1.84 1.84 1.86 1.82 1.73 1.67 1.73 1.97 2.37 2.84 3.54 4.38 4.91 4.77 4.16 3.47 2.91 2.51
3.86 3.57 3.05 2.73 2.59 2.51 2.48 2.49 2.46 2.38 2.41 2.58 2.76 2.76 2.53 2.22 2.04 2.06 2.15 2.21 2.32 2.58 3.02 3.26 3.16 2.89 2.60 2.46 2.49 2.64 2.77 2.87 2.93 3.00 3.04 2.94 2.77 2.68 2.66 2.62 2.46 2.26 2.10 1.98 1.96 2.09 2.32 2.65 3.26 3.83 3.79 3.22 2.68 2.44 2.36 2.31 2.24 2.13 2.07 2.16 2.25 2.26 2.22 2.18 2.11 1.98 1.91 1.92 1.95 1.96 1.96 2.01 2.19 2.54 2.99 3.56 4.29 5.00 5.14 4.60 3.81 3.27 2.88 2.54
3.72 3.33 2.63 2.27 2.15 2.11 2.19 2.34 2.45 2.52 2.69 2.92 3.06 2.91 2.55 2.24 2.10 2.05 2.00 2.07 2.31 2.68 3.13 3.29 3.12 2.83 2.56 2.42 2.44 2.56 2.67 2.73 2.74 2.75 2.69 2.49 2.26 2.10 2.00 1.94 1.91 1.86 1.84 1.88 2.02 2.23 2.46 2.85 3.55 3.94 3.65 2.94 2.46 2.29 2.24 2.22 2.18 2.12 2.15 2.28 2.36 2.34 2.29 2.23 2.14 2.03 2.00 2.05 2.10 2.16 2.30 2.55 2.93 3.42 3.92 4.44 4.95 5.24 4.97 4.21 3.60 3.29 3.08 2.87
3.37 2.95 2.31 2.08 2.02 2.01 2.14 2.36 2.53 2.67 2.87 3.04 3.01 2.72 2.38 2.18 2.09 2.03 2.01 2.17 2.47 2.83 3.19 3.27 3.07 2.81 2.59 2.47 2.47 2.53 2.58 2.55 2.48 2.42 2.32 2.11 1.85 1.65 1.49 1.45 1.53 1.67 1.83 2.04 2.31 2.54 2.79 3.27 3.84 3.91 3.38 2.70 2.33 2.20 2.15 2.16 2.20 2.27 2.42 2.55 2.52 2.40 2.32 2.28 2.23 2.16 2.17 2.24 2.32 2.45 2.72 3.16 3.71 4.21 4.59 4.91 5.12 5.08 4.62 3.98 3.66 3.54 3.42 3.36
2.91 2.63 2.27 2.24 2.29 2.34 2.43 2.52 2.60 2.69 2.79 2.82 2.63 2.30 2.09 2.04 2.06 2.09 2.18 2.42 2.69 2.98 3.24 3.24 3.03 2.81 2.66 2.60 2.61 2.62 2.59 2.49 2.37 2.26 2.08 1.81 1.53 1.35 1.25 1.30 1.48 1.74 2.04 2.40 2.71 2.95 3.24 3.63 3.90 3.70 3.08 2.53 2.27 2.15 2.13 2.18 2.31 2.49 2.67 2.69 2.52 2.33 2.27 2.30 2.34 2.33 2.32 2.38 2.51 2.75 3.15 3.67 4.14 4.44 4.62 4.75 4.79 4.67 4.30 3.90 3.74 3.63 3.54 3.63
2.67 2.65 2.69 2.80 2.87 2.85 2.76 2.71 2.72 2.72 2.68 2.56 2.28 2.02 1.92 1.98 2.08 2.17 2.35 2.61 2.86 3.11 3.27 3.18 2.97 2.81 2.72 2.69 2.69 2.69 2.61 2.47 2.31 2.12 1.87 1.57 1.32 1.21 1.22 1.36 1.63 2.00 2.42 2.78 3.01 3.18 3.38 3.62 3.69 3.37 2.78 2.36 2.14 2.05 2.10 2.22 2.38 2.52 2.53 2.36 2.16 2.10 2.17 2.30 2.36 2.36 2.38 2.45 2.61 2.91 3.36 3.77 4.01 4.09 4.13 4.19 4.29 4.30 4.08 3.74 3.52 3.40 3.38 3.54
2.80 2.98 3.28 3.42 3.39 3.22 3.01 2.96 2.93 2.82 2.62 2.36 2.08 1.91 1.92 2.03 2.16 2.30 2.54 2.81 3.03 3.19 3.20 3.06 2.90 2.81 2.75 2.69 2.65 2.62 2.54 2.39 2.19 1.96 1.71 1.46 1.32 1.31 1.39 1.60 1.98 2.46 2.85 3.06 3.13 3.16 3.25 3.39 3.39 3.04 2.53 2.14 1.90 1.88 2.03 2.20 2.32 2.32 2.14 1.92 1.84 1.92 2.10 2.27 2.31 2.29 2.33 2.45 2.62 2.88 3.22 3.43 3.47 3.49 3.53 3.66 3.94 4.13 3.97 3.55 3.27 3.18 3.18 3.25
3.04 3.24 3.51 3.56 3.44 3.28 3.22 3.20 3.09 2.85 2.56 2.29 2.06 1.97 2.04 2.18 2.33 2.52 2.77 2.96 3.07 3.09 2.99 2.88 2.83 2.83 2.78 2.65 2.54 2.47 2.40 2.27 2.10 1.89 1.68 1.51 1.46 1.51 1.68 2.03 2.54 2.96 3.14 3.12 3.05 2.99 3.05 3.19 3.14 2.78 2.29 1.91 1.73 1.80 2.00 2.15 2.15 2.00 1.77 1.64 1.69 1.86 2.06 2.20 2.20 2.19 2.28 2.46 2.63 2.82 2.98 3.02 3.05 3.15 3.27 3.53 3.94 4.15 3.95 3.51 3.27 3.17 3.07 3.02
3.21 3.33 3.47 3.40 3.19 3.06 3.10 3.08 2.94 2.71 2.50 2.32 2.18 2.14 2.22 2.35 2.53 2.72 2.88 2.93 2.89 2.80 2.74 2.76 2.84 2.88 2.78 2.57 2.45 2.40 2.32 2.19 2.05 1.89 1.74 1.66 1.67 1.81 2.13 2.62 3.03 3.15 3.05 2.89 2.80 2.79 2.90 3.03 2.93 2.54 2.07 1.79 1.74 1.87 2.04 2.09 1.95 1.70 1.51 1.50 1.66 1.87 2.03 2.11 2.12 2.17 2.31 2.49 2.64 2.76 2.84 2.88 2.96 3.08 3.30 3.73 4.16 4.28 4.02 3.61 3.35 3.18 3.00 2.98
3.33 3.40 3.44 3.27 2.97 2.77 2.72 2.65 2.55 2.47 2.39 2.33 2.28 2.28 2.34 2.46 2.62 2.73 2.75 2.68 2.59 2.53 2.60 2.78 2.95 2.97 2.81 2.61 2.52 2.47 2.35 2.18 2.01 1.88 1.82 1.85 1.96 2.22 2.63 2.99 3.09 2.93 2.72 2.61 2.61 2.68 2.82 2.90 2.73 2.32 1.93 1.76 1.77 1.90 2.06 2.05 1.89 1.70 1.58 1.64 1.82 1.97 2.05 2.12 2.18 2.26 2.38 2.51 2.58 2.63 2.73 2.86 2.93 3.03 3.41 4.05 4.49 4.44 4.07 3.63 3.32 3.10 2.96 3.05
3.38 3.42 3.36 3.05 2.69 2.47 2.38 2.29 2.22 2.21 2.23 2.27 2.29 2.30 2.36 2.45 2.51 2.49 2.40 2.33 2.30 2.35 2.58 2.92 3.12 3.09 2.91 2.77 2.70 2.57 2.38 2.16 1.96 1.87 1.89 1.99 2.18 2.49 2.78 2.91 2.83 2.65 2.53 2.52 2.58 2.64 2.73 2.77 2.55 2.17 1.87 1.72 1.72 1.90 2.09 2.09 1.98 1.88 1.85 1.95 2.08 2.12 2.15 2.22 2.29 2.35 2.44 2.52 2.55 2.60 2.76 2.88 2.90 3.10 3.79 4.56 4.80 4.48 3.91 3.42 3.13 2.99 2.97 3.10
3.35 3.29 3.04 2.57 2.20 2.09 2.13 2.16 2.12 2.10 2.16 2.23 2.26 2.29 2.34 2.36 2.31 2.19 2.14 2.19 2.27 2.42 2.77 3.15 3.29 3.16 2.97 2.86 2.72 2.50 2.30 2.10 1.94 1.90 1.97 2.09 2.26 2.49 2.67 2.75 2.69 2.55 2.50 2.55 2.57 2.56 2.59 2.59 2.38 2.07 1.78 1.63 1.73 2.00 2.20 2.18 2.07 2.01 2.07 2.19 2.26 2.24 2.28 2.36 2.41 2.46 2.53 2.61 2.70 2.84 2.95 2.95 3.04 3.55 4.45 4.99 4.85 4.22 3.57 3.14 2.94 2.93 2.98 3.05
3.17 3.00 2.66 2.27 1.99 2.00 2.13 2.22 2.22 2.23 2.28 2.29 2.27 2.29 2.33 2.32 2.25 2.23 2.33 2.47 2.56 2.73 3.06 3.32 3.33 3.12 2.91 2.73 2.46 2.21 2.10 1.97 1.90 1.95 2.06 2.17 2.32 2.52 2.71 2.81 2.72 2.56 2.52 2.53 2.47 2.41 2.43 2.42 2.22 1.87 1.59 1.59 1.87 2.19 2.31 2.23 2.10 2.07 2.15 2.24 2.29 2.33 2.42 2.53 2.58 2.60 2.64 2.75 2.90 3.00 3.00 3.01 3.37 4.16 4.92 5.02 4.47 3.73 3.23 2.95 2.83 2.85 2.90 2.92
2.86 2.73 2.54 2.42 2.33 2.33 2.37 2.36 2.34 2.38 2.39 2.32 2.27 2.30 2.36 2.37 2.41 2.52 2.65 2.66 2.64 2.79 3.10 3.31 3.25 3.00 2.73 2.44 2.09 1.92 1.88 1.82 1.85 2.00 2.16 2.28 2.45 2.69 2.90 2.93 2.76 2.56 2.47 2.42 2.31 2.25 2.30 2.29 2.04 1.64 1.47 1.69 2.10 2.33 2.34 2.23 2.14 2.11 2.13 2.18 2.27 2.41 2.57 2.67 2.68 2.67 2.71 2.80 2.89 2.89 2.91 3.20 3.86 4.63 4.97 4.66 3.89 3.27 2.94 2.76 2.65 2.61 2.63 2.68
2.64 2.64 2.63 2.65 2.66 2.63 2.57 2.52 2.49 2.48 2.40 2.28 2.26 2.35 2.44 2.52 2.62 2.68 2.61 2.46 2.44 2.69 3.08 3.31 3.19 2.84 2.47 2.14 1.89 1.83 1.83 1.81 1.89 2.09 2.28 2.44 2.63 2.86 2.98 2.90 2.68 2.49 2.39 2.28 2.17 2.16 2.25 2.19 1.86 1.55 1.58 1.94 2.27 2.37 2.32 2.23 2.17 2.12 2.08 2.10 2.24 2.43 2.59 2.63 2.62 2.63 2.69 2.76 2.79 2.82 3.04 3.60 4.28 4.66 4.60 4.12 3.46 2.99 2.74 2.57 2.43 2.35 2.35 2.34
2.60 2.65 2.72 2.77 2.79 2.77 2.78 2.80 2.77 2.61 2.41 2.28 2.29 2.41 2.54 2.64 2.70 2.64 2.50 2.46 2.63 2.97 3.32 3.42 3.14 2.68 2.29 2.08 2.01 2.03 2.03 1.99 2.04 2.19 2.37 2.55 2.70 2.83 2.86 2.72 2.53 2.40 2.32 2.21 2.14 2.17 2.22 2.08 1.76 1.61 1.79 2.17 2.38 2.39 2.32 2.25 2.18 2.08 2.02 2.08 2.25 2.43 2.52 2.52 2.51 2.54 2.63 2.72 2.80 2.97 3.33 3.84 4.16 4.20 4.05 3.68 3.22 2.86 2.63 2.47 2.35 2.26 2.18 2.09
2.56 2.61 2.74 2.90 3.02 3.07 3.05 2.94 2.71 2.43 2.28 2.30 2.37 2.46 2.56 2.64 2.65 2.62 2.68 2.91 3.19 3.42 3.57 3.47 3.06 2.61 2.37 2.32 2.35 2.36 2.28 2.19 2.18 2.26 2.38 2.47 2.54 2.66 2.69 2.58 2.43 2.34 2.29 2.25 2.23 2.22 2.17 1.97 1.72 1.69 1.97 2.34 2.48 2.44 2.37 2.30 2.20 2.08 2.04 2.17 2.36 2.47 2.47 2.41 2.37 2.46 2.63 2.78 2.91 3.12 3.40 3.62 3.62 3.65 3.66 3.44 3.09 2.80 2.57 2.39 2.29 2.19 2.05 1.97
