project/data/elevation/US_DEM2016/US_DEM2016_point_10-28-2019_1250_30m_vel.asc
ncols	125
nrows	167
xllcorner	-2042055.000000
yllcorner	1465035.000000
cellsize	30.000000
NODATA_value	-9999.000000
[rows 35 to 69 of 167, columns 0 to 79 of 125]
10.87 11.27 11.72 11.38 10.55 9.35 8.58 8.19 7.96 8.05 8.65 9.66 10.40 10.61 10.29 9.68 9.29 9.09 9.10 9.43 9.85 10.25 10.60 10.78 10.83 10.63 10.27 9.85 9.42 9.08 8.89 8.66 8.34 7.97 7.69 7.85 8.49 9.16 9.94 10.41 10.30 9.52 8.11 6.66 6.36 6.94 7.85 8.80 9.40 9.59 9.56 9.57 9.52 9.64 9.59 9.61 9.61 9.82 9.77 9.92 10.00 9.90 9.54 8.83 8.18 7.66 7.39 7.61 8.18 8.67 8.98 9.32 9.57 10.02 10.56 11.59 13.13 14.13 14.10 13.14
11.80 12.35 12.82 12.41 11.64 10.56 9.56 8.72 8.06 7.56 7.48 8.05 9.11 9.84 9.97 9.53 9.22 9.31 9.85 10.70 11.43 12.12 12.69 13.06 13.03 12.70 12.17 11.47 10.62 9.79 9.17 8.87 8.85 9.07 9.32 9.39 9.64 10.22 10.91 11.19 11.00 10.21 9.02 8.48 8.94 9.87 10.80 11.28 11.26 10.51 9.87 9.40 9.37 9.49 9.62 9.70 9.69 9.92 10.05 10.49 10.66 10.42 9.70 8.55 7.53 6.92 6.89 7.25 7.79 8.22 8.56 8.89 9.20 9.31 9.80 10.55 11.75 13.30 14.49 15.30
12.17 12.48 12.44 11.88 11.16 10.33 9.66 8.93 8.09 7.31 6.98 7.14 7.75 8.69 9.27 9.29 9.11 9.30 10.10 11.17 12.02 12.71 13.23 13.60 13.63 13.46 13.17 12.70 11.93 10.97 10.02 9.32 9.20 9.64 10.12 10.54 11.01 11.53 11.96 12.45 12.78 12.53 12.14 11.72 11.95 12.60 12.92 12.47 11.68 10.75 9.93 9.52 9.33 9.48 9.63 9.69 9.73 10.12 10.44 10.91 11.00 10.70 10.05 9.04 7.97 7.32 7.17 7.32 7.58 7.88 8.08 8.23 8.60 8.91 9.33 9.89 10.76 11.99 13.76 15.49
12.23 11.88 11.13 10.48 9.78 9.33 8.95 8.33 7.56 6.88 6.64 6.71 7.10 7.80 8.50 8.81 8.80 8.93 9.53 10.41 10.90 11.12 11.27 11.57 11.96 12.25 12.57 12.83 12.54 11.91 11.13 10.44 10.05 9.99 10.30 11.09 11.96 12.44 12.88 13.61 14.29 14.37 14.37 13.95 13.78 13.58 12.80 11.40 10.39 9.65 9.35 9.34 9.35 9.45 9.65 9.78 9.91 10.37 10.66 10.84 10.70 10.04 9.58 9.07 8.45 7.89 7.33 7.13 7.22 7.47 7.57 7.64 7.94 8.56 9.01 9.42 9.92 10.91 12.17 13.57
12.00 11.04 9.67 8.99 8.42 8.16 7.88 7.49 7.12 6.83 6.80 6.98 7.32 7.70 8.07 8.33 8.46 8.58 8.74 8.89 8.76 8.59 8.64 9.08 9.98 10.97 11.77 12.49 12.78 12.56 12.03 11.43 11.00 10.94 11.54 12.62 13.33 13.68 13.93 14.37 14.80 14.67 14.48 14.18 13.79 13.21 12.12 10.88 9.98 9.26 9.12 9.41 9.62 9.53 9.77 10.07 10.37 10.78 10.64 10.21 9.42 8.41 7.59 7.37 7.27 7.13 6.70 6.48 6.64 6.94 7.12 7.29 7.69 8.27 8.68 8.92 9.13 9.76 10.66 11.24
11.47 10.36 8.83 8.12 7.85 7.71 7.67 7.68 7.76 7.91 8.15 8.44 8.48 8.24 8.02 8.01 8.19 8.28 8.06 7.62 7.39 7.44 7.86 8.55 9.61 10.52 11.25 11.94 12.46 12.71 12.66 12.39 12.31 12.81 13.71 14.65 15.24 15.50 15.14 14.64 14.47 13.67 13.06 13.02 12.85 12.86 12.55 12.18 11.63 11.14 10.59 10.41 10.31 9.89 9.93 10.12 10.38 10.57 10.12 9.26 8.21 6.99 5.75 5.32 5.34 5.54 5.85 6.12 6.36 6.50 6.58 6.95 7.63 8.22 8.52 8.60 8.65 8.95 9.59 9.94
11.12 10.28 9.13 8.64 8.58 8.61 8.59 8.62 8.82 9.21 9.64 9.83 9.46 8.76 8.28 8.18 8.33 8.35 8.09 7.73 7.73 8.09 8.62 9.13 9.57 10.02 10.33 10.78 11.56 12.27 12.99 13.20 13.69 14.50 15.34 15.97 16.25 15.96 15.28 14.36 13.50 12.58 11.76 11.37 11.68 11.91 12.26 12.44 12.61 12.65 12.42 11.58 10.79 10.05 9.69 9.61 9.52 9.33 8.89 8.31 7.54 6.53 5.43 5.05 5.25 5.64 6.02 6.21 6.21 6.23 6.35 6.68 7.35 8.04 8.25 8.15 8.30 8.82 9.40 9.50
11.09 10.63 9.97 9.70 9.61 9.51 9.35 9.36 9.72 10.23 10.56 10.45 9.71 9.14 8.94 8.98 9.06 9.08 9.05 9.11 9.35 9.68 10.01 10.29 10.50 10.49 10.39 10.49 11.09 11.83 13.02 14.06 15.07 15.89 16.14 15.81 15.29 14.55 13.66 12.84 12.11 11.41 10.56 10.18 10.28 10.59 11.03 11.21 11.56 11.82 11.89 11.37 10.63 9.79 9.35 9.24 8.98 8.55 8.22 8.26 7.98 7.45 6.93 6.90 7.19 7.16 6.81 6.44 6.45 6.61 6.59 6.51 6.74 7.17 7.18 6.98 7.57 8.61 9.23 9.15
11.05 10.75 10.34 10.16 10.07 10.02 10.07 10.36 10.82 11.17 11.15 10.67 9.85 9.51 9.47 9.59 9.78 9.92 10.16 10.56 11.04 11.39 11.58 11.65 11.63 11.38 11.19 11.20 11.52 11.95 13.03 14.24 15.29 15.93 15.64 14.72 13.59 12.58 11.68 11.20 10.93 10.46 9.69 9.07 9.10 9.50 9.77 9.50 9.00 8.55 8.64 9.21 9.52 9.41 9.34 9.60 9.66 9.56 9.56 9.64 9.41 9.17 9.09 9.15 8.67 7.91 7.52 7.57 7.67 7.25 6.51 5.94 5.96 6.14 5.97 5.94 6.66 7.93 8.56 8.48
11.01 10.82 10.63 10.62 10.82 11.22 11.67 12.00 12.14 12.04 11.58 10.82 10.05 9.70 9.66 9.90 10.21 10.51 10.91 11.43 11.93 12.20 12.24 12.06 11.77 11.43 11.32 11.43 11.85 12.38 13.50 14.23 14.63 14.50 14.01 13.48 12.76 11.86 10.65 9.91 9.63 9.42 8.92 8.27 8.10 8.50 8.28 7.71 6.89 6.42 6.66 7.34 8.08 8.65 9.39 10.24 10.72 10.96 11.01 10.78 10.53 10.38 10.06 9.61 8.73 8.39 8.67 8.72 8.01 6.63 5.70 5.48 5.67 5.79 5.76 5.95 6.68 7.61 8.08 8.04
11.32 11.35 11.47 11.70 12.02 12.45 12.82 12.96 12.83 12.43 11.75 10.96 10.40 10.16 10.32 10.57 10.80 11.09 11.45 11.75 11.86 11.77 11.56 11.34 11.24 11.10 11.05 11.30 12.08 13.00 14.01 13.78 13.31 12.62 12.20 12.26 12.02 11.44 10.19 9.13 8.44 8.20 7.89 7.32 7.22 7.46 7.38 7.36 7.38 7.46 7.39 7.20 7.24 7.96 9.29 10.55 10.96 10.99 10.87 10.82 10.64 10.61 10.17 9.71 9.52 9.65 9.37 8.34 6.85 5.91 5.80 6.22 6.52 6.56 6.60 6.96 7.65 8.16 8.28 8.21
11.75 11.89 12.16 12.43 12.55 12.58 12.53 12.43 12.25 11.87 11.36 10.82 10.73 10.95 11.36 11.58 11.65 11.71 11.72 11.60 11.32 10.97 10.65 10.56 10.74 10.90 11.07 11.57 12.56 13.45 13.82 13.17 12.03 11.31 10.90 10.70 10.60 10.47 9.87 8.86 7.77 7.22 7.10 7.12 7.34 7.58 8.02 8.32 8.46 8.08 7.38 6.93 7.31 8.48 9.81 10.56 10.69 10.57 10.53 10.71 10.58 10.59 10.45 10.32 10.18 9.71 8.28 7.15 6.77 7.03 7.60 7.95 8.07 8.08 8.24 8.58 8.96 9.09 9.03 9.00
11.91 11.89 12.00 12.15 12.03 11.74 11.38 11.07 10.81 10.62 10.35 10.15 10.32 10.90 11.47 11.79 11.87 11.74 11.45 11.13 10.82 10.51 10.25 10.19 10.38 10.67 11.05 11.82 12.81 13.31 12.96 11.93 11.13 10.48 9.90 9.46 9.29 9.42 9.45 9.03 7.91 7.31 7.42 8.04 8.39 8.65 8.79 8.38 7.61 6.65 6.30 6.85 8.58 10.49 11.32 11.21 11.04 10.91 10.90 10.96 10.77 10.76 10.54 10.27 9.73 8.78 7.97 8.00 8.76 9.58 10.09 10.24 10.26 10.24 10.24 10.39 10.55 10.48 10.41 10.46
11.84 11.72 11.39 11.30 11.14 10.75 10.30 9.89 9.63 9.44 9.24 9.19 9.36 9.93 10.51 10.86 11.08 11.09 10.90 10.65 10.39 10.15 9.96 9.86 9.93 10.19 10.57 11.46 12.59 12.89 12.37 11.47 10.82 10.12 9.25 8.48 8.32 8.52 8.78 8.66 7.97 7.43 7.47 7.95 8.28 8.51 8.49 7.55 6.67 6.37 7.05 9.08 11.53 12.92 13.16 12.35 11.75 11.39 11.28 11.39 11.35 11.26 10.94 10.48 10.35 10.53 11.23 12.17 12.96 13.49 13.62 13.61 13.54 13.45 13.32 13.28 13.25 12.96 12.52 11.84
11.87 11.72 11.07 10.65 10.51 10.33 9.97 9.59 9.32 9.02 8.91 8.97 9.20 9.64 10.02 10.27 10.44 10.54 10.50 10.27 9.95 9.68 9.51 9.45 9.50 9.66 10.00 11.02 12.34 12.53 12.01 11.47 10.98 10.32 9.38 8.36 7.98 7.74 7.61 7.45 7.08 6.63 6.45 6.58 7.06 7.60 8.03 7.71 7.51 8.10 10.13 12.69 14.24 14.60 14.02 12.87 12.05 11.67 11.65 12.07 12.26 12.34 12.11 12.23 12.88 13.94 15.14 16.20 16.91 17.21 17.28 17.22 17.14 17.04 16.82 16.50 16.17 15.72 14.76 13.26
12.02 11.79 11.06 10.49 10.31 10.30 10.24 10.05 9.79 9.58 9.77 10.06 10.36 10.66 10.80 10.79 10.69 10.53 10.28 9.97 9.61 9.29 9.10 9.05 9.14 9.39 9.88 11.07 12.16 12.00 11.10 10.99 10.79 10.40 10.02 9.34 8.53 7.60 6.88 6.67 6.57 6.47 6.52 6.73 7.18 7.77 8.71 9.33 9.97 11.49 13.73 15.11 15.42 14.57 13.60 12.55 11.95 11.78 11.67 11.84 12.14 12.56 12.78 13.19 14.21 15.28 16.04 16.78 17.19 17.39 17.54 17.68 17.74 17.70 17.46 17.05 16.64 16.28 15.61 14.60
12.12 11.69 10.91 10.60 10.40 10.30 10.34 10.39 10.32 10.31 10.81 11.42 11.76 11.89 11.81 11.49 11.07 10.59 10.17 9.85 9.57 9.24 8.91 8.75 8.90 9.37 10.05 11.12 11.65 10.90 10.07 10.03 9.98 10.07 10.16 10.09 9.23 8.21 7.63 7.60 7.88 8.32 8.74 8.93 9.21 9.91 11.33 12.85 14.35 15.55 16.14 16.00 14.97 13.48 12.60 11.81 11.33 11.01 10.67 10.44 10.69 11.14 12.04 12.57 13.29 13.67 13.46 13.30 13.15 13.34 13.73 14.26 14.48 14.51 14.30 14.06 14.02 13.89 13.78 13.80
11.96 11.23 10.30 10.11 10.06 10.04 10.15 10.31 10.44 10.60 11.14 11.84 12.16 12.19 11.90 11.36 10.74 10.23 9.91 9.67 9.41 9.10 8.76 8.59 8.84 9.40 10.08 10.82 10.81 9.77 9.21 9.25 9.21 9.28 9.66 9.71 9.45 9.17 9.16 9.61 10.12 10.56 10.87 11.24 11.89 13.07 14.61 15.90 16.71 16.86 16.42 15.27 13.92 12.56 11.77 11.08 10.51 9.92 9.62 9.44 9.67 10.12 10.65 11.15 11.26 10.55 9.61 8.66 8.40 8.66 9.14 9.70 9.97 9.89 9.87 9.79 10.01 10.11 10.24 10.68
11.55 10.71 9.62 9.25 9.27 9.49 9.86 10.15 10.40 10.61 10.86 11.18 11.35 11.18 10.78 10.24 9.78 9.46 9.24 9.04 8.80 8.61 8.60 8.80 9.14 9.54 10.02 10.44 10.24 9.54 9.18 9.19 9.14 9.08 9.00 9.04 9.27 9.47 9.84 10.50 11.17 11.50 11.88 12.52 13.68 15.03 16.04 16.47 16.22 15.58 14.77 13.88 12.94 12.06 11.37 10.75 10.21 9.76 9.75 9.83 10.12 10.33 10.27 10.22 9.63 8.67 7.78 7.37 7.45 7.62 7.47 7.11 6.95 6.92 6.90 6.94 7.23 7.50 7.59 7.56
11.14 10.47 9.52 9.11 8.96 8.96 9.18 9.58 9.87 10.06 10.03 9.91 9.65 9.20 8.75 8.55 8.43 8.26 8.15 8.22 8.39 8.56 8.84 9.24 9.51 9.78 10.11 10.38 10.45 10.39 10.12 9.77 9.43 9.06 8.61 8.45 8.68 8.95 9.28 9.81 10.53 11.12 11.72 12.80 14.32 15.33 15.50 14.64 13.24 12.69 12.60 12.58 12.29 11.89 11.33 10.79 10.38 10.23 10.50 10.62 10.67 10.58 10.06 9.64 8.97 8.49 8.42 8.45 8.36 7.91 7.00 5.85 5.24 5.01 4.93 5.02 5.33 5.56 5.52 5.14
11.06 10.68 10.18 9.85 9.47 8.93 8.40 8.37 8.66 8.92 8.94 8.63 8.01 7.32 6.96 6.92 6.95 6.97 7.18 7.76 8.51 9.16 9.57 9.73 9.89 10.14 10.41 10.73 10.92 11.07 10.60 9.89 9.28 8.73 8.28 8.01 8.16 8.49 8.66 8.95 9.49 10.30 11.25 12.79 14.25 14.65 13.68 12.15 11.23 11.00 11.12 11.39 11.54 11.57 11.11 10.71 10.42 10.41 10.67 10.52 10.11 9.62 9.15 8.90 8.98 9.16 9.45 9.42 8.54 7.34 5.96 5.05 4.64 4.36 4.03 3.77 3.68 3.59 3.41 3.40
11.41 11.46 11.41 11.06 10.44 9.61 8.55 8.12 8.15 8.41 8.46 8.04 7.42 6.96 6.68 6.57 6.67 6.93 7.42 8.22 9.14 10.01 10.39 10.53 10.69 10.94 11.05 11.16 11.33 11.33 10.58 9.98 9.63 9.19 8.62 8.42 8.76 9.13 9.19 9.29 9.64 10.33 11.38 13.04 13.89 13.43 11.70 10.40 9.74 9.61 9.82 10.21 10.62 10.73 10.43 10.15 9.93 9.83 9.72 9.12 8.43 7.96 7.99 8.36 9.30 9.86 9.73 9.15 7.82 6.64 5.89 5.74 5.69 5.13 4.16 3.39 3.04 2.89 2.99 3.55
11.91 12.16 12.23 11.90 11.32 10.59 9.80 9.31 9.02 8.94 8.82 8.53 8.27 8.20 8.24 8.33 8.51 8.86 9.18 9.65 10.35 11.07 11.48 11.76 12.04 12.20 11.95 11.81 12.05 12.25 12.01 11.66 11.43 10.95 10.09 9.83 10.30 10.67 10.82 10.87 11.00 11.18 11.95 13.17 13.25 11.81 10.08 8.86 8.36 8.40 8.71 9.15 9.67 9.74 9.64 9.44 9.12 8.69 8.17 7.69 7.49 7.63 8.24 8.92 9.78 9.89 9.24 8.24 7.29 7.08 7.44 7.69 7.08 5.89 4.68 4.10 4.08 4.26 4.78 6.03
12.18 12.10 11.88 11.76 11.65 11.45 11.03 10.55 9.99 9.48 9.22 9.26 9.54 9.96 10.46 10.79 11.15 11.50 11.76 11.94 12.26 12.42 12.66 13.04 13.35 13.18 12.80 12.63 12.95 13.11 13.03 12.72 12.40 11.89 11.12 10.74 10.96 11.35 11.72 11.99 12.07 12.03 12.38 12.72 11.89 10.01 8.48 7.60 7.26 7.27 7.64 8.04 8.52 8.94 9.10 8.98 8.69 8.31 8.09 8.31 8.70 9.34 10.06 10.49 10.58 10.01 8.98 8.39 8.36 8.84 9.25 8.88 7.56 6.10 5.46 5.60 6.07 6.74 7.92 9.66
12.20 11.62 10.97 10.97 11.29 11.60 11.57 11.03 10.24 9.51 9.19 9.41 10.09 10.94 11.72 12.25 12.66 13.07 13.44 13.59 13.50 13.34 13.43 13.73 13.77 13.50 13.26 13.24 13.36 13.04 12.15 11.44 11.00 10.81 10.70 10.72 10.84 11.18 11.60 12.10 12.44 12.39 12.26 11.63 10.11 8.18 6.97 6.41 6.18 6.30 6.48 6.77 7.51 8.40 8.95 9.08 9.05 9.05 9.32 9.63 10.18 11.02 11.80 12.24 11.92 11.31 10.22 9.93 10.37 10.71 10.14 8.92 7.64 7.16 7.46 8.14 9.06 10.20 11.67 13.06
12.18 11.44 10.43 10.18 10.28 10.51 10.69 10.49 9.90 9.23 8.84 8.90 9.45 10.31 11.10 11.59 11.93 12.17 12.31 12.41 12.53 12.70 12.91 12.91 12.60 12.45 12.64 13.02 13.08 12.66 11.73 10.58 9.86 9.70 10.19 10.79 11.30 11.55 11.73 11.91 12.06 11.71 11.19 10.35 8.93 7.19 6.07 5.70 5.78 5.97 6.04 6.32 7.13 8.29 9.20 9.77 10.13 10.37 10.51 10.54 10.99 12.15 13.20 13.68 13.39 13.01 12.40 11.82 11.90 11.84 10.80 9.72 9.37 10.10 11.15 12.20 13.28 14.24 14.90 14.90
12.06 11.13 9.85 9.45 9.06 8.89 9.06 9.20 9.01 8.52 8.00 7.72 7.79 8.14 8.59 8.91 9.07 8.93 8.46 8.36 9.24 10.27 10.60 10.20 9.59 10.00 11.16 12.02 12.30 12.31 12.23 11.89 11.35 10.97 10.91 11.27 11.69 11.83 11.65 11.32 10.96 10.52 10.01 9.69 8.94 7.69 6.81 6.81 7.06 7.17 7.23 7.54 8.06 8.81 9.56 10.25 10.91 11.51 11.79 12.13 12.89 13.99 14.47 14.32 13.94 13.77 13.60 13.51 13.51 13.38 12.99 12.81 13.38 14.30 15.07 15.72 16.25 16.45 16.10 14.94
11.58 10.45 9.07 8.68 8.39 8.15 8.02 8.06 8.03 7.56 6.84 6.17 5.72 5.52 5.56 5.76 5.87 5.57 5.26 5.41 6.21 7.21 7.53 7.15 7.18 8.24 10.13 11.21 11.45 11.25 11.64 12.15 12.37 12.33 11.83 11.45 11.18 11.04 10.61 10.07 9.71 9.85 10.00 10.37 10.35 10.17 9.75 9.69 9.78 9.79 9.82 9.79 9.63 9.60 9.76 10.14 10.76 11.63 12.59 13.67 14.73 15.01 14.51 13.48 12.49 12.55 13.35 13.84 14.38 14.79 15.16 15.65 16.24 16.68 16.48 16.55 16.41 15.92 14.93 13.74
11.14 10.25 8.98 8.42 8.20 8.05 7.84 7.65 7.50 7.08 6.31 5.42 4.67 4.23 4.09 4.12 4.25 4.61 4.98 5.28 5.52 5.70 5.71 5.83 6.60 8.18 10.18 11.00 10.80 10.02 10.07 10.65 11.37 11.82 11.51 10.66 9.76 9.23 9.06 8.90 9.01 9.81 10.74 11.60 11.95 12.24 12.28 12.05 11.89 11.77 11.31 10.76 10.29 10.05 10.02 10.23 10.78 11.76 12.99 14.06 14.49 13.96 12.78 11.33 10.65 10.99 12.11 13.04 13.66 14.39 14.97 15.36 15.60 15.48 15.10 14.55 13.87 12.99 12.37 11.82
11.15 10.65 9.77 9.10 8.69 8.43 8.14 7.82 7.62 7.37 6.89 6.27 5.69 5.12 4.68 4.49 4.74 5.60 6.57 6.92 6.65 6.23 6.10 6.37 7.40 9.16 10.71 11.08 10.38 9.27 8.83 8.90 9.51 10.03 10.17 9.76 9.00 8.42 8.39 8.88 9.60 10.73 11.59 12.15 12.31 12.51 12.62 12.67 12.54 12.09 11.09 10.39 10.15 10.22 10.36 10.62 11.18 12.21 13.12 13.40 12.76 11.50 10.37 9.64 9.71 10.40 11.15 11.64 11.98 12.52 12.91 12.92 12.60 12.33 12.09 11.60 10.77 9.89 9.39 9.31
11.22 10.92 10.41 9.96 9.51 9.04 8.60 8.41 8.40 8.44 8.43 8.31 8.00 7.37 6.64 6.16 6.27 6.91 7.75 8.45 8.42 8.10 7.96 8.29 9.15 10.61 11.46 11.57 10.83 9.50 8.68 8.16 8.07 8.42 9.12 9.73 9.92 10.03 10.21 10.58 11.25 11.93 12.09 11.96 11.68 11.65 11.89 12.13 12.08 11.77 11.01 10.47 10.29 10.40 10.57 10.79 11.31 12.17 12.74 12.22 11.06 9.98 9.27 8.99 9.13 9.65 10.15 10.30 10.43 10.74 10.94 10.78 10.27 9.75 9.38 9.23 8.60 7.65 6.79 6.57
11.21 10.94 10.52 10.15 9.81 9.40 9.17 9.29 9.65 10.13 10.50 10.55 10.06 9.29 8.45 7.81 7.61 7.87 8.35 9.27 9.84 10.17 10.39 10.57 11.02 11.97 12.66 12.57 11.93 10.75 9.87 9.12 8.58 8.72 9.43 10.41 11.34 12.05 12.31 12.31 12.28 12.25 11.90 11.43 11.02 10.83 10.95 10.98 10.99 11.05 10.98 10.73 10.55 10.54 10.75 11.08 11.65 12.30 12.17 11.07 9.83 9.15 8.71 8.43 8.50 9.10 9.68 9.74 9.51 9.53 9.47 9.35 9.07 8.39 7.54 7.09 6.74 6.02 5.07 4.43
11.27 10.97 10.51 10.02 9.63 9.38 9.47 9.87 10.56 11.34 11.96 12.04 11.72 11.12 10.38 9.58 8.96 8.81 9.11 9.87 10.63 11.45 11.68 11.90 12.53 13.55 13.85 13.37 12.58 11.87 11.40 10.94 10.52 10.42 10.61 11.09 11.65 12.08 12.22 12.04 11.81 11.66 11.34 10.81 10.34 9.89 9.73 9.54 9.44 9.70 10.11 10.31 10.42 10.55 10.96 11.49 11.97 11.93 10.94 9.54 8.74 8.42 8.18 8.31 8.75 9.46 9.61 9.09 8.47 8.24 8.12 8.01 7.98 7.55 6.61 5.75 5.22 4.74 3.87 3.03
11.32 10.92 10.29 9.76 9.33 9.12 9.17 9.41 9.93 10.66 11.42 11.98 12.33 12.41 12.18 11.61 10.78 10.13 10.10 10.43 10.84 11.66 12.15 12.68 13.58 14.33 14.19 13.15 12.16 11.86 11.96 12.07 12.02 11.60 11.23 11.09 10.98 10.83 10.78 10.98 11.16 11.19 10.89 10.28 9.69 9.22 8.91 8.54 8.28 8.27 8.57 9.05 9.62 10.13 10.76 11.19 11.18 10.40 8.95 8.10 7.89 7.84 8.05 8.68 9.20 9.27 8.68 7.59 6.73 6.36 6.27 6.01 5.87 5.96 5.64 4.89 4.12 3.60 3.11 2.72
11.20 10.66 9.78 9.40 9.11 8.89 8.70 8.43 8.21 8.29 8.80 9.96 11.28 12.36 13.02 13.04 12.49 11.70 11.17 11.09 11.20 11.79 12.37 13.37 13.96 14.12 13.38 12.23 11.12 10.79 11.03 11.47 11.69 11.40 11.04 10.74 10.45 10.37 10.65 11.08 11.21 11.04 10.61 10.18 9.85 9.51 9.07 8.32 7.50 7.05 7.17 7.87 8.87 9.61 10.11 10.09 9.36 8.11 7.18 6.97 6.90 6.81 7.33 8.03 8.13 7.78 7.12 6.22 5.36 4.66 4.32 4.20 4.20 4.23 4.21 3.96 3.63 3.45 3.50 3.74
