project/data/elevation/US_DEM2016/US_DEM2016_point_11-01-2019_0715_30m_ang.asc
ncols	125
nrows	167
xllcorner	-2042055.000000
yllcorner	1465035.000000
cellsize	30.000000
NODATA_value	-9999.000000
[rows 86 to 128 of 167, columns 0 to 95 of 125]
9 356 334 327 324 321 322 321 310 302 304 310 319 330 336 341 5 26 12 343 326 319 319 318 316 317 321 329 340 346 348 355 3 6 8 1 338 313 308 317 317 316 317 316 316 322 323 321 327 340 350 360 9 15 21 10 335 313 312 310 308 311 312 313 324 343 343 326 314 314 320 315 307 306 317 327 328 319 310 301 298 314 319 303 290 282 318 12 22 28 26 31 19 335 325 331
7 352 328 323 324 319 319 323 316 304 303 311 320 338 353 359 360 355 349 342 332 323 318 315 313 313 316 325 339 343 339 344 357 5 9 12 335 312 306 318 319 315 314 313 315 319 319 320 327 341 349 1 12 20 25 16 345 317 316 319 316 316 314 313 321 339 343 329 316 315 321 322 316 314 322 333 339 336 332 328 325 329 325 317 312 308 303 290 300 354 12 25 5 332 324 328
7 353 326 321 328 325 322 323 322 317 313 314 323 357 16 18 337 335 338 338 334 328 321 315 310 307 307 317 336 345 340 334 342 359 13 23 11 329 315 320 322 320 319 317 316 315 313 315 324 335 343 354 8 18 23 21 357 322 316 320 321 319 315 313 319 335 345 335 320 317 321 322 321 322 329 339 343 340 341 344 345 343 340 339 341 344 342 340 342 344 359 7 344 329 327 329
9 357 332 324 329 327 322 320 323 328 330 326 330 22 7 331 318 317 321 325 327 326 322 315 307 301 299 306 325 341 345 336 327 346 17 29 14 338 321 322 325 324 324 321 317 312 309 310 318 328 340 343 347 353 5 18 3 325 314 316 319 318 315 311 315 329 346 341 324 318 320 319 318 322 332 343 344 341 342 348 352 349 348 351 356 359 356 352 355 1 4 347 332 329 330 329
10 356 332 325 326 323 320 319 324 336 346 357 61 65 21 306 300 297 299 303 309 314 315 312 306 302 301 304 313 328 339 336 320 324 12 33 19 341 323 323 325 324 325 323 320 315 309 309 318 328 342 347 348 351 1 15 6 328 311 312 314 316 315 312 313 324 344 344 325 316 318 314 310 313 327 338 340 337 339 346 349 350 351 356 3 5 0 357 3 15 10 339 325 325 326 326
8 352 329 322 322 319 317 319 330 352 24 54 43 4 331 311 302 301 298 294 293 298 304 309 311 312 313 314 317 322 329 332 323 316 351 34 24 342 322 323 324 324 326 324 323 321 315 313 320 331 340 348 352 357 7 20 10 329 308 306 310 313 316 315 314 322 342 344 324 312 315 310 304 306 320 326 326 327 331 335 337 342 350 356 3 6 0 360 12 25 15 337 317 314 317 321
4 348 326 319 318 313 310 317 342 28 52 29 359 347 339 335 333 330 321 315 310 310 313 315 315 316 320 326 331 334 337 340 339 334 347 34 19 339 324 324 325 326 327 325 325 327 322 316 319 330 339 347 355 2 13 23 14 334 309 308 311 313 313 314 314 321 341 346 325 312 313 310 304 307 320 319 312 313 319 319 315 325 342 348 354 356 352 357 17 30 21 342 312 306 310 323
1 344 317 309 308 302 295 300 31 67 27 352 340 337 337 338 340 339 335 331 329 329 327 322 318 316 320 328 336 343 348 350 354 359 13 29 359 332 326 326 326 326 326 324 325 330 327 318 317 327 338 348 358 2 10 18 14 347 320 316 319 317 315 313 313 320 340 350 333 316 313 311 308 311 322 314 297 292 296 297 292 299 324 341 337 325 315 326 4 24 23 352 316 309 318 328
1 349 313 290 283 278 261 240 101 36 344 332 332 331 332 334 337 339 338 336 334 333 329 324 319 315 318 325 333 342 350 354 2 14 31 25 342 325 325 324 325 324 323 322 324 331 330 320 317 325 338 350 359 4 8 17 16 359 332 322 325 324 320 317 314 318 336 353 345 323 314 313 312 316 327 320 300 291 291 289 281 273 280 310 320 312 301 307 334 6 18 354 323 317 321 324
1 357 338 308 295 309 327 316 347 352 336 330 331 331 331 331 333 336 337 336 335 333 325 320 318 315 316 320 325 332 337 343 354 15 34 19 333 320 321 321 321 321 320 318 320 328 329 322 320 328 341 349 358 5 12 23 22 6 336 321 323 324 322 320 317 317 331 353 350 328 315 313 315 322 333 332 323 318 316 311 301 289 290 311 330 339 337 330 333 354 7 345 325 320 320 318
358 1 355 337 329 340 351 348 343 343 338 333 331 331 330 330 330 333 336 337 338 336 322 314 315 316 317 323 330 332 334 340 348 7 26 11 329 316 316 316 317 318 318 315 316 322 324 320 320 330 342 347 355 7 19 29 30 9 335 320 320 321 321 322 321 320 328 347 348 329 315 312 315 324 334 335 336 334 331 331 331 324 319 325 338 350 355 348 339 353 355 334 322 322 322 320
359 8 4 344 327 335 344 345 342 342 341 337 331 329 329 328 328 330 335 339 342 338 324 315 314 316 319 328 338 342 344 349 356 8 21 8 330 313 312 313 315 318 318 315 315 318 316 313 315 328 336 340 350 6 19 32 32 1 333 324 322 320 320 322 322 322 328 342 347 331 315 311 315 324 331 333 336 337 332 335 341 338 331 333 343 358 7 359 347 353 353 332 319 320 322 320
4 18 12 347 314 323 334 338 339 340 341 338 332 327 327 328 328 331 340 346 340 333 325 318 316 317 319 326 337 343 348 355 5 14 22 7 330 311 309 313 318 321 320 317 317 319 314 308 310 323 329 334 345 359 11 25 20 350 333 328 325 321 318 320 320 320 324 338 347 337 319 313 318 326 331 333 334 334 330 334 342 342 337 339 350 8 14 359 347 353 356 335 315 312 314 313
8 19 11 329 310 314 324 331 333 333 333 334 331 325 324 327 329 339 351 342 331 326 324 322 320 318 318 321 329 337 343 355 9 19 24 9 331 308 308 318 325 325 323 319 320 323 317 311 312 325 332 337 346 356 6 18 11 344 332 329 327 322 319 320 321 320 321 333 345 343 330 317 318 326 332 335 336 334 332 335 343 346 343 346 356 10 11 356 345 352 359 340 314 307 308 309
7 14 10 335 310 306 312 321 326 326 322 324 327 326 324 329 338 353 350 334 324 320 320 321 321 319 318 318 323 327 329 341 6 22 26 17 342 310 311 323 327 324 323 320 321 325 321 315 317 328 337 343 348 357 8 20 9 338 328 329 327 324 321 322 324 323 322 329 341 348 341 322 316 322 329 334 335 334 334 338 346 349 347 349 355 2 4 354 345 353 2 343 320 314 314 314
1 8 13 343 307 299 301 309 318 320 316 315 322 329 332 338 346 350 342 332 325 319 316 317 319 319 319 320 324 322 314 316 347 21 30 25 358 322 316 323 324 321 320 318 320 324 322 318 320 329 339 345 349 360 15 27 9 330 322 326 326 324 323 325 328 327 323 327 337 351 348 326 313 315 323 328 331 332 333 339 347 351 349 347 348 353 358 358 354 358 359 337 324 323 322 318
354 1 11 356 349 295 295 303 311 314 313 313 319 335 355 353 334 333 333 332 330 324 319 318 319 320 321 325 329 324 314 309 317 359 26 27 360 323 314 316 318 317 317 315 317 323 321 317 320 331 339 342 348 4 21 28 5 326 318 323 324 322 322 326 331 329 324 324 335 353 352 329 313 312 316 320 325 329 330 334 343 350 352 350 349 353 359 6 10 9 351 326 321 324 324 320
345 352 4 4 340 338 308 304 308 307 306 308 321 3 21 344 320 318 322 326 327 325 321 319 321 324 330 333 335 333 330 328 329 340 5 16 355 321 307 308 311 313 314 313 315 321 319 314 316 328 336 337 341 360 17 24 3 324 315 320 321 320 320 324 330 330 325 322 333 351 354 335 316 311 310 312 318 327 328 325 329 338 346 349 352 359 6 15 23 18 347 321 316 321 322 319
337 345 359 6 355 329 311 308 309 304 296 290 308 24 6 333 314 305 306 311 316 318 317 316 318 326 337 337 333 336 339 342 345 349 358 8 357 325 306 307 314 314 315 314 315 321 319 312 312 325 334 336 330 338 1 15 1 326 314 317 318 318 318 321 328 331 328 324 330 346 356 344 320 310 309 308 314 326 332 327 319 315 320 331 344 358 11 23 31 19 343 322 319 321 321 318
331 339 357 7 1 333 310 302 300 300 321 336 326 349 348 336 325 312 303 303 306 311 313 313 314 323 336 337 333 335 340 346 351 356 1 9 8 340 311 311 319 318 317 316 316 321 321 316 315 326 337 342 331 328 345 3 359 333 315 314 316 317 317 318 324 329 330 327 329 341 355 352 329 313 308 306 310 323 337 338 328 314 304 304 311 330 359 22 29 10 339 326 324 324 323 319
331 340 358 7 2 334 331 306 309 324 346 347 339 338 338 339 339 333 325 316 312 314 316 316 316 322 332 334 334 336 340 346 354 0 6 13 18 358 318 311 319 319 318 316 317 321 323 322 321 328 340 344 335 330 339 355 0 342 318 310 313 317 318 318 322 326 329 330 330 337 350 356 343 319 306 304 306 318 336 345 341 332 324 322 325 331 340 3 14 356 332 323 322 321 321 319
342 350 4 3 350 337 330 334 340 340 341 341 339 336 336 339 342 342 338 330 325 323 322 320 322 325 328 330 332 335 339 345 353 1 8 15 21 5 327 313 317 318 317 315 315 318 322 324 326 332 342 341 333 330 336 351 2 352 325 308 309 316 318 318 321 325 328 330 331 336 348 0 357 332 310 305 305 313 330 343 344 341 341 343 346 350 350 352 360 345 321 313 312 311 311 315
350 358 9 358 336 331 334 340 343 341 339 338 336 334 335 338 341 341 339 335 332 330 327 325 327 327 325 326 331 334 336 340 348 356 4 14 21 8 334 317 316 315 314 312 312 315 320 324 328 336 343 339 332 330 335 348 359 358 340 315 308 312 314 314 317 322 325 327 329 336 348 4 8 346 317 308 306 310 323 336 339 339 343 350 357 2 1 356 356 342 316 305 305 308 310 315
349 359 10 355 329 323 329 334 337 336 335 333 331 330 332 337 338 333 331 332 331 331 329 329 330 327 323 325 333 338 337 338 342 347 355 9 21 10 337 319 316 315 314 312 312 315 320 323 326 334 341 339 331 329 335 344 352 360 354 330 311 308 310 308 310 316 318 319 324 334 349 5 12 353 322 310 308 309 317 328 334 336 337 345 356 4 6 4 359 346 321 304 305 313 317 317
345 357 10 353 326 319 324 328 329 329 329 327 324 322 326 334 333 324 320 321 323 325 328 330 332 325 319 322 332 340 342 343 345 350 356 8 21 11 337 319 319 321 320 318 316 318 323 326 325 329 338 339 332 329 335 343 349 0 3 347 319 307 307 308 308 312 312 312 318 331 347 3 12 355 323 310 308 310 315 323 333 338 339 343 353 0 5 8 4 354 329 305 300 309 315 316
341 354 9 349 323 318 322 325 324 323 322 321 318 315 319 331 329 318 314 313 314 317 322 329 333 325 318 318 326 335 340 342 345 353 2 13 23 12 337 322 324 325 323 321 319 321 327 331 326 325 334 338 333 331 336 343 349 1 9 1 332 310 306 309 312 314 312 312 319 330 343 360 12 356 323 309 307 309 312 319 330 340 344 345 352 0 6 10 8 4 345 309 298 303 309 312
341 353 6 345 318 313 316 320 320 318 317 317 315 312 317 328 325 316 314 313 312 314 320 328 332 327 322 321 326 332 334 333 336 347 3 18 26 12 337 323 324 324 322 321 321 323 329 336 329 323 328 333 331 331 335 341 350 5 14 11 346 316 307 310 314 315 314 316 324 334 344 359 13 356 322 307 306 307 308 314 324 338 346 345 348 358 7 10 8 11 359 324 309 310 313 313
344 353 2 345 315 305 307 312 316 315 313 314 313 313 320 328 325 320 319 319 317 318 324 331 329 326 325 326 331 338 339 334 330 335 353 16 28 11 335 321 322 322 320 320 321 323 331 339 333 322 323 326 325 326 331 338 350 7 16 16 355 324 313 314 316 315 313 317 328 339 347 1 13 356 322 308 306 306 307 312 320 336 346 342 336 341 353 0 5 11 360 333 321 321 321 318
343 350 360 350 320 301 299 306 316 315 310 312 318 324 329 329 327 324 323 323 321 322 329 331 324 323 325 326 331 340 344 344 343 343 350 8 22 4 332 320 321 322 321 320 319 322 331 340 333 323 322 323 322 323 328 335 346 1 10 14 356 327 317 316 316 314 313 317 330 342 351 3 14 358 323 309 308 308 308 311 319 337 347 338 332 333 338 347 0 9 352 331 324 325 324 322
338 345 357 357 333 302 290 298 325 332 331 330 331 334 333 330 329 326 324 324 324 325 331 329 317 315 318 319 323 332 339 343 349 355 357 5 11 358 333 321 321 322 322 321 320 322 334 340 329 322 323 324 324 324 328 337 347 354 1 9 353 323 314 314 314 312 311 315 329 343 351 3 15 0 324 310 310 309 310 313 320 338 347 340 337 341 344 349 360 3 343 325 320 321 321 321
332 340 354 360 348 312 289 295 323 335 339 338 335 334 333 331 330 328 324 323 325 328 332 331 316 305 307 311 315 322 327 331 343 357 3 5 9 359 334 320 317 319 323 323 322 326 339 342 326 319 323 326 327 327 330 339 350 356 0 8 357 323 309 309 310 309 308 313 327 343 351 3 16 1 324 312 312 311 311 314 323 339 347 346 344 348 356 1 4 357 337 319 314 315 317 317
328 335 350 0 2 337 305 305 317 326 331 333 331 330 330 330 330 329 323 320 323 326 332 339 334 318 312 315 316 320 325 321 326 345 0 8 15 5 332 315 313 315 320 324 326 330 341 344 326 315 319 325 328 329 330 337 349 358 3 10 5 335 309 304 305 306 306 309 322 341 352 4 16 358 323 312 313 313 312 315 324 338 347 349 351 356 6 13 11 355 332 319 313 312 314 315
327 333 346 358 7 352 321 313 315 318 320 322 323 323 324 327 330 328 322 317 314 318 326 337 347 339 323 318 319 324 332 327 316 324 350 12 23 9 331 314 312 313 316 322 327 331 339 346 329 312 311 319 325 328 329 335 347 358 5 13 14 352 315 303 304 306 306 308 319 337 353 7 15 357 323 311 312 314 312 313 321 336 345 348 353 1 11 18 17 359 330 317 313 311 312 314
329 334 343 354 7 353 325 317 319 318 315 314 314 314 316 324 329 328 323 314 307 308 313 328 349 351 329 314 316 326 338 339 326 316 331 9 26 8 331 315 313 311 312 318 324 325 333 343 337 317 305 309 316 321 325 335 348 355 2 14 21 5 325 308 309 312 313 314 321 335 353 8 16 0 324 309 310 312 309 309 316 331 341 343 349 358 9 17 18 7 338 315 309 309 312 314
331 336 343 354 4 348 324 319 323 322 316 311 309 309 313 323 330 333 332 321 312 308 308 320 346 357 336 313 311 321 336 347 343 330 327 357 21 2 328 314 312 310 312 319 324 318 323 336 344 330 310 304 308 311 316 331 349 355 359 14 25 8 330 316 318 319 319 320 323 335 353 8 18 4 327 309 309 311 307 305 312 328 338 340 344 352 2 11 14 10 354 326 310 308 310 313
331 336 345 355 2 342 319 317 322 323 319 313 309 308 315 324 332 339 336 327 321 316 313 320 342 357 342 318 306 310 327 345 353 348 343 353 9 354 325 313 310 308 313 327 326 313 315 328 344 341 320 306 303 303 303 317 343 358 3 14 24 1 327 318 318 319 319 320 325 337 353 7 18 5 330 313 311 312 308 305 309 323 335 341 347 352 359 5 8 6 359 341 319 309 308 310
329 335 346 355 359 340 314 309 315 321 324 321 313 309 314 322 331 337 332 325 321 318 316 321 339 355 349 324 305 303 314 334 350 354 354 358 5 353 325 312 308 306 312 331 321 308 309 319 337 345 332 311 298 294 292 298 324 354 7 17 20 353 323 315 314 313 314 317 325 339 353 8 18 4 329 313 311 311 307 304 306 316 329 339 347 353 359 4 2 357 356 348 328 313 308 308
327 333 346 354 356 342 318 303 302 310 323 328 322 315 315 317 326 331 325 316 312 310 313 321 335 354 357 335 311 302 306 321 338 349 355 0 7 359 327 308 304 304 314 327 316 308 307 315 330 344 343 327 309 294 288 289 304 341 6 17 17 349 322 315 314 314 314 316 324 339 354 10 21 5 325 309 307 306 305 305 307 315 326 336 340 345 354 359 355 350 352 351 335 318 311 310
327 333 346 354 354 345 326 304 291 293 310 327 334 333 320 313 319 327 320 306 303 304 309 317 332 352 1 349 324 307 307 317 329 341 352 1 11 7 329 302 296 307 334 331 322 315 311 316 327 341 346 343 335 321 303 295 301 331 360 10 10 346 324 319 319 319 317 317 324 338 352 11 27 7 322 307 304 305 305 307 310 315 325 336 338 341 345 348 347 346 350 353 341 324 317 317
326 332 345 355 355 347 335 312 290 285 296 317 344 349 319 305 307 323 325 314 310 308 308 314 328 347 359 359 340 316 311 318 326 338 352 2 12 12 335 301 299 322 334 331 327 323 319 319 327 338 344 347 348 343 325 306 304 327 352 4 4 343 322 316 316 317 315 315 324 340 353 16 33 2 321 310 307 305 303 306 310 316 326 337 343 345 345 343 344 346 351 355 345 327 320 321
323 329 344 355 356 348 341 327 302 289 290 305 347 354 317 298 302 327 331 324 318 314 310 313 322 336 351 1 349 323 312 316 325 338 353 1 6 10 350 316 313 323 327 326 326 325 322 322 328 338 343 345 348 350 340 317 306 320 346 5 4 336 315 308 308 309 308 311 324 342 359 24 31 350 321 317 315 310 303 302 308 316 328 340 347 346 342 343 346 349 355 359 345 324 316 318
321 326 338 348 350 346 345 341 316 294 286 290 333 350 330 318 322 331 331 327 323 319 316 316 322 326 337 356 347 321 310 313 323 337 352 358 1 8 358 327 315 316 318 318 320 321 321 322 328 338 344 345 346 350 348 331 312 313 340 12 8 330 309 304 307 311 311 313 324 344 8 33 25 340 321 321 323 322 316 308 306 314 325 340 348 338 335 343 351 354 0 3 346 320 309 310
325 329 336 338 341 345 349 352 329 297 286 291 319 338 338 334 332 333 330 324 321 319 319 324 330 330 335 352 340 314 307 310 319 333 347 355 360 8 3 332 309 306 311 315 318 318 318 321 327 336 344 347 348 351 352 344 324 311 328 13 12 330 310 309 315 317 316 318 327 349 25 40 10 332 321 320 322 324 325 318 311 313 321 336 343 333 333 345 356 359 3 3 351 326 308 306
