project/data/elevation/US_DEM2016/US_DEM2016_point_11-01-2019_1523_30m_vel.asc
ncols	125
nrows	167
xllcorner	-2042055.000000
yllcorner	1465035.000000
cellsize	30.000000
NODATA_value	-9999.000000
[rows 38 to 75 of 167, columns 0 to 83 of 125]
2.64 2.68 2.70 2.62 2.47 2.36 2.25 2.10 1.93 1.76 1.72 1.79 1.96 2.20 2.38 2.42 2.37 2.33 2.42 2.61 2.72 2.78 2.85 2.98 3.14 3.27 3.40 3.48 3.35 3.05 2.67 2.34 2.18 2.17 2.26 2.42 2.57 2.61 2.66 2.85 3.14 3.39 3.63 3.50 3.28 3.03 2.72 2.37 2.12 1.96 1.92 1.94 2.06 2.30 2.47 2.51 2.51 2.55 2.56 2.60 2.65 2.60 2.56 2.45 2.23 1.97 1.74 1.65 1.72 1.92 2.07 2.12 2.24 2.50 2.63 2.72 2.94 3.42 3.97 4.44 4.77 5.00 4.88 4.45
2.53 2.48 2.45 2.39 2.27 2.18 2.09 1.99 1.88 1.78 1.75 1.80 1.93 2.10 2.23 2.30 2.29 2.24 2.21 2.23 2.20 2.18 2.20 2.34 2.60 2.90 3.15 3.39 3.51 3.41 3.11 2.75 2.49 2.38 2.46 2.65 2.77 2.84 2.86 2.98 3.20 3.38 3.59 3.65 3.45 3.08 2.66 2.30 2.03 1.84 1.85 1.98 2.13 2.28 2.46 2.54 2.58 2.61 2.55 2.45 2.31 2.10 1.91 1.89 1.85 1.73 1.52 1.41 1.46 1.63 1.82 1.92 2.04 2.28 2.42 2.44 2.56 2.95 3.40 3.65 3.75 4.16 4.73 4.87
2.41 2.34 2.26 2.18 2.12 2.07 2.04 2.03 2.02 2.02 2.04 2.11 2.17 2.18 2.19 2.20 2.21 2.18 2.07 1.94 1.87 1.88 1.96 2.12 2.38 2.65 2.90 3.17 3.42 3.53 3.41 3.10 2.85 2.78 2.84 2.99 3.15 3.29 3.23 3.17 3.17 3.10 3.14 3.34 3.38 3.30 3.08 2.90 2.69 2.48 2.30 2.29 2.34 2.36 2.48 2.53 2.55 2.56 2.48 2.30 1.99 1.56 1.14 1.00 1.00 1.06 1.16 1.26 1.33 1.37 1.46 1.63 1.84 2.07 2.23 2.24 2.27 2.54 2.96 3.20 3.19 3.42 4.20 4.93
2.42 2.36 2.30 2.26 2.26 2.26 2.23 2.22 2.24 2.29 2.37 2.43 2.40 2.30 2.23 2.21 2.23 2.21 2.11 1.98 1.94 1.99 2.08 2.17 2.26 2.39 2.55 2.76 3.07 3.36 3.48 3.30 3.11 3.09 3.18 3.31 3.43 3.47 3.43 3.29 3.12 2.89 2.76 2.88 3.18 3.32 3.34 3.32 3.32 3.25 3.04 2.73 2.55 2.44 2.44 2.44 2.37 2.30 2.27 2.21 1.92 1.45 1.00 0.78 0.76 0.88 1.03 1.13 1.15 1.12 1.12 1.25 1.50 1.79 1.99 2.02 2.08 2.34 2.71 2.93 2.92 2.98 3.44 4.30
2.50 2.49 2.50 2.50 2.49 2.47 2.41 2.36 2.40 2.50 2.58 2.59 2.49 2.41 2.38 2.38 2.39 2.39 2.34 2.29 2.27 2.30 2.33 2.37 2.42 2.44 2.46 2.55 2.78 3.06 3.36 3.49 3.46 3.46 3.51 3.44 3.33 3.22 3.14 3.07 2.94 2.75 2.55 2.57 2.84 3.06 3.17 3.16 3.23 3.29 3.23 2.98 2.70 2.48 2.40 2.39 2.30 2.19 2.18 2.32 2.21 1.88 1.47 1.24 1.20 1.17 1.05 0.96 0.96 0.97 0.95 0.98 1.10 1.29 1.46 1.53 1.71 2.07 2.40 2.60 2.65 2.74 3.08 3.67
2.53 2.55 2.60 2.61 2.60 2.58 2.56 2.57 2.63 2.71 2.74 2.70 2.56 2.51 2.51 2.53 2.55 2.54 2.54 2.56 2.61 2.65 2.66 2.67 2.68 2.65 2.63 2.67 2.78 2.92 3.16 3.32 3.48 3.63 3.61 3.41 3.08 2.79 2.64 2.67 2.72 2.64 2.46 2.35 2.51 2.73 2.82 2.70 2.51 2.39 2.44 2.57 2.57 2.46 2.42 2.48 2.49 2.48 2.54 2.68 2.70 2.51 2.17 1.93 1.66 1.35 1.12 1.04 1.03 0.92 0.76 0.71 0.82 0.88 0.87 0.98 1.20 1.50 1.79 2.06 2.27 2.58 2.91 3.17
2.52 2.56 2.64 2.68 2.73 2.82 2.91 2.97 2.98 2.96 2.90 2.80 2.67 2.59 2.58 2.59 2.61 2.63 2.65 2.70 2.77 2.83 2.85 2.83 2.78 2.71 2.70 2.73 2.82 2.91 3.11 3.19 3.38 3.42 3.34 3.24 3.05 2.77 2.44 2.34 2.42 2.45 2.34 2.20 2.26 2.40 2.32 2.10 1.79 1.60 1.68 1.91 2.12 2.21 2.36 2.57 2.71 2.80 2.87 2.95 3.05 2.97 2.61 2.22 1.83 1.56 1.45 1.32 1.03 0.67 0.49 0.53 0.67 0.75 0.72 0.77 0.99 1.18 1.27 1.46 1.73 2.12 2.40 2.60
2.58 2.66 2.79 2.89 2.97 3.09 3.20 3.25 3.23 3.15 3.03 2.91 2.81 2.74 2.72 2.71 2.71 2.72 2.74 2.76 2.76 2.75 2.74 2.73 2.71 2.67 2.65 2.68 2.80 2.93 3.13 2.88 3.13 3.00 2.90 2.97 2.98 2.84 2.47 2.20 2.14 2.20 2.15 2.00 2.01 2.09 1.98 1.85 1.76 1.73 1.71 1.67 1.68 1.82 2.13 2.48 2.65 2.73 2.79 2.93 3.10 3.13 2.84 2.48 2.21 2.03 1.78 1.37 0.90 0.61 0.52 0.58 0.64 0.68 0.67 0.75 0.99 1.18 1.22 1.25 1.37 1.53 1.79 2.10
2.64 2.76 2.95 3.06 3.12 3.15 3.18 3.19 3.19 3.12 3.03 2.94 2.92 2.93 2.94 2.93 2.90 2.86 2.81 2.76 2.68 2.60 2.55 2.55 2.60 2.63 2.64 2.69 2.82 2.94 3.02 3.04 2.89 2.73 2.59 2.55 2.64 2.70 2.54 2.25 2.03 2.02 2.04 2.00 2.02 2.06 2.04 1.98 1.95 1.84 1.65 1.48 1.48 1.71 2.00 2.22 2.38 2.48 2.61 2.82 3.03 3.15 3.05 2.83 2.55 2.20 1.72 1.39 1.18 1.07 1.03 0.96 0.87 0.80 0.78 0.85 1.02 1.19 1.25 1.30 1.39 1.46 1.61 1.94
2.62 2.71 2.89 3.00 3.02 2.98 2.94 2.91 2.90 2.90 2.86 2.82 2.84 2.90 2.97 3.01 2.98 2.91 2.81 2.71 2.62 2.53 2.47 2.46 2.50 2.56 2.62 2.70 2.80 2.86 2.86 2.77 2.67 2.52 2.32 2.22 2.28 2.46 2.52 2.40 2.13 2.04 2.10 2.20 2.25 2.26 2.18 1.96 1.71 1.47 1.34 1.34 1.58 1.96 2.19 2.24 2.31 2.44 2.60 2.78 2.98 3.14 3.07 2.85 2.52 2.12 1.87 1.81 1.87 1.93 1.91 1.79 1.63 1.49 1.38 1.35 1.39 1.44 1.50 1.56 1.56 1.59 1.70 1.94
2.56 2.60 2.67 2.78 2.82 2.76 2.69 2.64 2.63 2.63 2.61 2.59 2.59 2.63 2.72 2.79 2.82 2.80 2.74 2.65 2.56 2.49 2.43 2.39 2.39 2.42 2.47 2.57 2.70 2.77 2.77 2.67 2.56 2.38 2.15 1.96 2.00 2.19 2.37 2.38 2.19 2.05 2.04 2.13 2.21 2.26 2.13 1.78 1.50 1.37 1.41 1.71 2.19 2.52 2.62 2.53 2.48 2.51 2.62 2.80 3.03 3.21 3.13 2.92 2.79 2.74 2.86 3.07 3.24 3.32 3.27 3.15 3.02 2.88 2.70 2.53 2.41 2.30 2.16 1.98 1.77 1.68 1.76 1.82
2.57 2.59 2.57 2.59 2.66 2.68 2.61 2.54 2.51 2.49 2.49 2.50 2.48 2.49 2.52 2.57 2.62 2.66 2.65 2.59 2.49 2.40 2.34 2.31 2.28 2.28 2.28 2.37 2.58 2.69 2.70 2.66 2.62 2.48 2.24 1.93 1.87 1.96 2.11 2.16 2.04 1.88 1.77 1.76 1.88 2.06 2.12 1.92 1.69 1.70 2.02 2.53 2.93 3.10 3.01 2.78 2.64 2.60 2.67 2.89 3.15 3.42 3.44 3.42 3.56 3.87 4.23 4.56 4.78 4.86 4.85 4.78 4.68 4.55 4.37 4.12 3.85 3.57 3.16 2.62 2.13 1.87 1.83 1.77
2.62 2.65 2.61 2.54 2.57 2.65 2.68 2.62 2.56 2.55 2.62 2.68 2.66 2.62 2.61 2.62 2.63 2.63 2.61 2.53 2.43 2.32 2.24 2.20 2.19 2.19 2.19 2.28 2.49 2.56 2.46 2.50 2.60 2.64 2.53 2.26 2.05 1.95 1.98 2.03 1.97 1.86 1.77 1.74 1.81 2.01 2.30 2.36 2.30 2.49 2.90 3.20 3.34 3.25 3.06 2.82 2.69 2.67 2.68 2.79 3.03 3.41 3.64 3.78 4.05 4.44 4.75 5.03 5.20 5.29 5.34 5.37 5.34 5.25 5.11 4.91 4.68 4.40 4.03 3.59 3.06 2.49 2.05 1.84
2.65 2.66 2.64 2.61 2.59 2.63 2.68 2.66 2.62 2.64 2.78 2.91 2.92 2.88 2.85 2.80 2.74 2.67 2.60 2.53 2.45 2.32 2.20 2.12 2.10 2.15 2.18 2.25 2.35 2.27 2.16 2.20 2.33 2.59 2.69 2.62 2.38 2.21 2.18 2.23 2.24 2.25 2.26 2.23 2.24 2.41 2.78 3.14 3.43 3.61 3.61 3.51 3.30 3.03 2.86 2.69 2.60 2.53 2.49 2.48 2.62 2.94 3.41 3.62 3.84 4.04 4.10 4.10 4.05 4.11 4.26 4.47 4.53 4.52 4.46 4.41 4.37 4.24 4.07 3.91 3.69 3.34 2.84 2.30
2.63 2.55 2.50 2.52 2.52 2.54 2.60 2.63 2.63 2.65 2.78 2.95 3.01 3.01 2.96 2.86 2.74 2.65 2.59 2.55 2.47 2.35 2.20 2.08 2.06 2.11 2.15 2.18 2.14 1.95 1.87 1.91 2.02 2.26 2.58 2.67 2.61 2.54 2.55 2.63 2.69 2.73 2.73 2.76 2.85 3.05 3.42 3.87 4.16 4.14 3.87 3.46 3.12 2.83 2.68 2.54 2.44 2.32 2.29 2.27 2.34 2.54 2.87 3.10 3.17 3.02 2.79 2.49 2.34 2.36 2.51 2.79 2.98 3.01 3.08 3.15 3.31 3.33 3.25 3.28 3.41 3.44 3.30 2.97
2.55 2.41 2.25 2.21 2.24 2.34 2.47 2.59 2.64 2.63 2.67 2.76 2.85 2.86 2.79 2.69 2.61 2.54 2.50 2.47 2.40 2.30 2.21 2.14 2.11 2.10 2.10 2.09 1.98 1.84 1.78 1.80 1.88 2.06 2.32 2.52 2.62 2.64 2.67 2.79 2.91 2.94 2.97 3.06 3.23 3.45 3.74 4.02 4.12 4.00 3.73 3.36 3.02 2.77 2.63 2.51 2.40 2.30 2.30 2.31 2.39 2.49 2.60 2.67 2.50 2.20 1.92 1.75 1.72 1.71 1.65 1.59 1.71 1.85 1.95 2.08 2.34 2.50 2.46 2.38 2.45 2.59 2.65 2.65
2.43 2.25 2.02 1.95 1.98 2.05 2.20 2.41 2.52 2.53 2.49 2.47 2.48 2.46 2.38 2.35 2.34 2.31 2.29 2.31 2.33 2.31 2.28 2.25 2.19 2.13 2.10 2.07 2.01 1.98 1.96 1.91 1.89 1.94 2.09 2.29 2.42 2.47 2.50 2.59 2.74 2.86 2.94 3.09 3.32 3.53 3.70 3.68 3.47 3.44 3.45 3.35 3.11 2.91 2.74 2.61 2.50 2.44 2.47 2.47 2.51 2.56 2.54 2.51 2.27 1.94 1.77 1.70 1.67 1.57 1.32 0.97 0.80 0.86 1.05 1.25 1.55 1.77 1.79 1.64 1.52 1.52 1.61 1.83
2.35 2.18 1.96 1.89 1.89 1.89 1.87 2.01 2.20 2.28 2.27 2.22 2.16 2.08 2.01 2.00 2.02 2.03 2.06 2.18 2.33 2.42 2.42 2.35 2.26 2.20 2.16 2.16 2.11 2.10 2.02 1.91 1.82 1.80 1.92 2.09 2.22 2.29 2.29 2.33 2.44 2.61 2.76 2.99 3.25 3.43 3.35 3.17 3.03 3.07 3.22 3.29 3.20 3.06 2.85 2.70 2.60 2.56 2.57 2.52 2.45 2.40 2.40 2.43 2.32 2.07 1.89 1.74 1.48 1.17 0.81 0.52 0.35 0.33 0.44 0.60 0.78 0.97 1.06 1.04 1.02 1.09 1.31 1.64
2.45 2.37 2.24 2.14 2.05 1.96 1.82 1.83 1.97 2.12 2.16 2.11 2.06 2.01 1.95 1.93 1.96 2.00 2.05 2.19 2.39 2.56 2.59 2.52 2.45 2.40 2.34 2.27 2.20 2.14 1.99 1.90 1.89 1.91 1.96 2.10 2.28 2.37 2.36 2.34 2.38 2.49 2.64 2.92 3.15 3.21 2.99 2.81 2.68 2.70 2.91 3.09 3.13 3.02 2.82 2.67 2.56 2.48 2.41 2.27 2.14 2.06 2.11 2.27 2.36 2.23 1.96 1.60 1.20 0.88 0.64 0.48 0.39 0.28 0.24 0.27 0.32 0.46 0.64 0.79 0.96 1.25 1.67 2.02
2.62 2.66 2.66 2.58 2.43 2.26 2.11 2.05 2.09 2.17 2.21 2.21 2.22 2.26 2.29 2.32 2.34 2.37 2.37 2.42 2.57 2.75 2.82 2.83 2.79 2.75 2.62 2.49 2.44 2.49 2.51 2.47 2.43 2.38 2.31 2.36 2.56 2.68 2.70 2.68 2.66 2.60 2.64 2.88 3.01 2.83 2.57 2.35 2.23 2.28 2.54 2.79 2.90 2.81 2.68 2.57 2.43 2.25 2.09 1.97 1.93 1.95 2.08 2.25 2.34 2.17 1.85 1.49 1.17 1.02 0.94 0.84 0.64 0.41 0.29 0.20 0.25 0.41 0.62 0.90 1.33 1.86 2.24 2.40
2.66 2.73 2.82 2.83 2.80 2.69 2.51 2.39 2.31 2.27 2.27 2.33 2.46 2.60 2.74 2.81 2.86 2.91 2.93 2.93 2.98 3.01 3.07 3.15 3.19 3.12 2.99 2.82 2.81 2.93 3.05 3.03 2.92 2.77 2.61 2.57 2.67 2.80 2.89 2.94 2.90 2.78 2.69 2.74 2.61 2.24 1.96 1.78 1.70 1.75 2.06 2.38 2.55 2.58 2.54 2.47 2.34 2.19 2.09 2.09 2.14 2.26 2.41 2.51 2.44 2.19 1.92 1.74 1.59 1.48 1.39 1.20 0.93 0.69 0.50 0.46 0.61 0.79 1.07 1.50 2.04 2.41 2.55 2.49
2.61 2.62 2.70 2.79 2.90 2.94 2.85 2.65 2.45 2.31 2.25 2.33 2.54 2.77 2.97 3.09 3.18 3.26 3.34 3.37 3.34 3.28 3.28 3.35 3.42 3.41 3.32 3.14 3.09 3.05 2.89 2.74 2.66 2.61 2.58 2.59 2.61 2.70 2.81 2.93 2.97 2.87 2.66 2.41 1.96 1.47 1.21 1.15 1.17 1.30 1.55 1.89 2.19 2.38 2.47 2.47 2.43 2.38 2.37 2.36 2.42 2.58 2.74 2.90 2.86 2.71 2.45 2.28 2.17 2.03 1.75 1.46 1.28 1.20 1.18 1.27 1.46 1.71 2.06 2.43 2.64 2.65 2.51 2.37
2.60 2.59 2.62 2.65 2.71 2.78 2.80 2.70 2.50 2.32 2.22 2.23 2.36 2.58 2.79 2.93 3.03 3.09 3.12 3.15 3.20 3.22 3.22 3.21 3.21 3.25 3.25 3.21 3.19 3.07 2.79 2.46 2.29 2.28 2.42 2.57 2.68 2.72 2.76 2.82 2.86 2.73 2.46 2.01 1.43 0.95 0.75 0.74 0.88 1.07 1.26 1.55 1.92 2.24 2.46 2.60 2.67 2.69 2.65 2.56 2.56 2.75 2.99 3.25 3.42 3.48 3.29 2.94 2.69 2.52 2.27 2.09 2.07 2.29 2.53 2.71 2.88 3.06 3.20 3.14 2.91 2.62 2.41 2.33
2.61 2.56 2.52 2.48 2.39 2.38 2.46 2.50 2.42 2.25 2.10 2.01 1.99 2.05 2.17 2.27 2.34 2.33 2.20 2.15 2.33 2.56 2.64 2.58 2.48 2.58 2.77 2.92 3.05 3.13 3.09 2.91 2.66 2.52 2.51 2.60 2.72 2.76 2.73 2.67 2.62 2.54 2.33 1.96 1.47 1.06 0.92 0.97 1.10 1.25 1.40 1.63 1.93 2.23 2.46 2.65 2.81 2.93 2.94 2.91 2.95 3.12 3.26 3.41 3.68 3.93 3.92 3.70 3.47 3.37 3.34 3.38 3.56 3.79 3.99 4.12 4.18 4.14 3.95 3.53 3.07 2.70 2.50 2.41
2.50 2.38 2.28 2.25 2.19 2.17 2.21 2.27 2.25 2.10 1.89 1.69 1.53 1.44 1.43 1.48 1.53 1.51 1.41 1.33 1.39 1.56 1.69 1.71 1.78 1.98 2.29 2.54 2.74 2.85 3.05 3.18 3.11 2.95 2.77 2.66 2.60 2.60 2.53 2.44 2.38 2.44 2.43 2.32 2.12 1.98 1.88 1.84 1.85 1.90 2.00 2.12 2.23 2.35 2.46 2.58 2.73 2.92 3.09 3.22 3.36 3.41 3.37 3.29 3.32 3.66 4.00 4.05 4.12 4.25 4.40 4.55 4.69 4.86 4.67 4.67 4.59 4.42 4.09 3.68 3.31 2.98 2.72 2.50
2.37 2.23 2.10 2.07 2.09 2.13 2.14 2.16 2.14 2.02 1.79 1.53 1.28 1.09 1.01 1.00 1.06 1.22 1.32 1.25 1.11 0.99 0.99 1.14 1.41 1.72 2.04 2.25 2.36 2.34 2.50 2.78 2.99 3.02 2.84 2.59 2.37 2.25 2.23 2.21 2.24 2.42 2.61 2.77 2.84 2.93 2.90 2.75 2.63 2.60 2.54 2.48 2.46 2.48 2.52 2.59 2.70 2.88 3.08 3.24 3.34 3.27 3.09 2.88 2.84 3.11 3.57 3.89 4.16 4.45 4.62 4.69 4.72 4.65 4.48 4.27 4.06 3.85 3.71 3.56 3.33 3.09 2.84 2.57
2.36 2.28 2.17 2.15 2.16 2.19 2.20 2.19 2.17 2.09 1.94 1.73 1.49 1.21 1.00 0.92 0.99 1.27 1.58 1.64 1.44 1.13 0.94 0.99 1.25 1.63 1.91 1.99 1.97 1.91 1.95 2.12 2.44 2.62 2.62 2.49 2.29 2.13 2.11 2.20 2.34 2.57 2.77 3.02 3.21 3.36 3.36 3.26 3.10 2.91 2.67 2.53 2.51 2.56 2.60 2.64 2.73 2.89 3.01 3.05 2.96 2.76 2.59 2.52 2.59 2.82 3.13 3.45 3.75 3.99 4.09 4.04 3.89 3.76 3.67 3.50 3.23 2.99 2.93 3.01 2.96 2.81 2.62 2.42
2.45 2.41 2.38 2.38 2.36 2.33 2.31 2.33 2.34 2.34 2.30 2.19 2.02 1.72 1.39 1.15 1.13 1.31 1.67 1.97 1.95 1.69 1.39 1.29 1.42 1.80 1.93 1.97 1.90 1.78 1.74 1.74 1.87 2.09 2.32 2.47 2.50 2.50 2.51 2.55 2.65 2.80 2.90 3.03 3.19 3.33 3.40 3.40 3.30 3.09 2.80 2.63 2.60 2.63 2.65 2.65 2.69 2.81 2.88 2.80 2.63 2.46 2.36 2.33 2.38 2.54 2.73 2.95 3.18 3.37 3.44 3.36 3.11 2.85 2.74 2.77 2.58 2.25 2.03 2.15 2.30 2.18 1.99 1.83
2.51 2.52 2.54 2.52 2.49 2.44 2.44 2.50 2.60 2.70 2.74 2.71 2.55 2.28 1.92 1.56 1.35 1.39 1.60 2.05 2.32 2.34 2.16 1.96 1.88 2.02 2.22 2.32 2.31 2.14 1.98 1.87 1.84 1.98 2.25 2.53 2.76 2.92 2.96 2.93 2.89 2.89 2.90 2.94 3.03 3.11 3.18 3.19 3.18 3.13 2.99 2.82 2.71 2.68 2.68 2.69 2.73 2.80 2.76 2.60 2.41 2.31 2.23 2.15 2.15 2.30 2.49 2.63 2.74 2.87 2.91 2.88 2.74 2.40 2.06 2.02 2.01 1.78 1.49 1.44 1.54 1.46 1.26 1.13
2.54 2.57 2.62 2.56 2.50 2.46 2.51 2.62 2.77 2.93 3.06 3.09 3.03 2.86 2.56 2.15 1.77 1.61 1.69 2.01 2.40 2.73 2.73 2.54 2.41 2.49 2.66 2.77 2.81 2.72 2.57 2.38 2.26 2.30 2.45 2.63 2.79 2.90 2.96 2.91 2.84 2.80 2.78 2.77 2.79 2.75 2.74 2.73 2.75 2.83 2.88 2.83 2.74 2.67 2.71 2.77 2.79 2.73 2.54 2.31 2.18 2.13 2.09 2.12 2.16 2.28 2.38 2.37 2.30 2.35 2.41 2.39 2.40 2.21 1.82 1.59 1.57 1.49 1.23 1.05 1.02 0.98 0.89 0.81
2.54 2.57 2.60 2.53 2.45 2.42 2.46 2.52 2.61 2.75 2.95 3.13 3.27 3.28 3.15 2.87 2.42 2.02 1.93 2.04 2.30 2.71 2.91 2.88 2.83 2.90 2.95 2.94 2.94 2.99 3.03 2.95 2.82 2.68 2.62 2.63 2.63 2.62 2.64 2.69 2.70 2.71 2.68 2.57 2.45 2.34 2.30 2.26 2.26 2.32 2.42 2.50 2.54 2.56 2.64 2.68 2.62 2.45 2.19 2.05 1.99 1.97 2.02 2.15 2.22 2.22 2.12 1.90 1.65 1.56 1.64 1.62 1.66 1.78 1.68 1.46 1.33 1.26 1.12 1.00 0.91 0.80 0.73 0.69
2.52 2.52 2.51 2.47 2.42 2.39 2.36 2.30 2.22 2.20 2.32 2.64 3.02 3.32 3.46 3.39 3.08 2.62 2.27 2.20 2.30 2.59 2.82 3.03 2.98 3.01 2.93 2.81 2.70 2.75 2.90 3.01 3.00 2.83 2.67 2.58 2.52 2.52 2.59 2.67 2.69 2.68 2.63 2.48 2.29 2.18 2.12 2.00 1.85 1.80 1.86 2.04 2.24 2.39 2.48 2.43 2.26 2.03 1.88 1.82 1.76 1.70 1.81 1.95 1.98 1.95 1.81 1.49 1.13 0.87 0.81 0.87 1.00 1.22 1.36 1.34 1.29 1.26 1.22 1.15 1.01 0.80 0.69 0.74
2.49 2.47 2.44 2.45 2.44 2.41 2.35 2.25 2.05 1.85 1.76 1.92 2.33 2.85 3.28 3.49 3.46 3.17 2.76 2.51 2.49 2.59 2.68 2.84 2.94 2.90 2.74 2.52 2.31 2.22 2.26 2.40 2.59 2.66 2.64 2.58 2.55 2.57 2.65 2.71 2.69 2.66 2.64 2.52 2.31 2.09 1.90 1.66 1.53 1.55 1.72 1.97 2.22 2.36 2.34 2.20 1.97 1.79 1.69 1.63 1.54 1.43 1.42 1.51 1.62 1.75 1.81 1.60 1.29 1.03 0.88 0.83 0.89 1.03 1.20 1.29 1.36 1.41 1.39 1.32 1.21 1.10 1.09 1.30
2.51 2.48 2.47 2.47 2.47 2.45 2.42 2.39 2.28 2.05 1.79 1.68 1.82 2.19 2.70 3.15 3.40 3.44 3.19 2.91 2.81 2.81 3.18 3.02 3.02 2.89 2.64 2.36 2.08 1.93 1.91 1.98 2.14 2.31 2.44 2.50 2.52 2.52 2.57 2.63 2.61 2.57 2.58 2.52 2.31 1.99 1.77 1.70 1.80 2.01 2.21 2.36 2.46 2.44 2.32 2.19 2.10 2.02 1.93 1.83 1.74 1.62 1.53 1.53 1.74 2.04 2.26 2.24 2.04 1.85 1.67 1.48 1.28 1.24 1.31 1.40 1.50 1.65 1.73 1.76 1.83 2.00 2.20 2.56
2.53 2.49 2.48 2.49 2.50 2.50 2.52 2.58 2.64 2.58 2.37 2.09 1.96 2.05 2.33 2.77 3.15 3.42 3.41 3.23 3.14 3.11 3.28 3.16 3.21 3.05 2.85 2.65 2.40 2.26 2.22 2.20 2.18 2.20 2.29 2.39 2.45 2.48 2.48 2.45 2.42 2.41 2.47 2.49 2.41 2.36 2.40 2.59 2.81 2.91 2.90 2.81 2.71 2.57 2.50 2.53 2.57 2.59 2.54 2.46 2.38 2.34 2.31 2.37 2.52 2.68 2.81 2.84 2.72 2.52 2.26 1.95 1.64 1.50 1.53 1.67 1.83 2.05 2.30 2.67 3.16 3.59 3.87 4.15
2.52 2.48 2.47 2.50 2.54 2.57 2.61 2.71 2.86 2.97 2.95 2.80 2.62 2.47 2.47 2.69 3.02 3.39 3.61 3.61 3.56 3.49 3.41 3.35 3.25 3.19 3.19 3.15 3.01 2.83 2.70 2.62 2.54 2.51 2.49 2.49 2.48 2.46 2.40 2.31 2.31 2.42 2.53 2.62 2.71 2.91 3.17 3.36 3.40 3.31 3.18 3.04 2.90 2.76 2.71 2.76 2.81 2.87 2.91 2.92 2.92 2.94 2.96 2.99 2.95 2.89 2.87 2.95 2.86 2.58 2.26 1.96 1.78 1.71 1.77 1.96 2.24 2.58 3.06 3.80 4.53 5.03 5.20 5.13
2.51 2.47 2.47 2.53 2.59 2.61 2.61 2.69 2.90 3.16 3.33 3.38 3.32 3.15 2.96 2.91 3.08 3.42 3.72 3.41 3.89 3.35 3.11 3.30 3.13 3.14 3.29 3.41 3.37 3.18 2.99 2.86 2.74 2.68 2.60 2.53 2.48 2.42 2.36 2.37 2.46 2.55 2.65 2.77 2.86 2.96 3.07 3.10 2.97 2.85 2.79 2.82 2.86 2.82 2.72 2.68 2.71 2.76 2.84 2.93 3.01 3.07 3.05 2.95 2.74 2.49 2.43 2.66 2.70 2.44 2.14 1.94 1.84 1.83 1.93 2.20 2.56 2.99 3.61 4.31 4.85 5.11 5.12 4.96
2.50 2.47 2.50 2.58 2.63 2.64 2.64 2.75 3.02 3.26 3.41 3.48 3.51 3.45 3.33 3.27 3.34 3.53 3.68 3.76 3.74 3.63 3.44 3.22 3.04 2.98 3.08 3.30 3.42 3.32 3.09 2.86 2.58 2.38 2.30 2.32 2.37 2.38 2.36 2.36 2.36 2.41 2.54 2.68 2.70 2.62 2.52 2.39 2.35 2.35 2.35 2.44 2.56 2.59 2.56 2.56 2.58 2.58 2.61 2.68 2.79 2.87 2.79 2.51 2.20 1.99 2.00 2.33 2.58 2.49 2.21 1.99 1.92 1.99 2.22 2.56 2.95 3.36 3.78 4.08 3.99 3.63 3.41 3.42
