project/data/elevation/US_DEM2016/US_DEM2016_point_10-29-2019_1717_30m_ang.asc
ncols	125
nrows	167
xllcorner	-2042055.000000
yllcorner	1465035.000000
cellsize	30.000000
NODATA_value	-9999.000000
[rows 42 to 83 of 167, columns 0 to 93 of 125]
124 126 132 138 142 146 150 154 156 157 158 162 172 187 194 188 180 172 167 162 157 152 150 148 147 146 146 148 149 152 153 153 153 153 152 150 148 148 149 151 154 157 158 154 147 144 147 152 155 158 160 161 161 164 171 172 163 155 146 134 127 126 127 128 130 130 127 124 122 122 123 126 129 127 126 131 141 142 139 140 152 162 162 160 157 154 153 156 160 164 167 170 174 179
126 129 135 140 144 148 152 155 156 158 160 167 181 193 192 185 177 170 165 161 157 154 152 151 150 149 149 149 150 150 149 148 149 152 153 151 148 146 148 150 154 157 160 156 144 138 140 144 147 151 156 159 161 166 172 171 165 160 153 144 137 135 137 138 138 136 132 130 129 127 123 119 118 116 114 119 128 134 134 137 149 158 157 155 153 150 149 153 160 165 170 174 178 183
127 130 136 142 146 150 154 156 158 160 164 174 189 196 190 181 173 167 162 158 156 154 153 152 151 150 149 149 149 148 146 143 144 149 153 152 150 149 149 151 154 158 162 157 141 132 132 135 136 138 143 149 156 164 170 169 165 162 158 150 143 140 140 142 141 140 138 137 135 130 122 115 112 110 109 111 117 123 127 132 144 153 153 152 150 147 147 149 155 162 170 177 183 189
129 132 138 144 148 152 155 158 161 164 170 182 194 196 186 176 169 164 160 157 155 153 152 152 151 149 149 148 147 146 143 140 140 145 150 152 152 152 152 152 155 160 165 157 139 128 126 131 136 140 142 144 147 155 162 165 164 163 160 153 144 140 141 144 145 144 143 142 137 131 124 120 118 116 115 115 116 119 128 127 138 148 150 149 148 146 146 148 152 157 165 176 187 193
129 132 140 145 149 152 155 159 163 168 177 190 197 191 180 173 167 162 158 156 155 153 151 151 150 149 149 147 145 143 141 138 137 141 147 150 152 153 155 156 159 164 167 156 140 130 130 135 140 142 142 141 140 144 153 161 164 165 162 155 145 140 141 145 147 146 145 144 140 137 134 131 129 128 126 124 123 122 123 126 134 144 150 149 147 147 148 151 155 159 165 176 188 196
126 130 139 145 148 151 154 158 164 172 183 195 196 185 175 170 166 161 158 156 155 153 152 151 149 148 147 145 142 140 139 138 136 138 144 149 152 154 157 161 165 169 165 154 143 135 133 135 139 139 138 136 136 142 151 160 166 168 166 159 148 140 141 144 146 146 148 147 147 145 143 142 141 139 136 133 131 130 130 131 135 142 148 149 148 149 151 153 157 162 170 180 191 200
125 129 136 143 147 149 152 157 164 174 190 199 193 179 170 167 163 160 157 156 155 153 152 150 148 146 143 140 138 138 141 141 137 137 142 149 153 156 159 165 172 171 160 150 143 135 132 133 137 139 138 137 140 146 155 164 169 170 168 162 151 143 142 145 147 150 152 153 154 154 154 152 151 150 148 144 142 141 140 139 139 141 145 147 148 149 152 154 157 164 175 185 194 203
125 128 135 142 147 150 152 156 163 177 196 201 188 174 167 163 160 158 156 155 154 152 151 149 147 144 140 136 134 137 142 144 141 140 144 149 154 158 163 171 176 168 153 145 139 133 132 135 141 142 141 142 146 153 161 169 173 172 169 163 154 147 146 148 151 153 155 157 159 160 161 160 159 159 157 155 153 152 151 149 146 143 143 144 146 148 151 153 155 166 182 188 194 199
124 127 134 141 147 152 155 158 165 181 196 196 182 171 166 163 161 158 156 155 154 152 150 148 146 143 137 132 131 135 142 144 143 144 149 153 158 165 174 180 177 163 151 145 141 136 137 141 146 146 145 146 151 159 167 173 176 174 169 163 154 147 146 147 150 152 155 158 160 162 163 162 162 162 161 160 160 159 159 159 157 151 145 142 144 148 151 152 155 171 186 188 191 193
122 125 133 141 147 153 158 160 167 182 192 188 176 170 167 165 163 160 157 155 153 151 150 147 145 141 135 129 128 132 139 141 143 146 151 157 165 175 183 181 172 162 154 150 147 144 145 149 152 152 150 151 156 164 171 176 179 176 169 162 153 144 141 142 144 147 150 153 156 157 158 159 160 160 160 161 160 161 162 164 163 160 154 148 145 147 152 154 159 176 186 187 191 192
121 124 131 139 146 154 160 162 167 181 187 182 173 170 169 167 165 162 158 155 152 150 149 146 143 139 132 127 126 129 135 138 141 145 150 159 173 183 183 175 167 161 156 153 150 148 148 151 155 155 155 157 161 168 174 179 182 180 171 162 152 143 137 134 136 138 139 140 140 142 144 147 150 151 153 154 154 155 157 160 162 162 160 161 152 174 151 157 166 179 185 189 194 192
122 123 129 136 143 152 160 162 168 178 182 177 171 170 170 169 166 163 158 153 149 148 146 144 142 138 131 126 124 127 133 137 141 145 149 160 178 184 179 170 163 158 154 152 148 146 147 150 155 158 159 161 166 172 177 183 187 184 173 162 153 145 136 131 128 128 129 129 130 131 132 133 136 139 141 143 143 143 146 149 151 154 155 156 155 175 153 160 170 180 185 192 194 186
124 124 128 134 140 149 157 162 169 177 181 177 171 171 173 171 166 161 155 150 147 146 145 143 141 137 132 127 127 130 135 139 143 147 151 164 181 183 174 165 158 153 150 147 143 142 144 148 154 158 160 164 169 175 181 187 191 185 172 161 154 147 137 129 126 126 129 131 131 131 128 125 123 125 129 132 132 131 133 134 132 132 135 141 147 152 157 164 172 179 185 189 185 178
126 127 131 136 141 147 154 159 167 178 183 179 175 176 177 172 165 157 150 146 145 145 144 143 141 138 134 130 130 133 138 141 143 147 154 169 183 180 170 160 152 147 144 141 138 138 141 146 153 159 160 164 171 178 185 190 192 183 170 161 155 147 137 128 126 128 132 135 133 129 123 117 114 115 118 120 117 114 113 113 111 114 122 131 141 151 159 166 173 177 182 182 177 172
129 131 136 141 145 150 153 156 164 177 185 186 184 182 178 172 164 155 149 146 145 145 145 144 142 140 136 133 132 135 139 143 144 148 158 174 183 178 168 159 151 145 140 136 135 135 138 144 153 159 161 164 172 181 188 193 193 182 169 161 155 146 135 127 127 130 134 136 134 128 122 119 118 116 113 114 113 111 100 106 114 122 129 136 144 153 159 168 174 176 177 176 172 167
129 132 140 146 151 155 157 157 163 175 187 192 189 183 176 170 164 158 153 150 148 147 146 145 144 143 140 137 136 139 145 149 151 155 164 177 180 176 168 160 152 144 137 133 132 133 136 141 150 158 160 164 172 182 191 197 194 183 171 164 155 146 137 129 128 130 133 135 134 132 131 131 129 125 117 111 108 109 113 121 128 134 139 150 152 158 162 168 174 174 174 173 168 161
126 130 141 150 156 161 161 161 165 176 189 192 186 179 172 168 163 159 157 154 152 150 148 147 145 145 143 139 139 143 149 154 157 162 170 178 178 173 167 160 153 144 135 130 129 130 132 136 144 152 157 163 173 184 194 199 196 186 175 167 158 150 142 134 131 132 135 137 137 138 139 140 139 134 127 124 124 126 130 133 136 139 144 150 156 161 164 169 173 173 171 169 163 156
123 127 138 150 159 164 165 165 169 179 190 189 180 173 167 163 160 158 156 155 153 151 148 146 145 145 143 140 141 145 150 153 158 164 173 179 177 170 164 158 151 142 133 128 125 125 127 131 137 145 152 162 173 185 196 200 196 185 174 166 159 152 146 140 138 139 142 142 143 144 145 147 148 144 140 137 137 138 140 141 141 143 148 153 158 162 165 169 172 170 167 164 158 152
122 125 136 148 157 164 168 170 175 183 190 185 174 166 161 157 154 152 151 151 149 147 145 143 143 143 140 138 140 147 152 153 156 162 171 178 176 168 162 157 150 140 131 125 122 123 123 125 129 137 146 157 169 183 194 197 191 182 173 165 158 151 147 143 143 147 150 148 147 149 152 156 156 152 149 148 148 147 147 146 146 147 151 155 178 162 165 168 170 167 164 161 154 150
121 124 135 146 154 162 168 174 181 188 192 182 166 157 152 149 145 142 139 138 139 139 138 137 138 137 134 133 138 148 156 159 160 162 168 175 174 168 162 157 150 140 129 125 125 127 128 129 132 137 145 153 165 179 190 191 185 177 170 164 156 150 146 145 146 150 152 151 152 155 160 162 161 157 155 154 154 154 153 152 151 151 153 156 158 161 162 166 168 165 162 158 152 151
121 123 133 144 152 160 168 178 188 197 198 181 157 142 137 136 133 128 123 123 125 127 128 129 131 130 128 128 134 146 156 162 164 166 169 173 173 168 163 158 151 140 131 129 132 138 142 142 142 146 151 157 165 177 187 187 180 173 166 159 153 149 147 146 147 148 148 150 155 161 163 163 161 159 157 157 157 158 158 157 156 156 156 169 158 159 159 162 165 162 159 156 151 154
123 125 133 143 152 160 170 184 201 212 207 180 149 130 124 124 125 121 118 118 118 118 119 124 128 126 124 125 130 141 152 159 165 168 172 176 176 170 164 160 152 141 134 133 138 146 150 150 150 153 156 161 168 177 185 184 176 167 159 153 150 148 147 147 147 145 143 146 154 161 162 160 160 159 157 156 157 159 160 159 158 158 159 159 185 157 155 157 160 158 156 154 151 155
128 130 137 147 155 164 175 194 214 219 205 177 153 138 131 129 131 129 125 123 121 120 121 125 127 125 123 124 128 136 145 153 160 167 175 181 182 174 166 160 152 142 135 134 139 147 152 153 154 157 159 163 170 178 183 181 172 162 153 149 148 147 147 148 147 141 138 140 149 156 157 155 155 155 154 152 152 155 158 158 157 157 158 159 157 154 151 151 154 154 153 151 150 153
131 134 142 151 161 170 184 204 215 208 190 172 159 151 146 141 139 136 132 130 129 128 129 130 130 126 125 126 130 137 142 147 153 163 175 184 184 175 168 161 152 142 134 132 136 144 150 153 157 161 163 165 171 178 182 177 167 157 150 147 148 148 148 148 144 137 133 135 143 149 150 150 148 148 148 147 145 145 148 150 150 151 152 154 152 146 142 142 146 149 150 148 146 149
132 136 145 155 165 177 192 206 206 193 179 169 163 159 154 149 144 140 137 136 136 137 137 136 134 130 129 131 137 142 146 148 151 158 170 180 180 173 167 160 151 141 133 131 134 141 146 151 159 164 165 167 172 177 180 174 163 153 148 148 150 150 149 147 141 133 129 131 138 143 145 146 144 141 140 140 138 137 137 136 134 135 136 135 132 129 128 132 139 146 148 146 144 144
133 137 148 158 170 183 196 202 194 182 173 168 165 163 160 155 148 144 141 139 139 139 140 139 137 135 134 136 142 149 152 154 154 157 167 175 175 170 165 159 150 139 132 129 131 136 142 148 157 163 166 168 172 177 177 171 160 152 148 149 151 150 150 146 139 132 128 128 133 137 139 141 142 139 136 133 131 128 124 112 101 100 106 111 116 121 125 130 137 143 148 149 148 146
134 138 150 162 174 187 197 198 186 174 168 165 164 163 162 159 154 148 145 143 139 138 139 139 138 137 137 139 145 151 157 159 159 160 166 172 172 169 165 158 148 139 131 127 128 132 138 145 153 159 164 167 169 172 173 167 158 152 151 151 150 150 149 144 136 129 123 120 123 127 129 132 133 133 131 129 122 107 88 77 80 91 109 119 122 125 129 134 138 142 147 151 153 152
135 140 153 166 178 191 200 197 181 168 161 159 158 159 160 160 158 154 150 146 141 138 138 138 138 139 139 141 144 150 156 160 161 163 166 170 173 171 165 157 148 139 132 128 128 132 138 144 150 154 157 159 163 171 170 165 157 154 154 150 148 148 144 137 130 121 114 111 112 114 114 117 120 120 119 115 102 84 84 102 113 123 130 131 129 129 132 137 141 144 148 154 158 160
136 142 156 170 183 196 202 196 179 163 154 152 151 153 155 157 157 156 153 151 146 140 137 137 138 140 141 141 143 146 150 154 159 163 166 170 173 171 164 156 149 141 134 129 129 133 139 144 147 149 151 153 157 165 169 167 161 157 153 147 145 143 135 128 123 117 113 112 114 115 116 117 119 116 112 107 109 118 126 131 134 138 139 137 136 137 140 144 147 150 153 159 163 166
139 145 160 175 189 199 201 193 178 164 154 149 147 147 149 151 154 155 154 153 150 144 139 138 139 142 144 144 144 145 146 148 153 160 164 169 173 170 163 156 150 142 134 128 128 131 138 143 147 151 152 154 158 166 173 174 170 165 159 154 151 146 139 132 130 128 126 127 129 132 133 133 131 129 129 134 139 139 138 139 142 145 146 144 144 147 152 155 157 158 160 164 169 170
143 149 164 179 194 201 198 186 174 166 159 154 150 148 147 148 151 152 153 154 152 147 142 140 142 145 148 148 149 149 149 150 153 157 160 166 172 169 162 156 151 143 134 127 127 133 143 149 152 155 157 158 162 170 178 179 175 171 167 163 160 156 151 147 143 141 138 137 138 140 140 140 140 141 143 145 146 143 142 143 147 151 152 151 150 153 159 164 167 168 169 171 174 175
146 152 167 184 197 200 192 179 169 164 161 159 156 153 150 148 149 150 151 153 153 148 143 141 144 148 151 153 154 154 153 155 157 159 161 166 171 169 163 159 154 146 136 129 130 137 146 151 154 157 160 163 166 173 178 178 175 172 168 165 163 159 155 151 148 147 144 139 137 139 141 142 144 145 144 146 146 143 142 145 150 154 156 156 155 157 164 170 175 178 178 178 180 181
151 157 172 188 198 198 187 172 164 160 158 158 158 157 154 150 149 148 148 155 151 153 144 142 144 148 152 155 157 156 155 157 159 161 163 167 171 170 166 161 156 148 138 131 131 135 142 147 151 155 159 163 168 174 178 178 174 170 166 163 160 157 154 151 149 148 146 138 135 138 143 146 145 144 144 145 145 143 142 145 149 154 157 158 158 160 165 170 177 184 186 186 185 186
154 160 176 190 198 195 180 166 159 155 154 155 156 156 154 150 148 147 146 147 149 147 144 142 143 145 150 155 157 157 157 158 159 160 161 165 169 171 168 162 156 149 139 130 128 130 136 140 144 148 153 158 164 173 179 178 172 167 163 160 156 153 152 150 148 147 144 138 138 143 149 150 147 145 145 146 146 144 143 144 147 150 152 155 159 163 166 168 176 186 191 191 190 191
156 163 179 191 196 188 171 160 155 153 151 150 151 151 150 148 149 147 146 146 146 145 144 142 142 143 148 153 156 157 158 160 161 161 160 162 168 172 170 163 155 148 138 129 126 128 134 139 143 148 152 156 161 170 178 178 172 166 162 158 153 151 153 154 151 148 144 142 144 149 153 153 151 149 149 150 149 147 146 146 147 144 142 145 152 162 169 172 177 185 190 193 194 196
157 165 181 191 191 177 164 157 154 152 150 149 147 146 145 144 144 144 145 145 145 144 143 142 141 142 146 152 155 157 160 163 164 163 163 164 169 175 174 165 156 148 139 129 124 125 132 138 142 147 151 155 158 165 174 176 172 167 163 158 153 155 160 160 155 151 149 149 151 154 155 154 153 153 154 153 152 151 151 152 151 148 143 141 145 154 167 175 181 186 190 194 197 197
157 166 183 190 185 170 161 157 155 154 153 150 147 145 143 142 143 145 146 146 145 144 143 141 138 139 143 150 153 156 161 165 166 165 165 168 174 179 176 165 155 147 138 126 119 119 124 129 135 140 145 149 151 158 168 174 171 166 163 159 158 163 166 160 154 152 152 153 154 155 155 153 153 155 156 155 154 153 155 157 159 157 152 147 146 150 161 173 184 190 192 195 197 195
158 168 183 188 181 169 161 159 158 157 155 151 147 144 142 142 143 146 148 148 146 145 143 140 136 135 138 145 149 152 158 164 166 166 167 172 179 183 178 165 154 145 136 124 116 115 119 125 130 137 143 148 150 155 164 171 170 166 163 161 163 167 165 156 151 151 152 152 153 153 151 149 151 154 156 155 154 153 154 158 163 164 160 155 153 154 159 170 183 192 194 194 194 192
162 169 181 183 178 169 162 159 158 156 153 149 145 143 142 142 143 146 148 148 147 145 143 139 134 131 132 138 142 145 151 158 163 166 168 175 183 186 180 169 157 149 141 130 122 121 125 130 135 141 146 150 153 157 164 171 173 171 167 166 167 167 161 153 149 148 149 150 151 149 145 143 146 150 153 153 152 150 150 154 162 166 164 161 159 159 162 170 182 190 192 191 190 188
167 171 177 179 175 168 162 158 156 153 150 146 143 141 141 141 141 144 148 148 146 145 143 139 133 129 129 131 133 135 139 145 153 161 168 177 185 186 181 172 162 155 148 140 133 131 133 137 141 145 148 151 153 157 165 173 177 176 173 172 170 166 158 151 147 146 147 149 149 145 139 137 140 146 151 152 151 150 149 150 156 163 165 165 164 164 166 172 181 187 187 186 186 182
171 171 173 175 172 165 159 155 153 150 147 143 141 140 140 140 140 143 147 148 146 144 144 139 133 129 128 130 129 127 128 133 140 151 164 177 185 185 179 170 162 156 152 145 138 136 137 140 143 147 149 150 152 156 165 174 178 176 174 173 170 163 155 148 145 144 148 150 148 143 136 134 137 143 149 151 151 150 150 150 152 158 163 166 167 168 170 174 180 182 182 181 181 176
171 171 173 173 168 162 156 152 149 146 143 141 139 139 141 141 141 144 148 149 145 145 145 140 134 130 131 135 138 136 134 135 139 146 157 172 184 183 175 167 160 156 152 146 140 136 137 140 144 148 150 152 154 158 165 172 176 175 173 170 166 160 153 146 142 144 151 153 148 142 135 132 133 138 145 148 148 149 150 150 150 153 159 165 167 170 174 178 178 178 178 177 176 172
