project/data/elevation/US_DEM2016/US_DEM2016_point_10-29-2019_1010_30m_vel.asc
ncols	125
nrows	167
xllcorner	-2042055.000000
yllcorner	1465035.000000
cellsize	30.000000
NODATA_value	-9999.000000
[rows 114 to 151 of 167, columns 0 to 83 of 125]
2.02 1.95 1.86 1.80 1.78 1.89 2.11 2.18 2.05 1.92 1.85 1.77 1.67 1.60 1.60 1.72 1.98 2.23 2.39 2.65 3.01 3.03 2.53 2.08 2.26 2.57 2.64 2.54 2.36 2.23 2.19 2.14 2.07 1.94 1.70 1.39 1.13 1.05 1.10 1.30 1.62 1.97 2.51 2.99 3.01 2.65 2.24 1.87 1.76 2.08 2.57 2.84 2.75 2.45 2.17 1.96 1.76 1.60 1.52 1.50 1.51 1.53 1.61 1.81 2.06 2.36 2.66 2.73 2.53 2.23 1.98 1.77 1.56 1.45 1.49 1.64 1.81 2.02 2.48 2.94 2.79 2.27 2.01 1.88
2.09 2.02 1.91 1.86 1.83 1.88 2.01 2.00 1.84 1.72 1.69 1.62 1.53 1.51 1.67 1.99 2.34 2.54 2.61 2.77 2.97 2.89 2.41 2.11 2.24 2.41 2.45 2.51 2.43 2.27 2.19 2.15 2.08 1.92 1.69 1.45 1.25 1.15 1.19 1.42 1.76 2.10 2.57 2.94 2.86 2.49 2.13 1.84 1.75 2.04 2.57 2.82 2.71 2.44 2.19 1.98 1.82 1.73 1.62 1.53 1.51 1.54 1.62 1.82 2.09 2.39 2.64 2.67 2.47 2.20 1.96 1.75 1.57 1.46 1.48 1.60 1.75 1.98 2.45 2.92 2.82 2.35 2.07 1.92
2.16 2.07 1.93 1.87 1.83 1.81 1.84 1.82 1.71 1.66 1.66 1.61 1.57 1.72 2.08 2.50 2.72 2.71 2.65 2.66 2.73 2.74 2.50 2.24 2.21 2.19 2.23 2.44 2.51 2.35 2.18 2.14 2.08 1.92 1.72 1.56 1.39 1.26 1.30 1.55 1.85 2.13 2.54 2.84 2.74 2.43 2.11 1.84 1.79 2.11 2.56 2.77 2.66 2.43 2.21 2.03 1.91 1.85 1.73 1.60 1.55 1.57 1.63 1.80 2.08 2.36 2.54 2.58 2.44 2.19 1.96 1.75 1.56 1.45 1.47 1.57 1.72 1.96 2.42 2.89 2.87 2.48 2.16 2.03
2.20 2.10 1.94 1.85 1.79 1.73 1.72 1.71 1.68 1.69 1.74 1.78 1.91 2.20 2.57 2.80 2.76 2.57 2.45 2.36 2.42 2.64 2.62 2.40 2.19 2.05 2.05 2.34 2.56 2.43 2.18 2.12 2.10 1.98 1.79 1.59 1.38 1.26 1.32 1.55 1.82 2.11 2.48 2.73 2.65 2.43 2.16 1.88 1.88 2.20 2.53 2.65 2.58 2.45 2.28 2.09 1.98 1.91 1.80 1.64 1.57 1.57 1.62 1.75 2.02 2.26 2.40 2.51 2.47 2.23 1.96 1.75 1.56 1.45 1.47 1.57 1.72 1.96 2.39 2.87 2.93 2.58 2.24 2.15
2.21 2.11 1.95 1.85 1.76 1.69 1.66 1.67 1.70 1.75 1.89 2.08 2.29 2.52 2.71 2.68 2.44 2.27 2.21 2.08 2.18 2.55 2.70 2.54 2.24 1.96 1.87 2.18 2.55 2.49 2.23 2.13 2.11 2.04 1.85 1.55 1.29 1.20 1.28 1.51 1.81 2.14 2.48 2.61 2.52 2.40 2.26 2.01 1.98 2.21 2.45 2.51 2.48 2.47 2.38 2.18 2.03 1.92 1.77 1.61 1.52 1.52 1.58 1.69 1.91 2.10 2.24 2.48 2.55 2.30 1.98 1.75 1.58 1.48 1.49 1.59 1.74 1.96 2.39 2.89 2.97 2.61 2.28 2.19
2.20 2.13 1.99 1.87 1.77 1.69 1.65 1.66 1.73 1.88 2.12 2.35 2.47 2.56 2.55 2.39 2.19 2.11 2.03 1.92 2.06 2.44 2.73 2.68 2.33 1.89 1.73 2.04 2.48 2.53 2.34 2.17 2.09 2.04 1.89 1.57 1.27 1.19 1.29 1.52 1.85 2.20 2.47 2.46 2.30 2.33 2.39 2.21 2.06 2.17 2.35 2.41 2.40 2.47 2.46 2.27 2.08 1.92 1.73 1.56 1.45 1.45 1.51 1.62 1.77 1.94 2.17 2.53 2.63 2.34 1.98 1.75 1.59 1.49 1.50 1.62 1.74 1.95 2.41 2.91 2.99 2.63 2.31 2.17
2.22 2.16 2.04 1.90 1.78 1.70 1.65 1.67 1.83 2.09 2.34 2.44 2.45 2.44 2.38 2.22 2.10 2.02 1.88 1.83 2.00 2.35 2.74 2.81 2.42 1.88 1.68 1.93 2.39 2.54 2.41 2.21 2.06 1.98 1.87 1.62 1.36 1.27 1.36 1.57 1.92 2.27 2.44 2.28 2.02 2.21 2.49 2.40 2.16 2.15 2.27 2.36 2.39 2.46 2.47 2.31 2.10 1.92 1.73 1.55 1.41 1.38 1.45 1.55 1.69 1.92 2.27 2.62 2.65 2.32 1.96 1.74 1.58 1.47 1.50 1.61 1.71 1.94 2.43 2.92 2.99 2.67 2.35 2.17
2.29 2.22 2.07 1.92 1.80 1.73 1.69 1.73 1.97 2.28 2.43 2.39 2.34 2.34 2.27 2.14 2.05 1.93 1.80 1.83 2.04 2.37 2.76 2.84 2.50 2.00 1.74 1.87 2.27 2.51 2.46 2.28 2.06 1.92 1.82 1.68 1.51 1.40 1.42 1.63 1.97 2.29 2.35 2.05 1.77 2.08 2.54 2.57 2.31 2.18 2.24 2.34 2.38 2.41 2.40 2.31 2.13 1.93 1.73 1.53 1.39 1.37 1.43 1.55 1.76 2.03 2.37 2.63 2.59 2.28 1.96 1.73 1.57 1.45 1.48 1.58 1.71 1.97 2.45 2.88 2.97 2.71 2.39 2.16
2.37 2.27 2.07 1.91 1.82 1.78 1.76 1.83 2.12 2.36 2.39 2.30 2.27 2.26 2.16 2.05 1.98 1.90 1.86 1.95 2.14 2.41 2.73 2.83 2.55 2.11 1.83 1.84 2.12 2.42 2.49 2.36 2.11 1.88 1.77 1.72 1.63 1.51 1.47 1.67 2.03 2.26 2.16 1.79 1.61 1.96 2.50 2.69 2.50 2.24 2.24 2.32 2.32 2.30 2.29 2.28 2.18 1.98 1.73 1.50 1.40 1.40 1.45 1.61 1.84 2.09 2.38 2.59 2.53 2.25 1.95 1.72 1.55 1.44 1.48 1.60 1.78 2.03 2.39 2.80 2.96 2.78 2.43 2.15
2.42 2.30 2.07 1.91 1.85 1.84 1.84 1.92 2.17 2.33 2.31 2.23 2.22 2.17 2.00 1.95 1.99 1.98 1.96 1.99 2.09 2.32 2.67 2.84 2.61 2.20 1.90 1.83 1.98 2.29 2.48 2.43 2.18 1.90 1.79 1.76 1.68 1.55 1.51 1.73 2.04 2.11 1.86 1.58 1.58 1.90 2.42 2.77 2.66 2.36 2.28 2.29 2.24 2.19 2.18 2.23 2.24 2.05 1.74 1.50 1.42 1.42 1.47 1.64 1.88 2.12 2.36 2.56 2.50 2.21 1.91 1.69 1.51 1.43 1.49 1.64 1.81 1.98 2.24 2.68 2.97 2.85 2.49 2.17
2.46 2.34 2.12 1.94 1.88 1.89 1.91 1.97 2.11 2.23 2.22 2.20 2.16 2.01 1.85 1.94 2.06 2.03 1.93 1.86 1.92 2.21 2.67 2.91 2.65 2.21 1.97 1.85 1.89 2.13 2.41 2.47 2.27 1.99 1.85 1.77 1.66 1.55 1.53 1.74 1.93 1.83 1.59 1.53 1.66 1.92 2.37 2.81 2.79 2.52 2.36 2.28 2.19 2.12 2.10 2.18 2.26 2.10 1.78 1.56 1.46 1.44 1.49 1.71 1.98 2.17 2.35 2.52 2.44 2.15 1.88 1.66 1.45 1.40 1.51 1.65 1.78 1.88 2.11 2.59 2.96 2.89 2.54 2.22
2.50 2.40 2.16 1.96 1.89 1.90 1.94 1.96 2.02 2.11 2.17 2.19 2.09 1.87 1.83 1.98 2.06 1.95 1.79 1.72 1.86 2.25 2.76 2.95 2.63 2.21 2.02 1.90 1.83 1.96 2.29 2.48 2.36 2.09 1.88 1.75 1.64 1.55 1.55 1.67 1.73 1.60 1.53 1.63 1.79 1.98 2.38 2.84 2.89 2.66 2.43 2.27 2.17 2.10 2.07 2.15 2.24 2.13 1.88 1.64 1.49 1.47 1.56 1.84 2.07 2.16 2.28 2.44 2.38 2.10 1.84 1.61 1.40 1.39 1.52 1.64 1.74 1.84 2.06 2.51 2.89 2.91 2.63 2.34
2.55 2.42 2.14 1.94 1.87 1.91 1.95 1.95 1.96 2.04 2.13 2.15 2.00 1.81 1.82 1.92 1.92 1.82 1.72 1.74 1.97 2.42 2.89 2.93 2.55 2.20 2.07 1.94 1.79 1.84 2.15 2.44 2.43 2.16 1.89 1.75 1.67 1.61 1.58 1.58 1.60 1.60 1.65 1.76 1.88 2.06 2.43 2.85 2.93 2.71 2.45 2.27 2.17 2.10 2.07 2.11 2.18 2.15 1.95 1.67 1.50 1.52 1.66 1.90 2.03 2.05 2.19 2.39 2.35 2.06 1.76 1.52 1.37 1.41 1.53 1.62 1.72 1.85 2.02 2.35 2.78 2.95 2.80 2.48
2.57 2.39 2.08 1.92 1.90 1.94 1.97 1.95 1.94 1.99 2.06 2.04 1.90 1.78 1.79 1.82 1.83 1.80 1.82 1.97 2.21 2.59 2.94 2.84 2.42 2.20 2.11 1.94 1.75 1.77 2.03 2.37 2.45 2.25 1.97 1.83 1.76 1.68 1.60 1.56 1.62 1.68 1.72 1.81 1.94 2.12 2.46 2.84 2.91 2.68 2.44 2.30 2.20 2.12 2.06 2.07 2.13 2.12 1.95 1.67 1.52 1.57 1.72 1.86 1.92 1.98 2.20 2.40 2.31 1.98 1.63 1.42 1.37 1.43 1.53 1.60 1.71 1.87 2.00 2.19 2.67 3.03 2.93 2.49
2.53 2.33 2.06 1.99 2.01 2.01 1.98 1.94 1.92 1.94 1.96 1.93 1.83 1.80 1.83 1.86 1.90 1.97 2.10 2.23 2.37 2.64 2.84 2.67 2.36 2.22 2.12 1.92 1.77 1.79 1.97 2.26 2.44 2.34 2.10 1.93 1.82 1.70 1.60 1.57 1.63 1.67 1.72 1.85 2.01 2.20 2.49 2.81 2.85 2.64 2.43 2.32 2.23 2.12 2.03 2.05 2.09 2.05 1.92 1.71 1.56 1.61 1.72 1.80 1.87 2.05 2.30 2.40 2.19 1.80 1.50 1.39 1.39 1.44 1.54 1.61 1.72 1.88 1.99 2.16 2.68 3.13 2.98 2.42
2.47 2.33 2.12 2.11 2.16 2.10 1.99 1.93 1.91 1.90 1.91 1.87 1.82 1.88 1.98 2.03 2.10 2.20 2.27 2.29 2.32 2.49 2.67 2.59 2.39 2.25 2.10 1.93 1.82 1.84 1.94 2.15 2.40 2.43 2.23 1.98 1.80 1.67 1.58 1.55 1.58 1.64 1.76 1.95 2.13 2.29 2.49 2.68 2.74 2.62 2.44 2.33 2.24 2.11 2.01 2.03 2.05 1.96 1.87 1.74 1.62 1.64 1.70 1.78 1.94 2.17 2.35 2.28 1.95 1.60 1.44 1.42 1.41 1.46 1.56 1.65 1.74 1.88 2.02 2.25 2.77 3.17 2.95 2.41
2.46 2.38 2.26 2.27 2.26 2.13 1.97 1.91 1.90 1.90 1.90 1.87 1.87 2.00 2.12 2.16 2.20 2.24 2.23 2.15 2.09 2.22 2.51 2.63 2.49 2.27 2.08 1.96 1.89 1.88 1.92 2.09 2.36 2.49 2.31 2.01 1.82 1.69 1.59 1.54 1.55 1.66 1.86 2.07 2.23 2.33 2.40 2.46 2.56 2.62 2.54 2.42 2.29 2.12 1.99 2.01 2.03 1.93 1.82 1.75 1.68 1.66 1.71 1.83 2.04 2.24 2.27 2.05 1.70 1.50 1.45 1.45 1.44 1.49 1.60 1.69 1.77 1.89 2.05 2.35 2.85 3.15 2.94 2.55
2.51 2.45 2.36 2.33 2.26 2.09 1.95 1.90 1.90 1.91 1.91 1.90 1.94 2.06 2.15 2.15 2.14 2.13 2.05 1.93 1.86 1.99 2.39 2.72 2.62 2.32 2.10 2.00 1.94 1.89 1.93 2.10 2.37 2.50 2.34 2.07 1.91 1.78 1.64 1.56 1.59 1.77 1.98 2.15 2.26 2.26 2.22 2.20 2.33 2.59 2.71 2.58 2.36 2.14 1.98 2.00 2.03 1.92 1.80 1.74 1.71 1.69 1.73 1.89 2.12 2.22 2.09 1.81 1.57 1.48 1.48 1.47 1.48 1.54 1.64 1.72 1.80 1.91 2.08 2.41 2.95 3.19 2.96 2.64
2.58 2.51 2.40 2.33 2.20 2.04 1.93 1.92 1.94 1.92 1.92 1.92 1.96 2.04 2.08 2.08 2.07 1.99 1.85 1.75 1.75 1.93 2.42 2.80 2.73 2.39 2.13 2.01 1.95 1.92 1.98 2.15 2.36 2.44 2.32 2.14 2.02 1.89 1.70 1.60 1.65 1.84 2.02 2.15 2.19 2.11 2.01 1.99 2.15 2.56 2.85 2.72 2.39 2.14 2.00 2.02 2.04 1.92 1.77 1.71 1.70 1.71 1.76 1.93 2.12 2.12 1.88 1.63 1.52 1.50 1.50 1.49 1.52 1.60 1.66 1.73 1.82 1.93 2.16 2.59 3.13 3.24 2.90 2.56
2.65 2.57 2.45 2.34 2.18 2.00 1.92 1.96 1.99 1.93 1.90 1.92 1.95 1.98 2.02 2.05 2.01 1.84 1.70 1.72 1.82 2.05 2.52 2.86 2.78 2.45 2.15 2.01 1.96 1.96 2.04 2.17 2.29 2.34 2.32 2.23 2.11 1.97 1.76 1.65 1.70 1.82 1.98 2.12 2.09 1.94 1.87 1.89 2.09 2.59 2.95 2.77 2.40 2.15 2.03 2.04 2.03 1.90 1.74 1.67 1.69 1.72 1.78 1.92 2.07 2.01 1.73 1.55 1.51 1.51 1.51 1.51 1.55 1.62 1.67 1.75 1.85 1.98 2.34 2.87 3.23 3.14 2.75 2.48
2.73 2.64 2.47 2.31 2.13 1.94 1.89 1.98 2.01 1.89 1.83 1.89 1.94 1.97 2.00 2.01 1.89 1.71 1.68 1.82 1.95 2.16 2.61 2.89 2.78 2.49 2.19 2.02 1.97 2.00 2.07 2.16 2.22 2.26 2.34 2.32 2.17 1.99 1.81 1.69 1.69 1.77 1.95 2.06 1.96 1.81 1.80 1.86 2.13 2.69 2.99 2.78 2.41 2.17 2.05 2.04 2.02 1.88 1.70 1.67 1.70 1.74 1.79 1.89 2.01 1.92 1.65 1.52 1.51 1.51 1.50 1.51 1.57 1.64 1.71 1.80 1.91 2.14 2.63 3.10 3.15 2.89 2.60 2.44
2.82 2.69 2.44 2.24 2.06 1.89 1.85 1.94 1.97 1.83 1.77 1.87 1.98 2.01 1.99 1.91 1.78 1.68 1.75 1.90 1.99 2.19 2.64 2.89 2.76 2.50 2.22 2.02 1.97 2.01 2.10 2.16 2.19 2.26 2.37 2.36 2.18 1.97 1.79 1.69 1.65 1.71 1.86 1.94 1.82 1.74 1.79 1.87 2.21 2.78 2.99 2.74 2.38 2.18 2.07 2.04 2.01 1.86 1.69 1.68 1.73 1.75 1.79 1.86 1.95 1.86 1.62 1.51 1.50 1.48 1.45 1.49 1.58 1.67 1.77 1.87 2.07 2.45 2.91 3.10 2.94 2.69 2.52 2.40
2.90 2.72 2.39 2.19 2.03 1.87 1.80 1.86 1.92 1.84 1.81 1.94 2.08 2.07 1.94 1.80 1.72 1.71 1.78 1.87 1.97 2.21 2.68 2.90 2.74 2.50 2.24 2.01 1.96 2.03 2.11 2.17 2.20 2.28 2.37 2.32 2.14 1.95 1.77 1.62 1.54 1.59 1.71 1.77 1.74 1.75 1.80 1.88 2.32 2.89 2.96 2.62 2.34 2.20 2.11 2.06 2.00 1.85 1.71 1.73 1.77 1.77 1.78 1.84 1.90 1.79 1.59 1.49 1.48 1.44 1.42 1.48 1.59 1.73 1.88 2.07 2.38 2.80 2.99 2.86 2.69 2.61 2.51 2.36
2.91 2.69 2.32 2.13 2.02 1.86 1.78 1.84 1.92 1.92 1.95 2.08 2.16 2.06 1.84 1.71 1.68 1.69 1.71 1.81 1.98 2.27 2.71 2.89 2.72 2.49 2.27 2.06 1.99 2.04 2.11 2.15 2.18 2.25 2.31 2.23 2.07 1.93 1.75 1.55 1.45 1.49 1.59 1.68 1.75 1.81 1.81 1.96 2.52 2.99 2.87 2.47 2.28 2.24 2.16 2.07 2.00 1.88 1.78 1.81 1.82 1.77 1.75 1.80 1.84 1.74 1.57 1.49 1.46 1.42 1.43 1.53 1.70 1.91 2.13 2.41 2.75 2.98 2.88 2.56 2.47 2.59 2.54 2.40
2.84 2.61 2.25 2.11 2.04 1.93 1.87 1.90 1.96 2.00 2.06 2.13 2.11 1.91 1.70 1.62 1.62 1.62 1.66 1.83 2.05 2.35 2.73 2.86 2.69 2.48 2.30 2.14 2.05 2.06 2.09 2.10 2.11 2.17 2.21 2.11 1.95 1.84 1.69 1.53 1.47 1.49 1.58 1.71 1.84 1.89 1.90 2.18 2.76 3.00 2.70 2.32 2.22 2.25 2.20 2.10 2.03 1.95 1.91 1.91 1.84 1.73 1.70 1.76 1.81 1.73 1.57 1.49 1.45 1.46 1.55 1.71 1.96 2.18 2.38 2.65 2.87 2.90 2.68 2.36 2.35 2.54 2.57 2.51
2.71 2.54 2.28 2.19 2.14 2.07 2.02 2.00 2.01 2.04 2.09 2.09 1.97 1.76 1.60 1.56 1.58 1.59 1.69 1.91 2.14 2.42 2.74 2.83 2.67 2.49 2.33 2.21 2.13 2.10 2.09 2.05 2.05 2.09 2.10 1.98 1.83 1.75 1.64 1.55 1.53 1.57 1.69 1.86 1.98 2.01 2.09 2.45 2.87 2.89 2.52 2.21 2.14 2.21 2.23 2.16 2.10 2.05 2.01 1.93 1.78 1.66 1.66 1.74 1.81 1.74 1.58 1.49 1.48 1.55 1.74 1.97 2.19 2.32 2.41 2.60 2.77 2.75 2.55 2.30 2.28 2.43 2.54 2.63
2.58 2.53 2.44 2.38 2.30 2.22 2.12 2.07 2.06 2.05 2.06 2.02 1.87 1.68 1.58 1.56 1.57 1.61 1.76 2.00 2.21 2.49 2.73 2.76 2.64 2.50 2.37 2.25 2.17 2.14 2.07 2.00 1.97 1.98 1.97 1.87 1.76 1.69 1.63 1.58 1.63 1.74 1.91 2.05 2.10 2.12 2.25 2.57 2.83 2.72 2.37 2.12 2.03 2.14 2.26 2.25 2.19 2.12 2.00 1.82 1.66 1.60 1.65 1.75 1.80 1.73 1.58 1.51 1.53 1.67 1.92 2.12 2.22 2.25 2.27 2.41 2.67 2.77 2.58 2.28 2.16 2.25 2.46 2.69
2.56 2.60 2.60 2.50 2.37 2.24 2.14 2.12 2.11 2.04 1.98 1.92 1.79 1.66 1.59 1.58 1.60 1.68 1.88 2.10 2.29 2.51 2.66 2.68 2.61 2.51 2.39 2.27 2.20 2.15 2.05 1.91 1.85 1.86 1.84 1.79 1.72 1.67 1.63 1.66 1.81 2.01 2.14 2.17 2.15 2.15 2.28 2.57 2.75 2.58 2.28 2.03 1.91 2.07 2.30 2.35 2.27 2.13 1.93 1.71 1.61 1.61 1.67 1.75 1.79 1.71 1.58 1.54 1.58 1.76 2.00 2.11 2.12 2.12 2.13 2.26 2.64 2.89 2.69 2.27 2.05 2.11 2.36 2.65
2.66 2.70 2.68 2.51 2.29 2.15 2.14 2.15 2.09 1.97 1.87 1.82 1.76 1.68 1.62 1.62 1.67 1.80 2.02 2.19 2.32 2.45 2.54 2.61 2.60 2.52 2.40 2.27 2.20 2.16 2.04 1.85 1.76 1.76 1.75 1.72 1.69 1.67 1.69 1.84 2.09 2.25 2.24 2.16 2.09 2.10 2.27 2.56 2.67 2.48 2.18 1.93 1.82 2.04 2.33 2.41 2.30 2.10 1.86 1.68 1.64 1.67 1.71 1.76 1.76 1.69 1.61 1.59 1.64 1.81 1.99 2.03 2.04 2.07 2.08 2.25 2.71 2.99 2.79 2.31 2.05 2.06 2.24 2.55
2.78 2.76 2.68 2.47 2.19 2.05 2.10 2.10 1.99 1.85 1.77 1.76 1.75 1.70 1.65 1.67 1.78 1.94 2.11 2.20 2.25 2.29 2.41 2.57 2.64 2.56 2.40 2.25 2.20 2.18 2.05 1.84 1.72 1.68 1.66 1.65 1.67 1.74 1.89 2.14 2.32 2.30 2.16 2.05 2.02 2.07 2.27 2.54 2.59 2.37 2.08 1.85 1.81 2.04 2.36 2.43 2.28 2.03 1.81 1.72 1.72 1.75 1.76 1.77 1.76 1.71 1.66 1.65 1.69 1.82 1.96 2.01 2.04 2.05 2.09 2.36 2.82 3.05 2.82 2.37 2.08 1.99 2.10 2.46
2.85 2.81 2.68 2.43 2.12 1.97 2.01 2.02 1.91 1.78 1.72 1.73 1.74 1.71 1.69 1.73 1.87 2.01 2.10 2.12 2.12 2.15 2.32 2.58 2.70 2.60 2.40 2.25 2.21 2.19 2.06 1.85 1.68 1.61 1.59 1.60 1.71 1.92 2.17 2.35 2.35 2.18 2.03 1.99 2.01 2.09 2.29 2.50 2.49 2.26 1.99 1.83 1.81 2.05 2.36 2.42 2.24 2.01 1.84 1.81 1.86 1.83 1.79 1.79 1.79 1.75 1.70 1.69 1.71 1.79 1.92 2.03 2.03 1.99 2.13 2.54 2.96 3.07 2.80 2.38 2.05 1.89 1.99 2.44
2.88 2.82 2.65 2.36 2.05 1.89 1.92 1.95 1.90 1.80 1.72 1.71 1.73 1.71 1.71 1.77 1.89 1.97 2.00 2.01 2.01 2.07 2.31 2.64 2.75 2.61 2.41 2.28 2.22 2.16 2.04 1.84 1.63 1.56 1.56 1.60 1.78 2.09 2.33 2.38 2.25 2.07 1.98 2.01 2.06 2.11 2.28 2.45 2.40 2.15 1.93 1.79 1.81 2.07 2.36 2.39 2.23 2.05 1.92 1.94 1.99 1.90 1.82 1.82 1.82 1.78 1.73 1.70 1.70 1.78 1.93 2.03 1.97 1.95 2.29 2.81 3.07 3.00 2.73 2.37 2.03 1.83 1.94 2.43
2.83 2.77 2.58 2.28 1.99 1.86 1.89 1.93 1.92 1.85 1.77 1.73 1.72 1.71 1.72 1.77 1.83 1.86 1.90 1.95 1.98 2.09 2.41 2.72 2.77 2.60 2.42 2.31 2.17 2.04 1.98 1.81 1.59 1.55 1.57 1.63 1.84 2.17 2.38 2.39 2.23 2.04 1.99 2.05 2.08 2.10 2.23 2.38 2.32 2.08 1.84 1.73 1.84 2.13 2.36 2.37 2.23 2.07 2.00 2.04 2.05 1.94 1.85 1.84 1.84 1.79 1.75 1.72 1.74 1.85 1.97 1.99 1.94 2.09 2.62 3.02 3.02 2.80 2.63 2.39 2.08 1.84 1.93 2.37
2.65 2.64 2.55 2.30 2.04 1.96 1.98 1.99 1.95 1.90 1.84 1.77 1.72 1.71 1.71 1.73 1.75 1.80 1.92 2.02 2.06 2.21 2.55 2.78 2.73 2.56 2.42 2.28 2.05 1.91 1.91 1.79 1.59 1.57 1.60 1.66 1.88 2.21 2.42 2.45 2.27 2.05 1.99 2.05 2.04 2.05 2.19 2.32 2.25 1.97 1.71 1.73 1.97 2.23 2.36 2.33 2.20 2.08 2.05 2.07 2.07 1.99 1.92 1.89 1.85 1.80 1.77 1.77 1.82 1.90 1.94 1.93 2.03 2.41 2.90 3.03 2.79 2.54 2.50 2.41 2.16 1.87 1.87 2.25
2.30 2.43 2.54 2.43 2.23 2.12 2.09 2.05 1.98 1.94 1.89 1.79 1.72 1.70 1.70 1.71 1.75 1.86 1.99 2.05 2.09 2.27 2.60 2.79 2.68 2.47 2.36 2.21 1.95 1.83 1.86 1.78 1.63 1.61 1.63 1.70 1.93 2.27 2.49 2.48 2.27 2.04 1.98 1.99 1.96 1.99 2.17 2.28 2.15 1.81 1.63 1.82 2.14 2.31 2.33 2.26 2.15 2.07 2.06 2.09 2.10 2.07 2.01 1.92 1.83 1.80 1.80 1.81 1.84 1.84 1.84 1.95 2.26 2.70 2.98 2.90 2.57 2.38 2.39 2.40 2.21 1.90 1.80 2.09
1.94 2.20 2.52 2.55 2.39 2.24 2.16 2.10 2.03 1.97 1.89 1.78 1.71 1.70 1.70 1.73 1.82 1.92 1.95 1.96 2.05 2.30 2.65 2.82 2.64 2.37 2.22 2.10 1.94 1.85 1.85 1.79 1.69 1.67 1.69 1.78 2.02 2.33 2.50 2.44 2.23 2.04 1.96 1.91 1.86 1.95 2.17 2.23 2.00 1.68 1.66 1.99 2.27 2.34 2.28 2.19 2.11 2.06 2.05 2.09 2.13 2.14 2.08 1.92 1.80 1.78 1.81 1.82 1.80 1.77 1.85 2.12 2.50 2.77 2.87 2.73 2.48 2.33 2.32 2.34 2.23 1.97 1.79 1.88
1.75 2.02 2.44 2.61 2.52 2.34 2.25 2.17 2.08 1.96 1.84 1.76 1.73 1.72 1.73 1.78 1.86 1.88 1.84 1.88 2.09 2.44 2.77 2.83 2.57 2.25 2.09 2.04 2.00 1.95 1.89 1.80 1.75 1.74 1.77 1.88 2.08 2.32 2.44 2.37 2.21 2.07 1.97 1.88 1.82 1.93 2.15 2.15 1.88 1.64 1.78 2.15 2.35 2.33 2.22 2.14 2.08 2.01 2.00 2.08 2.16 2.18 2.12 1.95 1.79 1.76 1.81 1.82 1.79 1.81 1.98 2.29 2.53 2.67 2.74 2.65 2.47 2.34 2.27 2.24 2.22 2.07 1.84 1.77
1.66 1.86 2.30 2.64 2.67 2.49 2.31 2.16 2.01 1.86 1.77 1.77 1.77 1.76 1.77 1.81 1.85 1.82 1.82 1.97 2.25 2.58 2.80 2.73 2.42 2.14 2.04 2.06 2.09 2.05 1.93 1.81 1.78 1.80 1.84 1.91 2.06 2.27 2.38 2.33 2.23 2.11 2.01 1.90 1.84 1.91 2.09 2.07 1.79 1.65 1.91 2.28 2.39 2.30 2.19 2.11 2.04 1.95 1.95 2.07 2.18 2.20 2.14 1.99 1.82 1.79 1.83 1.84 1.84 1.90 2.07 2.26 2.36 2.55 2.71 2.64 2.48 2.36 2.23 2.15 2.18 2.12 1.87 1.72
