project/data/elevation/US_DEM2016/US_DEM2016_point_10-28-2019_1856_30m_vel.asc
ncols	125
nrows	167
xllcorner	-2042055.000000
yllcorner	1465035.000000
cellsize	30.000000
NODATA_value	-9999.000000
[rows 76 to 113 of 167, columns 0 to 83 of 125]
2.63 2.36 2.15 2.22 2.27 2.43 2.82 3.24 3.44 3.37 3.18 3.08 3.28 3.75 4.32 4.86 5.16 5.13 4.76 4.29 3.93 3.66 3.40 3.16 3.00 2.93 2.84 2.74 2.69 2.70 2.68 2.56 2.33 2.17 2.19 2.26 2.24 2.10 1.93 1.83 1.85 2.03 2.39 2.73 2.75 2.49 2.21 2.02 1.89 1.82 1.77 1.70 1.65 1.74 1.91 2.08 2.19 2.24 2.30 2.41 2.47 2.25 1.71 1.22 1.00 1.03 1.28 1.51 1.64 1.85 2.18 2.58 3.19 3.85 4.43 5.01 5.60 5.94 5.71 4.98 4.02 3.05 2.61 2.47
2.64 2.36 2.19 2.26 2.31 2.62 2.96 3.06 2.87 2.54 2.40 2.61 3.10 3.76 4.41 4.85 4.93 4.67 4.23 3.80 3.47 3.22 3.02 2.89 2.83 2.81 2.73 2.68 2.67 2.70 2.73 2.71 2.66 2.65 2.64 2.54 2.35 2.08 1.86 1.83 1.98 2.18 2.37 2.53 2.57 2.40 2.12 1.91 1.77 1.68 1.60 1.54 1.57 1.74 1.96 2.17 2.30 2.37 2.44 2.45 2.25 1.74 1.32 1.21 1.40 1.73 2.00 2.21 2.52 3.02 3.48 4.06 4.77 5.33 5.71 6.03 6.17 5.93 5.23 4.41 3.66 2.94 2.51 2.32
2.57 2.22 2.03 2.11 2.17 2.38 2.47 2.37 2.25 2.24 2.48 2.93 3.56 4.24 4.73 4.89 4.69 4.28 3.83 3.45 3.14 2.90 2.72 2.63 2.60 2.57 2.52 2.55 2.61 2.61 2.62 2.70 2.79 2.82 2.76 2.58 2.32 2.04 1.90 1.92 1.98 1.98 2.01 2.17 2.33 2.22 1.85 1.55 1.42 1.37 1.35 1.44 1.68 1.96 2.16 2.30 2.40 2.44 2.40 2.24 1.87 1.47 1.39 1.63 2.10 2.52 2.87 3.32 3.87 4.21 4.57 5.11 5.60 5.87 5.89 5.82 5.56 5.00 4.41 4.00 3.71 3.39 3.03 2.72
2.37 1.99 1.84 1.97 2.04 2.12 2.18 2.25 2.44 2.77 3.18 3.69 4.34 4.86 5.04 4.86 4.44 3.94 3.51 3.16 2.86 2.60 2.43 2.35 2.30 2.28 2.26 2.29 2.31 2.30 2.23 2.34 2.48 2.53 2.49 2.37 2.21 1.97 1.83 1.73 1.64 1.59 1.64 1.91 2.17 2.12 1.77 1.53 1.51 1.61 1.77 2.01 2.28 2.42 2.44 2.39 2.29 2.14 1.91 1.62 1.39 1.38 1.61 2.12 2.73 3.31 3.93 4.44 4.62 4.67 4.85 5.15 5.38 5.29 5.04 4.71 4.30 3.89 3.62 3.53 3.53 3.50 3.38 3.14
2.12 1.86 1.83 2.05 2.20 2.29 2.42 2.64 2.98 3.36 3.84 4.42 4.97 5.15 4.95 4.50 3.97 3.47 3.07 2.76 2.49 2.27 2.14 2.04 1.99 2.02 2.00 1.90 1.79 1.77 1.70 1.77 1.92 2.05 2.12 2.15 2.18 2.01 1.91 1.81 1.75 1.79 1.89 2.10 2.28 2.25 2.09 2.03 2.13 2.32 2.52 2.67 2.72 2.64 2.46 2.33 2.14 1.92 1.73 1.59 1.56 1.73 2.13 2.75 3.46 4.15 4.61 4.63 4.40 4.29 4.46 4.62 4.52 4.19 3.90 3.68 3.47 3.29 3.17 3.09 3.10 3.20 3.25 3.19
2.01 1.92 1.98 2.22 2.43 2.59 2.75 3.00 3.36 3.81 4.34 4.86 5.10 4.91 4.40 3.85 3.36 2.88 2.50 2.22 2.02 1.92 1.85 1.76 1.76 1.82 1.75 1.52 1.35 1.33 1.32 1.34 1.42 1.56 1.73 1.97 2.09 2.17 2.23 2.28 2.39 2.50 2.58 2.62 2.66 2.67 2.67 2.74 2.83 2.84 2.77 2.66 2.55 2.45 2.39 2.34 2.32 2.33 2.39 2.40 2.43 2.61 2.99 3.58 4.20 4.59 4.46 3.94 3.63 3.75 4.06 4.17 3.94 3.56 3.34 3.20 3.11 3.06 2.99 2.88 2.83 2.83 2.90 2.95
2.18 2.17 2.18 2.23 2.39 2.63 2.91 3.24 3.66 4.14 4.62 4.87 4.74 4.27 3.71 3.24 2.82 2.38 2.00 1.76 1.65 1.57 1.46 1.47 1.58 1.67 1.60 1.38 1.16 1.16 1.29 1.39 1.41 1.35 1.43 1.80 1.99 2.19 2.38 2.60 2.82 2.95 2.95 2.89 2.89 2.97 3.06 3.12 3.08 2.87 2.67 2.59 2.59 2.58 2.54 2.49 2.59 2.65 2.77 2.87 3.03 3.28 3.66 4.12 4.51 4.43 3.82 3.32 3.29 3.59 3.89 3.91 3.62 3.26 3.09 3.01 2.93 2.90 2.84 2.76 2.69 2.63 2.57 2.61
2.33 2.37 2.35 2.27 2.37 2.66 3.02 3.44 3.90 4.31 4.58 4.53 4.17 3.65 3.17 2.79 2.40 2.01 1.67 1.46 1.35 1.21 1.11 1.22 1.47 1.63 1.68 1.63 1.49 1.51 1.67 1.80 1.73 1.57 1.61 1.82 1.92 2.13 2.39 2.69 2.87 2.85 2.74 2.69 2.79 2.99 3.15 3.18 3.08 2.94 2.93 2.98 2.96 2.83 2.69 2.62 2.75 2.65 2.71 2.92 3.21 3.52 3.85 4.17 4.30 3.94 3.38 3.26 3.42 3.60 3.71 3.60 3.25 2.86 2.67 2.68 2.67 2.61 2.54 2.49 2.45 2.40 2.28 2.26
2.31 2.34 2.39 2.43 2.59 2.88 3.23 3.64 4.02 4.28 4.31 4.06 3.64 3.17 2.75 2.38 2.00 1.63 1.35 1.17 1.05 0.94 0.98 1.23 1.59 1.87 2.08 2.25 2.38 2.52 2.59 2.49 2.27 2.05 1.90 1.98 2.15 2.39 2.67 2.79 2.67 2.46 2.38 2.50 2.74 3.04 3.27 3.36 3.38 3.39 3.36 3.25 3.03 2.84 2.72 2.70 2.72 2.77 2.90 3.09 3.32 3.53 3.73 3.92 3.92 3.55 3.27 3.33 3.41 3.40 3.36 3.19 2.82 2.38 2.14 2.16 2.23 2.17 2.12 2.08 2.06 2.05 1.99 1.98
2.27 2.29 2.40 2.58 2.85 3.16 3.44 3.71 3.95 4.07 3.96 3.62 3.20 2.77 2.36 1.97 1.54 1.16 0.93 0.87 0.90 1.01 1.26 1.65 2.06 2.38 2.67 2.86 3.02 3.15 3.15 2.98 2.71 2.48 2.36 2.41 2.59 2.80 2.81 2.58 2.27 2.18 2.33 2.55 2.82 3.20 3.56 3.71 3.70 3.66 3.54 3.29 3.04 2.87 2.76 2.75 2.83 2.92 2.98 3.05 3.13 3.22 3.38 3.60 3.61 3.35 3.16 3.16 3.10 3.03 2.99 2.88 2.61 2.21 1.88 1.86 1.89 1.81 1.69 1.60 1.57 1.68 1.70 1.77
2.31 2.36 2.50 2.73 3.02 3.26 3.40 3.53 3.72 3.81 3.62 3.26 2.84 2.41 1.97 1.52 1.07 0.74 0.78 0.84 1.07 1.37 1.75 2.17 2.56 2.86 3.07 3.10 3.07 3.08 3.08 3.03 2.91 2.76 2.64 2.64 2.70 2.67 2.41 2.08 1.98 2.10 2.24 2.40 2.72 3.31 3.74 3.76 3.57 3.46 3.40 3.29 3.15 3.00 2.85 2.79 3.13 2.72 2.76 2.71 2.72 2.79 3.05 3.36 3.43 3.21 2.98 2.87 2.78 2.76 2.84 2.89 2.79 2.52 2.12 1.87 1.76 1.67 1.54 1.81 1.38 1.31 1.37 1.52
2.38 2.42 2.54 2.72 2.90 3.00 3.11 3.32 3.60 3.66 3.38 2.96 2.51 2.03 1.51 1.04 0.79 0.81 1.02 1.26 1.51 1.77 2.09 2.48 2.83 3.06 3.12 2.98 2.81 2.74 2.79 2.87 2.95 2.98 2.91 2.71 2.99 2.19 1.93 1.84 1.88 1.93 1.95 2.09 2.61 3.36 3.72 3.48 3.05 2.86 2.82 2.82 2.83 2.84 2.84 2.78 2.66 2.51 2.47 2.51 2.56 2.72 3.03 3.30 3.35 3.14 2.88 2.72 2.64 2.71 2.93 3.14 3.13 2.97 2.78 2.51 2.25 2.03 1.85 1.70 1.54 1.38 1.39 1.53
2.42 2.42 2.48 2.58 2.65 2.77 3.04 3.45 3.68 3.56 3.14 2.63 2.13 1.58 1.09 1.56 0.99 1.35 1.62 1.78 1.93 2.12 2.40 2.70 2.90 2.97 2.91 2.74 2.63 2.62 2.70 2.77 2.87 2.97 2.98 2.77 2.39 2.07 1.85 1.82 1.82 1.84 1.91 2.16 2.72 3.38 3.56 3.07 2.42 2.08 1.98 1.93 1.97 2.15 2.36 2.51 2.52 2.50 2.55 2.63 2.74 2.91 3.08 3.23 3.28 3.12 2.84 2.67 2.65 2.80 3.10 3.35 3.34 3.19 3.16 3.16 3.10 2.99 2.81 2.55 2.24 2.04 2.05 2.01
2.42 2.43 2.49 2.57 2.67 2.94 3.37 3.68 3.65 3.28 2.73 2.14 1.57 1.03 0.82 0.95 1.29 1.59 1.77 1.94 2.15 2.39 2.62 2.73 2.71 2.64 2.62 2.61 2.63 2.68 2.71 2.70 2.66 2.67 2.72 2.72 2.48 2.22 2.00 1.92 1.96 2.09 2.21 2.40 2.83 3.31 3.33 2.71 1.99 1.69 1.57 1.49 1.53 1.74 2.04 2.32 2.48 2.57 2.67 2.77 2.86 2.88 2.89 3.03 3.18 3.07 2.74 2.62 2.67 2.87 3.14 3.38 3.37 3.14 3.04 3.15 3.28 3.37 3.37 3.25 3.10 3.02 2.93 2.73
2.42 2.44 2.54 2.68 2.89 3.27 3.60 3.63 3.29 2.71 2.06 1.37 0.78 0.48 1.45 0.78 1.04 1.24 1.51 1.81 2.14 2.41 2.52 2.41 2.29 2.32 2.49 2.64 2.64 2.55 2.48 2.42 2.37 2.33 2.41 2.58 2.55 2.34 2.16 2.14 2.24 2.36 2.44 2.59 2.95 3.29 3.22 2.71 2.16 1.91 1.85 1.92 2.14 2.39 2.53 2.59 2.62 2.64 2.66 2.67 2.64 2.55 2.58 2.85 3.10 2.98 2.59 2.49 2.60 2.75 2.97 3.25 3.21 2.87 2.63 2.63 2.78 2.95 3.10 3.18 3.24 3.30 3.29 3.13
2.42 2.46 2.58 2.77 3.06 3.41 3.50 3.22 2.64 1.92 1.24 0.67 0.40 0.33 0.46 0.68 0.86 1.07 1.35 1.65 1.95 2.17 2.15 2.05 2.10 2.32 2.57 2.68 2.56 2.34 2.18 2.10 2.10 2.11 2.17 2.38 2.49 2.34 2.22 2.29 2.43 2.52 2.63 2.90 3.24 3.47 3.40 3.10 2.85 2.73 2.71 2.88 3.08 3.14 3.01 2.78 2.63 2.54 2.46 2.35 2.25 2.19 2.31 2.70 3.01 2.88 2.47 2.37 2.43 2.50 2.72 3.01 2.97 2.58 2.25 2.18 2.24 2.32 2.41 2.53 2.68 2.83 2.90 2.91
2.45 2.51 2.65 2.87 3.14 3.27 3.07 2.54 1.85 1.17 0.67 0.50 0.50 0.59 0.74 0.92 1.11 1.30 1.52 1.74 1.94 2.01 1.98 2.05 2.27 2.53 2.75 2.78 2.64 2.48 2.34 2.25 2.25 2.20 2.08 2.15 2.32 2.29 2.28 2.42 2.58 2.73 2.95 3.31 3.59 3.71 3.62 3.45 3.36 3.38 3.45 3.46 3.31 3.02 2.73 2.58 2.49 2.37 2.20 2.03 1.89 1.86 2.08 2.59 2.97 2.90 2.54 2.36 2.31 2.32 2.53 2.83 2.81 2.41 1.97 1.85 1.91 1.88 1.79 1.83 1.95 2.09 2.12 2.10
2.48 2.53 2.66 2.84 2.94 2.80 2.36 1.75 1.13 0.67 0.52 0.59 0.74 0.95 1.19 1.47 1.69 1.84 2.03 2.23 2.38 2.38 2.35 2.40 2.52 2.76 3.05 3.19 3.17 3.09 2.96 2.86 2.77 2.57 2.21 2.09 2.21 2.32 2.49 2.69 2.88 3.08 3.34 3.61 3.73 3.72 3.63 3.54 3.51 3.56 3.57 3.45 3.14 2.77 2.56 2.52 2.49 2.33 2.09 1.88 1.75 1.77 2.07 2.69 3.12 3.10 2.76 2.44 2.27 2.25 2.43 2.73 2.69 2.23 1.68 1.48 1.54 1.49 1.32 1.31 1.43 1.51 1.41 1.28
2.51 2.51 2.54 2.54 2.38 2.01 1.51 1.03 0.63 0.50 0.60 0.81 1.06 1.35 1.72 2.13 2.48 2.73 2.96 3.13 3.18 3.07 2.89 2.71 2.68 2.98 3.41 3.55 3.48 3.30 3.14 2.99 2.80 2.54 2.23 2.15 2.24 2.47 2.75 3.00 3.18 3.34 3.48 3.56 3.55 3.54 3.55 3.55 3.54 3.52 3.40 3.24 3.12 3.06 2.94 2.77 2.59 2.40 2.20 2.06 2.01 2.09 2.42 2.98 3.33 3.25 2.81 2.45 2.30 2.33 2.52 2.69 2.52 1.93 1.31 1.11 1.23 1.28 1.20 1.19 1.25 1.20 0.98 0.83
2.53 2.51 2.43 2.21 1.83 1.40 1.02 0.75 0.64 0.75 0.99 1.26 1.60 2.00 2.45 2.91 3.28 3.59 3.80 3.81 3.60 3.25 2.87 2.64 2.73 3.20 3.57 3.46 3.08 2.77 2.55 2.39 2.25 2.10 2.07 2.22 2.38 2.64 2.93 3.13 3.22 3.25 3.21 3.16 3.19 3.33 3.48 3.52 3.47 3.37 3.21 3.07 3.02 3.03 2.97 2.79 2.59 2.41 2.26 2.20 2.24 2.41 2.78 3.22 3.43 3.24 2.73 2.40 2.43 2.60 2.75 2.68 2.27 1.59 1.06 0.95 1.06 1.13 1.17 1.24 1.26 1.20 1.00 0.86
2.55 2.48 2.31 2.05 1.76 1.50 1.32 1.21 1.23 1.39 1.60 1.88 2.28 2.75 3.22 3.60 3.87 4.00 3.92 3.62 3.17 2.67 2.39 2.45 2.83 3.38 3.59 3.25 2.76 2.48 2.33 2.25 2.19 2.09 2.12 2.33 2.53 2.73 2.93 3.02 3.01 2.91 2.77 2.72 2.86 3.12 3.37 3.42 3.24 2.94 2.74 2.64 2.58 2.52 2.46 2.44 2.40 2.29 2.17 2.11 2.19 2.47 2.93 3.34 3.44 3.19 2.78 2.55 2.62 2.79 2.82 2.55 2.02 1.51 1.20 1.16 1.13 1.10 1.23 1.36 1.33 1.27 1.22 1.33
2.52 2.37 2.14 2.07 1.95 1.89 1.86 1.89 2.03 2.18 2.32 2.56 2.96 3.44 3.83 4.03 4.01 3.76 3.30 2.72 2.22 1.94 2.03 2.43 2.97 3.57 3.70 3.41 3.13 3.01 2.93 2.86 2.70 2.48 2.40 2.49 2.59 2.70 2.79 2.78 2.66 2.47 2.36 2.44 2.64 2.96 3.30 3.32 2.90 2.36 2.05 1.97 1.94 1.89 1.88 2.00 2.13 2.14 2.13 2.13 2.25 2.59 3.01 3.30 3.29 3.06 2.79 2.63 2.62 2.68 2.63 2.33 1.98 1.79 1.73 1.65 1.51 1.41 1.68 1.84 1.75 1.68 1.82 2.19
2.42 2.25 2.08 2.15 2.11 2.18 2.31 2.51 2.74 2.93 3.08 3.30 3.65 3.98 4.09 3.96 3.60 3.05 2.43 1.91 1.65 1.72 2.10 2.60 3.21 3.84 3.94 3.75 3.62 3.54 3.42 3.23 2.98 2.74 2.60 2.58 2.59 2.61 2.59 2.46 2.22 2.07 2.15 2.37 2.64 3.03 3.36 3.26 2.63 2.01 1.76 1.67 1.52 1.46 1.58 1.83 2.07 2.16 2.20 2.25 2.42 2.71 2.99 3.12 3.08 2.94 2.71 2.51 2.44 2.46 2.40 2.25 2.21 2.29 2.38 2.38 2.26 2.26 2.61 2.73 2.61 2.58 2.79 3.03
2.35 2.24 2.17 2.24 2.36 2.57 2.86 3.12 3.30 3.43 3.58 3.78 3.98 4.02 3.81 3.38 2.83 2.24 1.77 1.54 1.65 2.07 2.57 3.02 3.61 4.09 4.00 3.64 3.41 3.26 3.09 2.91 2.78 2.71 2.61 2.54 2.49 2.42 2.28 2.10 1.98 2.10 2.36 2.60 2.87 3.26 3.50 3.28 2.69 2.24 2.05 1.91 1.71 1.71 1.85 2.04 2.22 2.30 2.38 2.47 2.59 2.78 2.97 3.04 3.03 2.93 2.71 2.49 2.44 2.48 2.44 2.41 2.54 2.69 2.81 2.92 3.08 3.33 3.58 3.59 3.46 3.40 3.43 3.27
2.37 2.31 2.27 2.36 2.57 2.84 3.09 3.26 3.36 3.42 3.54 3.70 3.75 3.57 3.15 2.62 2.07 1.61 1.37 1.44 1.87 2.44 2.90 3.32 3.84 4.07 3.74 3.18 2.82 2.61 2.46 2.41 2.45 2.51 2.52 2.47 2.34 2.18 2.04 2.01 2.19 2.53 2.75 2.88 3.09 3.43 3.56 3.28 2.83 2.63 2.57 2.48 2.38 2.33 2.28 2.24 2.29 2.39 2.55 2.67 2.77 2.93 3.07 3.13 3.11 3.01 2.85 2.76 2.78 2.74 2.65 2.64 2.71 2.76 2.83 3.05 3.41 3.76 3.87 3.75 3.56 3.43 3.25 2.87
2.36 2.33 2.30 2.37 2.55 2.73 2.82 2.87 2.90 2.99 3.14 3.25 3.17 2.90 2.46 1.93 1.46 1.26 1.35 1.69 2.18 2.62 2.99 3.34 3.72 3.75 3.26 2.70 2.31 2.09 2.02 2.03 2.06 2.12 2.26 2.36 2.30 2.21 2.23 2.41 2.68 2.85 2.89 2.96 3.17 3.44 3.48 3.15 2.79 2.63 2.58 2.57 2.59 2.54 2.32 2.20 2.25 2.41 2.59 2.75 2.92 3.13 3.25 3.27 3.21 3.12 3.04 3.01 2.97 2.81 2.71 2.70 2.70 2.70 2.77 2.97 3.27 3.46 3.41 3.29 3.17 3.02 2.76 2.38
2.35 2.36 2.38 2.42 2.45 2.46 2.43 2.37 2.40 2.55 2.72 2.74 2.52 2.15 1.70 1.30 1.20 1.43 1.91 2.37 2.69 2.93 3.14 3.35 3.51 3.35 2.76 2.21 1.88 1.76 1.77 1.75 1.66 1.66 1.83 2.07 2.27 2.42 2.59 2.74 2.80 2.78 2.77 2.87 3.10 3.33 3.30 2.96 2.56 2.31 2.18 2.16 2.23 2.23 2.14 2.14 2.23 2.41 2.61 2.81 3.06 3.29 3.37 3.33 3.23 3.13 3.06 2.95 2.76 2.56 2.54 2.59 2.63 2.67 2.72 2.81 2.92 2.86 2.76 2.79 2.84 2.82 2.70 2.59
2.47 2.54 2.62 2.59 2.48 2.30 2.22 2.16 2.22 2.36 2.39 2.19 1.79 1.34 0.98 0.97 1.35 2.01 2.54 2.88 3.10 3.25 3.36 3.44 3.45 3.19 2.61 2.05 1.78 1.76 1.79 1.75 1.66 1.61 1.69 1.95 2.25 2.47 2.53 2.50 2.45 2.45 2.53 2.71 2.98 3.17 3.09 2.69 2.23 1.95 1.83 1.77 1.75 1.79 1.88 2.05 2.21 2.41 2.61 2.84 3.11 3.32 3.35 3.26 3.14 3.05 2.94 2.79 2.59 2.43 2.40 2.47 2.56 2.57 2.56 2.65 2.65 2.48 2.37 2.41 2.52 2.65 2.80 2.96
2.67 2.71 2.72 2.62 2.49 2.34 2.24 2.21 2.21 2.13 1.86 1.44 1.00 0.67 0.66 1.00 1.57 2.16 2.58 2.90 3.14 3.28 3.38 3.50 3.55 3.28 2.82 2.44 2.30 2.34 2.36 2.31 2.25 2.19 2.19 2.30 2.41 2.41 2.31 2.20 2.15 2.19 2.39 2.66 2.93 3.06 2.89 2.45 2.01 1.80 1.69 1.54 1.40 1.36 1.51 1.84 2.18 2.45 2.65 2.86 3.10 3.21 3.16 3.06 3.00 2.98 2.91 2.79 2.65 2.50 2.42 2.44 2.49 2.49 2.52 2.58 2.49 2.31 2.20 2.15 2.13 2.19 2.36 2.58
2.72 2.61 2.46 2.36 2.28 2.19 2.14 2.07 1.91 1.58 1.11 0.77 0.64 0.66 0.98 1.48 1.87 2.17 2.42 2.70 2.90 3.03 3.24 3.55 3.62 3.35 3.12 3.12 3.23 3.29 3.27 3.22 3.12 2.95 2.81 2.69 2.56 2.41 2.28 2.18 2.13 2.21 2.48 2.77 2.97 3.00 2.78 2.37 2.05 1.86 1.63 1.36 1.25 1.36 1.59 1.94 2.31 2.57 2.74 2.93 3.06 3.02 2.92 2.91 2.97 3.01 2.96 2.84 2.70 2.56 2.49 2.51 2.53 2.51 2.47 2.41 2.32 2.21 2.12 2.00 1.85 1.75 1.79 1.85
2.59 2.36 2.14 2.09 2.05 2.00 1.95 1.75 1.47 1.16 0.95 0.91 1.07 1.44 2.09 2.64 2.72 2.65 2.64 2.70 2.77 2.93 3.32 3.69 3.62 3.34 3.30 3.45 3.59 3.64 3.61 3.53 3.36 3.16 2.96 2.77 2.60 2.45 2.32 2.20 2.20 2.40 2.70 2.88 2.94 2.91 2.70 2.36 2.09 1.83 1.50 1.32 1.51 1.91 2.22 2.39 2.52 2.65 2.80 2.91 2.88 2.78 2.79 2.92 3.04 3.06 2.98 2.86 2.76 2.70 2.65 2.63 2.56 2.42 2.24 2.14 2.15 2.15 2.08 1.94 1.77 1.73 1.81 1.83
2.45 2.27 2.06 2.02 2.03 2.05 1.98 1.80 1.60 1.51 1.63 1.94 2.35 2.97 3.61 3.94 3.95 3.70 3.40 3.27 3.28 3.47 3.82 3.88 3.56 3.25 3.21 3.24 3.23 3.25 3.24 3.16 3.06 2.98 2.88 2.76 2.64 2.51 2.34 2.21 2.32 2.63 2.85 2.84 2.79 2.78 2.63 2.33 2.08 1.84 1.69 1.82 2.26 2.65 2.74 2.62 2.55 2.63 2.74 2.75 2.68 2.67 2.79 2.93 3.00 2.96 2.85 2.78 2.75 2.77 2.75 2.67 2.50 2.27 2.10 2.04 2.12 2.15 2.07 2.00 2.04 2.19 2.31 2.25
2.43 2.32 2.17 2.13 2.19 2.28 2.34 2.34 2.36 2.50 2.86 3.35 3.91 4.41 4.67 4.65 4.50 4.32 4.20 4.14 4.15 4.21 4.21 3.93 3.44 3.13 3.05 2.97 2.82 2.70 2.60 2.54 2.52 2.56 2.61 2.64 2.63 2.54 2.39 2.32 2.47 2.62 2.62 2.54 2.60 2.74 2.67 2.44 2.28 2.24 2.36 2.65 2.95 3.05 2.85 2.61 2.60 2.68 2.71 2.68 2.65 2.69 2.74 2.77 2.78 2.70 2.60 2.59 2.62 2.64 2.65 2.58 2.43 2.27 2.15 2.12 2.18 2.17 2.10 2.14 2.30 2.48 2.56 2.50
2.49 2.43 2.35 2.33 2.40 2.51 2.66 2.85 3.13 3.53 3.99 4.43 4.72 4.81 4.68 4.37 4.05 4.01 4.10 4.18 4.22 4.21 4.06 3.70 3.24 3.00 2.98 2.91 2.70 2.48 2.28 2.16 2.14 2.18 2.27 2.38 2.46 2.46 2.39 2.33 2.30 2.23 2.15 2.26 2.63 2.92 2.91 2.73 2.62 2.70 2.92 3.17 3.30 3.24 3.05 2.92 2.94 2.92 2.83 2.75 2.69 2.62 2.58 2.59 2.59 2.47 2.39 2.45 2.49 2.49 2.48 2.43 2.35 2.26 2.20 2.20 2.20 2.14 2.12 2.20 2.32 2.40 2.41 2.36
2.58 2.53 2.47 2.48 2.56 2.66 2.83 3.13 3.60 4.09 4.42 4.54 4.45 4.19 3.84 3.43 3.18 3.21 3.32 3.45 3.61 3.67 3.59 3.32 2.99 2.87 2.93 2.88 2.68 2.51 2.42 2.37 2.37 2.38 2.35 2.30 2.31 2.34 2.30 2.19 2.07 2.02 2.16 2.52 3.02 3.27 3.20 2.99 2.87 2.91 3.09 3.29 3.41 3.42 3.41 3.40 3.34 3.18 2.97 2.79 2.65 2.52 2.48 2.52 2.46 2.31 2.30 2.43 2.49 2.47 2.39 2.28 2.21 2.19 2.18 2.20 2.17 2.13 2.16 2.25 2.34 2.41 2.39 2.30
2.61 2.52 2.46 2.54 2.68 2.84 3.10 3.48 3.89 4.12 4.11 3.92 3.63 3.29 2.96 2.66 2.52 2.57 2.66 2.84 3.11 3.27 3.27 3.05 2.80 2.78 2.87 2.74 2.51 2.47 2.56 2.66 2.71 2.67 2.55 2.39 2.31 2.30 2.25 2.20 2.22 2.37 2.64 3.07 3.46 3.56 3.35 3.08 2.91 2.89 3.00 3.17 3.33 3.42 3.49 3.52 3.43 3.24 3.00 2.76 2.59 2.49 2.45 2.41 2.28 2.21 2.35 2.54 2.60 2.53 2.32 2.14 2.09 2.10 2.10 2.11 2.09 2.09 2.15 2.30 2.43 2.48 2.42 2.33
2.56 2.45 2.42 2.57 2.76 3.01 3.37 3.70 3.83 3.70 3.43 3.16 2.89 2.64 2.38 2.15 2.07 2.18 2.39 2.65 2.96 3.22 3.20 2.90 2.72 2.81 2.88 2.70 2.50 2.43 2.45 2.47 2.47 2.43 2.39 2.34 2.33 2.32 2.30 2.37 2.53 2.72 3.00 3.43 3.72 3.66 3.33 2.97 2.78 2.75 2.82 2.96 3.06 3.09 3.11 3.14 3.09 2.97 2.83 2.69 2.56 2.46 2.35 2.23 2.17 2.26 2.50 2.68 2.69 2.50 2.20 2.03 1.97 1.97 1.96 1.96 1.94 1.94 2.06 2.31 2.47 2.41 2.28 2.21
2.52 2.46 2.45 2.58 2.76 3.03 3.34 3.45 3.29 2.99 2.71 2.44 2.21 2.01 1.82 1.73 1.89 2.21 2.51 2.78 3.14 3.40 3.22 2.82 2.78 2.95 2.95 2.79 2.65 2.54 2.40 2.25 2.13 2.07 2.10 2.15 2.23 2.29 2.35 2.49 2.66 2.84 3.16 3.58 3.75 3.54 3.11 2.75 2.60 2.60 2.68 2.77 2.77 2.66 2.54 2.50 2.48 2.46 2.51 2.55 2.51 2.41 2.28 2.19 2.25 2.42 2.65 2.76 2.66 2.37 2.08 1.92 1.84 1.84 1.86 1.86 1.82 1.83 1.99 2.33 2.43 2.21 2.01 1.94
