project/data/elevation/US_DEM2016/US_DEM2016_point_11-01-2019_0210_30m_ang.asc
ncols	125
nrows	167
xllcorner	-2042055.000000
yllcorner	1465035.000000
cellsize	30.000000
NODATA_value	-9999.000000
[rows 42 to 83 of 167, columns 0 to 93 of 125]
268 267 264 262 262 263 263 265 268 271 272 266 245 235 251 261 264 266 270 276 280 280 280 280 278 274 271 269 267 264 264 268 274 280 282 284 286 285 278 270 268 272 273 267 262 260 261 264 266 265 264 267 281 282 267 266 269 268 264 261 260 260 263 267 272 276 278 281 287 293 295 294 290 283 278 280 289 287 280 274 273 272 271 269 265 264 263 265 266 265 262 260 255 241
268 267 265 263 262 263 264 267 271 272 269 258 229 185 252 260 264 267 271 276 280 280 280 279 277 274 272 271 271 270 271 273 277 279 277 276 278 281 278 270 264 264 266 264 262 262 262 265 269 268 264 262 266 274 271 269 269 267 264 261 259 260 264 268 270 271 274 279 284 286 287 289 289 285 281 282 290 292 284 278 277 279 279 276 271 266 263 262 263 262 257 251 245 229
269 268 266 265 265 265 266 268 269 269 263 247 219 196 255 262 265 268 271 276 279 278 276 275 273 272 272 272 273 275 277 277 277 278 275 270 270 273 277 272 263 258 256 259 262 263 262 263 267 270 270 268 269 276 278 273 269 266 262 260 259 261 263 265 265 268 273 276 276 273 274 279 283 284 284 286 292 296 293 288 289 287 283 279 274 268 263 260 262 264 259 249 237 219
269 268 267 267 267 268 267 266 264 262 253 230 215 243 260 266 268 270 272 275 276 275 272 270 270 271 273 274 277 280 280 277 275 275 275 270 265 265 269 270 262 253 249 255 262 263 262 263 265 268 269 270 276 292 296 281 271 264 261 259 259 261 262 262 264 269 271 268 263 263 269 275 278 281 283 286 292 298 294 301 303 299 288 282 278 271 263 258 258 262 262 253 233 216
269 269 268 267 268 268 267 264 260 254 242 214 218 249 262 265 267 269 271 272 273 273 272 271 271 272 274 277 280 282 281 275 271 272 277 273 265 260 259 262 257 248 246 254 261 263 263 265 265 264 262 265 278 300 314 299 274 265 261 260 260 261 261 262 264 266 263 259 259 265 271 274 276 277 280 283 288 294 300 307 304 313 299 287 280 273 264 258 255 255 256 247 223 218
270 270 269 268 267 267 266 264 258 250 232 208 197 252 260 261 262 265 267 269 270 272 272 272 273 273 275 279 282 283 280 273 269 270 276 276 266 259 255 252 246 244 249 257 261 263 264 264 261 257 257 266 280 298 321 321 285 268 263 261 261 261 262 262 262 260 259 260 264 269 272 274 275 276 278 281 284 288 295 304 317 323 311 293 283 276 268 261 256 253 247 230 210 221
271 272 272 270 267 265 265 264 259 249 224 216 244 259 262 260 260 262 264 266 268 270 271 272 273 274 276 280 282 282 279 273 269 268 272 276 269 260 254 247 239 244 254 259 261 262 263 261 257 256 262 273 285 297 321 342 302 272 264 262 261 261 261 261 261 261 264 268 271 273 274 275 275 276 277 279 282 285 290 297 309 322 319 303 287 278 272 265 259 253 240 217 209 224
270 271 272 271 267 264 263 263 259 246 221 233 260 265 267 265 264 263 264 265 266 268 270 272 273 274 277 281 283 284 282 275 269 265 265 271 271 261 252 243 240 249 258 262 263 263 262 260 258 262 272 281 287 296 318 357 318 274 267 264 261 260 260 261 264 268 271 274 276 276 275 276 277 277 277 278 279 281 284 287 295 310 318 312 295 282 274 268 261 252 233 214 215 229
269 269 269 271 269 263 260 260 257 239 221 247 264 269 270 269 267 265 263 263 264 267 270 272 273 275 278 281 284 286 286 280 271 263 260 263 265 256 247 243 247 256 263 267 268 266 264 263 265 272 280 284 287 291 311 13 330 275 270 267 264 261 260 263 267 271 274 277 278 278 277 276 277 277 276 274 273 274 274 274 279 291 308 314 305 289 277 270 262 250 229 218 224 235
269 268 267 269 269 264 259 257 254 230 225 254 263 266 266 265 263 261 260 260 262 265 268 272 275 276 278 280 282 286 289 284 275 265 260 258 252 243 243 248 254 261 265 269 271 271 270 270 273 277 280 282 282 282 297 37 324 271 269 268 267 265 264 264 267 272 276 278 281 281 280 278 278 277 275 272 269 268 268 266 267 273 287 304 308 299 281 270 260 245 229 227 234 242
269 269 268 268 269 266 260 257 252 228 232 257 262 261 259 256 256 256 256 257 259 261 266 271 276 278 278 278 279 283 290 289 281 271 263 256 242 233 244 252 258 263 267 270 273 276 278 278 277 276 274 273 272 271 274 87 224 264 268 270 271 269 267 266 267 270 274 278 282 285 286 283 280 278 275 272 268 267 268 267 265 266 270 278 295 288 286 269 255 242 236 239 244 250
270 269 269 270 271 269 263 257 251 230 112 258 260 256 251 249 251 252 253 254 257 260 265 271 276 279 278 276 276 280 290 294 289 278 267 256 237 233 247 255 259 263 267 272 277 281 283 282 279 272 267 264 263 260 243 129 206 261 269 273 273 271 268 266 265 266 270 276 281 285 288 287 283 279 276 272 268 265 266 268 267 265 265 268 275 283 284 269 254 247 248 248 250 259
270 270 270 271 273 275 269 259 249 232 239 261 256 250 245 247 251 252 253 254 258 262 267 271 276 279 278 276 275 278 287 295 295 283 269 254 238 241 254 259 262 265 269 275 281 283 283 282 278 271 263 259 256 250 219 151 207 261 270 273 272 270 267 264 262 264 269 274 279 282 284 284 283 280 277 273 268 264 262 263 265 266 269 273 276 278 277 268 261 259 257 253 256 264
270 270 270 271 272 275 273 263 251 234 239 266 251 246 247 254 256 258 259 260 262 264 268 272 275 277 278 276 276 278 283 290 295 288 272 254 244 253 261 264 267 269 273 279 283 284 282 280 278 271 264 258 253 242 204 167 214 260 269 270 268 266 264 262 262 265 269 273 274 274 274 276 279 281 279 275 271 265 261 260 264 270 276 283 274 286 278 272 270 268 262 258 263 268
270 270 270 269 268 269 271 269 258 240 241 256 254 249 254 260 262 265 267 268 267 267 269 271 274 276 277 277 277 278 281 285 291 294 282 261 256 262 266 269 271 274 278 282 284 283 281 279 279 273 265 259 252 237 197 183 225 259 266 266 264 263 263 263 265 267 268 268 267 266 268 273 276 277 276 272 268 264 264 264 268 276 284 290 282 298 290 280 275 271 267 267 270 273
270 270 268 265 262 261 264 268 263 244 52 247 249 252 257 261 265 268 271 273 272 271 270 271 273 275 275 275 277 278 280 283 287 294 294 275 265 265 267 270 272 276 279 282 283 281 279 279 280 276 267 259 250 230 193 198 237 258 263 264 265 265 265 266 268 268 266 263 262 264 269 272 271 267 265 268 270 270 269 272 278 285 289 288 296 301 298 285 276 273 274 275 276 279
270 269 266 262 256 254 256 259 253 233 236 244 249 253 257 261 265 267 269 272 273 272 272 272 272 272 272 273 276 278 280 281 281 285 291 278 269 267 267 269 271 274 278 280 280 279 277 277 279 278 269 259 247 223 194 216 247 260 265 268 270 270 269 268 268 267 263 260 262 267 270 268 261 256 259 265 269 271 275 280 286 289 289 290 292 296 296 286 278 276 279 281 282 282
269 268 266 262 255 250 249 249 238 216 57 244 251 253 258 260 264 266 267 268 269 271 272 272 271 269 270 272 274 276 277 277 276 277 279 273 270 270 270 269 270 272 274 275 275 276 275 274 276 279 273 261 246 219 206 235 255 264 269 273 274 275 273 270 266 263 260 262 266 268 267 259 252 253 260 266 271 276 281 285 288 288 286 285 286 289 290 285 280 279 282 286 284 281
268 267 265 262 257 250 246 241 227 209 228 247 255 257 259 260 262 263 264 264 265 268 271 271 268 266 269 272 273 271 271 273 275 281 292 282 274 273 273 271 270 269 269 269 270 271 271 272 276 281 279 269 254 227 225 247 259 266 271 275 279 280 278 272 265 259 257 261 266 266 260 253 252 259 266 271 276 281 284 285 284 282 280 280 278 285 284 281 280 280 284 288 285 279
268 267 264 262 259 253 246 238 222 209 229 250 258 261 261 260 260 259 259 261 265 269 269 267 264 266 271 273 273 270 267 267 271 282 307 300 277 273 272 270 268 266 266 266 266 266 267 271 277 283 287 286 278 252 244 254 261 267 271 277 282 283 281 274 265 257 257 260 263 262 258 255 261 268 271 275 278 280 280 278 276 274 273 274 276 281 280 278 279 280 283 286 284 277
268 267 264 262 259 254 247 235 220 216 238 255 262 266 267 264 260 257 259 265 271 273 270 266 265 269 273 275 275 274 270 265 265 272 298 308 277 269 267 266 266 266 266 266 266 265 265 270 276 282 289 294 300 293 258 262 266 270 274 279 283 283 279 272 264 259 259 261 261 259 259 262 267 270 272 274 275 275 272 270 268 266 265 268 270 274 279 280 281 282 282 284 282 277
269 268 266 263 258 252 244 229 219 229 249 261 268 273 276 273 270 262 263 269 275 278 276 273 272 275 276 276 277 279 278 270 264 263 270 288 272 268 266 266 268 269 270 269 267 265 264 267 272 277 282 284 294 355 269 270 273 276 279 282 282 278 273 267 264 264 265 264 261 259 261 266 270 270 270 271 272 271 267 263 261 259 256 256 266 271 275 282 283 284 283 282 281 281
269 268 265 262 257 249 234 218 222 238 251 260 267 274 279 282 276 273 267 268 272 277 281 283 283 280 278 277 277 280 283 279 270 262 253 255 270 272 273 272 274 275 274 272 269 266 264 265 267 270 272 274 284 27 277 277 280 282 282 281 278 272 267 264 266 269 270 267 263 261 263 267 271 272 270 268 269 270 266 260 257 255 251 248 245 268 273 283 284 284 284 283 283 287
269 267 264 259 253 241 219 211 227 242 250 257 262 268 274 281 289 285 273 266 267 271 279 287 289 285 280 278 277 278 282 284 280 271 261 262 274 276 278 279 279 278 276 273 269 267 267 266 264 262 264 270 291 13 283 280 284 284 282 278 272 267 264 263 268 271 272 269 265 264 265 266 269 273 271 266 264 265 265 260 255 252 248 244 245 257 278 289 290 287 286 286 288 292
268 267 262 256 247 227 205 211 231 243 249 254 258 262 267 275 285 291 283 270 266 268 274 282 289 288 283 280 276 275 277 283 287 290 294 289 279 276 277 278 278 277 274 271 269 269 270 269 264 259 258 263 283 342 289 283 285 285 280 274 267 264 262 263 269 272 272 270 267 265 266 265 265 269 270 266 260 257 258 257 253 250 247 248 254 267 284 296 298 293 290 289 291 297
268 266 261 254 240 214 198 213 201 243 247 249 252 256 262 269 277 288 290 280 271 269 271 277 285 289 287 282 277 273 272 277 286 299 319 307 282 275 273 274 275 274 272 269 268 270 271 270 266 260 256 256 263 313 292 285 284 282 276 267 263 263 262 265 270 273 271 269 267 266 266 265 263 262 264 262 256 250 253 253 254 260 250 254 263 275 286 298 304 299 294 290 291 298
268 266 259 250 233 203 198 219 237 245 246 246 248 252 257 263 270 280 290 289 278 272 271 274 281 286 287 283 278 273 270 271 277 291 323 318 282 273 271 272 273 272 270 267 267 269 272 271 268 264 259 257 262 300 291 284 280 275 267 262 262 261 262 268 271 271 268 266 266 267 266 266 264 260 257 254 250 248 247 252 256 256 256 261 269 277 285 295 304 304 300 294 289 292
268 265 257 247 226 196 203 228 244 251 251 249 250 253 256 259 264 272 284 291 285 277 274 275 278 282 283 281 278 275 271 268 269 276 309 327 288 275 274 274 274 271 267 265 266 268 270 269 266 265 265 267 278 300 294 279 272 266 261 262 263 263 265 269 269 267 264 263 265 268 268 268 266 261 254 249 247 245 249 254 258 260 262 266 271 278 283 289 299 307 309 301 288 285
267 264 256 244 219 193 211 238 251 259 263 263 262 259 258 258 261 266 274 287 287 281 278 277 277 277 277 276 275 275 274 273 270 271 290 326 298 281 277 275 273 269 266 265 265 266 265 263 263 267 273 280 291 310 303 274 266 262 264 267 267 268 270 270 269 266 263 262 263 265 268 268 266 260 253 248 248 250 254 257 261 264 266 270 275 280 284 290 298 308 314 305 287 279
267 264 255 241 211 196 220 242 252 261 269 275 277 272 266 263 262 264 270 280 287 283 281 279 277 273 271 270 270 271 275 278 278 279 290 318 302 284 278 275 271 267 265 265 265 263 261 261 266 273 279 285 295 313 314 275 268 267 270 271 271 273 275 275 273 269 265 262 261 263 264 264 259 254 250 250 251 254 258 262 266 269 272 277 281 285 288 291 296 303 313 305 283 273
267 264 255 237 205 203 228 244 252 258 266 276 283 283 278 272 268 268 270 276 284 284 281 279 275 270 266 265 265 268 272 277 282 287 299 319 304 285 279 274 268 265 265 265 264 263 262 266 271 276 278 279 287 312 295 276 271 268 269 270 272 274 276 277 276 271 265 260 259 260 258 255 250 248 250 253 255 259 264 270 275 278 281 283 285 288 289 286 284 288 300 297 275 265
267 265 254 229 202 211 234 248 254 259 264 271 279 285 285 281 277 275 273 275 280 283 280 276 273 268 264 262 262 265 269 272 277 283 298 321 307 286 278 272 268 267 266 266 266 266 267 269 272 273 271 268 271 296 291 274 269 267 266 268 270 273 276 276 274 269 261 258 257 256 253 249 249 251 256 258 261 266 273 281 285 287 286 284 282 285 286 279 270 264 262 262 261 253
268 265 252 221 203 221 243 255 261 265 267 269 271 277 282 285 285 282 278 276 276 277 275 272 269 268 264 261 260 261 264 268 271 274 282 307 302 283 275 271 270 268 267 267 267 267 269 270 271 271 270 266 263 269 275 270 269 268 268 268 270 272 274 272 267 260 256 256 256 254 251 251 254 259 263 266 269 274 281 287 291 292 290 282 275 273 278 279 268 252 231 226 242 241
268 264 250 216 209 232 253 265 271 271 269 267 267 271 277 283 287 286 281 276 273 272 270 267 266 268 267 262 259 259 261 264 266 268 274 295 300 282 274 272 270 269 268 267 266 266 268 271 271 272 273 273 269 266 270 272 272 272 271 270 271 271 269 262 256 254 256 258 256 254 254 256 260 265 270 274 278 281 284 288 290 292 290 283 271 265 265 273 270 250 226 222 233 237
266 262 246 211 213 242 261 271 274 271 267 265 266 271 277 282 285 285 281 276 271 269 266 264 263 266 269 266 261 259 260 260 262 267 276 295 306 284 272 270 270 271 270 268 266 264 265 268 271 272 273 275 276 279 282 279 276 275 274 273 272 269 260 253 253 256 261 261 258 257 259 262 267 272 277 281 285 284 282 281 281 282 284 284 277 267 260 259 260 243 222 226 237 243
264 259 241 204 214 252 264 268 268 267 267 268 272 276 279 282 283 282 279 274 270 267 264 262 262 264 268 270 266 261 259 257 258 264 273 287 304 282 270 270 272 273 271 267 265 264 264 266 269 270 270 272 279 296 297 285 279 277 276 273 270 262 252 251 256 262 264 264 263 263 264 269 274 278 280 284 286 284 278 272 269 270 274 280 282 277 266 255 244 220 215 234 245 248
263 257 235 205 225 258 263 263 265 267 272 276 279 282 283 282 281 279 276 273 269 266 263 262 261 262 266 272 271 265 259 255 256 260 264 268 270 265 268 270 271 271 268 266 264 264 265 267 268 270 271 275 287 308 315 294 281 277 274 270 264 254 251 257 262 266 267 268 269 268 269 274 278 280 280 281 282 280 273 266 261 261 265 271 278 282 277 263 239 212 219 243 250 251
263 254 230 220 247 263 265 265 267 273 278 281 283 285 284 282 280 277 274 270 267 264 263 261 261 261 264 272 276 270 263 257 255 256 257 252 237 249 265 268 268 268 267 265 264 264 265 268 270 273 278 285 295 313 330 304 282 275 271 266 260 256 260 265 269 271 273 274 273 271 271 274 278 280 278 275 274 275 273 268 261 257 258 262 268 274 278 272 242 222 236 250 252 254
261 251 234 241 260 269 270 271 273 277 281 284 285 284 282 279 277 274 271 267 264 262 261 260 260 260 263 270 277 274 269 264 258 255 253 243 244 248 264 267 268 268 267 265 263 263 265 269 274 279 285 290 296 308 336 312 282 273 271 269 267 267 271 275 277 279 279 276 272 271 272 273 276 279 276 271 269 270 272 273 268 259 256 257 259 263 267 268 245 240 252 254 254 259
263 257 249 253 263 270 273 275 277 280 283 285 284 282 278 274 272 271 268 264 262 261 260 259 259 259 260 265 274 275 273 272 268 260 253 238 224 252 263 266 268 268 267 264 262 262 265 269 275 281 284 287 291 304 336 320 309 274 272 272 273 275 279 281 283 283 281 275 270 271 272 272 274 277 277 271 268 267 269 273 276 269 259 256 255 256 258 256 242 253 259 258 258 265
274 276 270 260 264 270 274 277 280 282 284 284 281 278 274 270 268 266 264 261 260 260 258 258 259 259 258 260 267 273 275 278 279 271 259 247 234 255 263 267 268 267 265 263 261 262 264 268 273 277 279 284 290 304 341 339 338 277 271 270 273 277 280 283 285 284 279 273 271 272 272 271 271 275 278 273 268 266 265 268 275 278 267 258 254 253 252 249 243 261 266 265 266 270
275 280 284 270 270 273 277 280 282 283 283 281 278 274 271 267 264 261 259 258 259 257 256 259 260 259 258 258 260 267 273 279 284 284 279 269 251 262 268 270 269 265 263 262 262 262 264 266 269 273 277 284 291 304 346 359 8 286 272 271 274 277 279 281 282 282 278 275 274 273 271 269 269 274 281 277 270 267 264 263 268 278 276 263 257 253 249 244 247 269 271 269 270 270
