project/data/elevation/US_DEM2016/US_DEM2016_point_10-29-2019_0808_30m_ang.asc
ncols	125
nrows	167
xllcorner	-2042055.000000
yllcorner	1465035.000000
cellsize	30.000000
NODATA_value	-9999.000000
[rows 88 to 131 of 167, columns 0 to 95 of 125]
84 82 272 267 266 274 285 298 34 96 123 138 141 137 132 121 325 323 337 351 2 360 288 195 120 77 42 350 285 267 305 45 61 71 74 82 96 239 260 269 278 281 285 291 96 80 343 321 348 22 30 46 68 79 81 83 91 262 271 277 278 268 225 132 122 121 94 99 241 203 85 58 353 300 276 222 184 195 201 191 182 179 178 167 132 111 103 102 108 117 114 92 342 313 310 310
82 77 294 280 284 287 287 287 114 121 135 145 145 135 134 222 262 263 270 301 15 52 117 152 102 63 48 8 305 281 260 116 103 90 84 82 75 305 288 290 296 301 300 313 86 90 278 281 65 88 85 88 90 88 82 81 71 288 276 271 258 243 198 123 113 141 100 89 269 230 94 55 343 321 332 16 31 299 245 214 200 198 200 202 169 115 89 73 69 77 85 21 319 313 314 311
83 77 300 286 287 283 270 208 145 137 140 146 151 141 136 209 215 212 225 225 181 126 131 164 320 57 61 351 321 314 253 130 131 123 101 87 68 306 288 291 293 294 295 324 87 113 217 223 188 155 133 113 99 89 80 76 61 296 270 253 231 221 195 119 101 297 79 56 301 232 104 53 307 297 349 47 37 14 352 351 310 254 248 243 223 135 72 59 60 66 61 334 301 296 293 268
87 80 291 282 279 268 230 166 143 138 138 140 147 133 75 94 187 192 220 219 184 146 150 233 285 61 82 282 273 174 132 130 133 134 116 96 73 302 285 287 288 289 291 345 90 115 189 219 211 194 181 155 113 89 81 79 73 279 258 238 217 221 202 120 104 279 69 51 307 228 108 63 277 267 133 82 58 28 12 22 18 346 317 306 297 322 70 69 69 70 65 312 267 257 233 183
87 79 287 277 264 234 188 153 139 133 130 123 1 349 4 15 22 14 283 242 183 120 119 272 290 79 120 188 204 184 155 138 116 113 115 103 74 303 291 293 295 296 298 356 85 95 156 231 230 221 222 216 115 87 83 82 82 239 246 234 225 242 225 116 125 239 79 72 253 212 104 66 269 257 169 94 68 40 27 48 40 9 341 340 350 63 101 100 91 82 78 108 236 230 205 168
87 82 269 255 228 193 170 153 140 130 119 336 324 332 345 358 7 4 350 338 0 36 18 313 304 93 116 167 213 217 199 170 90 93 103 99 42 302 300 301 301 299 294 13 81 78 70 261 252 251 259 260 102 86 82 78 74 56 257 255 268 277 270 104 126 237 97 81 96 219 89 49 277 259 205 112 88 69 71 83 65 32 353 349 85 104 120 131 119 100 92 102 234 246 255 315
87 93 204 212 191 171 161 154 138 109 8 319 316 321 328 340 352 357 358 358 8 22 348 304 295 105 100 57 292 289 293 332 76 89 94 88 325 297 298 296 292 280 257 171 91 77 59 306 272 273 279 278 94 83 80 76 68 48 297 281 291 292 297 97 117 249 267 76 57 332 52 38 290 262 218 131 114 108 117 120 97 65 37 148 123 111 114 127 129 118 106 103 276 282 292 299
89 95 137 181 181 161 137 120 66 16 339 320 318 323 322 321 330 349 12 50 108 145 206 230 167 129 120 331 326 337 352 48 87 91 89 76 308 290 288 281 266 236 206 180 115 84 61 339 300 298 299 307 21 79 86 81 74 60 311 283 283 284 290 98 114 246 245 71 44 349 21 31 296 257 212 150 137 135 145 153 136 119 140 162 140 114 102 104 112 114 107 82 299 293 288 279
92 95 107 145 231 337 13 8 359 353 341 324 319 326 319 295 292 315 120 131 136 147 203 220 143 141 184 232 218 170 160 132 102 90 83 65 298 280 273 257 227 195 184 183 134 90 59 339 316 323 336 355 54 90 95 91 89 79 303 281 279 275 135 97 97 254 257 60 41 354 2 32 313 241 211 175 157 152 160 173 163 141 148 168 161 117 90 81 81 86 81 351 302 300 298 294
94 98 101 98 297 318 343 349 347 351 349 331 323 337 330 250 214 160 141 139 138 133 256 235 118 125 198 225 200 181 185 189 143 87 78 59 298 272 258 228 195 177 180 200 137 98 78 302 296 340 37 60 88 95 96 97 98 83 303 290 287 284 105 90 65 297 278 14 53 24 321 30 34 211 206 196 172 160 170 184 176 149 145 170 193 121 79 69 64 64 55 339 295 294 295 294
93 95 99 270 282 294 317 330 335 344 348 337 333 8 70 177 171 151 140 138 140 332 315 324 99 91 288 268 242 205 226 240 230 85 79 60 299 264 237 200 180 180 231 269 113 101 116 245 243 181 129 112 103 94 93 95 90 23 308 299 293 302 81 81 54 312 287 29 79 100 195 241 43 93 175 194 180 172 183 193 189 165 163 198 246 20 64 64 62 62 57 353 277 267 263 254
89 89 87 278 271 274 286 299 306 315 326 325 333 75 108 136 146 140 133 133 292 307 315 48 85 57 333 322 348 359 348 320 302 84 82 78 247 240 219 193 203 297 314 312 92 100 114 245 241 204 179 158 118 99 92 88 71 343 305 301 297 316 68 80 83 253 246 166 96 99 163 242 245 83 101 154 172 184 201 210 211 198 206 262 298 23 58 67 71 74 76 65 258 249 244 234
86 83 80 265 257 254 251 245 241 242 244 232 173 140 135 137 136 129 113 337 299 288 291 79 75 21 326 328 358 14 14 2 2 78 81 85 133 232 247 292 313 304 304 306 98 94 82 277 263 235 210 202 171 116 92 83 67 326 295 296 300 323 77 89 106 186 218 211 131 85 59 273 249 89 78 88 118 206 242 243 244 257 297 313 338 50 70 79 85 89 90 79 276 270 266 253
82 78 75 93 244 242 232 221 219 223 216 191 161 147 141 140 134 93 17 333 318 290 267 100 84 335 317 327 11 50 50 42 51 76 79 79 73 289 290 308 303 287 271 231 102 87 49 301 291 311 325 278 240 155 90 85 74 306 285 285 292 341 96 94 99 143 224 238 223 76 44 298 248 118 81 73 48 342 315 302 284 274 275 258 132 105 96 94 96 96 93 30 303 301 300 292
73 67 63 62 249 240 228 223 231 236 215 173 151 142 136 137 161 340 338 331 335 323 326 98 114 261 278 296 106 103 94 80 78 83 83 77 53 302 283 279 268 250 235 197 104 86 40 297 295 346 17 9 347 3 82 82 71 296 278 275 275 109 99 91 86 89 256 259 249 81 70 263 236 172 89 73 29 336 337 347 332 288 234 191 183 178 140 104 98 95 87 327 300 304 309 355
58 56 56 55 29 73 241 242 245 230 192 161 144 134 126 129 269 287 296 300 316 317 40 97 118 221 228 189 147 137 132 118 100 92 86 77 52 292 257 240 233 225 227 203 100 82 29 287 274 86 60 43 32 39 71 76 70 291 272 268 260 110 90 82 75 67 287 258 238 110 95 119 232 216 95 73 24 299 312 5 9 353 342 214 220 233 212 102 90 88 74 310 294 293 295 100
69 73 73 69 57 298 273 268 244 197 167 155 144 115 86 38 272 245 238 236 224 213 153 101 98 204 215 192 177 173 172 167 137 100 84 76 67 266 243 235 235 234 249 237 89 71 23 279 242 197 164 105 78 75 77 77 72 300 272 266 253 119 81 72 70 67 41 246 233 179 96 90 247 239 129 82 55 267 261 355 29 25 33 23 342 310 311 69 81 78 41 316 299 286 237 102
119 119 112 102 100 213 254 242 202 167 141 131 114 44 26 13 1 241 221 212 200 192 164 106 74 46 192 190 196 199 198 203 197 121 76 73 80 166 253 260 261 265 269 263 84 70 39 274 237 218 203 169 133 118 96 81 67 342 271 260 240 169 92 75 73 70 63 246 236 218 106 74 274 244 179 92 72 259 247 235 92 81 72 38 4 354 13 59 75 64 8 323 314 301 150 82
115 123 125 120 115 199 289 223 174 136 65 26 358 355 1 11 19 4 324 236 199 195 152 108 59 44 52 21 279 262 249 251 252 260 66 70 74 59 274 272 278 284 277 258 93 75 52 333 266 244 216 181 164 160 143 88 66 46 256 243 227 189 123 88 75 65 55 21 250 234 200 79 61 233 205 103 73 263 246 236 173 133 130 130 13 34 59 69 69 50 355 319 325 22 42 40
98 105 112 115 78 334 320 333 360 358 354 352 350 348 1 23 5 354 356 11 333 244 114 104 64 74 55 357 340 348 338 316 309 328 56 70 70 52 288 275 280 281 269 238 111 70 43 7 320 259 199 177 177 190 202 98 71 75 202 231 232 225 113 81 66 56 52 42 317 258 245 99 83 182 220 137 78 60 255 241 191 158 173 204 220 163 87 72 56 40 10 310 299 23 9 11
86 86 88 80 328 320 329 340 346 344 339 343 7 67 83 335 311 326 4 28 29 91 97 82 122 109 91 300 300 358 360 347 347 9 62 76 75 59 301 278 270 257 241 221 142 71 29 13 10 128 155 163 185 212 234 14 73 77 86 241 245 247 249 65 58 57 59 50 15 294 267 246 82 75 266 233 76 61 272 246 217 176 215 248 254 248 83 63 44 41 42 38 225 283 327 7
78 74 69 43 314 299 307 320 329 336 343 10 44 46 20 345 327 314 355 42 58 77 75 49 96 98 96 255 247 228 176 42 64 77 85 87 83 68 305 275 258 240 239 235 147 151 299 32 71 101 122 145 191 222 228 214 88 70 59 303 253 245 235 110 75 77 76 65 37 319 282 283 76 55 301 308 65 71 113 247 243 253 306 292 279 289 75 63 48 52 57 64 116 225 252 292
79 75 68 38 314 292 291 298 307 338 33 21 13 12 1 353 355 326 321 39 50 49 35 14 59 81 68 285 266 236 202 186 182 161 104 92 88 80 295 276 271 277 287 272 131 172 220 178 109 98 98 106 200 239 235 226 212 69 58 38 261 246 236 188 104 100 99 90 57 322 297 312 81 74 287 286 54 75 85 247 248 251 275 282 266 240 107 107 97 84 81 82 97 198 236 220
90 87 81 49 306 295 293 292 290 15 29 356 339 338 347 119 137 224 251 38 51 38 20 11 57 78 59 292 286 282 254 226 231 230 101 90 86 78 302 287 295 302 304 85 113 167 237 194 121 99 84 65 360 287 266 258 256 44 63 60 289 249 240 213 121 102 104 101 34 313 306 30 95 104 237 253 76 72 69 262 255 258 269 278 274 262 123 126 138 120 114 110 104 127 251 241
96 94 94 92 280 283 285 279 222 173 176 187 194 186 168 153 156 196 227 211 118 79 36 93 91 78 65 265 255 271 322 340 335 354 79 89 84 69 311 289 293 293 288 102 92 351 292 89 100 95 82 57 0 325 312 304 303 345 63 70 78 246 241 226 164 93 95 95 301 293 299 91 102 115 217 240 230 77 73 27 268 278 302 320 330 338 61 96 122 119 120 125 124 351 298 292
86 85 87 108 257 260 257 222 165 165 171 173 173 171 165 153 148 209 238 208 152 173 179 147 121 76 58 287 244 228 223 243 299 90 93 94 88 73 303 285 285 283 203 111 64 331 326 64 75 77 81 69 333 316 329 339 352 22 63 75 79 254 252 247 240 92 89 80 289 275 257 102 99 110 210 237 236 122 83 50 281 289 318 335 8 37 60 72 93 102 102 103 345 325 321 327
66 70 71 71 251 247 232 189 155 152 159 168 163 140 138 131 60 268 244 186 141 209 249 77 70 62 48 15 292 249 226 210 200 158 110 97 89 72 301 288 285 284 107 100 329 305 27 94 72 64 78 79 272 268 273 59 69 67 77 81 75 309 270 264 256 98 89 71 290 270 239 103 97 106 206 243 245 211 84 40 284 285 306 346 77 86 84 79 86 94 91 60 320 315 317 339
54 62 64 60 306 243 220 185 151 118 90 5 355 17 17 15 220 233 228 156 45 319 352 24 20 32 36 24 354 323 311 226 219 199 128 94 77 37 311 292 283 274 91 73 298 265 121 110 131 77 76 73 255 240 222 186 158 131 101 90 80 327 271 257 231 113 93 78 281 269 243 103 97 101 215 256 260 272 82 61 266 252 224 170 132 132 122 98 87 90 92 88 278 282 287 5
75 69 66 61 57 224 215 206 232 4 5 354 353 11 55 123 250 306 330 347 356 280 225 23 26 18 29 36 1 332 5 28 314 223 177 101 64 24 309 284 269 245 101 71 259 219 141 95 29 100 74 57 24 258 231 211 195 183 129 100 93 211 254 244 208 123 93 78 274 263 230 105 98 97 244 266 270 282 80 106 219 220 204 188 174 176 166 117 82 81 85 116 245 253 254 136
318 53 63 65 72 104 227 252 283 315 336 346 13 75 94 5 327 334 346 348 39 112 188 208 164 136 124 97 3 276 348 41 34 15 249 264 61 45 296 273 261 225 126 90 118 215 198 87 47 76 62 44 31 2 271 237 225 222 180 109 94 128 246 244 206 125 88 72 263 248 213 109 97 93 277 275 278 284 76 97 184 225 217 206 216 228 227 112 73 76 78 81 251 252 246 181
303 343 47 67 74 70 300 285 285 287 287 292 88 75 28 332 319 329 354 12 81 85 123 223 223 201 150 109 138 239 229 87 59 38 345 319 62 61 306 278 270 215 120 91 71 187 227 188 74 27 38 40 44 37 354 279 267 264 248 89 78 86 244 245 209 131 88 81 156 236 221 114 96 90 288 276 275 273 78 84 86 261 257 258 268 275 294 31 78 82 82 83 248 252 243 216
283 308 41 68 71 52 323 298 293 283 239 160 98 43 352 318 297 188 151 164 144 83 67 278 255 214 132 104 98 216 217 196 90 44 8 358 67 60 321 288 272 178 99 65 60 66 225 237 319 356 15 59 70 65 41 300 282 284 309 47 76 83 250 251 228 127 99 100 128 247 243 117 93 85 286 269 259 250 103 80 41 295 290 302 307 310 352 63 95 90 88 92 190 246 239 209
266 269 37 70 69 40 324 302 298 290 163 136 44 3 331 302 261 131 133 161 192 74 69 355 268 239 87 78 76 126 220 223 206 60 25 46 74 56 313 286 263 158 99 44 65 72 81 257 279 359 31 64 67 62 42 324 278 268 294 72 85 79 324 281 284 3 91 100 101 276 269 101 88 78 298 270 259 251 121 84 45 293 284 291 301 331 46 71 89 89 85 85 117 244 230 189
267 272 319 63 69 41 307 294 293 304 100 359 330 323 303 282 157 97 63 10 326 50 78 66 263 268 52 48 64 61 287 241 234 229 105 87 83 59 297 275 247 157 145 175 159 86 55 276 264 322 15 29 39 38 31 2 296 264 248 97 88 70 326 299 292 338 88 87 40 282 278 90 87 73 314 284 279 276 101 83 45 291 278 274 263 244 83 77 85 87 80 72 55 266 219 169
284 295 326 50 69 52 284 274 274 5 16 347 336 289 238 210 164 59 5 360 1 93 95 116 243 247 80 81 77 62 43 270 256 245 176 108 94 94 257 256 226 155 147 167 194 135 58 284 258 282 345 11 28 31 32 27 345 279 252 106 89 72 300 276 246 183 94 76 19 287 274 102 95 84 289 278 275 267 105 83 47 296 285 288 285 283 53 81 89 89 79 63 45 21 169 143
281 292 325 50 61 36 310 276 267 317 347 2 47 142 187 201 190 204 210 173 162 141 110 120 231 240 168 125 115 80 64 305 267 251 196 119 103 116 216 233 203 150 141 155 238 271 69 82 254 259 283 16 57 55 53 52 26 303 268 108 91 79 283 247 192 178 100 67 10 311 275 115 105 109 235 253 251 239 137 88 67 284 282 297 315 335 55 79 91 96 85 68 60 63 78 67
262 257 251 58 49 22 344 309 285 286 309 48 102 126 183 233 182 164 172 174 184 172 110 109 244 245 201 143 106 66 68 356 258 251 215 112 99 104 179 216 191 148 123 355 315 317 58 85 238 234 222 200 132 103 95 81 53 311 256 113 94 82 304 291 103 132 84 54 5 342 117 120 113 118 211 241 237 231 192 89 81 269 264 261 265 105 97 98 105 107 97 85 86 90 77 352
251 248 250 286 23 18 5 336 266 252 252 118 111 130 196 205 162 145 152 175 215 185 103 88 282 266 246 252 342 36 76 82 254 253 235 97 91 96 133 203 204 137 351 331 325 339 55 96 193 224 226 220 189 125 106 90 71 307 236 127 87 65 330 326 13 28 56 48 27 111 118 117 119 128 207 242 234 230 223 84 71 255 244 232 215 175 145 135 130 123 101 83 83 82 31 329
288 292 296 309 358 32 61 128 185 216 217 157 120 132 184 188 157 125 75 336 308 53 88 29 322 314 316 325 344 49 75 69 263 251 223 108 95 96 109 226 272 309 315 307 305 340 77 105 160 217 230 229 215 147 99 80 67 48 258 224 64 46 357 321 349 33 63 77 116 125 117 113 119 140 237 264 262 252 249 57 69 186 234 240 228 186 169 169 162 138 55 55 63 59 8 312
293 309 329 338 22 74 98 119 156 199 204 168 122 106 153 200 130 24 354 326 323 55 64 344 332 342 351 14 66 111 75 67 293 240 219 146 104 92 83 292 276 270 262 259 258 229 97 103 142 207 225 227 223 195 95 67 56 39 337 307 44 57 50 283 278 68 87 102 121 127 120 112 113 149 274 290 309 325 329 357 67 103 251 262 250 177 179 204 232 310 15 44 60 59 22 299
280 295 345 53 116 119 102 93 106 171 197 186 108 35 8 357 352 352 330 296 296 81 49 294 299 340 34 79 107 159 140 78 77 232 230 199 106 86 80 237 238 229 236 249 243 181 108 94 106 204 235 238 236 232 128 75 45 34 11 343 63 85 88 279 290 69 96 106 116 128 126 119 115 296 293 292 298 318 339 4 62 56 297 289 246 153 192 237 268 311 22 63 81 86 84 270
270 269 157 134 150 154 100 72 69 89 177 232 294 348 1 6 5 11 334 253 209 108 74 260 250 215 125 112 118 166 208 87 74 223 250 244 94 81 86 130 223 241 261 269 249 147 107 81 65 12 273 257 248 243 192 133 37 39 33 32 84 96 73 317 324 67 96 105 115 128 128 124 120 303 306 301 282 278 301 18 73 79 278 259 145 165 209 249 275 302 61 88 95 103 135 226
258 244 180 148 165 199 90 63 62 64 50 277 275 297 347 14 19 33 37 273 204 128 92 239 240 209 145 124 121 164 241 107 85 99 253 252 96 84 84 80 282 279 284 283 262 114 92 70 53 30 311 255 244 241 214 194 220 100 65 66 86 91 356 314 345 77 98 110 121 127 124 97 325 308 307 313 308 277 260 105 100 137 203 198 178 196 247 271 290 323 75 94 95 94 113 213
235 223 200 166 181 242 213 81 70 60 43 305 259 249 244 6 39 72 88 123 215 176 90 169 243 222 140 113 94 17 280 96 94 109 232 233 171 92 80 57 309 287 280 270 211 126 110 86 73 75 124 225 239 240 226 217 222 194 120 89 88 82 303 291 16 93 107 122 127 124 96 341 328 315 302 305 321 327 312 110 110 129 210 236 246 283 297 301 325 16 74 94 93 85 83 209
