project/data/elevation/US_DEM2016/US_DEM2016_point_10-30-2019_1639_30m_vel.asc
ncols	125
nrows	167
xllcorner	-2042055.000000
yllcorner	1465035.000000
cellsize	30.000000
NODATA_value	-9999.000000
[rows 37 to 73 of 167, columns 0 to 82 of 125]
10.49 10.59 10.26 9.61 8.89 8.17 7.64 7.06 6.38 5.70 5.34 5.39 5.81 6.53 7.03 7.14 7.08 7.27 7.93 8.81 9.52 10.06 10.45 10.71 10.69 10.53 10.28 9.90 9.34 8.71 8.06 7.58 7.51 7.85 8.25 8.65 9.08 9.55 9.94 10.31 10.47 10.12 9.80 9.60 9.97 10.57 10.79 10.31 9.58 8.80 8.17 7.86 7.57 7.49 7.58 7.64 7.68 8.08 8.53 9.10 9.19 8.81 8.14 7.30 6.53 6.07 5.95 6.06 6.23 6.46 6.57 6.66 7.01 7.31 7.62 8.05 8.70 9.59 10.93 12.33 13.35 13.37 12.74
10.63 10.12 9.09 8.33 7.63 7.21 6.90 6.41 5.82 5.33 5.18 5.20 5.38 5.83 6.37 6.67 6.77 6.99 7.57 8.32 8.74 8.90 8.99 9.18 9.43 9.62 9.83 9.99 9.77 9.35 8.85 8.40 8.18 8.21 8.52 9.17 9.87 10.28 10.70 11.32 11.75 11.65 11.42 11.27 11.26 11.16 10.46 9.23 8.38 7.84 7.69 7.75 7.63 7.49 7.60 7.74 7.87 8.34 8.77 9.09 8.95 8.23 7.67 7.22 6.76 6.38 5.98 5.88 5.97 6.13 6.13 6.15 6.48 7.06 7.39 7.71 8.08 8.84 9.81 10.91 11.75 12.10 11.83
10.50 9.47 7.88 7.09 6.53 6.29 6.06 5.74 5.50 5.42 5.54 5.65 5.72 5.82 6.00 6.23 6.46 6.73 6.99 7.17 7.08 6.94 6.96 7.29 7.97 8.71 9.29 9.81 9.99 9.82 9.48 9.13 8.90 8.98 9.57 10.49 11.04 11.33 11.59 11.97 12.23 11.97 11.63 11.30 11.02 10.62 9.77 8.77 8.07 7.56 7.57 7.85 7.90 7.60 7.70 7.96 8.28 8.73 8.78 8.55 7.90 6.90 6.08 5.84 5.73 5.61 5.36 5.34 5.55 5.75 5.73 5.80 6.24 6.85 7.14 7.26 7.41 7.95 8.71 9.15 9.23 9.63 10.37
10.07 8.92 7.23 6.44 6.18 6.08 6.05 6.05 6.17 6.43 6.73 6.89 6.72 6.33 6.02 6.03 6.29 6.51 6.46 6.16 6.00 6.06 6.40 6.96 7.80 8.49 9.02 9.51 9.84 9.97 9.96 9.87 9.98 10.54 11.40 12.21 12.64 12.79 12.52 12.09 11.90 11.16 10.54 10.34 10.13 10.17 10.00 9.78 9.38 9.06 8.71 8.58 8.42 7.89 7.79 8.00 8.33 8.60 8.31 7.65 6.79 5.72 4.67 4.31 4.28 4.41 4.76 5.12 5.39 5.49 5.41 5.58 6.21 6.82 7.00 6.95 6.97 7.33 7.94 8.17 7.96 8.15 9.19
9.68 8.80 7.50 6.94 6.86 6.88 6.87 6.91 7.15 7.55 7.88 7.87 7.40 6.75 6.32 6.27 6.47 6.58 6.44 6.21 6.26 6.60 7.07 7.48 7.83 8.19 8.41 8.71 9.25 9.71 10.28 10.57 11.20 12.04 12.78 13.28 13.46 13.17 12.55 11.71 10.96 10.20 9.50 9.07 9.17 9.32 9.66 9.88 10.07 10.17 10.04 9.38 8.72 8.01 7.62 7.61 7.68 7.60 7.22 6.71 6.08 5.27 4.44 4.20 4.41 4.73 5.07 5.27 5.31 5.34 5.37 5.58 6.16 6.73 6.78 6.55 6.69 7.27 7.84 7.80 7.50 7.48 8.14
9.52 8.98 8.15 7.78 7.68 7.60 7.48 7.56 7.94 8.37 8.50 8.20 7.48 7.03 6.90 7.00 7.12 7.18 7.19 7.28 7.54 7.88 8.18 8.41 8.57 8.55 8.46 8.52 8.97 9.52 10.46 11.50 12.32 13.15 13.33 13.05 12.63 11.99 11.17 10.37 9.70 9.15 8.46 8.08 8.06 8.26 8.62 8.82 9.16 9.40 9.44 9.02 8.47 7.79 7.43 7.37 7.25 6.94 6.61 6.54 6.30 5.94 5.65 5.73 5.99 5.96 5.70 5.48 5.55 5.66 5.60 5.58 5.88 6.25 6.08 5.73 6.21 7.21 7.73 7.47 7.19 7.37 8.10
9.41 9.01 8.41 8.13 8.04 8.03 8.12 8.42 8.82 9.04 8.86 8.31 7.61 7.35 7.37 7.53 7.72 7.86 8.09 8.47 8.92 9.25 9.41 9.47 9.45 9.23 9.07 9.07 9.35 9.71 10.66 11.80 12.67 13.11 12.76 12.01 11.16 10.37 9.56 9.03 8.68 8.27 7.68 7.17 7.15 7.44 7.65 7.46 7.15 6.80 6.77 7.18 7.46 7.43 7.43 7.67 7.75 7.67 7.63 7.60 7.40 7.30 7.39 7.49 7.07 6.45 6.23 6.36 6.41 6.00 5.42 5.14 5.39 5.67 5.46 5.25 5.81 6.89 7.33 6.99 7.01 7.71 8.60
9.35 9.06 8.67 8.57 8.73 9.07 9.43 9.69 9.77 9.60 9.10 8.43 7.83 7.56 7.57 7.81 8.09 8.36 8.73 9.23 9.69 9.91 9.92 9.76 9.53 9.27 9.18 9.28 9.66 10.15 11.16 11.92 12.19 11.96 11.43 10.93 10.35 9.67 8.70 8.01 7.62 7.35 6.96 6.48 6.36 6.70 6.49 6.08 5.55 5.22 5.32 5.76 6.30 6.79 7.45 8.20 8.59 8.74 8.75 8.50 8.27 8.24 8.10 7.74 7.02 6.83 7.13 7.12 6.43 5.28 4.70 4.80 5.19 5.41 5.41 5.52 6.12 6.87 7.12 6.80 6.87 7.71 8.35
9.58 9.49 9.39 9.51 9.78 10.11 10.34 10.38 10.20 9.77 9.15 8.56 8.17 7.98 8.15 8.40 8.62 8.89 9.23 9.54 9.65 9.56 9.37 9.16 9.08 8.99 8.99 9.24 9.93 10.76 11.69 11.60 11.13 10.47 10.03 9.97 9.66 9.16 8.22 7.37 6.69 6.33 6.05 5.64 5.65 5.90 5.85 5.89 5.96 6.01 5.92 5.73 5.78 6.40 7.52 8.52 8.80 8.74 8.58 8.49 8.32 8.37 8.08 7.73 7.64 7.80 7.53 6.57 5.33 4.72 4.87 5.43 5.79 5.91 6.03 6.40 6.99 7.37 7.33 7.07 7.03 7.36 7.83
9.95 9.93 9.96 10.12 10.20 10.18 10.07 9.90 9.65 9.26 8.82 8.47 8.44 8.64 9.03 9.24 9.32 9.41 9.47 9.41 9.19 8.90 8.62 8.52 8.68 8.83 9.02 9.52 10.45 11.29 11.66 11.11 10.09 9.40 8.99 8.75 8.51 8.27 7.78 7.00 6.08 5.52 5.36 5.44 5.72 6.02 6.44 6.69 6.74 6.37 5.81 5.59 6.10 7.12 8.16 8.63 8.57 8.38 8.27 8.35 8.24 8.31 8.25 8.19 8.12 7.73 6.50 5.58 5.39 5.82 6.44 6.81 6.96 7.03 7.27 7.65 7.99 8.08 7.96 7.83 7.69 7.66 7.92
10.17 10.03 9.90 9.89 9.74 9.45 9.12 8.79 8.48 8.24 8.01 7.91 8.09 8.64 9.16 9.43 9.51 9.43 9.23 8.98 8.74 8.49 8.29 8.25 8.41 8.68 9.07 9.83 10.80 11.32 11.02 10.10 9.36 8.73 8.18 7.76 7.48 7.40 7.31 6.96 6.07 5.55 5.63 6.20 6.56 6.87 7.07 6.71 5.95 5.13 4.97 5.70 7.34 8.89 9.42 9.16 8.87 8.65 8.56 8.55 8.38 8.43 8.32 8.14 7.70 6.92 6.34 6.48 7.24 8.04 8.52 8.67 8.71 8.72 8.79 9.01 9.17 9.10 9.06 9.04 8.58 8.28 8.47
10.20 10.00 9.50 9.22 8.98 8.61 8.21 7.83 7.54 7.30 7.11 7.10 7.34 7.92 8.43 8.72 8.90 8.90 8.76 8.57 8.36 8.18 8.05 8.01 8.09 8.36 8.78 9.67 10.78 11.04 10.48 9.62 9.02 8.37 7.58 6.91 6.70 6.70 6.75 6.57 6.04 5.65 5.75 6.22 6.53 6.76 6.79 5.98 5.21 5.03 5.82 7.77 9.84 10.83 10.82 10.06 9.48 9.06 8.88 8.93 8.87 8.80 8.62 8.34 8.30 8.53 9.23 10.09 10.79 11.28 11.42 11.43 11.39 11.31 11.24 11.27 11.26 11.00 10.65 10.05 9.14 8.55 8.70
10.21 10.00 9.23 8.69 8.44 8.19 7.86 7.54 7.29 6.99 6.89 6.96 7.26 7.73 8.07 8.27 8.40 8.47 8.41 8.23 7.99 7.79 7.68 7.68 7.76 7.96 8.38 9.44 10.70 10.77 10.13 9.56 9.06 8.41 7.56 6.72 6.38 6.08 5.79 5.55 5.29 5.03 5.00 5.23 5.66 6.11 6.43 6.13 5.99 6.65 8.62 10.84 12.01 12.09 11.44 10.44 9.71 9.31 9.23 9.54 9.65 9.68 9.56 9.82 10.51 11.46 12.48 13.37 13.96 14.23 14.30 14.28 14.24 14.17 14.01 13.77 13.48 13.08 12.25 11.00 9.71 8.81 8.64
10.34 10.00 9.15 8.57 8.31 8.16 8.05 7.90 7.71 7.53 7.67 7.90 8.24 8.56 8.70 8.68 8.57 8.43 8.20 7.92 7.66 7.45 7.35 7.36 7.48 7.76 8.34 9.58 10.59 10.32 9.35 9.18 8.92 8.41 8.00 7.43 6.74 5.88 5.13 4.89 4.87 4.91 5.09 5.37 5.82 6.33 7.08 7.60 8.21 9.66 11.67 12.75 12.81 11.92 11.02 10.13 9.60 9.42 9.31 9.45 9.67 9.95 10.14 10.63 11.61 12.51 13.16 13.73 14.07 14.24 14.37 14.50 14.57 14.55 14.36 14.00 13.63 13.30 12.69 11.86 10.90 9.93 8.97
10.47 9.94 9.01 8.65 8.42 8.25 8.20 8.21 8.16 8.16 8.54 9.03 9.37 9.52 9.45 9.17 8.81 8.40 8.04 7.77 7.56 7.36 7.19 7.13 7.31 7.78 8.52 9.65 10.17 9.39 8.50 8.41 8.30 8.20 8.12 7.97 7.19 6.28 5.71 5.66 5.97 6.44 6.89 7.14 7.45 8.12 9.37 10.68 11.94 12.98 13.47 13.25 12.24 10.91 10.13 9.49 9.09 8.83 8.55 8.38 8.61 8.96 9.65 10.15 10.79 11.13 11.00 10.88 10.76 10.91 11.21 11.63 11.80 11.81 11.61 11.35 11.26 11.13 11.03 11.02 10.91 10.62 10.00
10.37 9.61 8.54 8.23 8.13 8.09 8.11 8.17 8.24 8.36 8.77 9.37 9.67 9.68 9.43 8.97 8.46 8.04 7.77 7.58 7.39 7.20 7.01 6.99 7.30 7.86 8.58 9.40 9.46 8.48 7.83 7.80 7.70 7.63 7.76 7.62 7.32 7.07 7.01 7.38 7.85 8.31 8.65 9.03 9.68 10.83 12.23 13.25 13.81 13.85 13.43 12.40 11.24 10.10 9.43 8.88 8.40 7.92 7.69 7.59 7.84 8.25 8.68 9.08 9.15 8.63 7.97 7.25 7.04 7.23 7.57 7.96 8.10 7.97 7.92 7.78 7.88 7.94 8.06 8.38 8.95 9.39 9.50
10.00 9.19 8.04 7.57 7.52 7.65 7.85 7.97 8.11 8.29 8.51 8.82 8.97 8.79 8.43 7.99 7.64 7.40 7.21 7.04 6.88 6.78 6.85 7.14 7.57 8.01 8.56 9.06 8.95 8.29 7.86 7.79 7.65 7.48 7.23 7.04 7.18 7.36 7.65 8.21 8.79 9.13 9.53 10.16 11.32 12.64 13.50 13.73 13.32 12.65 11.89 11.11 10.32 9.63 9.09 8.60 8.14 7.74 7.77 7.90 8.21 8.41 8.41 8.36 7.86 7.13 6.58 6.29 6.35 6.43 6.25 5.91 5.69 5.57 5.48 5.44 5.57 5.72 5.79 5.77 5.94 6.31 6.62
9.61 8.98 8.00 7.52 7.33 7.22 7.26 7.42 7.54 7.72 7.76 7.74 7.53 7.12 6.74 6.59 6.54 6.43 6.36 6.40 6.56 6.75 7.07 7.52 7.87 8.21 8.61 8.97 9.06 8.93 8.59 8.20 7.83 7.43 6.87 6.51 6.65 6.92 7.26 7.75 8.38 8.92 9.52 10.58 12.09 13.04 13.11 12.19 10.88 10.30 10.09 9.97 9.69 9.38 8.99 8.61 8.26 8.13 8.40 8.57 8.64 8.58 8.18 7.81 7.33 6.98 7.03 7.08 6.96 6.54 5.79 4.91 4.47 4.26 4.07 4.02 4.13 4.15 4.04 3.81 3.70 3.83 4.29
9.49 9.11 8.54 8.15 7.75 7.21 6.69 6.51 6.58 6.74 6.81 6.63 6.12 5.52 5.25 5.28 5.36 5.42 5.63 6.11 6.73 7.29 7.71 7.94 8.18 8.47 8.81 9.18 9.41 9.44 8.91 8.22 7.67 7.14 6.56 6.09 6.18 6.54 6.80 7.13 7.64 8.37 9.30 10.84 12.26 12.57 11.66 10.12 9.22 8.92 8.87 8.95 9.00 9.01 8.69 8.43 8.21 8.25 8.55 8.47 8.14 7.74 7.36 7.15 7.30 7.57 7.79 7.68 6.89 5.90 4.87 4.30 4.10 3.89 3.54 3.29 3.18 2.95 2.69 2.74 3.12 3.85 4.94
9.74 9.71 9.48 9.06 8.46 7.74 6.88 6.45 6.32 6.43 6.44 6.10 5.57 5.18 5.00 4.99 5.14 5.42 5.89 6.58 7.34 8.05 8.39 8.57 8.79 9.08 9.29 9.52 9.71 9.64 8.88 8.30 7.99 7.53 6.87 6.51 6.74 7.11 7.25 7.42 7.79 8.47 9.57 11.23 12.03 11.53 9.89 8.63 7.95 7.74 7.78 7.96 8.21 8.28 8.05 7.85 7.73 7.74 7.74 7.27 6.71 6.33 6.37 6.76 7.68 8.18 8.00 7.30 6.16 5.27 4.84 4.88 4.87 4.38 3.61 3.14 2.93 2.98 2.76 3.22 4.23 5.78 7.42
10.16 10.21 10.01 9.57 9.02 8.41 7.83 7.47 7.17 7.00 6.81 6.50 6.24 6.18 6.25 6.40 6.61 6.96 7.31 7.77 8.37 8.95 9.28 9.53 9.84 10.04 9.94 9.98 10.27 10.36 10.00 9.64 9.39 8.91 8.11 7.81 8.12 8.42 8.56 8.66 8.87 9.21 10.15 11.39 11.49 10.08 8.43 7.26 6.76 6.71 6.85 7.07 7.41 7.47 7.41 7.26 7.07 6.80 6.42 6.05 5.91 6.05 6.57 7.27 8.14 8.21 7.45 6.50 5.76 5.74 6.15 6.36 5.76 4.74 3.87 3.61 3.74 3.90 4.31 5.40 7.15 8.94 9.77
10.43 10.16 9.59 9.28 9.10 8.95 8.68 8.35 7.90 7.48 7.20 7.13 7.32 7.66 8.08 8.39 8.74 9.08 9.35 9.56 9.87 10.03 10.23 10.58 10.88 10.78 10.54 10.59 10.95 10.98 10.73 10.35 10.00 9.51 8.88 8.57 8.72 9.01 9.31 9.56 9.71 9.89 10.50 10.96 10.24 8.49 6.99 6.12 5.77 5.74 5.95 6.12 6.41 6.80 6.99 6.91 6.73 6.45 6.30 6.50 6.86 7.42 8.04 8.51 8.70 8.17 7.17 6.68 6.77 7.28 7.59 7.15 5.93 4.76 4.44 4.78 5.29 5.89 6.93 8.48 10.10 10.82 10.50
10.53 9.81 8.84 8.59 8.74 8.97 8.97 8.56 7.97 7.47 7.21 7.33 7.86 8.54 9.17 9.63 10.01 10.38 10.71 10.86 10.83 10.75 10.89 11.19 11.22 10.97 10.87 11.05 11.20 10.80 9.90 9.21 8.78 8.59 8.52 8.56 8.65 8.92 9.26 9.68 10.02 10.14 10.29 9.99 8.67 6.88 5.70 5.14 4.91 5.01 5.07 5.08 5.55 6.33 6.86 7.01 7.02 7.03 7.29 7.60 8.09 8.83 9.53 9.93 9.63 9.04 8.12 8.01 8.52 8.79 8.19 7.02 5.94 5.70 6.18 6.89 7.75 8.78 10.07 11.23 11.60 11.07 9.86
10.51 9.67 8.41 8.00 7.99 8.10 8.20 8.02 7.58 7.14 6.89 6.97 7.45 8.17 8.82 9.22 9.52 9.75 9.89 9.98 10.09 10.30 10.56 10.60 10.29 10.15 10.45 10.91 10.91 10.36 9.49 8.54 7.95 7.82 8.24 8.71 9.07 9.27 9.43 9.60 9.75 9.57 9.33 8.78 7.62 6.02 5.00 4.71 4.80 4.98 4.94 4.93 5.38 6.30 7.07 7.57 7.88 8.10 8.28 8.40 8.87 9.89 10.81 11.14 10.71 10.26 9.83 9.58 9.75 9.62 8.63 7.67 7.45 8.25 9.31 10.28 11.24 12.07 12.57 12.45 11.61 10.28 9.06
10.40 9.40 7.92 7.43 7.07 6.84 6.86 6.90 6.75 6.43 6.10 6.00 6.18 6.54 6.94 7.21 7.35 7.26 6.92 6.87 7.62 8.53 8.84 8.48 7.91 8.29 9.45 10.25 10.30 10.04 9.84 9.55 9.16 8.90 8.89 9.15 9.41 9.52 9.39 9.14 8.86 8.56 8.32 8.19 7.59 6.43 5.67 5.73 6.00 6.11 6.11 6.19 6.41 6.90 7.45 7.99 8.52 9.03 9.34 9.76 10.52 11.51 11.92 11.69 11.14 10.80 10.74 10.86 10.95 10.79 10.44 10.33 10.92 11.80 12.52 13.09 13.50 13.60 13.18 12.11 10.82 9.65 8.76
9.99 8.84 7.33 6.84 6.52 6.23 5.98 5.87 5.82 5.53 5.09 4.73 4.54 4.52 4.62 4.79 4.85 4.59 4.40 4.66 5.46 6.34 6.56 6.13 6.05 7.03 8.84 9.75 9.72 9.26 9.37 9.71 9.90 9.92 9.55 9.19 8.96 8.86 8.52 8.10 7.82 7.98 8.28 8.73 8.70 8.44 8.05 8.05 8.18 8.20 8.16 8.02 7.77 7.68 7.74 7.99 8.49 9.24 10.12 11.16 12.11 12.37 11.94 11.00 10.03 9.91 10.54 11.04 11.51 11.81 12.17 12.68 13.26 13.57 13.62 13.55 13.36 12.84 11.90 10.89 10.00 9.21 8.53
9.54 8.64 7.28 6.65 6.37 6.13 5.81 5.51 5.36 5.11 4.62 4.07 3.66 3.49 3.48 3.50 3.55 3.77 4.09 4.54 4.99 5.27 5.26 5.20 5.72 7.13 8.99 9.66 9.26 8.32 8.16 8.51 9.01 9.35 9.10 8.41 7.73 7.36 7.24 7.12 7.25 8.00 8.96 9.74 9.93 10.01 9.99 9.82 9.71 9.60 9.14 8.61 8.20 8.04 8.00 8.16 8.63 9.51 10.65 11.64 11.99 11.52 10.49 9.20 8.58 8.85 9.74 10.44 10.83 11.37 11.93 12.38 12.64 12.55 12.22 11.75 11.15 10.37 9.77 9.28 8.76 8.27 7.80
9.43 8.87 7.87 7.17 6.75 6.44 6.09 5.75 5.54 5.35 5.05 4.67 4.35 4.06 3.85 3.76 3.95 4.56 5.28 5.65 5.65 5.55 5.54 5.69 6.45 8.01 9.47 9.75 8.93 7.73 7.23 7.19 7.51 7.80 7.88 7.60 7.09 6.71 6.71 7.12 7.78 8.87 9.79 10.24 10.16 10.09 10.10 10.14 10.05 9.65 8.82 8.24 8.04 8.15 8.29 8.54 9.07 10.03 10.91 11.17 10.58 9.46 8.45 7.75 7.83 8.51 9.21 9.49 9.52 9.88 10.25 10.35 10.15 9.95 9.73 9.30 8.61 7.89 7.42 7.23 6.95 6.67 6.36
9.42 9.01 8.32 7.81 7.37 6.92 6.53 6.33 6.25 6.24 6.27 6.25 6.11 5.73 5.28 5.04 5.20 5.69 6.28 6.78 6.81 6.74 6.85 7.18 7.90 9.17 10.11 10.09 9.22 7.90 7.16 6.70 6.47 6.57 7.11 7.66 7.88 8.02 8.19 8.55 9.18 9.91 10.24 10.10 9.61 9.35 9.44 9.65 9.60 9.30 8.73 8.33 8.21 8.33 8.48 8.72 9.25 10.10 10.66 10.20 9.10 8.12 7.46 7.18 7.38 8.00 8.56 8.55 8.39 8.55 8.73 8.59 8.21 7.84 7.51 7.30 6.72 5.94 5.23 4.96 4.91 4.63 4.39
9.38 8.99 8.36 7.91 7.56 7.18 7.00 7.08 7.31 7.67 7.97 8.05 7.70 7.17 6.63 6.30 6.29 6.52 6.87 7.49 7.88 8.25 8.60 8.93 9.48 10.48 11.07 10.80 10.00 8.87 8.14 7.52 7.03 7.04 7.57 8.38 9.11 9.68 9.91 9.96 10.04 10.19 10.04 9.61 9.07 8.73 8.77 8.79 8.73 8.68 8.64 8.51 8.41 8.43 8.63 8.98 9.58 10.22 10.14 9.13 7.98 7.38 6.96 6.71 6.88 7.61 8.23 8.14 7.71 7.64 7.57 7.41 7.16 6.65 5.96 5.48 5.06 4.41 3.64 3.10 2.89 2.72 2.59
9.41 8.98 8.29 7.77 7.37 7.13 7.21 7.53 8.10 8.74 9.22 9.26 8.99 8.56 8.08 7.60 7.29 7.28 7.51 8.05 8.61 9.28 9.58 9.97 10.75 11.75 11.90 11.28 10.38 9.67 9.29 8.98 8.66 8.53 8.64 8.98 9.39 9.73 9.85 9.74 9.64 9.68 9.52 9.05 8.54 8.07 7.92 7.73 7.51 7.54 7.82 8.05 8.20 8.45 8.80 9.36 9.86 9.88 9.01 7.75 7.03 6.74 6.50 6.61 7.12 7.93 8.12 7.55 6.88 6.60 6.45 6.30 6.20 5.81 5.04 4.26 3.66 3.16 2.48 1.89 1.65 1.72 2.00
9.43 8.90 8.07 7.52 7.11 6.93 6.97 7.19 7.68 8.32 8.91 9.29 9.52 9.60 9.47 9.11 8.61 8.28 8.31 8.59 8.93 9.56 10.02 10.66 11.60 12.25 12.00 10.94 9.93 9.53 9.55 9.69 9.70 9.40 9.08 8.90 8.79 8.69 8.67 8.87 9.10 9.24 9.07 8.57 8.05 7.62 7.32 6.93 6.55 6.39 6.56 6.96 7.49 8.02 8.66 9.13 9.18 8.53 7.23 6.49 6.31 6.22 6.37 6.97 7.53 7.74 7.29 6.28 5.48 5.10 4.97 4.72 4.51 4.43 4.06 3.38 2.65 2.15 1.83 1.73 1.81 2.13 2.71
9.30 8.65 7.62 7.22 6.97 6.81 6.65 6.46 6.39 6.55 6.99 7.88 8.87 9.67 10.19 10.23 9.88 9.42 9.17 9.18 9.30 9.78 10.34 11.17 11.86 11.92 11.17 10.11 9.05 8.61 8.68 8.99 9.22 9.06 8.80 8.55 8.33 8.29 8.55 8.95 9.11 9.05 8.74 8.42 8.17 7.83 7.36 6.64 5.90 5.51 5.62 6.19 7.02 7.67 8.17 8.19 7.59 6.50 5.67 5.52 5.48 5.38 5.84 6.52 6.70 6.47 5.92 5.13 4.39 3.85 3.59 3.44 3.33 3.13 2.87 2.55 2.25 2.15 2.36 2.82 3.33 3.80 4.41
9.10 8.37 7.34 7.08 6.98 6.87 6.64 6.26 5.77 5.37 5.35 5.98 7.24 8.62 9.76 10.37 10.47 10.28 10.07 9.99 10.02 10.29 10.81 11.53 11.77 11.28 10.34 9.26 8.25 7.59 7.36 7.44 7.79 8.12 8.35 8.43 8.43 8.58 8.94 9.21 9.14 8.85 8.56 8.50 8.42 7.85 6.98 5.98 5.49 5.64 6.22 7.02 7.64 7.84 7.69 7.11 6.06 5.12 4.76 4.72 4.54 4.42 4.64 5.06 5.38 5.53 5.59 5.34 4.85 4.43 4.25 4.06 3.66 3.09 2.65 2.61 2.86 3.32 3.95 4.63 5.29 5.97 6.62
8.96 8.29 7.40 7.14 7.08 7.02 6.90 6.73 6.40 5.88 5.45 5.57 6.34 7.45 8.64 9.63 10.23 10.59 10.76 10.91 11.09 11.35 11.82 12.16 11.84 10.96 9.95 8.97 8.04 7.45 7.17 7.14 7.21 7.44 7.84 8.24 8.43 8.56 8.78 9.02 8.80 8.40 8.15 8.18 8.06 7.19 6.42 6.20 6.75 7.65 8.40 8.75 8.67 8.23 7.62 6.93 6.29 5.82 5.54 5.26 4.97 4.85 4.97 5.30 6.07 6.82 7.21 7.12 6.80 6.54 6.26 5.72 4.77 3.97 3.58 3.71 4.21 4.92 5.68 6.60 7.66 8.71 9.58
8.88 8.22 7.43 7.21 7.21 7.22 7.27 7.44 7.63 7.62 7.32 7.07 7.24 7.69 8.30 9.21 10.04 10.93 11.36 11.80 12.31 12.57 12.71 12.49 11.76 10.74 9.99 9.44 8.84 8.60 8.55 8.42 8.04 7.82 7.90 8.16 8.36 8.47 8.56 8.39 8.01 7.66 7.59 7.76 7.83 7.65 7.90 8.68 9.49 9.95 9.99 9.62 9.02 8.40 8.06 7.96 7.91 7.85 7.70 7.48 7.34 7.45 7.78 8.37 9.04 9.25 8.86 8.32 7.88 7.45 6.77 5.83 4.88 4.48 4.60 5.08 5.70 6.54 7.73 9.45 11.25 12.58 13.53
8.75 8.14 7.43 7.27 7.38 7.49 7.68 8.07 8.67 9.21 9.46 9.51 9.45 9.25 9.24 9.72 10.50 11.53 12.31 12.81 13.32 13.40 12.92 12.19 11.22 10.49 10.19 10.06 9.84 9.66 9.58 9.48 9.15 8.88 8.67 8.56 8.56 8.50 8.22 7.77 7.52 7.65 7.82 8.14 8.50 8.89 9.42 9.99 10.19 9.94 9.56 9.14 8.81 8.51 8.41 8.54 8.65 8.85 9.08 9.30 9.51 9.88 10.27 10.49 10.25 9.53 8.47 7.81 7.30 6.59 5.71 5.00 4.73 4.97 5.59 6.41 7.31 8.63 10.64 12.97 14.73 15.75 16.06
