project/data/elevation/US_DEM2016/US_DEM2016_point_10-29-2019_1515_30m_vel.asc
ncols	125
nrows	167
xllcorner	-2042055.000000
yllcorner	1465035.000000
cellsize	30.000000
NODATA_value	-9999.000000
[rows 114 to 151 of 167, columns 0 to 83 of 125]
4.63 4.63 4.67 4.74 4.86 5.03 5.10 4.87 4.44 4.03 3.68 3.36 3.13 2.98 3.02 3.29 3.79 4.29 4.66 4.94 5.13 5.04 4.73 4.61 4.80 4.94 4.90 4.87 4.91 4.88 4.76 4.52 4.20 3.99 3.92 3.98 4.17 4.41 4.58 4.72 4.88 5.06 5.24 5.32 5.11 4.75 4.53 4.47 4.48 4.55 4.64 4.63 4.53 4.33 4.07 3.88 3.88 4.10 4.38 4.56 4.61 4.55 4.47 4.41 4.43 4.50 4.56 4.51 4.35 4.21 4.15 4.12 4.12 4.12 4.12 4.07 4.00 3.93 3.93 4.00 3.93 3.73 3.60 3.53
4.72 4.74 4.77 4.76 4.78 4.77 4.65 4.31 3.87 3.48 3.18 2.94 2.79 2.86 3.29 3.97 4.60 5.07 5.36 5.46 5.26 4.83 4.37 4.30 4.49 4.54 4.47 4.52 4.65 4.81 4.95 4.96 4.78 4.38 3.97 3.88 4.12 4.47 4.73 4.91 5.06 5.17 5.23 5.14 4.82 4.43 4.21 4.19 4.29 4.47 4.70 4.76 4.71 4.57 4.25 3.85 3.65 3.76 4.02 4.26 4.42 4.53 4.61 4.65 4.67 4.67 4.58 4.41 4.25 4.17 4.15 4.16 4.16 4.13 4.08 4.04 4.01 3.99 4.00 3.94 3.74 3.52 3.41 3.32
4.79 4.81 4.80 4.75 4.68 4.55 4.33 4.06 3.85 3.74 3.68 3.62 3.71 4.07 4.67 5.29 5.69 5.78 5.68 5.42 5.01 4.57 4.23 4.06 4.05 4.00 4.02 4.19 4.37 4.53 4.69 4.86 4.95 4.87 4.66 4.58 4.66 4.82 4.94 5.02 5.04 5.05 5.05 4.92 4.65 4.36 4.13 4.07 4.22 4.50 4.74 4.83 4.83 4.81 4.71 4.53 4.31 4.17 4.17 4.24 4.34 4.43 4.54 4.62 4.67 4.64 4.50 4.31 4.15 4.06 4.04 4.07 4.09 4.11 4.10 4.08 4.08 4.10 4.13 4.08 3.96 3.84 3.79 3.80
4.78 4.75 4.71 4.67 4.58 4.43 4.24 4.10 4.10 4.22 4.43 4.74 5.13 5.54 5.87 6.01 5.89 5.59 5.26 4.90 4.59 4.44 4.40 4.24 4.03 3.88 3.84 3.98 4.11 4.15 4.15 4.31 4.63 4.94 5.10 5.12 5.05 4.96 4.86 4.78 4.75 4.80 4.87 4.80 4.62 4.43 4.20 4.07 4.21 4.49 4.63 4.64 4.67 4.78 4.91 5.00 5.01 4.94 4.78 4.61 4.50 4.45 4.46 4.46 4.46 4.39 4.26 4.12 4.05 4.01 3.98 3.96 3.99 4.06 4.13 4.18 4.22 4.26 4.29 4.35 4.44 4.52 4.58 4.67
4.72 4.65 4.59 4.58 4.54 4.43 4.32 4.25 4.26 4.41 4.79 5.29 5.72 5.93 5.92 5.65 5.15 4.76 4.55 4.35 4.25 4.29 4.41 4.45 4.38 4.17 4.00 3.95 4.02 3.99 3.87 3.89 4.10 4.49 4.80 4.92 4.87 4.76 4.64 4.57 4.60 4.72 4.81 4.71 4.52 4.39 4.26 4.13 4.20 4.34 4.38 4.35 4.37 4.53 4.76 4.95 5.10 5.17 5.13 4.97 4.75 4.56 4.42 4.29 4.15 3.99 3.85 3.89 4.03 4.12 4.11 4.06 4.05 4.12 4.21 4.30 4.37 4.41 4.48 4.58 4.70 4.86 5.02 5.10
4.64 4.58 4.54 4.56 4.54 4.48 4.43 4.40 4.45 4.66 5.06 5.42 5.56 5.47 5.21 4.82 4.49 4.30 4.14 3.99 3.95 3.99 4.10 4.27 4.37 4.30 4.18 4.13 4.15 4.17 4.08 3.93 3.87 3.96 4.24 4.47 4.59 4.61 4.61 4.63 4.69 4.77 4.77 4.59 4.36 4.27 4.29 4.27 4.25 4.26 4.22 4.19 4.26 4.44 4.65 4.80 4.88 4.91 4.94 4.94 4.84 4.61 4.37 4.15 3.90 3.71 3.75 4.00 4.21 4.30 4.32 4.29 4.25 4.25 4.27 4.33 4.37 4.41 4.48 4.57 4.61 4.67 4.76 4.77
4.60 4.58 4.58 4.58 4.55 4.54 4.55 4.58 4.69 4.98 5.29 5.38 5.23 4.98 4.68 4.41 4.27 4.15 3.95 3.77 3.70 3.73 3.87 4.05 4.13 4.15 4.21 4.27 4.31 4.35 4.37 4.23 3.99 3.85 3.90 4.12 4.36 4.53 4.65 4.73 4.79 4.81 4.72 4.47 4.22 4.16 4.25 4.31 4.29 4.25 4.21 4.23 4.36 4.51 4.63 4.70 4.69 4.62 4.59 4.63 4.62 4.51 4.34 4.15 4.02 4.04 4.22 4.40 4.42 4.38 4.38 4.39 4.36 4.30 4.25 4.21 4.20 4.25 4.37 4.46 4.47 4.45 4.44 4.38
4.66 4.67 4.66 4.60 4.57 4.61 4.70 4.80 4.98 5.25 5.36 5.25 5.03 4.82 4.60 4.40 4.23 4.05 3.92 3.90 3.95 4.06 4.17 4.17 4.09 4.08 4.19 4.29 4.32 4.34 4.41 4.43 4.33 4.15 4.01 4.02 4.20 4.41 4.55 4.69 4.78 4.79 4.63 4.30 4.04 3.97 4.06 4.14 4.15 4.16 4.20 4.28 4.37 4.41 4.42 4.47 4.52 4.49 4.43 4.39 4.38 4.38 4.36 4.37 4.45 4.58 4.66 4.62 4.49 4.36 4.31 4.31 4.31 4.29 4.24 4.17 4.16 4.25 4.38 4.40 4.33 4.29 4.31 4.30
4.71 4.71 4.66 4.59 4.59 4.66 4.79 4.98 5.27 5.39 5.30 5.09 4.91 4.75 4.55 4.32 4.14 4.08 4.19 4.36 4.50 4.52 4.45 4.31 4.18 4.14 4.19 4.26 4.27 4.27 4.32 4.41 4.46 4.41 4.29 4.22 4.28 4.40 4.49 4.61 4.71 4.65 4.34 3.93 3.70 3.70 3.82 3.93 3.98 3.98 4.00 4.05 4.06 4.04 4.05 4.12 4.27 4.40 4.42 4.38 4.34 4.35 4.40 4.48 4.56 4.63 4.63 4.58 4.50 4.44 4.37 4.31 4.27 4.26 4.24 4.23 4.26 4.32 4.28 4.17 4.06 4.02 4.06 4.12
4.63 4.59 4.52 4.52 4.57 4.67 4.80 5.00 5.21 5.21 5.03 4.83 4.69 4.48 4.20 4.05 4.10 4.26 4.42 4.49 4.44 4.34 4.29 4.33 4.37 4.34 4.26 4.23 4.20 4.18 4.21 4.27 4.32 4.36 4.41 4.48 4.51 4.52 4.51 4.58 4.55 4.27 3.74 3.37 3.32 3.44 3.63 3.81 3.87 3.82 3.77 3.71 3.64 3.61 3.66 3.78 3.98 4.18 4.28 4.31 4.32 4.35 4.39 4.40 4.42 4.48 4.54 4.54 4.51 4.50 4.46 4.38 4.29 4.20 4.14 4.15 4.14 4.06 3.91 3.81 3.79 3.81 3.82 3.85
4.58 4.56 4.53 4.54 4.59 4.65 4.73 4.83 4.86 4.74 4.57 4.46 4.35 4.08 3.86 3.98 4.17 4.24 4.17 3.99 3.87 3.93 4.14 4.36 4.48 4.50 4.42 4.29 4.19 4.13 4.14 4.18 4.22 4.29 4.40 4.49 4.50 4.47 4.44 4.44 4.23 3.74 3.32 3.21 3.31 3.44 3.59 3.77 3.85 3.88 3.88 3.81 3.66 3.52 3.48 3.62 3.81 3.96 4.06 4.17 4.27 4.35 4.43 4.53 4.64 4.72 4.70 4.59 4.44 4.36 4.36 4.34 4.24 4.07 3.99 3.96 3.89 3.79 3.73 3.75 3.77 3.73 3.64 3.60
4.71 4.76 4.77 4.67 4.60 4.57 4.59 4.60 4.52 4.38 4.29 4.28 4.15 3.90 3.88 4.02 4.00 3.83 3.59 3.46 3.56 3.89 4.27 4.47 4.50 4.52 4.52 4.45 4.34 4.21 4.14 4.17 4.21 4.23 4.21 4.17 4.16 4.18 4.22 4.16 3.90 3.61 3.61 3.80 3.92 3.92 3.91 3.97 4.05 4.12 4.16 4.10 3.97 3.83 3.75 3.79 3.86 3.95 4.09 4.23 4.31 4.39 4.54 4.76 4.86 4.83 4.69 4.50 4.32 4.22 4.20 4.17 4.08 3.96 3.87 3.79 3.73 3.72 3.77 3.80 3.75 3.62 3.54 3.60
4.81 4.83 4.78 4.61 4.48 4.44 4.44 4.41 4.33 4.28 4.29 4.25 4.06 3.88 3.81 3.70 3.51 3.36 3.32 3.45 3.77 4.17 4.51 4.58 4.47 4.43 4.48 4.51 4.45 4.31 4.20 4.18 4.19 4.11 3.96 3.88 3.91 4.01 4.10 4.05 3.98 4.09 4.29 4.44 4.52 4.53 4.49 4.45 4.41 4.34 4.23 4.11 4.05 4.04 4.04 4.03 4.03 4.11 4.23 4.32 4.34 4.41 4.54 4.66 4.60 4.46 4.36 4.32 4.30 4.27 4.19 4.05 3.93 3.86 3.79 3.68 3.56 3.49 3.51 3.55 3.60 3.66 3.79 3.93
4.65 4.53 4.33 4.24 4.24 4.30 4.34 4.33 4.29 4.26 4.20 4.07 3.90 3.77 3.61 3.44 3.36 3.42 3.68 4.10 4.46 4.67 4.70 4.49 4.21 4.17 4.27 4.33 4.32 4.27 4.23 4.21 4.21 4.17 4.07 4.03 4.10 4.18 4.22 4.25 4.36 4.48 4.54 4.59 4.69 4.82 4.91 4.92 4.83 4.62 4.40 4.23 4.15 4.14 4.14 4.13 4.16 4.19 4.24 4.30 4.31 4.36 4.39 4.35 4.23 4.17 4.25 4.36 4.38 4.31 4.17 3.96 3.85 3.80 3.76 3.72 3.61 3.45 3.33 3.35 3.59 3.94 4.16 4.15
4.35 4.10 3.85 3.87 4.02 4.21 4.32 4.32 4.27 4.18 4.06 3.92 3.84 3.83 3.84 3.86 3.99 4.24 4.62 4.95 5.09 5.00 4.70 4.29 4.03 4.02 4.08 4.08 4.09 4.12 4.15 4.18 4.22 4.30 4.38 4.45 4.49 4.45 4.40 4.41 4.45 4.43 4.47 4.59 4.78 4.97 5.13 5.18 5.12 4.97 4.78 4.62 4.49 4.38 4.27 4.18 4.16 4.14 4.17 4.25 4.26 4.27 4.25 4.17 4.13 4.25 4.43 4.48 4.32 4.09 3.92 3.83 3.79 3.75 3.73 3.79 3.87 3.85 3.73 3.68 3.89 4.15 4.19 3.99
4.28 4.11 3.92 4.00 4.19 4.32 4.34 4.29 4.23 4.17 4.11 4.05 4.06 4.20 4.42 4.66 4.90 5.10 5.20 5.20 5.06 4.80 4.46 4.19 4.08 4.07 4.04 4.01 4.03 4.06 4.08 4.10 4.16 4.31 4.45 4.51 4.49 4.44 4.39 4.36 4.30 4.30 4.44 4.65 4.89 5.08 5.18 5.12 5.01 4.96 4.87 4.73 4.60 4.50 4.39 4.28 4.18 4.10 4.12 4.19 4.24 4.25 4.24 4.22 4.29 4.47 4.53 4.35 3.99 3.70 3.63 3.67 3.72 3.75 3.75 3.76 3.83 4.00 4.15 4.23 4.29 4.25 4.05 3.87
4.43 4.43 4.48 4.63 4.70 4.60 4.40 4.26 4.23 4.24 4.25 4.28 4.38 4.60 4.84 5.03 5.14 5.13 5.00 4.75 4.45 4.16 4.00 4.00 4.09 4.14 4.13 4.15 4.19 4.21 4.18 4.17 4.23 4.34 4.37 4.27 4.21 4.23 4.30 4.32 4.31 4.37 4.56 4.75 4.92 4.99 4.91 4.72 4.55 4.52 4.56 4.57 4.57 4.55 4.48 4.39 4.31 4.24 4.16 4.19 4.26 4.30 4.32 4.37 4.49 4.57 4.43 4.07 3.70 3.55 3.57 3.63 3.68 3.77 3.89 3.88 3.82 3.86 4.06 4.33 4.51 4.54 4.48 4.56
4.55 4.65 4.84 4.97 4.95 4.77 4.50 4.30 4.26 4.30 4.34 4.42 4.57 4.74 4.84 4.82 4.75 4.64 4.43 4.09 3.76 3.59 3.65 3.88 4.07 4.18 4.25 4.32 4.39 4.45 4.49 4.53 4.57 4.57 4.49 4.35 4.23 4.24 4.30 4.38 4.50 4.68 4.83 4.87 4.84 4.70 4.45 4.21 4.10 4.17 4.36 4.55 4.63 4.60 4.52 4.45 4.43 4.41 4.32 4.29 4.31 4.36 4.42 4.50 4.57 4.49 4.21 3.85 3.66 3.63 3.67 3.71 3.76 3.83 3.93 4.02 4.06 4.02 4.04 4.28 4.67 5.00 5.21 5.38
4.61 4.71 4.85 4.90 4.87 4.81 4.69 4.51 4.39 4.38 4.40 4.44 4.53 4.58 4.52 4.46 4.43 4.27 3.97 3.66 3.51 3.56 3.80 4.05 4.17 4.24 4.32 4.39 4.48 4.60 4.75 4.86 4.90 4.83 4.75 4.67 4.53 4.43 4.38 4.45 4.65 4.84 4.87 4.80 4.67 4.43 4.12 3.92 3.92 4.13 4.44 4.63 4.66 4.60 4.54 4.52 4.52 4.51 4.46 4.38 4.36 4.40 4.48 4.54 4.51 4.33 4.00 3.76 3.71 3.73 3.76 3.80 3.87 3.93 3.94 3.99 4.16 4.35 4.49 4.70 5.06 5.26 5.31 5.30
4.71 4.83 4.99 5.02 4.98 4.92 4.89 4.84 4.72 4.58 4.46 4.38 4.34 4.30 4.30 4.35 4.32 4.10 3.87 3.82 3.94 4.09 4.26 4.36 4.36 4.35 4.39 4.45 4.55 4.67 4.78 4.87 4.89 4.87 4.88 4.94 4.93 4.79 4.62 4.56 4.65 4.69 4.68 4.67 4.55 4.29 4.04 3.93 4.00 4.28 4.58 4.71 4.73 4.68 4.63 4.61 4.58 4.54 4.45 4.37 4.35 4.38 4.44 4.46 4.42 4.25 4.00 3.85 3.82 3.84 3.87 3.88 3.90 3.95 4.02 4.10 4.25 4.52 4.90 5.25 5.37 5.16 4.82 4.64
4.88 5.04 5.25 5.27 5.16 4.99 4.95 4.99 4.93 4.72 4.47 4.28 4.17 4.16 4.26 4.31 4.19 4.04 4.08 4.28 4.46 4.53 4.57 4.57 4.52 4.50 4.53 4.57 4.64 4.71 4.76 4.77 4.75 4.78 4.93 5.14 5.27 5.25 5.08 4.82 4.67 4.58 4.61 4.58 4.38 4.16 4.06 4.08 4.23 4.51 4.72 4.80 4.85 4.82 4.75 4.67 4.59 4.51 4.38 4.33 4.33 4.36 4.38 4.38 4.34 4.23 4.10 4.04 4.02 4.02 4.01 3.99 3.94 3.94 4.08 4.31 4.55 4.84 5.28 5.56 5.40 4.92 4.42 4.15
4.97 5.05 5.17 5.20 5.15 5.00 4.90 4.84 4.77 4.61 4.39 4.21 4.15 4.20 4.25 4.16 4.05 4.11 4.32 4.48 4.53 4.57 4.61 4.64 4.60 4.56 4.56 4.57 4.60 4.68 4.78 4.79 4.78 4.84 4.98 5.12 5.26 5.37 5.37 5.19 4.84 4.59 4.45 4.29 4.07 4.01 4.09 4.21 4.42 4.71 4.85 4.85 4.87 4.86 4.81 4.71 4.59 4.47 4.35 4.33 4.37 4.39 4.39 4.36 4.34 4.28 4.23 4.23 4.24 4.24 4.21 4.18 4.15 4.14 4.24 4.48 4.89 5.39 5.75 5.71 5.33 4.87 4.40 4.03
4.89 4.79 4.64 4.65 4.74 4.76 4.68 4.58 4.55 4.52 4.47 4.45 4.48 4.50 4.37 4.15 4.06 4.15 4.25 4.30 4.37 4.50 4.62 4.65 4.59 4.53 4.47 4.43 4.46 4.58 4.70 4.80 4.85 4.89 4.87 4.83 4.85 4.97 5.10 5.08 4.79 4.44 4.14 3.93 3.85 3.93 4.08 4.24 4.53 4.84 4.88 4.78 4.75 4.80 4.81 4.73 4.60 4.46 4.34 4.36 4.43 4.47 4.45 4.40 4.35 4.32 4.32 4.37 4.41 4.45 4.50 4.56 4.61 4.68 4.77 4.97 5.35 5.77 5.88 5.60 5.23 4.98 4.69 4.28
4.68 4.44 4.02 3.83 3.90 4.07 4.22 4.36 4.51 4.66 4.81 4.95 5.02 4.91 4.61 4.30 4.13 4.04 3.97 4.01 4.22 4.47 4.62 4.64 4.58 4.52 4.43 4.34 4.31 4.39 4.48 4.56 4.61 4.62 4.53 4.40 4.34 4.35 4.39 4.40 4.32 4.14 3.93 3.79 3.84 3.98 4.11 4.33 4.72 4.94 4.83 4.66 4.63 4.69 4.75 4.72 4.61 4.49 4.40 4.45 4.54 4.57 4.53 4.46 4.38 4.35 4.40 4.49 4.56 4.65 4.81 5.02 5.24 5.49 5.69 5.84 5.98 6.01 5.77 5.38 5.19 5.19 5.18 4.98
4.40 4.08 3.56 3.37 3.36 3.52 3.83 4.17 4.45 4.72 4.95 5.09 5.06 4.87 4.60 4.36 4.16 4.00 3.95 4.08 4.29 4.49 4.60 4.62 4.59 4.57 4.52 4.43 4.30 4.26 4.28 4.25 4.20 4.17 4.13 4.03 3.93 3.88 3.83 3.85 3.89 3.89 3.87 3.92 4.11 4.29 4.46 4.75 5.05 5.03 4.79 4.63 4.60 4.61 4.65 4.68 4.68 4.69 4.74 4.81 4.79 4.69 4.58 4.52 4.48 4.47 4.51 4.59 4.70 4.84 5.10 5.43 5.79 6.09 6.27 6.30 6.21 5.97 5.60 5.35 5.34 5.45 5.60 5.69
4.17 3.88 3.49 3.43 3.51 3.68 3.91 4.11 4.30 4.51 4.72 4.79 4.67 4.49 4.38 4.28 4.16 4.10 4.16 4.33 4.49 4.62 4.68 4.65 4.60 4.60 4.65 4.66 4.59 4.42 4.29 4.17 4.06 3.99 3.90 3.77 3.64 3.57 3.57 3.63 3.72 3.82 4.01 4.31 4.57 4.76 4.99 5.19 5.22 5.02 4.75 4.63 4.59 4.56 4.58 4.66 4.79 4.96 5.11 5.14 4.96 4.73 4.58 4.56 4.59 4.61 4.61 4.67 4.80 5.03 5.34 5.66 5.92 6.01 6.00 5.91 5.73 5.52 5.36 5.33 5.39 5.47 5.62 5.85
4.26 4.14 4.09 4.21 4.31 4.36 4.30 4.22 4.26 4.36 4.45 4.46 4.35 4.25 4.21 4.19 4.17 4.19 4.32 4.50 4.64 4.78 4.79 4.70 4.60 4.60 4.68 4.78 4.80 4.70 4.47 4.25 4.08 3.94 3.78 3.62 3.48 3.43 3.47 3.58 3.74 4.00 4.38 4.73 4.92 5.05 5.16 5.21 5.09 4.85 4.64 4.54 4.49 4.44 4.47 4.59 4.78 4.94 5.01 4.89 4.69 4.57 4.53 4.56 4.61 4.65 4.66 4.70 4.80 5.05 5.34 5.52 5.50 5.35 5.18 5.06 4.98 4.99 5.06 5.12 5.12 5.14 5.28 5.49
4.57 4.66 4.90 5.14 5.23 5.11 4.81 4.61 4.55 4.49 4.39 4.26 4.17 4.16 4.17 4.18 4.20 4.29 4.47 4.66 4.80 4.89 4.82 4.67 4.58 4.58 4.65 4.73 4.78 4.75 4.60 4.36 4.13 3.94 3.76 3.60 3.50 3.46 3.50 3.65 3.99 4.47 4.88 5.07 5.10 5.06 5.04 4.99 4.85 4.64 4.48 4.37 4.28 4.28 4.34 4.46 4.59 4.66 4.59 4.41 4.35 4.38 4.45 4.51 4.55 4.58 4.62 4.66 4.72 4.86 5.04 5.01 4.82 4.60 4.46 4.43 4.56 4.74 4.84 4.87 4.85 4.87 4.95 5.02
4.72 4.89 5.17 5.36 5.44 5.42 5.33 5.18 4.99 4.74 4.47 4.26 4.16 4.17 4.20 4.24 4.32 4.48 4.67 4.80 4.85 4.81 4.66 4.52 4.48 4.51 4.56 4.59 4.61 4.60 4.54 4.39 4.22 4.05 3.86 3.70 3.60 3.56 3.66 3.99 4.53 5.00 5.20 5.16 5.05 4.94 4.89 4.85 4.72 4.53 4.35 4.20 4.12 4.20 4.29 4.35 4.35 4.27 4.14 4.07 4.11 4.23 4.35 4.44 4.47 4.47 4.50 4.58 4.67 4.76 4.77 4.61 4.43 4.33 4.30 4.40 4.65 4.84 4.87 4.85 4.88 4.90 4.88 4.85
4.74 4.87 5.04 5.10 5.11 5.12 5.25 5.26 5.09 4.81 4.55 4.37 4.28 4.26 4.30 4.40 4.55 4.72 4.82 4.80 4.69 4.54 4.42 4.38 4.42 4.46 4.46 4.41 4.41 4.44 4.43 4.38 4.30 4.17 4.01 3.88 3.80 3.83 4.09 4.59 5.02 5.16 5.06 4.90 4.79 4.75 4.78 4.80 4.69 4.47 4.27 4.14 4.15 4.24 4.30 4.29 4.17 3.93 3.75 3.74 3.87 4.08 4.26 4.36 4.39 4.41 4.45 4.53 4.66 4.76 4.73 4.60 4.50 4.43 4.44 4.66 4.96 5.12 5.10 5.06 5.06 5.01 4.94 4.96
4.75 4.84 4.97 4.99 4.88 4.72 4.69 4.75 4.76 4.69 4.55 4.44 4.38 4.38 4.43 4.55 4.70 4.79 4.75 4.59 4.42 4.28 4.24 4.35 4.47 4.51 4.48 4.42 4.44 4.46 4.45 4.40 4.32 4.21 4.12 4.09 4.16 4.35 4.67 4.96 5.03 4.88 4.69 4.59 4.59 4.65 4.76 4.77 4.62 4.38 4.21 4.17 4.19 4.26 4.31 4.30 4.22 4.05 3.85 3.77 3.88 4.06 4.21 4.31 4.37 4.41 4.46 4.54 4.61 4.63 4.65 4.67 4.60 4.48 4.53 4.87 5.25 5.34 5.28 5.22 5.14 5.03 4.98 5.06
4.78 4.81 4.83 4.77 4.65 4.42 4.23 4.19 4.28 4.38 4.41 4.43 4.43 4.44 4.47 4.54 4.60 4.54 4.36 4.19 4.06 4.01 4.12 4.39 4.59 4.64 4.65 4.66 4.68 4.63 4.54 4.43 4.31 4.23 4.20 4.27 4.44 4.66 4.81 4.81 4.68 4.57 4.51 4.52 4.57 4.65 4.73 4.71 4.52 4.31 4.20 4.14 4.13 4.20 4.31 4.36 4.41 4.43 4.34 4.27 4.25 4.20 4.21 4.27 4.34 4.41 4.49 4.56 4.57 4.57 4.63 4.70 4.64 4.61 4.84 5.30 5.58 5.48 5.26 5.15 5.05 4.98 5.00 5.03
4.75 4.64 4.36 4.05 3.89 3.83 3.84 3.89 3.98 4.11 4.24 4.36 4.41 4.41 4.42 4.41 4.33 4.16 4.00 3.92 3.91 3.99 4.24 4.57 4.71 4.69 4.73 4.78 4.76 4.65 4.56 4.45 4.33 4.27 4.28 4.36 4.48 4.59 4.61 4.56 4.51 4.48 4.50 4.57 4.63 4.64 4.62 4.54 4.41 4.28 4.15 4.04 4.07 4.24 4.39 4.47 4.56 4.67 4.75 4.76 4.64 4.41 4.26 4.26 4.33 4.44 4.55 4.63 4.71 4.81 4.86 4.81 4.82 5.03 5.44 5.73 5.72 5.42 5.12 5.00 4.96 4.99 5.02 4.93
4.59 4.34 3.91 3.52 3.30 3.40 3.64 3.85 3.99 4.12 4.26 4.33 4.35 4.36 4.37 4.32 4.21 4.16 4.21 4.28 4.32 4.42 4.61 4.73 4.70 4.60 4.60 4.61 4.49 4.39 4.39 4.38 4.33 4.31 4.35 4.40 4.47 4.56 4.62 4.66 4.60 4.51 4.51 4.58 4.60 4.56 4.48 4.38 4.26 4.12 3.98 3.95 4.12 4.36 4.50 4.55 4.61 4.72 4.84 4.88 4.82 4.65 4.47 4.43 4.47 4.54 4.62 4.72 4.86 4.94 4.89 4.83 5.00 5.41 5.75 5.71 5.42 5.09 4.90 4.87 4.93 5.00 4.97 4.82
4.43 4.22 3.96 3.81 3.72 3.75 3.85 3.91 3.98 4.12 4.27 4.32 4.33 4.36 4.37 4.37 4.40 4.53 4.65 4.64 4.55 4.53 4.62 4.66 4.57 4.44 4.35 4.22 4.05 3.99 4.06 4.16 4.26 4.34 4.40 4.46 4.58 4.74 4.88 4.89 4.75 4.56 4.47 4.46 4.43 4.39 4.36 4.30 4.14 3.92 3.83 3.97 4.25 4.45 4.52 4.54 4.59 4.67 4.75 4.79 4.84 4.86 4.80 4.72 4.65 4.61 4.62 4.68 4.74 4.71 4.66 4.82 5.22 5.60 5.62 5.28 4.88 4.66 4.58 4.62 4.71 4.76 4.67 4.58
4.43 4.34 4.23 4.18 4.15 4.15 4.10 4.02 4.01 4.09 4.18 4.25 4.32 4.39 4.44 4.52 4.66 4.75 4.66 4.45 4.31 4.31 4.46 4.58 4.52 4.32 4.06 3.84 3.72 3.73 3.84 4.01 4.21 4.36 4.46 4.59 4.75 4.91 4.97 4.89 4.75 4.57 4.39 4.26 4.21 4.26 4.30 4.23 4.02 3.84 3.86 4.09 4.35 4.47 4.48 4.48 4.52 4.59 4.64 4.68 4.76 4.85 4.86 4.76 4.65 4.57 4.54 4.53 4.52 4.51 4.65 5.03 5.40 5.43 5.16 4.75 4.48 4.39 4.36 4.34 4.35 4.39 4.30 4.19
4.48 4.45 4.36 4.29 4.24 4.27 4.37 4.43 4.44 4.34 4.22 4.19 4.29 4.40 4.51 4.65 4.76 4.72 4.55 4.45 4.52 4.66 4.79 4.80 4.61 4.29 3.97 3.79 3.76 3.84 3.95 4.09 4.25 4.40 4.55 4.72 4.85 4.88 4.81 4.70 4.63 4.54 4.36 4.18 4.13 4.21 4.25 4.15 3.99 3.92 4.01 4.22 4.39 4.43 4.40 4.38 4.40 4.42 4.47 4.55 4.63 4.69 4.69 4.61 4.49 4.41 4.41 4.43 4.47 4.59 4.85 5.14 5.14 4.88 4.61 4.43 4.33 4.32 4.32 4.27 4.22 4.22 4.15 4.02
4.43 4.37 4.32 4.41 4.52 4.63 4.74 4.73 4.56 4.30 4.09 4.10 4.24 4.38 4.51 4.64 4.69 4.69 4.78 5.02 5.26 5.36 5.31 5.12 4.79 4.44 4.21 4.15 4.19 4.25 4.27 4.28 4.32 4.41 4.54 4.62 4.64 4.64 4.61 4.56 4.54 4.52 4.43 4.31 4.27 4.25 4.20 4.11 4.04 4.04 4.16 4.36 4.45 4.41 4.35 4.31 4.28 4.27 4.32 4.44 4.54 4.56 4.54 4.43 4.25 4.17 4.25 4.38 4.51 4.67 4.83 4.83 4.58 4.38 4.35 4.32 4.30 4.33 4.34 4.30 4.23 4.17 4.09 3.99
