project/data/elevation/US_DEM2016/US_DEM2016_point_10-31-2019_0349_30m_ang.asc
ncols	125
nrows	167
xllcorner	-2042055.000000
yllcorner	1465035.000000
cellsize	30.000000
NODATA_value	-9999.000000
[rows 55 to 109 of 167, columns 0 to 95 of 125]
359 358 357 357 357 356 356 2 11 10 1 13 13 28 31 33 27 25 22 18 16 14 11 8 4 358 354 353 354 353 350 347 343 343 358 15 19 15 12 12 10 7 2 355 348 346 348 353 360 7 14 18 17 15 15 13 7 3 2 3 6 11 20 27 29 24 15 9 8 8 8 1 346 331 326 327 352 30 32 19 303 344 338 342 308 353 1 2 1 3 6 7 6 5 2 358
359 358 358 360 2 2 0 2 7 8 3 24 30 29 30 27 26 23 17 12 10 9 9 7 4 0 357 355 355 355 354 352 350 349 356 7 11 11 11 10 9 5 358 350 345 344 348 354 359 5 14 20 21 20 19 16 9 5 5 8 13 18 22 27 26 22 18 15 16 17 14 9 6 6 5 331 293 287 11 359 348 339 339 344 326 353 358 358 356 359 1 2 2 1 357 353
354 355 358 2 6 7 6 5 6 7 21 7 15 21 22 21 19 16 11 7 5 5 5 5 3 1 360 358 357 356 356 356 355 356 358 0 4 7 8 8 7 3 356 349 345 345 349 353 357 1 11 20 24 25 23 18 12 10 12 15 18 18 19 21 22 22 22 22 20 16 10 8 11 17 18 11 5 2 355 347 342 340 342 339 353 356 357 355 354 356 358 358 357 354 351 351
348 351 357 3 8 10 10 9 10 8 3 5 11 13 14 14 12 10 7 5 3 2 2 2 2 2 2 0 358 357 357 358 359 1 1 358 360 3 6 7 6 4 358 351 347 347 351 353 354 355 5 19 27 29 25 18 14 15 15 14 13 12 12 15 19 23 24 22 16 10 7 10 16 21 17 7 359 354 348 343 342 343 346 352 357 359 358 355 351 352 354 354 352 349 350 355
343 347 355 2 7 11 13 14 15 11 22 2 6 11 8 8 7 5 4 3 2 1 359 359 1 3 3 1 0 360 360 359 1 3 2 358 358 360 2 4 5 5 2 359 354 351 351 353 351 348 355 14 27 28 21 15 14 14 12 10 8 6 6 10 16 21 22 17 11 8 9 14 18 16 9 1 354 350 346 345 345 348 352 356 360 360 359 355 349 349 350 349 347 347 352 5
341 345 355 1 5 10 16 20 21 17 6 360 1 3 3 4 4 4 3 3 2 360 358 358 1 3 2 1 1 3 4 3 1 1 359 356 356 358 360 2 5 7 9 10 6 359 355 354 349 345 348 2 17 19 13 10 11 11 10 8 5 1 360 5 13 19 20 15 10 9 12 14 12 7 2 357 353 351 350 350 352 356 358 360 340 1 359 353 347 345 346 345 344 348 360 10
340 345 356 2 5 10 18 25 29 24 13 2 1 2 2 3 5 8 9 7 2 358 356 359 3 3 360 359 0 4 6 7 4 1 357 353 354 357 359 2 6 11 15 16 13 6 1 356 351 350 351 356 6 9 5 4 7 8 7 5 1 356 356 1 11 18 19 16 12 10 10 9 5 2 360 358 356 355 356 358 0 3 4 4 4 4 1 352 343 342 342 341 342 351 2 5
342 347 357 3 8 12 19 29 34 31 22 14 13 12 8 7 14 24 26 17 2 353 354 360 2 359 355 354 355 359 4 7 7 5 360 355 353 357 1 5 9 13 15 15 13 8 3 359 355 354 355 358 4 5 1 0 3 4 2 359 356 354 355 1 10 17 18 17 14 11 9 6 3 1 1 360 359 0 3 6 8 9 10 356 8 7 3 351 340 338 338 337 341 350 356 356
349 352 358 4 9 14 21 31 35 32 27 26 27 27 25 17 38 25 23 15 4 352 348 351 352 350 348 349 351 353 357 2 7 8 6 1 357 359 4 8 10 10 10 11 10 7 5 3 360 357 358 1 6 6 0 358 359 359 356 353 353 355 359 5 11 16 17 17 16 13 10 6 3 3 4 5 5 6 9 13 15 16 16 15 347 333 4 350 338 335 334 335 340 347 348 349
355 357 0 4 8 14 22 30 31 29 28 29 28 26 22 12 22 1 6 9 9 3 353 343 339 341 344 347 350 351 351 354 1 8 10 6 3 3 5 7 7 5 5 7 8 7 6 5 4 3 3 4 6 5 359 356 356 354 351 350 353 358 5 10 13 14 15 17 17 14 12 9 6 6 8 11 12 11 14 20 23 24 24 23 21 330 2 348 337 332 331 332 338 342 340 342
357 358 2 6 9 15 23 26 25 24 25 25 24 23 20 13 360 351 355 4 9 8 1 348 338 337 342 348 353 355 352 350 354 2 6 4 2 3 3 3 2 2 3 6 8 7 6 6 7 8 8 6 5 4 358 355 353 350 348 351 357 3 9 13 14 14 16 18 18 16 14 13 12 10 12 18 22 22 23 30 36 38 38 36 27 11 355 345 337 332 329 330 335 338 336 335
356 358 3 7 11 17 22 20 18 18 19 20 21 22 21 16 6 352 349 357 4 6 3 355 344 339 342 349 356 359 358 355 354 356 358 357 357 359 1 1 1 2 4 8 9 6 4 5 8 11 11 9 6 1 356 353 350 347 349 355 3 8 13 15 15 15 16 18 18 17 17 18 19 18 19 27 35 40 43 51 59 62 60 49 26 359 344 339 337 334 333 334 337 340 337 334
354 358 4 9 14 19 19 14 26 12 14 16 19 21 20 18 11 360 349 350 357 2 3 359 350 343 343 349 357 2 2 0 358 356 354 351 352 356 359 1 3 4 7 11 11 6 4 5 7 10 12 11 8 359 353 349 348 348 353 2 8 12 15 15 14 15 18 22 21 21 22 22 25 28 32 41 53 60 52 73 78 355 60 38 9 346 336 334 334 333 334 338 342 346 345 341
353 357 6 11 16 20 17 11 8 9 10 13 16 17 18 17 15 7 355 349 351 356 360 358 353 348 347 350 356 1 3 3 1 359 356 351 350 354 359 2 4 6 10 15 14 9 5 5 7 8 10 11 7 358 348 345 347 352 2 8 12 14 14 13 13 18 26 32 31 30 32 32 35 42 48 56 66 67 68 65 63 53 35 15 356 342 336 334 332 331 333 339 345 351 353 349
352 357 7 14 19 20 17 13 11 10 10 10 12 13 14 15 15 11 2 353 349 351 355 356 354 352 352 354 356 358 0 2 3 3 360 354 350 353 359 1 3 8 13 18 17 11 8 8 9 8 6 5 2 350 347 342 348 2 12 14 15 16 13 13 17 28 38 44 44 44 47 48 52 60 64 64 63 65 53 44 36 25 12 1 351 343 339 336 333 332 336 342 348 355 359 356
352 358 8 16 20 20 17 16 17 17 13 7 6 7 9 11 13 12 8 358 352 350 351 353 355 357 358 359 359 357 356 357 0 2 2 356 351 352 356 359 3 9 15 19 18 15 13 12 10 5 360 357 357 353 351 347 358 13 18 19 21 19 15 17 23 31 38 41 41 39 38 41 45 54 59 55 47 40 32 25 18 9 0 353 348 345 344 342 339 339 343 348 352 357 2 4
354 359 9 16 20 19 16 17 20 20 17 8 359 359 2 6 9 11 9 2 355 352 351 352 356 1 4 5 4 1 356 353 354 357 359 355 350 350 353 358 3 10 17 21 22 20 16 11 5 0 357 356 357 356 358 355 4 11 15 17 18 16 13 13 14 18 24 29 31 28 27 29 35 40 41 37 30 23 17 11 5 359 355 350 347 348 350 350 350 349 352 355 357 1 7 12
355 360 9 16 20 17 14 15 17 18 16 10 1 355 356 359 3 6 7 3 356 353 352 354 358 4 8 9 7 4 360 356 355 355 356 354 349 348 352 358 5 12 18 23 23 20 12 5 1 359 359 0 2 0 357 357 2 7 10 12 12 10 7 5 5 8 17 25 29 29 29 32 36 34 29 23 17 11 5 359 355 354 353 351 350 351 354 358 360 1 1 2 3 7 14 17
357 1 9 16 18 15 12 12 12 12 11 9 4 359 356 355 356 359 2 1 358 354 354 357 1 6 10 11 10 7 3 1 359 358 357 355 349 348 353 0 6 11 17 21 20 15 8 4 1 0 2 5 7 3 358 356 359 3 6 8 8 6 4 3 4 9 19 29 34 36 37 38 35 27 19 12 7 0 354 350 350 351 352 354 355 356 359 4 7 10 10 9 9 12 17 16
358 1 9 14 15 13 11 9 6 5 5 5 4 2 359 355 352 352 355 358 359 357 358 2 5 6 8 11 12 11 7 4 1 1 0 357 350 348 353 360 4 9 14 18 18 14 8 5 3 3 4 6 8 5 358 355 356 359 3 5 5 3 3 5 11 19 28 36 41 43 41 35 28 19 10 3 357 352 348 346 347 350 352 356 1 5 4 5 10 15 17 15 14 16 18 14
357 1 8 12 11 11 9 4 360 358 360 3 4 3 359 354 350 348 351 356 359 1 3 7 9 7 6 10 14 14 11 7 4 3 2 357 350 349 353 359 3 8 13 18 20 18 11 7 5 4 2 3 6 4 358 354 355 357 360 2 2 3 7 15 26 32 35 38 41 41 36 28 19 9 1 355 351 348 347 347 348 349 351 356 5 10 11 8 9 16 20 19 17 18 16 13
355 360 8 10 8 7 4 359 356 356 359 2 3 0 356 352 348 347 350 355 360 4 7 11 13 10 6 7 12 15 14 12 8 5 1 357 353 351 354 360 4 8 12 18 23 22 15 9 6 4 3 1 2 1 355 352 354 356 358 360 2 7 17 28 34 34 31 31 33 31 26 18 9 1 356 352 349 349 351 354 354 351 348 349 358 10 13 13 11 14 18 18 17 16 14 12
350 357 8 9 5 2 360 359 358 0 2 2 360 356 351 348 347 348 350 355 0 6 10 14 15 14 8 5 9 14 15 14 11 7 3 0 357 355 357 1 3 6 11 20 26 25 19 12 8 4 3 2 0 355 350 349 352 355 357 359 5 15 24 28 28 24 22 21 20 18 14 8 1 357 355 353 351 352 357 2 4 1 356 349 349 358 9 14 15 16 17 15 13 13 13 11
344 354 9 10 3 358 360 2 9 5 3 359 355 351 348 346 347 350 353 357 2 7 12 16 18 18 12 5 4 10 14 15 13 10 7 6 4 1 360 2 4 7 14 24 31 32 26 18 10 4 360 357 355 350 346 345 349 354 357 2 11 21 22 20 18 15 13 11 8 8 6 2 358 356 357 356 356 357 2 7 10 9 6 0 354 353 359 9 16 18 16 12 10 11 11 9
343 354 9 9 2 359 1 4 4 2 359 356 351 348 346 347 349 352 355 359 4 9 14 18 22 23 17 6 2 6 12 15 15 13 12 11 9 6 3 5 9 13 18 27 35 37 31 19 7 360 355 352 350 349 346 344 348 354 360 9 19 21 16 12 9 7 4 2 2 3 3 360 357 357 359 1 2 3 4 7 11 13 13 10 4 360 359 4 12 15 12 8 8 8 8 5
347 356 6 5 1 360 0 1 1 359 356 352 348 347 347 349 351 354 358 2 6 11 16 21 27 28 24 11 1 2 6 10 14 15 16 15 9 9 6 9 12 14 16 22 29 31 27 14 2 355 352 350 350 350 348 345 349 358 6 12 17 15 9 5 1 358 357 358 1 3 2 0 358 357 360 4 7 7 5 4 7 12 16 16 12 7 4 5 7 7 7 5 4 5 3 0
356 358 359 359 359 359 358 358 357 355 352 348 346 346 349 352 355 358 1 5 9 14 18 24 30 32 31 21 7 1 359 358 4 12 17 17 12 7 6 8 9 9 11 15 21 24 21 12 1 355 352 350 350 351 350 347 0 358 4 8 10 8 3 358 354 352 353 358 3 4 3 2 359 357 359 4 8 9 8 4 2 7 15 19 18 14 9 7 5 2 3 3 0 359 358 356
1 359 355 355 356 357 356 355 353 351 348 346 346 348 352 356 0 3 5 8 12 16 22 26 31 35 36 31 18 7 357 346 346 357 12 11 8 4 4 4 5 6 8 12 18 21 19 13 4 357 354 351 349 350 351 348 359 355 0 5 5 3 360 355 350 350 355 1 4 4 4 4 2 358 358 2 7 9 10 9 3 1 10 19 21 19 14 9 4 1 0 0 357 354 354 355
360 358 356 355 354 354 354 352 349 347 345 345 347 351 355 359 5 10 11 12 15 21 26 29 32 35 35 31 21 10 2 353 346 348 356 2 2 360 360 0 2 5 9 12 17 20 19 15 7 360 355 352 351 351 352 350 359 354 356 1 2 1 358 354 350 351 356 0 2 4 6 8 6 360 356 358 4 8 11 12 9 2 3 15 22 22 19 13 5 1 0 360 356 353 354 0
357 357 356 355 353 352 351 349 346 344 343 345 349 353 358 3 9 16 19 19 21 25 27 28 29 29 29 24 17 10 5 1 356 352 354 357 357 356 356 357 2 7 10 12 15 19 18 15 9 2 357 355 354 354 353 351 347 348 352 356 358 358 357 355 352 352 355 357 0 5 10 14 13 3 354 351 357 4 9 12 14 9 2 7 19 23 22 17 9 4 3 2 359 357 3 13
355 355 354 353 352 350 348 347 344 343 344 347 351 356 2 7 16 24 28 27 25 24 22 21 20 20 20 18 13 9 8 7 4 358 354 352 351 352 355 359 4 8 10 11 13 16 15 12 9 5 2 359 358 356 354 351 346 346 350 352 355 358 358 357 355 353 352 354 359 6 14 19 19 11 359 351 350 354 2 9 14 11 4 360 11 21 22 19 14 10 8 8 7 6 9 15
353 352 351 350 349 348 348 346 343 342 344 349 354 360 6 14 25 34 34 29 22 16 14 12 12 13 14 14 12 9 9 10 9 4 357 351 348 350 356 4 7 7 8 10 12 13 12 11 9 8 6 4 3 0 357 351 0 345 352 351 355 358 358 358 357 355 351 352 358 6 14 19 20 15 8 3 359 356 356 347 4 10 5 356 1 14 20 20 18 15 12 12 12 10 9 10
351 350 348 347 347 347 347 346 343 342 346 351 358 5 13 23 32 33 29 23 16 11 8 7 7 8 11 14 13 9 8 10 11 8 2 354 345 349 359 7 8 9 10 12 12 11 11 10 9 8 8 7 6 4 0 354 347 345 348 351 355 357 358 358 359 357 352 352 357 4 10 15 17 16 13 10 8 6 4 1 0 4 3 355 354 4 14 18 17 14 13 14 13 9 8 8
349 349 347 346 347 348 347 345 344 344 348 354 3 12 21 26 26 22 20 17 14 9 5 3 4 7 11 14 14 9 4 5 9 10 7 1 355 353 360 7 10 11 12 12 12 12 13 13 10 8 7 6 5 4 1 356 350 346 347 351 353 355 357 359 360 358 354 353 356 2 6 10 13 14 14 13 12 10 9 7 5 4 3 0 359 3 7 9 9 9 11 13 11 8 7 4
348 348 347 346 347 347 345 344 345 348 353 359 10 22 26 22 17 16 16 15 13 9 4 3 5 9 12 13 12 8 4 1 4 10 12 8 2 358 1 7 10 10 10 11 12 15 17 17 12 6 3 359 357 355 354 353 350 346 346 349 352 355 358 0 1 359 356 354 354 359 4 8 10 10 11 13 13 12 12 11 9 7 5 5 6 7 5 2 2 6 9 9 7 6 4 359
347 347 346 346 346 345 343 344 347 353 1 11 25 34 29 21 17 17 15 13 11 9 7 8 11 13 12 10 8 6 3 359 359 6 12 12 7 2 3 6 7 8 9 10 13 16 18 18 13 6 359 355 352 351 351 352 350 345 344 348 351 356 1 2 2 0 357 353 352 357 4 8 9 6 6 9 12 14 14 14 13 10 9 9 10 10 7 3 3 7 8 5 2 1 359 356
346 346 344 344 344 342 343 346 352 2 15 28 37 40 35 28 25 20 14 11 9 9 11 13 14 14 12 9 6 2 359 356 353 358 8 13 11 6 4 5 6 7 8 9 11 14 16 15 11 6 360 355 352 352 354 355 352 346 344 347 352 358 2 4 3 1 357 351 349 355 5 11 11 5 360 2 9 13 14 14 15 14 12 12 13 12 10 8 8 10 8 2 357 356 356 358
346 344 343 342 341 341 344 351 2 16 29 35 34 33 30 27 22 15 9 6 6 9 12 12 11 12 11 10 7 1 357 354 350 350 360 11 13 8 5 4 4 5 5 5 7 11 14 14 10 6 2 358 355 355 357 358 355 348 346 349 355 360 3 5 5 2 356 351 349 354 5 14 16 10 359 356 3 11 13 13 15 17 15 14 15 15 14 14 14 12 9 1 355 353 358 5
346 344 341 339 339 341 347 359 14 28 33 30 27 25 23 19 15 9 5 2 2 4 6 7 8 9 9 8 5 2 360 357 355 353 358 8 10 7 4 2 2 2 2 2 5 10 14 14 10 6 4 3 1 360 359 359 357 353 351 354 358 1 3 4 3 1 357 354 351 353 3 15 19 17 8 357 356 8 12 10 12 18 19 17 17 17 16 17 16 13 9 3 356 355 1 6
346 344 340 337 339 344 354 10 26 32 28 23 21 18 15 12 9 5 2 360 360 1 4 6 8 7 5 3 4 4 2 0 359 359 2 6 5 2 1 360 360 360 360 2 5 10 13 13 10 7 5 5 6 4 2 1 1 358 355 357 1 2 1 1 2 1 358 357 354 354 1 14 23 26 23 13 2 7 12 1 0 14 22 20 16 13 12 12 11 10 8 4 358 357 360 1
346 346 344 342 345 354 6 17 25 25 18 15 13 10 7 5 3 1 360 359 1 3 6 8 9 7 3 1 3 5 4 2 360 360 3 3 360 357 357 357 358 359 0 3 6 10 12 13 10 8 7 7 7 7 6 6 6 2 358 358 1 1 360 360 2 2 1 358 354 353 359 13 25 33 33 28 19 14 13 359 349 356 12 12 5 2 3 4 5 6 7 3 358 356 358 358
347 347 348 350 354 1 9 13 15 14 10 7 5 3 1 359 358 358 359 1 5 9 11 10 9 7 4 3 4 5 4 1 358 357 359 358 355 353 354 356 358 1 4 6 9 11 12 12 10 8 8 9 8 9 10 11 10 4 359 359 1 1 359 359 2 5 4 358 352 350 357 12 27 34 34 29 22 17 12 5 357 354 356 356 353 354 359 1 1 3 3 360 356 356 358 357
347 349 352 354 356 2 6 8 9 8 5 2 359 358 356 356 356 358 2 7 13 16 14 9 6 6 5 5 4 4 4 3 0 358 357 355 351 350 353 356 359 4 8 10 11 12 13 13 11 10 9 9 8 9 11 13 11 5 0 360 0 359 358 358 3 7 5 359 352 348 354 9 25 31 31 27 21 15 8 3 359 356 353 350 350 353 359 1 0 1 2 357 354 355 356 355
349 352 354 355 354 359 3 4 4 4 3 359 356 354 354 355 358 3 9 16 20 19 13 7 3 2 3 4 4 4 5 6 5 2 358 354 349 348 352 358 3 8 10 11 11 12 13 14 14 13 10 6 4 5 7 9 9 4 1 0 360 359 359 0 4 7 6 1 352 347 350 3 17 24 26 24 20 12 6 2 360 357 353 351 352 357 0 0 359 360 0 357 353 352 353 354
353 354 354 351 351 355 358 359 360 1 1 358 354 353 354 358 4 11 18 21 20 15 9 4 360 358 359 1 3 5 7 9 10 6 1 355 349 348 353 1 7 9 9 9 10 10 12 14 15 14 12 8 2 359 360 3 5 2 0 360 360 360 0 2 5 7 7 1 353 347 348 356 7 16 21 21 18 12 6 4 3 0 357 357 358 1 1 359 358 359 0 358 353 351 352 353
356 356 354 350 347 349 352 355 357 359 359 357 355 355 357 3 11 20 24 21 15 10 6 3 359 358 359 0 2 5 8 10 12 10 5 358 351 349 355 2 4 5 6 7 8 9 11 13 14 14 13 11 6 0 358 1 2 359 358 359 0 1 1 3 6 8 7 2 355 350 349 351 359 9 17 19 16 12 9 8 7 5 3 3 4 2 360 358 357 360 1 360 356 354 353 353
357 357 355 349 343 342 346 351 354 357 357 357 358 359 3 11 20 26 25 18 10 6 4 2 0 0 2 3 3 3 5 7 10 10 7 2 355 351 354 358 359 1 4 7 8 9 12 14 13 12 13 13 11 6 2 2 360 355 355 358 359 0 1 3 6 8 8 4 358 353 350 349 354 3 12 16 15 13 13 13 12 10 9 9 7 1 358 357 358 0 2 1 358 358 356 352
358 357 355 350 347 338 341 346 351 353 355 357 1 6 12 19 22 21 16 11 7 4 3 3 4 6 7 7 6 3 1 1 4 6 6 2 356 350 351 354 357 1 4 7 8 11 14 15 14 13 13 14 14 12 7 3 358 351 351 354 357 359 1 4 7 9 9 6 1 355 350 348 351 359 8 14 16 16 15 15 14 14 13 12 7 2 359 359 0 2 2 0 359 359 357 353
358 356 355 353 347 346 343 345 348 350 354 1 9 17 23 22 15 9 7 6 5 3 3 4 7 11 13 13 10 4 358 356 356 358 358 357 352 347 347 352 357 1 5 7 9 12 17 19 18 16 15 13 13 14 10 3 355 348 347 350 353 356 360 4 8 11 12 10 5 357 350 346 347 355 5 13 18 19 16 14 14 14 13 12 9 6 3 3 4 5 2 359 358 358 357 354
353 354 355 356 354 349 345 346 347 350 358 10 22 33 31 18 3 359 0 1 2 3 3 4 7 11 15 14 10 5 1 358 356 355 354 352 350 345 346 352 358 2 5 6 8 13 19 23 22 20 17 14 12 12 7 360 352 345 343 345 349 354 359 4 8 11 13 13 8 1 352 346 344 350 2 12 20 22 18 12 11 12 12 11 11 10 9 8 8 6 2 359 358 357 356 355
348 351 356 358 358 354 349 348 351 358 12 26 32 33 25 10 355 350 352 356 359 1 2 3 5 10 14 13 9 6 3 1 360 359 356 354 352 348 348 353 359 3 3 4 6 12 19 24 24 22 21 20 15 7 358 352 347 342 340 341 345 352 359 4 7 10 13 15 12 5 356 349 344 347 357 11 21 24 22 16 11 10 9 8 10 11 11 11 10 6 1 358 357 356 355 357
345 349 356 359 360 357 356 355 360 9 19 23 21 16 9 3 357 352 351 353 356 358 359 360 3 7 10 10 9 7 6 5 4 3 1 358 356 353 349 353 359 2 2 3 6 11 18 23 25 26 26 24 16 3 353 348 345 341 338 338 343 350 358 2 5 8 12 15 15 10 0 353 349 347 354 8 20 25 25 21 15 12 7 3 4 7 8 9 8 4 359 356 355 355 356 359
348 351 356 359 0 360 360 2 6 9 11 10 7 3 360 359 359 359 358 357 356 355 355 358 2 5 7 8 9 9 9 8 8 7 5 3 0 356 352 353 357 359 1 4 7 11 16 22 26 27 26 21 12 2 354 349 345 340 336 336 341 347 354 359 3 7 10 14 16 13 6 358 355 353 355 5 17 24 26 23 16 11 8 5 2 2 3 5 5 2 357 354 353 354 358 3
353 353 356 358 358 359 1 4 5 4 3 1 359 357 356 357 360 2 2 0 358 356 355 359 3 5 7 9 9 9 10 11 10 9 8 6 4 0 355 354 355 358 2 7 9 10 13 17 22 24 22 17 11 5 358 353 346 340 337 336 339 344 351 357 3 7 10 13 16 15 10 4 0 358 358 3 14 22 25 22 16 11 9 8 5 3 2 2 2 0 356 354 354 356 360 4
355 355 356 357 356 356 359 1 1 359 356 354 353 354 355 357 359 1 1 1 360 358 359 2 6 7 9 11 11 10 11 11 10 8 6 5 5 3 358 355 356 360 5 9 9 8 8 11 16 18 17 15 12 9 3 356 349 344 341 338 338 343 349 356 3 8 10 12 14 15 12 8 5 2 360 2 11 20 24 22 16 11 9 10 9 5 3 2 1 359 356 354 355 359 1 4
