project/data/elevation/US_DEM2016/US_DEM2016_point_10-31-2019_0551_30m_vel.asc
ncols	125
nrows	167
xllcorner	-2042055.000000
yllcorner	1465035.000000
cellsize	30.000000
NODATA_value	-9999.000000
[rows 38 to 75 of 167, columns 0 to 83 of 125]
6.60 6.32 5.77 5.35 4.93 4.66 4.45 4.13 3.72 3.34 3.49 3.16 3.29 3.64 4.38 4.44 4.55 4.44 4.89 5.26 5.48 5.58 5.68 5.89 6.16 6.40 6.64 6.87 6.85 6.62 6.20 5.76 5.49 5.45 5.61 6.05 6.55 6.85 7.09 7.41 7.67 7.71 7.68 7.60 7.52 7.34 6.81 5.97 5.40 5.03 4.92 4.95 4.84 4.83 5.04 5.17 5.25 5.49 5.65 5.70 5.53 5.12 4.88 4.62 4.28 3.98 3.65 3.56 3.62 3.64 3.62 3.78 4.05 4.39 4.63 4.89 5.19 5.73 6.44 7.26 7.91 8.23 8.15 7.73
6.46 5.85 4.97 4.54 4.21 4.05 3.90 3.71 3.58 3.52 3.57 3.60 3.55 4.03 4.24 4.15 4.28 4.51 4.38 4.37 4.23 4.18 4.27 4.58 5.13 5.71 6.17 6.60 6.85 6.88 6.71 6.39 6.10 6.03 6.35 6.95 7.37 7.59 7.70 7.81 7.90 7.78 7.68 7.55 7.37 7.08 6.46 5.78 5.29 4.91 4.87 5.03 5.03 4.89 5.08 5.29 5.47 5.69 5.59 5.28 4.75 4.15 3.72 3.58 3.50 3.43 3.24 3.20 3.34 3.40 3.34 3.51 3.90 4.25 4.44 4.62 4.78 5.11 5.56 5.89 6.03 6.41 7.07 7.49
6.15 5.48 4.56 4.16 4.02 3.96 3.94 3.97 4.07 4.25 4.43 4.49 4.31 4.06 4.61 4.25 4.22 4.40 4.16 3.78 3.63 3.73 4.01 4.42 5.01 5.50 5.90 6.28 6.59 6.83 6.96 6.91 6.87 7.12 7.62 8.13 8.42 8.50 8.26 7.89 7.70 7.24 6.87 6.81 6.75 6.82 6.71 6.55 6.29 6.04 5.74 5.57 5.39 5.07 5.07 5.22 5.40 5.50 5.24 4.71 4.08 3.40 2.74 2.50 2.51 2.63 2.85 3.08 3.23 3.25 3.15 3.35 3.87 4.22 4.31 4.39 4.48 4.68 4.96 5.10 5.09 5.34 6.19 7.31
5.94 5.45 4.79 4.53 4.52 4.54 4.54 4.59 4.76 5.00 5.18 5.13 4.85 4.58 4.46 4.44 4.51 4.50 4.33 4.10 4.12 4.34 4.63 4.89 5.09 5.29 5.43 5.67 6.10 6.52 7.02 7.29 7.66 8.11 8.52 8.78 8.83 8.60 8.17 7.63 7.15 6.67 6.21 5.92 6.05 6.21 6.46 6.58 6.71 6.78 6.66 6.15 5.61 5.12 4.90 4.89 4.89 4.79 4.54 4.21 3.79 3.27 2.69 2.52 2.64 2.85 3.07 3.19 3.22 3.21 3.20 3.37 3.79 4.09 4.07 4.01 4.21 4.59 4.83 4.82 4.85 4.93 5.42 6.59
5.91 5.64 5.27 5.12 5.08 5.04 4.99 5.06 5.30 5.54 5.59 5.37 4.97 4.83 4.88 4.95 4.97 4.99 5.00 5.05 5.19 5.39 5.57 5.67 5.72 5.66 5.57 5.61 5.92 6.32 7.00 7.57 8.25 8.74 8.81 8.54 8.16 7.67 7.14 6.69 6.35 6.02 5.57 5.29 5.26 5.43 5.69 5.78 5.95 6.12 6.17 5.91 5.49 5.00 4.78 4.77 4.68 4.46 4.28 4.28 4.16 3.93 3.64 3.61 3.75 3.72 3.53 3.37 3.40 3.46 3.40 3.39 3.57 3.68 3.51 3.37 3.81 4.47 4.71 4.60 4.67 4.88 5.33 6.21
5.89 5.71 5.47 5.39 5.37 5.39 5.49 5.69 5.91 6.00 5.85 5.51 5.13 5.16 5.09 5.20 5.32 5.45 5.61 5.82 6.10 6.33 6.41 6.39 6.32 6.15 6.03 6.02 6.19 6.42 7.04 7.69 8.27 8.55 8.36 7.85 7.22 6.63 6.11 5.79 5.66 5.46 5.07 4.69 4.61 4.81 4.97 4.82 4.55 4.29 4.30 4.60 4.80 4.80 4.85 5.05 5.13 5.09 5.08 5.10 5.01 4.92 4.86 4.83 4.53 4.12 3.94 3.98 3.99 3.70 3.31 3.10 3.20 3.30 3.15 3.09 3.52 4.21 4.41 4.24 4.48 5.04 5.60 5.98
5.88 5.78 5.68 5.71 5.87 6.13 6.40 6.57 6.57 6.39 6.05 5.67 5.36 5.19 5.20 5.36 5.56 5.74 5.94 6.19 6.47 6.59 6.55 6.42 6.26 6.09 6.04 6.11 6.35 6.68 7.33 7.67 7.79 7.62 7.38 7.13 6.78 6.30 5.63 5.14 4.90 4.82 4.61 4.24 4.08 4.27 4.17 3.91 3.53 3.28 3.32 3.58 4.00 4.41 4.90 5.41 5.68 5.80 5.82 5.68 5.57 5.54 5.36 5.06 4.57 4.42 4.56 4.51 4.03 3.27 2.87 2.89 3.08 3.20 3.21 3.31 3.73 4.21 4.30 4.10 4.31 4.96 5.39 5.53
6.08 6.10 6.17 6.32 6.52 6.73 6.89 6.91 6.79 6.50 6.12 5.79 5.61 5.51 5.67 5.86 5.97 6.08 6.21 6.30 6.28 6.15 5.99 5.88 5.88 5.86 5.87 6.04 6.49 7.04 7.59 7.44 6.99 6.58 6.40 6.43 6.32 6.04 5.39 4.74 4.24 4.08 4.01 3.75 3.68 3.77 3.75 3.80 3.83 3.86 3.77 3.63 3.70 4.20 4.96 5.59 5.74 5.73 5.66 5.64 5.58 5.61 5.40 5.14 5.03 5.08 4.86 4.22 3.41 2.99 3.05 3.36 3.56 3.62 3.69 3.91 4.29 4.54 4.69 4.36 4.40 4.68 5.01 5.22
6.32 6.37 6.49 6.63 6.67 6.64 6.53 6.43 6.30 6.11 5.89 5.69 5.69 5.90 6.20 6.35 6.38 6.36 6.29 6.15 5.92 5.67 5.49 5.47 5.62 5.75 5.88 6.20 6.77 7.27 7.41 6.92 6.24 5.87 5.71 5.60 5.48 5.43 5.17 4.59 3.89 3.56 3.58 3.68 3.82 3.93 4.14 4.29 4.35 4.12 3.76 3.62 3.96 4.66 5.38 5.66 5.60 5.51 5.50 5.60 5.55 5.59 5.55 5.48 5.37 5.06 4.24 3.67 3.55 3.80 4.17 4.37 4.44 4.47 4.58 4.79 4.98 5.00 4.94 4.89 5.40 4.89 5.07 5.32
6.40 6.35 6.33 6.37 6.28 6.09 5.86 5.64 5.47 5.41 5.37 5.31 5.54 5.70 6.01 6.16 6.24 6.20 6.04 5.85 5.66 5.47 5.33 5.32 5.43 5.60 5.84 6.30 6.88 7.12 6.82 6.19 5.75 5.43 5.18 4.94 4.76 4.77 4.85 4.66 4.03 3.68 3.76 4.14 4.34 4.48 4.54 4.28 3.82 3.33 3.25 3.72 4.76 5.79 6.18 6.05 5.87 5.76 5.75 5.77 5.68 5.70 5.62 5.47 5.14 4.60 4.21 4.31 4.82 5.34 5.65 5.73 5.73 5.71 5.73 5.81 5.86 5.77 5.71 5.69 5.43 5.30 5.43 5.55
6.38 6.27 6.01 5.89 5.78 5.58 5.33 5.08 4.90 4.83 4.86 4.91 4.98 5.20 5.37 5.47 5.63 5.72 5.69 5.59 5.43 5.27 5.17 5.13 5.17 5.32 5.55 6.09 6.73 6.81 6.45 5.98 5.65 5.28 4.84 4.41 4.25 4.24 4.37 4.41 4.13 3.80 3.78 4.02 4.18 4.34 4.36 3.87 3.41 3.32 3.83 5.06 6.39 7.07 7.12 6.67 6.31 6.05 5.97 6.03 6.03 6.02 5.91 5.70 5.65 5.78 6.21 6.77 7.24 7.57 7.68 7.69 7.65 7.60 7.53 7.50 7.44 7.22 6.90 6.44 5.84 5.48 5.57 5.58
6.40 6.30 5.87 5.57 5.46 5.37 5.21 5.02 4.84 4.74 4.84 4.96 5.13 5.17 5.28 5.34 5.43 5.50 5.51 5.41 5.21 5.03 4.92 4.89 4.92 5.04 5.27 5.88 6.58 6.58 6.28 6.04 5.77 5.39 4.90 4.34 4.07 3.81 3.69 3.77 3.73 3.47 3.29 3.31 3.56 3.89 4.19 4.09 4.03 4.44 5.66 7.07 7.84 7.93 7.56 6.94 6.47 6.21 6.18 6.40 6.52 6.60 6.57 6.74 7.14 7.73 8.40 8.98 9.38 9.57 9.63 9.63 9.61 9.56 9.45 9.27 9.06 8.75 8.14 7.24 6.33 5.69 5.54 5.43
6.49 6.32 5.85 5.51 5.36 5.34 5.35 5.30 5.17 5.15 5.38 5.61 5.82 5.89 5.86 5.81 5.72 5.59 5.43 5.26 5.08 4.90 4.76 4.70 4.75 4.93 5.27 5.96 6.45 6.25 5.79 5.77 5.61 5.36 5.21 4.87 4.38 3.78 3.39 3.48 3.57 3.52 3.50 3.57 3.81 4.16 4.71 5.13 5.55 6.46 7.70 8.36 8.40 7.86 7.30 6.72 6.37 6.24 6.15 6.23 6.38 6.63 6.84 7.15 7.74 8.30 8.72 9.11 9.36 9.50 9.60 9.69 9.73 9.73 9.61 9.37 9.12 8.89 8.50 7.95 7.27 6.53 5.80 5.35
6.53 6.23 5.72 5.53 5.39 5.29 5.33 5.43 5.46 5.53 5.88 6.28 6.48 6.48 6.35 6.11 5.82 5.53 5.32 5.17 5.05 4.89 4.71 4.59 4.66 4.94 5.38 5.97 6.14 5.63 5.21 5.21 5.13 5.13 5.23 5.24 4.80 4.28 4.01 4.11 4.35 4.60 4.83 4.94 5.09 5.49 6.30 7.18 8.05 8.71 8.95 8.75 8.09 7.23 6.71 6.27 5.98 5.78 5.56 5.42 5.55 5.80 6.29 6.62 7.00 7.18 7.09 7.03 6.96 7.08 7.28 7.57 7.69 7.72 7.61 7.45 7.42 7.35 7.31 7.35 7.29 7.06 6.56 5.79
6.42 5.96 5.35 5.20 5.16 5.13 5.18 5.33 5.50 5.61 5.91 6.35 6.50 6.46 6.25 5.88 5.47 5.18 5.03 4.94 4.84 4.73 4.61 4.54 4.65 4.97 5.39 5.77 5.67 5.05 4.77 4.80 4.74 4.72 4.92 5.00 4.96 4.88 4.91 5.20 5.53 5.81 6.01 6.23 6.62 7.30 8.13 8.80 9.21 9.26 8.96 8.26 7.50 6.73 6.27 5.87 5.53 5.20 5.01 4.92 5.05 5.28 5.52 5.74 5.77 5.41 4.97 4.51 4.36 4.47 4.69 4.96 5.09 5.05 5.04 4.97 5.07 5.13 5.22 5.45 5.87 6.19 6.24 6.00
6.17 5.67 5.00 4.75 4.73 4.85 5.01 5.16 5.39 5.55 6.08 5.88 5.83 5.70 5.49 5.19 4.88 4.66 4.54 4.49 4.45 4.44 4.51 4.66 4.84 5.06 5.36 5.57 5.40 5.00 4.82 4.82 4.74 4.63 4.51 4.57 4.83 4.97 5.18 5.55 5.95 6.19 6.45 6.84 7.54 8.31 8.80 8.94 8.73 8.36 7.92 7.47 6.96 6.47 6.08 5.74 5.42 5.17 5.16 5.21 5.35 5.42 5.34 5.25 4.90 4.43 4.06 3.86 3.88 3.92 3.79 3.57 3.45 3.39 3.35 3.34 3.45 3.58 3.65 3.65 3.76 4.01 4.24 4.52
5.94 5.56 5.01 4.75 4.64 4.61 4.64 4.77 4.97 5.15 5.12 5.23 4.73 4.52 4.35 4.28 4.19 4.03 3.93 4.05 4.28 4.47 4.69 4.93 5.08 5.23 5.44 5.60 5.59 5.51 5.35 5.13 4.89 4.59 4.21 4.17 4.46 4.64 4.81 5.08 5.48 5.85 6.25 6.93 7.82 8.34 8.35 7.80 7.03 6.71 6.67 6.71 6.60 6.36 6.08 5.81 5.55 5.44 5.58 5.63 5.61 5.52 5.21 4.95 4.64 4.41 4.41 4.42 4.32 4.02 3.50 2.91 2.62 2.45 2.32 2.29 2.38 2.44 2.44 2.31 2.21 2.29 2.62 3.14
5.91 5.72 5.44 5.24 5.00 4.66 4.30 4.16 4.27 4.46 4.48 4.74 3.82 3.60 3.54 3.85 3.59 3.54 3.59 3.92 4.41 4.85 5.13 5.26 5.36 5.48 5.65 5.83 5.89 5.89 5.59 5.18 4.82 4.42 4.03 3.94 4.22 4.48 4.57 4.70 4.98 5.43 6.01 6.95 7.74 7.87 7.29 6.42 5.93 5.78 5.81 6.00 6.14 6.15 5.91 5.71 5.52 5.47 5.56 5.44 5.18 4.91 4.66 4.55 4.66 4.81 4.94 4.86 4.32 3.63 2.95 2.55 2.39 2.19 1.94 1.81 1.73 1.59 1.49 1.57 2.37 2.34 3.06 3.68
6.13 6.16 6.13 5.93 5.59 5.13 4.53 4.21 4.13 4.24 4.26 4.65 4.29 3.62 3.62 3.60 3.63 3.73 3.94 4.33 4.83 5.35 5.61 5.74 5.86 6.00 6.08 6.15 6.15 6.04 5.61 5.31 5.11 4.80 4.41 4.35 4.67 4.96 5.00 5.03 5.20 5.57 6.19 7.11 7.49 7.11 6.14 5.45 5.12 5.03 5.07 5.29 5.58 5.65 5.47 5.31 5.17 5.07 4.95 4.60 4.23 4.01 4.06 4.31 4.87 5.16 5.07 4.65 3.91 3.32 3.01 3.01 2.97 2.60 2.09 1.81 1.71 1.73 1.60 1.93 2.60 3.62 4.68 5.11
6.41 6.52 6.52 6.35 6.07 5.74 5.33 5.00 4.75 4.65 5.47 4.43 4.33 4.41 4.54 4.62 4.70 4.87 5.03 5.25 5.59 5.98 6.25 6.46 6.65 6.75 6.64 6.55 6.57 6.57 6.43 6.28 6.14 5.84 5.39 5.29 5.56 5.80 5.90 5.93 6.00 6.11 6.55 7.13 7.07 6.17 5.24 4.59 4.32 4.30 4.39 4.62 4.99 5.10 5.05 4.90 4.73 4.48 4.17 3.93 3.86 3.97 4.32 4.73 5.19 5.17 4.73 4.19 3.72 3.71 3.95 4.05 3.65 2.99 2.44 2.25 2.29 2.40 2.70 3.42 4.54 5.68 6.21 6.08
6.56 6.46 6.25 6.17 6.16 6.15 5.97 5.66 5.28 4.97 4.82 4.83 5.02 5.32 5.66 5.90 6.13 6.34 6.48 6.56 6.69 6.78 6.92 7.14 7.31 7.23 7.05 6.95 7.02 7.01 6.94 6.76 6.56 6.28 5.92 5.74 5.85 6.06 6.29 6.48 6.55 6.56 6.74 6.80 6.21 5.17 4.34 3.84 3.64 3.62 3.74 3.91 4.27 4.64 4.78 4.72 4.60 4.40 4.28 4.41 4.64 5.00 5.41 5.69 5.69 5.29 4.71 4.42 4.45 4.75 4.93 4.64 3.87 3.15 2.92 3.10 3.39 3.77 4.47 5.48 6.50 6.93 6.71 5.99
6.60 6.20 5.72 5.65 5.80 6.01 6.06 5.80 5.37 4.96 6.07 4.80 5.18 5.66 6.15 6.50 6.78 7.02 7.23 7.30 7.26 7.19 7.25 7.38 7.36 7.20 7.12 7.15 7.15 6.90 6.40 5.97 5.72 5.64 5.63 5.67 5.76 5.95 6.18 6.46 6.66 6.65 6.55 6.15 5.21 4.17 3.50 3.17 3.04 3.10 3.12 3.15 3.61 4.28 4.69 4.85 4.90 4.91 5.05 5.22 5.49 5.95 6.43 6.68 6.48 6.13 5.55 5.43 5.67 5.79 5.38 4.66 4.02 3.86 4.13 4.55 5.09 5.75 6.59 7.32 7.52 7.14 6.36 5.58
6.58 6.10 5.41 5.19 5.17 5.23 5.36 5.35 5.14 4.79 4.48 4.46 4.71 5.13 5.56 5.85 6.08 6.21 6.29 6.36 6.47 6.61 6.74 6.72 6.53 6.46 6.64 6.90 6.90 6.67 6.22 5.62 5.23 5.15 5.44 5.78 6.04 6.18 6.25 6.31 6.37 6.18 5.88 5.37 4.58 3.66 3.07 2.89 2.96 3.07 3.06 3.07 3.47 4.22 4.83 5.23 5.48 5.64 5.74 5.77 6.01 6.66 7.25 7.44 7.22 7.07 6.84 6.57 6.56 6.44 5.82 5.23 5.13 5.65 6.30 6.90 7.51 8.04 8.33 8.19 7.58 6.70 5.92 5.32
6.48 5.89 5.06 4.79 4.53 4.35 4.38 4.54 4.59 4.35 3.97 3.74 3.70 3.83 4.06 4.23 4.33 4.25 4.00 3.98 4.53 5.14 5.32 5.09 4.81 5.12 5.84 6.29 6.38 6.42 6.46 6.36 6.13 5.93 5.91 6.08 6.22 6.24 6.11 5.91 5.71 5.49 5.25 5.08 4.69 4.05 3.61 3.64 3.81 3.92 3.96 4.03 4.22 4.64 5.05 5.44 5.83 6.20 6.43 6.69 7.15 7.72 7.90 7.69 7.40 7.36 7.41 7.44 7.44 7.36 7.19 7.14 7.53 8.09 8.50 8.82 9.07 9.11 8.80 8.05 7.15 6.36 5.76 5.23
6.17 5.48 4.63 4.39 4.21 4.02 3.88 3.92 4.05 3.88 3.46 3.03 2.67 2.48 2.46 2.55 2.62 2.49 2.38 2.52 3.00 3.54 3.67 3.47 3.57 4.27 5.38 5.88 5.90 5.78 6.02 6.37 6.57 6.61 6.35 6.08 5.83 5.68 5.43 5.17 5.02 5.15 5.30 5.54 5.57 5.51 5.33 5.31 5.36 5.38 5.39 5.31 5.18 5.16 5.19 5.36 5.70 6.21 6.83 7.52 8.09 8.17 7.78 7.09 6.53 6.60 7.11 7.47 7.83 8.10 8.36 8.67 9.00 9.16 9.15 9.07 8.91 8.55 7.93 7.24 6.63 6.09 5.62 5.21
5.90 5.38 4.62 4.29 4.15 4.05 3.90 3.80 3.86 3.80 3.46 2.94 2.41 2.04 1.85 1.80 1.89 2.12 2.46 2.73 2.87 2.92 2.88 2.94 3.41 4.38 5.49 5.81 5.58 5.14 5.13 5.42 5.84 6.15 6.04 5.56 5.03 4.72 4.63 4.58 4.70 5.19 5.76 6.23 6.42 6.61 6.68 6.57 6.45 6.34 6.02 5.67 5.45 5.39 5.36 5.45 5.75 6.32 7.04 7.62 7.77 7.40 6.71 5.91 5.57 5.77 6.35 6.87 7.26 7.71 8.06 8.28 8.38 8.28 8.05 7.73 7.31 6.76 6.37 6.06 5.72 5.41 5.09 4.74
5.89 5.60 5.09 4.70 4.47 4.33 4.18 4.08 4.05 4.02 3.86 3.53 3.17 2.77 2.42 2.23 2.03 2.82 3.44 3.75 3.67 3.40 3.27 3.40 3.99 5.02 5.84 5.90 5.41 4.79 4.53 4.52 4.75 5.02 5.19 5.07 4.75 4.49 4.48 4.73 5.13 5.79 6.27 6.50 6.51 6.63 6.71 6.76 6.69 6.41 5.82 5.41 5.33 5.44 5.54 5.69 6.00 6.60 7.10 7.14 6.67 5.95 5.37 5.02 5.09 5.46 5.81 6.04 6.24 6.56 6.77 6.78 6.59 6.42 6.27 5.99 5.52 5.01 4.67 4.58 4.43 4.25 4.05 3.88
5.92 5.74 5.42 5.17 4.93 4.69 4.54 4.57 4.59 4.63 4.66 4.63 4.49 4.13 3.68 3.35 3.30 3.59 4.06 4.51 4.61 4.50 4.41 4.53 5.01 5.80 6.29 6.21 5.71 4.99 4.55 4.24 4.09 4.19 4.64 5.12 5.38 5.51 5.61 5.78 6.10 6.47 6.53 6.34 6.09 6.06 6.19 6.34 6.34 6.20 5.81 5.52 5.45 5.54 5.64 5.79 6.11 6.60 6.83 6.40 5.67 5.08 4.73 4.64 4.76 5.04 5.25 5.27 5.35 5.52 5.63 5.57 5.30 5.00 4.74 4.60 4.24 3.72 3.20 2.99 2.99 2.82 2.64 2.55
5.92 5.74 5.46 5.24 5.06 4.89 4.91 5.07 5.30 5.57 5.77 5.85 5.63 5.23 4.76 4.37 4.15 4.15 4.37 4.88 5.30 5.61 5.79 5.88 6.12 6.66 6.96 6.78 6.35 5.74 5.29 4.89 4.57 4.59 5.02 5.63 6.15 6.54 6.67 6.65 6.61 6.59 6.35 5.99 5.70 5.60 5.66 5.67 5.65 5.71 5.73 5.65 5.58 5.65 5.75 5.97 6.33 6.62 6.40 5.67 4.97 4.62 4.43 4.34 4.42 4.75 4.98 4.92 4.78 4.80 4.77 4.69 4.55 4.20 3.70 3.36 3.13 2.74 2.16 1.75 1.63 1.56 1.45 1.52
5.95 5.75 5.45 5.16 4.94 4.86 4.98 5.24 5.63 6.10 6.43 6.54 6.43 6.19 5.84 5.41 5.00 4.77 4.83 5.23 5.70 6.24 6.48 6.67 7.03 7.54 7.57 7.16 6.66 6.31 6.13 5.96 5.74 5.65 5.76 5.98 6.19 6.36 6.43 6.35 6.26 6.20 5.97 5.61 5.32 5.10 5.01 4.88 4.76 4.84 5.11 5.30 5.41 5.62 5.86 6.21 6.43 6.28 5.58 4.77 4.36 4.25 4.18 4.29 4.55 4.90 4.87 4.48 4.15 4.03 3.95 3.86 3.84 3.63 3.11 2.54 2.18 1.96 1.60 1.10 0.94 1.51 1.22 1.51
5.97 5.71 5.32 5.02 4.79 4.70 4.72 4.83 5.11 5.50 5.92 6.26 6.55 6.74 6.76 6.54 6.09 5.63 5.48 5.60 5.84 6.34 6.69 7.08 7.58 7.89 7.66 6.97 6.36 6.19 6.30 6.43 6.44 6.22 6.00 5.84 5.72 5.61 5.60 5.75 5.89 5.91 5.70 5.32 4.99 4.76 4.59 4.35 4.13 4.06 4.21 4.51 4.89 5.25 5.69 5.96 5.83 5.24 4.38 3.94 3.86 3.90 4.07 4.43 4.69 4.68 4.27 3.64 3.20 3.00 2.93 2.78 2.64 2.65 2.47 2.03 1.62 1.49 1.35 1.22 1.21 1.40 1.77 2.33
5.89 5.55 5.04 4.85 4.72 4.63 4.51 4.33 4.17 4.15 4.39 5.02 5.82 6.53 7.02 7.18 7.00 6.60 6.20 6.04 6.10 6.45 6.82 7.32 7.69 7.64 7.13 6.44 5.77 5.54 5.64 5.88 6.05 5.97 5.82 5.64 5.48 5.43 5.61 5.86 5.93 5.82 5.54 5.28 5.10 4.92 4.66 4.22 3.77 3.52 3.58 3.98 4.55 5.12 5.31 5.19 4.63 3.86 3.40 3.32 3.32 3.32 3.64 4.01 4.03 3.81 3.44 2.98 2.57 2.21 2.03 1.94 1.84 1.72 1.71 1.68 1.62 1.37 1.79 2.01 2.25 2.50 2.88 3.54
5.77 5.38 4.87 4.78 4.77 4.74 4.60 4.36 3.96 3.53 3.35 3.67 4.53 5.56 6.45 7.00 7.25 7.20 6.95 6.71 6.67 6.83 7.12 7.52 7.61 7.27 6.67 5.96 5.29 4.86 4.69 4.75 5.03 5.30 5.50 5.60 5.62 5.68 5.88 6.03 5.94 5.70 5.48 5.39 5.31 4.96 4.47 3.86 3.57 3.68 4.05 4.57 4.98 5.11 5.09 4.49 3.71 3.16 3.01 2.98 2.86 2.80 2.90 3.09 3.25 3.36 3.47 3.39 3.09 2.77 2.61 2.47 2.22 1.89 1.74 1.86 2.11 2.41 2.77 3.16 3.53 3.94 4.34 5.07
5.71 5.35 4.92 4.83 4.87 4.90 4.85 4.77 4.57 4.16 3.68 3.53 3.93 4.66 5.53 6.32 6.89 7.29 7.46 7.48 7.50 7.62 7.85 7.95 7.69 7.16 6.56 5.92 5.27 4.84 4.62 4.59 4.65 4.84 5.14 5.45 5.61 5.67 5.76 5.86 5.68 5.40 5.23 5.20 5.08 4.58 4.18 4.08 4.45 5.04 5.53 5.75 5.70 5.44 5.20 4.60 4.23 3.99 3.85 3.65 3.44 3.31 3.30 3.46 3.95 4.45 4.77 4.77 4.59 4.36 4.10 3.72 3.14 2.70 2.52 2.63 2.95 3.39 3.86 4.44 5.13 5.83 6.43 7.33
5.68 5.32 4.95 4.91 5.01 5.07 5.11 5.23 5.41 5.45 5.20 4.84 4.73 4.92 5.34 6.04 6.70 7.40 7.84 8.13 8.41 8.51 8.46 8.21 7.65 7.07 6.69 6.38 5.96 5.75 5.66 5.53 5.28 5.14 5.22 5.40 5.53 5.59 5.60 5.43 5.16 4.95 4.89 4.94 4.96 4.95 5.19 5.73 6.26 6.57 6.60 6.35 5.98 5.62 5.43 5.40 5.41 5.43 5.37 5.26 5.18 5.21 5.35 5.66 6.02 6.12 5.90 5.60 5.32 5.00 4.52 3.93 3.34 3.12 3.22 3.53 3.90 4.44 5.21 6.34 7.56 8.50 9.19 9.84
5.61 5.29 4.97 4.98 5.15 5.24 5.35 5.60 6.02 6.46 6.70 6.72 6.55 6.28 6.19 6.48 7.05 7.82 8.39 8.74 9.04 9.02 8.56 7.96 7.30 6.91 6.81 6.81 6.70 6.53 6.40 6.29 6.07 5.89 5.74 5.66 5.65 5.58 5.36 5.07 4.93 5.02 5.10 5.23 5.42 5.73 6.16 6.57 6.71 6.54 6.30 6.05 5.86 5.70 5.63 5.69 5.75 5.89 6.10 6.31 6.50 6.73 6.92 6.97 6.73 6.22 5.54 5.17 4.89 4.45 3.92 3.51 3.35 3.49 3.87 4.39 4.98 5.85 7.15 8.67 9.85 10.59 10.83 10.74
5.60 5.35 5.07 5.12 5.28 5.38 5.44 5.74 6.39 7.14 7.71 7.97 7.97 7.77 7.51 7.48 7.88 8.49 8.86 8.97 9.00 8.79 8.16 7.38 6.79 6.59 6.65 6.79 6.79 6.65 6.44 6.27 6.05 5.87 5.68 5.57 5.55 5.42 5.22 5.17 5.30 5.39 5.41 5.51 5.65 5.68 5.68 5.63 5.37 5.08 4.94 5.03 5.28 5.44 5.38 5.36 5.44 5.62 5.90 6.21 6.55 6.85 6.82 6.42 5.64 4.75 4.21 4.19 4.21 3.97 3.67 3.61 3.80 4.14 4.71 5.39 6.22 7.39 8.80 9.83 10.32 10.39 10.11 9.56
5.64 5.44 5.27 5.35 5.48 5.58 5.73 6.19 7.02 7.59 7.81 7.85 7.91 8.04 8.17 8.42 8.80 9.04 8.88 8.55 8.30 7.99 7.44 6.81 6.39 6.22 6.18 6.30 6.43 6.44 6.29 6.01 5.52 5.17 5.07 5.19 5.30 5.26 5.16 5.10 5.07 5.10 5.21 5.33 5.34 5.08 4.81 4.48 4.31 4.21 4.19 4.33 4.61 4.87 5.00 5.13 5.29 5.38 5.48 5.68 5.97 6.09 5.74 4.90 4.00 3.47 3.38 3.66 4.04 4.22 4.20 4.28 4.61 5.17 5.94 6.77 7.74 8.87 9.58 9.65 8.91 7.81 7.01 6.61
