project/data/elevation/US_DEM2016/US_DEM2016_point_10-30-2019_2244_30m_vel.asc
ncols	125
nrows	167
xllcorner	-2042055.000000
yllcorner	1465035.000000
cellsize	30.000000
NODATA_value	-9999.000000
[rows 36 to 71 of 167, columns 0 to 79 of 125]
10.90 11.37 11.79 11.53 10.95 10.00 8.96 8.00 7.27 6.81 6.94 7.86 9.34 10.36 10.50 9.89 9.47 9.60 10.20 11.14 11.90 12.63 13.27 13.72 13.75 13.45 12.93 12.20 11.20 10.00 8.96 8.46 8.49 8.84 9.12 9.06 9.08 9.49 10.13 10.52 10.55 10.03 9.03 8.38 8.54 9.20 9.99 10.36 10.26 9.48 8.89 8.53 8.83 9.39 9.68 9.72 9.62 9.72 9.71 10.01 10.04 9.72 8.97 7.74 6.64 6.00 5.92 6.31 6.89 7.38 7.94 8.39 8.60 8.80 9.54 10.49 11.97 14.01 15.65 16.63
10.99 11.36 11.49 11.12 10.59 9.88 9.20 8.39 7.47 6.65 6.34 6.64 7.59 8.96 9.73 9.66 9.36 9.49 10.23 11.21 12.00 12.67 13.26 13.74 13.92 13.90 13.76 13.46 12.74 11.58 10.20 9.13 8.83 9.25 9.78 10.17 10.48 10.80 11.16 11.72 12.32 12.48 12.41 11.87 11.65 11.91 12.06 11.58 10.79 9.86 9.06 8.72 8.67 9.20 9.62 9.68 9.63 9.87 9.98 10.22 10.27 10.12 9.62 8.57 7.35 6.51 6.18 6.25 6.50 6.81 7.23 7.60 7.95 8.31 8.86 9.50 10.54 12.13 14.32 16.25
10.81 10.66 10.33 9.91 9.31 8.90 8.54 7.95 7.18 6.46 6.50 6.23 6.72 7.65 8.90 9.09 9.09 8.85 9.38 10.03 10.43 10.65 10.88 11.34 11.91 12.38 12.89 13.40 13.35 12.78 11.75 10.60 9.84 9.58 9.78 10.52 11.35 11.78 12.10 12.71 13.47 14.02 14.26 14.07 13.65 13.09 12.11 10.67 9.68 8.95 8.62 8.62 8.60 9.00 9.57 9.76 9.79 10.05 10.08 9.99 9.84 9.44 9.23 8.76 8.01 7.20 6.35 6.01 6.05 6.21 6.49 6.84 7.23 7.85 8.33 8.79 9.41 10.58 12.08 13.68
10.43 9.78 9.03 8.62 8.10 7.83 7.61 7.32 7.01 6.76 6.72 6.81 6.98 7.86 8.45 8.53 8.68 8.73 8.45 8.32 8.12 8.03 8.19 8.77 9.80 10.93 11.87 12.79 13.37 13.43 12.89 11.93 11.05 10.64 10.97 11.92 12.65 13.07 13.23 13.37 13.69 13.86 14.11 14.12 13.82 13.16 11.90 10.60 9.62 8.79 8.55 8.76 8.87 8.99 9.58 9.94 10.15 10.36 10.03 9.43 8.66 7.83 7.14 6.95 6.80 6.49 5.83 5.41 5.44 5.56 5.82 6.30 6.84 7.36 7.79 8.15 8.47 9.14 10.11 10.88
9.91 9.19 8.36 7.95 7.74 7.60 7.60 7.71 7.85 8.02 8.22 8.38 8.28 8.11 8.80 8.52 8.46 8.51 7.96 7.23 6.95 7.07 7.51 8.21 9.29 10.26 11.10 11.96 12.75 13.34 13.47 13.02 12.50 12.55 13.11 13.87 14.45 14.72 14.37 13.74 13.44 12.79 12.43 12.76 12.97 13.11 12.69 12.23 11.63 10.99 10.22 9.82 9.59 9.28 9.55 9.80 9.98 10.06 9.62 8.87 7.95 6.75 5.37 4.85 4.81 4.90 5.10 5.21 5.23 5.16 5.17 5.75 6.57 7.07 7.40 7.68 7.87 8.17 8.75 9.28
9.82 9.35 8.83 8.62 8.61 8.64 8.64 8.75 8.99 9.31 9.60 9.64 9.33 8.98 8.77 8.70 8.76 8.68 8.27 7.76 7.68 7.97 8.42 8.84 9.21 9.63 10.01 10.60 11.59 12.56 13.50 13.67 13.84 14.22 14.69 15.03 15.17 14.90 14.31 13.55 12.81 11.94 11.20 11.04 11.74 12.20 12.44 12.44 12.55 12.56 12.20 11.15 10.17 9.45 9.24 9.22 9.06 8.85 8.64 8.44 7.97 6.93 5.50 4.81 4.79 5.04 5.34 5.43 5.28 5.09 5.04 5.40 6.10 6.61 6.84 7.02 7.38 7.86 8.29 8.66
10.07 9.90 9.72 9.67 9.63 9.56 9.46 9.52 9.85 10.24 10.40 10.20 9.68 9.48 9.51 9.56 9.55 9.52 9.43 9.38 9.49 9.72 9.95 10.15 10.28 10.23 10.14 10.30 10.98 11.83 13.12 13.87 14.69 15.33 15.36 14.81 14.04 13.24 12.52 12.08 11.69 11.05 10.19 9.87 10.26 10.83 11.14 10.98 11.19 11.52 11.64 11.09 10.21 9.33 9.02 8.98 8.73 8.36 8.27 8.74 8.83 8.30 7.32 6.80 6.80 6.67 6.25 5.80 5.69 5.67 5.47 5.32 5.43 5.55 5.50 5.65 6.45 7.39 7.83 8.12
10.14 10.08 10.08 10.10 10.11 10.14 10.26 10.53 10.86 11.06 10.95 10.57 10.01 10.02 9.92 10.04 10.18 10.31 10.49 10.72 11.06 11.36 11.48 11.47 11.40 11.14 10.97 10.99 11.29 11.71 12.72 13.63 14.48 14.98 14.78 13.93 12.68 11.53 10.70 10.50 10.62 10.33 9.54 8.90 9.09 9.69 9.89 9.30 8.60 8.14 8.29 8.88 9.16 9.05 9.09 9.44 9.59 9.58 9.75 10.14 10.30 10.06 9.51 9.09 8.42 7.63 7.15 7.00 6.93 6.41 5.63 4.95 4.72 4.63 4.37 4.56 5.42 6.52 6.94 7.19
10.17 10.21 10.38 10.56 10.88 11.34 11.80 12.08 12.09 11.87 11.45 10.94 10.42 10.14 10.08 10.28 10.53 10.78 11.04 11.34 11.68 11.87 11.85 11.66 11.39 11.08 11.00 11.10 11.46 11.90 12.83 13.21 13.45 13.34 13.17 12.90 12.29 11.30 9.99 9.31 9.31 9.43 9.02 8.31 8.16 8.69 8.53 7.79 6.78 6.19 6.26 6.83 7.62 8.29 9.08 9.97 10.53 10.88 11.08 11.12 11.22 11.14 10.54 9.74 8.74 8.27 8.30 8.15 7.37 6.04 5.14 4.79 4.70 4.58 4.47 4.66 5.38 6.18 6.45 6.54
10.51 10.74 11.18 11.56 11.92 12.33 12.68 12.82 12.67 12.27 11.74 11.25 10.90 10.68 10.83 11.03 11.16 11.29 11.44 11.49 11.38 11.14 10.93 10.81 10.80 10.72 10.68 10.87 11.50 12.20 12.94 12.65 12.06 11.58 11.39 11.65 11.70 11.29 9.96 8.75 8.13 8.27 8.20 7.62 7.50 7.85 7.83 7.58 7.39 7.31 7.10 6.80 6.85 7.61 8.92 10.11 10.56 10.73 10.80 10.99 11.14 11.28 10.82 10.11 9.62 9.46 9.01 7.99 6.64 5.75 5.53 5.73 5.83 5.73 5.62 5.80 6.31 6.72 6.92 6.74
10.77 11.10 11.68 12.06 12.18 12.18 12.11 12.06 11.99 11.78 11.48 11.15 11.14 11.38 11.74 11.91 11.90 11.79 11.60 11.30 10.84 10.36 10.06 10.07 10.32 10.50 10.65 11.02 11.73 12.29 12.43 11.73 10.86 10.36 10.08 10.02 10.23 10.50 10.04 8.85 7.68 7.39 7.55 7.60 7.80 8.10 8.38 8.40 8.37 7.97 7.30 6.83 7.07 8.10 9.38 10.06 10.23 10.30 10.46 10.83 11.00 11.24 11.15 10.79 10.30 9.61 8.22 7.26 6.93 7.08 7.44 7.61 7.59 7.50 7.50 7.61 7.74 7.72 7.62 7.61
10.65 10.82 11.24 11.56 11.52 11.28 10.95 10.68 10.56 10.61 10.59 10.49 10.79 11.02 11.43 11.68 11.76 11.60 11.25 10.86 10.46 10.07 9.79 9.74 9.91 10.16 10.47 11.02 11.67 11.85 11.42 10.60 10.12 9.65 9.16 8.82 8.84 9.35 9.74 9.39 8.18 7.64 7.82 8.39 8.72 9.01 9.04 8.45 7.61 6.72 6.44 6.83 8.20 9.89 10.74 10.72 10.64 10.68 10.83 11.07 11.17 11.41 11.26 10.82 10.09 9.03 8.22 8.23 8.89 9.59 10.00 10.05 9.97 9.84 9.70 9.64 9.56 9.33 9.15 9.11
10.47 10.48 10.44 10.60 10.65 10.43 10.06 9.69 9.51 9.53 9.62 9.67 9.72 9.98 10.23 10.46 10.73 10.85 10.74 10.48 10.14 9.79 9.54 9.40 9.41 9.59 9.82 10.40 11.13 11.22 10.89 10.40 10.03 9.53 8.72 7.94 7.83 8.27 8.97 9.21 8.58 7.89 7.74 8.06 8.36 8.73 8.83 7.96 7.00 6.65 7.17 8.80 10.85 12.14 12.50 11.89 11.40 11.15 11.18 11.48 11.72 11.96 11.78 11.26 10.96 10.97 11.48 12.26 12.97 13.48 13.60 13.57 13.46 13.30 13.06 12.85 12.63 12.18 11.54 10.70
10.58 10.56 10.17 9.94 10.05 10.13 9.94 9.61 9.38 9.29 9.48 9.64 9.79 9.80 9.92 10.05 10.24 10.41 10.45 10.25 9.84 9.43 9.15 9.01 8.98 9.06 9.19 9.77 10.59 10.70 10.59 10.48 10.30 9.98 9.20 8.00 7.53 7.42 7.77 8.19 7.98 7.31 6.79 6.67 7.06 7.79 8.54 8.40 8.00 8.31 9.93 12.03 13.39 13.83 13.45 12.48 11.75 11.42 11.48 12.01 12.43 12.89 12.94 13.01 13.35 14.14 15.12 16.03 16.71 17.03 17.12 17.09 17.00 16.88 16.63 16.25 15.81 15.27 14.21 12.60
10.71 10.70 10.31 9.87 9.82 10.08 10.29 10.20 9.98 9.98 10.39 10.77 10.99 11.00 10.91 10.81 10.69 10.54 10.35 10.09 9.71 9.26 8.89 8.68 8.67 8.83 9.05 9.65 10.17 10.04 9.67 9.85 9.95 10.11 10.06 9.26 8.32 7.51 7.29 7.64 7.68 7.36 7.09 7.02 7.31 7.98 9.16 9.86 10.30 11.44 13.20 14.28 14.57 13.96 13.18 12.23 11.67 11.48 11.35 11.55 11.97 12.71 13.25 13.61 14.27 14.99 15.61 16.24 16.65 16.89 17.08 17.23 17.29 17.26 17.04 16.68 16.31 15.96 15.34 14.39
10.67 10.53 10.19 10.03 9.89 9.97 10.29 10.54 10.55 10.66 11.28 11.95 12.19 12.13 11.90 11.48 11.00 10.57 10.27 10.05 9.78 9.37 8.88 8.50 8.46 8.77 9.13 9.56 9.59 8.95 8.59 8.71 8.89 9.55 10.14 10.23 9.40 8.59 8.36 8.62 8.92 9.16 9.36 9.36 9.46 10.05 11.44 12.91 14.29 15.23 15.52 15.24 14.35 13.10 12.33 11.55 11.06 10.69 10.29 10.04 10.30 10.88 11.96 12.52 12.93 12.98 12.68 12.51 12.33 12.50 12.88 13.44 13.69 13.76 13.62 13.49 13.60 13.57 13.54 13.65
10.43 9.96 9.47 9.47 9.51 9.62 9.94 10.37 10.66 10.80 11.32 12.02 12.26 12.22 11.89 11.28 10.59 10.12 9.92 9.79 9.58 9.26 8.85 8.46 8.38 8.67 9.01 9.23 8.88 7.97 7.70 7.83 7.98 8.44 9.41 9.92 9.89 9.77 9.89 10.40 10.87 11.18 11.34 11.55 11.99 12.87 14.12 15.33 16.20 16.39 15.96 14.88 13.67 12.40 11.64 10.94 10.34 9.72 9.37 9.15 9.31 9.73 10.27 10.79 10.79 9.90 8.87 7.85 7.45 7.53 7.94 8.55 8.95 8.99 9.10 9.14 9.54 9.77 9.89 10.32
10.10 9.46 8.74 8.54 8.66 9.01 9.50 10.03 10.52 10.70 11.33 11.14 11.12 11.03 10.73 10.24 9.70 9.31 9.14 9.10 8.99 8.83 8.74 8.70 8.68 8.73 8.89 8.98 8.60 7.95 7.72 7.78 7.85 8.01 8.44 9.14 9.74 9.95 10.26 10.88 11.52 11.77 12.02 12.48 13.32 14.23 14.95 15.35 15.34 15.05 14.57 13.91 13.02 12.11 11.40 10.77 10.22 9.74 9.68 9.65 9.81 9.93 9.89 9.94 9.45 8.38 7.31 6.63 6.45 6.36 6.09 5.76 5.72 5.83 5.96 6.15 6.61 7.05 7.16 7.04
9.93 9.41 8.75 8.46 8.38 8.43 8.68 9.24 9.79 10.04 9.89 9.91 9.25 9.06 8.83 8.71 8.52 8.21 8.08 8.31 8.66 8.84 8.98 9.13 9.08 9.01 9.04 9.13 9.11 9.00 8.78 8.46 8.17 7.90 7.79 8.36 9.03 9.27 9.46 9.88 10.54 11.05 11.52 12.30 13.33 13.94 13.97 13.36 12.42 12.24 12.55 12.82 12.60 12.11 11.51 10.97 10.51 10.28 10.42 10.38 10.30 10.18 9.78 9.65 9.29 8.56 8.09 7.80 7.46 6.86 5.86 4.66 4.00 3.78 3.82 4.02 4.47 4.91 5.03 4.66
10.11 9.84 9.57 9.37 9.06 8.52 7.97 7.97 8.45 8.81 8.77 8.96 7.74 7.47 7.36 7.72 7.36 7.25 7.30 7.87 8.71 9.38 9.69 9.65 9.56 9.48 9.48 9.61 9.70 9.78 9.41 8.79 8.19 7.65 7.44 7.83 8.44 8.81 8.85 9.00 9.42 10.07 10.78 11.85 12.75 12.86 12.17 11.11 10.60 10.62 11.05 11.67 11.94 11.88 11.34 10.92 10.55 10.37 10.41 10.11 9.67 9.26 9.01 9.14 9.39 9.28 9.12 8.81 7.80 6.60 5.30 4.34 3.71 3.24 2.95 2.82 2.81 2.93 3.04 3.14
10.56 10.72 10.92 10.78 10.31 9.54 8.44 7.94 8.01 8.34 8.40 8.77 8.30 7.48 7.43 7.32 7.34 7.43 7.67 8.30 9.20 10.10 10.47 10.51 10.47 10.46 10.37 10.28 10.18 10.11 9.60 9.17 8.83 8.39 8.05 8.33 9.04 9.52 9.51 9.47 9.64 10.07 10.69 11.69 12.04 11.52 10.31 9.56 9.20 9.24 9.67 10.39 11.01 11.06 10.65 10.31 9.99 9.68 9.37 8.73 8.14 7.82 8.05 8.62 9.47 9.75 9.47 8.75 7.47 6.38 5.65 5.40 5.20 4.54 3.62 2.85 2.38 2.32 2.83 3.42
10.93 11.34 11.76 11.76 11.44 10.86 10.04 9.40 9.05 9.00 9.98 8.77 8.71 8.88 9.06 9.13 9.20 9.38 9.48 9.75 10.32 11.03 11.48 11.74 11.89 11.91 11.58 11.18 11.03 11.16 11.17 11.03 10.84 10.43 9.82 9.83 10.46 10.93 11.09 11.07 11.03 10.89 11.08 11.52 11.26 10.06 8.95 8.10 7.79 7.92 8.37 9.17 10.00 10.10 9.90 9.62 9.22 8.67 8.06 7.62 7.50 7.73 8.42 9.08 9.71 9.68 9.09 8.24 7.35 7.13 7.34 7.43 6.80 5.77 4.75 4.16 4.03 4.18 4.67 5.76
10.97 11.13 11.36 11.60 11.82 11.83 11.41 10.78 10.11 9.62 9.41 9.51 9.93 10.49 11.08 11.41 11.69 11.94 12.08 12.08 12.22 12.32 12.54 12.85 13.08 12.92 12.54 12.09 11.99 12.07 12.21 12.06 11.84 11.49 10.91 10.64 10.90 11.33 11.76 12.03 12.02 11.70 11.41 11.02 9.94 8.57 7.52 6.86 6.61 6.63 7.07 7.84 8.72 9.27 9.41 9.27 8.97 8.55 8.29 8.47 8.82 9.43 10.17 10.61 10.62 10.06 9.23 8.73 8.56 8.82 9.08 8.72 7.62 6.42 5.81 5.78 6.06 6.59 7.62 9.14
10.82 10.54 10.42 10.70 11.25 11.76 11.83 11.30 10.47 9.70 10.83 9.48 10.18 11.08 11.87 12.42 12.81 13.13 13.42 13.49 13.32 13.07 13.04 13.20 13.23 13.05 12.82 12.53 12.39 12.11 11.42 10.78 10.46 10.46 10.47 10.54 10.67 11.01 11.42 11.92 12.20 11.95 11.33 10.26 8.56 7.03 6.11 5.71 5.50 5.56 5.76 6.33 7.47 8.59 9.23 9.44 9.47 9.45 9.60 9.77 10.17 10.91 11.68 12.24 12.17 11.88 10.90 10.42 10.56 10.65 10.04 9.04 8.09 7.70 7.82 8.24 8.96 9.92 11.17 12.30
10.73 10.32 9.88 9.83 10.01 10.36 10.74 10.74 10.25 9.52 8.92 8.81 9.22 9.97 10.69 11.18 11.51 11.67 11.75 11.87 12.00 12.06 12.09 12.03 11.85 11.82 11.88 12.00 12.06 11.96 11.32 10.23 9.52 9.43 10.00 10.64 11.12 11.32 11.43 11.56 11.65 11.21 10.49 9.43 7.94 6.39 5.43 5.12 5.18 5.35 5.46 5.84 6.91 8.32 9.38 10.06 10.48 10.72 10.78 10.64 10.88 11.84 12.79 13.35 13.53 13.78 13.43 12.51 12.13 11.93 11.03 10.15 9.94 10.61 11.43 12.24 13.11 13.87 14.30 14.07
10.52 9.96 9.32 9.13 8.80 8.67 8.98 9.40 9.41 8.85 8.08 7.52 7.32 7.48 7.85 8.14 8.32 8.19 7.71 7.56 8.34 9.22 9.44 9.16 8.85 9.31 10.12 10.64 11.05 11.61 11.94 11.80 11.28 10.81 10.73 11.08 11.40 11.44 11.21 10.87 10.55 10.19 9.70 9.29 8.50 7.36 6.53 6.45 6.65 6.83 6.97 7.30 7.92 8.83 9.64 10.36 11.04 11.66 11.94 12.18 12.69 13.47 13.72 13.62 13.75 14.31 14.50 14.23 13.90 13.74 13.51 13.41 13.91 14.65 15.18 15.60 15.91 15.95 15.47 14.26
10.02 9.27 8.52 8.41 8.23 8.02 7.98 8.27 8.50 8.08 7.19 6.22 5.40 4.89 4.76 4.93 5.17 5.12 4.88 4.73 5.11 5.84 6.18 6.15 6.49 7.42 8.80 9.49 9.89 10.26 11.09 11.91 12.28 12.23 11.63 11.13 10.72 10.51 10.10 9.66 9.43 9.67 9.86 10.18 10.21 10.17 9.78 9.59 9.54 9.54 9.61 9.61 9.55 9.64 9.78 10.11 10.70 11.54 12.46 13.40 14.16 14.18 13.55 12.64 12.15 12.74 13.79 14.27 14.78 15.23 15.63 15.99 16.38 16.51 16.39 16.15 15.84 15.30 14.38 13.32
9.78 9.21 8.48 8.19 8.12 8.09 7.98 8.00 8.14 7.92 7.15 6.05 4.93 4.04 3.51 3.35 3.78 4.37 4.98 5.02 4.66 4.36 4.32 4.78 5.76 7.11 8.56 9.07 9.10 8.86 9.20 10.03 11.00 11.59 11.29 10.34 9.37 8.81 8.71 8.65 8.82 9.58 10.41 11.21 11.71 12.23 12.36 12.04 11.71 11.48 10.97 10.46 10.14 10.06 10.03 10.17 10.64 11.52 12.54 13.30 13.50 12.94 11.91 10.81 10.44 10.92 12.01 13.03 13.86 14.66 15.11 15.26 15.25 15.01 14.59 14.01 13.28 12.42 11.94 11.57
10.07 9.83 9.40 8.97 8.70 8.61 8.50 8.44 8.44 8.35 7.97 7.25 6.42 5.47 4.60 4.06 3.93 5.27 6.57 7.06 6.56 5.60 5.04 5.25 6.27 7.81 8.97 9.16 8.79 8.17 7.92 8.09 8.86 9.59 9.89 9.58 8.90 8.36 8.33 8.79 9.40 10.33 10.92 11.41 11.79 12.29 12.51 12.54 12.37 11.87 10.82 10.12 9.98 10.18 10.33 10.51 10.95 11.79 12.38 12.33 11.64 10.61 9.83 9.44 9.57 10.06 10.63 11.30 11.99 12.56 12.78 12.60 12.08 11.70 11.54 11.18 10.40 9.48 9.03 9.15
10.27 10.23 10.15 9.92 9.61 9.31 9.16 9.27 9.36 9.48 9.51 9.34 8.93 8.09 7.05 6.16 5.84 6.34 7.39 8.46 8.64 8.12 7.40 7.22 7.82 8.94 9.70 9.82 9.49 8.65 7.96 7.45 7.39 7.89 8.82 9.64 10.01 10.17 10.28 10.50 10.92 11.31 11.19 11.01 10.99 11.22 11.49 11.78 11.89 11.71 10.95 10.34 10.18 10.31 10.47 10.63 11.00 11.59 11.78 11.11 10.15 9.34 8.92 8.85 8.94 9.18 9.38 9.74 10.27 10.60 10.71 10.53 9.93 9.23 8.84 8.90 8.45 7.46 6.52 6.43
10.29 10.29 10.31 10.16 9.96 9.76 9.83 10.16 10.62 11.12 11.49 11.58 11.11 10.26 9.19 8.15 7.38 7.19 7.65 8.90 9.85 10.27 10.17 9.81 9.76 10.36 10.85 10.96 10.86 10.19 9.47 8.71 8.14 8.31 9.20 10.33 11.28 11.96 12.15 12.00 11.76 11.50 10.94 10.48 10.30 10.26 10.38 10.50 10.72 10.96 10.96 10.68 10.43 10.46 10.61 10.86 11.25 11.53 11.10 10.10 9.21 8.73 8.53 8.37 8.34 8.59 8.83 9.02 9.12 9.25 9.19 9.11 8.88 8.09 7.11 6.81 6.80 6.17 5.02 4.35
10.36 10.35 10.35 10.08 9.82 9.76 10.02 10.50 11.22 12.01 12.65 12.86 12.69 12.16 11.32 10.23 9.08 8.32 8.30 9.15 10.23 11.28 11.52 11.42 11.47 11.95 12.04 11.78 11.60 11.41 11.19 10.80 10.30 10.13 10.38 10.85 11.29 11.63 11.75 11.54 11.21 10.90 10.45 9.99 9.67 9.26 9.12 9.03 9.05 9.39 9.94 10.18 10.21 10.38 10.73 11.16 11.35 10.98 9.91 8.81 8.31 8.19 8.16 8.29 8.50 8.79 8.75 8.39 7.98 7.86 7.79 7.68 7.79 7.50 6.50 5.63 5.43 5.26 4.31 3.44
10.38 10.32 10.21 9.92 9.59 9.48 9.56 9.75 10.18 10.84 11.63 12.34 12.94 13.22 13.09 12.47 11.31 10.01 9.40 9.57 10.09 11.13 11.81 12.21 12.58 12.80 12.44 11.65 11.14 11.24 11.61 11.85 11.76 11.30 10.90 10.66 10.46 10.29 10.29 10.49 10.59 10.51 10.20 9.71 9.18 8.64 8.33 8.05 7.85 7.85 8.23 8.77 9.30 9.76 10.37 10.65 10.33 9.40 8.15 7.54 7.48 7.61 7.94 8.44 8.66 8.52 8.02 7.21 6.38 5.95 5.95 5.70 5.60 5.97 5.86 5.17 4.70 4.60 4.23 3.74
10.25 10.07 9.78 9.66 9.48 9.33 9.12 8.76 8.37 8.24 8.66 9.87 11.41 12.71 13.55 13.73 13.18 12.04 10.82 10.29 10.33 11.02 11.73 12.47 12.88 12.69 11.92 11.00 10.15 10.00 10.39 10.94 11.26 11.05 10.68 10.32 10.02 9.96 10.26 10.63 10.67 10.49 10.18 9.89 9.51 9.04 8.61 7.95 7.23 6.78 6.86 7.56 8.52 9.34 9.65 9.35 8.41 7.30 6.65 6.51 6.50 6.54 7.02 7.54 7.52 7.29 7.01 6.41 5.41 4.51 4.17 4.04 3.99 4.26 4.71 4.80 4.72 4.46 4.87 4.92
10.12 9.84 9.50 9.54 9.55 9.46 9.22 8.76 7.95 7.02 6.55 7.04 8.61 10.59 12.29 13.33 13.70 13.36 12.44 11.56 11.33 11.54 11.96 12.58 12.82 12.41 11.57 10.48 9.42 8.73 8.50 8.71 9.35 9.89 10.18 10.25 10.24 10.34 10.67 10.88 10.73 10.43 10.27 10.23 10.02 9.37 8.55 7.47 6.88 6.90 7.40 8.27 9.07 9.34 9.23 8.25 7.03 6.23 5.97 5.84 5.64 5.46 5.49 5.76 6.13 6.61 7.24 7.28 6.57 5.67 5.22 4.98 4.70 4.50 4.65 5.00 5.37 5.78 6.18 6.57
10.14 9.86 9.59 9.63 9.73 9.74 9.63 9.50 9.09 8.21 7.10 6.54 7.05 8.40 10.18 11.77 12.89 13.57 13.52 13.08 12.85 12.91 13.11 13.27 13.07 12.57 11.81 10.76 9.60 8.76 8.25 8.16 8.39 8.88 9.46 9.96 10.19 10.25 10.38 10.56 10.34 10.04 9.90 9.92 9.76 8.92 8.16 7.82 8.27 9.16 9.93 10.31 10.31 9.92 9.45 8.52 8.00 7.67 7.38 6.99 6.62 6.30 6.12 6.30 7.22 8.33 9.35 9.70 9.37 8.75 8.14 7.52 6.64 6.04 5.85 6.03 6.49 7.10 7.69 8.41
