project/data/elevation/US_DEM2016/US_DEM2016_point_10-31-2019_0046_30m_vel.asc
ncols	125
nrows	167
xllcorner	-2042055.000000
yllcorner	1465035.000000
cellsize	30.000000
NODATA_value	-9999.000000
[rows 74 to 110 of 167, columns 0 to 82 of 125]
8.61 8.23 7.82 7.85 8.05 8.18 8.28 8.72 9.68 10.77 11.57 11.94 11.92 11.62 11.22 11.18 11.77 12.68 13.24 13.41 13.46 13.16 12.25 11.12 10.27 9.99 10.11 10.31 10.31 10.10 9.80 9.56 9.24 8.99 8.70 8.53 8.50 8.31 8.03 7.96 8.15 8.30 8.33 8.48 8.68 8.72 8.73 8.66 8.26 7.85 7.66 7.80 8.17 8.39 8.30 8.27 8.39 8.66 9.05 9.50 10.00 10.44 10.41 9.84 8.68 7.36 6.54 6.52 6.53 6.14 5.68 5.57 5.81 6.31 7.14 8.13 9.32 10.98 13.04 14.56 15.28 15.40 14.98
8.66 8.36 8.08 8.18 8.35 8.47 8.68 9.37 10.60 11.44 11.77 11.82 11.89 12.05 12.21 12.55 13.11 13.48 13.28 12.81 12.45 12.00 11.20 10.30 9.68 9.43 9.39 9.59 9.80 9.81 9.58 9.18 8.46 7.94 7.79 7.96 8.13 8.09 7.95 7.87 7.82 7.88 8.04 8.22 8.22 7.85 7.43 6.92 6.68 6.54 6.52 6.76 7.20 7.56 7.73 7.92 8.15 8.28 8.42 8.71 9.16 9.36 8.84 7.58 6.22 5.40 5.27 5.70 6.24 6.45 6.38 6.49 6.95 7.77 8.90 10.11 11.50 13.13 14.19 14.32 13.24 11.62 10.44
8.75 8.54 8.42 8.57 8.77 9.13 9.86 10.65 10.97 10.68 10.16 9.90 10.28 11.19 12.07 12.88 13.36 13.24 12.52 11.70 11.16 10.71 10.23 9.77 9.46 9.26 9.02 9.03 9.27 9.53 9.58 9.30 8.59 8.05 8.02 8.19 8.23 7.96 7.53 7.18 7.07 7.34 7.80 7.91 7.79 7.57 7.44 7.19 6.98 6.97 6.98 6.94 6.87 7.04 7.46 7.89 8.16 8.19 8.25 8.41 8.47 8.00 6.93 5.93 5.43 5.38 5.76 6.19 6.79 7.50 8.03 8.56 9.54 10.78 11.98 13.22 14.41 15.00 14.55 13.19 11.09 8.48 7.19
8.81 8.57 8.51 8.68 8.96 9.64 10.19 10.22 9.58 8.61 8.07 8.37 9.35 10.66 11.81 12.57 12.72 12.25 11.42 10.65 10.11 9.77 9.52 9.36 9.24 9.12 8.89 8.85 8.98 9.34 9.71 9.85 9.60 9.40 9.27 9.05 8.60 7.96 7.42 7.23 7.41 7.69 7.79 7.53 7.28 7.14 7.12 6.97 6.74 6.63 6.56 6.52 6.53 6.90 7.49 8.02 8.36 8.51 8.60 8.55 8.04 7.03 6.22 6.08 6.45 7.01 7.39 7.78 8.54 9.77 10.68 11.68 12.99 14.17 15.02 15.67 15.86 15.31 13.98 12.56 11.08 9.11 7.65
8.70 8.22 8.04 8.27 8.51 8.95 8.97 8.51 8.04 7.77 8.06 8.80 9.96 11.28 12.18 12.49 12.18 11.49 10.73 10.05 9.51 9.15 8.94 8.82 8.71 8.59 8.45 8.53 8.65 8.87 9.34 9.84 10.06 10.01 9.77 9.33 8.69 7.99 7.63 7.53 7.45 7.23 6.93 6.62 6.38 6.14 5.81 5.49 5.39 5.41 5.55 5.89 6.51 7.24 7.87 8.31 8.65 8.76 8.62 8.15 7.37 6.60 6.48 7.04 8.00 8.73 9.36 10.29 11.53 12.30 12.96 13.80 14.74 15.41 15.49 15.31 14.67 13.38 12.34 11.89 11.67 10.99 9.86
8.42 7.75 7.47 7.79 7.94 8.04 8.06 8.14 8.45 8.97 9.60 10.43 11.54 12.47 12.78 12.46 11.74 10.93 10.22 9.62 9.07 8.65 8.39 8.24 8.06 7.85 7.70 7.78 7.74 7.80 8.03 8.73 9.26 9.40 9.25 8.91 8.44 7.85 7.46 7.05 6.59 6.16 5.95 6.00 5.92 5.66 5.28 5.14 5.40 5.88 6.47 7.19 7.95 8.40 8.53 8.49 8.34 7.96 7.33 6.61 6.17 6.25 6.81 7.89 9.14 10.32 11.61 12.70 13.11 13.26 13.36 13.63 14.04 13.97 13.53 12.86 11.93 10.99 10.53 10.71 11.22 11.50 11.22
8.07 7.54 7.44 7.95 8.22 8.32 8.52 8.98 9.67 10.27 11.00 11.94 12.86 13.09 12.69 11.82 10.83 10.02 9.40 8.89 8.43 8.10 7.86 7.65 7.45 7.26 6.99 6.67 6.24 6.16 6.21 6.77 7.56 8.16 8.38 8.35 8.28 7.93 7.63 7.21 6.87 6.73 6.77 6.94 6.88 6.71 6.51 6.60 7.02 7.68 8.35 8.84 9.06 9.02 8.65 8.32 7.83 7.24 6.70 6.34 6.35 6.81 7.66 8.96 10.36 11.81 12.84 12.98 12.57 12.21 12.07 11.99 11.78 11.22 10.74 10.44 10.16 9.84 9.52 9.35 9.73 10.53 11.01
7.91 7.70 7.86 8.47 8.87 9.07 9.29 9.74 10.39 11.11 11.96 12.75 13.03 12.59 11.64 10.57 9.62 8.76 8.18 7.73 7.44 7.35 7.32 7.17 7.07 6.93 6.53 5.70 5.01 4.72 4.64 4.93 5.65 6.61 7.34 7.89 8.12 8.41 8.50 8.51 8.60 8.75 8.90 8.81 8.63 8.48 8.38 8.53 8.87 9.00 8.97 8.82 8.67 8.50 8.41 8.34 8.27 8.39 8.49 8.47 8.52 8.80 9.44 10.51 11.62 12.37 12.22 11.25 10.65 10.68 10.78 10.65 10.31 9.73 9.46 9.38 9.44 9.53 9.36 8.91 8.78 9.13 9.89
8.22 8.22 8.31 8.50 8.80 9.19 9.63 10.19 10.89 11.65 12.35 12.62 12.20 11.25 10.19 9.35 8.62 7.89 7.25 6.84 6.67 6.58 6.48 6.57 6.71 6.73 6.49 5.81 4.77 4.33 4.28 4.59 5.05 5.55 6.38 7.39 7.94 8.53 8.92 9.35 9.76 10.04 10.07 9.81 9.56 9.48 9.49 9.52 9.53 9.16 8.69 8.55 8.70 8.81 8.75 8.73 8.96 9.32 9.62 9.84 10.07 10.40 10.92 11.54 12.07 11.83 10.77 9.91 9.79 10.13 10.25 9.98 9.53 9.11 9.00 8.95 9.01 9.22 9.24 9.03 8.66 8.47 8.64
8.59 8.68 8.63 8.44 8.59 9.13 9.78 10.51 11.23 11.81 12.08 11.80 11.00 10.03 9.20 8.54 7.94 7.37 6.83 6.41 6.10 5.84 5.69 5.85 6.26 6.58 6.81 6.78 6.19 5.76 5.81 6.07 6.05 6.00 6.42 7.21 7.65 8.22 8.82 9.46 9.83 9.84 9.66 9.39 9.29 9.43 9.59 9.63 9.56 9.36 9.37 9.55 9.61 9.46 9.11 9.00 9.17 9.20 9.46 9.91 10.46 10.92 11.33 11.56 11.46 10.77 9.98 9.88 10.09 10.15 9.92 9.34 8.62 8.11 7.86 7.95 8.11 8.28 8.46 8.57 8.42 8.07 7.72
8.60 8.69 8.75 8.75 8.97 9.47 10.09 10.77 11.30 11.53 11.37 10.76 9.92 9.12 8.47 7.88 7.29 6.81 6.40 5.97 5.55 5.26 5.26 5.59 6.23 6.92 7.60 8.24 8.71 8.85 8.76 8.38 7.86 7.43 7.22 7.48 8.01 8.66 9.31 9.57 9.30 8.88 8.72 8.85 9.01 9.30 9.65 9.99 10.33 10.59 10.54 10.33 9.92 9.52 9.17 9.12 9.19 9.37 9.77 10.17 10.59 10.87 11.01 10.92 10.54 9.98 9.74 10.01 10.07 9.82 9.30 8.57 7.64 6.83 6.26 6.25 6.46 6.69 7.01 7.33 7.54 7.47 7.08
8.51 8.58 8.81 9.14 9.57 10.03 10.44 10.78 11.01 10.97 10.58 9.87 9.10 8.42 7.82 7.22 6.57 6.00 5.59 5.31 5.19 5.34 5.77 6.42 7.22 7.93 8.64 9.37 10.13 10.58 10.57 10.07 9.34 8.73 8.45 8.49 9.06 9.70 9.67 9.13 8.45 8.23 8.52 8.90 9.10 9.46 10.08 10.63 11.11 11.38 11.19 10.62 10.05 9.66 9.28 9.24 9.47 9.75 9.96 10.04 10.09 10.10 10.12 10.13 9.83 9.52 9.37 9.47 9.32 9.04 8.72 8.28 7.61 6.75 5.81 5.46 5.24 5.06 5.14 5.45 5.97 6.43 6.44
8.59 8.73 9.07 9.50 9.96 10.22 10.27 10.27 10.40 10.35 9.92 9.25 8.52 7.84 7.20 6.51 5.77 5.18 5.08 5.04 5.38 6.00 6.77 7.53 8.27 8.85 9.25 9.57 9.96 10.30 10.44 10.42 10.11 9.58 9.23 9.19 9.45 9.49 8.83 8.09 7.82 7.98 8.22 8.42 8.66 9.24 9.94 10.32 10.61 10.88 10.97 10.78 10.47 10.09 9.59 9.39 9.78 9.32 9.31 9.17 9.03 8.98 9.20 9.47 9.42 9.17 8.90 8.71 8.52 8.46 8.47 8.57 8.63 8.37 7.39 6.32 5.46 4.82 4.39 4.84 4.59 4.99 5.31
8.72 8.88 9.16 9.45 9.61 9.55 9.49 9.66 9.97 10.01 9.51 8.80 8.05 7.27 6.43 5.66 5.25 5.26 5.59 5.92 6.25 6.69 7.28 8.00 8.66 9.06 9.15 9.09 9.06 9.08 9.37 9.87 10.24 10.26 9.99 9.51 9.68 8.27 7.68 7.53 7.53 7.48 7.33 7.41 7.96 8.68 9.11 9.02 8.95 9.13 9.32 9.57 9.76 9.81 9.68 9.43 9.12 8.76 8.60 8.59 8.58 8.74 9.08 9.30 9.25 9.00 8.74 8.51 8.29 8.36 8.64 9.01 9.41 9.78 9.83 8.99 7.96 6.98 6.23 5.70 5.24 4.96 5.00
8.74 8.83 8.95 8.99 8.90 8.87 9.18 9.81 10.16 9.91 9.16 8.30 7.46 6.56 5.77 6.44 5.80 6.58 7.06 7.27 7.33 7.44 7.78 8.24 8.56 8.64 8.50 8.38 8.45 8.54 8.78 9.23 9.82 10.23 10.30 9.75 8.68 7.84 7.40 7.43 7.34 7.18 7.15 7.38 7.85 8.22 8.17 7.53 6.93 6.65 6.75 6.99 7.41 8.00 8.44 8.71 8.74 8.70 8.75 8.88 9.05 9.21 9.25 9.18 9.07 8.89 8.69 8.54 8.42 8.57 8.94 9.16 9.44 10.02 10.69 10.94 10.71 10.22 9.62 8.87 7.95 7.23 7.17
8.73 8.78 8.84 8.87 8.89 9.21 9.85 10.31 10.19 9.48 8.46 7.39 6.41 5.60 5.36 5.71 6.46 7.12 7.51 7.80 7.98 8.14 8.30 8.30 8.04 7.70 7.52 7.68 8.12 8.53 8.74 8.84 8.98 9.36 9.70 9.67 8.90 8.20 7.71 7.62 7.63 7.77 7.87 7.94 8.01 8.00 7.62 6.69 5.74 5.37 5.31 5.41 5.73 6.45 7.35 8.10 8.56 8.85 9.06 9.27 9.39 9.22 8.91 8.72 8.70 8.62 8.46 8.46 8.51 8.67 8.87 8.92 8.94 9.22 9.81 10.55 11.04 11.26 11.28 11.08 10.69 10.28 9.91
8.73 8.77 8.91 9.11 9.41 9.93 10.35 10.23 9.50 8.39 7.17 5.90 4.85 4.40 5.86 4.95 5.40 5.88 6.58 7.24 7.83 8.19 8.18 7.73 7.11 6.76 6.84 7.20 7.53 7.76 7.94 8.00 8.04 8.30 8.87 9.32 9.06 8.56 8.16 8.18 8.31 8.45 8.48 8.51 8.50 8.41 8.09 7.45 6.75 6.31 6.26 6.57 7.25 8.00 8.55 8.78 8.88 8.98 9.05 9.07 8.94 8.56 8.28 8.26 8.34 8.23 8.01 8.13 8.31 8.36 8.37 8.37 8.13 7.87 8.01 8.50 9.21 9.84 10.41 10.87 11.10 11.15 11.07
8.75 8.81 8.98 9.31 9.78 10.19 10.12 9.41 8.22 6.84 5.61 4.63 4.09 3.92 3.90 3.94 4.14 4.62 5.30 6.11 6.81 7.29 7.27 6.98 6.79 6.81 6.95 7.00 6.80 6.57 6.59 6.77 7.06 7.46 8.09 8.76 8.91 8.57 8.34 8.53 8.68 8.78 8.93 9.30 9.47 9.48 9.32 9.11 9.02 8.94 8.80 9.18 9.75 10.05 9.93 9.41 9.01 8.82 8.62 8.34 8.05 7.80 7.69 7.83 7.95 7.79 7.56 7.73 7.86 7.83 7.77 7.69 7.31 6.85 6.69 6.83 7.19 7.63 8.18 8.83 9.46 9.88 10.05
8.79 8.88 9.11 9.51 9.90 9.90 9.25 8.07 6.72 5.53 4.72 4.39 4.37 4.46 4.49 4.42 4.46 4.67 5.04 5.54 6.05 6.36 6.55 6.85 7.23 7.50 7.62 7.48 7.19 7.02 6.96 7.05 7.29 7.48 7.63 8.06 8.44 8.42 8.45 8.74 8.94 9.17 9.57 10.17 10.38 10.36 10.24 10.20 10.37 10.66 10.85 10.84 10.56 9.98 9.33 8.95 8.75 8.50 8.08 7.59 7.16 6.99 7.08 7.38 7.68 7.71 7.65 7.68 7.60 7.48 7.41 7.32 6.98 6.48 6.09 5.89 6.00 6.10 6.22 6.55 7.07 7.60 7.83
8.84 8.93 9.16 9.46 9.47 8.92 7.82 6.53 5.44 4.77 4.56 4.66 4.92 5.27 5.61 5.88 5.99 6.03 6.23 6.63 7.01 7.23 7.41 7.65 7.82 8.08 8.55 8.94 9.14 9.17 9.07 9.00 8.94 8.69 8.00 7.77 8.12 8.49 8.90 9.29 9.56 9.91 10.36 10.75 10.68 10.46 10.31 10.36 10.61 10.96 11.13 10.96 10.37 9.46 8.82 8.77 8.73 8.40 7.83 7.22 6.78 6.66 6.95 7.50 8.02 8.23 8.20 8.02 7.68 7.49 7.36 7.28 6.98 6.35 5.60 4.94 4.73 4.60 4.48 4.69 5.14 5.62 5.75
8.86 8.89 8.93 8.80 8.24 7.20 5.98 5.01 4.49 4.40 4.64 5.07 5.54 6.06 6.72 7.46 8.05 8.43 8.80 9.18 9.41 9.39 9.14 8.71 8.35 8.52 9.23 9.78 10.02 9.97 9.82 9.62 9.33 8.87 8.11 7.86 8.20 8.85 9.52 9.96 10.24 10.47 10.62 10.61 10.26 9.98 9.94 10.15 10.49 10.75 10.63 10.47 10.40 10.29 9.95 9.46 9.00 8.54 8.12 7.77 7.57 7.54 7.82 8.27 8.60 8.60 8.35 8.10 7.83 7.80 7.80 7.59 7.05 6.08 4.93 4.01 3.68 3.45 3.33 3.54 3.83 4.00 4.17
8.86 8.86 8.65 8.06 7.03 5.89 4.98 4.45 4.38 4.71 5.26 5.93 6.63 7.37 8.20 9.14 9.92 10.61 11.09 11.19 10.89 10.31 9.56 8.93 8.65 8.90 9.33 9.22 8.76 8.42 8.14 7.96 7.86 7.72 7.69 8.04 8.59 9.26 9.91 10.24 10.32 10.24 9.99 9.64 9.45 9.35 9.46 9.70 10.04 10.30 10.20 10.09 10.16 10.29 10.20 9.67 9.07 8.62 8.34 8.22 8.25 8.45 8.69 8.95 8.97 8.68 8.19 8.02 8.14 8.52 8.59 8.13 7.30 6.13 4.83 4.01 3.70 3.44 3.30 3.43 3.58 3.56 3.58
8.88 8.80 8.43 7.79 7.04 6.40 5.94 5.66 5.66 5.99 6.50 7.16 7.98 8.88 9.80 10.58 11.21 11.58 11.53 11.05 10.20 9.26 8.63 8.54 8.87 9.35 9.42 8.76 7.90 7.44 7.28 7.33 7.54 7.58 7.79 8.34 8.96 9.47 9.86 9.98 9.84 9.51 9.03 8.65 8.58 8.67 8.77 8.90 9.01 8.94 8.92 8.98 9.05 9.05 8.95 8.84 8.63 8.35 8.12 7.98 8.11 8.54 8.98 9.28 9.20 8.85 8.48 8.42 8.65 9.01 8.95 8.35 7.64 6.98 6.01 5.27 4.75 4.27 4.17 4.30 4.33 4.23 4.28
8.79 8.60 8.16 7.94 7.69 7.51 7.39 7.41 7.61 7.83 8.07 8.54 9.32 10.28 11.10 11.52 11.54 11.12 10.28 9.18 8.17 7.58 7.63 8.16 8.90 9.69 9.89 9.65 9.33 9.20 9.18 9.17 9.00 8.66 8.49 8.73 9.06 9.35 9.49 9.41 9.03 8.53 8.15 8.01 8.01 8.13 8.29 8.24 7.80 7.15 6.81 6.92 7.21 7.34 7.44 7.71 7.95 8.00 7.97 7.98 8.19 8.66 9.02 9.13 8.90 8.60 8.49 8.57 8.64 8.69 8.56 8.10 7.99 8.09 7.83 7.09 6.33 5.60 5.80 6.08 6.01 5.85 6.10
8.57 8.31 8.01 8.13 8.11 8.27 8.51 8.89 9.32 9.64 9.86 10.17 10.77 11.42 11.67 11.43 10.75 9.70 8.54 7.57 7.03 6.98 7.42 8.12 8.95 9.94 10.36 10.62 10.79 10.83 10.73 10.45 10.03 9.51 9.07 8.98 9.05 9.11 9.04 8.70 8.11 7.66 7.61 7.79 7.99 8.29 8.50 8.29 7.45 6.51 5.98 5.83 5.71 5.91 6.48 7.18 7.77 8.05 8.13 8.23 8.49 8.83 8.87 8.69 8.35 8.11 8.04 8.05 8.01 8.05 7.96 7.90 8.43 9.12 9.50 9.32 8.68 8.09 8.47 8.72 8.58 8.47 8.78
8.47 8.29 8.16 8.33 8.69 9.22 9.83 10.33 10.68 10.91 11.12 11.37 11.60 11.58 11.12 10.27 9.22 8.15 7.30 6.88 7.11 7.68 8.33 8.88 9.57 10.19 10.24 10.11 10.13 10.12 9.99 9.85 9.74 9.60 9.21 8.97 8.89 8.71 8.33 7.86 7.57 7.75 8.06 8.33 8.58 8.93 9.05 8.85 8.33 7.83 7.41 6.97 6.39 6.51 7.09 7.69 8.15 8.44 8.61 8.73 8.83 8.94 8.85 8.65 8.43 8.19 7.95 7.84 7.89 8.05 8.09 8.25 8.89 9.59 10.22 10.64 10.86 10.93 11.13 11.22 11.05 10.81 10.65
8.53 8.45 8.37 8.58 9.10 9.76 10.30 10.67 10.85 10.97 11.11 11.25 11.18 10.67 9.76 8.72 7.72 6.91 6.45 6.56 7.38 8.30 8.96 9.45 9.94 10.06 9.50 8.78 8.39 8.26 8.27 8.53 8.91 9.18 9.04 8.79 8.52 8.11 7.67 7.56 8.01 8.71 9.01 9.09 9.18 9.36 9.34 9.14 8.98 9.12 9.19 9.02 8.66 8.36 8.31 8.26 8.37 8.68 9.06 9.25 9.29 9.34 9.25 9.13 8.94 8.70 8.50 8.56 8.80 8.83 8.72 8.74 8.99 9.27 9.74 10.55 11.37 11.89 12.06 11.94 11.53 11.08 10.49
8.50 8.46 8.36 8.50 8.88 9.29 9.49 9.59 9.66 9.81 10.02 10.10 9.85 9.23 8.35 7.38 6.53 6.15 6.26 6.81 7.64 8.33 8.85 9.22 9.44 9.17 8.34 7.55 6.98 6.70 6.82 7.20 7.69 8.12 8.45 8.52 8.31 8.06 8.07 8.53 9.17 9.46 9.43 9.36 9.37 9.40 9.24 8.88 8.78 8.97 9.22 9.45 9.52 9.26 8.62 8.19 8.29 8.70 9.13 9.44 9.66 9.87 9.85 9.69 9.47 9.25 9.16 9.25 9.34 9.12 8.91 8.86 8.82 8.85 9.15 9.75 10.42 10.87 11.00 10.97 10.72 10.22 9.47
8.45 8.46 8.47 8.53 8.56 8.48 8.34 8.19 8.23 8.50 8.78 8.75 8.31 7.59 6.74 6.06 5.98 6.50 7.45 8.26 8.67 8.89 9.05 9.14 8.98 8.29 7.21 6.37 5.81 5.59 5.67 5.86 6.09 6.56 7.18 7.75 8.20 8.59 9.03 9.38 9.50 9.39 9.20 9.15 9.20 9.17 8.91 8.45 8.10 7.89 7.90 8.22 8.63 8.68 8.30 8.06 8.24 8.68 9.10 9.53 9.96 10.28 10.26 10.06 9.77 9.50 9.28 9.08 8.84 8.48 8.44 8.55 8.62 8.70 8.86 8.98 9.07 9.06 9.18 9.60 9.93 9.92 9.59
8.70 8.88 9.10 8.98 8.64 8.18 7.83 7.59 7.64 7.88 7.91 7.48 6.67 5.77 5.09 5.17 6.17 7.65 8.81 9.43 9.71 9.78 9.70 9.57 9.30 8.72 7.62 6.47 5.77 5.57 5.51 5.51 5.64 5.94 6.47 7.26 8.12 8.73 8.91 8.81 8.64 8.58 8.60 8.70 8.84 8.82 8.53 7.97 7.32 6.83 6.63 6.70 6.96 7.40 7.65 7.86 8.13 8.56 9.01 9.49 9.98 10.31 10.24 10.00 9.73 9.45 9.15 8.79 8.44 8.11 8.08 8.22 8.39 8.42 8.40 8.49 8.32 8.04 7.91 8.25 8.85 9.45 9.94
9.09 9.32 9.47 9.24 8.82 8.33 7.95 7.76 7.65 7.36 6.69 5.72 4.75 4.08 3.97 4.56 5.90 7.45 8.53 9.30 9.76 9.94 9.91 9.91 9.91 9.64 9.07 8.27 7.71 7.59 7.59 7.43 7.44 7.49 7.69 8.07 8.45 8.55 8.33 8.05 7.86 7.86 8.14 8.43 8.65 8.63 8.31 7.75 7.13 6.68 6.36 5.92 5.60 5.76 6.35 7.15 7.89 8.46 8.91 9.37 9.80 9.93 9.80 9.56 9.44 9.38 9.27 9.04 8.76 8.39 8.13 8.12 8.19 8.20 8.32 8.42 8.19 7.85 7.46 7.25 7.37 7.83 8.49
9.08 9.06 8.94 8.75 8.50 8.18 7.89 7.59 7.06 6.16 4.93 4.02 3.63 3.75 4.22 4.98 5.85 6.66 7.41 8.24 8.77 9.09 9.46 9.93 10.15 10.07 10.10 10.28 10.40 10.44 10.37 10.26 10.09 9.73 9.43 9.18 8.87 8.56 8.28 8.03 7.85 7.86 8.24 8.57 8.73 8.63 8.34 8.02 7.72 7.32 6.73 5.84 5.08 5.16 5.93 7.02 8.01 8.63 9.03 9.41 9.58 9.43 9.22 9.20 9.31 9.44 9.49 9.38 9.15 8.72 8.41 8.33 8.31 8.25 8.19 8.08 7.99 7.87 7.57 7.06 6.51 6.18 6.26
8.73 8.40 8.13 8.11 8.01 7.79 7.49 6.86 6.05 5.21 4.62 4.40 4.66 5.40 6.69 7.83 7.93 7.68 7.55 7.62 7.88 8.35 9.21 9.96 10.07 9.98 10.27 10.81 11.26 11.50 11.46 11.30 11.02 10.54 10.01 9.50 9.02 8.67 8.37 8.09 8.05 8.32 8.69 8.81 8.72 8.52 8.34 8.25 8.14 7.68 6.86 6.01 5.87 6.49 7.34 7.99 8.45 8.80 9.14 9.31 9.13 8.87 8.91 9.18 9.40 9.48 9.51 9.52 9.47 9.28 8.97 8.78 8.54 8.13 7.66 7.42 7.56 7.76 7.69 7.30 6.66 6.19 6.07
8.50 8.19 7.88 7.87 7.87 7.80 7.48 6.91 6.33 6.04 6.29 6.90 7.70 8.92 10.29 11.17 11.39 10.75 9.76 9.21 9.13 9.49 10.14 10.29 9.98 9.69 9.68 9.84 10.08 10.40 10.55 10.52 10.43 10.22 9.94 9.57 9.17 8.81 8.40 8.12 8.34 8.85 9.11 8.85 8.49 8.26 8.16 8.19 8.25 8.04 7.58 7.40 7.80 8.48 8.76 8.63 8.50 8.68 8.93 8.91 8.69 8.64 8.86 9.10 9.20 9.15 9.11 9.21 9.42 9.60 9.44 9.11 8.64 8.04 7.52 7.29 7.42 7.66 7.74 7.69 7.67 7.80 7.90
8.55 8.35 8.09 8.06 8.19 8.35 8.42 8.34 8.25 8.44 9.15 10.17 11.32 12.31 12.88 13.02 13.02 12.75 12.33 11.93 11.66 11.54 11.31 10.67 9.96 9.50 9.21 8.96 8.73 8.62 8.68 8.82 8.95 9.10 9.24 9.33 9.27 8.98 8.60 8.45 8.67 8.80 8.62 8.27 8.08 8.14 8.23 8.40 8.73 9.08 9.29 9.42 9.61 9.65 9.21 8.63 8.54 8.75 8.83 8.75 8.66 8.71 8.72 8.66 8.59 8.43 8.32 8.49 8.82 9.17 9.27 9.09 8.70 8.25 7.87 7.66 7.65 7.71 7.80 7.99 8.30 8.65 8.80
8.70 8.64 8.53 8.51 8.66 8.92 9.26 9.64 10.17 10.87 11.74 12.60 13.17 13.29 13.00 12.48 12.07 12.16 12.33 12.30 12.15 11.85 11.32 10.51 9.77 9.35 9.13 8.94 8.61 8.13 7.72 7.59 7.66 7.88 8.22 8.61 8.87 8.86 8.70 8.49 8.21 7.78 7.38 7.43 7.98 8.48 8.78 9.01 9.38 9.98 10.48 10.69 10.66 10.42 9.94 9.49 9.41 9.36 9.18 8.98 8.81 8.61 8.40 8.26 8.15 7.92 7.75 7.85 8.11 8.45 8.75 8.81 8.62 8.35 8.12 7.97 7.83 7.71 7.77 7.95 8.14 8.27 8.35
8.88 8.91 8.87 8.87 9.00 9.21 9.56 10.17 11.12 12.05 12.66 12.82 12.52 11.88 11.09 10.36 9.97 10.09 10.27 10.46 10.61 10.59 10.35 9.89 9.45 9.16 9.03 8.97 8.85 8.65 8.40 8.21 8.24 8.32 8.34 8.34 8.40 8.52 8.46 8.12 7.61 7.25 7.32 7.90 8.70 9.20 9.42 9.53 9.71 10.11 10.56 10.86 10.99 11.04 11.06 10.87 10.60 10.18 9.66 9.21 8.81 8.43 8.24 8.16 7.96 7.66 7.54 7.64 7.86 8.13 8.36 8.45 8.38 8.26 8.16 8.06 7.89 7.77 7.81 7.92 8.04 8.17 8.21
