project/data/elevation/US_DEM2016/US_DEM2016_point_10-30-2019_1336_30m_vel.asc
ncols	125
nrows	167
xllcorner	-2042055.000000
yllcorner	1465035.000000
cellsize	30.000000
NODATA_value	-9999.000000
[rows 105 to 139 of 167, columns 0 to 79 of 125]
11.19 11.21 11.11 10.87 10.53 10.11 9.74 9.44 8.94 7.95 6.47 5.24 4.64 4.60 5.02 5.93 7.07 8.17 9.18 10.20 10.83 11.17 11.55 12.10 12.12 12.38 12.24 12.26 12.29 12.33 12.27 12.17 12.00 11.63 11.32 11.07 10.76 10.46 10.18 9.89 9.64 9.63 10.07 10.45 10.67 10.64 10.36 9.90 9.43 8.95 8.28 7.20 6.25 6.30 7.22 8.51 9.64 10.37 10.90 11.41 11.66 11.53 11.30 11.25 11.38 11.57 11.63 11.41 11.06 10.53 10.16 10.05 10.04 10.06 10.11 10.05 9.96 9.75 9.31 8.71
10.82 10.48 10.23 10.19 10.01 9.67 9.21 8.58 7.68 6.61 5.73 5.31 5.54 6.34 7.79 9.14 9.34 9.14 9.05 9.19 9.55 10.10 11.09 12.06 12.35 12.30 12.55 13.10 13.60 13.87 13.80 13.60 13.26 12.70 12.09 11.51 10.96 10.57 10.21 9.91 9.86 10.13 10.56 10.74 10.71 10.56 10.40 10.25 9.99 9.39 8.35 7.26 7.00 7.70 8.77 9.60 10.18 10.63 11.09 11.35 11.17 10.86 10.87 11.20 11.49 11.64 11.72 11.68 11.51 11.22 10.84 10.62 10.37 10.00 9.52 9.26 9.45 9.63 9.44 8.89
10.56 10.22 9.90 9.85 9.71 9.43 8.96 8.31 7.62 7.23 7.43 8.08 8.97 10.37 12.00 13.11 13.41 12.63 11.42 10.79 10.74 11.17 12.00 12.40 12.20 11.87 11.87 12.12 12.48 12.83 12.98 12.93 12.81 12.50 12.10 11.62 11.11 10.65 10.14 9.87 10.17 10.79 11.13 10.87 10.50 10.29 10.27 10.30 10.22 9.77 9.08 8.76 9.22 10.09 10.52 10.42 10.30 10.55 10.88 10.91 10.66 10.56 10.80 11.12 11.30 11.31 11.30 11.39 11.55 11.69 11.46 11.09 10.60 9.99 9.37 9.08 9.25 9.52 9.53 9.34
10.58 10.35 10.05 9.96 9.94 9.96 9.96 9.84 9.70 9.90 10.73 11.91 13.24 14.43 15.21 15.49 15.53 15.18 14.62 14.11 13.78 13.63 13.48 12.96 12.23 11.63 11.29 11.07 10.82 10.70 10.83 11.05 11.20 11.31 11.40 11.43 11.29 10.85 10.36 10.24 10.59 10.81 10.65 10.25 10.01 10.10 10.33 10.56 10.82 11.01 11.03 11.08 11.33 11.50 11.09 10.43 10.33 10.61 10.74 10.66 10.59 10.65 10.67 10.64 10.63 10.50 10.37 10.56 10.94 11.28 11.36 11.14 10.70 10.17 9.70 9.46 9.49 9.61 9.68 9.78
10.73 10.64 10.47 10.38 10.46 10.71 11.08 11.49 12.04 12.82 13.83 14.89 15.64 15.88 15.66 15.14 14.68 14.77 14.94 14.88 14.67 14.33 13.79 12.92 12.00 11.42 11.17 10.97 10.52 9.93 9.51 9.42 9.51 9.78 10.18 10.63 10.88 10.78 10.54 10.33 10.07 9.60 9.12 9.13 9.73 10.36 10.82 11.15 11.55 12.12 12.55 12.67 12.62 12.40 11.90 11.39 11.31 11.28 11.08 10.87 10.74 10.55 10.32 10.18 10.12 9.90 9.67 9.77 10.12 10.52 10.83 10.86 10.61 10.24 9.95 9.80 9.70 9.63 9.67 9.80
10.93 10.96 10.87 10.80 10.89 11.11 11.51 12.20 13.26 14.36 15.15 15.44 15.19 14.54 13.68 12.82 12.33 12.46 12.67 12.89 13.05 13.07 12.83 12.26 11.59 11.16 11.04 11.04 10.86 10.55 10.18 9.90 9.93 10.07 10.16 10.22 10.27 10.37 10.29 9.87 9.27 8.81 8.85 9.50 10.43 11.11 11.48 11.64 11.86 12.33 12.81 13.09 13.19 13.22 13.21 13.00 12.71 12.22 11.62 11.15 10.73 10.34 10.13 10.07 9.90 9.56 9.35 9.46 9.82 10.20 10.42 10.45 10.33 10.16 10.02 9.92 9.78 9.68 9.71 9.78
10.99 10.94 10.90 11.00 11.21 11.55 12.10 12.92 13.89 14.50 14.52 14.03 13.21 12.31 11.49 10.89 10.55 10.51 10.56 10.85 11.31 11.60 11.76 11.60 11.31 11.06 10.88 10.69 10.51 10.66 10.95 11.19 11.32 11.26 11.00 10.58 10.25 10.18 10.09 9.85 9.68 9.81 10.19 10.87 11.54 11.92 11.99 11.86 11.76 11.88 12.20 12.60 12.99 13.36 13.69 13.73 13.34 12.71 11.94 11.23 10.68 10.35 10.16 9.91 9.48 9.21 9.33 9.66 10.03 10.19 10.12 10.07 10.09 10.05 9.91 9.78 9.67 9.66 9.74 9.84
10.80 10.66 10.69 11.02 11.42 12.00 12.78 13.48 13.81 13.54 12.84 12.10 11.40 10.77 10.15 9.59 9.24 9.24 9.54 9.97 10.43 10.96 11.24 11.07 10.98 11.15 11.06 10.71 10.37 10.33 10.49 10.68 10.81 10.88 10.86 10.72 10.47 10.30 10.27 10.42 10.66 10.89 11.20 11.80 12.29 12.38 12.10 11.65 11.32 11.28 11.37 11.63 11.94 12.26 12.63 12.83 12.70 12.28 11.71 11.16 10.72 10.35 9.95 9.50 9.18 9.22 9.59 10.00 10.21 10.04 9.76 9.76 9.83 9.81 9.66 9.47 9.31 9.28 9.43 9.67
10.64 10.52 10.59 10.92 11.35 11.99 12.69 12.92 12.56 11.78 10.93 10.15 9.55 9.02 8.49 8.14 8.32 8.84 9.36 9.82 10.49 11.21 11.18 10.70 10.91 11.45 11.55 11.38 11.10 10.66 10.15 9.57 9.28 9.46 9.86 10.18 10.31 10.34 10.47 10.75 11.01 11.23 11.58 12.13 12.40 12.20 11.66 11.11 10.83 10.81 10.80 10.78 10.70 10.60 10.52 10.71 10.90 10.98 11.03 10.96 10.71 10.25 9.74 9.37 9.34 9.58 9.94 10.21 10.15 9.75 9.46 9.40 9.42 9.45 9.45 9.31 9.09 8.93 9.02 9.37
10.67 10.63 10.68 10.85 11.16 11.63 11.92 11.51 10.59 9.58 8.69 7.87 7.23 6.80 6.80 7.39 8.47 9.58 10.33 10.89 11.44 11.54 10.93 10.55 11.00 11.47 11.57 11.53 11.47 11.24 10.90 10.31 9.61 9.17 9.03 9.14 9.59 10.13 10.51 10.79 11.14 11.51 11.85 12.12 11.95 11.30 10.67 10.36 10.31 10.45 10.63 10.59 10.37 9.90 9.26 8.81 8.81 9.36 10.02 10.42 10.48 10.32 10.11 9.94 9.90 10.02 10.22 10.23 9.94 9.59 9.40 9.29 9.26 9.31 9.33 9.24 9.09 8.93 8.93 9.11
10.86 10.88 10.91 10.93 11.04 11.12 10.90 10.15 9.04 8.01 7.24 6.66 6.30 6.42 7.34 8.81 10.25 11.38 12.13 12.43 12.14 11.23 10.05 9.78 10.28 10.56 10.60 10.78 11.05 11.36 11.60 11.56 11.09 10.16 9.21 8.98 9.56 10.33 10.88 11.27 11.61 11.87 11.98 11.87 11.30 10.40 9.74 9.60 9.80 10.22 10.79 11.01 10.89 10.46 9.69 8.80 8.39 8.63 9.17 9.67 10.06 10.31 10.47 10.54 10.54 10.51 10.36 10.05 9.71 9.48 9.40 9.39 9.41 9.38 9.28 9.17 9.12 9.12 9.14 9.08
11.03 11.08 11.07 10.98 10.85 10.58 10.08 9.41 8.83 8.49 8.30 8.13 8.31 9.11 10.43 11.87 12.92 13.31 13.23 12.76 11.83 10.69 9.68 9.24 9.30 9.30 9.42 9.84 10.29 10.69 11.10 11.50 11.66 11.41 10.90 10.72 10.89 11.20 11.43 11.59 11.66 11.66 11.66 11.48 10.91 10.09 9.41 9.21 9.57 10.26 10.92 11.30 11.34 11.16 10.82 10.45 10.03 9.70 9.58 9.70 9.93 10.15 10.36 10.53 10.66 10.63 10.36 9.93 9.52 9.24 9.16 9.22 9.32 9.38 9.35 9.29 9.29 9.36 9.42 9.37
11.06 11.02 10.96 10.86 10.63 10.25 9.78 9.42 9.37 9.64 10.07 10.68 11.52 12.48 13.33 13.82 13.75 13.16 12.41 11.57 10.84 10.45 10.19 9.75 9.34 9.04 8.90 9.15 9.48 9.62 9.71 10.15 10.93 11.58 11.91 11.97 11.79 11.50 11.22 11.04 10.96 11.04 11.20 11.22 10.91 10.32 9.61 9.24 9.58 10.26 10.69 10.86 11.02 11.20 11.36 11.53 11.62 11.50 11.15 10.68 10.38 10.23 10.20 10.19 10.23 10.18 9.91 9.55 9.28 9.12 9.02 9.02 9.13 9.31 9.45 9.52 9.60 9.69 9.78 9.97
10.97 10.84 10.72 10.66 10.49 10.22 9.92 9.73 9.74 10.08 10.91 12.01 13.04 13.67 13.80 13.32 12.26 11.31 10.74 10.17 9.96 10.20 10.46 10.44 10.19 9.69 9.18 8.98 9.16 9.12 8.83 8.89 9.49 10.46 11.17 11.41 11.27 10.95 10.65 10.47 10.49 10.74 11.05 11.08 10.79 10.36 9.84 9.43 9.57 9.91 10.08 10.07 10.16 10.54 11.00 11.36 11.72 11.96 11.91 11.53 10.97 10.49 10.11 9.81 9.53 9.19 8.87 8.91 9.19 9.38 9.38 9.29 9.30 9.43 9.61 9.79 9.95 10.07 10.24 10.55
10.81 10.67 10.56 10.55 10.46 10.30 10.13 10.01 10.12 10.62 11.56 12.46 12.93 12.87 12.34 11.47 10.66 10.19 9.76 9.35 9.25 9.42 9.74 10.08 10.19 9.93 9.56 9.42 9.53 9.51 9.18 8.82 8.81 9.19 9.84 10.30 10.47 10.48 10.50 10.53 10.62 10.82 10.99 10.83 10.41 10.12 9.93 9.70 9.66 9.70 9.65 9.61 9.76 10.19 10.66 10.97 11.14 11.23 11.33 11.35 11.10 10.56 10.00 9.49 8.90 8.40 8.39 8.96 9.58 9.90 9.96 9.88 9.78 9.71 9.74 9.87 10.00 10.11 10.28 10.49
10.67 10.60 10.57 10.55 10.46 10.38 10.36 10.39 10.68 11.39 12.16 12.50 12.28 11.73 11.04 10.41 10.06 9.73 9.18 8.72 8.52 8.55 8.90 9.41 9.58 9.53 9.62 9.82 9.98 10.02 9.90 9.52 9.05 8.85 8.96 9.35 9.81 10.22 10.53 10.72 10.84 10.95 10.91 10.49 9.91 9.71 9.80 9.79 9.71 9.64 9.57 9.65 9.96 10.36 10.66 10.76 10.63 10.42 10.39 10.52 10.54 10.29 9.90 9.44 9.07 9.03 9.39 9.86 10.12 10.17 10.16 10.13 10.02 9.84 9.67 9.59 9.58 9.71 9.94 10.13
10.75 10.76 10.72 10.58 10.46 10.51 10.69 10.96 11.41 12.05 12.39 12.26 11.80 11.32 10.85 10.37 9.89 9.34 8.91 8.78 8.89 9.14 9.43 9.54 9.43 9.40 9.64 9.90 10.04 10.12 10.17 10.08 9.80 9.37 8.98 8.96 9.39 9.92 10.29 10.59 10.81 10.96 10.76 10.03 9.27 9.10 9.31 9.43 9.39 9.41 9.54 9.76 10.01 10.17 10.24 10.29 10.23 10.08 9.95 9.90 9.95 9.99 9.96 9.96 10.10 10.36 10.54 10.54 10.37 10.14 9.99 9.94 9.88 9.79 9.64 9.46 9.43 9.65 9.92 9.96
10.88 10.86 10.73 10.53 10.48 10.62 10.95 11.48 12.15 12.44 12.32 11.90 11.49 11.16 10.74 10.14 9.58 9.31 9.45 9.87 10.20 10.28 10.11 9.82 9.58 9.53 9.65 9.82 9.91 9.97 10.04 10.09 10.07 9.86 9.52 9.38 9.58 9.90 10.09 10.37 10.66 10.71 10.12 9.06 8.39 8.38 8.72 8.96 9.02 9.05 9.15 9.24 9.27 9.29 9.34 9.52 9.76 9.93 9.94 9.85 9.84 9.93 10.06 10.23 10.41 10.56 10.60 10.56 10.47 10.30 10.07 9.88 9.78 9.72 9.65 9.63 9.72 9.85 9.75 9.46
10.70 10.60 10.42 10.36 10.45 10.67 11.02 11.51 12.01 12.07 11.69 11.21 10.88 10.47 9.83 9.41 9.44 9.79 10.18 10.35 10.20 9.91 9.77 9.85 9.98 9.91 9.74 9.71 9.72 9.71 9.75 9.75 9.70 9.72 9.87 10.05 10.14 10.16 10.13 10.33 10.37 9.83 8.62 7.62 7.40 7.70 8.20 8.65 8.81 8.72 8.58 8.40 8.21 8.18 8.34 8.65 9.11 9.49 9.64 9.70 9.80 9.93 10.00 9.97 9.98 10.13 10.32 10.45 10.51 10.46 10.28 10.04 9.82 9.60 9.46 9.50 9.50 9.29 8.88 8.56
10.57 10.50 10.42 10.40 10.49 10.67 10.89 11.11 11.17 10.96 10.56 10.28 10.04 9.45 8.89 9.15 9.62 9.86 9.70 9.25 8.86 8.88 9.32 9.90 10.25 10.25 10.04 9.81 9.65 9.52 9.55 9.55 9.52 9.67 9.94 10.14 10.15 10.08 10.02 10.07 9.64 8.52 7.45 7.12 7.27 7.58 7.97 8.48 8.74 8.78 8.73 8.52 8.17 7.89 7.85 8.16 8.64 8.94 9.13 9.44 9.71 9.89 10.04 10.25 10.48 10.68 10.70 10.56 10.35 10.16 10.08 9.98 9.71 9.33 9.14 9.07 8.89 8.62 8.40 8.36
10.87 10.99 10.97 10.72 10.54 10.52 10.58 10.59 10.43 10.13 9.92 9.90 9.63 9.02 8.89 9.21 9.24 8.86 8.26 7.84 7.96 8.63 9.51 10.18 10.44 10.42 10.35 10.20 9.93 9.61 9.47 9.53 9.57 9.59 9.53 9.39 9.36 9.43 9.54 9.43 8.85 8.13 8.06 8.44 8.69 8.67 8.69 8.87 9.08 9.24 9.29 9.16 8.90 8.59 8.41 8.48 8.68 8.92 9.26 9.62 9.81 9.95 10.27 10.81 11.14 11.13 10.81 10.44 10.09 9.83 9.70 9.58 9.34 9.06 8.86 8.66 8.48 8.39 8.47 8.57
11.12 11.19 11.05 10.62 10.30 10.22 10.24 10.19 10.03 9.92 9.95 9.88 9.42 8.91 8.69 8.45 8.00 7.58 7.41 7.62 8.29 9.16 10.04 10.54 10.53 10.38 10.40 10.39 10.15 9.77 9.55 9.59 9.57 9.32 8.92 8.69 8.77 9.06 9.26 9.16 8.99 9.21 9.69 10.04 10.18 10.19 10.09 9.93 9.81 9.68 9.47 9.26 9.16 9.12 9.09 9.07 9.13 9.36 9.65 9.86 9.87 10.00 10.31 10.63 10.58 10.28 10.05 10.01 10.02 9.93 9.63 9.25 8.96 8.82 8.63 8.32 7.99 7.81 7.89 8.10
10.77 10.49 9.98 9.75 9.72 9.86 9.98 9.97 9.88 9.82 9.70 9.39 8.93 8.48 8.08 7.68 7.45 7.53 8.08 9.02 9.84 10.36 10.65 10.47 9.95 9.83 9.96 9.97 9.84 9.72 9.68 9.71 9.67 9.44 9.13 9.06 9.27 9.47 9.57 9.64 9.90 10.20 10.36 10.46 10.67 10.98 11.16 11.07 10.75 10.27 9.90 9.66 9.51 9.43 9.38 9.38 9.50 9.64 9.74 9.79 9.77 9.86 9.97 9.92 9.63 9.45 9.63 10.02 10.22 10.03 9.55 9.02 8.72 8.60 8.49 8.33 8.05 7.68 7.48 7.63
10.03 9.44 8.82 8.84 9.18 9.61 9.87 9.90 9.79 9.60 9.29 8.92 8.64 8.49 8.45 8.48 8.75 9.36 10.30 11.14 11.53 11.42 10.85 10.01 9.40 9.33 9.38 9.32 9.35 9.46 9.57 9.64 9.73 9.79 9.90 10.08 10.22 10.15 10.05 10.08 10.17 10.14 10.20 10.46 10.91 11.41 11.82 11.92 11.71 11.32 10.94 10.65 10.37 10.06 9.75 9.58 9.57 9.57 9.59 9.67 9.63 9.66 9.63 9.45 9.30 9.53 10.03 10.35 10.09 9.46 8.97 8.73 8.58 8.43 8.36 8.49 8.69 8.68 8.43 8.35
9.85 9.43 8.96 9.12 9.54 9.88 9.97 9.89 9.73 9.54 9.33 9.12 9.08 9.36 9.86 10.39 11.00 11.56 11.94 12.05 11.80 11.22 10.41 9.71 9.36 9.26 9.11 9.05 9.17 9.33 9.39 9.42 9.61 9.91 10.17 10.31 10.27 10.16 10.04 9.95 9.82 9.79 10.07 10.57 11.19 11.76 12.07 12.09 11.98 11.74 11.35 10.91 10.58 10.33 10.07 9.84 9.63 9.42 9.40 9.51 9.57 9.61 9.57 9.50 9.63 10.05 10.37 10.10 9.23 8.46 8.28 8.33 8.37 8.39 8.40 8.47 8.72 9.12 9.43 9.55
10.20 10.18 10.26 10.59 10.79 10.61 10.19 9.89 9.74 9.67 9.63 9.66 9.89 10.43 11.03 11.52 11.84 11.91 11.69 11.16 10.43 9.72 9.30 9.21 9.31 9.33 9.27 9.35 9.53 9.64 9.57 9.52 9.69 9.96 10.03 9.84 9.69 9.72 9.82 9.83 9.78 9.89 10.32 10.85 11.35 11.64 11.58 11.29 11.06 10.92 10.67 10.47 10.43 10.40 10.27 10.10 9.90 9.68 9.46 9.49 9.65 9.73 9.75 9.82 10.10 10.38 10.21 9.41 8.44 8.04 8.04 8.14 8.24 8.47 8.77 8.82 8.70 8.75 9.19 9.77
10.47 10.67 11.08 11.38 11.37 11.00 10.42 9.94 9.75 9.76 9.87 10.08 10.46 10.92 11.20 11.22 11.08 10.84 10.33 9.47 8.60 8.17 8.28 8.79 9.26 9.52 9.69 9.91 10.12 10.24 10.30 10.35 10.43 10.46 10.35 10.08 9.84 9.82 9.89 10.02 10.27 10.68 11.07 11.26 11.29 11.08 10.56 10.01 9.79 9.90 10.11 10.37 10.58 10.55 10.38 10.25 10.16 10.06 9.85 9.77 9.82 9.91 10.01 10.17 10.34 10.27 9.70 8.83 8.31 8.18 8.22 8.30 8.43 8.63 8.92 9.13 9.15 9.00 9.04 9.62
10.57 10.77 11.08 11.23 11.19 11.08 10.78 10.30 9.99 9.96 10.04 10.20 10.45 10.61 10.51 10.36 10.27 9.89 9.10 8.25 7.82 7.91 8.47 9.10 9.53 9.79 10.03 10.27 10.45 10.65 10.92 11.19 11.33 11.24 11.05 10.81 10.55 10.37 10.19 10.31 10.74 11.19 11.31 11.19 10.95 10.44 9.69 9.11 9.04 9.48 10.12 10.60 10.73 10.57 10.43 10.37 10.35 10.33 10.19 10.01 9.97 10.05 10.19 10.29 10.27 9.91 9.17 8.56 8.39 8.42 8.47 8.54 8.72 8.90 8.93 9.01 9.33 9.70 10.00 10.52
10.75 10.98 11.32 11.46 11.44 11.31 11.19 11.00 10.72 10.45 10.21 10.06 10.00 9.93 9.94 10.07 10.00 9.46 8.80 8.55 8.78 9.16 9.50 9.79 9.95 10.07 10.24 10.42 10.59 10.76 11.00 11.27 11.46 11.50 11.46 11.44 11.37 11.18 10.81 10.62 10.80 10.92 10.93 10.90 10.62 9.99 9.31 8.93 9.01 9.59 10.38 10.86 10.92 10.75 10.62 10.55 10.48 10.40 10.20 10.01 9.96 10.02 10.11 10.15 10.07 9.70 9.09 8.71 8.63 8.69 8.76 8.77 8.82 8.95 9.07 9.21 9.50 10.10 10.92 11.69
11.16 11.53 12.03 12.08 11.85 11.46 11.34 11.36 11.23 10.77 10.22 9.79 9.56 9.57 9.81 9.98 9.74 9.32 9.29 9.68 10.10 10.25 10.26 10.30 10.34 10.38 10.48 10.58 10.67 10.82 10.95 11.04 11.06 11.22 11.59 12.03 12.28 12.21 11.84 11.24 10.88 10.69 10.74 10.67 10.19 9.57 9.21 9.18 9.48 10.13 10.81 11.17 11.20 11.06 10.86 10.68 10.52 10.33 10.06 9.93 9.91 9.94 9.97 9.96 9.91 9.68 9.35 9.18 9.14 9.14 9.14 9.06 8.93 8.90 9.17 9.67 10.21 10.88 11.81 12.54
11.45 11.69 12.03 12.04 11.85 11.46 11.19 11.05 10.89 10.49 9.96 9.55 9.44 9.61 9.76 9.63 9.39 9.47 9.91 10.29 10.41 10.40 10.41 10.52 10.58 10.55 10.53 10.52 10.56 10.75 11.00 11.06 11.03 11.20 11.66 12.16 12.48 12.59 12.50 12.07 11.28 10.71 10.37 9.98 9.44 9.15 9.22 9.45 9.91 10.65 11.24 11.41 11.33 11.17 10.98 10.76 10.53 10.28 10.00 9.92 9.95 9.98 9.98 9.95 9.94 9.85 9.72 9.69 9.71 9.68 9.61 9.53 9.41 9.35 9.52 10.08 11.06 12.24 13.19 13.35
11.31 11.11 10.82 10.82 10.96 10.93 10.70 10.49 10.40 10.24 10.05 9.98 10.12 10.27 10.05 9.57 9.35 9.55 9.81 9.93 10.06 10.27 10.49 10.66 10.66 10.49 10.30 10.21 10.27 10.53 10.83 11.08 11.19 11.30 11.39 11.45 11.54 11.71 11.88 11.77 11.10 10.30 9.61 9.09 8.84 8.90 9.18 9.51 10.17 11.04 11.43 11.30 11.11 11.05 10.98 10.81 10.54 10.25 9.96 9.94 10.07 10.15 10.13 10.07 10.02 9.98 9.98 10.04 10.10 10.16 10.26 10.40 10.46 10.55 10.74 11.20 12.11 13.25 13.85 13.52
10.81 10.23 9.26 8.86 9.01 9.36 9.70 10.03 10.35 10.63 10.90 11.22 11.46 11.29 10.63 9.89 9.47 9.28 9.12 9.18 9.62 10.19 10.57 10.72 10.64 10.43 10.18 10.00 9.95 10.11 10.31 10.50 10.62 10.69 10.57 10.34 10.19 10.17 10.20 10.15 9.92 9.47 8.99 8.65 8.68 8.92 9.18 9.66 10.60 11.38 11.37 10.97 10.81 10.86 10.88 10.77 10.54 10.27 10.05 10.13 10.31 10.40 10.34 10.21 10.06 10.01 10.08 10.24 10.39 10.58 10.95 11.44 11.92 12.42 12.84 13.16 13.51 13.85 13.66 12.95
10.13 9.37 8.15 7.71 7.72 8.09 8.81 9.60 10.29 10.92 11.44 11.78 11.77 11.31 10.62 9.99 9.49 9.12 8.98 9.23 9.72 10.21 10.53 10.67 10.65 10.53 10.36 10.15 9.88 9.76 9.77 9.73 9.66 9.67 9.63 9.40 9.12 8.94 8.80 8.80 8.85 8.82 8.74 8.82 9.17 9.54 9.93 10.63 11.44 11.67 11.27 10.82 10.71 10.74 10.74 10.70 10.64 10.66 10.79 10.95 10.92 10.72 10.49 10.32 10.21 10.16 10.23 10.42 10.66 11.01 11.62 12.40 13.25 13.97 14.41 14.46 14.26 13.89 13.21 12.61
9.58 8.92 8.01 7.87 8.07 8.48 9.00 9.47 9.95 10.51 11.01 11.20 10.94 10.43 10.03 9.74 9.45 9.27 9.39 9.79 10.18 10.51 10.66 10.72 10.69 10.66 10.65 10.61 10.42 10.05 9.78 9.56 9.41 9.28 9.07 8.72 8.34 8.14 8.11 8.23 8.40 8.60 8.99 9.60 10.19 10.67 11.24 11.76 12.00 11.71 11.13 10.78 10.69 10.64 10.63 10.69 10.90 11.28 11.66 11.73 11.35 10.81 10.47 10.38 10.43 10.45 10.43 10.56 10.92 11.50 12.26 13.04 13.71 14.08 14.19 14.02 13.62 13.10 12.63 12.46
