project/data/elevation/US_DEM2016/US_DEM2016_point_11-01-2019_0412_30m_ang.asc
ncols	125
nrows	167
xllcorner	-2042055.000000
yllcorner	1465035.000000
cellsize	30.000000
NODATA_value	-9999.000000
[rows 84 to 125 of 167, columns 0 to 94 of 125]
336 342 346 340 331 327 325 322 319 316 313 311 311 312 313 312 312 316 323 318 310 308 309 307 305 304 305 311 320 324 324 324 326 330 337 344 338 330 327 325 323 322 320 317 311 308 308 313 321 327 330 333 337 344 352 350 337 329 327 327 327 325 321 316 314 319 325 323 318 313 306 303 303 309 315 312 308 308 311 315 323 328 325 317 316 329 345 352 352 348 344 341 335 324 318
334 339 343 338 331 326 324 320 316 313 311 310 311 312 313 312 311 315 320 316 311 311 313 311 310 309 310 314 321 327 328 330 332 335 340 345 339 330 326 325 323 322 321 318 313 309 309 314 323 330 333 336 339 344 351 350 338 330 327 325 323 321 317 313 313 319 326 321 317 312 306 302 302 308 312 309 303 300 301 303 309 317 322 315 310 319 338 349 352 351 347 345 341 330 324
333 337 339 335 329 324 322 319 314 310 310 310 311 312 313 313 313 315 323 316 315 315 315 314 313 312 311 313 319 324 327 330 334 336 340 345 339 329 325 326 323 321 320 317 311 307 308 312 321 329 334 339 343 346 352 351 9 329 336 323 320 318 314 311 311 318 326 323 317 313 308 304 306 313 318 315 308 302 299 302 300 306 312 310 307 311 324 337 344 347 346 347 347 338 331
333 336 336 332 327 322 319 317 313 310 309 310 311 313 315 316 318 320 321 321 319 317 315 314 312 311 310 311 315 320 323 327 332 336 341 346 337 330 326 326 323 319 317 315 309 304 304 307 316 324 330 336 342 347 353 353 342 331 327 324 321 319 314 310 310 316 326 326 319 315 310 307 308 316 324 325 321 317 313 310 309 309 310 310 310 311 317 324 332 337 341 347 348 339 333
332 335 333 329 326 322 318 316 315 313 312 312 312 315 321 352 320 321 322 323 321 319 316 313 311 308 307 308 312 318 321 324 328 334 342 350 348 338 330 327 323 320 318 315 309 302 300 303 310 315 318 323 329 338 347 351 346 334 328 326 324 320 315 310 309 314 326 330 322 316 311 307 307 315 325 329 329 328 327 325 324 322 321 320 321 322 324 327 331 334 339 345 344 337 333
332 334 333 330 327 323 319 316 315 315 314 313 312 315 322 320 317 316 318 319 319 318 316 312 309 305 303 304 309 316 321 324 324 329 341 353 354 344 335 329 325 323 322 317 309 302 299 301 305 308 310 313 317 324 336 347 346 335 328 326 324 320 315 309 307 312 326 333 325 316 310 306 305 311 321 326 328 329 331 332 332 331 329 329 333 336 335 333 336 340 342 343 340 337 334
332 333 332 330 327 322 318 315 314 315 315 314 311 310 357 309 308 308 309 312 313 314 313 311 306 302 301 302 306 311 317 321 322 323 336 353 358 348 337 330 326 325 323 319 310 304 302 304 309 312 315 319 324 329 337 347 348 336 327 324 322 319 314 308 305 310 324 333 326 316 309 303 303 308 316 320 320 323 328 331 332 332 333 334 340 344 341 339 342 348 347 340 337 334 331
332 331 329 328 325 320 316 313 313 314 315 316 316 313 309 304 302 304 304 305 306 308 308 308 306 304 303 302 303 305 310 315 318 320 330 349 0 351 338 330 326 325 324 320 313 308 307 311 316 321 323 327 331 335 342 350 350 336 326 322 320 318 313 307 304 307 321 331 326 317 308 301 300 306 315 316 312 314 321 324 324 326 330 335 340 344 342 342 347 353 350 339 332 328 325
330 330 327 325 322 317 313 311 311 313 317 323 322 319 315 312 310 309 308 306 306 306 307 309 309 308 306 306 307 310 313 317 321 323 329 348 0 350 337 330 326 326 325 321 316 311 310 314 319 324 328 330 333 337 343 351 351 339 327 322 320 318 312 305 303 306 319 330 328 318 308 301 299 305 314 315 308 307 313 316 314 316 322 329 334 337 337 340 347 352 349 338 329 323 321
329 328 324 321 318 314 310 308 308 313 319 322 321 320 319 318 318 317 316 314 313 314 314 314 312 309 309 311 315 319 323 326 329 332 339 352 355 345 336 330 327 326 324 321 316 311 310 313 318 324 328 332 335 337 341 349 352 344 332 325 323 319 313 306 304 308 319 332 332 321 310 302 300 305 313 313 304 298 301 304 304 305 311 320 323 323 324 329 338 344 346 339 329 323 323
327 327 322 316 313 310 305 301 304 314 317 319 320 319 319 320 321 323 323 322 321 321 321 318 314 310 309 312 317 321 325 328 332 338 349 357 349 339 334 329 327 325 323 319 315 310 308 311 317 322 327 332 337 341 345 351 356 349 337 330 327 324 317 309 306 309 319 332 336 326 313 304 301 303 309 308 300 293 292 294 294 292 296 307 313 314 317 323 330 337 342 339 330 327 327
326 328 325 318 313 311 309 305 310 319 320 321 322 322 321 321 323 324 325 325 325 324 322 319 314 309 308 310 312 314 316 320 325 335 352 357 344 335 331 327 325 323 320 317 313 308 306 308 314 321 327 332 337 342 348 356 0 353 340 331 328 324 317 311 308 309 318 332 337 328 316 308 302 301 305 307 304 299 296 296 295 291 292 301 312 319 323 326 327 332 338 336 330 328 326
325 328 329 325 322 322 325 324 322 324 325 325 324 323 323 322 322 323 324 325 325 325 321 317 313 309 308 310 311 311 312 316 322 334 350 353 341 332 328 325 323 321 318 315 311 307 304 305 310 318 324 329 333 339 347 358 2 353 340 331 327 322 316 311 308 310 318 329 335 329 319 311 305 303 307 310 311 309 306 305 306 304 303 308 318 326 331 331 329 332 334 332 329 329 327
324 328 331 330 326 327 330 330 328 328 329 328 325 323 323 322 321 321 322 323 323 323 318 315 312 310 310 315 319 320 322 325 329 338 349 351 339 329 325 323 322 320 318 314 310 306 302 302 306 312 315 318 324 332 342 355 360 350 339 332 327 321 314 310 307 308 315 326 332 328 319 314 309 308 311 313 315 314 311 312 315 316 314 317 323 333 338 335 332 334 336 332 328 328 327
324 330 334 333 324 326 329 330 329 330 330 329 326 323 322 321 320 319 320 322 322 320 317 314 311 309 311 318 323 325 327 330 334 341 349 350 339 328 324 323 322 321 317 314 311 307 304 304 307 311 311 312 316 324 335 349 354 346 338 333 327 320 314 309 305 305 311 321 328 327 322 318 315 313 315 317 320 319 317 319 323 324 322 323 328 338 341 336 332 335 336 332 326 326 324
326 331 335 329 325 325 328 329 329 329 329 328 325 321 319 318 318 318 321 323 322 319 318 316 312 309 310 316 320 323 324 328 334 342 350 351 340 328 324 325 325 322 319 317 313 309 306 307 312 318 320 320 322 328 336 348 352 344 338 333 327 320 314 310 308 307 310 318 325 328 327 322 318 316 317 320 323 324 323 325 329 330 327 327 332 340 341 336 332 334 336 332 325 323 320
328 332 336 331 325 323 324 326 326 326 324 323 322 319 317 317 318 320 322 322 320 317 316 315 311 308 309 313 315 316 318 321 329 340 351 353 343 330 326 327 327 324 321 318 314 309 307 309 315 322 326 330 332 335 341 351 352 342 336 333 328 321 316 313 311 310 312 318 325 331 333 326 320 316 315 318 321 323 325 329 331 331 328 328 332 338 338 335 332 334 336 333 326 323 320
327 331 336 331 323 319 319 320 322 322 319 317 317 317 317 317 319 322 322 321 318 315 314 312 308 306 307 310 311 311 310 313 320 334 348 355 348 334 329 329 327 324 321 318 313 308 306 308 314 319 323 329 334 337 344 354 351 339 334 332 328 322 317 315 313 312 314 318 325 333 336 329 321 317 314 314 315 318 323 327 329 329 327 326 329 333 336 336 335 335 337 332 328 326 322
326 330 335 333 331 316 315 316 317 317 315 313 313 315 316 318 319 321 323 323 321 317 314 311 307 304 305 307 308 306 305 306 310 321 338 351 348 335 329 327 325 322 320 317 312 307 305 308 312 314 316 320 326 334 345 354 349 336 331 330 327 322 318 316 314 313 313 316 322 331 335 330 322 318 314 310 309 312 317 321 325 328 329 329 331 334 337 340 340 339 336 330 328 327 323
326 329 334 336 329 327 318 315 315 313 311 310 310 310 313 316 317 319 321 322 321 319 316 313 309 307 309 310 309 308 307 307 309 316 329 344 344 333 326 324 323 320 318 315 310 306 304 307 310 311 311 312 315 325 340 351 346 333 329 328 325 321 318 316 314 312 312 314 320 328 333 330 323 318 315 309 307 309 313 316 320 325 329 331 334 337 341 344 346 343 335 329 326 326 323
323 327 333 337 334 327 320 317 315 312 309 305 302 304 308 311 312 313 315 316 317 317 315 312 311 312 315 317 318 317 317 318 320 324 331 341 343 334 325 323 322 320 317 314 310 305 304 306 311 312 312 311 309 312 325 341 342 332 327 326 323 320 317 315 313 312 312 314 320 326 332 331 324 319 316 310 307 308 312 313 314 316 320 324 329 335 341 346 348 344 336 329 326 324 321
318 323 331 335 334 328 320 316 313 310 306 302 299 305 310 312 312 311 310 311 312 313 312 311 311 314 317 321 323 325 326 328 330 332 336 342 347 340 329 325 324 321 317 314 310 306 305 308 313 315 315 313 308 308 318 332 338 333 327 324 322 320 317 315 314 313 313 315 319 326 332 332 327 321 317 311 307 308 312 314 313 310 308 310 316 324 334 342 346 343 335 330 328 325 322
315 320 328 332 333 328 325 316 313 311 312 313 314 317 319 320 321 319 316 312 311 311 311 310 311 314 317 320 323 327 328 330 333 336 338 343 351 347 333 327 325 322 318 314 310 306 305 308 313 315 315 313 312 314 321 330 337 335 327 323 321 320 318 315 314 313 313 315 318 325 331 334 331 323 317 311 306 306 311 315 317 314 310 311 315 321 328 335 340 338 333 329 327 324 322
319 322 328 331 332 330 326 324 323 323 324 325 326 325 324 326 328 330 326 321 318 316 313 312 313 314 313 314 318 322 325 328 332 336 339 345 352 351 338 329 325 321 318 314 310 306 305 307 311 315 317 316 316 319 324 331 337 336 328 322 321 321 318 315 313 312 313 313 316 322 329 335 335 328 319 313 307 306 309 315 320 321 320 321 324 327 331 333 336 334 329 325 322 320 318
323 326 331 332 330 330 330 331 332 331 330 330 329 327 326 327 331 333 331 327 324 321 317 314 315 315 311 311 314 316 318 321 325 330 336 343 352 353 342 331 325 320 316 313 309 307 306 309 313 318 321 320 319 321 325 330 334 335 332 324 321 321 318 313 311 311 311 310 312 318 326 334 339 334 324 316 310 307 308 313 319 321 323 326 329 333 335 334 334 332 326 322 320 318 317
323 328 335 334 329 328 329 331 332 331 330 329 327 325 324 326 330 329 327 325 322 320 317 316 318 316 312 312 315 316 316 317 319 322 329 339 350 353 343 331 324 318 314 311 309 309 311 314 317 320 321 321 320 323 327 330 332 336 337 330 323 320 318 313 310 310 309 308 309 314 322 332 340 338 327 318 312 308 307 310 315 318 319 323 328 333 337 336 334 331 326 321 319 319 319
322 328 336 334 329 327 327 328 328 328 327 325 323 321 320 323 325 323 320 318 316 315 314 316 319 316 311 312 316 319 320 321 323 325 330 338 349 353 342 331 325 319 316 314 312 312 316 320 320 319 319 319 320 324 329 332 334 338 341 336 326 320 318 314 311 310 309 307 308 312 319 329 339 338 328 319 314 310 307 308 313 317 320 323 327 332 337 338 335 332 327 320 318 318 319
320 326 334 333 328 327 326 326 324 323 322 321 318 316 315 319 321 318 315 313 311 310 311 315 319 315 311 311 315 317 320 323 326 329 334 341 351 353 342 333 328 324 320 316 313 314 318 324 323 318 316 315 317 323 329 333 336 341 344 341 331 323 318 315 312 311 309 308 309 312 318 327 337 338 328 319 315 311 308 307 311 317 322 325 327 332 338 339 336 335 330 321 316 316 317
319 324 332 331 327 325 324 323 322 320 319 318 316 314 314 316 317 315 314 312 310 309 312 317 319 315 312 314 316 316 316 318 321 326 332 342 353 354 343 333 329 325 320 316 313 314 319 326 325 318 314 312 313 318 324 330 335 341 346 345 336 326 319 316 314 312 310 310 311 314 319 326 335 337 327 318 314 311 307 305 309 316 321 324 326 330 336 337 336 337 334 325 319 318 317
321 324 330 329 325 321 319 319 319 318 316 315 314 312 312 313 315 315 315 314 312 311 315 322 320 315 313 316 320 320 318 315 315 319 327 338 352 353 341 332 327 324 319 314 313 314 319 327 327 319 313 310 310 312 317 322 329 337 343 345 339 329 322 318 316 313 310 310 312 315 320 326 334 335 326 318 315 312 307 304 306 313 319 320 321 325 329 332 334 337 335 328 323 322 321
322 325 329 330 325 318 315 315 316 315 312 309 309 309 310 313 315 317 318 317 314 312 317 324 320 315 313 314 318 321 322 321 320 322 325 334 348 349 339 330 326 323 318 313 312 313 318 326 327 319 313 310 310 312 314 316 321 328 335 341 339 331 325 321 317 314 310 309 311 315 320 327 334 335 326 319 316 313 308 303 304 310 315 316 318 321 325 328 332 336 333 328 325 325 323
321 324 329 330 326 318 312 313 316 316 313 312 311 314 316 317 318 319 319 318 314 312 316 320 316 313 312 311 313 317 321 323 325 328 330 335 344 346 338 330 326 323 317 312 311 314 319 325 325 319 314 312 313 315 318 319 320 323 329 337 336 330 325 322 318 314 310 309 311 315 320 327 335 335 327 320 318 314 309 303 303 310 315 316 318 322 326 329 332 334 331 326 325 325 323
318 322 328 330 328 320 312 313 318 322 323 321 322 322 322 322 322 322 320 318 314 311 313 316 314 312 311 310 310 313 317 320 324 330 334 338 344 346 338 329 324 321 315 311 311 315 320 325 324 318 313 312 313 317 321 325 327 327 331 337 336 329 324 321 317 314 310 308 310 314 320 326 334 335 327 321 319 316 310 305 305 312 319 321 322 326 331 333 333 333 329 325 323 324 323
316 320 326 329 330 325 317 316 320 323 325 325 325 324 323 322 322 323 320 318 315 312 313 316 318 316 314 310 308 310 314 316 319 325 332 338 346 347 337 327 322 319 314 310 311 315 320 326 323 316 312 311 311 314 319 325 329 332 335 340 340 332 323 319 316 312 310 307 308 313 320 326 334 335 327 322 320 317 312 307 308 315 322 325 326 330 336 337 335 332 328 324 323 323 322
315 318 323 328 331 329 323 319 320 321 321 322 322 321 320 320 320 320 319 318 316 312 312 316 322 324 321 313 308 309 313 315 315 318 326 336 346 348 337 326 321 317 313 310 310 312 317 323 323 316 311 310 310 311 315 321 327 331 336 342 344 337 325 318 315 311 308 306 307 313 321 329 336 335 327 322 321 318 313 309 309 315 322 325 327 332 338 339 338 334 327 324 323 322 321
316 318 322 326 331 331 325 322 322 321 319 318 317 316 315 316 318 318 317 318 314 310 308 311 319 327 326 317 310 310 314 317 316 315 319 330 345 346 336 327 321 317 313 312 312 312 313 319 323 318 311 310 311 311 313 318 323 327 333 340 346 341 328 320 316 312 310 308 309 314 323 331 338 337 328 321 320 318 313 307 307 311 317 320 324 330 337 339 339 336 329 323 322 322 321
316 318 322 326 331 330 325 324 323 321 318 316 315 313 313 315 317 318 319 318 314 309 305 306 314 325 328 319 311 311 315 319 320 317 317 325 339 342 334 326 321 316 314 314 316 313 310 315 322 320 314 311 312 312 312 316 321 325 330 337 344 341 330 323 320 317 314 311 311 315 323 331 338 338 329 321 319 317 311 306 305 308 314 317 321 327 333 337 338 338 333 325 321 321 320
317 319 323 327 331 329 324 324 323 321 318 316 315 313 314 316 318 319 321 320 317 313 308 307 312 323 328 321 312 309 312 317 322 323 322 325 334 337 331 325 319 315 315 318 320 312 308 310 317 321 316 312 311 311 310 312 318 324 329 336 343 339 330 324 322 320 316 313 312 315 322 330 337 338 329 322 319 317 311 306 304 306 312 317 322 326 331 334 336 336 334 329 323 320 319
316 318 323 327 330 328 323 322 321 320 319 318 316 314 315 316 318 321 322 321 319 316 311 309 312 321 327 322 313 309 310 314 320 325 328 329 334 335 329 323 317 314 314 319 319 311 306 306 312 318 316 311 309 308 307 308 313 321 329 338 342 336 328 323 320 318 315 312 312 316 322 330 337 337 329 322 319 316 311 305 301 303 309 315 321 325 331 334 333 333 333 330 325 321 319
314 317 322 327 329 327 323 319 316 316 318 319 317 315 315 315 317 321 320 319 317 313 309 309 313 321 326 323 316 310 308 310 315 322 328 331 335 336 334 320 315 312 313 316 315 309 305 304 308 315 316 312 308 307 306 305 308 316 326 336 340 335 327 322 319 317 314 312 312 317 323 330 338 337 327 320 317 314 309 303 300 301 307 313 317 321 327 331 331 330 331 330 326 322 319
314 316 322 327 329 327 323 318 312 310 313 317 318 318 317 314 315 319 318 314 311 309 307 308 313 321 328 327 321 313 309 309 312 319 325 330 335 337 329 319 314 313 316 317 315 311 306 304 307 313 317 317 316 313 309 306 307 313 323 333 338 334 327 323 320 319 316 313 312 316 322 330 339 336 325 318 314 312 309 304 301 301 305 311 315 318 323 327 328 328 329 330 328 323 321
314 317 323 328 329 327 323 319 313 308 320 314 319 322 318 313 311 314 316 314 312 309 307 308 312 320 327 330 326 318 311 309 311 316 323 327 331 335 329 319 315 319 323 322 320 316 311 307 308 313 317 320 322 322 317 311 309 313 322 331 336 332 327 322 320 319 317 313 312 316 322 330 339 334 323 317 314 312 310 305 301 300 304 311 317 321 324 325 326 327 329 331 329 325 322
