project/data/elevation/US_DEM2016/US_DEM2016_point_10-29-2019_1515_30m_ang.asc
ncols	125
nrows	167
xllcorner	-2042055.000000
yllcorner	1465035.000000
cellsize	30.000000
NODATA_value	-9999.000000
[rows 42 to 83 of 167, columns 0 to 93 of 125]
157 159 165 169 170 171 171 171 171 170 171 173 180 186 187 184 182 180 179 176 173 171 170 169 169 169 169 170 172 173 174 176 170 168 166 164 162 161 164 169 172 172 171 172 175 178 178 175 175 176 176 175 173 173 175 176 173 172 173 174 175 174 169 163 159 157 154 152 149 146 145 145 144 144 147 154 157 155 157 165 174 176 176 177 177 178 178 178 177 178 180 181 182 185
158 161 165 169 171 171 171 170 170 170 172 176 184 188 186 183 181 179 177 174 172 171 170 170 170 170 170 170 170 170 169 169 165 167 168 168 165 162 162 168 173 175 174 174 174 176 176 174 172 173 175 176 176 175 176 175 175 175 175 176 178 177 173 168 165 162 158 154 152 150 147 143 137 132 133 140 144 145 148 159 169 172 171 171 173 176 178 179 178 179 182 185 186 188
159 161 165 169 170 171 171 171 171 172 175 180 187 188 185 181 179 177 175 172 170 169 170 170 170 170 170 170 169 167 164 164 162 165 168 170 169 167 164 167 173 178 179 177 175 173 175 173 169 168 168 170 172 173 173 173 174 175 175 177 178 178 176 172 170 166 161 159 158 156 150 142 134 129 127 129 132 133 137 148 160 166 167 168 170 173 178 180 178 178 182 186 190 192
159 161 165 168 169 170 171 172 174 176 179 185 190 188 183 180 178 175 173 171 169 168 169 170 170 170 169 168 166 163 160 164 161 164 166 169 172 173 171 169 172 180 184 182 176 173 174 172 169 168 167 166 166 166 167 169 171 174 175 177 178 178 179 177 173 168 166 165 165 161 153 145 141 137 134 131 130 130 132 138 148 157 163 166 167 171 178 182 180 177 178 183 190 195
157 160 165 168 169 170 171 173 177 180 184 189 190 185 180 178 176 174 172 171 170 169 169 170 170 169 168 166 163 159 158 157 161 163 164 167 172 176 177 174 175 182 187 184 178 174 173 171 170 171 170 166 160 157 159 164 170 173 176 177 178 179 180 179 175 172 172 172 170 163 157 152 149 147 143 140 137 135 134 135 142 151 159 163 165 170 177 183 184 180 179 182 189 194
153 156 162 167 169 170 171 174 178 182 188 191 189 181 177 176 176 174 173 172 172 171 170 169 169 168 166 163 159 156 157 159 161 162 163 165 171 177 181 181 182 184 185 181 176 174 172 172 172 173 171 163 155 154 157 163 169 173 176 177 178 179 180 180 178 177 176 173 168 164 161 159 157 155 152 148 146 144 142 141 143 149 154 159 163 168 175 181 184 183 183 186 191 193
152 154 159 165 169 171 172 174 178 183 191 193 187 179 175 174 174 174 174 174 173 172 171 169 168 166 163 159 155 155 158 161 162 164 164 165 169 175 182 187 188 187 182 178 175 173 173 175 174 173 166 158 155 157 161 166 170 173 175 177 178 179 180 181 179 177 173 170 169 168 167 166 165 164 162 159 157 155 152 150 149 148 150 154 160 166 172 177 182 185 188 191 193 193
153 154 159 163 168 171 174 175 178 184 192 192 185 177 174 173 173 174 175 175 175 173 172 169 167 165 161 155 151 153 159 162 164 167 169 167 168 174 184 193 195 190 183 177 174 173 175 177 175 168 160 157 158 162 167 171 172 173 174 174 176 178 180 180 177 174 172 171 171 172 172 172 171 171 170 169 167 166 164 162 158 152 148 149 155 163 169 174 181 188 192 194 192 189
151 154 160 164 167 172 176 177 178 184 190 188 182 177 174 173 173 174 176 177 176 175 172 170 168 165 159 152 149 152 157 160 164 170 174 172 172 178 189 197 197 191 183 178 174 172 174 174 171 164 159 159 162 168 173 175 175 173 172 171 172 174 176 177 175 172 172 172 173 174 174 174 174 174 174 174 174 174 174 174 170 163 154 149 151 159 166 171 180 190 195 194 190 186
149 153 161 165 167 172 176 178 179 183 186 183 179 176 176 175 175 176 177 178 178 176 174 171 168 164 157 150 148 150 155 157 162 169 175 177 179 185 192 195 192 186 181 178 174 171 170 171 169 166 164 164 167 173 176 178 177 174 172 170 169 169 170 172 172 171 170 171 172 172 172 173 174 174 175 177 178 179 179 179 178 174 168 160 155 157 162 170 181 192 195 193 190 187
148 151 159 164 167 171 175 178 180 181 181 178 176 177 178 177 177 177 178 179 179 178 176 172 167 162 155 149 148 149 152 154 158 165 173 180 185 188 190 188 185 181 178 176 172 168 166 168 170 170 170 171 173 176 179 180 179 177 174 172 169 168 166 167 169 168 165 164 163 162 164 166 169 172 174 176 178 180 180 180 180 178 176 172 166 162 162 170 183 191 192 192 192 191
149 151 156 161 165 169 173 177 180 180 178 175 174 177 180 181 180 179 179 180 180 179 176 172 167 161 154 150 149 149 150 152 156 162 170 181 187 188 185 182 180 178 175 172 167 163 163 165 170 174 177 178 179 180 182 183 182 180 177 173 170 168 166 165 167 166 161 157 155 155 154 155 160 164 168 171 174 177 177 176 175 176 176 174 172 168 167 172 182 187 189 191 192 188
153 153 156 160 163 166 170 175 180 181 177 174 174 180 184 184 182 181 181 181 181 178 175 172 167 161 155 152 152 153 153 154 156 160 169 181 188 186 181 179 177 174 172 167 161 159 160 165 171 176 181 183 183 183 184 185 185 181 176 172 169 168 167 167 169 166 161 158 157 156 155 151 149 152 157 161 166 171 174 171 167 166 165 164 167 169 172 175 179 182 185 187 186 182
157 157 158 161 163 165 167 172 177 180 178 176 178 184 187 186 184 183 181 179 179 177 174 171 167 162 157 154 154 155 156 157 157 159 168 181 187 185 181 177 174 171 167 161 156 156 159 166 172 177 182 186 187 186 187 188 186 180 174 171 170 170 169 169 169 167 163 162 161 159 157 153 146 143 146 149 153 160 166 166 161 155 153 155 160 167 172 175 177 179 181 182 180 177
160 160 162 165 167 168 169 170 174 178 179 180 184 188 189 188 186 183 179 176 175 175 174 171 168 164 160 157 156 157 159 160 159 161 168 179 184 183 180 177 174 169 162 156 153 155 159 167 173 177 182 186 189 189 190 190 186 179 175 173 173 173 172 169 167 167 166 166 165 164 160 156 153 151 150 147 146 150 156 158 155 151 152 156 161 167 172 174 175 176 178 178 176 174
159 161 165 169 172 174 173 171 173 177 180 184 186 188 188 186 184 181 178 175 173 173 172 171 169 166 164 161 159 160 163 165 165 166 172 178 181 180 179 177 173 167 159 154 152 154 160 166 172 175 180 186 190 192 192 191 187 182 179 178 178 176 174 169 166 167 170 170 170 166 162 160 161 163 162 157 152 152 153 153 152 152 155 160 166 170 172 173 174 175 175 175 173 169
155 158 166 172 176 178 177 175 175 178 181 184 185 184 184 182 180 178 177 175 173 171 170 169 168 167 166 163 162 163 166 168 170 172 176 177 178 177 177 175 172 166 158 153 151 154 159 165 169 171 175 184 191 194 194 192 189 185 182 180 178 176 173 169 168 170 174 174 170 166 165 166 170 173 169 161 155 153 153 152 152 154 159 165 170 173 173 172 173 173 173 172 169 164
152 155 164 172 176 179 179 179 179 181 181 181 180 179 178 177 176 174 174 173 172 170 168 167 167 168 166 164 164 166 167 168 171 175 177 178 177 175 174 173 171 166 159 154 151 152 156 161 164 165 169 180 189 193 193 192 189 186 182 178 176 173 171 169 172 177 178 174 170 168 169 174 178 176 168 162 158 156 155 155 156 158 163 169 172 173 173 172 172 171 171 169 165 162
150 154 163 170 174 178 181 183 184 184 182 178 175 174 173 172 171 170 170 170 170 167 165 164 166 166 163 162 165 169 170 170 170 172 175 176 176 173 172 171 169 165 160 157 154 152 154 156 158 159 163 172 182 188 189 189 187 184 181 177 174 170 167 168 173 180 182 176 171 171 175 178 178 173 168 164 162 161 160 160 161 163 167 170 172 173 173 172 171 169 168 166 162 163
148 153 163 170 173 177 181 186 189 188 184 177 172 169 168 167 167 167 166 165 164 162 160 161 164 163 158 158 163 170 174 175 174 172 172 174 174 172 171 170 170 167 163 161 160 159 159 157 156 159 162 167 175 182 185 185 183 181 179 175 171 167 164 166 172 180 182 179 176 176 178 178 175 172 170 168 167 166 166 167 168 169 170 171 172 173 173 171 169 168 166 163 161 165
148 152 162 169 173 176 181 187 193 193 188 180 171 165 163 163 165 167 165 160 154 152 154 158 161 157 152 153 159 167 174 177 178 176 174 173 172 172 172 172 172 169 165 165 166 167 166 164 162 162 165 169 174 179 182 181 180 177 175 171 167 165 164 166 172 176 178 179 179 179 179 177 174 171 169 171 170 171 173 174 174 175 175 174 174 174 172 169 167 166 164 162 162 167
152 154 161 168 173 177 182 189 196 198 194 186 177 167 160 159 164 168 168 161 152 146 147 154 157 151 148 150 155 162 168 174 178 179 179 177 174 173 174 174 173 169 164 166 169 172 172 170 167 167 168 172 176 180 181 179 177 174 169 165 163 163 165 169 172 172 173 176 180 181 179 176 174 174 174 173 173 175 177 178 179 179 179 178 176 174 171 168 165 163 162 162 163 167
157 159 164 170 174 178 184 192 198 200 196 191 184 175 168 163 164 167 168 168 163 155 150 152 152 148 146 148 153 158 163 167 173 179 181 182 180 177 176 175 172 166 162 164 169 173 174 173 172 171 172 174 177 180 180 177 174 169 164 161 162 164 168 172 172 168 168 173 178 180 178 176 174 173 174 175 175 176 177 180 182 182 182 181 179 174 169 165 163 161 161 160 162 164
159 162 167 172 176 180 187 194 198 197 194 191 187 182 177 171 165 163 166 169 170 167 160 154 151 148 147 150 155 159 161 162 167 174 180 182 182 179 177 174 170 164 161 163 168 172 173 174 175 177 176 176 177 179 179 176 171 165 161 161 164 167 171 173 170 165 163 169 175 177 176 176 174 172 172 175 177 176 176 179 183 184 184 182 179 171 164 160 160 160 160 159 160 161
160 162 169 174 178 184 190 193 194 191 189 188 187 186 183 177 169 163 162 166 170 170 166 160 153 148 149 154 160 164 165 164 165 168 174 178 178 176 174 172 168 163 160 162 167 169 171 173 177 179 180 178 178 178 177 174 168 162 160 163 168 170 173 173 169 163 161 166 172 174 175 176 176 174 172 174 178 179 177 178 183 187 186 182 173 162 155 153 156 159 160 160 160 160
159 162 170 176 181 186 190 190 187 185 184 185 187 187 186 182 174 166 162 163 166 168 167 163 156 152 152 157 164 169 171 170 168 168 171 173 173 173 172 171 168 163 161 162 166 167 168 171 175 179 180 180 178 177 175 171 166 162 162 167 171 172 174 173 168 162 161 165 169 172 174 175 177 177 176 175 181 185 185 183 186 190 188 177 162 151 146 147 151 155 159 161 162 162
158 162 172 178 183 188 189 187 182 180 180 182 184 185 185 184 179 171 164 161 161 164 165 163 159 156 156 159 165 170 173 173 172 171 171 172 171 171 171 170 167 164 162 163 165 164 166 170 173 176 178 179 177 175 172 168 164 163 167 170 172 174 174 171 165 162 162 165 167 169 172 173 175 179 181 182 187 195 199 195 188 183 178 167 155 147 145 146 148 150 155 160 164 166
158 162 173 180 185 189 190 187 181 177 176 177 179 181 182 182 181 176 169 163 160 160 161 163 160 159 159 161 165 168 172 174 174 174 173 172 172 172 172 170 167 165 164 165 165 165 167 171 173 174 173 173 172 171 169 166 164 167 171 171 172 174 171 167 164 162 163 166 166 165 166 168 171 177 186 192 197 202 200 190 179 173 168 161 153 149 148 149 148 150 154 161 166 170
158 163 174 182 187 191 192 190 185 180 175 172 172 174 176 178 179 178 174 168 163 160 157 158 160 162 163 163 164 166 167 169 172 174 174 173 172 172 170 168 167 167 166 166 167 167 169 173 173 171 168 167 168 169 169 168 170 174 174 172 174 173 168 165 165 165 167 171 172 169 167 168 172 178 189 195 196 193 186 179 173 168 164 159 155 154 154 155 154 155 159 164 169 172
160 164 175 183 189 192 192 191 189 186 179 172 167 167 170 173 175 179 175 171 166 161 161 159 162 166 168 167 167 165 164 164 166 170 172 173 172 170 168 167 168 168 167 166 168 170 171 172 170 169 167 167 168 171 173 174 177 178 177 176 177 175 170 168 167 167 170 175 178 175 173 174 178 183 188 189 186 182 177 172 168 166 164 160 159 160 163 165 164 164 166 169 172 174
161 166 175 184 190 193 191 189 188 187 183 177 170 166 166 168 170 174 173 171 167 163 162 161 164 170 173 173 171 169 166 165 166 168 169 171 171 169 167 167 169 170 168 167 169 171 172 171 170 170 170 171 173 175 176 177 178 179 179 179 178 176 173 170 168 169 172 177 177 180 179 181 184 185 184 181 178 174 170 166 165 166 165 164 163 165 169 173 175 175 174 175 176 177
163 167 176 185 191 192 189 186 184 183 182 179 175 171 168 166 166 169 169 169 168 164 161 163 167 172 175 176 175 173 170 169 170 170 170 171 171 169 168 170 171 171 169 168 169 171 171 171 171 172 174 176 177 177 177 176 176 177 177 177 176 174 171 169 169 171 176 180 183 185 186 188 187 182 177 174 172 167 163 162 164 166 167 168 168 170 174 179 182 184 183 181 180 181
164 168 177 186 190 191 187 182 179 177 176 176 176 174 171 167 164 165 164 171 168 170 166 166 169 172 174 177 178 176 173 172 172 172 172 172 171 170 170 171 171 171 168 167 168 169 169 171 172 172 174 177 179 179 177 176 175 174 174 174 173 171 169 169 172 177 181 183 187 191 191 188 183 176 170 168 165 161 159 159 162 165 168 171 174 176 177 179 184 188 189 186 184 185
166 169 178 185 190 190 185 178 173 171 171 173 174 173 170 166 162 161 160 164 167 167 167 169 171 171 172 175 178 179 176 174 173 172 172 171 170 170 171 170 170 170 167 165 166 168 167 167 169 170 171 173 176 179 178 176 174 172 172 171 169 168 170 174 180 186 185 184 188 192 191 185 177 170 165 163 161 159 158 159 161 163 166 170 176 181 181 179 182 187 190 189 188 188
166 170 178 185 188 186 179 173 169 168 169 170 171 169 166 163 164 161 161 163 166 168 169 171 172 171 170 173 177 180 179 177 175 173 171 170 170 171 172 171 171 169 166 164 166 168 168 167 168 170 171 172 174 176 177 175 173 172 171 169 168 169 176 184 189 189 184 182 186 187 185 179 172 167 164 162 161 161 161 163 163 161 159 161 169 180 184 184 183 186 189 189 189 189
164 169 180 185 185 180 174 171 169 170 170 170 168 165 161 159 163 159 160 162 165 168 170 172 173 172 171 172 175 179 181 181 179 176 173 172 172 174 175 173 171 168 166 164 165 167 168 168 168 169 171 172 172 173 173 173 173 172 171 169 170 175 184 189 188 184 181 180 181 180 178 174 169 167 166 165 163 164 167 171 171 167 162 158 160 169 180 186 187 188 188 189 189 189
161 168 181 185 181 175 172 172 173 173 172 169 165 162 158 158 158 160 162 164 166 169 171 172 172 172 172 171 172 176 181 183 182 179 177 176 177 178 176 173 170 169 167 164 163 165 165 164 164 165 167 168 168 167 169 171 171 171 170 170 174 182 186 185 182 179 178 176 175 174 173 170 166 168 165 168 167 169 172 176 178 177 172 166 162 164 172 182 188 190 189 188 188 188
160 168 181 184 179 175 174 175 175 173 171 167 163 160 158 158 160 162 164 166 168 170 171 172 172 172 171 169 169 172 178 182 183 182 180 180 182 181 178 174 172 171 170 167 165 164 163 160 159 160 162 164 164 165 167 169 170 171 171 173 179 184 183 179 176 174 172 171 171 171 169 167 167 169 170 171 170 172 173 177 180 181 179 175 170 168 170 177 185 189 188 186 186 185
162 169 179 181 179 176 174 174 173 171 168 164 161 158 158 159 161 163 166 168 170 171 172 173 173 172 171 167 165 167 172 177 180 182 183 184 185 184 181 178 177 175 173 171 170 169 166 161 159 160 161 163 165 166 169 170 172 175 176 178 182 182 178 173 170 167 166 167 169 168 165 164 166 167 170 173 174 174 173 174 177 182 183 181 178 174 173 176 181 185 184 183 183 182
168 171 176 178 177 176 173 171 170 168 165 161 158 157 159 161 163 165 167 169 171 172 173 174 174 174 173 167 161 160 162 165 171 178 183 185 186 184 182 180 177 175 174 173 173 173 170 165 161 161 161 163 164 167 169 172 174 177 179 180 180 178 174 168 164 162 163 167 169 167 163 162 164 166 169 172 175 176 174 172 172 177 183 185 184 180 177 178 180 181 180 180 180 178
172 172 173 175 175 174 172 169 167 164 161 158 157 158 160 162 165 167 169 171 172 173 176 176 174 176 177 173 163 156 153 153 157 167 178 183 183 182 179 177 175 174 174 174 174 174 173 169 165 163 162 162 163 165 169 172 174 175 177 178 178 175 170 164 160 160 165 169 169 165 162 161 163 165 168 171 174 176 175 175 172 173 179 186 188 186 182 180 179 178 177 177 176 173
173 173 174 175 173 171 169 166 163 161 158 156 157 159 162 164 167 170 172 173 173 175 178 177 175 176 179 178 172 164 157 154 155 160 169 177 181 180 176 173 172 172 173 173 173 173 173 171 167 165 164 163 164 166 169 172 172 173 174 175 174 171 167 162 159 161 167 169 168 165 162 161 162 163 165 168 171 174 177 177 176 173 175 183 188 190 188 184 179 177 175 175 173 170
