project/data/elevation/US_DEM2016/US_DEM2016_point_10-30-2019_0225_30m_ang.asc
ncols	125
nrows	167
xllcorner	-2042055.000000
yllcorner	1465035.000000
cellsize	30.000000
NODATA_value	-9999.000000
[rows 84 to 125 of 167, columns 0 to 94 of 125]
344 348 351 348 342 338 336 333 330 327 324 323 324 326 328 329 331 337 342 339 333 333 333 329 327 327 329 333 338 338 336 335 335 336 342 348 347 342 339 337 337 338 338 335 331 328 328 331 336 338 339 341 343 347 352 351 344 339 339 339 339 337 333 328 326 330 336 335 332 329 324 322 322 325 327 324 323 327 332 337 342 342 338 334 339 351 359 1 358 353 351 349 345 338 336
342 346 349 346 341 337 334 331 327 324 322 323 324 327 329 331 333 339 344 340 335 334 333 331 329 329 329 333 338 341 341 342 342 342 344 347 345 340 338 338 339 338 337 335 331 328 328 331 337 342 343 344 346 348 352 351 344 339 338 337 335 334 331 327 325 330 335 333 331 329 325 323 323 325 325 320 315 314 318 323 331 336 336 330 332 344 356 1 1 357 354 352 350 345 343
342 345 346 343 339 335 333 330 325 322 322 323 325 328 331 334 338 344 346 338 334 333 333 331 329 329 329 331 336 340 342 345 346 345 345 346 343 338 338 341 340 337 335 334 329 325 325 329 337 343 346 348 350 351 353 351 2 338 343 335 333 332 329 325 325 329 334 333 330 329 327 325 328 332 333 328 320 314 312 312 316 325 328 324 324 333 348 356 359 358 355 355 356 351 347
341 343 344 340 337 333 331 328 324 322 322 325 327 330 335 341 346 345 342 339 335 332 330 329 327 327 327 329 334 337 339 343 347 348 348 348 341 340 340 342 339 336 334 332 326 320 320 325 334 341 345 349 351 353 355 353 346 340 337 336 334 332 328 325 324 328 334 335 332 330 327 325 329 336 341 340 336 331 326 323 321 323 323 322 322 328 338 347 352 353 353 356 357 352 348
340 342 342 339 336 333 330 327 325 324 325 326 329 334 343 359 344 341 340 339 337 333 329 327 325 324 324 327 331 334 336 339 343 348 351 353 350 345 343 342 340 337 335 332 325 318 316 319 327 332 336 340 345 349 352 353 349 342 338 337 335 333 329 325 324 328 335 339 335 330 326 324 327 335 343 346 345 343 340 338 336 334 333 331 331 334 338 342 345 348 351 356 355 351 347
339 341 341 339 337 334 329 327 326 326 328 329 332 339 346 342 337 336 337 337 336 333 330 326 324 322 321 323 328 333 336 337 339 345 353 357 356 351 346 343 341 339 338 333 325 317 315 317 322 324 325 328 332 337 343 349 349 342 338 336 335 332 329 324 322 326 335 340 336 330 325 322 323 331 340 345 346 346 346 346 345 343 341 340 343 345 344 342 345 349 352 353 352 350 346
339 340 340 339 337 332 328 326 326 328 330 333 337 342 2 332 328 329 330 331 332 330 329 327 323 320 318 319 323 328 333 335 336 340 350 359 0 355 349 345 341 340 339 335 327 321 319 322 326 327 328 331 333 337 342 348 349 342 336 335 333 332 329 323 320 324 334 340 335 329 324 319 320 325 333 338 340 343 346 348 348 347 346 347 350 352 349 346 348 353 354 350 348 346 342
339 339 338 337 334 330 326 325 327 330 335 342 346 343 333 324 321 322 323 324 324 325 327 327 325 322 319 318 318 321 324 329 331 334 345 358 3 358 350 344 341 340 339 336 330 326 325 328 332 334 335 335 338 341 346 351 351 342 336 334 333 333 329 322 319 322 331 338 334 329 323 317 317 321 328 331 331 335 340 344 344 345 346 349 353 355 353 352 354 357 355 348 344 340 337
338 338 336 335 331 327 325 325 329 334 343 350 348 342 336 330 326 324 322 321 320 322 325 327 327 325 322 321 321 323 325 328 330 333 341 356 5 359 349 343 340 340 339 335 331 328 328 331 335 338 339 340 341 343 348 353 352 344 337 335 334 333 328 321 318 320 330 337 336 330 324 317 316 321 327 328 325 326 333 336 336 338 342 346 350 352 353 354 357 358 355 347 340 336 335
337 336 334 331 328 326 324 326 332 341 347 347 343 340 338 335 333 331 328 326 326 327 329 329 328 326 325 327 329 332 334 336 338 340 346 357 2 356 348 342 340 339 337 334 331 328 329 331 335 338 340 343 345 345 347 352 353 348 342 338 337 334 329 322 319 322 330 339 339 333 325 319 318 322 328 325 318 316 321 324 324 327 334 340 343 344 346 350 353 354 353 348 341 337 338
336 336 332 328 326 324 324 326 334 343 343 342 340 338 337 336 336 336 335 333 333 334 334 333 330 326 324 327 331 335 338 339 342 345 353 360 357 350 345 341 339 337 335 332 329 327 327 330 334 338 340 344 348 350 350 353 356 353 346 343 341 338 331 324 321 323 331 340 343 336 327 321 320 324 328 323 312 306 307 309 309 312 321 331 335 336 338 342 346 349 351 348 342 340 340
335 336 335 330 328 328 329 330 336 341 340 340 339 338 337 336 336 337 337 336 337 338 337 336 332 325 322 324 327 331 333 335 338 344 355 359 352 346 342 339 337 335 333 331 328 325 324 327 332 338 342 345 348 351 354 358 0 356 349 344 342 338 332 325 322 324 331 340 343 338 330 325 324 327 329 325 318 312 308 307 306 305 310 321 329 333 338 340 342 345 348 346 342 340 339
335 337 338 337 336 337 340 341 340 340 340 340 339 337 336 335 334 335 336 337 339 340 339 335 331 325 323 324 326 327 328 330 334 342 352 355 348 342 339 337 336 335 333 331 327 323 321 322 328 335 341 345 347 351 356 2 3 357 349 343 340 336 330 325 323 326 331 338 341 337 331 329 329 333 334 330 327 324 319 316 316 315 316 321 328 335 340 342 341 344 345 343 341 340 339
334 337 341 341 339 341 344 344 343 342 341 340 337 336 334 333 333 334 335 338 341 342 338 332 329 325 325 330 333 334 335 337 339 344 351 352 346 340 337 336 335 335 334 330 327 322 318 319 324 330 333 337 341 347 354 1 3 356 349 344 340 335 328 324 322 325 331 337 339 336 331 332 334 337 338 335 333 330 325 324 326 326 325 326 331 339 344 344 342 344 345 342 340 340 339
334 339 343 343 339 341 343 344 343 342 342 340 336 334 333 332 333 334 337 342 344 341 335 330 326 324 326 332 337 339 340 342 345 348 351 351 345 338 336 336 337 337 334 331 328 323 320 320 324 329 328 328 332 339 347 356 359 354 349 345 340 334 328 323 321 322 327 334 337 335 332 334 336 338 340 340 339 336 331 331 333 334 332 332 336 344 347 345 342 344 345 342 338 338 336
336 340 343 340 338 339 341 341 341 341 341 339 335 332 331 332 333 337 342 345 344 338 334 330 325 322 324 330 335 338 340 343 347 350 353 352 345 338 337 339 341 338 335 332 329 325 322 324 330 336 336 334 334 338 344 353 356 353 348 344 340 334 328 325 323 323 326 331 334 335 335 335 335 336 339 342 342 340 337 337 340 340 337 337 341 347 348 344 342 344 345 343 338 335 333
338 341 343 340 336 336 337 338 339 339 337 335 333 331 331 333 336 342 345 343 338 334 332 329 324 322 323 327 331 333 336 340 345 351 355 354 347 340 339 341 341 338 336 333 330 325 323 326 333 339 342 343 343 342 346 353 355 351 347 344 340 335 330 328 326 326 328 332 335 337 339 336 333 333 336 339 340 340 340 342 344 343 340 340 344 347 346 344 342 344 345 344 339 336 333
339 341 343 339 333 331 331 333 335 335 333 331 331 332 333 336 342 346 344 339 335 331 329 326 322 319 322 325 327 328 329 333 339 348 355 356 351 343 341 341 339 337 335 333 329 324 323 326 332 337 341 345 347 347 349 355 354 347 344 343 340 335 332 330 329 329 330 332 336 340 341 337 333 332 332 333 334 337 341 344 345 344 342 342 343 343 343 344 343 345 346 344 341 339 335
339 340 342 340 338 328 327 329 330 330 329 328 329 332 335 341 344 343 341 338 335 331 328 326 321 318 320 323 324 322 321 323 329 338 348 354 351 344 340 339 337 336 334 332 328 324 323 326 330 333 336 340 345 348 352 356 352 344 341 341 339 335 332 331 331 330 330 332 335 339 340 337 333 332 331 329 329 332 337 341 344 345 345 345 344 343 344 346 347 347 346 343 341 340 336
338 339 342 342 337 336 330 328 328 327 326 326 329 332 337 340 338 337 337 337 335 333 330 327 324 324 325 326 325 322 320 320 323 329 339 348 347 341 337 336 336 335 333 331 326 323 323 326 330 331 331 332 336 344 351 354 350 341 338 338 336 334 332 332 331 330 330 331 334 337 339 336 332 331 331 327 326 329 332 335 339 343 346 347 347 348 349 350 351 350 346 342 340 339 335
335 338 342 344 342 337 332 329 328 326 325 325 327 333 334 330 328 328 330 332 332 332 330 328 327 329 333 335 333 331 330 329 331 334 338 344 345 341 336 336 336 335 332 329 326 323 323 327 331 332 331 329 329 333 341 348 346 339 336 336 334 332 331 331 331 331 331 333 335 337 339 337 332 331 331 328 327 330 331 330 332 336 339 342 345 349 352 353 354 352 346 342 339 337 334
330 335 342 344 344 339 333 330 328 327 327 327 327 332 331 326 323 322 323 325 327 329 328 326 327 331 336 338 338 338 338 338 339 341 342 345 348 344 339 338 338 335 331 328 326 323 325 330 335 336 335 333 327 325 331 339 342 339 335 333 332 332 332 331 330 330 332 334 336 338 339 338 334 331 330 329 328 330 332 331 330 328 326 329 336 343 349 353 354 351 345 342 340 337 334
327 332 340 343 344 341 338 331 330 331 334 335 335 335 334 333 331 329 326 324 324 325 325 324 327 331 334 337 339 341 342 342 344 345 346 348 351 349 342 339 339 336 331 328 326 324 325 331 336 338 339 336 330 328 330 336 340 339 334 331 331 332 332 331 330 330 332 334 337 339 340 340 337 333 330 329 327 329 333 334 334 330 325 325 330 337 344 348 350 348 344 341 338 336 334
330 334 340 343 344 342 339 338 339 340 341 341 341 339 337 337 339 340 337 332 329 328 325 325 327 330 330 331 335 339 341 343 346 347 348 351 354 352 345 340 338 334 331 329 326 323 325 331 337 341 342 338 332 331 333 337 340 338 334 330 331 332 331 329 328 329 331 333 336 340 341 342 341 337 333 330 327 328 332 336 338 336 334 334 335 339 342 345 347 345 341 337 335 333 333
334 337 341 343 342 342 343 344 345 344 343 342 340 338 337 338 342 344 342 339 336 332 329 327 330 331 329 328 331 333 336 340 342 345 348 351 355 355 348 342 337 333 331 329 326 324 325 331 337 343 343 339 335 333 335 337 338 338 335 332 331 331 330 328 326 327 329 330 333 337 341 344 345 343 337 332 328 328 331 335 336 337 337 339 341 342 344 344 344 343 339 335 334 332 332
336 338 343 343 341 341 342 344 344 343 340 339 337 336 335 338 341 341 340 338 335 333 330 330 333 333 329 329 332 333 333 335 337 339 343 349 355 357 350 342 336 332 330 329 326 325 327 332 337 341 342 339 337 337 339 339 338 339 339 335 331 331 330 327 326 327 327 327 329 334 339 344 348 346 340 334 330 329 330 332 333 334 335 338 342 344 346 345 343 342 338 335 334 334 334
335 338 344 344 341 340 340 340 339 338 337 335 333 332 333 336 338 337 335 333 331 329 329 331 335 333 329 330 334 337 337 337 338 339 342 347 354 357 350 343 338 334 332 329 326 326 329 334 337 338 338 338 338 340 342 342 341 342 343 339 334 331 330 328 327 328 327 325 326 330 336 344 348 347 341 334 331 330 330 330 332 333 335 338 341 344 346 346 344 342 338 334 333 334 335
332 337 343 343 340 339 338 336 335 334 333 332 331 330 331 334 336 333 331 329 327 326 327 332 336 334 329 329 333 336 337 339 340 342 345 349 355 357 351 345 341 338 334 330 327 327 331 336 338 336 335 334 336 340 343 345 345 347 347 344 338 333 331 329 328 329 327 325 326 329 335 343 348 348 341 334 332 331 330 329 330 333 336 339 341 344 347 347 345 344 341 335 331 332 333
331 336 341 341 338 337 335 333 332 331 331 331 330 330 331 334 334 331 329 328 325 323 326 332 336 333 330 332 334 334 334 335 337 341 346 351 357 357 351 345 341 338 334 329 326 328 333 339 339 335 332 331 332 336 341 345 347 349 351 348 342 335 332 330 330 329 327 326 327 330 336 342 347 348 341 334 332 331 329 327 328 332 336 338 340 344 347 347 345 346 344 337 333 333 333
333 335 339 339 336 333 331 330 330 330 329 329 330 330 331 333 332 330 329 328 325 324 327 335 336 332 332 335 337 337 335 332 332 335 342 349 357 357 350 343 340 337 333 328 325 327 333 340 340 336 331 328 328 331 335 340 345 349 350 350 345 338 334 332 331 329 326 326 328 331 336 341 347 347 341 335 333 331 328 324 326 331 335 336 337 341 344 344 344 346 345 340 337 336 335
334 335 338 338 334 330 327 327 329 329 328 327 327 328 329 330 330 329 330 329 327 325 330 335 333 330 332 335 338 339 339 338 336 335 338 346 354 354 348 342 339 336 332 327 325 327 333 340 341 336 331 329 329 331 332 334 338 342 346 348 346 340 337 335 332 329 326 326 328 333 337 341 347 347 341 336 335 333 328 323 324 329 332 332 334 336 338 341 343 346 344 340 338 339 337
333 335 338 338 335 329 325 327 331 332 330 330 329 330 330 330 330 330 331 330 328 327 330 331 329 328 331 332 335 337 340 341 342 341 341 344 350 351 346 341 338 335 331 326 326 328 333 338 339 335 331 330 332 335 336 336 335 337 340 344 344 340 337 335 333 329 326 326 329 333 337 342 347 347 341 337 336 334 329 324 323 329 332 331 332 334 337 340 343 345 342 339 338 339 338
331 334 337 339 336 331 326 328 334 337 337 336 336 335 333 332 332 332 332 331 330 329 330 328 325 325 329 331 331 333 336 339 343 346 346 346 349 350 345 340 336 334 329 326 327 331 334 337 337 332 329 330 333 337 340 341 341 339 339 343 343 339 335 334 332 330 328 327 329 332 336 341 346 347 342 338 337 334 330 326 326 330 335 335 334 335 339 342 343 344 341 338 337 338 337
329 332 336 338 339 335 330 330 334 337 338 338 337 335 333 332 332 333 332 332 332 331 331 331 328 327 329 329 328 329 331 334 339 344 347 348 351 351 345 338 335 332 328 326 329 333 335 337 334 330 327 328 332 336 340 342 344 344 344 345 345 340 335 332 330 329 328 327 328 331 336 340 346 346 342 338 337 335 331 327 328 333 337 338 338 339 343 345 344 343 340 338 337 337 337
328 331 335 338 340 339 334 333 334 335 334 334 333 332 331 331 332 333 332 333 333 330 331 332 334 334 333 330 328 328 329 330 332 338 343 349 353 353 345 338 334 331 327 326 329 333 335 336 333 328 325 327 330 333 336 340 343 345 347 349 349 344 337 332 329 328 327 326 327 331 337 342 346 346 341 338 337 336 332 327 328 333 338 339 340 344 347 347 346 343 339 337 336 336 336
329 331 334 337 340 340 336 334 335 334 331 329 329 328 328 329 332 332 332 334 331 328 326 329 334 338 337 332 329 330 332 331 330 331 337 346 353 353 345 338 334 330 327 327 331 334 334 335 333 328 325 326 329 330 333 337 340 343 347 350 352 348 340 334 331 329 328 326 327 332 338 343 347 346 341 337 336 335 330 326 326 330 335 337 339 344 348 348 347 345 340 337 335 335 335
330 331 334 337 340 340 337 336 335 333 329 327 327 326 327 329 332 333 335 334 331 326 323 324 331 338 339 333 329 330 334 335 333 330 333 342 350 350 344 338 333 329 327 329 334 334 332 333 334 331 326 326 328 329 331 336 339 341 344 349 353 350 342 337 335 333 330 328 328 332 338 344 348 348 341 336 335 334 329 324 324 328 332 335 338 342 346 347 347 346 342 338 335 334 334
331 331 334 337 340 339 336 336 335 331 329 328 327 327 328 331 333 335 337 336 333 329 325 324 329 336 338 333 329 329 333 336 337 336 335 340 346 346 341 336 332 329 329 333 337 333 329 330 332 332 327 325 326 328 329 334 339 342 344 348 352 349 343 339 336 334 332 329 329 332 338 343 348 348 342 337 335 333 328 324 323 327 331 335 338 341 343 345 346 345 343 339 335 333 332
330 331 334 337 340 338 334 333 332 330 330 329 328 328 330 333 334 336 337 336 334 332 328 326 329 334 336 333 329 328 331 334 337 339 340 341 344 344 339 335 330 328 330 336 338 331 327 327 329 331 327 323 322 324 327 330 335 340 344 349 352 348 342 338 335 333 331 329 330 334 339 344 348 348 343 337 335 332 328 324 322 324 328 333 338 341 343 345 344 343 342 340 336 333 332
329 331 334 337 338 337 333 330 328 328 330 331 329 329 331 332 334 335 335 334 333 330 327 327 330 335 337 334 330 328 329 331 334 338 341 342 345 344 342 333 328 327 332 338 335 329 325 324 327 330 327 322 320 321 323 326 330 337 343 349 350 346 341 337 333 331 330 328 330 335 340 345 349 349 342 336 333 331 328 323 320 321 326 331 334 338 341 343 342 341 341 340 337 334 332
329 331 334 337 338 336 333 329 325 324 327 330 330 331 332 330 331 334 334 332 330 328 325 325 329 336 339 337 332 329 329 330 332 336 339 342 345 346 340 332 328 331 337 338 334 329 325 323 325 329 329 327 325 323 323 323 327 333 341 346 348 345 341 337 334 333 331 329 330 334 340 346 351 349 341 335 332 330 328 324 321 321 324 329 331 334 338 340 339 339 339 340 338 336 334
330 331 335 338 338 336 333 329 325 323 331 328 332 334 332 328 328 332 334 332 329 326 323 324 328 336 340 340 337 332 330 330 331 334 337 340 343 345 340 333 331 336 340 339 337 333 328 325 326 329 330 331 332 331 328 325 326 332 339 344 346 344 340 336 334 334 332 330 330 334 340 347 353 349 341 335 333 331 329 325 322 321 323 328 332 335 337 337 337 337 339 340 339 337 335
