project/data/elevation/US_DEM2016/US_DEM2016_point_11-01-2019_1018_30m_vel.asc
ncols	125
nrows	167
xllcorner	-2042055.000000
yllcorner	1465035.000000
cellsize	30.000000
NODATA_value	-9999.000000
[rows 0 to 37 of 167, columns 0 to 83 of 125]
1.74 1.59 1.39 1.25 1.19 1.38 1.66 1.86 1.93 1.95 1.93 1.83 1.82 1.99 2.03 1.93 1.66 1.42 1.44 1.72 1.99 2.04 1.98 1.89 1.77 1.66 1.56 1.47 1.60 1.72 1.76 1.76 1.72 1.65 1.56 1.49 1.53 1.64 1.78 1.89 1.96 2.02 2.07 2.09 2.06 1.96 1.82 1.79 1.87 1.92 1.85 1.76 1.59 1.40 1.34 1.37 1.40 1.39 1.41 1.39 1.35 1.32 1.38 1.55 1.66 1.73 1.75 1.67 1.51 1.43 1.38 1.35 1.36 1.38 1.43 1.47 1.48 1.49 1.60 1.70 1.66 1.64 1.80 1.88
1.74 1.59 1.39 1.25 1.19 1.38 1.66 1.86 1.93 1.95 1.93 1.83 1.82 1.99 2.03 1.93 1.66 1.42 1.44 1.72 1.99 2.04 1.98 1.89 1.77 1.66 1.56 1.47 1.60 1.72 1.76 1.76 1.72 1.65 1.56 1.49 1.53 1.64 1.78 1.89 1.96 2.02 2.07 2.09 2.06 1.96 1.82 1.79 1.87 1.92 1.85 1.76 1.59 1.40 1.34 1.37 1.40 1.39 1.41 1.39 1.35 1.32 1.38 1.55 1.66 1.73 1.75 1.67 1.51 1.43 1.38 1.35 1.36 1.38 1.43 1.47 1.48 1.49 1.60 1.70 1.66 1.64 1.80 1.88
1.94 1.76 1.48 1.22 1.02 1.07 1.28 1.51 1.71 1.85 1.93 1.83 1.68 1.79 1.97 2.00 1.80 1.53 1.46 1.60 1.83 1.91 1.93 1.90 1.82 1.72 1.59 1.52 1.59 1.70 1.76 1.77 1.74 1.69 1.60 1.48 1.44 1.47 1.55 1.67 1.78 1.85 1.91 1.97 2.01 2.00 1.92 1.83 1.84 1.87 1.86 1.81 1.67 1.43 1.31 1.34 1.41 1.46 1.50 1.49 1.41 1.30 1.29 1.39 1.52 1.62 1.72 1.74 1.69 1.59 1.49 1.42 1.39 1.38 1.40 1.44 1.44 1.39 1.45 1.62 1.61 1.50 1.61 1.85
2.27 2.04 1.63 1.26 0.90 0.71 0.74 0.95 1.25 1.58 1.84 1.76 1.50 1.49 1.85 2.08 1.92 1.65 1.48 1.49 1.63 1.76 1.87 1.90 1.86 1.80 1.69 1.61 1.62 1.70 1.79 1.83 1.82 1.78 1.70 1.55 1.42 1.33 1.25 1.29 1.46 1.61 1.72 1.82 1.91 1.98 1.99 1.91 1.86 1.86 1.93 1.94 1.77 1.49 1.31 1.23 1.28 1.42 1.56 1.65 1.61 1.45 1.29 1.26 1.31 1.43 1.57 1.70 1.76 1.76 1.70 1.61 1.51 1.44 1.41 1.41 1.38 1.28 1.27 1.45 1.46 1.30 1.33 1.73
2.46 2.19 1.73 1.35 0.99 0.71 0.59 0.69 0.93 1.26 1.57 1.61 1.39 1.34 1.76 2.07 1.89 1.52 1.40 1.47 1.59 1.75 1.88 1.88 1.81 1.78 1.74 1.68 1.68 1.75 1.86 1.94 1.93 1.89 1.84 1.75 1.62 1.47 1.26 1.12 1.21 1.39 1.57 1.73 1.80 1.85 1.90 1.93 1.91 1.93 2.06 2.06 1.83 1.56 1.36 1.16 1.11 1.19 1.36 1.56 1.68 1.65 1.50 1.37 1.33 1.35 1.40 1.47 1.58 1.66 1.68 1.65 1.59 1.52 1.46 1.42 1.37 1.29 1.26 1.32 1.30 1.16 1.15 1.56
2.52 2.26 1.79 1.43 1.12 0.86 0.65 0.59 0.71 0.97 1.27 1.41 1.28 1.21 1.64 2.04 1.93 1.45 1.28 1.38 1.57 1.79 1.93 1.87 1.75 1.74 1.74 1.70 1.70 1.76 1.88 2.02 2.05 2.00 1.95 1.90 1.81 1.67 1.44 1.16 1.03 1.09 1.26 1.48 1.64 1.70 1.73 1.81 1.86 1.97 2.14 2.14 1.94 1.69 1.45 1.24 1.16 1.16 1.21 1.33 1.53 1.65 1.62 1.52 1.44 1.40 1.39 1.40 1.44 1.50 1.54 1.57 1.56 1.54 1.50 1.44 1.39 1.32 1.28 1.26 1.20 1.08 1.07 1.39
2.53 2.29 1.84 1.53 1.27 1.04 0.82 0.65 0.64 0.75 0.98 1.17 1.11 1.09 1.46 1.93 1.99 1.59 1.26 1.25 1.50 1.81 1.96 1.85 1.73 1.71 1.72 1.70 1.67 1.72 1.85 2.00 2.07 2.05 2.00 1.96 1.91 1.82 1.64 1.34 1.06 0.95 0.99 1.15 1.38 1.50 1.55 1.63 1.79 1.98 2.15 2.16 1.99 1.86 1.71 1.51 1.42 1.38 1.33 1.33 1.41 1.54 1.60 1.58 1.55 1.50 1.46 1.43 1.42 1.44 1.47 1.51 1.53 1.54 1.53 1.49 1.42 1.36 1.29 1.23 1.16 1.09 1.07 1.25
2.45 2.28 1.93 1.67 1.45 1.22 1.01 0.81 0.72 0.72 0.79 0.89 0.90 0.95 1.28 1.74 1.94 1.70 1.33 1.22 1.44 1.76 1.90 1.84 1.73 1.70 1.73 1.71 1.66 1.67 1.78 1.94 2.05 2.07 2.05 2.04 2.05 2.03 1.91 1.67 1.37 1.10 0.97 0.96 1.08 1.28 1.41 1.52 1.72 1.98 2.12 2.07 1.91 1.89 1.91 1.85 1.73 1.64 1.56 1.50 1.49 1.52 1.57 1.59 1.61 1.61 1.57 1.48 1.41 1.40 1.44 1.50 1.54 1.56 1.56 1.54 1.48 1.41 1.32 1.21 1.13 1.10 1.09 1.14
2.34 2.25 2.07 1.87 1.67 1.45 1.23 1.07 0.96 0.82 0.76 0.74 0.73 0.80 1.08 1.50 1.76 1.68 1.43 1.32 1.46 1.68 1.76 1.75 1.69 1.67 1.70 1.74 1.72 1.68 1.74 1.88 2.02 2.08 2.09 2.13 2.20 2.25 2.25 2.12 1.86 1.56 1.26 1.03 0.96 1.10 1.33 1.52 1.73 1.98 2.07 1.90 1.67 1.67 1.79 1.86 1.82 1.74 1.67 1.63 1.60 1.60 1.59 1.60 1.66 1.73 1.70 1.55 1.38 1.32 1.38 1.49 1.56 1.59 1.59 1.58 1.57 1.52 1.40 1.25 1.15 1.12 1.10 1.09
2.18 2.22 2.22 2.09 1.91 1.72 1.51 1.36 1.23 1.08 0.91 0.79 0.70 0.70 0.88 1.25 1.53 1.57 1.49 1.46 1.57 1.65 1.62 1.61 1.62 1.60 1.61 1.69 1.75 1.73 1.73 1.79 1.92 2.00 2.00 2.04 2.13 2.24 2.32 2.35 2.28 2.11 1.84 1.47 1.11 1.07 1.27 1.51 1.75 1.99 2.03 1.76 1.47 1.31 1.40 1.60 1.71 1.71 1.67 1.66 1.66 1.66 1.62 1.57 1.64 1.78 1.82 1.66 1.40 1.25 1.29 1.46 1.58 1.62 1.63 1.63 1.67 1.67 1.58 1.43 1.31 1.25 1.22 1.14
2.05 2.13 2.27 2.27 2.14 2.00 1.84 1.71 1.57 1.41 1.24 1.07 0.88 0.74 0.76 1.02 1.30 1.42 1.47 1.57 1.70 1.70 1.58 1.54 1.57 1.57 1.54 1.56 1.67 1.74 1.74 1.72 1.77 1.83 1.80 1.78 1.86 2.00 2.14 2.25 2.32 2.35 2.28 2.01 1.55 1.19 1.23 1.49 1.78 1.99 1.97 1.72 1.45 1.26 1.25 1.39 1.56 1.63 1.65 1.67 1.69 1.70 1.66 1.54 1.53 1.72 1.88 1.82 1.54 1.27 1.25 1.43 1.61 1.66 1.66 1.67 1.72 1.75 1.72 1.63 1.53 1.45 1.40 1.31
1.88 1.97 2.13 2.23 2.25 2.19 2.09 1.99 1.90 1.76 1.62 1.47 1.26 1.00 0.83 0.91 1.11 1.25 1.37 1.57 1.75 1.77 1.63 1.56 1.56 1.57 1.55 1.53 1.56 1.65 1.66 1.63 1.66 1.70 1.66 1.60 1.63 1.74 1.86 1.96 2.06 2.22 2.36 2.34 2.07 1.59 1.39 1.60 1.86 1.97 1.85 1.70 1.55 1.39 1.31 1.33 1.43 1.53 1.60 1.67 1.71 1.72 1.70 1.57 1.46 1.60 1.87 1.96 1.76 1.46 1.31 1.42 1.57 1.65 1.64 1.63 1.66 1.71 1.69 1.64 1.55 1.45 1.39 1.35
1.90 1.81 1.74 1.89 2.04 2.10 2.09 2.05 2.01 1.94 1.87 1.77 1.63 1.39 1.14 1.00 1.03 1.12 1.22 1.46 1.71 1.77 1.68 1.59 1.55 1.54 1.54 1.50 1.47 1.49 1.51 1.54 1.59 1.62 1.56 1.50 1.50 1.55 1.59 1.66 1.74 1.88 2.11 2.32 2.35 2.08 1.75 1.83 1.99 1.92 1.70 1.60 1.50 1.44 1.38 1.34 1.34 1.40 1.53 1.66 1.74 1.76 1.73 1.64 1.49 1.50 1.76 1.97 1.94 1.71 1.50 1.49 1.58 1.64 1.62 1.58 1.59 1.60 1.59 1.59 1.52 1.38 1.25 1.21
2.08 1.87 1.56 1.48 1.62 1.81 1.92 1.95 1.89 1.85 1.85 1.83 1.78 1.68 1.51 1.28 1.11 1.08 1.14 1.33 1.60 1.70 1.67 1.58 1.51 1.46 1.44 1.42 1.38 1.36 1.40 1.46 1.53 1.52 1.45 1.41 1.42 1.44 1.42 1.43 1.47 1.55 1.73 2.01 2.27 2.29 2.11 2.08 2.16 1.97 1.65 1.46 1.39 1.42 1.41 1.35 1.28 1.30 1.44 1.61 1.77 1.82 1.78 1.69 1.56 1.50 1.64 1.87 1.98 1.90 1.72 1.64 1.64 1.64 1.60 1.58 1.54 1.52 1.57 1.64 1.62 1.46 1.24 1.09
2.12 2.03 1.70 1.40 1.32 1.51 1.70 1.72 1.63 1.60 1.63 1.66 1.66 1.65 1.65 1.54 1.30 1.16 1.16 1.29 1.48 1.59 1.61 1.56 1.47 1.39 1.36 1.37 1.36 1.34 1.35 1.40 1.50 1.52 1.44 1.37 1.37 1.37 1.35 1.33 1.33 1.36 1.46 1.65 1.92 2.19 2.25 2.27 2.28 2.11 1.76 1.49 1.40 1.44 1.45 1.39 1.28 1.25 1.36 1.52 1.72 1.85 1.86 1.77 1.67 1.60 1.63 1.79 1.97 2.01 1.91 1.80 1.70 1.62 1.61 1.61 1.58 1.52 1.56 1.68 1.73 1.61 1.35 1.13
2.13 2.09 1.86 1.56 1.31 1.36 1.52 1.52 1.43 1.38 1.37 1.34 1.32 1.33 1.46 1.56 1.46 1.30 1.25 1.31 1.42 1.52 1.57 1.56 1.49 1.41 1.38 1.39 1.42 1.40 1.34 1.34 1.48 1.60 1.57 1.50 1.43 1.35 1.31 1.32 1.34 1.34 1.38 1.48 1.65 1.94 2.17 2.35 2.40 2.24 1.93 1.66 1.55 1.55 1.54 1.47 1.33 1.28 1.36 1.47 1.60 1.80 1.95 1.94 1.83 1.75 1.72 1.80 1.98 2.13 2.14 2.00 1.79 1.65 1.65 1.67 1.65 1.57 1.57 1.69 1.78 1.72 1.48 1.24
2.21 2.07 1.84 1.67 1.50 1.46 1.53 1.49 1.37 1.32 1.28 1.19 1.11 1.05 1.14 1.39 1.48 1.42 1.37 1.39 1.44 1.51 1.58 1.60 1.56 1.50 1.47 1.46 1.50 1.52 1.43 1.31 1.38 1.58 1.68 1.65 1.58 1.44 1.31 1.32 1.39 1.44 1.46 1.48 1.55 1.74 2.03 2.33 2.50 2.42 2.11 1.86 1.75 1.69 1.63 1.54 1.43 1.42 1.48 1.51 1.56 1.74 1.95 2.05 2.01 1.88 1.79 1.80 1.95 2.15 2.29 2.26 1.96 1.79 1.75 1.73 1.71 1.68 1.66 1.70 1.79 1.77 1.60 1.39
2.30 2.11 1.81 1.70 1.69 1.68 1.65 1.56 1.45 1.39 1.35 1.26 1.16 1.05 1.02 1.18 1.37 1.44 1.45 1.46 1.49 1.54 1.61 1.65 1.64 1.59 1.56 1.54 1.54 1.61 1.59 1.43 1.33 1.42 1.60 1.74 1.76 1.66 1.46 1.36 1.41 1.50 1.56 1.58 1.57 1.67 1.92 2.23 2.49 2.55 2.32 2.04 1.88 1.80 1.72 1.60 1.55 1.56 1.59 1.61 1.59 1.63 1.77 1.95 2.03 1.97 1.80 1.65 1.72 2.01 2.35 2.51 2.33 2.16 2.07 1.98 1.97 1.95 1.90 1.89 1.91 1.87 1.72 1.54
2.32 2.19 1.90 1.77 1.82 1.88 1.82 1.69 1.60 1.54 1.52 1.49 1.42 1.28 1.14 1.12 1.25 1.38 1.45 1.50 1.54 1.59 1.65 1.69 1.67 1.64 1.63 1.60 1.56 1.61 1.69 1.62 1.46 1.37 1.44 1.66 1.87 1.90 1.78 1.61 1.53 1.56 1.62 1.63 1.59 1.63 1.78 2.04 2.37 2.52 2.44 2.20 2.01 1.90 1.79 1.63 1.58 1.62 1.66 1.64 1.56 1.48 1.51 1.68 1.88 1.95 1.83 1.55 1.42 1.69 2.17 2.46 2.55 2.51 2.42 2.37 2.38 2.39 2.34 2.30 2.31 2.20 1.94 1.68
2.35 2.24 1.96 1.78 1.84 1.91 1.89 1.83 1.77 1.70 1.67 1.64 1.61 1.51 1.36 1.24 1.25 1.34 1.43 1.50 1.56 1.64 1.70 1.73 1.68 1.63 1.63 1.64 1.58 1.55 1.66 1.72 1.69 1.60 1.54 1.64 1.86 2.00 1.99 1.85 1.70 1.63 1.63 1.65 1.63 1.63 1.68 1.84 2.15 2.35 2.35 2.24 2.12 2.00 1.86 1.67 1.59 1.65 1.66 1.62 1.51 1.38 1.33 1.41 1.62 1.78 1.79 1.58 1.29 1.32 1.71 2.09 2.28 2.35 2.39 2.42 2.44 2.46 2.44 2.46 2.59 2.64 2.32 1.89
2.41 2.26 1.93 1.74 1.76 1.87 1.92 1.88 1.81 1.73 1.67 1.65 1.64 1.60 1.53 1.41 1.34 1.35 1.42 1.49 1.56 1.67 1.78 1.81 1.76 1.67 1.64 1.67 1.63 1.55 1.61 1.73 1.82 1.82 1.77 1.74 1.82 1.93 1.96 1.88 1.77 1.69 1.68 1.69 1.69 1.67 1.67 1.74 1.93 2.11 2.21 2.24 2.24 2.17 2.01 1.81 1.70 1.67 1.67 1.61 1.49 1.35 1.22 1.19 1.35 1.49 1.56 1.47 1.21 1.03 1.18 1.52 1.77 1.93 2.07 2.12 2.09 2.08 2.15 2.23 2.52 2.79 2.73 2.22
2.41 2.22 1.91 1.77 1.82 1.90 1.91 1.85 1.76 1.66 1.60 1.57 1.54 1.55 1.55 1.49 1.42 1.40 1.43 1.49 1.56 1.70 1.88 1.98 1.96 1.85 1.75 1.75 1.77 1.71 1.67 1.72 1.79 1.81 1.78 1.73 1.75 1.80 1.84 1.83 1.79 1.77 1.75 1.71 1.68 1.68 1.71 1.75 1.77 1.88 2.00 2.08 2.19 2.27 2.18 2.01 1.84 1.76 1.72 1.61 1.49 1.35 1.17 1.09 1.16 1.24 1.25 1.24 1.09 0.84 0.85 1.08 1.32 1.48 1.59 1.66 1.60 1.58 1.65 1.76 2.13 2.67 2.90 2.65
2.26 2.17 2.06 1.99 1.96 1.98 1.92 1.80 1.67 1.61 1.56 1.49 1.44 1.44 1.47 1.47 1.44 1.42 1.45 1.49 1.54 1.66 1.87 2.06 2.11 2.06 1.97 1.92 1.93 1.89 1.77 1.68 1.68 1.69 1.66 1.61 1.65 1.74 1.81 1.80 1.76 1.77 1.76 1.73 1.69 1.66 1.73 1.75 1.69 1.73 1.79 1.88 2.00 2.13 2.19 2.13 2.02 1.92 1.79 1.66 1.54 1.37 1.24 1.16 1.15 1.15 1.13 1.13 1.03 0.81 0.72 0.86 1.08 1.21 1.24 1.29 1.30 1.35 1.40 1.46 1.78 2.30 2.74 2.81
1.96 2.01 2.07 2.07 2.08 2.04 1.96 1.82 1.66 1.58 1.54 1.46 1.39 1.36 1.38 1.41 1.42 1.42 1.43 1.45 1.45 1.50 1.66 1.88 2.03 2.07 2.03 1.97 1.92 1.87 1.77 1.65 1.59 1.61 1.60 1.55 1.60 1.70 1.75 1.75 1.74 1.75 1.76 1.76 1.68 1.67 1.72 1.71 1.66 1.63 1.64 1.67 1.73 1.85 2.01 2.13 2.18 2.11 1.93 1.79 1.67 1.53 1.43 1.33 1.22 1.15 1.13 1.14 1.06 0.88 0.76 0.78 0.92 1.04 1.03 1.01 1.08 1.23 1.26 1.22 1.46 1.88 2.39 2.75
1.66 1.71 1.86 2.03 2.19 2.19 2.03 1.85 1.69 1.57 1.51 1.42 1.35 1.31 1.31 1.34 1.37 1.38 1.39 1.39 1.37 1.37 1.44 1.58 1.77 1.88 1.89 1.86 1.83 1.79 1.73 1.64 1.57 1.54 1.53 1.51 1.56 1.64 1.67 1.67 1.70 1.76 1.80 1.75 1.70 1.72 1.73 1.74 1.70 1.60 1.54 1.55 1.59 1.67 1.82 2.05 2.24 2.28 2.15 1.98 1.87 1.79 1.70 1.56 1.37 1.21 1.16 1.15 1.10 0.99 0.88 0.82 0.86 0.93 0.91 0.86 0.92 1.07 1.09 1.02 1.17 1.50 1.99 2.54
1.54 1.51 1.64 1.95 2.27 2.33 2.17 1.89 1.71 1.57 1.47 1.38 1.30 1.25 1.24 1.27 1.33 1.36 1.38 1.38 1.37 1.38 1.43 1.51 1.61 1.72 1.78 1.79 1.78 1.77 1.75 1.68 1.59 1.53 1.49 1.49 1.55 1.62 1.60 1.56 1.62 1.75 1.82 1.79 1.71 1.69 1.74 1.83 1.81 1.65 1.50 1.45 1.46 1.53 1.71 1.95 2.20 2.36 2.37 2.23 2.09 2.01 1.92 1.77 1.58 1.40 1.29 1.24 1.20 1.12 1.02 0.90 0.87 0.91 0.89 0.83 0.84 0.94 0.94 0.89 0.95 1.17 1.56 2.13
1.54 1.48 1.53 1.80 2.16 2.42 2.42 2.10 1.83 1.66 1.51 1.41 1.34 1.25 1.20 1.22 1.30 1.37 1.42 1.43 1.43 1.45 1.49 1.55 1.59 1.65 1.74 1.78 1.77 1.78 1.76 1.70 1.63 1.59 1.55 1.50 1.49 1.57 1.58 1.48 1.48 1.62 1.78 1.80 1.70 1.63 1.92 1.86 1.91 1.77 1.54 1.36 1.30 1.36 1.56 1.83 2.09 2.32 2.45 2.42 2.29 2.18 2.13 2.04 1.90 1.70 1.52 1.44 1.39 1.31 1.17 1.04 0.97 0.99 0.96 0.87 0.86 0.91 0.88 0.80 0.81 0.94 1.19 1.66
1.55 1.48 1.44 1.61 1.93 2.33 2.55 2.41 2.10 1.87 1.70 1.56 1.48 1.39 1.29 1.24 1.29 1.37 1.45 1.48 1.47 1.46 1.47 1.51 1.56 1.63 1.73 1.76 1.71 1.72 1.76 1.75 1.69 1.66 1.64 1.56 1.46 1.48 1.56 1.51 1.41 1.47 1.67 1.72 1.66 1.58 1.62 1.81 1.96 1.94 1.69 1.38 1.19 1.19 1.40 1.69 1.93 2.18 2.35 2.40 2.37 2.32 2.33 2.35 2.25 2.12 1.93 1.75 1.66 1.60 1.44 1.27 1.18 1.16 1.09 0.97 0.94 0.95 0.89 0.78 0.72 0.76 0.94 1.28
1.65 1.49 1.32 1.38 1.60 2.06 2.44 2.53 2.33 2.05 1.86 1.70 1.60 1.53 1.43 1.33 1.30 1.33 1.41 1.46 1.46 1.44 1.43 1.45 1.52 1.61 1.70 1.72 1.66 1.67 1.75 1.81 1.78 1.72 1.70 1.67 1.56 1.48 1.55 1.57 1.47 1.44 1.58 1.62 1.59 1.52 1.53 1.69 1.93 2.07 1.96 1.59 1.21 1.06 1.21 1.49 1.76 2.00 2.15 2.23 2.22 2.18 2.22 2.01 2.42 2.48 2.43 2.22 2.04 1.92 1.77 1.58 1.47 1.37 1.27 1.17 1.11 1.06 0.97 0.84 0.71 0.68 0.78 1.01
1.77 1.61 1.37 1.27 1.36 1.72 2.17 2.44 2.43 2.19 1.92 1.70 1.57 1.50 1.45 1.37 1.31 1.30 1.33 1.36 1.39 1.41 1.42 1.45 1.50 1.58 1.65 1.66 1.61 1.62 1.74 1.84 1.85 1.83 1.81 1.81 1.78 1.67 1.64 1.67 1.63 1.56 1.58 1.60 1.55 1.45 1.38 1.49 1.77 2.04 2.14 1.96 1.46 1.09 1.10 1.33 1.60 1.84 1.96 2.02 1.99 1.94 1.94 2.06 2.22 2.41 2.27 2.55 2.46 2.34 2.25 2.16 2.02 1.78 1.55 1.44 1.38 1.29 1.13 0.98 0.82 0.71 0.71 0.84
1.81 1.76 1.60 1.38 1.27 1.46 1.85 2.23 2.41 2.33 2.06 1.78 1.57 1.43 1.36 1.31 1.29 1.28 1.28 1.29 1.35 1.42 1.44 1.45 1.49 1.55 1.58 1.53 1.46 1.49 1.64 1.76 1.84 1.90 1.92 1.94 1.93 1.87 1.81 1.80 1.79 1.69 1.69 1.69 1.58 1.36 1.23 1.26 1.49 1.83 2.09 2.15 1.85 1.31 1.12 1.23 1.45 1.66 1.78 1.89 1.92 1.80 1.60 1.60 1.75 2.01 2.30 2.49 2.58 2.56 2.54 2.53 2.51 2.39 2.08 1.86 1.72 1.56 1.36 1.16 0.99 0.85 0.77 0.78
1.78 1.76 1.71 1.56 1.33 1.30 1.57 1.95 2.26 2.38 2.28 2.02 1.76 1.53 1.37 1.28 1.27 1.28 1.29 1.32 1.39 1.45 1.46 1.46 1.48 1.55 1.56 1.42 1.26 1.26 1.41 1.53 1.62 1.73 1.84 1.92 1.92 1.91 1.90 1.90 1.85 1.78 1.79 1.79 1.66 1.42 1.20 1.11 1.22 1.49 1.86 2.12 2.07 1.58 1.21 1.17 1.31 1.50 1.66 1.86 1.97 1.76 1.40 1.28 1.36 1.61 1.93 2.14 2.29 2.37 2.39 2.43 2.55 2.64 2.58 2.37 2.10 1.82 1.56 1.33 1.16 1.03 0.93 0.87
1.78 1.73 1.65 1.56 1.37 1.22 1.33 1.65 1.99 2.23 2.32 2.20 1.95 1.69 1.48 1.33 1.28 1.29 1.33 1.39 1.45 1.51 1.53 1.52 1.52 1.59 1.61 1.46 1.22 1.12 1.19 1.28 1.31 1.41 1.57 1.72 1.80 1.82 1.86 1.92 1.88 1.84 1.81 1.75 1.64 1.49 1.27 1.06 1.02 1.21 1.52 1.95 2.08 1.76 1.31 1.14 1.23 1.42 1.65 1.94 2.06 1.71 1.23 1.07 1.12 1.35 1.61 1.75 1.89 2.00 2.04 2.08 2.24 2.46 2.61 2.67 2.51 2.12 1.76 1.52 1.35 1.22 1.13 1.07
1.99 1.86 1.62 1.45 1.30 1.10 1.05 1.29 1.60 1.92 2.16 2.22 2.07 1.80 1.56 1.39 1.32 1.34 1.40 1.48 1.57 1.64 1.68 1.66 1.65 1.72 1.76 1.65 1.38 1.14 1.13 1.18 1.16 1.19 1.33 1.51 1.66 1.70 1.80 1.89 1.92 1.94 1.83 1.59 1.42 1.37 1.26 1.02 0.84 0.94 1.22 1.68 1.99 1.81 1.37 1.17 1.21 1.43 1.72 2.08 2.19 1.71 1.17 0.91 0.90 1.14 1.40 1.49 1.61 1.76 1.69 1.65 1.84 2.14 2.42 2.69 2.80 2.60 2.14 1.79 1.55 1.42 1.34 1.28
2.23 2.02 1.67 1.44 1.24 1.04 0.94 1.02 1.25 1.55 1.87 2.10 2.12 1.91 1.63 1.43 1.36 1.39 1.47 1.57 1.69 1.76 1.81 1.83 1.85 1.91 1.96 1.87 1.61 1.32 1.19 1.19 1.17 1.14 1.20 1.35 1.50 1.59 1.72 1.85 1.99 2.07 1.90 1.48 1.29 1.26 1.20 0.99 0.76 0.71 0.93 1.42 1.84 1.79 1.40 1.23 1.25 1.47 1.79 2.20 2.30 1.86 1.29 0.92 0.77 0.89 1.15 1.28 1.42 1.60 1.52 1.37 1.55 1.90 2.12 2.38 2.73 2.87 2.64 2.14 1.75 1.62 1.57 1.48
2.30 2.11 1.79 1.59 1.42 1.20 1.03 0.96 1.03 1.24 1.51 1.84 2.03 1.98 1.73 1.48 1.40 1.43 1.50 1.63 1.74 1.84 1.93 1.99 2.05 2.11 2.13 2.06 1.85 1.56 1.30 1.21 1.22 1.22 1.21 1.28 1.36 1.47 1.64 1.81 2.04 2.16 1.99 1.60 1.38 1.29 1.22 1.09 0.85 0.66 0.74 1.19 1.69 1.76 1.43 1.28 1.29 1.50 1.80 2.21 2.35 2.06 1.48 1.03 0.77 0.75 0.94 1.10 1.27 1.50 1.48 1.28 1.42 1.75 1.86 1.97 2.34 2.74 2.89 2.66 2.22 2.05 1.94 1.77
2.28 2.15 1.89 1.71 1.60 1.45 1.27 1.08 1.01 1.08 1.24 1.49 1.80 1.92 1.79 1.55 1.43 1.44 1.51 1.63 1.73 1.84 1.95 2.06 2.15 2.24 2.31 2.27 2.14 1.85 1.47 1.22 1.19 1.25 1.34 1.41 1.39 1.43 1.57 1.74 2.03 2.20 2.10 1.83 1.62 1.46 1.36 1.25 1.06 0.77 0.70 0.96 1.51 1.67 1.44 1.29 1.32 1.51 1.76 2.13 2.37 2.22 1.70 1.23 0.87 0.71 0.76 0.93 1.10 1.36 1.41 1.22 1.36 1.66 1.68 1.64 1.90 2.37 2.77 2.89 2.73 2.56 2.39 2.17
2.25 2.16 1.92 1.74 1.65 1.56 1.44 1.25 1.10 1.06 1.13 1.28 1.52 1.74 1.75 1.59 1.45 1.39 1.43 1.54 1.64 1.73 1.84 1.97 2.09 2.21 2.33 2.43 2.42 2.22 1.82 1.40 1.19 1.19 1.32 1.49 1.53 1.51 1.54 1.67 1.96 2.17 2.26 2.17 1.94 1.69 1.54 1.41 1.24 0.99 0.76 0.83 1.26 1.54 1.42 1.29 1.33 1.52 1.73 2.06 2.33 2.30 1.92 1.52 1.13 0.84 0.74 0.80 0.94 1.21 1.31 1.14 1.26 1.57 1.55 1.40 1.56 1.95 2.39 2.63 2.65 2.62 2.62 2.53
