project/data/elevation/US_DEM2016/US_DEM2016_point_10-30-2019_0831_30m_ang.asc
ncols	125
nrows	167
xllcorner	-2042055.000000
yllcorner	1465035.000000
cellsize	30.000000
NODATA_value	-9999.000000
[rows 0 to 46 of 167, columns 0 to 95 of 125]
2 360 353 348 348 349 350 352 354 356 358 358 356 357 358 358 359 359 358 357 356 355 355 356 358 359 0 2 1 0 359 358 355 353 350 348 346 347 349 351 353 353 354 355 356 356 355 353 352 352 352 353 355 356 357 358 360 359 358 357 355 355 353 352 353 356 358 359 358 355 353 352 352 353 354 355 355 353 352 354 357 358 357 356 355 355 357 358 359 357 356 356 357 356 354 353
2 360 353 348 348 349 350 352 354 356 358 358 356 357 358 358 359 359 358 357 356 355 355 356 358 359 0 2 1 0 359 358 355 353 350 348 346 347 349 351 353 353 354 355 356 356 355 353 352 352 352 353 355 356 357 358 360 359 358 357 355 355 353 352 353 356 358 359 358 355 353 352 352 353 354 355 355 353 352 354 357 358 357 356 355 355 357 358 359 357 356 356 357 356 354 353
9 5 353 345 343 343 345 347 350 355 358 358 356 356 358 359 0 1 360 358 356 354 353 355 358 1 4 6 6 5 4 2 359 356 352 348 344 343 345 348 351 352 353 354 356 357 356 354 352 351 350 351 354 356 357 359 1 2 1 359 357 354 351 350 351 354 358 0 360 358 355 353 352 352 353 354 354 351 349 352 357 358 357 356 355 356 358 0 1 358 356 357 358 356 354 352
20 11 354 343 337 333 333 336 342 350 356 357 356 356 358 0 2 3 3 1 356 352 351 355 1 7 12 15 14 13 11 8 4 360 356 352 346 341 338 341 346 349 351 353 354 356 356 355 353 350 348 349 352 354 356 359 2 4 4 4 1 356 351 348 348 351 356 360 1 360 358 356 355 353 352 352 351 348 345 348 354 356 354 354 355 358 1 4 3 359 357 358 358 356 352 349
22 13 355 345 338 331 327 328 334 342 350 355 356 357 358 1 2 3 3 1 356 351 352 356 4 13 18 19 17 15 12 8 4 1 359 357 352 347 341 339 341 346 349 351 352 353 355 355 353 350 348 349 351 354 357 359 1 2 3 4 3 0 355 351 349 350 352 355 358 359 360 359 359 357 354 351 348 346 343 345 349 349 348 350 355 1 5 5 3 359 358 357 355 351 348 347
20 12 356 347 341 335 328 325 327 333 342 350 354 356 358 360 0 359 359 358 354 353 354 1 9 17 20 19 16 13 10 6 3 2 1 0 357 352 347 341 337 338 342 346 349 351 353 353 352 350 350 351 354 357 359 1 359 357 356 359 1 2 0 357 354 352 351 351 353 356 359 360 360 358 354 350 347 344 342 342 343 343 341 344 354 3 7 6 2 359 357 355 351 346 345 349
17 10 357 350 345 340 335 328 323 324 331 342 349 352 354 358 0 359 356 355 353 354 359 6 13 18 19 17 13 10 7 5 4 3 3 1 359 356 352 347 340 334 335 339 344 348 350 350 350 349 349 352 356 1 2 1 359 356 355 356 359 2 3 2 358 355 352 350 350 353 356 359 359 357 354 350 346 342 339 339 339 338 337 340 351 2 6 5 0 357 355 352 347 345 348 357
11 6 357 352 349 346 341 334 325 320 321 331 341 345 348 354 360 1 358 355 353 355 2 9 14 17 18 15 11 6 4 3 3 3 2 1 360 359 358 354 349 340 333 332 336 343 347 347 346 345 347 351 357 2 4 3 1 360 0 1 2 3 4 4 2 358 353 349 348 352 356 358 358 356 353 350 345 340 336 334 334 335 335 337 346 357 3 2 358 355 353 349 346 349 359 11
4 2 357 356 354 352 349 342 333 325 322 324 330 336 342 350 358 3 3 358 353 355 3 11 16 16 15 12 8 4 1 1 1 359 358 358 360 1 1 0 358 352 344 336 335 341 346 346 343 342 344 350 357 2 5 6 5 6 7 8 7 6 4 4 4 1 354 348 347 351 356 359 358 355 352 350 347 343 338 336 335 334 333 335 342 351 358 358 355 352 350 349 351 1 13 19
357 358 359 359 359 358 355 348 340 335 331 328 328 330 336 345 356 4 5 0 355 356 4 12 15 14 11 8 6 2 359 357 356 354 354 356 359 2 3 3 3 0 356 349 343 343 346 346 343 342 344 350 356 1 5 9 11 13 14 13 11 8 4 2 2 0 355 351 350 353 357 358 355 352 350 350 348 346 344 344 342 340 338 337 341 348 353 353 351 351 351 354 1 11 15 15
348 353 0 2 2 1 357 351 346 343 341 338 334 331 334 341 353 2 3 0 357 359 5 10 12 10 7 4 2 359 355 353 351 351 352 355 358 0 1 3 4 4 2 359 352 346 344 343 342 343 347 354 358 1 4 10 16 18 17 15 12 8 2 357 356 356 356 355 355 356 356 355 352 349 349 349 349 348 349 350 349 348 346 344 344 347 350 349 349 352 356 1 6 9 9 8
339 347 359 3 3 1 357 353 351 350 349 347 344 340 338 341 348 356 359 359 360 2 7 9 9 7 4 360 356 354 352 350 349 350 354 356 356 356 358 0 2 4 4 3 359 353 347 342 341 344 350 358 2 4 7 11 15 17 16 14 10 4 358 353 350 352 355 358 359 358 355 352 349 347 347 348 349 351 353 354 352 350 348 348 348 348 348 346 348 354 359 2 3 4 4 4
338 342 350 358 0 359 357 355 355 356 356 354 352 350 347 344 346 351 354 357 1 6 9 9 6 3 359 355 352 350 349 348 349 353 356 356 353 352 354 356 358 360 2 4 3 359 351 345 343 345 353 1 7 11 12 11 11 11 12 10 6 359 354 351 348 349 354 359 1 359 355 350 347 346 347 349 351 354 357 356 350 345 342 344 346 346 345 345 349 353 356 358 0 0 360 0
346 344 343 348 354 356 356 357 359 360 360 358 358 357 355 350 348 350 352 356 3 10 11 8 3 359 355 352 350 348 348 349 352 356 356 351 349 350 351 351 353 354 357 1 4 2 355 349 347 350 356 4 13 15 13 7 5 5 5 4 1 357 353 350 349 348 352 357 0 360 356 350 348 349 351 354 356 359 0 357 349 341 337 337 339 339 340 343 347 350 353 355 357 357 356 356
349 348 346 345 347 351 354 357 358 359 359 359 359 360 359 357 353 353 354 358 5 11 11 7 3 358 355 353 351 349 350 353 357 357 354 348 346 347 348 347 347 348 350 356 0 0 356 353 353 357 3 10 14 11 5 1 1 1 359 358 357 355 352 350 349 349 351 355 359 360 356 351 350 355 360 2 0 360 359 355 349 343 339 338 336 336 338 342 345 348 350 351 352 353 353 352
346 348 351 350 347 347 349 352 352 350 349 350 353 356 358 359 359 358 359 2 7 10 10 8 6 2 359 357 356 354 353 353 356 357 356 353 350 348 348 349 349 348 348 351 353 355 356 357 359 4 9 11 9 4 359 358 359 359 355 352 352 353 353 352 350 349 351 355 359 0 357 355 357 4 6 3 359 358 356 352 348 344 342 340 337 337 339 342 344 345 347 348 349 349 351 351
346 348 353 356 356 353 348 346 343 340 338 339 341 344 350 357 2 3 4 6 8 9 10 10 9 7 3 359 358 358 355 352 352 355 357 356 354 351 350 351 351 350 349 349 349 351 355 1 6 9 11 10 5 359 356 357 359 357 352 348 348 350 352 353 353 351 352 355 358 1 1 2 6 7 3 360 359 358 356 352 347 345 343 341 340 341 343 344 344 343 345 346 347 349 353 356
351 351 355 2 5 1 352 346 342 341 340 340 341 341 345 353 1 6 8 8 9 10 12 12 10 6 2 359 358 359 359 355 352 351 354 356 356 354 352 351 351 350 349 347 348 350 357 6 11 12 11 7 1 357 355 357 358 354 349 345 345 347 351 355 356 355 353 353 356 1 5 8 8 4 360 358 359 360 358 354 350 347 345 344 345 346 346 345 343 342 343 345 348 353 358 359
355 356 1 7 7 359 351 346 344 344 345 346 347 347 349 353 360 6 9 10 11 13 14 12 8 4 1 358 356 357 359 358 354 351 351 353 355 356 354 351 350 349 348 348 349 353 1 9 12 12 10 5 359 355 354 357 356 351 346 344 344 346 350 354 357 358 355 352 352 358 4 6 5 2 359 358 360 0 360 358 356 352 349 348 349 350 349 345 341 340 342 345 349 354 357 356
357 2 9 8 2 353 348 346 346 347 349 351 353 354 355 357 0 5 9 10 12 14 13 10 7 3 0 357 355 355 356 356 354 352 351 352 354 355 354 351 350 349 350 352 355 1 6 8 9 8 6 1 357 355 356 357 353 348 345 344 344 346 349 353 356 358 357 354 351 353 358 1 1 360 359 359 359 360 360 1 1 359 356 354 353 353 350 345 341 341 343 346 349 351 351 352
8 11 11 3 353 347 346 346 349 351 353 355 358 360 1 1 3 6 9 10 12 12 10 8 6 3 360 357 354 352 352 352 352 352 352 353 354 354 353 352 352 352 355 360 5 8 7 3 1 0 359 358 357 357 358 356 351 347 345 345 346 347 348 349 351 353 355 355 351 347 348 352 354 356 357 358 358 358 360 3 5 5 4 360 356 353 351 349 346 345 346 348 348 347 347 350
18 13 4 355 348 345 345 348 351 354 356 358 360 2 4 6 7 8 9 9 9 8 6 5 4 2 359 356 354 351 349 349 350 351 352 354 355 353 353 354 356 360 5 11 11 7 1 356 354 353 354 355 358 0 0 357 352 349 348 349 350 350 347 343 341 342 344 345 343 338 337 340 344 348 352 355 357 357 358 2 6 9 9 5 359 355 353 353 353 352 350 349 348 346 347 351
11 5 357 352 348 346 347 350 354 356 357 358 0 3 6 9 10 9 7 6 4 2 1 2 2 0 358 355 353 351 348 348 349 352 355 356 354 354 356 360 5 10 14 13 6 0 355 351 348 348 350 354 358 1 2 360 356 353 354 355 356 355 351 340 331 329 327 325 325 324 324 326 330 336 341 348 352 352 354 357 3 9 11 9 4 358 355 355 356 355 352 350 348 349 350 352
356 356 354 352 350 350 351 354 355 356 357 358 0 3 7 10 10 8 5 3 360 357 357 357 358 358 356 354 352 351 349 350 352 356 359 358 355 357 3 10 14 16 12 6 360 355 350 346 344 345 348 352 357 1 3 3 2 0 1 3 5 5 358 346 335 331 328 325 323 321 318 316 317 323 329 337 343 345 348 352 357 4 10 12 10 4 358 355 354 353 352 350 349 350 351 350
343 346 352 353 353 353 354 356 356 356 357 359 0 3 6 9 9 6 4 2 358 355 353 352 353 353 352 352 351 352 353 355 360 3 3 1 0 6 12 14 13 10 4 359 355 352 348 345 343 344 347 352 356 360 3 5 6 7 8 11 12 9 0 351 344 339 336 333 331 327 321 315 312 312 317 324 329 334 339 344 350 357 8 13 13 8 1 356 354 353 351 350 349 348 348 348
330 336 347 353 356 358 357 357 356 356 357 358 0 2 4 6 6 5 5 3 360 356 352 350 349 349 349 351 353 356 1 6 11 11 8 6 8 11 11 8 5 2 358 354 351 349 347 346 345 345 347 351 354 359 2 5 8 11 14 15 13 7 359 352 348 344 341 340 339 334 329 324 318 313 312 314 315 318 326 334 341 349 0 10 12 10 4 358 355 353 352 350 349 348 347 347
324 329 341 351 358 1 0 358 357 356 356 357 359 360 1 2 3 4 4 2 359 355 352 349 347 347 349 352 357 4 13 18 19 15 11 8 7 7 5 1 358 356 353 350 347 346 347 348 349 349 349 349 352 356 359 3 8 13 15 14 10 3 358 354 351 349 347 347 345 342 339 337 332 324 318 316 313 311 315 322 331 340 350 1 8 10 8 2 357 354 352 351 349 348 348 347
321 326 337 346 355 1 3 1 358 357 357 358 359 359 359 359 1 2 1 359 356 352 350 349 349 350 353 358 6 16 23 22 16 11 8 6 3 2 2 359 355 352 348 346 344 344 347 351 354 355 352 348 348 351 355 1 8 11 12 9 4 359 357 356 356 355 354 352 350 349 349 348 342 335 331 327 322 317 316 319 324 332 340 350 1 9 10 6 360 355 352 351 349 348 348 348
322 325 332 341 350 359 3 3 1 359 359 359 359 360 360 360 359 359 357 354 352 350 350 350 352 355 0 8 17 22 21 15 9 6 4 4 2 360 359 358 354 349 345 342 341 343 347 353 358 1 358 351 345 346 351 0 6 7 6 2 357 355 356 360 0 2 360 357 355 356 357 355 350 343 340 338 333 328 327 326 326 328 333 341 351 2 9 9 4 357 353 350 348 348 349 349
328 328 331 337 344 354 1 4 3 2 1 0 360 360 1 1 0 357 353 350 349 350 353 356 359 3 9 17 20 17 10 6 4 3 2 1 0 359 358 357 354 348 343 340 339 342 347 353 360 3 1 356 348 345 349 357 2 3 1 356 351 351 354 359 3 5 5 2 1 1 1 360 356 352 348 345 340 338 337 337 335 332 330 333 340 351 2 7 7 2 356 351 348 348 350 352
332 333 336 338 341 348 357 3 5 5 3 1 360 359 1 2 0 356 351 349 351 356 2 7 12 17 21 19 12 4 360 359 360 0 0 359 359 358 357 355 352 347 343 340 340 341 345 351 356 0 2 359 353 348 349 353 357 359 357 351 348 347 351 357 2 5 6 5 5 3 3 2 2 360 355 350 347 346 346 346 343 338 332 329 330 337 349 1 6 6 1 355 350 349 351 354
329 333 339 341 342 344 352 360 5 7 6 4 2 0 1 2 359 355 353 355 1 9 18 24 27 26 22 10 357 351 351 353 355 356 357 357 358 358 356 354 350 346 343 343 344 344 344 347 351 356 360 0 357 353 351 353 355 356 354 348 345 345 348 353 357 1 3 5 5 4 3 4 6 5 1 357 354 354 355 353 350 345 339 332 326 325 332 346 358 4 3 359 355 352 352 354
325 328 336 339 340 342 347 356 3 7 8 7 5 4 3 2 359 357 359 6 14 25 28 26 23 18 11 1 350 343 342 344 347 350 353 355 356 356 354 351 347 344 342 344 347 348 347 345 346 351 356 359 359 356 355 355 355 356 352 346 343 342 344 347 351 354 358 1 3 3 3 5 7 7 5 4 4 3 1 357 354 352 348 339 330 325 324 330 341 354 359 360 358 355 353 353
330 329 328 331 334 337 341 350 359 6 10 11 9 7 5 4 2 2 7 17 21 20 20 18 15 10 6 1 353 346 343 343 343 345 348 351 353 353 351 349 345 342 341 343 346 347 345 341 340 344 351 356 358 359 358 358 357 356 352 347 343 339 339 340 344 348 353 358 1 1 1 3 5 6 8 11 12 11 5 0 360 360 355 345 337 333 330 329 331 337 346 354 357 355 352 351
344 338 331 330 331 333 336 342 351 1 8 12 13 10 7 6 5 7 14 17 16 15 15 13 11 8 5 2 358 353 349 349 348 347 346 347 349 349 348 347 345 344 343 343 343 340 337 334 332 336 344 351 357 1 1 0 359 357 353 350 346 341 338 337 338 342 349 356 358 359 358 359 2 4 8 13 15 14 10 6 6 4 357 349 344 342 342 341 338 336 338 343 349 350 349 349
351 345 339 338 339 339 338 339 345 354 4 11 14 13 11 9 8 9 10 12 11 10 10 9 8 7 5 4 1 357 353 352 353 353 350 347 346 346 346 346 347 348 349 348 344 338 335 333 332 334 339 347 356 1 2 1 359 357 355 352 349 345 341 338 336 338 344 351 355 356 357 357 358 0 4 9 13 14 13 11 9 4 358 352 349 349 350 350 348 344 341 341 343 346 347 347
347 346 344 345 347 347 346 344 345 351 359 7 13 15 14 12 9 7 9 6 5 4 4 5 6 6 6 6 5 2 358 354 354 354 353 350 347 346 346 347 350 354 355 352 346 341 339 339 339 338 339 344 353 360 1 1 359 357 355 353 350 348 346 342 338 337 340 345 349 352 354 355 355 357 359 2 7 12 13 12 9 5 1 357 356 357 358 356 351 346 343 342 343 345 347 347
342 343 346 349 351 353 352 350 350 353 356 2 9 14 16 14 10 4 1 360 359 359 360 1 3 4 5 7 8 6 3 358 354 352 352 351 349 346 345 347 351 356 359 356 349 345 344 345 345 344 343 344 351 358 1 1 359 357 354 352 351 351 351 349 345 340 338 341 345 348 351 352 353 354 355 356 1 6 9 8 7 6 5 4 4 5 5 359 351 346 344 342 343 345 348 350
337 340 347 352 354 355 355 355 356 356 356 358 4 10 15 14 10 3 357 354 354 355 356 358 0 2 4 6 8 9 7 2 356 351 349 348 348 347 345 345 348 354 359 358 354 350 349 349 349 347 344 344 348 355 1 1 359 356 353 351 351 353 355 355 352 347 341 338 340 343 347 350 350 351 350 351 355 359 2 3 4 7 10 12 13 10 4 356 352 350 348 347 346 347 351 353
334 338 348 353 355 356 357 359 359 358 356 356 360 6 12 13 12 2 358 352 352 353 354 356 357 359 1 3 7 9 9 5 359 353 349 347 347 347 346 344 345 350 357 360 359 357 354 353 351 348 344 342 345 353 359 360 358 355 353 353 353 354 355 356 355 351 344 337 335 337 343 347 347 346 346 346 349 354 356 357 360 7 13 17 17 10 359 354 353 353 354 353 353 353 355 357
334 338 348 354 355 355 357 359 359 357 356 356 359 5 10 16 7 3 358 355 354 354 353 353 354 355 357 360 3 7 8 6 0 354 348 346 347 348 348 347 346 348 354 0 3 2 359 357 356 352 347 344 345 352 357 358 356 354 355 357 358 357 354 353 352 348 344 338 332 331 335 341 343 342 343 344 347 349 350 352 356 3 11 16 14 6 358 354 354 356 357 358 360 1 1 1
338 342 349 354 355 355 356 358 357 356 355 356 1 8 11 9 6 4 2 360 356 354 353 352 351 352 354 356 360 3 5 3 358 352 348 346 345 347 349 350 351 350 353 359 4 5 2 359 358 357 354 351 349 352 357 357 355 354 358 3 4 3 358 352 348 344 342 339 334 329 329 333 335 336 339 342 345 344 345 349 354 359 5 9 8 4 359 356 356 358 360 2 4 6 7 6
343 345 350 354 355 356 357 357 355 354 355 358 4 10 10 7 5 4 3 0 357 354 353 352 352 353 354 355 357 359 0 358 354 351 349 347 345 344 348 353 355 354 354 359 5 6 3 359 358 359 359 358 355 355 357 358 356 357 1 6 8 6 1 353 348 346 345 341 336 333 330 328 326 326 330 336 339 338 339 346 353 357 358 360 2 3 2 359 359 360 2 4 6 9 12 11
344 347 351 354 355 356 356 355 354 353 356 1 8 16 8 6 4 3 2 358 355 354 353 353 353 354 354 355 355 355 355 352 350 350 351 351 348 344 346 352 357 358 358 1 5 6 4 359 357 358 360 0 359 357 357 357 358 359 1 5 8 6 1 355 352 351 348 344 341 339 336 330 321 315 315 321 325 326 330 340 349 353 352 353 358 1 2 1 0 1 4 7 10 12 15 14
345 347 351 353 354 355 355 355 354 355 358 4 10 10 8 5 3 1 359 356 353 352 352 353 354 354 354 354 354 352 350 347 347 348 352 354 353 350 347 351 358 2 3 4 6 6 5 1 357 355 354 355 356 356 354 354 356 358 360 3 7 6 2 359 357 354 350 348 347 347 342 334 325 317 312 312 313 314 318 328 339 345 347 350 354 359 3 3 1 1 5 10 14 17 17 16
345 347 350 352 353 354 355 356 357 358 2 8 12 10 6 3 1 360 357 355 352 351 352 353 354 354 354 353 351 348 346 345 345 347 350 354 356 357 354 352 358 6 9 9 8 8 6 1 357 355 353 352 350 348 347 349 353 356 359 3 6 6 5 2 359 355 353 354 355 353 346 339 334 329 324 319 315 314 314 319 328 336 342 347 350 356 3 6 4 1 2 8 15 20 19 18
343 345 349 351 352 353 355 357 359 3 7 12 12 7 3 1 0 359 357 355 354 352 352 353 354 353 353 351 348 344 343 344 346 346 347 351 357 1 1 358 1 9 13 11 9 7 4 360 357 357 357 353 346 340 339 343 350 356 359 2 6 7 6 4 0 358 359 360 358 353 347 343 340 337 334 329 325 322 320 319 324 331 337 343 347 353 1 7 7 4 2 6 14 19 19 18
