project/data/elevation/US_DEM2016/US_DEM2016_point_10-28-2019_0139_30m_vel.asc
ncols	125
nrows	167
xllcorner	-2042055.000000
yllcorner	1465035.000000
cellsize	30.000000
NODATA_value	-9999.000000
[rows 0 to 37 of 167, columns 0 to 83 of 125]
4.18 3.54 2.64 2.56 3.33 4.64 5.94 6.81 7.11 7.17 7.20 7.41 7.75 7.71 7.32 6.93 6.48 6.19 6.18 6.45 6.68 6.71 6.63 6.62 6.59 6.42 6.17 5.68 5.15 4.60 4.07 3.61 3.24 2.87 2.51 2.34 2.56 3.14 3.83 4.36 4.70 4.93 5.10 5.14 4.93 4.52 4.12 4.13 4.47 4.79 4.88 4.96 5.02 5.17 5.31 5.45 5.39 4.93 4.44 4.05 3.83 3.84 4.14 4.75 5.21 5.37 5.26 4.77 4.01 3.49 3.28 3.30 3.45 3.67 3.90 4.08 4.23 4.60 5.13 5.44 5.63 5.85 5.83 5.52
4.18 3.54 2.64 2.56 3.33 4.64 5.94 6.81 7.11 7.17 7.20 7.41 7.75 7.71 7.32 6.93 6.48 6.19 6.18 6.45 6.68 6.71 6.63 6.62 6.59 6.42 6.17 5.68 5.15 4.60 4.07 3.61 3.24 2.87 2.51 2.34 2.56 3.14 3.83 4.36 4.70 4.93 5.10 5.14 4.93 4.52 4.12 4.13 4.47 4.79 4.88 4.96 5.02 5.17 5.31 5.45 5.39 4.93 4.44 4.05 3.83 3.84 4.14 4.75 5.21 5.37 5.26 4.77 4.01 3.49 3.28 3.30 3.45 3.67 3.90 4.08 4.23 4.60 5.13 5.44 5.63 5.85 5.83 5.52
4.55 3.89 2.92 2.62 2.97 3.88 4.93 5.74 6.24 6.51 6.73 6.95 7.06 7.05 6.89 6.72 6.49 6.33 6.24 6.23 6.34 6.32 6.28 6.31 6.32 6.21 5.88 5.39 4.91 4.48 4.12 3.74 3.39 3.08 2.74 2.47 2.46 2.73 3.18 3.70 4.09 4.35 4.56 4.76 4.89 4.86 4.71 4.58 4.68 4.80 4.82 4.83 4.88 4.91 4.95 5.10 5.25 5.20 4.91 4.45 4.02 3.77 3.87 4.18 4.50 4.76 4.93 4.92 4.67 4.23 3.91 3.73 3.66 3.65 3.68 3.79 3.93 4.16 4.46 4.83 5.06 5.24 5.40 5.45
5.40 4.62 3.49 2.95 2.82 3.06 3.49 3.90 4.31 4.89 5.55 5.81 5.71 5.61 5.84 6.05 6.03 6.06 6.01 5.90 5.86 5.76 5.70 5.69 5.72 5.69 5.44 5.08 4.73 4.50 4.34 4.12 3.88 3.70 3.45 3.09 2.75 2.52 2.46 2.74 3.33 3.83 4.19 4.54 4.90 5.21 5.36 5.27 5.08 4.90 4.78 4.64 4.57 4.40 4.27 4.19 4.36 4.74 5.00 5.02 4.73 4.25 3.83 3.56 3.41 3.53 3.96 4.48 4.80 4.84 4.69 4.39 4.05 3.72 3.47 3.40 3.44 3.43 3.39 3.57 3.94 4.26 4.64 5.14
5.90 5.10 3.95 3.37 3.06 2.91 2.88 2.92 3.03 3.46 4.14 4.59 4.63 4.59 4.91 5.27 5.26 5.24 5.47 5.69 5.72 5.51 5.34 5.21 5.13 5.14 5.15 5.03 4.90 4.84 4.81 4.74 4.65 4.53 4.35 4.01 3.59 3.17 2.77 2.69 3.11 3.72 4.28 4.72 4.95 5.15 5.34 5.45 5.34 5.10 4.92 4.73 4.45 4.12 3.82 3.37 3.18 3.35 3.87 4.52 4.85 4.73 4.26 3.63 3.14 2.88 2.90 3.19 3.63 3.98 4.12 4.07 3.88 3.63 3.37 3.20 3.10 2.97 2.83 2.86 3.16 3.55 3.94 4.42
5.98 5.29 4.26 3.74 3.38 3.06 2.77 2.53 2.40 2.52 2.96 3.57 3.89 4.04 4.50 5.04 5.12 4.90 5.06 5.36 5.42 5.24 5.07 4.86 4.72 4.83 4.99 5.06 5.11 5.20 5.30 5.36 5.31 5.14 4.93 4.65 4.31 3.91 3.46 3.05 2.93 3.13 3.64 4.24 4.65 4.87 5.02 5.19 5.21 5.12 5.01 4.92 4.77 4.35 3.81 3.31 3.06 3.01 3.14 3.48 3.97 4.29 4.18 3.69 3.20 2.82 2.58 2.51 2.61 2.82 3.06 3.22 3.26 3.22 3.11 2.97 2.84 2.72 2.63 2.65 2.80 2.99 3.15 3.42
5.96 5.43 4.61 4.21 3.83 3.38 2.88 2.38 2.07 1.98 2.12 2.67 3.19 3.61 4.19 4.92 5.32 5.11 4.82 4.70 4.71 4.76 4.79 4.69 4.66 4.79 4.93 4.98 5.05 5.24 5.47 5.63 5.59 5.47 5.31 5.14 4.93 4.64 4.20 3.60 3.04 2.79 2.87 3.26 3.77 4.08 4.24 4.37 4.56 4.69 4.81 4.96 5.04 5.01 4.72 4.30 4.12 3.96 3.74 3.54 3.46 3.57 3.64 3.51 3.26 2.98 2.72 2.53 2.49 2.57 2.72 2.89 3.00 3.03 2.98 2.85 2.68 2.53 2.48 2.53 2.61 2.65 2.61 2.62
5.79 5.52 5.09 4.78 4.41 3.77 3.10 2.48 2.07 1.92 1.87 2.03 2.56 3.13 3.69 4.41 5.04 5.05 4.55 4.09 3.95 4.17 4.49 4.66 4.72 4.82 4.94 4.95 4.92 5.04 5.33 5.59 5.73 5.81 5.87 5.98 5.97 5.76 5.33 4.70 3.93 3.18 2.73 2.55 2.68 3.07 3.33 3.50 3.77 4.16 4.48 4.80 5.10 5.48 5.67 5.59 5.25 4.90 4.51 4.07 3.65 3.41 3.39 3.42 3.38 3.21 2.95 2.72 2.66 2.74 2.86 2.98 3.09 3.11 3.05 2.96 2.79 2.59 2.46 2.43 2.43 2.43 2.36 2.27
5.64 5.63 5.64 5.43 5.02 4.39 3.67 3.08 2.66 2.33 2.12 2.10 2.35 2.74 3.10 3.63 4.29 4.55 4.27 3.83 3.60 3.73 4.07 4.38 4.55 4.68 4.90 5.08 5.07 5.02 5.21 5.57 5.94 6.32 6.71 7.06 7.21 7.09 6.76 6.22 5.45 4.51 3.55 2.85 2.61 2.81 3.26 3.58 3.83 4.05 4.23 4.35 4.52 4.86 5.27 5.43 5.23 4.87 4.48 4.11 3.81 3.60 3.50 3.53 3.62 3.60 3.35 3.02 2.84 2.86 3.00 3.14 3.22 3.26 3.28 3.32 3.32 3.23 3.01 2.76 2.57 2.43 2.32 2.37
5.37 5.71 6.08 5.95 5.57 5.10 4.47 4.00 3.68 3.39 3.01 2.71 2.63 2.64 2.67 2.95 3.55 4.02 4.12 3.93 3.72 3.63 3.76 4.05 4.31 4.48 4.69 4.98 5.18 5.24 5.40 5.73 6.16 6.55 6.89 7.15 7.34 7.41 7.40 7.24 6.84 6.17 5.26 4.25 3.46 3.37 3.65 4.00 4.17 4.17 4.13 3.87 3.61 3.37 3.61 4.08 4.32 4.27 4.11 3.94 3.80 3.71 3.59 3.58 3.85 4.10 4.02 3.67 3.25 3.02 3.10 3.35 3.56 3.71 3.86 4.01 4.17 4.25 4.14 3.84 3.48 3.19 2.98 2.90
5.11 5.50 6.17 6.31 6.09 5.81 5.49 5.27 5.05 4.75 4.32 3.81 3.29 2.86 2.59 2.53 3.00 3.68 4.13 4.25 4.16 4.01 3.96 4.10 4.32 4.47 4.54 4.71 5.08 5.48 5.72 5.91 6.06 6.11 6.02 5.91 6.07 6.48 6.89 7.18 7.27 7.07 6.55 5.67 4.63 3.97 3.80 3.99 4.16 4.17 4.06 3.79 3.36 2.94 2.82 3.04 3.47 3.77 3.89 3.92 3.87 3.79 3.67 3.61 3.90 4.41 4.66 4.43 3.94 3.43 3.40 3.76 4.10 4.32 4.52 4.73 4.90 4.98 4.92 4.71 4.42 4.15 3.91 3.66
4.48 4.79 5.60 6.26 6.55 6.59 6.53 6.46 6.36 6.04 5.59 5.04 4.38 3.60 2.96 2.72 2.93 3.51 4.09 4.44 4.55 4.50 4.40 4.38 4.46 4.60 4.71 4.85 5.16 5.50 5.61 5.54 5.36 5.10 4.75 4.50 4.62 5.05 5.57 6.05 6.47 6.81 6.91 6.57 5.77 4.76 4.18 4.03 4.01 3.97 3.85 3.82 3.65 3.28 2.94 2.84 3.08 3.47 3.81 3.99 4.02 4.00 3.97 3.91 4.02 4.41 4.86 4.98 4.68 4.23 4.00 4.21 4.43 4.64 4.81 4.91 4.89 4.76 4.49 4.20 3.91 3.68 3.56 3.51
4.04 3.94 4.33 5.38 6.22 6.65 6.75 6.73 6.72 6.57 6.28 5.89 5.40 4.66 3.90 3.46 3.38 3.54 3.82 4.18 4.49 4.62 4.56 4.46 4.48 4.61 4.77 4.86 4.87 4.82 4.68 4.38 4.04 3.77 3.60 3.59 3.70 3.86 4.04 4.41 4.91 5.51 6.16 6.55 6.42 5.69 4.82 4.32 3.98 3.64 3.46 3.49 3.42 3.25 3.05 2.94 3.05 3.39 3.82 4.15 4.30 4.33 4.33 4.29 4.20 4.28 4.70 5.18 5.27 5.01 4.74 4.67 4.75 4.83 4.76 4.51 4.11 3.69 3.37 3.04 2.66 2.36 2.33 2.55
4.47 4.11 3.83 4.14 4.86 5.51 5.79 5.84 5.82 5.84 5.87 5.84 5.74 5.47 4.98 4.37 3.96 3.71 3.56 3.63 4.00 4.31 4.34 4.25 4.20 4.17 4.14 4.02 3.73 3.40 3.16 2.94 2.81 2.75 2.71 2.75 2.76 2.76 2.82 3.03 3.36 3.83 4.51 5.33 5.93 5.87 5.30 4.70 4.30 3.85 3.42 3.13 3.04 3.06 3.07 3.09 3.19 3.45 3.87 4.34 4.64 4.71 4.62 4.55 4.47 4.46 4.76 5.28 5.61 5.55 5.30 5.13 5.02 4.80 4.39 3.81 3.26 3.02 3.01 2.97 2.75 2.39 2.18 2.24
4.86 4.80 4.29 3.73 3.48 3.72 4.01 4.04 3.94 4.05 4.32 4.67 4.94 5.17 5.22 4.96 4.47 3.99 3.58 3.35 3.51 3.86 4.01 3.92 3.71 3.43 3.16 2.93 2.66 2.40 2.30 2.40 2.61 2.71 2.59 2.35 2.18 2.21 2.31 2.39 2.46 2.63 3.00 3.70 4.60 5.39 5.41 5.12 4.85 4.51 3.91 3.40 3.22 3.29 3.40 3.45 3.46 3.59 3.91 4.39 4.88 5.11 5.11 5.04 5.02 5.10 5.29 5.61 5.93 5.98 5.74 5.42 5.03 4.48 3.94 3.53 3.30 3.21 3.32 3.52 3.55 3.33 3.04 2.89
4.78 4.82 4.55 3.87 2.97 2.52 2.46 2.41 2.34 2.32 2.46 2.73 3.17 3.69 4.32 4.73 4.69 4.30 3.82 3.47 3.47 3.70 3.87 3.79 3.49 3.11 2.79 2.67 2.65 2.54 2.42 2.53 2.92 3.23 3.20 2.97 2.72 2.57 2.64 2.76 2.77 2.76 2.92 3.42 4.18 5.09 5.48 5.50 5.33 4.96 4.47 4.08 3.91 3.95 3.99 3.97 3.87 3.87 4.10 4.57 5.11 5.60 5.86 5.89 5.84 5.92 6.07 6.29 6.56 6.63 6.32 5.72 4.98 4.43 4.14 4.02 3.96 3.88 3.87 4.00 4.12 4.05 3.84 3.76
4.50 4.31 4.10 3.84 3.14 2.53 2.25 2.11 1.99 1.98 2.03 2.14 2.36 2.75 3.34 4.04 4.45 4.45 4.19 3.96 3.91 3.95 3.98 3.90 3.69 3.40 3.18 3.13 3.23 3.26 3.07 2.86 3.03 3.52 3.86 3.94 3.80 3.52 3.38 3.52 3.71 3.87 4.03 4.37 4.86 5.32 5.61 5.84 5.82 5.50 5.02 4.69 4.55 4.52 4.52 4.52 4.45 4.49 4.71 5.08 5.59 6.13 6.55 6.73 6.65 6.53 6.57 6.79 7.10 7.19 6.93 6.33 5.44 5.04 5.02 5.05 4.98 4.79 4.64 4.63 4.66 4.65 4.62 4.66
4.75 4.41 4.03 3.85 3.66 3.34 3.06 2.93 2.95 3.11 3.28 3.36 3.43 3.45 3.50 3.66 4.06 4.38 4.46 4.44 4.38 4.26 4.15 4.08 3.97 3.82 3.70 3.65 3.74 3.93 3.92 3.57 3.35 3.60 4.10 4.52 4.67 4.51 4.26 4.28 4.60 4.87 5.07 5.20 5.26 5.23 5.39 5.80 6.05 5.96 5.54 5.13 4.93 4.91 4.94 4.98 5.06 5.13 5.35 5.67 5.98 6.26 6.56 6.80 6.84 6.67 6.46 6.43 6.74 7.14 7.41 7.42 6.85 6.52 6.55 6.63 6.62 6.41 6.21 6.00 5.76 5.52 5.44 5.40
5.07 4.92 4.54 4.24 4.21 4.29 4.29 4.35 4.56 4.80 5.01 5.12 5.05 4.73 4.27 3.93 3.98 4.29 4.53 4.61 4.60 4.52 4.41 4.33 4.24 4.14 4.05 3.99 4.04 4.33 4.63 4.61 4.37 4.23 4.42 4.91 5.37 5.48 5.37 5.31 5.41 5.55 5.55 5.33 4.91 4.53 4.54 5.05 5.73 5.97 5.89 5.57 5.37 5.30 5.30 5.28 5.35 5.49 5.70 5.81 5.78 5.68 5.69 5.91 6.20 6.31 6.15 5.85 5.81 6.32 7.28 7.94 8.26 8.22 8.19 8.40 8.60 8.61 8.44 8.09 7.60 6.92 6.31 5.86
5.10 4.98 4.65 4.34 4.52 4.84 5.18 5.53 5.84 6.00 6.05 6.01 5.87 5.51 5.05 4.61 4.39 4.43 4.59 4.69 4.75 4.80 4.81 4.78 4.64 4.47 4.39 4.35 4.34 4.55 5.02 5.42 5.59 5.62 5.64 5.83 6.10 6.21 6.20 6.11 5.97 5.73 5.39 4.92 4.37 3.94 3.86 4.24 5.09 5.69 5.95 5.94 5.85 5.69 5.58 5.45 5.49 5.62 5.59 5.44 5.07 4.70 4.48 4.57 4.97 5.40 5.57 5.38 5.05 5.20 6.15 7.26 8.00 8.32 8.56 8.94 9.23 9.33 9.25 9.15 8.86 8.25 7.25 6.25
5.13 4.88 4.44 4.34 4.73 5.28 5.72 6.02 6.20 6.18 6.04 5.92 5.83 5.68 5.49 5.20 4.90 4.72 4.73 4.84 4.97 5.14 5.32 5.41 5.33 5.10 5.00 4.97 4.92 5.01 5.42 5.98 6.42 6.68 6.76 6.68 6.56 6.44 6.32 6.14 5.79 5.28 4.73 4.28 3.97 3.81 3.79 4.10 4.81 5.50 6.03 6.34 6.41 6.29 6.04 5.81 5.71 5.51 5.25 4.80 4.26 3.74 3.34 3.13 3.38 3.71 4.04 4.15 3.96 3.93 4.34 5.21 6.10 6.73 7.24 7.67 7.91 8.01 8.19 8.43 8.72 8.64 8.07 6.87
5.56 5.19 4.84 5.04 5.44 5.77 5.89 5.90 5.85 5.61 5.42 5.32 5.26 5.33 5.39 5.31 5.11 4.91 4.88 5.06 5.34 5.68 6.00 6.22 6.28 6.14 5.99 5.92 5.88 5.92 6.14 6.46 6.69 6.76 6.66 6.45 6.22 5.95 5.72 5.38 4.93 4.48 4.11 3.85 3.78 3.87 4.08 4.49 4.92 5.50 6.02 6.36 6.62 6.81 6.64 6.27 5.83 5.35 4.84 4.18 3.54 2.97 2.33 1.90 1.79 1.85 1.94 2.15 2.30 2.30 2.63 3.06 3.62 4.11 4.58 5.06 5.14 5.29 5.65 6.12 7.16 8.17 8.43 7.81
5.70 5.77 6.05 6.21 6.17 6.03 5.74 5.47 5.16 4.98 4.88 4.77 4.71 4.77 4.90 5.02 5.02 4.96 5.04 5.26 5.63 6.03 6.39 6.71 6.86 6.88 6.82 6.77 6.76 6.75 6.68 6.52 6.28 5.99 5.62 5.31 5.21 5.03 4.77 4.38 3.99 3.83 3.78 3.80 3.91 4.05 4.34 4.65 5.00 5.42 5.70 5.99 6.33 6.68 6.79 6.50 5.90 5.22 4.52 3.88 3.25 2.57 2.01 1.55 1.21 1.09 1.03 1.05 1.16 1.35 1.56 1.75 1.97 2.24 2.45 2.86 3.17 3.54 3.94 4.44 5.43 6.87 7.95 8.07
5.41 5.88 6.51 6.58 6.34 5.95 5.49 5.14 4.73 4.58 4.56 4.45 4.37 4.37 4.46 4.67 4.83 4.94 5.07 5.14 5.24 5.41 5.72 6.15 6.49 6.74 6.87 6.92 6.90 6.76 6.41 5.85 5.23 4.82 4.54 4.32 4.16 4.00 3.83 3.69 3.59 3.60 3.73 3.96 4.14 4.32 4.54 4.70 4.91 5.07 5.12 5.23 5.51 5.92 6.27 6.30 5.96 5.36 4.67 4.13 3.60 2.99 2.49 2.05 1.68 1.49 1.43 1.44 1.48 1.42 1.33 1.27 1.17 1.19 1.35 1.66 2.15 2.71 3.10 3.44 4.14 5.29 6.70 7.53
5.02 5.45 6.08 6.25 6.10 5.69 5.24 4.89 4.58 4.39 4.30 4.17 4.10 4.10 4.21 4.44 4.69 4.86 4.91 4.77 4.55 4.42 4.54 4.90 5.48 5.95 6.26 6.37 6.27 5.95 5.43 4.77 4.16 3.82 3.64 3.47 3.29 3.27 3.32 3.41 3.57 3.79 4.04 4.19 4.43 4.73 4.86 4.90 4.84 4.69 4.64 4.74 4.94 5.22 5.57 5.89 5.99 5.79 5.29 4.75 4.29 3.87 3.48 3.13 2.81 2.57 2.51 2.43 2.20 1.88 1.50 1.23 1.01 0.80 0.82 1.07 1.44 1.81 2.14 2.45 2.97 3.76 5.16 6.64
4.71 4.76 5.14 5.60 5.82 5.69 5.24 4.71 4.42 4.22 4.05 3.94 3.86 3.89 4.08 4.34 4.64 4.81 4.85 4.72 4.55 4.45 4.52 4.76 5.15 5.46 5.59 5.53 5.31 4.95 4.49 4.06 3.64 3.32 3.09 2.98 3.03 3.18 3.28 3.40 3.72 4.14 4.36 4.53 4.79 5.07 5.23 5.18 4.90 4.54 4.33 4.33 4.46 4.72 5.12 5.56 5.99 6.20 6.06 5.61 5.17 4.82 4.53 4.25 4.01 3.83 3.64 3.29 2.80 2.40 2.09 1.70 1.30 1.01 0.89 0.97 1.04 1.02 1.22 1.61 2.03 2.64 3.76 5.42
4.54 4.40 4.45 4.94 5.57 5.95 5.80 5.17 4.70 4.42 4.19 4.09 4.04 4.04 4.19 4.45 4.70 4.94 5.10 5.16 5.21 5.31 5.46 5.56 5.49 5.28 5.00 4.73 4.46 4.26 4.04 3.80 3.60 3.45 3.29 3.16 3.24 3.51 3.66 3.66 3.85 4.18 4.50 4.81 5.05 5.28 5.41 5.36 5.08 4.61 4.11 3.83 3.91 4.26 4.75 5.34 5.90 6.39 6.61 6.49 6.20 5.94 5.76 5.59 5.38 5.07 4.67 4.27 3.87 3.55 3.10 2.57 2.03 1.68 1.44 1.27 1.11 0.98 1.07 1.31 1.56 1.97 2.72 4.01
4.43 4.23 4.09 4.42 5.12 5.93 6.31 6.04 5.53 5.20 4.98 4.79 4.76 4.74 4.73 4.73 4.84 5.07 5.36 5.58 5.73 5.81 5.78 5.60 5.23 4.77 4.39 4.09 3.86 3.82 3.89 3.88 3.81 3.86 3.91 3.84 3.76 3.92 4.15 4.12 4.05 4.17 4.52 4.86 5.11 5.28 5.36 5.38 5.28 4.90 4.21 3.66 3.60 3.93 4.43 5.01 5.60 6.23 6.66 6.83 6.89 6.94 7.11 7.25 7.09 6.69 6.12 5.62 5.35 4.98 4.30 3.52 2.98 2.67 2.36 1.98 1.67 1.51 1.49 1.51 1.54 1.67 2.06 2.85
4.24 3.92 3.65 3.85 4.38 5.40 6.22 6.45 6.14 5.78 5.55 5.33 5.26 5.27 5.23 5.07 4.93 4.99 5.22 5.44 5.51 5.39 5.06 4.61 4.21 3.91 3.75 3.66 3.60 3.67 3.88 4.13 4.27 4.29 4.39 4.50 4.44 4.41 4.60 4.61 4.44 4.38 4.60 4.79 4.97 5.04 5.03 5.16 5.38 5.38 4.89 4.14 3.73 3.79 4.04 4.56 5.25 5.94 6.38 6.67 6.86 7.10 7.51 7.89 8.21 8.18 7.78 7.25 6.73 6.19 5.53 4.81 4.32 3.89 3.45 3.03 2.75 2.55 2.37 2.11 1.83 1.70 1.74 2.05
4.25 3.99 3.67 3.61 3.86 4.58 5.61 6.29 6.33 5.97 5.53 5.15 4.97 4.97 5.03 5.00 4.82 4.77 4.81 4.77 4.63 4.32 3.90 3.52 3.26 3.14 3.18 3.31 3.42 3.64 4.03 4.45 4.69 4.79 4.84 4.94 5.03 5.01 4.99 5.00 4.92 4.81 4.71 4.69 4.62 4.50 4.42 4.66 5.23 5.69 5.67 5.15 4.38 4.05 4.10 4.50 5.14 5.76 6.06 6.23 6.25 6.50 6.89 7.36 7.97 8.37 8.42 8.34 8.03 7.61 7.26 6.87 6.32 5.49 4.71 4.31 4.11 3.90 3.49 2.97 2.38 1.89 1.60 1.59
4.58 4.54 4.28 3.94 3.85 4.13 4.94 5.85 6.33 6.25 5.73 5.16 4.79 4.58 4.57 4.71 4.59 4.58 4.43 4.05 3.62 3.25 2.98 2.78 2.67 2.65 2.71 2.77 2.93 3.40 3.99 4.42 4.77 5.03 5.16 5.26 5.33 5.29 5.19 5.15 5.15 5.00 4.84 4.61 4.30 3.91 3.85 4.12 4.70 5.50 5.93 5.83 5.26 4.70 4.57 4.73 5.04 5.43 5.64 5.64 5.49 5.35 5.29 5.59 6.30 7.18 7.87 8.38 8.70 8.74 8.74 8.62 8.22 7.50 6.55 5.92 5.49 4.99 4.33 3.49 2.77 2.19 1.74 1.45
4.58 4.52 4.43 4.20 3.98 3.99 4.43 5.30 6.13 6.52 6.37 5.86 5.34 4.89 4.62 4.50 4.48 4.39 4.04 3.51 3.07 2.84 2.75 2.67 2.58 2.58 2.59 2.41 2.28 2.57 3.14 3.60 4.02 4.44 4.79 5.02 5.08 5.10 5.06 5.03 4.99 4.91 4.83 4.67 4.43 4.02 3.77 3.81 4.13 4.74 5.52 5.88 5.77 5.25 4.92 4.76 4.75 4.88 5.01 4.89 4.70 4.38 4.14 4.22 4.65 5.43 6.45 7.35 8.04 8.45 8.74 8.97 8.96 8.73 8.22 7.47 6.56 5.56 4.59 3.75 3.13 2.67 2.21 1.68
4.06 3.73 3.52 3.61 3.66 3.69 3.89 4.52 5.47 6.24 6.55 6.32 5.81 5.30 4.94 4.64 4.45 4.16 3.74 3.38 3.23 3.31 3.09 3.03 2.88 2.89 2.91 2.65 2.21 1.97 2.06 2.37 2.73 3.17 3.64 4.04 4.32 4.52 4.67 4.78 4.69 4.57 4.46 4.38 4.31 4.10 3.72 3.53 3.61 3.98 4.65 5.44 5.66 5.39 4.96 4.57 4.40 4.37 4.44 4.32 4.06 3.61 3.31 3.44 3.84 4.36 5.03 5.69 6.33 6.80 7.17 7.62 8.12 8.45 8.50 8.29 7.45 6.10 4.97 4.32 3.84 3.29 2.69 2.19
3.70 3.22 2.70 2.75 2.92 2.96 3.01 3.47 4.29 5.28 6.00 6.22 5.93 5.43 5.05 4.71 4.38 4.05 3.83 4.14 3.83 3.94 3.96 3.83 3.67 3.68 3.66 3.45 2.95 2.41 2.21 2.21 2.25 2.37 2.70 3.17 3.67 3.98 4.25 4.45 4.38 4.17 3.80 3.43 3.13 3.03 2.96 2.84 2.89 3.28 3.86 4.63 5.19 5.14 4.71 4.36 4.18 4.18 4.20 4.16 3.84 3.16 2.88 2.97 3.31 3.69 4.09 4.41 4.75 5.11 5.14 5.47 6.22 7.04 7.73 8.28 8.24 7.33 6.05 5.18 4.48 3.85 3.30 2.89
4.22 3.75 3.18 2.99 2.78 2.62 2.57 2.71 3.21 4.09 5.08 5.78 5.93 5.57 5.11 4.71 4.38 4.18 4.54 4.35 4.63 4.81 4.93 4.88 4.76 4.68 4.62 4.36 3.94 3.43 3.10 2.96 2.79 2.62 2.63 2.92 3.34 3.64 3.93 4.16 4.18 3.96 3.44 2.69 2.25 2.17 2.25 2.36 2.57 2.89 3.30 3.93 4.61 4.81 4.48 4.31 4.23 4.27 4.29 4.38 4.13 3.47 3.08 2.89 2.91 2.93 3.15 3.50 3.84 4.17 4.21 4.26 4.76 5.59 6.32 7.35 8.27 8.32 7.47 6.19 5.11 4.57 4.29 4.01
4.83 4.60 4.35 4.16 3.86 3.37 2.96 2.74 2.75 3.15 3.95 4.94 5.58 5.63 5.22 4.73 4.45 4.41 4.60 4.94 5.29 5.59 5.85 5.97 5.96 5.81 5.57 5.24 4.76 4.16 3.66 3.47 3.46 3.37 3.17 3.11 3.30 3.59 3.91 4.18 4.30 4.15 3.68 3.03 2.66 2.61 2.77 2.98 3.07 3.13 3.18 3.49 4.19 4.60 4.46 4.36 4.29 4.35 4.44 4.66 4.56 4.08 3.48 2.88 2.51 2.34 2.40 2.75 3.20 3.66 3.86 3.91 4.09 4.65 5.22 6.05 7.36 8.30 8.41 7.73 6.68 6.17 5.89 5.52
4.99 5.02 5.01 4.89 4.69 4.28 3.74 3.20 2.84 2.74 3.05 3.76 4.71 5.26 5.21 4.77 4.48 4.52 4.85 5.32 5.72 6.12 6.49 6.78 6.85 6.76 6.55 6.22 5.69 4.91 4.11 3.67 3.66 3.88 4.04 3.96 3.86 3.98 4.29 4.57 4.85 4.91 4.57 4.10 3.87 3.90 4.08 4.15 4.01 3.58 3.34 3.33 3.92 4.43 4.47 4.38 4.31 4.38 4.50 4.80 4.86 4.53 3.88 3.08 2.42 2.08 2.04 2.29 2.66 3.10 3.48 3.60 3.74 4.09 4.50 4.99 5.99 7.40 8.42 8.83 8.68 8.24 7.64 7.02
4.86 4.99 5.01 4.87 4.68 4.38 4.03 3.56 3.08 2.71 2.65 2.96 3.64 4.49 4.87 4.71 4.43 4.41 4.71 5.14 5.53 5.89 6.25 6.59 6.79 6.89 6.94 6.90 6.59 5.91 4.97 4.14 3.82 3.98 4.27 4.46 4.52 4.56 4.68 5.02 5.54 5.94 6.09 5.73 5.32 5.14 5.06 4.80 4.41 3.92 3.50 3.39 3.64 4.21 4.42 4.38 4.32 4.44 4.55 4.79 4.94 4.85 4.44 3.75 2.97 2.40 2.12 2.13 2.29 2.62 3.00 3.16 3.36 3.72 3.98 4.24 4.92 6.07 7.45 8.43 8.97 8.97 8.56 7.91
