project/data/elevation/US_DEM2016/US_DEM2016_point_11-01-2019_0715_30m_ang.asc
ncols	125
nrows	167
xllcorner	-2042055.000000
yllcorner	1465035.000000
cellsize	30.000000
NODATA_value	-9999.000000
[rows 43 to 85 of 167, columns 0 to 95 of 125]
307 312 325 335 340 342 343 345 350 357 15 40 36 70 321 324 327 335 343 344 335 330 331 333 332 331 332 329 325 324 324 325 330 334 335 334 335 333 328 326 333 345 341 317 305 311 328 341 334 331 342 16 33 14 326 312 314 318 320 317 318 328 337 339 342 345 344 345 350 356 354 337 311 290 281 287 290 283 276 287 321 316 309 308 306 311 327 347 352 353 357 10 27 45 56 35
307 312 325 335 339 341 344 349 357 9 28 42 22 69 319 323 326 331 339 340 328 322 324 328 328 328 330 327 323 323 322 322 326 333 330 330 335 339 332 321 321 343 349 319 299 303 318 336 340 337 337 2 29 3 318 308 312 318 319 316 316 324 335 339 341 341 343 347 353 355 347 339 330 318 311 312 308 296 285 287 304 304 301 302 303 305 319 344 350 346 346 8 41 57 52 11
308 313 326 335 339 341 344 352 6 23 39 41 8 331 323 327 330 333 340 339 325 315 314 320 324 326 328 326 322 320 318 318 324 333 327 320 327 341 347 332 312 330 343 320 305 304 315 337 348 351 354 0 7 352 320 307 307 311 314 313 313 320 331 339 339 340 344 349 347 339 334 332 333 331 327 325 323 318 312 313 311 300 296 298 301 302 312 338 353 351 352 4 52 65 33 350
306 311 323 332 337 341 343 353 13 36 50 38 346 322 319 324 329 334 341 344 331 320 317 318 321 323 326 325 320 315 312 311 319 333 330 316 312 331 356 1 346 316 316 315 310 309 317 334 348 354 356 353 353 350 334 315 307 311 315 315 313 317 326 335 338 339 345 346 339 334 333 333 333 331 330 329 330 331 332 336 292 314 300 299 300 302 308 330 351 360 6 19 43 38 358 338
304 307 317 326 334 341 346 353 14 45 54 29 61 320 306 307 313 326 341 346 339 329 321 319 319 319 321 320 316 312 309 306 313 328 334 322 305 309 350 24 31 330 308 311 312 312 318 331 346 344 338 338 343 349 348 333 316 316 320 319 316 319 324 329 331 335 340 340 337 335 334 335 334 332 331 331 332 334 337 343 349 333 310 300 299 303 309 322 344 4 16 34 40 9 343 337
305 308 316 323 330 343 353 0 15 42 42 10 330 336 301 292 294 312 335 345 343 332 321 318 317 316 317 316 313 311 313 312 314 328 345 338 312 297 327 44 40 335 307 304 305 308 315 329 340 334 330 332 339 351 359 348 326 318 321 322 320 322 326 328 326 329 332 334 334 335 335 334 335 335 335 335 337 339 341 345 351 344 321 303 297 301 305 311 334 8 32 51 36 349 336 337
307 311 322 326 328 341 359 9 18 30 15 352 336 339 330 315 307 314 329 344 347 335 322 318 317 315 316 315 313 315 320 315 314 327 355 355 330 300 296 57 25 336 311 302 301 305 315 332 341 332 328 331 341 355 5 357 334 319 321 322 322 326 331 333 330 328 331 336 339 340 339 338 337 337 338 339 342 346 349 351 351 348 334 316 300 298 300 302 323 12 50 58 24 331 326 328
306 311 326 332 328 335 356 13 22 21 359 339 336 341 343 329 319 320 328 343 349 340 330 323 318 316 316 314 315 320 321 312 307 320 350 5 359 340 337 12 360 339 327 321 316 313 318 330 337 332 328 333 345 2 12 5 337 318 318 319 319 325 332 334 330 329 333 340 343 344 343 341 339 338 338 340 345 351 355 358 357 351 346 335 315 300 295 297 320 27 62 60 10 317 310 313
304 308 324 336 334 329 343 11 26 14 342 328 334 346 346 330 317 315 322 338 344 341 336 329 321 316 314 313 316 324 320 306 300 307 335 7 20 10 346 344 345 340 336 333 328 323 325 329 334 333 333 339 352 7 18 12 337 315 313 316 315 319 329 330 327 327 333 339 340 340 340 338 336 335 333 334 340 350 355 358 358 354 354 351 335 316 295 288 312 53 67 51 355 319 311 312
304 307 320 333 336 327 325 0 28 9 324 314 329 348 352 334 309 302 309 326 334 333 334 332 324 315 312 313 317 330 327 308 298 300 322 8 30 4 336 334 337 336 335 333 331 330 329 331 334 336 339 348 359 10 26 20 338 315 314 318 317 318 326 324 320 322 329 328 325 324 323 321 321 319 317 314 318 335 347 347 345 347 353 357 354 342 307 278 258 62 37 11 350 338 332 332
306 309 320 330 337 328 316 346 31 15 48 336 315 352 4 347 307 291 293 311 323 324 328 330 326 317 312 313 320 334 339 323 304 295 306 19 33 349 323 323 326 327 328 328 329 329 329 331 334 337 344 358 7 17 32 23 341 320 320 322 320 321 325 319 313 316 326 327 326 323 315 300 292 289 289 287 286 299 329 323 305 301 312 334 354 359 334 283 255 325 348 351 348 343 339 337
309 314 326 335 342 335 316 329 37 28 311 5 291 24 34 357 319 295 288 305 318 323 327 329 327 322 315 315 322 335 345 342 321 295 285 40 28 334 316 316 317 317 319 321 323 325 328 330 332 333 341 0 15 25 36 24 343 321 320 320 318 319 323 317 310 312 324 332 336 334 324 299 285 281 275 268 262 257 259 270 274 279 288 302 328 356 4 335 312 319 331 342 342 337 336 335
312 318 331 341 349 349 336 333 38 34 308 23 277 51 32 35 337 326 315 313 316 321 326 328 329 325 319 318 323 334 348 354 343 316 292 357 354 331 323 323 321 316 315 316 317 320 325 328 330 327 330 357 23 35 43 26 338 316 314 314 312 313 318 316 310 310 321 334 341 338 332 320 311 308 296 281 269 260 262 280 297 303 313 330 344 359 13 344 320 318 323 333 332 330 331 330
313 320 334 346 355 0 358 1 23 20 314 47 44 6 4 349 342 339 333 324 318 320 324 328 330 328 324 321 325 335 349 356 358 356 348 335 333 332 331 332 329 322 317 315 315 318 324 330 332 324 320 350 31 46 54 27 327 310 308 309 307 306 311 314 311 311 319 333 342 337 335 334 334 336 330 316 305 301 302 308 314 318 328 345 1 10 12 340 317 316 323 329 328 326 326 326
312 318 334 347 358 5 8 13 25 15 41 310 321 342 348 345 342 340 337 332 325 322 324 327 330 330 327 325 328 338 349 356 3 11 4 336 325 328 331 332 330 324 318 315 315 320 327 334 334 317 306 337 45 61 60 13 320 313 314 317 317 314 317 319 314 311 318 331 336 337 337 340 343 345 340 331 326 325 323 321 323 326 335 352 11 19 14 340 313 313 324 328 325 323 323 325
308 313 329 343 356 6 13 22 34 20 323 310 319 329 336 339 339 338 337 336 331 324 323 325 326 327 326 325 329 340 350 357 8 20 11 334 318 320 325 328 327 323 317 315 317 322 329 337 333 307 290 296 71 73 55 351 324 325 328 328 327 324 325 327 319 312 318 329 329 333 339 345 346 341 335 332 331 330 328 328 331 335 341 357 14 24 19 341 310 309 320 325 320 317 320 330
305 310 324 335 344 359 16 33 45 29 39 302 309 338 323 327 329 330 331 331 328 321 319 320 321 321 321 322 328 342 353 358 10 26 13 329 314 316 320 322 322 319 316 315 319 324 328 336 331 305 281 254 101 76 27 334 327 331 332 330 329 326 328 332 326 320 321 325 326 330 340 349 346 337 332 332 331 330 330 332 338 344 347 359 17 26 21 341 311 308 316 321 318 313 320 351
305 310 326 335 333 335 19 51 57 39 319 295 298 301 303 306 308 312 314 315 315 310 309 311 313 311 311 317 326 344 357 360 7 21 7 330 316 317 319 319 317 314 312 313 322 330 333 337 336 327 313 309 56 47 345 323 325 329 331 332 330 326 328 334 334 331 327 321 322 330 342 350 346 337 333 332 331 330 332 337 345 351 353 2 19 29 24 336 307 304 311 317 316 319 340 346
305 309 327 342 345 328 4 76 73 54 319 288 284 284 283 282 282 281 277 280 290 293 292 295 300 301 302 308 320 340 355 2 8 16 7 335 315 311 314 315 314 311 309 313 325 337 341 342 344 346 346 355 21 17 328 314 320 324 328 332 331 326 325 331 337 341 336 326 321 330 343 348 343 338 336 335 334 334 336 342 351 355 359 7 20 34 33 331 298 296 300 307 312 334 351 331
306 310 327 348 4 3 18 88 80 44 327 301 291 287 276 266 268 272 282 289 289 283 279 281 293 299 300 303 313 330 344 356 9 20 17 348 313 303 305 309 313 312 310 316 329 343 347 349 350 354 360 11 27 18 327 309 315 319 321 325 327 324 322 326 334 342 340 331 327 333 343 345 342 340 338 338 338 339 340 347 354 359 7 14 25 37 36 342 299 294 294 296 307 346 335 317
311 316 334 353 11 17 34 70 50 358 338 332 332 338 345 299 53 302 318 325 325 314 301 295 298 301 303 306 316 329 328 330 360 27 32 9 321 304 307 311 314 313 312 317 329 343 350 353 356 360 9 25 38 24 333 312 316 318 316 317 320 320 320 323 325 331 335 332 332 337 342 343 341 339 338 338 341 340 339 344 353 3 14 24 34 43 38 350 303 295 293 290 307 340 316 303
316 322 341 358 13 23 41 45 357 336 338 342 345 351 359 350 95 315 317 325 334 338 333 317 306 305 306 310 323 339 335 322 331 37 47 10 330 321 322 321 319 316 313 316 327 340 348 353 359 6 17 31 40 23 335 316 318 318 313 312 314 316 321 325 321 322 325 328 333 338 340 340 338 335 333 334 340 337 323 323 340 3 27 47 58 53 36 351 308 294 290 293 314 333 305 291
317 325 345 2 15 31 41 20 342 332 337 341 346 352 356 354 341 321 309 315 327 337 339 330 316 309 309 314 329 348 350 342 341 27 27 340 328 328 329 327 322 316 312 314 324 335 340 347 357 10 21 30 36 21 335 317 319 316 310 311 317 316 320 321 316 314 316 321 330 334 335 335 334 331 324 323 333 335 306 274 250 197 182 171 130 12 3 351 329 309 301 305 328 345 306 282
317 325 347 5 22 38 32 358 335 334 336 339 345 351 354 352 348 332 311 307 317 328 334 334 325 317 314 319 333 352 359 358 1 13 360 329 320 322 325 324 319 313 310 313 324 333 335 338 347 9 26 34 38 11 333 315 316 314 309 313 324 322 322 317 311 309 311 319 327 326 326 324 326 331 323 308 310 332 252 230 221 210 218 248 300 329 344 352 347 328 318 321 340 3 340 287
317 325 349 10 30 44 20 335 67 329 334 333 340 346 349 350 350 344 326 311 311 319 327 332 330 325 321 323 334 351 1 4 8 14 2 328 310 309 313 315 314 309 306 311 323 331 333 333 335 353 26 42 44 358 328 313 310 310 308 310 321 324 321 315 309 306 308 316 320 313 310 304 305 318 326 294 252 211 215 241 251 267 292 304 317 327 340 354 353 335 326 329 343 9 11 324
317 326 353 17 40 49 4 314 309 316 318 320 328 335 340 345 350 350 339 323 312 313 319 325 329 330 328 326 331 343 355 4 13 21 16 340 305 302 308 311 311 308 305 309 321 332 338 341 342 332 351 43 44 3 316 304 300 301 301 296 308 318 312 308 305 300 300 307 312 303 299 288 275 274 276 241 230 237 276 298 306 316 320 319 321 328 338 351 349 338 333 333 342 7 17 349
317 327 357 24 45 46 351 313 308 309 307 309 316 322 327 336 344 349 347 336 319 313 314 319 324 331 333 331 330 331 336 351 14 29 30 1 314 307 313 313 312 309 307 310 321 336 347 352 353 338 330 4 23 331 318 289 281 276 293 292 300 308 302 300 296 292 293 304 315 311 306 297 282 263 244 249 271 291 310 321 326 328 324 320 322 328 336 342 342 341 345 343 341 1 16 3
319 330 2 29 46 33 343 325 329 333 331 317 311 312 316 323 333 342 347 344 329 318 315 317 322 332 338 337 336 331 323 324 351 25 33 6 324 312 314 312 310 310 310 312 320 338 353 354 351 344 342 355 12 4 344 291 284 312 337 324 321 320 309 302 301 299 303 316 329 331 332 331 326 311 296 304 312 316 321 325 329 330 326 323 325 331 338 342 342 347 357 356 344 354 15 21
322 334 6 33 42 14 336 329 337 345 350 339 321 313 312 316 322 332 341 344 336 325 320 320 324 334 342 344 344 342 337 337 343 6 24 2 324 312 312 311 308 308 308 310 318 338 352 349 346 346 349 0 16 11 335 318 326 339 344 343 341 335 327 321 318 316 316 324 336 343 346 349 351 341 326 323 323 322 324 326 329 331 330 328 331 337 344 349 352 358 11 8 350 354 27 38
326 337 11 36 33 355 330 328 334 343 350 348 338 329 323 319 319 325 334 340 337 328 324 324 328 335 343 349 351 350 350 350 354 4 17 2 325 311 312 312 310 308 307 308 317 338 350 348 346 348 355 9 23 14 342 325 328 334 339 343 343 339 335 331 327 323 320 324 334 345 353 355 352 336 328 327 326 324 324 326 329 333 334 333 336 342 349 355 3 11 20 18 359 4 40 25
329 342 15 37 22 344 329 328 330 336 342 345 345 342 336 327 322 322 329 335 335 328 324 326 331 334 338 346 353 355 356 357 1 9 19 9 330 312 312 316 316 312 309 310 318 335 347 348 347 350 360 17 29 16 341 318 315 320 327 333 336 335 333 331 328 324 316 315 324 341 347 343 338 332 328 327 326 324 325 328 331 334 335 336 340 348 353 359 8 20 30 27 10 17 29 354
333 346 20 33 6 337 331 329 329 329 333 338 340 341 340 333 326 322 325 331 332 326 322 326 334 333 329 335 348 357 359 359 3 13 26 15 330 309 310 316 317 314 310 310 317 331 343 345 344 346 354 17 32 23 340 309 306 311 315 320 324 325 327 327 325 318 304 302 315 334 336 334 333 332 330 328 325 322 323 328 332 334 334 334 341 354 358 360 6 24 41 35 20 24 11 338
335 350 23 22 347 332 334 332 329 325 325 329 330 331 333 330 326 322 321 325 327 323 320 325 336 337 327 321 333 351 358 358 2 10 22 12 336 310 307 311 313 312 308 306 312 328 339 341 344 349 353 9 34 28 337 310 308 312 313 312 314 317 322 327 327 319 309 307 319 336 340 336 333 331 330 329 325 319 321 327 333 332 327 322 328 350 7 9 5 23 48 37 19 13 355 333
335 353 24 15 340 327 331 329 327 325 322 325 321 319 322 323 322 321 320 321 322 320 318 322 334 342 337 322 320 337 353 360 3 4 10 10 350 320 308 309 311 311 308 304 308 324 339 346 351 356 2 15 34 22 332 313 312 317 318 314 313 318 333 340 340 334 326 321 323 333 340 339 333 329 328 328 326 323 323 329 337 334 323 312 307 323 1 18 20 31 43 21 357 355 349 337
333 354 25 16 340 321 324 324 323 332 335 329 325 320 317 317 318 320 320 319 319 318 315 316 326 342 347 333 320 326 347 2 4 4 9 15 5 332 312 311 313 312 308 303 305 317 334 345 351 354 2 16 26 11 329 311 313 318 318 315 318 345 355 336 335 335 333 330 328 334 339 339 332 329 329 330 330 328 328 335 344 346 338 324 314 309 326 14 35 45 38 358 341 345 347 341
332 357 31 21 342 318 319 325 22 338 338 332 327 324 320 317 320 325 323 319 318 318 315 311 316 335 348 338 323 317 334 355 1 7 16 25 18 340 314 312 311 308 305 300 301 308 322 334 339 339 343 355 8 5 335 310 309 314 313 313 326 358 341 328 328 332 334 333 333 336 340 337 332 331 332 333 332 332 334 339 348 353 353 346 337 330 328 351 45 53 20 342 335 341 344 342
340 9 35 14 343 327 327 333 334 335 335 331 326 324 323 322 325 330 328 321 318 318 316 310 310 325 341 337 323 311 315 332 347 8 26 36 18 344 317 314 313 311 307 304 304 309 320 331 338 342 345 350 0 7 350 316 304 309 313 321 346 346 332 324 324 328 331 332 332 337 340 334 329 331 335 336 333 332 335 338 344 352 358 357 353 351 353 6 28 15 349 333 330 337 341 340
8 26 21 354 342 336 332 332 332 331 330 328 324 322 324 326 330 335 332 324 319 318 316 312 310 319 332 335 322 306 297 300 311 354 32 43 354 343 323 325 327 325 321 316 314 320 328 334 340 345 349 353 2 14 3 324 311 318 330 343 349 341 332 326 323 324 326 328 330 335 336 328 323 328 336 337 333 332 333 334 338 342 351 359 0 0 7 19 16 348 337 330 323 330 335 333
37 32 358 334 333 333 330 328 327 327 325 323 321 321 323 327 333 341 336 323 316 316 315 312 312 318 329 339 332 311 291 286 285 307 34 47 17 334 325 328 329 330 328 322 320 325 332 335 341 346 351 355 6 21 9 330 315 321 331 342 344 340 334 328 324 322 324 327 327 331 331 322 317 321 333 337 334 333 334 340 341 331 335 351 1 4 9 20 12 343 334 331 317 319 325 325
33 24 354 324 322 327 327 325 324 322 319 317 318 321 323 324 334 349 346 321 309 311 314 310 310 316 328 344 348 336 319 308 299 293 31 15 347 320 319 322 324 326 326 321 318 323 328 332 339 345 351 355 2 14 13 341 314 322 320 332 336 335 331 326 323 324 331 331 325 329 327 319 313 317 331 337 333 331 336 348 350 336 325 334 355 7 11 15 8 348 339 335 317 308 311 313
17 16 1 334 322 324 324 323 321 317 313 311 316 323 324 321 332 358 358 324 302 302 308 307 307 312 324 341 350 346 339 337 333 332 346 347 324 313 315 317 319 321 322 317 315 319 322 325 334 341 348 355 2 13 18 357 320 338 310 321 328 330 328 323 322 329 338 330 323 326 326 317 311 316 332 336 329 326 331 348 356 345 327 317 339 8 16 13 6 355 348 344 322 301 292 287
10 10 359 339 328 325 324 321 318 314 309 310 317 325 326 321 327 7 15 333 304 306 312 311 310 314 323 335 346 349 347 349 353 359 15 3 329 317 317 317 317 319 320 318 317 321 321 320 327 339 347 357 6 14 21 6 328 312 313 317 320 323 323 322 324 336 338 325 318 322 323 315 307 313 328 328 317 310 311 324 348 354 334 309 312 0 21 17 10 2 1 0 339 298 286 307
10 3 345 333 328 325 325 320 313 308 307 310 319 327 330 326 333 29 30 343 317 315 318 317 315 318 323 332 343 348 350 355 0 5 10 359 334 318 316 317 317 318 320 319 319 323 323 321 326 339 349 358 7 12 20 8 331 315 313 310 311 315 317 318 327 342 340 323 314 316 320 312 303 307 320 320 311 300 294 292 306 340 333 305 294 321 21 22 17 13 16 21 11 322 318 332
