project/data/elevation/US_DEM2016/US_DEM2016_point_10-29-2019_0000_30m_vel.asc
ncols	125
nrows	167
xllcorner	-2042055.000000
yllcorner	1465035.000000
cellsize	30.000000
NODATA_value	-9999.000000
[rows 114 to 151 of 167, columns 0 to 83 of 125]
2.18 2.18 2.21 2.25 2.33 2.45 2.50 2.34 2.07 1.80 1.58 1.38 1.24 1.14 1.17 1.36 1.69 2.02 2.26 2.42 2.53 2.48 2.30 2.22 2.34 2.44 2.42 2.39 2.39 2.38 2.32 2.18 1.98 1.83 1.78 1.81 1.93 2.09 2.20 2.30 2.39 2.50 2.60 2.65 2.55 2.34 2.19 2.14 2.14 2.16 2.19 2.17 2.11 1.99 1.83 1.71 1.70 1.82 1.99 2.11 2.15 2.14 2.11 2.07 2.06 2.10 2.13 2.10 1.99 1.90 1.85 1.82 1.82 1.84 1.84 1.81 1.76 1.73 1.73 1.78 1.74 1.60 1.49 1.44
2.25 2.26 2.28 2.28 2.29 2.30 2.19 1.94 1.66 1.44 1.26 1.16 1.10 1.18 1.45 1.88 2.27 2.55 2.74 2.79 2.65 2.34 2.03 1.99 2.14 2.19 2.15 2.15 2.22 2.34 2.46 2.51 2.42 2.16 1.90 1.84 2.00 2.20 2.34 2.44 2.53 2.60 2.63 2.57 2.37 2.11 1.95 1.94 2.01 2.12 2.25 2.31 2.28 2.18 1.99 1.76 1.63 1.67 1.79 1.91 2.02 2.12 2.18 2.21 2.22 2.21 2.15 2.02 1.91 1.86 1.85 1.85 1.87 1.86 1.83 1.80 1.78 1.79 1.81 1.79 1.69 1.57 1.49 1.43
2.29 2.31 2.31 2.28 2.22 2.12 1.95 1.75 1.66 1.66 1.67 1.68 1.78 2.05 2.42 2.77 3.00 3.05 2.96 2.77 2.49 2.17 1.93 1.85 1.87 1.84 1.84 1.92 2.02 2.14 2.28 2.44 2.53 2.51 2.39 2.34 2.38 2.44 2.48 2.51 2.52 2.51 2.51 2.44 2.26 2.05 1.88 1.85 1.96 2.14 2.29 2.37 2.38 2.37 2.33 2.26 2.15 2.03 1.96 1.97 2.02 2.07 2.13 2.17 2.21 2.20 2.11 1.97 1.85 1.79 1.77 1.79 1.82 1.85 1.85 1.84 1.85 1.87 1.90 1.89 1.88 1.85 1.84 1.87
2.30 2.27 2.25 2.22 2.15 2.03 1.91 1.83 1.86 1.99 2.17 2.40 2.68 2.97 3.17 3.24 3.16 2.94 2.70 2.44 2.23 2.13 2.10 2.01 1.89 1.78 1.73 1.78 1.84 1.89 1.94 2.06 2.27 2.50 2.63 2.65 2.56 2.44 2.36 2.32 2.30 2.32 2.37 2.35 2.24 2.09 1.93 1.86 1.96 2.13 2.22 2.24 2.27 2.34 2.44 2.53 2.59 2.56 2.43 2.27 2.18 2.11 2.07 2.06 2.07 2.05 1.96 1.85 1.79 1.76 1.75 1.74 1.77 1.82 1.88 1.92 1.95 1.97 2.00 2.08 2.19 2.28 2.34 2.43
2.26 2.21 2.16 2.15 2.12 2.06 2.03 2.00 1.99 2.08 2.32 2.67 3.00 3.16 3.16 2.98 2.65 2.38 2.23 2.08 2.01 2.07 2.16 2.19 2.12 1.99 1.85 1.77 1.80 1.80 1.74 1.74 1.88 2.15 2.36 2.43 2.37 2.26 2.19 2.16 2.18 2.26 2.33 2.29 2.17 2.07 1.98 1.90 1.95 2.03 2.05 2.03 2.05 2.14 2.28 2.42 2.54 2.62 2.62 2.51 2.34 2.17 2.04 1.95 1.87 1.78 1.68 1.69 1.78 1.85 1.87 1.85 1.84 1.88 1.94 2.00 2.04 2.07 2.13 2.23 2.33 2.42 2.52 2.58
2.21 2.17 2.13 2.13 2.12 2.12 2.14 2.12 2.11 2.22 2.49 2.75 2.86 2.81 2.64 2.39 2.17 2.03 1.91 1.81 1.79 1.84 1.92 2.03 2.09 2.03 1.94 1.89 1.92 1.94 1.87 1.76 1.74 1.80 1.95 2.08 2.14 2.15 2.18 2.21 2.24 2.30 2.31 2.21 2.06 2.01 2.01 1.99 1.98 1.98 1.95 1.92 1.95 2.06 2.18 2.28 2.33 2.36 2.40 2.42 2.34 2.18 2.02 1.88 1.73 1.61 1.62 1.76 1.92 2.01 2.03 2.02 1.99 1.97 1.98 2.01 2.04 2.06 2.12 2.19 2.20 2.20 2.23 2.24
2.18 2.16 2.15 2.14 2.13 2.16 2.21 2.23 2.28 2.46 2.67 2.73 2.62 2.44 2.24 2.07 1.98 1.89 1.75 1.66 1.63 1.64 1.71 1.83 1.88 1.89 1.92 1.99 2.04 2.06 2.06 1.96 1.82 1.74 1.71 1.80 1.95 2.08 2.19 2.27 2.30 2.33 2.27 2.12 1.98 1.93 1.98 2.01 1.98 1.96 1.94 1.94 2.01 2.10 2.17 2.20 2.19 2.14 2.12 2.15 2.16 2.09 2.01 1.92 1.84 1.85 1.95 2.06 2.09 2.08 2.07 2.07 2.05 2.00 1.96 1.93 1.91 1.94 2.02 2.07 2.04 2.00 1.98 1.95
2.21 2.21 2.20 2.16 2.13 2.18 2.28 2.37 2.49 2.66 2.72 2.62 2.45 2.31 2.17 2.05 1.92 1.80 1.74 1.76 1.81 1.86 1.90 1.89 1.84 1.86 1.95 2.03 2.03 2.03 2.06 2.08 2.03 1.90 1.76 1.72 1.84 2.01 2.14 2.23 2.28 2.32 2.22 2.02 1.85 1.78 1.83 1.88 1.88 1.88 1.92 1.97 2.01 2.03 2.03 2.05 2.07 2.05 2.01 1.99 2.00 2.02 2.05 2.08 2.14 2.22 2.25 2.23 2.14 2.05 2.00 2.00 2.00 2.00 1.96 1.91 1.90 1.95 2.02 2.01 1.94 1.89 1.89 1.89
2.24 2.23 2.19 2.14 2.13 2.19 2.30 2.46 2.66 2.75 2.66 2.50 2.36 2.25 2.13 1.97 1.85 1.84 1.95 2.09 2.17 2.16 2.09 1.98 1.91 1.91 1.95 1.98 1.98 1.97 2.00 2.05 2.07 2.03 1.95 1.90 1.94 2.02 2.08 2.15 2.22 2.21 2.02 1.75 1.60 1.58 1.66 1.73 1.77 1.77 1.80 1.82 1.80 1.77 1.77 1.81 1.90 1.99 2.01 1.99 1.99 2.03 2.08 2.13 2.18 2.21 2.21 2.19 2.14 2.09 2.03 1.98 1.97 1.97 1.96 1.95 1.97 2.00 1.96 1.86 1.75 1.72 1.74 1.77
2.18 2.16 2.11 2.09 2.13 2.20 2.30 2.43 2.57 2.58 2.46 2.31 2.20 2.07 1.89 1.80 1.86 1.98 2.09 2.12 2.05 1.98 1.96 2.00 2.05 2.04 1.96 1.93 1.93 1.91 1.91 1.92 1.93 1.96 2.03 2.09 2.10 2.07 2.16 2.10 2.10 1.91 1.57 1.36 1.33 1.41 1.53 1.66 1.71 1.69 1.66 1.62 1.55 1.51 1.52 1.58 1.71 1.84 1.91 1.94 1.99 2.04 2.07 2.06 2.06 2.09 2.12 2.14 2.14 2.13 2.09 2.03 1.97 1.92 1.87 1.88 1.87 1.81 1.70 1.61 1.59 1.60 1.60 1.59
2.15 2.14 2.13 2.12 2.15 2.20 2.25 2.30 2.30 2.22 2.12 2.06 1.98 1.82 1.71 1.78 1.91 1.94 1.86 1.71 1.62 1.67 1.84 2.02 2.12 2.14 2.09 2.01 1.94 1.87 1.85 1.86 1.88 1.93 2.00 2.05 2.05 2.02 1.99 1.99 1.86 1.54 1.31 1.30 1.37 1.45 1.53 1.64 1.72 1.74 1.74 1.70 1.60 1.50 1.47 1.52 1.61 1.68 1.76 1.87 1.97 2.05 2.11 2.16 2.23 2.27 2.24 2.17 2.08 2.03 2.02 2.00 1.93 1.83 1.77 1.74 1.68 1.61 1.58 1.58 1.60 1.59 1.52 1.47
2.25 2.29 2.28 2.21 2.16 2.15 2.15 2.14 2.08 2.00 2.06 1.94 1.86 1.72 1.71 1.77 1.72 1.59 1.47 1.41 1.46 1.66 1.92 2.10 2.15 2.16 2.18 2.14 2.04 1.93 1.87 1.88 1.90 1.90 1.85 1.80 1.79 1.82 1.85 1.81 1.65 1.52 1.59 1.74 1.83 1.81 1.79 1.82 1.85 1.90 1.92 1.89 1.83 1.74 1.68 1.67 1.65 1.69 1.81 1.92 2.00 2.06 2.16 2.30 2.38 2.33 2.22 2.11 2.00 1.93 1.90 1.88 1.83 1.75 1.70 1.64 1.58 1.56 1.60 1.64 1.63 1.57 1.53 1.56
2.33 2.33 2.28 2.15 2.06 2.05 2.05 2.02 1.99 1.99 1.98 1.91 1.77 1.67 1.62 1.54 1.39 1.32 1.35 1.47 1.66 1.89 2.10 2.19 2.13 2.08 2.11 2.13 2.08 1.98 1.91 1.91 1.90 1.82 1.70 1.65 1.68 1.77 1.82 1.81 1.80 1.90 2.07 2.16 2.20 2.22 2.19 2.14 2.08 2.03 1.96 1.90 1.87 1.87 1.85 1.81 1.78 1.82 1.92 1.98 1.98 2.02 2.11 2.18 2.13 2.02 1.97 1.97 1.98 1.96 1.89 1.81 1.75 1.71 1.67 1.59 1.49 1.43 1.44 1.50 1.57 1.64 1.75 1.83
2.21 2.11 1.95 1.89 1.90 1.96 2.00 1.98 1.97 1.97 2.07 1.74 1.63 1.58 1.51 1.43 1.39 1.46 1.65 1.92 2.15 2.25 2.28 2.15 1.94 1.88 1.92 1.95 1.95 1.94 1.93 1.93 1.93 1.88 1.81 1.81 1.88 1.95 1.99 2.02 2.08 2.14 2.16 2.18 2.25 2.37 2.44 2.43 2.34 2.20 2.10 2.02 1.96 1.92 1.90 1.88 1.89 1.90 1.92 1.94 1.92 1.93 1.97 1.94 1.85 1.82 1.89 2.00 2.05 2.01 1.89 1.78 1.72 1.68 1.66 1.64 1.58 1.49 1.41 1.43 1.59 1.84 2.01 1.97
1.99 1.83 1.67 1.70 1.81 1.94 2.00 1.97 1.92 2.18 1.77 1.63 1.61 1.67 1.73 1.79 1.88 2.05 2.29 2.50 2.57 2.50 2.29 2.00 1.80 1.77 1.78 1.76 1.78 1.83 1.88 1.90 1.94 1.99 2.04 2.10 2.13 2.12 2.10 2.09 2.08 2.03 2.04 2.15 2.31 2.46 2.58 2.62 2.57 2.48 2.39 2.30 2.20 2.10 2.00 1.94 1.92 1.87 1.84 1.87 1.87 1.88 1.88 1.85 1.83 1.91 2.05 2.12 2.02 1.84 1.72 1.68 1.67 1.65 1.65 1.69 1.76 1.80 1.74 1.71 1.82 1.98 2.01 1.87
1.97 1.87 1.79 1.86 1.98 2.05 2.04 1.98 1.92 2.16 1.82 1.78 1.83 1.97 2.15 2.32 2.48 2.61 2.66 2.64 2.52 2.34 2.11 1.90 1.82 1.80 1.76 1.73 1.77 1.83 1.85 1.85 1.90 2.00 2.09 2.13 2.11 2.07 2.04 2.00 1.95 1.94 2.05 2.22 2.40 2.55 2.62 2.62 2.59 2.54 2.44 2.32 2.23 2.16 2.09 2.03 1.96 1.86 1.79 1.82 1.87 1.91 1.92 1.92 1.97 2.09 2.14 2.02 1.76 1.54 1.50 1.55 1.61 1.67 1.69 1.69 1.72 1.84 1.97 2.04 2.08 2.06 1.92 1.82
2.10 2.11 2.18 2.28 2.32 2.23 2.10 2.01 1.99 1.98 1.97 1.99 2.09 2.24 2.40 2.52 2.59 2.57 2.48 2.30 2.08 1.88 1.77 1.77 1.83 1.85 1.84 1.88 1.95 1.98 1.94 1.91 1.95 2.02 2.04 1.98 1.93 1.94 1.97 1.98 2.00 2.07 2.20 2.34 2.44 2.49 2.45 2.35 2.27 2.23 2.20 2.18 2.18 2.18 2.14 2.10 2.04 1.96 1.87 1.85 1.92 1.98 2.01 2.04 2.10 2.15 2.05 1.79 1.53 1.43 1.46 1.54 1.63 1.71 1.79 1.80 1.75 1.73 1.85 2.05 2.19 2.22 2.19 2.28
2.17 2.24 2.37 2.45 2.43 2.32 2.17 2.06 2.04 2.06 2.08 2.12 2.19 2.30 2.36 2.35 2.29 2.19 2.05 1.84 1.63 1.51 1.53 1.68 1.82 1.89 1.95 2.03 2.11 2.15 2.16 2.18 2.19 2.19 2.15 2.08 2.01 1.99 2.01 2.08 2.19 2.33 2.42 2.43 2.39 2.28 2.11 1.97 1.91 1.95 2.04 2.15 2.23 2.21 2.16 2.12 2.10 2.08 2.01 1.96 1.98 2.03 2.09 2.12 2.13 2.06 1.86 1.62 1.50 1.51 1.59 1.67 1.72 1.75 1.80 1.86 1.89 1.86 1.87 2.03 2.28 2.50 2.65 2.77
2.19 2.26 2.34 2.36 2.35 2.33 2.28 2.18 2.13 2.14 2.14 2.13 2.14 2.14 2.11 2.09 2.05 1.92 1.72 1.56 1.49 1.52 1.65 1.81 1.90 1.95 2.01 2.07 2.13 2.21 2.31 2.40 2.43 2.40 2.35 2.31 2.25 2.18 2.12 2.18 2.31 2.42 2.41 2.34 2.23 2.05 1.85 1.73 1.74 1.87 2.07 2.22 2.25 2.21 2.17 2.15 2.14 2.13 2.08 2.03 2.02 2.07 2.12 2.13 2.10 1.96 1.72 1.56 1.55 1.62 1.70 1.76 1.80 1.82 1.80 1.81 1.91 2.07 2.19 2.33 2.54 2.67 2.70 2.64
2.25 2.32 2.42 2.44 2.42 2.39 2.38 2.37 2.33 2.27 2.18 2.08 2.00 1.95 1.95 1.99 1.96 1.82 1.68 1.68 1.79 1.89 1.98 2.02 2.03 2.02 2.05 2.09 2.14 2.21 2.30 2.38 2.42 2.43 2.44 2.49 2.50 2.44 2.32 2.27 2.30 2.30 2.26 2.23 2.11 1.92 1.77 1.71 1.76 1.94 2.16 2.29 2.30 2.27 2.23 2.20 2.16 2.12 2.06 2.01 2.01 2.03 2.06 2.06 2.03 1.91 1.74 1.66 1.67 1.74 1.80 1.81 1.81 1.82 1.85 1.89 1.98 2.17 2.43 2.65 2.73 2.59 2.35 2.18
2.37 2.47 2.61 2.61 2.53 2.42 2.39 2.44 2.43 2.31 2.15 2.02 1.94 1.92 1.96 1.96 1.88 1.81 1.86 2.00 2.13 2.17 2.18 2.17 2.14 2.12 2.12 2.14 2.17 2.24 2.29 2.30 2.29 2.33 2.45 2.62 2.73 2.73 2.63 2.45 2.32 2.24 2.21 2.15 1.99 1.84 1.79 1.81 1.91 2.10 2.28 2.36 2.38 2.35 2.30 2.23 2.17 2.10 2.03 2.00 2.00 2.19 1.99 1.99 1.97 1.90 1.84 1.85 1.88 1.91 1.92 1.90 1.85 1.83 1.89 2.04 2.20 2.40 2.67 2.84 2.74 2.41 2.07 1.87
2.45 2.49 2.56 2.56 2.50 2.40 2.33 2.31 2.28 2.19 2.07 2.01 2.00 2.02 1.99 1.88 1.80 1.87 2.02 2.13 2.15 2.15 2.18 2.21 2.20 2.17 2.14 2.13 2.16 2.23 2.29 2.30 2.28 2.33 2.46 2.61 2.73 2.80 2.81 2.68 2.42 2.22 2.08 1.92 1.78 1.76 1.82 1.90 2.03 2.24 2.38 2.39 2.38 2.37 2.33 2.26 2.17 2.09 2.03 2.03 2.06 2.06 2.03 2.01 1.98 1.95 1.94 1.98 2.04 2.06 2.04 2.03 2.02 2.01 2.04 2.17 2.44 2.78 3.01 2.99 2.73 2.39 2.08 1.84
2.40 2.32 2.19 2.19 2.22 2.22 2.17 2.13 2.11 2.11 2.12 2.17 2.23 2.22 2.08 1.89 1.82 1.89 1.96 1.98 2.01 2.09 2.19 2.24 2.21 2.15 2.08 2.06 2.09 2.17 2.24 2.29 2.32 2.36 2.38 2.39 2.42 2.50 2.58 2.56 2.35 2.07 1.84 1.67 1.64 1.72 1.82 1.91 2.11 2.35 2.41 2.33 2.28 2.30 2.31 2.26 2.18 2.10 2.05 2.08 2.14 2.15 2.11 2.06 2.01 1.98 2.00 2.05 2.10 2.15 2.19 2.25 2.32 2.37 2.43 2.54 2.77 3.03 3.12 2.95 2.68 2.49 2.31 2.08
2.24 2.07 1.78 1.66 1.67 1.76 1.86 1.98 2.09 2.21 2.35 2.48 2.55 2.46 2.23 2.00 1.87 1.82 1.76 1.78 1.90 2.08 2.21 2.24 2.20 2.14 2.08 2.03 2.02 2.05 2.09 2.12 2.16 2.18 2.14 2.06 2.03 2.03 2.05 2.05 1.99 1.86 1.72 1.64 1.68 1.78 1.86 1.98 2.26 2.45 2.39 2.23 2.17 2.20 2.24 2.24 2.19 2.14 2.12 2.16 2.21 2.21 2.17 2.11 2.04 1.99 2.04 2.11 2.17 2.23 2.35 2.52 2.70 2.88 3.02 3.11 3.17 3.17 3.01 2.76 2.63 2.64 2.65 2.58
2.04 1.82 1.50 1.39 1.38 1.48 1.67 1.89 2.08 2.27 2.45 2.55 2.54 2.39 2.19 2.02 1.89 1.80 1.76 1.84 1.98 2.11 2.19 2.22 2.20 2.18 2.15 2.10 2.03 2.00 1.98 1.94 1.91 1.90 1.86 1.78 1.70 1.64 1.60 1.63 1.69 1.74 1.76 1.80 1.91 2.01 2.10 2.29 2.50 2.51 2.33 2.18 2.15 2.16 2.19 2.22 2.25 2.28 2.35 2.39 2.36 2.28 2.21 2.16 2.11 2.08 2.10 2.17 2.24 2.34 2.52 2.75 3.02 3.24 3.36 3.37 3.29 3.11 2.86 2.69 2.71 2.82 2.93 3.01
1.89 1.73 1.53 1.53 1.59 1.70 1.83 1.94 2.03 2.15 2.28 2.33 2.23 2.08 1.99 1.94 1.90 1.87 1.91 2.03 2.13 2.20 2.24 2.23 2.20 2.20 2.23 2.24 2.21 2.12 2.02 1.93 1.86 1.80 1.71 1.58 1.46 1.39 1.40 1.49 1.62 1.76 1.90 2.06 2.21 2.32 2.46 2.60 2.64 2.50 2.28 2.18 2.16 2.14 2.16 2.22 2.32 2.44 2.55 2.55 2.42 2.26 2.18 2.17 2.19 2.19 2.19 2.21 2.30 2.46 2.68 2.90 3.07 3.15 3.15 3.09 2.97 2.81 2.68 2.66 2.73 2.81 2.92 3.09
2.00 1.96 1.99 2.09 2.16 2.18 2.13 2.07 2.06 2.08 2.10 2.06 1.96 1.87 1.85 1.88 1.92 1.96 2.03 2.15 2.24 2.31 2.31 2.26 2.19 2.18 2.23 2.30 2.34 2.29 2.15 2.02 1.89 1.75 1.59 1.44 1.34 1.30 1.38 1.52 1.68 1.88 2.11 2.29 2.40 2.48 2.55 2.59 2.54 2.36 2.20 2.13 2.10 2.07 2.08 2.16 2.28 2.38 2.40 2.30 2.17 2.10 2.09 2.14 2.19 2.20 2.21 2.23 2.30 2.46 2.66 2.79 2.77 2.68 2.58 2.50 2.45 2.44 2.48 2.53 2.54 2.56 2.67 2.84
2.20 2.29 2.49 2.64 2.69 2.59 2.41 2.31 2.26 2.18 2.04 1.89 1.79 1.78 1.82 1.90 1.97 2.04 2.15 2.27 2.35 2.39 2.33 2.23 2.15 2.15 2.20 2.26 2.30 2.29 2.21 2.07 1.90 1.71 1.52 1.41 1.38 1.40 1.48 1.62 1.86 2.15 2.38 2.48 2.49 2.46 2.44 2.43 2.35 2.21 2.09 2.01 1.96 1.94 1.99 2.06 2.13 2.15 2.07 1.95 1.91 1.95 2.04 2.12 2.13 2.12 2.15 2.20 2.26 2.34 2.43 2.41 2.29 2.16 2.08 2.06 2.13 2.26 2.36 2.39 2.37 2.37 2.43 2.49
2.27 2.38 2.56 2.67 2.71 2.71 2.68 2.62 2.49 2.29 2.06 1.87 1.77 1.80 1.89 1.99 2.08 2.19 2.31 2.37 2.38 2.33 2.21 2.11 2.07 2.10 2.14 2.16 2.17 2.17 2.14 2.06 1.93 1.76 1.60 1.52 1.52 1.56 1.66 1.87 2.20 2.47 2.58 2.54 2.45 2.36 2.33 2.32 2.25 2.11 1.99 1.90 1.86 1.89 1.95 1.98 1.96 1.89 1.80 1.75 1.78 1.88 1.99 2.05 2.03 2.01 2.06 2.15 2.25 2.30 2.26 2.13 2.03 1.98 1.97 2.03 2.19 2.34 2.39 2.37 2.38 2.39 2.36 2.33
2.25 2.32 2.42 2.44 2.43 2.47 2.57 2.58 2.47 2.29 2.11 1.98 1.90 1.92 2.01 2.12 2.23 2.33 2.38 2.34 2.24 2.12 2.03 2.01 2.03 2.07 2.07 2.04 2.03 2.05 2.06 2.03 1.96 1.85 1.75 1.71 1.72 1.79 1.95 2.24 2.50 2.56 2.46 2.34 2.27 2.25 2.26 2.28 2.21 2.07 1.94 1.89 1.90 1.93 1.95 1.94 1.85 1.70 1.61 1.61 1.70 1.84 1.94 1.96 1.93 1.95 2.02 2.13 2.24 2.28 2.24 2.15 2.10 2.06 2.07 2.22 2.43 2.54 2.55 2.50 2.47 2.45 2.39 2.38
2.26 2.31 2.38 2.37 2.27 2.17 2.16 2.19 2.20 2.18 2.11 2.05 2.01 2.03 2.09 2.19 2.29 2.33 2.28 2.14 2.01 1.92 1.91 1.98 2.07 2.11 2.09 2.06 2.07 2.09 2.08 2.04 1.98 1.91 1.88 1.90 1.97 2.10 2.29 2.46 2.48 2.33 2.17 2.10 2.12 2.19 2.27 2.28 2.18 2.03 1.93 1.91 1.92 1.94 1.96 1.95 1.91 1.82 1.73 1.70 1.77 1.86 1.90 1.91 1.93 1.97 2.05 2.14 2.19 2.18 2.18 2.20 2.17 2.11 2.14 2.36 2.63 2.72 2.69 2.61 2.53 2.47 2.43 2.47
2.29 2.31 2.31 2.24 2.12 1.96 1.84 1.80 1.86 1.94 1.99 2.01 2.03 2.04 2.08 2.13 2.16 2.10 1.97 1.84 1.76 1.75 1.83 2.01 2.17 2.22 2.22 2.23 2.25 2.22 2.15 2.07 1.98 1.93 1.95 2.01 2.12 2.26 2.34 2.33 2.22 2.09 2.03 2.06 2.14 2.21 2.26 2.24 2.13 2.00 1.91 1.87 1.85 1.89 1.97 2.02 2.07 2.09 2.06 2.03 2.02 1.96 1.93 1.94 1.97 2.02 2.10 2.17 2.18 2.17 2.20 2.24 2.20 2.19 2.34 2.66 2.86 2.82 2.67 2.56 2.49 2.46 2.46 2.47
2.30 2.22 2.01 1.77 1.65 1.61 1.61 1.65 1.69 1.75 1.86 1.96 2.00 2.02 2.05 2.04 1.98 1.86 1.75 1.72 1.73 1.80 1.95 2.16 2.27 2.27 2.28 2.30 2.28 2.21 2.14 2.07 2.00 1.97 1.99 2.05 2.12 2.18 2.19 2.15 2.09 2.04 2.06 2.15 2.20 2.21 2.19 2.14 2.05 1.96 1.86 1.78 1.80 1.92 2.04 2.09 2.15 2.22 2.29 2.31 2.25 2.11 2.02 2.01 2.03 2.08 2.16 2.24 2.30 2.36 2.37 2.32 2.31 2.46 2.76 2.99 2.98 2.78 2.56 2.46 2.44 2.47 2.48 2.41
2.21 2.02 1.72 1.47 1.35 1.42 1.56 1.68 1.73 1.80 1.91 1.98 1.99 2.01 2.04 2.02 1.96 1.93 1.97 2.03 2.07 2.13 2.23 2.30 2.28 2.21 2.19 2.17 2.07 1.98 1.99 2.01 2.01 2.01 2.04 2.09 2.13 2.18 2.21 2.23 2.17 2.09 2.11 2.17 2.18 2.14 2.09 2.03 1.93 1.83 1.74 1.73 1.85 2.02 2.10 2.11 2.14 2.23 2.34 2.38 2.35 2.27 2.18 2.17 2.17 2.17 2.21 2.29 2.38 2.42 2.37 2.32 2.41 2.70 2.99 3.01 2.80 2.56 2.42 2.39 2.42 2.45 2.43 2.32
2.08 1.94 1.78 1.73 1.69 1.71 1.75 1.77 1.80 1.88 1.96 1.98 1.98 2.02 2.06 2.09 2.12 2.21 2.29 2.28 2.22 2.20 2.25 2.26 2.20 2.10 2.01 1.90 1.76 1.71 1.76 1.84 1.95 2.04 2.11 2.16 2.22 2.32 2.39 2.39 2.28 2.15 2.09 2.08 2.06 2.03 2.01 1.95 1.83 1.69 1.65 1.76 1.96 2.09 2.10 2.10 2.13 2.21 2.28 2.32 2.36 2.39 2.38 2.33 2.27 2.21 2.20 2.23 2.24 2.22 2.19 2.30 2.57 2.86 2.92 2.70 2.41 2.26 2.21 2.22 2.25 2.27 2.23 2.17
2.07 2.01 1.98 2.00 2.01 2.01 1.96 1.91 1.90 1.92 1.91 1.90 1.95 2.04 2.13 2.20 2.29 2.33 2.26 2.13 2.04 2.05 2.14 2.20 2.16 2.01 1.82 1.65 1.58 1.61 1.66 1.75 1.91 2.07 2.18 2.26 2.35 2.43 2.45 2.40 2.29 2.17 2.06 1.98 1.93 1.95 1.99 1.92 1.76 1.67 1.71 1.87 2.02 2.07 2.05 2.04 2.08 2.15 2.20 2.24 2.31 2.37 2.39 2.32 2.22 2.15 2.13 2.12 2.11 2.11 2.21 2.46 2.72 2.77 2.58 2.30 2.12 2.06 2.04 2.01 2.00 2.03 2.01 1.93
2.10 2.09 2.07 2.07 2.08 2.10 2.17 2.22 2.20 2.08 1.94 1.88 1.95 2.08 2.19 2.28 2.33 2.29 2.19 2.14 2.20 2.29 2.35 2.34 2.21 2.00 1.79 1.68 1.69 1.76 1.81 1.84 1.94 2.08 2.22 2.32 2.38 2.38 2.32 2.25 2.19 2.15 2.07 1.97 1.93 1.96 1.98 1.89 1.78 1.76 1.85 1.97 2.04 2.03 2.00 1.98 2.00 2.04 2.09 2.15 2.21 2.26 2.27 2.20 2.10 2.05 2.05 2.08 2.12 2.21 2.37 2.55 2.54 2.36 2.18 2.06 2.00 2.00 1.99 1.95 1.91 1.94 1.92 1.81
2.08 2.05 2.06 2.16 2.28 2.37 2.41 2.38 2.24 2.02 1.87 1.89 2.00 2.10 2.19 2.26 2.28 2.28 2.36 2.54 2.70 2.76 2.71 2.57 2.34 2.12 1.99 1.97 2.01 2.05 2.04 1.99 2.00 2.07 2.16 2.21 2.21 2.19 2.16 2.13 2.13 2.15 2.13 2.08 2.05 2.03 1.95 1.87 1.82 1.84 1.93 2.05 2.09 2.05 2.00 1.97 1.96 1.95 2.00 2.08 2.15 2.17 2.14 2.07 1.97 1.94 2.01 2.10 2.19 2.28 2.36 2.34 2.15 2.01 1.99 1.98 1.97 1.99 2.00 1.98 1.92 1.89 1.84 1.77
