project/data/elevation/US_DEM2016/US_DEM2016_point_10-31-2019_0046_30m_vel.asc
ncols	125
nrows	167
xllcorner	-2042055.000000
yllcorner	1465035.000000
cellsize	30.000000
NODATA_value	-9999.000000
[rows 111 to 147 of 167, columns 0 to 82 of 125]
8.90 8.85 8.83 8.97 9.23 9.56 10.06 10.77 11.55 11.96 11.89 11.41 10.69 9.89 9.17 8.68 8.45 8.45 8.51 8.77 9.16 9.38 9.47 9.34 9.20 9.08 8.91 8.67 8.50 8.64 8.92 9.17 9.31 9.27 9.05 8.70 8.44 8.40 8.32 8.14 8.04 8.18 8.52 9.12 9.65 9.85 9.82 9.73 9.66 9.72 9.96 10.27 10.62 10.99 11.32 11.39 11.06 10.55 9.90 9.26 8.76 8.45 8.25 8.01 7.65 7.47 7.62 7.85 8.04 8.13 8.12 8.12 8.14 8.14 8.04 7.90 7.78 7.74 7.81 7.92 8.11 8.29 8.32
8.73 8.60 8.63 8.96 9.37 9.90 10.58 11.13 11.30 10.96 10.31 9.69 9.11 8.54 8.00 7.59 7.38 7.45 7.73 8.12 8.53 8.95 9.11 8.97 8.97 9.16 9.09 8.79 8.49 8.39 8.44 8.55 8.65 8.73 8.78 8.73 8.60 8.50 8.49 8.63 8.86 9.07 9.35 9.86 10.20 10.15 9.86 9.54 9.30 9.22 9.25 9.41 9.63 9.91 10.26 10.47 10.40 10.09 9.65 9.18 8.78 8.46 8.08 7.69 7.46 7.56 7.89 8.15 8.23 8.06 7.84 7.82 7.89 7.90 7.79 7.62 7.46 7.41 7.52 7.75 7.96 8.04 8.00
8.62 8.52 8.59 8.89 9.28 9.83 10.40 10.49 10.08 9.37 8.66 8.03 7.53 7.09 6.67 6.49 6.75 7.27 7.77 8.21 8.76 9.24 9.13 8.78 8.99 9.39 9.44 9.32 9.16 8.81 8.33 7.78 7.46 7.55 7.89 8.21 8.40 8.49 8.63 8.89 9.12 9.33 9.65 10.09 10.19 9.89 9.43 9.05 8.87 8.84 8.81 8.75 8.65 8.53 8.45 8.61 8.80 8.89 8.97 8.95 8.77 8.42 7.98 7.67 7.68 7.90 8.17 8.32 8.19 7.85 7.60 7.53 7.55 7.60 7.61 7.49 7.29 7.15 7.23 7.51 7.63 7.48 7.28
8.68 8.67 8.73 8.87 9.13 9.50 9.67 9.21 8.38 7.54 6.83 6.19 5.71 5.40 5.49 6.09 7.08 8.07 8.75 9.24 9.60 9.51 8.91 8.64 9.03 9.34 9.32 9.27 9.31 9.23 9.03 8.58 7.97 7.52 7.35 7.44 7.84 8.32 8.68 8.95 9.24 9.57 9.87 10.04 9.75 9.08 8.57 8.40 8.43 8.57 8.72 8.68 8.48 8.09 7.54 7.13 7.10 7.51 8.06 8.42 8.54 8.47 8.32 8.19 8.17 8.26 8.37 8.28 7.98 7.69 7.54 7.46 7.46 7.51 7.53 7.44 7.30 7.19 7.20 7.33 7.23 6.83 6.53
8.86 8.89 8.95 8.96 9.01 9.02 8.74 8.03 7.15 6.39 5.83 5.42 5.17 5.35 6.21 7.51 8.72 9.62 10.20 10.37 10.00 9.14 8.14 7.95 8.36 8.51 8.46 8.56 8.80 9.12 9.43 9.51 9.23 8.50 7.69 7.49 7.97 8.62 9.06 9.36 9.63 9.84 9.93 9.78 9.21 8.39 7.85 7.79 8.01 8.39 8.86 9.03 8.94 8.64 8.05 7.30 6.90 7.04 7.43 7.82 8.16 8.43 8.59 8.65 8.65 8.61 8.43 8.09 7.76 7.58 7.52 7.53 7.58 7.58 7.51 7.41 7.36 7.37 7.41 7.35 7.07 6.70 6.46
9.00 9.04 9.04 8.96 8.81 8.51 8.02 7.45 7.09 6.98 6.94 6.86 7.09 7.84 8.97 10.12 10.88 11.08 10.89 10.38 9.54 8.63 7.88 7.55 7.56 7.46 7.50 7.83 8.18 8.50 8.87 9.29 9.54 9.46 9.11 8.97 9.10 9.34 9.48 9.58 9.60 9.60 9.59 9.40 8.89 8.22 7.66 7.53 7.86 8.43 8.93 9.16 9.20 9.16 9.01 8.75 8.40 8.08 7.91 7.96 8.13 8.31 8.46 8.58 8.66 8.61 8.33 7.93 7.60 7.39 7.32 7.37 7.47 7.55 7.56 7.53 7.53 7.60 7.66 7.65 7.59 7.48 7.43
9.01 8.96 8.89 8.80 8.59 8.24 7.86 7.61 7.66 7.98 8.43 9.03 9.81 10.64 11.29 11.57 11.38 10.79 10.10 9.34 8.71 8.45 8.34 8.05 7.65 7.32 7.16 7.35 7.60 7.71 7.80 8.13 8.77 9.41 9.80 9.89 9.72 9.44 9.20 9.05 8.98 9.05 9.18 9.13 8.81 8.37 7.85 7.60 7.88 8.39 8.66 8.72 8.82 9.05 9.31 9.55 9.67 9.58 9.27 8.86 8.58 8.40 8.31 8.26 8.25 8.15 7.89 7.60 7.42 7.32 7.26 7.25 7.32 7.49 7.65 7.74 7.82 7.88 7.97 8.17 8.47 8.71 8.88
8.91 8.78 8.65 8.61 8.49 8.30 8.13 8.02 8.02 8.31 9.04 10.04 10.93 11.40 11.41 10.89 9.94 9.14 8.67 8.20 8.04 8.23 8.50 8.55 8.36 7.94 7.51 7.30 7.42 7.41 7.19 7.18 7.59 8.38 9.03 9.29 9.18 8.91 8.70 8.58 8.62 8.83 9.03 8.93 8.58 8.29 8.00 7.73 7.85 8.08 8.13 8.06 8.13 8.45 8.89 9.27 9.60 9.82 9.81 9.53 9.06 8.60 8.22 7.93 7.65 7.35 7.07 7.13 7.39 7.59 7.62 7.55 7.54 7.65 7.81 7.97 8.10 8.18 8.33 8.61 8.89 9.15 9.42
8.77 8.64 8.53 8.53 8.48 8.42 8.39 8.33 8.37 8.76 9.57 10.34 10.67 10.50 9.97 9.20 8.53 8.14 7.78 7.46 7.42 7.57 7.82 8.13 8.26 8.09 7.80 7.67 7.76 7.80 7.58 7.25 7.16 7.36 7.83 8.26 8.48 8.54 8.61 8.67 8.76 8.91 8.94 8.65 8.23 8.06 8.05 7.95 7.91 7.90 7.79 7.71 7.84 8.18 8.58 8.87 9.03 9.10 9.20 9.26 9.07 8.61 8.14 7.70 7.21 6.82 6.84 7.30 7.78 8.03 8.09 8.04 7.96 7.91 7.92 8.01 8.08 8.16 8.32 8.49 8.55 8.57 8.67
8.68 8.61 8.58 8.55 8.49 8.51 8.60 8.67 8.87 9.45 10.08 10.28 9.98 9.44 8.82 8.29 8.01 7.74 7.32 7.02 6.91 6.94 7.19 7.55 7.69 7.69 7.80 7.97 8.09 8.16 8.13 7.86 7.43 7.17 7.13 7.44 7.90 8.31 8.64 8.83 8.92 8.97 8.82 8.36 7.89 7.77 7.91 7.98 7.92 7.84 7.75 7.76 7.99 8.29 8.51 8.63 8.58 8.43 8.39 8.49 8.53 8.36 8.09 7.76 7.50 7.49 7.79 8.13 8.25 8.22 8.19 8.19 8.13 8.00 7.86 7.77 7.73 7.82 8.02 8.15 8.11 7.99 7.94
8.75 8.75 8.71 8.58 8.49 8.60 8.84 9.10 9.48 10.01 10.22 9.97 9.51 9.06 8.63 8.24 7.86 7.47 7.24 7.25 7.38 7.54 7.69 7.70 7.58 7.60 7.85 8.07 8.10 8.11 8.19 8.22 8.05 7.68 7.29 7.22 7.60 8.09 8.46 8.71 8.87 8.93 8.63 7.98 7.44 7.30 7.48 7.62 7.61 7.63 7.71 7.83 7.97 8.05 8.07 8.14 8.20 8.16 8.05 8.00 8.05 8.12 8.18 8.23 8.36 8.58 8.69 8.63 8.41 8.17 8.03 8.00 7.99 7.95 7.84 7.70 7.65 7.81 7.99 7.96 7.78 7.65 7.65
8.84 8.82 8.68 8.52 8.50 8.66 8.97 9.43 10.03 10.26 10.06 9.61 9.22 8.87 8.48 8.02 7.64 7.54 7.79 8.17 8.40 8.40 8.22 7.96 7.76 7.75 7.86 7.97 7.96 7.94 8.02 8.14 8.18 8.07 7.82 7.70 7.85 8.10 8.27 8.49 8.68 8.60 7.98 7.16 6.72 6.73 6.98 7.21 7.29 7.31 7.35 7.37 7.31 7.26 7.28 7.43 7.71 7.96 8.02 7.98 8.00 8.11 8.25 8.40 8.52 8.62 8.64 8.57 8.45 8.30 8.11 7.96 7.89 7.88 7.83 7.81 7.87 7.93 7.79 7.50 7.24 7.14 7.19
8.69 8.60 8.43 8.38 8.48 8.69 8.98 9.37 9.78 9.80 9.45 9.04 8.71 8.29 7.74 7.48 7.61 7.94 8.24 8.32 8.15 7.94 7.88 8.00 8.13 8.10 7.92 7.84 7.81 7.76 7.77 7.79 7.80 7.89 8.06 8.23 8.30 8.27 8.40 8.37 8.32 7.72 6.68 6.01 5.93 6.21 6.60 6.97 7.13 7.06 6.94 6.76 6.53 6.43 6.52 6.75 7.15 7.53 7.74 7.85 7.97 8.12 8.21 8.19 8.18 8.28 8.40 8.45 8.44 8.38 8.26 8.08 7.90 7.73 7.61 7.63 7.59 7.39 7.05 6.79 6.74 6.78 6.77
8.60 8.55 8.48 8.46 8.53 8.68 8.84 8.98 8.98 8.76 8.46 8.27 8.03 7.51 7.12 7.38 7.73 7.84 7.63 7.22 6.94 7.08 7.54 8.05 8.33 8.37 8.24 8.02 7.85 7.66 7.62 7.64 7.67 7.81 8.02 8.16 8.17 8.12 8.05 8.05 7.62 6.66 5.90 5.78 6.00 6.25 6.53 6.92 7.13 7.17 7.15 7.00 6.68 6.39 6.31 6.51 6.84 7.10 7.33 7.63 7.91 8.12 8.28 8.46 8.65 8.77 8.72 8.52 8.27 8.09 8.05 7.98 7.77 7.46 7.30 7.23 7.05 6.83 6.68 6.68 6.75 6.71 6.51
8.86 8.97 8.94 8.72 8.56 8.52 8.55 8.52 8.34 8.09 8.15 7.92 7.67 7.19 7.14 7.35 7.25 6.88 6.47 6.23 6.39 7.00 7.76 8.26 8.41 8.44 8.48 8.38 8.12 7.80 7.63 7.68 7.74 7.73 7.62 7.48 7.46 7.54 7.62 7.51 7.03 6.55 6.66 7.07 7.30 7.25 7.24 7.37 7.50 7.61 7.64 7.55 7.36 7.10 6.92 6.92 6.95 7.12 7.46 7.79 7.99 8.16 8.45 8.87 9.08 9.00 8.70 8.36 8.04 7.82 7.72 7.62 7.44 7.23 7.08 6.91 6.72 6.64 6.73 6.84 6.81 6.64 6.50
9.05 9.07 8.93 8.56 8.30 8.24 8.25 8.18 8.05 8.00 7.99 7.83 7.42 7.06 6.90 6.66 6.25 5.98 5.99 6.29 6.88 7.59 8.25 8.52 8.39 8.27 8.34 8.39 8.24 7.95 7.74 7.74 7.73 7.52 7.18 7.00 7.09 7.34 7.50 7.45 7.36 7.62 8.07 8.36 8.47 8.49 8.43 8.30 8.17 8.01 7.81 7.62 7.54 7.52 7.47 7.40 7.34 7.50 7.78 7.97 7.97 8.09 8.36 8.58 8.45 8.17 8.00 7.98 7.98 7.90 7.67 7.38 7.16 7.06 6.94 6.70 6.41 6.22 6.26 6.44 6.63 6.82 7.12
8.71 8.43 7.97 7.79 7.81 7.96 8.07 8.03 7.96 7.92 8.06 7.33 6.99 6.76 6.51 6.22 6.08 6.24 6.77 7.59 8.26 8.64 8.74 8.42 7.87 7.74 7.85 7.92 7.90 7.85 7.82 7.82 7.81 7.68 7.46 7.43 7.62 7.81 7.91 7.99 8.18 8.39 8.48 8.56 8.77 9.07 9.26 9.21 8.96 8.56 8.23 8.00 7.84 7.74 7.67 7.63 7.67 7.73 7.80 7.85 7.80 7.88 7.98 7.91 7.66 7.55 7.74 8.02 8.12 7.96 7.61 7.21 7.01 6.93 6.88 6.78 6.58 6.28 6.08 6.17 6.67 7.38 7.87
8.10 7.59 7.07 7.14 7.47 7.84 8.03 7.98 7.85 8.23 7.36 7.00 6.87 6.95 7.05 7.15 7.41 7.91 8.66 9.30 9.56 9.39 8.82 8.02 7.46 7.39 7.41 7.38 7.45 7.60 7.71 7.76 7.85 7.97 8.11 8.28 8.39 8.35 8.27 8.27 8.27 8.17 8.24 8.53 8.96 9.40 9.74 9.82 9.67 9.39 9.08 8.81 8.55 8.26 7.99 7.84 7.76 7.66 7.60 7.68 7.68 7.73 7.72 7.59 7.52 7.76 8.14 8.28 7.97 7.45 7.08 6.93 6.87 6.83 6.81 6.93 7.11 7.15 6.98 6.90 7.27 7.82 7.97
8.00 7.68 7.34 7.52 7.89 8.13 8.14 8.00 7.83 8.19 7.48 7.35 7.45 7.79 8.27 8.75 9.23 9.62 9.83 9.82 9.52 9.00 8.32 7.75 7.50 7.45 7.34 7.29 7.41 7.56 7.62 7.62 7.77 8.05 8.30 8.41 8.36 8.25 8.16 8.06 7.92 7.91 8.22 8.70 9.23 9.66 9.86 9.82 9.71 9.56 9.29 8.95 8.68 8.47 8.28 8.09 7.87 7.59 7.46 7.55 7.67 7.76 7.77 7.75 7.89 8.23 8.37 8.01 7.22 6.58 6.43 6.55 6.72 6.85 6.90 6.93 7.09 7.42 7.73 7.89 8.02 8.05 7.75
8.34 8.35 8.48 8.78 8.93 8.72 8.32 8.06 7.97 7.92 7.87 7.92 8.17 8.63 9.11 9.48 9.70 9.68 9.41 8.91 8.26 7.67 7.36 7.35 7.50 7.57 7.57 7.67 7.86 7.96 7.87 7.80 7.92 8.13 8.20 8.02 7.87 7.88 7.97 7.99 8.01 8.18 8.58 9.01 9.35 9.50 9.35 9.04 8.81 8.73 8.63 8.56 8.57 8.54 8.44 8.30 8.12 7.90 7.64 7.62 7.79 7.93 7.99 8.07 8.27 8.41 8.13 7.37 6.56 6.25 6.30 6.52 6.73 6.96 7.22 7.25 7.12 7.12 7.48 8.02 8.42 8.56 8.52
8.56 8.75 9.12 9.36 9.33 9.01 8.54 8.18 8.07 8.11 8.17 8.28 8.54 8.88 9.08 9.07 8.91 8.64 8.20 7.52 6.85 6.53 6.63 7.08 7.49 7.73 7.91 8.13 8.34 8.46 8.51 8.54 8.61 8.61 8.52 8.30 8.08 8.03 8.08 8.25 8.54 8.92 9.21 9.29 9.22 8.91 8.40 7.94 7.77 7.91 8.19 8.50 8.70 8.67 8.52 8.40 8.33 8.24 8.04 7.93 7.97 8.09 8.22 8.33 8.40 8.22 7.64 6.88 6.49 6.47 6.64 6.84 6.99 7.12 7.31 7.49 7.54 7.44 7.47 7.96 8.77 9.44 9.88
8.65 8.83 9.09 9.20 9.15 9.07 8.86 8.52 8.32 8.32 8.34 8.35 8.43 8.49 8.40 8.31 8.20 7.83 7.19 6.61 6.37 6.50 6.94 7.44 7.74 7.92 8.12 8.30 8.48 8.69 8.97 9.21 9.31 9.23 9.10 8.96 8.76 8.57 8.40 8.53 8.91 9.24 9.27 9.11 8.80 8.28 7.65 7.24 7.26 7.68 8.28 8.71 8.81 8.69 8.56 8.50 8.47 8.43 8.29 8.12 8.09 8.20 8.34 8.39 8.30 7.92 7.23 6.70 6.63 6.79 6.96 7.09 7.23 7.34 7.32 7.37 7.67 8.06 8.37 8.82 9.55 10.03 10.12
8.81 9.03 9.33 9.43 9.38 9.24 9.18 9.09 8.92 8.71 8.46 8.23 8.05 7.91 7.92 8.03 7.94 7.50 7.05 6.98 7.26 7.59 7.86 8.05 8.12 8.16 8.26 8.39 8.54 8.73 8.98 9.20 9.32 9.34 9.38 9.48 9.49 9.32 8.97 8.79 8.90 8.93 8.88 8.79 8.46 7.90 7.41 7.20 7.34 7.88 8.54 8.91 8.96 8.85 8.74 8.65 8.55 8.45 8.26 8.10 8.06 8.12 8.20 8.22 8.12 7.78 7.26 6.96 6.97 7.13 7.26 7.28 7.29 7.37 7.46 7.59 7.86 8.41 9.17 9.86 10.18 9.88 9.19
9.15 9.45 9.86 9.90 9.69 9.34 9.24 9.31 9.26 8.89 8.41 8.05 7.81 7.75 7.89 7.93 7.70 7.45 7.55 7.95 8.32 8.44 8.46 8.48 8.45 8.43 8.47 8.53 8.63 8.80 8.93 8.98 8.97 9.09 9.44 9.88 10.17 10.16 9.86 9.33 8.97 8.75 8.71 8.55 8.09 7.64 7.44 7.48 7.76 8.34 8.87 9.12 9.18 9.10 8.94 8.76 8.58 8.39 8.16 8.06 8.04 8.38 8.03 8.03 7.98 7.77 7.53 7.49 7.55 7.61 7.61 7.55 7.44 7.38 7.59 8.02 8.50 9.11 9.96 10.54 10.34 9.43 8.39
9.35 9.50 9.71 9.72 9.59 9.28 9.07 8.98 8.87 8.57 8.19 7.94 7.89 7.97 7.95 7.68 7.46 7.62 8.05 8.37 8.46 8.48 8.55 8.64 8.64 8.57 8.52 8.50 8.56 8.76 8.95 8.98 8.94 9.09 9.46 9.86 10.15 10.32 10.33 9.99 9.29 8.72 8.32 7.90 7.47 7.35 7.50 7.73 8.14 8.75 9.16 9.23 9.21 9.15 9.03 8.83 8.60 8.37 8.14 8.12 8.18 8.19 8.12 8.06 8.01 7.92 7.85 7.92 8.03 8.06 8.01 7.97 7.90 7.86 7.98 8.42 9.26 10.29 11.06 11.08 10.39 9.40 8.43
9.19 8.96 8.62 8.60 8.73 8.74 8.59 8.45 8.41 8.35 8.32 8.38 8.53 8.57 8.23 7.70 7.49 7.68 7.90 7.97 8.10 8.34 8.59 8.73 8.68 8.51 8.35 8.27 8.34 8.55 8.77 8.94 9.04 9.14 9.18 9.18 9.23 9.43 9.65 9.61 9.04 8.29 7.62 7.15 7.02 7.21 7.50 7.79 8.38 9.07 9.27 9.07 8.94 8.97 8.98 8.85 8.62 8.37 8.17 8.21 8.36 8.41 8.33 8.20 8.09 8.02 8.05 8.16 8.29 8.39 8.52 8.68 8.81 8.94 9.10 9.48 10.24 11.13 11.47 11.04 10.29 9.70 9.08
8.75 8.24 7.38 6.99 7.08 7.37 7.70 8.03 8.35 8.67 9.01 9.34 9.52 9.31 8.68 8.01 7.64 7.46 7.32 7.38 7.78 8.30 8.64 8.75 8.65 8.49 8.30 8.15 8.10 8.20 8.31 8.42 8.52 8.58 8.44 8.20 8.07 8.06 8.11 8.11 7.96 7.61 7.20 6.96 7.06 7.33 7.57 7.98 8.78 9.34 9.19 8.78 8.64 8.72 8.83 8.80 8.64 8.46 8.33 8.43 8.58 8.59 8.50 8.35 8.16 8.06 8.16 8.35 8.51 8.71 9.06 9.54 10.03 10.52 10.92 11.21 11.48 11.62 11.25 10.53 10.17 10.16 10.10
8.19 7.56 6.55 6.18 6.16 6.46 7.08 7.74 8.30 8.85 9.35 9.64 9.58 9.16 8.58 8.08 7.69 7.38 7.27 7.51 7.94 8.36 8.62 8.70 8.66 8.59 8.49 8.34 8.11 8.00 7.94 7.83 7.74 7.72 7.61 7.36 7.11 6.94 6.83 6.89 7.06 7.18 7.20 7.32 7.64 7.96 8.28 8.84 9.48 9.54 9.06 8.65 8.56 8.60 8.68 8.74 8.77 8.85 8.99 9.12 9.04 8.82 8.62 8.47 8.34 8.27 8.34 8.52 8.75 9.07 9.62 10.32 11.09 11.71 12.08 12.13 11.94 11.53 10.84 10.33 10.37 10.67 10.96
7.78 7.26 6.57 6.50 6.68 7.02 7.45 7.80 8.11 8.50 8.89 9.02 8.74 8.30 8.01 7.84 7.69 7.58 7.69 8.04 8.38 8.65 8.76 8.74 8.67 8.66 8.72 8.74 8.62 8.31 8.04 7.77 7.57 7.39 7.13 6.77 6.42 6.22 6.24 6.47 6.80 7.14 7.54 8.05 8.53 8.91 9.36 9.78 9.90 9.51 8.92 8.62 8.56 8.53 8.57 8.72 8.97 9.31 9.61 9.62 9.26 8.80 8.55 8.51 8.56 8.58 8.56 8.67 8.96 9.46 10.13 10.80 11.32 11.56 11.61 11.45 11.12 10.69 10.31 10.23 10.41 10.64 10.99
8.01 7.83 7.83 8.12 8.35 8.42 8.30 8.14 8.15 8.25 8.33 8.25 7.96 7.68 7.60 7.65 7.71 7.79 8.03 8.40 8.71 8.97 8.98 8.83 8.66 8.64 8.77 8.93 8.99 8.83 8.42 8.02 7.65 7.25 6.80 6.38 6.07 5.96 6.12 6.47 6.91 7.47 8.17 8.79 9.18 9.46 9.71 9.82 9.63 9.12 8.64 8.44 8.36 8.29 8.34 8.58 8.92 9.20 9.27 8.99 8.59 8.36 8.33 8.44 8.56 8.62 8.64 8.73 8.99 9.52 10.14 10.50 10.49 10.23 9.95 9.75 9.64 9.64 9.72 9.84 9.86 9.90 10.26
8.58 8.79 9.30 9.78 9.96 9.74 9.19 8.85 8.71 8.50 8.13 7.74 7.49 7.43 7.51 7.67 7.82 8.02 8.37 8.77 9.05 9.21 9.05 8.76 8.55 8.54 8.67 8.84 8.93 8.89 8.63 8.18 7.67 7.15 6.65 6.31 6.17 6.17 6.33 6.71 7.39 8.28 9.05 9.42 9.50 9.46 9.44 9.36 9.10 8.67 8.31 8.06 7.91 7.91 8.07 8.30 8.52 8.56 8.34 7.98 7.84 7.95 8.15 8.34 8.40 8.43 8.51 8.67 8.87 9.18 9.51 9.44 9.08 8.70 8.43 8.38 8.64 9.05 9.32 9.39 9.33 9.34 9.52
8.82 9.14 9.66 10.01 10.16 10.14 10.02 9.78 9.40 8.84 8.20 7.69 7.44 7.48 7.69 7.92 8.14 8.45 8.82 9.08 9.16 9.04 8.72 8.42 8.32 8.39 8.51 8.58 8.59 8.57 8.45 8.15 7.74 7.29 6.86 6.58 6.50 6.54 6.78 7.39 8.41 9.29 9.68 9.64 9.42 9.19 9.09 9.04 8.81 8.42 8.04 7.76 7.60 7.76 7.94 8.06 8.00 7.78 7.48 7.33 7.43 7.71 8.01 8.18 8.17 8.16 8.30 8.56 8.82 9.00 8.95 8.61 8.28 8.11 8.07 8.27 8.77 9.23 9.39 9.35 9.35 9.35 9.29
8.82 9.03 9.33 9.42 9.42 9.45 9.70 9.71 9.39 8.85 8.33 7.96 7.77 7.81 8.02 8.30 8.60 8.91 9.10 9.03 8.77 8.44 8.19 8.11 8.18 8.29 8.31 8.20 8.19 8.25 8.22 8.08 7.86 7.55 7.24 7.06 7.02 7.15 7.62 8.54 9.37 9.64 9.43 9.10 8.89 8.82 8.88 8.92 8.71 8.28 7.90 7.69 7.71 7.85 7.94 7.90 7.64 7.17 6.83 6.82 7.10 7.51 7.83 7.94 7.95 8.03 8.23 8.51 8.79 8.94 8.84 8.60 8.44 8.33 8.37 8.80 9.42 9.80 9.86 9.74 9.64 9.52 9.36
8.83 8.99 9.20 9.17 8.92 8.57 8.49 8.58 8.61 8.53 8.35 8.17 8.07 8.11 8.27 8.53 8.81 8.97 8.86 8.53 8.14 7.85 7.80 8.02 8.28 8.40 8.35 8.23 8.26 8.32 8.27 8.13 7.94 7.71 7.58 7.59 7.75 8.10 8.68 9.24 9.38 9.04 8.63 8.41 8.44 8.62 8.84 8.88 8.60 8.16 7.82 7.75 7.77 7.86 7.92 7.90 7.76 7.47 7.13 7.02 7.23 7.52 7.71 7.83 7.94 8.09 8.29 8.50 8.62 8.63 8.67 8.74 8.64 8.44 8.55 9.22 10.02 10.33 10.24 10.03 9.80 9.58 9.46
8.89 8.96 8.95 8.73 8.41 7.93 7.55 7.45 7.64 7.89 8.03 8.09 8.12 8.16 8.26 8.42 8.53 8.39 8.02 7.63 7.36 7.28 7.53 8.08 8.55 8.71 8.72 8.73 8.77 8.66 8.45 8.19 7.93 7.77 7.78 7.94 8.25 8.66 8.93 8.95 8.68 8.35 8.20 8.27 8.45 8.64 8.79 8.77 8.45 8.04 7.77 7.62 7.56 7.70 7.95 8.09 8.20 8.23 8.08 7.97 7.94 7.82 7.79 7.88 8.01 8.17 8.36 8.52 8.53 8.52 8.66 8.82 8.71 8.66 9.10 10.05 10.70 10.61 10.18 9.86 9.64 9.53 9.53
8.89 8.66 8.05 7.35 6.97 6.84 6.86 6.97 7.13 7.35 7.65 7.92 8.05 8.11 8.18 8.19 8.01 7.65 7.31 7.16 7.15 7.32 7.82 8.49 8.85 8.90 8.92 8.98 8.89 8.63 8.41 8.19 7.97 7.86 7.92 8.09 8.31 8.51 8.56 8.48 8.32 8.18 8.25 8.47 8.62 8.64 8.60 8.48 8.22 7.92 7.60 7.34 7.39 7.76 8.12 8.29 8.46 8.67 8.83 8.87 8.68 8.27 8.01 8.02 8.13 8.28 8.48 8.67 8.85 9.05 9.15 9.05 9.05 9.45 10.29 10.97 11.03 10.47 9.85 9.55 9.46 9.52 9.55
8.60 8.11 7.24 6.45 6.00 6.19 6.64 7.01 7.23 7.46 7.76 7.95 8.02 8.08 8.15 8.09 7.88 7.75 7.84 8.00 8.10 8.29 8.65 8.90 8.90 8.73 8.67 8.60 8.28 7.99 7.99 8.00 7.96 7.97 8.07 8.20 8.33 8.49 8.62 8.69 8.54 8.33 8.35 8.52 8.56 8.46 8.33 8.16 7.88 7.53 7.19 7.16 7.52 8.02 8.31 8.40 8.52 8.76 9.03 9.15 9.04 8.76 8.48 8.42 8.45 8.49 8.61 8.84 9.12 9.28 9.19 9.07 9.39 10.22 10.99 11.02 10.47 9.78 9.36 9.28 9.36 9.45 9.37
