project/data/elevation/US_DEM2016/US_DEM2016_point_10-28-2019_0947_30m_vel.asc
ncols	125
nrows	167
xllcorner	-2042055.000000
yllcorner	1465035.000000
cellsize	30.000000
NODATA_value	-9999.000000
[rows 108 to 143 of 167, columns 0 to 81 of 125]
9.39 9.22 9.04 9.06 9.12 9.18 9.22 9.14 9.01 9.15 9.82 10.81 11.91 12.86 13.47 13.77 14.00 13.82 13.27 12.68 12.21 11.90 11.61 11.17 10.78 10.47 10.21 9.98 9.78 9.79 10.06 10.35 10.49 10.55 10.57 10.53 10.33 9.88 9.43 9.28 9.48 9.58 9.45 9.16 8.92 8.95 9.31 9.93 10.59 11.03 11.03 10.75 10.50 10.29 9.78 9.14 8.96 9.16 9.28 9.24 9.22 9.30 9.33 9.37 9.43 9.42 9.47 9.82 10.32 10.66 10.57 10.16 9.64 9.13 8.73 8.57 8.79 9.23 9.47 9.46 9.51 9.69
9.57 9.51 9.42 9.42 9.56 9.83 10.20 10.58 11.05 11.64 12.41 13.26 13.86 14.04 13.85 13.51 13.28 13.44 13.55 13.41 13.10 12.66 12.08 11.36 10.78 10.42 10.18 9.98 9.59 9.09 8.76 8.75 8.84 9.04 9.38 9.77 9.99 9.89 9.64 9.35 8.99 8.52 8.15 8.20 8.63 9.06 9.57 10.21 11.00 11.82 12.23 12.14 11.80 11.36 10.74 10.13 9.91 9.81 9.62 9.45 9.35 9.19 9.00 8.92 8.97 8.90 8.81 8.97 9.38 9.83 10.11 10.03 9.69 9.31 9.04 8.91 8.94 9.18 9.42 9.43 9.35 9.34
9.76 9.84 9.82 9.79 9.91 10.14 10.49 11.06 11.93 12.81 13.41 13.60 13.35 12.80 12.13 11.53 11.18 11.25 11.38 11.53 11.59 11.53 11.33 10.96 10.61 10.30 10.10 10.09 10.04 9.82 9.44 9.14 9.13 9.22 9.27 9.33 9.43 9.55 9.44 8.99 8.38 7.95 7.98 8.46 9.11 9.59 10.02 10.47 11.01 11.70 12.24 12.45 12.42 12.32 12.16 11.77 11.34 10.79 10.19 9.73 9.36 9.02 8.85 8.82 8.80 8.68 8.55 8.60 8.91 9.32 9.66 9.73 9.55 9.33 9.17 9.07 9.04 9.20 9.41 9.38 9.23 9.18
9.79 9.82 9.86 9.95 10.16 10.47 10.92 11.52 12.25 12.72 12.73 12.32 11.63 10.89 10.28 9.87 9.59 9.46 9.43 9.62 9.92 10.10 10.31 10.45 10.47 10.28 9.98 9.77 9.75 9.96 10.19 10.33 10.41 10.35 10.08 9.69 9.41 9.37 9.29 9.05 8.85 8.91 9.14 9.57 9.96 10.24 10.45 10.61 10.77 11.06 11.45 11.84 12.19 12.52 12.76 12.67 12.16 11.46 10.65 9.91 9.38 9.08 8.91 8.71 8.49 8.44 8.54 8.71 8.95 9.18 9.32 9.40 9.38 9.28 9.12 8.97 8.95 9.15 9.41 9.43 9.30 9.30
9.58 9.52 9.61 9.91 10.28 10.78 11.38 11.86 12.05 11.79 11.22 10.65 10.12 9.63 9.17 8.77 8.43 8.30 8.44 8.74 9.03 9.37 9.68 9.90 10.15 10.35 10.22 9.92 9.62 9.59 9.69 9.81 9.92 10.02 10.04 9.91 9.66 9.48 9.46 9.57 9.72 9.84 9.98 10.26 10.50 10.64 10.62 10.48 10.34 10.41 10.53 10.76 11.06 11.43 11.83 11.99 11.79 11.28 10.62 9.99 9.51 9.14 8.78 8.43 8.27 8.41 8.70 8.93 9.05 9.02 8.99 9.08 9.15 9.10 8.93 8.73 8.62 8.73 9.05 9.23 9.16 9.10
9.42 9.33 9.42 9.72 10.09 10.61 11.12 11.21 10.90 10.26 9.57 8.95 8.50 8.13 7.76 7.51 7.57 7.86 8.19 8.55 9.03 9.50 9.56 9.50 9.92 10.50 10.74 10.70 10.42 9.96 9.41 8.78 8.43 8.60 9.07 9.43 9.55 9.54 9.61 9.81 9.98 10.10 10.25 10.46 10.51 10.48 10.34 10.09 9.94 9.97 9.98 9.91 9.84 9.81 9.79 10.01 10.22 10.21 10.11 9.92 9.60 9.15 8.69 8.39 8.42 8.65 8.93 9.09 9.04 8.83 8.71 8.73 8.78 8.80 8.76 8.63 8.45 8.38 8.60 8.87 8.83 8.57
9.47 9.41 9.43 9.57 9.82 10.16 10.32 9.93 9.18 8.37 7.64 6.97 6.45 6.15 6.22 6.69 7.49 8.34 8.98 9.46 9.85 9.85 9.44 9.30 9.78 10.34 10.72 10.91 10.89 10.62 10.27 9.65 8.83 8.29 8.19 8.41 8.85 9.33 9.62 9.81 10.05 10.30 10.45 10.45 10.16 9.73 9.48 9.43 9.46 9.63 9.83 9.80 9.61 9.21 8.59 8.16 8.20 8.66 9.17 9.45 9.45 9.28 9.10 8.96 8.92 8.98 9.12 9.13 8.94 8.76 8.67 8.63 8.63 8.67 8.66 8.59 8.50 8.41 8.47 8.59 8.42 7.91
9.65 9.64 9.63 9.62 9.66 9.66 9.42 8.82 7.96 7.14 6.50 6.00 5.68 5.77 6.51 7.68 8.83 9.79 10.50 10.82 10.57 9.83 8.83 8.50 8.90 9.32 9.72 10.19 10.51 10.73 10.96 10.98 10.48 9.42 8.41 8.16 8.70 9.42 9.92 10.21 10.42 10.57 10.57 10.35 9.81 9.06 8.62 8.66 8.92 9.32 9.90 10.20 10.22 9.90 9.16 8.21 7.69 7.82 8.25 8.70 9.05 9.27 9.42 9.49 9.50 9.43 9.28 9.06 8.83 8.69 8.68 8.72 8.76 8.74 8.64 8.55 8.56 8.61 8.67 8.63 8.29 7.75
9.77 9.81 9.79 9.68 9.51 9.22 8.78 8.28 7.92 7.72 7.60 7.45 7.54 8.08 9.07 10.20 11.09 11.49 11.50 11.17 10.53 9.73 8.76 7.99 7.85 7.98 8.46 9.18 9.69 9.97 10.35 10.88 11.15 10.85 10.14 9.77 9.86 10.16 10.36 10.46 10.43 10.36 10.29 10.14 9.73 9.02 8.36 8.21 8.58 9.19 9.82 10.38 10.70 10.70 10.40 9.92 9.32 8.80 8.55 8.64 8.87 9.08 9.26 9.42 9.56 9.56 9.38 9.09 8.76 8.49 8.43 8.54 8.68 8.74 8.72 8.68 8.71 8.83 8.95 8.99 8.84 8.50
9.76 9.75 9.72 9.59 9.35 8.99 8.59 8.36 8.42 8.74 9.16 9.67 10.29 10.96 11.54 11.86 11.84 11.45 10.89 10.28 9.86 9.74 9.47 8.68 7.94 7.67 7.81 8.39 8.86 8.89 8.86 9.37 10.33 11.04 11.22 11.07 10.78 10.47 10.17 9.93 9.80 9.79 9.86 9.95 9.91 9.51 8.72 8.19 8.41 8.98 9.42 9.83 10.34 10.77 10.95 10.99 10.92 10.64 10.13 9.58 9.29 9.15 9.09 9.06 9.11 9.15 9.07 8.89 8.65 8.40 8.27 8.30 8.45 8.64 8.80 8.89 8.98 9.09 9.25 9.50 9.74 9.84
9.64 9.57 9.50 9.43 9.27 9.04 8.80 8.66 8.71 9.02 9.71 10.58 11.39 11.85 11.90 11.48 10.66 9.94 9.51 9.15 9.10 9.43 9.74 9.54 8.96 8.38 8.04 8.13 8.52 8.46 7.98 7.91 8.60 9.79 10.53 10.68 10.43 10.03 9.68 9.43 9.38 9.49 9.67 9.80 9.87 9.78 9.21 8.41 8.28 8.50 8.73 8.96 9.39 10.02 10.52 10.79 11.02 11.16 11.03 10.56 9.94 9.44 9.05 8.73 8.46 8.26 8.17 8.34 8.55 8.63 8.59 8.52 8.56 8.71 8.91 9.10 9.26 9.39 9.58 9.86 10.16 10.45
9.49 9.40 9.32 9.32 9.27 9.15 9.03 8.94 9.02 9.38 10.07 10.74 11.09 11.03 10.62 9.99 9.43 9.06 8.73 8.47 8.40 8.57 8.94 9.21 9.13 8.79 8.48 8.48 8.79 8.90 8.47 7.84 7.73 8.26 9.15 9.67 9.76 9.65 9.57 9.51 9.49 9.53 9.58 9.55 9.55 9.65 9.49 8.86 8.37 8.24 8.25 8.43 8.82 9.44 10.03 10.34 10.44 10.49 10.58 10.55 10.21 9.63 9.06 8.53 7.98 7.62 7.72 8.22 8.74 9.05 9.16 9.11 9.01 8.95 8.99 9.12 9.26 9.37 9.50 9.67 9.81 9.92
9.38 9.30 9.28 9.30 9.27 9.24 9.24 9.28 9.48 9.96 10.46 10.68 10.50 10.07 9.57 9.18 8.98 8.73 8.33 7.98 7.76 7.73 8.02 8.46 8.59 8.51 8.57 8.78 9.10 9.38 9.31 8.73 8.02 7.80 8.12 8.69 9.12 9.38 9.57 9.67 9.67 9.63 9.52 9.29 9.13 9.26 9.41 9.12 8.57 8.23 8.12 8.33 8.79 9.35 9.86 10.12 10.01 9.76 9.70 9.82 9.81 9.51 9.08 8.63 8.28 8.25 8.54 8.88 9.11 9.26 9.36 9.39 9.28 9.10 8.93 8.84 8.84 8.95 9.11 9.26 9.35 9.31
9.46 9.42 9.38 9.32 9.26 9.32 9.50 9.75 10.08 10.45 10.61 10.48 10.16 9.81 9.51 9.23 8.89 8.49 8.20 8.09 8.14 8.28 8.46 8.52 8.44 8.37 8.52 8.75 9.04 9.40 9.61 9.46 8.96 8.41 8.08 8.19 8.62 9.03 9.29 9.49 9.60 9.63 9.45 9.01 8.62 8.64 8.94 8.89 8.43 8.08 8.04 8.27 8.64 8.99 9.35 9.68 9.73 9.51 9.30 9.25 9.30 9.28 9.20 9.16 9.23 9.40 9.50 9.46 9.35 9.25 9.21 9.23 9.21 9.12 8.95 8.76 8.68 8.82 9.03 9.10 9.07 8.98
9.56 9.51 9.38 9.27 9.25 9.36 9.65 10.12 10.64 10.78 10.60 10.24 9.93 9.71 9.49 9.12 8.72 8.53 8.67 9.01 9.28 9.32 9.15 8.88 8.61 8.46 8.47 8.60 8.81 9.16 9.47 9.55 9.39 9.05 8.67 8.52 8.69 8.94 9.06 9.24 9.39 9.38 8.99 8.34 7.90 7.92 8.32 8.49 8.21 7.83 7.65 7.65 7.79 8.03 8.38 8.88 9.29 9.42 9.34 9.22 9.18 9.22 9.29 9.37 9.44 9.51 9.51 9.50 9.50 9.46 9.34 9.20 9.15 9.11 9.01 8.93 8.92 8.95 8.86 8.72 8.58 8.44
9.41 9.29 9.11 9.09 9.19 9.36 9.63 10.02 10.40 10.43 10.13 9.71 9.39 9.10 8.74 8.54 8.61 8.88 9.20 9.35 9.25 9.03 8.90 8.95 9.01 8.89 8.60 8.49 8.54 8.81 9.15 9.24 9.11 9.00 9.03 9.14 9.19 9.18 9.10 9.18 9.10 8.65 7.85 7.24 7.04 7.21 7.71 8.14 8.08 7.64 7.19 6.84 6.70 6.85 7.28 7.90 8.56 8.98 9.10 9.10 9.12 9.19 9.22 9.13 9.03 9.08 9.24 9.39 9.54 9.65 9.62 9.44 9.24 9.04 8.86 8.80 8.70 8.47 8.15 8.02 8.04 7.98
9.34 9.22 9.10 9.09 9.17 9.30 9.44 9.55 9.55 9.41 9.15 8.92 8.66 8.23 7.92 8.23 8.64 8.84 8.71 8.35 8.07 8.10 8.42 8.85 9.20 9.30 9.04 8.65 8.45 8.53 8.88 9.06 8.96 8.91 9.05 9.21 9.23 9.14 9.01 8.95 8.51 7.68 7.03 6.86 6.91 7.05 7.38 7.86 8.01 7.80 7.48 7.10 6.71 6.50 6.64 7.20 7.91 8.36 8.58 8.80 8.99 9.13 9.26 9.39 9.47 9.57 9.58 9.49 9.39 9.39 9.50 9.48 9.25 8.86 8.60 8.44 8.21 7.97 7.83 7.90 8.01 7.89
9.63 9.70 9.64 9.39 9.20 9.13 9.12 9.05 8.87 8.66 8.58 8.59 8.38 7.95 7.89 8.16 8.21 7.94 7.48 7.14 7.23 7.72 8.36 8.90 9.27 9.47 9.43 9.14 8.80 8.58 8.74 9.02 9.03 8.86 8.66 8.51 8.49 8.54 8.57 8.41 7.95 7.52 7.62 7.99 8.17 8.09 8.04 8.15 8.26 8.27 8.14 7.89 7.57 7.25 7.13 7.32 7.75 8.21 8.58 8.88 9.04 9.16 9.41 9.81 10.02 9.99 9.73 9.45 9.21 9.10 9.13 9.16 9.00 8.69 8.41 8.14 7.91 7.80 7.89 8.07 8.12 7.87
9.79 9.90 9.83 9.40 9.03 8.86 8.80 8.70 8.54 8.48 8.58 8.61 8.33 7.94 7.70 7.46 7.12 6.87 6.79 6.94 7.39 8.00 8.61 9.07 9.31 9.40 9.47 9.42 9.14 8.80 8.78 9.04 9.09 8.72 8.17 7.86 7.89 8.13 8.29 8.22 8.17 8.48 8.97 9.32 9.50 9.52 9.40 9.19 8.96 8.73 8.44 8.12 7.92 7.84 7.80 7.81 8.02 8.47 8.85 9.07 9.08 9.16 9.35 9.54 9.49 9.27 9.09 9.08 9.18 9.23 9.11 8.93 8.72 8.54 8.30 7.94 7.54 7.25 7.26 7.55 7.92 8.03
9.42 9.27 8.93 8.68 8.52 8.52 8.57 8.53 8.45 8.39 8.34 8.21 7.98 7.65 7.23 6.85 6.69 6.83 7.32 8.06 8.67 9.00 9.09 8.97 8.78 8.84 9.00 9.07 8.97 8.82 8.84 9.08 9.21 8.96 8.46 8.20 8.28 8.44 8.55 8.67 8.95 9.28 9.47 9.60 9.85 10.16 10.37 10.32 9.99 9.46 9.00 8.62 8.33 8.17 8.11 8.11 8.29 8.61 8.89 9.01 8.97 9.00 9.00 8.88 8.66 8.55 8.68 9.01 9.31 9.40 9.20 8.82 8.56 8.38 8.23 8.04 7.73 7.24 6.89 7.00 7.69 8.39
8.86 8.37 7.86 7.83 7.98 8.24 8.44 8.48 8.40 8.23 8.00 7.81 7.73 7.70 7.64 7.63 7.87 8.39 9.15 9.82 10.15 10.02 9.46 8.76 8.31 8.30 8.42 8.47 8.53 8.57 8.66 8.90 9.23 9.33 9.23 9.16 9.15 9.06 8.99 9.05 9.15 9.17 9.27 9.52 9.93 10.39 10.82 11.08 11.05 10.67 10.16 9.72 9.29 8.87 8.54 8.34 8.33 8.47 8.70 8.89 8.82 8.80 8.71 8.51 8.39 8.58 8.95 9.23 9.21 9.03 8.82 8.63 8.45 8.26 8.11 8.17 8.33 8.29 7.93 7.68 7.98 8.53
8.94 8.48 7.96 8.00 8.22 8.42 8.50 8.48 8.38 8.24 8.08 7.99 8.10 8.43 8.87 9.31 9.81 10.26 10.52 10.60 10.41 9.96 9.35 8.78 8.37 8.21 8.16 8.20 8.31 8.40 8.44 8.59 9.01 9.37 9.47 9.41 9.27 9.11 9.00 8.93 8.84 8.84 9.08 9.49 10.02 10.52 10.87 11.14 11.35 11.25 10.79 10.18 9.66 9.28 8.97 8.68 8.43 8.29 8.45 8.70 8.77 8.76 8.70 8.62 8.68 8.96 9.16 9.03 8.60 8.26 8.23 8.27 8.25 8.23 8.17 8.10 8.24 8.62 8.88 8.85 8.71 8.61
9.40 9.24 9.11 9.28 9.37 9.15 8.76 8.51 8.41 8.37 8.35 8.44 8.75 9.27 9.80 10.22 10.48 10.49 10.29 9.86 9.28 8.73 8.52 8.47 8.38 8.30 8.29 8.41 8.58 8.68 8.63 8.64 8.93 9.31 9.36 9.06 8.78 8.71 8.78 8.81 8.81 8.92 9.23 9.62 10.00 10.25 10.31 10.32 10.49 10.63 10.39 9.94 9.63 9.45 9.26 9.03 8.78 8.57 8.45 8.61 8.81 8.88 8.88 8.92 9.06 9.19 9.04 8.57 8.06 7.91 7.97 8.06 8.10 8.25 8.48 8.43 8.19 8.12 8.49 8.96 9.15 9.14
9.63 9.67 9.83 9.99 9.97 9.67 9.13 8.63 8.43 8.43 8.53 8.77 9.16 9.58 9.85 9.89 9.76 9.53 9.15 8.50 7.80 7.46 7.59 7.99 8.26 8.43 8.61 8.85 9.07 9.22 9.31 9.39 9.53 9.69 9.71 9.41 8.98 8.78 8.80 8.97 9.24 9.60 9.87 9.94 9.89 9.69 9.36 9.15 9.30 9.70 9.90 9.84 9.78 9.66 9.45 9.25 9.10 8.98 8.82 8.82 8.93 9.02 9.10 9.21 9.26 9.11 8.71 8.24 8.04 8.03 8.08 8.16 8.23 8.32 8.51 8.68 8.65 8.38 8.24 8.60 9.31 10.01
9.65 9.73 9.83 9.85 9.82 9.83 9.61 9.09 8.67 8.59 8.68 8.84 9.06 9.21 9.18 9.11 9.04 8.77 8.22 7.61 7.25 7.28 7.66 8.08 8.37 8.58 8.83 9.09 9.32 9.53 9.82 10.12 10.31 10.40 10.41 10.21 9.77 9.34 9.06 9.18 9.59 10.00 10.07 9.90 9.61 9.20 8.68 8.39 8.56 9.16 9.72 9.95 9.93 9.76 9.57 9.42 9.32 9.28 9.17 9.04 9.03 9.12 9.24 9.30 9.23 8.91 8.39 8.10 8.12 8.21 8.27 8.33 8.45 8.53 8.47 8.48 8.75 9.04 9.12 9.27 9.83 10.51
9.72 9.89 10.10 10.11 10.08 10.06 10.06 9.88 9.46 9.11 8.89 8.73 8.61 8.55 8.64 8.83 8.84 8.53 8.13 7.99 8.14 8.38 8.53 8.62 8.70 8.77 8.95 9.15 9.38 9.58 9.79 10.06 10.35 10.61 10.79 10.83 10.65 10.24 9.71 9.45 9.58 9.71 9.73 9.66 9.40 8.95 8.49 8.28 8.45 9.02 9.69 10.08 10.15 10.00 9.80 9.63 9.48 9.39 9.23 9.07 9.02 9.07 9.14 9.17 9.11 8.86 8.46 8.26 8.30 8.42 8.51 8.51 8.49 8.53 8.57 8.61 8.78 9.23 9.82 10.23 10.42 10.36
9.93 10.30 10.78 10.81 10.58 10.25 10.20 10.26 10.08 9.57 9.01 8.54 8.24 8.20 8.45 8.70 8.66 8.50 8.59 8.94 9.27 9.33 9.20 9.10 9.07 9.07 9.14 9.25 9.39 9.58 9.70 9.76 9.88 10.23 10.78 11.27 11.51 11.38 10.86 10.11 9.69 9.50 9.55 9.48 9.13 8.71 8.48 8.51 8.75 9.23 9.80 10.25 10.47 10.38 10.12 9.83 9.58 9.38 9.15 9.02 8.98 8.98 9.00 9.01 9.01 8.92 8.75 8.70 8.73 8.79 8.84 8.78 8.59 8.43 8.56 8.93 9.31 9.73 10.37 10.90 10.81 10.13
9.95 10.27 10.75 10.89 10.75 10.35 10.07 9.97 9.87 9.48 8.91 8.42 8.18 8.21 8.33 8.35 8.37 8.60 9.04 9.38 9.49 9.44 9.34 9.31 9.32 9.28 9.22 9.20 9.26 9.46 9.70 9.76 9.79 10.05 10.59 11.18 11.63 11.83 11.70 11.11 10.21 9.58 9.23 8.93 8.55 8.37 8.47 8.68 8.99 9.45 9.95 10.36 10.62 10.59 10.35 10.02 9.69 9.41 9.13 9.02 9.00 9.01 9.00 9.00 9.05 9.09 9.10 9.15 9.23 9.27 9.27 9.23 9.06 8.84 8.79 9.13 9.88 10.74 11.43 11.64 11.29 10.48
9.63 9.57 9.56 9.76 9.99 9.95 9.67 9.47 9.44 9.32 9.08 8.90 8.85 8.84 8.64 8.34 8.30 8.57 8.85 8.99 9.13 9.28 9.37 9.44 9.43 9.30 9.09 8.95 8.97 9.19 9.47 9.74 9.89 10.03 10.16 10.38 10.67 11.01 11.24 11.07 10.29 9.38 8.64 8.20 8.04 8.11 8.35 8.61 9.02 9.57 9.97 10.24 10.45 10.55 10.45 10.18 9.82 9.48 9.14 9.04 9.10 9.16 9.16 9.12 9.12 9.20 9.32 9.45 9.57 9.69 9.84 10.00 10.01 9.94 9.88 10.04 10.61 11.41 11.92 11.88 11.57 11.12
9.18 8.78 8.10 7.86 8.09 8.46 8.74 9.00 9.33 9.64 9.84 10.01 10.11 9.91 9.35 8.75 8.42 8.28 8.19 8.27 8.65 9.11 9.37 9.49 9.47 9.35 9.10 8.82 8.64 8.72 8.90 9.12 9.30 9.41 9.35 9.29 9.36 9.54 9.72 9.70 9.39 8.80 8.21 7.87 7.88 8.07 8.28 8.62 9.21 9.71 9.90 9.97 10.16 10.37 10.41 10.24 9.94 9.60 9.26 9.19 9.30 9.39 9.38 9.29 9.19 9.21 9.37 9.59 9.79 10.02 10.39 10.83 11.22 11.54 11.76 11.83 11.84 11.89 11.76 11.48 11.52 11.72
8.80 8.20 7.17 6.73 6.72 7.08 7.73 8.43 9.10 9.75 10.24 10.47 10.43 10.09 9.55 8.97 8.50 8.18 8.08 8.26 8.64 9.00 9.23 9.41 9.51 9.51 9.39 9.07 8.62 8.38 8.36 8.36 8.36 8.44 8.50 8.44 8.37 8.40 8.44 8.49 8.46 8.28 8.07 8.03 8.26 8.57 8.89 9.36 9.81 9.95 9.88 9.87 10.02 10.22 10.30 10.23 10.10 10.00 9.95 9.94 9.86 9.71 9.56 9.44 9.36 9.34 9.45 9.69 9.99 10.34 10.86 11.48 12.18 12.75 13.09 13.04 12.66 12.12 11.51 11.22 11.55 12.17
8.73 8.11 7.16 6.85 6.93 7.24 7.69 8.13 8.60 9.18 9.71 9.92 9.75 9.42 9.14 8.85 8.55 8.36 8.43 8.72 9.00 9.22 9.30 9.41 9.53 9.63 9.69 9.61 9.28 8.74 8.39 8.20 8.12 8.08 8.02 7.88 7.71 7.70 7.80 7.93 8.02 8.08 8.25 8.64 9.08 9.50 9.95 10.25 10.27 10.07 9.87 9.85 9.98 10.12 10.19 10.21 10.32 10.53 10.73 10.73 10.37 9.89 9.58 9.51 9.56 9.59 9.60 9.76 10.14 10.67 11.26 11.83 12.34 12.67 12.80 12.66 12.25 11.65 11.14 11.05 11.38 11.96
9.22 8.83 8.43 8.48 8.62 8.67 8.52 8.34 8.39 8.65 8.97 9.15 9.04 8.85 8.76 8.68 8.57 8.54 8.70 9.00 9.27 9.52 9.55 9.54 9.54 9.62 9.78 9.91 9.87 9.53 8.93 8.49 8.23 8.01 7.77 7.54 7.34 7.31 7.46 7.67 7.90 8.24 8.77 9.34 9.76 10.08 10.32 10.32 10.11 9.83 9.66 9.64 9.70 9.81 9.93 10.07 10.30 10.52 10.59 10.35 9.95 9.62 9.45 9.44 9.55 9.67 9.71 9.80 10.09 10.62 11.18 11.48 11.50 11.33 11.13 10.97 10.84 10.66 10.53 10.57 10.66 10.96
9.80 9.80 9.99 10.35 10.56 10.38 9.72 9.20 8.97 8.85 8.71 8.59 8.56 8.59 8.63 8.64 8.64 8.72 8.97 9.30 9.59 9.79 9.73 9.58 9.48 9.51 9.68 9.88 9.96 9.84 9.42 8.85 8.36 7.99 7.70 7.50 7.38 7.33 7.39 7.64 8.16 8.90 9.61 10.04 10.20 10.19 10.10 9.90 9.65 9.46 9.33 9.23 9.18 9.32 9.54 9.74 9.90 9.95 9.79 9.44 9.25 9.23 9.25 9.30 9.40 9.53 9.64 9.74 9.88 10.14 10.42 10.37 10.06 9.69 9.42 9.35 9.55 9.82 9.97 10.02 10.03 10.17
9.88 10.08 10.43 10.76 11.02 11.10 10.94 10.50 9.96 9.38 8.84 8.51 8.45 8.56 8.69 8.78 8.89 9.09 9.37 9.60 9.74 9.72 9.51 9.32 9.24 9.29 9.45 9.62 9.70 9.66 9.46 9.04 8.59 8.21 7.93 7.74 7.60 7.50 7.60 8.10 9.00 9.88 10.35 10.42 10.25 10.02 9.83 9.64 9.43 9.26 9.10 8.93 8.83 9.05 9.28 9.38 9.30 9.12 8.89 8.72 8.73 8.87 9.03 9.15 9.22 9.28 9.41 9.59 9.76 9.87 9.80 9.46 9.15 8.96 8.89 9.03 9.42 9.78 9.91 9.90 9.95 10.05
9.71 9.89 10.13 10.21 10.28 10.42 10.76 10.75 10.31 9.63 9.06 8.76 8.69 8.76 8.90 9.10 9.33 9.55 9.70 9.68 9.48 9.21 9.03 8.97 8.99 9.05 9.11 9.12 9.22 9.32 9.27 9.08 8.84 8.56 8.32 8.16 8.04 8.01 8.31 9.09 9.92 10.31 10.26 10.01 9.77 9.66 9.62 9.56 9.41 9.20 9.02 8.89 8.92 9.08 9.20 9.17 8.90 8.42 8.05 7.97 8.12 8.45 8.78 8.97 9.06 9.15 9.29 9.47 9.67 9.81 9.71 9.44 9.22 9.10 9.11 9.40 9.91 10.29 10.41 10.33 10.24 10.19
