project/data/elevation/US_DEM2016/US_DEM2016_point_11-01-2019_1018_30m_ang.asc
ncols	125
nrows	167
xllcorner	-2042055.000000
yllcorner	1465035.000000
cellsize	30.000000
NODATA_value	-9999.000000
[rows 84 to 125 of 167, columns 0 to 93 of 125]
218 212 203 204 210 215 218 220 222 225 230 234 236 235 233 232 232 230 227 227 231 233 234 236 238 238 237 235 230 225 225 227 226 222 214 203 201 204 209 214 218 220 223 227 231 235 237 237 232 225 219 216 213 207 195 188 192 200 207 212 215 218 223 230 236 234 226 226 231 236 242 240 243 238 236 240 242 240 237 234 231 228 227 232 234 230 222 213 204 202 205 208 207 210
218 212 202 203 209 215 219 222 225 228 232 235 235 234 232 231 231 230 229 230 231 231 233 235 237 236 236 236 231 226 224 224 222 218 208 195 194 201 208 214 218 220 222 226 231 236 238 238 234 226 221 217 214 208 196 187 189 197 205 211 216 220 225 232 237 233 225 227 232 237 241 235 240 236 235 241 245 246 244 240 236 233 230 232 235 232 225 218 211 207 209 211 210 212
218 211 201 202 208 214 220 224 227 231 233 235 235 233 231 230 230 231 232 232 232 231 232 234 235 236 238 239 235 230 227 226 223 219 209 192 188 199 209 215 218 220 223 227 233 239 242 243 238 230 224 219 215 210 199 188 188 196 205 213 219 223 228 234 238 235 226 226 232 237 240 240 238 233 227 231 238 243 246 246 243 240 235 235 238 235 228 222 216 213 213 213 211 211
216 210 201 203 209 216 222 226 229 232 234 234 233 231 228 227 229 230 231 231 231 232 233 234 236 238 241 241 238 234 231 228 225 221 212 196 188 196 208 214 218 222 226 230 237 244 248 248 241 234 228 223 218 214 205 193 189 195 206 214 219 224 229 235 238 236 227 223 230 236 239 240 239 233 226 223 225 229 234 237 239 238 237 237 239 236 229 224 220 217 215 213 210 210
214 209 203 205 212 218 223 226 230 233 234 232 231 229 226 224 225 226 227 228 229 231 233 236 239 242 243 242 239 236 231 228 226 224 218 203 192 194 204 214 220 224 227 232 240 247 251 250 244 239 235 230 225 220 211 198 191 195 204 212 217 222 229 235 238 237 229 221 228 235 239 243 242 236 228 221 222 222 223 224 224 226 228 229 230 228 225 222 219 217 215 213 210 211
213 209 205 207 212 218 223 227 231 233 232 230 230 228 224 222 223 225 226 227 229 231 234 238 241 244 244 244 241 237 232 228 227 227 222 210 196 193 202 213 220 224 226 232 240 248 251 250 245 241 238 234 229 224 213 200 191 193 202 209 215 222 229 235 239 239 231 221 226 235 241 246 245 240 232 227 225 224 223 221 220 220 221 222 220 217 217 216 215 214 214 211 209 210
213 210 207 207 211 217 224 229 233 233 231 230 230 230 227 227 228 229 229 230 231 234 237 239 242 244 246 246 245 241 236 231 228 228 225 215 200 194 201 213 221 224 227 232 240 245 247 245 239 235 232 227 222 218 210 198 190 192 200 209 216 222 229 235 240 241 234 222 226 236 243 248 248 243 236 233 232 231 228 225 223 222 222 221 217 213 213 212 211 212 212 209 206 207
213 211 208 208 212 219 227 232 234 233 231 230 230 231 232 235 238 238 237 236 237 239 240 239 239 242 245 248 248 245 241 236 230 228 225 217 203 197 203 214 223 226 228 232 237 241 242 240 234 229 224 219 215 212 208 199 192 192 200 210 216 222 229 236 242 243 237 224 225 236 244 248 249 245 239 237 239 239 235 231 230 229 227 223 219 216 215 214 212 212 212 209 206 208
214 212 209 209 214 222 230 234 234 233 230 228 228 230 234 238 242 244 244 245 245 245 242 238 237 239 243 245 244 242 239 235 230 225 222 215 205 200 205 215 223 226 228 230 234 238 240 238 233 227 223 219 216 214 210 203 195 194 202 211 218 222 230 238 243 244 239 227 224 234 243 247 248 245 239 240 244 244 240 236 236 236 233 228 224 222 221 219 216 214 213 211 209 213
215 213 210 212 218 227 233 235 234 232 229 227 228 230 234 238 242 244 245 246 246 242 238 236 236 238 240 240 239 236 232 228 225 220 215 209 204 202 207 214 221 224 226 229 233 238 240 239 235 229 225 222 218 215 211 204 197 196 203 212 218 223 232 240 244 244 239 227 221 230 241 246 247 245 239 241 248 248 244 242 243 241 237 233 231 230 228 225 221 218 216 213 212 216
217 215 213 217 224 231 235 236 235 232 229 228 229 231 234 236 237 235 235 236 236 234 232 232 234 239 242 241 239 235 231 228 225 219 210 203 201 202 207 212 217 222 226 230 235 239 242 241 237 232 228 224 219 215 211 204 198 198 202 210 216 222 232 240 244 245 240 228 219 225 238 245 246 243 239 242 250 251 249 249 250 247 241 236 233 231 229 227 223 221 218 215 214 215
220 218 217 221 227 232 235 236 235 234 230 228 228 230 232 232 229 227 226 228 229 230 229 230 233 239 244 246 243 239 236 233 229 220 207 198 198 201 206 211 217 222 227 232 237 240 243 244 240 234 229 225 221 217 213 207 201 199 201 207 214 220 230 238 243 244 240 228 218 222 234 242 243 241 239 240 245 248 249 251 252 249 244 238 234 229 226 224 223 221 219 216 214 214
222 220 218 220 224 228 230 231 233 233 230 226 227 229 229 227 226 225 227 228 229 229 228 230 233 239 243 244 241 238 236 234 229 218 202 193 195 200 207 212 218 224 229 233 238 242 246 247 244 237 232 228 225 221 217 211 205 201 202 208 216 223 231 237 242 243 240 229 218 220 232 239 239 238 237 237 239 240 243 246 247 244 241 237 232 225 222 221 221 220 218 216 214 214
223 221 218 218 220 223 225 226 229 230 227 224 225 226 226 226 227 229 230 230 230 230 230 232 235 239 242 239 235 231 230 228 224 214 200 190 191 200 208 214 221 226 230 234 239 242 247 249 246 239 235 233 230 224 220 214 207 203 203 209 218 227 234 239 243 244 240 232 221 221 230 235 235 234 234 234 234 233 236 239 237 234 232 232 228 220 218 219 219 219 218 215 214 213
224 222 218 216 217 219 221 222 223 224 222 220 220 222 225 228 230 231 231 229 229 231 233 236 238 243 243 238 232 229 227 226 222 214 202 190 190 199 209 217 222 227 231 233 237 240 244 246 242 236 235 235 231 226 220 213 207 204 205 211 220 228 236 240 244 245 242 234 226 222 226 229 230 231 231 230 228 226 228 229 226 223 224 226 223 216 215 218 218 218 218 216 214 214
226 223 218 214 214 215 216 216 217 218 218 217 218 222 227 230 231 231 229 227 228 231 234 237 241 246 246 240 235 232 230 229 225 218 205 192 190 199 210 218 222 226 229 232 235 239 243 244 239 231 229 229 225 221 216 208 204 203 205 211 220 228 234 238 240 242 240 235 228 221 218 223 227 229 230 229 226 224 223 223 221 220 222 224 221 215 215 217 218 218 218 217 216 217
227 224 218 213 211 212 214 214 215 217 218 220 222 226 229 230 230 230 229 227 229 232 234 238 243 247 247 243 239 236 234 232 228 222 210 197 193 200 210 216 220 224 227 230 234 239 244 244 238 231 228 224 221 217 212 204 201 201 204 210 219 226 231 234 236 237 237 234 228 219 212 217 226 230 232 231 228 227 225 223 222 223 225 225 222 216 215 216 217 218 218 218 218 220
228 225 219 214 211 212 215 217 219 220 222 225 228 229 230 229 229 229 230 230 232 235 236 239 245 248 247 244 240 238 236 235 232 226 215 202 196 200 207 212 217 221 225 229 234 240 245 244 239 234 230 226 223 220 212 203 200 200 203 209 217 224 228 231 233 235 236 235 229 220 211 214 224 230 233 234 234 233 230 227 226 226 227 226 222 217 215 215 216 218 218 218 218 220
228 226 220 215 213 213 217 221 222 224 226 230 232 232 230 228 227 227 228 230 232 235 237 239 243 247 247 243 240 240 240 239 237 230 220 207 197 197 203 210 216 221 226 230 235 241 245 244 240 236 234 231 228 225 215 204 200 199 202 209 216 223 227 230 232 235 238 237 232 223 214 213 221 228 233 237 239 238 235 231 229 227 226 223 220 216 213 213 215 217 217 217 217 220
227 224 219 216 214 215 218 222 224 226 230 233 235 234 232 228 225 225 226 227 229 232 234 236 239 242 242 239 238 239 241 241 239 233 222 208 197 195 202 211 218 223 228 232 237 242 245 244 240 237 236 236 234 229 220 207 201 200 201 208 216 223 227 230 232 235 238 237 233 225 216 212 219 227 232 237 240 240 237 234 232 229 226 223 220 217 214 213 214 216 216 216 217 219
225 222 218 217 216 215 217 221 225 229 233 236 237 237 237 235 232 229 228 227 229 231 234 235 238 239 236 232 231 231 232 231 230 226 219 207 196 194 202 211 219 224 229 234 237 242 244 242 238 235 236 237 236 234 226 213 203 200 202 208 217 224 228 231 232 234 236 236 233 227 218 213 217 224 231 237 239 239 238 236 235 233 230 228 226 222 218 216 215 215 216 216 217 220
223 221 219 219 218 217 218 222 227 233 237 239 239 239 240 242 244 240 235 233 233 234 236 238 235 238 234 229 227 225 224 223 222 220 216 207 197 193 199 209 217 224 230 234 237 240 242 239 236 234 234 234 235 236 230 218 205 200 201 207 216 224 228 230 232 234 235 235 233 228 221 215 215 221 229 236 238 238 237 236 236 237 237 237 234 228 222 219 217 216 215 215 217 220
224 223 221 221 220 219 221 226 230 234 236 237 237 237 236 236 237 238 238 239 239 238 238 239 239 236 234 231 229 226 225 223 222 220 217 210 199 193 197 207 216 224 229 234 237 240 241 239 236 234 233 232 233 233 229 219 205 199 200 206 215 223 227 230 232 234 235 235 233 229 223 216 215 220 227 234 238 238 237 235 233 234 238 239 236 230 224 220 219 217 215 214 216 220
226 224 222 221 220 220 222 226 229 231 231 231 230 229 227 226 224 224 228 232 235 235 236 239 238 235 235 237 235 231 229 228 226 223 219 213 203 196 197 205 215 224 229 234 238 241 242 239 236 233 230 229 231 230 227 219 208 199 200 206 214 221 226 230 233 235 235 235 234 231 225 218 216 218 224 231 237 238 238 235 230 229 231 232 230 226 221 220 220 218 216 216 219 223
227 225 221 219 218 218 220 222 223 224 224 223 222 221 222 221 219 218 219 223 227 230 234 239 238 234 236 239 238 236 235 233 230 227 222 216 207 198 197 204 215 224 230 235 239 241 241 238 234 230 227 226 229 229 226 220 212 201 198 204 211 219 226 231 235 237 236 237 237 234 229 221 216 216 220 227 235 238 238 236 232 229 230 229 226 223 219 220 220 218 217 218 221 226
228 224 219 217 216 216 217 218 217 217 218 218 219 220 223 223 220 218 220 223 227 231 236 238 236 233 236 238 237 235 235 234 232 229 225 218 209 201 199 206 217 226 232 236 239 241 240 235 231 227 225 226 228 229 224 219 213 204 198 201 209 218 225 232 236 237 237 238 239 238 232 224 217 215 218 225 233 237 238 237 235 233 233 231 227 223 219 220 221 219 218 220 222 226
226 223 218 215 214 215 216 216 215 214 215 218 221 224 227 226 223 223 226 229 232 235 237 237 234 232 237 238 235 232 231 230 229 227 224 218 209 202 202 209 219 227 232 236 238 240 238 233 228 227 226 228 231 229 224 219 214 207 200 201 208 216 224 231 236 237 237 238 240 239 234 226 219 216 217 224 231 234 237 238 237 235 233 231 228 224 219 220 221 220 220 221 223 225
225 223 218 216 214 213 215 215 215 216 219 222 225 228 230 228 226 227 230 233 236 237 238 236 232 232 237 238 235 232 231 230 227 226 223 217 208 202 204 210 218 225 231 235 238 240 237 230 226 228 230 233 235 232 227 222 218 211 205 203 206 214 222 230 234 235 235 238 240 239 234 227 221 217 218 224 229 233 236 239 239 236 233 230 228 225 219 220 221 221 220 221 223 226
225 224 220 217 213 212 214 217 219 222 225 226 228 229 231 230 229 230 232 234 237 239 239 234 230 232 236 236 235 234 235 233 231 228 225 219 208 202 204 209 216 222 229 234 238 239 236 228 226 229 233 237 239 236 232 227 222 216 210 207 207 212 221 228 232 233 235 238 240 239 233 228 223 218 219 224 229 233 237 240 241 238 234 231 229 226 221 221 222 221 220 221 223 225
227 225 222 218 213 212 217 221 225 227 229 230 231 232 232 232 232 232 233 234 237 240 239 232 229 232 234 234 233 232 234 234 233 231 227 220 209 202 203 209 216 222 228 234 239 240 236 228 225 230 234 238 241 240 237 232 226 221 215 211 209 212 219 226 229 232 235 239 240 238 233 229 223 219 220 224 228 232 237 242 243 240 236 234 231 227 224 223 222 221 220 220 221 223
228 226 222 219 215 215 221 227 229 231 232 234 235 235 235 235 234 233 231 231 236 240 238 230 230 234 235 235 233 232 231 231 231 230 227 221 210 203 203 209 216 222 228 235 241 241 236 228 225 229 234 238 240 239 237 234 230 225 219 214 210 211 216 222 227 231 236 239 239 237 233 229 224 220 220 223 227 231 236 243 244 241 238 236 232 228 226 224 223 220 220 220 220 221
228 226 223 220 218 219 224 229 230 231 233 235 237 237 236 235 234 232 230 231 236 240 239 233 233 236 236 236 235 234 232 230 228 227 224 218 208 202 203 209 216 222 228 236 240 239 235 228 225 228 233 236 238 236 234 231 229 227 222 215 212 211 214 220 225 230 235 239 239 236 233 228 223 220 220 222 225 229 235 242 244 241 237 234 231 228 225 224 222 220 220 219 219 220
228 226 223 222 221 221 224 227 227 227 229 231 231 231 230 230 231 231 231 232 237 239 238 236 236 237 236 237 238 237 234 231 229 226 222 216 206 199 201 209 217 223 230 236 238 237 234 228 225 229 234 237 237 235 232 229 226 224 221 214 211 211 213 219 226 231 235 238 239 237 233 229 223 219 219 221 224 228 234 239 241 238 233 230 229 226 223 222 222 220 220 220 219 220
228 227 225 223 222 221 222 224 224 224 225 225 224 224 225 227 230 232 233 233 234 236 236 236 235 234 234 236 239 240 237 233 231 228 224 218 208 200 202 211 219 225 231 235 237 236 234 229 226 231 236 238 237 235 233 229 225 223 219 213 210 211 214 219 227 233 236 238 239 237 233 229 223 219 218 220 223 227 232 237 238 236 231 228 227 224 220 221 221 220 220 220 220 220
228 228 226 225 222 221 220 221 222 223 224 223 222 224 227 231 233 234 234 232 232 235 237 236 234 229 229 234 239 240 238 235 234 232 228 223 212 203 205 213 220 226 232 235 236 235 234 232 229 233 238 239 237 236 235 232 228 225 221 215 210 211 214 220 228 234 236 238 239 237 233 228 222 218 217 219 222 226 231 237 239 237 232 230 229 225 220 220 221 220 220 220 220 219
230 229 227 225 222 220 219 220 222 223 224 225 226 229 233 235 234 234 234 232 233 236 239 239 236 229 224 230 237 238 236 235 235 235 232 227 216 207 207 213 220 227 233 235 234 234 235 234 232 234 238 239 237 237 236 234 231 228 224 219 213 212 215 221 228 233 235 237 239 237 232 226 221 217 217 219 222 226 232 238 241 240 236 234 232 227 221 221 221 220 220 221 220 220
232 231 228 225 222 220 218 219 221 224 225 227 229 232 235 235 234 233 232 231 233 237 241 242 239 231 223 228 235 236 235 234 233 235 234 228 220 211 208 213 221 228 233 234 231 232 236 237 235 234 238 238 237 237 237 235 233 230 226 221 216 214 216 220 225 229 231 235 238 237 232 226 221 217 217 220 223 227 234 240 242 241 239 236 233 228 224 222 221 220 220 221 221 220
233 232 229 225 222 220 218 218 221 225 227 229 231 233 234 233 233 232 229 229 231 234 239 241 240 234 224 226 233 236 236 234 232 231 230 227 221 214 210 214 221 229 234 232 228 231 237 239 238 236 238 239 239 238 238 236 234 231 227 222 218 216 216 219 222 226 230 235 238 237 232 226 222 218 218 221 223 228 234 240 243 242 239 236 233 229 225 223 222 221 221 222 222 221
235 233 230 226 222 221 218 217 221 226 229 230 231 232 233 232 231 229 227 226 228 232 237 240 239 235 227 225 232 236 237 236 233 229 227 225 222 216 212 215 224 231 234 231 228 232 238 240 240 239 241 242 242 240 239 237 235 232 228 221 218 217 217 219 223 227 231 235 237 236 231 226 222 219 218 221 224 229 235 240 243 244 242 237 234 230 226 223 223 223 222 222 223 222
236 235 231 226 223 222 220 219 223 228 230 231 232 233 232 231 230 228 227 227 229 233 237 239 238 235 229 226 230 235 236 237 235 231 227 224 221 217 213 217 226 233 234 231 230 234 239 241 242 241 242 244 244 242 240 238 237 235 229 222 219 217 218 221 225 228 231 235 237 235 231 226 222 219 219 222 226 230 236 240 243 245 243 239 236 233 227 224 224 224 223 223 223 223
237 235 231 226 224 224 223 222 226 230 232 232 233 233 230 230 230 230 229 230 232 235 238 240 239 235 230 227 227 232 236 237 237 233 229 226 223 219 216 220 228 232 232 231 231 235 239 242 242 241 240 240 241 241 240 238 238 236 231 224 220 217 218 221 225 227 230 235 238 236 231 227 222 220 221 224 228 231 234 239 242 244 244 241 238 234 229 226 225 225 224 223 222 222
236 234 230 226 224 225 226 225 227 231 232 233 233 231 229 231 232 232 232 232 233 236 239 241 240 235 231 227 225 229 234 237 237 235 231 227 225 222 219 222 227 228 227 227 229 232 236 240 241 240 238 237 236 236 236 236 237 236 232 225 220 218 217 221 225 227 230 235 238 236 231 227 223 221 223 226 229 231 233 237 241 243 243 241 237 233 230 227 226 225 224 223 222 222
