project/data/elevation/US_DEM2016/US_DEM2016_point_11-01-2019_1018_30m_vel.asc
ncols	125
nrows	167
xllcorner	-2042055.000000
yllcorner	1465035.000000
cellsize	30.000000
NODATA_value	-9999.000000
[rows 38 to 75 of 167, columns 0 to 83 of 125]
2.29 2.17 1.92 1.73 1.59 1.55 1.49 1.34 1.19 1.08 1.09 1.17 1.31 1.49 1.60 1.56 1.46 1.34 1.28 1.34 1.43 1.51 1.59 1.72 1.89 2.04 2.20 2.39 2.51 2.49 2.22 1.79 1.42 1.22 1.24 1.41 1.53 1.56 1.59 1.65 1.78 1.99 2.31 2.30 2.26 1.98 1.69 1.47 1.29 1.07 0.85 0.78 1.05 1.37 1.36 1.29 1.33 1.52 1.74 2.06 2.32 2.28 1.97 1.69 1.41 1.10 0.85 0.75 0.81 1.05 1.19 1.06 1.11 1.47 1.49 1.24 1.27 1.61 2.00 2.21 2.22 2.33 2.63 2.79
2.37 2.22 1.92 1.70 1.55 1.50 1.46 1.37 1.24 1.15 1.13 1.16 1.22 1.33 1.44 1.49 1.47 1.36 1.20 1.16 1.23 1.31 1.39 1.48 1.65 1.85 2.01 2.20 2.43 2.58 2.51 2.17 1.75 1.44 1.36 1.44 1.54 1.63 1.72 1.71 1.61 1.64 1.88 2.20 2.38 2.26 1.89 1.64 1.42 1.17 0.94 0.80 0.92 1.22 1.28 1.26 1.34 1.54 1.78 2.12 2.37 2.24 1.80 1.59 1.44 1.24 1.00 0.79 0.73 0.88 1.06 1.00 0.99 1.32 1.43 1.15 1.04 1.32 1.74 1.90 1.77 1.92 2.46 2.85
2.44 2.28 1.95 1.70 1.58 1.51 1.48 1.42 1.34 1.29 1.27 1.26 1.27 1.31 1.38 1.44 1.47 1.41 1.24 1.11 1.14 1.23 1.31 1.37 1.51 1.66 1.80 1.97 2.21 2.48 2.61 2.45 2.07 1.77 1.62 1.61 1.64 1.69 1.79 1.82 1.64 1.42 1.55 1.97 2.34 2.43 2.16 1.92 1.75 1.53 1.23 0.97 0.94 1.11 1.20 1.20 1.29 1.50 1.80 2.23 2.51 2.29 1.69 1.43 1.32 1.20 1.07 0.90 0.77 0.79 0.91 0.91 0.90 1.17 1.36 1.12 0.91 1.09 1.53 1.71 1.52 1.56 2.07 2.63
2.48 2.33 2.01 1.80 1.69 1.62 1.55 1.49 1.43 1.40 1.39 1.36 1.33 1.35 1.41 1.46 1.49 1.48 1.36 1.20 1.16 1.21 1.28 1.34 1.42 1.53 1.62 1.74 1.95 2.23 2.51 2.51 2.27 2.00 1.86 1.74 1.63 1.58 1.69 1.86 1.77 1.46 1.41 1.73 2.22 2.43 2.28 2.01 1.88 1.79 1.61 1.29 1.05 1.06 1.14 1.15 1.22 1.41 1.74 2.29 2.65 2.44 1.82 1.47 1.31 1.20 1.10 1.01 0.89 0.82 0.83 0.81 0.82 1.04 1.26 1.10 0.87 0.95 1.36 1.57 1.41 1.33 1.62 2.12
2.46 2.33 2.07 1.90 1.80 1.71 1.62 1.55 1.49 1.47 1.45 1.40 1.35 1.39 1.47 1.53 1.57 1.57 1.50 1.37 1.28 1.27 1.31 1.38 1.47 1.54 1.60 1.66 1.78 1.96 2.26 2.44 2.25 2.10 1.96 1.81 1.59 1.40 1.47 1.75 1.82 1.57 1.35 1.55 2.05 2.36 2.31 1.91 1.73 1.72 1.69 1.50 1.22 1.07 1.12 1.19 1.26 1.40 1.66 2.25 2.70 2.63 2.12 1.69 1.45 1.29 1.18 1.09 1.01 0.93 0.86 0.78 0.77 0.93 1.11 1.02 0.81 0.83 1.17 1.41 1.32 1.23 1.37 1.71
2.43 2.29 2.06 1.92 1.84 1.78 1.71 1.63 1.56 1.52 1.50 1.43 1.35 1.40 1.51 1.58 1.62 1.64 1.59 1.50 1.44 1.42 1.43 1.45 1.52 1.58 1.62 1.65 1.70 1.80 1.99 2.21 2.11 1.99 1.91 1.89 1.75 1.48 1.36 1.55 1.77 1.68 1.41 1.45 1.91 2.33 2.33 1.90 1.54 1.42 1.41 1.40 1.27 1.10 1.11 1.24 1.36 1.48 1.70 2.15 2.61 2.72 2.40 1.98 1.64 1.43 1.32 1.22 1.13 1.04 0.96 0.89 0.83 0.88 0.97 0.93 0.75 0.72 0.95 1.18 1.15 1.13 1.23 1.45
2.38 2.25 2.04 1.93 1.89 1.86 1.82 1.76 1.68 1.61 1.56 1.48 1.39 1.41 1.51 1.58 1.63 1.65 1.64 1.56 1.49 1.48 1.48 1.49 1.52 1.56 1.59 1.63 1.66 1.72 1.81 2.09 1.99 1.84 1.75 1.87 1.93 1.75 1.41 1.37 1.60 1.69 1.53 1.46 1.80 2.29 2.36 1.96 1.50 1.30 1.22 1.20 1.14 1.03 1.06 1.21 1.37 1.52 1.71 2.03 2.46 2.71 2.59 2.18 1.77 1.56 1.44 1.33 1.23 1.12 1.07 1.04 0.98 0.93 0.94 0.90 0.78 0.68 0.75 0.90 0.89 0.94 1.09 1.28
2.30 2.22 2.06 1.97 1.92 1.88 1.83 1.80 1.76 1.70 1.63 1.55 1.47 1.46 1.53 1.59 1.63 1.66 1.65 1.58 1.47 1.42 1.42 1.45 1.50 1.54 1.56 1.60 1.64 1.68 1.71 2.33 1.99 1.83 1.58 1.71 1.93 1.96 1.66 1.38 1.43 1.61 1.59 1.52 1.80 2.29 2.42 2.03 1.61 1.42 1.30 1.18 1.03 0.88 0.90 1.08 1.26 1.43 1.61 1.92 2.32 2.68 2.73 2.37 1.93 1.70 1.53 1.40 1.30 1.21 1.16 1.16 1.14 1.07 1.01 0.96 0.87 0.75 0.69 0.68 0.65 0.71 0.92 1.15
2.20 2.14 2.02 1.95 1.89 1.83 1.75 1.71 1.73 1.71 1.67 1.58 1.55 1.54 1.57 1.62 1.66 1.68 1.66 1.59 1.48 1.40 1.37 1.39 1.46 1.52 1.56 1.60 1.64 1.66 1.75 1.88 2.05 1.87 1.47 1.45 1.73 1.97 1.90 1.56 1.37 1.47 1.57 1.62 1.87 2.31 2.45 2.11 1.71 1.50 1.39 1.27 1.08 0.84 0.77 0.90 1.14 1.34 1.53 1.84 2.23 2.65 2.79 2.53 2.10 1.82 1.58 1.45 1.38 1.33 1.28 1.27 1.27 1.23 1.18 1.12 1.02 0.86 0.74 0.63 0.52 0.54 0.74 1.04
2.17 2.04 1.87 1.83 1.82 1.78 1.68 1.61 1.60 1.63 1.60 1.53 1.53 1.54 1.55 1.58 1.64 1.67 1.65 1.60 1.51 1.43 1.37 1.36 1.41 1.47 1.52 1.59 1.65 1.67 1.72 1.88 2.11 1.96 1.47 1.28 1.47 1.80 1.95 1.80 1.49 1.45 1.55 1.69 1.89 2.29 2.47 2.18 1.69 1.44 1.39 1.32 1.16 0.94 0.80 0.86 1.07 1.30 1.49 1.77 2.16 2.63 2.81 2.62 2.24 1.90 1.65 1.51 1.44 1.41 1.41 1.42 1.44 1.42 1.37 1.32 1.22 1.05 0.88 0.74 0.55 0.47 0.58 0.90
2.21 2.01 1.71 1.68 1.75 1.76 1.68 1.58 1.51 1.51 1.47 1.44 1.46 1.47 1.46 1.47 1.55 1.64 1.67 1.62 1.55 1.47 1.39 1.35 1.37 1.43 1.48 1.55 1.65 1.69 1.72 1.83 2.09 2.08 1.61 1.20 1.25 1.56 1.86 1.87 1.64 1.49 1.50 1.60 1.78 2.23 2.54 2.29 1.72 1.45 1.40 1.35 1.25 1.07 0.96 0.96 1.06 1.26 1.44 1.71 2.10 2.58 2.85 2.73 2.43 2.14 1.94 1.80 1.71 1.70 1.72 1.75 1.75 1.75 1.72 1.67 1.57 1.40 1.20 0.97 0.72 0.51 0.48 0.69
2.24 2.08 1.71 1.57 1.65 1.75 1.75 1.63 1.49 1.42 1.41 1.44 1.48 1.48 1.45 1.45 1.52 1.63 1.69 1.67 1.60 1.51 1.41 1.35 1.36 1.41 1.48 1.57 1.69 1.69 1.60 1.68 2.00 2.16 1.89 1.32 1.16 1.35 1.66 1.79 1.68 1.52 1.44 1.45 1.63 2.12 2.56 2.45 1.93 1.58 1.46 1.42 1.36 1.23 1.12 1.06 1.08 1.22 1.38 1.63 1.99 2.46 2.81 2.88 2.66 2.45 2.27 2.11 2.03 1.99 2.00 2.03 2.03 2.03 2.03 2.02 1.95 1.84 1.66 1.40 1.08 0.73 0.53 0.55
2.26 2.14 1.84 1.58 1.55 1.69 1.79 1.72 1.55 1.42 1.46 1.55 1.63 1.61 1.57 1.54 1.56 1.64 1.71 1.72 1.68 1.59 1.46 1.37 1.36 1.42 1.52 1.67 1.77 1.64 1.37 1.45 1.80 2.12 2.10 1.66 1.31 1.32 1.55 1.71 1.69 1.60 1.53 1.49 1.59 1.96 2.42 2.47 2.13 1.81 1.66 1.55 1.46 1.33 1.20 1.11 1.11 1.19 1.30 1.47 1.78 2.22 2.61 2.78 2.73 2.50 2.26 2.06 1.94 1.89 1.90 1.94 1.96 1.95 1.97 2.02 2.06 2.03 1.95 1.82 1.61 1.25 0.83 0.62
2.26 2.16 1.90 1.66 1.53 1.57 1.73 1.78 1.62 1.45 1.48 1.62 1.72 1.73 1.68 1.62 1.60 1.64 1.71 1.75 1.74 1.68 1.56 1.44 1.38 1.42 1.55 1.77 1.88 1.55 1.18 1.22 1.50 1.90 2.08 1.92 1.57 1.47 1.60 1.73 1.74 1.75 1.74 1.67 1.67 1.87 2.22 2.37 2.30 2.13 1.94 1.75 1.57 1.36 1.22 1.12 1.10 1.13 1.20 1.33 1.58 1.93 2.32 2.61 2.68 2.37 2.00 1.74 1.56 1.49 1.51 1.59 1.64 1.67 1.70 1.79 1.93 1.96 1.89 1.87 1.84 1.71 1.39 0.99
2.28 2.13 1.84 1.64 1.50 1.46 1.60 1.75 1.65 1.43 1.42 1.53 1.64 1.70 1.68 1.62 1.58 1.60 1.67 1.74 1.76 1.73 1.66 1.55 1.44 1.45 1.58 1.86 1.98 1.57 1.10 1.05 1.21 1.52 1.91 1.94 1.71 1.61 1.69 1.80 1.84 1.87 1.88 1.87 1.85 1.91 2.04 2.17 2.21 2.19 2.13 1.95 1.69 1.42 1.24 1.13 1.09 1.09 1.17 1.28 1.49 1.80 2.15 2.53 2.68 2.31 1.81 1.47 1.28 1.19 1.17 1.25 1.34 1.39 1.44 1.52 1.69 1.75 1.65 1.60 1.69 1.75 1.65 1.43
2.35 2.14 1.78 1.56 1.42 1.34 1.44 1.65 1.63 1.41 1.33 1.36 1.50 1.60 1.62 1.60 1.56 1.55 1.60 1.70 1.74 1.72 1.70 1.67 1.58 1.53 1.63 1.92 2.06 1.71 1.18 0.98 1.01 1.25 1.64 1.79 1.69 1.62 1.66 1.77 1.85 1.88 1.90 1.90 1.88 1.85 1.90 1.93 1.95 2.06 2.17 2.10 1.81 1.51 1.30 1.18 1.13 1.12 1.20 1.30 1.47 1.77 2.14 2.57 2.78 2.40 1.69 1.47 1.29 1.17 1.05 1.00 1.07 1.15 1.20 1.28 1.47 1.60 1.51 1.37 1.40 1.50 1.50 1.42
2.41 2.19 1.80 1.56 1.39 1.23 1.26 1.47 1.53 1.37 1.24 1.24 1.37 1.49 1.54 1.55 1.52 1.49 1.52 1.62 1.70 1.71 1.72 1.76 1.72 1.67 1.72 1.95 2.11 1.88 1.37 1.04 0.94 1.07 1.38 1.58 1.55 1.52 1.55 1.64 1.76 1.83 1.85 1.84 1.81 1.79 1.81 1.78 1.65 1.77 2.03 2.13 1.92 1.62 1.40 1.27 1.20 1.17 1.21 1.29 1.43 1.72 2.11 2.62 2.68 2.59 2.02 1.66 1.44 1.29 1.13 0.98 0.95 1.00 1.04 1.10 1.29 1.46 1.43 1.28 1.24 1.28 1.27 1.21
2.43 2.22 1.87 1.66 1.48 1.27 1.15 1.25 1.34 1.26 1.18 1.18 1.30 1.41 1.46 1.49 1.48 1.44 1.43 1.51 1.62 1.67 1.71 1.76 1.80 1.80 1.81 1.98 2.11 1.97 1.53 1.18 0.98 0.94 1.17 1.35 1.41 1.45 1.47 1.54 1.65 1.76 1.79 1.79 1.81 1.82 1.78 1.63 1.50 1.58 1.86 2.05 1.94 1.68 1.46 1.34 1.25 1.19 1.20 1.27 1.39 1.64 2.06 2.60 2.92 2.75 2.24 1.81 1.55 1.37 1.23 1.10 1.01 0.98 0.95 0.98 1.14 1.31 1.31 1.25 1.22 1.23 1.22 1.14
2.36 2.21 1.96 1.80 1.66 1.47 1.25 1.20 1.21 1.19 1.18 1.22 1.33 1.42 1.48 1.50 1.50 1.45 1.39 1.42 1.51 1.60 1.65 1.73 1.82 1.87 1.90 2.01 2.12 2.01 1.58 1.29 1.11 0.97 1.03 1.20 1.36 1.46 1.49 1.53 1.62 1.73 1.77 1.82 1.89 1.88 1.69 1.50 1.35 1.37 1.64 1.90 1.87 1.64 1.45 1.35 1.26 1.20 1.19 1.24 1.36 1.57 1.99 2.50 2.84 2.80 1.77 1.89 1.62 1.45 1.33 1.25 1.17 1.06 0.96 0.97 1.08 1.19 1.23 1.24 1.24 1.23 1.22 1.15
2.27 2.17 1.98 1.90 1.84 1.72 1.53 1.37 1.26 1.22 1.25 1.33 1.44 1.52 1.60 1.64 1.63 1.61 1.53 1.47 1.51 1.58 1.63 1.73 1.82 1.91 2.00 2.11 2.18 2.04 1.70 1.47 1.33 1.17 1.10 1.19 1.38 1.50 1.56 1.60 1.68 1.74 1.82 1.95 1.97 1.81 1.56 1.35 1.19 1.17 1.43 1.72 1.77 1.55 1.39 1.31 1.25 1.21 1.20 1.24 1.37 1.57 1.96 2.45 2.78 2.68 2.42 1.94 1.70 1.57 1.49 1.42 1.31 1.20 1.10 1.07 1.13 1.19 1.23 1.27 1.28 1.25 1.24 1.18
2.22 2.10 1.90 1.85 1.89 1.89 1.77 1.59 1.40 1.30 1.30 1.40 1.52 1.62 1.71 1.77 1.81 1.84 1.83 1.75 1.71 1.69 1.72 1.79 1.86 1.92 2.04 2.20 2.26 2.06 1.76 1.56 1.47 1.34 1.21 1.21 1.32 1.45 1.56 1.65 1.73 1.80 1.95 2.12 2.05 1.68 1.41 1.25 1.10 1.02 1.23 1.52 1.58 1.45 1.33 1.28 1.24 1.24 1.25 1.29 1.38 1.59 1.96 2.43 2.78 2.64 2.44 2.04 1.85 1.70 1.61 1.54 1.44 1.36 1.28 1.21 1.19 1.20 1.24 1.32 1.36 1.32 1.29 1.21
2.21 2.05 1.80 1.70 1.75 1.84 1.87 1.74 1.53 1.36 1.31 1.36 1.48 1.60 1.69 1.77 1.84 1.89 1.94 1.94 1.89 1.82 1.80 1.83 1.86 1.90 1.99 2.20 2.32 2.12 1.72 1.50 1.39 1.29 1.19 1.19 1.27 1.38 1.49 1.62 1.75 1.85 2.12 2.27 2.09 1.52 1.26 1.17 1.03 0.94 1.02 1.23 1.36 1.33 1.29 1.28 1.27 1.28 1.29 1.27 1.34 1.53 1.85 2.31 2.71 2.96 2.64 2.23 2.06 1.89 1.71 1.61 1.57 1.57 1.51 1.38 1.30 1.30 1.36 1.44 1.48 1.42 1.33 1.21
2.20 2.05 1.78 1.61 1.56 1.62 1.76 1.77 1.60 1.41 1.29 1.26 1.31 1.40 1.49 1.57 1.66 1.71 1.75 1.80 1.81 1.77 1.74 1.77 1.81 1.86 1.92 2.15 2.32 2.18 1.84 1.56 1.33 1.16 1.11 1.17 1.29 1.38 1.45 1.55 1.71 1.88 2.26 2.54 2.23 1.51 1.21 1.12 1.02 0.93 0.92 1.02 1.15 1.21 1.25 1.29 1.31 1.33 1.34 1.29 1.29 1.41 1.66 2.03 2.50 2.90 2.93 2.59 2.29 2.09 1.87 1.72 1.72 1.82 1.84 1.75 1.67 1.63 1.62 1.62 1.61 1.51 1.37 1.23
2.19 2.05 1.77 1.58 1.43 1.41 1.56 1.67 1.60 1.42 1.27 1.17 1.12 1.14 1.21 1.30 1.41 1.52 1.54 1.52 1.55 1.59 1.61 1.64 1.68 1.76 1.93 2.15 2.24 2.09 1.92 1.80 1.58 1.31 1.13 1.14 1.25 1.36 1.40 1.47 1.63 1.90 2.35 2.67 2.43 1.72 1.35 1.23 1.12 1.03 0.98 1.00 1.06 1.13 1.20 1.26 1.33 1.41 1.46 1.43 1.39 1.43 1.54 1.80 2.20 2.61 2.85 2.85 2.60 2.33 2.19 2.07 2.05 2.12 2.16 2.08 1.96 1.89 1.85 1.80 1.75 1.63 1.49 1.31
2.22 2.03 1.70 1.52 1.40 1.35 1.42 1.53 1.54 1.43 1.29 1.15 1.04 0.99 0.98 1.05 1.22 1.42 1.52 1.47 1.41 1.44 1.49 1.51 1.54 1.67 1.98 2.21 2.13 1.77 1.68 1.75 1.73 1.54 1.26 1.13 1.15 1.27 1.33 1.40 1.56 1.89 2.33 2.67 2.60 2.12 1.73 1.55 1.39 1.25 1.18 1.15 1.13 1.13 1.16 1.20 1.26 1.38 1.49 1.52 1.52 1.49 1.54 1.69 1.91 2.18 2.55 2.78 2.57 2.50 2.42 2.33 2.23 1.96 2.03 2.12 1.99 1.91 1.88 1.88 1.84 1.75 1.63 1.41
2.28 2.05 1.66 1.46 1.38 1.37 1.39 1.45 1.50 1.48 1.39 1.27 1.15 1.03 0.93 0.89 1.00 1.30 1.55 1.59 1.50 1.42 1.35 1.31 1.40 1.63 2.02 2.24 2.03 1.48 1.31 1.42 1.57 1.56 1.33 1.12 1.05 1.14 1.27 1.36 1.49 1.78 2.19 2.54 2.59 2.33 2.06 1.89 1.68 1.49 1.34 1.26 1.19 1.16 1.16 1.18 1.23 1.31 1.39 1.44 1.47 1.52 1.60 1.66 1.77 1.93 2.28 2.61 2.63 2.43 2.32 2.20 2.02 1.98 2.03 2.02 1.91 1.77 1.78 1.86 1.87 1.80 1.71 1.53
2.29 2.09 1.74 1.51 1.42 1.41 1.43 1.47 1.53 1.57 1.55 1.49 1.41 1.26 1.07 0.90 0.86 1.11 1.53 1.77 1.78 1.62 1.37 1.17 1.23 1.59 2.04 2.25 1.97 1.38 1.12 1.11 1.27 1.34 1.26 1.14 1.09 1.12 1.21 1.33 1.48 1.73 2.04 2.39 2.48 2.27 2.07 1.99 1.85 1.64 1.43 1.26 1.17 1.16 1.18 1.20 1.22 1.27 1.31 1.36 1.41 1.50 1.60 1.63 1.68 1.85 2.19 2.48 2.46 2.24 2.11 1.98 1.80 1.74 1.85 1.96 1.87 1.65 1.60 1.75 1.82 1.75 1.67 1.56
2.25 2.10 1.81 1.61 1.51 1.48 1.50 1.55 1.61 1.69 1.74 1.76 1.73 1.62 1.41 1.14 0.89 0.92 1.34 1.82 2.03 1.96 1.63 1.24 1.19 1.52 1.97 2.21 2.00 1.47 1.15 1.00 1.01 1.08 1.12 1.15 1.20 1.27 1.31 1.36 1.51 1.73 2.01 2.33 2.39 2.10 1.91 1.89 1.84 1.74 1.55 1.33 1.18 1.15 1.18 1.21 1.24 1.26 1.32 1.38 1.43 1.50 1.58 1.60 1.64 1.85 2.21 2.43 2.30 2.08 1.98 1.92 1.82 1.68 1.68 1.86 1.87 1.63 1.45 1.57 1.72 1.65 1.54 1.45
2.21 2.07 1.82 1.64 1.56 1.54 1.56 1.62 1.70 1.81 1.91 1.98 1.97 1.89 1.72 1.48 1.13 0.89 1.05 1.61 2.06 2.22 2.05 1.66 1.37 1.48 1.83 2.08 2.02 1.68 1.38 1.17 1.04 0.99 1.02 1.12 1.24 1.36 1.41 1.45 1.57 1.77 2.06 2.36 2.37 2.01 1.79 1.74 1.71 1.70 1.63 1.44 1.23 1.15 1.17 1.22 1.25 1.26 1.34 1.42 1.45 1.50 1.57 1.58 1.66 1.91 2.26 2.39 2.16 1.98 1.90 1.85 1.87 1.75 1.59 1.70 1.83 1.69 1.43 1.42 1.55 1.54 1.44 1.34
2.16 2.05 1.83 1.64 1.55 1.54 1.57 1.62 1.69 1.79 1.92 2.03 2.10 2.07 1.99 1.83 1.49 1.07 0.92 1.26 1.81 2.22 2.26 2.06 1.75 1.60 1.75 1.92 1.92 1.78 1.63 1.46 1.28 1.11 1.03 1.06 1.16 1.27 1.38 1.46 1.60 1.81 2.13 2.42 2.40 1.99 1.70 1.59 1.50 1.50 1.55 1.46 1.26 1.14 1.14 1.19 1.23 1.26 1.32 1.41 1.44 1.48 1.53 1.59 1.71 2.01 2.32 2.36 2.04 1.88 1.83 1.74 1.82 1.85 1.68 1.63 1.75 1.74 1.54 1.42 1.46 1.46 1.40 1.33
2.10 2.01 1.82 1.64 1.53 1.49 1.51 1.52 1.53 1.59 1.71 1.88 2.06 2.15 2.17 2.15 1.92 1.44 1.01 1.02 1.44 1.96 2.20 2.24 2.08 1.86 1.78 1.77 1.69 1.65 1.64 1.60 1.50 1.27 1.08 1.01 1.05 1.15 1.28 1.43 1.61 1.84 2.18 2.49 2.48 2.03 1.65 1.47 1.35 1.31 1.36 1.35 1.20 1.08 1.06 1.09 1.16 1.25 1.30 1.36 1.40 1.42 1.47 1.57 1.75 2.09 2.44 2.42 2.00 1.75 1.73 1.62 1.62 1.78 1.77 1.66 1.69 1.75 1.66 1.54 1.49 1.42 1.37 1.36
2.05 1.97 1.77 1.63 1.52 1.46 1.46 1.45 1.39 1.36 1.40 1.56 1.82 2.04 2.20 2.29 2.25 1.94 1.39 1.06 1.21 1.66 1.96 2.30 2.25 2.09 1.87 1.71 1.53 1.43 1.42 1.48 1.49 1.33 1.12 1.00 1.01 1.12 1.28 1.44 1.62 1.86 2.17 2.52 2.57 2.16 1.70 1.46 1.32 1.23 1.21 1.20 1.10 0.99 0.97 1.00 1.11 1.23 1.26 1.30 1.34 1.31 1.36 1.54 1.77 2.15 2.54 2.55 2.08 1.67 1.60 1.52 1.47 1.60 1.70 1.68 1.68 1.75 1.77 1.72 1.64 1.49 1.39 1.42
2.03 1.92 1.71 1.60 1.52 1.47 1.49 1.50 1.46 1.35 1.23 1.22 1.41 1.73 2.01 2.20 2.34 2.30 1.95 1.39 1.26 1.49 1.72 2.05 2.30 2.25 1.99 1.75 1.53 1.33 1.21 1.21 1.27 1.25 1.13 1.03 1.03 1.12 1.26 1.43 1.61 1.85 2.13 2.49 2.62 2.28 1.76 1.47 1.34 1.27 1.22 1.17 1.08 0.98 0.96 1.01 1.14 1.25 1.26 1.27 1.28 1.22 1.24 1.46 1.76 2.12 2.53 2.65 2.30 1.84 1.66 1.56 1.48 1.51 1.60 1.66 1.71 1.78 1.84 1.83 1.75 1.61 1.50 1.51
2.01 1.89 1.68 1.58 1.52 1.50 1.52 1.60 1.65 1.57 1.37 1.18 1.15 1.33 1.64 1.93 2.18 2.46 2.30 1.86 1.50 1.51 1.65 2.01 2.26 2.32 2.16 1.93 1.67 1.44 1.24 1.14 1.11 1.11 1.07 1.01 1.01 1.07 1.20 1.38 1.58 1.81 2.07 2.45 2.65 2.33 1.78 1.54 1.46 1.42 1.40 1.31 1.17 1.06 1.03 1.10 1.25 1.35 1.37 1.35 1.33 1.28 1.29 1.46 1.75 2.04 2.40 2.64 2.57 2.21 1.91 1.75 1.62 1.56 1.60 1.65 1.71 1.80 1.87 1.88 1.81 1.67 1.59 1.63
1.98 1.84 1.65 1.56 1.53 1.51 1.53 1.63 1.79 1.87 1.76 1.50 1.25 1.19 1.35 1.61 1.89 2.21 2.36 2.20 1.87 1.71 1.88 2.02 2.17 2.27 2.27 2.16 1.93 1.72 1.53 1.35 1.21 1.12 1.04 0.98 0.98 1.04 1.16 1.32 1.51 1.76 2.04 2.45 2.71 2.43 1.96 1.76 1.67 1.60 1.56 1.48 1.29 1.13 1.12 1.22 1.36 1.49 1.57 1.57 1.54 1.53 1.55 1.63 1.79 1.98 2.25 2.58 2.36 2.46 2.11 1.89 1.73 1.63 1.61 1.65 1.69 1.80 1.89 1.92 1.90 1.86 1.83 1.88
1.93 1.79 1.60 1.52 1.52 1.54 1.55 1.63 1.80 1.97 2.02 1.93 1.71 1.46 1.37 1.44 1.63 1.94 2.17 2.24 2.09 1.88 1.89 2.05 2.13 2.14 2.21 2.25 2.17 1.98 1.76 1.57 1.40 1.28 1.14 1.03 1.00 1.03 1.14 1.29 1.47 1.71 2.00 2.43 2.71 2.51 2.08 1.86 1.73 1.59 1.53 1.51 1.38 1.19 1.14 1.21 1.33 1.47 1.62 1.69 1.70 1.72 1.73 1.75 1.81 1.91 2.09 2.47 2.74 2.61 2.23 1.95 1.79 1.65 1.57 1.57 1.66 1.82 1.91 1.92 1.93 1.94 1.94 1.98
1.88 1.75 1.56 1.49 1.52 1.55 1.56 1.59 1.72 1.89 2.03 2.11 2.07 1.93 1.72 1.56 1.55 1.75 1.88 2.68 2.03 2.52 2.35 2.14 2.17 2.05 2.03 2.15 2.22 2.13 1.90 1.66 1.46 1.35 1.21 1.07 1.01 1.03 1.13 1.28 1.44 1.65 1.92 2.34 2.64 2.48 2.00 1.74 1.57 1.42 1.34 1.36 1.33 1.20 1.10 1.14 1.23 1.34 1.49 1.60 1.65 1.68 1.70 1.74 1.81 1.84 1.96 2.38 2.77 2.73 2.36 2.06 1.89 1.71 1.53 1.45 1.54 1.75 1.90 1.87 1.77 1.68 1.66 1.79
1.83 1.72 1.56 1.50 1.53 1.56 1.58 1.60 1.67 1.75 1.86 1.99 2.07 2.06 1.96 1.79 1.65 1.62 1.70 1.84 1.94 1.94 2.01 2.20 2.28 2.08 1.85 1.91 2.11 2.18 2.02 1.75 1.46 1.30 1.17 1.04 0.99 1.03 1.11 1.22 1.35 1.53 1.81 2.27 2.64 2.54 1.97 1.59 1.46 1.35 1.23 1.18 1.17 1.11 1.06 1.10 1.18 1.25 1.36 1.46 1.52 1.59 1.67 1.74 1.80 1.82 1.90 2.27 2.72 2.80 2.49 2.17 2.00 1.81 1.55 1.40 1.45 1.70 1.90 1.85 1.62 1.34 1.22 1.36
