project/data/elevation/US_DEM2016/US_DEM2016_point_10-31-2019_0753_30m_ang.asc
ncols	125
nrows	167
xllcorner	-2042055.000000
yllcorner	1465035.000000
cellsize	30.000000
NODATA_value	-9999.000000
[rows 0 to 52 of 167, columns 0 to 95 of 125]
8 7 1 354 353 353 353 355 357 360 1 1 359 360 1 2 2 2 1 0 360 359 358 360 1 2 4 5 5 5 5 5 4 4 3 359 356 355 356 357 358 359 359 0 2 3 2 359 358 358 358 358 359 360 0 2 3 3 2 1 0 359 358 357 358 360 2 4 3 2 360 358 358 358 359 360 359 357 356 358 1 1 1 1 0 360 1 2 2 1 0 1 2 1 360 358
8 7 1 354 353 353 353 355 357 360 1 1 359 360 1 2 2 2 1 0 360 359 358 360 1 2 4 5 5 5 5 5 4 4 3 359 356 355 356 357 358 359 359 0 2 3 2 359 358 358 358 358 359 360 0 2 3 3 2 1 0 359 358 357 358 360 2 4 3 2 360 358 358 358 359 360 359 357 356 358 1 1 1 1 0 360 1 2 2 1 0 1 2 1 360 358
16 12 1 351 347 346 347 350 354 359 1 1 359 359 2 3 4 4 3 1 359 358 357 360 3 5 8 10 10 10 9 8 7 6 4 359 354 351 352 354 357 358 359 0 2 3 2 359 358 357 356 357 358 359 0 2 4 5 5 4 2 359 356 354 356 359 3 5 5 3 1 359 358 358 358 359 358 355 353 357 1 1 0 1 1 0 2 4 4 1 0 1 2 1 359 356
27 19 2 349 341 336 335 339 346 354 0 1 359 359 3 6 7 7 6 3 359 356 356 0 6 11 16 18 18 16 15 13 11 8 5 1 354 349 346 348 352 355 357 358 359 1 1 360 358 356 355 355 357 359 0 3 6 7 8 8 5 0 355 353 353 357 2 5 6 5 3 2 0 359 359 358 356 351 349 353 359 359 357 358 1 3 6 7 5 2 0 1 1 359 355 353
29 20 3 351 342 334 329 330 337 346 355 359 359 360 4 7 7 7 6 3 359 356 357 3 10 18 22 22 20 17 15 13 10 8 6 4 360 354 348 345 346 350 353 355 356 357 359 360 358 356 355 355 357 359 1 3 5 7 8 8 7 4 0 357 356 356 358 1 4 5 6 6 5 3 1 358 354 350 347 349 353 352 350 354 1 7 9 8 5 2 0 0 359 355 351 352
28 20 3 353 345 338 331 326 328 336 346 355 358 359 3 6 6 4 2 360 358 358 1 7 15 21 24 22 18 15 13 11 9 8 7 6 3 359 354 347 342 342 346 350 353 355 357 358 358 357 356 357 359 2 4 5 4 3 2 4 7 7 6 3 1 359 358 359 1 4 7 8 8 6 2 358 354 350 347 347 347 345 343 349 1 10 11 8 4 1 360 358 354 350 350 354
24 17 3 355 350 344 338 330 324 324 333 346 353 355 358 4 7 4 359 357 357 0 6 12 18 22 22 19 15 12 10 9 8 9 8 7 5 2 359 353 345 339 338 342 348 353 354 355 356 356 356 358 2 5 7 6 3 1 1 2 6 9 10 9 6 3 0 359 359 2 5 8 8 6 2 358 354 349 345 344 343 341 339 344 358 9 11 7 3 359 358 355 350 349 354 5
19 13 3 357 354 351 346 338 328 321 322 332 342 347 351 0 7 7 2 358 357 2 9 15 19 21 20 17 13 9 7 7 8 8 7 5 5 4 3 0 354 345 338 336 341 348 352 353 353 353 354 357 2 6 7 7 5 4 5 7 9 11 12 12 10 7 3 359 358 1 4 6 7 5 2 359 355 349 343 340 340 339 338 341 351 3 7 5 0 357 355 352 351 355 7 20
11 8 3 1 359 358 354 347 337 328 324 326 331 337 344 355 5 10 8 2 358 2 10 17 20 19 17 14 11 7 5 5 4 3 2 2 4 5 6 5 3 358 349 341 340 345 351 352 350 349 351 356 1 6 9 10 10 10 12 14 14 13 12 11 11 9 4 358 357 0 4 6 6 3 0 358 355 350 345 342 341 339 339 340 346 356 1 360 357 355 353 352 356 8 21 27
3 4 4 4 4 3 360 353 345 339 336 332 330 331 337 349 3 11 10 5 0 3 11 17 19 16 13 11 8 5 2 0 359 358 357 360 3 5 7 7 7 5 1 354 347 346 350 351 350 349 351 356 2 6 11 14 17 19 20 19 18 15 11 8 8 8 4 359 358 1 4 5 3 359 357 356 355 352 350 349 348 346 344 343 345 351 356 355 354 354 355 358 7 17 20 20
355 359 6 8 7 5 1 355 350 348 346 343 338 334 335 344 358 7 7 4 3 5 11 15 15 13 10 7 4 2 358 356 355 355 356 359 2 4 5 7 7 8 7 4 357 350 348 349 349 349 354 0 5 7 11 18 23 25 24 21 19 15 9 4 2 3 3 2 2 2 2 1 358 355 354 354 354 354 354 355 354 352 351 349 349 351 352 351 351 355 0 5 10 13 13 12
346 354 4 8 8 5 1 357 355 354 354 352 349 345 341 344 352 359 2 3 5 9 12 13 11 9 7 2 359 357 355 353 353 355 359 1 0 0 2 4 6 8 9 8 4 357 351 348 348 351 357 5 9 11 14 19 23 23 22 20 17 11 5 359 356 358 2 5 5 3 360 357 355 353 352 352 354 356 358 359 357 354 353 352 352 352 350 348 350 357 2 5 6 7 7 8
345 349 357 3 5 3 1 359 359 360 360 359 357 355 351 348 350 353 356 1 7 12 14 12 8 5 2 358 355 353 353 353 355 0 3 1 358 357 359 1 2 4 7 8 8 4 356 351 350 353 1 8 14 18 20 19 18 17 17 15 12 6 1 357 354 354 0 5 6 4 359 356 353 352 352 354 357 1 4 4 358 351 348 349 350 350 347 347 350 355 358 1 2 3 3 3
354 351 349 353 359 1 1 1 3 4 4 3 2 2 360 355 352 352 354 359 9 16 15 10 6 2 359 356 354 354 355 358 3 8 5 359 356 357 358 358 358 359 2 7 9 7 1 355 355 359 5 13 21 23 20 14 11 10 10 9 7 3 359 356 354 353 357 2 5 4 360 355 353 354 357 1 4 8 9 7 360 350 343 342 343 343 343 345 348 351 354 356 359 359 359 358
356 354 351 350 352 357 1 3 4 4 4 4 4 4 4 2 358 356 357 1 11 17 15 10 6 3 0 360 360 359 1 5 9 9 4 359 356 356 356 355 354 355 357 2 6 6 3 360 0 5 11 18 21 18 12 7 6 5 4 3 2 1 358 356 354 353 355 360 4 4 0 356 356 0 7 10 9 8 7 4 358 351 345 342 340 339 341 343 346 348 351 352 354 355 355 354
353 355 357 356 354 356 0 3 2 359 356 357 359 0 2 4 4 3 3 7 12 14 13 12 11 8 6 5 6 5 3 3 4 5 4 2 359 356 355 356 355 354 355 357 359 1 2 3 7 12 16 17 15 10 5 3 4 2 359 357 357 358 358 356 354 353 354 358 3 4 2 0 3 10 12 10 7 5 3 0 356 351 348 344 340 340 342 344 344 345 348 349 350 351 354 355
354 356 0 4 5 5 4 1 356 350 347 347 347 349 353 1 6 8 9 10 12 12 13 15 15 12 8 5 5 6 4 360 359 1 3 3 1 358 356 356 357 355 354 353 354 357 1 7 13 16 17 15 10 5 2 2 3 1 356 352 352 354 357 357 357 355 355 357 1 4 6 7 11 12 9 6 5 4 2 358 354 351 349 346 344 344 345 346 344 343 345 347 348 352 357 1
360 0 3 10 14 11 4 357 351 348 347 347 346 346 349 357 5 10 11 11 12 13 15 16 15 12 7 4 3 5 5 2 357 357 359 1 1 360 357 356 355 354 353 351 352 355 3 11 17 18 17 13 7 2 360 1 2 358 353 349 349 351 355 358 359 358 356 355 358 4 9 12 12 9 4 3 3 4 2 360 356 352 350 348 348 349 349 347 345 342 343 346 349 355 1 2
3 5 8 13 13 7 359 353 350 349 349 350 351 352 353 357 3 9 11 12 13 15 17 16 13 9 6 3 1 2 4 3 359 356 355 358 360 0 358 355 353 353 352 352 353 358 7 15 18 18 16 10 4 360 359 1 359 354 350 348 348 350 354 358 1 2 359 355 355 1 8 10 9 5 2 2 3 3 3 2 0 357 353 352 353 353 352 348 343 341 342 346 350 356 359 358
6 10 15 14 8 360 354 351 351 351 353 354 357 358 359 0 4 8 11 12 14 16 16 14 11 8 5 2 360 359 360 0 358 356 355 356 358 359 358 355 353 353 354 356 0 7 12 14 15 14 11 7 2 360 360 0 356 352 349 348 348 350 353 357 1 2 1 357 354 355 1 5 5 3 2 2 2 2 3 4 5 4 0 358 357 356 353 348 343 342 344 347 350 352 353 354
17 19 18 9 359 353 351 351 352 354 356 359 1 4 5 5 7 9 10 11 13 14 13 12 10 7 4 1 359 356 355 356 356 356 355 356 357 358 357 356 356 357 0 6 11 14 12 9 7 6 5 3 2 2 2 359 355 351 350 350 351 352 353 354 357 359 0 359 354 350 352 356 359 360 1 1 1 1 2 6 9 10 8 4 359 357 354 351 348 347 348 348 348 348 349 352
25 20 10 0 353 350 350 352 355 358 359 1 4 6 8 9 10 10 10 10 10 10 9 8 8 6 3 0 358 355 352 352 353 354 356 357 358 357 357 359 1 5 12 17 17 12 6 2 359 359 359 360 2 4 4 1 356 353 353 354 356 356 354 351 350 352 354 354 349 342 340 344 349 353 356 359 360 0 2 5 11 14 14 9 2 358 356 355 355 354 352 350 348 347 349 354
17 10 2 356 352 351 352 355 358 0 1 3 5 7 10 12 13 11 8 6 5 4 4 5 5 4 1 359 357 354 351 351 353 356 359 360 359 359 2 6 12 17 21 19 12 6 0 356 353 353 355 358 2 5 6 4 0 358 359 1 3 4 1 351 344 343 341 337 333 329 327 330 336 341 346 353 357 357 358 1 8 14 16 14 8 2 359 358 359 358 354 351 349 350 352 354
2 0 358 357 355 354 356 358 360 1 2 4 5 7 11 13 13 9 6 3 0 359 360 1 1 1 359 357 356 354 353 353 356 1 4 2 1 4 11 17 21 22 19 11 5 0 356 351 349 350 352 357 1 5 7 7 6 6 7 10 13 14 10 359 349 344 340 334 330 327 322 319 322 328 335 342 348 350 352 356 2 10 16 17 15 9 2 359 357 357 354 351 350 351 352 352
347 350 356 358 359 359 360 1 1 2 3 4 5 7 10 12 11 7 5 3 360 358 357 356 357 356 356 356 356 356 357 1 5 9 9 7 9 15 21 22 20 16 10 4 0 357 353 350 348 348 351 356 360 4 8 10 11 12 14 17 19 17 10 1 353 348 343 340 338 333 326 319 316 317 322 329 334 339 344 348 354 3 14 20 19 13 6 360 357 356 354 351 350 350 349 350
334 340 351 358 2 3 3 2 2 3 3 4 5 7 8 8 7 6 6 5 2 359 356 354 352 352 353 355 358 1 7 13 17 18 16 15 17 21 20 16 11 8 3 359 356 354 352 351 350 350 351 355 359 3 6 10 13 16 19 20 19 14 7 360 355 350 347 346 345 341 335 329 323 318 316 317 319 322 330 337 345 355 7 16 18 16 9 3 360 357 355 352 350 349 349 349
327 332 345 356 3 7 6 4 3 3 2 3 4 4 4 4 4 5 5 4 1 358 355 352 351 351 354 358 4 11 19 25 25 22 18 16 15 15 12 8 4 1 358 355 352 350 351 353 354 354 354 354 356 360 3 8 13 17 19 18 14 9 4 360 357 354 352 352 351 348 345 342 338 331 324 320 316 314 317 323 332 344 356 8 15 17 14 8 2 358 355 352 350 349 350 350
324 329 340 351 1 7 9 8 5 4 3 3 3 3 2 1 1 2 2 1 358 355 353 352 353 355 359 5 13 23 29 28 22 17 14 12 9 9 8 5 0 357 354 351 348 348 351 355 359 1 358 354 352 354 359 6 13 16 16 13 8 4 1 0 360 359 358 356 355 354 354 353 348 341 337 333 327 322 319 320 325 333 344 356 8 15 16 13 5 359 356 353 350 349 350 350
326 328 335 345 355 4 9 10 8 6 4 4 3 3 2 2 0 359 358 356 354 353 353 355 358 1 7 16 24 28 26 20 15 11 10 9 7 5 5 3 359 354 350 347 345 346 351 357 3 7 4 357 350 349 354 4 10 11 10 7 2 359 359 1 4 5 3 0 359 360 1 0 355 349 346 344 338 333 331 330 328 329 335 345 357 9 15 15 10 2 357 353 350 349 351 352
331 331 335 340 348 358 7 11 11 8 7 5 4 3 4 3 1 358 355 352 353 355 358 2 7 12 19 25 26 22 15 11 9 8 7 6 5 4 3 2 359 353 348 344 344 346 350 357 4 8 7 2 353 348 351 359 5 6 5 1 357 355 357 2 6 8 7 5 4 4 5 4 1 357 353 350 346 343 342 341 339 335 332 335 345 358 9 14 13 7 1 354 350 350 351 354
336 337 340 342 345 352 2 9 12 12 9 6 4 3 4 4 1 357 353 352 355 2 10 16 23 29 32 29 19 9 5 4 4 5 4 4 4 3 2 0 358 353 348 345 344 345 348 354 0 5 7 5 359 352 351 355 360 2 1 357 353 352 355 0 6 9 9 9 7 6 5 5 6 4 360 355 352 350 351 351 349 344 337 331 333 342 355 7 12 11 6 358 353 351 353 356
333 337 344 346 346 348 356 6 12 13 12 9 6 4 4 4 1 357 356 359 7 18 27 34 37 38 34 21 6 358 357 358 360 1 2 2 3 2 1 359 356 351 349 348 348 348 348 350 354 0 5 6 3 356 353 354 357 0 359 355 352 351 352 356 1 5 7 8 8 7 6 7 9 9 5 1 359 359 360 359 356 352 346 338 330 329 337 351 4 9 8 3 357 354 354 356
330 333 341 345 345 345 351 1 9 13 14 12 9 7 6 4 1 359 3 11 20 32 36 34 31 27 20 11 359 351 349 352 354 356 358 0 1 1 360 357 354 350 348 350 352 353 351 348 349 354 1 5 4 1 357 357 358 360 358 355 352 349 349 351 355 358 2 5 7 7 7 8 10 10 9 8 8 8 6 3 1 359 355 348 338 331 329 334 346 359 4 4 2 357 354 355
337 336 335 337 340 341 345 354 4 12 15 16 14 11 8 6 3 5 11 21 25 25 26 24 21 17 13 9 2 354 350 350 350 352 354 357 359 358 357 355 352 350 348 350 352 353 351 346 343 347 355 1 4 4 1 0 360 1 359 356 353 348 345 344 347 352 357 2 5 6 5 6 9 10 12 14 16 15 10 6 6 7 2 353 346 341 338 334 335 341 351 358 1 358 353 352
353 346 338 336 337 338 340 345 356 7 14 17 17 14 10 8 7 9 17 20 18 19 19 18 15 13 11 9 5 359 355 355 355 353 352 353 355 355 354 353 353 352 351 352 351 349 345 339 336 338 346 356 3 6 4 2 1 1 1 359 356 349 344 341 341 345 353 360 3 4 3 3 6 9 12 17 19 18 15 11 11 10 4 355 350 349 348 347 343 340 342 348 353 353 351 350
359 353 345 344 345 345 343 344 349 359 9 16 19 17 14 11 10 11 12 14 13 13 13 13 12 11 11 10 8 4 359 357 358 358 355 352 351 352 352 353 355 356 358 357 353 346 342 339 335 335 340 351 2 6 5 3 2 1 2 1 358 353 347 342 339 341 348 356 359 2 1 0 3 6 9 12 17 18 18 16 13 9 3 358 355 354 355 355 352 348 345 345 347 349 349 349
355 352 349 350 352 353 352 350 350 355 3 12 18 19 17 15 12 9 11 7 7 7 7 8 9 10 10 11 11 8 3 359 358 358 358 355 352 351 351 353 357 1 3 360 353 347 345 343 342 340 341 347 358 5 6 3 2 2 2 1 359 356 352 347 343 340 343 349 354 357 359 359 360 3 4 6 11 16 17 16 12 9 5 2 1 2 3 1 356 350 347 346 346 348 349 349
349 350 352 354 357 359 358 357 356 357 0 6 14 19 20 17 12 6 2 1 1 2 3 4 6 8 10 12 13 12 9 3 358 356 356 355 353 351 350 352 356 2 4 1 355 350 348 349 349 347 344 346 354 3 5 3 2 1 0 360 359 359 357 355 350 344 342 344 349 353 356 356 357 0 360 359 4 11 13 12 10 9 9 9 9 10 9 3 356 350 347 346 346 348 350 352
344 347 353 358 0 2 2 2 2 1 360 2 8 15 19 18 12 4 358 356 357 358 360 2 4 6 8 11 13 14 12 7 1 356 353 353 352 351 350 349 352 359 3 3 360 355 353 353 353 351 347 345 350 360 5 4 1 0 360 360 0 1 1 1 358 351 345 342 344 348 352 353 354 357 356 354 358 4 7 7 8 11 15 18 18 15 8 0 355 353 352 350 349 350 353 355
341 345 355 0 2 3 4 5 5 3 360 360 4 11 16 16 16 5 2 355 356 357 359 0 2 3 6 8 11 14 14 10 4 358 353 351 351 351 350 348 348 353 1 5 5 2 359 357 356 352 347 344 347 357 3 2 360 359 0 2 3 3 3 4 2 357 350 342 339 341 348 351 351 352 352 350 352 358 1 3 4 11 18 22 21 14 3 357 356 356 356 356 356 356 358 359
342 347 356 1 2 3 3 4 4 1 359 360 3 9 13 20 10 6 2 359 358 358 358 358 358 360 2 4 8 12 13 11 5 358 352 349 350 351 352 351 349 351 358 5 8 7 4 1 360 356 351 347 347 355 0 0 358 358 2 7 9 8 5 4 2 357 351 344 337 336 340 345 346 347 348 348 349 352 356 359 1 7 16 20 18 11 2 357 357 359 0 1 3 4 3 3
347 350 357 1 2 2 2 3 2 360 359 0 5 11 13 11 9 8 6 3 360 358 357 356 356 357 359 1 4 8 10 8 3 357 352 349 349 350 352 354 354 353 356 4 10 11 7 4 2 1 358 354 352 355 359 359 358 359 5 12 15 15 10 4 358 353 350 346 340 335 333 337 339 341 344 346 347 347 350 355 359 2 9 13 13 9 4 0 360 1 3 6 8 9 9 8
351 354 358 0 1 1 2 1 359 358 359 2 8 12 11 9 8 8 7 3 360 357 356 356 356 357 358 360 1 3 5 3 359 355 353 351 348 348 352 357 359 358 358 4 11 13 9 4 2 3 3 2 358 358 360 0 359 1 7 14 18 17 10 2 356 354 352 348 343 339 335 332 330 330 335 340 341 340 344 351 357 0 2 4 7 8 7 4 3 4 6 9 10 12 14 13
353 355 358 360 1 1 1 359 358 358 0 5 10 19 10 8 7 6 5 1 358 356 356 356 356 357 358 359 359 360 360 358 355 354 355 355 352 349 350 357 2 3 1 5 12 14 11 5 2 4 5 5 2 360 359 359 0 2 6 11 15 15 9 2 359 358 355 351 347 345 342 336 325 318 319 325 326 327 332 344 353 355 355 357 3 7 9 7 5 6 8 11 13 15 17 16
354 355 357 359 359 359 360 359 359 360 3 8 12 18 9 7 6 4 2 359 355 354 355 356 357 357 358 358 358 356 355 353 352 352 356 358 358 355 352 355 3 7 7 9 14 15 14 9 5 3 2 1 0 358 355 356 358 1 4 9 14 14 10 6 4 0 356 353 353 353 349 342 331 322 316 315 314 314 318 330 341 347 350 353 359 5 10 10 7 6 9 13 17 19 19 18
353 354 356 357 357 358 359 0 2 3 7 12 13 11 7 5 4 3 1 358 355 354 355 357 358 358 358 357 355 353 351 350 351 352 354 358 1 2 359 357 3 11 14 14 16 18 17 11 5 3 0 358 355 350 348 350 355 359 3 8 13 14 13 9 5 1 358 360 2 360 353 346 341 336 330 323 318 315 314 320 328 336 344 349 354 2 10 14 11 7 7 11 18 22 21 19
349 351 355 356 357 358 359 1 4 7 11 14 13 8 5 4 3 2 0 359 357 355 355 357 357 357 357 355 352 349 348 350 352 352 351 356 2 7 7 4 7 14 18 16 15 17 14 9 5 4 4 359 351 343 340 344 352 358 3 7 12 14 14 11 7 4 5 7 5 360 354 349 347 344 339 334 329 324 321 321 324 330 338 345 350 358 8 14 14 9 6 9 16 21 21 19
345 347 352 355 357 359 0 2 6 11 15 16 12 6 2 2 2 2 2 1 359 358 357 356 356 356 355 352 348 346 347 351 354 354 351 353 1 8 12 12 12 15 16 13 12 13 12 10 8 8 6 356 345 340 340 344 351 357 2 6 11 14 14 12 10 10 9 5 0 356 354 352 350 348 345 341 337 334 330 328 328 330 333 339 347 355 4 12 14 11 10 13 17 19 19 18
344 345 349 354 358 1 2 4 7 12 17 16 10 6 1 1 1 3 3 3 2 360 358 356 356 355 353 349 345 344 347 352 356 357 354 353 358 7 14 18 19 16 13 10 10 13 14 14 12 8 360 349 342 341 344 347 351 356 1 5 10 14 15 13 11 7 3 359 356 356 355 355 354 353 351 348 346 343 340 337 335 332 331 334 342 352 360 8 13 14 16 19 19 17 16 12
344 345 348 352 358 2 4 5 7 12 16 15 9 4 1 0 0 2 4 5 4 2 359 357 356 354 351 345 341 341 346 352 357 1 0 356 357 5 17 25 26 21 16 12 10 12 15 16 11 1 351 345 344 346 350 352 353 356 359 2 6 11 13 11 6 2 359 357 357 357 358 357 357 356 356 355 353 352 351 348 344 337 331 330 336 347 356 4 12 18 21 22 18 13 10 6
343 345 350 352 356 2 5 6 7 10 13 11 7 3 1 360 0 2 5 7 7 4 1 358 356 355 350 343 339 339 344 349 355 3 5 2 0 8 21 29 28 22 17 12 8 9 11 10 4 355 348 346 347 352 355 356 355 355 357 359 2 8 11 9 4 360 359 358 358 359 359 359 359 359 359 359 359 359 359 358 355 348 339 333 333 341 352 2 13 21 24 23 17 11 7 4
341 345 351 354 356 0 5 7 8 8 8 6 5 3 2 1 1 3 6 8 8 7 4 0 357 354 349 343 339 338 340 344 351 1 7 7 7 13 20 24 21 16 12 9 6 4 3 1 357 354 351 350 353 357 360 359 357 356 357 358 359 4 8 7 4 360 359 359 359 359 359 360 360 0 1 3 4 5 4 4 3 359 353 345 339 340 347 0 14 24 25 22 17 13 11 8
341 344 351 354 356 359 3 7 8 6 3 1 3 4 5 4 4 5 7 10 10 9 7 2 357 352 348 344 341 338 338 339 345 355 5 10 12 14 15 15 13 11 8 6 2 358 355 355 355 356 357 357 359 1 2 2 360 359 359 360 360 2 6 7 5 1 359 357 354 352 353 356 358 360 2 4 7 8 7 6 6 4 1 357 352 347 348 359 15 23 22 20 18 16 14 11
