project/data/elevation/US_DEM2016/US_DEM2016_point_10-31-2019_0753_30m_vel.asc
ncols	125
nrows	167
xllcorner	-2042055.000000
yllcorner	1465035.000000
cellsize	30.000000
NODATA_value	-9999.000000
[rows 0 to 37 of 167, columns 0 to 83 of 125]
6.41 5.62 4.75 5.20 6.52 8.18 9.71 10.73 11.08 11.21 11.47 12.10 12.56 12.11 11.47 11.20 10.99 10.79 10.50 10.30 10.14 10.13 10.31 10.60 10.81 10.71 10.35 9.41 8.17 6.90 5.77 4.85 4.17 3.63 3.23 3.15 3.59 4.47 5.44 6.08 6.44 6.69 6.88 6.92 6.61 6.07 5.57 5.63 6.17 6.86 7.44 8.06 8.63 9.28 9.62 9.79 9.61 8.75 7.93 7.39 7.14 7.21 7.57 8.22 8.66 8.79 8.59 7.90 6.73 5.95 5.68 5.83 6.21 6.65 7.00 7.20 7.39 7.87 8.53 8.97 9.32 9.54 9.11 8.66
6.41 5.62 4.75 5.20 6.52 8.18 9.71 10.73 11.08 11.21 11.47 12.10 12.56 12.11 11.47 11.20 10.99 10.79 10.50 10.30 10.14 10.13 10.31 10.60 10.81 10.71 10.35 9.41 8.17 6.90 5.77 4.85 4.17 3.63 3.23 3.15 3.59 4.47 5.44 6.08 6.44 6.69 6.88 6.92 6.61 6.07 5.57 5.63 6.17 6.86 7.44 8.06 8.63 9.28 9.62 9.79 9.61 8.75 7.93 7.39 7.14 7.21 7.57 8.22 8.66 8.79 8.59 7.90 6.73 5.95 5.68 5.83 6.21 6.65 7.00 7.20 7.39 7.87 8.53 8.97 9.32 9.54 9.11 8.66
6.53 5.77 4.96 5.28 6.20 7.47 8.72 9.62 10.12 10.37 10.70 11.25 11.51 11.30 10.86 10.70 10.66 10.63 10.39 9.99 9.82 9.79 9.90 10.08 10.18 10.04 9.48 8.54 7.52 6.53 5.69 4.95 4.36 3.90 3.54 3.40 3.61 4.12 4.78 5.39 5.76 6.03 6.26 6.52 6.70 6.69 6.56 6.50 6.76 7.13 7.52 7.92 8.35 8.72 8.96 9.16 9.26 9.04 8.47 7.73 7.16 6.90 7.11 7.52 7.83 8.02 8.12 8.01 7.65 7.04 6.63 6.48 6.48 6.54 6.60 6.71 6.93 7.34 7.76 8.10 8.35 8.59 8.66 8.63
7.22 6.37 5.57 5.68 6.11 6.67 7.27 7.67 7.91 8.31 8.94 9.33 9.39 9.27 9.28 9.36 9.47 9.72 9.68 9.44 9.35 9.27 9.16 9.00 8.86 8.61 8.09 7.46 6.83 6.32 5.87 5.43 5.08 4.88 4.67 4.41 4.18 4.08 4.15 4.49 5.14 5.71 6.14 6.58 7.08 7.52 7.79 7.78 7.67 7.58 7.62 7.64 7.70 7.64 7.61 7.56 7.76 8.19 8.40 8.27 7.80 7.24 6.85 6.62 6.39 6.40 6.79 7.40 7.82 7.93 7.77 7.39 6.90 6.42 6.09 6.01 6.16 6.36 6.39 6.34 6.62 7.22 7.87 8.38
7.74 6.93 6.21 6.18 6.28 6.43 6.49 6.49 6.40 6.57 7.07 7.51 7.65 7.62 7.75 7.94 8.06 8.29 8.71 9.09 9.24 8.95 8.54 8.06 7.63 7.40 7.31 7.13 6.92 6.75 6.59 6.43 6.35 6.28 6.11 5.76 5.32 4.93 4.64 4.72 5.33 6.06 6.73 7.28 7.55 7.80 8.05 8.22 8.17 7.96 7.78 7.58 7.30 6.93 6.55 5.90 5.60 5.86 6.64 7.49 7.84 7.68 7.16 6.38 5.74 5.33 5.28 5.61 6.17 6.62 6.79 6.69 6.41 6.03 5.72 5.59 5.59 5.59 5.50 5.41 5.73 6.47 7.20 7.58
7.79 7.15 6.59 6.58 6.48 6.35 6.14 5.76 5.52 5.49 5.69 6.14 6.52 6.72 7.12 7.52 7.72 7.73 8.13 8.68 8.82 8.40 7.84 7.22 6.78 6.79 6.99 7.13 7.23 7.33 7.43 7.49 7.45 7.24 6.96 6.61 6.24 5.87 5.52 5.29 5.34 5.65 6.26 7.00 7.44 7.66 7.85 8.08 8.13 8.02 7.87 7.72 7.48 6.82 5.99 5.23 4.89 4.94 5.32 5.90 6.55 6.88 6.70 6.03 5.36 4.87 4.57 4.46 4.52 4.71 4.94 5.10 5.18 5.19 5.15 5.10 5.08 5.08 5.10 5.19 5.46 5.93 6.32 6.34
7.81 7.42 7.03 7.05 6.83 6.42 5.88 5.21 4.79 4.71 4.79 5.11 5.60 6.22 6.92 7.49 7.94 7.96 7.81 7.77 7.73 7.49 7.12 6.73 6.60 6.72 6.92 7.06 7.23 7.53 7.84 8.02 7.91 7.71 7.49 7.29 7.10 6.84 6.42 5.87 5.43 5.29 5.48 5.96 6.47 6.68 6.82 6.99 7.27 7.43 7.60 7.76 7.68 7.43 6.94 6.38 6.22 6.14 5.97 5.77 5.64 5.66 5.63 5.38 4.97 4.57 4.29 4.14 4.11 4.16 4.28 4.41 4.53 4.62 4.65 4.61 4.55 4.56 4.72 4.99 5.28 5.52 5.55 5.27
7.76 7.68 7.71 7.63 7.35 6.59 5.72 4.90 4.50 4.51 4.49 4.49 4.97 5.79 6.48 6.95 7.52 7.69 7.26 6.74 6.49 6.47 6.53 6.61 6.68 6.81 6.98 7.04 7.11 7.39 7.80 8.11 8.22 8.33 8.49 8.71 8.74 8.46 7.93 7.19 6.35 5.62 5.26 5.11 5.12 5.33 5.47 5.65 6.13 6.81 7.29 7.67 7.94 8.28 8.42 8.32 7.92 7.47 6.91 6.25 5.59 5.15 5.03 4.98 4.82 4.51 4.23 4.17 4.27 4.37 4.42 4.44 4.45 4.47 4.49 4.47 4.41 4.42 4.60 4.82 4.98 5.07 4.97 4.68
7.89 8.06 8.42 8.28 7.82 7.04 6.08 5.37 5.09 4.93 4.73 4.62 4.91 5.49 5.87 6.08 6.50 6.81 6.58 6.12 5.84 5.79 5.92 6.21 6.44 6.67 7.02 7.32 7.41 7.46 7.80 8.28 8.79 9.43 10.13 10.62 10.72 10.43 9.92 9.20 8.21 7.07 6.04 5.35 5.04 5.10 5.50 5.88 6.43 6.92 7.17 7.20 7.32 7.70 8.11 8.22 7.88 7.27 6.59 5.99 5.49 5.15 5.00 5.03 5.05 4.91 4.66 4.58 4.59 4.60 4.59 4.58 4.60 4.72 4.92 5.10 5.21 5.33 5.39 5.31 5.11 4.89 4.73 4.69
7.89 8.37 8.89 8.73 8.23 7.64 6.84 6.41 6.33 6.24 5.83 5.44 5.40 5.48 5.42 5.37 5.62 6.05 6.24 6.11 5.89 5.60 5.52 5.77 6.14 6.46 6.87 7.33 7.68 7.90 8.28 8.83 9.52 10.22 10.73 10.97 11.00 10.93 10.82 10.57 10.03 9.14 8.03 6.94 6.14 6.06 6.32 6.77 7.17 7.26 7.05 6.38 5.84 5.39 5.65 6.15 6.33 6.09 5.74 5.45 5.22 5.05 4.97 5.11 5.50 5.70 5.66 5.50 5.16 4.84 4.81 4.97 5.23 5.63 6.06 6.42 6.72 6.96 6.99 6.75 6.31 5.92 5.66 5.53
7.90 8.24 8.93 9.05 8.73 8.40 8.10 8.09 8.16 8.00 7.54 6.92 6.29 5.74 5.27 4.90 5.06 5.75 6.37 6.58 6.42 6.07 5.84 5.95 6.25 6.53 6.75 7.10 7.75 8.48 9.03 9.44 9.72 9.76 9.51 9.14 9.17 9.64 10.16 10.52 10.61 10.28 9.57 8.51 7.47 6.89 6.74 7.02 7.31 7.25 6.74 5.94 5.10 4.44 4.24 4.45 4.86 5.13 5.22 5.20 5.12 5.02 5.03 5.30 5.91 6.53 6.77 6.50 5.95 5.37 5.33 5.75 6.29 6.80 7.31 7.76 8.13 8.27 8.16 7.86 7.53 7.25 6.97 6.63
7.45 7.54 8.29 9.11 9.50 9.65 9.80 9.96 10.04 9.69 9.11 8.43 7.60 6.54 5.59 5.11 5.17 5.83 6.59 6.97 6.93 6.70 6.49 6.44 6.59 6.87 7.15 7.55 8.21 8.86 9.11 9.08 8.73 8.12 7.36 6.90 7.08 7.72 8.40 8.99 9.52 9.92 9.96 9.52 8.67 7.73 7.21 7.14 7.08 6.82 6.17 5.75 5.34 4.75 4.23 4.01 4.23 4.69 5.05 5.24 5.29 5.36 5.56 5.90 6.43 6.96 7.28 7.21 6.79 6.39 6.24 6.60 7.04 7.57 8.03 8.32 8.32 8.05 7.46 6.93 6.57 6.38 6.32 6.28
6.79 6.57 7.00 8.34 9.46 10.14 10.47 10.56 10.57 10.32 9.88 9.36 8.73 7.71 6.66 6.07 5.93 6.12 6.46 6.72 6.81 6.78 6.68 6.62 6.76 7.09 7.48 7.84 8.05 8.04 7.78 7.23 6.46 5.70 5.36 5.51 5.86 6.10 6.26 6.72 7.42 8.22 9.00 9.45 9.31 8.57 7.76 7.32 6.77 5.95 5.31 5.10 4.81 4.42 4.07 3.97 4.19 4.66 5.18 5.57 5.80 6.01 6.29 6.58 6.79 6.96 7.22 7.54 7.61 7.44 7.33 7.43 7.77 8.12 8.16 7.78 7.01 6.06 5.27 4.68 4.27 4.15 4.37 4.77
7.01 6.72 6.63 7.13 8.04 8.85 9.22 9.27 9.15 9.09 9.13 9.12 9.00 8.60 7.96 7.23 6.71 6.38 6.16 6.00 6.06 6.25 6.33 6.36 6.47 6.62 6.75 6.67 6.27 5.74 5.20 4.55 3.99 3.72 3.87 4.29 4.46 4.38 4.42 4.76 5.26 5.95 6.82 7.75 8.44 8.47 8.00 7.42 6.76 5.78 4.97 4.34 3.99 3.91 3.97 4.18 4.52 4.96 5.51 6.11 6.54 6.76 6.88 7.01 7.11 7.21 7.48 7.94 8.24 8.22 8.13 8.21 8.33 8.11 7.36 6.17 5.02 4.39 4.17 4.06 3.96 3.94 4.11 4.30
7.48 7.56 7.14 6.59 6.22 6.34 6.48 6.36 6.14 6.31 6.78 7.34 7.76 8.10 8.19 7.87 7.27 6.64 6.04 5.51 5.34 5.61 5.85 5.88 5.74 5.49 5.15 4.70 4.17 3.71 3.41 3.33 3.44 3.58 3.62 3.51 3.36 3.45 3.66 3.81 3.96 4.23 4.70 5.50 6.60 7.75 7.96 7.70 7.14 6.36 5.34 4.51 4.19 4.30 4.59 4.89 5.11 5.38 5.83 6.52 7.20 7.53 7.67 7.78 7.93 8.16 8.40 8.66 8.87 8.85 8.72 8.64 8.20 7.14 5.89 4.94 4.53 4.44 4.59 4.85 5.06 5.23 5.29 5.27
7.45 7.48 7.11 6.28 5.02 4.17 3.72 3.47 3.44 3.59 4.00 4.51 5.23 6.07 6.96 7.48 7.42 6.88 6.15 5.52 5.29 5.47 5.67 5.57 5.19 4.69 4.23 3.97 3.83 3.62 3.51 3.73 4.24 4.61 4.57 4.34 4.12 4.12 4.30 4.45 4.46 4.50 4.75 5.45 6.50 7.74 8.20 8.07 7.48 6.61 5.84 5.39 5.23 5.42 5.67 5.83 5.85 5.92 6.31 7.07 7.86 8.52 8.89 9.03 9.17 9.43 9.66 9.83 9.96 9.90 9.53 8.79 7.53 6.32 5.66 5.46 5.46 5.43 5.48 5.71 6.07 6.32 6.39 6.57
6.91 6.55 6.11 5.62 4.46 3.41 2.83 2.71 2.80 3.11 3.47 3.78 4.24 4.98 5.81 6.62 7.05 6.94 6.49 6.07 5.89 5.85 5.78 5.57 5.23 4.89 4.67 4.69 4.79 4.77 4.57 4.46 4.76 5.37 5.77 5.90 5.80 5.61 5.55 5.72 5.98 6.31 6.69 7.33 8.09 8.58 8.58 8.37 7.87 7.17 6.55 6.28 6.27 6.42 6.64 6.83 6.81 6.91 7.36 8.11 9.00 9.76 10.24 10.41 10.36 10.36 10.51 10.75 11.00 10.85 10.23 9.16 7.62 6.91 6.91 7.08 7.07 6.84 6.69 6.78 7.01 7.26 7.56 7.95
6.92 6.43 5.79 5.25 4.72 4.19 3.95 4.11 4.50 5.03 5.47 5.70 5.91 6.07 6.15 6.23 6.54 6.80 6.79 6.66 6.49 6.23 5.94 5.73 5.58 5.50 5.51 5.57 5.73 5.92 5.87 5.51 5.40 5.82 6.46 6.98 7.17 7.09 6.90 7.03 7.56 8.06 8.53 8.88 8.97 8.64 8.25 8.13 8.03 7.76 7.29 6.97 6.96 7.18 7.45 7.65 7.83 7.98 8.54 9.34 10.04 10.45 10.67 10.78 10.68 10.47 10.35 10.41 10.72 10.87 10.74 10.40 9.52 9.12 9.29 9.53 9.54 9.23 8.98 8.77 8.60 8.57 8.83 9.09
7.25 6.98 6.31 5.68 5.49 5.68 6.07 6.58 7.21 7.77 8.18 8.40 8.32 7.84 7.13 6.57 6.47 6.71 6.90 6.91 6.78 6.54 6.27 6.10 6.06 6.08 6.10 6.15 6.34 6.72 7.04 7.06 6.93 6.92 7.24 7.84 8.40 8.58 8.60 8.73 9.02 9.29 9.33 9.02 8.28 7.31 6.70 6.91 7.53 7.79 7.85 7.71 7.76 7.97 8.15 8.19 8.37 8.76 9.41 9.92 10.08 9.93 9.74 9.75 9.86 9.90 9.80 9.59 9.55 9.94 10.75 11.35 11.78 11.83 11.91 12.28 12.55 12.51 12.27 11.76 11.13 10.43 10.01 9.66
7.13 6.76 6.16 5.80 6.17 6.91 7.87 8.77 9.46 9.79 9.88 9.79 9.50 8.85 8.08 7.40 7.02 6.94 7.01 7.04 7.00 6.95 6.87 6.81 6.70 6.62 6.63 6.72 6.89 7.27 7.87 8.45 8.85 9.07 9.21 9.47 9.71 9.78 9.89 9.99 9.90 9.55 8.90 7.96 6.81 5.76 5.33 5.71 6.82 7.65 8.19 8.45 8.60 8.62 8.57 8.46 8.72 9.25 9.55 9.57 9.11 8.49 8.02 7.95 8.28 8.72 8.95 8.85 8.57 8.70 9.69 10.91 11.86 12.34 12.71 13.31 13.74 13.86 13.67 13.38 12.81 11.99 10.91 9.83
6.69 6.25 5.79 6.00 6.95 8.19 9.21 9.89 10.25 10.20 9.92 9.63 9.36 9.00 8.63 8.15 7.65 7.30 7.21 7.26 7.35 7.50 7.71 7.83 7.77 7.58 7.60 7.70 7.83 8.14 8.80 9.65 10.34 10.79 10.95 10.78 10.47 10.23 10.12 9.93 9.40 8.50 7.43 6.36 5.57 5.18 5.18 5.78 6.89 7.91 8.80 9.41 9.62 9.43 9.13 9.02 9.20 9.26 9.14 8.55 7.69 6.85 6.19 5.84 6.12 6.50 6.86 7.04 7.02 7.14 7.64 8.64 9.73 10.51 11.14 11.73 12.14 12.29 12.42 12.53 12.56 12.16 11.39 10.11
7.33 6.92 6.78 7.50 8.58 9.46 9.86 9.92 9.75 9.26 8.85 8.59 8.41 8.40 8.40 8.22 7.87 7.53 7.46 7.65 8.01 8.47 8.91 9.19 9.28 9.19 9.14 9.21 9.36 9.65 10.18 10.68 10.97 10.98 10.74 10.31 9.90 9.47 9.09 8.47 7.62 6.68 5.81 5.20 5.07 5.36 5.94 6.81 7.61 8.56 9.40 9.88 10.11 10.22 9.95 9.66 9.39 8.96 8.30 7.23 6.17 5.23 4.29 3.78 3.73 3.76 3.83 4.17 4.64 4.94 5.55 6.11 6.68 7.16 7.62 8.15 8.22 8.44 8.86 9.33 10.40 11.32 11.48 10.92
8.13 8.42 9.13 9.68 9.98 10.05 9.68 9.14 8.55 8.12 7.88 7.67 7.51 7.54 7.65 7.74 7.69 7.61 7.73 8.09 8.66 9.26 9.76 10.16 10.32 10.41 10.47 10.58 10.78 11.01 11.09 10.86 10.34 9.65 8.89 8.35 8.24 7.90 7.28 6.45 5.62 5.15 4.93 5.04 5.44 5.98 6.70 7.45 8.23 9.01 9.42 9.69 9.92 10.18 10.22 9.88 9.22 8.36 7.26 6.10 5.01 3.88 3.00 2.56 2.36 2.24 2.27 2.54 3.07 3.70 4.21 4.60 4.80 4.90 4.94 5.20 5.52 6.03 6.58 7.17 8.19 9.67 10.81 11.04
8.36 9.14 10.18 10.40 10.21 9.74 8.96 8.33 7.67 7.42 7.32 7.11 6.97 6.93 7.02 7.25 7.44 7.62 7.85 8.03 8.26 8.56 8.98 9.56 10.00 10.36 10.68 10.93 11.05 10.97 10.50 9.59 8.42 7.51 6.93 6.66 6.44 5.95 5.32 4.89 4.63 4.63 4.92 5.55 6.13 6.66 7.27 7.86 8.49 8.82 8.78 8.71 8.87 9.23 9.51 9.42 8.87 7.98 6.83 5.78 4.79 3.80 3.07 2.66 2.48 2.47 2.65 3.06 3.51 3.73 3.84 3.90 3.87 3.80 3.73 3.91 4.51 5.26 5.73 6.05 6.73 7.82 9.24 10.11
8.33 8.93 9.72 9.88 9.56 8.86 8.17 7.66 7.26 7.02 6.85 6.62 6.53 6.51 6.64 6.94 7.29 7.54 7.63 7.47 7.22 7.09 7.29 7.86 8.72 9.43 9.96 10.18 10.04 9.50 8.59 7.40 6.25 5.59 5.32 5.11 4.66 4.26 4.14 4.30 4.63 5.11 5.73 6.27 6.89 7.54 7.96 8.35 8.49 8.31 8.04 7.94 8.02 8.23 8.51 8.70 8.59 8.12 7.21 6.21 5.39 4.78 4.37 4.16 4.05 4.04 4.30 4.51 4.38 4.05 3.76 3.65 3.46 3.18 3.09 3.39 3.96 4.43 4.67 4.94 5.42 6.07 7.34 8.82
8.34 8.24 8.45 8.82 8.79 8.35 7.73 7.11 6.78 6.55 6.32 6.16 6.07 6.11 6.37 6.78 7.24 7.48 7.49 7.31 7.11 7.06 7.29 7.80 8.50 8.98 9.08 8.86 8.33 7.55 6.58 5.71 4.93 4.43 4.15 3.98 3.88 3.93 4.13 4.54 5.23 6.03 6.55 7.09 7.74 8.33 8.69 8.74 8.38 7.85 7.44 7.27 7.27 7.46 7.85 8.20 8.48 8.48 8.04 7.24 6.59 6.21 6.02 5.95 5.91 5.95 5.97 5.62 4.96 4.51 4.30 3.90 3.38 3.02 3.00 3.23 3.42 3.46 3.60 4.00 4.41 4.87 5.83 7.51
8.38 7.96 7.62 7.93 8.32 8.41 8.12 7.43 6.91 6.63 6.37 6.24 6.18 6.24 6.50 6.89 7.34 7.69 7.89 7.98 8.15 8.48 8.90 9.20 9.17 8.77 8.11 7.37 6.64 5.99 5.35 4.86 4.56 4.40 4.25 4.15 4.32 4.70 5.00 5.26 5.82 6.46 7.09 7.80 8.45 8.97 9.13 8.89 8.30 7.54 6.82 6.39 6.43 6.82 7.38 7.94 8.37 8.72 8.82 8.60 8.27 8.07 8.02 8.02 7.97 7.74 7.29 6.73 6.20 5.92 5.46 4.73 3.86 3.48 3.43 3.35 3.22 3.19 3.34 3.62 3.92 4.28 4.94 6.16
8.41 7.90 7.28 7.36 7.82 8.36 8.64 8.40 7.93 7.65 7.47 7.24 7.20 7.23 7.32 7.40 7.61 7.97 8.40 8.78 9.15 9.46 9.55 9.30 8.66 7.74 6.79 5.96 5.28 4.91 4.82 4.79 4.84 5.09 5.27 5.28 5.31 5.61 5.98 6.12 6.31 6.71 7.43 8.22 8.88 9.25 9.21 8.84 8.28 7.48 6.50 5.93 6.03 6.53 7.08 7.56 8.00 8.65 9.17 9.45 9.71 10.00 10.37 10.64 10.42 9.86 9.06 8.39 8.11 7.69 6.71 5.56 4.85 4.65 4.43 3.94 3.62 3.65 3.79 3.88 3.95 4.10 4.48 5.11
8.13 7.48 6.72 6.67 7.01 7.84 8.54 8.85 8.66 8.42 8.26 8.04 8.01 8.08 8.11 7.98 7.85 7.97 8.38 8.81 9.03 8.93 8.41 7.58 6.73 5.97 5.35 4.86 4.56 4.57 4.84 5.35 5.76 5.99 6.23 6.42 6.45 6.54 6.85 6.94 6.96 7.18 7.84 8.47 8.97 9.07 8.80 8.49 8.25 7.86 7.12 6.39 6.24 6.50 6.72 7.06 7.70 8.54 9.17 9.73 10.27 10.84 11.42 11.81 12.06 11.81 11.15 10.51 9.86 9.05 8.00 6.93 6.41 6.11 5.67 5.16 4.96 5.02 4.96 4.69 4.39 4.22 4.21 4.39
7.84 7.38 6.70 6.43 6.56 7.07 7.91 8.61 8.78 8.51 8.09 7.72 7.64 7.74 7.88 7.87 7.70 7.68 7.88 7.99 7.77 7.16 6.30 5.45 4.79 4.31 4.06 4.10 4.31 4.72 5.48 6.28 6.73 6.96 7.09 7.27 7.45 7.54 7.57 7.63 7.71 7.90 8.18 8.51 8.55 8.25 7.81 7.75 8.11 8.36 8.19 7.68 7.04 6.88 6.89 7.21 7.86 8.64 9.09 9.55 9.90 10.45 10.96 11.30 11.83 12.12 12.05 11.91 11.46 10.81 10.28 9.73 9.04 8.07 7.16 6.78 6.82 6.88 6.49 5.78 4.98 4.33 3.89 3.88
8.12 7.95 7.41 6.92 6.79 6.86 7.38 8.17 8.70 8.69 8.18 7.63 7.31 7.18 7.19 7.21 7.27 7.36 7.34 6.87 6.03 5.09 4.31 3.74 3.30 3.02 2.98 3.25 3.89 4.93 6.02 6.71 7.21 7.55 7.77 7.92 8.03 8.02 7.95 7.96 8.15 8.26 8.39 8.30 7.88 7.15 6.85 7.03 7.60 8.40 8.71 8.56 8.12 7.71 7.60 7.73 7.99 8.43 8.76 9.01 9.03 8.96 8.73 8.91 9.66 10.66 11.42 12.02 12.43 12.48 12.52 12.32 11.63 10.59 9.46 8.93 8.68 8.25 7.42 6.19 5.12 4.35 3.84 3.59
8.27 7.95 7.50 7.18 7.03 6.99 7.15 7.75 8.53 9.01 8.97 8.48 7.98 7.51 7.18 6.98 7.02 7.06 6.65 5.72 4.65 3.86 3.36 3.03 2.79 2.69 2.72 2.84 3.34 4.26 5.23 5.87 6.43 6.96 7.41 7.73 7.76 7.78 7.78 7.89 8.07 8.27 8.40 8.20 7.77 7.09 6.70 6.73 7.06 7.67 8.41 8.67 8.68 8.36 8.08 7.80 7.70 7.77 8.01 8.01 7.87 7.47 7.04 7.03 7.50 8.43 9.66 10.79 11.69 12.26 12.70 12.97 12.73 12.24 11.64 10.93 9.93 8.66 7.29 6.05 5.23 4.67 4.12 3.55
7.64 6.93 6.27 6.37 6.61 6.73 6.75 7.07 7.90 8.74 9.17 8.99 8.49 7.96 7.54 7.17 6.98 6.64 5.92 5.04 4.42 4.11 3.66 3.52 3.35 3.39 3.52 3.50 3.47 3.60 3.85 4.24 4.71 5.25 5.82 6.31 6.68 6.96 7.26 7.59 7.73 7.89 7.93 7.74 7.48 7.06 6.57 6.42 6.53 6.86 7.46 8.19 8.47 8.39 8.01 7.43 7.14 7.00 7.13 7.05 6.75 6.21 5.89 6.11 6.65 7.24 7.94 8.70 9.45 10.06 10.60 11.18 11.72 11.98 12.00 11.74 10.55 8.72 7.28 6.48 5.93 5.21 4.39 3.88
6.59 5.90 5.26 5.43 5.69 5.72 5.64 5.91 6.58 7.59 8.42 8.71 8.45 7.98 7.63 7.25 6.85 6.33 5.77 5.72 5.17 5.18 5.10 4.95 4.83 4.91 4.95 4.85 4.53 4.18 4.05 4.01 4.04 4.17 4.48 5.04 5.78 6.28 6.76 7.18 7.27 7.22 6.87 6.26 5.61 5.33 5.29 5.36 5.54 6.05 6.64 7.32 7.83 7.87 7.47 6.96 6.67 6.64 6.62 6.48 6.05 5.40 5.34 5.64 6.17 6.60 6.85 7.04 7.31 7.69 7.78 8.27 9.21 10.16 10.91 11.41 11.08 9.81 8.36 7.45 6.53 5.58 4.88 4.61
6.47 6.14 5.87 5.80 5.46 5.15 5.04 5.09 5.42 6.21 7.25 8.07 8.32 8.03 7.61 7.17 6.74 6.37 6.54 6.19 6.47 6.62 6.72 6.69 6.61 6.55 6.50 6.24 5.89 5.55 5.31 5.08 4.77 4.48 4.46 4.85 5.47 5.95 6.43 6.81 6.85 6.55 5.77 4.55 3.85 3.78 4.07 4.49 5.04 5.59 6.11 6.63 7.06 7.25 6.99 6.80 6.71 6.74 6.61 6.46 6.11 5.68 5.65 5.66 5.73 5.66 5.66 5.86 6.17 6.43 6.53 6.71 7.30 8.19 8.96 10.10 11.01 10.94 9.94 8.49 7.06 6.29 6.06 6.08
7.25 7.32 7.47 7.30 6.80 6.02 5.47 5.15 5.00 5.20 5.90 6.97 7.78 7.99 7.65 7.10 6.74 6.63 6.80 7.19 7.62 8.00 8.30 8.45 8.45 8.25 7.91 7.48 6.95 6.40 6.02 5.82 5.69 5.49 5.25 5.24 5.62 6.07 6.56 6.86 6.78 6.24 5.36 4.41 4.07 4.29 4.79 5.38 5.80 6.02 6.08 6.22 6.55 6.91 6.92 6.89 6.82 6.88 6.77 6.78 6.66 6.41 6.11 5.54 5.06 4.76 4.71 5.00 5.46 5.87 6.11 6.33 6.54 7.01 7.62 8.62 10.05 11.01 11.07 10.32 9.09 8.52 8.38 8.25
7.79 8.12 8.43 8.24 7.81 7.09 6.33 5.64 5.12 4.77 4.85 5.53 6.63 7.39 7.50 7.06 6.76 6.85 7.27 7.97 8.52 9.07 9.54 9.87 9.90 9.69 9.32 8.79 8.06 7.18 6.42 6.04 6.05 6.31 6.52 6.49 6.52 6.82 7.25 7.48 7.46 7.05 6.29 5.80 5.86 6.31 6.88 7.20 7.20 6.71 6.32 6.11 6.36 6.75 6.94 6.95 6.86 6.93 6.93 7.13 7.13 6.89 6.38 5.50 4.70 4.25 4.25 4.57 4.99 5.35 5.69 5.97 6.19 6.38 6.88 7.52 8.62 10.10 11.21 11.90 11.98 11.56 10.91 10.31
7.89 8.18 8.30 8.00 7.57 7.03 6.51 5.91 5.26 4.67 4.44 4.66 5.36 6.35 6.93 6.91 6.70 6.77 7.29 7.99 8.57 9.06 9.49 9.85 9.99 9.98 9.89 9.68 9.17 8.34 7.33 6.53 6.30 6.61 7.00 7.29 7.51 7.74 7.96 8.32 8.73 8.81 8.71 8.28 8.10 8.33 8.52 8.24 7.73 7.06 6.47 6.21 6.21 6.61 6.91 6.96 6.91 7.07 7.13 7.31 7.35 7.23 6.86 6.08 5.18 4.59 4.41 4.51 4.73 4.99 5.25 5.45 5.69 5.96 6.31 6.75 7.54 8.72 10.29 11.66 12.60 12.63 12.01 11.16
