project/data/elevation/US_DEM2016/US_DEM2016_point_10-31-2019_0450_30m_ang.asc
ncols	125
nrows	167
xllcorner	-2042055.000000
yllcorner	1465035.000000
cellsize	30.000000
NODATA_value	-9999.000000
[rows 86 to 128 of 167, columns 0 to 95 of 125]
345 348 350 347 342 338 335 331 327 324 324 325 327 331 336 341 348 356 357 348 343 340 338 335 334 333 333 336 340 344 347 349 350 349 348 348 347 345 346 350 349 345 342 340 334 329 328 332 339 345 348 350 352 353 354 352 360 344 347 341 340 338 333 328 327 330 335 336 335 334 332 330 332 334 334 329 321 315 313 314 320 329 333 330 333 346 1 8 10 8 5 4 5 2 359 358
344 346 347 344 340 336 333 330 326 324 324 327 330 334 341 349 357 357 351 346 341 337 335 332 331 330 331 333 337 341 343 348 352 352 351 350 345 346 349 352 348 344 341 338 331 323 322 326 335 343 347 351 354 356 356 354 349 345 343 342 340 337 332 328 326 329 335 337 336 335 332 330 333 340 344 343 339 334 329 325 324 327 328 327 328 338 352 2 5 5 4 6 7 3 359 356
342 345 345 342 339 336 332 328 326 325 326 329 333 340 350 4 355 350 348 346 342 337 333 330 328 327 328 331 335 338 339 343 349 353 355 356 354 351 352 352 349 345 342 337 328 319 317 320 328 334 339 344 349 353 355 355 351 346 344 343 340 337 332 328 326 329 335 340 338 334 331 328 331 339 347 350 349 347 345 342 340 339 338 336 337 342 349 354 357 359 2 6 5 2 358 353
341 343 344 342 339 335 331 328 327 327 329 332 337 347 355 352 346 344 344 343 341 337 332 329 327 325 324 326 331 335 338 340 345 351 358 1 360 357 355 353 350 347 344 338 328 319 315 317 322 325 328 333 337 342 347 351 351 347 343 342 340 337 333 327 324 327 335 341 338 334 329 325 327 334 344 349 351 351 351 351 350 348 346 346 349 352 351 351 353 357 1 3 2 359 354 348
340 342 343 342 339 334 329 327 327 329 333 338 345 353 6 341 336 335 336 337 337 335 332 329 326 322 320 321 324 330 334 337 341 347 357 4 4 1 358 354 349 347 345 340 331 323 321 323 327 328 330 333 336 340 344 350 351 346 342 341 339 337 333 326 322 324 333 340 337 333 327 322 322 327 337 343 346 348 351 354 353 352 351 353 357 358 356 353 355 359 1 359 357 354 349 344
339 340 341 340 337 332 328 327 328 332 339 350 358 356 344 331 326 326 326 327 328 329 330 330 327 323 320 318 319 321 326 331 335 341 352 4 8 5 359 353 348 347 345 341 334 329 328 331 335 337 337 338 340 343 347 352 352 347 342 340 339 338 333 325 320 322 331 337 336 332 326 319 317 321 329 334 336 340 346 350 351 351 352 355 359 1 360 359 360 2 1 356 352 348 345 343
339 339 338 337 333 329 327 328 332 339 350 0 360 353 344 335 329 325 323 322 322 324 328 330 329 326 323 322 322 323 326 330 333 337 348 3 10 6 358 352 348 346 344 340 335 332 332 335 338 340 341 342 343 346 350 354 354 349 344 342 341 339 332 323 318 320 329 336 336 333 326 319 316 319 326 328 327 330 337 341 343 345 349 353 358 1 1 3 4 4 1 355 349 345 343 346
338 337 336 334 331 328 328 330 337 348 357 358 354 349 345 340 336 332 329 327 327 329 331 332 330 328 326 327 330 332 335 337 339 342 350 3 8 4 357 350 347 345 342 338 335 333 333 335 338 340 343 345 347 348 351 354 356 353 348 346 344 341 333 323 319 321 329 337 340 336 328 320 318 321 325 323 317 317 322 326 329 334 341 347 352 355 358 2 3 2 360 355 349 345 346 348
337 337 335 331 329 328 328 332 342 353 354 351 349 346 343 341 339 338 337 335 335 336 337 336 333 328 326 328 332 336 338 340 343 347 356 4 3 359 353 348 345 343 340 337 334 332 331 333 337 340 343 347 351 353 354 356 359 357 353 351 348 343 335 325 321 323 330 339 343 339 331 324 321 323 326 320 309 303 303 307 309 315 326 338 343 346 350 354 357 358 358 355 350 347 347 345
336 337 336 333 332 332 335 338 345 349 348 347 346 343 341 340 339 339 339 339 340 341 341 340 335 327 324 325 328 332 335 337 340 347 357 2 358 353 349 346 344 341 339 336 333 330 328 330 335 340 344 348 352 355 358 1 3 0 355 352 349 344 335 327 323 324 330 339 343 340 334 329 328 331 331 324 315 308 303 303 303 304 312 326 334 340 345 349 351 354 355 353 350 348 346 342
335 337 339 339 340 342 346 347 347 347 346 345 344 341 339 338 338 338 339 341 343 345 344 340 334 328 324 325 328 329 331 333 337 345 354 358 354 349 346 344 342 341 339 336 332 327 324 325 330 337 343 347 351 355 0 5 7 3 357 352 348 342 334 327 325 326 331 338 341 339 335 334 337 342 341 334 328 323 317 314 314 314 317 323 331 339 345 348 349 351 352 351 348 347 345 341
335 338 342 344 345 347 350 350 349 347 346 344 341 339 337 337 336 337 340 343 346 348 343 337 332 327 327 331 334 336 337 339 341 346 352 354 351 347 344 343 343 343 341 336 331 326 321 321 325 331 336 340 346 353 360 6 7 3 357 353 347 340 332 326 324 326 331 337 339 337 335 338 344 348 348 343 339 333 327 325 327 327 327 328 333 341 348 349 349 350 351 349 347 346 344 340
336 340 344 346 345 347 349 349 348 347 346 344 340 337 336 336 336 339 343 348 351 348 340 334 328 325 328 334 338 341 342 345 347 350 353 353 349 345 344 344 345 345 341 337 332 326 322 321 325 330 331 332 337 345 354 2 5 1 357 352 346 339 331 326 324 324 328 334 337 336 336 339 345 348 350 349 347 341 336 334 336 337 335 334 338 346 350 350 348 350 350 348 345 344 341 337
338 342 345 344 344 345 346 347 346 346 345 342 338 335 335 336 338 343 349 353 351 344 338 333 327 323 325 331 337 340 343 347 350 353 355 354 349 345 345 347 349 346 341 337 333 328 324 326 332 338 338 337 338 342 349 357 1 360 356 352 346 339 332 328 326 325 327 332 335 336 338 340 342 345 349 351 350 346 342 342 343 343 340 340 344 350 351 349 348 349 350 349 344 341 338 334
341 343 345 343 341 341 342 343 344 344 342 340 337 335 335 338 343 349 353 351 345 339 335 331 325 322 323 328 332 336 340 345 350 354 357 356 351 347 347 349 348 344 341 338 334 328 325 328 335 342 345 346 346 345 349 356 360 357 354 351 346 340 335 331 329 329 330 333 335 338 341 340 339 341 345 348 348 346 345 347 348 346 344 344 348 351 350 348 348 350 351 350 346 342 338 333
342 343 344 341 337 336 336 338 340 340 338 336 336 336 338 342 349 355 353 346 340 335 332 328 323 320 321 325 328 330 333 337 344 352 357 358 354 350 348 348 346 343 341 339 334 328 326 328 335 340 345 349 350 350 352 358 358 353 351 350 346 341 336 334 333 332 332 334 336 340 342 340 338 339 340 342 342 343 346 349 350 348 347 348 349 348 348 348 349 350 352 350 348 345 340 333
342 343 344 342 340 333 332 334 335 335 334 333 334 336 341 348 352 351 347 343 339 335 331 328 323 319 320 323 324 324 324 327 334 343 352 357 355 349 346 345 344 342 341 338 333 328 326 328 333 337 340 345 349 352 355 358 355 350 347 347 344 340 337 336 335 334 333 334 336 340 341 340 337 338 338 337 336 339 343 347 350 351 351 351 350 349 348 350 351 352 352 350 348 346 341 334
342 342 344 344 340 338 334 332 332 331 331 331 334 338 343 346 345 342 342 341 339 336 333 330 326 325 326 327 326 324 322 323 327 334 343 350 350 346 344 343 343 342 340 336 331 327 326 329 332 334 335 337 342 349 354 356 352 346 344 344 341 339 337 337 336 335 334 334 336 338 340 338 336 336 337 335 334 336 338 341 346 350 352 352 352 352 353 354 355 355 353 349 347 345 340 334
338 341 344 346 345 340 336 334 332 330 330 331 334 340 340 335 332 332 334 336 336 336 334 331 330 332 336 337 336 333 332 332 333 337 341 346 348 345 343 344 344 342 338 334 330 327 327 331 335 335 334 333 334 339 346 350 348 343 341 340 339 337 337 337 337 336 336 337 338 339 339 338 335 335 337 335 335 336 336 336 338 342 346 349 352 355 357 358 359 357 353 349 347 343 338 334
333 338 344 347 347 344 339 335 333 331 332 334 335 338 335 328 325 324 326 329 331 332 331 329 330 335 340 342 342 341 341 341 342 344 345 347 350 348 345 346 346 342 337 333 330 328 330 335 339 340 339 337 332 330 334 341 343 341 339 337 336 337 337 337 336 336 338 339 340 340 340 339 336 335 336 336 336 337 337 336 335 334 333 337 344 351 356 359 359 356 352 349 346 343 338 335
331 336 343 347 348 346 343 338 336 338 341 342 341 340 337 335 333 330 328 327 327 328 328 327 330 335 338 341 343 345 345 346 347 348 349 350 353 352 347 347 347 342 337 333 330 329 331 337 342 345 346 343 335 331 332 337 340 340 337 335 335 336 337 336 335 336 338 340 342 343 342 341 339 336 335 336 336 337 339 340 338 335 330 331 337 344 351 355 356 354 350 347 344 341 339 337
333 337 343 346 348 348 346 345 345 346 347 346 345 342 340 340 342 342 339 335 332 330 328 327 330 334 335 336 340 343 345 347 350 351 352 354 356 355 350 348 345 341 337 334 331 329 331 337 344 349 351 345 338 334 335 338 339 338 336 334 335 336 336 334 334 334 337 339 342 344 344 344 343 340 338 337 335 336 339 342 342 340 338 338 339 344 348 351 353 351 348 344 341 339 339 339
337 339 344 346 347 348 349 349 350 349 347 345 343 341 340 341 345 347 345 342 338 335 331 330 333 335 333 333 335 338 341 345 348 350 352 355 358 358 354 349 343 339 337 335 331 328 330 337 345 351 352 346 340 337 338 339 338 338 336 334 335 335 334 333 332 333 334 336 339 342 345 347 348 346 342 339 336 336 339 341 341 341 341 343 344 346 349 350 350 349 346 343 340 339 338 339
339 341 345 347 346 347 348 349 348 346 344 342 340 339 339 341 344 345 344 342 339 336 334 333 336 337 334 334 336 337 339 341 343 345 349 354 359 1 356 349 343 339 337 334 330 328 331 338 345 349 349 346 343 342 342 341 339 339 339 337 335 335 334 332 331 332 333 332 334 339 343 348 350 349 345 340 337 337 338 338 338 338 339 343 346 348 350 350 349 348 345 342 341 341 340 339
337 341 346 347 345 345 345 345 343 342 340 338 337 336 337 340 342 341 340 338 335 334 333 335 339 338 334 335 339 341 342 342 343 344 347 352 358 1 357 351 346 342 338 334 330 329 333 339 343 346 346 345 344 345 346 345 343 343 343 341 337 335 335 333 332 333 332 330 331 335 341 348 352 351 346 341 339 338 337 336 336 337 339 342 346 348 350 350 349 347 344 341 340 341 341 340
335 339 345 346 344 344 343 340 338 337 336 336 335 335 336 339 340 338 336 333 331 329 331 336 341 339 335 335 339 341 342 343 345 347 349 353 359 1 358 353 349 344 339 334 330 330 334 340 343 343 342 342 343 345 348 348 348 348 348 345 340 337 335 334 334 334 332 330 330 334 340 347 352 352 347 342 340 339 337 335 335 337 339 343 346 349 351 351 350 349 346 341 339 339 340 340
334 337 343 343 342 341 339 337 335 334 334 335 335 335 336 339 339 336 333 331 328 326 329 336 341 339 336 338 340 340 339 340 343 346 351 356 1 2 358 353 349 344 339 333 329 330 335 342 344 342 340 338 339 342 346 349 351 352 352 350 344 339 337 336 335 334 331 330 330 334 340 346 352 352 347 342 340 339 336 333 332 335 339 342 345 349 352 351 350 350 349 344 341 340 340 339
334 337 340 341 339 337 334 333 333 333 333 333 334 335 336 337 336 334 332 331 328 326 329 337 340 338 338 341 343 342 340 338 338 342 348 355 1 1 356 351 347 343 337 331 328 330 336 343 345 342 338 335 335 337 341 345 349 353 353 352 348 343 340 338 336 334 331 330 331 335 340 346 351 352 348 343 341 339 335 330 329 334 337 339 342 346 349 349 349 351 350 346 343 343 342 339
336 337 339 339 337 333 331 330 332 333 332 331 332 332 333 333 332 332 333 332 329 327 331 337 337 336 338 341 344 345 345 344 342 341 344 352 359 359 354 349 345 342 336 330 328 330 336 343 345 342 338 336 335 337 338 340 344 347 349 351 349 345 342 340 337 334 331 330 332 336 341 346 351 352 348 345 343 340 335 328 328 332 335 335 338 341 344 346 349 350 349 346 345 345 344 340
335 336 338 339 337 332 329 330 334 335 334 334 333 333 333 332 332 332 333 333 331 329 331 333 332 333 337 340 342 343 345 347 348 347 347 349 354 355 352 348 344 340 335 331 329 330 335 341 343 341 337 337 338 340 342 341 341 342 344 347 348 345 343 341 338 335 331 331 333 337 341 346 351 352 349 346 344 341 336 329 328 332 335 335 335 337 341 344 348 350 348 346 345 345 344 341
333 335 338 339 338 333 330 332 337 340 341 340 339 337 335 333 334 334 334 334 334 333 333 330 327 329 335 338 338 339 342 346 350 352 351 350 352 353 351 346 342 339 334 331 331 333 336 339 340 337 335 336 340 343 346 347 346 343 343 345 346 343 341 340 338 335 333 332 333 336 340 346 351 353 349 346 345 342 337 332 331 334 338 338 337 338 342 346 348 348 347 345 344 345 344 341
331 333 337 339 339 337 334 334 338 341 341 341 339 337 335 334 334 335 335 335 336 336 335 333 329 329 333 336 335 335 336 340 346 351 353 353 354 354 350 345 341 337 333 331 334 337 338 339 337 334 332 334 339 343 346 348 349 348 348 348 348 344 340 338 336 335 334 333 333 336 340 345 350 352 349 346 345 342 338 333 333 337 341 341 341 342 346 348 348 348 346 344 344 344 343 340
330 332 336 338 340 340 337 336 338 338 338 336 335 334 333 333 334 335 335 337 337 335 335 335 335 335 336 335 334 333 334 335 339 345 350 354 357 356 351 344 340 336 332 331 335 339 340 338 335 331 330 332 336 340 343 346 348 350 351 352 352 348 342 338 336 334 334 332 332 336 341 346 350 351 348 346 344 343 338 333 333 337 341 342 343 347 350 350 349 348 345 344 343 343 342 339
330 332 335 338 341 341 339 338 338 337 334 332 331 330 330 332 334 335 336 338 336 332 331 332 336 339 340 337 334 335 336 335 334 337 345 352 358 357 351 345 340 335 331 332 337 340 340 338 335 330 328 330 334 337 340 344 346 348 352 355 355 352 346 341 338 336 334 331 332 336 342 348 351 352 348 344 343 342 336 331 330 335 338 340 343 348 351 351 351 349 346 343 342 341 341 339
331 332 334 337 341 341 340 339 338 335 331 329 329 329 329 332 335 336 338 339 335 331 327 328 333 339 341 337 335 336 339 339 337 335 339 348 355 354 349 344 339 334 332 334 339 341 339 337 336 332 328 329 332 334 338 342 345 348 350 354 357 355 349 344 341 339 336 332 332 337 343 349 353 353 348 344 343 340 334 329 328 332 336 338 342 346 350 351 351 350 347 343 341 340 339 338
332 333 334 338 340 340 339 339 337 333 330 329 329 330 331 334 336 339 341 340 337 333 329 328 331 337 339 337 334 335 339 341 341 340 340 345 351 351 346 342 338 334 333 338 342 340 336 335 334 332 328 327 329 332 335 341 345 348 350 354 357 355 350 346 343 340 336 334 334 337 343 349 353 354 349 345 342 339 333 329 327 330 334 338 342 345 347 349 350 349 347 344 341 339 338 337
332 333 335 338 340 339 337 337 335 333 331 331 330 331 333 336 338 340 341 340 338 335 332 329 331 336 338 336 334 335 337 340 342 343 344 346 348 348 344 340 336 333 335 342 344 338 333 331 332 331 327 324 324 328 332 337 343 347 350 355 357 354 349 345 341 339 336 334 335 339 344 349 354 354 350 345 342 338 333 329 326 327 331 336 341 344 347 348 348 347 346 344 341 339 337 336
331 332 335 337 339 338 335 333 331 331 332 332 331 331 334 336 338 339 339 338 337 335 331 330 332 336 338 336 334 334 336 338 340 343 345 346 348 348 346 339 334 333 339 345 343 336 331 329 329 330 326 322 320 322 327 332 338 344 350 354 356 353 348 344 340 337 335 334 335 340 346 351 355 355 350 344 340 337 333 328 324 324 327 333 337 341 345 347 346 345 344 344 342 339 338 337
331 332 334 337 338 337 334 331 328 327 329 331 331 332 335 334 335 337 338 337 335 332 329 328 332 338 341 338 335 334 336 337 338 340 343 345 348 349 345 338 335 338 345 347 342 335 330 327 328 330 329 326 324 324 325 328 333 340 348 352 353 351 348 344 340 338 337 335 336 341 347 353 358 357 350 344 340 337 334 329 324 323 326 330 333 337 341 343 343 342 343 343 342 340 339 339
331 333 336 338 338 336 334 331 327 326 332 330 333 335 335 332 333 336 338 337 334 330 326 326 331 338 342 342 339 337 336 337 338 339 341 344 347 348 345 339 338 344 348 346 344 339 333 329 329 330 331 331 331 330 329 328 331 338 345 349 351 350 346 342 340 339 338 336 336 341 347 355 1 358 351 345 341 338 335 330 325 323 325 329 333 337 339 340 339 340 342 343 343 341 341 341
329 332 337 339 338 335 333 331 328 326 326 330 335 338 334 331 332 336 338 337 333 328 325 325 331 337 341 343 343 340 337 337 337 339 341 343 344 346 345 341 342 345 346 346 345 342 337 333 331 332 332 332 332 334 333 331 331 337 343 348 350 348 343 339 338 339 338 336 337 342 350 358 3 358 352 347 343 337 333 328 325 324 326 330 335 339 338 336 337 339 341 343 342 341 341 341
327 330 335 337 336 334 333 332 330 327 333 329 336 339 336 333 334 337 338 336 334 330 326 325 330 334 338 342 344 341 338 337 338 340 342 342 343 345 346 344 342 343 344 344 344 342 339 337 335 335 335 334 334 334 335 333 332 335 342 348 350 346 341 338 338 338 336 335 338 345 355 3 4 358 352 349 346 340 334 328 324 324 327 332 338 339 334 334 336 339 341 342 342 340 339 340
329 330 333 334 333 332 333 334 331 338 326 329 335 339 339 338 338 338 337 336 335 332 328 328 330 332 335 340 342 339 337 337 339 341 343 343 344 346 347 344 342 342 343 343 341 340 339 338 339 339 339 338 337 337 337 336 333 334 340 348 350 345 341 339 339 338 335 335 339 349 0 5 3 357 352 349 346 343 338 331 325 323 326 334 340 337 333 333 337 339 341 342 341 340 338 338
