project/data/elevation/US_DEM2016/US_DEM2016_point_10-31-2019_1157_30m_vel.asc
ncols	125
nrows	167
xllcorner	-2042055.000000
yllcorner	1465035.000000
cellsize	30.000000
NODATA_value	-9999.000000
[rows 76 to 113 of 167, columns 0 to 83 of 125]
5.59 5.27 4.88 4.81 4.90 5.11 5.60 6.23 6.58 6.56 6.34 6.20 6.38 6.89 7.41 7.93 8.43 8.37 8.03 7.55 7.15 6.78 6.46 6.17 5.94 5.82 5.65 5.59 5.67 5.72 5.64 5.46 5.09 4.82 4.83 4.96 5.01 4.90 4.70 4.52 4.48 4.70 5.09 5.32 5.35 5.15 4.92 4.70 4.54 4.50 4.50 4.48 4.41 4.43 4.61 4.83 5.02 5.06 5.12 5.29 5.47 5.29 4.51 3.61 3.10 3.04 3.34 3.57 3.76 4.01 4.31 4.70 5.38 6.20 6.94 7.71 8.50 9.09 9.05 8.36 7.08 5.50 4.75 4.58
5.59 5.27 4.91 4.89 5.09 5.57 6.03 6.19 5.92 5.39 5.07 5.23 5.81 6.65 7.38 7.94 7.94 8.06 7.51 6.92 6.49 6.21 6.00 5.88 5.80 5.73 5.55 5.48 5.54 5.65 5.71 5.69 5.52 5.47 5.48 5.41 5.18 4.82 4.54 4.48 4.67 4.94 5.14 5.13 5.10 4.99 4.82 4.62 4.47 4.39 4.32 4.24 4.19 4.34 4.62 4.90 5.12 5.23 5.33 5.41 5.24 4.57 3.76 3.44 3.57 3.93 4.19 4.41 4.79 5.41 5.89 6.54 7.46 8.26 8.83 9.32 9.60 9.37 8.39 7.73 6.73 5.57 4.85 4.56
5.54 5.09 4.65 4.71 4.93 5.32 5.45 5.21 4.85 4.70 4.86 5.35 6.10 6.96 7.61 7.99 7.97 7.55 6.97 6.46 6.09 5.82 5.64 5.56 5.55 5.49 5.34 5.34 5.43 5.53 5.67 5.79 5.85 5.85 5.77 5.55 5.18 4.79 4.64 4.68 4.76 4.73 4.65 4.60 4.62 4.52 4.16 3.83 3.72 3.69 3.70 3.80 4.11 4.50 4.84 5.11 5.36 5.48 5.47 5.25 4.75 4.04 3.74 3.99 4.56 4.97 5.33 5.88 6.63 7.04 7.41 8.06 9.02 8.94 8.69 9.38 8.96 8.40 7.69 7.24 6.89 6.36 5.81 5.41
5.39 4.84 4.35 4.43 4.59 4.76 4.83 4.81 4.94 5.26 5.69 6.26 7.00 7.67 8.05 8.07 7.71 7.12 6.56 6.13 5.76 5.47 5.27 5.20 5.16 5.09 4.99 4.99 4.99 5.06 5.11 5.36 5.56 5.60 5.50 5.28 4.96 4.65 4.49 4.36 4.19 4.01 3.92 4.04 4.17 4.15 3.84 3.59 3.65 3.86 4.12 4.48 4.93 5.21 5.27 5.27 5.25 5.07 4.73 4.28 3.82 3.65 3.93 4.61 5.37 6.04 6.81 7.52 7.81 7.89 8.04 8.42 8.17 8.79 8.44 8.04 7.05 6.90 6.59 6.59 6.69 6.67 6.45 6.15
5.17 4.72 4.38 4.53 4.69 4.83 4.99 5.24 5.66 6.06 6.56 7.20 7.89 8.21 8.17 7.76 7.13 6.51 6.00 5.63 5.32 5.09 4.94 4.81 4.73 4.71 4.62 4.42 4.19 4.20 4.22 4.43 4.76 4.99 5.03 4.91 4.72 4.60 4.44 4.25 4.10 4.06 4.11 4.27 4.35 4.39 4.37 4.39 4.56 4.88 5.24 5.51 5.67 5.65 5.40 5.18 4.87 4.46 4.07 3.78 3.67 3.91 4.49 5.34 6.21 7.14 7.86 8.00 7.74 7.53 7.61 7.79 7.71 7.19 6.79 6.57 6.34 6.11 5.92 5.82 5.98 6.31 6.45 6.34
5.00 4.79 4.71 4.95 5.14 5.29 5.47 5.77 6.20 6.66 7.23 7.81 8.19 8.15 7.68 7.00 6.35 5.71 5.24 4.90 4.70 4.65 4.63 4.51 4.45 4.44 4.28 3.84 3.48 3.39 3.35 3.48 3.85 4.27 4.50 4.66 4.72 4.86 4.89 4.90 4.97 5.09 5.20 5.19 5.10 5.10 5.21 5.44 5.66 5.73 5.70 5.63 5.55 5.39 5.26 5.16 5.03 4.99 4.92 4.83 4.84 5.07 5.56 6.31 7.09 7.73 7.75 7.12 6.65 6.69 6.96 7.07 6.82 6.26 6.02 5.95 5.94 5.91 5.73 5.50 5.43 5.62 5.95 6.08
5.09 5.05 5.03 5.09 5.24 5.48 5.77 6.14 6.60 7.11 7.61 7.93 7.92 7.48 6.79 6.20 5.68 5.15 4.66 4.36 4.27 4.22 4.11 4.14 4.23 4.23 4.09 3.73 3.20 3.02 3.04 3.29 3.60 3.83 4.11 4.47 4.74 5.02 5.23 5.49 5.76 5.95 5.99 5.84 5.67 5.65 5.80 5.97 6.02 5.81 5.53 5.44 5.52 5.53 5.40 5.35 5.42 5.62 5.70 5.75 5.86 6.09 6.51 7.04 7.59 7.63 6.95 6.21 6.07 6.36 6.67 6.70 6.22 5.89 5.73 5.72 5.76 5.82 5.59 5.49 5.30 5.24 5.31 5.56
5.30 5.31 5.19 5.04 5.16 5.52 5.95 6.41 6.91 7.34 7.62 7.65 7.34 6.75 6.12 5.65 5.24 4.79 4.36 4.09 3.97 3.79 3.61 3.69 3.94 4.08 4.12 4.06 3.74 3.59 3.75 4.03 4.10 4.08 4.14 4.37 4.60 4.88 5.25 5.69 5.98 6.01 5.91 5.73 5.64 5.73 5.91 5.99 5.94 5.82 5.82 5.94 5.98 5.86 5.57 5.48 5.50 5.59 5.76 5.96 6.24 6.53 6.89 7.23 7.45 7.11 6.38 6.13 6.27 6.42 6.52 6.38 5.88 5.33 5.09 5.18 5.31 5.36 5.34 5.27 5.15 4.99 4.81 5.00
5.36 5.34 5.25 5.18 5.36 5.74 6.18 6.65 7.05 7.30 7.35 7.17 6.73 6.16 5.65 5.23 4.83 4.41 4.02 3.78 3.57 3.32 3.24 3.46 3.87 4.22 4.52 4.83 5.05 5.15 5.22 5.16 4.97 4.78 4.60 4.53 4.71 5.11 5.58 5.87 5.77 5.51 5.37 5.44 5.52 5.71 5.96 6.16 6.29 6.43 6.43 6.34 6.12 5.86 5.60 5.52 5.54 5.68 5.96 6.20 6.45 6.66 6.84 6.98 6.96 6.59 6.19 6.27 6.36 6.30 6.17 5.66 5.29 4.61 4.20 4.24 4.42 4.52 4.61 4.70 4.72 4.66 4.49 4.55
5.33 5.29 5.30 5.44 5.73 6.10 6.45 6.75 6.99 7.07 6.98 6.68 6.22 5.71 5.24 4.80 4.34 3.85 3.47 3.29 3.22 3.24 3.48 3.91 4.43 4.83 5.24 5.66 6.01 6.21 6.21 5.96 5.64 5.38 5.20 5.04 5.32 5.80 5.92 5.69 5.27 5.08 5.25 5.50 5.65 5.91 6.36 6.69 6.83 6.87 6.75 6.43 6.11 5.88 5.64 5.59 5.71 5.94 6.14 6.23 6.31 6.35 6.42 6.57 6.53 6.27 5.99 6.03 5.98 5.86 5.73 5.13 5.04 4.45 3.88 3.77 3.73 3.64 3.65 3.78 4.00 4.14 4.19 4.25
5.37 5.36 5.44 5.70 6.05 6.31 6.44 6.54 6.72 6.79 6.66 6.32 5.86 5.35 4.82 4.28 3.67 3.13 2.92 3.01 3.25 3.65 4.15 4.65 5.14 5.52 5.85 6.07 6.19 6.29 6.29 6.18 5.96 5.73 5.59 5.54 5.73 5.87 5.54 5.06 4.85 4.96 5.14 5.31 5.52 6.02 6.55 6.83 6.75 6.67 6.62 6.47 6.27 6.06 5.78 5.70 5.75 5.77 5.76 5.78 5.73 5.73 5.91 6.20 6.30 6.09 5.73 5.56 5.48 5.47 5.45 5.45 5.38 5.11 4.51 4.03 3.67 3.39 3.21 3.19 3.30 3.45 3.55 3.70
5.44 5.44 5.53 5.74 5.94 5.99 6.02 6.18 6.46 6.65 6.48 6.06 5.54 4.95 4.24 3.54 3.04 2.91 3.13 3.42 3.73 4.12 4.57 5.07 5.54 5.87 6.01 5.96 5.83 5.76 5.86 6.01 6.06 6.02 5.94 5.79 5.56 5.19 4.80 4.64 4.65 4.68 4.64 4.73 5.19 5.90 6.39 6.29 5.91 5.78 5.78 5.86 5.92 5.93 5.86 5.75 5.60 5.42 5.34 5.35 5.37 5.52 5.82 6.12 6.22 6.01 5.63 5.39 5.29 5.36 5.53 5.75 5.88 5.84 5.66 5.17 4.65 4.21 3.97 3.77 3.50 3.29 3.27 3.52
5.44 5.41 5.43 5.51 5.51 5.54 5.78 6.23 6.59 6.63 6.28 5.70 5.08 4.37 3.61 3.22 3.30 3.76 4.06 4.22 4.35 4.57 4.93 5.34 5.66 5.82 5.76 5.61 5.51 5.46 5.55 5.74 5.95 6.05 6.06 5.85 5.30 4.77 4.48 4.49 4.46 4.41 4.42 4.64 5.12 5.71 5.95 5.48 4.77 4.43 4.42 4.50 4.70 4.99 5.20 5.36 5.38 5.34 5.35 5.45 5.60 5.79 5.94 6.04 6.09 5.94 5.61 5.40 5.34 5.49 5.80 6.05 6.16 6.16 6.23 6.20 6.03 5.78 5.55 5.20 4.69 4.29 4.33 4.41
5.43 5.38 5.35 5.39 5.43 5.69 6.17 6.60 6.72 6.42 5.78 5.04 4.34 3.65 3.27 3.42 3.93 4.37 4.59 4.72 4.85 5.05 5.33 5.50 5.48 5.35 5.25 5.30 5.45 5.55 5.58 5.59 5.61 5.68 5.73 5.69 5.26 4.84 4.56 4.53 4.55 4.65 4.75 4.89 5.15 5.50 5.57 4.92 4.04 3.69 3.59 3.56 3.71 4.11 4.59 4.99 5.25 5.40 5.54 5.72 5.87 5.86 5.77 5.77 5.89 5.83 5.52 5.36 5.41 5.60 5.86 6.07 6.08 5.97 5.99 6.21 6.39 6.49 6.47 6.30 6.05 5.88 5.78 5.59
5.46 5.41 5.41 5.52 5.74 6.15 6.56 6.69 6.41 5.75 4.90 4.01 3.25 2.83 2.84 3.20 3.60 3.95 4.33 4.68 5.02 5.30 5.42 5.24 4.91 4.73 4.85 5.14 5.31 5.29 5.25 5.18 5.14 5.20 5.35 5.47 5.29 5.00 4.79 4.83 4.94 5.05 5.08 5.15 5.29 5.49 5.53 5.09 4.45 4.10 4.01 4.11 4.47 4.92 5.24 5.36 5.40 5.46 5.57 5.68 5.68 5.51 5.40 5.51 5.72 5.68 5.31 5.20 5.32 5.46 5.62 5.84 5.76 5.35 5.13 5.28 5.65 5.96 6.17 6.32 6.42 6.49 6.48 6.26
5.50 5.47 5.50 5.68 6.02 6.41 6.56 6.32 5.65 4.72 3.81 3.01 2.51 2.32 2.40 2.65 2.96 3.32 3.72 4.20 4.66 4.99 4.97 4.71 4.52 4.57 4.81 5.03 4.93 4.67 4.53 4.49 4.58 4.80 5.05 5.22 5.19 5.00 4.90 5.06 5.18 5.25 5.34 5.60 5.74 5.87 5.92 5.76 5.56 5.42 5.32 5.56 5.92 6.12 6.05 5.74 5.50 5.41 5.37 5.29 5.17 5.04 5.03 5.27 5.52 5.46 5.09 4.99 5.06 5.13 5.26 5.46 5.34 4.84 4.45 4.47 4.71 4.94 5.14 5.42 5.75 5.98 6.05 6.04
5.54 5.53 5.59 5.85 6.21 6.41 6.19 5.57 4.67 3.77 3.04 2.58 2.41 2.44 2.57 2.74 2.98 3.23 3.50 3.86 4.24 4.44 4.44 4.47 4.62 4.81 5.03 5.10 4.94 4.76 4.62 4.58 4.68 4.80 4.85 4.88 4.92 4.89 4.94 5.18 5.33 5.48 5.74 6.15 6.33 6.38 6.37 6.30 6.28 6.37 6.47 6.53 6.47 6.16 5.73 5.47 5.37 5.26 5.07 4.83 4.59 4.50 4.62 4.96 5.31 5.39 5.16 4.98 4.91 4.89 4.99 5.18 5.12 4.66 4.18 4.03 4.18 4.24 4.20 4.30 4.57 4.85 4.90 4.89
5.59 5.61 5.71 5.96 6.15 6.00 5.42 4.60 3.77 3.14 2.74 2.59 2.68 2.92 3.19 3.45 3.64 3.78 4.00 4.32 4.60 4.70 4.71 4.77 4.88 5.12 5.52 5.80 5.89 5.84 5.72 5.64 5.61 5.48 5.02 4.70 4.74 4.91 5.18 5.48 5.68 5.93 6.27 6.62 6.67 6.59 6.51 6.48 6.51 6.64 6.71 6.60 6.27 5.76 5.37 5.32 5.30 5.14 4.82 4.47 4.21 4.17 4.44 4.94 5.43 5.64 5.48 5.19 4.93 4.83 4.88 5.07 5.04 4.55 3.90 3.52 3.52 3.50 3.35 3.40 3.64 3.87 3.82 3.74
5.64 5.65 5.72 5.77 5.58 5.04 4.28 3.57 3.05 2.75 2.70 2.85 3.12 3.48 3.91 4.38 4.74 4.99 5.29 5.61 5.81 5.80 5.60 5.30 5.13 5.42 6.06 6.44 6.50 6.37 6.20 6.06 5.89 5.57 5.00 4.70 4.81 5.15 5.58 5.91 6.14 6.37 6.57 6.68 6.56 6.43 6.42 6.50 6.57 6.61 6.48 6.30 6.17 6.09 5.93 5.67 5.38 5.11 4.87 4.66 4.55 4.59 4.87 5.32 5.73 5.84 5.57 5.21 4.94 4.94 5.06 5.15 4.95 4.26 3.43 2.94 2.88 2.84 2.74 2.82 3.01 3.10 3.09 3.11
5.66 5.65 5.56 5.30 4.75 4.05 3.42 2.97 2.75 2.78 3.03 3.41 3.84 4.32 4.85 5.41 5.86 6.29 6.67 6.82 6.71 6.38 5.87 5.43 5.28 5.69 6.26 6.33 5.93 5.57 5.31 5.17 5.06 4.88 4.72 4.80 5.07 5.46 5.90 6.18 6.32 6.38 6.33 6.20 6.14 6.13 6.26 6.42 6.48 6.43 6.25 6.11 6.09 6.14 6.07 5.75 5.39 5.13 4.98 4.92 4.97 5.15 5.40 5.71 5.92 5.87 5.47 5.14 5.08 5.33 5.49 5.35 4.85 3.98 3.14 2.79 2.75 2.65 2.60 2.72 2.84 2.83 2.78 2.88
5.69 5.63 5.37 4.94 4.44 3.97 3.59 3.31 3.25 3.45 3.78 4.20 4.70 5.25 5.83 6.33 6.77 7.10 7.18 6.93 6.40 5.75 5.30 5.22 5.45 5.96 6.28 5.96 5.28 4.88 4.71 4.73 4.82 4.74 4.75 5.00 5.34 5.67 5.97 6.14 6.15 6.03 5.80 5.62 5.64 5.78 5.99 6.17 6.08 5.76 5.59 5.55 5.57 5.54 5.41 5.29 5.15 4.98 4.85 4.81 4.94 5.28 5.66 5.97 6.07 5.93 5.61 5.39 5.44 5.66 5.72 5.37 4.74 4.05 3.48 3.28 3.13 2.87 2.90 3.10 3.14 3.03 2.99 3.26
5.66 5.53 5.19 4.88 4.66 4.43 4.24 4.18 4.30 4.48 4.70 5.04 5.54 6.13 6.69 7.07 7.22 7.10 6.62 5.87 5.11 4.61 4.63 5.04 5.57 6.21 6.47 6.23 5.84 5.65 5.60 5.62 5.54 5.30 5.14 5.24 5.43 5.66 5.83 5.90 5.74 5.45 5.22 5.17 5.23 5.41 5.72 5.86 5.42 4.74 4.45 4.49 4.60 4.60 4.59 4.69 4.78 4.76 4.72 4.77 4.99 5.40 5.77 5.99 5.99 5.84 5.64 5.51 5.50 5.55 5.51 5.13 4.74 4.46 4.23 4.04 3.79 3.42 3.67 3.98 3.93 3.76 3.86 4.46
5.54 5.34 5.06 4.94 4.89 4.87 4.91 5.08 5.34 5.54 5.71 5.97 6.43 6.95 7.25 7.25 6.94 6.32 5.51 4.72 4.22 4.14 4.50 5.06 5.71 6.52 6.83 6.79 6.67 6.60 6.49 6.30 6.02 5.72 5.48 5.41 5.44 5.56 5.64 5.50 5.13 4.82 4.78 4.92 5.09 5.37 5.73 5.77 5.06 4.23 3.92 3.87 3.71 3.75 4.04 4.38 4.64 4.74 4.77 4.88 5.15 5.51 5.70 5.73 5.66 5.58 5.41 5.22 5.14 5.18 5.11 4.95 5.02 5.13 5.17 5.06 4.80 4.61 5.03 5.31 5.21 5.11 5.35 5.82
5.45 5.29 5.09 5.10 5.26 5.51 5.79 6.06 6.28 6.43 6.56 6.77 7.08 7.28 7.18 6.72 6.04 5.27 4.56 4.11 4.17 4.57 5.07 5.54 6.16 6.83 6.95 6.66 6.48 6.38 6.21 6.01 5.84 5.73 5.53 5.42 5.42 5.40 5.24 4.92 4.65 4.72 4.94 5.14 5.36 5.71 6.01 5.97 5.37 4.77 4.52 4.33 3.97 4.04 4.37 4.65 4.82 4.94 5.04 5.16 5.33 5.53 5.60 5.57 5.53 5.47 5.26 5.06 5.05 5.14 5.12 5.16 5.44 5.67 5.81 5.87 5.93 6.11 6.46 6.61 6.50 6.41 6.48 6.40
5.44 5.34 5.21 5.29 5.60 5.98 6.31 6.52 6.63 6.70 6.80 6.97 7.09 6.95 6.47 5.77 5.01 4.32 3.85 3.86 4.42 5.07 5.56 5.98 6.52 6.86 6.60 5.99 5.62 5.44 5.34 5.37 5.46 5.51 5.41 5.33 5.25 5.04 4.75 4.58 4.79 5.25 5.48 5.58 5.72 6.02 6.25 6.15 5.72 5.52 5.46 5.32 5.15 5.09 5.10 5.00 4.98 5.14 5.35 5.50 5.58 5.70 5.72 5.71 5.65 5.56 5.45 5.44 5.58 5.58 5.47 5.46 5.61 5.72 5.86 6.13 6.53 6.89 7.06 7.00 6.79 6.65 6.46 5.97
5.39 5.33 5.23 5.33 5.57 5.86 6.03 6.10 6.12 6.18 6.34 6.51 6.48 6.15 5.56 4.82 4.07 3.61 3.58 4.00 4.66 5.20 5.60 5.94 6.33 6.42 5.92 5.27 4.80 4.55 4.57 4.75 4.92 5.02 5.12 5.16 5.06 4.89 4.85 5.09 5.52 5.76 5.81 5.82 5.92 6.13 6.25 6.04 5.73 5.65 5.66 5.67 5.68 5.61 5.29 4.99 5.01 5.23 5.47 5.66 5.81 5.99 6.03 5.99 5.89 5.81 5.81 5.89 5.92 5.75 5.58 5.54 5.55 5.57 5.69 6.00 6.39 6.64 6.62 6.51 6.37 6.15 5.75 5.16
5.32 5.29 5.27 5.34 5.41 5.45 5.42 5.34 5.32 5.47 5.72 5.83 5.63 5.15 4.49 3.83 3.54 3.71 4.27 4.85 5.22 5.48 5.67 5.83 5.97 5.84 5.19 4.49 4.03 3.87 3.93 4.04 4.12 4.27 4.50 4.74 4.96 5.17 5.44 5.71 5.86 5.85 5.78 5.79 5.89 6.04 6.06 5.79 5.40 5.16 5.10 5.20 5.34 5.31 5.06 4.93 5.04 5.28 5.52 5.77 6.05 6.28 6.31 6.24 6.10 5.99 5.94 5.85 5.66 5.38 5.32 5.38 5.45 5.51 5.59 5.69 5.82 5.79 5.74 5.87 5.99 5.90 5.62 5.36
5.43 5.51 5.59 5.53 5.40 5.22 5.05 4.92 4.96 5.19 5.34 5.15 4.63 3.96 3.35 3.21 3.71 4.56 5.25 5.64 5.85 5.96 5.99 5.97 5.95 5.77 5.12 4.30 3.81 3.73 3.76 3.77 3.83 3.93 4.10 4.48 4.95 5.32 5.50 5.51 5.45 5.44 5.48 5.56 5.71 5.84 5.82 5.45 4.87 4.50 4.40 4.43 4.53 4.66 4.71 4.84 5.02 5.24 5.51 5.82 6.14 6.39 6.39 6.27 6.10 5.95 5.83 5.64 5.39 5.15 5.12 5.21 5.33 5.37 5.34 5.45 5.41 5.23 5.10 5.25 5.52 5.74 5.90 6.03
5.70 5.80 5.83 5.67 5.45 5.20 5.02 4.95 4.99 4.98 4.69 4.08 3.33 2.69 2.51 2.90 3.77 4.74 5.38 5.81 6.07 6.18 6.18 6.21 6.30 6.12 5.59 4.95 4.61 4.64 4.72 4.68 4.69 4.70 4.76 4.96 5.18 5.25 5.19 5.06 4.94 4.97 5.20 5.41 5.60 5.71 5.61 5.15 4.58 4.29 4.18 3.95 3.75 3.78 4.03 4.46 4.88 5.19 5.47 5.79 6.11 6.24 6.19 6.02 5.92 5.88 5.81 5.65 5.47 5.25 5.12 5.14 5.20 5.24 5.32 5.43 5.29 5.05 4.83 4.74 4.81 5.01 5.31 5.63
5.77 5.72 5.59 5.46 5.30 5.12 4.98 4.90 4.71 4.25 3.47 2.76 2.34 2.23 2.51 3.16 3.86 4.44 4.91 5.38 5.67 5.80 6.00 6.37 6.33 6.41 6.10 5.98 6.02 6.11 6.13 6.12 6.06 5.88 5.73 5.60 5.43 5.27 5.13 4.97 4.85 4.91 5.23 5.50 5.66 5.69 5.51 5.12 4.76 4.52 4.23 3.70 3.28 3.38 3.82 4.42 4.96 5.31 5.58 5.87 6.03 5.97 5.83 5.78 5.84 5.92 5.91 5.76 5.60 5.37 5.23 5.22 5.24 5.27 5.29 5.23 5.12 4.98 4.81 4.57 4.28 4.08 4.15 4.37
5.63 5.39 5.17 5.13 5.01 4.85 4.67 4.42 4.00 3.41 2.89 2.61 2.65 3.04 3.84 4.65 4.89 4.88 4.86 4.96 5.14 5.37 5.88 6.45 6.56 6.36 6.33 6.52 6.72 6.83 6.80 6.71 6.56 6.30 6.03 5.76 5.50 5.31 5.13 4.96 4.94 5.15 5.47 5.66 5.70 5.64 5.48 5.21 4.94 4.59 4.04 3.53 3.57 4.10 4.68 5.04 5.27 5.48 5.72 5.88 5.81 5.63 5.61 5.78 5.94 6.01 5.97 5.86 5.73 5.62 5.51 5.45 5.38 5.23 4.99 4.82 4.85 4.90 4.80 4.54 4.13 3.90 3.96 4.11
5.50 5.28 5.03 4.95 4.84 4.67 4.45 4.16 3.80 3.55 3.58 3.86 4.30 5.04 5.94 6.56 6.72 6.34 5.81 5.59 5.63 5.88 6.38 6.66 6.47 6.15 6.12 6.26 6.36 6.43 6.44 6.39 6.31 6.16 5.97 5.75 5.53 5.31 5.06 4.92 5.11 5.51 5.77 5.71 5.58 5.52 5.43 5.24 4.98 4.59 4.18 4.14 4.63 5.26 5.52 5.44 5.35 5.48 5.65 5.67 5.55 5.49 5.62 5.79 5.91 5.90 5.81 5.75 5.75 5.79 5.74 5.62 5.44 5.16 4.86 4.70 4.77 4.86 4.81 4.67 4.58 4.69 4.87 4.88
5.49 5.33 5.10 4.99 4.92 4.88 4.86 4.77 4.69 4.78 5.18 5.78 6.48 7.16 7.65 7.81 7.74 7.49 7.23 7.06 6.99 7.03 7.11 6.91 6.44 6.01 5.86 5.82 5.67 5.52 5.50 5.53 5.57 5.60 5.62 5.62 5.56 5.36 5.12 5.10 5.37 5.57 5.54 5.37 5.31 5.43 5.49 5.38 5.24 5.10 5.03 5.21 5.61 5.89 5.74 5.40 5.36 5.52 5.59 5.54 5.50 5.55 5.58 5.60 5.62 5.54 5.40 5.43 5.55 5.65 5.66 5.58 5.41 5.17 4.94 4.85 4.90 4.91 4.87 4.90 5.06 5.32 5.46 5.43
5.53 5.45 5.29 5.18 5.16 5.25 5.41 5.58 5.84 6.25 6.81 7.40 7.85 8.05 8.01 7.72 7.38 7.38 7.48 7.50 7.47 7.41 7.24 6.82 6.23 5.84 5.77 5.74 5.48 5.13 4.89 4.80 4.80 4.92 5.09 5.26 5.34 5.27 5.18 5.15 5.12 4.96 4.74 4.77 5.16 5.56 5.74 5.70 5.63 5.71 5.85 6.01 6.17 6.20 5.99 5.78 5.80 5.83 5.74 5.63 5.58 5.50 5.41 5.38 5.39 5.24 5.08 5.12 5.28 5.40 5.45 5.41 5.30 5.14 5.01 4.99 4.98 4.90 4.87 4.97 5.13 5.28 5.34 5.31
5.62 5.59 5.46 5.38 5.39 5.48 5.67 6.02 6.56 7.15 7.62 7.84 7.79 7.53 7.11 6.60 6.28 6.36 6.50 6.65 6.80 6.86 6.76 6.41 5.92 5.66 5.72 5.76 5.56 5.31 5.13 4.98 4.99 5.07 5.11 5.09 5.05 5.05 5.03 4.89 4.66 4.48 4.54 4.93 5.52 5.95 6.09 5.97 5.86 5.97 6.15 6.33 6.46 6.50 6.50 6.46 6.40 6.21 5.95 5.75 5.56 5.38 5.30 5.32 5.25 5.03 4.90 5.00 5.22 5.36 5.31 5.20 5.12 5.06 5.02 5.03 4.98 4.88 4.89 5.01 5.14 5.25 5.26 5.18
5.66 5.58 5.48 5.50 5.58 5.72 6.02 6.47 7.03 7.39 7.45 7.25 6.87 6.44 6.02 5.64 5.42 5.44 5.51 5.71 6.02 6.21 6.26 6.03 5.70 5.57 5.64 5.58 5.38 5.37 5.50 5.61 5.65 5.61 5.46 5.23 5.02 4.96 4.91 4.82 4.78 4.90 5.17 5.63 6.10 6.37 6.33 6.07 5.87 5.87 6.03 6.27 6.49 6.60 6.70 6.74 6.60 6.35 6.03 5.74 5.50 5.36 5.30 5.22 4.99 4.80 4.86 5.12 5.38 5.41 5.19 5.02 4.99 4.98 4.96 4.94 4.91 4.87 4.91 5.06 5.25 5.35 5.32 5.25
5.60 5.47 5.42 5.55 5.73 6.00 6.44 6.87 7.11 7.03 6.70 6.32 5.97 5.65 5.32 4.98 4.77 4.82 5.03 5.30 5.62 5.97 6.06 5.75 5.51 5.62 5.66 5.50 5.30 5.28 5.38 5.46 5.48 5.45 5.38 5.26 5.11 5.01 5.00 5.09 5.25 5.44 5.69 6.15 6.54 6.61 6.35 5.93 5.66 5.64 5.73 5.95 6.12 6.20 6.26 6.31 6.24 6.06 5.84 5.64 5.48 5.33 5.17 4.97 4.78 4.78 5.02 5.33 5.50 5.33 5.01 4.89 4.87 4.85 4.82 4.78 4.72 4.70 4.79 5.03 5.26 5.29 5.20 5.18
5.52 5.43 5.41 5.55 5.75 6.08 6.51 6.70 6.57 6.18 5.76 5.35 5.03 4.76 4.45 4.23 4.32 4.65 4.95 5.21 5.65 6.13 6.04 5.56 5.54 5.82 5.86 5.73 5.57 5.37 5.17 4.93 4.80 4.85 4.96 5.00 5.01 5.02 5.11 5.28 5.46 5.63 5.92 6.39 6.67 6.56 6.10 5.62 5.41 5.42 5.49 5.58 5.61 5.51 5.37 5.37 5.38 5.41 5.48 5.51 5.43 5.24 5.00 4.83 4.83 4.98 5.24 5.47 5.47 5.15 4.86 4.74 4.68 4.68 4.70 4.67 4.59 4.52 4.62 4.96 5.16 5.03 4.85 4.81
