project/data/elevation/US_DEM2016/US_DEM2016_point_10-28-2019_0442_30m_vel.asc
ncols	125
nrows	167
xllcorner	-2042055.000000
yllcorner	1465035.000000
cellsize	30.000000
NODATA_value	-9999.000000
[rows 70 to 104 of 167, columns 0 to 77 of 125]
11.13 11.10 11.08 11.23 11.25 11.13 10.87 10.36 9.40 8.25 7.56 8.00 9.76 12.12 14.17 15.46 15.95 15.44 13.93 12.33 11.88 12.14 12.61 13.33 13.66 13.29 12.46 11.40 10.29 9.54 9.27 9.55 10.34 10.94 11.15 11.12 11.07 11.20 11.60 11.88 11.85 11.87 12.16 12.46 12.16 11.08 9.95 8.71 8.00 7.86 8.21 9.01 9.79 10.06 9.93 8.91 7.81 7.24 7.03 6.92 6.74 6.47 6.42 6.78 7.47 8.59 9.94 10.15 8.96 7.48 6.77 6.42 6.15 6.22 6.71 7.18 7.58 7.97
11.20 11.15 11.15 11.31 11.45 11.44 11.34 11.25 10.83 9.76 8.29 7.35 7.67 9.19 11.40 13.40 14.85 15.70 15.35 14.26 13.63 13.60 13.73 13.94 14.01 13.83 13.22 12.09 10.76 9.72 8.97 8.78 9.08 9.70 10.33 10.80 11.01 11.05 11.21 11.50 11.48 11.52 11.80 12.18 12.06 10.90 9.73 9.14 9.40 10.14 10.83 11.15 11.15 10.76 10.30 9.39 9.05 8.87 8.59 8.20 7.82 7.40 7.12 7.33 8.44 9.99 11.67 12.39 11.91 10.85 9.92 9.19 8.34 7.85 7.83 8.06 8.50 9.05
11.27 11.15 11.20 11.42 11.68 11.75 11.81 12.13 12.55 12.51 11.58 10.12 9.09 9.09 10.11 11.93 13.65 15.30 15.99 15.79 15.48 15.26 14.99 14.66 14.32 14.25 14.17 13.66 12.60 11.85 11.28 10.78 10.23 10.02 10.22 10.58 10.80 10.86 10.84 10.73 10.69 10.83 11.26 11.77 11.99 11.66 11.51 12.01 12.64 13.05 13.11 12.70 12.02 11.30 10.97 11.06 11.32 11.59 11.61 11.39 11.14 11.03 11.05 11.41 12.01 12.70 13.41 13.95 13.69 12.69 11.53 10.44 9.39 8.87 8.89 9.20 9.62 10.24
11.26 11.12 11.18 11.51 11.89 12.05 12.21 12.66 13.51 14.32 14.50 13.99 13.00 11.90 11.49 12.08 13.33 15.08 16.42 16.88 16.92 16.42 15.49 14.73 14.22 14.26 14.66 14.87 14.48 13.78 13.14 12.67 12.10 11.65 11.29 11.10 11.04 10.83 10.50 10.26 10.38 10.94 11.53 12.20 12.58 12.73 13.06 13.50 13.60 13.26 12.93 12.62 12.22 11.67 11.47 11.66 11.91 12.40 12.97 13.41 13.66 13.86 13.89 13.80 13.48 13.08 12.94 13.52 13.55 12.58 11.28 10.25 9.61 9.34 9.54 10.16 10.96 11.99
11.31 11.24 11.34 11.69 12.07 12.23 12.24 12.63 13.74 15.07 16.02 16.36 16.11 15.35 14.34 13.77 14.16 15.31 16.39 17.02 17.16 16.54 15.38 14.39 13.79 13.69 14.20 14.91 15.04 14.48 13.64 12.99 12.38 11.95 11.50 11.14 10.95 10.64 10.40 10.53 10.99 11.44 11.88 12.48 12.76 12.42 11.97 11.70 11.14 10.58 10.38 10.75 11.28 11.38 11.11 11.02 11.20 11.62 12.27 12.98 13.55 13.88 13.64 13.01 12.08 11.13 10.83 11.95 12.89 12.45 11.20 10.42 10.10 9.98 10.34 11.18 12.35 13.76
11.43 11.46 11.69 12.04 12.36 12.53 12.62 13.11 14.32 15.25 15.73 15.97 16.15 16.12 15.75 15.45 15.55 15.79 15.84 15.91 15.98 15.60 14.82 14.14 13.56 13.00 12.90 13.69 14.45 14.45 13.77 12.82 11.57 10.74 10.41 10.41 10.50 10.44 10.35 10.36 10.44 10.72 11.24 11.91 12.26 11.65 10.41 9.35 9.01 8.79 8.68 9.05 9.78 10.27 10.39 10.53 10.76 10.91 11.18 11.63 12.10 12.31 11.93 10.97 10.04 9.42 9.41 10.72 12.49 12.93 12.02 11.20 10.98 11.12 11.78 12.88 14.27 15.68
11.57 11.76 12.17 12.50 12.83 13.29 13.89 14.38 14.41 13.95 13.44 13.33 13.85 14.69 15.21 15.57 15.68 15.39 14.82 14.45 14.41 14.32 14.15 14.02 13.75 13.06 12.24 12.46 13.48 14.18 14.11 13.40 12.08 11.01 10.67 10.68 10.66 10.35 9.91 9.58 9.50 9.88 10.66 11.39 11.92 11.69 10.85 9.92 9.42 9.34 9.29 9.17 9.13 9.39 9.89 10.36 10.69 10.72 10.82 11.01 11.04 10.75 10.24 9.88 9.68 9.56 9.85 10.79 12.42 13.49 13.41 13.09 13.43 14.19 15.11 16.26 17.38 17.90
11.56 11.83 12.38 12.65 12.97 13.62 13.96 13.71 12.76 11.50 10.83 11.18 12.15 13.33 14.21 14.72 14.75 14.32 13.70 13.26 13.15 13.29 13.50 13.74 13.79 13.30 12.28 11.93 12.54 13.68 14.45 14.50 13.77 13.04 12.48 11.98 11.35 10.57 9.96 9.76 9.90 10.18 10.52 10.94 11.49 11.38 10.71 9.92 9.26 8.95 8.82 8.74 8.62 8.96 9.67 10.36 10.84 11.07 11.19 11.15 10.75 10.13 9.92 10.28 10.83 11.27 11.57 12.21 13.48 15.01 15.69 16.11 16.94 17.98 18.80 19.29 19.26 18.68
11.27 11.33 11.82 12.09 12.18 12.38 12.25 11.70 11.26 10.72 10.79 11.38 12.36 13.45 14.10 14.35 14.16 13.70 13.19 12.74 12.52 12.57 12.84 13.16 13.31 13.00 12.08 11.42 11.57 12.54 13.81 14.64 14.68 14.17 13.50 12.73 11.83 10.89 10.38 10.15 9.95 9.69 9.64 10.10 10.68 10.41 9.17 8.00 7.45 7.24 7.31 7.67 8.29 9.08 9.89 10.54 11.08 11.29 11.18 10.81 10.40 10.13 10.27 11.07 12.20 12.89 13.57 14.59 16.03 17.04 17.69 18.04 18.63 19.37 19.53 19.23 18.30 16.88
10.91 10.66 10.98 11.35 11.23 11.06 11.09 11.34 11.72 12.10 12.49 13.03 13.85 14.51 14.66 14.38 13.90 13.38 12.92 12.51 12.20 12.10 12.21 12.51 12.76 12.51 11.48 10.43 10.03 10.56 11.55 12.95 13.72 13.69 13.17 12.54 11.82 10.96 10.30 9.69 9.13 8.69 8.75 9.64 10.45 10.17 8.63 7.34 7.13 7.47 8.07 8.90 9.77 10.35 10.63 10.68 10.60 10.28 9.66 9.12 9.21 9.66 10.29 11.45 12.82 14.10 15.50 16.69 17.28 17.62 17.60 17.44 17.55 17.50 17.23 16.68 15.59 14.41
10.65 10.38 10.71 11.37 11.50 11.38 11.59 12.20 12.95 13.41 13.87 14.46 15.07 15.11 14.70 13.97 13.17 12.58 12.19 11.87 11.66 11.61 11.66 11.92 12.33 12.26 11.10 9.23 7.90 7.95 8.46 9.67 11.16 12.13 12.29 12.03 11.74 11.26 10.76 10.23 9.87 9.72 9.99 10.91 11.69 11.53 10.22 9.00 8.82 9.40 10.20 10.84 11.16 11.21 10.85 10.50 10.05 9.61 9.19 9.00 9.32 9.94 10.75 12.02 13.44 14.90 16.06 16.47 16.36 16.05 15.62 15.20 14.71 14.00 13.73 13.90 13.86 13.39
10.60 10.49 10.90 11.78 12.23 12.32 12.44 12.86 13.47 14.02 14.58 15.00 15.02 14.53 13.77 12.93 12.12 11.33 10.87 10.64 10.58 10.76 11.10 11.45 12.01 12.28 11.35 8.63 6.48 5.84 5.78 6.26 7.67 9.63 10.89 11.49 11.62 11.94 12.01 12.05 12.19 12.39 12.76 13.21 13.70 13.67 12.73 11.57 11.13 11.04 10.98 10.84 10.72 10.62 10.59 10.60 10.80 11.22 11.63 11.78 11.89 12.10 12.51 13.32 14.15 14.79 14.80 14.24 13.99 14.03 13.86 13.53 13.02 12.17 12.03 12.48 13.06 13.30
11.02 10.99 11.18 11.56 11.96 12.33 12.69 13.14 13.69 14.21 14.60 14.56 14.01 13.17 12.39 11.85 11.35 10.67 10.01 9.69 9.69 9.83 10.10 10.71 11.52 12.32 12.09 9.94 6.89 5.58 5.08 5.08 5.75 7.14 9.12 10.59 11.24 11.94 12.42 12.95 13.49 13.93 14.17 14.29 14.63 14.85 14.36 13.31 12.38 11.53 10.82 10.53 10.68 10.94 11.01 11.12 11.59 12.25 12.93 13.43 13.71 13.87 14.06 14.14 14.15 13.84 13.19 12.80 12.87 13.16 13.19 12.90 12.31 11.53 11.34 11.69 12.35 12.95
11.47 11.54 11.52 11.36 11.50 12.00 12.59 13.21 13.71 13.98 13.95 13.51 12.79 12.09 11.55 11.18 10.92 10.54 9.94 9.39 9.11 9.05 9.16 9.70 10.76 12.00 12.65 11.83 9.59 8.05 7.40 7.16 6.86 7.11 8.30 9.83 10.59 11.31 12.00 12.71 13.26 13.53 13.60 13.59 14.00 14.62 14.62 13.87 12.88 12.09 11.82 11.88 11.92 11.82 11.51 11.45 11.75 11.91 12.44 13.24 13.92 14.25 14.33 13.96 13.30 12.67 12.46 12.72 13.03 13.12 13.00 12.55 11.55 10.40 9.69 9.97 10.78 11.53
11.45 11.60 11.75 11.73 11.83 12.17 12.67 13.21 13.48 13.39 12.99 12.37 11.77 11.33 10.99 10.66 10.44 10.29 9.90 9.22 8.70 8.56 8.64 9.15 10.27 11.72 12.94 13.35 13.10 12.56 11.86 10.86 9.82 9.11 9.06 9.81 10.77 11.65 12.32 12.59 12.50 12.33 12.39 12.76 13.29 14.10 14.53 14.39 14.12 13.93 13.53 13.09 12.55 12.07 11.63 11.60 11.72 11.99 12.60 13.21 13.75 13.98 13.84 13.25 12.40 11.92 12.02 12.53 12.77 12.80 12.74 12.35 10.98 8.95 7.43 7.20 7.92 8.91
11.29 11.45 11.81 12.16 12.45 12.70 12.90 13.01 12.96 12.63 12.10 11.51 11.04 10.73 10.49 10.19 9.91 9.71 9.32 8.72 8.44 8.61 9.03 9.75 10.84 12.00 13.13 14.03 14.70 14.97 14.78 13.91 12.53 11.28 10.73 10.93 11.84 12.71 12.66 12.15 11.61 11.54 11.98 12.55 13.02 13.75 14.49 14.90 15.22 15.35 14.85 13.89 13.03 12.41 11.83 11.75 12.02 12.36 12.67 12.80 12.88 12.89 12.77 12.46 11.84 11.40 11.29 11.54 11.66 11.90 12.43 12.74 11.85 9.52 7.21 6.18 5.78 5.95
11.35 11.59 12.04 12.47 12.77 12.84 12.64 12.33 12.13 11.86 11.48 11.04 10.62 10.31 10.05 9.76 9.46 9.18 8.95 8.46 8.46 8.96 9.73 10.57 11.49 12.32 13.06 13.71 14.21 14.56 14.82 14.89 14.24 12.95 12.00 11.81 12.16 12.28 11.74 11.17 10.93 11.07 11.34 11.69 12.06 12.74 13.56 14.13 14.63 15.01 15.04 14.60 13.99 13.25 12.35 11.94 12.33 11.75 11.79 11.59 11.46 11.46 11.61 11.72 11.52 11.04 10.60 10.48 10.59 11.06 11.97 13.17 13.52 12.60 10.39 8.29 6.66 5.63
11.48 11.73 12.06 12.23 12.19 11.95 11.70 11.56 11.54 11.45 11.15 10.80 10.41 10.00 9.54 9.25 9.30 9.41 9.48 9.35 9.22 9.32 9.79 10.54 11.35 12.00 12.51 12.91 12.99 12.76 13.10 14.06 14.71 14.37 13.38 12.38 12.32 10.79 10.45 10.58 10.54 10.36 10.17 10.28 10.82 11.37 11.88 12.12 12.35 12.69 12.98 13.27 13.40 13.27 12.73 12.07 11.55 11.07 10.85 10.86 10.89 11.08 11.36 11.50 11.44 10.98 10.48 10.26 10.27 10.74 11.62 12.91 14.14 14.86 14.64 13.07 11.25 9.53
11.47 11.66 11.73 11.58 11.28 11.09 11.24 11.62 11.77 11.49 10.98 10.52 10.11 9.66 9.25 10.34 9.84 10.66 10.97 10.92 10.54 10.12 10.05 10.38 10.80 11.15 11.52 11.98 12.21 11.88 11.81 12.58 13.86 14.56 14.30 13.06 11.44 10.41 10.13 10.43 10.37 10.13 10.03 10.22 10.50 10.59 10.54 10.05 9.46 9.09 9.31 9.68 10.25 10.94 11.22 11.27 11.17 11.05 11.06 11.24 11.43 11.55 11.52 11.41 11.31 10.99 10.57 10.41 10.37 10.77 11.44 12.20 13.43 14.91 16.03 16.28 15.74 14.75
11.41 11.53 11.57 11.44 11.30 11.46 11.85 12.08 11.91 11.34 10.55 9.82 9.32 9.03 9.00 9.31 10.02 10.78 11.28 11.53 11.44 11.08 10.68 10.39 10.17 10.03 10.18 10.75 11.42 11.74 11.64 11.62 12.17 13.29 13.86 13.40 12.02 11.07 10.58 10.67 10.77 10.90 10.98 11.00 10.92 10.69 10.27 9.22 7.81 7.09 6.96 7.11 7.51 8.39 9.45 10.33 10.89 11.21 11.42 11.66 11.76 11.56 11.24 10.98 10.87 10.69 10.37 10.32 10.35 10.63 11.03 11.41 12.06 13.09 14.31 15.58 16.32 16.50
11.38 11.46 11.60 11.73 11.88 12.15 12.28 11.99 11.33 10.50 9.60 8.64 8.01 7.87 9.35 7.86 8.11 8.69 9.66 10.46 11.03 11.16 10.81 10.14 9.50 9.16 9.19 9.55 9.98 10.36 10.56 10.43 10.52 11.48 12.73 13.20 12.50 11.75 11.28 11.37 11.52 11.69 11.77 11.86 11.88 11.78 11.46 10.63 9.38 8.37 8.02 8.29 9.05 9.93 10.66 11.05 11.24 11.34 11.36 11.33 11.19 10.87 10.66 10.53 10.41 10.17 9.81 9.82 9.94 10.08 10.33 10.64 10.65 10.51 10.94 11.95 13.39 14.47
11.37 11.43 11.59 11.85 12.13 12.25 11.95 11.22 10.26 9.28 8.47 7.84 7.53 7.37 6.96 6.40 6.21 6.57 7.33 8.31 9.17 9.84 9.97 9.77 9.58 9.51 9.33 9.02 8.60 8.27 8.35 8.55 8.85 9.72 11.27 12.45 12.49 11.92 11.56 11.73 11.86 12.02 12.27 12.79 13.13 13.36 13.36 13.04 12.60 12.12 11.51 11.62 12.19 12.62 12.61 12.02 11.48 11.17 10.84 10.47 10.20 10.07 10.03 10.09 10.00 9.60 9.14 9.17 9.26 9.35 9.67 10.01 9.73 8.81 8.35 8.77 9.89 10.99
11.36 11.43 11.62 11.91 12.06 11.77 11.03 10.06 9.14 8.45 8.06 7.93 7.95 7.97 7.72 7.11 6.53 6.31 6.48 6.96 7.58 8.27 8.97 9.60 10.14 10.48 10.42 9.88 9.18 8.68 8.48 8.57 8.79 9.18 10.04 11.29 11.92 11.80 11.66 11.88 12.06 12.38 12.83 13.52 13.94 14.37 14.65 14.61 14.50 14.57 14.49 14.09 13.50 12.80 12.11 11.65 11.29 10.89 10.30 9.69 9.26 9.17 9.31 9.56 9.70 9.48 9.13 9.02 8.93 8.92 9.29 9.85 9.74 8.59 7.42 6.99 7.59 8.41
11.37 11.43 11.56 11.67 11.40 10.65 9.65 8.81 8.28 8.07 8.10 8.23 8.44 8.77 9.04 9.02 8.59 8.08 7.95 8.17 8.58 9.13 9.75 10.31 10.68 11.05 11.53 11.83 11.90 11.78 11.51 11.30 11.14 10.85 10.37 10.66 11.38 11.82 12.15 12.45 12.69 13.05 13.48 13.87 13.95 14.29 14.75 14.92 14.88 14.98 15.02 14.74 13.84 12.47 11.55 11.45 11.37 10.93 10.21 9.49 8.99 8.84 9.15 9.63 10.03 10.08 9.89 9.62 9.20 9.03 9.23 9.98 10.15 9.11 7.31 5.78 5.48 5.95
11.36 11.35 11.22 10.81 9.97 8.84 7.87 7.46 7.50 7.71 8.03 8.46 8.90 9.40 10.07 10.78 11.16 11.22 11.31 11.54 11.81 12.02 12.05 11.82 11.48 11.36 11.79 12.44 13.00 13.13 12.94 12.56 12.10 11.53 10.73 10.68 11.28 12.08 12.77 13.15 13.36 13.51 13.56 13.50 13.29 13.48 14.07 14.55 14.74 14.76 14.50 14.38 14.31 13.98 13.26 12.49 11.87 11.29 10.78 10.40 10.18 10.05 10.18 10.46 10.67 10.56 10.25 9.95 9.59 9.55 9.80 10.46 10.74 9.72 7.48 5.20 4.14 3.99
11.32 11.29 10.94 10.11 8.90 7.79 7.15 7.03 7.34 7.78 8.30 9.06 9.87 10.61 11.39 12.35 13.13 13.76 14.17 14.27 14.07 13.64 13.05 12.54 12.13 11.77 11.49 11.23 11.18 11.22 10.96 10.61 10.35 10.17 10.26 10.81 11.57 12.36 13.03 13.31 13.32 13.13 12.76 12.37 12.31 12.48 13.04 13.63 14.05 14.31 14.17 14.05 14.12 14.23 13.99 13.12 12.20 11.55 11.17 11.03 11.10 11.21 11.16 11.20 11.22 10.90 10.26 9.94 9.97 10.40 10.76 11.29 11.79 11.06 8.55 6.21 4.82 4.22
11.34 11.28 10.88 10.18 9.45 8.94 8.67 8.59 8.70 8.95 9.35 10.08 11.06 12.01 12.88 13.61 14.26 14.68 14.71 14.38 13.71 12.96 12.38 12.19 12.37 12.41 11.87 10.89 10.14 9.90 9.75 9.60 9.70 9.81 10.21 11.00 11.83 12.42 12.78 12.85 12.69 12.33 11.83 11.40 11.30 11.49 11.80 12.17 12.47 12.50 12.57 12.70 12.74 12.72 12.58 12.33 11.84 11.33 10.95 10.74 10.85 11.20 11.34 11.48 11.64 11.55 11.00 10.51 10.50 10.83 11.08 11.66 12.88 13.10 11.14 8.75 6.97 5.92
11.26 11.15 10.75 10.61 10.52 10.55 10.60 10.73 10.97 11.05 11.05 11.40 12.23 13.23 14.05 14.43 14.46 14.13 13.47 12.61 11.85 11.38 11.20 11.38 11.93 12.65 12.81 12.57 12.31 12.26 12.27 12.11 11.71 11.21 11.00 11.32 11.78 12.12 12.21 12.12 11.77 11.37 11.04 10.83 10.75 10.87 11.05 11.08 10.72 10.00 9.59 9.77 10.19 10.42 10.59 10.88 11.04 10.96 10.81 10.74 10.87 11.17 11.21 11.17 11.28 11.47 11.32 10.91 10.51 10.37 10.49 11.22 13.18 14.55 14.01 11.85 9.75 8.17
11.07 10.88 10.63 10.88 11.04 11.49 11.94 12.40 12.91 13.23 13.25 13.26 13.65 14.22 14.46 14.28 13.70 12.86 11.99 11.33 10.98 10.79 10.70 10.87 11.34 12.31 13.17 13.94 14.36 14.54 14.54 14.27 13.61 12.64 11.85 11.64 11.69 11.71 11.64 11.35 10.90 10.56 10.50 10.66 10.85 11.13 11.32 11.25 10.51 9.34 8.37 7.91 7.72 8.13 8.98 9.94 10.71 11.03 11.03 11.02 11.17 11.31 11.06 10.77 10.66 10.81 10.77 10.38 9.78 9.56 9.67 10.50 12.75 15.03 15.92 15.27 13.57 11.88
11.04 10.88 10.75 10.99 11.60 12.47 13.33 13.95 14.37 14.69 14.81 14.72 14.54 14.26 13.79 13.09 12.34 11.63 11.09 10.84 11.12 11.40 11.50 11.52 11.66 12.02 12.45 12.96 13.40 13.69 13.86 13.95 13.78 13.19 12.24 11.70 11.49 11.20 10.81 10.53 10.45 10.71 10.98 11.26 11.53 11.86 12.05 12.22 12.09 11.55 10.64 9.57 8.46 8.51 9.33 10.28 11.02 11.46 11.62 11.64 11.58 11.53 11.25 11.04 10.97 10.92 10.64 10.13 9.62 9.55 9.77 10.49 12.19 14.33 16.14 16.97 16.83 15.96
11.19 11.08 10.93 11.13 11.79 12.70 13.50 14.05 14.36 14.56 14.66 14.54 14.10 13.35 12.46 11.66 11.08 10.70 10.40 10.34 10.95 11.61 11.99 12.03 11.91 11.75 11.37 11.02 10.92 11.14 11.58 12.25 12.86 12.97 12.29 11.57 11.06 10.50 10.09 10.21 10.88 11.67 12.01 12.12 12.17 12.29 12.43 12.74 13.07 13.40 13.40 12.91 11.91 11.01 10.81 10.92 11.21 11.64 12.09 12.28 12.22 12.17 11.98 11.89 11.84 11.77 11.51 11.11 10.86 10.64 10.57 10.79 11.55 12.79 14.56 16.31 17.19 17.23
11.23 11.12 10.86 10.86 11.17 11.65 11.99 12.30 12.57 12.85 13.04 12.99 12.62 11.97 11.23 10.59 10.21 10.15 10.19 10.30 10.69 11.13 11.52 11.61 11.33 10.83 10.16 9.56 9.03 8.87 9.30 10.09 11.03 11.63 11.70 11.36 10.88 10.52 10.61 11.26 12.02 12.37 12.43 12.43 12.40 12.39 12.43 12.43 12.62 13.04 13.55 13.88 13.68 12.74 11.50 10.89 11.00 11.48 12.00 12.41 12.67 12.86 12.82 12.76 12.71 12.65 12.50 12.17 11.79 11.23 10.87 10.82 10.98 11.62 12.91 14.34 15.27 15.74
11.22 11.13 10.96 10.83 10.70 10.41 10.27 10.25 10.48 10.87 11.18 11.20 10.90 10.36 9.75 9.45 9.74 10.42 11.22 11.72 11.73 11.66 11.65 11.58 11.23 10.34 9.15 8.29 7.63 7.23 7.27 7.69 8.35 9.19 9.90 10.36 10.73 11.14 11.68 12.12 12.28 12.24 12.12 12.13 12.20 12.27 12.29 12.01 11.61 11.40 11.59 12.18 12.75 12.54 11.45 10.75 10.80 11.25 11.75 12.32 12.87 13.26 13.32 13.33 13.30 13.17 12.85 12.23 11.44 10.58 10.29 10.35 10.56 11.09 11.97 12.73 13.15 13.27
11.51 11.64 11.79 11.53 10.91 10.21 9.68 9.43 9.52 9.78 9.90 9.71 9.26 8.66 8.14 8.27 9.38 10.99 12.24 12.83 12.98 12.85 12.60 12.38 12.23 11.82 10.56 9.00 7.89 7.23 6.78 6.74 7.09 7.68 8.44 9.41 10.41 11.14 11.37 11.30 11.19 11.25 11.35 11.48 11.70 11.96 12.14 11.79 10.89 10.05 9.65 9.71 10.26 10.94 10.86 10.53 10.53 10.89 11.39 11.99 12.59 13.08 13.24 13.33 13.40 13.35 13.04 12.30 11.23 10.21 9.81 9.85 10.11 10.51 11.09 11.93 12.27 12.03
11.86 12.19 12.45 12.14 11.45 10.65 10.03 9.70 9.47 9.08 8.51 7.95 7.52 7.23 6.95 6.87 7.79 9.58 11.08 12.18 12.80 13.07 13.05 12.97 13.15 13.50 13.33 12.14 10.86 10.18 9.77 9.33 9.29 9.41 9.69 10.17 10.66 10.82 10.61 10.39 10.29 10.36 10.70 10.99 11.35 11.78 12.17 12.06 11.21 10.18 9.37 8.53 8.11 8.44 8.93 9.45 10.02 10.53 11.02 11.53 12.05 12.39 12.61 12.77 13.04 13.35 13.48 13.09 12.11 10.85 10.00 9.72 9.73 10.01 10.72 11.72 12.37 12.19
