project/data/elevation/US_DEM2016/US_DEM2016_point_11-01-2019_1725_30m_vel.asc
ncols	125
nrows	167
xllcorner	-2042055.000000
yllcorner	1465035.000000
cellsize	30.000000
NODATA_value	-9999.000000
[rows 76 to 113 of 167, columns 0 to 83 of 125]
3.46 3.32 3.26 3.39 3.46 3.58 3.99 4.56 4.88 4.87 4.72 4.61 4.75 5.15 5.53 5.90 6.24 6.11 5.77 5.37 5.04 4.74 4.49 4.26 4.11 4.04 3.93 3.85 3.83 3.86 3.84 3.72 3.45 3.28 3.30 3.39 3.40 3.25 3.04 2.88 2.84 3.04 3.41 3.68 3.69 3.43 3.16 2.98 2.89 2.85 2.82 2.76 2.69 2.77 2.97 3.18 3.33 3.39 3.47 3.61 3.72 3.53 2.94 2.31 1.99 2.01 2.30 2.51 2.66 2.88 3.18 3.60 4.28 5.05 5.72 6.41 7.12 7.53 7.31 6.55 5.45 4.19 3.56 3.34
3.47 3.35 3.38 3.56 3.70 4.02 4.46 4.65 4.48 4.10 3.87 3.98 4.40 5.02 5.56 5.93 6.06 5.83 5.33 4.85 4.51 4.28 4.13 4.06 4.02 3.98 3.83 3.73 3.73 3.79 3.87 3.91 3.86 3.86 3.85 3.74 3.52 3.22 2.97 2.89 3.01 3.23 3.43 3.50 3.46 3.29 3.07 2.89 2.75 2.65 2.57 2.52 2.52 2.73 3.03 3.30 3.48 3.56 3.61 3.61 3.38 2.82 2.30 2.16 2.33 2.68 2.96 3.16 3.47 4.03 4.56 5.25 6.11 6.79 7.27 7.66 7.84 7.59 6.82 5.95 5.11 4.18 3.58 3.28
3.41 3.24 3.28 3.51 3.68 3.96 4.15 4.04 3.78 3.67 3.76 4.09 4.65 5.29 5.75 5.97 5.85 5.41 4.87 4.45 4.17 3.97 3.83 3.79 3.79 3.75 3.60 3.57 3.63 3.67 3.76 3.92 4.04 4.06 3.98 3.78 3.48 3.16 3.00 2.99 3.02 3.01 2.99 3.01 3.04 2.91 2.60 2.32 2.21 2.18 2.21 2.34 2.63 2.98 3.27 3.46 3.61 3.64 3.56 3.34 2.92 2.42 2.29 2.57 3.08 3.49 3.82 4.26 4.84 5.28 5.78 6.49 7.13 7.49 7.53 7.47 7.19 6.51 5.84 5.44 5.18 4.80 4.33 3.89
3.33 3.13 3.14 3.37 3.51 3.65 3.75 3.78 3.88 4.08 4.33 4.73 5.28 5.76 5.99 5.94 5.57 5.02 4.52 4.15 3.89 3.67 3.52 3.47 3.45 3.41 3.29 3.25 3.25 3.26 3.28 3.51 3.70 3.75 3.67 3.52 3.31 3.06 2.90 2.75 2.61 2.49 2.44 2.57 2.72 2.68 2.43 2.27 2.32 2.48 2.72 3.04 3.39 3.57 3.60 3.56 3.45 3.24 2.94 2.62 2.36 2.31 2.55 3.11 3.78 4.37 4.98 5.49 5.72 5.91 6.19 6.59 6.91 6.83 6.55 6.19 5.72 5.21 4.89 4.83 4.93 4.96 4.79 4.47
3.27 3.15 3.21 3.47 3.62 3.71 3.85 4.06 4.35 4.61 4.92 5.37 5.84 6.03 5.93 5.55 5.01 4.47 4.05 3.75 3.52 3.35 3.24 3.15 3.12 3.12 3.01 2.80 2.62 2.61 2.61 2.79 3.03 3.22 3.28 3.26 3.19 3.08 2.97 2.82 2.70 2.67 2.68 2.79 2.88 2.91 2.89 2.95 3.11 3.35 3.61 3.81 3.90 3.84 3.64 3.47 3.22 2.91 2.68 2.54 2.52 2.72 3.16 3.85 4.62 5.37 5.84 5.86 5.69 5.63 5.80 5.96 5.84 5.40 5.06 4.86 4.66 4.47 4.32 4.19 4.27 4.52 4.63 4.56
3.26 3.24 3.40 3.70 3.88 3.98 4.12 4.36 4.65 4.96 5.35 5.74 5.97 5.86 5.41 4.83 4.29 3.78 3.43 3.18 3.04 3.01 3.01 2.95 2.94 2.94 2.77 2.40 2.14 2.08 2.08 2.17 2.36 2.61 2.84 3.08 3.18 3.28 3.33 3.36 3.42 3.48 3.52 3.49 3.47 3.53 3.63 3.81 3.96 3.96 3.89 3.79 3.70 3.59 3.54 3.48 3.41 3.44 3.50 3.51 3.56 3.74 4.14 4.79 5.49 5.94 5.80 5.23 4.88 4.98 5.26 5.34 5.08 4.56 4.31 4.22 4.18 4.16 4.06 3.87 3.82 3.95 4.15 4.26
3.38 3.41 3.50 3.62 3.79 3.99 4.23 4.51 4.84 5.20 5.53 5.74 5.68 5.27 4.66 4.15 3.71 3.29 2.93 2.74 2.71 2.73 2.69 2.75 2.83 2.82 2.66 2.37 2.01 1.91 1.99 2.14 2.26 2.29 2.47 2.86 3.13 3.37 3.54 3.74 3.93 4.03 4.02 3.93 3.91 4.02 4.17 4.28 4.26 4.02 3.77 3.70 3.74 3.75 3.71 3.68 3.73 3.91 4.04 4.14 4.30 4.55 4.94 5.46 5.91 5.83 5.15 4.54 4.45 4.70 4.97 4.96 4.63 4.19 4.04 3.99 3.96 3.97 3.92 3.79 3.68 3.64 3.66 3.79
3.51 3.54 3.50 3.45 3.57 3.87 4.24 4.61 4.97 5.27 5.47 5.48 5.20 4.70 4.16 3.74 3.37 3.01 2.72 2.58 2.55 2.49 2.41 2.49 2.69 2.78 2.79 2.74 2.55 2.47 2.59 2.74 2.70 2.57 2.50 2.92 3.04 3.29 3.56 3.86 4.01 3.97 3.89 3.86 3.95 4.16 4.34 4.39 4.28 4.13 4.12 4.19 4.19 4.06 3.87 3.81 3.82 3.90 4.03 4.23 4.52 4.83 5.21 5.56 5.70 5.31 4.66 4.47 4.59 4.71 4.76 4.59 4.15 3.70 3.54 3.59 3.62 3.62 3.60 3.54 3.46 3.35 3.20 3.28
3.51 3.52 3.49 3.49 3.62 3.92 4.30 4.69 4.98 5.17 5.22 5.08 4.73 4.26 3.82 3.46 3.12 2.80 2.59 2.48 2.39 2.25 2.21 2.38 2.69 2.96 3.21 3.47 3.68 3.81 3.83 3.66 3.40 3.16 2.98 3.04 3.25 3.54 3.86 3.99 3.83 3.61 3.59 3.76 3.98 4.25 4.50 4.63 4.67 4.70 4.66 4.54 4.31 4.09 3.92 3.87 3.90 4.02 4.22 4.41 4.63 4.85 5.06 5.23 5.19 4.80 4.47 4.54 4.61 4.54 4.39 4.13 3.67 3.17 2.92 2.98 3.08 3.07 3.05 3.04 3.03 3.00 2.89 2.90
3.46 3.46 3.52 3.63 3.82 4.10 4.42 4.70 4.89 4.97 4.92 4.70 4.34 3.92 3.52 3.16 2.82 2.50 2.29 2.23 2.20 2.23 2.41 2.73 3.11 3.44 3.80 4.13 4.42 4.59 4.57 4.32 3.97 3.68 3.52 3.53 3.77 4.06 4.09 3.82 3.49 3.42 3.65 3.93 4.15 4.46 4.85 5.03 5.06 5.04 4.90 4.62 4.35 4.15 3.98 3.96 4.06 4.19 4.29 4.35 4.41 4.47 4.60 4.78 4.74 4.48 4.26 4.29 4.24 4.12 4.02 3.84 3.52 3.10 2.73 2.69 2.68 2.58 2.48 2.44 2.46 2.54 2.63 2.68
3.48 3.51 3.60 3.76 3.99 4.23 4.41 4.55 4.71 4.78 4.68 4.40 4.02 3.60 3.17 2.77 2.37 2.04 1.96 2.06 2.25 2.54 2.90 3.28 3.65 3.96 4.21 4.37 4.44 4.48 4.47 4.42 4.27 4.04 3.88 3.86 3.99 4.02 3.72 3.34 3.24 3.42 3.63 3.81 4.06 4.55 4.99 5.02 4.84 4.79 4.76 4.64 4.50 4.32 4.09 4.02 4.03 3.98 3.90 3.91 3.88 3.91 4.15 4.44 4.49 4.28 4.03 3.91 3.80 3.75 3.80 3.88 3.85 3.65 3.22 2.88 2.66 2.45 2.29 2.22 2.15 2.12 2.20 2.31
3.51 3.53 3.60 3.73 3.90 4.03 4.16 4.35 4.57 4.67 4.48 4.10 3.65 3.17 2.66 2.20 1.90 1.87 2.10 2.34 2.60 2.90 3.23 3.59 3.94 4.20 4.31 4.26 4.11 3.99 4.05 4.21 4.34 4.35 4.25 4.03 3.77 3.48 3.17 3.06 3.12 3.19 3.21 3.34 3.80 4.45 4.79 4.54 4.13 4.02 4.05 4.10 4.14 4.14 4.08 3.96 3.81 3.65 3.59 3.61 3.64 3.78 4.08 4.34 4.37 4.16 3.90 3.73 3.62 3.69 3.92 4.19 4.30 4.27 4.14 3.79 3.42 3.05 2.80 2.64 2.41 2.17 2.14 2.25
3.49 3.48 3.50 3.57 3.65 3.77 4.03 4.40 4.64 4.60 4.24 3.73 3.23 2.70 2.20 1.97 2.08 2.46 2.73 2.89 3.04 3.24 3.51 3.79 4.02 4.17 4.17 4.05 3.92 3.83 3.88 4.03 4.23 4.37 4.39 4.14 3.66 3.25 3.01 2.98 2.97 2.95 3.00 3.21 3.71 4.28 4.42 3.92 3.27 2.99 2.95 2.97 3.07 3.27 3.47 3.59 3.58 3.58 3.65 3.73 3.84 3.99 4.13 4.23 4.24 4.06 3.80 3.64 3.63 3.81 4.17 4.46 4.54 4.50 4.57 4.60 4.48 4.26 4.02 3.73 3.32 2.99 2.98 2.94
3.47 3.46 3.49 3.57 3.68 3.92 4.31 4.63 4.67 4.38 3.82 3.24 2.73 2.27 2.06 2.21 2.62 2.96 3.15 3.27 3.38 3.56 3.76 3.89 3.91 3.88 3.86 3.88 3.92 3.93 3.92 3.93 3.94 4.00 4.10 4.09 3.75 3.41 3.15 3.07 3.06 3.13 3.23 3.38 3.73 4.10 4.08 3.48 2.73 2.43 2.33 2.30 2.40 2.66 3.03 3.35 3.54 3.68 3.80 3.91 3.99 3.95 3.90 3.96 4.06 3.95 3.67 3.57 3.65 3.88 4.20 4.47 4.46 4.28 4.31 4.53 4.70 4.78 4.76 4.61 4.36 4.18 4.08 3.87
3.51 3.53 3.62 3.77 3.97 4.28 4.58 4.65 4.38 3.82 3.17 2.54 2.05 1.81 1.88 2.21 2.54 2.79 3.05 3.28 3.50 3.70 3.78 3.68 3.51 3.48 3.62 3.78 3.79 3.69 3.61 3.56 3.53 3.54 3.72 3.93 3.83 3.58 3.37 3.34 3.40 3.47 3.51 3.62 3.85 4.07 4.02 3.59 3.05 2.77 2.72 2.83 3.12 3.44 3.64 3.71 3.75 3.78 3.80 3.79 3.73 3.56 3.51 3.71 3.93 3.84 3.52 3.47 3.59 3.75 3.97 4.22 4.12 3.73 3.57 3.69 3.98 4.27 4.47 4.54 4.58 4.61 4.57 4.37
3.58 3.63 3.76 3.95 4.20 4.47 4.56 4.33 3.77 3.05 2.40 1.89 1.60 1.55 1.68 1.92 2.18 2.43 2.68 2.96 3.25 3.47 3.47 3.32 3.23 3.35 3.55 3.63 3.45 3.18 3.04 3.03 3.12 3.20 3.37 3.65 3.73 3.55 3.42 3.49 3.58 3.65 3.74 3.97 4.17 4.32 4.31 4.14 3.98 3.89 3.84 4.00 4.22 4.32 4.21 3.96 3.79 3.69 3.58 3.43 3.27 3.14 3.19 3.52 3.82 3.75 3.42 3.37 3.42 3.46 3.62 3.84 3.70 3.24 2.93 2.92 3.09 3.30 3.48 3.68 3.92 4.11 4.14 4.10
3.66 3.72 3.86 4.07 4.31 4.42 4.23 3.73 3.04 2.40 1.94 1.68 1.63 1.72 1.86 2.02 2.20 2.36 2.50 2.72 2.97 3.12 3.14 3.17 3.29 3.47 3.64 3.63 3.44 3.25 3.14 3.15 3.24 3.23 3.16 3.28 3.45 3.42 3.42 3.57 3.70 3.84 4.06 4.38 4.57 4.66 4.65 4.59 4.58 4.66 4.73 4.70 4.52 4.18 3.84 3.67 3.60 3.49 3.29 3.06 2.85 2.78 2.92 3.36 3.76 3.78 3.51 3.34 3.27 3.25 3.36 3.55 3.45 3.02 2.62 2.50 2.60 2.63 2.61 2.72 2.93 3.13 3.17 3.16
3.71 3.77 3.90 4.09 4.19 4.04 3.61 3.01 2.45 2.05 1.84 1.79 1.90 2.11 2.32 2.49 2.61 2.69 2.81 3.01 3.21 3.31 3.34 3.39 3.48 3.70 4.01 4.17 4.17 4.08 3.97 3.93 3.88 3.70 3.28 3.12 3.26 3.41 3.62 3.84 4.02 4.22 4.47 4.73 4.81 4.82 4.79 4.74 4.73 4.80 4.82 4.69 4.36 3.93 3.63 3.60 3.58 3.43 3.16 2.88 2.68 2.65 2.90 3.45 3.94 4.01 3.73 3.43 3.22 3.19 3.28 3.45 3.35 2.90 2.37 2.13 2.17 2.13 2.00 2.05 2.22 2.32 2.27 2.25
3.74 3.76 3.83 3.86 3.68 3.28 2.77 2.32 2.01 1.85 1.87 2.01 2.23 2.50 2.80 3.10 3.33 3.50 3.68 3.87 4.01 4.02 3.92 3.74 3.69 3.97 4.45 4.66 4.61 4.45 4.28 4.12 3.93 3.67 3.29 3.17 3.31 3.59 3.92 4.20 4.39 4.54 4.67 4.77 4.75 4.74 4.76 4.78 4.77 4.74 4.59 4.44 4.36 4.31 4.15 3.94 3.73 3.51 3.29 3.10 3.01 3.05 3.33 3.83 4.21 4.18 3.78 3.43 3.26 3.29 3.41 3.46 3.22 2.61 1.98 1.71 1.77 1.77 1.65 1.69 1.81 1.78 1.65 1.66
3.74 3.72 3.63 3.42 3.02 2.57 2.20 1.95 1.84 1.89 2.11 2.40 2.72 3.07 3.42 3.79 4.08 4.37 4.61 4.69 4.59 4.38 4.07 3.82 3.82 4.19 4.58 4.51 4.09 3.76 3.51 3.35 3.23 3.12 3.11 3.27 3.50 3.82 4.16 4.39 4.48 4.49 4.45 4.40 4.44 4.54 4.68 4.74 4.68 4.57 4.39 4.26 4.25 4.29 4.23 3.99 3.74 3.53 3.37 3.29 3.32 3.47 3.75 4.13 4.35 4.18 3.70 3.42 3.45 3.64 3.74 3.56 3.07 2.33 1.73 1.58 1.66 1.66 1.62 1.69 1.75 1.70 1.56 1.57
3.74 3.66 3.43 3.11 2.80 2.54 2.34 2.19 2.17 2.34 2.61 2.94 3.31 3.69 4.07 4.41 4.70 4.91 4.94 4.74 4.36 3.95 3.68 3.68 3.95 4.39 4.56 4.20 3.58 3.21 3.06 3.07 3.12 3.08 3.18 3.44 3.70 3.95 4.18 4.29 4.27 4.16 4.01 3.95 4.06 4.30 4.51 4.54 4.31 3.98 3.82 3.77 3.75 3.69 3.62 3.57 3.48 3.36 3.25 3.20 3.28 3.55 3.93 4.28 4.38 4.17 3.82 3.65 3.73 3.92 3.94 3.61 3.01 2.46 2.06 1.97 1.93 1.82 1.87 2.01 2.01 1.95 1.92 2.10
3.69 3.56 3.29 3.10 2.99 2.88 2.78 2.76 2.86 3.02 3.21 3.50 3.87 4.27 4.64 4.88 4.98 4.87 4.52 4.00 3.50 3.20 3.28 3.63 4.10 4.59 4.69 4.41 4.07 3.88 3.82 3.82 3.73 3.55 3.48 3.62 3.76 3.89 3.99 4.00 3.84 3.63 3.50 3.57 3.75 4.05 4.33 4.29 3.77 3.13 2.85 2.86 2.94 2.93 2.94 3.06 3.17 3.20 3.20 3.23 3.36 3.66 3.99 4.22 4.23 4.05 3.85 3.76 3.77 3.84 3.81 3.46 3.09 2.88 2.76 2.63 2.47 2.28 2.50 2.72 2.67 2.57 2.70 3.14
3.58 3.42 3.24 3.21 3.21 3.21 3.24 3.35 3.54 3.71 3.87 4.10 4.44 4.80 4.99 4.98 4.73 4.28 3.73 3.22 2.90 2.90 3.25 3.73 4.28 4.83 4.95 4.82 4.69 4.62 4.54 4.38 4.14 3.89 3.70 3.66 3.69 3.74 3.74 3.59 3.31 3.10 3.15 3.36 3.63 4.00 4.29 4.14 3.41 2.67 2.39 2.36 2.31 2.37 2.57 2.87 3.14 3.28 3.34 3.40 3.56 3.79 3.94 4.01 3.99 3.89 3.71 3.57 3.54 3.60 3.54 3.37 3.35 3.44 3.55 3.52 3.37 3.30 3.66 3.84 3.73 3.67 3.88 4.14
3.52 3.41 3.30 3.35 3.49 3.65 3.83 4.00 4.16 4.29 4.42 4.61 4.86 5.00 4.91 4.57 4.08 3.55 3.10 2.83 2.91 3.26 3.70 4.10 4.60 5.02 4.99 4.64 4.42 4.35 4.26 4.12 4.00 3.91 3.72 3.59 3.55 3.51 3.36 3.12 2.95 3.05 3.28 3.52 3.79 4.15 4.37 4.16 3.54 3.05 2.85 2.74 2.57 2.65 2.88 3.13 3.34 3.48 3.58 3.68 3.76 3.87 3.93 3.97 3.98 3.91 3.70 3.53 3.54 3.63 3.60 3.56 3.74 3.92 4.07 4.21 4.35 4.58 4.85 4.91 4.78 4.68 4.66 4.46
3.52 3.45 3.37 3.44 3.65 3.91 4.14 4.30 4.39 4.47 4.58 4.74 4.84 4.72 4.36 3.88 3.38 2.95 2.67 2.73 3.19 3.70 4.08 4.41 4.79 4.96 4.64 4.04 3.70 3.59 3.55 3.57 3.63 3.68 3.62 3.50 3.37 3.20 3.01 2.93 3.10 3.45 3.65 3.77 3.96 4.27 4.41 4.17 3.72 3.56 3.55 3.50 3.44 3.40 3.39 3.36 3.41 3.57 3.78 3.92 4.00 4.10 4.17 4.21 4.19 4.09 3.94 3.90 3.99 3.97 3.86 3.82 3.91 4.00 4.12 4.39 4.80 5.15 5.27 5.15 4.92 4.72 4.48 4.02
3.49 3.43 3.35 3.39 3.54 3.74 3.90 4.00 4.07 4.17 4.32 4.44 4.40 4.13 3.71 3.24 2.77 2.49 2.53 2.90 3.44 3.86 4.15 4.38 4.59 4.54 4.02 3.42 3.08 2.94 2.96 3.04 3.11 3.20 3.34 3.37 3.26 3.15 3.17 3.36 3.63 3.77 3.79 3.82 3.97 4.24 4.33 4.02 3.66 3.58 3.62 3.67 3.73 3.68 3.44 3.28 3.35 3.57 3.80 4.00 4.20 4.41 4.52 4.52 4.43 4.31 4.25 4.24 4.21 4.03 3.89 3.86 3.85 3.87 3.99 4.26 4.63 4.85 4.77 4.62 4.46 4.26 3.93 3.49
3.44 3.42 3.39 3.40 3.43 3.47 3.50 3.51 3.59 3.75 3.94 3.99 3.81 3.46 3.02 2.61 2.46 2.62 3.08 3.52 3.81 4.03 4.17 4.26 4.26 4.01 3.41 2.85 2.56 2.47 2.49 2.50 2.46 2.54 2.79 3.05 3.24 3.41 3.61 3.76 3.79 3.73 3.65 3.68 3.85 4.10 4.13 3.80 3.42 3.23 3.18 3.23 3.34 3.35 3.24 3.22 3.36 3.59 3.82 4.08 4.38 4.65 4.73 4.68 4.55 4.40 4.29 4.15 3.94 3.70 3.66 3.70 3.74 3.79 3.88 4.00 4.13 4.08 3.96 4.01 4.10 4.09 3.96 3.84
3.56 3.62 3.68 3.61 3.51 3.40 3.33 3.32 3.41 3.60 3.70 3.54 3.16 2.70 2.32 2.26 2.65 3.30 3.80 4.07 4.22 4.29 4.30 4.26 4.15 3.88 3.33 2.76 2.48 2.45 2.43 2.35 2.29 2.34 2.53 2.89 3.29 3.56 3.61 3.54 3.43 3.37 3.36 3.46 3.69 3.94 3.95 3.58 3.09 2.83 2.74 2.72 2.72 2.82 2.96 3.16 3.36 3.61 3.87 4.15 4.46 4.69 4.73 4.63 4.46 4.29 4.13 3.92 3.70 3.52 3.50 3.56 3.64 3.65 3.64 3.73 3.70 3.54 3.42 3.50 3.70 3.92 4.14 4.33
3.77 3.85 3.87 3.75 3.60 3.47 3.41 3.42 3.49 3.49 3.28 2.83 2.31 1.89 1.78 2.08 2.74 3.45 3.89 4.16 4.32 4.36 4.33 4.34 4.33 4.11 3.71 3.32 3.16 3.21 3.24 3.14 3.10 3.08 3.14 3.31 3.50 3.52 3.36 3.21 3.10 3.06 3.19 3.43 3.73 3.95 3.87 3.44 2.94 2.71 2.59 2.41 2.24 2.23 2.50 2.93 3.33 3.64 3.89 4.15 4.41 4.53 4.49 4.36 4.26 4.17 4.05 3.89 3.75 3.60 3.51 3.53 3.58 3.56 3.58 3.60 3.46 3.28 3.16 3.13 3.16 3.30 3.54 3.81
3.79 3.75 3.67 3.60 3.55 3.49 3.46 3.44 3.33 3.02 2.49 1.99 1.68 1.60 1.81 2.30 2.85 3.27 3.53 3.77 3.93 4.01 4.15 4.42 4.54 4.37 4.19 4.21 4.32 4.40 4.39 4.34 4.24 4.07 3.93 3.80 3.65 3.47 3.31 3.19 3.08 3.09 3.36 3.71 3.99 4.09 3.90 3.46 3.08 2.86 2.61 2.26 2.05 2.16 2.51 3.01 3.47 3.76 3.98 4.20 4.31 4.25 4.14 4.10 4.13 4.13 4.07 3.96 3.85 3.72 3.63 3.63 3.63 3.60 3.51 3.37 3.24 3.16 3.09 2.96 2.77 2.65 2.69 2.80
3.66 3.48 3.35 3.39 3.40 3.35 3.25 3.09 2.83 2.44 2.08 1.90 1.93 2.19 2.75 3.32 3.53 3.54 3.44 3.41 3.49 3.67 4.08 4.52 4.59 4.43 4.46 4.68 4.87 4.94 4.88 4.75 4.58 4.36 4.13 3.90 3.66 3.48 3.36 3.23 3.19 3.38 3.73 4.04 4.18 4.16 3.92 3.53 3.18 2.87 2.50 2.24 2.40 2.84 3.26 3.53 3.72 3.88 4.06 4.16 4.08 3.93 3.91 4.03 4.13 4.15 4.09 4.02 3.96 3.91 3.84 3.79 3.69 3.50 3.24 3.04 3.05 3.12 3.08 2.92 2.71 2.63 2.69 2.72
3.56 3.40 3.26 3.28 3.27 3.20 3.04 2.85 2.63 2.48 2.52 2.74 3.07 3.58 4.18 4.58 4.66 4.38 4.01 3.85 3.90 4.13 4.54 4.73 4.57 4.35 4.36 4.48 4.53 4.55 4.49 4.38 4.28 4.16 4.04 3.90 3.74 3.61 3.44 3.30 3.41 3.76 4.08 4.17 4.17 4.13 3.93 3.58 3.25 2.93 2.69 2.80 3.27 3.76 3.91 3.83 3.76 3.86 3.99 3.97 3.86 3.81 3.88 3.98 4.03 3.99 3.93 3.92 3.97 4.03 3.97 3.85 3.66 3.39 3.11 2.96 3.03 3.12 3.09 3.05 3.11 3.28 3.41 3.34
3.57 3.46 3.32 3.28 3.29 3.30 3.31 3.28 3.24 3.32 3.63 4.08 4.57 5.00 5.32 5.40 5.32 5.16 5.05 5.01 5.01 5.08 5.13 4.93 4.55 4.26 4.18 4.12 3.93 3.74 3.65 3.64 3.66 3.69 3.75 3.81 3.83 3.75 3.59 3.53 3.69 3.86 3.94 3.94 4.01 4.12 4.03 3.79 3.57 3.47 3.50 3.76 4.11 4.27 4.10 3.83 3.79 3.88 3.91 3.87 3.84 3.85 3.83 3.78 3.73 3.64 3.57 3.67 3.83 3.91 3.88 3.77 3.61 3.40 3.20 3.11 3.14 3.18 3.17 3.25 3.44 3.66 3.75 3.69
3.62 3.57 3.47 3.43 3.47 3.59 3.75 3.91 4.12 4.43 4.84 5.25 5.53 5.64 5.57 5.34 5.11 5.16 5.32 5.42 5.46 5.43 5.28 4.91 4.44 4.17 4.10 4.00 3.72 3.39 3.16 3.09 3.15 3.26 3.39 3.55 3.68 3.69 3.62 3.56 3.51 3.41 3.36 3.54 3.95 4.24 4.25 4.09 3.99 4.07 4.25 4.47 4.61 4.58 4.39 4.21 4.19 4.15 4.05 3.97 3.91 3.80 3.68 3.59 3.52 3.38 3.34 3.50 3.67 3.73 3.70 3.62 3.51 3.39 3.28 3.24 3.23 3.22 3.24 3.35 3.47 3.55 3.55 3.52
3.70 3.68 3.64 3.65 3.73 3.85 4.04 4.33 4.74 5.17 5.49 5.62 5.55 5.33 5.00 4.62 4.41 4.52 4.69 4.86 5.03 5.11 5.01 4.69 4.28 4.06 4.05 3.98 3.76 3.54 3.39 3.32 3.39 3.48 3.50 3.47 3.48 3.51 3.47 3.33 3.15 3.08 3.26 3.70 4.23 4.52 4.49 4.31 4.20 4.30 4.51 4.71 4.84 4.86 4.85 4.80 4.70 4.49 4.26 4.07 3.89 3.69 3.58 3.55 3.45 3.30 3.31 3.50 3.66 3.67 3.57 3.44 3.36 3.31 3.29 3.28 3.26 3.25 3.30 3.41 3.52 3.56 3.53 3.45
3.74 3.69 3.69 3.80 3.96 4.13 4.38 4.74 5.16 5.41 5.42 5.24 4.93 4.59 4.27 3.99 3.85 3.92 4.05 4.25 4.53 4.71 4.71 4.45 4.13 4.00 3.97 3.83 3.60 3.54 3.65 3.79 3.87 3.86 3.77 3.62 3.50 3.45 3.38 3.29 3.28 3.46 3.79 4.25 4.67 4.80 4.64 4.36 4.19 4.21 4.38 4.61 4.82 4.92 4.98 4.97 4.83 4.61 4.33 4.05 3.82 3.65 3.56 3.47 3.30 3.22 3.38 3.61 3.74 3.67 3.43 3.25 3.20 3.20 3.20 3.20 3.21 3.23 3.31 3.47 3.61 3.63 3.56 3.50
3.71 3.64 3.69 3.90 4.13 4.38 4.72 5.05 5.23 5.16 4.89 4.57 4.28 4.03 3.78 3.54 3.43 3.54 3.76 4.00 4.28 4.56 4.56 4.23 3.98 4.00 3.95 3.72 3.50 3.42 3.48 3.58 3.62 3.59 3.59 3.59 3.54 3.48 3.43 3.50 3.67 3.89 4.19 4.65 4.98 4.94 4.60 4.20 3.99 3.99 4.13 4.35 4.51 4.54 4.53 4.51 4.45 4.32 4.15 3.96 3.78 3.63 3.46 3.28 3.16 3.22 3.46 3.69 3.75 3.54 3.21 3.06 3.03 3.03 3.03 3.03 3.03 3.07 3.20 3.45 3.59 3.52 3.39 3.35
3.69 3.67 3.74 3.94 4.15 4.42 4.75 4.90 4.79 4.50 4.17 3.84 3.59 3.37 3.17 3.04 3.17 3.46 3.71 3.92 4.28 4.63 4.49 4.04 3.97 4.12 4.06 3.87 3.71 3.55 3.37 3.19 3.07 3.07 3.18 3.30 3.39 3.43 3.48 3.63 3.81 4.00 4.32 4.78 5.00 4.79 4.31 3.91 3.77 3.81 3.93 4.06 4.07 3.92 3.73 3.68 3.69 3.72 3.79 3.82 3.75 3.59 3.38 3.21 3.20 3.33 3.54 3.71 3.65 3.34 3.04 2.90 2.85 2.86 2.91 2.92 2.89 2.89 3.05 3.36 3.45 3.23 3.04 2.99
