project/data/elevation/US_DEM2016/US_DEM2016_point_10-28-2019_0745_30m_vel.asc
ncols	125
nrows	167
xllcorner	-2042055.000000
yllcorner	1465035.000000
cellsize	30.000000
NODATA_value	-9999.000000
[rows 74 to 110 of 167, columns 0 to 83 of 125]
8.08 7.98 7.99 8.23 8.51 8.62 8.66 8.97 9.79 10.78 11.49 11.76 11.62 11.14 10.48 10.11 10.39 11.18 11.91 12.32 12.47 12.11 11.28 10.48 9.95 9.85 10.19 10.59 10.60 10.23 9.74 9.37 8.98 8.68 8.34 8.07 7.94 7.72 7.51 7.54 7.83 8.10 8.30 8.59 8.74 8.61 8.46 8.31 7.89 7.50 7.35 7.59 7.98 8.10 7.94 7.89 8.01 8.30 8.74 9.23 9.65 9.93 9.77 9.28 8.47 7.65 7.31 7.87 8.36 8.05 7.26 6.79 6.66 6.70 7.06 7.74 8.62 9.71 11.11 12.40 13.29 13.69 13.57 13.13
8.18 8.16 8.27 8.52 8.75 8.87 8.96 9.40 10.34 11.04 11.37 11.50 11.62 11.65 11.46 11.31 11.44 11.68 11.70 11.66 11.67 11.42 10.83 10.20 9.68 9.32 9.33 9.86 10.30 10.23 9.79 9.20 8.37 7.77 7.51 7.51 7.57 7.53 7.45 7.43 7.44 7.60 7.88 8.23 8.36 7.95 7.24 6.56 6.32 6.20 6.15 6.41 6.92 7.30 7.43 7.55 7.73 7.84 8.01 8.31 8.66 8.80 8.46 7.62 6.79 6.28 6.23 7.01 8.10 8.42 7.90 7.47 7.42 7.66 8.25 9.12 10.16 11.28 12.09 12.32 11.61 10.32 9.38 9.13
8.30 8.39 8.64 8.87 9.11 9.45 9.94 10.38 10.46 10.13 9.72 9.59 9.94 10.61 11.08 11.44 11.63 11.51 11.09 10.71 10.57 10.44 10.26 10.04 9.73 9.26 8.82 9.04 9.68 10.04 9.93 9.47 8.61 7.88 7.65 7.67 7.66 7.46 7.13 6.84 6.76 7.01 7.50 7.86 8.07 7.88 7.44 6.92 6.62 6.60 6.60 6.55 6.52 6.73 7.13 7.49 7.72 7.73 7.79 7.92 7.92 7.63 7.10 6.68 6.47 6.39 6.60 7.18 8.21 8.97 9.05 8.96 9.31 9.96 10.72 11.64 12.56 13.07 12.82 11.86 10.06 7.56 6.24 5.90
8.32 8.44 8.78 8.99 9.23 9.74 10.04 9.89 9.20 8.27 7.77 8.04 8.77 9.69 10.43 10.93 11.08 10.82 10.33 9.89 9.67 9.65 9.72 9.80 9.72 9.35 8.75 8.61 9.04 9.72 10.15 10.18 9.73 9.27 8.92 8.59 8.15 7.59 7.14 6.97 7.08 7.27 7.42 7.52 7.70 7.59 7.26 6.85 6.47 6.30 6.25 6.24 6.22 6.50 7.02 7.52 7.85 8.00 8.08 8.02 7.65 7.08 6.80 6.98 7.36 7.71 7.93 8.35 9.21 10.34 10.88 11.27 11.97 12.82 13.49 13.97 14.09 13.73 12.92 11.97 10.67 8.62 6.93 5.85
8.17 8.10 8.36 8.59 8.70 8.88 8.78 8.37 7.90 7.65 7.74 8.23 9.00 9.85 10.45 10.77 10.72 10.38 9.92 9.49 9.21 9.11 9.19 9.33 9.35 9.07 8.50 8.20 8.35 8.98 9.77 10.29 10.34 10.03 9.61 9.09 8.46 7.80 7.42 7.25 7.11 6.88 6.73 6.84 7.02 6.77 6.05 5.41 5.14 5.06 5.17 5.49 6.03 6.66 7.24 7.69 8.04 8.17 8.05 7.71 7.29 6.99 7.07 7.63 8.45 8.98 9.47 10.24 11.33 12.05 12.52 12.86 13.42 14.04 14.21 14.06 13.46 12.43 11.85 11.79 11.71 10.93 9.56 8.12
7.91 7.61 7.75 8.06 8.04 7.93 7.92 8.07 8.37 8.70 9.04 9.51 10.17 10.74 10.98 10.87 10.52 10.07 9.64 9.25 8.93 8.75 8.69 8.80 8.88 8.61 7.97 7.44 7.25 7.59 8.19 9.08 9.61 9.63 9.32 8.91 8.41 7.82 7.35 6.88 6.44 6.07 6.00 6.43 6.77 6.49 5.57 4.92 4.93 5.29 5.79 6.45 7.16 7.62 7.84 7.85 7.72 7.43 6.91 6.42 6.37 6.65 7.14 8.01 9.03 9.99 11.05 11.98 12.41 12.62 12.62 12.61 12.84 12.90 12.68 12.22 11.38 10.50 10.19 10.66 11.43 11.79 11.39 10.41
7.68 7.40 7.57 8.09 8.23 8.17 8.32 8.75 9.32 9.71 10.12 10.64 11.19 11.33 11.11 10.57 9.91 9.37 8.98 8.67 8.43 8.29 8.23 8.30 8.46 8.29 7.53 6.46 5.67 5.69 5.98 6.76 7.77 8.47 8.63 8.51 8.26 8.00 7.64 7.22 6.92 6.78 6.89 7.37 7.69 7.50 6.71 6.12 6.19 6.74 7.40 7.92 8.20 8.26 8.01 7.75 7.34 6.90 6.51 6.31 6.48 6.93 7.58 8.57 9.66 10.81 11.72 11.99 11.81 11.54 11.28 11.06 10.83 10.36 10.12 10.14 9.98 9.58 9.15 9.01 9.68 10.88 11.53 11.36
7.61 7.49 7.76 8.42 8.78 8.87 8.99 9.32 9.80 10.26 10.73 11.12 11.26 11.00 10.42 9.71 8.99 8.30 7.87 7.61 7.50 7.55 7.72 7.87 8.12 8.16 7.48 5.81 4.52 4.12 4.08 4.43 5.38 6.71 7.60 8.09 8.23 8.47 8.52 8.53 8.61 8.73 8.94 9.13 9.28 9.16 8.58 8.01 7.92 7.97 7.99 7.95 7.89 7.84 7.84 7.83 7.84 8.09 8.30 8.36 8.44 8.61 8.98 9.66 10.36 10.92 10.94 10.43 10.11 10.09 10.00 9.80 9.49 8.93 8.85 9.11 9.38 9.43 9.10 8.45 8.31 9.03 10.35 11.10
7.94 7.92 8.04 8.29 8.60 8.91 9.21 9.58 10.05 10.49 10.83 10.89 10.58 9.96 9.27 8.73 8.23 7.62 7.05 6.77 6.74 6.81 6.93 7.27 7.73 8.10 7.84 6.48 4.62 3.82 3.55 3.69 4.22 5.11 6.42 7.46 7.99 8.50 8.85 9.22 9.60 9.89 10.02 10.01 10.11 10.15 9.83 9.28 8.83 8.32 7.84 7.68 7.84 8.05 8.13 8.20 8.41 8.90 9.32 9.63 9.83 9.99 10.20 10.36 10.48 10.28 9.70 9.29 9.28 9.48 9.50 9.28 8.89 8.43 8.34 8.56 8.95 9.26 9.22 8.78 8.12 7.94 8.66 9.96
8.28 8.35 8.32 8.17 8.28 8.70 9.18 9.69 10.13 10.39 10.43 10.19 9.66 9.02 8.46 8.05 7.73 7.35 6.87 6.47 6.26 6.19 6.21 6.51 7.18 7.91 8.23 7.72 6.39 5.50 5.18 5.16 5.07 5.26 5.92 6.91 7.57 8.09 8.59 9.12 9.49 9.63 9.62 9.55 9.75 10.07 10.04 9.61 9.13 8.69 8.55 8.64 8.72 8.67 8.46 8.42 8.47 8.65 9.07 9.58 10.03 10.30 10.42 10.25 9.86 9.38 9.10 9.21 9.42 9.48 9.36 8.96 8.27 7.58 7.15 7.38 7.91 8.36 8.64 8.66 8.18 7.48 7.29 8.39
8.26 8.37 8.48 8.46 8.55 8.86 9.30 9.77 10.03 10.00 9.77 9.35 8.82 8.32 7.90 7.53 7.26 7.06 6.75 6.28 5.90 5.75 5.78 6.11 6.86 7.80 8.57 8.90 8.90 8.67 8.30 7.71 7.12 6.69 6.63 7.08 7.73 8.38 8.89 9.08 8.95 8.75 8.74 8.96 9.28 9.74 9.98 9.93 9.92 9.96 9.79 9.53 9.17 8.84 8.53 8.51 8.60 8.80 9.25 9.64 9.99 10.14 10.07 9.68 9.12 8.78 8.83 9.16 9.30 9.27 9.12 8.67 7.68 6.43 5.48 5.39 5.92 6.56 7.16 7.63 7.71 7.24 6.56 6.89
8.14 8.25 8.50 8.79 9.05 9.29 9.51 9.67 9.68 9.46 9.10 8.64 8.16 7.76 7.44 7.10 6.78 6.55 6.24 5.84 5.65 5.77 6.09 6.62 7.39 8.17 8.92 9.58 10.17 10.48 10.40 9.83 8.96 8.17 7.80 7.90 8.53 9.18 9.15 8.73 8.25 8.15 8.46 8.85 9.13 9.57 10.05 10.39 10.75 10.97 10.71 10.07 9.47 9.05 8.67 8.63 8.83 9.10 9.33 9.40 9.44 9.42 9.29 9.06 8.63 8.38 8.34 8.51 8.52 8.59 8.79 8.75 8.01 6.57 5.17 4.56 4.34 4.44 4.86 5.50 6.23 6.46 6.12 5.98
8.21 8.37 8.69 9.04 9.33 9.42 9.32 9.15 9.06 8.89 8.58 8.17 7.74 7.36 7.04 6.70 6.34 6.06 5.82 5.63 5.70 6.12 6.71 7.32 7.99 8.58 9.07 9.53 9.97 10.32 10.53 10.55 10.11 9.29 8.69 8.57 8.82 8.89 8.43 7.93 7.73 7.83 8.03 8.26 8.49 8.96 9.56 10.01 10.45 10.79 10.84 10.56 10.12 9.60 9.00 8.74 8.72 8.63 8.52 8.50 8.41 8.38 8.45 8.50 8.36 8.09 7.86 7.75 7.74 7.93 8.38 8.98 9.07 8.48 7.13 5.78 4.71 4.01 3.65 3.76 4.27 4.88 5.04 4.93
8.31 8.50 8.75 8.91 8.93 8.78 8.61 8.54 8.58 8.55 8.28 7.90 7.48 7.06 6.60 6.26 6.16 6.20 6.32 6.34 6.33 6.48 6.86 7.41 8.00 8.48 8.81 9.04 9.12 9.06 9.37 10.00 10.41 10.22 9.63 8.99 8.40 7.81 7.46 7.48 7.45 7.33 7.18 7.23 7.63 8.07 8.47 8.69 8.91 9.19 9.41 9.62 9.72 9.62 9.26 8.81 8.42 8.08 7.92 7.92 7.95 8.08 8.26 8.34 8.26 7.99 7.72 7.55 7.47 7.68 8.18 8.94 9.63 10.06 9.95 8.89 7.63 6.45 5.58 4.94 4.50 4.39 4.42 4.50
8.30 8.44 8.53 8.46 8.24 8.11 8.27 8.60 8.72 8.50 8.06 7.60 7.15 6.68 6.31 6.29 6.64 7.22 7.49 7.52 7.32 7.10 7.12 7.39 7.70 7.94 8.14 8.38 8.50 8.35 8.42 8.96 9.81 10.29 10.18 9.41 8.28 7.49 7.23 7.40 7.33 7.14 7.06 7.19 7.40 7.47 7.45 7.14 6.80 6.59 6.76 7.04 7.47 7.96 8.18 8.23 8.15 8.07 8.07 8.18 8.32 8.41 8.36 8.23 8.11 7.92 7.70 7.59 7.54 7.75 8.17 8.63 9.37 10.31 11.04 11.19 10.77 10.05 9.28 8.39 7.37 6.63 6.52 6.34
8.26 8.35 8.42 8.37 8.26 8.39 8.75 8.97 8.80 8.29 7.60 6.94 6.44 6.13 6.08 6.31 6.86 7.40 7.77 7.97 7.97 7.80 7.62 7.45 7.27 7.12 7.17 7.51 7.97 8.25 8.26 8.29 8.65 9.37 9.79 9.55 8.62 7.95 7.57 7.60 7.64 7.73 7.78 7.77 7.66 7.42 7.05 6.35 5.49 5.05 4.98 5.10 5.40 6.07 6.87 7.56 8.00 8.24 8.38 8.53 8.58 8.39 8.10 7.86 7.76 7.66 7.52 7.53 7.58 7.74 7.96 8.16 8.56 9.25 10.09 10.93 11.39 11.47 11.36 11.10 10.58 9.98 9.50 9.04
8.26 8.32 8.45 8.58 8.71 8.95 9.08 8.86 8.30 7.55 6.76 5.94 5.37 5.23 5.23 5.31 5.50 5.93 6.63 7.24 7.70 7.85 7.66 7.18 6.67 6.38 6.39 6.66 7.01 7.30 7.47 7.43 7.54 8.15 8.99 9.37 8.93 8.42 8.08 8.11 8.21 8.33 8.37 8.39 8.30 8.09 7.76 7.19 6.45 5.84 5.65 5.88 6.46 7.15 7.73 8.06 8.24 8.33 8.35 8.31 8.17 7.86 7.63 7.50 7.40 7.27 7.12 7.21 7.33 7.38 7.48 7.61 7.58 7.52 7.85 8.57 9.56 10.25 10.82 11.30 11.44 11.29 11.06 10.77
8.26 8.31 8.46 8.68 8.93 9.06 8.84 8.22 7.37 6.51 5.79 5.24 4.94 4.79 4.57 4.26 4.15 4.44 5.02 5.75 6.40 6.87 6.94 6.75 6.57 6.47 6.34 6.15 5.92 5.75 5.85 6.07 6.38 6.99 8.01 8.84 8.90 8.52 8.26 8.38 8.47 8.58 8.74 9.07 9.21 9.23 9.12 8.88 8.66 8.42 8.09 8.28 8.78 9.15 9.17 8.77 8.40 8.19 7.95 7.66 7.43 7.27 7.14 7.13 7.06 6.82 6.64 6.78 6.87 6.85 6.95 7.08 6.83 6.28 6.06 6.41 7.19 7.91 8.57 9.32 10.01 10.33 10.37 10.53
8.26 8.32 8.49 8.75 8.93 8.75 8.14 7.27 6.41 5.75 5.37 5.24 5.23 5.24 5.10 4.75 4.42 4.34 4.50 4.87 5.31 5.75 6.17 6.58 6.95 7.12 7.01 6.61 6.19 5.95 5.91 6.07 6.36 6.69 7.22 8.03 8.48 8.41 8.34 8.51 8.65 8.87 9.20 9.68 9.90 10.05 10.10 10.03 10.04 10.18 10.22 10.06 9.78 9.32 8.80 8.47 8.24 7.94 7.52 7.05 6.71 6.60 6.62 6.70 6.77 6.69 6.62 6.67 6.63 6.55 6.67 6.89 6.71 6.04 5.43 5.24 5.67 6.17 6.45 6.85 7.51 8.13 8.26 8.31
8.28 8.34 8.46 8.60 8.45 7.87 7.01 6.20 5.64 5.39 5.37 5.46 5.64 5.89 6.11 6.15 5.94 5.68 5.64 5.83 6.13 6.47 6.84 7.19 7.40 7.61 7.90 8.13 8.23 8.22 8.13 8.07 8.05 7.90 7.50 7.64 8.12 8.45 8.72 8.96 9.14 9.42 9.74 10.02 10.00 10.09 10.25 10.30 10.35 10.54 10.66 10.51 9.92 8.98 8.34 8.30 8.26 7.94 7.38 6.83 6.45 6.32 6.50 6.76 7.02 7.14 7.16 7.07 6.78 6.61 6.65 6.96 6.95 6.30 5.26 4.35 4.20 4.46 4.54 4.71 5.26 6.04 6.21 6.03
8.27 8.29 8.22 7.95 7.30 6.38 5.54 5.08 5.00 5.15 5.38 5.70 6.04 6.42 6.94 7.51 7.87 8.01 8.15 8.34 8.53 8.63 8.58 8.32 8.00 7.91 8.29 8.82 9.24 9.35 9.24 9.02 8.73 8.34 7.76 7.72 8.13 8.71 9.22 9.51 9.67 9.79 9.84 9.77 9.54 9.56 9.84 10.11 10.30 10.42 10.32 10.24 10.18 9.97 9.52 9.01 8.58 8.16 7.76 7.44 7.26 7.17 7.25 7.42 7.55 7.52 7.41 7.28 7.05 7.00 7.09 7.34 7.31 6.56 5.15 3.73 3.07 2.93 2.97 3.06 3.35 3.99 4.55 4.73
8.23 8.22 7.97 7.35 6.40 5.48 4.92 4.73 4.90 5.25 5.67 6.23 6.84 7.42 8.05 8.81 9.42 9.94 10.27 10.35 10.15 9.77 9.26 8.80 8.45 8.23 8.17 8.10 8.06 8.04 7.82 7.58 7.43 7.32 7.42 7.85 8.40 8.96 9.45 9.66 9.66 9.52 9.24 8.91 8.78 8.84 9.17 9.55 9.88 10.14 10.08 10.01 10.10 10.20 10.04 9.42 8.78 8.31 8.03 7.92 7.95 8.04 8.02 8.02 7.97 7.73 7.37 7.25 7.33 7.67 7.85 7.96 7.97 7.27 5.62 4.15 3.27 2.82 2.62 2.51 2.57 2.91 3.48 3.98
8.23 8.18 7.86 7.32 6.73 6.29 6.04 5.92 5.98 6.20 6.54 7.09 7.83 8.57 9.28 9.86 10.36 10.67 10.66 10.36 9.80 9.17 8.69 8.53 8.64 8.67 8.36 7.73 7.18 6.96 6.83 6.77 6.92 7.06 7.39 8.00 8.60 9.03 9.29 9.34 9.20 8.91 8.50 8.14 8.02 8.12 8.30 8.56 8.82 8.90 8.98 9.08 9.15 9.16 9.04 8.83 8.49 8.12 7.86 7.71 7.79 8.07 8.21 8.29 8.30 8.15 7.82 7.63 7.72 8.00 8.11 8.23 8.67 8.56 7.21 5.72 4.60 3.85 3.52 3.32 3.23 3.30 3.61 4.15
8.16 8.05 7.72 7.61 7.49 7.46 7.46 7.54 7.72 7.82 7.87 8.18 8.82 9.59 10.23 10.53 10.53 10.24 9.66 8.92 8.28 7.89 7.79 7.99 8.41 8.90 9.00 8.82 8.62 8.58 8.60 8.55 8.35 8.07 7.99 8.25 8.58 8.83 8.89 8.81 8.51 8.15 7.85 7.66 7.57 7.62 7.71 7.73 7.52 7.08 6.84 7.00 7.32 7.49 7.60 7.79 7.89 7.84 7.74 7.71 7.82 8.07 8.15 8.13 8.11 8.11 8.03 7.89 7.73 7.67 7.67 7.91 8.92 9.61 9.16 7.77 6.46 5.41 5.24 5.15 5.00 4.91 5.13 5.85
8.01 7.84 7.63 7.81 7.89 8.16 8.47 8.83 9.22 9.48 9.55 9.62 9.97 10.42 10.58 10.40 9.90 9.17 8.43 7.86 7.54 7.41 7.44 7.68 8.10 8.82 9.41 9.93 10.22 10.34 10.34 10.15 9.69 9.08 8.59 8.46 8.51 8.53 8.46 8.21 7.80 7.49 7.42 7.51 7.60 7.75 7.84 7.74 7.20 6.42 5.81 5.57 5.48 5.78 6.40 7.10 7.64 7.89 7.90 7.92 8.04 8.17 8.00 7.78 7.64 7.65 7.63 7.46 7.17 7.06 7.07 7.47 8.79 10.15 10.64 10.18 9.08 8.02 7.89 7.82 7.67 7.56 7.71 8.09
7.96 7.84 7.75 7.93 8.34 8.94 9.57 10.04 10.36 10.58 10.70 10.70 10.64 10.45 10.06 9.45 8.78 8.14 7.67 7.46 7.65 7.91 8.10 8.22 8.43 8.77 9.09 9.44 9.75 9.91 9.95 9.94 9.78 9.41 8.82 8.46 8.32 8.12 7.82 7.55 7.43 7.59 7.79 7.97 8.12 8.31 8.36 8.40 8.23 7.83 7.23 6.56 5.87 5.97 6.62 7.33 7.87 8.20 8.35 8.38 8.35 8.31 8.08 7.88 7.77 7.67 7.47 7.21 6.99 7.03 7.17 7.59 8.64 9.94 11.03 11.53 11.45 10.94 10.63 10.53 10.37 10.09 9.80 9.40
8.06 7.99 7.90 8.06 8.56 9.22 9.78 10.17 10.37 10.50 10.58 10.54 10.26 9.70 8.98 8.29 7.75 7.37 7.12 7.11 7.60 8.16 8.52 8.66 8.68 8.63 8.39 8.13 8.06 8.17 8.38 8.77 9.13 9.21 8.80 8.35 7.99 7.59 7.28 7.32 7.78 8.36 8.58 8.63 8.64 8.70 8.72 8.86 9.03 9.24 9.21 8.87 8.26 7.77 7.72 7.82 8.04 8.36 8.70 8.85 8.82 8.76 8.58 8.46 8.35 8.22 8.03 7.87 7.86 7.82 7.81 7.92 8.35 9.08 10.16 11.27 11.90 12.02 11.94 11.77 11.32 10.78 10.13 9.30
8.08 8.03 7.88 7.92 8.19 8.55 8.76 8.93 9.08 9.26 9.40 9.38 9.11 8.60 7.97 7.40 7.01 6.91 6.94 7.12 7.51 7.89 8.23 8.35 8.24 7.93 7.44 7.00 6.64 6.51 6.79 7.30 7.88 8.27 8.36 8.19 7.88 7.63 7.69 8.14 8.69 8.92 8.92 8.88 8.83 8.81 8.78 8.74 8.89 9.20 9.53 9.74 9.60 9.02 8.23 7.82 7.94 8.31 8.68 8.97 9.15 9.26 9.19 9.10 8.99 8.87 8.75 8.63 8.52 8.24 8.03 7.98 8.02 8.36 9.16 10.09 10.75 11.15 11.38 11.39 11.00 10.35 9.55 8.62
8.07 8.04 7.98 7.93 7.87 7.67 7.53 7.46 7.59 7.86 8.07 8.05 7.77 7.31 6.79 6.49 6.65 7.14 7.77 8.23 8.32 8.31 8.32 8.28 8.02 7.37 6.52 5.90 5.44 5.19 5.25 5.55 5.98 6.56 7.10 7.47 7.79 8.12 8.50 8.81 8.91 8.84 8.70 8.67 8.69 8.71 8.65 8.43 8.23 8.15 8.32 8.73 9.07 8.87 8.16 7.73 7.81 8.16 8.54 8.94 9.32 9.58 9.59 9.54 9.43 9.26 9.01 8.66 8.24 7.73 7.58 7.65 7.76 8.05 8.58 9.06 9.33 9.45 9.74 10.24 10.50 10.33 9.88 9.37
8.28 8.41 8.58 8.42 7.99 7.49 7.09 6.86 6.91 7.10 7.15 6.91 6.46 5.94 5.52 5.65 6.50 7.72 8.67 9.13 9.26 9.18 9.00 8.81 8.61 8.21 7.26 6.16 5.38 4.95 4.70 4.71 5.00 5.48 6.08 6.81 7.58 8.15 8.30 8.22 8.10 8.09 8.12 8.19 8.32 8.45 8.48 8.17 7.59 7.08 6.89 7.00 7.38 7.79 7.74 7.59 7.65 7.92 8.30 8.74 9.18 9.50 9.58 9.58 9.54 9.41 9.12 8.63 8.00 7.42 7.22 7.30 7.49 7.69 7.99 8.51 8.68 8.50 8.28 8.66 9.38 9.98 10.36 10.55
8.56 8.81 9.00 8.79 8.32 7.77 7.33 7.06 6.89 6.57 6.07 5.53 5.07 4.79 4.61 4.69 5.52 6.88 7.98 8.76 9.20 9.37 9.31 9.22 9.27 9.36 9.08 8.20 7.32 6.90 6.70 6.48 6.54 6.71 7.00 7.40 7.78 7.90 7.75 7.55 7.42 7.43 7.66 7.85 8.07 8.30 8.43 8.23 7.63 7.01 6.54 6.03 5.77 5.98 6.36 6.82 7.29 7.68 8.06 8.47 8.84 9.05 9.14 9.18 9.30 9.43 9.41 9.09 8.50 7.78 7.32 7.20 7.25 7.39 7.78 8.37 8.68 8.47 7.75 7.31 7.55 8.20 8.91 9.56
8.45 8.55 8.59 8.43 8.15 7.75 7.36 6.97 6.42 5.65 4.81 4.36 4.31 4.55 4.70 4.68 4.89 5.51 6.41 7.37 8.03 8.45 8.80 9.12 9.44 9.84 10.23 10.31 10.10 9.90 9.70 9.51 9.31 9.00 8.74 8.50 8.22 7.96 7.76 7.60 7.48 7.46 7.69 7.88 8.06 8.30 8.58 8.70 8.43 7.86 7.16 6.18 5.19 4.93 5.39 6.29 7.16 7.72 8.10 8.40 8.54 8.54 8.57 8.75 9.01 9.35 9.65 9.62 9.16 8.31 7.70 7.46 7.37 7.36 7.53 7.97 8.57 8.67 8.06 7.16 6.48 6.21 6.33 6.76
8.06 7.90 7.82 7.85 7.75 7.48 7.11 6.41 5.73 5.16 4.88 4.84 5.12 5.70 6.55 7.18 6.90 6.49 6.41 6.54 6.89 7.41 8.16 8.85 9.24 9.64 10.21 10.76 11.13 11.30 11.19 10.97 10.65 10.13 9.54 9.00 8.50 8.15 7.87 7.67 7.70 7.87 8.06 8.05 8.02 8.15 8.57 9.01 9.06 8.58 7.71 6.68 5.98 5.88 6.34 6.92 7.43 7.82 8.13 8.24 8.10 8.00 8.20 8.60 8.93 9.23 9.62 9.90 9.79 9.19 8.46 8.05 7.73 7.35 7.03 7.25 8.09 8.62 8.43 7.69 6.74 6.06 5.73 5.77
7.89 7.69 7.54 7.62 7.68 7.60 7.27 6.74 6.27 6.13 6.44 6.99 7.60 8.49 9.53 10.27 10.52 9.92 8.89 8.24 8.03 8.22 8.70 9.00 9.11 9.22 9.41 9.67 10.04 10.45 10.63 10.62 10.50 10.17 9.75 9.26 8.76 8.34 7.92 7.69 7.88 8.26 8.42 8.18 7.91 7.87 8.27 8.89 9.30 9.22 8.66 8.06 7.71 7.71 7.73 7.58 7.48 7.65 7.88 7.88 7.73 7.77 8.07 8.41 8.65 8.83 9.14 9.57 9.89 9.84 9.24 8.60 8.04 7.47 7.04 7.05 7.71 8.44 8.61 8.29 7.86 7.66 7.53 7.20
8.00 7.85 7.72 7.80 7.98 8.17 8.29 8.27 8.20 8.32 8.88 9.70 10.60 11.34 11.79 12.03 12.27 12.16 11.67 11.09 10.61 10.25 9.92 9.53 9.27 9.10 8.94 8.76 8.57 8.59 8.85 9.10 9.20 9.24 9.24 9.19 8.99 8.60 8.19 7.98 8.08 8.12 8.01 7.81 7.64 7.69 8.08 8.79 9.59 10.16 10.23 9.87 9.44 9.01 8.41 7.77 7.55 7.68 7.78 7.75 7.72 7.80 7.86 7.94 8.06 8.13 8.28 8.70 9.24 9.55 9.37 8.86 8.30 7.81 7.46 7.36 7.72 8.34 8.70 8.64 8.51 8.55 8.61 8.49
8.19 8.16 8.13 8.19 8.37 8.66 9.04 9.44 9.90 10.39 10.98 11.63 12.09 12.19 11.99 11.69 11.51 11.65 11.74 11.59 11.27 10.83 10.30 9.75 9.38 9.14 8.95 8.79 8.46 8.01 7.72 7.69 7.74 7.89 8.15 8.48 8.68 8.62 8.37 8.03 7.65 7.23 6.96 7.06 7.44 7.78 8.23 8.89 9.77 10.68 11.14 11.04 10.63 10.08 9.39 8.74 8.46 8.31 8.14 7.98 7.85 7.69 7.54 7.54 7.66 7.69 7.68 7.88 8.30 8.75 8.96 8.79 8.42 8.05 7.78 7.66 7.80 8.23 8.59 8.58 8.34 8.19 8.24 8.37
8.36 8.45 8.49 8.50 8.64 8.86 9.20 9.72 10.49 11.21 11.65 11.72 11.46 10.95 10.40 9.92 9.62 9.66 9.78 9.90 9.91 9.82 9.66 9.47 9.33 9.12 8.92 8.91 8.91 8.72 8.37 8.09 8.04 8.07 8.06 8.08 8.19 8.31 8.20 7.78 7.25 6.91 6.95 7.35 7.86 8.22 8.56 9.02 9.63 10.36 10.95 11.20 11.17 11.00 10.75 10.28 9.80 9.27 8.71 8.26 7.88 7.55 7.41 7.43 7.52 7.53 7.47 7.51 7.79 8.18 8.50 8.54 8.33 8.07 7.89 7.78 7.84 8.18 8.54 8.52 8.23 8.02 7.99 8.08
