project/data/elevation/US_DEM2016/US_DEM2016_point_10-30-2019_0427_30m_vel.asc
ncols	125
nrows	167
xllcorner	-2042055.000000
yllcorner	1465035.000000
cellsize	30.000000
NODATA_value	-9999.000000
[rows 114 to 151 of 167, columns 0 to 83 of 125]
6.95 6.93 6.97 7.07 7.23 7.46 7.50 7.11 6.50 5.89 5.36 4.88 4.55 4.40 4.54 4.98 5.65 6.34 6.86 7.22 7.43 7.31 6.94 6.85 7.20 7.55 7.75 7.92 8.01 7.92 7.73 7.30 6.64 6.15 6.03 6.18 6.54 6.91 7.17 7.33 7.52 7.72 7.84 7.79 7.47 7.05 6.88 6.90 6.96 7.09 7.23 7.22 7.11 6.83 6.32 5.94 5.92 6.23 6.61 6.85 6.90 6.82 6.69 6.59 6.56 6.60 6.65 6.61 6.46 6.34 6.28 6.25 6.27 6.29 6.27 6.19 6.11 6.05 6.09 6.19 6.07 5.67 5.32 5.11
7.09 7.11 7.14 7.13 7.10 7.03 6.74 6.21 5.63 5.11 4.69 4.40 4.20 4.36 5.00 5.94 6.80 7.47 7.95 8.10 7.81 7.19 6.44 6.20 6.47 6.71 6.94 7.28 7.56 7.79 8.07 8.19 7.91 7.16 6.37 6.17 6.58 7.11 7.46 7.64 7.78 7.88 7.87 7.66 7.20 6.61 6.27 6.33 6.56 6.87 7.28 7.52 7.59 7.44 6.92 6.16 5.71 5.73 6.00 6.31 6.58 6.78 6.90 6.95 6.95 6.87 6.71 6.52 6.35 6.26 6.26 6.31 6.37 6.35 6.27 6.18 6.18 6.22 6.27 6.26 6.04 5.66 5.34 5.07
7.18 7.22 7.23 7.13 6.95 6.64 6.21 5.83 5.69 5.71 5.73 5.67 5.80 6.30 7.07 7.88 8.45 8.63 8.51 8.14 7.60 7.06 6.43 5.86 5.69 5.70 6.02 6.56 6.93 7.16 7.46 7.93 8.26 8.17 7.71 7.43 7.48 7.66 7.76 7.77 7.72 7.65 7.57 7.43 7.14 6.66 6.16 6.05 6.32 6.75 7.18 7.55 7.83 7.97 7.87 7.55 7.07 6.63 6.38 6.39 6.53 6.65 6.75 6.85 6.93 6.89 6.72 6.50 6.30 6.12 6.07 6.15 6.27 6.33 6.32 6.29 6.32 6.40 6.49 6.58 6.56 6.35 6.21 6.13
7.15 7.14 7.10 7.01 6.81 6.49 6.17 6.02 6.16 6.51 6.90 7.36 7.90 8.44 8.84 8.98 8.85 8.46 7.96 7.42 7.08 7.06 6.99 6.47 5.85 5.56 5.61 6.03 6.38 6.43 6.40 6.74 7.47 8.13 8.38 8.30 8.04 7.74 7.50 7.31 7.19 7.17 7.21 7.22 7.19 6.98 6.46 6.07 6.20 6.56 6.81 7.05 7.44 7.85 8.14 8.27 8.25 8.04 7.63 7.19 6.93 6.75 6.62 6.54 6.54 6.52 6.43 6.33 6.23 6.10 6.01 6.01 6.11 6.26 6.38 6.46 6.54 6.61 6.72 6.97 7.24 7.39 7.44 7.51
7.05 6.97 6.90 6.86 6.77 6.61 6.47 6.39 6.43 6.67 7.22 7.96 8.61 8.91 8.86 8.46 7.78 7.22 6.89 6.61 6.56 6.81 7.11 7.07 6.66 6.19 5.90 5.90 6.19 6.21 5.87 5.74 6.17 7.06 7.70 7.86 7.67 7.35 7.10 6.94 6.89 6.96 7.04 7.03 7.03 7.05 6.77 6.23 6.09 6.18 6.26 6.40 6.72 7.22 7.69 7.99 8.18 8.30 8.23 7.89 7.41 6.97 6.59 6.29 6.05 5.89 5.81 5.95 6.18 6.32 6.32 6.26 6.27 6.36 6.49 6.62 6.73 6.82 6.95 7.19 7.46 7.71 7.89 7.93
6.94 6.85 6.78 6.79 6.77 6.75 6.72 6.67 6.69 6.94 7.48 8.01 8.22 8.08 7.69 7.18 6.76 6.48 6.23 6.05 6.01 6.13 6.42 6.70 6.71 6.46 6.21 6.16 6.41 6.58 6.34 5.82 5.64 5.93 6.55 7.00 7.12 7.07 7.05 7.02 6.99 7.00 6.94 6.80 6.75 6.90 6.93 6.56 6.17 6.00 5.92 6.02 6.32 6.79 7.28 7.58 7.66 7.69 7.76 7.77 7.53 7.07 6.60 6.18 5.77 5.53 5.61 5.98 6.38 6.64 6.74 6.72 6.63 6.57 6.56 6.61 6.68 6.75 6.85 6.97 7.09 7.19 7.24 7.20
6.87 6.80 6.78 6.79 6.78 6.82 6.90 6.95 7.07 7.41 7.78 7.87 7.63 7.23 6.82 6.53 6.40 6.22 5.95 5.75 5.62 5.58 5.77 6.09 6.23 6.20 6.23 6.36 6.59 6.86 6.92 6.54 5.96 5.67 5.78 6.22 6.61 6.86 7.04 7.13 7.11 7.05 6.87 6.62 6.51 6.63 6.82 6.71 6.30 5.99 5.85 5.96 6.29 6.69 7.08 7.34 7.32 7.14 7.07 7.15 7.15 6.95 6.66 6.35 6.12 6.12 6.33 6.55 6.68 6.77 6.83 6.87 6.81 6.67 6.51 6.39 6.36 6.42 6.53 6.62 6.69 6.69 6.63 6.52
6.92 6.90 6.85 6.80 6.77 6.86 7.05 7.26 7.52 7.80 7.85 7.63 7.29 6.99 6.74 6.54 6.32 6.08 5.98 5.99 6.03 6.09 6.15 6.16 6.13 6.11 6.23 6.37 6.50 6.74 6.99 6.99 6.68 6.22 5.89 5.94 6.28 6.62 6.85 6.99 7.03 7.00 6.77 6.44 6.20 6.19 6.42 6.46 6.17 5.87 5.79 5.89 6.11 6.33 6.57 6.89 7.06 6.98 6.81 6.74 6.78 6.79 6.78 6.78 6.85 6.97 7.01 6.95 6.84 6.74 6.70 6.71 6.73 6.67 6.53 6.36 6.28 6.37 6.46 6.46 6.44 6.41 6.38 6.36
6.99 6.95 6.83 6.74 6.75 6.86 7.08 7.44 7.87 7.96 7.75 7.39 7.09 6.87 6.67 6.43 6.22 6.19 6.41 6.69 6.83 6.80 6.64 6.45 6.31 6.22 6.21 6.24 6.31 6.52 6.80 6.95 6.91 6.69 6.43 6.31 6.42 6.58 6.66 6.77 6.82 6.71 6.35 5.93 5.68 5.68 5.94 6.13 5.99 5.69 5.48 5.40 5.42 5.54 5.79 6.19 6.62 6.84 6.82 6.75 6.73 6.78 6.84 6.89 6.92 6.95 6.93 6.92 6.91 6.90 6.81 6.70 6.67 6.64 6.55 6.47 6.44 6.42 6.30 6.15 6.05 5.99 5.97 6.04
6.87 6.78 6.63 6.60 6.70 6.84 7.02 7.28 7.55 7.55 7.31 6.99 6.70 6.40 6.12 6.04 6.20 6.47 6.67 6.71 6.60 6.45 6.40 6.51 6.63 6.58 6.31 6.14 6.13 6.28 6.52 6.65 6.62 6.59 6.66 6.76 6.79 6.71 6.79 6.63 6.49 6.04 5.46 5.14 5.06 5.20 5.53 5.88 5.90 5.59 5.21 4.90 4.69 4.73 5.01 5.46 6.01 6.43 6.60 6.65 6.70 6.77 6.79 6.71 6.62 6.64 6.72 6.80 6.89 6.99 7.00 6.87 6.72 6.55 6.38 6.30 6.19 5.99 5.76 5.66 5.69 5.68 5.59 5.55
6.84 6.76 6.67 6.65 6.70 6.80 6.86 6.89 6.82 6.67 6.52 6.41 6.18 5.83 5.65 5.90 6.19 6.30 6.13 5.81 5.63 5.74 6.05 6.43 6.75 6.88 6.71 6.37 6.16 6.12 6.34 6.51 6.51 6.50 6.58 6.67 6.69 6.62 6.47 6.36 5.97 5.35 5.01 5.01 5.10 5.19 5.39 5.74 5.89 5.77 5.54 5.24 4.91 4.69 4.72 5.06 5.56 5.97 6.23 6.43 6.61 6.75 6.85 6.94 7.00 7.03 6.98 6.86 6.75 6.76 6.85 6.85 6.68 6.38 6.15 5.99 5.79 5.61 5.54 5.61 5.70 5.65 5.42 5.21
7.06 7.13 7.08 6.88 6.71 6.64 6.60 6.50 6.30 6.11 6.33 6.12 5.97 5.67 5.65 5.78 5.71 5.51 5.26 5.08 5.17 5.57 6.06 6.45 6.72 6.93 6.99 6.79 6.47 6.23 6.30 6.53 6.58 6.44 6.23 6.08 6.08 6.13 6.12 5.96 5.61 5.42 5.66 6.01 6.16 6.07 5.99 6.06 6.17 6.17 6.05 5.87 5.64 5.39 5.24 5.29 5.50 5.88 6.24 6.50 6.64 6.75 6.94 7.21 7.31 7.23 7.00 6.77 6.61 6.54 6.56 6.59 6.48 6.24 6.02 5.79 5.59 5.50 5.57 5.73 5.80 5.69 5.46 5.35
7.15 7.21 7.14 6.81 6.53 6.41 6.35 6.24 6.10 6.06 6.09 6.05 5.86 5.63 5.44 5.20 4.94 4.85 4.94 5.14 5.49 5.91 6.30 6.54 6.65 6.74 6.86 6.87 6.68 6.42 6.35 6.53 6.61 6.35 5.93 5.70 5.75 5.93 6.03 5.98 5.98 6.29 6.71 6.97 7.10 7.12 7.04 6.89 6.74 6.55 6.29 6.02 5.87 5.82 5.76 5.68 5.74 6.07 6.43 6.61 6.60 6.65 6.78 6.87 6.76 6.57 6.45 6.47 6.57 6.64 6.56 6.45 6.31 6.16 5.98 5.72 5.41 5.16 5.13 5.34 5.67 5.87 5.92 5.95
6.84 6.69 6.39 6.22 6.14 6.17 6.21 6.14 6.06 6.00 6.24 5.65 5.55 5.44 5.20 4.94 4.88 5.08 5.51 6.09 6.53 6.71 6.67 6.46 6.23 6.24 6.38 6.49 6.47 6.37 6.37 6.54 6.70 6.59 6.27 6.08 6.16 6.30 6.38 6.46 6.63 6.84 6.95 7.05 7.25 7.53 7.72 7.71 7.51 7.15 6.78 6.45 6.18 6.03 5.96 5.91 5.96 6.15 6.40 6.51 6.45 6.44 6.43 6.31 6.13 6.09 6.22 6.45 6.65 6.74 6.64 6.40 6.22 6.08 5.97 5.87 5.66 5.32 5.02 5.06 5.55 6.14 6.44 6.40
6.43 6.05 5.65 5.66 5.82 6.04 6.16 6.13 5.99 6.44 5.57 5.39 5.47 5.64 5.72 5.77 5.99 6.38 6.91 7.35 7.53 7.36 6.88 6.31 5.94 5.90 5.98 6.03 6.09 6.15 6.22 6.40 6.70 6.88 6.86 6.81 6.80 6.74 6.68 6.66 6.65 6.60 6.70 6.95 7.31 7.68 8.00 8.20 8.22 8.01 7.65 7.28 6.91 6.57 6.30 6.13 6.03 6.02 6.17 6.36 6.33 6.30 6.23 6.10 6.05 6.23 6.48 6.60 6.54 6.42 6.31 6.22 6.13 6.02 5.94 5.98 6.12 6.13 5.89 5.68 5.86 6.25 6.45 6.32
6.55 6.22 5.86 5.93 6.12 6.24 6.24 6.16 6.03 6.44 5.72 5.71 5.92 6.29 6.69 7.04 7.40 7.67 7.78 7.73 7.50 7.12 6.68 6.31 6.05 5.95 5.91 5.94 6.03 6.10 6.12 6.22 6.53 6.87 7.00 6.95 6.82 6.68 6.59 6.48 6.36 6.38 6.64 7.00 7.40 7.75 7.97 8.12 8.28 8.28 8.00 7.57 7.17 6.87 6.64 6.43 6.19 5.97 5.99 6.20 6.33 6.34 6.31 6.28 6.36 6.55 6.60 6.40 6.05 5.81 5.81 5.90 5.99 6.05 6.03 5.96 6.02 6.29 6.53 6.55 6.46 6.39 6.30 6.25
6.92 6.83 6.78 6.93 6.99 6.78 6.44 6.25 6.18 6.13 6.09 6.18 6.45 6.86 7.26 7.54 7.69 7.65 7.43 7.03 6.54 6.12 6.00 6.05 6.07 6.06 6.10 6.24 6.39 6.44 6.37 6.35 6.55 6.85 6.92 6.69 6.44 6.37 6.42 6.44 6.47 6.60 6.88 7.16 7.38 7.49 7.46 7.41 7.51 7.67 7.60 7.36 7.16 7.01 6.86 6.69 6.49 6.29 6.13 6.21 6.40 6.49 6.51 6.55 6.63 6.65 6.43 6.03 5.67 5.58 5.67 5.84 5.97 6.11 6.28 6.25 6.05 5.96 6.20 6.59 6.81 6.88 6.97 7.23
7.07 7.14 7.28 7.39 7.36 7.13 6.73 6.40 6.29 6.30 6.34 6.44 6.66 6.94 7.14 7.15 7.01 6.79 6.50 6.04 5.56 5.31 5.41 5.74 5.99 6.16 6.33 6.55 6.75 6.86 6.92 6.97 7.06 7.19 7.23 7.03 6.68 6.49 6.49 6.65 6.90 7.18 7.36 7.35 7.22 6.97 6.67 6.51 6.63 6.98 7.24 7.31 7.29 7.18 7.00 6.84 6.73 6.64 6.49 6.44 6.51 6.61 6.69 6.75 6.72 6.51 6.14 5.79 5.69 5.76 5.91 6.07 6.16 6.19 6.29 6.42 6.44 6.25 6.12 6.38 6.95 7.52 8.00 8.35
7.08 7.16 7.26 7.26 7.22 7.24 7.11 6.78 6.53 6.49 6.49 6.46 6.49 6.54 6.53 6.51 6.45 6.20 5.82 5.47 5.29 5.33 5.58 5.89 6.11 6.26 6.43 6.62 6.81 7.00 7.24 7.47 7.61 7.69 7.75 7.67 7.36 6.99 6.75 6.85 7.15 7.39 7.39 7.20 6.91 6.52 6.14 5.98 6.17 6.66 7.16 7.40 7.41 7.27 7.10 6.97 6.88 6.83 6.73 6.61 6.60 6.68 6.77 6.79 6.68 6.38 5.96 5.73 5.80 5.99 6.15 6.25 6.32 6.35 6.28 6.27 6.50 6.76 6.87 7.00 7.39 7.81 8.09 8.14
7.14 7.30 7.50 7.50 7.44 7.40 7.42 7.34 7.10 6.85 6.62 6.38 6.16 6.04 6.10 6.25 6.26 6.04 5.82 5.83 6.02 6.20 6.28 6.34 6.38 6.42 6.50 6.63 6.80 6.98 7.16 7.37 7.56 7.76 7.97 8.12 8.06 7.75 7.30 7.06 7.10 7.11 7.06 6.97 6.70 6.34 6.06 5.98 6.16 6.62 7.15 7.49 7.58 7.48 7.31 7.15 6.99 6.88 6.73 6.61 6.57 6.59 6.63 6.64 6.59 6.39 6.11 5.99 6.06 6.24 6.37 6.39 6.35 6.36 6.38 6.42 6.56 6.93 7.43 7.78 7.86 7.64 7.30 7.11
7.29 7.57 7.96 7.99 7.80 7.51 7.47 7.55 7.47 7.10 6.66 6.30 6.03 5.92 6.03 6.13 6.09 6.08 6.24 6.56 6.82 6.86 6.78 6.71 6.68 6.66 6.66 6.72 6.83 6.99 7.08 7.11 7.18 7.45 7.91 8.36 8.63 8.59 8.20 7.59 7.20 6.98 6.92 6.79 6.50 6.24 6.14 6.21 6.41 6.79 7.22 7.59 7.80 7.77 7.56 7.31 7.07 6.88 6.69 6.61 6.56 6.83 6.48 6.48 6.50 6.46 6.40 6.44 6.53 6.61 6.66 6.63 6.49 6.35 6.42 6.70 7.00 7.36 7.89 8.28 8.12 7.50 6.80 6.40
7.27 7.47 7.78 7.91 7.83 7.54 7.32 7.26 7.20 6.95 6.59 6.31 6.16 6.12 6.06 5.92 5.91 6.18 6.56 6.82 6.89 6.87 6.84 6.85 6.86 6.81 6.73 6.69 6.74 6.91 7.06 7.09 7.10 7.31 7.73 8.18 8.56 8.79 8.76 8.32 7.58 7.01 6.61 6.30 6.07 6.05 6.18 6.36 6.60 6.95 7.30 7.60 7.84 7.89 7.73 7.46 7.17 6.92 6.71 6.67 6.69 6.66 6.57 6.51 6.54 6.60 6.66 6.78 6.91 6.98 7.00 6.99 6.90 6.74 6.68 6.91 7.48 8.16 8.66 8.73 8.41 7.83 7.08 6.45
7.00 6.90 6.80 6.94 7.13 7.14 6.96 6.82 6.83 6.82 6.76 6.72 6.73 6.66 6.36 5.99 5.92 6.14 6.35 6.45 6.57 6.72 6.84 6.92 6.92 6.82 6.65 6.52 6.53 6.67 6.85 7.02 7.14 7.26 7.34 7.48 7.70 8.01 8.26 8.17 7.56 6.77 6.11 5.75 5.73 5.90 6.12 6.32 6.66 7.05 7.29 7.43 7.61 7.76 7.76 7.57 7.28 7.00 6.77 6.75 6.84 6.87 6.78 6.66 6.61 6.68 6.81 6.95 7.10 7.24 7.40 7.56 7.63 7.63 7.60 7.71 8.12 8.67 8.92 8.77 8.53 8.32 7.88 7.21
6.66 6.32 5.75 5.51 5.66 5.95 6.20 6.42 6.72 7.05 7.31 7.50 7.57 7.37 6.88 6.35 6.05 5.93 5.86 5.93 6.24 6.61 6.82 6.92 6.93 6.87 6.71 6.47 6.31 6.32 6.39 6.51 6.65 6.74 6.67 6.61 6.66 6.81 6.97 7.01 6.80 6.35 5.90 5.66 5.75 5.96 6.13 6.39 6.83 7.16 7.22 7.21 7.33 7.53 7.66 7.60 7.39 7.16 6.94 6.93 7.01 7.03 6.96 6.83 6.69 6.70 6.86 7.07 7.24 7.45 7.78 8.17 8.54 8.85 9.06 9.12 9.11 9.03 8.75 8.44 8.48 8.76 8.86 8.59
6.40 5.94 5.15 4.80 4.78 5.05 5.55 6.07 6.56 7.07 7.50 7.69 7.63 7.34 6.94 6.51 6.15 5.90 5.83 6.00 6.30 6.57 6.73 6.85 6.94 7.00 6.95 6.73 6.38 6.16 6.06 5.97 5.95 5.98 5.98 5.90 5.84 5.86 5.90 6.01 6.09 6.07 5.98 5.98 6.18 6.43 6.66 6.99 7.29 7.31 7.17 7.13 7.23 7.38 7.52 7.59 7.56 7.53 7.51 7.50 7.40 7.24 7.09 6.97 6.88 6.87 6.97 7.16 7.39 7.69 8.13 8.65 9.22 9.68 9.94 9.89 9.58 9.10 8.55 8.31 8.56 9.07 9.54 9.74
6.39 5.95 5.28 5.08 5.16 5.40 5.74 6.02 6.28 6.63 7.01 7.14 6.98 6.72 6.55 6.39 6.22 6.11 6.17 6.40 6.61 6.76 6.80 6.85 6.93 7.05 7.16 7.15 6.93 6.52 6.20 5.96 5.81 5.70 5.59 5.45 5.30 5.27 5.40 5.63 5.85 6.03 6.23 6.52 6.84 7.13 7.45 7.64 7.60 7.35 7.13 7.12 7.21 7.30 7.41 7.55 7.71 7.88 8.01 7.96 7.66 7.29 7.06 7.01 7.07 7.12 7.13 7.23 7.49 7.90 8.40 8.85 9.21 9.41 9.46 9.33 9.01 8.58 8.23 8.20 8.45 8.86 9.42 9.89
6.80 6.56 6.34 6.43 6.54 6.57 6.45 6.30 6.26 6.34 6.45 6.49 6.38 6.25 6.23 6.26 6.28 6.29 6.41 6.64 6.84 7.00 6.99 6.93 6.90 6.98 7.15 7.32 7.33 7.10 6.64 6.25 5.94 5.64 5.37 5.19 5.06 5.06 5.27 5.57 5.88 6.22 6.64 7.03 7.30 7.51 7.65 7.62 7.41 7.13 6.98 6.98 7.04 7.09 7.19 7.36 7.57 7.72 7.72 7.50 7.18 6.98 6.89 6.93 7.04 7.15 7.20 7.25 7.43 7.82 8.24 8.45 8.41 8.23 8.05 7.93 7.84 7.77 7.76 7.83 7.89 8.08 8.59 9.13
7.23 7.29 7.50 7.78 7.92 7.77 7.30 6.96 6.76 6.56 6.29 6.06 5.99 6.04 6.15 6.28 6.38 6.47 6.65 6.89 7.07 7.17 7.06 6.91 6.82 6.85 7.00 7.19 7.30 7.24 6.94 6.51 6.07 5.65 5.32 5.19 5.19 5.24 5.39 5.68 6.14 6.72 7.22 7.48 7.53 7.49 7.40 7.24 7.00 6.82 6.74 6.69 6.68 6.75 6.89 7.04 7.14 7.15 7.00 6.72 6.60 6.63 6.73 6.83 6.88 6.95 7.06 7.16 7.27 7.44 7.60 7.51 7.24 6.98 6.83 6.82 6.99 7.24 7.39 7.43 7.42 7.51 7.79 8.12
7.26 7.45 7.74 7.94 8.10 8.18 8.11 7.84 7.45 6.95 6.43 6.06 5.95 6.06 6.28 6.47 6.63 6.79 6.98 7.10 7.13 7.04 6.83 6.68 6.63 6.68 6.79 6.91 6.99 7.00 6.89 6.61 6.25 5.88 5.59 5.47 5.50 5.56 5.71 6.10 6.77 7.38 7.67 7.66 7.49 7.29 7.15 7.00 6.80 6.64 6.55 6.48 6.42 6.57 6.72 6.79 6.70 6.53 6.34 6.20 6.23 6.39 6.57 6.66 6.66 6.69 6.83 7.02 7.19 7.26 7.15 6.86 6.64 6.55 6.55 6.70 7.02 7.31 7.42 7.39 7.42 7.47 7.52 7.65
7.11 7.26 7.44 7.46 7.46 7.56 7.84 7.87 7.59 7.10 6.66 6.36 6.24 6.31 6.52 6.75 6.95 7.12 7.17 7.06 6.83 6.58 6.45 6.44 6.50 6.56 6.59 6.57 6.62 6.72 6.73 6.62 6.43 6.20 6.00 5.93 5.96 6.04 6.29 6.84 7.37 7.57 7.45 7.24 7.09 7.02 7.00 6.94 6.77 6.58 6.49 6.45 6.49 6.59 6.67 6.68 6.49 6.13 5.84 5.78 5.91 6.16 6.37 6.43 6.44 6.54 6.72 6.92 7.12 7.21 7.12 6.94 6.82 6.76 6.78 7.03 7.43 7.73 7.82 7.75 7.67 7.60 7.56 7.71
7.02 7.14 7.33 7.33 7.11 6.80 6.76 6.92 7.01 6.94 6.75 6.57 6.50 6.55 6.68 6.88 7.07 7.13 6.99 6.69 6.37 6.17 6.15 6.33 6.52 6.63 6.65 6.59 6.65 6.75 6.78 6.70 6.55 6.41 6.34 6.39 6.55 6.76 7.02 7.28 7.31 7.08 6.83 6.70 6.73 6.85 6.97 6.94 6.75 6.55 6.46 6.50 6.52 6.57 6.63 6.72 6.70 6.48 6.15 5.95 5.97 6.09 6.21 6.30 6.40 6.55 6.73 6.88 6.95 6.94 7.00 7.08 7.02 6.89 6.89 7.22 7.74 8.08 8.17 8.08 7.88 7.69 7.63 7.80
7.02 7.08 7.12 7.04 6.82 6.35 5.97 5.91 6.15 6.40 6.50 6.52 6.53 6.57 6.64 6.74 6.78 6.65 6.35 6.03 5.82 5.75 5.90 6.26 6.63 6.86 6.97 7.01 7.05 7.05 6.96 6.80 6.60 6.50 6.51 6.65 6.88 7.12 7.17 7.02 6.74 6.54 6.50 6.59 6.72 6.84 6.91 6.88 6.71 6.52 6.44 6.39 6.34 6.40 6.61 6.86 7.09 7.18 7.00 6.79 6.58 6.33 6.24 6.30 6.43 6.58 6.76 6.88 6.89 6.87 6.97 7.13 7.12 7.09 7.27 7.74 8.16 8.24 8.16 8.05 7.85 7.69 7.66 7.68
7.00 6.89 6.51 6.00 5.70 5.51 5.42 5.45 5.62 5.88 6.15 6.35 6.47 6.52 6.56 6.53 6.37 6.12 5.87 5.73 5.70 5.79 6.07 6.46 6.74 6.94 7.10 7.19 7.15 7.05 6.98 6.86 6.69 6.59 6.61 6.71 6.85 6.94 6.89 6.70 6.49 6.40 6.52 6.73 6.84 6.83 6.75 6.65 6.56 6.47 6.33 6.19 6.19 6.39 6.68 6.95 7.25 7.52 7.63 7.57 7.29 6.80 6.45 6.40 6.50 6.64 6.83 7.00 7.15 7.29 7.35 7.32 7.38 7.65 8.10 8.42 8.44 8.15 7.93 7.87 7.78 7.71 7.66 7.44
6.81 6.59 6.11 5.40 4.89 4.92 5.19 5.43 5.63 5.89 6.17 6.36 6.43 6.48 6.53 6.48 6.34 6.29 6.37 6.48 6.52 6.58 6.70 6.75 6.73 6.71 6.82 6.86 6.68 6.52 6.62 6.73 6.72 6.68 6.71 6.78 6.85 6.93 6.97 6.94 6.74 6.55 6.56 6.72 6.78 6.70 6.55 6.40 6.29 6.18 6.06 6.06 6.23 6.52 6.75 6.95 7.21 7.50 7.74 7.82 7.69 7.35 6.92 6.75 6.75 6.80 6.90 7.08 7.30 7.43 7.39 7.34 7.57 8.07 8.49 8.45 8.10 7.69 7.53 7.65 7.75 7.70 7.52 7.24
6.69 6.55 6.43 6.17 5.77 5.59 5.60 5.61 5.69 5.95 6.22 6.36 6.40 6.48 6.57 6.63 6.73 6.92 7.11 7.12 6.96 6.81 6.77 6.70 6.55 6.39 6.31 6.20 5.96 5.84 6.01 6.31 6.58 6.74 6.83 6.91 7.04 7.23 7.39 7.39 7.13 6.75 6.50 6.46 6.48 6.46 6.38 6.24 6.06 5.88 5.86 6.07 6.38 6.59 6.70 6.85 7.09 7.36 7.57 7.69 7.78 7.75 7.52 7.22 7.01 6.90 6.87 6.92 6.97 6.97 6.99 7.27 7.79 8.21 8.20 7.77 7.31 7.03 6.95 7.11 7.32 7.30 7.03 6.86
6.79 6.78 6.88 6.88 6.63 6.40 6.17 5.98 5.90 5.97 6.06 6.17 6.33 6.50 6.68 6.88 7.09 7.21 7.11 6.87 6.63 6.49 6.50 6.58 6.50 6.21 5.86 5.61 5.51 5.52 5.68 6.01 6.43 6.77 6.98 7.13 7.29 7.45 7.52 7.46 7.26 6.90 6.49 6.21 6.13 6.23 6.32 6.19 5.96 5.86 5.96 6.20 6.44 6.53 6.56 6.65 6.88 7.14 7.33 7.47 7.61 7.73 7.65 7.32 6.98 6.80 6.72 6.67 6.62 6.67 6.94 7.48 7.93 7.89 7.44 6.93 6.68 6.59 6.51 6.50 6.65 6.75 6.50 6.24
6.90 6.93 7.05 7.11 6.91 6.71 6.74 6.78 6.71 6.43 6.13 6.07 6.26 6.53 6.80 7.04 7.20 7.17 7.02 6.95 7.03 7.09 7.05 6.96 6.73 6.33 5.91 5.70 5.72 5.82 5.93 6.11 6.42 6.75 7.04 7.25 7.34 7.32 7.22 7.15 7.11 6.96 6.61 6.22 6.06 6.16 6.27 6.18 6.04 6.06 6.20 6.36 6.43 6.43 6.41 6.46 6.60 6.79 7.00 7.18 7.33 7.45 7.43 7.16 6.79 6.57 6.52 6.54 6.61 6.82 7.20 7.53 7.45 6.99 6.56 6.38 6.39 6.44 6.41 6.33 6.38 6.48 6.31 5.99
6.84 6.83 6.97 7.29 7.45 7.41 7.39 7.28 6.93 6.42 6.01 6.01 6.27 6.54 6.77 6.95 7.07 7.18 7.43 7.85 8.20 8.26 8.04 7.68 7.24 6.80 6.51 6.43 6.48 6.52 6.47 6.42 6.49 6.67 6.86 6.95 6.92 6.88 6.85 6.87 6.96 7.00 6.85 6.56 6.36 6.28 6.20 6.17 6.17 6.23 6.35 6.49 6.52 6.46 6.39 6.38 6.42 6.50 6.68 6.93 7.12 7.21 7.19 6.96 6.53 6.29 6.33 6.51 6.69 6.89 7.06 6.98 6.58 6.24 6.11 6.14 6.24 6.38 6.43 6.38 6.34 6.34 6.20 5.96
