project/data/elevation/US_DEM2016/US_DEM2016_point_10-30-2019_0831_30m_ang.asc
ncols	125
nrows	167
xllcorner	-2042055.000000
yllcorner	1465035.000000
cellsize	30.000000
NODATA_value	-9999.000000
[rows 47 to 93 of 167, columns 0 to 95 of 125]
339 342 347 351 352 354 355 357 1 6 11 14 11 4 0 360 359 359 358 357 356 354 353 353 352 352 351 348 344 341 342 344 347 347 345 349 356 2 5 6 7 10 11 8 6 5 3 1 360 1 359 350 340 337 338 343 350 355 359 2 6 7 7 5 3 3 2 358 354 351 348 347 345 343 340 337 333 330 328 326 327 330 333 339 344 350 358 5 7 6 6 10 15 17 18 16
337 339 344 349 353 355 356 358 2 7 14 15 9 2 358 358 358 359 359 359 358 356 354 353 352 351 348 345 340 339 342 346 349 349 347 348 353 1 8 12 13 12 8 5 4 4 4 5 4 1 353 344 339 339 342 346 350 355 358 1 5 7 7 6 4 1 357 354 352 351 351 351 350 349 347 344 342 340 337 335 333 331 330 333 340 348 355 1 6 9 12 16 17 16 15 11
338 339 343 347 352 356 358 359 2 8 15 14 8 1 358 357 357 359 0 0 359 358 355 353 352 350 346 341 336 337 342 347 350 353 352 350 352 360 10 19 21 16 10 5 3 3 5 6 3 355 346 341 341 344 348 351 352 354 357 359 2 5 6 4 0 357 355 353 354 354 354 354 354 353 352 351 350 349 347 345 341 335 330 329 335 344 351 358 6 13 18 19 17 12 8 4
336 339 344 347 351 356 360 1 2 8 12 11 5 1 358 357 357 359 1 2 2 360 357 354 352 350 345 338 334 334 339 344 350 356 358 355 355 3 16 24 24 17 10 5 1 1 2 1 357 350 344 342 345 349 354 355 355 354 355 356 358 2 4 2 358 355 354 354 355 356 356 356 356 356 356 356 356 356 356 356 353 346 337 331 331 338 348 356 6 16 21 20 15 9 4 1
334 338 345 348 350 355 360 2 3 6 7 5 2 1 359 359 359 0 2 4 4 2 359 355 352 349 344 337 333 332 336 340 346 355 360 1 2 9 17 20 17 12 7 4 0 357 356 355 353 350 347 347 350 354 358 358 357 355 355 355 355 358 1 0 357 354 353 354 355 355 355 356 356 356 357 359 1 1 1 1 0 356 350 341 336 337 344 355 8 19 22 19 15 11 7 4
334 337 344 348 350 354 359 2 4 4 2 0 0 1 1 1 1 2 4 5 5 4 1 357 352 347 342 337 333 331 333 335 341 350 358 4 8 11 13 12 10 6 4 1 358 353 350 350 352 353 353 354 356 358 1 1 360 358 357 356 355 356 358 358 356 354 352 350 348 346 347 350 353 354 357 359 2 3 3 2 2 1 358 354 348 343 344 354 9 18 19 17 16 14 11 7
336 337 342 346 348 352 357 1 4 3 359 357 359 2 5 5 4 4 5 7 7 5 2 357 352 346 341 338 335 333 332 333 338 345 355 5 10 10 8 6 5 3 1 358 353 348 346 348 352 356 359 0 1 2 3 4 3 1 359 357 355 355 357 358 358 355 351 346 342 339 338 340 344 348 352 356 360 2 1 359 360 0 359 357 354 351 350 356 7 12 13 14 15 11 7 4
340 340 343 345 346 349 353 359 4 3 359 360 359 6 10 10 8 6 6 7 7 5 1 357 352 346 342 340 339 337 336 335 337 342 352 5 11 9 5 3 2 0 357 353 347 344 343 347 353 359 3 5 5 5 6 7 5 2 359 356 355 356 358 1 2 358 352 347 344 342 340 337 335 337 343 349 354 358 359 357 354 353 350 348 349 352 355 358 3 6 8 10 8 5 2 359
344 344 344 346 348 349 351 356 2 4 360 4 4 12 15 14 11 9 7 5 4 3 0 357 353 348 343 341 340 340 340 340 339 341 351 4 10 8 4 2 360 357 353 347 342 340 342 347 354 359 4 7 8 8 10 10 6 1 358 356 356 357 0 3 2 358 353 350 349 348 346 342 335 331 334 340 345 351 356 354 348 342 338 338 342 349 355 358 360 1 3 4 2 1 358 354
345 345 347 349 352 353 353 354 358 2 1 2 9 15 16 14 12 9 5 2 0 360 359 357 353 350 346 344 341 341 343 343 342 343 351 2 7 6 4 2 359 355 349 342 339 338 342 348 353 359 4 8 11 12 13 12 7 1 358 358 359 1 2 3 0 357 354 354 354 354 351 347 344 343 343 343 342 345 349 347 342 337 336 338 343 349 354 357 357 358 360 360 359 357 353 349
343 344 348 353 356 358 357 356 358 0 2 5 10 13 13 12 9 6 3 359 358 357 357 356 354 352 350 347 344 343 346 347 347 349 354 359 2 3 3 1 358 354 347 340 337 338 343 348 352 356 2 8 13 15 16 14 9 5 3 3 4 3 2 1 358 356 357 359 358 355 351 349 351 354 355 352 347 345 344 341 338 337 338 342 347 351 354 355 356 357 357 357 355 352 348 346
338 341 349 355 360 2 1 360 0 1 2 5 8 9 8 7 5 3 1 358 356 355 355 354 353 353 353 349 346 346 348 350 352 354 357 358 359 360 0 360 358 354 347 340 337 340 344 347 349 351 357 7 14 18 17 14 11 9 7 5 3 1 0 359 358 358 0 1 357 353 351 353 358 2 360 353 347 344 341 339 338 339 342 347 352 354 355 355 355 355 355 354 351 347 345 348
334 338 348 355 360 3 4 4 5 4 11 2 3 3 3 2 1 359 358 357 356 355 353 352 352 354 353 350 348 348 350 351 353 357 358 358 358 357 357 357 357 354 349 343 340 340 343 346 346 346 351 2 13 17 16 13 12 9 6 2 360 358 357 357 359 1 2 360 355 353 354 359 4 3 356 350 346 343 341 340 340 343 347 351 354 355 356 355 354 353 352 350 347 344 347 356
332 336 347 354 358 3 6 9 10 9 4 360 358 358 357 357 356 355 355 355 354 352 350 349 351 353 351 349 349 351 353 353 353 354 356 357 357 356 355 355 355 354 351 348 344 342 343 343 342 341 345 354 5 11 11 10 9 7 4 1 358 354 352 354 360 4 5 0 355 355 359 2 3 358 353 350 347 345 345 344 346 348 352 354 355 356 356 355 353 351 349 347 344 345 353 3
331 336 347 354 357 2 7 12 15 13 7 0 356 353 352 352 353 353 353 352 349 347 346 347 350 350 347 345 347 352 356 357 356 354 353 354 355 355 354 355 355 356 355 352 349 347 346 344 342 342 345 350 357 3 5 6 5 4 3 359 355 351 349 351 358 5 6 2 358 358 0 1 358 355 353 351 350 349 350 351 352 354 355 356 356 356 356 354 351 350 348 345 343 347 357 1
332 336 347 354 358 2 7 15 20 19 13 6 358 352 348 348 351 355 355 349 341 338 339 344 347 345 341 340 342 349 355 359 359 358 355 354 353 354 355 356 357 358 356 354 352 352 351 348 346 346 348 351 356 1 2 2 2 1 359 355 351 348 348 351 357 4 5 3 2 1 1 359 357 355 356 354 353 354 356 358 358 360 360 359 358 357 355 352 349 348 346 344 343 348 354 355
336 339 347 353 358 3 8 17 23 23 19 14 7 357 348 345 348 356 357 351 341 332 331 338 342 339 336 336 339 344 350 356 360 1 0 358 356 356 357 359 358 357 354 353 353 354 354 353 351 350 351 354 358 1 1 360 359 357 353 349 347 347 349 353 359 2 2 1 2 3 1 358 357 357 357 357 357 358 1 3 4 4 4 3 1 358 355 351 347 345 344 343 344 347 349 350
341 344 349 354 358 3 10 19 23 23 21 18 13 6 358 350 347 351 355 356 352 344 337 335 336 335 334 334 337 342 345 349 355 1 4 3 1 360 359 359 357 354 351 351 353 355 356 356 355 355 355 356 359 1 1 358 356 353 348 345 346 348 352 357 359 359 358 359 2 3 1 359 357 357 359 360 0 0 3 7 9 9 8 8 4 359 353 349 345 343 341 341 343 344 345 345
343 346 352 356 0 5 13 19 21 20 18 16 13 10 6 358 350 346 350 356 357 354 347 340 335 334 334 336 339 343 344 344 348 356 2 4 3 1 359 358 355 352 349 350 352 355 356 356 358 360 359 358 359 0 360 357 353 349 345 345 348 352 356 359 359 357 355 357 0 1 0 0 359 357 358 2 4 3 4 9 13 13 13 12 6 357 349 344 342 341 340 339 340 341 341 341
343 346 353 358 3 8 14 16 16 14 13 12 13 12 10 4 355 347 346 351 356 356 353 346 339 335 335 338 344 348 349 347 347 350 355 358 359 358 357 356 353 351 350 350 351 353 354 356 360 2 2 0 360 359 358 356 351 346 344 347 352 355 359 1 359 356 353 354 358 360 0 1 1 360 359 3 8 10 9 13 18 21 20 15 4 350 340 337 338 340 340 340 340 341 340 341
343 346 354 0 5 10 13 12 9 8 8 9 11 12 11 7 1 351 345 346 351 354 353 349 342 337 337 340 347 352 353 352 350 349 351 353 354 355 355 355 354 352 351 351 351 351 352 355 359 1 3 3 1 358 356 353 349 346 346 351 355 358 1 2 358 354 353 354 357 359 0 1 3 5 4 6 14 19 21 24 28 29 24 12 355 340 332 332 335 337 340 342 344 344 344 344
342 346 356 2 7 12 12 8 4 3 3 6 8 9 9 8 5 357 349 345 346 350 352 349 344 340 339 342 348 353 356 356 354 352 352 351 352 353 355 355 354 353 353 353 352 350 351 353 356 359 1 2 360 356 353 349 347 347 351 355 357 359 1 359 356 354 355 357 357 358 1 2 4 8 12 15 23 31 35 32 27 21 12 359 345 335 331 331 332 334 337 342 346 349 349 348
341 346 357 5 10 13 13 9 4 1 360 1 3 5 6 6 6 2 354 347 345 346 348 347 345 342 343 345 348 352 354 356 356 356 354 353 352 354 355 354 354 354 355 356 354 352 352 354 357 357 357 356 355 353 350 347 347 351 356 357 358 359 358 356 355 357 0 2 1 359 0 1 3 11 19 26 31 34 31 21 12 5 358 350 341 335 333 333 332 333 338 344 349 352 354 353
342 347 358 6 11 14 14 12 9 5 360 355 355 358 0 2 4 3 359 352 347 346 345 344 345 345 347 348 349 350 350 352 354 356 356 354 353 353 353 353 353 355 358 358 356 355 356 358 358 355 352 350 351 351 350 350 353 359 0 359 0 360 356 355 356 360 3 5 4 1 360 0 4 12 22 27 26 21 14 7 1 356 351 345 340 338 338 338 337 338 342 348 352 355 357 358
343 348 359 7 13 15 14 13 13 11 5 355 349 349 353 357 0 2 360 355 350 347 345 344 346 349 352 352 352 350 348 347 349 352 354 354 352 352 351 352 354 357 359 359 358 358 359 357 355 352 350 349 351 353 354 356 360 3 3 3 3 2 358 355 355 357 1 4 5 3 1 2 7 13 18 17 13 8 3 358 353 350 348 344 342 343 345 346 346 347 349 353 355 358 1 4
345 349 359 8 13 14 12 12 12 11 8 1 352 348 349 352 355 358 358 355 351 348 346 345 347 352 356 357 355 353 351 349 349 350 351 352 351 350 350 352 355 359 0 360 359 359 357 354 353 352 352 353 355 357 357 358 0 2 3 3 3 2 359 356 354 355 0 5 7 6 6 9 13 15 12 8 4 359 354 350 348 348 348 346 345 346 350 354 356 357 357 358 360 2 6 9
346 351 360 8 13 13 10 8 7 7 6 2 358 353 350 350 351 353 354 354 352 349 347 347 350 355 358 360 359 356 354 352 352 352 351 352 351 350 351 354 357 359 0 360 358 357 355 354 354 354 356 358 360 359 358 357 358 359 1 1 1 359 356 354 354 356 3 8 11 13 15 17 16 11 5 0 357 352 347 344 345 347 349 349 350 351 355 0 3 5 5 4 4 7 10 11
348 352 0 8 11 11 9 5 2 1 0 360 359 357 354 350 348 348 349 351 352 351 349 350 353 355 358 1 1 359 357 355 354 354 354 353 351 350 352 355 356 358 359 359 357 355 354 354 355 355 357 359 1 1 358 356 356 356 357 358 358 355 354 354 357 3 9 13 17 20 21 17 12 4 357 353 350 346 342 341 343 347 350 352 356 358 358 0 6 10 12 10 9 10 12 12
349 352 1 7 10 10 7 1 356 355 355 357 358 357 355 350 346 344 345 348 351 352 353 354 355 355 356 0 3 2 360 357 356 355 355 353 351 351 353 354 355 356 358 358 357 356 354 353 354 354 354 356 359 0 359 356 354 354 355 355 354 353 355 360 7 13 14 15 19 21 19 12 5 357 351 348 346 343 341 341 344 346 348 352 359 3 3 1 4 10 14 13 12 12 12 11
348 352 2 7 8 7 2 356 352 351 352 355 355 354 351 348 344 343 344 347 351 354 356 358 358 356 355 358 2 4 2 1 359 356 354 352 351 352 354 355 355 356 356 357 358 358 356 354 353 354 354 354 356 358 357 355 354 354 354 353 352 354 1 11 16 16 12 11 15 15 11 5 358 352 349 346 345 344 345 346 347 345 343 345 352 2 6 5 5 8 12 13 12 12 12 10
345 351 2 7 5 1 357 354 353 353 353 353 352 349 347 344 342 342 344 347 351 355 358 360 0 358 355 356 360 3 4 3 1 358 355 354 354 355 356 357 355 354 355 357 359 359 357 356 354 354 354 354 354 354 353 352 353 353 353 353 354 0 9 15 14 10 8 7 7 6 3 358 353 351 350 348 347 347 350 354 355 352 347 342 343 352 2 7 8 9 11 11 11 11 10 8
341 350 4 7 2 357 355 356 357 357 355 352 349 346 343 342 341 343 345 348 352 355 359 1 2 360 357 355 356 0 4 5 3 1 359 359 359 359 358 357 355 354 356 358 0 360 358 355 353 351 351 351 350 349 349 350 351 352 353 354 359 7 11 10 7 5 3 1 359 359 358 354 351 351 351 351 351 351 355 359 1 0 356 350 346 346 353 3 9 12 11 10 9 9 9 6
340 349 4 6 1 356 357 358 359 357 354 351 347 344 342 341 342 344 347 350 353 357 360 2 4 2 358 354 353 357 1 4 5 4 2 3 4 3 0 358 358 357 359 1 2 2 358 353 349 348 347 347 346 346 347 348 350 353 354 358 5 9 7 3 1 359 357 355 355 355 355 352 351 351 353 355 356 355 356 360 3 4 3 359 354 351 352 358 6 10 10 8 7 7 6 3
344 351 2 3 0 358 357 357 357 355 352 348 344 342 342 342 343 346 349 352 355 358 1 4 6 5 1 354 350 352 356 0 4 5 5 7 8 6 3 2 2 1 1 2 4 3 358 352 347 345 345 346 346 347 349 349 352 357 360 3 6 6 2 358 354 352 350 351 353 354 353 350 349 350 354 357 358 357 356 357 0 5 6 5 1 357 355 357 2 6 6 5 4 4 1 358
351 353 358 359 359 357 356 355 354 351 348 345 342 341 342 344 345 347 350 354 357 360 2 5 8 8 5 357 349 347 348 350 355 2 6 8 7 5 4 3 2 1 0 2 4 3 359 353 348 346 346 346 346 348 350 351 354 358 1 3 3 2 358 353 349 346 346 350 354 354 352 349 348 350 353 357 359 359 357 355 355 0 6 8 7 3 360 359 1 2 2 2 1 359 356 353
356 355 354 356 357 356 354 353 350 348 345 342 341 341 343 346 348 350 353 356 359 1 4 7 9 10 9 4 354 347 342 339 341 351 1 5 5 3 1 0 359 359 359 1 3 3 0 355 351 349 347 346 346 347 350 351 353 356 359 1 1 358 355 349 345 344 347 352 354 354 351 350 349 349 352 356 358 359 359 358 354 355 2 9 10 8 4 2 1 360 359 359 357 354 352 351
356 355 355 356 355 353 352 350 347 344 342 341 341 342 345 348 351 354 357 359 0 3 6 7 9 11 10 7 360 353 346 342 339 343 352 360 2 0 358 356 356 357 359 0 2 2 1 357 353 350 348 347 347 348 350 351 352 353 356 358 358 356 352 347 343 344 349 353 353 353 352 351 350 349 350 353 356 359 0 1 358 354 357 6 10 11 9 6 1 359 358 357 355 352 351 354
353 354 356 356 354 351 349 347 345 342 340 340 341 344 347 350 354 358 2 2 4 7 8 7 6 7 7 4 0 357 353 349 346 344 347 354 358 357 354 353 355 358 360 360 1 1 360 357 355 352 350 349 349 350 351 352 351 352 353 354 354 354 351 347 344 344 348 351 352 354 355 355 352 349 346 346 350 355 359 1 1 358 355 0 7 11 11 9 5 1 359 358 356 354 357 3
351 353 356 355 352 349 347 345 343 341 340 340 342 345 349 353 358 4 8 7 7 7 5 3 2 2 1 0 359 358 357 356 353 350 348 350 353 353 353 354 357 359 359 359 359 359 358 356 355 355 354 353 352 352 351 351 350 350 351 352 352 352 351 348 345 344 346 348 351 354 357 358 357 351 345 341 341 345 351 356 359 359 356 355 2 8 11 11 9 5 2 1 0 1 4 8
350 352 353 352 350 348 346 344 342 340 340 341 344 347 352 358 5 12 13 9 6 3 0 358 357 357 357 357 357 358 359 0 359 355 351 349 348 350 354 358 359 358 357 357 357 356 354 354 356 358 358 358 357 355 353 351 349 348 349 350 351 352 350 348 346 344 345 347 351 354 358 0 360 357 353 348 344 342 342 344 350 354 354 351 354 2 8 11 11 8 5 4 5 6 6 6
349 350 351 349 347 347 346 343 341 340 341 343 346 350 356 5 13 15 11 7 2 358 355 354 354 354 355 356 357 357 358 0 2 359 355 350 348 350 357 1 360 358 357 357 355 352 351 352 356 359 0 0 360 359 356 353 350 349 350 350 351 351 350 348 346 345 345 348 351 354 356 358 359 0 360 358 355 352 348 345 346 349 349 346 346 354 3 8 9 7 6 6 7 7 6 4
347 349 350 348 347 347 345 343 340 340 342 345 350 356 4 11 12 9 6 4 1 357 353 351 350 351 353 356 356 355 354 357 0 2 360 356 353 354 359 1 1 0 359 358 354 350 348 349 353 356 357 359 360 359 357 354 352 350 350 351 351 351 350 348 347 346 346 349 351 353 354 354 356 360 2 3 2 359 357 355 353 352 351 349 348 352 358 1 2 3 5 6 7 7 5 2
346 348 350 349 348 346 344 342 341 342 344 349 355 3 8 8 5 3 2 2 0 356 352 349 350 351 352 354 354 354 353 353 357 2 3 2 359 359 0 2 2 1 360 358 355 351 349 349 350 350 351 352 352 352 351 352 351 350 350 350 350 350 350 349 347 346 347 350 350 351 352 351 353 356 1 4 4 3 2 2 0 358 355 355 355 356 356 355 357 0 3 5 6 5 2 357
345 347 349 349 347 345 342 341 342 344 349 355 3 10 10 4 1 359 359 359 358 355 353 351 352 352 351 350 350 351 352 351 354 359 4 5 4 2 2 2 1 0 360 359 357 354 352 352 351 349 347 347 346 347 347 349 350 350 349 349 349 351 352 350 347 345 347 348 349 350 351 350 350 351 356 1 3 4 4 5 4 2 360 0 2 1 359 357 357 359 1 2 2 0 357 353
345 346 347 347 345 342 341 341 344 349 356 5 12 15 11 4 359 355 353 353 353 353 354 355 355 354 351 347 346 346 347 348 348 353 1 6 7 6 4 1 360 359 359 358 357 356 355 355 354 352 349 347 346 348 350 351 351 350 348 349 350 352 352 350 347 345 345 346 347 349 351 350 349 347 349 354 359 1 3 5 5 4 3 4 5 5 3 2 1 1 1 359 357 355 353 353
345 345 346 345 342 341 341 344 349 357 6 13 15 14 11 5 358 353 349 347 348 350 353 355 355 355 352 349 346 345 344 344 344 347 355 5 9 8 4 0 359 358 358 356 356 356 357 356 355 354 353 350 349 350 352 354 353 351 350 351 352 353 353 350 347 344 344 345 346 349 351 351 350 348 347 348 353 357 359 1 3 4 4 5 6 7 7 7 6 4 1 358 355 353 354 358
345 345 344 342 340 340 343 349 357 6 12 13 12 10 8 4 359 354 350 348 347 349 352 354 354 354 353 351 350 349 348 348 347 348 354 4 9 7 3 359 357 356 355 354 354 356 357 357 356 355 354 355 354 353 353 354 355 354 354 355 356 355 354 350 347 345 345 346 348 350 352 352 352 351 349 346 346 351 354 355 357 1 3 3 4 6 8 8 7 4 1 358 355 354 357 360
