project/data/elevation/US_DEM2016/US_DEM2016_point_10-30-2019_0730_30m_ang.asc
ncols	125
nrows	167
xllcorner	-2042055.000000
yllcorner	1465035.000000
cellsize	30.000000
NODATA_value	-9999.000000
[rows 88 to 131 of 167, columns 0 to 95 of 125]
346 348 348 346 344 343 340 337 335 335 337 340 345 352 1 6 6 2 360 358 354 350 346 343 342 343 345 347 350 350 350 352 357 359 359 356 353 352 356 358 357 355 354 351 346 340 338 339 344 348 351 354 356 357 356 354 351 349 348 348 347 346 344 342 340 340 343 346 347 347 346 346 348 353 356 358 357 355 352 350 348 347 346 344 345 349 354 358 0 2 3 5 6 4 2 358
345 347 347 346 345 342 339 336 336 337 340 344 350 359 5 3 358 356 356 356 354 350 345 342 341 341 342 344 347 348 348 349 353 358 2 2 359 357 358 359 358 356 355 352 346 340 337 338 340 341 343 346 348 349 350 352 351 349 347 347 346 345 344 342 339 339 343 347 346 345 345 343 344 349 355 359 360 359 358 358 356 353 351 352 354 355 354 353 355 359 1 3 4 3 359 353
344 346 347 346 344 341 337 336 337 340 344 351 359 7 5 356 352 351 352 352 350 348 346 344 343 341 339 339 341 344 346 347 349 355 2 5 4 1 360 359 357 356 355 353 348 344 341 342 343 342 341 342 343 344 346 349 350 348 346 346 346 346 345 342 339 338 342 345 344 344 344 341 340 343 349 355 358 359 360 1 360 357 356 357 0 1 358 356 356 359 1 0 360 358 353 349
344 344 345 344 342 338 336 336 339 345 353 2 10 10 3 353 347 345 344 344 344 345 346 347 346 343 339 337 336 337 339 342 343 348 358 5 7 5 1 358 356 355 355 353 350 347 346 346 347 347 345 343 344 346 349 352 351 348 346 346 347 347 346 342 338 337 340 343 343 343 343 340 338 338 342 348 352 355 357 360 360 359 358 1 3 4 2 1 1 2 0 358 355 352 350 349
343 343 343 342 339 336 336 339 344 353 3 11 11 8 2 355 348 343 340 339 339 341 345 347 347 345 342 339 338 337 337 339 340 343 352 4 9 6 1 357 355 354 353 351 349 349 349 349 349 349 349 347 346 349 352 354 353 350 347 347 348 349 346 341 337 336 338 341 342 343 343 341 338 337 339 342 345 348 352 355 357 357 358 1 3 5 5 6 6 4 1 356 352 349 350 353
343 342 341 339 337 336 338 343 352 2 9 9 7 3 0 356 351 347 343 341 341 343 346 347 347 345 344 343 343 343 343 344 345 346 353 3 8 5 360 356 354 352 351 349 348 349 350 350 350 350 350 351 352 352 352 354 354 353 351 352 352 350 347 341 337 336 339 343 345 345 344 342 341 341 341 338 337 340 343 346 349 353 356 358 0 2 4 6 6 3 0 357 352 351 353 355
342 342 340 337 336 337 341 348 358 6 7 4 2 359 357 354 352 350 347 346 345 347 349 350 348 345 342 342 344 346 347 348 349 351 357 3 4 1 357 354 352 350 348 347 347 348 349 349 349 350 351 353 355 356 355 355 357 357 356 355 355 352 348 342 338 337 340 345 348 347 345 344 344 345 345 338 330 328 331 332 334 341 349 353 355 357 359 0 1 0 359 357 354 353 353 352
342 342 342 340 340 343 348 354 0 3 0 359 358 355 352 350 349 349 348 348 349 350 352 353 351 344 339 339 342 345 346 347 348 352 358 1 359 356 353 351 350 349 348 347 347 347 347 347 348 350 352 355 357 358 359 0 1 360 358 356 355 352 347 342 339 338 341 345 348 347 345 346 350 354 353 345 335 331 328 325 324 329 338 345 347 350 353 355 356 357 358 356 354 352 352 349
342 343 345 345 347 351 355 358 359 358 356 355 353 351 349 347 346 347 347 349 352 355 356 354 350 344 340 339 341 343 344 344 345 349 355 357 355 353 350 349 349 349 349 348 347 346 344 344 346 349 353 355 357 359 2 4 5 2 359 357 355 351 346 342 341 341 343 345 346 344 344 349 357 3 2 354 346 342 336 331 330 331 334 337 340 345 350 353 354 355 356 354 353 352 351 349
342 344 347 350 351 354 357 358 357 356 354 352 350 347 346 345 345 346 349 352 357 360 357 352 347 344 342 343 345 346 347 347 348 349 352 354 352 350 349 349 349 351 351 350 347 345 342 340 342 346 350 352 355 359 3 5 6 3 360 357 354 349 344 341 341 342 344 345 344 343 343 350 0 6 6 360 354 349 342 337 337 338 337 336 339 345 351 353 353 354 354 353 351 351 350 347
343 346 349 351 351 354 356 356 355 355 353 350 347 344 344 344 345 348 353 359 3 1 355 349 344 341 342 345 348 349 351 352 353 353 353 353 350 348 349 350 352 354 353 350 348 345 342 340 342 346 346 345 348 353 358 2 4 3 0 357 353 348 344 341 341 341 343 344 343 341 342 349 358 3 5 3 360 353 347 343 344 344 342 340 342 349 353 353 353 354 354 352 350 349 347 345
345 347 349 349 349 351 353 353 352 353 352 349 345 343 343 345 348 354 360 4 3 357 352 347 342 338 339 343 347 350 352 355 357 357 355 353 350 348 349 353 356 355 352 351 349 346 343 343 347 350 350 347 346 348 352 358 1 1 359 356 353 348 345 343 342 342 343 343 342 341 342 347 352 358 2 4 2 356 351 349 349 348 346 345 348 353 353 352 352 353 354 353 350 347 345 343
347 348 349 348 346 346 348 349 350 350 350 347 345 343 344 348 354 1 5 3 358 352 349 345 340 337 337 341 345 348 352 355 358 359 358 355 352 349 351 355 355 353 352 351 349 346 344 345 349 353 354 354 351 349 350 356 359 359 357 355 353 350 347 345 345 345 345 343 342 342 344 345 348 353 358 1 0 357 354 354 353 352 350 350 354 355 353 351 352 353 355 354 351 349 346 343
349 349 349 346 342 341 342 345 347 348 347 345 345 345 348 353 1 7 6 359 353 348 346 343 338 336 336 340 342 345 348 351 355 358 359 358 355 352 352 353 352 351 351 350 349 346 344 346 349 353 355 357 356 353 353 357 357 355 354 354 352 350 348 347 347 347 346 345 344 345 346 345 345 349 354 357 356 355 356 357 357 355 354 355 355 353 351 351 352 354 355 355 353 352 348 343
350 349 348 346 344 338 339 341 343 344 343 343 345 348 353 360 4 4 360 355 351 347 345 343 339 336 336 339 340 340 340 343 347 353 356 357 355 351 350 350 350 350 350 350 348 346 345 346 348 351 354 356 358 358 357 357 355 352 351 351 350 349 348 349 349 349 348 346 345 345 345 344 344 347 351 353 353 353 355 357 358 358 358 358 356 353 352 352 353 355 356 355 354 353 349 343
349 349 349 348 345 343 340 340 341 340 341 343 347 353 358 360 358 354 353 352 350 348 346 344 342 342 343 343 342 339 336 336 339 344 349 351 351 348 347 348 349 350 350 349 347 346 346 347 349 350 351 353 356 358 358 356 353 349 348 348 347 347 347 349 351 351 349 348 346 345 344 343 342 345 349 352 352 352 352 354 356 358 359 359 358 357 356 356 356 357 356 355 353 352 348 344
346 347 349 351 349 345 343 342 341 340 342 346 353 1 360 351 345 345 346 348 348 348 347 345 345 347 351 351 348 344 342 341 341 343 346 347 348 347 347 349 350 350 349 347 346 346 347 350 351 351 350 350 351 353 354 353 350 346 345 345 344 345 347 349 351 352 352 351 349 346 344 342 341 343 348 351 353 353 351 349 351 354 356 357 359 0 0 360 360 359 357 355 353 350 347 344
341 345 350 352 352 349 345 343 342 343 348 354 359 2 356 344 337 336 338 341 343 345 345 344 345 349 354 354 352 350 348 347 347 348 348 349 349 348 348 350 352 351 348 346 345 346 349 353 355 354 354 354 351 346 345 345 345 344 342 341 342 344 346 348 350 351 352 353 352 348 345 343 341 341 345 351 355 355 353 349 348 348 348 351 355 359 1 2 1 359 356 354 352 349 346 345
339 343 349 352 353 351 350 347 347 351 356 359 359 356 351 347 343 339 338 338 339 342 342 341 343 348 352 353 353 352 352 352 352 352 352 352 352 351 349 351 353 351 347 345 344 346 350 354 357 359 1 0 352 343 340 340 342 342 340 339 340 343 346 347 348 350 352 354 354 351 347 345 343 342 344 350 354 356 355 353 351 348 344 344 348 354 358 360 360 358 355 352 350 348 347 347
341 344 349 352 354 353 353 353 354 356 357 357 355 352 349 348 349 349 347 344 343 342 340 340 343 347 349 349 351 352 353 354 355 356 356 356 355 354 352 352 352 349 347 346 345 345 348 354 359 4 6 1 352 344 341 341 341 340 338 338 340 342 344 346 346 348 351 354 355 354 351 348 347 346 346 349 353 356 357 356 354 352 349 347 347 350 354 356 357 356 353 350 348 346 347 349
345 346 349 352 353 354 355 356 357 356 354 353 351 348 347 348 351 353 353 350 348 345 342 342 345 348 348 347 348 349 352 354 356 356 357 358 358 357 355 352 349 347 347 347 346 344 347 353 359 5 5 0 353 347 344 343 340 339 338 338 340 341 343 344 345 347 349 352 353 354 353 351 351 350 349 350 352 355 357 356 354 352 351 351 351 352 353 354 355 354 351 349 347 347 347 349
346 347 350 351 352 352 354 355 354 353 350 348 347 346 346 348 351 352 352 351 349 346 344 345 348 350 349 348 349 349 350 352 353 354 355 357 359 0 357 352 349 348 348 348 345 343 345 350 357 2 2 359 355 351 349 346 342 340 340 340 340 341 342 344 345 347 349 349 350 352 353 353 354 353 352 350 352 355 357 355 352 350 350 352 354 354 354 354 353 352 350 349 348 349 349 350
345 347 350 351 351 351 351 351 349 348 346 344 344 344 345 348 350 349 349 348 347 346 345 347 351 352 350 349 351 352 352 351 352 352 353 355 359 1 359 355 353 351 350 347 344 342 344 349 354 358 359 358 356 354 352 349 346 344 344 342 341 341 342 343 345 348 349 347 347 348 351 355 356 355 353 351 352 355 356 355 351 349 350 352 354 355 355 354 353 352 350 348 348 349 350 350
343 346 350 350 349 349 349 346 344 343 343 343 343 343 346 349 350 348 347 346 344 343 344 348 353 353 350 350 352 353 353 352 352 354 355 356 359 1 360 357 355 353 350 346 343 342 344 348 352 355 356 356 355 355 355 353 351 350 349 346 344 342 343 344 346 349 348 346 345 346 351 355 357 356 354 351 352 355 356 354 351 349 350 352 354 356 356 355 354 353 352 349 347 348 350 350
342 345 349 348 347 347 345 343 341 341 341 342 344 345 347 350 350 347 345 344 342 340 341 347 353 353 352 352 352 352 351 351 352 354 357 359 1 2 360 357 355 353 349 345 342 342 345 349 352 354 354 354 353 354 355 355 355 355 354 351 347 344 344 345 347 348 347 345 344 346 351 355 357 357 355 352 352 354 355 353 349 348 350 352 354 356 357 356 354 354 354 351 349 349 350 349
343 344 346 346 344 343 341 340 340 341 341 343 344 346 349 351 349 346 344 343 341 339 340 347 351 351 353 354 354 353 352 350 349 351 355 359 2 2 358 355 353 352 348 343 340 342 346 351 353 354 353 352 351 351 353 354 356 357 356 353 350 347 346 347 348 347 346 344 344 347 351 354 358 358 355 354 353 354 354 351 349 348 350 350 352 355 356 355 354 355 354 352 351 351 351 349
344 344 345 345 342 339 337 338 340 342 343 344 345 347 349 348 346 344 343 343 341 340 341 345 347 349 352 355 356 355 355 354 351 350 352 357 0 360 357 354 352 350 347 343 340 341 346 351 353 354 353 352 351 351 351 351 353 354 354 353 352 349 349 349 348 347 346 345 345 348 352 355 357 357 355 354 355 355 354 351 349 349 349 348 349 351 352 353 354 355 354 352 352 352 352 350
344 344 345 345 342 338 337 339 343 346 347 347 348 348 346 344 343 342 343 343 343 343 343 342 341 345 351 355 356 355 356 357 356 354 352 353 356 356 355 352 350 349 347 344 342 343 345 350 352 352 352 352 353 354 353 352 350 349 349 351 351 349 349 349 349 347 346 346 347 349 352 355 357 358 356 355 356 356 354 352 351 350 349 347 346 345 348 351 353 354 353 352 352 352 352 351
342 343 345 345 343 340 338 341 346 350 351 351 350 348 345 342 342 342 343 344 346 348 346 340 336 340 348 354 354 353 354 357 359 359 356 353 353 354 353 351 349 348 346 345 346 346 346 348 349 349 349 351 354 356 356 355 353 349 347 348 349 348 347 347 348 348 348 348 349 349 352 355 357 358 357 355 356 355 355 354 353 351 350 349 345 344 347 351 352 353 352 351 351 352 352 351
340 342 345 345 345 343 341 343 347 349 350 350 348 346 343 341 341 343 344 346 349 351 350 345 338 338 345 351 352 350 350 353 357 360 359 356 356 355 352 350 348 347 345 346 348 351 349 347 346 345 345 349 353 357 357 357 355 354 351 350 350 348 347 346 346 348 350 351 350 350 351 354 357 358 356 355 355 355 354 354 353 352 352 350 348 348 350 352 352 352 352 351 350 351 351 350
340 342 344 345 346 346 344 344 346 347 346 345 344 343 342 341 342 344 345 347 349 351 351 349 344 342 345 349 351 350 347 347 351 356 359 359 359 357 353 350 348 345 344 345 350 354 354 348 343 341 342 346 351 355 356 356 355 355 355 355 353 351 348 346 346 347 350 351 350 350 352 354 356 356 355 354 354 354 354 352 352 352 352 351 351 353 354 353 353 353 351 350 349 349 350 349
340 342 344 345 347 347 346 345 346 345 342 340 340 340 340 342 344 345 346 349 349 349 349 348 347 346 347 348 350 351 350 346 346 350 356 359 1 359 354 350 347 344 343 345 351 356 356 351 343 339 340 343 348 351 354 355 354 355 357 358 357 355 351 349 348 349 350 349 349 350 352 355 356 356 354 353 353 354 352 350 350 351 351 351 353 356 356 355 354 353 351 350 349 348 348 348
342 342 343 345 347 347 346 346 346 343 339 338 338 338 340 343 345 347 349 350 349 347 346 346 346 347 347 347 349 352 352 350 346 346 351 357 360 358 353 350 347 344 342 345 352 357 357 352 346 341 339 341 344 348 352 354 355 355 357 359 360 358 354 352 352 351 350 348 348 350 353 356 358 357 354 352 353 353 351 349 349 350 350 351 353 355 356 355 355 354 352 350 348 347 347 347
343 343 343 345 347 346 345 346 345 341 338 338 339 340 342 345 347 350 352 351 350 348 346 345 345 346 346 345 347 351 353 353 351 349 350 354 357 355 351 348 346 343 344 348 354 356 356 353 348 342 339 338 341 344 349 354 356 356 357 359 1 359 356 354 352 351 349 348 349 350 353 356 359 359 356 353 352 351 349 349 349 350 350 351 353 354 354 355 354 353 352 350 348 346 345 345
343 343 344 345 346 345 344 343 342 340 339 339 339 341 344 347 349 351 351 350 350 349 348 346 346 345 344 344 346 350 353 354 353 353 352 353 354 353 350 347 344 343 346 352 355 355 354 352 348 343 338 335 337 341 347 352 356 357 357 359 1 359 356 353 351 349 349 348 349 352 354 357 359 359 356 354 352 350 349 350 350 349 349 351 353 354 354 354 353 352 351 350 348 346 344 345
343 343 344 345 345 344 342 340 339 339 340 340 339 341 345 348 349 350 349 349 349 349 348 347 346 346 345 343 344 348 352 353 353 353 353 353 353 352 349 346 343 344 350 357 356 353 352 351 348 343 337 333 333 336 343 349 353 356 358 0 360 358 355 353 350 348 348 348 349 353 356 359 360 360 357 354 351 350 350 351 350 348 347 349 350 352 354 354 352 351 350 349 348 346 345 345
344 344 344 344 344 343 341 338 336 337 340 341 340 342 345 346 347 348 349 349 349 348 347 345 345 347 347 345 344 347 351 353 353 352 352 352 354 353 350 345 344 349 357 359 355 352 350 349 347 344 339 336 334 335 339 344 349 354 358 359 358 357 355 352 350 348 348 348 349 353 358 0 2 2 358 354 352 351 352 352 350 348 347 347 348 350 352 351 350 349 349 349 348 347 347 347
345 345 345 345 345 343 341 338 336 336 338 340 342 345 345 344 345 349 350 350 349 346 344 342 344 348 350 348 346 347 351 353 353 352 351 352 353 353 350 346 347 354 357 357 355 353 350 348 347 345 342 340 339 339 339 341 346 352 356 357 357 355 353 350 349 349 349 349 351 354 358 2 5 4 359 356 354 352 352 352 351 349 347 346 346 348 349 348 347 347 347 348 348 348 348 348
343 344 347 347 345 343 341 339 337 336 338 341 345 347 345 343 346 350 352 350 347 343 341 341 344 348 350 350 350 349 350 353 354 353 352 351 351 351 350 348 350 353 354 354 355 354 352 350 348 346 344 342 341 341 342 342 344 350 354 356 356 354 351 348 348 349 349 349 351 355 359 5 7 5 1 358 356 352 350 350 351 349 347 346 347 349 348 345 344 345 346 348 348 347 348 348
341 344 347 348 345 342 341 340 338 336 337 341 347 349 347 346 348 350 350 348 346 343 340 340 344 347 349 351 352 350 350 352 355 355 354 351 350 350 350 349 349 350 352 353 353 353 352 352 351 349 347 345 343 342 343 343 344 347 352 356 356 353 349 347 348 350 348 348 351 357 3 8 8 5 2 0 359 355 351 349 349 347 346 347 350 350 345 341 342 344 346 347 347 347 346 347
345 345 347 346 343 341 340 341 340 337 337 341 347 350 349 348 349 349 347 346 345 344 343 342 344 345 347 351 352 350 349 351 354 356 354 351 350 351 351 349 348 349 351 351 350 350 351 352 353 353 351 349 347 345 345 344 343 345 351 355 356 353 350 349 349 349 347 347 352 0 8 10 9 5 2 0 359 357 354 350 346 345 346 350 353 350 343 340 342 344 346 347 347 346 345 345
352 350 347 344 342 340 340 342 341 339 339 342 346 348 349 348 348 347 346 345 345 346 346 346 345 344 347 350 351 349 348 350 353 354 353 352 351 351 351 350 349 349 349 348 347 347 348 351 354 355 354 352 349 348 348 347 345 345 349 354 355 353 351 350 349 347 346 348 355 5 10 10 8 5 3 359 357 356 355 351 347 344 346 351 352 348 343 342 344 345 346 346 346 346 344 344
356 353 348 345 343 342 342 343 343 341 340 342 344 346 346 347 346 345 345 346 346 347 348 347 345 345 347 350 350 350 349 350 351 353 353 352 351 350 351 351 349 348 347 345 344 344 346 350 354 357 356 353 351 350 350 349 347 347 349 352 354 353 351 350 348 346 347 352 1 8 10 9 6 4 2 360 357 354 352 350 347 346 347 350 349 347 346 347 348 348 347 346 346 345 344 344
355 353 348 345 345 346 345 344 343 343 341 341 342 343 344 345 345 345 346 348 348 348 348 345 344 344 347 349 349 350 350 350 350 352 354 354 352 349 350 350 349 347 346 344 343 343 345 350 354 357 356 353 351 351 351 350 349 349 350 352 353 352 351 350 348 347 350 357 4 8 7 6 5 2 360 359 358 355 350 346 345 346 348 349 349 349 349 351 352 350 347 346 345 345 345 344
