project/data/elevation/US_DEM2016/US_DEM2016_point_11-01-2019_0008_30m_ang.asc
ncols	125
nrows	167
xllcorner	-2042055.000000
yllcorner	1465035.000000
cellsize	30.000000
NODATA_value	-9999.000000
[rows 42 to 83 of 167, columns 0 to 93 of 125]
266 264 260 258 258 258 258 259 262 264 264 256 233 227 244 254 258 260 263 268 273 274 275 274 272 269 266 264 262 259 260 263 269 273 276 278 280 279 272 265 262 265 265 262 259 257 257 259 260 258 256 257 265 264 255 258 264 264 261 259 258 259 260 264 269 272 274 278 285 291 293 293 288 281 276 277 285 284 276 271 266 264 265 263 261 259 259 259 259 257 255 252 246 231
266 264 261 259 258 258 258 261 263 264 260 247 220 187 245 254 257 260 263 268 272 273 273 272 270 268 267 266 266 265 266 269 272 273 271 270 273 276 273 265 259 258 258 259 259 259 259 261 264 263 259 255 254 254 257 261 262 262 259 258 257 258 261 264 266 267 270 276 280 283 285 287 288 284 280 281 289 290 282 275 271 271 273 271 266 262 259 258 257 255 250 244 237 222
266 265 262 260 260 260 260 261 261 260 253 235 212 196 249 255 259 261 263 268 271 270 268 267 266 266 266 267 268 271 272 273 273 273 268 265 264 268 271 266 258 253 250 254 259 260 260 260 264 266 266 263 260 260 263 264 262 259 257 256 256 258 260 262 261 264 269 272 271 269 271 277 282 284 283 285 292 296 292 286 284 281 277 274 270 265 260 257 258 258 252 242 232 215
266 265 263 262 262 262 260 258 256 252 243 221 210 235 253 259 261 263 265 267 269 268 265 263 263 265 267 269 272 275 276 273 271 270 269 264 260 260 263 264 257 249 245 251 259 261 260 261 262 263 265 265 269 282 285 271 263 257 255 255 257 258 259 259 260 264 266 263 259 260 266 272 276 278 281 285 291 297 293 300 301 295 283 277 274 267 259 255 254 257 256 246 228 213
266 265 263 262 262 262 260 256 252 246 233 209 213 241 254 258 260 262 264 265 266 266 265 264 265 266 268 272 276 278 277 272 268 268 271 267 260 255 255 256 251 244 243 251 259 261 261 262 261 259 257 261 272 294 309 289 265 257 255 256 257 258 258 259 260 262 259 256 256 261 267 270 272 274 277 281 286 292 299 306 303 311 295 282 276 270 261 255 251 250 249 239 218 215
267 267 265 263 262 261 260 257 251 243 226 206 196 244 253 253 255 258 261 262 264 265 265 266 267 268 270 274 277 279 276 270 266 266 271 270 262 255 251 248 241 240 246 253 258 260 262 262 258 254 254 262 275 293 318 314 272 259 256 256 257 258 259 259 258 257 255 255 259 264 267 269 270 271 274 277 280 285 292 302 316 322 309 289 279 272 264 257 252 248 240 223 207 217
269 269 268 265 262 260 260 258 253 242 219 212 237 251 255 253 254 256 258 260 262 263 265 266 268 269 272 276 279 279 275 269 265 265 268 270 264 256 250 243 235 240 250 256 258 260 260 259 254 252 258 269 280 291 315 340 282 260 256 256 257 258 258 258 258 257 259 261 264 265 266 267 268 269 271 274 277 280 286 293 306 321 318 300 283 274 267 261 255 248 234 213 207 220
268 268 269 267 262 259 258 257 252 238 216 226 253 258 260 259 258 258 258 259 260 262 264 266 268 270 273 278 280 281 278 271 266 262 261 266 265 257 249 240 237 246 255 259 261 261 260 258 255 258 267 276 281 287 306 5 285 260 258 257 257 256 256 258 260 262 264 266 267 266 266 266 267 268 269 270 272 274 276 279 289 307 317 310 291 277 270 264 258 248 229 212 213 223
266 266 265 266 264 258 254 254 250 230 215 238 257 261 262 261 260 259 258 257 259 262 265 267 268 271 274 278 281 283 282 276 267 260 256 258 258 250 244 241 244 253 260 264 265 264 262 260 260 266 274 279 280 279 286 52 245 258 260 259 258 257 257 259 262 265 267 268 269 268 267 267 267 268 267 266 265 265 264 265 270 284 304 312 303 285 273 266 259 246 226 216 220 229
266 265 263 264 264 259 253 251 246 220 215 244 255 258 257 256 256 255 255 255 257 260 263 267 270 272 275 277 280 283 286 280 271 261 256 253 245 237 240 245 250 256 261 265 267 267 266 266 267 271 274 275 273 269 260 123 194 254 260 261 262 261 260 261 264 267 270 272 274 274 273 271 270 270 268 265 263 261 260 258 258 264 278 298 305 295 277 266 256 241 227 224 229 236
267 266 264 264 263 259 254 251 244 217 220 247 254 253 250 249 249 250 251 252 254 257 261 267 272 275 275 275 277 281 288 286 277 267 259 252 236 228 239 247 253 258 261 264 268 271 273 272 270 269 267 266 263 257 235 148 191 248 259 264 266 266 264 263 264 266 271 274 278 281 282 278 275 273 270 267 264 262 262 260 258 258 261 270 287 285 281 265 252 238 233 235 238 245
267 267 266 266 266 263 257 252 243 218 146 247 253 249 244 243 245 247 249 250 253 256 261 266 272 276 275 274 274 278 287 292 285 274 263 252 232 228 242 249 254 258 262 266 272 276 278 277 272 265 260 257 254 247 217 159 194 246 261 266 268 267 265 264 262 264 268 273 278 283 286 284 280 276 272 269 264 262 262 264 263 261 260 261 267 279 278 263 249 243 242 242 244 251
267 267 267 267 268 268 262 252 242 221 226 249 249 244 240 242 246 248 249 251 254 258 263 267 272 275 275 273 273 276 284 292 291 279 264 250 232 236 248 253 257 260 264 270 276 279 279 277 272 264 258 253 249 238 206 166 198 247 262 266 267 266 264 261 260 262 266 271 276 279 281 282 281 279 275 271 266 262 260 261 263 264 266 270 271 270 268 260 254 253 250 244 247 256
268 267 267 267 267 269 266 257 244 224 229 253 246 242 243 250 252 254 255 256 258 260 264 268 271 274 275 274 273 275 280 286 291 284 266 248 239 247 256 259 262 265 269 275 279 280 278 275 271 265 259 253 247 233 199 175 205 248 261 264 263 262 261 260 260 263 266 269 271 271 272 274 278 280 278 274 270 264 260 259 263 268 274 281 271 279 269 263 262 260 253 247 254 259
268 267 266 264 263 262 264 261 249 229 231 235 246 245 250 256 259 261 263 264 263 263 264 267 270 272 274 274 274 275 277 280 286 288 274 252 249 256 260 264 267 270 274 279 281 280 277 274 273 267 260 254 246 229 196 186 216 250 259 260 259 259 260 261 263 265 266 265 264 263 266 270 274 275 274 271 267 264 263 262 267 274 281 287 277 289 279 269 266 262 257 255 260 265
267 266 264 260 256 253 255 258 250 229 96 240 244 247 252 256 260 263 266 268 267 266 265 266 269 270 271 272 274 275 275 277 280 285 280 260 255 257 260 264 267 271 276 279 280 278 275 274 274 270 262 255 245 224 194 198 228 250 258 260 261 262 262 264 266 266 263 260 259 261 265 268 267 264 263 267 269 268 267 269 275 281 285 283 288 289 284 272 266 264 263 264 267 272
267 265 262 256 250 246 248 249 239 217 225 237 243 247 251 254 258 261 263 266 267 267 266 267 267 267 268 270 273 274 274 273 272 271 265 257 257 258 260 262 266 270 274 277 278 276 274 273 274 272 265 255 243 218 195 212 239 253 260 263 265 266 265 265 266 264 261 258 259 263 266 264 257 252 256 262 265 267 271 276 282 285 284 282 281 280 278 271 267 266 268 270 273 276
266 265 261 256 249 243 242 240 227 207 74 236 243 245 250 253 256 259 260 261 262 265 266 267 265 264 265 269 271 271 271 271 268 263 250 250 258 262 262 263 265 268 271 272 273 274 272 271 272 275 269 256 241 215 204 227 247 256 263 267 269 269 269 266 263 260 257 258 261 264 262 255 248 249 256 262 266 271 276 281 283 283 280 277 275 271 269 269 269 270 272 276 277 275
266 264 260 257 251 244 240 235 221 204 220 239 247 250 251 253 255 257 257 257 259 263 266 266 263 261 265 269 269 267 266 267 268 268 264 257 261 264 265 265 265 266 266 267 267 269 269 269 273 278 275 264 247 219 217 236 249 258 264 269 273 274 273 268 261 255 254 257 261 261 255 248 247 254 260 265 270 274 277 279 278 276 274 271 272 266 263 266 269 272 275 279 278 273
266 264 260 257 253 247 241 233 218 206 223 243 252 255 255 255 255 255 255 257 261 265 265 263 260 262 268 270 270 266 261 260 263 269 281 271 262 263 264 263 263 263 263 264 264 263 264 268 274 279 282 279 265 229 228 242 251 258 264 270 276 278 275 269 260 253 253 256 258 256 251 248 253 260 264 267 270 272 272 271 269 267 266 265 264 262 259 264 269 271 275 279 277 270
266 264 261 257 253 247 241 231 217 214 234 250 258 263 264 261 257 255 257 263 269 271 268 263 262 267 271 273 272 270 264 258 256 258 267 269 261 260 260 260 261 262 263 264 263 261 260 264 270 276 281 282 275 221 235 249 256 262 267 273 276 277 273 267 259 255 256 257 257 253 251 253 258 262 264 266 268 267 265 263 261 259 258 262 258 255 259 269 273 274 275 277 275 268
266 265 262 258 252 246 238 225 218 227 245 257 265 271 274 271 268 260 261 267 274 276 275 271 270 273 274 274 274 275 272 263 256 252 245 238 255 260 260 261 263 266 267 266 264 260 258 261 265 268 270 268 246 183 240 257 263 268 273 276 276 273 268 262 259 261 262 261 257 253 254 258 261 263 264 265 266 264 261 258 256 253 251 249 261 266 260 272 276 277 277 276 274 272
266 265 261 256 250 241 229 216 221 235 248 256 264 270 276 280 273 271 265 265 270 275 279 281 281 278 276 275 275 277 278 273 263 252 237 228 255 265 267 267 269 271 271 269 265 261 258 259 260 261 261 257 229 176 246 263 270 274 276 276 272 267 263 259 261 266 267 264 259 256 258 261 265 266 264 263 264 264 261 256 253 250 247 243 240 264 263 275 278 278 278 277 277 278
266 264 259 253 245 233 215 210 224 238 246 252 258 263 269 277 285 282 269 263 264 269 276 285 287 282 278 275 274 274 278 279 273 262 244 240 259 268 271 273 274 274 273 270 266 263 261 261 258 254 254 254 231 172 253 268 275 278 277 273 267 262 259 259 264 268 269 266 262 260 261 262 265 268 267 262 260 262 261 257 252 249 245 242 242 252 272 284 285 282 281 281 282 285
265 263 257 250 239 221 203 209 226 237 244 249 253 257 262 270 280 287 279 266 262 265 270 279 286 285 281 277 273 270 272 277 280 280 274 264 264 266 268 271 273 273 271 269 266 265 265 263 258 251 249 248 230 217 263 272 278 279 275 269 262 259 258 259 265 270 270 268 263 262 262 261 261 265 267 263 257 255 255 255 252 248 246 247 252 264 281 293 294 288 285 284 286 291
265 263 256 247 233 210 198 210 199 236 240 244 246 251 257 264 272 283 286 275 266 265 267 273 281 286 284 279 273 267 265 269 277 288 303 283 267 265 265 267 270 271 269 267 265 266 267 266 260 253 249 245 231 254 271 275 277 276 270 262 259 258 257 261 267 270 269 266 264 263 263 262 260 259 261 260 254 249 252 252 253 260 249 253 261 272 284 295 300 295 289 284 284 291
265 262 254 244 226 201 198 214 230 238 240 240 243 247 252 258 265 275 285 284 274 268 267 270 277 283 284 279 273 267 262 262 267 277 304 290 266 263 264 266 269 269 267 265 264 266 268 267 263 258 253 248 242 253 274 275 274 270 261 258 258 257 258 264 268 268 266 264 264 265 264 264 262 257 255 253 249 248 247 252 256 255 255 259 266 275 282 292 300 301 296 287 281 283
265 261 252 241 221 196 201 223 238 245 245 244 245 247 250 254 259 266 278 286 280 273 270 271 275 278 279 277 273 269 264 260 259 262 278 298 270 265 267 269 269 267 265 263 263 265 266 264 261 260 260 260 264 283 279 271 267 260 256 259 260 259 262 266 267 265 263 262 263 266 267 267 265 259 253 248 247 245 249 253 256 258 259 262 268 275 280 285 295 304 304 293 279 274
264 261 251 238 215 194 209 232 246 254 258 258 256 254 253 253 256 261 269 281 282 277 275 274 273 273 273 272 270 270 269 267 262 259 263 296 278 270 269 269 268 265 263 262 263 263 262 259 259 263 268 273 280 292 289 266 261 258 261 264 264 265 268 268 267 264 262 261 261 264 266 267 264 259 252 247 247 249 252 255 258 260 262 266 271 276 279 283 291 302 307 294 275 267
264 260 250 234 208 197 216 237 247 256 264 271 272 268 261 258 257 259 265 274 281 279 277 276 273 269 266 265 265 266 270 273 272 269 271 291 282 273 271 269 266 263 262 263 262 261 257 257 261 267 272 277 283 293 296 266 262 262 266 268 268 270 272 272 270 267 263 260 259 260 261 260 257 252 249 248 249 252 255 258 262 264 267 271 276 279 280 282 286 292 298 284 267 260
263 260 249 230 203 202 222 238 246 252 260 270 278 279 273 267 263 263 265 270 278 279 277 275 271 266 261 260 260 262 266 271 274 278 285 301 286 275 272 268 264 262 262 263 262 260 258 260 264 268 269 269 271 282 272 264 262 261 263 265 266 269 271 273 272 267 261 257 257 257 255 252 248 246 247 250 252 256 260 265 270 272 273 276 279 281 279 273 270 270 271 261 256 251
264 260 248 222 200 208 228 241 247 252 258 264 272 278 279 276 272 269 268 269 274 277 275 272 268 263 259 256 257 259 262 265 267 272 281 301 288 275 270 266 263 263 263 263 263 262 262 263 264 265 262 258 255 257 261 260 259 259 259 261 263 267 269 270 269 264 257 255 255 254 250 247 247 249 252 254 256 261 269 275 279 279 278 276 275 276 276 267 257 248 233 226 241 240
264 260 245 215 201 215 235 247 253 257 259 261 264 269 275 279 279 277 273 270 270 271 270 268 265 263 259 256 254 256 258 260 261 262 264 276 280 271 267 265 264 264 264 264 264 264 265 265 265 265 262 257 250 239 242 256 259 260 260 261 263 266 268 266 262 256 253 254 254 252 250 249 251 255 259 261 264 269 277 282 285 285 281 274 268 265 270 269 257 240 220 214 228 229
263 259 241 210 205 225 244 256 262 262 261 259 260 264 271 277 281 280 276 271 268 267 265 263 262 263 262 257 254 254 256 257 259 259 261 273 278 268 265 265 265 264 265 265 264 263 264 267 267 267 267 265 257 242 242 258 263 264 264 264 265 266 263 258 253 251 254 256 254 252 252 253 256 261 265 269 272 276 279 282 285 286 284 276 266 259 258 263 259 239 218 215 223 227
261 256 237 205 207 233 251 261 265 263 260 259 261 265 271 276 280 279 276 270 266 264 262 260 260 262 264 261 256 255 255 255 255 258 265 278 285 268 263 263 265 267 267 265 263 262 262 264 266 266 266 267 263 255 258 265 267 267 267 267 267 264 255 250 250 254 259 259 256 255 256 258 262 266 271 275 278 278 277 275 276 277 280 280 273 262 254 250 248 229 214 218 227 232
259 252 232 199 207 241 255 260 260 260 261 263 267 271 275 277 278 277 273 269 265 262 260 259 259 260 263 264 260 257 254 251 251 255 261 267 272 261 260 263 267 268 267 265 263 262 262 262 264 265 264 264 267 277 278 272 269 269 268 268 265 257 248 248 253 258 261 260 259 259 260 264 268 271 273 277 279 277 271 265 263 264 270 277 278 273 260 247 233 210 208 224 233 235
257 249 226 201 215 247 255 256 258 261 267 271 274 277 279 278 276 274 271 267 264 261 259 258 258 259 262 267 266 260 254 250 249 251 253 249 232 242 258 264 266 266 265 264 263 262 263 264 265 266 267 269 278 298 303 280 271 269 267 264 259 249 247 253 258 261 263 263 264 263 264 268 272 273 273 273 275 273 267 260 255 255 259 266 273 277 271 255 229 207 212 231 237 237
255 245 222 212 234 254 258 259 261 267 272 276 278 280 280 278 275 271 268 265 262 260 259 258 258 258 261 268 270 265 258 252 249 249 248 237 219 233 256 263 264 264 264 263 262 262 263 265 267 270 273 279 287 305 322 290 271 267 264 261 256 252 255 261 264 266 268 268 267 265 266 269 273 274 271 269 268 269 267 261 254 251 252 256 261 267 271 261 229 214 225 237 238 240
250 239 224 229 248 260 263 264 266 271 275 279 280 280 278 275 271 268 265 262 259 258 258 257 257 258 260 266 273 270 265 259 253 250 246 231 229 235 255 261 263 264 264 262 261 261 263 266 270 274 279 283 287 297 328 294 270 265 265 264 262 262 266 269 271 273 273 270 266 265 267 269 272 273 271 266 264 265 267 267 261 253 251 251 253 256 258 253 223 224 238 240 238 244
249 242 234 239 251 260 265 267 270 274 278 280 280 277 274 270 267 265 262 259 257 257 256 256 257 257 258 263 271 273 271 269 263 255 247 228 214 239 254 259 262 263 262 260 259 260 262 266 271 275 278 280 282 292 328 300 277 264 264 264 265 268 272 276 278 278 275 269 265 266 268 269 270 272 271 266 263 262 264 268 270 262 254 251 250 250 249 241 215 231 244 242 242 250
259 257 247 244 253 261 266 270 273 276 279 279 277 274 270 266 263 261 259 256 256 256 254 255 257 257 256 258 264 270 273 276 276 267 252 236 221 243 254 259 261 261 259 258 258 259 261 264 268 271 273 276 282 292 336 326 315 264 261 261 264 269 274 278 280 279 273 267 267 268 269 268 268 271 273 268 263 261 260 262 269 271 261 253 250 247 245 237 219 235 248 247 247 256
262 262 252 251 259 265 269 273 276 278 278 276 273 270 266 263 259 257 253 253 255 254 253 256 258 257 256 255 257 263 270 275 281 279 272 255 235 250 259 263 262 259 257 257 258 259 261 263 265 267 270 276 282 292 344 7 21 270 262 262 266 270 273 276 278 277 272 268 269 269 268 266 266 270 276 272 266 262 259 258 262 272 270 258 252 248 242 234 226 241 252 250 252 257
