project/data/elevation/US_DEM2016/US_DEM2016_point_10-28-2019_1048_30m_vel.asc
ncols	125
nrows	167
xllcorner	-2042055.000000
yllcorner	1465035.000000
cellsize	30.000000
NODATA_value	-9999.000000
[rows 0 to 35 of 167, columns 0 to 81 of 125]
8.39 7.40 6.30 6.92 8.66 10.73 12.54 13.68 14.00 14.11 14.42 15.22 15.81 15.18 14.32 13.98 13.76 13.62 13.42 13.21 12.88 12.72 12.88 13.26 13.63 13.66 13.38 12.44 11.07 9.55 8.03 6.62 5.49 4.75 4.44 4.62 5.32 6.43 7.60 8.35 8.74 9.00 9.18 9.14 8.62 7.80 7.17 7.26 7.91 8.80 9.55 10.39 11.15 11.99 12.39 12.59 12.33 11.19 10.12 9.42 9.13 9.27 9.76 10.58 11.12 11.24 10.96 10.07 8.60 7.62 7.33 7.56 8.10 8.73 9.23 9.54 9.84 10.44 11.15 11.61 12.07 12.38
8.39 7.40 6.30 6.92 8.66 10.73 12.54 13.68 14.00 14.11 14.42 15.22 15.81 15.18 14.32 13.98 13.76 13.62 13.42 13.21 12.88 12.72 12.88 13.26 13.63 13.66 13.38 12.44 11.07 9.55 8.03 6.62 5.49 4.75 4.44 4.62 5.32 6.43 7.60 8.35 8.74 9.00 9.18 9.14 8.62 7.80 7.17 7.26 7.91 8.80 9.55 10.39 11.15 11.99 12.39 12.59 12.33 11.19 10.12 9.42 9.13 9.27 9.76 10.58 11.12 11.24 10.96 10.07 8.60 7.62 7.33 7.56 8.10 8.73 9.23 9.54 9.84 10.44 11.15 11.61 12.07 12.38
8.50 7.54 6.53 6.99 8.21 9.80 11.29 12.31 12.83 13.09 13.50 14.20 14.51 14.20 13.62 13.43 13.41 13.45 13.26 12.77 12.46 12.32 12.46 12.74 12.93 12.86 12.32 11.34 10.21 8.97 7.74 6.62 5.72 5.11 4.77 4.79 5.18 5.89 6.74 7.48 7.87 8.10 8.31 8.57 8.70 8.58 8.35 8.26 8.61 9.13 9.66 10.20 10.78 11.26 11.55 11.77 11.88 11.57 10.82 9.87 9.15 8.84 9.14 9.67 10.08 10.30 10.40 10.26 9.80 9.04 8.56 8.41 8.46 8.59 8.76 8.97 9.31 9.82 10.27 10.64 10.97 11.27
9.34 8.26 7.25 7.42 7.99 8.67 9.42 9.89 10.13 10.61 11.39 11.86 11.90 11.72 11.75 11.87 12.02 12.37 12.36 12.03 11.86 11.76 11.70 11.58 11.42 11.15 10.58 9.89 9.17 8.45 7.74 7.12 6.66 6.36 6.09 5.80 5.57 5.56 5.78 6.26 7.00 7.58 8.02 8.52 9.15 9.65 9.93 9.87 9.75 9.70 9.81 9.88 9.95 9.85 9.82 9.73 9.96 10.49 10.76 10.59 9.98 9.26 8.76 8.51 8.27 8.32 8.84 9.60 10.12 10.27 10.09 9.63 9.05 8.49 8.15 8.14 8.37 8.61 8.65 8.64 8.94 9.61
9.99 8.96 8.04 8.01 8.13 8.32 8.40 8.42 8.31 8.54 9.15 9.66 9.78 9.72 9.93 10.14 10.28 10.62 11.17 11.65 11.80 11.47 11.05 10.47 9.92 9.65 9.56 9.36 9.10 8.84 8.57 8.35 8.21 8.09 7.85 7.37 6.79 6.36 6.15 6.37 7.15 8.05 8.84 9.48 9.81 10.14 10.44 10.62 10.53 10.27 10.09 9.85 9.45 8.94 8.45 7.61 7.21 7.52 8.53 9.63 10.10 9.91 9.24 8.30 7.56 7.10 7.06 7.50 8.21 8.76 8.99 8.89 8.57 8.13 7.77 7.60 7.61 7.62 7.54 7.47 7.82 8.64
10.04 9.23 8.53 8.52 8.40 8.28 8.04 7.55 7.23 7.24 7.54 8.10 8.54 8.77 9.25 9.70 9.90 9.95 10.49 11.21 11.42 10.94 10.27 9.43 8.86 8.89 9.12 9.28 9.39 9.51 9.59 9.60 9.48 9.21 8.84 8.37 7.87 7.40 7.04 6.91 7.09 7.57 8.40 9.31 9.85 10.14 10.37 10.64 10.64 10.47 10.25 10.02 9.69 8.82 7.73 6.73 6.31 6.39 6.90 7.68 8.55 9.05 8.87 8.06 7.25 6.63 6.25 6.12 6.23 6.48 6.79 7.03 7.15 7.16 7.06 6.94 6.88 6.89 6.95 7.09 7.41 7.95
10.10 9.60 9.10 9.12 8.88 8.43 7.81 6.93 6.34 6.20 6.41 6.94 7.57 8.28 9.12 9.78 10.29 10.27 10.12 10.12 10.17 9.92 9.42 8.83 8.63 8.78 8.98 9.11 9.34 9.74 10.10 10.25 10.04 9.74 9.45 9.20 8.94 8.59 8.08 7.48 7.05 6.99 7.33 8.03 8.71 8.99 9.14 9.33 9.64 9.78 9.92 10.05 9.93 9.62 8.98 8.25 8.06 7.99 7.82 7.61 7.54 7.68 7.69 7.35 6.77 6.20 5.78 5.61 5.64 5.79 5.98 6.15 6.26 6.31 6.27 6.17 6.06 6.06 6.28 6.65 7.04 7.37
10.07 9.97 10.00 9.90 9.57 8.64 7.58 6.49 5.90 5.86 5.91 6.06 6.74 7.74 8.66 9.28 9.92 10.03 9.45 8.85 8.67 8.72 8.73 8.74 8.78 8.88 9.01 9.03 9.13 9.54 10.09 10.43 10.49 10.54 10.68 10.93 10.94 10.59 9.91 9.01 8.02 7.20 6.85 6.78 6.85 7.15 7.32 7.54 8.13 8.96 9.53 9.97 10.27 10.70 10.90 10.80 10.34 9.82 9.15 8.34 7.56 7.08 6.95 6.81 6.44 5.92 5.52 5.48 5.70 5.92 6.04 6.03 5.96 5.90 5.87 5.83 5.73 5.72 5.93 6.24 6.50 6.64
10.25 10.45 10.92 10.77 10.20 9.20 7.93 6.94 6.53 6.32 6.13 6.05 6.46 7.28 7.88 8.27 8.78 9.02 8.64 8.08 7.83 7.87 8.02 8.31 8.53 8.72 9.09 9.40 9.49 9.59 10.07 10.67 11.25 11.99 12.83 13.44 13.55 13.14 12.44 11.49 10.27 8.88 7.65 6.89 6.54 6.62 7.18 7.70 8.38 9.02 9.37 9.39 9.52 10.01 10.54 10.73 10.37 9.69 8.89 8.11 7.40 6.91 6.70 6.72 6.68 6.41 6.08 6.01 6.08 6.13 6.12 6.06 6.02 6.14 6.38 6.61 6.73 6.87 6.93 6.82 6.55 6.26
10.26 10.86 11.52 11.34 10.71 9.93 8.83 8.16 8.02 7.92 7.44 6.98 6.95 7.15 7.25 7.39 7.72 8.10 8.21 8.01 7.79 7.54 7.44 7.72 8.10 8.44 8.90 9.46 9.87 10.12 10.60 11.30 12.19 13.12 13.84 14.18 14.18 14.00 13.76 13.36 12.60 11.42 10.03 8.73 7.80 7.75 8.16 8.77 9.27 9.41 9.20 8.36 7.73 7.18 7.53 8.22 8.51 8.25 7.83 7.40 6.96 6.61 6.46 6.70 7.28 7.52 7.45 7.28 6.87 6.44 6.35 6.52 6.84 7.36 7.91 8.34 8.69 8.99 9.05 8.72 8.09 7.54
10.29 10.73 11.59 11.69 11.25 10.80 10.36 10.28 10.32 10.10 9.54 8.79 8.05 7.46 7.00 6.75 7.07 7.79 8.38 8.58 8.42 8.03 7.73 7.81 8.13 8.43 8.70 9.17 9.99 10.88 11.58 12.16 12.61 12.77 12.57 12.13 12.12 12.66 13.23 13.58 13.57 13.04 12.04 10.68 9.45 8.81 8.67 9.06 9.47 9.43 8.79 7.80 6.83 6.05 5.86 6.17 6.72 7.07 7.11 6.96 6.72 6.53 6.55 6.97 7.82 8.59 8.86 8.54 7.88 7.11 7.03 7.54 8.21 8.86 9.51 10.06 10.51 10.70 10.61 10.26 9.84 9.45
9.70 9.83 10.78 11.75 12.15 12.27 12.43 12.63 12.73 12.27 11.53 10.69 9.70 8.45 7.31 6.85 7.09 7.92 8.77 9.19 9.15 8.85 8.50 8.34 8.47 8.79 9.16 9.74 10.63 11.53 11.93 11.98 11.63 10.93 9.96 9.32 9.52 10.33 11.18 11.88 12.48 12.88 12.79 12.12 11.00 9.87 9.25 9.21 9.21 8.93 8.13 7.64 7.19 6.49 5.86 5.60 5.91 6.49 6.86 6.93 6.89 6.99 7.28 7.77 8.49 9.14 9.49 9.38 8.89 8.41 8.19 8.58 9.09 9.74 10.35 10.75 10.79 10.50 9.83 9.23 8.83 8.61
8.83 8.54 9.09 10.78 12.13 12.93 13.32 13.44 13.50 13.21 12.66 11.99 11.18 9.86 8.53 7.83 7.78 8.15 8.68 9.06 9.16 9.05 8.80 8.60 8.71 9.15 9.74 10.30 10.68 10.77 10.53 9.89 8.94 7.94 7.42 7.57 8.02 8.35 8.54 9.08 9.95 10.92 11.82 12.26 11.97 10.98 9.95 9.43 8.80 7.87 7.13 6.93 6.60 6.09 5.57 5.37 5.66 6.30 6.94 7.35 7.59 7.84 8.21 8.59 8.89 9.10 9.41 9.76 9.82 9.61 9.46 9.52 9.94 10.40 10.51 10.09 9.20 8.06 7.10 6.39 5.87 5.76
9.10 8.70 8.57 9.25 10.43 11.44 11.88 11.97 11.89 11.89 11.96 11.90 11.67 11.06 10.15 9.23 8.67 8.40 8.30 8.26 8.34 8.47 8.49 8.44 8.55 8.84 9.09 9.07 8.66 8.06 7.38 6.50 5.69 5.21 5.36 5.94 6.23 6.19 6.21 6.59 7.21 8.07 9.14 10.26 11.04 10.96 10.29 9.56 8.78 7.64 6.70 5.95 5.51 5.35 5.28 5.45 5.90 6.53 7.25 7.97 8.48 8.75 8.89 9.06 9.19 9.33 9.67 10.21 10.52 10.46 10.33 10.42 10.61 10.40 9.51 8.08 6.64 5.85 5.56 5.40 5.24 5.26
9.72 9.80 9.27 8.64 8.22 8.40 8.59 8.44 8.25 8.54 9.13 9.81 10.32 10.68 10.66 10.16 9.39 8.70 8.14 7.68 7.50 7.72 7.94 7.98 7.87 7.64 7.23 6.59 5.84 5.25 4.87 4.73 4.72 4.71 4.70 4.64 4.58 4.77 5.02 5.19 5.37 5.71 6.31 7.34 8.73 10.11 10.27 9.94 9.30 8.39 7.12 6.06 5.63 5.69 5.94 6.28 6.61 7.00 7.56 8.41 9.27 9.67 9.84 9.98 10.16 10.45 10.77 11.09 11.28 11.18 10.98 10.93 10.47 9.20 7.62 6.39 5.84 5.71 5.87 6.19 6.47 6.74
9.72 9.79 9.36 8.35 6.76 5.70 5.13 4.79 4.78 4.96 5.46 6.14 7.10 8.22 9.35 9.85 9.64 8.96 8.21 7.59 7.33 7.43 7.55 7.43 7.04 6.46 5.84 5.39 5.07 4.74 4.61 4.91 5.52 5.86 5.69 5.40 5.19 5.26 5.53 5.73 5.74 5.78 6.14 7.08 8.45 10.02 10.59 10.45 9.75 8.67 7.68 7.10 6.84 6.98 7.25 7.50 7.55 7.64 8.13 9.13 10.14 10.92 11.37 11.55 11.71 12.05 12.36 12.57 12.68 12.50 12.00 11.15 9.66 8.13 7.24 6.92 6.92 6.87 6.93 7.23 7.70 8.06
9.05 8.63 8.14 7.54 6.05 4.66 3.84 3.62 3.71 4.07 4.51 4.92 5.55 6.56 7.76 8.87 9.34 9.10 8.50 7.98 7.72 7.62 7.48 7.18 6.74 6.31 6.06 6.06 6.14 6.03 5.73 5.63 6.10 6.88 7.28 7.34 7.18 6.98 6.98 7.24 7.59 7.99 8.48 9.35 10.37 11.06 11.13 10.90 10.21 9.28 8.48 8.13 8.05 8.20 8.49 8.79 8.78 8.90 9.48 10.46 11.57 12.52 13.11 13.32 13.25 13.26 13.48 13.80 14.09 13.84 13.03 11.68 9.72 8.80 8.76 8.94 8.91 8.62 8.42 8.55 8.87 9.23
9.06 8.45 7.68 7.01 6.28 5.51 5.10 5.26 5.73 6.37 6.90 7.19 7.51 7.76 8.00 8.33 8.82 9.05 8.89 8.57 8.24 7.93 7.61 7.30 7.05 6.94 6.98 7.11 7.34 7.52 7.36 6.89 6.83 7.44 8.25 8.83 8.99 8.84 8.64 8.86 9.55 10.18 10.80 11.34 11.57 11.25 10.81 10.66 10.42 9.96 9.31 8.90 8.88 9.19 9.58 9.86 10.09 10.28 10.98 11.99 12.89 13.46 13.76 13.88 13.75 13.49 13.36 13.45 13.89 14.09 13.85 13.31 12.10 11.56 11.76 12.05 12.03 11.60 11.26 11.00 10.81 10.82
9.46 9.14 8.31 7.50 7.19 7.34 7.77 8.42 9.17 9.83 10.33 10.61 10.56 10.01 9.20 8.66 8.67 8.98 9.10 8.96 8.67 8.33 8.01 7.76 7.65 7.67 7.71 7.81 8.11 8.59 8.88 8.79 8.62 8.69 9.19 9.95 10.57 10.73 10.74 10.96 11.41 11.83 11.98 11.71 10.88 9.71 8.94 9.14 9.82 9.99 9.97 9.80 9.90 10.20 10.48 10.56 10.79 11.25 12.06 12.74 12.98 12.84 12.61 12.62 12.76 12.81 12.70 12.46 12.45 12.99 13.97 14.62 15.09 15.10 15.19 15.62 15.90 15.79 15.41 14.71 13.88 13.04
9.30 8.84 8.08 7.58 8.02 8.89 10.04 11.15 12.03 12.45 12.57 12.48 12.16 11.34 10.39 9.59 9.20 9.16 9.22 9.17 9.03 8.88 8.74 8.60 8.43 8.32 8.36 8.50 8.76 9.27 9.98 10.59 10.99 11.27 11.54 11.94 12.25 12.31 12.45 12.66 12.69 12.37 11.69 10.60 9.15 7.79 7.17 7.58 8.93 9.88 10.46 10.76 10.95 11.01 10.99 10.90 11.21 11.85 12.25 12.32 11.77 10.98 10.40 10.31 10.74 11.31 11.63 11.53 11.15 11.35 12.66 14.18 15.35 15.91 16.33 17.04 17.51 17.57 17.23 16.78 15.99 14.95
8.64 8.07 7.49 7.77 8.93 10.45 11.71 12.59 13.07 13.03 12.73 12.41 12.09 11.62 11.12 10.52 9.92 9.48 9.36 9.39 9.45 9.58 9.77 9.84 9.73 9.50 9.53 9.66 9.84 10.28 11.10 12.11 12.97 13.58 13.87 13.72 13.38 13.10 13.00 12.86 12.30 11.26 9.97 8.58 7.48 6.91 6.84 7.56 9.00 10.26 11.33 12.05 12.28 12.04 11.65 11.51 11.75 11.85 11.76 11.04 9.94 8.87 8.05 7.61 7.96 8.45 8.95 9.21 9.19 9.34 10.03 11.32 12.68 13.63 14.38 15.06 15.50 15.62 15.76 15.90 15.84 15.24
9.42 8.87 8.66 9.57 10.88 12.01 12.54 12.67 12.47 11.88 11.42 11.16 10.96 10.97 10.95 10.68 10.19 9.70 9.58 9.82 10.22 10.74 11.26 11.56 11.61 11.46 11.39 11.45 11.63 12.06 12.79 13.52 14.01 14.15 13.91 13.40 12.92 12.42 12.00 11.29 10.22 9.03 7.84 6.91 6.65 6.97 7.68 8.83 9.87 11.09 12.13 12.71 12.98 13.08 12.67 12.26 11.94 11.47 10.70 9.36 8.01 6.85 5.65 4.98 4.88 4.91 5.02 5.48 6.12 6.50 7.31 8.03 8.74 9.31 9.85 10.48 10.55 10.81 11.36 11.98 13.28 14.30
10.47 10.78 11.61 12.29 12.67 12.78 12.34 11.66 10.91 10.41 10.17 9.97 9.83 9.92 10.07 10.11 9.95 9.77 9.91 10.37 11.07 11.82 12.46 12.94 13.08 13.08 13.09 13.20 13.46 13.85 14.11 14.01 13.53 12.75 11.81 11.12 10.99 10.63 9.88 8.77 7.64 6.95 6.54 6.58 7.02 7.67 8.65 9.65 10.66 11.65 12.18 12.54 12.81 13.08 13.08 12.60 11.77 10.73 9.35 7.93 6.58 5.15 4.01 3.39 3.10 2.97 3.00 3.36 4.04 4.79 5.44 6.00 6.27 6.40 6.45 6.80 7.25 7.91 8.60 9.33 10.54 12.34
10.80 11.74 12.98 13.23 13.00 12.38 11.43 10.61 9.79 9.51 9.47 9.28 9.12 9.11 9.25 9.49 9.65 9.81 10.09 10.39 10.73 11.13 11.69 12.41 12.89 13.25 13.57 13.88 14.11 14.12 13.66 12.65 11.28 10.14 9.39 9.05 8.80 8.22 7.36 6.67 6.20 6.09 6.39 7.16 7.86 8.57 9.41 10.18 10.99 11.44 11.40 11.30 11.47 11.91 12.24 12.08 11.35 10.23 8.79 7.52 6.30 4.99 4.02 3.49 3.29 3.30 3.54 4.06 4.60 4.82 4.91 5.00 4.97 4.90 4.86 5.14 5.93 6.94 7.55 7.95 8.78 10.10
10.78 11.54 12.50 12.63 12.18 11.25 10.37 9.76 9.29 9.06 8.92 8.69 8.59 8.59 8.78 9.12 9.49 9.75 9.83 9.67 9.44 9.32 9.56 10.24 11.29 12.21 12.90 13.26 13.17 12.56 11.43 9.94 8.49 7.66 7.32 7.09 6.54 5.95 5.65 5.76 6.08 6.61 7.36 8.05 8.86 9.72 10.25 10.74 10.97 10.79 10.47 10.34 10.43 10.68 11.02 11.22 11.04 10.41 9.28 8.03 6.98 6.17 5.65 5.45 5.38 5.34 5.65 5.91 5.71 5.26 4.86 4.68 4.42 4.07 3.98 4.40 5.16 5.79 6.11 6.46 7.09 7.92
10.73 10.59 10.86 11.29 10.94 10.54 9.75 9.03 8.71 8.51 8.28 8.10 7.99 8.05 8.42 8.92 9.40 9.63 9.59 9.34 9.13 9.07 9.32 9.95 10.88 11.62 11.93 11.78 11.16 10.16 8.92 7.77 6.72 6.01 5.61 5.42 5.28 5.25 5.38 5.90 6.78 7.76 8.41 9.12 10.00 10.74 11.18 11.25 10.84 10.20 9.72 9.55 9.56 9.80 10.28 10.71 11.02 10.96 10.35 9.30 8.44 7.97 7.78 7.73 7.69 7.74 7.75 7.29 6.42 5.82 5.56 5.05 4.38 3.91 3.87 4.16 4.44 4.55 4.75 5.28 5.85 6.49
10.65 10.11 9.69 10.10 10.59 10.65 10.23 9.39 8.83 8.57 8.28 8.11 8.01 8.08 8.42 8.93 9.48 9.87 10.07 10.13 10.31 10.72 11.29 11.75 11.85 11.52 10.84 9.98 9.03 8.15 7.25 6.51 6.03 5.74 5.46 5.33 5.56 6.04 6.38 6.74 7.49 8.32 9.14 10.07 10.93 11.58 11.79 11.51 10.77 9.81 8.95 8.46 8.57 9.08 9.80 10.53 11.05 11.40 11.40 11.03 10.57 10.33 10.30 10.31 10.25 9.95 9.37 8.68 8.00 7.63 7.04 6.13 5.03 4.53 4.46 4.35 4.21 4.21 4.44 4.85 5.32 5.85
10.65 10.02 9.26 9.41 10.05 10.73 11.03 10.66 10.07 9.77 9.57 9.28 9.20 9.23 9.33 9.45 9.79 10.32 10.83 11.22 11.65 12.11 12.36 12.17 11.50 10.45 9.31 8.23 7.30 6.70 6.40 6.22 6.18 6.45 6.61 6.62 6.71 7.16 7.65 7.83 8.10 8.64 9.60 10.64 11.48 11.96 11.94 11.48 10.74 9.72 8.52 7.84 8.01 8.69 9.47 10.10 10.62 11.35 11.89 12.16 12.46 12.85 13.33 13.66 13.35 12.64 11.62 10.79 10.45 9.94 8.70 7.22 6.28 6.03 5.80 5.20 4.79 4.84 5.04 5.21 5.35 5.59
10.31 9.48 8.56 8.61 9.13 10.25 11.10 11.35 11.04 10.77 10.63 10.36 10.33 10.40 10.42 10.26 10.14 10.37 10.89 11.40 11.74 11.74 11.23 10.28 9.25 8.32 7.53 6.82 6.27 6.11 6.33 6.83 7.27 7.53 7.85 8.08 8.16 8.34 8.75 8.83 8.87 9.21 10.12 10.95 11.61 11.76 11.43 11.02 10.70 10.17 9.21 8.31 8.17 8.56 8.91 9.37 10.12 11.14 11.90 12.60 13.29 14.04 14.78 15.21 15.52 15.16 14.30 13.49 12.66 11.67 10.38 9.01 8.30 7.91 7.39 6.76 6.49 6.58 6.54 6.23 5.88 5.70
9.96 9.35 8.56 8.35 8.61 9.37 10.49 11.23 11.30 10.95 10.46 10.04 9.98 10.14 10.32 10.29 10.05 10.01 10.29 10.54 10.43 9.78 8.74 7.66 6.81 6.21 5.86 5.78 5.91 6.26 7.08 8.02 8.55 8.82 8.99 9.22 9.46 9.59 9.64 9.73 9.85 10.15 10.53 10.98 11.08 10.73 10.19 10.10 10.55 10.79 10.50 9.84 9.08 8.93 8.97 9.39 10.24 11.24 11.84 12.44 12.92 13.65 14.28 14.67 15.31 15.64 15.61 15.31 14.69 13.84 13.15 12.44 11.55 10.36 9.24 8.76 8.80 8.91 8.45 7.60 6.62 5.85
10.36 10.18 9.55 8.99 8.88 9.11 9.89 10.84 11.31 11.15 10.48 9.81 9.49 9.40 9.47 9.49 9.52 9.60 9.66 9.29 8.41 7.22 6.16 5.37 4.75 4.32 4.14 4.48 5.37 6.62 7.93 8.81 9.44 9.84 10.07 10.23 10.31 10.26 10.17 10.21 10.48 10.63 10.81 10.75 10.25 9.31 8.97 9.23 9.93 10.89 11.21 10.94 10.39 9.90 9.75 9.94 10.37 11.01 11.46 11.78 11.83 11.75 11.41 11.58 12.53 13.83 14.79 15.52 16.00 15.99 15.97 15.66 14.76 13.44 12.04 11.39 11.12 10.62 9.62 8.10 6.78 5.83
10.60 10.28 9.83 9.43 9.23 9.23 9.55 10.36 11.21 11.63 11.45 10.80 10.23 9.72 9.35 9.10 9.16 9.27 8.93 7.93 6.56 5.38 4.52 3.97 3.69 3.54 3.41 3.59 4.45 5.83 7.20 8.08 8.80 9.44 9.95 10.27 10.23 10.16 10.06 10.16 10.39 10.65 10.87 10.66 10.12 9.24 8.77 8.84 9.28 10.05 10.93 11.16 11.12 10.72 10.35 10.01 10.00 10.17 10.50 10.50 10.32 9.79 9.19 9.16 9.76 10.97 12.57 14.01 15.12 15.81 16.32 16.60 16.23 15.56 14.75 13.85 12.63 11.10 9.41 7.87 6.85 6.19
9.83 9.03 8.37 8.54 8.78 8.87 8.96 9.46 10.50 11.45 11.85 11.51 10.88 10.26 9.75 9.31 9.15 8.87 8.11 6.94 5.92 5.19 4.64 4.26 4.14 4.20 4.23 4.18 4.35 4.83 5.40 6.03 6.67 7.36 8.06 8.62 9.02 9.27 9.51 9.84 9.97 10.22 10.32 10.09 9.75 9.23 8.60 8.42 8.59 9.04 9.79 10.66 10.93 10.78 10.32 9.62 9.31 9.21 9.37 9.24 8.85 8.13 7.72 8.01 8.70 9.45 10.34 11.29 12.25 13.05 13.71 14.38 15.04 15.32 15.29 14.89 13.36 11.07 9.32 8.35 7.70 6.81
8.54 7.70 6.96 7.21 7.51 7.52 7.48 7.94 8.86 10.14 11.08 11.29 10.87 10.28 9.87 9.47 9.14 8.62 7.87 7.17 6.72 6.48 6.24 6.02 5.90 6.00 6.01 5.88 5.59 5.36 5.37 5.42 5.51 5.72 6.15 6.86 7.77 8.37 8.91 9.37 9.43 9.39 8.98 8.19 7.35 7.02 6.99 7.06 7.29 7.99 8.75 9.60 10.19 10.19 9.68 9.06 8.71 8.70 8.68 8.47 7.90 7.05 6.98 7.36 8.04 8.61 8.93 9.16 9.51 10.00 10.08 10.68 11.88 13.10 14.04 14.57 14.05 12.37 10.58 9.52 8.41 7.21
8.39 7.94 7.58 7.50 7.06 6.66 6.59 6.79 7.35 8.44 9.77 10.66 10.78 10.36 9.87 9.38 9.00 8.62 8.29 8.12 8.18 8.25 8.30 8.22 8.12 8.06 8.00 7.69 7.29 6.97 6.79 6.57 6.19 5.83 5.83 6.36 7.20 7.84 8.46 8.91 8.92 8.53 7.53 5.96 5.06 5.01 5.40 5.93 6.61 7.29 8.02 8.72 9.24 9.43 9.05 8.80 8.69 8.76 8.59 8.40 7.95 7.42 7.38 7.37 7.45 7.37 7.40 7.68 8.08 8.41 8.53 8.77 9.53 10.67 11.63 13.00 14.06 13.85 12.53 10.75 9.01 8.05
9.37 9.43 9.58 9.37 8.74 7.76 7.09 6.79 6.76 7.18 8.15 9.46 10.29 10.40 9.92 9.24 8.86 8.75 8.88 9.27 9.66 10.03 10.33 10.46 10.46 10.22 9.79 9.24 8.60 7.99 7.65 7.48 7.29 6.98 6.64 6.67 7.23 7.86 8.53 8.91 8.80 8.12 6.99 5.78 5.36 5.65 6.29 7.04 7.56 7.81 7.92 8.16 8.58 8.98 8.93 8.90 8.84 8.93 8.78 8.78 8.64 8.35 7.95 7.22 6.61 6.23 6.18 6.60 7.24 7.78 8.09 8.35 8.59 9.19 9.93 11.13 12.94 14.07 14.01 12.94 11.38 10.66
