project/data/elevation/US_DEM2016/US_DEM2016_point_10-28-2019_1149_30m_vel.asc
ncols	125
nrows	167
xllcorner	-2042055.000000
yllcorner	1465035.000000
cellsize	30.000000
NODATA_value	-9999.000000
[rows 105 to 139 of 167, columns 0 to 78 of 125]
11.83 11.86 11.75 11.49 11.13 10.69 10.30 9.98 9.44 8.39 6.81 5.50 4.86 4.82 5.27 6.24 7.45 8.61 9.68 10.76 11.43 11.80 12.20 12.79 12.84 13.10 12.95 12.97 13.00 13.04 12.98 12.87 12.69 12.29 11.98 11.71 11.38 11.06 10.76 10.46 10.19 10.18 10.65 11.05 11.28 11.25 10.95 10.47 9.98 9.47 8.76 7.62 6.60 6.66 7.63 9.00 10.19 10.96 11.52 12.06 12.33 12.19 11.94 11.90 12.03 12.23 12.30 12.08 11.70 11.14 10.75 10.63 10.61 10.64 10.69 10.62 10.52 10.30 9.84
11.44 11.08 10.81 10.77 10.57 10.22 9.73 9.06 8.11 6.96 6.03 5.59 5.82 6.68 8.22 9.65 9.87 9.66 9.56 9.70 10.08 10.67 11.72 12.76 13.07 13.00 13.27 13.86 14.38 14.67 14.60 14.38 14.03 13.43 12.79 12.17 11.59 11.18 10.80 10.48 10.43 10.71 11.17 11.36 11.32 11.16 10.99 10.84 10.58 9.94 8.84 7.67 7.39 8.13 9.27 10.15 10.76 11.24 11.72 12.00 11.81 11.48 11.49 11.84 12.15 12.31 12.39 12.36 12.17 11.87 11.46 11.23 10.97 10.58 10.06 9.78 9.98 10.18 9.98
11.16 10.80 10.46 10.41 10.26 9.96 9.47 8.78 8.04 7.63 7.85 8.54 9.49 10.97 12.70 13.87 14.20 13.37 12.10 11.42 11.36 11.81 12.70 13.13 12.90 12.55 12.55 12.82 13.19 13.57 13.73 13.68 13.55 13.22 12.80 12.28 11.75 11.26 10.72 10.43 10.75 11.40 11.76 11.49 11.09 10.87 10.85 10.89 10.81 10.34 9.61 9.26 9.73 10.66 11.11 11.02 10.89 11.15 11.51 11.53 11.27 11.17 11.43 11.76 11.95 11.96 11.94 12.04 12.22 12.36 12.12 11.72 11.21 10.56 9.91 9.60 9.77 10.07 10.07
11.18 10.93 10.62 10.52 10.50 10.52 10.53 10.39 10.25 10.47 11.35 12.60 14.02 15.28 16.11 16.41 16.45 16.07 15.48 14.94 14.59 14.44 14.29 13.71 12.93 12.30 11.94 11.70 11.44 11.31 11.45 11.68 11.84 11.96 12.05 12.09 11.94 11.47 10.95 10.82 11.19 11.42 11.25 10.83 10.57 10.67 10.91 11.16 11.44 11.64 11.67 11.71 11.97 12.16 11.74 11.03 10.92 11.22 11.36 11.27 11.20 11.27 11.28 11.25 11.23 11.09 10.96 11.15 11.56 11.93 12.00 11.78 11.31 10.75 10.26 10.00 10.03 10.16 10.22
11.34 11.25 11.06 10.97 11.04 11.31 11.71 12.14 12.73 13.55 14.63 15.76 16.55 16.81 16.57 16.02 15.52 15.63 15.81 15.74 15.52 15.17 14.59 13.66 12.69 12.08 11.81 11.60 11.13 10.50 10.05 9.96 10.05 10.33 10.77 11.24 11.50 11.39 11.14 10.92 10.64 10.13 9.62 9.64 10.28 10.94 11.43 11.78 12.20 12.82 13.27 13.40 13.35 13.12 12.59 12.04 11.96 11.93 11.72 11.50 11.36 11.16 10.91 10.76 10.70 10.46 10.21 10.32 10.69 11.12 11.45 11.48 11.21 10.83 10.52 10.36 10.25 10.17 10.21
11.55 11.59 11.49 11.41 11.50 11.74 12.16 12.89 14.01 15.18 16.02 16.32 16.07 15.38 14.46 13.55 13.03 13.17 13.39 13.62 13.80 13.82 13.56 12.95 12.26 11.80 11.68 11.67 11.48 11.15 10.76 10.47 10.50 10.65 10.74 10.80 10.86 10.96 10.87 10.43 9.79 9.31 9.35 10.03 11.03 11.74 12.13 12.30 12.53 13.03 13.54 13.84 13.95 13.98 13.97 13.74 13.44 12.92 12.29 11.79 11.35 10.94 10.71 10.64 10.46 10.10 9.88 9.99 10.38 10.77 11.01 11.05 10.92 10.74 10.59 10.49 10.34 10.22 10.25
11.61 11.56 11.52 11.62 11.84 12.20 12.79 13.65 14.68 15.32 15.35 14.83 13.97 13.01 12.15 11.51 11.15 11.11 11.16 11.46 11.95 12.26 12.43 12.26 11.96 11.70 11.51 11.30 11.12 11.28 11.58 11.83 11.96 11.90 11.62 11.18 10.83 10.76 10.66 10.41 10.23 10.37 10.78 11.50 12.20 12.59 12.66 12.53 12.43 12.55 12.89 13.31 13.73 14.13 14.47 14.52 14.11 13.44 12.63 11.87 11.30 10.94 10.75 10.48 10.02 9.74 9.86 10.20 10.59 10.77 10.69 10.65 10.66 10.62 10.48 10.33 10.22 10.21 10.29
11.42 11.26 11.29 11.64 12.07 12.67 13.50 14.25 14.60 14.31 13.57 12.79 12.06 11.38 10.73 10.14 9.76 9.76 10.07 10.53 11.02 11.58 11.87 11.70 11.60 11.79 11.69 11.32 10.96 10.93 11.09 11.29 11.42 11.50 11.48 11.33 11.07 10.88 10.85 11.01 11.27 11.51 11.84 12.47 12.99 13.08 12.78 12.31 11.96 11.92 12.01 12.29 12.61 12.96 13.35 13.57 13.43 12.99 12.38 11.80 11.34 10.94 10.52 10.04 9.70 9.75 10.14 10.56 10.79 10.61 10.31 10.31 10.39 10.36 10.21 10.01 9.83 9.80 9.95
11.24 11.11 11.18 11.54 11.99 12.67 13.41 13.65 13.28 12.45 11.55 10.73 10.09 9.53 8.96 8.60 8.78 9.34 9.89 10.38 11.09 11.84 11.81 11.31 11.53 12.10 12.21 12.03 11.74 11.28 10.73 10.12 9.81 10.00 10.43 10.76 10.90 10.93 11.06 11.36 11.63 11.87 12.24 12.83 13.10 12.89 12.32 11.74 11.45 11.42 11.41 11.38 11.31 11.20 11.12 11.32 11.53 11.61 11.66 11.59 11.32 10.84 10.30 9.91 9.88 10.13 10.51 10.79 10.73 10.31 10.00 9.94 9.96 9.99 9.98 9.84 9.61 9.43 9.53
11.28 11.23 11.28 11.46 11.79 12.29 12.60 12.16 11.19 10.12 9.18 8.32 7.63 7.17 7.17 7.80 8.95 10.13 10.92 11.52 12.10 12.20 11.55 11.15 11.63 12.12 12.23 12.18 12.12 11.88 11.52 10.90 10.16 9.70 9.54 9.66 10.13 10.71 11.11 11.40 11.77 12.17 12.54 12.81 12.62 11.94 11.28 10.95 10.90 11.05 11.24 11.20 10.96 10.47 9.79 9.32 9.32 9.90 10.60 11.02 11.08 10.91 10.69 10.51 10.47 10.60 10.80 10.81 10.51 10.14 9.94 9.82 9.79 9.84 9.86 9.76 9.60 9.44 9.43
11.48 11.49 11.53 11.55 11.66 11.75 11.52 10.73 9.55 8.47 7.65 7.03 6.65 6.77 7.75 9.32 10.85 12.04 12.83 13.15 12.85 11.88 10.63 10.34 10.87 11.16 11.20 11.39 11.67 12.00 12.27 12.22 11.73 10.75 9.74 9.49 10.10 10.92 11.50 11.91 12.27 12.55 12.67 12.55 11.95 10.99 10.30 10.15 10.35 10.80 11.41 11.64 11.51 11.06 10.25 9.31 8.87 9.13 9.70 10.23 10.64 10.90 11.07 11.15 11.15 11.12 10.96 10.62 10.26 10.02 9.94 9.93 9.94 9.91 9.81 9.69 9.64 9.64 9.66
11.66 11.70 11.70 11.61 11.47 11.18 10.65 9.94 9.32 8.97 8.76 8.59 8.79 9.64 11.04 12.56 13.67 14.08 14.00 13.50 12.52 11.31 10.24 9.78 9.84 9.83 9.96 10.40 10.87 11.29 11.73 12.16 12.33 12.06 11.52 11.32 11.51 11.83 12.08 12.26 12.32 12.33 12.32 12.14 11.53 10.67 9.95 9.73 10.11 10.85 11.54 11.94 11.99 11.80 11.45 11.05 10.61 10.26 10.13 10.25 10.50 10.74 10.95 11.14 11.27 11.24 10.96 10.49 10.06 9.77 9.68 9.75 9.85 9.91 9.88 9.81 9.81 9.90 9.96
11.69 11.65 11.58 11.47 11.23 10.83 10.33 9.95 9.89 10.18 10.63 11.29 12.19 13.20 14.11 14.62 14.55 13.92 13.13 12.24 11.47 11.06 10.77 10.31 9.88 9.55 9.40 9.67 10.02 10.17 10.26 10.73 11.55 12.24 12.59 12.65 12.46 12.15 11.86 11.67 11.59 11.67 11.84 11.86 11.53 10.92 10.16 9.77 10.13 10.84 11.29 11.47 11.65 11.84 12.01 12.18 12.28 12.16 11.78 11.29 10.97 10.82 10.78 10.77 10.82 10.76 10.47 10.09 9.81 9.64 9.54 9.53 9.65 9.84 9.98 10.06 10.14 10.24 10.33
11.59 11.45 11.33 11.26 11.09 10.79 10.49 10.28 10.28 10.65 11.52 12.69 13.79 14.45 14.59 14.09 12.97 11.96 11.36 10.76 10.54 10.78 11.05 11.04 10.77 10.25 9.71 9.49 9.68 9.64 9.33 9.39 10.02 11.06 11.80 12.06 11.91 11.57 11.25 11.06 11.09 11.35 11.68 11.71 11.41 10.96 10.41 9.97 10.12 10.47 10.65 10.64 10.73 11.14 11.62 12.01 12.39 12.65 12.60 12.19 11.60 11.09 10.69 10.37 10.08 9.71 9.37 9.42 9.72 9.92 9.91 9.82 9.83 9.97 10.16 10.34 10.52 10.64 10.83
11.42 11.27 11.15 11.15 11.05 10.88 10.70 10.57 10.69 11.22 12.21 13.17 13.66 13.60 13.04 12.12 11.27 10.78 10.32 9.89 9.78 9.96 10.29 10.66 10.76 10.49 10.11 9.96 10.08 10.05 9.70 9.32 9.31 9.71 10.40 10.88 11.06 11.07 11.10 11.13 11.23 11.44 11.61 11.45 11.01 10.70 10.50 10.26 10.21 10.25 10.19 10.15 10.31 10.76 11.26 11.59 11.78 11.88 11.98 12.00 11.73 11.17 10.57 10.03 9.40 8.87 8.87 9.47 10.13 10.46 10.53 10.45 10.34 10.27 10.29 10.43 10.57 10.68 10.86
11.28 11.20 11.17 11.15 11.05 10.96 10.94 10.98 11.28 12.04 12.85 13.21 12.98 12.39 11.67 11.01 10.64 10.29 9.71 9.22 9.01 9.04 9.41 9.94 10.12 10.07 10.17 10.38 10.54 10.59 10.46 10.06 9.57 9.35 9.47 9.87 10.36 10.80 11.13 11.33 11.46 11.57 11.54 11.09 10.48 10.27 10.36 10.35 10.26 10.19 10.11 10.19 10.52 10.94 11.26 11.37 11.23 11.01 10.98 11.12 11.15 10.88 10.46 9.98 9.59 9.55 9.92 10.42 10.70 10.75 10.74 10.71 10.59 10.40 10.22 10.13 10.13 10.26 10.50
11.35 11.36 11.33 11.18 11.05 11.10 11.30 11.58 12.05 12.73 13.10 12.96 12.48 11.97 11.47 10.97 10.46 9.88 9.42 9.28 9.40 9.67 9.97 10.08 9.97 9.94 10.19 10.46 10.61 10.69 10.75 10.65 10.35 9.90 9.49 9.47 9.92 10.48 10.87 11.19 11.43 11.59 11.38 10.60 9.80 9.62 9.84 9.96 9.92 9.94 10.07 10.31 10.57 10.74 10.82 10.87 10.81 10.65 10.51 10.47 10.52 10.55 10.53 10.52 10.67 10.96 11.15 11.14 10.96 10.72 10.57 10.51 10.45 10.35 10.19 10.00 9.96 10.19 10.48
11.49 11.48 11.33 11.13 11.07 11.22 11.57 12.13 12.84 13.15 13.03 12.58 12.14 11.80 11.35 10.72 10.13 9.84 9.99 10.43 10.79 10.87 10.69 10.38 10.13 10.07 10.20 10.38 10.48 10.54 10.62 10.67 10.64 10.42 10.07 9.92 10.12 10.46 10.66 10.96 11.27 11.32 10.69 9.58 8.86 8.85 9.21 9.47 9.53 9.56 9.66 9.76 9.79 9.81 9.87 10.05 10.30 10.49 10.50 10.41 10.40 10.50 10.63 10.81 11.00 11.16 11.21 11.16 11.06 10.90 10.65 10.45 10.34 10.28 10.20 10.17 10.27 10.41 10.29
11.30 11.20 11.01 10.95 11.04 11.28 11.65 12.17 12.69 12.76 12.36 11.85 11.50 11.07 10.40 9.95 9.98 10.34 10.76 10.94 10.78 10.47 10.32 10.41 10.54 10.48 10.29 10.27 10.27 10.27 10.31 10.30 10.25 10.27 10.43 10.62 10.72 10.73 10.70 10.92 10.96 10.39 9.11 8.05 7.82 8.13 8.65 9.14 9.31 9.21 9.06 8.88 8.68 8.65 8.81 9.14 9.62 10.02 10.19 10.25 10.35 10.49 10.56 10.53 10.54 10.71 10.91 11.04 11.11 11.06 10.87 10.62 10.38 10.14 9.99 10.04 10.03 9.81 9.38
11.16 11.09 11.00 10.99 11.08 11.27 11.50 11.73 11.81 11.58 11.16 10.87 10.62 9.99 9.40 9.67 10.17 10.42 10.25 9.77 9.35 9.38 9.84 10.45 10.83 10.84 10.61 10.37 10.20 10.06 10.09 10.10 10.06 10.22 10.51 10.71 10.72 10.66 10.59 10.64 10.18 9.00 7.87 7.52 7.68 8.01 8.42 8.96 9.24 9.28 9.22 9.01 8.64 8.34 8.29 8.62 9.13 9.44 9.65 9.97 10.26 10.45 10.61 10.83 11.08 11.29 11.31 11.16 10.94 10.74 10.66 10.55 10.27 9.86 9.66 9.59 9.39 9.10 8.87
11.48 11.61 11.59 11.32 11.13 11.11 11.18 11.19 11.02 10.71 10.49 10.46 10.18 9.53 9.39 9.73 9.77 9.35 8.72 8.28 8.40 9.11 10.04 10.75 11.02 11.01 10.94 10.78 10.50 10.15 10.01 10.07 10.12 10.14 10.07 9.93 9.89 9.96 10.08 9.96 9.35 8.59 8.52 8.92 9.19 9.16 9.18 9.38 9.60 9.77 9.82 9.68 9.41 9.09 8.89 8.96 9.17 9.42 9.78 10.16 10.36 10.51 10.85 11.43 11.77 11.77 11.43 11.04 10.67 10.40 10.26 10.13 9.87 9.58 9.36 9.15 8.96 8.86 8.94
11.75 11.82 11.68 11.22 10.89 10.79 10.82 10.77 10.60 10.49 10.52 10.44 9.96 9.42 9.18 8.93 8.45 8.00 7.82 8.05 8.76 9.68 10.61 11.14 11.12 10.97 10.99 10.98 10.73 10.32 10.10 10.14 10.12 9.85 9.43 9.19 9.27 9.57 9.79 9.68 9.50 9.73 10.24 10.61 10.76 10.78 10.67 10.51 10.38 10.24 10.01 9.79 9.68 9.65 9.61 9.59 9.65 9.89 10.19 10.41 10.42 10.57 10.89 11.23 11.18 10.87 10.62 10.58 10.60 10.50 10.18 9.78 9.47 9.32 9.12 8.79 8.44 8.24 8.32
11.38 11.08 10.55 10.31 10.27 10.42 10.55 10.53 10.44 10.38 10.26 9.93 9.44 8.96 8.53 8.12 7.87 7.95 8.54 9.54 10.41 10.96 11.27 11.06 10.52 10.39 10.52 10.53 10.40 10.27 10.22 10.26 10.22 9.98 9.65 9.57 9.79 10.01 10.12 10.19 10.46 10.78 10.95 11.05 11.28 11.61 11.81 11.72 11.38 10.87 10.48 10.22 10.06 9.97 9.92 9.92 10.04 10.19 10.29 10.34 10.32 10.42 10.54 10.48 10.18 9.99 10.18 10.59 10.80 10.60 10.10 9.53 9.22 9.08 8.97 8.80 8.50 8.11 7.89
10.60 9.98 9.32 9.35 9.70 10.15 10.44 10.46 10.35 10.15 9.82 9.43 9.12 8.97 8.93 8.96 9.25 9.90 10.89 11.79 12.20 12.08 11.47 10.58 9.93 9.86 9.91 9.84 9.87 10.00 10.11 10.18 10.28 10.35 10.46 10.66 10.80 10.73 10.62 10.66 10.75 10.71 10.77 11.05 11.53 12.06 12.50 12.61 12.39 11.98 11.57 11.27 10.97 10.64 10.31 10.13 10.12 10.12 10.13 10.22 10.17 10.21 10.17 9.98 9.83 10.08 10.61 10.94 10.67 10.00 9.48 9.22 9.06 8.90 8.82 8.96 9.17 9.17 8.90
10.41 9.96 9.47 9.64 10.08 10.44 10.54 10.45 10.29 10.09 9.86 9.64 9.60 9.89 10.42 10.99 11.63 12.23 12.62 12.74 12.48 11.87 11.01 10.26 9.89 9.78 9.63 9.57 9.69 9.85 9.91 9.95 10.15 10.47 10.75 10.89 10.86 10.74 10.62 10.52 10.38 10.34 10.64 11.17 11.83 12.43 12.76 12.78 12.66 12.42 12.01 11.54 11.19 10.92 10.65 10.41 10.19 9.96 9.94 10.05 10.11 10.15 10.12 10.04 10.18 10.63 10.96 10.68 9.76 8.94 8.74 8.80 8.84 8.86 8.87 8.93 9.20 9.63 9.95
10.78 10.76 10.84 11.19 11.41 11.21 10.77 10.46 10.30 10.23 10.18 10.20 10.45 11.02 11.66 12.18 12.52 12.58 12.35 11.80 11.03 10.26 9.82 9.73 9.83 9.86 9.80 9.88 10.07 10.18 10.11 10.06 10.24 10.52 10.61 10.40 10.24 10.27 10.38 10.39 10.33 10.46 10.90 11.47 11.99 12.31 12.24 11.93 11.69 11.54 11.28 11.07 11.04 11.00 10.87 10.69 10.47 10.23 10.00 10.04 10.20 10.29 10.30 10.38 10.67 10.98 10.79 9.95 8.92 8.49 8.49 8.60 8.70 8.94 9.26 9.30 9.18 9.23 9.70
11.06 11.27 11.71 12.03 12.02 11.64 11.02 10.52 10.31 10.32 10.43 10.65 11.05 11.54 11.84 11.85 11.71 11.45 10.92 10.01 9.09 8.63 8.74 9.28 9.78 10.05 10.24 10.47 10.69 10.82 10.88 10.93 11.03 11.06 10.94 10.66 10.40 10.38 10.45 10.60 10.86 11.30 11.71 11.90 11.94 11.71 11.15 10.58 10.34 10.46 10.69 10.96 11.19 11.16 10.98 10.84 10.75 10.63 10.41 10.33 10.38 10.48 10.58 10.75 10.93 10.85 10.26 9.33 8.78 8.64 8.67 8.77 8.90 9.10 9.41 9.64 9.66 9.50 9.54
11.17 11.38 11.71 11.87 11.84 11.72 11.40 10.89 10.56 10.53 10.61 10.78 11.05 11.21 11.11 10.95 10.85 10.45 9.61 8.72 8.26 8.36 8.95 9.62 10.06 10.34 10.60 10.84 11.04 11.24 11.54 11.83 11.97 11.89 11.68 11.43 11.15 10.96 10.78 10.90 11.35 11.84 11.96 11.83 11.57 11.03 10.23 9.62 9.55 10.01 10.70 11.21 11.34 11.18 11.03 10.97 10.95 10.92 10.77 10.58 10.53 10.62 10.77 10.88 10.85 10.48 9.69 9.04 8.87 8.89 8.94 9.02 9.20 9.39 9.42 9.51 9.84 10.25 10.57
11.36 11.61 11.97 12.11 12.10 11.96 11.84 11.64 11.34 11.05 10.80 10.64 10.57 10.50 10.51 10.64 10.57 10.00 9.30 9.04 9.28 9.68 10.05 10.34 10.51 10.63 10.82 11.01 11.19 11.37 11.62 11.91 12.11 12.15 12.11 12.09 12.03 11.82 11.43 11.24 11.42 11.55 11.55 11.52 11.22 10.56 9.84 9.44 9.52 10.14 10.97 11.48 11.54 11.37 11.23 11.15 11.08 11.00 10.79 10.59 10.53 10.59 10.68 10.73 10.64 10.26 9.61 9.20 9.12 9.18 9.25 9.25 9.30 9.44 9.57 9.72 10.02 10.67 11.54
11.79 12.18 12.72 12.77 12.52 12.11 11.99 12.02 11.88 11.39 10.80 10.36 10.11 10.11 10.37 10.55 10.29 9.85 9.81 10.23 10.68 10.83 10.85 10.89 10.92 10.96 11.07 11.17 11.27 11.43 11.57 11.67 11.69 11.86 12.25 12.72 12.99 12.92 12.52 11.89 11.51 11.30 11.36 11.28 10.77 10.12 9.73 9.70 10.01 10.70 11.43 11.80 11.84 11.69 11.48 11.29 11.12 10.93 10.64 10.50 10.48 10.50 10.53 10.53 10.48 10.23 9.88 9.70 9.65 9.66 9.65 9.57 9.42 9.39 9.67 10.21 10.78 11.49 12.49
12.10 12.36 12.71 12.72 12.52 12.11 11.83 11.68 11.51 11.09 10.53 10.10 9.98 10.16 10.32 10.18 9.93 10.01 10.47 10.87 11.00 10.99 11.01 11.12 11.18 11.15 11.12 11.12 11.16 11.36 11.62 11.69 11.65 11.84 12.32 12.85 13.19 13.31 13.22 12.76 11.93 11.32 10.96 10.55 9.97 9.66 9.74 9.98 10.47 11.25 11.87 12.05 11.98 11.82 11.61 11.38 11.13 10.87 10.57 10.48 10.51 10.55 10.55 10.52 10.50 10.41 10.27 10.24 10.25 10.23 10.15 10.06 9.94 9.87 10.06 10.64 11.69 12.94 13.95
11.95 11.74 11.43 11.43 11.58 11.55 11.31 11.08 10.99 10.82 10.62 10.55 10.71 10.86 10.63 10.12 9.88 10.09 10.37 10.48 10.62 10.85 11.08 11.26 11.26 11.08 10.88 10.78 10.86 11.13 11.45 11.70 11.83 11.95 12.04 12.10 12.19 12.38 12.56 12.44 11.74 10.89 10.15 9.60 9.33 9.40 9.70 10.04 10.74 11.66 12.07 11.94 11.75 11.69 11.61 11.43 11.15 10.83 10.53 10.51 10.64 10.73 10.71 10.64 10.59 10.55 10.54 10.60 10.67 10.73 10.83 10.98 11.06 11.16 11.35 11.84 12.81 14.01 14.64
11.42 10.81 9.78 9.36 9.52 9.89 10.25 10.60 10.94 11.23 11.52 11.86 12.12 11.95 11.24 10.46 10.01 9.80 9.64 9.70 10.16 10.76 11.16 11.32 11.24 11.02 10.76 10.57 10.51 10.69 10.90 11.09 11.22 11.30 11.17 10.93 10.77 10.75 10.78 10.72 10.48 10.01 9.49 9.13 9.16 9.41 9.69 10.20 11.20 12.02 12.02 11.59 11.43 11.48 11.50 11.39 11.14 10.86 10.62 10.71 10.90 10.99 10.93 10.79 10.64 10.57 10.65 10.82 10.97 11.17 11.56 12.08 12.60 13.13 13.58 13.92 14.30 14.66 14.45
10.70 9.90 8.62 8.15 8.15 8.55 9.31 10.14 10.87 11.53 12.09 12.45 12.44 11.96 11.23 10.56 10.03 9.63 9.49 9.74 10.26 10.78 11.12 11.27 11.25 11.13 10.96 10.73 10.44 10.32 10.33 10.29 10.22 10.22 10.18 9.93 9.63 9.44 9.30 9.29 9.34 9.31 9.22 9.31 9.68 10.08 10.49 11.23 12.09 12.33 11.91 11.43 11.32 11.35 11.36 11.31 11.25 11.26 11.40 11.57 11.54 11.33 11.09 10.90 10.79 10.74 10.80 11.00 11.26 11.63 12.27 13.10 14.01 14.77 15.24 15.30 15.09 14.69 13.97
10.12 9.42 8.47 8.32 8.53 8.96 9.51 10.00 10.51 11.10 11.63 11.84 11.57 11.03 10.61 10.29 9.99 9.79 9.92 10.34 10.76 11.10 11.27 11.33 11.30 11.26 11.26 11.22 11.02 10.63 10.34 10.11 9.95 9.81 9.59 9.21 8.82 8.60 8.56 8.69 8.86 9.08 9.49 10.14 10.76 11.27 11.88 12.44 12.68 12.38 11.76 11.39 11.29 11.25 11.23 11.30 11.52 11.92 12.32 12.40 12.00 11.42 11.06 10.97 11.02 11.04 11.01 11.16 11.53 12.14 12.95 13.78 14.48 14.88 15.00 14.81 14.39 13.85 13.35
