project/data/elevation/US_DEM2016/US_DEM2016_point_10-28-2019_0442_30m_vel.asc
ncols	125
nrows	167
xllcorner	-2042055.000000
yllcorner	1465035.000000
cellsize	30.000000
NODATA_value	-9999.000000
[rows 105 to 139 of 167, columns 0 to 77 of 125]
11.67 11.86 11.97 11.75 11.33 10.75 10.17 9.62 8.91 7.98 7.00 6.52 6.56 6.89 7.02 6.74 6.76 7.50 8.74 10.10 11.05 11.73 12.30 12.77 13.25 14.01 14.82 15.04 14.70 14.31 13.90 13.50 13.13 12.59 12.10 11.68 11.26 10.90 10.61 10.46 10.37 10.38 10.70 10.96 11.29 11.77 12.40 12.81 12.47 11.54 10.43 9.02 7.58 7.12 7.62 8.72 9.82 10.54 10.97 11.33 11.54 11.66 11.86 12.23 12.66 13.22 13.78 13.89 13.20 11.74 10.62 10.10 9.90 9.90 10.26 11.11 12.25 12.60
11.12 10.98 10.95 11.01 10.87 10.48 9.94 8.98 8.10 7.47 7.19 7.18 7.55 8.32 9.40 10.09 9.49 8.80 8.67 8.89 9.42 10.23 11.35 12.30 12.86 13.54 14.50 15.36 15.86 16.03 15.81 15.43 14.93 14.15 13.25 12.39 11.64 11.13 10.77 10.56 10.66 10.92 11.16 11.17 11.21 11.55 12.34 13.17 13.35 12.66 11.43 9.96 8.87 8.49 8.88 9.53 10.14 10.58 10.94 11.07 10.90 10.89 11.34 11.99 12.48 12.96 13.61 14.19 14.10 13.10 11.76 10.96 10.40 9.84 9.51 10.07 11.53 12.53
10.90 10.66 10.52 10.67 10.76 10.65 10.20 9.49 8.87 8.73 9.20 9.95 10.77 11.95 13.29 14.20 14.49 13.63 12.19 11.31 11.04 11.30 11.96 12.42 12.66 12.89 13.19 13.55 14.04 14.62 14.89 14.86 14.66 14.19 13.58 12.83 12.06 11.45 10.91 10.63 10.91 11.43 11.66 11.40 11.11 11.15 11.82 12.87 13.65 13.66 12.90 12.00 11.30 10.97 10.72 10.40 10.17 10.31 10.56 10.54 10.38 10.50 11.02 11.60 12.00 12.31 12.83 13.58 14.17 14.06 12.96 11.80 10.90 10.07 9.55 9.75 10.92 12.20
11.08 10.87 10.70 10.85 11.12 11.41 11.59 11.58 11.47 11.61 12.37 13.48 14.67 15.62 16.17 16.48 16.87 16.79 16.16 15.35 14.65 14.10 13.59 13.10 12.88 12.72 12.53 12.29 11.98 12.00 12.37 12.73 12.84 12.87 12.87 12.77 12.45 11.89 11.35 11.07 11.16 11.23 11.16 11.00 10.84 10.91 11.48 12.59 13.94 14.92 15.05 14.49 13.69 12.80 11.70 10.68 10.27 10.34 10.40 10.34 10.34 10.48 10.63 10.87 11.13 11.30 11.58 12.27 13.16 13.64 13.22 12.28 11.40 10.71 10.24 10.18 10.89 11.99
11.35 11.29 11.24 11.35 11.62 12.05 12.58 13.13 13.71 14.33 15.09 15.91 16.45 16.54 16.28 15.93 15.78 16.04 16.20 16.00 15.54 14.88 14.12 13.43 13.05 12.80 12.59 12.46 12.05 11.39 10.96 10.90 10.93 11.07 11.37 11.79 12.05 11.96 11.62 11.13 10.58 10.07 9.84 10.09 10.65 11.09 11.68 12.68 14.06 15.46 16.15 16.01 15.37 14.45 13.24 12.14 11.57 11.23 10.93 10.69 10.50 10.32 10.20 10.31 10.59 10.72 10.77 11.10 11.77 12.45 12.67 12.28 11.66 11.12 10.76 10.65 10.98 11.79
11.58 11.70 11.73 11.76 11.95 12.27 12.72 13.39 14.38 15.29 15.81 15.83 15.41 14.73 14.06 13.54 13.19 13.23 13.38 13.58 13.60 13.45 13.26 13.12 13.05 12.80 12.53 12.59 12.69 12.49 12.02 11.62 11.51 11.45 11.32 11.27 11.41 11.58 11.41 10.80 10.10 9.70 9.84 10.46 11.18 11.67 12.14 12.82 13.75 14.84 15.68 16.05 16.05 15.79 15.28 14.42 13.54 12.63 11.78 11.12 10.59 10.17 10.04 10.14 10.42 10.60 10.58 10.64 11.02 11.58 12.01 11.99 11.62 11.23 10.97 10.86 11.06 11.71
11.55 11.64 11.72 11.84 12.12 12.54 13.08 13.68 14.35 14.71 14.61 14.07 13.28 12.47 11.93 11.66 11.37 11.16 11.10 11.32 11.63 11.77 12.07 12.55 12.95 12.87 12.49 12.25 12.29 12.58 12.81 12.90 12.94 12.82 12.43 11.84 11.45 11.41 11.30 11.03 10.86 10.96 11.22 11.63 12.00 12.30 12.55 12.86 13.23 13.74 14.33 14.93 15.47 15.87 16.04 15.67 14.75 13.66 12.50 11.45 10.71 10.30 10.11 10.01 10.13 10.46 10.68 10.77 10.94 11.23 11.53 11.62 11.47 11.23 10.94 10.74 10.89 11.50
11.24 11.22 11.35 11.67 12.10 12.71 13.37 13.75 13.75 13.31 12.65 12.09 11.58 11.12 10.76 10.51 10.18 9.94 10.03 10.38 10.70 10.93 11.24 11.87 12.54 12.97 12.94 12.68 12.27 12.07 12.01 11.99 12.04 12.21 12.31 12.13 11.79 11.57 11.53 11.68 11.86 12.01 12.11 12.28 12.40 12.60 12.73 12.68 12.63 12.83 13.07 13.43 13.87 14.33 14.75 14.83 14.42 13.62 12.64 11.70 10.96 10.44 10.01 9.78 9.94 10.42 10.84 11.01 11.06 11.06 11.11 11.21 11.20 11.03 10.74 10.48 10.46 10.88
11.10 11.00 11.08 11.37 11.75 12.30 12.75 12.69 12.22 11.50 10.78 10.19 9.81 9.56 9.38 9.29 9.36 9.57 9.86 10.28 10.81 11.11 11.10 11.33 12.10 12.96 13.49 13.69 13.42 12.79 12.00 10.99 10.28 10.37 10.98 11.49 11.64 11.59 11.66 11.88 12.08 12.23 12.35 12.39 12.22 12.25 12.36 12.23 12.11 12.29 12.44 12.47 12.48 12.38 12.17 12.34 12.52 12.37 12.07 11.68 11.18 10.60 10.09 9.90 10.13 10.57 10.98 11.15 11.09 10.92 10.79 10.76 10.76 10.70 10.60 10.44 10.34 10.47
11.22 11.13 11.10 11.18 11.34 11.60 11.62 11.08 10.30 9.50 8.77 8.12 7.70 7.63 7.94 8.52 9.29 10.13 10.82 11.36 11.72 11.60 11.05 10.91 11.57 12.42 13.21 13.79 13.95 13.69 13.32 12.52 11.20 10.19 9.96 10.25 10.78 11.31 11.63 11.82 12.09 12.39 12.53 12.37 11.84 11.33 11.30 11.41 11.50 11.85 12.32 12.48 12.43 11.94 10.93 10.17 10.06 10.43 10.85 11.08 11.06 10.86 10.69 10.64 10.70 10.84 11.09 11.19 11.06 10.89 10.76 10.66 10.62 10.58 10.53 10.48 10.48 10.56
11.45 11.41 11.36 11.25 11.11 10.90 10.47 9.85 9.15 8.48 7.91 7.50 7.22 7.45 8.33 9.57 10.68 11.62 12.36 12.68 12.45 11.77 10.55 9.80 10.13 10.87 11.80 12.78 13.31 13.55 13.92 14.12 13.54 12.02 10.51 10.06 10.64 11.46 11.99 12.24 12.42 12.56 12.55 12.33 11.72 10.82 10.30 10.42 10.77 11.35 12.26 12.92 13.26 13.08 12.08 10.59 9.61 9.44 9.72 10.17 10.57 10.82 11.02 11.21 11.32 11.29 11.22 11.18 11.03 10.82 10.75 10.76 10.78 10.70 10.54 10.47 10.60 10.83
11.56 11.60 11.55 11.32 10.93 10.38 9.77 9.39 9.37 9.49 9.56 9.46 9.56 10.13 11.10 12.19 13.02 13.36 13.26 12.87 12.42 12.03 10.95 9.34 8.74 9.01 10.10 11.48 12.26 12.46 12.83 13.68 14.29 14.00 12.88 12.10 12.01 12.26 12.41 12.39 12.29 12.16 12.10 12.12 11.95 11.20 10.18 9.83 10.22 10.95 11.85 12.86 13.68 14.05 13.81 13.00 11.89 10.87 10.24 10.18 10.41 10.60 10.75 10.98 11.26 11.38 11.36 11.32 11.09 10.65 10.42 10.48 10.62 10.69 10.65 10.64 10.78 11.05
11.48 11.48 11.42 11.20 10.82 10.27 9.79 9.68 10.03 10.64 11.29 11.93 12.59 13.21 13.63 13.77 13.64 13.20 12.58 11.95 11.80 12.22 12.12 10.74 9.12 8.62 9.11 10.38 11.30 11.26 10.92 11.48 12.92 14.04 14.19 13.71 13.05 12.48 12.03 11.68 11.46 11.42 11.52 11.83 12.20 12.05 10.93 9.82 9.83 10.41 11.05 11.88 12.96 13.88 14.31 14.28 13.96 13.35 12.42 11.51 11.03 10.75 10.53 10.44 10.59 10.84 11.04 11.19 11.11 10.68 10.30 10.19 10.31 10.54 10.74 10.89 11.07 11.32
11.30 11.22 11.12 11.01 10.81 10.53 10.28 10.20 10.33 10.74 11.56 12.56 13.41 13.79 13.68 13.10 12.22 11.49 11.11 10.85 10.97 11.67 12.38 12.09 10.86 9.75 9.41 9.90 10.91 10.99 10.03 9.56 10.38 12.11 13.17 13.23 12.65 11.96 11.46 11.12 10.98 11.04 11.21 11.49 11.99 12.41 11.81 10.24 9.54 9.61 10.02 10.64 11.58 12.71 13.55 13.86 13.94 13.94 13.65 12.89 11.94 11.18 10.56 10.08 9.81 9.86 10.10 10.61 11.02 11.03 10.79 10.56 10.49 10.62 10.85 11.09 11.33 11.58
11.14 11.01 10.89 10.88 10.85 10.77 10.67 10.60 10.68 11.01 11.67 12.32 12.61 12.44 11.97 11.41 10.93 10.55 10.26 10.09 10.09 10.45 11.19 11.65 11.29 10.47 9.97 10.16 11.08 11.64 11.02 9.69 9.19 9.87 11.20 11.92 11.89 11.57 11.39 11.25 11.14 11.08 11.03 11.10 11.52 12.22 12.30 11.12 9.75 9.26 9.33 9.86 10.66 11.73 12.74 13.19 13.14 13.03 13.06 12.94 12.37 11.53 10.73 10.03 9.48 9.32 9.70 10.44 11.12 11.46 11.48 11.32 11.08 10.91 10.89 11.01 11.20 11.41
11.06 10.91 10.81 10.84 10.84 10.87 10.94 11.02 11.20 11.58 11.92 12.00 11.70 11.22 10.79 10.57 10.49 10.29 9.98 9.70 9.48 9.53 10.02 10.63 10.65 10.21 10.04 10.34 11.18 12.04 12.16 11.18 9.78 9.23 9.68 10.59 11.09 11.23 11.36 11.40 11.33 11.18 10.96 10.84 11.06 11.68 12.23 11.71 10.29 9.34 9.12 9.56 10.33 11.25 12.22 12.81 12.69 12.22 11.98 12.03 11.94 11.50 10.95 10.43 10.11 10.20 10.63 11.08 11.42 11.60 11.65 11.62 11.44 11.12 10.81 10.64 10.64 10.83
11.19 11.04 10.89 10.83 10.81 10.90 11.15 11.48 11.81 12.05 11.97 11.66 11.28 10.99 10.81 10.70 10.47 10.21 10.09 10.07 10.12 10.26 10.51 10.66 10.51 10.12 9.98 10.20 10.83 11.75 12.38 12.22 11.28 10.23 9.72 9.93 10.44 10.78 10.99 11.14 11.19 11.14 10.94 10.68 10.58 10.89 11.60 11.58 10.48 9.33 8.95 9.21 9.80 10.45 11.27 12.12 12.43 12.08 11.59 11.37 11.39 11.33 11.20 11.17 11.26 11.45 11.59 11.66 11.66 11.58 11.44 11.41 11.38 11.21 10.90 10.61 10.50 10.66
11.34 11.15 10.87 10.73 10.75 10.86 11.13 11.65 12.25 12.30 11.93 11.42 11.06 10.87 10.80 10.66 10.45 10.42 10.68 11.06 11.32 11.37 11.31 11.19 10.85 10.32 9.95 9.92 10.33 11.24 12.04 12.29 11.93 11.25 10.66 10.42 10.52 10.65 10.66 10.77 10.82 10.73 10.47 10.14 9.85 10.01 10.80 11.20 10.50 9.28 8.51 8.27 8.49 9.03 9.85 10.92 11.78 11.99 11.71 11.41 11.30 11.29 11.30 11.32 11.34 11.38 11.45 11.63 11.82 11.87 11.67 11.42 11.32 11.22 11.00 10.83 10.74 10.71
11.23 10.95 10.56 10.48 10.62 10.77 10.94 11.24 11.62 11.70 11.43 10.96 10.51 10.19 10.04 10.12 10.42 10.76 11.01 11.09 11.01 10.92 11.02 11.30 11.39 11.00 10.23 9.76 9.88 10.66 11.53 11.88 11.64 11.24 11.12 11.14 11.09 10.89 10.83 10.56 10.31 9.83 9.37 9.12 8.95 9.17 10.01 10.80 10.56 9.43 8.26 7.45 7.14 7.46 8.32 9.49 10.68 11.35 11.44 11.31 11.23 11.25 11.22 11.04 10.83 10.84 11.08 11.40 11.77 12.06 12.08 11.78 11.45 11.14 10.81 10.61 10.41 10.14
11.26 10.99 10.62 10.50 10.56 10.65 10.64 10.55 10.41 10.34 10.31 10.17 9.81 9.38 9.29 9.78 10.28 10.47 10.23 9.80 9.61 9.86 10.39 11.00 11.48 11.60 11.06 10.21 9.83 10.18 11.12 11.69 11.54 11.12 10.99 11.05 11.03 10.83 10.45 10.17 9.63 9.01 8.83 8.92 8.96 9.07 9.61 10.44 10.62 9.96 9.04 8.20 7.50 7.19 7.48 8.44 9.68 10.52 10.82 10.93 11.06 11.18 11.30 11.41 11.41 11.43 11.45 11.47 11.53 11.68 11.89 11.87 11.52 10.98 10.54 10.20 9.87 9.67
11.63 11.62 11.37 10.92 10.58 10.41 10.25 9.97 9.63 9.47 9.96 9.80 9.63 9.24 9.22 9.47 9.53 9.38 9.02 8.70 8.83 9.42 10.16 10.79 11.31 11.71 11.69 11.09 10.41 10.22 10.86 11.64 11.71 11.12 10.48 10.14 10.11 10.10 9.94 9.62 9.24 9.21 9.71 10.29 10.54 10.43 10.45 10.78 10.95 10.65 10.06 9.44 8.88 8.37 8.16 8.45 9.27 10.22 10.74 10.95 11.05 11.15 11.37 11.75 11.90 11.81 11.57 11.43 11.38 11.34 11.41 11.53 11.34 10.88 10.42 9.98 9.65 9.54
11.71 11.80 11.64 11.00 10.40 10.07 9.89 9.64 9.37 9.34 9.55 9.73 9.63 9.30 8.93 8.59 8.37 8.40 8.52 8.69 9.11 9.67 10.25 10.76 11.14 11.41 11.58 11.45 10.96 10.53 10.77 11.54 11.82 11.18 10.11 9.52 9.48 9.68 9.77 9.69 9.80 10.42 11.14 11.64 11.96 12.10 12.10 12.02 11.78 11.30 10.61 9.88 9.41 9.19 9.04 8.99 9.40 10.28 10.91 11.10 10.99 10.98 11.07 11.16 11.07 10.91 10.82 10.99 11.35 11.52 11.45 11.35 11.13 10.81 10.44 9.98 9.46 9.02
11.20 11.04 10.61 10.21 9.85 9.71 9.66 9.52 9.33 9.21 9.65 9.14 9.26 9.11 8.63 8.22 8.23 8.59 9.19 9.94 10.51 10.78 10.74 10.59 10.50 10.60 10.82 10.96 10.81 10.55 10.69 11.40 11.98 11.74 10.81 10.12 10.02 10.14 10.25 10.38 10.73 11.15 11.44 11.69 12.11 12.65 13.12 13.32 13.09 12.39 11.56 10.74 10.03 9.61 9.44 9.36 9.57 10.17 10.78 10.96 10.77 10.67 10.54 10.31 10.15 10.19 10.41 10.84 11.37 11.73 11.70 11.36 11.04 10.73 10.50 10.31 9.98 9.36
10.79 10.15 9.44 9.28 9.28 9.40 9.54 9.52 9.30 9.80 8.71 8.71 9.08 9.41 9.47 9.47 9.79 10.39 11.11 11.71 12.00 11.85 11.30 10.63 10.09 9.97 10.11 10.24 10.27 10.23 10.38 11.02 11.91 12.25 11.87 11.34 11.06 10.86 10.72 10.70 10.74 10.77 11.01 11.42 12.00 12.66 13.35 14.00 14.31 13.98 13.16 12.30 11.43 10.64 10.08 9.76 9.61 9.80 10.34 10.74 10.59 10.44 10.26 10.04 10.00 10.30 10.66 10.96 11.17 11.35 11.35 11.18 10.94 10.68 10.47 10.50 10.72 10.77
11.27 10.55 9.68 9.58 9.64 9.65 9.63 9.57 9.40 9.87 8.98 9.12 9.61 10.28 10.88 11.36 11.88 12.26 12.38 12.30 12.02 11.66 11.35 10.97 10.36 9.98 9.93 10.02 10.10 10.10 10.14 10.55 11.47 12.17 12.14 11.68 11.20 10.85 10.62 10.44 10.31 10.39 10.78 11.29 11.91 12.52 13.07 13.72 14.42 14.61 14.05 13.07 12.10 11.34 10.78 10.34 9.90 9.62 9.92 10.44 10.57 10.48 10.39 10.34 10.42 10.66 10.77 10.70 10.56 10.51 10.61 10.71 10.73 10.73 10.63 10.43 10.47 10.98
11.95 11.56 11.07 11.07 11.03 10.61 10.02 9.71 9.63 9.55 9.52 9.74 10.27 11.00 11.64 12.07 12.27 12.20 11.91 11.38 10.73 10.31 10.52 10.74 10.48 10.16 10.15 10.36 10.54 10.58 10.50 10.62 11.24 11.97 12.05 11.40 10.68 10.35 10.34 10.37 10.43 10.63 11.01 11.36 11.69 11.93 12.14 12.50 13.19 13.83 13.75 13.02 12.26 11.70 11.28 10.90 10.51 10.15 10.00 10.31 10.63 10.70 10.70 10.75 10.82 10.79 10.58 10.32 10.13 10.17 10.34 10.54 10.63 10.76 11.00 10.90 10.49 10.30
12.15 12.01 11.84 11.80 11.72 11.37 10.67 10.01 9.77 9.78 9.86 10.06 10.46 10.97 11.36 11.43 11.23 10.95 10.62 10.05 9.40 9.16 9.55 10.17 10.33 10.29 10.44 10.76 11.04 11.21 11.35 11.52 11.85 12.34 12.56 12.08 11.16 10.52 10.38 10.63 11.02 11.45 11.69 11.63 11.41 11.11 10.91 11.08 11.77 12.78 13.26 13.00 12.55 12.09 11.62 11.26 11.00 10.79 10.56 10.57 10.75 10.88 10.97 11.05 11.00 10.68 10.32 10.12 10.21 10.38 10.59 10.77 10.85 10.83 10.95 11.17 11.16 10.76
12.07 12.01 11.85 11.64 11.53 11.63 11.45 10.78 10.19 10.04 10.04 10.03 10.11 10.26 10.38 10.45 10.41 10.15 9.77 9.39 9.12 9.16 9.64 10.18 10.40 10.38 10.50 10.79 11.10 11.38 11.77 12.22 12.62 13.02 13.37 13.22 12.41 11.41 10.76 10.85 11.32 11.74 11.77 11.48 11.03 10.56 10.20 10.26 10.92 12.06 12.94 13.08 12.79 12.35 11.90 11.56 11.32 11.17 11.00 10.83 10.84 10.95 11.06 11.12 11.02 10.64 10.18 10.09 10.34 10.65 10.87 10.98 11.07 11.07 10.89 10.85 11.19 11.56
12.04 12.20 12.30 12.10 11.89 11.88 12.02 11.87 11.27 10.69 10.30 9.92 9.56 9.43 9.65 10.03 10.18 10.05 9.91 9.99 10.23 10.45 10.59 10.74 10.76 10.60 10.53 10.70 11.01 11.27 11.52 11.89 12.43 13.05 13.66 13.95 13.67 12.81 11.72 11.16 11.19 11.28 11.31 11.20 10.86 10.47 10.21 10.25 10.73 11.65 12.62 13.13 13.14 12.79 12.33 11.92 11.57 11.32 11.07 10.88 10.79 10.79 10.84 10.91 10.95 10.80 10.51 10.44 10.63 10.93 11.16 11.18 11.08 11.04 11.03 11.01 11.12 11.62
12.06 12.50 13.07 13.05 12.62 12.10 12.08 12.27 12.07 11.32 10.53 9.90 9.38 9.17 9.40 9.77 9.98 10.17 10.53 11.02 11.40 11.46 11.34 11.28 11.22 11.00 10.77 10.76 10.96 11.21 11.33 11.39 11.66 12.39 13.37 14.20 14.60 14.38 13.42 12.14 11.40 11.07 11.08 11.01 10.72 10.45 10.37 10.55 10.95 11.62 12.41 13.14 13.53 13.37 12.87 12.29 11.79 11.38 11.03 10.88 10.77 11.00 10.61 10.67 10.86 10.99 10.99 11.09 11.25 11.43 11.57 11.56 11.30 10.98 10.98 11.31 11.66 12.03
11.75 12.14 12.79 13.09 12.93 12.30 11.87 11.81 11.80 11.35 10.62 10.02 9.62 9.40 9.32 9.35 9.65 10.23 10.88 11.33 11.48 11.48 11.46 11.50 11.52 11.32 10.94 10.71 10.74 10.99 11.25 11.34 11.45 11.94 12.79 13.69 14.44 14.85 14.64 13.64 12.23 11.23 10.64 10.36 10.18 10.17 10.38 10.68 11.08 11.63 12.28 13.02 13.60 13.69 13.30 12.69 12.08 11.55 11.11 10.97 10.94 10.87 10.74 10.71 10.91 11.21 11.39 11.58 11.81 11.98 12.09 12.14 11.96 11.56 11.26 11.43 12.14 12.99
11.18 11.12 11.17 11.58 11.97 11.87 11.41 11.14 11.26 11.27 11.01 10.76 10.58 10.31 9.85 9.46 9.55 10.02 10.44 10.70 10.96 11.21 11.41 11.58 11.64 11.44 10.94 10.46 10.33 10.52 10.82 11.19 11.47 11.71 11.98 12.43 13.02 13.67 14.07 13.77 12.55 11.11 10.02 9.58 9.65 9.87 10.19 10.50 10.97 11.54 12.08 12.66 13.24 13.58 13.48 13.03 12.41 11.78 11.24 11.07 11.13 11.16 11.06 10.94 11.00 11.29 11.57 11.81 12.07 12.37 12.69 13.00 13.06 12.91 12.61 12.48 12.83 13.48
10.79 10.31 9.50 9.22 9.55 10.02 10.25 10.50 11.02 11.58 11.88 12.02 12.01 11.65 10.90 10.14 9.72 9.62 9.62 9.82 10.33 10.89 11.28 11.56 11.69 11.63 11.19 10.48 9.97 9.88 9.99 10.28 10.61 10.85 10.89 11.02 11.35 11.77 12.14 12.16 11.64 10.70 9.83 9.44 9.57 9.85 10.09 10.44 11.00 11.52 11.89 12.27 12.74 13.21 13.41 13.21 12.73 12.13 11.54 11.32 11.36 11.42 11.37 11.22 11.12 11.25 11.56 11.91 12.24 12.64 13.19 13.82 14.34 14.68 14.80 14.65 14.31 13.98
10.79 10.05 8.71 8.05 7.94 8.32 8.99 9.72 10.53 11.45 12.11 12.32 12.22 11.87 11.28 10.56 9.96 9.60 9.56 9.84 10.26 10.67 11.01 11.38 11.70 11.87 11.72 11.08 10.16 9.59 9.38 9.33 9.41 9.62 9.83 9.95 10.08 10.32 10.53 10.67 10.64 10.37 10.01 9.87 10.10 10.45 10.78 11.19 11.54 11.69 11.85 12.11 12.48 12.91 13.22 13.26 13.08 12.78 12.47 12.25 12.02 11.80 11.61 11.47 11.41 11.45 11.62 11.96 12.39 12.89 13.56 14.32 15.14 15.77 16.09 15.92 15.28 14.37
11.26 10.44 9.04 8.41 8.32 8.56 8.97 9.37 9.81 10.48 11.19 11.47 11.31 11.06 10.84 10.53 10.17 9.95 10.03 10.35 10.64 10.88 11.03 11.30 11.63 11.92 12.09 11.93 11.28 10.30 9.63 9.28 9.16 9.16 9.25 9.30 9.28 9.44 9.74 10.03 10.21 10.27 10.34 10.60 10.99 11.43 11.87 12.06 11.97 11.83 11.86 12.07 12.38 12.73 13.02 13.20 13.30 13.35 13.32 13.12 12.62 12.02 11.63 11.55 11.68 11.80 11.81 11.97 12.42 13.09 13.78 14.36 14.85 15.19 15.32 15.16 14.68 13.94
