project/data/elevation/US_DEM2016/US_DEM2016_point_10-28-2019_1149_30m_vel.asc
ncols	125
nrows	167
xllcorner	-2042055.000000
yllcorner	1465035.000000
cellsize	30.000000
NODATA_value	-9999.000000
[rows 35 to 69 of 167, columns 0 to 78 of 125]
11.38 11.80 12.26 11.91 11.04 9.79 8.98 8.58 8.33 8.42 9.05 10.10 10.89 11.10 10.77 10.13 9.72 9.50 9.52 9.87 10.31 10.74 11.10 11.29 11.36 11.15 10.77 10.33 9.87 9.51 9.31 9.06 8.72 8.33 8.05 8.21 8.88 9.59 10.41 10.90 10.79 9.96 8.49 6.98 6.66 7.26 8.21 9.21 9.84 10.04 10.01 10.01 9.96 10.08 10.04 10.06 10.06 10.27 10.22 10.38 10.46 10.36 9.98 9.24 8.56 8.01 7.73 7.96 8.55 9.06 9.39 9.75 10.00 10.48 11.04 12.12 13.74 14.79 14.76
12.35 12.93 13.42 13.00 12.19 11.06 10.00 9.13 8.44 7.91 7.82 8.42 9.52 10.29 10.43 9.96 9.64 9.74 10.30 11.19 11.96 12.69 13.28 13.69 13.66 13.32 12.77 12.03 11.14 10.27 9.61 9.29 9.26 9.50 9.76 9.85 10.11 10.71 11.43 11.73 11.53 10.69 9.45 8.87 9.35 10.32 11.31 11.81 11.79 11.00 10.34 9.85 9.81 9.93 10.06 10.15 10.14 10.38 10.51 10.98 11.16 10.90 10.15 8.94 7.88 7.24 7.20 7.58 8.14 8.59 8.94 9.30 9.61 9.72 10.24 11.03 12.28 13.91 15.16
12.74 13.06 13.02 12.43 11.68 10.82 10.11 9.35 8.47 7.65 7.30 7.46 8.11 9.09 9.69 9.71 9.52 9.72 10.56 11.68 12.58 13.30 13.85 14.23 14.27 14.11 13.81 13.32 12.51 11.51 10.50 9.76 9.64 10.09 10.60 11.05 11.54 12.08 12.54 13.05 13.39 13.12 12.72 12.27 12.51 13.18 13.53 13.06 12.23 11.25 10.40 9.96 9.77 9.92 10.07 10.14 10.18 10.59 10.93 11.42 11.51 11.20 10.52 9.46 8.33 7.66 7.49 7.65 7.92 8.24 8.45 8.60 8.99 9.31 9.75 10.34 11.25 12.53 14.39
12.80 12.44 11.65 10.97 10.23 9.77 9.37 8.72 7.91 7.20 6.94 7.02 7.42 8.15 8.88 9.21 9.20 9.33 9.96 10.87 11.39 11.62 11.77 12.10 12.51 12.82 13.16 13.44 13.15 12.49 11.67 10.94 10.53 10.47 10.80 11.63 12.55 13.05 13.50 14.26 14.96 15.05 15.03 14.60 14.43 14.22 13.40 11.94 10.88 10.10 9.78 9.77 9.79 9.89 10.10 10.24 10.37 10.85 11.16 11.34 11.19 10.50 10.02 9.49 8.83 8.25 7.66 7.45 7.55 7.81 7.91 7.98 8.30 8.95 9.41 9.85 10.37 11.41 12.72
12.56 11.55 10.12 9.41 8.82 8.54 8.24 7.84 7.45 7.15 7.11 7.30 7.66 8.05 8.43 8.71 8.85 8.97 9.14 9.28 9.14 8.97 9.02 9.48 10.43 11.47 12.31 13.07 13.38 13.16 12.61 11.98 11.53 11.47 12.10 13.24 13.98 14.35 14.61 15.06 15.50 15.36 15.15 14.84 14.43 13.84 12.70 11.39 10.45 9.69 9.55 9.85 10.06 9.97 10.23 10.53 10.86 11.28 11.14 10.68 9.86 8.80 7.95 7.71 7.61 7.46 7.01 6.77 6.94 7.25 7.43 7.62 8.03 8.63 9.06 9.32 9.54 10.20 11.14
12.01 10.85 9.24 8.50 8.22 8.08 8.03 8.04 8.12 8.27 8.53 8.83 8.87 8.62 8.38 8.38 8.56 8.66 8.42 7.95 7.71 7.77 8.20 8.93 10.05 11.00 11.76 12.49 13.03 13.31 13.27 12.99 12.91 13.44 14.38 15.37 15.97 16.25 15.86 15.33 15.14 14.30 13.67 13.63 13.45 13.47 13.14 12.75 12.17 11.66 11.08 10.89 10.79 10.34 10.39 10.58 10.87 11.06 10.59 9.68 8.59 7.31 6.01 5.57 5.59 5.79 6.11 6.40 6.65 6.80 6.88 7.26 7.97 8.59 8.90 8.99 9.04 9.36 10.02
11.64 10.76 9.56 9.05 8.98 9.02 8.99 9.02 9.24 9.64 10.10 10.29 9.90 9.17 8.66 8.56 8.71 8.74 8.46 8.08 8.08 8.46 9.02 9.55 10.01 10.48 10.80 11.27 12.09 12.84 13.61 13.84 14.36 15.21 16.09 16.74 17.02 16.71 16.00 15.03 14.13 13.17 12.31 11.91 12.23 12.47 12.83 13.02 13.19 13.24 13.00 12.12 11.29 10.52 10.14 10.05 9.96 9.75 9.30 8.69 7.89 6.83 5.68 5.28 5.50 5.90 6.30 6.49 6.49 6.51 6.64 6.98 7.68 8.40 8.61 8.52 8.68 9.22 9.82
11.61 11.13 10.44 10.15 10.05 9.95 9.78 9.80 10.17 10.71 11.05 10.94 10.17 9.57 9.35 9.40 9.48 9.50 9.47 9.53 9.79 10.14 10.49 10.78 11.00 10.98 10.88 10.98 11.60 12.38 13.63 14.70 15.78 16.65 16.91 16.56 16.00 15.22 14.29 13.43 12.68 11.94 11.05 10.66 10.76 11.08 11.54 11.73 12.09 12.36 12.44 11.90 11.12 10.24 9.79 9.67 9.40 8.95 8.60 8.65 8.35 7.80 7.25 7.22 7.52 7.49 7.12 6.74 6.74 6.91 6.90 6.81 7.05 7.49 7.50 7.30 7.91 9.00 9.65
11.57 11.25 10.83 10.64 10.54 10.49 10.54 10.85 11.32 11.69 11.67 11.17 10.31 9.95 9.92 10.03 10.24 10.39 10.64 11.06 11.56 11.94 12.13 12.20 12.18 11.91 11.72 11.73 12.06 12.51 13.65 14.89 16.00 16.67 16.37 15.41 14.22 13.17 12.23 11.72 11.44 10.95 10.14 9.49 9.52 9.94 10.22 9.94 9.42 8.94 9.04 9.64 9.96 9.85 9.77 10.04 10.11 10.00 10.01 10.09 9.86 9.60 9.51 9.58 9.08 8.28 7.87 7.92 8.03 7.59 6.81 6.21 6.23 6.42 6.25 6.22 6.98 8.30 8.96
11.53 11.33 11.13 11.11 11.32 11.75 12.21 12.56 12.71 12.61 12.13 11.32 10.52 10.15 10.11 10.36 10.68 11.01 11.42 11.97 12.49 12.78 12.81 12.63 12.33 11.97 11.85 11.97 12.40 12.97 14.14 14.89 15.31 15.16 14.65 14.11 13.36 12.42 11.15 10.37 10.08 9.86 9.34 8.66 8.47 8.89 8.66 8.06 7.21 6.72 6.96 7.68 8.45 9.05 9.82 10.71 11.22 11.47 11.53 11.29 11.02 10.87 10.54 10.06 9.14 8.79 9.08 9.13 8.39 6.95 5.97 5.74 5.94 6.06 6.03 6.23 7.00 7.97 8.46
11.85 11.89 12.01 12.24 12.58 13.03 13.42 13.57 13.43 13.01 12.30 11.47 10.89 10.63 10.80 11.07 11.31 11.61 11.99 12.30 12.41 12.31 12.10 11.87 11.76 11.62 11.57 11.83 12.65 13.62 14.68 14.43 13.92 13.20 12.76 12.84 12.58 11.98 10.67 9.56 8.84 8.58 8.25 7.65 7.55 7.80 7.72 7.70 7.72 7.81 7.74 7.53 7.57 8.33 9.72 11.04 11.47 11.50 11.37 11.32 11.13 11.11 10.65 10.17 9.96 10.10 9.81 8.74 7.18 6.19 6.08 6.52 6.83 6.87 6.91 7.29 8.01 8.55 8.67
12.30 12.44 12.73 13.01 13.14 13.17 13.11 13.01 12.82 12.43 11.89 11.32 11.23 11.46 11.89 12.12 12.20 12.26 12.27 12.14 11.85 11.48 11.14 11.04 11.24 11.41 11.59 12.12 13.16 14.09 14.47 13.77 12.58 11.83 11.41 11.20 11.10 10.96 10.34 9.27 8.13 7.56 7.43 7.45 7.67 7.93 8.39 8.70 8.86 8.45 7.72 7.25 7.65 8.87 10.27 11.06 11.19 11.06 11.02 11.20 11.07 11.09 10.94 10.80 10.65 10.17 8.67 7.49 7.10 7.37 7.96 8.33 8.46 8.47 8.63 8.99 9.39 9.52 9.46
12.46 12.45 12.56 12.71 12.59 12.28 11.91 11.58 11.31 11.12 10.83 10.62 10.80 11.40 12.00 12.34 12.43 12.28 11.98 11.64 11.32 10.99 10.72 10.66 10.86 11.16 11.57 12.38 13.41 13.93 13.56 12.48 11.64 10.97 10.36 9.90 9.72 9.85 9.89 9.46 8.27 7.65 7.76 8.40 8.77 9.05 9.20 8.77 7.96 6.95 6.58 7.17 8.98 10.98 11.85 11.73 11.56 11.43 11.41 11.47 11.28 11.26 11.04 10.75 10.19 9.19 8.35 8.38 9.17 10.03 10.57 10.73 10.75 10.73 10.73 10.89 11.06 10.99 10.91
12.39 12.26 11.92 11.82 11.66 11.25 10.78 10.35 10.08 9.87 9.67 9.61 9.80 10.39 10.99 11.36 11.59 11.60 11.41 11.14 10.87 10.62 10.42 10.32 10.39 10.66 11.06 12.00 13.18 13.49 12.95 12.00 11.32 10.59 9.68 8.88 8.71 8.92 9.19 9.07 8.34 7.77 7.81 8.31 8.65 8.90 8.88 7.90 6.98 6.66 7.37 9.50 12.07 13.53 13.78 12.93 12.31 11.93 11.81 11.93 11.89 11.79 11.46 10.98 10.84 11.03 11.76 12.74 13.56 14.12 14.26 14.25 14.19 14.10 13.96 13.92 13.89 13.58 13.12
12.42 12.27 11.59 11.14 11.00 10.81 10.43 10.04 9.76 9.44 9.33 9.38 9.63 10.09 10.48 10.75 10.93 11.03 10.99 10.75 10.42 10.13 9.95 9.88 9.93 10.10 10.46 11.54 12.92 13.11 12.57 12.00 11.49 10.80 9.82 8.75 8.35 8.10 7.96 7.79 7.41 6.93 6.73 6.87 7.37 7.94 8.39 8.06 7.85 8.48 10.60 13.28 14.91 15.29 14.69 13.47 12.62 12.22 12.20 12.64 12.84 12.92 12.69 12.81 13.48 14.59 15.85 16.95 17.69 18.01 18.09 18.04 17.95 17.85 17.62 17.29 16.93 16.47 15.46
12.58 12.34 11.57 10.98 10.79 10.78 10.72 10.51 10.25 10.03 10.23 10.53 10.85 11.16 11.31 11.30 11.19 11.03 10.76 10.43 10.06 9.72 9.52 9.46 9.55 9.82 10.34 11.59 12.73 12.55 11.61 11.51 11.29 10.88 10.49 9.78 8.93 7.95 7.19 6.98 6.88 6.77 6.82 7.03 7.51 8.13 9.11 9.76 10.44 12.02 14.37 15.83 16.15 15.26 14.24 13.14 12.51 12.33 12.22 12.40 12.71 13.15 13.38 13.81 14.87 15.99 16.78 17.55 17.98 18.19 18.35 18.50 18.56 18.53 18.28 17.85 17.42 17.05 16.34
12.68 12.24 11.41 11.09 10.88 10.78 10.83 10.87 10.80 10.79 11.32 11.96 12.32 12.45 12.37 12.03 11.59 11.08 10.65 10.31 10.01 9.67 9.32 9.15 9.31 9.80 10.52 11.65 12.19 11.40 10.53 10.50 10.45 10.54 10.64 10.56 9.66 8.59 7.98 7.95 8.25 8.71 9.15 9.35 9.65 10.39 11.88 13.46 15.03 16.28 16.90 16.76 15.68 14.12 13.20 12.37 11.86 11.53 11.17 10.92 11.18 11.65 12.59 13.15 13.90 14.29 14.08 13.90 13.75 13.95 14.36 14.91 15.14 15.18 14.96 14.71 14.66 14.54 14.42
12.52 11.75 10.78 10.58 10.53 10.50 10.62 10.79 10.93 11.10 11.66 12.40 12.73 12.76 12.46 11.89 11.24 10.71 10.36 10.11 9.84 9.52 9.16 8.99 9.24 9.83 10.55 11.33 11.31 10.22 9.64 9.68 9.64 9.71 10.11 10.17 9.89 9.60 9.59 10.05 10.59 11.06 11.39 11.77 12.46 13.70 15.31 16.65 17.50 17.66 17.20 15.99 14.58 13.15 12.33 11.61 11.00 10.38 10.07 9.88 10.12 10.59 11.13 11.66 11.77 11.02 10.04 9.05 8.78 9.05 9.56 10.14 10.42 10.34 10.32 10.23 10.46 10.56 10.70
12.09 11.21 10.07 9.68 9.70 9.93 10.32 10.62 10.88 11.10 11.37 11.70 11.88 11.70 11.28 10.72 10.23 9.89 9.66 9.45 9.20 9.01 8.99 9.20 9.57 9.98 10.50 10.93 10.71 9.99 9.61 9.62 9.56 9.50 9.42 9.46 9.70 9.91 10.29 10.99 11.69 12.04 12.43 13.11 14.33 15.75 16.79 17.24 16.98 16.31 15.47 14.54 13.55 12.63 11.90 11.25 10.69 10.22 10.20 10.29 10.59 10.80 10.74 10.68 10.07 9.06 8.14 7.70 7.79 7.96 7.81 7.44 7.27 7.23 7.21 7.25 7.55 7.83 7.93
11.66 10.96 9.97 9.54 9.38 9.38 9.61 10.03 10.32 10.52 10.49 10.37 10.09 9.63 9.15 8.94 8.81 8.63 8.51 8.58 8.77 8.95 9.25 9.67 9.95 10.24 10.59 10.87 10.94 10.87 10.60 10.23 9.87 9.48 9.01 8.84 9.07 9.36 9.70 10.26 11.01 11.62 12.26 13.39 14.99 16.04 16.22 15.31 13.86 13.28 13.20 13.18 12.87 12.45 11.86 11.30 10.86 10.71 10.99 11.12 11.17 11.07 10.52 10.08 9.39 8.88 8.81 8.84 8.74 8.28 7.32 6.12 5.48 5.24 5.16 5.25 5.57 5.80 5.76
11.58 11.18 10.66 10.31 9.91 9.35 8.79 8.76 9.07 9.33 9.36 9.03 8.37 7.65 7.28 7.23 7.26 7.28 7.50 8.11 8.89 9.58 10.02 10.19 10.37 10.62 10.91 11.24 11.44 11.59 11.10 10.35 9.72 9.14 8.67 8.38 8.53 8.88 9.06 9.35 9.92 10.77 11.77 13.39 14.91 15.32 14.31 12.71 11.75 11.51 11.64 11.93 12.08 12.11 11.63 11.21 10.91 10.90 11.16 11.00 10.57 10.06 9.56 9.31 9.40 9.58 9.89 9.86 8.94 7.69 6.24 5.28 4.85 4.56 4.21 3.94 3.85 3.75 3.56
11.95 12.00 11.95 11.58 10.94 10.07 8.95 8.50 8.53 8.80 8.85 8.41 7.76 7.28 6.99 6.87 6.98 7.25 7.76 8.59 9.56 10.48 10.88 11.03 11.21 11.47 11.58 11.70 11.87 11.86 11.08 10.45 10.08 9.62 9.02 8.81 9.17 9.55 9.62 9.72 10.09 10.81 11.91 13.64 14.53 14.04 12.24 10.89 10.19 10.06 10.28 10.68 11.11 11.23 10.91 10.62 10.39 10.28 10.16 9.53 8.80 8.31 8.35 8.74 9.73 10.32 10.19 9.58 8.19 6.95 6.16 6.01 5.96 5.37 4.36 3.55 3.18 3.02 3.12
12.48 12.73 12.81 12.47 11.86 11.09 10.26 9.75 9.45 9.35 9.23 8.92 8.66 8.58 8.63 8.73 8.91 9.29 9.61 10.11 10.84 11.59 12.02 12.33 12.62 12.79 12.53 12.39 12.63 12.83 12.57 12.21 11.96 11.47 10.56 10.29 10.78 11.17 11.33 11.38 11.52 11.71 12.52 13.78 13.86 12.35 10.55 9.26 8.74 8.79 9.12 9.57 10.12 10.20 10.09 9.88 9.54 9.09 8.54 8.04 7.82 7.98 8.62 9.33 10.24 10.36 9.68 8.64 7.63 7.42 7.79 8.05 7.41 6.17 4.90 4.30 4.27 4.46 5.00
12.75 12.67 12.44 12.31 12.20 11.99 11.56 11.05 10.46 9.92 9.65 9.69 9.99 10.43 10.96 11.31 11.68 12.06 12.33 12.51 12.84 13.01 13.27 13.67 13.99 13.81 13.42 13.24 13.57 13.73 13.64 13.32 12.98 12.45 11.64 11.24 11.47 11.88 12.27 12.56 12.65 12.61 12.97 13.31 12.43 10.47 8.88 7.95 7.59 7.61 8.00 8.41 8.91 9.36 9.52 9.40 9.09 8.69 8.47 8.70 9.11 9.78 10.54 10.99 11.08 10.49 9.41 8.79 8.75 9.25 9.69 9.30 7.91 6.38 5.71 5.86 6.37 7.07 8.30
12.78 12.16 11.48 11.48 11.82 12.15 12.12 11.55 10.72 9.95 9.61 9.84 10.56 11.45 12.26 12.83 13.26 13.68 14.08 14.23 14.14 13.98 14.07 14.38 14.42 14.14 13.89 13.86 13.98 13.65 12.72 11.97 11.51 11.32 11.20 11.22 11.34 11.70 12.14 12.67 13.03 12.98 12.83 12.17 10.57 8.56 7.30 6.71 6.46 6.59 6.78 7.08 7.85 8.79 9.36 9.50 9.47 9.47 9.75 10.09 10.65 11.54 12.37 12.83 12.49 11.85 10.70 10.40 10.86 11.21 10.61 9.33 7.99 7.49 7.82 8.53 9.49 10.68 12.21
12.76 11.98 10.92 10.66 10.76 11.00 11.19 10.98 10.36 9.66 9.25 9.31 9.88 10.77 11.60 12.12 12.48 12.72 12.87 12.98 13.11 13.28 13.50 13.50 13.17 13.02 13.22 13.62 13.69 13.24 12.28 11.08 10.32 10.16 10.66 11.30 11.82 12.09 12.28 12.47 12.62 12.26 11.71 10.83 9.35 7.53 6.36 5.97 6.05 6.25 6.32 6.61 7.46 8.67 9.62 10.22 10.60 10.86 11.01 11.04 11.52 12.73 13.83 14.33 14.02 13.63 12.99 12.39 12.47 12.40 11.31 10.18 9.82 10.57 11.68 12.77 13.90 14.90 15.60
12.63 11.65 10.31 9.89 9.48 9.30 9.48 9.63 9.42 8.91 8.37 8.06 8.13 8.49 8.96 9.29 9.46 9.32 8.83 8.73 9.65 10.73 11.07 10.65 10.01 10.45 11.67 12.57 12.86 12.88 12.80 12.44 11.88 11.48 11.41 11.80 12.24 12.39 12.19 11.84 11.47 11.01 10.48 10.14 9.36 8.05 7.13 7.13 7.39 7.50 7.57 7.89 8.43 9.21 10.00 10.73 11.41 12.05 12.35 12.72 13.52 14.67 15.16 15.00 14.60 14.41 14.24 14.15 14.15 14.02 13.61 13.43 14.03 14.98 15.78 16.45 17.00 17.21 16.85
12.12 10.94 9.49 9.09 8.78 8.52 8.39 8.43 8.40 7.91 7.15 6.44 5.96 5.74 5.78 5.99 6.11 5.80 5.48 5.63 6.48 7.53 7.85 7.46 7.49 8.61 10.60 11.72 11.97 11.77 12.17 12.72 12.95 12.90 12.38 11.98 11.70 11.56 11.10 10.54 10.16 10.30 10.47 10.86 10.84 10.65 10.21 10.15 10.24 10.25 10.28 10.25 10.08 10.04 10.21 10.61 11.26 12.17 13.18 14.33 15.44 15.73 15.20 14.11 13.07 13.14 13.97 14.48 15.04 15.47 15.87 16.39 17.00 17.45 17.25 17.32 17.17 16.66 15.63
11.66 10.73 9.40 8.81 8.59 8.42 8.20 8.00 7.84 7.41 6.59 5.66 4.87 4.40 4.25 4.28 4.41 4.78 5.19 5.51 5.76 5.95 5.95 6.08 6.89 8.56 10.65 11.51 11.29 10.48 10.53 11.14 11.89 12.37 12.05 11.16 10.21 9.66 9.47 9.31 9.42 10.26 11.24 12.14 12.51 12.81 12.86 12.62 12.45 12.32 11.84 11.26 10.77 10.51 10.48 10.71 11.28 12.31 13.60 14.72 15.17 14.62 13.38 11.86 11.14 11.51 12.67 13.64 14.28 15.05 15.66 16.07 16.31 16.19 15.79 15.22 14.51 13.59 12.94
11.67 11.16 10.23 9.52 9.09 8.83 8.52 8.18 7.98 7.71 7.21 6.56 5.96 5.35 4.87 4.67 4.93 5.83 6.86 7.24 6.96 6.51 6.37 6.65 7.74 9.59 11.22 11.59 10.86 9.71 9.24 9.31 9.95 10.49 10.64 10.21 9.41 8.81 8.78 9.29 10.05 11.24 12.13 12.71 12.88 13.09 13.21 13.26 13.13 12.66 11.60 10.88 10.62 10.69 10.84 11.11 11.70 12.78 13.74 14.02 13.36 12.03 10.85 10.09 10.17 10.88 11.66 12.17 12.52 13.09 13.49 13.51 13.18 12.89 12.64 12.14 11.26 10.34 9.82
11.75 11.44 10.90 10.42 9.95 9.46 9.00 8.80 8.79 8.84 8.84 8.71 8.39 7.73 6.94 6.43 6.54 7.22 8.09 8.83 8.82 8.48 8.34 8.68 9.58 11.10 12.02 12.11 11.33 9.95 9.09 8.54 8.44 8.81 9.55 10.18 10.39 10.51 10.69 11.09 11.78 12.49 12.66 12.51 12.21 12.19 12.44 12.70 12.65 12.32 11.52 10.96 10.77 10.88 11.06 11.29 11.84 12.75 13.34 12.79 11.58 10.44 9.71 9.41 9.56 10.10 10.61 10.76 10.91 11.23 11.44 11.27 10.74 10.20 9.81 9.65 9.00 8.00 7.10
11.74 11.45 11.02 10.62 10.26 9.83 9.59 9.72 10.10 10.60 11.00 11.06 10.55 9.75 8.86 8.18 7.97 8.23 8.73 9.69 10.30 10.66 10.89 11.08 11.56 12.56 13.26 13.17 12.50 11.26 10.34 9.54 8.98 9.12 9.87 10.90 11.87 12.62 12.90 12.90 12.86 12.83 12.46 11.96 11.53 11.33 11.45 11.49 11.50 11.56 11.49 11.23 11.04 11.03 11.25 11.59 12.20 12.88 12.74 11.58 10.28 9.57 9.12 8.82 8.89 9.52 10.12 10.18 9.94 9.96 9.91 9.77 9.49 8.78 7.89 7.42 7.06 6.30 5.30
11.81 11.49 11.00 10.49 10.08 9.81 9.90 10.32 11.05 11.87 12.51 12.61 12.28 11.67 10.90 10.06 9.40 9.23 9.53 10.32 11.13 11.99 12.24 12.47 13.13 14.21 14.51 14.00 13.17 12.43 11.94 11.45 11.01 10.91 11.10 11.61 12.20 12.64 12.79 12.61 12.36 12.21 11.86 11.31 10.82 10.34 10.18 9.98 9.88 10.15 10.57 10.79 10.90 11.03 11.47 12.03 12.53 12.49 11.45 9.98 9.14 8.81 8.56 8.69 9.16 9.90 10.04 9.50 8.85 8.61 8.49 8.38 8.35 7.90 6.92 6.02 5.46 4.97 4.05
11.85 11.44 10.77 10.21 9.75 9.54 9.59 9.83 10.37 11.13 11.92 12.52 12.90 13.01 12.78 12.19 11.31 10.63 10.58 10.92 11.35 12.20 12.72 13.29 14.23 15.02 14.86 13.77 12.73 12.42 12.52 12.64 12.58 12.14 11.75 11.61 11.50 11.33 11.28 11.49 11.68 11.71 11.39 10.75 10.14 9.64 9.32 8.94 8.67 8.65 8.97 9.47 10.07 10.60 11.26 11.72 11.70 10.88 9.36 8.47 8.25 8.19 8.41 9.08 9.63 9.70 9.08 7.93 7.04 6.65 6.57 6.29 6.14 6.23 5.90 5.11 4.31 3.77 3.26
11.73 11.16 10.24 9.83 9.53 9.30 9.10 8.80 8.56 8.64 9.15 10.37 11.78 12.93 13.63 13.67 13.10 12.27 11.71 11.61 11.73 12.35 12.96 13.99 14.63 14.79 14.01 12.81 11.64 11.29 11.54 12.00 12.24 11.93 11.55 11.24 10.94 10.85 11.15 11.60 11.74 11.56 11.10 10.65 10.31 9.95 9.49 8.71 7.85 7.37 7.50 8.23 9.28 10.05 10.58 10.56 9.80 8.48 7.50 7.28 7.20 7.11 7.65 8.39 8.49 8.12 7.44 6.50 5.61 4.88 4.52 4.40 4.40 4.43 4.40 4.15 3.79 3.60 3.66
