project/data/elevation/US_DEM2016/US_DEM2016_point_10-29-2019_1212_30m_vel.asc
ncols	125
nrows	167
xllcorner	-2042055.000000
yllcorner	1465035.000000
cellsize	30.000000
NODATA_value	-9999.000000
[rows 38 to 75 of 167, columns 0 to 83 of 125]
4.67 4.28 3.41 2.87 2.55 2.41 2.31 2.10 1.92 1.87 1.95 2.00 1.93 1.77 1.50 1.29 1.30 1.46 1.67 1.94 2.13 2.21 2.21 2.25 2.37 2.56 2.72 2.87 2.99 2.95 2.76 2.62 2.60 2.69 2.87 3.14 3.41 3.61 3.87 3.97 3.72 3.42 3.03 3.41 3.45 3.40 3.18 2.85 2.61 2.41 2.31 2.34 2.48 2.35 1.81 1.67 2.03 2.72 3.61 4.21 4.11 3.47 2.87 2.52 2.31 2.24 2.24 2.32 2.46 2.66 2.54 2.26 2.48 2.91 2.74 2.39 2.44 2.81 3.04 2.88 2.65 2.72 2.85 2.69
4.78 4.28 3.29 2.71 2.45 2.37 2.26 2.03 1.86 1.87 1.98 2.01 1.92 1.72 1.47 1.31 1.41 1.62 1.77 1.88 1.97 2.02 2.04 2.09 2.27 2.52 2.68 2.83 2.97 2.94 2.82 2.73 2.72 2.83 3.12 3.49 3.70 3.84 4.03 4.00 3.69 3.36 3.32 3.34 3.27 3.10 2.87 2.65 2.53 2.39 2.32 2.32 2.38 2.27 1.86 1.78 2.19 2.89 3.63 4.13 4.02 3.38 2.75 2.45 2.27 2.17 2.17 2.27 2.43 2.59 2.52 2.30 2.49 2.94 2.84 2.41 2.35 2.73 3.12 2.97 2.49 2.42 2.68 2.64
4.77 4.26 3.26 2.66 2.48 2.42 2.29 2.08 1.97 2.04 2.14 2.13 1.94 1.64 1.39 1.34 1.54 1.75 1.78 1.73 1.81 1.96 2.06 2.16 2.37 2.57 2.70 2.79 2.89 2.92 2.95 2.95 3.01 3.26 3.63 3.91 3.99 3.98 3.99 3.76 3.42 3.08 3.06 3.25 3.21 3.03 2.75 2.63 2.58 2.58 2.50 2.41 2.33 2.17 1.89 1.87 2.30 2.88 3.48 3.94 3.91 3.36 2.71 2.47 2.35 2.22 2.24 2.33 2.44 2.53 2.50 2.38 2.57 2.96 2.91 2.46 2.28 2.64 3.13 2.97 2.33 2.16 2.46 2.66
4.63 4.18 3.30 2.75 2.59 2.52 2.37 2.19 2.13 2.23 2.30 2.20 1.85 1.44 1.29 1.43 1.67 1.83 1.79 1.72 1.84 2.08 2.23 2.35 2.48 2.63 2.69 2.72 2.82 2.91 3.11 3.29 3.51 3.79 4.02 4.09 4.02 3.89 3.74 3.45 3.05 2.78 2.74 3.01 3.25 3.08 2.77 2.60 2.58 2.59 2.55 2.37 2.22 2.04 1.83 1.87 2.25 2.64 3.10 3.70 3.83 3.44 2.81 2.55 2.51 2.43 2.41 2.43 2.44 2.49 2.52 2.50 2.66 2.97 2.94 2.48 2.25 2.66 3.15 2.93 2.24 2.02 2.27 2.68
4.45 4.08 3.34 2.86 2.68 2.59 2.43 2.30 2.32 2.39 2.36 2.11 1.59 1.25 1.32 1.59 1.80 1.91 1.90 1.91 2.08 2.31 2.47 2.55 2.61 2.67 2.71 2.72 2.79 2.95 3.30 3.29 3.86 4.03 3.95 3.85 3.72 3.55 3.35 3.12 2.80 2.49 2.35 2.70 3.19 3.20 2.93 2.61 2.53 2.47 2.34 2.13 1.99 1.84 1.73 1.85 2.18 2.40 2.69 3.41 3.76 3.56 3.09 2.82 2.72 2.59 2.52 2.49 2.51 2.54 2.54 2.54 2.69 2.94 2.90 2.47 2.34 2.76 3.14 2.85 2.18 2.03 2.38 2.88
4.33 4.01 3.36 2.93 2.75 2.66 2.55 2.49 2.50 2.47 2.31 1.93 1.35 1.18 1.42 1.71 1.91 2.02 2.09 2.20 2.38 2.57 2.68 2.70 2.70 2.72 2.75 2.80 2.93 3.08 3.51 3.83 4.17 3.84 3.55 3.45 3.37 3.24 3.06 2.92 2.70 2.34 2.07 2.34 3.05 3.36 3.10 2.62 2.42 2.25 2.08 1.94 1.83 1.69 1.69 1.92 2.18 2.33 2.58 3.17 3.65 3.66 3.37 3.10 2.78 2.57 2.59 2.65 2.63 2.50 2.40 2.44 2.63 2.84 2.81 2.56 2.53 2.87 3.10 2.78 2.24 2.24 2.65 3.01
4.26 3.97 3.40 3.02 2.89 2.82 2.74 2.67 2.59 2.43 2.17 1.68 1.19 1.17 1.53 1.84 2.03 2.17 2.31 2.48 2.61 2.70 2.73 2.66 2.64 2.69 2.75 2.85 3.06 3.31 3.94 4.09 4.13 3.50 3.20 3.21 3.17 3.00 2.79 2.65 2.53 2.22 1.88 2.03 2.84 3.44 3.22 2.65 2.32 2.18 2.10 2.00 1.82 1.66 1.75 2.03 2.25 2.38 2.56 2.99 3.55 3.74 3.48 3.08 2.71 2.64 2.73 2.69 2.49 2.24 2.21 2.38 2.59 2.72 2.75 2.72 2.79 2.97 3.05 2.80 2.42 2.47 2.75 2.97
4.21 3.96 3.47 3.18 3.04 2.94 2.81 2.67 2.50 2.27 1.93 1.43 1.10 1.24 1.71 2.02 2.19 2.35 2.52 2.63 2.65 2.64 2.59 2.50 2.53 2.65 2.75 2.93 3.28 3.68 4.25 4.12 3.96 3.32 3.03 3.09 3.03 2.83 2.55 2.39 2.27 2.04 1.73 1.82 2.67 3.45 3.38 2.83 2.45 2.27 2.16 2.03 1.89 1.79 1.91 2.15 2.26 2.30 2.40 2.78 3.45 3.79 3.52 3.06 2.87 2.84 2.72 2.44 2.16 2.09 2.24 2.49 2.65 2.71 2.78 2.93 3.08 3.13 3.04 2.85 2.60 2.54 2.71 2.93
4.23 3.98 3.52 3.24 3.06 2.90 2.72 2.53 2.31 2.03 1.66 1.19 1.09 1.47 1.96 2.20 2.33 2.49 2.62 2.62 2.56 2.50 2.43 2.41 2.50 2.65 2.81 3.13 3.62 4.04 4.29 4.27 3.84 3.29 2.89 2.85 2.85 2.69 2.41 2.13 1.91 1.75 1.63 1.86 2.65 3.45 3.51 3.03 2.57 2.25 2.05 2.01 2.09 2.13 2.18 2.18 2.17 2.16 2.25 2.62 3.33 3.80 3.60 3.19 3.00 2.81 2.42 2.16 2.14 2.29 2.52 2.69 2.78 2.82 2.93 3.12 3.26 3.23 3.13 3.00 2.79 2.64 2.69 2.98
4.33 4.07 3.56 3.20 2.99 2.78 2.58 2.37 2.12 1.82 1.37 1.03 1.16 1.70 2.10 2.26 2.37 2.50 2.56 2.53 2.47 2.40 2.36 2.39 2.51 2.69 2.93 3.39 3.96 4.20 4.10 3.95 3.84 3.38 2.80 2.60 2.60 2.58 2.37 2.01 1.63 1.54 1.71 2.11 2.73 3.42 3.57 3.06 2.40 2.01 1.97 2.18 2.52 2.65 2.46 2.21 2.11 2.12 2.21 2.51 3.18 3.75 3.68 3.28 2.97 2.63 2.34 2.26 2.40 2.63 2.81 2.90 2.96 3.02 3.13 3.30 3.39 3.34 3.28 3.23 2.97 2.76 2.79 3.02
4.41 4.14 3.52 3.12 2.91 2.70 2.47 2.24 2.01 1.65 1.13 0.94 1.29 1.83 2.13 2.23 2.33 2.43 2.49 2.47 2.41 2.35 2.32 2.38 2.50 2.71 3.02 3.62 4.23 4.21 3.80 3.67 3.77 3.42 2.74 2.34 2.33 2.42 2.31 1.90 1.47 1.48 1.84 2.22 2.68 3.35 3.57 3.01 2.26 2.01 2.21 2.74 3.13 3.04 2.65 2.25 2.09 2.10 2.18 2.44 3.04 3.67 3.73 3.36 3.05 2.86 2.81 2.87 2.99 3.13 3.21 3.24 3.26 3.31 3.42 3.56 3.62 3.53 3.43 3.27 3.00 2.79 2.83 2.96
4.40 4.13 3.42 3.01 2.84 2.65 2.41 2.18 1.94 1.49 1.00 1.01 1.52 1.99 2.18 2.25 2.32 2.40 2.46 2.43 2.37 2.31 2.28 2.36 2.48 2.71 3.12 3.87 4.45 4.15 3.56 3.51 3.65 3.37 2.73 2.24 2.13 2.15 2.06 1.70 1.41 1.53 1.90 2.19 2.56 3.23 3.55 3.12 2.45 2.37 2.89 3.44 3.51 3.11 2.57 2.17 1.99 2.05 2.19 2.46 2.95 3.56 3.73 3.60 3.41 3.32 3.32 3.38 3.44 3.50 3.53 3.54 3.54 3.57 3.62 3.65 3.64 3.57 3.39 3.16 2.93 2.79 2.81 2.85
4.44 4.10 3.34 2.92 2.78 2.60 2.37 2.17 1.90 1.39 1.07 1.29 1.88 2.24 2.32 2.33 2.34 2.37 2.40 2.38 2.33 2.29 2.28 2.35 2.48 2.74 3.30 4.17 4.55 4.03 3.33 3.37 3.51 3.27 2.81 2.30 1.99 1.82 1.70 1.55 1.50 1.70 2.02 2.28 2.60 3.14 3.55 3.37 2.93 3.08 3.60 3.77 3.46 2.80 2.28 1.97 1.86 2.01 2.21 2.44 2.84 3.45 3.79 3.77 3.63 3.52 3.51 3.40 3.37 3.39 3.41 3.44 3.44 3.46 3.45 3.40 3.32 3.23 3.06 2.89 2.80 2.82 2.79 2.77
4.53 4.13 3.32 2.88 2.69 2.50 2.35 2.19 1.87 1.37 1.24 1.64 2.20 2.39 2.34 2.29 2.26 2.26 2.30 2.32 2.31 2.30 2.30 2.36 2.50 2.82 3.53 4.38 4.52 3.81 3.18 3.19 3.28 3.20 2.87 2.36 1.78 1.47 1.44 1.56 1.73 2.01 2.31 2.52 2.81 3.28 3.75 3.77 3.64 3.72 3.82 3.61 3.05 2.38 1.96 1.75 1.70 1.86 2.07 2.28 2.67 3.27 3.93 3.96 3.71 3.43 3.26 3.12 3.04 3.06 3.09 3.13 3.13 3.11 3.07 3.01 2.94 2.79 2.61 2.54 2.55 2.61 2.68 2.68
4.56 4.13 3.34 2.87 2.59 2.39 2.32 2.21 1.85 1.41 1.41 1.87 2.31 2.33 2.16 2.08 2.07 2.10 2.18 2.24 2.28 2.30 2.32 2.41 2.60 2.94 3.69 4.44 4.41 3.65 3.12 3.07 3.04 3.02 2.90 2.31 1.55 1.27 1.44 1.78 2.07 2.38 2.61 2.84 3.25 3.83 4.19 4.08 3.80 3.65 3.51 3.09 2.59 2.06 1.73 1.55 1.50 1.61 1.88 2.16 2.57 3.14 3.90 4.19 3.85 3.33 3.10 2.90 2.86 2.89 2.93 2.94 2.90 2.82 2.75 2.68 2.66 2.52 2.33 2.27 2.32 2.38 2.41 2.42
4.51 4.11 3.37 2.89 2.57 2.34 2.29 2.20 1.84 1.46 1.50 1.93 2.25 2.13 1.91 1.85 1.90 1.97 2.05 2.13 2.21 2.28 2.37 2.55 2.77 3.10 3.77 4.39 4.33 3.70 3.21 3.05 2.93 2.90 2.78 2.19 1.43 1.28 1.61 2.01 2.34 2.62 2.86 3.19 3.81 4.34 4.38 4.01 3.51 3.26 3.02 2.65 2.23 1.83 1.55 1.40 1.35 1.49 1.85 2.24 2.66 3.12 3.83 4.25 3.96 3.41 3.23 2.97 2.95 2.95 2.89 2.79 2.70 2.62 2.52 2.47 2.52 2.45 2.23 2.13 2.19 2.23 2.18 2.15
4.43 4.07 3.40 2.95 2.63 2.32 2.21 2.14 1.80 1.44 1.46 1.81 2.03 1.86 1.65 1.67 1.80 1.87 1.93 2.03 2.19 2.34 2.52 2.74 2.96 3.26 3.81 4.33 4.32 3.87 3.36 3.04 2.86 2.76 2.57 1.98 1.37 1.38 1.74 2.08 2.42 2.75 3.06 3.60 4.30 4.52 4.23 3.59 3.01 2.84 2.72 2.44 2.02 1.66 1.41 1.29 1.28 1.53 1.99 2.39 2.71 3.03 3.65 4.14 4.30 3.65 3.35 3.14 3.02 2.89 2.74 2.61 2.59 2.53 2.40 2.35 2.44 2.41 2.18 2.01 2.05 2.16 2.22 2.23
4.36 4.04 3.44 3.00 2.66 2.30 2.08 2.01 1.74 1.39 1.38 1.63 1.74 1.58 1.49 1.58 1.73 1.83 1.89 2.03 2.25 2.49 2.71 2.90 3.12 3.40 3.84 4.26 4.34 3.96 3.36 2.93 2.71 2.54 2.30 1.75 1.37 1.52 1.83 2.12 2.45 2.86 3.33 4.10 4.62 4.51 3.97 3.15 2.71 2.61 2.61 2.36 1.88 1.50 1.26 1.18 1.25 1.61 2.09 2.37 2.53 2.74 3.29 3.96 4.18 3.94 3.52 3.20 2.89 2.66 2.49 2.49 2.54 2.48 2.30 2.22 2.31 2.30 2.11 1.98 2.05 2.27 2.51 2.57
4.32 4.04 3.46 3.00 2.61 2.25 2.01 1.93 1.71 1.42 1.34 1.44 1.50 1.45 1.48 1.60 1.74 1.88 2.00 2.16 2.39 2.66 2.85 3.05 3.28 3.56 3.91 4.29 4.34 3.96 3.27 2.87 2.67 2.43 2.04 1.62 1.50 1.71 1.96 2.23 2.60 3.07 3.75 4.56 4.71 4.25 3.46 2.83 2.42 2.36 2.45 2.26 1.79 1.33 1.09 1.07 1.22 1.63 2.01 2.14 2.21 2.38 2.91 3.82 4.36 4.13 4.09 3.05 2.69 2.53 2.51 2.57 2.58 2.40 2.15 2.08 2.17 2.15 2.06 2.07 2.27 2.66 3.01 2.95
4.33 4.03 3.36 2.87 2.49 2.18 2.03 1.96 1.75 1.47 1.32 1.34 1.42 1.48 1.60 1.75 1.89 2.08 2.25 2.39 2.60 2.83 3.01 3.23 3.50 3.72 3.96 4.26 4.32 3.94 3.35 2.96 2.74 2.44 1.98 1.69 1.74 1.94 2.17 2.45 2.85 3.38 4.19 4.77 4.65 3.83 3.10 2.52 2.21 2.20 2.32 2.17 1.68 1.17 0.97 0.99 1.19 1.52 1.78 1.89 2.04 2.27 2.81 3.85 4.48 4.27 3.37 2.90 2.67 2.66 2.75 2.75 2.52 2.21 1.98 2.02 2.14 2.14 2.15 2.39 2.87 3.34 3.40 3.02
4.40 4.01 3.20 2.69 2.35 2.12 2.06 1.96 1.71 1.42 1.28 1.33 1.50 1.65 1.83 2.01 2.21 2.41 2.56 2.69 2.88 3.04 3.21 3.44 3.68 3.76 3.93 4.26 4.27 3.83 3.31 2.92 2.64 2.28 1.90 1.75 1.88 2.10 2.33 2.62 3.03 3.66 4.45 4.69 4.23 3.42 2.76 2.32 2.10 2.11 2.23 2.05 1.53 1.07 0.93 0.98 1.18 1.46 1.71 1.93 2.16 2.47 3.01 3.96 4.41 4.18 3.26 2.96 2.91 2.96 2.92 2.66 2.25 1.99 1.97 2.07 2.18 2.28 2.51 2.98 3.51 3.67 3.36 2.73
4.49 3.99 3.07 2.54 2.26 2.08 2.02 1.86 1.56 1.29 1.22 1.38 1.63 1.86 2.07 2.27 2.48 2.67 2.79 2.88 2.99 3.16 3.36 3.54 3.63 3.62 3.92 4.29 4.14 3.58 3.04 2.67 2.35 2.02 1.75 1.71 1.88 2.17 2.41 2.71 3.14 3.79 4.43 4.57 3.86 3.05 2.50 2.22 2.05 2.07 2.07 1.87 1.45 1.07 0.98 1.06 1.26 1.56 1.91 2.15 2.41 2.78 3.30 4.05 4.21 3.81 3.25 3.18 3.23 3.16 2.82 2.33 1.95 1.97 2.16 2.32 2.48 2.75 3.18 3.62 3.78 3.55 2.99 2.40
4.49 3.98 3.00 2.43 2.17 2.01 1.91 1.71 1.36 1.15 1.18 1.42 1.72 1.97 2.16 2.32 2.52 2.66 2.72 2.77 2.90 3.15 3.37 3.43 3.36 3.45 3.99 4.33 4.00 3.35 2.87 2.53 2.25 1.94 1.76 1.75 1.97 2.27 2.48 2.72 3.11 3.72 4.31 4.30 3.71 2.87 2.36 2.22 2.16 2.11 2.00 1.81 1.51 1.21 1.12 1.23 1.45 1.79 2.14 2.38 2.68 3.16 3.64 4.06 4.02 3.62 3.37 3.41 3.37 3.10 2.58 2.11 2.00 2.28 2.61 2.88 3.17 3.47 3.73 3.80 3.58 3.14 2.64 2.23
4.48 3.94 2.90 2.33 2.05 1.89 1.80 1.56 1.20 1.02 1.12 1.41 1.70 1.91 2.04 2.16 2.33 2.44 2.44 2.49 2.77 3.13 3.26 3.10 2.91 3.30 4.18 4.48 3.99 3.25 2.81 2.54 2.33 2.12 1.91 1.87 2.06 2.33 2.47 2.60 2.88 3.47 4.18 4.30 3.76 2.89 2.41 2.39 2.37 2.25 2.09 1.94 1.68 1.40 1.31 1.42 1.68 2.04 2.37 2.72 3.16 3.63 3.87 3.88 3.75 3.56 3.53 3.54 3.34 2.98 2.59 2.38 2.55 2.91 3.19 3.41 3.60 3.70 3.68 3.47 3.15 2.80 2.45 2.13
4.45 3.88 2.85 2.26 1.97 1.78 1.65 1.41 1.08 0.93 1.07 1.37 1.63 1.78 1.85 1.91 2.03 2.17 2.33 2.50 2.82 3.12 3.09 2.78 2.67 3.33 4.45 4.65 4.04 3.16 2.73 2.52 2.33 2.17 1.98 1.88 1.99 2.21 2.29 2.36 2.58 3.25 4.09 4.35 3.86 3.09 2.68 2.64 2.62 2.47 2.29 2.09 1.79 1.51 1.42 1.54 1.81 2.20 2.67 3.20 3.60 3.77 3.72 3.46 3.26 3.46 3.77 3.64 3.44 2.88 2.75 2.84 3.06 3.34 3.77 3.47 3.48 3.37 3.19 2.98 2.76 2.51 2.26 1.99
4.34 3.83 2.83 2.22 1.92 1.69 1.50 1.23 0.95 0.89 1.09 1.38 1.61 1.75 1.80 1.77 1.77 1.97 2.33 2.67 2.97 3.12 2.91 2.61 2.70 3.59 4.70 4.74 4.02 3.08 2.65 2.45 2.26 2.05 1.81 1.69 1.73 1.91 2.05 2.17 2.44 3.20 4.18 4.42 3.87 3.15 2.87 2.78 2.72 2.56 2.29 2.01 1.72 1.51 1.49 1.66 1.95 2.41 3.04 3.53 3.64 3.51 3.28 2.91 2.90 3.42 3.96 3.82 3.21 2.79 2.80 2.95 3.04 3.10 3.19 3.23 3.12 2.90 2.74 2.62 2.44 2.23 2.02 1.80
4.18 3.75 2.84 2.21 1.87 1.60 1.34 1.02 0.83 0.91 1.17 1.44 1.68 1.82 1.85 1.80 1.76 1.94 2.37 2.77 3.04 3.12 2.95 2.73 2.96 3.96 4.86 4.77 3.97 3.02 2.56 2.39 2.22 1.90 1.60 1.47 1.52 1.74 1.95 2.19 2.62 3.50 4.40 4.47 3.79 3.09 2.83 2.77 2.66 2.41 2.10 1.85 1.63 1.53 1.57 1.80 2.16 2.72 3.33 3.56 3.34 3.02 2.77 2.54 2.81 3.56 4.13 3.94 3.23 2.82 2.82 2.89 2.90 2.95 3.03 3.02 2.84 2.57 2.42 2.36 2.21 1.98 1.79 1.61
4.06 3.65 2.78 2.17 1.81 1.48 1.13 0.84 0.79 1.00 1.30 1.59 1.84 1.95 1.96 1.96 1.99 2.11 2.39 2.75 2.98 3.13 3.15 3.13 3.42 4.17 4.96 4.71 3.91 3.01 2.53 2.32 2.13 1.84 1.57 1.48 1.60 1.91 2.19 2.48 3.01 3.85 4.52 4.44 3.73 3.07 2.83 2.74 2.52 2.22 1.99 1.82 1.66 1.59 1.66 1.93 2.36 2.94 3.43 3.34 2.91 2.67 2.49 2.43 2.86 3.71 4.29 4.00 3.24 2.90 2.89 2.87 2.85 2.89 2.92 2.89 2.66 2.33 2.15 2.15 2.06 1.80 1.62 1.49
3.99 3.57 2.71 2.07 1.68 1.30 0.96 0.80 0.90 1.20 1.53 1.80 1.95 2.00 2.03 2.14 2.26 2.32 2.44 2.71 2.97 3.24 3.45 3.62 3.97 4.66 5.00 4.58 3.79 3.01 2.58 2.36 2.17 1.97 1.75 1.70 1.90 2.24 2.50 2.79 3.27 3.99 4.48 4.33 3.69 3.10 2.88 2.70 2.38 2.10 1.95 1.81 1.68 1.64 1.75 2.08 2.59 3.10 3.30 2.99 2.55 2.44 2.35 2.41 2.90 3.83 4.33 3.97 3.23 2.98 2.91 2.83 2.81 2.78 2.74 2.73 2.55 2.18 1.91 1.91 1.91 1.72 1.54 1.50
3.93 3.51 2.62 1.95 1.52 1.12 0.87 0.88 1.13 1.48 1.76 1.89 1.97 2.06 2.16 2.34 2.51 2.55 2.58 2.75 3.05 3.42 3.69 3.98 4.42 4.89 4.86 4.35 3.58 2.95 2.62 2.46 2.34 2.18 1.97 1.91 2.06 2.32 2.54 2.78 3.23 3.93 4.38 4.24 3.69 3.13 2.86 2.60 2.25 2.03 1.90 1.75 1.66 1.68 1.88 2.28 2.77 3.05 2.92 2.56 2.33 2.27 2.23 2.46 3.10 4.00 4.29 3.84 3.18 2.97 2.88 2.77 2.77 2.71 2.56 2.50 2.40 2.12 1.80 1.76 1.79 1.66 1.53 1.58
3.87 3.41 2.49 1.82 1.36 0.99 0.85 0.97 1.29 1.61 1.80 1.86 1.97 2.15 2.33 2.54 2.74 2.81 2.80 2.87 3.13 3.54 3.88 4.27 4.64 4.75 4.54 3.98 3.30 2.84 2.58 2.47 2.41 2.22 2.01 1.94 2.00 2.14 2.35 2.68 3.19 3.82 4.26 4.20 3.73 3.18 2.83 2.47 2.15 1.97 1.86 1.74 1.66 1.73 1.98 2.38 2.73 2.73 2.40 2.27 2.23 2.13 2.22 2.64 3.32 4.02 4.23 3.77 3.14 2.91 2.83 2.67 2.64 2.63 2.45 2.28 2.21 2.06 1.82 1.75 1.77 1.63 1.55 1.75
3.78 3.30 2.33 1.69 1.23 0.90 0.82 1.01 1.31 1.57 1.69 1.79 1.97 2.22 2.47 2.69 2.87 3.00 3.00 2.98 3.19 3.62 4.08 4.27 4.66 4.43 4.04 3.59 3.07 2.71 2.51 2.40 2.30 2.08 1.92 1.87 1.89 2.03 2.33 2.75 3.20 3.67 4.06 4.17 3.83 3.23 2.74 2.33 2.03 1.90 1.89 1.87 1.81 1.81 1.99 2.27 2.43 2.26 2.07 2.17 2.16 2.02 2.26 2.73 3.23 3.83 4.14 3.83 3.18 2.84 2.77 2.64 2.56 2.52 2.35 2.15 2.06 2.00 1.91 1.88 1.86 1.72 1.67 1.99
3.66 3.16 2.20 1.59 1.13 0.83 0.81 1.02 1.32 1.54 1.64 1.75 1.97 2.25 2.55 2.77 2.97 3.15 3.20 3.14 3.30 3.74 4.35 4.76 4.58 4.06 3.63 3.24 2.88 2.61 2.45 2.34 2.20 1.99 1.86 1.83 1.89 2.09 2.44 2.83 3.14 3.46 3.87 4.15 3.91 3.20 2.56 2.14 1.99 1.99 2.10 2.16 2.06 1.90 1.89 2.00 2.02 1.92 1.96 2.12 2.07 1.98 2.21 2.58 2.99 3.57 4.04 3.89 3.31 2.92 2.81 2.66 2.46 2.30 2.17 2.06 2.00 2.01 2.03 2.01 1.99 1.91 1.92 2.35
3.51 3.03 2.12 1.51 1.04 0.80 0.83 1.07 1.37 1.58 1.70 1.85 2.08 2.32 2.57 2.81 3.02 3.00 3.46 3.42 3.52 3.97 4.11 4.66 4.36 3.74 3.33 3.03 2.76 2.59 2.49 2.41 2.25 2.03 1.88 1.83 1.89 2.11 2.45 2.80 2.98 3.19 3.70 4.15 3.95 3.15 2.46 2.21 2.26 2.36 2.45 2.43 2.20 1.89 1.75 1.75 1.81 1.88 2.03 2.12 2.07 2.07 2.27 2.58 3.02 3.51 3.89 3.81 3.39 3.07 2.88 2.62 2.28 2.04 1.99 2.01 2.02 2.09 2.14 2.19 2.27 2.30 2.43 3.04
3.38 2.90 2.03 1.40 0.96 0.81 0.91 1.17 1.48 1.70 1.86 2.08 2.32 2.50 2.66 2.89 3.12 3.28 3.73 3.78 3.90 4.27 4.36 4.59 4.00 3.44 3.13 2.97 2.78 2.67 2.64 2.54 2.33 2.13 1.99 1.88 1.88 2.09 2.42 2.61 2.72 2.94 3.56 4.16 4.02 3.30 2.75 2.66 2.71 2.67 2.58 2.40 2.09 1.79 1.69 1.77 1.90 2.03 2.18 2.25 2.27 2.40 2.65 3.02 3.37 3.54 3.67 3.67 3.72 3.08 2.75 2.38 2.07 1.92 1.97 2.07 2.13 2.26 2.45 2.73 3.01 3.15 3.40 3.95
3.23 2.77 1.94 1.28 0.93 0.87 1.05 1.36 1.67 1.93 2.17 2.46 2.70 2.79 2.88 3.11 3.37 3.59 4.05 4.03 4.06 4.33 4.45 4.19 3.65 3.22 3.04 2.96 2.82 2.74 2.69 2.56 2.36 2.22 2.08 1.93 1.91 2.10 2.30 2.37 2.50 2.83 3.51 4.16 4.10 3.51 3.04 2.86 2.75 2.55 2.35 2.14 1.91 1.71 1.69 1.84 1.99 2.15 2.33 2.45 2.59 2.85 3.11 3.32 3.39 3.22 3.17 3.47 3.40 2.99 2.55 2.22 2.07 2.03 2.12 2.24 2.36 2.67 3.17 3.66 3.88 3.95 4.04 4.18
3.09 2.66 1.84 1.21 0.96 0.97 1.20 1.57 1.96 2.29 2.61 2.86 3.01 3.08 3.20 3.46 3.80 3.96 4.30 3.99 3.90 3.93 4.17 3.82 3.40 3.12 3.03 2.96 2.80 2.71 2.64 2.48 2.29 2.15 2.00 1.88 1.90 2.02 2.15 2.29 2.52 2.85 3.51 4.16 4.14 3.58 3.03 2.73 2.50 2.29 2.11 1.94 1.79 1.65 1.64 1.79 1.98 2.18 2.39 2.55 2.77 3.06 3.19 3.16 2.94 2.57 2.58 3.25 3.43 3.01 2.52 2.29 2.27 2.31 2.44 2.55 2.77 3.33 3.99 4.24 4.14 3.98 3.85 3.71
2.97 2.55 1.74 1.20 1.01 1.07 1.42 1.92 2.38 2.66 2.85 2.93 3.01 3.19 3.46 3.84 4.20 4.27 4.30 3.97 3.71 3.71 3.74 3.58 3.32 3.12 2.98 2.88 2.79 2.70 2.59 2.41 2.17 2.00 1.88 1.83 1.85 1.93 2.07 2.26 2.45 2.75 3.40 4.15 4.19 3.59 2.98 2.61 2.43 2.25 2.10 1.96 1.78 1.60 1.58 1.76 2.00 2.19 2.37 2.59 2.85 3.01 2.92 2.63 2.33 2.13 2.33 3.04 3.35 3.10 2.68 2.46 2.51 2.68 2.87 3.03 3.38 4.05 4.38 4.20 3.76 3.39 3.18 3.07
