project/data/elevation/US_DEM2016/US_DEM2016_point_11-01-2019_1523_30m_vel.asc
ncols	125
nrows	167
xllcorner	-2042055.000000
yllcorner	1465035.000000
cellsize	30.000000
NODATA_value	-9999.000000
[rows 76 to 113 of 167, columns 0 to 83 of 125]
2.52 2.52 2.58 2.64 2.71 2.79 2.91 3.04 3.11 3.08 3.03 3.03 3.14 3.30 3.38 3.42 3.43 3.37 3.34 3.32 3.30 3.24 3.19 3.12 3.02 2.94 2.92 3.08 3.32 3.38 3.20 2.91 2.56 2.30 2.21 2.28 2.35 2.33 2.25 2.17 2.13 2.20 2.38 2.52 2.52 2.43 2.39 2.35 2.32 2.33 2.33 2.29 2.26 2.29 2.38 2.47 2.52 2.48 2.48 2.54 2.59 2.55 2.38 2.18 2.04 1.96 2.04 2.28 2.59 2.70 2.58 2.46 2.56 2.78 3.04 3.36 3.67 3.89 3.87 3.59 3.02 2.31 1.96 1.93
2.54 2.56 2.63 2.68 2.77 2.93 3.03 3.02 2.85 2.58 2.43 2.53 2.75 3.01 3.19 3.32 2.98 3.39 3.23 3.07 2.99 2.97 3.00 3.02 2.99 2.93 2.86 2.94 3.17 3.40 3.44 3.27 2.98 2.76 2.63 2.57 2.48 2.34 2.22 2.18 2.21 2.27 2.34 2.38 2.37 2.26 2.19 2.14 2.07 2.01 1.95 1.91 1.93 2.06 2.24 2.40 2.50 2.53 2.56 2.59 2.54 2.37 2.22 2.22 2.29 2.35 2.41 2.57 2.85 3.18 3.31 3.42 3.70 4.02 4.24 4.36 4.38 4.22 3.99 3.56 3.02 2.37 1.90 1.68
2.51 2.49 2.55 2.62 2.66 2.74 2.74 2.63 2.47 2.35 2.35 2.50 2.71 2.92 3.09 3.24 3.29 3.17 2.99 2.87 2.81 2.79 2.81 2.85 2.83 2.77 2.70 2.74 2.92 3.22 3.49 3.59 3.48 3.26 3.04 2.86 2.65 2.44 2.34 2.31 2.27 2.19 2.15 2.16 2.10 1.86 1.55 1.38 1.32 1.31 1.35 1.48 1.71 1.97 2.20 2.38 2.54 2.62 2.62 2.55 2.44 2.30 2.27 2.41 2.62 2.73 2.85 3.09 3.47 3.79 4.02 4.25 4.75 4.77 4.42 4.72 4.39 4.12 3.87 3.77 3.60 3.18 2.62 2.14
2.46 2.38 2.40 2.47 2.46 2.46 2.48 2.49 2.55 2.63 2.70 2.79 2.93 3.07 3.21 3.28 3.22 3.04 2.88 2.75 2.67 2.61 2.60 2.63 2.60 2.47 2.34 2.29 2.37 2.66 2.97 3.35 3.49 3.36 3.13 2.91 2.70 2.50 2.37 2.24 2.09 1.95 1.90 1.97 1.92 1.61 1.18 0.98 1.03 1.19 1.44 1.73 2.00 2.21 2.32 2.37 2.43 2.41 2.30 2.17 2.13 2.19 2.31 2.54 2.80 3.03 3.33 3.65 3.89 4.11 4.25 4.38 4.58 4.61 4.49 4.30 3.78 3.65 3.52 3.64 3.80 3.74 3.36 2.86
2.42 2.34 2.37 2.48 2.49 2.49 2.54 2.66 2.82 2.91 2.98 3.06 3.21 3.30 3.32 3.21 3.01 2.83 2.69 2.57 2.48 2.45 2.42 2.42 2.38 2.19 1.89 1.64 1.54 1.73 1.98 2.41 2.85 3.04 2.98 2.80 2.65 2.56 2.44 2.29 2.17 2.09 2.08 2.17 2.14 1.92 1.54 1.31 1.40 1.66 1.98 2.24 2.38 2.42 2.35 2.30 2.25 2.18 2.08 2.02 2.08 2.23 2.41 2.66 2.92 3.24 3.58 3.77 3.82 3.85 3.90 3.95 3.95 3.78 3.67 3.66 3.59 3.42 3.24 3.18 3.36 3.66 3.66 3.34
2.41 2.37 2.44 2.60 2.68 2.69 2.73 2.82 2.95 3.04 3.12 3.21 3.29 3.31 3.19 2.96 2.73 2.51 2.37 2.28 2.23 2.25 2.30 2.33 2.31 2.08 1.64 1.10 0.88 0.89 1.01 1.29 1.77 2.33 2.59 2.64 2.63 2.67 2.66 2.62 2.60 2.60 2.64 2.67 2.66 2.53 2.25 2.01 2.01 2.09 2.18 2.26 2.30 2.31 2.30 2.31 2.35 2.46 2.52 2.53 2.57 2.62 2.70 2.86 3.06 3.30 3.41 3.32 3.25 3.30 3.38 3.43 3.39 3.21 3.19 3.32 3.41 3.39 3.25 3.01 2.93 3.16 3.50 3.51
2.47 2.47 2.51 2.61 2.69 2.73 2.79 2.89 2.99 3.09 3.17 3.22 3.20 3.07 2.85 2.67 2.51 2.32 2.15 2.08 2.07 2.06 2.09 2.21 2.31 2.19 1.84 1.23 0.65 0.55 0.62 0.84 1.16 1.57 2.05 2.36 2.51 2.65 2.73 2.80 2.88 2.96 3.00 3.01 3.05 3.03 2.82 2.56 2.35 2.19 2.09 2.11 2.23 2.33 2.38 2.43 2.52 2.69 2.83 2.91 2.95 2.97 3.00 3.05 3.15 3.20 3.08 2.91 2.89 2.96 3.03 3.05 3.00 2.88 2.89 3.07 3.25 3.32 3.23 3.12 2.88 2.80 3.08 3.42
2.57 2.59 2.58 2.57 2.59 2.67 2.79 2.91 3.01 3.07 3.10 3.08 2.98 2.80 2.61 2.49 2.40 2.27 2.13 2.03 1.99 1.95 1.93 2.03 2.22 2.36 2.24 1.87 1.27 0.98 0.97 1.10 1.26 1.40 1.68 2.02 2.23 2.40 2.56 2.72 2.87 2.95 2.99 3.00 3.11 3.18 3.06 2.80 2.52 2.36 2.35 2.43 2.47 2.45 2.42 2.44 2.50 2.60 2.77 2.92 3.03 3.09 3.12 3.11 3.09 3.01 2.89 2.87 2.90 2.90 2.82 2.68 2.47 2.27 2.17 2.40 2.72 2.92 3.02 3.05 2.90 2.61 2.58 3.08
2.58 2.61 2.63 2.60 2.62 2.70 2.81 2.93 2.98 2.98 2.94 2.87 2.74 2.59 2.47 2.38 2.31 2.23 2.12 2.00 1.91 1.85 1.84 1.93 2.17 2.45 2.57 2.54 2.39 2.22 2.02 1.82 1.69 1.64 1.68 1.84 2.06 2.29 2.50 2.65 2.70 2.70 2.75 2.88 3.03 3.20 3.20 3.08 3.01 2.96 2.87 2.75 2.59 2.47 2.41 2.43 2.48 2.59 2.78 2.93 3.05 3.11 3.10 3.02 2.91 2.82 2.78 2.85 2.88 2.84 2.68 2.35 1.89 1.48 1.27 1.34 1.68 2.06 2.38 2.62 2.69 2.50 2.26 2.55
2.54 2.57 2.62 2.68 2.74 2.81 2.86 2.90 2.89 2.84 2.76 2.67 2.55 2.44 2.37 2.29 2.20 2.11 1.99 1.87 1.82 1.85 1.94 2.09 2.34 2.60 2.83 3.00 3.13 3.13 2.94 2.59 2.23 1.99 1.91 1.98 2.20 2.46 2.56 2.55 2.48 2.49 2.64 2.82 2.99 3.21 3.40 3.52 3.63 3.62 3.38 3.01 2.72 2.57 2.49 2.50 2.57 2.69 2.81 2.87 2.92 2.94 2.94 2.88 2.76 2.69 2.65 2.68 2.69 2.69 2.64 2.05 1.87 1.29 0.94 0.87 0.91 1.03 1.28 1.62 1.97 2.10 2.00 2.07
2.55 2.58 2.66 2.76 2.84 2.86 2.82 2.75 2.72 2.68 2.63 2.56 2.46 2.37 2.28 2.17 2.06 1.93 1.83 1.78 1.82 1.95 2.12 2.31 2.53 2.78 3.02 3.20 3.32 3.36 3.28 3.08 2.76 2.39 2.20 2.24 2.39 2.47 2.43 2.35 2.33 2.41 2.51 2.61 2.76 3.03 3.28 3.61 3.77 3.84 3.74 3.44 3.11 2.86 2.67 2.61 2.61 2.61 2.61 2.62 2.60 2.61 2.68 2.73 2.68 2.61 2.52 2.49 2.50 2.55 2.61 2.63 2.46 2.11 1.59 1.15 0.87 0.69 0.62 0.75 1.01 1.31 1.47 1.57
2.57 2.62 2.69 2.74 2.73 2.67 2.60 2.54 2.55 2.60 2.60 2.53 2.42 2.28 2.12 1.99 1.93 1.89 1.90 1.92 1.96 2.03 2.15 2.33 2.56 2.81 3.03 3.16 3.17 3.15 3.19 3.25 3.17 2.95 2.71 2.55 2.45 2.31 2.23 2.25 2.27 2.28 2.25 2.26 2.41 2.63 2.89 3.07 3.15 3.23 3.30 3.32 3.21 3.04 2.86 2.69 2.58 2.48 2.42 2.40 2.40 2.46 2.57 2.67 2.68 2.60 2.49 2.44 2.44 2.51 2.64 2.84 3.00 3.06 2.93 2.45 1.89 1.42 1.14 0.98 0.90 0.95 1.09 1.24
2.57 2.61 2.62 2.58 2.49 2.43 2.43 2.50 2.59 2.63 2.58 2.46 2.31 2.14 1.97 1.93 2.02 2.18 2.24 2.23 2.18 2.14 2.19 2.34 2.52 2.69 2.84 2.96 3.02 2.99 3.02 3.17 3.32 3.30 3.15 2.88 2.55 2.30 2.22 2.25 2.24 2.18 2.14 2.17 2.25 2.26 2.24 2.12 2.01 1.97 2.12 2.28 2.43 2.56 2.59 2.55 2.47 2.41 2.38 2.40 2.45 2.51 2.57 2.61 2.62 2.59 2.52 2.47 2.45 2.53 2.70 2.91 3.18 3.50 3.71 3.68 3.39 3.00 2.63 2.24 1.84 1.62 1.62 1.63
2.55 2.57 2.55 2.49 2.43 2.45 2.53 2.64 2.69 2.63 2.45 2.25 2.10 1.98 1.94 2.00 2.17 2.33 2.41 2.44 2.40 2.35 2.35 2.42 2.46 2.45 2.50 2.66 2.87 3.01 3.04 3.06 3.14 3.25 3.22 3.04 2.73 2.49 2.36 2.35 2.33 2.33 2.32 2.30 2.25 2.09 1.81 1.44 1.17 1.12 1.20 1.34 1.52 1.79 2.06 2.23 2.29 2.33 2.38 2.45 2.52 2.52 2.49 2.47 2.49 2.50 2.47 2.44 2.44 2.52 2.66 2.84 3.06 3.34 3.64 3.92 4.03 3.97 3.79 3.55 3.24 2.94 2.68 2.46
2.55 2.54 2.53 2.52 2.54 2.60 2.67 2.70 2.63 2.44 2.19 1.95 1.81 1.77 1.78 1.83 1.91 2.02 2.19 2.34 2.46 2.50 2.48 2.40 2.28 2.19 2.21 2.37 2.57 2.73 2.82 2.80 2.81 2.98 3.13 3.11 2.91 2.71 2.57 2.55 2.54 2.54 2.53 2.51 2.44 2.25 1.95 1.63 1.35 1.20 1.23 1.40 1.67 1.93 2.09 2.17 2.21 2.24 2.32 2.39 2.42 2.39 2.36 2.36 2.36 2.36 2.31 2.30 2.31 2.37 2.47 2.63 2.75 2.79 2.93 3.21 3.60 3.82 3.93 4.00 3.96 3.80 3.56 3.31
2.54 2.53 2.52 2.56 2.62 2.68 2.68 2.60 2.41 2.15 1.91 1.74 1.65 1.61 1.56 1.51 1.52 1.61 1.75 1.96 2.17 2.33 2.36 2.29 2.20 2.15 2.13 2.13 2.11 2.08 2.12 2.21 2.33 2.59 2.90 3.05 2.97 2.80 2.69 2.67 2.66 2.66 2.68 2.75 2.76 2.68 2.52 2.38 2.26 2.13 2.03 2.15 2.35 2.43 2.39 2.27 2.21 2.23 2.26 2.26 2.24 2.23 2.22 2.25 2.23 2.17 2.10 2.10 2.12 2.14 2.21 2.28 2.27 2.15 2.10 2.29 2.69 2.99 3.20 3.46 3.72 3.80 3.71 3.63
2.54 2.53 2.54 2.60 2.67 2.68 2.60 2.41 2.17 1.95 1.79 1.71 1.68 1.68 1.64 1.56 1.50 1.49 1.54 1.65 1.79 1.94 2.07 2.19 2.29 2.30 2.23 2.08 1.94 1.86 1.88 1.98 2.15 2.35 2.58 2.80 2.84 2.77 2.71 2.71 2.71 2.74 2.81 2.96 3.05 3.11 3.09 3.04 3.02 3.00 2.94 2.84 2.69 2.48 2.31 2.27 2.29 2.31 2.26 2.17 2.07 2.04 2.06 2.08 2.07 2.02 2.00 2.01 1.99 2.00 2.02 2.00 1.88 1.71 1.55 1.58 1.89 2.17 2.29 2.49 2.83 3.13 3.17 3.11
2.56 2.57 2.60 2.64 2.65 2.56 2.38 2.16 1.96 1.85 1.80 1.77 1.79 1.86 1.93 1.94 1.86 1.77 1.75 1.80 1.89 1.99 2.11 2.25 2.35 2.41 2.43 2.43 2.42 2.43 2.46 2.53 2.61 2.66 2.58 2.59 2.68 2.74 2.78 2.81 2.82 2.88 2.98 3.10 3.19 3.33 3.40 3.42 3.43 3.45 3.39 3.19 2.86 2.49 2.31 2.38 2.47 2.44 2.30 2.13 1.99 1.95 1.99 2.04 2.06 2.07 2.10 2.08 1.99 1.96 1.94 1.87 1.68 1.41 1.14 0.98 1.09 1.32 1.45 1.59 1.88 2.29 2.39 2.30
2.57 2.59 2.60 2.56 2.44 2.22 1.97 1.82 1.76 1.75 1.80 1.87 1.95 2.05 2.18 2.29 2.34 2.32 2.33 2.41 2.50 2.58 2.59 2.54 2.46 2.45 2.56 2.71 2.84 2.90 2.92 2.92 2.89 2.78 2.54 2.46 2.57 2.73 2.86 2.92 2.95 2.99 3.04 3.07 3.11 3.26 3.42 3.54 3.65 3.70 3.57 3.40 3.26 3.12 2.94 2.80 2.68 2.55 2.42 2.30 2.22 2.18 2.17 2.18 2.16 2.13 2.12 2.08 2.01 2.00 2.02 1.94 1.66 1.23 0.76 0.50 0.49 0.59 0.72 0.84 1.00 1.29 1.54 1.62
2.57 2.58 2.54 2.41 2.18 1.91 1.70 1.64 1.68 1.74 1.87 2.04 2.19 2.31 2.43 2.57 2.69 2.82 2.95 3.04 3.05 2.99 2.87 2.73 2.61 2.53 2.54 2.57 2.56 2.55 2.49 2.43 2.38 2.32 2.29 2.39 2.54 2.72 2.87 2.95 2.97 2.96 2.91 2.85 2.88 3.01 3.22 3.42 3.61 3.75 3.72 3.64 3.61 3.56 3.40 3.12 2.85 2.66 2.55 2.51 2.49 2.47 2.40 2.35 2.28 2.17 2.08 2.05 2.07 2.18 2.24 2.18 1.96 1.52 0.88 0.39 0.26 0.25 0.30 0.39 0.52 0.62 0.85 1.09
2.57 2.57 2.50 2.36 2.19 2.03 1.91 1.89 1.92 1.98 2.09 2.25 2.41 2.54 2.67 2.81 2.97 3.13 3.22 3.21 3.08 2.90 2.75 2.71 2.73 2.70 2.59 2.42 2.22 2.09 2.00 1.96 1.98 2.03 2.19 2.38 2.56 2.70 2.81 2.87 2.88 2.83 2.73 2.64 2.62 2.73 2.86 3.02 3.20 3.32 3.40 3.48 3.51 3.44 3.26 3.06 2.86 2.70 2.58 2.52 2.51 2.54 2.50 2.48 2.45 2.37 2.29 2.24 2.26 2.34 2.39 2.43 2.44 2.24 1.60 0.89 0.41 0.23 0.21 0.31 0.45 0.52 0.68 0.95
2.55 2.54 2.47 2.40 2.35 2.30 2.27 2.28 2.33 2.35 2.37 2.45 2.58 2.74 2.91 3.05 3.16 3.19 3.09 2.89 2.68 2.54 2.51 2.59 2.70 2.80 2.78 2.69 2.57 2.47 2.38 2.31 2.25 2.24 2.30 2.42 2.55 2.65 2.71 2.74 2.70 2.62 2.53 2.47 2.43 2.47 2.51 2.52 2.51 2.47 2.49 2.66 2.83 2.88 2.83 2.79 2.74 2.66 2.59 2.55 2.55 2.58 2.55 2.52 2.51 2.48 2.45 2.42 2.35 2.32 2.35 2.49 2.78 2.88 2.54 1.81 1.14 0.66 0.62 0.69 0.75 0.83 1.03 1.38
2.51 2.47 2.41 2.41 2.44 2.49 2.53 2.59 2.67 2.72 2.71 2.72 2.81 2.97 3.11 3.17 3.13 2.97 2.74 2.54 2.43 2.38 2.40 2.48 2.60 2.81 2.97 3.09 3.13 3.09 2.99 2.84 2.69 2.56 2.48 2.48 2.54 2.59 2.61 2.58 2.48 2.38 2.35 2.37 2.38 2.41 2.37 2.25 2.08 1.92 1.83 1.86 1.92 2.09 2.32 2.53 2.66 2.68 2.64 2.61 2.62 2.63 2.55 2.48 2.42 2.37 2.33 2.28 2.19 2.15 2.18 2.39 2.87 3.27 3.30 2.97 2.40 1.83 1.69 1.64 1.64 1.69 1.88 2.10
2.49 2.45 2.40 2.43 2.56 2.71 2.84 2.93 2.99 3.03 3.03 3.00 3.03 3.11 3.13 3.04 2.87 2.65 2.47 2.39 2.43 2.48 2.52 2.55 2.62 2.79 2.93 3.03 3.11 3.14 3.10 3.00 2.86 2.71 2.57 2.51 2.51 2.48 2.41 2.34 2.29 2.33 2.38 2.44 2.48 2.53 2.51 2.41 2.29 2.16 1.98 1.84 1.79 1.95 2.24 2.51 2.66 2.74 2.75 2.74 2.70 2.67 2.57 2.48 2.39 2.27 2.15 2.08 2.06 2.09 2.16 2.37 2.81 3.29 3.63 3.70 3.54 3.22 3.01 2.88 2.82 2.78 2.75 2.65
2.50 2.46 2.42 2.47 2.63 2.82 2.97 3.05 3.08 3.10 3.11 3.10 3.08 3.04 2.92 2.73 2.54 2.38 2.27 2.27 2.41 2.54 2.60 2.61 2.64 2.71 2.69 2.61 2.61 2.68 2.76 2.84 2.86 2.77 2.62 2.50 2.42 2.30 2.21 2.19 2.31 2.50 2.58 2.61 2.61 2.65 2.68 2.68 2.66 2.66 2.58 2.48 2.40 2.41 2.51 2.58 2.65 2.75 2.84 2.87 2.83 2.78 2.68 2.60 2.49 2.35 2.22 2.21 2.25 2.28 2.30 2.41 2.68 3.03 3.45 3.82 3.97 3.94 3.83 3.67 3.46 3.25 3.00 2.67
2.49 2.46 2.41 2.44 2.53 2.65 2.72 2.76 2.78 2.81 2.86 2.90 2.89 2.78 2.61 2.42 2.26 2.16 2.15 2.21 2.34 2.44 2.49 2.48 2.43 2.39 2.30 2.19 2.10 2.10 2.25 2.46 2.63 2.65 2.59 2.48 2.36 2.27 2.27 2.39 2.57 2.66 2.68 2.67 2.68 2.70 2.72 2.72 2.75 2.82 2.88 2.90 2.86 2.74 2.59 2.51 2.56 2.69 2.82 2.90 2.93 2.91 2.84 2.78 2.70 2.58 2.48 2.48 2.49 2.42 2.36 2.39 2.52 2.76 3.14 3.52 3.76 3.86 3.88 3.81 3.57 3.23 2.84 2.42
2.48 2.45 2.41 2.41 2.41 2.38 2.35 2.33 2.37 2.45 2.54 2.60 2.57 2.43 2.23 2.09 2.09 2.18 2.34 2.46 2.48 2.47 2.45 2.39 2.26 2.04 1.81 1.67 1.58 1.55 1.64 1.80 1.98 2.16 2.27 2.31 2.33 2.39 2.50 2.62 2.67 2.66 2.62 2.62 2.67 2.69 2.67 2.61 2.57 2.58 2.64 2.74 2.79 2.70 2.51 2.42 2.48 2.61 2.75 2.87 2.95 3.00 2.98 2.95 2.90 2.78 2.62 2.48 2.38 2.27 2.25 2.29 2.39 2.60 2.90 3.16 3.29 3.34 3.44 3.57 3.54 3.33 3.03 2.77
2.54 2.55 2.56 2.51 2.41 2.29 2.21 2.18 2.22 2.31 2.38 2.35 2.21 2.00 1.82 1.83 2.07 2.40 2.63 2.72 2.72 2.67 2.61 2.51 2.37 2.15 1.83 1.52 1.34 1.25 1.21 1.26 1.41 1.60 1.82 2.05 2.26 2.41 2.49 2.50 2.46 2.46 2.47 2.50 2.57 2.63 2.60 2.46 2.29 2.19 2.20 2.25 2.33 2.42 2.41 2.37 2.40 2.49 2.60 2.73 2.85 2.96 2.99 2.99 2.96 2.85 2.64 2.40 2.21 2.11 2.12 2.19 2.29 2.44 2.64 2.91 3.00 2.96 2.95 3.09 3.29 3.40 3.42 3.41
2.63 2.69 2.73 2.65 2.53 2.40 2.30 2.27 2.26 2.23 2.13 1.95 1.73 1.56 1.49 1.56 1.84 2.23 2.50 2.67 2.75 2.77 2.75 2.72 2.68 2.58 2.38 2.04 1.73 1.59 1.54 1.52 1.58 1.70 1.86 2.07 2.25 2.34 2.33 2.29 2.24 2.25 2.34 2.41 2.50 2.57 2.54 2.39 2.18 2.02 1.94 1.84 1.77 1.82 1.94 2.07 2.19 2.29 2.40 2.53 2.66 2.76 2.83 2.85 2.87 2.87 2.73 2.50 2.28 2.13 2.09 2.11 2.19 2.32 2.53 2.80 2.92 2.85 2.68 2.62 2.75 2.95 3.15 3.31
2.62 2.67 2.71 2.65 2.57 2.46 2.37 2.29 2.18 2.00 1.74 1.52 1.45 1.46 1.48 1.48 1.58 1.77 2.02 2.27 2.44 2.55 2.66 2.78 2.48 2.94 2.93 2.84 2.65 2.50 2.42 2.38 2.33 2.27 2.25 2.29 2.31 2.31 2.27 2.24 2.22 2.23 2.32 2.39 2.48 2.57 2.57 2.49 2.34 2.13 1.89 1.59 1.30 1.25 1.46 1.75 1.98 2.14 2.25 2.36 2.46 2.51 2.57 2.66 2.75 2.85 2.87 2.71 2.47 2.24 2.13 2.12 2.15 2.25 2.42 2.64 2.83 2.82 2.63 2.43 2.29 2.24 2.31 2.47
2.53 2.52 2.54 2.53 2.48 2.39 2.28 2.13 1.97 1.81 1.68 1.61 1.66 1.81 1.98 2.07 1.99 1.90 1.90 1.95 2.06 2.22 2.45 2.68 2.84 2.98 3.12 3.24 3.29 3.26 3.17 3.07 2.93 2.73 2.54 2.43 2.36 2.30 2.25 2.23 2.27 2.33 2.41 2.44 2.48 2.55 2.62 2.64 2.55 2.30 1.94 1.53 1.23 1.24 1.49 1.72 1.90 2.02 2.12 2.20 2.22 2.24 2.37 2.56 2.71 2.82 2.92 2.93 2.77 2.52 2.34 2.27 2.24 2.23 2.25 2.41 2.67 2.76 2.64 2.43 2.20 2.01 1.95 2.02
2.48 2.44 2.43 2.44 2.42 2.36 2.27 2.13 2.00 1.97 2.04 2.15 2.28 2.47 2.70 2.88 2.95 2.78 2.49 2.32 2.29 2.37 2.55 2.72 2.81 2.88 2.97 3.08 3.20 3.30 3.32 3.26 3.16 2.99 2.78 2.61 2.47 2.37 2.28 2.26 2.35 2.48 2.56 2.52 2.47 2.51 2.62 2.72 2.71 2.56 2.29 1.97 1.69 1.65 1.70 1.71 1.75 1.85 1.94 1.99 2.00 2.06 2.25 2.47 2.63 2.72 2.82 2.94 2.95 2.83 2.63 2.49 2.38 2.29 2.24 2.31 2.53 2.71 2.69 2.58 2.48 2.41 2.37 2.32
2.49 2.45 2.42 2.44 2.47 2.50 2.51 2.48 2.44 2.47 2.61 2.80 3.00 3.18 3.33 3.45 3.55 3.51 3.34 3.17 3.04 2.97 2.95 2.94 2.92 2.88 2.87 2.85 2.83 2.86 2.95 3.00 3.00 2.95 2.88 2.79 2.69 2.55 2.45 2.42 2.48 2.52 2.50 2.45 2.41 2.44 2.57 2.76 2.91 2.96 2.86 2.63 2.34 2.09 1.85 1.67 1.69 1.81 1.89 1.92 1.94 2.04 2.17 2.33 2.46 2.54 2.61 2.76 2.89 2.90 2.79 2.66 2.52 2.41 2.35 2.37 2.52 2.71 2.77 2.75 2.74 2.76 2.76 2.71
2.53 2.51 2.49 2.51 2.56 2.63 2.71 2.78 2.87 2.97 3.12 3.29 3.44 3.51 3.52 3.49 3.45 3.50 3.54 3.49 3.41 3.31 3.21 3.08 2.96 2.90 2.90 2.87 2.78 2.67 2.61 2.62 2.64 2.66 2.70 2.75 2.74 2.67 2.58 2.50 2.42 2.31 2.20 2.22 2.34 2.44 2.59 2.80 3.03 3.23 3.28 3.14 2.87 2.57 2.27 2.04 2.00 2.04 2.06 2.06 2.06 2.09 2.14 2.23 2.36 2.43 2.47 2.58 2.71 2.79 2.81 2.74 2.63 2.52 2.47 2.46 2.54 2.69 2.79 2.78 2.76 2.75 2.76 2.76
2.58 2.60 2.60 2.59 2.62 2.67 2.74 2.86 3.03 3.21 3.35 3.41 3.39 3.30 3.19 3.07 2.97 3.00 3.06 3.13 3.15 3.15 3.12 3.03 2.95 2.91 2.89 2.90 2.90 2.85 2.75 2.67 2.68 2.69 2.68 2.67 2.65 2.62 2.56 2.44 2.29 2.16 2.14 2.26 2.44 2.57 2.70 2.84 3.03 3.24 3.38 3.39 3.28 3.12 2.95 2.73 2.57 2.45 2.34 2.24 2.18 2.15 2.17 2.23 2.32 2.38 2.41 2.47 2.59 2.71 2.78 2.76 2.67 2.59 2.54 2.53 2.57 2.67 2.78 2.77 2.73 2.73 2.73 2.72
2.59 2.61 2.62 2.62 2.66 2.72 2.82 2.94 3.10 3.22 3.25 3.19 3.05 2.89 2.76 2.68 2.62 2.60 2.60 2.65 2.72 2.77 2.84 2.91 2.95 2.92 2.85 2.80 2.80 2.88 2.94 2.98 3.00 2.97 2.87 2.73 2.61 2.57 2.53 2.46 2.39 2.38 2.42 2.52 2.64 2.75 2.82 2.87 2.96 3.10 3.26 3.39 3.45 3.48 3.45 3.30 3.06 2.83 2.59 2.40 2.30 2.26 2.25 2.24 2.24 2.30 2.39 2.47 2.57 2.66 2.71 2.71 2.67 2.62 2.56 2.53 2.55 2.65 2.77 2.79 2.76 2.78 2.80 2.79
2.54 2.53 2.54 2.60 2.67 2.80 2.94 3.04 3.10 3.08 2.98 2.85 2.73 2.64 2.56 2.48 2.39 2.32 2.33 2.40 2.47 2.54 2.63 2.73 2.83 2.91 2.88 2.78 2.70 2.72 2.78 2.83 2.87 2.90 2.87 2.78 2.66 2.59 2.58 2.59 2.59 2.60 2.62 2.68 2.76 2.84 2.88 2.85 2.85 2.95 3.07 3.19 3.28 3.36 3.44 3.42 3.25 3.01 2.75 2.56 2.43 2.34 2.26 2.20 2.18 2.26 2.41 2.52 2.58 2.60 2.61 2.62 2.62 2.59 2.53 2.48 2.46 2.53 2.66 2.72 2.72 2.74 2.76 2.77
2.49 2.46 2.47 2.53 2.63 2.77 2.90 2.94 2.90 2.77 2.61 2.47 2.37 2.31 2.25 2.19 2.16 2.17 2.21 2.30 2.42 2.52 2.55 2.57 2.72 2.91 3.00 2.96 2.84 2.70 2.57 2.44 2.37 2.45 2.60 2.67 2.65 2.60 2.59 2.62 2.64 2.66 2.68 2.73 2.77 2.82 2.83 2.79 2.77 2.84 2.92 2.95 2.94 2.95 2.95 3.01 3.00 2.89 2.77 2.65 2.52 2.37 2.25 2.19 2.22 2.32 2.45 2.54 2.57 2.53 2.50 2.51 2.51 2.51 2.50 2.45 2.41 2.41 2.49 2.56 2.56 2.54 2.51 2.50
