project/data/elevation/US_DEM2016/US_DEM2016_point_10-28-2019_0038_30m_ang.asc
ncols	125
nrows	167
xllcorner	-2042055.000000
yllcorner	1465035.000000
cellsize	30.000000
NODATA_value	-9999.000000
[rows 58 to 115 of 167, columns 0 to 95 of 125]
11 11 11 13 15 15 13 11 10 8 7 11 15 18 19 19 18 17 15 14 12 12 13 13 14 14 15 16 14 11 8 7 6 6 5 4 6 10 12 14 15 16 15 13 12 11 13 13 11 11 19 26 28 25 21 18 17 18 20 20 20 20 22 27 31 32 31 28 23 18 16 17 21 25 25 20 15 11 6 1 358 357 359 2 4 4 4 3 2 3 3 3 2 0 1 6
8 9 11 13 15 16 16 15 14 11 16 8 11 14 13 13 13 12 11 11 11 10 10 10 12 14 15 16 15 12 10 9 9 8 6 4 5 7 10 12 14 16 18 20 18 15 15 15 12 9 13 23 27 24 20 17 17 19 18 17 16 15 16 21 27 29 28 24 19 16 16 19 23 22 18 12 7 3 359 358 358 0 3 5 6 5 5 3 1 1 0 359 358 360 5 15
7 8 11 12 14 16 19 20 19 15 9 6 8 9 9 10 11 11 10 11 11 10 9 10 12 15 16 16 16 15 14 12 9 6 3 2 3 6 7 10 14 18 24 27 25 19 17 15 11 6 7 14 19 18 15 14 15 17 17 16 14 11 11 16 23 26 26 22 18 16 17 18 18 14 10 6 3 1 0 0 3 6 7 8 358 6 5 2 359 359 358 356 357 2 10 18
6 8 12 13 14 16 21 24 24 20 14 9 9 9 9 10 13 16 17 16 14 12 11 13 16 17 18 18 17 16 15 14 10 5 0 358 1 4 7 10 15 21 28 30 27 20 15 11 7 3 3 5 9 10 9 9 12 14 14 13 10 7 7 11 19 24 25 23 18 15 15 13 10 8 7 5 4 4 5 7 9 11 11 10 9 7 6 2 358 357 356 355 356 3 10 13
9 11 13 14 15 17 21 26 28 26 21 19 18 17 16 16 21 28 32 30 24 19 18 20 21 20 19 19 16 14 14 15 13 9 2 358 360 5 9 12 17 23 28 28 25 17 12 8 5 2 1 3 5 6 6 6 9 11 11 8 6 4 6 10 18 24 26 24 20 16 14 11 9 8 8 8 8 9 12 14 15 16 15 8 11 10 7 2 356 355 355 354 357 2 5 6
13 13 13 13 14 16 20 26 29 29 28 28 29 29 27 25 31 31 33 32 30 29 26 22 19 18 18 18 15 10 10 13 14 13 8 3 3 7 12 16 19 21 24 25 22 16 13 10 7 5 3 5 6 6 5 5 6 7 6 4 3 5 9 14 20 24 26 26 23 19 15 12 10 11 13 14 14 15 18 21 22 21 21 18 5 357 9 2 356 353 353 353 357 359 359 0
16 15 13 12 13 16 20 26 28 29 30 31 31 31 29 24 24 19 23 26 28 29 25 16 11 12 15 17 14 9 6 8 12 14 12 9 8 11 14 16 17 18 21 22 21 17 15 13 11 9 8 7 7 6 4 3 4 3 2 2 4 9 14 18 21 24 27 28 26 22 19 17 15 15 18 21 22 21 23 27 29 28 26 25 21 358 10 2 356 352 352 353 356 356 354 356
16 15 13 12 12 15 20 24 25 26 27 28 28 29 27 23 14 9 14 21 25 26 22 12 5 6 11 14 13 10 6 4 6 10 11 9 9 11 12 12 13 15 19 22 22 18 16 15 15 14 12 8 6 5 3 3 2 1 1 4 8 13 18 20 22 26 30 30 27 24 22 22 21 21 23 27 29 28 29 34 37 36 35 33 28 19 8 1 356 353 351 352 354 354 352 352
15 14 13 13 14 16 19 20 20 21 22 23 26 27 27 25 17 8 6 14 20 22 20 14 5 3 7 10 12 11 8 5 3 3 3 3 4 7 8 10 12 15 20 24 23 19 16 16 17 17 15 11 7 4 2 1 1 359 2 7 13 17 20 22 25 28 31 31 28 26 26 26 27 27 28 33 37 38 38 43 47 48 46 41 32 18 4 356 353 352 352 353 354 355 352 352
13 14 14 14 15 17 17 15 20 15 17 19 23 25 26 25 21 12 4 6 13 17 18 15 8 3 4 8 11 12 10 8 4 1 358 357 359 3 7 10 13 17 23 26 25 20 17 17 17 17 17 14 9 2 360 359 359 0 5 12 17 19 21 23 25 28 32 33 30 30 30 29 31 33 34 39 44 47 44 52 56 39 48 40 28 13 358 351 349 349 351 354 356 358 357 355
12 13 14 15 16 17 16 12 11 11 13 16 20 22 23 24 23 18 7 3 7 13 16 15 10 5 4 7 10 12 12 10 7 3 359 356 357 3 8 11 15 19 25 29 28 22 18 17 17 17 17 16 10 2 357 356 359 5 12 17 19 20 21 21 24 30 37 40 37 36 37 37 38 40 42 44 50 52 53 52 52 47 38 29 18 6 356 349 345 345 347 353 358 1 1 359
11 12 15 17 17 17 16 14 13 13 13 13 16 18 20 21 23 21 13 5 4 9 12 13 11 9 8 9 10 11 11 11 10 7 3 358 357 2 7 10 14 20 26 30 29 23 18 17 18 17 16 13 7 358 355 355 3 13 19 22 23 22 21 22 27 36 44 46 45 45 46 46 46 48 49 49 50 51 48 43 39 32 24 17 10 2 355 349 344 342 346 352 359 3 5 3
10 12 15 17 18 17 17 18 20 20 17 13 12 14 16 18 20 21 18 9 5 7 9 11 12 12 12 12 12 11 10 9 10 9 5 360 357 1 5 9 13 20 26 30 29 25 21 20 19 15 10 6 2 358 358 0 11 21 25 26 28 27 26 28 33 39 43 44 42 40 39 39 40 44 48 46 43 40 36 32 27 20 14 8 3 358 355 351 347 346 349 355 0 5 8 8
11 12 15 17 18 17 17 20 23 24 22 17 11 10 12 15 18 20 19 13 7 6 7 9 12 14 16 16 15 12 8 6 5 5 4 360 357 359 3 8 13 20 27 31 32 29 23 19 14 9 6 3 2 0 2 5 14 20 23 25 27 26 26 27 27 29 33 35 34 32 29 30 32 36 38 36 33 29 26 21 16 11 6 2 359 358 357 357 356 354 356 359 3 7 11 14
11 12 15 17 18 17 16 18 21 23 22 19 12 8 8 11 14 16 17 13 7 5 6 9 12 16 18 18 16 13 9 5 3 3 1 358 356 357 2 8 15 22 28 33 33 28 20 13 9 6 6 6 5 3 2 5 10 14 17 19 20 19 18 17 16 19 25 31 33 31 30 31 33 33 31 28 24 21 16 11 6 3 2 0 359 359 1 4 5 4 3 4 7 10 15 17
11 12 14 16 17 15 15 15 17 18 18 17 13 10 8 8 8 11 13 12 8 5 7 11 14 16 18 19 17 14 11 8 5 4 1 359 356 357 3 9 15 20 26 31 31 25 17 12 9 8 9 11 10 5 2 3 6 10 13 15 15 14 12 12 13 17 25 33 37 37 37 36 35 30 25 20 16 12 7 2 359 359 1 2 4 4 7 10 13 13 11 10 11 14 17 18
11 11 13 14 15 15 14 13 12 12 12 13 13 11 9 6 4 4 7 9 9 8 10 14 17 17 17 19 19 17 14 11 8 6 4 0 356 357 3 9 13 17 24 29 29 25 18 15 14 13 12 13 12 7 3 2 4 7 10 12 12 12 11 13 18 24 31 38 42 43 41 37 32 26 19 13 9 5 0 358 357 359 1 6 11 13 12 12 15 17 17 15 14 16 18 17
10 10 12 13 13 14 14 10 7 6 7 10 12 11 9 5 2 1 3 7 10 11 14 18 20 18 16 18 21 21 18 14 11 9 6 1 357 358 2 7 12 17 23 29 31 29 22 18 17 15 12 11 11 8 4 2 4 6 9 11 11 12 15 21 29 34 37 40 43 42 39 33 26 19 12 6 2 0 359 358 359 0 3 9 16 19 17 13 14 18 19 18 17 18 17 16
7 9 11 11 11 11 10 6 4 4 7 11 12 11 7 4 1 360 2 7 11 14 18 21 23 20 16 16 20 22 20 17 14 10 6 1 357 358 3 9 13 17 22 30 33 31 25 19 16 14 11 9 8 6 2 1 3 5 8 10 11 15 22 31 36 36 35 36 38 37 32 25 18 12 6 1 359 360 2 5 6 5 5 7 15 20 20 17 14 15 17 17 17 17 16 15
3 6 11 10 8 7 6 6 6 8 11 13 11 9 5 2 1 1 3 7 12 16 20 23 25 23 17 14 17 21 21 19 16 11 7 3 1 1 5 10 13 15 21 30 35 34 28 22 17 15 12 10 7 2 358 359 2 5 6 9 14 20 27 31 32 30 29 29 28 26 23 17 10 6 4 2 0 2 7 12 13 11 9 6 7 12 17 18 16 15 16 16 15 15 15 14
357 4 12 11 6 4 7 10 15 14 13 11 9 5 2 1 1 2 5 8 12 17 21 25 27 27 21 14 14 19 21 21 18 14 10 8 6 5 7 10 13 17 24 33 40 40 34 27 22 17 13 9 3 357 354 355 360 3 6 11 18 24 25 25 24 23 22 20 17 17 16 12 7 5 5 5 5 8 12 16 17 16 14 10 6 5 9 14 17 17 15 14 13 14 14 13
354 2 12 12 7 6 9 13 13 12 10 8 5 2 1 1 2 4 6 9 14 18 22 26 30 31 26 16 13 17 20 21 20 18 15 12 10 9 10 13 18 22 28 36 42 43 39 29 20 13 7 2 359 355 352 353 358 4 9 17 24 25 22 20 18 16 13 11 11 12 13 11 8 7 9 11 13 13 15 16 18 19 18 16 11 7 6 8 13 15 14 11 11 12 11 10
356 3 10 10 7 7 9 10 10 9 7 4 2 0 1 3 5 6 9 11 15 19 23 28 33 34 31 21 14 17 19 20 21 21 19 16 12 12 13 16 20 22 25 31 37 39 35 24 13 6 2 359 358 356 354 353 359 8 15 20 23 22 18 15 12 8 7 8 10 13 14 14 11 9 12 16 18 17 16 14 16 19 21 21 17 12 8 7 8 10 10 9 8 9 8 6
2 3 5 5 6 6 7 7 7 6 3 1 360 1 3 6 9 9 11 14 18 21 24 29 34 37 36 28 19 19 19 17 18 20 20 17 13 11 12 15 17 18 19 24 30 32 29 21 11 5 2 360 359 357 355 354 4 6 12 15 16 15 13 9 6 3 4 8 13 15 17 18 15 11 12 17 20 19 18 14 11 15 22 24 22 17 11 8 6 6 7 7 5 4 3 2
6 4 1 2 4 5 6 5 4 2 0 359 0 3 6 10 13 14 14 16 20 23 26 30 35 38 39 34 26 22 19 12 8 12 17 14 10 9 10 11 13 14 16 20 26 29 28 22 13 7 4 1 358 356 355 354 1 3 8 11 12 11 9 6 3 2 6 10 14 17 19 21 18 12 11 15 19 20 20 17 12 10 19 25 25 22 16 10 5 4 5 5 2 0 1 2
6 3 1 2 3 4 4 3 2 360 359 360 3 6 9 12 16 18 17 18 22 25 28 32 36 38 38 34 26 19 15 9 2 1 6 8 7 6 7 8 10 12 15 19 25 28 28 24 16 9 4 1 358 357 356 354 360 0 4 8 9 9 8 6 4 4 7 10 13 17 21 24 22 15 11 13 18 21 21 21 17 11 13 23 27 25 20 13 6 4 4 4 1 359 2 8
4 3 2 2 2 2 2 1 360 359 359 1 5 8 11 14 18 22 22 22 25 28 30 32 34 35 35 30 23 16 13 10 5 0 359 1 3 4 4 5 9 13 17 20 24 28 28 24 17 10 5 2 1 359 356 354 354 356 1 4 6 7 8 8 7 5 5 7 11 17 24 28 27 20 12 11 17 21 22 23 22 17 12 18 26 27 23 17 10 6 6 6 4 4 10 19
3 2 0 1 1 1 360 360 359 359 0 3 7 10 13 17 22 27 28 28 28 28 27 28 28 29 29 26 20 16 14 13 10 4 359 356 357 360 2 6 11 14 16 18 22 26 26 23 17 13 9 6 4 1 357 354 352 354 358 1 4 7 9 11 11 6 2 4 11 18 26 31 31 23 15 12 16 21 23 25 25 21 15 13 22 26 24 20 15 11 10 10 9 11 15 20
2 0 358 358 359 359 360 0 360 360 2 6 9 12 16 21 28 33 34 31 27 24 22 22 22 23 24 24 20 17 16 17 15 9 1 354 352 356 4 10 13 14 15 18 22 25 25 23 19 16 13 11 8 4 360 354 358 352 358 0 4 8 11 13 13 9 2 3 10 18 26 30 29 24 17 15 16 20 23 17 24 24 19 13 16 22 23 22 19 16 13 13 13 14 15 17
0 359 356 356 357 360 1 1 0 0 3 7 11 15 20 26 32 34 32 28 23 20 19 18 19 21 23 24 22 18 16 17 17 14 6 357 350 356 6 12 14 16 18 20 23 26 27 25 21 19 17 14 12 9 4 357 353 353 357 1 5 9 11 14 15 11 3 2 9 17 23 27 27 24 19 17 16 16 17 16 17 19 18 13 11 16 20 21 19 16 15 15 14 14 14 14
359 358 356 355 358 1 2 1 1 1 4 9 14 19 24 27 28 27 25 23 21 19 16 16 18 20 24 26 24 19 15 14 16 16 12 4 358 358 6 13 16 18 20 21 25 29 31 29 25 21 19 17 14 11 6 360 355 354 357 1 4 7 11 14 16 13 5 2 7 15 20 24 26 24 21 19 17 16 15 14 13 13 13 11 9 11 13 14 13 13 13 14 14 13 13 12
357 357 356 356 359 1 0 360 1 4 7 12 19 25 26 24 22 22 22 21 20 18 16 16 19 23 26 27 24 20 15 11 13 17 16 10 4 2 6 13 16 18 18 21 25 31 34 32 27 22 19 15 11 7 3 358 355 353 355 359 2 6 11 16 18 15 7 2 5 12 19 24 25 23 20 20 19 18 17 16 15 13 12 11 11 10 9 7 7 10 12 12 12 12 10 7
357 357 356 357 358 359 359 360 3 8 13 19 27 32 29 25 23 23 22 20 20 19 18 19 23 27 28 27 24 20 16 12 10 15 17 14 8 5 8 12 15 16 17 20 25 30 32 30 24 18 13 8 3 0 358 356 354 352 354 358 2 7 13 18 20 17 9 2 3 11 20 26 26 22 19 19 21 21 20 20 18 16 14 14 14 12 10 7 6 9 10 9 7 7 6 4
357 356 355 355 356 357 358 2 8 15 22 29 34 36 34 32 30 27 24 21 20 21 22 23 25 28 28 28 25 21 17 12 7 9 15 15 12 8 9 11 13 15 16 18 22 26 28 25 20 14 9 3 360 359 360 358 356 353 353 358 3 8 15 20 22 20 10 1 1 9 21 29 30 23 16 16 22 24 23 22 22 20 18 17 17 15 13 11 10 11 10 6 3 3 4 7
357 356 354 354 354 356 0 7 15 23 29 32 33 34 33 33 31 27 24 22 22 23 24 23 24 25 27 27 24 19 14 9 4 2 8 14 14 11 10 11 12 13 14 15 19 23 25 23 19 14 10 6 2 2 3 2 358 355 355 360 5 10 16 22 24 21 11 1 360 7 21 30 32 26 15 13 21 26 25 23 25 25 23 21 20 19 18 17 16 14 11 6 2 2 7 14
357 356 353 352 353 357 4 14 23 29 32 31 30 29 29 28 26 23 20 18 17 18 19 20 21 23 24 22 19 15 11 8 4 2 4 11 13 11 9 10 10 11 11 12 16 22 25 24 19 15 12 10 8 6 4 2 360 358 359 4 9 12 17 22 23 20 12 4 1 6 19 30 33 30 21 16 21 28 29 25 27 29 28 25 23 22 22 21 18 15 12 7 3 4 10 15
358 357 354 352 355 2 12 22 29 32 30 27 26 25 24 22 20 17 14 12 12 12 14 17 20 22 21 18 17 15 13 10 8 6 6 9 9 7 7 7 8 8 9 11 16 22 25 24 20 16 14 13 12 9 6 3 2 1 2 6 10 12 15 19 21 19 13 6 3 5 16 28 34 34 29 26 28 34 35 29 28 32 32 28 24 21 20 18 16 14 12 9 5 6 9 10
359 358 356 357 1 10 19 26 30 29 25 22 21 20 18 16 14 12 10 9 10 12 15 18 21 22 20 18 18 19 17 14 11 8 6 6 4 3 4 5 6 8 10 13 18 22 25 25 22 18 16 15 13 12 10 8 6 4 3 6 9 11 13 17 20 20 14 7 2 3 13 25 34 37 35 32 30 32 34 31 27 29 31 26 18 14 13 13 12 12 11 9 6 5 7 8
359 359 359 2 6 13 19 22 24 22 19 16 15 14 12 10 9 8 8 10 13 16 18 19 20 22 21 19 19 20 19 15 9 5 3 1 360 0 2 4 6 9 13 16 20 24 27 27 24 20 18 17 16 14 14 13 10 7 5 6 9 11 12 15 19 21 16 8 0 360 9 23 33 37 36 32 28 26 27 25 20 19 20 16 9 5 7 9 10 10 9 7 5 5 7 9
0 1 2 4 7 12 15 17 18 17 14 12 10 9 8 7 7 8 11 15 19 22 22 19 19 21 21 18 16 16 15 12 8 4 0 357 356 358 1 4 8 12 16 19 22 26 29 29 26 23 21 20 18 16 16 15 12 8 6 7 9 10 12 15 20 22 18 10 1 358 5 19 30 34 34 31 26 22 20 17 13 10 9 6 2 2 5 8 8 8 8 6 4 4 6 7
2 3 3 4 5 10 12 13 13 13 12 9 6 5 5 6 9 12 17 21 25 26 23 19 18 18 18 16 14 14 14 14 12 7 1 357 354 356 1 6 11 16 19 21 23 26 28 29 27 24 22 19 16 14 13 12 10 8 6 7 9 11 13 17 21 23 20 13 3 357 1 12 23 29 30 28 24 19 15 11 9 6 5 3 2 3 6 7 7 7 7 5 3 2 4 6
4 4 3 1 2 5 7 8 9 10 9 7 5 4 5 8 13 18 22 25 25 23 20 17 16 16 16 15 15 15 16 17 16 11 4 358 354 356 2 9 14 17 18 19 22 24 27 27 25 22 20 17 12 8 6 6 7 6 6 7 9 11 15 18 21 23 21 14 4 357 357 5 15 22 26 26 23 18 13 11 9 8 6 6 6 6 6 6 6 7 7 6 4 2 4 7
6 5 3 359 358 360 2 4 6 7 8 7 6 6 8 13 18 24 27 25 22 20 18 16 16 17 17 16 16 17 19 20 19 15 8 1 356 357 4 10 12 13 15 17 20 23 25 26 23 21 19 17 12 6 3 4 5 4 4 6 9 12 15 17 20 22 21 15 6 359 356 360 8 17 23 25 22 19 16 14 13 12 11 12 11 8 6 5 5 7 7 7 6 5 6 8
8 7 3 358 354 354 358 2 5 7 7 8 9 10 13 18 24 29 29 24 20 18 18 17 19 20 20 19 19 19 20 20 20 17 12 5 359 359 3 6 8 10 13 16 20 23 26 26 23 21 20 19 16 11 6 4 3 1 2 5 8 11 13 16 19 21 20 15 8 1 357 357 4 13 20 23 23 21 20 19 18 17 17 17 14 8 4 4 5 7 8 8 8 8 8 8
10 8 4 359 356 352 356 0 4 6 8 10 13 15 19 24 26 26 23 20 17 17 17 18 22 24 25 24 22 21 20 19 19 17 12 6 0 358 359 2 5 9 13 16 20 24 27 27 24 22 22 21 20 17 11 5 1 358 359 2 6 9 12 15 19 21 21 18 12 4 357 356 1 10 18 23 25 25 23 22 21 20 19 18 13 7 4 4 6 8 8 8 8 9 9 8
9 7 4 1 358 357 357 0 3 5 8 13 19 24 27 26 22 18 16 15 15 15 16 18 22 25 25 25 24 21 18 16 14 12 7 2 357 354 356 1 5 10 14 17 21 25 29 29 27 25 24 23 22 21 15 6 360 356 355 359 3 7 11 15 19 22 23 21 15 6 358 354 358 6 15 24 28 28 25 22 22 21 19 17 14 11 8 7 8 9 9 8 8 8 9 9
6 5 4 4 2 360 359 1 3 6 12 21 29 35 35 27 16 12 12 13 13 14 16 18 20 23 24 23 20 16 13 10 8 6 2 358 354 352 355 1 7 11 15 17 20 25 30 31 29 27 25 24 23 23 16 6 358 353 352 355 359 5 11 15 19 22 24 23 18 9 0 354 355 2 12 22 29 30 26 22 21 21 20 19 17 15 13 12 11 10 8 7 8 8 8 9
1 3 6 7 6 4 2 3 7 13 23 32 37 38 34 25 14 8 9 11 12 14 16 17 18 21 22 21 17 14 12 9 7 6 3 359 356 354 356 2 8 12 14 16 19 25 29 31 30 28 27 26 26 21 12 1 355 351 350 351 356 4 11 15 18 21 23 24 21 13 3 356 354 358 9 21 29 31 29 24 22 22 22 21 20 19 17 15 13 10 8 7 7 7 7 10
360 2 6 8 8 7 8 9 14 22 28 32 31 28 23 17 11 8 8 10 12 13 14 15 17 18 20 19 17 15 13 12 11 9 6 3 359 356 356 2 8 11 13 15 18 24 28 30 30 29 29 29 25 16 5 357 352 349 348 349 354 2 9 14 16 19 22 24 23 17 8 360 357 358 5 19 29 32 31 27 23 22 21 18 16 16 15 14 12 10 7 5 5 6 8 11
2 3 6 8 9 9 11 14 18 21 22 21 19 15 12 10 9 9 10 10 10 10 10 13 15 17 18 19 18 17 17 16 15 13 11 7 3 359 358 1 6 9 12 15 19 23 27 29 30 31 30 27 21 13 5 358 352 348 346 347 353 359 6 12 15 18 21 24 24 20 13 5 1 1 5 16 26 31 32 28 23 20 18 15 12 11 11 11 11 8 6 4 4 6 9 14
6 5 5 7 8 9 11 14 15 14 13 11 9 7 6 7 8 10 10 10 9 8 9 13 15 17 19 21 20 19 20 20 18 16 13 10 6 3 0 1 4 8 13 18 21 23 24 26 27 28 26 23 19 14 7 1 354 347 345 347 351 357 3 11 16 19 21 24 25 23 17 10 6 5 7 13 23 30 31 29 23 18 17 16 13 10 8 9 9 7 5 4 5 8 11 15
7 6 5 5 6 7 9 10 10 8 6 4 3 4 5 7 8 9 10 10 10 10 11 14 16 18 20 22 21 20 21 21 19 17 14 11 8 5 2 2 5 11 16 20 22 21 20 20 22 24 23 22 20 16 11 4 357 350 347 347 350 355 2 10 17 20 22 24 25 24 20 14 9 7 8 12 20 28 31 29 24 20 18 18 16 12 9 8 8 7 5 5 7 10 12 15
6 5 5 4 4 5 6 6 5 3 2 1 1 3 7 9 9 9 10 12 12 12 14 16 18 19 21 22 22 21 20 19 17 15 12 10 8 7 4 5 9 14 17 18 19 18 16 15 17 20 21 22 21 19 14 8 2 356 352 350 350 355 2 9 17 21 23 24 24 23 21 16 12 9 8 12 19 26 30 30 26 21 18 17 17 13 9 9 8 7 5 5 7 10 12 14
4 5 5 4 2 3 3 2 0 359 360 1 3 7 11 13 13 12 13 14 15 14 15 17 19 21 22 23 22 21 20 17 16 15 13 10 8 6 6 8 11 13 14 15 15 16 14 13 14 18 20 22 22 20 16 12 8 3 358 355 353 355 1 8 16 22 23 23 23 22 20 17 14 11 9 12 17 24 29 30 27 21 18 17 16 14 11 10 9 9 7 6 7 10 13 15
3 4 5 2 0 360 360 359 358 359 1 4 7 10 14 17 17 15 15 15 16 15 14 15 18 21 23 23 22 21 20 18 17 16 15 13 9 7 6 7 9 11 12 12 13 14 14 12 13 17 21 23 24 22 19 17 13 9 4 0 357 356 1 9 16 20 22 22 22 21 20 18 15 12 11 13 17 23 29 31 29 23 19 17 16 15 13 11 10 10 9 8 7 10 13 15
5 4 3 1 358 357 357 358 359 1 4 7 11 15 19 21 19 16 14 15 15 14 12 12 15 19 22 23 22 22 22 21 18 16 15 13 10 7 5 6 8 10 12 12 12 14 15 13 13 18 22 25 26 25 22 20 17 13 9 4 0 359 3 9 14 18 20 22 22 21 20 18 16 13 12 14 17 22 29 32 31 25 21 18 17 16 14 12 11 10 10 9 8 10 13 14
6 5 3 0 356 354 356 359 3 7 10 14 18 22 24 22 17 13 11 11 13 14 12 9 11 16 21 24 24 22 22 21 19 15 13 12 10 6 4 5 7 9 11 13 14 15 15 14 13 17 22 25 27 26 24 21 19 14 9 6 3 1 3 8 13 16 19 22 23 22 20 18 16 13 12 14 18 22 28 33 33 29 24 20 17 14 12 10 10 10 10 8 9 10 12 14
7 5 3 1 357 354 356 2 8 13 17 20 22 23 20 15 11 8 7 8 13 17 16 8 7 13 20 25 25 23 22 21 20 17 13 9 5 3 2 3 5 7 11 15 17 17 16 14 13 15 20 24 26 26 25 22 17 12 7 5 3 1 2 7 11 15 19 23 24 22 20 18 16 13 12 14 18 21 27 33 35 30 25 20 15 10 7 8 9 10 9 8 8 9 11 14
