project/data/elevation/US_DEM2016/US_DEM2016_point_10-30-2019_1538_30m_vel.asc
ncols	125
nrows	167
xllcorner	-2042055.000000
yllcorner	1465035.000000
cellsize	30.000000
NODATA_value	-9999.000000
[rows 108 to 143 of 167, columns 0 to 81 of 125]
9.71 9.44 9.06 8.87 8.77 8.74 8.73 8.62 8.51 8.73 9.54 10.68 11.99 13.20 14.02 14.22 14.05 13.60 13.17 12.89 12.78 12.86 12.93 12.46 11.54 10.78 10.51 10.37 10.07 9.79 9.71 9.76 9.83 9.91 9.98 10.01 9.91 9.54 9.11 9.07 9.56 9.94 9.88 9.58 9.50 9.72 9.76 9.52 9.27 9.11 9.14 9.57 10.25 10.65 10.27 9.61 9.54 9.85 9.99 9.89 9.80 9.89 9.96 9.99 10.01 9.84 9.58 9.62 9.81 10.00 10.06 9.94 9.61 9.17 8.76 8.60 8.68 8.68 8.59 8.68 9.05 9.54
9.82 9.68 9.42 9.25 9.24 9.43 9.74 10.11 10.64 11.45 12.50 13.58 14.35 14.63 14.45 13.85 13.22 13.24 13.46 13.53 13.50 13.37 13.02 12.21 11.13 10.47 10.34 10.23 9.76 9.15 8.68 8.49 8.50 8.72 9.02 9.34 9.50 9.39 9.22 9.17 9.12 8.83 8.45 8.54 9.32 10.05 10.29 10.15 10.04 10.25 10.64 11.02 11.28 11.22 10.78 10.36 10.39 10.42 10.27 10.09 9.96 9.81 9.63 9.58 9.57 9.29 9.00 9.08 9.33 9.53 9.63 9.60 9.41 9.12 8.89 8.85 8.83 8.67 8.63 8.82 9.13 9.39
10.00 9.94 9.75 9.63 9.66 9.84 10.23 10.91 11.96 13.06 13.89 14.23 14.07 13.49 12.65 11.70 11.14 11.31 11.59 11.88 12.16 12.28 12.08 11.43 10.57 10.14 10.23 10.25 9.89 9.49 9.18 8.94 8.94 9.06 9.09 9.04 8.98 9.01 8.97 8.71 8.30 8.01 8.15 8.92 10.05 10.79 10.93 10.67 10.50 10.71 11.11 11.46 11.68 11.74 11.76 11.67 11.52 11.14 10.66 10.29 9.94 9.59 9.44 9.47 9.32 8.90 8.70 8.91 9.27 9.46 9.38 9.20 9.09 8.98 8.91 8.92 8.84 8.67 8.70 8.91 9.16 9.35
10.07 9.93 9.77 9.83 10.00 10.29 10.86 11.75 12.77 13.40 13.45 13.01 12.27 11.44 10.64 9.94 9.57 9.64 9.79 10.18 10.78 11.12 11.19 10.76 10.18 9.99 10.08 9.92 9.55 9.56 9.81 10.02 10.11 10.02 9.73 9.31 8.95 8.85 8.76 8.60 8.56 8.82 9.35 10.25 11.13 11.53 11.36 10.87 10.53 10.53 10.82 11.21 11.58 11.84 12.06 12.15 11.88 11.39 10.79 10.25 9.82 9.55 9.44 9.28 8.87 8.54 8.70 9.17 9.57 9.56 9.16 8.87 8.85 8.83 8.78 8.75 8.70 8.65 8.74 9.01 9.34 9.52
9.94 9.72 9.64 9.92 10.26 10.80 11.62 12.42 12.84 12.62 11.96 11.25 10.57 9.97 9.35 8.74 8.41 8.55 8.95 9.49 10.10 10.74 10.86 10.28 9.86 10.07 10.14 9.81 9.42 9.37 9.50 9.63 9.68 9.64 9.52 9.33 9.09 8.94 8.92 9.10 9.44 9.80 10.32 11.20 11.90 11.93 11.37 10.60 10.15 10.10 10.26 10.61 10.88 11.00 11.14 11.26 11.15 10.83 10.44 10.08 9.77 9.50 9.20 8.83 8.51 8.55 9.02 9.55 9.78 9.43 8.84 8.63 8.62 8.58 8.51 8.44 8.35 8.32 8.50 8.96 9.33 9.36
9.80 9.65 9.65 9.93 10.30 10.92 11.71 12.05 11.75 11.00 10.21 9.47 8.87 8.36 7.80 7.44 7.67 8.30 8.89 9.41 10.24 11.05 10.82 9.93 9.92 10.42 10.47 10.20 9.93 9.58 9.19 8.73 8.47 8.53 8.72 8.85 8.91 8.96 9.13 9.45 9.81 10.15 10.74 11.63 12.08 11.76 10.88 10.03 9.67 9.70 9.82 9.99 9.97 9.73 9.46 9.47 9.54 9.61 9.76 9.82 9.68 9.33 8.91 8.61 8.62 8.93 9.41 9.79 9.70 9.10 8.57 8.36 8.26 8.26 8.30 8.24 8.10 7.99 8.21 8.82 9.10 8.81
9.83 9.78 9.81 9.94 10.23 10.73 11.13 10.83 9.94 8.96 8.14 7.40 6.81 6.38 6.34 6.91 8.02 9.12 9.82 10.39 11.09 11.29 10.49 9.81 10.19 10.59 10.48 10.23 10.11 9.93 9.65 9.18 8.69 8.36 8.12 8.03 8.32 8.81 9.21 9.55 9.99 10.47 11.04 11.65 11.68 10.92 9.96 9.35 9.20 9.38 9.67 9.79 9.63 9.11 8.46 7.97 7.87 8.30 8.93 9.32 9.42 9.30 9.14 9.04 9.10 9.35 9.70 9.78 9.42 8.88 8.50 8.26 8.13 8.14 8.18 8.13 8.02 7.93 8.12 8.66 8.68 8.07
10.01 10.01 10.03 10.05 10.18 10.32 10.21 9.53 8.42 7.43 6.73 6.23 5.93 6.06 6.95 8.39 9.80 10.84 11.47 11.75 11.59 10.81 9.59 9.26 9.75 9.91 9.68 9.61 9.77 10.04 10.18 10.06 9.70 9.02 8.25 8.00 8.45 9.09 9.59 10.03 10.48 10.86 11.19 11.37 10.96 10.02 9.15 8.75 8.80 9.24 9.87 10.09 9.88 9.38 8.66 7.92 7.61 7.86 8.33 8.73 9.05 9.28 9.45 9.55 9.65 9.78 9.79 9.54 9.13 8.75 8.49 8.34 8.26 8.19 8.12 8.03 8.00 8.05 8.26 8.55 8.35 7.81
10.19 10.19 10.15 10.10 10.02 9.82 9.40 8.73 8.07 7.68 7.49 7.37 7.61 8.48 9.85 11.28 12.27 12.56 12.42 11.94 11.05 9.97 9.10 8.89 9.03 8.90 8.73 8.90 9.27 9.63 9.87 10.02 10.04 9.84 9.54 9.50 9.68 9.92 10.13 10.39 10.58 10.73 10.92 10.91 10.39 9.56 8.84 8.48 8.72 9.44 10.12 10.35 10.15 9.79 9.43 9.16 8.93 8.79 8.75 8.81 8.98 9.18 9.39 9.59 9.77 9.84 9.66 9.27 8.88 8.54 8.32 8.22 8.19 8.18 8.15 8.11 8.13 8.26 8.45 8.64 8.65 8.45
10.26 10.17 10.05 9.97 9.79 9.45 9.03 8.65 8.50 8.68 9.05 9.67 10.55 11.60 12.56 13.10 13.00 12.34 11.59 10.73 9.92 9.50 9.35 9.22 9.03 8.68 8.35 8.41 8.72 8.90 8.91 9.12 9.54 9.97 10.31 10.49 10.40 10.17 9.98 9.93 9.99 10.22 10.55 10.62 10.19 9.52 8.89 8.58 8.91 9.62 10.07 10.07 9.90 9.80 9.85 10.02 10.17 10.19 9.98 9.62 9.36 9.25 9.26 9.32 9.44 9.43 9.14 8.80 8.61 8.43 8.23 8.09 8.06 8.14 8.24 8.31 8.42 8.55 8.74 9.11 9.52 9.68
10.21 10.04 9.86 9.80 9.63 9.36 9.08 8.89 8.86 9.18 9.99 11.09 12.15 12.83 13.04 12.62 11.54 10.57 10.00 9.34 9.06 9.28 9.56 9.67 9.58 9.13 8.55 8.29 8.48 8.50 8.30 8.32 8.67 9.24 9.70 9.92 9.84 9.63 9.45 9.41 9.59 10.00 10.46 10.49 9.96 9.33 8.92 8.76 9.04 9.46 9.64 9.49 9.28 9.36 9.66 9.95 10.27 10.50 10.47 10.20 9.78 9.41 9.14 8.97 8.83 8.53 8.16 8.24 8.57 8.67 8.52 8.33 8.25 8.29 8.41 8.58 8.76 8.92 9.21 9.73 10.16 10.30
10.09 9.92 9.77 9.73 9.59 9.41 9.23 9.11 9.24 9.78 10.80 11.75 12.25 12.24 11.75 10.84 9.96 9.49 9.03 8.53 8.47 8.73 9.08 9.42 9.50 9.17 8.76 8.64 8.78 8.75 8.51 8.32 8.31 8.46 8.75 8.97 9.11 9.20 9.32 9.47 9.72 10.12 10.45 10.24 9.53 8.99 8.89 8.97 9.16 9.33 9.31 9.15 9.08 9.27 9.55 9.74 9.85 9.88 9.89 9.91 9.76 9.37 8.96 8.59 8.16 7.74 7.74 8.40 9.03 9.15 8.99 8.80 8.65 8.55 8.56 8.70 8.85 9.01 9.36 9.82 10.05 9.94
9.99 9.91 9.84 9.76 9.60 9.47 9.42 9.45 9.79 10.61 11.51 11.90 11.71 11.20 10.51 9.79 9.36 9.00 8.40 7.91 7.83 8.01 8.51 9.04 9.04 8.78 8.78 9.00 9.17 9.11 8.97 8.75 8.48 8.30 8.20 8.28 8.59 9.01 9.38 9.66 9.94 10.24 10.36 9.85 8.97 8.60 8.77 9.00 9.16 9.26 9.26 9.25 9.39 9.59 9.68 9.60 9.41 9.19 9.11 9.17 9.18 9.03 8.76 8.42 8.17 8.22 8.66 9.28 9.56 9.40 9.14 8.97 8.80 8.62 8.51 8.49 8.52 8.72 9.16 9.59 9.69 9.45
10.08 10.09 10.02 9.80 9.61 9.61 9.75 9.99 10.50 11.31 11.79 11.68 11.21 10.74 10.21 9.65 9.13 8.54 8.03 7.91 8.11 8.50 8.99 9.19 8.96 8.73 8.87 9.13 9.26 9.22 9.14 9.07 8.93 8.64 8.25 8.08 8.35 8.83 9.22 9.59 9.95 10.27 10.15 9.26 8.27 8.07 8.40 8.69 8.87 9.04 9.27 9.46 9.57 9.55 9.40 9.20 9.01 8.86 8.75 8.65 8.65 8.71 8.75 8.81 9.04 9.41 9.72 9.87 9.73 9.35 8.99 8.78 8.64 8.53 8.44 8.36 8.41 8.74 9.20 9.46 9.40 9.16
10.23 10.20 10.02 9.75 9.65 9.77 10.07 10.55 11.27 11.71 11.69 11.28 10.87 10.53 10.01 9.32 8.74 8.43 8.52 8.91 9.28 9.47 9.49 9.34 9.06 8.89 8.95 9.12 9.20 9.14 9.07 9.06 9.06 8.90 8.63 8.49 8.63 8.89 9.09 9.44 9.88 10.06 9.43 8.16 7.38 7.47 7.96 8.36 8.58 8.75 8.98 9.12 9.05 8.89 8.71 8.60 8.62 8.72 8.71 8.58 8.57 8.68 8.85 9.09 9.38 9.65 9.81 9.85 9.74 9.42 9.01 8.70 8.52 8.43 8.41 8.48 8.70 8.98 9.05 8.96 8.83 8.72
10.11 9.99 9.76 9.63 9.67 9.88 10.23 10.72 11.27 11.39 11.04 10.59 10.31 9.88 9.11 8.59 8.59 8.91 9.26 9.42 9.30 9.12 9.14 9.33 9.39 9.21 9.03 9.06 9.07 8.96 8.85 8.80 8.74 8.75 8.89 9.07 9.14 9.14 9.13 9.44 9.67 9.22 7.88 6.68 6.50 6.96 7.60 8.18 8.45 8.46 8.49 8.44 8.23 8.05 7.96 7.99 8.21 8.41 8.43 8.44 8.56 8.71 8.80 8.89 9.06 9.34 9.59 9.77 9.77 9.48 9.09 8.77 8.50 8.29 8.22 8.38 8.53 8.47 8.21 8.08 8.25 8.40
9.98 9.91 9.78 9.69 9.75 9.93 10.18 10.45 10.59 10.41 9.99 9.73 9.55 8.91 8.21 8.40 8.86 9.06 8.88 8.44 8.08 8.22 8.83 9.49 9.68 9.45 9.22 9.11 9.00 8.81 8.70 8.64 8.62 8.77 9.02 9.16 9.12 9.04 9.04 9.22 8.95 7.83 6.58 6.16 6.43 6.93 7.50 8.15 8.44 8.49 8.53 8.44 8.14 7.83 7.65 7.74 7.99 8.05 8.05 8.27 8.53 8.70 8.85 9.13 9.53 9.83 9.91 9.85 9.62 9.20 8.87 8.62 8.31 7.99 7.92 8.01 7.97 7.79 7.65 7.79 8.16 8.27
10.24 10.32 10.23 9.95 9.80 9.83 9.95 10.02 9.92 9.65 9.40 9.38 9.11 8.40 8.22 8.56 8.60 8.17 7.56 7.15 7.32 8.13 9.18 9.90 9.91 9.57 9.42 9.34 9.16 8.85 8.63 8.61 8.68 8.74 8.69 8.52 8.43 8.47 8.63 8.62 8.08 7.25 7.03 7.36 7.67 7.80 8.07 8.50 8.77 8.89 8.93 8.84 8.62 8.34 8.13 8.11 8.14 8.13 8.26 8.52 8.66 8.79 9.12 9.73 10.15 10.19 9.94 9.67 9.32 8.90 8.54 8.22 7.88 7.69 7.64 7.60 7.55 7.54 7.68 7.92 8.10 8.03
10.53 10.48 10.21 9.79 9.57 9.58 9.67 9.66 9.52 9.43 9.43 9.33 8.80 8.23 8.07 7.92 7.48 6.99 6.76 6.98 7.74 8.78 9.85 10.32 9.99 9.54 9.46 9.43 9.22 8.89 8.69 8.67 8.65 8.46 8.12 7.92 7.98 8.22 8.40 8.29 8.07 8.17 8.55 8.84 8.97 9.05 9.15 9.26 9.33 9.22 9.00 8.84 8.76 8.71 8.65 8.62 8.58 8.60 8.70 8.77 8.74 8.88 9.25 9.69 9.70 9.41 9.23 9.26 9.22 8.93 8.40 7.85 7.49 7.43 7.37 7.21 7.06 7.05 7.25 7.53 7.80 8.09
10.30 9.90 9.23 9.00 9.06 9.29 9.46 9.45 9.37 9.33 9.23 8.86 8.27 7.79 7.48 7.17 6.93 6.94 7.43 8.35 9.22 9.90 10.44 10.25 9.45 9.11 9.14 9.04 8.86 8.78 8.79 8.78 8.68 8.46 8.24 8.26 8.48 8.65 8.68 8.68 8.88 9.12 9.22 9.28 9.48 9.79 10.03 10.09 9.92 9.56 9.25 9.10 9.03 8.95 8.87 8.87 8.94 8.93 8.82 8.72 8.67 8.81 9.02 9.08 8.84 8.65 8.89 9.33 9.40 8.91 8.15 7.51 7.25 7.20 7.19 7.12 6.99 6.87 6.91 7.18 7.86 8.78
9.61 8.97 8.27 8.29 8.68 9.15 9.39 9.38 9.27 9.11 8.82 8.39 7.95 7.74 7.72 7.79 8.04 8.62 9.53 10.36 10.76 10.78 10.45 9.68 8.94 8.77 8.70 8.49 8.43 8.57 8.72 8.75 8.71 8.71 8.87 9.14 9.30 9.23 9.09 9.09 9.16 9.10 9.12 9.37 9.82 10.31 10.70 10.77 10.52 10.19 9.95 9.79 9.63 9.38 9.11 9.01 9.03 8.92 8.73 8.64 8.56 8.65 8.71 8.61 8.50 8.77 9.35 9.69 9.23 8.23 7.47 7.18 7.09 7.03 7.06 7.26 7.50 7.60 7.57 7.78 8.54 9.44
9.23 8.87 8.44 8.64 9.11 9.45 9.50 9.36 9.19 9.00 8.78 8.50 8.33 8.52 8.99 9.50 10.08 10.66 11.07 11.20 10.97 10.49 9.81 9.17 8.87 8.74 8.48 8.28 8.33 8.50 8.58 8.59 8.67 8.88 9.16 9.31 9.30 9.20 9.08 8.98 8.84 8.79 9.07 9.60 10.22 10.78 11.07 10.95 10.65 10.36 10.09 9.85 9.67 9.49 9.28 9.16 9.04 8.79 8.61 8.54 8.53 8.61 8.62 8.60 8.79 9.32 9.73 9.42 8.29 7.17 6.81 6.84 6.91 6.99 7.10 7.31 7.63 8.03 8.39 8.76 9.28 9.67
9.40 9.44 9.60 9.96 10.19 10.03 9.63 9.34 9.18 9.08 9.02 8.96 9.10 9.57 10.14 10.60 10.92 11.04 10.87 10.36 9.66 9.02 8.68 8.69 8.86 8.81 8.61 8.58 8.70 8.78 8.71 8.68 8.82 9.03 9.07 8.88 8.78 8.83 8.90 8.85 8.77 8.89 9.37 9.97 10.52 10.83 10.73 10.29 9.85 9.56 9.38 9.40 9.51 9.49 9.37 9.29 9.18 8.96 8.68 8.58 8.63 8.72 8.75 8.87 9.26 9.68 9.56 8.61 7.34 6.72 6.64 6.72 6.84 7.11 7.46 7.61 7.66 7.85 8.36 9.04 9.67 10.01
9.64 9.89 10.35 10.67 10.62 10.23 9.71 9.33 9.17 9.16 9.23 9.38 9.70 10.13 10.39 10.39 10.29 10.10 9.60 8.73 7.88 7.53 7.79 8.47 8.93 9.01 9.01 9.12 9.25 9.30 9.31 9.38 9.49 9.48 9.27 9.00 8.89 8.97 9.00 9.04 9.22 9.64 10.10 10.39 10.53 10.38 9.82 9.15 8.74 8.70 8.95 9.40 9.66 9.57 9.40 9.36 9.34 9.22 8.98 8.84 8.82 8.88 8.99 9.19 9.50 9.56 8.96 7.85 7.08 6.82 6.82 6.90 7.06 7.33 7.68 7.91 8.01 8.06 8.36 9.13 10.18 10.94
9.81 10.02 10.37 10.53 10.43 10.21 9.88 9.53 9.35 9.35 9.41 9.55 9.79 9.94 9.81 9.64 9.56 9.18 8.33 7.45 7.05 7.26 8.03 8.88 9.28 9.33 9.37 9.49 9.58 9.69 9.91 10.16 10.27 10.10 9.78 9.52 9.42 9.41 9.28 9.33 9.70 10.14 10.32 10.33 10.20 9.73 8.93 8.27 8.09 8.45 9.16 9.72 9.78 9.53 9.39 9.43 9.47 9.41 9.23 9.03 8.96 9.02 9.16 9.31 9.41 9.13 8.28 7.45 7.11 7.05 7.07 7.15 7.37 7.63 7.75 7.89 8.22 8.68 9.22 10.06 11.20 11.82
10.04 10.24 10.55 10.70 10.63 10.38 10.17 10.03 9.91 9.74 9.54 9.44 9.43 9.36 9.32 9.39 9.27 8.64 7.87 7.60 7.86 8.36 8.97 9.50 9.68 9.63 9.62 9.68 9.76 9.85 10.07 10.34 10.44 10.30 10.09 10.02 10.05 10.01 9.77 9.63 9.82 9.94 9.98 10.05 9.83 9.16 8.43 8.01 8.10 8.77 9.64 10.03 9.88 9.62 9.51 9.55 9.55 9.44 9.20 9.00 8.96 9.02 9.12 9.19 9.17 8.80 8.05 7.51 7.33 7.31 7.34 7.38 7.51 7.72 7.90 8.12 8.51 9.19 10.16 11.20 11.93 11.79
10.53 10.78 11.12 11.12 10.88 10.47 10.29 10.30 10.24 9.89 9.45 9.15 9.03 9.06 9.26 9.35 8.96 8.38 8.24 8.63 9.08 9.35 9.63 9.91 9.99 9.91 9.86 9.85 9.87 9.95 10.09 10.22 10.18 10.14 10.30 10.61 10.80 10.75 10.51 10.10 9.86 9.72 9.82 9.82 9.33 8.64 8.24 8.20 8.59 9.46 10.22 10.36 10.07 9.79 9.65 9.60 9.53 9.33 9.03 8.91 8.92 8.97 9.01 9.02 8.97 8.66 8.16 7.88 7.77 7.72 7.67 7.63 7.62 7.73 8.09 8.64 9.26 10.07 11.16 12.02 12.01 11.09
11.01 11.09 11.13 10.97 10.73 10.39 10.15 10.02 9.86 9.50 9.09 8.85 8.89 9.14 9.27 9.03 8.61 8.51 8.87 9.25 9.40 9.50 9.77 10.08 10.16 10.03 9.89 9.81 9.81 9.95 10.17 10.24 10.18 10.25 10.57 10.89 11.01 10.97 10.89 10.64 10.09 9.69 9.49 9.16 8.55 8.21 8.25 8.49 9.12 10.12 10.75 10.59 10.11 9.80 9.66 9.59 9.46 9.22 8.93 8.89 8.96 9.01 9.01 8.99 8.96 8.76 8.46 8.32 8.27 8.19 8.07 8.01 8.02 8.16 8.52 9.17 10.21 11.50 12.54 12.67 11.85 10.59
11.11 10.76 10.18 9.94 9.93 9.86 9.68 9.51 9.41 9.22 9.09 9.16 9.47 9.70 9.47 8.92 8.58 8.67 8.89 8.99 9.12 9.42 9.87 10.19 10.18 9.93 9.65 9.54 9.61 9.84 10.10 10.29 10.34 10.43 10.50 10.43 10.28 10.23 10.27 10.19 9.73 9.21 8.74 8.29 7.99 8.03 8.28 8.65 9.54 10.68 11.00 10.46 9.87 9.64 9.59 9.53 9.37 9.11 8.88 8.93 9.09 9.16 9.13 9.07 9.01 8.86 8.69 8.64 8.63 8.61 8.64 8.79 8.96 9.24 9.63 10.29 11.38 12.63 13.21 12.67 11.49 10.48
10.72 10.05 8.89 8.38 8.38 8.57 8.84 9.15 9.40 9.59 9.85 10.25 10.60 10.47 9.80 9.08 8.67 8.47 8.31 8.38 8.83 9.47 10.01 10.24 10.12 9.81 9.50 9.35 9.37 9.56 9.73 9.86 9.90 9.96 9.84 9.53 9.19 8.97 8.82 8.69 8.56 8.35 8.07 7.84 7.89 8.11 8.35 8.91 10.15 11.12 10.94 10.09 9.59 9.48 9.48 9.43 9.28 9.07 8.95 9.14 9.34 9.37 9.29 9.16 9.02 8.89 8.82 8.86 8.91 9.02 9.33 9.81 10.36 10.96 11.52 12.04 12.69 13.25 13.03 12.01 11.17 10.77
9.98 9.16 7.88 7.47 7.45 7.69 8.26 8.92 9.47 9.96 10.42 10.79 10.81 10.32 9.60 9.02 8.61 8.27 8.16 8.46 9.02 9.60 10.06 10.22 10.09 9.85 9.59 9.42 9.30 9.29 9.32 9.24 9.12 9.09 9.02 8.70 8.27 7.92 7.62 7.52 7.61 7.72 7.79 7.99 8.39 8.73 9.09 9.92 11.04 11.39 10.74 9.88 9.51 9.40 9.35 9.34 9.32 9.39 9.61 9.86 9.85 9.63 9.38 9.21 9.12 9.04 9.00 9.06 9.20 9.48 10.08 10.87 11.76 12.51 12.98 13.17 13.24 13.13 12.47 11.60 11.33 11.37
9.16 8.52 7.71 7.65 7.85 8.19 8.61 8.97 9.34 9.77 10.16 10.32 10.03 9.43 8.97 8.71 8.49 8.36 8.53 9.02 9.50 9.92 10.22 10.28 10.12 9.94 9.81 9.74 9.67 9.48 9.30 9.07 8.89 8.75 8.50 8.06 7.55 7.20 7.02 7.06 7.26 7.57 8.08 8.78 9.37 9.80 10.37 11.08 11.58 11.33 10.47 9.79 9.48 9.31 9.26 9.36 9.59 9.99 10.40 10.49 10.12 9.61 9.32 9.25 9.30 9.30 9.20 9.25 9.51 10.04 10.83 11.70 12.42 12.79 12.89 12.78 12.56 12.26 11.83 11.49 11.49 11.53
8.98 8.84 8.91 9.24 9.48 9.57 9.42 9.26 9.34 9.53 9.67 9.60 9.20 8.76 8.54 8.46 8.43 8.53 8.90 9.44 9.87 10.28 10.46 10.37 10.14 10.00 9.97 9.98 9.98 9.89 9.57 9.20 8.87 8.54 8.10 7.56 7.08 6.82 6.78 6.93 7.31 7.98 8.91 9.73 10.21 10.55 10.95 11.32 11.39 10.87 10.08 9.53 9.19 9.01 9.09 9.39 9.80 10.15 10.25 9.93 9.45 9.19 9.15 9.22 9.35 9.39 9.33 9.38 9.67 10.32 11.15 11.74 11.90 11.68 11.35 11.12 11.07 11.17 11.22 11.16 11.03 10.94
9.49 9.82 10.51 11.04 11.17 10.87 10.25 9.94 9.87 9.74 9.45 9.05 8.69 8.49 8.42 8.41 8.48 8.75 9.29 9.87 10.30 10.62 10.57 10.28 10.04 9.98 10.02 10.03 10.01 9.95 9.71 9.26 8.77 8.31 7.82 7.35 7.01 6.83 6.82 7.12 7.91 9.06 10.07 10.57 10.70 10.70 10.78 10.92 10.86 10.35 9.66 9.06 8.64 8.58 8.87 9.31 9.65 9.67 9.35 8.87 8.69 8.80 8.98 9.15 9.28 9.31 9.31 9.41 9.64 10.13 10.73 10.84 10.52 10.05 9.66 9.54 9.91 10.53 10.85 10.74 10.50 10.41
9.93 10.35 11.04 11.45 11.50 11.29 11.06 10.84 10.53 10.00 9.39 8.89 8.60 8.51 8.52 8.57 8.78 9.23 9.83 10.29 10.54 10.54 10.24 9.90 9.79 9.90 9.96 9.89 9.78 9.70 9.51 9.13 8.71 8.28 7.83 7.41 7.10 6.97 7.18 7.95 9.27 10.44 10.95 10.93 10.67 10.43 10.44 10.59 10.52 10.04 9.32 8.64 8.26 8.44 8.81 9.13 9.16 8.83 8.37 8.14 8.27 8.58 8.88 9.07 9.15 9.14 9.19 9.37 9.63 9.97 10.15 9.88 9.49 9.23 9.07 9.27 9.98 10.68 10.90 10.69 10.47 10.39
10.11 10.41 10.82 10.92 10.80 10.69 10.85 10.81 10.44 9.88 9.36 9.02 8.83 8.76 8.80 8.96 9.32 9.81 10.24 10.38 10.24 9.93 9.64 9.51 9.61 9.81 9.77 9.50 9.40 9.39 9.25 9.00 8.75 8.41 8.00 7.63 7.41 7.49 8.16 9.45 10.64 11.07 10.84 10.41 10.10 10.00 10.16 10.44 10.37 9.81 9.05 8.50 8.37 8.58 8.85 8.92 8.61 8.00 7.51 7.51 7.90 8.41 8.77 8.97 9.04 9.09 9.19 9.38 9.66 9.92 9.91 9.66 9.44 9.26 9.30 9.88 10.73 11.28 11.32 11.03 10.75 10.54
