project/data/elevation/US_DEM2016/US_DEM2016_point_10-28-2019_1452_30m_vel.asc
ncols	125
nrows	167
xllcorner	-2042055.000000
yllcorner	1465035.000000
cellsize	30.000000
NODATA_value	-9999.000000
[rows 76 to 113 of 167, columns 0 to 83 of 125]
7.39 7.10 6.80 6.80 6.95 7.24 7.84 8.60 9.01 8.92 8.58 8.36 8.59 9.25 9.90 10.55 11.11 11.04 10.59 9.97 9.48 9.03 8.63 8.24 7.94 7.78 7.59 7.59 7.75 7.85 7.76 7.51 6.97 6.56 6.55 6.71 6.77 6.62 6.33 6.07 5.99 6.24 6.70 6.93 6.90 6.68 6.49 6.24 6.04 6.01 6.02 6.00 5.94 6.01 6.28 6.58 6.82 6.85 6.91 7.09 7.28 7.00 6.03 4.94 4.33 4.25 4.60 4.94 5.30 5.73 6.15 6.65 7.53 8.59 9.59 10.62 11.62 12.26 12.08 11.07 9.34 7.21 6.18 5.92
7.42 7.13 6.87 6.92 7.19 7.79 8.33 8.47 8.06 7.31 6.83 7.02 7.76 8.84 9.78 10.47 10.47 10.54 9.85 9.12 8.60 8.26 8.02 7.87 7.77 7.68 7.47 7.42 7.54 7.75 7.90 7.90 7.66 7.54 7.50 7.37 7.05 6.56 6.16 6.04 6.24 6.56 6.75 6.65 6.54 6.40 6.28 6.10 5.92 5.82 5.74 5.67 5.62 5.85 6.26 6.65 6.94 7.08 7.18 7.23 6.96 6.11 5.18 4.84 5.04 5.49 5.82 6.14 6.71 7.62 8.31 9.18 10.36 11.40 12.14 12.74 13.01 12.62 11.39 10.32 9.00 7.42 6.37 5.86
7.37 6.89 6.52 6.65 6.92 7.37 7.48 7.13 6.64 6.41 6.58 7.18 8.13 9.22 10.03 10.49 10.43 9.88 9.17 8.53 8.06 7.73 7.53 7.45 7.40 7.31 7.16 7.20 7.33 7.52 7.81 8.06 8.15 8.11 7.95 7.62 7.11 6.56 6.32 6.31 6.36 6.27 6.10 5.92 5.82 5.63 5.25 4.90 4.79 4.78 4.83 5.03 5.47 6.04 6.52 6.90 7.23 7.38 7.33 7.02 6.38 5.55 5.24 5.61 6.36 6.91 7.39 8.14 9.16 9.77 10.31 11.14 12.25 12.40 12.20 12.69 12.14 11.25 10.30 9.74 9.36 8.69 7.87 7.16
7.18 6.55 6.08 6.24 6.40 6.58 6.64 6.62 6.80 7.19 7.71 8.41 9.33 10.16 10.60 10.57 10.08 9.35 8.67 8.12 7.65 7.29 7.05 6.95 6.87 6.74 6.62 6.67 6.66 6.78 6.95 7.40 7.71 7.76 7.60 7.29 6.85 6.41 6.14 5.89 5.61 5.31 5.15 5.22 5.23 5.07 4.71 4.50 4.65 4.98 5.39 5.94 6.57 6.97 7.08 7.09 7.05 6.80 6.32 5.71 5.19 5.07 5.49 6.39 7.39 8.29 9.33 10.27 10.66 10.81 10.98 11.39 11.37 11.83 11.38 10.81 9.72 9.24 8.83 8.90 9.14 9.18 8.86 8.34
6.92 6.40 6.09 6.34 6.53 6.67 6.87 7.21 7.75 8.26 8.86 9.64 10.49 10.84 10.73 10.14 9.33 8.56 7.94 7.47 7.09 6.81 6.61 6.44 6.31 6.21 6.04 5.80 5.49 5.51 5.58 5.97 6.51 6.89 6.96 6.83 6.58 6.38 6.13 5.82 5.57 5.48 5.51 5.66 5.63 5.56 5.50 5.60 5.90 6.40 6.93 7.36 7.58 7.58 7.26 6.97 6.56 6.02 5.50 5.13 5.04 5.39 6.17 7.29 8.45 9.66 10.60 10.79 10.47 10.20 10.22 10.34 10.21 9.61 9.12 8.84 8.53 8.21 7.94 7.82 8.10 8.63 8.85 8.67
6.74 6.50 6.49 6.86 7.13 7.29 7.51 7.89 8.44 9.02 9.71 10.40 10.81 10.69 10.03 9.13 8.29 7.50 6.93 6.52 6.27 6.21 6.20 6.05 5.94 5.83 5.53 4.93 4.45 4.31 4.26 4.48 5.06 5.77 6.20 6.49 6.59 6.76 6.78 6.76 6.83 6.95 7.09 7.03 6.85 6.76 6.83 7.11 7.44 7.56 7.55 7.48 7.38 7.19 7.06 6.95 6.82 6.80 6.75 6.65 6.68 6.97 7.58 8.54 9.54 10.33 10.34 9.54 8.95 8.98 9.23 9.28 8.98 8.35 8.08 7.99 7.99 7.97 7.74 7.39 7.32 7.61 8.13 8.34
6.88 6.85 6.87 7.00 7.22 7.51 7.88 8.34 8.92 9.54 10.14 10.48 10.37 9.73 8.84 8.08 7.42 6.76 6.17 5.81 5.69 5.63 5.51 5.56 5.64 5.57 5.30 4.78 4.07 3.79 3.79 4.10 4.55 4.97 5.55 6.17 6.57 6.95 7.22 7.54 7.88 8.12 8.16 7.94 7.68 7.61 7.71 7.88 7.95 7.67 7.31 7.21 7.32 7.36 7.25 7.21 7.33 7.64 7.81 7.91 8.06 8.34 8.83 9.45 10.08 10.08 9.22 8.32 8.14 8.49 8.79 8.75 8.27 7.86 7.70 7.68 7.74 7.84 7.64 7.45 7.16 7.06 7.20 7.62
7.17 7.20 7.08 6.92 7.07 7.52 8.06 8.65 9.26 9.77 10.07 10.03 9.55 8.76 7.98 7.39 6.86 6.33 5.81 5.47 5.28 5.06 4.84 4.94 5.25 5.42 5.44 5.35 4.93 4.68 4.82 5.14 5.21 5.24 5.46 5.93 6.32 6.71 7.19 7.75 8.12 8.16 8.02 7.76 7.63 7.69 7.85 7.90 7.87 7.73 7.76 7.92 7.98 7.83 7.49 7.39 7.43 7.57 7.83 8.14 8.51 8.87 9.28 9.63 9.79 9.33 8.48 8.23 8.40 8.54 8.55 8.26 7.64 7.05 6.78 6.88 7.07 7.19 7.22 7.17 6.99 6.71 6.46 6.80
7.24 7.25 7.18 7.11 7.31 7.78 8.33 8.92 9.39 9.65 9.64 9.33 8.72 8.00 7.37 6.85 6.35 5.86 5.42 5.10 4.79 4.48 4.39 4.64 5.16 5.66 6.06 6.50 6.86 7.00 7.00 6.82 6.51 6.25 6.08 6.10 6.43 6.98 7.58 7.92 7.79 7.45 7.28 7.35 7.44 7.65 7.93 8.17 8.42 8.65 8.65 8.50 8.20 7.86 7.54 7.46 7.50 7.68 8.07 8.40 8.74 8.98 9.16 9.24 9.11 8.66 8.25 8.39 8.47 8.34 8.06 7.38 6.77 5.97 5.45 5.47 5.73 5.94 6.14 6.33 6.39 6.28 5.98 6.08
7.18 7.18 7.24 7.44 7.79 8.23 8.65 9.00 9.25 9.29 9.10 8.65 8.04 7.41 6.84 6.30 5.73 5.15 4.71 4.47 4.36 4.41 4.72 5.26 5.92 6.47 7.02 7.60 8.16 8.48 8.45 8.06 7.56 7.17 6.93 6.79 7.21 7.87 8.00 7.67 7.12 6.88 7.10 7.42 7.59 7.90 8.45 8.89 9.18 9.33 9.16 8.69 8.23 7.92 7.61 7.55 7.72 8.03 8.30 8.41 8.48 8.52 8.56 8.65 8.53 8.24 7.96 8.02 7.93 7.74 7.51 6.76 6.46 5.71 4.98 4.78 4.69 4.58 4.64 4.90 5.27 5.51 5.54 5.59
7.24 7.26 7.42 7.76 8.20 8.49 8.60 8.68 8.84 8.87 8.65 8.18 7.58 6.95 6.32 5.65 4.92 4.27 4.00 4.09 4.39 4.93 5.58 6.23 6.85 7.35 7.75 8.05 8.31 8.52 8.56 8.43 8.11 7.75 7.52 7.46 7.73 7.90 7.46 6.85 6.56 6.69 6.91 7.12 7.36 7.94 8.59 8.98 9.03 9.07 9.05 8.84 8.55 8.23 7.84 7.71 7.76 7.78 7.75 7.76 7.67 7.65 7.84 8.15 8.21 7.97 7.58 7.38 7.26 7.22 7.18 7.15 7.05 6.74 5.96 5.22 4.65 4.20 3.92 3.92 4.12 4.40 4.59 4.76
7.33 7.37 7.53 7.80 8.01 8.03 8.01 8.17 8.48 8.65 8.39 7.84 7.17 6.44 5.61 4.79 4.22 4.06 4.31 4.65 5.02 5.50 6.08 6.72 7.32 7.74 7.90 7.85 7.75 7.71 7.91 8.17 8.30 8.24 8.08 7.83 7.50 7.00 6.49 6.29 6.29 6.29 6.21 6.30 6.84 7.64 8.20 8.13 7.83 7.80 7.87 8.02 8.12 8.11 7.98 7.79 7.57 7.31 7.19 7.18 7.19 7.37 7.71 8.02 8.10 7.84 7.44 7.17 7.02 7.09 7.29 7.56 7.76 7.85 7.73 7.04 6.25 5.54 5.09 4.76 4.38 4.12 4.13 4.44
7.33 7.34 7.39 7.46 7.42 7.41 7.68 8.23 8.63 8.62 8.13 7.39 6.62 5.75 4.88 4.47 4.61 5.20 5.57 5.76 5.88 6.10 6.52 7.01 7.41 7.59 7.51 7.36 7.30 7.28 7.45 7.77 8.12 8.31 8.30 7.97 7.20 6.48 6.11 6.12 6.06 5.96 5.96 6.20 6.71 7.29 7.48 6.91 6.16 5.82 5.87 6.03 6.35 6.78 7.08 7.28 7.29 7.22 7.22 7.33 7.51 7.72 7.86 7.92 7.93 7.75 7.43 7.20 7.11 7.27 7.63 7.90 8.08 8.29 8.59 8.64 8.37 7.95 7.53 6.98 6.23 5.66 5.69 5.72
7.31 7.28 7.28 7.31 7.33 7.62 8.18 8.68 8.77 8.34 7.50 6.56 5.69 4.88 4.50 4.72 5.37 5.94 6.25 6.43 6.55 6.75 7.04 7.20 7.12 6.91 6.77 6.87 7.15 7.38 7.47 7.52 7.59 7.76 7.89 7.83 7.23 6.64 6.25 6.21 6.22 6.34 6.45 6.56 6.76 7.00 6.91 6.08 5.07 4.69 4.61 4.63 4.88 5.46 6.16 6.75 7.11 7.31 7.47 7.70 7.87 7.80 7.63 7.57 7.64 7.57 7.28 7.15 7.20 7.40 7.66 7.86 7.91 7.95 8.19 8.61 8.88 8.99 8.94 8.70 8.34 8.05 7.82 7.50
7.35 7.31 7.34 7.49 7.74 8.22 8.67 8.76 8.34 7.45 6.38 5.25 4.32 3.83 3.87 4.30 4.79 5.25 5.80 6.28 6.73 7.05 7.14 6.85 6.36 6.07 6.18 6.56 6.83 6.92 6.95 6.92 6.90 7.05 7.36 7.59 7.33 6.93 6.62 6.65 6.77 6.89 6.92 6.97 7.02 7.09 6.97 6.40 5.69 5.29 5.20 5.39 5.92 6.55 7.03 7.23 7.31 7.39 7.51 7.62 7.59 7.34 7.14 7.20 7.40 7.33 6.96 6.91 7.05 7.18 7.31 7.50 7.38 7.00 6.89 7.19 7.73 8.18 8.50 8.77 8.90 8.95 8.88 8.57
7.40 7.38 7.44 7.68 8.08 8.51 8.62 8.22 7.33 6.13 4.99 4.02 3.43 3.19 3.23 3.46 3.82 4.28 4.84 5.50 6.12 6.54 6.52 6.18 5.91 5.90 6.13 6.33 6.21 5.94 5.86 5.89 6.07 6.43 6.88 7.24 7.24 6.96 6.79 6.96 7.10 7.18 7.28 7.58 7.70 7.74 7.68 7.49 7.34 7.24 7.13 7.45 7.95 8.24 8.17 7.77 7.45 7.31 7.23 7.10 6.91 6.72 6.65 6.86 7.10 6.99 6.62 6.59 6.69 6.73 6.83 6.97 6.75 6.19 5.83 5.91 6.27 6.62 6.98 7.44 7.90 8.20 8.29 8.34
7.44 7.45 7.54 7.85 8.28 8.45 8.09 7.22 6.06 4.94 4.08 3.56 3.38 3.40 3.49 3.62 3.84 4.14 4.49 4.95 5.44 5.72 5.78 5.88 6.09 6.30 6.49 6.49 6.28 6.08 5.97 5.98 6.16 6.37 6.54 6.74 6.87 6.82 6.84 7.11 7.29 7.48 7.79 8.30 8.48 8.48 8.40 8.33 8.41 8.62 8.79 8.85 8.73 8.31 7.76 7.42 7.28 7.11 6.84 6.49 6.15 6.01 6.11 6.45 6.81 6.87 6.68 6.56 6.47 6.41 6.47 6.59 6.42 5.89 5.39 5.21 5.40 5.53 5.57 5.77 6.17 6.57 6.68 6.72
7.49 7.53 7.66 7.96 8.14 7.86 7.04 5.95 4.94 4.20 3.78 3.64 3.77 4.07 4.39 4.66 4.84 4.97 5.22 5.61 5.96 6.12 6.19 6.31 6.46 6.74 7.21 7.56 7.71 7.70 7.59 7.53 7.50 7.33 6.78 6.47 6.60 6.84 7.17 7.51 7.75 8.06 8.48 8.88 8.89 8.75 8.62 8.59 8.73 8.99 9.11 8.98 8.52 7.81 7.28 7.23 7.21 6.98 6.55 6.05 5.69 5.60 5.89 6.44 6.98 7.21 7.11 6.85 6.53 6.36 6.33 6.44 6.30 5.71 4.98 4.46 4.40 4.38 4.25 4.36 4.71 5.08 5.11 5.04
7.53 7.56 7.63 7.65 7.33 6.55 5.53 4.64 4.04 3.73 3.74 3.98 4.35 4.81 5.37 5.96 6.42 6.73 7.08 7.47 7.72 7.72 7.49 7.10 6.85 7.13 7.89 8.40 8.55 8.45 8.30 8.14 7.92 7.52 6.82 6.48 6.66 7.14 7.68 8.08 8.34 8.60 8.82 8.91 8.69 8.50 8.48 8.61 8.80 8.94 8.81 8.61 8.48 8.38 8.13 7.75 7.35 6.99 6.65 6.36 6.19 6.20 6.49 6.97 7.40 7.50 7.23 6.89 6.58 6.54 6.61 6.57 6.19 5.30 4.30 3.64 3.49 3.37 3.26 3.40 3.65 3.83 3.95 4.07
7.54 7.53 7.41 7.01 6.23 5.28 4.46 3.92 3.69 3.78 4.17 4.72 5.30 5.92 6.60 7.34 7.94 8.51 8.98 9.16 9.00 8.56 7.92 7.34 7.10 7.47 8.08 8.13 7.67 7.29 7.01 6.85 6.73 6.55 6.43 6.60 6.99 7.51 8.06 8.39 8.53 8.56 8.44 8.22 8.11 8.06 8.22 8.44 8.61 8.69 8.54 8.39 8.40 8.48 8.39 7.93 7.42 7.04 6.82 6.74 6.79 6.98 7.22 7.51 7.68 7.54 7.09 6.79 6.77 7.07 7.21 6.90 6.16 5.02 3.95 3.44 3.31 3.13 3.04 3.18 3.33 3.36 3.40 3.64
7.57 7.49 7.17 6.59 5.92 5.31 4.82 4.50 4.43 4.70 5.16 5.74 6.42 7.14 7.89 8.55 9.12 9.53 9.60 9.26 8.56 7.75 7.18 7.07 7.34 7.85 8.11 7.65 6.83 6.35 6.16 6.19 6.34 6.33 6.43 6.82 7.30 7.73 8.11 8.30 8.27 8.07 7.73 7.44 7.40 7.55 7.76 7.96 7.94 7.71 7.62 7.63 7.67 7.64 7.49 7.34 7.12 6.87 6.66 6.59 6.73 7.13 7.54 7.85 7.89 7.66 7.29 7.12 7.23 7.50 7.52 7.02 6.21 5.38 4.59 4.19 3.90 3.53 3.50 3.71 3.76 3.67 3.69 4.10
7.52 7.37 6.95 6.58 6.31 6.03 5.81 5.75 5.91 6.13 6.40 6.85 7.51 8.28 9.00 9.46 9.62 9.42 8.78 7.82 6.87 6.26 6.29 6.78 7.44 8.18 8.43 8.15 7.74 7.54 7.49 7.49 7.38 7.10 6.94 7.11 7.38 7.68 7.88 7.93 7.69 7.30 6.97 6.85 6.87 7.04 7.34 7.43 6.95 6.25 5.95 6.04 6.25 6.31 6.33 6.48 6.61 6.58 6.50 6.55 6.79 7.25 7.64 7.83 7.75 7.53 7.34 7.29 7.30 7.33 7.24 6.78 6.39 6.15 5.84 5.40 4.94 4.42 4.65 4.98 4.95 4.79 4.97 5.78
7.35 7.13 6.81 6.70 6.67 6.67 6.75 7.00 7.34 7.59 7.80 8.11 8.67 9.31 9.66 9.63 9.17 8.36 7.33 6.37 5.77 5.65 6.06 6.74 7.53 8.51 8.92 8.99 8.96 8.90 8.76 8.50 8.13 7.74 7.41 7.33 7.38 7.52 7.59 7.39 6.90 6.48 6.39 6.54 6.72 7.02 7.36 7.31 6.47 5.54 5.14 5.07 4.92 5.04 5.48 6.01 6.40 6.56 6.58 6.69 7.00 7.38 7.52 7.47 7.30 7.16 7.01 6.88 6.79 6.82 6.73 6.59 6.81 7.10 7.22 7.03 6.59 6.23 6.68 6.97 6.87 6.79 7.11 7.67
7.24 7.06 6.85 6.91 7.17 7.54 7.94 8.31 8.59 8.78 8.93 9.16 9.48 9.67 9.48 8.85 7.97 7.00 6.15 5.65 5.76 6.23 6.82 7.36 8.09 8.85 9.01 8.77 8.65 8.57 8.37 8.13 7.94 7.80 7.53 7.37 7.35 7.29 7.06 6.63 6.30 6.38 6.63 6.86 7.10 7.48 7.75 7.64 6.98 6.37 6.03 5.74 5.28 5.40 5.90 6.34 6.63 6.82 6.96 7.09 7.24 7.42 7.41 7.30 7.18 7.05 6.81 6.63 6.64 6.77 6.78 6.87 7.32 7.74 8.05 8.22 8.32 8.47 8.80 8.94 8.82 8.69 8.71 8.51
7.24 7.14 7.00 7.14 7.58 8.12 8.56 8.86 8.99 9.07 9.18 9.34 9.42 9.16 8.49 7.59 6.66 5.83 5.28 5.32 6.04 6.85 7.45 7.93 8.51 8.85 8.49 7.79 7.38 7.20 7.13 7.23 7.41 7.53 7.41 7.27 7.12 6.82 6.43 6.22 6.51 7.10 7.38 7.48 7.60 7.88 8.05 7.91 7.52 7.43 7.42 7.25 7.01 6.89 6.90 6.82 6.85 7.08 7.37 7.53 7.59 7.68 7.63 7.55 7.44 7.27 7.11 7.15 7.36 7.39 7.27 7.28 7.49 7.69 7.98 8.47 9.05 9.50 9.67 9.59 9.29 9.03 8.69 8.00
7.18 7.12 7.02 7.17 7.48 7.87 8.09 8.18 8.20 8.27 8.47 8.63 8.54 8.08 7.33 6.41 5.52 4.98 4.96 5.47 6.29 6.95 7.43 7.81 8.19 8.18 7.52 6.75 6.20 5.92 6.00 6.29 6.61 6.84 7.02 7.06 6.88 6.64 6.59 6.92 7.47 7.77 7.80 7.78 7.84 8.00 8.05 7.77 7.53 7.56 7.68 7.76 7.80 7.65 7.20 6.82 6.86 7.17 7.50 7.74 7.90 8.07 8.07 7.97 7.81 7.66 7.64 7.75 7.84 7.65 7.43 7.38 7.38 7.43 7.65 8.11 8.66 9.02 9.05 8.95 8.74 8.38 7.80 6.99
7.10 7.08 7.07 7.16 7.24 7.26 7.20 7.08 7.06 7.26 7.55 7.64 7.36 6.75 5.95 5.20 4.92 5.17 5.90 6.63 7.05 7.32 7.52 7.66 7.70 7.36 6.49 5.66 5.11 4.91 5.00 5.19 5.37 5.69 6.08 6.44 6.74 7.02 7.38 7.73 7.89 7.86 7.73 7.70 7.78 7.87 7.80 7.44 7.06 6.84 6.83 7.03 7.27 7.25 6.93 6.74 6.88 7.19 7.52 7.86 8.20 8.45 8.46 8.32 8.11 7.92 7.80 7.67 7.46 7.12 7.07 7.15 7.23 7.33 7.46 7.59 7.74 7.74 7.77 8.03 8.22 8.11 7.74 7.39
7.27 7.39 7.51 7.42 7.23 6.96 6.70 6.51 6.55 6.83 6.99 6.71 6.04 5.20 4.49 4.41 5.13 6.29 7.20 7.69 7.93 8.01 7.99 7.90 7.76 7.40 6.51 5.47 4.84 4.70 4.70 4.73 4.87 5.09 5.43 6.00 6.67 7.18 7.41 7.41 7.31 7.28 7.30 7.38 7.51 7.60 7.48 6.99 6.34 5.91 5.80 5.87 6.06 6.33 6.45 6.61 6.82 7.11 7.46 7.87 8.28 8.56 8.53 8.36 8.12 7.89 7.66 7.38 7.08 6.80 6.77 6.89 7.06 7.11 7.10 7.22 7.14 6.92 6.80 7.07 7.51 7.88 8.14 8.35
7.63 7.78 7.85 7.65 7.32 6.97 6.69 6.57 6.58 6.52 6.10 5.30 4.36 3.60 3.39 3.91 5.08 6.39 7.27 7.85 8.18 8.29 8.25 8.24 8.27 8.01 7.37 6.58 6.10 6.07 6.13 6.06 6.10 6.16 6.31 6.62 6.95 7.07 6.98 6.80 6.64 6.65 6.91 7.16 7.36 7.43 7.22 6.65 6.00 5.64 5.47 5.15 4.92 5.02 5.43 6.03 6.59 6.99 7.36 7.78 8.17 8.32 8.23 8.02 7.88 7.81 7.68 7.44 7.21 6.94 6.78 6.79 6.87 6.92 7.05 7.18 6.99 6.68 6.38 6.27 6.40 6.75 7.23 7.71
7.68 7.66 7.54 7.36 7.14 6.88 6.67 6.50 6.21 5.56 4.53 3.64 3.16 3.08 3.43 4.19 5.05 5.82 6.48 7.14 7.54 7.73 7.98 8.39 8.35 8.45 8.18 8.13 8.18 8.25 8.24 8.20 8.10 7.86 7.67 7.52 7.32 7.11 6.92 6.72 6.55 6.58 6.95 7.26 7.44 7.41 7.16 6.71 6.32 6.02 5.60 4.88 4.29 4.38 5.01 5.87 6.62 7.11 7.47 7.83 8.02 7.93 7.74 7.68 7.75 7.86 7.85 7.65 7.42 7.13 6.95 6.92 6.94 6.96 6.99 6.91 6.79 6.62 6.37 6.02 5.62 5.37 5.47 5.80
7.46 7.18 6.95 6.91 6.77 6.55 6.28 5.89 5.31 4.55 3.90 3.58 3.70 4.25 5.30 6.29 6.51 6.43 6.39 6.50 6.73 7.07 7.73 8.43 8.58 8.42 8.48 8.80 9.11 9.27 9.23 9.10 8.89 8.53 8.15 7.79 7.44 7.18 6.93 6.71 6.68 6.91 7.28 7.46 7.47 7.35 7.16 6.90 6.62 6.18 5.46 4.76 4.73 5.34 6.10 6.64 7.00 7.29 7.61 7.80 7.69 7.46 7.45 7.67 7.87 7.95 7.93 7.81 7.67 7.53 7.36 7.27 7.15 6.92 6.59 6.38 6.44 6.52 6.39 6.05 5.51 5.16 5.17 5.34
7.28 7.01 6.75 6.69 6.57 6.36 6.05 5.63 5.16 4.87 4.97 5.39 6.00 6.98 8.13 8.91 9.12 8.59 7.82 7.45 7.46 7.77 8.37 8.68 8.48 8.15 8.12 8.30 8.49 8.66 8.72 8.67 8.59 8.39 8.14 7.83 7.52 7.22 6.86 6.67 6.91 7.38 7.67 7.54 7.31 7.18 7.09 6.95 6.72 6.30 5.80 5.69 6.20 6.93 7.23 7.15 7.06 7.24 7.49 7.51 7.34 7.27 7.43 7.65 7.79 7.77 7.69 7.67 7.72 7.81 7.73 7.55 7.27 6.87 6.45 6.24 6.33 6.46 6.43 6.29 6.22 6.35 6.52 6.47
7.28 7.10 6.85 6.76 6.71 6.69 6.68 6.59 6.49 6.63 7.19 8.00 8.92 9.76 10.34 10.54 10.51 10.22 9.85 9.56 9.40 9.37 9.36 9.04 8.47 7.98 7.76 7.65 7.47 7.34 7.37 7.48 7.56 7.63 7.68 7.69 7.61 7.32 6.99 6.93 7.23 7.44 7.36 7.10 6.96 7.07 7.17 7.16 7.13 7.10 7.07 7.22 7.57 7.80 7.53 7.10 7.07 7.29 7.40 7.33 7.28 7.34 7.36 7.36 7.36 7.26 7.12 7.19 7.40 7.59 7.65 7.55 7.29 6.94 6.63 6.48 6.51 6.54 6.53 6.60 6.86 7.18 7.35 7.30
7.36 7.29 7.13 7.03 7.06 7.21 7.45 7.71 8.08 8.62 9.34 10.10 10.64 10.84 10.71 10.34 9.96 10.00 10.12 10.11 10.02 9.86 9.56 8.97 8.26 7.81 7.66 7.56 7.25 6.82 6.52 6.43 6.48 6.65 6.91 7.18 7.31 7.24 7.09 7.01 6.89 6.62 6.30 6.32 6.78 7.26 7.52 7.59 7.67 7.92 8.16 8.30 8.37 8.29 7.99 7.69 7.71 7.73 7.61 7.47 7.38 7.27 7.12 7.06 7.03 6.86 6.67 6.73 6.96 7.18 7.33 7.34 7.19 6.95 6.76 6.69 6.64 6.55 6.54 6.66 6.86 7.05 7.13 7.13
7.50 7.49 7.39 7.32 7.37 7.51 7.78 8.25 8.98 9.76 10.33 10.57 10.43 10.01 9.42 8.78 8.41 8.51 8.68 8.86 9.01 9.06 8.90 8.46 7.91 7.60 7.59 7.60 7.41 7.15 6.92 6.74 6.76 6.86 6.92 6.92 6.91 6.95 6.91 6.67 6.31 6.03 6.08 6.55 7.27 7.79 7.99 7.95 7.95 8.18 8.47 8.67 8.76 8.79 8.81 8.74 8.61 8.32 7.94 7.64 7.37 7.12 6.99 6.98 6.87 6.60 6.45 6.56 6.84 7.05 7.11 7.06 6.98 6.88 6.80 6.77 6.68 6.57 6.57 6.68 6.84 6.99 7.02 6.95
7.55 7.48 7.42 7.48 7.61 7.82 8.21 8.80 9.51 9.95 9.99 9.67 9.12 8.50 7.93 7.47 7.21 7.22 7.29 7.52 7.89 8.11 8.20 7.99 7.67 7.50 7.47 7.35 7.16 7.23 7.43 7.60 7.68 7.63 7.44 7.14 6.90 6.83 6.76 6.62 6.53 6.65 6.96 7.50 8.05 8.35 8.33 8.10 7.94 7.98 8.19 8.47 8.73 8.95 9.14 9.20 8.98 8.60 8.12 7.68 7.33 7.11 7.02 6.87 6.57 6.34 6.43 6.72 7.02 7.09 6.92 6.80 6.80 6.79 6.72 6.67 6.60 6.57 6.61 6.74 6.94 7.11 7.10 7.05
7.44 7.31 7.30 7.52 7.78 8.16 8.72 9.25 9.52 9.36 8.88 8.37 7.88 7.44 7.00 6.59 6.33 6.37 6.61 6.95 7.32 7.74 7.89 7.63 7.43 7.56 7.54 7.30 7.06 7.05 7.17 7.30 7.37 7.37 7.33 7.20 7.03 6.90 6.88 6.99 7.18 7.38 7.66 8.17 8.60 8.67 8.38 7.94 7.66 7.62 7.71 7.93 8.15 8.32 8.51 8.62 8.54 8.28 7.93 7.61 7.34 7.11 6.86 6.57 6.33 6.34 6.63 6.98 7.17 6.99 6.67 6.60 6.63 6.61 6.54 6.44 6.35 6.32 6.42 6.66 6.90 6.98 6.92 6.92
7.33 7.23 7.26 7.48 7.76 8.20 8.72 8.93 8.70 8.16 7.58 7.05 6.62 6.25 5.86 5.59 5.73 6.13 6.51 6.85 7.37 7.94 7.87 7.38 7.43 7.80 7.84 7.69 7.50 7.22 6.91 6.55 6.37 6.46 6.68 6.83 6.90 6.92 7.02 7.23 7.44 7.63 7.94 8.45 8.72 8.56 8.06 7.57 7.34 7.32 7.35 7.40 7.39 7.29 7.19 7.27 7.35 7.40 7.46 7.46 7.32 7.03 6.69 6.44 6.43 6.61 6.90 7.15 7.12 6.76 6.47 6.39 6.36 6.37 6.38 6.31 6.18 6.07 6.16 6.50 6.69 6.56 6.39 6.34
