project/data/elevation/US_DEM2016/US_DEM2016_point_10-29-2019_0808_30m_ang.asc
ncols	125
nrows	167
xllcorner	-2042055.000000
yllcorner	1465035.000000
cellsize	30.000000
NODATA_value	-9999.000000
[rows 44 to 87 of 167, columns 0 to 95 of 125]
256 240 196 158 133 120 101 70 81 95 99 94 71 305 296 303 309 322 353 359 305 288 280 271 266 275 292 309 285 253 116 95 29 345 17 14 306 258 224 109 101 110 128 160 85 350 286 250 117 109 101 100 102 108 253 271 271 268 270 85 104 162 235 254 237 158 159 163 152 168 181 168 149 144 148 146 63 35 53 119 165 232 232 198 104 30 332 278 133 132 135 132 124 113 101 53
249 232 206 178 156 143 95 93 107 111 106 91 34 313 306 314 319 327 5 39 242 226 216 215 229 257 275 293 276 194 104 66 344 311 38 44 3 276 221 148 129 124 147 199 106 336 254 216 125 107 101 94 87 79 277 260 249 240 241 144 91 115 251 257 226 177 201 252 63 96 158 167 159 156 160 180 202 64 98 113 130 218 229 207 172 357 328 337 83 93 110 125 130 123 102 330
274 273 262 225 236 339 70 103 114 114 107 92 346 296 295 304 315 333 37 80 138 197 212 226 244 262 275 281 236 139 97 39 326 287 105 75 40 325 215 147 138 145 177 262 64 124 232 226 155 120 104 71 53 42 359 263 243 240 247 218 85 84 258 257 256 314 324 295 90 100 125 148 155 157 162 187 227 329 72 84 84 258 248 229 226 248 271 8 68 79 87 99 113 113 350 312
289 308 345 356 349 18 94 107 112 112 106 103 271 267 259 254 251 226 111 96 100 210 250 248 250 254 258 245 169 126 86 0 308 230 161 140 116 118 155 139 138 161 223 264 63 79 269 249 165 141 83 35 38 42 41 316 255 256 259 264 76 78 256 258 270 20 53 102 113 108 106 108 115 122 136 172 214 274 43 62 58 350 283 257 251 254 256 253 94 94 95 94 91 22 323 316
274 281 360 11 21 83 103 105 107 110 102 75 313 272 235 224 219 205 158 100 92 262 258 253 250 248 245 210 154 130 11 317 267 190 159 151 156 164 152 135 135 174 234 241 226 25 340 303 150 175 350 23 42 54 63 52 271 264 264 275 61 78 157 228 220 177 161 164 165 165 163 166 167 165 169 180 195 210 207 62 50 3 310 264 243 239 236 214 133 111 107 98 78 322 311 312
262 254 245 59 89 101 99 97 102 102 73 358 337 345 308 246 243 238 209 90 77 91 246 259 258 254 247 184 147 188 269 270 260 99 95 118 146 167 161 138 125 217 256 243 253 324 356 35 50 348 318 31 55 68 75 65 282 267 266 271 46 83 122 187 201 204 209 208 184 165 165 177 180 174 181 202 217 226 229 189 66 23 343 239 222 219 219 200 146 119 108 102 91 285 283 280
265 261 245 158 124 113 101 94 97 88 14 327 334 3 7 306 287 284 291 50 49 37 313 279 271 267 252 159 151 228 195 213 235 163 93 98 119 153 165 124 28 340 320 309 306 307 102 124 142 170 200 226 69 81 86 77 277 263 256 254 243 84 95 147 230 261 290 332 0 14 17 8 1 3 359 340 311 285 271 254 191 56 24 63 184 215 217 194 147 121 111 110 145 249 250 237
271 268 228 158 140 135 123 103 97 87 307 302 324 26 37 278 264 260 258 337 32 24 342 298 280 275 244 156 195 142 151 192 209 194 130 103 101 111 300 333 345 342 337 336 342 103 144 159 175 190 228 254 79 89 91 90 258 256 248 246 243 82 73 42 304 301 319 350 17 25 23 16 11 9 10 11 359 338 321 318 323 324 4 34 50 187 217 192 150 125 116 110 129 266 256 243
268 259 174 148 144 152 155 120 100 106 267 273 274 99 117 196 229 229 216 205 192 295 323 315 292 281 168 147 193 112 118 167 198 200 157 116 102 71 300 310 324 329 328 337 53 115 130 162 262 298 298 287 86 92 91 90 260 262 260 261 266 73 70 29 314 300 329 54 74 59 45 36 30 29 33 37 24 358 345 10 14 3 21 52 60 70 180 186 159 132 107 52 352 328 317 318
266 256 134 130 136 154 172 140 109 115 248 251 210 140 134 165 217 220 205 198 207 257 309 327 314 303 36 77 159 119 105 125 185 206 170 127 111 249 274 275 280 287 290 303 108 105 64 338 332 345 340 329 97 96 88 77 302 282 284 286 285 53 79 40 292 275 171 138 143 136 64 57 56 56 62 66 52 19 345 103 93 92 117 118 97 90 115 164 170 150 18 354 346 339 330 327
269 269 96 105 113 131 169 156 127 126 228 72 192 143 136 148 211 218 204 208 254 296 316 328 335 337 14 63 116 129 100 97 139 195 170 134 118 261 264 252 242 242 236 153 116 72 342 335 351 10 12 56 103 98 87 68 313 289 286 280 268 166 78 50 97 239 192 187 203 233 112 91 92 94 97 97 87 84 166 163 156 148 150 147 121 105 107 131 193 283 321 334 331 325 320 317
268 269 81 83 83 89 124 149 134 133 215 58 190 132 109 75 312 260 230 249 279 296 314 329 343 348 17 68 96 119 104 88 90 142 156 136 75 305 290 273 251 248 217 130 101 334 320 330 72 95 94 98 98 99 95 78 296 276 263 242 224 196 81 66 212 222 225 240 270 309 112 122 120 118 115 115 118 137 174 188 185 155 124 117 106 102 103 108 287 289 291 297 300 302 302 298
265 260 93 80 72 65 68 93 110 119 232 250 232 62 27 4 350 342 337 307 285 289 305 326 344 359 47 90 108 121 107 81 70 79 95 29 324 320 321 323 322 297 149 110 349 316 317 117 136 144 130 108 100 105 107 111 265 257 233 210 205 213 95 87 129 244 265 284 297 79 123 137 142 143 130 121 116 113 189 261 256 134 111 85 84 90 91 76 288 285 280 278 286 290 288 248
260 247 149 98 78 60 59 67 81 86 280 281 302 342 351 349 346 345 345 331 300 290 298 316 338 25 90 118 141 162 99 64 65 68 54 335 306 308 316 326 330 356 107 40 313 309 113 125 132 154 148 126 113 108 109 132 267 262 236 221 248 274 7 89 100 276 288 312 312 138 141 146 151 161 148 115 80 58 31 42 139 170 183 81 79 83 81 51 280 280 288 292 289 284 246 167
259 239 168 125 103 77 71 75 83 88 277 279 290 310 323 329 331 334 336 331 309 292 291 297 313 86 107 126 165 223 308 54 71 76 63 308 284 282 288 301 315 81 100 300 293 264 120 119 127 149 157 142 122 107 92 341 303 307 322 324 314 302 12 88 113 268 275 174 152 159 160 145 136 158 162 101 78 82 110 142 168 205 249 66 81 82 80 60 277 277 286 290 280 250 170 141
263 238 147 137 141 132 105 92 91 94 48 266 266 268 272 278 283 286 282 275 270 267 263 239 193 136 112 117 197 264 301 69 82 85 82 279 274 274 273 273 265 102 104 274 272 122 113 110 115 131 151 144 124 105 55 323 317 320 325 325 314 290 46 90 117 238 226 181 184 191 186 124 109 127 139 133 130 136 148 169 207 256 295 76 86 85 82 63 281 278 281 279 261 191 142 121
252 189 130 135 151 161 139 112 97 90 263 258 246 230 222 221 219 206 199 203 215 227 218 192 179 158 114 92 304 286 302 79 84 83 72 294 277 275 269 255 217 103 93 258 236 124 104 100 104 107 116 117 109 97 321 306 310 313 317 325 312 240 131 86 81 203 198 196 211 223 189 134 132 147 156 161 162 164 176 209 249 266 269 94 90 86 83 73 276 270 270 266 230 154 124 87
220 164 134 130 141 161 153 127 109 107 240 248 229 204 197 197 194 184 176 181 195 203 193 179 181 175 119 63 320 308 339 76 79 73 60 305 267 255 242 229 209 107 91 218 214 160 108 100 93 71 52 65 77 67 293 286 293 296 303 323 87 147 112 76 59 77 152 211 234 239 171 151 157 160 166 176 186 197 235 267 273 260 231 107 93 88 87 92 255 254 247 239 185 139 120 324
183 146 128 121 124 142 148 133 118 109 277 265 229 180 174 184 183 169 159 161 169 178 178 179 202 196 122 1 313 331 56 82 79 73 70 65 242 231 219 214 217 124 105 174 217 208 156 133 109 62 52 62 70 59 293 276 279 280 278 288 89 85 73 56 58 67 63 292 104 252 184 144 140 148 195 283 315 335 328 310 298 282 259 114 98 93 91 93 251 247 234 216 166 139 188 263
110 102 100 103 105 116 128 128 114 356 330 329 342 43 95 144 176 173 357 15 58 98 134 198 247 215 132 291 298 71 94 96 98 92 87 89 234 234 227 233 250 141 101 135 243 241 203 181 186 66 67 77 80 66 308 279 278 277 271 267 52 50 52 46 65 67 45 346 301 283 292 23 24 11 351 335 338 359 2 346 331 320 304 111 107 101 95 98 223 234 223 201 158 146 218 236
85 85 86 88 90 96 104 106 340 321 330 342 357 18 38 52 50 298 310 337 9 28 32 351 295 167 169 243 250 107 94 105 116 110 98 71 325 304 304 300 296 80 87 47 297 284 290 296 294 50 79 87 87 74 310 282 277 274 272 306 47 104 106 113 69 66 37 351 322 318 334 3 12 14 8 352 339 21 44 26 7 359 101 124 124 113 95 93 167 216 213 194 155 150 217 227
93 92 91 91 90 93 89 44 323 315 325 338 354 12 24 34 34 300 279 297 336 10 25 12 349 102 155 221 233 148 90 98 108 103 91 11 322 320 323 316 309 75 73 15 319 317 348 360 1 68 86 88 87 76 301 281 273 257 236 197 161 134 124 187 164 74 35 340 322 330 351 359 351 36 44 22 354 112 113 102 101 137 147 151 145 106 65 61 62 229 231 208 138 135 206 218
103 99 98 99 100 97 74 344 316 314 318 328 345 4 15 24 31 14 258 262 288 339 21 39 58 102 139 233 247 218 110 88 82 80 57 329 304 299 299 291 286 80 62 355 314 321 11 47 75 97 95 90 88 78 293 280 271 232 206 185 171 148 116 286 276 80 32 313 307 333 8 15 1 101 96 85 113 145 145 153 164 160 162 194 276 356 21 43 47 11 320 336 52 80 154 206
105 102 100 103 107 105 84 296 294 294 293 300 320 343 360 12 26 43 198 246 255 272 57 91 111 120 148 285 280 256 168 88 71 67 52 306 272 260 250 245 231 93 58 338 299 302 84 98 105 124 117 104 97 92 278 273 261 198 184 180 172 167 177 304 316 66 11 309 302 342 39 76 95 136 136 139 150 158 163 177 193 187 228 301 321 347 16 44 47 19 344 355 37 59 77 189
105 104 101 102 107 111 181 264 264 254 247 250 270 301 330 356 20 40 54 229 239 223 152 138 146 167 284 308 321 331 344 53 66 68 75 172 244 244 244 246 228 105 66 316 280 251 111 104 113 138 138 121 109 122 261 256 225 169 164 174 167 185 249 277 313 51 355 304 290 108 114 126 136 147 153 159 167 178 206 263 303 325 336 331 337 354 25 47 42 23 9 15 43 59 63 53
105 104 102 100 102 103 248 269 257 227 213 220 240 261 282 318 2 29 48 68 227 187 140 142 170 231 280 302 342 9 19 44 64 73 77 72 265 263 272 275 265 98 87 260 260 225 115 110 113 127 134 112 104 136 243 235 196 163 161 170 163 187 243 251 240 64 342 275 221 139 130 129 130 139 155 176 199 243 297 325 344 348 339 342 2 21 31 37 33 29 36 48 65 72 70 73
101 101 99 99 97 84 311 299 306 325 161 199 225 238 243 254 300 13 46 62 102 138 123 133 194 251 267 273 318 49 64 73 78 80 77 57 295 273 268 263 255 110 95 201 258 232 109 112 100 71 53 67 83 108 47 231 186 132 120 114 97 327 273 258 238 124 163 232 208 155 130 111 107 123 153 212 268 298 317 334 353 4 356 360 27 46 25 21 33 51 69 84 103 104 95 101
97 98 97 97 91 39 310 308 325 352 20 38 247 228 227 233 250 295 64 77 99 118 113 117 252 265 253 238 207 145 121 107 94 88 83 68 292 270 258 240 223 173 97 88 255 191 100 94 81 50 43 62 77 80 274 271 316 6 8 9 9 355 331 314 315 73 112 200 214 196 141 120 113 116 153 292 305 313 323 337 359 26 48 118 157 185 356 18 44 72 91 101 115 122 115 113
96 97 97 94 79 338 305 303 315 337 1 12 14 1 269 249 245 224 122 116 127 120 107 76 305 286 252 230 210 188 167 137 105 89 82 68 295 268 249 227 217 206 101 107 226 205 128 82 68 64 70 80 82 65 320 291 304 326 343 354 356 350 343 344 7 55 79 117 227 209 155 142 138 133 294 303 307 309 307 169 169 164 156 175 216 265 348 40 67 82 90 94 105 116 113 101
95 96 98 93 65 314 301 298 299 314 336 353 6 7 353 319 238 185 135 124 126 114 88 353 316 321 304 252 230 217 208 171 109 88 82 71 298 261 246 240 248 253 102 113 215 238 236 81 73 79 100 99 87 68 313 273 269 274 294 318 330 330 332 354 84 103 97 55 327 179 157 156 163 216 298 295 281 189 164 176 196 193 98 273 279 292 46 98 102 100 94 91 98 105 96 1
92 93 95 93 18 305 302 297 294 297 305 320 340 354 357 1 158 149 125 103 86 73 41 333 308 333 360 343 287 253 244 220 97 89 87 90 192 242 244 254 261 257 102 91 268 272 275 82 81 85 106 107 97 91 214 253 251 247 247 254 265 261 190 152 145 148 161 246 18 81 126 161 335 342 346 334 152 153 174 224 285 348 14 360 331 325 76 112 124 122 114 107 107 100 56 321
88 88 88 78 312 302 308 306 295 276 252 237 250 281 350 106 128 126 99 59 42 37 23 339 292 299 5 22 6 297 263 245 89 89 89 95 141 230 241 244 250 255 90 67 331 278 264 92 80 81 95 102 102 107 186 259 258 250 241 242 234 191 158 146 144 153 184 265 348 35 33 3 360 28 95 130 141 156 202 263 295 7 37 29 17 19 73 95 109 121 124 123 116 77 348 315
88 86 81 53 305 294 303 297 265 220 200 198 221 227 175 125 117 94 25 15 21 28 28 8 298 271 281 58 44 2 272 244 101 85 81 83 95 240 248 250 259 268 332 58 349 273 258 103 83 85 91 97 100 105 255 274 271 267 265 254 211 157 143 132 61 7 345 322 331 20 51 89 140 157 161 159 153 174 246 266 261 142 117 98 76 65 83 87 87 97 110 119 81 350 335 319
96 90 81 55 299 278 271 243 190 171 183 226 249 219 158 124 94 352 337 356 12 25 33 32 334 271 248 97 64 38 315 264 126 83 79 80 80 271 264 266 266 262 256 70 11 290 284 74 95 97 97 95 89 83 284 276 277 275 270 248 173 136 125 332 338 344 344 325 303 107 124 142 159 172 175 179 213 308 299 276 241 188 163 129 104 97 99 98 98 99 100 79 326 330 333 325
105 98 87 70 300 264 238 202 155 11 328 320 284 174 145 125 358 325 327 356 19 28 46 51 13 287 261 151 73 47 7 322 40 90 88 87 83 290 270 262 248 239 227 110 15 296 300 93 102 96 84 69 64 56 325 272 263 247 224 195 156 129 326 306 312 327 347 161 161 132 127 139 176 260 325 336 100 334 335 320 270 213 201 184 142 112 110 115 118 116 101 347 314 319 326 328
108 105 90 51 335 298 274 308 333 332 321 318 140 137 131 342 312 310 323 17 39 48 65 60 30 299 265 233 74 53 30 15 71 98 97 92 81 313 279 267 248 243 246 90 33 262 225 110 100 83 56 42 49 56 20 267 243 216 190 162 130 4 310 295 286 241 139 134 133 119 108 89 316 329 355 353 331 330 350 8 11 331 232 220 200 123 112 118 126 127 87 313 301 305 315 322
104 108 92 358 339 334 318 314 314 313 306 296 114 102 18 318 302 285 232 129 105 91 79 68 52 303 266 247 91 77 76 94 119 114 104 93 71 326 302 308 318 317 315 3 77 204 215 146 97 73 51 47 62 71 62 274 257 256 343 23 9 339 321 302 235 154 135 120 110 100 86 351 308 330 22 15 336 292 283 43 46 36 10 266 240 128 106 109 117 138 297 292 278 286 300 306
95 98 103 297 316 324 310 304 299 292 269 133 100 35 336 310 279 213 179 168 158 149 139 96 77 310 262 230 118 111 114 123 138 135 118 103 73 306 302 310 317 323 325 2 95 157 206 213 113 70 56 68 80 79 66 294 282 298 324 343 344 335 328 336 124 128 125 127 106 92 78 313 284 297 54 45 14 282 242 186 114 71 42 351 278 142 100 94 92 292 277 258 259 266 269 244
85 80 36 271 276 296 294 294 291 267 171 124 89 331 310 291 220 179 175 176 169 166 179 172 100 107 245 224 133 119 114 117 129 134 125 121 180 275 282 287 289 288 279 127 104 132 197 223 200 93 72 78 81 74 63 328 274 278 287 303 316 319 329 76 103 105 104 131 109 90 75 301 161 269 89 68 40 348 277 223 179 112 67 31 341 106 87 76 61 2 285 226 244 243 220 184
82 72 37 297 275 283 284 283 279 209 132 108 9 299 285 230 155 152 160 169 167 165 186 203 116 103 209 214 169 131 117 111 112 108 106 113 247 272 276 270 250 221 205 178 106 111 177 220 211 155 121 88 76 68 65 40 275 268 266 269 278 286 337 100 106 114 110 134 115 85 57 308 282 253 120 84 52 23 352 281 228 154 101 56 28 35 68 62 48 28 22 140 209 212 190 170
94 88 39 314 295 290 286 276 256 145 107 66 324 289 242 161 141 136 142 156 163 166 217 247 106 97 156 205 201 176 157 125 100 84 83 69 305 286 280 250 214 200 197 194 104 99 147 219 224 202 183 121 76 69 67 50 297 277 272 266 260 253 153 95 92 102 100 144 144 76 39 157 271 214 138 113 81 56 35 3 270 197 135 80 57 58 73 68 55 45 55 98 157 187 180 165
98 104 270 293 296 291 284 269 225 134 100 32 280 226 180 157 146 138 135 143 169 276 298 292 35 96 115 210 230 213 194 165 94 74 73 48 308 275 247 206 198 217 226 219 109 94 107 246 253 241 233 213 79 70 68 50 307 273 260 250 240 233 182 87 76 78 63 331 320 64 57 255 233 198 158 141 114 97 83 68 44 274 156 98 90 97 108 97 83 74 79 94 116 179 248 331
91 85 288 282 281 277 270 259 196 120 99 132 198 179 163 153 145 128 99 48 337 310 297 287 110 94 81 314 285 295 318 330 53 67 70 61 272 237 209 189 214 238 237 225 121 88 55 311 298 300 298 311 41 68 69 58 310 255 241 237 235 238 229 94 86 80 48 313 282 72 91 131 220 216 190 171 144 134 137 120 95 109 140 110 107 115 128 130 121 109 100 96 89 322 309 322
86 76 286 271 264 264 268 268 143 98 99 131 152 152 146 139 125 25 10 1 350 329 289 252 125 87 54 339 301 310 352 11 38 64 71 80 129 209 214 221 247 248 246 242 116 82 20 326 328 347 349 3 34 68 74 74 92 245 249 257 263 265 249 129 112 97 63 345 244 173 90 76 261 243 222 193 174 173 176 165 152 165 157 130 118 114 119 129 133 130 115 99 58 317 307 310
