project/data/elevation/US_DEM2016/US_DEM2016_point_10-28-2019_0846_30m_vel.asc
ncols	125
nrows	167
xllcorner	-2042055.000000
yllcorner	1465035.000000
cellsize	30.000000
NODATA_value	-9999.000000
[rows 37 to 73 of 167, columns 0 to 82 of 125]
9.63 9.99 10.18 9.90 9.44 8.79 8.16 7.46 6.73 6.12 5.95 6.27 7.07 8.12 8.65 8.57 8.30 8.34 8.95 9.81 10.49 11.07 11.59 12.04 12.22 12.21 12.09 11.79 11.09 10.03 8.84 7.92 7.67 8.05 8.53 8.86 9.10 9.39 9.72 10.22 10.74 10.82 10.67 10.13 9.92 10.20 10.43 10.09 9.47 8.68 7.96 7.67 7.74 8.21 8.51 8.53 8.47 8.68 8.78 9.01 9.06 8.91 8.45 7.51 6.40 5.69 5.48 5.63 5.93 6.28 6.58 6.76 7.06 7.40 7.82 8.35 9.29 10.70 12.56 14.16 15.21 15.18 14.41
9.51 9.47 9.27 8.92 8.41 8.06 7.72 7.18 6.50 5.89 5.67 5.81 6.32 7.17 7.95 8.26 8.15 8.00 8.22 8.77 9.11 9.30 9.51 9.92 10.45 10.92 11.41 11.85 11.73 11.13 10.19 9.21 8.58 8.39 8.58 9.18 9.85 10.20 10.50 11.08 11.81 12.27 12.41 12.18 11.78 11.36 10.62 9.44 8.59 7.92 7.59 7.57 7.68 8.08 8.51 8.64 8.64 8.87 8.93 8.91 8.83 8.49 8.28 7.83 7.13 6.41 5.70 5.43 5.51 5.79 6.02 6.17 6.41 6.95 7.35 7.73 8.29 9.35 10.66 12.04 13.12 13.82 13.88
9.21 8.72 8.13 7.77 7.32 7.10 6.89 6.59 6.25 5.93 5.83 5.98 6.37 6.92 7.50 7.86 7.89 7.69 7.43 7.27 7.07 6.98 7.12 7.62 8.55 9.60 10.48 11.33 11.83 11.79 11.21 10.35 9.62 9.26 9.54 10.35 10.95 11.30 11.45 11.66 12.05 12.26 12.46 12.42 12.11 11.48 10.40 9.25 8.40 7.65 7.43 7.64 7.88 8.08 8.55 8.82 8.97 9.17 8.94 8.50 7.87 7.16 6.57 6.43 6.29 5.97 5.32 4.90 4.92 5.18 5.50 5.78 6.08 6.52 6.89 7.14 7.40 8.06 8.96 9.62 9.97 10.87 12.40
8.76 8.17 7.46 7.06 6.84 6.73 6.72 6.79 6.85 6.90 7.01 7.23 7.36 7.37 7.42 7.52 7.58 7.43 6.95 6.34 6.07 6.14 6.52 7.12 8.09 8.99 9.77 10.56 11.29 11.78 11.78 11.31 10.84 10.87 11.34 12.02 12.53 12.79 12.52 12.02 11.83 11.31 11.06 11.41 11.51 11.52 11.07 10.61 10.02 9.44 8.78 8.52 8.47 8.31 8.55 8.72 8.86 8.95 8.62 8.02 7.22 6.14 4.94 4.52 4.49 4.52 4.59 4.62 4.65 4.71 4.87 5.33 5.89 6.33 6.63 6.79 6.90 7.17 7.76 8.24 8.35 8.91 10.71
8.66 8.25 7.76 7.53 7.48 7.49 7.49 7.56 7.74 8.00 8.30 8.47 8.30 7.92 7.66 7.59 7.62 7.52 7.16 6.73 6.66 6.91 7.30 7.67 8.03 8.46 8.82 9.33 10.21 11.10 11.86 11.91 11.99 12.31 12.74 13.09 13.28 13.10 12.62 11.96 11.30 10.52 9.93 9.92 10.54 10.84 10.97 10.93 10.98 10.93 10.59 9.71 8.94 8.38 8.24 8.19 8.06 7.90 7.74 7.59 7.10 6.11 4.85 4.23 4.20 4.41 4.66 4.72 4.58 4.47 4.54 4.89 5.49 6.02 6.28 6.39 6.60 6.94 7.37 7.67 7.82 8.01 9.01
8.85 8.68 8.50 8.43 8.38 8.30 8.17 8.16 8.43 8.82 9.08 9.06 8.63 8.33 8.23 8.23 8.23 8.18 8.07 8.01 8.12 8.36 8.60 8.83 8.99 8.97 8.91 9.03 9.62 10.42 11.54 12.11 12.78 13.35 13.43 13.00 12.41 11.78 11.20 10.80 10.38 9.75 9.00 8.84 9.29 9.72 9.93 9.81 10.02 10.26 10.32 9.77 8.96 8.20 7.95 7.93 7.72 7.41 7.34 7.74 7.72 7.14 6.27 5.83 5.84 5.75 5.40 4.97 4.84 4.87 4.78 4.67 4.80 5.07 5.19 5.29 5.84 6.58 7.04 7.25 7.52 7.83 8.54
8.90 8.84 8.80 8.79 8.77 8.76 8.80 8.99 9.30 9.58 9.62 9.37 8.85 8.65 8.65 8.70 8.81 8.87 8.98 9.16 9.46 9.78 9.97 10.02 9.98 9.76 9.61 9.61 9.88 10.25 11.14 11.92 12.68 13.18 13.04 12.30 11.21 10.24 9.57 9.45 9.51 9.16 8.43 7.94 8.22 8.73 8.85 8.33 7.74 7.38 7.50 7.96 8.13 7.99 7.99 8.30 8.43 8.42 8.57 8.91 8.97 8.66 8.14 7.83 7.29 6.61 6.14 6.00 5.99 5.61 4.91 4.27 4.05 4.02 3.91 4.09 4.77 5.74 6.27 6.55 7.19 8.00 8.76
8.91 8.91 9.00 9.12 9.35 9.73 10.12 10.38 10.47 10.39 10.10 9.63 9.10 8.85 8.80 8.91 9.10 9.31 9.53 9.79 10.08 10.29 10.35 10.22 9.99 9.72 9.64 9.73 10.02 10.36 11.15 11.55 11.85 11.84 11.70 11.44 10.86 9.98 8.86 8.36 8.41 8.43 7.98 7.38 7.34 7.82 7.61 6.88 5.97 5.46 5.60 6.17 6.83 7.34 7.99 8.75 9.24 9.55 9.74 9.80 9.84 9.68 9.10 8.45 7.59 7.15 7.17 7.12 6.52 5.36 4.48 4.06 3.94 3.84 3.73 3.90 4.54 5.28 5.69 5.94 6.63 7.66 8.27
9.18 9.35 9.67 9.97 10.29 10.68 11.05 11.23 11.17 10.87 10.41 9.89 9.49 9.30 9.37 9.48 9.60 9.77 9.95 10.03 9.94 9.76 9.59 9.49 9.48 9.39 9.34 9.51 10.03 10.60 11.25 11.09 10.66 10.28 10.13 10.39 10.41 9.99 8.80 7.82 7.39 7.48 7.30 6.74 6.68 6.99 6.89 6.60 6.42 6.37 6.23 6.01 6.00 6.57 7.69 8.80 9.25 9.42 9.51 9.70 9.83 9.87 9.38 8.76 8.35 8.22 7.87 7.05 5.88 5.01 4.71 4.82 4.87 4.78 4.69 4.83 5.29 5.71 5.84 5.94 6.30 6.88 7.49
9.43 9.72 10.21 10.55 10.69 10.75 10.77 10.79 10.75 10.54 10.24 9.88 9.82 9.94 10.20 10.33 10.34 10.29 10.17 9.95 9.58 9.17 8.87 8.84 9.06 9.20 9.31 9.61 10.22 10.72 10.91 10.41 9.67 9.20 8.95 8.95 9.18 9.35 8.86 7.81 6.88 6.69 6.76 6.72 6.89 7.14 7.33 7.31 7.31 6.98 6.38 5.90 6.01 6.83 7.95 8.65 8.91 9.02 9.18 9.54 9.70 9.86 9.69 9.35 8.98 8.44 7.24 6.33 5.96 6.00 6.24 6.38 6.36 6.28 6.29 6.41 6.56 6.62 6.55 6.57 6.68 6.89 7.32
9.35 9.54 9.96 10.27 10.25 10.05 9.81 9.61 9.52 9.53 9.43 9.30 9.41 9.76 10.15 10.42 10.49 10.32 10.00 9.64 9.30 8.97 8.69 8.60 8.72 8.93 9.18 9.65 10.21 10.42 10.15 9.51 9.05 8.58 8.10 7.84 7.96 8.42 8.64 8.22 7.14 6.72 6.91 7.39 7.69 7.94 7.94 7.42 6.70 5.91 5.57 5.78 6.90 8.41 9.20 9.23 9.25 9.34 9.51 9.74 9.85 10.01 9.80 9.37 8.77 7.91 7.17 7.06 7.54 8.10 8.43 8.48 8.43 8.31 8.18 8.15 8.13 7.98 7.87 7.86 7.57 7.43 7.67
9.19 9.24 9.28 9.47 9.52 9.28 8.93 8.63 8.50 8.50 8.47 8.43 8.50 8.80 9.18 9.49 9.74 9.79 9.64 9.37 9.06 8.75 8.50 8.33 8.32 8.46 8.65 9.14 9.78 9.93 9.69 9.24 8.90 8.40 7.65 7.02 7.03 7.51 8.07 8.11 7.40 6.79 6.74 7.09 7.40 7.73 7.76 6.96 6.11 5.76 6.10 7.39 9.22 10.46 10.86 10.35 9.96 9.77 9.81 10.09 10.33 10.50 10.24 9.68 9.37 9.36 9.77 10.41 11.01 11.45 11.54 11.49 11.39 11.26 11.04 10.85 10.68 10.35 9.92 9.27 8.37 7.74 7.81
9.28 9.28 8.99 8.84 8.97 8.99 8.74 8.42 8.23 8.13 8.21 8.28 8.37 8.54 8.74 8.95 9.16 9.33 9.36 9.18 8.83 8.43 8.13 7.98 7.94 7.99 8.07 8.55 9.32 9.48 9.38 9.24 9.09 8.77 8.01 6.99 6.67 6.73 7.05 7.25 6.92 6.28 5.88 5.84 6.23 6.87 7.43 7.20 6.82 7.06 8.38 10.23 11.53 12.04 11.77 10.93 10.29 10.01 10.08 10.55 10.96 11.34 11.27 11.16 11.35 12.02 12.90 13.74 14.35 14.65 14.72 14.65 14.56 14.45 14.23 13.90 13.53 13.09 12.22 10.87 9.37 8.19 7.82
9.41 9.42 9.10 8.74 8.74 8.97 9.08 8.91 8.69 8.65 8.96 9.26 9.42 9.49 9.51 9.48 9.41 9.34 9.22 9.01 8.66 8.24 7.87 7.68 7.66 7.77 7.92 8.43 8.97 8.90 8.55 8.71 8.86 8.98 8.83 8.07 7.28 6.69 6.56 6.77 6.69 6.37 6.15 6.10 6.36 6.91 7.85 8.36 8.68 9.63 11.21 12.28 12.69 12.25 11.60 10.76 10.26 10.08 9.98 10.16 10.56 11.23 11.63 11.82 12.34 13.01 13.58 14.20 14.57 14.77 14.92 15.05 15.09 15.05 14.87 14.57 14.25 13.95 13.38 12.49 11.28 9.83 8.42
9.40 9.33 9.07 8.93 8.83 8.93 9.17 9.28 9.23 9.29 9.80 10.37 10.59 10.59 10.46 10.15 9.78 9.41 9.13 8.93 8.68 8.30 7.85 7.50 7.46 7.71 7.99 8.40 8.51 7.99 7.62 7.74 7.99 8.60 9.01 8.98 8.20 7.50 7.33 7.54 7.73 7.92 8.11 8.10 8.13 8.60 9.74 10.96 12.14 13.01 13.37 13.26 12.59 11.53 10.86 10.20 9.78 9.43 9.07 8.84 9.08 9.64 10.63 11.08 11.45 11.55 11.30 11.15 10.99 11.13 11.49 11.99 12.21 12.26 12.16 12.08 12.16 12.13 12.05 12.07 11.87 11.26 10.14
9.22 8.86 8.49 8.50 8.54 8.66 8.94 9.22 9.38 9.51 9.96 10.56 10.80 10.79 10.54 10.06 9.50 9.08 8.86 8.71 8.52 8.23 7.83 7.45 7.37 7.61 7.91 8.14 7.90 7.12 6.86 6.97 7.17 7.63 8.43 8.77 8.64 8.48 8.61 9.04 9.41 9.67 9.82 9.99 10.31 11.03 12.12 13.21 14.01 14.24 13.93 13.03 12.01 10.92 10.25 9.65 9.13 8.58 8.26 8.03 8.16 8.58 9.15 9.66 9.68 8.90 7.97 7.04 6.67 6.79 7.21 7.80 8.16 8.19 8.30 8.37 8.73 8.93 9.03 9.39 10.05 10.42 10.31
8.94 8.41 7.81 7.66 7.78 8.10 8.57 9.01 9.32 9.46 9.60 9.81 9.95 9.86 9.56 9.10 8.67 8.37 8.22 8.14 8.01 7.84 7.72 7.65 7.62 7.65 7.79 7.89 7.58 7.01 6.81 6.89 7.00 7.22 7.61 8.13 8.53 8.68 8.98 9.55 10.08 10.25 10.44 10.81 11.49 12.27 12.97 13.44 13.53 13.29 12.85 12.21 11.42 10.64 10.02 9.46 8.98 8.56 8.50 8.45 8.58 8.73 8.77 8.87 8.42 7.44 6.48 5.87 5.72 5.70 5.54 5.33 5.37 5.50 5.65 5.85 6.27 6.64 6.70 6.57 6.76 7.23 7.56
8.77 8.31 7.72 7.48 7.43 7.52 7.83 8.39 8.79 8.92 8.80 8.59 8.38 8.14 7.86 7.69 7.54 7.34 7.27 7.43 7.67 7.79 7.90 8.01 7.95 7.87 7.88 7.96 7.94 7.85 7.69 7.45 7.26 7.10 7.10 7.52 7.96 8.12 8.30 8.72 9.32 9.73 10.07 10.68 11.55 12.13 12.27 11.84 11.04 10.91 11.15 11.29 11.02 10.59 10.07 9.59 9.21 9.03 9.15 9.12 9.06 8.97 8.68 8.58 8.20 7.45 7.03 6.82 6.60 6.15 5.34 4.31 3.76 3.64 3.76 4.00 4.42 4.80 4.86 4.44 4.06 4.03 4.39
8.87 8.61 8.34 8.17 7.91 7.49 7.09 7.21 7.64 7.85 7.79 7.47 7.02 6.65 6.49 6.47 6.45 6.37 6.47 6.97 7.69 8.25 8.49 8.43 8.32 8.23 8.22 8.32 8.41 8.51 8.23 7.72 7.23 6.82 6.75 7.05 7.45 7.71 7.73 7.89 8.30 8.86 9.42 10.29 11.10 11.31 10.81 9.85 9.37 9.42 9.84 10.29 10.42 10.36 9.91 9.54 9.22 9.09 9.15 8.89 8.52 8.20 8.01 8.11 8.20 8.01 7.91 7.74 6.96 5.97 4.79 3.87 3.31 3.00 2.82 2.71 2.74 2.90 2.98 2.96 2.97 3.30 4.18
9.24 9.34 9.48 9.35 8.93 8.25 7.31 6.93 7.05 7.34 7.38 7.10 6.77 6.58 6.45 6.37 6.40 6.47 6.71 7.29 8.09 8.86 9.15 9.14 9.07 9.05 8.96 8.86 8.79 8.78 8.35 7.95 7.65 7.31 7.08 7.35 7.92 8.28 8.26 8.23 8.39 8.76 9.27 10.15 10.56 10.24 9.20 8.47 8.09 8.15 8.60 9.20 9.65 9.68 9.34 9.03 8.73 8.47 8.22 7.67 7.15 6.89 7.11 7.60 8.27 8.49 8.43 7.78 6.67 5.67 4.93 4.63 4.47 3.98 3.19 2.51 2.17 2.18 2.47 2.91 3.62 4.81 6.40
9.59 9.94 10.30 10.25 9.91 9.33 8.57 8.05 7.79 7.78 7.78 7.68 7.67 7.75 7.85 7.91 7.97 8.11 8.21 8.49 9.02 9.63 10.00 10.19 10.31 10.32 10.02 9.64 9.53 9.67 9.66 9.49 9.32 8.99 8.46 8.49 9.09 9.52 9.65 9.61 9.58 9.45 9.60 10.07 9.97 9.00 7.99 7.21 6.92 7.05 7.53 8.22 8.85 8.88 8.69 8.45 8.09 7.59 7.05 6.67 6.58 6.77 7.36 7.93 8.47 8.49 8.04 7.31 6.45 6.13 6.23 6.35 5.89 5.01 4.04 3.43 3.26 3.38 3.79 4.70 6.19 7.88 8.96
9.65 9.83 10.06 10.22 10.34 10.25 9.80 9.26 8.71 8.31 8.17 8.32 8.70 9.14 9.61 9.88 10.11 10.31 10.44 10.46 10.62 10.72 10.91 11.20 11.43 11.29 10.93 10.51 10.43 10.53 10.65 10.52 10.32 10.00 9.45 9.20 9.45 9.88 10.29 10.52 10.49 10.20 9.97 9.74 8.90 7.72 6.78 6.20 5.97 5.99 6.45 7.14 7.80 8.20 8.31 8.17 7.89 7.50 7.24 7.38 7.68 8.21 8.84 9.21 9.21 8.80 8.01 7.56 7.35 7.52 7.76 7.54 6.63 5.53 4.89 4.77 4.99 5.43 6.29 7.57 9.07 9.99 10.13
9.54 9.35 9.28 9.54 10.00 10.39 10.36 9.81 9.06 8.39 8.10 8.31 8.94 9.71 10.38 10.85 11.17 11.46 11.73 11.81 11.68 11.46 11.44 11.62 11.68 11.52 11.28 10.99 10.86 10.64 10.06 9.53 9.25 9.21 9.18 9.22 9.30 9.59 10.00 10.46 10.72 10.50 10.00 9.13 7.69 6.35 5.55 5.20 4.99 5.04 5.29 5.85 6.79 7.68 8.20 8.34 8.31 8.27 8.39 8.50 8.82 9.45 10.12 10.62 10.54 10.21 9.30 8.87 9.00 9.14 8.69 7.85 6.97 6.54 6.54 6.84 7.45 8.28 9.37 10.41 10.92 10.73 9.94
9.48 9.16 8.83 8.82 9.02 9.35 9.62 9.47 8.90 8.21 7.74 7.67 8.08 8.80 9.49 9.93 10.24 10.41 10.50 10.60 10.68 10.71 10.76 10.74 10.59 10.55 10.55 10.60 10.63 10.52 9.91 8.93 8.31 8.22 8.72 9.29 9.72 9.89 10.01 10.16 10.29 9.93 9.31 8.38 7.07 5.70 4.84 4.54 4.56 4.69 4.83 5.28 6.25 7.42 8.31 8.85 9.18 9.37 9.39 9.22 9.39 10.21 11.06 11.63 11.81 11.93 11.49 10.62 10.35 10.26 9.52 8.75 8.47 8.91 9.57 10.26 11.02 11.72 12.20 12.15 11.54 10.49 9.45
9.34 8.88 8.34 8.18 7.91 7.86 8.16 8.42 8.25 7.68 7.01 6.53 6.38 6.58 6.98 7.32 7.53 7.46 7.05 6.90 7.54 8.29 8.51 8.28 7.97 8.33 8.99 9.44 9.83 10.29 10.47 10.23 9.70 9.29 9.26 9.60 9.98 10.06 9.86 9.58 9.34 9.04 8.60 8.16 7.41 6.39 5.62 5.50 5.63 5.74 5.85 6.23 6.89 7.72 8.45 9.09 9.67 10.19 10.37 10.50 10.92 11.63 11.95 11.99 12.17 12.59 12.59 12.23 11.90 11.77 11.55 11.42 11.78 12.38 12.89 13.32 13.66 13.78 13.48 12.54 11.38 10.30 9.43
8.92 8.29 7.64 7.51 7.33 7.17 7.18 7.41 7.48 7.03 6.23 5.37 4.66 4.24 4.17 4.40 4.67 4.63 4.40 4.27 4.60 5.28 5.61 5.56 5.80 6.57 7.75 8.44 8.89 9.22 9.88 10.50 10.72 10.61 10.08 9.69 9.44 9.30 8.93 8.51 8.31 8.52 8.65 8.84 8.77 8.69 8.30 8.12 8.07 8.07 8.14 8.21 8.24 8.37 8.54 8.87 9.38 10.10 10.86 11.62 12.31 12.41 11.97 11.28 10.87 11.37 12.19 12.46 12.82 13.13 13.43 13.72 14.07 14.35 14.15 14.09 13.94 13.58 12.83 11.89 11.01 10.24 9.52
8.69 8.18 7.51 7.22 7.12 7.07 6.99 7.03 7.11 6.85 6.15 5.21 4.23 3.45 3.00 2.91 3.20 3.83 4.31 4.32 4.03 3.84 3.83 4.23 5.06 6.20 7.49 8.05 8.16 7.97 8.29 9.05 9.86 10.28 9.94 9.14 8.30 7.80 7.68 7.61 7.72 8.36 9.06 9.73 10.11 10.51 10.60 10.31 10.05 9.89 9.53 9.13 8.86 8.77 8.76 8.90 9.31 10.07 10.95 11.66 11.92 11.52 10.66 9.68 9.33 9.77 10.73 11.54 12.19 12.84 13.20 13.37 13.44 13.30 12.96 12.47 11.91 11.24 10.85 10.51 10.05 9.60 9.10
8.88 8.64 8.21 7.78 7.51 7.40 7.30 7.25 7.28 7.22 6.90 6.30 5.57 4.70 3.94 3.50 3.66 4.56 5.66 6.05 5.58 4.75 4.31 4.55 5.44 6.74 7.79 8.05 7.78 7.27 7.09 7.32 8.07 8.70 8.90 8.55 7.87 7.32 7.27 7.66 8.18 8.97 9.50 9.98 10.33 10.75 10.94 10.93 10.77 10.35 9.48 8.90 8.77 8.91 9.03 9.19 9.57 10.28 10.83 10.92 10.45 9.58 8.85 8.44 8.51 8.96 9.50 10.09 10.66 11.14 11.34 11.21 10.82 10.55 10.44 10.13 9.42 8.65 8.32 8.45 8.39 8.16 7.83
9.03 8.97 8.84 8.59 8.28 8.01 7.86 7.91 8.03 8.21 8.29 8.16 7.79 7.06 6.15 5.37 5.07 5.49 6.40 7.33 7.43 6.91 6.31 6.21 6.74 7.69 8.39 8.56 8.30 7.56 6.99 6.59 6.64 7.17 7.97 8.59 8.77 8.81 8.88 9.11 9.51 9.86 9.79 9.71 9.75 9.96 10.21 10.45 10.51 10.29 9.57 9.04 8.91 9.04 9.17 9.27 9.56 10.09 10.37 9.95 9.19 8.46 8.05 7.93 7.96 8.15 8.37 8.71 9.17 9.47 9.58 9.40 8.87 8.30 8.06 8.19 7.76 6.86 6.08 6.07 6.36 6.13 5.83
9.05 9.03 9.00 8.83 8.63 8.44 8.50 8.76 9.17 9.64 10.01 10.09 9.68 8.95 8.01 7.08 6.39 6.23 6.65 7.75 8.55 8.85 8.72 8.40 8.39 8.93 9.41 9.57 9.48 8.83 8.17 7.50 7.06 7.28 8.09 9.08 9.90 10.48 10.64 10.53 10.34 10.12 9.67 9.32 9.20 9.16 9.29 9.42 9.63 9.79 9.69 9.38 9.17 9.16 9.31 9.47 9.76 10.08 9.89 9.12 8.33 7.89 7.66 7.47 7.40 7.61 7.88 8.09 8.20 8.33 8.30 8.25 8.03 7.32 6.51 6.34 6.34 5.73 4.73 4.24 4.31 4.24 3.98
9.11 9.09 9.06 8.80 8.55 8.49 8.70 9.10 9.73 10.41 10.99 11.18 11.04 10.58 9.82 8.83 7.82 7.19 7.21 7.97 8.92 9.80 9.94 9.80 9.83 10.30 10.48 10.35 10.21 9.96 9.67 9.25 8.81 8.72 8.99 9.49 10.00 10.37 10.48 10.26 9.94 9.67 9.31 8.94 8.66 8.30 8.19 8.16 8.24 8.57 8.97 9.10 9.10 9.16 9.45 9.76 9.97 9.79 8.99 8.04 7.52 7.35 7.27 7.36 7.52 7.83 7.88 7.60 7.24 7.16 7.14 7.09 7.18 6.88 5.98 5.29 5.14 4.91 4.05 3.31 3.12 3.20 3.27
9.14 9.08 8.96 8.68 8.37 8.27 8.33 8.47 8.83 9.40 10.10 10.74 11.27 11.51 11.37 10.78 9.75 8.62 8.12 8.31 8.81 9.71 10.25 10.54 10.85 11.12 10.92 10.33 9.92 9.99 10.24 10.35 10.22 9.81 9.49 9.38 9.31 9.22 9.21 9.34 9.40 9.35 9.12 8.70 8.19 7.70 7.45 7.25 7.15 7.24 7.58 7.99 8.40 8.76 9.21 9.42 9.27 8.60 7.53 6.93 6.80 6.84 7.08 7.51 7.75 7.69 7.30 6.57 5.82 5.49 5.52 5.33 5.28 5.60 5.45 4.83 4.39 4.21 3.79 3.36 3.13 3.20 3.50
9.04 8.89 8.61 8.47 8.29 8.16 7.99 7.64 7.28 7.17 7.54 8.61 9.94 11.08 11.82 11.96 11.43 10.39 9.35 8.94 9.00 9.59 10.18 10.80 11.19 11.13 10.56 9.81 9.11 9.02 9.38 9.83 10.04 9.76 9.38 9.09 8.86 8.82 9.08 9.39 9.44 9.33 9.12 8.85 8.45 8.01 7.66 7.12 6.52 6.15 6.24 6.81 7.61 8.20 8.58 8.45 7.77 6.81 6.14 5.96 5.90 5.90 6.29 6.75 6.77 6.61 6.35 5.74 4.84 4.08 3.79 3.70 3.73 4.03 4.37 4.35 4.20 4.19 4.21 4.19 4.19 4.32 4.72
8.93 8.68 8.36 8.37 8.37 8.31 8.09 7.64 6.90 6.10 5.70 6.14 7.48 9.21 10.74 11.67 11.97 11.61 10.76 10.03 9.85 9.99 10.32 10.88 11.17 10.91 10.23 9.31 8.40 7.84 7.69 7.91 8.46 8.87 9.04 9.02 8.97 9.08 9.41 9.62 9.51 9.28 9.16 9.13 8.91 8.31 7.59 6.63 6.03 5.98 6.38 7.15 7.91 8.22 8.06 7.48 6.50 5.68 5.29 5.15 4.98 4.82 4.87 5.11 5.41 5.84 6.36 6.31 5.63 4.86 4.47 4.29 4.11 3.99 4.13 4.40 4.64 4.93 5.25 5.52 5.76 6.15 6.63
8.94 8.69 8.42 8.44 8.52 8.51 8.41 8.26 7.89 7.11 6.16 5.69 6.12 7.31 8.89 10.30 11.30 11.85 11.72 11.29 11.11 11.14 11.31 11.51 11.44 11.04 10.35 9.42 8.40 7.67 7.23 7.19 7.45 7.91 8.41 8.78 8.93 8.99 9.15 9.38 9.22 8.94 8.80 8.82 8.65 7.86 7.13 6.76 7.05 7.75 8.43 8.85 8.95 8.65 8.08 7.46 6.99 6.62 6.29 5.94 5.65 5.40 5.28 5.45 6.22 7.21 8.12 8.37 8.00 7.44 6.95 6.43 5.69 5.17 5.03 5.18 5.56 6.04 6.49 7.04 7.77 8.63 9.40
8.96 8.68 8.45 8.51 8.67 8.72 8.76 8.97 9.24 9.21 8.61 7.73 7.26 7.46 8.20 9.43 10.60 11.74 12.26 12.37 12.47 12.45 12.34 12.06 11.67 11.22 10.82 10.30 9.50 9.05 8.80 8.57 8.19 8.04 8.25 8.56 8.75 8.85 8.88 8.72 8.47 8.28 8.28 8.36 8.39 8.30 8.50 9.12 9.79 10.23 10.35 10.08 9.56 8.93 8.61 8.62 8.71 8.78 8.68 8.45 8.26 8.25 8.40 8.83 9.40 9.81 9.91 9.85 9.46 8.82 8.07 7.22 6.33 5.92 5.94 6.24 6.67 7.24 8.05 9.37 10.97 12.33 13.28
8.92 8.65 8.44 8.57 8.83 8.97 9.12 9.49 10.15 10.78 10.94 10.67 10.13 9.53 9.32 9.76 10.65 11.90 12.87 13.32 13.59 13.41 12.74 12.07 11.46 11.20 11.22 11.18 10.84 10.44 10.15 9.95 9.57 9.27 9.07 8.96 8.92 8.84 8.57 8.21 8.09 8.34 8.56 8.77 8.99 9.37 9.96 10.54 10.77 10.61 10.35 10.02 9.63 9.19 9.05 9.23 9.40 9.69 10.00 10.26 10.45 10.70 10.90 10.98 10.73 10.22 9.64 9.51 9.22 8.47 7.55 6.79 6.34 6.26 6.56 7.17 7.91 8.87 10.35 12.35 14.16 15.42 15.89
