project/data/elevation/US_DEM2016/US_DEM2016_point_10-31-2019_1702_30m_vel.asc
ncols	125
nrows	167
xllcorner	-2042055.000000
yllcorner	1465035.000000
cellsize	30.000000
NODATA_value	-9999.000000
[rows 0 to 37 of 167, columns 0 to 83 of 125]
6.03 5.47 4.99 5.53 6.64 7.98 9.24 10.16 10.52 10.73 11.08 11.74 12.03 11.40 10.84 10.83 10.91 10.77 10.21 9.64 9.28 9.31 9.70 10.16 10.48 10.46 10.11 9.10 7.72 6.32 5.11 4.11 3.42 3.06 2.98 3.11 3.53 4.27 5.06 5.52 5.74 5.87 5.98 5.96 5.64 5.16 4.81 4.90 5.40 6.26 7.16 8.06 8.83 9.59 9.89 9.97 9.75 8.88 8.03 7.43 7.07 6.97 7.16 7.73 8.14 8.26 8.11 7.57 6.64 6.02 5.86 6.02 6.33 6.66 6.93 7.10 7.29 7.69 8.25 8.72 9.09 9.16 8.58 8.26
6.03 5.47 4.99 5.53 6.64 7.98 9.24 10.16 10.52 10.73 11.08 11.74 12.03 11.40 10.84 10.83 10.91 10.77 10.21 9.64 9.28 9.31 9.70 10.16 10.48 10.46 10.11 9.10 7.72 6.32 5.11 4.11 3.42 3.06 2.98 3.11 3.53 4.27 5.06 5.52 5.74 5.87 5.98 5.96 5.64 5.16 4.81 4.90 5.40 6.26 7.16 8.06 8.83 9.59 9.89 9.97 9.75 8.88 8.03 7.43 7.07 6.97 7.16 7.73 8.14 8.26 8.11 7.57 6.64 6.02 5.86 6.02 6.33 6.66 6.93 7.10 7.29 7.69 8.25 8.72 9.09 9.16 8.58 8.26
5.92 5.45 5.15 5.65 6.46 7.53 8.57 9.35 9.76 9.94 10.25 10.79 10.98 10.69 10.28 10.24 10.34 10.33 9.95 9.35 9.09 9.17 9.45 9.69 9.78 9.62 9.01 8.00 6.90 5.80 4.83 4.07 3.55 3.29 3.22 3.32 3.63 4.13 4.66 5.07 5.26 5.38 5.51 5.69 5.79 5.76 5.69 5.71 6.07 6.67 7.34 7.94 8.47 8.88 9.08 9.16 9.13 8.82 8.24 7.55 7.00 6.70 6.84 7.18 7.44 7.54 7.58 7.49 7.26 6.86 6.61 6.54 6.53 6.54 6.56 6.64 6.86 7.29 7.73 8.01 8.15 8.27 8.26 8.30
6.25 5.82 5.68 6.03 6.49 7.00 7.56 7.89 7.98 8.11 8.48 8.79 8.90 8.82 8.80 8.80 8.87 9.11 9.06 8.81 8.81 8.94 8.92 8.65 8.31 7.89 7.24 6.57 5.92 5.31 4.77 4.38 4.20 4.15 4.12 4.08 4.09 4.18 4.29 4.52 4.92 5.25 5.55 5.90 6.34 6.69 6.91 6.95 7.05 7.28 7.55 7.67 7.68 7.55 7.47 7.28 7.30 7.59 7.75 7.64 7.31 6.95 6.67 6.44 6.16 6.05 6.27 6.74 7.17 7.38 7.34 7.07 6.68 6.29 6.01 5.96 6.16 6.49 6.66 6.56 6.57 7.05 7.71 8.24
6.63 6.29 6.23 6.40 6.60 6.83 6.94 6.94 6.75 6.67 6.81 7.04 7.19 7.23 7.33 7.38 7.44 7.69 8.10 8.50 8.79 8.69 8.27 7.59 6.91 6.46 6.24 6.05 5.83 5.62 5.43 5.34 5.38 5.42 5.34 5.11 4.85 4.70 4.64 4.79 5.23 5.75 6.28 6.75 6.99 7.21 7.37 7.53 7.64 7.70 7.71 7.54 7.16 6.69 6.24 5.55 5.19 5.35 5.98 6.72 7.11 7.11 6.78 6.12 5.51 5.09 4.97 5.19 5.64 6.01 6.17 6.11 5.90 5.67 5.52 5.54 5.67 5.79 5.80 5.71 5.87 6.54 7.33 7.70
6.68 6.47 6.52 6.69 6.69 6.71 6.62 6.30 6.05 5.91 5.79 5.89 6.18 6.42 6.74 6.96 7.09 7.18 7.61 8.20 8.46 8.11 7.42 6.56 5.90 5.73 5.84 5.98 6.10 6.20 6.31 6.39 6.40 6.27 6.03 5.72 5.48 5.34 5.25 5.22 5.34 5.65 6.17 6.78 7.14 7.31 7.44 7.66 7.79 7.82 7.75 7.54 7.15 6.41 5.58 4.87 4.63 4.73 5.04 5.44 5.87 6.16 6.07 5.57 5.06 4.68 4.45 4.35 4.32 4.37 4.47 4.56 4.64 4.76 4.92 5.09 5.23 5.32 5.40 5.49 5.71 6.20 6.68 6.70
6.80 6.78 6.89 7.05 6.93 6.65 6.27 5.76 5.46 5.38 5.29 5.25 5.51 6.09 6.70 6.98 7.24 7.34 7.35 7.41 7.45 7.13 6.53 5.90 5.62 5.63 5.75 5.91 6.18 6.53 6.82 6.98 6.87 6.67 6.46 6.29 6.20 6.10 5.88 5.59 5.42 5.47 5.69 6.08 6.46 6.56 6.65 6.86 7.19 7.40 7.53 7.49 7.19 6.85 6.40 5.99 5.98 5.98 5.79 5.48 5.16 5.00 4.92 4.79 4.59 4.42 4.29 4.22 4.16 4.07 4.02 4.04 4.15 4.32 4.51 4.66 4.75 4.88 5.14 5.39 5.61 5.87 5.98 5.70
6.91 7.11 7.47 7.47 7.24 6.60 5.89 5.30 5.12 5.22 5.17 4.96 5.21 5.94 6.54 6.65 6.84 6.98 6.73 6.39 6.27 6.12 5.85 5.69 5.66 5.72 5.83 5.93 6.15 6.53 6.94 7.19 7.24 7.30 7.43 7.63 7.67 7.45 7.03 6.51 5.98 5.61 5.49 5.43 5.37 5.38 5.43 5.68 6.28 7.01 7.35 7.41 7.37 7.55 7.67 7.66 7.40 7.01 6.45 5.76 5.05 4.55 4.40 4.40 4.37 4.28 4.26 4.34 4.41 4.35 4.23 4.16 4.19 4.29 4.42 4.52 4.59 4.79 5.12 5.32 5.43 5.52 5.43 5.06
7.24 7.51 8.00 7.90 7.48 6.78 5.96 5.48 5.48 5.51 5.36 5.20 5.41 5.90 6.15 6.02 5.98 6.09 5.94 5.69 5.63 5.48 5.26 5.29 5.42 5.62 5.95 6.27 6.47 6.66 7.05 7.49 7.93 8.52 9.17 9.57 9.56 9.21 8.69 8.05 7.29 6.50 5.89 5.51 5.26 5.15 5.39 5.84 6.61 7.22 7.31 6.97 6.75 6.92 7.20 7.27 6.98 6.43 5.78 5.21 4.79 4.54 4.46 4.51 4.55 4.55 4.64 4.77 4.73 4.55 4.37 4.28 4.35 4.58 4.88 5.12 5.34 5.64 5.80 5.71 5.52 5.37 5.19 5.29
7.41 7.80 8.21 8.08 7.65 7.15 6.50 6.30 6.49 6.56 6.24 5.92 5.93 5.98 5.80 5.46 5.26 5.38 5.56 5.61 5.59 5.25 4.88 4.90 5.16 5.49 5.93 6.40 6.80 7.12 7.58 8.15 8.85 9.57 10.07 10.18 10.03 9.79 9.56 9.26 8.74 8.00 7.21 6.55 6.06 5.99 6.16 6.69 7.32 7.50 7.12 6.13 5.36 4.82 4.90 5.20 5.28 5.03 4.75 4.55 4.46 4.45 4.50 4.68 5.04 5.32 5.55 5.58 5.18 4.68 4.51 4.65 5.04 5.58 6.06 6.42 6.80 7.14 7.19 6.89 6.46 6.14 5.96 5.80
7.65 7.74 8.08 8.16 7.94 7.73 7.61 7.82 8.06 7.97 7.58 7.08 6.62 6.14 5.61 5.07 4.85 5.21 5.73 6.04 5.97 5.54 5.14 5.10 5.33 5.63 5.92 6.35 7.02 7.80 8.45 8.96 9.34 9.44 9.18 8.70 8.58 8.89 9.24 9.42 9.37 9.00 8.36 7.60 6.99 6.67 6.62 7.07 7.51 7.42 6.62 5.53 4.61 3.99 3.72 3.69 3.86 4.08 4.23 4.32 4.37 4.46 4.66 5.03 5.62 6.23 6.51 6.31 5.74 5.09 5.03 5.53 6.23 6.86 7.37 7.76 8.10 8.20 8.01 7.67 7.37 7.16 6.94 6.64
7.57 7.31 7.56 8.19 8.57 8.83 9.14 9.46 9.60 9.28 8.75 8.19 7.53 6.64 5.75 5.22 5.07 5.48 6.10 6.44 6.34 5.99 5.67 5.58 5.72 6.02 6.39 6.94 7.69 8.42 8.79 8.89 8.64 8.03 7.15 6.61 6.80 7.41 7.94 8.34 8.68 8.89 8.80 8.40 7.81 7.25 7.03 7.27 7.33 6.91 5.90 5.19 4.72 4.18 3.68 3.35 3.41 3.80 4.18 4.42 4.61 4.92 5.35 5.81 6.34 6.78 6.92 6.74 6.36 6.03 5.97 6.47 7.07 7.66 8.06 8.24 8.12 7.68 6.97 6.48 6.29 6.23 6.20 6.14
7.07 6.70 6.74 7.70 8.65 9.32 9.74 9.89 9.90 9.64 9.24 8.81 8.30 7.40 6.51 6.00 5.81 5.88 6.13 6.26 6.15 5.94 5.78 5.75 5.96 6.35 6.86 7.39 7.75 7.88 7.73 7.29 6.56 5.68 5.19 5.36 5.84 6.12 6.19 6.51 7.06 7.68 8.22 8.47 8.31 7.82 7.44 7.39 6.94 5.97 5.00 4.53 4.11 3.73 3.44 3.39 3.61 4.00 4.43 4.82 5.22 5.69 6.17 6.54 6.79 6.89 6.90 6.99 7.04 6.99 7.01 7.31 7.80 8.10 8.00 7.49 6.63 5.53 4.63 4.19 4.10 4.26 4.55 4.83
7.02 6.82 6.70 6.99 7.61 8.23 8.56 8.61 8.47 8.40 8.46 8.49 8.39 8.01 7.49 6.95 6.50 6.14 5.90 5.64 5.41 5.35 5.42 5.55 5.78 6.06 6.31 6.36 6.14 5.78 5.31 4.63 3.97 3.57 3.74 4.32 4.65 4.61 4.59 4.86 5.28 5.86 6.55 7.16 7.59 7.65 7.51 7.29 6.70 5.58 4.57 3.76 3.26 3.17 3.35 3.72 4.09 4.44 4.88 5.47 6.00 6.44 6.74 6.96 7.10 7.17 7.25 7.44 7.62 7.66 7.75 8.06 8.23 7.86 6.94 5.68 4.52 3.85 3.61 3.63 3.87 4.23 4.53 4.62
7.34 7.43 7.07 6.59 6.18 6.09 6.06 5.88 5.70 5.90 6.35 6.87 7.21 7.46 7.54 7.34 6.88 6.31 5.72 5.12 4.70 4.76 5.01 5.16 5.17 5.06 4.84 4.45 4.02 3.71 3.43 3.20 3.12 3.20 3.37 3.50 3.54 3.65 3.81 3.96 4.11 4.36 4.74 5.30 6.10 7.08 7.39 7.29 6.74 5.86 4.72 3.82 3.48 3.64 4.09 4.50 4.70 4.90 5.33 6.03 6.75 7.17 7.44 7.66 7.87 8.08 8.20 8.21 8.20 8.17 8.25 8.36 7.89 6.64 5.26 4.35 4.02 3.98 4.16 4.56 5.04 5.45 5.59 5.57
7.38 7.30 6.82 6.08 4.98 4.17 3.65 3.35 3.36 3.57 3.97 4.40 4.96 5.66 6.40 6.84 6.84 6.38 5.69 4.99 4.63 4.69 4.84 4.82 4.58 4.21 3.84 3.62 3.51 3.38 3.32 3.46 3.79 4.02 4.01 3.93 3.91 4.04 4.21 4.33 4.37 4.47 4.72 5.31 6.19 7.24 7.60 7.42 6.74 5.77 4.98 4.59 4.54 4.87 5.25 5.43 5.38 5.45 5.95 6.81 7.61 8.22 8.59 8.78 8.99 9.27 9.40 9.36 9.24 9.08 8.85 8.26 6.96 5.61 4.94 4.87 5.01 5.02 5.12 5.50 6.06 6.44 6.52 6.74
6.93 6.46 5.79 5.19 4.11 3.28 2.87 2.82 2.98 3.34 3.69 3.92 4.29 4.92 5.57 6.09 6.36 6.28 5.85 5.39 5.15 5.05 4.92 4.70 4.45 4.22 4.12 4.23 4.31 4.25 4.12 4.12 4.39 4.82 5.06 5.16 5.19 5.19 5.21 5.33 5.58 5.95 6.38 7.04 7.76 8.15 7.96 7.49 6.77 6.04 5.53 5.42 5.59 5.95 6.28 6.40 6.26 6.45 7.13 8.05 8.95 9.59 9.93 10.02 10.00 10.04 10.17 10.27 10.31 10.01 9.38 8.32 6.79 6.12 6.24 6.55 6.57 6.34 6.25 6.52 6.95 7.32 7.63 8.05
6.74 6.23 5.39 4.60 4.01 3.71 3.83 4.22 4.71 5.25 5.63 5.79 5.98 6.07 6.02 5.85 5.89 6.05 6.06 5.92 5.69 5.37 5.03 4.79 4.70 4.75 4.89 5.05 5.18 5.25 5.17 4.97 5.01 5.40 5.87 6.25 6.43 6.43 6.36 6.52 7.03 7.54 8.08 8.53 8.68 8.29 7.64 7.13 6.75 6.44 6.12 6.06 6.32 6.78 7.12 7.20 7.28 7.62 8.47 9.42 10.11 10.39 10.41 10.32 10.16 9.99 9.94 10.00 10.22 10.17 9.81 9.34 8.54 8.32 8.68 8.97 8.91 8.55 8.34 8.29 8.34 8.51 8.82 9.05
6.84 6.49 5.63 4.85 4.64 5.11 5.91 6.69 7.38 7.88 8.17 8.27 8.14 7.62 6.87 6.19 5.90 5.99 6.13 6.12 5.91 5.59 5.27 5.12 5.17 5.31 5.42 5.57 5.81 6.09 6.29 6.31 6.33 6.45 6.77 7.24 7.65 7.78 7.87 8.12 8.50 8.82 8.94 8.74 8.07 7.04 6.17 6.00 6.33 6.48 6.62 6.76 7.13 7.56 7.75 7.70 7.92 8.57 9.45 10.03 10.14 9.88 9.51 9.32 9.29 9.29 9.31 9.25 9.23 9.45 9.96 10.40 10.85 11.06 11.28 11.61 11.75 11.64 11.39 10.94 10.45 10.00 9.72 9.34
6.57 6.02 5.22 4.92 5.49 6.61 7.83 8.80 9.43 9.63 9.58 9.37 9.00 8.31 7.56 6.89 6.44 6.24 6.21 6.16 6.05 5.93 5.82 5.79 5.80 5.83 5.94 6.14 6.40 6.76 7.25 7.73 8.13 8.42 8.62 8.83 8.94 8.94 9.13 9.39 9.43 9.17 8.62 7.71 6.52 5.38 4.79 4.99 5.90 6.61 7.16 7.60 7.97 8.10 8.06 7.97 8.38 9.16 9.58 9.57 9.05 8.36 7.80 7.59 7.76 8.11 8.38 8.42 8.24 8.40 9.25 10.28 11.17 11.68 12.04 12.54 12.89 12.93 12.69 12.31 11.72 11.02 10.15 9.18
5.79 5.27 4.85 5.31 6.64 8.17 9.24 9.81 9.97 9.74 9.37 9.00 8.64 8.23 7.89 7.47 6.99 6.57 6.39 6.33 6.35 6.48 6.67 6.80 6.81 6.76 6.90 7.09 7.31 7.67 8.29 9.05 9.70 10.15 10.32 10.11 9.76 9.55 9.55 9.47 9.01 8.18 7.14 5.97 5.01 4.55 4.56 5.19 6.28 7.23 8.09 8.71 8.92 8.71 8.44 8.48 8.90 9.13 9.01 8.34 7.43 6.58 5.92 5.57 5.77 6.05 6.32 6.51 6.63 6.94 7.54 8.41 9.35 10.01 10.49 10.96 11.29 11.39 11.45 11.39 11.24 10.79 10.15 9.17
6.21 5.94 6.07 7.09 8.46 9.46 9.79 9.65 9.26 8.65 8.21 7.93 7.68 7.59 7.57 7.42 7.10 6.74 6.62 6.74 7.05 7.48 7.90 8.16 8.25 8.25 8.32 8.47 8.72 9.13 9.73 10.25 10.53 10.54 10.25 9.77 9.40 9.09 8.78 8.17 7.28 6.30 5.31 4.54 4.33 4.64 5.34 6.36 7.22 8.16 8.93 9.28 9.35 9.29 9.03 8.95 8.94 8.63 7.93 6.81 5.75 4.88 4.08 3.72 3.71 3.67 3.61 3.88 4.43 4.93 5.70 6.26 6.67 6.94 7.19 7.53 7.53 7.74 8.11 8.43 9.18 9.78 9.92 9.67
7.23 7.65 8.53 9.25 9.73 9.85 9.36 8.65 7.94 7.48 7.24 7.05 6.87 6.81 6.84 6.89 6.85 6.77 6.91 7.26 7.82 8.41 8.89 9.25 9.37 9.46 9.58 9.78 10.10 10.48 10.73 10.60 10.11 9.38 8.54 7.99 7.99 7.77 7.11 6.14 5.18 4.56 4.17 4.24 4.71 5.37 6.28 7.20 8.07 8.82 9.13 9.20 9.16 9.20 9.18 8.95 8.49 7.75 6.66 5.51 4.48 3.48 2.84 2.69 2.71 2.64 2.67 2.97 3.46 4.05 4.61 5.06 5.16 5.03 4.85 4.89 5.13 5.66 6.16 6.60 7.31 8.31 9.18 9.50
7.84 8.57 9.55 9.81 9.70 9.25 8.40 7.66 7.00 6.76 6.68 6.51 6.38 6.29 6.27 6.43 6.61 6.80 7.06 7.32 7.63 7.98 8.41 8.94 9.30 9.63 9.97 10.30 10.54 10.57 10.23 9.42 8.28 7.30 6.64 6.44 6.37 5.89 5.06 4.38 3.95 3.84 4.11 4.83 5.53 6.21 7.02 7.80 8.52 8.82 8.63 8.33 8.25 8.39 8.50 8.35 7.84 7.06 6.00 5.01 4.09 3.21 2.74 2.72 2.84 2.94 3.21 3.70 4.11 4.27 4.41 4.56 4.52 4.24 3.93 3.93 4.46 5.17 5.53 5.74 6.23 6.87 7.76 8.42
8.16 8.58 9.12 9.16 8.82 8.12 7.41 6.88 6.53 6.37 6.24 6.04 5.94 5.90 5.96 6.18 6.51 6.77 6.88 6.81 6.71 6.70 6.95 7.48 8.28 8.99 9.56 9.86 9.77 9.25 8.34 7.15 5.99 5.32 5.08 4.99 4.59 4.02 3.63 3.63 3.86 4.32 5.02 5.71 6.43 7.19 7.78 8.33 8.58 8.36 7.93 7.65 7.55 7.57 7.66 7.66 7.45 6.96 6.13 5.21 4.47 4.02 3.94 4.11 4.24 4.35 4.71 4.96 4.79 4.50 4.32 4.32 4.20 3.90 3.63 3.78 4.30 4.65 4.67 4.85 5.25 5.61 6.29 7.23
8.44 8.17 8.02 8.13 7.90 7.37 6.81 6.32 6.09 5.96 5.78 5.63 5.53 5.56 5.79 6.13 6.52 6.75 6.76 6.61 6.52 6.57 6.85 7.39 8.14 8.73 8.93 8.74 8.16 7.28 6.21 5.25 4.43 3.97 3.80 3.71 3.52 3.37 3.46 3.89 4.58 5.37 5.99 6.67 7.45 8.10 8.52 8.64 8.35 7.81 7.33 7.06 6.94 6.98 7.20 7.36 7.41 7.23 6.72 5.98 5.46 5.35 5.56 5.81 5.93 6.07 6.13 5.75 5.08 4.75 4.67 4.38 4.02 3.81 3.75 3.93 4.17 4.13 4.02 4.26 4.56 4.79 5.31 6.34
8.62 8.08 7.44 7.43 7.46 7.31 7.03 6.55 6.23 6.08 5.90 5.78 5.69 5.76 6.01 6.40 6.71 6.99 7.15 7.22 7.42 7.82 8.34 8.77 8.90 8.66 8.08 7.29 6.39 5.54 4.69 4.07 3.75 3.65 3.58 3.58 3.74 4.03 4.32 4.70 5.34 6.00 6.70 7.56 8.34 8.89 9.02 8.68 8.04 7.29 6.64 6.25 6.27 6.54 6.95 7.32 7.46 7.50 7.44 7.24 7.10 7.23 7.49 7.67 7.72 7.57 7.16 6.59 6.11 5.94 5.55 4.87 4.20 4.07 4.13 4.11 4.11 4.09 4.14 4.29 4.42 4.55 4.89 5.57
8.75 8.16 7.34 7.17 7.24 7.38 7.50 7.34 7.09 6.98 6.89 6.69 6.65 6.69 6.80 6.88 7.06 7.35 7.71 8.05 8.48 8.94 9.19 9.08 8.57 7.73 6.75 5.76 4.85 4.19 3.85 3.74 3.87 4.21 4.40 4.48 4.64 4.97 5.32 5.56 5.89 6.40 7.25 8.20 8.96 9.30 9.12 8.53 7.77 6.95 6.16 5.81 5.97 6.38 6.81 7.06 7.18 7.55 7.94 8.29 8.78 9.34 9.81 10.04 9.80 9.30 8.60 8.05 7.85 7.46 6.49 5.41 4.93 5.00 4.92 4.53 4.38 4.55 4.70 4.72 4.66 4.63 4.78 5.05
8.60 7.90 7.01 6.77 6.82 7.21 7.56 7.73 7.66 7.60 7.54 7.36 7.35 7.43 7.49 7.40 7.29 7.42 7.82 8.30 8.66 8.73 8.35 7.59 6.75 5.96 5.21 4.47 3.86 3.63 3.78 4.30 4.79 5.10 5.37 5.57 5.71 5.89 6.17 6.27 6.47 6.94 7.85 8.65 9.18 9.18 8.72 8.12 7.60 7.09 6.52 6.14 6.19 6.42 6.50 6.57 6.92 7.60 8.21 8.93 9.74 10.44 10.90 11.09 11.17 10.88 10.35 9.87 9.31 8.50 7.45 6.52 6.27 6.22 5.89 5.49 5.48 5.70 5.68 5.38 5.03 4.80 4.73 4.73
8.27 7.79 7.05 6.70 6.65 6.86 7.28 7.65 7.74 7.58 7.29 7.01 6.98 7.11 7.24 7.23 7.10 7.17 7.50 7.78 7.74 7.22 6.37 5.50 4.79 4.24 3.81 3.55 3.53 3.83 4.59 5.41 5.86 6.09 6.25 6.43 6.64 6.78 6.83 6.93 7.18 7.68 8.29 8.79 8.82 8.37 7.73 7.42 7.49 7.53 7.39 7.15 6.84 6.75 6.62 6.70 7.16 7.86 8.40 9.12 9.73 10.31 10.59 10.66 10.92 11.07 11.03 10.99 10.59 9.97 9.45 8.98 8.48 7.76 7.04 6.85 7.09 7.23 6.82 6.10 5.36 4.83 4.50 4.47
8.40 8.18 7.57 7.11 6.96 6.92 7.13 7.50 7.72 7.63 7.24 6.85 6.66 6.58 6.58 6.76 6.67 6.87 7.04 6.81 6.11 5.14 4.26 3.60 3.07 2.66 2.45 2.66 3.36 4.43 5.53 6.21 6.65 6.90 7.04 7.17 7.26 7.27 7.25 7.35 7.71 8.11 8.51 8.56 8.12 7.26 6.82 6.83 7.16 7.71 7.90 7.83 7.67 7.42 7.25 7.24 7.41 7.84 8.30 8.84 9.07 9.00 8.60 8.56 9.07 9.83 10.47 11.02 11.43 11.51 11.55 11.30 10.64 9.76 8.91 8.65 8.56 8.16 7.31 6.13 5.21 4.67 4.39 4.26
8.63 8.20 7.60 7.30 7.22 7.19 7.17 7.37 7.70 7.92 7.87 7.53 7.20 6.85 6.55 6.40 6.47 6.59 6.34 5.53 4.41 3.44 2.75 2.31 2.05 1.91 1.93 2.32 3.17 4.28 5.29 5.90 6.35 6.72 7.02 7.24 7.22 7.20 7.21 7.41 7.80 8.24 8.52 8.31 7.78 7.05 6.65 6.62 6.82 7.24 7.75 7.92 8.02 7.87 7.61 7.30 7.21 7.32 7.72 8.01 8.00 7.55 7.01 6.92 7.28 8.06 9.07 10.01 10.81 11.36 11.75 11.88 11.53 11.06 10.63 10.13 9.27 8.08 6.80 5.73 5.11 4.76 4.43 4.09
8.24 7.49 6.69 6.71 6.91 7.00 6.90 6.91 7.30 7.78 8.05 7.91 7.56 7.16 6.83 6.57 6.45 6.18 5.49 4.49 3.63 3.02 2.61 2.40 2.35 2.45 2.69 3.02 3.45 3.88 4.24 4.65 5.03 5.41 5.80 6.15 6.40 6.59 6.86 7.27 7.62 8.01 8.11 7.76 7.28 6.81 6.39 6.30 6.41 6.65 7.05 7.57 7.76 7.73 7.40 6.86 6.64 6.61 6.94 7.13 6.93 6.34 5.97 6.16 6.65 7.16 7.68 8.21 8.80 9.35 9.84 10.27 10.63 10.78 10.76 10.45 9.31 7.68 6.55 5.99 5.60 5.00 4.37 4.15
7.23 6.64 6.04 6.09 6.18 6.06 5.84 5.89 6.22 6.83 7.36 7.54 7.36 7.05 6.84 6.59 6.31 5.83 5.14 4.53 4.11 3.89 3.77 3.70 3.71 3.88 4.05 4.20 4.27 4.25 4.28 4.31 4.34 4.40 4.60 5.03 5.65 6.07 6.53 7.00 7.27 7.40 7.09 6.29 5.45 5.12 5.15 5.32 5.56 6.05 6.49 6.89 7.16 7.11 6.78 6.36 6.14 6.21 6.40 6.50 6.21 5.65 5.58 5.86 6.32 6.63 6.67 6.65 6.80 7.14 7.26 7.69 8.46 9.24 9.75 9.95 9.50 8.41 7.37 6.76 5.96 5.08 4.60 4.67
6.71 6.63 6.57 6.42 5.94 5.44 5.18 5.13 5.23 5.66 6.33 6.88 7.10 6.99 6.75 6.42 6.08 5.71 5.39 5.22 5.21 5.26 5.32 5.33 5.35 5.39 5.44 5.37 5.30 5.27 5.19 4.98 4.68 4.45 4.46 4.84 5.40 5.84 6.31 6.73 6.86 6.65 5.86 4.57 3.87 3.90 4.28 4.76 5.29 5.74 6.14 6.38 6.46 6.46 6.29 6.19 6.16 6.28 6.30 6.31 6.13 5.89 5.89 5.92 5.97 5.75 5.50 5.48 5.68 5.93 6.10 6.32 6.85 7.60 8.12 8.88 9.49 9.42 8.66 7.48 6.22 5.60 5.66 6.01
7.25 7.54 7.82 7.53 6.93 6.07 5.48 5.14 4.91 4.91 5.27 5.99 6.61 6.86 6.69 6.26 5.94 5.78 5.83 6.12 6.41 6.68 6.88 6.98 7.00 6.86 6.62 6.36 6.09 5.86 5.70 5.51 5.31 5.11 4.98 5.11 5.53 5.96 6.45 6.73 6.64 6.12 5.21 4.31 4.17 4.60 5.22 5.84 6.17 6.24 6.18 6.12 6.05 6.16 6.21 6.24 6.25 6.39 6.37 6.49 6.53 6.47 6.21 5.72 5.30 4.92 4.68 4.78 5.14 5.48 5.72 6.01 6.23 6.60 7.03 7.78 8.88 9.59 9.61 8.95 7.90 7.56 7.72 7.91
7.85 8.20 8.45 8.11 7.56 6.82 6.11 5.50 5.00 4.60 4.49 4.87 5.62 6.24 6.43 6.16 5.93 5.98 6.36 6.96 7.48 7.93 8.28 8.50 8.44 8.22 7.87 7.41 6.86 6.32 5.89 5.67 5.67 5.84 6.03 6.09 6.26 6.64 7.07 7.25 7.12 6.61 5.87 5.57 5.95 6.60 7.22 7.49 7.40 6.84 6.40 6.09 6.00 6.09 6.25 6.29 6.26 6.41 6.51 6.83 6.94 6.77 6.28 5.51 4.86 4.43 4.37 4.56 4.89 5.14 5.38 5.68 5.93 6.06 6.45 7.00 7.86 8.96 9.86 10.48 10.60 10.30 9.89 9.56
8.08 8.23 8.09 7.64 7.12 6.54 6.08 5.58 5.00 4.44 4.15 4.21 4.62 5.34 5.87 5.96 5.87 6.01 6.55 7.27 7.86 8.31 8.64 8.87 8.87 8.75 8.55 8.24 7.74 7.12 6.49 6.03 5.95 6.24 6.55 6.83 7.14 7.48 7.77 8.10 8.34 8.20 8.01 7.79 7.97 8.38 8.54 8.17 7.59 6.96 6.45 6.20 5.98 6.06 6.25 6.31 6.29 6.53 6.74 7.05 7.11 6.90 6.45 5.79 5.10 4.66 4.52 4.59 4.74 4.90 5.03 5.19 5.48 5.72 6.04 6.44 7.08 7.98 9.28 10.52 11.38 11.36 10.78 10.04
