project/data/elevation/US_DEM2016/US_DEM2016_point_10-30-2019_1942_30m_vel.asc
ncols	125
nrows	167
xllcorner	-2042055.000000
yllcorner	1465035.000000
cellsize	30.000000
NODATA_value	-9999.000000
[rows 0 to 36 of 167, columns 0 to 81 of 125]
8.05 7.03 5.87 6.37 8.00 10.11 12.08 13.39 13.83 14.01 14.33 15.06 15.58 15.05 14.28 13.98 13.70 13.38 13.00 12.76 12.60 12.62 12.85 13.22 13.50 13.40 12.97 11.82 10.30 8.74 7.33 6.15 5.28 4.60 4.13 4.06 4.63 5.73 6.93 7.72 8.16 8.46 8.69 8.73 8.34 7.65 7.03 7.11 7.80 8.75 9.56 10.36 11.03 11.74 12.08 12.27 12.05 10.97 9.90 9.14 8.72 8.72 9.15 10.06 10.69 10.88 10.65 9.82 8.43 7.50 7.20 7.38 7.80 8.29 8.71 8.98 9.26 9.89 10.72 11.26 11.71 11.98
8.05 7.03 5.87 6.37 8.00 10.11 12.08 13.39 13.83 14.01 14.33 15.06 15.58 15.05 14.28 13.98 13.70 13.38 13.00 12.76 12.60 12.62 12.85 13.22 13.50 13.40 12.97 11.82 10.30 8.74 7.33 6.15 5.28 4.60 4.13 4.06 4.63 5.73 6.93 7.72 8.16 8.46 8.69 8.73 8.34 7.65 7.03 7.11 7.80 8.75 9.56 10.36 11.03 11.74 12.08 12.27 12.05 10.97 9.90 9.14 8.72 8.72 9.15 10.06 10.69 10.88 10.65 9.82 8.43 7.50 7.20 7.38 7.80 8.29 8.71 8.98 9.26 9.89 10.72 11.26 11.71 11.98
8.21 7.25 6.20 6.51 7.60 9.21 10.82 11.96 12.58 12.89 13.31 13.98 14.27 14.00 13.47 13.30 13.27 13.20 12.86 12.37 12.20 12.18 12.35 12.58 12.72 12.56 11.89 10.75 9.49 8.27 7.20 6.26 5.50 4.93 4.50 4.35 4.63 5.28 6.10 6.86 7.32 7.64 7.91 8.24 8.46 8.43 8.25 8.16 8.53 9.07 9.60 10.09 10.59 10.98 11.20 11.38 11.48 11.20 10.50 9.57 8.81 8.42 8.65 9.17 9.60 9.85 9.99 9.90 9.51 8.82 8.36 8.18 8.15 8.18 8.26 8.41 8.71 9.26 9.78 10.20 10.53 10.84
9.11 8.07 7.05 7.09 7.54 8.20 8.98 9.49 9.75 10.20 11.01 11.55 11.64 11.43 11.41 11.54 11.74 12.07 12.05 11.75 11.65 11.56 11.43 11.24 11.08 10.78 10.16 9.41 8.64 7.97 7.40 6.84 6.41 6.15 5.89 5.56 5.28 5.18 5.29 5.73 6.55 7.23 7.76 8.30 8.94 9.48 9.80 9.78 9.69 9.65 9.68 9.64 9.66 9.53 9.42 9.24 9.40 9.92 10.24 10.15 9.65 8.98 8.44 8.08 7.74 7.73 8.24 9.03 9.61 9.80 9.65 9.21 8.63 8.05 7.65 7.57 7.78 8.05 8.09 8.04 8.38 9.13
9.75 8.78 7.87 7.74 7.80 7.95 8.04 8.06 7.91 8.08 8.66 9.26 9.49 9.44 9.54 9.77 9.98 10.34 10.92 11.40 11.56 11.19 10.68 10.08 9.55 9.28 9.17 8.97 8.72 8.49 8.27 8.09 7.99 7.90 7.69 7.24 6.69 6.22 5.88 6.01 6.78 7.68 8.50 9.17 9.51 9.83 10.14 10.37 10.36 10.12 9.87 9.56 9.14 8.60 8.07 7.21 6.76 7.02 7.95 9.05 9.61 9.50 8.88 7.88 7.01 6.45 6.38 6.79 7.49 8.05 8.30 8.22 7.92 7.51 7.18 7.04 7.07 7.08 6.95 6.84 7.23 8.15
9.78 9.04 8.35 8.27 8.12 7.97 7.71 7.24 6.91 6.83 7.02 7.60 8.18 8.47 8.87 9.35 9.64 9.72 10.24 10.91 11.08 10.55 9.84 9.06 8.51 8.53 8.77 8.95 9.07 9.19 9.32 9.39 9.34 9.09 8.74 8.31 7.84 7.39 6.95 6.70 6.78 7.17 7.93 8.84 9.36 9.62 9.87 10.18 10.25 10.10 9.89 9.68 9.39 8.57 7.51 6.54 6.14 6.18 6.56 7.18 7.95 8.44 8.30 7.51 6.68 6.04 5.64 5.48 5.53 5.74 6.02 6.26 6.39 6.45 6.45 6.44 6.44 6.43 6.44 6.55 6.88 7.46
9.83 9.39 8.92 8.90 8.63 8.14 7.50 6.67 6.12 5.96 5.99 6.43 7.15 7.94 8.73 9.39 9.98 10.03 9.86 9.79 9.74 9.42 8.95 8.46 8.29 8.44 8.68 8.85 9.07 9.44 9.83 10.05 9.91 9.66 9.39 9.16 8.92 8.59 8.06 7.38 6.84 6.68 6.92 7.51 8.13 8.39 8.56 8.79 9.13 9.29 9.47 9.65 9.63 9.45 8.91 8.24 8.06 7.93 7.64 7.27 6.98 6.97 6.98 6.74 6.30 5.85 5.50 5.29 5.22 5.25 5.35 5.52 5.71 5.85 5.91 5.89 5.81 5.81 6.01 6.33 6.65 6.96
9.79 9.76 9.83 9.70 9.30 8.35 7.30 6.32 5.81 5.77 5.69 5.70 6.37 7.42 8.28 8.82 9.51 9.72 9.17 8.53 8.22 8.17 8.22 8.32 8.40 8.55 8.75 8.82 8.92 9.29 9.80 10.17 10.29 10.41 10.61 10.90 10.93 10.59 9.92 9.00 7.95 7.05 6.59 6.40 6.40 6.67 6.87 7.14 7.75 8.54 9.06 9.49 9.86 10.37 10.66 10.61 10.15 9.58 8.85 7.96 7.06 6.47 6.34 6.32 6.16 5.83 5.51 5.43 5.53 5.61 5.64 5.68 5.74 5.78 5.81 5.79 5.70 5.69 5.90 6.12 6.30 6.43
9.97 10.23 10.75 10.56 9.94 8.92 7.72 6.85 6.51 6.29 6.03 5.91 6.31 7.05 7.52 7.76 8.27 8.64 8.34 7.76 7.42 7.35 7.49 7.84 8.12 8.39 8.82 9.19 9.30 9.37 9.79 10.38 11.01 11.81 12.67 13.27 13.39 13.03 12.39 11.48 10.26 8.86 7.56 6.68 6.27 6.35 6.92 7.47 8.17 8.70 8.91 8.87 8.99 9.45 10.00 10.21 9.85 9.16 8.35 7.60 6.97 6.54 6.38 6.45 6.50 6.35 6.10 5.97 5.92 5.90 5.90 5.90 5.94 6.10 6.35 6.57 6.73 6.89 6.91 6.71 6.46 6.22
9.95 10.58 11.28 11.13 10.49 9.74 8.72 8.15 8.04 7.91 7.40 6.94 6.92 7.02 6.93 6.82 7.11 7.65 7.90 7.74 7.47 7.12 7.01 7.31 7.75 8.15 8.66 9.22 9.65 9.91 10.38 11.06 11.93 12.80 13.45 13.74 13.76 13.66 13.52 13.20 12.53 11.42 10.04 8.68 7.67 7.59 7.97 8.57 9.04 9.06 8.73 7.88 7.25 6.68 6.93 7.54 7.82 7.60 7.24 6.92 6.66 6.48 6.39 6.56 7.08 7.40 7.42 7.19 6.66 6.18 6.14 6.39 6.78 7.30 7.81 8.24 8.64 8.97 8.97 8.58 7.97 7.48
9.94 10.34 11.22 11.43 11.10 10.74 10.39 10.36 10.38 10.09 9.50 8.73 7.98 7.32 6.73 6.25 6.43 7.27 8.03 8.31 8.13 7.69 7.41 7.52 7.89 8.24 8.51 8.95 9.75 10.65 11.33 11.86 12.21 12.26 11.95 11.50 11.53 12.10 12.74 13.18 13.27 12.85 11.97 10.66 9.38 8.65 8.48 8.84 9.15 8.98 8.29 7.36 6.45 5.68 5.37 5.53 6.03 6.45 6.63 6.65 6.58 6.51 6.55 6.85 7.59 8.40 8.73 8.43 7.70 6.89 6.83 7.42 8.16 8.81 9.42 9.93 10.33 10.48 10.33 9.95 9.53 9.16
9.35 9.39 10.29 11.37 11.95 12.22 12.42 12.61 12.68 12.21 11.47 10.63 9.61 8.29 7.10 6.52 6.63 7.45 8.36 8.80 8.76 8.47 8.19 8.12 8.29 8.64 9.00 9.52 10.35 11.16 11.48 11.45 11.01 10.24 9.29 8.72 8.94 9.73 10.57 11.30 11.95 12.43 12.47 11.93 10.87 9.68 9.06 8.98 8.83 8.41 7.61 7.18 6.76 6.09 5.42 5.07 5.33 5.97 6.50 6.75 6.84 6.99 7.29 7.69 8.28 8.89 9.26 9.22 8.76 8.24 8.03 8.49 9.06 9.70 10.21 10.49 10.40 9.98 9.24 8.64 8.28 8.08
8.50 8.17 8.63 10.30 11.73 12.61 13.02 13.14 13.18 12.93 12.43 11.82 11.04 9.75 8.43 7.68 7.52 7.78 8.20 8.51 8.61 8.57 8.43 8.33 8.50 8.92 9.43 9.90 10.18 10.17 9.85 9.16 8.18 7.25 6.81 6.98 7.41 7.72 7.90 8.48 9.34 10.32 11.29 11.84 11.68 10.78 9.80 9.23 8.45 7.38 6.63 6.44 6.13 5.68 5.26 5.11 5.38 6.00 6.68 7.19 7.53 7.84 8.21 8.53 8.74 8.88 9.16 9.57 9.71 9.52 9.36 9.47 9.88 10.22 10.16 9.61 8.62 7.41 6.44 5.78 5.34 5.28
8.81 8.43 8.29 8.84 9.87 10.85 11.30 11.39 11.31 11.35 11.46 11.47 11.34 10.86 10.05 9.15 8.51 8.07 7.78 7.60 7.68 7.89 8.01 8.04 8.18 8.38 8.54 8.45 7.97 7.33 6.64 5.81 5.09 4.75 4.93 5.45 5.67 5.58 5.62 6.04 6.67 7.52 8.57 9.72 10.62 10.70 10.17 9.41 8.50 7.28 6.29 5.53 5.11 5.05 5.15 5.41 5.83 6.38 7.06 7.82 8.39 8.72 8.89 9.03 9.12 9.20 9.50 10.04 10.42 10.41 10.30 10.38 10.43 10.02 9.02 7.56 6.16 5.42 5.21 5.13 5.06 5.08
9.43 9.53 8.99 8.27 7.74 7.79 7.93 7.80 7.62 7.91 8.51 9.22 9.77 10.21 10.32 9.95 9.22 8.41 7.65 7.00 6.77 7.10 7.42 7.47 7.32 7.01 6.58 5.98 5.30 4.73 4.37 4.27 4.39 4.54 4.57 4.44 4.26 4.39 4.65 4.85 5.03 5.35 5.93 6.94 8.35 9.82 10.10 9.76 9.05 8.11 6.84 5.78 5.39 5.56 5.96 6.33 6.57 6.88 7.43 8.28 9.18 9.64 9.85 9.99 10.15 10.41 10.69 10.95 11.18 11.16 11.00 10.82 10.16 8.77 7.25 6.16 5.68 5.59 5.82 6.23 6.57 6.77
9.37 9.41 8.96 7.94 6.36 5.24 4.62 4.32 4.36 4.57 5.06 5.69 6.58 7.63 8.76 9.41 9.34 8.69 7.81 7.00 6.70 6.92 7.16 7.04 6.59 5.98 5.40 5.04 4.83 4.57 4.45 4.73 5.35 5.79 5.72 5.42 5.15 5.17 5.41 5.61 5.61 5.64 5.98 6.88 8.23 9.77 10.32 10.16 9.46 8.44 7.49 6.91 6.73 7.00 7.33 7.50 7.47 7.53 8.03 9.04 10.07 10.92 11.42 11.61 11.74 12.03 12.27 12.42 12.54 12.45 11.96 10.99 9.38 7.88 7.10 6.90 6.96 6.92 7.00 7.34 7.82 8.12
8.68 8.22 7.71 7.15 5.72 4.38 3.62 3.46 3.60 4.00 4.43 4.79 5.32 6.21 7.28 8.29 8.83 8.73 8.18 7.65 7.41 7.37 7.27 7.00 6.58 6.16 5.89 5.91 6.04 6.00 5.74 5.61 5.99 6.76 7.24 7.38 7.24 7.02 6.97 7.20 7.54 7.95 8.42 9.24 10.18 10.73 10.68 10.44 9.90 9.11 8.37 8.03 8.03 8.25 8.53 8.72 8.64 8.79 9.42 10.42 11.53 12.44 13.02 13.24 13.17 13.13 13.27 13.53 13.81 13.60 12.84 11.52 9.62 8.76 8.79 9.02 8.98 8.68 8.49 8.65 8.97 9.29
8.72 8.12 7.35 6.71 6.06 5.41 5.13 5.33 5.83 6.48 6.99 7.25 7.50 7.65 7.74 7.82 8.21 8.56 8.56 8.40 8.16 7.83 7.47 7.20 7.01 6.91 6.92 7.01 7.22 7.44 7.35 6.90 6.78 7.32 8.13 8.76 9.00 8.88 8.65 8.83 9.51 10.15 10.73 11.14 11.22 10.74 10.20 10.09 10.05 9.79 9.24 8.86 8.87 9.19 9.51 9.71 9.91 10.18 10.96 11.95 12.74 13.15 13.36 13.47 13.39 13.16 13.00 13.06 13.45 13.64 13.51 13.16 12.11 11.66 11.93 12.20 12.14 11.69 11.37 11.14 10.94 10.90
9.15 8.84 8.04 7.27 7.05 7.34 7.89 8.57 9.34 9.98 10.44 10.65 10.54 9.92 9.02 8.28 8.15 8.46 8.71 8.72 8.53 8.22 7.88 7.66 7.60 7.63 7.65 7.72 7.98 8.45 8.82 8.82 8.64 8.65 9.08 9.84 10.53 10.75 10.76 10.92 11.30 11.65 11.70 11.30 10.35 9.10 8.34 8.59 9.39 9.78 9.91 9.78 9.89 10.15 10.34 10.34 10.59 11.16 11.99 12.54 12.60 12.30 11.99 11.97 12.17 12.31 12.26 12.02 11.99 12.48 13.53 14.36 14.99 15.12 15.25 15.68 15.96 15.86 15.50 14.84 14.04 13.14
8.99 8.55 7.84 7.41 7.94 8.96 10.17 11.26 12.06 12.42 12.47 12.30 11.93 11.12 10.18 9.34 8.84 8.74 8.84 8.86 8.80 8.72 8.61 8.51 8.37 8.27 8.31 8.44 8.66 9.15 9.89 10.58 11.05 11.31 11.50 11.83 12.14 12.24 12.38 12.50 12.39 11.94 11.16 10.01 8.59 7.31 6.77 7.20 8.57 9.65 10.38 10.77 10.97 10.95 10.84 10.69 11.04 11.71 12.00 11.89 11.20 10.38 9.78 9.65 10.04 10.67 11.06 11.01 10.67 10.87 12.15 13.74 15.00 15.63 16.09 16.82 17.32 17.40 17.11 16.70 15.98 14.96
8.38 7.85 7.32 7.67 8.97 10.55 11.74 12.48 12.83 12.71 12.35 12.00 11.67 11.24 10.81 10.25 9.64 9.19 9.07 9.12 9.22 9.40 9.64 9.78 9.70 9.48 9.51 9.64 9.80 10.19 11.02 12.07 12.93 13.48 13.68 13.46 13.09 12.80 12.67 12.45 11.79 10.67 9.33 8.02 7.07 6.61 6.59 7.32 8.74 10.06 11.21 11.98 12.21 11.96 11.55 11.39 11.63 11.62 11.32 10.45 9.33 8.29 7.48 7.01 7.28 7.73 8.25 8.59 8.63 8.83 9.50 10.75 12.13 13.10 13.86 14.58 15.06 15.20 15.35 15.45 15.49 15.04
9.19 8.70 8.60 9.63 11.00 11.99 12.33 12.29 12.02 11.40 10.93 10.67 10.48 10.49 10.52 10.31 9.89 9.45 9.35 9.59 10.02 10.60 11.15 11.49 11.58 11.47 11.42 11.49 11.67 12.04 12.70 13.33 13.70 13.74 13.45 12.91 12.40 11.87 11.39 10.64 9.59 8.44 7.35 6.56 6.40 6.78 7.50 8.64 9.69 10.90 11.89 12.43 12.70 12.84 12.52 12.16 11.77 11.12 10.16 8.76 7.44 6.31 5.15 4.47 4.34 4.31 4.40 4.89 5.58 6.04 6.86 7.54 8.20 8.74 9.29 9.96 10.08 10.34 10.85 11.43 12.70 13.89
10.23 10.65 11.62 12.32 12.62 12.54 11.92 11.19 10.44 9.96 9.71 9.51 9.36 9.42 9.57 9.68 9.62 9.52 9.68 10.12 10.84 11.60 12.23 12.72 12.91 13.00 13.07 13.21 13.45 13.73 13.84 13.57 12.94 12.09 11.17 10.51 10.35 9.93 9.15 8.11 7.08 6.50 6.23 6.37 6.86 7.54 8.51 9.51 10.47 11.36 11.76 12.01 12.25 12.61 12.74 12.33 11.47 10.31 8.86 7.43 6.10 4.75 3.70 3.12 2.83 2.68 2.71 3.05 3.73 4.53 5.18 5.66 5.82 5.86 5.90 6.28 6.75 7.42 8.11 8.84 10.02 11.79
10.53 11.51 12.79 13.01 12.69 12.00 10.98 10.17 9.36 9.08 9.02 8.83 8.67 8.64 8.75 9.04 9.30 9.55 9.84 10.08 10.38 10.75 11.28 12.00 12.53 12.97 13.36 13.66 13.81 13.70 13.13 12.01 10.56 9.44 8.74 8.42 8.14 7.53 6.73 6.17 5.83 5.82 6.19 7.00 7.73 8.44 9.29 10.04 10.74 11.02 10.83 10.67 10.83 11.30 11.71 11.64 10.98 9.88 8.46 7.20 6.03 4.80 3.96 3.50 3.28 3.26 3.49 3.98 4.48 4.69 4.78 4.84 4.70 4.45 4.33 4.61 5.41 6.38 6.99 7.45 8.29 9.54
10.49 11.17 12.04 12.15 11.70 10.81 9.97 9.36 8.88 8.63 8.49 8.24 8.13 8.13 8.30 8.68 9.13 9.47 9.58 9.40 9.10 8.94 9.18 9.88 10.95 11.83 12.47 12.74 12.56 11.90 10.76 9.28 7.84 7.02 6.68 6.45 5.91 5.43 5.27 5.46 5.86 6.45 7.23 7.93 8.73 9.60 10.17 10.61 10.67 10.32 9.91 9.77 9.87 10.12 10.44 10.69 10.64 10.14 9.09 7.89 6.92 6.17 5.72 5.55 5.46 5.41 5.69 5.88 5.63 5.18 4.78 4.59 4.29 3.84 3.65 4.03 4.74 5.26 5.55 5.97 6.62 7.42
10.48 10.26 10.39 10.75 10.68 10.17 9.45 8.73 8.38 8.16 7.92 7.73 7.61 7.68 8.06 8.57 9.09 9.38 9.40 9.18 8.95 8.90 9.18 9.81 10.68 11.26 11.38 11.11 10.45 9.48 8.28 7.20 6.21 5.56 5.18 4.97 4.86 4.95 5.21 5.74 6.61 7.62 8.30 9.01 9.88 10.64 11.06 11.04 10.50 9.77 9.24 9.04 9.06 9.30 9.74 10.16 10.56 10.67 10.21 9.26 8.46 8.03 7.87 7.81 7.77 7.79 7.75 7.21 6.32 5.74 5.48 4.96 4.32 3.86 3.75 4.01 4.28 4.26 4.34 4.86 5.41 6.00
10.43 9.87 9.36 9.64 10.10 10.30 10.05 9.25 8.67 8.37 8.06 7.91 7.84 7.93 8.26 8.80 9.26 9.66 9.90 10.02 10.23 10.64 11.17 11.54 11.50 11.01 10.19 9.29 8.38 7.58 6.78 6.15 5.75 5.53 5.32 5.18 5.40 5.91 6.31 6.66 7.36 8.17 8.99 9.94 10.79 11.40 11.51 11.14 10.37 9.42 8.56 8.06 8.16 8.66 9.32 9.99 10.54 11.02 11.20 10.96 10.59 10.42 10.43 10.43 10.30 9.96 9.35 8.62 7.94 7.56 6.94 6.03 5.02 4.57 4.45 4.34 4.21 4.13 4.29 4.66 5.01 5.41
10.38 9.75 8.97 9.03 9.58 10.33 10.80 10.56 9.99 9.66 9.44 9.17 9.16 9.21 9.29 9.35 9.60 10.05 10.57 11.03 11.47 11.86 11.97 11.66 10.87 9.74 8.58 7.56 6.74 6.27 6.13 6.06 6.11 6.42 6.63 6.64 6.71 7.11 7.60 7.79 8.01 8.51 9.45 10.46 11.26 11.63 11.47 10.96 10.30 9.40 8.28 7.61 7.74 8.35 9.01 9.58 10.12 10.94 11.61 12.02 12.43 12.89 13.40 13.72 13.40 12.68 11.66 10.82 10.46 9.89 8.62 7.16 6.30 6.08 5.80 5.20 4.83 4.86 5.02 5.13 5.19 5.28
10.03 9.26 8.39 8.37 8.77 9.79 10.72 11.13 10.90 10.60 10.43 10.16 10.14 10.23 10.25 10.04 9.85 10.02 10.53 11.05 11.33 11.21 10.58 9.55 8.50 7.56 6.80 6.21 5.83 5.83 6.16 6.77 7.28 7.55 7.86 8.10 8.17 8.30 8.69 8.78 8.81 9.11 9.98 10.75 11.28 11.29 10.86 10.45 10.23 9.87 9.08 8.22 8.02 8.30 8.52 8.93 9.73 10.79 11.61 12.38 13.13 13.86 14.56 15.03 15.37 15.13 14.38 13.57 12.71 11.65 10.34 9.03 8.39 7.99 7.42 6.77 6.54 6.61 6.51 6.13 5.70 5.44
9.76 9.23 8.49 8.22 8.35 8.95 10.00 10.86 11.06 10.73 10.22 9.75 9.63 9.74 9.91 9.93 9.66 9.65 9.90 10.05 9.79 9.04 7.98 6.92 6.10 5.51 5.20 5.24 5.50 6.00 6.94 7.93 8.49 8.77 8.94 9.16 9.41 9.54 9.56 9.63 9.76 10.05 10.40 10.74 10.68 10.22 9.66 9.58 10.07 10.46 10.34 9.78 9.00 8.76 8.72 9.08 9.93 10.92 11.53 12.16 12.59 13.21 13.74 14.18 14.90 15.35 15.36 15.29 14.74 13.90 13.23 12.56 11.71 10.48 9.30 8.83 8.86 8.89 8.32 7.40 6.38 5.60
10.16 9.99 9.40 8.82 8.64 8.73 9.38 10.36 10.99 10.96 10.32 9.60 9.19 9.01 9.06 9.28 9.18 9.29 9.26 8.70 7.66 6.48 5.50 4.77 4.21 3.87 3.81 4.14 4.96 6.27 7.62 8.49 9.12 9.54 9.79 9.98 10.11 10.09 9.99 10.03 10.32 10.51 10.65 10.45 9.83 8.89 8.55 8.79 9.48 10.47 10.90 10.77 10.29 9.77 9.60 9.73 10.07 10.66 11.11 11.42 11.38 11.19 10.88 11.10 12.05 13.33 14.38 15.24 15.84 15.93 15.96 15.68 14.85 13.61 12.20 11.50 11.12 10.48 9.37 7.81 6.51 5.63
10.32 9.95 9.46 9.10 8.92 8.87 9.05 9.80 10.75 11.35 11.29 10.67 10.03 9.45 9.07 8.86 8.92 8.95 8.44 7.30 5.94 4.91 4.25 3.81 3.53 3.42 3.43 3.59 4.24 5.43 6.68 7.49 8.18 8.83 9.38 9.74 9.75 9.76 9.74 9.88 10.17 10.45 10.58 10.27 9.70 8.85 8.41 8.46 8.85 9.57 10.47 10.84 10.90 10.54 10.18 9.82 9.69 9.78 10.10 10.07 9.81 9.28 8.79 8.81 9.37 10.51 12.05 13.51 14.71 15.49 16.04 16.34 16.05 15.53 14.84 13.89 12.53 10.86 9.13 7.62 6.66 6.03
9.51 8.63 7.87 8.04 8.35 8.48 8.51 8.91 9.93 10.98 11.52 11.29 10.67 10.01 9.51 9.08 8.85 8.44 7.55 6.43 5.61 5.16 4.59 4.40 4.22 4.28 4.42 4.37 4.35 4.56 4.92 5.43 6.03 6.71 7.41 7.99 8.40 8.74 9.09 9.50 9.70 9.88 9.84 9.55 9.22 8.75 8.17 8.02 8.19 8.59 9.31 10.22 10.58 10.50 10.06 9.36 9.00 8.84 8.97 8.78 8.34 7.69 7.38 7.69 8.35 9.02 9.84 10.78 11.77 12.60 13.30 13.99 14.63 14.99 15.07 14.73 13.20 10.89 9.15 8.21 7.56 6.68
8.21 7.36 6.58 6.82 7.15 7.21 7.13 7.46 8.29 9.53 10.55 10.92 10.61 10.04 9.61 9.16 8.70 8.06 7.34 7.19 6.54 6.50 6.38 6.19 6.04 6.14 6.18 6.06 5.68 5.27 5.13 5.11 5.16 5.32 5.72 6.41 7.30 7.91 8.50 9.01 9.10 8.95 8.39 7.57 6.78 6.49 6.54 6.69 6.96 7.63 8.32 9.10 9.74 9.82 9.36 8.77 8.42 8.38 8.33 8.08 7.50 6.74 6.72 7.12 7.77 8.21 8.45 8.69 9.07 9.59 9.74 10.35 11.44 12.58 13.52 14.20 13.88 12.36 10.57 9.46 8.32 7.14
8.16 7.76 7.43 7.35 6.93 6.53 6.37 6.45 6.86 7.84 9.14 10.14 10.45 10.11 9.61 9.07 8.56 8.10 8.21 7.82 8.13 8.30 8.42 8.38 8.27 8.19 8.13 7.82 7.40 7.00 6.72 6.44 6.05 5.68 5.68 6.16 6.92 7.51 8.10 8.56 8.57 8.12 7.06 5.55 4.72 4.71 5.17 5.78 6.48 7.12 7.71 8.23 8.76 9.06 8.78 8.55 8.43 8.47 8.30 8.09 7.67 7.17 7.14 7.15 7.23 7.05 6.96 7.23 7.61 7.98 8.17 8.44 9.10 10.14 11.11 12.56 13.79 13.80 12.61 10.78 9.00 8.06
9.17 9.30 9.50 9.27 8.65 7.67 6.95 6.55 6.36 6.62 7.51 8.84 9.82 10.07 9.65 8.96 8.52 8.39 8.59 9.05 9.57 10.02 10.41 10.59 10.59 10.34 9.89 9.35 8.71 8.05 7.60 7.35 7.18 6.93 6.62 6.60 7.08 7.63 8.25 8.65 8.55 7.87 6.75 5.61 5.26 5.61 6.31 7.07 7.53 7.71 7.69 7.77 8.15 8.65 8.71 8.68 8.60 8.65 8.50 8.53 8.41 8.11 7.69 6.99 6.41 5.98 5.79 6.16 6.77 7.30 7.67 8.00 8.17 8.68 9.48 10.74 12.55 13.83 13.99 13.07 11.50 10.80
9.81 10.23 10.61 10.38 9.86 9.00 8.06 7.19 6.52 6.10 6.22 7.05 8.38 9.31 9.45 8.90 8.51 8.63 9.17 10.03 10.72 11.38 11.95 12.37 12.40 12.13 11.66 11.01 10.10 9.02 8.07 7.61 7.64 7.96 8.21 8.16 8.18 8.54 9.12 9.47 9.49 9.03 8.13 7.55 7.70 8.30 9.00 9.34 9.24 8.53 8.00 7.67 7.93 8.44 8.71 8.74 8.65 8.74 8.74 9.00 9.03 8.74 8.07 6.96 5.97 5.39 5.31 5.65 6.18 6.62 7.13 7.54 7.73 7.91 8.58 9.44 10.78 12.63 14.12 15.00 15.07 14.50
