project/data/elevation/US_DEM2016/US_DEM2016_point_10-30-2019_1639_30m_vel.asc
ncols	125
nrows	167
xllcorner	-2042055.000000
yllcorner	1465035.000000
cellsize	30.000000
NODATA_value	-9999.000000
[rows 74 to 110 of 167, columns 0 to 82 of 125]
8.67 8.18 7.57 7.49 7.63 7.71 7.84 8.36 9.34 10.38 11.12 11.47 11.47 11.20 10.91 10.98 11.61 12.54 13.20 13.15 13.49 13.01 12.15 11.34 10.41 10.05 10.08 10.16 10.05 9.85 9.63 9.44 9.14 8.92 8.66 8.51 8.47 8.30 8.01 7.89 8.06 8.24 8.34 8.61 8.90 8.93 8.83 8.69 8.27 7.84 7.61 7.67 7.98 8.21 8.17 8.19 8.37 8.69 9.08 9.48 9.94 10.43 10.49 10.01 8.85 7.43 6.53 6.41 6.22 5.63 5.14 5.08 5.39 5.99 6.93 7.97 9.19 10.95 13.19 14.85 15.58 15.67 15.23
8.68 8.28 7.82 7.84 7.98 8.03 8.25 9.04 10.35 11.27 11.66 11.71 11.72 11.80 11.92 12.30 12.94 13.54 13.47 13.04 12.61 12.12 11.36 10.44 9.76 9.52 9.48 9.58 9.65 9.59 9.36 9.00 8.34 7.87 7.75 7.93 8.10 8.06 7.93 7.85 7.82 7.92 8.14 8.46 8.54 8.10 7.57 7.02 6.76 6.58 6.54 6.72 7.08 7.42 7.62 7.85 8.15 8.35 8.55 8.85 9.33 9.61 9.15 7.82 6.28 5.32 5.19 5.56 5.84 5.82 5.78 6.04 6.65 7.61 8.82 10.08 11.50 13.24 14.46 14.69 13.61 11.97 10.79
8.73 8.42 8.14 8.22 8.43 8.78 9.51 10.43 10.92 10.80 10.35 10.06 10.35 11.18 12.01 12.81 13.45 13.38 12.77 11.97 11.33 10.79 10.29 9.80 9.45 9.29 9.09 9.06 9.21 9.34 9.27 8.98 8.34 7.87 7.89 8.11 8.16 7.92 7.52 7.19 7.10 7.41 7.96 8.21 8.13 7.80 7.55 7.26 7.04 7.00 7.00 6.93 6.81 6.95 7.37 7.79 8.13 8.22 8.31 8.53 8.72 8.35 7.16 5.87 5.15 5.07 5.52 5.93 6.37 6.95 7.52 8.16 9.29 10.64 11.90 13.20 14.47 15.17 14.77 13.39 11.26 8.68 7.45
8.77 8.45 8.23 8.38 8.73 9.44 10.09 10.25 9.74 8.83 8.25 8.48 9.39 10.70 11.85 12.69 12.76 12.67 11.80 10.92 10.28 9.86 9.56 9.36 9.23 9.12 8.90 8.85 8.98 9.23 9.44 9.48 9.23 9.10 9.06 8.89 8.49 7.89 7.37 7.21 7.45 7.81 8.02 7.87 7.66 7.42 7.25 7.03 6.81 6.69 6.60 6.54 6.54 6.88 7.43 7.92 8.29 8.47 8.60 8.64 8.28 7.25 6.15 5.78 6.04 6.60 7.02 7.42 8.15 9.33 10.25 11.38 12.84 14.08 14.97 15.70 15.99 15.49 14.10 12.54 10.96 9.01 7.69
8.70 8.17 7.83 8.07 8.41 8.93 9.05 8.62 8.03 7.77 7.99 8.72 9.89 11.22 12.19 12.69 12.56 11.86 10.98 10.21 9.64 9.22 8.95 8.82 8.73 8.61 8.46 8.55 8.72 8.93 9.27 9.61 9.77 9.74 9.55 9.14 8.54 7.88 7.56 7.54 7.57 7.43 7.21 6.98 6.79 6.51 6.06 5.64 5.52 5.53 5.65 5.96 6.57 7.29 7.85 8.26 8.63 8.78 8.69 8.31 7.53 6.56 6.23 6.71 7.65 8.35 8.97 9.91 11.17 11.94 12.67 13.72 14.80 15.49 15.57 15.45 14.88 13.60 12.48 11.87 11.45 10.65 9.60
8.48 7.78 7.33 7.58 7.79 7.99 8.05 8.03 8.26 8.75 9.39 10.24 11.37 12.37 12.87 12.76 12.12 11.21 10.38 9.71 9.13 8.68 8.37 8.22 8.07 7.90 7.77 7.86 7.89 7.99 8.15 8.70 9.13 9.24 9.06 8.70 8.19 7.66 7.32 7.00 6.64 6.28 6.10 6.18 6.16 5.95 5.57 5.36 5.57 6.02 6.57 7.27 8.02 8.47 8.58 8.54 8.41 8.04 7.44 6.71 6.09 5.98 6.52 7.65 8.91 10.05 11.34 12.49 12.94 13.12 13.34 13.80 14.33 14.25 13.76 13.06 12.11 11.17 10.68 10.78 11.11 11.21 10.85
8.19 7.62 7.35 7.70 7.93 8.10 8.35 8.76 9.42 10.04 10.79 11.75 12.76 13.17 12.97 12.20 11.19 10.25 9.50 8.93 8.45 8.10 7.84 7.62 7.43 7.28 7.05 6.77 6.42 6.40 6.44 6.88 7.56 8.07 8.20 8.09 7.83 7.61 7.32 6.93 6.64 6.54 6.60 6.77 6.75 6.68 6.63 6.80 7.20 7.84 8.48 8.95 9.17 9.11 8.74 8.41 7.87 7.18 6.55 6.09 5.97 6.40 7.37 8.79 10.26 11.76 12.86 13.04 12.64 12.30 12.32 12.39 12.20 11.54 10.99 10.62 10.26 9.90 9.60 9.44 9.77 10.44 10.77
7.99 7.75 7.79 8.28 8.62 8.84 9.11 9.58 10.25 10.96 11.80 12.64 13.12 12.91 12.06 10.94 9.92 8.96 8.27 7.76 7.46 7.38 7.35 7.16 7.02 6.86 6.47 5.75 5.20 5.01 4.91 5.13 5.78 6.61 7.17 7.61 7.79 8.04 8.10 8.10 8.19 8.35 8.53 8.46 8.29 8.24 8.33 8.65 9.05 9.18 9.13 8.97 8.82 8.62 8.49 8.40 8.23 8.20 8.15 8.02 8.05 8.41 9.19 10.41 11.66 12.58 12.52 11.50 10.78 10.82 11.10 11.12 10.73 9.97 9.64 9.53 9.54 9.54 9.34 8.93 8.83 9.16 9.78
8.18 8.16 8.20 8.38 8.68 9.06 9.52 10.09 10.82 11.59 12.30 12.69 12.51 11.70 10.59 9.66 8.86 8.06 7.34 6.89 6.75 6.68 6.54 6.59 6.68 6.60 6.29 5.68 4.84 4.52 4.51 4.86 5.34 5.74 6.37 7.17 7.73 8.25 8.62 9.04 9.46 9.75 9.79 9.54 9.29 9.28 9.41 9.60 9.67 9.30 8.83 8.69 8.82 8.89 8.77 8.73 8.85 9.20 9.42 9.56 9.77 10.15 10.78 11.56 12.30 12.22 11.11 10.04 9.82 10.23 10.57 10.43 9.90 9.29 9.14 9.13 9.17 9.30 9.22 8.92 8.60 8.47 8.60
8.54 8.57 8.43 8.24 8.46 9.03 9.70 10.44 11.20 11.83 12.18 12.09 11.47 10.48 9.53 8.81 8.16 7.51 6.89 6.48 6.24 5.98 5.73 5.86 6.25 6.48 6.57 6.51 6.02 5.72 5.87 6.23 6.28 6.23 6.39 6.96 7.48 8.00 8.61 9.28 9.72 9.76 9.57 9.29 9.19 9.34 9.57 9.67 9.63 9.43 9.45 9.64 9.68 9.48 9.07 8.93 8.94 9.10 9.43 9.84 10.34 10.80 11.32 11.74 11.87 11.22 10.18 9.91 10.11 10.28 10.23 9.78 8.97 8.30 8.05 8.17 8.32 8.43 8.48 8.45 8.25 7.94 7.62
8.59 8.61 8.54 8.48 8.75 9.32 10.00 10.74 11.34 11.66 11.63 11.21 10.44 9.55 8.78 8.13 7.52 6.94 6.43 6.04 5.66 5.29 5.19 5.52 6.17 6.81 7.39 7.97 8.41 8.58 8.58 8.32 7.91 7.55 7.30 7.37 7.79 8.45 9.16 9.52 9.32 8.89 8.68 8.81 8.98 9.29 9.68 10.01 10.32 10.58 10.54 10.34 9.94 9.52 9.11 9.02 9.08 9.30 9.76 10.17 10.59 10.90 11.12 11.20 10.99 10.38 9.90 10.08 10.18 10.01 9.62 8.96 7.97 7.05 6.50 6.53 6.73 6.87 7.08 7.30 7.39 7.28 6.94
8.52 8.52 8.63 8.89 9.33 9.87 10.39 10.84 11.16 11.20 10.94 10.37 9.61 8.83 8.11 7.44 6.75 6.07 5.55 5.27 5.14 5.21 5.61 6.29 7.12 7.83 8.54 9.25 9.93 10.33 10.32 9.85 9.21 8.70 8.42 8.35 8.87 9.57 9.66 9.20 8.50 8.22 8.49 8.90 9.13 9.54 10.22 10.76 11.13 11.31 11.11 10.55 10.00 9.61 9.22 9.17 9.39 9.73 10.01 10.12 10.22 10.26 10.33 10.43 10.24 9.87 9.55 9.61 9.51 9.28 8.98 8.50 7.74 6.85 6.00 5.74 5.60 5.40 5.37 5.60 5.99 6.28 6.38
8.58 8.63 8.84 9.27 9.81 10.18 10.34 10.46 10.66 10.67 10.36 9.76 9.01 8.24 7.47 6.66 5.78 5.01 4.70 4.82 5.20 5.85 6.66 7.47 8.24 8.87 9.33 9.67 9.99 10.27 10.34 10.23 9.88 9.42 9.15 9.12 9.43 9.54 8.94 8.15 7.82 8.00 8.27 8.51 8.82 9.54 10.36 10.69 10.75 10.83 10.85 10.64 10.33 9.96 9.47 9.31 9.36 9.34 9.25 9.27 9.17 9.14 9.40 9.76 9.81 9.51 9.09 8.86 8.70 8.65 8.64 8.64 8.56 8.21 7.26 6.33 5.65 5.11 4.71 4.66 4.80 5.05 5.33
8.69 8.76 8.96 9.29 9.58 9.63 9.63 9.84 10.21 10.39 10.03 9.32 8.50 7.63 6.62 5.64 4.95 4.78 5.10 5.52 5.99 6.57 7.28 8.05 8.79 9.29 9.44 9.36 9.24 9.21 9.46 9.83 10.06 10.03 9.84 9.49 9.02 8.39 7.75 7.50 7.50 7.52 7.42 7.53 8.22 9.19 9.79 9.59 9.18 9.15 9.26 9.46 9.59 9.64 9.53 9.29 9.00 8.68 8.54 8.56 8.58 8.78 9.20 9.56 9.63 9.33 8.91 8.61 8.40 8.50 8.79 9.14 9.40 9.56 9.44 8.60 7.67 6.82 6.24 5.81 5.33 4.97 5.00
8.71 8.73 8.81 8.90 8.88 8.91 9.25 9.91 10.39 10.32 9.68 8.77 7.82 6.79 5.76 5.28 5.45 6.16 6.63 6.87 7.02 7.30 7.82 8.42 8.89 9.08 8.96 8.75 8.69 8.70 8.93 9.32 9.79 10.08 10.10 9.65 8.67 7.80 7.32 7.33 7.26 7.14 7.13 7.43 8.10 8.79 8.92 8.14 7.20 6.75 6.80 6.96 7.29 7.86 8.32 8.59 8.60 8.55 8.60 8.75 8.96 9.18 9.33 9.41 9.42 9.22 8.86 8.59 8.48 8.71 9.18 9.51 9.71 9.98 10.41 10.53 10.26 9.79 9.27 8.59 7.70 7.02 7.02
8.70 8.69 8.71 8.76 8.81 9.17 9.86 10.46 10.53 9.95 8.90 7.75 6.70 5.74 5.30 5.57 6.36 7.06 7.45 7.67 7.83 8.08 8.43 8.63 8.52 8.26 8.09 8.18 8.49 8.78 8.93 9.02 9.12 9.35 9.53 9.46 8.73 8.02 7.53 7.45 7.47 7.62 7.75 7.90 8.18 8.47 8.26 7.21 6.01 5.53 5.43 5.45 5.72 6.44 7.32 8.03 8.47 8.73 8.93 9.17 9.34 9.21 8.99 8.96 9.10 9.01 8.64 8.47 8.56 8.86 9.21 9.44 9.44 9.49 9.84 10.41 10.80 10.97 10.94 10.68 10.26 9.92 9.63
8.75 8.74 8.81 9.00 9.33 9.90 10.44 10.52 9.97 8.86 7.54 6.18 5.06 4.49 4.54 5.07 5.66 6.22 6.89 7.49 8.03 8.43 8.53 8.17 7.58 7.26 7.40 7.80 8.07 8.18 8.26 8.26 8.26 8.43 8.82 9.11 8.83 8.34 7.95 7.97 8.11 8.27 8.32 8.39 8.52 8.63 8.43 7.74 6.90 6.41 6.35 6.63 7.30 8.03 8.54 8.73 8.82 8.91 9.00 9.05 8.95 8.60 8.39 8.55 8.81 8.70 8.25 8.18 8.38 8.57 8.74 8.93 8.73 8.30 8.22 8.60 9.29 9.86 10.29 10.63 10.81 10.88 10.81
8.82 8.82 8.93 9.23 9.72 10.24 10.35 9.83 8.72 7.25 5.87 4.73 4.02 3.74 3.79 4.06 4.50 5.07 5.76 6.56 7.30 7.80 7.76 7.36 7.03 7.06 7.32 7.51 7.33 7.05 6.97 7.05 7.27 7.64 8.14 8.61 8.65 8.32 8.11 8.33 8.50 8.60 8.75 9.14 9.36 9.46 9.38 9.16 9.01 8.91 8.79 9.20 9.78 10.05 9.89 9.34 8.97 8.80 8.63 8.38 8.09 7.86 7.84 8.17 8.48 8.31 7.87 7.87 7.99 8.01 8.08 8.21 7.91 7.27 6.87 7.00 7.44 7.86 8.30 8.87 9.43 9.82 9.95
8.88 8.90 9.03 9.41 9.93 10.13 9.66 8.58 7.17 5.82 4.80 4.20 3.99 4.01 4.11 4.27 4.56 4.94 5.37 5.93 6.50 6.81 6.87 7.01 7.28 7.56 7.78 7.75 7.51 7.30 7.18 7.19 7.40 7.58 7.68 7.92 8.13 8.10 8.17 8.51 8.74 8.98 9.39 10.03 10.29 10.32 10.23 10.17 10.29 10.55 10.74 10.76 10.52 9.92 9.25 8.86 8.69 8.49 8.12 7.64 7.21 7.06 7.24 7.73 8.18 8.21 7.96 7.83 7.71 7.62 7.65 7.74 7.47 6.83 6.27 6.09 6.30 6.41 6.47 6.76 7.24 7.70 7.86
8.93 8.98 9.15 9.51 9.73 9.38 8.37 7.05 5.82 4.94 4.44 4.30 4.46 4.82 5.21 5.57 5.81 5.98 6.28 6.74 7.15 7.33 7.40 7.56 7.76 8.11 8.69 9.12 9.29 9.27 9.12 9.03 8.97 8.70 7.97 7.59 7.79 8.14 8.58 9.01 9.31 9.69 10.21 10.71 10.73 10.56 10.40 10.39 10.56 10.86 10.98 10.80 10.22 9.34 8.74 8.68 8.64 8.34 7.79 7.17 6.73 6.65 7.05 7.77 8.44 8.66 8.48 8.13 7.70 7.52 7.50 7.58 7.34 6.62 5.75 5.16 5.08 4.97 4.79 4.95 5.40 5.82 5.84
8.96 8.99 9.08 9.11 8.72 7.78 6.54 5.47 4.74 4.38 4.40 4.71 5.16 5.72 6.42 7.17 7.75 8.15 8.58 9.03 9.31 9.29 8.99 8.53 8.24 8.60 9.52 10.11 10.26 10.11 9.90 9.67 9.36 8.85 8.03 7.68 7.93 8.54 9.22 9.71 10.03 10.34 10.60 10.69 10.43 10.19 10.16 10.30 10.51 10.67 10.50 10.30 10.20 10.10 9.80 9.33 8.85 8.40 7.96 7.59 7.40 7.44 7.82 8.45 8.96 9.01 8.63 8.19 7.81 7.79 7.88 7.79 7.27 6.19 4.99 4.23 4.06 3.86 3.69 3.84 4.11 4.27 4.35
8.97 8.96 8.80 8.32 7.38 6.25 5.27 4.61 4.33 4.46 4.94 5.61 6.32 7.10 7.96 8.89 9.63 10.31 10.86 11.05 10.81 10.26 9.47 8.79 8.55 9.04 9.73 9.71 9.11 8.64 8.28 8.06 7.90 7.69 7.61 7.88 8.37 9.02 9.69 10.07 10.23 10.26 10.11 9.84 9.70 9.65 9.81 10.01 10.18 10.27 10.11 9.95 9.98 10.10 10.00 9.47 8.88 8.43 8.16 8.05 8.12 8.37 8.68 9.08 9.29 9.06 8.46 8.11 8.12 8.52 8.67 8.25 7.32 5.94 4.67 4.09 3.95 3.72 3.59 3.74 3.89 3.87 3.85
9.00 8.91 8.51 7.81 7.00 6.28 5.70 5.31 5.25 5.59 6.16 6.86 7.71 8.62 9.56 10.37 11.04 11.49 11.52 11.07 10.21 9.24 8.56 8.45 8.83 9.50 9.76 9.11 8.10 7.53 7.33 7.36 7.54 7.53 7.69 8.21 8.79 9.31 9.74 9.94 9.90 9.65 9.23 8.88 8.86 9.05 9.26 9.38 9.30 9.05 8.94 8.91 8.94 8.92 8.78 8.64 8.43 8.15 7.93 7.85 8.02 8.51 9.05 9.47 9.51 9.17 8.70 8.51 8.68 9.04 9.06 8.41 7.43 6.47 5.54 5.08 4.75 4.33 4.32 4.55 4.57 4.46 4.47
8.93 8.75 8.26 7.81 7.49 7.15 6.89 6.84 7.06 7.35 7.68 8.23 9.05 10.02 10.90 11.42 11.57 11.27 10.46 9.28 8.14 7.43 7.49 8.11 8.96 9.88 10.14 9.76 9.28 9.07 9.04 9.05 8.91 8.57 8.39 8.63 8.95 9.25 9.46 9.51 9.21 8.72 8.31 8.18 8.23 8.47 8.80 8.79 8.16 7.33 6.93 6.98 7.22 7.30 7.35 7.58 7.80 7.82 7.78 7.81 8.07 8.64 9.17 9.43 9.30 8.97 8.73 8.69 8.72 8.79 8.68 8.10 7.65 7.44 7.13 6.61 6.08 5.50 5.84 6.23 6.15 5.94 6.19
8.73 8.46 8.09 7.96 7.93 7.94 8.05 8.37 8.81 9.15 9.41 9.79 10.49 11.26 11.65 11.55 10.96 9.93 8.69 7.55 6.84 6.71 7.23 8.08 9.09 10.27 10.70 10.79 10.80 10.75 10.61 10.31 9.87 9.36 8.96 8.89 8.97 9.06 9.09 8.84 8.25 7.73 7.65 7.85 8.07 8.48 8.88 8.70 7.66 6.52 5.99 5.89 5.76 5.91 6.44 7.11 7.65 7.89 7.94 8.04 8.36 8.83 9.04 9.01 8.78 8.53 8.33 8.19 8.11 8.14 8.04 7.87 8.15 8.58 8.82 8.65 8.15 7.77 8.34 8.69 8.56 8.44 8.81
8.59 8.39 8.15 8.22 8.54 9.00 9.50 9.97 10.34 10.58 10.76 11.05 11.44 11.63 11.35 10.56 9.47 8.30 7.29 6.71 6.85 7.44 8.17 8.86 9.77 10.66 10.78 10.49 10.37 10.28 10.06 9.80 9.58 9.39 9.04 8.87 8.83 8.71 8.40 7.90 7.51 7.62 7.94 8.24 8.55 9.04 9.34 9.12 8.34 7.61 7.17 6.81 6.28 6.43 7.02 7.59 8.01 8.28 8.43 8.55 8.71 8.94 8.96 8.84 8.68 8.47 8.17 7.96 7.96 8.12 8.14 8.24 8.79 9.33 9.76 10.04 10.24 10.45 10.83 11.00 10.84 10.66 10.60
8.59 8.47 8.33 8.51 9.04 9.71 10.26 10.62 10.80 10.89 11.01 11.21 11.29 10.94 10.12 9.02 7.88 6.90 6.26 6.31 7.19 8.20 8.95 9.56 10.27 10.63 10.13 9.27 8.79 8.58 8.48 8.61 8.84 8.99 8.84 8.67 8.44 8.05 7.61 7.41 7.77 8.47 8.81 8.94 9.12 9.49 9.65 9.41 8.97 8.89 8.89 8.69 8.38 8.22 8.21 8.14 8.25 8.55 8.91 9.11 9.19 9.33 9.28 9.19 9.03 8.81 8.60 8.63 8.87 8.89 8.76 8.77 9.02 9.26 9.59 10.22 10.98 11.55 11.76 11.64 11.24 10.86 10.38
8.53 8.46 8.36 8.55 8.93 9.40 9.68 9.79 9.80 9.88 10.11 10.32 10.19 9.62 8.70 7.59 6.53 5.91 5.90 6.53 7.53 8.34 8.95 9.43 9.87 9.79 8.93 8.00 7.36 7.01 7.08 7.40 7.79 8.06 8.29 8.32 8.09 7.83 7.83 8.25 8.88 9.23 9.27 9.25 9.36 9.58 9.60 9.20 8.89 8.95 9.12 9.26 9.30 9.09 8.50 8.08 8.19 8.61 9.03 9.35 9.60 9.84 9.84 9.70 9.49 9.28 9.20 9.31 9.40 9.16 8.93 8.90 8.90 8.93 9.18 9.72 10.39 10.83 10.86 10.72 10.43 9.97 9.27
8.44 8.42 8.43 8.55 8.64 8.66 8.59 8.44 8.42 8.65 9.00 9.11 8.75 8.01 7.05 6.15 5.84 6.18 7.07 7.97 8.48 8.82 9.07 9.27 9.30 8.79 7.70 6.73 6.09 5.83 5.91 6.10 6.29 6.65 7.11 7.53 7.91 8.30 8.77 9.16 9.31 9.25 9.11 9.13 9.27 9.40 9.28 8.77 8.28 8.01 8.00 8.26 8.57 8.55 8.15 7.95 8.17 8.61 9.03 9.49 9.95 10.28 10.28 10.08 9.79 9.51 9.32 9.15 8.91 8.50 8.46 8.59 8.70 8.79 8.94 9.09 9.24 9.22 9.23 9.52 9.75 9.66 9.30
8.66 8.80 8.97 8.87 8.63 8.30 7.99 7.76 7.81 8.14 8.32 7.98 7.15 6.14 5.29 5.20 6.10 7.53 8.66 9.26 9.54 9.65 9.63 9.57 9.40 8.88 7.79 6.57 5.84 5.66 5.65 5.67 5.80 6.04 6.42 7.08 7.91 8.54 8.77 8.71 8.56 8.53 8.58 8.74 8.96 9.07 8.85 8.20 7.41 6.90 6.74 6.81 7.02 7.35 7.53 7.77 8.08 8.50 8.96 9.48 10.01 10.38 10.34 10.09 9.77 9.46 9.15 8.82 8.48 8.13 8.10 8.26 8.48 8.51 8.47 8.60 8.48 8.18 8.02 8.33 8.86 9.36 9.75
9.08 9.28 9.37 9.13 8.74 8.32 7.98 7.83 7.84 7.77 7.25 6.28 5.15 4.24 3.99 4.61 6.04 7.64 8.72 9.42 9.83 9.98 9.94 9.96 9.98 9.63 8.89 8.01 7.46 7.42 7.48 7.39 7.44 7.48 7.61 7.95 8.34 8.47 8.28 7.99 7.79 7.83 8.17 8.52 8.80 8.85 8.52 7.79 7.04 6.61 6.37 5.96 5.66 5.78 6.31 7.10 7.84 8.40 8.87 9.39 9.88 10.07 9.94 9.65 9.47 9.36 9.20 8.94 8.68 8.35 8.13 8.16 8.25 8.27 8.37 8.49 8.23 7.84 7.50 7.36 7.51 7.93 8.54
9.14 9.11 8.97 8.77 8.51 8.20 7.93 7.74 7.38 6.60 5.37 4.30 3.73 3.65 4.08 5.01 6.06 6.95 7.74 8.55 9.04 9.31 9.63 10.13 10.14 10.13 9.89 9.92 10.02 10.11 10.09 10.03 9.90 9.57 9.30 9.08 8.83 8.56 8.27 7.97 7.76 7.84 8.31 8.71 8.91 8.84 8.47 7.92 7.46 7.10 6.57 5.72 5.07 5.22 5.98 7.03 7.98 8.60 9.04 9.48 9.71 9.58 9.31 9.22 9.30 9.41 9.40 9.20 8.96 8.60 8.37 8.35 8.34 8.31 8.27 8.13 7.94 7.74 7.48 7.06 6.58 6.30 6.43
8.86 8.53 8.26 8.21 8.05 7.79 7.46 7.00 6.30 5.39 4.61 4.24 4.41 5.10 6.38 7.59 7.84 7.71 7.68 7.83 8.11 8.52 9.36 10.20 10.34 10.13 10.24 10.67 11.06 11.26 11.22 11.05 10.76 10.29 9.81 9.38 8.98 8.68 8.35 8.03 7.99 8.31 8.77 8.99 8.97 8.79 8.51 8.18 7.85 7.33 6.48 5.71 5.75 6.54 7.45 8.06 8.47 8.82 9.19 9.43 9.28 8.98 8.93 9.19 9.43 9.52 9.50 9.39 9.25 9.09 8.88 8.77 8.59 8.23 7.78 7.49 7.54 7.64 7.52 7.14 6.54 6.15 6.16
8.64 8.33 8.02 7.95 7.81 7.57 7.21 6.71 6.16 5.80 5.94 6.47 7.24 8.46 9.87 10.80 11.03 10.40 9.49 9.06 9.05 9.43 10.18 10.52 10.23 9.83 9.80 9.98 10.18 10.39 10.46 10.38 10.26 10.02 9.74 9.41 9.08 8.74 8.31 8.03 8.29 8.88 9.24 9.07 8.79 8.62 8.46 8.27 8.02 7.55 6.99 6.91 7.59 8.50 8.85 8.70 8.55 8.74 9.02 9.04 8.81 8.71 8.90 9.16 9.31 9.30 9.21 9.19 9.27 9.39 9.28 9.04 8.65 8.11 7.58 7.33 7.44 7.59 7.57 7.46 7.45 7.64 7.83
8.64 8.44 8.16 8.05 8.00 7.99 8.00 7.90 7.79 7.97 8.67 9.68 10.82 11.85 12.54 12.75 12.71 12.38 11.96 11.62 11.42 11.40 11.38 10.92 10.18 9.61 9.34 9.16 8.90 8.71 8.72 8.83 8.93 9.05 9.16 9.21 9.13 8.82 8.43 8.33 8.68 8.94 8.84 8.53 8.40 8.52 8.59 8.55 8.55 8.58 8.64 8.89 9.32 9.58 9.23 8.67 8.60 8.84 8.95 8.85 8.74 8.77 8.79 8.77 8.76 8.65 8.50 8.59 8.82 9.06 9.12 8.97 8.61 8.16 7.79 7.63 7.66 7.68 7.69 7.84 8.20 8.60 8.81
8.76 8.67 8.50 8.41 8.45 8.64 8.94 9.27 9.74 10.42 11.31 12.23 12.89 13.11 12.93 12.46 12.01 12.06 12.21 12.20 12.11 11.93 11.54 10.79 9.92 9.39 9.20 9.02 8.61 8.09 7.71 7.61 7.66 7.90 8.23 8.56 8.73 8.67 8.51 8.39 8.26 7.94 7.57 7.61 8.20 8.78 9.06 9.11 9.22 9.58 9.98 10.24 10.35 10.22 9.82 9.44 9.44 9.43 9.25 9.03 8.86 8.66 8.46 8.37 8.34 8.14 7.94 8.03 8.28 8.53 8.70 8.68 8.47 8.20 8.01 7.91 7.83 7.71 7.72 7.90 8.17 8.40 8.52
8.93 8.93 8.84 8.78 8.84 9.02 9.36 9.94 10.85 11.80 12.50 12.76 12.58 12.04 11.30 10.54 10.10 10.23 10.43 10.64 10.85 10.92 10.72 10.18 9.52 9.14 9.09 9.05 8.80 8.51 8.26 8.07 8.09 8.20 8.26 8.25 8.25 8.31 8.27 8.00 7.57 7.24 7.33 7.93 8.82 9.43 9.63 9.57 9.57 9.88 10.29 10.60 10.75 10.80 10.82 10.70 10.52 10.15 9.65 9.21 8.83 8.46 8.29 8.29 8.15 7.82 7.67 7.83 8.14 8.36 8.41 8.33 8.22 8.15 8.10 8.05 7.92 7.78 7.78 7.91 8.11 8.31 8.37
