project/data/elevation/US_DEM2016/US_DEM2016_point_10-31-2019_1157_30m_ang.asc
ncols	125
nrows	167
xllcorner	-2042055.000000
yllcorner	1465035.000000
cellsize	30.000000
NODATA_value	-9999.000000
[rows 42 to 83 of 167, columns 0 to 94 of 125]
321 323 330 335 337 339 341 342 342 342 342 345 353 1 2 358 354 352 350 348 346 343 341 341 341 340 340 341 343 345 346 341 340 339 338 336 335 335 337 339 341 342 343 344 344 343 343 343 345 347 348 348 347 347 350 349 345 342 341 337 332 329 329 328 327 328 327 324 322 321 320 319 318 317 318 324 330 330 328 332 341 347 348 348 348 346 344 344 346 348 350 353 356 360 3
322 325 331 335 338 340 341 341 341 341 343 349 358 3 1 357 354 352 350 348 346 344 343 343 343 342 342 342 343 342 341 337 337 337 339 338 335 333 335 339 342 344 346 346 344 341 340 340 341 343 345 347 348 350 351 349 347 346 345 343 339 335 333 333 333 333 330 327 327 326 323 318 312 307 306 311 317 320 321 328 339 344 343 342 343 343 343 344 346 349 353 356 359 3 5
324 326 332 336 338 340 342 343 343 343 346 354 3 5 360 355 352 350 348 346 344 343 343 344 343 343 342 342 342 340 338 332 333 335 339 340 339 336 335 338 342 346 349 348 343 338 336 336 336 335 336 339 344 348 348 347 347 348 347 346 343 339 336 336 337 335 333 332 332 330 325 318 311 306 303 304 307 310 313 320 331 338 339 339 340 341 342 343 344 347 352 357 3 7 8
325 328 333 336 338 340 342 344 345 347 351 359 6 5 358 353 351 349 346 344 343 342 342 343 343 342 342 341 339 337 334 326 330 332 337 340 341 340 339 338 341 348 353 351 343 335 332 333 336 337 336 336 337 340 342 343 345 347 347 347 344 340 337 338 338 337 336 336 336 332 326 320 317 314 311 308 308 309 310 315 323 330 335 337 337 339 342 344 344 345 347 354 3 10 10
324 327 334 337 338 340 342 345 348 351 356 4 7 1 355 352 350 348 345 344 342 341 342 343 343 342 341 339 336 333 330 329 328 330 334 338 341 343 343 342 344 350 355 352 344 336 333 334 337 339 339 335 332 331 335 340 344 347 348 347 345 341 339 339 339 339 339 339 337 333 329 326 324 322 320 317 315 314 314 315 320 327 332 334 335 338 342 345 347 348 349 354 4 9 11
321 325 332 337 338 340 342 345 348 353 1 7 5 356 352 351 350 347 345 344 343 342 342 342 342 341 340 337 333 330 329 328 327 328 331 336 340 344 346 348 351 354 355 350 346 338 334 334 338 339 337 331 327 329 334 340 345 348 349 349 347 343 340 339 340 341 341 339 337 335 333 332 331 329 327 324 322 321 320 320 323 327 330 332 334 337 341 345 348 351 354 0 7 10 12
320 323 330 335 338 340 342 344 348 355 5 8 1 352 348 348 348 347 346 344 344 343 343 342 341 339 336 332 328 327 329 330 329 328 330 334 338 342 347 352 357 357 352 347 344 338 334 334 338 339 333 328 328 331 338 344 347 349 350 350 348 345 341 340 341 342 341 340 340 340 339 339 338 337 335 332 330 329 328 328 327 327 327 329 332 336 340 344 347 352 360 7 9 10 9
320 322 328 334 338 341 342 344 348 356 7 8 358 349 346 346 346 346 346 345 344 343 343 342 340 338 333 328 324 325 329 332 332 332 333 335 337 342 348 357 2 358 349 343 340 336 334 335 338 336 331 329 332 337 344 348 350 350 350 349 348 347 344 342 341 342 342 343 344 345 345 345 344 344 343 341 340 339 338 337 334 330 327 326 329 333 338 341 345 354 5 9 9 6 2
319 322 329 333 337 341 344 346 349 358 6 4 355 348 346 346 347 347 347 346 345 344 342 341 340 337 331 325 321 322 328 331 333 335 338 339 341 346 355 3 4 357 349 343 339 336 335 336 337 335 332 332 336 343 349 353 352 350 348 347 346 346 345 342 340 340 343 345 346 347 347 347 347 347 346 346 346 346 346 347 344 338 331 327 327 331 336 339 345 357 8 9 6 2 357
317 321 329 334 338 342 346 347 350 359 3 360 353 349 348 348 348 348 348 348 347 345 343 341 339 336 330 322 319 320 326 329 331 336 339 343 348 355 2 4 0 355 350 346 342 338 337 338 339 338 336 337 341 348 353 355 354 350 347 345 343 342 342 339 337 337 340 342 344 344 345 346 346 346 347 348 348 349 351 352 350 347 341 335 331 331 334 338 346 1 7 7 4 2 356
316 319 327 333 337 342 346 347 351 357 359 355 351 349 349 350 350 350 350 349 348 347 344 341 337 334 328 321 317 318 323 325 329 333 338 345 354 1 2 359 356 352 349 347 343 339 337 338 340 341 342 343 346 351 355 358 357 353 349 345 342 339 337 334 332 332 333 333 332 332 334 337 339 341 342 345 346 347 349 350 351 350 348 345 340 335 335 339 349 1 5 5 6 4 359
317 319 325 330 335 340 344 347 351 356 355 351 348 349 351 352 352 351 350 350 349 348 345 340 336 332 327 321 317 317 321 324 327 332 336 346 357 1 358 355 352 350 347 344 340 336 334 336 341 345 346 348 350 354 358 360 360 357 351 346 343 339 336 332 329 327 329 326 325 324 325 326 329 331 334 338 340 341 343 343 344 345 345 345 343 341 339 342 351 358 1 5 6 3 357
320 321 325 329 332 337 341 345 351 355 354 349 347 350 353 354 353 351 350 350 349 347 344 340 336 331 326 322 319 320 324 326 328 331 336 347 358 358 354 350 348 346 344 340 335 332 332 335 341 346 349 351 354 357 0 3 2 358 351 346 343 340 337 333 331 327 328 328 327 326 325 322 319 319 323 327 330 332 335 334 330 329 330 332 336 341 343 347 351 355 358 2 1 357 354
323 324 327 330 333 336 338 342 348 354 353 350 349 353 355 354 353 351 349 348 348 346 343 339 336 331 327 324 321 323 326 329 329 331 337 349 358 356 351 348 345 342 339 334 329 328 329 335 342 347 350 352 356 360 3 5 3 356 350 345 343 341 338 334 330 327 329 331 330 329 326 321 315 313 315 317 317 318 320 321 318 317 319 324 331 338 345 348 350 352 355 357 355 353 350
325 327 331 334 337 339 340 340 345 352 354 353 355 358 358 356 354 350 347 346 345 345 343 340 337 333 330 326 323 324 328 331 331 333 340 351 357 355 352 348 344 340 334 329 325 325 328 335 342 347 349 352 357 2 6 7 3 355 348 345 343 342 338 334 330 328 337 333 333 331 327 324 323 322 320 315 309 308 311 315 316 318 322 327 334 340 345 348 350 351 353 353 351 349 345
325 327 334 339 342 344 344 343 345 351 355 358 360 1 360 357 355 351 348 345 344 344 343 341 338 336 333 329 325 327 332 335 337 339 345 352 355 354 352 349 345 339 331 325 323 324 329 334 340 344 347 351 358 5 9 8 3 356 350 348 346 344 341 335 329 329 331 335 334 332 330 330 331 332 330 323 318 317 318 320 321 324 328 333 339 344 346 348 349 350 351 351 349 344 339
321 325 334 341 346 349 348 347 348 353 357 359 360 359 358 356 353 351 349 346 345 344 343 341 340 339 337 331 328 330 335 339 342 346 350 353 353 352 351 349 345 339 330 324 321 324 329 333 337 339 342 349 359 7 10 9 4 359 354 351 349 347 343 337 332 331 332 336 335 333 333 335 338 339 335 329 325 325 325 325 326 328 332 339 344 347 348 348 348 348 349 348 345 339 336
318 322 333 341 347 350 351 351 353 356 358 357 356 355 354 352 350 349 347 346 345 343 341 339 339 340 339 333 330 332 336 339 343 348 352 354 352 349 348 347 344 339 330 323 320 323 327 329 331 333 336 345 357 6 9 8 5 0 355 351 348 346 343 340 337 335 337 337 335 335 337 341 345 343 337 332 330 330 329 329 330 332 337 342 346 348 349 348 348 347 346 345 340 336 335
316 320 331 340 346 350 352 354 357 359 358 354 351 349 348 347 346 344 343 343 343 341 338 336 338 339 336 332 330 334 339 340 341 345 350 352 351 348 346 344 342 338 330 323 320 322 324 324 325 327 332 339 351 1 6 6 3 359 354 350 346 343 340 340 341 343 342 339 337 338 342 347 347 343 339 337 336 335 334 334 335 337 341 344 347 349 349 348 346 345 344 342 337 335 340
315 319 331 339 344 348 352 357 2 3 359 352 346 342 341 340 339 338 336 335 334 333 332 331 333 334 330 327 328 336 342 344 344 345 348 350 350 347 345 343 341 338 330 324 322 325 326 326 326 329 333 338 347 356 1 1 360 356 353 349 344 340 338 339 342 347 346 342 340 343 347 349 347 344 342 341 340 340 340 340 340 342 344 346 348 349 348 347 345 343 341 339 336 337 346
314 318 329 338 343 347 352 358 5 7 2 352 342 335 331 331 331 331 328 323 320 320 321 324 328 327 323 321 324 334 342 347 348 349 349 350 348 346 345 344 342 339 332 327 326 331 334 333 333 335 338 342 348 355 358 358 356 353 350 345 341 338 337 338 342 347 346 343 345 347 349 349 347 347 347 343 343 344 345 345 346 347 348 348 349 349 348 345 342 340 339 337 335 339 346
317 320 329 337 343 348 353 2 11 13 7 356 343 331 324 322 325 329 329 322 315 311 311 317 323 322 319 317 321 330 338 344 348 351 353 352 349 347 346 345 343 339 333 330 331 336 340 339 339 340 342 346 351 356 357 356 353 349 344 339 337 336 336 339 342 344 342 340 344 349 349 347 347 346 345 344 344 346 348 349 350 351 351 352 351 349 346 343 340 338 336 335 335 339 343
321 324 332 339 344 349 356 7 15 16 10 1 350 340 331 326 327 332 335 332 325 318 314 316 320 320 317 316 320 327 333 338 344 350 355 357 354 350 348 347 343 338 333 330 332 338 342 342 343 344 346 348 352 356 357 354 350 345 339 335 334 335 337 341 342 340 336 336 342 346 346 345 344 344 344 344 344 345 348 350 351 352 353 354 352 348 344 340 337 335 334 333 334 337 339
323 326 335 342 347 352 1 11 15 14 9 2 356 350 344 337 332 332 336 338 336 331 325 323 322 319 318 318 322 328 332 333 337 345 353 358 357 353 350 347 343 337 331 329 331 337 341 342 345 348 349 350 353 356 355 352 347 341 335 333 334 336 339 342 341 336 331 332 338 342 343 343 342 340 340 342 343 343 345 347 349 351 352 352 350 343 337 335 334 333 332 331 331 334 335
323 327 336 344 350 356 5 11 11 8 4 1 359 356 351 344 337 333 334 337 339 337 333 329 325 322 320 322 327 333 336 336 336 341 349 354 354 352 349 346 341 336 331 328 330 335 338 341 347 350 351 352 353 355 354 350 344 338 334 334 337 339 341 343 340 334 328 329 334 339 340 342 341 339 337 339 341 343 343 342 344 346 347 345 339 331 327 328 330 332 332 331 331 332 333
323 327 338 346 352 0 7 8 5 1 360 0 0 359 356 350 342 336 334 335 337 338 336 332 327 324 324 326 332 338 341 341 340 341 346 350 350 349 347 345 341 335 331 328 328 331 335 339 345 349 351 353 354 354 352 347 341 336 334 336 338 340 343 344 339 332 328 328 332 336 338 340 340 340 338 337 339 343 344 340 337 339 340 334 326 321 320 323 327 330 332 333 333 334 334
323 328 339 348 355 3 6 4 359 355 355 357 359 359 357 353 348 341 336 334 334 335 335 333 328 326 326 329 334 340 344 345 344 345 347 348 348 347 346 344 340 335 331 328 326 329 333 337 342 346 348 350 352 351 348 343 338 336 337 338 339 342 344 342 337 331 326 324 327 330 332 334 335 337 339 339 341 345 348 342 334 334 334 327 321 318 319 322 325 327 331 334 337 338 338
323 328 340 350 358 5 7 3 356 350 349 351 353 354 355 354 351 345 339 336 334 333 333 330 328 327 329 331 335 339 343 345 346 347 349 349 348 348 346 343 339 336 334 330 327 329 334 338 341 342 342 344 346 347 345 341 337 337 339 338 337 340 340 337 333 329 323 320 321 322 321 323 326 329 335 342 347 350 348 341 335 334 332 327 321 320 321 324 325 327 332 337 340 342 343
323 328 341 351 0 7 8 5 358 350 344 342 343 346 349 351 351 348 343 339 336 334 332 329 328 329 331 333 334 336 338 340 343 347 349 350 349 347 345 342 339 338 336 332 329 331 336 339 340 338 337 338 341 345 345 342 340 340 340 337 336 336 334 331 329 327 325 323 324 325 324 326 328 331 337 346 351 349 343 339 335 334 333 328 325 325 327 329 330 333 337 341 343 345 346
325 330 342 353 3 9 10 7 3 356 348 339 334 336 341 345 348 345 344 341 338 336 331 329 329 331 335 336 336 335 334 335 338 343 347 349 349 346 343 341 340 339 337 333 330 331 337 339 338 338 338 339 342 347 348 348 348 347 345 342 341 340 336 332 331 332 333 334 334 334 335 336 338 342 345 347 347 344 340 337 335 336 335 332 330 332 336 339 339 341 344 346 347 348 350
327 331 343 355 5 10 9 6 3 0 355 345 337 333 336 340 343 345 344 341 339 337 332 331 332 335 339 340 339 339 337 337 338 340 343 347 348 345 342 340 340 340 338 332 329 332 338 340 340 341 342 343 346 350 352 352 352 352 351 349 348 347 344 340 337 337 340 340 344 339 342 344 346 348 347 345 343 340 337 335 336 338 339 337 335 337 342 347 349 350 351 352 352 352 354
328 333 345 357 6 9 6 2 0 358 355 350 344 340 338 338 339 340 342 341 340 338 334 332 334 338 342 343 343 342 341 341 342 343 344 347 347 345 343 342 342 342 339 334 330 333 338 341 342 344 346 348 351 353 353 352 351 352 351 350 350 347 344 341 339 340 343 343 342 342 346 349 349 347 343 341 340 337 334 334 336 340 341 341 340 342 347 352 356 358 359 358 356 356 359
330 335 347 359 6 8 4 358 355 353 352 350 348 346 343 339 337 336 338 335 340 334 333 334 335 339 343 345 346 344 343 343 344 345 346 348 347 345 344 344 344 343 340 335 331 332 336 339 341 343 345 348 352 354 353 351 350 349 348 348 347 344 341 339 340 342 345 344 343 345 349 349 346 342 338 338 337 334 331 332 336 340 343 344 345 347 349 351 357 2 5 3 1 1 3
332 336 349 360 6 6 1 354 349 347 347 347 347 347 344 340 337 334 335 337 339 339 338 337 336 337 341 345 347 346 345 344 345 345 345 346 346 346 345 344 343 342 339 334 330 330 333 335 337 339 341 344 349 352 353 351 348 346 345 344 343 340 340 341 343 346 346 344 345 347 348 347 342 338 335 335 335 333 331 332 335 338 340 342 346 350 352 351 355 2 6 5 4 4 5
332 338 350 0 5 3 355 349 345 343 343 343 344 343 341 337 332 331 332 334 337 339 340 339 338 337 339 344 347 347 347 346 346 345 344 344 346 346 346 345 343 341 338 333 330 329 333 336 337 339 341 343 346 350 351 350 348 346 345 342 339 339 342 348 351 349 346 345 346 347 346 344 340 337 336 336 336 335 334 335 336 334 331 332 338 347 353 355 356 0 4 5 5 5 6
331 338 351 1 2 356 350 346 343 341 340 340 339 338 336 334 328 331 332 334 337 339 340 341 339 337 338 342 346 347 348 349 349 347 346 346 348 349 349 346 343 340 337 333 329 329 332 336 338 339 340 342 344 346 348 348 347 346 345 342 340 342 350 355 354 350 347 346 346 346 345 342 340 339 339 339 338 338 341 342 342 339 334 329 330 338 348 356 0 3 4 4 5 5 5
329 337 352 0 357 350 346 345 345 344 342 339 337 334 332 331 330 331 333 335 337 339 341 341 339 337 337 341 343 345 349 351 351 349 349 350 353 354 351 347 342 339 336 332 327 325 327 331 333 333 335 338 339 341 344 346 346 345 344 343 343 349 355 354 351 349 348 346 345 345 344 341 341 344 345 341 341 341 344 347 349 347 343 337 333 334 342 352 1 5 5 4 4 4 3
329 337 353 359 354 348 346 347 347 346 343 340 336 333 331 330 330 332 335 337 338 340 341 342 340 336 335 338 340 342 346 350 351 351 351 354 357 357 352 347 342 339 336 332 326 322 323 326 328 330 333 335 337 339 343 345 345 345 344 343 347 353 353 350 347 346 345 343 343 343 342 338 340 340 343 343 345 342 344 347 351 352 350 345 341 340 341 349 359 4 4 2 2 2 0
333 339 352 356 354 349 348 348 347 345 342 338 334 332 331 330 331 333 336 338 340 341 342 342 340 336 333 334 335 336 339 344 349 351 353 357 1 359 355 350 346 343 340 336 331 327 325 327 329 331 334 336 338 341 345 346 347 348 347 348 350 352 349 345 343 340 339 340 341 341 338 334 334 338 342 343 343 342 342 344 349 353 353 351 348 345 345 349 356 0 360 359 360 359 356
339 342 350 354 353 350 347 346 344 342 339 335 332 330 330 331 331 333 336 339 340 341 342 343 342 336 332 331 330 328 328 332 338 346 352 358 1 359 356 353 350 347 345 342 338 334 331 331 332 333 335 337 338 341 345 348 350 352 352 353 353 351 346 342 338 336 336 338 340 339 334 331 331 336 341 343 343 343 342 342 344 349 353 354 352 350 349 352 356 357 356 356 356 355 351
344 345 348 351 351 348 346 344 342 339 336 332 330 329 330 331 332 334 337 340 340 341 343 344 342 338 334 332 329 324 321 321 326 335 347 355 359 357 355 351 349 347 346 344 342 338 334 333 335 336 336 336 337 340 345 349 350 351 352 353 352 349 344 339 334 333 335 339 340 338 333 329 331 335 340 342 343 343 345 343 342 344 350 354 355 354 354 354 355 354 353 353 353 350 346
345 346 349 351 349 346 344 342 339 335 332 330 329 329 331 333 334 336 340 342 341 341 343 342 341 340 336 335 334 331 327 325 326 331 340 351 356 355 351 348 346 346 346 344 343 339 335 334 336 337 337 337 339 342 346 349 349 349 350 351 349 346 342 336 332 332 337 341 340 337 333 328 328 333 337 339 340 342 344 345 344 343 346 351 354 356 357 357 355 353 351 351 349 346 343
