project/data/elevation/US_DEM2016/US_DEM2016_point_10-31-2019_0248_30m_vel.asc
ncols	125
nrows	167
xllcorner	-2042055.000000
yllcorner	1465035.000000
cellsize	30.000000
NODATA_value	-9999.000000
[rows 38 to 75 of 167, columns 0 to 83 of 125]
5.39 5.07 4.44 3.99 3.60 3.36 3.19 2.93 2.61 2.33 2.51 2.18 2.22 2.42 3.02 3.04 3.16 3.06 3.47 3.75 3.93 4.01 4.09 4.24 4.44 4.63 4.81 4.98 4.99 4.85 4.59 4.32 4.17 4.18 4.34 4.69 5.09 5.34 5.54 5.76 5.88 5.80 5.73 5.68 5.68 5.58 5.17 4.50 4.04 3.76 3.70 3.73 3.63 3.53 3.63 3.74 3.83 4.07 4.31 4.44 4.30 3.89 3.60 3.35 3.10 2.91 2.72 2.69 2.78 2.79 2.70 2.78 3.02 3.32 3.48 3.66 3.88 4.27 4.79 5.40 5.87 6.09 5.98 5.60
5.33 4.74 3.80 3.33 3.03 2.90 2.76 2.59 2.48 2.47 2.54 2.56 2.45 2.83 2.95 2.82 2.94 3.18 3.07 3.09 2.99 2.96 3.05 3.29 3.70 4.14 4.49 4.80 4.98 5.02 4.94 4.77 4.63 4.64 4.93 5.43 5.74 5.90 5.99 6.07 6.09 5.91 5.76 5.62 5.48 5.26 4.81 4.29 3.93 3.67 3.67 3.79 3.77 3.59 3.67 3.83 4.01 4.23 4.25 4.08 3.68 3.15 2.73 2.58 2.50 2.45 2.36 2.41 2.59 2.65 2.53 2.60 2.94 3.26 3.38 3.48 3.59 3.85 4.20 4.41 4.47 4.71 5.12 5.37
5.08 4.44 3.47 3.03 2.90 2.85 2.81 2.80 2.88 3.05 3.21 3.24 3.04 2.80 3.31 2.97 2.91 3.11 2.94 2.66 2.56 2.67 2.90 3.23 3.68 4.05 4.33 4.60 4.80 4.96 5.10 5.14 5.20 5.48 5.93 6.35 6.55 6.58 6.39 6.09 5.91 5.51 5.18 5.06 4.96 4.99 4.92 4.82 4.65 4.50 4.31 4.18 4.02 3.72 3.67 3.78 3.95 4.09 3.93 3.55 3.08 2.53 2.03 1.84 1.83 1.91 2.10 2.32 2.50 2.55 2.44 2.54 2.96 3.28 3.32 3.31 3.37 3.56 3.80 3.84 3.77 3.92 4.48 5.26
4.85 4.35 3.62 3.32 3.28 3.29 3.27 3.30 3.43 3.63 3.77 3.69 3.43 3.22 3.13 3.13 3.19 3.20 3.09 2.94 2.98 3.19 3.44 3.64 3.80 3.95 4.04 4.19 4.48 4.76 5.15 5.44 5.82 6.26 6.62 6.84 6.86 6.66 6.29 5.83 5.42 5.04 4.67 4.40 4.42 4.50 4.70 4.83 4.95 5.02 4.94 4.57 4.14 3.73 3.53 3.53 3.58 3.53 3.33 3.06 2.74 2.33 1.93 1.84 1.97 2.13 2.30 2.41 2.46 2.50 2.51 2.64 2.98 3.24 3.17 3.03 3.16 3.52 3.74 3.65 3.58 3.62 3.96 4.80
4.74 4.43 3.96 3.76 3.71 3.67 3.62 3.68 3.87 4.06 4.07 3.85 3.50 3.40 3.46 3.53 3.56 3.59 3.62 3.69 3.84 4.03 4.19 4.27 4.30 4.25 4.17 4.19 4.41 4.69 5.20 5.72 6.32 6.74 6.81 6.62 6.33 5.94 5.49 5.07 4.75 4.49 4.13 3.90 3.82 3.91 4.11 4.22 4.37 4.49 4.51 4.31 4.00 3.62 3.45 3.45 3.42 3.26 3.10 3.06 2.94 2.76 2.60 2.64 2.77 2.74 2.61 2.52 2.59 2.66 2.63 2.67 2.87 3.00 2.82 2.62 2.91 3.48 3.68 3.50 3.45 3.60 3.96 4.64
4.69 4.46 4.12 3.98 3.94 3.95 4.03 4.20 4.37 4.41 4.25 3.94 3.63 3.69 3.61 3.71 3.83 3.95 4.10 4.30 4.55 4.76 4.84 4.82 4.75 4.61 4.51 4.51 4.65 4.84 5.34 5.92 6.40 6.60 6.41 6.01 5.54 5.11 4.68 4.37 4.18 3.99 3.70 3.40 3.32 3.44 3.57 3.49 3.32 3.12 3.09 3.28 3.44 3.46 3.51 3.68 3.75 3.72 3.69 3.66 3.56 3.51 3.51 3.53 3.31 2.99 2.90 2.97 2.98 2.76 2.49 2.41 2.60 2.75 2.65 2.53 2.82 3.37 3.52 3.28 3.34 3.75 4.23 4.54
4.67 4.51 4.30 4.26 4.36 4.55 4.75 4.88 4.86 4.69 4.38 4.06 3.82 3.70 3.71 3.85 4.03 4.19 4.36 4.59 4.84 4.95 4.92 4.80 4.67 4.55 4.52 4.59 4.80 5.10 5.67 5.99 6.07 5.89 5.63 5.40 5.12 4.77 4.27 3.86 3.59 3.46 3.27 3.01 2.90 3.05 2.97 2.79 2.55 2.39 2.40 2.55 2.84 3.17 3.57 3.97 4.17 4.24 4.22 4.09 3.99 3.98 3.89 3.67 3.30 3.22 3.36 3.33 2.93 2.35 2.11 2.23 2.47 2.64 2.69 2.77 3.08 3.45 3.50 3.26 3.30 3.76 4.10 4.22
4.81 4.75 4.69 4.75 4.88 5.04 5.13 5.12 4.99 4.74 4.41 4.14 4.01 3.95 4.10 4.27 4.38 4.47 4.59 4.68 4.68 4.59 4.46 4.36 4.36 4.37 4.40 4.56 4.95 5.45 5.94 5.86 5.47 5.07 4.88 4.87 4.73 4.49 4.00 3.50 3.06 2.85 2.75 2.59 2.59 2.68 2.67 2.71 2.75 2.77 2.71 2.60 2.67 3.07 3.67 4.14 4.23 4.19 4.10 4.06 4.00 4.03 3.88 3.69 3.65 3.72 3.56 3.03 2.40 2.12 2.25 2.57 2.78 2.88 2.99 3.21 3.53 3.71 3.86 3.50 3.45 3.62 3.85 4.01
5.02 4.98 4.94 5.00 5.01 4.96 4.85 4.72 4.59 4.40 4.21 4.05 4.05 4.24 4.51 4.65 4.69 4.70 4.66 4.56 4.39 4.21 4.06 4.04 4.16 4.28 4.42 4.71 5.24 5.71 5.84 5.45 4.86 4.51 4.36 4.25 4.08 3.96 3.73 3.30 2.73 2.42 2.40 2.51 2.68 2.80 2.99 3.10 3.12 2.92 2.65 2.60 2.93 3.51 4.05 4.23 4.14 4.02 3.98 4.03 3.99 4.01 3.98 3.95 3.90 3.67 3.03 2.59 2.53 2.79 3.14 3.33 3.42 3.48 3.62 3.83 4.01 4.04 3.98 3.91 4.37 3.81 3.93 4.12
5.15 5.02 4.87 4.82 4.71 4.53 4.31 4.10 3.93 3.84 3.81 3.77 3.98 4.08 4.35 4.47 4.55 4.54 4.44 4.30 4.17 4.04 3.94 3.93 4.03 4.18 4.41 4.85 5.39 5.63 5.40 4.86 4.47 4.17 3.94 3.73 3.53 3.43 3.42 3.25 2.77 2.48 2.54 2.86 3.06 3.22 3.29 3.08 2.68 2.30 2.29 2.74 3.63 4.42 4.68 4.54 4.35 4.22 4.18 4.18 4.10 4.11 4.05 3.95 3.71 3.30 3.02 3.14 3.58 4.04 4.32 4.39 4.40 4.42 4.47 4.58 4.65 4.58 4.54 4.51 4.26 4.14 4.24 4.33
5.17 5.02 4.67 4.48 4.32 4.12 3.89 3.67 3.50 3.40 3.44 3.49 3.54 3.72 3.86 3.94 4.08 4.16 4.15 4.09 3.98 3.86 3.80 3.79 3.84 3.99 4.23 4.74 5.34 5.42 5.07 4.64 4.36 4.03 3.63 3.28 3.13 3.04 3.03 3.00 2.80 2.57 2.58 2.80 2.95 3.11 3.14 2.73 2.37 2.34 2.83 3.89 4.95 5.43 5.39 5.00 4.69 4.46 4.37 4.39 4.37 4.35 4.27 4.13 4.12 4.25 4.64 5.11 5.51 5.79 5.89 5.91 5.90 5.87 5.84 5.86 5.83 5.66 5.41 5.03 4.54 4.27 4.36 4.37
5.18 5.03 4.56 4.24 4.08 3.94 3.78 3.61 3.45 3.35 3.44 3.55 3.70 3.74 3.83 3.87 3.95 4.00 4.01 3.93 3.78 3.66 3.61 3.60 3.65 3.79 4.05 4.66 5.29 5.26 4.92 4.67 4.42 4.05 3.60 3.18 2.96 2.70 2.49 2.50 2.49 2.33 2.25 2.31 2.53 2.82 3.02 2.91 2.88 3.28 4.36 5.52 6.10 6.08 5.71 5.19 4.81 4.58 4.53 4.69 4.76 4.80 4.78 4.94 5.31 5.83 6.39 6.87 7.19 7.35 7.41 7.42 7.42 7.40 7.33 7.20 7.03 6.77 6.27 5.56 4.86 4.41 4.32 4.24
5.26 5.03 4.51 4.17 4.01 3.91 3.86 3.80 3.70 3.68 3.86 4.05 4.25 4.32 4.29 4.26 4.19 4.08 3.94 3.79 3.66 3.56 3.48 3.45 3.52 3.72 4.10 4.79 5.25 5.02 4.55 4.48 4.30 3.99 3.78 3.52 3.13 2.62 2.25 2.29 2.39 2.40 2.44 2.55 2.79 3.09 3.49 3.80 4.15 4.96 6.01 6.54 6.50 5.98 5.47 5.00 4.71 4.59 4.53 4.58 4.68 4.85 5.00 5.29 5.82 6.31 6.67 6.98 7.18 7.30 7.38 7.46 7.51 7.52 7.42 7.23 7.01 6.80 6.45 6.01 5.49 4.97 4.47 4.14
5.33 4.98 4.39 4.16 4.01 3.87 3.84 3.89 3.90 3.96 4.23 4.56 4.74 4.75 4.65 4.46 4.23 3.99 3.81 3.69 3.61 3.53 3.42 3.37 3.46 3.76 4.23 4.84 5.02 4.54 4.10 4.07 3.96 3.82 3.80 3.75 3.39 2.97 2.73 2.79 3.01 3.26 3.49 3.62 3.80 4.16 4.81 5.49 6.18 6.75 6.96 6.78 6.18 5.44 4.99 4.63 4.40 4.24 4.08 3.98 4.08 4.28 4.65 4.94 5.28 5.47 5.42 5.37 5.33 5.44 5.60 5.83 5.92 5.94 5.84 5.68 5.61 5.53 5.48 5.48 5.42 5.27 4.94 4.40
5.25 4.79 4.13 3.91 3.82 3.74 3.73 3.80 3.92 4.01 4.24 4.60 4.74 4.70 4.53 4.23 3.90 3.68 3.55 3.48 3.42 3.37 3.32 3.33 3.49 3.82 4.27 4.70 4.65 4.08 3.78 3.78 3.69 3.58 3.60 3.55 3.48 3.41 3.42 3.66 3.94 4.21 4.42 4.64 5.01 5.63 6.33 6.84 7.14 7.15 6.88 6.30 5.65 5.01 4.62 4.31 4.03 3.78 3.64 3.59 3.72 3.94 4.15 4.33 4.36 4.11 3.81 3.48 3.40 3.50 3.67 3.85 3.93 3.87 3.83 3.73 3.77 3.78 3.83 4.00 4.31 4.55 4.60 4.46
5.03 4.56 3.89 3.59 3.51 3.55 3.62 3.68 3.83 3.96 4.46 4.24 4.19 4.08 3.89 3.65 3.41 3.24 3.14 3.09 3.09 3.13 3.24 3.43 3.67 3.93 4.27 4.54 4.42 4.03 3.83 3.80 3.70 3.55 3.33 3.22 3.37 3.47 3.64 3.95 4.28 4.52 4.78 5.16 5.81 6.51 6.93 7.02 6.77 6.39 5.99 5.59 5.16 4.76 4.46 4.20 3.94 3.74 3.74 3.81 3.96 4.05 4.02 3.96 3.68 3.34 3.12 3.01 3.06 3.10 3.01 2.83 2.72 2.63 2.55 2.50 2.53 2.58 2.62 2.62 2.71 2.89 3.05 3.26
4.80 4.45 3.90 3.61 3.47 3.39 3.36 3.38 3.49 3.64 3.62 3.75 3.32 3.14 2.99 2.93 2.87 2.75 2.67 2.77 2.98 3.18 3.41 3.67 3.87 4.07 4.33 4.53 4.52 4.40 4.21 4.00 3.78 3.50 3.09 2.90 3.09 3.24 3.40 3.63 3.96 4.29 4.68 5.30 6.14 6.63 6.64 6.13 5.43 5.09 4.98 4.94 4.83 4.64 4.43 4.23 4.02 3.94 4.06 4.13 4.15 4.09 3.88 3.67 3.43 3.29 3.34 3.38 3.32 3.10 2.71 2.31 2.13 2.00 1.84 1.77 1.79 1.76 1.70 1.62 1.60 1.71 1.97 2.32
4.73 4.52 4.20 3.96 3.72 3.42 3.12 2.95 2.98 3.11 3.12 3.41 2.60 2.43 2.39 2.68 2.44 2.42 2.46 2.73 3.13 3.51 3.78 3.95 4.10 4.27 4.49 4.68 4.74 4.67 4.36 3.99 3.68 3.34 2.93 2.74 2.95 3.16 3.26 3.39 3.64 4.03 4.57 5.44 6.20 6.33 5.82 5.02 4.53 4.35 4.30 4.37 4.44 4.44 4.27 4.12 3.97 3.95 4.04 3.97 3.78 3.58 3.40 3.32 3.43 3.60 3.72 3.65 3.22 2.70 2.20 1.97 1.92 1.79 1.58 1.48 1.44 1.29 1.15 1.18 2.08 1.86 2.42 2.83
4.87 4.84 4.69 4.45 4.12 3.73 3.28 3.01 2.90 2.95 2.96 3.37 3.07 2.45 2.48 2.48 2.52 2.61 2.80 3.12 3.53 3.94 4.19 4.34 4.49 4.66 4.79 4.90 4.92 4.78 4.35 4.06 3.89 3.61 3.23 3.11 3.34 3.57 3.62 3.68 3.85 4.20 4.81 5.69 6.07 5.76 4.89 4.22 3.88 3.75 3.72 3.81 3.99 4.04 3.93 3.80 3.68 3.62 3.55 3.30 3.02 2.86 2.92 3.16 3.65 3.90 3.79 3.41 2.82 2.38 2.20 2.24 2.23 1.94 1.57 1.48 1.53 1.60 1.29 1.52 2.05 2.87 3.68 3.91
5.11 5.11 4.95 4.71 4.43 4.15 3.85 3.60 3.38 3.28 4.06 3.08 2.99 3.06 3.18 3.26 3.35 3.51 3.67 3.88 4.16 4.48 4.70 4.90 5.10 5.21 5.17 5.17 5.22 5.16 4.95 4.78 4.64 4.37 3.98 3.87 4.04 4.23 4.32 4.37 4.48 4.66 5.16 5.77 5.76 4.98 4.12 3.51 3.25 3.19 3.20 3.29 3.52 3.62 3.60 3.48 3.35 3.18 2.96 2.78 2.74 2.84 3.13 3.54 3.96 3.93 3.49 3.00 2.65 2.67 2.89 2.97 2.63 2.09 1.71 1.65 1.75 1.84 2.08 2.67 3.57 4.47 4.83 4.65
5.29 5.10 4.73 4.54 4.45 4.42 4.30 4.06 3.76 3.51 3.37 3.37 3.50 3.74 4.02 4.24 4.45 4.64 4.79 4.89 5.01 5.11 5.25 5.44 5.59 5.54 5.42 5.43 5.54 5.47 5.31 5.12 4.92 4.66 4.35 4.21 4.28 4.44 4.62 4.79 4.89 5.00 5.32 5.50 5.06 4.13 3.37 2.90 2.70 2.67 2.71 2.73 2.95 3.27 3.40 3.34 3.26 3.13 3.05 3.16 3.36 3.65 4.00 4.29 4.33 3.97 3.42 3.17 3.23 3.50 3.64 3.36 2.71 2.15 2.04 2.26 2.54 2.87 3.46 4.30 5.13 5.43 5.16 4.49
5.37 4.94 4.33 4.14 4.16 4.28 4.31 4.11 3.80 3.47 4.58 3.34 3.62 3.99 4.39 4.70 4.95 5.17 5.35 5.43 5.42 5.41 5.50 5.62 5.60 5.47 5.45 5.57 5.60 5.34 4.87 4.50 4.25 4.15 4.12 4.15 4.22 4.38 4.56 4.79 4.98 5.06 5.13 4.93 4.21 3.30 2.69 2.37 2.25 2.29 2.26 2.18 2.46 2.99 3.33 3.45 3.50 3.52 3.65 3.81 4.05 4.44 4.85 5.07 4.87 4.51 4.03 3.97 4.21 4.30 3.94 3.32 2.79 2.71 3.01 3.41 3.88 4.45 5.15 5.76 5.90 5.53 4.82 4.13
5.37 4.86 4.09 3.79 3.69 3.68 3.73 3.72 3.59 3.34 3.08 3.07 3.27 3.60 3.94 4.19 4.40 4.53 4.61 4.68 4.79 4.96 5.12 5.11 4.93 4.87 5.10 5.40 5.38 5.09 4.67 4.20 3.88 3.80 4.01 4.26 4.45 4.57 4.64 4.70 4.76 4.68 4.56 4.24 3.63 2.84 2.33 2.17 2.22 2.30 2.25 2.17 2.39 2.97 3.44 3.75 3.94 4.09 4.21 4.27 4.51 5.07 5.57 5.69 5.42 5.17 4.97 4.85 4.90 4.78 4.25 3.76 3.69 4.17 4.76 5.29 5.81 6.25 6.50 6.38 5.86 5.09 4.42 3.90
5.30 4.70 3.80 3.47 3.21 3.02 2.99 3.08 3.14 2.98 2.68 2.53 2.51 2.63 2.82 2.97 3.06 3.02 2.86 2.88 3.35 3.88 4.05 3.86 3.61 3.89 4.58 5.02 5.01 4.88 4.81 4.71 4.55 4.40 4.38 4.50 4.60 4.62 4.53 4.38 4.24 4.10 4.01 3.94 3.62 3.05 2.69 2.73 2.87 2.94 2.95 2.95 3.04 3.33 3.63 3.92 4.22 4.53 4.75 5.03 5.45 5.96 6.12 5.90 5.55 5.39 5.40 5.50 5.55 5.46 5.30 5.28 5.64 6.14 6.52 6.81 7.03 7.06 6.79 6.17 5.42 4.74 4.24 3.79
5.05 4.38 3.47 3.16 2.96 2.78 2.62 2.62 2.73 2.63 2.31 2.00 1.76 1.65 1.66 1.75 1.80 1.69 1.66 1.88 2.35 2.81 2.89 2.68 2.72 3.35 4.36 4.81 4.71 4.44 4.50 4.71 4.85 4.89 4.70 4.48 4.29 4.17 3.98 3.78 3.68 3.81 4.03 4.27 4.24 4.11 3.96 3.97 4.02 4.03 4.01 3.92 3.79 3.74 3.75 3.88 4.16 4.57 5.11 5.72 6.22 6.32 6.01 5.42 4.89 4.84 5.22 5.53 5.81 6.00 6.21 6.50 6.82 6.99 7.01 6.98 6.86 6.54 6.01 5.44 4.91 4.44 4.05 3.78
4.77 4.25 3.45 3.07 2.91 2.79 2.64 2.54 2.60 2.58 2.35 1.97 1.61 1.37 1.26 1.25 1.25 1.45 1.75 2.08 2.33 2.45 2.40 2.37 2.70 3.55 4.56 4.83 4.51 3.99 3.88 4.02 4.28 4.49 4.42 4.06 3.66 3.43 3.35 3.32 3.43 3.88 4.43 4.82 4.89 4.94 4.96 4.89 4.82 4.72 4.45 4.15 3.97 3.92 3.90 3.98 4.22 4.71 5.35 5.87 6.01 5.70 5.12 4.44 4.13 4.28 4.75 5.13 5.37 5.69 5.99 6.22 6.34 6.29 6.12 5.89 5.55 5.09 4.74 4.43 4.12 3.83 3.57 3.30
4.68 4.35 3.76 3.36 3.13 2.99 2.85 2.77 2.74 2.73 2.65 2.42 2.18 1.92 1.70 1.60 1.38 2.03 2.52 2.81 2.84 2.76 2.70 2.78 3.24 4.13 4.87 4.90 4.37 3.72 3.45 3.39 3.48 3.63 3.74 3.66 3.44 3.27 3.27 3.47 3.81 4.41 4.90 5.08 4.99 4.96 4.98 5.02 4.96 4.72 4.25 3.93 3.87 3.96 4.04 4.18 4.45 4.98 5.45 5.52 5.13 4.51 4.02 3.69 3.75 4.10 4.44 4.56 4.60 4.82 5.01 5.07 4.96 4.84 4.72 4.48 4.10 3.68 3.38 3.23 3.05 2.89 2.72 2.58
4.66 4.41 3.98 3.69 3.47 3.25 3.14 3.16 3.16 3.19 3.23 3.23 3.15 2.92 2.64 2.45 2.45 2.68 3.02 3.35 3.47 3.49 3.52 3.67 4.09 4.79 5.23 5.10 4.55 3.83 3.44 3.19 3.02 3.03 3.35 3.72 3.94 4.07 4.16 4.31 4.61 4.99 5.14 5.00 4.69 4.56 4.62 4.71 4.67 4.52 4.22 4.01 3.97 4.04 4.12 4.27 4.56 5.02 5.26 4.92 4.28 3.77 3.45 3.36 3.50 3.82 4.08 4.04 3.96 4.05 4.15 4.10 3.92 3.73 3.52 3.35 3.03 2.61 2.20 1.98 1.91 1.74 1.60 1.53
4.64 4.39 3.99 3.73 3.55 3.40 3.42 3.53 3.70 3.90 4.07 4.15 4.02 3.74 3.43 3.21 3.11 3.15 3.32 3.68 3.99 4.28 4.51 4.67 4.96 5.48 5.73 5.49 4.97 4.35 3.97 3.66 3.40 3.38 3.69 4.15 4.55 4.85 4.97 4.99 5.02 5.09 5.00 4.71 4.39 4.23 4.25 4.22 4.13 4.12 4.14 4.10 4.06 4.14 4.22 4.43 4.76 5.05 4.90 4.28 3.67 3.36 3.18 3.12 3.24 3.63 3.91 3.78 3.54 3.51 3.48 3.40 3.28 3.04 2.68 2.37 2.08 1.73 1.31 1.01 0.86 0.76 0.69 0.81
4.65 4.38 3.95 3.65 3.44 3.37 3.46 3.64 3.95 4.30 4.57 4.66 4.60 4.45 4.24 3.99 3.76 3.64 3.71 4.01 4.35 4.78 5.01 5.25 5.66 6.14 6.16 5.73 5.16 4.76 4.57 4.44 4.29 4.21 4.28 4.43 4.59 4.72 4.78 4.75 4.73 4.78 4.67 4.38 4.09 3.87 3.78 3.63 3.46 3.47 3.65 3.81 3.92 4.11 4.31 4.63 4.86 4.77 4.21 3.51 3.15 3.04 2.97 3.07 3.36 3.77 3.79 3.42 3.05 2.92 2.84 2.74 2.69 2.51 2.11 1.65 1.26 1.01 0.87 0.48 0.37 1.30 0.59 0.93
4.65 4.33 3.83 3.53 3.32 3.25 3.25 3.32 3.55 3.86 4.18 4.43 4.67 4.85 4.92 4.82 4.56 4.30 4.23 4.35 4.55 4.92 5.21 5.59 6.07 6.35 6.15 5.51 4.89 4.65 4.67 4.76 4.78 4.63 4.45 4.31 4.21 4.14 4.14 4.28 4.44 4.53 4.41 4.11 3.83 3.62 3.45 3.21 2.98 2.89 2.97 3.19 3.51 3.81 4.19 4.45 4.38 3.92 3.19 2.82 2.74 2.75 2.88 3.20 3.49 3.58 3.28 2.73 2.35 2.17 2.08 1.95 1.82 1.72 1.50 1.13 0.76 0.63 0.56 0.56 0.62 0.80 1.13 1.65
4.57 4.19 3.60 3.38 3.28 3.21 3.10 2.97 2.86 2.87 3.06 3.53 4.14 4.70 5.11 5.29 5.22 5.01 4.79 4.71 4.78 5.07 5.37 5.80 6.13 6.09 5.64 5.03 4.43 4.17 4.19 4.33 4.45 4.39 4.29 4.15 4.04 4.00 4.15 4.38 4.48 4.42 4.22 4.02 3.88 3.71 3.45 3.06 2.69 2.50 2.55 2.84 3.28 3.76 3.90 3.84 3.41 2.78 2.38 2.33 2.33 2.32 2.58 2.91 2.99 2.87 2.59 2.20 1.86 1.62 1.47 1.39 1.27 1.06 0.88 0.80 0.75 0.54 0.96 1.21 1.48 1.73 2.06 2.65
4.46 4.03 3.46 3.32 3.31 3.31 3.20 3.02 2.74 2.44 2.33 2.60 3.26 4.04 4.71 5.16 5.39 5.43 5.33 5.22 5.24 5.40 5.68 6.01 6.05 5.71 5.19 4.59 4.02 3.66 3.52 3.53 3.69 3.87 4.03 4.12 4.16 4.21 4.37 4.51 4.47 4.29 4.12 4.06 4.00 3.69 3.24 2.76 2.55 2.67 2.98 3.37 3.66 3.74 3.74 3.28 2.66 2.20 2.09 2.09 2.00 1.97 2.09 2.28 2.42 2.51 2.55 2.43 2.18 1.96 1.85 1.72 1.48 1.15 0.93 0.99 1.19 1.47 1.82 2.18 2.53 2.90 3.26 3.91
4.36 3.98 3.49 3.37 3.41 3.44 3.40 3.34 3.21 2.94 2.63 2.57 2.92 3.48 4.12 4.71 5.15 5.49 5.70 5.80 5.88 6.02 6.26 6.35 6.08 5.55 5.00 4.46 3.95 3.63 3.48 3.45 3.46 3.56 3.77 4.01 4.15 4.21 4.29 4.38 4.24 4.01 3.89 3.90 3.81 3.35 3.00 2.94 3.26 3.75 4.14 4.29 4.22 4.00 3.84 3.35 3.05 2.86 2.76 2.62 2.46 2.39 2.44 2.60 2.97 3.33 3.50 3.41 3.23 3.07 2.87 2.55 2.07 1.70 1.55 1.66 1.94 2.32 2.75 3.27 3.88 4.47 4.98 5.76
4.30 3.93 3.51 3.44 3.52 3.57 3.60 3.70 3.84 3.91 3.78 3.60 3.60 3.77 4.09 4.59 5.09 5.63 6.01 6.30 6.58 6.71 6.72 6.51 5.99 5.41 5.02 4.74 4.43 4.28 4.23 4.14 3.94 3.82 3.86 3.99 4.09 4.15 4.16 4.04 3.81 3.63 3.62 3.71 3.71 3.63 3.80 4.22 4.66 4.91 4.92 4.71 4.40 4.14 3.99 3.95 3.95 3.95 3.91 3.84 3.79 3.84 3.99 4.27 4.55 4.59 4.32 4.00 3.74 3.49 3.10 2.61 2.15 2.00 2.12 2.41 2.75 3.24 3.93 4.90 5.90 6.66 7.22 7.79
4.22 3.89 3.52 3.50 3.64 3.71 3.80 3.99 4.33 4.71 4.96 5.05 5.00 4.83 4.79 5.02 5.47 6.05 6.50 6.78 7.05 7.08 6.75 6.25 5.65 5.23 5.08 5.03 4.95 4.85 4.76 4.67 4.50 4.36 4.25 4.18 4.17 4.13 3.97 3.73 3.61 3.68 3.77 3.93 4.09 4.28 4.57 4.88 4.99 4.85 4.63 4.41 4.27 4.17 4.11 4.15 4.18 4.29 4.46 4.63 4.79 5.00 5.19 5.26 5.08 4.61 3.99 3.62 3.35 2.98 2.56 2.26 2.18 2.35 2.71 3.17 3.68 4.45 5.60 6.86 7.81 8.36 8.55 8.49
4.19 3.92 3.60 3.61 3.74 3.83 3.89 4.14 4.67 5.29 5.79 6.03 6.06 5.95 5.80 5.85 6.20 6.69 6.95 6.99 6.99 6.85 6.37 5.72 5.19 4.97 4.96 5.01 4.99 4.89 4.75 4.62 4.45 4.31 4.17 4.08 4.08 4.00 3.84 3.79 3.88 3.96 4.01 4.15 4.28 4.26 4.22 4.18 3.96 3.72 3.58 3.62 3.80 3.93 3.88 3.88 3.94 4.09 4.31 4.56 4.84 5.11 5.11 4.80 4.15 3.40 2.92 2.84 2.78 2.57 2.38 2.39 2.61 2.96 3.47 4.04 4.76 5.80 7.03 7.87 8.23 8.24 7.99 7.52
4.20 3.98 3.76 3.81 3.91 4.00 4.14 4.55 5.23 5.71 5.89 5.92 5.98 6.12 6.31 6.60 6.97 7.17 7.02 6.68 6.43 6.16 5.72 5.20 4.83 4.69 4.64 4.66 4.70 4.70 4.60 4.40 4.04 3.77 3.70 3.80 3.89 3.85 3.77 3.73 3.70 3.74 3.86 4.04 4.05 3.81 3.57 3.32 3.17 3.07 3.04 3.11 3.29 3.49 3.60 3.72 3.86 3.94 4.02 4.19 4.43 4.54 4.24 3.54 2.79 2.35 2.29 2.47 2.68 2.79 2.84 2.99 3.35 3.88 4.55 5.24 6.06 7.06 7.68 7.72 7.09 6.20 5.56 5.20
