project/data/elevation/US_DEM2016/US_DEM2016_point_10-29-2019_1515_30m_vel.asc
ncols	125
nrows	167
xllcorner	-2042055.000000
yllcorner	1465035.000000
cellsize	30.000000
NODATA_value	-9999.000000
[rows 38 to 75 of 167, columns 0 to 83 of 125]
5.14 5.02 4.73 4.48 4.17 3.96 3.80 3.57 3.29 3.04 2.95 2.97 3.11 3.39 3.69 3.84 3.85 3.90 4.13 4.46 4.61 4.65 4.68 4.79 4.95 5.10 5.27 5.46 5.45 5.23 4.85 4.47 4.28 4.26 4.42 4.78 5.18 5.42 5.63 5.88 6.04 6.09 5.98 6.09 6.01 5.86 5.48 4.86 4.44 4.14 4.04 4.06 4.04 4.07 4.18 4.26 4.32 4.53 4.66 4.69 4.58 4.32 4.18 3.99 3.76 3.56 3.31 3.22 3.26 3.35 3.40 3.46 3.62 3.87 4.04 4.24 4.47 4.87 5.39 6.00 6.48 6.66 6.56 6.24
5.06 4.69 4.17 3.89 3.61 3.47 3.37 3.25 3.13 3.04 3.03 3.10 3.22 3.37 3.52 3.65 3.72 3.78 3.83 3.85 3.74 3.64 3.65 3.84 4.21 4.64 4.99 5.32 5.51 5.52 5.34 5.01 4.76 4.71 4.96 5.47 5.83 6.04 6.15 6.18 6.20 6.13 6.06 5.98 5.88 5.67 5.19 4.64 4.24 3.94 3.91 4.06 4.13 4.08 4.21 4.36 4.50 4.67 4.61 4.39 4.04 3.64 3.34 3.28 3.26 3.21 3.03 2.94 3.02 3.14 3.21 3.30 3.49 3.72 3.87 4.01 4.15 4.42 4.80 5.06 5.16 5.38 5.83 6.13
4.84 4.42 3.84 3.54 3.40 3.33 3.34 3.37 3.43 3.51 3.61 3.72 3.72 3.62 3.53 3.54 3.63 3.68 3.57 3.34 3.23 3.26 3.43 3.71 4.15 4.52 4.81 5.08 5.31 5.51 5.63 5.55 5.44 5.61 6.01 6.41 6.64 6.68 6.53 6.19 6.04 5.71 5.42 5.37 5.38 5.48 5.39 5.22 4.98 4.76 4.53 4.46 4.41 4.22 4.25 4.35 4.47 4.54 4.34 3.96 3.50 3.00 2.52 2.36 2.37 2.45 2.61 2.77 2.89 2.94 2.97 3.14 3.44 3.66 3.77 3.86 3.94 4.11 4.36 4.51 4.49 4.64 5.24 6.05
4.71 4.42 4.00 3.79 3.74 3.75 3.76 3.79 3.90 4.06 4.23 4.28 4.12 3.84 3.65 3.62 3.69 3.70 3.57 3.41 3.43 3.60 3.82 4.02 4.20 4.37 4.46 4.62 4.94 5.28 5.72 5.95 6.23 6.54 6.79 6.92 6.90 6.69 6.31 5.91 5.61 5.31 4.98 4.77 4.89 5.07 5.29 5.38 5.44 5.46 5.35 4.99 4.63 4.31 4.17 4.14 4.11 4.03 3.83 3.54 3.19 2.74 2.29 2.15 2.24 2.42 2.62 2.74 2.75 2.77 2.84 3.00 3.29 3.55 3.63 3.63 3.76 4.03 4.26 4.30 4.28 4.31 4.67 5.54
4.72 4.57 4.35 4.23 4.17 4.13 4.08 4.12 4.29 4.48 4.57 4.50 4.19 3.97 3.89 3.93 3.97 3.98 3.96 4.00 4.14 4.30 4.44 4.56 4.65 4.62 4.56 4.58 4.82 5.14 5.69 5.93 6.58 7.01 6.95 6.68 6.34 5.95 5.50 5.18 5.00 4.82 4.50 4.33 4.34 4.52 4.79 4.88 5.02 5.14 5.17 4.95 4.62 4.25 4.09 4.05 3.95 3.77 3.61 3.56 3.39 3.14 2.89 2.85 2.96 2.96 2.83 2.71 2.72 2.81 2.86 2.87 2.97 3.16 3.17 3.12 3.43 3.90 4.13 4.08 4.10 4.23 4.58 5.24
4.70 4.61 4.48 4.41 4.37 4.37 4.42 4.56 4.74 4.84 4.78 4.56 4.22 4.09 4.09 4.15 4.24 4.31 4.43 4.62 4.84 5.00 5.08 5.10 5.08 4.97 4.89 4.90 5.04 5.21 5.68 6.08 6.54 6.64 6.46 6.10 5.67 5.26 4.85 4.61 4.53 4.41 4.14 3.89 3.88 4.07 4.25 4.16 3.96 3.77 3.81 4.06 4.19 4.15 4.13 4.23 4.26 4.20 4.16 4.14 4.04 3.93 3.84 3.80 3.53 3.18 3.02 3.04 3.07 2.92 2.68 2.51 2.57 2.69 2.65 2.67 3.03 3.59 3.81 3.75 3.93 4.34 4.72 4.97
4.70 4.66 4.61 4.62 4.73 4.91 5.10 5.22 5.24 5.14 4.93 4.62 4.30 4.16 4.16 4.27 4.41 4.57 4.76 4.98 5.18 5.25 5.24 5.16 5.05 4.93 4.89 4.96 5.17 5.41 5.91 6.02 6.05 5.84 5.72 5.59 5.36 5.04 4.55 4.20 4.04 3.99 3.85 3.58 3.46 3.63 3.55 3.35 3.04 2.87 2.97 3.25 3.58 3.83 4.12 4.46 4.63 4.70 4.70 4.59 4.50 4.47 4.29 3.98 3.54 3.39 3.48 3.45 3.12 2.55 2.23 2.22 2.37 2.48 2.52 2.63 2.97 3.38 3.55 3.51 3.72 4.21 4.48 4.53
4.85 4.89 4.98 5.09 5.23 5.40 5.53 5.56 5.47 5.28 5.00 4.69 4.46 4.36 4.46 4.59 4.70 4.84 4.99 5.10 5.09 4.99 4.88 4.79 4.79 4.77 4.78 4.93 5.30 5.69 6.07 6.01 5.45 5.21 5.12 5.12 5.02 4.84 4.39 3.94 3.60 3.49 3.42 3.21 3.16 3.22 3.16 3.17 3.22 3.26 3.23 3.15 3.17 3.48 4.01 4.52 4.66 4.65 4.60 4.58 4.52 4.57 4.37 4.08 3.95 3.98 3.78 3.24 2.58 2.21 2.22 2.47 2.64 2.69 2.76 2.96 3.25 3.47 3.53 3.50 3.59 3.81 4.08 4.23
5.01 5.08 5.21 5.33 5.37 5.38 5.34 5.28 5.19 5.05 4.88 4.66 4.61 4.71 4.90 5.02 5.06 5.08 5.07 4.99 4.83 4.64 4.50 4.49 4.60 4.70 4.82 5.08 5.53 5.85 5.90 5.46 4.95 4.75 4.64 4.52 4.42 4.39 4.21 3.82 3.34 3.09 3.08 3.13 3.26 3.34 3.47 3.57 3.64 3.47 3.17 2.97 3.13 3.61 4.16 4.46 4.51 4.46 4.45 4.53 4.50 4.56 4.52 4.43 4.30 4.02 3.30 2.76 2.59 2.73 3.01 3.19 3.25 3.27 3.35 3.50 3.64 3.70 3.72 3.75 3.77 3.79 3.96 4.23
5.05 5.06 5.10 5.14 5.10 5.01 4.88 4.72 4.61 4.56 4.48 4.41 4.46 4.69 4.92 5.05 5.09 5.04 4.91 4.75 4.61 4.47 4.38 4.38 4.47 4.62 4.81 5.19 5.62 5.73 5.46 4.97 4.67 4.45 4.24 4.04 3.92 3.94 3.99 3.87 3.41 3.15 3.20 3.49 3.64 3.74 3.78 3.59 3.24 2.82 2.68 2.91 3.61 4.40 4.74 4.70 4.64 4.59 4.60 4.65 4.60 4.64 4.57 4.43 4.13 3.63 3.26 3.28 3.61 3.97 4.19 4.23 4.22 4.17 4.15 4.21 4.25 4.22 4.24 4.30 4.15 4.01 4.11 4.32
5.04 5.02 4.87 4.79 4.75 4.65 4.48 4.29 4.17 4.10 4.03 4.03 4.10 4.31 4.50 4.62 4.72 4.74 4.67 4.56 4.45 4.34 4.28 4.26 4.30 4.43 4.62 5.04 5.52 5.50 5.18 4.84 4.59 4.30 3.96 3.63 3.52 3.57 3.69 3.70 3.45 3.22 3.23 3.42 3.52 3.59 3.59 3.20 2.81 2.68 2.98 3.83 4.85 5.42 5.50 5.17 4.92 4.78 4.76 4.85 4.87 4.88 4.80 4.60 4.51 4.58 4.90 5.34 5.72 5.96 6.00 5.96 5.88 5.77 5.64 5.57 5.48 5.32 5.15 4.87 4.43 4.10 4.14 4.27
5.07 5.04 4.78 4.59 4.54 4.49 4.36 4.18 4.06 3.93 3.91 3.96 4.06 4.23 4.35 4.44 4.52 4.56 4.52 4.43 4.29 4.17 4.10 4.09 4.13 4.22 4.40 4.89 5.39 5.29 5.03 4.85 4.62 4.33 4.00 3.58 3.40 3.28 3.22 3.20 3.09 2.91 2.82 2.86 3.02 3.23 3.41 3.27 3.16 3.41 4.28 5.37 6.03 6.15 5.88 5.39 5.05 4.92 4.93 5.13 5.22 5.32 5.34 5.51 5.80 6.27 6.79 7.26 7.60 7.74 7.77 7.73 7.65 7.54 7.36 7.14 6.89 6.62 6.17 5.50 4.78 4.24 4.12 4.11
5.14 5.07 4.79 4.58 4.50 4.46 4.43 4.35 4.25 4.17 4.27 4.42 4.59 4.72 4.76 4.74 4.67 4.58 4.46 4.32 4.19 4.06 3.97 3.95 3.99 4.12 4.39 4.94 5.27 5.02 4.65 4.64 4.50 4.33 4.23 4.00 3.67 3.29 2.99 2.92 2.90 2.87 2.90 2.97 3.14 3.38 3.78 4.04 4.30 4.94 5.88 6.43 6.53 6.14 5.72 5.28 5.04 4.99 4.95 5.01 5.13 5.34 5.56 5.89 6.43 6.89 7.24 7.53 7.72 7.80 7.86 7.90 7.88 7.82 7.66 7.43 7.20 6.99 6.63 6.16 5.59 4.96 4.38 4.07
5.19 5.03 4.72 4.61 4.52 4.43 4.42 4.45 4.45 4.46 4.68 4.96 5.14 5.21 5.15 4.99 4.79 4.57 4.40 4.28 4.18 4.06 3.94 3.85 3.90 4.10 4.46 4.94 5.02 4.57 4.25 4.24 4.19 4.22 4.29 4.31 3.99 3.60 3.35 3.35 3.49 3.69 3.88 3.95 4.05 4.39 5.06 5.74 6.35 6.78 6.93 6.79 6.31 5.67 5.32 5.00 4.81 4.68 4.53 4.42 4.53 4.73 5.12 5.45 5.85 6.08 6.05 6.01 5.96 6.02 6.15 6.36 6.43 6.42 6.31 6.18 6.15 6.08 5.97 5.92 5.82 5.59 5.16 4.53
5.14 4.84 4.46 4.39 4.35 4.31 4.34 4.42 4.50 4.58 4.80 5.09 5.21 5.19 5.07 4.84 4.58 4.37 4.24 4.15 4.07 3.98 3.88 3.80 3.87 4.09 4.44 4.76 4.64 4.14 3.92 3.94 3.92 3.92 4.09 4.16 4.09 3.99 3.99 4.19 4.44 4.65 4.80 4.96 5.27 5.85 6.49 6.96 7.24 7.24 6.98 6.44 5.84 5.28 4.99 4.72 4.50 4.26 4.12 4.04 4.16 4.35 4.54 4.74 4.84 4.64 4.34 3.98 3.88 3.96 4.13 4.35 4.46 4.43 4.44 4.40 4.50 4.56 4.60 4.73 5.01 5.21 5.22 4.97
4.98 4.64 4.20 4.03 4.02 4.10 4.24 4.36 4.49 4.58 4.67 4.78 4.80 4.69 4.55 4.36 4.17 4.03 3.93 3.86 3.79 3.75 3.79 3.88 3.99 4.13 4.38 4.56 4.38 4.04 3.91 3.93 3.92 3.86 3.81 3.87 4.02 4.10 4.26 4.54 4.84 5.00 5.19 5.50 6.06 6.62 6.90 6.92 6.76 6.53 6.21 5.83 5.43 5.08 4.81 4.57 4.37 4.20 4.22 4.26 4.39 4.47 4.43 4.36 4.09 3.76 3.52 3.37 3.40 3.43 3.33 3.15 3.08 3.10 3.13 3.19 3.32 3.45 3.51 3.49 3.56 3.75 3.91 4.08
4.80 4.53 4.13 3.94 3.88 3.89 3.97 4.12 4.24 4.33 4.32 4.24 4.09 3.90 3.77 3.72 3.65 3.55 3.50 3.55 3.66 3.76 3.90 4.06 4.15 4.25 4.40 4.52 4.48 4.39 4.30 4.17 4.03 3.86 3.65 3.62 3.77 3.89 4.02 4.24 4.54 4.80 5.09 5.62 6.29 6.58 6.46 6.02 5.50 5.30 5.28 5.31 5.20 5.02 4.79 4.57 4.40 4.37 4.53 4.59 4.59 4.53 4.30 4.08 3.81 3.63 3.69 3.72 3.67 3.47 3.08 2.59 2.34 2.28 2.31 2.39 2.48 2.55 2.56 2.42 2.27 2.26 2.46 2.91
4.72 4.55 4.31 4.14 4.01 3.84 3.63 3.61 3.73 3.85 3.86 3.71 3.43 3.17 3.09 3.11 3.11 3.08 3.16 3.43 3.76 4.04 4.21 4.27 4.33 4.41 4.53 4.64 4.69 4.67 4.47 4.18 3.93 3.70 3.52 3.46 3.57 3.73 3.80 3.91 4.13 4.48 4.93 5.67 6.22 6.21 5.81 5.14 4.81 4.69 4.72 4.86 4.94 4.94 4.73 4.57 4.45 4.44 4.56 4.47 4.28 4.06 3.86 3.75 3.83 3.94 4.04 3.98 3.57 3.04 2.49 2.14 1.99 1.93 1.85 1.77 1.70 1.63 1.59 1.62 1.70 1.95 2.49 3.11
4.83 4.83 4.75 4.57 4.34 4.05 3.66 3.49 3.51 3.64 3.66 3.48 3.23 3.07 3.01 3.01 3.05 3.14 3.34 3.67 4.04 4.40 4.56 4.64 4.71 4.79 4.87 4.92 4.86 4.75 4.42 4.18 4.05 3.87 3.66 3.63 3.82 4.01 4.06 4.11 4.26 4.57 5.08 5.80 6.03 5.70 5.01 4.51 4.24 4.17 4.22 4.39 4.61 4.64 4.49 4.38 4.30 4.24 4.17 3.90 3.59 3.40 3.42 3.61 4.05 4.24 4.12 3.75 3.12 2.60 2.29 2.24 2.24 2.06 1.75 1.49 1.33 1.26 1.33 1.58 2.02 2.76 3.65 4.17
5.01 5.10 5.09 4.94 4.72 4.45 4.15 3.96 3.87 3.85 3.82 3.71 3.61 3.61 3.68 3.76 3.84 3.99 4.12 4.29 4.55 4.84 5.02 5.18 5.32 5.40 5.35 5.25 5.19 5.15 5.04 4.92 4.82 4.63 4.30 4.23 4.45 4.63 4.72 4.76 4.84 4.97 5.37 5.82 5.73 5.07 4.42 3.89 3.67 3.67 3.76 3.97 4.24 4.26 4.18 4.10 3.98 3.82 3.60 3.40 3.31 3.38 3.64 3.94 4.27 4.21 3.81 3.29 2.83 2.73 2.86 2.94 2.68 2.23 1.80 1.63 1.65 1.75 1.98 2.50 3.35 4.32 4.89 4.91
5.10 5.07 4.98 4.93 4.90 4.84 4.68 4.48 4.26 4.07 3.98 4.01 4.15 4.35 4.60 4.78 4.94 5.10 5.21 5.25 5.36 5.43 5.54 5.68 5.82 5.80 5.69 5.60 5.58 5.55 5.55 5.44 5.29 5.07 4.75 4.60 4.69 4.86 5.03 5.17 5.24 5.29 5.49 5.54 5.08 4.35 3.73 3.33 3.18 3.18 3.31 3.50 3.76 3.94 3.98 3.93 3.83 3.69 3.62 3.73 3.88 4.14 4.45 4.63 4.60 4.21 3.66 3.36 3.32 3.49 3.63 3.42 2.84 2.28 2.07 2.16 2.39 2.71 3.25 4.01 4.86 5.36 5.37 4.92
5.11 4.89 4.65 4.65 4.76 4.89 4.89 4.68 4.37 4.09 3.98 4.09 4.38 4.74 5.07 5.29 5.48 5.65 5.79 5.83 5.80 5.76 5.80 5.88 5.85 5.74 5.72 5.73 5.68 5.51 5.19 4.90 4.71 4.63 4.58 4.58 4.63 4.78 4.96 5.17 5.32 5.33 5.29 4.99 4.28 3.51 2.98 2.74 2.67 2.74 2.80 2.95 3.32 3.72 3.94 4.00 4.01 4.03 4.15 4.27 4.47 4.82 5.17 5.35 5.15 4.83 4.27 4.11 4.28 4.37 4.06 3.49 2.95 2.79 2.97 3.28 3.71 4.24 4.90 5.50 5.76 5.62 5.12 4.56
5.12 4.85 4.48 4.37 4.37 4.43 4.51 4.46 4.24 3.99 3.85 3.89 4.13 4.45 4.74 4.90 5.03 5.10 5.15 5.21 5.30 5.38 5.46 5.42 5.28 5.24 5.38 5.50 5.45 5.32 4.99 4.51 4.21 4.14 4.35 4.61 4.82 4.94 5.00 5.05 5.10 4.96 4.73 4.31 3.70 3.00 2.50 2.35 2.41 2.53 2.60 2.75 3.15 3.67 4.06 4.29 4.45 4.57 4.65 4.65 4.83 5.32 5.76 5.86 5.64 5.55 5.42 5.14 5.08 4.98 4.50 4.01 3.87 4.24 4.75 5.23 5.72 6.13 6.39 6.33 5.93 5.32 4.76 4.37
5.07 4.73 4.27 4.11 3.93 3.83 3.86 3.92 3.87 3.69 3.49 3.39 3.42 3.54 3.69 3.79 3.82 3.73 3.53 3.53 3.95 4.39 4.47 4.27 4.06 4.32 4.86 5.09 5.09 5.16 5.18 5.04 4.82 4.66 4.64 4.80 4.97 5.02 4.93 4.78 4.63 4.47 4.25 4.05 3.68 3.15 2.77 2.77 2.89 2.98 3.08 3.27 3.54 3.89 4.21 4.48 4.75 5.01 5.15 5.34 5.69 6.12 6.20 5.98 5.73 5.77 5.94 6.00 5.93 5.85 5.72 5.67 5.96 6.39 6.70 6.96 7.15 7.18 6.95 6.38 5.70 5.12 4.69 4.35
4.88 4.46 3.95 3.80 3.68 3.56 3.47 3.46 3.45 3.29 3.01 2.74 2.55 2.46 2.47 2.53 2.56 2.43 2.33 2.42 2.79 3.20 3.26 3.06 3.10 3.66 4.52 4.80 4.76 4.72 4.94 5.17 5.26 5.24 5.04 4.87 4.75 4.68 4.49 4.27 4.15 4.26 4.34 4.45 4.38 4.27 4.07 4.02 4.04 4.08 4.16 4.20 4.18 4.19 4.27 4.42 4.68 5.05 5.48 5.96 6.36 6.38 6.07 5.56 5.17 5.26 5.72 6.05 6.36 6.59 6.81 7.06 7.33 7.34 7.53 7.34 7.21 6.94 6.46 5.93 5.46 5.07 4.71 4.32
4.69 4.37 3.90 3.66 3.58 3.51 3.40 3.30 3.24 3.09 2.80 2.44 2.12 1.93 1.85 1.84 1.88 2.06 2.27 2.42 2.53 2.59 2.50 2.51 2.87 3.64 4.51 4.68 4.49 4.24 4.30 4.56 4.87 5.06 4.94 4.58 4.19 3.97 3.90 3.85 3.93 4.31 4.74 5.01 5.08 5.21 5.23 5.10 5.01 4.97 4.81 4.60 4.43 4.35 4.34 4.44 4.68 5.11 5.63 6.02 6.09 5.78 5.28 4.73 4.56 4.75 5.17 5.59 5.98 6.38 6.66 6.83 6.89 6.81 6.65 6.42 6.09 5.68 5.41 5.20 4.97 4.75 4.49 4.20
4.68 4.52 4.19 3.91 3.75 3.65 3.51 3.36 3.28 3.19 3.02 2.76 2.51 2.27 2.09 2.00 2.07 2.43 2.87 3.05 2.94 2.74 2.62 2.70 3.16 4.03 4.68 4.66 4.32 3.93 3.79 3.85 4.11 4.33 4.40 4.24 3.93 3.71 3.71 3.93 4.25 4.77 5.11 5.20 5.18 5.33 5.42 5.42 5.36 5.18 4.75 4.46 4.36 4.41 4.48 4.60 4.85 5.30 5.64 5.65 5.28 4.76 4.34 4.13 4.25 4.57 4.81 4.97 5.19 5.49 5.67 5.68 5.52 5.38 5.29 5.11 4.77 4.42 4.23 4.21 4.13 4.02 3.86 3.71
4.71 4.63 4.45 4.26 4.07 3.88 3.70 3.60 3.58 3.61 3.62 3.58 3.46 3.20 2.90 2.68 2.68 2.89 3.23 3.56 3.58 3.46 3.37 3.47 3.85 4.40 4.94 4.81 4.46 3.99 3.69 3.52 3.48 3.65 3.97 4.25 4.35 4.41 4.51 4.67 4.95 5.26 5.28 5.09 4.93 4.99 5.12 5.24 5.24 5.10 4.76 4.51 4.44 4.49 4.58 4.69 4.92 5.28 5.44 5.11 4.59 4.17 3.94 3.91 4.04 4.29 4.41 4.40 4.52 4.70 4.82 4.77 4.55 4.30 4.12 4.06 3.85 3.52 3.18 3.07 3.09 2.97 2.83 2.72
4.73 4.65 4.51 4.34 4.19 4.03 3.94 3.96 4.10 4.31 4.48 4.53 4.35 4.03 3.66 3.35 3.20 3.23 3.40 3.82 4.13 4.36 4.47 4.52 4.73 5.20 5.40 5.19 4.90 4.47 4.14 3.86 3.66 3.76 4.09 4.52 4.91 5.21 5.33 5.33 5.33 5.34 5.15 4.87 4.72 4.70 4.78 4.82 4.84 4.83 4.77 4.66 4.58 4.58 4.68 4.82 5.06 5.29 5.13 4.60 4.11 3.87 3.74 3.70 3.81 4.08 4.23 4.16 4.12 4.20 4.20 4.13 4.01 3.73 3.37 3.18 3.05 2.78 2.37 2.07 1.98 1.90 1.77 1.74
4.77 4.68 4.52 4.30 4.12 4.02 4.05 4.21 4.49 4.80 5.06 5.11 5.01 4.80 4.50 4.12 3.77 3.63 3.71 4.05 4.45 4.89 5.10 5.25 5.52 5.90 5.86 5.53 5.21 4.97 4.80 4.63 4.47 4.46 4.56 4.77 4.99 5.16 5.21 5.15 5.08 5.06 4.89 4.62 4.47 4.36 4.35 4.29 4.21 4.27 4.43 4.52 4.56 4.61 4.78 4.99 5.15 5.06 4.57 4.01 3.74 3.64 3.58 3.68 3.92 4.20 4.16 3.88 3.69 3.65 3.62 3.55 3.53 3.36 2.98 2.58 2.33 2.14 1.75 1.34 1.16 1.19 1.28 1.39
4.78 4.65 4.42 4.21 4.01 3.91 3.92 4.01 4.23 4.51 4.79 5.00 5.17 5.27 5.23 5.02 4.63 4.27 4.18 4.31 4.54 4.97 5.32 5.69 6.04 6.19 5.97 5.48 5.11 5.03 5.10 5.16 5.12 4.95 4.80 4.75 4.70 4.63 4.62 4.71 4.80 4.83 4.69 4.43 4.23 4.10 4.02 3.87 3.73 3.69 3.81 4.01 4.25 4.46 4.71 4.87 4.81 4.41 3.79 3.50 3.45 3.45 3.57 3.84 4.04 4.03 3.72 3.26 2.94 2.82 2.81 2.70 2.61 2.64 2.50 2.15 1.79 1.54 1.31 1.11 1.02 1.15 1.41 1.74
4.72 4.53 4.21 4.07 3.94 3.84 3.74 3.62 3.53 3.55 3.73 4.17 4.69 5.15 5.49 5.60 5.44 5.10 4.77 4.64 4.70 5.05 5.45 5.72 6.13 6.01 5.62 5.17 4.75 4.65 4.76 4.93 5.02 4.88 4.72 4.60 4.49 4.47 4.60 4.79 4.82 4.74 4.56 4.39 4.28 4.17 4.02 3.70 3.37 3.17 3.21 3.50 3.92 4.22 4.43 4.40 4.05 3.50 3.15 3.09 3.07 3.06 3.30 3.57 3.55 3.34 3.03 2.64 2.28 2.01 1.90 1.85 1.84 1.84 1.82 1.70 1.52 1.41 1.42 1.49 1.63 1.83 2.12 2.53
4.65 4.41 4.07 4.00 3.94 3.87 3.75 3.56 3.27 2.99 2.89 3.15 3.75 4.46 5.12 5.54 5.73 5.68 5.45 5.19 5.15 5.36 5.72 6.05 6.02 5.71 5.29 4.80 4.35 4.09 4.00 4.07 4.29 4.46 4.54 4.56 4.56 4.63 4.79 4.91 4.84 4.66 4.51 4.45 4.37 4.13 3.77 3.26 3.02 3.07 3.32 3.73 4.11 4.25 4.16 3.87 3.35 2.93 2.78 2.73 2.62 2.58 2.68 2.81 2.88 2.91 2.94 2.79 2.48 2.22 2.11 2.04 1.92 1.74 1.62 1.64 1.73 1.87 2.08 2.31 2.55 2.85 3.15 3.59
4.62 4.39 4.10 4.03 4.00 3.95 3.89 3.82 3.65 3.36 3.04 2.96 3.24 3.78 4.46 5.06 5.49 5.73 5.95 5.89 5.87 6.01 5.82 6.20 5.98 5.58 5.17 4.68 4.20 3.90 3.77 3.78 3.88 4.06 4.27 4.46 4.54 4.60 4.69 4.79 4.66 4.46 4.32 4.26 4.14 3.74 3.40 3.27 3.52 3.96 4.34 4.55 4.60 4.43 4.15 3.82 3.55 3.36 3.21 3.04 2.89 2.82 2.84 2.96 3.32 3.65 3.84 3.80 3.61 3.40 3.22 2.95 2.53 2.19 2.04 2.09 2.29 2.59 2.91 3.29 3.75 4.23 4.65 5.30
4.62 4.38 4.13 4.07 4.07 4.05 4.06 4.16 4.29 4.30 4.11 3.86 3.78 3.93 4.28 4.83 5.35 5.86 6.30 6.53 6.71 6.76 6.47 6.41 5.84 5.48 5.24 4.99 4.64 4.48 4.43 4.38 4.22 4.15 4.24 4.38 4.46 4.53 4.56 4.46 4.27 4.13 4.09 4.09 4.05 4.02 4.19 4.58 4.98 5.21 5.25 5.10 4.85 4.54 4.38 4.36 4.36 4.35 4.28 4.19 4.13 4.19 4.32 4.55 4.80 4.85 4.67 4.45 4.21 4.05 3.68 3.20 2.72 2.51 2.55 2.74 2.99 3.37 3.94 4.80 5.73 6.44 6.95 7.47
4.58 4.36 4.13 4.09 4.15 4.19 4.26 4.46 4.78 5.09 5.24 5.24 5.12 4.91 4.86 5.12 5.58 6.15 6.68 6.93 7.15 7.10 6.64 6.09 5.60 5.38 5.36 5.38 5.29 5.14 5.05 4.98 4.82 4.69 4.62 4.57 4.55 4.53 4.39 4.17 4.08 4.18 4.27 4.37 4.50 4.74 5.09 5.40 5.51 5.40 5.23 5.03 4.85 4.65 4.57 4.63 4.68 4.78 4.92 5.06 5.19 5.37 5.49 5.48 5.29 4.92 4.45 4.18 4.02 3.73 3.29 2.90 2.72 2.77 3.03 3.40 3.82 4.46 5.47 6.70 7.68 8.30 8.49 8.41
4.55 4.38 4.17 4.18 4.26 4.30 4.33 4.58 5.08 5.63 6.02 6.19 6.19 6.05 5.88 5.88 6.20 6.57 6.89 7.28 6.89 7.09 6.63 5.68 5.30 5.21 5.32 5.46 5.47 5.36 5.19 5.06 4.91 4.79 4.66 4.57 4.54 4.44 4.30 4.26 4.37 4.46 4.50 4.59 4.70 4.77 4.81 4.80 4.62 4.42 4.32 4.37 4.52 4.57 4.48 4.45 4.52 4.66 4.85 5.06 5.29 5.49 5.43 5.11 4.54 3.91 3.54 3.51 3.52 3.33 3.04 2.92 2.98 3.19 3.60 4.11 4.73 5.64 6.79 7.68 8.15 8.25 8.03 7.60
4.57 4.43 4.29 4.33 4.41 4.44 4.53 4.91 5.55 5.96 6.09 6.09 6.14 6.27 6.39 6.58 6.87 6.95 6.79 6.45 6.27 6.08 5.71 5.30 5.07 5.02 5.04 5.15 5.26 5.26 5.11 4.88 4.51 4.26 4.17 4.24 4.33 4.32 4.27 4.23 4.21 4.25 4.36 4.45 4.47 4.32 4.14 3.91 3.83 3.77 3.76 3.87 4.06 4.20 4.24 4.32 4.44 4.50 4.56 4.69 4.89 4.95 4.66 4.04 3.38 3.00 2.95 3.14 3.38 3.44 3.34 3.32 3.51 3.89 4.46 5.11 5.89 6.80 7.39 7.52 7.07 6.28 5.66 5.39
