project/data/elevation/US_DEM2016/US_DEM2016_point_11-01-2019_0210_30m_ang.asc
ncols	125
nrows	167
xllcorner	-2042055.000000
yllcorner	1465035.000000
cellsize	30.000000
NODATA_value	-9999.000000
[rows 0 to 41 of 167, columns 0 to 93 of 125]
277 283 292 296 292 278 265 263 268 276 286 293 286 272 277 290 305 310 297 268 254 258 271 283 293 298 300 292 269 252 247 247 251 255 257 252 245 241 238 235 233 232 232 235 241 247 248 245 246 255 271 287 301 310 311 311 310 308 304 302 300 295 285 276 273 275 280 287 291 292 294 295 295 292 289 287 285 280 274 279 286 278 264 272 290 306 312 305 280 257 250 245 240 237
277 283 292 296 292 278 265 263 268 276 286 293 286 272 277 290 305 310 297 268 254 258 271 283 293 298 300 292 269 252 247 247 251 255 257 252 245 241 238 235 233 232 232 235 241 247 248 245 246 255 271 287 301 310 311 311 310 308 304 302 300 295 285 276 273 275 280 287 291 292 294 295 295 292 289 287 285 280 274 279 286 278 264 272 290 306 312 305 280 257 250 245 240 237
275 280 289 295 297 291 279 274 273 276 280 286 286 276 276 283 294 301 294 271 262 266 273 280 286 289 289 277 259 250 248 249 253 256 258 256 253 249 245 241 238 237 238 241 245 249 250 250 254 263 274 285 295 304 308 307 304 300 297 296 295 293 288 282 278 276 277 279 283 287 290 292 292 291 288 285 284 282 280 279 281 278 271 274 284 298 306 299 276 260 253 247 243 243
274 278 285 293 302 306 301 291 283 277 274 276 284 279 274 274 277 282 282 275 274 275 276 276 274 270 259 246 243 246 249 252 255 258 260 261 264 264 261 255 250 249 250 252 254 254 255 258 265 271 276 281 286 292 297 297 293 288 283 281 282 286 289 287 282 278 275 273 274 277 279 282 284 285 284 282 282 284 284 280 277 281 281 277 277 282 287 279 267 263 259 252 251 255
275 278 284 290 299 308 309 301 290 280 274 274 280 278 272 270 271 275 277 276 277 277 276 272 266 255 241 233 237 245 250 254 257 259 260 262 265 269 272 271 266 261 259 259 260 259 259 262 267 272 275 277 280 283 286 287 286 283 279 274 273 276 281 283 281 278 276 274 273 272 272 272 273 275 277 279 281 283 283 281 281 287 287 280 274 270 268 262 263 265 262 259 261 267
274 277 283 287 293 302 308 307 298 286 277 274 278 279 272 269 268 274 282 279 277 275 272 266 257 244 234 231 238 246 252 256 260 260 260 261 264 268 273 279 280 274 268 265 263 262 262 264 268 271 273 273 274 275 275 276 279 282 282 278 272 269 270 273 274 275 275 275 274 271 269 267 266 268 272 276 280 281 282 283 285 290 290 281 271 263 258 257 264 267 267 268 272 275
273 276 281 284 288 294 300 305 301 293 284 279 280 282 276 269 266 269 282 280 275 271 267 259 248 237 233 236 243 250 255 258 260 260 260 261 264 267 271 277 284 285 281 274 268 264 263 266 269 271 272 272 270 267 267 270 275 280 281 278 272 266 263 264 269 273 276 277 276 273 269 267 267 269 272 275 279 282 284 287 288 290 290 283 272 263 256 257 267 271 272 275 278 277
272 274 278 280 282 285 288 294 297 297 293 288 288 287 280 272 265 264 272 276 274 270 263 253 242 234 235 242 250 255 258 259 260 261 262 263 264 265 267 271 278 285 288 285 277 269 266 269 272 274 274 273 270 264 262 264 268 271 270 268 266 263 261 262 266 271 276 279 280 276 271 268 269 271 273 275 278 281 286 289 291 291 289 285 276 268 261 262 270 274 276 278 277 270
271 272 273 273 273 274 276 281 288 295 297 297 298 294 284 274 266 260 262 271 274 270 262 250 238 235 240 247 255 260 262 262 263 264 265 264 262 261 261 263 268 275 283 288 286 278 272 273 276 277 277 275 272 266 260 259 259 258 255 254 258 262 264 264 264 268 274 279 282 278 272 269 269 271 273 274 276 280 284 288 290 290 290 287 284 277 270 270 274 277 279 276 269 259
269 268 266 265 265 265 268 274 282 288 294 299 303 301 290 276 266 258 258 268 273 271 261 248 240 242 248 253 258 263 267 268 268 269 268 264 259 257 257 258 259 264 271 280 289 287 279 277 278 279 277 275 273 270 263 257 253 249 246 250 256 263 266 266 264 266 272 277 279 276 270 268 270 273 275 276 277 280 282 284 286 288 289 292 293 288 281 278 278 278 276 269 260 253
267 265 261 259 260 261 265 272 279 283 287 292 299 303 296 281 268 260 261 268 270 268 259 249 247 251 256 260 264 268 271 272 272 271 267 260 257 257 257 255 255 258 262 269 280 288 284 279 279 278 275 271 268 268 265 257 250 245 246 252 258 263 268 270 269 269 270 272 273 272 270 271 273 277 279 280 280 280 280 280 281 283 285 288 293 295 290 283 278 275 268 263 259 258
268 266 261 259 259 261 267 272 275 277 279 283 288 294 297 289 277 269 267 268 267 262 254 250 253 258 262 268 272 273 273 273 271 267 261 257 260 261 260 256 255 255 257 261 267 278 283 281 279 277 273 267 262 259 258 255 250 247 249 254 260 265 270 274 276 273 269 267 267 269 272 274 277 280 283 283 281 277 273 272 274 277 278 279 284 292 294 285 277 271 268 266 265 265
271 271 270 266 263 265 268 271 271 270 271 274 277 281 289 293 289 280 273 268 263 256 248 251 258 263 267 272 274 273 272 270 266 260 256 259 264 265 261 259 258 257 257 258 260 267 277 279 278 275 271 265 258 252 253 256 256 253 253 256 262 267 272 276 279 277 270 266 265 267 272 277 279 282 282 281 276 270 264 264 269 274 277 278 280 289 298 292 280 275 275 272 269 269
272 274 279 278 273 269 269 269 268 266 266 267 268 270 276 287 293 287 276 268 260 250 246 253 260 265 268 270 270 269 266 263 260 259 260 265 267 265 264 264 264 263 261 258 258 262 271 276 275 272 268 262 253 251 256 262 262 258 257 259 264 268 273 276 279 279 274 269 266 267 273 278 280 280 277 272 267 263 261 263 268 274 279 282 284 293 306 306 291 281 279 276 272 271
271 272 277 282 280 274 270 268 267 267 267 266 265 264 265 272 285 286 276 265 255 248 250 256 260 263 265 266 266 267 265 262 261 264 268 270 271 270 269 270 270 270 268 264 262 264 269 272 271 267 262 254 251 256 263 267 265 261 262 264 266 269 272 276 278 280 278 272 267 267 273 278 278 273 266 264 264 264 263 265 270 275 280 283 289 297 310 319 304 286 281 280 276 274
270 270 271 274 277 273 269 268 268 270 272 272 271 268 264 265 270 275 270 260 252 252 256 259 260 262 264 266 267 270 271 269 267 267 270 272 275 277 277 275 275 276 276 274 272 270 269 268 265 261 255 250 253 262 268 269 265 264 268 271 272 272 273 275 278 281 280 274 268 267 271 274 270 262 260 263 265 265 265 268 271 275 278 283 291 299 310 325 316 293 285 284 280 276
271 270 268 265 264 265 266 267 270 273 275 277 279 280 275 266 260 259 259 256 256 258 259 260 262 264 267 269 269 270 273 275 273 269 269 271 275 279 281 278 277 279 281 281 279 274 268 262 258 255 252 252 258 266 270 269 265 268 274 278 279 277 275 275 276 279 280 276 269 266 266 265 260 258 261 265 265 264 266 269 272 275 279 285 291 297 306 325 326 302 288 286 282 275
270 270 265 257 254 259 265 269 273 276 278 281 284 289 287 273 258 250 250 255 259 259 258 260 263 267 269 271 271 269 271 275 277 275 272 271 273 276 280 281 280 281 283 283 280 273 264 256 253 252 252 255 263 269 272 269 267 273 280 283 285 283 278 274 272 274 278 280 273 265 260 257 255 259 264 265 263 262 265 268 271 275 280 285 289 292 298 317 330 312 293 287 282 273
269 267 260 251 251 260 268 273 278 281 282 283 285 288 289 280 262 249 246 252 255 255 257 261 265 268 270 272 273 270 269 272 277 280 278 275 273 274 278 282 282 282 281 280 276 268 257 252 252 253 255 260 267 272 272 269 271 278 283 286 287 286 281 274 270 269 273 281 281 268 260 257 257 262 265 265 262 261 263 265 268 272 277 281 282 283 286 302 324 323 303 290 284 278
266 263 254 250 257 267 273 278 281 282 282 281 279 277 279 278 265 249 246 249 250 252 257 262 266 269 271 273 275 275 272 273 276 279 281 279 275 274 276 280 280 279 276 272 265 258 254 255 257 258 260 264 269 272 271 270 276 281 284 285 286 285 282 277 271 268 269 276 286 280 269 264 263 265 265 264 263 262 262 262 262 265 269 272 273 274 280 293 314 331 320 297 290 287
265 262 256 258 268 275 278 280 281 280 279 276 271 267 265 264 255 245 246 249 250 254 259 263 266 269 272 274 277 280 278 277 278 279 279 277 274 273 275 276 275 271 266 259 254 254 258 263 264 265 266 268 269 269 268 272 279 282 282 282 281 281 281 279 274 272 270 272 282 288 280 274 271 269 267 265 265 264 263 260 259 259 259 262 266 272 280 291 305 331 334 303 292 289
267 266 265 270 277 279 280 280 279 277 275 272 268 262 256 248 234 237 247 250 254 258 262 263 265 268 272 275 278 282 283 281 279 277 275 271 270 271 271 268 264 260 254 251 253 259 266 270 272 273 272 271 268 264 264 270 277 279 278 276 275 275 276 276 276 274 272 273 280 290 289 283 278 275 272 269 268 268 267 264 260 257 255 256 262 270 278 283 290 315 338 305 291 288
270 270 272 275 278 279 279 277 275 273 272 271 268 262 252 238 225 235 248 254 260 263 263 263 264 267 271 275 278 281 283 281 277 272 267 264 267 268 264 258 253 250 249 253 260 267 272 276 279 278 276 272 266 262 261 265 270 272 271 268 267 266 268 273 274 273 273 276 283 292 295 289 283 279 277 273 272 273 274 272 266 260 256 255 257 263 271 275 279 295 325 305 289 286
271 271 272 273 274 275 273 272 271 270 269 269 267 261 248 232 227 241 252 259 264 266 266 265 266 268 271 274 276 278 278 275 269 262 258 261 265 262 256 251 249 251 255 262 268 273 277 280 282 281 278 273 267 262 260 261 263 264 263 260 258 259 263 270 274 274 276 281 287 294 297 294 287 281 279 278 277 277 278 278 273 266 259 255 254 257 264 272 279 291 316 306 288 285
270 269 268 268 268 268 268 267 267 268 268 266 264 258 245 232 235 247 255 262 266 268 270 271 271 271 272 273 273 272 269 263 257 254 255 259 260 257 254 252 253 258 264 270 274 277 279 282 283 282 278 273 269 264 260 259 258 257 255 253 253 256 263 269 273 276 280 283 285 289 294 295 291 285 284 285 284 282 281 282 279 273 264 257 253 254 259 267 276 288 310 310 289 284
270 269 267 265 263 262 263 264 265 266 266 265 263 258 249 239 244 252 258 264 269 273 276 278 278 276 273 271 267 263 257 250 248 251 256 259 258 258 259 260 262 265 270 275 278 280 281 280 281 280 278 275 270 265 261 259 256 251 249 248 251 258 264 269 272 276 279 280 279 282 287 291 291 288 288 291 290 287 286 287 285 279 270 262 256 254 256 262 269 281 301 312 292 285
269 269 268 265 261 258 258 260 262 264 265 265 263 263 262 262 254 255 260 267 272 277 280 281 280 276 272 266 260 253 246 244 248 255 261 263 263 263 265 268 270 271 274 278 282 283 281 278 275 275 276 276 273 268 264 260 254 248 246 249 255 262 266 269 271 273 275 274 274 277 281 282 283 285 288 292 292 291 292 295 293 287 279 269 260 255 254 257 263 274 291 309 296 285
270 271 272 268 263 258 257 257 259 261 262 262 262 265 270 271 260 258 263 270 275 279 279 278 275 270 265 259 251 243 241 247 255 261 264 266 269 268 268 271 275 276 278 282 285 285 281 274 269 267 270 276 280 276 268 261 252 249 249 254 261 266 268 269 268 268 269 270 272 273 272 272 275 280 284 286 288 291 296 301 302 297 288 278 267 259 255 254 259 268 283 301 294 283
271 273 276 274 269 262 258 256 256 258 259 259 259 259 260 259 257 261 267 273 276 276 274 271 266 262 257 251 243 241 247 255 261 264 266 267 269 270 270 271 276 280 282 285 286 286 281 272 264 261 265 273 283 286 275 261 254 254 256 262 269 272 271 267 264 262 263 266 267 265 262 264 270 276 278 280 284 289 295 302 307 305 297 286 276 265 257 254 255 261 273 292 293 282
272 274 278 280 276 268 261 257 256 256 257 257 257 256 249 246 247 264 272 274 273 270 266 261 258 255 251 246 242 247 257 262 263 265 266 267 268 270 270 271 275 280 283 286 287 286 281 272 263 260 262 267 278 289 284 267 260 261 264 270 275 276 274 268 261 258 259 260 259 257 256 259 265 270 272 276 282 287 292 297 303 306 302 293 284 274 264 257 253 255 264 282 295 285
270 271 275 281 282 275 266 260 256 254 255 256 258 258 250 257 250 266 273 273 267 261 257 254 253 253 252 251 251 259 264 264 263 262 263 265 266 268 269 271 275 279 282 284 285 286 285 278 268 263 261 264 270 284 293 278 267 266 270 274 276 278 278 274 267 262 259 257 255 255 255 256 259 261 266 273 278 282 284 286 291 297 300 297 291 283 274 263 256 253 257 271 290 289
269 269 271 276 283 282 272 264 257 253 252 254 256 256 251 246 258 267 269 265 258 254 254 254 254 257 261 266 270 270 269 267 264 261 261 262 263 264 267 271 275 279 281 281 281 283 287 286 277 269 264 263 266 275 292 285 270 269 272 275 275 277 280 281 275 270 265 261 257 257 256 255 255 256 261 266 270 272 272 274 279 285 291 294 293 290 284 275 264 257 255 260 273 284
269 269 271 274 281 285 279 269 260 254 251 251 251 250 246 242 254 261 258 252 250 249 252 259 261 264 269 275 281 282 277 273 269 265 262 261 261 263 267 271 276 279 281 280 278 277 282 289 286 276 268 265 264 267 278 279 270 270 273 274 273 275 282 287 284 277 272 268 264 262 260 257 256 257 257 257 258 260 263 267 271 273 277 284 290 292 290 285 277 266 260 259 262 270
270 272 275 278 282 287 285 275 266 258 252 250 249 247 241 233 242 248 246 244 244 254 258 261 264 267 270 274 281 286 284 281 278 274 269 266 265 266 269 272 275 278 279 278 275 273 276 286 293 286 276 268 265 263 264 266 268 270 272 272 271 274 284 295 294 284 276 272 268 267 267 263 261 261 257 252 249 252 258 263 263 261 267 276 283 288 290 289 286 279 272 266 264 268
272 274 278 282 285 288 289 284 274 264 255 250 247 245 239 228 232 238 238 237 251 255 258 261 264 266 269 272 277 284 287 284 281 280 278 274 271 271 272 273 274 275 275 273 272 273 277 286 297 300 287 273 266 262 258 260 267 271 271 269 269 273 283 297 302 291 279 273 270 268 270 271 268 265 260 250 248 249 253 255 253 255 264 273 279 283 285 286 286 285 282 278 277 281
273 276 280 282 283 286 290 290 282 271 261 253 248 244 237 225 225 236 242 245 253 256 258 260 262 264 266 269 273 279 285 284 280 279 280 280 278 276 275 274 273 272 270 268 271 276 281 289 300 309 300 279 268 263 258 259 267 270 270 269 269 272 279 291 301 298 284 277 273 270 271 275 272 268 263 255 251 250 249 247 246 254 264 271 276 278 277 277 279 283 286 287 289 297
273 275 278 278 278 279 283 287 286 276 266 258 251 245 237 224 224 238 237 251 255 257 257 257 258 259 262 264 268 273 280 283 281 278 277 279 281 280 278 275 272 268 266 267 273 280 285 290 297 309 308 287 271 265 261 261 267 270 271 270 270 270 274 282 294 300 293 283 277 273 273 277 273 270 267 264 259 254 251 247 246 253 262 267 269 268 265 267 272 279 285 289 292 302
271 272 273 273 271 270 272 278 280 274 266 261 255 248 237 225 230 246 253 256 257 257 255 254 254 255 257 258 262 267 272 279 282 280 278 277 279 281 281 278 273 267 264 267 274 281 285 287 290 299 309 294 274 267 262 262 268 271 273 272 270 269 269 272 282 297 300 291 281 275 275 280 275 271 271 272 267 261 256 253 250 253 257 259 259 255 256 262 271 277 281 286 291 300
270 269 268 268 266 265 265 267 268 269 275 264 258 249 247 229 240 237 260 260 259 257 255 253 253 254 255 256 258 261 266 273 280 283 281 280 280 282 282 281 278 270 265 266 270 275 278 279 280 287 300 298 280 269 264 264 270 273 274 273 271 268 266 266 271 284 297 296 286 277 276 281 278 273 274 280 275 268 264 261 256 253 253 251 249 250 257 267 273 277 279 283 289 297
268 267 265 264 263 263 263 262 263 268 273 272 264 264 254 238 238 260 263 264 260 259 259 259 259 259 258 256 256 258 261 268 275 282 284 284 284 283 282 283 284 277 267 264 264 266 269 270 273 279 292 301 288 273 267 267 272 274 273 271 269 267 266 265 266 272 283 293 291 282 277 280 281 276 276 285 284 274 270 267 263 255 251 248 247 253 265 272 274 274 275 277 281 285
268 266 264 262 263 264 263 262 263 269 274 276 268 250 266 232 250 263 267 267 265 266 267 268 267 265 262 259 257 256 259 265 273 280 286 288 287 284 281 280 284 282 272 264 261 261 262 264 267 273 284 299 295 278 267 268 272 272 269 267 265 265 266 267 267 270 278 288 293 289 283 282 283 278 278 285 290 280 273 270 267 260 254 249 250 258 267 273 273 271 270 268 265 261
268 267 263 262 263 264 264 264 265 270 273 272 262 244 248 257 262 265 268 272 275 275 276 276 274 271 267 264 261 259 260 265 273 280 285 288 288 285 279 275 276 280 275 266 261 259 260 262 264 267 273 285 296 282 266 266 271 270 265 263 262 262 263 266 270 275 279 285 291 293 291 289 286 280 278 282 290 284 276 272 271 266 261 257 258 262 265 269 270 269 267 264 257 247
