project/data/elevation/US_DEM2016/US_DEM2016_point_10-28-2019_0139_30m_ang.asc
ncols	125
nrows	167
xllcorner	-2042055.000000
yllcorner	1465035.000000
cellsize	30.000000
NODATA_value	-9999.000000
[rows 57 to 113 of 167, columns 0 to 95 of 125]
15 13 11 12 13 13 11 9 9 8 19 10 18 23 25 25 24 22 19 16 15 15 16 16 15 14 14 15 15 12 9 6 4 2 3 5 9 12 14 16 16 16 13 9 7 7 9 10 10 13 21 28 28 25 22 17 13 13 17 21 24 26 29 34 35 35 33 31 29 25 21 19 21 26 28 27 26 24 18 10 2 357 356 352 1 2 3 2 1 2 4 4 4 2 0 1
10 10 11 13 15 15 14 12 11 9 5 8 14 17 18 18 17 16 15 13 12 11 12 13 13 14 15 16 14 11 8 7 6 6 4 2 4 9 12 14 15 16 15 13 11 11 12 12 10 10 18 27 30 28 23 17 15 18 20 20 20 20 22 28 32 34 33 30 25 20 17 18 23 27 25 20 15 10 4 359 356 356 358 2 4 4 3 1 359 360 0 0 359 358 360 5
7 8 10 13 15 16 17 17 15 11 19 5 10 14 12 13 12 12 11 11 10 10 10 10 12 14 15 16 15 13 11 9 9 9 5 2 3 6 9 12 14 16 19 20 19 16 15 15 11 7 12 23 29 27 20 16 16 18 18 16 16 15 16 22 28 31 30 25 20 17 17 21 24 23 18 12 6 2 358 356 357 360 3 5 6 5 4 1 357 357 357 357 356 358 4 14
5 7 10 12 13 16 20 22 21 16 8 4 6 8 8 9 11 11 10 11 11 10 9 10 13 15 16 17 17 16 14 12 9 7 3 360 1 4 6 10 14 19 25 28 27 21 17 16 10 5 5 13 21 20 14 12 14 16 16 15 13 11 11 16 23 27 27 23 19 17 18 19 18 14 10 6 2 0 359 360 2 6 7 7 351 6 4 0 355 354 354 353 354 360 9 17
5 7 12 13 14 17 22 26 27 22 13 7 7 8 9 10 14 17 19 18 15 12 12 14 17 18 18 18 18 16 16 14 11 6 360 357 359 3 6 10 15 22 30 32 29 21 15 11 6 3 2 4 10 10 7 7 10 12 13 12 9 6 6 11 20 25 26 24 19 16 16 14 10 8 7 5 3 3 4 7 9 11 11 10 9 8 6 359 353 352 352 351 353 1 9 11
7 10 13 14 15 17 22 28 31 28 21 17 18 19 19 19 24 32 36 33 26 21 20 22 21 20 20 19 17 14 14 15 13 9 3 357 358 3 8 12 18 24 29 30 26 18 13 9 5 2 1 3 6 7 4 4 7 9 9 7 5 4 5 11 19 25 27 25 21 17 14 11 9 8 8 8 7 9 11 14 16 16 16 5 12 11 8 360 351 350 349 349 353 1 4 4
13 13 13 14 15 18 22 29 31 30 27 28 30 32 32 30 38 34 35 34 33 32 29 23 19 18 18 18 15 10 9 12 14 13 9 3 1 6 11 16 19 22 25 26 23 17 13 11 8 5 4 5 7 7 3 2 4 6 4 3 3 5 9 14 20 25 27 27 24 19 16 13 10 11 12 14 14 15 18 21 22 22 22 20 358 346 9 0 351 348 347 348 353 357 356 357
16 15 13 12 14 17 22 27 29 28 29 31 32 32 31 26 31 19 23 26 29 30 26 16 10 11 15 17 15 9 5 7 11 14 13 9 7 9 13 15 17 18 21 23 22 18 15 14 12 9 8 8 8 6 2 1 2 2 1 1 4 9 15 19 22 25 28 29 27 22 20 17 15 15 18 21 22 22 24 28 30 29 28 27 23 346 10 360 351 346 345 347 352 353 350 352
16 15 13 13 13 17 22 24 24 25 27 28 29 29 28 23 14 8 12 20 24 26 22 12 3 4 10 14 14 11 6 3 5 10 11 7 7 9 10 11 13 15 20 23 23 19 16 15 15 15 13 9 7 5 1 360 360 358 359 3 8 14 19 21 23 27 31 32 29 25 24 23 22 21 24 29 31 31 31 37 40 40 38 36 30 20 7 358 351 347 345 346 350 351 347 348
15 15 14 13 14 17 20 19 19 20 21 23 25 27 27 25 17 7 5 12 19 21 20 13 4 1 5 10 12 12 8 5 3 3 2 0 2 5 7 9 11 15 21 25 24 20 16 16 17 17 16 12 8 3 360 358 358 357 0 7 13 17 21 23 26 30 33 33 30 28 28 27 28 29 30 36 41 42 43 49 53 54 51 45 33 17 1 353 350 347 346 348 351 352 349 348
13 14 14 14 16 18 17 14 23 14 17 19 23 25 26 25 21 12 3 5 12 17 18 15 7 1 3 7 11 12 11 8 4 1 357 355 357 2 6 9 13 18 24 28 27 21 18 17 17 18 18 15 10 1 357 356 356 358 4 12 17 20 22 24 26 30 34 36 33 32 33 32 33 36 38 44 50 53 47 58 62 30 52 41 27 9 355 349 347 345 346 350 353 356 355 352
11 13 15 16 17 18 16 11 10 11 13 16 20 22 23 24 23 17 7 2 6 12 15 14 9 4 4 7 10 12 12 10 8 4 359 354 355 1 7 11 15 20 26 30 30 24 19 18 17 17 18 16 10 1 354 352 356 3 12 18 21 21 22 22 25 32 40 43 41 41 41 41 42 45 47 50 56 57 57 56 55 50 39 28 16 3 353 347 343 341 344 349 355 360 1 357
10 12 16 18 19 18 16 13 13 13 13 14 16 18 20 21 22 20 13 4 3 7 11 12 11 8 8 9 10 10 11 11 10 8 3 357 355 360 6 10 14 20 27 31 31 25 20 19 19 18 15 13 7 355 353 351 0 13 21 23 24 24 22 23 30 40 47 50 49 50 51 51 51 54 56 55 54 55 50 45 40 33 24 16 8 359 353 347 342 340 344 350 356 2 4 2
10 12 16 19 19 18 17 17 19 20 18 14 12 14 16 18 20 21 17 9 4 5 7 10 12 12 12 12 12 10 8 8 9 9 5 359 355 358 4 8 13 20 27 31 31 27 23 21 20 15 10 6 2 357 356 356 9 22 26 28 29 28 27 30 36 42 46 47 46 44 43 44 45 50 52 50 45 41 37 32 27 20 13 7 2 357 353 350 346 345 348 353 358 3 7 8
10 12 16 18 19 18 16 18 22 24 23 17 11 10 12 14 17 20 19 12 6 4 5 8 11 14 16 16 15 12 7 5 4 5 4 358 354 356 1 7 13 21 28 33 34 31 25 20 14 9 5 3 2 360 2 2 12 19 22 25 27 26 25 27 28 31 35 37 37 34 32 33 36 39 41 38 33 30 26 21 16 10 5 1 358 357 357 356 355 353 355 358 2 6 11 15
10 12 15 18 19 16 15 17 20 22 22 18 12 7 8 10 13 16 17 13 6 4 5 8 12 16 18 18 16 13 9 5 3 2 1 357 353 355 0 7 15 22 30 35 35 30 21 13 9 6 6 6 6 3 0 2 8 13 17 19 19 19 17 16 16 19 26 33 35 34 33 34 36 35 32 28 24 20 16 10 5 2 1 359 358 358 0 3 5 4 3 4 6 10 16 18
11 12 14 17 17 15 13 14 16 17 17 16 13 9 7 7 7 10 12 11 7 4 7 10 14 16 19 19 17 15 11 8 5 4 2 358 354 354 1 9 15 21 28 33 33 26 18 12 9 8 9 11 10 5 0 1 4 9 13 14 14 13 12 12 14 18 26 35 39 40 40 39 37 31 25 20 16 11 6 1 358 358 360 1 3 3 6 9 12 12 11 10 10 14 18 17
11 11 13 15 14 13 13 12 11 11 11 12 12 10 8 5 3 3 6 9 8 7 10 14 17 17 18 19 20 18 15 11 8 6 5 360 354 354 1 8 13 18 25 30 31 27 19 16 14 13 12 13 13 7 1 360 2 6 9 12 12 11 11 14 20 26 33 40 44 45 43 38 33 26 19 13 8 4 359 357 356 357 0 5 10 13 11 11 15 17 17 15 15 17 18 16
9 10 12 13 12 12 12 9 6 5 7 10 11 11 8 4 0 359 2 7 9 11 14 19 20 18 16 19 21 21 19 14 11 9 7 1 355 355 0 6 12 17 24 31 33 31 24 19 18 16 12 11 11 8 2 359 1 4 7 10 11 12 16 23 31 36 39 42 45 44 40 34 27 19 11 5 1 359 358 358 358 359 1 7 15 19 17 13 13 18 20 18 17 18 17 15
6 8 11 11 9 10 8 5 2 3 7 11 12 10 6 3 360 359 1 6 11 14 18 22 23 21 16 16 21 23 21 18 14 10 6 1 356 356 1 8 13 17 24 31 35 34 27 20 17 15 12 9 8 5 360 358 0 3 6 9 11 16 24 33 37 38 37 38 39 38 33 26 18 11 5 1 358 359 1 4 5 4 3 5 13 20 20 17 14 15 18 18 17 16 15 14
1 6 11 10 7 5 5 5 5 8 11 12 11 8 4 1 359 360 2 7 12 16 20 24 26 24 18 14 17 22 22 20 16 11 7 4 0 359 3 9 12 16 23 32 38 37 30 23 19 16 13 10 7 1 355 355 359 2 5 8 14 22 28 32 32 31 29 29 29 27 23 17 10 6 3 1 360 2 7 11 13 11 8 4 5 11 17 18 17 16 16 15 14 14 14 13
355 3 12 11 5 3 6 9 16 13 12 11 8 4 1 360 0 2 4 8 12 17 22 25 28 28 22 14 14 19 22 21 18 14 11 8 6 4 5 9 13 17 25 36 42 43 37 30 24 18 13 8 3 356 351 351 356 1 4 10 19 25 26 26 25 23 22 20 17 17 15 11 7 5 5 5 5 7 12 15 17 16 14 10 5 4 8 14 17 17 15 12 12 12 13 12
352 1 13 11 5 4 8 12 12 11 9 7 4 1 359 360 1 4 6 9 14 18 23 27 31 33 28 16 12 17 21 22 20 18 16 13 10 8 8 12 18 23 29 38 45 46 42 32 22 14 7 1 358 354 350 349 355 2 8 17 25 26 22 20 18 16 13 11 11 12 13 11 8 6 8 11 12 13 14 16 18 19 19 16 11 7 5 8 13 15 13 10 9 10 10 9
355 2 10 8 5 5 7 9 9 8 6 3 0 359 360 2 4 6 8 11 16 20 24 29 35 37 33 22 14 17 20 20 21 21 20 17 11 11 11 15 20 23 26 32 39 41 37 26 15 7 2 359 357 356 352 350 356 5 13 19 23 21 17 14 11 8 6 7 10 13 14 14 11 9 11 15 18 17 16 14 15 19 22 21 18 12 8 7 8 9 9 7 6 7 6 5
2 3 4 3 4 5 5 6 5 4 2 359 358 359 2 6 8 9 11 14 18 22 26 31 36 39 39 31 21 20 20 17 18 21 21 18 13 10 11 14 16 17 20 25 31 34 31 23 12 5 1 359 358 357 354 351 4 4 10 14 16 15 12 8 5 3 3 8 13 15 17 18 15 10 11 16 19 20 18 14 11 15 22 25 23 18 12 8 6 4 5 5 3 3 2 1
6 3 360 360 2 3 4 3 2 1 359 358 359 2 5 9 13 14 14 17 20 24 28 32 37 41 41 37 28 23 19 11 6 11 18 14 10 7 8 10 12 13 16 20 27 30 29 23 14 7 3 360 357 356 354 352 1 0 6 10 11 11 9 5 2 2 5 10 14 17 19 21 18 12 10 14 19 20 20 18 12 10 18 25 26 23 17 10 5 3 3 3 0 358 359 1
5 3 360 359 1 2 2 1 360 358 357 358 1 5 8 12 16 19 19 19 23 27 30 34 38 41 41 37 28 21 15 9 1 0 4 6 5 4 5 7 9 12 16 20 26 30 30 26 18 9 4 0 358 356 355 353 1 359 2 7 8 8 7 5 3 3 6 9 13 17 22 25 23 15 10 12 18 21 22 21 18 11 12 23 27 26 21 14 6 3 3 3 359 357 1 7
3 2 0 360 360 360 360 359 358 357 357 360 4 8 11 15 20 24 24 24 27 30 32 34 36 37 36 32 24 17 13 10 5 0 360 1 0 1 2 4 8 13 17 20 25 29 30 26 18 11 5 2 0 359 356 353 351 353 358 2 5 7 7 7 7 5 4 6 11 18 25 30 29 21 12 10 16 21 22 23 23 18 11 17 26 27 24 18 10 5 5 5 3 2 9 18
2 0 358 358 359 358 358 357 357 357 358 2 7 10 14 18 24 29 31 30 30 29 29 29 29 30 30 27 21 17 15 14 11 5 359 355 355 357 1 5 11 15 17 19 23 27 27 24 18 13 9 6 4 1 357 353 349 351 355 359 3 6 9 11 11 7 2 3 10 19 27 32 32 25 15 12 15 21 23 25 26 22 15 12 21 26 25 21 16 11 10 10 9 10 14 19
1 358 356 355 356 357 358 358 357 357 0 5 9 13 17 23 30 36 36 33 28 24 23 23 23 24 26 25 21 18 17 17 15 10 1 353 350 354 2 9 13 14 16 19 23 27 27 24 20 16 14 11 8 5 360 353 0 349 357 358 3 8 11 13 13 9 1 2 10 18 27 32 31 26 18 16 17 20 23 13 24 25 19 11 15 23 24 23 20 16 14 14 14 13 13 15
359 357 353 353 355 357 359 359 358 358 2 7 12 16 21 28 34 36 33 29 24 21 19 19 20 22 24 26 24 19 17 17 17 14 6 357 348 354 4 12 14 16 18 21 25 28 29 27 22 19 17 14 12 9 4 356 350 350 354 359 3 7 11 13 15 12 3 1 8 17 24 28 28 25 20 18 17 17 17 16 16 19 18 11 10 15 20 21 19 16 15 15 14 12 12 13
357 356 353 352 355 358 359 359 359 360 3 9 15 21 26 28 29 27 26 24 22 19 17 17 19 22 25 27 26 20 15 14 16 16 12 4 357 356 4 12 16 18 20 22 26 31 33 32 26 22 19 16 14 11 6 359 353 351 353 358 2 6 10 14 17 14 5 1 6 14 20 25 27 24 21 19 18 17 16 14 13 13 13 11 9 11 13 14 13 12 14 15 13 12 12 10
356 355 353 353 356 358 357 358 360 3 7 12 20 27 29 25 23 22 22 22 21 19 17 17 20 25 28 28 25 21 15 11 12 17 17 11 4 0 5 12 16 17 19 21 27 33 36 35 29 23 19 14 10 6 1 357 353 350 352 356 0 5 11 16 18 16 8 2 4 12 19 25 26 23 21 20 20 19 18 17 15 13 12 11 11 11 9 7 7 9 12 12 10 10 9 6
355 354 353 353 355 356 356 358 2 8 14 21 30 35 31 26 24 24 23 22 20 20 19 21 25 29 30 29 25 21 16 11 9 14 18 15 8 4 6 11 14 15 17 20 26 32 34 32 26 19 13 7 2 359 357 356 353 349 350 355 360 6 13 18 21 18 10 2 2 10 20 27 28 23 19 19 21 22 21 20 18 16 14 14 14 13 10 6 6 9 11 8 5 5 4 3
355 354 352 352 353 354 356 0 7 15 24 32 37 39 37 34 33 30 26 23 22 22 24 25 27 29 30 29 27 22 17 12 6 8 14 16 12 7 7 10 12 14 16 18 23 28 29 27 21 15 9 3 359 359 359 358 355 350 350 355 1 7 15 21 23 21 11 1 359 9 22 30 32 25 16 16 22 25 24 22 22 21 19 17 17 15 13 11 10 12 10 5 1 1 3 6
355 353 351 350 351 353 358 6 15 25 32 35 35 35 35 34 33 30 26 24 24 25 26 25 25 26 28 28 25 20 14 9 3 0 7 14 14 10 8 10 11 13 14 15 19 24 26 25 20 15 10 6 2 2 2 1 357 352 352 357 3 9 16 23 25 22 12 1 358 6 21 32 35 29 17 13 21 26 26 24 25 26 24 21 20 19 18 17 16 14 11 5 359 360 5 13
355 353 350 348 350 354 3 14 24 32 34 32 30 30 30 29 27 23 21 19 18 19 20 20 21 24 25 23 20 16 11 8 4 1 4 11 12 9 8 8 9 10 10 12 17 22 26 25 20 15 12 10 8 5 4 2 360 356 356 1 7 11 16 22 24 21 12 4 360 5 19 32 36 33 23 17 22 31 31 27 27 30 29 26 24 23 22 21 19 16 12 7 1 2 8 14
356 354 350 348 352 360 11 23 32 35 31 28 26 25 24 22 20 17 14 12 12 13 14 17 20 22 21 19 17 16 13 10 8 6 6 8 7 5 5 6 7 7 9 12 17 22 26 26 21 17 14 13 12 9 6 4 2 0 359 3 8 11 14 19 22 20 14 7 2 4 16 30 36 37 33 29 31 39 40 33 30 34 34 30 25 21 19 18 16 14 12 8 3 3 7 9
357 355 353 353 358 9 19 27 32 30 25 22 21 19 17 15 14 11 9 9 10 12 15 18 21 22 21 19 19 19 18 14 11 7 6 5 2 1 2 4 5 7 10 14 19 23 27 26 23 18 16 15 13 12 10 9 7 3 1 3 8 10 12 16 21 21 15 8 2 2 12 27 36 39 39 36 34 36 38 34 29 31 33 27 18 13 12 12 12 12 11 8 4 3 5 7
357 357 357 359 4 11 18 22 24 22 18 16 15 13 11 10 8 8 8 10 13 17 19 19 21 22 22 20 20 21 19 15 9 5 3 0 357 357 360 3 5 9 13 17 21 25 29 29 25 20 19 17 16 14 14 13 11 6 2 4 7 10 11 15 20 22 18 9 360 358 8 23 35 39 39 35 31 29 29 26 21 19 19 15 7 4 6 8 8 10 8 6 3 3 5 7
358 359 0 2 5 10 14 16 17 16 14 11 9 8 7 6 7 8 11 16 21 23 22 20 20 21 21 19 17 16 15 12 9 4 0 357 354 355 359 3 7 12 17 20 24 28 31 31 28 24 22 20 17 16 16 15 12 7 4 5 7 9 11 15 20 23 20 11 0 356 4 19 32 36 36 33 28 24 21 18 13 10 8 4 1 1 5 7 7 8 7 4 1 2 4 5
0 1 2 2 2 7 10 11 12 12 11 8 5 4 4 6 8 13 18 23 26 26 23 19 18 19 19 17 15 14 14 14 12 7 1 356 352 353 359 4 11 16 19 22 24 28 30 31 29 25 23 20 16 14 13 12 10 6 4 5 7 9 13 17 22 24 22 13 3 356 360 12 24 30 31 30 25 20 15 12 9 6 4 2 1 3 6 6 5 6 6 4 0 360 1 4
3 3 2 359 359 3 5 6 7 8 8 6 4 3 5 8 14 19 24 26 25 23 20 18 16 17 17 16 15 15 16 18 17 12 4 358 352 353 359 7 13 16 18 20 22 25 28 29 27 24 21 17 12 8 6 6 7 4 4 5 7 10 14 18 22 24 22 15 4 356 356 4 15 23 27 27 24 18 14 11 10 8 6 6 6 6 6 5 4 6 6 5 1 360 1 5
5 5 2 357 355 356 360 2 5 6 7 6 5 5 8 13 20 26 29 26 22 20 18 17 16 17 18 17 17 18 19 20 19 15 9 1 354 354 1 8 11 13 15 18 21 24 27 27 25 22 20 18 13 7 3 4 4 2 2 5 7 11 14 17 20 23 22 15 6 358 355 359 7 17 24 26 23 19 16 15 13 12 11 12 11 8 5 4 4 6 6 6 3 3 4 6
7 6 2 356 351 351 355 359 3 5 6 7 8 10 14 19 26 30 30 25 20 18 18 18 19 21 21 20 19 19 20 20 20 17 12 5 358 356 360 4 6 9 13 17 20 24 27 28 24 22 21 20 17 12 6 4 2 359 359 3 7 10 13 16 19 21 21 16 9 1 356 356 3 13 21 24 24 22 21 20 18 17 17 17 14 7 4 3 4 6 8 7 6 6 6 6
8 6 3 357 354 348 352 357 2 4 7 10 13 17 21 25 28 27 24 20 17 17 17 19 23 26 27 25 24 21 19 19 19 17 12 6 359 355 356 0 4 8 13 17 21 25 29 29 26 24 23 22 21 18 11 5 1 356 356 0 4 8 11 15 19 21 22 19 12 4 357 354 359 9 18 24 27 26 24 23 22 20 20 18 13 7 4 4 5 7 8 6 6 7 7 6
8 5 3 360 355 355 354 357 0 3 7 14 20 26 30 28 22 18 16 15 15 15 16 18 23 26 27 26 25 22 18 15 14 11 7 2 356 351 353 359 4 10 14 17 21 27 31 32 29 27 26 24 23 22 16 7 359 353 352 356 1 6 11 15 19 22 24 22 16 6 358 353 356 5 16 25 29 29 26 23 22 21 20 18 14 11 8 7 8 9 8 5 5 6 7 7
4 3 3 3 1 357 356 358 0 5 13 23 32 38 37 28 16 11 12 12 13 14 16 18 21 24 26 24 21 17 13 10 8 5 1 358 353 350 352 359 6 11 15 17 21 27 32 33 32 29 27 25 24 23 16 6 357 350 348 352 357 4 10 15 19 22 24 24 19 10 0 353 352 0 12 23 30 31 28 24 22 21 20 19 17 15 13 12 12 10 7 5 5 6 6 8
359 1 4 6 5 2 359 360 5 13 25 35 39 39 35 26 14 8 8 10 12 14 16 17 19 22 23 21 18 14 12 9 8 6 2 359 355 352 353 359 6 11 14 16 20 26 31 33 32 30 29 28 26 21 11 0 353 348 346 348 354 2 10 15 18 21 24 25 22 14 4 356 352 356 8 22 30 33 31 26 23 23 22 21 20 19 17 15 14 10 6 4 5 5 6 9
357 1 5 7 7 6 6 6 13 21 29 33 31 28 22 16 11 7 7 9 12 13 14 16 17 19 20 19 17 15 14 12 11 9 6 3 359 355 353 359 6 10 13 15 19 25 30 32 32 32 31 30 26 16 5 356 351 347 344 345 351 360 8 13 16 19 22 25 24 18 8 360 356 356 4 19 30 33 33 29 25 23 21 18 16 16 15 14 13 9 5 3 3 4 6 10
0 2 5 7 7 7 9 12 16 20 21 20 18 14 11 9 9 9 9 9 10 9 10 13 16 17 19 20 19 18 17 16 15 13 11 7 3 359 355 358 4 8 12 16 20 25 28 31 32 32 31 28 22 13 5 358 351 346 342 343 349 357 5 11 15 19 22 24 25 21 14 5 1 0 4 15 27 33 33 30 24 20 18 15 12 11 10 11 10 7 4 1 2 4 8 13
4 4 5 6 6 6 9 12 13 13 11 10 8 6 5 6 7 9 10 9 9 8 9 13 16 17 20 22 21 20 20 20 18 16 13 10 7 2 358 359 2 7 13 19 23 24 26 27 29 29 27 24 20 14 8 1 353 346 343 343 347 354 2 10 16 19 22 24 26 24 18 10 6 5 5 12 24 31 33 30 24 19 18 17 13 10 8 8 9 6 3 2 3 6 10 15
6 4 4 4 3 4 6 8 8 7 4 3 2 2 4 6 7 8 9 10 9 9 11 15 17 18 21 23 22 21 22 22 20 17 14 11 8 5 1 360 4 10 17 21 23 22 21 21 23 24 24 22 21 17 11 4 356 349 346 344 346 352 360 9 16 21 23 24 26 25 21 15 10 7 7 11 21 29 33 31 26 21 19 19 16 12 9 8 8 6 3 2 5 8 11 14
4 4 4 3 1 2 3 4 3 1 360 359 0 2 6 9 9 9 10 11 12 12 14 17 19 20 21 23 23 22 21 19 18 15 12 10 8 6 3 3 8 13 17 18 19 19 17 16 18 20 21 22 22 19 14 8 1 355 351 348 347 352 359 8 16 22 23 24 25 25 22 17 13 9 8 11 19 27 32 32 28 22 19 18 18 14 10 9 8 6 4 3 4 8 12 14
2 3 4 2 360 360 1 360 358 357 358 360 2 6 10 13 12 12 13 14 15 14 15 18 19 21 23 24 23 22 20 18 16 15 13 11 8 6 4 5 9 12 14 14 15 16 15 13 15 18 21 23 23 21 17 12 8 2 358 354 351 352 358 7 16 22 23 24 24 23 21 18 15 11 9 11 17 25 31 32 29 23 19 18 17 15 11 10 9 8 6 4 4 8 12 14
1 2 3 1 357 357 357 357 356 357 359 3 6 10 14 17 17 15 15 16 16 15 14 16 18 21 23 24 23 22 21 19 17 16 16 13 10 6 4 5 8 10 12 12 13 14 14 13 13 17 21 24 25 23 20 17 13 9 4 360 355 354 359 7 15 20 22 23 23 22 21 19 16 13 10 12 17 24 31 33 31 25 20 18 17 16 14 12 10 10 9 6 5 8 12 14
2 2 2 359 355 353 353 355 357 359 3 6 11 15 20 21 19 16 14 14 15 14 12 12 15 19 23 24 23 23 23 21 19 17 16 14 11 7 3 4 6 9 11 12 12 14 15 14 13 18 22 26 27 26 23 20 17 13 8 4 359 356 0 7 13 17 21 22 23 23 21 19 17 14 11 13 18 23 30 35 33 28 23 20 18 17 15 12 11 10 9 7 6 8 11 13
