project/data/elevation/US_DEM2016/US_DEM2016_point_10-31-2019_0248_30m_vel.asc
ncols	125
nrows	167
xllcorner	-2042055.000000
yllcorner	1465035.000000
cellsize	30.000000
NODATA_value	-9999.000000
[rows 0 to 37 of 167, columns 0 to 83 of 125]
3.57 3.25 3.03 3.37 3.99 4.78 5.60 6.23 6.54 6.73 7.00 7.41 7.53 7.14 6.86 6.93 7.01 6.85 6.32 5.84 5.60 5.71 6.06 6.42 6.66 6.62 6.30 5.46 4.39 3.41 2.66 2.19 1.94 1.76 1.59 1.52 1.69 2.07 2.50 2.77 2.91 3.02 3.13 3.20 3.14 2.96 2.75 2.79 3.14 3.76 4.44 5.09 5.63 6.13 6.30 6.34 6.17 5.61 5.05 4.65 4.39 4.26 4.32 4.66 4.94 5.03 4.96 4.64 4.09 3.75 3.67 3.77 3.92 4.07 4.19 4.28 4.37 4.61 5.02 5.37 5.58 5.53 5.15 5.08
3.57 3.25 3.03 3.37 3.99 4.78 5.60 6.23 6.54 6.73 7.00 7.41 7.53 7.14 6.86 6.93 7.01 6.85 6.32 5.84 5.60 5.71 6.06 6.42 6.66 6.62 6.30 5.46 4.39 3.41 2.66 2.19 1.94 1.76 1.59 1.52 1.69 2.07 2.50 2.77 2.91 3.02 3.13 3.20 3.14 2.96 2.75 2.79 3.14 3.76 4.44 5.09 5.63 6.13 6.30 6.34 6.17 5.61 5.05 4.65 4.39 4.26 4.32 4.66 4.94 5.03 4.96 4.64 4.09 3.75 3.67 3.77 3.92 4.07 4.19 4.28 4.37 4.61 5.02 5.37 5.58 5.53 5.15 5.08
3.46 3.23 3.16 3.49 3.94 4.59 5.26 5.78 6.08 6.22 6.42 6.75 6.85 6.68 6.45 6.46 6.54 6.48 6.12 5.67 5.52 5.66 5.91 6.08 6.13 5.98 5.47 4.66 3.84 3.11 2.57 2.22 2.00 1.85 1.73 1.70 1.84 2.09 2.36 2.56 2.68 2.79 2.92 3.09 3.26 3.33 3.32 3.35 3.63 4.09 4.59 5.01 5.35 5.62 5.74 5.76 5.70 5.48 5.09 4.65 4.29 4.08 4.15 4.35 4.51 4.57 4.58 4.52 4.40 4.19 4.07 4.04 4.01 3.98 3.96 3.98 4.10 4.38 4.71 4.90 4.92 4.95 4.98 5.13
3.63 3.46 3.53 3.78 4.06 4.40 4.78 4.99 5.03 5.05 5.23 5.42 5.50 5.45 5.41 5.39 5.43 5.55 5.50 5.36 5.42 5.58 5.57 5.34 5.05 4.68 4.17 3.68 3.23 2.88 2.62 2.43 2.33 2.33 2.31 2.28 2.28 2.32 2.34 2.41 2.64 2.89 3.11 3.37 3.68 3.93 4.10 4.20 4.35 4.58 4.78 4.81 4.77 4.69 4.63 4.47 4.42 4.57 4.65 4.58 4.39 4.20 4.05 3.91 3.73 3.63 3.72 3.98 4.26 4.41 4.40 4.24 4.00 3.75 3.58 3.55 3.69 3.93 4.06 3.95 3.87 4.20 4.72 5.12
3.88 3.78 3.88 4.03 4.17 4.34 4.45 4.47 4.34 4.23 4.21 4.30 4.40 4.42 4.44 4.43 4.47 4.63 4.90 5.17 5.43 5.43 5.15 4.61 4.07 3.68 3.50 3.37 3.21 3.10 3.02 3.00 3.08 3.14 3.10 2.99 2.88 2.81 2.72 2.76 3.04 3.35 3.66 3.97 4.14 4.25 4.36 4.53 4.72 4.85 4.85 4.67 4.39 4.07 3.77 3.33 3.08 3.16 3.52 3.96 4.20 4.22 4.04 3.64 3.27 3.02 2.94 3.06 3.30 3.50 3.59 3.53 3.39 3.27 3.22 3.28 3.40 3.51 3.54 3.44 3.49 3.94 4.53 4.79
3.92 3.90 4.06 4.20 4.23 4.26 4.26 4.08 3.93 3.82 3.64 3.59 3.75 3.92 4.11 4.20 4.26 4.34 4.63 5.00 5.20 5.01 4.53 3.87 3.36 3.21 3.27 3.35 3.41 3.48 3.58 3.71 3.80 3.73 3.58 3.44 3.35 3.30 3.22 3.18 3.25 3.40 3.65 4.01 4.20 4.26 4.33 4.53 4.72 4.83 4.79 4.61 4.33 3.84 3.30 2.89 2.77 2.84 3.00 3.19 3.39 3.54 3.48 3.19 2.91 2.72 2.62 2.57 2.54 2.51 2.52 2.53 2.55 2.65 2.81 2.99 3.13 3.23 3.31 3.36 3.48 3.82 4.18 4.16
4.00 4.08 4.26 4.40 4.34 4.18 3.98 3.69 3.54 3.51 3.39 3.25 3.36 3.75 4.14 4.26 4.35 4.41 4.44 4.49 4.53 4.32 3.85 3.36 3.14 3.14 3.23 3.34 3.48 3.69 3.93 4.11 4.11 4.01 3.91 3.86 3.87 3.82 3.68 3.48 3.35 3.35 3.46 3.66 3.81 3.79 3.82 4.01 4.31 4.52 4.62 4.54 4.31 4.07 3.79 3.57 3.59 3.58 3.44 3.20 2.93 2.76 2.69 2.64 2.59 2.57 2.55 2.53 2.46 2.36 2.26 2.23 2.30 2.46 2.65 2.80 2.90 3.04 3.24 3.39 3.51 3.71 3.80 3.55
4.12 4.31 4.60 4.61 4.46 4.06 3.65 3.35 3.32 3.43 3.37 3.16 3.24 3.69 4.09 4.09 4.09 4.14 4.00 3.81 3.78 3.63 3.35 3.16 3.13 3.18 3.28 3.37 3.50 3.73 4.02 4.23 4.32 4.42 4.56 4.76 4.81 4.68 4.43 4.10 3.76 3.52 3.43 3.36 3.23 3.16 3.19 3.42 3.91 4.41 4.58 4.51 4.39 4.44 4.52 4.53 4.38 4.12 3.74 3.27 2.80 2.47 2.37 2.40 2.46 2.51 2.57 2.64 2.64 2.53 2.41 2.37 2.43 2.55 2.69 2.80 2.88 3.06 3.30 3.41 3.46 3.54 3.48 3.17
4.38 4.58 4.90 4.81 4.52 4.08 3.61 3.40 3.50 3.58 3.50 3.37 3.46 3.74 3.88 3.71 3.53 3.52 3.45 3.35 3.36 3.21 2.94 2.88 2.96 3.11 3.34 3.58 3.74 3.88 4.14 4.45 4.79 5.24 5.69 5.95 5.93 5.72 5.43 5.06 4.61 4.14 3.76 3.48 3.25 3.15 3.33 3.71 4.29 4.67 4.62 4.26 4.00 4.02 4.15 4.17 3.98 3.62 3.19 2.82 2.58 2.47 2.46 2.52 2.58 2.67 2.81 2.91 2.83 2.65 2.52 2.50 2.58 2.75 2.97 3.15 3.33 3.57 3.69 3.62 3.51 3.45 3.33 3.43
4.56 4.76 4.97 4.85 4.56 4.25 3.91 3.88 4.09 4.16 3.97 3.81 3.82 3.83 3.67 3.34 3.02 3.01 3.16 3.27 3.32 3.05 2.71 2.66 2.82 3.06 3.36 3.68 3.96 4.21 4.55 4.96 5.44 5.91 6.18 6.19 6.07 5.94 5.84 5.71 5.44 5.05 4.60 4.18 3.83 3.77 3.92 4.32 4.77 4.85 4.47 3.70 3.15 2.78 2.74 2.83 2.82 2.64 2.46 2.38 2.40 2.48 2.56 2.68 2.90 3.15 3.37 3.38 3.08 2.73 2.62 2.75 3.04 3.40 3.70 3.94 4.22 4.48 4.49 4.28 4.01 3.84 3.74 3.63
4.78 4.72 4.79 4.82 4.71 4.64 4.65 4.89 5.08 5.01 4.74 4.45 4.19 3.88 3.52 3.08 2.78 2.92 3.27 3.53 3.51 3.19 2.88 2.83 2.98 3.20 3.40 3.67 4.14 4.69 5.14 5.50 5.74 5.73 5.44 5.07 4.99 5.20 5.46 5.63 5.67 5.52 5.21 4.80 4.43 4.23 4.24 4.58 4.88 4.74 4.06 3.24 2.64 2.24 2.01 1.90 1.91 2.01 2.14 2.27 2.40 2.54 2.72 2.96 3.33 3.74 3.94 3.79 3.39 2.99 2.97 3.33 3.83 4.25 4.57 4.83 5.05 5.11 4.95 4.69 4.50 4.38 4.26 4.06
4.81 4.49 4.43 4.79 5.10 5.36 5.65 5.92 6.01 5.78 5.45 5.11 4.68 4.11 3.55 3.18 2.99 3.17 3.54 3.76 3.68 3.40 3.18 3.15 3.27 3.48 3.72 4.08 4.60 5.07 5.30 5.36 5.16 4.67 4.04 3.68 3.83 4.21 4.53 4.78 5.04 5.23 5.27 5.13 4.83 4.54 4.48 4.73 4.75 4.34 3.53 2.96 2.60 2.24 1.90 1.67 1.66 1.89 2.16 2.38 2.58 2.87 3.20 3.51 3.85 4.12 4.17 4.01 3.77 3.59 3.59 3.98 4.43 4.82 5.06 5.15 5.05 4.71 4.18 3.85 3.77 3.78 3.76 3.69
4.51 4.22 4.09 4.57 5.16 5.64 5.97 6.10 6.08 5.90 5.67 5.43 5.09 4.51 3.98 3.66 3.49 3.49 3.59 3.63 3.51 3.31 3.20 3.24 3.42 3.68 4.01 4.36 4.60 4.65 4.53 4.21 3.68 3.06 2.73 2.88 3.22 3.37 3.37 3.58 3.92 4.31 4.72 4.96 4.95 4.77 4.69 4.76 4.46 3.70 2.93 2.52 2.17 1.90 1.74 1.74 1.88 2.12 2.40 2.70 3.03 3.42 3.77 4.02 4.17 4.23 4.19 4.18 4.20 4.20 4.26 4.55 4.94 5.11 4.99 4.61 4.02 3.27 2.66 2.42 2.47 2.64 2.82 2.93
4.44 4.34 4.24 4.33 4.60 4.96 5.18 5.19 5.07 5.02 5.06 5.08 5.02 4.81 4.51 4.20 3.92 3.65 3.44 3.22 3.00 2.89 2.94 3.08 3.28 3.45 3.63 3.68 3.52 3.26 2.94 2.50 2.08 1.82 1.94 2.33 2.53 2.44 2.41 2.62 2.89 3.23 3.64 4.02 4.37 4.57 4.68 4.64 4.22 3.38 2.62 2.00 1.63 1.59 1.76 2.03 2.26 2.46 2.75 3.17 3.59 3.94 4.18 4.33 4.41 4.45 4.47 4.52 4.60 4.64 4.76 5.05 5.18 4.89 4.21 3.37 2.63 2.19 2.04 2.14 2.40 2.67 2.85 2.87
4.61 4.66 4.43 4.12 3.84 3.73 3.65 3.47 3.31 3.43 3.71 4.01 4.22 4.39 4.46 4.37 4.11 3.71 3.30 2.85 2.50 2.50 2.69 2.82 2.83 2.78 2.68 2.48 2.23 2.03 1.84 1.71 1.71 1.80 1.95 2.05 2.03 2.03 2.13 2.26 2.36 2.50 2.70 3.01 3.52 4.24 4.59 4.57 4.14 3.45 2.62 2.00 1.79 1.97 2.34 2.61 2.69 2.81 3.11 3.59 4.12 4.47 4.68 4.81 4.93 5.06 5.09 5.05 5.01 5.02 5.15 5.25 4.90 3.99 3.04 2.49 2.33 2.30 2.42 2.75 3.14 3.43 3.49 3.46
4.66 4.54 4.15 3.68 3.05 2.59 2.26 2.04 2.03 2.19 2.45 2.68 2.95 3.31 3.73 4.00 3.99 3.71 3.25 2.73 2.44 2.51 2.66 2.64 2.47 2.26 2.09 2.01 1.98 1.93 1.92 2.03 2.25 2.44 2.49 2.46 2.45 2.50 2.60 2.67 2.69 2.75 2.91 3.27 3.83 4.49 4.70 4.52 3.99 3.30 2.75 2.49 2.52 2.84 3.15 3.24 3.15 3.20 3.57 4.18 4.76 5.21 5.46 5.58 5.69 5.83 5.86 5.77 5.69 5.63 5.53 5.13 4.21 3.27 2.84 2.86 2.98 2.99 3.08 3.39 3.82 4.07 4.11 4.26
4.40 4.01 3.44 3.00 2.36 1.96 1.83 1.84 1.96 2.21 2.44 2.56 2.68 2.98 3.32 3.52 3.62 3.58 3.31 3.01 2.86 2.84 2.77 2.64 2.49 2.36 2.34 2.44 2.53 2.56 2.53 2.55 2.71 2.98 3.18 3.31 3.37 3.36 3.36 3.43 3.59 3.83 4.11 4.52 4.94 5.10 4.84 4.39 3.87 3.40 3.10 3.07 3.26 3.58 3.81 3.84 3.73 3.89 4.42 5.09 5.70 6.09 6.27 6.32 6.30 6.29 6.31 6.32 6.32 6.14 5.74 5.05 4.05 3.63 3.76 3.99 3.99 3.83 3.82 4.09 4.43 4.66 4.86 5.14
4.19 3.82 3.15 2.56 2.19 2.13 2.37 2.67 3.00 3.36 3.60 3.69 3.75 3.75 3.65 3.41 3.32 3.41 3.43 3.37 3.27 3.07 2.85 2.72 2.71 2.77 2.88 3.00 3.11 3.20 3.22 3.13 3.18 3.42 3.73 4.00 4.14 4.16 4.12 4.24 4.58 4.92 5.24 5.46 5.45 5.06 4.45 3.98 3.74 3.61 3.50 3.54 3.79 4.14 4.33 4.32 4.38 4.70 5.36 6.02 6.44 6.55 6.47 6.37 6.26 6.17 6.13 6.14 6.23 6.15 5.89 5.60 5.15 5.09 5.39 5.57 5.49 5.26 5.19 5.23 5.31 5.42 5.62 5.74
4.18 3.89 3.22 2.67 2.59 3.06 3.71 4.24 4.69 4.99 5.16 5.19 5.06 4.69 4.15 3.63 3.36 3.37 3.46 3.48 3.39 3.21 3.01 2.96 3.04 3.16 3.28 3.39 3.54 3.73 3.91 4.01 4.08 4.18 4.35 4.63 4.90 5.02 5.09 5.26 5.50 5.68 5.69 5.45 4.88 4.07 3.38 3.19 3.42 3.64 3.86 4.08 4.40 4.68 4.74 4.63 4.80 5.35 6.00 6.37 6.40 6.16 5.83 5.63 5.59 5.61 5.67 5.65 5.62 5.70 5.96 6.26 6.61 6.84 7.04 7.24 7.32 7.27 7.14 6.89 6.60 6.33 6.14 5.84
3.95 3.51 2.89 2.73 3.23 4.14 5.01 5.62 5.99 6.09 6.01 5.82 5.52 5.04 4.53 4.08 3.73 3.55 3.53 3.53 3.47 3.41 3.38 3.41 3.47 3.54 3.65 3.81 3.97 4.19 4.53 4.92 5.25 5.45 5.55 5.66 5.73 5.74 5.86 6.00 5.97 5.74 5.28 4.58 3.73 2.93 2.54 2.66 3.25 3.80 4.29 4.70 4.99 5.05 4.92 4.83 5.15 5.75 6.06 6.02 5.64 5.16 4.76 4.57 4.61 4.82 5.01 5.08 5.00 5.09 5.57 6.21 6.82 7.21 7.47 7.79 8.01 8.06 7.92 7.67 7.29 6.86 6.31 5.66
3.35 2.97 2.71 3.12 4.17 5.26 5.94 6.25 6.30 6.10 5.80 5.50 5.21 4.92 4.68 4.41 4.08 3.80 3.68 3.67 3.69 3.77 3.93 4.07 4.14 4.15 4.28 4.46 4.62 4.86 5.28 5.81 6.23 6.48 6.55 6.39 6.14 6.00 5.98 5.87 5.52 4.89 4.10 3.28 2.69 2.44 2.52 2.99 3.71 4.36 4.97 5.41 5.54 5.39 5.17 5.20 5.54 5.73 5.65 5.19 4.58 4.02 3.61 3.38 3.46 3.57 3.71 3.86 4.01 4.23 4.60 5.13 5.73 6.16 6.45 6.74 6.96 7.03 7.06 6.98 6.87 6.57 6.17 5.58
3.57 3.47 3.68 4.47 5.48 6.12 6.26 6.09 5.77 5.34 5.01 4.78 4.58 4.48 4.44 4.33 4.14 3.92 3.85 3.93 4.13 4.44 4.74 4.95 5.07 5.14 5.25 5.40 5.58 5.85 6.25 6.56 6.65 6.58 6.33 5.96 5.70 5.50 5.27 4.80 4.18 3.49 2.79 2.33 2.30 2.62 3.17 3.89 4.50 5.10 5.53 5.71 5.70 5.64 5.51 5.52 5.55 5.36 4.88 4.14 3.45 2.90 2.42 2.25 2.32 2.30 2.22 2.35 2.72 3.10 3.61 3.96 4.21 4.34 4.44 4.62 4.63 4.76 4.97 5.14 5.54 5.86 5.93 5.83
4.32 4.69 5.39 5.93 6.28 6.31 5.92 5.40 4.88 4.53 4.35 4.19 4.03 3.96 3.95 3.97 3.97 3.94 4.03 4.24 4.63 5.04 5.36 5.60 5.74 5.91 6.08 6.26 6.47 6.69 6.80 6.64 6.21 5.63 5.03 4.65 4.65 4.48 3.97 3.30 2.67 2.29 2.11 2.25 2.67 3.22 3.90 4.56 5.13 5.54 5.62 5.54 5.44 5.46 5.51 5.44 5.19 4.70 3.98 3.22 2.56 1.97 1.64 1.68 1.83 1.83 1.85 2.01 2.29 2.66 3.04 3.34 3.39 3.25 3.05 3.02 3.14 3.48 3.78 4.02 4.42 4.96 5.45 5.66
4.84 5.33 6.00 6.20 6.14 5.81 5.22 4.70 4.23 4.04 3.96 3.82 3.69 3.59 3.55 3.65 3.80 3.96 4.13 4.28 4.50 4.74 5.02 5.37 5.66 5.96 6.25 6.50 6.63 6.60 6.32 5.70 4.83 4.11 3.65 3.54 3.51 3.14 2.53 2.10 1.90 1.92 2.20 2.77 3.33 3.87 4.49 5.03 5.43 5.50 5.23 4.93 4.81 4.87 4.98 4.95 4.67 4.17 3.47 2.82 2.23 1.75 1.60 1.73 1.88 1.97 2.16 2.48 2.72 2.82 2.93 3.06 3.05 2.81 2.52 2.45 2.76 3.19 3.38 3.49 3.79 4.14 4.59 4.93
5.19 5.39 5.65 5.66 5.44 4.99 4.51 4.15 3.90 3.77 3.65 3.49 3.39 3.33 3.35 3.50 3.73 3.94 4.03 4.00 3.94 3.95 4.16 4.56 5.11 5.58 5.92 6.06 5.94 5.56 4.91 4.05 3.20 2.72 2.55 2.53 2.28 1.90 1.68 1.74 1.97 2.38 2.94 3.48 4.02 4.58 5.05 5.39 5.44 5.16 4.77 4.51 4.41 4.38 4.41 4.41 4.31 4.02 3.49 2.89 2.44 2.25 2.35 2.56 2.70 2.79 3.04 3.19 3.09 2.92 2.86 2.89 2.84 2.64 2.41 2.46 2.78 2.97 2.91 2.97 3.21 3.39 3.71 4.18
5.51 5.24 4.98 4.96 4.77 4.42 4.09 3.78 3.62 3.50 3.37 3.24 3.15 3.15 3.30 3.52 3.76 3.93 3.97 3.93 3.91 4.00 4.27 4.69 5.18 5.48 5.48 5.23 4.76 4.12 3.35 2.67 2.13 1.86 1.80 1.77 1.66 1.63 1.79 2.10 2.58 3.16 3.67 4.20 4.76 5.24 5.53 5.54 5.24 4.79 4.40 4.17 4.05 4.04 4.12 4.18 4.20 4.10 3.81 3.40 3.14 3.18 3.41 3.61 3.72 3.84 3.89 3.61 3.18 3.01 3.01 2.85 2.66 2.57 2.53 2.64 2.82 2.78 2.61 2.69 2.85 2.94 3.16 3.68
5.67 5.23 4.67 4.54 4.43 4.31 4.18 3.93 3.71 3.59 3.45 3.35 3.29 3.34 3.50 3.75 3.91 4.09 4.22 4.35 4.57 4.91 5.30 5.57 5.60 5.34 4.82 4.17 3.49 2.87 2.28 1.93 1.80 1.83 1.88 1.92 2.03 2.26 2.50 2.77 3.17 3.65 4.21 4.83 5.38 5.74 5.75 5.45 4.96 4.44 4.00 3.73 3.69 3.82 4.01 4.16 4.18 4.21 4.24 4.23 4.27 4.47 4.72 4.84 4.85 4.75 4.47 4.08 3.79 3.70 3.46 3.04 2.69 2.69 2.76 2.76 2.79 2.79 2.78 2.83 2.87 2.86 2.99 3.31
5.74 5.27 4.63 4.42 4.32 4.33 4.42 4.37 4.22 4.13 4.05 3.92 3.92 3.96 4.02 4.05 4.12 4.29 4.56 4.88 5.25 5.57 5.69 5.55 5.14 4.51 3.78 3.05 2.40 1.98 1.82 1.86 2.06 2.36 2.56 2.68 2.79 2.97 3.21 3.41 3.64 4.03 4.66 5.31 5.78 5.92 5.69 5.20 4.67 4.16 3.72 3.53 3.61 3.82 3.99 4.03 4.02 4.25 4.57 4.92 5.37 5.83 6.18 6.33 6.17 5.84 5.36 5.00 4.87 4.61 3.96 3.29 3.06 3.19 3.16 2.94 2.92 3.07 3.15 3.12 3.04 2.96 2.99 3.08
5.61 5.14 4.52 4.29 4.20 4.28 4.42 4.53 4.52 4.47 4.42 4.31 4.31 4.38 4.41 4.32 4.22 4.30 4.60 4.98 5.24 5.23 4.91 4.34 3.74 3.17 2.62 2.09 1.75 1.71 1.90 2.35 2.76 3.01 3.22 3.39 3.51 3.62 3.81 3.94 4.12 4.50 5.13 5.63 5.89 5.76 5.31 4.82 4.44 4.16 3.92 3.78 3.82 3.93 3.87 3.80 3.96 4.38 4.81 5.37 6.00 6.49 6.79 6.90 6.93 6.76 6.45 6.17 5.78 5.22 4.54 3.99 3.91 3.91 3.69 3.45 3.54 3.73 3.71 3.47 3.21 3.06 2.99 2.94
5.41 5.10 4.60 4.33 4.21 4.19 4.28 4.44 4.51 4.43 4.24 4.06 4.03 4.09 4.16 4.19 4.08 4.14 4.37 4.56 4.47 4.05 3.44 2.82 2.32 1.92 1.59 1.45 1.55 1.89 2.51 3.10 3.44 3.64 3.78 3.93 4.11 4.23 4.28 4.38 4.62 5.03 5.46 5.72 5.62 5.19 4.67 4.39 4.36 4.40 4.39 4.35 4.22 4.16 4.02 3.98 4.22 4.64 5.01 5.57 6.04 6.38 6.48 6.49 6.63 6.75 6.78 6.80 6.55 6.14 5.82 5.57 5.32 4.88 4.40 4.31 4.52 4.62 4.32 3.82 3.32 3.02 2.84 2.80
5.50 5.32 4.88 4.56 4.43 4.30 4.25 4.34 4.45 4.43 4.22 3.98 3.84 3.76 3.75 3.94 3.85 3.99 4.09 3.86 3.30 2.60 1.99 1.54 1.17 0.93 0.86 1.03 1.50 2.30 3.07 3.52 3.80 4.00 4.16 4.32 4.43 4.46 4.48 4.61 4.93 5.29 5.57 5.53 5.12 4.49 4.16 4.10 4.24 4.53 4.66 4.69 4.66 4.55 4.42 4.37 4.43 4.68 5.02 5.48 5.67 5.56 5.25 5.18 5.44 5.89 6.30 6.68 6.97 7.06 7.12 7.00 6.61 6.10 5.60 5.47 5.41 5.10 4.49 3.70 3.13 2.86 2.72 2.67
5.67 5.32 4.80 4.57 4.53 4.48 4.33 4.28 4.40 4.56 4.58 4.39 4.18 3.94 3.77 3.70 3.75 3.81 3.60 2.99 2.21 1.60 1.21 0.96 0.77 0.72 0.86 1.16 1.67 2.32 2.89 3.20 3.45 3.71 3.96 4.16 4.20 4.24 4.34 4.59 4.96 5.33 5.49 5.27 4.84 4.34 4.06 4.02 4.11 4.30 4.56 4.70 4.82 4.78 4.63 4.42 4.31 4.36 4.69 5.01 5.02 4.68 4.31 4.22 4.40 4.82 5.39 5.95 6.48 6.88 7.16 7.26 7.06 6.83 6.63 6.34 5.75 4.92 4.04 3.36 3.00 2.84 2.69 2.55
5.45 4.88 4.22 4.16 4.27 4.34 4.21 4.07 4.16 4.41 4.59 4.56 4.36 4.12 3.94 3.78 3.68 3.48 2.99 2.34 1.88 1.60 1.28 1.29 1.22 1.33 1.59 1.84 2.06 2.26 2.40 2.53 2.69 2.90 3.15 3.37 3.57 3.78 4.08 4.49 4.85 5.14 5.14 4.81 4.45 4.12 3.85 3.82 3.91 4.00 4.19 4.49 4.62 4.62 4.46 4.14 3.97 3.94 4.25 4.50 4.37 3.95 3.70 3.80 4.09 4.35 4.60 4.87 5.23 5.59 5.91 6.17 6.39 6.54 6.58 6.38 5.63 4.58 3.86 3.51 3.27 2.92 2.58 2.54
4.76 4.38 3.97 3.93 3.92 3.82 3.65 3.58 3.63 3.86 4.12 4.27 4.21 4.04 3.91 3.73 3.50 3.14 2.73 2.71 2.22 2.25 2.22 2.19 2.21 2.35 2.52 2.66 2.70 2.64 2.59 2.54 2.50 2.50 2.60 2.84 3.21 3.54 3.93 4.36 4.65 4.72 4.43 3.83 3.26 3.02 3.08 3.27 3.47 3.73 3.94 4.13 4.24 4.19 4.03 3.80 3.67 3.73 3.96 4.12 3.95 3.57 3.51 3.69 3.99 4.13 4.07 4.00 4.07 4.26 4.32 4.56 5.00 5.45 5.75 5.86 5.59 4.98 4.38 4.00 3.47 2.92 2.69 2.84
4.36 4.37 4.36 4.24 3.90 3.54 3.35 3.25 3.18 3.29 3.57 3.87 4.02 3.98 3.84 3.64 3.37 3.08 3.19 2.84 3.05 3.14 3.23 3.28 3.31 3.36 3.44 3.45 3.42 3.37 3.27 3.10 2.89 2.73 2.74 2.94 3.25 3.54 3.89 4.25 4.41 4.24 3.64 2.78 2.35 2.40 2.69 3.05 3.41 3.68 3.84 3.89 3.83 3.77 3.69 3.65 3.65 3.77 3.89 3.99 3.90 3.74 3.74 3.78 3.82 3.65 3.41 3.33 3.42 3.54 3.62 3.75 4.04 4.42 4.67 5.09 5.48 5.51 5.13 4.43 3.63 3.26 3.39 3.69
4.67 4.90 5.09 4.86 4.44 3.88 3.51 3.29 3.05 2.90 3.00 3.34 3.69 3.86 3.79 3.55 3.34 3.25 3.32 3.49 3.78 4.03 4.24 4.38 4.43 4.38 4.25 4.10 3.94 3.77 3.61 3.46 3.34 3.25 3.20 3.28 3.51 3.76 4.09 4.34 4.31 3.90 3.22 2.63 2.59 2.93 3.37 3.78 3.99 4.01 3.92 3.79 3.63 3.60 3.63 3.68 3.70 3.82 3.91 4.08 4.13 4.06 3.88 3.61 3.37 3.11 2.89 2.90 3.11 3.27 3.38 3.57 3.69 3.83 4.03 4.47 5.08 5.54 5.62 5.30 4.71 4.56 4.76 4.91
5.07 5.28 5.39 5.10 4.69 4.20 3.78 3.40 3.04 2.69 2.53 2.67 3.08 3.47 3.63 3.47 3.33 3.39 3.60 4.05 4.40 4.75 5.03 5.23 5.26 5.16 4.99 4.74 4.42 4.07 3.75 3.56 3.56 3.70 3.88 3.97 4.08 4.30 4.59 4.73 4.58 4.15 3.62 3.45 3.75 4.22 4.62 4.78 4.69 4.30 4.00 3.78 3.62 3.58 3.66 3.70 3.70 3.84 4.02 4.31 4.38 4.20 3.85 3.39 3.00 2.75 2.69 2.78 2.96 3.07 3.17 3.37 3.51 3.53 3.73 4.09 4.55 5.16 5.74 6.20 6.38 6.29 6.11 5.90
5.28 5.30 5.07 4.69 4.29 3.90 3.62 3.31 2.92 2.51 2.28 2.26 2.47 2.92 3.27 3.33 3.27 3.40 3.75 4.17 4.53 4.82 5.05 5.22 5.28 5.28 5.22 5.10 4.86 4.53 4.12 3.80 3.75 3.97 4.22 4.44 4.66 4.90 5.11 5.27 5.27 5.06 4.92 4.85 5.04 5.31 5.38 5.11 4.69 4.26 3.95 3.81 3.62 3.56 3.64 3.70 3.73 3.94 4.20 4.49 4.48 4.25 3.90 3.47 3.07 2.83 2.76 2.82 2.90 2.94 2.95 3.07 3.26 3.39 3.58 3.85 4.19 4.66 5.42 6.23 6.83 6.88 6.55 6.07
