project/data/elevation/US_DEM2016/US_DEM2016_point_10-30-2019_1033_30m_vel.asc
ncols	125
nrows	167
xllcorner	-2042055.000000
yllcorner	1465035.000000
cellsize	30.000000
NODATA_value	-9999.000000
[rows 35 to 69 of 167, columns 0 to 77 of 125]
11.76 12.05 12.44 12.13 11.28 10.00 9.16 8.75 8.59 8.88 9.81 11.19 12.15 12.35 11.88 11.12 10.66 10.47 10.56 11.00 11.48 11.94 12.33 12.52 12.55 12.29 11.82 11.24 10.59 10.01 9.69 9.44 9.14 8.73 8.37 8.47 9.17 9.95 10.80 11.29 11.12 10.23 8.74 7.21 6.80 7.32 8.24 9.25 9.93 10.20 10.24 10.36 10.56 10.90 10.89 10.88 10.83 10.98 10.82 10.86 10.81 10.60 10.20 9.37 8.64 8.11 7.91 8.28 8.99 9.59 9.97 10.35 10.62 11.21 11.99 13.34 15.33 16.61
12.72 13.31 13.85 13.50 12.74 11.58 10.42 9.45 8.73 8.26 8.34 9.20 10.59 11.50 11.59 10.99 10.60 10.72 11.35 12.33 13.15 13.93 14.59 15.05 15.04 14.68 14.07 13.23 12.14 11.00 10.13 9.72 9.72 10.02 10.31 10.33 10.52 11.11 11.86 12.21 12.08 11.30 10.04 9.36 9.70 10.59 11.58 12.09 12.08 11.28 10.61 10.17 10.33 10.69 10.90 10.97 10.92 11.10 11.13 11.50 11.58 11.29 10.51 9.18 7.99 7.31 7.29 7.76 8.41 8.94 9.41 9.82 10.14 10.31 10.98 11.92 13.45 15.47
13.01 13.43 13.56 13.07 12.37 11.48 10.71 9.84 8.89 8.05 7.74 8.03 8.90 10.12 10.80 10.76 10.49 10.65 11.52 12.70 13.64 14.42 15.05 15.52 15.62 15.48 15.20 14.71 13.80 12.57 11.28 10.33 10.12 10.59 11.18 11.65 12.10 12.58 13.02 13.59 14.12 14.05 13.73 13.13 13.14 13.70 14.03 13.56 12.72 11.68 10.76 10.33 10.24 10.61 10.89 10.95 10.95 11.30 11.52 11.89 11.96 11.72 11.09 9.93 8.62 7.81 7.58 7.76 8.08 8.46 8.78 9.02 9.42 9.79 10.32 10.99 12.08 13.68
12.95 12.73 12.20 11.63 10.91 10.44 10.00 9.31 8.43 7.65 7.37 7.50 8.04 8.97 9.86 10.22 10.15 10.18 10.75 11.67 12.21 12.48 12.68 13.09 13.60 14.00 14.44 14.83 14.57 13.81 12.76 11.77 11.15 10.99 11.31 12.19 13.14 13.62 14.02 14.81 15.67 16.03 16.15 15.73 15.37 14.98 14.06 12.52 11.40 10.55 10.17 10.15 10.22 10.51 10.89 11.06 11.14 11.54 11.71 11.75 11.59 11.02 10.67 10.12 9.33 8.56 7.79 7.51 7.62 7.92 8.13 8.29 8.62 9.31 9.83 10.33 10.97 12.20
12.61 11.75 10.62 10.03 9.44 9.14 8.84 8.44 8.02 7.66 7.57 7.77 8.21 8.76 9.31 9.66 9.77 9.76 9.79 9.87 9.72 9.56 9.64 10.19 11.25 12.43 13.41 14.33 14.78 14.60 13.93 13.04 12.35 12.13 12.69 13.83 14.61 15.01 15.23 15.61 16.12 16.19 16.21 16.01 15.57 14.85 13.54 12.10 11.05 10.16 9.94 10.24 10.49 10.56 10.99 11.35 11.62 11.96 11.68 11.10 10.22 9.20 8.41 8.20 8.07 7.81 7.17 6.79 6.90 7.23 7.54 7.84 8.27 8.86 9.34 9.67 9.96 10.72
12.01 11.00 9.71 9.09 8.81 8.65 8.62 8.68 8.77 8.89 9.10 9.41 9.51 9.37 9.24 9.29 9.44 9.43 9.04 8.46 8.19 8.26 8.72 9.49 10.70 11.77 12.67 13.55 14.28 14.71 14.68 14.22 13.91 14.26 15.09 16.04 16.69 17.00 16.61 16.01 15.80 15.01 14.50 14.68 14.64 14.66 14.22 13.73 13.05 12.40 11.66 11.39 11.29 10.94 11.13 11.35 11.58 11.71 11.19 10.25 9.09 7.72 6.30 5.80 5.81 5.96 6.21 6.40 6.57 6.68 6.83 7.34 8.10 8.70 9.06 9.26 9.37 9.71
11.74 11.01 10.08 9.69 9.64 9.67 9.66 9.73 9.96 10.34 10.78 10.99 10.67 10.03 9.57 9.46 9.58 9.53 9.15 8.67 8.63 9.00 9.56 10.10 10.58 11.09 11.50 12.10 13.10 14.05 14.95 15.10 15.44 16.11 16.87 17.45 17.73 17.46 16.77 15.81 14.91 13.90 13.03 12.77 13.33 13.67 13.97 14.07 14.21 14.21 13.86 12.83 11.91 11.14 10.85 10.76 10.59 10.33 9.94 9.45 8.65 7.45 6.06 5.48 5.60 5.97 6.36 6.51 6.43 6.37 6.49 6.90 7.66 8.38 8.67 8.71 8.95 9.48
11.86 11.51 11.05 10.87 10.80 10.70 10.54 10.55 10.92 11.45 11.81 11.74 11.05 10.52 10.34 10.36 10.40 10.38 10.28 10.28 10.49 10.81 11.13 11.43 11.66 11.64 11.56 11.72 12.44 13.37 14.77 15.71 16.75 17.56 17.75 17.29 16.62 15.81 14.93 14.20 13.51 12.72 11.76 11.42 11.72 12.17 12.57 12.63 12.97 13.29 13.39 12.76 11.85 10.90 10.48 10.37 10.04 9.56 9.31 9.56 9.35 8.67 7.85 7.59 7.79 7.72 7.29 6.81 6.73 6.84 6.78 6.66 6.87 7.28 7.35 7.32 8.03 9.11
11.88 11.69 11.47 11.38 11.33 11.29 11.36 11.65 12.11 12.49 12.50 12.08 11.28 10.96 10.93 11.02 11.20 11.31 11.53 11.89 12.36 12.72 12.90 12.96 12.95 12.67 12.48 12.50 12.87 13.35 14.52 15.68 16.78 17.48 17.23 16.23 14.88 13.68 12.75 12.39 12.27 11.80 10.90 10.22 10.38 10.90 11.15 10.69 10.05 9.56 9.72 10.37 10.68 10.53 10.47 10.78 10.87 10.79 10.89 11.13 11.02 10.66 10.30 10.18 9.57 8.71 8.19 8.12 8.18 7.69 6.82 6.09 5.97 6.05 5.87 5.97 6.84 8.18
11.88 11.79 11.78 11.87 12.13 12.61 13.12 13.47 13.61 13.51 13.07 12.34 11.56 11.19 11.13 11.34 11.64 11.94 12.32 12.81 13.29 13.57 13.61 13.42 13.11 12.73 12.61 12.73 13.17 13.71 14.83 15.44 15.87 15.81 15.45 14.97 14.18 13.09 11.69 10.94 10.82 10.74 10.19 9.42 9.26 9.75 9.48 8.73 7.70 7.11 7.35 8.14 9.00 9.66 10.48 11.44 12.03 12.36 12.50 12.38 12.23 12.02 11.47 10.82 9.80 9.33 9.51 9.50 8.72 7.19 6.09 5.69 5.72 5.74 5.65 5.88 6.70 7.71
12.24 12.39 12.70 13.04 13.42 13.93 14.37 14.57 14.45 14.03 13.36 12.58 12.01 11.74 11.87 12.08 12.28 12.55 12.87 13.11 13.17 13.03 12.82 12.62 12.52 12.36 12.29 12.54 13.33 14.23 15.20 14.84 14.36 13.74 13.41 13.60 13.46 12.86 11.38 10.15 9.49 9.43 9.16 8.47 8.33 8.62 8.50 8.34 8.27 8.31 8.19 7.94 7.97 8.78 10.26 11.69 12.23 12.35 12.31 12.36 12.30 12.28 11.71 11.07 10.73 10.74 10.37 9.26 7.66 6.56 6.30 6.61 6.81 6.78 6.73 7.04 7.73 8.29
12.66 12.94 13.44 13.82 13.98 14.03 14.02 13.98 13.85 13.50 13.02 12.48 12.40 12.60 12.99 13.19 13.22 13.22 13.15 12.95 12.59 12.15 11.80 11.74 11.96 12.12 12.29 12.77 13.72 14.54 14.84 14.12 12.99 12.30 11.91 11.79 11.87 11.91 11.25 10.01 8.82 8.38 8.36 8.34 8.52 8.78 9.15 9.36 9.48 9.07 8.29 7.71 8.00 9.22 10.73 11.63 11.88 11.87 11.92 12.21 12.20 12.27 12.07 11.81 11.50 10.91 9.34 8.13 7.68 7.85 8.34 8.63 8.68 8.64 8.72 8.98 9.29 9.39
12.69 12.82 13.17 13.46 13.39 13.09 12.74 12.44 12.24 12.15 11.93 11.74 11.91 12.46 13.02 13.36 13.44 13.24 12.86 12.46 12.07 11.69 11.39 11.32 11.51 11.81 12.19 12.93 13.84 14.24 13.84 12.82 12.05 11.40 10.78 10.38 10.34 10.72 10.89 10.42 9.13 8.52 8.68 9.31 9.67 9.93 9.98 9.45 8.61 7.57 7.15 7.58 9.29 11.36 12.37 12.34 12.27 12.25 12.32 12.48 12.40 12.46 12.20 11.79 11.12 10.03 9.11 9.08 9.84 10.66 11.16 11.27 11.25 11.17 11.08 11.14 11.22 11.09
12.54 12.52 12.37 12.45 12.40 12.03 11.56 11.15 10.92 10.82 10.69 10.65 10.79 11.29 11.85 12.24 12.50 12.51 12.29 11.97 11.64 11.33 11.09 10.94 10.98 11.22 11.56 12.38 13.42 13.68 13.23 12.41 11.79 11.07 10.13 9.30 9.21 9.63 10.15 10.15 9.35 8.68 8.65 9.10 9.45 9.73 9.70 8.66 7.67 7.30 7.90 9.90 12.47 14.06 14.46 13.67 13.08 12.77 12.73 12.96 13.04 13.06 12.70 12.10 11.86 11.99 12.66 13.62 14.47 15.04 15.17 15.13 15.04 14.91 14.69 14.55 14.42 14.04
12.61 12.54 12.01 11.69 11.69 11.61 11.25 10.84 10.58 10.35 10.33 10.41 10.59 10.94 11.27 11.55 11.76 11.91 11.87 11.61 11.20 10.84 10.60 10.49 10.48 10.60 10.86 11.75 12.98 13.19 12.84 12.43 12.03 11.44 10.44 9.23 8.82 8.71 8.83 8.88 8.47 7.84 7.48 7.50 7.98 8.65 9.23 8.92 8.61 9.12 11.13 13.78 15.50 16.03 15.53 14.32 13.45 13.09 13.13 13.65 13.98 14.24 14.04 14.05 14.60 15.66 16.91 18.06 18.85 19.21 19.29 19.23 19.13 19.00 18.73 18.33 17.90 17.37
12.77 12.66 12.07 11.53 11.43 11.57 11.62 11.41 11.14 11.00 11.29 11.63 11.89 12.09 12.18 12.16 12.07 11.92 11.67 11.33 10.89 10.46 10.16 10.04 10.09 10.30 10.68 11.68 12.64 12.53 11.80 11.83 11.78 11.62 11.33 10.49 9.55 8.63 8.10 8.08 7.96 7.71 7.60 7.68 8.09 8.78 9.92 10.63 11.23 12.72 15.01 16.48 16.91 16.15 15.17 14.04 13.38 13.20 13.08 13.29 13.68 14.31 14.67 15.03 15.95 17.01 17.82 18.64 19.12 19.37 19.56 19.72 19.78 19.73 19.47 19.04 18.60 18.20
12.82 12.54 11.94 11.69 11.52 11.55 11.73 11.83 11.77 11.82 12.42 13.11 13.42 13.48 13.36 13.00 12.53 12.02 11.60 11.25 10.91 10.47 10.01 9.73 9.81 10.25 10.82 11.66 12.02 11.29 10.62 10.66 10.76 11.18 11.51 11.49 10.53 9.50 9.02 9.10 9.37 9.74 10.08 10.18 10.40 11.13 12.68 14.34 15.96 17.19 17.75 17.60 16.58 15.07 14.14 13.26 12.72 12.34 11.93 11.65 11.92 12.50 13.60 14.17 14.80 15.10 14.85 14.67 14.50 14.71 15.16 15.78 16.04 16.10 15.90 15.71 15.74 15.64
12.61 11.96 11.22 11.14 11.15 11.22 11.47 11.74 11.93 12.12 12.72 13.49 13.80 13.82 13.51 12.91 12.22 11.66 11.33 11.08 10.77 10.38 9.92 9.59 9.71 10.20 10.77 11.30 11.12 10.07 9.62 9.72 9.81 10.11 10.85 11.13 10.93 10.68 10.73 11.24 11.77 12.17 12.42 12.74 13.36 14.50 16.07 17.51 18.49 18.73 18.27 17.03 15.61 14.14 13.27 12.50 11.85 11.16 10.79 10.55 10.75 11.23 11.85 12.42 12.48 11.58 10.48 9.37 9.00 9.23 9.78 10.47 10.85 10.83 10.88 10.88 11.23 11.39
12.18 11.37 10.39 10.11 10.21 10.55 11.07 11.52 11.88 12.10 12.35 12.65 12.83 12.69 12.30 11.72 11.19 10.82 10.58 10.39 10.13 9.88 9.78 9.84 10.04 10.31 10.67 10.92 10.58 9.86 9.56 9.63 9.67 9.77 9.97 10.35 10.77 10.99 11.38 12.09 12.81 13.11 13.44 14.04 15.15 16.42 17.43 17.97 17.89 17.39 16.63 15.72 14.67 13.68 12.89 12.18 11.57 11.05 10.99 11.01 11.26 11.45 11.39 11.37 10.73 9.56 8.47 7.85 7.83 7.94 7.75 7.40 7.32 7.37 7.45 7.59 8.02 8.41
11.83 11.17 10.29 9.92 9.82 9.89 10.22 10.81 11.25 11.47 11.39 11.19 10.91 10.51 10.08 9.87 9.70 9.47 9.35 9.46 9.68 9.82 10.03 10.33 10.45 10.59 10.78 10.94 10.95 10.88 10.66 10.32 10.01 9.71 9.46 9.64 10.06 10.34 10.62 11.17 11.94 12.54 13.12 14.13 15.55 16.49 16.68 15.90 14.60 14.20 14.30 14.39 14.07 13.57 12.91 12.28 11.81 11.61 11.83 11.88 11.87 11.76 11.23 10.87 10.22 9.48 9.20 9.10 8.91 8.37 7.33 6.01 5.30 5.08 5.10 5.30 5.75 6.13
11.86 11.50 11.08 10.79 10.43 9.86 9.31 9.38 9.84 10.17 10.17 9.78 9.12 8.46 8.11 8.06 8.07 8.03 8.22 8.86 9.73 10.45 10.82 10.88 10.92 11.02 11.17 11.38 11.53 11.70 11.28 10.56 9.92 9.37 9.07 9.10 9.42 9.76 9.88 10.13 10.68 11.51 12.42 13.86 15.20 15.56 14.66 13.22 12.41 12.31 12.63 13.09 13.29 13.28 12.72 12.24 11.88 11.79 11.97 11.73 11.25 10.73 10.29 10.16 10.24 10.23 10.37 10.27 9.26 7.93 6.37 5.26 4.66 4.29 3.99 3.78 3.74 3.77
12.31 12.43 12.52 12.26 11.65 10.75 9.55 9.08 9.20 9.57 9.64 9.20 8.58 8.14 7.85 7.70 7.78 7.99 8.44 9.27 10.32 11.32 11.72 11.81 11.88 12.00 11.99 11.97 12.02 12.03 11.36 10.77 10.40 9.96 9.49 9.51 10.04 10.46 10.48 10.52 10.82 11.46 12.40 13.88 14.63 14.16 12.53 11.35 10.76 10.73 11.12 11.73 12.27 12.36 11.98 11.64 11.33 11.11 10.89 10.18 9.43 8.94 9.05 9.54 10.47 10.93 10.83 10.12 8.67 7.35 6.44 6.16 6.03 5.39 4.33 3.45 3.01 2.91
12.84 13.23 13.53 13.34 12.80 12.01 11.08 10.48 10.18 10.15 10.08 9.82 9.61 9.58 9.64 9.72 9.86 10.18 10.42 10.86 11.62 12.44 12.91 13.20 13.41 13.49 13.14 12.82 12.90 13.14 13.03 12.75 12.52 12.05 11.21 11.06 11.69 12.15 12.31 12.31 12.37 12.38 12.91 13.89 13.86 12.45 10.83 9.65 9.19 9.32 9.80 10.48 11.20 11.27 11.11 10.85 10.43 9.87 9.23 8.68 8.46 8.65 9.36 10.07 10.86 10.93 10.30 9.30 8.24 7.93 8.21 8.42 7.77 6.53 5.21 4.48 4.34 4.52
13.03 13.11 13.18 13.25 13.27 13.10 12.58 11.98 11.33 10.80 10.56 10.66 11.04 11.54 12.11 12.46 12.80 13.14 13.37 13.48 13.77 13.92 14.17 14.56 14.86 14.66 14.21 13.83 13.98 14.18 14.26 14.01 13.72 13.23 12.45 12.06 12.36 12.82 13.26 13.55 13.57 13.34 13.35 13.38 12.39 10.58 9.13 8.26 7.94 7.98 8.49 9.16 9.87 10.36 10.50 10.34 9.98 9.51 9.23 9.43 9.85 10.55 11.36 11.80 11.80 11.19 10.16 9.58 9.44 9.84 10.24 9.89 8.55 7.02 6.24 6.23 6.65 7.32
12.96 12.51 12.15 12.35 12.86 13.29 13.27 12.63 11.71 10.89 10.52 10.78 11.56 12.52 13.38 13.97 14.39 14.80 15.19 15.32 15.18 14.93 14.95 15.22 15.27 15.03 14.73 14.50 14.49 14.20 13.35 12.62 12.21 12.09 12.01 12.06 12.18 12.56 13.03 13.59 13.93 13.73 13.28 12.33 10.58 8.65 7.47 6.93 6.69 6.81 7.08 7.63 8.65 9.70 10.30 10.45 10.41 10.38 10.61 10.88 11.43 12.33 13.19 13.71 13.45 12.89 11.71 11.30 11.63 11.93 11.35 10.13 8.83 8.28 8.46 9.05 9.97 11.14
12.90 12.29 11.54 11.43 11.64 12.01 12.30 12.11 11.43 10.63 10.14 10.15 10.71 11.63 12.49 13.04 13.41 13.64 13.77 13.89 14.00 14.10 14.22 14.19 13.92 13.82 13.92 14.15 14.21 13.92 13.02 11.75 10.95 10.81 11.40 12.11 12.68 12.94 13.11 13.30 13.43 12.97 12.23 11.11 9.49 7.67 6.50 6.11 6.18 6.39 6.53 6.99 8.08 9.48 10.54 11.20 11.60 11.85 11.95 11.88 12.28 13.48 14.60 15.20 15.13 14.99 14.36 13.48 13.36 13.29 12.26 11.17 10.80 11.50 12.52 13.56 14.66 15.64
12.73 11.93 10.91 10.60 10.23 10.12 10.43 10.69 10.50 9.89 9.22 8.78 8.73 9.03 9.50 9.85 10.05 9.90 9.37 9.21 10.11 11.17 11.48 11.08 10.53 10.99 12.06 12.83 13.24 13.57 13.68 13.34 12.71 12.23 12.16 12.60 13.08 13.22 12.99 12.61 12.22 11.73 11.09 10.59 9.70 8.40 7.44 7.38 7.61 7.75 7.88 8.30 9.01 9.97 10.87 11.67 12.41 13.08 13.36 13.65 14.36 15.43 15.89 15.80 15.69 15.86 15.76 15.47 15.28 15.15 14.80 14.64 15.21 16.12 16.87 17.49 18.00 18.19
12.18 11.16 10.00 9.74 9.49 9.27 9.22 9.41 9.43 8.88 7.97 7.07 6.39 6.00 5.97 6.19 6.37 6.14 5.79 5.77 6.45 7.45 7.83 7.58 7.75 8.85 10.67 11.70 12.13 12.27 12.95 13.66 13.94 13.84 13.23 12.77 12.47 12.31 11.83 11.25 10.87 11.04 11.15 11.45 11.41 11.32 10.86 10.72 10.75 10.76 10.83 10.85 10.76 10.81 11.04 11.48 12.16 13.11 14.14 15.24 16.27 16.49 15.91 14.86 14.01 14.37 15.34 15.80 16.37 16.84 17.25 17.73 18.29 18.70 18.46 18.43 18.24 17.72
11.79 10.98 9.89 9.43 9.28 9.18 9.03 8.95 8.87 8.42 7.49 6.37 5.32 4.58 4.26 4.24 4.46 5.03 5.53 5.66 5.61 5.60 5.60 5.93 6.93 8.59 10.51 11.31 11.28 10.77 11.02 11.85 12.78 13.32 12.94 11.94 10.90 10.29 10.12 9.97 10.09 10.93 11.85 12.75 13.22 13.69 13.79 13.48 13.23 13.06 12.57 12.00 11.54 11.33 11.31 11.54 12.12 13.16 14.41 15.46 15.85 15.28 14.05 12.60 11.98 12.43 13.67 14.75 15.55 16.41 16.98 17.30 17.46 17.30 16.85 16.23 15.47 14.53
11.94 11.54 10.83 10.22 9.84 9.64 9.42 9.18 9.05 8.80 8.25 7.46 6.63 5.76 5.05 4.69 4.95 6.02 7.27 7.69 7.21 6.44 6.11 6.43 7.63 9.50 11.02 11.36 10.82 9.90 9.54 9.72 10.56 11.27 11.48 11.00 10.12 9.46 9.41 9.95 10.70 11.83 12.61 13.22 13.56 13.99 14.19 14.23 14.06 13.55 12.41 11.65 11.41 11.51 11.67 11.93 12.51 13.55 14.40 14.59 13.91 12.62 11.50 10.83 10.93 11.58 12.34 13.00 13.59 14.24 14.58 14.50 14.05 13.71 13.49 13.00 12.08 11.09
12.10 11.93 11.62 11.25 10.82 10.38 10.00 9.89 9.94 10.03 10.02 9.81 9.36 8.51 7.50 6.73 6.66 7.35 8.42 9.41 9.45 8.93 8.47 8.62 9.50 10.88 11.84 11.98 11.42 10.22 9.39 8.85 8.83 9.37 10.26 10.98 11.22 11.32 11.48 11.84 12.47 13.05 13.06 12.91 12.80 12.97 13.28 13.59 13.61 13.30 12.42 11.77 11.57 11.69 11.88 12.09 12.58 13.40 13.87 13.28 12.13 11.05 10.38 10.13 10.24 10.64 11.03 11.33 11.73 12.13 12.31 12.11 11.48 10.81 10.42 10.39 9.77 8.67
12.12 11.98 11.79 11.51 11.20 10.83 10.68 10.88 11.33 11.89 12.31 12.37 11.79 10.85 9.75 8.79 8.29 8.39 8.95 10.18 11.02 11.40 11.43 11.34 11.63 12.51 13.17 13.22 12.82 11.76 10.84 9.99 9.40 9.62 10.51 11.69 12.75 13.54 13.80 13.72 13.56 13.38 12.86 12.35 12.05 11.97 12.14 12.24 12.40 12.55 12.45 12.12 11.86 11.84 12.06 12.38 12.90 13.46 13.24 12.10 10.88 10.21 9.82 9.53 9.52 9.97 10.43 10.60 10.58 10.69 10.64 10.53 10.23 9.38 8.37 8.00 7.80 7.02
12.20 12.04 11.81 11.41 11.05 10.85 11.01 11.49 12.27 13.15 13.86 14.01 13.70 13.03 12.10 11.01 10.01 9.56 9.77 10.70 11.73 12.74 12.95 12.99 13.39 14.28 14.55 14.20 13.67 13.13 12.69 12.16 11.64 11.51 11.78 12.37 13.01 13.48 13.63 13.39 13.04 12.75 12.30 11.73 11.30 10.85 10.71 10.59 10.60 10.97 11.47 11.67 11.72 11.82 12.25 12.78 13.18 13.03 11.94 10.53 9.75 9.46 9.27 9.41 9.76 10.30 10.37 9.90 9.36 9.19 9.10 9.01 9.05 8.61 7.51 6.58 6.20 5.81
12.25 12.01 11.61 11.16 10.74 10.57 10.65 10.90 11.43 12.21 13.08 13.80 14.30 14.46 14.20 13.47 12.32 11.26 10.95 11.26 11.79 12.80 13.42 13.90 14.62 15.24 15.04 14.07 13.25 13.13 13.36 13.50 13.39 12.89 12.48 12.34 12.22 12.05 12.01 12.21 12.32 12.28 11.91 11.26 10.61 10.06 9.76 9.44 9.24 9.29 9.68 10.23 10.81 11.33 11.98 12.37 12.26 11.37 9.87 9.01 8.81 8.81 9.09 9.73 10.15 10.09 9.44 8.34 7.42 7.02 7.00 6.74 6.63 6.89 6.62 5.83 5.14 4.76
12.12 11.73 11.08 10.80 10.53 10.32 10.11 9.76 9.42 9.41 9.95 11.31 12.91 14.22 15.02 15.08 14.41 13.29 12.33 12.03 12.13 12.83 13.54 14.49 15.05 15.11 14.32 13.19 12.12 11.89 12.26 12.81 13.08 12.74 12.30 11.96 11.64 11.56 11.87 12.30 12.38 12.18 11.75 11.29 10.86 10.44 10.00 9.25 8.39 7.90 8.02 8.79 9.89 10.69 11.21 11.11 10.26 8.94 8.00 7.76 7.68 7.62 8.17 8.86 8.90 8.53 7.92 6.99 5.97 5.10 4.72 4.62 4.67 4.90 5.13 5.03 4.78 4.66
