project/data/elevation/US_DEM2016/US_DEM2016_point_10-30-2019_0528_30m_ang.asc
ncols	125
nrows	167
xllcorner	-2042055.000000
yllcorner	1465035.000000
cellsize	30.000000
NODATA_value	-9999.000000
[rows 0 to 57 of 167, columns 0 to 95 of 125]
15 15 10 2 358 356 356 358 0 3 5 4 1 2 5 6 6 5 4 3 3 2 2 4 5 6 7 9 9 10 11 11 12 14 14 11 5 2 2 3 3 4 4 5 7 9 8 5 4 3 3 3 4 4 4 5 7 8 7 7 6 4 2 1 2 4 7 9 9 8 6 5 4 4 4 5 4 1 360 3 5 4 4 6 5 4 5 6 6 5 5 5 6 6 4 3
15 15 10 2 358 356 356 358 0 3 5 4 1 2 5 6 6 5 4 3 3 2 2 4 5 6 7 9 9 10 11 11 12 14 14 11 5 2 2 3 3 4 4 5 7 9 8 5 4 3 3 3 4 4 4 5 7 8 7 7 6 4 2 1 2 4 7 9 9 8 6 5 4 4 4 5 4 1 360 3 5 4 4 6 5 4 5 6 6 5 5 5 6 6 4 3
23 20 11 359 352 349 350 353 357 2 5 5 1 2 5 8 8 7 5 4 2 1 2 4 6 9 12 13 14 14 15 15 15 16 15 10 3 359 358 0 2 3 4 5 7 8 7 4 3 2 2 2 4 4 4 6 8 9 10 9 8 4 0 358 360 3 8 10 10 9 7 5 4 4 4 4 3 359 357 2 5 4 4 5 6 5 6 7 7 5 4 5 6 5 3 1
33 27 11 357 345 337 336 341 349 359 5 5 2 2 7 11 11 10 8 5 2 0 1 5 10 15 20 22 21 20 19 19 18 16 14 9 3 357 353 354 357 360 2 3 4 5 6 4 2 1 1 2 4 5 5 7 10 12 13 13 11 6 0 357 358 2 7 10 11 10 8 7 7 6 5 3 1 356 353 358 4 2 0 4 7 8 9 10 8 5 4 4 5 3 359 357
35 28 12 359 348 336 329 330 338 350 1 5 3 3 9 13 12 10 8 5 1 1 3 8 14 21 25 25 22 20 19 18 16 14 13 10 6 1 355 350 350 354 358 360 1 2 3 4 3 1 2 3 5 6 7 8 10 11 12 13 12 10 6 3 1 2 5 8 10 11 12 12 12 10 7 3 360 355 353 355 358 356 354 360 8 12 13 11 8 5 3 3 2 358 355 356
34 27 12 1 352 343 333 327 328 338 351 1 2 2 8 12 12 7 3 2 1 3 7 13 19 25 27 24 20 18 17 15 14 13 13 12 9 6 360 352 346 346 350 354 358 360 1 2 2 2 4 5 7 9 11 11 10 8 7 9 12 13 12 10 8 6 5 6 8 12 14 16 16 13 9 4 360 356 353 352 352 349 347 354 8 15 15 11 7 4 3 1 357 354 354 0
31 25 12 3 356 350 342 333 325 325 336 351 357 358 3 10 12 7 1 359 1 6 12 18 22 25 25 22 17 15 14 13 13 14 14 12 10 8 5 358 349 343 342 347 353 358 360 0 1 3 4 6 9 12 13 11 8 7 6 8 11 15 17 16 14 11 8 6 7 10 13 16 16 13 9 5 1 356 352 349 348 345 343 349 5 15 15 10 5 2 1 358 354 354 360 12
26 21 10 5 1 357 351 343 332 323 324 336 346 350 356 6 12 11 5 1 2 8 15 20 23 24 23 20 15 12 11 12 12 12 11 10 9 9 8 5 359 350 343 341 346 355 359 360 360 0 2 5 9 12 13 11 10 9 11 13 15 17 19 18 16 14 11 7 6 8 11 13 13 12 9 6 2 357 350 348 346 343 343 347 358 9 11 7 3 0 358 355 355 1 14 27
18 15 10 7 5 3 359 352 343 333 328 329 333 339 348 0 11 14 11 6 4 9 17 22 24 22 19 17 13 10 9 9 9 7 5 6 7 9 10 9 7 2 355 347 346 351 357 358 357 357 360 4 8 11 14 15 15 16 19 20 20 19 17 16 16 15 12 7 5 7 10 12 12 10 7 5 2 358 353 350 347 344 344 340 352 1 5 2 360 358 356 357 2 15 27 33
10 10 10 10 10 8 4 358 350 345 340 336 332 332 339 354 9 15 14 9 6 10 17 22 23 19 15 13 12 9 6 4 3 2 1 3 6 9 10 11 10 9 6 360 352 351 354 356 356 357 0 5 9 12 16 20 23 26 27 25 23 20 17 13 12 13 11 7 6 7 8 9 8 5 3 1 360 358 357 355 353 351 349 349 351 356 359 357 356 357 358 3 13 23 25 25
0 5 11 13 12 10 6 360 355 352 350 346 341 336 337 348 4 11 11 9 9 11 16 19 18 15 12 10 8 5 2 360 359 359 360 3 6 8 9 10 11 11 11 8 1 354 352 354 356 358 4 10 13 15 18 24 29 31 29 26 23 19 15 9 6 8 9 10 9 7 5 4 3 1 359 359 358 359 0 0 359 357 355 354 354 356 355 353 354 358 4 10 15 17 17 17
351 360 10 13 12 9 5 1 360 359 358 355 352 348 344 347 356 2 5 7 10 14 16 16 14 12 9 5 2 0 359 357 358 0 4 5 5 5 7 8 10 11 13 12 9 1 355 354 356 1 8 14 17 19 21 25 28 28 26 23 20 16 11 5 0 2 8 11 12 8 3 0 359 358 357 357 359 1 5 5 3 359 357 357 357 356 353 350 353 0 6 8 10 10 11 11
354 356 3 8 9 7 5 3 4 4 4 2 0 358 355 352 353 356 359 5 12 17 18 15 11 8 5 1 358 357 358 358 2 7 10 7 3 3 5 7 7 9 11 13 13 8 1 358 359 5 11 17 22 25 26 24 22 20 20 18 16 11 7 3 359 359 5 11 12 8 3 359 357 357 358 360 3 8 13 13 7 359 354 354 355 354 351 348 351 357 0 3 5 6 6 6
3 359 356 358 3 5 6 6 7 8 8 7 6 5 3 358 356 356 357 4 14 20 19 14 9 6 3 1 360 360 2 6 13 17 14 7 4 5 6 5 5 5 8 12 14 12 7 3 5 10 15 22 28 29 26 20 15 13 13 12 11 8 5 2 359 358 2 7 10 9 4 359 358 360 4 8 13 17 18 16 9 359 350 348 348 347 346 347 349 352 355 358 1 2 1 1
4 2 359 356 357 3 7 10 10 10 9 8 8 8 7 5 2 1 0 6 16 21 19 14 11 8 6 7 8 9 12 16 19 19 14 9 7 7 6 5 4 3 5 9 12 11 9 7 10 15 19 24 26 23 17 13 10 8 7 6 6 5 4 1 359 358 359 4 8 8 5 1 2 7 14 18 17 16 13 10 6 359 353 348 344 343 344 346 346 349 352 354 356 358 358 357
1 3 5 3 1 4 11 14 11 7 4 3 4 4 6 8 8 7 7 11 17 18 17 17 16 15 13 13 14 15 13 11 12 13 13 11 8 5 3 4 4 2 2 3 4 6 8 11 15 20 23 22 19 14 11 9 8 5 2 0 0 2 2 1 359 357 358 2 6 8 7 6 10 16 19 17 13 11 9 6 3 359 355 349 345 344 345 346 345 345 349 350 352 354 357 359
3 5 9 12 13 14 16 14 7 0 355 353 353 353 357 5 10 12 12 14 15 15 17 19 20 18 15 12 12 13 11 7 6 8 9 9 8 4 2 2 2 1 359 358 358 1 7 14 20 23 23 19 14 10 7 7 6 3 359 355 355 357 0 2 1 359 359 0 4 7 10 13 16 17 14 11 10 9 7 3 1 358 355 351 348 348 348 348 346 343 345 348 350 355 1 6
9 10 12 17 20 18 12 5 359 355 353 352 351 350 352 360 9 13 15 14 14 16 19 21 20 17 13 10 9 10 11 8 4 2 4 6 7 5 2 0 360 358 357 355 355 360 8 18 23 24 22 17 11 7 5 5 4 0 355 352 352 354 358 2 4 3 0 359 1 7 13 16 16 12 8 7 7 8 6 4 2 359 355 353 352 353 352 350 346 342 343 346 350 357 5 6
12 13 15 18 18 13 5 359 356 354 354 355 355 356 356 360 6 12 14 14 15 18 20 20 18 14 11 8 6 7 9 8 4 0 360 2 4 5 2 359 357 356 356 356 358 3 13 21 24 24 21 15 9 5 4 5 2 357 353 351 351 353 357 2 5 6 3 358 357 3 11 13 12 8 5 5 6 6 6 6 5 2 359 357 357 357 355 350 345 342 342 346 351 357 1 1
14 18 21 18 12 5 360 356 355 356 357 358 0 2 3 3 6 10 13 14 16 19 19 18 16 13 10 7 4 3 4 4 3 0 359 359 2 3 1 359 357 357 358 1 6 13 18 21 21 19 16 11 7 5 5 4 359 354 352 352 353 354 356 0 5 7 5 1 356 357 4 7 7 6 5 5 5 5 6 7 9 9 6 3 2 360 356 351 345 343 344 347 350 352 355 357
25 27 24 13 3 358 356 356 357 359 0 2 5 7 8 8 9 11 12 13 15 17 16 16 14 12 9 6 3 360 359 359 359 359 359 359 1 2 1 360 360 1 5 12 17 20 18 15 12 11 9 7 6 7 7 3 358 355 354 355 357 357 357 358 1 4 5 4 357 351 353 359 2 3 4 5 4 4 6 9 13 15 14 9 4 360 357 354 351 349 349 348 348 348 350 355
30 26 15 4 357 355 355 357 360 2 4 5 7 9 11 12 12 12 11 11 12 12 12 12 11 10 7 4 2 358 355 355 356 358 359 1 2 2 2 3 6 11 18 23 22 18 12 7 4 3 3 4 7 9 9 5 360 358 359 1 3 4 2 358 356 358 0 360 353 343 340 346 352 357 1 4 4 4 6 10 15 19 19 15 7 1 359 358 358 356 353 350 348 348 350 356
21 14 5 360 357 356 358 0 3 5 6 7 8 10 13 15 15 12 9 8 6 6 7 8 8 7 5 3 0 357 354 354 356 359 2 4 3 4 7 12 18 23 27 24 18 11 5 1 358 357 359 2 7 10 10 8 6 5 7 10 13 15 14 6 355 352 348 343 337 329 324 328 337 346 352 359 2 2 4 7 14 20 21 19 13 6 3 2 2 360 355 350 349 351 353 357
5 4 2 1 360 1 2 4 5 6 7 7 8 10 13 16 15 10 7 5 2 2 3 4 5 4 3 1 359 358 356 357 0 5 8 7 7 11 18 24 28 28 24 17 11 5 0 356 354 354 357 1 6 9 11 12 12 13 15 18 22 23 21 13 3 355 349 342 337 330 321 315 317 328 338 346 351 355 358 1 8 16 22 23 20 14 7 2 0 359 355 350 350 351 353 354
350 354 359 3 5 6 7 7 7 7 7 8 9 10 12 14 12 8 6 5 2 1 1 0 1 1 0 360 360 0 2 5 10 15 15 14 17 24 29 29 26 21 15 9 5 1 358 355 353 354 357 1 4 8 11 15 17 19 21 24 25 23 17 10 3 357 351 348 345 341 332 320 313 313 321 328 333 341 349 353 360 10 21 26 24 19 10 4 0 358 355 352 350 350 350 352
338 343 356 3 9 12 11 9 8 7 7 8 9 9 10 10 8 7 7 7 5 2 360 358 356 357 358 360 3 7 12 18 24 26 24 24 27 29 28 22 17 13 8 4 360 357 356 356 356 356 358 0 3 6 10 14 18 21 23 25 24 19 13 7 2 358 355 354 353 349 343 337 329 323 320 318 317 321 331 339 348 0 14 22 24 21 15 7 3 360 357 353 350 349 350 351
331 337 350 1 10 14 14 11 9 8 7 7 7 6 6 4 5 5 6 6 4 1 358 356 355 356 359 4 10 17 25 31 31 29 26 24 22 21 19 14 9 6 3 359 356 354 356 358 1 1 0 359 0 3 7 12 17 21 23 22 18 13 8 5 2 0 359 359 358 355 352 350 346 339 333 327 320 317 319 324 333 347 1 14 21 23 20 12 5 1 358 354 351 350 351 352
329 334 345 356 7 14 16 13 10 8 7 6 6 5 4 3 2 2 3 3 0 358 356 356 357 360 5 12 20 28 34 33 28 23 21 18 15 14 13 10 6 1 358 355 352 352 355 1 6 8 5 0 356 357 2 10 16 19 19 16 11 7 5 5 5 4 3 2 1 0 1 360 355 349 345 341 335 329 326 325 327 334 347 2 15 22 22 17 9 2 359 354 351 351 352 353
332 334 341 350 0 11 16 16 13 10 8 7 6 6 5 4 1 360 359 358 357 356 357 359 3 8 15 23 30 33 31 25 20 17 15 14 12 10 10 9 4 359 354 351 350 351 355 2 9 12 10 3 355 352 357 7 13 14 13 9 5 2 3 5 8 9 8 5 4 5 7 5 1 356 353 351 345 340 338 336 333 331 335 348 3 16 21 20 14 6 360 355 351 351 353 355
339 338 341 345 353 4 13 16 15 13 11 9 7 6 7 4 2 358 356 355 356 359 3 8 14 20 27 32 32 27 20 16 14 13 11 11 10 8 7 7 3 358 353 349 349 351 355 2 9 13 12 7 358 352 354 2 8 9 8 4 0 359 1 6 10 12 11 10 9 9 8 7 5 2 359 356 351 349 348 348 345 338 333 336 348 4 15 19 17 11 4 357 352 351 353 357
342 344 346 347 349 357 8 15 17 16 13 10 7 6 7 3 2 358 355 355 0 9 17 25 32 39 42 37 25 15 10 9 9 9 9 8 8 7 6 5 2 357 353 351 350 351 354 358 4 9 12 10 4 356 354 357 2 5 4 1 358 357 359 4 9 12 13 13 12 10 9 8 9 8 5 0 357 356 357 357 355 349 340 334 335 346 2 13 17 15 9 1 355 353 355 359
339 343 350 352 350 352 1 11 17 18 16 12 9 7 7 6 2 359 359 3 13 25 35 43 46 47 43 32 15 5 3 4 5 6 6 6 7 7 6 4 0 356 354 354 355 355 353 353 357 3 9 11 8 1 356 356 359 3 3 360 358 356 357 360 4 8 11 13 12 10 9 10 12 12 10 6 5 5 6 6 2 357 352 343 334 332 342 358 10 14 11 7 0 356 356 358
336 340 349 351 350 350 355 6 14 18 18 16 13 10 8 6 2 2 6 16 25 38 42 41 39 35 29 21 9 359 358 360 1 2 4 6 7 6 5 2 359 356 355 356 358 359 356 352 351 357 4 9 10 5 360 358 0 3 3 1 359 356 354 354 357 2 7 10 11 11 10 11 13 14 14 13 14 14 12 9 7 5 2 354 344 336 334 339 353 4 9 8 5 359 356 356
346 345 344 344 345 345 348 359 9 16 20 20 17 14 11 8 5 7 14 25 29 29 30 30 26 23 21 17 10 2 358 358 358 359 2 4 5 4 3 1 359 357 356 357 360 1 357 350 345 349 357 6 10 9 4 2 2 4 4 4 3 356 350 347 348 355 2 7 10 11 10 10 13 15 17 20 22 21 16 12 11 12 8 360 352 347 343 340 341 348 357 3 4 360 354 353
3 356 347 344 343 343 344 349 0 12 19 21 21 17 13 11 10 12 20 23 21 22 23 22 20 18 17 15 12 6 2 1 1 360 359 360 1 1 0 360 0 1 2 2 1 357 352 345 338 339 348 1 10 11 7 4 3 5 6 7 6 359 350 344 342 347 357 4 8 10 9 7 11 15 18 22 23 23 20 16 15 14 9 1 356 354 353 352 349 346 348 353 357 356 352 351
7 0 352 351 351 350 348 347 352 4 14 21 22 20 17 14 13 13 13 16 15 16 16 16 16 16 16 15 14 10 5 3 3 3 1 358 357 358 358 359 2 6 9 8 2 354 348 344 340 338 342 355 8 12 8 4 4 5 7 9 7 2 354 347 342 343 351 359 3 8 8 5 7 12 15 17 21 23 22 19 16 13 8 3 360 359 359 359 357 353 350 349 351 352 351 349
2 359 356 356 358 358 357 353 353 359 8 17 22 23 21 17 14 10 13 9 9 9 10 11 12 13 14 16 16 14 9 4 3 3 2 0 357 356 356 358 4 9 12 8 360 353 350 349 347 344 343 349 3 10 8 5 4 5 7 8 8 5 360 354 348 343 344 350 356 3 7 4 5 10 10 11 15 21 21 19 15 12 9 6 5 6 7 5 0 355 351 349 350 351 351 350
357 357 358 0 2 4 3 1 360 1 5 12 19 23 23 20 14 7 3 3 3 4 6 7 9 11 13 16 18 17 14 8 2 0 0 0 358 356 354 356 1 7 10 7 0 355 353 353 354 352 347 347 358 7 8 5 4 5 5 6 8 8 6 2 357 350 345 344 348 357 3 3 3 7 6 4 8 15 17 16 13 13 13 13 13 14 12 7 0 355 351 349 349 351 353 353
352 355 0 4 6 7 7 7 7 6 3 7 13 20 20 21 14 12 360 358 360 1 3 5 8 10 12 15 17 19 17 12 5 360 358 357 357 355 354 353 356 3 7 8 5 0 358 358 358 355 350 346 352 4 7 5 4 4 5 6 9 10 10 8 5 359 351 343 341 349 359 0 359 2 2 359 2 8 12 12 11 14 18 21 22 18 11 4 359 357 355 353 351 352 356 357
350 354 3 7 8 9 10 11 10 7 4 4 8 11 15 18 18 7 5 358 359 1 3 4 6 8 10 12 15 18 18 14 8 2 357 355 355 355 355 353 352 357 4 9 10 8 5 3 1 357 351 346 349 360 5 4 3 3 5 9 14 15 13 12 10 5 358 346 337 339 352 356 354 357 358 355 355 1 6 9 9 15 22 25 24 17 7 1 360 360 360 359 358 358 0 1
352 357 5 8 9 9 9 10 8 5 3 4 8 14 12 24 16 9 6 3 2 3 2 2 2 4 6 9 12 16 17 15 9 2 356 353 353 355 356 356 354 354 1 9 14 13 10 7 5 1 355 350 349 357 2 2 1 3 8 16 21 23 19 16 12 7 0 351 339 333 340 346 346 349 355 354 352 355 1 5 6 11 20 23 21 14 6 1 1 3 3 4 6 6 6 5
357 0 5 8 8 7 7 7 6 3 2 4 9 14 15 12 11 11 10 7 4 2 1 360 360 1 3 6 9 12 14 12 7 0 355 352 352 353 356 359 360 357 360 9 16 17 13 9 7 5 2 358 354 357 1 1 1 4 12 21 27 28 24 16 9 3 358 354 347 339 334 334 335 340 349 352 350 349 355 2 4 6 12 17 16 13 9 5 4 5 7 9 10 12 12 10
1 2 5 7 7 7 7 5 3 2 3 6 11 14 13 11 11 11 10 7 3 0 359 359 360 1 3 4 6 8 9 7 3 359 357 355 352 351 356 2 5 3 1 8 17 19 16 10 7 7 7 6 2 360 1 2 3 6 13 22 27 28 22 13 6 2 360 356 352 347 341 333 325 326 337 344 342 340 347 358 2 3 4 8 11 13 13 9 7 8 10 11 13 15 16 15
2 3 5 6 6 6 5 3 2 2 4 8 12 22 11 10 10 9 8 4 0 359 359 359 360 1 3 3 3 4 4 2 359 358 359 359 357 353 354 2 8 9 6 9 18 22 19 13 8 8 10 9 7 2 360 1 3 6 11 17 23 24 19 12 8 6 3 358 355 354 351 342 326 315 318 326 326 325 333 349 357 358 358 1 7 13 15 13 10 9 11 14 16 17 19 18
2 3 4 4 4 4 4 3 2 3 6 11 14 21 11 9 8 7 6 2 358 357 358 359 0 1 2 2 2 1 359 358 357 357 360 3 3 0 357 360 9 13 13 13 20 23 23 18 12 9 7 6 5 0 356 357 0 4 8 14 20 21 19 15 12 8 3 1 1 2 359 351 339 326 320 319 316 314 318 333 344 349 352 357 4 12 17 17 13 10 12 17 20 22 22 19
0 1 2 3 2 2 3 4 5 7 10 14 14 12 9 8 6 6 4 1 358 357 358 0 1 2 2 2 360 357 355 356 358 358 358 2 7 8 5 2 8 17 19 18 22 26 26 20 13 8 6 3 360 353 348 351 357 2 7 12 19 22 22 18 13 8 6 7 10 8 1 354 348 342 336 329 323 318 310 322 330 337 346 353 359 8 18 20 17 11 10 15 21 25 23 20
356 358 1 2 2 2 3 5 8 11 14 16 14 9 7 6 6 5 4 3 0 359 359 0 1 1 1 360 357 353 352 356 360 359 357 360 8 13 13 10 12 19 22 20 21 25 23 18 12 10 9 5 355 346 342 345 354 1 6 11 18 22 22 19 14 12 13 14 11 5 359 355 352 349 345 340 334 330 326 324 317 331 339 348 355 4 15 20 19 13 10 12 19 23 22 20
352 354 358 1 3 4 5 6 10 14 17 17 19 8 4 5 5 5 6 5 3 1 0 360 360 0 360 357 353 351 352 357 2 2 357 358 6 14 18 18 17 19 19 16 17 21 21 19 16 15 11 2 350 343 341 344 352 360 5 10 17 21 22 21 18 17 14 10 4 0 358 356 355 353 350 347 343 339 335 333 331 331 333 341 351 0 10 17 19 15 13 15 19 20 20 18
352 352 355 360 3 6 7 8 11 15 19 18 12 8 4 4 5 6 8 7 6 4 2 0 360 359 358 354 351 349 353 359 4 5 1 358 3 12 20 24 23 20 17 15 16 20 22 23 20 14 5 354 347 344 345 347 351 358 3 8 15 20 22 21 17 12 7 2 360 359 358 358 357 356 355 353 350 348 345 342 339 334 331 334 345 356 5 14 18 19 19 21 21 18 16 14
353 353 354 358 3 7 9 9 11 15 18 16 11 8 4 3 4 6 8 9 9 6 3 1 0 359 357 352 348 348 352 358 4 8 7 1 1 10 23 30 29 24 20 17 17 20 23 24 17 6 356 349 348 349 351 352 353 357 1 5 10 16 19 17 12 7 3 0 360 360 360 360 360 359 359 358 357 356 355 353 348 340 332 331 338 351 1 11 19 23 24 24 20 14 11 8
351 353 356 358 1 6 10 10 10 12 13 12 9 6 4 3 3 6 9 11 11 9 6 3 1 359 356 350 346 346 349 354 2 10 12 7 5 12 26 33 32 26 21 18 15 16 18 16 9 359 352 350 351 354 357 356 355 356 359 2 6 12 16 14 9 4 2 1 1 1 2 2 2 1 2 2 3 3 3 3 359 352 342 335 334 344 357 9 19 26 27 25 19 12 8 6
349 353 358 359 0 4 9 11 11 10 8 7 7 6 5 4 4 7 10 13 13 11 9 5 2 359 355 350 347 345 346 349 357 8 13 12 11 16 24 27 24 20 16 13 11 9 8 6 2 358 355 355 357 359 1 360 357 357 359 1 4 9 13 14 10 5 3 3 2 1 2 3 3 3 4 7 9 9 9 8 7 3 357 348 341 343 352 7 21 28 28 25 19 15 13 12
349 352 358 360 1 3 7 11 12 7 3 2 5 7 8 7 7 8 11 14 15 14 12 8 2 357 354 352 350 346 343 343 350 2 11 15 16 16 18 18 17 14 12 9 6 2 359 359 359 0 1 2 3 3 4 3 360 360 2 4 5 8 12 15 14 10 6 3 359 356 356 359 2 4 6 10 13 14 12 11 10 8 5 358 355 333 352 4 21 26 25 23 20 19 17 14
353 354 357 359 359 0 3 9 12 7 10 2 5 9 12 12 12 11 13 16 17 16 13 9 3 357 354 354 354 350 344 341 344 354 8 17 18 15 13 13 12 10 8 6 1 356 355 355 359 4 8 9 8 7 7 6 3 3 4 4 4 7 12 17 19 16 9 2 357 352 349 350 355 360 4 9 14 16 15 11 10 10 8 5 3 343 357 4 16 20 19 19 19 16 12 9
358 358 358 358 358 357 359 7 11 8 360 4 6 14 18 18 16 15 16 17 17 16 13 9 4 359 355 356 357 354 349 345 344 349 3 16 18 14 11 10 10 9 6 1 356 353 352 356 1 8 13 15 13 10 10 9 6 4 3 2 3 6 13 19 22 19 11 4 360 357 355 351 348 350 358 4 12 18 18 14 11 8 3 359 360 1 2 5 9 11 12 13 12 9 7 5
2 1 359 359 359 358 357 3 9 8 2 9 11 21 24 26 21 19 17 15 14 13 11 8 5 0 357 356 357 356 353 351 347 348 359 13 17 14 11 10 9 7 3 357 352 350 352 357 2 8 14 17 16 14 13 12 7 3 2 2 5 9 15 22 23 19 11 6 5 5 5 2 355 350 354 358 8 19 21 17 340 358 351 349 329 357 2 3 3 5 7 7 6 5 3 360
2 1 360 1 2 2 0 1 6 7 4 18 23 23 25 23 22 19 15 11 10 9 9 7 5 2 359 358 357 357 356 354 352 351 358 7 11 11 11 10 8 5 360 353 350 349 353 358 2 7 14 19 19 18 17 14 8 4 4 6 10 14 18 22 21 17 13 11 11 12 9 6 3 3 4 357 353 352 13 7 358 349 346 348 338 355 359 0 360 1 3 3 3 2 359 355
358 358 0 3 5 6 5 3 4 5 16 7 14 19 19 19 17 15 11 8 6 6 6 6 4 3 1 360 358 357 357 357 356 356 359 2 5 8 9 8 7 4 358 352 350 351 355 359 1 4 12 19 22 21 20 15 11 9 10 12 14 15 16 18 18 17 17 16 15 11 7 5 7 11 12 9 6 4 360 354 348 346 347 345 355 358 359 359 358 359 0 0 360 357 354 353
