project/data/elevation/US_DEM2016/US_DEM2016_point_10-31-2019_1258_30m_ang.asc
ncols	125
nrows	167
xllcorner	-2042055.000000
yllcorner	1465035.000000
cellsize	30.000000
NODATA_value	-9999.000000
[rows 42 to 83 of 167, columns 0 to 95 of 125]
327 330 337 341 343 345 346 347 346 346 346 349 356 3 5 2 359 356 354 352 349 347 345 345 345 345 345 346 348 350 351 346 345 343 341 339 338 338 341 343 345 346 347 349 351 351 350 349 350 351 352 351 349 350 352 352 349 347 347 347 344 341 339 335 333 333 332 329 326 324 323 322 321 320 323 328 333 333 333 337 346 351 352 352 353 352 350 349 350 352 354 357 359 2 5 4
329 332 338 342 344 345 346 346 345 345 347 352 1 6 4 0 358 356 354 351 349 348 347 346 346 346 347 347 347 347 346 341 341 341 343 342 339 337 339 343 347 349 350 351 351 349 347 346 346 348 350 352 352 352 353 352 351 351 351 351 349 346 342 340 339 338 335 332 331 330 327 322 315 310 309 315 320 322 325 332 343 348 347 347 348 349 349 350 351 353 357 360 2 5 7 7
330 333 338 341 343 345 346 347 346 347 350 357 5 7 3 359 356 354 352 349 347 347 347 347 347 347 346 346 346 345 342 336 337 339 343 345 343 340 339 342 347 351 354 354 351 347 345 344 343 342 342 344 348 350 351 350 351 352 352 352 351 348 344 343 343 341 338 337 336 335 330 322 315 309 306 306 309 311 315 323 334 341 342 343 345 347 349 350 350 352 356 1 6 10 10 10
331 334 339 342 343 345 347 348 349 351 354 2 8 7 1 357 355 352 350 347 346 345 346 347 347 346 346 345 344 341 338 331 335 336 341 344 346 346 343 343 347 354 358 357 352 346 343 342 343 342 342 341 341 342 344 346 348 351 352 353 352 349 346 346 345 342 341 341 341 338 331 325 321 318 314 311 310 310 312 316 325 333 338 340 342 345 349 351 351 350 352 358 7 12 13 12
330 333 339 342 343 344 347 349 352 355 359 7 9 4 358 356 354 351 349 347 346 345 345 346 347 346 345 344 341 337 335 334 334 335 338 342 346 349 349 347 350 357 2 359 353 347 342 342 344 345 344 341 336 334 336 341 347 350 352 353 353 350 348 347 346 345 345 346 344 339 334 331 328 326 324 320 317 316 315 316 321 328 334 338 340 343 349 353 354 353 353 358 6 12 14 14
327 331 338 341 343 345 347 349 353 357 4 9 7 359 355 354 353 351 349 348 347 346 346 346 346 345 344 341 337 334 333 333 334 334 336 340 345 350 352 354 356 360 1 357 353 348 343 342 345 346 344 337 331 331 335 341 347 351 353 353 354 351 349 347 347 348 348 345 342 340 338 337 335 333 331 328 325 323 322 322 324 328 331 335 338 342 347 352 355 356 358 3 9 12 14 13
325 328 335 340 343 345 347 349 352 359 7 10 4 355 352 352 352 351 350 349 348 347 346 346 345 343 341 337 333 331 333 336 335 335 336 339 343 349 354 359 2 2 358 354 351 347 344 344 347 346 340 333 331 334 339 344 348 351 353 354 354 353 350 348 348 348 347 345 344 344 343 343 342 341 339 336 334 333 331 330 329 328 328 331 335 340 345 350 354 358 4 9 11 12 11 7
326 328 333 338 343 346 348 349 352 360 9 10 1 353 350 350 350 351 351 350 349 347 347 346 344 342 338 333 329 329 333 337 338 339 339 339 342 348 356 4 8 4 356 351 348 346 344 345 346 342 336 333 335 339 345 349 351 352 352 353 353 354 352 349 347 347 347 347 347 348 348 348 348 347 346 345 343 342 341 339 336 331 328 328 331 337 343 347 352 0 9 12 11 8 4 359
325 328 334 338 342 347 350 351 353 1 8 7 359 352 350 350 350 351 351 351 350 348 347 346 344 342 336 329 325 326 332 336 338 342 344 344 345 351 2 10 11 4 356 351 347 345 344 345 344 339 336 335 339 345 351 353 353 352 351 350 350 352 352 349 346 345 347 348 349 350 350 350 350 350 350 350 350 349 350 350 347 340 333 328 329 334 340 345 352 3 12 12 8 4 359 355
323 327 335 339 342 347 351 352 354 1 5 2 356 352 351 351 352 352 353 353 352 350 348 346 344 341 335 327 323 324 330 333 336 342 346 349 352 359 7 10 7 1 356 352 348 345 344 344 343 341 340 340 344 350 355 356 355 352 350 348 347 348 349 346 343 342 344 346 347 348 349 349 350 350 351 352 353 353 354 355 354 350 344 337 333 334 338 344 353 6 12 10 7 5 360 354
322 325 333 339 342 347 350 352 355 359 0 357 354 353 353 354 354 354 354 354 354 352 350 346 342 339 333 326 322 322 326 329 333 339 345 351 358 4 6 4 1 357 354 352 348 344 341 342 344 345 345 346 349 353 357 358 358 355 352 349 346 345 345 342 340 338 339 339 337 337 339 342 344 346 348 350 352 353 354 355 355 354 351 348 343 338 338 345 356 6 9 9 9 8 3 358
323 325 331 336 340 345 349 352 355 358 357 353 352 353 355 356 356 355 355 355 355 354 351 346 341 337 332 326 322 322 325 327 331 336 343 352 2 4 2 359 357 354 352 349 345 340 338 340 344 349 351 352 354 356 359 1 1 358 354 350 347 345 343 340 337 336 336 332 330 329 329 331 334 337 341 344 347 348 349 349 349 350 350 349 347 344 343 347 356 3 5 8 9 6 1 357
326 327 331 334 337 341 345 350 355 357 355 352 351 354 357 358 357 356 356 356 355 353 350 345 341 336 332 328 325 325 327 329 331 335 341 353 2 2 358 355 353 351 349 344 339 336 336 339 345 351 354 356 357 359 2 3 3 360 354 350 347 345 344 342 341 336 335 334 332 331 330 326 324 325 329 334 338 341 343 342 338 337 337 338 341 344 347 350 355 359 2 5 4 360 357 353
330 330 333 335 338 340 342 346 352 357 356 353 354 358 0 360 359 357 355 354 354 352 349 345 341 337 333 329 327 328 330 332 332 334 341 354 2 0 356 353 350 348 344 338 333 332 334 339 346 351 355 358 0 2 5 6 4 358 353 349 347 346 345 344 340 337 336 337 336 335 332 327 321 318 320 324 325 328 332 332 328 325 325 329 335 342 348 352 354 356 358 360 358 356 353 349
332 333 336 339 342 344 344 344 349 354 356 357 360 3 4 2 360 357 353 351 351 350 349 346 342 339 335 332 329 329 332 335 335 336 343 354 1 359 356 353 349 345 339 333 329 329 333 340 346 351 354 358 2 5 8 8 4 357 352 349 349 348 346 344 339 337 343 340 340 338 334 331 329 328 326 323 318 318 322 325 324 324 327 331 337 343 348 351 353 354 355 356 354 352 348 343
331 333 339 344 347 349 348 347 349 354 358 1 4 5 4 2 360 356 353 350 349 349 348 347 344 341 339 334 331 332 336 339 340 342 348 355 358 358 356 353 350 344 336 330 327 329 334 339 344 349 352 357 3 8 10 9 5 359 354 353 352 351 348 344 338 337 339 342 342 340 337 336 336 338 338 332 326 325 326 326 326 328 331 336 342 346 349 351 352 353 353 353 351 347 342 340
327 331 339 346 351 353 352 350 351 355 359 2 3 3 2 0 358 355 353 351 349 348 347 346 345 344 342 337 333 334 339 343 345 348 353 355 355 355 354 353 350 344 335 329 326 329 334 338 341 344 348 355 4 10 11 10 7 2 358 355 354 352 349 345 340 340 341 344 342 340 339 341 345 347 344 336 332 330 330 329 329 331 336 342 346 349 350 351 351 351 351 351 347 342 339 340
323 328 338 346 352 355 355 354 356 358 360 360 359 358 357 356 354 352 351 350 349 348 345 344 344 345 344 339 335 337 341 343 346 351 354 355 354 352 351 351 348 344 336 329 325 328 332 335 336 337 342 351 2 9 11 10 8 3 359 355 352 350 348 346 344 344 345 345 342 341 343 347 352 350 343 338 335 334 333 332 333 336 340 345 349 350 351 351 350 349 349 348 343 339 339 346
322 326 337 345 350 354 357 359 1 2 0 357 354 352 351 350 349 348 347 347 347 345 342 341 342 344 342 337 336 339 343 344 345 348 352 354 353 351 349 348 346 343 337 330 327 328 330 330 330 332 336 345 355 4 7 7 6 2 358 354 350 347 345 345 348 350 350 346 343 344 348 352 353 348 344 341 339 338 337 337 338 341 344 347 350 351 351 350 349 347 346 344 340 339 345 354
320 325 337 344 348 353 357 1 5 5 2 355 349 346 344 344 344 343 341 340 339 338 336 337 339 340 336 333 334 341 347 349 348 348 349 351 352 350 349 347 346 344 338 332 329 332 332 331 331 333 337 342 350 358 3 3 2 359 357 353 348 344 342 343 348 353 353 349 346 348 351 353 351 348 346 344 343 343 343 343 344 346 348 349 351 351 351 349 347 345 344 342 339 341 350 354
320 324 335 343 348 352 357 3 9 10 6 357 347 340 336 336 337 339 336 331 327 325 327 330 334 334 329 327 330 339 347 351 352 351 351 351 350 349 349 348 347 346 341 335 334 338 339 338 337 338 341 345 350 357 360 360 358 356 353 349 345 342 341 342 347 353 353 349 351 352 353 352 351 351 350 347 346 347 349 349 350 351 352 352 352 352 350 347 345 343 342 340 338 342 349 350
323 326 335 342 348 352 358 6 14 16 11 2 350 338 331 328 332 338 338 331 323 317 316 323 329 329 325 323 326 335 342 348 352 354 355 354 352 350 350 350 349 345 341 337 338 342 345 344 343 343 345 348 353 357 359 357 355 352 347 343 341 340 340 344 348 350 348 347 350 354 353 351 350 350 349 348 348 350 352 353 354 355 356 356 354 352 349 346 343 340 339 338 338 342 345 345
327 330 338 344 348 353 0 10 18 19 15 7 358 348 339 332 333 339 343 341 334 325 320 321 326 326 323 322 325 332 337 342 348 353 357 359 357 353 352 351 348 344 339 337 338 344 347 347 347 348 349 351 354 358 358 356 352 348 342 339 338 339 342 346 348 346 343 344 348 352 351 350 349 348 349 349 349 350 353 355 357 358 358 358 356 352 347 343 340 338 337 336 337 340 341 341
329 333 341 347 351 356 5 13 18 17 12 7 2 357 350 343 337 337 342 345 344 339 332 328 326 324 323 323 327 333 336 337 341 348 356 360 359 356 354 351 347 342 337 335 337 343 346 347 350 352 352 352 354 357 357 354 349 344 339 337 339 341 344 348 347 343 338 339 345 349 349 349 347 345 346 348 349 350 351 354 357 359 359 359 356 348 342 338 337 336 335 334 334 336 337 337
330 333 342 349 354 360 8 13 13 11 8 5 4 2 357 350 342 337 338 343 346 344 340 334 329 326 325 327 332 338 340 339 340 344 351 356 356 354 353 350 346 341 337 335 336 341 344 346 351 355 355 354 355 356 356 352 347 341 337 338 341 344 347 349 347 341 336 336 342 346 347 348 348 345 344 346 350 352 351 352 355 358 359 356 348 338 332 331 333 335 335 334 334 335 335 336
330 334 343 350 356 3 8 9 7 4 3 4 4 4 1 355 348 340 338 340 343 344 342 338 332 328 328 330 337 342 345 345 343 344 348 351 352 351 350 348 345 341 337 335 335 338 341 345 350 353 355 356 356 355 353 349 344 339 338 341 344 346 349 350 346 339 335 335 340 343 345 347 348 348 346 346 350 355 356 355 355 358 356 347 335 327 324 326 329 332 335 336 336 337 337 338
329 334 344 353 359 5 8 6 1 358 358 0 2 3 1 358 353 345 340 338 339 341 341 338 333 330 330 333 339 344 348 349 347 347 349 349 349 349 349 348 344 341 338 336 334 335 338 343 347 350 353 354 354 353 350 346 341 340 341 343 344 347 349 348 343 338 334 334 336 338 341 343 344 347 349 351 355 2 7 3 356 353 348 338 328 323 323 325 327 329 333 337 339 341 341 342
329 334 345 355 1 7 8 5 359 354 352 354 357 358 359 358 356 350 344 339 338 338 339 335 333 332 333 335 339 343 347 349 349 350 350 350 350 350 349 347 344 342 341 338 335 336 340 343 346 347 347 348 349 349 347 343 341 342 345 344 344 346 346 343 340 338 334 332 332 332 332 334 336 341 350 358 5 10 7 358 349 345 341 334 327 324 325 327 327 329 333 339 342 345 346 345
329 334 346 356 3 9 10 8 2 354 348 346 347 350 353 355 356 353 348 343 340 338 337 335 333 334 336 338 339 341 342 344 347 350 351 351 351 350 348 346 344 344 343 340 337 338 343 345 346 344 342 342 344 347 347 345 345 346 346 344 344 343 341 338 337 337 337 336 336 335 334 335 338 343 352 2 5 3 356 350 345 342 339 333 329 329 330 332 333 334 338 343 346 348 349 350
331 336 347 357 5 10 11 10 6 1 352 343 339 341 346 350 353 351 349 345 342 340 335 334 334 337 340 341 341 340 339 339 342 346 349 350 350 348 346 345 344 345 345 341 338 339 344 345 344 343 342 342 345 349 351 351 352 353 351 349 348 347 343 340 339 340 343 344 344 344 343 344 347 352 357 359 358 354 349 345 342 341 340 336 334 336 339 341 342 342 345 348 350 351 352 355
332 337 348 359 7 11 10 8 6 4 359 350 342 338 340 345 348 348 349 345 343 341 336 335 336 340 344 345 345 343 342 341 342 343 346 348 349 347 345 344 345 346 345 341 338 340 344 345 344 345 346 347 349 352 354 355 355 356 355 354 353 352 349 345 343 343 347 349 349 348 349 352 355 357 357 354 351 347 343 341 340 342 342 340 339 341 345 350 351 352 353 353 354 355 357 0
334 338 349 0 8 10 8 5 3 1 359 354 349 344 342 342 344 344 347 345 343 341 339 337 339 344 347 349 348 347 345 345 345 346 346 348 349 347 346 346 347 348 347 342 339 340 344 345 346 347 349 351 353 355 355 354 354 355 355 354 354 351 348 345 344 345 350 352 352 352 356 359 359 356 351 348 346 342 338 338 340 343 344 344 344 345 350 355 358 0 1 359 358 359 2 5
336 340 351 2 8 9 6 1 358 356 355 353 352 350 347 343 341 340 343 339 344 338 338 339 341 344 348 351 351 349 347 347 348 348 349 349 349 347 347 348 348 348 347 343 339 339 342 344 346 347 349 352 355 356 355 353 352 352 352 352 351 348 345 344 345 349 353 355 355 358 0 360 355 350 345 343 342 338 335 336 339 342 345 347 349 351 352 355 360 5 7 5 3 3 5 7
337 341 352 2 7 8 3 356 352 350 350 350 351 351 348 343 340 337 339 341 343 344 343 342 342 343 346 351 353 351 350 349 348 348 348 348 348 348 348 348 347 347 346 342 338 338 340 341 343 344 345 348 352 355 355 353 351 350 349 348 347 345 344 346 351 355 355 355 358 0 360 356 350 344 341 340 339 336 335 335 338 341 343 346 351 355 356 354 358 5 8 7 6 6 7 7
337 342 354 2 6 5 358 351 348 346 346 347 348 347 344 341 335 335 336 338 341 344 345 345 344 343 344 349 352 353 352 351 350 349 347 347 347 348 349 348 347 346 344 341 338 338 340 342 343 344 345 346 349 352 353 352 350 349 348 346 344 344 348 355 360 358 355 355 357 358 355 351 346 342 340 340 339 338 338 339 340 338 335 337 343 353 357 359 359 3 6 7 7 7 7 5
336 342 355 2 3 358 352 349 347 345 344 344 344 342 340 337 331 335 336 339 341 344 346 347 346 344 344 347 350 353 354 354 353 351 349 349 350 351 351 350 348 345 343 341 338 337 340 343 343 344 345 346 347 348 350 350 350 349 348 346 345 348 356 1 1 357 355 354 354 353 351 348 344 343 343 342 341 341 345 346 346 343 338 333 335 342 353 360 3 5 6 6 7 7 7 3
333 341 356 2 359 353 349 349 349 348 346 344 341 338 336 335 334 335 337 340 342 345 347 348 346 344 343 345 348 351 354 356 355 353 352 353 355 355 354 350 347 344 342 340 337 335 336 339 339 339 340 342 342 343 346 348 349 348 347 347 348 355 360 360 357 355 354 352 350 350 349 345 345 348 348 345 344 345 348 351 353 352 347 341 338 338 346 356 4 7 7 6 6 6 5 1
333 341 356 1 356 351 350 351 351 350 347 343 340 337 335 334 334 336 339 342 343 346 348 349 347 344 342 343 344 347 351 355 356 355 355 357 359 359 355 351 348 345 343 341 337 333 333 334 334 335 337 339 340 341 345 347 347 348 347 348 353 358 358 355 352 351 349 347 347 348 346 343 344 343 346 347 349 346 348 352 356 357 354 350 346 344 345 352 1 6 5 4 4 4 2 358
336 343 355 359 356 352 351 351 351 348 345 341 338 336 334 334 335 337 340 343 345 347 348 349 349 345 341 340 340 341 345 350 354 356 357 360 3 2 358 354 352 349 347 345 342 338 335 334 334 335 337 339 341 343 346 348 349 351 352 353 356 357 354 350 347 345 343 344 345 346 343 339 339 342 346 348 348 347 346 348 353 357 358 356 352 349 349 352 358 2 2 1 1 1 358 354
342 345 352 356 355 352 351 350 348 345 342 339 335 334 334 335 336 338 341 344 346 347 349 351 351 346 342 339 336 334 334 338 344 351 356 1 3 2 359 357 354 352 350 349 347 343 339 337 337 337 338 340 341 343 347 349 352 354 356 356 356 355 350 346 342 339 339 342 345 344 340 336 336 340 345 348 349 348 347 346 348 353 358 359 357 355 353 354 357 358 358 358 358 357 353 349
347 347 350 353 353 351 349 347 345 342 339 336 334 333 334 336 337 339 342 345 346 347 349 351 352 349 345 342 337 331 327 326 331 340 351 359 1 359 357 355 353 351 351 350 349 346 342 340 340 340 339 339 340 342 347 350 352 353 355 356 355 352 348 342 338 336 339 344 345 343 339 335 337 340 344 347 348 349 350 348 347 348 354 359 0 359 357 356 357 356 355 355 354 352 348 346
348 348 350 352 351 349 347 345 342 339 336 334 333 333 335 338 340 342 345 347 347 348 350 351 351 350 347 345 342 338 332 330 330 334 344 353 358 357 354 351 350 350 350 350 349 347 343 341 341 341 341 340 341 344 347 350 351 351 353 354 352 350 345 340 335 335 341 345 345 343 339 335 334 338 342 344 346 348 350 351 349 347 350 356 0 1 1 0 357 355 353 353 351 348 346 346
