project/data/elevation/US_DEM2016/US_DEM2016_point_10-30-2019_1437_30m_vel.asc
ncols	125
nrows	167
xllcorner	-2042055.000000
yllcorner	1465035.000000
cellsize	30.000000
NODATA_value	-9999.000000
[rows 74 to 110 of 167, columns 0 to 83 of 125]
8.53 7.94 7.11 6.83 6.86 6.92 7.07 7.60 8.54 9.52 10.23 10.60 10.66 10.46 10.25 10.42 11.07 12.09 12.59 12.50 12.83 12.42 11.72 11.08 10.13 9.67 9.56 9.53 9.37 9.21 9.06 8.93 8.67 8.46 8.20 8.01 7.98 7.86 7.64 7.55 7.73 7.90 8.04 8.42 8.81 8.81 8.64 8.49 8.10 7.71 7.48 7.48 7.66 7.81 7.77 7.78 7.92 8.17 8.49 8.85 9.30 9.84 10.01 9.62 8.50 7.08 6.15 6.03 5.82 5.15 4.59 4.49 4.81 5.44 6.38 7.37 8.49 10.18 12.41 14.04 14.76 14.82 14.38 13.56
8.49 7.97 7.27 7.10 7.15 7.20 7.45 8.28 9.57 10.47 10.86 10.92 10.93 11.01 11.20 11.68 12.36 13.03 12.99 12.56 12.09 11.64 10.96 10.10 9.43 9.13 9.02 9.04 9.05 8.99 8.80 8.50 7.93 7.50 7.33 7.46 7.64 7.65 7.57 7.53 7.52 7.63 7.91 8.36 8.54 8.11 7.53 6.96 6.65 6.46 6.43 6.62 6.93 7.17 7.29 7.46 7.71 7.87 8.04 8.33 8.84 9.19 8.78 7.47 5.90 4.92 4.80 5.18 5.34 5.19 5.13 5.39 6.03 7.01 8.21 9.36 10.65 12.35 13.70 14.07 13.09 11.50 10.35 9.74
8.49 8.04 7.49 7.40 7.55 7.88 8.66 9.64 10.18 10.10 9.71 9.47 9.74 10.55 11.39 12.25 12.98 12.93 12.36 11.56 10.91 10.35 9.86 9.40 9.07 8.91 8.68 8.58 8.67 8.75 8.66 8.38 7.80 7.38 7.39 7.57 7.64 7.45 7.14 6.87 6.81 7.16 7.78 8.16 8.18 7.83 7.48 7.14 6.91 6.84 6.83 6.79 6.69 6.73 7.02 7.37 7.67 7.74 7.83 8.09 8.35 8.02 6.80 5.43 4.66 4.61 5.10 5.49 5.80 6.25 6.80 7.47 8.58 9.88 11.07 12.26 13.45 14.24 14.03 12.81 10.80 8.39 7.26 6.97
8.51 8.03 7.53 7.53 7.83 8.58 9.29 9.53 9.10 8.27 7.76 8.01 8.92 10.23 11.39 12.26 12.35 12.31 11.46 10.56 9.90 9.46 9.14 8.95 8.85 8.77 8.53 8.43 8.50 8.65 8.77 8.75 8.51 8.42 8.42 8.28 7.90 7.34 6.90 6.81 7.11 7.53 7.84 7.85 7.77 7.55 7.27 6.98 6.75 6.63 6.51 6.40 6.34 6.59 7.05 7.49 7.82 8.00 8.15 8.26 7.96 6.90 5.68 5.20 5.45 6.04 6.48 6.84 7.47 8.53 9.37 10.45 11.87 13.08 13.93 14.65 14.99 14.56 13.09 11.77 10.24 8.50 7.41 6.92
8.43 7.75 7.13 7.23 7.57 8.18 8.38 8.01 7.45 7.23 7.50 8.26 9.45 10.80 11.80 12.34 12.22 11.52 10.63 9.86 9.28 8.85 8.57 8.46 8.44 8.36 8.18 8.20 8.33 8.46 8.67 8.89 9.00 9.00 8.87 8.50 7.92 7.30 7.06 7.12 7.24 7.20 7.07 7.00 7.01 6.80 6.23 5.73 5.58 5.54 5.56 5.75 6.23 6.86 7.39 7.80 8.19 8.37 8.33 7.99 7.20 6.11 5.68 6.11 7.02 7.71 8.29 9.19 10.38 11.07 11.72 12.75 14.01 14.19 13.97 14.51 13.92 12.88 11.72 10.98 10.47 9.73 8.91 8.23
8.19 7.36 6.64 6.80 7.04 7.32 7.44 7.41 7.63 8.13 8.81 9.72 10.89 11.93 12.48 12.40 11.78 10.85 10.01 9.34 8.77 8.31 8.01 7.90 7.83 7.73 7.60 7.64 7.64 7.73 7.79 8.18 8.50 8.57 8.42 8.07 7.57 7.09 6.83 6.63 6.37 6.09 5.97 6.17 6.37 6.26 5.76 5.41 5.53 5.85 6.27 6.85 7.54 7.96 8.05 8.05 8.00 7.72 7.18 6.48 5.79 5.56 6.02 7.11 8.32 9.40 10.62 11.73 12.16 12.32 12.56 13.10 13.11 13.53 12.99 12.32 11.09 10.54 10.05 10.02 10.18 10.18 9.87 9.39
7.84 7.17 6.69 6.95 7.20 7.43 7.70 8.11 8.76 9.40 10.18 11.20 12.27 12.73 12.58 11.86 10.86 9.91 9.13 8.56 8.08 7.72 7.49 7.29 7.17 7.14 7.00 6.71 6.38 6.39 6.39 6.72 7.23 7.60 7.67 7.51 7.22 7.02 6.79 6.49 6.27 6.22 6.31 6.56 6.68 6.71 6.64 6.69 6.97 7.48 8.03 8.46 8.69 8.65 8.25 7.90 7.42 6.79 6.20 5.77 5.62 6.00 6.92 8.28 9.68 11.12 12.21 12.39 11.98 11.66 11.80 12.01 11.83 11.06 10.45 10.07 9.70 9.35 9.07 8.90 9.11 9.59 9.79 9.63
7.59 7.29 7.20 7.58 7.91 8.15 8.45 8.93 9.60 10.34 11.23 12.14 12.69 12.54 11.73 10.65 9.64 8.67 7.95 7.43 7.12 7.03 6.98 6.80 6.72 6.70 6.43 5.77 5.25 5.13 5.06 5.25 5.80 6.46 6.84 7.11 7.22 7.43 7.49 7.51 7.64 7.83 8.01 7.98 7.86 7.88 8.04 8.36 8.69 8.78 8.72 8.60 8.46 8.22 8.03 7.88 7.68 7.63 7.55 7.42 7.47 7.84 8.61 9.82 11.07 12.02 11.99 10.98 10.25 10.35 10.78 10.91 10.49 9.65 9.27 9.13 9.08 9.05 8.80 8.43 8.33 8.57 9.02 9.20
7.74 7.69 7.67 7.79 8.05 8.43 8.90 9.49 10.22 11.03 11.81 12.29 12.19 11.43 10.33 9.40 8.60 7.79 7.04 6.58 6.44 6.36 6.19 6.23 6.37 6.36 6.13 5.57 4.80 4.56 4.61 4.97 5.42 5.75 6.20 6.79 7.23 7.67 8.01 8.42 8.85 9.14 9.19 8.96 8.72 8.73 8.94 9.17 9.23 8.87 8.45 8.32 8.44 8.45 8.26 8.18 8.29 8.60 8.75 8.84 9.03 9.42 10.09 10.95 11.79 11.79 10.68 9.55 9.36 9.85 10.35 10.34 9.69 9.09 8.85 8.79 8.80 8.88 8.63 8.43 8.15 8.04 8.08 8.41
8.07 8.09 7.92 7.72 7.91 8.49 9.17 9.92 10.70 11.37 11.80 11.79 11.23 10.26 9.30 8.56 7.90 7.22 6.55 6.15 5.95 5.68 5.42 5.56 5.96 6.17 6.23 6.15 5.69 5.47 5.72 6.14 6.19 6.13 6.23 6.62 7.00 7.45 8.03 8.72 9.16 9.19 9.02 8.75 8.64 8.81 9.09 9.18 9.10 8.92 8.95 9.14 9.19 8.98 8.53 8.39 8.42 8.56 8.83 9.16 9.60 10.08 10.67 11.22 11.51 10.92 9.78 9.43 9.67 9.93 10.07 9.78 9.00 8.21 7.86 7.96 8.12 8.18 8.15 8.06 7.89 7.65 7.34 7.57
8.15 8.13 8.01 7.94 8.22 8.84 9.54 10.28 10.90 11.28 11.33 10.98 10.25 9.35 8.55 7.89 7.26 6.62 6.04 5.67 5.35 4.99 4.89 5.25 5.90 6.47 6.95 7.43 7.79 7.97 8.06 7.91 7.56 7.23 6.96 6.87 7.17 7.79 8.54 8.97 8.81 8.38 8.18 8.30 8.47 8.80 9.21 9.50 9.71 9.93 9.93 9.78 9.40 8.98 8.56 8.45 8.49 8.70 9.14 9.52 9.92 10.26 10.56 10.79 10.73 10.11 9.51 9.64 9.78 9.69 9.46 8.78 8.05 7.05 6.43 6.49 6.75 6.89 7.02 7.15 7.18 7.09 6.82 6.89
8.11 8.06 8.10 8.33 8.80 9.40 9.95 10.42 10.78 10.89 10.72 10.20 9.45 8.64 7.90 7.21 6.49 5.75 5.18 4.93 4.83 4.89 5.29 5.99 6.81 7.46 8.11 8.72 9.26 9.58 9.57 9.16 8.62 8.20 7.90 7.68 8.11 8.86 9.04 8.67 8.00 7.73 8.00 8.41 8.67 9.13 9.84 10.31 10.53 10.62 10.43 9.91 9.39 9.01 8.64 8.56 8.75 9.10 9.42 9.56 9.67 9.75 9.89 10.12 10.05 9.63 9.20 9.26 9.18 8.98 8.77 8.04 7.67 6.76 5.91 5.75 5.69 5.55 5.53 5.71 6.02 6.25 6.33 6.42
8.18 8.17 8.32 8.73 9.30 9.71 9.90 10.07 10.34 10.44 10.19 9.62 8.86 8.06 7.24 6.40 5.48 4.66 4.36 4.52 4.90 5.55 6.34 7.16 7.93 8.53 9.00 9.29 9.46 9.62 9.62 9.45 9.12 8.76 8.53 8.44 8.74 8.93 8.41 7.67 7.35 7.54 7.84 8.11 8.47 9.30 10.13 10.45 10.32 10.26 10.20 9.96 9.64 9.30 8.87 8.74 8.81 8.84 8.81 8.84 8.77 8.78 9.09 9.56 9.68 9.34 8.79 8.53 8.41 8.38 8.37 8.36 8.22 7.80 6.89 6.14 5.60 5.16 4.85 4.80 4.94 5.15 5.33 5.56
8.29 8.30 8.46 8.80 9.12 9.20 9.25 9.52 9.96 10.19 9.87 9.17 8.34 7.42 6.35 5.29 4.53 4.35 4.73 5.19 5.69 6.30 7.02 7.80 8.54 9.04 9.21 9.09 8.87 8.77 8.93 9.16 9.27 9.23 9.10 8.84 8.48 7.90 7.27 7.02 7.05 7.11 7.07 7.22 7.99 9.13 9.84 9.60 9.00 8.83 8.85 8.97 9.07 9.09 8.98 8.81 8.58 8.29 8.17 8.18 8.22 8.47 8.96 9.42 9.56 9.21 8.64 8.28 8.11 8.24 8.53 8.86 9.00 8.93 8.69 7.95 7.16 6.46 6.04 5.70 5.26 4.92 4.91 5.28
8.30 8.27 8.31 8.43 8.45 8.51 8.90 9.61 10.14 10.13 9.51 8.59 7.63 6.53 5.39 4.80 4.95 5.68 6.18 6.45 6.67 7.03 7.59 8.22 8.71 8.93 8.82 8.56 8.41 8.35 8.51 8.79 9.10 9.27 9.28 8.94 8.09 7.27 6.82 6.82 6.79 6.72 6.77 7.12 7.92 8.86 9.17 8.35 7.23 6.72 6.70 6.81 7.12 7.59 7.95 8.20 8.23 8.17 8.20 8.35 8.59 8.89 9.14 9.31 9.37 9.11 8.61 8.28 8.20 8.45 8.96 9.33 9.43 9.41 9.56 9.58 9.32 8.93 8.55 7.98 7.16 6.54 6.60 6.68
8.28 8.21 8.19 8.25 8.34 8.75 9.50 10.16 10.29 9.75 8.72 7.57 6.48 5.42 4.87 5.11 5.92 6.61 6.98 7.20 7.42 7.76 8.19 8.45 8.40 8.18 8.03 8.10 8.32 8.50 8.56 8.57 8.58 8.67 8.77 8.72 8.06 7.39 6.95 6.91 6.95 7.13 7.30 7.52 7.97 8.55 8.57 7.47 6.10 5.58 5.42 5.37 5.60 6.23 6.99 7.63 8.03 8.26 8.48 8.76 8.99 8.98 8.86 8.89 9.07 8.94 8.44 8.21 8.30 8.61 9.04 9.37 9.34 9.13 9.18 9.54 9.84 9.99 9.96 9.71 9.33 9.07 8.89 8.54
8.33 8.26 8.27 8.46 8.82 9.47 10.09 10.25 9.76 8.68 7.35 5.98 4.81 4.17 4.19 4.77 5.41 5.96 6.56 7.11 7.66 8.11 8.28 8.00 7.49 7.24 7.44 7.87 8.09 8.06 8.01 7.92 7.85 7.93 8.17 8.39 8.11 7.67 7.33 7.39 7.58 7.76 7.82 7.95 8.21 8.56 8.53 7.76 6.77 6.24 6.10 6.27 6.84 7.53 8.03 8.20 8.27 8.36 8.52 8.69 8.68 8.41 8.26 8.47 8.81 8.69 8.11 7.96 8.15 8.39 8.66 9.01 8.84 8.20 7.88 8.10 8.64 9.11 9.44 9.68 9.85 9.97 9.95 9.59
8.38 8.35 8.40 8.70 9.24 9.85 10.06 9.62 8.54 7.07 5.66 4.45 3.69 3.43 3.57 3.96 4.46 5.02 5.65 6.40 7.10 7.60 7.56 7.18 6.91 7.03 7.41 7.70 7.51 7.11 6.90 6.84 6.99 7.32 7.69 7.99 7.96 7.66 7.51 7.76 7.97 8.09 8.23 8.64 8.93 9.16 9.16 8.84 8.53 8.35 8.21 8.57 9.12 9.41 9.29 8.79 8.42 8.27 8.20 8.08 7.88 7.68 7.69 8.10 8.51 8.36 7.78 7.65 7.75 7.86 8.10 8.42 8.19 7.40 6.82 6.84 7.19 7.52 7.82 8.25 8.74 9.11 9.22 9.23
8.45 8.44 8.55 8.94 9.51 9.80 9.43 8.40 6.99 5.61 4.50 3.82 3.58 3.66 3.89 4.18 4.55 4.94 5.37 5.93 6.50 6.79 6.78 6.84 7.10 7.43 7.78 7.86 7.60 7.30 7.09 7.01 7.16 7.34 7.40 7.47 7.55 7.50 7.58 7.96 8.21 8.45 8.85 9.51 9.82 9.90 9.83 9.69 9.67 9.85 10.02 10.09 9.96 9.45 8.77 8.37 8.20 8.03 7.73 7.35 6.98 6.85 7.06 7.65 8.22 8.28 7.89 7.63 7.51 7.48 7.67 7.98 7.82 7.09 6.37 6.14 6.34 6.42 6.36 6.52 6.93 7.34 7.43 7.44
8.53 8.56 8.72 9.10 9.38 9.12 8.19 6.88 5.61 4.66 4.07 3.88 4.04 4.45 4.89 5.32 5.63 5.85 6.18 6.68 7.10 7.25 7.26 7.36 7.53 7.92 8.54 8.97 9.09 9.00 8.81 8.69 8.63 8.39 7.67 7.19 7.27 7.54 7.97 8.44 8.76 9.15 9.68 10.23 10.30 10.17 10.01 9.94 10.02 10.25 10.35 10.17 9.64 8.84 8.23 8.14 8.10 7.84 7.35 6.81 6.42 6.37 6.82 7.66 8.45 8.69 8.39 7.95 7.54 7.38 7.48 7.79 7.67 6.87 5.89 5.32 5.31 5.26 5.04 5.10 5.48 5.81 5.75 5.63
8.59 8.61 8.71 8.78 8.47 7.61 6.41 5.32 4.53 4.09 4.04 4.30 4.76 5.34 6.04 6.78 7.37 7.78 8.23 8.71 9.00 8.96 8.64 8.17 7.93 8.39 9.38 9.93 9.99 9.77 9.52 9.30 9.02 8.51 7.65 7.20 7.37 7.91 8.58 9.11 9.47 9.81 10.12 10.29 10.09 9.90 9.87 9.97 10.10 10.19 9.98 9.69 9.51 9.39 9.12 8.70 8.24 7.82 7.44 7.12 6.96 7.04 7.51 8.28 8.92 9.01 8.52 7.97 7.56 7.54 7.74 7.87 7.49 6.36 5.09 4.39 4.33 4.25 4.09 4.21 4.49 4.61 4.58 4.62
8.62 8.60 8.45 8.03 7.17 6.09 5.13 4.45 4.12 4.18 4.60 5.22 5.91 6.67 7.51 8.40 9.12 9.80 10.35 10.56 10.34 9.79 9.00 8.33 8.16 8.83 9.69 9.70 9.04 8.48 8.09 7.87 7.70 7.42 7.20 7.35 7.77 8.38 9.07 9.50 9.71 9.79 9.71 9.51 9.43 9.44 9.65 9.85 9.93 9.88 9.62 9.40 9.37 9.44 9.34 8.83 8.26 7.85 7.61 7.53 7.62 7.91 8.34 8.87 9.20 9.02 8.35 7.86 7.78 8.15 8.39 8.13 7.28 5.89 4.62 4.13 4.11 3.97 3.89 4.06 4.23 4.21 4.12 4.27
8.67 8.56 8.15 7.48 6.71 6.01 5.43 5.03 4.94 5.27 5.81 6.47 7.26 8.14 9.05 9.85 10.52 10.98 11.04 10.61 9.76 8.76 8.07 7.99 8.43 9.27 9.71 9.14 8.09 7.46 7.21 7.21 7.34 7.22 7.24 7.64 8.17 8.68 9.16 9.42 9.43 9.22 8.86 8.59 8.64 8.91 9.24 9.44 9.25 8.79 8.56 8.51 8.53 8.48 8.28 8.11 7.89 7.63 7.41 7.35 7.56 8.11 8.75 9.26 9.38 9.09 8.55 8.24 8.32 8.66 8.73 8.14 7.10 6.03 5.18 4.90 4.68 4.30 4.36 4.66 4.69 4.54 4.49 4.91
8.61 8.40 7.88 7.42 7.08 6.74 6.47 6.40 6.62 6.91 7.25 7.79 8.57 9.50 10.38 10.93 11.11 10.85 10.07 8.90 7.74 7.00 7.07 7.74 8.63 9.66 10.00 9.58 9.00 8.73 8.64 8.63 8.48 8.09 7.85 8.01 8.31 8.65 8.93 9.02 8.75 8.30 7.96 7.90 8.04 8.38 8.86 8.97 8.23 7.23 6.79 6.83 7.00 7.00 6.99 7.15 7.31 7.29 7.22 7.31 7.65 8.30 8.91 9.26 9.21 8.91 8.58 8.42 8.40 8.47 8.39 7.78 7.14 6.74 6.44 6.14 5.72 5.17 5.57 6.03 5.94 5.70 5.90 6.84
8.42 8.11 7.69 7.53 7.46 7.44 7.52 7.82 8.24 8.56 8.83 9.25 9.95 10.74 11.17 11.12 10.57 9.58 8.32 7.12 6.37 6.29 6.90 7.81 8.86 10.12 10.53 10.45 10.29 10.17 9.98 9.66 9.22 8.75 8.37 8.27 8.32 8.50 8.61 8.38 7.82 7.33 7.30 7.55 7.85 8.36 8.91 8.84 7.69 6.47 5.99 5.88 5.63 5.68 6.13 6.68 7.10 7.27 7.31 7.49 7.92 8.48 8.79 8.84 8.70 8.51 8.23 7.97 7.84 7.89 7.77 7.53 7.62 7.82 7.94 7.81 7.40 7.11 7.77 8.17 8.00 7.87 8.27 8.95
8.28 8.04 7.76 7.78 8.04 8.44 8.90 9.34 9.68 9.91 10.11 10.45 10.92 11.18 10.96 10.21 9.14 7.94 6.87 6.22 6.33 6.99 7.83 8.58 9.59 10.58 10.68 10.21 9.93 9.76 9.48 9.16 8.91 8.76 8.47 8.30 8.29 8.25 7.99 7.49 7.09 7.22 7.58 7.92 8.29 8.88 9.31 9.13 8.17 7.31 6.93 6.62 6.07 6.16 6.67 7.11 7.39 7.58 7.74 7.95 8.20 8.52 8.64 8.61 8.54 8.40 8.05 7.74 7.71 7.84 7.82 7.86 8.31 8.67 8.91 9.06 9.22 9.54 10.04 10.23 10.06 9.92 10.00 9.81
8.27 8.13 7.95 8.08 8.56 9.16 9.67 10.01 10.17 10.26 10.42 10.67 10.84 10.57 9.80 8.71 7.55 6.50 5.81 5.85 6.75 7.80 8.59 9.27 10.13 10.61 10.12 9.15 8.56 8.26 8.10 8.16 8.30 8.41 8.28 8.16 8.02 7.69 7.24 7.00 7.34 8.06 8.44 8.61 8.86 9.34 9.62 9.35 8.68 8.43 8.37 8.17 7.92 7.82 7.82 7.66 7.64 7.89 8.23 8.46 8.60 8.79 8.85 8.84 8.76 8.59 8.38 8.35 8.55 8.54 8.36 8.35 8.58 8.74 8.94 9.40 10.07 10.67 10.91 10.80 10.47 10.22 9.89 9.10
8.19 8.11 7.98 8.14 8.51 8.95 9.21 9.32 9.33 9.41 9.67 9.91 9.83 9.30 8.39 7.26 6.13 5.44 5.43 6.12 7.17 8.02 8.65 9.20 9.82 9.89 9.03 8.00 7.29 6.90 6.93 7.19 7.45 7.63 7.82 7.89 7.73 7.47 7.42 7.81 8.47 8.85 8.93 8.96 9.13 9.46 9.59 9.16 8.68 8.58 8.62 8.66 8.72 8.62 8.10 7.64 7.68 8.03 8.41 8.71 8.95 9.24 9.32 9.26 9.11 8.96 8.93 9.02 9.07 8.80 8.53 8.47 8.48 8.51 8.70 9.17 9.79 10.17 10.14 9.98 9.76 9.42 8.79 7.86
8.09 8.06 8.05 8.15 8.25 8.30 8.26 8.12 8.09 8.32 8.70 8.83 8.49 7.75 6.75 5.77 5.36 5.65 6.56 7.50 8.08 8.49 8.79 9.06 9.26 8.95 7.88 6.81 6.10 5.85 5.94 6.09 6.20 6.44 6.82 7.21 7.57 7.90 8.33 8.75 8.97 8.96 8.85 8.87 9.06 9.30 9.28 8.78 8.17 7.81 7.72 7.88 8.12 8.10 7.74 7.55 7.72 8.09 8.47 8.87 9.31 9.68 9.74 9.61 9.38 9.19 9.08 8.92 8.63 8.20 8.12 8.21 8.33 8.43 8.56 8.72 8.90 8.84 8.75 8.96 9.15 9.03 8.62 8.24
8.28 8.41 8.55 8.44 8.24 7.96 7.69 7.49 7.55 7.89 8.10 7.79 6.97 5.94 5.05 4.89 5.69 7.04 8.13 8.74 9.07 9.25 9.29 9.28 9.23 8.85 7.79 6.54 5.80 5.66 5.68 5.69 5.76 5.91 6.20 6.81 7.56 8.13 8.40 8.42 8.32 8.30 8.37 8.53 8.77 8.98 8.88 8.24 7.37 6.82 6.66 6.70 6.84 7.05 7.17 7.40 7.68 8.03 8.44 8.93 9.45 9.82 9.81 9.61 9.33 9.10 8.88 8.58 8.20 7.84 7.80 7.94 8.14 8.19 8.16 8.34 8.27 7.97 7.77 8.00 8.41 8.77 9.04 9.29
8.71 8.86 8.90 8.66 8.31 7.93 7.64 7.54 7.60 7.57 7.10 6.15 5.01 4.08 3.85 4.49 5.87 7.37 8.36 9.01 9.39 9.55 9.55 9.62 9.72 9.39 8.55 7.61 7.11 7.13 7.23 7.13 7.15 7.15 7.26 7.57 7.91 8.02 7.91 7.71 7.54 7.59 7.95 8.30 8.62 8.77 8.54 7.80 6.94 6.51 6.32 5.95 5.65 5.70 6.10 6.80 7.46 7.94 8.38 8.89 9.37 9.57 9.48 9.21 9.05 8.98 8.85 8.61 8.33 8.00 7.80 7.83 7.94 7.99 8.13 8.29 8.06 7.68 7.35 7.22 7.32 7.63 8.11 8.61
8.80 8.72 8.52 8.31 8.06 7.79 7.59 7.46 7.17 6.45 5.27 4.21 3.61 3.49 3.98 5.00 6.06 6.93 7.63 8.34 8.77 8.96 9.27 9.83 9.87 9.79 9.34 9.23 9.33 9.45 9.47 9.42 9.31 9.02 8.78 8.58 8.31 8.05 7.82 7.59 7.40 7.50 8.01 8.46 8.72 8.73 8.41 7.77 7.22 6.86 6.38 5.58 4.96 5.12 5.80 6.73 7.57 8.12 8.55 8.99 9.25 9.14 8.92 8.85 8.94 9.05 9.01 8.77 8.51 8.18 7.98 7.96 8.00 8.04 8.07 7.96 7.78 7.57 7.31 6.94 6.50 6.21 6.32 6.64
8.57 8.20 7.86 7.79 7.63 7.39 7.12 6.74 6.10 5.21 4.44 4.06 4.19 4.85 6.14 7.38 7.71 7.63 7.58 7.71 7.97 8.32 9.12 9.97 10.08 9.73 9.70 10.01 10.33 10.50 10.46 10.32 10.07 9.67 9.24 8.82 8.41 8.11 7.82 7.56 7.54 7.88 8.41 8.71 8.76 8.64 8.35 7.90 7.48 6.94 6.11 5.36 5.46 6.27 7.14 7.69 8.05 8.37 8.74 8.99 8.88 8.61 8.59 8.85 9.10 9.18 9.09 8.90 8.71 8.57 8.41 8.34 8.22 7.97 7.60 7.34 7.37 7.44 7.29 6.91 6.31 5.97 6.06 6.25
8.36 8.02 7.65 7.54 7.37 7.14 6.81 6.37 5.84 5.48 5.58 6.08 6.81 8.00 9.40 10.31 10.51 9.90 9.07 8.72 8.78 9.17 9.93 10.30 9.96 9.44 9.38 9.56 9.69 9.81 9.83 9.74 9.63 9.41 9.13 8.80 8.45 8.12 7.72 7.51 7.81 8.44 8.85 8.76 8.55 8.44 8.27 7.92 7.53 6.96 6.37 6.36 7.15 8.09 8.44 8.28 8.15 8.35 8.63 8.66 8.46 8.38 8.59 8.87 9.04 9.00 8.84 8.73 8.74 8.83 8.77 8.60 8.30 7.86 7.39 7.15 7.26 7.39 7.30 7.12 7.03 7.23 7.48 7.45
8.35 8.11 7.78 7.61 7.53 7.49 7.47 7.37 7.27 7.45 8.13 9.09 10.19 11.22 11.93 12.11 11.98 11.60 11.22 10.97 10.88 10.94 11.01 10.64 9.87 9.21 8.99 8.89 8.64 8.40 8.35 8.40 8.46 8.53 8.58 8.60 8.51 8.19 7.83 7.79 8.21 8.53 8.48 8.21 8.14 8.33 8.37 8.18 7.96 7.79 7.77 8.10 8.69 9.04 8.74 8.20 8.17 8.43 8.54 8.46 8.40 8.47 8.53 8.56 8.58 8.44 8.22 8.26 8.43 8.59 8.63 8.53 8.26 7.88 7.53 7.39 7.46 7.47 7.40 7.47 7.76 8.16 8.37 8.31
8.43 8.31 8.08 7.93 7.92 8.07 8.34 8.64 9.08 9.76 10.65 11.57 12.22 12.48 12.33 11.84 11.31 11.33 11.51 11.55 11.52 11.41 11.13 10.45 9.53 8.96 8.85 8.76 8.36 7.84 7.45 7.30 7.31 7.50 7.76 8.03 8.16 8.06 7.92 7.87 7.83 7.58 7.25 7.32 7.96 8.58 8.81 8.70 8.60 8.75 9.03 9.33 9.54 9.51 9.16 8.84 8.88 8.91 8.77 8.60 8.51 8.40 8.25 8.21 8.21 7.97 7.72 7.79 8.02 8.20 8.29 8.25 8.08 7.83 7.64 7.60 7.58 7.46 7.42 7.58 7.83 8.06 8.15 8.09
8.58 8.53 8.36 8.25 8.28 8.43 8.75 9.32 10.20 11.14 11.85 12.15 12.02 11.54 10.83 10.03 9.55 9.69 9.93 10.17 10.41 10.50 10.34 9.79 9.05 8.68 8.76 8.78 8.47 8.13 7.86 7.66 7.67 7.77 7.82 7.78 7.72 7.73 7.70 7.48 7.13 6.87 6.98 7.62 8.57 9.21 9.35 9.13 8.98 9.14 9.46 9.75 9.93 9.97 9.99 9.94 9.84 9.53 9.11 8.78 8.49 8.20 8.08 8.12 8.00 7.64 7.47 7.64 7.96 8.14 8.08 7.91 7.81 7.71 7.65 7.66 7.59 7.45 7.46 7.64 7.86 8.02 8.03 7.90
