project/data/elevation/US_DEM2016/US_DEM2016_point_10-31-2019_1601_30m_vel.asc
ncols	125
nrows	167
xllcorner	-2042055.000000
yllcorner	1465035.000000
cellsize	30.000000
NODATA_value	-9999.000000
[rows 37 to 73 of 167, columns 0 to 83 of 125]
9.69 9.70 9.28 8.62 7.94 7.29 6.85 6.38 5.81 5.24 4.96 4.97 5.21 5.65 5.97 6.03 5.97 6.16 6.75 7.52 8.14 8.61 8.93 9.12 9.08 8.93 8.71 8.39 7.97 7.52 7.04 6.67 6.66 6.98 7.32 7.67 8.10 8.58 8.95 9.24 9.28 8.85 8.50 8.39 8.84 9.43 9.64 9.24 8.58 7.85 7.27 6.98 6.77 6.63 6.54 6.57 6.69 7.17 7.71 8.37 8.50 8.07 7.34 6.58 5.93 5.58 5.51 5.62 5.78 6.02 6.07 6.04 6.35 6.63 6.82 7.10 7.57 8.19 9.19 10.29 11.13 11.16 10.69 10.03
9.90 9.35 8.26 7.51 6.88 6.51 6.24 5.80 5.27 4.84 4.72 4.75 4.90 5.20 5.53 5.70 5.77 5.99 6.53 7.22 7.58 7.72 7.77 7.90 8.09 8.22 8.36 8.46 8.27 7.95 7.60 7.32 7.22 7.30 7.59 8.17 8.80 9.20 9.60 10.14 10.43 10.19 9.90 9.80 9.90 9.89 9.33 8.27 7.49 6.97 6.81 6.85 6.82 6.67 6.58 6.66 6.87 7.42 7.96 8.41 8.34 7.58 6.93 6.47 6.07 5.81 5.54 5.47 5.58 5.79 5.77 5.69 5.94 6.49 6.74 6.92 7.18 7.77 8.54 9.36 9.97 10.16 9.83 9.10
9.85 8.84 7.21 6.41 5.92 5.71 5.46 5.13 4.87 4.75 4.82 4.95 5.11 5.21 5.29 5.39 5.55 5.81 6.09 6.29 6.22 6.09 6.10 6.36 6.91 7.53 7.98 8.37 8.47 8.30 8.07 7.89 7.80 7.93 8.49 9.32 9.81 10.06 10.32 10.71 10.92 10.56 10.17 9.86 9.62 9.29 8.57 7.70 7.11 6.68 6.67 6.94 7.05 6.78 6.72 6.90 7.25 7.76 7.96 7.94 7.45 6.49 5.62 5.34 5.23 5.17 4.99 5.00 5.26 5.51 5.52 5.48 5.81 6.39 6.65 6.66 6.72 7.17 7.83 8.11 8.01 8.18 8.60 8.67
9.49 8.35 6.61 5.78 5.52 5.41 5.33 5.26 5.30 5.49 5.74 5.94 5.88 5.55 5.24 5.20 5.40 5.62 5.63 5.41 5.29 5.34 5.65 6.12 6.84 7.42 7.84 8.21 8.41 8.45 8.46 8.49 8.69 9.26 10.06 10.80 11.19 11.29 11.08 10.76 10.60 9.89 9.31 9.07 8.82 8.82 8.65 8.45 8.13 7.91 7.66 7.60 7.51 7.05 6.89 7.01 7.33 7.64 7.49 7.06 6.41 5.45 4.46 4.13 4.10 4.20 4.45 4.79 5.13 5.33 5.30 5.37 5.85 6.44 6.64 6.50 6.42 6.71 7.28 7.40 7.02 7.03 7.74 8.68
9.07 8.16 6.75 6.12 6.00 6.00 5.94 5.92 6.07 6.42 6.76 6.84 6.44 5.78 5.36 5.31 5.51 5.65 5.57 5.41 5.48 5.80 6.23 6.60 6.91 7.23 7.40 7.62 8.00 8.32 8.78 9.09 9.72 10.53 11.27 11.79 11.96 11.68 11.13 10.39 9.71 9.02 8.39 7.98 8.03 8.11 8.40 8.61 8.77 8.85 8.78 8.27 7.75 7.15 6.76 6.70 6.78 6.76 6.47 6.09 5.64 4.95 4.18 3.99 4.19 4.44 4.69 4.89 5.03 5.18 5.25 5.35 5.81 6.41 6.54 6.25 6.22 6.71 7.26 7.16 6.70 6.57 7.03 8.26
8.81 8.22 7.26 6.83 6.69 6.60 6.45 6.46 6.76 7.16 7.35 7.15 6.45 5.93 5.77 5.87 6.02 6.13 6.18 6.29 6.55 6.88 7.17 7.38 7.53 7.53 7.45 7.48 7.84 8.26 9.04 10.06 10.88 11.57 11.80 11.63 11.32 10.76 10.00 9.21 8.55 8.02 7.41 7.12 7.11 7.27 7.62 7.87 8.14 8.27 8.28 7.93 7.49 6.90 6.53 6.45 6.37 6.11 5.81 5.78 5.63 5.36 5.10 5.19 5.45 5.40 5.17 5.04 5.18 5.36 5.33 5.27 5.55 6.01 5.96 5.54 5.81 6.69 7.24 6.95 6.50 6.54 7.13 8.21
8.67 8.20 7.49 7.16 7.03 6.97 7.00 7.24 7.59 7.80 7.68 7.17 6.43 6.13 6.13 6.31 6.53 6.70 6.94 7.31 7.74 8.05 8.22 8.27 8.26 8.09 7.95 7.95 8.19 8.51 9.37 10.48 11.26 11.66 11.33 10.67 9.98 9.32 8.59 8.04 7.63 7.19 6.68 6.28 6.34 6.64 6.85 6.72 6.44 6.09 6.05 6.39 6.63 6.56 6.49 6.67 6.74 6.64 6.58 6.55 6.42 6.41 6.54 6.67 6.30 5.73 5.56 5.75 5.87 5.55 5.04 4.82 5.12 5.45 5.31 5.04 5.44 6.40 6.89 6.57 6.39 6.90 7.66 8.19
8.57 8.21 7.71 7.54 7.63 7.88 8.16 8.39 8.47 8.33 7.87 7.15 6.50 6.24 6.29 6.56 6.86 7.14 7.51 8.00 8.43 8.65 8.67 8.53 8.34 8.13 8.06 8.16 8.50 8.97 9.93 10.75 10.99 10.72 10.12 9.64 9.15 8.60 7.77 7.14 6.72 6.37 5.99 5.63 5.64 6.06 5.89 5.48 4.97 4.69 4.84 5.25 5.66 6.01 6.53 7.15 7.46 7.55 7.51 7.29 7.13 7.18 7.13 6.82 6.16 5.99 6.32 6.40 5.84 4.83 4.33 4.47 4.88 5.13 5.14 5.19 5.68 6.35 6.64 6.37 6.30 6.95 7.50 7.69
8.72 8.55 8.33 8.37 8.57 8.83 9.00 9.01 8.84 8.47 7.87 7.16 6.70 6.56 6.78 7.07 7.32 7.60 7.97 8.29 8.43 8.39 8.22 8.02 7.94 7.89 7.90 8.15 8.80 9.60 10.51 10.56 10.13 9.42 8.91 8.80 8.48 8.03 7.24 6.52 5.90 5.47 5.12 4.82 4.99 5.37 5.35 5.31 5.29 5.33 5.29 5.16 5.17 5.66 6.57 7.44 7.65 7.56 7.39 7.31 7.19 7.30 7.07 6.75 6.67 6.87 6.70 5.88 4.77 4.21 4.38 4.91 5.27 5.41 5.55 5.89 6.44 6.78 6.76 6.55 6.42 6.63 7.03 7.31
9.06 8.96 8.86 8.94 8.99 8.96 8.83 8.64 8.37 7.99 7.50 7.02 6.92 7.15 7.57 7.81 7.94 8.08 8.20 8.19 8.04 7.83 7.58 7.47 7.61 7.76 7.95 8.44 9.33 10.17 10.58 10.15 9.23 8.51 8.05 7.78 7.48 7.17 6.71 6.09 5.29 4.72 4.50 4.60 4.98 5.40 5.84 6.02 5.99 5.62 5.10 4.90 5.36 6.23 7.10 7.49 7.42 7.21 7.12 7.20 7.14 7.25 7.20 7.14 7.11 6.82 5.76 4.90 4.69 5.07 5.64 6.01 6.18 6.27 6.51 6.92 7.29 7.38 7.28 7.16 6.97 6.87 7.07 7.45
9.35 9.13 8.87 8.79 8.63 8.36 8.03 7.70 7.36 7.07 6.74 6.55 6.69 7.25 7.77 8.03 8.13 8.11 7.99 7.82 7.64 7.45 7.28 7.24 7.41 7.67 8.05 8.79 9.73 10.27 10.04 9.22 8.56 7.93 7.35 6.91 6.60 6.42 6.25 5.93 5.16 4.68 4.74 5.29 5.68 6.09 6.37 6.03 5.28 4.50 4.30 4.95 6.43 7.79 8.18 7.90 7.63 7.41 7.33 7.35 7.23 7.33 7.26 7.09 6.70 6.03 5.50 5.60 6.24 6.94 7.39 7.55 7.61 7.65 7.77 8.05 8.24 8.20 8.16 8.15 7.73 7.41 7.54 7.81
9.43 9.16 8.57 8.26 8.00 7.62 7.22 6.84 6.52 6.22 5.93 5.87 6.11 6.71 7.23 7.49 7.65 7.67 7.59 7.46 7.31 7.17 7.07 7.04 7.16 7.44 7.86 8.75 9.82 10.10 9.55 8.71 8.19 7.58 6.81 6.16 5.93 5.87 5.78 5.52 5.01 4.71 4.89 5.38 5.70 6.01 6.10 5.33 4.53 4.33 5.01 6.78 8.67 9.51 9.38 8.62 8.11 7.74 7.58 7.65 7.61 7.59 7.48 7.23 7.15 7.35 7.97 8.72 9.34 9.76 9.87 9.88 9.86 9.83 9.81 9.90 9.93 9.71 9.41 8.92 8.15 7.64 7.76 7.88
9.43 9.16 8.37 7.85 7.55 7.25 6.88 6.54 6.26 5.89 5.71 5.73 6.05 6.58 6.95 7.14 7.25 7.31 7.28 7.15 6.97 6.83 6.75 6.76 6.88 7.12 7.57 8.64 9.87 9.93 9.23 8.61 8.16 7.53 6.71 5.95 5.66 5.36 4.98 4.58 4.29 4.15 4.28 4.57 5.02 5.47 5.74 5.37 5.14 5.72 7.51 9.56 10.60 10.57 9.85 8.90 8.26 7.94 7.89 8.18 8.28 8.31 8.22 8.49 9.12 9.98 10.91 11.70 12.19 12.39 12.43 12.40 12.36 12.30 12.16 11.97 11.74 11.39 10.67 9.62 8.55 7.83 7.73 7.67
9.55 9.16 8.27 7.71 7.42 7.18 6.96 6.77 6.54 6.27 6.33 6.51 6.88 7.28 7.46 7.47 7.39 7.27 7.08 6.85 6.65 6.51 6.46 6.49 6.64 6.95 7.57 8.86 9.89 9.60 8.57 8.33 8.04 7.46 6.97 6.48 5.91 5.13 4.35 3.96 3.91 4.06 4.35 4.70 5.17 5.65 6.26 6.64 7.11 8.42 10.29 11.29 11.28 10.33 9.42 8.62 8.17 8.05 8.02 8.18 8.38 8.61 8.78 9.28 10.23 11.09 11.66 12.13 12.40 12.52 12.61 12.71 12.76 12.72 12.53 12.20 11.85 11.53 10.98 10.25 9.47 8.71 7.97 7.54
9.71 9.13 8.13 7.72 7.46 7.18 7.02 6.97 6.88 6.79 7.09 7.53 7.90 8.11 8.10 7.89 7.59 7.24 6.92 6.69 6.54 6.40 6.29 6.29 6.51 6.99 7.78 9.02 9.59 8.81 7.85 7.72 7.56 7.30 7.08 6.87 6.18 5.32 4.73 4.61 4.91 5.42 5.90 6.18 6.52 7.15 8.24 9.35 10.44 11.40 11.89 11.69 10.70 9.38 8.62 8.08 7.76 7.59 7.43 7.34 7.58 7.90 8.54 9.05 9.71 10.06 9.91 9.73 9.63 9.78 10.04 10.39 10.51 10.50 10.30 10.03 9.89 9.73 9.59 9.56 9.47 9.25 8.78 7.98
9.68 8.89 7.77 7.39 7.22 7.03 6.94 6.95 6.96 7.03 7.39 7.94 8.26 8.31 8.10 7.72 7.29 6.93 6.68 6.52 6.37 6.23 6.11 6.18 6.54 7.12 7.90 8.85 9.00 8.00 7.28 7.22 7.07 6.91 6.87 6.56 6.17 5.87 5.80 6.13 6.60 7.07 7.44 7.82 8.46 9.54 10.81 11.68 12.12 12.13 11.75 10.82 9.71 8.60 7.98 7.53 7.17 6.82 6.70 6.67 6.94 7.37 7.86 8.31 8.43 7.94 7.29 6.65 6.51 6.72 7.04 7.36 7.46 7.33 7.25 7.09 7.13 7.13 7.20 7.47 7.95 8.33 8.44 8.18
9.36 8.55 7.37 6.87 6.72 6.72 6.84 6.89 6.94 7.07 7.29 7.60 7.78 7.61 7.26 6.86 6.56 6.37 6.21 6.05 5.91 5.86 5.97 6.33 6.81 7.30 7.92 8.54 8.50 7.81 7.32 7.22 7.05 6.85 6.52 6.11 6.00 6.11 6.41 6.95 7.50 7.85 8.26 8.87 9.99 11.25 12.05 12.22 11.74 11.04 10.30 9.55 8.81 8.14 7.66 7.26 6.92 6.64 6.73 6.91 7.25 7.52 7.64 7.72 7.33 6.62 6.09 5.86 5.97 6.10 5.98 5.66 5.45 5.34 5.23 5.16 5.26 5.35 5.40 5.41 5.59 5.91 6.18 6.51
8.95 8.30 7.28 6.79 6.56 6.43 6.46 6.57 6.59 6.70 6.74 6.77 6.63 6.21 5.79 5.64 5.61 5.54 5.48 5.50 5.63 5.83 6.20 6.69 7.08 7.49 7.97 8.40 8.51 8.32 7.93 7.57 7.21 6.81 6.24 5.69 5.62 5.83 6.20 6.67 7.25 7.77 8.35 9.38 10.85 11.77 11.84 10.93 9.62 8.98 8.68 8.49 8.20 7.90 7.56 7.24 6.98 6.95 7.25 7.49 7.63 7.65 7.38 7.16 6.79 6.46 6.45 6.51 6.46 6.13 5.49 4.71 4.36 4.20 4.00 3.92 4.05 4.08 3.98 3.77 3.67 3.75 4.13 4.88
8.73 8.31 7.66 7.23 6.85 6.38 5.94 5.81 5.84 5.94 5.99 5.85 5.41 4.82 4.51 4.51 4.60 4.67 4.88 5.29 5.81 6.33 6.75 7.04 7.33 7.70 8.11 8.55 8.76 8.72 8.15 7.50 7.00 6.51 5.95 5.37 5.31 5.60 5.87 6.20 6.69 7.39 8.29 9.79 11.19 11.52 10.64 9.11 8.15 7.78 7.65 7.62 7.59 7.60 7.34 7.12 6.97 7.08 7.42 7.44 7.21 6.91 6.63 6.51 6.71 6.97 7.12 7.01 6.33 5.46 4.53 4.06 3.97 3.83 3.48 3.22 3.20 3.08 2.82 2.77 3.03 3.60 4.56 5.52
8.86 8.74 8.38 7.90 7.34 6.67 5.93 5.63 5.54 5.61 5.62 5.33 4.85 4.44 4.25 4.25 4.39 4.68 5.14 5.75 6.40 7.02 7.34 7.55 7.83 8.18 8.43 8.72 8.98 8.85 8.03 7.44 7.14 6.74 6.12 5.68 5.78 6.07 6.22 6.43 6.84 7.54 8.66 10.32 11.15 10.70 9.09 7.78 7.06 6.81 6.79 6.82 6.94 7.00 6.85 6.71 6.62 6.70 6.79 6.45 5.97 5.64 5.72 6.15 7.07 7.52 7.29 6.62 5.58 4.76 4.38 4.45 4.50 4.09 3.39 2.95 2.92 2.87 2.78 3.06 3.86 5.19 6.68 7.36
9.21 9.16 8.80 8.28 7.71 7.13 6.63 6.36 6.12 5.96 5.82 5.55 5.30 5.22 5.27 5.41 5.63 5.99 6.35 6.79 7.32 7.83 8.11 8.37 8.71 8.94 8.88 9.04 9.40 9.40 8.93 8.51 8.27 7.82 7.05 6.71 6.92 7.16 7.31 7.46 7.75 8.19 9.26 10.60 10.76 9.40 7.77 6.61 6.09 6.01 6.08 6.13 6.28 6.33 6.31 6.21 6.08 5.90 5.66 5.37 5.25 5.35 5.82 6.58 7.51 7.56 6.75 5.80 5.10 5.05 5.43 5.65 5.15 4.23 3.46 3.29 3.50 3.66 3.95 4.83 6.36 8.00 8.79 8.51
9.49 9.16 8.48 8.07 7.78 7.57 7.35 7.09 6.70 6.30 6.06 6.02 6.19 6.47 6.84 7.13 7.47 7.80 8.07 8.30 8.61 8.76 8.96 9.30 9.60 9.51 9.33 9.51 9.94 9.90 9.56 9.16 8.81 8.30 7.64 7.31 7.43 7.70 7.99 8.25 8.48 8.79 9.62 10.27 9.67 7.94 6.49 5.65 5.28 5.22 5.38 5.39 5.50 5.77 5.91 5.86 5.73 5.55 5.49 5.71 6.04 6.51 7.07 7.60 7.88 7.43 6.40 5.84 5.91 6.37 6.65 6.24 5.12 4.07 3.83 4.23 4.74 5.25 6.13 7.48 8.98 9.72 9.47 8.35
9.64 8.91 7.90 7.58 7.57 7.65 7.63 7.29 6.75 6.25 6.04 6.21 6.69 7.30 7.86 8.27 8.62 8.97 9.27 9.43 9.43 9.40 9.58 9.88 9.91 9.68 9.62 9.93 10.13 9.72 8.85 8.21 7.76 7.47 7.29 7.27 7.37 7.67 8.01 8.42 8.78 9.04 9.44 9.38 8.21 6.47 5.34 4.76 4.50 4.56 4.61 4.56 4.84 5.41 5.80 5.90 5.93 6.01 6.33 6.66 7.11 7.76 8.38 8.76 8.51 7.94 7.07 6.97 7.44 7.69 7.11 5.99 4.94 4.72 5.23 5.95 6.74 7.66 8.82 9.92 10.36 9.96 8.82 7.61
9.66 8.83 7.57 7.13 7.02 7.00 7.01 6.81 6.40 5.99 5.81 5.96 6.44 7.09 7.67 8.02 8.30 8.53 8.67 8.74 8.86 9.10 9.39 9.44 9.14 9.00 9.36 9.90 9.89 9.27 8.39 7.53 6.96 6.75 7.01 7.38 7.75 8.00 8.19 8.38 8.59 8.57 8.57 8.24 7.18 5.62 4.63 4.31 4.35 4.47 4.43 4.41 4.73 5.41 6.02 6.42 6.68 6.93 7.15 7.33 7.79 8.72 9.53 9.83 9.37 8.83 8.39 8.28 8.50 8.33 7.35 6.41 6.18 6.92 7.93 8.85 9.73 10.50 11.04 11.04 10.38 9.19 8.00 7.16
9.63 8.65 7.18 6.64 6.24 6.00 5.96 5.89 5.71 5.44 5.21 5.20 5.44 5.80 6.16 6.40 6.52 6.46 6.19 6.18 6.88 7.72 8.02 7.68 7.12 7.47 8.65 9.49 9.46 8.98 8.62 8.28 7.90 7.63 7.59 7.83 8.12 8.27 8.20 8.01 7.83 7.66 7.62 7.63 7.03 5.80 5.04 5.09 5.30 5.37 5.36 5.43 5.57 5.92 6.38 6.85 7.32 7.78 8.07 8.46 9.20 10.15 10.56 10.37 9.77 9.28 9.15 9.34 9.46 9.23 8.81 8.68 9.24 10.09 10.80 11.38 11.79 11.93 11.63 10.74 9.60 8.51 7.67 6.99
9.32 8.21 6.68 6.12 5.78 5.50 5.27 5.11 4.98 4.70 4.34 4.11 4.06 4.13 4.26 4.41 4.45 4.21 4.07 4.39 5.19 6.01 6.19 5.72 5.57 6.50 8.29 9.22 9.07 8.38 8.29 8.45 8.52 8.51 8.22 7.99 7.83 7.77 7.48 7.12 6.89 7.10 7.50 7.98 7.84 7.38 6.96 7.00 7.13 7.13 7.10 6.95 6.70 6.58 6.63 6.89 7.35 8.00 8.78 9.71 10.63 10.95 10.63 9.79 8.82 8.58 9.11 9.57 9.92 10.09 10.38 10.86 11.43 11.76 11.77 11.90 11.79 11.36 10.53 9.60 8.76 8.03 7.42 6.78
8.92 8.01 6.59 5.92 5.61 5.37 5.09 4.79 4.55 4.27 3.84 3.46 3.26 3.26 3.34 3.40 3.40 3.51 3.78 4.29 4.84 5.18 5.14 4.97 5.36 6.70 8.54 9.21 8.72 7.64 7.37 7.54 7.86 8.10 7.91 7.38 6.81 6.50 6.37 6.26 6.39 7.13 8.10 8.83 8.86 8.71 8.63 8.52 8.46 8.36 7.94 7.44 7.08 6.91 6.86 7.02 7.46 8.25 9.30 10.24 10.63 10.25 9.34 8.14 7.54 7.77 8.63 9.22 9.41 9.81 10.34 10.80 11.08 11.05 10.80 10.42 9.90 9.20 8.63 8.12 7.62 7.19 6.79 6.33
8.74 8.13 7.03 6.30 5.88 5.56 5.19 4.80 4.56 4.37 4.12 3.88 3.74 3.64 3.58 3.59 3.74 4.19 4.75 5.10 5.23 5.30 5.34 5.42 6.09 7.55 8.97 9.27 8.40 7.13 6.58 6.48 6.69 6.88 6.92 6.65 6.17 5.85 5.87 6.25 6.87 7.95 8.91 9.34 9.14 8.90 8.86 8.89 8.78 8.40 7.62 7.12 6.98 7.03 7.11 7.34 7.83 8.72 9.59 9.91 9.44 8.43 7.50 6.82 6.90 7.62 8.37 8.56 8.41 8.66 9.03 9.17 9.05 8.90 8.70 8.31 7.68 7.03 6.58 6.35 6.08 5.87 5.61 5.38
8.67 8.19 7.35 6.79 6.35 5.89 5.42 5.13 5.04 5.06 5.12 5.17 5.14 4.91 4.64 4.54 4.77 5.20 5.63 5.99 6.04 6.11 6.36 6.72 7.40 8.74 9.49 9.49 8.56 7.17 6.42 6.00 5.82 5.90 6.26 6.62 6.75 6.89 7.09 7.47 8.12 8.91 9.38 9.32 8.77 8.41 8.47 8.56 8.38 8.04 7.52 7.20 7.11 7.17 7.28 7.49 8.00 8.83 9.43 9.09 8.10 7.21 6.59 6.31 6.55 7.27 7.97 7.91 7.55 7.61 7.78 7.68 7.39 7.12 6.82 6.59 6.05 5.39 4.79 4.50 4.41 4.16 3.94 3.83
8.62 8.13 7.36 6.85 6.47 6.05 5.76 5.74 5.94 6.27 6.57 6.66 6.41 6.02 5.66 5.50 5.63 5.92 6.20 6.66 6.94 7.31 7.76 8.17 8.75 9.69 10.30 10.02 9.10 7.86 7.11 6.58 6.20 6.24 6.62 7.21 7.82 8.34 8.59 8.72 8.91 9.19 9.25 8.95 8.38 7.97 7.95 7.83 7.62 7.52 7.47 7.37 7.29 7.29 7.45 7.75 8.32 9.00 9.03 8.14 7.08 6.53 6.12 5.90 6.14 7.02 7.77 7.64 7.05 6.90 6.83 6.68 6.47 6.07 5.51 5.08 4.64 4.06 3.45 3.01 2.76 2.52 2.33 2.41
8.62 8.10 7.27 6.70 6.29 5.99 5.97 6.21 6.69 7.25 7.68 7.70 7.46 7.13 6.79 6.52 6.40 6.52 6.79 7.24 7.65 8.24 8.55 9.01 9.81 10.80 11.01 10.39 9.35 8.51 8.05 7.73 7.49 7.44 7.50 7.77 8.15 8.48 8.62 8.58 8.59 8.77 8.78 8.45 7.94 7.43 7.20 6.89 6.62 6.66 6.88 7.04 7.19 7.32 7.65 8.14 8.66 8.78 8.07 6.92 6.23 5.95 5.69 5.82 6.40 7.38 7.71 7.16 6.38 6.07 5.91 5.75 5.63 5.28 4.66 4.03 3.45 2.92 2.33 1.87 1.64 1.58 1.71 2.14
8.62 8.02 7.05 6.44 6.03 5.80 5.80 6.00 6.44 7.01 7.51 7.80 7.95 8.01 7.94 7.72 7.43 7.31 7.48 7.75 8.02 8.56 8.94 9.57 10.54 11.23 11.07 10.04 8.95 8.47 8.38 8.43 8.44 8.17 7.89 7.78 7.71 7.63 7.63 7.85 8.14 8.37 8.35 7.98 7.50 7.02 6.64 6.20 5.86 5.74 5.86 6.18 6.65 7.09 7.60 8.03 8.18 7.67 6.53 5.85 5.66 5.52 5.62 6.21 6.86 7.26 6.99 6.06 5.22 4.86 4.70 4.42 4.22 4.10 3.74 3.16 2.45 1.85 1.47 1.42 1.56 1.81 2.27 3.09
8.49 7.78 6.64 6.14 5.85 5.64 5.50 5.37 5.38 5.60 5.99 6.72 7.52 8.18 8.61 8.65 8.42 8.18 8.14 8.22 8.36 8.81 9.27 10.25 10.78 10.91 10.23 9.21 8.19 7.76 7.79 8.02 8.15 7.94 7.70 7.52 7.33 7.27 7.51 7.92 8.16 8.18 7.98 7.77 7.55 7.15 6.62 5.93 5.26 4.90 5.00 5.50 6.23 6.78 7.20 7.29 6.87 5.94 5.18 5.07 5.02 4.88 5.28 5.94 6.21 6.13 5.76 5.05 4.31 3.79 3.53 3.35 3.24 3.04 2.66 2.22 1.81 1.59 1.73 2.19 2.73 3.19 3.73 4.68
8.29 7.50 6.37 6.00 5.81 5.65 5.45 5.16 4.81 4.58 4.65 5.23 6.31 7.45 8.37 8.85 8.94 8.84 8.79 8.86 8.98 9.25 9.69 10.40 10.70 10.25 9.36 8.36 7.43 6.86 6.67 6.75 7.00 7.21 7.36 7.40 7.39 7.52 7.87 8.17 8.18 7.96 7.75 7.77 7.71 7.10 6.19 5.24 4.78 4.89 5.41 6.15 6.71 6.89 6.76 6.33 5.50 4.69 4.38 4.38 4.22 4.09 4.33 4.76 5.08 5.24 5.32 5.07 4.56 4.13 3.95 3.74 3.39 2.87 2.31 2.07 2.17 2.52 3.11 3.76 4.41 5.05 5.63 6.65
8.13 7.41 6.40 6.03 5.86 5.76 5.65 5.51 5.27 4.93 4.70 4.93 5.67 6.62 7.57 8.35 8.81 9.25 9.36 9.64 9.88 10.08 11.00 11.06 10.74 9.86 8.86 7.97 7.13 6.61 6.40 6.40 6.48 6.64 6.92 7.20 7.36 7.50 7.76 8.04 7.87 7.52 7.36 7.49 7.39 6.46 5.59 5.33 5.80 6.58 7.27 7.64 7.59 7.17 6.62 6.04 5.51 5.11 4.90 4.70 4.47 4.38 4.53 4.87 5.57 6.22 6.49 6.34 6.02 5.77 5.50 5.00 4.12 3.34 2.90 2.94 3.33 3.97 4.69 5.57 6.55 7.48 8.24 9.49
8.02 7.32 6.42 6.08 5.97 5.94 5.98 6.13 6.31 6.34 6.19 6.14 6.42 6.88 7.38 8.10 8.76 9.52 9.89 10.36 10.85 11.08 11.54 11.28 10.65 9.57 8.77 8.25 7.70 7.49 7.49 7.40 7.06 6.84 6.91 7.10 7.24 7.40 7.58 7.48 7.14 6.83 6.83 7.12 7.19 6.84 6.88 7.54 8.28 8.69 8.75 8.45 7.90 7.27 6.93 6.84 6.79 6.72 6.58 6.41 6.31 6.44 6.78 7.36 8.01 8.21 7.79 7.25 6.84 6.45 5.83 4.96 4.06 3.65 3.72 4.16 4.72 5.51 6.64 8.23 9.82 10.94 11.76 12.69
7.86 7.22 6.42 6.12 6.13 6.19 6.36 6.72 7.25 7.73 7.99 8.13 8.20 8.14 8.16 8.58 9.25 10.20 10.77 11.22 11.68 11.82 11.58 11.05 10.12 9.30 8.90 8.71 8.51 8.39 8.34 8.25 7.94 7.70 7.54 7.42 7.39 7.40 7.25 6.88 6.65 6.77 6.98 7.40 7.79 8.02 8.37 8.86 9.08 8.89 8.54 8.12 7.73 7.39 7.26 7.38 7.47 7.59 7.74 7.92 8.12 8.49 8.90 9.19 9.04 8.40 7.38 6.75 6.30 5.61 4.77 4.10 3.85 4.07 4.66 5.43 6.25 7.48 9.37 11.49 13.00 13.83 14.05 13.95
