project/data/elevation/US_DEM2016/US_DEM2016_point_10-29-2019_1212_30m_ang.asc
ncols	125
nrows	167
xllcorner	-2042055.000000
yllcorner	1465035.000000
cellsize	30.000000
NODATA_value	-9999.000000
[rows 0 to 41 of 167, columns 0 to 93 of 125]
120 122 124 127 129 128 126 126 127 131 136 141 141 133 132 137 144 147 143 132 121 120 126 133 138 141 142 140 129 113 102 94 91 93 94 94 92 92 93 92 91 89 89 92 95 97 97 95 97 107 119 129 137 142 144 145 145 142 139 137 135 132 129 126 125 126 129 131 130 128 128 128 129 130 129 129 129 128 126 128 133 135 125 124 132 141 144 143 134 119 109 103 96 91
120 122 124 127 129 128 126 126 127 131 136 141 141 133 132 137 144 147 143 132 121 120 126 133 138 141 142 140 129 113 102 94 91 93 94 94 92 92 93 92 91 89 89 92 95 97 97 95 97 107 119 129 137 142 144 145 145 142 139 137 135 132 129 126 125 126 129 131 130 128 128 128 129 130 129 129 129 128 126 128 133 135 125 124 132 141 144 143 134 119 109 103 96 91
119 120 122 126 130 130 129 127 126 127 131 138 141 134 129 133 140 146 146 138 126 122 124 130 135 138 140 138 127 112 101 95 93 94 96 97 97 97 97 96 94 93 93 95 98 101 103 103 106 112 119 126 134 140 142 143 142 141 138 136 133 132 129 127 125 124 126 127 129 129 128 129 129 129 128 127 128 128 126 125 130 135 128 124 128 138 144 143 136 123 114 109 103 101
119 119 121 125 130 133 132 129 125 122 123 130 138 133 123 123 132 142 148 143 131 124 122 124 127 129 131 130 121 110 101 98 98 100 101 103 104 105 106 106 105 104 104 105 106 108 111 114 115 116 118 122 127 133 136 137 137 136 134 133 131 131 130 127 124 121 120 122 124 126 127 127 128 127 126 124 125 126 124 121 124 133 130 122 123 132 141 144 138 128 122 118 115 115
119 120 122 125 129 132 132 129 125 121 119 123 133 131 120 117 124 137 147 142 130 123 120 121 121 121 122 121 117 110 105 104 105 106 107 108 109 110 112 115 116 115 114 113 112 113 115 116 116 116 117 119 123 127 129 129 128 127 127 127 127 127 128 126 122 119 118 117 118 119 120 121 122 122 122 122 122 122 121 120 123 130 129 121 119 124 135 142 137 129 126 125 122 121
118 119 122 125 128 130 131 130 126 121 117 119 128 129 119 115 121 135 144 139 127 121 118 118 118 117 118 120 118 114 111 110 110 111 111 111 111 112 115 119 121 120 119 117 115 115 116 116 115 114 115 117 121 123 124 123 122 122 123 123 122 121 122 122 120 117 116 115 114 113 113 113 114 116 117 118 119 119 119 120 123 127 126 120 115 117 129 138 134 129 128 128 125 122
116 118 122 125 127 129 129 128 125 122 118 119 126 129 121 116 119 132 141 135 124 117 115 115 117 117 118 119 120 118 115 113 113 113 113 113 113 115 117 119 121 121 121 119 116 114 114 114 112 111 113 116 120 122 124 124 125 126 126 124 120 116 115 116 115 114 113 114 114 113 112 111 111 112 113 114 115 116 117 120 122 124 123 119 114 115 125 135 132 129 130 129 124 120
116 118 122 125 126 127 126 124 122 121 120 120 125 128 122 116 117 126 136 131 120 115 113 114 117 119 119 119 121 120 118 115 114 115 117 119 119 119 120 120 121 121 121 120 117 113 112 111 111 111 113 116 120 124 126 127 128 127 127 124 119 115 112 111 110 110 111 113 116 116 113 111 110 110 110 111 112 113 116 119 121 121 121 119 116 116 124 132 130 129 130 127 121 115
115 117 122 125 125 124 123 121 120 121 121 123 126 127 123 117 115 120 128 125 118 114 113 113 116 119 121 122 122 122 120 118 118 120 123 124 124 123 123 123 123 122 121 122 121 118 115 114 113 114 114 117 121 123 123 122 122 122 120 118 115 113 111 110 108 107 110 114 118 118 114 110 109 110 111 112 113 115 118 120 121 120 120 120 120 121 127 131 129 129 129 125 117 109
113 115 120 123 123 122 120 120 120 123 124 125 127 128 124 118 115 118 123 121 118 115 115 115 116 120 124 124 124 124 123 122 122 124 125 125 124 123 123 124 124 124 123 124 126 125 121 116 115 115 115 116 119 119 117 114 112 111 110 110 109 109 110 111 110 109 111 116 119 120 115 111 111 114 116 118 119 120 122 124 125 124 123 124 125 127 131 132 129 128 126 121 112 105
110 111 115 119 121 122 122 123 124 127 128 128 128 129 127 121 117 119 122 120 118 118 119 119 120 122 125 125 125 126 126 125 123 122 123 122 120 119 119 121 122 123 122 124 127 128 124 117 115 115 115 115 116 117 115 110 106 105 104 105 105 107 110 114 115 114 114 117 120 121 118 115 115 118 121 123 123 124 125 127 127 127 127 128 129 132 134 132 128 126 123 118 114 112
108 108 111 116 121 125 126 127 129 131 131 131 130 130 129 126 123 125 124 120 118 119 121 123 123 125 127 128 127 126 125 123 120 118 117 117 117 116 117 117 118 118 119 120 124 127 124 118 114 113 113 113 114 115 113 110 106 104 103 103 105 108 112 117 120 118 115 116 119 121 122 119 118 121 124 125 124 122 121 121 121 122 123 125 128 133 134 132 128 126 125 123 122 122
109 110 113 117 120 124 126 127 129 131 132 132 132 132 131 130 129 129 127 120 117 117 121 123 125 127 127 127 126 124 121 117 113 110 110 114 115 114 114 114 115 115 115 116 118 121 122 117 114 112 112 111 110 108 108 108 108 107 105 105 107 111 115 119 122 120 116 116 119 122 123 121 121 123 125 124 120 115 111 108 109 112 115 118 123 129 133 133 131 130 131 132 130 129
111 113 117 120 120 120 121 122 124 126 127 128 130 132 132 133 133 131 127 121 115 115 117 120 123 125 124 122 120 117 113 108 104 103 106 111 111 110 110 111 112 113 113 112 112 115 117 117 114 112 111 109 104 102 105 109 112 112 110 110 111 113 116 120 122 122 120 119 120 122 124 123 123 123 122 117 112 107 104 102 105 109 114 117 120 126 132 136 137 135 135 136 134 132
112 114 118 122 120 116 114 114 115 117 119 121 124 128 129 131 134 133 128 121 116 114 115 118 120 120 117 114 111 109 107 103 101 102 106 107 108 109 109 109 110 111 111 110 109 112 115 116 115 113 110 106 103 104 109 114 118 118 115 114 114 115 118 121 124 126 125 124 123 123 123 123 122 120 114 109 107 107 106 105 107 112 117 120 123 128 134 140 141 137 136 137 135 131
110 111 115 118 117 111 106 104 105 108 110 113 118 122 124 127 132 133 129 123 118 116 115 115 115 114 112 109 107 107 108 108 107 107 108 108 110 113 114 113 113 114 114 115 116 114 114 114 113 110 107 106 107 110 114 118 123 122 118 117 118 120 122 125 128 130 131 130 128 125 124 123 120 113 109 109 110 111 110 109 110 114 118 123 127 132 137 143 143 139 136 137 135 129
108 109 110 111 108 103 100 100 102 105 108 111 116 121 124 125 128 132 130 125 121 118 115 113 112 112 112 112 111 111 112 113 113 112 112 113 115 118 119 119 118 120 122 124 123 118 114 111 109 107 107 109 111 114 118 122 127 125 122 123 124 125 126 128 130 132 134 135 132 126 123 122 118 113 113 114 115 115 113 112 113 116 121 125 130 134 139 144 145 141 137 136 134 128
110 110 110 106 100 99 101 105 109 112 115 118 122 126 129 128 128 130 130 127 123 119 115 112 112 114 115 116 116 115 115 116 117 117 117 117 118 121 124 124 124 126 127 127 125 120 113 107 104 106 108 111 114 117 121 127 130 127 126 127 128 128 127 128 128 131 134 137 135 128 122 121 122 122 122 123 123 122 119 117 117 119 124 128 133 136 139 143 144 142 138 137 135 130
110 110 110 105 101 103 108 114 119 123 125 128 130 132 134 133 131 131 131 128 124 120 115 113 115 117 118 119 120 119 118 119 121 122 122 122 122 124 128 129 128 128 127 126 123 117 109 103 101 104 109 113 117 120 124 129 131 127 127 128 129 128 127 126 125 127 131 135 137 131 124 124 127 129 129 131 132 131 128 125 123 124 126 130 133 135 136 138 141 143 141 138 138 137
109 108 106 105 106 110 116 122 127 130 132 133 134 136 138 138 137 135 132 129 126 121 117 116 117 118 119 120 122 123 122 123 126 129 130 128 127 127 129 131 129 127 124 122 117 111 106 104 104 107 112 117 121 123 126 130 130 127 126 127 127 127 126 124 122 122 126 131 137 134 127 125 126 128 130 133 135 134 131 128 125 125 126 129 131 132 133 136 140 144 145 141 141 141
108 105 104 108 113 117 122 126 129 131 133 133 134 136 139 141 142 140 136 132 128 124 121 119 120 121 122 123 125 127 127 127 129 132 133 132 128 126 127 128 126 122 118 114 109 106 107 109 111 113 117 121 123 125 128 130 129 126 125 124 124 124 123 121 118 117 119 123 131 133 128 124 123 123 125 128 131 130 127 124 121 120 122 125 129 133 137 140 143 149 150 145 142 140
113 112 113 118 120 122 124 126 129 129 130 130 132 134 138 141 144 143 139 136 133 130 126 124 124 125 126 127 130 132 131 130 129 130 131 130 125 122 121 121 119 114 109 105 104 108 112 116 118 120 121 123 124 125 127 128 127 125 122 120 118 117 117 115 112 110 110 112 120 126 126 122 119 118 119 121 123 123 122 121 116 113 115 121 128 134 138 141 144 151 153 147 141 138
120 121 123 124 124 123 123 124 125 126 126 128 130 133 136 140 144 144 142 139 136 133 130 127 126 126 128 129 132 133 132 130 127 126 125 124 120 116 114 112 108 104 101 103 108 114 117 120 121 122 122 122 122 123 124 124 124 121 118 114 111 108 107 107 106 104 104 106 112 120 122 120 116 114 115 116 118 119 120 123 118 112 111 115 123 129 132 135 139 147 151 147 140 138
118 121 124 123 122 121 120 121 122 123 124 126 129 132 135 139 143 144 142 138 134 131 128 126 125 125 126 128 129 130 129 127 123 120 119 118 115 110 106 102 100 99 103 109 114 118 120 121 122 122 121 121 121 120 119 118 118 117 114 109 105 101 101 103 104 104 105 109 114 118 120 119 115 112 113 115 118 118 120 123 121 115 109 109 113 120 125 130 136 142 148 147 140 139
114 115 118 117 116 116 116 117 119 121 122 125 128 132 136 139 141 142 140 135 130 127 125 124 123 122 123 124 124 124 122 119 115 113 112 112 107 103 99 99 101 105 110 115 119 121 122 122 123 122 121 122 122 120 117 114 113 113 111 105 101 99 101 104 107 109 112 114 116 117 118 117 115 112 112 116 118 117 119 122 121 118 111 106 108 115 123 130 136 141 145 146 140 137
111 111 113 112 114 111 112 114 116 118 120 123 126 131 136 140 141 142 139 133 129 127 126 126 125 123 121 120 118 116 113 109 106 105 106 105 102 100 101 104 109 113 116 119 122 123 123 123 123 122 122 122 122 121 118 114 112 110 108 104 102 103 106 110 113 115 117 117 116 115 117 117 115 112 112 115 116 115 116 121 121 120 115 109 107 111 119 126 134 139 143 145 140 136
110 111 113 112 109 108 111 113 116 118 120 123 126 131 137 141 143 143 140 134 132 131 130 129 126 122 118 115 112 108 103 99 99 101 103 104 105 105 107 112 115 117 119 121 124 124 126 121 121 121 122 122 124 124 120 116 112 109 108 108 109 112 116 119 120 121 121 119 117 118 118 118 115 112 113 115 114 113 116 120 123 123 121 114 108 108 113 121 129 135 140 144 140 135
109 111 114 113 110 108 109 113 117 120 123 126 130 134 139 144 146 145 140 135 132 131 129 127 123 119 114 110 105 99 94 95 100 105 107 109 111 112 113 116 119 119 120 122 125 125 123 120 118 118 119 121 125 127 124 119 114 112 112 115 118 122 126 129 129 127 125 123 122 122 120 117 114 114 115 115 114 115 118 122 125 126 124 119 112 108 109 115 125 132 137 142 140 135
109 111 114 116 114 109 107 110 116 120 123 127 132 136 140 146 147 145 139 133 130 128 125 121 117 112 107 102 97 93 95 101 107 111 112 113 115 117 117 118 120 121 121 123 125 125 124 120 117 115 117 120 126 130 128 124 120 118 118 120 122 125 128 125 131 130 130 129 127 124 121 117 116 117 117 116 116 118 122 125 127 128 127 123 117 111 108 111 120 128 134 139 139 134
110 112 116 119 119 113 109 109 113 117 120 124 129 133 139 145 147 142 135 129 125 122 118 114 109 105 101 96 94 97 105 110 113 115 116 117 118 120 120 120 121 122 122 123 124 125 125 123 119 116 117 120 126 131 133 131 126 123 122 121 121 123 126 128 128 127 124 130 131 129 127 124 122 121 120 119 121 123 126 128 129 129 127 124 121 116 111 110 115 124 131 136 138 135
110 112 116 121 122 118 113 110 111 115 118 122 126 131 136 142 144 138 131 125 119 114 109 105 101 97 95 95 100 108 113 116 117 118 118 118 119 120 121 120 120 121 122 122 123 125 126 127 124 119 117 118 125 133 139 139 131 125 122 119 118 120 124 126 126 123 123 126 130 132 132 130 127 126 125 125 126 127 128 128 127 126 125 124 121 118 115 111 112 118 127 134 138 138
109 110 113 118 123 123 117 112 111 113 118 122 126 132 137 141 140 133 126 120 112 105 100 98 95 93 94 100 108 113 115 116 117 117 117 117 116 117 118 118 119 120 121 122 123 125 128 130 128 123 117 116 121 132 142 143 133 125 120 115 114 117 123 127 127 123 120 122 125 128 130 129 126 125 127 128 127 126 125 123 123 123 122 121 119 118 117 114 112 114 121 129 136 140
106 107 109 114 120 123 121 116 113 112 115 120 125 131 137 141 138 130 122 115 106 99 96 96 96 96 99 105 112 115 114 114 114 115 114 113 112 113 115 116 116 117 119 120 122 124 127 131 130 126 120 115 117 128 141 144 134 124 116 112 110 114 121 128 129 124 121 121 121 123 126 127 123 121 122 124 123 120 120 121 121 121 118 116 117 117 117 116 114 113 116 122 131 139
106 106 108 112 117 121 123 120 115 112 112 115 121 128 135 139 136 127 120 112 105 101 101 102 103 104 106 109 114 117 117 115 115 115 113 111 112 113 114 114 114 115 115 116 116 116 119 125 129 129 123 116 115 123 138 143 134 124 114 109 108 112 121 128 130 125 121 121 119 119 124 127 121 117 116 116 116 117 119 121 120 116 113 114 117 118 118 117 116 114 114 117 124 134
109 110 112 115 117 120 123 122 119 115 112 112 117 124 132 137 134 127 121 115 111 109 109 111 113 113 112 113 116 120 122 120 118 118 116 115 114 114 114 112 112 112 112 111 109 109 113 119 127 131 128 118 114 118 135 142 134 124 114 108 107 112 121 128 130 126 122 121 119 117 122 127 121 115 114 113 112 114 118 119 116 113 112 115 119 122 122 121 119 117 117 117 122 131
112 114 117 120 122 123 124 124 123 119 115 112 113 119 129 135 134 129 126 122 120 119 119 120 120 119 117 117 118 121 125 125 122 120 119 117 117 116 115 113 111 110 109 108 109 112 115 121 127 134 133 123 115 117 133 141 134 124 114 109 109 113 120 126 129 128 124 122 120 117 121 128 122 115 117 118 113 111 114 118 119 117 118 120 124 127 126 124 122 121 122 123 126 132
112 115 120 122 124 125 126 126 125 122 117 113 111 114 123 132 134 133 132 129 126 126 125 125 124 122 120 119 119 121 125 127 125 123 121 120 120 120 118 116 113 111 110 111 115 119 123 126 131 136 137 129 118 118 132 141 134 124 114 110 110 113 118 123 127 129 127 124 121 117 120 127 122 116 119 123 118 112 112 118 124 124 123 125 127 128 125 121 120 121 124 127 130 134
110 112 117 120 121 122 123 125 126 123 119 115 113 113 119 128 133 134 134 132 129 127 126 125 123 121 119 118 118 120 124 127 127 125 123 122 122 122 121 120 119 117 117 118 121 125 127 129 132 136 138 133 122 120 132 140 133 124 116 111 110 112 116 121 125 129 129 127 123 118 119 126 122 116 120 126 123 117 114 117 123 123 122 123 124 123 119 117 119 122 125 128 131 136
107 108 112 116 117 117 118 120 122 121 119 117 116 115 118 124 129 131 133 130 127 124 122 121 119 117 116 115 116 118 122 126 127 126 124 123 124 124 123 124 124 123 122 121 124 126 127 127 127 131 135 135 126 123 132 139 133 124 116 111 109 110 113 117 121 126 128 127 124 119 119 125 123 117 119 128 127 121 116 117 121 119 115 114 116 117 119 122 126 129 131 132 135 140
105 105 107 111 112 112 113 115 118 119 119 119 120 120 121 123 125 127 129 128 123 119 118 118 118 117 116 115 114 116 119 124 127 127 126 126 127 127 126 126 128 128 122 118 119 123 125 125 124 126 131 134 131 127 133 138 132 123 115 109 106 106 108 110 114 118 122 124 123 120 118 123 122 117 118 127 131 123 116 116 121 119 111 109 112 118 124 128 131 134 136 138 140 144
104 104 105 108 110 111 113 116 119 121 122 124 126 127 125 124 123 124 126 126 122 119 119 121 121 119 118 116 114 114 117 122 126 128 130 130 131 129 127 126 130 130 124 116 113 117 122 126 127 128 131 136 135 131 134 137 130 122 113 106 102 101 104 105 107 111 116 120 122 120 119 122 122 117 117 125 132 125 117 116 123 125 116 111 113 119 126 130 132 133 135 137 140 145
105 105 107 110 112 114 116 119 122 123 125 128 131 132 128 124 123 123 125 127 125 123 124 125 124 121 119 117 115 114 116 120 127 130 132 132 131 129 125 124 127 131 127 117 111 111 117 124 127 129 133 137 139 136 135 134 127 119 110 102 99 99 102 105 108 112 115 118 119 120 120 122 122 118 116 122 131 126 118 117 125 129 123 117 115 117 122 127 129 130 131 132 136 142
