project/data/elevation/US_DEM2016/US_DEM2016_point_10-31-2019_0854_30m_vel.asc
ncols	125
nrows	167
xllcorner	-2042055.000000
yllcorner	1465035.000000
cellsize	30.000000
NODATA_value	-9999.000000
[rows 0 to 37 of 167, columns 0 to 83 of 125]
6.18 5.53 4.90 5.43 6.62 7.99 9.20 10.00 10.25 10.38 10.69 11.38 11.79 11.26 10.64 10.49 10.45 10.38 10.12 9.75 9.38 9.28 9.52 9.92 10.31 10.42 10.23 9.45 8.27 6.98 5.77 4.68 3.84 3.31 3.11 3.22 3.67 4.42 5.22 5.74 6.02 6.20 6.34 6.34 6.01 5.48 5.04 5.10 5.59 6.34 7.08 7.84 8.52 9.23 9.53 9.66 9.47 8.62 7.81 7.30 7.07 7.12 7.41 7.94 8.30 8.38 8.18 7.56 6.53 5.84 5.65 5.84 6.24 6.69 7.03 7.22 7.40 7.77 8.23 8.54 8.87 9.01 8.45 8.02
6.18 5.53 4.90 5.43 6.62 7.99 9.20 10.00 10.25 10.38 10.69 11.38 11.79 11.26 10.64 10.49 10.45 10.38 10.12 9.75 9.38 9.28 9.52 9.92 10.31 10.42 10.23 9.45 8.27 6.98 5.77 4.68 3.84 3.31 3.11 3.22 3.67 4.42 5.22 5.74 6.02 6.20 6.34 6.34 6.01 5.48 5.04 5.10 5.59 6.34 7.08 7.84 8.52 9.23 9.53 9.66 9.47 8.62 7.81 7.30 7.07 7.12 7.41 7.94 8.30 8.38 8.18 7.56 6.53 5.84 5.65 5.84 6.24 6.69 7.03 7.22 7.40 7.77 8.23 8.54 8.87 9.01 8.45 8.02
6.15 5.54 5.03 5.50 6.37 7.45 8.45 9.14 9.50 9.68 10.00 10.56 10.82 10.58 10.14 10.03 10.07 10.13 9.91 9.43 9.13 9.07 9.26 9.53 9.73 9.71 9.28 8.45 7.49 6.46 5.50 4.65 3.98 3.56 3.35 3.37 3.65 4.15 4.72 5.20 5.45 5.62 5.79 5.99 6.10 6.06 5.94 5.91 6.21 6.69 7.22 7.74 8.23 8.64 8.88 9.02 9.05 8.80 8.23 7.54 7.03 6.79 6.98 7.34 7.60 7.71 7.76 7.65 7.33 6.82 6.51 6.43 6.48 6.58 6.67 6.80 7.01 7.36 7.67 7.87 8.04 8.20 8.15 8.07
6.61 5.96 5.51 5.80 6.30 6.81 7.33 7.63 7.73 7.97 8.43 8.76 8.86 8.77 8.77 8.80 8.90 9.17 9.15 8.89 8.78 8.78 8.78 8.66 8.47 8.20 7.68 7.10 6.51 5.95 5.41 4.93 4.61 4.43 4.29 4.14 4.03 4.07 4.22 4.50 4.97 5.38 5.73 6.10 6.54 6.92 7.16 7.18 7.18 7.25 7.42 7.51 7.58 7.52 7.51 7.42 7.54 7.89 8.04 7.90 7.48 7.02 6.71 6.55 6.35 6.32 6.62 7.13 7.50 7.64 7.54 7.24 6.84 6.45 6.19 6.16 6.33 6.54 6.60 6.50 6.61 7.09 7.64 8.06
7.05 6.46 6.08 6.19 6.37 6.58 6.67 6.68 6.54 6.57 6.86 7.15 7.25 7.23 7.35 7.46 7.57 7.85 8.26 8.62 8.78 8.61 8.30 7.78 7.24 6.90 6.76 6.58 6.37 6.17 5.98 5.83 5.76 5.71 5.58 5.28 4.92 4.67 4.56 4.71 5.23 5.83 6.40 6.89 7.15 7.39 7.60 7.77 7.80 7.71 7.62 7.45 7.16 6.77 6.40 5.75 5.43 5.65 6.36 7.14 7.47 7.37 6.98 6.34 5.82 5.45 5.37 5.64 6.13 6.52 6.68 6.62 6.41 6.11 5.87 5.77 5.81 5.86 5.82 5.74 5.95 6.58 7.26 7.60
7.09 6.66 6.43 6.55 6.52 6.49 6.38 6.06 5.83 5.74 5.81 6.06 6.33 6.50 6.81 7.08 7.25 7.34 7.78 8.34 8.54 8.21 7.65 6.91 6.34 6.25 6.38 6.49 6.56 6.66 6.76 6.81 6.77 6.59 6.31 5.98 5.66 5.41 5.22 5.17 5.31 5.65 6.19 6.82 7.22 7.42 7.61 7.84 7.91 7.84 7.72 7.54 7.25 6.57 5.74 4.98 4.68 4.79 5.20 5.76 6.35 6.68 6.58 6.04 5.48 5.05 4.78 4.68 4.73 4.88 5.07 5.22 5.30 5.33 5.30 5.27 5.28 5.34 5.41 5.52 5.78 6.22 6.61 6.64
7.17 6.95 6.82 6.96 6.83 6.54 6.13 5.56 5.18 5.08 5.14 5.34 5.69 6.19 6.76 7.13 7.47 7.55 7.52 7.57 7.63 7.40 6.92 6.35 6.11 6.18 6.32 6.40 6.57 6.88 7.18 7.34 7.22 7.00 6.76 6.57 6.43 6.25 5.95 5.59 5.38 5.40 5.61 6.02 6.44 6.60 6.72 6.89 7.16 7.32 7.47 7.54 7.36 7.04 6.53 6.02 5.94 5.94 5.86 5.72 5.62 5.66 5.63 5.39 5.00 4.62 4.37 4.28 4.30 4.37 4.46 4.54 4.60 4.65 4.67 4.66 4.65 4.71 4.93 5.25 5.57 5.83 5.91 5.68
7.20 7.24 7.44 7.45 7.26 6.62 5.87 5.13 4.79 4.83 4.85 4.86 5.24 5.94 6.55 6.83 7.18 7.30 6.98 6.61 6.51 6.48 6.35 6.23 6.22 6.29 6.40 6.41 6.50 6.81 7.21 7.48 7.55 7.60 7.72 7.94 7.99 7.77 7.31 6.70 6.06 5.56 5.34 5.28 5.26 5.35 5.42 5.60 6.11 6.81 7.24 7.49 7.60 7.81 7.91 7.85 7.56 7.22 6.74 6.14 5.55 5.16 5.02 4.89 4.63 4.29 4.11 4.18 4.35 4.45 4.46 4.40 4.33 4.30 4.33 4.36 4.36 4.45 4.71 4.99 5.19 5.29 5.24 5.03
7.43 7.63 8.06 8.00 7.60 6.90 6.00 5.34 5.16 5.10 4.99 4.91 5.18 5.75 6.12 6.23 6.42 6.52 6.28 5.95 5.86 5.86 5.82 5.91 6.03 6.17 6.46 6.72 6.81 6.90 7.24 7.69 8.16 8.77 9.45 9.92 9.99 9.69 9.18 8.50 7.64 6.69 5.88 5.38 5.13 5.10 5.40 5.79 6.42 6.97 7.18 7.06 7.04 7.34 7.69 7.80 7.54 7.03 6.40 5.82 5.30 4.94 4.77 4.75 4.70 4.54 4.46 4.56 4.65 4.59 4.46 4.33 4.30 4.45 4.69 4.90 5.06 5.27 5.43 5.40 5.21 4.98 4.87 4.90
7.53 7.96 8.43 8.30 7.85 7.30 6.53 6.14 6.17 6.20 5.90 5.58 5.58 5.71 5.72 5.67 5.72 5.87 5.93 5.86 5.80 5.59 5.40 5.49 5.74 5.98 6.34 6.78 7.10 7.32 7.72 8.27 8.99 9.75 10.31 10.53 10.48 10.31 10.12 9.83 9.30 8.50 7.57 6.69 6.04 5.98 6.21 6.67 7.16 7.30 7.05 6.27 5.68 5.25 5.49 5.95 6.09 5.84 5.49 5.17 4.86 4.63 4.56 4.74 5.13 5.32 5.41 5.43 5.16 4.77 4.59 4.64 4.90 5.36 5.83 6.19 6.52 6.81 6.91 6.69 6.24 5.85 5.66 5.58
7.67 7.91 8.42 8.46 8.15 7.84 7.58 7.64 7.78 7.69 7.33 6.82 6.34 5.92 5.53 5.24 5.30 5.70 6.10 6.28 6.22 5.90 5.59 5.58 5.80 6.02 6.22 6.59 7.24 7.97 8.56 9.06 9.45 9.58 9.40 9.02 8.96 9.31 9.72 9.97 9.98 9.63 8.96 8.05 7.21 6.75 6.64 6.98 7.35 7.30 6.70 5.80 4.98 4.38 4.21 4.38 4.68 4.85 4.86 4.76 4.61 4.52 4.62 5.00 5.63 6.20 6.44 6.26 5.77 5.17 5.08 5.43 5.98 6.55 7.08 7.53 7.90 8.07 7.98 7.70 7.40 7.15 6.91 6.62
7.39 7.34 7.85 8.50 8.79 8.92 9.11 9.34 9.48 9.16 8.64 8.07 7.40 6.53 5.70 5.33 5.38 5.88 6.46 6.77 6.72 6.45 6.14 6.00 6.09 6.33 6.61 7.09 7.83 8.57 8.93 9.02 8.78 8.21 7.41 6.89 7.06 7.67 8.27 8.76 9.19 9.47 9.42 8.98 8.24 7.48 7.09 7.16 7.20 6.91 6.13 5.61 5.19 4.65 4.15 3.89 4.02 4.36 4.61 4.70 4.73 4.89 5.21 5.67 6.25 6.73 6.93 6.80 6.42 6.07 5.93 6.27 6.75 7.33 7.82 8.13 8.15 7.89 7.34 6.87 6.60 6.48 6.44 6.40
6.81 6.53 6.78 7.90 8.85 9.47 9.81 9.95 9.99 9.77 9.36 8.89 8.33 7.39 6.48 6.01 5.95 6.16 6.51 6.74 6.74 6.57 6.35 6.21 6.32 6.67 7.14 7.62 7.97 8.09 7.93 7.47 6.74 5.91 5.46 5.59 5.98 6.24 6.34 6.72 7.34 8.04 8.66 8.97 8.79 8.18 7.57 7.32 6.88 6.07 5.33 5.02 4.67 4.25 3.85 3.70 3.87 4.27 4.70 5.02 5.27 5.58 5.97 6.34 6.63 6.78 6.91 7.06 7.08 6.96 6.91 7.06 7.49 7.91 7.99 7.66 6.94 6.00 5.20 4.68 4.39 4.39 4.67 5.02
6.87 6.63 6.55 6.98 7.75 8.47 8.81 8.88 8.78 8.76 8.81 8.78 8.62 8.17 7.55 6.96 6.58 6.38 6.30 6.21 6.14 6.11 6.10 6.10 6.23 6.49 6.73 6.76 6.49 6.05 5.54 4.85 4.19 3.79 3.93 4.44 4.70 4.63 4.58 4.84 5.28 5.90 6.66 7.40 7.94 7.99 7.70 7.32 6.75 5.78 4.94 4.23 3.76 3.60 3.60 3.80 4.14 4.56 5.04 5.57 5.99 6.30 6.53 6.74 6.89 7.00 7.16 7.43 7.62 7.61 7.62 7.84 8.08 7.92 7.20 6.05 4.90 4.22 3.94 3.84 3.86 4.06 4.35 4.51
7.27 7.37 7.03 6.59 6.26 6.32 6.40 6.26 6.10 6.32 6.76 7.25 7.63 7.87 7.86 7.55 7.05 6.57 6.16 5.76 5.50 5.55 5.70 5.75 5.71 5.57 5.30 4.86 4.32 3.90 3.59 3.39 3.33 3.37 3.45 3.49 3.47 3.57 3.70 3.81 3.94 4.18 4.58 5.25 6.22 7.29 7.58 7.46 6.96 6.16 5.10 4.21 3.83 3.86 4.11 4.44 4.71 4.98 5.39 6.01 6.67 7.05 7.28 7.46 7.64 7.86 8.04 8.16 8.21 8.16 8.16 8.27 7.96 6.91 5.61 4.63 4.21 4.09 4.20 4.47 4.80 5.16 5.32 5.32
7.31 7.34 6.99 6.28 5.13 4.32 3.85 3.57 3.58 3.76 4.15 4.64 5.33 6.12 6.91 7.28 7.17 6.70 6.14 5.62 5.34 5.35 5.41 5.34 5.07 4.65 4.19 3.87 3.67 3.46 3.37 3.55 3.92 4.17 4.10 3.95 3.84 3.92 4.11 4.24 4.26 4.32 4.56 5.21 6.20 7.37 7.82 7.71 7.11 6.19 5.36 4.90 4.73 4.89 5.16 5.36 5.39 5.47 5.87 6.66 7.46 8.11 8.47 8.63 8.79 9.06 9.25 9.31 9.30 9.16 8.89 8.34 7.16 5.88 5.16 4.94 4.98 4.97 5.04 5.31 5.74 6.11 6.24 6.44
6.86 6.50 6.03 5.52 4.38 3.38 2.83 2.72 2.85 3.19 3.56 3.87 4.32 5.04 5.87 6.60 6.90 6.71 6.25 5.81 5.58 5.46 5.34 5.10 4.80 4.51 4.34 4.37 4.43 4.35 4.17 4.13 4.43 4.93 5.21 5.29 5.23 5.17 5.19 5.35 5.61 5.97 6.40 7.08 7.84 8.30 8.23 7.92 7.29 6.53 5.90 5.65 5.66 5.88 6.17 6.38 6.31 6.43 6.97 7.82 8.74 9.44 9.83 9.94 9.90 9.93 10.09 10.28 10.41 10.17 9.56 8.53 6.99 6.25 6.23 6.42 6.42 6.21 6.11 6.26 6.59 6.94 7.27 7.69
6.77 6.31 5.63 4.97 4.34 3.83 3.68 3.92 4.37 4.90 5.32 5.54 5.78 5.98 6.12 6.25 6.48 6.59 6.42 6.14 5.88 5.64 5.38 5.13 4.97 4.96 5.05 5.18 5.33 5.43 5.31 5.02 5.01 5.42 5.96 6.38 6.55 6.52 6.43 6.61 7.14 7.67 8.23 8.69 8.84 8.49 7.97 7.64 7.33 6.95 6.48 6.25 6.35 6.70 7.05 7.24 7.37 7.58 8.25 9.15 9.87 10.24 10.36 10.36 10.23 10.05 9.99 10.06 10.32 10.36 10.07 9.59 8.68 8.31 8.53 8.78 8.74 8.40 8.17 8.05 8.01 8.11 8.45 8.77
6.98 6.69 5.96 5.22 4.95 5.17 5.68 6.28 6.91 7.43 7.78 7.98 7.94 7.54 6.94 6.47 6.36 6.48 6.49 6.35 6.13 5.90 5.65 5.47 5.42 5.49 5.56 5.68 5.92 6.24 6.43 6.41 6.35 6.43 6.77 7.30 7.78 7.96 8.05 8.29 8.68 9.02 9.16 8.95 8.27 7.27 6.47 6.42 6.81 6.93 6.97 6.97 7.20 7.54 7.77 7.79 7.98 8.45 9.21 9.81 9.99 9.81 9.55 9.46 9.49 9.50 9.47 9.34 9.32 9.60 10.17 10.56 10.91 10.98 11.11 11.44 11.62 11.53 11.27 10.79 10.24 9.72 9.46 9.20
6.76 6.30 5.61 5.24 5.61 6.43 7.45 8.37 9.05 9.34 9.39 9.29 9.03 8.40 7.69 7.08 6.72 6.59 6.57 6.50 6.39 6.30 6.21 6.13 6.04 6.00 6.04 6.17 6.40 6.78 7.30 7.80 8.19 8.46 8.67 8.94 9.15 9.21 9.40 9.64 9.69 9.45 8.89 7.96 6.76 5.61 5.06 5.28 6.20 6.91 7.43 7.78 8.07 8.19 8.17 8.07 8.38 9.01 9.42 9.51 9.06 8.41 7.91 7.77 8.02 8.39 8.63 8.61 8.37 8.50 9.36 10.38 11.22 11.65 11.99 12.51 12.86 12.90 12.66 12.31 11.71 10.98 10.10 9.17
6.08 5.59 5.15 5.46 6.48 7.77 8.81 9.49 9.81 9.74 9.48 9.20 8.92 8.53 8.15 7.69 7.20 6.84 6.73 6.72 6.72 6.81 6.97 7.06 7.02 6.90 6.96 7.08 7.25 7.60 8.26 9.08 9.78 10.27 10.49 10.36 10.06 9.85 9.84 9.76 9.33 8.50 7.42 6.24 5.27 4.79 4.78 5.34 6.40 7.36 8.22 8.83 9.05 8.89 8.63 8.58 8.87 9.06 9.04 8.49 7.63 6.79 6.14 5.80 6.04 6.36 6.68 6.85 6.89 7.07 7.59 8.47 9.42 10.09 10.62 11.10 11.44 11.54 11.61 11.64 11.53 11.05 10.31 9.24
6.62 6.24 6.18 7.00 8.15 9.10 9.53 9.57 9.35 8.86 8.50 8.27 8.08 8.03 7.99 7.77 7.40 7.04 6.95 7.09 7.34 7.71 8.11 8.37 8.45 8.40 8.41 8.52 8.73 9.12 9.73 10.30 10.64 10.72 10.52 10.10 9.72 9.36 9.04 8.45 7.56 6.57 5.59 4.85 4.62 4.88 5.48 6.40 7.24 8.18 8.97 9.40 9.56 9.58 9.31 9.12 9.01 8.74 8.17 7.13 6.09 5.20 4.34 3.88 3.84 3.83 3.86 4.17 4.66 5.02 5.67 6.19 6.66 7.02 7.36 7.77 7.81 8.01 8.39 8.77 9.64 10.28 10.31 9.86
7.54 7.84 8.56 9.17 9.57 9.72 9.37 8.79 8.16 7.76 7.57 7.41 7.27 7.28 7.34 7.35 7.25 7.13 7.20 7.52 8.04 8.60 9.07 9.44 9.58 9.65 9.74 9.91 10.21 10.59 10.84 10.75 10.32 9.66 8.88 8.33 8.26 7.98 7.32 6.36 5.40 4.80 4.47 4.56 4.97 5.54 6.33 7.17 8.00 8.75 9.11 9.31 9.43 9.56 9.55 9.27 8.76 8.06 7.02 5.91 4.86 3.79 3.01 2.69 2.57 2.46 2.48 2.79 3.33 3.91 4.41 4.82 4.98 4.99 4.95 5.10 5.37 5.88 6.39 6.88 7.69 8.86 9.75 9.94
7.98 8.70 9.66 9.90 9.78 9.32 8.58 7.91 7.29 7.08 7.04 6.89 6.77 6.73 6.77 6.91 7.03 7.14 7.33 7.54 7.82 8.13 8.54 9.07 9.46 9.80 10.13 10.46 10.72 10.78 10.47 9.70 8.59 7.64 6.98 6.71 6.54 6.03 5.22 4.59 4.20 4.13 4.40 5.05 5.68 6.28 7.00 7.71 8.39 8.70 8.58 8.41 8.46 8.72 8.91 8.79 8.29 7.49 6.41 5.41 4.44 3.45 2.83 2.62 2.62 2.66 2.88 3.33 3.79 3.97 4.08 4.18 4.17 4.06 3.93 4.02 4.57 5.30 5.72 5.96 6.50 7.33 8.42 9.08
8.12 8.65 9.33 9.41 9.08 8.39 7.71 7.23 6.88 6.73 6.63 6.43 6.35 6.33 6.43 6.65 6.89 7.08 7.14 7.03 6.87 6.80 7.00 7.53 8.35 9.08 9.68 10.03 10.01 9.56 8.69 7.51 6.33 5.63 5.32 5.15 4.68 4.15 3.84 3.88 4.15 4.60 5.22 5.81 6.48 7.21 7.75 8.23 8.44 8.26 7.92 7.72 7.70 7.82 8.01 8.11 7.95 7.46 6.59 5.62 4.80 4.22 3.95 3.94 4.00 4.06 4.38 4.64 4.53 4.23 3.99 3.94 3.80 3.54 3.41 3.66 4.19 4.62 4.77 4.97 5.38 5.88 6.83 7.95
8.21 8.04 8.12 8.37 8.01 7.71 7.15 6.65 6.43 6.29 6.12 5.97 5.88 5.91 6.15 6.49 6.84 7.01 7.01 6.83 6.67 6.66 6.91 7.45 8.21 8.81 9.06 8.97 8.48 7.67 6.61 5.63 4.76 4.24 3.98 3.83 3.67 3.59 3.71 4.11 4.80 5.56 6.10 6.70 7.44 8.09 8.50 8.60 8.30 7.79 7.37 7.16 7.08 7.18 7.47 7.73 7.90 7.77 7.25 6.45 5.83 5.54 5.53 5.63 5.69 5.80 5.88 5.56 4.94 4.57 4.44 4.10 3.65 3.36 3.36 3.59 3.81 3.84 3.89 4.20 4.57 4.92 5.64 6.95
8.25 7.78 7.31 7.50 7.72 7.67 7.37 6.83 6.47 6.29 6.10 5.97 5.88 5.93 6.18 6.54 6.94 7.22 7.38 7.44 7.61 7.99 8.50 8.93 9.06 8.82 8.28 7.56 6.74 5.95 5.14 4.50 4.11 3.95 3.81 3.76 3.93 4.26 4.55 4.87 5.45 6.07 6.73 7.54 8.29 8.83 8.97 8.71 8.12 7.40 6.75 6.37 6.40 6.71 7.17 7.62 7.91 8.05 7.99 7.71 7.43 7.37 7.46 7.58 7.61 7.45 7.05 6.50 6.01 5.80 5.42 4.74 3.96 3.70 3.74 3.70 3.63 3.65 3.79 4.02 4.27 4.56 5.05 5.96
8.31 7.78 7.08 7.07 7.38 7.72 7.88 7.65 7.30 7.13 7.02 6.82 6.76 6.78 6.87 6.98 7.23 7.59 7.95 8.29 8.70 9.14 9.39 9.30 8.80 7.97 7.01 6.06 5.19 4.59 4.33 4.21 4.23 4.48 4.65 4.69 4.81 5.15 5.52 5.70 5.95 6.40 7.22 8.11 8.82 9.18 9.08 8.62 7.98 7.19 6.34 5.90 6.04 6.50 6.99 7.34 7.60 8.06 8.43 8.67 8.99 9.38 9.79 10.05 9.83 9.32 8.59 8.00 7.77 7.40 6.46 5.36 4.75 4.71 4.61 4.18 3.94 4.07 4.26 4.34 4.38 4.49 4.79 5.24
8.10 7.44 6.66 6.57 6.80 7.45 7.95 8.10 7.95 7.82 7.75 7.58 7.56 7.62 7.66 7.58 7.52 7.68 8.06 8.51 8.86 8.91 8.56 7.82 6.99 6.20 5.47 4.77 4.20 4.01 4.19 4.64 5.05 5.32 5.57 5.77 5.87 6.03 6.34 6.43 6.54 6.93 7.76 8.49 9.00 9.06 8.70 8.25 7.88 7.41 6.74 6.20 6.17 6.44 6.63 6.84 7.29 8.01 8.59 9.15 9.77 10.39 10.92 11.14 11.34 11.03 10.42 9.89 9.32 8.56 7.55 6.55 6.14 5.98 5.65 5.22 5.11 5.27 5.28 5.05 4.77 4.63 4.65 4.77
7.78 7.31 6.67 6.44 6.52 6.92 7.56 8.01 8.08 7.88 7.58 7.30 7.29 7.44 7.58 7.57 7.42 7.42 7.68 7.93 7.89 7.39 6.55 5.66 4.94 4.38 3.98 3.80 3.84 4.14 4.80 5.56 6.02 6.28 6.45 6.64 6.85 6.97 7.03 7.13 7.32 7.70 8.17 8.59 8.64 8.28 7.74 7.54 7.74 7.84 7.63 7.26 6.84 6.75 6.71 6.92 7.46 8.17 8.64 9.17 9.61 10.18 10.60 10.79 11.15 11.33 11.29 11.11 10.68 10.06 9.54 9.03 8.45 7.65 6.87 6.60 6.75 6.91 6.60 5.96 5.26 4.72 4.37 4.39
8.00 7.82 7.31 6.89 6.78 6.84 7.23 7.77 8.04 7.93 7.51 7.09 6.92 6.90 6.94 6.92 6.96 7.07 7.18 6.93 6.24 5.26 4.37 3.71 3.18 2.81 2.66 2.87 3.51 4.49 5.52 6.21 6.71 7.03 7.23 7.39 7.50 7.51 7.49 7.57 7.87 8.14 8.40 8.38 7.98 7.20 6.83 6.91 7.32 7.94 8.14 8.01 7.74 7.47 7.34 7.42 7.66 8.06 8.41 8.77 8.89 8.85 8.54 8.58 9.18 10.05 10.70 11.21 11.56 11.58 11.59 11.38 10.73 9.80 8.84 8.48 8.38 8.06 7.34 6.22 5.26 4.62 4.26 4.10
8.20 7.90 7.46 7.16 7.05 7.02 7.11 7.51 7.99 8.24 8.13 7.73 7.38 7.05 6.77 6.56 6.61 6.72 6.48 5.70 4.60 3.64 2.97 2.56 2.32 2.22 2.23 2.45 3.09 4.07 5.07 5.72 6.23 6.71 7.10 7.38 7.39 7.41 7.43 7.60 7.90 8.22 8.42 8.22 7.76 7.07 6.70 6.69 6.93 7.39 7.96 8.13 8.18 8.00 7.77 7.51 7.45 7.49 7.74 7.87 7.81 7.42 6.93 6.85 7.24 8.06 9.15 10.16 10.95 11.46 11.85 12.06 11.76 11.26 10.74 10.19 9.38 8.28 7.03 5.91 5.20 4.76 4.34 3.89
7.72 7.08 6.47 6.55 6.74 6.80 6.78 6.98 7.56 8.13 8.38 8.17 7.77 7.35 6.98 6.65 6.52 6.28 5.68 4.75 3.97 3.43 3.06 2.83 2.74 2.80 2.92 3.02 3.22 3.54 3.89 4.31 4.74 5.21 5.70 6.14 6.46 6.72 7.00 7.37 7.64 7.93 8.01 7.76 7.41 6.97 6.52 6.41 6.51 6.76 7.21 7.77 7.98 7.93 7.62 7.11 6.89 6.78 6.96 6.99 6.76 6.23 5.90 6.08 6.56 7.07 7.65 8.28 8.93 9.48 9.97 10.46 10.91 11.10 11.08 10.81 9.71 8.05 6.81 6.15 5.71 5.07 4.33 3.92
6.73 6.13 5.59 5.74 5.92 5.87 5.77 5.98 6.48 7.25 7.83 7.95 7.68 7.30 7.02 6.71 6.40 5.96 5.38 4.89 4.60 4.46 4.38 4.28 4.20 4.27 4.29 4.27 4.15 4.02 4.01 4.02 4.06 4.17 4.43 4.94 5.64 6.11 6.57 7.02 7.22 7.28 6.99 6.34 5.62 5.32 5.31 5.42 5.61 6.09 6.56 7.06 7.42 7.40 7.04 6.60 6.37 6.38 6.43 6.40 6.05 5.47 5.42 5.71 6.18 6.54 6.69 6.78 6.97 7.29 7.36 7.80 8.64 9.51 10.14 10.44 10.00 8.81 7.61 6.92 6.10 5.21 4.59 4.47
6.41 6.20 6.06 5.99 5.62 5.26 5.15 5.22 5.51 6.14 6.94 7.49 7.57 7.30 6.98 6.59 6.24 5.94 5.73 5.67 5.78 5.92 6.02 6.00 5.94 5.87 5.80 5.59 5.37 5.22 5.11 4.92 4.64 4.39 4.38 4.76 5.35 5.81 6.28 6.69 6.80 6.57 5.81 4.60 3.91 3.89 4.21 4.64 5.16 5.64 6.14 6.51 6.74 6.81 6.54 6.42 6.38 6.44 6.34 6.25 5.99 5.68 5.71 5.74 5.81 5.70 5.60 5.70 5.93 6.16 6.26 6.44 6.97 7.75 8.38 9.27 9.94 9.79 8.91 7.69 6.41 5.71 5.59 5.78
7.03 7.19 7.41 7.23 6.74 5.99 5.50 5.24 5.16 5.35 5.89 6.67 7.20 7.29 6.98 6.48 6.18 6.11 6.26 6.60 6.95 7.28 7.53 7.66 7.66 7.45 7.12 6.74 6.34 5.98 5.76 5.61 5.45 5.25 5.05 5.09 5.50 5.92 6.41 6.73 6.66 6.13 5.24 4.30 4.06 4.36 4.91 5.51 5.90 6.06 6.10 6.18 6.29 6.48 6.47 6.49 6.49 6.58 6.47 6.49 6.45 6.33 6.11 5.61 5.17 4.87 4.77 4.97 5.37 5.72 5.94 6.17 6.34 6.71 7.18 7.99 9.19 9.94 9.90 9.16 8.07 7.61 7.61 7.69
7.59 7.93 8.24 8.06 7.62 6.94 6.25 5.67 5.27 5.00 5.03 5.52 6.32 6.83 6.86 6.48 6.24 6.33 6.76 7.36 7.87 8.35 8.77 9.07 9.07 8.85 8.49 8.00 7.34 6.64 6.07 5.80 5.80 6.01 6.21 6.22 6.31 6.63 7.09 7.32 7.24 6.76 5.98 5.56 5.75 6.28 6.87 7.19 7.19 6.72 6.34 6.08 6.17 6.38 6.53 6.57 6.52 6.63 6.66 6.87 6.91 6.76 6.33 5.53 4.80 4.38 4.38 4.66 5.03 5.33 5.60 5.83 6.04 6.15 6.54 7.10 8.03 9.25 10.14 10.67 10.73 10.38 9.89 9.51
7.76 8.02 8.12 7.84 7.44 6.90 6.42 5.92 5.37 4.87 4.68 4.85 5.37 6.08 6.48 6.46 6.28 6.34 6.83 7.50 8.02 8.47 8.86 9.18 9.29 9.28 9.17 8.91 8.39 7.64 6.83 6.21 6.05 6.37 6.75 7.02 7.25 7.53 7.81 8.17 8.46 8.38 8.18 7.81 7.80 8.15 8.37 8.10 7.61 7.00 6.46 6.20 6.14 6.37 6.57 6.62 6.58 6.77 6.90 7.11 7.15 7.01 6.64 5.96 5.18 4.68 4.54 4.65 4.84 5.07 5.24 5.36 5.59 5.82 6.12 6.52 7.18 8.15 9.49 10.70 11.54 11.55 10.98 10.24
