project/data/elevation/US_DEM2016/US_DEM2016_point_10-30-2019_1033_30m_vel.asc
ncols	125
nrows	167
xllcorner	-2042055.000000
yllcorner	1465035.000000
cellsize	30.000000
NODATA_value	-9999.000000
[rows 105 to 139 of 167, columns 0 to 77 of 125]
12.48 12.57 12.54 12.27 11.88 11.37 10.91 10.50 9.88 8.76 7.18 5.93 5.40 5.43 5.78 6.49 7.55 8.74 9.94 11.16 11.93 12.39 12.83 13.39 13.47 13.92 14.00 14.08 14.02 13.97 13.84 13.67 13.45 13.03 12.68 12.39 12.05 11.72 11.43 11.14 10.87 10.82 11.24 11.59 11.81 11.83 11.68 11.38 10.94 10.34 9.52 8.26 7.09 7.03 7.99 9.43 10.69 11.51 12.09 12.63 12.90 12.79 12.60 12.62 12.80 13.08 13.25 13.06 12.60 11.85 11.31 11.12 11.07 11.10 11.21 11.28 11.40 11.25
12.03 11.73 11.53 11.52 11.31 10.92 10.36 9.58 8.55 7.42 6.54 6.14 6.42 7.29 8.79 10.13 10.19 9.88 9.77 9.93 10.37 11.06 12.17 13.23 13.63 13.78 14.24 14.92 15.50 15.79 15.69 15.43 15.04 14.37 13.65 12.95 12.32 11.87 11.48 11.17 11.14 11.38 11.76 11.88 11.83 11.73 11.75 11.84 11.69 11.02 9.85 8.53 7.99 8.50 9.59 10.54 11.24 11.76 12.26 12.53 12.33 12.03 12.11 12.52 12.86 13.09 13.31 13.40 13.22 12.76 12.16 11.81 11.49 11.05 10.54 10.38 10.81 11.15
11.74 11.41 11.12 11.13 11.01 10.70 10.16 9.41 8.63 8.24 8.52 9.26 10.23 11.72 13.46 14.65 15.01 14.13 12.72 11.93 11.80 12.24 13.11 13.55 13.45 13.27 13.32 13.63 14.10 14.59 14.80 14.77 14.63 14.24 13.75 13.16 12.55 12.00 11.43 11.14 11.46 12.08 12.38 12.06 11.62 11.41 11.54 11.86 11.99 11.63 10.86 10.32 10.48 11.18 11.57 11.48 11.36 11.63 12.00 12.03 11.76 11.68 11.99 12.36 12.58 12.65 12.77 13.02 13.29 13.39 12.98 12.43 11.82 11.11 10.44 10.18 10.51 10.99
11.79 11.55 11.28 11.24 11.27 11.33 11.36 11.23 11.07 11.29 12.19 13.49 14.93 16.19 17.00 17.33 17.49 17.18 16.53 15.87 15.39 15.10 14.83 14.22 13.56 13.03 12.66 12.38 12.11 12.06 12.31 12.62 12.80 12.91 12.99 13.01 12.81 12.29 11.73 11.56 11.87 12.05 11.85 11.42 11.11 11.17 11.52 12.05 12.63 13.04 13.09 12.93 12.90 12.87 12.33 11.56 11.40 11.68 11.83 11.75 11.70 11.77 11.79 11.78 11.78 11.70 11.65 11.97 12.50 12.93 12.95 12.59 12.03 11.41 10.89 10.63 10.74 11.04
11.98 11.91 11.76 11.71 11.84 12.15 12.60 13.07 13.69 14.51 15.57 16.69 17.48 17.71 17.45 16.93 16.52 16.68 16.85 16.73 16.42 15.94 15.25 14.30 13.42 12.87 12.56 12.31 11.84 11.20 10.76 10.70 10.81 11.10 11.56 12.08 12.37 12.26 11.96 11.66 11.27 10.69 10.17 10.20 10.79 11.41 11.99 12.59 13.32 14.17 14.68 14.69 14.45 14.06 13.39 12.72 12.55 12.46 12.24 12.01 11.87 11.66 11.39 11.25 11.22 11.03 10.84 10.99 11.43 11.96 12.34 12.35 12.00 11.56 11.22 11.04 10.97 11.04
12.21 12.29 12.23 12.18 12.30 12.57 13.02 13.76 14.92 16.09 16.91 17.17 16.86 16.13 15.21 14.35 13.86 13.98 14.19 14.40 14.52 14.49 14.22 13.66 13.08 12.64 12.43 12.42 12.31 12.02 11.58 11.24 11.26 11.40 11.49 11.57 11.68 11.82 11.70 11.17 10.44 9.91 9.94 10.60 11.52 12.19 12.67 13.06 13.52 14.21 14.81 15.10 15.14 15.11 15.02 14.67 14.23 13.61 12.91 12.35 11.88 11.44 11.20 11.12 10.98 10.70 10.50 10.58 10.97 11.46 11.82 11.91 11.75 11.52 11.33 11.20 11.08 11.09
12.26 12.26 12.26 12.38 12.63 13.02 13.62 14.46 15.47 16.09 16.10 15.56 14.65 13.66 12.81 12.22 11.86 11.77 11.77 12.05 12.49 12.76 12.98 12.98 12.84 12.58 12.27 12.03 11.94 12.17 12.48 12.71 12.84 12.78 12.47 12.00 11.65 11.60 11.49 11.21 10.99 11.09 11.45 12.09 12.69 13.06 13.23 13.27 13.32 13.55 13.95 14.40 14.85 15.28 15.65 15.63 15.09 14.30 13.37 12.50 11.86 11.48 11.25 10.96 10.56 10.37 10.49 10.77 11.12 11.37 11.45 11.49 11.50 11.42 11.24 11.05 10.96 11.05
12.03 11.91 11.99 12.37 12.82 13.47 14.29 14.98 15.29 14.96 14.20 13.41 12.68 12.00 11.35 10.80 10.40 10.32 10.58 11.01 11.44 11.95 12.30 12.35 12.46 12.68 12.53 12.14 11.78 11.73 11.89 12.08 12.23 12.35 12.37 12.22 11.93 11.73 11.70 11.86 12.09 12.29 12.55 13.04 13.45 13.57 13.40 13.07 12.80 12.80 12.91 13.18 13.53 13.96 14.44 14.67 14.48 13.94 13.20 12.50 11.95 11.51 11.04 10.56 10.26 10.37 10.74 11.10 11.29 11.19 11.03 11.11 11.22 11.17 10.97 10.73 10.55 10.58
11.84 11.72 11.82 12.20 12.68 13.37 14.08 14.26 13.85 13.00 12.09 11.25 10.61 10.07 9.53 9.19 9.35 9.83 10.34 10.82 11.49 12.17 12.20 11.91 12.29 12.94 13.12 13.01 12.70 12.16 11.53 10.81 10.44 10.66 11.20 11.61 11.78 11.79 11.91 12.19 12.45 12.64 12.93 13.35 13.51 13.36 12.96 12.52 12.27 12.26 12.24 12.16 12.06 11.99 11.95 12.21 12.47 12.53 12.50 12.33 11.99 11.45 10.87 10.47 10.46 10.73 11.08 11.31 11.25 10.91 10.70 10.69 10.74 10.78 10.76 10.58 10.34 10.19
11.88 11.83 11.89 12.07 12.41 12.90 13.15 12.66 11.67 10.59 9.62 8.72 8.02 7.58 7.63 8.28 9.41 10.58 11.40 12.01 12.54 12.58 11.98 11.70 12.26 12.84 13.11 13.21 13.18 12.91 12.50 11.79 10.88 10.31 10.17 10.38 10.93 11.53 11.93 12.21 12.55 12.92 13.20 13.32 13.01 12.36 11.87 11.68 11.68 11.85 12.05 11.99 11.74 11.23 10.50 9.99 10.03 10.63 11.33 11.73 11.77 11.58 11.34 11.15 11.10 11.19 11.36 11.34 11.07 10.78 10.64 10.56 10.56 10.62 10.63 10.53 10.38 10.22
12.10 12.11 12.14 12.15 12.24 12.28 12.00 11.19 10.02 8.93 8.09 7.44 7.04 7.16 8.17 9.75 11.30 12.53 13.38 13.73 13.38 12.38 11.09 10.76 11.29 11.70 11.95 12.34 12.69 13.02 13.32 13.32 12.76 11.58 10.42 10.15 10.82 11.70 12.33 12.72 13.05 13.28 13.33 13.09 12.40 11.43 10.81 10.78 11.05 11.53 12.18 12.48 12.42 12.00 11.12 10.03 9.49 9.70 10.28 10.85 11.29 11.57 11.75 11.83 11.82 11.75 11.54 11.21 10.87 10.67 10.64 10.68 10.73 10.70 10.59 10.47 10.44 10.46
12.28 12.34 12.33 12.21 12.03 11.70 11.13 10.43 9.87 9.57 9.38 9.19 9.37 10.18 11.56 13.08 14.22 14.67 14.62 14.12 13.17 12.00 10.83 10.13 10.09 10.17 10.53 11.19 11.74 12.15 12.64 13.21 13.48 13.17 12.46 12.14 12.30 12.65 12.90 13.05 13.07 13.01 12.94 12.71 12.12 11.23 10.46 10.28 10.71 11.47 12.21 12.75 12.97 12.89 12.54 12.04 11.44 10.93 10.71 10.84 11.12 11.38 11.60 11.79 11.93 11.89 11.60 11.16 10.72 10.41 10.35 10.47 10.62 10.71 10.68 10.61 10.63 10.73
12.28 12.27 12.22 12.08 11.81 11.36 10.85 10.49 10.50 10.85 11.36 12.04 12.93 13.90 14.74 15.20 15.13 14.53 13.75 12.88 12.18 11.87 11.55 10.83 10.17 9.84 9.84 10.31 10.76 10.86 10.92 11.50 12.55 13.37 13.69 13.64 13.36 13.00 12.66 12.40 12.26 12.28 12.40 12.44 12.23 11.66 10.79 10.28 10.62 11.34 11.83 12.15 12.56 12.94 13.16 13.30 13.33 13.10 12.59 11.99 11.64 11.47 11.40 11.37 11.41 11.37 11.15 10.82 10.52 10.29 10.18 10.21 10.37 10.61 10.78 10.88 10.97 11.07
12.16 12.04 11.93 11.86 11.68 11.37 11.06 10.86 10.89 11.28 12.19 13.37 14.46 15.09 15.18 14.64 13.51 12.52 11.93 11.38 11.23 11.54 11.87 11.75 11.29 10.67 10.16 10.07 10.37 10.30 9.87 9.88 10.65 11.94 12.82 13.07 12.83 12.41 12.02 11.76 11.73 11.92 12.19 12.27 12.14 11.84 11.21 10.51 10.53 10.84 11.06 11.17 11.48 12.09 12.67 13.07 13.44 13.68 13.58 13.08 12.38 11.79 11.33 10.95 10.61 10.27 10.01 10.11 10.40 10.59 10.59 10.52 10.55 10.72 10.95 11.16 11.34 11.48
11.97 11.83 11.72 11.73 11.65 11.49 11.31 11.19 11.30 11.81 12.78 13.71 14.19 14.09 13.52 12.63 11.81 11.33 10.88 10.50 10.40 10.57 10.96 11.33 11.37 11.04 10.65 10.55 10.76 10.81 10.37 9.79 9.74 10.27 11.19 11.78 11.95 11.90 11.87 11.84 11.87 11.99 12.09 11.98 11.73 11.62 11.41 10.92 10.62 10.56 10.52 10.59 10.91 11.53 12.17 12.56 12.74 12.84 12.96 12.96 12.61 11.95 11.27 10.64 9.96 9.43 9.48 10.09 10.75 11.15 11.27 11.22 11.10 11.03 11.06 11.21 11.37 11.48
11.82 11.73 11.70 11.71 11.64 11.58 11.57 11.62 11.91 12.61 13.36 13.68 13.43 12.83 12.11 11.51 11.19 10.86 10.31 9.83 9.58 9.57 9.92 10.46 10.66 10.63 10.73 10.96 11.22 11.40 11.29 10.74 10.05 9.79 10.04 10.63 11.18 11.58 11.88 12.05 12.10 12.13 12.02 11.63 11.20 11.15 11.28 11.10 10.74 10.51 10.40 10.56 11.02 11.59 12.07 12.29 12.16 11.91 11.87 12.03 12.04 11.72 11.22 10.68 10.25 10.20 10.57 11.03 11.30 11.43 11.51 11.53 11.41 11.20 10.99 10.87 10.86 10.99
11.90 11.89 11.85 11.74 11.64 11.70 11.93 12.24 12.69 13.28 13.57 13.40 12.93 12.44 11.97 11.53 11.04 10.49 10.07 9.94 10.03 10.25 10.50 10.57 10.48 10.46 10.71 11.00 11.23 11.47 11.63 11.50 11.05 10.46 10.04 10.11 10.64 11.20 11.57 11.87 12.05 12.14 11.89 11.20 10.53 10.43 10.70 10.73 10.45 10.28 10.33 10.59 10.96 11.26 11.51 11.74 11.76 11.56 11.37 11.32 11.38 11.40 11.34 11.30 11.42 11.68 11.83 11.78 11.60 11.41 11.32 11.32 11.29 11.18 10.98 10.75 10.68 10.88
12.03 12.00 11.85 11.67 11.64 11.80 12.17 12.76 13.46 13.70 13.51 13.04 12.61 12.28 11.90 11.33 10.77 10.50 10.68 11.14 11.49 11.54 11.31 10.96 10.68 10.59 10.69 10.87 11.03 11.25 11.46 11.55 11.45 11.14 10.73 10.56 10.78 11.13 11.32 11.58 11.83 11.84 11.24 10.25 9.60 9.59 9.98 10.20 10.08 9.90 9.86 9.92 10.02 10.17 10.41 10.81 11.21 11.40 11.37 11.27 11.25 11.33 11.44 11.58 11.73 11.84 11.86 11.81 11.74 11.64 11.45 11.27 11.18 11.12 11.02 10.95 10.99 11.07
11.83 11.71 11.51 11.47 11.58 11.82 12.19 12.71 13.22 13.26 12.85 12.32 11.94 11.52 10.93 10.57 10.63 11.00 11.43 11.61 11.45 11.13 10.94 11.02 11.15 11.07 10.81 10.73 10.76 10.90 11.10 11.15 11.06 11.02 11.14 11.32 11.41 11.42 11.35 11.52 11.47 10.87 9.69 8.75 8.51 8.76 9.31 9.80 9.87 9.59 9.24 8.94 8.75 8.82 9.16 9.71 10.37 10.86 11.05 11.11 11.19 11.31 11.36 11.28 11.21 11.33 11.52 11.66 11.79 11.84 11.74 11.50 11.25 11.01 10.82 10.80 10.72 10.45
11.71 11.61 11.50 11.49 11.60 11.78 11.99 12.18 12.22 12.00 11.61 11.31 11.02 10.42 9.91 10.24 10.76 11.02 10.85 10.36 9.95 9.96 10.38 10.97 11.41 11.50 11.24 10.88 10.67 10.64 10.84 10.94 10.87 10.94 11.19 11.41 11.43 11.35 11.23 11.21 10.68 9.53 8.53 8.24 8.35 8.60 9.00 9.55 9.79 9.71 9.51 9.17 8.74 8.46 8.51 9.01 9.71 10.17 10.45 10.78 11.05 11.24 11.41 11.60 11.78 11.95 11.95 11.79 11.60 11.51 11.54 11.48 11.20 10.74 10.47 10.32 10.06 9.75
12.06 12.19 12.16 11.87 11.65 11.59 11.62 11.59 11.39 11.09 10.90 10.89 10.61 10.00 9.89 10.23 10.28 9.89 9.27 8.82 8.93 9.60 10.48 11.18 11.56 11.70 11.66 11.40 11.05 10.72 10.72 10.91 10.94 10.85 10.71 10.55 10.53 10.60 10.68 10.51 9.89 9.22 9.26 9.71 9.96 9.89 9.84 9.98 10.16 10.27 10.23 10.02 9.68 9.32 9.14 9.29 9.65 10.08 10.52 10.92 11.13 11.29 11.63 12.18 12.49 12.46 12.10 11.69 11.34 11.14 11.10 11.07 10.84 10.49 10.19 9.90 9.64 9.51
12.30 12.41 12.31 11.81 11.41 11.25 11.23 11.15 10.96 10.86 10.92 10.88 10.45 9.92 9.65 9.35 8.89 8.50 8.36 8.58 9.25 10.11 10.96 11.51 11.65 11.64 11.71 11.68 11.38 10.95 10.79 10.95 10.96 10.60 10.06 9.75 9.82 10.14 10.36 10.26 10.12 10.44 11.03 11.45 11.64 11.65 11.50 11.25 11.03 10.81 10.52 10.21 10.04 9.98 9.94 9.94 10.10 10.49 10.90 11.17 11.18 11.32 11.60 11.90 11.83 11.52 11.27 11.22 11.29 11.28 11.06 10.74 10.45 10.25 9.98 9.58 9.14 8.85
11.86 11.61 11.13 10.86 10.75 10.84 10.94 10.91 10.81 10.74 10.62 10.35 9.94 9.49 9.00 8.54 8.32 8.46 9.08 10.08 10.94 11.43 11.62 11.41 11.01 10.99 11.16 11.22 11.10 10.93 10.90 11.04 11.10 10.83 10.37 10.18 10.35 10.58 10.71 10.82 11.13 11.51 11.72 11.85 12.12 12.49 12.71 12.62 12.22 11.62 11.12 10.75 10.49 10.36 10.30 10.31 10.48 10.74 10.97 11.08 11.06 11.13 11.20 11.08 10.77 10.60 10.78 11.19 11.48 11.44 11.07 10.54 10.21 10.02 9.86 9.65 9.30 8.78
11.08 10.45 9.80 9.81 10.10 10.51 10.80 10.83 10.72 10.50 10.17 9.84 9.63 9.54 9.48 9.50 9.82 10.49 11.49 12.39 12.81 12.64 11.94 11.02 10.40 10.37 10.47 10.48 10.54 10.63 10.74 10.91 11.15 11.26 11.28 11.36 11.44 11.35 11.25 11.30 11.41 11.40 11.50 11.79 12.31 12.87 13.36 13.56 13.42 12.97 12.43 12.00 11.58 11.16 10.78 10.57 10.54 10.61 10.77 10.94 10.89 10.90 10.82 10.59 10.43 10.67 11.17 11.51 11.35 10.89 10.51 10.26 10.06 9.86 9.73 9.83 10.04 10.01
11.03 10.52 9.95 10.07 10.46 10.79 10.90 10.83 10.68 10.47 10.25 10.08 10.14 10.50 11.06 11.64 12.30 12.90 13.26 13.37 13.10 12.47 11.60 10.84 10.41 10.26 10.16 10.16 10.31 10.46 10.52 10.61 10.95 11.34 11.57 11.63 11.54 11.38 11.25 11.15 11.02 11.00 11.31 11.84 12.52 13.14 13.52 13.67 13.72 13.54 13.04 12.43 11.92 11.56 11.23 10.92 10.65 10.43 10.51 10.74 10.83 10.84 10.78 10.69 10.80 11.20 11.49 11.24 10.48 9.86 9.74 9.80 9.82 9.82 9.79 9.77 10.00 10.46
11.53 11.42 11.41 11.72 11.90 11.66 11.18 10.85 10.71 10.65 10.62 10.69 11.01 11.63 12.30 12.84 13.18 13.22 12.96 12.39 11.61 10.84 10.43 10.34 10.36 10.36 10.35 10.48 10.69 10.81 10.75 10.71 10.96 11.34 11.42 11.14 10.89 10.87 10.98 11.01 10.98 11.12 11.55 12.09 12.60 12.91 12.89 12.71 12.66 12.66 12.38 12.01 11.82 11.71 11.53 11.29 11.01 10.76 10.57 10.68 10.90 10.99 11.00 11.06 11.30 11.53 11.32 10.57 9.72 9.41 9.46 9.57 9.66 9.88 10.19 10.18 9.96 9.95
11.82 11.97 12.32 12.60 12.60 12.21 11.54 10.96 10.73 10.75 10.88 11.13 11.58 12.10 12.42 12.45 12.28 12.00 11.47 10.58 9.65 9.18 9.29 9.80 10.25 10.54 10.79 11.07 11.32 11.49 11.58 11.65 11.77 11.88 11.83 11.50 11.10 10.98 11.04 11.23 11.54 11.99 12.38 12.52 12.49 12.23 11.72 11.27 11.21 11.51 11.75 11.88 11.99 11.92 11.71 11.51 11.37 11.24 11.02 10.97 11.07 11.19 11.29 11.44 11.56 11.41 10.84 10.05 9.64 9.57 9.63 9.74 9.85 10.02 10.30 10.53 10.52 10.26
11.89 12.06 12.32 12.43 12.41 12.35 12.05 11.45 11.02 10.96 11.06 11.23 11.51 11.69 11.61 11.48 11.38 10.99 10.19 9.34 8.87 8.94 9.47 10.06 10.48 10.80 11.12 11.42 11.66 11.91 12.25 12.58 12.77 12.76 12.66 12.41 11.99 11.64 11.38 11.52 12.02 12.53 12.63 12.45 12.12 11.56 10.81 10.29 10.34 10.94 11.65 12.08 12.17 12.00 11.81 11.69 11.61 11.58 11.43 11.25 11.22 11.32 11.47 11.57 11.50 11.08 10.35 9.82 9.75 9.83 9.90 9.98 10.15 10.30 10.28 10.34 10.68 11.07
12.04 12.29 12.63 12.73 12.71 12.62 12.56 12.34 11.93 11.55 11.27 11.08 10.97 10.90 10.96 11.14 11.10 10.60 9.98 9.75 9.98 10.34 10.61 10.81 10.94 11.08 11.31 11.54 11.78 12.00 12.26 12.58 12.86 13.03 13.12 13.15 13.02 12.66 12.13 11.87 12.05 12.20 12.20 12.13 11.80 11.16 10.48 10.14 10.28 10.94 11.78 12.31 12.42 12.26 12.07 11.92 11.78 11.69 11.48 11.27 11.21 11.27 11.37 11.41 11.31 10.94 10.36 10.03 10.01 10.13 10.22 10.22 10.23 10.32 10.42 10.53 10.80 11.43
12.41 12.85 13.46 13.51 13.24 12.81 12.72 12.77 12.59 12.00 11.34 10.82 10.50 10.48 10.77 11.02 10.84 10.51 10.55 10.99 11.43 11.55 11.46 11.40 11.40 11.44 11.56 11.69 11.84 12.03 12.18 12.26 12.34 12.65 13.19 13.75 14.06 13.95 13.42 12.63 12.17 11.94 11.99 11.89 11.39 10.78 10.43 10.43 10.74 11.39 12.11 12.59 12.79 12.67 12.40 12.11 11.87 11.65 11.35 11.20 11.16 11.17 11.20 11.20 11.17 10.98 10.70 10.58 10.58 10.63 10.65 10.57 10.37 10.25 10.48 11.00 11.55 12.19
12.58 12.92 13.42 13.52 13.33 12.86 12.54 12.41 12.24 11.78 11.14 10.61 10.39 10.51 10.67 10.60 10.47 10.67 11.18 11.61 11.74 11.70 11.63 11.65 11.69 11.66 11.64 11.63 11.69 11.92 12.20 12.28 12.27 12.53 13.12 13.77 14.24 14.43 14.32 13.72 12.72 12.00 11.57 11.15 10.61 10.34 10.44 10.70 11.14 11.83 12.46 12.82 12.95 12.87 12.61 12.28 11.94 11.63 11.30 11.19 11.20 11.22 11.22 11.20 11.21 11.19 11.14 11.16 11.22 11.24 11.19 11.12 10.95 10.78 10.85 11.37 12.40 13.61
12.29 12.15 11.98 12.12 12.35 12.32 12.02 11.77 11.70 11.55 11.31 11.16 11.21 11.29 11.04 10.56 10.41 10.69 11.01 11.15 11.31 11.52 11.68 11.80 11.80 11.63 11.41 11.28 11.33 11.62 11.97 12.27 12.43 12.58 12.70 12.87 13.10 13.42 13.67 13.51 12.65 11.62 10.76 10.19 9.95 10.04 10.35 10.69 11.32 12.13 12.59 12.69 12.72 12.76 12.66 12.40 12.03 11.65 11.29 11.21 11.33 11.41 11.41 11.34 11.31 11.34 11.41 11.54 11.65 11.76 11.92 12.10 12.15 12.16 12.23 12.59 13.46 14.59
11.71 11.15 10.18 9.82 10.06 10.49 10.87 11.22 11.61 11.97 12.26 12.56 12.76 12.54 11.80 11.01 10.55 10.35 10.21 10.29 10.77 11.36 11.71 11.86 11.80 11.62 11.34 11.07 10.95 11.09 11.32 11.56 11.74 11.85 11.73 11.56 11.53 11.63 11.76 11.73 11.40 10.78 10.14 9.73 9.76 10.02 10.31 10.80 11.68 12.42 12.51 12.33 12.37 12.53 12.57 12.41 12.09 11.74 11.41 11.42 11.59 11.70 11.66 11.52 11.37 11.35 11.50 11.74 11.95 12.21 12.65 13.21 13.73 14.22 14.61 14.83 15.03 15.23
11.08 10.29 8.98 8.47 8.47 8.92 9.74 10.63 11.44 12.21 12.81 13.15 13.12 12.65 11.91 11.20 10.62 10.21 10.06 10.31 10.81 11.31 11.61 11.78 11.83 11.77 11.62 11.32 10.89 10.69 10.68 10.66 10.62 10.67 10.67 10.49 10.29 10.21 10.16 10.20 10.21 10.09 9.91 9.93 10.28 10.70 11.13 11.81 12.54 12.73 12.45 12.19 12.23 12.36 12.42 12.36 12.25 12.20 12.25 12.35 12.28 12.08 11.85 11.67 11.55 11.52 11.63 11.90 12.23 12.65 13.32 14.16 15.08 15.85 16.30 16.29 15.93 15.36
10.72 9.97 8.89 8.64 8.82 9.25 9.83 10.38 10.95 11.62 12.23 12.46 12.20 11.71 11.32 10.98 10.63 10.41 10.52 10.91 11.30 11.61 11.73 11.82 11.87 11.92 11.97 11.92 11.61 11.07 10.71 10.47 10.34 10.23 10.05 9.75 9.44 9.31 9.36 9.53 9.68 9.84 10.17 10.77 11.38 11.92 12.53 13.01 13.13 12.82 12.36 12.16 12.19 12.25 12.27 12.33 12.53 12.88 13.24 13.28 12.85 12.24 11.85 11.75 11.80 11.84 11.84 12.03 12.47 13.12 13.93 14.73 15.41 15.82 15.95 15.74 15.24 14.58
