project/data/elevation/US_DEM2016/US_DEM2016_point_11-01-2019_1018_30m_ang.asc
ncols	125
nrows	167
xllcorner	-2042055.000000
yllcorner	1465035.000000
cellsize	30.000000
NODATA_value	-9999.000000
[rows 42 to 83 of 167, columns 0 to 93 of 125]
243 240 234 229 228 226 225 222 220 219 220 218 213 211 214 218 221 223 223 221 220 223 224 224 225 226 227 226 226 226 227 230 226 222 223 226 228 229 232 234 230 224 221 230 237 238 235 231 227 225 223 219 213 210 213 217 223 229 233 239 242 243 241 240 239 238 237 239 241 243 247 248 251 253 250 243 235 238 243 239 228 221 225 228 229 232 233 230 225 223 222 221 218 214
242 239 233 230 227 225 223 221 219 219 220 216 208 208 214 218 221 222 222 219 216 216 218 219 221 223 224 224 225 227 228 232 229 229 228 230 231 230 231 232 231 227 221 228 238 240 239 235 232 232 230 225 218 209 209 215 220 223 228 234 238 239 239 237 235 234 234 236 237 238 241 246 253 258 257 251 247 249 250 242 229 222 226 230 234 237 237 233 227 223 222 220 217 212
242 239 232 228 225 223 221 220 219 219 219 213 206 208 216 220 221 222 221 219 215 215 217 218 220 222 224 225 226 228 229 236 236 235 231 230 231 229 227 228 231 228 223 226 238 243 243 239 235 235 234 230 222 210 206 211 216 219 222 229 234 237 238 237 235 233 233 233 234 235 238 242 248 254 256 255 256 259 258 247 233 226 229 233 236 240 239 235 230 226 224 222 218 214
240 237 231 227 225 223 222 221 220 220 217 211 205 209 216 219 220 221 221 219 217 217 219 220 221 223 225 226 228 230 231 237 240 236 230 231 232 230 226 225 228 229 225 227 237 243 244 240 234 231 229 228 223 212 204 208 213 217 220 226 232 237 239 238 235 233 233 233 233 234 236 239 242 244 247 250 253 257 258 252 239 230 232 235 238 241 239 236 230 225 223 221 218 215
239 237 231 228 227 227 225 224 223 220 216 208 205 209 214 217 219 220 221 221 220 220 221 220 222 223 225 227 230 232 235 240 241 237 231 231 233 232 229 225 224 226 226 227 234 240 242 240 234 230 228 227 225 214 201 202 210 215 219 225 232 237 239 238 236 236 236 234 232 232 232 234 236 236 237 240 244 247 249 249 240 229 229 234 238 240 239 235 230 223 217 213 211 213
241 239 234 231 230 229 227 226 224 221 215 207 207 210 213 216 219 221 223 223 223 222 221 221 222 224 226 229 232 236 239 241 241 239 232 229 232 233 231 226 221 222 223 226 230 238 241 241 236 232 230 230 227 216 198 193 203 211 215 222 230 236 240 240 238 238 235 232 228 226 226 227 228 229 230 232 234 235 236 237 233 224 225 232 237 238 237 236 232 225 216 210 208 211
242 240 235 232 231 230 228 226 223 220 213 209 212 216 217 218 220 223 224 224 224 223 222 222 224 226 229 233 237 240 240 239 240 238 232 227 230 233 233 228 222 221 224 227 231 239 242 243 238 232 230 230 226 214 196 187 195 206 211 219 227 234 238 238 236 232 227 222 217 215 216 218 219 219 220 222 224 224 224 225 225 221 222 230 235 237 236 237 234 228 218 212 209 210
241 239 234 231 230 229 228 225 221 216 209 210 216 219 219 219 220 223 224 225 225 225 224 223 225 228 233 239 243 245 241 238 239 238 233 227 227 231 233 230 226 226 231 234 237 242 243 242 237 230 227 227 223 211 196 185 189 201 208 214 223 230 233 233 231 227 222 216 212 211 213 215 215 216 217 219 220 219 219 218 219 220 221 226 233 236 236 239 237 230 219 214 211 208
240 238 233 229 228 228 227 225 219 209 204 209 215 217 217 216 218 221 223 225 225 226 225 225 226 230 236 243 249 250 243 240 240 237 233 227 222 225 230 231 230 231 234 237 240 242 242 239 233 225 223 223 219 210 198 187 188 197 205 212 220 227 231 232 231 229 223 219 216 216 218 219 220 220 221 222 223 222 220 218 217 217 218 222 229 234 236 239 238 230 220 216 213 210
240 238 233 229 227 227 226 225 217 204 200 206 213 215 215 216 217 220 222 224 225 226 226 226 228 232 238 246 252 252 245 243 242 239 235 228 220 218 224 227 228 230 231 232 235 237 236 232 226 222 221 222 218 210 199 189 188 196 205 213 222 230 234 237 238 236 233 230 228 228 229 229 229 229 229 230 230 228 225 222 220 219 218 218 223 229 235 239 237 229 222 218 216 215
242 240 236 231 228 225 225 225 217 202 197 205 213 217 218 218 219 220 222 225 226 226 227 229 231 235 241 248 251 251 247 245 243 241 237 230 219 214 218 222 224 226 227 227 228 228 230 229 226 224 224 223 218 209 199 191 190 198 209 218 226 234 240 243 244 243 240 240 241 243 244 242 241 240 239 239 238 236 232 229 227 225 223 220 221 226 233 237 234 227 222 220 218 219
243 242 238 233 229 224 223 224 218 203 197 205 216 220 221 221 221 221 223 226 227 228 229 232 234 238 242 247 249 249 247 245 243 240 238 231 219 213 216 219 221 223 224 225 226 228 232 234 232 230 229 226 219 210 200 192 192 199 211 220 228 234 240 244 245 244 239 241 244 248 252 253 251 249 246 245 244 241 238 235 235 235 232 228 227 227 230 232 230 225 221 219 218 218
244 242 237 233 229 223 222 223 219 207 200 208 219 223 224 224 224 224 225 227 229 230 231 234 236 239 242 245 246 246 243 241 239 237 236 230 220 216 218 220 222 224 226 227 231 236 240 240 235 233 232 229 221 211 202 194 193 200 210 219 225 232 238 242 241 243 240 240 241 244 247 251 255 255 252 250 248 246 241 239 241 243 242 240 235 230 226 225 224 222 219 216 215 215
243 241 235 230 226 222 221 222 219 210 205 212 222 226 226 227 228 229 229 230 231 232 234 236 238 240 242 244 245 245 241 237 234 233 232 226 220 219 221 224 226 228 230 233 239 244 242 239 232 232 234 231 224 213 203 197 196 201 209 217 223 230 237 241 242 242 241 240 241 242 244 246 251 256 255 253 252 250 246 243 244 245 245 243 236 228 223 220 219 219 216 213 213 214
242 239 232 227 223 220 218 219 217 210 207 214 221 225 227 229 231 231 232 232 232 232 234 237 240 240 240 241 244 244 239 233 229 225 222 218 217 219 222 225 229 232 235 240 246 249 244 237 231 230 234 233 226 215 205 200 199 204 211 218 224 230 237 241 243 244 235 240 239 239 240 241 244 247 248 249 251 250 247 244 243 243 241 236 229 221 218 217 217 217 214 212 214 215
240 237 230 225 222 218 216 216 212 206 206 211 217 220 224 227 228 229 230 230 230 229 231 234 236 235 235 238 242 241 235 228 224 218 210 209 212 216 219 223 228 233 238 245 249 249 242 237 232 231 235 235 227 216 207 203 204 209 216 221 226 230 236 241 245 245 244 239 237 235 235 237 238 239 239 241 244 244 242 240 237 236 235 230 223 216 213 214 215 215 213 212 213 216
240 237 230 225 221 219 217 215 210 204 203 207 212 215 218 220 221 222 222 223 223 223 224 227 228 229 230 235 240 239 232 226 222 215 206 204 209 213 217 220 225 231 239 248 252 247 241 237 232 231 236 235 228 217 208 206 208 214 219 222 225 229 234 240 244 244 242 236 233 232 233 233 234 234 235 236 237 236 233 232 230 230 230 226 220 214 211 211 213 214 213 211 213 218
239 236 230 225 222 220 219 217 211 204 202 205 209 212 213 215 217 217 218 218 218 218 221 223 225 227 230 236 240 238 232 228 223 215 205 202 208 213 216 219 224 230 241 246 250 245 241 237 234 234 236 235 228 217 208 207 210 216 220 222 227 231 235 238 239 239 236 232 231 231 231 230 229 230 230 229 227 225 223 224 227 228 228 224 218 212 210 211 212 214 213 211 215 223
239 236 229 225 223 222 222 220 214 206 204 206 209 212 214 215 217 219 220 220 220 221 223 226 227 229 233 240 242 237 230 227 222 213 203 200 206 211 215 219 225 232 241 246 246 242 238 237 235 234 233 231 224 213 206 206 209 215 221 224 229 233 235 236 237 235 231 229 229 229 228 225 223 223 221 217 215 215 218 222 226 227 225 221 216 212 210 211 212 214 213 212 219 226
239 237 230 226 223 222 224 222 217 210 209 211 216 219 221 221 224 227 229 230 230 231 232 232 232 233 239 246 246 238 230 225 219 211 200 196 203 211 215 220 226 233 241 244 242 235 232 231 230 227 225 222 216 207 203 204 207 213 218 222 225 228 233 236 236 233 230 230 229 225 221 217 214 214 215 213 213 215 219 224 227 226 223 219 215 211 210 211 213 215 215 215 222 225
241 238 232 227 222 221 223 223 218 215 216 221 227 233 234 232 232 234 238 242 245 245 243 239 237 239 245 250 249 240 231 226 221 214 202 195 202 212 217 222 227 233 239 241 238 231 224 223 222 219 216 213 208 202 201 204 207 213 217 219 222 226 232 235 235 233 233 234 228 224 219 215 213 211 206 218 220 222 225 227 227 225 223 219 215 212 212 213 214 216 217 219 224 222
242 239 232 225 221 220 220 219 218 218 222 228 235 241 244 243 239 237 240 245 251 254 253 247 243 245 250 252 250 241 233 229 225 218 208 200 204 215 220 224 228 234 239 241 238 231 224 222 220 217 214 211 206 200 200 204 208 214 218 222 225 230 233 233 233 235 239 240 235 227 223 221 220 222 226 228 229 229 229 230 229 227 225 221 217 215 215 216 217 218 220 222 224 218
241 238 229 222 219 217 216 215 216 219 224 230 235 240 243 244 240 235 235 239 244 251 255 254 251 250 251 252 249 240 233 230 227 222 212 205 208 217 222 225 231 236 241 243 241 234 228 226 223 219 216 212 205 199 200 204 208 213 219 226 230 232 233 231 232 238 244 244 238 232 230 229 229 231 233 234 234 233 233 234 233 230 228 225 221 219 219 219 220 222 222 224 224 218
240 236 228 220 216 214 212 211 213 218 222 227 231 234 236 237 237 234 232 233 237 242 248 251 253 251 250 249 245 236 230 228 227 221 211 205 207 214 219 224 230 236 242 245 243 237 232 230 226 221 218 212 203 198 199 205 210 214 222 228 230 231 232 230 234 241 248 247 241 236 234 233 234 236 238 238 238 236 237 239 238 236 234 231 228 226 225 224 224 224 224 226 225 220
239 235 227 220 215 211 208 207 210 214 218 222 226 229 232 234 235 234 233 231 233 236 238 241 246 249 249 247 241 232 225 222 221 215 205 200 204 210 215 221 229 236 243 246 244 238 234 232 227 223 220 213 203 197 199 205 211 217 225 229 229 230 230 230 235 244 249 248 243 239 237 236 236 238 240 241 240 238 239 243 244 241 239 237 235 234 233 229 225 223 222 224 224 220
238 234 226 219 214 209 205 204 206 210 214 218 221 225 229 233 236 235 234 233 232 233 234 235 238 243 247 246 239 230 223 219 216 210 199 196 201 209 216 222 230 237 243 245 244 240 236 233 229 225 223 217 206 197 198 205 214 222 228 229 229 229 228 230 236 245 249 248 244 241 240 239 239 239 239 242 242 240 240 244 247 245 241 240 240 240 239 232 225 221 219 220 221 219
237 233 226 219 212 207 204 204 206 210 212 215 218 221 225 230 233 235 234 235 235 234 232 232 235 240 245 245 238 231 224 220 217 211 199 195 201 211 218 225 231 237 242 244 244 241 237 233 229 227 225 221 210 199 199 207 219 226 229 229 230 228 227 231 239 246 249 248 246 246 245 244 244 243 240 240 241 240 241 243 246 244 240 240 240 240 239 233 223 218 216 216 218 218
237 233 225 218 211 205 205 208 213 216 216 215 216 218 221 225 228 230 231 232 235 235 233 237 237 241 243 241 237 232 227 224 221 214 203 196 200 210 218 224 231 236 240 242 243 240 235 231 229 228 227 223 213 201 201 212 224 230 230 232 232 229 230 236 242 247 249 248 248 249 250 250 249 247 243 239 238 239 239 240 241 239 235 236 236 236 234 228 218 212 209 211 215 217
236 232 224 217 210 204 205 212 219 224 226 224 222 220 220 221 223 226 228 228 231 235 235 236 239 240 239 237 234 231 229 228 223 217 207 198 198 207 216 223 230 235 238 241 243 240 233 229 228 226 224 221 212 201 203 215 227 232 233 236 236 235 238 243 246 247 246 245 245 245 245 245 245 244 241 237 234 235 236 237 237 234 230 230 230 227 223 218 211 205 203 206 212 215
235 231 222 216 208 203 206 213 221 227 231 233 232 228 224 222 222 228 228 228 227 229 232 239 240 239 235 232 230 228 226 225 222 217 208 198 197 206 215 223 229 233 237 242 244 240 232 227 223 220 219 217 210 202 204 213 222 227 231 234 235 236 240 243 243 242 240 239 239 238 238 237 237 235 234 232 230 231 233 234 233 230 225 223 222 218 215 212 209 204 201 204 210 214
234 230 221 213 206 203 206 212 219 224 227 230 231 231 229 226 225 226 227 226 222 222 234 236 241 237 233 229 226 224 222 220 217 214 207 199 197 205 216 223 229 233 237 242 243 238 229 223 220 218 218 217 210 202 202 209 215 220 223 225 226 227 230 232 233 234 234 236 235 237 236 235 234 232 230 228 228 229 231 230 227 222 217 217 219 217 214 213 212 208 203 203 209 214
234 229 220 210 204 202 205 210 216 219 222 223 224 225 226 228 228 228 226 225 222 221 230 238 240 236 232 228 225 224 222 218 215 212 207 198 197 205 215 222 226 230 235 240 242 238 230 225 223 222 221 219 213 204 201 206 212 216 219 219 219 221 223 227 230 232 233 237 240 240 238 236 235 232 229 227 226 228 228 226 222 217 215 217 221 221 219 218 217 212 206 205 209 213
233 228 217 206 201 203 206 211 214 216 217 219 220 220 221 224 225 228 226 227 227 227 228 238 238 235 231 229 228 226 224 220 217 214 209 200 198 204 213 219 223 228 233 239 242 241 235 232 230 228 226 222 216 207 202 206 212 215 218 219 219 221 225 229 232 233 235 239 242 241 239 237 236 234 229 225 224 226 228 227 225 222 221 225 227 226 221 220 219 215 210 208 210 212
231 225 213 203 199 203 208 211 211 212 215 217 219 219 220 220 221 224 229 232 232 232 235 237 237 234 231 230 230 229 226 222 219 217 212 203 199 203 211 218 223 228 235 241 244 243 238 236 233 230 228 224 218 209 204 206 212 216 219 221 222 226 230 233 234 235 237 240 242 241 239 237 236 233 227 221 219 224 229 231 232 230 230 233 233 229 223 218 217 214 212 211 211 211
227 222 210 200 197 202 207 210 211 213 217 220 222 223 223 222 229 227 229 232 233 232 233 235 236 234 231 228 230 230 227 223 219 216 212 204 199 202 211 219 225 229 236 242 244 243 238 234 231 229 226 222 217 209 204 206 211 216 218 221 226 230 231 232 234 235 237 240 241 240 237 234 231 226 219 213 213 222 229 232 231 230 233 237 239 233 226 219 213 209 210 211 211 210
223 219 211 199 196 201 208 213 216 219 222 225 227 228 227 228 226 233 233 232 232 233 234 235 236 236 232 227 229 230 228 224 219 216 212 205 199 201 210 218 224 229 236 242 245 245 241 236 233 231 228 223 217 208 202 204 210 214 217 221 227 229 228 229 231 233 234 236 237 234 230 226 223 219 215 213 216 221 218 230 227 224 227 234 239 237 229 221 213 207 207 209 210 209
219 218 212 201 197 204 213 219 221 223 225 228 231 231 230 232 234 233 231 230 231 233 234 235 238 238 235 229 229 231 229 226 222 218 214 208 201 201 210 218 224 230 237 243 247 248 246 242 238 235 231 225 219 208 199 201 208 213 217 223 227 226 224 226 229 230 230 230 229 227 224 223 224 204 197 220 219 229 231 229 225 221 222 225 229 230 226 220 213 208 207 208 208 207
216 216 212 205 202 209 218 222 222 224 226 228 230 230 232 235 235 232 229 229 230 231 233 236 239 240 238 232 231 234 232 229 226 223 218 211 203 204 212 221 228 233 238 243 247 249 247 243 238 234 228 222 217 207 196 198 208 216 222 228 229 226 225 226 228 227 226 226 226 224 225 229 211 229 226 228 216 232 232 229 225 223 223 223 223 221 218 214 209 207 207 207 206 205
214 214 211 207 206 212 219 221 222 224 226 227 229 232 235 237 235 232 228 228 229 231 233 235 238 241 241 236 235 238 237 233 230 227 222 213 205 207 213 221 228 232 235 240 244 245 244 241 235 230 224 219 215 207 195 197 208 218 225 229 229 227 227 228 227 226 226 227 227 228 232 238 238 233 230 232 233 232 231 230 226 226 226 226 224 219 214 207 202 203 206 206 204 203
215 213 209 205 206 210 216 220 221 222 223 226 231 235 237 236 235 231 228 227 229 231 233 235 238 241 242 240 238 241 242 240 236 231 224 214 205 206 212 218 223 226 228 234 238 239 240 238 233 228 223 220 217 208 196 195 203 212 218 221 222 223 225 227 227 228 229 229 230 232 237 241 240 234 231 233 234 233 230 229 225 225 229 229 226 221 214 205 198 200 205 205 202 201
217 214 207 204 206 210 215 219 221 221 222 227 234 237 236 235 234 231 227 227 230 232 233 235 238 241 241 239 238 240 243 243 241 234 226 214 205 205 210 215 218 220 223 228 233 236 237 237 233 227 223 221 217 208 195 191 197 207 213 215 217 219 222 225 229 232 231 229 230 234 239 243 237 234 229 232 235 234 228 228 224 223 228 231 229 224 216 206 198 199 204 204 201 200
218 213 205 204 208 213 217 219 221 222 225 231 236 236 234 233 233 231 227 226 231 233 234 236 238 240 239 237 233 232 235 236 236 231 222 212 204 206 210 214 217 219 222 227 231 236 238 237 232 226 221 217 213 206 194 189 194 204 210 214 216 218 222 227 234 235 229 227 230 235 241 245 243 236 231 234 237 236 234 230 227 224 226 232 232 227 219 209 199 199 204 205 202 204
