project/data/elevation/US_DEM2016/US_DEM2016_point_10-28-2019_1149_30m_vel.asc
ncols	125
nrows	167
xllcorner	-2042055.000000
yllcorner	1465035.000000
cellsize	30.000000
NODATA_value	-9999.000000
[rows 0 to 34 of 167, columns 0 to 78 of 125]
9.73 8.84 8.12 9.11 10.92 12.91 14.66 15.87 16.26 16.49 17.02 18.10 18.59 17.61 16.71 16.67 16.81 16.71 16.07 15.21 14.48 14.42 14.98 15.70 16.30 16.41 16.03 14.67 12.67 10.55 8.61 6.95 5.77 5.17 5.03 5.27 5.95 7.06 8.21 8.88 9.19 9.38 9.55 9.53 9.02 8.26 7.70 7.81 8.57 9.86 11.21 12.62 13.83 15.03 15.50 15.64 15.28 13.90 12.61 11.80 11.42 11.45 11.82 12.58 13.09 13.19 12.89 12.00 10.47 9.47 9.23 9.56 10.17 10.81 11.30 11.59 11.88 12.44 13.19
9.73 8.84 8.12 9.11 10.92 12.91 14.66 15.87 16.26 16.49 17.02 18.10 18.59 17.61 16.71 16.67 16.81 16.71 16.07 15.21 14.48 14.42 14.98 15.70 16.30 16.41 16.03 14.67 12.67 10.55 8.61 6.95 5.77 5.17 5.03 5.27 5.95 7.06 8.21 8.88 9.19 9.38 9.55 9.53 9.02 8.26 7.70 7.81 8.57 9.86 11.21 12.62 13.83 15.03 15.50 15.64 15.28 13.90 12.61 11.80 11.42 11.45 11.82 12.58 13.09 13.19 12.89 12.00 10.47 9.47 9.23 9.56 10.17 10.81 11.30 11.59 11.88 12.44 13.19
9.52 8.77 8.31 9.23 10.61 12.23 13.69 14.71 15.20 15.41 15.87 16.74 17.07 16.59 15.91 15.83 16.01 16.10 15.63 14.71 14.19 14.21 14.64 15.07 15.29 15.15 14.36 12.98 11.39 9.69 8.12 6.82 5.94 5.50 5.37 5.53 6.02 6.78 7.59 8.20 8.44 8.59 8.79 9.08 9.26 9.20 9.05 9.05 9.59 10.51 11.53 12.47 13.31 13.99 14.35 14.50 14.46 13.99 13.09 12.03 11.24 10.88 11.17 11.71 12.08 12.19 12.19 12.00 11.57 10.88 10.49 10.41 10.50 10.62 10.75 10.92 11.27 11.87 12.44
9.98 9.27 9.07 9.74 10.55 11.36 12.20 12.61 12.65 12.81 13.38 13.83 13.97 13.80 13.73 13.73 13.89 14.30 14.26 13.84 13.77 13.93 13.97 13.64 13.15 12.54 11.63 10.73 9.79 8.81 7.90 7.24 6.91 6.84 6.78 6.67 6.63 6.79 7.03 7.37 7.94 8.44 8.87 9.41 10.10 10.65 10.98 11.05 11.18 11.52 11.97 12.17 12.20 12.04 11.99 11.78 11.87 12.34 12.55 12.33 11.73 11.11 10.71 10.51 10.20 10.10 10.46 11.14 11.73 11.99 11.91 11.49 10.90 10.31 9.95 9.93 10.23 10.66 10.86
10.58 10.00 9.96 10.33 10.67 11.05 11.22 11.22 10.90 10.78 11.03 11.35 11.47 11.43 11.56 11.62 11.74 12.17 12.82 13.41 13.80 13.69 13.18 12.16 11.09 10.42 10.13 9.85 9.51 9.13 8.81 8.67 8.74 8.82 8.69 8.30 7.86 7.65 7.59 7.82 8.56 9.38 10.13 10.80 11.14 11.47 11.75 12.01 12.17 12.24 12.27 12.02 11.45 10.74 10.09 9.05 8.52 8.84 9.90 11.07 11.58 11.49 10.96 10.05 9.28 8.73 8.59 8.96 9.65 10.19 10.42 10.31 9.99 9.60 9.32 9.27 9.40 9.57 9.57
10.66 10.30 10.43 10.79 10.81 10.86 10.74 10.19 9.77 9.59 9.54 9.74 10.08 10.34 10.79 11.11 11.29 11.43 12.12 13.02 13.44 12.99 12.02 10.66 9.61 9.37 9.53 9.70 9.82 9.93 10.08 10.23 10.27 10.09 9.73 9.27 8.90 8.67 8.53 8.55 8.81 9.28 10.06 10.95 11.44 11.66 11.88 12.22 12.40 12.44 12.34 12.01 11.45 10.29 8.95 7.77 7.36 7.59 8.22 9.01 9.83 10.30 10.17 9.41 8.63 8.02 7.64 7.50 7.53 7.66 7.84 8.03 8.19 8.31 8.38 8.45 8.57 8.73 8.88
10.87 10.79 10.96 11.28 11.14 10.78 10.19 9.29 8.69 8.57 8.61 8.75 9.15 9.94 10.87 11.32 11.67 11.75 11.74 11.87 12.02 11.65 10.74 9.67 9.20 9.22 9.37 9.55 9.86 10.37 10.85 11.10 10.94 10.66 10.36 10.15 10.04 9.87 9.50 9.06 8.81 8.87 9.26 9.92 10.47 10.57 10.65 10.93 11.43 11.75 11.99 11.97 11.50 10.91 10.12 9.37 9.32 9.38 9.25 8.96 8.72 8.69 8.62 8.29 7.78 7.30 7.01 6.93 6.95 6.97 6.99 7.05 7.16 7.30 7.42 7.52 7.62 7.82 8.21
11.05 11.31 11.87 11.92 11.63 10.67 9.56 8.49 8.07 8.21 8.23 8.10 8.53 9.62 10.65 10.95 11.24 11.31 10.85 10.35 10.28 10.17 9.76 9.41 9.30 9.33 9.42 9.49 9.76 10.37 11.03 11.42 11.50 11.60 11.83 12.20 12.30 11.97 11.32 10.48 9.63 9.02 8.86 8.83 8.72 8.71 8.73 9.06 9.98 11.15 11.75 11.92 11.85 12.05 12.18 12.14 11.75 11.23 10.46 9.49 8.54 7.92 7.68 7.50 7.14 6.74 6.62 6.85 7.11 7.18 7.08 6.91 6.80 6.81 6.96 7.10 7.21 7.49 7.98
11.56 11.95 12.72 12.59 11.96 10.89 9.54 8.66 8.59 8.63 8.45 8.24 8.55 9.40 9.98 10.01 10.02 10.05 9.70 9.29 9.28 9.21 8.91 8.87 8.98 9.18 9.58 10.00 10.27 10.56 11.19 11.87 12.57 13.52 14.56 15.22 15.23 14.69 13.90 12.93 11.73 10.46 9.48 8.88 8.43 8.27 8.69 9.37 10.54 11.53 11.79 11.35 11.05 11.32 11.74 11.88 11.49 10.71 9.73 8.83 8.07 7.55 7.35 7.35 7.26 7.12 7.21 7.51 7.61 7.43 7.11 6.86 6.84 7.16 7.62 8.01 8.31 8.76 9.08
11.85 12.46 13.10 12.87 12.17 11.35 10.23 9.80 10.05 10.20 9.74 9.25 9.26 9.46 9.41 9.13 8.92 8.97 9.09 9.11 9.16 8.79 8.28 8.25 8.55 8.95 9.55 10.25 10.82 11.28 12.00 12.89 14.01 15.19 15.99 16.18 15.95 15.59 15.25 14.80 14.01 12.85 11.59 10.52 9.70 9.61 9.96 10.78 11.72 12.07 11.57 10.10 9.00 8.20 8.39 8.94 9.09 8.70 8.19 7.74 7.34 7.08 7.09 7.43 8.03 8.40 8.72 8.87 8.40 7.69 7.33 7.41 7.93 8.77 9.54 10.09 10.61 11.13 11.30
12.22 12.39 12.93 12.96 12.52 12.10 11.83 12.12 12.49 12.38 11.82 11.06 10.37 9.75 9.09 8.49 8.31 8.75 9.36 9.74 9.73 9.18 8.56 8.42 8.68 9.05 9.46 10.12 11.18 12.37 13.37 14.20 14.83 15.00 14.59 13.85 13.64 14.14 14.71 15.02 14.96 14.39 13.40 12.20 11.25 10.77 10.71 11.36 12.08 12.03 10.84 9.16 7.80 6.87 6.55 6.64 6.96 7.19 7.22 7.10 6.95 6.97 7.30 8.00 8.98 9.86 10.28 10.05 9.29 8.33 8.15 8.75 9.74 10.72 11.56 12.22 12.78 13.01 12.83
12.04 11.69 12.11 13.01 13.49 13.80 14.25 14.76 15.03 14.54 13.73 12.88 11.89 10.54 9.23 8.57 8.54 9.19 10.04 10.51 10.41 9.89 9.31 9.04 9.17 9.59 10.15 11.01 12.24 13.42 14.01 14.18 13.79 12.80 11.39 10.52 10.80 11.75 12.61 13.25 13.81 14.15 14.03 13.44 12.53 11.67 11.32 11.67 11.85 11.31 9.79 8.72 7.97 7.14 6.39 5.95 6.09 6.59 6.94 7.05 7.20 7.64 8.34 9.19 10.12 10.80 11.01 10.73 10.16 9.70 9.53 10.13 10.99 11.94 12.69 13.14 13.11 12.61 11.63
11.23 10.70 10.82 12.32 13.71 14.71 15.34 15.60 15.66 15.27 14.66 13.99 13.16 11.71 10.30 9.58 9.44 9.70 10.18 10.44 10.31 9.91 9.50 9.32 9.55 10.18 11.03 11.92 12.54 12.76 12.52 11.78 10.56 9.13 8.32 8.56 9.29 9.72 9.80 10.30 11.19 12.17 13.05 13.49 13.26 12.50 11.88 11.82 11.26 9.87 8.45 7.78 7.11 6.40 5.82 5.65 5.97 6.57 7.17 7.66 8.16 8.83 9.60 10.26 10.75 10.96 11.01 11.09 11.09 10.99 11.00 11.35 12.15 12.80 12.87 12.27 11.06 9.47 8.13
11.20 10.89 10.75 11.26 12.26 13.25 13.74 13.80 13.60 13.54 13.63 13.61 13.39 12.72 11.81 10.97 10.40 10.02 9.82 9.58 9.29 9.09 9.07 9.16 9.49 10.02 10.50 10.63 10.28 9.65 8.84 7.69 6.55 5.85 6.07 6.97 7.46 7.36 7.30 7.71 8.39 9.30 10.36 11.35 12.07 12.19 11.97 11.67 10.88 9.24 7.74 6.50 5.66 5.37 5.44 5.88 6.47 7.08 7.78 8.63 9.38 10.02 10.50 10.87 11.10 11.25 11.44 11.74 11.92 11.90 11.99 12.49 12.95 12.65 11.40 9.52 7.70 6.59 6.13
11.72 11.89 11.40 10.73 10.14 10.09 10.06 9.71 9.40 9.73 10.42 11.19 11.74 12.12 12.15 11.73 11.01 10.24 9.54 8.83 8.27 8.24 8.48 8.67 8.77 8.72 8.38 7.71 6.91 6.33 5.85 5.45 5.25 5.26 5.47 5.66 5.73 5.89 6.11 6.33 6.57 6.95 7.52 8.41 9.70 11.29 11.82 11.76 11.00 9.65 7.85 6.37 5.74 5.88 6.44 7.07 7.46 7.81 8.44 9.46 10.55 11.19 11.62 11.95 12.24 12.56 12.80 12.88 12.83 12.68 12.75 13.07 12.58 10.81 8.64 7.12 6.53 6.38 6.55
11.82 11.76 11.10 9.99 8.29 7.04 6.20 5.66 5.64 5.96 6.61 7.34 8.33 9.50 10.67 11.21 11.04 10.32 9.43 8.56 8.02 7.97 8.08 8.03 7.74 7.23 6.61 6.13 5.83 5.58 5.50 5.74 6.26 6.60 6.52 6.37 6.34 6.53 6.79 6.96 7.00 7.12 7.51 8.48 9.89 11.60 12.25 12.03 11.00 9.45 8.11 7.39 7.20 7.61 8.21 8.60 8.59 8.65 9.32 10.65 11.89 12.84 13.42 13.71 14.00 14.43 14.66 14.64 14.47 14.18 13.84 13.07 11.16 8.99 7.83 7.62 7.80 7.78 7.88
11.15 10.45 9.49 8.58 6.84 5.38 4.61 4.49 4.72 5.32 5.92 6.36 7.01 8.06 9.23 10.20 10.55 10.26 9.55 8.85 8.42 8.21 8.00 7.66 7.25 6.89 6.73 6.84 6.96 6.89 6.70 6.71 7.17 7.91 8.30 8.44 8.45 8.42 8.46 8.68 9.06 9.61 10.28 11.33 12.48 13.11 12.85 12.15 10.99 9.76 8.85 8.57 8.72 9.20 9.80 10.15 10.00 10.17 11.10 12.51 13.92 14.95 15.50 15.66 15.63 15.71 15.92 16.09 16.16 15.70 14.73 13.14 10.70 9.54 9.62 10.05 10.10 9.76 9.62
10.85 10.05 8.79 7.60 6.54 5.84 5.89 6.46 7.19 8.06 8.70 9.01 9.37 9.61 9.71 9.77 9.99 10.10 9.84 9.41 8.95 8.51 8.07 7.72 7.55 7.60 7.83 8.11 8.38 8.54 8.40 8.05 8.15 8.84 9.63 10.22 10.45 10.43 10.33 10.61 11.43 12.24 13.07 13.78 14.01 13.38 12.32 11.49 10.87 10.30 9.70 9.51 9.85 10.54 11.17 11.39 11.53 11.91 13.09 14.57 15.73 16.27 16.34 16.23 15.98 15.74 15.68 15.78 16.10 16.00 15.40 14.58 13.22 12.78 13.28 13.73 13.62 13.07 12.78
11.03 10.49 9.16 7.89 7.44 8.00 9.12 10.24 11.27 12.07 12.59 12.84 12.72 12.01 10.97 10.15 9.90 10.02 10.02 9.77 9.35 8.87 8.45 8.22 8.29 8.51 8.72 8.98 9.40 9.86 10.10 10.11 10.15 10.41 10.96 11.70 12.32 12.53 12.67 13.08 13.69 14.23 14.44 14.12 13.04 11.35 9.90 9.59 10.07 10.29 10.48 10.68 11.22 11.89 12.25 12.18 12.43 13.27 14.61 15.63 15.95 15.65 15.12 14.81 14.75 14.76 14.79 14.69 14.65 14.96 15.64 16.18 16.76 17.00 17.31 17.82 18.03 17.82 17.41
10.61 9.76 8.49 7.91 8.68 10.26 12.07 13.58 14.61 15.01 15.03 14.79 14.28 13.21 12.05 11.07 10.49 10.24 10.14 9.96 9.70 9.46 9.29 9.23 9.23 9.32 9.51 9.83 10.27 10.84 11.55 12.27 12.88 13.36 13.73 14.11 14.33 14.34 14.62 15.04 15.15 14.76 13.90 12.47 10.55 8.65 7.67 7.94 9.36 10.47 11.34 12.02 12.58 12.83 12.77 12.57 13.09 14.23 14.98 15.17 14.48 13.46 12.61 12.28 12.53 13.06 13.45 13.49 13.20 13.40 14.63 16.10 17.39 18.10 18.63 19.41 19.91 19.92 19.50
9.30 8.45 7.77 8.43 10.33 12.60 14.31 15.31 15.71 15.50 15.00 14.48 13.95 13.27 12.65 11.94 11.19 10.57 10.29 10.20 10.18 10.30 10.54 10.72 10.74 10.68 10.90 11.22 11.58 12.17 13.13 14.29 15.31 16.04 16.35 16.09 15.60 15.27 15.28 15.19 14.49 13.19 11.51 9.62 8.07 7.29 7.28 8.26 9.98 11.47 12.80 13.77 14.13 13.83 13.36 13.31 13.90 14.34 14.39 13.53 12.17 10.86 9.85 9.29 9.59 10.02 10.46 10.76 10.94 11.32 12.13 13.44 14.85 15.81 16.52 17.20 17.70 17.84 17.89
9.90 9.43 9.58 11.09 13.12 14.73 15.37 15.31 14.82 13.95 13.29 12.87 12.52 12.41 12.31 11.95 11.36 10.75 10.54 10.73 11.16 11.79 12.42 12.79 12.93 12.93 13.05 13.30 13.69 14.34 15.29 16.15 16.63 16.70 16.29 15.56 14.99 14.50 14.05 13.11 11.71 10.15 8.52 7.23 6.89 7.41 8.52 10.15 11.53 12.99 14.18 14.75 14.88 14.81 14.34 14.12 14.10 13.79 12.92 11.28 9.66 8.29 6.96 6.34 6.36 6.33 6.31 6.80 7.66 8.33 9.43 10.27 10.91 11.32 11.67 12.17 12.20 12.50 13.04
11.53 12.13 13.44 14.52 15.28 15.58 14.96 13.90 12.80 12.09 11.73 11.44 11.19 11.18 11.24 11.20 11.00 10.80 10.95 11.49 12.35 13.28 14.03 14.56 14.73 14.85 15.04 15.36 15.84 16.45 16.88 16.75 16.04 14.92 13.63 12.75 12.72 12.36 11.33 9.80 8.27 7.28 6.65 6.75 7.49 8.57 10.04 11.53 12.89 14.07 14.55 14.68 14.64 14.70 14.66 14.28 13.61 12.58 10.95 9.19 7.57 5.93 4.80 4.50 4.52 4.44 4.48 4.99 5.84 6.76 7.62 8.34 8.57 8.45 8.24 8.30 8.66 9.45 10.20
12.50 13.62 15.12 15.55 15.45 14.77 13.55 12.38 11.34 10.97 10.86 10.60 10.36 10.26 10.29 10.48 10.65 10.86 11.23 11.65 12.17 12.73 13.39 14.19 14.72 15.20 15.71 16.23 16.62 16.70 16.21 14.95 13.15 11.59 10.57 10.27 10.13 9.36 8.03 6.95 6.26 6.08 6.52 7.68 8.80 9.92 11.26 12.50 13.62 14.06 13.76 13.31 13.18 13.42 13.63 13.43 12.70 11.50 9.81 8.22 6.70 5.22 4.44 4.40 4.59 4.74 5.16 5.96 6.68 6.95 7.15 7.35 7.35 7.08 6.71 6.75 7.54 8.69 9.29
13.02 13.73 14.59 14.67 14.16 13.07 11.98 11.18 10.64 10.40 10.20 9.88 9.71 9.64 9.78 10.11 10.51 10.83 10.98 10.89 10.77 10.76 11.14 11.98 13.20 14.26 15.13 15.59 15.48 14.71 13.28 11.37 9.49 8.41 8.03 7.91 7.28 6.38 5.76 5.77 6.13 6.86 8.00 9.11 10.30 11.53 12.47 13.33 13.70 13.36 12.68 12.23 12.08 12.11 12.26 12.31 12.02 11.26 9.89 8.36 7.09 6.32 6.19 6.52 6.77 6.93 7.49 7.95 7.77 7.32 7.02 6.95 6.72 6.28 5.97 6.28 7.14 7.80 7.91
13.43 13.01 12.84 13.04 12.42 11.84 10.97 10.22 9.90 9.72 9.44 9.19 9.01 9.04 9.42 9.96 10.48 10.72 10.70 10.48 10.37 10.49 10.98 11.86 13.02 13.89 14.18 13.87 12.96 11.58 9.89 8.35 7.02 6.25 5.94 5.79 5.52 5.32 5.49 6.19 7.29 8.56 9.57 10.70 11.96 13.01 13.66 13.84 13.37 12.52 11.77 11.35 11.14 11.18 11.50 11.77 11.89 11.60 10.74 9.51 8.64 8.44 8.72 9.09 9.31 9.57 9.74 9.24 8.24 7.71 7.62 7.13 6.42 5.99 5.97 6.28 6.66 6.77 6.74
13.60 12.73 11.76 11.80 11.89 11.69 11.23 10.47 9.97 9.73 9.42 9.19 9.04 9.13 9.54 10.09 10.64 11.03 11.25 11.39 11.76 12.46 13.32 14.01 14.21 13.81 12.86 11.60 10.20 8.84 7.48 6.47 5.95 5.76 5.62 5.61 5.88 6.38 6.87 7.50 8.51 9.58 10.73 12.10 13.35 14.22 14.44 13.94 12.94 11.76 10.74 10.12 10.10 10.50 11.14 11.70 11.93 11.98 11.82 11.45 11.20 11.35 11.72 12.00 12.10 11.90 11.30 10.47 9.73 9.49 8.96 7.92 6.75 6.44 6.58 6.51 6.43 6.50 6.67
13.75 12.80 11.50 11.28 11.47 11.76 11.95 11.68 11.22 11.01 10.84 10.49 10.40 10.47 10.63 10.75 11.08 11.62 12.20 12.76 13.47 14.23 14.64 14.48 13.67 12.34 10.79 9.23 7.81 6.76 6.16 5.95 6.12 6.65 6.98 7.13 7.39 7.93 8.52 8.91 9.44 10.26 11.61 13.09 14.26 14.80 14.55 13.66 12.50 11.23 10.00 9.42 9.64 10.30 10.96 11.32 11.47 12.02 12.56 13.05 13.75 14.57 15.31 15.74 15.39 14.60 13.49 12.60 12.32 11.80 10.36 8.67 7.82 7.91 7.83 7.19 6.89 7.16 7.42
13.45 12.33 10.96 10.67 10.81 11.50 12.07 12.30 12.15 12.02 11.93 11.66 11.65 11.76 11.81 11.65 11.51 11.78 12.44 13.18 13.76 13.88 13.30 12.12 10.78 9.52 8.35 7.19 6.23 5.86 6.07 6.83 7.59 8.10 8.55 8.89 9.13 9.44 9.92 10.11 10.41 11.14 12.55 13.79 14.62 14.62 13.89 12.95 12.15 11.36 10.46 9.85 9.94 10.36 10.51 10.59 11.07 12.08 12.99 14.06 15.26 16.34 17.12 17.34 17.59 17.08 16.17 15.41 14.56 13.36 11.78 10.30 9.84 9.77 9.30 8.64 8.60 8.97 9.01
12.92 12.16 11.06 10.58 10.57 10.94 11.63 12.19 12.30 12.06 11.61 11.22 11.24 11.45 11.64 11.62 11.37 11.40 11.90 12.39 12.34 11.54 10.19 8.78 7.64 6.77 6.10 5.72 5.71 6.15 7.29 8.58 9.31 9.71 9.98 10.29 10.66 10.92 11.02 11.19 11.58 12.34 13.24 14.02 14.08 13.39 12.38 11.87 11.96 11.98 11.71 11.35 10.89 10.81 10.66 10.79 11.49 12.55 13.33 14.40 15.32 16.25 16.73 16.81 17.20 17.41 17.33 17.16 16.50 15.49 14.68 13.95 13.20 12.13 11.03 10.67 11.04 11.40 10.89
13.18 12.86 11.97 11.28 11.06 11.02 11.36 11.93 12.25 12.09 11.49 10.90 10.68 10.65 10.70 10.69 10.75 10.96 11.25 10.98 9.90 8.31 6.86 5.78 4.90 4.24 3.92 4.29 5.42 7.08 8.78 9.88 10.59 11.01 11.28 11.51 11.66 11.66 11.63 11.81 12.40 13.01 13.61 13.69 13.01 11.65 10.99 11.00 11.49 12.28 12.50 12.36 12.11 11.79 11.54 11.57 11.88 12.56 13.24 14.03 14.37 14.26 13.58 13.45 14.23 15.45 16.43 17.22 17.78 17.81 17.82 17.46 16.46 15.13 13.83 13.44 13.42 12.95 11.76
13.54 12.95 12.09 11.61 11.46 11.38 11.35 11.67 12.18 12.52 12.42 11.89 11.42 10.95 10.54 10.24 10.34 10.58 10.34 9.18 7.38 5.71 4.50 3.74 3.32 3.08 3.09 3.72 5.09 6.87 8.49 9.44 10.14 10.75 11.27 11.63 11.57 11.50 11.50 11.84 12.47 13.18 13.65 13.35 12.54 11.39 10.76 10.71 11.03 11.64 12.36 12.54 12.70 12.51 12.12 11.66 11.57 11.75 12.35 12.79 12.77 12.03 11.12 10.91 11.41 12.59 14.18 15.62 16.81 17.62 18.22 18.45 17.91 17.18 16.52 15.83 14.66 12.94 10.98
12.89 11.77 10.62 10.68 10.97 11.07 10.93 10.99 11.61 12.35 12.74 12.49 11.96 11.39 10.89 10.44 10.30 10.05 9.16 7.61 6.16 5.08 4.35 3.95 3.86 3.99 4.32 4.79 5.49 6.25 6.90 7.52 8.09 8.70 9.34 9.87 10.23 10.52 10.94 11.61 12.18 12.83 13.04 12.54 11.85 11.12 10.44 10.30 10.46 10.81 11.38 12.12 12.40 12.37 11.92 11.11 10.75 10.68 11.16 11.44 11.11 10.16 9.55 9.81 10.53 11.25 12.00 12.83 13.75 14.60 15.34 16.00 16.58 16.83 16.85 16.44 14.73 12.24 10.46
11.29 10.36 9.48 9.63 9.80 9.64 9.41 9.58 10.11 11.06 11.85 12.06 11.73 11.26 10.93 10.55 10.21 9.59 8.58 7.55 6.84 6.44 6.19 6.06 6.07 6.31 6.54 6.76 6.87 6.90 6.98 6.99 7.01 7.13 7.44 8.06 8.99 9.67 10.43 11.21 11.68 11.92 11.48 10.28 9.01 8.52 8.56 8.81 9.13 9.86 10.51 11.17 11.60 11.52 11.00 10.33 9.96 10.06 10.32 10.46 9.98 9.03 8.90 9.34 10.08 10.58 10.64 10.61 10.82 11.30 11.42 12.04 13.24 14.45 15.29 15.62 14.87 13.14 11.57
10.50 10.34 10.26 10.12 9.42 8.74 8.49 8.53 8.78 9.51 10.55 11.32 11.48 11.20 10.84 10.37 9.95 9.43 8.88 8.51 8.49 8.55 8.65 8.67 8.69 8.75 8.83 8.72 8.60 8.56 8.47 8.15 7.66 7.25 7.21 7.74 8.61 9.33 10.14 10.83 11.08 10.78 9.55 7.51 6.38 6.41 6.99 7.75 8.59 9.31 9.98 10.45 10.60 10.58 10.19 9.95 9.88 10.10 10.12 10.12 9.84 9.44 9.45 9.49 9.56 9.31 9.00 9.02 9.32 9.63 9.81 10.11 10.86 11.94 12.70 13.82 14.72 14.53 13.39
