project/data/elevation/US_DEM2016/US_DEM2016_point_10-31-2019_0450_30m_vel.asc
ncols	125
nrows	167
xllcorner	-2042055.000000
yllcorner	1465035.000000
cellsize	30.000000
NODATA_value	-9999.000000
[rows 76 to 113 of 167, columns 0 to 83 of 125]
4.08 3.84 3.64 3.70 3.79 4.00 4.46 4.96 5.19 5.08 4.82 4.70 4.94 5.50 6.13 6.71 7.04 6.98 6.54 5.99 5.59 5.28 4.98 4.68 4.50 4.42 4.31 4.23 4.22 4.28 4.29 4.17 3.85 3.62 3.64 3.74 3.74 3.58 3.36 3.21 3.19 3.38 3.72 3.94 3.89 3.64 3.45 3.29 3.17 3.12 3.10 3.03 2.96 3.05 3.30 3.55 3.70 3.73 3.79 3.90 3.95 3.65 2.99 2.38 2.09 2.12 2.41 2.65 2.85 3.17 3.55 3.97 4.65 5.43 6.15 6.86 7.57 7.96 7.70 6.88 5.71 4.40 3.79 3.60
4.10 3.84 3.69 3.76 3.88 4.27 4.65 4.74 4.47 4.02 3.80 4.03 4.62 5.41 6.15 6.64 6.73 6.42 5.90 5.40 5.02 4.75 4.54 4.40 4.32 4.28 4.19 4.15 4.17 4.24 4.34 4.38 4.30 4.26 4.24 4.12 3.89 3.55 3.28 3.22 3.37 3.57 3.71 3.72 3.63 3.45 3.29 3.14 3.01 2.93 2.87 2.83 2.85 3.06 3.37 3.65 3.82 3.90 3.97 3.96 3.67 3.04 2.52 2.41 2.64 3.02 3.30 3.52 3.91 4.55 5.10 5.76 6.58 7.26 7.75 8.15 8.30 8.01 7.20 6.29 5.44 4.48 3.84 3.53
4.03 3.66 3.45 3.55 3.69 3.97 4.04 3.86 3.67 3.62 3.87 4.36 5.10 5.91 6.48 6.66 6.43 5.95 5.44 5.00 4.65 4.38 4.19 4.08 4.02 3.96 3.91 3.99 4.06 4.09 4.17 4.33 4.46 4.50 4.40 4.18 3.85 3.51 3.35 3.35 3.37 3.32 3.25 3.25 3.25 3.09 2.78 2.53 2.45 2.44 2.48 2.64 2.96 3.33 3.62 3.81 3.96 4.01 3.94 3.70 3.23 2.74 2.65 2.97 3.53 3.98 4.37 4.90 5.58 5.99 6.40 6.99 7.57 7.93 7.97 7.89 7.57 6.87 6.20 5.80 5.55 5.19 4.70 4.24
3.83 3.39 3.18 3.36 3.49 3.59 3.63 3.70 3.92 4.28 4.73 5.29 6.03 6.65 6.85 6.63 6.13 5.57 5.08 4.69 4.34 4.05 3.86 3.75 3.64 3.56 3.53 3.63 3.65 3.63 3.59 3.81 4.03 4.11 4.06 3.90 3.68 3.39 3.25 3.10 2.92 2.77 2.74 2.90 3.01 2.91 2.63 2.48 2.57 2.78 3.04 3.38 3.74 3.94 3.97 3.92 3.81 3.60 3.29 2.90 2.60 2.61 2.92 3.53 4.25 4.93 5.66 6.27 6.48 6.55 6.71 6.99 7.25 7.19 6.91 6.52 6.02 5.52 5.22 5.18 5.27 5.33 5.20 4.89
3.58 3.25 3.18 3.48 3.68 3.78 3.92 4.18 4.59 5.01 5.53 6.18 6.81 7.00 6.75 6.20 5.57 5.01 4.57 4.23 3.93 3.69 3.54 3.40 3.28 3.23 3.17 3.08 2.93 2.89 2.82 2.98 3.25 3.47 3.57 3.58 3.63 3.43 3.33 3.17 3.05 3.04 3.10 3.24 3.31 3.27 3.18 3.22 3.41 3.71 4.01 4.22 4.29 4.21 3.99 3.83 3.58 3.27 3.01 2.81 2.78 3.00 3.49 4.24 5.07 5.90 6.46 6.49 6.22 6.07 6.17 6.25 6.13 5.77 5.46 5.22 5.01 4.83 4.68 4.57 4.64 4.87 5.01 4.97
3.46 3.34 3.42 3.74 3.99 4.16 4.34 4.63 5.05 5.54 6.13 6.71 6.95 6.70 6.09 5.43 4.84 4.28 3.87 3.57 3.37 3.27 3.21 3.09 3.03 3.01 2.87 2.57 2.34 2.26 2.23 2.30 2.52 2.80 3.06 3.35 3.50 3.67 3.75 3.80 3.89 4.00 4.08 4.06 4.01 3.99 4.02 4.15 4.33 4.37 4.31 4.19 4.08 3.95 3.87 3.83 3.77 3.83 3.89 3.88 3.91 4.10 4.52 5.21 5.91 6.36 6.22 5.61 5.25 5.36 5.61 5.64 5.39 4.98 4.77 4.65 4.59 4.58 4.51 4.34 4.27 4.31 4.49 4.65
3.65 3.66 3.69 3.76 3.95 4.22 4.53 4.91 5.39 5.92 6.44 6.69 6.49 5.91 5.23 4.69 4.20 3.71 3.29 3.03 2.92 2.84 2.73 2.75 2.84 2.85 2.74 2.49 2.15 2.08 2.16 2.32 2.43 2.47 2.66 3.14 3.40 3.73 3.96 4.22 4.47 4.62 4.61 4.49 4.41 4.43 4.52 4.62 4.63 4.41 4.16 4.08 4.12 4.13 4.06 4.02 4.13 4.27 4.41 4.53 4.69 4.95 5.35 5.85 6.25 6.12 5.42 4.87 4.83 5.14 5.38 5.30 4.97 4.62 4.50 4.42 4.37 4.38 4.35 4.25 4.14 4.05 4.01 4.15
3.86 3.91 3.88 3.79 3.90 4.24 4.65 5.13 5.65 6.10 6.36 6.25 5.78 5.16 4.60 4.17 3.73 3.31 2.96 2.72 2.57 2.40 2.29 2.40 2.65 2.80 2.87 2.89 2.72 2.66 2.81 2.98 2.93 2.79 2.88 3.17 3.32 3.63 3.97 4.33 4.53 4.50 4.38 4.27 4.29 4.44 4.61 4.67 4.62 4.50 4.50 4.59 4.58 4.45 4.25 4.18 4.30 4.24 4.34 4.59 4.92 5.25 5.60 5.89 5.96 5.52 4.93 4.84 5.01 5.16 5.18 4.93 4.48 4.10 3.94 3.97 3.98 3.95 3.93 3.92 3.88 3.80 3.62 3.66
3.85 3.89 3.94 3.98 4.15 4.47 4.88 5.35 5.76 6.02 6.01 5.66 5.13 4.59 4.12 3.70 3.28 2.89 2.61 2.41 2.23 2.07 2.10 2.34 2.73 3.07 3.37 3.67 3.92 4.06 4.11 3.98 3.73 3.48 3.29 3.37 3.62 3.94 4.30 4.42 4.26 4.00 3.91 4.02 4.20 4.46 4.71 4.88 5.00 5.10 5.07 4.94 4.69 4.47 4.28 4.27 4.31 4.39 4.56 4.78 5.04 5.26 5.45 5.57 5.47 5.07 4.81 4.94 5.02 4.94 4.77 4.44 3.94 3.48 3.21 3.25 3.32 3.29 3.30 3.33 3.38 3.39 3.27 3.26
3.80 3.82 3.95 4.18 4.48 4.82 5.13 5.41 5.65 5.74 5.55 5.12 4.62 4.12 3.67 3.24 2.76 2.35 2.10 2.03 2.04 2.15 2.43 2.85 3.32 3.71 4.06 4.37 4.67 4.87 4.88 4.66 4.33 4.05 3.91 3.94 4.19 4.47 4.46 4.16 3.78 3.66 3.84 4.08 4.29 4.63 5.02 5.26 5.38 5.43 5.32 5.02 4.72 4.52 4.34 4.33 4.46 4.59 4.67 4.73 4.80 4.87 5.00 5.16 5.10 4.84 4.67 4.72 4.64 4.51 4.37 4.14 3.79 3.36 2.96 2.88 2.84 2.71 2.61 2.59 2.67 2.88 2.91 2.97
3.85 3.91 4.10 4.37 4.69 4.94 5.06 5.17 5.35 5.40 5.14 4.69 4.20 3.71 3.23 2.74 2.23 1.85 1.90 1.96 2.22 2.58 3.02 3.49 3.94 4.29 4.51 4.60 4.66 4.75 4.77 4.74 4.61 4.41 4.27 4.26 4.35 4.33 3.96 3.54 3.43 3.56 3.72 3.87 4.14 4.68 5.13 5.22 5.13 5.13 5.13 5.02 4.86 4.69 4.47 4.39 4.74 4.34 4.36 4.30 4.27 4.31 4.55 4.84 4.87 4.65 4.44 4.34 4.23 4.20 4.22 4.23 4.16 3.95 3.48 3.08 2.82 2.61 2.40 2.73 2.27 2.29 2.42 2.59
3.93 3.99 4.15 4.36 4.53 4.60 4.68 4.88 5.16 5.20 4.85 4.35 3.84 3.30 2.71 2.18 1.90 1.94 2.21 2.48 2.75 3.04 3.40 3.84 4.24 4.49 4.53 4.40 4.26 4.23 4.33 4.50 4.64 4.69 4.61 4.37 4.68 3.69 3.35 3.25 3.30 3.33 3.30 3.42 3.92 4.61 4.94 4.71 4.37 4.29 4.30 4.36 4.43 4.47 4.46 4.38 4.23 4.05 4.00 4.04 4.06 4.21 4.51 4.75 4.76 4.55 4.32 4.17 4.07 4.14 4.35 4.54 4.58 4.55 4.46 4.10 3.71 3.35 3.07 2.84 2.60 2.40 2.41 2.59
3.97 3.99 4.07 4.16 4.21 4.29 4.56 5.01 5.25 5.09 4.58 3.98 3.41 2.79 2.25 2.82 2.21 2.67 2.98 3.15 3.28 3.46 3.74 4.07 4.28 4.34 4.23 4.06 4.00 4.04 4.16 4.30 4.48 4.64 4.69 4.43 3.91 3.50 3.24 3.24 3.23 3.20 3.23 3.46 3.97 4.53 4.62 4.09 3.47 3.18 3.13 3.15 3.28 3.56 3.82 4.01 4.04 4.04 4.10 4.19 4.30 4.45 4.58 4.67 4.67 4.51 4.28 4.14 4.11 4.26 4.55 4.74 4.74 4.73 4.86 4.94 4.87 4.70 4.46 4.13 3.72 3.40 3.40 3.36
3.98 4.00 4.07 4.14 4.22 4.49 4.95 5.28 5.21 4.75 4.09 3.39 2.74 2.16 1.96 2.17 2.60 2.96 3.18 3.37 3.57 3.80 4.01 4.10 4.01 3.88 3.80 3.82 3.93 4.07 4.16 4.18 4.16 4.22 4.34 4.35 4.02 3.68 3.43 3.36 3.39 3.51 3.61 3.76 4.07 4.42 4.33 3.66 2.93 2.65 2.56 2.53 2.63 2.96 3.39 3.76 3.98 4.13 4.26 4.38 4.47 4.43 4.36 4.42 4.51 4.40 4.15 4.08 4.15 4.34 4.57 4.73 4.66 4.51 4.55 4.80 5.02 5.14 5.15 5.04 4.87 4.74 4.60 4.37
3.98 4.02 4.13 4.28 4.50 4.88 5.22 5.20 4.76 4.05 3.29 2.48 1.80 1.48 2.66 1.89 2.19 2.44 2.79 3.15 3.52 3.81 3.89 3.71 3.48 3.42 3.57 3.76 3.83 3.81 3.81 3.79 3.76 3.76 3.92 4.15 4.08 3.84 3.63 3.64 3.74 3.86 3.91 4.02 4.25 4.47 4.36 3.86 3.33 3.07 3.04 3.17 3.49 3.84 4.05 4.12 4.17 4.22 4.25 4.26 4.21 4.05 4.00 4.18 4.37 4.25 3.93 3.91 4.06 4.18 4.33 4.50 4.37 4.02 3.88 3.99 4.25 4.50 4.72 4.88 4.99 5.06 5.05 4.87
4.00 4.04 4.18 4.39 4.70 5.04 5.08 4.69 3.97 3.11 2.32 1.68 1.36 1.29 1.40 1.56 1.74 2.02 2.39 2.79 3.17 3.43 3.41 3.26 3.26 3.43 3.66 3.76 3.63 3.41 3.31 3.30 3.37 3.45 3.58 3.86 3.98 3.81 3.70 3.83 3.96 4.04 4.15 4.42 4.68 4.84 4.76 4.51 4.34 4.27 4.24 4.45 4.72 4.82 4.69 4.39 4.19 4.10 4.01 3.86 3.72 3.61 3.67 3.98 4.22 4.08 3.75 3.75 3.85 3.89 4.01 4.17 4.00 3.60 3.35 3.34 3.45 3.56 3.73 3.95 4.20 4.40 4.49 4.53
4.03 4.09 4.26 4.51 4.79 4.87 4.55 3.87 3.03 2.26 1.71 1.51 1.52 1.63 1.74 1.85 2.01 2.22 2.47 2.75 3.01 3.12 3.12 3.24 3.50 3.75 3.94 3.95 3.80 3.66 3.55 3.52 3.57 3.55 3.44 3.53 3.73 3.74 3.78 3.97 4.13 4.29 4.54 4.92 5.16 5.22 5.12 5.00 4.99 5.09 5.19 5.20 5.04 4.68 4.32 4.11 4.01 3.88 3.68 3.45 3.25 3.20 3.37 3.79 4.12 4.09 3.84 3.74 3.69 3.68 3.80 3.94 3.80 3.38 3.02 2.91 2.97 2.92 2.86 2.97 3.16 3.35 3.41 3.42
4.05 4.11 4.27 4.47 4.54 4.28 3.69 2.93 2.21 1.72 1.56 1.65 1.85 2.07 2.31 2.57 2.78 2.92 3.11 3.36 3.56 3.61 3.61 3.70 3.82 4.05 4.38 4.58 4.63 4.58 4.48 4.39 4.31 4.10 3.64 3.44 3.59 3.79 4.04 4.30 4.49 4.71 5.00 5.29 5.35 5.27 5.15 5.09 5.14 5.27 5.31 5.19 4.85 4.39 4.08 4.04 4.01 3.83 3.54 3.25 3.06 3.05 3.32 3.87 4.31 4.35 4.11 3.87 3.67 3.62 3.71 3.85 3.70 3.21 2.68 2.43 2.42 2.31 2.13 2.19 2.39 2.52 2.44 2.36
4.07 4.08 4.11 4.08 3.83 3.31 2.65 2.05 1.63 1.52 1.66 1.93 2.21 2.53 2.94 3.42 3.81 4.09 4.35 4.58 4.67 4.59 4.40 4.17 4.06 4.32 4.80 5.03 5.01 4.87 4.71 4.56 4.37 4.08 3.66 3.52 3.67 4.01 4.39 4.68 4.86 5.03 5.17 5.23 5.13 5.04 5.01 5.04 5.12 5.18 5.07 4.91 4.82 4.76 4.61 4.37 4.13 3.89 3.67 3.50 3.42 3.47 3.76 4.26 4.59 4.53 4.18 3.88 3.72 3.75 3.88 3.90 3.58 2.90 2.23 1.93 1.94 1.90 1.78 1.85 1.97 1.94 1.79 1.76
4.10 4.08 3.97 3.68 3.16 2.58 2.07 1.74 1.64 1.81 2.11 2.45 2.84 3.30 3.82 4.38 4.83 5.22 5.47 5.50 5.29 4.90 4.46 4.15 4.15 4.56 4.95 4.84 4.43 4.11 3.87 3.73 3.62 3.48 3.45 3.62 3.89 4.25 4.62 4.83 4.91 4.91 4.83 4.71 4.70 4.75 4.86 4.92 4.95 4.95 4.81 4.69 4.67 4.70 4.65 4.40 4.13 3.91 3.76 3.70 3.73 3.91 4.22 4.59 4.75 4.54 4.08 3.83 3.89 4.12 4.23 4.01 3.45 2.64 2.00 1.81 1.84 1.82 1.81 1.90 1.96 1.88 1.70 1.74
4.11 4.05 3.84 3.50 3.12 2.78 2.53 2.37 2.38 2.58 2.85 3.18 3.65 4.20 4.76 5.23 5.57 5.74 5.66 5.32 4.80 4.23 3.89 3.92 4.27 4.79 4.98 4.59 4.02 3.70 3.56 3.53 3.55 3.47 3.52 3.79 4.10 4.38 4.62 4.70 4.66 4.51 4.29 4.18 4.26 4.46 4.64 4.68 4.55 4.31 4.15 4.10 4.08 4.03 3.96 3.92 3.85 3.74 3.64 3.58 3.67 3.98 4.41 4.77 4.80 4.54 4.17 4.03 4.15 4.36 4.36 3.97 3.35 2.79 2.39 2.26 2.15 2.02 2.10 2.24 2.23 2.14 2.11 2.34
4.06 3.91 3.63 3.54 3.40 3.31 3.25 3.26 3.40 3.55 3.71 3.99 4.47 5.04 5.53 5.76 5.75 5.46 4.91 4.23 3.63 3.30 3.41 3.83 4.39 5.01 5.16 4.90 4.63 4.51 4.46 4.41 4.26 4.03 3.91 4.02 4.18 4.34 4.43 4.41 4.22 3.96 3.80 3.83 3.97 4.22 4.49 4.47 4.04 3.49 3.19 3.16 3.21 3.20 3.21 3.34 3.49 3.55 3.57 3.59 3.74 4.09 4.48 4.71 4.64 4.38 4.16 4.11 4.14 4.20 4.14 3.77 3.42 3.26 3.17 3.00 2.77 2.53 2.79 3.01 2.94 2.84 2.99 3.47
3.94 3.75 3.54 3.64 3.60 3.68 3.82 4.04 4.30 4.51 4.68 4.91 5.31 5.71 5.85 5.69 5.25 4.60 3.87 3.27 2.96 3.02 3.42 3.96 4.60 5.29 5.44 5.35 5.29 5.24 5.13 4.93 4.66 4.39 4.18 4.14 4.18 4.21 4.17 3.99 3.69 3.48 3.52 3.73 3.95 4.30 4.58 4.44 3.78 3.12 2.83 2.75 2.61 2.61 2.81 3.13 3.43 3.59 3.66 3.74 3.93 4.23 4.44 4.50 4.37 4.20 4.02 3.90 3.87 3.91 3.83 3.68 3.73 3.88 4.02 3.99 3.79 3.68 4.05 4.22 4.11 4.05 4.28 4.56
3.87 3.75 3.66 3.75 3.91 4.18 4.52 4.81 5.02 5.16 5.32 5.54 5.75 5.77 5.51 4.99 4.33 3.64 3.10 2.84 3.00 3.46 3.98 4.44 5.05 5.53 5.46 5.14 4.96 4.85 4.68 4.52 4.42 4.35 4.20 4.10 4.06 3.98 3.78 3.54 3.38 3.52 3.78 4.01 4.25 4.62 4.80 4.58 4.03 3.60 3.40 3.22 2.96 2.98 3.19 3.44 3.65 3.79 3.90 4.01 4.12 4.31 4.42 4.43 4.36 4.23 4.01 3.85 3.85 3.93 3.90 3.90 4.12 4.33 4.51 4.67 4.85 5.06 5.32 5.37 5.24 5.14 5.12 4.92
3.89 3.83 3.79 3.90 4.18 4.52 4.80 5.00 5.10 5.17 5.29 5.45 5.47 5.22 4.70 4.06 3.42 2.89 2.62 2.72 3.25 3.88 4.38 4.80 5.30 5.49 5.09 4.50 4.14 3.95 3.83 3.85 3.97 4.09 4.08 4.00 3.86 3.66 3.46 3.41 3.65 4.06 4.28 4.38 4.55 4.84 4.91 4.64 4.26 4.15 4.14 4.06 3.93 3.84 3.78 3.72 3.77 3.93 4.13 4.28 4.36 4.51 4.59 4.61 4.54 4.41 4.25 4.22 4.31 4.29 4.20 4.20 4.29 4.36 4.46 4.77 5.22 5.58 5.71 5.61 5.39 5.20 4.94 4.46
3.89 3.86 3.81 3.90 4.13 4.36 4.45 4.48 4.52 4.61 4.77 4.86 4.74 4.39 3.86 3.25 2.70 2.47 2.58 2.98 3.55 4.03 4.42 4.77 5.11 5.05 4.48 3.87 3.45 3.23 3.20 3.28 3.41 3.56 3.75 3.85 3.78 3.68 3.70 3.94 4.28 4.46 4.47 4.50 4.65 4.85 4.82 4.47 4.17 4.09 4.11 4.16 4.22 4.15 3.87 3.67 3.73 3.96 4.20 4.38 4.56 4.77 4.85 4.83 4.73 4.60 4.53 4.54 4.54 4.38 4.27 4.27 4.26 4.24 4.32 4.58 4.92 5.14 5.12 5.03 4.90 4.71 4.36 3.88
3.87 3.88 3.91 3.96 3.99 3.99 3.92 3.83 3.86 4.03 4.20 4.19 3.91 3.47 2.94 2.49 2.40 2.71 3.29 3.83 4.16 4.39 4.59 4.76 4.84 4.56 3.87 3.26 2.90 2.77 2.80 2.82 2.80 2.89 3.15 3.47 3.73 3.96 4.19 4.37 4.43 4.39 4.33 4.39 4.57 4.71 4.60 4.22 3.85 3.61 3.51 3.57 3.72 3.76 3.65 3.60 3.72 3.96 4.21 4.46 4.74 4.98 5.03 4.95 4.80 4.66 4.55 4.43 4.26 4.04 4.03 4.11 4.16 4.19 4.25 4.31 4.38 4.31 4.25 4.35 4.47 4.47 4.33 4.18
4.01 4.11 4.22 4.18 4.03 3.79 3.65 3.55 3.60 3.76 3.77 3.50 3.01 2.46 2.05 2.08 2.61 3.43 4.08 4.46 4.69 4.82 4.89 4.92 4.86 4.53 3.86 3.19 2.85 2.80 2.82 2.80 2.75 2.77 2.94 3.30 3.72 4.03 4.12 4.07 3.98 3.97 4.03 4.18 4.40 4.52 4.35 3.91 3.43 3.12 3.00 2.97 3.01 3.14 3.29 3.49 3.68 3.95 4.21 4.49 4.80 5.02 5.02 4.89 4.73 4.58 4.44 4.25 4.05 3.88 3.86 3.94 4.06 4.07 4.03 4.09 4.01 3.81 3.70 3.79 4.00 4.22 4.44 4.65
4.24 4.32 4.35 4.24 4.06 3.85 3.70 3.64 3.61 3.47 3.09 2.55 1.98 1.58 1.57 1.99 2.74 3.52 4.06 4.47 4.74 4.88 4.95 5.05 5.07 4.79 4.31 3.87 3.67 3.70 3.73 3.66 3.63 3.59 3.63 3.77 3.94 3.96 3.83 3.68 3.59 3.62 3.83 4.09 4.33 4.39 4.15 3.67 3.24 3.01 2.87 2.66 2.48 2.49 2.75 3.19 3.63 3.99 4.24 4.49 4.76 4.86 4.79 4.65 4.57 4.52 4.44 4.30 4.16 3.99 3.88 3.91 3.97 3.96 3.98 4.03 3.87 3.64 3.48 3.41 3.41 3.53 3.79 4.09
4.26 4.18 4.03 3.92 3.81 3.68 3.60 3.49 3.24 2.78 2.14 1.66 1.44 1.49 1.86 2.44 2.96 3.36 3.72 4.10 4.36 4.52 4.76 5.09 5.17 4.93 4.75 4.80 4.92 4.99 4.98 4.93 4.83 4.62 4.45 4.30 4.14 3.95 3.80 3.66 3.58 3.64 3.93 4.21 4.37 4.34 4.07 3.68 3.40 3.20 2.92 2.52 2.28 2.41 2.78 3.29 3.79 4.13 4.35 4.57 4.69 4.62 4.49 4.46 4.52 4.56 4.52 4.40 4.27 4.10 4.00 4.01 4.03 3.99 3.92 3.83 3.69 3.56 3.45 3.27 3.03 2.88 2.92 3.03
4.09 3.84 3.61 3.57 3.52 3.45 3.37 3.08 2.68 2.25 1.94 1.85 2.01 2.45 3.23 3.91 4.03 3.94 3.92 3.98 4.09 4.30 4.78 5.21 5.16 4.92 4.94 5.16 5.35 5.45 5.43 5.34 5.17 4.92 4.66 4.41 4.18 4.00 3.85 3.69 3.67 3.89 4.19 4.35 4.35 4.26 4.03 3.73 3.52 3.24 2.83 2.52 2.67 3.15 3.59 3.86 4.05 4.22 4.42 4.53 4.46 4.32 4.33 4.48 4.61 4.62 4.54 4.44 4.36 4.30 4.23 4.19 4.09 3.89 3.64 3.49 3.49 3.49 3.42 3.26 3.03 2.90 2.94 2.98
3.95 3.74 3.51 3.47 3.49 3.50 3.39 3.13 2.84 2.69 2.82 3.17 3.64 4.36 5.15 5.61 5.69 5.38 4.96 4.75 4.75 4.97 5.37 5.43 5.10 4.80 4.77 4.81 4.83 4.90 4.92 4.86 4.78 4.69 4.57 4.40 4.23 4.07 3.86 3.71 3.84 4.17 4.39 4.32 4.19 4.12 3.95 3.71 3.53 3.32 3.11 3.20 3.65 4.14 4.28 4.16 4.08 4.18 4.33 4.33 4.22 4.20 4.33 4.47 4.53 4.48 4.36 4.31 4.33 4.39 4.37 4.26 4.04 3.74 3.49 3.39 3.44 3.47 3.42 3.39 3.45 3.60 3.72 3.65
3.96 3.83 3.65 3.61 3.69 3.81 3.86 3.84 3.82 3.95 4.36 4.94 5.61 6.20 6.53 6.56 6.45 6.26 6.08 5.96 5.92 5.96 5.92 5.55 5.02 4.68 4.55 4.42 4.25 4.12 4.05 4.03 4.05 4.12 4.19 4.23 4.22 4.10 3.93 3.86 4.02 4.15 4.10 3.96 3.96 4.07 4.01 3.86 3.80 3.85 3.98 4.25 4.55 4.67 4.44 4.14 4.12 4.24 4.29 4.24 4.19 4.23 4.26 4.26 4.24 4.12 4.00 4.02 4.09 4.18 4.22 4.16 3.97 3.76 3.59 3.53 3.54 3.51 3.46 3.54 3.76 3.98 4.07 4.02
4.04 3.98 3.88 3.87 3.96 4.10 4.28 4.50 4.81 5.26 5.79 6.30 6.65 6.74 6.58 6.23 5.91 5.91 6.02 6.07 6.08 6.01 5.79 5.33 4.82 4.56 4.49 4.38 4.15 3.88 3.63 3.51 3.50 3.59 3.73 3.88 3.99 4.00 3.94 3.87 3.79 3.64 3.48 3.56 3.96 4.29 4.34 4.25 4.23 4.40 4.68 4.92 5.03 4.96 4.74 4.56 4.57 4.56 4.45 4.34 4.25 4.15 4.07 4.04 3.99 3.83 3.72 3.78 3.85 3.91 3.97 3.96 3.87 3.76 3.68 3.65 3.60 3.49 3.46 3.57 3.72 3.82 3.85 3.82
4.13 4.11 4.05 4.06 4.16 4.28 4.48 4.84 5.39 5.95 6.33 6.45 6.32 5.99 5.54 5.07 4.81 4.88 5.00 5.15 5.30 5.34 5.21 4.89 4.55 4.42 4.43 4.36 4.18 4.02 3.90 3.83 3.84 3.86 3.84 3.79 3.79 3.83 3.81 3.69 3.48 3.37 3.47 3.87 4.42 4.72 4.71 4.58 4.51 4.62 4.85 5.05 5.17 5.21 5.23 5.19 5.10 4.91 4.65 4.41 4.21 4.03 3.96 3.96 3.85 3.65 3.61 3.72 3.80 3.83 3.81 3.76 3.71 3.68 3.68 3.67 3.59 3.49 3.50 3.59 3.71 3.80 3.81 3.74
4.17 4.09 4.03 4.13 4.30 4.50 4.80 5.24 5.72 5.97 5.94 5.69 5.31 4.88 4.46 4.13 3.98 4.04 4.13 4.33 4.62 4.79 4.78 4.57 4.36 4.33 4.35 4.19 3.98 3.97 4.11 4.24 4.31 4.27 4.13 3.94 3.81 3.79 3.74 3.69 3.69 3.82 4.10 4.55 4.96 5.08 4.92 4.70 4.56 4.54 4.67 4.85 5.02 5.17 5.30 5.35 5.23 5.00 4.69 4.39 4.16 4.01 3.94 3.85 3.65 3.54 3.67 3.85 3.93 3.87 3.71 3.58 3.56 3.58 3.58 3.56 3.51 3.47 3.50 3.61 3.77 3.87 3.84 3.78
4.09 3.98 3.96 4.15 4.40 4.71 5.12 5.48 5.61 5.43 5.08 4.74 4.41 4.10 3.78 3.52 3.42 3.54 3.76 4.05 4.37 4.66 4.66 4.39 4.25 4.37 4.39 4.19 3.97 3.90 3.92 3.95 3.96 3.94 3.92 3.88 3.85 3.83 3.82 3.93 4.10 4.28 4.55 4.99 5.28 5.21 4.89 4.56 4.38 4.34 4.39 4.52 4.61 4.67 4.76 4.84 4.80 4.66 4.49 4.30 4.14 4.00 3.83 3.64 3.52 3.60 3.84 4.02 4.04 3.84 3.56 3.43 3.41 3.42 3.41 3.39 3.32 3.29 3.37 3.58 3.75 3.75 3.65 3.61
4.05 3.97 3.99 4.15 4.38 4.71 5.07 5.15 4.93 4.54 4.18 3.84 3.56 3.32 3.08 2.97 3.17 3.54 3.87 4.17 4.57 4.86 4.68 4.30 4.32 4.53 4.52 4.36 4.23 4.08 3.87 3.63 3.46 3.43 3.51 3.61 3.71 3.79 3.90 4.07 4.25 4.44 4.75 5.16 5.30 5.05 4.62 4.28 4.15 4.15 4.19 4.23 4.18 4.06 3.95 3.95 3.97 4.00 4.08 4.13 4.09 3.95 3.75 3.61 3.63 3.80 4.02 4.12 4.00 3.69 3.42 3.29 3.23 3.25 3.29 3.27 3.19 3.14 3.25 3.53 3.64 3.46 3.29 3.23
