project/data/elevation/US_DEM2016/US_DEM2016_point_10-28-2019_0745_30m_ang.asc
ncols	125
nrows	167
xllcorner	-2042055.000000
yllcorner	1465035.000000
cellsize	30.000000
NODATA_value	-9999.000000
[rows 0 to 57 of 167, columns 0 to 95 of 125]
14 14 10 1 358 357 357 358 1 3 5 4 1 2 5 6 6 5 4 3 3 2 2 4 5 6 7 9 9 10 11 11 12 13 13 10 5 2 2 3 3 4 4 5 7 9 8 5 4 4 3 3 4 4 4 5 7 7 7 6 5 4 2 1 2 4 7 9 9 8 6 5 4 4 4 5 4 2 0 3 5 4 4 6 5 4 4 6 6 5 5 5 6 6 4 3
14 14 10 1 358 357 357 358 1 3 5 4 1 2 5 6 6 5 4 3 3 2 2 4 5 6 7 9 9 10 11 11 12 13 13 10 5 2 2 3 3 4 4 5 7 9 8 5 4 4 3 3 4 4 4 5 7 7 7 6 5 4 2 1 2 4 7 9 9 8 6 5 4 4 4 5 4 2 0 3 5 4 4 6 5 4 4 6 6 5 5 5 6 6 4 3
23 20 10 358 352 350 351 353 358 3 5 4 1 2 5 7 8 7 5 4 3 2 2 4 6 9 11 13 13 14 15 15 15 15 14 9 3 359 359 0 2 3 4 5 7 8 7 5 3 3 2 2 3 4 4 6 8 9 9 9 7 4 1 359 0 4 8 10 10 9 6 5 4 3 4 4 3 359 358 2 5 4 4 6 6 5 6 7 7 5 4 5 6 6 3 1
33 26 11 356 345 338 338 343 351 360 5 5 2 2 7 11 11 10 8 5 2 1 1 5 10 15 19 21 20 20 19 19 17 16 13 8 2 357 353 354 358 0 2 4 5 6 6 5 3 2 1 1 2 4 5 7 9 11 12 12 10 5 360 358 359 3 7 11 11 10 8 7 6 5 5 4 1 357 354 359 4 3 1 4 7 8 9 9 8 5 4 5 5 4 360 357
35 27 11 358 347 336 331 333 341 352 1 4 2 3 9 13 12 9 8 5 2 1 3 7 14 21 24 24 22 20 19 18 16 14 12 10 6 1 355 350 351 355 358 0 2 2 4 4 4 2 2 2 3 5 6 8 10 12 12 13 12 9 5 2 2 3 6 8 10 11 11 11 10 9 7 4 0 356 354 356 359 357 355 0 8 12 12 10 8 5 4 4 2 359 356 356
34 27 11 359 351 342 333 329 332 341 353 1 2 3 8 13 11 7 4 2 1 3 7 12 19 24 26 23 20 18 17 15 14 13 13 12 9 5 360 352 347 347 351 355 359 0 1 3 3 3 3 4 5 8 10 11 10 9 8 9 12 12 11 9 7 6 6 7 10 12 14 15 15 13 9 5 1 357 354 354 353 350 348 355 8 15 14 11 7 4 3 2 358 354 355 0
31 24 10 1 355 349 342 334 328 329 339 352 358 359 4 10 11 7 1 360 2 6 12 17 21 24 24 21 17 15 14 13 13 14 13 12 10 8 4 358 349 344 343 348 354 358 0 1 3 4 4 5 7 10 12 11 8 6 6 7 11 15 16 15 13 11 9 8 9 11 14 15 15 13 10 6 2 357 353 351 349 347 345 351 5 14 14 10 6 3 1 358 355 354 360 11
26 20 9 3 359 356 351 343 333 325 327 338 347 351 357 6 12 10 5 1 2 8 15 19 22 23 22 20 15 12 11 12 12 12 11 10 9 9 8 5 359 351 343 341 347 355 359 1 1 1 2 4 7 10 12 11 9 8 9 11 14 16 18 17 17 15 12 8 7 9 12 14 14 13 10 7 3 358 351 348 346 345 345 348 359 9 11 7 3 1 359 356 356 1 13 26
18 15 9 6 4 2 359 353 343 334 329 331 335 341 350 2 11 14 11 6 4 9 16 21 23 22 19 17 14 10 9 9 9 7 6 6 7 9 9 9 7 2 355 347 346 352 358 360 359 358 359 3 7 10 13 14 14 14 17 18 19 18 17 17 17 17 13 7 5 7 11 13 13 11 8 6 3 358 353 349 347 346 345 347 353 1 5 3 1 359 357 357 2 14 26 32
10 10 9 9 8 7 4 358 350 345 340 336 333 334 342 356 9 15 14 9 6 9 16 21 22 19 15 13 12 9 6 5 3 2 1 3 6 9 10 10 10 9 6 359 352 351 355 358 357 357 359 4 8 11 16 19 21 23 24 24 22 20 17 14 14 14 11 7 5 6 9 11 9 6 4 2 1 358 356 355 354 351 349 348 351 356 359 358 357 358 359 3 13 22 25 25
2 6 11 12 11 9 6 360 355 352 350 347 341 337 339 350 4 11 11 9 8 11 15 18 18 15 13 10 8 5 2 0 359 359 360 2 6 8 9 10 11 11 11 8 1 354 353 356 357 358 2 8 11 13 17 23 28 29 28 26 23 20 16 10 8 9 10 9 8 7 6 6 4 1 360 359 359 359 359 360 359 357 355 354 353 355 356 354 355 359 4 10 15 17 17 17
353 0 10 12 12 9 5 1 359 358 358 355 352 348 345 348 357 3 5 7 10 13 15 16 14 12 10 6 2 0 359 357 358 0 3 5 5 5 7 8 9 11 13 12 8 1 356 355 357 359 5 11 15 16 19 24 27 27 26 24 22 17 11 5 1 3 8 11 11 7 4 2 1 358 357 357 359 1 4 4 3 360 358 357 357 355 353 351 354 1 6 9 10 11 11 11
354 357 3 8 9 7 5 3 3 4 4 2 0 358 355 352 353 356 360 5 11 16 17 14 11 8 5 2 359 358 358 358 1 7 9 7 3 3 5 6 7 9 11 13 12 9 2 358 359 3 9 15 20 23 25 24 22 21 21 20 17 12 7 3 359 360 6 11 11 8 4 0 358 357 357 359 2 7 11 12 8 0 355 355 356 354 350 350 353 358 1 4 6 6 6 6
2 359 356 359 4 6 6 6 7 8 8 7 6 5 3 358 356 356 357 4 13 19 18 14 9 6 3 1 360 359 1 6 12 16 13 7 4 5 6 5 5 5 8 12 14 12 7 3 3 7 13 20 26 28 25 20 16 14 14 14 12 9 5 2 359 358 2 7 10 8 4 360 358 359 2 7 11 16 17 16 10 360 351 349 349 347 346 347 351 354 357 359 1 2 2 1
3 2 358 356 358 4 8 10 10 10 9 8 8 8 7 5 1 359 0 6 15 20 18 14 11 7 6 6 8 8 10 15 18 18 14 9 7 7 6 5 3 3 5 9 12 12 9 7 8 12 17 23 26 23 18 13 10 9 8 8 8 7 4 1 359 357 359 4 8 8 5 1 1 6 13 17 17 16 14 12 7 359 352 348 345 343 343 345 348 351 353 355 357 358 358 357
1 3 4 3 2 5 12 14 12 9 5 4 4 5 6 8 7 5 6 10 16 18 17 16 15 14 12 13 14 14 12 11 12 13 13 11 8 4 3 4 3 2 2 3 5 7 8 10 13 18 21 22 19 15 11 8 8 6 4 2 2 3 3 1 359 357 358 2 6 8 7 5 8 15 18 16 13 12 10 7 3 359 354 349 344 343 344 346 346 348 350 352 353 355 357 359
3 5 8 11 13 15 17 15 9 2 357 355 354 354 358 5 10 10 11 13 15 16 17 19 19 18 14 12 12 13 11 7 6 8 10 9 8 4 2 2 3 1 359 358 359 2 7 13 18 22 22 19 15 10 7 6 6 4 0 357 356 359 1 2 0 358 358 0 4 8 10 12 15 16 14 11 10 9 8 5 1 358 354 350 347 347 347 347 346 345 347 350 351 355 2 5
9 9 11 17 20 19 14 6 0 356 353 353 351 350 352 0 9 12 13 14 14 16 19 21 20 16 13 10 9 11 11 8 4 3 5 6 7 5 2 1 0 359 357 356 356 0 8 17 22 23 22 17 12 7 4 4 5 1 357 353 353 355 359 2 3 2 359 358 1 7 12 16 15 12 8 6 7 8 7 4 2 358 355 352 351 352 351 349 346 344 345 348 352 358 5 7
12 12 14 18 19 14 6 360 356 354 354 355 355 355 356 360 6 12 14 14 16 18 20 20 18 14 11 8 6 7 9 8 4 1 0 3 5 5 2 359 357 357 356 356 358 3 12 20 23 23 20 15 9 5 3 4 2 358 354 352 352 354 358 2 5 5 2 358 357 4 11 13 12 9 6 5 6 6 6 6 5 1 358 356 356 356 355 350 345 343 344 348 353 358 2 2
14 17 21 18 13 6 0 356 355 355 356 358 0 1 2 3 6 10 13 14 16 19 19 18 16 13 10 7 4 3 5 5 3 1 359 360 2 3 2 359 357 357 358 1 6 12 18 20 20 19 16 12 7 5 4 3 360 356 353 352 353 354 357 1 5 6 5 1 356 358 4 8 8 6 5 5 4 5 6 7 9 8 5 2 1 360 356 350 345 343 345 348 351 354 356 358
24 26 23 14 5 359 356 356 356 358 360 2 5 6 7 7 8 11 12 14 16 17 16 16 14 12 9 6 3 0 359 360 360 359 359 359 1 2 1 360 360 1 5 11 17 19 18 15 13 12 10 7 6 6 6 3 358 355 354 355 356 357 358 360 3 5 6 4 357 353 355 0 2 3 4 5 4 4 6 9 12 14 12 8 3 360 357 353 350 348 349 350 350 350 351 356
30 26 16 5 358 355 355 357 359 2 3 5 7 9 10 11 12 12 11 12 13 12 12 12 12 10 7 4 2 358 356 356 357 358 359 1 2 2 2 3 6 10 17 22 22 18 12 7 5 4 3 4 6 8 8 4 360 358 358 0 2 3 2 360 360 2 3 1 355 346 345 349 354 358 1 4 4 4 6 9 15 18 18 13 6 1 358 357 357 355 353 351 350 349 352 357
21 15 6 1 357 356 357 360 2 4 6 7 8 9 12 14 14 12 10 8 7 6 7 8 8 7 5 3 0 357 355 354 356 359 2 4 3 4 7 12 17 22 26 24 18 11 6 2 359 358 359 2 6 9 10 8 5 3 5 8 11 13 12 6 360 359 356 350 342 335 332 335 342 349 353 360 3 3 3 6 13 19 20 18 12 6 2 1 1 359 355 352 351 352 354 358
7 5 2 1 360 360 1 4 5 6 7 7 8 10 13 15 14 11 8 5 3 2 3 4 5 5 3 1 359 358 357 357 0 5 8 7 7 10 17 23 26 27 24 17 11 6 2 357 354 355 357 1 5 9 11 12 11 11 13 16 20 22 20 13 4 358 353 345 339 333 326 324 327 336 343 350 355 357 358 1 7 16 21 22 19 13 6 2 0 359 355 352 352 353 354 355
352 355 0 3 4 5 6 7 6 6 7 8 8 10 12 13 12 9 7 5 3 2 1 0 1 1 0 360 360 0 2 5 10 14 15 13 16 23 28 28 25 21 16 10 6 2 359 355 353 353 356 0 4 8 12 14 16 17 19 22 24 23 18 10 3 357 352 348 345 341 332 324 321 323 329 335 341 346 351 354 0 10 20 25 23 18 10 3 0 358 356 352 352 352 352 353
340 345 357 4 8 10 9 8 8 8 8 8 8 9 9 10 9 8 8 7 5 3 0 358 357 357 358 360 2 6 11 17 22 24 23 22 25 28 27 22 17 13 9 5 1 359 357 356 355 355 357 360 3 7 11 14 17 20 23 24 23 19 13 7 2 357 354 353 352 348 342 336 331 326 323 323 324 329 337 343 351 2 14 22 23 20 14 7 2 360 357 353 352 351 351 352
332 338 351 2 9 13 13 10 9 8 7 7 7 6 6 5 5 6 7 7 5 1 358 356 355 356 359 4 9 16 24 29 30 27 25 23 22 21 19 14 10 7 4 0 357 355 356 358 360 360 359 359 1 4 7 12 17 21 22 22 19 14 9 5 2 359 358 358 357 354 351 349 346 340 332 327 323 321 323 329 338 350 2 14 21 22 19 12 5 1 358 354 352 352 352 353
330 335 346 357 7 13 15 13 10 8 7 6 6 5 3 3 2 3 4 3 1 358 356 356 357 360 5 11 18 27 32 32 27 23 20 18 16 14 14 11 6 2 359 356 353 353 355 0 5 6 4 360 357 358 3 10 16 19 19 16 12 8 5 4 4 3 2 1 359 359 359 359 356 349 345 341 335 329 325 325 329 338 350 3 15 21 21 17 9 2 358 354 352 352 353 354
332 334 341 351 1 11 15 15 12 10 8 7 6 5 4 3 1 1 0 359 358 357 357 359 3 7 14 21 28 32 31 25 20 17 15 14 12 11 10 9 5 360 356 352 350 351 355 2 8 11 10 3 355 352 358 7 14 15 14 11 6 3 3 5 7 8 7 4 3 4 6 5 1 356 353 351 346 340 337 335 333 333 340 351 5 16 21 20 13 5 360 355 352 352 354 356
339 338 341 346 354 5 13 16 15 12 10 8 6 5 5 5 2 360 357 356 357 359 3 8 13 19 25 30 30 26 20 16 14 13 12 11 10 8 8 7 4 359 354 350 349 350 355 2 8 12 12 7 358 351 354 2 8 10 9 5 1 359 1 5 10 11 11 9 8 8 8 7 5 2 359 356 351 348 347 346 344 339 336 341 352 5 15 19 17 11 3 357 352 352 354 358
343 344 347 348 350 358 8 15 17 16 13 10 7 5 6 5 3 359 356 356 0 8 16 23 30 36 39 35 24 15 10 9 9 9 9 9 8 8 7 5 3 358 354 351 350 350 353 358 4 9 12 10 3 355 354 358 3 6 6 2 359 357 359 4 9 12 13 12 10 9 8 8 9 8 4 360 356 355 356 356 354 349 342 338 340 350 3 14 17 14 9 1 355 353 355 360
340 344 351 352 351 353 2 11 17 17 15 12 8 6 6 5 2 360 359 3 13 23 33 40 43 44 41 30 14 5 3 4 5 6 7 7 7 7 6 4 1 358 355 354 354 353 353 354 358 4 10 11 7 360 355 356 0 4 4 1 359 357 357 1 5 9 11 12 11 10 9 10 12 12 9 5 3 3 4 4 2 357 352 345 338 336 345 360 10 13 11 6 360 356 356 359
337 341 349 352 351 350 356 6 14 18 17 15 12 9 7 5 3 2 6 15 24 35 40 39 37 34 29 20 8 359 358 360 1 2 4 6 7 7 5 3 0 357 355 356 357 358 355 352 352 358 6 10 9 4 359 358 1 4 5 2 0 357 354 356 359 3 7 9 11 10 10 11 13 14 13 12 12 13 11 8 6 4 2 356 346 338 336 342 354 5 9 8 4 359 357 357
347 346 345 345 346 347 350 360 10 16 19 19 16 13 10 7 5 7 14 24 28 28 30 29 26 23 20 16 10 1 358 358 358 359 2 4 5 4 3 2 360 357 356 357 359 360 357 350 347 351 359 7 10 8 4 2 3 5 6 5 3 356 351 348 351 357 3 7 10 11 9 10 13 14 16 18 20 19 15 11 10 11 8 1 353 348 344 341 342 349 358 4 4 0 355 355
3 357 347 344 344 344 345 351 1 12 18 21 20 16 12 10 9 11 19 22 21 22 23 22 20 18 17 15 11 6 1 1 1 0 360 0 1 1 1 1 1 1 0 1 1 358 353 346 340 341 351 2 9 10 7 4 4 6 8 8 6 358 350 345 344 350 359 5 9 10 8 7 11 14 17 20 22 22 19 15 15 14 9 2 356 354 353 352 349 347 349 354 357 356 353 352
8 1 352 351 351 350 348 348 354 4 14 20 22 19 15 13 12 12 14 16 16 16 16 16 16 16 16 15 14 9 4 3 4 4 1 359 358 359 359 0 3 5 7 7 2 355 349 344 339 338 343 356 8 11 8 5 4 6 8 10 7 1 354 347 343 345 354 1 5 8 7 5 8 12 14 16 21 22 21 19 16 13 8 3 359 358 359 359 357 353 350 350 351 351 351 351
3 360 356 356 357 358 356 354 354 360 9 17 21 22 19 16 13 10 12 10 10 10 10 11 12 13 14 16 16 14 9 4 3 3 3 1 358 357 357 359 4 9 11 7 360 353 350 348 346 343 343 351 4 10 8 5 5 6 8 9 8 4 358 353 347 344 348 355 360 4 5 3 5 9 9 10 15 20 21 18 15 12 9 6 4 5 6 5 1 355 351 349 349 350 351 351
358 357 358 360 2 3 3 1 0 2 5 11 18 22 22 19 14 7 4 4 4 4 6 8 9 11 13 16 17 17 13 8 3 1 1 1 359 356 355 357 2 7 10 7 0 355 353 353 352 350 347 349 359 8 8 6 5 6 7 8 8 6 4 1 355 349 346 349 354 360 2 1 3 7 5 4 9 15 17 15 13 12 13 13 13 13 12 8 1 355 351 349 349 350 352 353
353 355 0 4 6 7 7 7 6 6 5 7 13 19 22 20 14 11 1 359 360 1 3 5 8 10 12 15 17 18 17 12 5 0 358 358 358 356 355 354 357 3 8 8 4 360 357 357 357 354 350 348 354 4 8 6 5 5 6 8 9 9 8 7 3 356 349 347 349 355 359 359 0 4 2 358 2 9 12 12 11 14 18 21 21 18 12 4 359 357 355 353 351 352 354 356
351 355 3 7 8 9 9 10 9 7 4 5 8 14 19 18 18 8 5 358 360 2 3 4 6 8 10 12 15 18 18 14 9 2 357 355 355 356 355 353 352 357 5 9 9 7 3 2 0 356 351 347 351 1 5 4 3 4 7 10 13 13 11 10 8 3 356 348 344 348 354 356 357 359 359 355 356 3 7 8 8 14 22 25 24 17 7 1 359 359 359 359 358 357 359 0
353 357 5 8 9 9 9 9 8 5 3 3 7 12 16 21 13 10 5 3 2 3 3 2 3 4 6 9 12 16 17 15 9 2 356 353 354 355 356 356 353 354 2 10 13 12 8 5 4 0 355 350 350 358 3 3 1 3 9 15 19 19 16 14 11 6 359 350 343 341 346 351 352 354 356 353 353 357 3 5 5 10 19 23 21 15 6 1 1 2 3 4 5 5 4 4
358 0 5 8 8 7 7 7 5 3 2 3 8 13 15 13 12 11 10 7 4 2 1 0 0 2 4 6 9 12 14 13 7 1 356 353 352 354 357 359 359 356 360 9 15 16 12 8 6 4 1 357 354 357 2 2 1 4 12 21 25 25 21 15 9 3 358 353 347 341 339 342 344 347 351 352 351 352 357 2 3 6 13 17 17 13 8 4 3 5 6 8 10 11 10 9
1 2 5 6 6 7 6 5 3 2 2 5 10 13 13 12 11 11 10 7 3 1 360 360 0 1 3 4 6 8 10 8 3 359 357 355 352 352 356 2 4 1 1 9 17 18 15 9 6 7 7 5 1 359 2 3 3 6 13 22 26 25 20 11 4 1 359 356 350 345 341 338 335 336 343 347 346 345 350 358 2 4 5 8 12 13 12 8 6 7 9 11 12 13 15 14
2 3 5 6 6 6 5 3 1 1 3 7 12 19 12 11 10 10 8 4 1 359 359 359 0 2 3 3 4 4 5 3 360 358 359 359 357 353 355 2 7 7 5 10 18 21 18 11 8 9 10 9 5 2 1 2 4 7 11 18 23 22 17 10 6 4 2 357 354 351 349 343 332 325 327 333 332 331 338 350 357 359 359 2 8 13 14 12 9 9 11 14 15 16 18 17
3 3 4 4 4 4 4 3 2 3 6 10 13 19 11 10 9 8 6 2 359 358 359 360 1 2 2 3 2 1 360 359 358 357 360 3 3 359 356 0 8 12 11 13 20 23 22 16 12 10 8 6 4 360 357 358 1 5 8 14 20 21 17 13 10 7 2 359 359 360 358 352 341 330 325 323 320 318 322 335 346 350 354 358 5 12 16 16 12 10 12 16 19 20 20 19
1 2 2 2 2 2 3 4 5 6 9 13 14 12 10 8 7 6 4 1 358 357 359 0 1 2 2 2 0 358 356 357 358 357 358 3 6 7 3 2 8 16 18 18 22 26 25 18 12 8 6 3 359 353 350 352 358 3 7 12 19 21 20 16 11 7 4 6 8 7 2 355 350 344 337 330 323 319 319 324 332 340 348 354 0 9 17 19 16 11 10 14 20 23 22 20
357 359 1 1 1 2 3 5 7 10 13 15 14 10 7 7 6 5 4 3 0 359 359 0 1 2 1 360 357 354 354 356 359 358 356 0 8 12 12 8 11 18 22 21 22 25 23 16 11 9 9 4 355 345 342 346 355 2 6 12 18 21 21 17 13 10 11 13 11 6 0 356 353 350 346 340 334 329 326 324 327 333 341 349 356 5 15 20 18 12 9 11 17 22 22 20
353 355 358 1 2 3 5 6 9 13 16 17 13 8 5 5 5 6 6 5 3 2 0 0 0 0 360 357 354 352 353 358 2 1 356 358 6 14 17 16 16 19 20 17 18 21 20 17 14 14 12 2 350 343 341 345 353 0 5 10 17 21 21 19 16 16 14 10 5 1 359 357 356 354 351 347 343 338 334 332 331 332 335 343 352 1 10 17 18 15 12 14 18 20 20 19
353 353 355 360 3 6 7 8 10 14 18 17 12 8 4 4 5 6 7 7 6 4 2 1 0 360 358 355 351 350 353 359 4 4 0 358 3 12 19 22 21 20 18 15 16 20 22 22 19 14 6 354 346 344 345 348 352 359 4 9 15 20 21 20 16 12 7 3 0 359 359 358 358 357 355 353 350 347 344 341 338 334 332 336 347 357 6 13 18 18 18 20 20 18 17 14
353 353 354 358 3 7 9 9 10 14 17 16 11 7 4 3 4 6 8 9 8 6 4 2 1 360 357 352 348 348 352 358 4 8 7 1 1 10 22 28 28 24 21 18 17 21 23 23 17 7 356 350 348 348 351 352 354 357 2 5 11 17 19 17 11 6 3 0 360 0 0 0 360 359 359 358 357 355 354 351 347 340 333 332 339 352 2 10 18 22 23 23 19 15 11 8
352 354 356 358 1 6 10 10 10 12 14 13 10 6 4 3 4 6 9 11 11 9 6 3 2 0 357 351 347 346 349 354 2 10 11 7 4 12 25 32 31 26 22 18 15 17 19 17 9 360 352 350 351 354 357 357 356 357 359 2 6 13 16 14 9 4 2 1 1 2 2 2 2 1 2 2 3 2 2 2 359 352 342 335 336 345 358 9 19 25 26 24 18 12 9 7
350 353 358 359 1 4 9 11 10 9 8 8 7 6 5 4 4 7 10 12 13 11 9 5 2 360 356 351 347 345 346 350 358 8 12 11 10 15 23 27 25 21 17 14 11 10 9 6 2 358 355 354 356 359 1 360 358 357 359 1 4 10 14 14 9 5 3 3 3 2 3 3 3 4 5 7 8 9 8 7 6 3 356 348 342 343 353 7 20 27 27 24 19 15 13 12
350 353 358 0 1 3 7 11 11 7 4 3 6 7 7 7 7 9 11 14 14 13 12 8 2 358 355 353 350 346 344 344 351 2 11 15 15 16 18 18 17 15 12 10 7 3 0 359 359 0 1 1 2 3 3 2 0 0 2 4 4 8 13 15 13 9 6 4 1 358 358 1 3 5 7 10 13 13 11 10 10 8 5 1 355 350 352 5 20 25 24 22 20 19 17 15
354 355 358 359 360 0 4 9 11 6 1 2 5 9 11 12 11 11 13 16 17 16 13 9 3 358 355 355 354 350 344 342 345 355 7 16 17 15 13 13 12 11 9 6 2 357 355 356 359 4 7 8 7 6 6 5 4 4 4 4 4 7 13 16 17 14 8 3 358 353 352 353 358 2 6 10 14 16 13 10 10 11 9 6 2 359 358 5 16 19 18 19 19 16 12 10
359 358 358 358 358 357 360 6 10 7 1 4 6 13 17 17 16 14 15 17 17 16 13 9 4 359 356 356 357 354 349 345 344 350 3 15 18 14 11 11 10 9 7 3 357 353 353 355 1 7 12 14 12 10 9 8 6 5 4 3 3 7 13 19 21 17 9 3 359 356 355 354 354 357 2 8 14 18 17 14 12 11 7 1 360 0 2 6 10 11 12 13 13 10 7 5
2 1 359 359 358 357 358 3 9 8 3 9 11 20 22 22 20 19 17 15 14 13 11 8 5 1 357 357 357 356 353 350 347 348 359 13 16 14 11 10 9 8 4 358 353 351 352 357 2 8 14 17 16 13 12 10 7 4 3 3 5 8 15 22 22 17 9 4 3 3 4 3 358 356 360 7 15 22 23 20 14 5 355 350 352 357 2 4 5 6 7 8 7 6 4 0
2 1 360 1 1 1 0 1 5 6 4 6 15 22 24 23 21 19 15 11 10 10 9 8 5 2 360 358 358 356 355 354 351 351 357 7 12 12 11 10 9 6 1 355 351 350 353 358 2 7 14 18 18 16 15 13 9 5 4 6 10 13 18 22 20 15 11 8 9 9 9 6 3 3 6 12 17 21 20 13 3 353 347 347 351 355 359 1 2 3 4 4 4 3 359 355
358 359 0 3 5 6 4 3 3 4 5 9 15 18 19 19 17 15 11 8 6 6 7 6 5 3 2 1 359 357 356 356 355 356 358 2 6 8 9 9 8 5 359 353 350 351 355 358 1 5 12 18 21 20 18 15 11 9 10 12 14 15 16 19 17 15 14 14 13 10 6 4 5 10 14 13 10 8 4 358 351 347 347 349 354 357 359 359 359 0 1 1 0 358 354 353
