project/data/elevation/US_DEM2016/US_DEM2016_point_10-30-2019_2244_30m_vel.asc
ncols	125
nrows	167
xllcorner	-2042055.000000
yllcorner	1465035.000000
cellsize	30.000000
NODATA_value	-9999.000000
[rows 72 to 107 of 167, columns 0 to 79 of 125]
10.17 9.87 9.66 9.75 9.94 10.02 10.08 10.32 10.64 10.61 9.93 8.92 8.36 8.55 9.39 10.82 12.18 13.50 14.16 14.35 14.50 14.47 14.26 13.85 13.22 12.72 12.38 11.89 11.06 10.54 10.23 9.92 9.46 9.27 9.46 9.80 10.01 10.09 10.07 9.84 9.53 9.33 9.35 9.47 9.57 9.57 9.87 10.63 11.42 11.91 11.98 11.60 10.97 10.32 9.99 9.99 10.11 10.21 10.13 9.91 9.70 9.67 9.79 10.22 10.81 11.21 11.30 11.25 10.90 10.21 9.32 8.34 7.35 6.90 6.96 7.34 7.84 8.55 9.59 11.20
10.13 9.85 9.67 9.86 10.16 10.31 10.47 10.89 11.63 12.36 12.60 12.34 11.74 11.00 10.74 11.26 12.32 13.78 14.87 15.39 15.71 15.47 14.59 13.68 12.90 12.62 12.75 12.85 12.59 12.14 11.76 11.49 11.05 10.70 10.42 10.27 10.23 10.07 9.72 9.31 9.20 9.47 9.70 9.96 10.29 10.78 11.46 12.09 12.30 12.03 11.68 11.33 10.98 10.58 10.44 10.58 10.73 11.06 11.47 11.83 12.09 12.38 12.55 12.55 12.18 11.54 10.84 10.71 10.46 9.67 8.67 7.86 7.42 7.39 7.80 8.54 9.41 10.59 12.37 14.68
10.17 9.97 9.85 10.07 10.37 10.51 10.57 10.99 12.06 13.31 14.21 14.56 14.43 13.90 13.20 12.90 13.42 14.48 15.29 15.67 15.79 15.32 14.19 13.02 12.25 12.08 12.41 12.87 12.94 12.57 12.03 11.62 11.18 10.85 10.49 10.23 10.13 9.87 9.57 9.55 9.84 10.08 10.18 10.38 10.59 10.58 10.53 10.42 9.95 9.49 9.31 9.59 10.07 10.26 10.09 10.02 10.16 10.50 11.01 11.58 12.13 12.53 12.39 11.74 10.59 9.35 8.70 9.11 9.53 9.16 8.37 7.97 7.95 8.19 8.86 9.86 11.11 12.73 14.71 16.34
10.29 10.17 10.18 10.43 10.68 10.82 10.97 11.60 12.88 13.80 14.20 14.32 14.44 14.51 14.43 14.49 14.87 15.19 15.08 14.81 14.62 14.16 13.29 12.40 11.78 11.41 11.39 11.88 12.36 12.37 11.94 11.30 10.33 9.66 9.43 9.55 9.70 9.64 9.50 9.42 9.39 9.51 9.72 9.95 10.04 9.64 8.98 8.26 7.99 7.85 7.83 8.17 8.80 9.25 9.42 9.58 9.80 9.94 10.13 10.48 10.95 11.14 10.64 9.43 8.17 7.41 7.29 8.06 9.18 9.56 9.13 8.84 9.00 9.56 10.57 11.83 13.31 14.91 15.92 16.05
10.43 10.43 10.61 10.87 11.14 11.56 12.25 12.94 13.14 12.75 12.18 11.95 12.40 13.32 14.07 14.73 15.07 14.87 14.16 13.48 13.12 12.79 12.39 12.03 11.72 11.32 10.87 11.00 11.60 12.08 12.09 11.63 10.64 9.84 9.68 9.81 9.82 9.52 9.04 8.65 8.51 8.79 9.31 9.51 9.60 9.46 9.16 8.69 8.38 8.37 8.39 8.34 8.30 8.54 9.02 9.48 9.77 9.79 9.85 10.01 10.03 9.60 8.72 7.96 7.56 7.45 7.76 8.40 9.49 10.41 10.72 10.92 11.68 12.79 13.96 15.27 16.50 17.07 16.58 15.15
10.49 10.50 10.77 11.01 11.33 12.02 12.49 12.37 11.54 10.36 9.71 10.02 11.03 12.35 13.44 14.14 14.25 13.78 13.00 12.31 11.92 11.76 11.68 11.66 11.59 11.32 10.80 10.67 11.01 11.72 12.32 12.46 12.00 11.57 11.26 10.91 10.37 9.62 9.00 8.76 8.90 9.14 9.24 9.08 9.07 9.00 8.86 8.54 8.16 7.98 7.91 7.87 7.85 8.25 8.94 9.56 9.97 10.14 10.24 10.16 9.64 8.75 8.19 8.26 8.70 9.20 9.54 10.04 11.06 12.49 13.36 14.19 15.38 16.60 17.50 18.13 18.23 17.62 16.33 14.99
10.32 10.08 10.23 10.50 10.70 11.03 10.96 10.41 9.91 9.49 9.67 10.36 11.49 12.76 13.61 13.91 13.65 13.04 12.36 11.73 11.29 11.08 11.05 11.08 11.04 10.83 10.41 10.24 10.37 10.92 11.81 12.52 12.70 12.45 12.02 11.43 10.65 9.80 9.33 9.12 8.94 8.63 8.32 8.14 8.09 7.85 7.27 6.70 6.47 6.42 6.59 6.99 7.67 8.50 9.26 9.82 10.26 10.41 10.25 9.77 9.09 8.52 8.52 9.20 10.25 10.99 11.66 12.68 14.08 14.99 15.68 16.36 17.22 17.99 18.12 17.88 17.07 15.63 14.71 14.52
10.01 9.51 9.50 9.87 9.91 9.87 9.87 10.01 10.36 10.84 11.38 12.10 13.12 13.97 14.23 13.91 13.26 12.55 11.94 11.38 10.89 10.58 10.43 10.43 10.37 10.10 9.62 9.31 9.13 9.38 9.98 11.08 11.77 11.86 11.56 11.09 10.49 9.75 9.18 8.61 8.02 7.51 7.32 7.58 7.69 7.38 6.62 6.13 6.30 6.81 7.50 8.34 9.22 9.78 10.00 10.00 9.86 9.47 8.78 8.07 7.83 8.10 8.72 9.88 11.23 12.51 13.93 15.12 15.63 15.86 15.87 15.95 16.28 16.27 15.88 15.22 14.15 13.05 12.59 13.06
9.71 9.27 9.37 9.98 10.19 10.18 10.38 10.92 11.66 12.22 12.85 13.67 14.48 14.62 14.19 13.33 12.38 11.64 11.11 10.66 10.26 10.02 9.87 9.81 9.80 9.60 8.95 8.04 7.24 7.18 7.46 8.38 9.56 10.38 10.63 10.53 10.35 9.93 9.49 8.96 8.54 8.34 8.43 8.82 8.98 8.75 8.11 7.78 8.07 8.81 9.62 10.23 10.53 10.56 10.18 9.82 9.31 8.72 8.17 7.85 7.99 8.56 9.43 10.77 12.24 13.78 14.94 15.20 14.89 14.49 14.14 13.87 13.58 12.99 12.59 12.47 12.28 11.88 11.41 11.20
9.60 9.42 9.71 10.48 10.92 11.06 11.23 11.68 12.33 13.00 13.75 14.39 14.56 14.06 13.13 12.10 11.16 10.31 9.78 9.40 9.18 9.18 9.29 9.32 9.43 9.40 8.73 7.11 5.81 5.32 5.24 5.67 6.77 8.30 9.36 9.99 10.20 10.51 10.58 10.58 10.66 10.81 11.03 11.10 11.09 10.92 10.45 10.13 10.26 10.37 10.36 10.23 10.11 9.98 9.92 9.88 9.92 10.16 10.38 10.42 10.49 10.75 11.30 12.29 13.32 14.07 13.99 13.15 12.64 12.62 12.49 12.23 11.88 11.25 11.05 11.18 11.47 11.65 11.37 10.66
9.98 9.96 10.11 10.40 10.76 11.13 11.55 12.08 12.73 13.40 13.98 14.11 13.59 12.63 11.63 10.87 10.20 9.48 8.83 8.44 8.31 8.30 8.35 8.63 9.00 9.30 9.05 7.73 5.80 4.94 4.68 4.91 5.54 6.51 7.96 9.28 9.93 10.59 11.03 11.50 11.96 12.31 12.41 12.25 12.15 12.12 11.89 11.51 11.21 10.68 10.11 9.92 10.10 10.31 10.32 10.36 10.70 11.21 11.67 12.02 12.27 12.52 12.89 13.28 13.59 13.31 12.39 11.69 11.61 11.86 11.82 11.49 11.04 10.58 10.47 10.57 10.89 11.29 11.39 11.03
10.40 10.49 10.46 10.28 10.41 10.94 11.60 12.30 12.94 13.39 13.52 13.12 12.30 11.39 10.65 10.08 9.60 9.11 8.55 8.05 7.70 7.51 7.46 7.74 8.38 9.08 9.50 9.16 7.88 6.97 6.69 6.78 6.68 6.81 7.62 8.82 9.45 10.11 10.77 11.46 11.91 12.02 11.92 11.70 11.72 11.98 12.06 11.80 11.43 11.04 10.97 11.14 11.21 11.10 10.76 10.67 10.90 10.98 11.37 11.99 12.60 13.00 13.26 13.19 12.82 12.14 11.60 11.65 11.86 11.85 11.51 10.89 10.09 9.43 9.04 9.20 9.63 10.08 10.46 10.65
10.40 10.53 10.65 10.63 10.79 11.22 11.81 12.45 12.87 12.94 12.64 11.96 11.17 10.49 9.96 9.45 9.00 8.66 8.28 7.71 7.19 6.94 6.96 7.32 8.14 9.16 10.11 10.74 11.01 10.91 10.55 9.88 9.14 8.60 8.48 8.99 9.75 10.53 11.21 11.47 11.25 10.90 10.80 11.00 11.24 11.66 12.03 12.24 12.45 12.61 12.46 12.15 11.69 11.25 10.85 10.80 10.90 11.12 11.63 12.13 12.61 12.85 12.83 12.45 11.81 11.32 11.28 11.65 11.75 11.51 11.01 10.30 9.17 7.94 7.01 6.89 7.30 7.88 8.54 9.13
10.27 10.40 10.72 11.07 11.43 11.80 12.12 12.35 12.44 12.24 11.74 11.03 10.34 9.80 9.34 8.85 8.34 7.93 7.53 7.07 6.85 7.01 7.43 8.10 9.02 9.93 10.84 11.74 12.61 13.07 12.99 12.30 11.26 10.37 9.98 10.11 10.87 11.64 11.58 11.01 10.34 10.15 10.50 10.94 11.18 11.60 12.26 12.86 13.43 13.74 13.45 12.69 11.98 11.48 11.01 10.95 11.21 11.52 11.78 11.86 11.91 11.88 11.79 11.57 11.09 10.79 10.73 10.89 10.79 10.64 10.54 10.31 9.53 8.09 6.60 5.92 5.55 5.49 5.86 6.52
10.34 10.56 10.97 11.42 11.81 11.97 11.89 11.72 11.68 11.50 11.06 10.44 9.81 9.26 8.78 8.25 7.68 7.20 7.03 6.76 6.96 7.56 8.35 9.15 9.97 10.64 11.18 11.71 12.27 12.71 12.94 12.97 12.51 11.63 11.03 10.94 11.26 11.33 10.66 9.94 9.65 9.78 10.01 10.25 10.46 10.97 11.71 12.30 12.85 13.28 13.39 13.11 12.66 12.11 11.42 11.13 11.52 11.00 10.99 10.79 10.62 10.54 10.68 10.81 10.66 10.39 10.14 9.96 9.83 9.93 10.22 10.73 10.94 10.49 9.01 7.41 6.10 5.18 4.66 5.14
10.48 10.70 11.04 11.28 11.33 11.16 10.97 10.99 11.13 11.10 10.66 10.07 9.43 8.79 8.10 7.53 7.31 7.35 7.55 7.68 7.81 8.12 8.68 9.41 10.14 10.63 10.87 11.04 11.13 11.13 11.50 12.26 12.80 12.67 12.10 11.39 11.44 9.93 9.40 9.34 9.29 9.14 8.94 8.98 9.44 9.93 10.35 10.53 10.78 11.15 11.45 11.77 11.97 11.96 11.65 11.21 10.79 10.35 10.14 10.11 10.09 10.22 10.48 10.60 10.51 10.23 9.99 9.77 9.58 9.75 10.20 10.90 11.72 12.40 12.44 11.24 9.77 8.36 7.26 6.47
10.49 10.64 10.75 10.70 10.48 10.35 10.57 11.09 11.35 11.06 10.38 9.65 8.96 8.23 7.60 8.49 7.89 8.71 9.12 9.22 9.07 8.93 9.09 9.48 9.82 9.98 10.02 10.17 10.38 10.36 10.55 11.20 12.16 12.74 12.69 11.84 10.47 9.49 9.08 9.20 9.09 8.85 8.76 8.93 9.18 9.21 9.06 8.59 8.19 7.96 8.18 8.55 9.10 9.79 10.20 10.40 10.38 10.30 10.32 10.46 10.62 10.73 10.67 10.48 10.32 10.14 9.98 9.86 9.73 9.91 10.32 10.67 11.41 12.57 13.59 13.89 13.52 12.77 11.87 10.81
10.45 10.54 10.60 10.55 10.48 10.72 11.25 11.60 11.43 10.74 9.77 8.79 7.97 7.39 7.26 7.61 8.36 9.08 9.54 9.82 9.87 9.78 9.68 9.52 9.21 8.87 8.78 9.14 9.79 10.28 10.43 10.54 10.89 11.63 12.13 11.94 10.86 10.00 9.47 9.43 9.44 9.56 9.63 9.61 9.45 9.08 8.54 7.66 6.67 6.22 6.19 6.38 6.79 7.66 8.72 9.60 10.15 10.46 10.67 10.89 10.98 10.74 10.33 9.99 9.87 9.80 9.73 9.78 9.79 9.92 10.09 10.15 10.46 11.24 12.27 13.34 13.98 14.20 14.17 13.91
10.44 10.51 10.65 10.83 11.07 11.47 11.74 11.51 10.76 9.69 8.56 7.36 6.46 6.15 7.66 6.45 6.82 7.36 8.22 8.98 9.57 9.83 9.64 9.04 8.32 7.86 7.86 8.25 8.73 9.14 9.43 9.47 9.57 10.17 11.11 11.63 11.17 10.53 10.07 10.09 10.20 10.34 10.36 10.36 10.20 9.88 9.47 8.84 8.03 7.40 7.27 7.63 8.43 9.30 10.00 10.34 10.49 10.59 10.64 10.62 10.45 10.03 9.68 9.49 9.40 9.29 9.18 9.35 9.49 9.50 9.46 9.42 9.27 9.22 9.64 10.43 11.51 12.40 13.18 13.80
10.45 10.51 10.69 11.01 11.40 11.67 11.45 10.66 9.49 8.20 7.10 6.25 5.81 5.62 5.39 5.11 5.11 5.56 6.33 7.26 8.07 8.64 8.69 8.41 8.15 8.05 7.97 7.85 7.60 7.41 7.56 7.84 8.21 8.87 9.98 10.95 11.08 10.61 10.30 10.46 10.57 10.69 10.87 11.27 11.39 11.36 11.23 11.04 10.92 10.74 10.43 10.75 11.39 11.79 11.73 11.17 10.69 10.43 10.15 9.79 9.46 9.22 9.04 9.00 8.93 8.72 8.59 8.81 8.92 8.86 8.79 8.67 8.28 7.78 7.66 7.97 8.66 9.42 10.25 11.16
10.46 10.55 10.78 11.15 11.44 11.27 10.50 9.32 8.07 7.05 6.42 6.18 6.17 6.21 6.06 5.70 5.42 5.45 5.74 6.25 6.83 7.32 7.77 8.25 8.70 8.94 8.90 8.55 8.12 7.88 7.84 8.01 8.32 8.65 9.16 10.01 10.54 10.47 10.41 10.65 10.82 11.09 11.51 12.13 12.35 12.43 12.45 12.47 12.63 12.91 13.04 12.88 12.48 11.83 11.14 10.71 10.43 10.10 9.58 8.98 8.50 8.31 8.34 8.46 8.58 8.59 8.61 8.70 8.62 8.49 8.42 8.36 8.05 7.42 6.88 6.61 6.87 7.27 7.60 8.09
10.49 10.59 10.79 11.01 10.89 10.18 9.01 7.81 6.92 6.45 6.36 6.48 6.72 7.05 7.35 7.47 7.31 7.10 7.15 7.48 7.90 8.29 8.69 9.08 9.32 9.57 10.02 10.41 10.63 10.66 10.55 10.47 10.40 10.16 9.55 9.56 10.10 10.52 10.90 11.24 11.49 11.85 12.29 12.65 12.56 12.47 12.54 12.70 12.93 13.27 13.44 13.25 12.51 11.36 10.57 10.51 10.46 10.06 9.38 8.67 8.15 7.97 8.20 8.57 8.95 9.18 9.28 9.17 8.80 8.57 8.41 8.42 8.25 7.56 6.49 5.46 5.13 5.18 5.24 5.51
10.49 10.52 10.50 10.24 9.49 8.31 7.08 6.29 6.01 6.08 6.37 6.83 7.29 7.81 8.49 9.24 9.76 10.02 10.29 10.63 10.89 10.98 10.84 10.45 10.03 9.98 10.56 11.24 11.71 11.80 11.68 11.43 11.08 10.58 9.78 9.62 10.10 10.84 11.55 11.96 12.21 12.40 12.48 12.40 12.01 11.82 12.00 12.38 12.77 13.03 12.90 12.78 12.73 12.55 12.03 11.41 10.85 10.31 9.82 9.42 9.17 9.06 9.20 9.44 9.63 9.64 9.52 9.36 9.07 9.00 8.97 8.91 8.61 7.68 6.12 4.57 3.82 3.52 3.52 3.74
10.47 10.46 10.19 9.45 8.26 7.02 6.15 5.76 5.87 6.27 6.86 7.61 8.39 9.15 9.99 10.98 11.81 12.52 13.01 13.12 12.86 12.31 11.59 10.94 10.51 10.38 10.46 10.34 10.11 9.98 9.73 9.51 9.37 9.26 9.32 9.78 10.46 11.22 11.90 12.21 12.24 12.08 11.72 11.29 11.06 10.98 11.21 11.66 12.16 12.54 12.49 12.40 12.51 12.66 12.52 11.82 11.05 10.48 10.14 9.98 10.01 10.14 10.17 10.21 10.13 9.83 9.41 9.30 9.43 9.84 9.93 9.69 9.33 8.37 6.53 4.98 4.12 3.65 3.42 3.42
10.48 10.42 10.03 9.31 8.51 7.86 7.45 7.23 7.26 7.58 8.09 8.83 9.75 10.71 11.64 12.44 13.12 13.54 13.54 13.10 12.29 11.38 10.73 10.55 10.75 10.93 10.68 9.90 9.11 8.74 8.62 8.63 8.87 9.01 9.35 10.05 10.81 11.38 11.75 11.84 11.66 11.27 10.72 10.24 10.06 10.08 10.16 10.42 10.76 10.88 10.97 11.11 11.21 11.22 11.12 10.96 10.62 10.22 9.90 9.71 9.80 10.17 10.42 10.55 10.48 10.24 9.90 9.79 9.99 10.34 10.34 10.10 10.15 9.89 8.44 6.90 5.79 5.02 4.71 4.60
10.38 10.24 9.80 9.60 9.40 9.28 9.22 9.28 9.50 9.66 9.81 10.26 11.09 12.10 12.97 13.39 13.42 13.02 12.22 11.17 10.21 9.64 9.56 9.92 10.55 11.23 11.42 11.26 11.02 10.94 10.95 10.91 10.67 10.31 10.14 10.44 10.85 11.17 11.27 11.16 10.75 10.24 9.81 9.57 9.44 9.44 9.47 9.45 9.17 8.61 8.30 8.50 8.91 9.14 9.30 9.62 9.84 9.84 9.75 9.70 9.86 10.23 10.37 10.32 10.14 10.05 10.03 10.03 9.97 9.95 9.87 9.83 10.60 11.27 10.87 9.44 8.05 6.91 6.85 6.90
10.16 9.93 9.65 9.84 9.90 10.18 10.52 10.94 11.43 11.75 11.90 12.09 12.62 13.26 13.50 13.28 12.60 11.58 10.49 9.62 9.14 9.00 9.18 9.64 10.28 11.23 11.89 12.50 12.87 13.00 12.96 12.69 12.17 11.47 10.88 10.74 10.80 10.84 10.74 10.38 9.79 9.33 9.23 9.35 9.47 9.64 9.73 9.57 8.88 7.92 7.21 6.95 6.86 7.22 7.98 8.87 9.58 9.90 9.94 9.97 10.17 10.38 10.19 9.85 9.51 9.42 9.46 9.43 9.23 9.19 9.16 9.46 10.73 12.14 12.77 12.37 11.24 10.13 10.18 10.25
10.08 9.92 9.80 10.02 10.51 11.21 11.95 12.53 12.92 13.20 13.37 13.47 13.52 13.37 12.87 12.03 11.05 10.09 9.35 9.00 9.25 9.67 10.07 10.38 10.78 11.25 11.49 11.74 12.03 12.18 12.20 12.18 12.07 11.76 11.13 10.76 10.62 10.37 9.94 9.51 9.28 9.46 9.72 9.96 10.15 10.39 10.44 10.43 10.21 9.78 9.15 8.42 7.62 7.75 8.51 9.33 9.95 10.32 10.49 10.56 10.55 10.53 10.26 9.96 9.72 9.53 9.32 9.16 9.06 9.18 9.31 9.71 10.80 12.13 13.32 13.96 14.05 13.71 13.55 13.50
10.18 10.10 10.00 10.23 10.86 11.65 12.33 12.79 13.04 13.19 13.30 13.31 13.06 12.40 11.44 10.45 9.58 8.93 8.53 8.57 9.31 10.12 10.65 10.93 11.09 11.03 10.55 10.05 9.83 9.88 10.11 10.60 11.14 11.39 11.04 10.59 10.19 9.69 9.22 9.19 9.74 10.49 10.78 10.83 10.82 10.86 10.82 10.90 11.10 11.42 11.50 11.21 10.57 10.02 9.92 9.97 10.17 10.56 10.98 11.17 11.13 11.07 10.84 10.66 10.47 10.26 10.07 10.02 10.16 10.14 10.07 10.16 10.60 11.26 12.30 13.58 14.50 14.85 14.87 14.69
10.17 10.11 9.96 10.06 10.44 10.89 11.16 11.34 11.50 11.70 11.89 11.89 11.56 10.89 10.03 9.16 8.48 8.24 8.31 8.67 9.33 9.90 10.35 10.56 10.46 10.02 9.27 8.62 8.10 7.89 8.17 8.78 9.55 10.14 10.41 10.32 9.98 9.66 9.70 10.26 10.96 11.27 11.24 11.14 11.04 10.92 10.76 10.62 10.78 11.17 11.59 11.92 11.90 11.34 10.43 9.92 10.03 10.50 10.98 11.34 11.55 11.71 11.61 11.43 11.22 11.03 10.93 10.91 10.90 10.59 10.33 10.26 10.26 10.50 11.20 12.17 13.00 13.52 13.77 13.80
10.13 10.11 10.07 10.06 10.03 9.84 9.68 9.57 9.67 9.99 10.27 10.24 9.83 9.15 8.38 7.86 7.95 8.56 9.46 10.17 10.40 10.47 10.52 10.47 10.09 9.21 8.09 7.30 6.72 6.43 6.50 6.84 7.32 8.06 8.82 9.40 9.85 10.27 10.76 11.16 11.28 11.17 10.96 10.88 10.83 10.71 10.50 10.16 9.90 9.75 9.88 10.38 10.92 10.88 10.20 9.77 9.91 10.38 10.85 11.35 11.82 12.14 12.10 11.94 11.70 11.44 11.16 10.81 10.41 9.88 9.77 9.86 9.97 10.20 10.61 10.94 11.14 11.24 11.53 12.15
10.41 10.59 10.82 10.65 10.17 9.57 9.10 8.82 8.87 9.11 9.15 8.78 8.07 7.26 6.64 6.78 7.89 9.50 10.75 11.38 11.60 11.56 11.35 11.10 10.77 10.20 9.03 7.70 6.81 6.39 6.17 6.18 6.46 6.97 7.70 8.66 9.66 10.36 10.56 10.45 10.27 10.23 10.23 10.30 10.37 10.35 10.20 9.76 9.08 8.46 8.19 8.30 8.75 9.36 9.52 9.54 9.72 10.14 10.64 11.18 11.72 12.08 12.06 11.92 11.73 11.51 11.16 10.64 10.04 9.47 9.32 9.44 9.63 9.78 9.96 10.27 10.25 10.02 9.81 10.25
10.81 11.12 11.35 11.08 10.51 9.86 9.34 9.05 8.86 8.48 7.77 6.89 6.10 5.57 5.38 5.71 6.97 8.72 10.06 11.01 11.55 11.76 11.69 11.60 11.62 11.61 11.24 10.28 9.38 9.01 8.84 8.58 8.59 8.72 9.01 9.50 9.97 10.11 9.87 9.57 9.39 9.38 9.66 9.90 10.11 10.17 10.09 9.76 9.11 8.42 7.88 7.27 6.90 7.18 7.83 8.60 9.33 9.91 10.40 10.90 11.36 11.55 11.52 11.40 11.41 11.47 11.45 11.15 10.61 9.90 9.43 9.32 9.35 9.45 9.78 10.16 10.23 9.96 9.26 8.79
10.72 10.81 10.81 10.61 10.27 9.81 9.36 8.91 8.25 7.23 6.00 5.19 4.98 5.21 5.52 5.84 6.43 7.29 8.31 9.41 10.14 10.63 11.07 11.52 11.85 12.16 12.59 12.84 12.80 12.66 12.45 12.23 11.98 11.55 11.17 10.85 10.50 10.15 9.84 9.60 9.42 9.39 9.70 9.96 10.13 10.19 10.26 10.31 10.05 9.43 8.61 7.44 6.31 6.16 6.94 8.17 9.30 10.01 10.45 10.84 11.01 10.93 10.84 10.94 11.16 11.46 11.73 11.72 11.32 10.48 9.86 9.61 9.50 9.45 9.52 9.72 10.08 10.16 9.62 8.68
10.26 10.01 9.86 9.88 9.76 9.45 9.00 8.16 7.25 6.42 5.91 5.76 6.07 6.86 8.12 9.12 8.95 8.51 8.36 8.46 8.84 9.49 10.48 11.31 11.65 11.94 12.57 13.31 13.84 14.10 14.00 13.75 13.38 12.75 12.04 11.37 10.75 10.32 9.97 9.69 9.69 9.91 10.18 10.20 10.10 10.06 10.27 10.66 10.73 10.18 9.16 7.98 7.37 7.59 8.37 9.13 9.72 10.13 10.51 10.66 10.46 10.26 10.43 10.84 11.15 11.38 11.69 11.96 11.92 11.42 10.70 10.26 9.87 9.36 8.88 8.89 9.52 10.06 9.98 9.27
10.02 9.74 9.51 9.57 9.62 9.51 9.09 8.41 7.76 7.52 7.87 8.57 9.42 10.69 12.11 13.07 13.35 12.59 11.32 10.55 10.36 10.69 11.34 11.59 11.53 11.49 11.60 11.86 12.28 12.77 13.01 13.01 12.89 12.57 12.14 11.60 11.03 10.54 10.05 9.74 9.97 10.46 10.67 10.33 9.92 9.73 9.96 10.51 10.95 10.87 10.28 9.74 9.64 9.93 10.06 9.90 9.76 9.95 10.21 10.18 9.96 9.95 10.27 10.61 10.80 10.90 11.10 11.49 11.91 12.02 11.50 10.84 10.16 9.42 8.84 8.71 9.19 9.85 10.12 9.94
