project/data/elevation/US_DEM2016/US_DEM2016_point_10-30-2019_1336_30m_vel.asc
ncols	125
nrows	167
xllcorner	-2042055.000000
yllcorner	1465035.000000
cellsize	30.000000
NODATA_value	-9999.000000
[rows 35 to 69 of 167, columns 0 to 79 of 125]
10.77 11.17 11.61 11.27 10.44 9.25 8.50 8.11 7.88 7.97 8.57 9.56 10.30 10.51 10.19 9.59 9.20 9.00 9.01 9.34 9.75 10.15 10.49 10.67 10.72 10.52 10.16 9.75 9.33 8.99 8.80 8.57 8.25 7.89 7.62 7.77 8.40 9.07 9.84 10.31 10.20 9.42 8.03 6.59 6.29 6.87 7.77 8.72 9.31 9.50 9.47 9.47 9.42 9.54 9.50 9.52 9.52 9.72 9.67 9.82 9.90 9.81 9.45 8.75 8.11 7.59 7.32 7.54 8.11 8.60 8.91 9.24 9.49 9.94 10.48 11.49 13.02 14.01 13.99 13.02
11.69 12.24 12.69 12.29 11.52 10.46 9.46 8.63 7.98 7.48 7.40 7.97 9.02 9.75 9.87 9.43 9.13 9.22 9.75 10.60 11.32 12.00 12.56 12.93 12.90 12.57 12.05 11.35 10.51 9.70 9.08 8.78 8.76 8.98 9.23 9.30 9.55 10.12 10.80 11.08 10.89 10.10 8.94 8.39 8.86 9.78 10.71 11.18 11.16 10.41 9.78 9.31 9.28 9.40 9.52 9.61 9.59 9.83 9.95 10.39 10.56 10.32 9.61 8.47 7.46 6.86 6.82 7.18 7.72 8.15 8.49 8.82 9.12 9.23 9.72 10.46 11.65 13.18 14.37 15.20
12.06 12.35 12.31 11.75 11.04 10.22 9.56 8.84 8.00 7.23 6.90 7.06 7.68 8.60 9.18 9.20 9.02 9.21 10.01 11.06 11.91 12.59 13.11 13.47 13.50 13.33 13.04 12.57 11.81 10.87 9.92 9.23 9.11 9.54 10.02 10.44 10.89 11.41 11.84 12.32 12.66 12.40 12.03 11.61 11.85 12.49 12.80 12.35 11.57 10.64 9.83 9.42 9.24 9.39 9.53 9.59 9.63 10.02 10.34 10.81 10.89 10.60 9.95 8.95 7.89 7.25 7.10 7.25 7.51 7.82 8.02 8.17 8.53 8.84 9.26 9.81 10.67 11.88 13.63 15.36
12.12 11.77 11.01 10.36 9.67 9.23 8.85 8.24 7.48 6.80 6.57 6.64 7.03 7.72 8.41 8.72 8.71 8.84 9.44 10.31 10.80 11.02 11.16 11.46 11.85 12.14 12.45 12.71 12.42 11.79 11.03 10.34 9.95 9.89 10.20 10.98 11.84 12.32 12.75 13.48 14.14 14.23 14.23 13.83 13.66 13.46 12.67 11.28 10.28 9.55 9.25 9.24 9.26 9.36 9.56 9.69 9.81 10.27 10.56 10.74 10.59 9.94 9.48 8.98 8.36 7.81 7.26 7.06 7.16 7.41 7.51 7.58 7.88 8.50 8.94 9.35 9.84 10.82 12.06 13.44
11.89 10.93 9.57 8.89 8.33 8.07 7.79 7.40 7.04 6.76 6.73 6.91 7.25 7.62 7.99 8.25 8.38 8.50 8.66 8.81 8.68 8.51 8.56 9.00 9.89 10.87 11.66 12.37 12.65 12.43 11.91 11.32 10.89 10.83 11.42 12.49 13.19 13.55 13.80 14.23 14.66 14.53 14.34 14.04 13.66 13.08 12.00 10.77 9.89 9.16 9.03 9.32 9.52 9.44 9.68 9.97 10.27 10.67 10.54 10.11 9.33 8.32 7.51 7.28 7.19 7.05 6.63 6.42 6.58 6.88 7.06 7.23 7.62 8.20 8.61 8.85 9.06 9.68 10.58 11.15
11.36 10.26 8.73 8.03 7.77 7.63 7.58 7.60 7.67 7.82 8.06 8.35 8.39 8.16 7.93 7.94 8.11 8.20 7.99 7.55 7.32 7.38 7.79 8.47 9.53 10.42 11.15 11.83 12.34 12.59 12.54 12.26 12.18 12.68 13.57 14.50 15.09 15.35 14.99 14.49 14.32 13.53 12.93 12.89 12.72 12.74 12.43 12.07 11.52 11.04 10.49 10.31 10.21 9.79 9.83 10.02 10.28 10.47 10.02 9.17 8.12 6.90 5.67 5.25 5.27 5.47 5.78 6.06 6.30 6.44 6.53 6.89 7.56 8.16 8.46 8.54 8.58 8.88 9.51 9.86
11.01 10.18 9.04 8.55 8.49 8.52 8.50 8.53 8.73 9.12 9.55 9.73 9.36 8.67 8.19 8.10 8.25 8.27 8.01 7.66 7.66 8.01 8.54 9.05 9.48 9.93 10.24 10.69 11.45 12.16 12.87 13.07 13.56 14.36 15.19 15.82 16.09 15.80 15.13 14.22 13.37 12.46 11.64 11.26 11.56 11.79 12.14 12.33 12.49 12.53 12.30 11.47 10.69 9.95 9.60 9.52 9.43 9.24 8.80 8.22 7.45 6.45 5.36 4.98 5.19 5.58 5.96 6.15 6.15 6.17 6.30 6.62 7.29 7.97 8.18 8.08 8.23 8.75 9.32 9.42
10.98 10.52 9.87 9.60 9.51 9.41 9.25 9.27 9.62 10.13 10.45 10.34 9.61 9.05 8.85 8.89 8.97 9.00 8.96 9.02 9.26 9.59 9.92 10.20 10.40 10.39 10.29 10.40 10.99 11.72 12.90 13.93 14.92 15.74 15.99 15.66 15.14 14.41 13.52 12.71 11.99 11.29 10.45 10.08 10.18 10.48 10.92 11.10 11.44 11.70 11.77 11.26 10.53 9.69 9.26 9.15 8.89 8.47 8.13 8.16 7.89 7.38 6.87 6.83 7.12 7.09 6.74 6.38 6.39 6.54 6.53 6.45 6.68 7.10 7.11 6.92 7.50 8.53 9.14 9.07
10.94 10.64 10.24 10.06 9.97 9.92 9.98 10.26 10.71 11.06 11.03 10.56 9.75 9.41 9.38 9.50 9.69 9.83 10.06 10.46 10.93 11.28 11.47 11.54 11.52 11.27 11.08 11.09 11.41 11.83 12.91 14.11 15.14 15.78 15.49 14.58 13.46 12.45 11.57 11.09 10.82 10.36 9.59 8.98 9.01 9.40 9.68 9.41 8.91 8.46 8.55 9.12 9.43 9.32 9.25 9.50 9.57 9.46 9.46 9.53 9.32 9.08 9.01 9.07 8.59 7.83 7.45 7.49 7.59 7.17 6.43 5.87 5.89 6.07 5.91 5.88 6.59 7.85 8.48 8.40
10.90 10.71 10.53 10.52 10.71 11.12 11.56 11.88 12.02 11.92 11.47 10.71 9.95 9.60 9.57 9.80 10.11 10.41 10.80 11.32 11.81 12.08 12.12 11.94 11.66 11.32 11.21 11.32 11.73 12.26 13.37 14.10 14.50 14.36 13.87 13.34 12.64 11.74 10.55 9.81 9.53 9.33 8.83 8.19 8.02 8.42 8.19 7.63 6.82 6.36 6.59 7.27 8.00 8.56 9.29 10.13 10.61 10.84 10.90 10.67 10.42 10.28 9.97 9.52 8.65 8.31 8.58 8.62 7.91 6.54 5.62 5.41 5.60 5.72 5.70 5.89 6.61 7.52 7.98 7.94
11.21 11.24 11.36 11.59 11.91 12.34 12.70 12.84 12.70 12.30 11.63 10.85 10.30 10.06 10.22 10.47 10.70 10.98 11.34 11.63 11.74 11.65 11.45 11.23 11.13 10.99 10.94 11.19 11.96 12.87 13.88 13.65 13.19 12.50 12.08 12.14 11.89 11.33 10.09 9.04 8.36 8.11 7.81 7.24 7.15 7.39 7.31 7.28 7.31 7.39 7.32 7.12 7.16 7.88 9.19 10.44 10.85 10.88 10.76 10.70 10.53 10.51 10.07 9.62 9.43 9.56 9.27 8.22 6.75 5.82 5.71 6.13 6.41 6.46 6.50 6.88 7.56 8.06 8.18 8.11
11.64 11.77 12.04 12.32 12.44 12.46 12.41 12.31 12.13 11.76 11.25 10.71 10.62 10.84 11.25 11.47 11.54 11.60 11.61 11.49 11.21 10.86 10.54 10.45 10.64 10.79 10.96 11.46 12.43 13.32 13.69 13.04 11.92 11.20 10.80 10.60 10.49 10.36 9.77 8.77 7.69 7.15 7.03 7.05 7.26 7.50 7.93 8.23 8.37 7.99 7.30 6.86 7.24 8.38 9.71 10.46 10.58 10.46 10.43 10.60 10.47 10.49 10.35 10.22 10.07 9.60 8.17 7.05 6.67 6.93 7.48 7.83 7.95 7.96 8.12 8.47 8.85 8.97 8.92 8.89
11.79 11.78 11.89 12.03 11.92 11.62 11.27 10.96 10.70 10.52 10.25 10.05 10.23 10.80 11.36 11.68 11.76 11.62 11.34 11.02 10.71 10.40 10.15 10.09 10.28 10.56 10.94 11.70 12.68 13.18 12.83 11.81 11.02 10.38 9.80 9.37 9.19 9.32 9.35 8.94 7.83 7.24 7.34 7.96 8.31 8.56 8.70 8.29 7.52 6.57 6.23 6.79 8.50 10.38 11.20 11.09 10.92 10.80 10.79 10.85 10.66 10.65 10.44 10.16 9.62 8.67 7.87 7.91 8.66 9.47 9.98 10.12 10.14 10.11 10.11 10.27 10.42 10.36 10.29 10.33
11.73 11.60 11.28 11.19 11.03 10.65 10.20 9.80 9.53 9.34 9.15 9.10 9.28 9.84 10.41 10.76 10.98 10.98 10.80 10.54 10.29 10.05 9.86 9.77 9.84 10.09 10.47 11.35 12.47 12.77 12.26 11.36 10.71 10.02 9.16 8.40 8.24 8.43 8.69 8.58 7.89 7.35 7.40 7.88 8.20 8.43 8.40 7.47 6.59 6.30 6.98 9.00 11.42 12.79 13.02 12.22 11.63 11.28 11.16 11.28 11.24 11.14 10.83 10.38 10.25 10.43 11.12 12.05 12.84 13.37 13.50 13.48 13.42 13.33 13.19 13.15 13.12 12.83 12.39 11.70
11.75 11.61 10.97 10.54 10.41 10.23 9.87 9.49 9.23 8.93 8.83 8.88 9.11 9.55 9.92 10.17 10.34 10.44 10.39 10.17 9.85 9.58 9.42 9.36 9.40 9.57 9.90 10.91 12.23 12.41 11.90 11.36 10.87 10.21 9.29 8.27 7.90 7.66 7.53 7.37 7.01 6.57 6.38 6.52 6.99 7.53 7.95 7.63 7.43 8.02 10.04 12.57 14.10 14.45 13.88 12.74 11.92 11.55 11.53 11.95 12.14 12.22 12.00 12.12 12.78 13.83 15.01 16.07 16.76 17.07 17.13 17.08 17.00 16.91 16.69 16.37 16.02 15.57 14.60 13.11
11.90 11.68 10.95 10.39 10.20 10.19 10.14 9.95 9.69 9.49 9.68 9.96 10.26 10.56 10.70 10.69 10.59 10.43 10.18 9.87 9.51 9.20 9.01 8.96 9.05 9.30 9.78 10.96 12.04 11.88 10.99 10.89 10.68 10.29 9.92 9.25 8.44 7.52 6.81 6.61 6.51 6.41 6.46 6.66 7.11 7.70 8.62 9.25 9.89 11.39 13.61 14.98 15.27 14.43 13.46 12.43 11.82 11.65 11.55 11.72 12.02 12.44 12.66 13.07 14.09 15.15 15.91 16.64 17.05 17.25 17.40 17.54 17.59 17.55 17.31 16.90 16.49 16.12 15.45 14.45
12.00 11.58 10.80 10.49 10.29 10.20 10.24 10.28 10.22 10.21 10.71 11.31 11.64 11.77 11.69 11.38 10.96 10.48 10.07 9.75 9.47 9.15 8.82 8.66 8.82 9.28 9.95 11.02 11.54 10.79 9.97 9.93 9.88 9.97 10.06 9.99 9.14 8.13 7.55 7.52 7.80 8.24 8.65 8.84 9.12 9.82 11.23 12.74 14.23 15.42 16.00 15.85 14.82 13.35 12.47 11.69 11.21 10.90 10.56 10.34 10.59 11.03 11.92 12.45 13.16 13.54 13.35 13.19 13.04 13.23 13.62 14.14 14.36 14.38 14.17 13.93 13.89 13.76 13.65 13.67
11.85 11.12 10.20 10.01 9.96 9.93 10.04 10.21 10.34 10.50 11.03 11.73 12.04 12.06 11.79 11.25 10.63 10.13 9.81 9.57 9.31 9.01 8.67 8.51 8.75 9.31 9.98 10.72 10.71 9.68 9.12 9.15 9.12 9.19 9.57 9.62 9.36 9.09 9.07 9.51 10.02 10.46 10.77 11.13 11.78 12.95 14.48 15.76 16.56 16.71 16.27 15.12 13.78 12.43 11.65 10.97 10.40 9.82 9.53 9.35 9.58 10.03 10.55 11.04 11.15 10.44 9.52 8.58 8.33 8.58 9.07 9.62 9.88 9.81 9.79 9.71 9.93 10.02 10.15 10.58
11.44 10.61 9.52 9.16 9.17 9.39 9.76 10.05 10.30 10.51 10.75 11.07 11.24 11.07 10.67 10.14 9.69 9.37 9.15 8.95 8.72 8.53 8.51 8.71 9.06 9.45 9.93 10.33 10.14 9.45 9.09 9.10 9.04 8.98 8.91 8.95 9.19 9.38 9.74 10.40 11.07 11.39 11.77 12.40 13.56 14.90 15.89 16.32 16.07 15.43 14.62 13.74 12.81 11.94 11.26 10.64 10.11 9.66 9.65 9.74 10.02 10.23 10.17 10.11 9.54 8.58 7.71 7.30 7.39 7.55 7.40 7.04 6.89 6.85 6.84 6.88 7.16 7.43 7.53 7.49
11.03 10.37 9.43 9.02 8.87 8.87 9.09 9.49 9.77 9.96 9.93 9.81 9.55 9.11 8.66 8.46 8.35 8.18 8.07 8.14 8.31 8.47 8.75 9.15 9.42 9.69 10.01 10.28 10.35 10.28 10.02 9.67 9.33 8.96 8.52 8.37 8.59 8.86 9.19 9.72 10.43 11.01 11.62 12.68 14.19 15.19 15.36 14.50 13.12 12.56 12.48 12.45 12.17 11.77 11.22 10.68 10.27 10.13 10.39 10.52 10.57 10.48 9.96 9.54 8.89 8.41 8.34 8.37 8.27 7.83 6.93 5.79 5.19 4.96 4.88 4.97 5.28 5.50 5.47 5.10
10.95 10.57 10.08 9.75 9.37 8.83 8.31 8.28 8.58 8.83 8.85 8.55 7.93 7.25 6.89 6.85 6.89 6.90 7.12 7.69 8.43 9.07 9.48 9.64 9.80 10.04 10.31 10.62 10.81 10.95 10.49 9.78 9.19 8.64 8.20 7.93 8.08 8.41 8.58 8.87 9.40 10.20 11.15 12.68 14.13 14.51 13.56 12.03 11.12 10.89 11.01 11.28 11.43 11.46 11.00 10.61 10.32 10.31 10.57 10.42 10.01 9.53 9.07 8.82 8.90 9.07 9.36 9.32 8.44 7.26 5.89 4.99 4.58 4.30 3.97 3.71 3.64 3.55 3.37 3.37
11.30 11.35 11.29 10.94 10.34 9.51 8.46 8.03 8.06 8.33 8.37 7.96 7.35 6.89 6.61 6.50 6.60 6.86 7.36 8.14 9.06 9.92 10.29 10.42 10.59 10.83 10.94 11.05 11.21 11.21 10.47 9.88 9.53 9.10 8.54 8.34 8.68 9.04 9.10 9.20 9.55 10.23 11.28 12.92 13.77 13.30 11.59 10.31 9.65 9.52 9.72 10.11 10.51 10.62 10.33 10.05 9.84 9.73 9.63 9.04 8.35 7.88 7.92 8.29 9.21 9.77 9.64 9.04 7.72 6.56 5.82 5.67 5.63 5.07 4.10 3.33 3.00 2.86 2.96 3.52
11.80 12.04 12.11 11.78 11.21 10.48 9.70 9.21 8.93 8.85 8.73 8.44 8.19 8.12 8.16 8.25 8.43 8.78 9.09 9.56 10.25 10.97 11.37 11.64 11.92 12.08 11.83 11.70 11.93 12.13 11.89 11.55 11.31 10.84 9.99 9.73 10.20 10.57 10.71 10.76 10.90 11.07 11.85 13.06 13.13 11.70 9.99 8.77 8.28 8.32 8.63 9.06 9.58 9.65 9.55 9.35 9.04 8.61 8.10 7.62 7.42 7.56 8.16 8.83 9.69 9.79 9.14 8.15 7.20 7.01 7.36 7.60 6.99 5.82 4.63 4.06 4.04 4.22 4.73 5.98
12.06 11.98 11.76 11.64 11.53 11.33 10.92 10.45 9.89 9.38 9.13 9.16 9.45 9.86 10.36 10.68 11.04 11.39 11.65 11.82 12.14 12.30 12.53 12.91 13.22 13.05 12.67 12.51 12.82 12.98 12.90 12.60 12.27 11.77 11.01 10.63 10.85 11.24 11.61 11.88 11.96 11.92 12.27 12.61 11.77 9.91 8.39 7.52 7.18 7.20 7.57 7.96 8.44 8.86 9.01 8.90 8.61 8.23 8.02 8.23 8.62 9.25 9.96 10.39 10.47 9.91 8.89 8.31 8.28 8.75 9.15 8.77 7.45 6.02 5.41 5.56 6.02 6.68 7.85 9.58
12.08 11.50 10.86 10.86 11.18 11.48 11.45 10.92 10.14 9.41 9.09 9.31 9.99 10.84 11.60 12.14 12.54 12.94 13.31 13.45 13.37 13.21 13.30 13.60 13.64 13.37 13.13 13.11 13.23 12.91 12.03 11.32 10.89 10.70 10.59 10.62 10.73 11.07 11.49 11.98 12.32 12.28 12.15 11.52 9.99 8.09 6.89 6.33 6.10 6.23 6.41 6.70 7.43 8.32 8.86 8.99 8.96 8.96 9.23 9.54 10.08 10.91 11.69 12.12 11.80 11.20 10.12 9.85 10.28 10.60 10.02 8.80 7.53 7.07 7.39 8.07 8.98 10.11 11.57 12.96
12.06 11.32 10.33 10.08 10.18 10.40 10.58 10.38 9.79 9.14 8.75 8.81 9.36 10.21 11.00 11.49 11.82 12.05 12.19 12.29 12.41 12.58 12.79 12.79 12.48 12.33 12.52 12.90 12.96 12.53 11.61 10.48 9.76 9.61 10.09 10.69 11.18 11.44 11.61 11.79 11.94 11.60 11.08 10.23 8.83 7.11 5.99 5.63 5.71 5.90 5.97 6.25 7.06 8.21 9.11 9.67 10.03 10.27 10.41 10.44 10.89 12.03 13.07 13.55 13.25 12.88 12.29 11.73 11.81 11.73 10.68 9.61 9.27 10.00 11.05 12.10 13.17 14.12 14.79 14.78
11.94 11.02 9.76 9.35 8.97 8.80 8.97 9.10 8.91 8.44 7.92 7.64 7.72 8.06 8.51 8.83 8.99 8.85 8.39 8.29 9.15 10.17 10.50 10.11 9.50 9.90 11.05 11.91 12.18 12.19 12.11 11.77 11.25 10.86 10.80 11.16 11.58 11.72 11.54 11.21 10.85 10.41 9.90 9.58 8.85 7.61 6.73 6.75 6.99 7.10 7.16 7.46 7.98 8.72 9.47 10.16 10.80 11.40 11.68 12.01 12.77 13.85 14.33 14.18 13.81 13.63 13.47 13.39 13.40 13.28 12.88 12.70 13.28 14.20 14.96 15.60 16.12 16.31 15.96 14.81
11.46 10.34 8.98 8.59 8.31 8.06 7.93 7.98 7.94 7.48 6.77 6.11 5.66 5.47 5.51 5.71 5.82 5.53 5.21 5.36 6.16 7.15 7.46 7.09 7.11 8.16 10.04 11.11 11.34 11.14 11.52 12.04 12.25 12.21 11.72 11.34 11.07 10.94 10.51 9.98 9.62 9.74 9.89 10.26 10.25 10.08 9.66 9.61 9.70 9.71 9.73 9.70 9.53 9.50 9.67 10.05 10.65 11.51 12.46 13.54 14.59 14.87 14.37 13.34 12.36 12.43 13.22 13.71 14.24 14.66 15.05 15.54 16.12 16.55 16.36 16.42 16.27 15.78 14.79 13.60
11.03 10.14 8.89 8.33 8.12 7.96 7.75 7.57 7.42 7.01 6.24 5.37 4.62 4.19 4.06 4.09 4.21 4.57 4.94 5.23 5.47 5.65 5.65 5.77 6.52 8.09 10.08 10.90 10.70 9.92 9.97 10.55 11.26 11.70 11.40 10.56 9.67 9.14 8.97 8.82 8.92 9.71 10.62 11.48 11.83 12.12 12.17 11.95 11.79 11.66 11.20 10.65 10.19 9.95 9.92 10.14 10.68 11.65 12.86 13.92 14.34 13.83 12.65 11.22 10.54 10.89 11.99 12.91 13.52 14.24 14.83 15.24 15.48 15.35 14.97 14.42 13.74 12.87 12.25 11.71
11.03 10.54 9.67 9.00 8.60 8.35 8.05 7.74 7.55 7.29 6.82 6.21 5.63 5.07 4.63 4.45 4.70 5.55 6.51 6.85 6.59 6.17 6.04 6.30 7.30 9.04 10.62 10.99 10.29 9.18 8.74 8.81 9.41 9.93 10.07 9.66 8.91 8.34 8.31 8.79 9.50 10.63 11.47 12.03 12.19 12.39 12.50 12.55 12.42 11.98 10.98 10.29 10.05 10.12 10.26 10.52 11.07 12.09 13.00 13.27 12.64 11.38 10.27 9.54 9.62 10.30 11.05 11.53 11.86 12.39 12.78 12.81 12.50 12.22 11.98 11.50 10.67 9.80 9.30 9.21
11.10 10.81 10.30 9.86 9.41 8.95 8.52 8.33 8.31 8.36 8.35 8.22 7.91 7.30 6.57 6.09 6.20 6.85 7.67 8.36 8.34 8.01 7.87 8.19 9.04 10.52 11.39 11.47 10.71 9.40 8.59 8.08 7.99 8.34 9.03 9.63 9.83 9.93 10.11 10.48 11.13 11.81 11.98 11.84 11.56 11.54 11.77 12.02 11.97 11.65 10.90 10.37 10.19 10.30 10.47 10.68 11.20 12.06 12.61 12.10 10.95 9.88 9.18 8.90 9.04 9.56 10.05 10.20 10.33 10.64 10.84 10.68 10.17 9.66 9.29 9.14 8.52 7.58 6.72 6.50
11.09 10.83 10.42 10.05 9.71 9.30 9.08 9.20 9.56 10.03 10.39 10.44 9.96 9.20 8.37 7.73 7.53 7.79 8.27 9.18 9.74 10.06 10.28 10.47 10.93 11.89 12.56 12.45 11.80 10.64 9.78 9.03 8.50 8.63 9.34 10.31 11.23 11.93 12.19 12.19 12.15 12.13 11.79 11.32 10.92 10.73 10.85 10.87 10.88 10.94 10.87 10.63 10.45 10.44 10.65 10.97 11.54 12.18 12.05 10.95 9.73 9.06 8.63 8.34 8.41 9.01 9.59 9.65 9.42 9.44 9.38 9.26 8.98 8.31 7.46 7.01 6.67 5.95 5.01 4.38
11.16 10.86 10.40 9.92 9.54 9.29 9.37 9.77 10.46 11.23 11.84 11.92 11.60 11.01 10.28 9.49 8.87 8.72 9.01 9.77 10.52 11.34 11.57 11.80 12.43 13.44 13.72 13.22 12.44 11.75 11.29 10.84 10.42 10.32 10.51 10.99 11.54 11.96 12.10 11.92 11.69 11.55 11.23 10.71 10.24 9.79 9.64 9.45 9.35 9.61 10.01 10.21 10.32 10.44 10.85 11.38 11.85 11.81 10.83 9.45 8.65 8.34 8.10 8.22 8.66 9.37 9.51 9.00 8.38 8.16 8.03 7.93 7.89 7.47 6.54 5.69 5.16 4.69 3.82 2.99
11.20 10.81 10.18 9.66 9.23 9.03 9.08 9.32 9.83 10.56 11.31 11.86 12.21 12.29 12.06 11.49 10.67 10.03 10.00 10.33 10.74 11.55 12.04 12.57 13.46 14.20 14.05 13.01 12.03 11.74 11.84 11.96 11.90 11.48 11.12 10.99 10.88 10.72 10.68 10.88 11.05 11.08 10.78 10.17 9.59 9.13 8.82 8.46 8.20 8.19 8.49 8.96 9.53 10.03 10.65 11.08 11.07 10.29 8.86 8.02 7.82 7.76 7.97 8.60 9.11 9.18 8.60 7.51 6.66 6.29 6.21 5.95 5.80 5.89 5.57 4.83 4.07 3.56 3.07 2.69
11.08 10.55 9.68 9.30 9.02 8.81 8.62 8.35 8.13 8.22 8.72 9.87 11.18 12.25 12.90 12.91 12.37 11.59 11.06 10.98 11.10 11.68 12.26 13.25 13.84 13.98 13.24 12.10 11.00 10.68 10.92 11.35 11.58 11.29 10.93 10.64 10.35 10.27 10.55 10.97 11.10 10.93 10.51 10.08 9.75 9.41 8.97 8.23 7.42 6.98 7.10 7.79 8.78 9.51 10.01 9.99 9.27 8.03 7.11 6.90 6.83 6.74 7.26 7.95 8.05 7.70 7.05 6.15 5.30 4.60 4.26 4.15 4.15 4.18 4.15 3.91 3.58 3.41 3.46 3.70
