project/data/elevation/US_DEM2016/US_DEM2016_point_10-29-2019_0000_30m_ang.asc
ncols	125
nrows	167
xllcorner	-2042055.000000
yllcorner	1465035.000000
cellsize	30.000000
NODATA_value	-9999.000000
[rows 90 to 134 of 167, columns 0 to 95 of 125]
344 345 346 345 343 339 335 333 335 338 344 352 6 18 20 359 352 352 352 352 350 347 344 343 341 339 336 336 339 343 346 346 348 356 5 9 7 3 0 358 356 355 354 351 345 340 340 343 345 343 342 342 343 344 347 351 351 346 343 343 344 345 344 339 335 336 341 345 344 342 340 337 337 341 349 356 359 1 3 4 3 1 359 360 3 4 1 357 358 2 4 2 359 357 352 348
344 344 344 343 340 336 334 334 337 344 355 11 25 25 11 353 344 342 341 342 342 343 345 346 345 341 336 333 333 334 336 339 340 347 359 9 11 7 2 357 354 354 354 351 347 345 346 349 351 350 348 345 345 347 351 354 353 347 343 343 345 346 344 338 333 334 339 342 342 342 340 336 334 334 339 346 351 355 359 2 3 2 1 3 6 7 5 3 4 6 5 358 354 351 349 349
343 343 341 340 337 334 334 337 344 356 13 24 23 16 6 355 345 339 334 333 334 338 343 346 345 343 341 338 337 336 337 338 338 341 352 7 13 9 1 356 353 353 352 349 347 347 349 351 352 352 351 349 348 349 353 357 355 349 345 345 347 347 344 337 332 333 338 341 341 341 340 337 335 334 335 337 340 346 352 356 358 360 0 2 6 7 7 8 9 9 5 358 351 348 349 354
343 342 339 336 334 334 336 342 355 11 21 19 12 6 1 356 350 345 340 337 337 340 343 345 344 343 342 343 344 345 346 346 345 346 353 6 12 7 359 354 352 351 349 347 346 347 349 351 351 351 352 353 354 353 354 357 357 354 350 350 350 348 343 336 333 334 339 344 344 343 340 338 339 339 337 331 327 331 337 341 345 352 357 360 3 5 7 10 10 8 5 358 351 349 352 356
342 341 338 334 333 335 339 350 7 19 16 9 3 359 356 353 351 349 346 344 344 345 347 348 347 342 339 341 345 348 349 349 349 352 359 7 6 1 356 352 350 349 347 346 345 346 348 350 351 351 353 356 358 359 358 359 1 359 355 354 353 350 344 337 334 335 340 346 348 345 342 341 343 347 346 332 314 305 307 311 316 329 345 355 357 358 0 3 4 4 3 359 353 351 352 352
342 342 340 337 337 342 350 359 9 10 3 359 357 354 351 349 349 348 347 347 348 350 352 353 349 341 336 337 341 345 347 347 348 352 0 4 0 355 352 350 348 347 346 346 345 344 345 347 349 352 355 357 359 1 2 4 5 2 357 355 354 350 344 338 336 337 341 346 348 345 343 345 352 1 2 349 329 315 308 304 303 306 322 340 345 348 352 356 357 359 1 358 353 351 351 348
341 343 344 345 347 352 358 1 2 359 356 353 352 350 347 346 345 346 347 349 352 356 357 353 348 342 338 338 341 343 344 344 345 350 357 359 355 351 349 348 348 348 348 347 345 342 340 341 345 349 354 357 359 1 5 9 10 5 359 355 353 349 342 338 338 341 344 346 346 343 343 350 1 11 11 1 351 342 333 326 322 321 326 333 338 344 350 354 354 357 357 355 352 351 350 347
341 344 348 350 351 355 359 360 358 356 354 351 348 346 344 343 343 345 348 353 359 2 358 350 345 341 341 345 347 349 349 350 350 352 355 355 351 348 347 347 349 351 351 349 345 341 337 337 340 345 348 351 355 360 6 11 11 6 360 356 352 347 340 337 338 342 345 346 344 341 342 352 5 12 11 5 359 352 343 339 339 338 336 336 339 346 352 354 354 355 356 353 350 350 349 346
342 346 350 352 350 354 356 356 355 355 353 350 345 343 342 343 344 348 354 2 7 4 354 346 340 337 341 346 350 352 353 355 356 356 356 354 350 346 347 349 353 355 353 349 346 341 338 338 342 346 345 343 346 353 0 7 8 4 359 356 351 346 340 337 337 339 343 344 343 340 341 350 360 6 8 6 3 356 348 345 347 346 342 340 343 351 355 354 353 354 355 352 349 347 346 344
345 348 351 348 348 350 352 352 352 353 352 349 344 341 341 344 348 355 3 8 6 357 350 344 337 334 337 343 348 351 354 358 0 359 358 355 350 346 348 353 357 355 351 348 346 342 340 343 350 355 354 350 348 349 353 1 4 2 358 355 351 346 342 340 339 340 342 343 342 340 341 346 352 359 4 6 4 357 352 351 352 351 347 346 349 355 356 354 352 354 355 353 348 345 343 341
348 350 350 347 344 345 347 349 350 351 350 347 344 342 343 348 355 5 11 7 358 351 347 342 336 333 335 339 344 348 353 357 1 2 1 358 352 348 351 355 355 351 350 349 346 342 341 345 352 357 358 359 356 352 353 359 2 359 356 354 352 347 344 343 343 344 345 345 343 342 344 344 347 352 359 2 0 357 355 356 356 354 351 352 355 356 355 353 352 354 355 355 350 347 344 340
350 350 350 345 340 338 341 344 347 348 346 344 344 345 348 355 5 13 10 0 351 346 343 340 335 332 334 337 340 342 346 350 356 1 3 1 356 351 351 352 350 349 349 349 346 342 341 345 350 354 358 1 1 357 356 1 0 355 353 353 351 348 346 345 345 346 347 346 345 345 345 343 344 348 353 356 355 355 358 360 360 358 357 357 357 354 352 352 353 355 357 355 353 350 346 340
351 351 350 346 343 335 336 339 342 343 342 342 344 348 354 4 10 7 0 354 349 345 342 340 336 333 334 336 337 335 334 338 345 353 359 0 356 350 348 348 349 349 349 348 345 342 342 345 348 351 354 358 1 1 1 1 357 351 349 350 349 347 346 347 348 348 348 347 345 345 344 342 342 346 350 351 351 353 356 360 1 2 2 1 359 355 353 354 355 357 357 355 353 352 347 340
350 350 350 349 344 342 337 337 338 338 339 342 348 355 4 6 360 354 352 351 349 347 344 342 341 342 344 345 342 337 332 332 335 342 349 354 352 346 345 347 349 349 349 347 344 342 344 347 350 350 350 351 355 1 2 0 355 347 345 347 346 346 346 348 349 350 350 349 347 345 343 341 340 344 348 349 350 352 352 354 358 1 2 2 0 359 358 358 360 360 357 354 352 350 347 341
346 347 351 352 350 344 340 338 337 337 340 346 357 11 10 353 342 342 344 346 347 347 346 344 344 348 354 355 351 347 344 342 342 344 347 349 348 345 344 347 350 350 348 345 343 342 346 352 355 353 351 348 348 353 356 355 351 344 341 342 343 344 346 348 350 351 352 352 351 347 344 340 338 341 346 349 353 355 352 348 350 354 357 359 0 2 3 3 4 2 357 354 351 348 345 342
339 344 351 354 353 349 343 340 339 341 348 360 7 10 358 341 332 330 334 338 341 344 344 342 343 349 356 357 355 353 351 350 350 350 350 350 351 348 346 349 351 350 346 343 342 343 348 356 360 359 358 356 349 343 343 346 345 342 339 338 340 343 346 348 348 350 353 355 354 351 347 342 338 338 344 350 355 358 356 351 347 346 345 348 354 360 4 5 5 2 356 353 351 348 345 343
336 342 350 354 355 352 350 345 346 352 0 3 360 355 349 346 341 337 335 334 336 338 338 338 341 348 352 354 355 355 355 354 355 355 354 354 355 352 348 350 352 349 345 342 342 343 349 357 2 4 6 4 354 344 340 341 342 340 337 336 338 342 345 346 346 348 352 356 357 355 350 346 342 339 342 349 354 358 359 357 353 348 342 340 345 353 359 2 3 359 354 351 349 347 346 346
339 343 350 354 355 355 353 353 355 358 358 357 354 350 347 348 350 350 347 342 340 338 336 337 342 346 348 349 352 354 356 357 358 359 358 358 359 356 351 350 350 347 345 344 343 343 347 356 4 9 10 4 353 345 342 342 342 339 335 334 337 341 343 344 345 346 350 355 358 358 354 350 347 345 344 347 352 356 360 0 357 353 350 348 348 351 355 358 359 356 352 348 346 345 346 349
345 346 350 353 354 354 356 357 358 356 354 352 350 347 346 348 352 354 353 350 346 342 339 340 344 347 346 347 348 350 353 356 358 358 359 0 1 0 355 351 347 345 346 347 345 342 345 354 3 8 7 0 353 348 346 345 342 338 336 334 336 339 341 342 343 345 348 351 355 357 356 354 353 351 348 348 350 355 359 359 356 353 353 353 353 353 354 355 356 354 350 347 346 345 346 349
347 348 351 353 352 352 354 355 355 352 349 347 346 345 345 348 352 353 352 351 348 345 343 344 348 349 348 348 350 350 352 354 354 355 356 359 2 3 358 351 348 346 347 347 343 341 344 351 358 3 3 359 355 353 351 348 344 341 339 337 336 338 340 341 343 345 347 348 350 354 356 356 357 355 351 349 350 354 358 357 354 351 351 354 355 355 355 355 354 352 349 347 347 348 348 349
345 348 352 352 350 350 351 350 349 347 345 343 343 343 345 348 351 350 349 348 346 344 344 347 351 351 348 349 353 355 355 354 354 354 354 357 2 4 359 354 351 350 348 344 341 340 343 349 355 358 358 358 357 357 356 353 349 347 345 341 338 338 340 341 344 348 347 345 346 350 354 357 359 357 352 349 350 354 357 356 353 350 350 353 356 356 356 356 354 352 349 346 346 348 350 350
342 346 352 351 349 348 348 345 343 342 342 342 342 343 345 349 351 348 347 345 342 340 342 348 354 353 348 349 353 355 355 355 355 356 357 359 2 4 0 357 354 351 347 343 340 340 344 349 353 354 355 355 356 357 358 356 354 353 351 347 342 340 340 342 345 349 347 344 344 347 352 357 360 358 353 350 351 354 356 355 352 350 351 353 356 358 358 357 356 354 352 346 344 346 349 350
341 345 350 349 346 345 344 341 340 339 340 342 343 345 348 352 352 348 345 343 339 337 339 347 354 353 351 352 354 353 352 352 353 356 359 1 4 4 0 356 353 351 347 341 338 340 345 350 353 353 352 352 352 355 357 358 358 358 356 353 347 342 341 344 346 347 345 343 344 346 352 357 0 359 354 350 351 353 355 353 350 349 351 352 354 358 360 358 356 356 355 349 346 347 348 348
342 344 347 346 343 341 339 338 339 340 341 342 345 348 351 353 350 345 342 341 338 336 338 347 351 350 352 355 357 356 354 351 349 351 355 1 5 4 359 354 352 350 345 340 337 340 346 352 354 354 352 350 350 351 353 356 358 360 358 356 351 346 344 345 346 345 344 343 344 348 352 356 0 360 355 352 352 353 353 350 348 349 350 350 352 356 358 357 356 357 356 352 349 350 350 347
344 345 345 345 341 337 335 336 339 341 342 343 346 349 351 348 344 341 341 340 338 337 340 345 346 347 352 357 358 359 358 357 353 350 351 358 3 2 356 352 350 348 344 339 337 339 346 352 354 353 352 351 351 352 352 352 354 356 356 355 353 348 347 347 346 344 343 343 346 350 353 357 0 360 355 353 354 354 352 349 348 350 349 348 349 351 352 353 355 357 355 352 351 351 351 349
344 344 345 345 341 335 333 337 343 347 347 348 347 347 345 342 340 340 340 341 341 341 343 341 339 344 351 356 358 357 358 0 360 357 355 355 358 357 354 350 348 346 343 341 340 341 345 350 352 351 350 351 354 357 357 355 352 350 350 352 352 348 346 347 347 345 343 345 348 351 354 357 0 0 356 354 355 354 352 350 351 353 352 349 346 345 347 351 354 356 354 351 351 351 351 350
342 343 346 346 343 338 335 339 347 351 352 351 349 346 342 340 340 341 341 342 345 348 348 339 333 338 348 354 355 354 355 358 2 3 0 356 356 355 353 349 347 345 343 342 344 347 347 348 348 347 346 350 355 360 1 0 357 352 349 350 350 346 344 345 346 345 346 348 350 351 353 356 0 1 357 354 354 354 353 352 353 354 354 352 347 345 347 351 354 354 353 350 350 351 351 350
339 342 345 346 346 342 339 341 346 349 351 350 347 344 342 340 341 343 343 345 349 353 352 346 337 336 343 351 352 350 349 352 359 3 2 359 358 357 352 348 346 344 341 342 347 352 352 348 344 342 343 347 354 359 1 1 360 357 355 353 351 348 344 343 344 345 348 350 351 351 352 355 359 360 356 354 354 353 352 352 353 355 355 353 350 349 352 354 354 354 352 349 349 350 350 349
338 341 345 346 348 346 343 343 345 346 345 344 342 341 340 340 342 344 345 348 350 351 352 351 346 342 344 348 351 351 348 346 350 357 0 1 2 359 354 348 345 342 340 342 349 356 356 349 341 338 339 344 351 356 359 360 359 359 359 358 356 352 346 343 343 346 349 350 350 351 353 356 358 358 355 353 353 353 351 349 350 353 355 353 353 355 356 356 356 354 351 349 348 348 348 348
339 341 344 346 348 348 345 344 345 343 340 338 337 337 338 341 344 345 347 350 349 348 348 349 349 348 347 348 350 353 352 347 343 347 356 2 4 1 354 348 345 341 339 342 350 357 358 352 343 337 337 341 347 352 355 358 358 358 360 1 1 357 351 346 346 347 348 347 347 350 354 357 359 358 354 351 352 352 349 347 348 352 353 353 354 358 359 358 357 355 351 348 347 346 346 347
341 341 343 346 348 348 345 345 345 341 337 335 335 336 338 342 345 347 350 351 349 346 344 344 348 349 348 347 348 353 356 353 347 344 349 358 3 359 352 348 344 341 340 344 352 357 357 354 347 339 336 338 343 348 353 357 359 358 359 2 4 1 354 350 349 348 347 345 346 350 354 358 0 359 354 350 351 350 347 345 347 350 352 353 355 357 358 358 358 356 353 348 346 344 344 345
343 342 343 346 348 347 344 344 343 339 336 335 336 338 341 345 348 351 353 352 349 346 343 343 347 348 347 345 346 351 356 357 353 349 349 355 358 355 350 346 343 341 342 348 354 356 355 354 349 341 335 335 339 344 350 356 0 0 359 2 4 2 356 352 350 348 347 346 347 350 354 358 2 1 355 351 350 348 346 345 347 350 351 353 356 357 357 357 357 356 353 350 346 343 342 343
343 343 343 346 348 346 342 341 341 339 338 338 338 339 343 347 351 352 351 350 349 348 346 346 347 348 346 343 344 349 354 356 356 354 353 354 355 353 348 344 341 340 345 354 358 355 353 352 349 343 335 330 333 339 346 354 359 1 1 3 4 0 355 351 348 347 346 346 348 352 356 359 2 2 357 352 349 347 346 347 347 348 349 352 355 357 357 357 356 354 352 350 347 343 342 342
343 343 344 345 346 344 340 337 336 337 339 340 338 339 344 348 350 350 349 348 349 349 347 347 348 350 348 343 342 347 353 355 355 355 354 355 355 354 350 342 339 341 351 1 358 352 350 350 349 345 336 329 326 331 339 347 354 358 1 3 3 359 354 351 347 345 345 346 348 353 358 1 3 3 357 352 349 347 348 348 347 347 348 350 352 354 356 356 354 352 351 350 347 344 343 343
344 344 344 345 345 343 340 335 332 334 338 340 340 342 345 345 346 348 349 349 349 347 344 343 347 351 352 346 343 346 352 355 355 353 353 354 356 355 349 342 341 348 360 2 356 350 347 347 348 347 342 336 332 330 333 339 347 355 0 1 1 358 354 351 347 346 346 346 348 353 358 3 6 5 358 352 350 349 349 348 347 347 348 348 348 350 352 352 351 349 349 349 348 346 345 345
345 345 346 346 345 343 340 335 331 332 341 339 343 346 344 342 344 349 352 351 347 343 339 340 345 351 354 352 347 346 351 355 355 353 352 353 355 355 350 344 345 354 359 357 355 352 348 346 347 347 345 342 340 339 336 336 343 353 357 358 359 356 352 348 347 347 348 348 349 353 358 5 10 7 359 354 352 350 349 349 349 349 349 348 348 350 350 348 347 347 348 349 348 347 347 348
341 344 348 348 346 343 340 337 333 331 333 339 346 349 344 341 345 351 353 349 344 339 336 338 344 350 353 354 352 349 350 353 355 355 353 352 353 353 350 347 348 352 354 354 354 353 351 349 348 349 347 344 343 343 341 338 341 349 354 357 358 354 349 345 346 348 348 348 350 355 1 9 13 8 1 358 355 350 347 346 348 349 348 348 349 351 349 345 344 345 347 349 348 347 346 347
339 342 348 348 346 342 340 339 335 331 341 338 348 351 347 345 347 350 349 346 343 340 337 338 344 348 351 354 354 350 349 352 356 358 356 353 351 352 351 348 347 349 351 352 352 352 352 351 352 352 350 348 345 344 343 341 340 345 353 358 358 353 347 345 347 348 346 346 349 356 6 13 14 8 2 0 358 354 348 344 344 345 347 349 353 352 346 342 342 344 347 348 347 345 345 345
343 345 347 346 343 340 340 340 337 345 332 338 347 351 350 348 348 348 346 344 343 342 341 342 344 346 348 353 353 349 347 351 356 358 357 353 351 352 352 349 346 348 350 350 349 349 350 352 354 355 354 352 349 347 346 343 340 342 350 358 358 353 348 346 347 346 344 344 350 1 12 17 14 8 2 360 358 356 353 346 341 341 345 352 356 351 343 342 343 345 347 348 347 345 342 343
353 351 348 345 342 340 340 342 341 346 335 339 345 348 349 348 347 346 345 344 344 344 346 348 346 345 349 353 352 348 347 349 353 356 355 353 352 352 353 350 347 347 347 346 345 345 347 351 355 358 357 355 352 350 349 347 343 342 348 356 358 353 349 348 347 344 343 345 355 8 17 17 12 7 2 359 355 355 353 348 342 340 345 354 354 348 344 345 347 347 347 348 347 345 342 342
358 355 349 346 344 343 343 343 343 340 337 339 342 345 346 346 345 345 345 345 345 346 348 348 346 346 349 352 351 349 348 349 351 353 355 354 352 351 352 352 349 346 345 343 342 342 345 350 356 359 360 357 353 352 351 349 347 346 348 354 356 353 349 348 345 343 344 351 3 14 16 13 9 4 1 359 356 352 349 347 343 343 348 352 351 348 347 350 352 351 349 348 347 345 343 341
356 353 348 346 346 347 347 345 344 342 339 338 339 341 343 344 344 344 346 349 349 348 346 344 344 346 349 350 351 350 350 349 350 353 356 357 354 351 351 351 348 345 344 342 341 341 345 350 356 360 359 356 353 353 353 351 349 349 351 353 354 352 349 348 345 344 347 358 9 13 12 9 6 2 359 359 357 353 346 342 340 343 348 350 350 349 351 354 355 352 349 347 347 346 344 341
353 351 348 345 346 349 351 348 345 343 341 338 336 337 340 342 344 346 350 354 353 348 343 341 342 344 347 348 349 349 349 349 350 353 358 359 357 352 351 349 346 344 344 343 342 343 347 352 355 356 355 353 354 355 354 352 350 351 353 354 354 351 348 348 347 347 353 3 9 9 8 6 4 1 359 357 355 352 347 341 338 340 346 350 352 352 354 357 356 351 348 346 346 346 345 342
348 348 348 347 347 349 352 351 348 345 343 340 336 335 337 340 345 350 355 356 353 348 344 341 342 344 345 347 348 347 346 346 349 353 358 359 358 356 352 349 344 343 343 343 344 348 351 353 353 351 350 351 355 357 356 353 351 352 354 355 353 350 347 347 348 352 360 6 7 6 6 5 3 1 359 356 352 348 345 341 339 340 345 350 353 355 357 357 354 349 346 345 345 346 346 343
343 345 348 349 350 350 351 352 351 350 347 344 339 335 335 339 346 353 355 353 351 349 345 343 343 344 345 346 346 346 344 344 346 351 355 357 359 359 357 352 347 343 342 344 348 352 353 352 350 346 346 350 356 358 357 355 353 353 355 355 353 348 347 347 349 355 3 6 4 4 5 5 4 1 357 353 349 345 342 341 342 344 347 350 353 356 357 355 351 348 345 344 344 345 346 344
