project/data/elevation/US_DEM2016/US_DEM2016_point_10-30-2019_1639_30m_vel.asc
ncols	125
nrows	167
xllcorner	-2042055.000000
yllcorner	1465035.000000
cellsize	30.000000
NODATA_value	-9999.000000
[rows 111 to 147 of 167, columns 0 to 82 of 125]
9.00 8.93 8.88 8.97 9.15 9.42 9.90 10.63 11.49 12.02 12.04 11.62 10.94 10.18 9.48 8.93 8.63 8.65 8.74 9.04 9.51 9.79 9.90 9.63 9.23 9.01 8.94 8.75 8.52 8.61 8.86 9.08 9.18 9.11 8.87 8.51 8.24 8.16 8.08 7.92 7.84 8.00 8.40 9.10 9.77 10.09 10.02 9.75 9.57 9.63 9.90 10.23 10.56 10.85 11.11 11.17 10.89 10.42 9.82 9.23 8.78 8.48 8.34 8.17 7.80 7.54 7.67 8.03 8.33 8.38 8.17 8.01 8.02 8.06 8.03 7.95 7.86 7.79 7.81 7.96 8.22 8.43 8.41
8.87 8.73 8.74 9.03 9.36 9.83 10.52 11.17 11.48 11.26 10.65 10.01 9.41 8.87 8.35 7.85 7.55 7.61 7.92 8.35 8.84 9.36 9.52 9.17 8.93 9.06 9.03 8.72 8.43 8.39 8.50 8.63 8.72 8.73 8.67 8.53 8.35 8.22 8.20 8.36 8.61 8.86 9.24 9.91 10.43 10.46 10.07 9.56 9.23 9.19 9.29 9.53 9.75 9.94 10.16 10.30 10.20 9.90 9.50 9.13 8.81 8.50 8.16 7.79 7.52 7.56 7.92 8.32 8.49 8.24 7.85 7.75 7.80 7.85 7.80 7.69 7.55 7.49 7.58 7.87 8.15 8.22 8.10
8.74 8.63 8.69 8.97 9.32 9.86 10.50 10.73 10.44 9.77 9.06 8.40 7.89 7.45 6.99 6.68 6.85 7.34 7.82 8.26 8.92 9.57 9.44 8.82 8.89 9.34 9.39 9.19 8.98 8.65 8.24 7.78 7.54 7.63 7.86 8.04 8.12 8.19 8.35 8.63 8.89 9.14 9.58 10.22 10.54 10.29 9.67 9.10 8.84 8.81 8.83 8.86 8.79 8.62 8.47 8.55 8.65 8.71 8.83 8.89 8.75 8.40 7.97 7.65 7.63 7.87 8.24 8.52 8.43 7.97 7.60 7.48 7.50 7.57 7.59 7.50 7.32 7.17 7.28 7.68 7.88 7.67 7.41
8.77 8.74 8.79 8.93 9.18 9.59 9.89 9.57 8.77 7.92 7.20 6.55 6.03 5.67 5.64 6.12 7.06 8.01 8.64 9.14 9.67 9.77 9.14 8.67 9.04 9.42 9.40 9.26 9.20 9.05 8.79 8.34 7.82 7.46 7.26 7.24 7.55 8.03 8.40 8.68 9.00 9.38 9.81 10.20 10.13 9.51 8.84 8.47 8.40 8.52 8.69 8.69 8.49 8.05 7.51 7.11 7.02 7.41 7.99 8.36 8.46 8.37 8.22 8.08 8.08 8.23 8.48 8.52 8.21 7.80 7.55 7.43 7.41 7.46 7.46 7.38 7.24 7.13 7.21 7.51 7.47 7.00 6.67
8.94 8.95 8.98 9.00 9.10 9.20 9.05 8.42 7.46 6.60 5.98 5.51 5.24 5.36 6.12 7.37 8.60 9.53 10.13 10.37 10.14 9.38 8.36 8.12 8.56 8.73 8.61 8.64 8.84 9.12 9.32 9.28 8.93 8.22 7.45 7.25 7.71 8.34 8.78 9.11 9.43 9.71 9.92 9.94 9.51 8.72 8.08 7.86 7.97 8.34 8.84 9.00 8.83 8.44 7.81 7.10 6.75 6.94 7.38 7.77 8.07 8.32 8.48 8.52 8.55 8.61 8.56 8.31 7.96 7.70 7.57 7.53 7.52 7.48 7.38 7.28 7.24 7.26 7.37 7.45 7.21 6.81 6.55
9.08 9.10 9.09 9.04 8.96 8.76 8.37 7.78 7.24 6.93 6.76 6.65 6.84 7.54 8.69 9.93 10.81 11.10 11.00 10.58 9.77 8.79 8.00 7.78 7.88 7.77 7.68 7.90 8.25 8.62 8.95 9.21 9.30 9.11 8.77 8.69 8.88 9.13 9.29 9.42 9.51 9.58 9.66 9.56 9.07 8.38 7.79 7.57 7.84 8.45 9.01 9.25 9.16 8.93 8.66 8.39 8.09 7.87 7.79 7.86 8.04 8.22 8.38 8.52 8.64 8.67 8.48 8.11 7.75 7.51 7.39 7.39 7.41 7.41 7.38 7.34 7.37 7.47 7.58 7.63 7.60 7.49 7.40
9.12 9.06 8.99 8.93 8.76 8.45 8.07 7.75 7.67 7.87 8.21 8.75 9.48 10.34 11.11 11.55 11.46 10.93 10.28 9.54 8.86 8.49 8.33 8.13 7.88 7.56 7.32 7.41 7.67 7.82 7.90 8.18 8.70 9.20 9.52 9.63 9.53 9.33 9.12 8.99 8.97 9.11 9.32 9.34 8.98 8.43 7.87 7.61 7.93 8.53 8.90 8.97 8.94 8.97 9.08 9.24 9.35 9.29 9.03 8.67 8.44 8.31 8.26 8.27 8.35 8.33 8.07 7.75 7.54 7.40 7.28 7.21 7.22 7.31 7.43 7.52 7.63 7.74 7.86 8.12 8.47 8.68 8.78
9.07 8.94 8.83 8.78 8.63 8.40 8.16 8.00 8.00 8.28 8.98 9.93 10.82 11.37 11.51 11.11 10.19 9.37 8.87 8.32 8.10 8.28 8.50 8.56 8.41 8.00 7.53 7.31 7.43 7.42 7.23 7.27 7.66 8.35 8.88 9.10 9.03 8.82 8.62 8.52 8.62 8.92 9.24 9.23 8.83 8.35 7.97 7.78 8.00 8.32 8.46 8.39 8.35 8.52 8.83 9.12 9.42 9.62 9.58 9.29 8.88 8.50 8.20 7.99 7.81 7.54 7.22 7.25 7.50 7.60 7.53 7.41 7.38 7.46 7.60 7.76 7.93 8.06 8.26 8.64 9.00 9.21 9.43
8.95 8.83 8.73 8.71 8.60 8.46 8.33 8.24 8.33 8.76 9.61 10.40 10.82 10.77 10.33 9.55 8.82 8.42 8.02 7.61 7.53 7.70 7.96 8.24 8.33 8.09 7.77 7.65 7.72 7.69 7.48 7.25 7.23 7.44 7.86 8.18 8.35 8.42 8.49 8.58 8.75 9.01 9.20 9.02 8.49 8.10 8.00 7.99 8.10 8.18 8.14 8.05 8.09 8.33 8.63 8.83 8.96 9.02 9.07 9.08 8.90 8.50 8.09 7.71 7.27 6.86 6.85 7.36 7.87 8.02 7.97 7.86 7.77 7.73 7.77 7.89 8.01 8.13 8.36 8.66 8.80 8.77 8.83
8.87 8.82 8.78 8.72 8.62 8.55 8.52 8.54 8.80 9.45 10.18 10.50 10.31 9.84 9.24 8.66 8.31 8.01 7.49 7.08 6.95 7.01 7.36 7.79 7.86 7.75 7.81 7.98 8.09 8.07 7.97 7.74 7.43 7.27 7.27 7.46 7.80 8.17 8.50 8.75 8.93 9.10 9.12 8.70 8.05 7.78 7.88 8.02 8.10 8.13 8.10 8.12 8.29 8.53 8.67 8.66 8.53 8.35 8.31 8.38 8.37 8.20 7.95 7.63 7.35 7.34 7.67 8.13 8.32 8.24 8.12 8.04 7.93 7.82 7.74 7.70 7.71 7.84 8.13 8.40 8.42 8.25 8.13
8.97 8.98 8.92 8.75 8.63 8.66 8.80 9.00 9.41 10.05 10.42 10.31 9.90 9.47 9.02 8.57 8.13 7.64 7.22 7.11 7.22 7.48 7.81 7.93 7.78 7.68 7.85 8.08 8.17 8.15 8.13 8.09 7.95 7.69 7.35 7.22 7.51 7.95 8.32 8.65 8.90 9.10 8.95 8.24 7.47 7.29 7.50 7.69 7.80 7.92 8.07 8.24 8.37 8.42 8.36 8.28 8.17 8.05 7.95 7.88 7.88 7.94 7.98 8.01 8.16 8.43 8.62 8.65 8.48 8.19 7.98 7.87 7.80 7.75 7.69 7.59 7.59 7.83 8.14 8.25 8.12 7.93 7.83
9.09 9.07 8.91 8.71 8.65 8.76 9.03 9.47 10.07 10.40 10.34 9.97 9.60 9.30 8.87 8.31 7.82 7.57 7.68 8.01 8.29 8.40 8.33 8.12 7.89 7.79 7.87 8.03 8.08 8.03 8.02 8.06 8.10 7.99 7.74 7.61 7.75 8.03 8.23 8.50 8.81 8.89 8.34 7.33 6.69 6.72 7.05 7.33 7.48 7.59 7.73 7.85 7.83 7.74 7.66 7.66 7.78 7.91 7.93 7.85 7.84 7.95 8.10 8.26 8.46 8.62 8.68 8.66 8.53 8.30 8.02 7.81 7.72 7.71 7.69 7.70 7.83 8.02 8.01 7.81 7.59 7.47 7.42
8.94 8.84 8.66 8.59 8.64 8.83 9.14 9.58 10.03 10.10 9.77 9.35 9.08 8.70 8.08 7.68 7.70 7.98 8.30 8.43 8.32 8.13 8.05 8.14 8.21 8.09 7.95 7.97 7.95 7.84 7.79 7.78 7.77 7.81 7.96 8.14 8.24 8.28 8.29 8.50 8.58 8.13 7.01 6.07 5.90 6.21 6.68 7.12 7.30 7.28 7.27 7.22 7.04 6.88 6.85 6.99 7.30 7.58 7.68 7.73 7.85 7.99 8.06 8.08 8.15 8.32 8.49 8.59 8.57 8.40 8.16 7.93 7.77 7.62 7.53 7.60 7.67 7.57 7.27 7.05 7.05 7.13 7.06
8.80 8.75 8.67 8.64 8.71 8.86 9.08 9.30 9.38 9.19 8.80 8.56 8.36 7.82 7.28 7.48 7.88 8.06 7.91 7.53 7.24 7.31 7.75 8.26 8.47 8.36 8.18 8.05 7.91 7.71 7.64 7.61 7.61 7.76 8.00 8.16 8.18 8.16 8.15 8.25 7.93 6.95 5.95 5.64 5.82 6.16 6.56 7.04 7.26 7.32 7.37 7.28 6.99 6.66 6.51 6.68 6.99 7.15 7.25 7.51 7.78 7.96 8.09 8.30 8.56 8.77 8.79 8.67 8.45 8.16 8.00 7.87 7.66 7.37 7.26 7.27 7.19 7.01 6.83 6.83 6.99 7.02 6.80
9.05 9.14 9.10 8.87 8.74 8.76 8.84 8.86 8.73 8.46 8.25 8.22 7.98 7.42 7.29 7.58 7.60 7.23 6.71 6.38 6.53 7.17 7.99 8.58 8.66 8.50 8.41 8.32 8.12 7.82 7.62 7.61 7.66 7.70 7.65 7.54 7.51 7.58 7.71 7.66 7.18 6.52 6.42 6.72 6.95 6.99 7.10 7.35 7.55 7.70 7.78 7.70 7.49 7.21 7.01 7.02 7.07 7.13 7.36 7.67 7.86 8.01 8.29 8.78 9.10 9.11 8.84 8.54 8.21 7.91 7.71 7.54 7.31 7.13 7.03 6.94 6.86 6.82 6.89 7.00 7.01 6.87 6.72
9.30 9.30 9.10 8.71 8.50 8.50 8.55 8.50 8.35 8.26 8.27 8.20 7.78 7.32 7.16 6.99 6.59 6.19 6.03 6.24 6.85 7.67 8.52 8.91 8.73 8.46 8.44 8.43 8.26 7.97 7.75 7.71 7.67 7.47 7.16 7.01 7.10 7.32 7.48 7.40 7.24 7.39 7.77 8.03 8.13 8.16 8.15 8.13 8.11 8.03 7.88 7.72 7.64 7.59 7.53 7.48 7.43 7.50 7.70 7.88 7.90 8.05 8.36 8.69 8.67 8.40 8.20 8.18 8.15 7.97 7.62 7.25 7.00 6.94 6.84 6.64 6.43 6.35 6.47 6.66 6.81 6.99 7.32
9.04 8.73 8.20 7.99 8.02 8.22 8.34 8.30 8.21 8.17 8.09 7.81 7.36 6.96 6.66 6.35 6.13 6.17 6.63 7.44 8.15 8.66 9.02 8.82 8.21 8.03 8.11 8.10 8.00 7.92 7.89 7.84 7.75 7.54 7.33 7.35 7.56 7.72 7.77 7.81 8.00 8.24 8.34 8.38 8.56 8.82 8.99 8.97 8.76 8.42 8.15 7.99 7.89 7.79 7.71 7.69 7.74 7.78 7.79 7.81 7.81 7.94 8.11 8.13 7.89 7.72 7.89 8.23 8.32 8.02 7.51 7.05 6.83 6.77 6.71 6.60 6.42 6.21 6.14 6.32 6.86 7.63 8.15
8.41 7.88 7.31 7.34 7.69 8.09 8.27 8.22 8.12 7.99 7.76 7.42 7.09 6.93 6.92 6.96 7.17 7.68 8.50 9.21 9.54 9.49 9.07 8.34 7.76 7.69 7.70 7.61 7.61 7.72 7.81 7.81 7.79 7.82 7.95 8.17 8.29 8.24 8.15 8.18 8.24 8.19 8.22 8.44 8.83 9.25 9.58 9.62 9.41 9.12 8.87 8.68 8.48 8.24 7.98 7.86 7.84 7.78 7.69 7.70 7.68 7.78 7.83 7.71 7.60 7.81 8.27 8.54 8.21 7.52 7.02 6.81 6.71 6.62 6.59 6.74 6.93 6.96 6.84 6.90 7.45 8.15 8.29
8.14 7.82 7.48 7.66 8.05 8.32 8.32 8.18 8.05 7.93 7.76 7.53 7.43 7.63 8.06 8.51 9.02 9.52 9.86 9.95 9.75 9.28 8.60 8.01 7.76 7.69 7.53 7.42 7.49 7.61 7.65 7.65 7.74 7.94 8.18 8.30 8.26 8.18 8.10 8.04 7.92 7.89 8.15 8.60 9.15 9.62 9.85 9.78 9.57 9.34 9.06 8.77 8.55 8.38 8.21 8.06 7.91 7.70 7.58 7.57 7.63 7.74 7.76 7.73 7.87 8.28 8.59 8.33 7.46 6.67 6.46 6.50 6.54 6.58 6.64 6.77 7.02 7.36 7.64 7.87 8.16 8.33 7.98
8.36 8.40 8.55 8.85 9.00 8.82 8.43 8.17 8.07 8.02 7.96 7.94 8.11 8.56 9.06 9.46 9.74 9.82 9.65 9.20 8.59 8.00 7.66 7.62 7.77 7.79 7.67 7.67 7.79 7.86 7.78 7.73 7.86 8.04 8.06 7.87 7.78 7.84 7.94 7.92 7.87 7.99 8.39 8.88 9.33 9.58 9.50 9.16 8.84 8.62 8.44 8.38 8.43 8.41 8.33 8.23 8.10 7.90 7.65 7.59 7.72 7.85 7.89 7.98 8.27 8.58 8.44 7.68 6.73 6.31 6.29 6.36 6.46 6.68 6.98 7.06 7.03 7.13 7.56 8.12 8.55 8.72 8.59
8.59 8.81 9.22 9.47 9.41 9.04 8.55 8.21 8.10 8.10 8.15 8.30 8.63 9.02 9.24 9.24 9.14 8.95 8.51 7.77 7.03 6.70 6.85 7.37 7.78 7.95 8.01 8.13 8.27 8.34 8.36 8.41 8.49 8.46 8.30 8.05 7.92 7.98 8.05 8.13 8.32 8.67 9.03 9.23 9.30 9.14 8.67 8.13 7.83 7.83 8.03 8.37 8.58 8.51 8.36 8.30 8.28 8.19 7.99 7.90 7.94 8.01 8.10 8.27 8.48 8.47 7.96 7.10 6.57 6.42 6.43 6.50 6.63 6.86 7.14 7.32 7.37 7.34 7.52 8.11 8.94 9.59 9.93
8.71 8.90 9.20 9.31 9.24 9.08 8.80 8.46 8.28 8.27 8.33 8.47 8.68 8.80 8.68 8.54 8.47 8.14 7.43 6.69 6.33 6.46 7.04 7.66 8.02 8.15 8.27 8.41 8.53 8.67 8.91 9.14 9.23 9.09 8.85 8.64 8.49 8.42 8.31 8.42 8.77 9.12 9.21 9.16 9.01 8.59 7.92 7.38 7.26 7.58 8.16 8.60 8.66 8.48 8.36 8.37 8.40 8.38 8.27 8.13 8.08 8.13 8.25 8.37 8.40 8.12 7.43 6.82 6.62 6.61 6.64 6.71 6.90 7.11 7.17 7.25 7.55 7.94 8.31 8.89 9.75 10.28 10.32
8.89 9.08 9.36 9.47 9.42 9.25 9.11 8.98 8.83 8.66 8.50 8.39 8.33 8.25 8.23 8.31 8.23 7.73 7.11 6.88 7.09 7.47 7.87 8.21 8.35 8.37 8.43 8.54 8.66 8.81 9.03 9.27 9.37 9.30 9.20 9.17 9.16 9.05 8.79 8.70 8.86 8.92 8.90 8.92 8.72 8.16 7.55 7.22 7.29 7.80 8.48 8.81 8.74 8.57 8.48 8.47 8.46 8.42 8.26 8.10 8.04 8.11 8.21 8.26 8.21 7.88 7.29 6.91 6.81 6.83 6.88 6.91 7.01 7.17 7.30 7.46 7.77 8.35 9.11 9.87 10.36 10.17 9.46
9.30 9.56 9.91 9.91 9.71 9.36 9.24 9.26 9.21 8.88 8.46 8.13 7.96 7.97 8.14 8.25 7.98 7.55 7.46 7.80 8.18 8.35 8.47 8.60 8.63 8.61 8.64 8.70 8.78 8.90 9.04 9.13 9.10 9.13 9.36 9.69 9.89 9.83 9.57 9.15 8.89 8.73 8.78 8.74 8.33 7.78 7.45 7.42 7.71 8.34 8.91 9.06 8.94 8.77 8.64 8.54 8.46 8.34 8.12 8.01 8.03 8.10 8.14 8.12 8.06 7.81 7.46 7.28 7.22 7.21 7.19 7.15 7.10 7.14 7.42 7.89 8.42 9.06 9.92 10.57 10.45 9.59 8.52
9.65 9.77 9.91 9.83 9.65 9.34 9.14 9.05 8.92 8.60 8.18 7.89 7.86 8.02 8.12 7.96 7.68 7.66 8.00 8.33 8.44 8.47 8.58 8.75 8.80 8.73 8.68 8.68 8.73 8.89 9.09 9.14 9.09 9.18 9.51 9.85 10.04 10.09 10.03 9.73 9.15 8.74 8.51 8.20 7.69 7.42 7.49 7.69 8.13 8.84 9.32 9.28 9.03 8.84 8.71 8.59 8.46 8.28 8.06 8.03 8.13 8.19 8.17 8.11 8.07 7.94 7.76 7.71 7.70 7.66 7.58 7.52 7.48 7.50 7.75 8.31 9.21 10.26 11.08 11.15 10.42 9.31 8.27
9.64 9.38 8.98 8.86 8.91 8.87 8.72 8.61 8.53 8.36 8.22 8.23 8.41 8.53 8.32 7.89 7.65 7.77 7.98 8.06 8.17 8.38 8.67 8.87 8.84 8.65 8.47 8.42 8.51 8.74 8.98 9.15 9.21 9.29 9.34 9.33 9.31 9.37 9.48 9.41 8.94 8.39 7.90 7.48 7.22 7.27 7.51 7.79 8.43 9.26 9.53 9.22 8.89 8.76 8.72 8.63 8.47 8.25 8.05 8.10 8.27 8.34 8.29 8.21 8.15 8.07 8.01 8.02 8.05 8.07 8.13 8.24 8.34 8.49 8.76 9.27 10.16 11.17 11.63 11.19 10.24 9.41 8.66
9.24 8.69 7.74 7.33 7.38 7.60 7.90 8.22 8.47 8.67 8.90 9.21 9.43 9.28 8.71 8.10 7.75 7.57 7.44 7.48 7.87 8.39 8.77 8.92 8.81 8.59 8.36 8.25 8.27 8.44 8.58 8.68 8.74 8.79 8.68 8.45 8.25 8.17 8.13 8.08 7.95 7.69 7.38 7.13 7.15 7.34 7.55 7.97 8.88 9.62 9.52 8.97 8.68 8.65 8.66 8.61 8.46 8.27 8.15 8.29 8.49 8.53 8.45 8.32 8.21 8.13 8.14 8.23 8.32 8.45 8.74 9.14 9.58 10.05 10.48 10.86 11.30 11.68 11.46 10.66 10.05 9.81 9.56
8.59 7.91 6.84 6.46 6.45 6.73 7.30 7.92 8.44 8.91 9.35 9.64 9.63 9.21 8.62 8.12 7.73 7.43 7.32 7.55 8.01 8.47 8.78 8.89 8.81 8.67 8.50 8.35 8.19 8.15 8.14 8.04 7.93 7.93 7.90 7.68 7.39 7.19 7.02 7.00 7.09 7.14 7.16 7.28 7.60 7.89 8.19 8.82 9.64 9.87 9.40 8.84 8.63 8.58 8.57 8.56 8.55 8.60 8.75 8.94 8.93 8.76 8.56 8.42 8.33 8.28 8.30 8.41 8.57 8.84 9.35 10.02 10.77 11.40 11.79 11.89 11.83 11.60 10.99 10.35 10.23 10.37 10.48
7.98 7.43 6.73 6.69 6.88 7.20 7.60 7.92 8.25 8.64 9.02 9.17 8.93 8.47 8.13 7.89 7.67 7.53 7.66 8.06 8.44 8.74 8.91 8.94 8.86 8.77 8.73 8.69 8.58 8.33 8.10 7.86 7.70 7.60 7.44 7.12 6.77 6.55 6.48 6.57 6.75 6.99 7.39 7.96 8.46 8.84 9.30 9.81 10.12 9.87 9.23 8.79 8.62 8.52 8.49 8.58 8.79 9.13 9.46 9.53 9.21 8.79 8.54 8.48 8.51 8.52 8.48 8.56 8.82 9.29 9.95 10.66 11.26 11.57 11.66 11.52 11.23 10.85 10.44 10.24 10.32 10.45 10.67
7.98 7.83 7.89 8.22 8.45 8.51 8.36 8.20 8.25 8.40 8.53 8.50 8.22 7.92 7.77 7.71 7.66 7.71 7.99 8.42 8.76 9.05 9.14 9.06 8.90 8.82 8.86 8.92 8.92 8.78 8.40 8.03 7.75 7.48 7.13 6.72 6.38 6.23 6.26 6.43 6.76 7.32 8.09 8.78 9.20 9.48 9.78 10.00 9.95 9.50 8.93 8.58 8.37 8.25 8.31 8.55 8.90 9.20 9.30 9.05 8.67 8.45 8.41 8.46 8.56 8.62 8.60 8.66 8.91 9.46 10.13 10.60 10.70 10.50 10.22 9.99 9.86 9.85 9.88 9.90 9.85 9.83 10.11
8.51 8.77 9.37 9.88 10.02 9.76 9.17 8.85 8.77 8.64 8.36 8.04 7.80 7.70 7.68 7.68 7.72 7.91 8.33 8.79 9.12 9.35 9.27 9.03 8.84 8.81 8.87 8.93 8.94 8.87 8.60 8.18 7.75 7.35 6.95 6.59 6.35 6.24 6.28 6.56 7.24 8.22 9.08 9.52 9.63 9.59 9.61 9.63 9.48 9.06 8.57 8.17 7.87 7.84 8.06 8.39 8.66 8.70 8.48 8.12 8.00 8.09 8.24 8.37 8.48 8.54 8.57 8.65 8.82 9.19 9.65 9.71 9.41 9.00 8.65 8.51 8.75 9.20 9.48 9.49 9.34 9.29 9.45
8.85 9.21 9.81 10.18 10.27 10.15 9.98 9.75 9.43 8.95 8.41 7.97 7.75 7.72 7.76 7.81 7.96 8.31 8.78 9.13 9.30 9.28 9.01 8.73 8.63 8.70 8.78 8.77 8.72 8.64 8.48 8.15 7.78 7.41 7.04 6.71 6.47 6.38 6.57 7.24 8.37 9.39 9.84 9.83 9.59 9.36 9.30 9.32 9.18 8.80 8.28 7.81 7.54 7.68 7.94 8.15 8.14 7.91 7.60 7.46 7.57 7.84 8.10 8.28 8.35 8.36 8.41 8.56 8.77 9.02 9.11 8.84 8.49 8.26 8.12 8.25 8.76 9.29 9.50 9.41 9.30 9.27 9.20
8.94 9.18 9.53 9.62 9.56 9.55 9.76 9.75 9.43 8.91 8.45 8.15 7.98 7.94 7.99 8.14 8.43 8.81 9.12 9.19 9.04 8.75 8.50 8.38 8.44 8.57 8.56 8.39 8.34 8.34 8.24 8.05 7.86 7.60 7.27 6.98 6.80 6.86 7.41 8.49 9.51 9.90 9.72 9.35 9.06 8.97 9.06 9.19 9.07 8.62 8.09 7.70 7.63 7.78 7.93 7.93 7.65 7.17 6.82 6.84 7.18 7.63 7.98 8.16 8.22 8.26 8.35 8.51 8.77 8.98 8.93 8.68 8.47 8.31 8.31 8.75 9.41 9.84 9.91 9.73 9.55 9.39 9.21
9.01 9.18 9.41 9.34 9.05 8.72 8.68 8.74 8.72 8.60 8.41 8.26 8.18 8.15 8.22 8.45 8.79 9.05 9.07 8.83 8.48 8.17 8.06 8.24 8.48 8.61 8.51 8.33 8.32 8.32 8.22 8.08 7.91 7.69 7.48 7.38 7.48 7.87 8.59 9.38 9.70 9.44 8.98 8.67 8.60 8.73 8.98 9.12 8.91 8.43 7.97 7.76 7.70 7.81 7.93 7.88 7.65 7.29 6.94 6.88 7.22 7.64 7.90 8.06 8.19 8.30 8.41 8.53 8.65 8.69 8.72 8.73 8.57 8.33 8.46 9.23 10.09 10.41 10.28 9.97 9.66 9.40 9.28
9.09 9.17 9.17 8.89 8.51 8.04 7.72 7.65 7.82 8.02 8.12 8.17 8.18 8.18 8.27 8.47 8.67 8.64 8.33 7.94 7.63 7.49 7.71 8.27 8.77 8.91 8.84 8.78 8.76 8.60 8.36 8.12 7.88 7.70 7.64 7.74 8.07 8.55 8.99 9.21 9.08 8.74 8.48 8.44 8.56 8.73 8.94 9.00 8.73 8.27 7.92 7.63 7.50 7.68 7.97 8.05 8.02 7.95 7.76 7.73 7.85 7.88 7.91 8.02 8.18 8.32 8.44 8.51 8.50 8.49 8.63 8.76 8.59 8.49 8.99 10.10 10.87 10.80 10.26 9.78 9.47 9.33 9.35
9.08 8.86 8.26 7.52 7.06 6.89 6.95 7.11 7.29 7.49 7.75 7.96 8.06 8.11 8.19 8.24 8.14 7.81 7.43 7.21 7.16 7.33 7.89 8.68 9.14 9.17 9.10 9.09 8.96 8.65 8.38 8.12 7.87 7.76 7.78 7.93 8.19 8.47 8.65 8.71 8.65 8.45 8.40 8.56 8.70 8.76 8.79 8.75 8.53 8.16 7.70 7.32 7.33 7.75 8.17 8.32 8.38 8.47 8.56 8.63 8.51 8.19 7.99 8.06 8.22 8.36 8.48 8.58 8.71 8.94 9.08 8.97 8.91 9.28 10.20 11.07 11.26 10.68 9.93 9.48 9.31 9.35 9.43
8.76 8.23 7.30 6.51 6.05 6.24 6.73 7.14 7.36 7.55 7.77 7.91 7.97 8.03 8.08 8.02 7.81 7.64 7.67 7.81 7.93 8.19 8.69 9.13 9.26 9.10 8.96 8.82 8.46 8.14 8.07 7.98 7.86 7.84 7.91 8.03 8.20 8.42 8.61 8.79 8.71 8.48 8.48 8.65 8.71 8.64 8.56 8.47 8.23 7.76 7.22 7.08 7.44 8.04 8.43 8.55 8.60 8.73 8.91 8.98 8.84 8.56 8.37 8.40 8.47 8.50 8.57 8.77 9.08 9.29 9.21 9.03 9.31 10.15 11.05 11.23 10.73 9.95 9.45 9.27 9.27 9.36 9.35
