project/data/elevation/US_DEM2016/US_DEM2016_point_10-29-2019_1717_30m_ang.asc
ncols	125
nrows	167
xllcorner	-2042055.000000
yllcorner	1465035.000000
cellsize	30.000000
NODATA_value	-9999.000000
[rows 84 to 125 of 167, columns 0 to 93 of 125]
168 171 175 173 166 158 153 150 146 143 141 139 139 140 142 142 143 145 150 149 145 145 145 141 136 134 136 142 149 150 148 146 147 149 155 168 181 179 171 164 160 157 152 147 140 136 136 140 146 150 153 154 156 159 164 170 175 175 171 167 163 157 150 143 140 144 152 153 148 142 135 130 128 131 135 137 140 142 146 148 149 150 155 161 165 170 177 181 180 178 176 174 173 173
166 170 175 172 163 156 151 147 144 141 139 138 139 140 142 144 144 146 149 148 146 146 145 143 140 138 139 144 152 156 156 155 155 155 157 167 176 174 169 165 163 158 153 148 141 136 137 141 148 154 156 158 159 161 164 169 173 173 169 165 161 155 148 141 138 143 150 151 147 142 135 130 128 129 129 128 128 130 134 140 144 147 152 157 161 168 177 182 183 181 176 173 175 179
164 169 173 169 160 154 149 145 142 140 139 139 139 141 143 145 145 146 146 146 146 146 146 144 142 140 140 143 150 155 159 160 161 160 160 165 170 171 170 169 165 158 153 147 140 134 135 139 148 155 159 162 163 164 165 168 172 172 168 163 159 154 146 139 136 140 148 150 147 143 137 133 134 137 138 133 127 123 123 127 132 138 144 149 154 164 175 182 185 183 178 176 179 186
163 167 171 165 157 152 147 143 140 139 139 139 140 141 145 147 147 147 146 147 147 146 144 142 141 139 138 141 146 151 156 161 164 165 164 165 167 172 174 172 164 157 152 145 137 130 130 134 143 152 158 163 166 167 168 169 172 172 168 163 159 153 145 138 135 138 147 152 150 144 139 136 138 144 150 149 144 137 132 131 131 132 134 139 145 156 170 179 183 182 179 179 184 189
162 166 169 163 157 151 146 142 140 140 140 141 141 143 148 151 150 149 149 149 148 146 143 141 139 137 136 138 143 147 152 159 164 166 168 169 170 176 179 173 165 157 151 144 134 127 125 127 135 143 151 159 164 167 168 169 172 173 170 165 160 154 146 138 133 136 146 154 152 145 139 135 138 146 155 158 158 154 151 148 146 144 143 143 146 154 163 170 176 178 179 182 188 190
161 165 167 163 158 151 145 142 140 141 142 142 143 146 151 151 150 149 149 149 147 145 143 140 137 134 133 135 140 146 151 156 161 166 171 173 176 182 183 176 166 158 151 144 133 125 122 123 128 133 139 148 155 158 161 165 170 174 171 165 160 154 146 137 131 133 144 154 153 145 138 133 135 143 153 159 161 160 160 160 160 157 155 154 156 161 163 165 169 173 177 183 188 186
162 164 165 163 157 151 144 141 140 141 143 144 143 145 146 145 143 143 145 145 144 143 141 139 135 132 130 132 136 142 148 153 158 165 171 176 181 186 186 177 166 159 153 145 135 127 125 127 131 134 139 145 150 154 157 162 168 173 171 165 159 155 146 135 129 131 141 152 152 145 136 130 129 136 146 153 156 157 160 164 164 162 161 163 166 169 169 168 168 170 174 182 184 179
162 163 164 161 155 149 143 140 140 141 143 146 146 143 139 136 136 137 138 139 139 138 138 137 134 131 129 129 131 135 140 146 152 160 169 178 186 190 187 175 165 159 154 147 138 132 131 135 140 143 146 150 153 156 160 164 168 172 171 165 160 156 146 133 127 128 137 148 151 145 134 126 124 128 138 145 147 149 154 159 161 161 162 166 170 173 174 173 172 170 173 178 178 172
160 161 162 159 153 147 142 140 141 143 146 150 150 145 140 137 135 135 135 135 135 135 136 137 136 133 131 130 131 135 138 142 147 155 166 178 190 193 186 173 164 158 154 147 140 136 136 139 144 149 152 154 156 158 162 165 169 173 172 167 163 157 146 132 126 127 136 146 151 147 135 124 121 124 132 139 139 140 145 151 153 154 158 163 168 173 176 177 176 173 172 174 173 168
157 159 159 156 150 145 142 140 142 145 150 153 151 147 145 143 141 140 139 138 138 139 140 140 138 135 135 137 140 144 147 149 151 156 166 181 193 193 183 171 163 158 152 147 141 137 136 139 144 149 153 157 159 161 162 165 169 174 176 172 167 159 146 131 126 128 136 147 153 150 137 125 121 122 128 132 131 130 134 140 143 144 149 155 162 168 174 176 176 173 170 171 172 169
155 156 157 153 148 144 141 140 142 146 151 153 150 148 147 147 147 147 146 146 145 146 146 144 140 136 136 139 144 148 151 153 155 160 170 183 191 189 179 169 162 156 151 146 141 136 135 138 144 149 153 158 163 165 165 167 171 176 180 178 170 161 147 133 128 129 136 146 155 153 141 128 123 122 122 121 120 118 120 126 130 132 137 146 154 162 167 170 172 170 169 170 173 172
153 154 156 153 150 146 143 142 142 147 151 153 151 150 149 149 149 150 150 150 150 150 149 146 141 135 134 137 141 145 148 150 153 160 170 181 187 184 175 167 160 154 149 145 140 135 133 136 141 148 154 160 164 167 169 172 174 179 183 179 172 161 148 136 130 130 136 146 154 154 145 133 127 123 119 115 114 113 112 114 119 123 128 136 145 153 160 165 167 167 168 170 173 173
152 154 157 157 155 152 151 150 149 150 152 153 152 150 149 149 149 150 150 151 151 152 150 146 140 135 134 136 139 141 143 145 149 157 168 177 182 179 171 164 159 154 149 144 139 133 130 131 137 146 154 159 164 168 172 176 178 182 184 180 171 159 146 136 131 131 136 145 153 154 148 141 135 132 129 124 121 119 116 116 120 124 127 131 139 148 156 161 164 165 166 170 173 172
151 154 159 161 161 159 158 157 154 153 153 153 151 150 149 148 148 148 149 150 151 151 148 144 140 136 137 141 145 147 149 150 153 158 166 173 178 175 169 163 159 155 150 144 137 131 127 127 131 139 147 154 160 167 172 177 180 185 186 179 168 156 144 136 131 131 136 144 151 153 150 147 144 142 141 137 134 131 128 127 131 134 136 138 143 151 157 160 163 164 165 169 172 172
152 155 160 163 164 162 160 158 156 155 155 153 150 148 147 147 147 148 149 152 152 150 145 142 138 136 139 145 151 153 155 156 158 161 165 171 175 173 168 164 161 157 151 143 137 131 127 127 129 134 137 143 153 161 168 174 180 187 186 178 166 154 142 135 130 130 133 140 146 150 152 153 151 149 149 148 148 144 141 140 143 146 146 145 149 157 160 161 163 163 164 168 171 169
154 156 160 163 164 162 160 158 156 155 154 152 149 147 146 146 146 148 151 154 154 148 144 141 137 135 138 144 150 154 156 159 161 163 166 171 174 172 169 167 164 159 151 144 137 131 128 129 134 138 139 142 149 155 161 170 179 186 185 176 165 153 143 136 132 131 133 138 142 148 153 156 154 151 151 153 154 152 150 151 153 153 152 151 155 161 161 162 164 164 165 167 169 167
157 158 160 162 163 160 158 155 154 153 152 149 147 145 145 146 147 150 153 153 151 146 143 140 135 134 135 140 146 150 154 157 161 164 167 170 174 174 172 170 165 158 151 144 137 131 129 131 138 145 147 150 153 155 159 168 178 184 182 174 165 154 146 140 136 134 135 139 143 148 155 158 154 151 150 152 153 153 154 156 157 156 154 155 160 162 160 161 164 164 165 168 170 166
159 159 160 159 159 157 154 152 150 149 147 145 144 144 145 147 150 152 152 150 148 144 141 137 132 130 132 136 140 145 149 153 158 164 168 171 174 177 176 170 164 158 152 144 136 130 128 131 139 145 150 154 156 157 160 167 175 180 179 173 164 155 148 143 139 138 138 141 145 150 156 158 155 152 149 148 147 150 154 158 158 157 156 157 160 159 158 160 163 165 167 171 172 168
161 161 159 157 157 155 151 148 147 145 143 141 141 142 145 149 152 153 152 150 147 143 140 136 131 128 129 131 135 137 140 144 151 158 165 169 174 177 174 168 163 158 152 143 135 129 127 130 136 142 147 152 156 158 162 166 171 176 176 170 163 155 150 146 142 140 139 140 143 148 154 158 155 152 148 144 141 143 149 155 158 159 159 161 161 160 159 160 163 166 169 173 174 169
163 162 160 159 157 155 151 148 145 143 140 139 139 139 142 147 151 152 152 150 148 145 141 138 133 132 132 132 133 133 134 137 142 149 157 163 169 174 172 167 163 158 151 142 134 128 126 128 132 137 140 145 151 156 162 165 168 172 172 168 160 154 151 147 144 141 139 139 142 145 151 155 155 152 148 141 137 139 143 149 154 159 162 164 164 164 165 164 165 167 170 174 174 167
160 162 163 162 160 157 153 149 145 142 139 137 135 134 134 138 142 146 147 148 146 144 142 138 137 138 140 142 141 141 142 144 146 150 154 159 165 171 172 168 164 158 149 141 135 130 127 128 132 134 136 139 143 148 155 160 163 167 169 165 158 153 151 148 145 142 140 140 142 145 148 153 154 154 149 141 136 136 138 141 147 153 157 161 164 167 169 169 168 168 172 175 172 165
155 159 164 164 162 159 154 149 145 141 137 133 131 131 131 132 135 137 140 142 142 141 140 138 138 142 146 150 151 152 153 154 155 157 158 160 165 170 173 172 166 158 148 142 136 132 130 132 135 137 137 137 136 137 144 151 157 163 165 162 157 153 151 148 145 143 142 142 143 145 148 151 154 154 150 143 136 135 136 138 140 143 146 150 157 164 169 171 169 169 172 174 170 163
151 156 162 164 163 160 155 149 145 142 140 139 140 141 141 142 141 140 139 138 137 138 138 137 139 143 147 150 153 156 158 159 161 161 162 164 167 170 175 175 168 157 148 142 138 134 133 135 139 140 140 138 136 137 141 147 154 159 161 160 157 154 151 148 146 143 143 143 145 147 149 151 154 154 152 144 136 133 135 137 138 138 138 142 149 158 166 169 168 169 172 172 167 161
152 155 160 163 164 162 157 152 149 148 149 150 151 150 149 150 152 152 149 144 141 141 139 138 140 143 144 146 150 155 158 161 163 164 165 167 169 172 177 177 167 156 148 143 138 135 135 138 142 144 146 144 142 142 145 149 152 155 157 159 158 156 152 148 145 143 142 143 145 148 151 153 155 156 155 147 137 133 135 138 142 143 143 145 149 155 162 166 167 168 170 169 164 159
155 156 159 163 164 163 161 158 157 156 155 155 154 152 151 153 156 158 155 151 148 145 142 140 142 144 142 142 145 149 154 159 162 163 165 168 171 175 179 176 164 155 148 142 138 135 137 143 147 151 152 149 146 145 147 150 151 151 154 158 159 157 153 148 143 141 140 140 142 147 151 155 157 159 159 152 140 134 135 139 143 146 147 150 153 156 160 163 164 167 168 167 163 158
156 158 161 163 164 164 162 160 159 157 155 153 152 150 150 152 156 156 154 152 149 146 144 143 144 145 142 142 145 148 150 154 158 160 162 167 172 178 181 174 163 153 146 141 137 136 140 147 152 155 154 151 149 149 151 152 152 152 154 157 159 158 154 148 142 140 139 138 139 143 150 156 159 161 162 154 143 137 136 138 141 144 147 151 154 157 160 161 162 164 166 166 164 160
156 158 162 164 164 163 161 158 156 154 152 151 149 147 147 150 153 152 149 147 145 144 143 144 147 146 142 143 147 151 152 154 157 158 160 164 172 179 181 176 165 154 146 141 137 137 142 149 154 154 153 151 150 152 155 156 156 156 156 157 159 159 156 150 144 140 138 136 137 141 148 156 159 162 162 155 146 139 136 136 139 142 146 150 154 157 160 160 160 162 164 165 164 161
154 158 162 163 163 163 159 155 152 150 149 148 147 145 145 148 150 148 145 142 140 140 142 145 149 147 142 143 147 151 153 156 158 160 162 165 172 179 182 179 167 155 147 141 138 138 143 151 155 153 150 148 149 153 157 159 160 161 160 159 160 161 157 151 145 141 137 136 137 140 147 155 159 162 162 156 148 141 136 135 138 142 147 151 154 158 161 160 159 160 162 164 164 161
153 156 160 161 162 161 156 152 149 148 147 146 146 144 144 146 147 145 143 140 137 137 141 147 151 148 144 144 147 149 150 153 157 160 163 168 174 180 183 178 167 156 147 140 138 139 145 153 155 151 147 144 145 149 155 159 162 164 163 162 162 162 159 153 147 141 137 135 136 140 147 153 158 163 161 155 148 141 135 133 136 141 147 151 154 159 162 161 159 160 162 165 165 162
152 154 156 158 159 157 152 148 147 146 145 144 144 143 143 143 144 143 142 140 137 136 141 149 152 149 147 148 150 150 149 150 152 155 161 168 176 181 182 175 164 154 145 139 137 139 145 154 157 151 145 141 140 144 150 155 161 164 164 164 164 165 162 156 149 142 136 134 136 140 146 151 157 162 162 156 148 140 134 130 132 139 144 148 152 158 161 160 160 161 163 166 167 165
153 153 154 155 156 154 149 146 145 144 142 141 140 139 139 140 142 143 143 141 137 136 141 150 151 149 149 150 152 153 153 153 152 153 157 165 174 179 180 173 162 153 143 137 135 137 144 153 157 152 144 140 139 142 145 149 155 159 162 164 165 167 166 159 151 142 136 134 136 140 146 151 156 161 162 157 149 141 133 128 129 135 140 143 147 152 156 158 160 161 164 167 169 167
151 152 154 154 154 152 148 145 145 144 142 141 140 140 141 142 143 145 145 143 138 136 139 145 147 148 149 150 151 154 156 158 158 157 158 162 169 176 178 171 160 151 142 136 134 136 142 151 156 152 145 142 142 144 147 148 150 152 156 160 164 167 167 162 153 143 136 134 136 140 145 151 157 161 162 157 150 141 133 127 127 132 137 140 143 146 152 156 159 162 165 168 169 168
149 151 154 154 153 152 149 148 149 149 149 149 148 147 146 145 146 147 146 143 139 136 136 140 142 145 148 148 147 150 155 158 161 163 164 164 168 173 175 168 159 150 141 135 134 136 140 148 154 151 145 143 145 148 152 154 154 152 153 157 162 166 166 162 154 144 138 135 136 139 144 151 157 161 162 158 150 142 134 129 129 134 140 143 144 146 152 156 159 162 165 167 169 168
146 149 153 154 154 153 152 151 152 153 153 153 152 150 148 146 146 147 146 144 141 137 137 139 141 144 147 146 143 144 149 154 159 163 166 168 170 174 173 167 158 149 141 136 135 137 140 146 150 148 144 143 145 149 153 157 158 158 158 159 161 165 166 162 153 144 139 136 136 139 144 149 155 160 163 159 151 143 136 131 132 138 145 147 148 150 155 156 158 162 165 167 168 168
144 147 151 153 154 155 154 154 153 153 152 151 150 148 146 145 145 145 145 145 143 138 137 140 143 147 151 147 141 140 143 147 152 158 164 168 172 174 173 166 157 148 141 137 137 137 139 143 146 146 143 143 145 148 152 156 159 160 162 164 164 166 166 162 153 144 140 136 136 140 145 150 154 159 163 159 151 144 137 132 133 139 146 149 150 154 158 157 158 161 164 166 167 167
143 145 149 152 155 156 156 155 154 152 150 148 146 144 143 143 144 144 145 146 143 138 135 137 143 150 155 151 144 141 142 143 146 151 159 166 171 174 173 166 156 147 141 139 139 138 137 140 143 144 142 143 145 147 150 154 157 160 163 167 168 168 168 164 154 146 141 137 137 142 148 153 155 159 162 158 151 144 136 131 132 137 143 146 150 155 160 159 158 160 163 165 166 166
143 144 147 151 154 156 157 157 154 150 148 146 145 143 142 142 144 145 147 146 143 138 134 134 140 149 155 154 147 144 144 145 146 147 153 162 168 172 172 166 156 147 141 140 142 139 136 137 141 142 142 143 145 147 150 153 156 158 162 167 170 171 171 166 158 149 143 139 139 143 150 155 157 160 161 156 150 143 135 130 129 134 139 143 148 153 158 159 158 159 160 162 164 164
144 144 146 150 153 156 157 157 153 149 146 146 145 144 143 145 145 147 149 148 144 140 136 135 138 146 153 154 149 145 145 147 149 149 152 158 163 168 170 164 155 147 142 143 145 139 133 133 136 139 140 141 144 146 149 152 156 158 161 166 170 172 172 168 159 152 145 140 140 144 150 155 158 161 160 155 149 141 134 129 128 131 137 142 147 151 155 158 158 158 158 160 162 162
143 144 146 149 152 154 156 156 152 148 146 146 146 145 145 146 147 148 150 149 146 142 138 137 139 145 152 154 150 146 144 146 149 153 154 156 159 164 167 162 153 146 144 146 147 139 131 129 132 135 136 137 140 144 147 151 154 157 161 166 169 172 172 166 158 151 145 141 141 146 152 156 159 161 160 155 147 140 133 128 126 128 134 141 147 151 155 157 158 157 157 158 160 161
141 142 145 148 151 152 153 153 149 147 146 146 146 145 146 147 147 148 149 148 146 142 138 137 141 147 151 153 152 147 144 144 148 152 155 156 159 163 165 160 151 146 145 147 145 138 130 127 129 132 132 132 135 139 144 148 150 154 160 166 168 171 172 165 156 149 145 141 142 148 154 158 160 161 159 153 145 139 133 126 123 126 131 138 144 148 153 157 157 156 156 157 158 160
141 142 144 147 149 150 151 150 148 145 145 145 145 146 147 146 146 147 147 147 144 140 137 137 142 149 152 153 152 149 145 143 146 150 153 156 159 162 163 158 151 148 148 146 142 137 131 127 127 131 132 132 133 136 142 146 147 150 157 163 166 170 171 165 156 150 146 142 143 148 155 159 162 161 157 150 144 139 134 127 124 125 129 135 139 144 150 154 154 155 155 156 158 160
141 142 145 147 148 149 149 148 147 145 144 144 145 147 148 145 144 144 145 145 143 139 136 137 142 150 153 155 155 151 146 143 144 148 151 153 156 159 161 158 154 153 152 149 145 140 133 128 128 131 134 135 136 138 142 146 148 149 155 161 166 170 170 163 156 152 148 144 144 149 155 160 164 161 155 148 143 140 136 129 125 124 128 134 139 144 147 150 151 153 154 155 158 160
