project/data/elevation/US_DEM2016/US_DEM2016_point_11-01-2019_0109_30m_ang.asc
ncols	125
nrows	167
xllcorner	-2042055.000000
yllcorner	1465035.000000
cellsize	30.000000
NODATA_value	-9999.000000
[rows 86 to 128 of 167, columns 0 to 95 of 125]
344 349 353 347 338 331 327 322 316 313 312 312 312 314 316 317 317 316 321 312 311 312 313 312 310 310 310 313 320 327 332 336 339 342 347 352 351 345 344 345 339 331 325 319 311 305 305 310 320 330 337 343 348 353 358 359 8 346 348 337 332 326 319 312 311 317 326 327 322 317 309 302 302 307 312 309 301 296 294 297 297 305 313 314 316 329 354 11 17 16 13 13 15 9 0 354
341 347 349 343 335 329 323 319 314 312 311 312 313 315 318 321 322 319 318 318 317 315 313 312 311 309 309 310 315 322 328 334 340 344 349 354 348 349 349 348 338 329 322 316 307 301 300 304 314 325 333 341 348 354 360 0 355 348 343 338 332 325 317 311 309 314 325 329 324 318 311 306 307 314 323 325 320 314 309 306 305 306 308 310 313 323 344 4 12 12 12 15 16 8 359 352
339 344 346 340 334 327 321 317 315 313 313 313 314 317 326 356 324 322 323 323 321 317 314 311 309 307 305 306 311 318 324 330 337 344 351 359 360 356 354 348 338 329 323 315 305 298 295 297 304 312 320 329 340 349 357 1 358 350 343 339 333 325 318 311 308 312 325 333 327 319 312 307 308 316 328 334 334 332 330 328 326 325 323 323 325 333 345 354 360 4 9 14 12 5 356 347
338 343 344 340 334 327 320 317 315 315 315 315 315 318 328 324 319 318 320 321 320 317 314 311 307 303 300 301 307 315 322 328 334 341 353 3 7 3 357 348 339 332 326 317 305 296 293 293 297 302 307 316 325 336 347 357 357 350 343 338 333 326 317 309 305 309 323 334 329 319 311 306 306 313 325 334 336 337 338 339 339 338 336 336 341 349 351 351 355 2 7 9 7 0 351 342
337 340 342 339 333 325 319 316 315 315 315 315 310 304 1 303 303 305 309 312 314 314 312 309 303 298 296 298 302 309 316 323 330 337 351 6 12 8 1 349 339 333 328 319 307 299 296 297 301 306 312 320 328 335 344 354 357 350 342 337 332 326 316 307 303 306 320 333 329 319 309 302 301 307 319 326 329 332 337 341 342 341 341 344 351 357 356 354 357 4 7 4 360 353 345 338
336 338 339 336 331 323 318 315 314 314 314 314 306 295 291 289 290 294 298 302 305 306 307 305 302 298 297 297 298 301 307 315 323 331 347 6 16 12 2 348 338 334 330 322 312 305 303 306 312 318 323 328 334 340 347 356 359 351 343 337 332 326 315 304 300 302 315 330 328 319 307 298 295 301 312 319 318 321 329 335 336 336 340 346 354 359 359 359 3 8 7 360 353 346 339 336
335 335 335 333 327 321 316 313 312 312 314 322 318 309 303 300 299 300 300 300 301 302 304 305 305 302 300 300 301 304 309 316 323 331 345 7 19 14 0 346 338 334 330 324 316 310 308 311 317 324 329 332 336 341 349 358 1 354 346 340 334 326 313 301 297 301 313 328 330 321 307 296 292 296 307 312 309 309 316 323 323 324 331 341 350 356 359 3 8 9 6 358 349 342 337 336
333 333 332 329 324 319 314 311 309 311 317 323 320 315 314 313 312 312 311 310 309 310 311 311 308 305 304 306 311 315 320 325 330 337 351 10 17 10 356 344 338 334 330 324 317 312 309 312 317 324 329 334 339 344 350 358 3 359 352 345 337 327 313 302 299 302 313 328 333 325 308 296 292 293 301 304 297 293 296 302 305 308 315 327 338 346 353 1 6 6 4 358 349 342 339 338
331 332 330 325 320 316 310 304 302 311 317 320 321 319 319 320 321 323 322 321 321 322 321 318 312 306 306 309 314 319 323 328 333 342 358 12 11 2 351 343 337 333 328 323 317 311 308 310 316 323 329 335 342 348 353 360 6 5 358 350 342 331 317 306 301 303 313 329 337 329 313 300 293 290 292 292 286 280 279 283 286 287 292 307 321 331 341 350 356 359 1 357 349 344 341 336
329 331 331 326 321 317 312 306 309 320 323 325 325 324 324 324 325 327 328 328 328 328 326 321 313 307 305 307 310 313 315 320 327 341 1 10 4 355 347 340 336 331 326 321 315 309 306 307 313 321 329 336 343 350 357 5 11 9 1 352 343 332 318 309 304 304 312 328 337 332 318 306 296 289 286 288 286 282 279 281 282 281 282 296 315 328 338 344 348 353 357 354 348 344 340 333
328 331 335 333 331 330 332 330 327 328 330 330 328 327 326 325 326 327 328 329 330 330 326 320 313 307 305 307 309 309 311 316 324 339 358 5 359 350 343 338 334 330 325 319 312 306 302 302 307 316 325 332 340 349 360 11 16 12 2 352 341 329 318 310 305 305 312 326 336 332 322 312 302 295 294 296 297 294 291 291 293 293 294 304 318 331 341 345 346 350 352 350 346 344 339 331
327 332 338 340 338 339 340 339 336 334 335 333 330 327 326 325 325 326 327 329 330 328 322 316 311 307 307 312 317 319 321 325 331 342 356 1 355 347 341 337 334 331 324 317 310 303 299 298 301 308 314 321 331 344 359 13 17 12 2 352 340 327 316 309 305 304 310 323 333 332 325 319 312 307 308 308 309 307 305 306 309 311 312 316 324 337 346 348 347 349 351 348 344 343 338 330
327 333 341 343 339 340 341 340 338 337 337 334 330 327 325 325 325 325 327 330 329 324 318 314 310 307 309 316 323 326 329 332 337 346 356 359 354 346 341 339 336 331 323 316 310 304 299 298 300 304 307 310 320 335 353 8 14 9 1 351 339 326 315 308 303 302 307 317 328 330 328 326 321 318 319 321 323 321 318 319 323 326 324 324 330 343 350 348 346 348 349 347 342 339 334 327
330 336 342 341 339 339 339 339 338 337 336 333 329 325 324 324 324 326 329 332 328 321 318 314 310 307 308 314 321 325 328 332 338 347 356 0 354 346 343 342 340 332 324 318 312 306 302 302 306 312 316 318 324 335 348 3 10 6 359 350 338 326 316 310 305 303 306 314 324 330 332 331 326 323 324 327 330 329 327 329 332 333 331 329 336 347 351 348 346 348 349 347 341 336 330 322
333 337 342 340 338 336 335 336 336 335 333 330 327 324 323 323 325 328 330 328 323 318 316 314 309 306 306 310 315 318 322 327 335 346 357 2 357 349 346 345 340 332 326 320 314 307 304 305 311 319 325 330 335 339 348 2 7 2 356 349 339 327 318 313 309 307 309 315 324 332 337 334 328 324 323 325 328 329 330 333 336 335 332 332 339 347 349 347 346 348 350 348 342 336 329 320
333 337 341 339 334 331 330 330 331 330 327 324 323 323 323 324 327 330 328 324 320 316 313 310 305 302 303 306 308 310 312 317 327 341 356 4 1 353 348 344 338 332 327 321 314 307 303 305 311 318 325 332 337 341 350 3 5 358 352 347 339 328 321 316 313 311 312 316 324 333 339 336 329 325 321 320 321 324 328 333 335 335 333 334 339 344 346 347 348 350 352 348 344 338 330 321
334 336 340 339 338 327 325 325 325 323 321 318 318 319 321 325 327 327 326 325 322 317 313 309 303 299 299 300 302 302 303 306 313 329 348 1 1 352 346 341 337 332 326 320 313 306 302 303 308 312 317 324 331 339 352 2 1 353 348 344 337 329 323 319 316 313 312 314 321 331 338 336 330 325 321 315 313 316 322 328 333 335 337 339 341 344 346 349 351 353 352 348 344 339 331 322
333 335 340 341 337 335 327 323 321 318 316 314 313 312 313 318 321 323 324 325 323 320 316 311 306 303 302 303 302 302 302 304 309 320 338 353 356 349 343 340 336 331 325 318 311 304 301 301 304 306 308 312 319 330 347 359 357 348 344 341 335 328 324 320 317 314 312 312 318 327 335 335 330 326 321 313 309 310 315 320 327 333 338 341 344 347 350 353 356 356 352 347 342 337 330 322
329 333 340 343 342 336 329 324 321 316 313 308 301 296 298 305 311 315 318 320 320 319 316 312 310 309 311 313 314 315 316 318 321 327 337 348 352 349 344 341 337 330 322 316 310 304 301 301 303 305 306 306 307 315 332 349 351 345 340 338 332 327 324 321 317 314 313 313 318 326 333 334 330 326 322 314 308 308 310 313 318 323 328 334 340 347 353 357 0 358 352 346 341 335 328 321
323 329 339 343 344 339 331 325 320 314 307 298 291 294 302 306 309 310 312 313 315 315 313 311 311 314 318 322 325 327 328 330 333 336 341 348 354 353 347 344 339 330 321 316 310 305 302 303 306 308 308 306 303 307 320 337 344 342 338 335 331 328 324 320 317 315 315 315 319 325 332 335 332 327 323 316 308 306 308 311 312 311 312 317 327 340 350 358 0 357 351 346 341 335 328 322
320 326 336 342 344 341 336 326 321 317 314 312 311 314 318 320 321 320 317 313 312 313 311 310 312 315 318 322 326 330 332 334 338 341 344 350 357 357 350 346 340 330 322 316 311 306 304 306 309 311 310 308 308 313 321 332 341 341 337 333 331 329 325 320 318 316 316 317 319 325 332 336 335 330 325 317 308 305 307 311 314 312 309 312 321 332 344 353 356 354 348 343 339 334 329 324
323 327 336 341 344 343 338 335 333 331 330 330 330 328 328 329 332 333 329 323 319 317 314 312 314 316 315 317 321 326 330 333 338 342 346 353 0 1 354 347 339 329 322 317 311 306 305 308 311 315 318 317 316 318 324 332 338 339 336 332 331 329 325 320 317 315 316 316 318 324 331 337 339 335 328 319 309 305 307 312 318 321 320 322 327 334 343 348 351 350 345 340 335 330 327 324
327 331 338 342 343 343 342 342 342 339 337 335 334 332 330 332 337 339 336 332 327 323 318 315 316 317 314 313 315 319 322 327 333 338 345 353 2 4 358 348 337 327 321 316 310 306 307 311 317 323 326 324 321 322 326 331 336 338 337 333 331 329 325 319 314 313 313 313 314 320 328 337 343 341 333 323 312 307 307 311 318 322 324 327 332 338 344 347 347 347 342 337 333 329 326 323
328 333 340 343 342 342 342 342 341 339 336 334 332 331 330 332 336 337 335 331 327 323 320 318 319 318 314 313 315 317 318 321 325 331 339 351 2 7 1 349 337 326 319 313 309 308 311 317 322 327 328 326 324 325 329 333 335 339 340 337 332 329 325 318 313 312 311 309 310 315 323 336 345 345 337 326 316 309 306 308 313 318 321 326 332 339 345 346 346 345 341 336 333 330 327 324
327 333 342 344 342 340 339 338 336 335 333 331 329 327 327 329 332 331 328 325 321 319 318 318 321 319 314 313 317 321 322 324 327 331 337 348 2 8 2 351 339 329 321 315 311 311 315 322 326 327 326 325 324 328 333 336 338 342 344 342 335 330 326 319 314 312 309 307 308 312 320 334 345 347 339 328 319 312 307 306 310 316 320 325 331 339 346 347 346 344 340 334 331 330 328 325
324 330 340 342 340 339 337 334 331 330 329 328 326 323 323 325 327 325 321 317 314 313 315 318 322 319 313 313 316 320 323 327 331 335 341 350 3 8 3 353 342 332 324 317 313 313 318 326 328 326 323 321 322 327 333 337 341 345 349 347 340 333 327 321 316 312 309 307 308 312 320 332 343 347 339 329 321 314 307 304 308 315 321 327 332 339 346 348 346 346 342 334 330 328 327 324
323 328 337 339 338 336 333 330 328 327 326 325 323 321 320 322 322 319 317 314 310 310 313 319 323 319 314 315 318 318 319 322 326 333 341 352 5 8 2 352 342 333 325 318 314 314 320 328 330 325 320 316 316 321 328 335 341 347 352 351 345 336 329 323 318 313 309 308 309 312 320 330 342 347 339 329 321 314 306 302 305 312 319 325 330 338 346 347 346 347 345 338 332 329 326 322
324 327 334 336 335 331 328 326 325 325 323 322 320 318 316 316 316 316 316 314 311 310 314 323 324 319 317 318 321 321 319 318 320 326 336 350 5 8 360 349 340 332 323 316 313 314 320 330 332 325 318 313 311 314 319 327 336 345 351 352 348 340 333 326 320 314 310 308 309 313 320 329 341 346 338 329 322 315 305 300 301 308 315 320 325 333 340 343 345 348 346 340 336 334 330 324
324 327 332 334 332 327 323 322 322 321 318 315 313 310 310 312 315 317 319 318 313 311 316 324 323 319 318 318 321 324 324 323 323 326 333 347 2 4 356 346 338 331 322 315 312 313 319 329 332 325 317 312 310 312 314 319 327 337 345 350 349 343 337 330 323 316 310 308 309 314 320 330 341 345 339 331 325 316 306 298 298 303 309 313 319 327 334 339 344 347 346 341 338 337 333 326
323 326 331 333 332 326 320 320 322 321 317 314 312 312 314 316 318 320 321 320 315 311 313 319 319 317 317 316 317 321 325 328 330 332 336 346 356 359 353 345 337 330 321 314 311 312 318 327 330 325 317 314 314 315 317 320 324 329 337 345 347 342 338 332 325 318 311 308 309 313 321 331 342 346 340 332 326 318 307 298 296 302 308 312 318 325 332 338 343 346 344 340 339 337 334 327
321 324 330 333 332 327 321 321 325 328 326 324 324 323 322 322 323 324 323 321 317 312 311 314 314 315 316 314 312 315 321 326 331 337 342 346 353 357 352 343 335 328 320 313 311 313 318 326 328 323 317 315 316 318 322 327 330 332 336 343 345 341 336 331 325 318 312 308 308 312 319 330 341 346 341 334 328 320 309 300 299 306 314 319 323 328 335 340 343 345 342 339 338 337 334 327
318 322 328 332 333 331 326 324 328 330 330 329 328 327 325 324 324 325 324 322 319 313 311 313 315 317 317 313 309 310 315 321 327 335 341 347 354 357 351 341 333 326 318 313 312 314 318 324 326 320 316 315 316 318 323 329 334 337 341 346 347 342 336 330 323 317 312 307 306 310 319 329 341 346 341 335 330 322 312 304 304 311 320 325 327 332 340 344 344 344 341 338 337 336 333 326
317 320 326 330 334 334 330 328 328 329 327 326 326 325 323 322 323 323 322 322 319 313 311 313 318 323 323 315 308 307 311 316 320 327 335 345 355 359 351 340 331 324 317 314 314 314 316 321 323 318 314 313 314 316 319 325 332 337 343 349 351 347 337 330 322 316 310 305 305 311 321 331 342 346 341 335 330 324 315 307 306 312 320 324 328 335 343 346 346 345 340 338 336 335 332 326
317 319 324 329 334 336 333 330 330 328 324 322 321 320 319 319 321 321 321 321 317 311 307 308 315 325 328 320 311 309 312 316 318 320 328 341 355 358 351 340 331 323 317 315 317 315 313 317 321 318 313 312 314 315 316 321 327 334 342 350 355 352 341 332 324 317 311 307 307 313 323 334 343 347 341 334 330 324 314 306 304 308 315 319 325 334 344 347 347 346 341 337 335 334 331 326
317 319 323 329 334 335 333 332 330 326 323 320 319 317 316 318 320 321 322 321 315 309 303 303 310 323 329 323 313 311 313 317 319 320 323 335 351 354 348 338 330 322 318 318 320 316 311 312 318 319 314 313 314 315 316 319 325 331 338 348 356 354 344 335 329 322 316 311 310 314 324 335 345 348 341 333 328 322 312 304 301 304 310 315 321 331 340 345 347 347 343 337 334 333 330 326
318 319 324 329 334 334 333 332 330 325 322 320 319 318 318 320 321 322 324 323 318 312 306 304 308 319 328 324 315 311 312 316 322 324 326 333 344 349 344 336 328 321 319 321 323 315 306 306 312 317 315 312 313 314 314 317 322 329 336 347 355 353 344 337 331 325 319 314 312 315 324 334 345 349 342 334 328 321 311 303 299 301 306 313 320 328 337 342 345 345 343 339 334 331 329 326
316 319 324 329 333 333 331 330 327 324 322 321 320 319 320 321 322 324 325 325 322 316 309 306 308 317 325 324 317 312 311 314 320 326 331 335 341 345 341 334 325 320 320 324 323 312 303 301 306 312 313 310 310 311 311 313 317 325 335 348 354 351 343 336 330 324 319 314 313 317 325 335 346 349 342 334 327 320 311 302 296 296 302 310 319 327 335 341 342 342 341 339 335 331 328 325
314 317 323 328 332 332 329 327 323 321 321 321 320 319 320 320 321 324 324 323 320 314 308 306 309 317 324 324 319 313 310 310 315 323 331 336 342 344 343 332 323 319 320 323 318 308 301 298 301 307 309 307 306 307 308 309 312 320 333 346 352 349 342 335 328 323 318 314 314 318 327 337 347 350 341 332 324 317 308 298 293 293 298 306 314 321 331 338 339 338 339 338 336 332 329 326
314 316 322 328 331 330 328 324 319 317 318 319 319 319 320 318 319 322 322 319 315 309 305 305 310 318 325 327 323 316 311 309 312 320 328 334 341 345 340 330 323 322 325 324 317 310 302 298 300 305 309 310 310 309 309 308 309 316 329 342 348 347 341 334 328 325 321 316 314 319 327 338 350 351 340 329 321 315 307 298 293 292 295 302 310 317 326 332 334 335 337 338 336 333 331 329
314 317 323 328 330 329 327 323 319 315 321 316 319 322 321 317 315 317 319 316 312 308 305 305 310 318 325 329 328 321 314 310 311 316 324 331 338 343 339 331 326 330 333 329 324 317 308 302 302 306 310 313 316 317 315 312 310 316 327 338 345 344 339 332 328 326 322 316 314 319 328 340 354 351 338 328 321 314 308 299 293 291 294 302 311 319 324 328 331 333 336 337 337 334 333 332
312 316 323 328 329 327 325 324 320 316 314 316 321 324 320 314 312 315 318 317 314 310 306 306 311 317 323 328 331 326 317 311 310 313 321 328 334 340 339 334 332 335 335 332 328 323 314 308 306 308 310 313 316 320 321 317 314 318 326 337 344 341 335 329 325 324 320 315 315 321 331 346 357 349 337 328 320 312 306 298 292 292 297 305 314 320 322 325 329 333 335 337 337 335 333 333
309 312 319 323 325 325 324 324 322 317 325 315 320 324 320 316 316 318 321 321 319 314 308 307 310 314 318 325 330 327 320 313 311 313 320 328 334 339 342 338 335 335 335 332 329 324 318 313 311 311 312 314 317 320 323 320 318 319 326 337 343 338 332 326 324 322 318 315 317 324 338 353 357 347 336 330 322 314 307 299 294 295 300 307 316 319 318 322 328 333 335 337 336 334 332 332
309 311 315 319 321 322 324 326 323 332 315 316 321 325 325 324 324 325 325 324 322 317 310 307 308 312 316 322 326 324 320 315 312 314 321 328 334 340 343 340 335 334 334 331 328 324 320 317 315 315 316 317 319 322 325 323 320 319 325 336 342 337 330 327 325 322 319 317 319 328 344 357 355 344 335 330 324 319 313 305 299 298 301 307 315 317 317 322 329 334 336 337 336 334 331 330
