project/data/elevation/US_DEM2016/US_DEM2016_point_10-31-2019_1258_30m_vel.asc
ncols	125
nrows	167
xllcorner	-2042055.000000
yllcorner	1465035.000000
cellsize	30.000000
NODATA_value	-9999.000000
[rows 38 to 75 of 167, columns 0 to 83 of 125]
6.78 6.54 6.03 5.62 5.23 4.99 4.79 4.48 4.07 3.72 3.60 3.63 3.78 4.07 4.36 4.49 4.52 4.64 5.00 5.48 5.74 5.86 5.92 6.05 6.22 6.34 6.46 6.53 6.34 6.01 5.69 5.42 5.29 5.30 5.48 5.91 6.37 6.62 6.86 7.27 7.59 7.51 7.51 7.21 7.22 7.21 6.84 6.12 5.59 5.20 5.05 5.05 5.05 5.04 5.04 5.09 5.20 5.50 5.75 5.96 5.93 5.52 5.17 4.88 4.58 4.36 4.12 4.03 4.08 4.22 4.24 4.22 4.37 4.71 4.92 5.08 5.30 5.77 6.36 7.02 7.53 7.77 7.60 7.06
6.72 6.14 5.26 4.83 4.52 4.38 4.23 4.00 3.79 3.65 3.65 3.76 3.92 4.06 4.17 4.26 4.35 4.47 4.63 4.75 4.70 4.61 4.62 4.82 5.26 5.74 6.11 6.43 6.50 6.33 6.07 5.85 5.72 5.76 6.13 6.70 7.06 7.22 7.37 7.68 7.93 7.77 7.58 7.39 7.20 6.92 6.38 5.75 5.31 4.96 4.92 5.09 5.20 5.09 5.13 5.26 5.46 5.74 5.75 5.64 5.30 4.72 4.20 4.04 3.98 3.95 3.78 3.70 3.80 3.98 4.04 4.08 4.27 4.61 4.81 4.88 4.94 5.25 5.72 5.97 5.97 6.21 6.67 6.78
6.48 5.80 4.81 4.35 4.20 4.13 4.09 4.06 4.08 4.17 4.32 4.49 4.50 4.32 4.13 4.10 4.21 4.31 4.26 4.07 3.97 4.00 4.22 4.57 5.12 5.56 5.91 6.22 6.42 6.46 6.40 6.31 6.36 6.71 7.23 7.74 8.05 8.19 8.00 7.80 7.75 7.28 6.92 6.85 6.69 6.67 6.51 6.33 6.06 5.86 5.63 5.58 5.55 5.28 5.24 5.33 5.50 5.65 5.47 5.09 4.61 3.96 3.27 3.02 3.03 3.15 3.34 3.51 3.67 3.77 3.80 3.95 4.28 4.64 4.79 4.75 4.72 4.88 5.23 5.36 5.18 5.27 5.93 6.73
6.25 5.72 4.94 4.59 4.54 4.56 4.53 4.52 4.61 4.83 5.08 5.19 4.96 4.53 4.23 4.18 4.28 4.33 4.23 4.07 4.09 4.29 4.59 4.86 5.10 5.34 5.49 5.69 6.03 6.32 6.63 6.74 7.05 7.55 8.07 8.47 8.65 8.49 8.15 7.66 7.18 6.67 6.23 5.99 6.10 6.17 6.36 6.47 6.55 6.59 6.51 6.14 5.77 5.36 5.13 5.08 5.08 5.01 4.77 4.48 4.11 3.61 3.04 2.86 3.01 3.23 3.44 3.55 3.58 3.63 3.71 3.85 4.20 4.59 4.68 4.54 4.56 4.85 5.17 5.16 4.95 4.89 5.31 6.29
6.16 5.84 5.34 5.12 5.05 4.99 4.89 4.88 5.07 5.36 5.56 5.49 5.04 4.68 4.55 4.59 4.65 4.69 4.69 4.74 4.89 5.08 5.27 5.42 5.54 5.55 5.50 5.53 5.83 6.17 6.74 7.42 7.91 8.34 8.54 8.44 8.23 7.86 7.36 6.86 6.41 6.02 5.58 5.38 5.40 5.53 5.77 5.91 6.09 6.20 6.22 5.97 5.63 5.19 4.94 4.87 4.76 4.54 4.33 4.32 4.18 3.94 3.72 3.77 3.98 3.98 3.82 3.65 3.69 3.81 3.82 3.78 3.90 4.17 4.16 3.97 4.21 4.78 5.13 5.01 4.83 4.88 5.29 6.10
6.11 5.87 5.52 5.36 5.28 5.22 5.23 5.39 5.65 5.85 5.85 5.56 5.06 4.85 4.83 4.91 5.03 5.12 5.26 5.49 5.76 5.95 6.06 6.11 6.12 5.99 5.89 5.89 6.06 6.27 6.85 7.57 8.13 8.51 8.34 7.86 7.30 6.79 6.30 5.99 5.77 5.48 5.08 4.78 4.80 5.02 5.17 5.06 4.83 4.58 4.60 4.87 5.03 4.97 4.91 5.03 5.06 4.98 4.96 4.96 4.81 4.72 4.79 4.91 4.69 4.30 4.13 4.20 4.29 4.09 3.71 3.44 3.49 3.62 3.53 3.45 3.78 4.47 4.82 4.70 4.73 5.14 5.65 6.02
6.06 5.88 5.66 5.58 5.64 5.83 6.05 6.23 6.33 6.30 6.04 5.58 5.12 4.92 4.92 5.08 5.26 5.43 5.66 5.97 6.26 6.41 6.44 6.35 6.21 6.04 5.98 6.03 6.25 6.55 7.16 7.68 7.92 7.85 7.48 7.15 6.76 6.32 5.70 5.29 5.09 4.91 4.63 4.33 4.29 4.55 4.44 4.14 3.73 3.50 3.63 3.97 4.32 4.58 4.95 5.38 5.61 5.70 5.71 5.55 5.38 5.34 5.27 5.11 4.66 4.50 4.70 4.76 4.39 3.66 3.19 3.13 3.30 3.39 3.38 3.46 3.83 4.32 4.57 4.50 4.62 5.15 5.54 5.67
6.19 6.13 6.08 6.14 6.29 6.50 6.68 6.74 6.68 6.47 6.08 5.59 5.27 5.15 5.26 5.42 5.56 5.74 5.97 6.16 6.26 6.24 6.14 6.01 5.94 5.87 5.85 5.99 6.42 6.94 7.52 7.48 7.28 6.85 6.52 6.51 6.33 6.01 5.38 4.85 4.47 4.26 4.04 3.78 3.80 3.99 3.97 3.96 3.97 4.02 4.00 3.90 3.90 4.25 4.94 5.58 5.77 5.75 5.65 5.59 5.47 5.47 5.29 5.10 5.04 5.15 5.03 4.47 3.65 3.16 3.15 3.43 3.63 3.68 3.72 3.95 4.34 4.61 4.67 4.61 4.63 4.86 5.19 5.39
6.43 6.43 6.47 6.57 6.62 6.63 6.59 6.51 6.38 6.15 5.83 5.49 5.44 5.57 5.82 5.95 6.01 6.08 6.13 6.11 6.00 5.84 5.68 5.61 5.70 5.78 5.87 6.16 6.72 7.25 7.51 7.22 6.62 6.16 5.87 5.72 5.61 5.47 5.14 4.65 4.08 3.73 3.60 3.64 3.80 3.99 4.29 4.48 4.52 4.30 3.92 3.70 3.93 4.55 5.24 5.61 5.64 5.53 5.48 5.54 5.45 5.46 5.41 5.38 5.35 5.13 4.35 3.71 3.49 3.67 4.01 4.24 4.32 4.34 4.45 4.70 4.96 5.05 5.04 5.02 4.96 4.97 5.17 5.47
6.58 6.50 6.45 6.47 6.39 6.22 6.01 5.83 5.65 5.49 5.27 5.14 5.25 5.61 5.94 6.11 6.17 6.12 6.01 5.87 5.73 5.59 5.46 5.42 5.53 5.69 5.90 6.34 6.92 7.25 7.10 6.55 6.12 5.73 5.35 5.08 4.94 4.93 4.89 4.66 4.07 3.74 3.78 4.14 4.35 4.54 4.70 4.50 4.04 3.49 3.30 3.64 4.61 5.62 6.03 5.93 5.81 5.70 5.66 5.66 5.53 5.53 5.45 5.33 5.04 4.51 4.07 4.08 4.49 4.95 5.24 5.34 5.36 5.37 5.42 5.56 5.70 5.70 5.71 5.76 5.52 5.34 5.44 5.65
6.58 6.45 6.17 6.06 5.93 5.69 5.43 5.21 5.03 4.86 4.69 4.64 4.78 5.15 5.50 5.69 5.80 5.81 5.72 5.61 5.50 5.39 5.31 5.26 5.31 5.47 5.70 6.22 6.89 7.09 6.80 6.25 5.89 5.51 5.00 4.57 4.47 4.51 4.55 4.40 4.03 3.78 3.86 4.16 4.35 4.51 4.52 4.00 3.47 3.28 3.67 4.82 6.16 6.88 6.96 6.50 6.16 5.95 5.85 5.88 5.82 5.74 5.59 5.36 5.27 5.34 5.71 6.22 6.64 6.93 7.00 7.00 6.97 6.94 6.91 6.96 6.99 6.89 6.72 6.42 5.90 5.51 5.56 5.66
6.57 6.44 6.00 5.73 5.60 5.45 5.23 5.02 4.85 4.63 4.50 4.52 4.69 5.01 5.25 5.39 5.47 5.52 5.50 5.39 5.25 5.14 5.07 5.05 5.09 5.21 5.43 6.05 6.84 6.96 6.61 6.23 5.94 5.55 5.01 4.48 4.29 4.12 3.94 3.72 3.51 3.34 3.34 3.47 3.76 4.04 4.23 3.99 3.85 4.18 5.31 6.72 7.56 7.71 7.36 6.74 6.30 6.09 6.07 6.26 6.32 6.30 6.13 6.20 6.57 7.15 7.82 8.40 8.76 8.90 8.92 8.89 8.85 8.81 8.71 8.58 8.45 8.26 7.78 7.04 6.26 5.69 5.55 5.51
6.65 6.46 5.97 5.62 5.49 5.42 5.34 5.22 5.07 4.90 4.94 5.07 5.27 5.49 5.61 5.62 5.58 5.50 5.37 5.20 5.04 4.91 4.84 4.84 4.90 5.06 5.38 6.12 6.82 6.74 6.13 6.01 5.86 5.55 5.28 4.93 4.51 3.98 3.49 3.27 3.21 3.23 3.34 3.51 3.79 4.10 4.53 4.81 5.13 5.96 7.23 8.02 8.16 7.65 7.10 6.55 6.23 6.16 6.11 6.21 6.35 6.50 6.55 6.79 7.39 8.01 8.42 8.83 9.03 9.12 9.18 9.25 9.28 9.27 9.15 8.94 8.73 8.53 8.16 7.62 7.01 6.39 5.78 5.45
6.73 6.43 5.89 5.67 5.53 5.44 5.40 5.39 5.32 5.27 5.50 5.81 6.02 6.12 6.11 5.97 5.77 5.52 5.29 5.12 4.99 4.84 4.71 4.66 4.78 5.07 5.49 6.20 6.60 6.17 5.60 5.54 5.47 5.41 5.35 5.25 4.77 4.19 3.81 3.74 3.90 4.18 4.45 4.59 4.77 5.16 5.87 6.64 7.42 8.11 8.51 8.47 7.88 7.04 6.56 6.15 5.90 5.77 5.62 5.53 5.67 5.89 6.34 6.65 7.10 7.34 7.23 7.13 7.05 7.15 7.35 7.61 7.71 7.72 7.61 7.48 7.43 7.33 7.23 7.20 7.11 6.89 6.47 5.82
6.69 6.23 5.61 5.44 5.38 5.31 5.32 5.36 5.38 5.44 5.72 6.10 6.29 6.33 6.20 5.93 5.61 5.34 5.16 5.03 4.90 4.75 4.60 4.57 4.77 5.12 5.54 6.07 6.16 5.56 5.17 5.16 5.10 5.06 5.14 5.04 4.81 4.64 4.60 4.82 5.10 5.37 5.56 5.78 6.15 6.80 7.64 8.33 8.74 8.83 8.62 8.00 7.26 6.52 6.10 5.75 5.46 5.18 5.06 5.00 5.15 5.42 5.73 6.05 6.17 5.80 5.28 4.79 4.67 4.83 5.09 5.35 5.46 5.40 5.37 5.31 5.39 5.41 5.46 5.66 6.03 6.28 6.31 6.06
6.48 5.98 5.28 5.03 4.99 5.05 5.20 5.30 5.37 5.47 5.62 5.82 5.94 5.85 5.63 5.34 5.11 4.95 4.83 4.70 4.57 4.49 4.50 4.67 4.93 5.21 5.53 5.85 5.82 5.43 5.16 5.14 5.07 4.99 4.85 4.70 4.71 4.80 5.01 5.37 5.73 5.92 6.14 6.51 7.17 7.95 8.55 8.80 8.61 8.19 7.70 7.18 6.67 6.21 5.86 5.55 5.28 5.06 5.10 5.18 5.37 5.52 5.53 5.56 5.32 4.82 4.31 4.15 4.24 4.37 4.30 4.09 3.98 3.93 3.88 3.87 4.00 4.11 4.13 4.11 4.22 4.47 4.66 4.88
6.23 5.82 5.22 4.96 4.85 4.81 4.89 5.05 5.13 5.21 5.22 5.20 5.09 4.83 4.54 4.43 4.39 4.32 4.26 4.27 4.35 4.44 4.63 4.90 5.11 5.32 5.56 5.77 5.87 5.83 5.64 5.42 5.22 4.99 4.67 4.41 4.42 4.57 4.79 5.09 5.48 5.80 6.15 6.76 7.66 8.28 8.43 7.91 7.05 6.67 6.54 6.46 6.28 6.08 5.81 5.55 5.35 5.30 5.48 5.59 5.66 5.65 5.40 5.21 4.82 4.67 4.64 4.70 4.70 4.50 4.03 3.43 3.11 2.99 2.91 2.92 3.07 3.15 3.08 2.86 2.71 2.73 2.99 3.57
6.13 5.87 5.52 5.30 5.08 4.78 4.50 4.45 4.54 4.64 4.67 4.54 4.21 3.80 3.58 3.55 3.59 3.62 3.76 4.05 4.42 4.75 5.00 5.13 5.28 5.48 5.68 5.92 6.07 6.15 5.85 5.44 5.11 4.79 4.49 4.19 4.18 4.36 4.49 4.68 4.99 5.44 5.98 6.87 7.77 8.05 7.47 6.55 5.95 5.77 5.78 5.84 5.87 5.89 5.67 5.49 5.37 5.41 5.60 5.57 5.39 5.15 4.91 4.77 4.83 4.98 5.18 5.19 4.76 4.14 3.41 2.96 2.79 2.66 2.46 2.29 2.25 2.16 1.99 1.95 2.10 2.47 3.15 3.92
6.26 6.23 6.10 5.86 5.51 5.07 4.53 4.31 4.29 4.39 4.41 4.19 3.83 3.54 3.38 3.33 3.40 3.57 3.87 4.30 4.77 5.21 5.41 5.51 5.65 5.84 5.95 6.07 6.25 6.27 5.79 5.43 5.24 4.99 4.63 4.40 4.51 4.69 4.74 4.83 5.06 5.47 6.11 7.11 7.69 7.47 6.43 5.60 5.17 5.06 5.13 5.26 5.40 5.44 5.31 5.19 5.12 5.13 5.14 4.86 4.50 4.24 4.26 4.46 5.01 5.38 5.22 4.99 4.28 3.66 3.28 3.24 3.26 2.98 2.45 2.03 1.87 1.76 1.75 2.02 2.62 3.56 4.67 5.27
6.52 6.58 6.50 6.24 5.88 5.49 5.10 4.88 4.73 4.66 4.57 4.38 4.21 4.14 4.14 4.20 4.31 4.53 4.74 5.02 5.40 5.77 5.97 6.13 6.31 6.43 6.31 6.33 6.58 6.70 6.48 6.24 6.10 5.84 5.33 5.13 5.32 5.49 5.57 5.61 5.73 5.91 6.44 7.28 7.41 6.61 5.54 4.80 4.48 4.47 4.61 4.75 4.92 4.94 4.90 4.82 4.70 4.52 4.30 4.06 3.94 4.01 4.32 4.72 5.30 5.41 5.04 4.42 3.89 3.79 4.02 4.18 3.86 3.20 2.53 2.25 2.26 2.35 2.60 3.27 4.37 5.57 6.25 6.21
6.69 6.58 6.31 6.15 6.01 5.87 5.68 5.48 5.20 4.92 4.76 4.75 4.87 5.06 5.31 5.47 5.67 5.88 6.04 6.17 6.37 6.46 6.60 6.82 7.00 6.90 6.71 6.72 7.01 7.11 6.98 6.76 6.56 6.26 5.82 5.59 5.70 5.89 6.07 6.21 6.29 6.35 6.71 7.11 6.74 5.61 4.68 4.16 3.94 3.93 4.11 4.22 4.35 4.53 4.62 4.57 4.44 4.28 4.19 4.32 4.53 4.86 5.23 5.49 5.63 5.38 4.79 4.39 4.39 4.68 4.92 4.71 3.94 3.11 2.78 2.89 3.17 3.54 4.19 5.16 6.27 6.89 6.86 6.24
6.75 6.35 5.85 5.76 5.86 5.97 5.95 5.69 5.29 4.92 4.75 4.87 5.21 5.65 6.04 6.32 6.54 6.76 6.97 7.07 7.04 6.98 7.07 7.26 7.29 7.13 7.00 7.07 7.23 7.06 6.51 6.10 5.83 5.68 5.59 5.59 5.65 5.84 6.06 6.32 6.52 6.57 6.68 6.51 5.77 4.61 3.89 3.55 3.41 3.47 3.55 3.61 3.87 4.28 4.55 4.62 4.61 4.62 4.80 4.99 5.30 5.75 6.16 6.37 6.20 5.87 5.26 5.12 5.41 5.62 5.31 4.59 3.81 3.53 3.74 4.15 4.67 5.32 6.16 6.98 7.39 7.24 6.56 5.79
6.75 6.27 5.58 5.38 5.39 5.46 5.51 5.38 5.07 4.75 4.58 4.65 4.97 5.43 5.85 6.11 6.29 6.44 6.52 6.57 6.65 6.77 6.92 6.94 6.75 6.65 6.78 7.07 7.13 6.81 6.23 5.61 5.22 5.11 5.34 5.63 5.89 6.04 6.15 6.27 6.37 6.25 6.11 5.82 5.08 4.03 3.39 3.18 3.22 3.31 3.33 3.41 3.74 4.27 4.71 4.99 5.17 5.30 5.40 5.46 5.74 6.37 6.94 7.18 6.95 6.63 6.23 6.02 6.17 6.14 5.53 4.89 4.65 5.03 5.63 6.25 6.88 7.47 7.91 7.99 7.62 6.86 6.08 5.51
6.71 6.13 5.29 5.01 4.77 4.66 4.70 4.71 4.58 4.36 4.14 4.07 4.18 4.40 4.65 4.82 4.91 4.84 4.62 4.58 5.06 5.64 5.83 5.60 5.21 5.41 6.10 6.66 6.78 6.61 6.43 6.20 5.93 5.75 5.72 5.90 6.12 6.21 6.14 5.99 5.82 5.62 5.43 5.36 4.95 4.18 3.70 3.72 3.85 3.90 3.91 4.04 4.26 4.58 4.93 5.28 5.60 5.92 6.07 6.28 6.72 7.36 7.66 7.59 7.31 7.05 6.86 6.87 6.94 6.85 6.56 6.43 6.73 7.25 7.73 8.16 8.52 8.70 8.57 8.01 7.24 6.47 5.88 5.39
6.49 5.80 4.90 4.62 4.42 4.27 4.17 4.12 4.05 3.81 3.50 3.24 3.11 3.08 3.13 3.24 3.28 3.09 2.94 3.08 3.58 4.15 4.31 4.04 3.97 4.54 5.64 6.33 6.42 6.11 6.16 6.35 6.43 6.42 6.19 6.01 5.89 5.83 5.62 5.34 5.15 5.23 5.35 5.60 5.56 5.36 5.10 5.11 5.20 5.21 5.21 5.18 5.06 5.00 5.06 5.25 5.57 6.03 6.54 7.13 7.74 7.96 7.74 7.20 6.59 6.51 6.88 7.14 7.36 7.53 7.69 7.97 8.33 8.68 8.53 8.73 8.72 8.50 7.98 7.34 6.74 6.21 5.76 5.27
6.24 5.68 4.86 4.48 4.32 4.20 4.05 3.88 3.73 3.50 3.14 2.76 2.48 2.37 2.36 2.40 2.43 2.55 2.72 2.96 3.21 3.38 3.38 3.36 3.68 4.53 5.73 6.28 6.12 5.51 5.43 5.65 5.95 6.15 6.00 5.59 5.15 4.89 4.80 4.71 4.76 5.21 5.73 6.22 6.37 6.40 6.37 6.27 6.23 6.19 5.95 5.65 5.38 5.23 5.20 5.32 5.61 6.15 6.83 7.45 7.73 7.49 6.86 6.04 5.62 5.78 6.40 6.88 7.09 7.39 7.72 7.98 8.18 8.18 8.03 7.79 7.45 6.98 6.63 6.31 5.96 5.66 5.35 4.98
6.18 5.84 5.23 4.80 4.54 4.37 4.16 3.91 3.75 3.60 3.36 3.09 2.88 2.70 2.56 2.52 2.65 3.04 3.48 3.67 3.62 3.52 3.50 3.62 4.11 5.06 6.04 6.34 5.88 5.13 4.82 4.81 5.07 5.27 5.30 5.08 4.70 4.42 4.41 4.67 5.07 5.71 6.24 6.59 6.63 6.60 6.59 6.61 6.55 6.33 5.81 5.45 5.30 5.32 5.39 5.53 5.85 6.43 6.98 7.19 6.89 6.21 5.56 5.11 5.14 5.56 6.04 6.26 6.31 6.53 6.77 6.84 6.73 6.63 6.51 6.26 5.82 5.35 5.06 4.98 4.83 4.67 4.47 4.30
6.17 5.93 5.52 5.21 4.94 4.65 4.35 4.18 4.13 4.13 4.12 4.08 3.97 3.72 3.42 3.27 3.40 3.74 4.11 4.41 4.38 4.27 4.32 4.58 5.06 5.95 6.45 6.54 6.04 5.20 4.73 4.44 4.36 4.48 4.78 5.05 5.14 5.20 5.31 5.54 5.93 6.37 6.56 6.56 6.35 6.22 6.29 6.39 6.31 6.12 5.73 5.47 5.37 5.42 5.51 5.64 5.94 6.46 6.84 6.61 5.99 5.38 4.96 4.76 4.86 5.23 5.62 5.67 5.59 5.69 5.81 5.73 5.51 5.30 5.12 5.01 4.66 4.15 3.70 3.55 3.55 3.37 3.20 3.11
6.15 5.92 5.56 5.28 5.06 4.79 4.61 4.63 4.79 5.01 5.19 5.22 4.98 4.62 4.26 4.03 4.05 4.25 4.48 4.88 5.10 5.28 5.50 5.73 6.06 6.64 7.06 6.99 6.52 5.77 5.28 4.89 4.61 4.65 4.96 5.43 5.89 6.26 6.41 6.45 6.50 6.57 6.49 6.31 6.04 5.83 5.86 5.83 5.76 5.74 5.69 5.58 5.51 5.51 5.62 5.81 6.16 6.58 6.58 6.00 5.29 4.91 4.63 4.46 4.54 4.99 5.43 5.45 5.18 5.13 5.08 5.00 4.87 4.57 4.16 3.90 3.65 3.23 2.75 2.41 2.26 2.09 1.93 1.95
6.18 5.92 5.53 5.20 4.95 4.76 4.77 4.96 5.31 5.71 6.01 6.02 5.83 5.53 5.19 4.87 4.67 4.70 4.90 5.26 5.59 6.01 6.17 6.38 6.83 7.47 7.67 7.37 6.80 6.30 6.00 5.76 5.56 5.52 5.59 5.82 6.11 6.34 6.43 6.36 6.29 6.28 6.20 5.98 5.70 5.38 5.26 5.11 5.00 5.09 5.27 5.37 5.44 5.52 5.75 6.06 6.37 6.42 5.94 5.16 4.69 4.49 4.32 4.39 4.70 5.21 5.40 5.11 4.67 4.49 4.41 4.34 4.30 4.07 3.61 3.16 2.80 2.46 1.99 1.55 1.33 1.27 1.34 1.58
6.19 5.89 5.39 5.04 4.77 4.62 4.63 4.77 5.07 5.47 5.85 6.09 6.22 6.23 6.11 5.85 5.51 5.32 5.41 5.60 5.79 6.20 6.44 6.76 7.36 7.87 7.84 7.24 6.59 6.31 6.28 6.32 6.31 6.10 5.91 5.85 5.79 5.72 5.70 5.83 5.96 6.03 5.93 5.65 5.35 5.06 4.85 4.61 4.43 4.39 4.52 4.75 5.05 5.33 5.68 5.95 6.01 5.63 4.85 4.38 4.25 4.18 4.26 4.64 5.00 5.15 4.91 4.31 3.79 3.57 3.50 3.34 3.24 3.24 3.02 2.59 2.10 1.70 1.38 1.21 1.18 1.32 1.61 2.12
6.13 5.75 5.12 4.83 4.63 4.49 4.39 4.28 4.22 4.32 4.60 5.18 5.81 6.32 6.62 6.60 6.33 6.03 5.91 5.94 6.02 6.32 6.60 7.26 7.58 7.76 7.37 6.71 6.04 5.79 5.86 6.05 6.15 5.99 5.81 5.66 5.51 5.46 5.62 5.87 5.98 5.93 5.73 5.53 5.40 5.20 4.91 4.47 4.01 3.76 3.83 4.18 4.70 5.08 5.37 5.41 5.07 4.41 3.88 3.78 3.74 3.66 3.95 4.37 4.48 4.35 4.03 3.55 3.07 2.70 2.52 2.45 2.43 2.37 2.22 1.95 1.67 1.49 1.50 1.68 1.92 2.19 2.56 3.16
6.02 5.58 4.93 4.72 4.60 4.49 4.34 4.11 3.79 3.52 3.50 3.90 4.73 5.64 6.36 6.72 6.75 6.59 6.43 6.42 6.46 6.59 6.81 7.26 7.58 7.40 6.83 6.13 5.48 5.08 4.96 5.04 5.27 5.44 5.55 5.57 5.56 5.65 5.87 6.05 6.01 5.82 5.63 5.60 5.59 5.25 4.68 4.00 3.62 3.66 4.00 4.54 4.99 5.15 5.06 4.73 4.11 3.52 3.28 3.25 3.13 3.02 3.14 3.41 3.61 3.70 3.75 3.60 3.28 2.99 2.88 2.78 2.59 2.27 1.95 1.83 1.89 2.05 2.33 2.67 3.04 3.44 3.84 4.51
5.96 5.54 4.95 4.74 4.64 4.57 4.49 4.38 4.15 3.80 3.51 3.58 4.09 4.83 5.61 6.24 6.61 6.90 6.87 6.98 7.10 7.18 7.83 7.81 7.70 7.21 6.55 5.90 5.27 4.87 4.67 4.68 4.77 4.95 5.20 5.42 5.54 5.63 5.78 5.95 5.81 5.55 5.37 5.41 5.38 4.81 4.22 3.99 4.26 4.78 5.27 5.58 5.61 5.35 4.97 4.55 4.16 3.87 3.69 3.52 3.33 3.22 3.26 3.46 3.97 4.47 4.74 4.68 4.48 4.34 4.18 3.85 3.27 2.73 2.40 2.37 2.59 2.95 3.35 3.88 4.52 5.15 5.69 6.52
5.92 5.49 4.97 4.77 4.70 4.70 4.72 4.83 4.93 4.89 4.67 4.49 4.60 4.92 5.33 5.93 6.47 7.03 7.22 7.47 7.78 7.90 8.24 8.02 7.76 7.09 6.54 6.14 5.70 5.52 5.49 5.42 5.20 5.08 5.17 5.33 5.45 5.55 5.64 5.55 5.31 5.07 4.99 5.09 5.15 4.99 5.07 5.54 6.04 6.34 6.41 6.24 5.88 5.45 5.22 5.18 5.15 5.10 4.98 4.83 4.74 4.79 4.98 5.37 5.84 6.05 5.84 5.51 5.23 4.98 4.57 3.99 3.33 2.98 2.95 3.17 3.48 3.95 4.65 5.69 6.80 7.65 8.25 8.90
5.84 5.45 4.97 4.80 4.81 4.86 4.97 5.22 5.59 5.90 6.02 6.02 5.98 5.87 5.87 6.20 6.72 7.43 7.82 8.12 8.42 8.50 8.31 8.00 7.45 6.95 6.68 6.53 6.34 6.22 6.18 6.14 5.92 5.76 5.65 5.57 5.56 5.55 5.42 5.15 4.98 5.05 5.11 5.29 5.54 5.79 6.11 6.50 6.68 6.58 6.38 6.10 5.82 5.58 5.52 5.61 5.68 5.77 5.87 5.98 6.10 6.33 6.60 6.79 6.70 6.30 5.66 5.25 4.93 4.46 3.89 3.41 3.14 3.19 3.52 4.00 4.51 5.26 6.45 7.92 9.10 9.82 10.05 10.03
5.80 5.47 5.04 4.91 4.96 5.00 5.07 5.39 6.00 6.64 7.09 7.32 7.32 7.13 6.92 6.96 7.36 8.06 8.43 8.30 8.71 8.28 7.75 7.50 6.90 6.64 6.63 6.65 6.55 6.40 6.28 6.18 6.01 5.87 5.70 5.58 5.55 5.45 5.29 5.23 5.34 5.43 5.47 5.63 5.86 5.92 5.89 5.83 5.59 5.35 5.22 5.26 5.39 5.49 5.46 5.45 5.54 5.70 5.91 6.15 6.43 6.76 6.84 6.58 5.87 4.97 4.39 4.33 4.20 3.77 3.39 3.28 3.40 3.72 4.29 4.93 5.64 6.67 8.07 9.22 9.83 9.99 9.76 9.28
5.79 5.51 5.15 5.09 5.15 5.18 5.31 5.79 6.62 7.22 7.49 7.55 7.56 7.57 7.60 7.81 8.20 8.65 8.68 8.50 8.25 7.95 7.48 6.90 6.44 6.23 6.19 6.30 6.35 6.29 6.13 5.92 5.52 5.22 5.11 5.19 5.31 5.32 5.26 5.22 5.20 5.25 5.38 5.58 5.66 5.43 5.10 4.74 4.55 4.44 4.44 4.61 4.87 5.05 5.13 5.23 5.37 5.47 5.57 5.75 6.08 6.30 6.04 5.20 4.18 3.54 3.44 3.69 3.86 3.78 3.69 3.78 4.12 4.69 5.43 6.19 7.02 8.07 8.97 9.33 8.78 7.75 7.00 6.65
