project/data/elevation/US_DEM2016/US_DEM2016_point_10-29-2019_1414_30m_vel.asc
ncols	125
nrows	167
xllcorner	-2042055.000000
yllcorner	1465035.000000
cellsize	30.000000
NODATA_value	-9999.000000
[rows 38 to 75 of 167, columns 0 to 83 of 125]
2.96 2.90 2.78 2.68 2.52 2.42 2.34 2.21 2.04 1.89 1.83 1.84 1.93 2.12 2.33 2.42 2.42 2.43 2.55 2.73 2.80 2.81 2.83 2.91 3.04 3.16 3.30 3.44 3.46 3.34 3.08 2.78 2.62 2.59 2.67 2.88 3.11 3.25 3.36 3.49 3.58 3.65 3.63 3.81 3.76 3.59 3.33 2.97 2.72 2.53 2.46 2.47 2.44 2.48 2.60 2.66 2.68 2.78 2.81 2.77 2.72 2.64 2.65 2.59 2.45 2.26 2.05 1.97 2.00 2.04 2.09 2.19 2.32 2.48 2.60 2.72 2.86 3.10 3.41 3.80 4.12 4.27 4.30 4.20
2.88 2.70 2.48 2.37 2.23 2.15 2.09 2.02 1.96 1.91 1.90 1.93 2.00 2.11 2.23 2.32 2.36 2.37 2.37 2.35 2.28 2.22 2.22 2.35 2.60 2.87 3.09 3.30 3.44 3.48 3.37 3.12 2.91 2.83 2.95 3.26 3.49 3.64 3.70 3.66 3.63 3.63 3.66 3.70 3.71 3.57 3.25 2.90 2.64 2.42 2.37 2.46 2.50 2.50 2.61 2.70 2.77 2.84 2.76 2.58 2.36 2.18 2.07 2.10 2.11 2.04 1.88 1.80 1.84 1.89 1.96 2.07 2.24 2.38 2.47 2.57 2.66 2.83 3.04 3.23 3.32 3.49 3.84 4.11
2.76 2.57 2.33 2.20 2.15 2.11 2.10 2.11 2.15 2.20 2.25 2.31 2.31 2.27 2.24 2.26 2.31 2.32 2.22 2.07 2.00 2.01 2.10 2.27 2.55 2.77 2.93 3.09 3.25 3.41 3.50 3.45 3.34 3.38 3.58 3.81 3.95 3.97 3.88 3.65 3.55 3.37 3.23 3.25 3.34 3.45 3.39 3.26 3.07 2.90 2.75 2.69 2.65 2.57 2.61 2.68 2.73 2.75 2.61 2.36 2.10 1.80 1.48 1.38 1.41 1.49 1.60 1.70 1.77 1.79 1.83 1.98 2.20 2.33 2.40 2.45 2.51 2.62 2.78 2.90 2.90 2.98 3.41 3.98
2.74 2.62 2.47 2.39 2.37 2.37 2.36 2.38 2.44 2.53 2.61 2.63 2.55 2.41 2.31 2.30 2.34 2.33 2.24 2.14 2.14 2.23 2.34 2.46 2.56 2.65 2.70 2.79 3.00 3.22 3.51 3.66 3.82 3.98 4.08 4.10 4.04 3.90 3.67 3.46 3.33 3.16 2.97 2.87 2.99 3.15 3.29 3.30 3.32 3.33 3.26 3.03 2.81 2.62 2.55 2.54 2.51 2.45 2.33 2.18 1.98 1.66 1.28 1.15 1.21 1.37 1.56 1.69 1.72 1.73 1.76 1.90 2.11 2.25 2.30 2.30 2.37 2.52 2.65 2.73 2.74 2.74 2.97 3.54
2.78 2.74 2.69 2.65 2.61 2.58 2.55 2.57 2.67 2.77 2.81 2.76 2.61 2.50 2.47 2.48 2.50 2.50 2.49 2.50 2.57 2.65 2.73 2.80 2.83 2.80 2.77 2.79 2.93 3.12 3.45 3.54 3.91 4.19 4.12 3.91 3.66 3.40 3.14 3.02 3.00 2.92 2.73 2.61 2.63 2.77 2.93 2.94 3.02 3.11 3.16 3.03 2.83 2.62 2.52 2.50 2.44 2.33 2.25 2.24 2.14 1.92 1.67 1.61 1.70 1.75 1.73 1.70 1.74 1.78 1.79 1.81 1.89 1.98 1.97 1.94 2.11 2.37 2.48 2.51 2.58 2.66 2.85 3.24
2.78 2.76 2.75 2.74 2.72 2.71 2.74 2.82 2.92 2.98 2.94 2.83 2.64 2.57 2.57 2.60 2.66 2.70 2.77 2.86 2.98 3.06 3.10 3.11 3.09 3.02 2.98 2.98 3.07 3.16 3.42 3.62 3.84 3.86 3.75 3.57 3.32 3.07 2.82 2.70 2.73 2.71 2.58 2.40 2.37 2.50 2.61 2.53 2.37 2.27 2.32 2.49 2.57 2.55 2.55 2.62 2.64 2.62 2.61 2.61 2.56 2.50 2.42 2.39 2.26 2.06 1.96 1.97 1.99 1.89 1.72 1.60 1.60 1.61 1.53 1.54 1.76 2.08 2.19 2.21 2.37 2.63 2.85 3.00
2.79 2.80 2.82 2.86 2.93 3.03 3.13 3.20 3.21 3.15 3.04 2.88 2.71 2.61 2.61 2.67 2.76 2.85 2.95 3.05 3.14 3.18 3.17 3.12 3.05 2.98 2.97 3.01 3.12 3.25 3.52 3.54 3.48 3.35 3.32 3.29 3.21 3.03 2.72 2.50 2.44 2.47 2.42 2.25 2.16 2.25 2.24 2.12 1.90 1.78 1.83 2.00 2.20 2.35 2.52 2.72 2.83 2.88 2.90 2.87 2.87 2.94 2.90 2.70 2.40 2.29 2.32 2.27 2.04 1.67 1.42 1.34 1.35 1.35 1.34 1.39 1.59 1.82 1.90 1.92 2.10 2.42 2.59 2.66
2.88 2.93 3.03 3.12 3.20 3.28 3.34 3.36 3.32 3.22 3.09 2.94 2.81 2.75 2.80 2.88 2.94 3.01 3.07 3.10 3.07 3.00 2.93 2.89 2.90 2.90 2.90 2.97 3.17 3.38 3.55 3.60 3.10 3.02 3.00 3.02 3.00 2.95 2.70 2.42 2.22 2.20 2.18 2.05 2.01 2.05 2.04 2.04 2.04 2.05 2.01 1.95 1.96 2.12 2.42 2.71 2.80 2.81 2.80 2.84 2.88 3.01 2.99 2.79 2.64 2.63 2.49 2.14 1.68 1.37 1.26 1.26 1.26 1.26 1.32 1.44 1.60 1.76 1.82 1.79 1.90 2.11 2.29 2.38
2.94 3.00 3.12 3.20 3.22 3.21 3.20 3.17 3.14 3.09 3.02 2.93 2.92 2.96 3.06 3.13 3.14 3.14 3.10 3.03 2.92 2.79 2.71 2.72 2.80 2.86 2.92 3.05 3.28 3.42 3.40 3.09 2.83 2.77 2.72 2.65 2.63 2.69 2.64 2.41 2.12 2.00 2.01 2.04 2.11 2.16 2.23 2.26 2.27 2.16 1.97 1.83 1.88 2.14 2.47 2.66 2.70 2.69 2.71 2.81 2.84 2.94 2.97 2.90 2.75 2.54 2.07 1.72 1.54 1.47 1.47 1.46 1.42 1.41 1.48 1.58 1.67 1.77 1.85 1.89 1.94 2.05 2.22 2.35
2.91 2.94 3.00 3.04 3.03 2.99 2.93 2.86 2.82 2.82 2.81 2.79 2.83 2.94 3.05 3.11 3.12 3.08 2.98 2.88 2.80 2.71 2.66 2.66 2.72 2.80 2.89 3.08 3.30 3.30 3.11 2.84 2.72 2.63 2.53 2.40 2.34 2.40 2.50 2.46 2.19 2.04 2.08 2.24 2.33 2.38 2.40 2.27 2.05 1.78 1.66 1.70 2.02 2.49 2.76 2.79 2.78 2.78 2.82 2.88 2.88 2.94 2.92 2.80 2.53 2.14 1.85 1.78 1.87 1.98 2.04 2.04 2.02 1.98 1.95 1.96 2.00 2.02 2.10 2.19 2.14 2.12 2.24 2.38
2.90 2.91 2.85 2.83 2.83 2.81 2.74 2.65 2.60 2.58 2.57 2.57 2.60 2.69 2.77 2.83 2.89 2.89 2.84 2.78 2.71 2.65 2.61 2.59 2.60 2.65 2.74 2.96 3.19 3.13 2.95 2.81 2.71 2.60 2.42 2.21 2.14 2.18 2.31 2.36 2.22 2.07 2.06 2.15 2.20 2.24 2.27 2.06 1.82 1.71 1.79 2.14 2.66 3.04 3.18 3.05 2.96 2.91 2.93 3.00 3.02 3.06 3.05 2.89 2.72 2.64 2.74 2.93 3.11 3.25 3.29 3.29 3.27 3.23 3.13 3.03 2.93 2.79 2.68 2.55 2.33 2.18 2.21 2.28
2.93 2.93 2.81 2.72 2.73 2.75 2.71 2.63 2.56 2.50 2.51 2.54 2.58 2.65 2.70 2.74 2.78 2.80 2.78 2.73 2.65 2.57 2.52 2.50 2.50 2.52 2.59 2.83 3.06 2.96 2.86 2.83 2.74 2.64 2.49 2.22 2.11 2.04 2.05 2.09 2.03 1.89 1.81 1.79 1.86 1.99 2.14 2.08 1.98 2.07 2.48 3.05 3.44 3.57 3.47 3.21 3.05 3.00 3.02 3.14 3.21 3.29 3.34 3.44 3.52 3.72 4.00 4.25 4.45 4.55 4.60 4.63 4.62 4.59 4.51 4.35 4.13 3.87 3.50 3.02 2.56 2.27 2.21 2.21
2.95 2.94 2.83 2.73 2.71 2.74 2.77 2.75 2.69 2.65 2.72 2.82 2.91 2.97 2.98 2.95 2.89 2.83 2.76 2.70 2.62 2.53 2.46 2.42 2.42 2.47 2.58 2.83 2.92 2.76 2.63 2.68 2.63 2.62 2.65 2.51 2.31 2.10 1.96 1.97 1.95 1.89 1.86 1.87 1.93 2.08 2.34 2.49 2.62 2.94 3.45 3.79 3.89 3.71 3.47 3.21 3.08 3.05 3.01 3.04 3.11 3.24 3.39 3.59 3.89 4.12 4.32 4.46 4.57 4.65 4.74 4.83 4.87 4.87 4.82 4.71 4.56 4.38 4.07 3.67 3.22 2.76 2.40 2.28
2.94 2.89 2.78 2.75 2.73 2.71 2.75 2.80 2.81 2.82 2.95 3.12 3.22 3.25 3.20 3.09 2.95 2.82 2.74 2.68 2.62 2.55 2.45 2.37 2.37 2.45 2.62 2.81 2.76 2.50 2.40 2.42 2.41 2.50 2.64 2.71 2.53 2.31 2.20 2.22 2.29 2.38 2.46 2.47 2.51 2.69 3.10 3.49 3.86 4.09 4.15 4.09 3.87 3.52 3.30 3.10 2.99 2.89 2.78 2.69 2.74 2.84 3.06 3.26 3.49 3.58 3.55 3.54 3.51 3.56 3.68 3.87 3.97 4.02 4.00 3.96 3.97 3.92 3.81 3.72 3.59 3.36 3.03 2.66
2.90 2.77 2.61 2.61 2.62 2.63 2.68 2.76 2.82 2.87 3.00 3.16 3.21 3.20 3.11 2.97 2.81 2.70 2.65 2.61 2.56 2.50 2.43 2.35 2.34 2.42 2.58 2.69 2.57 2.30 2.22 2.23 2.24 2.29 2.48 2.60 2.61 2.55 2.56 2.69 2.83 2.93 3.00 3.08 3.25 3.57 3.90 4.16 4.35 4.37 4.24 3.97 3.67 3.34 3.13 2.95 2.80 2.65 2.56 2.49 2.53 2.61 2.69 2.80 2.88 2.76 2.58 2.38 2.31 2.34 2.45 2.62 2.74 2.77 2.81 2.81 2.91 2.98 2.99 3.04 3.18 3.28 3.24 3.06
2.82 2.66 2.48 2.42 2.45 2.52 2.61 2.70 2.80 2.86 2.91 2.96 2.95 2.88 2.81 2.70 2.58 2.51 2.47 2.45 2.41 2.37 2.38 2.40 2.41 2.44 2.54 2.60 2.48 2.28 2.23 2.24 2.24 2.23 2.27 2.40 2.56 2.62 2.70 2.85 3.02 3.11 3.20 3.37 3.67 3.93 4.03 4.02 3.95 3.89 3.79 3.65 3.46 3.24 3.05 2.87 2.72 2.60 2.60 2.62 2.68 2.69 2.64 2.61 2.51 2.33 2.18 2.06 2.06 2.04 1.96 1.86 1.84 1.88 1.94 2.00 2.14 2.30 2.35 2.30 2.33 2.43 2.51 2.57
2.77 2.65 2.49 2.42 2.41 2.41 2.45 2.55 2.66 2.72 2.70 2.64 2.54 2.45 2.39 2.36 2.31 2.25 2.23 2.27 2.34 2.39 2.44 2.51 2.52 2.53 2.58 2.64 2.61 2.55 2.49 2.41 2.34 2.25 2.16 2.23 2.39 2.48 2.54 2.64 2.81 2.95 3.11 3.39 3.71 3.79 3.66 3.43 3.20 3.15 3.22 3.32 3.31 3.20 3.03 2.88 2.77 2.72 2.79 2.80 2.78 2.73 2.60 2.50 2.42 2.35 2.34 2.33 2.28 2.12 1.86 1.54 1.36 1.33 1.40 1.50 1.64 1.76 1.80 1.68 1.55 1.53 1.63 1.86
2.80 2.74 2.67 2.61 2.54 2.42 2.28 2.27 2.36 2.44 2.43 2.33 2.17 2.06 2.03 2.04 2.03 2.02 2.06 2.20 2.39 2.55 2.64 2.65 2.65 2.65 2.69 2.74 2.77 2.75 2.64 2.48 2.33 2.21 2.12 2.13 2.24 2.35 2.39 2.44 2.54 2.74 2.99 3.38 3.59 3.49 3.29 2.96 2.83 2.79 2.85 3.01 3.10 3.11 2.97 2.87 2.80 2.78 2.81 2.72 2.59 2.47 2.38 2.35 2.47 2.56 2.58 2.53 2.26 1.92 1.57 1.31 1.16 1.12 1.13 1.16 1.17 1.17 1.16 1.16 1.16 1.28 1.59 1.97
2.90 2.94 2.96 2.90 2.78 2.60 2.34 2.22 2.23 2.31 2.33 2.22 2.09 2.03 2.01 2.01 2.03 2.08 2.17 2.33 2.54 2.74 2.84 2.88 2.89 2.91 2.94 2.96 2.89 2.83 2.67 2.55 2.46 2.36 2.26 2.27 2.40 2.52 2.55 2.56 2.62 2.78 3.05 3.40 3.41 3.16 2.84 2.64 2.51 2.48 2.53 2.69 2.86 2.89 2.80 2.74 2.67 2.62 2.56 2.38 2.21 2.11 2.15 2.28 2.56 2.67 2.60 2.40 2.04 1.70 1.48 1.40 1.37 1.27 1.12 1.00 0.91 0.84 0.88 1.02 1.28 1.72 2.28 2.62
2.98 3.06 3.13 3.09 3.00 2.86 2.67 2.53 2.46 2.45 2.43 2.38 2.34 2.36 2.41 2.45 2.50 2.58 2.62 2.69 2.82 2.99 3.11 3.21 3.29 3.32 3.30 3.21 3.12 3.08 3.04 2.99 2.93 2.83 2.66 2.64 2.79 2.90 2.95 2.97 3.00 3.03 3.20 3.33 3.21 2.80 2.52 2.28 2.17 2.18 2.24 2.41 2.62 2.65 2.62 2.57 2.48 2.37 2.23 2.11 2.08 2.13 2.28 2.45 2.64 2.61 2.38 2.11 1.85 1.78 1.82 1.85 1.69 1.40 1.11 0.97 0.93 0.97 1.12 1.47 2.03 2.66 3.04 3.09
2.99 3.00 3.00 3.03 3.06 3.06 2.96 2.83 2.69 2.58 2.53 2.56 2.65 2.77 2.92 3.03 3.14 3.23 3.27 3.27 3.31 3.36 3.42 3.50 3.58 3.58 3.51 3.42 3.34 3.29 3.29 3.23 3.17 3.08 2.92 2.84 2.91 3.02 3.12 3.20 3.23 3.23 3.26 3.16 2.83 2.48 2.18 1.97 1.89 1.90 1.98 2.13 2.33 2.45 2.49 2.47 2.42 2.32 2.27 2.33 2.42 2.57 2.76 2.87 2.87 2.64 2.36 2.15 2.09 2.18 2.28 2.18 1.82 1.39 1.15 1.10 1.21 1.44 1.84 2.39 2.97 3.31 3.36 3.13
2.97 2.87 2.78 2.81 2.91 3.01 3.04 2.93 2.75 2.58 2.51 2.57 2.74 2.95 3.14 3.28 3.40 3.50 3.57 3.59 3.58 3.56 3.57 3.58 3.55 3.48 3.46 3.43 3.36 3.26 3.08 2.91 2.82 2.82 2.81 2.82 2.85 2.94 3.04 3.16 3.25 3.22 3.12 2.87 2.46 2.09 1.83 1.69 1.63 1.66 1.70 1.82 2.07 2.32 2.46 2.51 2.54 2.55 2.61 2.66 2.75 2.95 3.17 3.31 3.24 3.14 2.81 2.63 2.67 2.70 2.51 2.18 1.85 1.67 1.65 1.75 2.03 2.47 2.99 3.42 3.60 3.52 3.26 2.94
2.95 2.83 2.67 2.62 2.64 2.70 2.78 2.78 2.67 2.52 2.42 2.43 2.55 2.74 2.90 2.99 3.05 3.07 3.10 3.16 3.23 3.28 3.30 3.27 3.18 3.15 3.19 3.20 3.17 3.17 3.03 2.76 2.58 2.54 2.66 2.83 2.96 3.01 3.04 3.06 3.08 2.97 2.78 2.52 2.16 1.79 1.52 1.44 1.49 1.56 1.60 1.71 1.97 2.29 2.53 2.69 2.79 2.87 2.91 2.89 2.96 3.24 3.49 3.55 3.46 3.51 3.52 3.32 3.20 3.07 2.72 2.43 2.35 2.56 2.87 3.20 3.55 3.88 4.09 4.05 3.81 3.45 3.12 2.86
2.90 2.74 2.54 2.48 2.40 2.36 2.40 2.48 2.47 2.36 2.22 2.13 2.12 2.18 2.25 2.29 2.29 2.22 2.11 2.12 2.37 2.62 2.65 2.54 2.44 2.59 2.83 2.88 2.89 3.04 3.14 3.11 2.99 2.87 2.83 2.92 3.03 3.05 2.98 2.88 2.79 2.69 2.54 2.40 2.15 1.82 1.59 1.61 1.72 1.83 1.91 2.03 2.21 2.43 2.62 2.79 2.95 3.10 3.19 3.29 3.47 3.70 3.70 3.54 3.40 3.53 3.73 3.80 3.72 3.61 3.50 3.48 3.68 3.97 4.24 4.49 4.66 4.69 4.52 4.14 3.74 3.40 3.13 2.88
2.78 2.59 2.37 2.33 2.29 2.23 2.18 2.21 2.24 2.15 1.97 1.78 1.63 1.55 1.52 1.54 1.56 1.50 1.44 1.48 1.66 1.87 1.89 1.79 1.83 2.13 2.56 2.63 2.63 2.70 2.91 3.11 3.21 3.22 3.09 2.97 2.88 2.83 2.72 2.59 2.53 2.59 2.63 2.67 2.60 2.52 2.40 2.37 2.40 2.47 2.54 2.58 2.59 2.62 2.66 2.74 2.87 3.09 3.34 3.63 3.83 3.80 3.57 3.26 3.06 3.16 3.47 3.71 3.91 4.07 4.23 4.40 4.57 4.54 4.82 4.72 4.67 4.49 4.19 3.86 3.58 3.35 3.14 2.89
2.71 2.56 2.37 2.29 2.26 2.22 2.16 2.12 2.12 2.04 1.85 1.63 1.41 1.26 1.17 1.14 1.17 1.31 1.43 1.48 1.47 1.44 1.35 1.37 1.59 2.03 2.48 2.51 2.43 2.38 2.47 2.67 2.91 3.08 3.03 2.82 2.58 2.43 2.40 2.37 2.43 2.63 2.85 2.99 3.08 3.22 3.26 3.17 3.08 3.03 2.92 2.81 2.73 2.70 2.70 2.75 2.87 3.11 3.40 3.60 3.60 3.41 3.12 2.83 2.76 2.86 3.07 3.34 3.65 3.95 4.13 4.23 4.25 4.22 4.16 4.05 3.86 3.64 3.49 3.38 3.25 3.12 2.97 2.78
2.76 2.70 2.58 2.46 2.38 2.32 2.26 2.19 2.15 2.10 1.99 1.83 1.66 1.48 1.33 1.23 1.26 1.49 1.77 1.87 1.75 1.52 1.36 1.38 1.66 2.20 2.54 2.51 2.39 2.26 2.22 2.27 2.44 2.61 2.69 2.63 2.46 2.33 2.33 2.45 2.61 2.88 3.04 3.06 3.13 3.31 3.40 3.41 3.36 3.21 2.94 2.76 2.71 2.73 2.77 2.84 2.98 3.22 3.37 3.32 3.08 2.79 2.60 2.53 2.61 2.75 2.82 2.94 3.17 3.39 3.50 3.49 3.38 3.31 3.27 3.19 2.99 2.77 2.68 2.73 2.71 2.64 2.53 2.43
2.81 2.79 2.75 2.66 2.56 2.46 2.37 2.33 2.33 2.35 2.35 2.32 2.23 2.04 1.80 1.62 1.57 1.68 1.92 2.16 2.17 2.01 1.86 1.86 2.08 2.35 2.71 2.69 2.59 2.39 2.24 2.13 2.11 2.22 2.43 2.62 2.70 2.76 2.82 2.90 3.02 3.14 3.10 2.97 2.94 3.04 3.14 3.23 3.25 3.18 2.98 2.83 2.77 2.79 2.83 2.89 3.01 3.19 3.22 3.00 2.71 2.48 2.37 2.40 2.48 2.57 2.57 2.59 2.76 2.90 2.98 2.95 2.81 2.63 2.50 2.49 2.37 2.15 1.96 1.95 2.01 1.93 1.84 1.77
2.81 2.80 2.78 2.69 2.61 2.53 2.49 2.52 2.62 2.75 2.85 2.88 2.77 2.55 2.28 2.03 1.87 1.85 1.96 2.26 2.49 2.63 2.69 2.67 2.71 2.94 3.04 2.99 2.93 2.75 2.57 2.39 2.26 2.31 2.52 2.78 3.01 3.19 3.25 3.24 3.21 3.18 3.01 2.84 2.81 2.84 2.88 2.92 2.97 3.00 2.98 2.91 2.84 2.83 2.89 2.96 3.07 3.15 3.02 2.73 2.48 2.35 2.30 2.28 2.32 2.44 2.47 2.45 2.50 2.58 2.60 2.57 2.48 2.27 2.01 1.91 1.87 1.71 1.45 1.27 1.25 1.24 1.17 1.13
2.83 2.81 2.78 2.67 2.57 2.53 2.56 2.66 2.83 3.01 3.17 3.20 3.15 3.03 2.84 2.55 2.27 2.11 2.13 2.36 2.66 2.99 3.17 3.24 3.31 3.44 3.37 3.19 3.09 3.04 2.98 2.88 2.76 2.74 2.80 2.92 3.04 3.12 3.15 3.10 3.04 3.01 2.87 2.72 2.68 2.62 2.61 2.59 2.58 2.63 2.73 2.78 2.80 2.83 2.93 3.04 3.09 2.99 2.69 2.40 2.27 2.24 2.24 2.29 2.38 2.48 2.42 2.30 2.25 2.25 2.23 2.18 2.17 2.07 1.81 1.56 1.42 1.32 1.07 0.80 0.68 0.72 0.79 0.81
2.83 2.80 2.73 2.62 2.52 2.48 2.49 2.54 2.65 2.80 2.96 3.09 3.21 3.29 3.29 3.16 2.88 2.56 2.42 2.49 2.67 3.00 3.29 3.53 3.66 3.64 3.43 3.14 2.97 3.00 3.09 3.15 3.13 3.02 2.94 2.90 2.86 2.81 2.80 2.86 2.90 2.89 2.78 2.64 2.55 2.48 2.44 2.38 2.30 2.27 2.33 2.46 2.61 2.73 2.87 2.93 2.86 2.61 2.27 2.11 2.10 2.13 2.21 2.36 2.42 2.35 2.16 1.95 1.81 1.73 1.73 1.65 1.58 1.63 1.56 1.34 1.11 0.97 0.82 0.63 0.49 0.51 0.61 0.71
2.80 2.74 2.62 2.56 2.49 2.44 2.39 2.31 2.23 2.22 2.30 2.54 2.87 3.18 3.42 3.52 3.43 3.16 2.86 2.72 2.76 3.02 3.32 3.46 3.70 3.55 3.26 3.00 2.77 2.73 2.82 2.94 3.02 2.97 2.89 2.81 2.74 2.74 2.82 2.92 2.92 2.85 2.73 2.66 2.62 2.56 2.49 2.32 2.11 1.97 1.99 2.17 2.43 2.61 2.71 2.66 2.43 2.12 1.94 1.91 1.91 1.92 2.02 2.14 2.10 1.95 1.80 1.61 1.38 1.20 1.14 1.13 1.14 1.17 1.19 1.12 0.99 0.91 0.86 0.78 0.70 0.72 0.83 0.97
2.77 2.68 2.56 2.54 2.51 2.46 2.40 2.29 2.11 1.92 1.82 1.93 2.27 2.72 3.15 3.43 3.58 3.56 3.36 3.12 3.07 3.21 3.46 3.66 3.62 3.42 3.17 2.89 2.62 2.45 2.38 2.42 2.58 2.71 2.77 2.79 2.79 2.83 2.93 2.98 2.92 2.81 2.73 2.72 2.71 2.58 2.38 2.08 1.91 1.93 2.09 2.33 2.55 2.63 2.57 2.38 2.09 1.86 1.77 1.74 1.70 1.67 1.66 1.68 1.72 1.76 1.81 1.74 1.51 1.31 1.24 1.24 1.21 1.14 1.11 1.11 1.11 1.13 1.16 1.18 1.21 1.29 1.38 1.56
2.77 2.68 2.58 2.56 2.54 2.52 2.49 2.46 2.36 2.17 1.94 1.83 1.95 2.28 2.70 3.09 3.39 3.58 3.72 3.61 3.54 3.63 3.37 3.67 3.55 3.38 3.21 2.94 2.65 2.46 2.34 2.32 2.37 2.48 2.62 2.74 2.79 2.82 2.86 2.89 2.81 2.71 2.64 2.61 2.57 2.37 2.17 2.07 2.22 2.48 2.70 2.82 2.84 2.73 2.55 2.37 2.23 2.14 2.07 1.97 1.89 1.83 1.78 1.82 2.05 2.26 2.38 2.38 2.26 2.09 1.97 1.84 1.61 1.43 1.35 1.36 1.43 1.54 1.65 1.80 1.99 2.22 2.41 2.77
2.77 2.68 2.59 2.59 2.59 2.58 2.58 2.64 2.73 2.74 2.60 2.40 2.29 2.35 2.56 2.92 3.26 3.62 3.92 4.05 4.11 4.12 3.82 3.81 3.43 3.34 3.31 3.21 3.00 2.88 2.81 2.75 2.63 2.58 2.62 2.70 2.75 2.77 2.77 2.71 2.61 2.54 2.53 2.52 2.53 2.53 2.61 2.83 3.06 3.20 3.21 3.13 2.97 2.78 2.69 2.69 2.71 2.73 2.71 2.66 2.63 2.64 2.69 2.80 2.93 2.95 2.86 2.79 2.76 2.63 2.39 2.09 1.79 1.64 1.64 1.73 1.85 2.03 2.32 2.80 3.37 3.82 4.14 4.50
2.76 2.68 2.60 2.61 2.65 2.65 2.68 2.80 3.00 3.19 3.28 3.26 3.15 2.98 2.93 3.09 3.37 3.72 4.08 4.24 4.35 4.28 3.93 3.56 3.31 3.26 3.34 3.41 3.38 3.28 3.18 3.12 3.01 2.92 2.85 2.81 2.80 2.78 2.69 2.57 2.53 2.59 2.64 2.69 2.77 2.91 3.09 3.28 3.33 3.25 3.14 3.04 2.95 2.83 2.80 2.85 2.88 2.95 3.03 3.12 3.20 3.30 3.35 3.31 3.17 2.96 2.73 2.65 2.65 2.51 2.22 1.95 1.82 1.82 1.92 2.10 2.33 2.68 3.25 4.00 4.68 5.14 5.34 5.32
2.77 2.70 2.64 2.65 2.70 2.71 2.72 2.85 3.14 3.46 3.70 3.81 3.80 3.71 3.58 3.56 3.74 3.92 4.09 4.54 4.07 4.39 4.08 3.33 3.17 3.15 3.24 3.38 3.44 3.38 3.26 3.16 3.04 2.95 2.87 2.82 2.79 2.73 2.65 2.63 2.69 2.75 2.76 2.79 2.86 2.90 2.91 2.88 2.75 2.63 2.58 2.63 2.73 2.78 2.73 2.71 2.75 2.82 2.93 3.06 3.20 3.31 3.26 3.06 2.74 2.42 2.25 2.28 2.37 2.30 2.09 1.96 1.94 2.01 2.21 2.48 2.83 3.35 4.02 4.57 4.93 5.09 5.04 4.85
2.78 2.73 2.70 2.73 2.78 2.79 2.84 3.04 3.39 3.59 3.65 3.66 3.72 3.81 3.87 3.97 4.11 4.10 3.94 3.72 3.64 3.55 3.35 3.14 3.06 3.05 3.05 3.14 3.26 3.31 3.24 3.09 2.84 2.66 2.61 2.64 2.68 2.66 2.62 2.58 2.57 2.60 2.65 2.68 2.71 2.67 2.54 2.37 2.31 2.28 2.27 2.34 2.48 2.57 2.58 2.61 2.66 2.70 2.75 2.84 2.94 2.95 2.77 2.44 2.12 1.95 1.93 2.07 2.27 2.34 2.22 2.12 2.15 2.31 2.61 3.00 3.49 4.05 4.40 4.50 4.30 3.89 3.56 3.45
