project/data/elevation/US_DEM2016/US_DEM2016_point_10-31-2019_1056_30m_vel.asc
ncols	125
nrows	167
xllcorner	-2042055.000000
yllcorner	1465035.000000
cellsize	30.000000
NODATA_value	-9999.000000
[rows 114 to 151 of 167, columns 0 to 83 of 125]
5.29 5.24 5.22 5.27 5.40 5.67 5.92 5.80 5.35 4.85 4.44 4.06 3.76 3.53 3.48 3.74 4.31 4.87 5.24 5.56 6.01 6.21 5.76 5.30 5.48 5.70 5.65 5.50 5.39 5.27 5.13 4.90 4.67 4.52 4.37 4.24 4.31 4.55 4.76 4.95 5.20 5.49 5.85 6.27 6.39 6.02 5.43 4.99 4.85 4.96 5.15 5.28 5.27 5.02 4.65 4.34 4.22 4.41 4.72 4.92 4.98 4.92 4.84 4.81 4.86 5.03 5.28 5.39 5.23 4.89 4.62 4.44 4.31 4.29 4.31 4.29 4.23 4.21 4.38 4.82 4.93 4.55 4.29 4.14
5.38 5.36 5.33 5.33 5.40 5.49 5.47 5.14 4.54 4.01 3.65 3.38 3.22 3.28 3.72 4.45 5.20 5.76 6.11 6.30 6.30 5.98 5.32 5.07 5.32 5.40 5.25 5.19 5.25 5.38 5.41 5.31 5.12 4.78 4.38 4.21 4.39 4.70 4.97 5.21 5.48 5.72 5.95 6.15 6.03 5.54 4.99 4.67 4.65 4.89 5.26 5.42 5.36 5.10 4.68 4.26 4.09 4.23 4.46 4.65 4.79 4.91 5.00 5.06 5.14 5.25 5.33 5.26 5.07 4.82 4.62 4.48 4.38 4.31 4.27 4.22 4.21 4.26 4.44 4.75 4.75 4.40 4.16 3.97
5.47 5.45 5.40 5.37 5.34 5.25 5.05 4.70 4.32 4.08 3.96 3.87 3.99 4.44 5.16 5.94 6.50 6.69 6.66 6.46 6.03 5.50 5.05 4.92 4.98 4.90 4.76 4.83 5.04 5.24 5.32 5.33 5.27 5.12 4.95 4.94 5.02 5.14 5.26 5.42 5.55 5.68 5.84 5.92 5.70 5.27 4.81 4.55 4.64 5.03 5.44 5.59 5.49 5.25 5.01 4.82 4.70 4.68 4.67 4.69 4.76 4.86 4.98 5.10 5.22 5.30 5.26 5.10 4.92 4.72 4.54 4.42 4.35 4.30 4.27 4.26 4.27 4.36 4.51 4.73 4.82 4.67 4.49 4.44
5.51 5.44 5.36 5.32 5.22 5.04 4.82 4.62 4.51 4.57 4.73 5.03 5.48 6.06 6.61 6.96 6.95 6.64 6.28 5.84 5.41 5.19 5.13 5.07 4.97 4.76 4.56 4.59 4.79 4.92 4.89 4.93 5.07 5.20 5.33 5.42 5.38 5.27 5.20 5.20 5.27 5.44 5.67 5.77 5.56 5.20 4.83 4.61 4.77 5.18 5.45 5.48 5.37 5.26 5.24 5.27 5.31 5.32 5.24 5.07 4.94 4.89 4.91 4.98 5.08 5.11 4.98 4.84 4.77 4.66 4.50 4.36 4.29 4.29 4.32 4.36 4.42 4.51 4.65 4.91 5.20 5.24 5.16 5.26
5.50 5.39 5.28 5.23 5.13 4.97 4.82 4.71 4.69 4.83 5.24 5.81 6.38 6.79 6.97 6.81 6.28 5.78 5.48 5.10 4.93 5.06 5.21 5.28 5.21 4.94 4.62 4.50 4.67 4.74 4.60 4.56 4.69 4.92 5.10 5.17 5.11 5.00 4.92 4.94 5.08 5.35 5.65 5.71 5.43 5.07 4.84 4.73 4.88 5.13 5.27 5.20 5.06 5.06 5.19 5.29 5.41 5.49 5.46 5.32 5.12 4.95 4.84 4.79 4.76 4.64 4.45 4.53 4.74 4.77 4.63 4.46 4.38 4.37 4.41 4.50 4.61 4.71 4.89 5.25 5.54 5.59 5.57 5.67
5.44 5.34 5.25 5.20 5.10 4.99 4.89 4.82 4.87 5.15 5.70 6.23 6.54 6.59 6.40 5.95 5.48 5.23 4.97 4.66 4.62 4.78 4.99 5.18 5.19 4.95 4.71 4.67 4.81 4.82 4.67 4.56 4.55 4.60 4.70 4.74 4.75 4.78 4.85 4.97 5.16 5.43 5.67 5.59 5.19 4.87 4.81 4.86 4.97 5.09 5.11 5.03 4.96 5.03 5.16 5.23 5.25 5.22 5.18 5.15 5.08 4.90 4.73 4.57 4.38 4.18 4.19 4.58 4.96 5.01 4.85 4.69 4.57 4.50 4.50 4.59 4.68 4.77 5.01 5.34 5.54 5.47 5.37 5.35
5.39 5.35 5.29 5.22 5.11 5.03 4.98 4.98 5.15 5.61 6.12 6.38 6.33 6.11 5.79 5.41 5.16 4.96 4.60 4.31 4.27 4.39 4.71 5.03 5.01 4.77 4.73 4.87 5.00 4.97 4.87 4.75 4.62 4.55 4.49 4.44 4.50 4.69 4.90 5.09 5.28 5.50 5.64 5.39 4.87 4.65 4.76 4.91 5.00 5.06 5.08 5.09 5.13 5.22 5.24 5.18 5.03 4.88 4.80 4.79 4.76 4.70 4.60 4.45 4.33 4.37 4.63 5.02 5.24 5.16 4.95 4.78 4.64 4.52 4.48 4.50 4.53 4.65 4.94 5.26 5.38 5.25 5.07 4.91
5.46 5.45 5.39 5.25 5.12 5.11 5.15 5.25 5.54 6.01 6.33 6.32 6.11 5.88 5.63 5.32 5.03 4.68 4.36 4.27 4.38 4.61 4.94 5.12 4.98 4.77 4.78 4.94 5.04 5.02 4.96 4.90 4.82 4.69 4.49 4.34 4.41 4.63 4.84 5.06 5.29 5.53 5.53 5.05 4.46 4.35 4.58 4.78 4.88 4.97 5.10 5.22 5.26 5.23 5.14 4.98 4.82 4.70 4.62 4.53 4.50 4.53 4.57 4.61 4.75 4.97 5.17 5.32 5.33 5.13 4.87 4.69 4.56 4.48 4.45 4.43 4.47 4.68 4.98 5.19 5.23 5.11 4.95 4.76
5.55 5.53 5.40 5.24 5.15 5.20 5.33 5.57 5.98 6.26 6.31 6.14 5.94 5.77 5.50 5.11 4.78 4.58 4.59 4.77 4.97 5.11 5.18 5.16 5.02 4.87 4.83 4.93 5.00 4.97 4.93 4.91 4.89 4.78 4.62 4.53 4.58 4.69 4.79 5.00 5.29 5.45 5.15 4.42 3.95 4.04 4.36 4.62 4.76 4.84 4.98 5.08 5.04 4.93 4.80 4.69 4.64 4.66 4.60 4.48 4.46 4.52 4.61 4.76 4.95 5.12 5.24 5.33 5.33 5.15 4.87 4.64 4.50 4.45 4.44 4.48 4.62 4.82 4.92 4.94 4.94 4.92 4.80 4.63
5.51 5.43 5.28 5.18 5.18 5.28 5.46 5.72 6.04 6.15 6.00 5.78 5.65 5.43 4.99 4.68 4.67 4.82 4.98 5.06 5.02 4.96 5.00 5.13 5.18 5.03 4.88 4.90 4.92 4.86 4.81 4.80 4.76 4.71 4.75 4.83 4.85 4.83 4.83 5.03 5.22 5.03 4.30 3.60 3.49 3.77 4.17 4.54 4.71 4.71 4.74 4.75 4.64 4.52 4.43 4.40 4.49 4.55 4.48 4.40 4.45 4.54 4.60 4.67 4.81 4.99 5.15 5.31 5.35 5.18 4.89 4.67 4.50 4.37 4.34 4.44 4.56 4.58 4.49 4.47 4.64 4.79 4.67 4.46
5.44 5.39 5.29 5.22 5.23 5.33 5.47 5.63 5.73 5.66 5.44 5.31 5.24 4.89 4.47 4.56 4.81 4.91 4.81 4.57 4.40 4.49 4.84 5.23 5.34 5.15 4.98 4.92 4.86 4.77 4.72 4.70 4.70 4.75 4.85 4.90 4.85 4.80 4.81 4.95 4.86 4.27 3.55 3.29 3.45 3.74 4.10 4.53 4.71 4.72 4.74 4.72 4.58 4.40 4.27 4.30 4.41 4.40 4.28 4.33 4.46 4.55 4.63 4.80 5.05 5.25 5.32 5.36 5.29 5.05 4.79 4.60 4.38 4.20 4.18 4.26 4.29 4.22 4.17 4.28 4.58 4.73 4.55 4.31
5.55 5.58 5.50 5.34 5.26 5.29 5.37 5.41 5.37 5.24 5.11 5.12 4.99 4.59 4.47 4.66 4.70 4.46 4.10 3.88 3.98 4.43 5.03 5.47 5.48 5.22 5.07 5.02 4.93 4.77 4.66 4.68 4.74 4.77 4.72 4.60 4.52 4.52 4.61 4.63 4.36 3.89 3.73 3.87 4.03 4.14 4.36 4.68 4.86 4.92 4.94 4.90 4.79 4.63 4.50 4.49 4.49 4.42 4.41 4.50 4.55 4.61 4.78 5.13 5.39 5.45 5.35 5.26 5.14 4.90 4.63 4.37 4.13 4.03 4.03 4.05 4.07 4.08 4.16 4.33 4.53 4.59 4.50 4.44
5.72 5.67 5.49 5.25 5.14 5.16 5.22 5.22 5.15 5.11 5.13 5.10 4.82 4.49 4.41 4.35 4.12 3.82 3.67 3.77 4.18 4.76 5.40 5.71 5.52 5.21 5.11 5.06 4.93 4.77 4.69 4.71 4.74 4.64 4.43 4.29 4.30 4.40 4.48 4.42 4.29 4.32 4.50 4.62 4.68 4.75 4.86 5.01 5.11 5.09 4.99 4.91 4.85 4.80 4.76 4.73 4.69 4.66 4.67 4.66 4.61 4.68 4.89 5.16 5.20 5.06 4.98 5.06 5.08 4.89 4.52 4.15 3.92 3.90 3.89 3.84 3.79 3.83 3.95 4.13 4.34 4.58 4.81 4.87
5.65 5.42 5.02 4.86 4.88 5.02 5.12 5.12 5.08 5.07 5.05 4.87 4.54 4.25 4.09 3.94 3.79 3.76 3.99 4.47 4.93 5.34 5.74 5.70 5.22 4.99 4.97 4.87 4.75 4.71 4.74 4.76 4.73 4.61 4.45 4.44 4.55 4.62 4.61 4.60 4.69 4.82 4.86 4.87 4.96 5.14 5.30 5.38 5.35 5.21 5.09 5.02 4.97 4.91 4.85 4.85 4.88 4.86 4.77 4.66 4.59 4.66 4.80 4.87 4.77 4.66 4.81 5.11 5.18 4.86 4.34 3.94 3.79 3.77 3.78 3.75 3.70 3.68 3.74 3.93 4.34 4.90 5.26 5.13
5.32 4.97 4.55 4.52 4.71 4.97 5.10 5.09 5.04 4.97 4.84 4.61 4.33 4.18 4.17 4.18 4.29 4.58 5.07 5.52 5.75 5.82 5.75 5.38 4.95 4.83 4.76 4.59 4.53 4.60 4.70 4.73 4.72 4.70 4.76 4.88 4.96 4.91 4.83 4.83 4.87 4.83 4.83 4.94 5.18 5.45 5.68 5.73 5.62 5.49 5.40 5.32 5.23 5.10 4.95 4.91 4.93 4.87 4.74 4.63 4.54 4.59 4.65 4.62 4.56 4.72 5.08 5.32 5.09 4.46 3.95 3.76 3.70 3.66 3.69 3.80 3.93 4.00 4.02 4.19 4.69 5.28 5.39 4.88
5.08 4.88 4.61 4.69 4.94 5.13 5.16 5.08 4.99 4.90 4.79 4.61 4.48 4.54 4.78 5.03 5.33 5.66 5.91 6.01 5.92 5.71 5.40 5.08 4.92 4.82 4.63 4.47 4.47 4.55 4.60 4.63 4.68 4.80 4.94 5.00 4.97 4.91 4.85 4.79 4.71 4.67 4.81 5.09 5.43 5.74 5.92 5.87 5.73 5.60 5.47 5.33 5.23 5.13 5.01 4.96 4.92 4.79 4.68 4.58 4.53 4.57 4.59 4.59 4.70 5.03 5.32 5.21 4.57 3.86 3.60 3.58 3.59 3.62 3.69 3.83 4.02 4.22 4.42 4.68 5.06 5.40 5.22 4.62
5.11 5.12 5.18 5.36 5.48 5.41 5.22 5.07 4.97 4.92 4.86 4.81 4.86 5.10 5.40 5.64 5.82 5.92 5.88 5.63 5.27 4.95 4.80 4.83 4.93 4.85 4.67 4.60 4.65 4.68 4.64 4.65 4.75 4.88 4.92 4.80 4.73 4.75 4.77 4.72 4.65 4.71 4.97 5.30 5.62 5.82 5.79 5.57 5.35 5.20 5.10 5.10 5.15 5.12 5.02 5.00 4.97 4.85 4.68 4.60 4.59 4.63 4.65 4.72 4.96 5.26 5.26 4.76 4.01 3.59 3.49 3.50 3.54 3.68 3.88 3.97 4.02 4.14 4.44 4.84 5.24 5.50 5.40 5.22
5.22 5.34 5.57 5.73 5.70 5.49 5.23 5.04 4.96 4.94 4.96 5.03 5.21 5.44 5.57 5.58 5.56 5.49 5.24 4.77 4.31 4.13 4.31 4.72 4.98 4.95 4.86 4.88 4.94 4.94 4.93 4.99 5.07 5.09 4.99 4.84 4.79 4.83 4.82 4.80 4.87 5.09 5.35 5.54 5.66 5.62 5.34 4.98 4.75 4.71 4.85 5.10 5.23 5.14 5.01 5.01 5.03 4.95 4.81 4.72 4.69 4.71 4.77 4.89 5.11 5.22 4.94 4.30 3.80 3.61 3.56 3.57 3.64 3.80 4.00 4.10 4.15 4.22 4.46 4.93 5.51 5.93 6.08 6.11
5.31 5.41 5.58 5.66 5.59 5.46 5.27 5.10 5.02 5.03 5.07 5.16 5.29 5.37 5.30 5.22 5.19 5.01 4.55 4.04 3.81 3.94 4.40 4.90 5.14 5.11 5.06 5.10 5.14 5.16 5.26 5.40 5.47 5.39 5.21 5.06 5.02 5.04 4.96 4.96 5.14 5.38 5.49 5.53 5.51 5.30 4.87 4.49 4.37 4.54 4.94 5.28 5.30 5.10 4.99 5.03 5.08 5.04 4.93 4.82 4.77 4.80 4.87 4.97 5.08 4.99 4.53 4.02 3.78 3.69 3.66 3.69 3.80 3.96 4.03 4.09 4.26 4.53 4.87 5.40 6.06 6.44 6.44 6.20
5.42 5.50 5.64 5.72 5.68 5.53 5.40 5.32 5.28 5.22 5.15 5.12 5.12 5.08 5.05 5.09 5.04 4.69 4.25 4.06 4.19 4.48 4.85 5.19 5.33 5.27 5.21 5.22 5.24 5.26 5.38 5.54 5.59 5.50 5.36 5.28 5.30 5.31 5.19 5.13 5.22 5.28 5.32 5.40 5.32 4.97 4.55 4.30 4.35 4.70 5.21 5.46 5.33 5.11 5.04 5.08 5.11 5.05 4.91 4.80 4.78 4.81 4.86 4.91 4.95 4.78 4.34 3.99 3.85 3.79 3.78 3.79 3.89 4.01 4.09 4.20 4.43 4.81 5.35 5.96 6.46 6.50 6.06 5.58
5.69 5.79 5.93 5.92 5.79 5.57 5.46 5.46 5.45 5.30 5.09 4.95 4.89 4.92 5.03 5.08 4.87 4.51 4.39 4.58 4.82 4.98 5.17 5.38 5.48 5.42 5.34 5.31 5.30 5.33 5.42 5.50 5.48 5.43 5.48 5.62 5.69 5.65 5.53 5.34 5.23 5.15 5.24 5.28 5.03 4.64 4.39 4.36 4.59 5.08 5.55 5.63 5.40 5.18 5.09 5.10 5.10 4.99 4.81 4.75 4.75 4.78 4.80 4.82 4.83 4.66 4.34 4.13 4.03 3.97 3.92 3.90 3.93 4.00 4.18 4.47 4.82 5.28 5.88 6.39 6.51 6.13 5.47 4.98
5.99 6.01 5.99 5.86 5.72 5.53 5.40 5.34 5.27 5.08 4.86 4.75 4.80 4.96 5.04 4.92 4.66 4.56 4.72 4.92 5.00 5.06 5.24 5.47 5.57 5.50 5.37 5.30 5.29 5.35 5.47 5.52 5.48 5.50 5.66 5.83 5.85 5.77 5.69 5.56 5.30 5.12 5.07 4.93 4.60 4.38 4.38 4.51 4.86 5.46 5.85 5.75 5.42 5.18 5.10 5.10 5.06 4.92 4.75 4.73 4.76 4.79 4.79 4.79 4.80 4.68 4.45 4.32 4.26 4.18 4.10 4.07 4.09 4.18 4.40 4.77 5.34 6.04 6.63 6.78 6.42 5.79 5.17 4.68
6.11 5.90 5.54 5.38 5.33 5.25 5.15 5.08 5.03 4.90 4.80 4.86 5.07 5.24 5.13 4.84 4.63 4.65 4.75 4.80 4.86 5.03 5.32 5.55 5.59 5.47 5.27 5.18 5.21 5.32 5.46 5.55 5.57 5.62 5.67 5.63 5.52 5.43 5.38 5.30 5.08 4.87 4.68 4.47 4.28 4.27 4.39 4.58 5.09 5.78 6.01 5.70 5.30 5.12 5.07 5.07 5.01 4.85 4.71 4.74 4.82 4.85 4.84 4.82 4.80 4.71 4.56 4.49 4.44 4.39 4.38 4.44 4.53 4.70 4.95 5.35 5.97 6.68 7.06 6.82 6.18 5.61 5.14 4.68
5.95 5.56 4.89 4.62 4.59 4.63 4.74 4.90 5.01 5.07 5.17 5.40 5.63 5.60 5.27 4.89 4.67 4.54 4.45 4.48 4.73 5.08 5.41 5.58 5.56 5.41 5.20 5.10 5.11 5.21 5.30 5.36 5.37 5.40 5.36 5.19 4.97 4.81 4.66 4.53 4.47 4.40 4.31 4.21 4.22 4.31 4.42 4.72 5.43 6.05 6.00 5.50 5.15 5.05 5.03 5.01 4.94 4.80 4.73 4.84 4.95 4.96 4.91 4.85 4.80 4.72 4.64 4.60 4.59 4.61 4.74 4.97 5.25 5.58 5.90 6.22 6.63 7.04 7.01 6.45 5.94 5.68 5.42 5.12
5.57 5.10 4.38 4.16 4.14 4.23 4.50 4.81 5.06 5.28 5.51 5.72 5.78 5.53 5.13 4.83 4.61 4.42 4.35 4.52 4.84 5.17 5.46 5.58 5.53 5.41 5.24 5.12 5.06 5.08 5.11 5.05 4.97 4.97 4.95 4.77 4.51 4.28 4.06 3.94 3.98 4.05 4.13 4.25 4.45 4.61 4.78 5.25 5.93 6.22 5.90 5.37 5.10 5.01 4.97 4.96 4.93 4.93 5.04 5.19 5.20 5.08 4.95 4.87 4.83 4.79 4.73 4.71 4.74 4.86 5.15 5.56 6.02 6.43 6.70 6.84 6.96 7.02 6.72 6.19 5.98 5.96 5.86 5.78
5.09 4.73 4.27 4.23 4.33 4.49 4.70 4.86 5.02 5.23 5.44 5.55 5.42 5.09 4.81 4.64 4.52 4.44 4.53 4.81 5.09 5.34 5.54 5.61 5.54 5.44 5.34 5.26 5.23 5.16 5.08 4.95 4.85 4.80 4.70 4.45 4.15 3.92 3.75 3.72 3.80 3.97 4.26 4.63 4.94 5.16 5.46 5.88 6.26 6.21 5.74 5.30 5.07 4.96 4.92 4.97 5.07 5.25 5.45 5.50 5.32 5.06 4.91 4.88 4.91 4.91 4.83 4.81 4.91 5.17 5.58 6.05 6.45 6.68 6.76 6.74 6.70 6.62 6.38 6.12 6.08 6.06 6.04 6.17
4.88 4.80 4.83 4.99 5.11 5.17 5.09 5.00 5.04 5.14 5.23 5.21 5.00 4.74 4.58 4.51 4.47 4.52 4.73 5.04 5.29 5.53 5.66 5.65 5.55 5.48 5.44 5.40 5.37 5.34 5.19 4.99 4.84 4.70 4.49 4.18 3.89 3.71 3.62 3.65 3.83 4.19 4.69 5.13 5.39 5.57 5.80 6.07 6.20 5.98 5.53 5.16 4.90 4.78 4.84 5.01 5.22 5.38 5.41 5.23 4.97 4.84 4.82 4.87 4.94 4.96 4.90 4.89 5.02 5.35 5.82 6.16 6.28 6.20 6.06 5.97 5.98 6.07 6.08 5.98 5.87 5.79 5.86 6.13
5.07 5.25 5.61 5.88 5.94 5.79 5.46 5.31 5.30 5.26 5.14 4.94 4.73 4.58 4.50 4.47 4.49 4.63 4.94 5.28 5.52 5.71 5.73 5.61 5.50 5.49 5.49 5.45 5.40 5.36 5.23 5.01 4.78 4.56 4.30 4.03 3.81 3.67 3.62 3.74 4.14 4.76 5.31 5.59 5.67 5.68 5.76 5.91 5.96 5.72 5.31 4.90 4.59 4.55 4.74 5.01 5.21 5.20 4.98 4.70 4.60 4.65 4.75 4.84 4.92 4.94 4.90 4.91 5.02 5.29 5.66 5.76 5.62 5.40 5.20 5.14 5.35 5.72 5.90 5.80 5.62 5.54 5.61 5.77
5.30 5.53 5.92 6.14 6.14 5.99 5.85 5.75 5.62 5.38 5.09 4.83 4.66 4.58 4.53 4.53 4.62 4.88 5.23 5.50 5.66 5.70 5.57 5.41 5.38 5.47 5.49 5.40 5.31 5.24 5.14 4.93 4.72 4.50 4.24 4.00 3.80 3.70 3.78 4.17 4.87 5.52 5.81 5.81 5.68 5.56 5.60 5.75 5.78 5.55 5.11 4.66 4.38 4.48 4.73 4.95 4.98 4.78 4.49 4.33 4.39 4.55 4.71 4.82 4.87 4.86 4.84 4.89 5.02 5.24 5.39 5.28 5.09 4.95 4.86 4.96 5.35 5.77 5.94 5.78 5.59 5.53 5.49 5.47
5.42 5.60 5.86 5.91 5.82 5.71 5.77 5.75 5.57 5.29 5.03 4.85 4.75 4.68 4.66 4.71 4.90 5.19 5.46 5.57 5.53 5.40 5.26 5.20 5.28 5.43 5.40 5.20 5.11 5.09 5.00 4.84 4.70 4.51 4.27 4.05 3.91 3.94 4.28 4.98 5.65 5.92 5.81 5.58 5.39 5.34 5.47 5.68 5.71 5.41 4.95 4.56 4.44 4.56 4.76 4.85 4.70 4.35 4.04 4.02 4.22 4.50 4.69 4.79 4.82 4.82 4.83 4.90 5.06 5.23 5.26 5.14 5.02 4.92 4.94 5.26 5.73 6.07 6.15 5.95 5.72 5.60 5.49 5.47
5.52 5.67 5.84 5.76 5.53 5.31 5.27 5.26 5.20 5.10 4.99 4.91 4.85 4.80 4.80 4.92 5.15 5.38 5.47 5.38 5.21 5.03 4.99 5.11 5.31 5.45 5.35 5.14 5.09 5.07 4.97 4.83 4.67 4.49 4.32 4.21 4.25 4.51 5.03 5.61 5.87 5.73 5.42 5.19 5.14 5.22 5.44 5.65 5.59 5.25 4.83 4.58 4.49 4.60 4.77 4.79 4.62 4.32 4.04 4.03 4.30 4.56 4.69 4.76 4.81 4.86 4.89 4.94 5.02 5.08 5.12 5.14 5.03 4.88 5.03 5.61 6.20 6.43 6.35 6.07 5.79 5.61 5.52 5.64
5.63 5.73 5.77 5.53 5.21 4.94 4.79 4.74 4.79 4.85 4.88 4.90 4.88 4.84 4.87 4.99 5.15 5.19 5.06 4.86 4.69 4.62 4.79 5.17 5.51 5.61 5.50 5.38 5.33 5.19 5.01 4.82 4.61 4.46 4.38 4.41 4.61 4.96 5.35 5.61 5.59 5.34 5.11 5.06 5.12 5.25 5.45 5.58 5.45 5.11 4.77 4.49 4.38 4.55 4.80 4.86 4.75 4.58 4.40 4.44 4.65 4.72 4.72 4.76 4.84 4.90 4.93 4.95 4.94 4.96 5.08 5.14 4.99 4.93 5.35 6.18 6.73 6.70 6.34 5.94 5.65 5.52 5.55 5.73
5.67 5.58 5.28 4.80 4.44 4.32 4.38 4.48 4.57 4.63 4.73 4.82 4.84 4.84 4.86 4.91 4.88 4.71 4.51 4.41 4.38 4.50 4.91 5.47 5.80 5.79 5.66 5.59 5.44 5.19 4.98 4.78 4.56 4.45 4.45 4.54 4.72 4.98 5.20 5.37 5.37 5.18 5.07 5.14 5.23 5.30 5.38 5.44 5.32 5.01 4.60 4.27 4.28 4.62 4.93 5.00 4.93 4.84 4.83 4.92 4.96 4.86 4.78 4.81 4.90 4.95 4.98 5.00 5.07 5.22 5.32 5.24 5.16 5.41 6.10 6.80 7.00 6.63 6.11 5.74 5.54 5.51 5.58 5.68
5.47 5.18 4.67 4.22 3.91 3.99 4.27 4.51 4.61 4.68 4.77 4.81 4.82 4.83 4.84 4.79 4.66 4.55 4.58 4.68 4.78 4.99 5.39 5.78 5.93 5.80 5.63 5.48 5.17 4.88 4.79 4.67 4.52 4.49 4.53 4.61 4.76 4.96 5.17 5.39 5.38 5.20 5.14 5.24 5.27 5.24 5.26 5.29 5.15 4.74 4.24 4.10 4.38 4.83 5.10 5.14 5.07 5.04 5.09 5.13 5.09 4.99 4.95 5.01 5.05 5.04 5.05 5.13 5.31 5.45 5.39 5.26 5.43 6.02 6.72 6.97 6.70 6.16 5.78 5.61 5.54 5.54 5.57 5.58
5.11 4.84 4.51 4.39 4.35 4.43 4.58 4.64 4.67 4.78 4.87 4.85 4.83 4.84 4.83 4.78 4.78 4.90 5.06 5.10 5.07 5.21 5.53 5.81 5.84 5.62 5.38 5.06 4.65 4.46 4.49 4.49 4.50 4.55 4.61 4.71 4.91 5.18 5.45 5.59 5.47 5.23 5.15 5.18 5.13 5.06 5.12 5.16 4.92 4.35 3.99 4.16 4.65 5.04 5.21 5.20 5.14 5.11 5.12 5.12 5.12 5.16 5.24 5.27 5.19 5.10 5.10 5.19 5.30 5.27 5.16 5.31 5.84 6.50 6.84 6.61 6.04 5.61 5.43 5.39 5.35 5.32 5.30 5.31
4.89 4.79 4.66 4.68 4.77 4.86 4.86 4.81 4.80 4.86 4.86 4.83 4.84 4.87 4.88 4.93 5.07 5.20 5.13 4.90 4.79 4.98 5.39 5.74 5.73 5.39 4.95 4.54 4.25 4.23 4.35 4.45 4.55 4.65 4.75 4.91 5.18 5.47 5.65 5.62 5.41 5.18 5.07 5.00 4.90 4.89 5.02 5.01 4.64 4.12 4.02 4.41 4.88 5.16 5.24 5.19 5.11 5.07 5.04 5.04 5.10 5.22 5.31 5.27 5.15 5.07 5.08 5.12 5.11 5.05 5.16 5.66 6.27 6.54 6.44 6.03 5.57 5.30 5.19 5.14 5.07 5.00 4.91 4.79
4.86 4.84 4.76 4.77 4.87 5.02 5.17 5.24 5.24 5.10 4.89 4.79 4.83 4.92 5.00 5.13 5.26 5.20 4.96 4.79 4.89 5.19 5.59 5.86 5.69 5.17 4.65 4.35 4.27 4.38 4.52 4.60 4.67 4.77 4.93 5.16 5.39 5.54 5.55 5.43 5.23 5.08 4.97 4.84 4.77 4.83 4.95 4.86 4.47 4.15 4.24 4.64 5.01 5.18 5.20 5.13 5.03 4.92 4.87 4.92 5.04 5.15 5.18 5.09 4.97 4.93 4.98 5.04 5.06 5.15 5.48 5.96 6.16 6.02 5.83 5.63 5.41 5.24 5.14 5.04 4.95 4.86 4.70 4.48
4.78 4.74 4.73 4.88 5.16 5.44 5.59 5.54 5.28 4.94 4.71 4.72 4.87 4.99 5.09 5.20 5.24 5.17 5.18 5.40 5.69 5.88 6.04 6.06 5.68 5.11 4.72 4.61 4.67 4.79 4.84 4.79 4.78 4.85 5.00 5.15 5.24 5.32 5.32 5.23 5.12 5.03 4.95 4.89 4.87 4.89 4.89 4.75 4.43 4.26 4.46 4.84 5.09 5.18 5.15 5.05 4.91 4.76 4.72 4.84 5.00 5.06 5.01 4.86 4.69 4.70 4.87 5.01 5.12 5.31 5.60 5.72 5.51 5.38 5.47 5.50 5.38 5.26 5.15 5.00 4.87 4.76 4.52 4.30
