project/data/elevation/US_DEM2016/US_DEM2016_point_10-30-2019_0225_30m_ang.asc
ncols	125
nrows	167
xllcorner	-2042055.000000
yllcorner	1465035.000000
cellsize	30.000000
NODATA_value	-9999.000000
[rows 0 to 41 of 167, columns 0 to 94 of 125]
337 334 329 329 332 334 335 337 339 341 345 347 346 343 343 345 347 348 347 344 340 337 338 341 345 346 348 349 344 337 328 320 317 316 313 309 307 313 319 323 325 326 327 327 327 327 325 323 324 328 332 336 341 344 345 347 348 346 343 341 339 338 336 335 336 338 341 341 339 336 334 334 335 336 336 337 338 336 335 337 343 345 340 337 338 342 345 346 343 336 332 333 331 328 327
337 334 329 329 332 334 335 337 339 341 345 347 346 343 343 345 347 348 347 344 340 337 338 341 345 346 348 349 344 337 328 320 317 316 313 309 307 313 319 323 325 326 327 327 327 327 325 323 324 328 332 336 341 344 345 347 348 346 343 341 339 338 336 335 336 338 341 341 339 336 334 334 335 336 336 337 338 336 335 337 343 345 340 337 338 342 345 346 343 336 332 333 331 328 327
342 336 329 328 329 329 331 332 334 338 343 346 346 342 341 343 348 351 351 347 340 335 335 340 344 348 352 353 349 340 331 324 320 319 318 315 312 313 316 320 323 324 326 326 328 331 331 330 328 328 330 334 339 343 345 346 348 348 346 343 340 338 335 332 333 335 339 341 341 339 337 336 336 336 335 335 335 334 331 334 341 345 341 336 337 342 347 349 347 339 334 335 335 333 331
349 340 330 328 327 324 323 323 325 330 336 343 345 341 336 340 347 353 356 350 340 333 332 337 344 351 359 3 357 345 337 331 327 326 327 325 322 318 316 318 321 325 327 328 329 333 336 335 332 328 327 329 335 340 342 343 346 348 348 347 344 340 336 331 328 328 332 337 340 340 339 339 339 338 335 332 331 329 325 326 335 341 337 333 335 343 351 355 351 341 337 338 338 336 333
349 341 332 330 329 325 320 318 318 321 328 337 343 340 333 334 342 351 355 349 338 332 332 337 345 355 6 8 359 348 342 337 334 333 333 332 330 326 324 323 323 326 329 330 330 331 334 335 332 328 327 329 334 338 340 340 339 339 341 343 344 343 340 335 329 325 324 326 330 333 336 338 338 338 334 331 328 325 322 323 329 333 331 328 332 344 354 357 350 341 339 339 337 333 330
345 340 333 331 330 328 322 317 314 315 319 329 339 339 332 332 340 348 351 344 336 331 333 339 349 1 8 5 356 348 344 340 337 337 337 336 334 332 330 328 323 322 324 327 328 330 332 332 330 327 327 330 335 339 340 338 336 334 333 335 337 340 341 339 332 325 321 320 320 322 326 330 332 332 330 327 325 324 322 322 325 326 324 322 328 343 355 356 348 340 340 339 334 329 327
341 338 334 333 333 331 327 321 314 310 312 321 333 334 330 332 340 348 348 341 332 330 334 344 355 4 5 359 352 346 342 339 338 339 339 338 336 335 334 332 327 321 320 321 323 326 328 327 325 323 325 330 338 343 345 343 341 339 338 337 335 335 337 337 332 327 323 321 321 321 323 326 328 327 326 324 323 322 321 322 323 322 319 318 323 338 352 353 344 339 339 336 330 326 326
337 336 335 336 336 334 330 325 317 311 309 314 324 327 326 329 338 348 349 339 329 328 335 348 359 4 1 355 349 343 340 338 339 340 341 340 340 339 339 338 334 328 321 318 318 320 322 320 319 319 322 329 339 346 348 347 345 345 346 345 341 335 333 333 330 327 325 324 325 327 327 327 328 327 325 324 323 321 320 322 322 320 319 318 321 332 346 347 340 337 337 332 328 327 330
333 334 337 339 339 337 334 328 322 318 315 315 318 321 322 324 335 348 350 339 327 327 336 350 0 0 356 351 347 342 339 338 338 339 340 342 343 344 344 343 341 337 330 324 322 322 323 322 319 319 322 329 338 344 347 348 348 349 351 349 344 338 334 332 331 327 325 326 328 331 331 328 327 327 326 326 325 324 324 324 323 321 320 315 324 331 341 341 336 336 335 331 329 332 340
328 331 338 342 342 341 337 331 327 325 324 322 320 319 319 321 331 346 349 338 329 329 339 352 357 354 350 347 345 342 339 337 336 337 338 341 343 345 346 347 346 343 339 335 331 329 327 324 321 320 323 329 335 339 341 342 346 351 352 348 341 337 334 333 331 329 327 329 332 334 332 329 328 328 328 329 328 329 330 331 330 328 326 328 331 335 340 337 333 334 335 333 334 341 345
321 327 338 343 344 343 339 335 332 332 332 330 327 324 321 320 328 341 344 337 332 335 346 353 352 349 346 343 342 340 338 335 333 333 336 338 340 341 343 345 347 346 344 341 338 333 328 323 320 321 325 332 336 338 337 336 341 348 348 343 338 334 333 332 331 330 330 333 337 337 334 330 328 329 331 331 331 332 335 337 336 334 333 334 337 341 340 333 331 334 338 338 340 344 344
314 320 334 342 345 344 341 338 338 339 339 337 335 332 328 326 329 336 338 336 336 342 351 353 349 346 344 341 338 336 335 332 330 331 334 335 333 334 337 340 343 344 344 343 342 337 330 322 320 321 327 335 341 344 342 338 338 342 342 339 335 333 332 332 331 329 331 335 340 340 336 330 327 329 331 332 332 333 335 336 333 331 331 333 338 342 339 331 329 335 341 343 343 344 344
314 316 325 336 341 342 340 340 342 344 344 343 342 341 338 335 335 334 334 334 337 346 353 350 345 343 341 337 334 332 330 327 326 327 331 330 327 327 330 332 335 338 340 342 343 340 332 323 320 321 327 334 341 345 345 341 338 338 338 336 334 331 331 332 331 329 330 335 340 341 337 330 328 330 332 333 331 330 328 323 318 316 318 323 331 337 338 333 331 335 340 343 344 344 343
321 320 323 328 333 336 337 339 342 344 345 345 346 347 345 342 341 338 333 331 337 348 351 344 341 338 335 332 329 326 323 320 318 320 323 321 319 320 322 323 325 328 331 336 340 338 332 326 323 325 329 334 339 341 340 339 339 338 336 334 332 330 330 332 332 331 332 335 340 341 338 331 330 332 334 332 327 325 323 319 316 315 316 319 325 331 336 336 334 335 338 341 342 342 341
324 325 328 327 326 326 328 331 334 336 337 340 343 346 347 346 347 345 337 333 337 346 345 339 337 334 329 326 323 320 318 317 318 322 323 318 315 316 318 318 318 320 322 326 331 333 331 329 329 332 336 340 341 337 336 338 340 339 334 332 331 330 331 332 333 334 335 337 340 341 337 333 332 334 335 331 328 328 327 324 322 322 323 324 326 329 336 339 336 333 335 337 338 338 338
320 324 330 331 325 317 312 312 314 315 318 322 330 336 340 345 351 352 346 341 341 342 341 339 338 334 328 325 325 325 324 324 325 328 329 327 324 324 325 324 324 323 324 326 328 329 330 332 334 337 342 345 341 336 335 339 343 340 333 330 330 332 334 335 335 336 339 341 343 342 338 336 337 339 337 333 332 332 330 325 323 325 327 327 328 331 337 341 338 332 333 335 335 334 334
317 320 327 332 327 315 306 305 308 310 312 315 320 325 329 338 350 355 354 350 345 342 341 342 342 339 334 331 332 332 332 329 327 329 332 333 333 332 332 331 331 332 331 331 331 330 332 336 339 341 344 344 339 335 335 340 345 340 333 331 331 333 336 338 339 339 341 343 344 343 342 342 345 344 339 336 336 336 332 327 325 326 329 330 332 335 339 343 340 333 331 333 333 333 336
322 323 329 334 332 322 317 317 319 321 323 325 328 331 332 336 346 355 356 352 347 345 343 343 343 341 337 335 335 336 336 334 330 329 332 334 335 336 336 334 334 334 334 333 331 331 333 339 342 343 345 342 337 334 336 342 345 338 332 331 331 333 336 339 341 342 342 343 343 344 346 349 350 345 340 340 342 342 338 333 330 329 331 333 336 339 341 344 341 334 330 332 334 337 341
326 329 336 340 335 327 324 326 328 330 333 335 337 340 341 342 346 353 355 351 349 349 346 343 342 340 338 336 336 337 338 338 335 333 333 334 336 338 339 337 335 334 334 333 332 331 334 338 340 341 343 339 335 334 337 344 343 335 331 330 331 333 335 337 340 342 342 341 341 343 346 348 349 346 343 344 346 346 344 340 337 335 334 337 339 341 342 341 340 336 332 332 336 340 342
326 331 341 340 332 327 327 330 333 336 339 341 344 347 350 351 351 354 353 350 350 351 348 344 342 340 338 337 336 337 337 338 338 338 337 337 338 339 339 338 336 334 334 335 335 335 335 334 335 337 339 338 336 336 340 343 339 332 330 330 331 332 333 334 336 339 341 342 341 339 340 343 344 344 344 346 347 347 346 345 343 341 340 340 341 342 341 339 339 339 338 335 336 338 338
332 335 339 335 328 326 329 332 336 340 342 344 347 351 355 357 358 357 353 350 351 351 348 345 343 342 339 338 337 337 336 336 338 339 340 340 339 338 337 337 337 335 336 338 340 339 335 332 332 334 336 337 338 340 343 342 336 332 330 330 331 330 329 327 326 328 333 338 338 334 331 332 335 337 340 343 345 344 344 346 346 345 345 344 342 343 343 343 343 345 345 338 335 335 333
347 343 337 333 328 328 330 334 338 341 343 345 348 352 356 1 3 360 353 350 350 349 347 346 345 343 341 340 339 338 336 335 336 338 339 340 338 335 335 337 337 337 340 342 340 338 334 332 331 332 334 337 340 344 345 342 336 333 331 330 329 327 322 316 311 309 312 318 323 322 320 320 322 325 330 335 338 337 338 342 343 345 348 347 345 344 344 346 348 351 349 341 335 334 333
345 341 337 334 331 330 332 335 339 341 343 345 348 352 357 3 5 359 352 348 346 345 345 344 344 343 341 340 340 338 336 334 335 337 339 339 334 331 333 336 339 340 344 341 337 335 332 330 329 330 332 336 340 344 345 342 339 336 334 331 328 321 315 307 300 296 296 300 306 310 310 309 309 312 317 323 327 328 331 336 338 341 345 348 347 345 344 345 348 352 349 341 336 336 337
333 335 336 335 333 333 334 336 338 340 342 344 348 352 357 4 3 356 350 345 341 340 340 340 340 339 339 339 338 337 336 335 335 337 339 335 329 328 332 337 341 341 340 337 335 333 330 328 327 328 330 334 338 342 343 342 341 340 338 336 332 325 318 313 308 306 305 308 311 313 309 304 301 302 306 313 317 320 325 331 333 335 340 345 348 346 343 342 345 349 348 342 336 336 338
322 326 332 333 333 333 335 336 338 339 341 344 348 352 357 1 358 352 348 344 338 336 335 334 334 333 334 335 336 336 336 337 338 338 335 330 324 325 331 337 339 339 337 335 334 332 329 327 327 328 330 334 337 340 340 341 343 345 345 343 339 332 325 322 320 319 318 318 319 318 315 308 301 297 300 305 308 311 317 324 326 329 335 341 346 346 344 344 345 348 348 344 336 334 334
313 317 326 330 331 333 334 334 336 337 339 342 346 351 355 357 353 350 348 345 341 337 335 333 331 330 330 332 334 336 338 342 343 338 331 326 324 327 333 336 337 336 335 333 332 331 330 329 328 329 331 333 336 338 339 340 344 348 351 349 344 336 329 327 326 326 325 324 323 321 319 317 311 305 303 304 303 302 307 314 318 323 330 335 341 345 345 345 346 348 349 346 338 333 333
309 313 321 326 330 334 336 336 337 337 338 342 346 349 353 350 350 349 348 346 342 339 337 334 332 330 329 331 334 338 345 349 345 339 334 331 331 333 335 336 335 334 332 331 330 330 330 330 332 332 332 332 334 336 337 339 345 351 353 350 344 338 334 333 332 331 331 331 329 326 325 324 320 314 312 310 306 303 305 309 313 318 324 329 335 342 345 345 345 346 348 346 339 334 334
308 311 319 323 328 333 337 340 340 341 342 345 348 350 353 354 350 347 346 343 340 337 335 334 332 330 329 332 338 347 353 348 342 339 338 337 336 336 336 336 334 331 329 328 328 329 330 332 335 336 334 332 332 334 335 339 346 349 350 346 342 339 339 339 340 339 338 337 335 334 333 330 325 320 319 318 314 311 312 314 314 316 319 323 329 337 343 346 345 345 347 345 339 334 333
309 311 316 321 326 330 335 340 342 343 344 347 349 352 355 355 351 345 341 338 336 334 333 332 331 329 329 334 346 353 348 342 340 339 339 339 339 338 337 337 335 330 327 326 327 328 331 334 338 340 338 334 332 332 334 340 346 346 344 341 337 337 340 343 346 346 345 343 341 341 340 337 330 327 326 324 321 319 321 323 321 318 316 318 323 330 339 344 346 345 345 344 339 334 333
312 313 317 321 324 327 332 338 342 344 345 346 347 350 355 354 351 343 336 332 331 331 331 330 329 327 328 337 346 344 339 338 339 340 339 339 339 339 338 337 334 330 326 324 325 328 332 335 339 341 340 337 335 335 337 341 343 342 340 335 332 334 338 344 348 349 349 348 348 348 346 343 338 334 332 329 326 327 329 331 330 324 318 314 316 322 331 340 346 347 346 344 341 336 334
315 317 322 325 326 326 329 336 342 345 346 345 346 348 354 350 349 341 334 329 328 329 330 329 325 321 324 332 334 333 333 335 337 339 339 338 338 339 338 335 332 329 326 325 326 328 331 335 337 339 340 339 339 340 341 342 340 339 336 330 327 329 335 341 345 347 348 350 351 351 349 348 346 343 339 335 333 333 335 336 334 329 323 315 311 313 320 330 341 347 348 346 343 340 337
312 316 323 327 328 327 328 333 341 346 348 349 348 350 354 355 347 339 334 332 332 332 334 334 326 320 324 327 324 323 325 329 332 334 335 335 336 337 335 332 329 326 326 327 329 332 333 334 334 335 337 338 340 343 345 344 339 336 331 324 322 326 331 337 339 339 342 347 350 350 350 351 350 348 345 341 339 339 339 338 335 332 328 321 313 309 310 317 328 340 346 348 347 345 340
307 309 316 322 326 327 327 331 338 344 349 351 352 353 356 355 347 339 337 341 343 356 347 344 337 330 330 329 325 320 317 319 323 326 328 329 330 332 331 329 325 323 324 327 331 334 335 333 331 332 333 334 338 345 348 347 340 334 326 319 318 321 327 332 334 333 335 341 344 346 348 350 349 348 347 348 347 344 341 339 338 336 331 324 318 314 311 310 315 325 336 343 347 347 341
309 308 309 313 318 322 324 327 333 340 347 352 354 355 357 357 349 343 345 4 357 349 348 347 342 337 334 333 331 327 323 321 321 322 323 324 326 327 327 325 322 321 321 323 325 327 328 328 326 328 329 330 335 344 351 350 343 334 325 317 315 317 323 328 329 328 331 336 338 339 343 346 344 343 347 352 354 350 345 342 342 340 332 325 323 322 320 316 314 314 320 332 342 345 339
319 317 315 316 318 320 321 323 327 334 342 350 355 357 358 359 354 350 3 0 350 350 350 349 346 341 338 336 336 335 333 331 330 328 325 324 325 325 325 322 320 319 319 318 316 315 317 320 322 324 326 327 332 342 351 350 343 335 325 318 316 319 324 326 327 325 327 332 333 333 339 342 337 337 344 353 354 352 349 347 347 342 333 328 328 330 330 328 324 320 320 325 334 341 338
325 324 324 326 328 329 327 325 325 329 336 345 353 358 0 2 359 353 350 351 349 349 349 349 347 345 342 340 339 338 338 337 336 334 330 327 326 325 324 323 321 321 322 321 320 319 320 323 325 327 327 326 330 341 351 350 343 335 327 321 320 323 327 327 326 325 324 327 328 330 337 340 333 332 341 348 350 351 352 353 351 344 336 333 334 336 337 336 333 330 329 330 334 340 340
322 324 328 332 335 337 336 333 330 329 331 337 347 356 3 5 1 351 355 346 346 346 346 347 347 346 344 343 342 341 341 339 337 336 335 332 330 328 327 326 326 328 329 328 326 326 327 330 332 333 331 328 329 339 350 350 343 336 328 323 322 325 329 330 329 327 324 323 323 325 334 339 332 329 337 343 344 347 351 353 353 347 342 339 341 343 343 338 334 331 332 333 336 341 344
318 321 329 334 337 339 340 339 337 333 329 330 337 351 3 7 358 346 342 341 341 341 342 344 345 345 345 345 345 344 344 342 337 335 334 333 332 330 328 328 331 335 337 335 331 331 332 335 337 339 336 330 329 338 350 349 342 335 328 323 323 328 333 335 335 333 328 323 320 321 329 337 331 327 333 338 339 341 345 349 351 349 346 345 347 349 345 338 333 332 332 333 336 341 346
313 317 327 334 336 338 339 341 341 337 332 328 332 345 353 4 353 354 337 336 335 335 337 339 340 341 342 344 345 346 347 345 340 335 332 331 332 331 329 329 332 337 340 339 336 336 336 336 337 338 337 331 328 336 349 349 342 335 327 322 322 327 334 338 339 338 333 325 318 316 325 334 330 325 329 335 336 335 336 341 346 348 348 351 353 351 343 337 336 337 338 338 339 343 350
310 313 323 331 333 334 335 340 342 339 335 333 336 342 349 354 358 342 346 333 331 330 331 334 336 337 339 341 343 346 347 346 342 337 333 332 332 332 331 329 331 336 338 339 339 340 340 339 338 336 335 333 331 336 347 347 340 333 326 321 319 322 327 332 335 336 333 326 316 312 319 328 326 321 325 333 334 330 328 333 341 346 349 353 355 348 340 338 339 342 344 345 346 349 355
309 312 322 329 332 332 335 340 342 340 338 340 345 353 349 10 352 342 341 337 333 330 331 332 333 335 336 339 341 343 345 345 343 338 334 333 333 334 333 332 334 336 336 336 338 342 343 344 343 341 339 337 336 338 344 344 337 332 326 321 317 318 319 319 321 324 327 326 319 312 313 320 320 318 322 331 333 327 323 328 338 343 347 351 351 344 340 339 341 344 346 349 352 356 360
312 315 324 331 334 335 337 341 341 340 340 344 352 359 354 345 342 343 345 344 338 335 334 334 333 333 334 335 338 340 342 342 340 337 335 333 333 334 334 335 337 338 337 335 335 339 343 344 345 346 345 345 343 342 343 341 334 330 327 321 318 319 320 319 320 323 325 326 324 319 315 314 314 313 318 327 332 325 320 326 338 342 342 344 343 341 340 341 342 344 346 349 354 360 4
