project/data/elevation/US_DEM2016/US_DEM2016_point_11-01-2019_0210_30m_vel.asc
ncols	125
nrows	167
xllcorner	-2042055.000000
yllcorner	1465035.000000
cellsize	30.000000
NODATA_value	-9999.000000
[rows 114 to 151 of 167, columns 0 to 83 of 125]
1.81 1.61 1.33 1.19 1.18 1.41 1.76 1.85 1.70 1.64 1.70 1.73 1.74 1.83 1.95 2.05 2.16 2.26 2.32 2.53 3.01 3.15 2.47 1.78 2.07 2.62 2.91 2.96 2.77 2.57 2.53 2.42 2.17 1.84 1.51 1.07 0.51 0.29 0.54 1.03 1.49 1.90 2.51 3.09 3.17 2.78 2.25 1.67 1.54 2.11 2.81 3.24 3.30 3.02 2.57 2.15 1.76 1.39 1.02 0.75 0.69 0.86 1.18 1.62 2.04 2.47 2.95 3.12 2.91 2.48 2.06 1.66 1.23 1.03 1.20 1.53 1.83 2.20 2.93 3.78 3.71 2.82 2.21 1.92
1.92 1.71 1.40 1.25 1.22 1.39 1.67 1.72 1.57 1.54 1.65 1.69 1.73 1.82 2.02 2.22 2.34 2.38 2.39 2.54 2.93 3.09 2.45 1.81 1.96 2.34 2.62 2.89 2.88 2.66 2.53 2.49 2.33 1.93 1.48 1.03 0.56 0.37 0.60 1.09 1.54 1.95 2.56 3.13 3.16 2.68 2.07 1.58 1.50 2.02 2.77 3.20 3.25 3.03 2.65 2.18 1.79 1.49 1.14 0.81 0.72 0.86 1.13 1.58 2.04 2.48 2.90 3.08 2.89 2.46 2.04 1.64 1.23 1.04 1.19 1.48 1.77 2.18 2.91 3.78 3.78 2.94 2.31 1.97
2.00 1.80 1.47 1.31 1.23 1.31 1.51 1.58 1.51 1.53 1.66 1.76 1.83 1.99 2.22 2.41 2.44 2.36 2.32 2.40 2.69 3.00 2.71 2.06 1.88 1.97 2.25 2.73 2.97 2.77 2.47 2.44 2.45 2.14 1.63 1.14 0.64 0.40 0.61 1.13 1.56 1.96 2.55 3.08 3.13 2.71 2.06 1.51 1.48 2.01 2.68 3.08 3.16 3.03 2.75 2.32 1.91 1.62 1.24 0.85 0.74 0.88 1.11 1.50 2.01 2.45 2.80 3.02 2.93 2.50 2.03 1.61 1.22 1.04 1.18 1.46 1.73 2.14 2.86 3.70 3.81 3.09 2.40 2.06
2.04 1.85 1.55 1.37 1.24 1.22 1.37 1.49 1.50 1.56 1.72 1.88 2.04 2.23 2.41 2.49 2.37 2.19 2.18 2.15 2.37 2.88 2.98 2.49 1.93 1.71 1.88 2.51 3.02 2.91 2.44 2.26 2.35 2.28 1.91 1.36 0.71 0.36 0.59 1.12 1.57 1.99 2.52 2.96 3.03 2.81 2.27 1.59 1.50 2.02 2.56 2.87 2.99 3.00 2.86 2.49 2.09 1.78 1.39 0.91 0.73 0.85 1.09 1.42 1.91 2.37 2.67 2.98 3.02 2.60 2.04 1.58 1.18 1.02 1.18 1.45 1.71 2.10 2.77 3.57 3.78 3.22 2.48 2.18
2.06 1.89 1.62 1.44 1.25 1.19 1.31 1.45 1.51 1.58 1.81 2.05 2.23 2.38 2.47 2.42 2.17 2.02 2.03 1.93 2.12 2.72 3.08 2.87 2.20 1.60 1.57 2.23 3.00 3.07 2.54 2.14 2.11 2.23 2.08 1.56 0.83 0.40 0.60 1.13 1.60 2.04 2.51 2.77 2.80 2.84 2.62 1.89 1.59 1.94 2.42 2.64 2.75 2.92 2.93 2.62 2.23 1.91 1.54 1.04 0.71 0.78 1.07 1.37 1.79 2.21 2.53 2.95 3.11 2.71 2.09 1.57 1.15 0.98 1.16 1.45 1.70 2.05 2.70 3.49 3.75 3.29 2.62 2.31
2.08 1.93 1.69 1.49 1.27 1.20 1.30 1.42 1.51 1.65 1.95 2.21 2.32 2.40 2.42 2.26 2.03 1.95 1.90 1.80 2.04 2.59 3.08 3.10 2.50 1.63 1.37 1.99 2.88 3.13 2.75 2.21 1.98 2.03 2.05 1.66 0.95 0.51 0.67 1.17 1.67 2.11 2.47 2.55 2.47 2.74 2.91 2.39 1.78 1.85 2.24 2.46 2.55 2.78 2.93 2.71 2.33 1.97 1.62 1.20 0.77 0.73 1.05 1.36 1.68 2.05 2.43 2.93 3.12 2.75 2.12 1.60 1.17 0.95 1.12 1.43 1.67 2.01 2.70 3.47 3.75 3.33 2.74 2.42
2.15 2.00 1.75 1.51 1.29 1.22 1.31 1.41 1.57 1.83 2.10 2.24 2.27 2.32 2.30 2.14 2.00 1.91 1.78 1.77 2.04 2.50 3.05 3.22 2.67 1.73 1.30 1.79 2.69 3.07 2.92 2.45 2.00 1.88 1.88 1.63 1.07 0.66 0.77 1.21 1.73 2.16 2.41 2.29 2.12 2.55 3.07 2.85 2.11 1.83 2.07 2.33 2.43 2.63 2.83 2.75 2.42 2.02 1.64 1.26 0.88 0.80 1.07 1.37 1.64 2.00 2.44 2.92 3.08 2.72 2.12 1.63 1.21 0.96 1.10 1.41 1.62 1.99 2.71 3.46 3.75 3.39 2.84 2.49
2.29 2.10 1.78 1.50 1.29 1.26 1.33 1.42 1.69 2.02 2.17 2.15 2.15 2.22 2.18 2.05 1.96 1.85 1.74 1.82 2.09 2.49 3.03 3.23 2.78 1.93 1.37 1.63 2.44 2.94 2.99 2.69 2.19 1.84 1.71 1.53 1.15 0.82 0.86 1.25 1.76 2.20 2.31 2.02 1.83 2.38 3.12 3.17 2.52 1.96 2.00 2.22 2.32 2.45 2.65 2.72 2.52 2.12 1.68 1.23 0.92 0.90 1.12 1.40 1.70 2.03 2.45 2.88 3.01 2.67 2.10 1.62 1.24 1.00 1.13 1.40 1.62 2.01 2.71 3.40 3.73 3.48 2.94 2.50
2.45 2.21 1.78 1.49 1.31 1.31 1.35 1.46 1.84 2.13 2.15 2.04 2.04 2.11 2.04 1.97 1.94 1.85 1.79 1.89 2.12 2.49 2.97 3.21 2.87 2.10 1.48 1.51 2.13 2.74 2.98 2.86 2.43 1.92 1.64 1.47 1.21 0.94 0.92 1.26 1.80 2.16 2.13 1.78 1.71 2.28 3.08 3.36 2.91 2.20 2.03 2.13 2.18 2.24 2.41 2.61 2.59 2.27 1.76 1.22 0.94 0.99 1.18 1.44 1.75 2.06 2.42 2.82 2.94 2.64 2.11 1.61 1.23 1.05 1.17 1.43 1.69 2.04 2.62 3.31 3.73 3.61 3.06 2.48
2.60 2.31 1.81 1.48 1.34 1.36 1.39 1.50 1.88 2.14 2.10 1.97 1.97 1.96 1.85 1.91 1.99 1.90 1.84 1.88 2.07 2.44 2.93 3.21 2.97 2.29 1.63 1.45 1.83 2.49 2.91 2.96 2.62 2.06 1.70 1.49 1.24 0.97 0.92 1.30 1.79 1.98 1.84 1.66 1.75 2.24 2.97 3.45 3.21 2.51 2.16 2.11 2.04 2.03 2.17 2.43 2.60 2.38 1.84 1.27 1.00 1.04 1.23 1.50 1.80 2.07 2.38 2.76 2.87 2.57 2.12 1.64 1.22 1.08 1.23 1.49 1.75 2.02 2.47 3.20 3.76 3.75 3.16 2.49
2.70 2.42 1.89 1.51 1.38 1.41 1.45 1.53 1.79 2.05 2.06 1.99 1.93 1.76 1.67 1.91 2.05 1.91 1.79 1.79 1.99 2.42 2.96 3.25 3.00 2.38 1.83 1.51 1.61 2.17 2.76 3.00 2.79 2.23 1.78 1.51 1.25 0.99 0.97 1.31 1.68 1.70 1.61 1.68 1.88 2.25 2.87 3.45 3.37 2.79 2.36 2.14 1.98 1.89 1.95 2.24 2.52 2.39 1.88 1.36 1.07 1.07 1.26 1.58 1.89 2.07 2.33 2.70 2.80 2.48 2.08 1.69 1.24 1.13 1.32 1.55 1.77 1.97 2.36 3.09 3.75 3.83 3.28 2.57
2.75 2.50 1.99 1.56 1.40 1.44 1.50 1.52 1.65 1.90 1.92 2.05 1.88 1.59 1.62 1.91 2.01 1.87 1.72 1.73 1.98 2.47 3.04 3.27 2.93 2.38 2.00 1.66 1.51 1.86 2.53 2.97 2.93 2.43 1.86 1.51 1.26 1.03 1.01 1.27 1.51 1.50 1.54 1.75 1.98 2.29 2.84 3.40 3.41 2.99 2.55 2.23 1.99 1.82 1.81 2.06 2.35 2.32 1.94 1.44 1.12 1.11 1.29 1.67 1.95 2.04 2.25 2.63 2.74 2.41 1.99 1.64 1.27 1.23 1.43 1.60 1.76 1.94 2.29 2.99 3.71 3.90 3.44 2.74
2.80 2.55 2.05 1.64 1.44 1.47 1.53 1.51 1.56 1.78 2.00 2.04 1.81 1.55 1.63 1.83 1.88 1.82 1.74 1.79 2.08 2.57 3.11 3.23 2.79 2.32 2.10 1.80 1.50 1.67 2.29 2.88 3.02 2.62 1.96 1.54 1.29 1.09 1.04 1.19 1.38 1.46 1.56 1.75 2.00 2.33 2.84 3.33 3.40 3.07 2.68 2.34 2.05 1.81 1.73 1.88 2.13 2.22 1.98 1.48 1.15 1.16 1.36 1.70 1.92 1.98 2.21 2.59 2.69 2.36 1.88 1.52 1.30 1.34 1.53 1.66 1.79 1.95 2.21 2.82 3.62 3.95 3.60 2.90
2.87 2.58 2.07 1.74 1.56 1.55 1.57 1.51 1.52 1.70 1.72 1.91 1.74 1.59 1.65 1.75 1.80 1.82 1.84 1.96 2.21 2.65 3.15 3.13 2.61 2.29 2.14 1.85 1.56 1.62 2.09 2.72 3.02 2.79 2.16 1.66 1.38 1.15 1.03 1.13 1.33 1.45 1.53 1.70 1.97 2.32 2.80 3.26 3.38 3.12 2.78 2.46 2.15 1.85 1.68 1.76 1.95 2.08 1.96 1.48 1.16 1.23 1.44 1.67 1.82 1.95 2.24 2.56 2.60 2.25 1.78 1.45 1.35 1.45 1.60 1.71 1.87 2.04 2.20 2.64 3.45 3.93 3.70 2.96
2.94 2.59 2.09 1.86 1.74 1.66 1.59 1.49 1.48 1.49 1.74 1.75 1.68 1.67 1.73 1.76 1.82 1.90 2.00 2.09 2.24 2.65 3.09 2.99 2.54 2.28 2.11 1.83 1.62 1.67 1.97 2.50 2.93 2.89 2.41 1.87 1.48 1.18 1.00 1.06 1.27 1.38 1.47 1.68 1.95 2.29 2.71 3.13 3.33 3.20 2.90 2.59 2.28 1.93 1.67 1.71 1.85 1.91 1.86 1.51 1.19 1.28 1.50 1.65 1.77 1.99 2.32 2.51 2.41 2.04 1.68 1.49 1.44 1.54 1.67 1.75 1.93 2.15 2.31 2.63 3.34 3.91 3.72 2.94
2.95 2.62 2.14 1.99 1.92 1.76 1.58 1.45 1.42 1.43 1.64 1.65 1.65 1.74 1.83 1.84 1.89 1.99 2.07 2.09 2.15 2.52 2.98 2.98 2.63 2.30 2.03 1.78 1.67 1.72 1.91 2.29 2.78 2.94 2.62 2.07 1.59 1.23 0.98 0.97 1.16 1.33 1.49 1.72 1.97 2.27 2.59 2.92 3.21 3.28 3.08 2.77 2.45 2.04 1.70 1.72 1.80 1.74 1.70 1.50 1.25 1.32 1.52 1.66 1.82 2.09 2.35 2.38 2.13 1.80 1.63 1.55 1.53 1.63 1.75 1.80 1.91 2.17 2.44 2.78 3.38 3.87 3.64 2.86
2.94 2.67 2.25 2.10 2.02 1.81 1.56 1.42 1.39 1.47 1.58 1.61 1.65 1.80 1.90 1.90 1.94 2.02 2.04 1.98 1.99 2.32 2.87 3.10 2.84 2.34 1.96 1.78 1.71 1.74 1.86 2.16 2.61 2.92 2.76 2.23 1.71 1.31 0.99 0.90 1.09 1.36 1.59 1.80 2.01 2.22 2.43 2.66 3.02 3.33 3.31 3.02 2.64 2.16 1.77 1.75 1.79 1.64 1.52 1.44 1.32 1.36 1.53 1.71 1.93 2.16 2.28 2.14 1.84 1.65 1.60 1.60 1.61 1.69 1.81 1.88 1.93 2.12 2.45 2.89 3.45 3.78 3.50 2.84
2.96 2.73 2.36 2.16 2.01 1.80 1.59 1.45 1.40 1.43 1.53 1.59 1.65 1.80 1.90 1.90 1.93 1.97 1.94 1.85 1.86 2.17 2.77 3.21 3.02 2.40 1.94 1.79 1.74 1.71 1.82 2.11 2.49 2.81 2.77 2.38 1.92 1.46 1.03 0.87 1.09 1.44 1.68 1.85 2.01 2.11 2.20 2.37 2.78 3.28 3.47 3.26 2.79 2.25 1.84 1.80 1.82 1.62 1.42 1.34 1.33 1.39 1.54 1.75 2.01 2.17 2.09 1.85 1.66 1.59 1.61 1.64 1.67 1.74 1.82 1.91 2.01 2.18 2.48 2.93 3.47 3.68 3.37 2.87
2.99 2.79 2.46 2.21 1.95 1.75 1.64 1.55 1.46 1.43 1.49 1.55 1.61 1.74 1.83 1.88 1.90 1.87 1.78 1.75 1.84 2.14 2.76 3.25 3.12 2.48 1.95 1.78 1.74 1.69 1.79 2.08 2.40 2.63 2.69 2.50 2.16 1.68 1.10 0.88 1.08 1.45 1.70 1.87 1.97 1.95 1.96 2.14 2.57 3.17 3.55 3.42 2.88 2.31 1.92 1.87 1.86 1.63 1.37 1.27 1.31 1.42 1.55 1.76 2.05 2.12 1.85 1.61 1.57 1.60 1.65 1.67 1.72 1.79 1.83 1.91 2.06 2.30 2.64 3.06 3.50 3.58 3.25 2.84
2.99 2.83 2.54 2.27 1.94 1.67 1.61 1.68 1.61 1.44 1.42 1.49 1.55 1.63 1.76 1.87 1.84 1.71 1.67 1.77 1.93 2.22 2.79 3.23 3.15 2.58 1.97 1.74 1.71 1.71 1.80 2.03 2.27 2.45 2.58 2.56 2.36 1.93 1.27 0.92 1.03 1.35 1.67 1.89 1.89 1.78 1.81 2.02 2.46 3.11 3.58 3.47 2.92 2.37 2.03 1.95 1.91 1.65 1.35 1.24 1.30 1.43 1.55 1.74 2.03 2.03 1.66 1.45 1.52 1.61 1.67 1.70 1.76 1.83 1.85 1.94 2.10 2.37 2.81 3.24 3.52 3.46 3.08 2.75
2.98 2.83 2.58 2.33 1.97 1.61 1.53 1.73 1.77 1.48 1.35 1.46 1.54 1.56 1.68 1.79 1.71 1.56 1.63 1.85 2.00 2.28 2.83 3.21 3.15 2.68 2.04 1.71 1.67 1.73 1.83 1.98 2.12 2.27 2.48 2.56 2.44 2.12 1.53 1.02 0.96 1.21 1.63 1.87 1.77 1.65 1.75 1.98 2.46 3.15 3.56 3.41 2.90 2.45 2.14 2.04 1.96 1.67 1.34 1.25 1.30 1.52 1.55 1.71 1.97 1.93 1.55 1.39 1.49 1.59 1.66 1.75 1.83 1.87 1.89 2.00 2.19 2.49 2.92 3.33 3.46 3.28 2.92 2.66
3.04 2.86 2.56 2.35 2.05 1.64 1.48 1.68 1.83 1.57 1.38 1.50 1.61 1.60 1.58 1.61 1.55 1.50 1.65 1.87 2.01 2.31 2.87 3.20 3.14 2.77 2.15 1.71 1.64 1.73 1.85 1.95 2.00 2.13 2.39 2.50 2.40 2.19 1.79 1.24 0.95 1.13 1.55 1.77 1.65 1.59 1.75 1.98 2.53 3.23 3.50 3.25 2.83 2.51 2.27 2.15 2.03 1.71 1.37 1.30 1.33 1.39 1.52 1.68 1.88 1.82 1.49 1.39 1.49 1.56 1.63 1.80 1.93 1.96 1.98 2.07 2.32 2.68 3.01 3.21 3.26 3.17 2.91 2.62
3.19 2.92 2.48 2.29 2.12 1.76 1.50 1.61 1.80 1.67 1.50 1.60 1.75 1.67 1.46 1.37 1.43 1.49 1.62 1.82 2.01 2.34 2.92 3.20 3.11 2.83 2.28 1.77 1.63 1.72 1.82 1.91 1.95 2.09 2.32 2.40 2.31 2.18 1.92 1.47 1.07 1.12 1.44 1.63 1.61 1.62 1.75 2.01 2.66 3.32 3.39 3.01 2.70 2.56 2.40 2.27 2.12 1.78 1.45 1.38 1.38 1.36 1.45 1.63 1.79 1.70 1.43 1.38 1.48 1.53 1.62 1.84 2.03 2.11 2.14 2.23 2.49 2.84 2.99 2.90 2.95 3.12 3.00 2.67
3.34 2.97 2.39 2.20 2.09 1.83 1.59 1.60 1.74 1.73 1.65 1.73 1.85 1.69 1.32 1.20 1.33 1.45 1.54 1.75 2.02 2.39 2.94 3.19 3.07 2.85 2.43 1.92 1.68 1.70 1.78 1.84 1.91 2.07 2.26 2.28 2.19 2.11 1.90 1.55 1.26 1.24 1.42 1.57 1.65 1.69 1.75 2.08 2.83 3.37 3.22 2.73 2.55 2.57 2.49 2.38 2.23 1.90 1.58 1.49 1.41 1.31 1.38 1.58 1.70 1.59 1.37 1.34 1.44 1.49 1.61 1.87 2.12 2.24 2.31 2.44 2.67 2.91 2.84 2.51 2.59 3.00 3.05 2.80
3.42 3.00 2.38 2.18 2.07 1.86 1.68 1.63 1.67 1.73 1.77 1.83 1.85 1.61 1.24 1.12 1.27 1.39 1.51 1.77 2.07 2.42 2.92 3.14 3.02 2.83 2.53 2.12 1.81 1.72 1.73 1.76 1.83 2.01 2.18 2.15 2.05 1.99 1.82 1.58 1.44 1.41 1.50 1.62 1.72 1.74 1.80 2.24 2.98 3.30 2.97 2.49 2.39 2.52 2.55 2.47 2.33 2.03 1.75 1.60 1.40 1.24 1.31 1.52 1.66 1.53 1.30 1.29 1.38 1.48 1.65 1.91 2.19 2.33 2.40 2.57 2.80 2.90 2.63 2.18 2.28 2.77 2.95 2.92
3.37 3.02 2.48 2.25 2.11 1.96 1.79 1.66 1.62 1.69 1.81 1.86 1.76 1.50 1.23 1.15 1.26 1.37 1.54 1.85 2.12 2.45 2.89 3.06 2.96 2.80 2.57 2.28 2.00 1.81 1.70 1.66 1.75 1.92 2.06 2.02 1.91 1.86 1.75 1.63 1.59 1.60 1.65 1.75 1.80 1.78 1.91 2.42 3.02 3.15 2.74 2.31 2.25 2.44 2.59 2.55 2.41 2.16 1.88 1.66 1.39 1.20 1.28 1.49 1.64 1.52 1.25 1.21 1.33 1.50 1.75 1.99 2.22 2.35 2.41 2.61 2.89 2.95 2.58 2.04 2.03 2.46 2.76 2.98
3.21 3.03 2.67 2.37 2.19 2.04 1.85 1.68 1.61 1.63 1.74 1.80 1.65 1.41 1.25 1.23 1.30 1.40 1.62 1.92 2.14 2.46 2.83 2.97 2.89 2.76 2.59 2.37 2.16 1.97 1.72 1.58 1.64 1.80 1.91 1.88 1.78 1.75 1.71 1.69 1.74 1.79 1.83 1.86 1.84 1.82 2.01 2.51 2.99 2.98 2.56 2.18 2.09 2.35 2.63 2.63 2.49 2.27 1.95 1.65 1.39 1.25 1.32 1.50 1.62 1.50 1.23 1.17 1.29 1.54 1.86 2.06 2.19 2.27 2.35 2.58 2.94 3.09 2.71 2.05 1.82 2.11 2.55 2.99
3.06 3.01 2.81 2.46 2.18 2.03 1.87 1.75 1.64 1.56 1.58 1.64 1.54 1.36 1.27 1.31 1.38 1.49 1.73 1.97 2.16 2.45 2.74 2.87 2.85 2.76 2.60 2.39 2.24 2.09 1.82 1.54 1.51 1.64 1.74 1.76 1.72 1.71 1.72 1.77 1.90 1.99 1.98 1.90 1.83 1.84 2.06 2.53 2.92 2.82 2.43 2.05 1.93 2.27 2.68 2.73 2.56 2.31 1.96 1.63 1.43 1.36 1.42 1.55 1.59 1.45 1.24 1.18 1.29 1.60 1.94 2.06 2.10 2.19 2.28 2.52 2.97 3.24 2.90 2.11 1.66 1.84 2.34 2.93
3.02 3.04 2.93 2.53 2.11 1.92 1.92 1.87 1.68 1.47 1.40 1.45 1.43 1.34 1.31 1.38 1.47 1.62 1.85 2.00 2.14 2.37 2.60 2.79 2.87 2.81 2.60 2.36 2.24 2.16 1.93 1.58 1.43 1.47 1.58 1.68 1.72 1.74 1.78 1.90 2.08 2.14 2.03 1.87 1.78 1.82 2.09 2.55 2.83 2.68 2.30 1.93 1.83 2.23 2.71 2.82 2.62 2.29 1.93 1.65 1.50 1.46 1.52 1.58 1.54 1.38 1.25 1.23 1.34 1.65 1.95 2.00 2.03 2.15 2.24 2.50 3.00 3.33 3.04 2.18 1.57 1.66 2.14 2.77
3.06 3.08 3.01 2.61 2.04 1.79 1.91 1.95 1.73 1.42 1.28 1.31 1.35 1.33 1.34 1.43 1.58 1.75 1.91 1.99 2.07 2.23 2.47 2.74 2.91 2.88 2.60 2.30 2.21 2.19 2.00 1.64 1.40 1.35 1.46 1.63 1.76 1.83 1.91 2.09 2.22 2.15 1.95 1.79 1.73 1.81 2.13 2.57 2.74 2.54 2.15 1.83 1.79 2.20 2.72 2.87 2.65 2.25 1.89 1.71 1.61 1.55 1.55 1.57 1.50 1.36 1.27 1.29 1.40 1.66 1.92 1.96 2.00 2.10 2.25 2.58 3.04 3.32 3.10 2.30 1.57 1.49 1.91 2.59
3.11 3.12 3.04 2.67 2.06 1.72 1.80 1.92 1.79 1.48 1.25 1.23 1.29 1.32 1.36 1.47 1.66 1.82 1.90 1.93 1.98 2.12 2.39 2.73 2.96 2.92 2.59 2.25 2.16 2.16 2.01 1.68 1.37 1.28 1.39 1.58 1.80 1.99 2.14 2.27 2.24 2.03 1.82 1.75 1.75 1.85 2.18 2.58 2.64 2.38 2.01 1.77 1.79 2.20 2.71 2.86 2.66 2.27 1.92 1.82 1.78 1.61 1.50 1.51 1.48 1.37 1.31 1.36 1.44 1.62 1.86 1.98 1.98 2.06 2.35 2.75 3.08 3.24 3.06 2.42 1.63 1.35 1.70 2.47
3.16 3.15 3.03 2.66 2.12 1.74 1.72 1.82 1.81 1.58 1.31 1.22 1.27 1.31 1.37 1.49 1.68 1.81 1.85 1.88 1.94 2.08 2.40 2.77 2.97 2.90 2.58 2.26 2.12 2.06 1.99 1.70 1.33 1.25 1.37 1.55 1.83 2.16 2.35 2.38 2.18 1.87 1.72 1.77 1.82 1.90 2.20 2.54 2.54 2.21 1.90 1.72 1.80 2.22 2.67 2.78 2.61 2.30 2.02 2.00 1.98 1.68 1.45 1.44 1.45 1.38 1.35 1.40 1.47 1.60 1.82 1.97 1.94 2.06 2.54 2.99 3.09 3.05 2.95 2.51 1.77 1.31 1.56 2.40
3.12 3.16 3.07 2.66 2.17 1.84 1.75 1.76 1.75 1.63 1.40 1.25 1.24 1.29 1.38 1.49 1.62 1.73 1.82 1.89 1.95 2.11 2.49 2.85 2.93 2.80 2.57 2.32 2.05 1.91 1.95 1.72 1.31 1.24 1.39 1.55 1.85 2.25 2.49 2.48 2.18 1.77 1.66 1.80 1.88 1.93 2.19 2.46 2.43 2.09 1.77 1.68 1.88 2.28 2.62 2.68 2.51 2.29 2.14 2.17 2.16 1.83 1.49 1.40 1.41 1.39 1.39 1.43 1.50 1.63 1.81 1.88 1.90 2.17 2.79 3.16 3.01 2.75 2.75 2.58 1.97 1.38 1.49 2.30
2.90 3.08 3.17 2.77 2.24 1.97 1.87 1.77 1.67 1.62 1.50 1.28 1.20 1.28 1.38 1.48 1.57 1.68 1.86 1.96 2.00 2.21 2.63 2.91 2.86 2.66 2.53 2.34 1.96 1.77 1.90 1.75 1.34 1.26 1.42 1.57 1.87 2.29 2.56 2.59 2.24 1.74 1.61 1.78 1.86 1.93 2.17 2.39 2.31 1.95 1.64 1.71 2.04 2.37 2.54 2.54 2.39 2.24 2.20 2.25 2.28 2.07 1.68 1.44 1.36 1.36 1.40 1.45 1.53 1.63 1.73 1.81 1.97 2.42 3.01 3.19 2.85 2.47 2.50 2.58 2.22 1.53 1.43 2.13
2.46 2.84 3.23 3.01 2.49 2.14 1.98 1.81 1.63 1.58 1.52 1.28 1.15 1.25 1.38 1.46 1.56 1.70 1.87 1.98 2.05 2.31 2.73 2.97 2.81 2.51 2.40 2.28 1.90 1.70 1.83 1.74 1.42 1.33 1.45 1.60 1.91 2.31 2.59 2.63 2.31 1.81 1.58 1.68 1.78 1.90 2.18 2.33 2.17 1.76 1.58 1.85 2.23 2.42 2.45 2.38 2.27 2.19 2.21 2.27 2.33 2.28 1.97 1.56 1.32 1.30 1.38 1.45 1.51 1.56 1.63 1.84 2.18 2.67 3.08 3.11 2.72 2.34 2.32 2.51 2.37 1.75 1.41 1.90
1.98 2.49 3.16 3.20 2.78 2.35 2.08 1.88 1.67 1.55 1.44 1.26 1.15 1.24 1.36 1.46 1.59 1.70 1.79 1.90 2.12 2.45 2.83 3.01 2.78 2.38 2.22 2.14 1.91 1.73 1.74 1.67 1.50 1.43 1.50 1.65 1.95 2.33 2.58 2.60 2.36 1.96 1.65 1.58 1.65 1.87 2.19 2.28 1.99 1.61 1.62 2.04 2.36 2.42 2.35 2.25 2.16 2.12 2.17 2.27 2.36 2.39 2.21 1.73 1.32 1.24 1.35 1.44 1.48 1.49 1.63 1.99 2.41 2.75 3.00 2.97 2.68 2.35 2.25 2.39 2.39 1.96 1.48 1.62
1.68 2.17 2.97 3.29 3.05 2.55 2.20 1.94 1.73 1.52 1.33 1.22 1.19 1.25 1.35 1.45 1.58 1.63 1.66 1.84 2.20 2.60 2.95 3.01 2.69 2.26 2.05 2.04 1.97 1.82 1.67 1.56 1.52 1.50 1.56 1.71 1.98 2.32 2.52 2.53 2.38 2.12 1.81 1.57 1.55 1.80 2.17 2.19 1.83 1.55 1.75 2.20 2.43 2.40 2.27 2.15 2.06 2.01 2.10 2.28 2.40 2.44 2.34 1.93 1.42 1.25 1.34 1.45 1.48 1.50 1.72 2.14 2.45 2.70 2.91 2.88 2.65 2.41 2.25 2.27 2.34 2.10 1.60 1.46
1.52 1.94 2.73 3.27 3.24 2.76 2.29 1.97 1.73 1.51 1.32 1.24 1.22 1.24 1.32 1.42 1.51 1.52 1.60 1.86 2.25 2.68 3.00 2.96 2.55 2.14 1.98 2.01 2.04 1.93 1.65 1.45 1.47 1.54 1.61 1.73 1.97 2.29 2.46 2.44 2.37 2.23 1.99 1.69 1.54 1.70 2.05 2.08 1.71 1.57 1.92 2.34 2.46 2.38 2.22 2.07 1.96 1.91 2.02 2.28 2.43 2.44 2.38 2.11 1.63 1.37 1.38 1.47 1.52 1.57 1.77 2.09 2.32 2.64 2.90 2.83 2.62 2.44 2.25 2.17 2.27 2.17 1.67 1.39
