project/data/elevation/US_DEM2016/US_DEM2016_point_10-31-2019_0147_30m_vel.asc
ncols	125
nrows	167
xllcorner	-2042055.000000
yllcorner	1465035.000000
cellsize	30.000000
NODATA_value	-9999.000000
[rows 0 to 37 of 167, columns 0 to 83 of 125]
5.73 5.16 4.66 5.16 6.21 7.50 8.75 9.66 10.02 10.22 10.57 11.18 11.44 10.91 10.42 10.41 10.45 10.25 9.67 9.12 8.81 8.91 9.31 9.76 10.07 10.03 9.66 8.61 7.21 5.85 4.73 3.91 3.40 3.03 2.77 2.71 3.05 3.73 4.48 4.94 5.18 5.34 5.50 5.56 5.37 5.00 4.63 4.69 5.20 6.07 6.95 7.79 8.50 9.16 9.42 9.50 9.30 8.48 7.67 7.10 6.75 6.65 6.83 7.38 7.78 7.90 7.76 7.24 6.35 5.76 5.61 5.77 6.05 6.34 6.58 6.73 6.89 7.28 7.86 8.30 8.63 8.67 8.12 7.86
5.73 5.16 4.66 5.16 6.21 7.50 8.75 9.66 10.02 10.22 10.57 11.18 11.44 10.91 10.42 10.41 10.45 10.25 9.67 9.12 8.81 8.91 9.31 9.76 10.07 10.03 9.66 8.61 7.21 5.85 4.73 3.91 3.40 3.03 2.77 2.71 3.05 3.73 4.48 4.94 5.18 5.34 5.50 5.56 5.37 5.00 4.63 4.69 5.20 6.07 6.95 7.79 8.50 9.16 9.42 9.50 9.30 8.48 7.67 7.10 6.75 6.65 6.83 7.38 7.78 7.90 7.76 7.24 6.35 5.76 5.61 5.77 6.05 6.34 6.58 6.73 6.89 7.28 7.86 8.30 8.63 8.67 8.12 7.86
5.64 5.17 4.86 5.31 6.06 7.10 8.13 8.88 9.28 9.46 9.76 10.28 10.46 10.21 9.83 9.79 9.88 9.84 9.43 8.85 8.65 8.76 9.03 9.26 9.36 9.20 8.58 7.56 6.45 5.41 4.58 3.94 3.50 3.21 3.00 2.96 3.19 3.63 4.12 4.52 4.74 4.91 5.09 5.34 5.54 5.58 5.51 5.52 5.88 6.47 7.10 7.64 8.11 8.48 8.66 8.72 8.69 8.41 7.87 7.21 6.68 6.39 6.52 6.85 7.10 7.21 7.24 7.16 6.94 6.56 6.33 6.26 6.24 6.23 6.24 6.30 6.50 6.91 7.34 7.59 7.71 7.83 7.83 7.90
6.00 5.57 5.42 5.74 6.15 6.65 7.21 7.52 7.57 7.67 8.03 8.37 8.50 8.38 8.31 8.30 8.42 8.66 8.62 8.40 8.42 8.53 8.48 8.21 7.90 7.49 6.87 6.23 5.60 5.07 4.64 4.28 4.08 4.01 3.94 3.85 3.78 3.81 3.88 4.07 4.50 4.91 5.25 5.63 6.09 6.46 6.70 6.78 6.89 7.10 7.30 7.33 7.31 7.20 7.13 6.93 6.93 7.22 7.38 7.29 6.99 6.64 6.36 6.15 5.88 5.78 5.98 6.44 6.86 7.06 7.02 6.75 6.38 5.99 5.72 5.67 5.85 6.16 6.29 6.13 6.14 6.67 7.34 7.84
6.38 6.05 5.98 6.14 6.32 6.53 6.66 6.66 6.46 6.36 6.48 6.72 6.89 6.89 6.90 6.93 7.04 7.33 7.76 8.16 8.43 8.31 7.90 7.23 6.57 6.14 5.95 5.78 5.58 5.40 5.25 5.18 5.23 5.28 5.19 4.96 4.71 4.54 4.40 4.48 4.96 5.49 5.99 6.44 6.68 6.88 7.06 7.27 7.43 7.48 7.41 7.18 6.82 6.37 5.95 5.29 4.94 5.09 5.69 6.40 6.78 6.79 6.47 5.84 5.26 4.86 4.75 4.97 5.39 5.73 5.88 5.81 5.61 5.38 5.25 5.26 5.38 5.49 5.47 5.33 5.47 6.16 6.96 7.30
6.42 6.23 6.27 6.44 6.45 6.46 6.38 6.06 5.81 5.65 5.52 5.63 5.95 6.19 6.43 6.62 6.78 6.90 7.33 7.87 8.11 7.77 7.10 6.27 5.64 5.49 5.61 5.74 5.84 5.94 6.06 6.20 6.26 6.14 5.91 5.66 5.45 5.29 5.13 5.06 5.17 5.40 5.85 6.41 6.72 6.83 6.97 7.24 7.42 7.46 7.36 7.14 6.82 6.14 5.34 4.67 4.44 4.54 4.82 5.18 5.59 5.87 5.79 5.32 4.82 4.45 4.24 4.13 4.11 4.14 4.22 4.31 4.39 4.50 4.65 4.80 4.93 5.03 5.10 5.18 5.39 5.88 6.35 6.32
6.53 6.51 6.62 6.78 6.67 6.41 6.05 5.54 5.22 5.13 5.02 5.01 5.32 5.90 6.47 6.72 6.97 7.07 7.07 7.11 7.13 6.83 6.24 5.64 5.38 5.41 5.56 5.72 5.91 6.22 6.54 6.75 6.70 6.54 6.36 6.25 6.19 6.07 5.81 5.48 5.24 5.22 5.39 5.73 6.03 6.07 6.14 6.37 6.72 6.94 7.07 7.06 6.85 6.58 6.18 5.79 5.76 5.74 5.55 5.24 4.91 4.76 4.69 4.56 4.38 4.22 4.10 4.02 3.95 3.85 3.79 3.81 3.93 4.11 4.29 4.42 4.50 4.64 4.89 5.13 5.35 5.63 5.74 5.40
6.64 6.84 7.19 7.19 6.96 6.33 5.67 5.10 4.91 5.01 4.93 4.73 5.00 5.72 6.33 6.44 6.62 6.74 6.48 6.15 6.02 5.85 5.58 5.43 5.41 5.49 5.63 5.74 5.90 6.23 6.63 6.90 7.00 7.11 7.30 7.56 7.62 7.41 7.00 6.46 5.88 5.43 5.25 5.14 5.01 4.99 5.05 5.32 5.94 6.62 6.92 6.99 6.99 7.19 7.34 7.35 7.10 6.73 6.18 5.51 4.82 4.34 4.19 4.20 4.18 4.10 4.08 4.16 4.21 4.14 4.02 3.97 4.02 4.13 4.26 4.36 4.42 4.60 4.90 5.08 5.20 5.32 5.23 4.84
6.96 7.23 7.71 7.60 7.17 6.49 5.71 5.27 5.28 5.30 5.15 4.99 5.19 5.67 5.93 5.81 5.77 5.87 5.74 5.49 5.42 5.25 5.03 5.05 5.19 5.40 5.73 6.05 6.24 6.39 6.74 7.17 7.64 8.28 8.94 9.34 9.36 9.05 8.60 8.02 7.27 6.45 5.77 5.29 4.97 4.89 5.19 5.68 6.41 6.92 6.94 6.61 6.41 6.57 6.83 6.92 6.66 6.15 5.53 4.98 4.57 4.32 4.26 4.32 4.36 4.38 4.45 4.55 4.50 4.33 4.19 4.13 4.19 4.40 4.68 4.91 5.13 5.41 5.56 5.46 5.30 5.16 4.99 5.09
7.13 7.51 7.91 7.77 7.34 6.85 6.23 6.04 6.22 6.28 5.97 5.69 5.71 5.76 5.59 5.22 4.99 5.13 5.35 5.41 5.39 5.05 4.69 4.71 4.97 5.30 5.72 6.17 6.54 6.85 7.29 7.84 8.53 9.21 9.64 9.73 9.61 9.45 9.31 9.09 8.66 7.98 7.20 6.47 5.89 5.82 6.05 6.57 7.12 7.21 6.77 5.83 5.16 4.65 4.68 4.94 5.02 4.78 4.52 4.34 4.26 4.26 4.32 4.48 4.83 5.12 5.34 5.35 4.95 4.49 4.35 4.49 4.86 5.36 5.80 6.14 6.51 6.85 6.89 6.61 6.19 5.89 5.72 5.58
7.35 7.40 7.71 7.81 7.62 7.45 7.35 7.57 7.78 7.65 7.27 6.80 6.36 5.91 5.41 4.85 4.60 4.96 5.49 5.81 5.75 5.34 4.96 4.93 5.16 5.46 5.72 6.10 6.76 7.51 8.12 8.60 8.91 8.92 8.58 8.10 8.02 8.36 8.77 9.03 9.08 8.82 8.28 7.56 6.91 6.55 6.50 6.91 7.26 7.09 6.27 5.26 4.46 3.89 3.59 3.52 3.66 3.86 4.02 4.13 4.20 4.30 4.50 4.84 5.39 5.97 6.25 6.06 5.53 4.92 4.87 5.34 6.00 6.59 7.07 7.46 7.77 7.87 7.70 7.37 7.09 6.88 6.67 6.39
7.23 6.93 7.12 7.76 8.20 8.51 8.84 9.15 9.28 8.96 8.45 7.92 7.27 6.38 5.53 5.02 4.88 5.28 5.87 6.18 6.09 5.75 5.46 5.39 5.54 5.84 6.17 6.66 7.38 8.05 8.35 8.39 8.07 7.39 6.53 6.04 6.24 6.82 7.34 7.77 8.17 8.46 8.49 8.21 7.66 7.09 6.88 7.08 7.06 6.57 5.59 4.95 4.52 4.00 3.50 3.17 3.22 3.61 3.99 4.23 4.43 4.73 5.15 5.59 6.09 6.50 6.62 6.47 6.12 5.83 5.76 6.22 6.80 7.36 7.75 7.93 7.81 7.38 6.69 6.22 6.04 5.99 5.97 5.90
6.71 6.35 6.36 7.28 8.21 8.89 9.31 9.46 9.48 9.25 8.92 8.53 8.03 7.14 6.28 5.78 5.60 5.68 5.90 6.01 5.90 5.69 5.54 5.54 5.76 6.13 6.60 7.07 7.37 7.42 7.21 6.71 5.92 5.05 4.62 4.82 5.27 5.50 5.54 5.89 6.45 7.08 7.69 8.06 8.00 7.60 7.26 7.18 6.68 5.67 4.76 4.34 3.94 3.55 3.27 3.22 3.43 3.81 4.25 4.64 5.03 5.48 5.94 6.29 6.52 6.60 6.61 6.70 6.75 6.71 6.73 7.02 7.50 7.79 7.68 7.19 6.36 5.30 4.45 4.02 3.94 4.10 4.38 4.64
6.71 6.53 6.43 6.68 7.20 7.79 8.10 8.13 8.00 7.98 8.07 8.10 8.02 7.70 7.22 6.70 6.27 5.91 5.64 5.38 5.17 5.10 5.18 5.34 5.57 5.82 6.04 6.06 5.78 5.34 4.83 4.15 3.51 3.16 3.34 3.88 4.14 4.02 4.01 4.31 4.74 5.30 5.96 6.62 7.17 7.37 7.34 7.10 6.46 5.34 4.38 3.60 3.11 3.04 3.22 3.56 3.91 4.25 4.68 5.25 5.78 6.21 6.50 6.69 6.81 6.87 6.96 7.15 7.31 7.34 7.43 7.74 7.89 7.53 6.63 5.43 4.32 3.69 3.47 3.52 3.75 4.05 4.32 4.41
7.04 7.14 6.82 6.35 5.92 5.80 5.74 5.52 5.34 5.54 5.98 6.47 6.83 7.13 7.24 7.07 6.64 6.07 5.48 4.88 4.46 4.53 4.79 4.95 4.94 4.82 4.60 4.22 3.77 3.41 3.12 2.93 2.92 3.05 3.22 3.28 3.23 3.28 3.44 3.61 3.76 3.98 4.32 4.88 5.73 6.81 7.21 7.12 6.53 5.64 4.53 3.64 3.32 3.51 3.98 4.36 4.53 4.71 5.12 5.78 6.50 6.94 7.22 7.40 7.57 7.76 7.88 7.90 7.89 7.88 7.96 8.03 7.54 6.32 5.00 4.16 3.86 3.82 3.99 4.39 4.86 5.24 5.33 5.30
7.07 6.99 6.53 5.83 4.79 4.00 3.47 3.16 3.18 3.41 3.81 4.22 4.74 5.40 6.13 6.56 6.55 6.12 5.46 4.76 4.39 4.49 4.68 4.64 4.37 4.01 3.67 3.46 3.35 3.23 3.18 3.36 3.73 4.01 4.03 3.92 3.84 3.92 4.08 4.19 4.21 4.27 4.50 5.10 5.99 7.04 7.39 7.18 6.50 5.57 4.79 4.39 4.35 4.72 5.12 5.28 5.20 5.24 5.71 6.55 7.36 7.99 8.37 8.55 8.70 8.93 9.03 8.98 8.90 8.80 8.58 7.96 6.67 5.35 4.71 4.67 4.82 4.83 4.92 5.30 5.85 6.20 6.28 6.49
6.62 6.14 5.50 4.95 3.92 3.11 2.72 2.69 2.88 3.27 3.63 3.85 4.15 4.70 5.34 5.82 6.07 5.99 5.59 5.16 4.94 4.89 4.79 4.59 4.33 4.10 4.00 4.09 4.20 4.20 4.11 4.09 4.34 4.80 5.10 5.25 5.27 5.22 5.22 5.34 5.58 5.93 6.32 6.95 7.62 7.90 7.63 7.13 6.49 5.83 5.34 5.21 5.39 5.75 6.07 6.18 6.05 6.22 6.87 7.77 8.65 9.25 9.57 9.67 9.65 9.65 9.72 9.80 9.85 9.60 9.01 8.01 6.54 5.89 6.01 6.30 6.30 6.08 6.01 6.30 6.72 7.06 7.36 7.78
6.44 5.93 5.12 4.40 3.83 3.54 3.67 4.05 4.53 5.07 5.45 5.63 5.78 5.84 5.79 5.60 5.63 5.80 5.79 5.68 5.50 5.21 4.90 4.70 4.63 4.66 4.78 4.92 5.08 5.21 5.18 4.98 4.99 5.38 5.88 6.29 6.48 6.48 6.39 6.55 7.07 7.57 8.05 8.39 8.41 7.90 7.15 6.65 6.40 6.19 5.93 5.86 6.11 6.54 6.84 6.91 7.00 7.34 8.17 9.06 9.68 9.90 9.88 9.80 9.67 9.53 9.47 9.51 9.69 9.64 9.33 8.94 8.22 8.03 8.39 8.64 8.55 8.21 8.05 8.03 8.07 8.19 8.48 8.70
6.56 6.21 5.39 4.65 4.48 4.97 5.74 6.46 7.10 7.59 7.88 7.99 7.85 7.35 6.61 5.94 5.65 5.74 5.86 5.86 5.71 5.43 5.15 5.03 5.09 5.23 5.34 5.47 5.70 5.99 6.22 6.30 6.32 6.43 6.73 7.19 7.62 7.79 7.88 8.09 8.43 8.71 8.75 8.43 7.65 6.53 5.63 5.49 5.90 6.20 6.44 6.61 6.96 7.32 7.45 7.36 7.58 8.22 9.07 9.59 9.64 9.34 8.94 8.73 8.73 8.79 8.85 8.79 8.75 8.93 9.41 9.88 10.37 10.62 10.84 11.16 11.30 11.20 10.97 10.55 10.08 9.62 9.31 8.94
6.29 5.76 5.01 4.73 5.32 6.44 7.60 8.50 9.09 9.29 9.24 9.03 8.66 7.99 7.27 6.62 6.17 5.97 5.96 5.94 5.85 5.75 5.67 5.67 5.69 5.73 5.85 6.04 6.28 6.62 7.11 7.64 8.07 8.34 8.50 8.70 8.84 8.87 9.04 9.23 9.19 8.85 8.21 7.25 6.06 4.93 4.39 4.60 5.52 6.32 6.98 7.48 7.82 7.89 7.77 7.64 8.03 8.77 9.15 9.11 8.57 7.89 7.36 7.12 7.26 7.61 7.91 7.97 7.83 7.95 8.72 9.70 10.59 11.11 11.46 11.96 12.31 12.35 12.12 11.77 11.22 10.57 9.72 8.77
5.51 5.02 4.65 5.14 6.47 7.93 8.91 9.43 9.58 9.38 9.01 8.65 8.30 7.91 7.57 7.16 6.69 6.29 6.14 6.13 6.15 6.27 6.47 6.62 6.66 6.62 6.75 6.95 7.16 7.50 8.12 8.88 9.51 9.91 10.04 9.83 9.50 9.29 9.25 9.11 8.61 7.72 6.61 5.46 4.62 4.25 4.30 4.94 6.01 6.99 7.87 8.50 8.70 8.49 8.19 8.18 8.56 8.75 8.60 7.94 7.06 6.26 5.65 5.29 5.43 5.65 5.93 6.18 6.35 6.62 7.13 7.93 8.84 9.46 9.92 10.39 10.73 10.83 10.88 10.82 10.70 10.30 9.72 8.77
5.95 5.72 5.91 6.95 8.27 9.16 9.39 9.23 8.87 8.29 7.86 7.59 7.36 7.29 7.26 7.10 6.79 6.46 6.36 6.50 6.80 7.23 7.65 7.92 8.04 8.07 8.16 8.32 8.55 8.92 9.47 9.94 10.14 10.09 9.79 9.31 8.93 8.60 8.25 7.62 6.75 5.78 4.81 4.13 4.04 4.44 5.16 6.17 7.04 7.93 8.63 8.94 9.00 8.99 8.77 8.68 8.63 8.28 7.58 6.50 5.49 4.67 3.88 3.52 3.53 3.48 3.43 3.72 4.30 4.79 5.50 6.00 6.37 6.61 6.83 7.18 7.23 7.42 7.75 8.04 8.73 9.32 9.49 9.27
6.98 7.44 8.37 9.07 9.48 9.50 8.97 8.28 7.59 7.15 6.91 6.72 6.55 6.51 6.54 6.58 6.55 6.49 6.62 6.95 7.51 8.10 8.55 8.89 9.05 9.20 9.38 9.59 9.86 10.17 10.32 10.11 9.54 8.78 7.97 7.44 7.40 7.12 6.43 5.50 4.62 4.08 3.81 3.98 4.52 5.22 6.14 7.06 7.87 8.51 8.70 8.69 8.65 8.76 8.83 8.66 8.20 7.44 6.36 5.25 4.25 3.30 2.68 2.55 2.61 2.57 2.59 2.87 3.36 3.96 4.51 4.92 4.99 4.84 4.67 4.73 4.97 5.47 5.94 6.36 7.01 7.94 8.78 9.11
7.59 8.31 9.28 9.52 9.38 8.89 8.06 7.35 6.70 6.45 6.37 6.20 6.04 5.94 5.95 6.11 6.31 6.53 6.78 7.00 7.29 7.60 8.00 8.51 8.90 9.27 9.64 9.96 10.13 10.10 9.69 8.81 7.61 6.63 6.02 5.85 5.74 5.20 4.39 3.83 3.52 3.51 3.87 4.65 5.38 6.09 6.92 7.66 8.25 8.40 8.09 7.76 7.68 7.86 8.06 8.00 7.57 6.80 5.75 4.78 3.88 3.05 2.66 2.68 2.79 2.88 3.14 3.60 4.01 4.17 4.29 4.42 4.36 4.05 3.74 3.76 4.27 4.95 5.30 5.53 6.01 6.62 7.44 8.07
7.91 8.28 8.75 8.78 8.44 7.76 7.10 6.61 6.26 6.09 5.95 5.75 5.62 5.57 5.64 5.87 6.21 6.50 6.62 6.54 6.41 6.36 6.61 7.17 7.96 8.62 9.11 9.32 9.18 8.64 7.73 6.52 5.34 4.66 4.42 4.34 3.94 3.43 3.16 3.26 3.59 4.12 4.87 5.58 6.31 7.09 7.69 8.16 8.25 7.90 7.41 7.12 7.04 7.07 7.17 7.23 7.12 6.71 5.91 5.01 4.30 3.89 3.86 4.05 4.19 4.28 4.62 4.84 4.69 4.41 4.23 4.20 4.05 3.72 3.45 3.61 4.12 4.44 4.45 4.64 5.04 5.39 6.04 6.94
8.19 7.87 7.66 7.72 7.50 7.03 6.54 6.08 5.86 5.71 5.53 5.37 5.25 5.28 5.53 5.86 6.24 6.46 6.50 6.39 6.30 6.37 6.71 7.27 7.96 8.39 8.42 8.11 7.50 6.64 5.59 4.66 3.87 3.43 3.26 3.17 3.02 2.99 3.21 3.68 4.38 5.20 5.86 6.56 7.35 8.02 8.40 8.41 8.00 7.39 6.88 6.61 6.49 6.53 6.72 6.87 6.99 6.92 6.51 5.83 5.36 5.27 5.45 5.66 5.77 5.92 5.98 5.60 4.95 4.64 4.58 4.29 3.90 3.66 3.60 3.77 4.01 3.97 3.85 4.08 4.38 4.61 5.10 6.09
8.32 7.74 7.07 7.01 7.01 6.95 6.78 6.34 6.01 5.84 5.64 5.51 5.44 5.51 5.75 6.14 6.43 6.69 6.87 7.01 7.27 7.70 8.21 8.57 8.59 8.21 7.50 6.64 5.77 4.95 4.17 3.64 3.41 3.36 3.34 3.33 3.50 3.85 4.19 4.57 5.16 5.83 6.57 7.43 8.19 8.71 8.74 8.36 7.68 6.94 6.30 5.92 5.92 6.16 6.52 6.83 6.98 7.12 7.17 7.07 6.99 7.13 7.37 7.51 7.51 7.35 6.94 6.39 5.93 5.76 5.39 4.75 4.11 3.97 4.02 3.99 3.97 3.95 4.00 4.16 4.30 4.41 4.73 5.36
8.36 7.76 6.94 6.74 6.79 6.98 7.20 7.12 6.85 6.69 6.57 6.39 6.38 6.45 6.53 6.57 6.72 7.01 7.39 7.81 8.26 8.67 8.82 8.61 8.01 7.10 6.10 5.13 4.30 3.76 3.54 3.53 3.73 4.11 4.34 4.45 4.59 4.88 5.24 5.49 5.78 6.27 7.12 8.02 8.70 8.95 8.68 8.07 7.38 6.66 5.95 5.61 5.74 6.10 6.43 6.60 6.72 7.14 7.60 8.02 8.55 9.11 9.58 9.82 9.58 9.08 8.38 7.82 7.61 7.23 6.29 5.26 4.80 4.87 4.78 4.40 4.26 4.42 4.56 4.58 4.53 4.49 4.61 4.87
8.15 7.50 6.68 6.46 6.46 6.80 7.18 7.42 7.37 7.27 7.20 7.03 7.04 7.13 7.17 7.03 6.90 7.02 7.44 7.93 8.24 8.21 7.74 6.93 6.07 5.26 4.53 3.86 3.42 3.36 3.61 4.20 4.73 5.04 5.32 5.54 5.67 5.82 6.11 6.25 6.42 6.86 7.72 8.42 8.83 8.72 8.18 7.59 7.15 6.78 6.33 5.99 6.00 6.19 6.19 6.21 6.55 7.24 7.85 8.58 9.38 10.03 10.49 10.70 10.83 10.59 10.10 9.63 9.05 8.25 7.25 6.37 6.13 6.05 5.71 5.31 5.32 5.54 5.52 5.22 4.86 4.64 4.54 4.53
7.88 7.45 6.80 6.47 6.39 6.50 6.85 7.25 7.40 7.26 6.96 6.69 6.65 6.74 6.86 6.89 6.72 6.78 7.08 7.30 7.14 6.54 5.67 4.79 4.08 3.53 3.12 2.99 3.14 3.59 4.42 5.26 5.73 5.98 6.16 6.35 6.59 6.74 6.78 6.89 7.14 7.62 8.14 8.51 8.42 7.90 7.25 6.95 7.04 7.15 7.11 6.94 6.64 6.54 6.39 6.44 6.88 7.55 8.05 8.74 9.29 9.77 10.00 10.10 10.41 10.64 10.65 10.65 10.28 9.66 9.18 8.77 8.31 7.58 6.84 6.63 6.86 7.00 6.60 5.89 5.16 4.65 4.32 4.28
8.06 7.86 7.30 6.87 6.70 6.58 6.68 7.02 7.31 7.30 6.95 6.55 6.34 6.24 6.25 6.46 6.37 6.54 6.65 6.30 5.48 4.47 3.61 2.96 2.44 2.10 2.00 2.27 2.98 4.10 5.20 5.85 6.28 6.57 6.77 6.96 7.09 7.11 7.10 7.22 7.60 8.01 8.33 8.25 7.72 6.87 6.46 6.47 6.77 7.29 7.51 7.50 7.39 7.17 7.02 7.00 7.14 7.52 7.96 8.46 8.60 8.44 8.05 8.02 8.52 9.27 9.93 10.52 10.95 11.05 11.11 10.91 10.33 9.52 8.69 8.41 8.30 7.88 7.04 5.89 4.99 4.49 4.22 4.10
8.25 7.82 7.23 6.95 6.88 6.81 6.69 6.82 7.18 7.51 7.54 7.22 6.88 6.52 6.27 6.13 6.21 6.30 5.99 5.10 3.96 3.05 2.44 2.05 1.79 1.70 1.82 2.20 2.92 3.90 4.80 5.33 5.74 6.14 6.51 6.79 6.81 6.83 6.90 7.17 7.60 8.04 8.24 7.96 7.42 6.72 6.35 6.32 6.50 6.86 7.32 7.53 7.68 7.58 7.37 7.07 6.93 6.99 7.37 7.63 7.54 7.07 6.60 6.51 6.82 7.51 8.45 9.36 10.18 10.76 11.17 11.33 11.06 10.69 10.35 9.85 8.98 7.79 6.52 5.48 4.90 4.58 4.27 3.94
7.81 7.04 6.23 6.25 6.47 6.58 6.46 6.40 6.76 7.27 7.61 7.53 7.20 6.82 6.53 6.26 6.13 5.85 5.16 4.20 3.48 3.02 2.55 2.49 2.39 2.50 2.77 3.03 3.30 3.59 3.83 4.11 4.43 4.81 5.22 5.58 5.85 6.12 6.48 6.97 7.38 7.71 7.71 7.34 6.91 6.48 6.08 6.04 6.15 6.34 6.69 7.18 7.40 7.41 7.17 6.68 6.42 6.34 6.64 6.78 6.51 5.95 5.65 5.84 6.28 6.68 7.11 7.62 8.21 8.77 9.27 9.70 10.06 10.28 10.34 10.09 9.00 7.42 6.30 5.75 5.38 4.81 4.21 3.97
6.79 6.20 5.62 5.69 5.80 5.74 5.57 5.58 5.83 6.38 6.91 7.15 7.03 6.75 6.53 6.25 5.94 5.44 4.82 4.64 4.02 4.01 3.93 3.85 3.83 3.99 4.15 4.27 4.24 4.12 4.05 4.00 3.98 4.02 4.21 4.60 5.19 5.65 6.18 6.72 7.02 7.06 6.64 5.86 5.10 4.81 4.89 5.13 5.39 5.82 6.19 6.55 6.81 6.81 6.55 6.17 5.95 6.00 6.16 6.20 5.86 5.32 5.30 5.60 6.05 6.29 6.26 6.25 6.40 6.72 6.84 7.23 7.93 8.63 9.14 9.44 9.10 8.13 7.13 6.52 5.73 4.88 4.41 4.47
6.35 6.28 6.25 6.15 5.74 5.31 5.10 5.03 5.06 5.41 6.02 6.57 6.81 6.70 6.46 6.13 5.76 5.37 5.41 4.99 5.23 5.35 5.46 5.48 5.48 5.50 5.56 5.48 5.37 5.25 5.11 4.87 4.56 4.31 4.30 4.61 5.11 5.54 6.04 6.49 6.63 6.35 5.50 4.28 3.64 3.69 4.11 4.65 5.20 5.64 5.95 6.11 6.17 6.21 6.07 5.97 5.93 6.05 6.07 6.05 5.85 5.60 5.64 5.70 5.77 5.55 5.27 5.26 5.44 5.64 5.78 6.00 6.42 7.02 7.49 8.27 8.96 8.99 8.34 7.24 6.01 5.40 5.45 5.77
6.94 7.23 7.53 7.29 6.74 5.97 5.44 5.12 4.84 4.76 5.08 5.74 6.33 6.57 6.41 6.01 5.70 5.58 5.68 5.95 6.34 6.68 6.97 7.13 7.17 7.03 6.78 6.50 6.18 5.89 5.66 5.46 5.28 5.10 4.96 5.03 5.39 5.78 6.26 6.59 6.51 5.93 4.99 4.12 4.00 4.44 5.07 5.69 6.05 6.13 6.03 5.91 5.81 5.94 6.01 6.05 6.05 6.16 6.15 6.26 6.27 6.18 5.94 5.52 5.14 4.77 4.50 4.60 4.95 5.23 5.45 5.74 5.87 6.10 6.49 7.23 8.27 9.02 9.15 8.62 7.65 7.32 7.48 7.62
7.51 7.87 8.12 7.82 7.32 6.65 6.00 5.42 4.90 4.46 4.32 4.66 5.38 5.99 6.18 5.90 5.67 5.78 6.13 6.77 7.27 7.76 8.16 8.44 8.45 8.27 7.96 7.54 6.99 6.39 5.88 5.61 5.61 5.81 6.03 6.09 6.21 6.52 6.95 7.18 7.03 6.49 5.74 5.43 5.79 6.41 7.01 7.27 7.18 6.64 6.20 5.87 5.76 5.85 6.03 6.09 6.08 6.22 6.33 6.63 6.69 6.49 6.03 5.31 4.68 4.28 4.20 4.37 4.69 4.89 5.13 5.45 5.62 5.64 6.01 6.57 7.34 8.36 9.28 9.96 10.15 9.92 9.54 9.19
7.73 7.87 7.74 7.33 6.85 6.33 5.91 5.44 4.85 4.26 3.96 4.00 4.41 5.14 5.65 5.70 5.59 5.77 6.29 6.93 7.46 7.89 8.23 8.49 8.56 8.53 8.41 8.19 7.78 7.19 6.50 5.97 5.86 6.16 6.51 6.80 7.09 7.41 7.70 8.00 8.15 7.98 7.82 7.62 7.77 8.12 8.24 7.88 7.31 6.69 6.20 5.96 5.75 5.81 6.00 6.07 6.09 6.34 6.58 6.86 6.85 6.61 6.22 5.60 4.94 4.52 4.37 4.43 4.55 4.64 4.76 4.97 5.23 5.41 5.72 6.14 6.69 7.47 8.68 9.90 10.77 10.81 10.29 9.59
