project/data/elevation/US_DEM2016/US_DEM2016_point_10-29-2019_1818_30m_ang.asc
ncols	125
nrows	167
xllcorner	-2042055.000000
yllcorner	1465035.000000
cellsize	30.000000
NODATA_value	-9999.000000
[rows 42 to 83 of 167, columns 0 to 93 of 125]
126 128 134 140 143 145 148 151 152 152 152 154 165 182 190 182 173 165 162 161 158 155 153 153 152 151 150 151 152 154 154 152 151 152 151 150 148 149 150 150 151 153 158 158 151 147 148 152 156 159 161 160 159 163 171 170 160 152 145 134 126 124 126 129 131 132 130 126 123 123 123 128 132 131 130 135 145 147 141 141 154 165 164 160 157 153 152 155 158 160 163 166 169 174
128 130 136 142 145 147 150 151 152 152 153 158 174 169 188 178 171 166 163 161 161 159 157 156 156 155 154 153 153 152 150 147 147 150 153 151 147 145 148 150 151 154 159 160 150 142 142 145 148 151 155 157 159 166 173 171 164 159 153 145 137 134 136 138 139 138 135 133 132 130 125 120 118 117 115 120 130 136 136 139 153 162 159 156 154 150 148 152 156 161 167 170 173 178
129 132 137 143 146 150 153 154 154 155 157 165 183 174 185 174 169 165 161 159 160 160 159 158 158 155 154 154 153 151 147 142 142 147 153 152 149 146 146 150 152 155 161 162 148 136 133 135 136 137 141 146 152 164 172 169 165 163 159 153 145 140 139 140 142 141 140 139 138 133 126 117 113 110 107 109 115 122 126 133 147 156 156 154 152 148 146 147 150 155 163 171 177 183
131 134 140 145 148 151 154 156 157 158 162 174 190 193 180 171 167 162 158 157 158 158 158 158 158 155 153 152 150 148 144 140 138 142 149 152 151 149 147 149 152 157 164 164 145 130 126 131 137 141 141 141 143 152 163 166 165 164 162 156 147 141 139 142 145 145 144 143 140 135 129 125 122 119 116 115 116 118 127 126 138 149 153 152 150 148 147 147 149 151 156 166 179 188
131 135 142 146 149 151 154 157 159 162 168 183 194 188 176 170 166 161 157 156 156 156 156 157 157 155 152 150 147 144 142 138 136 138 145 150 152 151 149 149 153 161 170 164 145 131 130 135 142 145 143 139 136 141 152 161 165 165 163 157 148 141 141 144 146 146 145 144 143 140 136 134 132 131 129 126 125 124 123 125 144 144 151 150 148 148 149 150 153 157 160 167 180 191
128 132 141 146 148 150 152 155 159 164 174 189 177 177 172 169 166 161 157 155 155 156 157 157 155 153 151 147 143 141 140 138 134 134 140 148 152 153 152 153 158 169 172 162 150 138 133 135 139 141 139 134 134 139 149 160 166 167 165 160 151 143 141 143 144 146 147 148 147 146 144 142 141 140 138 135 133 133 132 132 134 142 149 150 149 149 151 152 155 160 166 175 185 195
127 130 138 144 147 148 149 153 157 164 181 193 186 167 166 165 165 161 157 155 155 156 157 156 154 151 147 142 138 138 140 140 135 133 136 144 150 153 154 157 166 173 167 158 150 138 131 131 137 141 139 136 139 144 153 164 170 169 167 162 155 146 142 143 147 150 152 153 154 153 153 152 152 151 148 145 143 143 142 140 139 141 145 148 149 150 152 152 154 160 171 181 190 199
127 129 136 142 146 148 149 151 155 167 189 196 178 161 159 161 162 160 157 155 154 154 156 155 152 148 142 136 133 135 141 143 139 136 137 141 148 154 156 162 172 171 158 149 142 133 129 131 140 143 140 141 144 151 160 169 174 172 167 163 158 152 148 148 150 153 155 157 159 160 160 160 159 159 158 156 154 153 152 150 147 142 141 143 147 149 151 151 151 161 177 185 191 195
126 129 136 142 146 150 153 153 157 172 192 191 172 161 159 161 162 161 159 156 154 153 154 153 151 147 139 132 130 133 140 144 142 141 142 145 150 158 165 173 174 164 152 145 140 135 133 138 145 145 143 145 149 157 165 173 177 173 167 162 158 153 150 148 149 152 155 158 161 162 163 163 162 162 161 161 160 160 161 161 158 152 144 141 143 148 151 149 150 164 181 185 188 188
124 128 136 142 147 153 156 155 159 176 190 183 168 162 162 164 165 164 161 158 155 154 153 151 149 145 137 129 127 130 138 142 143 144 145 149 157 169 180 180 171 163 157 153 148 143 143 146 151 150 149 149 154 161 169 176 180 175 167 161 155 150 146 143 144 147 150 154 156 158 159 160 160 160 161 161 161 162 164 166 165 162 155 148 144 146 150 150 153 170 182 183 187 188
123 126 133 140 146 154 158 157 160 176 186 178 166 162 164 166 168 168 164 160 157 156 153 149 146 142 135 127 124 126 133 138 142 144 144 150 164 180 184 176 169 163 160 157 152 148 147 150 154 155 154 155 158 164 171 178 183 179 169 160 152 147 140 136 135 137 139 139 141 143 146 150 152 153 155 157 157 156 159 163 164 164 162 163 152 175 150 153 160 174 181 185 192 189
123 125 130 136 142 152 158 158 161 174 160 168 164 162 165 167 169 169 165 161 157 155 152 148 144 140 133 126 123 124 130 135 141 145 144 152 170 183 179 171 166 162 158 155 150 146 146 149 155 158 158 159 162 167 173 181 188 183 171 160 153 148 140 132 128 128 128 129 130 131 133 136 139 142 145 149 149 147 149 152 154 155 157 157 155 176 152 158 166 176 181 188 191 182
125 126 130 134 138 147 155 157 162 171 179 161 163 161 166 167 167 166 164 160 157 154 151 147 143 139 133 127 125 127 132 136 141 145 147 155 173 181 173 165 161 158 154 150 145 142 143 147 154 159 160 161 164 170 176 185 191 184 170 161 155 150 141 131 126 126 129 132 133 132 130 127 125 126 131 137 138 136 137 136 133 132 134 140 146 151 156 162 169 175 181 185 182 174
129 130 133 136 139 144 149 153 159 169 178 155 166 162 164 149 161 158 157 156 156 154 151 147 143 139 134 130 128 130 135 138 140 144 149 162 177 177 167 159 154 151 148 143 139 138 140 146 154 160 161 161 166 173 180 188 192 182 169 161 156 150 141 131 126 128 133 136 135 132 126 119 114 113 116 119 118 115 114 112 140 113 120 129 167 149 158 165 171 174 178 179 174 169
132 134 138 142 144 147 148 148 154 167 179 146 145 168 164 162 158 154 152 154 155 154 152 148 145 141 137 133 130 131 136 139 140 144 153 170 179 174 166 158 152 147 142 137 135 135 138 145 154 161 161 161 166 175 184 192 191 179 167 160 155 149 139 130 128 130 134 137 135 131 126 123 122 119 113 112 111 112 97 104 113 122 130 136 160 152 159 166 172 173 174 174 169 164
131 135 142 148 151 154 153 151 154 167 145 188 184 178 173 168 163 159 157 155 155 154 153 151 147 145 141 136 133 136 142 146 148 151 160 174 178 174 168 161 154 147 139 134 133 134 137 143 151 158 159 160 167 177 188 195 192 179 167 160 154 149 142 133 129 130 133 136 135 135 135 135 134 131 124 115 109 110 116 123 130 135 139 150 150 156 160 167 172 172 172 171 166 159
128 132 143 151 157 160 158 156 157 169 186 191 184 179 174 170 166 163 161 159 157 156 154 152 150 148 145 139 137 140 146 151 154 158 167 177 177 172 167 162 156 147 138 132 130 131 135 139 145 152 155 158 167 179 191 199 194 181 169 163 158 155 149 140 133 131 135 138 139 141 142 143 143 142 137 132 130 131 134 135 137 140 145 150 155 160 162 167 171 171 169 167 161 153
124 129 140 151 159 164 162 160 162 172 138 188 180 171 171 168 165 162 161 160 159 157 154 151 150 150 147 140 139 141 146 150 153 160 170 178 176 169 164 160 155 147 136 130 126 127 130 132 136 142 148 156 167 180 195 201 194 181 170 164 160 156 152 145 141 139 141 143 143 144 146 149 153 151 144 141 140 141 141 142 142 144 148 154 157 161 164 167 171 169 166 163 156 149
123 127 138 149 157 164 165 164 167 176 187 184 173 168 165 163 161 158 157 157 156 154 150 148 149 149 143 138 139 143 147 148 150 156 167 177 174 167 162 158 153 145 134 126 122 123 123 124 126 131 139 150 162 179 195 198 190 179 169 163 158 154 151 148 147 149 150 147 145 147 152 158 160 154 150 148 148 148 148 147 147 148 151 155 179 161 164 167 169 167 164 160 152 148
122 125 136 146 154 161 164 167 172 179 187 181 166 158 156 155 153 149 146 145 145 144 142 142 142 141 135 133 136 145 152 155 156 156 164 173 173 167 162 158 152 143 131 125 124 126 127 128 130 133 139 146 157 175 191 192 184 176 169 163 157 153 151 150 151 154 154 150 150 154 159 163 161 157 155 154 154 154 153 153 152 153 154 156 158 160 162 165 167 165 161 157 150 150
121 123 133 144 151 157 163 170 178 188 192 177 155 143 140 141 139 133 126 123 125 127 129 130 132 130 127 127 132 143 153 159 161 162 165 171 171 167 163 159 153 143 133 129 131 138 142 141 142 144 148 152 159 173 187 187 178 171 165 159 155 152 150 150 152 154 151 150 153 159 162 163 161 159 158 156 156 158 158 158 157 158 157 170 158 159 158 161 164 162 158 155 150 153
122 125 133 142 149 156 164 174 192 208 204 172 141 126 123 125 116 123 120 117 115 114 115 121 127 126 124 124 128 138 149 157 161 164 168 172 172 167 163 159 153 144 136 134 138 146 150 150 149 151 154 157 163 174 185 183 174 166 159 153 150 149 149 151 153 150 145 145 152 159 161 160 160 159 158 156 156 158 160 160 160 161 161 160 187 199 155 157 160 158 155 152 150 154
127 129 137 146 151 158 167 184 209 219 202 173 150 136 129 127 130 133 136 132 125 119 119 123 128 127 124 123 126 134 142 149 156 162 170 178 178 170 163 159 153 145 137 135 139 147 152 153 153 155 156 159 165 175 183 179 170 161 153 148 147 147 148 152 152 146 140 140 148 155 156 155 155 155 155 153 152 154 158 159 159 160 161 161 159 201 150 151 153 153 152 149 148 152
129 132 142 150 156 163 175 197 213 208 190 175 163 155 148 142 140 142 145 144 139 134 131 133 133 129 126 126 129 134 139 142 148 157 170 183 183 173 166 160 154 146 138 134 137 145 151 153 156 159 159 161 166 175 181 176 165 156 149 145 146 148 150 153 150 141 134 134 142 149 151 151 149 148 149 149 147 147 150 153 153 153 154 156 154 147 141 141 145 148 148 146 144 147
129 133 143 153 160 169 185 202 205 192 182 176 170 165 159 152 147 145 146 147 147 144 141 139 137 133 130 132 136 141 144 144 145 151 166 180 180 172 167 161 154 145 137 133 135 142 147 151 157 162 162 163 166 175 179 173 162 153 147 146 148 149 152 153 147 136 130 131 139 144 146 148 147 144 143 143 141 139 142 144 140 137 138 139 134 128 127 131 138 144 147 144 142 142
129 133 144 154 163 175 191 200 172 182 177 176 174 170 165 158 151 148 147 147 147 146 143 141 138 136 135 137 142 148 151 151 150 152 163 174 175 169 165 160 152 144 136 132 132 137 142 147 155 160 163 164 167 175 176 169 158 151 148 148 149 151 154 153 145 136 130 130 135 140 142 145 146 143 139 138 136 133 138 125 109 290 102 110 115 119 123 128 135 141 146 147 145 143
129 133 145 156 166 180 193 195 185 175 173 174 174 171 168 163 156 152 150 148 146 144 143 141 139 138 138 140 145 151 156 158 156 156 162 170 172 168 163 158 150 143 136 131 129 133 138 143 150 156 159 161 165 171 173 166 156 150 150 150 149 152 155 151 144 135 127 123 126 130 132 136 138 138 136 134 129 116 93 79 84 94 111 120 123 124 127 131 134 139 144 149 151 149
128 133 145 158 169 184 196 194 178 166 164 166 167 167 167 165 161 156 152 150 146 143 141 140 138 138 139 141 144 150 155 158 158 159 162 168 172 169 163 157 150 144 137 132 130 133 139 143 146 149 151 152 157 169 168 164 155 150 150 147 146 150 151 146 139 130 120 114 114 116 115 117 123 125 125 123 111 133 90 114 123 130 134 132 129 129 132 136 138 141 146 152 155 156
129 133 146 160 173 190 201 195 177 159 151 150 153 158 161 162 161 158 154 152 149 144 140 138 138 139 141 141 142 145 148 151 155 159 162 168 173 169 162 156 151 146 140 134 132 134 139 142 143 144 145 146 151 161 164 165 156 150 145 140 139 141 138 134 129 124 119 117 118 119 119 120 121 120 117 117 125 131 134 135 137 140 141 138 136 137 141 144 146 148 152 157 160 161
130 135 148 162 179 196 203 196 180 165 151 144 142 145 151 155 157 157 154 153 152 147 142 139 139 142 143 143 143 142 143 144 148 154 159 167 173 169 161 155 152 148 141 133 130 131 138 143 146 148 149 149 153 162 165 171 165 158 150 144 143 142 138 134 133 133 133 133 135 136 137 137 137 136 137 141 146 143 141 140 142 145 147 145 144 147 152 155 155 156 159 163 165 165
132 137 150 165 185 200 201 191 181 172 163 154 147 144 146 150 153 154 153 153 153 149 144 141 142 145 148 148 148 148 147 147 148 151 154 164 171 168 160 155 152 148 140 131 129 134 143 150 152 154 155 155 157 166 176 177 173 168 164 160 158 156 153 149 147 146 146 143 142 142 143 144 145 149 150 148 147 144 142 143 147 151 153 151 149 152 158 163 165 166 167 169 170 170
134 139 152 170 190 200 195 183 177 172 168 162 156 152 150 149 151 152 152 153 153 151 145 142 144 149 152 153 153 152 151 152 154 155 156 163 170 167 161 157 154 150 142 134 132 138 147 152 154 157 159 160 163 169 177 177 174 171 167 165 164 160 156 153 150 151 151 146 141 140 142 145 148 149 148 147 147 144 142 145 150 154 157 156 154 156 162 168 172 175 176 176 176 175
136 141 155 175 192 198 188 176 170 167 165 163 162 160 156 152 150 149 150 151 153 151 147 143 144 148 153 156 156 154 153 154 156 157 158 164 169 168 164 160 157 153 145 137 134 137 143 148 150 153 156 160 164 171 176 176 172 168 165 163 161 157 153 151 150 152 152 142 135 135 141 146 146 145 144 145 146 143 142 144 149 155 158 159 159 160 161 165 172 180 183 183 181 180
138 143 158 178 194 195 181 169 164 162 161 161 162 161 157 153 150 148 147 149 151 151 148 145 143 145 151 156 158 155 154 154 155 156 156 161 167 169 166 161 157 153 145 136 132 132 136 140 143 146 149 154 160 169 176 176 170 165 161 159 155 152 150 150 150 151 146 137 134 137 144 148 146 144 144 146 146 143 142 144 147 151 153 156 159 162 164 163 169 180 186 187 185 186
139 145 161 181 193 188 173 164 160 158 157 156 156 156 153 150 148 147 146 147 148 149 149 147 144 143 148 155 158 157 156 156 156 156 155 157 164 170 168 162 156 150 143 135 130 131 136 141 144 147 150 153 157 166 175 175 169 164 160 156 151 149 151 154 152 148 144 140 140 143 148 150 148 148 148 149 149 147 146 146 146 143 140 142 149 159 166 168 171 178 184 188 189 191
139 146 163 182 188 178 166 161 158 154 150 149 148 148 147 146 145 145 146 147 148 149 149 148 144 143 146 154 157 157 158 160 160 159 158 159 165 172 172 164 156 151 144 135 129 129 135 141 144 146 149 151 154 161 171 173 168 164 160 155 150 151 158 163 158 153 151 150 149 150 151 151 151 152 153 153 152 151 152 153 152 148 141 137 139 148 161 170 176 181 184 189 192 193
137 145 165 181 181 170 162 158 150 153 150 148 146 145 144 143 143 144 146 148 149 149 150 148 144 141 143 151 155 156 160 163 163 162 161 163 170 177 174 164 156 150 142 132 123 122 126 131 135 137 140 144 147 154 165 171 168 164 161 156 154 159 167 165 160 157 156 155 154 154 153 151 152 154 156 155 154 154 156 158 160 159 153 146 142 144 153 166 178 185 187 190 192 191
138 146 166 179 176 165 160 159 159 157 153 150 147 145 143 142 143 145 148 150 150 151 150 148 142 138 138 146 151 153 157 162 164 163 162 166 176 181 175 162 153 147 139 129 119 117 120 125 130 134 140 144 147 152 162 169 167 163 159 156 156 162 165 161 157 157 156 155 155 155 151 148 149 153 156 155 153 152 154 159 164 165 161 156 152 150 151 161 176 186 188 189 190 187
142 150 168 178 174 165 161 161 160 157 154 150 146 144 143 142 142 145 148 151 152 152 150 147 141 134 133 138 143 145 149 156 161 162 163 170 185 184 177 165 156 150 144 135 126 123 125 131 136 140 145 148 150 154 162 170 170 167 161 157 158 161 160 156 154 153 153 153 154 152 146 143 144 149 154 154 153 151 150 154 162 167 165 162 158 156 156 161 174 184 185 185 186 183
148 154 168 177 173 166 162 160 158 155 152 148 144 143 142 142 141 143 147 151 152 151 151 148 141 132 128 129 133 133 135 141 150 157 162 171 182 185 178 169 162 158 153 147 139 135 134 137 141 144 146 148 149 153 162 172 165 174 170 167 166 163 158 153 150 148 149 152 152 148 141 138 139 146 152 154 153 151 150 150 155 163 166 165 163 161 160 164 174 181 179 179 182 178
156 157 166 174 171 165 161 158 155 152 149 145 142 141 141 141 141 142 147 152 152 151 151 148 140 132 127 126 126 123 122 126 135 146 157 173 182 183 176 169 163 160 158 153 146 141 138 140 143 146 147 147 148 152 162 172 166 174 173 171 168 163 157 151 146 145 149 153 152 146 139 135 136 144 152 154 153 153 152 151 152 157 164 166 165 165 165 167 173 176 174 174 176 172
158 160 167 172 168 161 158 155 152 149 145 142 140 140 141 142 142 143 148 153 152 151 151 146 139 133 130 131 134 134 130 130 133 140 152 169 182 181 172 164 161 160 158 154 147 141 138 139 143 147 149 150 151 154 161 170 163 170 172 169 165 160 154 148 143 144 151 155 152 146 138 133 133 139 148 151 152 152 154 153 151 154 160 164 165 166 169 172 173 173 170 170 170 167
