project/data/elevation/US_DEM2016/US_DEM2016_point_11-01-2019_0210_30m_vel.asc
ncols	125
nrows	167
xllcorner	-2042055.000000
yllcorner	1465035.000000
cellsize	30.000000
NODATA_value	-9999.000000
[rows 0 to 37 of 167, columns 0 to 83 of 125]
2.33 2.32 2.37 2.26 1.96 1.80 1.88 2.04 2.15 2.25 2.29 2.12 1.77 1.99 2.31 2.44 2.50 2.32 1.74 1.61 2.00 2.23 2.33 2.30 2.25 2.27 2.14 1.76 1.69 1.93 2.15 2.26 2.26 2.21 2.08 2.00 2.07 2.19 2.27 2.33 2.39 2.45 2.51 2.55 2.50 2.36 2.20 2.18 2.27 2.35 2.39 2.46 2.54 2.61 2.55 2.49 2.47 2.40 2.39 2.35 2.25 2.07 1.93 1.98 2.05 2.12 2.18 2.21 2.21 2.24 2.26 2.25 2.19 2.12 2.10 2.11 2.03 1.92 2.06 2.29 2.10 1.66 1.93 2.38
2.33 2.32 2.37 2.26 1.96 1.80 1.88 2.04 2.15 2.25 2.29 2.12 1.77 1.99 2.31 2.44 2.50 2.32 1.74 1.61 2.00 2.23 2.33 2.30 2.25 2.27 2.14 1.76 1.69 1.93 2.15 2.26 2.26 2.21 2.08 2.00 2.07 2.19 2.27 2.33 2.39 2.45 2.51 2.55 2.50 2.36 2.20 2.18 2.27 2.35 2.39 2.46 2.54 2.61 2.55 2.49 2.47 2.40 2.39 2.35 2.25 2.07 1.93 1.98 2.05 2.12 2.18 2.21 2.21 2.24 2.26 2.25 2.19 2.12 2.10 2.11 2.03 1.92 2.06 2.29 2.10 1.66 1.93 2.38
2.53 2.50 2.46 2.26 1.92 1.74 1.79 1.99 2.23 2.36 2.36 2.01 1.57 1.90 2.47 2.54 2.28 1.88 1.37 1.34 1.87 2.32 2.51 2.39 2.19 2.06 1.73 1.38 1.49 1.83 2.10 2.25 2.30 2.27 2.11 1.93 1.91 1.95 1.99 2.07 2.17 2.24 2.29 2.41 2.48 2.38 2.19 2.10 2.22 2.47 2.65 2.65 2.53 2.40 2.31 2.22 2.13 2.09 2.12 2.15 2.10 1.94 1.85 1.93 2.05 2.15 2.20 2.19 2.19 2.20 2.22 2.20 2.12 2.04 2.03 2.06 1.98 1.90 2.11 2.33 1.98 1.47 1.81 2.57
2.89 2.84 2.67 2.33 1.95 1.80 1.84 1.99 2.25 2.47 2.47 1.95 1.37 1.74 2.66 2.77 2.13 1.39 0.87 1.07 1.84 2.54 2.74 2.46 2.09 1.78 1.36 1.15 1.34 1.71 2.04 2.26 2.38 2.38 2.20 1.95 1.82 1.76 1.64 1.61 1.79 1.94 2.03 2.21 2.39 2.35 2.19 2.13 2.33 2.76 3.04 2.92 2.54 2.17 1.96 1.79 1.67 1.70 1.82 1.91 1.92 1.83 1.76 1.84 1.98 2.12 2.20 2.23 2.23 2.22 2.18 2.10 1.98 1.89 1.91 1.96 1.95 1.96 2.15 2.27 1.84 1.40 1.84 2.80
3.23 3.10 2.81 2.41 2.04 1.89 1.90 1.95 2.10 2.32 2.40 1.99 1.36 1.58 2.63 2.92 2.16 1.20 0.75 1.11 1.99 2.67 2.74 2.34 1.90 1.58 1.31 1.21 1.36 1.70 2.03 2.28 2.42 2.42 2.30 2.11 1.97 1.87 1.60 1.41 1.54 1.75 1.90 2.13 2.30 2.27 2.19 2.27 2.56 2.98 3.20 3.00 2.54 2.10 1.81 1.57 1.49 1.56 1.69 1.83 1.93 1.88 1.75 1.73 1.87 2.02 2.12 2.20 2.28 2.27 2.19 2.08 1.94 1.86 1.88 1.95 2.00 2.05 2.12 2.10 1.83 1.63 2.00 2.78
3.46 3.25 2.84 2.44 2.09 1.91 1.89 1.84 1.90 2.11 2.24 1.98 1.41 1.49 2.51 2.94 2.27 1.16 0.75 1.22 2.14 2.69 2.64 2.13 1.64 1.40 1.28 1.24 1.38 1.70 2.03 2.31 2.45 2.42 2.31 2.22 2.15 2.04 1.76 1.47 1.44 1.57 1.76 2.02 2.23 2.20 2.15 2.35 2.74 3.14 3.28 3.01 2.52 2.05 1.74 1.53 1.50 1.58 1.65 1.73 1.89 1.95 1.81 1.71 1.82 2.00 2.11 2.18 2.23 2.23 2.17 2.08 1.98 1.96 2.00 2.05 2.08 2.09 2.11 2.06 1.92 1.88 2.13 2.61
3.59 3.35 2.83 2.42 2.10 1.90 1.78 1.71 1.77 1.90 2.02 1.88 1.44 1.52 2.37 2.84 2.38 1.33 0.80 1.23 2.16 2.66 2.50 1.92 1.46 1.28 1.25 1.25 1.37 1.68 2.04 2.35 2.46 2.39 2.30 2.28 2.27 2.18 1.96 1.64 1.47 1.51 1.64 1.85 2.08 2.13 2.14 2.39 2.90 3.32 3.38 3.01 2.43 2.01 1.76 1.59 1.57 1.61 1.58 1.58 1.71 1.88 1.88 1.82 1.91 2.07 2.17 2.19 2.17 2.13 2.09 2.05 2.02 2.07 2.15 2.18 2.17 2.18 2.19 2.11 2.02 2.04 2.16 2.33
3.61 3.35 2.81 2.35 2.07 1.86 1.69 1.62 1.73 1.86 1.87 1.72 1.49 1.63 2.25 2.67 2.38 1.53 0.91 1.24 2.13 2.54 2.31 1.77 1.36 1.23 1.26 1.31 1.40 1.64 2.02 2.33 2.45 2.38 2.29 2.31 2.32 2.27 2.12 1.87 1.65 1.58 1.64 1.71 1.82 1.99 2.15 2.46 3.03 3.49 3.45 2.93 2.28 1.90 1.78 1.71 1.66 1.60 1.49 1.44 1.57 1.76 1.88 1.93 2.06 2.22 2.30 2.24 2.10 1.97 1.96 2.02 2.08 2.15 2.24 2.27 2.27 2.32 2.32 2.18 2.08 2.11 2.11 2.05
3.56 3.29 2.74 2.30 2.03 1.84 1.68 1.66 1.82 1.89 1.83 1.70 1.62 1.72 2.08 2.40 2.24 1.59 1.08 1.38 2.13 2.36 2.02 1.60 1.31 1.21 1.27 1.40 1.50 1.65 1.97 2.27 2.41 2.38 2.27 2.25 2.28 2.30 2.24 2.09 1.92 1.80 1.76 1.68 1.62 1.77 2.12 2.61 3.22 3.59 3.43 2.77 2.06 1.73 1.76 1.83 1.78 1.65 1.52 1.50 1.61 1.76 1.87 1.95 2.13 2.40 2.52 2.35 2.02 1.76 1.79 1.99 2.13 2.22 2.29 2.32 2.36 2.46 2.40 2.20 2.08 2.09 2.05 2.13
3.42 3.23 2.72 2.33 2.08 1.92 1.78 1.83 1.96 1.94 1.81 1.75 1.73 1.72 1.82 2.05 1.97 1.51 1.26 1.62 2.18 2.15 1.68 1.37 1.25 1.21 1.26 1.44 1.61 1.75 1.97 2.20 2.38 2.38 2.20 2.09 2.15 2.26 2.29 2.21 2.13 2.09 2.05 1.85 1.61 1.65 2.08 2.78 3.39 3.58 3.28 2.55 1.88 1.51 1.56 1.79 1.86 1.72 1.63 1.66 1.76 1.88 1.91 1.89 2.09 2.52 2.72 2.46 1.95 1.56 1.62 1.96 2.22 2.32 2.34 2.35 2.46 2.55 2.41 2.16 2.02 2.02 2.02 1.88
3.39 3.19 2.78 2.44 2.19 2.03 1.97 2.07 2.10 1.96 1.80 1.75 1.73 1.64 1.56 1.65 1.65 1.41 1.41 1.84 2.20 1.95 1.41 1.17 1.20 1.24 1.28 1.44 1.68 1.88 2.04 2.22 2.40 2.36 2.04 1.85 1.99 2.21 2.27 2.22 2.22 2.29 2.32 2.15 1.80 1.65 2.04 2.92 3.51 3.51 3.01 2.34 1.76 1.41 1.38 1.59 1.76 1.74 1.72 1.81 1.93 2.03 2.02 1.88 1.98 2.50 2.79 2.50 1.93 1.48 1.52 1.98 2.38 2.45 2.40 2.40 2.51 2.54 2.32 2.07 1.96 1.95 1.93 1.80
3.37 3.16 2.80 2.53 2.32 2.16 2.15 2.23 2.16 1.94 1.79 1.74 1.69 1.51 1.37 1.36 1.36 1.31 1.47 1.93 2.15 1.81 1.29 1.10 1.20 1.29 1.36 1.52 1.76 1.97 2.10 2.24 2.36 2.23 1.86 1.73 1.93 2.13 2.15 2.13 2.18 2.32 2.48 2.48 2.17 1.82 2.13 3.05 3.56 3.36 2.71 2.17 1.75 1.42 1.31 1.41 1.58 1.67 1.76 1.91 2.07 2.19 2.18 1.98 1.94 2.35 2.70 2.51 2.02 1.59 1.54 2.06 2.51 2.55 2.44 2.38 2.43 2.40 2.18 2.04 2.02 1.99 1.92 1.76
3.44 3.15 2.67 2.43 2.35 2.30 2.32 2.29 2.14 1.93 1.81 1.75 1.66 1.45 1.28 1.22 1.18 1.21 1.43 1.86 2.04 1.71 1.31 1.20 1.26 1.35 1.49 1.67 1.82 1.97 2.10 2.21 2.24 2.07 1.81 1.79 1.99 2.06 1.98 2.01 2.07 2.19 2.44 2.59 2.51 2.28 2.40 3.16 3.51 3.12 2.45 2.01 1.69 1.49 1.38 1.36 1.41 1.52 1.73 1.99 2.22 2.38 2.35 2.15 1.99 2.17 2.48 2.46 2.16 1.79 1.71 2.19 2.62 2.59 2.38 2.25 2.24 2.19 2.12 2.19 2.25 2.17 2.02 1.81
3.54 3.21 2.62 2.29 2.27 2.39 2.44 2.34 2.10 1.93 1.88 1.82 1.67 1.47 1.34 1.21 1.08 1.08 1.30 1.67 1.82 1.60 1.41 1.39 1.37 1.42 1.60 1.74 1.80 1.89 2.00 2.09 2.13 1.98 1.84 1.92 2.03 1.97 1.90 1.94 1.97 2.05 2.27 2.49 2.64 2.71 2.82 3.20 3.36 2.90 2.27 1.82 1.60 1.55 1.50 1.42 1.31 1.34 1.63 2.03 2.37 2.57 2.49 2.28 2.07 2.05 2.21 2.30 2.21 1.99 1.96 2.39 2.64 2.47 2.20 2.09 2.08 2.05 2.10 2.31 2.46 2.35 2.11 1.82
3.52 3.29 2.65 2.22 2.15 2.36 2.49 2.33 2.07 1.96 1.96 1.89 1.70 1.52 1.48 1.34 1.01 0.92 1.14 1.43 1.55 1.51 1.51 1.55 1.49 1.48 1.62 1.74 1.79 1.82 1.85 1.95 2.09 2.03 1.94 2.00 2.01 1.91 1.89 1.96 1.95 1.96 2.09 2.29 2.57 2.93 3.11 3.20 3.12 2.75 2.17 1.71 1.56 1.63 1.67 1.52 1.23 1.20 1.57 2.02 2.43 2.67 2.60 2.39 2.17 2.03 2.01 2.07 2.14 2.15 2.27 2.54 2.51 2.22 2.05 2.05 2.05 1.98 2.05 2.37 2.61 2.53 2.19 1.84
3.62 3.35 2.71 2.19 2.02 2.22 2.44 2.34 2.13 2.06 2.05 1.91 1.66 1.48 1.54 1.50 1.07 0.81 0.96 1.19 1.35 1.46 1.57 1.62 1.56 1.53 1.63 1.75 1.83 1.84 1.78 1.83 2.04 2.15 2.09 2.09 2.05 1.91 1.88 1.96 1.98 1.97 2.03 2.19 2.47 2.94 3.15 3.13 2.98 2.67 2.16 1.75 1.65 1.81 1.86 1.58 1.17 1.17 1.62 2.06 2.40 2.66 2.64 2.44 2.25 2.05 1.87 1.82 1.98 2.26 2.53 2.54 2.25 2.02 2.03 2.11 2.09 1.96 2.04 2.42 2.74 2.66 2.27 1.96
3.82 3.41 2.69 2.22 2.01 2.20 2.45 2.40 2.20 2.16 2.12 1.94 1.68 1.47 1.46 1.47 1.16 0.85 0.85 1.03 1.24 1.45 1.60 1.66 1.62 1.59 1.67 1.78 1.87 1.93 1.87 1.80 1.94 2.13 2.17 2.19 2.17 1.99 1.85 1.93 2.04 2.07 2.09 2.20 2.44 2.78 2.97 2.97 2.93 2.72 2.25 1.88 1.86 2.01 1.97 1.58 1.16 1.30 1.81 2.17 2.41 2.59 2.59 2.46 2.30 2.05 1.76 1.60 1.78 2.25 2.59 2.49 2.08 1.95 2.08 2.17 2.09 1.97 2.10 2.49 2.78 2.71 2.41 2.15
3.79 3.35 2.53 2.12 2.12 2.33 2.52 2.46 2.32 2.24 2.16 1.97 1.76 1.50 1.31 1.20 1.10 0.92 0.87 1.01 1.23 1.42 1.60 1.72 1.71 1.69 1.75 1.81 1.86 1.97 2.01 1.89 1.90 2.04 2.13 2.24 2.28 2.11 1.88 1.93 2.12 2.18 2.20 2.26 2.37 2.53 2.65 2.77 2.93 2.84 2.41 2.09 2.10 2.19 2.03 1.52 1.23 1.56 2.10 2.37 2.47 2.48 2.43 2.38 2.31 2.08 1.75 1.45 1.52 2.06 2.52 2.50 2.13 2.06 2.21 2.18 2.04 2.01 2.19 2.55 2.79 2.75 2.51 2.24
3.63 3.22 2.35 1.99 2.19 2.58 2.73 2.60 2.42 2.26 2.09 1.93 1.73 1.42 1.09 0.90 0.88 0.88 0.91 1.08 1.24 1.39 1.62 1.81 1.83 1.80 1.83 1.86 1.82 1.92 2.08 2.07 2.00 2.01 2.06 2.19 2.32 2.23 2.03 2.02 2.16 2.25 2.25 2.21 2.15 2.14 2.23 2.52 2.92 2.93 2.62 2.38 2.36 2.34 2.05 1.48 1.36 1.91 2.40 2.53 2.47 2.31 2.19 2.20 2.27 2.16 1.86 1.45 1.27 1.67 2.29 2.41 2.27 2.25 2.29 2.14 2.00 2.07 2.29 2.58 2.82 2.81 2.55 2.17
3.50 3.10 2.27 1.95 2.28 2.77 2.90 2.72 2.46 2.20 1.97 1.78 1.59 1.28 0.94 0.70 0.64 0.73 0.91 1.12 1.26 1.40 1.68 1.92 1.95 1.90 1.92 1.95 1.84 1.83 2.05 2.20 2.16 2.07 2.01 2.11 2.25 2.26 2.17 2.12 2.16 2.20 2.15 2.02 1.88 1.84 1.98 2.32 2.79 2.90 2.71 2.57 2.53 2.37 1.99 1.53 1.62 2.23 2.55 2.54 2.36 2.13 1.96 1.99 2.17 2.19 2.00 1.58 1.19 1.35 1.95 2.27 2.31 2.35 2.31 2.10 1.93 2.04 2.25 2.50 2.82 2.94 2.63 2.14
3.28 2.91 2.28 2.05 2.48 2.95 2.99 2.71 2.38 2.07 1.83 1.65 1.47 1.22 0.92 0.63 0.47 0.58 0.85 1.09 1.24 1.44 1.76 2.00 2.07 2.00 2.02 2.05 1.92 1.83 2.03 2.26 2.27 2.13 2.01 1.99 2.13 2.30 2.29 2.15 2.07 2.06 1.97 1.84 1.78 1.80 1.96 2.28 2.64 2.79 2.74 2.68 2.59 2.35 1.98 1.73 1.96 2.39 2.56 2.43 2.22 2.01 1.82 1.82 2.09 2.18 2.03 1.69 1.29 1.28 1.72 2.15 2.34 2.38 2.30 2.09 1.90 1.97 2.18 2.38 2.86 3.13 2.90 2.31
2.92 2.70 2.33 2.33 2.76 3.06 2.96 2.60 2.23 1.95 1.75 1.57 1.37 1.16 0.94 0.66 0.46 0.53 0.81 1.04 1.21 1.48 1.79 2.03 2.15 2.14 2.12 2.13 2.03 1.94 2.08 2.27 2.26 2.11 1.93 1.85 2.10 2.35 2.32 2.08 1.94 1.93 1.85 1.78 1.80 1.88 2.10 2.39 2.59 2.74 2.71 2.59 2.48 2.31 2.09 2.00 2.18 2.40 2.45 2.31 2.14 1.96 1.75 1.79 2.04 2.12 1.98 1.80 1.53 1.42 1.68 2.08 2.32 2.32 2.17 2.01 1.82 1.90 2.02 2.10 2.68 3.24 3.20 2.68
2.69 2.58 2.48 2.61 2.89 3.01 2.82 2.44 2.08 1.86 1.70 1.49 1.27 1.08 0.90 0.68 0.53 0.57 0.79 1.01 1.23 1.49 1.76 2.00 2.18 2.26 2.24 2.23 2.16 2.09 2.13 2.18 2.10 1.96 1.75 1.75 2.15 2.39 2.26 1.99 1.84 1.86 1.82 1.84 1.93 2.03 2.31 2.53 2.67 2.75 2.64 2.45 2.32 2.25 2.23 2.27 2.33 2.36 2.32 2.25 2.14 1.97 1.83 1.90 2.07 2.10 2.01 1.95 1.81 1.65 1.75 2.04 2.28 2.25 2.03 1.86 1.81 1.95 1.95 1.87 2.34 3.03 3.29 3.06
2.63 2.55 2.53 2.72 2.92 2.92 2.67 2.34 2.00 1.81 1.67 1.44 1.18 0.96 0.78 0.65 0.57 0.63 0.79 1.02 1.27 1.47 1.69 1.93 2.18 2.36 2.39 2.33 2.25 2.16 2.09 1.98 1.82 1.76 1.69 1.81 2.17 2.30 2.11 1.92 1.83 1.84 1.88 1.98 2.08 2.23 2.52 2.72 2.77 2.70 2.47 2.21 2.08 2.10 2.27 2.45 2.48 2.38 2.27 2.22 2.16 2.06 2.01 2.07 2.10 2.06 2.09 2.15 2.05 1.86 1.84 1.97 2.13 2.13 1.88 1.70 1.83 2.06 1.93 1.71 2.08 2.65 3.16 3.31
2.68 2.57 2.56 2.82 3.01 2.92 2.63 2.30 2.01 1.81 1.65 1.41 1.12 0.86 0.67 0.59 0.60 0.69 0.82 1.06 1.32 1.47 1.66 1.89 2.18 2.46 2.52 2.41 2.26 2.12 1.96 1.78 1.64 1.65 1.73 1.91 2.14 2.16 2.00 1.88 1.85 1.90 2.03 2.13 2.22 2.43 2.69 2.86 2.80 2.55 2.24 2.01 1.88 1.92 2.19 2.49 2.56 2.45 2.30 2.23 2.20 2.20 2.27 2.30 2.21 2.12 2.19 2.23 2.08 1.93 1.89 1.93 1.99 2.01 1.84 1.73 1.91 2.09 1.86 1.64 1.89 2.27 2.80 3.31
2.76 2.56 2.52 2.85 3.08 3.04 2.74 2.36 2.07 1.86 1.65 1.40 1.10 0.80 0.57 0.49 0.60 0.74 0.87 1.12 1.37 1.54 1.74 1.96 2.22 2.49 2.55 2.38 2.18 2.03 1.86 1.71 1.64 1.68 1.80 1.95 2.08 2.11 1.98 1.85 1.87 2.02 2.19 2.30 2.39 2.57 2.80 2.89 2.71 2.37 2.05 1.84 1.70 1.73 2.04 2.39 2.52 2.47 2.39 2.31 2.29 2.39 2.50 2.46 2.33 2.25 2.25 2.16 2.02 1.96 1.95 1.87 1.85 1.94 1.91 1.87 2.00 2.05 1.84 1.68 1.78 1.96 2.33 2.99
2.79 2.54 2.41 2.72 3.05 3.16 2.94 2.48 2.14 1.91 1.67 1.38 1.08 0.79 0.50 0.48 0.55 0.74 0.94 1.24 1.49 1.69 1.89 2.07 2.23 2.40 2.44 2.25 2.03 1.90 1.80 1.74 1.73 1.80 1.90 1.95 1.99 2.07 2.04 1.90 1.90 2.11 2.36 2.51 2.57 2.67 2.78 2.78 2.59 2.27 1.95 1.69 1.52 1.53 1.85 2.20 2.32 2.39 2.43 2.42 2.45 2.57 2.62 2.54 2.43 2.34 2.19 2.06 2.02 2.04 1.95 1.78 1.75 1.93 2.00 1.94 2.01 2.05 1.94 1.81 1.76 1.78 1.99 2.53
2.86 2.60 2.35 2.51 2.83 3.16 3.13 2.69 2.24 1.95 1.69 1.36 1.07 0.82 0.50 0.32 0.45 0.71 1.02 1.38 1.67 1.85 1.97 2.07 2.15 2.24 2.28 2.10 1.84 1.74 1.79 1.85 1.87 1.94 2.00 2.00 1.97 2.03 2.13 2.04 1.99 2.21 2.55 2.72 2.74 2.67 2.59 2.54 2.47 2.29 2.01 1.72 1.45 1.38 1.65 1.91 2.02 2.23 2.36 2.46 2.60 2.67 2.63 2.52 2.40 2.33 2.19 2.03 2.04 2.06 1.91 1.75 1.81 2.03 2.04 1.92 1.99 2.13 2.10 1.94 1.79 1.72 1.83 2.15
3.05 2.72 2.32 2.26 2.47 3.00 3.20 2.92 2.45 2.06 1.75 1.40 1.11 0.87 0.55 0.29 0.37 0.68 1.10 1.54 1.82 1.91 1.91 1.92 1.98 2.07 2.12 1.97 1.71 1.68 1.84 2.01 2.04 2.01 2.04 2.09 2.03 2.01 2.16 2.17 2.14 2.38 2.77 2.92 2.82 2.55 2.28 2.22 2.32 2.36 2.24 1.93 1.51 1.27 1.33 1.50 1.75 2.06 2.26 2.54 2.74 2.69 2.51 2.37 2.33 2.34 2.27 2.14 2.05 1.99 1.90 1.85 2.00 2.12 2.02 1.95 2.09 2.24 2.17 1.96 1.78 1.69 1.73 1.89
3.20 2.86 2.37 2.13 2.18 2.65 3.06 3.03 2.68 2.25 1.86 1.50 1.20 0.93 0.62 0.43 0.41 0.72 1.20 1.65 1.84 1.83 1.77 1.77 1.84 1.94 1.97 1.87 1.71 1.72 1.95 2.11 2.10 2.06 2.07 2.14 2.14 2.06 2.14 2.28 2.38 2.64 2.96 3.04 2.77 2.32 1.93 1.84 2.07 2.34 2.46 2.27 1.70 1.22 1.03 1.15 1.57 1.97 2.26 2.73 2.94 2.73 2.37 2.18 2.20 2.36 2.41 2.28 2.10 1.98 1.93 2.02 2.23 2.21 2.03 2.05 2.24 2.29 2.10 1.85 1.66 1.60 1.62 1.74
3.25 2.99 2.48 2.14 2.04 2.31 2.75 2.95 2.80 2.43 2.01 1.62 1.29 0.96 0.63 0.54 0.49 0.85 1.31 1.62 1.72 1.69 1.66 1.67 1.77 1.87 1.84 1.73 1.68 1.82 2.04 2.08 2.06 2.07 2.10 2.19 2.20 2.11 2.16 2.38 2.63 2.87 3.10 3.03 2.62 2.07 1.66 1.52 1.74 2.19 2.51 2.52 2.03 1.27 0.83 0.88 1.43 1.92 2.38 3.02 3.18 2.72 2.11 1.84 1.93 2.27 2.48 2.38 2.18 2.04 1.97 2.09 2.33 2.37 2.21 2.23 2.31 2.20 1.95 1.69 1.53 1.50 1.56 1.66
3.33 3.06 2.62 2.27 2.02 2.08 2.40 2.69 2.74 2.55 2.18 1.77 1.40 1.00 0.60 0.39 0.56 0.98 1.34 1.47 1.54 1.61 1.60 1.60 1.70 1.87 1.86 1.71 1.67 1.84 2.02 2.00 1.95 2.00 2.10 2.22 2.22 2.18 2.26 2.52 2.85 3.09 3.14 2.89 2.43 1.96 1.56 1.34 1.49 1.91 2.40 2.66 2.37 1.42 0.72 0.67 1.25 1.88 2.58 3.30 3.37 2.66 1.91 1.56 1.66 2.10 2.39 2.31 2.19 2.10 1.98 2.05 2.37 2.55 2.49 2.42 2.34 2.15 1.89 1.68 1.56 1.50 1.51 1.62
3.45 3.20 2.78 2.46 2.14 1.98 2.07 2.32 2.52 2.54 2.34 1.97 1.56 1.10 0.66 0.42 0.62 1.02 1.26 1.31 1.45 1.45 1.61 1.61 1.71 1.94 2.05 1.94 1.80 1.81 1.91 1.92 1.83 1.85 2.00 2.18 2.25 2.25 2.39 2.72 3.07 3.27 3.14 2.71 2.26 1.91 1.55 1.31 1.34 1.65 2.14 2.70 2.57 1.64 0.70 0.53 1.09 1.85 2.78 3.56 3.51 2.66 1.83 1.48 1.57 1.99 2.21 2.09 2.10 2.10 1.88 1.89 2.29 2.65 2.70 2.63 2.52 2.29 2.01 1.79 1.64 1.54 1.54 1.68
3.59 3.37 2.99 2.67 2.32 1.95 1.77 1.92 2.14 2.35 2.38 2.16 1.75 1.25 0.77 0.50 0.66 1.01 1.17 1.02 1.40 1.67 1.76 1.74 1.81 2.05 2.22 2.21 2.01 1.82 1.82 1.83 1.74 1.72 1.85 2.06 2.23 2.29 2.49 2.89 3.28 3.40 3.10 2.53 2.06 1.86 1.67 1.41 1.30 1.45 1.89 2.56 2.65 1.81 0.76 0.51 0.99 1.84 2.89 3.69 3.66 2.75 1.92 1.54 1.55 1.86 2.02 1.89 2.01 2.10 1.72 1.59 2.14 2.65 2.73 2.74 2.81 2.63 2.26 1.94 1.69 1.60 1.69 1.88
3.69 3.50 3.11 2.75 2.37 1.93 1.66 1.66 1.78 1.99 2.19 2.21 1.94 1.42 0.89 0.57 0.66 0.95 0.88 1.21 1.55 1.73 1.85 1.88 1.94 2.15 2.35 2.39 2.22 1.93 1.76 1.73 1.68 1.65 1.76 1.96 2.16 2.31 2.57 3.00 3.40 3.44 3.01 2.32 1.96 1.93 1.87 1.66 1.46 1.39 1.65 2.32 2.59 1.91 0.83 0.56 1.01 1.88 2.94 3.76 3.76 2.95 2.12 1.68 1.54 1.59 1.72 1.69 1.89 2.10 1.67 1.39 2.02 2.59 2.45 2.47 2.86 2.95 2.64 2.13 1.73 1.72 1.97 2.13
3.80 3.56 3.08 2.65 2.27 1.87 1.63 1.54 1.52 1.64 1.83 2.05 2.03 1.63 1.04 0.65 0.63 0.87 1.11 1.31 1.58 1.76 1.90 1.97 2.07 2.24 2.42 2.50 2.39 2.08 1.74 1.61 1.62 1.67 1.79 1.97 2.14 2.31 2.60 3.02 3.37 3.36 2.90 2.32 2.04 2.05 2.07 1.96 1.70 1.44 1.42 1.98 2.43 1.96 0.90 0.63 1.06 1.89 2.89 3.70 3.76 3.14 2.29 1.76 1.48 1.35 1.43 1.55 1.81 2.09 1.73 1.35 1.95 2.48 2.10 1.99 2.58 3.02 2.96 2.44 1.95 1.98 2.29 2.34
3.89 3.60 2.97 2.47 2.10 1.78 1.58 1.43 1.33 1.36 1.52 1.75 1.92 1.72 1.20 0.75 0.66 0.84 0.90 1.33 1.58 1.74 1.88 2.00 2.11 2.29 2.48 2.59 2.54 2.26 1.81 1.53 1.57 1.72 1.90 2.04 2.15 2.33 2.61 2.91 3.17 3.16 2.82 2.47 2.32 2.27 2.20 2.05 1.77 1.39 1.25 1.56 2.18 1.91 0.95 0.68 1.12 1.91 2.84 3.65 3.79 3.25 2.40 1.82 1.42 1.21 1.24 1.46 1.74 2.04 1.78 1.33 1.87 2.37 1.92 1.66 2.16 2.78 2.98 2.66 2.24 2.29 2.52 2.47
4.00 3.66 2.89 2.34 2.00 1.78 1.59 1.36 1.17 1.15 1.33 1.53 1.69 1.64 1.26 0.87 0.75 0.86 1.03 1.29 1.52 1.65 1.78 1.92 2.07 2.29 2.50 2.67 2.73 2.51 2.01 1.60 1.56 1.74 1.95 2.14 2.26 2.40 2.61 2.77 2.85 2.82 2.76 2.66 2.57 2.40 2.21 1.96 1.63 1.27 1.09 1.24 1.83 1.80 0.97 0.71 1.18 1.96 2.88 3.65 3.78 3.27 2.48 1.91 1.46 1.21 1.20 1.36 1.63 1.97 1.79 1.31 1.74 2.31 1.92 1.49 1.81 2.40 2.79 2.63 2.33 2.46 2.73 2.66
