project/data/elevation/US_DEM2016/US_DEM2016_point_10-28-2019_1452_30m_vel.asc
ncols	125
nrows	167
xllcorner	-2042055.000000
yllcorner	1465035.000000
cellsize	30.000000
NODATA_value	-9999.000000
[rows 114 to 151 of 167, columns 0 to 83 of 125]
7.35 7.32 7.34 7.45 7.66 8.00 8.25 8.00 7.35 6.64 6.04 5.49 5.05 4.74 4.71 5.11 5.88 6.66 7.17 7.56 8.01 8.15 7.67 7.30 7.58 7.88 7.88 7.78 7.70 7.54 7.32 6.94 6.53 6.28 6.14 6.15 6.41 6.79 7.06 7.28 7.55 7.84 8.14 8.45 8.43 7.96 7.39 7.06 6.99 7.09 7.23 7.26 7.13 6.80 6.36 6.03 5.99 6.34 6.81 7.08 7.14 7.04 6.90 6.79 6.79 6.91 7.11 7.15 6.94 6.62 6.43 6.31 6.25 6.28 6.29 6.24 6.13 6.04 6.08 6.34 6.35 5.98 5.73 5.57
7.48 7.48 7.50 7.51 7.60 7.68 7.57 7.06 6.26 5.53 5.01 4.62 4.38 4.46 5.09 6.11 7.12 7.89 8.39 8.60 8.46 7.88 7.04 6.83 7.18 7.33 7.26 7.30 7.44 7.65 7.77 7.70 7.40 6.83 6.22 6.06 6.43 6.94 7.32 7.61 7.88 8.10 8.25 8.28 7.96 7.31 6.76 6.57 6.65 6.95 7.37 7.52 7.40 7.07 6.54 5.96 5.71 5.90 6.27 6.60 6.85 7.02 7.14 7.19 7.22 7.24 7.19 7.00 6.74 6.54 6.42 6.37 6.35 6.32 6.25 6.17 6.14 6.14 6.20 6.26 6.08 5.75 5.52 5.32
7.60 7.61 7.59 7.55 7.48 7.32 6.99 6.51 6.06 5.79 5.64 5.53 5.67 6.24 7.19 8.20 8.94 9.20 9.15 8.82 8.18 7.38 6.71 6.50 6.57 6.53 6.50 6.70 6.99 7.28 7.51 7.69 7.72 7.54 7.26 7.20 7.34 7.55 7.71 7.86 7.94 7.99 8.06 7.99 7.60 7.02 6.52 6.33 6.55 7.05 7.52 7.73 7.67 7.46 7.19 6.96 6.74 6.59 6.55 6.62 6.77 6.92 7.07 7.20 7.31 7.32 7.16 6.86 6.58 6.37 6.27 6.27 6.30 6.31 6.28 6.24 6.24 6.30 6.36 6.37 6.32 6.21 6.13 6.13
7.63 7.58 7.52 7.46 7.32 7.06 6.75 6.48 6.41 6.56 6.83 7.25 7.84 8.54 9.19 9.57 9.53 9.11 8.59 7.99 7.44 7.12 6.97 6.78 6.58 6.35 6.18 6.27 6.50 6.63 6.68 6.90 7.31 7.67 7.91 8.01 7.93 7.76 7.59 7.51 7.50 7.60 7.77 7.80 7.53 7.08 6.60 6.37 6.62 7.12 7.43 7.49 7.49 7.50 7.55 7.66 7.74 7.71 7.53 7.25 7.06 6.98 6.97 6.99 7.05 7.02 6.82 6.56 6.40 6.28 6.18 6.14 6.17 6.27 6.35 6.40 6.45 6.52 6.59 6.75 6.99 7.16 7.25 7.43
7.58 7.48 7.38 7.34 7.22 7.02 6.82 6.68 6.66 6.90 7.47 8.23 8.97 9.43 9.57 9.26 8.52 7.85 7.44 6.99 6.81 6.97 7.15 7.18 7.07 6.74 6.35 6.17 6.30 6.29 6.13 6.16 6.50 7.05 7.46 7.64 7.57 7.38 7.21 7.12 7.19 7.42 7.69 7.71 7.42 7.03 6.69 6.51 6.67 6.94 7.07 7.01 6.97 7.12 7.38 7.60 7.84 8.01 7.99 7.77 7.43 7.13 6.90 6.74 6.59 6.35 6.10 6.13 6.34 6.45 6.40 6.32 6.30 6.36 6.47 6.58 6.70 6.79 6.93 7.20 7.48 7.66 7.84 8.02
7.48 7.38 7.29 7.27 7.19 7.07 6.95 6.86 6.93 7.30 7.98 8.64 8.99 8.98 8.63 8.00 7.40 7.07 6.75 6.42 6.35 6.50 6.72 6.97 7.04 6.84 6.57 6.47 6.54 6.51 6.31 6.13 6.14 6.34 6.68 6.92 7.03 7.07 7.11 7.17 7.29 7.50 7.67 7.55 7.15 6.83 6.72 6.67 6.75 6.83 6.81 6.73 6.75 6.96 7.22 7.40 7.51 7.56 7.60 7.61 7.48 7.15 6.80 6.49 6.12 5.78 5.76 6.19 6.64 6.81 6.78 6.69 6.61 6.55 6.57 6.66 6.76 6.85 7.02 7.24 7.37 7.37 7.42 7.45
7.40 7.35 7.32 7.28 7.20 7.13 7.09 7.11 7.32 7.86 8.45 8.72 8.59 8.22 7.73 7.25 6.98 6.73 6.31 5.97 5.86 5.91 6.21 6.59 6.66 6.57 6.61 6.75 6.85 6.83 6.72 6.52 6.28 6.17 6.18 6.34 6.61 6.91 7.15 7.32 7.44 7.59 7.62 7.30 6.78 6.56 6.62 6.71 6.77 6.79 6.77 6.79 6.95 7.15 7.28 7.29 7.18 7.03 7.00 7.07 7.08 6.93 6.70 6.41 6.18 6.17 6.43 6.82 7.02 7.00 6.91 6.84 6.74 6.62 6.53 6.49 6.50 6.61 6.83 7.04 7.09 6.98 6.89 6.76
7.46 7.47 7.44 7.31 7.21 7.22 7.33 7.50 7.84 8.34 8.65 8.58 8.26 7.92 7.56 7.19 6.83 6.42 6.07 5.97 6.07 6.28 6.56 6.68 6.58 6.50 6.64 6.83 6.92 6.91 6.89 6.84 6.70 6.47 6.20 6.12 6.37 6.74 7.01 7.24 7.44 7.61 7.50 6.93 6.29 6.15 6.32 6.47 6.54 6.63 6.76 6.91 7.04 7.08 7.05 6.99 6.90 6.79 6.71 6.67 6.68 6.71 6.72 6.73 6.85 7.06 7.22 7.27 7.18 6.97 6.80 6.71 6.64 6.57 6.49 6.40 6.40 6.60 6.85 6.94 6.86 6.74 6.67 6.56
7.56 7.55 7.44 7.28 7.22 7.32 7.54 7.89 8.38 8.64 8.60 8.32 8.03 7.79 7.46 6.99 6.58 6.36 6.44 6.72 6.96 7.05 6.99 6.83 6.66 6.59 6.67 6.80 6.85 6.84 6.83 6.85 6.85 6.73 6.51 6.41 6.54 6.75 6.89 7.11 7.37 7.45 7.03 6.19 5.66 5.68 5.96 6.18 6.30 6.40 6.53 6.61 6.59 6.54 6.49 6.50 6.59 6.69 6.70 6.63 6.62 6.69 6.79 6.93 7.09 7.23 7.29 7.29 7.22 7.06 6.83 6.66 6.57 6.52 6.49 6.50 6.61 6.76 6.74 6.59 6.43 6.37 6.34 6.33
7.45 7.38 7.24 7.17 7.22 7.38 7.63 7.98 8.35 8.41 8.16 7.83 7.61 7.31 6.81 6.46 6.47 6.70 6.97 7.09 6.99 6.82 6.76 6.84 6.92 6.85 6.73 6.74 6.74 6.69 6.65 6.63 6.60 6.62 6.73 6.86 6.93 6.94 6.92 7.11 7.20 6.85 5.94 5.14 5.00 5.26 5.65 6.00 6.17 6.17 6.14 6.06 5.92 5.84 5.86 5.98 6.22 6.43 6.50 6.52 6.60 6.70 6.75 6.77 6.82 6.98 7.12 7.23 7.26 7.14 6.94 6.75 6.58 6.43 6.35 6.43 6.48 6.39 6.14 5.95 5.98 6.08 6.04 5.97
7.35 7.30 7.24 7.21 7.26 7.39 7.57 7.74 7.81 7.67 7.37 7.17 7.03 6.59 6.14 6.29 6.63 6.79 6.67 6.36 6.09 6.14 6.49 6.92 7.13 7.05 6.90 6.79 6.69 6.57 6.52 6.49 6.48 6.61 6.81 6.94 6.93 6.88 6.86 6.95 6.69 5.89 5.04 4.76 4.91 5.19 5.51 5.92 6.12 6.17 6.18 6.09 5.87 5.65 5.57 5.72 5.98 6.10 6.16 6.36 6.56 6.68 6.78 6.95 7.16 7.35 7.37 7.30 7.16 6.95 6.80 6.68 6.47 6.22 6.14 6.15 6.07 5.91 5.77 5.77 5.92 5.97 5.80 5.64
7.54 7.62 7.59 7.41 7.30 7.30 7.37 7.40 7.30 7.09 6.92 6.91 6.72 6.25 6.14 6.38 6.41 6.12 5.68 5.39 5.49 6.00 6.67 7.17 7.29 7.16 7.08 7.00 6.85 6.61 6.47 6.47 6.52 6.57 6.55 6.44 6.40 6.45 6.55 6.50 6.10 5.53 5.42 5.65 5.84 5.86 5.95 6.16 6.34 6.46 6.52 6.45 6.29 6.08 5.95 5.96 6.04 6.11 6.28 6.51 6.64 6.74 6.96 7.37 7.63 7.64 7.44 7.20 6.96 6.72 6.55 6.39 6.18 6.02 5.93 5.86 5.78 5.74 5.80 5.90 5.92 5.81 5.70 5.76
7.74 7.75 7.62 7.32 7.13 7.11 7.15 7.12 7.01 6.94 6.95 6.89 6.55 6.16 6.03 5.89 5.57 5.24 5.09 5.24 5.74 6.40 7.09 7.45 7.35 7.15 7.12 7.10 6.95 6.69 6.53 6.53 6.51 6.37 6.12 5.97 6.02 6.21 6.35 6.28 6.13 6.24 6.54 6.75 6.83 6.85 6.83 6.79 6.78 6.73 6.60 6.49 6.43 6.40 6.37 6.35 6.35 6.44 6.58 6.70 6.69 6.79 7.03 7.30 7.28 7.07 6.91 6.90 6.90 6.76 6.47 6.13 5.91 5.84 5.76 5.59 5.42 5.35 5.45 5.60 5.71 5.85 6.13 6.36
7.54 7.31 6.90 6.73 6.74 6.87 6.98 6.97 6.91 6.88 6.80 6.57 6.20 5.85 5.59 5.34 5.16 5.18 5.54 6.21 6.80 7.21 7.52 7.41 6.96 6.80 6.85 6.82 6.71 6.64 6.62 6.62 6.56 6.39 6.21 6.21 6.37 6.50 6.55 6.58 6.74 6.93 7.02 7.06 7.20 7.40 7.53 7.49 7.31 7.03 6.82 6.71 6.64 6.59 6.55 6.55 6.62 6.67 6.67 6.66 6.63 6.71 6.83 6.83 6.64 6.50 6.64 6.94 7.04 6.80 6.35 5.94 5.74 5.69 5.64 5.55 5.39 5.21 5.15 5.29 5.72 6.33 6.78 6.76
7.03 6.60 6.13 6.15 6.41 6.73 6.92 6.92 6.85 6.73 6.52 6.23 5.96 5.82 5.79 5.82 5.99 6.41 7.07 7.67 7.96 7.92 7.61 7.05 6.57 6.50 6.49 6.39 6.38 6.47 6.56 6.58 6.58 6.60 6.71 6.88 7.00 6.96 6.87 6.89 6.94 6.90 6.93 7.10 7.41 7.76 8.02 8.06 7.89 7.64 7.44 7.30 7.15 6.96 6.76 6.67 6.68 6.65 6.59 6.59 6.54 6.58 6.59 6.49 6.39 6.56 6.95 7.19 6.95 6.36 5.91 5.72 5.63 5.55 5.54 5.65 5.80 5.82 5.71 5.74 6.17 6.75 6.91 6.49
6.81 6.54 6.23 6.36 6.68 6.93 6.98 6.91 6.80 6.67 6.51 6.33 6.24 6.40 6.73 7.10 7.52 7.93 8.22 8.32 8.16 7.78 7.24 6.75 6.53 6.45 6.31 6.21 6.27 6.39 6.43 6.44 6.53 6.70 6.91 7.03 7.02 6.95 6.87 6.80 6.70 6.67 6.86 7.21 7.66 8.05 8.26 8.22 8.07 7.89 7.65 7.40 7.23 7.09 6.93 6.81 6.70 6.54 6.48 6.49 6.51 6.55 6.54 6.50 6.60 6.94 7.21 7.02 6.30 5.62 5.43 5.46 5.49 5.52 5.56 5.66 5.87 6.14 6.36 6.52 6.72 6.89 6.66 6.20
6.99 7.00 7.10 7.35 7.50 7.38 7.11 6.90 6.79 6.73 6.69 6.67 6.80 7.16 7.57 7.91 8.15 8.22 8.09 7.73 7.22 6.73 6.44 6.41 6.51 6.50 6.40 6.41 6.52 6.59 6.54 6.50 6.60 6.76 6.81 6.70 6.62 6.66 6.72 6.70 6.65 6.72 7.04 7.44 7.82 8.04 7.98 7.72 7.49 7.32 7.15 7.07 7.12 7.11 7.03 6.95 6.84 6.69 6.51 6.49 6.57 6.63 6.64 6.70 6.94 7.20 7.10 6.48 5.67 5.30 5.28 5.34 5.41 5.58 5.82 5.89 5.86 5.94 6.27 6.70 7.03 7.18 7.10 7.16
7.17 7.34 7.66 7.88 7.86 7.59 7.21 6.91 6.79 6.78 6.84 6.97 7.23 7.55 7.74 7.75 7.67 7.52 7.16 6.54 5.92 5.63 5.75 6.17 6.51 6.63 6.69 6.81 6.93 7.00 7.01 7.04 7.10 7.09 6.98 6.81 6.70 6.73 6.76 6.82 6.97 7.26 7.56 7.73 7.81 7.69 7.31 6.87 6.63 6.64 6.77 7.03 7.22 7.19 7.07 7.01 6.99 6.91 6.75 6.68 6.69 6.74 6.81 6.94 7.11 7.12 6.71 6.00 5.53 5.39 5.39 5.45 5.55 5.72 5.95 6.10 6.13 6.09 6.21 6.68 7.35 7.90 8.22 8.47
7.27 7.42 7.66 7.77 7.73 7.61 7.39 7.09 6.92 6.91 6.97 7.09 7.27 7.38 7.30 7.18 7.12 6.85 6.27 5.64 5.33 5.43 5.88 6.40 6.71 6.84 6.95 7.08 7.18 7.29 7.46 7.63 7.71 7.61 7.41 7.22 7.10 7.05 6.96 7.02 7.31 7.63 7.73 7.70 7.58 7.24 6.68 6.23 6.12 6.38 6.84 7.22 7.31 7.17 7.08 7.08 7.09 7.07 6.96 6.83 6.79 6.84 6.94 7.03 7.05 6.84 6.27 5.75 5.57 5.55 5.56 5.62 5.76 5.93 5.98 6.05 6.27 6.55 6.83 7.30 8.03 8.53 8.66 8.51
7.41 7.57 7.80 7.91 7.89 7.76 7.64 7.52 7.37 7.23 7.09 7.01 6.98 6.93 6.92 6.99 6.92 6.51 5.99 5.79 5.95 6.25 6.57 6.85 7.00 7.04 7.12 7.22 7.30 7.39 7.55 7.74 7.83 7.79 7.68 7.61 7.59 7.53 7.34 7.24 7.37 7.46 7.48 7.50 7.33 6.87 6.37 6.07 6.11 6.52 7.10 7.43 7.41 7.26 7.18 7.17 7.16 7.11 6.95 6.82 6.79 6.84 6.90 6.94 6.90 6.64 6.15 5.82 5.72 5.73 5.76 5.77 5.84 5.97 6.07 6.19 6.43 6.87 7.48 8.10 8.55 8.52 8.02 7.55
7.74 7.96 8.26 8.28 8.13 7.86 7.75 7.75 7.69 7.41 7.06 6.80 6.67 6.69 6.85 6.94 6.72 6.36 6.28 6.55 6.86 6.99 7.07 7.18 7.24 7.25 7.29 7.33 7.37 7.44 7.55 7.62 7.61 7.64 7.82 8.06 8.20 8.15 7.96 7.63 7.42 7.30 7.36 7.34 7.00 6.54 6.25 6.22 6.45 6.96 7.48 7.67 7.58 7.42 7.31 7.24 7.17 7.04 6.85 6.76 6.76 6.79 6.81 6.81 6.77 6.57 6.27 6.11 6.05 6.03 6.01 5.96 5.91 5.94 6.16 6.53 6.93 7.45 8.14 8.68 8.68 8.07 7.24 6.68
8.03 8.15 8.29 8.23 8.09 7.84 7.66 7.56 7.44 7.17 6.83 6.59 6.57 6.72 6.83 6.70 6.47 6.46 6.74 7.00 7.09 7.11 7.18 7.32 7.39 7.36 7.31 7.29 7.31 7.43 7.59 7.63 7.59 7.67 7.94 8.23 8.38 8.40 8.35 8.11 7.65 7.31 7.12 6.87 6.46 6.23 6.26 6.42 6.79 7.39 7.83 7.84 7.64 7.47 7.35 7.26 7.14 6.98 6.79 6.74 6.78 6.80 6.80 6.79 6.77 6.67 6.51 6.45 6.43 6.39 6.32 6.26 6.21 6.23 6.42 6.85 7.57 8.43 9.12 9.24 8.71 7.84 7.00 6.36
8.02 7.83 7.53 7.45 7.49 7.47 7.32 7.18 7.10 6.97 6.84 6.84 7.00 7.15 7.00 6.64 6.44 6.55 6.72 6.79 6.88 7.04 7.26 7.43 7.44 7.30 7.15 7.09 7.14 7.31 7.51 7.66 7.71 7.78 7.84 7.84 7.82 7.85 7.92 7.86 7.47 7.01 6.60 6.25 6.05 6.07 6.26 6.49 7.02 7.72 8.00 7.78 7.49 7.38 7.33 7.26 7.12 6.93 6.75 6.76 6.86 6.91 6.90 6.86 6.82 6.75 6.69 6.69 6.71 6.71 6.75 6.84 6.90 7.02 7.22 7.62 8.34 9.18 9.62 9.34 8.60 7.90 7.25 6.61
7.71 7.27 6.51 6.19 6.25 6.44 6.67 6.89 7.09 7.24 7.41 7.66 7.87 7.78 7.32 6.81 6.52 6.38 6.27 6.31 6.62 7.03 7.34 7.48 7.42 7.24 7.04 6.94 6.94 7.06 7.19 7.30 7.35 7.40 7.31 7.13 6.95 6.87 6.82 6.76 6.63 6.41 6.14 5.94 5.95 6.11 6.28 6.63 7.38 8.01 7.97 7.53 7.29 7.26 7.26 7.21 7.08 6.92 6.80 6.89 7.03 7.08 7.03 6.94 6.84 6.78 6.78 6.85 6.91 7.01 7.25 7.57 7.91 8.29 8.62 8.92 9.27 9.62 9.51 8.91 8.42 8.19 7.93 7.55
7.19 6.63 5.74 5.44 5.44 5.67 6.14 6.66 7.09 7.48 7.83 8.08 8.08 7.75 7.25 6.83 6.50 6.25 6.15 6.34 6.71 7.08 7.35 7.46 7.41 7.29 7.14 7.01 6.87 6.84 6.85 6.80 6.73 6.73 6.69 6.50 6.24 6.06 5.90 5.86 5.91 5.94 5.94 6.04 6.29 6.54 6.80 7.32 8.00 8.23 7.87 7.41 7.23 7.20 7.18 7.15 7.12 7.16 7.29 7.44 7.43 7.28 7.12 7.00 6.93 6.89 6.90 6.98 7.12 7.34 7.75 8.29 8.90 9.41 9.73 9.80 9.75 9.61 9.15 8.63 8.53 8.64 8.69 8.66
6.68 6.22 5.61 5.55 5.70 5.97 6.32 6.62 6.92 7.28 7.60 7.73 7.54 7.14 6.83 6.63 6.44 6.33 6.43 6.74 7.04 7.30 7.45 7.50 7.44 7.37 7.32 7.28 7.19 6.99 6.84 6.67 6.56 6.47 6.32 6.04 5.73 5.53 5.44 5.50 5.62 5.81 6.12 6.58 6.99 7.31 7.71 8.14 8.40 8.23 7.73 7.36 7.22 7.14 7.11 7.16 7.32 7.60 7.88 7.94 7.68 7.32 7.10 7.04 7.07 7.08 7.04 7.10 7.32 7.71 8.25 8.83 9.32 9.58 9.66 9.56 9.34 9.05 8.72 8.54 8.60 8.72 8.88 9.13
6.67 6.52 6.51 6.75 6.93 7.02 6.92 6.81 6.87 7.04 7.19 7.18 6.94 6.66 6.52 6.45 6.41 6.45 6.68 7.02 7.30 7.56 7.64 7.58 7.46 7.41 7.43 7.47 7.46 7.36 7.09 6.81 6.58 6.35 6.05 5.70 5.39 5.24 5.24 5.37 5.62 6.05 6.67 7.24 7.59 7.85 8.11 8.30 8.28 7.94 7.48 7.18 7.01 6.91 6.96 7.15 7.44 7.69 7.78 7.57 7.23 7.03 6.97 7.01 7.10 7.15 7.14 7.19 7.40 7.86 8.42 8.80 8.89 8.73 8.50 8.32 8.24 8.24 8.26 8.26 8.23 8.22 8.45 8.83
7.09 7.27 7.72 8.13 8.27 8.08 7.61 7.34 7.28 7.20 7.02 6.77 6.56 6.46 6.42 6.42 6.45 6.60 6.94 7.32 7.61 7.81 7.75 7.55 7.40 7.38 7.45 7.50 7.50 7.45 7.25 6.91 6.55 6.22 5.88 5.57 5.35 5.24 5.25 5.46 5.99 6.77 7.47 7.85 7.96 7.96 7.98 8.01 7.90 7.59 7.19 6.85 6.60 6.57 6.76 7.04 7.28 7.32 7.12 6.81 6.68 6.74 6.85 6.95 7.04 7.09 7.12 7.19 7.34 7.66 8.04 8.09 7.84 7.50 7.21 7.10 7.30 7.67 7.92 7.93 7.82 7.78 7.92 8.12
7.36 7.64 8.13 8.47 8.58 8.48 8.31 8.10 7.84 7.45 7.01 6.66 6.49 6.46 6.49 6.53 6.66 6.93 7.31 7.61 7.77 7.76 7.54 7.30 7.21 7.29 7.38 7.38 7.34 7.28 7.15 6.87 6.56 6.24 5.93 5.65 5.44 5.35 5.47 5.99 6.90 7.73 8.13 8.14 7.97 7.79 7.74 7.76 7.67 7.38 6.95 6.55 6.32 6.44 6.66 6.86 6.88 6.68 6.39 6.25 6.34 6.54 6.74 6.88 6.94 6.95 7.00 7.13 7.31 7.51 7.58 7.36 7.08 6.88 6.76 6.87 7.28 7.72 7.92 7.87 7.79 7.76 7.71 7.66
7.43 7.64 7.96 8.07 8.06 8.04 8.18 8.15 7.87 7.43 7.04 6.79 6.67 6.64 6.69 6.81 7.03 7.34 7.61 7.68 7.57 7.33 7.12 7.01 7.05 7.19 7.20 7.06 7.03 7.04 6.96 6.80 6.62 6.38 6.10 5.86 5.69 5.72 6.14 7.02 7.86 8.20 8.08 7.79 7.56 7.47 7.54 7.66 7.59 7.24 6.80 6.47 6.41 6.53 6.66 6.69 6.48 6.06 5.74 5.74 6.00 6.36 6.64 6.78 6.84 6.89 6.97 7.11 7.31 7.47 7.43 7.22 7.04 6.91 6.92 7.27 7.81 8.17 8.26 8.14 7.99 7.87 7.74 7.71
7.49 7.66 7.90 7.87 7.66 7.38 7.34 7.38 7.35 7.23 7.06 6.93 6.86 6.84 6.89 7.07 7.34 7.56 7.59 7.41 7.12 6.85 6.75 6.88 7.08 7.22 7.15 6.99 7.00 7.02 6.95 6.83 6.67 6.46 6.27 6.18 6.26 6.55 7.12 7.77 8.05 7.85 7.49 7.24 7.18 7.28 7.48 7.61 7.46 7.09 6.70 6.52 6.47 6.57 6.67 6.64 6.44 6.13 5.81 5.75 6.01 6.33 6.55 6.71 6.83 6.94 7.03 7.12 7.20 7.23 7.25 7.27 7.13 6.94 7.04 7.66 8.37 8.67 8.60 8.36 8.12 7.92 7.80 7.92
7.58 7.69 7.74 7.54 7.24 6.86 6.60 6.55 6.68 6.83 6.91 6.93 6.91 6.90 6.95 7.10 7.26 7.25 7.00 6.68 6.41 6.28 6.45 6.91 7.33 7.47 7.42 7.37 7.37 7.25 7.06 6.85 6.63 6.47 6.40 6.48 6.74 7.12 7.47 7.65 7.56 7.29 7.09 7.05 7.14 7.29 7.46 7.53 7.32 6.96 6.66 6.42 6.31 6.45 6.69 6.76 6.73 6.64 6.46 6.42 6.51 6.53 6.57 6.69 6.85 6.97 7.05 7.09 7.07 7.06 7.18 7.29 7.15 7.06 7.45 8.36 9.03 9.03 8.62 8.23 7.96 7.83 7.83 7.97
7.60 7.46 7.01 6.42 6.06 5.93 5.98 6.11 6.27 6.44 6.62 6.79 6.86 6.88 6.92 6.95 6.86 6.58 6.26 6.07 6.01 6.14 6.59 7.24 7.65 7.72 7.67 7.67 7.56 7.31 7.08 6.84 6.61 6.50 6.52 6.63 6.84 7.06 7.19 7.25 7.21 7.07 7.04 7.16 7.28 7.33 7.35 7.34 7.18 6.88 6.49 6.16 6.16 6.49 6.84 6.97 7.01 7.06 7.12 7.16 7.07 6.81 6.67 6.73 6.88 6.99 7.08 7.14 7.25 7.43 7.55 7.46 7.41 7.71 8.44 9.18 9.39 8.96 8.36 7.98 7.81 7.81 7.87 7.85
7.36 6.95 6.21 5.55 5.17 5.33 5.74 6.08 6.28 6.46 6.65 6.76 6.81 6.86 6.88 6.80 6.60 6.43 6.45 6.56 6.66 6.87 7.26 7.62 7.77 7.68 7.58 7.48 7.17 6.88 6.81 6.72 6.60 6.56 6.62 6.71 6.85 7.01 7.16 7.32 7.28 7.11 7.11 7.26 7.31 7.25 7.18 7.13 6.96 6.56 6.09 5.95 6.23 6.71 7.04 7.15 7.20 7.29 7.43 7.48 7.35 7.13 6.98 7.00 7.06 7.10 7.17 7.32 7.56 7.74 7.67 7.53 7.75 8.42 9.16 9.35 8.99 8.36 7.95 7.80 7.79 7.85 7.84 7.71
7.03 6.64 6.16 5.95 5.87 5.96 6.14 6.24 6.33 6.55 6.76 6.81 6.82 6.86 6.86 6.82 6.81 6.97 7.19 7.22 7.13 7.17 7.42 7.62 7.61 7.39 7.16 6.83 6.41 6.23 6.32 6.43 6.54 6.65 6.73 6.84 7.05 7.32 7.57 7.67 7.48 7.19 7.09 7.13 7.09 7.01 6.99 6.96 6.68 6.11 5.79 5.99 6.51 6.94 7.14 7.20 7.25 7.34 7.42 7.45 7.44 7.45 7.45 7.41 7.29 7.19 7.21 7.35 7.48 7.45 7.34 7.55 8.18 8.90 9.18 8.78 8.08 7.61 7.43 7.43 7.47 7.50 7.43 7.35
6.92 6.74 6.52 6.50 6.55 6.63 6.58 6.49 6.49 6.60 6.69 6.73 6.80 6.88 6.93 7.03 7.23 7.40 7.30 6.98 6.75 6.81 7.13 7.47 7.46 7.07 6.56 6.09 5.81 5.84 6.04 6.29 6.55 6.76 6.91 7.10 7.39 7.69 7.84 7.75 7.47 7.16 6.96 6.84 6.73 6.76 6.86 6.79 6.37 5.88 5.83 6.24 6.74 7.05 7.15 7.15 7.17 7.23 7.27 7.30 7.38 7.50 7.54 7.44 7.26 7.15 7.15 7.20 7.19 7.14 7.31 7.93 8.62 8.84 8.55 7.94 7.41 7.15 7.04 6.99 6.96 6.96 6.85 6.65
6.98 6.91 6.75 6.67 6.70 6.85 7.05 7.17 7.18 6.99 6.72 6.62 6.74 6.91 7.07 7.28 7.47 7.41 7.12 6.90 6.96 7.18 7.48 7.69 7.47 6.87 6.26 5.91 5.85 6.02 6.25 6.45 6.66 6.87 7.12 7.40 7.62 7.71 7.66 7.47 7.25 7.06 6.87 6.64 6.54 6.65 6.78 6.63 6.24 5.99 6.10 6.49 6.85 7.03 7.06 7.04 7.01 6.99 7.01 7.09 7.22 7.33 7.33 7.20 7.03 6.94 6.98 7.05 7.10 7.25 7.68 8.22 8.35 8.04 7.66 7.38 7.17 7.04 6.96 6.85 6.75 6.70 6.55 6.28
6.90 6.83 6.75 6.88 7.15 7.46 7.68 7.65 7.31 6.83 6.47 6.48 6.73 6.96 7.16 7.34 7.43 7.40 7.47 7.79 8.14 8.28 8.27 8.13 7.64 6.99 6.54 6.41 6.49 6.64 6.73 6.73 6.78 6.94 7.15 7.29 7.33 7.35 7.31 7.21 7.12 7.04 6.91 6.78 6.72 6.73 6.70 6.54 6.28 6.18 6.36 6.71 6.94 7.00 6.97 6.91 6.83 6.74 6.75 6.92 7.10 7.17 7.10 6.89 6.64 6.58 6.76 6.97 7.15 7.41 7.73 7.79 7.43 7.14 7.14 7.16 7.11 7.06 6.98 6.83 6.69 6.57 6.35 6.12
