project/data/elevation/US_DEM2016/US_DEM2016_point_11-01-2019_0109_30m_vel.asc
ncols	125
nrows	167
xllcorner	-2042055.000000
yllcorner	1465035.000000
cellsize	30.000000
NODATA_value	-9999.000000
[rows 0 to 37 of 167, columns 0 to 83 of 125]
2.35 2.31 2.41 2.66 2.90 3.22 3.60 4.00 4.30 4.58 4.90 5.18 5.08 4.72 4.68 4.97 5.21 5.01 4.29 3.61 3.31 3.51 4.02 4.47 4.74 4.74 4.40 3.49 2.46 1.70 1.36 1.36 1.43 1.45 1.40 1.38 1.45 1.50 1.52 1.49 1.47 1.48 1.52 1.61 1.67 1.66 1.61 1.65 1.86 2.34 3.00 3.68 4.26 4.72 4.87 4.84 4.64 4.18 3.76 3.46 3.23 3.03 2.94 3.07 3.23 3.32 3.30 3.15 2.89 2.75 2.75 2.82 2.88 2.92 2.97 3.00 3.01 3.08 3.36 3.72 3.85 3.57 3.23 3.43
2.35 2.31 2.41 2.66 2.90 3.22 3.60 4.00 4.30 4.58 4.90 5.18 5.08 4.72 4.68 4.97 5.21 5.01 4.29 3.61 3.31 3.51 4.02 4.47 4.74 4.74 4.40 3.49 2.46 1.70 1.36 1.36 1.43 1.45 1.40 1.38 1.45 1.50 1.52 1.49 1.47 1.48 1.52 1.61 1.67 1.66 1.61 1.65 1.86 2.34 3.00 3.68 4.26 4.72 4.87 4.84 4.64 4.18 3.76 3.46 3.23 3.03 2.94 3.07 3.23 3.32 3.30 3.15 2.89 2.75 2.75 2.82 2.88 2.92 2.97 3.00 3.01 3.08 3.36 3.72 3.85 3.57 3.23 3.43
2.22 2.27 2.51 2.75 2.93 3.24 3.60 3.93 4.15 4.29 4.47 4.64 4.59 4.44 4.43 4.58 4.68 4.51 4.01 3.49 3.36 3.66 4.05 4.24 4.26 4.09 3.53 2.67 1.90 1.38 1.21 1.29 1.40 1.45 1.39 1.36 1.44 1.53 1.53 1.49 1.46 1.49 1.54 1.68 1.82 1.86 1.85 1.93 2.23 2.74 3.30 3.72 4.03 4.27 4.36 4.31 4.15 3.90 3.58 3.27 3.03 2.85 2.83 2.94 3.03 3.06 3.04 2.98 2.95 2.91 2.91 2.91 2.88 2.82 2.79 2.78 2.82 2.99 3.29 3.47 3.34 3.14 3.18 3.58
2.20 2.40 2.77 2.97 3.09 3.29 3.55 3.72 3.75 3.69 3.66 3.64 3.61 3.61 3.75 3.75 3.62 3.54 3.38 3.26 3.45 3.87 4.02 3.73 3.30 2.78 2.15 1.65 1.25 1.05 1.08 1.23 1.43 1.55 1.54 1.51 1.57 1.63 1.59 1.52 1.58 1.69 1.80 2.00 2.22 2.30 2.35 2.50 2.84 3.33 3.69 3.73 3.59 3.45 3.36 3.17 3.03 3.03 3.01 2.92 2.82 2.75 2.72 2.68 2.61 2.55 2.52 2.60 2.76 2.90 2.94 2.86 2.69 2.54 2.46 2.47 2.57 2.80 3.01 2.93 2.62 2.69 3.18 3.76
2.40 2.63 3.00 3.12 3.18 3.30 3.42 3.45 3.38 3.26 3.11 2.93 2.82 2.85 3.07 3.10 2.88 2.80 2.91 3.11 3.52 3.86 3.72 3.09 2.37 1.77 1.46 1.32 1.16 1.12 1.23 1.46 1.73 1.87 1.86 1.82 1.83 1.87 1.80 1.75 1.90 2.06 2.22 2.44 2.60 2.62 2.62 2.80 3.18 3.61 3.79 3.63 3.26 2.89 2.57 2.21 2.00 2.02 2.20 2.41 2.54 2.59 2.53 2.36 2.23 2.16 2.13 2.18 2.27 2.34 2.34 2.25 2.13 2.08 2.14 2.28 2.45 2.60 2.69 2.60 2.48 2.71 3.25 3.65
2.53 2.76 3.08 3.18 3.17 3.21 3.25 3.15 3.08 3.02 2.84 2.55 2.39 2.50 2.83 2.93 2.69 2.56 2.73 3.02 3.41 3.53 3.14 2.35 1.63 1.28 1.26 1.28 1.27 1.37 1.59 1.91 2.14 2.16 2.08 2.03 2.08 2.14 2.10 2.05 2.12 2.23 2.37 2.60 2.74 2.70 2.70 2.92 3.30 3.66 3.76 3.51 3.06 2.51 2.04 1.75 1.70 1.79 1.89 1.96 2.02 2.05 1.99 1.88 1.84 1.90 1.95 1.98 1.95 1.87 1.76 1.65 1.61 1.70 1.91 2.14 2.33 2.46 2.56 2.58 2.60 2.82 3.17 3.27
2.70 2.91 3.15 3.21 3.15 3.05 2.95 2.80 2.77 2.81 2.72 2.43 2.23 2.45 2.88 2.97 2.72 2.55 2.58 2.70 2.96 2.97 2.47 1.73 1.28 1.19 1.22 1.27 1.38 1.60 1.92 2.23 2.36 2.32 2.25 2.29 2.40 2.43 2.36 2.25 2.23 2.30 2.42 2.56 2.62 2.53 2.51 2.77 3.23 3.64 3.75 3.45 2.90 2.43 2.13 2.02 2.09 2.15 2.06 1.86 1.67 1.52 1.42 1.43 1.57 1.76 1.90 1.95 1.90 1.77 1.62 1.52 1.53 1.69 1.91 2.11 2.25 2.41 2.59 2.67 2.70 2.85 2.96 2.81
2.91 3.08 3.27 3.20 3.05 2.81 2.57 2.46 2.57 2.73 2.70 2.44 2.29 2.55 2.93 2.90 2.55 2.30 2.21 2.21 2.46 2.45 1.96 1.40 1.19 1.20 1.24 1.31 1.49 1.76 2.11 2.39 2.53 2.61 2.72 2.89 2.96 2.88 2.73 2.57 2.45 2.42 2.47 2.47 2.38 2.28 2.31 2.64 3.27 3.82 3.88 3.46 2.90 2.59 2.50 2.51 2.46 2.31 2.01 1.66 1.38 1.24 1.22 1.30 1.49 1.73 1.93 2.02 1.95 1.76 1.61 1.58 1.65 1.80 2.00 2.15 2.28 2.50 2.71 2.74 2.73 2.79 2.74 2.46
3.20 3.27 3.31 3.13 2.88 2.60 2.35 2.36 2.61 2.77 2.72 2.58 2.56 2.71 2.84 2.68 2.22 1.85 1.75 1.85 2.18 2.12 1.57 1.13 1.05 1.15 1.29 1.49 1.73 1.98 2.31 2.64 2.94 3.26 3.56 3.68 3.59 3.40 3.20 3.00 2.81 2.67 2.61 2.52 2.36 2.29 2.48 2.97 3.70 4.14 3.99 3.32 2.65 2.35 2.26 2.20 2.05 1.75 1.38 1.13 1.08 1.16 1.28 1.38 1.54 1.82 2.10 2.18 2.00 1.72 1.58 1.63 1.77 1.97 2.20 2.36 2.56 2.83 2.94 2.84 2.73 2.70 2.59 2.66
3.46 3.41 3.21 2.96 2.71 2.51 2.40 2.60 2.93 3.04 2.91 2.82 2.83 2.80 2.68 2.38 1.88 1.48 1.51 1.79 2.11 1.89 1.28 0.95 0.99 1.14 1.37 1.65 1.96 2.31 2.72 3.13 3.54 3.88 3.97 3.82 3.60 3.44 3.35 3.26 3.14 3.02 2.93 2.81 2.65 2.64 2.87 3.46 4.10 4.28 3.83 2.87 2.08 1.60 1.42 1.34 1.18 0.91 0.73 0.76 0.95 1.19 1.38 1.51 1.72 2.10 2.44 2.42 2.04 1.65 1.57 1.77 2.10 2.43 2.67 2.86 3.13 3.37 3.34 3.11 2.90 2.82 2.76 2.60
3.80 3.48 3.03 2.81 2.69 2.68 2.84 3.23 3.51 3.47 3.27 3.12 2.99 2.76 2.47 2.11 1.68 1.47 1.64 1.97 2.12 1.76 1.25 1.07 1.14 1.31 1.51 1.79 2.24 2.77 3.24 3.62 3.89 3.86 3.48 3.03 2.87 2.98 3.11 3.16 3.17 3.14 3.07 2.99 2.91 2.89 3.10 3.74 4.25 4.15 3.37 2.35 1.59 1.16 0.93 0.77 0.57 0.43 0.52 0.76 1.04 1.33 1.58 1.78 2.07 2.52 2.75 2.53 2.07 1.72 1.76 2.18 2.71 3.07 3.29 3.47 3.68 3.72 3.50 3.21 3.06 3.02 2.95 2.77
4.03 3.55 2.96 2.86 2.96 3.20 3.57 3.92 4.02 3.82 3.58 3.38 3.13 2.74 2.34 2.05 1.78 1.73 1.91 2.14 2.09 1.69 1.34 1.28 1.38 1.57 1.82 2.21 2.73 3.18 3.45 3.60 3.53 3.10 2.44 2.08 2.22 2.51 2.63 2.67 2.78 2.89 2.97 3.00 2.98 2.99 3.26 3.90 4.20 3.80 2.82 1.96 1.37 0.95 0.69 0.52 0.43 0.46 0.65 0.94 1.28 1.68 2.02 2.26 2.53 2.82 2.85 2.54 2.19 2.06 2.18 2.70 3.24 3.55 3.68 3.72 3.65 3.36 2.86 2.58 2.58 2.64 2.60 2.46
3.92 3.58 3.11 3.03 3.22 3.56 3.90 4.06 3.98 3.76 3.57 3.42 3.18 2.78 2.46 2.25 2.08 1.99 2.02 2.05 1.87 1.48 1.27 1.33 1.53 1.78 2.12 2.53 2.84 2.97 2.97 2.83 2.50 1.96 1.56 1.66 2.01 2.14 2.04 2.08 2.23 2.42 2.66 2.83 2.88 2.99 3.34 3.89 3.93 3.22 2.26 1.56 1.00 0.62 0.49 0.53 0.62 0.74 0.94 1.27 1.72 2.20 2.54 2.71 2.83 2.91 2.84 2.62 2.48 2.48 2.66 3.17 3.66 3.79 3.62 3.29 2.85 2.30 1.86 1.82 2.02 2.15 2.18 2.09
3.78 3.66 3.37 3.19 3.20 3.37 3.53 3.49 3.29 3.15 3.12 3.10 2.99 2.81 2.65 2.49 2.29 2.07 1.91 1.75 1.44 1.10 1.07 1.25 1.49 1.70 1.97 2.15 2.16 2.09 1.97 1.76 1.54 1.31 1.30 1.59 1.79 1.71 1.63 1.74 1.85 2.01 2.21 2.36 2.52 2.83 3.30 3.67 3.52 2.72 1.83 1.10 0.61 0.47 0.59 0.81 0.94 1.05 1.30 1.74 2.23 2.67 2.91 2.99 3.03 3.05 3.00 2.88 2.79 2.81 3.06 3.58 3.83 3.54 2.93 2.29 1.84 1.56 1.49 1.72 2.05 2.25 2.27 2.12
3.83 3.76 3.41 3.09 2.89 2.83 2.75 2.53 2.28 2.25 2.38 2.49 2.49 2.50 2.51 2.48 2.31 2.02 1.73 1.40 1.00 0.83 0.94 1.13 1.23 1.31 1.41 1.43 1.40 1.40 1.35 1.32 1.35 1.36 1.46 1.62 1.66 1.60 1.63 1.74 1.79 1.85 1.95 2.07 2.31 2.84 3.29 3.44 3.11 2.39 1.50 0.81 0.59 0.78 1.12 1.28 1.27 1.34 1.69 2.20 2.73 3.11 3.29 3.35 3.40 3.44 3.39 3.23 3.08 3.10 3.40 3.71 3.48 2.69 1.92 1.59 1.53 1.51 1.63 2.01 2.45 2.68 2.62 2.47
3.98 3.72 3.12 2.64 2.31 2.20 2.14 1.96 1.81 1.84 1.95 1.95 1.90 1.94 2.09 2.19 2.12 1.92 1.58 1.16 0.88 0.88 1.01 1.06 1.02 1.00 1.07 1.19 1.27 1.33 1.34 1.42 1.59 1.70 1.75 1.82 1.88 1.88 1.92 1.98 2.03 2.08 2.20 2.41 2.77 3.24 3.40 3.18 2.65 1.93 1.27 0.94 1.06 1.46 1.76 1.75 1.59 1.69 2.17 2.78 3.31 3.68 3.83 3.86 3.91 3.95 3.86 3.67 3.51 3.50 3.62 3.45 2.70 1.90 1.61 1.71 1.84 1.84 1.99 2.44 2.92 3.09 3.00 3.03
3.94 3.47 2.65 2.05 1.68 1.76 1.93 1.93 1.88 1.98 2.07 2.01 1.90 1.92 2.00 1.92 1.80 1.73 1.54 1.29 1.16 1.14 1.12 1.06 1.03 1.06 1.22 1.42 1.55 1.62 1.66 1.72 1.87 2.03 2.13 2.26 2.37 2.38 2.36 2.42 2.55 2.74 2.96 3.27 3.57 3.67 3.37 2.80 2.20 1.71 1.36 1.34 1.66 2.07 2.27 2.16 2.00 2.26 2.91 3.59 4.11 4.37 4.38 4.32 4.28 4.23 4.14 4.03 3.92 3.80 3.57 3.04 2.25 1.96 2.16 2.41 2.41 2.30 2.45 2.91 3.33 3.49 3.54 3.69
3.65 3.20 2.27 1.56 1.36 1.64 2.03 2.24 2.39 2.57 2.65 2.62 2.54 2.42 2.22 1.87 1.59 1.56 1.56 1.50 1.43 1.29 1.15 1.12 1.20 1.37 1.59 1.78 1.89 1.98 2.04 2.07 2.20 2.39 2.55 2.71 2.84 2.85 2.83 2.95 3.23 3.49 3.74 3.91 3.88 3.54 2.90 2.24 1.89 1.72 1.61 1.77 2.17 2.57 2.68 2.50 2.49 2.96 3.75 4.39 4.73 4.75 4.55 4.33 4.17 4.06 3.99 3.95 3.91 3.76 3.47 3.13 2.82 2.93 3.29 3.44 3.32 3.17 3.28 3.56 3.83 3.98 4.08 4.08
3.42 2.96 1.96 1.34 1.45 2.12 2.78 3.17 3.43 3.57 3.58 3.50 3.30 2.92 2.43 1.95 1.63 1.53 1.55 1.54 1.47 1.34 1.24 1.31 1.50 1.71 1.91 2.07 2.20 2.33 2.48 2.63 2.79 2.94 3.05 3.19 3.34 3.38 3.45 3.64 3.87 4.02 4.01 3.81 3.34 2.66 1.98 1.64 1.71 1.82 1.96 2.29 2.73 3.02 2.96 2.72 2.90 3.60 4.35 4.73 4.75 4.50 4.14 3.84 3.69 3.63 3.66 3.66 3.58 3.51 3.52 3.62 3.87 4.19 4.45 4.53 4.50 4.47 4.49 4.46 4.43 4.42 4.33 4.02
3.10 2.51 1.54 1.35 2.00 3.01 3.76 4.16 4.32 4.27 4.09 3.83 3.47 3.00 2.56 2.19 1.87 1.67 1.59 1.55 1.50 1.46 1.51 1.69 1.88 2.04 2.22 2.42 2.56 2.71 2.98 3.31 3.60 3.77 3.84 3.88 3.88 3.85 3.96 4.12 4.14 3.97 3.59 3.00 2.29 1.64 1.36 1.47 1.87 2.19 2.50 2.89 3.22 3.26 3.04 2.91 3.29 4.03 4.47 4.49 4.20 3.78 3.40 3.16 3.12 3.17 3.24 3.25 3.19 3.23 3.49 3.84 4.25 4.61 4.81 4.94 5.03 5.07 5.00 4.84 4.61 4.44 4.15 3.67
2.40 1.95 1.51 1.87 2.96 4.02 4.55 4.66 4.53 4.23 3.88 3.52 3.14 2.80 2.56 2.34 2.09 1.85 1.71 1.66 1.66 1.74 1.95 2.19 2.37 2.49 2.70 2.92 3.07 3.26 3.63 4.04 4.32 4.45 4.44 4.27 4.07 4.01 4.04 3.96 3.67 3.20 2.55 1.84 1.34 1.19 1.40 1.88 2.43 2.84 3.19 3.48 3.56 3.36 3.12 3.21 3.68 4.09 4.16 3.85 3.38 2.94 2.60 2.43 2.52 2.56 2.52 2.50 2.57 2.77 3.10 3.48 3.87 4.13 4.25 4.34 4.43 4.46 4.44 4.29 4.15 3.95 3.68 3.35
2.13 2.11 2.33 3.07 4.10 4.75 4.83 4.54 4.10 3.63 3.26 2.96 2.67 2.46 2.34 2.24 2.12 1.95 1.84 1.86 2.01 2.27 2.58 2.82 3.00 3.18 3.39 3.60 3.79 4.04 4.39 4.63 4.63 4.47 4.18 3.82 3.67 3.67 3.52 3.08 2.54 1.99 1.40 1.03 1.07 1.40 1.98 2.65 3.16 3.55 3.77 3.77 3.60 3.38 3.27 3.43 3.70 3.76 3.50 3.00 2.51 2.13 1.83 1.82 2.02 2.04 1.90 1.84 1.95 2.20 2.63 2.99 3.20 3.23 3.15 3.11 3.00 3.08 3.19 3.18 3.30 3.37 3.31 3.30
2.67 3.00 3.61 4.19 4.69 4.84 4.52 3.96 3.39 3.00 2.74 2.51 2.28 2.10 1.99 1.98 2.00 1.96 1.97 2.10 2.41 2.78 3.07 3.29 3.49 3.73 3.97 4.21 4.42 4.63 4.77 4.66 4.25 3.69 3.12 2.79 2.94 2.95 2.51 1.88 1.33 1.01 0.84 1.01 1.46 2.01 2.69 3.30 3.76 4.01 3.95 3.69 3.38 3.21 3.21 3.30 3.33 3.12 2.68 2.19 1.79 1.50 1.40 1.59 1.84 1.89 1.86 1.91 1.98 2.13 2.42 2.73 2.86 2.73 2.44 2.22 2.17 2.41 2.58 2.60 2.75 2.92 3.03 3.12
3.31 3.61 4.09 4.38 4.52 4.36 3.87 3.31 2.84 2.59 2.41 2.19 1.99 1.82 1.72 1.78 1.88 1.96 2.05 2.18 2.42 2.67 2.94 3.24 3.53 3.85 4.16 4.41 4.54 4.53 4.33 3.84 3.09 2.45 2.01 2.00 2.19 1.99 1.43 0.97 0.76 0.79 1.04 1.57 2.11 2.65 3.28 3.80 4.11 4.08 3.72 3.29 3.00 2.87 2.87 2.89 2.77 2.48 2.04 1.63 1.32 1.19 1.29 1.55 1.75 1.83 1.98 2.20 2.29 2.29 2.40 2.58 2.67 2.52 2.19 1.98 2.12 2.42 2.45 2.36 2.50 2.63 2.67 2.67
3.88 3.88 3.92 3.98 3.94 3.66 3.24 2.83 2.53 2.34 2.16 1.93 1.74 1.61 1.59 1.69 1.82 1.94 2.01 2.04 2.11 2.24 2.52 2.89 3.35 3.78 4.08 4.16 4.04 3.71 3.16 2.43 1.72 1.33 1.25 1.39 1.41 1.19 0.90 0.79 0.88 1.21 1.73 2.27 2.76 3.29 3.79 4.13 4.15 3.84 3.37 2.99 2.75 2.59 2.52 2.49 2.37 2.10 1.70 1.33 1.13 1.23 1.56 1.89 2.04 2.15 2.40 2.54 2.44 2.31 2.32 2.42 2.47 2.39 2.17 2.09 2.32 2.48 2.28 2.15 2.27 2.33 2.32 2.31
4.37 4.02 3.62 3.55 3.40 3.14 2.84 2.54 2.32 2.14 1.94 1.73 1.54 1.48 1.57 1.71 1.84 1.95 2.00 2.03 2.15 2.37 2.73 3.15 3.58 3.88 3.87 3.59 3.12 2.53 1.81 1.19 0.78 0.72 0.88 1.04 1.07 1.03 1.01 1.13 1.42 1.90 2.43 2.94 3.42 3.87 4.16 4.19 3.93 3.49 3.06 2.75 2.51 2.37 2.34 2.33 2.20 1.93 1.64 1.41 1.43 1.77 2.20 2.48 2.60 2.74 2.83 2.64 2.36 2.30 2.34 2.26 2.21 2.26 2.24 2.28 2.46 2.46 2.22 2.12 2.16 2.14 2.14 2.23
4.62 4.15 3.55 3.35 3.14 2.92 2.73 2.50 2.28 2.12 1.94 1.74 1.61 1.62 1.73 1.89 1.96 2.06 2.18 2.36 2.66 3.07 3.49 3.78 3.89 3.76 3.36 2.74 2.06 1.41 0.79 0.47 0.50 0.72 0.97 1.12 1.22 1.35 1.49 1.68 1.99 2.43 2.99 3.55 4.01 4.31 4.29 4.00 3.55 3.08 2.70 2.44 2.30 2.26 2.32 2.32 2.11 1.89 1.83 1.94 2.25 2.70 3.06 3.21 3.25 3.23 3.03 2.72 2.57 2.59 2.45 2.17 2.05 2.22 2.34 2.34 2.43 2.47 2.39 2.31 2.25 2.16 2.16 2.25
4.75 4.27 3.61 3.33 3.09 2.90 2.78 2.61 2.45 2.35 2.22 2.04 1.99 2.02 2.08 2.12 2.12 2.20 2.42 2.77 3.21 3.59 3.78 3.73 3.46 3.01 2.46 1.79 1.08 0.53 0.30 0.45 0.79 1.13 1.37 1.54 1.69 1.82 2.01 2.20 2.44 2.88 3.51 4.07 4.42 4.47 4.17 3.65 3.11 2.68 2.41 2.31 2.30 2.33 2.36 2.22 1.97 1.97 2.18 2.61 3.21 3.74 4.02 4.08 3.94 3.71 3.38 3.16 3.13 2.97 2.52 2.11 2.14 2.42 2.47 2.34 2.43 2.61 2.64 2.52 2.38 2.26 2.24 2.25
4.75 4.29 3.64 3.31 3.10 2.98 2.84 2.69 2.58 2.49 2.39 2.25 2.22 2.27 2.30 2.27 2.19 2.22 2.49 2.93 3.29 3.39 3.19 2.78 2.34 1.93 1.49 0.94 0.40 0.24 0.48 0.97 1.38 1.63 1.83 2.01 2.14 2.26 2.45 2.61 2.86 3.36 4.02 4.47 4.60 4.35 3.81 3.23 2.76 2.47 2.39 2.44 2.46 2.45 2.31 2.06 2.00 2.22 2.59 3.23 3.95 4.39 4.51 4.42 4.29 4.08 3.89 3.77 3.55 3.12 2.63 2.38 2.57 2.75 2.63 2.54 2.76 2.99 2.94 2.69 2.43 2.30 2.26 2.22
4.64 4.30 3.73 3.36 3.17 3.05 2.90 2.72 2.58 2.42 2.24 2.08 2.04 2.06 2.11 2.14 2.07 2.13 2.39 2.71 2.78 2.52 2.06 1.59 1.26 1.02 0.76 0.47 0.31 0.54 1.14 1.64 1.90 2.07 2.22 2.38 2.54 2.66 2.77 2.95 3.29 3.82 4.37 4.63 4.43 3.90 3.28 2.85 2.62 2.54 2.60 2.72 2.69 2.59 2.39 2.20 2.27 2.58 2.98 3.72 4.32 4.55 4.42 4.18 4.05 4.01 4.02 4.04 3.84 3.53 3.31 3.25 3.29 3.15 2.92 3.01 3.33 3.46 3.20 2.77 2.38 2.19 2.13 2.15
4.68 4.41 3.85 3.48 3.31 3.17 3.00 2.78 2.55 2.35 2.16 2.01 1.92 1.85 1.83 1.98 1.89 2.02 2.23 2.23 1.90 1.39 0.94 0.66 0.58 0.63 0.60 0.52 0.62 1.15 1.75 2.05 2.20 2.32 2.46 2.64 2.75 2.80 2.90 3.16 3.59 4.10 4.48 4.46 4.00 3.33 2.88 2.65 2.60 2.68 2.77 2.88 2.92 2.79 2.61 2.48 2.50 2.74 3.21 3.97 4.36 4.19 3.74 3.45 3.42 3.58 3.77 3.93 4.05 4.11 4.16 4.11 3.91 3.66 3.51 3.64 3.77 3.57 3.07 2.48 2.09 1.97 1.97 2.04
4.91 4.49 3.82 3.48 3.37 3.30 3.11 2.83 2.55 2.38 2.30 2.19 2.07 1.92 1.82 1.81 1.82 1.89 1.85 1.48 0.95 0.56 0.33 0.30 0.46 0.64 0.69 0.79 1.10 1.53 1.90 2.03 2.10 2.20 2.37 2.56 2.61 2.66 2.85 3.24 3.76 4.23 4.42 4.15 3.63 3.10 2.77 2.62 2.60 2.66 2.78 2.91 3.00 2.88 2.70 2.51 2.44 2.62 3.19 3.95 4.15 3.71 3.17 2.91 2.92 3.14 3.41 3.61 3.84 4.09 4.25 4.25 4.09 3.98 3.99 3.97 3.71 3.15 2.50 2.04 1.87 1.83 1.82 1.88
4.92 4.41 3.69 3.40 3.30 3.24 3.05 2.76 2.50 2.34 2.27 2.21 2.09 1.96 1.89 1.82 1.74 1.62 1.30 0.82 0.48 0.23 0.11 0.28 0.48 0.81 1.10 1.32 1.52 1.71 1.85 1.87 1.85 1.90 2.02 2.17 2.30 2.46 2.80 3.32 3.86 4.24 4.21 3.77 3.25 2.84 2.57 2.50 2.53 2.56 2.66 2.89 2.92 2.72 2.51 2.28 2.18 2.37 3.09 3.84 3.90 3.33 2.82 2.70 2.83 3.02 3.12 3.12 3.22 3.40 3.53 3.60 3.67 3.79 3.84 3.68 3.17 2.55 2.16 1.99 1.88 1.70 1.63 1.79
4.51 4.21 3.77 3.51 3.26 2.97 2.69 2.50 2.30 2.13 2.02 1.97 1.91 1.84 1.82 1.75 1.56 1.30 0.99 1.03 0.58 0.67 0.73 0.83 1.03 1.36 1.65 1.86 1.96 1.97 1.97 1.94 1.86 1.81 1.87 2.03 2.26 2.49 2.88 3.40 3.87 4.05 3.76 3.10 2.47 2.18 2.14 2.22 2.33 2.47 2.60 2.79 2.76 2.41 2.15 2.00 1.95 2.24 2.99 3.69 3.73 3.17 2.77 2.74 2.89 2.97 2.84 2.63 2.58 2.66 2.63 2.68 2.92 3.22 3.27 3.08 2.75 2.45 2.29 2.15 1.81 1.51 1.59 1.95
4.10 4.12 4.00 3.71 3.26 2.78 2.47 2.31 2.11 1.92 1.79 1.72 1.72 1.74 1.73 1.66 1.46 1.22 1.34 1.00 1.15 1.27 1.42 1.56 1.74 1.97 2.20 2.33 2.39 2.37 2.31 2.19 2.04 1.96 2.03 2.21 2.43 2.67 3.02 3.47 3.78 3.71 3.15 2.34 1.94 1.95 2.10 2.26 2.41 2.53 2.62 2.69 2.55 2.13 1.89 1.87 1.93 2.28 2.96 3.57 3.66 3.30 2.97 2.85 2.82 2.65 2.39 2.18 2.18 2.27 2.23 2.23 2.46 2.73 2.66 2.57 2.59 2.62 2.53 2.19 1.71 1.62 2.02 2.46
4.19 4.31 4.27 3.88 3.37 2.81 2.47 2.25 2.00 1.74 1.55 1.47 1.50 1.59 1.63 1.59 1.46 1.33 1.33 1.42 1.67 1.91 2.13 2.30 2.44 2.55 2.63 2.67 2.66 2.58 2.46 2.33 2.23 2.22 2.32 2.50 2.71 2.93 3.25 3.57 3.64 3.33 2.66 2.08 2.02 2.28 2.58 2.80 2.86 2.78 2.66 2.60 2.41 2.04 1.84 1.86 1.95 2.29 2.92 3.53 3.71 3.47 3.05 2.72 2.46 2.20 2.00 1.92 2.04 2.15 2.10 2.13 2.33 2.48 2.34 2.35 2.52 2.68 2.69 2.50 2.26 2.42 2.88 3.19
4.54 4.55 4.31 3.81 3.28 2.79 2.44 2.16 1.86 1.55 1.30 1.18 1.19 1.32 1.49 1.53 1.45 1.43 1.54 1.85 2.16 2.46 2.69 2.85 2.92 2.96 2.96 2.92 2.82 2.67 2.48 2.36 2.36 2.50 2.72 2.92 3.11 3.33 3.59 3.73 3.58 3.13 2.60 2.43 2.71 3.10 3.38 3.44 3.28 2.91 2.65 2.50 2.36 2.04 1.87 1.88 1.95 2.31 2.96 3.64 3.84 3.51 2.93 2.46 2.10 1.88 1.83 1.89 2.02 2.12 2.03 2.03 2.23 2.35 2.25 2.31 2.46 2.64 2.84 3.09 3.32 3.49 3.66 3.67
4.89 4.66 4.02 3.39 2.86 2.45 2.19 1.93 1.61 1.30 1.11 1.00 0.93 1.03 1.27 1.42 1.38 1.45 1.69 2.01 2.33 2.58 2.74 2.83 2.89 2.95 2.98 2.96 2.91 2.79 2.60 2.47 2.52 2.73 2.98 3.23 3.47 3.73 3.94 3.99 3.80 3.39 3.14 3.20 3.52 3.79 3.82 3.56 3.16 2.78 2.53 2.43 2.31 2.05 1.87 1.88 1.99 2.41 3.13 3.80 3.90 3.47 2.83 2.34 2.00 1.83 1.83 1.92 2.03 2.10 1.97 1.87 2.08 2.31 2.28 2.31 2.44 2.62 2.95 3.37 3.74 3.85 3.76 3.48
