project/data/elevation/US_DEM2016/US_DEM2016_point_10-31-2019_2005_30m_vel.asc
ncols	125
nrows	167
xllcorner	-2042055.000000
yllcorner	1465035.000000
cellsize	30.000000
NODATA_value	-9999.000000
[rows 76 to 113 of 167, columns 0 to 83 of 125]
5.80 5.65 5.60 5.72 5.85 6.12 6.62 7.16 7.36 7.16 6.79 6.63 6.90 7.54 8.17 8.75 9.08 8.98 8.47 7.90 7.52 7.21 6.87 6.54 6.32 6.18 6.02 6.01 6.17 6.35 6.39 6.21 5.72 5.35 5.34 5.46 5.47 5.27 4.96 4.72 4.64 4.82 5.13 5.20 5.11 4.96 4.88 4.71 4.57 4.56 4.57 4.52 4.47 4.60 4.92 5.22 5.40 5.42 5.47 5.57 5.59 5.25 4.53 3.89 3.58 3.55 3.80 4.10 4.52 5.03 5.42 5.78 6.47 7.34 8.17 9.04 9.86 10.27 9.94 8.98 7.52 5.73 4.85 4.59
5.84 5.68 5.67 5.79 5.97 6.43 6.81 6.83 6.39 5.73 5.38 5.61 6.29 7.19 7.99 8.52 8.62 8.28 7.71 7.17 6.79 6.55 6.36 6.23 6.15 6.07 5.92 5.89 5.98 6.23 6.49 6.59 6.42 6.29 6.20 6.04 5.72 5.28 4.89 4.76 4.87 5.05 5.11 4.93 4.76 4.66 4.64 4.54 4.39 4.31 4.26 4.25 4.27 4.53 4.95 5.32 5.54 5.64 5.70 5.66 5.29 4.60 4.08 4.02 4.29 4.67 4.94 5.21 5.74 6.59 7.23 7.94 8.85 9.67 10.27 10.72 10.84 10.46 9.53 8.53 7.50 6.15 5.14 4.59
5.76 5.44 5.34 5.50 5.66 5.94 5.96 5.65 5.38 5.20 5.41 5.93 6.74 7.65 8.27 8.47 8.24 7.75 7.22 6.74 6.36 6.11 5.95 5.86 5.78 5.69 5.60 5.67 5.75 5.90 6.21 6.56 6.73 6.70 6.52 6.21 5.77 5.29 5.03 4.95 4.89 4.73 4.53 4.32 4.15 3.98 3.75 3.54 3.48 3.49 3.60 3.86 4.30 4.80 5.22 5.51 5.73 5.79 5.68 5.36 4.83 4.34 4.28 4.67 5.34 5.84 6.29 6.93 7.78 8.32 8.79 9.39 10.05 10.52 10.58 10.45 10.00 9.11 8.38 8.05 7.90 7.43 6.66 5.86
5.56 5.10 4.95 5.18 5.29 5.35 5.36 5.43 5.66 6.04 6.48 7.06 7.84 8.49 8.69 8.45 7.93 7.36 6.86 6.44 6.05 5.76 5.58 5.46 5.32 5.17 5.08 5.14 5.12 5.15 5.30 5.78 6.14 6.24 6.14 5.91 5.60 5.19 4.92 4.63 4.31 4.03 3.88 3.91 3.85 3.67 3.42 3.33 3.52 3.86 4.27 4.77 5.29 5.59 5.67 5.63 5.50 5.24 4.81 4.32 4.04 4.13 4.52 5.25 6.11 6.93 7.83 8.58 8.86 8.96 9.05 9.25 9.55 9.51 9.20 8.73 8.09 7.44 7.11 7.23 7.57 7.77 7.58 7.06
5.30 4.95 4.92 5.31 5.50 5.56 5.70 6.02 6.50 6.93 7.45 8.11 8.75 8.90 8.60 7.99 7.30 6.72 6.29 5.93 5.60 5.37 5.21 5.06 4.91 4.77 4.58 4.37 4.09 4.02 4.05 4.43 4.96 5.37 5.53 5.53 5.52 5.26 5.06 4.77 4.54 4.45 4.47 4.57 4.53 4.41 4.27 4.34 4.64 5.10 5.56 5.89 6.03 5.99 5.73 5.50 5.18 4.78 4.43 4.20 4.22 4.54 5.11 5.99 6.95 7.95 8.66 8.75 8.47 8.23 8.16 8.12 7.97 7.59 7.26 7.05 6.85 6.62 6.41 6.29 6.54 7.08 7.42 7.37
5.20 5.06 5.19 5.63 5.93 6.07 6.23 6.54 7.00 7.50 8.11 8.67 8.86 8.53 7.85 7.11 6.45 5.85 5.44 5.13 4.92 4.85 4.83 4.72 4.64 4.54 4.27 3.71 3.25 3.05 2.99 3.18 3.65 4.30 4.80 5.21 5.38 5.59 5.66 5.67 5.74 5.84 5.93 5.87 5.74 5.64 5.57 5.67 5.89 5.99 5.96 5.85 5.74 5.62 5.56 5.52 5.49 5.59 5.68 5.69 5.72 5.91 6.34 7.08 7.84 8.34 8.22 7.56 7.16 7.19 7.27 7.18 6.95 6.55 6.37 6.30 6.33 6.39 6.28 5.99 5.90 6.12 6.63 7.00
5.44 5.44 5.51 5.63 5.85 6.13 6.45 6.84 7.33 7.88 8.38 8.57 8.26 7.58 6.84 6.25 5.73 5.23 4.79 4.50 4.37 4.30 4.24 4.30 4.39 4.40 4.25 3.79 3.10 2.81 2.80 2.99 3.28 3.58 4.13 4.86 5.23 5.65 5.93 6.23 6.52 6.70 6.71 6.53 6.37 6.32 6.33 6.36 6.35 6.09 5.77 5.67 5.77 5.84 5.80 5.79 5.96 6.20 6.41 6.59 6.77 7.00 7.36 7.79 8.14 7.96 7.22 6.64 6.58 6.81 6.90 6.71 6.40 6.11 6.02 5.98 6.02 6.15 6.18 6.04 5.80 5.66 5.77 6.26
5.69 5.76 5.74 5.62 5.72 6.09 6.54 7.05 7.57 7.99 8.18 7.97 7.40 6.72 6.14 5.68 5.25 4.85 4.49 4.19 3.96 3.78 3.68 3.80 4.08 4.30 4.47 4.47 4.08 3.81 3.84 4.01 3.97 3.92 4.21 4.76 5.04 5.45 5.87 6.30 6.54 6.54 6.42 6.24 6.18 6.28 6.41 6.43 6.38 6.25 6.25 6.38 6.41 6.30 6.07 5.99 6.14 6.12 6.28 6.61 7.01 7.34 7.62 7.77 7.70 7.21 6.68 6.63 6.78 6.82 6.65 6.25 5.75 5.40 5.23 5.29 5.39 5.49 5.61 5.69 5.61 5.37 5.14 5.40
5.69 5.75 5.82 5.84 5.99 6.33 6.76 7.24 7.62 7.80 7.68 7.24 6.64 6.08 5.62 5.20 4.78 4.44 4.17 3.88 3.58 3.39 3.40 3.63 4.06 4.54 5.01 5.47 5.81 5.91 5.85 5.58 5.22 4.92 4.76 4.96 5.34 5.79 6.21 6.36 6.17 5.88 5.77 5.87 5.99 6.20 6.45 6.69 6.93 7.10 7.06 6.91 6.62 6.35 6.11 6.09 6.15 6.26 6.51 6.79 7.09 7.29 7.39 7.33 7.06 6.68 6.53 6.72 6.76 6.58 6.22 5.71 5.07 4.52 4.16 4.15 4.28 4.41 4.61 4.82 4.98 4.94 4.68 4.69
5.61 5.67 5.85 6.10 6.40 6.72 7.01 7.25 7.41 7.39 7.11 6.60 6.06 5.58 5.15 4.72 4.25 3.87 3.62 3.43 3.36 3.47 3.76 4.21 4.75 5.24 5.73 6.24 6.76 7.08 7.07 6.74 6.23 5.81 5.62 5.68 6.07 6.48 6.43 6.05 5.59 5.44 5.64 5.90 6.05 6.31 6.74 7.13 7.46 7.64 7.51 7.11 6.72 6.45 6.19 6.17 6.34 6.51 6.64 6.69 6.72 6.74 6.77 6.78 6.59 6.37 6.28 6.35 6.24 6.04 5.81 5.50 5.04 4.47 3.86 3.63 3.47 3.33 3.36 3.54 3.88 4.22 4.21 4.23
5.67 5.78 6.03 6.34 6.66 6.85 6.89 6.90 6.98 6.95 6.64 6.15 5.63 5.15 4.71 4.23 3.72 3.34 3.34 3.28 3.51 3.93 4.44 4.96 5.47 5.86 6.15 6.38 6.63 6.86 6.96 6.96 6.76 6.40 6.16 6.14 6.30 6.29 5.83 5.33 5.15 5.27 5.42 5.57 5.73 6.14 6.63 6.90 7.10 7.28 7.34 7.21 7.00 6.74 6.41 6.27 6.63 6.20 6.21 6.08 5.99 5.97 6.13 6.32 6.29 6.12 5.95 5.83 5.69 5.64 5.65 5.71 5.75 5.58 4.92 4.20 3.63 3.20 2.89 3.29 2.97 3.23 3.46 3.61
5.77 5.88 6.09 6.30 6.41 6.38 6.35 6.48 6.70 6.71 6.33 5.82 5.29 4.75 4.17 3.67 3.42 3.46 3.69 3.91 4.12 4.40 4.79 5.27 5.73 6.00 6.07 6.03 6.01 6.03 6.23 6.58 6.85 6.87 6.69 6.34 6.60 5.45 5.05 4.95 4.96 4.92 4.82 4.88 5.26 5.76 6.06 6.00 5.95 6.06 6.19 6.36 6.49 6.53 6.45 6.28 6.07 5.82 5.71 5.71 5.70 5.82 6.05 6.20 6.17 5.99 5.83 5.68 5.52 5.56 5.76 6.02 6.29 6.55 6.58 6.02 5.33 4.66 4.15 3.77 3.46 3.27 3.30 3.51
5.79 5.86 5.95 5.99 5.94 5.93 6.15 6.59 6.83 6.62 6.08 5.46 4.87 4.26 3.74 4.45 3.80 4.34 4.67 4.82 4.85 4.91 5.14 5.44 5.66 5.70 5.61 5.53 5.59 5.67 5.84 6.14 6.55 6.84 6.89 6.50 5.76 5.19 4.89 4.90 4.85 4.74 4.71 4.88 5.20 5.46 5.42 4.98 4.57 4.37 4.44 4.59 4.87 5.28 5.59 5.79 5.81 5.79 5.83 5.92 6.03 6.13 6.16 6.11 6.03 5.91 5.79 5.69 5.60 5.71 5.96 6.11 6.31 6.70 7.17 7.34 7.20 6.87 6.46 5.94 5.32 4.84 4.79 4.72
5.79 5.83 5.90 5.93 5.95 6.17 6.61 6.92 6.82 6.31 5.59 4.84 4.15 3.60 3.46 3.70 4.20 4.64 4.91 5.12 5.26 5.38 5.49 5.47 5.28 5.05 4.93 5.04 5.35 5.65 5.80 5.87 5.96 6.23 6.48 6.46 5.93 5.46 5.12 5.05 5.05 5.15 5.23 5.27 5.32 5.31 5.05 4.41 3.77 3.52 3.49 3.55 3.77 4.26 4.88 5.39 5.71 5.90 6.05 6.18 6.26 6.13 5.92 5.80 5.78 5.73 5.62 5.63 5.67 5.77 5.90 5.94 5.96 6.15 6.55 7.06 7.41 7.56 7.58 7.44 7.18 6.90 6.64 6.32
5.79 5.83 5.95 6.10 6.30 6.66 6.94 6.85 6.32 5.53 4.69 3.81 3.09 2.79 4.12 3.15 3.44 3.76 4.23 4.70 5.12 5.38 5.37 5.06 4.64 4.42 4.48 4.72 4.95 5.11 5.25 5.29 5.31 5.49 5.88 6.22 6.05 5.70 5.43 5.43 5.52 5.63 5.64 5.66 5.67 5.60 5.37 4.93 4.46 4.18 4.16 4.39 4.85 5.35 5.72 5.87 5.94 6.00 6.04 6.03 5.93 5.67 5.48 5.47 5.53 5.45 5.31 5.40 5.53 5.55 5.55 5.55 5.40 5.23 5.33 5.66 6.14 6.57 6.97 7.28 7.44 7.48 7.41 7.20
5.80 5.85 5.99 6.22 6.54 6.83 6.77 6.26 5.41 4.46 3.62 2.96 2.62 2.51 2.49 2.49 2.60 2.91 3.38 3.92 4.40 4.74 4.73 4.55 4.44 4.48 4.57 4.61 4.48 4.33 4.35 4.47 4.67 4.92 5.33 5.82 5.95 5.71 5.55 5.67 5.78 5.85 5.96 6.21 6.33 6.33 6.22 6.08 6.02 5.98 5.90 6.17 6.55 6.73 6.64 6.28 6.01 5.88 5.73 5.52 5.31 5.14 5.07 5.18 5.26 5.15 5.00 5.13 5.22 5.19 5.14 5.09 4.83 4.52 4.43 4.52 4.75 5.04 5.42 5.87 6.29 6.58 6.69 6.80
5.82 5.89 6.08 6.35 6.61 6.60 6.13 5.30 4.36 3.55 3.02 2.83 2.84 2.91 2.92 2.86 2.87 3.01 3.27 3.60 3.93 4.14 4.27 4.49 4.77 4.96 5.05 4.96 4.77 4.66 4.63 4.69 4.85 4.96 5.02 5.32 5.62 5.61 5.63 5.82 5.96 6.13 6.40 6.81 6.96 6.94 6.86 6.83 6.95 7.16 7.29 7.28 7.07 6.66 6.21 5.96 5.82 5.64 5.35 5.00 4.72 4.60 4.66 4.87 5.08 5.10 5.05 5.08 5.03 4.95 4.90 4.83 4.60 4.25 4.00 3.86 3.92 3.97 4.06 4.29 4.64 4.99 5.15 5.23
5.84 5.91 6.08 6.29 6.28 5.88 5.11 4.22 3.47 3.02 2.92 3.02 3.22 3.45 3.68 3.87 3.95 3.99 4.13 4.40 4.65 4.79 4.91 5.07 5.19 5.36 5.68 5.95 6.10 6.13 6.07 6.02 5.96 5.77 5.28 5.14 5.40 5.66 5.95 6.21 6.40 6.64 6.94 7.21 7.16 7.01 6.91 6.95 7.12 7.36 7.47 7.35 6.94 6.31 5.89 5.85 5.81 5.58 5.19 4.77 4.48 4.39 4.58 4.96 5.31 5.45 5.43 5.31 5.08 4.95 4.86 4.79 4.57 4.14 3.63 3.20 3.05 2.93 2.85 3.00 3.30 3.62 3.71 3.70
5.86 5.88 5.89 5.78 5.38 4.66 3.83 3.17 2.82 2.79 2.99 3.30 3.62 3.98 4.44 4.95 5.37 5.64 5.90 6.16 6.30 6.27 6.10 5.80 5.56 5.67 6.14 6.51 6.68 6.64 6.54 6.40 6.19 5.87 5.37 5.22 5.46 5.91 6.38 6.68 6.86 7.01 7.11 7.09 6.86 6.67 6.65 6.80 7.03 7.21 7.13 7.02 6.97 6.90 6.66 6.33 6.01 5.69 5.40 5.15 5.01 4.99 5.17 5.49 5.72 5.71 5.53 5.36 5.19 5.18 5.17 5.01 4.62 3.94 3.16 2.56 2.34 2.18 2.08 2.23 2.43 2.52 2.62 2.78
5.86 5.86 5.71 5.28 4.57 3.79 3.17 2.82 2.80 3.05 3.43 3.89 4.37 4.88 5.46 6.11 6.66 7.14 7.46 7.51 7.29 6.88 6.36 5.93 5.75 5.93 6.21 6.13 5.80 5.56 5.37 5.25 5.17 5.09 5.09 5.35 5.73 6.20 6.64 6.86 6.90 6.84 6.66 6.42 6.29 6.23 6.31 6.48 6.71 6.89 6.83 6.75 6.79 6.88 6.82 6.46 6.05 5.74 5.55 5.45 5.47 5.60 5.77 5.96 5.98 5.77 5.43 5.32 5.41 5.67 5.71 5.37 4.79 3.99 3.11 2.57 2.36 2.19 2.10 2.20 2.30 2.26 2.24 2.53
5.87 5.82 5.56 5.13 4.63 4.20 3.91 3.73 3.73 3.96 4.30 4.74 5.31 5.93 6.57 7.12 7.55 7.79 7.74 7.39 6.80 6.15 5.72 5.66 5.90 6.24 6.28 5.83 5.25 4.94 4.83 4.85 4.99 5.02 5.17 5.55 5.98 6.33 6.59 6.66 6.56 6.32 6.00 5.74 5.69 5.76 5.83 5.92 6.00 5.96 5.93 5.96 6.01 6.00 5.93 5.87 5.73 5.54 5.39 5.29 5.37 5.66 5.97 6.19 6.13 5.88 5.62 5.58 5.75 6.00 5.94 5.51 5.03 4.59 3.95 3.44 3.08 2.77 2.71 2.80 2.81 2.74 2.78 3.18
5.81 5.67 5.36 5.24 5.08 4.98 4.93 4.95 5.09 5.23 5.39 5.70 6.25 6.91 7.48 7.76 7.75 7.44 6.85 6.08 5.40 5.01 5.05 5.41 5.93 6.47 6.62 6.45 6.25 6.17 6.16 6.14 6.01 5.77 5.65 5.82 6.05 6.24 6.32 6.26 6.00 5.66 5.40 5.31 5.31 5.40 5.51 5.48 5.18 4.74 4.49 4.55 4.74 4.82 4.88 5.07 5.25 5.30 5.30 5.30 5.43 5.74 6.00 6.08 5.92 5.70 5.62 5.68 5.74 5.78 5.68 5.35 5.28 5.36 5.20 4.69 4.17 3.69 3.83 4.01 3.97 3.87 4.06 4.68
5.66 5.48 5.27 5.39 5.37 5.49 5.69 5.96 6.26 6.48 6.64 6.85 7.26 7.70 7.85 7.68 7.18 6.44 5.64 4.99 4.64 4.62 4.92 5.40 5.98 6.66 6.95 7.12 7.24 7.27 7.19 7.00 6.70 6.35 6.05 5.99 6.04 6.07 6.00 5.76 5.36 5.07 5.04 5.17 5.31 5.51 5.66 5.51 4.94 4.30 3.93 3.82 3.74 3.87 4.24 4.73 5.14 5.35 5.42 5.47 5.64 5.87 5.91 5.78 5.54 5.38 5.33 5.34 5.32 5.35 5.28 5.23 5.58 6.07 6.35 6.23 5.80 5.40 5.67 5.83 5.73 5.66 5.88 6.22
5.59 5.47 5.39 5.52 5.76 6.14 6.57 6.93 7.17 7.33 7.49 7.67 7.81 7.78 7.44 6.84 6.11 5.36 4.79 4.53 4.70 5.11 5.56 5.93 6.41 6.83 6.86 6.76 6.77 6.75 6.66 6.56 6.50 6.40 6.14 5.97 5.91 5.78 5.51 5.19 5.01 5.14 5.36 5.55 5.72 5.96 6.03 5.88 5.53 5.20 4.91 4.61 4.23 4.30 4.69 5.09 5.42 5.62 5.74 5.82 5.88 5.96 5.90 5.77 5.61 5.44 5.28 5.21 5.25 5.36 5.38 5.48 5.91 6.39 6.85 7.15 7.32 7.37 7.51 7.55 7.43 7.26 7.14 6.85
5.64 5.58 5.54 5.68 6.04 6.49 6.87 7.12 7.25 7.33 7.44 7.55 7.49 7.12 6.48 5.75 5.07 4.53 4.24 4.32 4.88 5.51 5.98 6.32 6.66 6.73 6.34 5.84 5.56 5.46 5.46 5.64 5.91 6.10 6.03 5.85 5.64 5.36 5.07 5.02 5.33 5.81 6.01 6.06 6.12 6.24 6.22 6.08 5.96 6.06 6.11 6.01 5.77 5.56 5.51 5.48 5.56 5.78 6.04 6.18 6.20 6.24 6.19 6.11 5.97 5.80 5.66 5.70 5.86 5.88 5.81 5.82 5.99 6.18 6.52 7.09 7.67 8.03 8.14 8.05 7.75 7.43 7.01 6.38
5.63 5.60 5.53 5.63 5.89 6.17 6.29 6.36 6.42 6.53 6.68 6.73 6.54 6.11 5.50 4.84 4.28 4.05 4.14 4.51 5.07 5.54 5.90 6.16 6.32 6.12 5.54 4.99 4.59 4.39 4.46 4.71 5.05 5.36 5.60 5.66 5.52 5.36 5.37 5.69 6.12 6.30 6.28 6.23 6.24 6.26 6.15 5.89 5.81 5.93 6.11 6.27 6.33 6.14 5.71 5.42 5.50 5.78 6.09 6.30 6.46 6.61 6.60 6.49 6.33 6.18 6.11 6.17 6.22 6.07 5.94 5.92 5.88 5.89 6.11 6.53 7.00 7.31 7.39 7.36 7.18 6.84 6.32 5.68
5.60 5.61 5.63 5.67 5.68 5.61 5.51 5.41 5.44 5.64 5.83 5.78 5.46 4.97 4.39 3.95 3.92 4.31 4.97 5.52 5.80 5.95 6.06 6.12 6.00 5.52 4.77 4.18 3.81 3.66 3.71 3.83 3.97 4.29 4.72 5.13 5.45 5.73 6.03 6.25 6.32 6.24 6.10 6.08 6.13 6.10 5.91 5.59 5.34 5.18 5.18 5.39 5.67 5.73 5.48 5.33 5.46 5.76 6.07 6.36 6.67 6.89 6.88 6.74 6.54 6.35 6.20 6.05 5.88 5.63 5.62 5.70 5.74 5.79 5.90 5.99 6.06 6.05 6.12 6.40 6.63 6.63 6.42 6.19
5.77 5.90 6.06 5.99 5.74 5.41 5.17 5.01 5.04 5.20 5.20 4.88 4.33 3.72 3.27 3.35 4.04 5.07 5.87 6.30 6.51 6.56 6.51 6.42 6.22 5.81 5.05 4.27 3.81 3.68 3.65 3.65 3.72 3.91 4.27 4.81 5.39 5.81 5.92 5.84 5.71 5.67 5.69 5.77 5.87 5.86 5.65 5.26 4.81 4.47 4.32 4.35 4.53 4.84 5.03 5.19 5.38 5.69 6.01 6.34 6.68 6.91 6.86 6.70 6.50 6.32 6.11 5.86 5.62 5.40 5.37 5.47 5.58 5.60 5.58 5.64 5.53 5.34 5.24 5.46 5.87 6.28 6.63 6.89
6.04 6.19 6.29 6.14 5.86 5.53 5.27 5.13 5.04 4.81 4.33 3.67 3.03 2.60 2.55 2.96 3.86 4.90 5.64 6.18 6.51 6.65 6.64 6.64 6.63 6.44 6.05 5.52 5.15 5.08 5.08 4.97 4.97 5.00 5.13 5.38 5.63 5.69 5.52 5.32 5.20 5.20 5.39 5.59 5.75 5.72 5.49 5.11 4.70 4.38 4.15 3.85 3.63 3.73 4.15 4.71 5.23 5.64 5.95 6.26 6.56 6.65 6.55 6.39 6.30 6.26 6.19 6.03 5.84 5.59 5.42 5.41 5.45 5.45 5.52 5.58 5.43 5.20 4.93 4.78 4.85 5.15 5.60 6.07
6.03 6.00 5.91 5.78 5.61 5.39 5.20 4.99 4.60 3.97 3.15 2.55 2.32 2.42 2.77 3.29 3.85 4.38 4.89 5.45 5.83 6.06 6.32 6.64 6.79 6.73 6.76 6.90 7.00 7.03 6.98 6.90 6.77 6.52 6.31 6.13 5.92 5.69 5.49 5.32 5.20 5.21 5.46 5.69 5.79 5.72 5.51 5.30 5.10 4.82 4.42 3.82 3.32 3.38 3.91 4.66 5.34 5.77 6.04 6.29 6.40 6.30 6.16 6.14 6.21 6.30 6.34 6.27 6.11 5.82 5.61 5.56 5.54 5.49 5.43 5.35 5.28 5.20 5.00 4.66 4.28 4.05 4.10 4.34
5.78 5.54 5.34 5.33 5.26 5.13 4.94 4.48 3.92 3.37 3.00 2.88 3.07 3.59 4.48 5.26 5.32 5.14 5.05 5.10 5.26 5.58 6.17 6.67 6.73 6.67 6.88 7.26 7.57 7.73 7.71 7.60 7.39 7.06 6.69 6.35 6.02 5.77 5.56 5.36 5.34 5.52 5.78 5.85 5.78 5.64 5.51 5.45 5.38 5.07 4.52 3.96 3.88 4.31 4.89 5.33 5.64 5.87 6.11 6.22 6.09 5.91 5.94 6.13 6.28 6.33 6.35 6.36 6.32 6.20 5.99 5.86 5.68 5.39 5.06 4.90 4.99 5.12 5.08 4.82 4.40 4.10 4.02 4.08
5.62 5.40 5.18 5.17 5.20 5.18 4.98 4.59 4.19 4.01 4.19 4.62 5.17 6.02 6.97 7.56 7.71 7.28 6.61 6.23 6.16 6.40 6.83 6.91 6.68 6.48 6.48 6.58 6.75 6.96 7.06 7.04 6.97 6.83 6.65 6.40 6.13 5.89 5.60 5.40 5.54 5.88 6.05 5.87 5.62 5.46 5.38 5.40 5.46 5.33 5.04 4.93 5.22 5.67 5.85 5.75 5.66 5.79 5.96 5.94 5.79 5.76 5.91 6.07 6.13 6.09 6.06 6.13 6.28 6.41 6.29 6.07 5.73 5.30 4.95 4.80 4.88 5.04 5.11 5.09 5.10 5.20 5.26 5.13
5.65 5.51 5.34 5.33 5.44 5.59 5.65 5.60 5.55 5.68 6.17 6.87 7.67 8.35 8.74 8.83 8.83 8.64 8.35 8.08 7.90 7.81 7.64 7.17 6.67 6.36 6.16 5.98 5.82 5.75 5.78 5.87 5.95 6.05 6.16 6.22 6.18 6.00 5.75 5.63 5.76 5.83 5.70 5.46 5.34 5.38 5.43 5.55 5.79 6.06 6.22 6.33 6.45 6.46 6.15 5.76 5.70 5.84 5.89 5.83 5.77 5.80 5.80 5.76 5.70 5.59 5.52 5.63 5.86 6.10 6.17 6.04 5.77 5.45 5.19 5.05 5.03 5.07 5.14 5.28 5.51 5.74 5.84 5.79
5.77 5.73 5.65 5.65 5.77 5.97 6.21 6.48 6.85 7.35 7.95 8.54 8.93 9.01 8.81 8.44 8.15 8.21 8.32 8.30 8.20 7.99 7.62 7.06 6.55 6.27 6.11 5.97 5.75 5.43 5.14 5.04 5.08 5.23 5.46 5.72 5.89 5.91 5.80 5.65 5.44 5.14 4.88 4.91 5.29 5.63 5.83 5.98 6.25 6.67 7.04 7.20 7.17 7.00 6.67 6.36 6.31 6.27 6.14 6.00 5.87 5.72 5.58 5.48 5.39 5.23 5.12 5.19 5.36 5.60 5.80 5.84 5.71 5.53 5.37 5.27 5.16 5.07 5.12 5.24 5.37 5.46 5.51 5.56
5.89 5.91 5.89 5.90 6.01 6.17 6.41 6.84 7.49 8.14 8.57 8.67 8.46 8.02 7.47 6.96 6.69 6.76 6.88 7.01 7.11 7.10 6.93 6.62 6.33 6.14 6.04 5.99 5.90 5.77 5.60 5.49 5.51 5.55 5.56 5.55 5.59 5.67 5.63 5.40 5.05 4.81 4.86 5.26 5.81 6.15 6.29 6.37 6.49 6.76 7.09 7.30 7.40 7.44 7.45 7.31 7.13 6.83 6.47 6.15 5.87 5.60 5.46 5.41 5.26 5.06 4.98 5.05 5.19 5.36 5.53 5.59 5.54 5.47 5.40 5.33 5.20 5.11 5.14 5.22 5.30 5.40 5.42 5.42
5.90 5.87 5.86 5.97 6.17 6.41 6.76 7.25 7.79 8.06 8.00 7.67 7.17 6.61 6.12 5.78 5.62 5.62 5.67 5.84 6.11 6.26 6.32 6.23 6.15 6.07 5.95 5.77 5.64 5.74 5.94 6.11 6.21 6.19 6.03 5.79 5.62 5.60 5.54 5.43 5.36 5.45 5.69 6.10 6.47 6.60 6.57 6.51 6.47 6.50 6.67 6.89 7.13 7.39 7.62 7.66 7.44 7.08 6.63 6.18 5.83 5.61 5.47 5.30 5.05 4.94 5.04 5.19 5.30 5.36 5.36 5.36 5.38 5.38 5.31 5.21 5.12 5.09 5.13 5.22 5.34 5.47 5.49 5.49
5.78 5.69 5.72 5.95 6.25 6.63 7.10 7.48 7.58 7.33 6.89 6.46 6.06 5.67 5.29 5.01 4.88 4.93 5.13 5.40 5.69 5.98 6.08 5.99 5.99 6.12 6.08 5.86 5.65 5.58 5.59 5.66 5.72 5.78 5.82 5.80 5.73 5.67 5.66 5.76 5.92 6.06 6.26 6.61 6.84 6.80 6.59 6.38 6.22 6.16 6.18 6.29 6.43 6.63 6.87 7.02 6.97 6.75 6.45 6.13 5.85 5.62 5.36 5.08 4.93 5.01 5.23 5.40 5.44 5.33 5.18 5.15 5.19 5.20 5.13 5.01 4.89 4.86 4.93 5.09 5.23 5.29 5.25 5.26
5.71 5.64 5.69 5.90 6.18 6.57 6.95 7.00 6.70 6.21 5.73 5.31 4.97 4.66 4.38 4.27 4.46 4.84 5.19 5.49 5.87 6.19 6.10 5.87 6.01 6.28 6.31 6.23 6.12 5.88 5.54 5.16 4.93 4.97 5.20 5.43 5.58 5.65 5.75 5.93 6.10 6.24 6.46 6.76 6.82 6.60 6.29 6.05 5.93 5.90 5.88 5.83 5.76 5.68 5.63 5.74 5.86 5.91 5.97 5.96 5.84 5.60 5.30 5.08 5.09 5.24 5.42 5.51 5.41 5.18 5.01 4.95 4.96 4.99 4.99 4.91 4.77 4.68 4.73 4.92 5.00 4.88 4.74 4.70
