project/data/elevation/US_DEM2016/US_DEM2016_point_10-30-2019_0326_30m_ang.asc
ncols	125
nrows	167
xllcorner	-2042055.000000
yllcorner	1465035.000000
cellsize	30.000000
NODATA_value	-9999.000000
[rows 53 to 105 of 167, columns 0 to 95 of 125]
90 90 90 91 92 93 91 86 82 75 70 82 89 87 84 83 84 86 86 84 82 82 83 87 92 97 97 95 94 96 103 109 110 104 93 84 73 62 67 74 78 81 84 88 93 98 100 100 99 94 90 86 84 83 82 75 59 77 87 91 93 92 90 88 86 86 89 92 97 102 106 108 106 103 102 100 96 93 92 95 96 95 94 94 96 97 104 102 94 83 71 60 56 64 74 80
90 89 89 90 91 95 96 91 86 81 80 81 93 88 84 81 82 85 85 83 80 80 83 87 92 95 96 93 92 94 99 106 111 109 99 88 75 68 76 82 84 86 89 94 99 101 102 101 99 95 89 84 80 78 76 62 43 71 87 92 93 92 89 85 83 84 87 91 95 98 100 102 104 104 104 103 99 94 92 92 93 92 92 96 100 100 99 98 91 80 69 62 65 74 81 87
90 89 88 88 88 91 94 93 89 84 83 73 91 84 79 73 77 80 83 83 81 82 84 87 90 94 95 93 93 95 97 101 106 109 103 89 74 71 79 84 87 89 93 98 102 102 101 99 98 95 90 84 79 76 73 59 47 79 93 95 94 91 87 83 83 85 88 91 93 93 91 91 94 98 100 100 97 92 88 84 81 84 88 94 149 102 98 93 86 81 77 76 80 84 88 94
90 90 88 86 84 83 84 86 86 83 78 71 71 74 71 71 73 77 82 84 85 84 85 87 89 92 93 93 93 94 95 96 98 102 100 85 70 71 77 83 87 91 96 100 102 102 99 98 98 96 91 86 80 77 73 61 60 87 95 94 90 87 85 84 85 87 89 89 88 86 84 85 87 90 89 91 93 91 79 78 80 85 92 98 131 100 96 92 88 86 86 86 88 90 96 100
90 90 88 85 81 77 76 80 81 77 60 58 64 66 66 69 73 78 82 86 88 87 87 87 89 90 91 92 94 95 95 95 95 96 93 80 72 75 79 83 87 92 97 100 101 100 97 96 98 99 94 88 82 78 72 60 65 83 88 87 86 85 84 85 88 88 87 85 83 82 84 87 87 84 79 78 79 78 78 81 87 95 100 110 102 98 96 95 94 92 90 91 93 97 101 101
90 89 88 85 80 76 76 78 79 74 52 49 61 65 68 71 75 79 82 85 88 89 89 89 90 90 89 91 94 96 96 96 96 95 92 85 84 84 84 86 88 92 96 98 99 97 95 95 98 102 99 92 85 79 69 53 59 74 81 83 85 86 86 87 87 87 84 81 82 84 87 87 83 78 75 77 80 82 84 89 95 101 104 103 100 99 98 99 99 97 96 97 100 103 102 98
89 89 88 87 83 80 79 79 78 71 52 56 71 78 77 79 81 84 86 87 89 90 92 93 92 90 90 92 94 95 95 96 96 94 93 92 90 90 90 90 90 92 93 94 94 95 94 93 96 102 102 97 90 82 64 45 55 71 79 85 89 91 90 88 86 83 80 80 84 87 88 84 76 74 77 80 84 87 91 96 100 101 101 99 98 99 99 99 100 100 101 103 104 104 100 90
89 88 87 88 88 86 83 80 76 69 58 70 86 91 92 92 91 92 93 92 92 94 96 96 93 91 92 93 93 91 90 90 91 91 91 90 91 93 94 93 92 91 90 89 89 90 90 89 91 95 97 97 93 83 58 43 60 73 81 87 93 96 96 92 86 80 78 80 84 85 83 77 73 76 81 85 89 92 96 99 99 98 95 94 98 97 98 101 104 104 105 107 105 102 94 82
88 87 86 87 88 89 87 82 77 71 66 83 97 100 100 98 96 94 94 94 96 97 98 95 91 91 94 95 94 92 89 86 86 88 90 95 100 98 97 95 91 89 87 86 86 85 83 85 86 87 87 89 88 81 58 54 73 81 85 89 95 99 100 96 88 80 78 81 83 82 79 76 78 83 87 90 93 95 96 96 95 92 90 90 91 92 97 104 111 110 110 110 107 100 89 81
89 88 86 86 86 87 86 82 76 66 62 77 92 98 100 99 94 88 87 91 96 99 97 93 89 91 95 96 96 96 93 89 87 87 90 102 108 102 98 94 90 87 86 86 86 83 81 83 86 86 87 88 86 80 65 73 86 89 92 96 99 101 101 97 90 83 82 83 83 81 80 82 86 89 91 93 95 96 94 92 90 88 86 81 86 89 93 100 109 112 112 113 108 102 94 91
89 88 87 85 84 82 81 78 66 52 52 65 80 89 95 98 90 85 81 85 91 96 96 94 93 94 96 96 97 99 101 97 92 90 91 99 103 98 94 91 89 89 89 89 87 85 83 84 87 89 92 92 89 81 69 82 92 95 99 102 103 101 97 92 89 88 88 86 84 82 84 88 92 93 93 93 94 94 92 89 87 86 84 84 50 314 91 96 106 111 113 112 108 106 105 104
89 88 86 84 82 79 75 66 50 43 51 63 73 81 87 93 101 88 80 80 83 89 94 98 100 98 97 96 95 98 101 102 99 96 94 91 86 86 88 89 91 93 93 91 89 87 86 86 87 89 90 92 90 83 76 89 97 100 103 103 101 97 92 88 89 92 92 89 86 85 87 90 93 95 93 91 91 92 93 89 86 85 85 84 86 327 90 94 103 110 112 110 107 108 114 113
89 88 85 82 80 76 67 51 37 42 55 64 71 76 81 87 95 98 89 81 80 84 91 100 104 101 98 96 94 94 96 99 100 99 95 83 73 80 86 91 95 96 95 93 90 89 90 90 88 86 86 87 88 85 85 94 99 103 104 101 97 93 90 87 90 93 93 91 87 87 89 89 90 94 94 90 88 89 93 91 87 86 87 86 86 86 86 89 96 103 106 105 104 106 114 117
88 87 84 82 79 72 57 38 33 46 58 64 69 73 78 84 92 102 101 89 83 84 88 95 102 103 101 98 94 91 89 90 93 95 93 83 84 89 93 96 97 97 95 92 90 90 92 92 90 87 85 86 88 84 90 97 101 104 103 98 93 90 87 86 89 93 93 91 89 89 90 89 88 90 93 91 87 86 90 92 88 86 84 81 79 80 83 88 93 96 98 98 99 101 109 115
88 87 84 81 78 69 51 32 71 55 63 65 67 70 75 80 88 98 105 99 90 86 87 91 98 103 103 100 95 91 87 86 88 91 93 105 110 104 100 98 97 96 94 91 89 91 93 93 93 92 89 88 91 89 99 103 105 105 101 95 91 88 85 86 91 94 93 91 90 90 90 91 89 87 89 91 88 84 78 84 83 46 74 72 74 80 87 93 95 96 97 97 96 96 100 105
88 86 82 79 75 67 50 41 58 71 73 71 70 71 73 77 83 92 102 105 98 91 88 91 96 101 103 101 98 94 91 89 89 91 97 115 119 107 99 97 96 94 92 89 88 90 92 92 94 95 93 91 94 102 114 113 108 103 98 94 91 88 86 90 94 94 91 88 90 91 91 92 91 88 86 87 84 76 72 71 73 72 69 72 78 86 93 96 97 98 100 100 97 93 92 95
88 86 81 77 73 62 48 51 71 83 84 82 78 76 75 76 79 85 95 104 102 95 93 93 96 99 100 99 98 98 97 95 93 92 96 107 114 103 97 96 95 93 90 87 87 88 90 90 89 90 90 91 93 98 111 118 109 100 95 93 92 90 91 94 94 91 87 85 86 88 89 89 91 90 85 79 73 73 65 67 72 73 74 77 83 89 95 97 100 102 104 103 99 93 90 93
88 85 81 76 69 54 40 49 67 79 87 90 89 85 82 80 80 82 89 99 101 98 96 96 95 96 95 94 94 96 98 98 96 95 95 100 108 104 99 97 95 92 88 86 86 87 86 84 82 82 84 88 92 98 96 108 100 92 89 89 88 88 90 92 90 87 84 82 82 83 85 86 86 85 79 71 65 65 68 72 75 78 80 83 87 93 96 99 103 107 109 106 101 96 92 93
87 85 80 75 64 44 34 47 61 72 82 91 96 95 90 86 83 82 86 93 99 98 98 97 95 92 89 88 88 88 91 94 95 95 95 99 108 106 101 98 95 91 88 87 86 84 81 79 80 82 85 89 91 91 79 85 81 79 80 81 81 83 86 89 89 87 84 82 81 82 83 83 81 76 71 67 66 69 73 77 81 83 85 89 94 98 100 101 102 105 107 105 100 96 94 91
88 86 81 73 58 37 34 50 61 68 76 85 94 99 96 92 88 86 87 91 98 99 98 97 94 90 86 83 83 84 86 89 90 90 92 96 106 106 102 97 92 89 87 86 85 83 81 83 86 89 90 90 89 84 75 74 75 75 76 77 78 81 85 89 92 90 85 82 81 82 82 79 76 72 69 69 71 74 79 85 90 92 93 96 99 102 102 100 98 98 98 97 94 93 90 82
88 86 81 71 52 35 41 58 67 71 75 81 87 94 96 96 95 92 91 92 96 99 98 95 93 89 85 83 81 83 85 88 88 89 91 95 104 107 100 93 89 87 87 86 86 86 87 88 91 93 93 90 88 84 83 87 87 85 82 82 83 86 91 93 94 91 85 81 81 80 78 75 72 71 72 74 76 80 87 95 100 102 101 100 99 101 103 99 94 91 89 87 87 87 82 69
88 86 80 68 46 36 52 68 76 79 81 84 86 88 92 97 99 99 97 95 95 97 96 93 90 90 88 85 83 83 85 88 90 92 93 97 107 108 99 93 91 90 88 88 87 88 90 91 92 94 95 93 90 91 97 100 98 95 92 90 90 93 95 95 92 87 83 81 79 77 74 72 72 74 78 81 83 87 95 101 105 108 107 102 96 93 96 98 94 89 85 84 84 82 73 58
88 85 78 63 38 38 61 77 85 89 91 90 89 89 93 97 101 103 101 97 95 94 92 89 88 89 91 88 85 83 84 85 88 90 90 94 103 107 100 96 93 91 90 89 87 87 88 90 90 91 93 95 95 95 99 100 99 97 96 94 95 96 95 90 84 80 81 80 77 74 73 74 76 80 84 88 90 94 98 102 105 108 109 104 96 89 87 90 92 89 86 84 81 74 63 57
87 84 76 57 33 47 71 85 93 96 94 91 91 93 96 100 103 104 102 98 94 92 89 87 86 87 90 91 87 84 82 81 82 83 85 87 94 101 98 93 92 92 92 90 87 85 86 88 90 90 92 94 96 97 98 98 97 96 95 95 97 96 89 80 76 76 79 79 76 75 76 78 82 87 90 94 98 99 98 97 97 99 102 103 101 93 87 84 84 84 84 81 73 63 57 62
86 82 73 56 41 68 85 91 93 92 90 89 91 95 99 102 103 103 101 98 94 91 88 87 85 86 88 91 89 85 82 79 78 80 83 85 88 90 90 90 92 94 93 90 87 86 86 88 91 92 93 93 94 97 104 103 97 96 96 96 95 91 80 73 73 76 79 80 79 79 81 85 90 93 95 98 101 100 96 91 87 87 91 97 101 100 94 88 84 82 80 73 62 56 58 69
86 82 73 61 59 83 89 88 84 86 87 90 94 97 100 102 102 100 99 96 93 91 88 86 86 85 86 91 93 90 85 82 80 81 83 85 84 83 88 92 94 94 92 88 86 86 86 88 90 91 91 90 90 94 107 115 106 102 101 98 92 83 74 73 77 80 82 84 85 85 86 91 95 97 97 98 99 98 94 89 83 80 82 88 94 98 99 95 90 83 75 64 56 57 64 76
87 83 74 63 66 81 85 82 82 85 90 94 97 100 101 101 100 98 96 94 92 89 87 86 85 85 86 91 96 95 91 87 84 83 84 83 77 76 84 89 91 90 88 86 84 84 85 87 88 88 88 89 91 97 109 123 112 103 99 94 85 77 75 81 85 87 90 92 92 91 91 94 97 99 98 96 94 94 94 91 86 81 80 82 86 90 93 94 91 80 70 63 59 63 72 81
88 85 75 63 65 77 82 83 86 90 94 98 100 102 101 99 97 95 93 91 89 87 86 85 84 83 84 89 97 98 97 94 89 86 84 82 59 67 74 81 83 84 84 83 82 82 84 87 89 91 93 95 98 101 112 123 108 93 86 83 79 78 83 90 93 97 99 97 95 93 93 94 96 99 98 94 91 90 91 94 93 86 82 81 81 84 86 87 83 72 70 72 70 73 81 89
89 88 81 71 73 80 85 89 92 95 98 101 102 102 99 96 93 92 91 89 87 87 85 84 83 82 81 85 93 97 98 99 97 91 87 82 72 65 71 77 80 82 82 81 81 81 84 88 92 95 97 99 100 103 111 125 95 86 79 77 78 83 89 95 100 103 102 98 94 93 93 93 93 96 98 94 91 88 88 90 95 94 87 82 78 79 81 80 73 68 76 82 84 88 94 99
90 89 87 84 85 87 91 94 97 100 101 102 101 99 97 93 91 89 89 87 87 87 84 83 82 80 79 80 85 88 91 96 101 100 93 85 81 73 78 82 85 86 85 83 82 82 84 87 92 95 96 97 99 101 107 124 96 98 88 84 85 89 94 99 103 103 100 95 93 93 93 92 91 95 99 97 93 90 87 86 91 97 93 84 79 76 76 74 67 68 80 86 95 105 105 104
91 90 86 84 89 92 95 98 100 102 103 102 100 97 94 92 89 87 85 86 87 86 83 83 83 80 78 78 79 81 85 90 96 101 95 85 83 79 85 90 91 90 87 85 84 83 84 86 88 91 93 96 98 99 102 116 92 101 101 94 92 93 96 100 102 102 98 95 95 94 93 90 89 93 100 100 96 93 90 87 87 93 97 90 83 78 73 68 64 69 79 88 101 110 107 101
91 91 85 82 89 95 98 100 102 102 102 101 98 95 93 91 89 85 83 84 85 82 81 82 83 82 80 80 79 80 83 87 90 95 97 89 72 79 91 95 94 89 87 86 85 85 85 86 87 89 92 95 96 97 101 109 122 114 106 101 98 97 97 98 99 100 100 100 98 95 91 88 87 90 98 102 100 96 93 90 87 89 97 97 89 82 75 68 65 69 79 89 99 105 98 89
92 92 89 86 92 96 99 101 102 102 101 100 97 94 91 89 87 84 80 80 79 78 80 83 85 85 84 84 83 83 83 84 86 90 92 85 78 94 98 97 91 88 87 88 87 87 87 88 88 88 90 91 92 94 98 108 128 121 112 107 103 99 97 96 95 98 103 103 100 95 90 86 83 84 90 96 98 98 97 95 91 88 95 101 96 89 81 75 72 75 83 89 92 91 83 76
91 91 89 93 97 99 100 101 102 102 101 98 96 93 90 86 82 78 73 76 77 80 84 87 89 89 88 87 86 86 85 83 83 85 89 93 109 109 100 92 89 89 90 90 90 91 91 91 90 89 89 89 89 90 94 106 83 128 102 107 103 99 96 95 94 96 102 104 100 95 90 85 82 80 81 85 89 91 93 86 94 91 91 98 100 96 90 85 83 84 87 88 85 77 70 72
90 90 93 99 100 99 98 98 100 101 100 97 94 91 87 80 73 70 71 74 79 85 90 92 93 92 91 88 87 88 89 86 83 83 86 96 46 113 96 87 88 90 90 90 92 94 93 92 92 91 91 90 90 90 93 103 123 125 109 101 98 97 96 95 94 94 100 105 101 97 93 88 85 81 77 77 78 81 85 88 88 85 85 91 97 97 93 89 89 90 89 87 79 69 70 77
88 89 94 99 96 95 96 97 98 99 99 96 92 87 80 57 69 71 74 76 80 86 92 95 96 95 92 89 87 88 91 92 87 84 83 89 100 100 87 85 86 87 88 90 92 94 93 92 92 93 93 94 94 93 94 101 116 122 107 100 98 98 97 95 93 93 98 105 103 99 96 93 89 84 80 77 76 77 80 81 80 79 82 86 89 88 86 87 88 89 89 85 73 66 74 84
87 87 90 94 94 94 97 99 99 98 96 93 89 83 75 72 76 80 81 81 83 88 93 96 96 95 93 91 89 89 92 95 94 87 83 83 83 75 77 82 84 86 87 89 91 91 91 89 89 91 91 92 92 93 94 99 110 123 112 105 102 99 96 94 93 93 96 104 105 101 98 95 92 89 86 82 80 80 80 78 77 79 82 83 81 78 78 81 82 84 86 81 67 68 80 91
88 88 90 94 96 98 99 100 98 95 91 88 84 80 56 81 87 89 89 89 89 92 94 95 93 92 92 93 93 92 92 95 98 93 86 83 77 63 73 83 86 87 87 88 89 89 88 87 86 86 87 86 88 90 93 97 105 121 118 109 103 99 95 93 93 93 96 105 107 103 98 95 93 92 92 90 87 85 83 80 79 81 83 81 78 75 77 79 78 80 82 78 72 81 91 98
90 91 94 98 99 100 100 99 95 90 86 81 76 73 75 83 90 92 93 94 95 95 93 91 89 88 90 92 92 93 93 94 98 99 93 86 76 59 75 86 88 89 88 89 88 88 87 86 85 84 85 88 91 94 95 97 104 122 121 110 103 97 94 92 92 92 96 105 109 104 98 93 91 92 95 97 94 91 89 86 85 85 84 83 81 79 79 79 80 82 83 85 92 99 100 98
91 92 95 100 103 103 101 96 91 86 80 73 67 67 72 79 86 90 92 94 95 94 91 88 87 87 87 88 89 90 90 91 94 100 99 91 75 57 77 87 90 90 91 92 91 88 86 85 85 85 86 89 94 96 95 96 102 118 119 107 100 95 92 91 91 92 95 103 110 105 97 92 89 89 95 102 99 95 94 93 91 88 87 87 86 85 82 81 83 85 86 90 101 104 98 91
92 94 100 107 107 105 100 93 88 82 75 67 65 69 73 78 83 87 90 92 92 91 89 87 87 87 88 89 89 89 90 91 93 97 100 93 71 60 79 88 91 92 94 95 93 90 87 86 86 87 88 88 89 91 91 92 95 103 106 97 92 91 91 91 91 92 94 101 109 106 97 91 88 87 91 100 102 98 98 99 96 91 89 90 91 90 89 88 87 87 88 91 97 97 91 85
92 94 104 111 109 103 97 91 85 79 71 67 70 75 78 81 84 87 90 92 93 92 89 87 87 89 92 93 92 91 91 92 94 96 97 90 71 70 85 92 94 96 98 97 95 91 88 87 87 88 88 87 85 85 88 89 89 88 88 86 87 90 92 92 92 92 94 98 105 105 97 91 87 84 85 92 98 97 97 99 100 96 92 91 92 93 93 93 91 90 90 89 90 90 89 90
91 93 98 103 100 94 89 85 79 74 72 73 76 81 84 86 88 90 93 94 94 92 89 86 86 90 94 96 95 92 91 92 93 94 95 90 79 86 94 96 98 99 98 97 95 93 91 89 88 88 88 87 87 87 87 87 87 85 84 87 89 92 94 93 92 91 92 96 102 104 98 91 84 80 79 83 89 90 89 93 97 97 93 89 88 89 91 92 94 93 92 90 88 90 93 95
91 92 93 91 86 82 78 75 73 75 77 80 83 86 89 91 93 95 95 94 92 88 85 85 87 90 93 94 92 89 88 89 91 92 93 94 96 100 100 100 99 98 96 95 94 93 92 91 90 90 89 89 90 90 89 88 88 85 83 89 92 95 96 95 92 90 90 95 104 108 100 91 81 76 75 79 83 82 83 87 90 90 87 85 87 89 90 91 92 93 91 91 89 90 92 95
91 92 93 85 81 75 72 71 74 78 82 86 89 91 93 95 97 96 94 91 86 82 83 87 90 91 91 90 88 87 86 87 89 90 92 97 108 106 103 101 99 96 93 93 92 92 92 91 90 90 91 91 92 92 91 90 89 82 76 87 93 96 97 97 93 90 89 93 104 111 103 91 80 74 74 77 79 79 82 86 87 86 84 88 92 93 92 91 90 89 89 91 93 94 95 97
90 91 92 84 83 77 75 76 79 81 84 88 93 96 97 97 96 94 90 84 79 78 84 90 93 94 92 91 90 89 88 86 86 87 91 97 112 111 105 100 95 91 90 91 91 91 91 90 87 85 87 90 91 91 91 90 86 74 72 86 93 96 96 95 93 90 89 91 99 108 105 94 82 77 76 76 76 77 83 86 86 86 88 93 97 96 93 91 89 89 89 92 98 102 101 100
90 90 90 90 89 85 83 84 86 87 88 91 96 99 99 96 93 89 84 78 76 80 87 92 95 96 96 94 93 92 90 87 84 85 88 97 118 117 105 96 89 88 89 91 91 91 91 89 85 81 81 83 84 87 90 89 83 71 76 88 93 94 94 92 91 89 88 89 95 104 108 101 91 83 79 77 76 79 84 86 86 87 91 94 96 95 94 93 92 91 91 94 100 104 103 100
90 90 90 94 99 98 96 94 93 92 93 95 97 98 97 93 89 83 78 76 80 86 90 94 97 97 96 96 96 95 92 89 86 84 86 95 114 115 99 89 87 90 91 92 92 92 91 89 85 82 81 80 81 86 91 91 87 82 87 91 93 93 92 91 90 88 87 89 94 102 110 108 98 91 84 80 80 82 84 84 85 88 91 92 91 92 93 93 94 95 92 93 94 97 98 97
90 90 91 98 107 108 104 100 96 94 95 96 96 96 93 89 82 76 74 78 86 90 92 94 96 96 95 94 95 95 94 93 90 87 87 91 99 102 92 89 92 94 94 93 93 93 91 90 88 86 85 82 82 85 90 93 94 99 99 95 93 93 92 91 89 88 87 89 93 100 110 111 103 96 90 86 86 86 85 84 84 86 87 85 85 87 90 92 94 96 94 90 87 88 92 96
89 89 90 95 99 112 107 101 97 95 96 96 95 93 89 83 75 73 76 82 87 90 92 93 93 92 92 91 91 93 94 94 93 91 90 91 94 102 101 100 99 97 95 94 94 92 91 89 89 89 89 88 86 85 87 92 99 109 109 101 97 95 93 91 89 88 87 89 92 97 107 113 107 99 93 90 89 89 87 86 84 83 81 80 81 84 87 90 92 94 93 88 84 86 91 96
90 90 89 90 96 100 103 100 98 99 99 96 92 88 84 80 79 82 85 87 89 90 91 91 90 88 87 86 86 87 89 90 91 91 91 91 98 115 114 106 101 97 96 95 94 92 90 88 87 88 90 91 90 87 86 92 101 114 118 107 101 97 95 92 89 87 86 87 89 94 104 114 110 101 95 91 89 88 89 89 88 85 83 82 82 84 86 89 90 91 90 88 88 90 93 96
91 90 89 89 91 95 99 98 99 101 99 94 88 82 80 83 91 96 96 94 93 93 92 92 90 87 83 81 81 83 85 87 88 89 90 92 100 117 117 105 98 96 95 95 94 92 88 85 83 84 86 89 90 89 88 92 99 113 122 113 105 100 95 92 89 87 85 85 86 90 98 108 112 105 97 91 87 85 87 91 92 91 90 88 87 86 87 88 89 89 87 85 87 92 95 95
90 90 90 90 91 93 97 100 100 98 93 86 81 77 78 86 96 102 102 100 97 95 93 93 93 88 83 81 81 83 85 86 87 88 90 93 98 112 117 103 95 94 95 96 95 92 88 83 81 81 82 82 83 86 89 93 99 113 125 119 109 101 95 92 90 88 86 83 83 86 92 101 109 109 101 92 86 83 84 87 90 91 92 93 92 91 90 89 89 87 83 82 87 92 95 95
