project/data/elevation/US_DEM2016/US_DEM2016_point_10-27-2019_2236_30m_vel.asc
ncols	125
nrows	167
xllcorner	-2042055.000000
yllcorner	1465035.000000
cellsize	30.000000
NODATA_value	-9999.000000
[rows 76 to 113 of 167, columns 0 to 83 of 125]
3.84 3.96 4.17 4.30 4.42 4.60 4.80 4.86 4.77 4.60 4.51 4.60 4.81 5.03 5.09 5.07 4.96 4.81 4.73 4.84 5.03 5.17 5.28 5.39 5.36 4.94 4.37 4.39 4.93 5.31 5.24 4.84 4.22 3.69 3.47 3.38 3.30 3.16 3.02 2.99 3.09 3.36 3.95 4.76 5.29 5.05 4.24 3.52 3.15 3.02 2.89 2.75 2.69 2.77 2.96 3.14 3.25 3.30 3.40 3.54 3.61 3.64 3.74 3.89 3.99 3.99 4.13 4.65 5.51 5.97 5.76 5.35 5.19 5.22 5.32 5.54 5.78 5.91 5.80 5.39 4.50 3.23 2.55 2.42
3.76 3.95 4.24 4.32 4.41 4.61 4.70 4.56 4.22 3.84 3.71 3.89 4.19 4.46 4.62 4.68 4.63 4.50 4.41 4.46 4.62 4.85 5.11 5.36 5.47 5.18 4.48 4.12 4.44 5.06 5.38 5.31 4.92 4.51 4.17 3.87 3.58 3.29 3.10 3.09 3.21 3.41 3.85 4.61 5.22 5.07 4.31 3.59 3.10 2.85 2.72 2.62 2.54 2.61 2.86 3.11 3.29 3.40 3.49 3.55 3.56 3.56 3.72 4.02 4.32 4.47 4.59 4.90 5.49 6.08 6.23 6.14 6.14 6.31 6.47 6.50 6.38 6.20 6.05 5.88 5.34 4.25 3.23 2.51
3.58 3.73 4.03 4.09 4.07 4.08 4.05 3.94 3.99 3.71 3.73 3.89 4.14 4.38 4.49 4.51 4.47 4.40 4.32 4.31 4.41 4.61 4.89 5.18 5.38 5.24 4.55 3.90 3.92 4.46 5.04 5.33 5.26 4.94 4.57 4.18 3.79 3.44 3.25 3.21 3.22 3.27 3.61 4.40 5.11 4.98 4.01 3.08 2.60 2.36 2.26 2.32 2.48 2.68 2.92 3.13 3.30 3.40 3.42 3.43 3.53 3.64 3.78 4.14 4.58 4.84 5.09 5.43 5.94 6.35 6.58 6.53 6.50 6.64 6.68 6.52 6.14 5.71 5.67 5.92 6.08 5.76 4.95 3.94
3.42 3.44 3.70 3.84 3.76 3.64 3.69 3.88 4.04 4.15 4.22 4.32 4.50 4.63 4.63 4.55 4.46 4.38 4.32 4.28 4.33 4.46 4.67 4.99 5.31 5.26 4.53 3.58 3.27 3.58 4.04 4.61 4.88 4.79 4.48 4.16 3.86 3.52 3.28 3.13 3.08 3.10 3.41 4.27 5.13 5.11 4.07 3.01 2.56 2.47 2.52 2.72 2.95 3.08 3.15 3.15 3.10 3.05 2.95 2.97 3.26 3.50 3.68 4.07 4.56 4.99 5.44 5.83 6.08 6.30 6.34 6.19 6.01 5.91 5.87 5.77 5.44 5.03 4.91 5.25 5.83 6.21 6.08 5.42
3.31 3.29 3.52 3.83 3.87 3.79 3.87 4.10 4.36 4.48 4.57 4.68 4.80 4.77 4.67 4.51 4.32 4.20 4.15 4.13 4.19 4.32 4.50 4.82 5.26 5.38 4.67 3.35 2.53 2.57 2.80 3.27 3.87 4.22 4.21 4.01 3.92 3.71 3.55 3.46 3.48 3.55 3.82 4.58 5.40 5.53 4.70 3.61 3.06 3.00 3.12 3.26 3.32 3.29 3.17 3.09 2.98 2.95 2.98 3.08 3.31 3.52 3.72 4.09 4.52 4.94 5.32 5.56 5.67 5.70 5.64 5.47 5.10 4.70 4.67 4.91 5.00 4.82 4.52 4.33 4.68 5.53 6.11 6.09
3.31 3.29 3.48 3.85 4.05 4.07 4.10 4.23 4.42 4.57 4.70 4.76 4.72 4.58 4.44 4.32 4.13 3.88 3.75 3.75 3.85 4.03 4.31 4.66 5.20 5.55 5.09 3.51 2.23 1.90 1.85 1.94 2.45 3.23 3.68 3.81 3.81 3.94 4.01 4.11 4.27 4.42 4.68 5.17 5.82 6.06 5.54 4.54 3.80 3.48 3.33 3.21 3.13 3.10 3.09 3.14 3.31 3.53 3.84 4.02 4.10 4.14 4.21 4.37 4.54 4.68 4.75 4.78 4.92 5.07 5.14 5.05 4.66 4.08 4.00 4.34 4.70 4.83 4.65 4.13 3.85 4.29 5.34 6.01
3.49 3.46 3.53 3.67 3.84 3.99 4.10 4.23 4.39 4.52 4.60 4.54 4.39 4.22 4.11 4.08 4.02 3.78 3.50 3.42 3.52 3.69 3.94 4.38 5.01 5.64 5.59 4.40 2.71 2.03 1.76 1.54 1.61 2.11 2.91 3.41 3.59 3.88 4.10 4.34 4.60 4.84 5.07 5.39 5.95 6.33 6.10 5.29 4.38 3.72 3.35 3.17 3.16 3.24 3.28 3.34 3.57 3.80 4.15 4.46 4.61 4.66 4.65 4.55 4.43 4.32 4.27 4.35 4.54 4.78 4.99 4.97 4.54 3.89 3.66 3.91 4.35 4.65 4.72 4.46 3.85 3.60 4.23 5.33
3.63 3.65 3.67 3.62 3.64 3.81 3.99 4.17 4.29 4.34 4.31 4.18 4.05 3.97 3.90 3.90 3.95 3.86 3.58 3.34 3.31 3.41 3.59 4.00 4.68 5.46 5.83 5.28 3.93 3.05 2.64 2.32 2.00 2.01 2.51 3.11 3.35 3.63 3.89 4.16 4.42 4.64 4.83 5.08 5.61 6.20 6.25 5.66 4.77 4.08 3.79 3.69 3.63 3.56 3.47 3.47 3.68 3.67 3.85 4.25 4.58 4.72 4.70 4.48 4.16 3.97 4.04 4.26 4.50 4.74 5.02 5.04 4.48 3.58 3.04 3.19 3.67 4.06 4.33 4.43 4.10 3.45 3.34 4.29
3.59 3.64 3.74 3.76 3.76 3.83 3.96 4.10 4.15 4.10 3.97 3.85 3.81 3.79 3.77 3.75 3.81 3.87 3.69 3.37 3.23 3.27 3.40 3.74 4.37 5.14 5.74 5.72 5.20 4.68 4.24 3.72 3.17 2.77 2.72 3.07 3.47 3.76 3.95 4.05 4.12 4.24 4.42 4.74 5.25 5.92 6.20 5.90 5.33 4.85 4.45 4.16 3.90 3.69 3.53 3.55 3.62 3.69 3.88 4.16 4.43 4.56 4.54 4.35 4.01 3.76 3.79 4.05 4.31 4.65 5.08 5.24 4.61 3.30 2.35 2.20 2.58 3.06 3.46 3.81 3.94 3.53 2.94 3.23
3.52 3.57 3.72 3.87 3.95 3.99 4.00 3.99 3.93 3.82 3.69 3.62 3.62 3.64 3.65 3.64 3.68 3.75 3.62 3.35 3.22 3.27 3.45 3.80 4.33 4.92 5.48 5.71 5.65 5.51 5.34 4.95 4.29 3.65 3.35 3.49 3.82 4.05 4.01 3.89 3.84 3.96 4.22 4.56 5.01 5.63 6.01 5.95 5.69 5.43 5.03 4.55 4.16 3.87 3.64 3.61 3.72 3.78 3.85 3.92 4.03 4.15 4.21 4.20 4.00 3.65 3.46 3.60 3.85 4.32 5.05 5.56 5.21 3.83 2.53 2.01 1.90 2.04 2.30 2.66 3.12 3.20 2.75 2.58
3.55 3.62 3.80 3.94 4.00 3.99 3.91 3.76 3.64 3.54 3.50 3.50 3.51 3.53 3.54 3.59 3.66 3.70 3.70 3.37 3.22 3.29 3.53 3.88 4.31 4.76 5.19 5.43 5.40 5.30 5.34 5.37 5.07 4.40 3.86 3.73 3.80 3.79 3.67 3.61 3.63 3.74 3.92 4.19 4.58 5.13 5.54 5.57 5.42 5.32 5.19 4.91 4.59 4.22 3.84 3.66 3.98 3.53 3.61 3.48 3.53 3.66 3.85 4.01 3.99 3.60 3.21 3.18 3.43 3.94 4.79 5.67 5.85 5.18 3.95 3.01 2.41 2.07 1.88 1.91 2.11 2.45 2.37 2.10
3.60 3.68 3.79 3.81 3.76 3.68 3.61 3.56 3.49 3.41 3.40 3.45 3.49 3.49 3.45 3.52 3.72 3.86 3.85 3.67 3.45 3.33 3.42 3.72 4.08 4.46 4.86 5.11 5.00 4.66 4.64 5.01 5.27 5.05 4.45 3.89 4.14 3.27 3.27 3.45 3.51 3.51 3.54 3.73 4.15 4.66 4.98 4.88 4.59 4.48 4.45 4.43 4.39 4.26 3.97 3.67 3.48 3.31 3.25 3.29 3.37 3.53 3.74 3.95 4.02 3.68 3.18 3.06 3.23 3.70 4.41 5.31 5.92 6.02 5.67 4.95 4.23 3.57 3.01 2.54 2.30 2.33 2.29 2.08
3.60 3.66 3.67 3.58 3.48 3.44 3.48 3.58 3.59 3.48 3.39 3.40 3.47 3.49 3.47 4.39 3.82 4.13 4.21 4.13 3.89 3.60 3.46 3.57 3.81 4.09 4.46 4.77 4.76 4.37 4.09 4.30 4.85 5.14 4.90 4.22 3.57 3.25 3.21 3.43 3.50 3.50 3.54 3.71 4.08 4.54 4.71 4.31 3.63 3.22 3.15 3.14 3.25 3.43 3.45 3.40 3.35 3.33 3.34 3.42 3.52 3.62 3.76 3.93 4.04 3.77 3.25 3.07 3.17 3.57 4.14 4.80 5.44 5.90 6.15 6.17 5.94 5.53 5.04 4.45 3.88 3.49 3.36 3.10
3.59 3.63 3.64 3.57 3.51 3.55 3.63 3.67 3.63 3.52 3.37 3.26 3.29 3.36 3.38 3.44 3.65 3.92 4.13 4.21 4.15 3.94 3.68 3.57 3.64 3.80 4.03 4.29 4.41 4.30 4.00 3.83 4.07 4.61 4.80 4.46 3.88 3.56 3.41 3.52 3.66 3.77 3.85 3.99 4.31 4.73 4.82 4.20 3.19 2.61 2.39 2.29 2.32 2.55 2.85 3.12 3.29 3.41 3.46 3.52 3.57 3.60 3.68 3.83 3.94 3.73 3.22 3.02 3.08 3.42 3.91 4.44 4.81 5.02 5.33 5.79 6.11 6.18 6.10 5.93 5.59 5.17 4.79 4.48
3.56 3.60 3.65 3.67 3.68 3.72 3.71 3.61 3.48 3.36 3.22 3.03 2.99 3.04 4.15 2.84 2.88 3.09 3.44 3.71 3.91 3.94 3.79 3.61 3.58 3.67 3.77 3.84 3.83 3.75 3.62 3.38 3.35 3.82 4.35 4.44 4.08 3.81 3.65 3.73 3.87 4.00 4.11 4.31 4.69 5.12 5.21 4.71 3.80 3.10 2.77 2.72 2.87 3.09 3.28 3.38 3.43 3.47 3.42 3.36 3.35 3.37 3.53 3.75 3.85 3.61 3.07 2.83 2.86 3.14 3.67 4.23 4.32 3.97 3.89 4.26 4.91 5.37 5.70 5.94 5.98 5.80 5.56 5.38
3.54 3.56 3.61 3.67 3.71 3.69 3.58 3.40 3.26 3.15 3.06 2.97 2.96 2.96 2.77 2.48 2.35 2.43 2.63 2.92 3.22 3.50 3.62 3.65 3.72 3.85 3.87 3.72 3.42 3.06 2.89 2.76 2.71 3.01 3.68 4.14 4.09 3.87 3.74 3.83 3.94 4.08 4.24 4.58 5.05 5.54 5.72 5.44 4.93 4.46 4.01 3.84 3.90 3.98 3.93 3.70 3.50 3.38 3.22 3.06 3.02 3.11 3.33 3.67 3.81 3.52 2.89 2.59 2.58 2.81 3.46 4.14 4.14 3.39 2.80 2.89 3.50 4.03 4.37 4.72 5.12 5.27 5.19 5.21
3.52 3.54 3.59 3.65 3.61 3.46 3.27 3.13 3.07 3.06 3.08 3.10 3.14 3.19 3.10 2.84 2.57 2.40 2.38 2.51 2.74 3.05 3.35 3.61 3.87 4.14 4.25 4.06 3.65 3.22 2.93 2.78 2.69 2.73 3.08 3.63 3.89 3.85 3.79 3.88 4.00 4.17 4.38 4.72 5.17 5.73 6.05 5.94 5.59 5.33 5.09 4.73 4.34 4.02 3.78 3.59 3.42 3.26 3.04 2.82 2.75 2.83 3.10 3.54 3.81 3.56 2.94 2.54 2.45 2.60 3.30 4.17 4.29 3.46 2.43 2.12 2.53 3.02 3.15 3.30 3.74 4.16 4.15 4.05
3.51 3.50 3.50 3.47 3.29 3.04 2.87 2.85 2.91 3.01 3.10 3.16 3.25 3.38 3.49 3.48 3.26 2.97 2.84 2.86 3.01 3.25 3.51 3.74 3.97 4.26 4.53 4.58 4.43 4.18 3.91 3.68 3.49 3.29 3.15 3.36 3.69 3.87 3.98 4.08 4.19 4.35 4.52 4.75 5.06 5.59 6.04 6.06 5.74 5.46 5.29 5.06 4.61 4.03 3.66 3.58 3.51 3.33 3.07 2.84 2.75 2.78 3.04 3.54 3.89 3.74 3.23 2.80 2.56 2.59 3.16 4.21 4.53 3.83 2.60 1.77 1.76 2.15 2.19 2.16 2.51 3.11 3.19 2.95
3.50 3.45 3.31 3.06 2.75 2.48 2.39 2.51 2.73 2.91 3.01 3.14 3.30 3.47 3.71 3.96 4.05 3.96 3.89 3.89 3.96 4.07 4.17 4.22 4.23 4.31 4.45 4.57 4.66 4.60 4.39 4.11 3.82 3.56 3.30 3.37 3.63 3.93 4.16 4.28 4.36 4.42 4.48 4.59 4.79 5.24 5.75 5.92 5.70 5.39 5.12 5.01 4.90 4.68 4.33 3.99 3.75 3.53 3.34 3.23 3.20 3.21 3.35 3.73 4.03 3.89 3.41 3.01 2.77 2.77 3.23 4.26 4.79 4.30 3.03 1.92 1.54 1.62 1.65 1.50 1.58 2.06 2.39 2.34
3.50 3.46 3.27 2.92 2.54 2.35 2.34 2.45 2.71 2.90 3.00 3.22 3.51 3.76 4.01 4.33 4.56 4.70 4.76 4.77 4.72 4.63 4.53 4.49 4.51 4.48 4.31 4.08 4.01 4.00 3.80 3.52 3.28 3.13 3.16 3.39 3.68 3.97 4.18 4.27 4.29 4.26 4.21 4.25 4.48 4.86 5.33 5.56 5.46 5.25 5.03 4.89 4.82 4.77 4.61 4.25 3.89 3.64 3.49 3.44 3.49 3.57 3.64 3.90 4.20 4.08 3.51 3.06 2.93 3.07 3.49 4.41 5.19 5.03 3.79 2.64 1.98 1.76 1.71 1.50 1.34 1.48 1.81 2.00
3.51 3.47 3.32 3.11 2.95 2.92 2.98 3.05 3.15 3.22 3.25 3.44 3.78 4.12 4.39 4.60 4.79 4.90 4.91 4.85 4.73 4.57 4.41 4.39 4.58 4.75 4.54 4.05 3.74 3.66 3.53 3.31 3.13 3.04 3.15 3.42 3.73 3.93 4.03 4.06 4.05 4.02 3.98 4.01 4.20 4.55 4.92 5.07 4.91 4.60 4.45 4.40 4.30 4.20 4.11 3.98 3.76 3.57 3.43 3.34 3.38 3.54 3.67 3.93 4.30 4.36 3.89 3.29 3.05 3.14 3.49 4.39 5.56 5.91 5.01 3.81 2.87 2.36 2.21 1.99 1.71 1.63 1.80 2.04
3.49 3.43 3.29 3.34 3.36 3.51 3.65 3.76 3.88 3.89 3.79 3.82 4.07 4.41 4.66 4.76 4.78 4.71 4.57 4.42 4.31 4.23 4.13 4.11 4.36 4.81 4.91 4.67 4.47 4.42 4.38 4.21 3.90 3.57 3.43 3.53 3.70 3.79 3.79 3.78 3.75 3.76 3.82 3.91 4.09 4.42 4.76 4.78 4.37 3.77 3.42 3.36 3.38 3.38 3.39 3.46 3.48 3.45 3.42 3.37 3.40 3.53 3.64 3.82 4.16 4.38 4.10 3.51 3.05 2.94 3.18 4.02 5.44 6.36 6.17 5.11 3.99 3.19 3.02 2.80 2.52 2.38 2.44 2.66
3.45 3.38 3.27 3.44 3.48 3.76 4.03 4.24 4.46 4.60 4.56 4.46 4.49 4.63 4.70 4.68 4.57 4.41 4.26 4.18 4.17 4.13 4.00 3.92 4.09 4.57 4.90 5.04 5.08 5.13 5.13 5.01 4.67 4.14 3.74 3.63 3.66 3.61 3.56 3.54 3.53 3.58 3.71 3.89 4.14 4.51 4.85 4.86 4.38 3.68 3.12 2.77 2.53 2.59 2.82 3.12 3.38 3.50 3.51 3.48 3.52 3.61 3.66 3.78 4.01 4.20 4.01 3.46 2.91 2.71 2.83 3.47 4.86 6.22 6.75 6.44 5.53 4.62 4.33 4.07 3.80 3.62 3.57 3.57
3.48 3.41 3.34 3.40 3.62 3.98 4.38 4.66 4.84 5.00 5.04 4.94 4.75 4.58 4.45 4.34 4.26 4.19 4.12 4.09 4.20 4.27 4.20 4.10 4.13 4.32 4.48 4.56 4.65 4.76 4.86 4.94 4.83 4.42 3.90 3.63 3.53 3.38 3.27 3.32 3.45 3.66 3.85 4.06 4.32 4.70 5.02 5.13 4.92 4.53 4.04 3.45 2.85 2.72 2.91 3.22 3.49 3.65 3.71 3.70 3.69 3.75 3.83 3.97 4.15 4.26 4.06 3.51 2.97 2.76 2.83 3.26 4.24 5.55 6.60 7.00 6.79 6.20 5.73 5.44 5.18 4.87 4.54 4.20
3.56 3.50 3.40 3.41 3.61 3.94 4.28 4.54 4.71 4.84 4.90 4.82 4.60 4.32 4.09 3.99 4.00 4.05 4.01 3.92 4.03 4.21 4.30 4.26 4.22 4.22 4.09 3.86 3.75 3.84 4.03 4.31 4.51 4.40 3.98 3.58 3.35 3.15 3.08 3.25 3.57 3.90 4.11 4.29 4.49 4.80 5.10 5.24 5.17 5.13 5.03 4.73 4.16 3.60 3.38 3.40 3.52 3.67 3.82 3.91 3.94 4.03 4.13 4.28 4.45 4.56 4.40 3.93 3.47 3.16 3.09 3.24 3.74 4.63 5.74 6.60 6.86 6.67 6.41 6.14 5.73 5.27 4.79 4.31
3.60 3.54 3.39 3.29 3.34 3.48 3.62 3.81 4.00 4.18 4.28 4.27 4.16 3.98 3.82 3.76 3.83 3.97 3.99 3.89 3.87 3.98 4.12 4.18 4.20 4.12 3.83 3.46 3.15 3.05 3.18 3.46 3.79 3.92 3.79 3.54 3.34 3.23 3.30 3.57 3.86 4.04 4.19 4.35 4.56 4.85 5.11 5.09 4.91 4.88 5.01 5.07 4.86 4.28 3.64 3.37 3.40 3.55 3.73 3.91 4.08 4.26 4.40 4.57 4.73 4.85 4.75 4.36 3.86 3.40 3.19 3.20 3.41 3.97 4.87 5.68 6.06 6.12 6.12 6.04 5.71 5.26 4.79 4.28
3.63 3.57 3.46 3.32 3.22 3.02 2.97 3.05 3.23 3.43 3.59 3.67 3.66 3.58 3.48 3.49 3.69 3.99 4.22 4.28 4.19 4.14 4.17 4.27 4.40 4.26 3.73 3.22 2.84 2.58 2.50 2.60 2.79 3.01 3.14 3.21 3.30 3.45 3.61 3.76 3.85 3.94 4.06 4.24 4.50 4.86 5.13 4.98 4.55 4.28 4.25 4.38 4.53 4.32 3.71 3.32 3.28 3.42 3.60 3.82 4.09 4.34 4.53 4.73 4.92 5.03 4.93 4.50 3.86 3.25 3.00 3.01 3.16 3.61 4.32 4.97 5.30 5.28 5.25 5.42 5.51 5.40 5.19 4.86
3.71 3.74 3.76 3.63 3.32 3.03 2.81 2.75 2.83 2.95 3.08 3.20 3.25 3.21 3.10 3.09 3.38 3.88 4.30 4.50 4.56 4.53 4.49 4.57 4.80 4.86 4.37 3.64 3.09 2.72 2.43 2.31 2.35 2.45 2.62 2.89 3.17 3.40 3.44 3.42 3.45 3.60 3.79 4.01 4.33 4.80 5.17 5.03 4.44 3.92 3.62 3.49 3.62 3.80 3.56 3.24 3.15 3.26 3.43 3.63 3.90 4.20 4.45 4.70 4.95 5.13 5.10 4.71 3.97 3.24 2.87 2.81 2.93 3.27 3.83 4.62 5.06 4.93 4.52 4.49 4.80 5.11 5.32 5.37
3.78 3.88 3.97 3.86 3.58 3.24 2.98 2.86 2.78 2.66 2.65 2.76 2.89 2.97 2.86 2.59 2.60 3.09 3.63 4.08 4.38 4.55 4.64 4.75 5.03 5.38 5.38 4.83 4.19 3.79 3.49 3.21 3.09 3.03 3.03 3.13 3.25 3.29 3.18 3.13 3.19 3.33 3.57 3.81 4.18 4.73 5.23 5.26 4.75 4.13 3.65 3.15 2.89 2.93 2.91 2.88 2.98 3.14 3.28 3.42 3.63 3.90 4.21 4.50 4.81 5.13 5.32 5.13 4.48 3.62 3.02 2.79 2.77 2.98 3.54 4.43 5.11 5.11 4.43 3.82 3.75 4.02 4.35 4.66
3.67 3.74 3.78 3.71 3.55 3.30 3.04 2.82 2.60 2.43 2.41 2.53 2.69 2.88 2.91 2.56 2.19 2.23 2.68 3.25 3.69 4.04 4.36 4.63 4.93 5.40 5.83 5.85 5.56 5.26 4.97 4.70 4.45 4.16 3.88 3.65 3.46 3.31 3.20 3.18 3.25 3.36 3.56 3.75 4.09 4.65 5.26 5.54 5.30 4.75 4.18 3.53 2.88 2.55 2.45 2.61 2.90 3.11 3.23 3.31 3.40 3.60 3.93 4.28 4.62 5.01 5.38 5.48 5.05 4.11 3.36 3.00 2.85 2.86 3.23 4.07 5.03 5.34 4.85 3.97 3.33 3.10 3.08 3.20
3.46 3.43 3.43 3.45 3.41 3.26 3.09 2.71 2.50 2.50 2.62 2.77 2.93 3.17 3.48 3.55 3.12 2.73 2.70 2.87 3.14 3.47 3.94 4.39 4.69 5.07 5.55 5.86 5.94 5.89 5.70 5.46 5.19 4.81 4.37 3.96 3.63 3.41 3.29 3.24 3.35 3.53 3.70 3.81 4.03 4.49 5.11 5.59 5.66 5.31 4.73 4.09 3.51 3.05 2.82 2.82 2.95 3.07 3.17 3.17 3.14 3.29 3.68 4.11 4.45 4.80 5.23 5.59 5.51 4.82 3.92 3.39 3.08 2.85 2.87 3.54 4.66 5.32 5.22 4.54 3.74 3.28 2.98 2.76
3.41 3.33 3.29 3.36 3.43 3.45 3.32 3.12 2.98 3.01 3.26 3.55 3.81 4.16 4.55 4.81 4.88 4.56 4.07 3.79 3.70 3.76 4.03 4.36 4.57 4.73 4.96 5.13 5.24 5.38 5.41 5.32 5.17 4.92 4.59 4.20 3.83 3.57 3.39 3.28 3.39 3.63 3.83 3.92 4.04 4.30 4.78 5.33 5.75 5.77 5.39 4.92 4.42 3.90 3.45 3.12 2.94 2.94 3.00 2.97 2.95 3.09 3.45 3.87 4.20 4.49 4.85 5.30 5.57 5.34 4.54 3.79 3.32 3.00 2.89 3.28 4.26 5.13 5.37 5.00 4.44 4.13 3.93 3.53
3.51 3.43 3.37 3.44 3.58 3.75 3.87 3.93 3.92 3.97 4.20 4.57 4.95 5.24 5.41 5.52 5.71 5.74 5.53 5.23 4.95 4.71 4.57 4.59 4.64 4.65 4.72 4.72 4.52 4.44 4.55 4.61 4.56 4.48 4.38 4.22 4.00 3.76 3.57 3.42 3.42 3.51 3.68 3.86 4.03 4.20 4.48 5.00 5.68 6.13 6.13 5.81 5.31 4.65 3.90 3.32 3.04 2.97 2.96 2.93 2.92 3.02 3.21 3.54 3.88 4.11 4.34 4.74 5.17 5.26 4.81 4.10 3.61 3.32 3.18 3.35 4.08 4.92 5.35 5.20 4.74 4.45 4.36 4.20
3.63 3.59 3.57 3.62 3.73 3.91 4.14 4.38 4.60 4.79 5.00 5.23 5.40 5.45 5.42 5.35 5.32 5.44 5.53 5.47 5.29 5.04 4.85 4.79 4.77 4.72 4.78 4.83 4.62 4.29 4.09 4.01 3.92 3.85 3.83 3.86 3.88 3.81 3.67 3.45 3.25 3.20 3.33 3.62 3.98 4.20 4.37 4.76 5.43 6.10 6.41 6.33 6.00 5.43 4.65 3.99 3.58 3.33 3.18 3.07 2.98 2.93 3.00 3.28 3.67 3.91 4.03 4.26 4.61 4.83 4.69 4.22 3.82 3.56 3.42 3.49 3.98 4.72 5.24 5.18 4.69 4.25 4.11 4.12
3.71 3.73 3.74 3.74 3.81 3.93 4.11 4.35 4.68 4.97 5.11 5.09 4.96 4.80 4.71 4.61 4.46 4.45 4.54 4.66 4.68 4.63 4.65 4.76 4.83 4.79 4.79 4.88 4.88 4.74 4.50 4.28 4.15 4.02 3.83 3.69 3.68 3.72 3.63 3.40 3.21 3.20 3.38 3.69 4.06 4.29 4.39 4.60 5.06 5.63 6.09 6.31 6.30 6.04 5.56 4.95 4.40 3.91 3.53 3.24 3.03 2.89 2.92 3.17 3.58 3.87 3.96 4.05 4.25 4.43 4.43 4.19 3.89 3.65 3.52 3.56 3.92 4.57 5.14 5.20 4.75 4.25 4.00 3.97
3.67 3.70 3.72 3.73 3.83 3.98 4.18 4.36 4.52 4.61 4.59 4.45 4.25 4.08 4.03 4.01 3.87 3.77 3.79 3.92 4.08 4.12 4.26 4.55 4.80 4.87 4.84 4.79 4.74 4.77 4.76 4.68 4.60 4.50 4.26 3.93 3.72 3.67 3.63 3.54 3.53 3.63 3.78 3.98 4.20 4.40 4.45 4.50 4.71 5.07 5.46 5.84 6.08 6.10 5.93 5.54 4.98 4.39 3.86 3.41 3.11 2.95 2.93 3.08 3.45 3.82 3.99 4.06 4.13 4.20 4.20 4.08 3.89 3.69 3.54 3.52 3.79 4.37 5.02 5.23 4.85 4.32 4.03 3.95
3.54 3.54 3.57 3.63 3.75 3.96 4.17 4.26 4.21 4.05 3.89 3.80 3.73 3.69 3.69 3.67 3.53 3.40 3.42 3.62 3.81 3.85 3.91 4.21 4.58 4.90 5.06 5.01 4.78 4.60 4.48 4.32 4.22 4.24 4.22 4.05 3.84 3.73 3.71 3.76 3.85 3.95 4.04 4.13 4.23 4.42 4.48 4.39 4.42 4.66 4.94 5.24 5.48 5.54 5.49 5.33 4.98 4.49 4.01 3.58 3.25 3.04 2.93 3.02 3.34 3.74 4.01 4.13 4.15 4.09 4.00 3.93 3.81 3.64 3.50 3.45 3.61 4.05 4.75 5.16 4.87 4.26 3.88 3.74
3.50 3.46 3.45 3.48 3.55 3.71 3.83 3.78 3.64 3.45 3.28 3.19 3.19 3.25 3.34 3.36 3.33 3.30 3.36 3.56 3.83 3.89 3.78 3.86 4.27 4.79 5.21 5.38 5.24 4.94 4.59 4.10 3.66 3.56 3.71 3.80 3.78 3.72 3.72 3.80 3.90 4.00 4.11 4.17 4.14 4.24 4.35 4.24 4.20 4.43 4.71 4.92 5.03 4.89 4.60 4.47 4.36 4.12 3.86 3.62 3.38 3.16 3.02 3.09 3.35 3.68 4.01 4.17 4.18 4.06 3.88 3.76 3.65 3.54 3.46 3.46 3.56 3.84 4.46 5.03 4.85 4.14 3.61 3.35
