project/data/elevation/US_DEM2016/US_DEM2016_point_10-29-2019_1212_30m_vel.asc
ncols	125
nrows	167
xllcorner	-2042055.000000
yllcorner	1465035.000000
cellsize	30.000000
NODATA_value	-9999.000000
[rows 76 to 113 of 167, columns 0 to 83 of 125]
2.84 2.43 1.65 1.19 1.08 1.29 1.85 2.39 2.64 2.67 2.67 2.71 2.89 3.27 3.71 4.12 4.08 4.26 4.06 3.77 3.58 3.53 3.54 3.48 3.35 3.18 2.93 2.79 2.79 2.75 2.59 2.39 2.15 2.02 1.98 1.91 1.86 1.84 1.93 2.11 2.33 2.67 3.38 4.13 4.22 3.66 3.04 2.64 2.44 2.30 2.15 2.00 1.79 1.62 1.62 1.80 2.04 2.21 2.38 2.64 2.85 2.74 2.36 2.08 2.01 2.11 2.46 2.90 3.18 3.18 2.97 2.82 2.99 3.32 3.57 3.80 4.14 4.41 4.24 3.73 3.27 2.91 2.81 2.81
2.71 2.30 1.57 1.17 1.19 1.64 2.18 2.48 2.47 2.36 2.37 2.59 2.97 3.48 3.99 4.28 4.28 3.94 3.65 3.47 3.36 3.32 3.36 3.45 3.44 3.24 2.88 2.69 2.77 2.80 2.61 2.39 2.22 2.17 2.13 2.00 1.82 1.71 1.78 2.06 2.40 2.76 3.34 4.03 4.22 3.76 3.10 2.65 2.40 2.25 2.09 1.93 1.78 1.71 1.74 1.88 2.09 2.27 2.44 2.66 2.70 2.29 1.85 1.85 2.08 2.38 2.63 2.86 3.13 3.38 3.43 3.51 3.76 3.98 4.12 4.25 4.30 4.27 4.17 3.28 2.98 2.79 2.76 2.79
2.56 2.14 1.44 1.16 1.30 1.78 2.15 2.23 2.18 2.22 2.41 2.78 3.31 3.90 4.31 4.34 4.06 3.69 3.39 3.24 3.16 3.12 3.19 3.38 3.48 3.31 2.89 2.64 2.73 2.80 2.61 2.38 2.26 2.20 2.10 1.90 1.67 1.57 1.75 2.12 2.44 2.68 3.08 3.80 4.24 3.93 3.20 2.64 2.38 2.23 2.09 1.96 1.92 1.91 1.89 1.97 2.18 2.34 2.43 2.51 2.36 1.89 1.67 1.93 2.38 2.67 2.88 3.15 3.51 3.71 3.91 4.09 4.15 4.73 4.93 3.98 4.01 3.55 3.25 2.98 2.80 2.75 2.77 2.80
2.36 1.96 1.36 1.20 1.38 1.74 2.02 2.13 2.25 2.46 2.77 3.22 3.83 4.30 4.43 4.22 3.83 3.45 3.16 3.03 2.98 2.94 3.04 3.28 3.50 3.43 3.00 2.63 2.64 2.73 2.55 2.36 2.25 2.13 1.95 1.69 1.47 1.44 1.69 2.03 2.28 2.44 2.74 3.52 4.19 4.08 3.38 2.78 2.52 2.42 2.32 2.28 2.29 2.20 2.05 2.02 2.13 2.20 2.20 2.15 1.98 1.75 1.78 2.22 2.74 3.07 3.39 3.68 3.78 3.91 4.16 4.22 4.75 3.72 3.65 3.52 3.79 3.12 2.99 2.84 2.70 2.68 2.71 2.73
2.11 1.81 1.40 1.34 1.52 1.82 2.08 2.28 2.53 2.82 3.21 3.75 4.25 4.42 4.25 3.92 3.55 3.18 2.91 2.80 2.77 2.77 2.89 3.15 3.49 3.54 3.15 2.62 2.46 2.54 2.44 2.31 2.24 2.10 1.84 1.52 1.32 1.39 1.65 1.93 2.20 2.40 2.69 3.36 4.01 4.09 3.64 3.14 2.85 2.74 2.65 2.57 2.49 2.31 2.04 1.95 1.91 1.91 1.95 1.93 1.86 1.87 2.11 2.65 3.22 3.65 3.84 3.81 3.69 3.86 4.24 4.21 3.76 3.38 3.26 3.21 3.07 2.95 2.92 2.75 2.62 2.62 2.65 2.62
1.93 1.77 1.56 1.54 1.73 2.00 2.25 2.51 2.82 3.18 3.64 4.13 4.37 4.25 3.90 3.58 3.26 2.89 2.62 2.50 2.51 2.59 2.72 2.99 3.43 3.61 3.31 2.64 2.32 2.37 2.37 2.30 2.26 2.12 1.80 1.44 1.32 1.47 1.73 2.02 2.33 2.59 2.84 3.28 3.83 4.03 3.82 3.47 3.19 2.93 2.73 2.56 2.42 2.19 1.97 1.88 1.83 1.91 2.02 2.04 2.08 2.25 2.64 3.24 3.79 4.00 3.80 3.41 3.35 3.78 4.30 4.25 3.72 3.18 3.05 3.08 3.03 2.92 2.90 2.72 2.62 2.60 2.63 2.57
1.91 1.85 1.70 1.66 1.83 2.12 2.41 2.73 3.10 3.51 3.95 4.23 4.21 3.87 3.49 3.28 3.04 2.68 2.34 2.26 2.36 2.42 2.44 2.78 3.34 3.64 3.46 2.89 2.32 2.27 2.38 2.41 2.35 2.16 1.84 1.48 1.39 1.59 1.87 2.20 2.54 2.76 2.90 3.19 3.72 4.03 3.93 3.61 3.27 2.88 2.63 2.53 2.45 2.26 2.01 1.89 1.91 2.05 2.16 2.22 2.37 2.68 3.15 3.70 4.09 3.92 3.32 2.99 3.23 3.84 4.37 4.26 3.84 3.08 2.93 3.01 3.02 2.91 2.94 2.67 2.59 2.56 2.58 2.56
2.00 1.91 1.73 1.66 1.88 2.25 2.58 2.96 3.37 3.75 4.05 4.11 3.90 3.53 3.22 3.06 2.86 2.52 2.16 2.10 2.25 2.23 2.22 2.60 3.21 3.63 3.59 3.19 2.58 2.38 2.53 2.60 2.46 2.22 1.92 1.59 1.45 1.64 2.00 2.38 2.62 2.71 2.77 3.01 3.60 4.07 4.05 3.70 3.27 2.88 2.72 2.66 2.55 2.32 2.03 1.92 1.93 2.04 2.19 2.34 2.58 2.94 3.44 3.90 4.04 3.59 2.96 2.93 3.32 3.90 4.37 4.22 3.60 3.00 2.76 2.87 2.97 2.87 2.72 2.61 2.51 2.43 2.39 2.51
2.05 1.90 1.69 1.71 2.02 2.43 2.79 3.18 3.56 3.85 3.99 3.89 3.62 3.29 3.02 2.84 2.66 2.36 2.03 1.99 2.10 2.07 2.15 2.55 3.14 3.62 3.73 3.43 2.97 2.76 2.80 2.76 2.57 2.32 2.02 1.68 1.56 1.80 2.23 2.49 2.51 2.47 2.57 2.90 3.51 4.11 4.22 3.85 3.37 3.06 2.86 2.71 2.50 2.26 2.02 1.93 1.94 2.07 2.29 2.49 2.73 3.07 3.51 3.89 3.89 3.36 2.88 3.02 3.35 3.78 4.20 4.34 3.63 2.96 2.60 2.70 2.86 2.82 2.68 2.56 2.46 2.31 2.21 2.38
2.08 1.89 1.71 1.82 2.22 2.64 2.98 3.32 3.63 3.82 3.85 3.68 3.41 3.10 2.82 2.62 2.43 2.17 1.94 1.93 2.00 2.06 2.28 2.73 3.24 3.70 3.90 3.61 3.16 2.96 2.89 2.77 2.58 2.38 2.13 1.83 1.81 2.11 2.35 2.33 2.24 2.32 2.56 2.93 3.50 4.19 4.38 3.97 3.39 3.05 2.82 2.61 2.41 2.23 2.03 1.95 2.01 2.18 2.37 2.54 2.73 3.01 3.44 3.85 3.81 3.29 2.85 2.97 3.19 3.51 3.97 4.28 3.76 3.08 2.57 2.60 2.78 2.77 2.64 2.56 2.48 2.29 2.16 2.30
2.11 1.93 1.79 1.97 2.41 2.77 3.03 3.33 3.63 3.77 3.70 3.48 3.21 2.90 2.60 2.37 2.15 1.97 1.93 1.99 2.07 2.24 2.55 3.00 3.44 3.83 3.98 3.67 3.21 2.93 2.77 2.67 2.54 2.39 2.19 1.97 1.98 2.15 2.14 2.00 2.07 2.33 2.58 2.89 3.48 4.30 4.52 4.01 3.28 2.89 2.67 2.47 2.33 2.21 2.04 1.98 2.03 2.13 2.25 2.43 2.59 2.84 3.35 3.83 3.82 3.30 2.78 2.74 2.95 3.27 3.79 4.12 3.87 3.27 2.70 2.57 2.70 2.71 2.61 2.56 2.49 2.33 2.20 2.29
2.15 1.98 1.87 2.08 2.45 2.71 2.95 3.31 3.64 3.73 3.54 3.27 3.00 2.68 2.29 1.99 1.86 1.93 2.10 2.20 2.31 2.50 2.81 3.23 3.62 3.89 3.95 3.67 3.23 2.88 2.73 2.65 2.54 2.42 2.24 2.03 1.91 1.85 1.79 1.84 2.08 2.31 2.46 2.74 3.52 4.49 4.68 4.03 3.19 2.74 2.48 2.27 2.14 2.06 1.99 1.97 1.96 1.99 2.11 2.29 2.49 2.82 3.36 3.83 3.87 3.37 2.74 2.57 2.76 3.17 3.74 4.17 3.95 3.35 2.85 2.64 2.67 2.71 2.69 2.64 2.49 2.36 2.33 2.40
2.17 2.00 1.91 2.07 2.34 2.62 2.97 3.44 3.70 3.62 3.32 3.02 2.75 2.36 1.91 1.72 1.85 2.17 2.35 2.43 2.56 2.76 3.05 3.42 3.69 3.85 3.88 3.68 3.31 2.97 2.82 2.72 2.60 2.44 2.19 1.95 1.75 1.60 1.59 1.81 2.07 2.26 2.42 2.78 3.69 4.65 4.73 3.98 3.08 2.59 2.36 2.12 1.96 1.90 1.85 1.85 1.88 1.94 2.10 2.31 2.56 2.92 3.37 3.79 3.90 3.46 2.74 2.44 2.67 3.18 3.81 4.23 4.05 3.40 2.90 2.84 2.74 2.77 2.77 2.71 2.57 2.47 2.54 2.56
2.18 2.04 1.95 2.07 2.33 2.73 3.22 3.60 3.64 3.39 3.01 2.67 2.39 2.01 1.71 1.77 2.10 2.38 2.49 2.57 2.75 2.98 3.23 3.45 3.59 3.70 3.79 3.72 3.45 3.12 2.88 2.71 2.58 2.39 2.09 1.83 1.62 1.50 1.53 1.79 2.09 2.33 2.51 2.89 3.80 4.67 4.67 3.90 2.99 2.57 2.36 2.13 1.99 1.96 1.92 1.87 1.89 1.97 2.15 2.38 2.66 2.90 3.25 3.74 3.95 3.54 2.72 2.38 2.63 3.20 3.85 4.29 4.09 3.42 2.89 2.72 2.76 2.78 2.73 2.65 2.60 2.65 2.71 2.61
2.20 2.10 2.02 2.15 2.47 2.97 3.42 3.59 3.42 3.03 2.62 2.22 1.94 1.75 1.71 1.94 2.20 2.39 2.53 2.65 2.88 3.11 3.23 3.27 3.37 3.58 3.79 3.80 3.55 3.17 2.86 2.61 2.47 2.35 2.07 1.75 1.52 1.44 1.52 1.85 2.22 2.43 2.57 2.96 3.84 4.58 4.53 3.87 3.14 2.70 2.50 2.35 2.33 2.34 2.24 2.06 1.97 2.01 2.17 2.38 2.57 2.70 3.05 3.70 4.01 3.60 2.74 2.37 2.60 3.12 3.79 4.31 4.08 3.34 2.81 2.69 2.79 2.79 2.64 2.53 2.55 2.64 2.64 2.47
2.23 2.17 2.12 2.27 2.66 3.15 3.43 3.38 3.04 2.59 2.18 1.81 1.65 1.69 1.83 2.04 2.24 2.40 2.55 2.74 2.96 3.11 3.09 3.06 3.24 3.58 3.85 3.85 3.58 3.21 2.89 2.60 2.44 2.34 2.10 1.72 1.41 1.36 1.53 1.96 2.32 2.48 2.62 3.10 3.91 4.49 4.38 3.84 3.34 3.00 2.78 2.72 2.68 2.58 2.38 2.09 1.96 1.97 2.08 2.22 2.34 2.47 2.88 3.66 4.06 3.67 2.81 2.42 2.51 2.90 3.65 4.26 4.06 3.27 2.70 2.63 2.82 2.82 2.60 2.49 2.57 2.60 2.44 2.25
2.30 2.25 2.23 2.42 2.82 3.18 3.24 3.01 2.60 2.19 1.85 1.60 1.58 1.76 1.99 2.20 2.37 2.49 2.63 2.83 3.01 3.07 2.98 3.01 3.27 3.63 3.90 3.88 3.61 3.30 3.01 2.75 2.57 2.39 2.08 1.64 1.31 1.31 1.59 2.08 2.39 2.56 2.80 3.32 4.01 4.43 4.28 3.82 3.41 3.16 3.01 2.87 2.70 2.45 2.16 1.94 1.87 1.87 1.92 2.01 2.09 2.25 2.72 3.62 4.13 3.79 2.99 2.50 2.40 2.67 3.47 4.19 4.07 3.30 2.63 2.51 2.78 2.80 2.54 2.43 2.57 2.60 2.34 2.09
2.38 2.34 2.35 2.56 2.86 3.00 2.88 2.58 2.23 1.92 1.69 1.57 1.66 1.90 2.15 2.40 2.58 2.66 2.79 2.98 3.12 3.11 3.04 3.10 3.32 3.69 4.00 3.97 3.71 3.41 3.13 2.91 2.71 2.45 2.01 1.55 1.30 1.39 1.77 2.25 2.54 2.75 3.07 3.53 4.00 4.33 4.24 3.83 3.44 3.22 3.01 2.76 2.51 2.26 2.06 1.93 1.82 1.76 1.74 1.80 1.92 2.13 2.65 3.66 4.23 3.92 3.14 2.56 2.30 2.49 3.28 4.10 4.06 3.32 2.57 2.37 2.60 2.70 2.47 2.37 2.53 2.60 2.32 2.01
2.45 2.41 2.42 2.56 2.67 2.62 2.43 2.22 1.98 1.78 1.66 1.66 1.82 2.07 2.35 2.67 2.89 3.00 3.12 3.27 3.32 3.22 3.11 3.10 3.31 3.82 4.19 4.06 3.71 3.37 3.07 2.83 2.58 2.26 1.81 1.48 1.41 1.61 2.03 2.45 2.71 2.94 3.22 3.54 3.87 4.21 4.27 3.93 3.50 3.21 2.91 2.63 2.41 2.27 2.15 1.97 1.79 1.69 1.66 1.75 1.94 2.23 2.82 3.78 4.29 3.96 3.16 2.53 2.21 2.40 3.17 3.97 3.98 3.26 2.50 2.27 2.46 2.57 2.46 2.40 2.49 2.56 2.33 2.02
2.52 2.46 2.39 2.38 2.33 2.23 2.09 1.97 1.88 1.80 1.77 1.84 2.05 2.35 2.68 3.04 3.26 3.40 3.46 3.43 3.30 3.07 2.89 2.93 3.31 4.02 4.33 4.01 3.52 3.18 2.91 2.66 2.40 2.04 1.67 1.51 1.58 1.83 2.25 2.60 2.80 2.97 3.15 3.35 3.70 4.15 4.36 4.08 3.56 3.14 2.78 2.52 2.35 2.20 2.05 1.84 1.70 1.63 1.63 1.78 2.04 2.44 3.07 3.88 4.28 3.92 3.11 2.51 2.26 2.49 3.15 3.77 3.79 3.21 2.58 2.37 2.41 2.45 2.48 2.49 2.49 2.49 2.36 2.14
2.58 2.46 2.28 2.15 2.07 2.03 1.95 1.90 1.93 1.99 2.01 2.11 2.37 2.74 3.12 3.42 3.59 3.58 3.43 3.20 2.92 2.62 2.56 2.81 3.43 4.19 4.32 3.81 3.33 3.12 2.94 2.75 2.51 2.10 1.74 1.64 1.74 2.00 2.36 2.63 2.75 2.82 2.93 3.15 3.55 4.14 4.49 4.22 3.60 3.01 2.63 2.40 2.22 2.03 1.80 1.62 1.55 1.53 1.56 1.74 2.05 2.56 3.26 3.95 4.21 3.84 3.16 2.65 2.43 2.60 3.03 3.41 3.50 3.23 2.85 2.66 2.48 2.36 2.52 2.64 2.52 2.42 2.37 2.38
2.59 2.42 2.15 2.02 1.98 1.99 1.96 1.99 2.14 2.28 2.32 2.44 2.76 3.18 3.51 3.65 3.62 3.41 3.05 2.69 2.40 2.26 2.47 2.91 3.59 4.30 4.25 3.70 3.34 3.21 3.09 2.92 2.66 2.25 1.90 1.78 1.83 2.06 2.35 2.55 2.58 2.58 2.71 3.05 3.47 4.12 4.58 4.31 3.58 2.90 2.54 2.36 2.14 1.88 1.65 1.49 1.44 1.45 1.51 1.74 2.12 2.71 3.40 3.95 4.11 3.78 3.24 2.76 2.49 2.54 2.77 2.93 3.14 3.22 3.10 2.91 2.62 2.39 2.68 2.84 2.64 2.45 2.52 2.75
2.56 2.36 2.09 1.99 1.97 2.01 2.09 2.24 2.44 2.59 2.67 2.85 3.20 3.55 3.66 3.57 3.35 3.00 2.59 2.25 2.10 2.24 2.64 3.12 3.81 4.45 4.26 3.72 3.40 3.25 3.09 2.89 2.61 2.25 1.96 1.83 1.86 2.06 2.28 2.35 2.31 2.34 2.62 3.04 3.47 4.17 4.63 4.27 3.45 2.82 2.57 2.44 2.13 1.85 1.67 1.54 1.47 1.46 1.55 1.81 2.24 2.84 3.44 3.87 4.01 3.80 3.36 2.84 2.46 2.41 2.46 2.51 2.84 3.20 3.25 3.07 2.79 2.69 3.01 3.09 2.84 2.69 2.85 3.05
2.53 2.36 2.13 2.03 2.05 2.18 2.37 2.57 2.72 2.83 2.96 3.19 3.47 3.60 3.50 3.25 2.93 2.56 2.20 1.97 2.08 2.52 3.00 3.43 4.13 4.58 4.28 3.66 3.28 3.08 2.89 2.69 2.46 2.19 1.93 1.82 1.85 1.99 2.11 2.07 2.06 2.33 2.73 3.13 3.59 4.29 4.59 4.13 3.35 2.85 2.66 2.53 2.22 2.02 1.89 1.71 1.57 1.54 1.67 1.95 2.34 2.89 3.41 3.78 3.92 3.82 3.47 2.97 2.59 2.44 2.36 2.42 2.78 3.19 3.32 3.19 3.03 3.07 3.25 3.22 2.99 2.91 3.03 3.00
2.52 2.40 2.21 2.14 2.21 2.40 2.60 2.74 2.82 2.89 3.06 3.28 3.41 3.35 3.12 2.81 2.47 2.16 1.95 1.96 2.31 2.86 3.29 3.74 4.37 4.58 4.13 3.48 3.09 2.89 2.73 2.60 2.42 2.14 1.88 1.79 1.79 1.84 1.88 1.91 2.13 2.57 2.91 3.24 3.72 4.35 4.51 3.99 3.26 2.90 2.73 2.57 2.40 2.25 2.06 1.78 1.64 1.66 1.83 2.09 2.43 2.95 3.41 3.74 3.89 3.81 3.52 3.16 2.87 2.59 2.40 2.45 2.77 3.10 3.31 3.33 3.28 3.27 3.23 3.07 2.87 2.83 2.87 2.69
2.52 2.43 2.27 2.25 2.32 2.48 2.63 2.69 2.72 2.81 3.03 3.23 3.20 3.01 2.72 2.37 2.05 1.89 1.95 2.20 2.61 3.08 3.46 3.91 4.47 4.47 3.88 3.30 2.93 2.76 2.69 2.63 2.44 2.11 1.83 1.72 1.71 1.74 1.86 2.08 2.43 2.75 2.98 3.27 3.79 4.35 4.42 3.87 3.22 2.91 2.71 2.54 2.41 2.28 1.99 1.72 1.68 1.78 1.93 2.17 2.52 3.03 3.44 3.70 3.84 3.77 3.53 3.26 2.96 2.58 2.36 2.43 2.68 2.95 3.26 3.48 3.52 3.35 3.07 2.85 2.70 2.67 2.65 2.43
2.54 2.47 2.36 2.32 2.34 2.41 2.51 2.55 2.59 2.76 3.01 3.12 2.98 2.68 2.30 1.95 1.81 1.94 2.26 2.62 2.92 3.26 3.58 4.00 4.43 4.29 3.66 3.14 2.81 2.70 2.68 2.62 2.43 2.13 1.83 1.67 1.70 1.83 2.06 2.31 2.54 2.75 2.93 3.24 3.80 4.31 4.31 3.77 3.18 2.88 2.70 2.54 2.39 2.18 1.86 1.70 1.75 1.87 2.01 2.25 2.63 3.12 3.44 3.61 3.72 3.71 3.54 3.26 2.90 2.48 2.30 2.35 2.57 2.85 3.20 3.57 3.67 3.37 2.99 2.80 2.68 2.60 2.54 2.45
2.61 2.57 2.47 2.38 2.34 2.33 2.38 2.46 2.58 2.80 2.96 2.92 2.67 2.33 1.98 1.78 1.91 2.30 2.66 2.93 3.15 3.39 3.66 4.05 4.33 4.11 3.53 3.05 2.79 2.74 2.71 2.62 2.48 2.25 1.96 1.80 1.82 1.94 2.11 2.26 2.38 2.58 2.84 3.21 3.77 4.25 4.21 3.67 3.09 2.84 2.71 2.56 2.40 2.18 1.86 1.74 1.82 1.95 2.09 2.33 2.72 3.14 3.37 3.48 3.59 3.66 3.54 3.28 2.91 2.51 2.30 2.31 2.50 2.72 3.02 3.56 3.69 3.35 2.98 2.83 2.72 2.60 2.55 2.54
2.72 2.63 2.46 2.35 2.28 2.26 2.32 2.45 2.63 2.77 2.73 2.54 2.28 2.04 1.91 1.94 2.22 2.61 2.88 3.09 3.26 3.42 3.66 4.05 4.23 3.92 3.45 3.11 2.94 2.92 2.90 2.79 2.68 2.48 2.24 2.07 1.98 1.95 2.00 2.08 2.19 2.44 2.82 3.24 3.76 4.16 4.10 3.60 3.06 2.84 2.72 2.52 2.37 2.23 1.97 1.83 1.91 2.04 2.18 2.42 2.77 3.07 3.25 3.34 3.50 3.62 3.55 3.32 3.00 2.62 2.36 2.32 2.44 2.59 2.90 3.46 3.62 3.36 3.03 2.85 2.72 2.64 2.61 2.56
2.77 2.60 2.33 2.23 2.18 2.18 2.26 2.41 2.53 2.50 2.30 2.13 2.02 1.95 2.05 2.30 2.55 2.78 2.94 3.14 3.27 3.36 3.65 4.07 4.08 3.76 3.44 3.28 3.17 3.11 3.06 2.98 2.86 2.65 2.44 2.23 2.04 1.93 1.92 1.98 2.11 2.42 2.91 3.34 3.75 4.05 3.98 3.54 3.10 2.85 2.65 2.43 2.36 2.38 2.26 2.12 2.11 2.17 2.30 2.52 2.76 2.92 3.06 3.26 3.47 3.60 3.56 3.36 3.06 2.70 2.43 2.36 2.43 2.54 2.79 3.22 3.53 3.43 3.11 2.84 2.66 2.63 2.66 2.58
2.74 2.51 2.23 2.14 2.08 2.08 2.16 2.25 2.26 2.13 2.01 1.96 1.96 2.05 2.40 2.81 2.96 2.95 2.99 3.13 3.24 3.36 3.78 4.17 4.03 3.65 3.52 3.43 3.26 3.13 3.03 2.91 2.75 2.57 2.40 2.19 1.99 1.90 1.87 1.90 2.10 2.54 3.05 3.42 3.70 3.93 3.84 3.47 3.12 2.81 2.52 2.41 2.55 2.71 2.67 2.46 2.30 2.29 2.40 2.56 2.65 2.71 2.93 3.26 3.50 3.57 3.52 3.38 3.14 2.81 2.54 2.41 2.41 2.44 2.53 2.89 3.39 3.49 3.20 2.83 2.60 2.64 2.76 2.67
2.67 2.48 2.24 2.11 2.03 2.01 2.06 2.10 2.06 1.98 1.99 2.09 2.24 2.59 3.10 3.39 3.37 3.20 3.15 3.27 3.41 3.64 4.09 4.23 3.87 3.55 3.58 3.50 3.24 3.06 2.90 2.73 2.56 2.42 2.29 2.10 1.93 1.84 1.77 1.83 2.17 2.70 3.14 3.36 3.58 3.81 3.72 3.39 3.09 2.77 2.52 2.64 2.97 3.11 2.91 2.57 2.35 2.35 2.43 2.48 2.51 2.61 2.91 3.27 3.49 3.50 3.43 3.39 3.23 2.94 2.62 2.40 2.31 2.28 2.31 2.64 3.25 3.52 3.27 2.90 2.71 2.76 2.87 2.77
2.65 2.50 2.26 2.12 2.03 2.02 2.09 2.13 2.13 2.19 2.39 2.64 2.98 3.40 3.70 3.66 3.42 3.30 3.36 3.51 3.70 3.95 4.20 4.07 3.62 3.43 3.57 3.50 3.23 3.03 2.84 2.65 2.48 2.36 2.23 2.04 1.88 1.76 1.70 1.87 2.32 2.74 3.00 3.18 3.50 3.77 3.63 3.30 3.04 2.81 2.75 3.01 3.27 3.25 2.89 2.53 2.41 2.42 2.42 2.41 2.46 2.61 2.86 3.18 3.40 3.38 3.32 3.40 3.33 3.04 2.67 2.34 2.19 2.15 2.21 2.52 3.13 3.46 3.34 3.06 2.90 2.90 2.90 2.76
2.68 2.52 2.28 2.15 2.09 2.11 2.21 2.31 2.46 2.70 3.00 3.29 3.54 3.70 3.70 3.41 3.08 3.15 3.35 3.54 3.74 3.91 3.97 3.77 3.39 3.34 3.55 3.48 3.19 2.98 2.81 2.66 2.53 2.43 2.27 2.03 1.82 1.66 1.67 1.91 2.27 2.53 2.70 3.00 3.56 3.85 3.61 3.20 2.98 2.92 3.06 3.31 3.38 3.22 2.89 2.65 2.59 2.52 2.43 2.40 2.45 2.56 2.72 3.03 3.29 3.25 3.24 3.39 3.38 3.14 2.75 2.32 2.10 2.07 2.16 2.49 2.98 3.33 3.40 3.25 3.06 2.97 2.89 2.71
2.71 2.55 2.29 2.18 2.15 2.19 2.33 2.56 2.85 3.15 3.37 3.50 3.52 3.48 3.32 2.98 2.74 2.91 3.14 3.38 3.63 3.75 3.73 3.51 3.21 3.28 3.55 3.45 3.12 2.93 2.83 2.74 2.67 2.58 2.38 2.07 1.76 1.60 1.64 1.83 2.08 2.33 2.63 3.12 3.76 3.96 3.58 3.10 2.92 3.01 3.25 3.44 3.39 3.17 2.95 2.79 2.70 2.55 2.42 2.37 2.38 2.44 2.61 2.93 3.14 3.13 3.23 3.44 3.44 3.22 2.82 2.32 2.06 2.00 2.13 2.44 2.81 3.19 3.43 3.40 3.22 3.05 2.89 2.69
2.73 2.55 2.28 2.21 2.21 2.28 2.52 2.88 3.19 3.34 3.35 3.29 3.21 3.13 2.99 2.73 2.58 2.73 2.94 3.25 3.61 3.73 3.64 3.34 3.07 3.28 3.57 3.41 3.07 2.94 2.89 2.82 2.73 2.62 2.39 2.06 1.74 1.58 1.60 1.76 2.06 2.42 2.86 3.44 3.95 3.98 3.51 2.98 2.84 3.02 3.32 3.51 3.43 3.17 2.93 2.77 2.63 2.45 2.32 2.28 2.29 2.36 2.56 2.80 2.94 3.04 3.32 3.54 3.50 3.25 2.80 2.32 2.05 1.97 2.09 2.37 2.66 3.03 3.41 3.54 3.38 3.12 2.87 2.66
2.71 2.54 2.33 2.29 2.31 2.44 2.79 3.13 3.27 3.21 3.09 2.98 2.90 2.86 2.76 2.57 2.50 2.65 2.88 3.24 3.65 3.84 3.62 3.16 2.95 3.32 3.58 3.35 3.04 2.97 2.94 2.83 2.69 2.53 2.30 1.99 1.70 1.58 1.61 1.84 2.21 2.59 3.09 3.72 4.06 3.93 3.39 2.79 2.67 2.96 3.32 3.57 3.52 3.22 2.90 2.66 2.45 2.24 2.15 2.18 2.22 2.30 2.45 2.62 2.78 3.04 3.43 3.63 3.52 3.18 2.70 2.33 2.06 1.94 2.04 2.29 2.53 2.84 3.33 3.68 3.54 3.12 2.79 2.60
2.69 2.57 2.44 2.39 2.40 2.58 2.96 3.16 3.08 2.91 2.80 2.70 2.64 2.61 2.53 2.46 2.54 2.76 2.98 3.30 3.78 3.96 3.52 2.89 2.92 3.38 3.54 3.31 3.06 2.98 2.96 2.85 2.70 2.52 2.27 1.94 1.65 1.57 1.68 1.96 2.32 2.69 3.27 3.90 4.07 3.78 3.20 2.60 2.48 2.86 3.32 3.63 3.58 3.26 2.89 2.61 2.33 2.09 2.04 2.11 2.16 2.20 2.29 2.49 2.74 3.10 3.52 3.67 3.47 3.06 2.64 2.32 2.05 1.92 2.00 2.21 2.42 2.68 3.26 3.79 3.65 3.08 2.72 2.55
