project/data/elevation/US_DEM2016/US_DEM2016_point_10-30-2019_1639_30m_ang.asc
ncols	125
nrows	167
xllcorner	-2042055.000000
yllcorner	1465035.000000
cellsize	30.000000
NODATA_value	-9999.000000
[rows 43 to 85 of 167, columns 0 to 95 of 125]
328 331 338 342 344 346 347 347 346 347 350 356 4 7 4 360 357 355 353 351 348 347 346 346 346 346 346 346 346 346 345 341 340 341 343 342 339 337 338 343 348 350 350 350 349 348 347 347 346 347 350 352 353 353 353 351 350 350 350 350 349 347 344 342 341 340 336 333 332 331 327 320 311 304 303 309 315 317 320 328 341 345 344 345 346 348 350 352 353 355 359 2 6 9 12 10
329 332 338 342 344 346 347 347 348 349 353 1 7 8 3 358 355 354 351 348 347 346 346 346 347 346 346 346 345 344 341 336 337 339 343 345 344 341 339 342 348 353 355 353 350 346 345 344 343 342 342 345 348 350 350 349 350 351 351 352 351 349 346 345 345 342 339 338 338 335 330 322 314 307 303 304 306 308 311 319 331 338 339 341 343 345 350 353 352 353 358 4 10 14 15 12
330 333 338 342 344 345 347 349 350 353 358 5 10 7 1 357 354 352 349 347 345 344 345 346 347 346 345 344 343 340 337 332 334 337 341 344 346 347 344 344 347 355 359 357 351 345 343 343 344 344 343 342 341 342 342 344 347 350 351 352 351 349 348 348 347 344 342 343 343 338 331 326 322 318 314 311 310 309 310 314 322 330 334 337 339 343 349 354 355 353 354 1 11 17 16 14
328 332 338 342 343 345 347 350 353 357 2 9 10 4 358 356 354 351 348 347 345 344 345 346 346 345 345 343 340 336 334 333 333 335 338 342 347 350 351 349 351 358 2 359 352 346 343 343 345 346 346 342 336 334 336 340 345 350 352 352 352 350 349 349 348 347 347 347 345 339 335 332 329 327 324 321 318 317 316 317 321 326 331 334 336 341 348 355 358 357 356 1 10 16 16 15
325 329 336 341 343 345 347 350 354 359 7 11 8 360 355 354 353 351 349 348 346 346 345 345 345 344 343 340 336 333 332 333 333 334 336 340 345 351 354 356 357 1 1 356 352 347 343 343 346 348 345 337 332 332 336 341 346 350 352 353 352 350 350 350 350 350 349 346 343 340 339 337 336 334 331 328 326 324 323 323 325 328 329 332 335 340 346 353 357 359 1 7 13 15 15 14
324 326 333 339 343 345 347 350 354 1 10 12 5 356 352 351 351 351 350 349 348 347 346 345 344 342 339 335 331 330 333 335 335 335 336 339 343 350 356 1 4 3 358 353 350 346 344 345 348 347 340 333 332 335 340 345 348 350 353 353 353 352 350 350 350 349 347 345 345 344 344 343 343 341 339 336 335 333 332 331 330 329 327 328 333 338 344 350 356 1 7 14 15 14 12 8
324 326 332 338 342 346 349 351 354 2 11 11 2 353 350 350 350 350 350 350 349 348 346 345 343 341 337 331 327 328 333 337 338 339 340 340 343 349 358 7 10 5 356 350 347 345 344 346 347 342 335 333 335 340 346 350 351 351 352 352 352 352 352 350 348 348 347 347 348 348 348 348 348 347 346 345 344 343 342 340 337 332 327 326 329 335 341 346 354 4 13 17 14 9 5 360
323 326 333 338 342 347 350 352 355 3 9 7 359 353 350 350 350 351 351 351 350 349 347 345 343 340 335 327 324 325 331 335 338 343 346 346 347 353 4 13 12 5 356 350 346 344 344 345 344 339 336 336 340 346 352 354 354 352 350 349 349 350 350 348 346 346 346 348 349 350 350 350 350 350 350 350 350 350 350 350 348 341 334 328 327 331 338 344 354 8 17 17 11 5 360 355
321 325 334 339 342 347 351 353 356 3 6 2 356 353 352 352 352 352 353 353 352 350 348 345 342 339 333 325 322 323 328 332 336 342 347 351 355 2 8 11 7 1 356 352 348 344 343 343 343 342 340 341 345 351 356 358 356 352 350 348 346 346 346 345 343 343 344 346 346 347 348 349 349 349 350 351 353 354 355 355 354 351 345 338 333 332 335 343 356 11 17 15 10 6 1 355
320 323 332 338 342 346 350 353 357 1 1 358 354 354 354 354 354 354 354 354 354 352 349 345 341 337 331 324 321 321 325 328 332 339 346 353 1 6 7 4 1 357 354 351 347 343 341 342 344 345 346 347 350 355 359 0 358 355 352 349 346 344 342 340 339 339 338 337 335 335 336 340 342 344 346 348 351 353 353 354 355 354 352 349 344 338 337 343 359 11 13 12 11 8 3 358
322 324 330 335 339 344 348 352 357 360 358 354 352 354 356 357 356 355 355 355 355 353 350 345 340 335 330 324 321 322 324 326 330 335 343 354 4 6 2 359 357 354 351 348 343 339 338 340 345 349 351 353 355 358 1 3 1 358 354 350 346 344 341 339 337 336 334 331 329 327 326 327 330 333 337 340 344 347 348 347 347 348 349 349 348 345 343 347 358 5 7 9 10 6 1 357
325 326 330 334 337 341 344 350 357 359 356 352 352 355 359 359 358 356 355 355 355 353 349 344 340 335 330 326 324 325 328 329 331 334 341 355 5 3 358 355 353 350 348 343 337 335 335 339 345 351 354 357 359 1 4 6 4 360 354 350 347 345 342 340 338 336 335 334 333 331 328 322 318 318 323 327 331 336 339 337 333 331 331 335 340 345 348 352 356 359 2 5 4 360 357 353
328 329 333 336 339 341 342 346 354 358 356 353 354 359 2 1 359 356 354 353 353 351 348 344 340 336 331 328 326 328 331 333 333 333 341 355 3 1 356 352 349 347 343 337 332 331 333 339 346 351 355 359 2 5 8 9 5 358 352 349 347 346 344 342 339 337 337 337 337 335 331 324 317 314 314 315 315 318 322 323 322 320 323 328 335 342 349 353 353 355 358 359 358 356 353 348
330 332 336 340 343 345 345 346 351 356 356 357 0 4 4 2 360 356 352 350 350 350 348 345 342 338 334 330 328 329 333 336 336 337 344 355 1 359 356 352 348 344 338 331 328 328 332 339 345 350 354 359 4 8 11 10 5 357 352 350 349 348 346 342 338 337 338 340 340 338 335 331 329 328 325 315 312 302 317 320 322 323 326 332 338 345 349 351 352 353 355 355 353 351 347 342
329 332 339 345 349 351 350 349 352 356 358 1 4 5 4 2 359 356 352 349 348 348 348 346 343 341 338 334 331 332 337 340 342 344 350 355 358 357 356 353 349 343 335 328 326 327 333 338 343 348 352 358 5 11 14 12 6 359 355 353 352 350 348 342 337 337 340 343 342 340 338 337 339 340 338 331 326 325 325 325 326 328 332 334 344 349 351 351 351 352 352 352 350 346 341 339
325 329 339 347 352 355 354 353 355 358 0 2 3 2 1 359 357 355 352 350 348 347 346 345 344 343 341 336 333 335 340 344 346 350 354 355 355 355 354 352 349 343 334 327 325 327 332 336 340 342 346 356 7 14 15 12 7 2 358 355 353 351 348 343 339 339 343 345 343 341 341 343 347 348 343 336 332 331 330 329 330 332 336 343 348 351 352 351 350 350 350 349 346 341 338 340
321 326 337 346 353 356 357 357 359 1 1 360 359 358 356 355 353 352 350 349 348 347 345 343 343 344 342 337 335 337 341 344 347 352 355 356 354 352 351 350 347 342 334 328 324 326 330 333 334 334 339 351 5 13 14 11 7 3 358 354 351 349 347 345 344 345 347 346 343 343 345 349 353 350 343 338 335 334 333 333 334 337 341 346 351 353 353 351 349 348 347 346 341 338 338 346
320 324 336 345 350 355 359 1 4 5 2 357 353 351 350 350 349 347 346 346 346 344 341 340 341 343 340 336 336 340 344 345 346 349 353 354 353 351 349 348 346 341 335 329 326 327 329 329 329 330 334 344 358 7 9 7 5 2 358 353 349 346 344 344 347 351 351 347 344 346 350 353 353 348 343 341 339 338 338 338 339 342 345 349 343 353 353 351 347 345 344 342 338 338 344 353
319 323 336 345 349 353 359 4 9 9 3 355 349 345 343 343 343 342 340 339 338 336 335 335 338 338 333 331 334 341 348 350 350 349 350 352 352 350 348 347 345 342 336 331 330 332 333 332 332 334 337 343 352 1 3 3 1 359 356 352 347 343 341 342 347 353 353 350 348 350 353 354 351 348 345 344 343 343 344 344 345 347 349 351 353 354 353 349 345 343 342 340 337 340 350 354
319 323 335 344 349 353 358 7 14 14 7 356 346 338 335 335 336 337 334 329 325 324 325 328 332 331 327 325 329 338 347 352 353 353 353 352 350 349 349 348 347 344 338 335 335 339 341 339 338 340 343 347 353 359 0 359 358 355 352 348 344 341 340 342 347 351 351 350 351 353 354 353 350 349 347 347 347 348 349 350 351 352 353 354 354 355 353 348 343 341 340 338 337 342 349 349
322 325 335 343 349 354 1 10 18 18 12 2 349 337 329 327 330 335 335 329 321 315 315 321 327 326 322 322 325 334 342 348 353 356 357 355 352 350 350 350 348 344 338 336 338 343 346 345 344 345 347 351 356 0 359 357 355 351 346 342 340 339 340 343 347 348 347 347 351 354 353 351 350 349 349 348 349 351 353 354 355 356 357 357 356 354 351 346 341 338 337 336 337 341 345 344
327 330 338 346 351 356 4 14 20 20 14 7 357 347 338 331 331 336 340 339 332 324 319 321 324 323 321 321 324 332 337 341 348 355 360 0 357 353 351 350 348 342 336 335 338 344 348 348 348 349 351 353 357 0 359 355 352 347 341 338 337 339 342 346 347 344 341 343 349 352 351 349 348 348 349 349 350 351 353 356 358 359 360 0 358 353 347 342 338 336 335 334 336 339 340 340
329 333 342 349 354 360 8 16 19 16 12 6 1 356 350 343 337 336 340 343 342 337 331 327 325 323 322 323 328 334 336 337 341 349 357 0 359 356 353 350 346 341 335 334 337 343 346 348 350 353 354 355 357 359 357 353 349 343 338 337 339 341 345 347 346 341 336 338 345 349 349 348 347 345 346 349 351 351 352 355 358 0 1 360 355 348 341 337 335 333 333 332 333 336 336 336
329 334 343 351 357 4 11 15 14 10 7 5 3 1 357 350 342 337 337 341 344 343 339 334 328 325 324 327 333 339 341 341 341 345 351 356 356 354 352 349 345 340 335 333 336 340 343 346 351 355 357 357 358 358 356 352 346 340 337 338 342 344 347 349 345 338 334 335 342 346 347 348 348 345 344 347 351 354 353 352 356 0 360 354 345 336 332 331 332 333 333 333 333 335 335 335
329 334 345 353 359 7 11 11 7 4 2 3 3 3 360 355 348 340 337 338 341 342 341 337 331 327 327 330 337 343 346 347 346 346 349 351 351 351 350 348 344 339 335 333 335 337 340 344 349 354 357 358 358 356 353 349 343 339 338 341 344 347 349 349 344 337 333 335 339 343 345 346 348 348 347 347 353 359 0 355 353 357 356 345 332 326 325 327 330 331 333 335 337 338 338 338
329 334 346 355 2 9 10 7 1 358 358 360 1 1 0 358 353 345 339 337 337 339 340 337 333 330 330 333 338 344 349 350 349 349 350 349 349 349 349 347 344 340 336 334 334 335 338 342 347 350 353 356 356 354 349 344 341 339 342 344 345 348 349 347 342 336 333 333 335 338 340 342 343 348 351 353 359 8 11 3 353 350 347 337 328 324 324 326 328 329 332 336 340 343 344 343
329 334 348 358 5 10 10 6 359 353 352 353 356 357 358 358 356 351 344 339 336 336 337 335 333 332 333 335 338 342 346 349 351 352 352 350 349 349 349 346 343 341 339 337 335 336 340 344 346 347 347 349 350 350 346 342 340 341 345 344 344 346 346 342 339 336 333 331 332 332 332 333 335 342 353 2 9 12 7 356 348 344 341 334 328 326 326 328 328 330 334 339 343 346 348 348
330 335 349 359 7 12 12 8 2 354 348 345 346 349 352 354 355 353 348 343 339 336 334 333 333 335 337 338 339 340 341 343 347 351 353 352 350 349 347 345 343 342 341 339 337 339 343 346 346 344 343 343 346 348 346 344 344 347 346 344 344 344 340 337 336 336 336 336 337 337 336 337 340 346 356 5 6 1 354 349 344 341 338 334 331 330 332 333 334 336 340 344 347 349 352 353
332 337 350 1 9 13 12 10 6 0 352 343 338 340 345 348 352 352 349 345 341 338 335 333 334 338 341 342 341 340 338 339 342 347 350 351 349 347 345 344 344 344 342 339 338 340 345 346 345 344 344 344 347 350 350 350 352 353 351 349 349 347 342 338 338 339 342 345 346 345 345 347 351 356 359 359 356 352 347 343 341 340 339 336 335 337 340 342 343 344 347 350 351 353 356 359
333 339 351 2 11 13 11 8 6 3 358 349 341 338 340 343 347 348 348 346 342 339 336 335 337 342 345 346 346 344 343 342 343 345 347 349 349 346 344 344 344 345 343 339 338 341 345 345 345 346 347 349 352 354 354 354 355 356 355 354 354 351 348 344 342 343 346 349 350 350 351 355 359 360 357 353 350 345 341 339 339 341 341 340 339 341 346 351 353 354 356 356 356 357 1 4
336 340 352 4 11 12 9 5 2 1 358 353 348 344 342 342 343 345 346 345 343 340 337 336 339 344 348 350 349 348 346 346 347 348 348 350 349 346 345 346 347 347 344 340 338 341 344 346 346 348 350 353 356 357 355 354 354 355 355 354 354 351 347 345 343 345 350 352 353 354 358 1 1 356 351 347 345 341 337 336 339 342 343 344 344 346 351 356 360 3 4 3 1 2 5 7
338 342 354 5 10 10 6 0 357 355 354 352 351 349 346 343 341 341 342 341 343 340 338 339 341 344 348 351 352 350 348 348 349 350 351 351 349 347 347 347 347 347 344 340 338 339 342 344 346 347 349 353 357 358 355 353 352 351 351 352 351 348 345 344 345 350 354 354 356 0 3 1 356 350 345 342 340 336 334 334 338 341 344 346 349 352 353 356 1 7 10 8 6 6 8 9
339 344 355 5 9 9 3 356 351 349 349 350 350 350 347 343 340 337 338 340 342 343 342 342 342 343 346 350 353 352 351 350 350 350 350 350 348 347 347 347 346 346 343 339 337 337 339 341 343 344 346 349 354 356 355 352 350 349 349 348 346 345 345 347 352 356 356 355 358 2 1 357 350 344 340 339 337 335 334 335 337 340 341 344 350 355 358 357 360 7 12 11 9 9 9 8
339 345 357 5 7 5 358 351 347 345 345 346 347 346 343 340 336 335 336 338 341 343 344 345 344 343 344 348 352 353 353 353 352 350 349 349 348 348 348 348 346 345 342 338 336 338 340 342 343 345 346 348 351 353 353 350 349 348 348 346 344 344 349 356 1 359 355 354 357 358 356 351 346 342 340 339 338 337 337 339 340 336 333 334 342 353 359 1 2 6 10 10 9 9 9 7
338 345 358 4 4 358 352 348 346 344 344 344 343 341 339 336 333 335 336 338 341 344 346 346 345 344 344 347 350 353 355 356 355 353 351 351 352 352 351 350 347 344 341 338 336 337 340 343 344 344 346 347 349 349 349 348 348 348 347 346 345 349 357 2 1 357 355 354 354 353 351 347 344 343 343 341 340 341 343 346 347 343 337 332 333 342 354 2 6 8 9 8 8 9 8 4
335 343 358 4 360 353 349 348 348 347 345 343 340 338 335 334 334 335 337 340 342 344 346 347 346 344 344 345 347 350 354 357 357 355 354 355 356 356 353 350 346 344 341 338 335 334 336 338 339 339 340 342 344 344 345 346 347 347 347 346 349 356 1 360 357 354 353 351 350 349 348 344 343 344 345 344 344 344 347 351 353 353 348 342 338 339 346 358 7 10 9 7 6 7 6 2
335 343 359 2 357 352 350 351 351 349 346 343 339 336 334 333 334 336 339 341 343 345 347 347 346 344 343 343 343 346 351 356 357 357 357 359 1 360 355 351 347 345 342 339 335 333 333 334 335 336 338 340 341 343 345 346 346 346 347 348 353 358 358 354 352 350 349 347 347 347 345 342 341 344 346 346 346 346 348 352 356 357 355 351 347 345 347 354 3 8 7 5 4 5 3 359
338 345 357 0 357 352 351 351 350 347 344 341 337 335 334 334 335 337 341 343 345 347 348 349 347 344 342 340 339 339 343 349 354 357 359 3 5 2 358 354 351 349 346 344 341 338 336 335 335 337 339 340 342 345 347 347 348 350 351 352 356 356 353 349 346 344 343 343 345 345 341 338 339 342 345 347 348 347 346 348 352 357 358 357 354 352 351 355 0 3 2 2 2 1 358 354
344 347 354 357 356 353 351 349 347 345 341 338 335 334 334 335 336 338 341 344 346 347 349 350 349 346 343 339 335 332 332 335 343 351 358 4 5 2 359 356 354 351 350 348 346 343 340 338 337 338 339 341 342 345 348 349 351 353 355 356 356 354 350 345 341 339 339 342 344 343 338 335 336 340 344 346 348 348 347 346 347 352 358 360 359 357 356 357 359 359 358 358 358 357 353 349
349 349 351 354 354 351 349 347 344 341 338 335 333 333 334 336 338 340 343 346 346 347 349 351 350 348 346 343 337 331 326 325 329 339 353 1 2 359 357 354 352 351 350 349 348 346 343 341 340 340 340 340 341 344 348 350 351 352 354 356 355 352 347 341 337 336 339 344 345 342 337 334 335 339 343 345 347 348 349 348 347 347 354 360 2 2 0 359 359 357 356 356 354 351 348 346
349 350 352 353 352 348 346 344 341 338 335 333 332 333 335 338 340 343 346 348 347 348 350 350 349 349 348 346 344 339 334 331 330 335 345 355 358 357 353 351 349 349 350 349 348 345 343 342 342 342 342 342 343 345 349 350 350 350 352 353 352 349 344 339 335 335 341 345 344 341 337 334 334 337 340 341 343 347 349 350 349 347 349 356 1 4 5 3 359 356 355 354 351 348 346 347
347 350 353 354 350 346 344 341 338 335 333 332 332 334 337 339 342 346 350 350 349 351 351 349 348 348 347 347 347 346 343 340 338 339 343 350 355 354 350 348 348 349 350 349 347 344 342 342 343 344 344 344 345 347 350 351 350 349 350 350 349 346 343 337 334 335 341 344 343 342 339 335 333 334 334 333 335 340 345 349 350 349 347 350 357 3 7 7 2 358 356 354 352 349 349 352
346 349 353 353 348 344 341 339 336 333 332 331 332 335 338 341 345 350 353 352 352 352 350 348 346 345 345 345 347 348 348 348 346 344 344 348 351 350 348 348 350 350 349 348 346 343 341 341 344 347 348 348 348 349 350 350 349 347 347 347 346 345 341 337 333 335 339 341 342 342 341 339 337 334 332 328 325 327 333 339 345 348 346 344 350 359 6 8 6 2 359 357 356 355 356 358
