project/data/elevation/US_DEM2016/US_DEM2016_point_11-01-2019_1725_30m_ang.asc
ncols	125
nrows	167
xllcorner	-2042055.000000
yllcorner	1465035.000000
cellsize	30.000000
NODATA_value	-9999.000000
[rows 43 to 85 of 167, columns 0 to 95 of 125]
315 319 328 335 338 341 344 345 346 348 352 1 10 11 7 3 359 356 354 350 346 342 340 338 337 336 336 337 339 340 340 338 336 337 339 338 335 332 334 339 344 348 349 347 341 336 336 338 340 342 346 350 354 354 351 348 345 345 344 341 338 337 336 335 336 334 330 326 325 323 318 309 300 293 291 297 305 307 309 319 334 340 338 338 340 341 344 348 351 354 359 4 9 15 20 18
316 320 328 335 339 342 344 346 348 351 357 6 14 12 5 1 357 354 351 347 344 342 340 339 338 337 337 337 338 338 336 332 332 334 339 341 339 336 335 338 344 351 354 350 340 331 330 334 335 334 336 341 348 350 347 344 345 346 346 345 343 340 339 339 339 337 334 333 331 326 317 309 303 297 294 296 300 301 303 311 324 332 332 333 335 337 342 347 350 353 359 8 15 22 24 19
318 321 329 335 339 341 344 347 351 355 2 12 16 11 3 358 355 352 349 345 343 340 339 339 339 338 337 336 336 335 332 329 328 331 336 340 342 342 341 340 345 353 359 353 338 328 327 332 336 337 338 338 340 341 340 340 343 346 347 346 343 340 340 342 342 339 338 338 335 328 320 315 312 309 306 304 304 304 299 309 318 325 327 329 331 334 341 348 351 353 358 7 19 27 24 19
316 321 329 335 339 341 344 347 353 360 8 16 15 7 360 357 355 351 348 345 343 340 339 339 338 337 337 335 333 331 329 327 327 328 333 337 342 346 348 347 350 358 2 353 340 330 328 332 337 340 340 337 334 334 335 338 342 346 348 346 343 340 341 343 343 341 342 342 338 333 328 325 322 320 317 314 312 310 310 313 310 323 325 327 329 333 340 348 354 356 359 8 20 25 22 17
313 318 327 334 338 340 343 347 354 3 13 17 12 2 356 355 354 351 348 345 343 341 340 339 337 336 335 333 330 328 328 328 327 327 330 335 341 348 352 356 360 2 359 350 341 334 331 332 337 339 336 331 329 331 336 340 344 348 349 348 345 340 340 342 344 344 344 342 339 337 335 334 332 329 326 322 320 319 318 319 323 325 324 326 329 333 339 347 353 358 3 13 22 22 18 15
312 315 324 332 337 340 343 348 355 6 16 17 8 357 353 352 352 350 348 346 344 342 340 338 336 334 332 329 326 326 328 331 329 328 331 335 340 346 354 3 9 4 354 346 341 335 331 332 338 338 332 328 330 334 340 345 347 349 350 349 347 342 341 342 344 345 344 343 342 342 342 341 340 339 336 333 331 330 328 327 327 327 325 324 327 332 337 344 352 0 10 21 23 18 14 8
312 315 323 331 336 341 346 350 357 8 17 15 4 355 351 349 349 349 348 346 344 342 340 338 335 333 329 324 321 323 328 333 333 333 336 338 341 347 358 12 16 4 349 341 337 333 332 335 339 336 331 330 333 339 347 351 351 350 350 349 347 344 343 342 343 344 344 345 346 346 347 346 346 345 344 342 341 340 340 338 334 330 327 324 324 329 335 340 350 4 18 24 21 13 7 0
311 315 324 331 336 341 348 353 360 8 13 9 1 354 351 350 349 349 348 347 344 342 340 337 335 332 326 320 317 320 326 331 334 338 342 344 348 355 8 19 16 2 347 340 336 333 334 337 338 335 332 333 338 345 353 355 354 350 348 347 345 344 342 340 340 341 343 345 346 347 348 348 348 348 347 347 347 347 348 348 345 339 332 327 325 327 332 338 350 9 23 24 17 8 2 356
309 313 323 332 336 341 348 355 1 7 8 3 357 354 353 352 351 351 350 348 345 343 340 337 334 331 324 317 314 316 323 327 331 338 344 349 357 6 13 14 6 356 348 343 339 336 336 338 340 338 337 338 343 350 357 359 356 351 348 346 342 339 338 336 335 336 339 341 342 342 344 345 346 346 347 348 349 350 352 353 352 348 343 337 331 329 331 337 353 15 24 22 15 8 2 356
308 311 321 330 335 341 346 354 2 5 2 358 355 355 355 354 354 352 350 348 346 343 340 336 332 329 322 315 312 313 320 323 327 334 342 352 4 10 9 5 359 353 348 345 340 336 336 338 341 342 342 345 349 355 1 3 360 354 350 347 341 336 332 330 329 329 330 328 326 326 328 332 335 337 340 341 343 346 348 350 350 349 348 342 342 318 333 338 357 15 19 18 14 10 3 358
310 311 319 327 333 339 344 352 2 4 359 353 353 356 358 358 356 353 350 348 345 342 339 335 331 327 321 315 312 314 319 321 324 330 339 354 8 9 3 358 354 350 346 342 337 333 333 336 341 345 348 351 354 359 5 7 4 358 353 347 341 336 331 327 324 324 323 321 319 317 316 315 317 321 324 326 329 334 338 339 339 339 341 343 345 326 340 342 357 7 10 12 12 6 359 355
312 314 320 326 332 337 341 349 1 4 358 352 353 359 4 2 357 352 349 346 343 340 337 334 330 326 322 317 316 318 323 325 326 329 337 355 9 6 358 353 349 345 342 337 331 329 330 334 341 347 351 354 358 3 9 11 7 359 353 347 342 338 333 328 325 323 324 325 324 322 317 309 303 303 307 308 309 313 320 320 315 313 317 325 335 344 347 350 354 358 3 7 5 358 354 351
316 318 323 329 334 338 341 347 358 4 359 354 357 6 9 5 358 351 344 341 339 338 336 333 330 327 323 320 319 321 326 329 329 331 338 356 6 2 355 349 344 340 336 330 326 325 327 332 341 348 352 356 2 8 13 14 9 359 351 346 343 339 334 329 325 324 326 328 328 324 318 310 303 300 300 298 293 290 292 297 300 303 311 321 331 341 350 352 351 353 358 1 357 353 350 345
318 321 328 334 339 344 346 348 355 2 1 359 4 10 10 6 358 349 341 338 336 336 335 334 331 329 326 323 321 323 329 333 334 337 344 356 2 359 354 349 342 336 330 324 321 321 325 332 341 347 351 357 5 12 18 17 9 358 351 348 344 340 333 326 324 325 328 331 330 326 321 319 318 315 309 295 284 279 293 301 308 313 320 328 337 345 351 352 349 350 354 355 352 349 344 340
317 321 331 339 344 349 352 353 357 2 2 3 6 8 7 2 356 349 343 339 337 336 336 335 334 332 330 326 324 327 334 339 341 345 351 356 358 356 354 350 343 334 326 320 318 319 323 330 338 344 348 356 8 17 21 18 9 0 355 352 347 340 334 326 323 324 329 333 333 331 329 329 330 328 322 314 310 310 312 315 318 322 327 329 343 350 353 351 348 348 351 351 348 343 338 337
314 318 330 341 348 353 355 357 1 4 3 3 3 4 1 357 352 349 346 343 340 338 337 336 335 335 333 329 327 330 337 342 346 352 356 356 355 353 352 349 343 334 324 318 315 316 320 326 332 336 341 353 11 21 21 17 10 4 359 354 348 343 337 330 326 326 332 336 335 334 335 337 339 337 330 324 321 321 322 323 324 327 331 339 348 353 355 351 346 345 347 347 343 337 335 338
310 315 328 340 348 354 358 2 7 9 5 0 359 358 355 352 349 347 345 344 342 339 337 335 336 336 335 330 329 332 338 342 347 354 358 357 353 350 349 347 342 334 324 317 313 313 316 321 325 327 332 348 10 20 18 13 9 4 358 353 347 343 338 334 332 334 337 338 337 337 340 344 346 342 336 331 329 328 328 328 329 332 336 343 351 355 355 350 344 342 343 343 338 334 336 345
309 313 327 338 345 352 359 7 13 14 6 357 353 350 348 346 344 342 341 341 340 337 334 333 334 335 332 329 329 335 342 344 346 351 355 355 352 349 347 345 341 334 324 317 313 314 315 318 321 323 328 342 2 13 11 8 5 2 357 352 346 341 337 336 338 342 343 340 339 341 346 350 348 343 340 338 336 335 335 334 335 337 340 346 334 355 354 348 341 339 339 339 335 335 343 353
308 312 326 338 344 350 359 11 21 20 9 355 346 342 339 338 336 334 331 330 330 329 328 327 329 330 326 324 327 337 346 350 351 352 353 353 351 348 347 344 341 334 325 319 318 322 324 324 327 330 335 343 356 5 4 2 1 358 355 350 344 339 335 335 339 345 345 343 342 346 351 352 349 345 343 342 341 341 341 341 341 343 345 349 353 356 354 346 338 336 336 335 333 338 349 351
308 312 325 337 345 352 0 15 27 26 14 358 342 330 327 325 322 318 314 313 314 315 316 318 321 322 319 318 322 334 345 351 354 355 356 353 350 348 347 345 342 335 327 323 326 333 336 336 336 338 342 348 357 2 1 358 356 354 350 345 341 337 335 336 339 343 343 342 345 350 352 351 348 346 345 344 344 345 347 347 347 348 350 341 355 357 355 345 335 333 332 331 333 341 347 344
312 315 326 338 348 355 5 20 31 28 18 4 344 327 319 313 310 308 307 306 305 304 305 309 315 316 314 314 318 329 339 346 352 357 0 358 353 348 348 346 342 335 328 326 330 338 342 342 342 343 346 352 359 4 0 356 353 350 344 339 337 336 336 337 340 340 338 339 344 351 351 349 347 346 345 344 346 348 350 351 351 352 354 356 335 358 354 343 333 330 329 329 333 341 341 338
318 321 330 342 351 359 11 25 29 25 19 7 350 337 329 321 316 314 315 314 311 308 307 309 312 313 312 313 317 326 333 338 346 356 3 3 358 352 349 347 341 333 326 325 330 338 343 344 346 348 350 354 0 3 359 353 350 345 338 335 334 335 337 340 340 336 332 334 341 347 348 346 344 344 343 343 345 347 349 351 352 354 356 359 359 356 349 340 330 327 326 327 332 337 336 333
321 325 335 346 355 4 17 25 24 20 14 4 354 347 341 333 326 321 320 322 321 319 317 316 315 313 312 315 320 329 334 335 340 351 360 2 358 354 350 347 340 332 325 323 327 336 341 344 348 352 355 357 0 2 358 351 346 340 335 333 335 337 339 341 339 332 327 328 336 342 343 343 341 339 338 340 343 345 343 344 349 353 354 354 352 344 338 334 330 326 325 325 330 335 332 328
322 327 338 349 359 9 19 21 18 14 8 1 357 353 348 340 332 326 323 325 328 328 327 323 320 316 316 319 327 335 339 340 342 347 354 356 354 352 350 346 340 332 324 322 325 332 337 341 348 354 357 359 1 1 356 348 342 336 333 333 336 338 341 341 336 328 323 324 331 337 339 341 340 337 333 334 340 345 337 324 328 340 336 327 327 326 326 329 330 328 327 327 331 336 334 328
323 328 341 352 3 13 18 16 12 7 2 359 358 356 352 346 338 330 326 326 329 331 330 327 323 320 320 324 332 340 345 346 346 348 352 351 350 349 348 345 339 331 324 321 323 328 333 338 345 352 357 0 1 357 353 345 339 335 334 335 338 339 341 340 333 326 322 322 327 331 334 336 337 337 334 330 335 348 331 288 276 304 325 318 317 319 321 326 329 329 329 331 335 340 340 335
323 329 343 357 7 16 17 11 6 0 357 356 356 356 354 350 343 336 330 327 326 329 330 328 325 323 324 326 333 341 346 349 349 351 353 351 348 347 346 343 338 331 325 321 321 324 330 336 343 348 352 357 359 356 348 341 336 335 337 337 338 340 340 336 330 323 318 316 318 321 324 326 325 330 335 332 329 334 338 307 305 321 329 323 318 318 321 326 328 328 330 334 339 345 347 343
324 330 347 1 11 18 17 10 3 355 351 350 351 352 352 351 348 342 335 331 327 326 328 327 326 325 326 329 332 338 343 347 350 354 356 352 348 347 345 342 338 333 328 323 322 325 332 339 343 345 345 348 352 348 345 338 335 338 341 338 336 338 334 330 324 316 310 307 310 311 313 315 314 315 326 341 353 357 348 338 333 333 331 325 321 320 323 326 328 329 333 338 342 348 352 350
325 332 350 5 14 19 17 13 5 354 345 341 341 344 346 348 348 345 340 335 330 327 325 325 326 327 330 332 333 335 337 340 345 352 356 354 349 346 344 341 338 335 330 326 324 327 335 342 343 342 341 343 348 350 345 340 341 345 344 339 338 336 328 321 317 312 310 312 317 321 323 326 328 328 339 355 355 348 342 338 336 336 332 327 325 327 329 332 333 335 340 344 346 350 355 357
329 336 353 8 17 20 17 13 6 356 346 338 333 335 339 343 345 346 342 338 334 330 326 326 327 331 335 336 336 336 335 336 340 347 354 353 348 344 342 339 338 336 331 325 324 328 337 342 342 342 342 344 349 353 350 347 350 352 350 346 345 341 334 327 324 323 325 327 331 335 337 341 346 350 352 352 347 342 338 336 335 336 335 332 332 334 339 341 343 344 348 350 351 354 0 5
332 339 356 11 19 19 15 10 3 357 351 343 335 332 334 338 341 343 343 340 336 332 328 327 329 335 340 342 342 341 340 340 342 346 351 352 347 343 341 339 339 337 331 324 323 330 338 342 342 344 345 349 354 357 354 351 352 353 353 352 351 348 344 339 335 334 336 336 338 340 344 350 355 355 350 346 342 338 335 334 335 338 339 337 336 339 345 350 353 355 357 357 357 0 7 11
336 343 359 13 19 17 11 4 358 354 351 347 342 338 336 336 338 340 341 340 337 334 329 328 331 337 342 345 345 345 344 345 347 349 352 352 348 343 342 342 341 339 333 326 325 331 338 342 343 345 348 353 358 360 356 351 350 351 352 352 352 348 345 342 339 340 342 341 341 343 350 356 356 351 344 341 338 334 332 333 335 339 341 341 341 344 349 355 0 4 6 5 4 6 11 12
340 346 2 15 19 15 8 358 352 349 348 346 345 343 340 337 335 336 338 334 338 332 331 329 331 336 341 345 347 347 346 347 349 351 353 353 348 344 343 344 343 340 334 327 325 328 334 339 341 343 347 353 359 1 356 351 348 348 349 349 348 345 343 342 342 345 347 345 345 349 356 356 350 343 339 337 335 331 329 331 335 338 341 343 345 349 352 356 3 10 13 12 10 11 13 10
342 349 5 15 17 13 4 352 346 344 343 344 344 343 341 337 335 334 334 336 337 336 334 331 331 334 338 343 347 349 349 349 349 350 352 352 348 345 344 344 342 340 334 326 323 324 329 333 336 340 343 348 356 360 356 351 347 346 346 345 343 342 342 344 347 349 348 346 349 354 355 352 344 339 336 335 333 330 330 331 334 335 337 340 346 352 356 357 3 12 17 16 14 14 12 9
344 351 6 14 14 9 356 347 342 340 340 340 340 340 338 335 330 330 331 334 336 336 336 334 332 333 336 341 346 349 351 352 352 351 351 351 349 347 345 344 342 338 332 326 322 324 329 334 337 340 344 347 353 357 354 349 347 345 344 342 339 340 345 352 355 351 347 347 350 352 351 346 341 338 337 336 334 333 334 335 335 331 329 330 337 349 358 2 6 12 17 16 14 13 11 7
343 352 7 13 11 360 350 344 341 339 338 337 336 335 333 332 331 330 332 334 335 337 337 336 333 332 335 340 343 347 352 355 355 353 353 354 354 351 348 346 342 338 332 326 322 322 327 333 336 339 342 346 351 352 349 347 346 345 344 341 340 345 354 358 355 349 347 347 349 349 347 343 340 340 339 339 337 337 339 342 343 339 333 329 330 338 353 4 10 15 16 14 12 12 10 5
341 351 8 12 6 353 347 344 343 342 340 338 335 332 330 329 330 331 333 335 336 337 338 337 333 331 334 338 340 344 351 355 356 355 356 358 360 356 351 346 342 338 332 324 318 316 320 325 329 332 336 340 344 346 346 344 344 344 344 343 345 354 358 354 349 347 346 346 346 346 344 340 339 340 341 341 340 340 343 347 350 349 345 339 336 337 346 360 11 17 16 11 9 10 7 2
342 352 7 9 2 352 347 346 346 344 342 338 334 331 329 328 330 333 335 337 338 338 338 337 333 329 330 334 337 339 346 352 355 356 358 3 5 1 353 347 343 338 332 323 315 313 316 321 326 331 335 338 342 345 346 344 344 345 345 347 352 356 354 348 344 343 343 342 343 343 340 337 337 339 342 342 342 341 343 347 352 354 352 349 345 344 348 358 10 15 12 8 7 7 3 358
345 353 3 5 0 353 348 347 345 343 341 336 332 330 329 328 330 333 337 338 339 339 339 338 334 328 326 329 331 332 336 343 350 355 0 6 9 4 356 352 347 343 337 329 322 320 321 325 329 333 336 339 342 346 348 346 346 349 351 352 354 353 349 343 339 337 338 340 341 340 335 332 332 336 339 341 342 341 341 343 349 354 355 355 352 351 353 0 8 9 6 5 4 2 358 352
350 353 358 0 358 353 348 345 343 341 338 334 330 328 328 328 329 332 337 339 339 339 339 339 336 330 326 325 326 324 324 327 336 348 360 8 8 3 357 354 350 347 343 337 331 329 328 330 332 335 337 338 341 346 350 349 349 352 353 354 354 351 345 339 335 333 335 338 340 337 331 327 328 333 337 339 341 342 341 341 344 349 354 357 358 357 357 2 6 4 2 2 0 357 352 348
353 353 354 357 356 351 346 343 340 337 334 331 328 327 328 329 330 332 336 339 338 338 339 339 337 332 329 329 328 323 319 319 323 334 354 5 5 359 355 352 349 347 345 341 336 333 331 332 334 336 337 338 340 345 350 350 349 350 352 353 352 348 343 336 332 331 335 340 340 335 329 325 326 331 336 337 339 341 342 343 342 344 349 356 0 2 2 3 4 1 359 359 356 351 347 346
352 352 354 355 353 348 343 340 337 334 331 329 327 328 329 331 332 335 339 340 337 338 339 338 336 335 334 335 336 334 329 327 327 332 346 356 360 356 352 348 347 346 345 341 336 333 331 332 336 338 339 340 342 346 351 352 349 348 349 350 349 345 340 334 330 331 337 342 340 335 329 324 323 328 332 333 334 337 340 343 344 343 344 351 359 4 6 5 3 0 358 357 354 348 346 349
349 352 356 355 350 344 340 337 334 331 329 327 327 329 331 334 335 339 342 341 338 339 339 337 335 335 335 337 341 342 340 339 338 339 345 353 355 353 348 346 347 347 345 341 336 332 331 333 337 340 341 342 344 348 352 353 349 347 347 347 345 342 338 332 328 331 338 340 339 336 330 324 321 322 324 324 325 328 334 338 342 343 342 344 353 3 9 9 6 2 0 359 355 351 352 358
347 351 355 354 348 342 337 334 332 329 327 326 327 330 333 336 339 342 344 342 340 340 340 337 336 335 335 337 341 345 346 347 346 345 347 351 352 349 347 348 349 348 345 341 336 332 330 333 339 344 345 346 347 349 353 353 349 345 345 344 342 340 335 330 327 330 336 338 337 336 332 327 324 324 322 318 315 315 319 325 333 340 340 338 345 358 8 10 9 6 4 3 1 359 359 1
