project/data/elevation/US_DEM2016/US_DEM2016_point_10-28-2019_1250_30m_ang.asc
ncols	125
nrows	167
xllcorner	-2042055.000000
yllcorner	1465035.000000
cellsize	30.000000
NODATA_value	-9999.000000
[rows 44 to 87 of 167, columns 0 to 95 of 125]
338 340 344 347 349 350 351 351 350 351 354 0 7 9 6 3 0 358 356 353 350 350 350 350 350 350 350 350 350 348 346 341 342 343 347 349 348 345 343 347 353 357 359 359 359 356 355 352 350 348 348 349 351 353 353 353 354 355 356 358 359 357 354 351 350 348 344 342 342 340 336 328 319 312 309 309 310 312 316 325 337 343 345 347 349 353 356 357 356 356 0 5 10 13 13 13
338 340 344 347 348 349 351 352 353 354 358 5 10 9 5 1 358 356 354 351 349 348 349 350 351 350 350 349 348 345 342 337 340 341 345 349 351 351 349 348 352 360 4 3 0 357 355 352 350 348 347 346 345 345 346 348 351 354 356 358 359 358 356 354 352 349 347 348 348 345 339 332 327 323 319 315 312 312 313 317 326 334 340 344 346 350 356 359 358 356 357 2 11 16 16 16
336 339 344 347 348 349 351 353 355 358 3 9 11 7 2 359 357 355 353 351 350 348 349 350 350 350 349 347 344 341 338 338 339 340 342 346 352 355 355 353 355 3 8 6 1 357 353 351 351 351 350 347 340 336 338 343 349 354 356 358 359 359 357 356 353 351 352 353 351 346 341 337 334 332 329 325 321 319 317 318 322 329 336 340 343 348 355 0 1 358 358 1 10 15 17 17
332 336 342 346 348 349 351 353 357 1 7 11 9 2 359 358 357 355 353 352 351 350 350 350 349 349 348 344 340 337 337 338 340 340 340 344 350 356 359 360 1 5 7 3 360 356 353 352 353 354 351 343 335 333 336 342 349 354 356 358 360 359 358 357 356 356 355 352 348 345 343 342 340 338 335 332 329 327 325 324 325 329 332 337 341 346 353 359 1 1 2 6 11 15 17 16
331 333 339 345 348 350 351 353 357 3 10 13 7 359 356 355 356 355 355 353 352 351 350 350 349 347 345 341 336 335 337 341 342 342 341 343 348 355 1 5 8 7 4 360 358 356 354 354 356 354 347 338 335 336 340 345 350 354 356 358 360 0 359 357 356 355 352 349 348 348 347 347 346 345 343 340 338 336 334 332 331 329 329 332 338 344 350 356 0 3 8 12 14 15 14 10
331 333 338 343 348 351 353 354 357 3 12 12 5 357 354 354 354 355 355 355 354 352 351 350 348 346 342 336 332 332 337 342 344 346 346 344 346 353 3 12 15 10 4 358 355 355 355 356 355 349 341 337 338 341 346 350 352 354 355 356 358 360 359 357 354 352 350 350 350 351 351 351 351 350 349 348 347 346 345 343 339 333 329 329 333 341 348 353 359 6 13 15 14 11 7 2
330 333 339 343 347 351 355 356 357 4 10 9 2 356 354 354 354 355 356 357 356 354 352 350 348 346 341 333 329 330 335 340 344 349 351 350 350 357 9 18 18 12 4 358 354 353 353 353 350 344 339 339 342 347 352 354 354 354 353 353 354 357 358 355 351 350 350 351 352 353 353 353 353 353 353 353 353 353 353 353 350 343 335 330 330 337 345 351 359 10 16 15 11 7 3 358
328 332 340 344 346 351 355 357 358 3 6 4 360 356 355 355 356 357 358 358 358 356 353 351 348 345 339 331 327 328 333 336 341 348 353 355 357 4 12 16 13 7 2 358 354 351 350 349 348 345 343 343 347 352 356 357 356 354 353 352 351 353 354 353 349 348 349 350 351 351 352 352 353 353 354 355 357 357 358 358 357 353 347 339 335 336 342 350 0 12 16 14 11 9 5 360
327 331 338 343 346 351 355 357 359 1 2 360 357 357 357 358 358 359 359 360 359 358 356 352 347 343 337 331 327 326 329 332 337 344 351 357 3 8 10 9 6 2 359 357 353 348 346 346 348 349 349 350 353 356 359 360 359 357 355 353 351 350 351 350 347 346 345 344 342 341 342 345 348 350 352 354 357 358 358 358 359 357 355 351 345 341 342 350 2 12 14 13 13 12 8 3
329 331 337 341 344 348 353 356 359 0 358 356 356 357 359 1 1 0 0 1 1 360 357 352 346 341 336 331 328 327 328 329 334 340 348 358 6 8 5 3 1 359 356 353 349 344 342 344 348 353 355 357 357 359 1 2 2 1 358 354 351 350 350 349 347 345 343 338 335 333 333 334 338 342 346 350 353 355 355 354 354 355 355 353 351 347 346 352 2 8 10 12 13 9 4 1
333 334 337 339 342 345 349 354 359 0 358 355 355 359 3 4 3 2 1 2 2 360 356 351 346 341 336 333 331 331 331 332 334 338 346 358 7 6 2 360 358 356 353 348 343 339 339 343 349 355 359 1 1 2 4 5 5 2 357 353 351 351 351 351 351 347 343 340 338 336 334 330 328 329 335 340 345 349 350 348 345 344 343 343 345 348 351 354 359 3 6 8 7 3 360 357
337 337 339 341 342 344 346 350 356 360 358 356 359 4 7 7 5 3 1 360 360 358 355 351 347 342 338 335 333 333 335 336 335 337 345 359 6 5 1 358 355 353 349 342 337 335 338 343 350 356 360 3 4 5 7 8 6 1 356 353 352 352 353 353 351 347 344 343 342 341 338 333 326 323 325 329 332 337 342 342 337 332 331 333 338 345 351 355 357 359 1 2 1 359 356 351
339 339 342 344 347 348 348 348 353 358 359 1 5 9 10 9 7 3 359 357 356 356 354 352 348 344 341 337 335 335 337 339 338 339 347 358 4 3 1 357 354 350 344 337 333 333 337 344 350 355 359 3 6 8 10 10 6 0 356 354 354 355 354 353 349 346 349 347 347 346 342 338 336 334 333 331 327 328 334 335 332 330 331 334 339 345 351 354 356 357 358 358 357 355 351 346
337 339 344 348 351 353 352 351 352 357 1 4 8 10 9 8 5 2 358 355 354 353 353 352 349 346 344 340 337 337 341 343 344 345 350 357 1 1 360 358 354 349 341 334 332 333 338 343 348 353 357 3 8 11 12 11 7 2 359 358 358 357 356 352 348 347 348 351 350 348 344 343 343 346 346 341 335 334 334 333 332 332 335 339 345 349 351 353 354 355 356 356 354 350 345 343
333 336 344 351 355 357 356 354 355 358 2 5 6 6 6 4 2 359 357 355 353 352 351 350 349 348 347 343 339 340 344 346 348 351 355 357 358 358 358 357 354 349 341 334 331 334 339 342 345 348 352 1 9 13 14 13 10 6 3 0 358 357 355 352 349 349 351 353 350 347 345 347 352 355 352 344 339 337 335 333 333 335 339 344 349 351 352 353 353 354 354 353 350 345 342 344
329 333 343 351 356 359 359 359 359 1 2 2 2 1 0 359 357 356 355 354 353 351 349 348 348 349 348 344 341 342 345 347 350 353 356 357 357 355 355 354 353 349 342 336 332 334 337 340 340 341 346 356 7 12 13 13 11 7 3 359 356 354 352 352 352 353 354 352 349 347 349 353 358 357 350 344 340 338 337 336 337 339 344 348 351 353 353 353 352 352 351 349 345 342 343 351
327 331 342 349 354 359 1 3 4 5 3 360 357 355 354 354 353 352 351 351 351 349 346 345 347 348 346 342 342 345 348 348 349 351 354 356 356 354 353 352 351 348 344 338 335 335 336 336 335 336 340 349 360 7 10 10 8 5 2 358 354 351 349 350 354 357 358 353 349 350 353 357 358 353 348 345 343 342 341 341 342 345 348 350 352 353 353 352 351 350 348 346 343 342 349 358
326 330 342 349 353 357 2 6 9 9 5 359 353 350 348 348 348 348 347 346 344 342 341 342 344 345 341 338 340 346 352 353 352 350 351 353 354 353 352 351 351 350 346 342 339 339 339 337 336 337 340 345 353 1 5 5 4 2 0 356 351 347 346 347 353 359 360 356 352 353 356 357 354 351 349 348 346 346 346 347 348 350 352 352 353 354 353 351 349 348 346 343 341 344 353 358
326 330 341 348 353 357 2 8 14 15 10 2 353 346 342 342 344 347 345 339 333 331 332 337 341 339 335 332 335 343 351 355 356 354 353 352 352 352 352 352 352 352 348 344 343 345 345 343 341 342 344 347 353 358 2 2 1 359 356 352 348 345 344 346 352 358 359 356 356 357 357 355 353 353 352 350 350 351 352 354 354 356 356 356 355 354 353 350 347 345 344 342 341 345 352 353
329 332 341 347 352 357 3 11 18 20 17 9 359 347 338 335 339 346 348 340 330 323 323 329 335 334 330 329 332 339 346 352 356 357 357 356 354 353 354 355 354 351 347 345 345 348 350 348 347 347 348 351 355 359 1 360 358 355 350 346 344 343 345 349 353 356 355 354 356 358 357 355 353 353 353 352 353 354 357 358 359 0 0 359 358 355 352 348 345 342 341 340 340 344 348 348
334 337 343 349 353 358 5 14 21 23 20 14 6 356 347 340 339 345 350 349 343 333 327 327 331 330 328 327 330 336 341 345 351 357 0 1 359 357 356 355 353 349 344 343 345 349 352 351 351 351 352 353 356 359 360 358 355 350 345 342 342 344 347 352 354 352 350 351 355 357 356 354 353 352 353 354 355 355 358 1 3 4 4 3 0 355 350 345 342 340 339 338 339 342 343 343
336 339 346 351 355 360 8 16 20 20 17 12 8 4 358 350 343 342 347 351 351 346 339 333 330 328 328 329 333 338 340 340 345 352 358 2 2 359 357 355 351 347 343 342 344 349 351 352 354 356 356 355 356 358 359 356 352 346 342 341 343 346 350 354 353 350 346 347 352 355 355 354 353 351 352 355 357 357 358 2 5 6 6 6 1 353 345 341 339 338 337 336 337 339 339 340
336 340 347 353 358 3 11 15 16 14 11 10 9 7 4 357 348 342 342 348 351 350 346 340 334 330 330 332 338 343 344 343 343 347 353 358 358 357 355 353 350 346 343 342 343 347 349 351 356 359 359 357 357 358 357 354 349 344 341 342 347 350 353 355 353 348 343 345 349 353 353 355 355 352 351 355 359 1 0 3 8 10 10 7 357 344 336 334 335 337 337 337 336 337 338 339
336 340 348 355 360 6 11 12 9 7 6 7 8 8 6 1 354 345 341 343 347 349 347 343 337 332 332 335 342 347 349 348 347 346 350 353 354 353 353 352 349 346 343 342 343 344 346 350 354 357 359 359 358 357 355 351 346 342 342 346 349 352 355 356 352 346 343 344 348 351 353 354 356 356 355 356 3 8 10 11 14 16 12 1 346 333 328 329 332 335 337 339 339 340 340 341
335 340 350 357 2 8 10 8 4 1 1 4 6 6 6 4 359 351 344 342 343 345 346 343 338 335 334 338 343 349 352 352 351 350 350 351 351 352 352 352 349 347 345 344 343 342 344 348 351 354 357 358 357 354 352 348 344 343 346 349 350 353 355 353 349 346 344 345 346 348 350 352 354 358 1 3 10 19 25 22 15 9 1 349 337 329 327 328 329 331 335 339 342 344 344 345
335 340 351 359 4 9 11 8 3 358 356 358 0 2 3 3 1 356 349 343 341 342 343 341 339 337 338 340 343 347 351 352 353 353 352 351 352 353 352 351 349 348 348 347 344 343 346 349 351 352 352 352 352 351 349 346 344 347 350 351 351 352 352 350 348 347 347 346 346 344 345 346 349 356 5 13 20 25 22 12 2 356 350 342 334 330 329 330 330 331 335 341 345 348 349 349
335 340 352 0 6 11 13 11 7 360 354 350 351 354 357 359 0 358 353 347 343 342 340 339 339 339 341 343 344 345 346 348 351 353 353 353 352 352 351 350 349 349 350 349 346 346 349 351 351 349 347 346 347 349 349 348 349 353 353 352 352 351 349 346 346 348 350 351 350 348 346 347 350 357 8 16 18 14 6 359 353 349 345 340 335 334 334 335 335 336 340 345 349 351 353 353
337 341 352 1 8 12 13 13 11 6 358 349 344 345 349 354 357 356 355 350 346 343 339 339 340 343 346 347 346 345 343 343 345 349 351 352 352 351 349 348 349 351 351 350 348 348 351 351 349 347 346 346 347 351 353 354 357 358 357 356 356 354 351 348 347 349 352 355 355 353 352 353 357 3 8 9 7 1 356 351 347 346 344 340 338 339 342 344 344 345 347 350 352 354 356 359
338 343 353 2 10 13 13 11 10 8 3 355 347 342 344 348 352 353 353 350 347 344 341 340 342 347 350 351 350 349 346 345 345 346 348 350 351 350 348 348 350 352 353 350 348 349 351 349 348 348 349 350 351 354 356 357 359 360 360 359 359 357 354 351 348 349 354 358 358 357 358 0 4 6 5 1 358 353 348 345 344 345 345 343 342 343 348 352 354 355 355 356 357 358 1 4
340 344 354 4 10 12 10 7 6 5 3 358 353 348 346 346 347 349 350 350 347 345 343 342 345 349 353 354 354 352 350 349 349 348 349 350 350 349 349 350 352 353 353 351 348 348 349 350 350 351 352 355 356 357 357 356 357 358 358 358 358 355 352 349 349 351 356 1 2 3 6 8 8 4 358 354 351 347 342 340 342 345 346 347 347 348 353 358 1 3 3 2 1 2 5 8
341 345 355 4 10 11 8 4 0 359 358 357 355 353 350 347 344 344 346 345 348 344 344 345 347 350 353 356 356 355 352 351 351 351 351 351 350 349 350 352 352 353 353 350 348 347 348 349 350 351 353 356 358 358 357 356 355 355 355 355 355 352 349 349 351 356 1 4 7 10 11 9 4 357 351 348 346 342 338 338 341 344 347 350 352 355 356 358 3 8 9 7 6 6 9 10
342 346 356 4 9 10 6 359 354 353 353 354 355 354 351 347 343 341 342 344 347 348 348 348 349 349 351 355 358 357 355 353 352 352 351 350 350 350 351 351 351 352 351 349 347 346 346 347 348 349 350 352 355 357 357 355 354 353 352 352 351 349 349 353 359 4 5 6 9 12 10 5 357 350 346 344 342 339 338 338 341 343 345 349 355 359 360 358 1 8 11 10 9 9 10 10
342 347 357 4 8 7 0 354 350 349 349 351 352 351 348 344 340 339 339 343 346 349 351 352 351 349 349 353 357 358 358 356 355 352 350 349 349 351 352 352 352 351 350 348 347 347 348 348 348 349 349 350 352 354 355 354 353 352 351 350 348 349 354 3 8 8 4 4 7 7 3 358 352 347 344 343 341 341 341 343 343 341 339 340 348 357 2 2 2 5 9 10 10 10 10 8
340 346 358 4 5 0 355 352 350 349 349 349 348 346 343 340 337 339 340 343 346 349 352 353 353 351 349 351 355 358 359 359 357 355 352 351 352 353 355 354 352 350 349 348 348 348 348 349 348 348 349 350 350 350 352 352 352 352 351 350 349 353 2 8 8 4 2 1 1 359 357 352 348 347 346 345 344 344 348 350 351 348 342 337 339 347 357 3 6 7 8 9 9 10 9 6
337 345 359 4 1 355 353 353 353 353 350 348 345 342 339 338 338 339 341 344 347 350 353 355 354 352 350 350 352 355 359 1 360 357 355 355 357 358 357 354 351 350 349 349 348 346 346 346 345 345 345 346 345 345 348 350 351 351 351 351 354 1 6 5 3 0 359 357 355 354 353 349 348 349 350 348 347 348 351 355 357 356 352 346 342 342 349 359 6 9 9 8 8 8 7 4
336 345 359 3 359 354 353 355 355 354 351 347 343 340 338 337 338 340 343 346 348 351 354 355 355 353 350 348 348 351 356 0 1 360 358 359 2 1 358 355 353 352 351 351 349 347 344 343 341 341 341 342 342 343 346 348 350 351 351 353 359 4 3 360 357 355 353 351 351 351 350 347 347 347 349 351 352 350 352 356 360 1 359 355 350 347 348 355 3 8 8 6 6 6 4 1
339 346 358 1 359 355 354 355 354 352 348 345 341 339 338 338 339 342 345 348 350 353 355 357 357 355 351 347 344 346 350 355 359 0 1 3 5 4 1 359 357 355 354 354 353 350 346 342 340 340 341 342 343 345 347 349 351 354 356 358 1 2 358 354 351 348 347 347 349 350 347 344 344 346 350 352 353 352 351 352 357 1 2 0 357 354 352 354 0 4 4 3 4 3 0 356
345 349 355 358 357 355 354 353 351 349 345 341 338 337 338 339 341 343 346 349 352 354 356 358 359 357 353 348 342 339 340 343 349 356 1 4 5 4 2 0 359 357 356 356 355 353 349 344 342 341 342 342 343 345 348 350 354 357 359 0 0 358 354 349 345 343 343 346 349 349 345 342 342 345 349 352 354 353 352 350 351 357 2 4 3 359 356 357 359 0 0 0 0 359 355 351
351 350 352 355 356 354 352 350 348 345 342 339 337 337 339 341 343 345 348 351 353 354 357 359 0 359 357 353 345 338 334 332 335 345 356 2 3 2 0 358 356 355 355 355 356 354 351 347 345 344 343 342 342 344 348 351 353 355 358 359 358 356 351 346 341 340 343 348 350 348 344 342 342 344 348 351 353 354 355 353 350 351 358 4 6 4 1 359 359 358 357 357 356 354 350 349
351 351 352 355 354 351 349 347 345 341 339 337 336 338 340 343 346 348 351 353 354 356 358 359 360 0 359 356 351 345 339 335 334 338 347 356 0 359 357 354 353 354 355 355 355 354 351 349 347 346 344 343 344 345 348 351 352 353 355 356 355 353 349 343 339 339 345 349 349 348 345 342 342 343 345 348 351 353 355 356 354 351 354 1 6 6 6 3 359 357 356 355 353 350 349 350
349 351 354 355 352 349 347 345 342 339 337 336 337 339 342 345 348 352 355 356 356 359 360 358 358 358 357 355 353 351 347 344 341 340 343 351 357 357 353 351 352 354 355 355 355 354 351 349 348 347 346 346 346 347 349 350 351 352 353 353 352 350 347 342 339 340 345 347 348 348 347 345 342 341 340 340 343 348 352 355 356 354 351 356 2 6 8 7 2 358 356 355 353 352 353 357
348 350 354 354 351 347 344 342 340 337 336 336 337 340 344 347 351 356 360 360 359 0 359 356 354 354 353 352 353 353 352 351 349 346 345 349 353 353 351 351 354 355 355 354 353 352 349 348 349 351 350 350 349 349 349 350 350 350 350 350 350 349 347 342 339 339 342 345 347 348 349 348 346 342 338 334 333 337 343 348 352 353 351 350 357 4 8 8 6 2 359 357 357 358 1 4
347 349 352 352 348 345 343 341 338 336 336 337 339 342 346 351 358 3 4 1 358 357 354 352 351 351 350 350 351 353 355 356 355 351 348 347 348 349 352 355 356 354 353 352 351 348 346 347 350 353 355 354 354 352 351 350 349 349 349 348 348 348 346 342 339 339 341 344 346 349 350 351 350 349 346 341 336 333 332 335 341 347 347 345 348 357 5 8 8 5 1 360 1 3 4 4
345 348 351 349 346 344 342 340 337 335 336 338 341 344 350 358 6 8 4 359 355 352 350 348 347 347 347 348 350 351 353 356 357 356 352 348 347 349 354 358 356 354 353 352 349 344 342 344 349 353 356 357 357 356 354 351 349 349 349 349 349 348 345 342 340 339 341 345 347 349 349 350 351 353 354 352 349 345 341 338 338 341 342 339 341 349 359 5 5 3 2 2 4 5 4 2
