project/data/elevation/US_DEM2016/US_DEM2016_point_10-29-2019_0000_30m_vel.asc
ncols	125
nrows	167
xllcorner	-2042055.000000
yllcorner	1465035.000000
cellsize	30.000000
NODATA_value	-9999.000000
[rows 38 to 75 of 167, columns 0 to 83 of 125]
2.73 2.59 2.31 2.10 1.89 1.76 1.66 1.50 1.28 1.11 1.22 1.02 1.08 1.26 1.67 1.69 1.73 1.64 1.87 2.04 2.15 2.20 2.23 2.32 2.43 2.54 2.66 2.78 2.80 2.72 2.55 2.34 2.21 2.18 2.25 2.45 2.69 2.85 2.96 3.10 3.22 3.27 3.30 3.26 3.20 3.08 2.78 2.37 2.07 1.91 1.86 1.88 1.83 1.81 1.92 1.98 2.01 2.12 2.22 2.26 2.18 2.01 1.91 1.78 1.60 1.42 1.27 1.26 1.31 1.30 1.26 1.34 1.46 1.60 1.73 1.88 2.02 2.24 2.56 2.97 3.31 3.46 3.38 3.14
2.68 2.38 1.92 1.69 1.53 1.45 1.38 1.28 1.22 1.20 1.24 1.26 1.21 1.48 1.59 1.52 1.60 1.70 1.61 1.59 1.51 1.48 1.53 1.67 1.92 2.20 2.43 2.64 2.78 2.84 2.79 2.66 2.52 2.49 2.63 2.90 3.09 3.20 3.25 3.30 3.34 3.29 3.26 3.22 3.11 2.92 2.59 2.26 2.01 1.85 1.84 1.92 1.91 1.84 1.93 2.03 2.12 2.23 2.20 2.05 1.80 1.53 1.35 1.28 1.23 1.16 1.07 1.07 1.19 1.22 1.15 1.21 1.40 1.56 1.65 1.75 1.83 1.95 2.14 2.31 2.43 2.61 2.88 3.05
2.52 2.18 1.69 1.49 1.43 1.40 1.39 1.41 1.47 1.58 1.68 1.70 1.60 1.47 1.81 1.64 1.56 1.65 1.52 1.31 1.22 1.27 1.41 1.60 1.87 2.11 2.31 2.49 2.64 2.79 2.88 2.89 2.88 3.01 3.25 3.48 3.61 3.65 3.54 3.36 3.24 3.02 2.86 2.82 2.79 2.80 2.74 2.67 2.54 2.41 2.28 2.18 2.08 1.92 1.91 1.98 2.08 2.15 2.02 1.76 1.44 1.12 0.84 0.74 0.73 0.78 0.89 1.01 1.13 1.17 1.10 1.16 1.41 1.58 1.61 1.65 1.68 1.76 1.87 1.94 1.97 2.09 2.46 2.97
2.38 2.12 1.78 1.67 1.67 1.68 1.69 1.72 1.81 1.95 2.03 2.00 1.86 1.75 1.69 1.68 1.71 1.70 1.62 1.51 1.52 1.62 1.75 1.86 1.94 2.01 2.07 2.19 2.39 2.61 2.87 3.05 3.25 3.48 3.67 3.78 3.81 3.71 3.51 3.22 2.97 2.74 2.53 2.39 2.43 2.51 2.62 2.70 2.78 2.83 2.75 2.47 2.17 1.93 1.82 1.81 1.83 1.79 1.67 1.49 1.28 1.04 0.80 0.73 0.80 0.90 1.01 1.08 1.10 1.12 1.13 1.22 1.42 1.56 1.53 1.49 1.55 1.73 1.84 1.82 1.85 1.88 2.07 2.60
2.35 2.20 2.01 1.95 1.94 1.92 1.90 1.94 2.07 2.19 2.21 2.09 1.90 1.86 1.90 1.94 1.95 1.95 1.97 2.01 2.08 2.17 2.23 2.26 2.26 2.21 2.16 2.17 2.31 2.51 2.84 3.16 3.52 3.76 3.79 3.64 3.46 3.24 3.00 2.76 2.58 2.42 2.22 2.08 2.04 2.11 2.22 2.29 2.41 2.52 2.54 2.39 2.13 1.88 1.77 1.76 1.73 1.63 1.55 1.52 1.48 1.40 1.31 1.31 1.37 1.33 1.24 1.17 1.20 1.22 1.20 1.23 1.35 1.42 1.31 1.21 1.38 1.69 1.81 1.74 1.77 1.84 2.02 2.42
2.33 2.23 2.10 2.06 2.06 2.08 2.14 2.25 2.36 2.40 2.31 2.14 1.98 2.07 1.97 2.04 2.10 2.17 2.26 2.36 2.50 2.61 2.64 2.60 2.55 2.45 2.39 2.39 2.45 2.57 2.87 3.21 3.52 3.67 3.57 3.29 2.97 2.71 2.49 2.33 2.25 2.15 1.97 1.78 1.72 1.79 1.87 1.82 1.71 1.61 1.61 1.73 1.81 1.79 1.81 1.91 1.96 1.95 1.94 1.94 1.92 1.91 1.91 1.89 1.74 1.53 1.45 1.48 1.49 1.34 1.13 1.05 1.18 1.28 1.22 1.14 1.31 1.61 1.69 1.59 1.68 1.92 2.18 2.35
2.31 2.25 2.19 2.21 2.30 2.44 2.59 2.68 2.67 2.57 2.40 2.23 2.10 2.06 2.02 2.10 2.20 2.29 2.39 2.51 2.64 2.69 2.66 2.58 2.48 2.40 2.38 2.42 2.53 2.70 3.02 3.21 3.28 3.22 3.09 2.95 2.76 2.52 2.24 2.02 1.90 1.86 1.74 1.55 1.45 1.51 1.47 1.35 1.19 1.10 1.11 1.20 1.39 1.60 1.84 2.09 2.23 2.30 2.30 2.24 2.20 2.19 2.11 1.95 1.73 1.68 1.76 1.74 1.47 1.09 0.92 0.96 1.08 1.18 1.21 1.26 1.44 1.66 1.69 1.55 1.60 1.88 2.08 2.14
2.41 2.41 2.43 2.50 2.61 2.73 2.82 2.83 2.77 2.62 2.43 2.30 2.22 2.18 2.25 2.35 2.40 2.44 2.50 2.53 2.51 2.43 2.35 2.29 2.28 2.28 2.30 2.38 2.59 2.88 3.16 3.11 2.89 2.69 2.62 2.63 2.56 2.40 2.09 1.80 1.57 1.50 1.45 1.31 1.24 1.26 1.27 1.30 1.34 1.36 1.30 1.21 1.26 1.51 1.88 2.17 2.25 2.24 2.20 2.18 2.17 2.18 2.09 1.97 1.94 1.99 1.88 1.54 1.15 0.98 1.05 1.22 1.32 1.35 1.40 1.51 1.68 1.78 1.92 1.68 1.67 1.77 1.89 1.98
2.54 2.55 2.59 2.66 2.68 2.67 2.63 2.58 2.53 2.43 2.33 2.25 2.25 2.35 2.51 2.59 2.59 2.57 2.53 2.44 2.32 2.19 2.10 2.09 2.16 2.23 2.31 2.47 2.74 3.00 3.07 2.83 2.49 2.33 2.29 2.25 2.18 2.13 1.98 1.70 1.38 1.24 1.24 1.27 1.31 1.36 1.47 1.57 1.60 1.49 1.29 1.23 1.41 1.77 2.11 2.22 2.16 2.11 2.11 2.15 2.14 2.16 2.15 2.15 2.10 1.93 1.54 1.28 1.27 1.43 1.63 1.73 1.76 1.77 1.84 1.93 1.99 1.97 1.92 1.90 2.25 1.88 1.94 2.04
2.58 2.54 2.52 2.54 2.49 2.40 2.30 2.19 2.12 2.10 2.10 2.08 2.22 2.23 2.38 2.45 2.49 2.47 2.38 2.28 2.19 2.10 2.03 2.03 2.08 2.16 2.29 2.52 2.80 2.93 2.79 2.47 2.23 2.10 2.02 1.93 1.84 1.83 1.85 1.75 1.46 1.28 1.31 1.48 1.59 1.66 1.68 1.54 1.31 1.09 1.08 1.33 1.85 2.33 2.48 2.40 2.29 2.23 2.24 2.24 2.21 2.21 2.19 2.13 1.96 1.71 1.57 1.66 1.93 2.20 2.34 2.36 2.35 2.35 2.36 2.39 2.39 2.33 2.28 2.25 2.12 2.06 2.14 2.18
2.56 2.50 2.38 2.32 2.26 2.16 2.04 1.92 1.84 1.82 1.87 1.90 1.89 1.97 2.03 2.07 2.16 2.21 2.20 2.16 2.08 2.01 1.96 1.94 1.96 2.03 2.15 2.41 2.72 2.78 2.60 2.36 2.18 2.01 1.81 1.64 1.58 1.57 1.64 1.68 1.54 1.34 1.31 1.41 1.49 1.57 1.56 1.32 1.13 1.13 1.42 2.04 2.66 2.94 2.91 2.69 2.51 2.38 2.34 2.37 2.38 2.38 2.32 2.25 2.24 2.32 2.56 2.85 3.08 3.22 3.26 3.26 3.23 3.21 3.17 3.15 3.11 3.01 2.85 2.60 2.29 2.14 2.22 2.23
2.57 2.51 2.30 2.17 2.11 2.06 1.98 1.89 1.81 1.78 1.87 1.93 2.00 1.98 2.01 2.02 2.07 2.11 2.13 2.08 1.98 1.90 1.85 1.83 1.85 1.90 2.02 2.33 2.67 2.68 2.52 2.40 2.26 2.06 1.81 1.58 1.47 1.35 1.32 1.41 1.38 1.21 1.08 1.07 1.18 1.33 1.47 1.47 1.49 1.73 2.34 3.00 3.33 3.34 3.11 2.81 2.59 2.45 2.44 2.56 2.63 2.68 2.68 2.77 2.97 3.28 3.62 3.89 4.07 4.14 4.15 4.15 4.13 4.11 4.06 3.98 3.87 3.72 3.43 2.98 2.52 2.24 2.20 2.17
2.63 2.53 2.29 2.13 2.07 2.06 2.06 2.03 1.97 1.99 2.12 2.25 2.35 2.36 2.32 2.29 2.24 2.17 2.10 2.02 1.93 1.85 1.78 1.75 1.77 1.86 2.04 2.39 2.63 2.54 2.31 2.28 2.20 2.07 1.98 1.82 1.59 1.32 1.18 1.28 1.32 1.25 1.22 1.24 1.35 1.51 1.76 2.00 2.26 2.73 3.30 3.58 3.55 3.27 2.99 2.71 2.54 2.46 2.44 2.49 2.56 2.70 2.82 2.98 3.26 3.54 3.76 3.95 4.06 4.12 4.15 4.17 4.19 4.19 4.14 4.03 3.90 3.79 3.62 3.36 3.03 2.65 2.31 2.11
2.67 2.50 2.25 2.15 2.09 2.04 2.06 2.11 2.12 2.17 2.35 2.56 2.67 2.65 2.57 2.44 2.29 2.15 2.04 1.98 1.93 1.86 1.77 1.71 1.73 1.88 2.11 2.40 2.48 2.24 2.03 2.03 1.99 1.97 2.02 2.03 1.81 1.57 1.47 1.54 1.67 1.79 1.90 1.95 2.02 2.21 2.57 3.01 3.45 3.77 3.85 3.71 3.36 2.96 2.70 2.50 2.36 2.25 2.15 2.09 2.14 2.27 2.50 2.69 2.87 2.97 2.95 2.93 2.91 2.97 3.07 3.19 3.24 3.26 3.22 3.14 3.11 3.08 3.09 3.13 3.10 2.98 2.72 2.32
2.61 2.38 2.08 2.00 1.98 1.96 1.98 2.05 2.14 2.20 2.34 2.58 2.67 2.64 2.53 2.33 2.12 1.97 1.90 1.87 1.83 1.78 1.73 1.70 1.75 1.90 2.11 2.29 2.23 1.94 1.81 1.83 1.81 1.79 1.88 1.94 1.91 1.87 1.89 2.06 2.23 2.37 2.46 2.57 2.75 3.08 3.48 3.82 4.03 4.02 3.82 3.45 3.07 2.71 2.50 2.32 2.14 1.97 1.87 1.84 1.91 2.02 2.13 2.23 2.25 2.10 1.90 1.71 1.66 1.72 1.84 1.98 2.06 2.05 2.04 2.01 2.04 2.06 2.12 2.24 2.45 2.61 2.64 2.49
2.45 2.22 1.89 1.77 1.77 1.83 1.91 1.98 2.11 2.18 2.52 2.35 2.32 2.27 2.17 2.00 1.83 1.71 1.66 1.64 1.63 1.64 1.68 1.76 1.85 1.96 2.10 2.18 2.08 1.89 1.81 1.83 1.80 1.75 1.69 1.74 1.86 1.90 2.00 2.20 2.39 2.51 2.63 2.82 3.16 3.55 3.80 3.87 3.75 3.54 3.31 3.07 2.82 2.59 2.42 2.26 2.10 1.97 1.95 1.99 2.07 2.10 2.06 1.99 1.82 1.60 1.44 1.38 1.40 1.43 1.41 1.34 1.30 1.28 1.26 1.25 1.28 1.32 1.36 1.37 1.42 1.54 1.65 1.76
2.32 2.14 1.88 1.76 1.71 1.72 1.74 1.80 1.91 2.00 1.96 2.06 1.79 1.71 1.63 1.57 1.51 1.41 1.36 1.42 1.55 1.67 1.78 1.90 1.98 2.05 2.14 2.19 2.17 2.13 2.06 1.96 1.85 1.72 1.53 1.52 1.68 1.73 1.80 1.93 2.12 2.30 2.50 2.83 3.27 3.55 3.56 3.30 2.95 2.78 2.73 2.73 2.67 2.55 2.44 2.31 2.17 2.11 2.17 2.22 2.22 2.15 2.00 1.85 1.69 1.59 1.60 1.63 1.59 1.45 1.22 1.00 0.92 0.86 0.77 0.74 0.75 0.76 0.74 0.68 0.64 0.69 0.85 1.07
2.29 2.21 2.09 1.99 1.88 1.72 1.57 1.50 1.56 1.66 1.65 1.86 1.33 1.27 1.26 1.45 1.24 1.21 1.22 1.38 1.63 1.86 2.00 2.07 2.11 2.17 2.24 2.30 2.32 2.31 2.17 1.97 1.79 1.62 1.41 1.38 1.55 1.64 1.68 1.75 1.87 2.07 2.37 2.83 3.24 3.32 3.05 2.65 2.42 2.34 2.33 2.41 2.47 2.47 2.37 2.27 2.15 2.12 2.17 2.13 2.01 1.86 1.73 1.66 1.71 1.81 1.89 1.84 1.58 1.23 0.92 0.77 0.75 0.70 0.60 0.55 0.51 0.41 0.33 0.34 0.94 0.74 1.08 1.34
2.40 2.43 2.43 2.34 2.17 1.95 1.68 1.53 1.49 1.55 1.56 1.88 1.70 1.29 1.32 1.30 1.31 1.35 1.45 1.62 1.86 2.09 2.23 2.30 2.36 2.42 2.45 2.46 2.44 2.37 2.17 2.02 1.93 1.78 1.60 1.58 1.75 1.90 1.92 1.93 2.00 2.16 2.47 2.93 3.13 2.97 2.52 2.20 2.06 2.01 2.00 2.09 2.23 2.26 2.17 2.07 1.97 1.92 1.86 1.70 1.52 1.41 1.42 1.54 1.81 1.98 1.95 1.72 1.36 1.08 0.97 1.00 0.98 0.79 0.56 0.54 0.61 0.66 0.41 0.55 0.89 1.39 1.88 2.03
2.56 2.62 2.64 2.56 2.42 2.26 2.09 1.93 1.81 1.77 2.33 1.66 1.62 1.69 1.77 1.82 1.87 1.96 2.03 2.11 2.24 2.40 2.53 2.64 2.73 2.76 2.71 2.66 2.65 2.63 2.57 2.52 2.46 2.30 2.08 2.04 2.17 2.31 2.37 2.39 2.40 2.45 2.67 2.96 2.94 2.54 2.09 1.80 1.68 1.66 1.68 1.78 1.96 2.02 1.98 1.88 1.77 1.64 1.49 1.37 1.34 1.40 1.56 1.77 1.98 1.98 1.76 1.49 1.30 1.32 1.46 1.51 1.31 0.98 0.74 0.68 0.72 0.78 0.95 1.32 1.86 2.40 2.61 2.51
2.66 2.61 2.52 2.48 2.48 2.49 2.42 2.27 2.09 1.94 1.86 1.86 1.97 2.13 2.32 2.46 2.58 2.67 2.73 2.75 2.77 2.79 2.85 2.95 3.02 2.98 2.89 2.85 2.88 2.87 2.84 2.78 2.69 2.53 2.34 2.25 2.29 2.41 2.54 2.63 2.66 2.67 2.76 2.80 2.54 2.07 1.67 1.43 1.32 1.32 1.36 1.45 1.63 1.81 1.86 1.80 1.72 1.62 1.56 1.62 1.74 1.92 2.11 2.25 2.23 2.02 1.74 1.63 1.68 1.85 1.94 1.77 1.39 1.09 1.03 1.15 1.30 1.49 1.83 2.32 2.78 2.95 2.79 2.41
2.69 2.51 2.27 2.24 2.32 2.44 2.47 2.35 2.15 1.93 2.69 1.85 2.04 2.29 2.54 2.73 2.87 2.98 3.07 3.10 3.05 2.99 3.01 3.06 3.04 2.95 2.91 2.94 2.94 2.79 2.55 2.36 2.24 2.20 2.20 2.21 2.24 2.33 2.45 2.59 2.69 2.70 2.66 2.47 2.04 1.57 1.25 1.07 1.01 1.05 1.06 1.06 1.29 1.62 1.80 1.85 1.88 1.89 1.95 2.03 2.16 2.37 2.60 2.73 2.62 2.43 2.18 2.15 2.28 2.33 2.10 1.74 1.49 1.47 1.64 1.86 2.11 2.43 2.81 3.14 3.20 2.97 2.56 2.20
2.70 2.47 2.13 2.02 2.02 2.06 2.13 2.14 2.06 1.88 1.69 1.68 1.81 2.03 2.24 2.39 2.51 2.57 2.60 2.62 2.65 2.70 2.77 2.76 2.65 2.58 2.67 2.82 2.82 2.68 2.45 2.17 1.99 1.97 2.11 2.27 2.39 2.45 2.49 2.52 2.54 2.46 2.31 2.06 1.69 1.27 0.99 0.90 0.95 1.01 1.01 0.98 1.17 1.55 1.83 2.03 2.16 2.24 2.29 2.30 2.41 2.70 2.99 3.09 2.99 2.92 2.82 2.71 2.68 2.58 2.29 2.04 2.05 2.34 2.65 2.93 3.21 3.45 3.57 3.47 3.15 2.71 2.35 2.07
2.68 2.38 1.97 1.83 1.71 1.64 1.66 1.76 1.80 1.67 1.44 1.33 1.31 1.39 1.51 1.59 1.64 1.59 1.46 1.43 1.67 1.97 2.08 1.98 1.82 1.93 2.26 2.52 2.57 2.59 2.61 2.57 2.44 2.34 2.34 2.42 2.48 2.49 2.43 2.34 2.23 2.11 1.99 1.90 1.71 1.42 1.23 1.25 1.34 1.40 1.43 1.45 1.53 1.74 1.93 2.12 2.31 2.49 2.61 2.75 2.97 3.23 3.32 3.22 3.08 3.07 3.10 3.11 3.09 3.02 2.96 2.98 3.21 3.47 3.65 3.79 3.89 3.90 3.73 3.36 2.93 2.56 2.28 2.04
2.52 2.18 1.75 1.63 1.55 1.47 1.41 1.46 1.56 1.47 1.22 0.99 0.81 0.72 0.72 0.76 0.78 0.71 0.65 0.73 0.97 1.22 1.28 1.18 1.21 1.53 2.06 2.33 2.34 2.31 2.43 2.60 2.70 2.69 2.56 2.41 2.29 2.21 2.09 1.96 1.89 1.93 2.02 2.14 2.16 2.14 2.09 2.10 2.11 2.12 2.13 2.09 2.01 1.99 1.98 2.06 2.23 2.47 2.77 3.13 3.42 3.47 3.28 2.94 2.67 2.68 2.91 3.10 3.28 3.39 3.52 3.71 3.88 3.94 3.91 3.86 3.79 3.61 3.31 2.99 2.71 2.46 2.23 2.06
2.34 2.08 1.72 1.57 1.52 1.49 1.42 1.41 1.48 1.45 1.27 1.01 0.75 0.57 0.46 0.44 0.44 0.53 0.72 0.90 0.98 1.01 0.97 0.96 1.15 1.63 2.15 2.31 2.19 2.00 2.00 2.14 2.34 2.48 2.41 2.16 1.90 1.74 1.68 1.66 1.72 1.96 2.26 2.50 2.60 2.70 2.74 2.70 2.64 2.57 2.42 2.24 2.12 2.09 2.07 2.10 2.25 2.51 2.87 3.18 3.27 3.09 2.76 2.37 2.19 2.26 2.53 2.79 3.00 3.21 3.36 3.49 3.55 3.49 3.37 3.21 3.02 2.80 2.63 2.48 2.32 2.17 2.02 1.85
2.32 2.18 1.93 1.77 1.67 1.62 1.57 1.56 1.55 1.55 1.50 1.37 1.20 1.00 0.81 0.70 0.53 0.93 1.25 1.43 1.40 1.26 1.18 1.24 1.50 1.97 2.34 2.34 2.09 1.79 1.69 1.69 1.80 1.93 2.00 1.93 1.77 1.65 1.64 1.74 1.95 2.26 2.52 2.63 2.64 2.68 2.73 2.76 2.73 2.57 2.28 2.08 2.06 2.11 2.15 2.23 2.38 2.66 2.92 2.95 2.73 2.39 2.11 1.94 1.94 2.10 2.29 2.40 2.51 2.65 2.75 2.76 2.68 2.62 2.55 2.41 2.21 2.01 1.88 1.82 1.74 1.65 1.56 1.46
2.35 2.25 2.11 2.00 1.91 1.80 1.76 1.80 1.80 1.84 1.89 1.91 1.85 1.69 1.48 1.30 1.24 1.34 1.53 1.74 1.83 1.82 1.77 1.81 2.03 2.37 2.55 2.48 2.21 1.86 1.65 1.54 1.47 1.51 1.72 1.95 2.09 2.17 2.21 2.29 2.44 2.61 2.65 2.55 2.42 2.41 2.47 2.56 2.56 2.47 2.29 2.14 2.11 2.15 2.19 2.27 2.43 2.67 2.79 2.60 2.25 1.96 1.79 1.74 1.78 1.90 2.01 2.05 2.09 2.17 2.23 2.19 2.06 1.95 1.85 1.79 1.62 1.39 1.16 1.07 1.06 0.96 0.86 0.80
2.35 2.26 2.13 2.05 1.97 1.91 1.94 2.02 2.14 2.30 2.41 2.45 2.37 2.20 1.99 1.80 1.67 1.62 1.67 1.86 2.10 2.29 2.39 2.44 2.55 2.77 2.87 2.76 2.52 2.23 2.02 1.83 1.68 1.69 1.90 2.20 2.47 2.67 2.74 2.73 2.69 2.66 2.55 2.37 2.23 2.19 2.23 2.25 2.25 2.27 2.28 2.22 2.18 2.21 2.25 2.37 2.56 2.71 2.61 2.25 1.91 1.73 1.63 1.58 1.61 1.77 1.90 1.89 1.84 1.84 1.83 1.79 1.72 1.56 1.36 1.21 1.10 0.89 0.61 0.42 0.38 0.37 0.31 0.30
2.38 2.27 2.12 2.01 1.91 1.89 1.96 2.07 2.31 2.53 2.69 2.74 2.70 2.60 2.46 2.27 2.06 1.91 1.89 2.02 2.23 2.51 2.64 2.76 2.94 3.17 3.17 2.95 2.69 2.54 2.45 2.36 2.27 2.22 2.26 2.37 2.47 2.56 2.58 2.54 2.49 2.45 2.35 2.17 2.03 1.95 1.92 1.87 1.82 1.86 1.98 2.06 2.09 2.19 2.30 2.50 2.64 2.58 2.24 1.83 1.62 1.55 1.52 1.55 1.68 1.87 1.87 1.69 1.54 1.49 1.45 1.42 1.41 1.31 1.06 0.79 0.62 0.54 0.31 0.14 0.17 0.52 0.25 0.33
2.40 2.27 2.07 1.94 1.84 1.81 1.81 1.84 1.99 2.19 2.39 2.55 2.70 2.81 2.84 2.75 2.54 2.31 2.20 2.21 2.29 2.50 2.69 2.91 3.17 3.31 3.18 2.83 2.55 2.49 2.54 2.61 2.61 2.50 2.37 2.28 2.22 2.17 2.15 2.21 2.29 2.31 2.20 2.01 1.87 1.78 1.70 1.60 1.50 1.46 1.52 1.66 1.83 2.00 2.22 2.39 2.35 2.08 1.64 1.41 1.37 1.39 1.46 1.63 1.79 1.79 1.57 1.27 1.07 0.98 0.96 0.90 0.85 0.84 0.75 0.53 0.37 0.39 0.39 0.28 0.27 0.36 0.53 0.82
2.37 2.19 1.95 1.86 1.81 1.78 1.70 1.60 1.51 1.50 1.61 1.89 2.28 2.64 2.89 2.99 2.93 2.75 2.54 2.43 2.42 2.55 2.73 3.00 3.18 3.15 2.89 2.56 2.27 2.16 2.22 2.34 2.41 2.37 2.28 2.18 2.11 2.08 2.16 2.28 2.33 2.28 2.14 2.00 1.92 1.85 1.73 1.52 1.30 1.18 1.21 1.39 1.66 1.96 2.04 2.00 1.74 1.37 1.14 1.09 1.09 1.10 1.25 1.42 1.45 1.34 1.13 0.91 0.73 0.60 0.53 0.49 0.44 0.35 0.38 0.43 0.45 0.37 0.58 0.67 0.80 0.93 1.12 1.44
2.31 2.11 1.86 1.82 1.83 1.83 1.75 1.63 1.44 1.23 1.13 1.25 1.63 2.12 2.55 2.83 2.98 2.98 2.88 2.75 2.71 2.75 2.89 3.08 3.12 2.96 2.66 2.32 2.01 1.81 1.74 1.78 1.91 2.04 2.13 2.17 2.19 2.22 2.31 2.38 2.34 2.23 2.12 2.07 2.03 1.88 1.63 1.34 1.22 1.28 1.46 1.70 1.89 1.95 1.95 1.65 1.26 1.01 0.94 0.92 0.87 0.86 0.91 1.00 1.06 1.11 1.14 1.12 1.02 0.89 0.81 0.73 0.60 0.44 0.43 0.54 0.66 0.83 1.04 1.24 1.42 1.62 1.81 2.14
2.28 2.09 1.88 1.85 1.89 1.91 1.87 1.84 1.77 1.59 1.36 1.27 1.41 1.70 2.08 2.45 2.75 2.97 3.07 3.10 3.11 3.15 3.26 3.30 3.17 2.91 2.61 2.29 1.99 1.79 1.70 1.69 1.72 1.81 1.96 2.10 2.18 2.21 2.26 2.30 2.22 2.09 1.99 1.97 1.91 1.67 1.49 1.48 1.68 1.98 2.22 2.31 2.25 2.12 2.03 1.71 1.53 1.44 1.39 1.30 1.21 1.16 1.18 1.25 1.45 1.67 1.82 1.84 1.79 1.70 1.57 1.36 1.07 0.87 0.82 0.90 1.08 1.31 1.55 1.82 2.14 2.45 2.73 3.13
2.25 2.07 1.89 1.89 1.96 1.98 1.99 2.06 2.17 2.22 2.13 1.96 1.87 1.90 2.03 2.31 2.64 2.98 3.22 3.38 3.52 3.57 3.55 3.43 3.15 2.87 2.68 2.53 2.34 2.25 2.21 2.14 2.02 1.96 1.99 2.08 2.14 2.18 2.19 2.11 1.96 1.85 1.82 1.84 1.85 1.86 2.01 2.30 2.58 2.74 2.75 2.59 2.38 2.22 2.13 2.11 2.14 2.17 2.16 2.12 2.09 2.12 2.20 2.34 2.51 2.54 2.41 2.26 2.14 1.99 1.74 1.43 1.17 1.09 1.17 1.34 1.54 1.80 2.16 2.66 3.20 3.62 3.94 4.21
2.21 2.06 1.89 1.92 2.01 2.05 2.10 2.22 2.42 2.66 2.81 2.84 2.75 2.58 2.48 2.56 2.81 3.17 3.47 3.67 3.81 3.80 3.59 3.30 2.98 2.79 2.75 2.75 2.72 2.64 2.58 2.51 2.41 2.33 2.25 2.20 2.20 2.18 2.08 1.93 1.86 1.89 1.93 2.00 2.10 2.28 2.53 2.73 2.80 2.72 2.58 2.44 2.33 2.25 2.21 2.23 2.26 2.35 2.48 2.61 2.70 2.82 2.92 2.97 2.86 2.58 2.22 2.03 1.88 1.66 1.40 1.23 1.20 1.28 1.48 1.73 2.02 2.42 3.02 3.69 4.21 4.54 4.65 4.58
2.20 2.07 1.94 1.97 2.06 2.11 2.14 2.27 2.57 2.93 3.23 3.37 3.36 3.26 3.11 3.07 3.23 3.50 3.69 3.77 3.80 3.69 3.39 3.00 2.72 2.63 2.67 2.74 2.75 2.68 2.57 2.48 2.40 2.32 2.23 2.16 2.15 2.10 2.00 1.98 2.05 2.09 2.11 2.16 2.22 2.24 2.25 2.24 2.12 1.98 1.90 1.94 2.06 2.12 2.07 2.05 2.08 2.18 2.33 2.49 2.67 2.81 2.82 2.65 2.27 1.83 1.55 1.52 1.53 1.44 1.33 1.32 1.43 1.61 1.87 2.18 2.57 3.10 3.73 4.18 4.40 4.43 4.31 4.04
2.21 2.11 2.03 2.08 2.14 2.20 2.28 2.50 2.87 3.14 3.24 3.24 3.25 3.31 3.38 3.51 3.68 3.78 3.70 3.54 3.43 3.29 3.03 2.72 2.52 2.44 2.45 2.51 2.57 2.57 2.48 2.34 2.12 1.95 1.91 1.97 2.02 2.01 1.97 1.95 1.93 1.94 1.99 2.07 2.06 1.93 1.80 1.67 1.59 1.54 1.52 1.58 1.71 1.84 1.89 1.95 2.02 2.07 2.12 2.21 2.36 2.44 2.28 1.88 1.46 1.21 1.14 1.24 1.45 1.59 1.62 1.68 1.84 2.11 2.45 2.82 3.26 3.76 4.04 4.02 3.67 3.20 2.87 2.71
