project/data/elevation/US_DEM2016/US_DEM2016_point_10-31-2019_1803_30m_vel.asc
ncols	125
nrows	167
xllcorner	-2042055.000000
yllcorner	1465035.000000
cellsize	30.000000
NODATA_value	-9999.000000
[rows 76 to 113 of 167, columns 0 to 83 of 125]
6.18 6.03 5.96 6.09 6.23 6.51 7.04 7.61 7.83 7.61 7.23 7.05 7.34 8.00 8.67 9.28 9.62 9.52 8.99 8.39 7.99 7.66 7.30 6.96 6.72 6.58 6.41 6.40 6.57 6.76 6.81 6.61 6.09 5.70 5.68 5.81 5.83 5.62 5.30 5.04 4.96 5.15 5.48 5.56 5.46 5.30 5.22 5.04 4.89 4.88 4.88 4.84 4.79 4.92 5.25 5.57 5.77 5.79 5.83 5.94 5.96 5.61 4.85 4.16 3.82 3.79 4.05 4.37 4.82 5.35 5.75 6.14 6.87 7.78 8.66 9.57 10.44 10.87 10.53 9.52 7.97 6.09 5.16 4.88
6.23 6.06 6.04 6.17 6.36 6.85 7.25 7.27 6.81 6.11 5.73 5.97 6.68 7.63 8.48 9.04 9.14 8.78 8.18 7.62 7.22 6.96 6.77 6.64 6.55 6.47 6.30 6.27 6.37 6.63 6.90 7.01 6.83 6.69 6.60 6.43 6.10 5.63 5.22 5.08 5.21 5.40 5.46 5.27 5.09 4.98 4.97 4.86 4.70 4.61 4.56 4.55 4.57 4.84 5.28 5.67 5.91 6.02 6.08 6.03 5.64 4.92 4.36 4.29 4.57 4.98 5.26 5.55 6.10 7.01 7.68 8.42 9.38 10.25 10.87 11.35 11.48 11.08 10.09 9.04 7.96 6.53 5.46 4.88
6.14 5.80 5.70 5.86 6.03 6.34 6.35 6.02 5.73 5.53 5.75 6.30 7.15 8.11 8.77 8.98 8.74 8.23 7.67 7.16 6.76 6.50 6.34 6.24 6.16 6.06 5.97 6.04 6.13 6.28 6.62 6.98 7.16 7.13 6.95 6.61 6.15 5.64 5.37 5.29 5.23 5.06 4.85 4.63 4.45 4.27 4.03 3.80 3.73 3.75 3.86 4.13 4.59 5.12 5.57 5.88 6.11 6.18 6.07 5.72 5.16 4.64 4.57 4.98 5.68 6.22 6.69 7.37 8.26 8.83 9.32 9.96 10.65 11.14 11.20 11.07 10.60 9.66 8.89 8.54 8.38 7.89 7.07 6.23
5.93 5.45 5.28 5.52 5.64 5.70 5.71 5.78 6.03 6.42 6.89 7.50 8.31 9.00 9.21 8.96 8.42 7.81 7.30 6.84 6.44 6.13 5.94 5.82 5.67 5.52 5.42 5.48 5.46 5.50 5.65 6.16 6.55 6.65 6.54 6.30 5.97 5.53 5.25 4.95 4.61 4.31 4.16 4.19 4.12 3.93 3.66 3.57 3.77 4.12 4.56 5.09 5.64 5.96 6.04 6.00 5.87 5.59 5.14 4.62 4.32 4.41 4.82 5.59 6.50 7.36 8.31 9.11 9.41 9.51 9.60 9.81 10.12 10.08 9.75 9.26 8.58 7.90 7.54 7.67 8.04 8.25 8.05 7.50
5.66 5.28 5.24 5.65 5.86 5.92 6.07 6.40 6.91 7.36 7.90 8.60 9.28 9.44 9.13 8.48 7.75 7.15 6.69 6.31 5.97 5.72 5.55 5.40 5.24 5.09 4.90 4.67 4.37 4.30 4.33 4.74 5.29 5.73 5.90 5.89 5.88 5.61 5.39 5.09 4.85 4.75 4.77 4.88 4.84 4.71 4.57 4.64 4.95 5.44 5.92 6.27 6.42 6.38 6.11 5.87 5.52 5.10 4.73 4.48 4.50 4.83 5.44 6.37 7.40 8.45 9.19 9.29 9.00 8.74 8.66 8.61 8.46 8.06 7.71 7.48 7.27 7.04 6.81 6.69 6.95 7.52 7.88 7.83
5.55 5.41 5.54 6.00 6.31 6.46 6.63 6.95 7.43 7.97 8.61 9.19 9.39 9.05 8.34 7.55 6.85 6.22 5.80 5.46 5.25 5.17 5.15 5.04 4.96 4.85 4.56 3.97 3.49 3.27 3.21 3.41 3.92 4.60 5.13 5.55 5.74 5.96 6.03 6.04 6.11 6.22 6.32 6.25 6.12 6.01 5.94 6.04 6.28 6.38 6.35 6.24 6.12 6.00 5.93 5.89 5.85 5.95 6.05 6.05 6.09 6.29 6.75 7.53 8.33 8.86 8.74 8.03 7.61 7.64 7.72 7.62 7.38 6.96 6.76 6.69 6.73 6.80 6.68 6.37 6.27 6.51 7.05 7.44
5.80 5.80 5.87 6.01 6.24 6.53 6.86 7.27 7.79 8.36 8.89 9.08 8.76 8.05 7.27 6.65 6.11 5.57 5.11 4.81 4.67 4.60 4.53 4.60 4.69 4.71 4.54 4.06 3.32 3.01 2.99 3.21 3.51 3.84 4.43 5.19 5.58 6.03 6.32 6.63 6.94 7.14 7.15 6.96 6.78 6.73 6.74 6.77 6.76 6.49 6.15 6.05 6.15 6.23 6.19 6.17 6.35 6.60 6.83 7.01 7.19 7.44 7.82 8.27 8.64 8.45 7.67 7.06 6.99 7.24 7.33 7.13 6.80 6.50 6.41 6.37 6.40 6.54 6.57 6.42 6.16 6.03 6.15 6.66
6.07 6.14 6.12 5.99 6.09 6.48 6.96 7.50 8.04 8.48 8.68 8.46 7.86 7.14 6.53 6.05 5.59 5.18 4.79 4.48 4.24 4.05 3.94 4.07 4.37 4.60 4.78 4.77 4.36 4.07 4.10 4.28 4.24 4.19 4.50 5.08 5.38 5.81 6.25 6.71 6.97 6.97 6.84 6.65 6.58 6.69 6.82 6.85 6.79 6.65 6.66 6.79 6.82 6.71 6.46 6.38 6.53 6.52 6.69 7.04 7.46 7.80 8.10 8.26 8.18 7.67 7.10 7.04 7.20 7.25 7.07 6.65 6.12 5.75 5.57 5.63 5.74 5.85 5.98 6.06 5.97 5.72 5.47 5.75
6.07 6.14 6.21 6.22 6.38 6.74 7.19 7.69 8.09 8.28 8.15 7.69 7.06 6.47 5.99 5.55 5.10 4.75 4.47 4.15 3.84 3.64 3.64 3.89 4.35 4.85 5.35 5.83 6.18 6.30 6.23 5.95 5.57 5.25 5.08 5.29 5.69 6.16 6.62 6.78 6.58 6.27 6.15 6.26 6.38 6.60 6.87 7.12 7.37 7.55 7.51 7.35 7.05 6.76 6.51 6.48 6.54 6.66 6.93 7.23 7.54 7.75 7.85 7.79 7.51 7.11 6.94 7.14 7.19 7.00 6.61 6.08 5.40 4.82 4.43 4.43 4.57 4.71 4.92 5.15 5.31 5.27 4.99 5.01
5.99 6.05 6.23 6.50 6.81 7.15 7.45 7.70 7.88 7.85 7.55 7.02 6.45 5.94 5.50 5.05 4.56 4.15 3.88 3.68 3.60 3.71 4.03 4.50 5.07 5.59 6.11 6.65 7.20 7.53 7.53 7.17 6.64 6.19 5.99 6.05 6.46 6.89 6.85 6.45 5.96 5.81 6.01 6.29 6.44 6.72 7.17 7.58 7.93 8.12 7.98 7.56 7.15 6.86 6.59 6.57 6.74 6.93 7.07 7.12 7.16 7.17 7.20 7.21 7.01 6.78 6.68 6.76 6.64 6.43 6.19 5.86 5.38 4.77 4.12 3.87 3.70 3.56 3.59 3.79 4.15 4.51 4.50 4.52
6.05 6.16 6.42 6.75 7.08 7.29 7.33 7.33 7.42 7.39 7.06 6.55 6.01 5.50 5.03 4.53 3.99 3.58 3.57 3.52 3.76 4.20 4.75 5.30 5.83 6.25 6.55 6.79 7.06 7.31 7.41 7.41 7.19 6.81 6.56 6.54 6.71 6.71 6.22 5.69 5.50 5.62 5.79 5.94 6.11 6.54 7.06 7.34 7.55 7.74 7.81 7.67 7.45 7.18 6.82 6.67 7.04 6.60 6.61 6.48 6.38 6.36 6.53 6.73 6.70 6.52 6.34 6.21 6.06 6.00 6.01 6.08 6.12 5.94 5.24 4.48 3.87 3.41 3.09 3.49 3.19 3.46 3.70 3.86
6.15 6.27 6.49 6.71 6.82 6.79 6.76 6.89 7.12 7.13 6.74 6.20 5.65 5.08 4.47 3.93 3.66 3.69 3.94 4.18 4.40 4.70 5.12 5.63 6.11 6.40 6.47 6.43 6.41 6.43 6.64 7.00 7.28 7.31 7.12 6.75 7.00 5.82 5.39 5.29 5.30 5.25 5.15 5.21 5.61 6.14 6.45 6.39 6.34 6.46 6.60 6.78 6.91 6.96 6.87 6.69 6.46 6.20 6.08 6.09 6.08 6.19 6.44 6.60 6.57 6.38 6.21 6.04 5.88 5.93 6.13 6.40 6.69 6.97 7.00 6.40 5.67 4.97 4.42 4.03 3.69 3.49 3.53 3.74
6.18 6.25 6.34 6.38 6.32 6.31 6.55 7.01 7.26 7.05 6.48 5.83 5.21 4.56 4.01 4.72 4.07 4.64 4.99 5.14 5.18 5.25 5.48 5.81 6.03 6.09 5.98 5.90 5.96 6.04 6.22 6.54 6.97 7.28 7.33 6.92 6.14 5.54 5.22 5.23 5.17 5.06 5.03 5.21 5.54 5.82 5.78 5.31 4.88 4.67 4.74 4.90 5.20 5.63 5.96 6.17 6.20 6.17 6.21 6.31 6.42 6.53 6.56 6.51 6.43 6.30 6.17 6.06 5.97 6.08 6.34 6.50 6.71 7.13 7.62 7.81 7.65 7.30 6.87 6.32 5.67 5.15 5.10 5.03
6.17 6.22 6.28 6.31 6.33 6.57 7.03 7.36 7.25 6.72 5.96 5.17 4.45 3.86 3.71 3.97 4.50 4.97 5.26 5.47 5.62 5.74 5.86 5.84 5.64 5.40 5.26 5.38 5.71 6.02 6.18 6.25 6.35 6.63 6.89 6.87 6.31 5.81 5.46 5.39 5.39 5.49 5.57 5.62 5.67 5.67 5.39 4.71 4.03 3.76 3.73 3.79 4.02 4.55 5.21 5.75 6.08 6.29 6.44 6.58 6.66 6.53 6.31 6.18 6.16 6.10 5.99 6.00 6.04 6.15 6.29 6.33 6.35 6.55 6.97 7.51 7.88 8.04 8.05 7.91 7.64 7.34 7.06 6.73
6.17 6.21 6.34 6.49 6.71 7.08 7.38 7.28 6.73 5.90 5.02 4.09 3.32 3.00 4.35 3.39 3.70 4.04 4.54 5.03 5.47 5.75 5.74 5.41 4.97 4.72 4.79 5.05 5.28 5.46 5.60 5.64 5.67 5.85 6.27 6.62 6.44 6.08 5.79 5.79 5.89 5.99 6.01 6.04 6.04 5.97 5.72 5.26 4.76 4.46 4.43 4.67 5.16 5.70 6.08 6.24 6.32 6.39 6.43 6.42 6.32 6.05 5.85 5.84 5.90 5.81 5.66 5.76 5.89 5.92 5.91 5.92 5.75 5.57 5.68 6.03 6.54 6.99 7.41 7.74 7.91 7.95 7.89 7.66
6.18 6.23 6.38 6.62 6.96 7.26 7.20 6.66 5.78 4.77 3.88 3.18 2.81 2.70 2.68 2.68 2.80 3.14 3.64 4.21 4.72 5.07 5.06 4.86 4.75 4.78 4.88 4.93 4.78 4.62 4.64 4.77 4.98 5.25 5.69 6.20 6.33 6.08 5.91 6.05 6.15 6.23 6.34 6.61 6.74 6.74 6.62 6.47 6.41 6.36 6.28 6.56 6.96 7.16 7.07 6.69 6.40 6.26 6.11 5.88 5.67 5.49 5.42 5.52 5.61 5.49 5.33 5.47 5.56 5.53 5.49 5.43 5.15 4.83 4.72 4.82 5.07 5.38 5.78 6.25 6.70 7.00 7.13 7.24
6.21 6.28 6.47 6.76 7.04 7.02 6.53 5.66 4.67 3.81 3.25 3.04 3.05 3.12 3.13 3.07 3.08 3.23 3.50 3.85 4.21 4.43 4.57 4.80 5.09 5.30 5.38 5.28 5.09 4.97 4.93 5.00 5.17 5.29 5.36 5.68 5.98 5.98 5.99 6.20 6.35 6.52 6.81 7.24 7.40 7.39 7.30 7.27 7.39 7.61 7.75 7.74 7.53 7.09 6.62 6.35 6.20 6.01 5.71 5.34 5.04 4.92 4.98 5.20 5.42 5.44 5.39 5.42 5.37 5.28 5.23 5.15 4.91 4.55 4.27 4.13 4.19 4.25 4.34 4.59 4.96 5.33 5.50 5.58
6.23 6.31 6.48 6.70 6.69 6.27 5.46 4.52 3.73 3.26 3.13 3.24 3.44 3.69 3.94 4.13 4.22 4.26 4.41 4.69 4.96 5.11 5.24 5.40 5.53 5.72 6.05 6.34 6.49 6.52 6.46 6.40 6.35 6.15 5.64 5.48 5.75 6.03 6.33 6.61 6.81 7.06 7.38 7.66 7.61 7.45 7.35 7.39 7.57 7.83 7.94 7.82 7.38 6.72 6.27 6.23 6.19 5.95 5.53 5.09 4.78 4.69 4.89 5.29 5.66 5.81 5.79 5.66 5.42 5.28 5.19 5.11 4.89 4.43 3.89 3.43 3.28 3.15 3.06 3.22 3.54 3.89 3.98 3.97
6.25 6.27 6.28 6.17 5.75 4.99 4.11 3.41 3.04 3.01 3.21 3.53 3.88 4.25 4.74 5.28 5.72 6.01 6.28 6.55 6.71 6.68 6.49 6.18 5.92 6.04 6.54 6.94 7.11 7.08 6.96 6.82 6.60 6.26 5.72 5.57 5.82 6.30 6.79 7.11 7.30 7.46 7.57 7.55 7.30 7.10 7.08 7.23 7.48 7.67 7.58 7.47 7.41 7.34 7.09 6.73 6.40 6.06 5.75 5.49 5.35 5.32 5.52 5.85 6.09 6.09 5.90 5.72 5.54 5.52 5.51 5.34 4.94 4.22 3.40 2.76 2.52 2.35 2.25 2.41 2.61 2.71 2.82 2.99
6.25 6.25 6.09 5.64 4.89 4.07 3.41 3.04 3.01 3.27 3.68 4.16 4.67 5.21 5.81 6.51 7.09 7.59 7.93 7.99 7.76 7.32 6.77 6.32 6.13 6.32 6.61 6.53 6.18 5.93 5.72 5.60 5.52 5.43 5.43 5.70 6.11 6.60 7.06 7.30 7.34 7.28 7.09 6.84 6.70 6.64 6.71 6.89 7.14 7.33 7.26 7.18 7.23 7.32 7.25 6.87 6.45 6.12 5.91 5.81 5.83 5.97 6.15 6.35 6.37 6.15 5.79 5.67 5.77 6.05 6.08 5.73 5.12 4.27 3.34 2.76 2.54 2.36 2.26 2.37 2.47 2.43 2.42 2.72
6.26 6.20 5.94 5.47 4.94 4.49 4.17 3.98 3.98 4.23 4.59 5.06 5.65 6.32 6.99 7.57 8.02 8.28 8.23 7.86 7.24 6.55 6.10 6.03 6.28 6.64 6.69 6.21 5.59 5.26 5.15 5.18 5.32 5.35 5.51 5.92 6.36 6.74 7.01 7.09 6.99 6.74 6.39 6.12 6.07 6.14 6.21 6.31 6.39 6.35 6.32 6.36 6.40 6.40 6.33 6.25 6.10 5.91 5.75 5.65 5.72 6.03 6.36 6.59 6.53 6.27 5.99 5.95 6.13 6.39 6.33 5.88 5.37 4.90 4.22 3.69 3.31 2.97 2.91 3.00 3.01 2.94 2.98 3.40
6.19 6.05 5.72 5.60 5.42 5.32 5.25 5.27 5.42 5.57 5.74 6.07 6.65 7.35 7.95 8.24 8.24 7.92 7.29 6.48 5.76 5.35 5.38 5.77 6.31 6.89 7.04 6.87 6.65 6.56 6.55 6.53 6.40 6.15 6.02 6.19 6.44 6.64 6.73 6.67 6.39 6.03 5.76 5.66 5.66 5.76 5.87 5.84 5.52 5.05 4.80 4.86 5.06 5.15 5.22 5.42 5.60 5.65 5.65 5.65 5.79 6.12 6.39 6.47 6.30 6.08 6.00 6.06 6.11 6.16 6.05 5.71 5.63 5.71 5.54 5.01 4.45 3.94 4.09 4.29 4.24 4.13 4.33 4.99
6.04 5.85 5.62 5.75 5.72 5.86 6.05 6.34 6.66 6.89 7.05 7.28 7.71 8.18 8.34 8.16 7.64 6.86 6.01 5.32 4.95 4.93 5.25 5.75 6.36 7.08 7.39 7.58 7.70 7.73 7.65 7.45 7.14 6.76 6.44 6.38 6.43 6.46 6.39 6.14 5.72 5.41 5.38 5.51 5.66 5.87 6.03 5.87 5.26 4.59 4.20 4.09 4.00 4.13 4.53 5.05 5.48 5.70 5.77 5.83 6.01 6.26 6.29 6.16 5.91 5.74 5.69 5.69 5.67 5.70 5.63 5.58 5.95 6.47 6.76 6.63 6.17 5.75 6.04 6.21 6.10 6.03 6.26 6.62
5.97 5.84 5.75 5.88 6.14 6.54 6.99 7.37 7.62 7.80 7.95 8.14 8.30 8.27 7.92 7.28 6.51 5.72 5.12 4.84 5.02 5.44 5.92 6.32 6.82 7.27 7.30 7.19 7.20 7.19 7.09 6.99 6.92 6.81 6.53 6.36 6.30 6.16 5.87 5.54 5.34 5.48 5.72 5.91 6.09 6.35 6.43 6.27 5.89 5.54 5.24 4.92 4.51 4.59 5.00 5.43 5.77 5.99 6.11 6.20 6.27 6.35 6.29 6.15 5.98 5.80 5.62 5.55 5.59 5.71 5.73 5.84 6.30 6.81 7.28 7.60 7.77 7.83 7.98 8.03 7.89 7.72 7.60 7.29
6.01 5.96 5.91 6.06 6.44 6.92 7.32 7.58 7.72 7.80 7.92 8.03 7.96 7.58 6.90 6.14 5.41 4.84 4.53 4.61 5.20 5.88 6.37 6.73 7.08 7.16 6.75 6.22 5.93 5.83 5.83 6.01 6.30 6.50 6.42 6.23 6.02 5.72 5.41 5.35 5.68 6.18 6.40 6.45 6.52 6.65 6.62 6.48 6.35 6.45 6.51 6.40 6.15 5.93 5.87 5.84 5.93 6.16 6.43 6.58 6.60 6.65 6.59 6.50 6.36 6.17 6.03 6.07 6.25 6.27 6.19 6.20 6.38 6.58 6.94 7.54 8.14 8.52 8.64 8.55 8.24 7.90 7.46 6.80
6.00 5.97 5.90 6.00 6.28 6.58 6.71 6.78 6.84 6.95 7.12 7.16 6.97 6.51 5.87 5.17 4.57 4.33 4.42 4.81 5.41 5.90 6.29 6.56 6.72 6.52 5.90 5.32 4.90 4.70 4.77 5.04 5.39 5.72 5.97 6.03 5.89 5.71 5.73 6.06 6.51 6.71 6.69 6.64 6.65 6.67 6.55 6.28 6.20 6.33 6.51 6.68 6.74 6.55 6.09 5.79 5.86 6.16 6.48 6.71 6.87 7.03 7.02 6.91 6.74 6.57 6.51 6.57 6.63 6.47 6.33 6.30 6.26 6.28 6.51 6.95 7.44 7.77 7.85 7.83 7.64 7.28 6.73 6.05
5.97 5.98 6.00 6.04 6.06 5.99 5.88 5.77 5.81 6.01 6.21 6.17 5.83 5.31 4.70 4.22 4.19 4.60 5.29 5.88 6.17 6.33 6.45 6.51 6.39 5.88 5.09 4.47 4.07 3.91 3.96 4.09 4.25 4.59 5.04 5.47 5.81 6.10 6.42 6.66 6.73 6.64 6.51 6.48 6.53 6.50 6.30 5.96 5.70 5.53 5.53 5.76 6.06 6.11 5.85 5.69 5.82 6.14 6.46 6.77 7.09 7.33 7.31 7.17 6.96 6.76 6.60 6.44 6.26 6.00 5.99 6.07 6.12 6.17 6.29 6.37 6.45 6.44 6.52 6.81 7.06 7.05 6.83 6.58
6.15 6.29 6.46 6.38 6.12 5.77 5.51 5.34 5.38 5.55 5.55 5.22 4.63 3.99 3.51 3.59 4.32 5.41 6.25 6.71 6.92 6.97 6.92 6.83 6.62 6.19 5.39 4.56 4.06 3.92 3.89 3.89 3.97 4.18 4.56 5.13 5.75 6.19 6.31 6.22 6.10 6.05 6.07 6.15 6.26 6.24 6.03 5.61 5.14 4.78 4.63 4.66 4.85 5.17 5.37 5.53 5.74 6.06 6.40 6.75 7.11 7.35 7.30 7.13 6.92 6.72 6.50 6.24 5.99 5.75 5.72 5.82 5.95 5.97 5.95 6.01 5.89 5.69 5.59 5.82 6.26 6.69 7.05 7.33
6.44 6.60 6.70 6.54 6.24 5.89 5.62 5.47 5.38 5.15 4.64 3.94 3.26 2.80 2.74 3.17 4.12 5.23 6.02 6.58 6.93 7.08 7.07 7.07 7.06 6.86 6.44 5.88 5.49 5.41 5.40 5.29 5.29 5.32 5.47 5.73 6.00 6.06 5.88 5.67 5.54 5.54 5.75 5.96 6.13 6.10 5.86 5.45 5.02 4.68 4.44 4.12 3.89 4.00 4.44 5.03 5.58 6.01 6.34 6.67 6.98 7.07 6.97 6.80 6.71 6.67 6.59 6.42 6.22 5.95 5.77 5.77 5.81 5.81 5.89 5.95 5.79 5.54 5.26 5.10 5.18 5.50 5.97 6.47
6.43 6.40 6.30 6.16 5.98 5.75 5.55 5.33 4.92 4.26 3.38 2.75 2.49 2.60 2.97 3.51 4.12 4.68 5.22 5.81 6.21 6.45 6.73 7.07 7.22 7.16 7.19 7.34 7.44 7.47 7.42 7.33 7.20 6.93 6.71 6.53 6.30 6.06 5.85 5.67 5.54 5.56 5.83 6.06 6.18 6.10 5.88 5.65 5.44 5.15 4.72 4.08 3.55 3.61 4.17 4.97 5.69 6.14 6.43 6.70 6.81 6.71 6.55 6.53 6.61 6.71 6.75 6.67 6.50 6.20 5.98 5.92 5.90 5.85 5.79 5.70 5.63 5.55 5.34 4.97 4.57 4.33 4.38 4.64
6.16 5.92 5.71 5.69 5.62 5.47 5.27 4.79 4.20 3.61 3.21 3.08 3.28 3.83 4.77 5.59 5.65 5.47 5.38 5.43 5.60 5.94 6.56 7.09 7.16 7.10 7.32 7.72 8.05 8.22 8.20 8.08 7.86 7.51 7.12 6.76 6.41 6.15 5.93 5.72 5.69 5.89 6.16 6.24 6.16 6.01 5.87 5.81 5.74 5.41 4.82 4.23 4.15 4.60 5.21 5.68 6.01 6.25 6.50 6.62 6.49 6.30 6.32 6.53 6.68 6.74 6.76 6.77 6.73 6.60 6.38 6.24 6.06 5.75 5.40 5.23 5.32 5.46 5.42 5.15 4.70 4.37 4.29 4.35
5.99 5.76 5.53 5.52 5.55 5.52 5.30 4.89 4.47 4.27 4.46 4.92 5.50 6.40 7.40 8.03 8.18 7.73 7.02 6.62 6.55 6.80 7.26 7.35 7.11 6.89 6.89 7.00 7.18 7.41 7.51 7.49 7.42 7.27 7.07 6.81 6.52 6.27 5.97 5.76 5.90 6.27 6.45 6.26 5.99 5.82 5.74 5.76 5.82 5.69 5.37 5.26 5.56 6.04 6.23 6.13 6.03 6.16 6.34 6.33 6.17 6.13 6.29 6.46 6.53 6.49 6.46 6.53 6.69 6.82 6.70 6.46 6.11 5.66 5.28 5.12 5.21 5.38 5.45 5.43 5.44 5.54 5.61 5.47
6.03 5.88 5.70 5.69 5.80 5.95 6.01 5.96 5.90 6.04 6.56 7.30 8.14 8.86 9.27 9.37 9.37 9.17 8.87 8.57 8.38 8.29 8.11 7.62 7.10 6.76 6.55 6.37 6.20 6.12 6.16 6.25 6.34 6.45 6.56 6.62 6.58 6.39 6.12 6.00 6.14 6.22 6.08 5.83 5.70 5.74 5.80 5.92 6.17 6.45 6.62 6.73 6.86 6.88 6.55 6.13 6.07 6.22 6.28 6.21 6.15 6.18 6.18 6.14 6.08 5.96 5.88 6.00 6.24 6.49 6.57 6.44 6.15 5.82 5.54 5.39 5.37 5.42 5.49 5.64 5.87 6.12 6.23 6.18
6.15 6.11 6.03 6.03 6.15 6.35 6.61 6.89 7.28 7.80 8.44 9.06 9.48 9.56 9.34 8.96 8.66 8.72 8.83 8.82 8.70 8.49 8.10 7.50 6.96 6.67 6.50 6.36 6.13 5.78 5.47 5.37 5.42 5.57 5.82 6.09 6.28 6.29 6.18 6.02 5.80 5.49 5.20 5.24 5.64 6.00 6.21 6.38 6.65 7.10 7.48 7.65 7.62 7.44 7.09 6.77 6.71 6.67 6.54 6.39 6.25 6.10 5.94 5.84 5.75 5.58 5.46 5.54 5.72 5.97 6.18 6.23 6.09 5.90 5.73 5.62 5.51 5.42 5.46 5.60 5.74 5.83 5.88 5.94
6.28 6.30 6.27 6.29 6.40 6.56 6.82 7.27 7.96 8.65 9.09 9.20 8.98 8.51 7.93 7.40 7.11 7.19 7.31 7.46 7.56 7.55 7.37 7.04 6.73 6.53 6.43 6.38 6.28 6.14 5.97 5.84 5.86 5.91 5.92 5.91 5.95 6.04 6.00 5.75 5.38 5.13 5.18 5.61 6.19 6.54 6.70 6.78 6.90 7.20 7.54 7.76 7.86 7.91 7.91 7.77 7.57 7.26 6.88 6.54 6.25 5.97 5.82 5.76 5.61 5.40 5.32 5.39 5.54 5.72 5.90 5.96 5.91 5.83 5.76 5.68 5.55 5.46 5.49 5.57 5.66 5.76 5.79 5.79
6.29 6.26 6.25 6.36 6.57 6.82 7.19 7.71 8.27 8.56 8.50 8.15 7.62 7.03 6.51 6.16 5.99 5.99 6.03 6.22 6.51 6.67 6.72 6.63 6.54 6.46 6.34 6.15 6.01 6.12 6.32 6.51 6.61 6.59 6.42 6.17 5.99 5.96 5.90 5.78 5.71 5.81 6.06 6.49 6.88 7.02 6.99 6.93 6.88 6.92 7.09 7.32 7.58 7.86 8.10 8.14 7.91 7.53 7.05 6.58 6.21 5.98 5.83 5.65 5.39 5.27 5.38 5.54 5.66 5.72 5.72 5.72 5.74 5.74 5.67 5.56 5.47 5.44 5.48 5.57 5.71 5.84 5.86 5.86
6.17 6.07 6.10 6.35 6.66 7.05 7.55 7.95 8.06 7.80 7.33 6.88 6.45 6.04 5.65 5.35 5.20 5.26 5.47 5.76 6.05 6.36 6.47 6.38 6.38 6.52 6.47 6.24 6.02 5.94 5.96 6.03 6.10 6.17 6.20 6.18 6.10 6.04 6.03 6.13 6.30 6.45 6.66 7.03 7.27 7.23 7.01 6.79 6.62 6.56 6.58 6.69 6.85 7.05 7.31 7.46 7.41 7.19 6.87 6.53 6.23 5.99 5.71 5.42 5.26 5.34 5.58 5.76 5.81 5.69 5.52 5.50 5.54 5.55 5.47 5.35 5.23 5.19 5.27 5.44 5.59 5.65 5.61 5.62
6.09 6.02 6.07 6.29 6.58 6.99 7.39 7.45 7.13 6.62 6.11 5.66 5.30 4.98 4.68 4.56 4.76 5.15 5.52 5.85 6.25 6.59 6.49 6.25 6.40 6.69 6.72 6.63 6.51 6.26 5.90 5.50 5.26 5.30 5.55 5.79 5.95 6.02 6.13 6.32 6.49 6.64 6.87 7.19 7.25 7.03 6.70 6.44 6.31 6.29 6.26 6.21 6.14 6.05 5.99 6.11 6.24 6.30 6.36 6.35 6.22 5.97 5.65 5.42 5.43 5.59 5.78 5.88 5.78 5.53 5.35 5.28 5.30 5.33 5.34 5.25 5.10 5.00 5.06 5.26 5.35 5.22 5.08 5.03
