project/data/elevation/US_DEM2016/US_DEM2016_point_10-28-2019_1048_30m_vel.asc
ncols	125
nrows	167
xllcorner	-2042055.000000
yllcorner	1465035.000000
cellsize	30.000000
NODATA_value	-9999.000000
[rows 108 to 143 of 167, columns 0 to 81 of 125]
9.45 9.27 9.09 9.11 9.18 9.24 9.28 9.18 9.05 9.19 9.86 10.84 11.93 12.86 13.46 13.76 13.99 13.81 13.27 12.67 12.21 11.90 11.63 11.21 10.83 10.52 10.25 10.02 9.82 9.83 10.10 10.40 10.53 10.59 10.62 10.58 10.39 9.94 9.49 9.34 9.54 9.65 9.52 9.22 8.98 9.00 9.37 9.98 10.64 11.07 11.07 10.77 10.52 10.32 9.81 9.17 8.99 9.19 9.30 9.26 9.24 9.31 9.35 9.39 9.46 9.46 9.51 9.86 10.36 10.70 10.61 10.20 9.68 9.17 8.77 8.61 8.83 9.27 9.50 9.49 9.54 9.73
9.62 9.56 9.47 9.47 9.61 9.89 10.26 10.64 11.10 11.68 12.45 13.29 13.88 14.05 13.86 13.53 13.29 13.46 13.57 13.43 13.12 12.69 12.11 11.41 10.83 10.46 10.22 10.01 9.63 9.12 8.80 8.79 8.88 9.09 9.43 9.83 10.06 9.96 9.71 9.42 9.06 8.60 8.22 8.27 8.69 9.12 9.63 10.28 11.06 11.87 12.28 12.17 11.83 11.40 10.78 10.16 9.94 9.83 9.64 9.47 9.37 9.21 9.03 8.96 9.01 8.95 8.85 9.01 9.42 9.87 10.15 10.08 9.74 9.35 9.08 8.95 8.99 9.23 9.46 9.46 9.39 9.38
9.81 9.89 9.87 9.84 9.96 10.19 10.55 11.11 11.97 12.85 13.45 13.63 13.38 12.82 12.15 11.56 11.21 11.28 11.42 11.57 11.63 11.58 11.37 11.01 10.64 10.33 10.14 10.13 10.08 9.86 9.48 9.19 9.18 9.26 9.31 9.38 9.49 9.62 9.51 9.06 8.45 8.02 8.05 8.53 9.19 9.67 10.10 10.54 11.08 11.76 12.29 12.50 12.46 12.36 12.20 11.81 11.37 10.82 10.22 9.77 9.39 9.06 8.88 8.85 8.84 8.73 8.60 8.64 8.95 9.37 9.70 9.77 9.59 9.37 9.21 9.11 9.08 9.25 9.45 9.42 9.26 9.22
9.84 9.87 9.91 10.00 10.21 10.52 10.97 11.57 12.30 12.77 12.78 12.36 11.67 10.92 10.30 9.90 9.62 9.50 9.47 9.66 9.96 10.14 10.35 10.48 10.50 10.32 10.01 9.81 9.79 10.01 10.23 10.38 10.46 10.40 10.14 9.75 9.47 9.44 9.36 9.12 8.93 8.98 9.21 9.64 10.04 10.33 10.53 10.67 10.83 11.11 11.50 11.89 12.24 12.56 12.81 12.71 12.19 11.48 10.68 9.94 9.41 9.11 8.94 8.75 8.53 8.48 8.58 8.75 8.99 9.22 9.37 9.44 9.42 9.32 9.16 9.01 8.99 9.19 9.45 9.46 9.34 9.34
9.63 9.57 9.66 9.96 10.32 10.82 11.43 11.91 12.10 11.85 11.27 10.69 10.16 9.66 9.20 8.81 8.47 8.34 8.49 8.79 9.07 9.41 9.71 9.94 10.18 10.40 10.26 9.95 9.66 9.62 9.73 9.86 9.97 10.08 10.11 9.97 9.72 9.55 9.53 9.65 9.80 9.92 10.06 10.35 10.59 10.73 10.71 10.54 10.40 10.46 10.59 10.82 11.12 11.48 11.87 12.03 11.82 11.31 10.65 10.02 9.54 9.17 8.80 8.46 8.30 8.45 8.74 8.98 9.10 9.07 9.03 9.13 9.20 9.14 8.97 8.77 8.66 8.78 9.10 9.28 9.20 9.14
9.48 9.39 9.47 9.77 10.15 10.67 11.17 11.27 10.96 10.32 9.62 9.00 8.54 8.17 7.80 7.55 7.62 7.91 8.24 8.59 9.06 9.54 9.61 9.54 9.95 10.54 10.78 10.73 10.46 9.99 9.45 8.82 8.48 8.66 9.13 9.50 9.62 9.61 9.68 9.89 10.06 10.19 10.34 10.55 10.60 10.56 10.40 10.15 9.99 10.02 10.03 9.97 9.89 9.85 9.82 10.05 10.25 10.25 10.14 9.94 9.62 9.17 8.71 8.42 8.45 8.69 8.97 9.13 9.08 8.87 8.76 8.78 8.82 8.84 8.81 8.68 8.51 8.44 8.65 8.92 8.87 8.61
9.53 9.47 9.49 9.62 9.88 10.22 10.38 9.99 9.24 8.43 7.69 7.01 6.49 6.20 6.28 6.75 7.55 8.40 9.03 9.49 9.88 9.90 9.48 9.33 9.82 10.38 10.76 10.95 10.94 10.66 10.31 9.69 8.87 8.34 8.25 8.46 8.91 9.39 9.68 9.88 10.12 10.38 10.54 10.53 10.24 9.80 9.54 9.48 9.51 9.68 9.89 9.85 9.65 9.24 8.62 8.19 8.23 8.69 9.20 9.47 9.48 9.30 9.12 8.99 8.95 9.02 9.15 9.16 8.98 8.80 8.71 8.67 8.67 8.71 8.71 8.65 8.56 8.47 8.52 8.64 8.46 7.95
9.70 9.69 9.69 9.67 9.72 9.72 9.48 8.87 8.02 7.19 6.55 6.05 5.74 5.83 6.58 7.75 8.89 9.84 10.55 10.85 10.61 9.87 8.86 8.53 8.93 9.36 9.76 10.24 10.56 10.77 11.01 11.02 10.52 9.46 8.45 8.21 8.76 9.48 9.97 10.26 10.48 10.63 10.63 10.42 9.87 9.11 8.67 8.71 8.97 9.37 9.95 10.25 10.26 9.94 9.19 8.24 7.73 7.85 8.28 8.73 9.08 9.30 9.45 9.53 9.53 9.46 9.31 9.10 8.86 8.72 8.72 8.76 8.80 8.78 8.69 8.60 8.61 8.67 8.72 8.67 8.32 7.78
9.83 9.87 9.85 9.73 9.56 9.27 8.83 8.33 7.97 7.78 7.65 7.50 7.59 8.14 9.13 10.26 11.14 11.54 11.55 11.22 10.58 9.76 8.78 8.00 7.88 8.02 8.51 9.24 9.74 10.02 10.40 10.93 11.19 10.89 10.19 9.83 9.92 10.20 10.41 10.50 10.48 10.41 10.33 10.19 9.77 9.06 8.40 8.25 8.62 9.23 9.87 10.43 10.75 10.74 10.44 9.95 9.35 8.83 8.59 8.67 8.91 9.12 9.29 9.46 9.61 9.60 9.43 9.14 8.80 8.53 8.47 8.58 8.72 8.79 8.77 8.73 8.76 8.87 9.00 9.03 8.87 8.53
9.81 9.81 9.78 9.65 9.41 9.04 8.65 8.41 8.48 8.80 9.21 9.72 10.34 11.01 11.59 11.91 11.89 11.50 10.93 10.31 9.89 9.78 9.49 8.70 7.97 7.71 7.86 8.44 8.90 8.93 8.91 9.42 10.39 11.09 11.27 11.12 10.83 10.51 10.20 9.97 9.83 9.82 9.89 9.99 9.94 9.55 8.75 8.23 8.45 9.03 9.46 9.87 10.39 10.81 10.99 11.02 10.96 10.68 10.17 9.63 9.33 9.19 9.13 9.10 9.15 9.20 9.11 8.94 8.69 8.44 8.31 8.33 8.49 8.69 8.85 8.94 9.02 9.13 9.29 9.54 9.77 9.88
9.70 9.63 9.56 9.49 9.33 9.09 8.85 8.72 8.76 9.08 9.77 10.64 11.45 11.91 11.95 11.53 10.71 9.98 9.55 9.18 9.13 9.48 9.78 9.59 9.01 8.44 8.09 8.17 8.56 8.50 8.02 7.96 8.66 9.84 10.58 10.73 10.46 10.06 9.71 9.47 9.40 9.51 9.69 9.83 9.90 9.81 9.24 8.45 8.32 8.54 8.78 9.01 9.43 10.06 10.56 10.83 11.06 11.20 11.08 10.61 9.98 9.49 9.10 8.77 8.51 8.32 8.22 8.38 8.59 8.67 8.64 8.57 8.61 8.76 8.96 9.14 9.30 9.44 9.62 9.91 10.20 10.49
9.55 9.45 9.38 9.38 9.32 9.20 9.07 8.98 9.07 9.43 10.12 10.79 11.15 11.09 10.67 10.03 9.46 9.09 8.77 8.51 8.45 8.62 9.00 9.27 9.19 8.84 8.53 8.52 8.84 8.94 8.50 7.87 7.78 8.31 9.20 9.71 9.79 9.68 9.60 9.54 9.51 9.55 9.60 9.58 9.58 9.68 9.51 8.89 8.41 8.29 8.30 8.47 8.86 9.49 10.08 10.39 10.48 10.53 10.62 10.59 10.26 9.68 9.11 8.58 8.03 7.67 7.77 8.27 8.79 9.10 9.21 9.16 9.06 9.00 9.03 9.16 9.30 9.41 9.55 9.72 9.86 9.96
9.44 9.36 9.33 9.35 9.32 9.28 9.28 9.33 9.53 10.00 10.50 10.73 10.55 10.11 9.60 9.21 9.01 8.77 8.37 8.02 7.80 7.78 8.08 8.51 8.64 8.56 8.61 8.82 9.15 9.42 9.34 8.76 8.06 7.84 8.15 8.73 9.16 9.42 9.61 9.70 9.70 9.66 9.55 9.32 9.16 9.29 9.44 9.15 8.60 8.27 8.17 8.38 8.85 9.41 9.92 10.17 10.05 9.80 9.75 9.87 9.85 9.56 9.13 8.68 8.33 8.30 8.58 8.93 9.17 9.32 9.41 9.44 9.33 9.15 8.97 8.88 8.88 8.98 9.15 9.31 9.39 9.35
9.50 9.47 9.43 9.36 9.31 9.36 9.55 9.80 10.12 10.49 10.65 10.52 10.20 9.85 9.54 9.26 8.92 8.52 8.23 8.12 8.17 8.32 8.50 8.56 8.48 8.42 8.56 8.79 9.10 9.45 9.66 9.49 9.00 8.44 8.11 8.23 8.66 9.07 9.33 9.53 9.63 9.67 9.49 9.04 8.65 8.68 8.97 8.92 8.46 8.12 8.08 8.32 8.70 9.05 9.40 9.73 9.78 9.56 9.35 9.29 9.34 9.33 9.25 9.21 9.28 9.45 9.56 9.53 9.41 9.30 9.26 9.27 9.26 9.16 8.99 8.80 8.72 8.86 9.07 9.15 9.12 9.02
9.62 9.56 9.43 9.31 9.30 9.41 9.70 10.17 10.68 10.82 10.64 10.28 9.97 9.75 9.53 9.16 8.76 8.56 8.71 9.05 9.32 9.36 9.19 8.93 8.66 8.51 8.52 8.65 8.86 9.22 9.52 9.59 9.42 9.09 8.70 8.56 8.73 8.98 9.10 9.28 9.43 9.43 9.04 8.39 7.94 7.97 8.37 8.53 8.24 7.87 7.70 7.70 7.85 8.09 8.44 8.93 9.34 9.47 9.39 9.27 9.23 9.27 9.34 9.42 9.49 9.56 9.57 9.57 9.56 9.52 9.39 9.25 9.19 9.15 9.05 8.97 8.97 8.99 8.91 8.76 8.62 8.47
9.47 9.34 9.16 9.13 9.23 9.40 9.67 10.06 10.44 10.47 10.17 9.75 9.43 9.14 8.78 8.59 8.65 8.93 9.25 9.40 9.30 9.07 8.95 9.00 9.06 8.93 8.65 8.54 8.60 8.87 9.20 9.28 9.15 9.03 9.07 9.17 9.23 9.21 9.13 9.22 9.13 8.69 7.91 7.29 7.10 7.27 7.77 8.19 8.12 7.69 7.23 6.89 6.74 6.90 7.33 7.95 8.61 9.02 9.15 9.15 9.17 9.25 9.27 9.18 9.07 9.13 9.29 9.44 9.59 9.70 9.67 9.48 9.28 9.08 8.90 8.85 8.75 8.52 8.20 8.06 8.08 8.02
9.39 9.27 9.14 9.13 9.21 9.34 9.48 9.59 9.60 9.45 9.20 8.97 8.71 8.28 7.97 8.28 8.70 8.90 8.78 8.41 8.12 8.15 8.46 8.90 9.25 9.34 9.08 8.69 8.51 8.59 8.94 9.11 9.00 8.95 9.09 9.25 9.27 9.18 9.05 8.98 8.54 7.73 7.08 6.91 6.96 7.11 7.44 7.91 8.06 7.85 7.52 7.14 6.75 6.55 6.68 7.25 7.96 8.41 8.64 8.85 9.04 9.18 9.31 9.43 9.51 9.61 9.63 9.54 9.44 9.44 9.54 9.52 9.28 8.90 8.65 8.48 8.25 8.01 7.88 7.95 8.05 7.93
9.68 9.76 9.70 9.44 9.25 9.18 9.17 9.11 8.93 8.72 8.63 8.64 8.43 8.00 7.94 8.21 8.28 8.02 7.56 7.21 7.30 7.78 8.42 8.96 9.32 9.51 9.47 9.19 8.85 8.64 8.80 9.08 9.08 8.90 8.70 8.55 8.54 8.58 8.61 8.44 7.99 7.56 7.67 8.04 8.22 8.14 8.09 8.20 8.31 8.31 8.18 7.93 7.61 7.30 7.17 7.37 7.80 8.27 8.64 8.93 9.09 9.20 9.45 9.86 10.07 10.04 9.78 9.50 9.27 9.15 9.18 9.21 9.04 8.74 8.46 8.18 7.96 7.85 7.94 8.13 8.17 7.91
9.85 9.95 9.89 9.46 9.09 8.91 8.86 8.76 8.60 8.54 8.63 8.66 8.38 7.99 7.75 7.51 7.18 6.94 6.86 7.00 7.46 8.07 8.67 9.14 9.37 9.46 9.53 9.47 9.19 8.85 8.82 9.09 9.13 8.75 8.20 7.90 7.93 8.17 8.33 8.26 8.21 8.52 9.01 9.37 9.55 9.57 9.45 9.23 9.00 8.77 8.47 8.15 7.95 7.88 7.84 7.86 8.08 8.52 8.90 9.12 9.12 9.21 9.39 9.59 9.53 9.32 9.14 9.13 9.23 9.28 9.16 8.97 8.76 8.58 8.34 7.98 7.59 7.31 7.32 7.62 7.97 8.07
9.47 9.32 8.99 8.74 8.58 8.58 8.62 8.58 8.49 8.44 8.38 8.25 8.02 7.69 7.27 6.90 6.75 6.89 7.37 8.11 8.73 9.07 9.16 9.04 8.86 8.91 9.07 9.13 9.02 8.86 8.88 9.13 9.26 9.00 8.51 8.24 8.32 8.48 8.60 8.71 9.00 9.33 9.52 9.66 9.90 10.21 10.42 10.37 10.02 9.48 9.02 8.65 8.36 8.21 8.15 8.16 8.34 8.66 8.94 9.06 9.01 9.05 9.05 8.93 8.70 8.59 8.73 9.06 9.36 9.44 9.25 8.87 8.60 8.42 8.27 8.09 7.77 7.30 6.95 7.08 7.76 8.44
8.91 8.42 7.90 7.87 8.02 8.28 8.49 8.52 8.44 8.27 8.04 7.85 7.78 7.75 7.69 7.67 7.92 8.44 9.20 9.87 10.20 10.08 9.53 8.84 8.38 8.37 8.48 8.53 8.58 8.63 8.71 8.96 9.29 9.38 9.27 9.21 9.20 9.11 9.03 9.09 9.20 9.21 9.32 9.56 9.98 10.44 10.87 11.13 11.08 10.70 10.18 9.75 9.32 8.91 8.58 8.39 8.37 8.51 8.75 8.94 8.87 8.85 8.76 8.56 8.43 8.63 8.99 9.27 9.26 9.07 8.87 8.68 8.49 8.31 8.17 8.23 8.38 8.35 7.98 7.74 8.05 8.60
8.99 8.52 8.00 8.04 8.27 8.47 8.55 8.52 8.42 8.28 8.12 8.03 8.15 8.48 8.92 9.36 9.86 10.31 10.57 10.65 10.46 10.02 9.41 8.84 8.43 8.27 8.22 8.25 8.37 8.46 8.50 8.65 9.06 9.43 9.52 9.46 9.32 9.16 9.04 8.97 8.88 8.89 9.13 9.53 10.06 10.56 10.92 11.18 11.39 11.28 10.82 10.21 9.69 9.32 9.01 8.73 8.48 8.34 8.49 8.75 8.82 8.81 8.74 8.66 8.72 9.00 9.20 9.07 8.64 8.30 8.27 8.32 8.31 8.28 8.22 8.16 8.30 8.68 8.94 8.90 8.76 8.67
9.45 9.28 9.15 9.33 9.42 9.20 8.81 8.56 8.46 8.42 8.41 8.50 8.80 9.33 9.86 10.28 10.53 10.55 10.35 9.91 9.33 8.79 8.57 8.52 8.42 8.34 8.34 8.47 8.64 8.74 8.69 8.70 8.99 9.36 9.40 9.10 8.82 8.75 8.82 8.85 8.85 8.96 9.27 9.66 10.04 10.30 10.35 10.36 10.53 10.67 10.41 9.96 9.66 9.49 9.31 9.08 8.82 8.61 8.50 8.66 8.86 8.92 8.92 8.96 9.11 9.24 9.09 8.62 8.11 7.96 8.03 8.11 8.16 8.31 8.53 8.49 8.26 8.20 8.56 9.02 9.21 9.20
9.67 9.71 9.87 10.03 10.01 9.72 9.17 8.68 8.47 8.48 8.60 8.83 9.21 9.63 9.91 9.95 9.81 9.59 9.21 8.55 7.85 7.51 7.64 8.03 8.30 8.48 8.67 8.91 9.13 9.28 9.38 9.45 9.58 9.74 9.75 9.45 9.02 8.82 8.83 9.01 9.28 9.64 9.91 9.98 9.93 9.74 9.41 9.20 9.34 9.75 9.93 9.87 9.82 9.70 9.49 9.30 9.15 9.03 8.87 8.87 8.98 9.07 9.15 9.25 9.31 9.16 8.76 8.29 8.09 8.08 8.14 8.22 8.29 8.39 8.58 8.76 8.73 8.45 8.31 8.67 9.39 10.08
9.69 9.77 9.88 9.90 9.87 9.88 9.65 9.13 8.72 8.64 8.73 8.88 9.10 9.26 9.24 9.17 9.10 8.82 8.27 7.66 7.30 7.33 7.71 8.14 8.42 8.64 8.90 9.16 9.38 9.60 9.88 10.17 10.37 10.45 10.45 10.24 9.80 9.38 9.10 9.22 9.63 10.04 10.12 9.94 9.66 9.25 8.73 8.44 8.61 9.20 9.76 9.99 9.97 9.81 9.61 9.46 9.37 9.33 9.22 9.09 9.09 9.17 9.29 9.35 9.28 8.96 8.45 8.15 8.17 8.27 8.34 8.40 8.51 8.60 8.55 8.57 8.83 9.11 9.18 9.33 9.91 10.60
9.77 9.94 10.15 10.16 10.13 10.10 10.11 9.92 9.50 9.15 8.93 8.76 8.65 8.60 8.70 8.88 8.90 8.58 8.18 8.03 8.19 8.42 8.58 8.68 8.76 8.84 9.01 9.22 9.44 9.64 9.84 10.11 10.41 10.66 10.83 10.86 10.68 10.28 9.75 9.49 9.62 9.76 9.78 9.71 9.45 9.00 8.54 8.33 8.50 9.06 9.73 10.13 10.21 10.05 9.85 9.68 9.53 9.44 9.28 9.12 9.07 9.12 9.19 9.23 9.17 8.91 8.52 8.32 8.36 8.48 8.58 8.57 8.55 8.60 8.65 8.69 8.86 9.31 9.89 10.30 10.50 10.45
9.98 10.35 10.83 10.86 10.63 10.29 10.24 10.30 10.12 9.61 9.04 8.59 8.29 8.25 8.50 8.76 8.71 8.56 8.64 8.98 9.31 9.38 9.26 9.16 9.13 9.13 9.21 9.31 9.46 9.64 9.75 9.81 9.93 10.29 10.83 11.31 11.55 11.41 10.89 10.15 9.73 9.55 9.60 9.54 9.18 8.77 8.53 8.56 8.81 9.29 9.86 10.31 10.53 10.43 10.17 9.88 9.63 9.43 9.20 9.07 9.03 9.03 9.05 9.06 9.07 8.98 8.82 8.77 8.80 8.86 8.91 8.86 8.66 8.51 8.64 9.01 9.39 9.81 10.45 10.97 10.89 10.21
10.01 10.33 10.81 10.95 10.80 10.39 10.11 10.02 9.91 9.51 8.95 8.46 8.22 8.25 8.38 8.40 8.42 8.65 9.09 9.44 9.55 9.50 9.39 9.37 9.38 9.34 9.28 9.26 9.31 9.51 9.75 9.81 9.83 10.10 10.65 11.24 11.68 11.87 11.74 11.15 10.26 9.64 9.28 8.98 8.61 8.44 8.53 8.74 9.05 9.53 10.04 10.44 10.68 10.65 10.40 10.06 9.74 9.46 9.18 9.07 9.05 9.06 9.06 9.06 9.11 9.16 9.17 9.23 9.30 9.35 9.35 9.31 9.14 8.91 8.87 9.21 9.96 10.82 11.51 11.72 11.37 10.55
9.68 9.63 9.61 9.82 10.05 10.00 9.72 9.51 9.49 9.36 9.12 8.93 8.89 8.88 8.69 8.38 8.35 8.62 8.91 9.05 9.19 9.34 9.43 9.50 9.49 9.35 9.14 8.99 9.01 9.23 9.52 9.79 9.95 10.08 10.22 10.44 10.73 11.07 11.29 11.12 10.33 9.42 8.69 8.26 8.11 8.18 8.42 8.68 9.10 9.66 10.07 10.33 10.52 10.61 10.49 10.22 9.87 9.52 9.19 9.09 9.15 9.21 9.22 9.18 9.19 9.27 9.39 9.52 9.65 9.77 9.93 10.08 10.08 10.01 9.95 10.11 10.67 11.48 12.00 11.97 11.65 11.18
9.23 8.83 8.14 7.91 8.14 8.52 8.79 9.05 9.38 9.69 9.89 10.06 10.16 9.96 9.40 8.79 8.46 8.33 8.25 8.33 8.71 9.16 9.42 9.54 9.52 9.39 9.14 8.86 8.68 8.76 8.94 9.17 9.35 9.47 9.41 9.35 9.43 9.60 9.77 9.75 9.43 8.84 8.26 7.92 7.94 8.13 8.35 8.69 9.28 9.80 9.99 10.05 10.22 10.42 10.46 10.28 9.98 9.64 9.30 9.24 9.35 9.44 9.43 9.34 9.25 9.27 9.43 9.66 9.87 10.10 10.47 10.91 11.29 11.60 11.82 11.88 11.89 11.95 11.83 11.55 11.58 11.78
8.85 8.25 7.22 6.78 6.77 7.13 7.78 8.49 9.16 9.81 10.30 10.53 10.49 10.15 9.59 9.02 8.55 8.23 8.13 8.31 8.69 9.05 9.29 9.46 9.56 9.55 9.42 9.11 8.66 8.42 8.39 8.40 8.41 8.49 8.55 8.50 8.43 8.46 8.49 8.53 8.51 8.33 8.11 8.08 8.31 8.63 8.95 9.42 9.88 10.04 9.96 9.94 10.09 10.28 10.35 10.28 10.15 10.04 9.99 9.99 9.91 9.76 9.61 9.49 9.41 9.39 9.51 9.76 10.06 10.42 10.94 11.57 12.26 12.83 13.16 13.09 12.71 12.16 11.56 11.27 11.60 12.23
8.77 8.15 7.20 6.90 6.98 7.29 7.74 8.18 8.66 9.24 9.77 9.98 9.80 9.47 9.18 8.89 8.60 8.41 8.48 8.76 9.04 9.26 9.35 9.46 9.58 9.67 9.73 9.65 9.32 8.78 8.43 8.25 8.17 8.14 8.07 7.93 7.76 7.74 7.84 7.98 8.07 8.13 8.30 8.69 9.13 9.55 10.01 10.31 10.34 10.15 9.94 9.92 10.04 10.18 10.24 10.26 10.36 10.58 10.78 10.78 10.43 9.94 9.63 9.56 9.61 9.65 9.65 9.82 10.20 10.73 11.33 11.91 12.42 12.75 12.87 12.72 12.30 11.69 11.18 11.10 11.43 12.02
9.27 8.88 8.47 8.52 8.67 8.72 8.57 8.39 8.44 8.70 9.02 9.19 9.08 8.89 8.79 8.72 8.62 8.59 8.74 9.04 9.31 9.56 9.60 9.59 9.59 9.67 9.82 9.95 9.90 9.56 8.97 8.54 8.28 8.05 7.81 7.58 7.39 7.36 7.50 7.72 7.95 8.29 8.82 9.39 9.82 10.14 10.37 10.38 10.18 9.89 9.71 9.69 9.76 9.87 9.99 10.13 10.35 10.58 10.65 10.41 9.99 9.67 9.50 9.49 9.60 9.73 9.76 9.85 10.14 10.69 11.24 11.55 11.58 11.40 11.19 11.02 10.88 10.70 10.57 10.61 10.70 11.01
9.85 9.85 10.03 10.39 10.61 10.43 9.77 9.26 9.03 8.90 8.75 8.63 8.60 8.63 8.66 8.68 8.68 8.76 9.00 9.34 9.64 9.84 9.78 9.63 9.53 9.55 9.72 9.92 10.00 9.88 9.46 8.89 8.40 8.03 7.74 7.55 7.43 7.38 7.44 7.69 8.20 8.95 9.66 10.08 10.25 10.24 10.15 9.95 9.71 9.51 9.38 9.28 9.23 9.37 9.60 9.80 9.95 10.00 9.84 9.49 9.30 9.27 9.30 9.35 9.46 9.59 9.70 9.79 9.93 10.20 10.48 10.44 10.12 9.74 9.46 9.39 9.59 9.86 10.01 10.06 10.07 10.22
9.93 10.13 10.48 10.80 11.07 11.15 10.99 10.55 10.01 9.42 8.88 8.54 8.49 8.60 8.73 8.82 8.93 9.13 9.41 9.64 9.79 9.77 9.57 9.37 9.28 9.33 9.49 9.66 9.75 9.71 9.50 9.08 8.63 8.25 7.97 7.79 7.65 7.55 7.65 8.14 9.04 9.92 10.40 10.47 10.30 10.07 9.88 9.68 9.47 9.31 9.14 8.98 8.88 9.10 9.34 9.44 9.36 9.17 8.94 8.77 8.77 8.92 9.08 9.20 9.27 9.34 9.47 9.65 9.82 9.93 9.85 9.52 9.19 9.00 8.93 9.07 9.45 9.81 9.95 9.94 9.99 10.09
9.76 9.94 10.19 10.26 10.33 10.47 10.81 10.80 10.35 9.67 9.10 8.80 8.73 8.80 8.95 9.15 9.37 9.60 9.75 9.73 9.53 9.26 9.08 9.02 9.03 9.10 9.15 9.16 9.27 9.37 9.32 9.12 8.88 8.60 8.36 8.20 8.09 8.06 8.35 9.13 9.97 10.37 10.32 10.06 9.83 9.70 9.66 9.60 9.45 9.25 9.06 8.93 8.97 9.14 9.25 9.23 8.96 8.47 8.09 8.02 8.17 8.50 8.82 9.01 9.11 9.21 9.35 9.53 9.73 9.86 9.76 9.49 9.27 9.15 9.16 9.44 9.94 10.33 10.45 10.37 10.28 10.24
