project/data/elevation/US_DEM2016/US_DEM2016_point_10-27-2019_2035_30m_vel.asc
ncols	125
nrows	167
xllcorner	-2042055.000000
yllcorner	1465035.000000
cellsize	30.000000
NODATA_value	-9999.000000
[rows 114 to 151 of 167, columns 0 to 83 of 125]
5.59 5.44 5.28 5.16 5.03 5.01 5.02 4.93 4.78 4.61 4.45 4.32 4.34 4.56 4.88 5.10 5.23 5.38 5.58 5.90 6.33 6.44 5.89 5.47 5.93 6.80 7.70 8.29 8.36 8.12 7.90 7.39 6.42 5.54 5.21 5.22 5.31 5.44 5.53 5.62 5.82 6.09 6.38 6.59 6.46 6.23 6.17 6.04 6.00 6.48 7.23 7.74 7.92 7.56 6.68 5.93 5.57 5.43 5.31 5.22 5.08 4.94 4.96 5.20 5.50 5.87 6.40 6.76 6.75 6.47 6.16 5.90 5.68 5.49 5.40 5.50 5.75 6.12 6.93 7.94 7.83 6.60 5.58 4.97
5.72 5.59 5.41 5.22 4.93 4.66 4.50 4.52 4.52 4.44 4.36 4.32 4.28 4.47 4.84 5.23 5.50 5.73 5.99 6.29 6.64 6.79 5.97 4.90 4.92 5.74 6.80 7.74 8.08 8.02 8.11 8.22 7.82 6.71 5.58 5.09 5.17 5.47 5.67 5.77 5.89 6.08 6.38 6.76 6.74 6.19 5.66 5.46 5.55 6.06 7.05 7.86 8.30 8.21 7.46 6.29 5.39 4.94 4.73 4.76 4.86 4.92 5.05 5.37 5.73 6.03 6.43 6.82 6.81 6.46 6.15 5.94 5.75 5.56 5.43 5.50 5.79 6.22 7.01 8.06 8.07 6.88 5.81 5.05
5.76 5.70 5.54 5.31 4.94 4.51 4.26 4.40 4.70 4.98 5.18 5.20 5.21 5.36 5.62 5.94 6.19 6.30 6.28 6.33 6.74 7.23 6.64 4.98 4.15 4.50 5.66 6.96 7.58 7.47 7.39 7.86 8.28 7.97 6.96 6.13 5.78 5.78 5.79 5.76 5.77 5.85 6.17 6.77 7.11 6.68 5.72 5.07 5.10 5.63 6.55 7.61 8.38 8.70 8.45 7.67 6.65 5.73 5.02 4.75 4.77 4.79 4.85 5.14 5.63 6.08 6.52 6.95 6.95 6.45 5.98 5.75 5.65 5.56 5.50 5.57 5.82 6.26 7.10 8.25 8.49 7.50 6.50 5.91
5.69 5.65 5.53 5.32 5.01 4.63 4.41 4.54 4.91 5.36 5.78 6.08 6.28 6.41 6.45 6.42 6.38 6.30 6.15 6.08 6.50 7.37 7.48 6.23 4.58 4.09 4.75 6.16 7.16 7.04 6.39 6.51 7.41 8.00 7.78 7.08 6.35 5.85 5.57 5.41 5.39 5.52 5.88 6.57 7.25 7.33 6.39 5.08 4.70 5.12 5.89 6.86 7.82 8.52 8.71 8.39 7.83 7.16 6.30 5.50 5.13 4.91 4.75 4.80 5.21 5.82 6.41 6.97 7.10 6.58 5.93 5.58 5.45 5.45 5.51 5.66 5.91 6.31 7.10 8.23 8.73 8.24 7.40 6.94
5.61 5.55 5.42 5.28 5.11 4.89 4.74 4.78 4.94 5.18 5.58 6.00 6.30 6.42 6.39 6.22 5.95 5.75 5.71 5.71 6.01 6.88 7.62 7.29 5.95 4.73 4.62 5.58 6.91 7.10 6.13 5.42 5.77 6.83 7.33 7.03 6.31 5.68 5.34 5.18 5.20 5.35 5.68 6.25 7.00 7.60 7.20 5.58 4.52 4.53 5.20 6.02 6.88 7.76 8.28 8.22 7.88 7.57 7.14 6.43 5.72 5.23 4.86 4.65 4.83 5.38 6.01 6.72 7.09 6.78 6.20 5.76 5.51 5.43 5.51 5.69 5.95 6.33 7.03 8.01 8.59 8.44 7.84 7.34
5.58 5.47 5.32 5.23 5.16 5.07 4.97 4.97 5.05 5.15 5.35 5.56 5.70 5.74 5.75 5.74 5.63 5.49 5.43 5.41 5.53 6.11 6.98 7.28 6.57 5.37 4.85 5.39 6.75 7.44 6.90 5.62 4.96 5.37 6.23 6.47 6.07 5.59 5.35 5.27 5.28 5.36 5.56 5.96 6.59 7.46 7.69 6.52 4.87 4.31 4.69 5.41 6.12 6.98 7.73 7.88 7.54 7.17 6.96 6.66 6.11 5.55 5.10 4.80 4.79 5.16 5.75 6.49 6.97 6.91 6.53 6.16 5.81 5.55 5.47 5.58 5.81 6.16 6.79 7.65 8.25 8.11 7.51 7.00
5.63 5.46 5.26 5.19 5.15 5.10 5.09 5.14 5.24 5.31 5.30 5.28 5.27 5.29 5.39 5.50 5.54 5.49 5.41 5.32 5.33 5.67 6.36 6.85 6.47 5.45 4.88 5.23 6.45 7.48 7.60 6.70 5.39 4.87 5.24 5.74 5.72 5.44 5.32 5.31 5.37 5.44 5.57 5.79 6.19 7.03 7.76 7.25 5.64 4.50 4.41 4.97 5.61 6.37 7.23 7.67 7.45 6.88 6.47 6.28 6.06 5.71 5.38 5.18 5.21 5.51 5.99 6.55 6.92 6.89 6.60 6.34 6.05 5.70 5.44 5.38 5.50 5.84 6.47 7.35 8.02 7.90 7.24 6.70
5.79 5.55 5.26 5.17 5.11 5.06 5.09 5.26 5.45 5.47 5.30 5.15 5.14 5.26 5.44 5.56 5.59 5.58 5.56 5.56 5.66 5.95 6.46 6.80 6.49 5.57 4.86 4.96 5.95 7.10 7.71 7.45 6.47 5.50 5.15 5.27 5.34 5.19 5.09 5.14 5.26 5.44 5.63 5.75 5.88 6.49 7.47 7.52 6.28 4.81 4.27 4.50 5.03 5.66 6.51 7.27 7.44 6.97 6.35 5.98 5.86 5.72 5.59 5.59 5.72 5.94 6.28 6.71 6.98 6.87 6.50 6.24 6.08 5.82 5.55 5.41 5.43 5.70 6.36 7.23 7.92 7.86 7.21 6.68
5.97 5.68 5.26 5.10 5.05 4.98 4.94 5.14 5.49 5.57 5.39 5.17 5.09 5.20 5.40 5.58 5.68 5.71 5.76 5.88 6.09 6.37 6.78 7.06 6.71 5.78 4.90 4.70 5.38 6.61 7.45 7.59 7.05 6.24 5.69 5.45 5.32 5.10 4.90 4.91 5.02 5.24 5.52 5.62 5.56 5.98 7.03 7.54 6.74 5.21 4.22 3.93 4.17 4.74 5.57 6.52 7.12 7.04 6.51 6.05 5.85 5.73 5.64 5.62 5.69 5.84 6.16 6.67 7.04 7.02 6.65 6.26 6.07 5.88 5.66 5.55 5.54 5.68 6.21 7.12 7.84 7.78 7.05 6.44
6.06 5.71 5.18 4.96 4.94 4.90 4.77 4.74 4.97 5.26 5.33 5.15 4.93 4.91 5.08 5.36 5.65 5.75 5.71 5.72 5.86 6.19 6.70 7.13 7.00 6.29 5.26 4.63 4.90 6.04 7.09 7.45 7.07 6.38 5.98 5.79 5.58 5.23 5.07 4.76 4.76 4.90 5.19 5.30 5.22 5.53 6.54 7.40 7.07 5.76 4.51 3.73 3.48 3.78 4.55 5.55 6.45 6.75 6.46 6.05 5.83 5.71 5.61 5.53 5.48 5.59 5.96 6.50 6.94 7.07 6.90 6.52 6.17 5.89 5.61 5.46 5.42 5.49 5.93 6.91 7.78 7.75 6.93 6.08
6.24 5.86 5.27 4.95 4.87 4.82 4.62 4.35 4.27 4.55 4.88 4.96 4.79 4.64 4.73 5.08 5.42 5.51 5.33 5.16 5.28 5.74 6.37 6.87 6.97 6.69 6.00 5.08 4.78 5.50 6.71 7.37 7.15 6.40 5.89 5.71 5.57 5.27 4.84 4.59 4.56 4.76 5.08 5.27 5.30 5.49 6.23 7.18 7.24 6.35 5.26 4.39 3.78 3.55 3.83 4.67 5.73 6.29 6.17 5.87 5.72 5.66 5.66 5.74 5.78 5.84 6.07 6.47 6.78 6.85 6.82 6.66 6.30 5.91 5.57 5.35 5.29 5.39 5.84 6.83 7.77 7.86 7.04 5.94
6.44 6.22 5.70 5.20 4.89 4.71 4.49 4.15 3.93 4.08 4.86 4.83 4.86 4.65 4.60 4.77 4.97 5.10 4.99 4.83 4.96 5.44 6.07 6.55 6.71 6.70 6.49 5.82 5.16 5.31 6.36 7.30 7.32 6.55 5.72 5.30 5.16 4.98 4.68 4.44 4.54 4.94 5.40 5.77 5.99 6.12 6.53 7.20 7.37 6.80 5.96 5.22 4.64 4.18 3.99 4.32 5.21 5.98 6.06 5.82 5.67 5.60 5.61 5.80 5.95 6.00 6.12 6.47 6.75 6.67 6.55 6.54 6.33 5.98 5.66 5.40 5.31 5.37 5.77 6.75 7.82 8.10 7.33 6.15
6.42 6.33 5.98 5.40 4.90 4.60 4.40 4.12 3.89 3.96 4.31 4.74 4.94 4.75 4.47 4.39 4.56 4.79 4.88 4.86 4.99 5.38 5.92 6.32 6.44 6.44 6.44 6.17 5.62 5.41 6.05 7.10 7.47 6.84 5.75 5.10 4.88 4.80 4.68 4.61 4.84 5.35 5.80 6.17 6.52 6.85 7.24 7.65 7.67 7.17 6.41 5.63 5.05 4.67 4.42 4.40 4.92 5.70 6.02 5.86 5.60 5.45 5.36 5.40 5.54 5.66 5.85 6.29 6.71 6.73 6.55 6.49 6.33 6.06 5.81 5.60 5.40 5.23 5.36 6.25 7.64 8.26 7.68 6.56
6.25 6.09 5.68 5.22 4.78 4.50 4.36 4.19 3.96 3.85 4.57 4.39 4.79 4.80 4.54 4.40 4.57 4.85 5.06 5.25 5.45 5.75 6.08 6.20 6.08 6.00 6.03 5.98 5.69 5.44 5.80 6.82 7.54 7.32 6.33 5.48 5.12 5.01 4.94 4.96 5.17 5.47 5.72 6.00 6.40 6.93 7.57 8.14 8.25 7.79 7.06 6.25 5.49 4.94 4.67 4.57 4.76 5.34 5.84 5.81 5.48 5.26 5.09 5.03 5.17 5.40 5.67 6.10 6.57 6.79 6.75 6.57 6.35 6.10 5.94 5.90 5.85 5.61 5.38 5.80 7.12 8.06 7.85 6.93
6.37 5.91 5.27 4.92 4.61 4.39 4.32 4.25 4.02 4.63 3.78 4.13 4.64 4.99 5.05 5.01 5.18 5.44 5.64 5.77 5.95 6.22 6.48 6.41 5.98 5.70 5.67 5.65 5.48 5.29 5.50 6.38 7.40 7.64 7.00 6.15 5.61 5.33 5.15 5.03 5.04 5.15 5.41 5.73 6.15 6.69 7.42 8.27 8.80 8.66 8.00 7.21 6.38 5.60 5.07 4.84 4.72 4.92 5.46 5.69 5.41 5.18 5.04 5.01 5.14 5.40 5.69 6.01 6.36 6.62 6.65 6.54 6.35 6.14 5.99 5.99 6.19 6.37 6.23 6.17 6.85 7.70 7.76 7.10
6.86 6.25 5.40 5.06 4.80 4.51 4.35 4.32 4.17 4.70 3.94 4.23 4.72 5.24 5.57 5.72 5.89 6.03 6.02 5.93 5.90 6.18 6.74 6.84 6.26 5.73 5.57 5.54 5.41 5.25 5.32 5.93 6.97 7.55 7.23 6.45 5.79 5.36 5.08 4.89 4.82 4.95 5.23 5.53 5.90 6.37 7.00 7.87 8.76 9.08 8.70 7.88 6.99 6.16 5.56 5.26 4.97 4.76 5.08 5.47 5.43 5.25 5.18 5.22 5.31 5.47 5.66 5.89 6.11 6.23 6.31 6.32 6.25 6.20 6.14 5.98 5.96 6.35 6.74 6.89 7.17 7.63 7.64 7.09
7.22 6.74 5.98 5.66 5.45 5.06 4.62 4.43 4.38 4.26 4.22 4.41 4.79 5.29 5.66 5.82 5.88 5.89 5.84 5.66 5.47 5.69 6.50 6.92 6.50 5.86 5.63 5.64 5.60 5.51 5.51 5.82 6.60 7.32 7.29 6.53 5.70 5.17 4.95 4.88 4.91 5.07 5.28 5.43 5.61 5.89 6.37 7.09 8.06 8.85 8.88 8.19 7.31 6.52 5.95 5.66 5.41 5.09 5.03 5.30 5.44 5.38 5.35 5.42 5.47 5.50 5.61 5.82 5.95 6.05 6.15 6.21 6.19 6.20 6.32 6.27 6.02 5.95 6.31 6.87 7.42 7.85 7.85 7.44
7.26 6.90 6.30 5.96 5.79 5.58 5.12 4.68 4.50 4.44 4.39 4.43 4.64 5.00 5.34 5.45 5.40 5.39 5.43 5.34 5.16 5.31 6.02 6.67 6.50 5.91 5.64 5.70 5.76 5.77 5.88 6.15 6.66 7.31 7.56 7.07 6.14 5.33 4.96 4.98 5.17 5.40 5.53 5.50 5.43 5.46 5.74 6.33 7.28 8.36 8.80 8.35 7.59 6.85 6.25 5.95 5.75 5.49 5.30 5.34 5.44 5.45 5.46 5.55 5.59 5.53 5.59 5.77 5.96 6.11 6.22 6.29 6.29 6.21 6.22 6.37 6.42 6.27 6.17 6.48 7.21 7.86 8.07 7.90
7.15 6.89 6.39 5.95 5.71 5.75 5.67 5.23 4.77 4.58 4.50 4.37 4.32 4.50 4.79 5.01 5.11 5.15 5.22 5.26 5.21 5.33 5.92 6.52 6.48 5.91 5.52 5.54 5.66 5.72 5.92 6.32 6.83 7.43 7.87 7.74 6.99 5.95 5.17 5.02 5.20 5.42 5.52 5.47 5.35 5.31 5.46 5.89 6.70 7.82 8.54 8.41 7.78 7.12 6.54 6.20 5.97 5.73 5.54 5.44 5.44 5.45 5.47 5.58 5.71 5.69 5.62 5.73 5.95 6.16 6.30 6.35 6.36 6.33 6.19 6.16 6.38 6.65 6.73 6.74 7.04 7.49 7.75 7.74
7.03 6.95 6.70 6.29 5.91 5.82 5.96 5.90 5.44 4.95 4.67 4.40 4.11 4.06 4.34 4.74 5.03 5.20 5.36 5.55 5.69 5.85 6.21 6.62 6.59 6.02 5.45 5.36 5.49 5.56 5.64 5.95 6.54 7.25 7.87 8.10 7.77 6.91 5.80 5.18 5.06 5.13 5.31 5.42 5.40 5.41 5.52 5.80 6.40 7.34 8.17 8.37 8.02 7.46 6.89 6.50 6.18 5.85 5.61 5.49 5.40 5.33 5.32 5.46 5.76 5.90 5.84 5.86 6.02 6.22 6.39 6.42 6.36 6.32 6.27 6.21 6.24 6.52 6.96 7.20 7.22 7.20 7.17 7.15
6.83 6.95 7.06 6.87 6.40 5.94 5.92 6.11 6.00 5.44 4.93 4.59 4.23 3.99 4.10 4.50 4.91 5.24 5.56 5.87 6.08 6.24 6.52 6.80 6.78 6.27 5.58 5.30 5.35 5.45 5.48 5.59 5.97 6.68 7.48 8.04 8.21 7.89 6.96 5.84 5.24 5.05 5.19 5.40 5.47 5.50 5.60 5.84 6.31 7.07 7.80 8.21 8.21 7.86 7.33 6.84 6.42 5.97 5.65 5.54 5.42 5.51 5.19 5.32 5.72 6.02 6.07 6.13 6.25 6.40 6.55 6.63 6.53 6.32 6.21 6.28 6.40 6.53 6.90 7.40 7.62 7.46 7.05 6.75
6.48 6.60 6.85 6.98 6.77 6.18 5.81 5.85 5.97 5.68 5.19 4.85 4.56 4.22 4.04 4.21 4.65 5.12 5.53 5.85 6.03 6.22 6.58 6.89 6.92 6.53 5.79 5.28 5.16 5.24 5.39 5.52 5.71 6.16 6.87 7.52 8.01 8.20 7.87 6.94 5.89 5.23 4.99 5.15 5.31 5.38 5.53 5.77 6.23 6.88 7.47 7.91 8.17 8.11 7.73 7.22 6.72 6.17 5.75 5.62 5.56 5.44 5.31 5.33 5.69 6.08 6.20 6.28 6.43 6.60 6.77 6.93 6.91 6.65 6.30 6.20 6.44 6.76 7.08 7.56 8.09 8.20 7.66 6.98
6.22 6.12 6.04 6.26 6.41 6.15 5.68 5.52 5.73 5.76 5.52 5.30 5.11 4.77 4.39 4.25 4.46 4.82 5.16 5.47 5.76 6.07 6.53 6.89 6.98 6.72 6.00 5.26 4.94 4.91 5.06 5.35 5.60 5.85 6.23 6.73 7.20 7.61 7.74 7.35 6.41 5.43 4.85 4.86 5.08 5.19 5.34 5.58 6.07 6.69 7.16 7.52 7.88 8.09 7.96 7.58 7.06 6.44 5.91 5.71 5.67 5.64 5.53 5.47 5.67 6.03 6.20 6.28 6.45 6.70 6.99 7.29 7.41 7.28 6.95 6.63 6.56 6.76 7.04 7.50 8.28 8.84 8.63 7.84
6.33 5.97 5.36 5.14 5.27 5.34 5.20 5.15 5.48 5.84 5.90 5.85 5.78 5.53 5.09 4.69 4.50 4.56 4.74 5.02 5.40 5.82 6.38 6.83 7.00 6.92 6.37 5.48 4.83 4.57 4.56 4.78 5.08 5.38 5.65 5.98 6.33 6.66 6.86 6.75 6.27 5.57 5.02 4.89 5.02 5.13 5.21 5.45 5.96 6.54 6.92 7.17 7.50 7.86 7.98 7.81 7.39 6.78 6.17 5.86 5.77 5.76 5.72 5.66 5.73 5.93 6.09 6.23 6.44 6.72 7.09 7.51 7.84 7.98 7.91 7.65 7.26 6.98 6.91 7.18 8.01 9.04 9.46 9.10
6.76 6.23 5.25 4.71 4.50 4.50 4.55 4.64 4.99 5.54 5.88 5.93 5.89 5.77 5.48 5.06 4.71 4.59 4.71 4.98 5.27 5.62 6.15 6.66 6.95 7.04 6.79 6.06 5.14 4.54 4.28 4.26 4.43 4.75 5.15 5.45 5.67 5.93 6.10 6.10 5.94 5.63 5.31 5.15 5.20 5.32 5.44 5.67 6.08 6.52 6.80 6.96 7.22 7.61 7.89 7.92 7.67 7.21 6.71 6.34 6.09 5.96 5.86 5.82 5.90 5.98 6.02 6.15 6.40 6.72 7.09 7.48 7.91 8.21 8.35 8.26 7.93 7.45 7.00 6.92 7.57 8.79 9.72 9.97
7.34 6.74 5.63 4.95 4.63 4.48 4.42 4.37 4.45 4.80 5.27 5.51 5.53 5.50 5.40 5.19 4.93 4.81 4.91 5.14 5.36 5.66 6.07 6.50 6.81 6.99 6.99 6.66 5.98 5.14 4.55 4.28 4.27 4.48 4.86 5.15 5.28 5.49 5.69 5.78 5.77 5.67 5.51 5.44 5.49 5.62 5.78 5.95 6.24 6.57 6.75 6.83 7.05 7.44 7.78 7.90 7.79 7.49 7.14 6.82 6.46 6.13 5.90 5.85 6.02 6.15 6.07 6.05 6.27 6.64 6.98 7.20 7.46 7.71 7.87 7.96 7.93 7.65 7.09 6.66 6.97 8.03 9.17 9.85
7.79 7.30 6.39 5.78 5.47 5.21 4.90 4.58 4.33 4.32 4.60 5.00 5.19 5.23 5.23 5.17 5.06 4.97 5.01 5.19 5.41 5.74 6.11 6.44 6.67 6.82 6.89 6.84 6.58 6.02 5.22 4.67 4.45 4.46 4.72 5.02 5.15 5.28 5.47 5.62 5.70 5.70 5.63 5.60 5.64 5.71 5.77 5.87 6.18 6.51 6.64 6.64 6.80 7.19 7.57 7.69 7.60 7.35 7.01 6.65 6.33 6.06 5.83 5.75 5.91 6.12 6.09 5.96 6.02 6.30 6.56 6.64 6.68 6.78 6.90 7.13 7.44 7.48 6.98 6.32 6.20 6.87 7.99 8.95
7.79 7.56 7.05 6.60 6.40 6.23 5.76 5.25 4.80 4.49 4.41 4.61 4.90 5.07 5.14 5.18 5.16 5.11 5.12 5.25 5.46 5.78 6.13 6.43 6.58 6.63 6.64 6.66 6.65 6.45 5.86 5.17 4.77 4.63 4.74 5.02 5.24 5.33 5.41 5.52 5.67 5.77 5.81 5.78 5.73 5.66 5.62 5.69 6.01 6.34 6.46 6.40 6.46 6.84 7.30 7.42 7.24 6.98 6.63 6.23 6.01 5.87 5.72 5.63 5.71 5.89 5.93 5.83 5.78 5.84 5.93 5.92 5.94 6.03 6.16 6.46 6.95 7.23 6.83 6.05 5.70 6.02 6.89 7.98
7.42 7.40 7.17 6.71 6.49 6.61 6.61 6.21 5.62 5.05 4.67 4.61 4.78 4.99 5.15 5.27 5.32 5.31 5.29 5.32 5.43 5.67 6.00 6.34 6.51 6.48 6.38 6.34 6.41 6.40 6.11 5.58 5.17 4.99 5.01 5.21 5.43 5.51 5.49 5.56 5.73 5.90 5.96 5.90 5.76 5.63 5.59 5.68 5.93 6.19 6.31 6.25 6.19 6.56 7.10 7.28 7.02 6.64 6.28 5.95 5.75 5.66 5.55 5.47 5.49 5.61 5.66 5.64 5.64 5.68 5.69 5.63 5.67 5.83 6.00 6.28 6.80 7.17 6.90 6.08 5.62 5.74 6.36 7.42
7.08 7.13 7.04 6.52 6.00 6.00 6.40 6.49 6.13 5.54 5.08 4.91 4.94 5.06 5.21 5.37 5.49 5.49 5.42 5.32 5.28 5.43 5.78 6.19 6.43 6.40 6.19 6.01 6.06 6.20 6.12 5.79 5.51 5.38 5.38 5.52 5.75 5.81 5.72 5.72 5.80 5.84 5.80 5.70 5.59 5.54 5.60 5.76 5.95 6.13 6.25 6.20 6.16 6.45 6.99 7.30 7.09 6.52 6.01 5.70 5.49 5.38 5.32 5.26 5.29 5.41 5.47 5.46 5.50 5.64 5.81 5.84 5.84 5.96 6.09 6.28 6.74 7.23 7.21 6.51 5.82 5.71 6.16 7.15
6.91 6.97 7.00 6.67 5.95 5.38 5.44 5.82 5.96 5.73 5.36 5.15 5.12 5.15 5.20 5.32 5.46 5.48 5.39 5.24 5.16 5.26 5.56 6.00 6.34 6.44 6.25 5.98 5.97 6.14 6.18 5.95 5.71 5.63 5.65 5.79 6.08 6.21 6.06 5.83 5.65 5.51 5.45 5.41 5.38 5.41 5.60 5.86 6.02 6.12 6.17 6.16 6.12 6.36 6.91 7.37 7.40 6.96 6.36 5.91 5.54 5.22 5.10 5.11 5.18 5.32 5.38 5.35 5.32 5.42 5.73 5.97 6.01 6.07 6.13 6.17 6.48 7.11 7.43 7.03 6.19 5.78 5.99 6.83
6.85 6.90 6.92 6.71 6.15 5.35 4.89 4.95 5.27 5.41 5.29 5.15 5.12 5.12 5.09 5.10 5.18 5.23 5.16 5.05 4.98 5.05 5.31 5.71 6.14 6.46 6.47 6.24 6.14 6.26 6.35 6.14 5.84 5.74 5.74 5.85 6.14 6.36 6.21 5.79 5.37 5.19 5.23 5.33 5.35 5.35 5.52 5.87 6.10 6.10 6.08 6.04 5.99 6.20 6.77 7.33 7.63 7.55 7.12 6.67 6.13 5.44 5.07 5.02 5.11 5.24 5.31 5.32 5.31 5.36 5.61 5.94 6.11 6.22 6.31 6.29 6.35 6.83 7.39 7.30 6.53 5.88 5.84 6.43
6.76 6.92 6.90 6.34 5.69 5.10 4.65 4.49 4.66 4.91 5.00 5.01 5.04 5.05 5.01 4.95 4.95 5.04 5.09 5.06 5.02 5.09 5.32 5.58 5.86 6.24 6.46 6.36 6.16 6.21 6.41 6.31 6.01 5.83 5.75 5.78 5.98 6.22 6.22 5.89 5.37 5.05 5.12 5.33 5.40 5.36 5.41 5.71 6.02 6.08 6.01 5.93 5.91 6.11 6.59 7.12 7.54 7.72 7.62 7.39 6.95 6.09 5.31 5.04 5.06 5.17 5.27 5.35 5.47 5.62 5.79 5.99 6.20 6.40 6.62 6.62 6.47 6.60 7.15 7.40 6.83 6.04 5.78 6.12
6.53 6.99 7.28 6.43 5.31 4.77 4.52 4.36 4.43 4.69 4.89 4.95 4.98 4.99 4.99 5.00 5.07 5.26 5.50 5.62 5.58 5.59 5.70 5.71 5.66 5.79 6.09 6.16 5.88 5.77 6.11 6.29 6.11 5.90 5.77 5.76 5.92 6.22 6.40 6.28 5.75 5.16 4.98 5.16 5.32 5.35 5.37 5.55 5.80 5.89 5.86 5.87 5.90 6.05 6.40 6.85 7.25 7.50 7.61 7.63 7.51 6.91 5.93 5.32 5.17 5.19 5.22 5.29 5.43 5.61 5.78 5.95 6.12 6.30 6.55 6.70 6.55 6.38 6.71 7.26 7.11 6.26 5.73 5.96
6.29 6.97 7.79 7.35 6.17 5.25 4.77 4.45 4.30 4.48 4.77 4.89 4.91 4.92 5.00 5.15 5.35 5.60 5.88 6.05 5.97 5.82 5.83 5.82 5.60 5.41 5.59 5.76 5.51 5.26 5.51 5.90 6.01 5.92 5.83 5.82 6.00 6.33 6.64 6.71 6.33 5.54 4.93 4.84 5.04 5.25 5.39 5.51 5.65 5.69 5.69 5.81 5.90 5.98 6.18 6.53 6.90 7.17 7.36 7.51 7.64 7.47 6.76 5.87 5.38 5.23 5.13 5.03 5.04 5.19 5.44 5.76 6.00 6.07 6.22 6.46 6.44 6.14 6.14 6.68 6.96 6.34 5.51 5.66
6.12 6.83 7.94 8.02 7.10 6.07 5.33 4.82 4.43 4.30 4.45 4.67 4.79 4.87 5.00 5.23 5.49 5.68 5.82 5.95 5.97 5.84 5.80 5.85 5.68 5.36 5.29 5.42 5.31 5.03 5.05 5.41 5.73 5.85 5.87 5.91 6.05 6.33 6.64 6.85 6.73 6.08 5.19 4.68 4.69 5.04 5.42 5.59 5.64 5.65 5.67 5.78 5.85 5.87 5.96 6.18 6.48 6.80 7.06 7.27 7.46 7.53 7.16 6.29 5.52 5.19 5.02 4.82 4.75 4.91 5.25 5.63 5.82 5.83 5.92 6.16 6.25 6.01 5.79 6.02 6.48 6.26 5.37 5.17
5.99 6.58 7.73 8.23 7.63 6.55 5.86 5.49 5.16 4.72 4.46 4.48 4.63 4.77 4.95 5.18 5.43 5.63 5.83 6.09 6.35 6.45 6.34 6.16 5.94 5.66 5.46 5.48 5.46 5.24 5.08 5.19 5.46 5.67 5.78 5.87 5.99 6.17 6.40 6.68 6.80 6.49 5.73 4.92 4.59 4.81 5.36 5.70 5.73 5.71 5.76 5.82 5.83 5.80 5.79 5.87 6.06 6.33 6.67 6.98 7.17 7.33 7.23 6.56 5.64 5.12 4.91 4.76 4.71 4.87 5.16 5.42 5.49 5.50 5.65 5.88 6.05 6.00 5.78 5.78 6.16 6.22 5.57 5.08
5.87 6.26 7.27 8.18 8.11 7.20 6.40 5.98 5.60 5.09 4.55 4.37 4.49 4.64 4.76 4.95 5.22 5.57 6.02 6.52 6.98 7.26 7.22 6.91 6.51 6.22 6.02 5.96 5.94 5.75 5.44 5.27 5.32 5.42 5.51 5.58 5.68 5.89 6.15 6.43 6.69 6.69 6.27 5.52 4.89 4.78 5.21 5.69 5.78 5.73 5.80 5.91 5.93 5.86 5.76 5.71 5.78 5.95 6.26 6.66 6.94 7.13 7.20 6.76 5.82 5.07 4.78 4.70 4.70 4.74 4.85 5.03 5.19 5.36 5.51 5.62 5.78 5.90 5.83 5.78 6.02 6.18 5.76 5.21
