project/data/elevation/US_DEM2016/US_DEM2016_point_10-28-2019_1048_30m_ang.asc
ncols	125
nrows	167
xllcorner	-2042055.000000
yllcorner	1465035.000000
cellsize	30.000000
NODATA_value	-9999.000000
[rows 106 to 158 of 167, columns 0 to 95 of 125]
347 350 355 357 358 358 357 357 358 3 9 13 14 11 5 359 353 349 349 350 352 354 355 355 356 0 3 3 2 1 0 359 359 358 356 354 352 352 354 358 1 0 359 358 359 2 6 9 11 11 12 12 6 356 349 346 345 345 345 345 347 352 356 359 0 2 4 6 5 1 354 350 348 349 354 2 9 12 10 7 4 3 360 357 359 2 4 4 3 1 0 359 358 356 356 357
348 350 354 357 359 1 2 3 4 7 9 8 6 2 358 357 357 357 356 354 353 353 352 353 355 359 1 1 1 2 3 3 2 1 360 358 356 354 356 358 359 358 358 358 360 2 5 9 12 14 15 12 3 354 349 347 344 342 342 344 347 350 354 357 359 0 3 6 7 4 359 353 351 352 355 1 8 11 11 9 6 3 0 357 356 357 360 1 1 0 359 357 356 355 356 359
352 352 354 357 359 2 3 5 5 5 3 1 359 356 355 355 358 0 360 358 356 354 352 353 356 359 1 0 360 2 4 5 4 3 2 1 359 358 358 358 357 357 358 0 1 1 2 6 11 14 14 9 3 356 352 349 345 341 341 343 347 349 352 356 358 360 3 5 7 5 2 358 355 355 357 1 6 10 12 9 5 2 1 0 358 357 358 359 359 359 358 357 356 356 357 360
353 353 354 356 359 0 2 2 2 360 357 355 354 353 353 355 357 359 359 358 357 356 355 355 358 1 2 1 1 2 3 4 4 2 1 1 1 1 0 358 357 358 0 2 1 359 359 3 8 11 11 8 4 0 356 352 347 343 342 343 346 348 351 355 358 1 3 4 5 5 3 1 358 358 359 1 5 10 12 9 5 2 1 2 1 359 358 358 358 357 357 357 357 358 359 0
353 353 354 356 358 359 359 359 357 355 353 351 351 351 353 356 357 357 358 358 357 356 356 358 1 3 3 2 3 4 3 3 2 1 359 359 1 2 2 0 0 1 2 1 359 357 356 359 4 7 8 7 5 3 0 356 352 348 346 345 346 349 352 354 358 2 4 3 3 2 3 2 1 360 360 1 4 9 11 9 5 1 0 1 2 1 359 358 357 357 356 356 357 359 0 1
351 352 355 355 356 357 357 354 352 350 350 350 351 352 355 357 358 358 357 357 356 355 356 359 3 5 3 2 4 4 3 2 1 1 0 360 0 2 3 3 3 2 1 359 356 355 355 357 1 5 6 6 6 4 3 0 357 354 351 349 348 350 352 355 359 3 4 2 0 0 2 3 2 1 0 1 4 8 11 10 5 1 0 1 2 2 0 359 358 357 357 357 357 358 0 2
350 351 354 354 354 355 353 351 349 348 349 351 353 355 357 360 0 359 358 357 356 353 353 358 3 5 5 4 4 3 3 2 1 2 2 2 2 2 3 3 2 1 360 357 354 354 356 358 1 4 5 5 5 5 4 4 2 360 356 353 351 351 353 356 360 3 3 1 359 360 2 3 3 2 1 2 4 7 10 10 5 1 1 1 1 3 2 0 359 358 358 358 358 359 1 1
351 351 352 352 352 351 350 348 348 349 350 352 355 357 0 2 1 359 357 356 355 352 352 356 1 3 5 6 5 4 3 2 1 1 2 3 3 3 2 1 1 0 359 355 353 353 356 359 1 4 5 5 5 4 4 5 5 3 359 356 353 353 355 357 360 1 1 0 359 0 2 2 3 3 2 3 4 7 10 9 6 2 1 0 1 3 2 0 359 359 359 359 360 1 1 1
352 352 351 350 349 348 347 347 349 351 353 355 358 1 3 2 359 356 355 355 354 352 352 354 357 0 4 7 7 6 5 5 2 359 359 1 2 2 1 360 360 359 358 355 353 353 357 360 2 4 6 6 6 5 4 4 4 2 359 357 355 355 356 358 360 0 0 0 0 1 2 2 3 2 3 4 6 8 10 9 7 4 1 360 0 360 359 359 359 359 359 360 0 1 1 1
353 352 351 350 348 347 347 349 353 356 359 1 2 2 1 357 354 353 353 354 355 356 355 352 352 357 3 7 8 6 6 7 5 2 359 358 358 358 359 358 358 357 357 356 355 355 356 359 1 3 4 6 7 7 6 4 1 358 355 355 355 355 356 358 359 360 0 1 2 2 2 2 3 3 3 4 6 8 9 10 9 6 2 360 357 354 354 356 358 359 359 359 360 0 1 2
352 352 351 350 349 348 349 352 357 360 2 3 2 359 355 352 351 351 352 354 357 1 359 351 347 352 1 6 7 5 4 7 8 7 2 358 355 356 357 357 356 356 357 358 359 358 356 357 358 359 1 4 7 8 8 6 2 357 353 352 353 354 354 356 358 360 2 3 3 2 1 2 2 3 4 5 6 7 9 11 10 6 3 360 355 352 352 355 357 358 359 359 359 0 1 1
350 351 352 351 350 350 351 354 357 359 0 360 358 355 352 350 350 351 353 355 0 4 3 357 348 349 356 4 7 5 2 4 7 8 5 1 358 357 356 356 356 356 356 358 1 2 360 356 354 356 358 2 7 9 9 7 4 1 357 354 353 354 354 354 357 360 3 6 5 3 1 1 1 2 3 4 5 6 8 10 8 5 2 360 357 354 354 356 357 358 358 358 359 359 0 1
350 351 352 352 352 352 353 355 356 357 356 355 353 351 350 350 351 353 355 357 1 4 5 1 355 351 355 2 6 6 2 359 2 6 6 4 1 359 357 357 356 355 355 357 2 6 4 357 352 352 355 360 5 8 9 7 5 3 1 359 356 355 355 355 356 0 5 7 6 3 1 0 0 1 2 3 4 5 7 7 6 5 3 1 359 359 358 357 357 358 358 358 358 358 359 360
350 351 352 352 353 353 354 355 356 355 352 350 349 349 350 352 354 355 356 359 1 3 4 3 359 355 356 1 5 7 4 359 357 0 4 5 3 1 358 357 356 355 354 356 2 7 8 1 352 350 353 358 2 6 7 6 5 4 4 3 0 358 358 358 359 2 5 5 4 2 1 1 0 0 1 2 3 4 5 6 6 5 3 2 2 3 1 359 358 358 357 357 357 357 358 359
352 352 351 352 353 354 355 356 355 352 349 348 348 349 351 353 355 357 359 1 2 3 3 2 360 357 356 358 3 6 6 2 357 356 0 4 3 0 358 357 356 355 354 356 2 8 9 5 356 351 351 355 359 2 5 6 6 4 4 4 3 2 1 1 2 3 3 2 2 2 2 2 2 1 1 1 2 3 4 5 6 5 4 3 4 3 2 0 359 358 357 357 356 356 356 357
354 352 351 352 353 353 354 355 354 351 348 347 349 351 353 355 357 359 1 2 3 2 2 1 360 357 355 356 1 6 7 5 1 357 358 1 1 359 357 356 355 354 354 357 3 8 10 7 0 352 350 352 355 359 3 7 8 6 4 4 4 3 2 2 2 1 1 1 1 2 2 2 3 3 2 2 2 2 3 5 6 6 4 4 4 3 1 360 360 359 357 357 356 355 355 356
354 353 352 352 353 353 352 352 352 350 349 348 349 351 354 357 360 1 1 1 1 1 2 2 1 357 354 353 358 4 7 7 4 1 360 359 359 357 356 355 354 354 356 1 5 8 10 9 3 355 349 348 351 356 1 6 8 7 5 4 4 3 2 1 0 360 0 1 2 2 2 3 3 3 3 3 2 1 2 6 8 7 5 4 4 3 1 360 359 358 357 356 356 355 354 355
355 354 352 352 352 351 350 349 349 350 350 350 350 351 355 359 1 360 359 359 0 2 3 3 1 358 355 352 355 2 7 7 5 2 0 359 358 357 355 354 353 354 0 7 8 7 9 9 5 358 351 346 346 351 358 4 7 7 6 5 3 3 2 1 360 359 360 1 2 3 4 4 4 4 4 3 1 1 4 8 10 8 5 3 3 2 2 0 359 357 356 356 355 355 355 355
357 355 352 351 351 351 349 347 346 349 351 351 350 352 356 359 359 358 358 359 2 3 3 1 0 360 358 354 354 360 6 8 6 2 360 359 359 358 356 354 354 359 6 10 9 7 7 8 5 0 354 349 347 348 353 359 4 6 6 4 2 2 2 2 360 358 359 0 1 3 5 6 6 6 5 3 3 3 6 9 10 8 6 3 1 1 0 359 357 356 355 355 355 356 356 357
357 356 354 352 351 350 349 347 346 348 351 352 352 354 356 356 357 359 1 2 3 2 360 359 359 0 0 357 355 358 5 8 7 3 360 359 359 358 356 355 357 3 7 8 7 7 7 6 5 1 357 353 351 350 351 355 1 4 4 2 1 1 1 360 358 358 360 1 2 3 5 7 9 8 7 5 4 4 5 8 10 10 7 2 359 359 359 356 355 354 354 354 355 356 357 358
355 355 356 355 353 350 349 347 347 348 350 353 355 356 356 356 359 2 4 3 1 359 357 356 358 0 1 360 358 359 3 8 8 5 1 359 357 356 356 356 359 2 3 4 5 6 6 6 4 2 359 356 353 352 352 353 357 1 2 1 1 0 359 357 358 359 1 2 3 4 6 9 10 10 9 8 7 5 5 7 11 11 6 1 359 359 358 354 351 352 353 354 355 355 357 358
354 356 358 357 353 350 349 348 347 347 349 353 357 359 358 359 1 3 2 360 358 357 355 355 358 360 0 1 0 360 2 6 9 7 3 359 356 355 355 357 358 359 1 2 3 4 5 6 6 4 1 358 355 353 352 353 355 358 1 1 1 360 358 357 359 0 1 0 2 5 8 11 12 11 10 10 10 8 6 6 8 8 4 1 2 1 357 351 349 350 352 353 354 355 355 356
358 358 358 357 353 349 348 348 348 348 349 353 358 0 0 360 0 360 358 356 356 356 357 358 358 359 359 1 1 0 1 5 8 8 4 359 356 355 355 356 357 358 360 0 1 1 2 5 7 6 3 0 358 355 354 353 353 356 360 2 1 360 359 359 360 360 359 358 2 7 12 13 13 12 11 10 9 9 8 5 5 4 3 4 5 2 355 349 348 350 351 353 353 353 354 355
5 2 359 355 352 348 348 348 349 349 351 354 357 359 359 358 357 356 355 354 355 357 1 2 360 358 359 1 1 360 0 3 7 8 5 0 358 356 355 355 357 358 358 358 357 358 359 3 7 8 6 4 1 358 356 355 354 354 358 1 1 360 360 360 359 358 357 358 4 11 14 14 14 13 12 9 8 8 7 5 3 2 3 5 4 359 354 351 351 351 351 352 353 353 353 354
8 5 358 355 353 351 349 349 349 350 351 353 355 356 356 356 355 354 354 355 357 360 4 4 1 358 359 360 359 360 0 2 5 6 5 2 359 356 355 355 357 358 357 355 354 355 357 2 7 11 10 7 3 360 358 357 355 355 357 359 0 360 0 360 358 356 357 1 8 13 14 14 14 12 11 9 7 6 5 4 3 2 2 2 360 357 355 355 355 354 352 352 352 352 352 353
7 4 358 355 354 354 353 350 350 350 351 352 352 353 354 354 354 354 356 358 1 3 5 4 0 358 358 358 358 359 0 2 3 5 6 4 0 355 354 355 356 357 356 354 353 353 356 2 8 12 12 8 3 1 359 358 357 356 356 358 359 360 360 360 358 357 359 5 10 13 14 14 13 11 9 9 8 6 3 1 1 0 0 360 359 358 359 360 359 356 353 352 352 351 352 352
5 3 358 355 354 355 356 354 351 349 350 350 350 351 353 354 355 356 359 3 5 4 3 2 359 357 356 357 357 358 359 360 2 4 6 6 2 357 353 353 354 355 355 354 354 355 358 3 8 11 10 7 4 2 1 359 358 357 357 358 359 359 359 359 359 359 2 7 11 12 13 13 12 10 9 8 7 6 3 359 357 357 358 0 1 1 2 3 2 358 354 352 351 351 351 352
3 1 358 356 354 355 357 357 354 351 350 350 349 349 352 354 355 359 3 5 5 3 2 0 358 356 355 355 356 357 357 357 360 4 6 7 4 360 355 352 351 353 355 355 355 357 1 4 7 8 7 6 5 4 2 360 359 358 358 358 358 358 359 359 360 1 4 7 10 12 13 13 11 10 9 7 5 3 1 358 355 355 358 2 4 5 5 5 2 358 353 351 351 351 351 352
358 358 358 357 356 356 357 358 357 354 353 351 349 348 349 352 356 1 3 3 2 2 1 360 358 356 354 354 355 356 356 356 358 2 5 5 5 3 359 354 352 353 355 356 357 0 3 5 5 5 4 4 5 5 3 1 360 359 359 359 358 358 358 359 1 3 5 7 9 11 12 13 12 10 7 5 3 0 358 357 357 358 1 3 5 7 7 5 1 357 353 350 350 350 351 352
353 354 357 359 359 358 357 358 359 358 356 354 351 348 347 351 356 360 1 1 1 2 1 360 358 357 355 353 354 354 355 355 357 359 1 3 4 5 4 360 356 354 355 357 360 2 3 3 3 1 1 3 6 7 5 3 1 0 360 359 358 358 358 359 1 3 5 7 9 10 12 13 12 10 6 2 359 357 355 356 360 3 4 5 6 7 6 4 360 356 353 350 349 349 351 352
349 352 356 360 1 0 359 359 360 0 359 356 353 349 348 351 355 358 359 0 1 1 1 360 359 358 356 353 352 352 353 354 356 357 358 1 3 6 6 5 2 358 357 359 1 2 2 2 0 358 359 2 6 8 7 5 3 2 0 359 358 358 358 359 1 3 5 6 8 10 11 12 11 9 5 0 356 353 353 356 3 7 8 8 7 5 3 2 359 356 353 351 348 349 350 352
351 352 356 358 360 0 359 358 359 360 359 356 354 353 352 353 355 357 358 360 0 360 359 359 359 359 358 354 351 350 351 352 354 356 357 360 3 6 8 9 7 3 1 1 1 1 1 0 357 356 357 2 6 8 8 7 5 4 1 358 357 357 359 360 1 2 4 6 7 9 9 9 8 6 3 359 355 351 352 357 3 8 10 10 7 4 2 1 359 356 353 350 349 349 351 352
357 357 358 357 357 356 355 355 356 357 357 356 355 356 357 357 357 358 359 359 358 358 358 359 360 360 360 357 352 349 349 350 352 355 357 360 3 7 9 11 9 6 3 1 0 0 0 358 355 354 357 1 5 8 9 8 7 5 1 358 357 358 359 0 1 2 2 4 6 7 6 4 3 2 0 359 357 354 353 356 1 6 9 10 7 4 3 3 1 358 353 350 349 350 351 352
5 4 1 357 354 352 351 350 351 353 355 355 356 358 360 360 359 359 359 358 357 357 357 358 359 0 0 359 356 352 349 350 352 354 357 0 4 7 10 11 9 7 3 360 358 358 357 355 354 354 358 1 5 8 9 8 7 4 1 360 360 360 0 1 1 1 2 3 4 4 2 360 358 358 359 359 359 357 355 355 358 3 7 8 6 5 5 4 3 1 357 353 352 352 353 353
11 8 2 357 354 352 351 349 348 349 351 355 357 360 1 1 0 359 358 356 356 356 356 357 359 360 360 360 359 356 352 351 352 354 358 2 5 8 10 10 8 5 0 357 356 356 355 354 354 355 358 1 5 8 9 8 5 3 2 2 3 2 1 0 1 1 1 1 1 1 358 356 356 357 358 360 0 359 356 354 355 360 5 6 5 4 4 5 4 3 2 360 357 355 354 355
11 7 1 356 355 355 354 352 349 348 350 354 358 360 1 1 1 359 357 355 354 355 356 358 359 359 359 359 360 359 356 354 354 356 359 3 6 8 9 8 5 0 357 355 355 355 355 354 354 356 359 2 5 8 9 7 4 3 4 4 4 3 1 360 360 1 1 1 360 358 356 355 356 357 359 1 1 359 356 353 353 357 1 5 6 3 2 3 5 6 6 5 3 359 357 356
7 4 360 356 356 358 358 356 353 351 352 354 357 359 0 1 0 358 355 354 353 354 357 359 359 358 358 359 360 360 359 357 357 358 1 5 7 8 7 4 359 356 355 355 356 356 355 354 354 356 359 3 5 7 8 6 5 5 6 6 4 2 0 359 359 360 0 360 359 357 356 356 357 359 0 1 360 358 355 353 352 355 360 4 6 3 359 359 4 8 10 9 6 3 360 358
3 2 359 357 356 357 359 359 357 355 355 355 357 358 360 0 359 357 354 353 353 355 357 359 359 358 357 358 359 0 0 359 359 0 3 6 8 7 4 358 355 354 355 356 357 357 356 355 355 357 0 3 5 6 7 7 6 7 7 6 3 0 359 359 359 359 359 359 358 357 358 358 359 360 0 359 358 357 356 354 352 354 359 3 5 4 0 357 1 7 11 10 7 4 2 1
0 360 359 358 356 356 357 360 0 359 357 356 357 358 358 359 358 356 355 354 355 356 358 359 359 357 357 357 358 360 1 0 0 2 4 6 7 5 360 355 353 354 356 357 357 357 356 355 356 358 1 3 5 6 7 7 8 8 8 5 1 358 357 358 358 358 358 358 357 357 358 359 360 1 0 356 354 355 356 356 354 354 358 1 3 5 4 1 360 5 10 10 7 4 3 2
358 358 358 359 359 358 357 358 360 359 358 357 357 357 357 357 356 356 356 357 357 357 357 357 357 357 357 357 357 359 1 1 2 3 4 5 5 3 359 355 353 354 356 357 357 356 356 356 357 359 1 4 5 5 6 7 8 9 8 5 1 357 355 356 357 357 358 358 358 357 358 359 1 2 359 353 351 353 357 358 356 355 356 359 2 5 7 6 2 2 7 9 8 5 3 3
356 358 0 2 2 360 357 356 357 358 357 356 356 357 357 356 357 358 359 359 358 358 356 354 354 356 357 357 357 0 2 3 3 3 3 3 3 2 359 356 353 353 355 357 357 356 356 356 358 360 3 5 6 4 4 5 7 8 8 6 3 359 355 354 355 356 357 357 357 357 357 359 1 0 356 352 350 353 358 0 358 356 355 357 1 6 10 10 5 2 4 8 9 6 3 2
355 360 5 5 2 359 355 353 354 355 356 355 356 356 357 357 358 360 0 360 359 357 355 353 352 354 356 357 358 1 3 4 4 3 3 2 2 1 0 357 354 353 354 355 356 357 356 356 358 1 5 7 5 2 2 4 6 7 7 6 6 3 358 354 354 355 356 356 356 356 358 360 360 356 353 351 352 354 358 1 1 357 355 357 2 7 10 10 7 3 3 7 9 7 3 1
356 2 9 8 2 357 353 351 351 352 354 355 355 356 357 358 359 359 359 360 360 358 355 353 351 352 355 358 360 1 2 4 4 3 2 2 1 1 360 358 357 355 353 353 356 357 357 357 358 3 6 6 2 0 360 2 4 5 6 7 7 5 0 356 354 354 355 355 354 356 358 359 356 353 351 352 354 355 358 1 2 359 355 357 3 7 9 9 7 5 4 7 9 8 4 1
359 3 9 8 4 358 354 352 349 349 351 354 354 355 356 357 358 358 359 1 2 359 355 353 352 353 355 359 1 360 360 2 3 2 2 1 360 359 359 359 360 358 354 352 355 357 358 358 0 5 6 4 0 359 359 0 2 4 6 7 7 5 3 359 356 355 354 354 354 355 357 356 353 351 351 353 355 356 357 359 2 0 357 357 3 7 7 7 7 7 6 7 9 8 5 1
0 3 8 9 5 359 355 353 351 350 350 352 353 353 354 355 356 358 0 3 3 360 356 353 353 355 358 0 0 358 357 359 0 1 0 359 358 358 359 0 1 0 357 354 353 355 358 359 2 5 5 2 359 358 358 359 1 3 5 6 6 5 4 1 358 355 354 353 354 354 354 352 351 352 353 354 356 357 357 359 1 1 359 359 2 4 5 6 7 8 7 8 9 8 6 2
2 3 7 8 5 360 355 354 355 354 352 350 350 351 352 353 355 358 360 1 1 0 358 356 356 358 360 0 360 358 356 357 358 359 359 358 358 358 359 1 2 2 360 356 353 354 357 0 3 5 4 1 359 357 357 358 360 2 4 5 6 5 5 4 0 356 353 352 353 352 351 351 353 354 353 353 355 356 357 359 1 2 1 1 1 2 3 5 7 8 8 8 9 8 6 2
5 4 4 5 3 1 359 358 358 356 352 347 347 349 351 352 353 355 356 357 358 359 360 359 360 1 1 0 359 358 357 357 357 358 358 358 358 358 359 0 2 3 1 358 355 355 357 1 4 4 2 360 359 358 357 358 359 2 3 4 5 6 7 7 3 356 351 351 351 351 350 352 355 356 354 352 353 356 357 359 2 3 3 2 1 0 1 4 6 8 9 9 9 8 6 3
7 4 360 359 1 3 5 3 1 357 351 346 346 348 349 350 352 352 353 354 356 358 360 1 2 2 2 1 360 359 358 358 358 357 358 358 358 357 358 359 2 3 2 360 358 357 359 2 4 3 360 359 359 359 358 358 359 1 2 3 4 5 7 8 5 358 351 350 350 351 351 353 355 355 354 353 353 355 358 0 2 3 3 2 0 360 1 3 5 7 9 9 8 7 6 3
2 359 356 356 0 5 7 6 4 360 354 350 348 348 349 349 350 351 351 353 356 358 360 2 3 3 2 1 1 0 359 359 358 357 357 358 358 357 357 359 1 3 2 1 360 360 2 4 4 0 358 358 359 359 359 358 358 359 1 2 3 5 7 8 6 359 353 350 350 352 353 354 354 354 354 354 355 356 359 2 3 3 3 1 0 360 0 2 5 8 9 8 7 6 5 3
353 353 353 356 0 4 6 7 6 4 0 356 351 349 348 349 349 350 352 353 355 357 360 2 3 2 2 2 2 1 360 359 358 357 357 356 357 358 358 359 1 2 2 1 1 2 4 5 2 358 356 357 358 359 360 359 358 358 360 1 2 4 6 7 5 1 356 352 352 353 355 355 353 352 353 355 356 358 0 2 3 2 1 0 360 0 1 2 5 7 7 6 5 5 5 4
345 347 352 356 360 2 4 6 6 6 6 2 356 350 348 348 349 351 352 353 354 357 0 2 2 2 2 2 2 2 1 359 357 357 357 356 356 357 359 0 2 3 2 2 2 3 4 3 1 358 356 357 358 359 360 360 359 358 359 0 1 3 4 4 3 1 358 355 354 355 356 356 354 352 353 355 357 359 0 1 2 1 1 360 360 1 1 3 5 6 5 4 3 3 5 6
342 344 350 355 358 360 2 4 5 7 8 7 2 354 349 348 350 351 352 353 354 357 0 2 1 1 1 1 1 2 1 359 358 357 357 356 356 357 359 1 3 3 2 2 1 2 2 2 1 358 357 358 359 359 360 359 359 358 359 359 1 2 2 1 1 1 1 360 358 357 357 356 355 354 355 357 358 358 359 359 0 1 0 359 359 1 2 3 4 4 3 2 2 3 6 7
343 345 349 354 357 358 359 2 4 6 8 9 6 360 352 349 350 352 353 354 355 358 360 1 0 0 1 1 1 1 1 0 359 358 357 356 356 357 359 1 3 3 3 1 0 1 1 1 360 359 358 359 360 359 359 359 359 359 358 359 0 1 0 359 359 0 2 3 1 359 358 357 356 356 357 358 359 358 357 357 358 360 360 359 360 2 3 3 3 3 2 2 2 3 6 7
