project/data/elevation/US_DEM2016/US_DEM2016_point_10-29-2019_1414_30m_ang.asc
ncols	125
nrows	167
xllcorner	-2042055.000000
yllcorner	1465035.000000
cellsize	30.000000
NODATA_value	-9999.000000
[rows 84 to 125 of 167, columns 0 to 93 of 125]
174 175 177 177 175 172 169 167 164 162 160 161 164 167 170 172 175 180 182 182 183 186 187 185 182 182 187 189 184 178 172 168 164 163 167 175 179 178 174 173 174 176 178 178 177 178 181 181 177 172 170 169 170 170 171 172 173 173 174 174 174 172 168 165 165 167 170 171 170 169 168 168 169 164 162 164 169 175 180 183 184 181 178 182 190 195 194 190 184 179 178 177 175 174
173 174 176 176 173 170 167 165 163 161 160 162 165 168 172 174 178 184 187 186 186 186 185 182 179 178 181 185 184 181 179 177 172 167 167 171 174 174 172 174 176 177 177 176 175 174 177 180 180 177 175 173 173 172 172 172 172 172 171 171 171 170 167 166 166 168 168 168 169 170 172 174 173 165 158 156 158 163 170 177 182 182 178 177 185 192 194 191 187 183 181 179 179 180
172 173 175 174 171 168 167 164 162 161 161 164 167 170 174 178 184 190 191 188 185 182 180 177 176 175 177 182 183 181 181 181 179 173 169 168 169 171 173 177 178 177 175 175 173 170 173 177 180 180 179 179 178 176 174 172 171 170 170 170 171 171 167 165 167 168 167 168 170 172 173 177 180 178 170 163 159 157 159 163 171 177 177 174 178 186 191 191 189 186 183 182 183 185
171 172 173 171 169 168 167 164 161 161 163 166 169 173 177 184 190 192 189 186 182 178 175 173 172 172 175 180 182 180 179 181 182 179 174 169 168 171 176 179 178 177 176 175 171 166 168 173 177 179 181 182 182 181 177 174 171 171 171 171 172 171 167 165 167 169 168 169 171 172 172 175 182 185 183 179 175 171 167 163 165 171 172 169 170 177 185 188 187 185 184 184 185 186
170 171 172 171 169 168 166 163 161 162 165 168 172 177 183 188 189 186 184 183 180 177 173 170 170 171 174 178 180 179 176 177 180 182 180 175 172 174 179 180 179 179 178 176 170 164 165 169 172 175 178 180 182 181 179 175 173 172 172 172 172 170 167 165 167 169 170 171 171 171 170 172 179 184 186 184 184 182 180 176 174 174 173 170 170 173 178 181 182 182 182 184 186 186
169 171 172 171 170 168 165 162 162 165 168 171 176 183 187 185 182 181 181 181 179 176 172 170 170 171 173 175 177 178 176 174 177 181 183 181 178 179 181 181 180 179 178 176 171 166 166 168 167 168 171 174 175 175 173 172 172 171 171 171 170 169 168 166 166 169 171 171 171 170 168 169 175 181 184 185 186 186 185 184 182 179 177 176 176 177 176 176 177 179 181 183 185 184
169 170 172 171 169 166 163 162 164 168 172 176 183 189 188 182 178 178 178 178 176 175 173 172 172 171 171 172 173 175 175 174 174 179 183 184 182 182 182 181 179 178 178 177 173 170 172 173 171 168 167 168 168 168 169 170 171 171 170 169 169 170 170 166 165 168 170 170 169 169 167 168 172 176 178 181 184 186 187 187 186 183 182 182 182 181 179 177 177 178 180 181 181 179
169 170 171 170 167 164 162 163 167 172 178 185 191 192 188 181 176 175 174 174 173 173 175 175 174 172 170 170 170 170 171 171 170 173 180 185 186 185 183 180 178 178 178 176 173 173 177 181 179 176 172 168 167 169 171 172 172 171 169 169 170 172 171 167 165 167 169 168 168 168 167 167 170 172 171 173 179 183 185 186 187 186 185 185 185 184 183 182 181 180 179 178 177 174
168 169 170 168 164 162 162 166 172 179 186 192 193 191 187 183 177 173 172 171 171 172 175 175 173 172 172 172 171 169 168 168 167 168 175 184 188 187 184 179 177 177 176 174 171 173 179 184 182 179 176 172 169 171 173 174 173 172 171 172 173 174 173 167 165 167 168 167 168 169 167 167 170 170 167 168 172 179 182 183 184 186 187 186 186 186 186 186 185 182 180 177 175 172
168 168 168 165 162 162 164 170 178 185 190 192 191 187 185 183 179 175 173 171 171 172 174 174 172 171 172 173 173 172 171 170 170 170 175 183 188 187 182 178 176 175 173 171 170 172 179 183 182 178 177 176 175 173 173 173 174 174 175 176 177 176 174 168 165 167 169 168 170 171 168 168 171 172 168 165 167 173 177 177 179 184 187 185 184 184 185 186 185 182 180 177 175 175
167 167 166 164 163 164 169 176 183 188 190 189 187 184 182 180 178 176 174 173 172 173 175 175 174 171 169 171 174 175 174 174 174 175 178 183 186 184 179 176 174 173 171 170 170 171 176 181 181 178 178 178 179 178 176 175 176 177 178 179 179 177 173 167 166 168 171 170 171 172 169 169 173 175 172 165 161 165 170 170 172 178 183 183 182 181 181 181 181 180 179 178 177 177
166 166 167 166 167 170 175 181 186 187 186 184 182 180 178 176 174 173 173 173 174 176 177 177 175 170 168 169 172 175 175 174 174 175 178 181 182 180 176 173 172 171 171 171 170 169 172 178 180 179 179 180 181 181 180 180 180 180 180 179 179 176 172 167 166 170 172 171 171 171 169 171 177 183 179 169 161 161 163 163 163 168 175 178 176 175 176 177 177 177 178 177 177 177
166 167 169 170 173 176 180 183 185 183 181 179 178 176 173 172 171 171 172 174 177 180 180 178 173 170 170 171 172 173 173 172 170 172 175 177 178 176 173 171 171 172 173 172 171 168 169 174 177 178 180 181 182 183 184 184 183 182 181 180 178 175 170 166 167 173 175 171 169 169 169 174 184 191 190 180 170 167 163 160 160 163 167 168 167 169 173 175 175 176 176 176 176 176
167 168 171 173 176 179 182 183 182 180 178 176 174 172 170 169 169 171 174 178 182 185 181 176 171 169 172 175 175 175 175 174 172 172 173 174 174 174 172 171 172 175 176 174 172 168 168 172 175 175 177 179 181 183 184 185 184 183 182 180 178 173 168 165 167 173 176 172 169 167 169 176 186 194 195 190 182 174 166 162 161 162 163 162 163 168 172 174 175 175 175 175 176 176
168 169 172 174 177 179 181 180 179 178 177 174 170 168 168 169 171 174 179 183 187 186 180 173 167 166 171 175 176 177 178 178 178 175 174 173 173 172 171 173 175 178 178 175 172 169 168 173 176 175 174 173 175 178 181 182 183 184 182 180 177 173 169 166 168 173 175 172 168 166 169 176 183 190 194 194 189 180 173 168 167 165 163 163 165 170 173 173 174 174 175 175 174 173
170 171 172 173 175 177 177 176 176 176 175 172 168 167 168 170 174 179 184 187 187 182 176 171 166 165 169 173 176 177 179 182 182 179 176 174 173 171 172 176 179 179 177 174 172 168 169 176 180 179 177 173 172 173 175 178 181 183 182 179 176 173 170 168 170 173 174 172 168 166 168 174 178 184 190 192 190 184 177 174 173 170 168 167 170 173 173 173 173 174 175 175 174 172
172 172 171 171 172 172 173 173 173 173 172 170 168 168 170 174 179 185 188 187 183 177 173 169 165 165 168 172 174 176 179 181 183 182 179 175 173 173 175 178 178 177 175 173 170 168 170 177 181 182 181 180 176 172 173 176 180 181 180 178 177 174 171 170 171 174 176 173 169 167 169 171 175 179 184 188 187 184 181 179 177 174 172 172 174 174 172 172 173 174 176 176 175 173
174 173 171 169 168 168 169 170 171 171 170 169 169 171 173 178 184 189 189 184 178 174 171 168 164 165 169 171 172 173 175 178 182 183 181 177 175 175 176 176 175 174 174 172 170 168 172 178 180 181 182 183 181 177 175 177 178 178 177 177 176 174 172 171 172 175 177 175 172 170 170 170 173 176 180 183 183 183 183 182 181 178 177 177 175 172 170 171 173 175 176 177 177 176
175 174 171 169 167 166 167 168 169 169 168 168 171 174 178 183 187 187 184 180 176 173 171 168 166 168 170 170 170 170 170 173 177 180 180 177 175 175 174 173 173 173 173 172 169 169 173 178 179 179 180 181 182 181 179 177 176 175 175 175 174 172 172 172 173 175 178 177 174 171 170 169 171 174 177 179 181 182 182 183 182 181 181 179 176 172 171 172 173 175 177 177 177 177
175 174 172 171 169 168 167 168 168 167 167 169 174 179 183 184 182 179 178 177 175 173 171 169 169 173 176 173 171 168 167 168 170 172 173 172 172 171 171 171 173 173 173 172 169 169 174 179 179 177 176 176 179 181 181 177 174 173 172 172 171 171 171 173 174 176 179 179 175 171 169 168 169 173 175 177 180 182 181 179 180 182 182 181 179 177 176 175 176 176 177 177 177 175
171 172 173 173 172 171 169 169 168 167 168 173 181 187 187 179 172 171 173 173 172 172 171 169 170 177 181 180 176 173 170 169 168 169 169 168 169 170 171 172 174 174 173 171 169 170 176 181 181 178 176 174 175 178 178 174 171 170 170 169 169 169 171 173 174 175 179 181 177 172 169 167 168 171 173 176 180 183 181 176 176 178 179 180 181 181 181 179 178 178 177 178 177 174
167 170 174 175 175 173 171 170 169 171 175 182 188 191 186 173 163 162 166 168 169 171 170 168 175 176 182 182 180 178 175 173 172 172 171 170 170 170 172 174 176 175 173 170 168 170 176 183 184 182 179 178 174 171 170 168 167 168 167 166 167 169 171 173 173 175 178 181 180 175 170 168 167 168 171 175 180 184 183 178 174 174 174 175 179 181 182 181 180 178 178 177 176 173
165 168 173 175 176 175 174 172 173 178 183 186 187 186 179 173 168 164 165 166 167 168 168 167 170 174 178 180 181 180 179 177 177 177 175 173 172 172 172 175 176 175 172 169 168 170 176 183 186 186 186 183 176 167 164 164 165 165 165 165 165 169 171 171 172 173 177 181 182 179 173 170 168 168 170 174 179 183 185 182 177 173 171 170 172 176 178 179 179 178 177 176 174 172
167 169 172 175 177 178 178 178 179 182 184 183 181 178 174 173 174 173 171 170 169 167 165 167 171 174 175 177 179 180 180 181 180 180 179 177 175 173 174 176 175 173 171 170 169 170 175 182 187 190 190 185 177 168 164 164 164 163 163 164 165 168 169 170 170 172 176 179 182 182 177 173 171 171 172 174 177 181 186 185 180 176 174 172 171 173 175 177 177 176 175 174 172 170
170 170 172 175 177 179 180 181 181 181 179 177 175 172 171 173 176 176 175 173 171 168 166 169 173 174 175 177 177 178 180 181 181 180 180 179 178 176 177 176 173 171 171 172 170 170 174 180 186 189 188 184 179 172 167 165 163 161 161 163 165 166 168 168 169 172 174 176 180 183 180 176 174 174 174 175 176 180 184 185 180 177 176 176 175 174 174 175 175 175 174 173 172 171
172 172 173 175 176 178 179 179 179 176 173 171 170 169 170 173 176 175 174 173 171 170 169 171 175 175 175 178 179 178 179 180 179 178 177 178 179 179 178 175 173 172 173 173 170 170 173 178 182 185 185 183 182 179 173 168 164 161 162 163 164 166 167 168 170 172 173 174 177 181 181 179 177 176 176 175 176 179 183 184 180 176 176 177 177 176 175 175 175 174 173 173 173 173
171 172 173 174 176 176 177 175 173 171 169 168 167 168 170 174 175 173 172 171 170 170 171 174 176 176 175 178 180 180 180 179 178 177 176 176 178 180 180 178 176 176 175 172 169 169 173 177 179 181 181 182 184 184 180 174 169 166 164 164 165 166 167 168 171 174 174 172 175 178 180 180 179 177 176 175 176 178 181 183 180 176 175 177 178 177 176 175 175 174 173 172 173 174
170 171 173 174 174 175 174 171 168 167 167 167 167 169 172 175 176 173 171 170 169 169 170 174 178 177 176 178 180 181 180 179 178 178 178 178 178 180 181 180 179 177 174 170 167 169 173 176 178 179 179 181 184 185 183 179 175 172 169 167 167 167 168 169 172 175 173 172 173 176 178 180 179 178 177 176 176 177 180 182 180 177 176 177 178 178 177 176 175 175 174 173 173 173
169 171 172 172 172 172 170 167 165 165 166 168 169 171 174 177 177 174 171 169 167 167 169 174 178 177 177 180 181 180 179 178 178 179 180 180 180 181 182 180 178 175 172 168 166 169 174 177 178 178 178 179 182 183 183 182 179 177 174 171 169 168 169 170 173 174 172 171 173 176 178 180 180 179 178 177 176 177 179 180 180 178 176 177 178 179 179 177 176 175 175 175 174 174
170 170 170 170 170 169 166 164 165 166 167 169 171 173 177 178 177 173 170 168 166 167 169 174 176 175 177 181 182 181 180 178 175 176 179 181 182 182 181 179 176 174 170 167 166 170 175 178 179 178 178 178 180 182 181 180 180 179 177 174 171 171 171 172 172 172 171 171 174 176 178 179 180 179 178 178 177 177 177 178 180 179 177 176 176 178 179 177 176 176 176 176 176 176
171 170 169 169 168 166 164 164 166 168 169 171 174 177 178 177 173 171 169 167 166 168 171 172 172 173 176 181 183 183 182 181 177 174 175 178 180 180 179 177 175 173 169 166 167 170 175 178 178 178 177 178 181 182 180 178 177 177 176 174 173 173 173 173 172 171 170 172 175 177 178 179 179 179 178 178 178 178 177 178 180 180 176 174 174 174 175 175 176 176 176 176 176 176
171 170 169 168 167 165 164 166 169 172 174 176 177 178 175 172 169 168 168 166 167 171 173 170 168 171 176 180 182 183 183 183 182 178 176 175 176 177 178 176 173 171 168 167 170 173 174 176 177 177 176 177 182 184 182 178 175 173 172 172 172 172 173 173 172 171 171 174 177 178 178 179 179 179 179 179 179 178 177 178 181 180 176 174 170 169 171 173 175 176 176 176 176 176
169 170 170 169 168 166 166 169 173 176 178 179 178 174 170 168 167 168 168 167 169 174 176 170 165 168 174 178 180 181 180 182 184 183 180 176 174 176 176 174 172 170 168 168 173 176 174 174 174 173 173 176 181 185 185 182 177 173 170 169 170 171 171 171 171 171 172 175 178 178 178 178 179 179 179 179 179 178 178 179 182 180 177 175 170 168 170 173 175 175 175 175 175 175
167 169 170 170 169 169 169 171 173 175 176 176 173 170 167 166 167 169 170 171 172 175 178 174 167 166 171 176 179 180 178 177 181 184 183 180 177 176 175 173 171 170 168 169 174 178 177 173 171 170 171 174 180 184 185 184 180 177 174 171 171 171 171 170 170 171 173 176 179 179 177 177 178 179 179 179 179 178 177 178 181 181 179 176 173 171 172 174 174 175 175 174 174 175
167 168 170 170 170 171 171 172 173 173 172 170 168 167 166 166 169 171 172 174 174 174 177 177 173 169 171 174 178 181 177 173 175 180 183 183 181 178 176 174 171 169 167 169 174 179 180 174 169 167 169 173 177 181 184 184 181 179 178 176 174 173 172 171 170 172 174 176 177 179 178 177 177 177 178 178 178 177 176 176 179 181 180 177 176 176 176 175 175 175 174 174 174 174
168 168 169 170 171 171 172 173 172 171 168 165 164 164 165 168 171 172 174 176 174 172 174 177 176 173 172 173 177 181 180 173 171 174 180 183 182 179 176 174 171 169 167 169 174 179 180 177 170 166 168 172 175 178 181 182 181 180 180 179 178 176 175 174 173 174 175 174 175 178 179 178 177 177 177 177 177 176 175 174 177 181 180 178 178 179 178 177 176 175 174 174 173 173
169 169 169 170 171 172 173 173 172 168 165 164 163 164 166 170 172 174 177 177 175 172 172 174 176 175 173 172 175 179 181 179 173 171 176 181 181 178 176 174 171 169 168 171 176 178 180 179 173 167 167 170 173 175 178 182 182 180 180 180 180 179 178 177 176 175 173 172 175 178 179 179 178 178 177 177 176 176 173 173 177 180 180 178 178 178 178 177 176 175 174 173 173 172
171 170 169 170 171 171 172 172 170 166 164 164 165 166 168 171 174 176 178 178 175 173 171 173 176 175 172 171 173 177 181 182 178 174 175 177 178 176 174 172 170 168 169 174 178 178 178 179 176 169 166 167 170 172 176 181 183 182 180 180 180 180 179 178 176 174 172 172 175 178 179 179 179 179 178 177 176 175 173 173 177 180 180 179 179 178 176 176 176 175 174 173 172 172
171 170 169 170 170 170 170 170 168 166 165 166 166 167 170 173 175 177 177 176 174 173 172 174 176 175 171 170 171 175 180 182 181 178 177 176 175 175 173 171 169 168 172 178 180 178 177 178 177 171 166 164 166 170 174 179 182 183 181 180 180 180 179 177 174 172 171 172 176 179 180 180 180 180 179 178 176 174 173 174 177 180 180 179 179 178 176 176 176 175 173 173 172 171
171 171 169 169 170 169 168 167 165 166 167 167 167 167 171 174 175 175 174 174 173 173 173 174 177 177 173 170 170 174 178 181 182 180 177 176 175 175 173 170 168 169 176 183 181 178 176 177 177 174 167 163 162 166 171 175 180 182 182 181 180 179 179 177 174 172 171 172 176 180 181 181 181 181 179 177 175 174 174 175 177 179 179 178 177 177 176 176 175 174 173 173 172 172
173 171 169 169 169 168 167 165 163 165 167 168 168 169 173 173 173 173 174 174 175 174 171 172 176 179 176 171 170 172 177 181 182 179 177 176 176 176 173 170 169 174 182 185 182 178 175 175 177 175 170 166 163 164 167 171 176 180 182 180 179 179 178 177 174 172 171 172 176 180 182 183 183 182 180 178 176 176 177 176 177 179 179 176 174 174 174 174 173 172 172 172 173 173
173 172 171 170 169 168 167 165 163 164 167 168 169 172 172 171 172 174 176 177 176 172 169 170 175 179 178 175 171 172 175 180 182 180 176 175 176 175 173 171 173 178 182 182 181 179 175 174 176 176 173 170 168 166 166 168 173 178 180 179 178 178 177 175 173 172 172 173 177 180 182 184 185 183 181 179 178 177 176 175 177 180 180 175 172 172 173 172 171 171 171 172 173 173
