project/data/elevation/US_DEM2016/US_DEM2016_point_10-31-2019_1803_30m_ang.asc
ncols	125
nrows	167
xllcorner	-2042055.000000
yllcorner	1465035.000000
cellsize	30.000000
NODATA_value	-9999.000000
[rows 45 to 89 of 167, columns 0 to 95 of 125]
336 339 344 347 348 350 351 353 355 358 3 9 12 8 2 359 357 356 354 351 348 347 348 350 350 349 349 348 346 343 340 338 339 342 345 348 352 353 350 348 353 2 6 3 358 356 356 354 352 350 349 348 348 346 343 345 348 352 355 357 358 358 359 357 354 350 349 350 350 346 339 332 327 323 318 314 312 311 306 316 323 330 336 340 343 348 357 2 1 358 359 5 15 21 20 16
333 337 343 346 348 349 351 354 358 2 7 12 11 4 359 357 356 355 353 352 350 348 348 349 349 349 348 346 342 338 337 337 339 341 342 346 351 356 358 356 357 5 9 4 359 356 354 353 353 353 352 348 342 338 338 341 347 352 355 357 358 359 359 358 355 353 354 355 352 346 341 337 335 332 329 324 321 319 318 319 315 327 332 336 340 346 355 2 4 2 1 5 14 19 18 16
330 333 340 345 348 350 352 355 359 5 12 14 16 1 356 356 355 355 354 354 352 350 349 348 348 347 346 343 338 335 335 337 339 341 341 344 349 357 2 4 6 7 5 1 357 355 353 354 355 355 352 344 337 335 338 341 347 352 355 357 358 359 360 359 358 357 356 353 349 346 344 342 341 339 336 332 330 327 326 325 327 328 329 333 338 344 352 360 4 4 6 11 16 17 16 14
329 331 337 343 348 351 353 355 360 7 14 14 6 360 354 354 354 355 355 355 354 352 350 348 347 345 343 338 334 333 336 340 341 342 343 344 347 354 3 11 13 8 2 357 356 354 354 357 358 354 346 338 336 338 342 346 348 352 355 357 358 359 360 360 358 356 353 350 348 348 348 347 346 345 343 341 339 337 335 333 332 330 328 329 334 341 348 356 2 7 12 17 18 15 13 9
329 331 336 342 347 352 355 357 0 7 14 12 4 358 354 353 353 354 356 356 356 353 351 349 347 344 340 334 330 331 336 341 343 346 349 347 347 353 6 18 19 11 2 356 353 353 355 358 356 349 340 337 339 343 348 351 351 352 354 355 356 359 359 358 355 353 351 350 351 351 351 351 351 350 349 348 347 347 346 344 340 334 329 327 330 337 345 352 1 10 18 21 17 11 6 2
328 331 338 342 346 352 357 359 1 7 11 8 1 357 355 353 353 354 356 358 358 355 352 349 347 344 338 331 327 329 334 338 342 349 354 353 352 359 12 22 20 12 3 357 352 350 352 354 351 345 340 340 343 348 354 355 354 352 352 352 353 355 357 356 353 351 351 351 352 353 353 353 353 353 353 353 353 354 354 354 351 344 336 330 328 333 341 350 1 14 21 21 14 7 2 358
326 330 339 344 346 351 356 360 2 6 6 2 359 357 357 355 355 356 358 359 359 357 354 350 346 342 336 329 326 327 331 334 339 348 354 358 1 7 14 16 12 6 1 357 353 349 349 349 348 346 344 345 348 354 358 359 356 352 351 351 350 351 353 352 351 349 349 350 350 350 351 352 352 353 353 355 357 358 359 359 358 354 348 341 335 334 339 348 3 18 22 20 14 8 4 360
325 329 337 343 346 350 354 359 3 3 360 357 357 358 359 359 357 357 359 0 0 359 356 351 346 340 334 328 326 326 328 330 334 342 352 0 7 10 10 8 5 1 358 355 351 347 345 346 348 349 350 352 354 358 1 2 359 355 354 352 350 349 348 349 348 347 345 342 340 339 340 343 346 348 350 353 356 358 358 358 359 357 355 349 347 327 340 347 5 17 18 16 15 12 7 2
327 329 335 340 344 348 352 358 3 2 7 356 355 360 2 3 1 359 360 2 2 359 356 351 345 339 333 329 327 328 328 329 331 338 348 1 10 8 4 2 0 358 355 352 347 342 341 343 348 353 356 358 359 1 4 4 2 359 356 353 350 349 348 348 348 346 342 337 334 331 330 330 333 337 342 346 350 354 355 353 352 353 353 353 352 336 347 350 3 10 11 13 13 9 4 360
331 332 336 339 342 345 348 355 2 3 356 357 355 3 7 7 4 1 1 2 1 358 355 351 346 340 334 331 331 332 333 333 333 335 346 2 10 6 1 358 356 354 351 346 341 338 338 342 349 355 360 3 4 5 7 8 4 360 355 352 350 349 349 350 351 348 344 341 338 336 333 327 321 321 327 332 338 344 347 345 340 337 336 340 345 350 352 355 359 2 5 7 6 2 359 356
335 336 339 341 344 345 346 351 359 3 357 2 359 10 13 14 7 4 1 359 358 356 354 350 346 341 336 333 333 334 336 337 336 336 345 1 8 4 360 357 354 351 346 340 335 334 337 343 349 355 0 5 7 8 11 10 5 359 354 351 351 351 351 352 351 349 346 344 343 342 339 332 323 318 318 319 321 326 331 333 311 326 327 332 320 346 353 355 355 357 360 2 360 358 355 351
337 338 342 345 349 350 350 351 357 1 358 12 15 13 14 10 7 4 359 355 354 354 352 350 347 343 339 336 334 336 339 341 340 341 348 358 3 2 360 357 353 348 342 335 332 332 336 343 349 354 359 5 9 12 14 12 6 358 354 353 354 354 353 351 349 348 348 348 348 347 343 339 337 335 332 319 308 304 326 328 328 328 330 336 330 348 352 354 353 354 357 357 356 354 349 345
335 337 344 349 354 356 356 355 357 360 12 1 6 10 10 8 5 2 358 354 352 351 351 350 348 346 343 339 337 339 342 345 346 348 352 356 358 359 359 356 353 347 339 333 330 332 337 343 347 351 356 4 12 16 17 13 7 1 359 358 358 356 354 350 347 347 350 352 351 348 345 344 346 348 347 340 334 333 332 331 330 331 335 336 347 351 353 353 352 352 354 354 352 348 344 343
330 334 343 351 357 360 360 359 0 2 0 1 4 5 5 3 1 359 357 354 352 350 350 349 348 347 346 342 340 341 345 348 350 354 357 356 355 356 356 355 353 347 339 333 330 333 338 341 344 345 351 2 13 19 18 13 8 5 2 360 357 355 353 350 348 350 354 354 351 348 347 350 354 356 352 344 339 336 334 333 333 335 339 346 351 354 355 353 350 350 351 351 348 343 342 344
326 331 342 350 357 1 2 4 6 5 14 358 359 2 359 358 356 355 354 353 352 350 347 346 347 348 347 343 342 344 347 348 352 356 358 356 354 353 353 353 351 347 340 335 331 332 336 339 339 339 343 357 12 18 16 11 8 6 2 358 355 353 350 350 352 355 357 354 350 349 351 356 360 357 350 344 340 338 336 336 337 340 344 350 354 355 355 353 349 348 348 347 343 341 343 353
325 329 341 349 354 359 4 8 11 10 2 356 354 353 353 352 352 351 350 350 349 347 344 344 345 346 344 341 342 347 350 350 351 354 355 354 353 352 351 351 349 347 342 338 335 334 335 335 335 335 339 349 4 11 10 7 6 4 0 357 353 349 347 348 353 359 360 355 351 352 355 359 358 353 348 345 343 342 341 341 342 346 349 352 343 356 356 352 347 345 345 344 341 341 350 359
324 328 341 349 354 358 5 12 17 15 5 355 351 348 347 347 347 347 346 344 342 339 338 340 343 342 337 336 340 347 353 355 355 354 353 352 351 351 350 350 350 348 344 341 340 340 340 338 337 339 342 348 357 3 3 2 2 0 358 355 350 346 344 346 353 359 1 357 355 355 358 358 355 351 349 348 347 346 347 348 349 352 353 355 356 358 356 350 345 343 342 340 339 344 354 357
324 328 340 349 354 359 5 15 22 20 11 0 352 346 341 340 342 346 345 337 330 327 329 333 337 335 330 330 334 343 351 356 358 358 356 353 350 350 351 351 351 350 346 344 344 347 347 345 343 344 347 351 357 1 360 358 358 357 354 350 347 344 344 346 352 358 358 357 357 358 358 356 354 352 351 350 350 351 353 355 356 357 358 351 359 359 357 349 342 340 339 338 339 345 351 350
328 331 341 349 355 1 7 17 24 22 16 9 0 350 341 335 349 345 346 339 329 321 320 326 331 329 326 326 331 338 345 352 357 0 0 357 353 352 353 353 352 349 344 344 346 350 351 350 349 349 351 355 360 2 359 356 355 352 348 344 343 343 345 349 353 354 353 355 358 360 358 355 353 353 353 353 353 354 357 359 1 2 3 3 347 339 356 348 340 337 336 336 339 344 346 345
333 336 344 351 356 2 10 20 23 21 18 13 7 360 352 343 343 342 345 346 341 334 327 326 327 326 325 326 330 336 340 344 351 359 3 2 358 355 355 354 351 346 342 342 346 351 353 353 353 353 355 357 1 2 358 355 352 348 343 340 341 344 348 353 353 350 348 351 356 358 357 355 353 352 353 354 355 356 358 2 5 6 6 7 5 337 353 345 339 335 334 334 338 341 340 339
335 339 347 353 358 5 14 20 19 17 15 12 9 5 0 353 344 340 342 347 348 345 339 333 328 326 325 328 333 339 341 341 345 354 1 2 360 357 355 353 349 344 340 341 345 349 351 352 355 358 359 359 1 1 357 353 349 344 340 340 343 347 351 354 352 347 344 347 353 356 355 355 354 351 351 355 358 358 358 2 7 10 10 9 5 355 347 341 337 335 333 333 336 339 337 335
335 339 348 356 1 8 15 16 14 12 10 9 9 8 5 359 350 342 339 344 348 348 345 339 332 328 328 332 338 345 346 345 345 349 354 356 355 355 354 351 348 344 340 341 344 347 349 351 356 0 2 1 1 359 356 351 346 341 339 342 348 351 354 355 351 345 342 345 351 353 354 355 356 353 351 355 2 6 4 3 10 16 14 7 355 343 337 336 336 335 334 335 337 339 338 335
335 340 350 357 4 11 14 11 17 6 5 6 8 8 7 2 355 347 341 341 344 346 346 342 336 331 331 335 342 348 351 351 350 350 351 351 351 351 352 351 348 344 341 342 344 345 346 349 354 359 2 3 2 357 353 348 344 341 341 346 351 353 356 355 350 343 342 345 349 351 353 354 356 358 357 358 7 17 6 11 15 331 12 356 341 332 329 331 334 334 335 337 340 343 342 340
335 340 351 0 7 12 12 7 2 0 0 3 5 6 5 4 360 352 344 340 340 342 344 342 338 335 334 337 343 349 353 354 353 353 353 351 349 350 351 350 347 344 343 343 344 343 345 348 352 355 358 1 0 356 349 344 341 342 347 350 352 354 355 351 347 343 343 346 347 348 351 351 353 359 5 9 17 24 28 18 12 7 358 346 335 329 328 330 331 332 334 339 343 347 348 346
334 340 353 3 9 14 12 7 2 358 356 357 359 1 1 2 1 357 350 343 340 339 340 340 338 337 338 340 343 347 350 353 355 356 356 353 349 350 351 349 347 346 346 346 345 345 347 350 352 353 352 354 355 350 347 341 341 347 352 351 351 353 351 347 345 345 346 348 348 346 346 346 348 357 11 20 24 25 20 9 1 355 349 341 334 330 330 331 331 332 336 341 346 350 353 351
335 341 354 4 12 15 13 10 6 1 355 351 350 353 355 358 359 358 354 348 342 340 338 337 338 340 342 343 344 345 345 347 351 355 357 354 350 349 349 348 347 348 348 348 347 348 351 353 353 350 348 348 350 350 349 344 348 354 356 353 353 352 347 344 345 346 349 353 354 352 350 350 353 1 13 18 17 12 5 358 353 349 344 339 335 334 335 336 336 337 342 346 349 353 356 357
337 343 355 5 13 15 12 11 10 7 0 350 344 344 348 352 355 356 355 350 346 342 338 338 340 344 347 348 348 346 343 343 346 351 354 353 350 348 347 347 348 349 350 348 348 351 353 352 350 349 348 348 351 353 355 352 356 359 358 357 357 355 350 347 346 347 351 356 358 357 356 357 1 7 10 9 5 360 355 350 347 345 343 340 338 340 343 345 345 346 349 352 353 356 360 3
339 344 356 7 14 14 11 9 9 7 4 356 347 343 344 347 350 352 353 351 347 343 340 339 342 348 352 353 352 350 348 346 347 349 351 351 349 347 346 347 349 351 350 349 349 351 352 351 349 350 351 353 356 357 355 355 357 358 359 359 359 357 353 350 347 348 353 358 1 1 2 5 8 9 6 1 357 352 347 344 343 345 345 343 342 344 349 353 355 357 358 358 358 1 5 8
341 346 357 8 13 12 9 6 4 4 2 358 354 349 346 345 345 347 349 349 347 344 342 342 345 350 354 356 356 354 351 350 351 351 352 352 349 346 347 349 351 352 351 349 348 350 351 350 350 351 354 357 360 359 356 354 354 356 357 358 357 355 352 349 349 351 356 1 4 7 10 11 10 5 358 354 351 346 341 340 342 344 346 347 347 349 354 359 3 5 6 5 4 6 9 10
343 347 358 8 11 10 7 2 359 358 357 356 355 353 350 346 343 342 344 347 347 346 344 345 348 350 353 356 358 357 354 353 353 353 354 353 349 347 348 350 351 351 350 348 348 348 349 350 351 352 354 358 1 1 357 353 352 353 353 354 353 351 349 349 352 357 2 5 9 14 14 11 5 357 351 348 345 340 338 338 341 344 346 349 352 356 357 359 4 10 12 11 9 10 11 9
344 348 359 7 9 8 5 358 353 351 351 353 354 353 350 345 342 340 341 344 347 347 347 349 350 350 351 355 358 359 357 355 354 354 354 353 349 347 348 349 350 350 349 347 347 348 348 347 348 350 351 353 358 360 357 353 351 351 351 350 349 349 350 354 1 6 6 6 10 14 12 5 358 351 346 343 341 338 337 338 341 342 344 347 354 360 2 360 3 10 14 13 12 12 11 9
343 349 0 6 7 5 359 353 349 348 349 350 351 349 346 342 340 338 339 342 346 348 350 352 352 351 350 353 357 359 359 358 357 355 353 352 350 349 349 350 350 349 347 346 347 349 349 349 349 350 351 352 355 357 354 351 350 350 350 348 347 349 356 6 11 9 4 3 6 7 4 358 352 347 344 343 341 340 341 343 344 341 337 338 346 357 3 5 5 9 12 13 11 11 10 7
341 348 1 6 4 358 354 351 350 349 349 348 347 344 341 338 337 338 340 342 346 349 352 353 354 353 351 351 354 358 1 1 0 357 355 354 354 353 352 352 350 348 347 346 347 349 350 350 349 349 351 352 353 352 350 349 349 350 349 348 349 356 5 9 8 4 1 360 360 359 357 353 349 347 346 345 344 344 347 351 352 349 342 336 337 346 358 5 9 11 12 10 9 10 9 6
338 347 3 7 1 354 352 352 357 353 350 347 344 340 338 336 337 339 341 344 347 350 353 354 354 354 352 350 351 355 360 3 2 360 358 359 360 358 355 352 350 348 347 347 347 347 348 347 346 345 346 347 348 347 347 346 348 349 349 350 355 3 7 4 1 359 358 356 354 353 352 349 347 347 348 348 347 348 351 356 358 358 353 347 342 343 350 1 9 13 11 8 7 8 7 4
338 347 4 6 359 353 353 355 355 353 350 346 342 339 337 337 338 341 344 346 348 351 354 355 356 355 353 349 347 350 356 1 2 2 2 4 4 2 357 354 352 351 350 349 348 347 346 344 342 342 343 344 345 346 346 346 347 349 351 354 1 5 3 358 355 353 352 350 350 350 349 346 346 347 349 350 351 351 352 356 360 1 0 357 352 349 350 357 6 10 8 5 5 6 4 0
342 350 1 2 358 354 353 354 352 350 347 343 339 337 337 338 340 342 345 348 350 353 355 356 357 356 353 348 344 344 348 354 359 2 5 7 5 4 360 358 356 354 353 352 352 351 348 344 341 341 343 344 345 347 348 347 348 353 356 359 2 2 357 352 349 346 346 347 348 348 346 344 344 346 348 351 353 353 352 352 356 1 3 2 359 356 355 358 3 4 4 3 2 2 359 355
350 353 356 357 356 354 352 351 349 347 343 340 337 336 338 340 342 344 347 350 352 354 356 358 359 358 356 350 342 338 337 340 347 357 4 8 7 3 0 359 357 356 355 354 354 354 351 346 343 343 343 344 345 348 350 349 357 354 357 360 360 358 353 348 343 341 342 346 348 347 343 342 342 344 347 350 353 354 353 351 351 355 2 5 5 2 359 360 1 0 360 360 358 357 354 350
356 354 353 354 354 352 350 348 346 343 340 337 336 336 339 341 344 347 350 351 353 354 358 359 360 0 0 356 347 339 333 330 333 344 359 4 4 360 358 356 355 354 354 354 355 354 352 349 346 345 344 344 344 347 350 350 356 353 355 358 357 355 350 344 340 339 343 348 349 346 343 341 342 344 346 349 352 354 355 355 351 350 357 5 7 7 4 2 1 358 357 357 355 352 349 348
355 354 354 354 352 350 348 346 343 339 336 335 335 338 340 343 347 351 354 354 354 356 359 359 359 0 1 359 354 347 341 336 335 339 348 357 359 357 354 352 352 353 354 354 354 354 352 351 349 347 345 345 346 348 351 351 356 352 352 354 354 352 347 342 338 339 345 348 348 346 343 342 342 343 344 345 348 352 355 357 355 351 352 0 6 9 9 6 1 358 357 356 353 349 348 351
352 353 356 354 351 348 345 343 340 337 334 334 336 339 342 345 350 355 359 358 357 359 360 357 356 357 358 357 356 353 349 346 344 343 347 353 355 354 351 350 351 353 355 354 353 352 351 351 350 349 348 347 348 350 352 352 349 349 350 351 350 349 346 341 338 340 345 346 346 346 345 345 343 341 339 337 340 345 351 355 357 355 351 353 2 9 11 9 4 0 359 357 355 352 353 359
350 352 354 353 349 346 343 340 337 335 334 335 337 341 345 349 354 1 5 3 360 359 357 354 352 352 353 353 354 354 354 353 352 349 348 350 351 350 349 351 353 354 354 353 351 350 349 349 351 352 352 351 352 352 352 352 349 347 348 348 348 347 345 341 339 340 343 344 345 347 348 348 347 343 338 333 330 333 339 345 352 353 351 347 354 5 10 11 9 5 2 1 360 359 1 4
349 351 352 350 347 344 342 339 336 333 334 336 339 343 348 354 1 9 9 3 358 355 352 350 349 348 349 350 353 354 356 357 357 354 350 349 348 347 351 355 355 353 352 351 349 346 345 347 351 355 356 356 356 355 354 352 357 346 349 346 346 346 344 340 339 340 342 343 345 347 348 350 351 351 348 342 335 331 330 329 338 346 346 342 345 356 6 10 10 8 5 4 5 4 3 3
347 349 349 347 345 343 341 338 335 333 335 338 341 346 353 2 10 10 6 0 355 351 348 346 345 345 346 349 351 352 353 357 359 358 354 351 346 348 353 357 356 353 352 351 346 341 340 343 349 354 356 358 359 358 357 354 349 347 347 347 347 346 343 340 339 340 342 344 345 347 347 348 351 355 356 354 350 346 342 338 338 341 341 338 339 348 359 6 7 6 5 6 6 4 2 1
346 348 348 346 344 343 340 337 335 334 336 340 345 352 1 10 7 3 360 358 354 350 345 343 342 342 344 348 350 350 350 352 357 359 359 356 353 352 355 358 357 355 353 351 345 338 336 339 345 349 351 354 356 357 357 355 351 348 347 347 347 345 343 341 340 341 343 346 346 346 345 344 348 354 358 359 358 356 354 351 349 348 347 345 345 349 354 358 360 1 3 6 6 4 1 358
344 346 347 346 345 342 339 336 336 337 340 344 350 359 6 3 358 356 356 356 353 349 345 342 341 341 342 344 347 349 349 349 353 358 2 2 359 357 358 358 358 356 354 351 345 339 337 338 341 342 343 345 346 348 350 352 351 348 347 346 346 345 343 341 339 340 344 347 346 344 343 341 344 349 356 359 360 359 359 359 357 355 353 352 354 355 355 354 355 359 2 4 4 2 358 353
