project/data/elevation/US_DEM2016/US_DEM2016_point_10-31-2019_1803_30m_vel.asc
ncols	125
nrows	167
xllcorner	-2042055.000000
yllcorner	1465035.000000
cellsize	30.000000
NODATA_value	-9999.000000
[rows 38 to 75 of 167, columns 0 to 83 of 125]
7.12 6.83 6.24 5.80 5.36 5.07 4.85 4.50 4.06 3.65 3.80 3.46 3.61 3.98 4.76 4.82 4.94 4.83 5.31 5.72 5.95 6.06 6.16 6.38 6.67 6.92 7.17 7.41 7.38 7.13 6.69 6.21 5.93 5.88 6.06 6.53 7.07 7.39 7.65 8.00 8.28 8.32 8.29 8.20 8.11 7.92 7.37 6.46 5.85 5.45 5.33 5.36 5.25 5.24 5.46 5.60 5.68 5.94 6.12 6.17 5.99 5.55 5.30 5.02 4.66 4.33 3.98 3.87 3.94 3.97 3.96 4.11 4.40 4.77 5.02 5.30 5.62 6.19 6.94 7.82 8.51 8.86 8.76 8.32
6.97 6.32 5.38 4.94 4.58 4.41 4.25 4.05 3.90 3.83 3.88 3.92 3.88 4.38 4.60 4.52 4.66 4.89 4.76 4.76 4.62 4.55 4.65 4.98 5.56 6.18 6.67 7.13 7.39 7.42 7.23 6.88 6.58 6.50 6.84 7.49 7.94 8.18 8.30 8.42 8.53 8.40 8.30 8.16 7.96 7.64 6.99 6.25 5.73 5.32 5.27 5.45 5.45 5.30 5.51 5.73 5.93 6.16 6.06 5.72 5.16 4.52 4.05 3.90 3.83 3.75 3.54 3.49 3.64 3.70 3.65 3.84 4.24 4.62 4.81 5.00 5.18 5.53 6.01 6.36 6.51 6.91 7.61 8.06
6.64 5.92 4.94 4.51 4.37 4.30 4.28 4.32 4.43 4.61 4.81 4.88 4.69 4.43 4.98 4.61 4.58 4.77 4.52 4.12 3.95 4.06 4.36 4.80 5.43 5.95 6.38 6.79 7.12 7.37 7.50 7.44 7.39 7.67 8.20 8.75 9.07 9.16 8.91 8.51 8.31 7.81 7.42 7.36 7.30 7.37 7.25 7.08 6.79 6.53 6.21 6.03 5.84 5.50 5.51 5.66 5.85 5.96 5.68 5.11 4.44 3.71 3.01 2.75 2.75 2.88 3.12 3.36 3.52 3.54 3.44 3.66 4.21 4.58 4.68 4.76 4.86 5.07 5.37 5.52 5.51 5.77 6.67 7.87
6.41 5.90 5.19 4.92 4.90 4.93 4.93 4.98 5.16 5.41 5.61 5.57 5.26 4.97 4.83 4.81 4.88 4.88 4.70 4.45 4.47 4.71 5.02 5.29 5.51 5.73 5.88 6.14 6.60 7.04 7.58 7.86 8.25 8.73 9.17 9.46 9.52 9.28 8.81 8.23 7.72 7.21 6.71 6.41 6.55 6.72 6.98 7.12 7.26 7.33 7.20 6.66 6.08 5.56 5.32 5.31 5.31 5.20 4.93 4.57 4.13 3.56 2.95 2.75 2.89 3.12 3.35 3.48 3.50 3.49 3.48 3.67 4.12 4.44 4.43 4.36 4.57 4.98 5.24 5.23 5.25 5.33 5.85 7.10
6.39 6.10 5.70 5.55 5.51 5.47 5.41 5.48 5.73 6.00 6.06 5.83 5.39 5.23 5.28 5.36 5.38 5.40 5.41 5.46 5.61 5.82 6.01 6.13 6.18 6.12 6.02 6.06 6.40 6.83 7.55 8.16 8.89 9.42 9.49 9.21 8.80 8.28 7.71 7.22 6.86 6.51 6.02 5.73 5.69 5.88 6.16 6.26 6.45 6.63 6.68 6.40 5.95 5.43 5.19 5.18 5.08 4.84 4.64 4.65 4.52 4.27 3.96 3.93 4.08 4.05 3.84 3.67 3.70 3.77 3.71 3.69 3.86 4.00 3.82 3.68 4.14 4.85 5.11 4.99 5.07 5.28 5.77 6.70
6.36 6.17 5.92 5.83 5.81 5.83 5.93 6.15 6.39 6.49 6.33 5.97 5.56 5.57 5.51 5.63 5.76 5.89 6.06 6.29 6.59 6.83 6.92 6.90 6.83 6.64 6.51 6.51 6.69 6.94 7.60 8.29 8.92 9.22 9.01 8.46 7.79 7.16 6.60 6.26 6.12 5.91 5.49 5.08 5.00 5.22 5.39 5.23 4.94 4.66 4.67 5.00 5.22 5.21 5.26 5.48 5.56 5.51 5.51 5.53 5.43 5.34 5.27 5.24 4.92 4.48 4.28 4.33 4.34 4.04 3.61 3.37 3.47 3.57 3.41 3.35 3.82 4.56 4.77 4.60 4.86 5.46 6.06 6.46
6.36 6.25 6.14 6.17 6.34 6.62 6.91 7.09 7.09 6.91 6.55 6.14 5.80 5.61 5.62 5.80 6.01 6.21 6.42 6.69 6.99 7.12 7.08 6.94 6.76 6.58 6.53 6.61 6.86 7.22 7.92 8.27 8.40 8.22 7.96 7.70 7.32 6.81 6.09 5.57 5.31 5.23 5.00 4.60 4.43 4.64 4.53 4.26 3.84 3.57 3.61 3.90 4.35 4.79 5.31 5.86 6.15 6.28 6.30 6.15 6.04 6.00 5.81 5.48 4.96 4.80 4.95 4.90 4.39 3.57 3.14 3.15 3.34 3.46 3.47 3.58 4.03 4.54 4.65 4.45 4.67 5.37 5.83 5.98
6.57 6.59 6.67 6.83 7.04 7.27 7.44 7.47 7.33 7.03 6.62 6.27 6.06 5.96 6.12 6.32 6.45 6.57 6.71 6.81 6.79 6.65 6.49 6.37 6.36 6.34 6.35 6.53 7.01 7.60 8.19 8.03 7.55 7.11 6.91 6.95 6.82 6.53 5.83 5.14 4.60 4.44 4.35 4.08 4.00 4.10 4.08 4.13 4.17 4.19 4.10 3.95 4.03 4.55 5.37 6.05 6.22 6.21 6.13 6.11 6.04 6.07 5.85 5.57 5.45 5.51 5.28 4.59 3.72 3.26 3.32 3.65 3.86 3.92 3.99 4.22 4.63 4.89 5.05 4.72 4.77 5.07 5.42 5.65
6.82 6.87 7.01 7.16 7.21 7.17 7.07 6.95 6.82 6.62 6.38 6.15 6.16 6.37 6.70 6.85 6.89 6.87 6.80 6.65 6.41 6.14 5.95 5.93 6.08 6.22 6.36 6.70 7.32 7.85 7.99 7.47 6.74 6.34 6.17 6.05 5.93 5.88 5.60 4.98 4.23 3.87 3.89 4.00 4.15 4.27 4.50 4.67 4.73 4.48 4.09 3.94 4.29 5.04 5.82 6.13 6.07 5.97 5.95 6.06 6.01 6.05 6.00 5.93 5.81 5.48 4.61 3.99 3.86 4.12 4.51 4.73 4.80 4.83 4.95 5.17 5.37 5.40 5.33 5.28 5.79 5.28 5.48 5.76
6.91 6.85 6.84 6.88 6.79 6.59 6.34 6.11 5.93 5.86 5.81 5.75 5.99 6.18 6.51 6.67 6.75 6.70 6.53 6.33 6.13 5.93 5.78 5.76 5.88 6.06 6.32 6.82 7.44 7.68 7.37 6.69 6.22 5.88 5.61 5.35 5.16 5.17 5.25 5.06 4.37 4.00 4.09 4.50 4.72 4.87 4.93 4.65 4.16 3.63 3.54 4.03 5.14 6.25 6.67 6.54 6.35 6.23 6.22 6.25 6.15 6.17 6.08 5.92 5.57 4.98 4.56 4.67 5.21 5.76 6.10 6.18 6.18 6.16 6.18 6.26 6.31 6.22 6.16 6.14 5.86 5.73 5.86 6.00
6.88 6.77 6.49 6.37 6.26 6.04 5.77 5.51 5.32 5.23 5.26 5.31 5.39 5.63 5.82 5.94 6.11 6.19 6.16 6.05 5.88 5.71 5.60 5.56 5.60 5.76 6.01 6.58 7.27 7.36 6.97 6.47 6.11 5.72 5.24 4.78 4.61 4.61 4.75 4.79 4.48 4.13 4.12 4.37 4.55 4.72 4.74 4.21 3.71 3.61 4.15 5.46 6.89 7.62 7.69 7.20 6.82 6.55 6.46 6.53 6.52 6.51 6.39 6.16 6.10 6.23 6.70 7.30 7.80 8.15 8.26 8.27 8.23 8.18 8.10 8.07 8.01 7.78 7.44 6.95 6.31 5.92 6.01 6.03
6.91 6.80 6.34 6.03 5.91 5.82 5.65 5.43 5.25 5.13 5.23 5.35 5.54 5.60 5.72 5.78 5.89 5.96 5.97 5.85 5.64 5.45 5.34 5.30 5.34 5.47 5.71 6.36 7.10 7.11 6.78 6.53 6.23 5.84 5.31 4.71 4.42 4.14 4.02 4.10 4.05 3.77 3.58 3.60 3.87 4.23 4.55 4.44 4.37 4.80 6.11 7.62 8.44 8.56 8.16 7.49 6.99 6.72 6.68 6.92 7.05 7.13 7.10 7.27 7.70 8.33 9.04 9.66 10.09 10.29 10.35 10.35 10.32 10.28 10.15 9.96 9.73 9.42 8.77 7.81 6.84 6.15 5.98 5.86
7.00 6.82 6.32 5.96 5.81 5.78 5.80 5.74 5.60 5.57 5.81 6.06 6.28 6.37 6.34 6.29 6.19 6.05 5.88 5.70 5.50 5.31 5.16 5.10 5.15 5.34 5.70 6.44 6.97 6.76 6.26 6.24 6.07 5.81 5.64 5.28 4.75 4.11 3.69 3.77 3.86 3.81 3.80 3.88 4.13 4.51 5.10 5.54 5.99 6.96 8.29 9.00 9.05 8.48 7.88 7.26 6.89 6.75 6.66 6.74 6.90 7.17 7.39 7.72 8.35 8.94 9.39 9.81 10.07 10.22 10.32 10.41 10.46 10.46 10.32 10.07 9.81 9.57 9.15 8.57 7.85 7.05 6.27 5.79
7.05 6.73 6.18 5.98 5.84 5.74 5.78 5.89 5.91 5.98 6.35 6.78 6.99 7.00 6.87 6.61 6.30 6.00 5.76 5.60 5.47 5.30 5.10 4.98 5.05 5.36 5.82 6.46 6.64 6.09 5.64 5.64 5.56 5.56 5.66 5.68 5.21 4.64 4.35 4.45 4.70 4.98 5.22 5.34 5.50 5.93 6.80 7.74 8.66 9.37 9.63 9.42 8.72 7.80 7.25 6.78 6.47 6.26 6.02 5.87 6.02 6.28 6.80 7.15 7.56 7.76 7.66 7.58 7.51 7.63 7.84 8.15 8.28 8.32 8.19 8.02 7.99 7.92 7.89 7.93 7.87 7.62 7.09 6.26
6.93 6.43 5.79 5.64 5.59 5.56 5.62 5.78 5.95 6.07 6.40 6.86 7.03 6.99 6.76 6.37 5.94 5.63 5.46 5.36 5.25 5.14 5.00 4.92 5.05 5.39 5.83 6.24 6.13 5.46 5.17 5.20 5.14 5.12 5.33 5.42 5.37 5.28 5.32 5.63 5.98 6.27 6.48 6.72 7.14 7.87 8.76 9.47 9.91 9.97 9.64 8.90 8.08 7.26 6.77 6.35 5.98 5.63 5.44 5.33 5.48 5.73 5.98 6.22 6.25 5.86 5.38 4.88 4.72 4.84 5.07 5.36 5.51 5.46 5.45 5.37 5.49 5.55 5.65 5.90 6.36 6.70 6.76 6.50
6.66 6.12 5.41 5.15 5.13 5.26 5.44 5.60 5.84 6.01 6.56 6.37 6.31 6.18 5.95 5.63 5.30 5.07 4.94 4.88 4.83 4.82 4.89 5.05 5.25 5.48 5.80 6.03 5.84 5.41 5.22 5.21 5.14 5.03 4.90 4.96 5.24 5.39 5.61 6.01 6.44 6.69 6.96 7.39 8.13 8.95 9.47 9.63 9.40 9.00 8.54 8.05 7.51 6.98 6.57 6.21 5.87 5.59 5.59 5.64 5.80 5.88 5.79 5.69 5.32 4.81 4.41 4.19 4.21 4.25 4.11 3.87 3.74 3.68 3.64 3.64 3.76 3.90 3.98 3.98 4.10 4.37 4.62 4.92
6.41 6.01 5.43 5.15 5.04 5.00 5.04 5.18 5.40 5.59 5.55 5.66 5.14 4.92 4.73 4.65 4.56 4.39 4.29 4.41 4.65 4.85 5.08 5.34 5.50 5.66 5.88 6.05 6.05 5.96 5.79 5.55 5.30 4.99 4.58 4.53 4.84 5.04 5.22 5.51 5.94 6.33 6.76 7.48 8.43 8.99 8.99 8.40 7.57 7.23 7.19 7.23 7.12 6.87 6.56 6.27 6.00 5.89 6.04 6.09 6.08 5.98 5.65 5.37 5.04 4.78 4.79 4.80 4.70 4.37 3.81 3.17 2.85 2.67 2.54 2.52 2.62 2.68 2.69 2.54 2.43 2.51 2.86 3.43
6.39 6.18 5.89 5.67 5.42 5.06 4.67 4.53 4.65 4.85 4.87 5.13 4.17 3.92 3.84 4.16 3.90 3.86 3.91 4.27 4.79 5.26 5.55 5.68 5.79 5.93 6.11 6.29 6.37 6.36 6.05 5.61 5.22 4.80 4.39 4.28 4.58 4.85 4.95 5.09 5.40 5.88 6.50 7.50 8.35 8.47 7.86 6.92 6.40 6.24 6.28 6.48 6.63 6.64 6.39 6.18 5.97 5.93 6.03 5.89 5.62 5.33 5.06 4.94 5.06 5.22 5.36 5.28 4.70 3.96 3.22 2.79 2.60 2.39 2.13 1.98 1.90 1.76 1.65 1.73 2.53 2.54 3.31 4.00
6.62 6.66 6.63 6.41 6.05 5.56 4.91 4.57 4.49 4.61 4.64 5.00 4.62 3.93 3.93 3.90 3.94 4.04 4.27 4.70 5.24 5.79 6.07 6.21 6.32 6.48 6.56 6.64 6.64 6.53 6.07 5.74 5.54 5.20 4.79 4.72 5.06 5.37 5.41 5.44 5.63 6.02 6.68 7.67 8.07 7.66 6.63 5.89 5.53 5.43 5.49 5.72 6.03 6.11 5.92 5.75 5.60 5.50 5.37 5.00 4.60 4.36 4.41 4.69 5.28 5.60 5.50 5.05 4.26 3.62 3.29 3.28 3.24 2.85 2.30 1.98 1.86 1.86 1.75 2.10 2.82 3.92 5.06 5.54
6.92 7.04 7.05 6.86 6.57 6.20 5.76 5.41 5.15 5.05 5.87 4.81 4.70 4.78 4.91 4.99 5.08 5.27 5.43 5.67 6.04 6.47 6.75 6.97 7.17 7.28 7.16 7.06 7.09 7.10 6.95 6.78 6.64 6.32 5.84 5.72 6.01 6.27 6.37 6.41 6.49 6.60 7.07 7.69 7.62 6.66 5.67 4.96 4.68 4.67 4.76 5.01 5.40 5.52 5.46 5.31 5.13 4.86 4.53 4.27 4.19 4.31 4.69 5.13 5.62 5.61 5.14 4.56 4.05 4.03 4.30 4.41 3.98 3.27 2.67 2.46 2.50 2.61 2.93 3.70 4.90 6.13 6.71 6.58
7.08 6.98 6.76 6.67 6.66 6.65 6.46 6.13 5.72 5.39 5.23 5.24 5.44 5.76 6.13 6.38 6.62 6.84 7.00 7.08 7.23 7.31 7.47 7.70 7.88 7.80 7.60 7.49 7.58 7.57 7.49 7.30 7.09 6.80 6.40 6.21 6.33 6.55 6.80 7.00 7.07 7.08 7.28 7.34 6.71 5.60 4.70 4.17 3.96 3.94 4.07 4.25 4.63 5.02 5.18 5.12 4.98 4.77 4.65 4.79 5.03 5.41 5.86 6.15 6.16 5.73 5.10 4.79 4.83 5.15 5.35 5.04 4.22 3.43 3.18 3.37 3.67 4.08 4.82 5.91 7.01 7.48 7.25 6.50
7.11 6.69 6.19 6.12 6.29 6.51 6.56 6.28 5.82 5.38 6.49 5.22 5.62 6.15 6.66 7.04 7.33 7.59 7.81 7.89 7.84 7.76 7.82 7.96 7.94 7.78 7.69 7.71 7.72 7.46 6.92 6.46 6.19 6.11 6.09 6.14 6.23 6.43 6.68 6.98 7.19 7.19 7.08 6.65 5.64 4.53 3.80 3.45 3.32 3.38 3.41 3.45 3.94 4.64 5.08 5.25 5.30 5.31 5.47 5.64 5.94 6.44 6.95 7.22 7.00 6.62 6.01 5.87 6.13 6.26 5.83 5.05 4.36 4.19 4.47 4.92 5.49 6.20 7.09 7.88 8.11 7.71 6.89 6.05
7.09 6.58 5.86 5.63 5.61 5.68 5.82 5.80 5.58 5.20 4.88 4.85 5.13 5.59 6.04 6.35 6.59 6.73 6.81 6.89 7.00 7.15 7.29 7.26 7.06 6.98 7.18 7.45 7.45 7.20 6.72 6.08 5.65 5.57 5.88 6.25 6.53 6.68 6.76 6.83 6.88 6.68 6.36 5.82 4.97 3.98 3.34 3.15 3.22 3.34 3.33 3.35 3.78 4.58 5.23 5.66 5.92 6.10 6.21 6.23 6.49 7.19 7.82 8.03 7.79 7.63 7.38 7.09 7.08 6.95 6.29 5.66 5.54 6.09 6.79 7.43 8.08 8.64 8.96 8.82 8.18 7.24 6.41 5.76
6.99 6.36 5.49 5.20 4.93 4.74 4.77 4.94 4.98 4.73 4.33 4.09 4.05 4.19 4.44 4.62 4.72 4.63 4.36 4.34 4.93 5.58 5.77 5.53 5.22 5.55 6.32 6.80 6.90 6.94 6.98 6.87 6.63 6.41 6.38 6.57 6.73 6.75 6.61 6.40 6.18 5.94 5.68 5.50 5.08 4.40 3.92 3.95 4.14 4.25 4.29 4.37 4.58 5.03 5.48 5.89 6.30 6.70 6.94 7.22 7.71 8.33 8.52 8.29 7.98 7.94 7.99 8.02 8.03 7.94 7.75 7.69 8.11 8.70 9.14 9.49 9.75 9.80 9.48 8.68 7.72 6.88 6.24 5.67
6.66 5.93 5.02 4.77 4.58 4.38 4.23 4.27 4.40 4.22 3.77 3.31 2.93 2.73 2.71 2.81 2.89 2.74 2.62 2.77 3.28 3.85 3.99 3.78 3.88 4.63 5.82 6.36 6.38 6.25 6.51 6.89 7.10 7.15 6.87 6.57 6.31 6.16 5.89 5.60 5.44 5.58 5.74 6.00 6.03 5.97 5.76 5.75 5.80 5.82 5.83 5.75 5.61 5.58 5.62 5.81 6.17 6.72 7.37 8.11 8.71 8.80 8.39 7.66 7.06 7.12 7.67 8.05 8.44 8.73 9.01 9.33 9.69 9.85 9.84 9.75 9.59 9.20 8.55 7.82 7.16 6.59 6.09 5.64
6.37 5.81 5.01 4.66 4.52 4.41 4.25 4.14 4.19 4.12 3.75 3.19 2.64 2.25 2.04 2.00 2.09 2.34 2.69 2.98 3.12 3.18 3.13 3.20 3.70 4.74 5.93 6.28 6.03 5.57 5.56 5.87 6.32 6.66 6.54 6.02 5.46 5.12 5.02 4.97 5.09 5.62 6.24 6.74 6.94 7.14 7.21 7.09 6.97 6.85 6.51 6.14 5.90 5.83 5.80 5.90 6.22 6.83 7.60 8.22 8.38 7.99 7.24 6.38 6.02 6.24 6.86 7.42 7.83 8.32 8.69 8.92 9.02 8.91 8.67 8.33 7.88 7.30 6.89 6.55 6.20 5.87 5.54 5.15
6.37 6.06 5.51 5.10 4.85 4.71 4.54 4.42 4.38 4.35 4.18 3.82 3.44 3.02 2.65 2.45 2.25 3.08 3.75 4.07 3.97 3.69 3.54 3.68 4.31 5.42 6.30 6.37 5.85 5.19 4.91 4.90 5.16 5.45 5.62 5.49 5.14 4.86 4.85 5.12 5.55 6.26 6.78 7.02 7.03 7.16 7.25 7.30 7.23 6.93 6.30 5.87 5.78 5.89 6.00 6.16 6.49 7.13 7.67 7.71 7.21 6.43 5.81 5.43 5.51 5.91 6.29 6.52 6.74 7.08 7.31 7.32 7.12 6.93 6.77 6.47 5.98 5.43 5.07 4.98 4.82 4.64 4.43 4.24
6.40 6.21 5.88 5.61 5.35 5.09 4.93 4.95 4.96 5.01 5.04 5.00 4.85 4.47 3.99 3.64 3.59 3.91 4.41 4.89 4.99 4.87 4.76 4.90 5.41 6.25 6.78 6.70 6.18 5.40 4.93 4.60 4.44 4.56 5.04 5.54 5.82 5.96 6.06 6.24 6.59 6.99 7.05 6.85 6.59 6.56 6.69 6.85 6.86 6.70 6.29 5.97 5.90 5.99 6.10 6.27 6.60 7.12 7.37 6.91 6.14 5.50 5.13 5.03 5.16 5.47 5.69 5.71 5.79 5.97 6.10 6.02 5.74 5.42 5.14 4.99 4.62 4.06 3.50 3.28 3.29 3.10 2.92 2.82
6.40 6.21 5.92 5.69 5.49 5.30 5.31 5.48 5.73 6.02 6.24 6.31 6.08 5.65 5.14 4.72 4.49 4.50 4.74 5.29 5.73 6.05 6.24 6.33 6.59 7.18 7.50 7.31 6.86 6.20 5.73 5.30 4.95 4.97 5.43 6.08 6.65 7.06 7.20 7.18 7.14 7.12 6.86 6.48 6.17 6.06 6.12 6.13 6.12 6.18 6.20 6.12 6.04 6.11 6.22 6.46 6.84 7.16 6.92 6.14 5.39 5.02 4.80 4.71 4.80 5.15 5.40 5.34 5.18 5.21 5.18 5.10 4.95 4.57 4.04 3.68 3.43 3.01 2.40 1.95 1.83 1.75 1.63 1.70
6.44 6.22 5.90 5.60 5.37 5.27 5.40 5.68 6.08 6.59 6.95 7.06 6.94 6.68 6.30 5.84 5.40 5.16 5.23 5.66 6.16 6.74 6.98 7.18 7.57 8.12 8.16 7.73 7.20 6.83 6.63 6.44 6.20 6.11 6.22 6.46 6.69 6.89 6.96 6.87 6.76 6.70 6.46 6.07 5.76 5.52 5.43 5.29 5.16 5.26 5.55 5.75 5.86 6.08 6.34 6.71 6.95 6.79 6.05 5.18 4.74 4.61 4.54 4.66 4.94 5.31 5.29 4.87 4.51 4.39 4.31 4.21 4.19 3.97 3.41 2.80 2.42 2.18 1.79 1.24 1.07 1.63 1.36 1.67
6.45 6.18 5.77 5.45 5.20 5.10 5.12 5.25 5.55 5.97 6.42 6.77 7.08 7.27 7.29 7.05 6.56 6.07 5.91 6.05 6.31 6.84 7.22 7.63 8.16 8.49 8.26 7.52 6.87 6.70 6.81 6.95 6.96 6.73 6.49 6.33 6.19 6.08 6.07 6.22 6.37 6.39 6.17 5.76 5.41 5.16 4.98 4.72 4.49 4.42 4.58 4.90 5.31 5.69 6.16 6.45 6.31 5.69 4.76 4.29 4.21 4.24 4.43 4.82 5.10 5.08 4.65 3.97 3.50 3.28 3.22 3.05 2.91 2.92 2.73 2.26 1.82 1.66 1.50 1.36 1.35 1.54 1.94 2.54
6.37 6.01 5.47 5.26 5.12 5.03 4.89 4.70 4.53 4.52 4.77 5.45 6.30 7.05 7.58 7.74 7.54 7.10 6.68 6.51 6.57 6.95 7.35 7.88 8.28 8.23 7.69 6.96 6.25 6.00 6.11 6.37 6.55 6.46 6.30 6.11 5.94 5.88 6.07 6.34 6.42 6.29 6.00 5.72 5.53 5.33 5.06 4.59 4.10 3.84 3.90 4.32 4.94 5.54 5.75 5.63 5.04 4.22 3.71 3.63 3.63 3.63 3.97 4.37 4.40 4.15 3.76 3.27 2.81 2.43 2.24 2.14 2.04 1.93 1.91 1.87 1.79 1.53 1.97 2.20 2.46 2.72 3.13 3.83
6.25 5.83 5.29 5.18 5.17 5.13 4.98 4.73 4.30 3.84 3.64 4.00 4.92 6.02 6.97 7.56 7.81 7.74 7.48 7.22 7.18 7.35 7.67 8.10 8.20 7.84 7.20 6.45 5.72 5.26 5.09 5.16 5.45 5.74 5.96 6.06 6.08 6.15 6.37 6.53 6.43 6.17 5.94 5.85 5.75 5.39 4.86 4.20 3.88 3.99 4.39 4.95 5.40 5.54 5.51 4.88 4.05 3.45 3.29 3.26 3.13 3.05 3.17 3.38 3.55 3.67 3.78 3.69 3.38 3.03 2.86 2.71 2.44 2.09 1.93 2.05 2.31 2.63 3.02 3.43 3.83 4.26 4.69 5.46
6.18 5.80 5.33 5.24 5.28 5.30 5.24 5.16 4.94 4.51 3.99 3.83 4.26 5.05 5.98 6.83 7.43 7.85 8.02 8.04 8.07 8.20 8.44 8.56 8.28 7.72 7.09 6.40 5.70 5.24 5.00 4.97 5.04 5.24 5.57 5.89 6.07 6.14 6.24 6.35 6.15 5.85 5.67 5.63 5.51 4.98 4.54 4.42 4.81 5.45 5.98 6.21 6.16 5.88 5.62 4.98 4.58 4.33 4.17 3.96 3.74 3.60 3.59 3.75 4.28 4.83 5.17 5.18 4.98 4.74 4.46 4.06 3.43 2.95 2.76 2.87 3.21 3.68 4.17 4.79 5.53 6.28 6.91 7.87
6.15 5.77 5.37 5.32 5.42 5.48 5.52 5.65 5.84 5.88 5.61 5.22 5.11 5.31 5.77 6.52 7.23 7.97 8.44 8.75 9.04 9.15 9.11 8.84 8.24 7.63 7.22 6.89 6.44 6.21 6.11 5.98 5.71 5.57 5.65 5.85 5.98 6.05 6.06 5.88 5.59 5.36 5.31 5.35 5.38 5.36 5.62 6.19 6.77 7.10 7.13 6.87 6.46 6.08 5.87 5.84 5.85 5.87 5.81 5.69 5.59 5.63 5.78 6.12 6.51 6.63 6.38 6.07 5.77 5.43 4.92 4.28 3.65 3.40 3.50 3.83 4.22 4.79 5.62 6.82 8.13 9.13 9.86 10.55
6.08 5.74 5.39 5.40 5.57 5.66 5.78 6.05 6.50 6.97 7.22 7.23 7.06 6.76 6.66 6.98 7.59 8.41 9.03 9.40 9.72 9.71 9.21 8.57 7.88 7.46 7.35 7.35 7.23 7.06 6.91 6.80 6.56 6.37 6.21 6.12 6.11 6.04 5.81 5.49 5.34 5.44 5.53 5.66 5.88 6.20 6.67 7.10 7.25 7.07 6.81 6.55 6.35 6.17 6.10 6.16 6.22 6.38 6.60 6.82 7.02 7.27 7.47 7.52 7.28 6.73 6.00 5.61 5.31 4.83 4.26 3.82 3.65 3.79 4.19 4.75 5.38 6.30 7.69 9.30 10.57 11.35 11.61 11.51
6.07 5.80 5.50 5.54 5.71 5.81 5.88 6.20 6.90 7.70 8.31 8.58 8.57 8.36 8.08 8.05 8.47 9.13 9.53 9.65 9.69 9.46 8.79 7.95 7.32 7.11 7.18 7.33 7.33 7.18 6.96 6.78 6.54 6.35 6.15 6.03 6.01 5.87 5.66 5.60 5.74 5.84 5.86 5.97 6.12 6.15 6.15 6.10 5.82 5.51 5.36 5.46 5.73 5.89 5.83 5.81 5.90 6.09 6.38 6.72 7.09 7.40 7.37 6.95 6.11 5.16 4.57 4.55 4.57 4.31 3.99 3.92 4.11 4.48 5.08 5.81 6.69 7.94 9.45 10.55 11.07 11.15 10.85 10.27
6.11 5.89 5.70 5.79 5.93 6.03 6.19 6.69 7.57 8.18 8.42 8.46 8.52 8.65 8.79 9.05 9.46 9.72 9.56 9.20 8.93 8.60 8.02 7.35 6.90 6.71 6.68 6.81 6.95 6.96 6.79 6.50 5.98 5.60 5.49 5.62 5.74 5.70 5.59 5.54 5.50 5.53 5.65 5.78 5.78 5.52 5.22 4.86 4.68 4.57 4.56 4.71 5.02 5.29 5.42 5.57 5.74 5.83 5.94 6.15 6.47 6.60 6.22 5.31 4.35 3.78 3.68 3.98 4.39 4.57 4.54 4.62 4.97 5.57 6.39 7.28 8.31 9.52 10.28 10.36 9.57 8.39 7.53 7.11
