project/data/elevation/US_DEM2016/US_DEM2016_point_10-31-2019_0450_30m_vel.asc
ncols	125
nrows	167
xllcorner	-2042055.000000
yllcorner	1465035.000000
cellsize	30.000000
NODATA_value	-9999.000000
[rows 114 to 151 of 167, columns 0 to 83 of 125]
4.09 4.08 4.10 4.17 4.32 4.57 4.71 4.47 3.99 3.55 3.21 2.90 2.66 2.51 2.55 2.90 3.49 4.06 4.45 4.75 5.01 4.97 4.51 4.23 4.41 4.55 4.42 4.26 4.22 4.19 4.12 3.94 3.69 3.48 3.34 3.31 3.47 3.72 3.95 4.13 4.34 4.59 4.89 5.15 5.06 4.62 4.16 3.93 3.90 4.01 4.14 4.19 4.08 3.83 3.54 3.30 3.21 3.36 3.63 3.83 3.92 3.93 3.88 3.84 3.88 4.00 4.13 4.08 3.83 3.56 3.37 3.25 3.20 3.22 3.24 3.21 3.15 3.13 3.25 3.49 3.46 3.13 2.94 2.85
4.20 4.21 4.22 4.23 4.28 4.33 4.22 3.82 3.31 2.93 2.69 2.52 2.43 2.56 3.05 3.77 4.44 4.92 5.20 5.29 5.11 4.65 4.05 3.93 4.16 4.17 3.98 3.90 3.96 4.12 4.25 4.28 4.17 3.87 3.51 3.40 3.62 3.94 4.17 4.37 4.57 4.75 4.93 4.98 4.71 4.20 3.78 3.64 3.72 3.96 4.25 4.34 4.23 4.00 3.69 3.35 3.17 3.23 3.40 3.56 3.72 3.88 3.99 4.03 4.08 4.14 4.11 3.91 3.66 3.47 3.35 3.27 3.25 3.24 3.22 3.19 3.17 3.21 3.34 3.47 3.35 3.07 2.92 2.84
4.29 4.28 4.25 4.22 4.16 4.04 3.81 3.48 3.25 3.21 3.22 3.23 3.42 3.89 4.55 5.19 5.57 5.63 5.50 5.18 4.71 4.19 3.82 3.75 3.80 3.68 3.54 3.59 3.73 3.90 4.04 4.16 4.23 4.20 4.11 4.11 4.20 4.31 4.39 4.48 4.56 4.64 4.75 4.73 4.42 4.00 3.66 3.55 3.71 4.05 4.34 4.41 4.29 4.16 4.05 3.96 3.84 3.75 3.69 3.67 3.73 3.82 3.91 4.00 4.07 4.09 3.97 3.74 3.53 3.36 3.25 3.20 3.18 3.20 3.23 3.25 3.26 3.33 3.45 3.56 3.55 3.44 3.38 3.42
4.31 4.24 4.16 4.12 4.02 3.86 3.69 3.56 3.56 3.73 3.98 4.34 4.83 5.36 5.77 5.94 5.80 5.42 5.03 4.56 4.17 3.99 3.95 3.91 3.79 3.59 3.42 3.43 3.55 3.62 3.65 3.72 3.89 4.15 4.38 4.49 4.43 4.30 4.22 4.21 4.24 4.37 4.55 4.54 4.26 3.92 3.66 3.59 3.78 4.10 4.27 4.23 4.13 4.10 4.17 4.30 4.39 4.40 4.28 4.09 3.95 3.86 3.83 3.84 3.86 3.83 3.68 3.51 3.41 3.32 3.23 3.15 3.13 3.19 3.28 3.36 3.42 3.48 3.60 3.81 3.99 4.03 4.06 4.19
4.28 4.17 4.06 4.02 3.95 3.87 3.84 3.80 3.79 3.93 4.35 4.94 5.48 5.78 5.82 5.54 4.97 4.51 4.23 3.90 3.77 3.87 4.00 4.05 4.01 3.81 3.57 3.45 3.50 3.51 3.42 3.39 3.50 3.76 4.00 4.13 4.11 4.01 3.95 3.97 4.08 4.29 4.48 4.40 4.05 3.76 3.64 3.64 3.79 3.99 4.05 3.95 3.86 3.89 4.03 4.18 4.35 4.46 4.45 4.34 4.13 3.91 3.75 3.65 3.55 3.42 3.26 3.29 3.42 3.46 3.39 3.30 3.26 3.29 3.38 3.48 3.56 3.63 3.79 4.08 4.24 4.26 4.31 4.41
4.22 4.12 4.03 4.00 3.95 3.94 3.99 3.98 3.99 4.21 4.72 5.21 5.42 5.35 5.06 4.59 4.16 3.92 3.67 3.44 3.45 3.58 3.72 3.86 3.90 3.79 3.65 3.61 3.68 3.66 3.55 3.44 3.41 3.42 3.50 3.62 3.74 3.82 3.92 4.03 4.16 4.34 4.42 4.20 3.81 3.60 3.62 3.71 3.83 3.91 3.90 3.81 3.78 3.86 3.96 4.03 4.08 4.09 4.10 4.12 4.05 3.85 3.66 3.50 3.30 3.14 3.18 3.46 3.68 3.70 3.61 3.52 3.45 3.42 3.45 3.52 3.56 3.63 3.83 4.08 4.13 4.01 3.97 3.96
4.18 4.14 4.09 4.03 3.97 4.01 4.10 4.15 4.27 4.64 5.08 5.23 5.07 4.78 4.42 4.05 3.83 3.63 3.36 3.20 3.22 3.31 3.52 3.69 3.65 3.56 3.62 3.75 3.84 3.79 3.72 3.62 3.50 3.39 3.26 3.26 3.45 3.70 3.93 4.11 4.24 4.36 4.32 3.99 3.59 3.46 3.56 3.69 3.79 3.85 3.87 3.86 3.90 3.97 3.96 3.90 3.83 3.75 3.70 3.72 3.72 3.67 3.60 3.51 3.42 3.47 3.67 3.91 3.95 3.80 3.65 3.57 3.50 3.45 3.42 3.42 3.40 3.49 3.73 3.95 3.93 3.75 3.64 3.56
4.24 4.23 4.18 4.06 3.99 4.06 4.22 4.37 4.62 5.00 5.18 5.05 4.77 4.52 4.23 3.94 3.68 3.43 3.29 3.33 3.46 3.60 3.78 3.79 3.62 3.54 3.67 3.81 3.84 3.75 3.70 3.70 3.69 3.57 3.35 3.22 3.35 3.63 3.87 4.05 4.20 4.31 4.14 3.70 3.31 3.23 3.37 3.51 3.60 3.71 3.84 3.93 3.93 3.88 3.76 3.65 3.59 3.57 3.53 3.48 3.48 3.54 3.63 3.71 3.83 4.00 4.11 4.13 4.00 3.76 3.56 3.46 3.42 3.41 3.40 3.37 3.38 3.52 3.73 3.83 3.74 3.58 3.51 3.43
4.31 4.28 4.17 4.04 4.01 4.10 4.30 4.56 4.94 5.14 5.06 4.80 4.57 4.35 4.05 3.73 3.50 3.44 3.59 3.80 3.93 3.98 3.96 3.86 3.71 3.64 3.69 3.76 3.76 3.68 3.63 3.65 3.68 3.65 3.55 3.48 3.53 3.67 3.79 3.94 4.11 4.11 3.72 3.15 2.88 2.95 3.16 3.33 3.44 3.54 3.66 3.73 3.66 3.53 3.41 3.33 3.36 3.45 3.48 3.45 3.46 3.55 3.67 3.80 3.92 4.02 4.07 4.07 3.97 3.78 3.57 3.42 3.36 3.35 3.36 3.39 3.47 3.58 3.60 3.55 3.46 3.39 3.32 3.26
4.25 4.18 4.06 3.99 4.02 4.15 4.34 4.58 4.84 4.88 4.68 4.45 4.27 4.00 3.61 3.43 3.49 3.65 3.80 3.82 3.75 3.71 3.77 3.88 3.90 3.81 3.70 3.68 3.68 3.61 3.53 3.49 3.48 3.53 3.63 3.73 3.75 3.73 3.88 3.86 3.91 3.59 2.94 2.51 2.51 2.75 3.04 3.28 3.39 3.40 3.45 3.46 3.34 3.20 3.11 3.10 3.17 3.27 3.31 3.36 3.45 3.57 3.66 3.71 3.78 3.89 3.98 4.02 3.96 3.78 3.60 3.45 3.33 3.24 3.21 3.27 3.32 3.28 3.18 3.15 3.23 3.28 3.18 3.06
4.21 4.17 4.10 4.05 4.07 4.17 4.29 4.40 4.44 4.34 4.14 4.02 3.88 3.55 3.29 3.42 3.58 3.57 3.42 3.21 3.12 3.30 3.67 4.00 4.05 3.93 3.83 3.77 3.70 3.56 3.46 3.42 3.43 3.52 3.61 3.66 3.64 3.61 3.62 3.69 3.50 2.95 2.48 2.43 2.63 2.84 3.08 3.35 3.44 3.46 3.52 3.52 3.39 3.21 3.10 3.12 3.14 3.11 3.13 3.27 3.44 3.60 3.72 3.87 4.04 4.14 4.12 4.04 3.86 3.62 3.46 3.35 3.20 3.06 3.03 3.06 3.03 2.96 2.94 3.05 3.22 3.25 3.08 2.94
4.33 4.36 4.29 4.14 4.07 4.09 4.13 4.15 4.09 3.97 3.99 3.82 3.63 3.33 3.30 3.42 3.31 3.03 2.82 2.76 2.92 3.36 3.89 4.19 4.12 3.94 3.91 3.89 3.79 3.63 3.49 3.47 3.49 3.48 3.42 3.32 3.28 3.32 3.40 3.39 3.15 2.86 2.90 3.13 3.28 3.33 3.43 3.60 3.67 3.69 3.73 3.71 3.63 3.49 3.39 3.37 3.26 3.16 3.24 3.39 3.51 3.64 3.82 4.08 4.23 4.18 4.04 3.90 3.70 3.47 3.29 3.13 2.99 2.91 2.90 2.89 2.84 2.85 2.95 3.10 3.21 3.19 3.10 3.10
4.46 4.40 4.22 4.00 3.90 3.93 3.97 3.95 3.91 3.92 3.91 3.74 3.42 3.20 3.16 3.07 2.82 2.63 2.66 2.89 3.28 3.76 4.23 4.35 4.08 3.82 3.79 3.81 3.77 3.67 3.57 3.52 3.48 3.36 3.19 3.11 3.16 3.28 3.37 3.37 3.33 3.44 3.65 3.78 3.83 3.89 3.96 4.01 3.98 3.89 3.79 3.71 3.67 3.64 3.60 3.56 3.46 3.40 3.46 3.50 3.49 3.59 3.78 3.94 3.88 3.71 3.66 3.69 3.63 3.47 3.21 2.97 2.84 2.82 2.83 2.77 2.68 2.66 2.76 2.93 3.13 3.30 3.45 3.50
4.33 4.10 3.73 3.62 3.67 3.81 3.89 3.87 3.86 3.88 3.97 3.46 3.17 3.04 2.98 2.88 2.80 2.88 3.17 3.63 4.03 4.32 4.49 4.27 3.77 3.56 3.56 3.54 3.53 3.57 3.59 3.56 3.50 3.39 3.31 3.34 3.48 3.57 3.62 3.66 3.76 3.84 3.85 3.87 3.99 4.19 4.34 4.38 4.28 4.08 3.94 3.85 3.78 3.71 3.65 3.63 3.63 3.58 3.49 3.43 3.40 3.47 3.59 3.60 3.47 3.42 3.57 3.74 3.69 3.44 3.10 2.84 2.75 2.76 2.79 2.78 2.74 2.70 2.71 2.86 3.23 3.65 3.86 3.71
3.99 3.69 3.36 3.39 3.60 3.82 3.90 3.84 3.77 4.12 3.56 3.29 3.14 3.17 3.28 3.37 3.51 3.77 4.17 4.52 4.66 4.64 4.41 3.95 3.55 3.45 3.40 3.29 3.30 3.43 3.53 3.54 3.52 3.53 3.62 3.76 3.84 3.82 3.79 3.79 3.78 3.70 3.73 3.90 4.17 4.43 4.62 4.65 4.53 4.37 4.25 4.15 4.04 3.91 3.77 3.71 3.69 3.57 3.41 3.34 3.33 3.40 3.46 3.43 3.42 3.58 3.82 3.88 3.58 3.09 2.76 2.66 2.67 2.71 2.76 2.86 2.99 3.08 3.11 3.23 3.62 4.00 3.96 3.53
3.84 3.69 3.54 3.66 3.88 4.00 3.96 3.84 3.74 4.05 3.59 3.48 3.49 3.65 3.91 4.16 4.42 4.63 4.75 4.73 4.58 4.34 4.01 3.69 3.57 3.53 3.39 3.28 3.33 3.45 3.50 3.50 3.53 3.63 3.75 3.82 3.80 3.75 3.71 3.66 3.60 3.60 3.78 4.08 4.40 4.64 4.74 4.66 4.51 4.37 4.24 4.12 4.04 3.95 3.86 3.80 3.72 3.55 3.37 3.29 3.34 3.44 3.50 3.52 3.64 3.86 3.95 3.69 3.10 2.57 2.41 2.47 2.61 2.74 2.83 2.90 3.01 3.21 3.45 3.71 4.02 4.17 3.89 3.47
3.94 3.99 4.11 4.29 4.36 4.24 4.03 3.88 3.82 3.80 3.78 3.79 3.90 4.11 4.33 4.51 4.63 4.63 4.49 4.22 3.88 3.60 3.47 3.50 3.61 3.60 3.51 3.52 3.62 3.68 3.65 3.63 3.68 3.75 3.74 3.63 3.58 3.60 3.63 3.64 3.67 3.81 4.05 4.31 4.52 4.60 4.49 4.26 4.04 3.91 3.86 3.90 3.97 3.96 3.89 3.85 3.79 3.67 3.48 3.38 3.44 3.55 3.62 3.69 3.84 3.95 3.77 3.25 2.65 2.37 2.37 2.52 2.68 2.85 3.01 3.07 3.07 3.15 3.42 3.84 4.24 4.40 4.25 4.20
4.07 4.20 4.43 4.56 4.51 4.31 4.08 3.93 3.89 3.91 3.95 4.00 4.11 4.26 4.33 4.31 4.24 4.09 3.83 3.46 3.14 3.02 3.15 3.46 3.66 3.68 3.69 3.77 3.88 3.94 3.96 4.01 4.06 4.02 3.89 3.76 3.70 3.71 3.72 3.80 3.98 4.21 4.39 4.47 4.46 4.29 3.98 3.67 3.51 3.52 3.68 3.92 4.05 3.99 3.90 3.87 3.86 3.80 3.67 3.56 3.55 3.64 3.74 3.82 3.89 3.80 3.43 2.88 2.56 2.51 2.61 2.75 2.86 2.96 3.08 3.19 3.28 3.35 3.54 3.97 4.51 4.83 4.92 4.97
4.17 4.27 4.42 4.47 4.41 4.31 4.18 4.06 4.02 4.04 4.06 4.05 4.06 4.06 4.00 3.94 3.87 3.64 3.26 2.95 2.87 3.01 3.36 3.71 3.84 3.81 3.82 3.88 3.95 4.05 4.21 4.36 4.41 4.31 4.16 4.06 4.02 3.98 3.91 3.98 4.19 4.36 4.39 4.34 4.20 3.90 3.53 3.30 3.28 3.49 3.84 4.09 4.09 3.97 3.90 3.90 3.90 3.86 3.76 3.64 3.63 3.71 3.81 3.84 3.81 3.60 3.13 2.74 2.63 2.71 2.83 2.92 3.01 3.09 3.12 3.18 3.40 3.71 4.05 4.50 5.01 5.20 5.06 4.82
4.30 4.39 4.53 4.57 4.51 4.38 4.30 4.28 4.27 4.21 4.09 3.97 3.87 3.78 3.77 3.80 3.69 3.40 3.12 3.10 3.30 3.54 3.82 4.03 4.04 3.96 3.92 3.94 4.00 4.11 4.27 4.41 4.43 4.35 4.30 4.32 4.36 4.32 4.18 4.12 4.18 4.19 4.17 4.15 3.96 3.62 3.35 3.25 3.36 3.72 4.11 4.24 4.14 4.02 3.97 3.96 3.93 3.85 3.71 3.62 3.61 3.67 3.73 3.74 3.69 3.46 3.09 2.87 2.85 2.94 3.01 3.04 3.08 3.15 3.23 3.36 3.60 4.00 4.55 5.07 5.35 5.14 4.59 4.16
4.55 4.64 4.77 4.74 4.61 4.41 4.33 4.37 4.37 4.22 4.00 3.85 3.76 3.74 3.79 3.76 3.54 3.33 3.36 3.60 3.82 3.95 4.11 4.22 4.20 4.11 4.05 4.04 4.08 4.19 4.29 4.34 4.29 4.27 4.38 4.56 4.68 4.67 4.56 4.35 4.18 4.08 4.07 3.98 3.70 3.42 3.34 3.39 3.62 4.06 4.38 4.38 4.23 4.11 4.04 3.98 3.91 3.80 3.65 3.60 3.61 3.93 3.63 3.64 3.59 3.40 3.19 3.15 3.19 3.23 3.22 3.20 3.18 3.21 3.37 3.68 4.04 4.49 5.07 5.46 5.34 4.79 4.13 3.70
4.76 4.75 4.70 4.60 4.48 4.32 4.22 4.19 4.14 3.98 3.83 3.79 3.84 3.90 3.86 3.64 3.41 3.43 3.64 3.82 3.87 3.95 4.15 4.30 4.28 4.18 4.08 4.05 4.09 4.21 4.32 4.33 4.28 4.32 4.47 4.61 4.67 4.69 4.69 4.56 4.25 4.01 3.84 3.60 3.32 3.27 3.39 3.55 3.87 4.36 4.59 4.45 4.22 4.10 4.04 3.98 3.89 3.77 3.65 3.65 3.71 3.73 3.70 3.65 3.59 3.46 3.35 3.38 3.45 3.47 3.43 3.42 3.45 3.51 3.67 4.01 4.56 5.22 5.71 5.69 5.21 4.57 4.02 3.61
4.78 4.57 4.21 4.06 4.03 3.99 3.94 3.91 3.89 3.84 3.87 3.99 4.15 4.17 3.95 3.62 3.45 3.50 3.59 3.62 3.70 3.90 4.20 4.35 4.29 4.14 4.00 3.96 4.01 4.14 4.24 4.30 4.32 4.37 4.39 4.31 4.22 4.22 4.27 4.25 4.01 3.71 3.43 3.19 3.11 3.24 3.43 3.63 4.09 4.62 4.68 4.35 4.07 3.98 3.98 3.94 3.86 3.75 3.67 3.73 3.83 3.86 3.80 3.73 3.63 3.51 3.46 3.52 3.60 3.64 3.70 3.81 3.94 4.11 4.32 4.66 5.20 5.77 5.95 5.59 5.00 4.56 4.21 3.85
4.57 4.22 3.63 3.36 3.31 3.35 3.50 3.71 3.88 4.01 4.21 4.44 4.57 4.44 4.07 3.71 3.52 3.42 3.33 3.37 3.61 3.97 4.28 4.37 4.26 4.11 3.98 3.91 3.92 4.00 4.04 4.07 4.08 4.10 4.01 3.81 3.63 3.52 3.45 3.41 3.39 3.30 3.20 3.13 3.21 3.38 3.53 3.80 4.41 4.83 4.64 4.17 3.91 3.86 3.88 3.88 3.84 3.79 3.78 3.88 3.96 3.93 3.87 3.80 3.67 3.56 3.57 3.66 3.74 3.83 4.01 4.29 4.63 4.99 5.30 5.58 5.87 6.05 5.82 5.26 4.88 4.75 4.64 4.48
4.20 3.80 3.22 3.03 3.00 3.08 3.34 3.66 3.91 4.15 4.39 4.57 4.54 4.26 3.91 3.66 3.51 3.37 3.32 3.49 3.78 4.08 4.31 4.36 4.27 4.15 4.05 3.97 3.92 3.91 3.89 3.80 3.72 3.68 3.58 3.36 3.12 2.93 2.76 2.77 2.92 3.10 3.23 3.37 3.58 3.75 3.93 4.32 4.85 4.93 4.50 4.05 3.87 3.81 3.81 3.84 3.89 3.98 4.11 4.21 4.16 4.02 3.91 3.85 3.77 3.70 3.70 3.79 3.89 4.05 4.36 4.78 5.26 5.66 5.91 6.02 6.05 5.92 5.52 5.11 5.02 5.05 5.08 5.14
3.82 3.55 3.22 3.23 3.33 3.48 3.66 3.80 3.91 4.06 4.22 4.27 4.08 3.77 3.57 3.50 3.48 3.47 3.56 3.81 4.05 4.25 4.40 4.40 4.28 4.18 4.13 4.13 4.11 4.04 3.92 3.75 3.61 3.50 3.31 3.02 2.73 2.53 2.47 2.60 2.86 3.15 3.46 3.79 4.06 4.26 4.51 4.85 5.07 4.85 4.35 4.00 3.86 3.78 3.77 3.86 4.01 4.21 4.38 4.38 4.18 3.94 3.84 3.86 3.89 3.87 3.85 3.89 4.03 4.29 4.70 5.13 5.47 5.63 5.67 5.64 5.55 5.39 5.18 5.06 5.09 5.10 5.15 5.36
3.77 3.74 3.84 4.03 4.14 4.16 4.09 4.00 3.99 4.02 4.01 3.90 3.65 3.43 3.35 3.41 3.51 3.60 3.77 4.03 4.23 4.42 4.50 4.43 4.27 4.18 4.17 4.21 4.24 4.21 4.03 3.82 3.62 3.39 3.09 2.77 2.52 2.41 2.49 2.71 3.02 3.41 3.84 4.20 4.41 4.55 4.73 4.91 4.92 4.59 4.15 3.89 3.75 3.66 3.69 3.82 4.00 4.15 4.15 3.98 3.76 3.67 3.71 3.83 3.90 3.90 3.90 3.95 4.08 4.38 4.77 5.04 5.08 4.97 4.84 4.77 4.77 4.84 4.89 4.90 4.86 4.80 4.89 5.12
4.03 4.22 4.58 4.82 4.86 4.71 4.44 4.31 4.26 4.15 3.92 3.63 3.39 3.28 3.32 3.45 3.59 3.74 3.99 4.25 4.42 4.54 4.50 4.34 4.20 4.15 4.16 4.18 4.19 4.15 4.03 3.82 3.58 3.27 2.93 2.68 2.56 2.57 2.69 2.95 3.38 3.91 4.34 4.53 4.56 4.55 4.60 4.69 4.63 4.31 3.94 3.67 3.50 3.49 3.59 3.72 3.83 3.81 3.64 3.43 3.37 3.46 3.64 3.81 3.83 3.79 3.82 3.92 4.05 4.27 4.51 4.53 4.37 4.20 4.09 4.10 4.31 4.62 4.76 4.71 4.60 4.57 4.63 4.69
4.25 4.46 4.77 4.92 4.91 4.82 4.75 4.68 4.53 4.24 3.89 3.57 3.36 3.33 3.45 3.60 3.77 3.99 4.25 4.42 4.48 4.44 4.29 4.15 4.10 4.12 4.12 4.07 4.01 3.96 3.88 3.73 3.53 3.26 2.98 2.80 2.76 2.83 3.01 3.40 4.00 4.48 4.66 4.62 4.49 4.39 4.42 4.51 4.44 4.12 3.74 3.46 3.34 3.44 3.57 3.63 3.58 3.41 3.21 3.11 3.18 3.38 3.60 3.73 3.70 3.64 3.70 3.86 4.05 4.22 4.26 4.11 3.96 3.91 3.91 4.08 4.45 4.77 4.84 4.70 4.61 4.60 4.54 4.46
4.35 4.47 4.63 4.62 4.53 4.49 4.58 4.57 4.41 4.14 3.88 3.67 3.53 3.53 3.65 3.82 4.02 4.23 4.38 4.37 4.25 4.09 3.99 3.99 4.06 4.11 4.05 3.90 3.82 3.81 3.75 3.65 3.51 3.32 3.15 3.06 3.06 3.18 3.51 4.07 4.55 4.67 4.51 4.30 4.19 4.20 4.31 4.43 4.33 3.98 3.61 3.40 3.39 3.50 3.58 3.55 3.38 3.11 2.92 2.93 3.12 3.37 3.55 3.60 3.56 3.56 3.67 3.87 4.07 4.20 4.19 4.09 4.03 4.00 4.07 4.41 4.86 5.10 5.06 4.87 4.75 4.67 4.56 4.54
4.42 4.50 4.57 4.47 4.26 4.06 4.01 3.99 3.95 3.90 3.82 3.73 3.68 3.69 3.79 3.95 4.13 4.24 4.21 4.04 3.87 3.76 3.80 3.98 4.15 4.19 4.07 3.93 3.90 3.86 3.77 3.64 3.50 3.36 3.31 3.34 3.44 3.68 4.09 4.48 4.58 4.35 4.07 3.93 3.98 4.12 4.31 4.39 4.21 3.85 3.53 3.42 3.42 3.51 3.59 3.54 3.40 3.23 3.08 3.10 3.29 3.46 3.53 3.55 3.56 3.61 3.74 3.91 4.02 4.06 4.10 4.15 4.12 4.04 4.20 4.74 5.26 5.38 5.21 4.96 4.78 4.66 4.60 4.69
4.49 4.51 4.43 4.20 3.93 3.68 3.53 3.47 3.49 3.56 3.62 3.66 3.69 3.72 3.79 3.90 3.97 3.91 3.73 3.56 3.47 3.49 3.72 4.09 4.33 4.33 4.22 4.17 4.14 4.01 3.83 3.64 3.47 3.38 3.41 3.53 3.71 3.99 4.26 4.37 4.23 3.98 3.84 3.88 4.02 4.16 4.29 4.30 4.07 3.72 3.46 3.32 3.31 3.46 3.63 3.65 3.61 3.56 3.51 3.55 3.64 3.63 3.59 3.60 3.64 3.71 3.84 3.97 4.02 4.05 4.14 4.21 4.14 4.15 4.57 5.28 5.67 5.52 5.12 4.81 4.65 4.60 4.64 4.71
4.49 4.33 3.94 3.49 3.22 3.14 3.20 3.28 3.30 3.35 3.46 3.59 3.66 3.70 3.75 3.78 3.70 3.53 3.38 3.36 3.41 3.57 3.93 4.36 4.53 4.42 4.29 4.25 4.14 3.93 3.76 3.61 3.47 3.42 3.49 3.62 3.78 3.96 4.10 4.14 4.05 3.90 3.89 4.02 4.12 4.14 4.16 4.11 3.89 3.59 3.32 3.16 3.25 3.56 3.77 3.78 3.74 3.77 3.85 3.95 3.93 3.79 3.71 3.73 3.77 3.83 3.96 4.10 4.21 4.33 4.39 4.32 4.31 4.61 5.28 5.81 5.81 5.37 4.89 4.61 4.52 4.57 4.63 4.58
4.28 3.96 3.42 3.02 2.81 2.92 3.17 3.35 3.41 3.46 3.57 3.64 3.66 3.69 3.75 3.74 3.65 3.60 3.68 3.79 3.88 4.05 4.36 4.59 4.56 4.35 4.18 4.04 3.78 3.56 3.53 3.49 3.46 3.48 3.59 3.71 3.83 3.99 4.14 4.22 4.13 3.97 3.97 4.06 4.06 4.00 3.98 3.90 3.66 3.33 3.06 3.08 3.39 3.76 3.90 3.84 3.78 3.83 3.97 4.06 4.04 3.97 3.93 3.97 3.99 3.99 4.05 4.19 4.35 4.42 4.37 4.30 4.53 5.13 5.75 5.82 5.42 4.92 4.60 4.45 4.43 4.48 4.48 4.37
3.98 3.72 3.38 3.28 3.27 3.36 3.48 3.51 3.52 3.60 3.67 3.65 3.64 3.71 3.80 3.84 3.89 4.02 4.13 4.13 4.08 4.18 4.42 4.55 4.44 4.18 3.93 3.64 3.30 3.19 3.24 3.28 3.39 3.55 3.71 3.83 4.00 4.22 4.40 4.42 4.23 4.02 3.94 3.93 3.86 3.81 3.82 3.74 3.44 3.05 2.93 3.19 3.63 3.90 3.92 3.83 3.79 3.85 3.93 4.00 4.06 4.13 4.18 4.19 4.12 4.05 4.05 4.12 4.17 4.14 4.10 4.32 4.86 5.47 5.68 5.31 4.72 4.38 4.26 4.19 4.15 4.15 4.11 4.05
3.84 3.74 3.61 3.63 3.70 3.78 3.77 3.71 3.69 3.70 3.65 3.58 3.62 3.77 3.91 4.02 4.15 4.22 4.10 3.89 3.82 4.00 4.31 4.49 4.36 4.00 3.61 3.26 3.05 3.08 3.16 3.22 3.39 3.64 3.84 4.01 4.22 4.42 4.50 4.38 4.16 3.97 3.86 3.76 3.68 3.69 3.76 3.63 3.27 2.99 3.05 3.42 3.78 3.90 3.85 3.76 3.75 3.80 3.84 3.91 4.01 4.12 4.18 4.13 4.01 3.95 3.95 3.98 3.98 3.98 4.15 4.63 5.16 5.34 5.14 4.65 4.22 4.03 3.98 3.89 3.78 3.76 3.73 3.61
3.84 3.82 3.76 3.77 3.83 3.95 4.08 4.13 4.09 3.92 3.69 3.58 3.66 3.85 4.03 4.16 4.23 4.16 3.97 3.89 4.04 4.32 4.59 4.65 4.36 3.89 3.48 3.25 3.23 3.34 3.40 3.40 3.50 3.71 3.94 4.14 4.30 4.36 4.30 4.14 3.98 3.89 3.81 3.70 3.66 3.71 3.72 3.52 3.21 3.11 3.29 3.63 3.84 3.85 3.77 3.69 3.66 3.66 3.70 3.80 3.92 4.00 3.99 3.91 3.81 3.79 3.84 3.92 4.01 4.15 4.45 4.81 4.90 4.71 4.48 4.24 4.02 3.92 3.87 3.77 3.65 3.59 3.51 3.36
3.78 3.76 3.79 3.96 4.18 4.36 4.43 4.34 4.07 3.76 3.56 3.61 3.77 3.92 4.06 4.15 4.18 4.15 4.23 4.49 4.78 4.95 5.00 4.85 4.42 3.95 3.68 3.63 3.69 3.75 3.72 3.63 3.62 3.73 3.89 4.00 4.06 4.10 4.06 3.95 3.88 3.86 3.84 3.81 3.81 3.79 3.66 3.43 3.23 3.23 3.47 3.78 3.91 3.87 3.77 3.68 3.60 3.55 3.59 3.74 3.85 3.86 3.78 3.67 3.58 3.63 3.79 3.97 4.12 4.28 4.46 4.48 4.25 4.14 4.18 4.12 3.97 3.89 3.83 3.74 3.61 3.48 3.33 3.22
