project/data/elevation/US_DEM2016/US_DEM2016_point_10-30-2019_2144_30m_vel.asc
ncols	125
nrows	167
xllcorner	-2042055.000000
yllcorner	1465035.000000
cellsize	30.000000
NODATA_value	-9999.000000
[rows 111 to 147 of 167, columns 0 to 82 of 125]
8.75 8.77 8.82 8.95 9.20 9.52 9.97 10.55 11.19 11.53 11.44 10.99 10.30 9.57 8.98 8.65 8.44 8.35 8.34 8.52 8.80 8.95 9.11 9.25 9.36 9.25 8.96 8.75 8.73 8.93 9.18 9.36 9.47 9.43 9.19 8.82 8.57 8.54 8.45 8.25 8.11 8.18 8.41 8.81 9.17 9.37 9.50 9.64 9.76 9.95 10.26 10.62 11.00 11.38 11.67 11.59 11.11 10.46 9.71 8.98 8.45 8.11 7.90 7.69 7.49 7.49 7.62 7.74 7.90 8.09 8.27 8.37 8.37 8.29 8.12 7.94 7.88 8.04 8.29 8.39 8.34 8.33 8.33
8.55 8.49 8.58 8.88 9.25 9.75 10.34 10.75 10.83 10.48 9.89 9.35 8.84 8.36 7.94 7.64 7.42 7.36 7.52 7.82 8.10 8.39 8.62 8.84 9.11 9.33 9.23 8.99 8.72 8.60 8.61 8.67 8.77 8.91 9.00 8.94 8.77 8.65 8.63 8.74 8.91 9.03 9.17 9.43 9.61 9.65 9.60 9.49 9.36 9.36 9.41 9.58 9.85 10.21 10.60 10.78 10.63 10.19 9.62 9.03 8.55 8.17 7.78 7.45 7.35 7.54 7.81 7.98 8.04 8.00 7.98 8.06 8.13 8.09 7.91 7.70 7.57 7.65 7.94 8.16 8.16 8.08 8.02
8.44 8.36 8.45 8.73 9.08 9.57 10.01 10.01 9.61 8.97 8.32 7.77 7.35 7.02 6.73 6.61 6.77 7.12 7.48 7.84 8.26 8.60 8.60 8.58 8.97 9.44 9.63 9.66 9.51 9.10 8.55 7.89 7.49 7.59 8.03 8.42 8.61 8.65 8.74 8.94 9.12 9.24 9.40 9.57 9.52 9.38 9.25 9.08 8.96 8.96 8.93 8.85 8.79 8.74 8.67 8.86 9.07 9.09 9.04 8.89 8.62 8.21 7.77 7.50 7.55 7.78 8.01 8.11 8.04 7.86 7.74 7.74 7.79 7.81 7.76 7.62 7.44 7.38 7.56 7.83 7.82 7.55 7.30
8.51 8.48 8.53 8.65 8.85 9.13 9.20 8.73 8.00 7.27 6.61 6.03 5.61 5.42 5.58 6.10 6.91 7.74 8.36 8.79 9.05 8.92 8.48 8.37 8.80 9.22 9.47 9.67 9.77 9.67 9.43 8.90 8.11 7.52 7.38 7.57 8.00 8.46 8.76 8.95 9.18 9.42 9.57 9.52 9.14 8.63 8.42 8.44 8.51 8.66 8.84 8.82 8.69 8.34 7.72 7.28 7.26 7.64 8.10 8.39 8.45 8.34 8.18 8.06 8.03 8.08 8.15 8.11 7.93 7.78 7.70 7.67 7.69 7.72 7.70 7.61 7.52 7.45 7.49 7.60 7.46 6.98 6.56
8.68 8.70 8.74 8.72 8.70 8.61 8.28 7.65 6.93 6.30 5.78 5.41 5.17 5.34 6.11 7.25 8.29 9.11 9.69 9.88 9.54 8.79 7.88 7.58 7.91 8.22 8.51 8.91 9.25 9.53 9.85 9.99 9.64 8.73 7.78 7.54 8.03 8.67 9.10 9.33 9.50 9.62 9.61 9.36 8.80 8.08 7.68 7.75 8.02 8.40 8.90 9.18 9.26 9.08 8.44 7.53 6.99 7.02 7.35 7.74 8.07 8.30 8.45 8.51 8.51 8.42 8.24 8.01 7.80 7.69 7.69 7.75 7.81 7.80 7.70 7.60 7.60 7.65 7.71 7.69 7.42 6.96 6.57
8.79 8.85 8.85 8.74 8.51 8.15 7.64 7.19 7.00 7.00 7.00 6.92 7.07 7.67 8.61 9.60 10.30 10.53 10.39 9.95 9.30 8.63 7.87 7.17 6.98 7.00 7.40 8.05 8.50 8.77 9.14 9.70 10.08 9.96 9.40 9.06 9.12 9.34 9.47 9.49 9.43 9.34 9.25 9.08 8.73 8.15 7.55 7.41 7.74 8.26 8.78 9.24 9.57 9.72 9.60 9.20 8.63 8.10 7.80 7.82 8.00 8.16 8.28 8.40 8.50 8.46 8.25 8.00 7.74 7.53 7.46 7.56 7.70 7.78 7.76 7.73 7.76 7.86 7.97 8.07 8.04 7.78 7.60
8.76 8.75 8.71 8.60 8.35 7.97 7.58 7.40 7.56 7.96 8.43 8.97 9.62 10.27 10.75 10.93 10.78 10.32 9.72 9.08 8.67 8.64 8.54 7.91 7.16 6.83 6.90 7.40 7.83 7.88 7.85 8.27 9.15 9.93 10.22 10.12 9.81 9.46 9.17 8.94 8.79 8.78 8.82 8.84 8.80 8.54 7.91 7.44 7.60 8.04 8.35 8.64 9.11 9.60 9.93 10.08 10.05 9.80 9.32 8.79 8.48 8.27 8.12 8.04 8.04 8.02 7.92 7.79 7.66 7.50 7.39 7.39 7.51 7.69 7.84 7.93 8.02 8.11 8.25 8.54 8.86 9.03 9.09
8.64 8.55 8.46 8.41 8.29 8.10 7.92 7.83 7.87 8.16 8.84 9.72 10.49 10.86 10.80 10.32 9.50 8.82 8.43 8.09 8.04 8.34 8.71 8.65 8.16 7.59 7.24 7.24 7.58 7.60 7.19 7.05 7.58 8.65 9.42 9.61 9.37 8.99 8.69 8.49 8.43 8.51 8.62 8.63 8.62 8.64 8.29 7.63 7.47 7.58 7.69 7.85 8.24 8.83 9.40 9.75 9.99 10.13 10.05 9.64 9.06 8.53 8.09 7.73 7.44 7.25 7.16 7.32 7.59 7.76 7.76 7.69 7.69 7.81 7.97 8.13 8.26 8.37 8.53 8.81 9.13 9.44 9.66
8.49 8.39 8.31 8.32 8.30 8.25 8.21 8.14 8.19 8.50 9.15 9.78 10.04 9.87 9.40 8.79 8.28 7.94 7.64 7.43 7.39 7.54 7.89 8.22 8.23 7.93 7.62 7.56 7.85 8.05 7.75 7.13 6.92 7.27 8.03 8.57 8.72 8.65 8.62 8.58 8.55 8.56 8.51 8.35 8.30 8.46 8.48 8.03 7.56 7.36 7.27 7.39 7.76 8.33 8.91 9.27 9.37 9.40 9.50 9.51 9.21 8.66 8.10 7.59 7.10 6.80 6.90 7.35 7.83 8.15 8.27 8.24 8.14 8.06 8.05 8.12 8.20 8.29 8.41 8.55 8.69 8.81 8.88
8.41 8.33 8.30 8.31 8.30 8.33 8.42 8.48 8.64 9.06 9.50 9.62 9.33 8.85 8.35 8.00 7.84 7.63 7.32 7.06 6.90 6.87 7.10 7.49 7.65 7.60 7.64 7.80 8.08 8.40 8.46 8.00 7.29 6.95 7.10 7.64 8.11 8.40 8.62 8.72 8.70 8.63 8.42 8.13 7.99 8.13 8.36 8.21 7.72 7.35 7.20 7.33 7.73 8.21 8.68 8.98 8.96 8.74 8.66 8.76 8.77 8.52 8.16 7.79 7.50 7.50 7.76 8.03 8.20 8.30 8.38 8.42 8.35 8.18 7.99 7.85 7.81 7.90 8.03 8.14 8.22 8.21 8.14
8.48 8.45 8.40 8.32 8.29 8.39 8.62 8.87 9.18 9.51 9.58 9.33 8.93 8.57 8.27 8.03 7.76 7.47 7.33 7.33 7.39 7.47 7.55 7.57 7.52 7.50 7.65 7.82 7.98 8.27 8.56 8.55 8.16 7.60 7.22 7.29 7.70 8.11 8.38 8.56 8.62 8.58 8.31 7.90 7.61 7.61 7.88 7.93 7.57 7.22 7.12 7.25 7.53 7.79 8.09 8.46 8.65 8.54 8.34 8.26 8.31 8.33 8.31 8.30 8.38 8.53 8.59 8.53 8.39 8.27 8.22 8.24 8.26 8.19 8.01 7.81 7.72 7.83 7.95 7.95 7.92 7.89 7.85
8.57 8.51 8.37 8.26 8.27 8.40 8.67 9.10 9.61 9.73 9.47 9.05 8.70 8.43 8.20 7.91 7.65 7.60 7.84 8.18 8.37 8.34 8.15 7.92 7.74 7.64 7.63 7.67 7.75 8.01 8.34 8.52 8.45 8.19 7.87 7.73 7.86 8.06 8.17 8.30 8.37 8.25 7.81 7.30 6.98 6.99 7.31 7.53 7.35 6.99 6.75 6.66 6.70 6.86 7.16 7.64 8.14 8.39 8.36 8.27 8.25 8.30 8.38 8.44 8.49 8.52 8.51 8.48 8.48 8.46 8.35 8.23 8.19 8.15 8.04 7.95 7.92 7.90 7.76 7.57 7.45 7.38 7.35
8.42 8.30 8.12 8.10 8.21 8.38 8.59 8.91 9.24 9.25 8.96 8.57 8.23 7.88 7.54 7.44 7.62 7.94 8.19 8.25 8.11 7.92 7.86 7.99 8.13 8.06 7.74 7.54 7.53 7.73 8.02 8.16 8.12 8.08 8.16 8.27 8.31 8.23 8.30 8.14 7.98 7.45 6.74 6.33 6.23 6.39 6.81 7.23 7.24 6.87 6.41 6.04 5.80 5.86 6.21 6.75 7.40 7.90 8.10 8.16 8.21 8.30 8.32 8.22 8.11 8.13 8.24 8.34 8.46 8.58 8.59 8.43 8.24 8.04 7.85 7.76 7.64 7.40 7.10 6.98 7.01 7.00 6.89
8.38 8.29 8.17 8.14 8.22 8.33 8.41 8.45 8.38 8.20 8.02 7.87 7.61 7.19 6.97 7.27 7.62 7.76 7.57 7.18 6.95 7.07 7.43 7.89 8.26 8.42 8.20 7.80 7.56 7.53 7.80 8.01 7.99 7.97 8.07 8.19 8.21 8.12 7.95 7.82 7.35 6.61 6.17 6.16 6.26 6.38 6.63 7.05 7.24 7.09 6.80 6.44 6.03 5.78 5.83 6.25 6.87 7.35 7.65 7.90 8.11 8.27 8.39 8.50 8.57 8.61 8.55 8.41 8.29 8.30 8.41 8.40 8.20 7.84 7.58 7.39 7.15 6.93 6.84 6.92 7.03 6.96 6.68
8.65 8.73 8.68 8.43 8.24 8.15 8.11 7.99 7.76 7.53 7.75 7.54 7.35 6.99 6.96 7.13 7.07 6.83 6.51 6.27 6.38 6.86 7.45 7.92 8.24 8.49 8.55 8.31 7.94 7.66 7.74 8.02 8.08 7.90 7.66 7.49 7.49 7.54 7.53 7.33 6.92 6.67 6.93 7.35 7.54 7.43 7.34 7.43 7.56 7.56 7.42 7.19 6.91 6.61 6.44 6.51 6.79 7.25 7.68 7.98 8.14 8.27 8.50 8.83 8.96 8.87 8.59 8.31 8.12 8.03 8.06 8.10 7.96 7.68 7.41 7.13 6.89 6.79 6.88 7.07 7.15 7.01 6.72
8.77 8.84 8.76 8.36 8.02 7.87 7.81 7.68 7.51 7.45 7.50 7.45 7.22 6.94 6.71 6.43 6.12 6.00 6.08 6.31 6.74 7.26 7.74 8.04 8.18 8.28 8.42 8.43 8.20 7.87 7.79 8.02 8.11 7.80 7.29 7.01 7.06 7.28 7.41 7.34 7.33 7.69 8.20 8.52 8.68 8.70 8.60 8.43 8.24 8.02 7.70 7.37 7.19 7.13 7.06 6.99 7.07 7.48 7.90 8.12 8.10 8.16 8.32 8.44 8.31 8.09 7.94 7.95 8.08 8.15 8.06 7.92 7.74 7.57 7.35 7.03 6.66 6.37 6.35 6.60 6.98 7.21 7.28
8.38 8.20 7.86 7.65 7.55 7.58 7.62 7.55 7.45 7.37 7.62 6.98 6.86 6.71 6.40 6.09 6.01 6.24 6.75 7.45 7.99 8.22 8.18 7.95 7.68 7.70 7.86 7.98 7.95 7.83 7.82 8.02 8.22 8.09 7.68 7.45 7.55 7.71 7.81 7.90 8.12 8.37 8.52 8.64 8.88 9.21 9.43 9.42 9.18 8.73 8.28 7.89 7.57 7.40 7.32 7.26 7.33 7.57 7.85 7.99 7.92 7.92 7.91 7.77 7.56 7.50 7.65 7.92 8.17 8.28 8.15 7.85 7.63 7.47 7.33 7.20 6.96 6.54 6.19 6.24 6.84 7.54 7.91
7.89 7.42 6.94 6.95 7.14 7.40 7.56 7.53 7.37 7.81 6.87 6.66 6.75 6.94 7.01 7.07 7.32 7.80 8.44 8.99 9.22 9.02 8.44 7.76 7.33 7.28 7.36 7.43 7.50 7.57 7.66 7.87 8.22 8.43 8.40 8.34 8.33 8.25 8.17 8.16 8.16 8.11 8.23 8.52 8.94 9.39 9.78 10.01 10.04 9.78 9.34 8.90 8.46 8.05 7.73 7.52 7.41 7.41 7.59 7.82 7.78 7.75 7.67 7.51 7.44 7.66 7.95 8.11 8.04 7.90 7.76 7.64 7.53 7.40 7.29 7.35 7.51 7.52 7.23 6.98 7.20 7.68 7.92
8.03 7.62 7.18 7.26 7.49 7.65 7.65 7.56 7.41 7.82 7.05 7.04 7.28 7.71 8.18 8.61 9.05 9.38 9.51 9.47 9.20 8.75 8.21 7.76 7.44 7.31 7.27 7.31 7.42 7.50 7.53 7.65 8.02 8.42 8.58 8.51 8.35 8.19 8.07 7.95 7.82 7.84 8.14 8.56 9.05 9.47 9.74 9.92 10.11 10.11 9.78 9.25 8.77 8.42 8.14 7.87 7.59 7.34 7.37 7.63 7.77 7.79 7.75 7.71 7.80 8.03 8.11 7.88 7.45 7.16 7.15 7.26 7.36 7.42 7.40 7.32 7.39 7.73 8.01 8.03 7.92 7.83 7.72
8.48 8.36 8.30 8.48 8.55 8.30 7.89 7.65 7.58 7.52 7.48 7.59 7.91 8.41 8.88 9.24 9.42 9.37 9.11 8.65 8.06 7.55 7.40 7.44 7.46 7.45 7.49 7.65 7.83 7.90 7.81 7.79 8.03 8.39 8.48 8.19 7.89 7.80 7.86 7.90 7.92 8.08 8.42 8.75 9.03 9.17 9.13 9.08 9.19 9.37 9.30 9.00 8.75 8.58 8.40 8.19 7.95 7.71 7.52 7.63 7.86 7.96 7.98 8.03 8.13 8.17 7.91 7.43 6.99 6.88 6.99 7.18 7.33 7.49 7.69 7.66 7.42 7.32 7.62 8.08 8.33 8.41 8.51
8.66 8.73 8.90 9.04 9.01 8.73 8.24 7.83 7.70 7.72 7.78 7.90 8.17 8.52 8.76 8.77 8.61 8.35 7.99 7.43 6.85 6.55 6.66 7.06 7.36 7.57 7.78 8.04 8.26 8.40 8.47 8.52 8.64 8.80 8.84 8.59 8.16 7.94 7.94 8.14 8.43 8.77 8.99 8.99 8.85 8.55 8.19 7.99 8.14 8.55 8.86 8.93 8.91 8.78 8.57 8.37 8.24 8.14 7.96 7.90 7.99 8.11 8.21 8.28 8.26 8.02 7.57 7.14 7.01 7.09 7.26 7.44 7.54 7.59 7.72 7.88 7.89 7.66 7.50 7.81 8.50 9.19 9.77
8.67 8.76 8.89 8.89 8.85 8.86 8.70 8.29 7.98 7.93 7.94 7.92 7.98 8.05 8.04 8.01 7.93 7.63 7.16 6.73 6.50 6.55 6.87 7.25 7.50 7.69 7.91 8.14 8.35 8.58 8.86 9.13 9.30 9.39 9.46 9.36 8.98 8.54 8.25 8.37 8.74 9.04 9.04 8.83 8.48 8.02 7.55 7.35 7.57 8.16 8.76 9.05 9.05 8.89 8.69 8.53 8.43 8.37 8.25 8.11 8.09 8.19 8.30 8.33 8.21 7.85 7.34 7.07 7.14 7.35 7.54 7.65 7.74 7.78 7.69 7.70 7.96 8.27 8.39 8.55 9.03 9.55 9.89
8.74 8.94 9.17 9.18 9.10 9.05 9.08 8.98 8.68 8.37 8.09 7.82 7.58 7.45 7.52 7.70 7.71 7.44 7.16 7.16 7.38 7.60 7.72 7.79 7.84 7.88 7.99 8.14 8.35 8.55 8.77 9.01 9.24 9.48 9.73 9.90 9.82 9.44 8.90 8.62 8.68 8.71 8.66 8.55 8.24 7.80 7.45 7.34 7.56 8.10 8.75 9.16 9.27 9.15 8.94 8.75 8.56 8.43 8.26 8.12 8.06 8.08 8.13 8.15 8.09 7.85 7.51 7.36 7.44 7.64 7.80 7.81 7.77 7.78 7.82 7.86 8.02 8.46 9.07 9.49 9.59 9.34 8.95
8.92 9.27 9.74 9.77 9.54 9.19 9.14 9.24 9.13 8.68 8.15 7.72 7.39 7.28 7.42 7.56 7.52 7.49 7.67 8.05 8.37 8.42 8.31 8.23 8.20 8.17 8.18 8.25 8.39 8.57 8.67 8.70 8.78 9.11 9.66 10.20 10.52 10.46 9.99 9.26 8.80 8.54 8.49 8.35 8.00 7.67 7.54 7.61 7.86 8.32 8.83 9.27 9.54 9.49 9.24 8.94 8.66 8.43 8.20 8.10 8.05 8.32 7.96 7.97 7.99 7.93 7.85 7.89 7.99 8.09 8.14 8.10 7.93 7.76 7.86 8.19 8.55 8.98 9.62 10.09 9.92 9.17 8.32
8.90 9.15 9.54 9.69 9.59 9.22 8.97 8.89 8.82 8.51 8.07 7.71 7.53 7.49 7.45 7.30 7.29 7.61 8.07 8.38 8.47 8.44 8.40 8.41 8.42 8.36 8.26 8.21 8.27 8.46 8.65 8.69 8.70 8.95 9.45 9.99 10.44 10.71 10.67 10.15 9.27 8.59 8.12 7.76 7.48 7.43 7.59 7.80 8.10 8.52 8.94 9.30 9.58 9.63 9.44 9.11 8.77 8.48 8.22 8.17 8.19 8.16 8.07 8.00 8.04 8.11 8.17 8.30 8.45 8.53 8.54 8.53 8.41 8.23 8.16 8.44 9.12 9.94 10.55 10.64 10.26 9.55 8.65
8.58 8.47 8.36 8.53 8.77 8.77 8.54 8.37 8.38 8.37 8.27 8.21 8.22 8.14 7.80 7.37 7.29 7.55 7.81 7.93 8.08 8.26 8.39 8.48 8.48 8.37 8.16 7.99 8.00 8.17 8.39 8.61 8.76 8.89 9.00 9.16 9.43 9.80 10.09 9.99 9.25 8.31 7.53 7.09 7.06 7.25 7.52 7.76 8.17 8.65 8.93 9.10 9.31 9.49 9.48 9.25 8.90 8.57 8.29 8.25 8.35 8.39 8.30 8.17 8.12 8.20 8.35 8.51 8.68 8.84 9.03 9.22 9.29 9.29 9.25 9.38 9.88 10.55 10.86 10.69 10.40 10.15 9.60
8.16 7.76 7.07 6.80 6.98 7.34 7.63 7.90 8.26 8.65 8.95 9.17 9.25 9.01 8.42 7.80 7.44 7.30 7.21 7.30 7.68 8.11 8.37 8.48 8.49 8.42 8.21 7.93 7.73 7.76 7.85 8.00 8.17 8.28 8.20 8.12 8.19 8.36 8.55 8.59 8.34 7.80 7.25 6.96 7.05 7.30 7.52 7.83 8.36 8.77 8.84 8.83 8.98 9.21 9.36 9.28 9.03 8.74 8.48 8.46 8.55 8.59 8.51 8.36 8.21 8.21 8.41 8.65 8.86 9.11 9.49 9.96 10.39 10.76 11.01 11.08 11.07 10.99 10.67 10.29 10.34 10.66 10.77
7.85 7.29 6.34 5.92 5.89 6.23 6.83 7.46 8.06 8.68 9.19 9.42 9.35 9.01 8.51 7.99 7.56 7.26 7.18 7.38 7.73 8.06 8.25 8.40 8.50 8.56 8.50 8.23 7.81 7.54 7.43 7.35 7.32 7.37 7.37 7.28 7.21 7.23 7.28 7.39 7.48 7.45 7.32 7.32 7.56 7.86 8.15 8.55 8.92 8.95 8.79 8.74 8.86 9.04 9.20 9.26 9.23 9.18 9.16 9.15 9.04 8.85 8.67 8.52 8.42 8.41 8.53 8.76 9.04 9.39 9.91 10.54 11.23 11.77 12.08 12.02 11.65 11.07 10.42 10.13 10.43 11.03 11.60
7.83 7.29 6.47 6.24 6.33 6.63 7.03 7.38 7.70 8.15 8.60 8.77 8.57 8.26 8.05 7.86 7.64 7.50 7.57 7.84 8.10 8.29 8.34 8.40 8.49 8.62 8.76 8.75 8.47 7.97 7.59 7.32 7.15 7.03 6.90 6.73 6.56 6.53 6.68 6.93 7.18 7.38 7.61 7.97 8.36 8.72 9.11 9.35 9.30 9.00 8.75 8.73 8.84 8.95 9.07 9.22 9.41 9.62 9.79 9.73 9.37 8.92 8.64 8.58 8.65 8.71 8.72 8.84 9.16 9.66 10.25 10.79 11.22 11.46 11.52 11.36 10.97 10.46 10.04 10.00 10.30 10.79 11.46
8.33 8.03 7.74 7.85 8.00 8.03 7.88 7.70 7.67 7.78 7.92 7.98 7.85 7.69 7.66 7.69 7.70 7.71 7.86 8.13 8.38 8.57 8.56 8.49 8.46 8.56 8.76 8.95 8.97 8.68 8.12 7.66 7.30 6.95 6.64 6.42 6.27 6.27 6.50 6.84 7.20 7.60 8.11 8.59 8.93 9.18 9.36 9.32 9.06 8.73 8.55 8.55 8.62 8.69 8.80 9.00 9.26 9.45 9.46 9.19 8.81 8.55 8.44 8.49 8.61 8.74 8.79 8.86 9.09 9.57 10.07 10.32 10.27 10.05 9.84 9.69 9.57 9.49 9.47 9.55 9.62 9.85 10.46
8.85 8.91 9.16 9.50 9.67 9.50 8.93 8.50 8.27 8.03 7.72 7.46 7.39 7.45 7.57 7.71 7.81 7.92 8.14 8.43 8.66 8.79 8.66 8.47 8.36 8.40 8.58 8.81 8.94 8.87 8.50 7.97 7.45 6.96 6.59 6.43 6.42 6.47 6.63 6.96 7.50 8.21 8.83 9.14 9.22 9.16 9.06 8.85 8.57 8.35 8.25 8.20 8.18 8.28 8.45 8.63 8.76 8.78 8.60 8.25 8.11 8.14 8.25 8.36 8.42 8.52 8.64 8.76 8.89 9.11 9.31 9.19 8.87 8.54 8.35 8.34 8.55 8.84 9.02 9.06 9.05 9.15 9.50
8.89 9.12 9.46 9.71 9.91 10.00 9.92 9.58 9.11 8.50 7.89 7.46 7.33 7.47 7.71 7.93 8.11 8.30 8.53 8.69 8.73 8.63 8.39 8.19 8.14 8.19 8.33 8.49 8.58 8.58 8.45 8.10 7.67 7.24 6.91 6.76 6.77 6.82 6.99 7.46 8.27 9.02 9.38 9.37 9.17 8.93 8.76 8.57 8.34 8.15 8.03 7.95 7.88 8.06 8.25 8.33 8.23 8.03 7.79 7.63 7.66 7.85 8.05 8.16 8.17 8.22 8.38 8.60 8.80 8.88 8.75 8.41 8.13 8.01 8.01 8.19 8.57 8.92 9.04 9.01 9.04 9.11 9.17
8.71 8.88 9.11 9.14 9.14 9.26 9.60 9.64 9.28 8.70 8.15 7.80 7.67 7.76 8.00 8.27 8.51 8.71 8.78 8.66 8.38 8.09 7.93 7.91 7.97 8.05 8.09 8.06 8.13 8.25 8.26 8.12 7.90 7.62 7.38 7.28 7.30 7.39 7.69 8.36 9.02 9.27 9.13 8.88 8.69 8.60 8.57 8.50 8.30 8.08 7.96 7.91 7.96 8.09 8.18 8.19 7.96 7.52 7.16 7.09 7.25 7.55 7.81 7.90 7.93 8.04 8.25 8.49 8.71 8.82 8.71 8.49 8.33 8.26 8.29 8.58 9.06 9.42 9.53 9.45 9.35 9.27 9.22
8.60 8.75 8.98 8.98 8.72 8.34 8.30 8.49 8.60 8.51 8.27 8.06 7.98 8.03 8.19 8.43 8.66 8.74 8.58 8.23 7.85 7.59 7.56 7.77 8.00 8.13 8.14 8.08 8.16 8.29 8.32 8.22 8.04 7.86 7.77 7.82 8.01 8.26 8.59 8.90 8.96 8.69 8.39 8.23 8.25 8.39 8.53 8.50 8.27 8.04 7.93 7.97 8.00 8.06 8.14 8.23 8.21 7.93 7.53 7.28 7.29 7.45 7.62 7.74 7.88 8.06 8.26 8.43 8.50 8.50 8.56 8.65 8.58 8.42 8.42 8.81 9.44 9.84 9.96 9.85 9.60 9.37 9.30
8.60 8.68 8.73 8.64 8.37 7.80 7.35 7.28 7.57 7.87 7.99 8.01 8.03 8.07 8.15 8.27 8.33 8.18 7.82 7.43 7.16 7.07 7.24 7.68 8.14 8.41 8.54 8.58 8.64 8.64 8.54 8.33 8.10 7.97 7.98 8.14 8.43 8.71 8.78 8.60 8.27 8.04 7.99 8.10 8.24 8.37 8.46 8.43 8.22 8.00 7.90 7.85 7.78 7.86 8.11 8.39 8.67 8.76 8.55 8.29 8.03 7.74 7.65 7.74 7.90 8.08 8.29 8.42 8.42 8.39 8.52 8.71 8.69 8.65 8.86 9.43 9.94 10.05 9.95 9.81 9.56 9.37 9.33
8.58 8.45 7.99 7.37 7.01 6.79 6.67 6.72 6.93 7.25 7.56 7.81 7.95 8.01 8.05 8.02 7.83 7.53 7.23 7.04 7.00 7.10 7.44 7.92 8.28 8.52 8.72 8.82 8.78 8.66 8.56 8.40 8.20 8.08 8.10 8.23 8.40 8.50 8.43 8.20 7.96 7.86 8.00 8.25 8.39 8.37 8.27 8.16 8.06 7.95 7.78 7.61 7.60 7.84 8.19 8.51 8.87 9.19 9.32 9.25 8.90 8.31 7.89 7.84 7.96 8.14 8.35 8.55 8.72 8.89 8.98 8.94 9.01 9.33 9.86 10.25 10.28 9.94 9.68 9.61 9.48 9.39 9.34
8.35 8.08 7.50 6.64 6.01 6.05 6.38 6.67 6.93 7.25 7.59 7.81 7.89 7.96 8.02 7.95 7.78 7.70 7.80 7.92 7.97 8.06 8.21 8.28 8.26 8.26 8.39 8.44 8.22 8.03 8.15 8.26 8.24 8.19 8.22 8.30 8.38 8.48 8.52 8.49 8.25 8.02 8.05 8.24 8.32 8.23 8.05 7.87 7.74 7.61 7.46 7.45 7.64 7.98 8.28 8.53 8.83 9.18 9.47 9.55 9.40 8.97 8.45 8.24 8.25 8.32 8.44 8.66 8.92 9.08 9.04 8.97 9.24 9.84 10.34 10.30 9.89 9.39 9.20 9.35 9.46 9.39 9.19
