project/data/elevation/US_DEM2016/US_DEM2016_point_10-27-2019_2337_30m_vel.asc
ncols	125
nrows	167
xllcorner	-2042055.000000
yllcorner	1465035.000000
cellsize	30.000000
NODATA_value	-9999.000000
[rows 0 to 37 of 167, columns 0 to 83 of 125]
5.67 4.83 3.66 3.59 4.61 6.30 7.94 9.00 9.33 9.39 9.44 9.73 10.18 10.10 9.59 9.10 8.53 8.17 8.20 8.56 8.85 8.85 8.73 8.71 8.69 8.51 8.22 7.62 6.97 6.28 5.59 4.95 4.43 3.94 3.49 3.31 3.63 4.41 5.30 5.97 6.39 6.68 6.89 6.92 6.63 6.08 5.55 5.56 6.00 6.42 6.54 6.65 6.73 6.93 7.10 7.29 7.23 6.62 5.98 5.50 5.23 5.27 5.67 6.46 7.02 7.22 7.07 6.45 5.44 4.75 4.48 4.52 4.74 5.06 5.38 5.60 5.80 6.28 6.94 7.31 7.55 7.85 7.79 7.36
5.67 4.83 3.66 3.59 4.61 6.30 7.94 9.00 9.33 9.39 9.44 9.73 10.18 10.10 9.59 9.10 8.53 8.17 8.20 8.56 8.85 8.85 8.73 8.71 8.69 8.51 8.22 7.62 6.97 6.28 5.59 4.95 4.43 3.94 3.49 3.31 3.63 4.41 5.30 5.97 6.39 6.68 6.89 6.92 6.63 6.08 5.55 5.56 6.00 6.42 6.54 6.65 6.73 6.93 7.10 7.29 7.23 6.62 5.98 5.50 5.23 5.27 5.67 6.46 7.02 7.22 7.07 6.45 5.44 4.75 4.48 4.52 4.74 5.06 5.38 5.60 5.80 6.28 6.94 7.31 7.55 7.85 7.79 7.36
6.13 5.26 4.01 3.64 4.13 5.31 6.64 7.63 8.23 8.57 8.86 9.16 9.29 9.27 9.06 8.85 8.57 8.38 8.29 8.27 8.40 8.35 8.29 8.33 8.36 8.24 7.85 7.25 6.65 6.11 5.62 5.11 4.63 4.21 3.77 3.45 3.48 3.85 4.45 5.12 5.61 5.93 6.18 6.43 6.58 6.52 6.31 6.15 6.28 6.43 6.46 6.49 6.56 6.59 6.66 6.86 7.06 7.00 6.62 6.02 5.47 5.15 5.30 5.71 6.12 6.45 6.67 6.64 6.32 5.74 5.31 5.09 5.02 5.02 5.09 5.23 5.43 5.72 6.08 6.53 6.83 7.08 7.26 7.28
7.19 6.17 4.71 4.05 3.90 4.20 4.74 5.26 5.78 6.53 7.39 7.72 7.58 7.44 7.73 8.01 8.00 8.05 7.99 7.83 7.77 7.64 7.56 7.56 7.61 7.58 7.28 6.83 6.39 6.10 5.88 5.59 5.27 5.02 4.68 4.22 3.80 3.53 3.47 3.85 4.62 5.25 5.70 6.13 6.59 6.98 7.17 7.04 6.80 6.57 6.42 6.25 6.16 5.95 5.79 5.70 5.93 6.42 6.76 6.78 6.40 5.77 5.22 4.89 4.71 4.88 5.45 6.12 6.52 6.57 6.37 5.99 5.54 5.12 4.81 4.73 4.79 4.78 4.70 4.93 5.41 5.83 6.29 6.91
7.81 6.77 5.30 4.58 4.20 4.00 3.93 3.98 4.14 4.73 5.62 6.18 6.21 6.15 6.57 7.02 7.00 6.99 7.29 7.58 7.61 7.34 7.12 6.96 6.85 6.88 6.89 6.76 6.60 6.52 6.48 6.38 6.25 6.10 5.86 5.42 4.86 4.32 3.81 3.75 4.32 5.11 5.83 6.40 6.68 6.94 7.18 7.32 7.17 6.85 6.62 6.37 6.02 5.60 5.22 4.63 4.37 4.61 5.30 6.15 6.57 6.42 5.81 4.98 4.36 4.04 4.08 4.47 5.05 5.49 5.67 5.61 5.37 5.02 4.69 4.47 4.34 4.18 3.99 4.03 4.41 4.90 5.39 6.00
7.90 7.00 5.70 5.07 4.62 4.22 3.80 3.45 3.29 3.50 4.12 4.89 5.29 5.47 6.07 6.75 6.84 6.56 6.76 7.16 7.24 7.01 6.79 6.51 6.33 6.48 6.68 6.78 6.86 6.98 7.11 7.17 7.09 6.88 6.60 6.24 5.78 5.26 4.67 4.17 4.05 4.33 5.01 5.80 6.32 6.59 6.79 7.01 7.02 6.88 6.75 6.63 6.43 5.88 5.17 4.50 4.18 4.11 4.31 4.78 5.44 5.87 5.73 5.09 4.45 3.97 3.66 3.58 3.71 3.99 4.29 4.50 4.56 4.51 4.36 4.17 4.00 3.85 3.73 3.76 3.94 4.18 4.38 4.72
7.88 7.20 6.14 5.66 5.20 4.63 3.99 3.28 2.84 2.73 2.99 3.75 4.41 4.95 5.70 6.62 7.12 6.85 6.46 6.32 6.35 6.42 6.45 6.30 6.25 6.42 6.61 6.68 6.78 7.02 7.32 7.51 7.44 7.27 7.07 6.85 6.57 6.19 5.61 4.84 4.14 3.84 3.96 4.50 5.18 5.57 5.77 5.94 6.19 6.34 6.49 6.67 6.76 6.72 6.34 5.79 5.54 5.34 5.08 4.84 4.78 4.95 5.04 4.87 4.52 4.14 3.79 3.56 3.52 3.64 3.84 4.05 4.20 4.23 4.16 3.98 3.74 3.55 3.48 3.56 3.67 3.73 3.68 3.69
7.68 7.33 6.78 6.40 5.95 5.14 4.27 3.44 2.85 2.62 2.58 2.86 3.57 4.32 5.06 5.98 6.79 6.80 6.14 5.55 5.38 5.67 6.07 6.28 6.35 6.47 6.63 6.64 6.59 6.76 7.14 7.47 7.62 7.70 7.79 7.91 7.89 7.62 7.06 6.25 5.25 4.30 3.72 3.51 3.72 4.26 4.59 4.80 5.16 5.67 6.07 6.48 6.86 7.34 7.58 7.48 7.05 6.60 6.11 5.55 5.02 4.72 4.70 4.73 4.65 4.40 4.04 3.75 3.69 3.82 3.99 4.15 4.27 4.27 4.20 4.07 3.85 3.58 3.42 3.38 3.40 3.41 3.32 3.23
7.51 7.49 7.51 7.23 6.72 5.91 4.99 4.20 3.63 3.18 2.90 2.87 3.23 3.78 4.28 4.99 5.85 6.17 5.79 5.23 4.93 5.11 5.53 5.93 6.14 6.31 6.59 6.81 6.79 6.73 6.99 7.45 7.91 8.37 8.87 9.31 9.49 9.34 8.91 8.21 7.22 6.00 4.77 3.87 3.58 3.88 4.50 4.91 5.24 5.52 5.76 5.92 6.13 6.58 7.10 7.31 7.06 6.60 6.09 5.62 5.21 4.93 4.80 4.85 4.96 4.90 4.55 4.12 3.90 3.96 4.16 4.33 4.42 4.46 4.49 4.54 4.53 4.40 4.13 3.81 3.57 3.38 3.24 3.30
7.19 7.62 8.08 7.92 7.42 6.81 5.99 5.36 4.94 4.57 4.08 3.67 3.56 3.61 3.70 4.12 4.90 5.50 5.61 5.36 5.09 4.98 5.13 5.50 5.84 6.06 6.33 6.69 6.94 7.02 7.23 7.64 8.19 8.69 9.11 9.45 9.68 9.77 9.75 9.54 9.03 8.16 6.98 5.68 4.68 4.59 4.99 5.46 5.69 5.68 5.64 5.30 4.97 4.63 4.95 5.57 5.90 5.83 5.62 5.40 5.20 5.04 4.87 4.87 5.26 5.56 5.42 4.96 4.43 4.15 4.28 4.60 4.85 5.04 5.24 5.45 5.64 5.74 5.60 5.24 4.78 4.39 4.12 4.00
6.87 7.36 8.22 8.38 8.07 7.71 7.28 6.98 6.70 6.33 5.80 5.13 4.45 3.89 3.57 3.56 4.22 5.07 5.64 5.79 5.67 5.46 5.39 5.56 5.84 6.04 6.13 6.35 6.83 7.33 7.65 7.89 8.07 8.13 8.02 7.88 8.08 8.61 9.13 9.50 9.60 9.33 8.66 7.51 6.18 5.35 5.17 5.45 5.68 5.68 5.54 5.19 4.62 4.06 3.91 4.22 4.79 5.18 5.32 5.33 5.25 5.13 4.97 4.90 5.30 5.97 6.26 5.95 5.32 4.68 4.65 5.12 5.56 5.82 6.10 6.38 6.61 6.71 6.64 6.39 6.03 5.68 5.37 5.04
6.06 6.47 7.50 8.33 8.68 8.70 8.62 8.52 8.41 8.01 7.44 6.75 5.90 4.89 4.05 3.77 4.10 4.86 5.60 6.05 6.17 6.10 5.96 5.92 6.03 6.21 6.36 6.54 6.94 7.39 7.52 7.44 7.19 6.86 6.41 6.09 6.23 6.78 7.45 8.06 8.60 9.03 9.14 8.70 7.66 6.38 5.65 5.49 5.48 5.43 5.27 5.23 5.00 4.51 4.07 3.94 4.27 4.79 5.20 5.41 5.43 5.38 5.33 5.27 5.44 5.96 6.53 6.66 6.27 5.69 5.41 5.68 5.96 6.23 6.46 6.61 6.60 6.46 6.12 5.76 5.40 5.11 4.96 4.88
5.48 5.35 5.86 7.21 8.28 8.80 8.93 8.90 8.91 8.73 8.36 7.86 7.24 6.28 5.28 4.69 4.63 4.88 5.26 5.72 6.11 6.27 6.18 6.04 6.07 6.24 6.45 6.58 6.60 6.54 6.35 5.96 5.51 5.15 4.94 4.93 5.07 5.27 5.49 5.97 6.61 7.38 8.21 8.70 8.52 7.59 6.47 5.85 5.42 4.99 4.75 4.80 4.71 4.47 4.19 4.04 4.18 4.64 5.21 5.62 5.79 5.80 5.80 5.75 5.66 5.77 6.31 6.90 7.01 6.67 6.33 6.24 6.35 6.47 6.41 6.10 5.62 5.08 4.66 4.25 3.75 3.37 3.34 3.62
6.05 5.56 5.19 5.62 6.55 7.38 7.73 7.80 7.78 7.81 7.86 7.82 7.70 7.34 6.69 5.89 5.37 5.07 4.92 5.02 5.49 5.88 5.93 5.80 5.73 5.71 5.68 5.52 5.14 4.72 4.39 4.08 3.90 3.80 3.76 3.84 3.86 3.85 3.93 4.19 4.61 5.23 6.10 7.15 7.92 7.84 7.11 6.33 5.82 5.23 4.68 4.31 4.18 4.20 4.19 4.20 4.33 4.70 5.25 5.85 6.23 6.29 6.17 6.06 5.97 5.98 6.37 7.03 7.44 7.35 7.04 6.82 6.69 6.44 5.94 5.19 4.48 4.16 4.15 4.09 3.80 3.33 3.07 3.15
6.55 6.47 5.81 5.09 4.78 5.11 5.47 5.51 5.37 5.52 5.88 6.33 6.69 6.98 7.04 6.69 6.04 5.43 4.93 4.66 4.87 5.31 5.50 5.40 5.13 4.78 4.42 4.09 3.71 3.36 3.23 3.36 3.62 3.73 3.57 3.27 3.05 3.11 3.25 3.35 3.43 3.64 4.13 5.04 6.22 7.24 7.24 6.87 6.51 6.07 5.29 4.62 4.39 4.47 4.60 4.66 4.69 4.87 5.29 5.90 6.54 6.81 6.79 6.69 6.66 6.77 7.03 7.45 7.85 7.90 7.58 7.19 6.71 6.02 5.31 4.75 4.45 4.35 4.50 4.76 4.78 4.50 4.13 3.94
6.45 6.51 6.16 5.29 4.11 3.53 3.46 3.39 3.28 3.25 3.44 3.80 4.38 5.07 5.91 6.42 6.34 5.83 5.23 4.81 4.82 5.11 5.31 5.19 4.81 4.32 3.90 3.72 3.66 3.50 3.35 3.52 4.04 4.43 4.35 4.05 3.72 3.54 3.65 3.82 3.81 3.79 4.01 4.67 5.67 6.85 7.33 7.36 7.13 6.64 5.99 5.48 5.25 5.30 5.35 5.32 5.22 5.23 5.52 6.12 6.81 7.43 7.75 7.77 7.71 7.81 8.02 8.32 8.66 8.75 8.34 7.56 6.62 5.91 5.53 5.35 5.27 5.16 5.17 5.35 5.50 5.41 5.15 5.06
6.08 5.83 5.58 5.24 4.31 3.51 3.13 2.94 2.77 2.77 2.84 2.97 3.26 3.80 4.60 5.54 6.07 6.03 5.68 5.40 5.34 5.39 5.42 5.30 5.01 4.64 4.36 4.30 4.43 4.45 4.19 3.93 4.18 4.83 5.25 5.33 5.12 4.75 4.59 4.79 5.05 5.24 5.45 5.90 6.55 7.14 7.51 7.79 7.76 7.33 6.69 6.26 6.07 6.02 6.02 6.04 5.96 6.01 6.29 6.76 7.42 8.11 8.65 8.87 8.77 8.61 8.67 8.96 9.37 9.48 9.13 8.35 7.18 6.66 6.62 6.65 6.55 6.32 6.14 6.13 6.16 6.17 6.14 6.19
6.39 5.95 5.47 5.24 4.97 4.54 4.14 3.95 3.98 4.19 4.41 4.52 4.62 4.65 4.75 5.03 5.57 5.96 6.04 6.00 5.91 5.76 5.62 5.51 5.36 5.17 5.02 4.97 5.10 5.34 5.31 4.84 4.58 4.92 5.56 6.10 6.26 6.04 5.71 5.76 6.19 6.54 6.80 6.98 7.07 7.04 7.24 7.75 8.05 7.92 7.36 6.82 6.55 6.52 6.56 6.64 6.76 6.83 7.10 7.51 7.93 8.30 8.69 9.00 9.04 8.82 8.55 8.52 8.92 9.42 9.75 9.73 8.97 8.54 8.56 8.65 8.65 8.38 8.12 7.85 7.55 7.26 7.17 7.15
6.81 6.61 6.12 5.73 5.68 5.75 5.73 5.79 6.06 6.38 6.65 6.81 6.74 6.33 5.74 5.35 5.45 5.86 6.15 6.24 6.21 6.10 5.96 5.84 5.71 5.58 5.48 5.40 5.48 5.86 6.23 6.18 5.86 5.68 5.95 6.58 7.17 7.30 7.16 7.09 7.23 7.42 7.43 7.16 6.63 6.14 6.15 6.79 7.65 7.93 7.82 7.40 7.13 7.03 7.04 7.03 7.13 7.29 7.56 7.72 7.70 7.58 7.60 7.88 8.25 8.39 8.18 7.78 7.72 8.37 9.60 10.40 10.79 10.72 10.66 10.92 11.19 11.19 10.97 10.51 9.88 9.02 8.27 7.74
6.85 6.69 6.25 5.84 6.08 6.46 6.88 7.32 7.73 7.95 8.03 7.99 7.83 7.36 6.76 6.21 5.95 6.02 6.22 6.34 6.41 6.46 6.47 6.40 6.21 5.99 5.89 5.85 5.84 6.13 6.73 7.22 7.42 7.45 7.49 7.75 8.11 8.25 8.23 8.12 7.95 7.66 7.23 6.63 5.93 5.37 5.24 5.73 6.83 7.58 7.90 7.87 7.74 7.55 7.41 7.24 7.30 7.47 7.45 7.27 6.82 6.34 6.06 6.18 6.70 7.25 7.47 7.22 6.77 6.95 8.16 9.55 10.48 10.86 11.15 11.64 12.01 12.12 12.00 11.85 11.49 10.73 9.47 8.23
6.85 6.52 5.96 5.83 6.32 7.02 7.58 7.98 8.24 8.22 8.06 7.91 7.81 7.61 7.36 6.98 6.59 6.37 6.38 6.52 6.69 6.89 7.11 7.21 7.09 6.79 6.66 6.62 6.56 6.69 7.22 7.94 8.50 8.83 8.94 8.85 8.71 8.56 8.39 8.16 7.73 7.09 6.39 5.80 5.39 5.17 5.14 5.54 6.48 7.36 8.03 8.42 8.50 8.33 8.00 7.71 7.60 7.35 7.04 6.48 5.79 5.13 4.60 4.33 4.66 5.10 5.53 5.67 5.41 5.34 5.84 6.94 8.07 8.86 9.50 10.04 10.34 10.45 10.68 10.98 11.33 11.22 10.50 8.99
7.40 6.91 6.45 6.70 7.22 7.65 7.82 7.86 7.80 7.51 7.26 7.15 7.09 7.17 7.24 7.13 6.87 6.60 6.57 6.80 7.15 7.58 7.98 8.26 8.32 8.12 7.92 7.82 7.77 7.82 8.12 8.54 8.85 8.96 8.84 8.57 8.28 7.93 7.63 7.20 6.63 6.06 5.57 5.22 5.11 5.25 5.52 6.07 6.63 7.38 8.04 8.47 8.80 9.04 8.80 8.32 7.76 7.16 6.53 5.69 4.88 4.14 3.31 2.73 2.61 2.69 2.82 3.09 3.27 3.25 3.65 4.20 4.91 5.54 6.13 6.74 6.83 7.01 7.46 8.05 9.35 10.63 10.95 10.17
7.61 7.69 8.02 8.23 8.18 8.02 7.66 7.31 6.93 6.69 6.57 6.44 6.36 6.45 6.63 6.77 6.74 6.66 6.76 7.06 7.53 8.03 8.50 8.90 9.07 9.08 8.98 8.92 8.91 8.90 8.82 8.63 8.34 7.97 7.51 7.12 6.99 6.76 6.42 5.93 5.41 5.19 5.12 5.16 5.29 5.49 5.88 6.28 6.72 7.28 7.65 8.02 8.45 8.89 9.03 8.64 7.88 7.00 6.11 5.29 4.48 3.59 2.84 2.23 1.80 1.65 1.59 1.61 1.75 1.97 2.22 2.50 2.82 3.19 3.46 3.98 4.38 4.83 5.33 5.95 7.17 8.99 10.36 10.52
7.25 7.85 8.64 8.72 8.42 7.95 7.35 6.90 6.37 6.19 6.16 6.02 5.91 5.92 6.06 6.32 6.52 6.65 6.81 6.91 7.03 7.25 7.63 8.18 8.61 8.90 9.06 9.13 9.10 8.93 8.49 7.79 7.00 6.48 6.13 5.86 5.65 5.45 5.21 5.01 4.87 4.89 5.05 5.37 5.60 5.84 6.14 6.35 6.61 6.83 6.91 7.05 7.39 7.92 8.36 8.40 7.96 7.19 6.29 5.57 4.89 4.08 3.41 2.83 2.36 2.12 2.07 2.08 2.13 2.05 1.90 1.80 1.71 1.82 2.05 2.46 3.09 3.81 4.31 4.71 5.57 7.00 8.78 9.85
6.74 7.30 8.10 8.31 8.12 7.59 7.03 6.58 6.18 5.95 5.84 5.66 5.57 5.58 5.73 6.02 6.34 6.55 6.60 6.42 6.13 5.96 6.10 6.56 7.30 7.91 8.30 8.44 8.31 7.91 7.24 6.41 5.62 5.18 4.97 4.75 4.52 4.47 4.53 4.64 4.85 5.14 5.47 5.68 5.99 6.38 6.53 6.60 6.52 6.33 6.27 6.40 6.66 7.02 7.47 7.87 7.99 7.73 7.07 6.35 5.74 5.18 4.66 4.20 3.81 3.51 3.45 3.37 3.08 2.65 2.15 1.77 1.47 1.23 1.30 1.66 2.15 2.65 3.07 3.46 4.09 5.08 6.85 8.73
6.32 6.38 6.89 7.48 7.76 7.59 7.01 6.33 5.96 5.71 5.50 5.36 5.26 5.29 5.54 5.89 6.26 6.47 6.50 6.34 6.11 5.97 6.05 6.36 6.87 7.28 7.45 7.38 7.10 6.64 6.06 5.50 4.94 4.52 4.22 4.08 4.14 4.33 4.46 4.63 5.06 5.62 5.89 6.11 6.45 6.81 7.01 6.96 6.59 6.13 5.87 5.87 6.04 6.37 6.89 7.45 7.99 8.26 8.06 7.45 6.85 6.39 6.00 5.64 5.34 5.12 4.90 4.48 3.86 3.33 2.92 2.41 1.89 1.50 1.35 1.44 1.53 1.56 1.86 2.37 2.91 3.69 5.10 7.22
6.08 5.90 5.98 6.62 7.45 7.91 7.71 6.90 6.29 5.95 5.65 5.52 5.45 5.45 5.64 5.98 6.32 6.63 6.83 6.90 6.95 7.08 7.27 7.41 7.32 7.05 6.72 6.37 6.03 5.76 5.46 5.14 4.87 4.67 4.46 4.30 4.41 4.77 4.96 4.97 5.25 5.68 6.08 6.47 6.79 7.08 7.25 7.19 6.83 6.22 5.58 5.21 5.32 5.78 6.42 7.17 7.89 8.50 8.77 8.59 8.19 7.82 7.57 7.35 7.08 6.70 6.20 5.71 5.21 4.79 4.22 3.56 2.85 2.38 2.06 1.82 1.60 1.44 1.57 1.90 2.28 2.85 3.80 5.45
5.93 5.68 5.51 5.95 6.86 7.89 8.36 8.01 7.35 6.93 6.65 6.41 6.37 6.34 6.32 6.33 6.49 6.82 7.19 7.46 7.64 7.73 7.70 7.47 7.02 6.43 5.94 5.56 5.25 5.18 5.25 5.22 5.13 5.20 5.27 5.19 5.09 5.31 5.62 5.58 5.50 5.65 6.10 6.54 6.86 7.08 7.19 7.22 7.09 6.59 5.69 4.97 4.90 5.34 6.00 6.76 7.50 8.31 8.84 9.04 9.10 9.14 9.34 9.52 9.29 8.78 8.05 7.41 7.07 6.62 5.76 4.76 4.05 3.64 3.26 2.77 2.36 2.14 2.11 2.14 2.22 2.42 2.96 3.98
5.70 5.28 4.92 5.19 5.89 7.21 8.25 8.54 8.14 7.68 7.41 7.12 7.03 7.04 6.99 6.79 6.62 6.71 7.01 7.29 7.37 7.22 6.80 6.23 5.72 5.34 5.13 5.00 4.90 4.98 5.25 5.57 5.75 5.78 5.91 6.04 5.97 5.94 6.20 6.20 5.99 5.91 6.20 6.45 6.69 6.77 6.78 6.94 7.22 7.21 6.56 5.57 5.05 5.14 5.49 6.17 7.05 7.93 8.49 8.86 9.08 9.38 9.89 10.37 10.77 10.72 10.18 9.49 8.82 8.14 7.31 6.37 5.73 5.19 4.65 4.12 3.75 3.50 3.28 2.95 2.60 2.44 2.52 2.95
5.73 5.38 4.94 4.87 5.22 6.17 7.49 8.34 8.39 7.93 7.38 6.89 6.68 6.69 6.77 6.73 6.49 6.42 6.47 6.44 6.26 5.87 5.34 4.83 4.50 4.33 4.36 4.53 4.69 4.97 5.48 6.03 6.33 6.45 6.50 6.63 6.74 6.72 6.69 6.71 6.61 6.47 6.34 6.31 6.23 6.09 5.99 6.30 7.04 7.61 7.56 6.88 5.86 5.45 5.53 6.07 6.91 7.70 8.09 8.30 8.32 8.63 9.12 9.71 10.48 10.98 11.03 10.91 10.50 9.95 9.49 9.00 8.28 7.23 6.24 5.74 5.49 5.25 4.75 4.10 3.35 2.71 2.32 2.32
6.17 6.11 5.78 5.32 5.21 5.59 6.63 7.80 8.40 8.28 7.62 6.90 6.42 6.18 6.17 6.33 6.20 6.18 6.00 5.53 4.98 4.50 4.12 3.85 3.68 3.63 3.70 3.80 4.07 4.71 5.48 6.03 6.48 6.79 6.96 7.08 7.15 7.08 6.96 6.90 6.91 6.72 6.51 6.22 5.82 5.31 5.23 5.59 6.35 7.37 7.90 7.76 7.02 6.28 6.12 6.35 6.77 7.28 7.55 7.55 7.36 7.16 7.06 7.43 8.34 9.46 10.34 10.98 11.38 11.40 11.39 11.23 10.70 9.78 8.57 7.79 7.26 6.66 5.85 4.79 3.85 3.09 2.50 2.14
6.18 6.10 6.00 5.69 5.40 5.41 5.98 7.09 8.14 8.63 8.45 7.78 7.12 6.55 6.22 6.06 6.05 5.95 5.53 4.85 4.26 3.93 3.75 3.61 3.50 3.51 3.50 3.29 3.19 3.65 4.42 5.01 5.55 6.09 6.53 6.81 6.86 6.86 6.79 6.76 6.71 6.60 6.51 6.31 6.00 5.46 5.12 5.19 5.61 6.41 7.40 7.84 7.69 7.02 6.59 6.38 6.40 6.56 6.74 6.59 6.35 5.91 5.58 5.66 6.20 7.21 8.52 9.67 10.54 11.04 11.40 11.69 11.66 11.35 10.70 9.78 8.64 7.40 6.19 5.10 4.31 3.70 3.10 2.42
5.50 5.10 4.85 4.97 5.02 5.02 5.28 6.10 7.31 8.30 8.70 8.39 7.74 7.09 6.63 6.25 6.02 5.68 5.16 4.68 4.44 4.46 4.17 4.07 3.90 3.93 3.95 3.59 3.05 2.82 2.98 3.40 3.87 4.44 5.05 5.55 5.91 6.14 6.31 6.44 6.32 6.18 6.04 5.95 5.87 5.59 5.09 4.83 4.94 5.42 6.27 7.28 7.57 7.21 6.66 6.15 5.95 5.91 6.00 5.85 5.53 4.92 4.52 4.68 5.18 5.85 6.70 7.54 8.35 8.95 9.42 9.97 10.60 11.01 11.08 10.83 9.76 8.05 6.63 5.79 5.19 4.49 3.71 3.05
5.05 4.42 3.76 3.83 4.04 4.07 4.13 4.74 5.81 7.08 8.01 8.27 7.89 7.26 6.78 6.35 5.96 5.56 5.26 5.54 5.21 5.32 5.31 5.14 4.95 4.96 4.94 4.65 4.01 3.34 3.11 3.13 3.19 3.36 3.78 4.40 5.07 5.46 5.80 6.04 5.93 5.66 5.19 4.73 4.34 4.21 4.11 3.94 3.98 4.50 5.25 6.25 6.97 6.91 6.35 5.88 5.65 5.67 5.70 5.64 5.24 4.34 3.95 4.06 4.49 5.00 5.51 5.92 6.35 6.81 6.83 7.24 8.19 9.22 10.11 10.81 10.76 9.59 7.96 6.87 5.99 5.19 4.48 3.92
5.71 5.08 4.33 4.10 3.82 3.61 3.55 3.75 4.42 5.56 6.84 7.73 7.91 7.44 6.86 6.36 5.97 5.72 6.09 5.90 6.24 6.45 6.58 6.51 6.35 6.25 6.17 5.84 5.29 4.65 4.26 4.08 3.87 3.63 3.66 4.05 4.62 5.01 5.38 5.68 5.68 5.39 4.71 3.72 3.15 3.05 3.15 3.26 3.52 3.93 4.51 5.35 6.23 6.48 6.05 5.80 5.70 5.77 5.81 5.93 5.60 4.74 4.23 3.96 3.97 4.01 4.32 4.78 5.22 5.62 5.66 5.72 6.35 7.39 8.32 9.63 10.79 10.83 9.73 8.12 6.76 6.08 5.70 5.33
6.50 6.20 5.85 5.62 5.24 4.59 4.05 3.77 3.81 4.36 5.40 6.67 7.48 7.55 7.01 6.38 6.04 6.00 6.24 6.67 7.10 7.46 7.78 7.92 7.90 7.71 7.39 6.96 6.34 5.57 4.96 4.74 4.72 4.60 4.34 4.26 4.54 4.92 5.34 5.69 5.83 5.61 4.98 4.12 3.63 3.57 3.77 4.04 4.15 4.23 4.32 4.77 5.69 6.21 6.02 5.89 5.80 5.89 6.00 6.28 6.15 5.54 4.77 3.97 3.47 3.25 3.36 3.84 4.42 5.01 5.25 5.30 5.52 6.22 6.93 7.97 9.63 10.81 10.93 10.06 8.72 8.08 7.72 7.26
6.71 6.76 6.75 6.61 6.35 5.80 5.10 4.40 3.95 3.84 4.24 5.16 6.38 7.08 7.01 6.43 6.07 6.13 6.56 7.16 7.66 8.15 8.62 8.98 9.05 8.93 8.65 8.22 7.52 6.52 5.50 4.97 4.99 5.27 5.47 5.36 5.23 5.40 5.81 6.18 6.54 6.58 6.11 5.49 5.19 5.22 5.47 5.58 5.41 4.86 4.54 4.55 5.34 6.00 6.03 5.93 5.84 5.94 6.09 6.48 6.54 6.12 5.31 4.27 3.38 2.92 2.89 3.25 3.74 4.31 4.79 4.92 5.11 5.53 6.04 6.65 7.91 9.68 10.95 11.47 11.27 10.70 9.94 9.16
6.57 6.74 6.78 6.60 6.36 5.98 5.52 4.91 4.29 3.82 3.75 4.15 5.03 6.10 6.56 6.36 6.02 5.99 6.38 6.95 7.44 7.89 8.34 8.76 9.00 9.12 9.17 9.10 8.69 7.79 6.58 5.55 5.17 5.40 5.77 6.02 6.09 6.14 6.30 6.75 7.44 7.93 8.09 7.60 7.05 6.84 6.77 6.45 5.96 5.33 4.76 4.62 4.98 5.72 5.97 5.91 5.85 6.01 6.16 6.46 6.65 6.54 6.03 5.15 4.13 3.37 3.01 3.03 3.28 3.72 4.20 4.37 4.63 5.09 5.40 5.71 6.56 8.00 9.74 10.97 11.65 11.63 11.10 10.30
