project/data/elevation/US_DEM2016/US_DEM2016_point_10-28-2019_0341_30m_vel.asc
ncols	125
nrows	167
xllcorner	-2042055.000000
yllcorner	1465035.000000
cellsize	30.000000
NODATA_value	-9999.000000
[rows 37 to 73 of 167, columns 0 to 83 of 125]
8.58 8.89 9.03 8.78 8.41 7.86 7.31 6.61 5.85 5.21 5.00 5.33 6.24 7.45 8.08 7.96 7.65 7.71 8.28 9.05 9.67 10.22 10.73 11.17 11.36 11.40 11.34 11.14 10.57 9.56 8.29 7.27 6.96 7.29 7.73 8.04 8.23 8.42 8.67 9.17 9.78 10.09 10.12 9.62 9.26 9.32 9.38 8.99 8.37 7.60 6.93 6.69 6.79 7.39 7.75 7.77 7.71 7.88 7.95 8.15 8.24 8.14 7.70 6.79 5.70 4.94 4.61 4.66 4.88 5.20 5.65 5.95 6.23 6.60 7.06 7.56 8.48 9.95 11.88 13.47 14.45 14.44 13.72 12.75
8.36 8.33 8.20 7.92 7.46 7.14 6.84 6.35 5.72 5.12 5.18 4.95 5.41 6.27 7.36 7.49 7.44 7.16 7.51 7.98 8.30 8.50 8.73 9.16 9.68 10.12 10.60 11.08 11.09 10.62 9.68 8.58 7.82 7.53 7.67 8.24 8.88 9.19 9.41 9.88 10.57 11.20 11.54 11.40 10.97 10.39 9.53 8.37 7.58 6.96 6.65 6.63 6.66 7.15 7.69 7.83 7.82 8.00 7.99 7.94 7.91 7.66 7.48 7.06 6.37 5.59 4.79 4.44 4.46 4.64 4.97 5.30 5.61 6.16 6.55 6.88 7.43 8.50 9.85 11.21 12.24 12.96 13.19 12.84
8.03 7.64 7.24 6.96 6.54 6.32 6.15 5.92 5.67 5.44 5.37 5.43 5.58 6.40 6.94 7.00 7.11 7.07 6.75 6.56 6.40 6.37 6.54 7.04 7.92 8.88 9.70 10.51 11.07 11.18 10.70 9.77 8.89 8.42 8.59 9.29 9.86 10.22 10.32 10.38 10.64 10.92 11.31 11.45 11.24 10.64 9.54 8.46 7.64 6.90 6.63 6.76 6.87 7.09 7.66 7.95 8.08 8.22 7.97 7.57 7.06 6.43 5.82 5.64 5.46 5.11 4.46 4.00 3.94 4.02 4.34 4.79 5.22 5.67 6.04 6.30 6.58 7.19 8.09 8.80 9.17 10.09 11.75 12.80
7.65 7.22 6.76 6.48 6.29 6.16 6.17 6.26 6.37 6.48 6.60 6.70 6.64 6.56 7.25 7.05 6.93 6.91 6.38 5.74 5.50 5.62 5.98 6.54 7.42 8.24 8.98 9.75 10.48 11.06 11.18 10.71 10.11 9.96 10.26 10.79 11.25 11.51 11.26 10.75 10.48 10.01 9.85 10.33 10.65 10.76 10.32 9.88 9.35 8.76 8.04 7.64 7.45 7.29 7.59 7.79 7.90 7.97 7.72 7.31 6.73 5.74 4.46 3.95 3.87 3.86 3.92 3.89 3.79 3.67 3.72 4.25 4.91 5.33 5.65 5.90 6.05 6.31 6.85 7.38 7.58 8.20 10.08 12.29
7.69 7.42 7.16 7.03 7.00 7.00 7.00 7.08 7.27 7.49 7.69 7.70 7.50 7.32 7.20 7.14 7.16 7.08 6.71 6.24 6.14 6.35 6.69 7.01 7.30 7.66 8.01 8.57 9.45 10.33 11.13 11.19 11.14 11.26 11.50 11.69 11.78 11.62 11.23 10.70 10.13 9.40 8.85 8.90 9.68 10.11 10.20 10.08 10.13 10.09 9.73 8.80 7.96 7.42 7.33 7.31 7.17 7.03 7.02 7.16 6.96 6.08 4.70 3.97 3.84 3.93 4.11 4.11 3.91 3.68 3.58 3.88 4.44 4.84 5.10 5.32 5.62 5.97 6.35 6.79 7.13 7.37 8.38 10.53
7.97 7.90 7.86 7.86 7.82 7.76 7.66 7.69 7.93 8.20 8.31 8.17 7.81 7.73 7.80 7.84 7.80 7.77 7.67 7.57 7.60 7.75 7.91 8.05 8.16 8.13 8.09 8.26 8.86 9.61 10.67 11.21 11.71 12.10 12.07 11.57 10.90 10.25 9.78 9.60 9.37 8.81 8.09 7.94 8.47 9.04 9.20 8.88 8.98 9.25 9.35 8.87 8.08 7.36 7.15 7.15 6.96 6.71 6.79 7.44 7.71 7.25 6.23 5.57 5.42 5.24 4.87 4.46 4.30 4.22 3.99 3.81 3.84 3.88 3.91 4.16 4.80 5.50 5.87 6.28 6.81 7.16 7.81 9.20
8.05 8.06 8.13 8.18 8.20 8.24 8.32 8.50 8.71 8.84 8.76 8.51 8.13 8.22 8.10 8.19 8.29 8.38 8.49 8.60 8.82 9.03 9.12 9.10 9.05 8.87 8.76 8.78 9.03 9.38 10.18 10.83 11.41 11.79 11.67 11.01 9.95 8.96 8.34 8.33 8.57 8.36 7.67 7.18 7.51 8.14 8.24 7.57 6.89 6.52 6.66 7.13 7.30 7.17 7.21 7.52 7.68 7.73 7.97 8.49 8.81 8.63 7.97 7.41 6.76 6.10 5.65 5.45 5.33 4.88 4.23 3.62 3.30 3.12 2.93 3.18 3.88 4.69 5.02 5.42 6.29 7.15 7.83 8.39
8.08 8.15 8.35 8.53 8.79 9.16 9.52 9.72 9.70 9.51 9.20 8.87 8.50 8.31 8.23 8.37 8.55 8.72 8.88 9.04 9.25 9.38 9.37 9.24 9.04 8.81 8.76 8.84 9.10 9.41 10.09 10.34 10.52 10.46 10.41 10.28 9.82 8.96 7.85 7.35 7.50 7.71 7.36 6.77 6.78 7.36 7.24 6.48 5.53 4.98 4.98 5.42 6.04 6.55 7.17 7.90 8.39 8.73 8.98 9.18 9.46 9.44 8.83 8.03 7.13 6.67 6.59 6.40 5.77 4.72 3.99 3.62 3.41 3.20 3.07 3.22 3.77 4.36 4.55 4.74 5.55 6.63 7.24 7.51
8.33 8.55 8.96 9.28 9.57 9.90 10.18 10.30 10.19 9.88 9.50 9.17 8.92 8.75 8.85 8.97 9.04 9.11 9.17 9.14 8.99 8.77 8.62 8.56 8.58 8.52 8.49 8.62 9.06 9.53 10.04 9.83 9.43 9.08 8.97 9.27 9.43 9.14 7.99 6.96 6.55 6.82 6.80 6.31 6.29 6.75 6.76 6.36 6.04 5.89 5.66 5.39 5.40 5.97 6.98 7.94 8.36 8.58 8.72 9.01 9.33 9.55 9.15 8.44 7.89 7.63 7.19 6.39 5.36 4.63 4.38 4.44 4.42 4.28 4.12 4.17 4.49 4.78 4.95 4.86 5.25 5.85 6.46 6.89
8.46 8.78 9.31 9.65 9.74 9.74 9.69 9.68 9.67 9.54 9.35 9.11 9.11 9.28 9.54 9.65 9.62 9.49 9.29 9.01 8.59 8.17 7.93 7.97 8.18 8.33 8.44 8.68 9.15 9.49 9.56 9.09 8.55 8.17 7.90 7.91 8.24 8.60 8.23 7.18 6.24 6.13 6.32 6.36 6.56 6.94 7.14 6.97 6.81 6.44 5.90 5.49 5.58 6.31 7.30 7.85 8.06 8.21 8.43 8.85 9.17 9.51 9.44 9.03 8.48 7.83 6.70 5.96 5.69 5.74 5.92 5.97 5.90 5.78 5.72 5.71 5.71 5.63 5.54 5.55 6.22 5.94 6.32 6.81
8.26 8.45 8.89 9.20 9.21 9.02 8.77 8.57 8.53 8.64 8.67 8.59 8.86 8.94 9.21 9.40 9.47 9.34 9.04 8.70 8.35 7.99 7.75 7.71 7.84 8.03 8.25 8.61 9.00 9.05 8.74 8.25 8.02 7.66 7.18 6.93 7.07 7.67 8.08 7.77 6.75 6.33 6.50 6.95 7.25 7.58 7.61 7.04 6.26 5.54 5.29 5.49 6.41 7.66 8.34 8.37 8.37 8.49 8.71 9.02 9.28 9.63 9.55 9.09 8.40 7.49 6.80 6.75 7.21 7.71 7.98 7.98 7.88 7.73 7.55 7.42 7.27 7.02 6.82 6.77 6.52 6.47 6.68 6.94
8.08 8.12 8.17 8.40 8.53 8.39 8.10 7.81 7.70 7.79 7.91 7.95 7.94 8.08 8.20 8.37 8.60 8.73 8.67 8.45 8.14 7.82 7.58 7.44 7.43 7.55 7.68 8.03 8.47 8.49 8.35 8.13 7.99 7.63 6.91 6.24 6.21 6.73 7.47 7.73 7.18 6.56 6.40 6.63 6.90 7.33 7.50 6.78 5.88 5.53 5.84 6.94 8.41 9.41 9.75 9.33 8.99 8.86 8.97 9.31 9.68 10.06 9.98 9.49 9.14 9.04 9.33 9.87 10.39 10.77 10.87 10.83 10.71 10.56 10.33 10.09 9.85 9.43 8.86 8.13 7.28 6.76 6.82 6.86
8.20 8.20 7.96 7.84 8.03 8.19 8.06 7.79 7.61 7.59 7.80 7.95 8.03 7.94 7.96 8.04 8.21 8.39 8.46 8.31 7.95 7.57 7.29 7.14 7.09 7.12 7.15 7.44 7.93 8.04 8.10 8.17 8.20 8.09 7.43 6.35 5.95 5.98 6.49 6.98 6.80 6.16 5.67 5.51 5.84 6.57 7.31 7.19 6.69 6.78 7.88 9.39 10.41 10.80 10.56 9.85 9.30 9.07 9.18 9.67 10.16 10.72 10.86 10.85 10.95 11.45 12.13 12.80 13.32 13.59 13.67 13.64 13.57 13.46 13.25 12.92 12.54 12.07 11.17 9.83 8.37 7.22 6.83 6.64
8.31 8.36 8.13 7.80 7.81 8.13 8.38 8.31 8.12 8.15 8.52 8.85 8.99 8.91 8.78 8.68 8.59 8.51 8.41 8.23 7.91 7.49 7.12 6.90 6.85 6.94 7.02 7.28 7.54 7.46 7.32 7.57 7.84 8.23 8.26 7.48 6.65 6.10 6.13 6.56 6.58 6.25 5.95 5.82 6.02 6.63 7.69 8.23 8.42 9.14 10.37 11.14 11.40 11.00 10.43 9.69 9.26 9.11 9.03 9.22 9.65 10.43 11.00 11.24 11.60 12.03 12.46 12.93 13.26 13.46 13.61 13.74 13.79 13.76 13.60 13.33 13.04 12.76 12.25 11.47 10.32 8.89 7.48 6.67
8.23 8.22 8.08 7.96 7.85 7.99 8.36 8.60 8.60 8.68 9.19 9.74 9.91 9.82 9.60 9.24 8.85 8.54 8.36 8.22 8.01 7.64 7.17 6.79 6.69 6.87 7.04 7.19 7.08 6.59 6.41 6.56 6.88 7.69 8.33 8.37 7.66 7.07 7.01 7.30 7.53 7.66 7.75 7.68 7.70 8.15 9.27 10.40 11.43 12.09 12.24 11.98 11.33 10.39 9.79 9.18 8.80 8.49 8.17 7.98 8.22 8.81 9.84 10.30 10.50 10.38 10.07 9.91 9.74 9.86 10.16 10.63 10.84 10.92 10.84 10.79 10.93 10.93 10.90 10.98 10.83 10.26 9.18 7.69
8.02 7.73 7.48 7.51 7.55 7.68 8.02 8.45 8.69 8.76 9.16 9.72 9.92 9.89 9.63 9.13 8.57 8.20 8.08 8.02 7.86 7.58 7.21 6.80 6.63 6.75 6.92 6.96 6.60 5.87 5.68 5.81 6.04 6.63 7.66 8.18 8.16 8.07 8.21 8.65 9.00 9.20 9.27 9.38 9.65 10.24 11.15 12.12 12.85 13.04 12.72 11.87 10.92 9.92 9.30 8.72 8.24 7.75 7.47 7.29 7.42 7.80 8.37 8.89 8.86 8.00 7.06 6.16 5.75 5.75 6.06 6.60 6.98 7.05 7.19 7.30 7.71 7.93 7.99 8.29 8.94 9.33 9.24 8.58
7.81 7.36 6.86 6.73 6.84 7.14 7.60 8.12 8.56 8.65 9.22 8.96 8.95 8.94 8.74 8.36 7.91 7.57 7.46 7.49 7.43 7.27 7.15 7.01 6.86 6.77 6.81 6.83 6.51 5.95 5.71 5.75 5.87 6.15 6.75 7.53 8.05 8.19 8.43 8.92 9.42 9.59 9.73 10.02 10.55 11.13 11.64 12.01 12.12 12.03 11.76 11.27 10.52 9.76 9.17 8.65 8.20 7.81 7.74 7.70 7.81 7.94 8.04 8.25 7.93 6.94 5.89 5.19 4.92 4.75 4.48 4.24 4.30 4.46 4.64 4.86 5.33 5.74 5.80 5.64 5.78 6.20 6.53 6.81
7.79 7.39 6.88 6.66 6.59 6.63 6.86 7.41 7.94 8.11 7.94 7.99 7.43 7.39 7.26 7.18 7.00 6.73 6.63 6.86 7.18 7.29 7.34 7.36 7.20 7.01 6.94 7.01 7.01 6.87 6.62 6.34 6.12 5.98 6.13 6.84 7.44 7.60 7.71 8.03 8.55 8.94 9.25 9.74 10.38 10.75 10.78 10.42 9.81 9.81 10.21 10.50 10.28 9.81 9.30 8.85 8.47 8.26 8.33 8.27 8.20 8.15 7.99 8.12 7.94 7.21 6.56 6.14 5.77 5.23 4.40 3.41 2.86 2.72 2.83 3.07 3.53 3.99 4.12 3.77 3.43 3.40 3.73 4.42
8.00 7.78 7.57 7.42 7.17 6.72 6.28 6.35 6.82 7.11 7.04 7.30 6.26 6.18 6.14 6.51 6.14 6.02 6.02 6.47 7.17 7.69 7.88 7.78 7.62 7.43 7.34 7.42 7.48 7.51 7.20 6.69 6.20 5.80 5.79 6.34 6.93 7.21 7.21 7.30 7.62 8.09 8.56 9.22 9.75 9.80 9.36 8.66 8.37 8.49 9.00 9.60 9.79 9.67 9.20 8.84 8.51 8.31 8.30 8.04 7.71 7.46 7.42 7.78 8.06 7.79 7.40 7.00 6.14 5.18 4.15 3.33 2.73 2.30 2.10 2.06 2.15 2.41 2.57 2.63 2.64 3.04 3.78 4.68
8.36 8.48 8.66 8.60 8.25 7.64 6.74 6.33 6.43 6.72 6.76 7.25 6.94 6.24 6.24 6.14 6.15 6.18 6.30 6.75 7.46 8.19 8.48 8.47 8.37 8.27 8.12 8.00 7.87 7.80 7.41 7.09 6.81 6.47 6.30 6.68 7.36 7.77 7.74 7.68 7.78 8.04 8.38 8.94 9.09 8.71 7.92 7.46 7.25 7.35 7.84 8.56 9.07 9.04 8.66 8.36 8.06 7.75 7.47 6.98 6.56 6.39 6.69 7.33 8.02 8.11 7.73 7.07 6.03 5.17 4.55 4.29 4.07 3.52 2.80 2.15 1.75 1.75 2.38 2.80 3.48 4.52 5.81 6.59
8.60 8.95 9.37 9.45 9.25 8.81 8.12 7.57 7.28 7.25 8.26 7.13 7.16 7.36 7.54 7.59 7.61 7.71 7.72 7.87 8.30 8.87 9.24 9.44 9.51 9.47 9.17 8.79 8.59 8.66 8.71 8.63 8.48 8.17 7.76 7.85 8.43 8.85 8.99 8.95 8.88 8.67 8.62 8.74 8.46 7.62 6.90 6.32 6.11 6.25 6.73 7.52 8.25 8.28 8.07 7.81 7.46 6.99 6.50 6.18 6.12 6.34 6.96 7.58 8.09 8.03 7.52 6.81 6.07 5.82 5.90 5.91 5.43 4.67 3.89 3.40 3.27 3.38 3.74 4.52 5.78 7.14 7.94 7.98
8.54 8.74 9.07 9.35 9.61 9.66 9.30 8.74 8.17 7.77 7.61 7.73 8.12 8.60 9.09 9.36 9.55 9.71 9.78 9.72 9.80 9.85 10.03 10.28 10.45 10.32 10.01 9.58 9.39 9.43 9.57 9.49 9.34 9.09 8.66 8.47 8.71 9.08 9.46 9.69 9.66 9.32 8.89 8.40 7.49 6.54 5.82 5.35 5.15 5.15 5.59 6.39 7.19 7.61 7.68 7.55 7.30 6.96 6.74 6.87 7.14 7.63 8.26 8.70 8.78 8.38 7.72 7.28 7.05 7.13 7.27 7.00 6.21 5.33 4.83 4.72 4.86 5.23 5.97 7.08 8.26 8.87 8.85 8.27
8.34 8.24 8.30 8.61 9.12 9.58 9.66 9.22 8.52 7.87 9.03 7.66 8.24 8.99 9.62 10.06 10.35 10.58 10.79 10.83 10.66 10.43 10.37 10.48 10.54 10.44 10.25 9.95 9.77 9.53 9.00 8.50 8.28 8.32 8.33 8.40 8.50 8.78 9.13 9.54 9.77 9.52 8.94 7.99 6.58 5.40 4.72 4.44 4.25 4.27 4.47 5.08 6.11 7.02 7.52 7.69 7.71 7.69 7.79 7.87 8.15 8.72 9.35 9.91 10.03 9.93 9.13 8.63 8.60 8.58 8.10 7.38 6.71 6.41 6.42 6.64 7.12 7.80 8.71 9.52 9.77 9.44 8.72 7.92
8.26 8.05 7.88 7.90 8.07 8.41 8.79 8.82 8.41 7.77 7.24 7.09 7.39 7.97 8.55 8.95 9.22 9.33 9.39 9.48 9.58 9.58 9.55 9.49 9.42 9.45 9.45 9.48 9.54 9.53 9.04 8.15 7.57 7.50 7.95 8.47 8.85 9.01 9.09 9.20 9.30 8.98 8.44 7.59 6.32 5.00 4.23 3.98 4.00 4.10 4.21 4.61 5.57 6.74 7.61 8.16 8.51 8.70 8.72 8.55 8.67 9.37 10.11 10.68 11.09 11.50 11.24 10.34 9.87 9.67 9.00 8.36 8.20 8.67 9.24 9.79 10.39 10.92 11.20 10.96 10.24 9.28 8.42 7.71
8.07 7.76 7.45 7.34 7.08 7.01 7.34 7.76 7.78 7.28 6.58 6.04 5.82 5.90 6.18 6.43 6.62 6.54 6.16 6.01 6.58 7.21 7.37 7.21 7.06 7.42 7.95 8.29 8.69 9.26 9.60 9.49 9.03 8.60 8.52 8.80 9.04 9.08 8.89 8.64 8.45 8.25 7.98 7.68 6.95 5.92 5.20 5.08 5.19 5.32 5.46 5.76 6.32 7.09 7.77 8.35 8.90 9.40 9.61 9.75 10.06 10.59 10.76 10.80 11.19 11.91 12.11 11.79 11.37 11.20 11.06 10.97 11.30 11.82 12.18 12.44 12.63 12.62 12.22 11.27 10.18 9.24 8.49 7.76
7.69 7.22 6.80 6.77 6.65 6.50 6.52 6.85 7.07 6.71 5.93 5.06 4.32 3.84 3.69 3.83 4.10 4.20 4.05 3.81 3.92 4.39 4.71 4.82 5.16 5.83 6.77 7.26 7.64 8.06 8.83 9.57 9.87 9.78 9.24 8.81 8.47 8.31 8.01 7.70 7.58 7.87 8.12 8.38 8.35 8.24 7.88 7.66 7.55 7.53 7.59 7.61 7.61 7.72 7.84 8.11 8.57 9.24 9.96 10.63 11.15 11.11 10.63 10.02 9.84 10.54 11.48 11.82 12.15 12.45 12.74 12.97 13.19 13.25 13.12 12.88 12.61 12.18 11.48 10.67 9.92 9.27 8.62 7.79
7.61 7.22 6.76 6.58 6.57 6.58 6.54 6.63 6.80 6.65 6.01 5.07 4.09 3.28 2.75 2.57 3.07 3.60 4.17 4.11 3.63 3.22 3.18 3.63 4.45 5.44 6.45 6.83 6.92 6.84 7.19 7.95 8.82 9.30 9.01 8.21 7.41 6.97 6.93 6.93 7.10 7.72 8.42 9.09 9.50 9.90 9.98 9.68 9.34 9.10 8.69 8.30 8.09 8.05 8.03 8.12 8.48 9.16 9.90 10.42 10.55 10.13 9.41 8.65 8.47 8.95 9.89 10.75 11.42 12.01 12.28 12.31 12.22 12.01 11.68 11.22 10.62 9.95 9.62 9.39 9.04 8.66 8.22 7.59
7.92 7.78 7.52 7.22 7.04 7.01 6.99 7.01 7.06 7.02 6.73 6.13 5.41 4.54 3.73 3.18 3.03 4.16 5.32 5.78 5.34 4.43 3.80 3.89 4.66 5.82 6.68 6.86 6.67 6.27 6.11 6.29 7.00 7.66 7.91 7.64 7.10 6.68 6.67 7.04 7.52 8.21 8.66 9.13 9.52 9.94 10.10 10.10 9.92 9.48 8.62 8.05 7.96 8.13 8.25 8.37 8.68 9.29 9.67 9.58 9.07 8.36 7.86 7.64 7.76 8.15 8.65 9.29 9.90 10.29 10.39 10.17 9.68 9.35 9.26 9.04 8.41 7.65 7.32 7.51 7.52 7.30 6.99 6.67
8.11 8.14 8.16 8.01 7.80 7.61 7.57 7.71 7.82 7.94 7.98 7.84 7.48 6.75 5.82 4.97 4.54 4.88 5.82 6.85 7.08 6.60 5.82 5.43 5.78 6.59 7.20 7.40 7.28 6.71 6.17 5.76 5.75 6.23 7.03 7.70 8.02 8.16 8.22 8.37 8.66 8.91 8.81 8.76 8.85 9.04 9.23 9.47 9.58 9.45 8.81 8.27 8.12 8.23 8.34 8.43 8.67 9.06 9.13 8.63 7.98 7.43 7.19 7.18 7.24 7.40 7.58 7.99 8.46 8.67 8.71 8.55 8.02 7.39 7.10 7.27 6.97 6.13 5.34 5.35 5.69 5.48 5.18 4.96
8.13 8.20 8.31 8.23 8.10 8.00 8.12 8.43 8.83 9.25 9.55 9.63 9.27 8.57 7.63 6.67 5.85 5.53 5.89 7.04 7.97 8.33 8.13 7.61 7.34 7.69 8.08 8.33 8.45 8.04 7.47 6.84 6.38 6.54 7.29 8.23 9.01 9.55 9.68 9.53 9.29 9.05 8.63 8.37 8.30 8.23 8.29 8.41 8.65 8.88 8.86 8.57 8.32 8.34 8.44 8.60 8.84 8.96 8.59 7.90 7.32 7.01 6.91 6.81 6.76 6.92 7.13 7.36 7.47 7.56 7.50 7.43 7.27 6.58 5.75 5.63 5.76 5.26 4.24 3.73 3.91 3.93 3.65 3.51
8.17 8.25 8.37 8.20 8.02 8.01 8.25 8.66 9.26 9.88 10.40 10.62 10.54 10.13 9.42 8.45 7.34 6.50 6.36 7.09 8.10 9.06 9.24 9.02 8.79 8.97 9.03 8.99 9.08 9.06 8.92 8.59 8.15 7.99 8.20 8.59 8.93 9.20 9.31 9.15 8.87 8.61 8.31 8.05 7.83 7.43 7.26 7.21 7.26 7.56 8.02 8.19 8.15 8.26 8.50 8.81 8.89 8.53 7.72 6.98 6.66 6.61 6.64 6.75 6.86 7.05 7.09 6.89 6.54 6.44 6.40 6.29 6.44 6.25 5.42 4.76 4.75 4.68 3.80 3.14 3.05 2.74 3.24 3.23
8.17 8.22 8.28 8.09 7.85 7.78 7.84 7.99 8.31 8.83 9.48 10.12 10.67 10.95 10.85 10.32 9.26 7.99 7.28 7.36 7.84 8.80 9.43 9.67 9.75 9.74 9.43 8.93 8.71 8.91 9.27 9.46 9.35 8.95 8.60 8.39 8.22 8.11 8.15 8.32 8.40 8.36 8.20 7.94 7.51 6.94 6.63 6.41 6.27 6.29 6.62 7.05 7.41 7.73 8.18 8.35 8.04 7.32 6.44 6.03 6.02 6.16 6.43 6.79 6.93 6.87 6.66 6.12 5.34 4.94 4.97 4.74 4.68 5.11 5.07 4.54 4.26 4.25 3.94 3.49 3.27 3.33 3.58 3.94
8.06 8.03 7.96 7.92 7.79 7.66 7.49 7.18 6.82 6.68 7.00 8.01 9.32 10.42 11.14 11.31 10.84 9.78 8.56 7.97 7.98 8.60 9.22 9.79 10.02 9.77 9.17 8.52 7.93 7.87 8.23 8.70 8.97 8.78 8.45 8.13 7.89 7.86 8.12 8.42 8.46 8.39 8.29 8.18 7.84 7.31 6.88 6.36 5.80 5.45 5.50 6.03 6.74 7.37 7.58 7.28 6.52 5.74 5.33 5.24 5.25 5.29 5.64 6.03 6.05 6.06 6.11 5.72 4.76 3.90 3.63 3.49 3.43 3.78 4.26 4.37 4.34 4.13 4.48 4.44 4.40 4.40 4.67 5.24
7.97 7.87 7.75 7.84 7.86 7.79 7.60 7.23 6.55 5.75 5.29 5.64 6.90 8.55 9.98 10.89 11.24 10.94 10.03 9.09 8.81 8.97 9.29 9.79 10.00 9.70 9.07 8.25 7.42 6.87 6.67 6.85 7.40 7.85 8.06 8.09 8.08 8.15 8.42 8.59 8.50 8.38 8.40 8.48 8.28 7.65 6.93 6.07 5.59 5.56 5.90 6.54 7.14 7.34 7.27 6.45 5.53 5.01 4.85 4.75 4.61 4.45 4.43 4.65 5.02 5.61 6.35 6.48 5.78 4.90 4.46 4.23 4.01 3.95 4.21 4.53 4.84 5.15 5.43 5.65 5.83 6.07 6.38 7.05
8.01 7.90 7.81 7.90 8.01 8.02 7.94 7.86 7.55 6.81 5.82 5.23 5.54 6.62 8.13 9.50 10.50 11.10 10.97 10.41 10.08 10.07 10.18 10.30 10.23 9.97 9.46 8.63 7.68 6.97 6.50 6.39 6.60 7.01 7.49 7.86 8.04 8.07 8.17 8.33 8.21 8.10 8.12 8.25 8.14 7.42 6.72 6.39 6.68 7.32 7.89 8.16 8.15 7.85 7.52 6.77 6.43 6.24 6.02 5.73 5.44 5.15 4.97 5.10 5.85 6.84 7.85 8.27 7.99 7.37 6.78 6.26 5.61 5.19 5.12 5.28 5.63 6.08 6.49 6.97 7.60 8.33 8.98 9.90
8.05 7.90 7.86 8.00 8.19 8.25 8.30 8.50 8.79 8.78 8.17 7.22 6.61 6.67 7.37 8.60 9.77 10.91 11.44 11.46 11.41 11.31 11.10 10.80 10.41 10.19 10.04 9.67 8.96 8.48 8.15 7.85 7.47 7.32 7.47 7.74 7.90 7.94 7.91 7.76 7.60 7.57 7.71 7.92 8.05 7.97 8.06 8.56 9.12 9.47 9.51 9.21 8.72 8.21 7.96 7.98 8.12 8.26 8.24 8.08 7.91 7.85 7.89 8.18 8.61 9.00 9.28 9.47 9.25 8.61 7.83 7.04 6.28 5.92 5.96 6.23 6.59 7.10 7.83 8.99 10.42 11.65 12.53 13.22
8.04 7.89 7.86 8.08 8.36 8.48 8.60 8.93 9.53 10.13 10.30 10.02 9.42 8.71 8.45 8.86 9.73 10.95 11.88 12.27 12.42 12.13 11.41 10.76 10.25 10.15 10.36 10.49 10.26 9.82 9.43 9.16 8.78 8.48 8.24 8.11 8.07 7.92 7.64 7.37 7.37 7.67 7.95 8.28 8.55 8.83 9.25 9.67 9.79 9.55 9.29 9.04 8.78 8.43 8.30 8.41 8.55 8.86 9.24 9.56 9.76 9.94 10.01 9.96 9.68 9.27 8.93 9.09 9.01 8.36 7.49 6.80 6.40 6.30 6.54 7.06 7.70 8.56 9.83 11.52 13.09 14.21 14.64 14.57
