project/data/elevation/US_DEM2016/US_DEM2016_point_11-01-2019_0917_30m_ang.asc
ncols	125
nrows	167
xllcorner	-2042055.000000
yllcorner	1465035.000000
cellsize	30.000000
NODATA_value	-9999.000000
[rows 90 to 134 of 167, columns 0 to 95 of 125]
259 249 178 167 175 165 134 88 320 300 287 265 237 208 152 126 128 123 82 66 75 97 95 60 54 73 71 353 315 307 302 337 40 28 350 301 133 125 86 93 110 217 62 90 102 137 215 225 199 168 142 136 145 162 175 142 107 99 100 106 121 159 138 96 74 284 272 97 89 87 80 48 320 297 344 44 35 13 354 345 308 259 251 251 229 198 192 186 181 167 123 95 86 100 110 120
267 265 186 142 139 120 98 338 301 278 233 200 198 191 160 134 134 160 121 74 62 56 48 83 116 103 87 308 297 302 293 238 89 60 28 19 45 3 73 85 85 253 140 98 104 129 195 221 217 199 185 179 186 209 225 165 104 98 99 109 129 132 131 97 82 272 256 138 110 99 86 55 292 271 144 79 55 26 11 17 14 352 326 317 315 287 249 237 219 195 153 96 75 75 74 72
271 271 359 80 82 63 20 324 286 232 197 198 204 194 159 142 154 189 176 155 153 151 137 136 135 117 129 209 224 214 201 191 169 126 66 55 46 13 64 78 70 76 125 102 96 105 177 233 235 222 216 224 242 273 274 97 88 87 89 97 130 97 116 105 119 241 240 150 119 116 98 75 275 260 177 93 64 35 21 42 38 9 343 351 10 11 358 337 311 250 240 54 59 69 64 55
272 276 350 17 9 5 352 330 263 192 204 228 230 195 156 149 164 180 176 164 166 169 154 147 153 122 126 184 222 230 223 217 220 217 122 83 58 33 69 74 70 94 108 95 83 78 70 259 255 249 254 260 260 255 225 152 92 83 84 80 13 311 115 107 128 227 241 178 115 114 99 79 275 259 212 114 86 62 58 72 57 25 353 359 25 29 24 20 18 358 333 26 79 100 103 74
274 285 340 348 338 329 323 51 119 152 247 261 229 178 156 152 155 162 170 171 171 167 139 137 167 142 110 303 285 283 279 277 281 289 88 92 73 61 78 77 76 86 88 77 71 67 49 296 271 270 279 276 258 236 233 209 115 95 87 67 4 82 111 103 122 229 249 216 110 104 92 76 275 258 224 134 115 103 106 109 86 53 20 351 56 62 49 40 34 19 5 51 95 107 115 96
276 287 327 342 330 253 195 147 111 83 276 252 183 163 153 148 147 151 161 173 193 196 92 95 136 151 158 313 314 316 317 311 313 4 78 83 81 81 78 79 78 69 60 54 63 68 52 328 291 293 302 298 297 291 284 270 114 99 90 68 26 93 103 101 115 234 252 221 112 98 80 66 291 255 219 154 141 133 140 148 133 100 101 162 163 145 120 76 54 41 41 80 97 100 102 81
276 283 309 349 80 158 172 154 120 274 258 198 161 154 149 139 136 139 30 342 328 332 84 79 105 141 208 256 263 221 208 225 219 140 100 83 83 83 74 76 71 52 41 44 59 71 54 333 305 317 334 338 339 338 337 349 77 89 83 76 99 84 90 93 92 261 261 247 107 85 65 52 359 249 215 180 167 151 157 174 171 140 138 163 177 174 170 157 121 97 98 103 100 93 83 44
274 278 289 77 106 125 148 155 163 192 191 170 160 147 141 127 91 346 331 343 356 83 106 92 95 114 226 242 220 196 202 218 222 200 145 93 86 79 74 69 59 47 59 73 72 83 69 307 294 324 13 16 11 20 21 37 76 85 76 70 87 58 74 80 62 314 279 271 68 54 52 53 55 179 198 198 189 158 164 186 190 156 142 166 195 197 182 172 157 139 119 104 95 82 62 43
271 273 270 109 101 98 105 130 151 161 162 162 157 139 119 52 354 333 323 344 77 92 93 96 90 75 300 276 257 237 241 247 243 235 207 96 87 84 86 73 65 78 112 114 124 103 104 258 254 208 146 93 89 89 76 78 86 87 81 79 87 333 71 79 63 322 283 271 43 49 67 81 84 109 164 199 198 179 181 192 197 180 165 194 237 252 159 155 154 150 108 82 76 69 52 40
268 267 241 109 92 76 75 99 117 126 128 137 138 106 11 341 330 321 317 117 108 88 88 98 87 48 322 312 330 338 332 299 268 253 231 103 88 98 118 118 107 103 108 111 117 102 99 259 248 215 199 180 154 148 149 113 96 91 95 99 99 243 107 96 101 213 236 218 193 124 101 93 86 84 97 177 198 198 204 209 213 210 214 252 287 358 62 95 109 93 44 63 69 69 67 35
267 264 239 96 72 48 46 60 60 56 70 74 46 353 334 326 322 308 136 117 110 91 88 93 85 16 314 315 343 359 3 346 300 270 244 127 91 99 117 135 123 110 106 101 100 90 59 290 269 246 230 214 201 201 195 125 100 94 97 99 101 170 122 108 117 179 219 223 217 184 110 87 78 70 61 55 195 241 247 246 249 259 279 300 330 50 71 66 36 355 17 71 82 86 92 158
265 261 243 89 45 18 12 26 29 27 44 40 3 334 324 320 324 160 136 118 112 105 97 98 100 302 298 310 345 32 34 14 331 293 273 175 92 96 102 114 109 103 100 91 90 85 40 304 297 310 307 279 251 248 246 102 95 92 93 92 89 118 113 104 106 151 232 244 244 237 85 75 75 72 61 48 16 329 310 302 289 279 274 251 142 117 119 110 4 357 46 90 97 99 102 129
258 247 223 204 247 328 327 352 22 30 39 24 350 324 309 277 153 138 127 121 127 125 124 116 128 250 268 266 135 126 109 36 342 312 303 60 91 92 88 89 88 84 76 68 84 80 21 296 298 332 356 358 329 291 279 87 88 87 86 82 71 98 99 90 83 75 265 261 258 257 83 79 80 81 77 65 18 328 331 340 325 286 242 199 186 181 180 204 252 341 86 96 99 97 94 111
245 232 220 218 217 210 193 185 176 130 36 0 331 301 224 164 150 132 114 110 116 118 118 116 135 223 238 206 162 162 173 189 239 257 213 115 98 89 80 74 71 68 56 52 82 75 10 287 274 272 15 22 9 335 320 75 82 83 81 70 47 85 83 74 68 59 286 262 253 227 137 103 93 90 85 75 26 287 301 354 359 342 322 239 224 233 233 242 250 201 108 99 94 88 88 105
259 254 250 246 233 187 165 169 174 174 189 230 235 214 170 147 146 140 114 95 95 98 95 92 94 236 233 202 186 187 192 197 203 207 204 173 116 96 88 81 75 67 54 64 87 77 22 270 244 220 219 59 54 41 60 86 84 81 78 68 25 72 71 68 69 64 345 254 244 227 182 127 107 96 82 70 36 272 261 301 15 19 26 16 335 309 301 292 273 175 118 104 95 92 108 105
293 310 315 301 290 122 130 150 167 184 210 230 229 205 156 139 142 158 168 117 102 97 85 68 204 355 250 203 205 210 207 210 218 224 228 221 136 107 105 93 80 66 58 78 89 82 56 256 241 233 230 193 129 138 159 129 95 79 71 67 67 81 74 78 76 65 43 264 246 233 207 156 115 94 74 67 54 274 249 244 93 82 71 30 359 352 352 344 315 121 111 103 95 98 107 98
282 303 332 332 347 85 103 119 150 234 288 314 297 180 155 157 161 174 190 165 145 143 124 90 42 25 28 314 272 262 250 249 251 252 253 248 147 105 105 95 74 58 57 76 80 72 46 300 260 249 236 186 164 173 192 189 112 77 65 60 71 184 104 85 77 62 43 343 260 242 228 201 117 74 64 71 67 29 250 242 184 137 139 163 342 26 39 35 24 69 82 83 79 76 74 67
274 282 314 349 64 102 100 88 20 308 293 272 161 157 162 166 171 175 173 162 154 152 142 142 295 57 51 342 325 331 328 315 302 290 279 265 179 94 94 97 74 49 53 65 66 55 31 358 297 254 221 182 181 199 219 229 144 82 70 65 70 107 114 83 68 50 41 29 297 258 248 240 292 53 67 75 73 64 258 243 201 167 184 214 225 185 87 54 17 27 51 58 54 46 40 42
269 268 266 114 108 109 101 69 343 292 188 163 148 139 148 187 245 97 113 122 125 126 121 322 314 65 68 304 297 334 343 340 335 328 319 298 315 85 88 99 96 64 63 67 71 59 30 13 353 244 185 177 194 216 234 233 189 109 91 81 74 73 89 76 59 42 45 46 355 283 266 261 272 73 82 82 76 66 295 251 229 199 232 252 254 247 94 25 359 16 40 47 42 38 37 61
265 257 235 167 118 106 99 93 156 151 134 129 116 85 24 327 334 18 36 44 53 52 22 330 327 73 68 282 262 253 277 310 342 5 355 324 30 86 91 104 149 162 166 142 106 103 21 358 32 80 133 163 206 227 229 221 207 170 117 93 77 67 63 67 51 38 52 56 16 302 281 271 260 97 87 83 78 73 59 257 251 261 291 285 276 277 353 318 331 14 41 46 47 55 80 104
265 259 242 171 110 93 86 106 126 122 98 60 32 15 351 327 327 6 18 23 29 27 8 338 353 80 61 302 274 243 224 214 199 191 206 230 105 95 93 103 144 152 159 145 113 117 259 289 55 74 89 105 236 245 237 230 225 214 165 107 88 76 68 61 42 45 72 74 23 304 290 278 269 88 84 82 83 83 84 253 253 254 268 273 263 248 179 242 257 327 54 59 61 68 80 93
272 274 282 5 71 71 71 91 96 65 19 4 4 359 340 318 318 33 40 18 40 40 7 342 40 81 68 294 282 281 266 253 242 236 240 236 138 100 92 94 119 133 139 128 111 104 276 270 79 73 70 50 326 282 265 257 251 241 219 133 101 88 74 67 109 110 98 91 355 297 291 283 283 81 82 82 86 81 73 271 256 258 265 271 269 260 201 226 239 218 130 98 89 85 83 83
275 281 301 0 51 56 56 56 31 2 348 345 352 354 335 308 274 114 132 178 136 101 315 302 82 85 84 255 254 280 313 320 331 332 299 274 135 99 93 92 102 114 123 115 106 53 287 275 81 73 66 43 345 314 305 297 289 273 251 171 110 109 111 130 147 128 105 92 306 287 288 288 295 80 80 83 86 75 67 17 269 274 293 309 318 322 356 257 245 208 158 130 117 111 103 90
271 273 280 346 52 49 41 20 352 338 334 329 330 333 305 220 171 135 136 159 159 175 266 256 104 80 64 298 252 241 248 266 2 18 341 323 75 95 97 97 98 99 112 109 87 328 301 298 49 77 76 61 325 304 317 328 334 322 301 93 112 127 149 143 135 121 103 85 294 278 278 282 290 86 86 89 88 82 78 45 283 285 308 325 357 26 39 357 257 187 152 137 129 127 122 108
264 259 249 244 40 38 28 357 315 270 208 196 201 194 177 170 163 143 137 139 148 223 266 269 76 62 45 13 301 253 234 221 205 190 215 77 93 97 100 99 97 94 102 103 21 313 309 325 71 84 85 85 262 264 269 336 49 8 6 71 98 114 134 133 123 115 105 95 280 273 271 267 221 108 102 99 95 91 87 47 285 284 298 322 74 85 77 50 344 137 132 126 122 123 123 114
259 252 243 246 295 13 21 7 223 179 173 181 189 182 162 159 163 147 123 100 79 276 264 255 66 47 38 29 360 318 291 245 225 215 204 171 119 105 102 100 96 98 92 86 295 277 275 115 96 93 84 76 270 247 230 198 171 171 131 104 93 95 104 112 107 103 98 93 273 273 274 269 214 119 108 106 101 97 92 87 267 259 237 190 138 140 144 139 70 83 92 97 100 102 106 105
263 259 257 262 278 330 21 55 108 142 160 172 170 162 150 149 163 153 40 31 29 321 241 221 180 74 51 48 16 331 340 357 285 237 223 212 165 113 100 95 90 96 87 76 285 251 234 172 114 96 78 59 20 263 235 219 204 199 187 152 111 92 87 92 92 86 77 50 278 269 271 271 190 110 105 104 102 102 99 129 224 226 209 196 182 187 199 223 331 52 68 77 80 81 82 91
276 278 279 277 278 285 90 98 102 112 134 144 138 138 135 130 304 319 339 358 36 56 216 223 212 191 129 82 39 303 325 26 17 308 257 245 224 112 97 92 82 87 88 72 25 257 237 199 130 90 68 48 32 359 267 244 229 222 220 197 141 101 87 86 82 71 62 45 291 261 254 241 154 110 102 100 99 99 95 110 201 229 220 212 222 234 244 259 292 57 75 77 76 75 72 83
280 286 291 286 277 230 133 114 103 92 97 115 114 105 77 348 320 318 320 328 58 65 62 245 239 223 166 100 88 261 248 84 50 16 312 277 262 102 97 94 83 91 86 61 31 315 242 224 172 84 59 47 45 37 335 274 261 257 252 237 175 105 93 93 89 77 70 63 309 253 246 230 177 123 104 97 94 89 85 86 192 260 257 259 267 272 278 271 267 90 87 80 77 75 72 81
274 278 284 281 269 162 126 114 99 74 83 94 85 56 8 330 314 311 312 335 74 70 55 318 264 252 157 88 81 229 220 195 111 33 345 305 290 95 95 92 95 106 86 37 24 35 249 236 228 97 58 53 58 56 18 289 277 282 282 271 216 106 99 106 124 120 105 99 138 258 255 243 200 127 104 93 86 77 78 75 13 287 285 296 301 302 309 272 246 117 97 92 84 78 75 80
266 265 265 267 246 139 117 105 87 82 92 75 48 24 350 323 310 300 275 159 118 95 76 5 276 265 86 72 70 108 221 223 215 287 348 327 339 92 94 92 106 106 88 334 358 55 59 251 246 216 72 55 55 53 30 315 278 270 278 287 133 112 105 109 122 123 114 114 173 271 271 262 225 121 102 92 82 71 80 77 18 284 280 286 293 309 348 286 242 132 107 108 102 85 75 76
266 265 267 267 215 134 107 81 68 90 82 29 16 10 346 330 319 282 185 160 143 114 97 82 267 263 241 70 66 61 286 242 234 231 235 237 121 103 96 104 110 92 22 296 265 79 64 287 253 242 332 31 41 40 29 354 289 261 255 232 125 116 106 101 102 103 101 102 237 269 271 267 227 119 103 94 87 77 79 74 20 285 275 272 262 251 242 12 226 138 108 103 99 81 72 70
275 278 283 286 134 116 60 33 52 59 22 349 359 357 342 343 358 144 147 141 127 99 91 121 250 252 230 89 65 59 42 269 252 243 227 203 169 128 104 106 100 61 341 286 180 110 69 33 256 261 300 4 34 36 36 27 334 273 258 223 137 112 101 94 89 90 89 84 293 268 263 255 219 115 99 91 84 74 70 66 27 292 281 284 281 277 315 83 165 139 108 81 58 59 67 65
276 280 286 296 70 26 343 2 31 26 359 341 343 339 329 18 91 109 100 76 62 69 79 92 245 249 235 175 73 67 59 323 264 254 244 227 203 158 90 84 76 21 296 174 143 147 97 90 256 259 257 224 90 65 55 50 20 295 269 237 154 111 101 99 102 102 93 80 329 282 272 261 235 110 93 86 82 77 68 70 49 286 280 293 307 316 31 73 118 138 128 76 52 65 72 71
266 263 255 248 24 341 328 347 12 16 10 332 291 283 211 129 104 80 42 46 67 77 81 79 267 257 242 220 138 76 68 44 263 261 265 273 287 331 39 58 59 56 189 158 140 154 130 119 235 240 223 204 167 132 102 78 47 304 266 242 176 115 105 102 104 102 91 73 325 292 285 278 254 112 99 93 95 106 120 88 77 272 267 265 272 280 94 99 121 144 163 174 118 95 92 99
260 256 252 256 300 326 325 338 4 37 75 117 253 233 161 124 101 75 102 123 121 126 100 75 306 274 256 241 195 94 79 73 263 263 270 291 324 347 37 64 77 115 152 151 146 143 126 133 198 223 224 219 202 161 126 94 65 304 260 248 201 106 99 93 83 73 70 57 319 285 284 285 257 108 107 107 105 109 123 91 81 256 248 238 229 200 142 131 139 161 188 197 133 98 99 108
277 281 284 289 305 315 314 326 17 67 73 46 272 228 145 117 111 129 141 139 134 127 113 52 324 307 292 279 258 97 81 72 274 257 250 233 219 187 126 110 106 113 128 137 142 128 117 131 175 213 226 227 219 184 132 91 65 2 271 260 253 84 84 78 63 58 67 59 322 283 276 261 168 112 110 114 110 100 85 75 83 193 234 241 243 217 152 152 161 200 261 313 20 64 80 91
285 297 314 315 313 290 274 279 46 70 62 34 315 194 149 141 143 144 140 141 140 120 108 317 314 325 325 323 1 70 73 68 45 245 235 218 208 195 154 126 110 105 106 115 126 120 109 121 161 208 225 228 225 210 154 73 49 22 305 275 269 82 78 73 77 92 89 67 327 295 281 233 168 130 117 115 115 105 65 59 89 139 241 259 262 195 157 177 214 273 304 327 10 56 70 74
277 287 316 320 213 223 243 251 140 76 65 54 94 144 148 150 152 148 135 128 112 91 69 282 281 304 331 355 45 70 72 70 68 243 240 235 229 220 163 106 92 88 88 94 109 118 103 100 124 218 237 238 235 233 208 173 21 19 342 294 258 111 93 96 112 117 100 34 324 307 301 192 147 134 121 116 119 125 150 120 94 105 272 276 263 158 177 213 251 282 295 304 54 82 80 74
271 269 230 172 188 220 246 250 200 103 92 99 115 125 133 140 142 131 101 41 25 43 33 300 267 252 201 165 148 120 97 80 70 0 254 255 255 254 215 85 85 84 81 84 100 110 92 72 56 330 265 251 245 243 221 221 274 12 7 326 214 135 117 116 117 111 73 336 316 313 346 103 120 124 121 118 123 134 145 130 110 136 261 258 182 169 200 238 261 271 257 211 152 115 95 82
262 251 203 181 206 237 253 248 195 126 110 106 105 103 102 98 82 42 360 347 358 23 35 352 269 239 190 177 178 157 123 99 90 107 251 257 255 245 196 113 101 92 84 84 90 84 63 46 36 18 304 252 246 243 229 232 244 229 100 91 138 137 125 117 110 86 352 319 307 299 126 124 122 121 120 123 131 137 132 119 115 154 214 218 197 201 240 266 280 283 241 178 162 132 95 84
250 238 218 210 237 248 243 225 186 145 119 96 79 70 61 47 25 355 334 328 353 77 75 69 258 243 189 189 214 156 112 105 103 118 233 244 235 220 186 128 108 94 87 83 72 42 20 19 31 47 60 242 247 244 235 236 238 221 194 142 119 118 112 107 100 15 320 315 315 138 135 134 130 125 123 126 134 134 130 107 102 130 220 241 245 268 288 295 315 343 83 144 167 162 101 81
216 218 224 237 261 248 220 199 190 174 142 86 52 46 45 43 23 340 302 187 153 155 120 129 230 246 260 315 325 29 76 86 85 82 230 233 226 221 198 133 104 88 83 77 47 8 11 38 76 91 102 237 254 247 236 234 239 236 226 182 73 75 87 92 84 309 294 302 83 120 127 133 132 126 123 126 127 121 136 131 105 70 312 300 302 304 307 316 356 45 93 128 169 192 134 77
136 183 216 230 243 242 189 186 200 206 198 137 43 48 56 53 23 351 99 141 147 146 118 133 220 248 280 314 336 39 65 68 61 54 54 220 225 228 218 167 120 92 84 72 17 344 71 103 128 103 98 257 259 246 235 236 246 254 265 288 36 65 78 82 71 289 271 230 133 124 126 131 129 121 115 115 114 113 127 140 148 319 324 329 331 317 310 326 58 92 110 121 163 242 254 73
94 124 247 250 250 256 90 131 216 235 230 193 170 136 75 46 22 36 97 115 131 136 111 123 221 251 268 286 314 60 69 64 54 55 59 54 249 244 235 212 166 109 87 68 353 182 118 107 110 94 78 300 265 247 239 242 252 254 252 252 139 92 85 81 69 281 255 193 140 129 127 127 121 111 102 105 112 109 114 128 194 269 296 335 351 326 303 162 145 144 143 127 356 300 319 96
