project/data/elevation/US_DEM2016/US_DEM2016_point_10-29-2019_1616_30m_ang.asc
ncols	125
nrows	167
xllcorner	-2042055.000000
yllcorner	1465035.000000
cellsize	30.000000
NODATA_value	-9999.000000
[rows 42 to 83 of 167, columns 0 to 93 of 125]
194 194 193 192 192 191 190 188 185 184 184 186 190 195 198 198 197 196 194 190 188 187 186 185 186 187 189 190 191 192 193 195 187 183 181 179 177 176 182 189 191 187 186 194 202 203 199 192 190 189 188 185 181 181 186 189 191 194 201 209 215 216 210 200 192 186 181 176 169 160 155 154 156 162 170 172 170 171 179 188 190 190 193 196 199 200 198 193 190 190 192 193 192 193
195 195 193 193 192 191 189 186 183 183 185 188 192 196 197 196 195 194 192 188 185 185 185 184 185 186 188 188 188 188 189 189 184 183 184 185 182 178 181 189 194 193 190 195 203 205 202 195 191 191 191 189 185 182 185 188 191 194 198 205 211 211 206 198 193 190 185 179 174 168 164 157 148 144 149 155 154 156 166 179 185 186 188 192 197 202 202 197 193 192 194 196 196 195
196 195 193 192 191 189 187 185 183 184 186 190 194 196 197 195 193 192 189 186 183 183 184 184 185 186 187 187 186 186 183 186 183 183 185 188 189 185 182 187 195 198 196 198 205 208 208 202 195 191 189 187 183 181 181 185 188 191 195 201 207 208 206 202 197 192 186 182 181 180 178 170 156 143 138 136 135 137 145 163 174 179 184 190 196 202 205 203 197 194 195 198 200 199
194 193 190 189 188 187 186 186 186 187 189 193 196 196 195 193 191 190 188 185 183 182 184 185 186 186 187 186 184 182 180 187 184 184 184 188 193 193 189 188 194 201 203 203 207 212 213 206 196 189 186 184 179 174 173 178 184 189 194 199 206 208 209 205 199 192 189 190 193 193 187 178 170 162 153 144 136 132 135 145 157 168 178 187 194 201 207 207 202 195 193 196 200 202
189 189 188 188 187 186 186 187 189 191 193 195 196 194 192 190 189 188 187 186 185 184 185 185 186 186 186 184 181 179 179 183 187 185 182 187 195 199 197 193 195 202 206 205 207 211 211 204 195 191 190 186 175 164 163 170 181 189 193 198 205 209 210 206 200 197 197 199 197 192 185 180 176 172 166 159 150 141 137 139 146 157 170 182 190 198 205 208 204 196 192 193 197 202
184 184 186 187 188 187 187 188 191 193 196 197 195 192 189 189 189 189 189 189 188 187 186 185 185 185 184 182 178 177 180 186 190 187 182 184 193 201 203 200 198 201 204 202 203 207 208 205 199 197 195 186 170 160 159 165 177 187 192 197 204 208 210 208 204 202 200 195 190 185 182 180 179 177 173 168 162 155 149 145 146 151 161 175 186 194 201 206 204 198 194 195 197 201
181 181 183 186 189 190 189 189 191 195 198 199 196 191 189 188 189 190 191 191 190 189 187 185 185 184 183 179 176 177 181 187 192 192 186 183 190 200 205 205 203 202 202 201 202 207 210 210 204 198 190 178 168 163 162 167 175 184 190 194 201 206 208 207 203 198 191 186 183 182 182 181 181 180 178 175 172 168 163 158 153 150 154 165 180 190 196 202 204 201 199 199 200 200
181 180 181 185 189 192 192 191 192 195 199 200 196 192 188 188 189 191 192 193 192 191 189 187 186 185 183 177 174 176 180 186 192 196 193 186 187 197 207 211 210 208 206 204 205 209 211 211 203 192 181 172 169 168 169 171 176 183 187 190 196 202 204 202 196 190 186 183 182 183 183 183 183 183 182 182 180 178 176 173 166 158 153 157 171 185 193 200 205 205 203 201 200 197
179 180 182 184 187 192 194 193 192 193 196 196 194 191 188 187 188 191 193 195 194 193 191 188 187 186 182 176 173 174 177 183 191 198 198 191 188 197 209 214 214 210 208 205 204 206 207 204 196 184 176 172 172 174 175 175 177 181 184 186 191 197 200 199 193 188 185 183 183 184 185 185 185 185 185 186 187 186 186 184 181 173 163 157 163 178 190 198 205 207 205 202 199 195
177 179 183 184 186 190 194 194 192 190 191 192 191 190 188 188 189 191 194 196 196 195 193 191 188 186 182 177 174 172 174 179 188 197 199 196 193 198 207 210 208 205 202 200 199 197 196 193 188 182 179 177 177 179 179 178 179 182 184 186 189 194 198 198 194 189 186 185 184 184 185 186 187 188 189 191 193 193 192 191 189 185 178 169 166 173 185 197 205 207 206 203 200 198
177 179 183 184 185 189 193 195 193 188 186 187 189 190 190 191 191 193 195 197 198 197 196 193 190 186 182 179 178 174 170 173 182 192 199 200 198 199 202 202 201 198 197 195 192 188 186 186 185 185 185 184 184 183 181 181 183 185 187 188 190 193 198 200 199 194 189 186 183 180 181 184 188 191 193 196 199 199 196 194 193 191 187 182 177 175 182 195 204 206 205 203 202 202
181 181 183 184 184 186 190 194 193 187 184 185 189 192 194 195 195 195 197 199 200 200 198 195 191 186 182 183 183 178 169 168 174 185 197 201 200 198 197 197 196 195 193 190 186 182 181 182 186 190 192 192 190 187 185 184 186 189 189 189 189 192 198 203 205 202 195 188 180 175 173 177 185 191 194 198 202 202 198 195 194 194 192 188 184 181 183 193 201 203 202 202 202 199
186 185 184 183 182 181 186 192 193 188 184 185 190 196 199 199 199 198 199 200 201 200 198 195 192 187 184 185 186 181 172 167 170 179 193 200 201 198 196 195 194 193 191 186 181 178 179 183 188 194 198 198 195 191 188 188 189 189 188 187 188 192 198 205 209 207 198 188 182 179 178 181 187 191 193 196 202 204 202 199 198 198 193 186 182 183 185 191 196 198 198 198 196 193
191 189 185 183 182 180 182 188 192 190 187 188 195 201 204 204 203 202 200 200 199 198 196 195 192 189 186 186 187 183 177 171 170 175 187 197 200 199 197 195 195 193 189 182 177 176 179 183 189 195 200 201 199 194 191 191 191 189 187 187 190 194 200 207 210 207 198 191 187 188 192 197 199 196 195 197 205 212 214 211 204 195 185 176 173 178 184 189 192 193 194 193 191 190
191 189 186 185 185 183 183 185 188 189 189 192 199 204 206 206 205 202 199 196 196 195 195 194 192 190 187 187 187 185 180 175 172 173 182 192 197 197 197 196 194 191 186 179 175 175 178 184 188 194 200 203 201 197 195 194 193 190 190 191 195 199 203 207 208 205 201 196 196 198 200 198 196 196 199 210 213 220 219 209 194 180 173 170 170 174 181 187 189 190 190 189 188 187
188 187 186 187 188 188 186 185 185 186 189 194 198 201 203 202 200 198 196 193 192 192 192 192 191 189 188 188 188 185 181 179 176 175 180 187 192 193 194 194 193 190 184 178 175 176 179 183 187 192 199 203 203 200 198 197 196 195 196 198 200 200 202 205 206 206 205 203 203 200 195 190 191 197 202 203 202 201 195 185 176 170 170 171 174 176 179 184 187 187 186 186 185 182
183 183 186 189 192 192 190 187 185 186 189 192 195 197 197 195 194 193 192 191 189 189 189 189 188 189 189 189 188 185 182 181 180 180 181 184 188 190 191 192 192 190 185 182 179 178 180 182 183 187 195 202 204 201 200 199 199 199 199 198 197 196 197 201 204 207 207 205 201 195 190 189 194 201 201 194 187 181 176 172 169 169 171 175 177 178 179 182 184 184 183 182 180 178
179 180 185 189 192 194 193 191 189 188 188 190 191 191 190 190 189 188 188 188 187 187 186 186 187 188 189 190 189 187 184 182 182 183 183 184 186 187 188 189 190 190 190 189 186 180 180 181 180 181 189 198 202 200 199 199 200 199 198 195 193 192 192 196 202 206 206 201 195 191 190 193 198 198 193 185 179 174 171 170 170 172 175 178 179 179 180 181 182 181 180 178 177 177
176 178 184 188 191 194 196 196 194 191 189 188 187 187 186 186 186 186 186 187 187 185 184 185 187 189 189 189 191 190 188 186 183 181 181 183 185 185 186 187 190 192 196 198 195 185 181 181 178 177 183 190 195 196 196 197 197 197 196 194 191 188 187 191 198 203 203 199 193 190 191 193 193 190 185 181 177 175 174 174 175 178 180 180 180 179 179 180 179 178 177 176 175 179
175 178 184 188 190 193 198 200 199 196 193 189 186 185 185 185 187 189 190 189 187 185 184 187 190 190 188 189 190 191 191 190 186 180 177 179 182 184 185 187 191 195 201 203 200 190 184 180 176 175 177 180 184 189 191 192 193 193 193 191 187 184 183 187 195 201 202 199 194 191 191 190 187 184 183 181 180 179 180 181 183 184 184 182 180 178 178 178 177 176 176 174 174 181
177 179 185 188 190 193 198 202 203 202 199 196 192 189 188 189 193 198 200 196 190 186 188 192 193 190 187 188 188 188 190 191 189 185 180 178 181 185 187 190 193 197 200 201 199 192 186 181 178 175 175 176 179 184 188 189 190 190 189 186 183 181 182 186 193 199 201 200 196 193 190 188 185 184 182 184 184 185 188 189 190 189 188 185 181 179 178 177 175 174 174 173 175 180
182 183 184 186 189 193 198 202 206 207 207 205 202 198 195 195 197 201 203 200 195 192 194 195 192 187 186 187 186 183 184 189 190 189 185 183 184 187 190 193 194 195 196 198 196 192 188 185 181 178 177 177 180 184 187 188 187 186 184 181 180 182 185 190 194 196 199 200 198 195 192 188 186 187 188 188 189 192 195 196 196 194 193 190 184 180 178 175 173 172 172 173 175 178
187 186 185 185 188 193 198 203 208 210 209 208 206 203 199 195 193 194 197 200 201 200 196 190 185 182 184 187 185 180 178 182 187 189 189 189 189 192 193 193 193 192 192 195 195 193 190 188 186 183 181 180 181 183 186 186 185 182 180 179 181 185 190 194 194 194 197 200 199 196 194 191 190 190 193 195 196 197 199 202 202 199 198 195 189 182 177 174 171 171 171 172 174 176
188 187 186 186 188 192 198 203 206 207 207 206 205 204 201 196 189 186 190 197 201 201 196 185 178 181 181 186 186 181 177 177 180 185 188 189 190 191 191 190 189 189 191 194 195 192 191 190 189 188 186 183 181 183 184 184 182 179 178 180 184 189 193 195 194 194 197 200 200 198 196 195 194 194 197 201 202 202 203 207 208 206 204 202 195 185 175 170 168 169 170 171 172 173
187 187 187 188 190 194 198 201 202 201 201 201 203 204 203 199 191 183 184 191 196 197 194 187 178 175 178 184 186 185 181 178 177 178 181 184 186 187 187 187 188 189 192 195 194 191 189 190 191 191 190 186 182 182 183 183 180 178 179 184 189 192 195 196 196 196 198 200 199 198 199 199 199 200 202 207 210 210 210 214 218 217 215 211 200 184 169 162 164 168 171 172 171 171
186 187 188 189 192 195 197 197 196 195 196 198 201 203 203 201 195 185 180 183 189 193 193 189 180 175 177 182 186 187 185 182 178 175 175 178 181 184 186 187 189 190 194 197 196 191 188 189 190 191 191 189 184 182 181 180 179 179 182 189 193 195 196 197 196 196 199 200 199 200 202 202 204 206 208 212 218 220 221 227 232 229 224 215 198 179 163 156 158 164 169 173 174 173
185 186 189 191 193 195 196 194 192 191 192 194 198 200 200 200 198 190 181 178 183 188 190 188 182 177 177 181 185 187 187 185 182 178 175 176 179 183 187 189 190 192 196 200 199 192 188 187 188 188 190 189 184 180 179 178 179 183 188 193 195 196 196 195 195 199 204 207 205 205 207 209 211 214 216 219 225 231 233 235 236 229 219 205 188 172 163 158 155 158 163 171 177 178
184 186 190 193 194 196 197 196 194 192 191 192 194 196 197 198 198 195 186 179 179 184 186 189 184 181 180 182 183 184 185 185 184 182 178 177 179 184 187 188 190 194 199 203 201 194 188 188 188 188 188 186 181 177 177 178 183 190 195 197 198 197 196 196 199 206 214 217 216 217 221 221 222 225 226 228 231 234 232 227 221 211 201 191 181 171 164 161 157 156 160 169 177 181
184 187 191 194 195 196 198 199 199 198 195 192 191 192 193 194 196 196 191 183 180 181 182 184 186 186 185 185 184 183 182 182 183 183 180 178 179 182 185 187 190 195 200 203 202 197 191 191 190 187 183 180 176 175 177 182 190 197 200 201 202 201 200 202 206 211 215 218 218 217 217 219 221 226 229 230 228 224 218 211 204 196 188 181 175 171 168 165 162 161 163 170 178 183
185 187 191 194 196 197 198 200 202 202 199 194 190 188 189 191 193 198 193 187 182 180 180 183 187 190 190 189 188 185 180 178 178 179 178 178 179 181 183 186 190 196 200 204 204 201 195 191 186 181 178 176 175 176 180 186 193 198 200 201 203 202 202 202 202 203 207 210 211 208 206 207 212 218 221 220 215 210 204 198 192 186 181 176 172 172 173 173 172 170 170 174 180 185
186 188 191 194 196 197 198 198 200 200 199 196 190 186 186 187 189 193 191 188 182 179 183 184 188 192 194 193 190 186 182 178 176 175 175 176 178 180 182 186 192 197 202 205 206 201 193 186 182 179 179 179 178 179 182 187 191 195 197 198 198 197 196 194 193 196 202 207 209 207 206 209 212 213 212 207 203 198 192 186 181 179 178 175 174 174 177 181 182 181 178 178 184 189
187 188 191 194 196 197 196 195 195 196 195 194 191 188 185 184 184 187 186 186 183 180 182 186 190 193 195 195 192 189 184 181 178 176 175 176 178 179 183 188 192 196 200 203 203 198 190 185 182 181 181 183 183 181 182 185 188 191 193 194 193 192 190 190 191 195 202 209 213 214 214 215 214 209 202 197 193 188 182 177 175 176 177 178 179 179 182 187 190 189 186 185 188 192
188 188 190 193 195 196 195 193 190 190 189 190 190 189 186 183 180 182 181 188 185 187 186 189 192 192 194 196 195 192 188 184 181 179 178 177 177 179 183 187 191 194 197 201 202 197 190 186 185 183 183 184 184 182 182 184 187 189 191 192 191 190 189 191 196 202 208 214 218 220 219 215 210 202 194 188 184 180 175 172 172 174 178 182 186 188 187 188 192 194 193 191 192 194
188 189 190 192 194 196 194 189 185 184 184 187 189 188 185 181 177 177 178 182 186 187 189 193 194 192 192 195 197 196 192 187 183 181 180 177 177 180 183 187 190 193 197 201 203 201 192 188 186 184 181 181 182 182 182 184 186 188 189 190 190 190 193 199 207 212 213 216 220 220 217 211 203 193 185 180 177 175 174 172 173 174 178 184 191 194 192 188 190 194 196 195 195 196
187 188 189 190 192 193 189 184 182 182 184 187 188 186 183 179 180 177 178 182 186 189 192 195 196 193 190 192 197 198 196 192 187 183 179 177 177 180 185 189 192 193 196 202 206 204 196 189 185 182 181 179 178 180 181 183 186 187 189 189 190 193 200 208 213 214 212 213 215 214 209 201 193 185 180 176 174 175 177 178 178 177 178 181 189 195 196 192 189 191 194 196 197 197
184 187 190 190 189 187 185 183 184 186 188 189 187 183 179 177 180 177 179 183 187 191 194 197 198 195 191 189 194 198 197 194 190 185 181 178 179 182 187 190 192 193 196 204 209 207 199 191 185 182 181 180 176 175 178 181 184 186 188 189 192 198 205 209 210 207 205 206 206 203 199 192 185 181 179 177 176 178 183 187 188 186 183 180 182 188 193 194 192 191 193 196 197 196
179 184 191 190 187 184 185 187 189 190 190 187 184 180 177 176 177 179 181 184 187 192 195 198 200 198 193 188 190 195 197 196 192 188 185 183 183 185 188 191 192 194 200 208 213 213 206 196 188 184 181 178 172 169 172 177 181 184 187 190 196 202 204 204 202 200 199 197 195 194 191 186 182 181 181 181 181 183 188 192 194 193 190 186 182 181 185 190 193 193 194 195 195 195
175 182 191 191 187 185 187 189 190 189 187 183 180 177 176 177 179 181 183 186 189 193 196 200 202 202 197 188 187 192 195 196 195 192 189 187 188 189 191 193 197 200 204 211 216 218 212 199 187 181 176 172 168 164 167 173 180 185 189 195 201 203 201 198 195 193 190 189 189 188 187 185 182 182 184 187 188 188 190 193 196 197 196 193 188 183 181 184 190 194 195 194 193 192
175 181 189 190 188 186 187 187 187 186 183 179 177 176 177 179 181 183 185 187 191 195 198 201 205 207 203 191 185 188 191 193 195 195 192 191 191 192 194 196 199 201 203 207 213 214 210 196 182 175 171 169 167 166 167 173 181 188 194 199 201 200 196 192 188 185 184 185 187 188 187 186 184 184 187 191 192 192 191 191 194 198 200 199 194 188 184 183 186 191 193 191 190 189
179 181 184 186 186 186 185 184 184 182 179 176 176 176 179 182 185 186 187 190 193 197 200 203 207 210 209 199 186 186 188 187 189 193 194 192 191 192 193 195 196 196 197 201 206 208 205 194 182 174 171 169 168 167 168 174 181 188 192 195 195 194 190 186 182 180 181 185 189 189 188 188 185 184 187 192 194 194 193 190 190 195 201 202 200 195 188 184 184 187 189 188 187 185
182 181 181 183 185 185 183 182 181 179 176 175 176 179 182 185 188 189 189 192 195 198 202 205 208 212 214 208 195 189 186 179 176 183 190 190 189 190 191 191 191 192 193 197 202 205 203 196 186 177 172 169 167 166 168 173 179 184 188 191 191 189 186 182 179 179 183 188 190 190 190 190 187 184 185 190 194 195 195 193 189 190 198 204 204 200 194 186 183 184 185 185 183 181
182 181 180 182 184 183 182 180 178 176 175 175 178 182 184 187 190 192 192 194 197 201 204 206 209 212 213 210 200 191 184 177 171 172 179 184 187 188 188 187 188 190 193 196 200 203 203 198 190 181 174 170 168 167 168 171 176 181 185 188 188 186 184 181 179 180 184 188 189 191 193 194 191 185 183 187 192 195 196 196 193 188 192 202 206 204 198 191 184 182 184 183 181 179
