project/data/elevation/US_DEM2016/US_DEM2016_point_10-29-2019_2221_30m_ang.asc
ncols	125
nrows	167
xllcorner	-2042055.000000
yllcorner	1465035.000000
cellsize	30.000000
NODATA_value	-9999.000000
[rows 90 to 134 of 167, columns 0 to 95 of 125]
80 67 308 293 298 298 284 200 135 123 122 129 135 135 29 257 241 218 222 234 244 240 205 183 189 201 199 173 146 131 123 135 190 182 121 91 71 298 284 285 287 290 291 291 294 311 28 58 56 41 24 10 10 24 46 60 47 289 269 258 248 240 241 240 188 97 81 56 277 254 240 214 162 145 173 218 205 161 130 123 87 75 69 58 51 46 37 21 26 51 63 309 290 289 288 274
84 74 295 286 287 279 236 151 130 121 116 115 107 68 347 291 219 188 207 214 209 198 182 185 235 288 326 86 107 112 107 102 188 195 148 109 86 288 280 282 283 284 287 290 295 313 17 49 49 38 29 25 32 49 64 72 66 279 259 245 237 238 247 250 207 95 80 60 284 257 243 217 153 106 39 246 217 179 159 179 179 146 125 123 115 100 80 52 58 70 68 302 269 261 246 207
87 75 292 284 271 230 181 146 130 121 110 85 26 0 352 352 9 18 351 282 198 180 189 270 295 312 348 27 40 40 37 32 31 88 143 122 101 289 285 287 287 288 290 287 285 294 11 55 58 53 51 55 70 86 87 84 83 255 251 244 242 249 261 268 271 78 72 63 301 261 256 238 140 80 66 239 221 187 165 184 196 172 146 144 147 149 158 150 117 95 82 295 251 244 227 201
92 99 255 250 214 182 167 151 135 124 101 14 345 342 345 353 2 4 0 360 360 360 343 317 304 305 337 27 42 45 45 47 56 74 106 114 294 291 293 293 293 291 285 275 265 262 280 75 75 77 80 81 81 80 76 75 73 348 264 264 274 280 280 283 312 64 70 72 45 267 264 261 106 79 78 136 211 190 175 193 208 192 156 136 147 170 185 177 150 112 93 96 257 257 260 292
92 106 200 205 183 165 162 159 138 113 19 330 329 331 334 342 351 357 358 357 356 348 326 311 303 298 315 80 90 91 92 94 96 97 98 95 290 289 291 290 286 278 265 251 245 243 217 109 94 95 96 90 80 72 70 71 68 31 287 283 290 293 289 289 318 62 77 76 45 284 271 266 116 82 74 71 187 199 195 211 219 207 173 146 152 180 191 186 168 125 99 77 282 278 282 288
87 90 129 184 176 151 139 147 98 29 341 323 325 327 328 330 338 351 2 10 23 267 264 277 288 293 94 122 129 128 125 120 113 104 94 81 288 283 283 277 267 252 235 228 233 236 212 142 116 113 111 107 103 98 91 84 78 48 288 278 279 281 282 285 316 62 78 72 33 300 274 259 205 79 62 47 24 346 325 309 265 228 197 154 70 352 259 185 174 136 110 51 290 285 280 275
88 89 91 104 301 22 27 10 358 356 345 330 324 325 326 324 326 356 81 118 133 163 240 263 275 289 55 85 89 84 68 64 71 77 80 64 285 276 272 261 243 223 216 224 235 236 210 150 128 130 134 135 134 128 117 105 97 71 283 274 270 269 269 269 273 80 81 73 38 297 265 245 227 49 42 35 23 3 355 357 356 334 323 345 2 13 32 56 155 116 87 293 288 289 287 284
93 97 108 28 300 333 351 352 348 352 353 340 325 321 321 314 235 145 136 136 134 136 276 274 275 291 34 56 49 39 36 46 56 63 70 54 289 271 261 242 219 207 217 241 255 254 221 133 110 119 140 151 151 146 134 118 109 307 288 281 275 270 263 252 222 124 94 81 63 276 251 241 251 312 22 31 24 6 1 9 14 2 346 354 18 39 58 61 30 48 55 307 282 283 284 281
92 95 103 25 274 298 324 336 338 345 349 346 329 312 296 167 154 146 139 137 123 334 309 293 287 291 73 85 79 71 68 69 69 71 73 55 292 265 246 224 210 223 261 276 281 285 299 73 72 70 77 104 137 127 117 105 92 299 292 290 283 276 268 254 220 138 96 79 66 340 253 249 259 275 346 24 18 5 6 16 21 10 358 18 54 74 76 62 15 35 38 316 268 262 260 257
89 88 83 282 267 275 293 308 313 314 320 332 328 246 166 149 146 140 135 138 308 312 309 301 292 270 131 131 138 139 134 111 89 80 78 70 271 251 235 227 247 284 295 293 289 292 325 62 67 56 44 35 25 38 63 75 54 303 290 291 288 284 282 281 283 60 66 60 51 35 279 255 255 256 272 350 3 5 17 31 36 31 36 68 91 93 86 71 15 61 60 104 256 251 248 247
86 82 77 305 261 258 254 245 236 238 249 243 171 155 151 146 140 130 113 317 300 293 293 290 275 173 130 134 148 160 167 151 115 92 81 80 203 247 252 276 294 294 291 286 281 280 294 92 89 75 61 50 44 52 68 76 58 292 283 284 287 288 288 295 319 15 46 51 53 56 24 263 254 248 250 275 325 16 55 67 69 77 96 109 109 94 82 73 81 108 77 102 272 270 270 271
82 78 78 96 252 248 233 217 212 223 229 203 160 144 142 143 136 82 4 330 312 293 284 279 254 135 119 122 140 166 181 174 145 114 94 84 60 276 280 290 290 280 271 268 267 261 188 116 119 127 120 101 84 79 84 86 82 275 274 275 280 283 284 287 307 7 48 63 70 74 59 272 255 247 247 248 224 154 137 122 105 97 97 93 66 55 56 60 88 118 114 303 296 299 299 294
76 70 67 66 70 240 229 220 227 243 226 180 151 138 133 135 179 330 334 331 327 315 301 298 329 90 94 97 106 148 188 187 165 133 106 86 48 285 277 271 261 252 249 253 256 249 172 118 123 142 155 156 135 106 90 87 87 269 269 270 272 273 269 265 269 331 65 79 83 80 70 271 255 248 246 239 198 152 156 159 141 104 69 38 24 33 45 59 78 101 116 285 293 300 302 297
66 62 59 55 22 110 234 238 245 233 194 162 144 131 123 124 278 288 297 305 311 308 300 303 353 59 69 64 43 20 6 359 48 87 77 70 47 278 261 247 236 236 242 250 254 247 167 108 106 120 144 168 167 133 104 92 87 272 268 267 266 261 252 244 243 236 85 78 74 71 68 286 257 251 248 239 196 136 143 170 173 158 124 82 60 62 66 73 81 88 79 282 284 288 291 290
77 76 73 67 56 292 263 261 244 195 165 154 142 112 84 32 274 248 241 244 250 255 260 267 303 68 65 49 28 19 17 18 25 36 45 56 50 282 254 244 243 246 252 257 257 247 176 99 86 83 90 133 178 156 114 87 64 288 272 267 261 251 241 239 242 237 108 69 62 61 59 25 272 256 249 239 209 116 99 135 179 186 183 174 153 131 112 97 90 84 347 293 289 290 291 284
108 112 108 100 98 194 252 241 202 166 141 128 113 47 26 12 3 234 218 220 221 225 238 240 202 127 79 43 29 31 33 34 39 47 53 61 65 1 255 255 262 269 267 263 255 241 194 102 82 78 76 64 20 7 40 53 39 314 273 264 255 244 242 251 255 248 223 67 60 59 54 37 309 262 245 239 229 123 76 72 102 203 212 202 183 165 148 121 98 74 330 304 300 299 296 278
109 117 122 119 115 179 298 228 179 145 72 31 1 354 357 7 17 16 348 280 251 254 262 241 180 167 144 67 68 70 67 63 65 67 67 69 73 67 269 264 268 277 277 264 247 233 204 133 100 88 72 35 10 11 26 41 46 11 266 254 245 244 253 260 257 244 225 123 69 64 58 49 22 249 237 240 241 212 74 58 32 2 340 325 161 155 157 135 104 66 309 294 287 276 259 223
98 104 112 116 90 334 320 334 1 358 354 352 347 342 348 4 13 6 357 345 331 314 297 246 148 190 211 153 135 131 123 113 103 90 80 75 72 57 295 274 271 270 265 250 234 222 200 165 128 93 41 12 12 27 43 53 59 56 260 245 243 250 257 255 245 228 218 208 101 77 69 66 76 189 238 249 251 243 77 54 25 11 15 25 42 71 110 125 111 121 264 262 250 228 206 191
89 90 94 93 326 317 326 340 348 345 339 337 334 335 350 16 8 343 337 330 319 310 298 142 132 199 218 151 128 141 146 141 134 119 102 89 80 59 307 280 268 254 242 233 228 209 188 177 164 77 358 3 22 43 56 57 56 58 46 253 249 250 251 247 234 215 217 223 163 97 86 82 82 88 260 260 257 247 158 58 38 36 55 65 67 72 77 95 109 144 235 239 229 211 202 204
84 82 80 64 302 296 306 320 328 329 327 320 309 298 103 114 158 236 250 259 260 251 205 132 122 222 237 132 85 79 106 121 127 121 109 100 91 70 300 277 264 252 248 256 260 201 159 182 220 268 314 355 35 52 53 49 49 52 46 297 255 249 248 244 228 209 225 235 188 115 101 91 84 70 277 267 259 248 237 64 69 93 107 99 89 82 76 82 93 117 225 237 232 224 232 250
86 84 81 59 293 286 291 298 303 302 291 254 215 189 157 139 158 201 213 217 219 212 186 143 122 256 248 146 99 80 64 47 42 56 73 84 85 71 293 279 279 286 293 296 303 11 72 80 255 257 266 301 53 61 57 52 52 52 51 32 263 251 249 243 224 215 244 246 184 126 111 97 88 77 278 266 259 253 254 356 72 78 85 88 83 76 69 70 74 85 196 236 237 235 243 255
93 92 89 76 282 281 286 290 277 240 200 183 181 176 159 144 154 194 213 214 210 203 180 157 168 259 255 146 127 122 103 83 71 72 74 77 77 62 298 286 294 300 300 298 303 22 72 68 265 253 248 234 121 91 80 72 67 62 61 58 282 254 247 239 232 255 271 256 161 126 113 101 94 85 272 263 255 252 252 241 82 79 81 85 85 78 71 70 69 74 106 236 242 240 243 253
95 95 94 98 267 270 272 260 215 186 174 170 172 170 157 145 152 202 236 238 232 198 154 151 239 266 275 73 86 110 137 149 147 126 107 93 82 62 300 286 291 292 292 288 281 105 94 86 265 254 246 225 158 125 117 107 93 81 72 68 44 258 250 245 258 280 284 280 106 104 106 106 101 99 260 260 254 252 249 233 111 98 102 115 120 112 99 86 77 74 71 278 267 264 266 268
89 87 86 92 256 257 249 211 173 168 168 165 163 159 147 130 85 312 306 314 327 32 91 68 282 265 252 90 68 66 75 101 146 139 124 109 95 77 290 282 284 285 285 279 239 135 110 97 265 261 254 233 151 123 128 131 122 108 91 81 66 276 266 267 278 282 282 290 88 90 98 103 101 103 257 260 257 257 257 245 122 107 113 127 143 146 134 109 89 80 61 321 297 297 296 290
79 76 73 72 253 249 232 186 154 154 164 168 149 117 63 9 345 328 320 320 330 50 78 60 268 246 220 185 124 82 61 48 47 65 78 86 86 65 291 284 283 284 283 279 163 121 113 107 266 271 269 270 73 78 85 106 121 119 110 98 83 282 276 278 280 278 270 225 106 98 97 95 92 91 266 263 261 265 267 264 103 98 103 115 130 138 134 114 97 89 56 314 302 302 300 295
73 69 67 67 99 237 221 183 144 123 119 51 9 11 356 348 342 323 301 289 268 96 87 88 235 221 206 195 173 144 117 77 53 49 48 51 53 23 305 287 282 278 275 276 79 91 97 100 276 275 274 278 34 59 55 47 51 70 89 94 95 269 270 270 269 265 251 193 117 104 101 97 92 86 273 268 268 269 271 280 50 75 75 58 29 34 50 82 98 94 43 291 285 282 281 284
77 75 74 74 88 206 215 201 179 6 357 347 343 344 344 344 348 314 242 217 193 135 87 75 196 210 206 204 184 159 162 174 98 67 56 51 51 31 307 278 271 268 265 263 68 74 77 66 287 271 261 245 191 77 58 48 42 46 57 67 64 271 262 259 255 247 233 197 123 102 101 102 99 96 272 273 274 273 273 288 11 51 49 33 27 39 54 75 96 101 205 264 259 258 263 268
96 92 88 84 88 132 224 242 275 310 326 329 325 326 335 355 55 109 183 200 203 180 66 54 58 204 231 231 195 135 147 199 181 120 82 71 74 74 281 268 264 264 260 246 171 91 75 56 297 261 244 222 202 164 86 66 59 57 57 57 54 317 258 252 244 234 226 214 133 95 89 91 95 96 274 276 277 275 275 286 351 48 47 43 52 63 71 81 94 110 207 253 252 253 256 259
106 103 97 90 86 84 277 277 280 281 286 295 296 287 256 129 122 123 137 188 234 248 13 55 58 42 286 263 260 49 57 127 196 177 122 96 92 92 272 272 271 269 256 221 179 138 88 61 356 254 235 218 214 210 146 96 89 85 76 67 63 53 258 249 241 237 240 237 154 85 75 76 80 71 282 275 274 271 271 276 313 76 80 85 89 88 84 84 87 99 203 243 249 254 256 256
98 98 95 90 85 65 302 290 286 277 271 269 256 222 175 142 132 135 143 178 233 246 243 82 74 65 300 265 275 3 43 52 55 202 155 113 96 84 289 279 277 272 245 187 171 173 96 59 44 267 237 228 230 230 187 112 103 105 100 89 83 81 264 260 260 272 279 278 332 75 75 75 75 63 285 270 265 262 265 263 223 108 110 116 113 104 94 85 78 78 134 231 245 255 259 259
84 84 86 87 84 51 300 293 294 287 271 249 222 198 167 142 134 130 132 214 269 267 257 112 87 82 83 260 260 279 55 57 48 57 152 120 99 81 286 278 274 265 219 150 169 232 271 54 57 48 248 238 232 226 199 133 102 98 105 105 100 94 287 283 291 298 300 304 1 81 88 86 81 69 289 270 264 263 263 255 202 116 107 106 104 102 98 89 77 68 63 256 255 259 260 258
75 79 84 87 85 51 283 283 293 298 270 222 206 194 168 145 131 114 54 323 309 296 277 110 89 80 49 272 249 227 139 77 59 51 64 92 89 58 288 276 269 256 176 125 183 258 264 52 65 63 256 232 218 210 200 169 118 94 94 99 98 86 292 289 291 291 288 291 52 91 95 93 86 73 297 277 275 273 263 245 196 125 105 92 84 83 87 88 80 64 48 6 279 264 258 250
83 87 90 90 87 83 262 263 273 282 235 179 193 185 172 164 134 66 335 313 298 281 262 106 80 70 59 256 238 224 196 110 80 65 54 58 66 45 281 269 259 226 159 133 226 266 265 13 66 65 76 205 203 200 202 195 158 108 94 91 87 54 288 281 276 269 263 254 126 99 94 92 88 78 289 276 272 265 253 237 200 135 108 100 97 93 89 86 79 60 47 31 304 267 254 242
86 87 88 87 82 76 252 248 246 235 173 128 155 163 173 205 245 9 272 244 231 236 245 58 67 66 73 137 232 232 216 157 107 78 65 64 69 74 341 253 235 190 157 152 261 274 272 300 58 61 61 88 186 200 211 216 196 128 102 91 82 25 290 282 278 271 261 240 147 113 102 96 93 91 267 265 258 251 250 248 225 126 100 104 111 113 107 97 80 56 52 50 338 266 252 241
63 69 73 74 73 68 234 236 229 220 206 126 112 126 189 256 241 150 172 199 214 239 259 295 66 68 65 57 275 244 224 186 117 86 88 93 93 93 220 238 215 173 151 319 310 297 291 319 35 52 50 44 40 345 246 246 228 132 99 88 74 5 296 290 290 283 263 225 145 121 115 107 102 105 255 259 252 250 259 264 263 87 84 86 89 95 101 91 64 46 53 60 36 272 264 264
41 64 72 75 77 80 111 209 220 224 29 175 106 103 222 234 196 154 147 231 258 266 264 243 102 82 67 57 22 266 250 243 90 90 99 104 102 99 150 229 228 256 330 323 319 314 310 328 18 45 50 46 39 28 330 270 245 140 91 82 70 353 291 280 268 243 227 209 144 118 116 112 108 112 263 263 254 252 256 261 279 5 49 59 63 67 61 40 33 42 63 76 76 273 275 285
122 103 97 94 92 92 101 152 218 237 237 193 120 109 182 208 186 150 1 318 303 289 265 199 144 126 102 85 68 279 263 259 91 87 86 83 79 79 80 270 280 302 310 306 305 307 309 324 15 47 53 51 46 42 24 283 245 195 90 85 88 279 267 253 225 208 217 212 149 117 112 107 104 105 282 282 278 266 256 259 281 342 36 59 70 66 37 27 39 61 84 97 115 248 264 273
128 126 120 111 98 86 85 102 212 240 26 194 140 101 55 296 322 342 335 321 311 302 277 158 145 147 135 116 112 253 258 252 230 73 68 62 56 58 44 312 287 283 277 276 281 287 293 307 15 49 50 47 47 51 50 20 247 227 114 96 105 196 242 232 216 224 240 220 151 123 113 104 98 345 292 298 308 312 299 281 282 319 56 78 84 49 16 35 61 84 98 107 129 226 248 254
103 107 106 88 64 59 69 87 157 29 223 205 188 14 356 341 336 338 328 307 292 280 228 117 119 130 130 124 139 236 253 252 248 65 64 62 60 62 56 316 261 250 254 267 275 277 275 274 347 48 52 53 53 54 53 46 293 225 156 109 106 186 242 245 257 272 263 199 148 134 125 115 103 308 297 296 300 310 319 308 296 316 81 92 78 355 12 49 69 81 89 93 104 223 248 250
69 62 46 28 32 48 65 78 95 30 235 246 283 321 338 333 327 331 310 249 232 221 190 119 94 89 94 96 102 262 263 259 257 63 72 74 77 78 78 101 244 254 268 277 278 270 254 236 221 106 76 70 64 60 54 48 40 226 162 116 100 184 268 275 285 284 247 158 142 140 136 129 100 305 304 300 287 283 294 302 310 350 56 63 20 354 27 61 69 69 70 67 60 347 264 256
15 24 23 24 40 57 66 67 59 345 264 269 280 291 304 296 278 226 151 180 204 212 207 147 82 72 68 59 30 315 286 279 280 343 72 77 80 81 83 82 277 281 287 285 273 250 221 207 207 189 117 77 65 63 58 53 48 46 82 100 90 338 285 284 281 259 178 144 137 136 134 123 313 306 304 308 304 285 275 282 300 351 36 35 19 26 63 81 79 72 65 57 47 25 283 257
308 352 30 50 66 70 64 55 46 24 304 270 260 253 242 235 214 171 143 145 211 243 244 230 76 73 66 53 27 332 299 291 296 344 57 65 67 70 74 55 300 288 285 276 255 212 189 195 213 217 169 62 62 66 62 59 56 54 62 77 81 318 287 281 265 206 155 141 134 125 70 326 318 309 298 298 308 311 301 290 291 334 44 54 63 90 107 107 100 86 69 55 46 43 356 260
286 318 46 72 81 76 63 47 38 28 352 270 240 227 224 225 189 156 143 123 307 293 286 297 67 79 82 81 66 303 283 279 279 317 49 55 56 60 64 44 297 274 264 253 217 178 176 206 244 260 289 38 64 68 63 61 65 68 74 81 78 303 282 274 255 163 132 132 134 100 325 320 318 313 302 291 294 306 312 307 297 243 122 118 117 122 128 128 118 94 65 54 53 55 51 265
280 305 38 62 73 78 70 42 32 34 30 340 224 221 227 223 174 146 159 315 315 307 303 322 56 78 87 97 115 251 263 258 245 235 37 47 52 55 57 48 305 260 253 236 184 165 189 247 269 277 295 24 63 67 62 64 73 82 87 88 87 263 261 257 247 123 107 109 100 312 315 319 320 315 309 301 296 297 302 309 316 134 139 142 139 133 135 140 117 55 51 61 70 76 79 231
269 273 67 74 76 83 85 32 31 49 51 38 5 244 235 218 182 161 295 300 300 296 299 330 52 75 85 93 110 252 258 249 235 233 244 48 60 59 55 52 23 266 252 220 162 165 249 274 275 275 281 37 72 70 65 70 78 85 87 82 82 327 245 248 240 122 98 76 338 315 315 322 330 328 315 306 300 297 297 301 62 105 117 131 138 136 134 71 352 22 50 70 80 86 90 134
