project/data/elevation/US_DEM2016/US_DEM2016_point_10-28-2019_1957_30m_ang.asc
ncols	125
nrows	167
xllcorner	-2042055.000000
yllcorner	1465035.000000
cellsize	30.000000
NODATA_value	-9999.000000
[rows 42 to 83 of 167, columns 0 to 94 of 125]
315 319 327 333 336 337 339 341 341 341 344 351 1 0 350 343 342 344 348 347 342 338 337 337 336 336 335 335 335 336 337 337 336 336 336 334 332 331 331 334 339 341 340 334 331 334 339 341 343 345 348 352 352 349 343 337 333 330 329 324 322 325 328 328 329 330 330 329 329 329 325 316 306 302 305 315 321 317 315 324 338 340 336 335 335 336 339 343 345 347 349 352 357 4 12
317 320 328 333 336 337 339 340 341 343 347 356 4 27 345 343 342 343 346 345 341 338 338 339 338 338 338 336 335 335 333 332 332 335 336 336 333 330 329 331 337 343 344 336 328 329 333 337 337 337 341 349 355 352 343 337 336 336 334 331 328 330 332 332 333 334 332 331 332 333 330 321 308 298 296 303 309 308 309 319 334 336 332 330 330 331 336 342 345 347 351 356 2 9 15
317 321 328 333 336 338 340 342 344 347 352 2 6 23 343 341 341 342 343 342 338 336 337 338 338 337 337 336 334 333 330 328 328 332 336 336 336 335 332 331 334 343 348 340 328 324 327 332 333 331 332 338 348 348 339 335 336 337 337 334 331 331 333 334 335 335 333 334 335 333 328 322 315 308 304 305 306 306 306 313 324 329 327 327 327 328 333 340 342 342 347 355 5 15 17
319 322 329 334 336 338 341 344 347 351 358 6 5 352 343 341 341 341 342 340 337 334 335 337 337 336 336 335 333 330 327 325 326 330 333 334 336 339 338 335 334 342 349 341 327 321 323 331 336 337 337 338 341 341 335 332 334 336 337 335 331 331 333 336 336 335 335 336 335 331 326 322 321 318 315 313 312 312 300 314 319 322 323 325 325 326 331 339 343 342 343 350 5 17 13
317 322 329 334 336 338 340 343 348 355 3 9 1 347 341 341 341 341 341 341 338 335 335 335 336 335 335 333 330 327 324 322 323 328 331 331 333 338 343 343 342 344 345 338 329 323 325 331 337 339 339 337 336 336 334 332 333 336 338 336 332 330 333 336 336 336 336 336 334 331 328 326 325 323 322 319 318 319 319 320 308 323 322 323 324 326 330 338 345 348 350 356 8 12 6
315 319 327 332 335 338 340 343 348 357 8 10 20 345 337 337 339 340 341 342 340 337 336 335 334 333 333 330 326 323 322 321 321 325 330 331 330 334 343 352 355 348 340 336 331 327 326 330 336 336 333 330 330 333 337 337 336 338 340 338 334 331 332 335 336 336 336 335 334 332 332 332 330 328 326 324 323 324 324 326 329 328 324 322 323 326 330 336 344 351 356 6 12 7 1
314 317 324 330 334 338 341 343 348 358 10 7 350 345 334 334 334 337 340 342 341 339 336 334 333 331 329 326 322 321 324 324 323 325 331 332 330 331 341 356 3 350 336 332 329 325 325 329 335 334 329 326 329 335 342 344 341 339 341 340 336 333 333 336 338 338 337 337 337 337 337 338 337 335 333 332 331 331 331 331 333 331 325 321 322 325 329 333 341 351 2 14 14 2 357
315 318 325 329 333 338 343 346 350 360 8 1 347 343 339 336 334 335 339 342 342 339 336 334 332 330 326 322 319 321 326 327 325 328 335 336 333 331 340 1 5 349 334 328 325 322 324 330 336 332 328 328 332 340 348 350 345 340 340 340 337 336 336 337 339 339 340 341 342 342 342 342 342 342 340 339 339 339 340 339 337 334 328 323 320 323 326 329 337 352 9 18 10 355 350
314 318 327 331 333 338 344 349 353 1 3 354 345 343 343 339 336 336 339 343 343 341 337 334 332 329 325 319 317 320 326 325 324 329 337 342 342 342 348 1 359 347 337 332 328 324 326 331 335 332 330 332 337 345 353 355 349 341 339 338 335 334 335 336 337 339 340 342 344 344 344 344 344 344 343 343 344 346 347 348 345 340 334 328 323 321 323 327 336 355 14 17 3 349 343
312 317 327 333 335 337 342 349 355 1 357 348 344 345 345 341 338 337 339 342 343 341 339 335 332 328 323 318 316 319 324 322 322 327 336 345 352 356 355 354 351 346 342 339 335 331 330 333 336 335 335 338 343 350 357 358 350 341 337 336 333 330 329 330 333 335 337 338 339 339 340 341 341 342 342 342 344 347 350 351 350 347 344 338 331 327 322 324 337 1 13 11 359 348 341
312 315 324 331 335 337 339 346 356 358 349 341 342 346 347 344 339 336 338 341 342 340 339 336 331 326 321 316 315 318 322 320 320 324 332 345 360 0 353 348 347 344 342 340 337 333 332 334 337 339 341 344 348 353 0 1 352 343 338 336 333 328 324 324 326 329 328 327 325 325 326 329 331 332 334 335 337 341 344 346 347 347 347 339 343 308 327 323 338 360 6 3 359 353 346
313 315 322 328 333 336 336 343 356 358 15 344 338 346 350 348 341 335 336 339 340 338 337 335 331 326 320 316 315 319 323 322 321 322 328 346 3 357 347 343 342 340 339 337 334 331 330 333 337 341 345 349 352 357 3 4 355 345 341 337 334 330 324 322 322 324 324 322 321 321 319 318 318 320 322 324 325 330 336 335 334 333 337 341 344 316 336 329 338 350 354 358 358 353 348
316 318 323 328 332 334 334 340 354 359 343 350 334 348 353 350 343 337 335 337 337 336 336 334 331 326 321 317 318 322 327 328 325 322 326 347 1 352 342 339 337 336 335 332 328 327 328 332 337 341 345 351 356 0 7 7 357 346 340 337 334 331 326 322 321 324 326 327 328 327 323 315 308 306 308 309 309 313 319 319 314 310 313 322 333 342 343 341 340 342 347 353 353 348 346
319 321 327 331 335 337 335 337 349 357 343 358 334 354 357 6 344 340 337 335 335 336 335 334 331 327 323 320 320 324 330 333 330 326 329 346 356 348 341 338 335 332 330 326 324 323 326 332 338 340 343 351 358 4 11 10 357 344 338 335 333 331 326 321 321 324 328 331 331 330 325 319 312 307 305 302 298 297 298 302 287 308 313 323 294 339 345 344 339 339 344 349 347 344 342
321 324 330 336 340 343 342 341 348 354 343 16 14 355 355 349 345 343 339 336 335 335 335 334 332 330 326 322 321 325 331 335 336 336 339 346 348 346 343 340 336 332 327 322 321 321 326 332 338 340 341 349 360 8 15 10 354 342 337 335 333 331 326 321 321 324 329 332 332 329 327 326 326 325 320 302 288 283 303 307 313 316 322 331 311 345 347 344 338 338 343 345 342 340 337
320 324 332 339 345 349 349 349 353 355 19 341 345 351 352 349 347 345 342 339 336 335 336 335 334 332 329 325 324 328 334 339 342 346 349 347 344 344 344 342 338 332 325 320 319 322 327 332 336 337 337 346 2 14 18 8 352 343 339 337 336 334 329 323 321 324 329 332 330 330 330 332 334 334 331 324 319 319 318 318 320 323 328 326 345 350 350 344 337 337 341 343 340 336 333
316 321 331 340 347 351 353 354 359 358 347 342 345 347 348 348 347 345 343 342 339 336 335 335 334 333 332 327 327 331 337 341 346 352 354 347 342 341 342 341 338 332 324 320 319 322 327 331 333 331 330 341 3 19 18 3 351 347 343 341 340 338 334 328 325 326 330 332 331 331 333 337 339 337 332 327 325 324 323 323 325 329 333 341 349 353 352 344 336 335 339 340 336 331 330
313 317 329 338 345 350 354 359 5 2 22 339 340 348 343 343 342 342 341 341 339 336 333 332 332 333 331 328 328 333 337 340 345 353 355 347 340 339 339 338 336 330 323 319 318 321 324 327 328 325 323 333 1 18 11 357 351 348 345 343 341 338 334 331 330 332 335 334 333 334 337 341 342 338 332 329 328 328 328 328 330 334 338 344 351 354 353 345 335 333 336 337 333 328 330
312 316 328 337 341 346 352 2 11 7 348 334 334 335 336 336 335 335 335 335 334 331 329 329 330 330 327 325 327 335 340 341 344 351 352 346 340 338 337 336 333 328 322 318 318 321 322 323 324 325 324 331 353 7 359 351 349 348 345 342 339 336 333 331 334 338 340 337 336 338 342 344 343 338 335 333 333 333 333 333 335 339 342 346 323 355 353 343 334 331 333 333 330 329 337
311 315 328 337 341 343 348 2 16 12 349 331 328 328 328 327 326 326 325 324 323 322 321 322 325 323 319 319 324 335 343 347 349 351 351 346 340 337 336 335 332 327 320 318 320 326 328 328 329 332 336 341 353 359 351 346 346 345 344 342 339 334 331 331 334 339 340 339 340 343 346 347 343 340 339 338 338 338 339 340 341 343 346 349 354 357 355 341 330 328 329 329 328 333 345
311 315 327 337 343 346 349 3 18 13 350 332 325 322 319 317 317 318 316 313 311 310 310 313 317 316 314 314 320 331 340 346 351 354 355 348 339 335 335 334 333 328 322 321 326 333 336 336 336 339 343 349 358 359 349 342 343 342 339 338 336 333 331 331 334 336 336 337 342 347 348 347 344 342 341 340 341 342 344 344 345 347 350 333 356 360 357 341 328 326 326 326 328 337 342
314 317 328 337 345 350 355 8 16 6 351 341 334 328 323 315 340 320 322 320 315 309 307 310 314 314 312 313 318 327 334 340 347 355 359 355 343 335 335 335 333 328 323 324 329 337 341 341 341 343 347 354 2 2 350 341 341 338 334 331 331 331 331 333 334 331 329 333 341 347 347 345 343 342 341 341 341 343 344 346 347 349 352 355 323 314 356 340 328 324 324 324 329 337 336
318 322 332 341 348 354 3 13 8 357 352 348 344 340 337 330 331 326 327 328 326 322 318 316 315 314 312 313 319 327 331 332 339 352 1 358 347 339 338 337 334 329 323 323 329 337 341 343 344 347 351 356 3 2 350 341 339 335 330 327 328 329 331 335 333 328 324 327 337 343 343 342 340 338 338 338 340 341 341 343 346 348 351 355 0 310 351 338 328 323 322 323 329 334 330
320 325 335 344 351 358 9 12 2 354 353 350 348 347 345 340 335 329 327 329 331 330 328 324 320 316 314 316 322 330 333 332 335 346 356 354 347 343 341 339 335 328 323 322 327 335 338 341 345 351 354 357 3 1 348 340 337 331 326 326 329 330 333 335 331 324 320 323 332 338 339 339 338 334 332 335 339 340 336 333 336 341 342 343 346 345 341 336 330 325 322 323 329 333 328
320 325 337 346 354 4 11 6 357 353 352 350 351 351 349 345 339 333 327 328 331 332 331 329 324 319 318 320 328 336 339 339 340 346 350 347 343 342 341 338 333 327 322 321 326 332 335 338 344 351 356 359 3 358 347 338 334 329 325 327 333 333 335 334 328 321 318 322 329 334 335 336 336 334 330 329 334 341 332 315 313 318 314 314 323 327 331 334 333 329 326 327 331 337 332
320 325 338 348 357 7 8 358 21 349 349 349 351 351 350 347 343 338 331 328 329 331 331 330 327 323 322 324 331 339 344 346 347 349 349 344 338 338 338 336 331 325 321 321 324 329 332 335 340 346 353 360 4 354 344 335 331 328 327 330 334 335 336 333 327 320 318 321 327 329 331 331 332 334 332 326 325 333 311 299 294 291 312 314 318 320 325 332 334 331 329 331 335 341 340
320 325 339 351 2 10 5 350 343 343 343 345 348 349 349 348 346 342 336 330 327 327 329 328 327 326 326 327 332 339 344 348 350 352 353 346 337 335 335 333 330 325 321 320 323 327 331 334 338 341 345 354 359 352 338 329 326 327 330 330 332 335 334 330 325 319 315 317 320 321 323 322 320 324 331 327 314 312 313 310 312 320 323 320 319 320 324 329 332 330 330 333 337 344 347
320 325 340 354 6 12 3 347 340 337 337 339 342 343 344 346 346 344 340 335 328 326 326 326 326 327 328 329 332 335 339 344 349 354 357 350 339 336 336 333 330 326 323 322 324 329 334 337 339 338 337 344 351 342 337 324 322 327 332 328 329 332 329 325 321 315 311 312 315 316 315 313 311 310 317 321 319 295 324 325 326 327 326 322 320 321 324 328 330 331 334 337 339 345 350
320 326 342 356 9 12 1 350 345 341 336 332 333 335 338 341 343 344 342 339 333 327 324 324 325 329 331 332 332 332 332 334 342 351 357 352 342 337 335 332 330 328 325 323 325 330 337 339 339 337 336 340 347 347 343 327 326 333 335 330 330 329 324 320 318 315 314 317 323 324 324 325 325 322 322 326 328 330 329 329 329 329 328 325 323 325 329 332 333 336 341 343 343 346 351
322 328 344 358 11 10 358 352 351 348 343 335 328 329 332 335 338 340 341 340 336 331 327 325 327 331 335 336 336 334 332 332 336 345 353 351 342 335 333 331 330 328 325 322 323 330 337 338 338 339 340 343 350 352 352 337 339 342 341 339 338 335 329 325 324 324 325 328 332 334 335 337 339 339 337 333 332 331 329 329 329 331 331 329 329 332 337 340 342 344 348 349 346 348 354
324 330 346 1 11 5 355 351 351 351 349 343 336 331 331 332 334 337 338 339 337 333 329 327 329 334 339 340 340 340 339 338 340 345 350 349 341 334 332 331 331 329 325 321 322 331 338 339 340 342 344 348 355 356 348 342 342 344 344 345 344 342 338 335 332 331 331 333 335 338 341 343 344 342 338 335 333 330 329 329 331 334 335 334 334 337 343 348 351 354 357 356 352 352 360
326 332 348 4 9 1 353 350 349 349 349 347 343 340 336 333 333 334 336 337 337 333 329 329 332 336 340 342 344 343 343 343 345 348 352 351 342 334 333 333 333 331 327 323 324 331 338 340 341 343 347 352 358 358 349 341 339 341 342 343 343 341 339 336 334 334 334 332 334 338 341 343 342 338 335 334 332 329 328 330 333 337 338 338 339 342 347 352 357 1 5 3 357 358 3
328 334 350 4 5 358 352 347 345 344 344 345 345 344 341 336 332 331 332 335 336 334 330 330 333 336 338 341 344 345 344 344 346 349 353 352 342 335 334 335 334 332 328 324 325 329 335 338 339 341 344 350 357 358 349 339 337 337 337 338 339 337 335 334 334 336 334 329 331 337 341 340 338 335 333 332 331 328 328 330 334 337 339 340 343 347 348 350 356 4 10 8 2 3 3
330 337 353 3 1 355 350 345 341 339 339 341 342 341 340 336 332 330 330 332 334 333 331 331 334 335 336 338 342 344 345 345 345 347 351 350 343 336 334 334 333 331 327 322 322 327 331 333 335 338 340 345 353 357 349 339 336 336 335 334 333 332 333 335 337 338 333 328 331 338 341 339 335 332 331 331 330 328 329 331 334 334 334 335 341 348 353 352 353 2 10 8 4 4 1
330 338 356 3 358 351 346 341 338 337 336 337 337 335 334 332 330 329 328 330 331 332 332 332 334 335 336 337 339 342 345 347 348 347 349 350 346 339 334 333 331 330 326 321 321 326 332 335 338 340 343 346 352 354 346 338 336 336 335 332 330 332 337 342 344 340 335 331 333 337 339 338 335 333 333 333 332 331 332 335 336 330 325 324 328 341 352 357 359 4 8 5 1 1 359
329 338 357 3 356 345 341 338 337 337 336 335 333 331 329 327 327 328 328 329 330 331 332 332 333 335 338 338 337 340 345 350 351 350 350 352 351 344 337 334 332 330 326 320 319 323 330 335 337 339 341 345 350 349 342 336 336 336 335 332 332 339 347 346 344 341 339 337 336 338 339 338 336 336 337 336 336 335 338 342 343 338 330 324 323 329 343 356 4 9 8 1 357 358 358
327 338 359 4 353 341 338 338 350 339 338 335 332 329 327 326 326 328 330 330 331 332 332 331 331 333 337 338 336 336 343 349 351 351 353 357 358 350 340 335 332 329 325 319 315 317 323 328 330 331 334 339 344 345 341 335 334 335 335 334 337 348 349 343 341 340 340 339 338 338 338 336 336 338 339 339 338 338 341 345 348 347 343 336 331 331 336 348 3 10 5 356 354 356 356
328 339 1 1 350 341 339 341 341 340 339 335 331 329 327 327 328 330 332 332 332 333 332 330 329 330 334 335 333 332 338 344 348 352 356 1 1 353 341 335 332 328 325 319 314 315 319 324 327 330 334 338 342 345 344 336 333 335 335 336 343 348 344 339 338 338 338 337 337 337 335 333 335 337 338 339 340 339 340 343 347 349 349 346 341 340 342 348 359 3 358 352 352 354 353
335 345 357 355 348 343 341 341 340 339 337 333 330 328 327 328 329 331 333 333 333 333 332 331 328 328 330 332 329 327 329 334 340 348 357 5 358 354 344 340 337 334 331 326 322 321 324 327 330 333 337 340 343 347 348 340 335 338 340 342 346 345 341 337 335 334 334 334 335 333 330 328 331 334 336 337 339 340 339 339 342 346 349 350 348 346 348 353 358 355 351 349 349 350 348
348 350 350 348 346 343 341 339 338 336 334 330 327 326 327 328 329 332 334 333 333 333 333 331 329 327 328 330 327 321 317 319 325 338 354 6 3 352 345 343 341 339 337 333 329 329 329 331 332 335 337 339 342 348 349 342 357 340 344 347 347 345 340 336 332 330 331 333 334 330 326 325 328 332 334 335 337 340 341 340 338 340 345 350 351 350 351 356 358 351 348 348 345 344 342
354 352 348 344 342 341 339 337 335 332 329 327 325 326 327 328 330 334 336 334 331 331 333 331 328 327 328 331 330 324 317 314 317 325 346 356 356 346 343 341 339 339 338 335 332 331 331 333 334 336 337 338 341 347 351 346 357 341 341 345 346 343 338 333 329 328 332 335 333 328 324 324 327 332 334 333 334 338 342 344 341 338 339 345 351 354 355 357 357 351 347 347 343 339 336
351 352 351 346 340 338 337 335 332 329 326 324 324 326 328 328 331 336 340 336 330 331 332 329 326 326 328 333 336 333 328 326 325 328 338 348 348 341 339 337 336 337 337 335 331 329 330 332 335 337 338 340 343 348 353 350 1 344 337 341 342 339 335 330 327 329 335 336 332 328 324 323 326 331 333 331 330 334 338 343 345 340 336 338 346 355 359 359 357 352 348 347 342 335 333
