project/data/elevation/US_DEM2016/US_DEM2016_point_10-31-2019_0652_30m_vel.asc
ncols	125
nrows	167
xllcorner	-2042055.000000
yllcorner	1465035.000000
cellsize	30.000000
NODATA_value	-9999.000000
[rows 38 to 75 of 167, columns 0 to 83 of 125]
7.61 7.30 6.69 6.23 5.76 5.45 5.22 4.85 4.38 3.95 4.08 3.75 3.90 4.30 5.11 5.19 5.31 5.20 5.72 6.15 6.41 6.52 6.63 6.86 7.17 7.43 7.69 7.94 7.90 7.63 7.15 6.65 6.35 6.30 6.49 6.99 7.56 7.91 8.18 8.56 8.86 8.90 8.87 8.77 8.67 8.48 7.89 6.94 6.28 5.85 5.72 5.75 5.64 5.63 5.86 6.01 6.10 6.38 6.56 6.61 6.42 5.96 5.69 5.39 5.01 4.67 4.29 4.18 4.25 4.28 4.27 4.43 4.74 5.13 5.40 5.69 6.03 6.63 7.43 8.35 9.08 9.44 9.34 8.88
7.45 6.76 5.77 5.31 4.93 4.75 4.58 4.37 4.21 4.13 4.18 4.23 4.19 4.71 4.95 4.86 5.01 5.26 5.13 5.13 4.98 4.91 5.01 5.35 5.97 6.63 7.16 7.64 7.91 7.93 7.72 7.35 7.03 6.96 7.32 8.01 8.49 8.74 8.87 9.01 9.13 8.99 8.88 8.73 8.52 8.18 7.49 6.71 6.14 5.71 5.66 5.84 5.85 5.69 5.91 6.15 6.36 6.61 6.50 6.14 5.55 4.86 4.36 4.20 4.13 4.05 3.83 3.77 3.92 3.99 3.95 4.15 4.58 4.97 5.18 5.38 5.56 5.93 6.44 6.80 6.96 7.38 8.12 8.60
7.09 6.34 5.30 4.86 4.71 4.63 4.61 4.65 4.76 4.95 5.16 5.24 5.05 4.77 5.33 4.94 4.93 5.13 4.87 4.44 4.27 4.37 4.69 5.15 5.83 6.39 6.84 7.27 7.62 7.89 8.02 7.95 7.90 8.20 8.77 9.35 9.70 9.80 9.53 9.11 8.90 8.37 7.96 7.88 7.82 7.90 7.76 7.58 7.28 7.00 6.66 6.46 6.27 5.90 5.92 6.08 6.29 6.41 6.10 5.50 4.78 4.00 3.25 2.98 2.99 3.12 3.38 3.62 3.80 3.82 3.71 3.95 4.53 4.93 5.04 5.12 5.23 5.45 5.77 5.93 5.90 6.17 7.13 8.40
6.86 6.32 5.57 5.29 5.27 5.30 5.30 5.35 5.53 5.80 6.02 5.98 5.66 5.34 5.18 5.16 5.24 5.24 5.04 4.78 4.80 5.05 5.38 5.67 5.91 6.14 6.30 6.57 7.06 7.54 8.11 8.40 8.81 9.33 9.80 10.11 10.18 9.92 9.43 8.81 8.27 7.73 7.20 6.87 7.02 7.21 7.48 7.63 7.77 7.85 7.71 7.14 6.53 5.97 5.72 5.71 5.71 5.59 5.31 4.93 4.46 3.85 3.19 2.98 3.13 3.37 3.62 3.76 3.78 3.76 3.76 3.95 4.43 4.78 4.77 4.70 4.92 5.35 5.63 5.62 5.64 5.72 6.27 7.60
6.84 6.55 6.12 5.96 5.92 5.87 5.81 5.88 6.15 6.43 6.50 6.26 5.80 5.62 5.66 5.74 5.77 5.78 5.79 5.85 6.01 6.23 6.43 6.56 6.62 6.55 6.45 6.49 6.86 7.31 8.08 8.73 9.50 10.06 10.15 9.85 9.41 8.86 8.25 7.74 7.35 6.98 6.46 6.15 6.11 6.32 6.61 6.71 6.91 7.11 7.17 6.87 6.40 5.84 5.58 5.56 5.45 5.20 4.99 5.00 4.87 4.59 4.27 4.24 4.40 4.37 4.15 3.95 3.99 4.06 3.99 3.97 4.15 4.29 4.10 3.96 4.45 5.20 5.49 5.37 5.45 5.68 6.19 7.18
6.82 6.62 6.36 6.26 6.24 6.25 6.35 6.58 6.85 6.96 6.80 6.42 5.97 5.97 5.91 6.04 6.18 6.32 6.50 6.74 7.05 7.31 7.41 7.39 7.31 7.11 6.97 6.97 7.17 7.43 8.13 8.87 9.53 9.85 9.64 9.06 8.34 7.68 7.08 6.72 6.56 6.34 5.90 5.46 5.38 5.61 5.80 5.63 5.31 5.01 5.03 5.38 5.61 5.61 5.65 5.88 5.97 5.91 5.90 5.93 5.83 5.73 5.66 5.64 5.30 4.83 4.62 4.66 4.68 4.35 3.89 3.63 3.72 3.83 3.64 3.58 4.09 4.88 5.12 4.94 5.22 5.87 6.51 6.93
6.82 6.70 6.59 6.62 6.80 7.09 7.39 7.59 7.60 7.41 7.03 6.59 6.22 6.01 6.03 6.22 6.44 6.65 6.88 7.18 7.49 7.63 7.59 7.44 7.25 7.05 6.99 7.08 7.35 7.73 8.47 8.85 8.99 8.80 8.52 8.24 7.83 7.29 6.52 5.97 5.71 5.62 5.38 4.96 4.78 4.99 4.88 4.59 4.14 3.85 3.90 4.21 4.69 5.15 5.70 6.29 6.60 6.74 6.76 6.60 6.47 6.43 6.24 5.89 5.34 5.16 5.32 5.28 4.74 3.87 3.39 3.39 3.59 3.71 3.71 3.83 4.30 4.85 4.98 4.77 5.01 5.76 6.26 6.41
7.04 7.07 7.15 7.32 7.54 7.78 7.96 8.00 7.86 7.54 7.10 6.72 6.49 6.38 6.56 6.77 6.90 7.03 7.19 7.30 7.28 7.14 6.96 6.84 6.82 6.80 6.81 6.99 7.51 8.13 8.77 8.60 8.08 7.62 7.41 7.44 7.31 7.00 6.25 5.52 4.95 4.78 4.68 4.39 4.31 4.42 4.40 4.45 4.49 4.52 4.42 4.26 4.34 4.89 5.76 6.49 6.67 6.66 6.58 6.56 6.48 6.52 6.28 5.98 5.85 5.91 5.68 4.95 4.02 3.53 3.58 3.92 4.14 4.20 4.26 4.52 4.95 5.23 5.39 5.05 5.11 5.43 5.82 6.06
7.31 7.37 7.51 7.67 7.72 7.68 7.58 7.46 7.32 7.10 6.84 6.59 6.60 6.83 7.17 7.34 7.38 7.36 7.29 7.13 6.88 6.60 6.39 6.37 6.53 6.68 6.82 7.17 7.83 8.39 8.55 7.99 7.22 6.80 6.61 6.48 6.36 6.31 6.01 5.36 4.56 4.17 4.19 4.30 4.46 4.59 4.84 5.02 5.09 4.83 4.41 4.23 4.60 5.40 6.23 6.57 6.51 6.41 6.39 6.51 6.45 6.49 6.44 6.36 6.23 5.88 4.96 4.30 4.16 4.43 4.84 5.08 5.15 5.18 5.30 5.53 5.74 5.78 5.71 5.65 6.16 5.66 5.87 6.17
7.40 7.34 7.33 7.38 7.28 7.07 6.81 6.56 6.37 6.29 6.23 6.16 6.41 6.63 6.98 7.15 7.23 7.18 7.00 6.78 6.58 6.36 6.20 6.18 6.31 6.50 6.77 7.30 7.95 8.22 7.89 7.16 6.67 6.31 6.02 5.74 5.54 5.56 5.65 5.44 4.71 4.31 4.41 4.84 5.08 5.24 5.31 5.01 4.49 3.91 3.81 4.33 5.51 6.68 7.15 7.01 6.81 6.69 6.67 6.70 6.59 6.62 6.52 6.34 5.97 5.35 4.89 5.00 5.57 6.16 6.51 6.60 6.60 6.59 6.60 6.69 6.75 6.66 6.58 6.57 6.28 6.13 6.27 6.42
7.36 7.25 6.96 6.83 6.70 6.47 6.20 5.92 5.72 5.62 5.64 5.69 5.77 6.04 6.26 6.38 6.56 6.64 6.61 6.48 6.31 6.13 6.01 5.96 6.01 6.18 6.45 7.05 7.78 7.88 7.47 6.94 6.56 6.14 5.63 5.14 4.96 4.96 5.11 5.15 4.81 4.45 4.44 4.71 4.90 5.08 5.10 4.53 4.00 3.88 4.45 5.85 7.37 8.15 8.23 7.71 7.31 7.02 6.93 7.00 6.99 6.97 6.84 6.60 6.53 6.67 7.16 7.79 8.33 8.70 8.81 8.82 8.78 8.72 8.65 8.61 8.56 8.31 7.95 7.43 6.76 6.34 6.43 6.45
7.39 7.27 6.79 6.46 6.34 6.24 6.06 5.84 5.64 5.51 5.60 5.73 5.92 6.00 6.14 6.21 6.32 6.39 6.40 6.28 6.05 5.85 5.73 5.70 5.73 5.87 6.12 6.82 7.61 7.61 7.27 7.00 6.69 6.27 5.72 5.08 4.77 4.47 4.33 4.41 4.34 4.05 3.86 3.88 4.17 4.55 4.89 4.77 4.70 5.15 6.53 8.14 9.02 9.15 8.73 8.02 7.49 7.20 7.17 7.42 7.54 7.64 7.60 7.77 8.22 8.90 9.66 10.32 10.77 10.98 11.04 11.04 11.01 10.96 10.83 10.62 10.38 10.05 9.37 8.36 7.32 6.59 6.41 6.28
7.48 7.29 6.77 6.38 6.23 6.21 6.22 6.16 6.01 5.97 6.21 6.47 6.72 6.81 6.79 6.74 6.64 6.49 6.31 6.11 5.90 5.70 5.54 5.48 5.53 5.73 6.11 6.89 7.47 7.25 6.73 6.70 6.52 6.24 6.06 5.68 5.12 4.44 3.98 4.05 4.15 4.09 4.08 4.17 4.44 4.84 5.47 5.94 6.41 7.44 8.85 9.61 9.67 9.06 8.42 7.77 7.38 7.23 7.13 7.22 7.40 7.68 7.90 8.25 8.92 9.56 10.03 10.47 10.74 10.89 11.01 11.11 11.16 11.15 11.01 10.74 10.47 10.22 9.79 9.17 8.40 7.55 6.72 6.21
7.53 7.20 6.62 6.41 6.27 6.16 6.21 6.31 6.34 6.41 6.80 7.25 7.48 7.49 7.36 7.09 6.76 6.43 6.18 6.01 5.87 5.69 5.48 5.34 5.42 5.75 6.24 6.91 7.11 6.54 6.07 6.06 5.98 5.97 6.09 6.11 5.60 4.99 4.68 4.77 5.04 5.33 5.59 5.71 5.89 6.35 7.27 8.26 9.24 9.99 10.27 10.06 9.32 8.34 7.77 7.26 6.93 6.70 6.46 6.30 6.46 6.74 7.29 7.66 8.09 8.30 8.19 8.10 8.02 8.15 8.38 8.71 8.85 8.89 8.75 8.57 8.55 8.47 8.43 8.49 8.43 8.16 7.60 6.71
7.41 6.88 6.21 6.05 6.00 5.97 6.04 6.20 6.38 6.51 6.85 7.35 7.53 7.48 7.25 6.83 6.37 6.05 5.88 5.77 5.65 5.52 5.37 5.28 5.41 5.77 6.24 6.69 6.58 5.86 5.55 5.58 5.52 5.50 5.73 5.83 5.76 5.67 5.70 6.03 6.41 6.72 6.94 7.19 7.63 8.40 9.35 10.11 10.58 10.64 10.30 9.52 8.65 7.77 7.25 6.80 6.42 6.03 5.83 5.72 5.88 6.15 6.41 6.67 6.70 6.28 5.77 5.22 5.06 5.18 5.44 5.75 5.91 5.86 5.84 5.76 5.88 5.95 6.05 6.33 6.83 7.19 7.25 6.97
7.12 6.56 5.81 5.54 5.52 5.65 5.84 6.02 6.27 6.45 7.01 6.83 6.78 6.63 6.39 6.04 5.70 5.46 5.32 5.26 5.20 5.19 5.26 5.42 5.63 5.87 6.21 6.46 6.27 5.80 5.59 5.59 5.51 5.40 5.27 5.34 5.62 5.78 6.02 6.45 6.90 7.17 7.46 7.91 8.70 9.56 10.11 10.28 10.04 9.62 9.13 8.61 8.04 7.47 7.04 6.65 6.29 6.00 6.00 6.05 6.22 6.31 6.22 6.11 5.72 5.17 4.73 4.49 4.52 4.56 4.42 4.16 4.02 3.96 3.92 3.90 4.04 4.21 4.29 4.28 4.42 4.72 4.99 5.30
6.86 6.44 5.83 5.53 5.41 5.38 5.43 5.58 5.80 6.01 5.97 6.08 5.54 5.29 5.08 5.00 4.91 4.73 4.63 4.75 5.00 5.21 5.45 5.73 5.90 6.07 6.29 6.48 6.48 6.39 6.21 5.96 5.69 5.36 4.93 4.88 5.20 5.41 5.61 5.92 6.38 6.79 7.25 8.01 9.01 9.60 9.60 8.97 8.10 7.74 7.69 7.74 7.62 7.36 7.03 6.72 6.44 6.32 6.47 6.53 6.52 6.42 6.06 5.77 5.42 5.15 5.15 5.16 5.05 4.71 4.11 3.42 3.06 2.87 2.73 2.71 2.83 2.91 2.91 2.75 2.64 2.72 3.09 3.70
6.84 6.62 6.31 6.08 5.82 5.43 5.03 4.88 5.01 5.22 5.24 5.49 4.50 4.22 4.13 4.45 4.19 4.15 4.21 4.59 5.15 5.64 5.96 6.09 6.20 6.35 6.54 6.74 6.82 6.83 6.49 6.02 5.61 5.17 4.74 4.62 4.92 5.21 5.32 5.47 5.79 6.30 6.96 8.02 8.92 9.06 8.40 7.41 6.86 6.69 6.73 6.94 7.11 7.12 6.85 6.62 6.41 6.37 6.48 6.33 6.04 5.72 5.44 5.31 5.44 5.62 5.77 5.68 5.06 4.28 3.48 3.01 2.80 2.57 2.29 2.14 2.06 1.90 1.79 1.88 2.69 2.73 3.55 4.29
7.09 7.14 7.11 6.88 6.49 5.97 5.28 4.92 4.84 4.97 5.00 5.35 4.94 4.23 4.22 4.18 4.23 4.34 4.59 5.04 5.62 6.21 6.51 6.65 6.77 6.93 7.03 7.11 7.11 7.00 6.51 6.16 5.94 5.59 5.15 5.08 5.43 5.75 5.79 5.83 6.03 6.45 7.15 8.20 8.63 8.20 7.10 6.32 5.94 5.84 5.89 6.14 6.46 6.55 6.35 6.17 6.01 5.91 5.78 5.37 4.95 4.69 4.75 5.04 5.68 6.01 5.91 5.44 4.60 3.92 3.55 3.54 3.50 3.07 2.48 2.13 1.99 1.98 1.88 2.26 3.03 4.19 5.42 5.94
7.41 7.54 7.55 7.36 7.04 6.65 6.18 5.81 5.54 5.43 6.26 5.18 5.06 5.14 5.27 5.35 5.45 5.65 5.83 6.08 6.47 6.93 7.23 7.45 7.67 7.78 7.66 7.56 7.59 7.60 7.44 7.27 7.11 6.78 6.26 6.14 6.45 6.71 6.82 6.86 6.94 7.06 7.57 8.23 8.15 7.13 6.07 5.33 5.03 5.02 5.13 5.38 5.80 5.92 5.86 5.70 5.50 5.22 4.87 4.59 4.50 4.63 5.04 5.51 6.03 6.02 5.53 4.91 4.38 4.36 4.63 4.75 4.29 3.53 2.88 2.64 2.68 2.80 3.15 3.96 5.25 6.57 7.19 7.06
7.58 7.47 7.24 7.16 7.15 7.13 6.92 6.57 6.14 5.80 5.62 5.63 5.85 6.19 6.57 6.84 7.10 7.33 7.49 7.58 7.73 7.83 7.99 8.23 8.43 8.34 8.13 8.02 8.11 8.11 8.02 7.82 7.60 7.29 6.87 6.66 6.79 7.03 7.29 7.49 7.57 7.58 7.79 7.85 7.18 5.99 5.05 4.48 4.26 4.25 4.39 4.58 4.98 5.39 5.56 5.49 5.35 5.12 4.99 5.14 5.40 5.81 6.28 6.59 6.61 6.16 5.49 5.16 5.19 5.53 5.75 5.43 4.55 3.70 3.42 3.61 3.94 4.38 5.16 6.31 7.49 8.00 7.78 6.98
7.61 7.17 6.64 6.58 6.76 7.00 7.05 6.74 6.25 5.78 6.89 5.62 6.05 6.61 7.15 7.55 7.86 8.14 8.37 8.45 8.39 8.31 8.37 8.52 8.50 8.32 8.23 8.25 8.26 7.98 7.41 6.93 6.64 6.55 6.53 6.58 6.68 6.90 7.16 7.48 7.71 7.70 7.58 7.12 6.04 4.86 4.09 3.73 3.58 3.65 3.68 3.73 4.25 4.99 5.46 5.64 5.68 5.69 5.86 6.05 6.37 6.90 7.44 7.73 7.50 7.10 6.44 6.29 6.57 6.71 6.25 5.43 4.69 4.49 4.79 5.26 5.88 6.63 7.58 8.42 8.67 8.26 7.39 6.50
7.58 7.04 6.29 6.05 6.03 6.11 6.26 6.24 5.99 5.59 5.25 5.23 5.53 6.02 6.50 6.83 7.08 7.23 7.31 7.39 7.52 7.67 7.82 7.79 7.57 7.49 7.70 7.98 7.97 7.71 7.19 6.50 6.05 5.96 6.30 6.69 6.99 7.15 7.24 7.31 7.38 7.16 6.82 6.24 5.34 4.28 3.60 3.39 3.47 3.60 3.59 3.62 4.08 4.92 5.61 6.07 6.35 6.53 6.65 6.67 6.95 7.69 8.37 8.59 8.34 8.16 7.90 7.59 7.57 7.44 6.73 6.06 5.93 6.52 7.25 7.94 8.63 9.23 9.57 9.44 8.76 7.77 6.88 6.20
7.47 6.80 5.89 5.59 5.30 5.11 5.15 5.32 5.35 5.08 4.66 4.42 4.38 4.53 4.79 4.99 5.09 4.99 4.70 4.68 5.30 6.00 6.20 5.93 5.61 5.96 6.77 7.29 7.39 7.44 7.48 7.36 7.10 6.86 6.84 7.04 7.21 7.23 7.09 6.86 6.63 6.38 6.09 5.90 5.46 4.72 4.21 4.24 4.44 4.55 4.60 4.69 4.92 5.40 5.87 6.31 6.75 7.18 7.43 7.73 8.24 8.90 9.10 8.86 8.54 8.49 8.54 8.58 8.58 8.48 8.27 8.21 8.65 9.29 9.75 10.12 10.41 10.46 10.12 9.28 8.27 7.38 6.70 6.09
7.13 6.35 5.40 5.13 4.93 4.72 4.57 4.61 4.73 4.54 4.07 3.58 3.18 2.97 2.95 3.06 3.13 2.97 2.84 3.00 3.54 4.15 4.30 4.07 4.18 4.97 6.23 6.81 6.84 6.71 6.99 7.39 7.61 7.66 7.36 7.05 6.78 6.61 6.32 6.02 5.84 5.99 6.16 6.44 6.46 6.39 6.17 6.15 6.21 6.23 6.24 6.16 6.01 5.98 6.03 6.23 6.62 7.19 7.89 8.67 9.32 9.41 8.96 8.19 7.55 7.63 8.20 8.61 9.01 9.32 9.62 9.96 10.34 10.52 10.51 10.41 10.24 9.83 9.14 8.37 7.67 7.07 6.54 6.05
6.82 6.23 5.39 5.01 4.86 4.75 4.58 4.46 4.51 4.42 4.02 3.43 2.85 2.45 2.23 2.18 2.27 2.55 2.92 3.21 3.35 3.41 3.36 3.44 3.98 5.08 6.35 6.72 6.47 5.97 5.97 6.30 6.78 7.14 7.01 6.46 5.86 5.51 5.40 5.34 5.47 6.03 6.69 7.22 7.43 7.65 7.72 7.59 7.47 7.34 6.98 6.58 6.32 6.25 6.22 6.33 6.66 7.31 8.14 8.79 8.96 8.54 7.75 6.84 6.45 6.68 7.35 7.94 8.38 8.90 9.29 9.54 9.65 9.53 9.27 8.91 8.43 7.81 7.38 7.03 6.65 6.31 5.96 5.55
6.82 6.50 5.92 5.48 5.22 5.07 4.89 4.76 4.72 4.67 4.48 4.10 3.69 3.26 2.87 2.65 2.46 3.34 4.05 4.38 4.26 3.95 3.79 3.94 4.62 5.80 6.75 6.83 6.28 5.58 5.28 5.26 5.54 5.86 6.04 5.90 5.52 5.21 5.20 5.49 5.95 6.71 7.26 7.52 7.53 7.67 7.77 7.82 7.75 7.43 6.76 6.30 6.20 6.32 6.43 6.60 6.95 7.64 8.20 8.25 7.72 6.89 6.22 5.82 5.90 6.33 6.74 6.99 7.22 7.59 7.84 7.84 7.63 7.42 7.25 6.94 6.41 5.83 5.45 5.35 5.19 5.00 4.78 4.58
6.87 6.66 6.31 6.02 5.75 5.48 5.29 5.31 5.32 5.38 5.41 5.36 5.19 4.78 4.28 3.91 3.86 4.21 4.75 5.25 5.35 5.21 5.10 5.24 5.79 6.69 7.26 7.18 6.62 5.80 5.30 4.94 4.77 4.90 5.41 5.95 6.23 6.38 6.49 6.69 7.06 7.48 7.55 7.34 7.06 7.03 7.18 7.34 7.35 7.18 6.74 6.41 6.33 6.43 6.55 6.72 7.08 7.63 7.89 7.41 6.58 5.91 5.51 5.40 5.54 5.87 6.11 6.13 6.22 6.42 6.55 6.47 6.16 5.83 5.52 5.37 4.97 4.37 3.78 3.55 3.56 3.36 3.17 3.07
6.86 6.66 6.36 6.12 5.90 5.70 5.70 5.88 6.14 6.45 6.68 6.76 6.50 6.03 5.49 5.04 4.81 4.84 5.10 5.69 6.15 6.48 6.68 6.78 7.06 7.67 8.02 7.82 7.35 6.65 6.14 5.68 5.31 5.33 5.82 6.51 7.11 7.55 7.71 7.69 7.65 7.62 7.35 6.94 6.61 6.49 6.56 6.57 6.56 6.63 6.65 6.57 6.48 6.56 6.67 6.92 7.32 7.67 7.42 6.59 5.80 5.40 5.17 5.07 5.16 5.54 5.81 5.74 5.58 5.61 5.57 5.48 5.33 4.92 4.35 3.97 3.70 3.26 2.61 2.14 2.00 1.92 1.80 1.87
6.90 6.68 6.34 6.02 5.77 5.67 5.80 6.09 6.52 7.08 7.46 7.57 7.43 7.14 6.73 6.23 5.77 5.53 5.61 6.08 6.61 7.22 7.47 7.68 8.09 8.68 8.72 8.27 7.71 7.31 7.10 6.90 6.65 6.55 6.67 6.92 7.17 7.37 7.45 7.36 7.25 7.18 6.92 6.51 6.18 5.92 5.82 5.67 5.54 5.65 5.96 6.17 6.29 6.51 6.79 7.18 7.44 7.27 6.49 5.56 5.10 4.97 4.89 5.01 5.31 5.72 5.69 5.26 4.87 4.74 4.64 4.55 4.53 4.29 3.69 3.05 2.64 2.38 1.96 1.38 1.19 1.74 1.49 1.82
6.92 6.63 6.20 5.86 5.59 5.49 5.51 5.64 5.97 6.42 6.89 7.27 7.59 7.79 7.79 7.52 7.01 6.49 6.33 6.48 6.76 7.31 7.71 8.15 8.72 9.07 8.83 8.05 7.36 7.18 7.30 7.45 7.45 7.21 6.96 6.79 6.65 6.52 6.50 6.67 6.83 6.85 6.61 6.17 5.80 5.54 5.34 5.07 4.83 4.76 4.93 5.27 5.70 6.10 6.60 6.91 6.76 6.10 5.11 4.61 4.53 4.57 4.77 5.19 5.49 5.47 5.02 4.30 3.80 3.56 3.48 3.30 3.16 3.18 2.97 2.47 2.00 1.82 1.64 1.49 1.47 1.67 2.09 2.73
6.82 6.45 5.88 5.65 5.50 5.40 5.26 5.06 4.88 4.87 5.14 5.86 6.77 7.56 8.11 8.28 8.05 7.59 7.14 6.96 7.03 7.43 7.86 8.42 8.85 8.80 8.22 7.45 6.69 6.43 6.55 6.83 7.03 6.93 6.75 6.56 6.37 6.31 6.51 6.81 6.89 6.75 6.43 6.14 5.93 5.73 5.43 4.94 4.41 4.13 4.20 4.65 5.31 5.95 6.17 6.05 5.42 4.54 4.00 3.92 3.91 3.91 4.27 4.70 4.74 4.48 4.06 3.54 3.05 2.64 2.43 2.33 2.23 2.11 2.09 2.04 1.95 1.69 2.13 2.37 2.65 2.93 3.35 4.10
6.70 6.26 5.68 5.57 5.55 5.50 5.35 5.08 4.62 4.14 3.93 4.30 5.29 6.47 7.47 8.09 8.35 8.27 7.97 7.70 7.67 7.85 8.20 8.65 8.76 8.38 7.71 6.90 6.13 5.64 5.46 5.54 5.85 6.16 6.39 6.50 6.52 6.60 6.83 7.00 6.90 6.62 6.37 6.27 6.18 5.79 5.23 4.52 4.17 4.28 4.71 5.31 5.80 5.95 5.91 5.25 4.37 3.73 3.55 3.52 3.37 3.29 3.41 3.63 3.82 3.96 4.08 3.99 3.64 3.27 3.09 2.93 2.65 2.29 2.11 2.23 2.49 2.83 3.24 3.68 4.10 4.55 5.01 5.83
6.64 6.23 5.73 5.63 5.66 5.68 5.62 5.54 5.30 4.83 4.29 4.11 4.58 5.42 6.42 7.31 7.94 8.39 8.56 8.57 8.61 8.75 9.01 9.14 8.85 8.25 7.58 6.85 6.11 5.62 5.36 5.32 5.40 5.62 5.97 6.32 6.50 6.58 6.69 6.81 6.59 6.28 6.09 6.05 5.93 5.35 4.88 4.75 5.16 5.84 6.40 6.66 6.61 6.31 6.02 5.35 4.92 4.65 4.49 4.26 4.02 3.86 3.84 4.03 4.60 5.19 5.56 5.57 5.36 5.10 4.81 4.38 3.72 3.20 2.98 3.09 3.45 3.95 4.47 5.13 5.91 6.70 7.36 8.38
6.60 6.20 5.77 5.71 5.81 5.87 5.92 6.06 6.26 6.30 6.00 5.59 5.47 5.69 6.18 6.97 7.73 8.51 9.01 9.34 9.65 9.76 9.72 9.44 8.81 8.16 7.73 7.37 6.90 6.65 6.55 6.41 6.12 5.97 6.06 6.26 6.41 6.49 6.50 6.31 6.00 5.76 5.70 5.75 5.78 5.76 6.04 6.65 7.26 7.61 7.64 7.36 6.93 6.52 6.30 6.26 6.28 6.29 6.22 6.09 5.99 6.02 6.19 6.56 6.98 7.11 6.86 6.52 6.20 5.84 5.30 4.63 3.94 3.67 3.77 4.11 4.53 5.13 6.01 7.28 8.67 9.74 10.51 11.24
6.53 6.16 5.79 5.79 5.97 6.07 6.20 6.48 6.96 7.46 7.72 7.72 7.54 7.22 7.12 7.46 8.11 8.99 9.65 10.03 10.37 10.36 9.84 9.16 8.42 7.98 7.87 7.87 7.74 7.55 7.41 7.29 7.03 6.82 6.65 6.56 6.55 6.47 6.23 5.90 5.74 5.85 5.94 6.09 6.31 6.66 7.15 7.62 7.78 7.59 7.32 7.03 6.81 6.62 6.55 6.62 6.68 6.85 7.08 7.31 7.52 7.79 8.00 8.07 7.81 7.23 6.45 6.03 5.71 5.20 4.60 4.12 3.94 4.08 4.51 5.11 5.77 6.74 8.20 9.92 11.27 12.11 12.37 12.27
6.51 6.23 5.91 5.95 6.12 6.23 6.30 6.64 7.38 8.24 8.87 9.16 9.15 8.93 8.63 8.59 9.05 9.74 10.17 10.29 10.34 10.10 9.38 8.49 7.83 7.61 7.69 7.85 7.85 7.69 7.45 7.27 7.02 6.82 6.60 6.47 6.45 6.30 6.08 6.02 6.17 6.28 6.30 6.42 6.57 6.60 6.61 6.55 6.24 5.93 5.77 5.88 6.17 6.34 6.27 6.25 6.34 6.55 6.85 7.21 7.60 7.94 7.91 7.46 6.56 5.55 4.92 4.90 4.91 4.63 4.29 4.21 4.41 4.81 5.46 6.22 7.16 8.47 10.07 11.24 11.80 11.88 11.55 10.93
6.56 6.33 6.12 6.21 6.35 6.46 6.62 7.16 8.10 8.75 9.00 9.04 9.11 9.24 9.38 9.66 10.09 10.37 10.20 9.82 9.54 9.19 8.56 7.86 7.38 7.18 7.15 7.29 7.45 7.46 7.29 6.97 6.42 6.01 5.90 6.03 6.16 6.12 6.01 5.95 5.91 5.95 6.07 6.21 6.21 5.93 5.61 5.22 5.03 4.92 4.91 5.08 5.41 5.69 5.83 5.98 6.16 6.26 6.37 6.60 6.94 7.08 6.68 5.71 4.67 4.06 3.96 4.28 4.71 4.90 4.86 4.95 5.32 5.95 6.83 7.77 8.86 10.14 10.95 11.04 10.20 8.94 8.02 7.57
