project/data/elevation/US_DEM2016/US_DEM2016_point_10-28-2019_1553_30m_vel.asc
ncols	125
nrows	167
xllcorner	-2042055.000000
yllcorner	1465035.000000
cellsize	30.000000
NODATA_value	-9999.000000
[rows 114 to 151 of 167, columns 0 to 83 of 125]
7.03 7.00 7.04 7.14 7.33 7.63 7.82 7.55 6.93 6.28 5.71 5.20 4.80 4.53 4.53 4.89 5.57 6.27 6.76 7.13 7.51 7.60 7.20 6.93 7.24 7.56 7.62 7.59 7.53 7.37 7.13 6.73 6.26 5.96 5.87 5.94 6.24 6.61 6.88 7.07 7.30 7.55 7.78 7.97 7.88 7.47 7.07 6.86 6.82 6.90 7.00 6.96 6.79 6.47 6.05 5.77 5.77 6.12 6.58 6.86 6.90 6.79 6.65 6.54 6.52 6.60 6.75 6.77 6.59 6.35 6.22 6.15 6.13 6.15 6.15 6.08 5.97 5.87 5.87 5.99 5.93 5.63 5.42 5.28
7.15 7.16 7.18 7.18 7.24 7.29 7.15 6.66 5.93 5.27 4.77 4.40 4.18 4.26 4.83 5.77 6.70 7.44 7.93 8.14 7.96 7.38 6.60 6.42 6.75 6.93 6.96 7.08 7.26 7.46 7.60 7.55 7.23 6.61 5.98 5.83 6.23 6.76 7.14 7.39 7.61 7.78 7.86 7.79 7.44 6.87 6.43 6.33 6.46 6.73 7.10 7.23 7.12 6.82 6.31 5.73 5.46 5.63 6.03 6.37 6.61 6.78 6.88 6.93 6.93 6.92 6.84 6.65 6.43 6.28 6.22 6.22 6.22 6.19 6.11 6.02 5.98 5.98 5.99 5.94 5.71 5.43 5.25 5.06
7.26 7.28 7.26 7.21 7.13 6.96 6.64 6.20 5.82 5.59 5.46 5.35 5.47 5.96 6.80 7.73 8.43 8.70 8.67 8.37 7.77 7.01 6.34 6.07 6.10 6.07 6.15 6.45 6.76 7.03 7.28 7.52 7.61 7.44 7.11 6.99 7.13 7.36 7.50 7.60 7.64 7.65 7.65 7.54 7.18 6.65 6.19 6.05 6.29 6.75 7.19 7.43 7.44 7.29 7.07 6.82 6.54 6.34 6.29 6.37 6.52 6.67 6.80 6.92 7.01 7.00 6.83 6.55 6.29 6.11 6.06 6.09 6.15 6.17 6.14 6.09 6.10 6.15 6.17 6.12 6.04 5.95 5.90 5.91
7.27 7.23 7.19 7.13 6.99 6.74 6.43 6.20 6.18 6.36 6.63 7.02 7.54 8.15 8.70 9.02 8.99 8.63 8.15 7.60 7.12 6.85 6.66 6.38 6.11 5.89 5.80 5.99 6.23 6.33 6.37 6.65 7.15 7.58 7.80 7.84 7.75 7.57 7.38 7.25 7.20 7.26 7.37 7.38 7.17 6.76 6.28 6.05 6.28 6.74 7.04 7.17 7.28 7.38 7.46 7.57 7.62 7.55 7.31 7.00 6.80 6.71 6.70 6.70 6.75 6.72 6.54 6.30 6.13 6.01 5.94 5.92 5.99 6.10 6.20 6.25 6.31 6.36 6.41 6.52 6.75 6.93 7.05 7.23
7.21 7.12 7.05 7.01 6.90 6.71 6.53 6.41 6.43 6.66 7.18 7.88 8.54 8.94 9.03 8.73 8.05 7.44 7.06 6.67 6.53 6.68 6.84 6.83 6.66 6.32 5.98 5.87 6.01 5.99 5.79 5.81 6.21 6.86 7.32 7.49 7.42 7.22 7.01 6.89 6.91 7.08 7.28 7.29 7.08 6.78 6.43 6.17 6.27 6.51 6.64 6.67 6.74 6.99 7.28 7.50 7.73 7.87 7.82 7.56 7.19 6.88 6.64 6.46 6.29 6.07 5.86 5.88 6.05 6.14 6.12 6.07 6.09 6.18 6.30 6.43 6.54 6.62 6.73 6.94 7.19 7.42 7.65 7.80
7.11 7.02 6.95 6.94 6.88 6.78 6.68 6.61 6.67 6.98 7.58 8.17 8.48 8.44 8.11 7.54 7.02 6.71 6.41 6.12 6.05 6.16 6.37 6.59 6.65 6.48 6.24 6.15 6.23 6.22 6.00 5.77 5.76 6.02 6.46 6.78 6.92 6.93 6.93 6.95 7.01 7.14 7.24 7.13 6.84 6.63 6.51 6.37 6.35 6.38 6.37 6.37 6.48 6.77 7.07 7.27 7.37 7.41 7.46 7.46 7.29 6.94 6.57 6.24 5.86 5.53 5.52 5.88 6.27 6.46 6.49 6.46 6.40 6.36 6.38 6.49 6.59 6.66 6.78 6.93 7.04 7.09 7.19 7.21
7.03 6.98 6.97 6.95 6.89 6.85 6.84 6.86 7.02 7.47 7.98 8.21 8.08 7.72 7.28 6.87 6.64 6.41 6.03 5.72 5.58 5.58 5.81 6.15 6.26 6.23 6.30 6.42 6.52 6.54 6.46 6.22 5.91 5.80 5.91 6.19 6.50 6.76 6.96 7.09 7.15 7.21 7.19 6.91 6.53 6.39 6.44 6.45 6.41 6.37 6.32 6.39 6.60 6.87 7.07 7.14 7.04 6.89 6.86 6.94 6.95 6.78 6.52 6.21 5.96 5.93 6.15 6.45 6.62 6.65 6.65 6.64 6.56 6.44 6.35 6.32 6.32 6.41 6.57 6.72 6.74 6.68 6.63 6.51
7.09 7.09 7.07 6.97 6.90 6.94 7.06 7.22 7.49 7.91 8.15 8.08 7.79 7.47 7.16 6.85 6.53 6.15 5.85 5.75 5.80 5.95 6.15 6.23 6.17 6.14 6.30 6.48 6.57 6.62 6.65 6.59 6.43 6.18 5.95 5.94 6.22 6.56 6.80 6.99 7.12 7.22 7.09 6.61 6.10 5.99 6.13 6.22 6.21 6.23 6.31 6.45 6.62 6.73 6.79 6.82 6.78 6.67 6.59 6.55 6.58 6.59 6.56 6.54 6.63 6.79 6.90 6.89 6.78 6.64 6.55 6.51 6.48 6.43 6.35 6.24 6.21 6.37 6.56 6.61 6.53 6.43 6.38 6.30
7.18 7.17 7.08 6.95 6.92 7.01 7.23 7.56 8.00 8.20 8.13 7.86 7.58 7.37 7.08 6.69 6.32 6.13 6.22 6.46 6.67 6.72 6.62 6.42 6.25 6.21 6.29 6.42 6.49 6.53 6.58 6.63 6.64 6.52 6.30 6.20 6.34 6.55 6.67 6.84 7.02 7.06 6.67 5.96 5.51 5.51 5.74 5.91 5.95 5.98 6.04 6.10 6.13 6.14 6.18 6.30 6.46 6.58 6.59 6.53 6.51 6.56 6.63 6.73 6.84 6.93 6.95 6.93 6.86 6.75 6.59 6.47 6.42 6.41 6.37 6.34 6.40 6.50 6.45 6.28 6.10 6.03 6.02 6.05
7.06 6.99 6.87 6.84 6.91 7.05 7.28 7.61 7.94 7.98 7.72 7.39 7.17 6.89 6.47 6.20 6.22 6.45 6.69 6.80 6.71 6.54 6.43 6.46 6.52 6.47 6.37 6.36 6.35 6.36 6.40 6.42 6.41 6.43 6.53 6.64 6.71 6.72 6.69 6.82 6.84 6.48 5.68 5.02 4.87 5.06 5.39 5.70 5.80 5.74 5.64 5.53 5.41 5.38 5.49 5.72 6.04 6.30 6.40 6.43 6.48 6.56 6.60 6.58 6.58 6.67 6.79 6.87 6.91 6.86 6.75 6.61 6.48 6.33 6.23 6.25 6.25 6.14 5.88 5.68 5.64 5.68 5.67 5.67
6.96 6.91 6.86 6.87 6.94 7.05 7.20 7.34 7.38 7.23 6.95 6.76 6.60 6.20 5.83 6.01 6.33 6.48 6.37 6.09 5.86 5.89 6.16 6.51 6.73 6.73 6.60 6.44 6.31 6.22 6.26 6.29 6.29 6.39 6.58 6.71 6.71 6.66 6.62 6.66 6.37 5.63 4.93 4.70 4.79 4.98 5.23 5.56 5.73 5.74 5.71 5.58 5.35 5.16 5.13 5.37 5.72 5.92 6.04 6.23 6.42 6.55 6.64 6.76 6.91 7.04 7.04 6.95 6.81 6.68 6.64 6.58 6.41 6.14 6.01 5.97 5.87 5.71 5.56 5.52 5.57 5.55 5.40 5.31
7.15 7.23 7.22 7.07 6.96 6.95 6.99 6.99 6.87 6.66 6.51 6.49 6.32 5.91 5.83 6.05 6.07 5.81 5.42 5.17 5.27 5.70 6.27 6.72 6.89 6.87 6.82 6.71 6.52 6.29 6.21 6.26 6.30 6.33 6.30 6.21 6.18 6.22 6.30 6.23 5.84 5.37 5.33 5.56 5.70 5.67 5.67 5.78 5.91 6.03 6.06 5.99 5.82 5.61 5.50 5.56 5.71 5.87 6.09 6.35 6.50 6.60 6.79 7.14 7.34 7.34 7.13 6.88 6.65 6.48 6.40 6.32 6.15 5.97 5.84 5.72 5.61 5.56 5.61 5.66 5.60 5.42 5.29 5.37
7.32 7.36 7.28 7.00 6.79 6.74 6.75 6.70 6.58 6.51 6.53 6.49 6.20 5.87 5.73 5.58 5.27 4.99 4.88 5.03 5.46 6.02 6.60 6.95 6.96 6.85 6.85 6.84 6.68 6.43 6.29 6.30 6.29 6.12 5.87 5.72 5.77 5.96 6.09 6.02 5.91 6.06 6.38 6.58 6.66 6.65 6.57 6.45 6.37 6.30 6.17 6.04 5.98 5.96 5.94 5.93 5.97 6.14 6.36 6.52 6.55 6.63 6.82 7.03 7.00 6.80 6.63 6.60 6.61 6.54 6.34 6.09 5.91 5.83 5.71 5.51 5.29 5.17 5.22 5.35 5.44 5.52 5.71 5.93
7.10 6.91 6.58 6.43 6.41 6.49 6.57 6.55 6.49 6.46 6.40 6.21 5.91 5.62 5.35 5.08 4.92 4.97 5.33 5.94 6.45 6.79 6.99 6.89 6.55 6.47 6.57 6.58 6.50 6.42 6.39 6.39 6.34 6.17 5.97 5.93 6.07 6.21 6.27 6.32 6.50 6.71 6.81 6.85 6.99 7.18 7.27 7.19 6.97 6.67 6.45 6.31 6.21 6.15 6.12 6.13 6.22 6.34 6.43 6.48 6.47 6.53 6.60 6.57 6.39 6.25 6.35 6.61 6.74 6.61 6.30 5.95 5.77 5.69 5.62 5.51 5.31 5.06 4.92 5.01 5.41 5.94 6.33 6.33
6.62 6.22 5.81 5.84 6.06 6.34 6.50 6.50 6.44 6.33 6.15 5.91 5.71 5.61 5.58 5.59 5.75 6.15 6.77 7.31 7.56 7.49 7.13 6.58 6.17 6.15 6.20 6.16 6.17 6.24 6.30 6.33 6.36 6.40 6.47 6.60 6.68 6.64 6.58 6.62 6.68 6.66 6.70 6.86 7.16 7.47 7.72 7.77 7.62 7.36 7.13 6.95 6.77 6.56 6.36 6.26 6.27 6.30 6.33 6.40 6.36 6.38 6.37 6.26 6.15 6.29 6.62 6.83 6.66 6.25 5.94 5.78 5.68 5.57 5.51 5.61 5.73 5.71 5.52 5.47 5.79 6.26 6.40 6.11
6.48 6.20 5.90 6.02 6.29 6.50 6.54 6.49 6.40 6.29 6.16 6.01 5.97 6.15 6.48 6.82 7.21 7.58 7.83 7.92 7.77 7.40 6.87 6.40 6.18 6.12 6.03 5.98 6.04 6.13 6.15 6.17 6.29 6.48 6.65 6.73 6.70 6.63 6.58 6.54 6.45 6.43 6.61 6.93 7.33 7.69 7.89 7.91 7.83 7.66 7.40 7.11 6.89 6.72 6.56 6.43 6.31 6.19 6.20 6.28 6.32 6.35 6.33 6.27 6.35 6.63 6.84 6.67 6.10 5.61 5.49 5.52 5.54 5.54 5.55 5.60 5.77 6.02 6.20 6.27 6.34 6.37 6.16 5.89
6.71 6.70 6.76 6.98 7.09 6.95 6.67 6.48 6.40 6.35 6.31 6.32 6.49 6.85 7.25 7.56 7.78 7.83 7.69 7.36 6.90 6.44 6.17 6.12 6.19 6.19 6.13 6.16 6.26 6.31 6.25 6.22 6.33 6.50 6.53 6.39 6.30 6.35 6.43 6.43 6.40 6.48 6.76 7.10 7.42 7.61 7.58 7.40 7.26 7.16 6.97 6.83 6.80 6.77 6.70 6.60 6.48 6.35 6.22 6.26 6.37 6.43 6.44 6.48 6.66 6.85 6.74 6.22 5.59 5.33 5.33 5.39 5.45 5.60 5.81 5.83 5.74 5.77 6.07 6.44 6.67 6.72 6.68 6.85
6.90 7.04 7.31 7.49 7.45 7.19 6.81 6.51 6.39 6.38 6.44 6.60 6.88 7.19 7.37 7.37 7.29 7.13 6.81 6.26 5.69 5.42 5.50 5.85 6.15 6.30 6.39 6.51 6.64 6.71 6.73 6.76 6.81 6.82 6.73 6.54 6.40 6.41 6.46 6.54 6.71 6.98 7.23 7.35 7.38 7.25 6.92 6.57 6.43 6.51 6.62 6.78 6.91 6.88 6.77 6.71 6.67 6.60 6.47 6.43 6.47 6.54 6.61 6.70 6.82 6.78 6.41 5.83 5.50 5.42 5.43 5.48 5.57 5.71 5.91 6.03 6.03 5.93 5.97 6.36 6.94 7.44 7.82 8.13
6.97 7.11 7.31 7.37 7.31 7.23 7.05 6.74 6.53 6.50 6.58 6.71 6.89 6.99 6.91 6.82 6.76 6.52 6.00 5.45 5.16 5.22 5.59 6.01 6.28 6.44 6.58 6.73 6.86 6.98 7.16 7.34 7.42 7.35 7.21 7.04 6.87 6.75 6.64 6.73 7.02 7.31 7.37 7.30 7.17 6.85 6.37 6.00 5.95 6.23 6.64 6.93 7.00 6.90 6.82 6.80 6.80 6.78 6.69 6.58 6.57 6.63 6.72 6.78 6.77 6.54 6.05 5.65 5.55 5.57 5.59 5.64 5.76 5.89 5.91 5.95 6.16 6.41 6.60 6.92 7.51 7.99 8.19 8.13
7.07 7.23 7.44 7.51 7.48 7.40 7.33 7.21 7.01 6.84 6.72 6.63 6.58 6.52 6.53 6.62 6.58 6.24 5.81 5.64 5.77 6.01 6.22 6.40 6.51 6.58 6.69 6.82 6.95 7.06 7.23 7.42 7.53 7.54 7.51 7.48 7.43 7.29 7.05 6.94 7.05 7.13 7.13 7.13 6.97 6.57 6.13 5.89 5.94 6.31 6.81 7.11 7.12 7.03 6.96 6.93 6.88 6.83 6.70 6.59 6.56 6.61 6.67 6.69 6.63 6.39 6.00 5.75 5.70 5.73 5.77 5.78 5.83 5.92 5.99 6.08 6.28 6.69 7.19 7.65 7.98 7.93 7.53 7.18
7.35 7.58 7.89 7.91 7.77 7.54 7.46 7.47 7.38 7.09 6.73 6.44 6.27 6.27 6.43 6.56 6.41 6.14 6.11 6.37 6.64 6.71 6.70 6.72 6.75 6.78 6.85 6.92 7.00 7.11 7.22 7.28 7.28 7.38 7.62 7.89 8.04 7.98 7.73 7.35 7.10 6.96 7.02 7.00 6.70 6.30 6.07 6.06 6.25 6.66 7.10 7.32 7.33 7.24 7.13 7.02 6.91 6.78 6.61 6.53 6.53 6.55 6.57 6.57 6.53 6.37 6.15 6.05 6.02 6.02 6.02 5.98 5.90 5.87 6.05 6.39 6.75 7.17 7.74 8.19 8.14 7.56 6.79 6.31
7.56 7.71 7.91 7.92 7.81 7.58 7.40 7.30 7.18 6.92 6.56 6.27 6.18 6.29 6.39 6.33 6.18 6.23 6.52 6.77 6.84 6.81 6.80 6.86 6.90 6.88 6.88 6.89 6.94 7.07 7.24 7.28 7.26 7.37 7.67 7.99 8.19 8.25 8.19 7.91 7.38 7.00 6.80 6.57 6.21 6.03 6.09 6.25 6.53 6.99 7.38 7.49 7.43 7.34 7.22 7.08 6.91 6.75 6.56 6.52 6.54 6.57 6.57 6.55 6.54 6.48 6.40 6.38 6.39 6.38 6.33 6.28 6.19 6.13 6.25 6.64 7.29 8.03 8.62 8.73 8.27 7.46 6.65 6.05
7.48 7.34 7.14 7.15 7.26 7.25 7.10 6.95 6.88 6.76 6.61 6.54 6.63 6.72 6.58 6.28 6.14 6.28 6.45 6.52 6.60 6.73 6.86 6.96 6.95 6.83 6.72 6.70 6.76 6.93 7.13 7.28 7.36 7.43 7.49 7.54 7.59 7.70 7.81 7.74 7.30 6.78 6.34 6.00 5.83 5.88 6.08 6.28 6.69 7.24 7.51 7.44 7.33 7.28 7.23 7.11 6.93 6.73 6.54 6.54 6.62 6.67 6.66 6.62 6.60 6.58 6.58 6.63 6.67 6.71 6.77 6.85 6.87 6.91 7.02 7.34 7.94 8.67 9.06 8.85 8.26 7.65 7.04 6.40
7.15 6.76 6.11 5.87 5.98 6.20 6.43 6.65 6.85 7.01 7.16 7.35 7.50 7.38 6.96 6.49 6.22 6.10 6.00 6.03 6.32 6.69 6.92 7.00 6.95 6.80 6.65 6.56 6.53 6.64 6.77 6.90 6.97 7.01 6.93 6.80 6.72 6.71 6.73 6.70 6.55 6.27 5.96 5.74 5.75 5.91 6.07 6.37 6.96 7.47 7.49 7.25 7.15 7.17 7.17 7.09 6.94 6.76 6.62 6.67 6.79 6.84 6.81 6.73 6.64 6.61 6.67 6.78 6.88 7.00 7.23 7.53 7.83 8.13 8.40 8.59 8.82 9.06 8.95 8.48 8.14 8.02 7.83 7.46
6.68 6.17 5.37 5.09 5.09 5.34 5.83 6.34 6.78 7.18 7.52 7.72 7.71 7.41 6.97 6.56 6.23 5.99 5.89 6.06 6.39 6.70 6.89 6.98 6.97 6.90 6.78 6.65 6.47 6.41 6.41 6.37 6.31 6.32 6.31 6.18 6.02 5.92 5.83 5.83 5.86 5.85 5.80 5.85 6.08 6.31 6.55 6.98 7.51 7.68 7.44 7.16 7.09 7.10 7.09 7.06 7.02 7.04 7.12 7.22 7.19 7.06 6.92 6.81 6.75 6.73 6.78 6.90 7.06 7.29 7.67 8.16 8.70 9.17 9.45 9.46 9.33 9.10 8.66 8.25 8.25 8.46 8.60 8.61
6.31 5.86 5.26 5.16 5.28 5.55 5.91 6.22 6.52 6.88 7.22 7.36 7.20 6.87 6.61 6.41 6.21 6.09 6.17 6.44 6.70 6.89 6.97 7.01 7.01 6.99 6.98 6.95 6.83 6.59 6.39 6.22 6.12 6.06 5.96 5.76 5.53 5.41 5.39 5.47 5.57 5.71 5.96 6.36 6.73 7.04 7.39 7.72 7.88 7.72 7.36 7.13 7.07 7.04 7.02 7.07 7.21 7.46 7.71 7.75 7.49 7.13 6.92 6.86 6.89 6.92 6.91 7.00 7.23 7.59 8.08 8.58 9.02 9.27 9.34 9.23 8.97 8.62 8.29 8.16 8.28 8.49 8.76 9.04
6.44 6.26 6.19 6.36 6.50 6.57 6.49 6.36 6.41 6.59 6.78 6.83 6.65 6.44 6.33 6.27 6.21 6.22 6.40 6.70 6.93 7.12 7.16 7.11 7.04 7.03 7.09 7.16 7.15 7.00 6.66 6.36 6.17 5.99 5.75 5.47 5.23 5.14 5.19 5.33 5.55 5.91 6.45 6.96 7.29 7.52 7.74 7.84 7.76 7.47 7.14 6.96 6.86 6.82 6.87 7.03 7.28 7.51 7.60 7.41 7.11 6.90 6.82 6.84 6.92 6.99 7.00 7.06 7.26 7.67 8.15 8.48 8.54 8.39 8.19 8.02 7.91 7.85 7.83 7.87 7.87 7.93 8.25 8.65
6.88 7.02 7.39 7.74 7.86 7.69 7.22 6.91 6.82 6.76 6.63 6.45 6.31 6.26 6.25 6.24 6.25 6.36 6.64 6.96 7.19 7.35 7.29 7.12 7.00 7.00 7.10 7.18 7.20 7.13 6.89 6.55 6.21 5.92 5.64 5.39 5.23 5.15 5.18 5.38 5.85 6.54 7.18 7.53 7.64 7.62 7.60 7.55 7.40 7.15 6.87 6.63 6.46 6.47 6.63 6.86 7.06 7.11 6.96 6.69 6.58 6.61 6.69 6.77 6.86 6.93 6.97 7.03 7.15 7.40 7.71 7.73 7.50 7.19 6.92 6.81 6.96 7.25 7.46 7.50 7.44 7.45 7.64 7.87
7.08 7.33 7.75 8.06 8.19 8.14 7.98 7.74 7.44 7.07 6.67 6.37 6.25 6.26 6.30 6.34 6.44 6.66 6.97 7.21 7.33 7.32 7.12 6.91 6.83 6.90 7.00 7.05 7.03 6.98 6.86 6.60 6.30 6.01 5.73 5.51 5.34 5.26 5.38 5.84 6.65 7.41 7.79 7.81 7.64 7.46 7.37 7.32 7.19 6.96 6.65 6.36 6.19 6.31 6.49 6.63 6.63 6.47 6.26 6.15 6.21 6.39 6.57 6.69 6.75 6.77 6.82 6.94 7.08 7.23 7.26 7.04 6.77 6.59 6.49 6.57 6.90 7.25 7.42 7.41 7.38 7.40 7.40 7.40
7.08 7.27 7.55 7.66 7.68 7.71 7.88 7.86 7.58 7.14 6.75 6.51 6.42 6.41 6.47 6.59 6.79 7.03 7.24 7.27 7.15 6.94 6.75 6.66 6.68 6.78 6.80 6.73 6.73 6.76 6.70 6.57 6.41 6.19 5.95 5.75 5.62 5.62 5.97 6.74 7.50 7.82 7.73 7.47 7.25 7.16 7.19 7.23 7.13 6.86 6.53 6.30 6.27 6.38 6.46 6.45 6.25 5.89 5.61 5.60 5.82 6.16 6.44 6.59 6.64 6.68 6.74 6.87 7.06 7.20 7.15 6.94 6.76 6.64 6.63 6.91 7.36 7.66 7.75 7.68 7.59 7.51 7.42 7.44
7.10 7.26 7.48 7.48 7.31 7.07 7.04 7.13 7.13 7.00 6.81 6.68 6.60 6.59 6.66 6.83 7.06 7.23 7.23 7.03 6.76 6.51 6.41 6.52 6.69 6.80 6.76 6.66 6.70 6.74 6.69 6.60 6.47 6.30 6.15 6.09 6.16 6.40 6.86 7.39 7.64 7.49 7.18 6.95 6.88 6.97 7.13 7.19 7.04 6.74 6.46 6.35 6.32 6.39 6.45 6.43 6.27 6.00 5.70 5.59 5.78 6.09 6.32 6.47 6.58 6.68 6.77 6.87 6.95 6.97 6.99 7.00 6.87 6.67 6.71 7.20 7.82 8.12 8.09 7.92 7.74 7.57 7.48 7.60
7.16 7.26 7.32 7.18 6.94 6.59 6.32 6.28 6.45 6.63 6.70 6.70 6.67 6.65 6.70 6.84 6.97 6.93 6.68 6.36 6.10 5.97 6.10 6.49 6.88 7.04 7.04 7.02 7.05 6.97 6.82 6.65 6.47 6.33 6.29 6.37 6.61 6.91 7.16 7.26 7.16 6.95 6.79 6.76 6.84 6.96 7.09 7.12 6.93 6.64 6.43 6.26 6.16 6.26 6.46 6.56 6.59 6.54 6.37 6.27 6.29 6.27 6.29 6.39 6.55 6.69 6.79 6.85 6.83 6.81 6.90 7.01 6.91 6.81 7.08 7.80 8.39 8.43 8.13 7.82 7.60 7.49 7.50 7.59
7.16 7.03 6.61 6.07 5.78 5.68 5.70 5.81 5.99 6.20 6.40 6.55 6.61 6.63 6.66 6.67 6.57 6.31 6.00 5.80 5.73 5.83 6.19 6.75 7.14 7.26 7.27 7.29 7.23 7.04 6.87 6.67 6.48 6.38 6.40 6.50 6.67 6.83 6.88 6.87 6.82 6.71 6.72 6.84 6.96 6.99 6.98 6.94 6.80 6.58 6.29 6.02 6.01 6.28 6.59 6.75 6.86 6.96 7.02 7.02 6.86 6.55 6.34 6.38 6.55 6.71 6.82 6.90 7.01 7.16 7.26 7.19 7.17 7.41 7.99 8.57 8.74 8.39 7.92 7.62 7.48 7.49 7.53 7.45
6.94 6.58 5.90 5.25 4.87 5.01 5.38 5.73 5.96 6.17 6.36 6.47 6.53 6.59 6.61 6.53 6.35 6.20 6.21 6.29 6.37 6.52 6.82 7.09 7.22 7.18 7.15 7.10 6.87 6.66 6.63 6.59 6.49 6.45 6.49 6.56 6.66 6.77 6.86 6.95 6.88 6.73 6.75 6.91 6.98 6.92 6.82 6.73 6.58 6.29 5.94 5.83 6.06 6.46 6.76 6.91 7.02 7.16 7.31 7.33 7.17 6.89 6.66 6.65 6.73 6.80 6.88 7.04 7.28 7.45 7.39 7.26 7.45 8.01 8.61 8.72 8.41 7.87 7.56 7.47 7.49 7.54 7.51 7.34
6.70 6.37 5.94 5.70 5.54 5.57 5.72 5.83 5.95 6.18 6.40 6.49 6.52 6.57 6.60 6.58 6.59 6.73 6.93 6.95 6.83 6.80 6.95 7.07 7.04 6.87 6.71 6.48 6.15 6.02 6.14 6.30 6.43 6.51 6.58 6.66 6.83 7.05 7.25 7.30 7.10 6.81 6.71 6.76 6.76 6.69 6.64 6.57 6.32 5.90 5.67 5.86 6.28 6.64 6.83 6.94 7.05 7.18 7.27 7.29 7.27 7.23 7.17 7.08 6.96 6.87 6.90 7.03 7.16 7.14 7.05 7.25 7.80 8.38 8.56 8.18 7.58 7.19 7.05 7.10 7.19 7.23 7.13 7.00
6.67 6.52 6.33 6.26 6.21 6.21 6.15 6.05 6.04 6.16 6.28 6.37 6.47 6.57 6.66 6.79 6.98 7.12 7.03 6.73 6.49 6.45 6.65 6.90 6.89 6.57 6.15 5.79 5.57 5.61 5.83 6.11 6.40 6.59 6.73 6.89 7.13 7.37 7.49 7.40 7.13 6.82 6.59 6.46 6.39 6.43 6.51 6.42 6.08 5.72 5.71 6.05 6.46 6.71 6.82 6.86 6.94 7.04 7.10 7.14 7.21 7.29 7.30 7.15 6.95 6.83 6.82 6.86 6.85 6.81 6.99 7.56 8.15 8.27 7.96 7.39 6.95 6.75 6.67 6.65 6.69 6.72 6.58 6.35
6.76 6.69 6.55 6.43 6.34 6.41 6.60 6.71 6.71 6.52 6.28 6.23 6.39 6.59 6.78 7.00 7.17 7.13 6.88 6.69 6.71 6.84 7.00 7.12 6.93 6.44 5.93 5.63 5.59 5.75 5.98 6.21 6.45 6.68 6.90 7.15 7.33 7.39 7.32 7.15 6.96 6.76 6.53 6.29 6.19 6.30 6.42 6.30 6.01 5.84 5.95 6.25 6.52 6.67 6.72 6.73 6.74 6.77 6.83 6.93 7.04 7.12 7.10 6.94 6.73 6.62 6.64 6.70 6.74 6.90 7.31 7.77 7.84 7.50 7.12 6.87 6.72 6.63 6.58 6.52 6.49 6.47 6.31 6.03
6.70 6.62 6.53 6.62 6.79 7.00 7.19 7.16 6.84 6.39 6.05 6.09 6.37 6.63 6.83 7.01 7.10 7.11 7.22 7.54 7.85 7.93 7.83 7.63 7.19 6.65 6.26 6.15 6.21 6.34 6.41 6.45 6.53 6.70 6.89 7.02 7.05 7.03 6.99 6.91 6.84 6.76 6.62 6.45 6.37 6.37 6.35 6.24 6.08 6.03 6.18 6.43 6.59 6.63 6.62 6.58 6.54 6.51 6.57 6.75 6.90 6.96 6.87 6.66 6.37 6.27 6.41 6.60 6.78 7.03 7.31 7.34 6.97 6.65 6.61 6.64 6.64 6.64 6.62 6.53 6.43 6.33 6.12 5.90
