project/data/elevation/US_DEM2016/US_DEM2016_point_11-01-2019_1220_30m_vel.asc
ncols	125
nrows	167
xllcorner	-2042055.000000
yllcorner	1465035.000000
cellsize	30.000000
NODATA_value	-9999.000000
[rows 0 to 37 of 167, columns 0 to 83 of 125]
4.52 4.20 4.02 4.50 5.24 6.01 6.67 7.12 7.25 7.34 7.61 8.14 8.32 7.81 7.41 7.46 7.64 7.67 7.32 6.82 6.41 6.36 6.65 7.02 7.34 7.44 7.31 6.72 5.79 4.81 3.93 3.21 2.74 2.53 2.52 2.63 2.91 3.35 3.81 4.06 4.16 4.22 4.28 4.25 4.02 3.69 3.47 3.51 3.84 4.42 5.07 5.78 6.41 7.01 7.22 7.26 7.10 6.48 5.92 5.58 5.43 5.43 5.55 5.83 6.00 6.01 5.89 5.53 4.89 4.49 4.43 4.59 4.87 5.15 5.35 5.46 5.58 5.79 6.07 6.32 6.55 6.55 6.01 5.76
4.52 4.20 4.02 4.50 5.24 6.01 6.67 7.12 7.25 7.34 7.61 8.14 8.32 7.81 7.41 7.46 7.64 7.67 7.32 6.82 6.41 6.36 6.65 7.02 7.34 7.44 7.31 6.72 5.79 4.81 3.93 3.21 2.74 2.53 2.52 2.63 2.91 3.35 3.81 4.06 4.16 4.22 4.28 4.25 4.02 3.69 3.47 3.51 3.84 4.42 5.07 5.78 6.41 7.01 7.22 7.26 7.10 6.48 5.92 5.58 5.43 5.43 5.55 5.83 6.00 6.01 5.89 5.53 4.89 4.49 4.43 4.59 4.87 5.15 5.35 5.46 5.58 5.79 6.07 6.32 6.55 6.55 6.01 5.76
4.35 4.11 4.08 4.55 5.13 5.79 6.34 6.71 6.87 6.93 7.13 7.52 7.65 7.40 7.11 7.11 7.22 7.29 7.06 6.58 6.31 6.33 6.57 6.79 6.89 6.84 6.49 5.87 5.15 4.37 3.66 3.10 2.77 2.64 2.65 2.74 2.95 3.28 3.60 3.81 3.87 3.90 3.96 4.06 4.12 4.09 4.03 4.04 4.31 4.75 5.28 5.77 6.19 6.52 6.69 6.73 6.68 6.45 6.05 5.61 5.29 5.14 5.26 5.48 5.61 5.62 5.60 5.51 5.33 5.07 4.94 4.94 5.00 5.06 5.10 5.17 5.32 5.57 5.80 5.91 5.96 5.98 5.88 5.86
4.42 4.25 4.37 4.75 5.13 5.47 5.81 5.94 5.91 5.92 6.09 6.23 6.28 6.22 6.23 6.21 6.22 6.38 6.35 6.17 6.16 6.31 6.38 6.22 5.93 5.58 5.13 4.72 4.30 3.86 3.46 3.20 3.12 3.16 3.19 3.18 3.21 3.31 3.41 3.51 3.70 3.86 4.01 4.23 4.52 4.74 4.88 4.92 5.02 5.23 5.55 5.73 5.72 5.61 5.59 5.47 5.48 5.66 5.74 5.63 5.38 5.16 5.03 4.98 4.85 4.79 4.90 5.15 5.39 5.52 5.51 5.35 5.12 4.89 4.74 4.74 4.88 5.08 5.18 5.07 4.97 5.23 5.65 5.99
4.65 4.55 4.74 4.98 5.15 5.34 5.41 5.40 5.22 5.11 5.14 5.19 5.20 5.18 5.28 5.30 5.28 5.43 5.70 5.98 6.22 6.26 6.08 5.57 4.97 4.57 4.39 4.27 4.11 3.94 3.81 3.79 3.88 3.97 3.94 3.80 3.66 3.63 3.65 3.73 4.02 4.32 4.62 4.90 5.04 5.18 5.28 5.39 5.48 5.60 5.72 5.67 5.37 5.01 4.70 4.22 3.98 4.12 4.59 5.08 5.29 5.27 5.10 4.75 4.44 4.22 4.14 4.28 4.57 4.79 4.87 4.82 4.69 4.54 4.45 4.45 4.53 4.61 4.63 4.55 4.58 4.97 5.51 5.79
4.72 4.69 4.93 5.15 5.18 5.23 5.19 4.94 4.74 4.64 4.56 4.56 4.62 4.72 4.95 5.08 5.09 5.13 5.44 5.86 6.10 5.97 5.55 4.83 4.25 4.07 4.11 4.18 4.24 4.30 4.38 4.48 4.54 4.48 4.33 4.15 4.03 4.00 4.00 4.05 4.17 4.37 4.69 5.07 5.27 5.35 5.43 5.57 5.68 5.77 5.80 5.64 5.31 4.74 4.11 3.57 3.42 3.56 3.88 4.23 4.56 4.76 4.72 4.42 4.12 3.89 3.73 3.67 3.69 3.73 3.78 3.84 3.90 3.96 4.02 4.08 4.16 4.25 4.33 4.41 4.54 4.83 5.17 5.21
4.86 4.92 5.13 5.32 5.28 5.14 4.91 4.52 4.25 4.19 4.19 4.19 4.27 4.60 5.03 5.19 5.26 5.27 5.30 5.39 5.52 5.39 4.93 4.33 4.04 4.00 4.04 4.12 4.28 4.53 4.75 4.88 4.82 4.70 4.56 4.49 4.48 4.45 4.35 4.22 4.16 4.23 4.42 4.71 4.93 4.94 4.95 5.09 5.35 5.55 5.68 5.61 5.27 4.91 4.51 4.19 4.21 4.30 4.30 4.20 4.09 4.06 4.02 3.89 3.69 3.51 3.41 3.41 3.43 3.42 3.40 3.40 3.43 3.50 3.58 3.66 3.73 3.85 4.05 4.26 4.46 4.65 4.74 4.56
4.98 5.15 5.48 5.53 5.43 5.03 4.56 4.10 3.94 4.03 4.04 3.94 4.06 4.52 4.99 5.08 5.10 5.07 4.89 4.73 4.78 4.75 4.47 4.19 4.07 4.05 4.07 4.11 4.26 4.56 4.87 5.04 5.06 5.10 5.18 5.34 5.39 5.28 5.04 4.74 4.44 4.25 4.25 4.27 4.20 4.15 4.13 4.29 4.74 5.33 5.62 5.61 5.42 5.39 5.40 5.38 5.25 5.07 4.76 4.36 3.96 3.69 3.58 3.49 3.33 3.19 3.21 3.36 3.48 3.48 3.39 3.29 3.23 3.25 3.34 3.44 3.52 3.69 3.94 4.14 4.25 4.31 4.29 4.10
5.26 5.43 5.78 5.74 5.48 5.02 4.44 4.08 4.12 4.19 4.13 4.02 4.12 4.48 4.74 4.71 4.60 4.51 4.35 4.25 4.35 4.34 4.09 3.94 3.92 3.99 4.16 4.35 4.50 4.67 4.97 5.26 5.55 5.97 6.42 6.70 6.68 6.42 6.08 5.69 5.22 4.76 4.44 4.25 4.05 3.93 4.08 4.40 4.97 5.52 5.68 5.38 5.10 5.13 5.26 5.31 5.15 4.82 4.39 4.00 3.68 3.47 3.39 3.37 3.32 3.29 3.44 3.65 3.70 3.57 3.36 3.21 3.21 3.37 3.60 3.78 3.94 4.19 4.38 4.38 4.24 4.09 4.01 3.99
5.43 5.66 5.89 5.77 5.46 5.10 4.62 4.48 4.68 4.82 4.64 4.45 4.45 4.53 4.50 4.34 4.15 4.05 4.07 4.14 4.27 4.13 3.79 3.66 3.74 3.91 4.18 4.50 4.76 4.99 5.34 5.75 6.25 6.81 7.17 7.24 7.09 6.88 6.69 6.47 6.12 5.65 5.20 4.85 4.55 4.49 4.64 5.02 5.52 5.79 5.59 4.80 4.20 3.80 3.86 4.06 4.09 3.89 3.65 3.46 3.30 3.21 3.25 3.41 3.65 3.82 4.06 4.21 4.02 3.64 3.41 3.41 3.66 4.06 4.41 4.65 4.90 5.17 5.29 5.13 4.82 4.58 4.48 4.43
5.65 5.66 5.79 5.74 5.51 5.32 5.23 5.44 5.68 5.68 5.47 5.17 4.91 4.65 4.35 4.06 3.90 3.99 4.21 4.41 4.48 4.24 3.88 3.74 3.82 3.98 4.18 4.49 4.97 5.52 5.99 6.39 6.72 6.84 6.66 6.29 6.16 6.35 6.57 6.65 6.56 6.29 5.89 5.45 5.15 5.00 4.99 5.33 5.76 5.82 5.22 4.33 3.64 3.21 3.06 3.06 3.13 3.18 3.17 3.12 3.08 3.14 3.35 3.69 4.12 4.49 4.71 4.64 4.32 3.85 3.73 3.99 4.46 4.93 5.32 5.62 5.89 6.02 5.94 5.71 5.50 5.37 5.23 5.06
5.68 5.44 5.48 5.78 5.92 6.05 6.30 6.59 6.76 6.55 6.21 5.88 5.49 4.94 4.38 4.08 4.02 4.23 4.57 4.78 4.76 4.50 4.17 4.01 4.06 4.25 4.51 4.93 5.52 6.08 6.38 6.50 6.37 5.94 5.26 4.83 4.95 5.39 5.74 5.98 6.18 6.28 6.19 5.94 5.61 5.34 5.24 5.51 5.71 5.51 4.70 4.08 3.68 3.29 2.96 2.74 2.75 2.91 3.02 3.06 3.16 3.43 3.81 4.23 4.67 4.96 5.02 4.87 4.60 4.40 4.32 4.61 5.04 5.52 5.88 6.10 6.10 5.88 5.42 5.06 4.92 4.90 4.90 4.86
5.40 5.11 5.05 5.60 6.14 6.57 6.88 7.03 7.04 6.85 6.57 6.30 5.96 5.34 4.76 4.48 4.41 4.49 4.69 4.81 4.72 4.46 4.22 4.14 4.27 4.57 4.98 5.43 5.76 5.90 5.83 5.53 4.99 4.30 3.87 3.99 4.36 4.56 4.57 4.75 5.12 5.53 5.87 6.01 5.89 5.60 5.43 5.57 5.45 4.83 4.07 3.65 3.27 2.91 2.64 2.57 2.71 2.92 3.14 3.34 3.60 3.97 4.38 4.72 4.96 5.05 5.04 5.00 4.95 4.91 4.94 5.15 5.59 5.95 6.02 5.76 5.22 4.48 3.84 3.50 3.43 3.55 3.77 3.97
5.33 5.20 5.11 5.28 5.68 6.09 6.30 6.31 6.18 6.12 6.14 6.13 6.01 5.70 5.33 5.02 4.81 4.66 4.58 4.47 4.28 4.08 4.03 4.10 4.29 4.58 4.84 4.95 4.84 4.59 4.24 3.72 3.18 2.82 2.91 3.35 3.61 3.56 3.51 3.68 3.96 4.36 4.80 5.16 5.40 5.44 5.42 5.45 5.22 4.46 3.69 3.03 2.57 2.39 2.44 2.67 2.94 3.16 3.44 3.80 4.17 4.51 4.79 4.99 5.10 5.17 5.23 5.29 5.31 5.28 5.37 5.69 6.00 5.91 5.35 4.49 3.65 3.11 2.87 2.87 3.06 3.36 3.58 3.63
5.50 5.58 5.37 5.10 4.83 4.80 4.75 4.54 4.36 4.49 4.79 5.10 5.31 5.45 5.45 5.30 5.04 4.73 4.44 4.12 3.80 3.70 3.79 3.92 4.01 4.05 3.95 3.68 3.35 3.11 2.89 2.67 2.55 2.55 2.66 2.79 2.85 2.92 2.99 3.08 3.20 3.36 3.60 3.94 4.43 5.08 5.35 5.44 5.17 4.52 3.62 2.87 2.53 2.59 2.89 3.21 3.37 3.49 3.75 4.21 4.71 5.02 5.26 5.44 5.58 5.72 5.81 5.79 5.69 5.60 5.71 5.99 5.85 5.03 3.99 3.28 3.03 2.94 2.99 3.25 3.65 4.05 4.19 4.14
5.58 5.53 5.20 4.72 3.98 3.44 3.06 2.78 2.73 2.88 3.18 3.49 3.89 4.37 4.86 5.08 5.00 4.71 4.33 3.94 3.64 3.58 3.63 3.64 3.55 3.37 3.12 2.92 2.81 2.72 2.69 2.77 2.95 3.08 3.06 3.03 3.07 3.16 3.25 3.31 3.33 3.40 3.57 3.97 4.54 5.27 5.57 5.52 5.06 4.29 3.61 3.24 3.14 3.36 3.69 3.89 3.85 3.86 4.17 4.79 5.34 5.74 6.00 6.15 6.31 6.52 6.61 6.54 6.39 6.24 6.17 5.95 5.11 4.05 3.48 3.41 3.52 3.49 3.53 3.82 4.31 4.68 4.78 4.93
5.35 5.00 4.47 4.00 3.22 2.61 2.32 2.27 2.35 2.64 2.92 3.11 3.37 3.81 4.30 4.67 4.78 4.63 4.32 3.99 3.78 3.67 3.57 3.43 3.28 3.15 3.11 3.17 3.23 3.20 3.15 3.17 3.36 3.65 3.79 3.85 3.89 3.92 3.93 4.01 4.17 4.42 4.72 5.18 5.70 6.00 5.89 5.53 4.92 4.29 3.85 3.71 3.81 4.09 4.42 4.58 4.46 4.53 4.97 5.64 6.28 6.73 6.96 7.02 7.03 7.08 7.18 7.21 7.18 6.93 6.52 5.83 4.70 4.15 4.20 4.43 4.46 4.30 4.25 4.50 4.90 5.24 5.50 5.82
5.16 4.77 4.10 3.45 2.92 2.65 2.76 3.06 3.40 3.80 4.10 4.23 4.40 4.50 4.53 4.51 4.54 4.54 4.40 4.19 3.97 3.76 3.56 3.41 3.37 3.42 3.55 3.70 3.82 3.87 3.81 3.69 3.77 4.07 4.38 4.61 4.71 4.72 4.70 4.83 5.18 5.54 5.93 6.29 6.44 6.17 5.67 5.18 4.78 4.45 4.17 4.12 4.34 4.74 5.06 5.12 5.14 5.31 5.89 6.61 7.18 7.45 7.46 7.37 7.22 7.12 7.11 7.14 7.24 7.14 6.78 6.32 5.65 5.46 5.73 5.97 5.91 5.66 5.56 5.61 5.76 5.97 6.27 6.51
5.15 4.86 4.14 3.46 3.22 3.53 4.11 4.66 5.14 5.49 5.73 5.84 5.81 5.50 5.04 4.66 4.50 4.50 4.47 4.33 4.11 3.88 3.68 3.60 3.67 3.81 3.93 4.08 4.27 4.44 4.51 4.52 4.59 4.74 4.99 5.28 5.51 5.59 5.66 5.88 6.18 6.45 6.59 6.51 6.06 5.27 4.54 4.29 4.42 4.45 4.51 4.66 4.99 5.37 5.55 5.47 5.56 5.97 6.64 7.19 7.41 7.29 7.02 6.83 6.73 6.71 6.73 6.70 6.67 6.75 6.92 7.04 7.23 7.34 7.52 7.75 7.81 7.70 7.53 7.25 7.00 6.86 6.84 6.70
4.91 4.44 3.72 3.42 3.79 4.57 5.44 6.16 6.63 6.80 6.79 6.68 6.44 5.96 5.45 5.02 4.74 4.59 4.51 4.39 4.24 4.10 4.02 4.02 4.07 4.15 4.26 4.44 4.65 4.89 5.16 5.45 5.72 5.95 6.15 6.32 6.39 6.37 6.52 6.77 6.88 6.76 6.43 5.79 4.89 3.97 3.47 3.54 4.15 4.59 4.95 5.29 5.61 5.78 5.76 5.64 5.88 6.46 6.91 7.10 6.83 6.34 5.92 5.74 5.82 6.01 6.16 6.18 6.06 6.12 6.61 7.18 7.69 8.01 8.23 8.54 8.72 8.71 8.51 8.23 7.82 7.46 7.04 6.50
4.21 3.75 3.37 3.69 4.60 5.69 6.52 7.00 7.17 7.05 6.80 6.54 6.27 5.94 5.66 5.36 5.02 4.71 4.55 4.48 4.44 4.47 4.57 4.66 4.69 4.71 4.84 5.01 5.20 5.47 5.88 6.37 6.81 7.15 7.32 7.22 6.99 6.86 6.92 6.93 6.65 6.09 5.33 4.43 3.66 3.27 3.27 3.73 4.49 5.11 5.67 6.11 6.30 6.18 5.96 5.95 6.27 6.59 6.74 6.42 5.79 5.17 4.69 4.44 4.58 4.75 4.89 5.00 5.09 5.27 5.64 6.20 6.79 7.18 7.44 7.69 7.88 7.94 7.95 7.90 7.72 7.35 6.89 6.30
4.34 4.15 4.22 4.92 5.90 6.73 7.09 7.07 6.81 6.38 6.06 5.85 5.64 5.56 5.49 5.32 5.05 4.76 4.65 4.71 4.87 5.14 5.41 5.56 5.63 5.65 5.74 5.88 6.07 6.40 6.85 7.27 7.51 7.57 7.39 7.05 6.81 6.64 6.48 6.07 5.41 4.67 3.87 3.23 3.06 3.31 3.85 4.61 5.23 5.86 6.39 6.63 6.66 6.58 6.34 6.29 6.39 6.40 6.10 5.37 4.62 3.99 3.39 3.14 3.19 3.17 3.13 3.32 3.70 4.01 4.53 4.91 5.17 5.31 5.40 5.56 5.54 5.68 5.93 6.13 6.56 6.79 6.71 6.52
5.10 5.36 5.95 6.48 6.93 7.18 6.95 6.44 5.89 5.54 5.36 5.21 5.07 5.03 5.02 4.97 4.87 4.78 4.83 5.07 5.45 5.86 6.18 6.40 6.47 6.52 6.62 6.78 7.02 7.36 7.62 7.63 7.35 6.85 6.24 5.82 5.86 5.75 5.29 4.54 3.78 3.29 2.95 2.98 3.34 3.86 4.57 5.28 5.91 6.45 6.68 6.73 6.64 6.57 6.51 6.37 6.18 5.84 5.15 4.35 3.61 2.87 2.38 2.32 2.38 2.34 2.35 2.60 2.99 3.37 3.77 4.12 4.22 4.14 3.98 3.94 4.06 4.42 4.75 5.00 5.39 5.96 6.37 6.50
5.64 6.11 6.77 7.02 7.08 6.81 6.28 5.70 5.21 5.03 4.97 4.83 4.70 4.63 4.61 4.66 4.71 4.81 4.98 5.19 5.45 5.72 6.02 6.37 6.58 6.77 7.00 7.27 7.49 7.59 7.41 6.88 6.07 5.33 4.84 4.72 4.73 4.39 3.73 3.16 2.79 2.69 2.89 3.44 3.97 4.51 5.15 5.76 6.31 6.55 6.42 6.17 6.03 6.07 6.11 6.01 5.73 5.24 4.49 3.76 3.05 2.38 2.10 2.20 2.34 2.42 2.63 3.05 3.39 3.50 3.58 3.69 3.70 3.57 3.36 3.32 3.66 4.19 4.42 4.49 4.78 5.15 5.62 5.89
5.98 6.29 6.66 6.71 6.52 6.04 5.51 5.12 4.87 4.77 4.67 4.51 4.42 4.36 4.38 4.50 4.66 4.80 4.88 4.87 4.86 4.89 5.09 5.47 6.00 6.47 6.88 7.13 7.11 6.78 6.13 5.24 4.36 3.86 3.70 3.69 3.44 2.99 2.64 2.58 2.72 3.05 3.59 4.12 4.68 5.25 5.69 6.15 6.40 6.28 5.95 5.67 5.54 5.50 5.52 5.52 5.36 4.99 4.34 3.62 3.02 2.70 2.75 3.00 3.17 3.29 3.60 3.87 3.82 3.64 3.52 3.51 3.42 3.22 3.06 3.18 3.56 3.86 3.86 3.90 4.14 4.36 4.73 5.18
6.25 6.04 5.92 5.99 5.53 5.39 4.98 4.66 4.53 4.44 4.32 4.19 4.10 4.09 4.23 4.45 4.66 4.75 4.74 4.66 4.63 4.72 4.97 5.39 5.94 6.38 6.55 6.44 6.01 5.35 4.53 3.79 3.17 2.84 2.76 2.73 2.59 2.45 2.51 2.80 3.28 3.85 4.33 4.86 5.45 5.92 6.24 6.40 6.27 5.89 5.51 5.27 5.11 5.07 5.19 5.28 5.27 5.05 4.57 3.98 3.59 3.58 3.81 4.06 4.23 4.41 4.56 4.37 3.95 3.75 3.76 3.56 3.25 3.08 3.08 3.21 3.38 3.43 3.38 3.51 3.71 3.87 4.15 4.74
6.37 5.94 5.43 5.41 5.39 5.23 5.01 4.70 4.50 4.41 4.28 4.17 4.08 4.12 4.29 4.52 4.74 4.89 4.97 5.04 5.22 5.57 6.00 6.36 6.52 6.40 6.01 5.42 4.72 4.03 3.34 2.84 2.61 2.58 2.57 2.60 2.71 2.90 3.12 3.41 3.87 4.35 4.89 5.54 6.12 6.52 6.70 6.48 6.05 5.49 5.01 4.70 4.65 4.78 5.04 5.26 5.28 5.18 5.01 4.81 4.74 4.88 5.14 5.35 5.46 5.43 5.20 4.83 4.52 4.46 4.26 3.80 3.30 3.22 3.33 3.30 3.27 3.32 3.39 3.50 3.63 3.75 3.97 4.37
6.49 6.02 5.36 5.21 5.22 5.26 5.28 5.15 4.98 4.92 4.86 4.70 4.64 4.68 4.76 4.82 4.95 5.17 5.42 5.67 6.02 6.43 6.67 6.65 6.35 5.78 5.08 4.31 3.57 2.99 2.64 2.54 2.68 2.96 3.13 3.22 3.36 3.58 3.84 4.04 4.31 4.71 5.35 6.04 6.59 6.86 6.77 6.35 5.77 5.16 4.62 4.38 4.46 4.73 5.00 5.10 5.07 5.22 5.39 5.60 5.95 6.38 6.77 7.01 6.87 6.52 6.04 5.66 5.56 5.36 4.72 3.97 3.64 3.78 3.81 3.54 3.44 3.61 3.75 3.77 3.77 3.79 3.92 4.10
6.40 5.85 5.14 4.96 4.97 5.21 5.37 5.41 5.35 5.33 5.31 5.19 5.18 5.24 5.27 5.21 5.15 5.27 5.58 5.94 6.26 6.37 6.17 5.66 5.07 4.49 3.93 3.32 2.77 2.52 2.59 2.97 3.35 3.60 3.81 3.97 4.10 4.25 4.45 4.55 4.73 5.12 5.81 6.42 6.83 6.85 6.49 5.99 5.53 5.10 4.72 4.53 4.61 4.79 4.83 4.77 4.89 5.29 5.68 6.17 6.77 7.32 7.68 7.64 7.78 7.48 7.07 6.79 6.44 5.91 5.19 4.55 4.42 4.49 4.33 4.07 4.12 4.36 4.42 4.25 4.04 3.90 3.87 3.88
6.14 5.75 5.19 4.95 4.92 5.03 5.24 5.40 5.42 5.33 5.15 5.00 5.03 5.13 5.21 5.20 5.09 5.13 5.40 5.68 5.72 5.39 4.79 4.14 3.62 3.21 2.86 2.60 2.50 2.68 3.21 3.80 4.13 4.31 4.44 4.59 4.76 4.89 4.94 5.03 5.25 5.66 6.14 6.58 6.65 6.32 5.78 5.46 5.41 5.34 5.20 5.11 5.00 4.99 4.88 4.86 5.11 5.57 5.92 6.46 6.98 7.46 7.65 7.58 7.63 7.65 7.58 7.47 7.16 6.69 6.31 6.01 5.77 5.40 4.98 4.88 5.14 5.38 5.20 4.75 4.27 3.91 3.67 3.68
6.20 6.03 5.59 5.28 5.17 5.12 5.20 5.35 5.40 5.29 5.05 4.84 4.78 4.79 4.80 4.78 4.81 4.94 5.15 5.10 4.66 3.93 3.24 2.73 2.32 2.01 1.84 1.97 2.46 3.21 3.99 4.47 4.76 4.93 5.05 5.17 5.23 5.23 5.23 5.33 5.64 5.97 6.33 6.46 6.19 5.51 5.14 5.07 5.23 5.52 5.57 5.52 5.48 5.38 5.24 5.22 5.33 5.64 5.98 6.44 6.70 6.68 6.29 6.12 6.39 6.88 7.25 7.53 7.72 7.70 7.69 7.53 7.11 6.56 6.08 6.03 6.14 6.00 5.51 4.73 4.10 3.73 3.55 3.48
6.38 6.09 5.67 5.44 5.38 5.32 5.25 5.30 5.40 5.46 5.41 5.22 5.06 4.90 4.73 4.58 4.64 4.79 4.75 4.27 3.45 2.66 2.06 1.70 1.49 1.39 1.44 1.79 2.44 3.26 3.99 4.41 4.68 4.92 5.13 5.29 5.25 5.21 5.21 5.40 5.72 6.10 6.40 6.32 5.93 5.36 5.03 4.97 5.08 5.31 5.58 5.63 5.72 5.65 5.48 5.26 5.23 5.34 5.67 6.00 6.07 5.70 5.17 5.00 5.19 5.70 6.36 6.94 7.41 7.73 7.99 8.07 7.79 7.44 7.19 7.01 6.61 5.91 5.05 4.31 3.91 3.70 3.50 3.28
6.17 5.66 5.11 5.10 5.19 5.21 5.10 5.05 5.21 5.43 5.55 5.45 5.26 5.05 4.86 4.67 4.62 4.56 4.19 3.47 2.75 2.21 1.86 1.69 1.66 1.74 1.95 2.28 2.69 3.07 3.39 3.66 3.88 4.12 4.37 4.58 4.72 4.83 5.02 5.34 5.65 6.05 6.23 5.98 5.59 5.21 4.88 4.81 4.87 4.99 5.20 5.50 5.61 5.57 5.37 5.03 4.88 4.89 5.20 5.47 5.39 4.88 4.48 4.56 4.86 5.18 5.49 5.80 6.16 6.52 6.81 7.07 7.30 7.39 7.38 7.21 6.49 5.44 4.70 4.35 4.12 3.74 3.31 3.17
5.51 5.10 4.69 4.72 4.72 4.58 4.44 4.47 4.63 4.95 5.21 5.26 5.13 4.96 4.84 4.70 4.58 4.32 3.84 3.32 2.94 2.72 2.60 2.57 2.59 2.73 2.89 3.09 3.25 3.34 3.40 3.41 3.41 3.46 3.57 3.81 4.19 4.48 4.84 5.21 5.49 5.74 5.62 5.00 4.33 4.06 4.07 4.18 4.31 4.62 4.88 5.15 5.30 5.20 4.95 4.67 4.52 4.61 4.83 5.03 4.90 4.39 4.24 4.40 4.72 4.94 4.94 4.87 4.93 5.12 5.13 5.36 5.90 6.46 6.78 6.81 6.37 5.62 5.05 4.76 4.23 3.60 3.27 3.40
5.07 5.03 5.01 4.92 4.55 4.19 4.06 4.06 4.11 4.35 4.71 4.96 5.00 4.91 4.79 4.61 4.44 4.20 3.90 3.68 3.62 3.63 3.66 3.68 3.72 3.78 3.87 3.90 3.94 4.00 3.99 3.84 3.63 3.45 3.43 3.66 4.03 4.35 4.73 5.07 5.26 5.24 4.71 3.69 3.12 3.14 3.42 3.74 4.10 4.40 4.69 4.89 4.89 4.78 4.56 4.47 4.47 4.62 4.70 4.81 4.77 4.58 4.52 4.52 4.53 4.41 4.24 4.19 4.30 4.44 4.48 4.59 4.93 5.42 5.68 6.02 6.27 6.13 5.68 5.05 4.22 3.77 3.85 4.21
5.36 5.58 5.80 5.62 5.21 4.62 4.27 4.09 3.96 3.95 4.14 4.49 4.77 4.85 4.74 4.49 4.32 4.20 4.16 4.27 4.44 4.61 4.76 4.84 4.89 4.83 4.70 4.56 4.44 4.36 4.32 4.20 4.02 3.84 3.74 3.84 4.15 4.47 4.85 5.09 5.09 4.79 4.11 3.35 3.20 3.51 3.95 4.41 4.68 4.75 4.72 4.71 4.62 4.56 4.48 4.49 4.53 4.68 4.70 4.85 4.97 4.96 4.76 4.42 4.10 3.84 3.69 3.75 4.00 4.22 4.34 4.47 4.61 4.83 4.98 5.34 5.95 6.30 6.22 5.75 5.11 4.92 5.14 5.43
5.80 6.06 6.25 6.03 5.64 5.12 4.68 4.32 4.01 3.75 3.66 3.85 4.24 4.52 4.57 4.40 4.27 4.31 4.53 4.90 5.22 5.53 5.78 5.96 5.95 5.80 5.56 5.25 4.91 4.62 4.41 4.28 4.25 4.33 4.44 4.51 4.67 4.97 5.29 5.41 5.31 4.93 4.35 4.09 4.35 4.82 5.28 5.53 5.53 5.17 4.86 4.62 4.56 4.52 4.51 4.54 4.56 4.72 4.83 5.11 5.26 5.16 4.79 4.26 3.79 3.50 3.48 3.64 3.87 4.07 4.19 4.30 4.47 4.52 4.67 4.95 5.44 6.05 6.47 6.76 6.83 6.69 6.55 6.52
6.03 6.14 6.07 5.76 5.38 4.98 4.69 4.37 3.99 3.62 3.44 3.48 3.70 4.04 4.27 4.28 4.23 4.33 4.71 5.21 5.60 5.92 6.15 6.31 6.31 6.21 6.05 5.80 5.45 5.07 4.71 4.44 4.41 4.61 4.82 5.03 5.28 5.56 5.77 5.97 6.09 5.89 5.63 5.45 5.68 6.07 6.26 6.05 5.68 5.24 4.86 4.65 4.55 4.55 4.53 4.55 4.59 4.83 5.04 5.35 5.45 5.28 4.90 4.42 3.96 3.68 3.64 3.71 3.82 3.97 4.03 4.04 4.22 4.36 4.51 4.72 5.08 5.57 6.30 7.03 7.56 7.55 7.22 6.80
