project/data/elevation/US_DEM2016/US_DEM2016_point_10-29-2019_1212_30m_vel.asc
ncols	125
nrows	167
xllcorner	-2042055.000000
yllcorner	1465035.000000
cellsize	30.000000
NODATA_value	-9999.000000
[rows 0 to 37 of 167, columns 0 to 83 of 125]
2.89 2.93 3.08 3.18 3.09 2.95 2.93 3.10 3.27 3.40 3.54 3.62 3.37 3.31 3.47 3.70 3.87 3.80 3.25 2.73 2.67 2.96 3.32 3.48 3.56 3.58 3.42 2.99 2.56 2.35 2.30 2.33 2.41 2.48 2.45 2.36 2.34 2.37 2.37 2.33 2.30 2.30 2.34 2.45 2.53 2.52 2.41 2.35 2.43 2.79 3.21 3.49 3.69 3.89 3.89 3.83 3.79 3.63 3.51 3.39 3.28 3.15 3.01 3.01 3.05 3.10 3.13 3.16 3.10 3.07 3.09 3.14 3.16 3.13 3.13 3.12 3.05 2.97 3.09 3.29 3.20 2.81 2.79 3.20
2.89 2.93 3.08 3.18 3.09 2.95 2.93 3.10 3.27 3.40 3.54 3.62 3.37 3.31 3.47 3.70 3.87 3.80 3.25 2.73 2.67 2.96 3.32 3.48 3.56 3.58 3.42 2.99 2.56 2.35 2.30 2.33 2.41 2.48 2.45 2.36 2.34 2.37 2.37 2.33 2.30 2.30 2.34 2.45 2.53 2.52 2.41 2.35 2.43 2.79 3.21 3.49 3.69 3.89 3.89 3.83 3.79 3.63 3.51 3.39 3.28 3.15 3.01 3.01 3.05 3.10 3.13 3.16 3.10 3.07 3.09 3.14 3.16 3.13 3.13 3.12 3.05 2.97 3.09 3.29 3.20 2.81 2.79 3.20
2.87 2.96 3.14 3.22 3.11 3.05 3.07 3.22 3.39 3.43 3.40 3.31 3.10 3.23 3.49 3.55 3.46 3.29 2.89 2.54 2.70 3.17 3.46 3.43 3.29 3.16 2.80 2.37 2.13 2.07 2.14 2.26 2.40 2.52 2.49 2.37 2.34 2.37 2.32 2.26 2.23 2.23 2.28 2.44 2.58 2.56 2.44 2.40 2.59 3.08 3.47 3.57 3.56 3.60 3.58 3.50 3.41 3.31 3.24 3.18 3.12 3.00 2.95 3.00 3.07 3.09 3.06 3.03 3.06 3.07 3.11 3.15 3.12 3.07 3.04 3.02 2.97 2.98 3.18 3.26 2.95 2.56 2.76 3.36
2.93 3.10 3.31 3.31 3.21 3.19 3.29 3.38 3.44 3.41 3.24 2.89 2.67 2.95 3.43 3.33 2.87 2.53 2.27 2.29 2.84 3.49 3.61 3.24 2.81 2.38 1.86 1.55 1.53 1.67 1.91 2.18 2.42 2.58 2.57 2.46 2.43 2.44 2.34 2.18 2.17 2.23 2.32 2.51 2.71 2.70 2.61 2.66 3.01 3.57 3.82 3.64 3.36 3.13 3.01 2.85 2.73 2.73 2.77 2.80 2.84 2.87 2.87 2.93 2.97 2.99 2.95 2.92 2.95 3.01 3.05 3.03 2.95 2.88 2.86 2.87 2.88 3.01 3.20 3.15 2.68 2.44 2.92 3.57
3.14 3.30 3.47 3.37 3.25 3.26 3.31 3.35 3.33 3.31 3.16 2.77 2.43 2.63 3.24 3.25 2.68 2.17 2.01 2.28 3.03 3.57 3.49 2.95 2.37 1.85 1.45 1.27 1.30 1.51 1.86 2.22 2.53 2.69 2.68 2.59 2.56 2.59 2.46 2.29 2.32 2.39 2.49 2.69 2.84 2.83 2.75 2.91 3.36 3.81 3.87 3.59 3.22 2.88 2.63 2.38 2.30 2.36 2.48 2.58 2.67 2.72 2.75 2.73 2.77 2.82 2.84 2.86 2.89 2.86 2.81 2.74 2.67 2.65 2.70 2.79 2.89 3.01 3.08 2.99 2.75 2.72 3.15 3.60
3.34 3.42 3.50 3.39 3.23 3.21 3.23 3.15 3.15 3.21 3.11 2.75 2.36 2.47 3.12 3.25 2.72 2.13 2.04 2.43 3.13 3.46 3.21 2.56 1.95 1.55 1.31 1.20 1.27 1.55 1.97 2.38 2.68 2.75 2.69 2.63 2.65 2.69 2.62 2.50 2.49 2.55 2.61 2.78 2.92 2.88 2.82 3.06 3.52 3.86 3.83 3.51 3.11 2.68 2.37 2.19 2.22 2.35 2.45 2.50 2.55 2.57 2.53 2.49 2.58 2.70 2.77 2.81 2.80 2.74 2.65 2.57 2.52 2.55 2.65 2.77 2.89 2.98 3.01 2.96 2.90 2.99 3.28 3.49
3.52 3.55 3.49 3.35 3.20 3.10 3.02 2.92 2.93 3.02 3.03 2.77 2.40 2.51 3.12 3.24 2.78 2.20 2.09 2.42 3.04 3.27 2.89 2.20 1.68 1.41 1.26 1.22 1.36 1.70 2.13 2.54 2.75 2.74 2.65 2.66 2.74 2.77 2.71 2.60 2.57 2.63 2.68 2.79 2.90 2.83 2.80 3.07 3.61 3.95 3.88 3.48 2.95 2.56 2.36 2.29 2.38 2.49 2.48 2.43 2.41 2.42 2.36 2.34 2.45 2.63 2.75 2.79 2.76 2.68 2.60 2.54 2.51 2.56 2.67 2.79 2.88 2.97 3.03 3.03 3.04 3.12 3.24 3.26
3.64 3.62 3.49 3.25 3.10 2.93 2.76 2.69 2.80 2.95 2.95 2.76 2.53 2.68 3.15 3.22 2.77 2.19 1.98 2.26 2.87 3.05 2.62 1.99 1.55 1.33 1.24 1.31 1.54 1.87 2.26 2.61 2.77 2.78 2.77 2.84 2.90 2.88 2.79 2.68 2.62 2.65 2.72 2.76 2.74 2.70 2.72 3.04 3.70 4.15 3.99 3.46 2.86 2.52 2.42 2.44 2.47 2.44 2.32 2.21 2.22 2.27 2.28 2.28 2.40 2.62 2.81 2.86 2.77 2.63 2.53 2.49 2.51 2.60 2.72 2.82 2.91 3.04 3.14 3.13 3.10 3.11 3.10 2.99
3.78 3.65 3.38 3.09 2.91 2.74 2.58 2.62 2.87 2.98 2.93 2.80 2.73 2.85 3.08 3.10 2.69 2.11 1.84 2.17 2.79 2.87 2.37 1.82 1.46 1.30 1.30 1.51 1.78 2.04 2.39 2.70 2.90 3.04 3.10 3.10 3.04 2.96 2.89 2.79 2.71 2.70 2.77 2.76 2.65 2.59 2.75 3.25 4.02 4.32 4.02 3.33 2.71 2.40 2.32 2.31 2.25 2.12 1.98 1.96 2.05 2.18 2.24 2.26 2.38 2.69 2.98 3.01 2.79 2.50 2.36 2.40 2.53 2.69 2.83 2.92 3.04 3.23 3.30 3.21 3.10 3.05 3.00 2.89
3.80 3.64 3.20 2.90 2.73 2.62 2.54 2.73 3.01 3.11 3.01 2.92 2.91 2.93 2.94 2.87 2.54 2.01 1.86 2.28 2.79 2.69 2.13 1.69 1.44 1.37 1.46 1.71 1.99 2.27 2.62 2.93 3.21 3.35 3.25 3.05 2.93 2.89 2.85 2.78 2.74 2.79 2.86 2.87 2.73 2.69 2.90 3.59 4.26 4.31 3.85 3.09 2.47 2.11 2.06 2.09 2.01 1.85 1.78 1.85 1.99 2.16 2.27 2.26 2.40 2.81 3.17 3.14 2.75 2.32 2.19 2.39 2.70 2.94 3.07 3.16 3.31 3.47 3.45 3.27 3.12 3.07 3.07 2.96
3.94 3.63 3.10 2.80 2.68 2.65 2.75 3.04 3.24 3.21 3.10 3.03 2.99 2.89 2.75 2.63 2.37 2.02 2.04 2.48 2.76 2.48 1.94 1.62 1.50 1.51 1.65 1.90 2.23 2.61 2.95 3.23 3.44 3.36 2.98 2.65 2.64 2.78 2.80 2.73 2.73 2.79 2.86 2.90 2.85 2.79 3.02 3.81 4.33 4.16 3.51 2.80 2.24 1.96 1.91 1.93 1.87 1.76 1.74 1.85 2.04 2.26 2.42 2.42 2.52 2.97 3.27 3.09 2.66 2.22 2.15 2.55 3.04 3.30 3.39 3.46 3.56 3.57 3.39 3.17 3.06 3.05 3.03 2.93
4.11 3.75 3.18 2.89 2.79 2.86 3.06 3.28 3.35 3.19 3.06 3.02 2.96 2.77 2.57 2.47 2.32 2.16 2.27 2.60 2.66 2.27 1.80 1.60 1.60 1.71 1.91 2.23 2.61 2.96 3.17 3.31 3.31 3.02 2.52 2.31 2.52 2.74 2.73 2.67 2.67 2.72 2.83 2.92 2.88 2.84 3.17 3.96 4.28 3.94 3.17 2.57 2.14 1.87 1.77 1.77 1.77 1.72 1.74 1.90 2.17 2.47 2.68 2.71 2.79 3.11 3.24 2.99 2.61 2.36 2.33 2.83 3.36 3.56 3.57 3.54 3.48 3.32 3.02 2.83 2.82 2.83 2.81 2.72
4.14 3.84 3.34 3.06 2.98 3.05 3.19 3.25 3.15 2.97 2.88 2.86 2.82 2.63 2.48 2.44 2.37 2.29 2.37 2.56 2.48 2.06 1.69 1.64 1.76 1.94 2.24 2.57 2.83 3.00 3.09 3.08 2.94 2.59 2.26 2.29 2.59 2.68 2.57 2.55 2.59 2.64 2.80 2.92 2.92 2.97 3.35 4.03 4.14 3.62 2.89 2.38 1.98 1.74 1.68 1.71 1.73 1.68 1.74 2.02 2.40 2.77 2.97 2.98 2.99 3.11 3.14 2.94 2.70 2.55 2.61 3.12 3.61 3.66 3.48 3.28 3.07 2.80 2.59 2.58 2.68 2.73 2.73 2.62
4.10 3.90 3.50 3.22 3.11 3.13 3.14 3.04 2.82 2.66 2.64 2.65 2.59 2.47 2.43 2.43 2.37 2.29 2.32 2.39 2.25 1.87 1.67 1.76 1.93 2.13 2.40 2.59 2.66 2.70 2.71 2.65 2.55 2.34 2.24 2.44 2.60 2.54 2.45 2.50 2.52 2.58 2.72 2.79 2.88 3.14 3.56 3.95 3.89 3.32 2.67 2.11 1.79 1.71 1.76 1.83 1.77 1.67 1.82 2.21 2.67 3.06 3.19 3.15 3.08 3.07 3.07 2.97 2.83 2.73 2.89 3.41 3.66 3.44 3.06 2.75 2.56 2.45 2.41 2.58 2.82 2.91 2.85 2.66
4.03 3.91 3.46 3.15 3.05 3.10 3.03 2.79 2.55 2.49 2.53 2.51 2.40 2.31 2.34 2.35 2.27 2.17 2.16 2.15 1.99 1.76 1.75 1.88 2.01 2.14 2.27 2.35 2.38 2.41 2.38 2.36 2.39 2.37 2.39 2.51 2.54 2.45 2.44 2.51 2.51 2.51 2.60 2.66 2.84 3.35 3.71 3.78 3.53 3.06 2.43 1.89 1.72 1.85 2.04 2.06 1.84 1.71 1.97 2.42 2.91 3.25 3.37 3.33 3.25 3.18 3.11 3.00 2.90 2.91 3.20 3.53 3.41 2.90 2.51 2.39 2.42 2.37 2.39 2.70 3.06 3.19 3.03 2.80
4.13 3.89 3.29 2.89 2.74 2.81 2.86 2.69 2.53 2.51 2.55 2.46 2.32 2.25 2.28 2.27 2.11 2.00 1.97 1.91 1.80 1.74 1.82 1.94 2.00 2.03 2.08 2.18 2.29 2.35 2.31 2.29 2.39 2.48 2.52 2.59 2.61 2.54 2.50 2.54 2.56 2.57 2.63 2.75 3.03 3.58 3.75 3.53 3.17 2.75 2.24 1.89 1.89 2.18 2.39 2.27 1.89 1.81 2.21 2.74 3.18 3.50 3.57 3.50 3.44 3.37 3.22 3.05 2.97 3.11 3.38 3.34 2.86 2.39 2.31 2.45 2.54 2.45 2.50 2.88 3.31 3.41 3.19 3.04
4.25 3.85 3.13 2.65 2.41 2.56 2.77 2.74 2.62 2.65 2.67 2.56 2.46 2.39 2.35 2.24 2.01 1.84 1.79 1.74 1.71 1.74 1.83 1.93 1.97 1.98 2.06 2.19 2.31 2.40 2.41 2.37 2.43 2.55 2.61 2.68 2.76 2.71 2.61 2.63 2.73 2.84 2.97 3.17 3.42 3.66 3.57 3.21 2.89 2.62 2.24 2.05 2.21 2.51 2.65 2.40 1.98 2.08 2.65 3.20 3.62 3.81 3.73 3.57 3.47 3.37 3.23 3.06 3.01 3.14 3.23 2.96 2.40 2.25 2.46 2.67 2.64 2.52 2.64 3.07 3.47 3.56 3.45 3.38
4.09 3.72 2.93 2.36 2.24 2.52 2.83 2.91 2.90 2.96 2.96 2.85 2.76 2.62 2.43 2.20 1.94 1.75 1.66 1.63 1.64 1.67 1.76 1.91 2.00 2.07 2.20 2.31 2.38 2.46 2.53 2.50 2.54 2.66 2.73 2.82 2.93 2.90 2.77 2.82 3.05 3.23 3.41 3.52 3.55 3.46 3.19 2.88 2.76 2.63 2.35 2.30 2.54 2.83 2.84 2.45 2.18 2.53 3.24 3.75 3.95 3.90 3.67 3.45 3.31 3.18 3.08 2.95 2.91 2.99 2.99 2.78 2.46 2.57 2.88 2.95 2.78 2.66 2.84 3.25 3.60 3.71 3.67 3.56
3.89 3.51 2.63 2.10 2.24 2.79 3.20 3.31 3.33 3.33 3.26 3.14 2.98 2.70 2.37 2.09 1.87 1.69 1.58 1.55 1.55 1.57 1.72 1.97 2.13 2.23 2.35 2.45 2.48 2.53 2.62 2.69 2.75 2.84 2.89 3.00 3.14 3.14 3.10 3.20 3.40 3.53 3.54 3.41 3.18 2.88 2.57 2.53 2.75 2.73 2.60 2.68 2.95 3.12 2.96 2.47 2.43 3.10 3.77 4.00 3.91 3.68 3.41 3.22 3.11 2.99 2.93 2.83 2.71 2.76 2.90 2.88 2.89 3.08 3.24 3.20 3.07 3.05 3.23 3.50 3.73 3.80 3.68 3.41
3.71 3.24 2.33 2.00 2.50 3.24 3.65 3.72 3.66 3.51 3.30 3.10 2.87 2.53 2.22 1.99 1.81 1.63 1.52 1.47 1.46 1.52 1.78 2.10 2.29 2.38 2.48 2.61 2.63 2.63 2.77 2.96 3.12 3.19 3.20 3.27 3.35 3.35 3.39 3.45 3.48 3.43 3.24 2.91 2.56 2.25 2.14 2.34 2.77 2.90 2.91 3.06 3.23 3.21 2.92 2.56 2.83 3.58 3.91 3.84 3.59 3.34 3.11 3.00 2.98 2.91 2.82 2.68 2.54 2.64 2.94 3.07 3.15 3.26 3.27 3.20 3.16 3.23 3.34 3.46 3.58 3.61 3.43 3.09
3.35 2.93 2.32 2.31 3.05 3.79 4.01 3.84 3.59 3.30 3.02 2.79 2.55 2.27 2.06 1.88 1.70 1.53 1.45 1.41 1.43 1.60 1.95 2.27 2.46 2.55 2.68 2.82 2.84 2.85 3.06 3.37 3.53 3.51 3.43 3.35 3.36 3.44 3.42 3.30 3.15 2.98 2.68 2.32 2.06 1.97 2.11 2.48 2.92 3.17 3.33 3.43 3.39 3.15 2.88 2.85 3.29 3.68 3.73 3.49 3.23 3.00 2.80 2.74 2.86 2.85 2.68 2.48 2.39 2.56 2.90 3.15 3.29 3.27 3.15 3.03 2.98 3.07 3.16 3.17 3.29 3.29 3.11 2.87
2.93 2.82 2.71 3.04 3.76 4.15 4.03 3.63 3.25 2.91 2.69 2.50 2.27 2.06 1.87 1.70 1.54 1.43 1.40 1.44 1.56 1.85 2.22 2.51 2.70 2.83 2.96 3.10 3.17 3.26 3.50 3.70 3.66 3.46 3.21 3.04 3.18 3.32 3.19 2.86 2.62 2.44 2.16 1.91 1.89 2.04 2.40 2.90 3.27 3.56 3.64 3.49 3.26 3.04 2.90 3.06 3.36 3.48 3.37 3.13 2.90 2.67 2.46 2.49 2.69 2.70 2.56 2.44 2.38 2.49 2.85 3.15 3.27 3.18 2.97 2.78 2.65 2.75 2.81 2.77 3.03 3.20 3.05 2.85
3.06 3.16 3.37 3.70 4.03 4.06 3.73 3.28 2.87 2.63 2.50 2.32 2.11 1.90 1.70 1.52 1.40 1.38 1.44 1.60 1.87 2.21 2.50 2.73 2.91 3.09 3.26 3.42 3.51 3.58 3.67 3.63 3.37 3.02 2.67 2.58 2.96 3.11 2.83 2.41 2.13 2.01 1.86 1.88 2.08 2.36 2.85 3.33 3.69 3.85 3.69 3.37 3.05 2.88 2.88 3.02 3.14 3.11 2.98 2.82 2.63 2.39 2.28 2.40 2.59 2.61 2.55 2.56 2.56 2.60 2.82 3.10 3.22 3.10 2.85 2.62 2.55 2.72 2.75 2.67 2.90 3.17 3.13 2.92
3.40 3.43 3.55 3.73 3.82 3.79 3.35 2.99 2.65 2.51 2.41 2.21 2.00 1.78 1.58 1.43 1.37 1.41 1.54 1.77 2.07 2.34 2.58 2.80 3.01 3.25 3.45 3.55 3.55 3.48 3.37 3.14 2.77 2.47 2.28 2.42 2.77 2.76 2.40 2.07 1.89 1.86 1.91 2.16 2.43 2.78 3.31 3.74 3.94 3.84 3.48 3.07 2.82 2.73 2.79 2.90 2.89 2.80 2.68 2.56 2.42 2.27 2.29 2.45 2.55 2.57 2.66 2.83 2.88 2.81 2.86 2.98 3.08 3.00 2.72 2.52 2.62 2.86 2.80 2.63 2.85 3.09 3.17 3.00
3.65 3.55 3.45 3.54 3.55 3.38 3.10 2.79 2.56 2.45 2.34 2.13 1.90 1.68 1.52 1.42 1.41 1.47 1.59 1.80 2.06 2.27 2.50 2.76 3.10 3.40 3.54 3.47 3.30 3.08 2.81 2.49 2.20 2.07 2.12 2.33 2.50 2.40 2.15 1.95 1.88 1.97 2.24 2.53 2.82 3.24 3.71 3.99 3.93 3.62 3.22 2.90 2.70 2.62 2.70 2.81 2.77 2.60 2.43 2.34 2.28 2.30 2.47 2.64 2.69 2.71 2.91 3.06 2.98 2.88 2.86 2.90 2.92 2.87 2.69 2.61 2.80 2.94 2.74 2.58 2.75 2.92 3.08 3.10
3.85 3.61 3.38 3.44 3.64 3.27 3.03 2.73 2.55 2.43 2.28 2.07 1.83 1.64 1.52 1.47 1.48 1.50 1.59 1.81 2.09 2.34 2.64 2.97 3.32 3.55 3.52 3.26 2.94 2.63 2.30 2.02 1.85 1.89 2.06 2.22 2.28 2.25 2.13 2.03 2.06 2.29 2.60 2.94 3.26 3.66 3.97 3.97 3.69 3.34 3.03 2.79 2.58 2.49 2.61 2.75 2.68 2.45 2.27 2.20 2.25 2.45 2.68 2.83 2.88 3.01 3.16 3.10 2.91 2.88 2.93 2.83 2.74 2.77 2.77 2.77 2.89 2.93 2.72 2.61 2.68 2.74 2.86 3.10
3.92 3.68 3.39 3.40 3.40 3.28 3.05 2.77 2.59 2.47 2.30 2.08 1.85 1.71 1.62 1.57 1.55 1.56 1.69 1.99 2.35 2.71 3.06 3.33 3.48 3.49 3.29 2.92 2.54 2.21 1.89 1.74 1.77 1.93 2.10 2.19 2.20 2.25 2.28 2.26 2.33 2.58 2.98 3.39 3.70 3.96 3.77 3.72 3.37 3.08 2.84 2.64 2.48 2.40 2.53 2.66 2.52 2.31 2.22 2.28 2.48 2.78 3.02 3.12 3.19 3.25 3.19 3.04 2.96 3.01 2.93 2.74 2.62 2.77 2.88 2.83 2.87 2.92 2.84 2.75 2.73 2.69 2.76 2.99
4.02 3.78 3.43 3.36 3.37 3.32 3.12 2.83 2.63 2.52 2.37 2.13 1.95 1.85 1.78 1.68 1.63 1.68 1.90 2.30 2.74 3.08 3.27 3.31 3.25 3.11 2.88 2.51 2.08 1.78 1.66 1.73 1.89 2.07 2.20 2.27 2.29 2.35 2.48 2.53 2.59 2.87 3.38 3.82 4.02 4.00 3.76 3.40 3.10 2.88 2.71 2.62 2.50 2.43 2.50 2.47 2.27 2.24 2.31 2.57 3.00 3.35 3.47 3.44 3.38 3.35 3.20 3.06 3.09 3.07 2.80 2.56 2.64 2.91 2.96 2.81 2.86 3.02 3.04 2.94 2.82 2.74 2.77 2.90
4.14 3.85 3.46 3.27 3.23 3.36 3.24 2.94 2.68 2.52 2.37 2.14 2.00 1.92 1.84 1.73 1.67 1.78 2.12 2.59 2.96 3.10 3.04 2.87 2.71 2.60 2.44 2.13 1.73 1.56 1.66 1.93 2.15 2.25 2.33 2.41 2.46 2.51 2.65 2.72 2.84 3.21 3.82 4.15 4.12 3.83 3.42 3.08 2.88 2.78 2.77 2.74 2.61 2.49 2.38 2.20 2.12 2.32 2.55 3.07 3.58 3.68 3.53 3.92 3.27 3.23 3.16 3.17 3.09 2.89 2.62 2.52 2.78 3.01 2.96 2.86 3.03 3.24 3.23 3.06 2.88 2.76 2.76 2.81
4.18 3.94 3.53 3.24 3.15 3.27 3.31 3.07 2.74 2.51 2.30 2.09 1.98 1.89 1.78 1.66 1.63 1.83 2.26 2.70 2.88 2.77 2.55 2.36 2.28 2.23 2.12 1.88 1.60 1.59 1.91 2.23 2.37 2.42 2.47 2.57 2.67 2.70 2.76 2.90 3.15 3.63 4.13 4.27 3.98 3.50 3.05 2.78 2.72 2.79 2.90 2.93 2.73 2.52 2.28 2.10 2.20 2.52 2.87 3.55 3.88 3.73 3.34 3.06 2.95 2.99 3.29 3.05 2.97 2.79 2.70 2.78 3.03 3.08 2.95 3.01 3.30 3.46 3.30 3.03 2.80 2.69 2.65 2.73
4.19 3.99 3.55 3.25 3.14 3.20 3.28 3.13 2.81 2.52 2.30 2.13 2.01 1.87 1.71 1.55 1.58 1.88 2.34 2.60 2.55 2.32 2.10 1.99 1.97 2.00 1.95 1.80 1.70 1.90 2.29 2.48 2.53 2.53 2.57 2.70 2.79 2.77 2.84 3.08 3.49 3.95 4.24 4.12 3.70 3.17 2.81 2.61 2.61 2.83 2.98 3.00 2.83 2.53 2.25 2.13 2.30 2.65 3.17 3.88 4.00 3.54 3.01 2.76 2.74 2.87 2.93 2.88 2.83 2.82 2.84 2.91 3.04 3.10 3.10 3.26 3.43 3.37 3.10 2.76 2.57 2.53 2.56 2.64
4.31 4.01 3.52 3.24 3.13 3.16 3.20 3.10 2.84 2.57 2.36 2.19 2.06 1.87 1.68 1.52 1.60 1.94 2.24 2.26 2.08 1.92 1.82 1.79 1.82 1.92 1.98 1.95 2.01 2.25 2.53 2.60 2.55 2.54 2.59 2.73 2.76 2.76 2.89 3.25 3.77 4.16 4.18 3.84 3.41 3.02 2.74 2.58 2.58 2.74 2.99 3.06 2.90 2.49 2.18 2.04 2.24 2.64 3.36 4.03 3.98 3.35 2.80 2.58 2.63 2.87 2.99 2.83 2.72 2.73 2.72 2.77 2.91 3.03 3.17 3.29 3.24 3.01 2.71 2.49 2.43 2.43 2.47 2.53
4.40 4.09 3.59 3.32 3.16 3.11 3.08 3.00 2.84 2.62 2.39 2.19 2.02 1.81 1.64 1.53 1.62 1.87 1.95 1.78 1.66 1.66 1.71 1.74 1.77 1.94 2.14 2.28 2.36 2.46 2.57 2.61 2.53 2.46 2.50 2.60 2.68 2.75 2.97 3.46 4.00 4.23 4.01 3.54 3.14 2.85 2.63 2.53 2.55 2.66 2.89 3.16 2.96 2.41 2.00 1.83 2.05 2.53 3.46 4.13 3.95 3.23 2.71 2.58 2.70 2.93 2.97 2.78 2.68 2.63 2.53 2.57 2.81 3.01 3.03 2.95 2.82 2.65 2.54 2.47 2.41 2.32 2.32 2.50
4.34 4.12 3.78 3.54 3.28 3.00 2.81 2.78 2.71 2.59 2.40 2.19 1.97 1.75 1.59 1.49 1.55 1.67 1.59 1.44 1.45 1.59 1.72 1.76 1.81 2.06 2.37 2.59 2.65 2.59 2.59 2.60 2.51 2.40 2.39 2.49 2.67 2.81 3.08 3.65 4.13 4.15 3.78 3.23 2.78 2.60 2.52 2.46 2.47 2.60 2.83 3.13 2.99 2.32 1.76 1.62 1.85 2.45 3.44 4.13 4.00 3.29 2.83 2.68 2.78 2.94 2.87 2.63 2.62 2.62 2.40 2.37 2.75 3.03 2.89 2.66 2.59 2.60 2.60 2.53 2.28 2.11 2.26 2.59
4.17 4.12 3.96 3.71 3.33 2.93 2.69 2.62 2.56 2.49 2.39 2.21 1.97 1.73 1.55 1.41 1.41 1.44 1.34 1.29 1.44 1.64 1.80 1.87 1.98 2.27 2.62 2.83 2.88 2.79 2.68 2.58 2.48 2.38 2.39 2.54 2.73 2.90 3.20 3.76 4.12 4.00 3.51 2.89 2.57 2.58 2.62 2.60 2.60 2.61 2.76 3.05 2.95 2.31 1.64 1.55 1.82 2.47 3.44 4.13 4.05 3.48 3.03 2.80 2.76 2.71 2.60 2.44 2.52 2.61 2.38 2.28 2.69 2.99 2.68 2.44 2.60 2.71 2.64 2.40 2.03 2.05 2.45 2.83
4.22 4.20 4.03 3.69 3.33 2.92 2.67 2.55 2.44 2.38 2.30 2.19 2.00 1.74 1.50 1.33 1.30 1.29 1.24 1.34 1.58 1.81 1.98 2.10 2.25 2.49 2.76 2.95 2.99 2.89 2.71 2.54 2.43 2.38 2.47 2.65 2.83 3.00 3.33 3.80 4.01 3.80 3.28 2.78 2.65 2.78 2.93 3.01 2.92 2.75 2.69 2.90 2.91 2.39 1.67 1.58 1.85 2.48 3.41 4.10 4.06 3.61 3.10 2.75 2.57 2.45 2.39 2.37 2.52 2.67 2.45 2.28 2.67 2.91 2.53 2.35 2.62 2.80 2.67 2.34 2.09 2.32 2.84 3.13
4.39 4.28 3.90 3.48 3.11 2.78 2.59 2.44 2.32 2.23 2.17 2.13 2.02 1.77 1.47 1.29 1.26 1.27 1.32 1.56 1.85 2.07 2.23 2.35 2.44 2.62 2.84 2.98 3.02 2.92 2.69 2.49 2.40 2.45 2.62 2.80 2.97 3.17 3.49 3.78 3.82 3.57 3.18 2.98 3.07 3.22 3.31 3.28 3.12 2.79 2.61 2.67 2.82 2.42 1.74 1.61 1.88 2.50 3.40 4.12 4.10 3.62 3.05 2.64 2.40 2.24 2.26 2.37 2.55 2.73 2.51 2.26 2.65 2.88 2.54 2.37 2.58 2.81 2.76 2.50 2.40 2.70 3.09 3.22
4.53 4.28 3.64 3.15 2.81 2.56 2.43 2.28 2.12 2.03 2.04 2.06 2.00 1.80 1.49 1.28 1.26 1.34 1.51 1.81 2.09 2.26 2.35 2.41 2.48 2.65 2.82 2.94 3.03 2.97 2.72 2.49 2.45 2.58 2.76 2.96 3.18 3.42 3.69 3.84 3.72 3.42 3.30 3.32 3.44 3.51 3.44 3.21 2.92 2.64 2.47 2.48 2.64 2.41 1.78 1.62 1.93 2.59 3.50 4.18 4.10 3.57 2.97 2.59 2.36 2.25 2.27 2.37 2.52 2.72 2.56 2.25 2.56 2.87 2.62 2.38 2.54 2.80 2.90 2.71 2.62 2.85 3.05 2.98
