project/data/elevation/US_DEM2016/US_DEM2016_point_10-30-2019_1134_30m_vel.asc
ncols	125
nrows	167
xllcorner	-2042055.000000
yllcorner	1465035.000000
cellsize	30.000000
NODATA_value	-9999.000000
[rows 105 to 139 of 167, columns 0 to 78 of 125]
12.04 12.07 11.96 11.69 11.33 10.88 10.48 10.15 9.60 8.53 6.92 5.59 4.94 4.89 5.36 6.34 7.57 8.75 9.84 10.94 11.63 12.00 12.42 13.02 13.08 13.32 13.18 13.20 13.24 13.28 13.22 13.10 12.92 12.52 12.19 11.92 11.58 11.26 10.96 10.65 10.37 10.36 10.84 11.25 11.48 11.45 11.15 10.66 10.15 9.64 8.92 7.75 6.72 6.78 7.76 9.16 10.37 11.15 11.72 12.27 12.55 12.41 12.16 12.11 12.25 12.45 12.52 12.29 11.92 11.34 10.94 10.82 10.80 10.83 10.88 10.81 10.71 10.48 10.01
11.64 11.28 11.00 10.96 10.76 10.39 9.90 9.21 8.24 7.07 6.12 5.67 5.91 6.78 8.36 9.82 10.04 9.83 9.73 9.87 10.26 10.86 11.93 12.99 13.30 13.23 13.51 14.10 14.64 14.93 14.86 14.64 14.28 13.67 13.02 12.39 11.80 11.37 10.99 10.66 10.61 10.90 11.36 11.56 11.52 11.36 11.19 11.03 10.77 10.12 9.00 7.81 7.52 8.27 9.43 10.33 10.95 11.44 11.93 12.21 12.02 11.69 11.70 12.06 12.36 12.53 12.61 12.58 12.39 12.08 11.67 11.43 11.17 10.76 10.24 9.96 10.16 10.36 10.16
11.36 10.99 10.64 10.59 10.44 10.13 9.63 8.93 8.18 7.75 7.98 8.68 9.64 11.17 12.94 14.13 14.46 13.62 12.32 11.63 11.57 12.03 12.94 13.37 13.13 12.78 12.77 13.04 13.43 13.81 13.97 13.92 13.79 13.45 13.02 12.50 11.96 11.46 10.91 10.62 10.94 11.61 11.97 11.69 11.28 11.06 11.04 11.08 11.00 10.53 9.78 9.43 9.91 10.85 11.31 11.21 11.08 11.35 11.71 11.74 11.47 11.37 11.63 11.97 12.16 12.17 12.15 12.26 12.44 12.58 12.33 11.93 11.41 10.75 10.08 9.76 9.94 10.24 10.25
11.38 11.13 10.80 10.71 10.69 10.71 10.71 10.58 10.43 10.65 11.55 12.83 14.28 15.57 16.41 16.71 16.75 16.37 15.77 15.22 14.86 14.71 14.55 13.96 13.16 12.52 12.15 11.91 11.64 11.51 11.65 11.89 12.05 12.17 12.27 12.30 12.15 11.67 11.15 11.02 11.39 11.63 11.45 11.02 10.75 10.86 11.10 11.36 11.64 11.85 11.89 11.93 12.19 12.38 11.95 11.23 11.12 11.42 11.56 11.47 11.40 11.47 11.49 11.45 11.43 11.29 11.15 11.35 11.77 12.14 12.22 11.99 11.52 10.95 10.44 10.18 10.21 10.34 10.40
11.54 11.45 11.26 11.16 11.24 11.51 11.91 12.35 12.96 13.80 14.90 16.05 16.86 17.12 16.87 16.31 15.80 15.91 16.09 16.03 15.81 15.45 14.86 13.90 12.92 12.30 12.02 11.80 11.33 10.69 10.23 10.13 10.23 10.52 10.96 11.44 11.71 11.60 11.34 11.11 10.82 10.31 9.79 9.81 10.46 11.14 11.64 11.99 12.42 13.05 13.51 13.64 13.59 13.36 12.81 12.25 12.17 12.14 11.93 11.70 11.56 11.36 11.10 10.96 10.89 10.64 10.39 10.50 10.88 11.32 11.65 11.69 11.41 11.02 10.70 10.54 10.43 10.35 10.39
11.76 11.79 11.69 11.61 11.70 11.94 12.38 13.12 14.27 15.45 16.31 16.62 16.35 15.65 14.71 13.79 13.27 13.41 13.63 13.87 14.05 14.07 13.80 13.18 12.48 12.01 11.89 11.88 11.69 11.35 10.95 10.65 10.68 10.84 10.94 10.99 11.06 11.16 11.07 10.62 9.96 9.47 9.52 10.22 11.23 11.95 12.35 12.52 12.75 13.26 13.79 14.09 14.20 14.23 14.22 13.99 13.68 13.15 12.51 12.00 11.56 11.13 10.90 10.83 10.65 10.27 10.05 10.17 10.56 10.96 11.21 11.24 11.12 10.93 10.78 10.67 10.52 10.40 10.43
11.82 11.77 11.72 11.82 12.05 12.41 13.02 13.90 14.95 15.60 15.63 15.10 14.22 13.25 12.37 11.71 11.35 11.31 11.35 11.67 12.17 12.48 12.65 12.48 12.17 11.91 11.72 11.50 11.31 11.48 11.79 12.04 12.17 12.12 11.83 11.38 11.03 10.96 10.85 10.59 10.41 10.56 10.97 11.71 12.42 12.82 12.89 12.75 12.65 12.78 13.12 13.54 13.97 14.38 14.73 14.78 14.36 13.68 12.86 12.09 11.50 11.14 10.94 10.66 10.20 9.91 10.03 10.38 10.78 10.96 10.88 10.83 10.85 10.81 10.66 10.51 10.40 10.39 10.47
11.62 11.46 11.49 11.85 12.28 12.90 13.74 14.50 14.86 14.57 13.82 13.02 12.27 11.59 10.92 10.32 9.93 9.93 10.25 10.72 11.21 11.79 12.09 11.91 11.81 12.00 11.90 11.53 11.16 11.12 11.29 11.49 11.62 11.70 11.69 11.53 11.26 11.07 11.05 11.21 11.47 11.72 12.06 12.70 13.22 13.32 13.01 12.53 12.18 12.13 12.23 12.51 12.83 13.18 13.59 13.81 13.67 13.22 12.60 12.01 11.54 11.14 10.71 10.22 9.87 9.92 10.32 10.75 10.98 10.80 10.50 10.49 10.57 10.55 10.39 10.18 10.00 9.97 10.12
11.44 11.31 11.38 11.74 12.20 12.89 13.65 13.89 13.51 12.67 11.76 10.92 10.26 9.70 9.12 8.75 8.94 9.51 10.06 10.57 11.30 12.06 12.02 11.51 11.74 12.32 12.43 12.25 11.95 11.48 10.92 10.30 9.98 10.17 10.61 10.95 11.09 11.12 11.26 11.56 11.84 12.08 12.47 13.06 13.33 13.12 12.54 11.95 11.65 11.62 11.61 11.59 11.51 11.40 11.32 11.52 11.73 11.82 11.87 11.80 11.53 11.04 10.49 10.09 10.05 10.31 10.69 10.98 10.91 10.49 10.18 10.11 10.13 10.17 10.16 10.01 9.77 9.60 9.70
11.47 11.43 11.48 11.66 12.00 12.51 12.83 12.38 11.39 10.30 9.34 8.46 7.76 7.29 7.30 7.93 9.11 10.31 11.13 11.73 12.33 12.42 11.76 11.35 11.84 12.34 12.45 12.40 12.34 12.10 11.73 11.09 10.34 9.87 9.71 9.83 10.31 10.90 11.30 11.61 11.98 12.39 12.76 13.04 12.85 12.15 11.48 11.14 11.09 11.24 11.43 11.40 11.16 10.66 9.97 9.48 9.49 10.07 10.79 11.21 11.28 11.11 10.88 10.70 10.66 10.78 10.99 11.00 10.69 10.32 10.11 9.99 9.96 10.01 10.03 9.93 9.77 9.60 9.59
11.68 11.70 11.73 11.76 11.87 11.96 11.72 10.92 9.72 8.62 7.79 7.16 6.77 6.89 7.89 9.49 11.05 12.26 13.07 13.40 13.08 12.10 10.82 10.53 11.06 11.36 11.40 11.60 11.88 12.22 12.49 12.44 11.94 10.94 9.91 9.66 10.28 11.11 11.71 12.12 12.49 12.78 12.90 12.78 12.16 11.19 10.48 10.33 10.54 10.99 11.61 11.85 11.72 11.26 10.44 9.48 9.03 9.29 9.87 10.41 10.83 11.10 11.27 11.34 11.35 11.32 11.15 10.81 10.44 10.20 10.11 10.10 10.12 10.08 9.98 9.86 9.81 9.81 9.83
11.87 11.91 11.90 11.81 11.67 11.38 10.84 10.11 9.49 9.13 8.92 8.74 8.95 9.82 11.25 12.79 13.92 14.34 14.25 13.74 12.74 11.51 10.42 9.95 10.01 10.00 10.13 10.58 11.06 11.49 11.94 12.37 12.55 12.28 11.73 11.53 11.71 12.04 12.29 12.47 12.54 12.55 12.55 12.35 11.74 10.86 10.13 9.91 10.29 11.04 11.75 12.15 12.20 12.01 11.65 11.25 10.80 10.44 10.31 10.43 10.69 10.93 11.15 11.33 11.47 11.44 11.15 10.68 10.24 9.94 9.85 9.92 10.03 10.09 10.05 9.99 9.98 10.07 10.13
11.89 11.85 11.79 11.68 11.43 11.02 10.51 10.13 10.07 10.36 10.82 11.50 12.41 13.45 14.37 14.89 14.81 14.17 13.37 12.46 11.67 11.25 10.97 10.50 10.05 9.72 9.57 9.84 10.20 10.35 10.44 10.92 11.76 12.46 12.81 12.88 12.68 12.37 12.07 11.87 11.79 11.88 12.05 12.07 11.74 11.11 10.34 9.94 10.31 11.03 11.49 11.67 11.85 12.05 12.22 12.40 12.50 12.38 11.99 11.49 11.17 11.01 10.97 10.96 11.01 10.95 10.65 10.27 9.98 9.81 9.71 9.70 9.82 10.01 10.16 10.24 10.32 10.42 10.52
11.79 11.66 11.53 11.46 11.28 10.99 10.67 10.46 10.46 10.84 11.73 12.92 14.04 14.71 14.85 14.34 13.20 12.17 11.56 10.95 10.73 10.97 11.25 11.24 10.96 10.43 9.88 9.66 9.85 9.81 9.50 9.56 10.20 11.25 12.01 12.28 12.12 11.77 11.45 11.26 11.29 11.56 11.89 11.92 11.61 11.16 10.60 10.14 10.30 10.65 10.84 10.82 10.92 11.33 11.83 12.22 12.61 12.87 12.82 12.41 11.81 11.29 10.88 10.56 10.25 9.88 9.53 9.58 9.89 10.09 10.09 9.99 10.00 10.14 10.33 10.52 10.70 10.83 11.02
11.62 11.47 11.35 11.35 11.25 11.08 10.89 10.76 10.88 11.42 12.43 13.40 13.91 13.84 13.28 12.34 11.47 10.97 10.51 10.06 9.96 10.13 10.47 10.84 10.95 10.68 10.28 10.14 10.25 10.23 9.88 9.49 9.48 9.88 10.58 11.07 11.26 11.27 11.30 11.33 11.43 11.65 11.82 11.65 11.20 10.89 10.69 10.44 10.39 10.43 10.37 10.33 10.49 10.95 11.46 11.80 11.99 12.09 12.19 12.21 11.94 11.37 10.76 10.20 9.57 9.03 9.02 9.64 10.31 10.65 10.71 10.63 10.52 10.45 10.47 10.61 10.76 10.87 11.05
11.47 11.40 11.36 11.35 11.24 11.16 11.13 11.17 11.48 12.26 13.09 13.45 13.21 12.61 11.88 11.20 10.83 10.48 9.88 9.38 9.17 9.20 9.57 10.12 10.30 10.25 10.35 10.56 10.73 10.77 10.65 10.24 9.74 9.52 9.63 10.05 10.55 10.99 11.33 11.54 11.66 11.78 11.74 11.28 10.66 10.45 10.54 10.53 10.44 10.36 10.28 10.37 10.71 11.13 11.45 11.57 11.43 11.21 11.18 11.32 11.34 11.08 10.65 10.16 9.76 9.72 10.10 10.61 10.89 10.94 10.93 10.90 10.77 10.58 10.40 10.31 10.30 10.43 10.68
11.55 11.56 11.53 11.38 11.25 11.29 11.50 11.79 12.27 12.96 13.34 13.19 12.70 12.18 11.67 11.16 10.64 10.05 9.58 9.45 9.57 9.84 10.15 10.26 10.14 10.11 10.37 10.65 10.79 10.88 10.94 10.84 10.54 10.08 9.66 9.63 10.10 10.66 11.06 11.39 11.63 11.80 11.58 10.78 9.97 9.79 10.01 10.13 10.09 10.11 10.25 10.49 10.75 10.92 11.01 11.06 11.00 10.84 10.70 10.65 10.71 10.74 10.72 10.71 10.86 11.15 11.35 11.34 11.15 10.91 10.75 10.69 10.63 10.53 10.36 10.18 10.14 10.37 10.66
11.69 11.68 11.53 11.32 11.27 11.42 11.78 12.35 13.07 13.39 13.26 12.80 12.36 12.01 11.55 10.91 10.31 10.01 10.17 10.62 10.98 11.06 10.88 10.57 10.30 10.25 10.38 10.56 10.66 10.72 10.80 10.86 10.83 10.60 10.24 10.09 10.30 10.64 10.85 11.15 11.47 11.52 10.88 9.75 9.02 9.01 9.37 9.63 9.69 9.73 9.83 9.93 9.97 9.98 10.04 10.22 10.48 10.67 10.68 10.59 10.58 10.68 10.82 11.00 11.19 11.36 11.40 11.36 11.26 11.09 10.84 10.63 10.52 10.46 10.38 10.35 10.45 10.59 10.47
11.50 11.39 11.21 11.14 11.24 11.48 11.85 12.38 12.92 12.98 12.58 12.06 11.70 11.27 10.58 10.13 10.15 10.52 10.95 11.13 10.97 10.66 10.50 10.59 10.73 10.66 10.47 10.45 10.45 10.45 10.49 10.48 10.43 10.45 10.61 10.80 10.91 10.92 10.89 11.11 11.15 10.57 9.26 8.19 7.96 8.27 8.80 9.29 9.47 9.38 9.22 9.04 8.83 8.80 8.96 9.30 9.79 10.20 10.36 10.43 10.54 10.68 10.75 10.72 10.73 10.90 11.10 11.24 11.31 11.25 11.06 10.81 10.56 10.32 10.17 10.21 10.21 9.98 9.54
11.36 11.29 11.20 11.18 11.27 11.47 11.71 11.94 12.01 11.79 11.36 11.06 10.81 10.17 9.57 9.84 10.35 10.60 10.43 9.93 9.51 9.54 10.01 10.64 11.02 11.03 10.80 10.55 10.38 10.24 10.27 10.27 10.24 10.39 10.69 10.90 10.91 10.84 10.77 10.83 10.36 9.16 8.00 7.65 7.82 8.15 8.57 9.12 9.40 9.44 9.38 9.17 8.79 8.49 8.44 8.77 9.29 9.60 9.82 10.14 10.44 10.63 10.80 11.02 11.27 11.49 11.51 11.36 11.14 10.93 10.85 10.74 10.45 10.03 9.83 9.75 9.55 9.26 9.02
11.68 11.82 11.80 11.52 11.33 11.30 11.38 11.39 11.22 10.90 10.67 10.65 10.36 9.70 9.56 9.90 9.94 9.52 8.87 8.42 8.55 9.27 10.22 10.94 11.22 11.20 11.13 10.97 10.69 10.33 10.18 10.25 10.30 10.31 10.25 10.10 10.07 10.14 10.26 10.14 9.51 8.74 8.67 9.08 9.35 9.33 9.35 9.55 9.77 9.94 9.99 9.86 9.58 9.25 9.05 9.12 9.33 9.59 9.95 10.34 10.54 10.70 11.05 11.63 11.98 11.97 11.63 11.23 10.85 10.58 10.44 10.31 10.05 9.75 9.52 9.31 9.11 9.01 9.09
11.96 12.03 11.89 11.42 11.08 10.98 11.01 10.95 10.78 10.68 10.71 10.62 10.14 9.58 9.34 9.08 8.59 8.14 7.96 8.19 8.91 9.86 10.80 11.33 11.32 11.16 11.18 11.17 10.91 10.50 10.28 10.31 10.30 10.02 9.59 9.35 9.43 9.74 9.96 9.85 9.66 9.90 10.42 10.80 10.96 10.97 10.87 10.70 10.56 10.42 10.19 9.97 9.85 9.82 9.78 9.75 9.81 10.06 10.37 10.60 10.61 10.75 11.08 11.43 11.38 11.06 10.81 10.76 10.78 10.68 10.36 9.96 9.63 9.48 9.28 8.94 8.58 8.38 8.46
11.58 11.27 10.73 10.49 10.45 10.60 10.74 10.72 10.63 10.57 10.44 10.10 9.61 9.12 8.68 8.26 8.01 8.09 8.69 9.71 10.60 11.16 11.47 11.26 10.70 10.57 10.70 10.72 10.58 10.45 10.40 10.44 10.40 10.16 9.82 9.74 9.96 10.19 10.29 10.37 10.64 10.97 11.14 11.24 11.48 11.82 12.02 11.93 11.58 11.07 10.66 10.40 10.24 10.15 10.09 10.09 10.22 10.37 10.47 10.52 10.50 10.60 10.72 10.66 10.36 10.16 10.35 10.78 10.99 10.79 10.28 9.70 9.38 9.24 9.12 8.95 8.65 8.25 8.03
10.79 10.15 9.48 9.51 9.87 10.33 10.62 10.64 10.54 10.32 9.99 9.59 9.28 9.13 9.08 9.12 9.42 10.07 11.09 12.00 12.42 12.29 11.68 10.77 10.10 10.03 10.08 10.02 10.05 10.17 10.28 10.36 10.46 10.53 10.64 10.84 10.99 10.92 10.80 10.84 10.94 10.90 10.96 11.24 11.74 12.28 12.72 12.84 12.62 12.20 11.78 11.47 11.16 10.82 10.49 10.31 10.30 10.30 10.31 10.40 10.35 10.39 10.35 10.16 10.00 10.25 10.79 11.14 10.85 10.18 9.65 9.38 9.22 9.06 8.98 9.12 9.33 9.33 9.06
10.59 10.14 9.64 9.81 10.26 10.63 10.73 10.64 10.47 10.26 10.03 9.81 9.76 10.06 10.61 11.18 11.83 12.45 12.85 12.96 12.70 12.08 11.20 10.44 10.06 9.95 9.80 9.73 9.86 10.02 10.09 10.13 10.33 10.65 10.94 11.08 11.05 10.93 10.80 10.70 10.56 10.52 10.82 11.36 12.04 12.65 12.98 13.00 12.89 12.64 12.22 11.75 11.39 11.12 10.84 10.59 10.37 10.13 10.11 10.23 10.29 10.33 10.29 10.22 10.36 10.82 11.15 10.87 9.93 9.10 8.90 8.95 8.99 9.01 9.02 9.09 9.36 9.79 10.13
10.97 10.95 11.03 11.39 11.61 11.41 10.96 10.64 10.48 10.41 10.36 10.38 10.64 11.22 11.87 12.39 12.74 12.81 12.57 12.00 11.22 10.44 9.99 9.90 10.01 10.03 9.97 10.06 10.25 10.36 10.29 10.24 10.42 10.71 10.79 10.58 10.42 10.45 10.57 10.57 10.51 10.64 11.10 11.67 12.21 12.52 12.46 12.14 11.89 11.74 11.48 11.27 11.23 11.20 11.06 10.87 10.65 10.41 10.18 10.21 10.38 10.47 10.48 10.57 10.86 11.17 10.98 10.12 9.07 8.64 8.64 8.75 8.85 9.09 9.42 9.46 9.34 9.39 9.87
11.26 11.47 11.91 12.25 12.24 11.84 11.22 10.70 10.50 10.51 10.61 10.84 11.25 11.75 12.05 12.06 11.92 11.65 11.11 10.19 9.24 8.78 8.89 9.45 9.95 10.23 10.42 10.65 10.87 11.01 11.07 11.13 11.22 11.26 11.14 10.85 10.59 10.57 10.64 10.79 11.05 11.50 11.92 12.11 12.15 11.91 11.35 10.76 10.52 10.65 10.87 11.16 11.39 11.35 11.17 11.03 10.94 10.82 10.59 10.51 10.56 10.66 10.77 10.94 11.12 11.05 10.44 9.49 8.93 8.79 8.82 8.92 9.05 9.26 9.57 9.80 9.83 9.66 9.71
11.37 11.58 11.91 12.08 12.05 11.93 11.61 11.09 10.75 10.72 10.80 10.97 11.24 11.41 11.30 11.14 11.04 10.64 9.78 8.87 8.40 8.51 9.10 9.79 10.24 10.52 10.78 11.03 11.23 11.44 11.75 12.04 12.19 12.10 11.89 11.63 11.35 11.16 10.97 11.09 11.56 12.05 12.17 12.04 11.77 11.22 10.41 9.79 9.71 10.18 10.89 11.40 11.54 11.38 11.23 11.16 11.14 11.11 10.96 10.77 10.72 10.81 10.96 11.07 11.04 10.66 9.86 9.20 9.02 9.05 9.09 9.18 9.36 9.56 9.59 9.67 10.02 10.43 10.76
11.56 11.81 12.18 12.33 12.31 12.17 12.05 11.85 11.54 11.24 10.99 10.83 10.75 10.68 10.69 10.83 10.75 10.18 9.47 9.20 9.44 9.85 10.23 10.53 10.70 10.82 11.01 11.20 11.38 11.57 11.82 12.12 12.32 12.36 12.33 12.31 12.25 12.03 11.64 11.44 11.62 11.76 11.76 11.73 11.42 10.74 10.01 9.60 9.69 10.32 11.17 11.68 11.74 11.57 11.43 11.35 11.27 11.20 10.98 10.77 10.71 10.77 10.87 10.92 10.83 10.44 9.78 9.36 9.28 9.34 9.41 9.42 9.47 9.60 9.73 9.89 10.20 10.86 11.75
12.00 12.40 12.94 13.00 12.75 12.33 12.20 12.23 12.09 11.59 11.00 10.54 10.29 10.29 10.56 10.74 10.47 10.03 9.99 10.41 10.86 11.03 11.04 11.08 11.11 11.15 11.26 11.37 11.47 11.63 11.78 11.87 11.90 12.06 12.47 12.95 13.22 13.15 12.75 12.10 11.71 11.50 11.56 11.47 10.96 10.29 9.90 9.87 10.19 10.89 11.63 12.01 12.05 11.90 11.68 11.49 11.32 11.12 10.83 10.68 10.66 10.69 10.72 10.72 10.66 10.41 10.05 9.87 9.82 9.83 9.82 9.73 9.59 9.55 9.84 10.39 10.97 11.70 12.72
12.31 12.58 12.94 12.95 12.74 12.32 12.04 11.89 11.71 11.28 10.72 10.28 10.16 10.34 10.50 10.36 10.10 10.18 10.65 11.06 11.19 11.19 11.20 11.31 11.37 11.34 11.32 11.31 11.35 11.56 11.82 11.90 11.86 12.05 12.54 13.08 13.43 13.55 13.46 12.99 12.14 11.52 11.15 10.74 10.14 9.83 9.91 10.16 10.65 11.45 12.08 12.26 12.19 12.03 11.82 11.58 11.33 11.06 10.76 10.67 10.70 10.74 10.73 10.70 10.69 10.59 10.45 10.42 10.43 10.41 10.33 10.24 10.12 10.05 10.24 10.83 11.90 13.18 14.21
12.16 11.95 11.63 11.63 11.78 11.75 11.51 11.28 11.19 11.01 10.81 10.74 10.90 11.06 10.81 10.29 10.05 10.26 10.55 10.67 10.81 11.04 11.28 11.46 11.46 11.28 11.07 10.97 11.05 11.32 11.65 11.91 12.03 12.16 12.25 12.32 12.41 12.60 12.79 12.66 11.94 11.08 10.33 9.77 9.49 9.56 9.86 10.21 10.93 11.87 12.29 12.15 11.96 11.90 11.81 11.63 11.35 11.03 10.72 10.69 10.83 10.92 10.90 10.83 10.77 10.73 10.72 10.79 10.86 10.92 11.02 11.18 11.26 11.36 11.56 12.06 13.05 14.27 14.91
11.62 11.00 9.95 9.53 9.69 10.06 10.43 10.78 11.13 11.43 11.72 12.08 12.34 12.16 11.44 10.64 10.19 9.97 9.80 9.87 10.34 10.95 11.36 11.52 11.44 11.22 10.95 10.75 10.70 10.88 11.09 11.29 11.42 11.50 11.37 11.12 10.96 10.94 10.98 10.91 10.66 10.19 9.65 9.29 9.32 9.58 9.86 10.38 11.40 12.24 12.23 11.80 11.63 11.68 11.71 11.59 11.34 11.05 10.81 10.90 11.10 11.18 11.13 10.98 10.82 10.76 10.84 11.01 11.16 11.36 11.76 12.30 12.83 13.37 13.84 14.18 14.57 14.93 14.71
10.89 10.07 8.77 8.29 8.29 8.70 9.47 10.31 11.06 11.74 12.31 12.67 12.66 12.18 11.43 10.74 10.21 9.80 9.65 9.91 10.44 10.97 11.32 11.47 11.45 11.33 11.15 10.92 10.63 10.51 10.52 10.47 10.40 10.40 10.36 10.11 9.80 9.61 9.46 9.45 9.51 9.47 9.39 9.48 9.85 10.26 10.68 11.43 12.31 12.55 12.12 11.64 11.52 11.55 11.56 11.51 11.45 11.46 11.60 11.77 11.74 11.53 11.28 11.10 10.98 10.93 10.99 11.19 11.46 11.84 12.49 13.33 14.26 15.04 15.52 15.58 15.36 14.96 14.22
10.30 9.59 8.62 8.47 8.68 9.11 9.67 10.18 10.70 11.30 11.84 12.05 11.77 11.22 10.80 10.47 10.16 9.97 10.09 10.52 10.95 11.30 11.47 11.52 11.50 11.46 11.46 11.42 11.22 10.82 10.53 10.29 10.12 9.98 9.76 9.37 8.97 8.75 8.71 8.84 9.02 9.24 9.66 10.32 10.95 11.48 12.09 12.66 12.91 12.60 11.97 11.59 11.49 11.45 11.43 11.50 11.73 12.13 12.54 12.62 12.21 11.63 11.26 11.16 11.21 11.23 11.21 11.35 11.74 12.36 13.18 14.02 14.74 15.14 15.26 15.08 14.65 14.10 13.59
