project/data/elevation/US_DEM2016/US_DEM2016_point_10-31-2019_0551_30m_vel.asc
ncols	125
nrows	167
xllcorner	-2042055.000000
yllcorner	1465035.000000
cellsize	30.000000
NODATA_value	-9999.000000
[rows 114 to 151 of 167, columns 0 to 83 of 125]
5.68 5.67 5.71 5.81 5.98 6.24 6.34 6.00 5.43 4.87 4.40 3.98 3.67 3.48 3.55 3.97 4.65 5.33 5.80 6.14 6.37 6.28 5.87 5.68 5.94 6.14 6.12 6.08 6.11 6.07 5.94 5.64 5.22 4.91 4.79 4.85 5.12 5.45 5.70 5.89 6.09 6.31 6.52 6.62 6.42 5.96 5.62 5.51 5.54 5.63 5.73 5.70 5.57 5.31 4.93 4.66 4.63 4.89 5.25 5.49 5.58 5.55 5.45 5.36 5.35 5.40 5.46 5.39 5.18 4.98 4.88 4.82 4.82 4.86 4.87 4.80 4.70 4.63 4.64 4.72 4.65 4.37 4.17 4.05
5.80 5.82 5.86 5.87 5.90 5.90 5.69 5.20 4.61 4.12 3.76 3.50 3.35 3.49 4.08 4.96 5.77 6.38 6.77 6.87 6.61 6.01 5.33 5.21 5.48 5.57 5.51 5.58 5.74 5.96 6.18 6.25 6.08 5.59 5.05 4.91 5.24 5.68 5.97 6.17 6.35 6.48 6.55 6.45 6.06 5.50 5.12 5.09 5.25 5.51 5.82 5.93 5.88 5.68 5.29 4.78 4.50 4.59 4.83 5.09 5.32 5.50 5.62 5.65 5.65 5.62 5.49 5.24 5.02 4.89 4.86 4.87 4.90 4.90 4.85 4.78 4.75 4.76 4.78 4.74 4.55 4.31 4.15 4.01
5.89 5.91 5.91 5.86 5.75 5.54 5.20 4.81 4.59 4.55 4.55 4.52 4.69 5.21 5.97 6.73 7.22 7.35 7.20 6.83 6.26 5.64 5.15 4.94 4.93 4.84 4.86 5.08 5.31 5.53 5.79 6.08 6.27 6.23 6.00 5.91 6.00 6.16 6.25 6.30 6.32 6.31 6.32 6.18 5.84 5.38 5.00 4.92 5.15 5.53 5.86 6.01 6.04 6.02 5.93 5.77 5.53 5.30 5.18 5.20 5.30 5.42 5.51 5.59 5.64 5.60 5.41 5.13 4.90 4.76 4.72 4.75 4.82 4.87 4.88 4.86 4.87 4.92 4.95 4.95 4.91 4.85 4.82 4.85
5.89 5.85 5.80 5.74 5.60 5.36 5.11 4.95 4.99 5.23 5.55 5.98 6.52 7.09 7.52 7.69 7.55 7.14 6.66 6.13 5.70 5.53 5.46 5.27 4.99 4.76 4.64 4.76 4.93 5.01 5.07 5.29 5.72 6.17 6.45 6.52 6.39 6.19 6.03 5.93 5.89 5.94 6.03 5.99 5.76 5.47 5.12 4.96 5.15 5.49 5.66 5.69 5.77 5.93 6.12 6.29 6.38 6.32 6.10 5.81 5.62 5.48 5.40 5.36 5.35 5.28 5.10 4.90 4.78 4.72 4.68 4.67 4.72 4.83 4.94 5.01 5.07 5.11 5.16 5.31 5.52 5.68 5.80 5.95
5.83 5.73 5.64 5.61 5.53 5.41 5.32 5.25 5.25 5.44 5.94 6.64 7.25 7.57 7.57 7.21 6.55 6.01 5.69 5.36 5.24 5.37 5.55 5.59 5.46 5.18 4.89 4.74 4.82 4.83 4.68 4.66 4.92 5.46 5.91 6.09 6.01 5.83 5.69 5.62 5.65 5.79 5.92 5.83 5.58 5.39 5.21 5.04 5.12 5.27 5.30 5.25 5.30 5.51 5.82 6.08 6.31 6.46 6.45 6.26 5.94 5.61 5.34 5.14 4.95 4.74 4.55 4.59 4.77 4.90 4.92 4.88 4.87 4.95 5.06 5.16 5.25 5.30 5.41 5.60 5.79 5.96 6.15 6.26
5.73 5.64 5.57 5.56 5.53 5.51 5.52 5.48 5.50 5.75 6.30 6.83 7.05 6.94 6.57 6.04 5.59 5.31 5.06 4.84 4.81 4.91 5.07 5.28 5.37 5.27 5.08 4.99 5.05 5.09 4.95 4.72 4.65 4.77 5.09 5.37 5.53 5.58 5.64 5.69 5.75 5.85 5.85 5.63 5.34 5.23 5.24 5.19 5.16 5.15 5.07 5.01 5.10 5.33 5.60 5.80 5.91 5.95 6.02 6.06 5.93 5.62 5.29 4.99 4.67 4.41 4.43 4.73 5.04 5.20 5.25 5.22 5.16 5.13 5.13 5.18 5.23 5.28 5.39 5.52 5.55 5.56 5.62 5.64
5.67 5.63 5.60 5.58 5.54 5.58 5.67 5.72 5.84 6.23 6.66 6.79 6.58 6.20 5.78 5.41 5.22 5.03 4.74 4.55 4.48 4.50 4.65 4.88 4.98 4.99 5.07 5.19 5.27 5.31 5.30 5.12 4.84 4.66 4.61 4.81 5.13 5.42 5.65 5.79 5.85 5.88 5.76 5.43 5.11 5.04 5.14 5.19 5.16 5.10 5.04 5.04 5.20 5.39 5.54 5.62 5.60 5.50 5.47 5.53 5.55 5.44 5.27 5.06 4.89 4.89 5.08 5.29 5.36 5.33 5.31 5.31 5.27 5.18 5.09 5.02 4.99 5.05 5.19 5.27 5.24 5.16 5.13 5.07
5.72 5.72 5.69 5.60 5.55 5.63 5.81 6.00 6.26 6.62 6.75 6.57 6.24 5.93 5.63 5.36 5.10 4.84 4.70 4.73 4.82 4.91 5.00 4.98 4.90 4.93 5.10 5.25 5.26 5.26 5.32 5.35 5.25 5.00 4.73 4.67 4.93 5.27 5.53 5.70 5.80 5.83 5.61 5.17 4.81 4.72 4.83 4.93 4.94 4.95 5.00 5.08 5.16 5.21 5.21 5.27 5.33 5.31 5.24 5.20 5.23 5.28 5.33 5.37 5.47 5.61 5.67 5.62 5.47 5.29 5.20 5.17 5.17 5.15 5.08 4.98 4.95 5.05 5.16 5.13 5.00 4.91 4.92 4.91
5.78 5.76 5.67 5.56 5.55 5.66 5.88 6.20 6.61 6.77 6.63 6.31 6.03 5.78 5.50 5.19 4.94 4.89 5.09 5.35 5.48 5.47 5.34 5.16 5.03 5.03 5.11 5.17 5.16 5.14 5.20 5.28 5.32 5.25 5.10 5.02 5.11 5.28 5.40 5.54 5.66 5.58 5.15 4.61 4.33 4.33 4.49 4.64 4.71 4.73 4.75 4.76 4.70 4.66 4.66 4.77 4.97 5.16 5.21 5.19 5.20 5.28 5.38 5.48 5.56 5.62 5.62 5.57 5.49 5.38 5.25 5.15 5.11 5.10 5.07 5.05 5.08 5.12 5.02 4.81 4.63 4.57 4.60 4.66
5.68 5.62 5.50 5.47 5.53 5.68 5.88 6.15 6.43 6.43 6.20 5.91 5.67 5.37 4.99 4.83 4.93 5.16 5.35 5.39 5.27 5.14 5.11 5.20 5.29 5.27 5.15 5.08 5.06 5.02 5.02 5.04 5.05 5.13 5.25 5.37 5.41 5.38 5.50 5.43 5.39 4.96 4.26 3.84 3.81 3.99 4.24 4.49 4.60 4.56 4.48 4.37 4.20 4.11 4.16 4.31 4.58 4.85 5.00 5.09 5.18 5.29 5.35 5.34 5.33 5.39 5.47 5.50 5.48 5.43 5.35 5.23 5.11 4.99 4.90 4.91 4.87 4.73 4.51 4.34 4.30 4.33 4.32 4.31
5.62 5.59 5.54 5.52 5.57 5.67 5.78 5.87 5.87 5.71 5.51 5.38 5.20 4.84 4.59 4.77 5.00 5.05 4.89 4.61 4.44 4.55 4.88 5.24 5.43 5.46 5.38 5.23 5.10 4.95 4.91 4.93 4.96 5.06 5.20 5.29 5.30 5.26 5.21 5.20 4.90 4.25 3.77 3.72 3.88 4.04 4.21 4.47 4.60 4.64 4.64 4.54 4.33 4.12 4.06 4.18 4.38 4.55 4.73 4.94 5.14 5.30 5.41 5.53 5.66 5.73 5.68 5.54 5.36 5.23 5.20 5.15 5.01 4.80 4.69 4.63 4.50 4.35 4.26 4.26 4.31 4.28 4.15 4.07
5.80 5.86 5.84 5.69 5.58 5.56 5.58 5.55 5.42 5.25 5.33 5.13 4.95 4.63 4.60 4.73 4.63 4.37 4.12 3.98 4.10 4.52 5.04 5.37 5.47 5.49 5.53 5.47 5.29 5.06 4.93 4.97 5.01 5.00 4.92 4.81 4.80 4.86 4.92 4.84 4.52 4.22 4.33 4.62 4.77 4.73 4.71 4.79 4.87 4.95 4.97 4.92 4.80 4.62 4.49 4.47 4.47 4.57 4.81 5.04 5.19 5.32 5.52 5.79 5.92 5.85 5.64 5.42 5.20 5.04 4.97 4.91 4.78 4.64 4.54 4.42 4.29 4.23 4.29 4.36 4.35 4.24 4.16 4.23
5.92 5.93 5.81 5.56 5.39 5.36 5.37 5.31 5.23 5.20 5.19 5.05 4.77 4.53 4.43 4.26 3.97 3.80 3.85 4.08 4.48 4.94 5.37 5.54 5.44 5.35 5.41 5.45 5.36 5.17 5.02 5.01 5.01 4.86 4.63 4.51 4.58 4.74 4.85 4.83 4.79 4.97 5.29 5.47 5.54 5.56 5.52 5.43 5.34 5.23 5.09 4.96 4.91 4.89 4.86 4.79 4.73 4.83 5.03 5.16 5.16 5.25 5.43 5.56 5.47 5.27 5.16 5.15 5.15 5.10 4.94 4.75 4.61 4.54 4.46 4.30 4.09 3.96 3.98 4.10 4.24 4.38 4.58 4.75
5.69 5.49 5.16 5.04 5.06 5.18 5.25 5.21 5.17 5.15 5.29 4.70 4.47 4.34 4.19 4.01 3.92 4.04 4.42 4.97 5.42 5.65 5.71 5.47 5.08 4.98 5.05 5.10 5.11 5.08 5.07 5.06 5.06 4.97 4.83 4.82 4.96 5.09 5.16 5.22 5.35 5.48 5.53 5.58 5.73 5.94 6.08 6.05 5.87 5.60 5.38 5.22 5.10 5.03 4.98 4.94 4.95 4.99 5.04 5.07 5.04 5.09 5.16 5.10 4.93 4.86 5.00 5.18 5.24 5.13 4.90 4.65 4.52 4.46 4.43 4.37 4.24 4.04 3.89 3.94 4.28 4.76 5.09 5.07
5.28 4.93 4.58 4.63 4.86 5.11 5.23 5.18 5.08 5.48 4.75 4.48 4.41 4.50 4.60 4.68 4.86 5.19 5.68 6.10 6.27 6.15 5.75 5.19 4.81 4.75 4.77 4.74 4.79 4.90 4.98 5.02 5.09 5.18 5.28 5.39 5.47 5.45 5.40 5.39 5.37 5.30 5.35 5.56 5.86 6.17 6.40 6.45 6.35 6.17 5.96 5.77 5.58 5.38 5.20 5.09 5.03 4.94 4.89 4.95 4.94 4.98 4.98 4.90 4.86 5.03 5.27 5.35 5.13 4.78 4.54 4.45 4.42 4.40 4.39 4.46 4.59 4.63 4.52 4.46 4.70 5.06 5.15 4.90
5.21 5.00 4.79 4.92 5.17 5.32 5.31 5.20 5.08 5.44 4.84 4.76 4.84 5.09 5.43 5.75 6.07 6.32 6.44 6.42 6.21 5.85 5.39 5.00 4.84 4.81 4.73 4.70 4.78 4.89 4.93 4.93 5.03 5.23 5.40 5.47 5.44 5.37 5.31 5.23 5.13 5.14 5.36 5.69 6.06 6.35 6.48 6.45 6.38 6.28 6.09 5.85 5.66 5.53 5.40 5.27 5.11 4.91 4.80 4.85 4.95 5.02 5.04 5.03 5.13 5.35 5.42 5.16 4.62 4.19 4.10 4.19 4.32 4.42 4.46 4.47 4.56 4.79 5.01 5.13 5.23 5.24 5.03 4.83
5.44 5.46 5.56 5.76 5.85 5.70 5.43 5.26 5.20 5.16 5.12 5.16 5.34 5.65 5.96 6.21 6.35 6.32 6.13 5.78 5.33 4.94 4.73 4.74 4.85 4.90 4.90 4.98 5.12 5.19 5.13 5.07 5.15 5.30 5.34 5.22 5.12 5.12 5.18 5.20 5.22 5.36 5.63 5.92 6.14 6.22 6.11 5.90 5.75 5.70 5.63 5.59 5.59 5.57 5.50 5.41 5.29 5.14 4.94 4.92 5.04 5.15 5.20 5.25 5.38 5.45 5.24 4.71 4.18 3.97 4.02 4.19 4.35 4.51 4.68 4.70 4.61 4.60 4.84 5.22 5.51 5.61 5.59 5.74
5.59 5.73 5.98 6.14 6.11 5.89 5.58 5.35 5.28 5.30 5.34 5.41 5.57 5.79 5.92 5.91 5.79 5.60 5.30 4.85 4.41 4.20 4.27 4.57 4.85 5.00 5.13 5.29 5.44 5.54 5.57 5.59 5.64 5.63 5.57 5.43 5.28 5.24 5.27 5.40 5.61 5.87 6.06 6.10 6.03 5.80 5.45 5.15 5.04 5.14 5.34 5.55 5.69 5.66 5.56 5.48 5.43 5.37 5.23 5.14 5.17 5.26 5.36 5.42 5.45 5.30 4.89 4.38 4.14 4.14 4.27 4.43 4.54 4.62 4.73 4.85 4.90 4.84 4.86 5.21 5.76 6.21 6.51 6.74
5.65 5.78 5.96 6.02 5.98 5.93 5.80 5.58 5.46 5.46 5.47 5.46 5.48 5.50 5.44 5.39 5.31 5.05 4.63 4.26 4.12 4.20 4.49 4.81 5.01 5.13 5.26 5.39 5.52 5.67 5.87 6.04 6.11 6.05 5.97 5.89 5.76 5.62 5.50 5.59 5.85 6.06 6.07 5.95 5.73 5.36 4.94 4.68 4.71 4.99 5.40 5.69 5.76 5.68 5.59 5.55 5.52 5.49 5.39 5.27 5.25 5.33 5.43 5.45 5.38 5.11 4.63 4.28 4.24 4.37 4.52 4.62 4.70 4.77 4.75 4.78 4.99 5.27 5.50 5.81 6.30 6.60 6.65 6.55
5.77 5.92 6.12 6.18 6.14 6.05 6.01 5.96 5.86 5.73 5.55 5.37 5.22 5.11 5.12 5.19 5.12 4.82 4.54 4.52 4.72 4.94 5.11 5.23 5.27 5.29 5.36 5.44 5.55 5.69 5.87 6.03 6.11 6.13 6.16 6.24 6.26 6.14 5.90 5.77 5.83 5.84 5.79 5.72 5.48 5.10 4.79 4.66 4.77 5.13 5.58 5.83 5.87 5.79 5.72 5.65 5.57 5.49 5.36 5.25 5.23 5.27 5.32 5.33 5.26 5.02 4.67 4.48 4.50 4.63 4.73 4.75 4.75 4.79 4.86 4.95 5.13 5.52 6.06 6.52 6.72 6.49 6.01 5.67
6.00 6.20 6.47 6.50 6.36 6.12 6.05 6.10 6.07 5.83 5.51 5.26 5.09 5.04 5.11 5.12 4.95 4.81 4.89 5.17 5.42 5.50 5.51 5.52 5.50 5.48 5.50 5.54 5.62 5.75 5.85 5.88 5.87 5.95 6.20 6.51 6.71 6.71 6.51 6.14 5.88 5.72 5.67 5.55 5.23 4.93 4.82 4.86 5.06 5.44 5.80 5.97 6.02 5.97 5.86 5.72 5.59 5.46 5.30 5.24 5.22 5.52 5.20 5.20 5.16 5.02 4.87 4.86 4.92 4.97 4.98 4.94 4.86 4.82 4.95 5.25 5.59 6.02 6.60 6.98 6.83 6.20 5.49 5.06
6.14 6.22 6.35 6.35 6.27 6.07 5.92 5.87 5.79 5.60 5.36 5.21 5.18 5.22 5.17 4.96 4.80 4.92 5.22 5.43 5.49 5.51 5.57 5.64 5.63 5.58 5.54 5.53 5.58 5.73 5.86 5.87 5.84 5.95 6.20 6.48 6.68 6.80 6.82 6.58 6.09 5.69 5.40 5.09 4.80 4.75 4.87 5.03 5.31 5.72 5.99 6.04 6.03 6.00 5.92 5.77 5.61 5.45 5.30 5.29 5.33 5.33 5.28 5.22 5.18 5.12 5.08 5.15 5.25 5.29 5.26 5.23 5.20 5.17 5.25 5.55 6.13 6.83 7.35 7.35 6.87 6.19 5.53 5.02
6.03 5.86 5.61 5.58 5.66 5.67 5.58 5.50 5.47 5.45 5.44 5.50 5.62 5.62 5.37 4.99 4.84 4.96 5.11 5.16 5.24 5.41 5.60 5.70 5.66 5.54 5.43 5.39 5.44 5.58 5.72 5.83 5.90 5.97 6.00 5.99 6.03 6.17 6.33 6.30 5.91 5.38 4.91 4.58 4.51 4.66 4.87 5.07 5.48 5.94 6.06 5.92 5.83 5.87 5.88 5.79 5.63 5.46 5.33 5.37 5.48 5.50 5.43 5.33 5.24 5.19 5.22 5.32 5.42 5.51 5.60 5.72 5.82 5.92 6.04 6.30 6.82 7.41 7.63 7.31 6.80 6.41 6.00 5.50
5.72 5.37 4.78 4.51 4.55 4.74 4.97 5.20 5.43 5.66 5.90 6.14 6.25 6.10 5.66 5.20 4.95 4.82 4.72 4.77 5.04 5.40 5.64 5.71 5.65 5.54 5.42 5.32 5.28 5.35 5.41 5.47 5.54 5.58 5.48 5.31 5.22 5.21 5.25 5.26 5.17 4.92 4.66 4.50 4.58 4.78 4.94 5.21 5.75 6.13 6.02 5.73 5.63 5.69 5.77 5.75 5.65 5.54 5.46 5.54 5.63 5.63 5.56 5.44 5.30 5.23 5.31 5.45 5.57 5.71 5.96 6.30 6.65 7.00 7.29 7.48 7.66 7.74 7.47 6.97 6.73 6.73 6.71 6.50
5.34 4.91 4.23 3.98 3.97 4.17 4.57 5.02 5.40 5.77 6.11 6.31 6.26 5.96 5.58 5.24 4.98 4.78 4.71 4.87 5.17 5.45 5.63 5.68 5.65 5.61 5.55 5.45 5.30 5.22 5.17 5.08 5.01 4.99 4.91 4.72 4.55 4.43 4.36 4.41 4.55 4.66 4.70 4.78 5.00 5.22 5.42 5.80 6.23 6.26 5.92 5.64 5.57 5.60 5.66 5.72 5.75 5.81 5.91 5.99 5.93 5.78 5.64 5.54 5.44 5.39 5.44 5.58 5.74 5.96 6.34 6.83 7.36 7.79 8.05 8.09 7.96 7.67 7.19 6.84 6.88 7.09 7.30 7.42
5.07 4.72 4.27 4.23 4.36 4.59 4.87 5.10 5.29 5.53 5.79 5.88 5.68 5.38 5.18 5.08 4.99 4.92 5.00 5.24 5.47 5.65 5.72 5.72 5.67 5.66 5.70 5.72 5.65 5.45 5.25 5.05 4.89 4.76 4.57 4.32 4.07 3.93 3.95 4.14 4.40 4.66 4.94 5.28 5.60 5.85 6.15 6.43 6.51 6.23 5.82 5.62 5.58 5.56 5.59 5.71 5.89 6.12 6.31 6.30 6.05 5.75 5.58 5.56 5.60 5.61 5.60 5.67 5.87 6.21 6.68 7.14 7.50 7.66 7.70 7.60 7.38 7.08 6.82 6.78 6.90 7.06 7.31 7.63
5.22 5.12 5.14 5.34 5.49 5.53 5.45 5.35 5.34 5.39 5.42 5.35 5.15 4.95 4.90 4.95 5.02 5.08 5.24 5.49 5.69 5.86 5.88 5.77 5.65 5.63 5.72 5.84 5.89 5.78 5.50 5.22 4.96 4.67 4.34 4.05 3.83 3.76 3.90 4.17 4.50 4.90 5.37 5.77 6.03 6.21 6.38 6.46 6.33 5.97 5.64 5.50 5.44 5.40 5.43 5.59 5.82 6.00 6.04 5.84 5.57 5.43 5.42 5.51 5.59 5.64 5.66 5.72 5.89 6.25 6.67 6.92 6.91 6.73 6.55 6.43 6.36 6.36 6.42 6.51 6.53 6.55 6.80 7.15
5.61 5.76 6.12 6.44 6.56 6.41 6.04 5.82 5.72 5.57 5.30 5.00 4.81 4.77 4.84 4.98 5.11 5.25 5.48 5.74 5.93 6.02 5.91 5.71 5.57 5.56 5.65 5.77 5.83 5.81 5.63 5.33 4.98 4.60 4.23 3.99 3.92 3.94 4.08 4.36 4.83 5.43 5.94 6.18 6.23 6.20 6.18 6.14 5.97 5.66 5.41 5.25 5.14 5.14 5.24 5.39 5.52 5.54 5.39 5.14 5.06 5.14 5.30 5.45 5.48 5.49 5.56 5.67 5.81 6.02 6.23 6.18 5.94 5.70 5.54 5.51 5.69 5.97 6.17 6.22 6.17 6.18 6.30 6.44
5.77 5.99 6.35 6.57 6.67 6.65 6.58 6.43 6.18 5.79 5.34 4.97 4.78 4.81 4.98 5.17 5.33 5.54 5.79 5.95 5.99 5.90 5.68 5.48 5.42 5.46 5.54 5.58 5.58 5.57 5.50 5.30 5.02 4.69 4.38 4.20 4.18 4.24 4.42 4.84 5.51 6.10 6.35 6.32 6.16 6.01 5.95 5.92 5.76 5.48 5.22 5.03 4.93 5.03 5.15 5.22 5.17 5.01 4.81 4.71 4.78 4.99 5.20 5.32 5.31 5.29 5.39 5.58 5.78 5.90 5.86 5.63 5.42 5.32 5.30 5.45 5.80 6.11 6.22 6.19 6.18 6.19 6.14 6.09
5.77 5.91 6.12 6.17 6.15 6.18 6.35 6.36 6.15 5.78 5.43 5.17 5.03 5.06 5.22 5.43 5.64 5.84 5.96 5.90 5.71 5.48 5.32 5.28 5.33 5.40 5.41 5.33 5.31 5.35 5.34 5.24 5.09 4.87 4.66 4.56 4.56 4.67 4.99 5.60 6.14 6.31 6.15 5.93 5.80 5.76 5.81 5.83 5.68 5.38 5.12 4.99 5.00 5.10 5.14 5.11 4.94 4.63 4.41 4.41 4.60 4.88 5.08 5.15 5.13 5.18 5.33 5.55 5.75 5.86 5.79 5.64 5.54 5.48 5.51 5.81 6.24 6.50 6.54 6.45 6.38 6.30 6.19 6.19
5.78 5.88 6.02 6.00 5.82 5.58 5.53 5.57 5.59 5.55 5.43 5.31 5.24 5.27 5.39 5.57 5.76 5.86 5.77 5.52 5.26 5.08 5.06 5.23 5.40 5.49 5.45 5.36 5.38 5.41 5.37 5.27 5.14 4.99 4.91 4.94 5.06 5.30 5.68 6.05 6.13 5.89 5.60 5.46 5.50 5.63 5.79 5.81 5.60 5.29 5.06 5.02 5.04 5.10 5.13 5.12 5.04 4.86 4.64 4.57 4.71 4.90 5.00 5.06 5.12 5.22 5.38 5.55 5.64 5.65 5.69 5.74 5.68 5.56 5.64 6.11 6.65 6.85 6.78 6.64 6.49 6.34 6.26 6.35
5.82 5.86 5.84 5.69 5.46 5.13 4.88 4.81 4.92 5.09 5.19 5.24 5.26 5.30 5.37 5.48 5.54 5.43 5.18 4.92 4.75 4.72 4.90 5.28 5.59 5.69 5.69 5.70 5.72 5.64 5.49 5.32 5.14 5.04 5.06 5.18 5.39 5.66 5.84 5.85 5.65 5.42 5.31 5.38 5.52 5.65 5.76 5.73 5.50 5.21 5.02 4.92 4.89 4.99 5.16 5.26 5.34 5.38 5.28 5.22 5.20 5.11 5.07 5.11 5.19 5.30 5.45 5.58 5.61 5.60 5.70 5.80 5.74 5.71 6.03 6.68 7.11 7.04 6.74 6.52 6.38 6.31 6.31 6.32
5.82 5.66 5.23 4.75 4.49 4.40 4.42 4.49 4.58 4.73 4.93 5.12 5.22 5.26 5.31 5.31 5.18 4.95 4.73 4.64 4.65 4.78 5.11 5.55 5.78 5.80 5.80 5.84 5.78 5.60 5.46 5.32 5.18 5.11 5.15 5.27 5.42 5.55 5.59 5.54 5.42 5.31 5.36 5.52 5.63 5.64 5.61 5.51 5.33 5.11 4.89 4.73 4.78 5.04 5.28 5.39 5.51 5.66 5.77 5.80 5.68 5.41 5.23 5.23 5.30 5.39 5.55 5.70 5.83 5.96 6.03 5.96 5.96 6.25 6.84 7.30 7.33 6.92 6.50 6.30 6.25 6.30 6.31 6.15
5.62 5.28 4.69 4.16 3.86 3.99 4.30 4.54 4.67 4.82 5.02 5.16 5.20 5.24 5.30 5.26 5.13 5.06 5.13 5.24 5.31 5.44 5.67 5.83 5.81 5.67 5.61 5.56 5.34 5.14 5.15 5.18 5.17 5.18 5.26 5.35 5.45 5.55 5.64 5.69 5.58 5.43 5.44 5.55 5.57 5.50 5.41 5.28 5.07 4.83 4.62 4.62 4.88 5.22 5.40 5.45 5.53 5.70 5.90 5.98 5.92 5.74 5.56 5.53 5.54 5.56 5.64 5.81 6.00 6.09 6.03 5.95 6.18 6.77 7.31 7.32 6.93 6.44 6.16 6.10 6.17 6.23 6.17 5.95
5.41 5.12 4.80 4.65 4.54 4.57 4.67 4.72 4.78 4.95 5.12 5.17 5.19 5.26 5.34 5.38 5.45 5.60 5.75 5.75 5.64 5.62 5.73 5.77 5.65 5.43 5.23 5.00 4.71 4.60 4.70 4.86 5.07 5.25 5.39 5.49 5.64 5.84 6.00 6.01 5.80 5.53 5.39 5.37 5.33 5.27 5.23 5.11 4.84 4.53 4.44 4.68 5.09 5.35 5.41 5.41 5.50 5.65 5.80 5.89 5.96 6.00 5.96 5.86 5.74 5.65 5.64 5.70 5.75 5.72 5.69 5.94 6.49 7.05 7.14 6.70 6.13 5.82 5.70 5.71 5.79 5.83 5.72 5.59
5.40 5.28 5.17 5.18 5.17 5.17 5.10 5.00 4.98 5.03 5.04 5.04 5.14 5.30 5.46 5.60 5.78 5.87 5.74 5.48 5.31 5.34 5.53 5.67 5.58 5.24 4.84 4.50 4.34 4.39 4.51 4.70 5.01 5.32 5.54 5.70 5.89 6.07 6.13 6.02 5.80 5.56 5.33 5.16 5.06 5.10 5.16 5.02 4.70 4.48 4.56 4.89 5.21 5.33 5.31 5.30 5.39 5.53 5.64 5.73 5.85 5.98 6.00 5.85 5.66 5.54 5.51 5.50 5.48 5.50 5.71 6.23 6.75 6.82 6.47 5.91 5.54 5.40 5.34 5.27 5.26 5.33 5.24 5.06
5.47 5.43 5.37 5.36 5.35 5.40 5.54 5.62 5.59 5.36 5.09 4.99 5.13 5.37 5.59 5.77 5.89 5.82 5.62 5.52 5.62 5.79 5.94 5.95 5.69 5.23 4.78 4.54 4.55 4.68 4.79 4.88 5.08 5.36 5.62 5.84 5.96 5.97 5.87 5.72 5.61 5.51 5.34 5.12 5.03 5.09 5.12 4.95 4.71 4.65 4.82 5.08 5.25 5.26 5.20 5.18 5.22 5.30 5.41 5.54 5.67 5.77 5.77 5.63 5.44 5.34 5.35 5.41 5.50 5.67 6.01 6.37 6.37 6.02 5.66 5.41 5.29 5.27 5.23 5.13 5.06 5.09 5.02 4.79
5.41 5.37 5.38 5.57 5.80 5.95 6.05 5.97 5.66 5.24 4.95 4.99 5.21 5.42 5.60 5.74 5.80 5.82 5.97 6.30 6.61 6.72 6.63 6.39 5.94 5.48 5.18 5.11 5.18 5.26 5.24 5.17 5.19 5.34 5.52 5.62 5.63 5.61 5.55 5.49 5.49 5.50 5.44 5.32 5.26 5.20 5.07 4.89 4.78 4.81 4.99 5.24 5.33 5.28 5.20 5.15 5.11 5.11 5.20 5.39 5.54 5.58 5.53 5.37 5.16 5.10 5.23 5.42 5.60 5.79 5.97 5.93 5.58 5.32 5.27 5.24 5.21 5.23 5.23 5.15 5.04 4.97 4.85 4.70
