project/data/elevation/US_DEM2016/US_DEM2016_point_10-31-2019_0955_30m_vel.asc
ncols	125
nrows	167
xllcorner	-2042055.000000
yllcorner	1465035.000000
cellsize	30.000000
NODATA_value	-9999.000000
[rows 76 to 113 of 167, columns 0 to 83 of 125]
7.28 6.98 6.62 6.59 6.74 7.02 7.63 8.38 8.78 8.70 8.35 8.12 8.40 9.14 9.84 10.51 11.05 10.99 10.50 9.87 9.37 8.94 8.54 8.14 7.83 7.64 7.45 7.44 7.59 7.67 7.58 7.35 6.83 6.44 6.42 6.58 6.66 6.51 6.23 5.97 5.88 6.11 6.55 6.73 6.69 6.48 6.30 6.05 5.87 5.85 5.87 5.85 5.78 5.85 6.13 6.43 6.66 6.71 6.78 6.98 7.17 6.90 5.94 4.84 4.21 4.11 4.43 4.73 5.05 5.46 5.86 6.33 7.17 8.21 9.21 10.25 11.30 11.98 11.82 10.86 9.19 7.09 6.08 5.86
7.31 7.00 6.69 6.72 6.99 7.59 8.12 8.26 7.84 7.09 6.61 6.80 7.57 8.68 9.65 10.36 10.42 10.46 9.78 9.05 8.52 8.19 7.95 7.79 7.65 7.52 7.29 7.24 7.35 7.56 7.71 7.70 7.47 7.36 7.33 7.22 6.91 6.44 6.06 5.95 6.14 6.43 6.59 6.47 6.34 6.22 6.12 5.94 5.77 5.69 5.62 5.55 5.50 5.71 6.11 6.50 6.79 6.94 7.05 7.12 6.85 6.00 5.05 4.71 4.87 5.29 5.60 5.91 6.45 7.33 7.98 8.80 9.95 10.99 11.75 12.38 12.71 12.38 11.16 10.24 8.94 7.33 6.27 5.79
7.25 6.76 6.35 6.46 6.72 7.14 7.24 6.90 6.43 6.21 6.39 6.99 7.96 9.08 9.90 10.37 10.33 9.82 9.12 8.49 8.02 7.67 7.45 7.35 7.28 7.15 6.97 6.99 7.11 7.31 7.61 7.85 7.93 7.90 7.77 7.47 6.97 6.44 6.20 6.19 6.21 6.10 5.92 5.74 5.64 5.49 5.15 4.81 4.72 4.71 4.77 4.95 5.36 5.90 6.36 6.73 7.07 7.23 7.20 6.89 6.24 5.39 5.06 5.40 6.11 6.65 7.14 7.90 8.90 9.47 9.96 10.74 11.87 12.01 11.83 12.42 11.88 11.06 10.19 9.69 9.30 8.59 7.75 7.06
7.06 6.42 5.92 6.06 6.21 6.35 6.39 6.39 6.59 6.99 7.52 8.23 9.19 10.04 10.49 10.47 10.01 9.30 8.63 8.09 7.62 7.24 6.98 6.86 6.75 6.59 6.44 6.47 6.46 6.59 6.77 7.20 7.50 7.56 7.42 7.13 6.71 6.28 6.00 5.73 5.42 5.11 4.95 5.03 5.07 4.96 4.66 4.46 4.60 4.91 5.30 5.81 6.41 6.81 6.93 6.95 6.91 6.67 6.19 5.57 5.02 4.88 5.25 6.09 7.08 8.00 9.07 10.02 10.39 10.50 10.64 11.03 10.90 11.52 11.13 10.62 9.47 9.10 8.71 8.79 9.02 9.06 8.75 8.25
6.78 6.25 5.92 6.15 6.33 6.45 6.63 6.96 7.50 8.03 8.67 9.48 10.35 10.74 10.64 10.08 9.29 8.53 7.92 7.46 7.07 6.77 6.56 6.37 6.22 6.10 5.91 5.65 5.34 5.35 5.43 5.81 6.34 6.71 6.79 6.65 6.41 6.22 5.96 5.65 5.39 5.30 5.34 5.50 5.51 5.47 5.42 5.52 5.80 6.27 6.78 7.18 7.40 7.42 7.12 6.85 6.45 5.91 5.37 4.97 4.84 5.16 5.89 6.99 8.15 9.38 10.33 10.53 10.21 9.91 9.92 10.03 9.92 9.35 8.91 8.66 8.38 8.07 7.80 7.68 7.96 8.50 8.75 8.60
6.57 6.33 6.30 6.66 6.92 7.08 7.27 7.64 8.18 8.79 9.52 10.25 10.71 10.60 9.98 9.11 8.29 7.50 6.93 6.51 6.26 6.18 6.14 5.98 5.87 5.76 5.46 4.85 4.36 4.21 4.17 4.39 4.95 5.63 6.05 6.32 6.41 6.58 6.60 6.59 6.65 6.79 6.94 6.91 6.75 6.66 6.69 6.95 7.28 7.40 7.40 7.33 7.25 7.09 6.94 6.83 6.69 6.66 6.59 6.46 6.47 6.74 7.34 8.31 9.31 10.09 10.10 9.32 8.75 8.77 8.98 9.02 8.73 8.11 7.86 7.81 7.82 7.81 7.57 7.24 7.17 7.47 8.00 8.24
6.71 6.67 6.67 6.78 6.99 7.27 7.62 8.09 8.69 9.35 9.97 10.35 10.28 9.69 8.84 8.10 7.45 6.78 6.16 5.78 5.66 5.60 5.46 5.49 5.56 5.50 5.26 4.76 4.03 3.74 3.73 4.06 4.48 4.88 5.43 6.03 6.42 6.78 7.05 7.37 7.70 7.96 8.02 7.82 7.58 7.49 7.55 7.71 7.80 7.55 7.20 7.10 7.21 7.26 7.13 7.09 7.19 7.47 7.62 7.71 7.86 8.15 8.66 9.28 9.89 9.88 9.04 8.18 8.00 8.31 8.57 8.51 7.98 7.63 7.48 7.48 7.55 7.67 7.43 7.25 6.98 6.90 7.06 7.50
7.01 7.03 6.89 6.71 6.83 7.27 7.81 8.42 9.07 9.61 9.95 9.94 9.50 8.75 8.01 7.43 6.90 6.34 5.80 5.43 5.22 4.99 4.76 4.84 5.13 5.31 5.37 5.31 4.90 4.64 4.76 5.08 5.16 5.19 5.39 5.82 6.19 6.57 7.03 7.58 7.96 8.02 7.89 7.64 7.52 7.58 7.71 7.77 7.75 7.61 7.62 7.77 7.84 7.70 7.36 7.26 7.28 7.40 7.65 7.96 8.34 8.71 9.13 9.46 9.61 9.15 8.34 8.10 8.26 8.38 8.36 8.06 7.45 6.86 6.59 6.71 6.90 7.03 7.04 6.98 6.79 6.54 6.33 6.68
7.08 7.09 7.00 6.92 7.10 7.54 8.09 8.72 9.24 9.54 9.57 9.30 8.73 8.03 7.41 6.88 6.38 5.88 5.41 5.05 4.70 4.37 4.26 4.49 5.00 5.49 5.92 6.37 6.72 6.86 6.88 6.72 6.43 6.18 6.01 6.01 6.32 6.86 7.45 7.79 7.67 7.34 7.17 7.25 7.34 7.53 7.77 7.99 8.24 8.46 8.46 8.34 8.06 7.74 7.41 7.33 7.37 7.54 7.92 8.25 8.58 8.83 9.00 9.08 8.94 8.49 8.11 8.25 8.34 8.21 7.93 7.24 6.66 5.87 5.34 5.37 5.62 5.81 6.01 6.20 6.25 6.13 5.85 5.96
7.02 7.00 7.07 7.26 7.60 8.04 8.47 8.87 9.16 9.22 9.07 8.67 8.09 7.47 6.88 6.33 5.75 5.15 4.67 4.39 4.24 4.26 4.55 5.07 5.72 6.27 6.82 7.38 7.93 8.26 8.28 7.93 7.45 7.08 6.84 6.69 7.11 7.76 7.89 7.57 7.02 6.79 7.00 7.31 7.46 7.72 8.21 8.63 8.94 9.09 8.95 8.52 8.09 7.80 7.49 7.43 7.61 7.91 8.17 8.27 8.35 8.39 8.43 8.51 8.38 8.09 7.84 7.89 7.81 7.63 7.41 6.69 6.41 5.68 4.94 4.73 4.62 4.51 4.57 4.83 5.20 5.42 5.44 5.48
7.06 7.08 7.24 7.59 8.03 8.34 8.48 8.60 8.78 8.83 8.64 8.21 7.63 7.00 6.36 5.67 4.91 4.23 3.93 3.99 4.26 4.76 5.38 6.01 6.63 7.12 7.52 7.81 8.07 8.31 8.37 8.27 7.98 7.63 7.41 7.35 7.62 7.79 7.37 6.75 6.47 6.58 6.78 6.96 7.17 7.70 8.31 8.70 8.79 8.85 8.84 8.65 8.38 8.07 7.68 7.55 7.61 7.64 7.62 7.63 7.55 7.54 7.74 8.02 8.05 7.82 7.46 7.26 7.15 7.10 7.06 7.04 6.97 6.68 5.92 5.19 4.61 4.18 3.91 3.90 4.10 4.35 4.53 4.71
7.15 7.19 7.33 7.61 7.86 7.90 7.92 8.11 8.44 8.63 8.40 7.88 7.23 6.51 5.65 4.79 4.18 3.99 4.22 4.53 4.88 5.33 5.88 6.49 7.08 7.50 7.65 7.62 7.52 7.51 7.71 8.00 8.14 8.09 7.95 7.71 7.37 6.89 6.40 6.20 6.18 6.15 6.04 6.11 6.63 7.37 7.90 7.88 7.64 7.62 7.70 7.84 7.95 7.94 7.81 7.61 7.40 7.16 7.05 7.05 7.08 7.26 7.60 7.87 7.92 7.67 7.29 7.03 6.88 6.95 7.13 7.40 7.62 7.73 7.62 6.94 6.17 5.48 5.07 4.75 4.37 4.11 4.11 4.42
7.16 7.16 7.21 7.28 7.27 7.31 7.61 8.17 8.60 8.62 8.16 7.44 6.67 5.80 4.89 4.45 4.56 5.10 5.45 5.62 5.73 5.93 6.34 6.82 7.19 7.36 7.28 7.12 7.07 7.07 7.25 7.57 7.94 8.14 8.15 7.84 7.07 6.36 5.99 6.00 5.92 5.79 5.75 5.99 6.49 7.03 7.22 6.73 6.05 5.72 5.77 5.93 6.23 6.65 6.94 7.13 7.15 7.08 7.10 7.21 7.40 7.61 7.73 7.76 7.73 7.56 7.25 7.04 6.95 7.10 7.43 7.68 7.87 8.11 8.40 8.46 8.20 7.80 7.42 6.90 6.17 5.62 5.65 5.69
7.15 7.12 7.12 7.16 7.21 7.52 8.11 8.63 8.75 8.36 7.54 6.60 5.73 4.89 4.47 4.66 5.27 5.81 6.09 6.25 6.37 6.57 6.85 7.01 6.93 6.71 6.56 6.65 6.92 7.15 7.26 7.33 7.42 7.59 7.73 7.66 7.07 6.49 6.11 6.05 6.04 6.13 6.23 6.35 6.55 6.78 6.70 5.96 5.02 4.64 4.56 4.57 4.80 5.36 6.05 6.63 6.99 7.19 7.36 7.58 7.75 7.68 7.50 7.40 7.45 7.38 7.10 6.98 7.03 7.23 7.46 7.62 7.67 7.72 7.96 8.38 8.68 8.80 8.76 8.54 8.19 7.91 7.72 7.42
7.19 7.16 7.20 7.36 7.64 8.13 8.59 8.72 8.34 7.49 6.40 5.26 4.31 3.80 3.80 4.19 4.63 5.07 5.59 6.08 6.52 6.84 6.93 6.65 6.18 5.90 6.00 6.36 6.63 6.73 6.78 6.75 6.74 6.90 7.20 7.40 7.14 6.74 6.43 6.44 6.53 6.64 6.68 6.74 6.83 6.91 6.81 6.30 5.63 5.22 5.13 5.32 5.82 6.43 6.90 7.10 7.19 7.28 7.40 7.51 7.47 7.21 7.00 7.03 7.18 7.11 6.78 6.73 6.88 7.02 7.12 7.27 7.14 6.77 6.67 6.98 7.54 7.99 8.32 8.58 8.70 8.76 8.71 8.43
7.24 7.24 7.31 7.57 7.99 8.44 8.57 8.21 7.35 6.15 4.99 4.00 3.37 3.10 3.10 3.28 3.60 4.05 4.60 5.27 5.88 6.30 6.28 5.97 5.71 5.73 5.95 6.15 6.04 5.81 5.74 5.77 5.94 6.29 6.72 7.05 7.03 6.75 6.57 6.71 6.82 6.90 7.02 7.34 7.51 7.58 7.54 7.36 7.22 7.10 6.98 7.29 7.79 8.08 8.02 7.62 7.32 7.19 7.10 6.96 6.76 6.56 6.48 6.65 6.85 6.76 6.44 6.43 6.53 6.57 6.63 6.73 6.51 6.00 5.66 5.76 6.11 6.46 6.81 7.26 7.71 8.00 8.11 8.15
7.30 7.31 7.41 7.74 8.19 8.38 8.05 7.22 6.07 4.94 4.03 3.49 3.27 3.25 3.29 3.38 3.59 3.87 4.23 4.70 5.18 5.45 5.53 5.66 5.90 6.13 6.31 6.30 6.11 5.94 5.85 5.85 6.02 6.22 6.37 6.55 6.67 6.61 6.62 6.86 7.02 7.21 7.55 8.08 8.29 8.31 8.24 8.18 8.24 8.42 8.56 8.62 8.53 8.14 7.61 7.28 7.13 6.96 6.68 6.32 5.98 5.83 5.90 6.20 6.54 6.63 6.48 6.39 6.32 6.27 6.29 6.37 6.21 5.72 5.26 5.11 5.31 5.42 5.45 5.66 6.03 6.40 6.51 6.55
7.35 7.38 7.53 7.84 8.06 7.80 7.01 5.95 4.91 4.13 3.66 3.49 3.57 3.82 4.10 4.36 4.55 4.69 4.96 5.36 5.72 5.88 5.95 6.11 6.28 6.57 7.02 7.35 7.50 7.51 7.40 7.33 7.31 7.15 6.60 6.28 6.41 6.64 6.94 7.27 7.51 7.84 8.28 8.69 8.70 8.56 8.43 8.40 8.52 8.76 8.88 8.76 8.33 7.64 7.13 7.07 7.04 6.81 6.37 5.88 5.51 5.42 5.68 6.19 6.70 6.95 6.89 6.67 6.36 6.21 6.19 6.28 6.16 5.62 4.91 4.42 4.36 4.33 4.19 4.30 4.65 4.99 4.99 4.91
7.38 7.40 7.49 7.55 7.26 6.50 5.48 4.59 3.95 3.58 3.54 3.75 4.07 4.48 5.02 5.63 6.12 6.47 6.85 7.26 7.52 7.52 7.29 6.92 6.69 6.96 7.68 8.19 8.35 8.26 8.09 7.92 7.70 7.31 6.63 6.30 6.48 6.94 7.46 7.85 8.13 8.41 8.65 8.74 8.52 8.32 8.28 8.38 8.55 8.69 8.58 8.40 8.27 8.17 7.93 7.56 7.17 6.80 6.47 6.19 6.02 6.02 6.28 6.72 7.11 7.23 7.03 6.73 6.43 6.39 6.47 6.46 6.13 5.31 4.33 3.66 3.48 3.35 3.23 3.37 3.62 3.80 3.91 4.02
7.39 7.39 7.27 6.91 6.15 5.20 4.37 3.79 3.51 3.56 3.90 4.41 4.95 5.56 6.27 7.05 7.69 8.28 8.78 8.98 8.83 8.38 7.75 7.18 6.94 7.29 7.86 7.90 7.49 7.13 6.85 6.67 6.56 6.38 6.25 6.42 6.80 7.31 7.86 8.20 8.36 8.42 8.31 8.09 7.95 7.88 8.00 8.19 8.37 8.45 8.30 8.16 8.17 8.25 8.16 7.71 7.21 6.84 6.63 6.54 6.58 6.76 6.98 7.24 7.39 7.29 6.91 6.64 6.63 6.95 7.11 6.84 6.17 5.10 4.04 3.50 3.34 3.12 3.02 3.17 3.32 3.35 3.39 3.63
7.43 7.36 7.04 6.46 5.79 5.17 4.65 4.29 4.19 4.42 4.84 5.38 6.06 6.83 7.63 8.33 8.91 9.33 9.42 9.10 8.41 7.59 7.01 6.89 7.13 7.61 7.86 7.41 6.64 6.19 6.01 6.04 6.20 6.18 6.27 6.66 7.13 7.56 7.94 8.14 8.14 7.96 7.62 7.32 7.27 7.37 7.54 7.74 7.74 7.51 7.40 7.40 7.44 7.42 7.27 7.12 6.92 6.66 6.46 6.37 6.50 6.88 7.27 7.57 7.63 7.44 7.12 6.96 7.06 7.36 7.42 6.97 6.23 5.44 4.65 4.25 3.94 3.54 3.51 3.72 3.77 3.66 3.66 4.06
7.37 7.22 6.81 6.43 6.14 5.83 5.58 5.50 5.65 5.85 6.09 6.53 7.22 8.05 8.80 9.28 9.46 9.27 8.64 7.69 6.73 6.11 6.10 6.56 7.18 7.90 8.16 7.92 7.54 7.36 7.32 7.33 7.25 6.98 6.82 6.98 7.25 7.54 7.75 7.81 7.59 7.20 6.86 6.72 6.73 6.87 7.14 7.25 6.80 6.10 5.80 5.89 6.08 6.13 6.15 6.30 6.42 6.38 6.30 6.31 6.53 6.98 7.37 7.56 7.52 7.34 7.17 7.12 7.13 7.20 7.13 6.70 6.36 6.14 5.83 5.40 4.95 4.43 4.66 4.99 4.95 4.76 4.91 5.68
7.21 6.98 6.65 6.52 6.47 6.45 6.51 6.75 7.10 7.36 7.57 7.90 8.50 9.16 9.51 9.49 9.06 8.25 7.22 6.26 5.63 5.48 5.85 6.49 7.26 8.23 8.65 8.76 8.75 8.71 8.59 8.36 8.01 7.62 7.29 7.20 7.25 7.40 7.47 7.27 6.80 6.37 6.27 6.40 6.57 6.85 7.17 7.14 6.34 5.42 5.03 4.96 4.82 4.93 5.35 5.84 6.21 6.35 6.35 6.45 6.73 7.11 7.26 7.23 7.10 6.99 6.86 6.74 6.67 6.71 6.63 6.50 6.72 7.00 7.12 6.93 6.50 6.17 6.61 6.90 6.80 6.70 6.98 7.54
7.08 6.90 6.68 6.71 6.96 7.31 7.71 8.10 8.40 8.61 8.78 9.04 9.38 9.55 9.36 8.76 7.89 6.92 6.05 5.53 5.60 6.03 6.59 7.11 7.84 8.60 8.76 8.56 8.46 8.39 8.22 8.00 7.81 7.66 7.38 7.22 7.20 7.15 6.92 6.51 6.18 6.26 6.49 6.72 6.96 7.32 7.57 7.49 6.87 6.25 5.91 5.61 5.15 5.26 5.73 6.15 6.42 6.60 6.72 6.84 6.98 7.17 7.18 7.10 7.01 6.90 6.69 6.53 6.54 6.67 6.69 6.78 7.20 7.60 7.89 8.05 8.13 8.27 8.61 8.77 8.64 8.51 8.53 8.38
7.07 6.97 6.82 6.96 7.39 7.93 8.37 8.67 8.83 8.93 9.06 9.25 9.33 9.07 8.41 7.52 6.57 5.73 5.16 5.15 5.82 6.61 7.20 7.69 8.29 8.63 8.29 7.63 7.24 7.06 6.99 7.09 7.27 7.38 7.24 7.11 6.97 6.67 6.29 6.11 6.39 6.95 7.23 7.33 7.45 7.72 7.89 7.79 7.43 7.31 7.26 7.07 6.81 6.68 6.70 6.61 6.63 6.85 7.13 7.30 7.36 7.47 7.44 7.39 7.29 7.14 7.01 7.05 7.25 7.28 7.18 7.19 7.38 7.56 7.81 8.27 8.82 9.26 9.45 9.39 9.11 8.85 8.54 7.90
7.02 6.96 6.87 7.01 7.33 7.71 7.93 8.03 8.06 8.15 8.37 8.56 8.48 8.02 7.26 6.33 5.42 4.86 4.81 5.27 6.04 6.70 7.20 7.62 8.01 8.01 7.39 6.65 6.12 5.84 5.90 6.18 6.49 6.70 6.87 6.91 6.75 6.52 6.48 6.81 7.35 7.64 7.66 7.64 7.69 7.84 7.89 7.65 7.43 7.44 7.52 7.58 7.59 7.43 6.98 6.61 6.65 6.96 7.27 7.51 7.70 7.89 7.91 7.83 7.69 7.55 7.51 7.61 7.70 7.53 7.34 7.29 7.29 7.31 7.50 7.92 8.43 8.79 8.85 8.77 8.57 8.24 7.69 6.92
6.95 6.94 6.94 7.04 7.10 7.12 7.07 6.95 6.94 7.14 7.46 7.58 7.30 6.69 5.87 5.10 4.79 5.02 5.70 6.39 6.82 7.11 7.33 7.51 7.59 7.27 6.43 5.61 5.07 4.86 4.95 5.14 5.32 5.62 5.99 6.33 6.62 6.90 7.27 7.61 7.78 7.74 7.61 7.58 7.65 7.73 7.66 7.32 6.94 6.71 6.69 6.88 7.10 7.06 6.72 6.53 6.67 6.98 7.30 7.65 7.99 8.27 8.30 8.19 7.99 7.80 7.67 7.54 7.35 7.03 6.98 7.05 7.14 7.22 7.32 7.42 7.54 7.55 7.60 7.85 8.04 7.95 7.60 7.27
7.13 7.25 7.38 7.30 7.10 6.84 6.59 6.40 6.43 6.71 6.89 6.63 5.95 5.09 4.36 4.26 4.96 6.06 6.95 7.45 7.71 7.82 7.83 7.78 7.68 7.33 6.46 5.44 4.81 4.66 4.67 4.72 4.87 5.08 5.39 5.93 6.57 7.07 7.30 7.31 7.21 7.17 7.17 7.25 7.39 7.47 7.35 6.88 6.23 5.79 5.67 5.74 5.93 6.17 6.26 6.42 6.62 6.90 7.25 7.67 8.09 8.39 8.39 8.24 8.01 7.79 7.56 7.29 7.00 6.72 6.68 6.80 6.97 7.01 6.97 7.07 6.99 6.77 6.64 6.90 7.32 7.69 7.95 8.15
7.47 7.63 7.71 7.51 7.20 6.86 6.58 6.44 6.45 6.39 5.96 5.16 4.20 3.42 3.21 3.70 4.83 6.11 7.00 7.61 7.97 8.12 8.10 8.12 8.15 7.90 7.27 6.49 6.02 6.00 6.07 6.02 6.07 6.12 6.24 6.53 6.85 6.97 6.88 6.70 6.53 6.53 6.78 7.02 7.23 7.29 7.09 6.54 5.90 5.54 5.36 5.05 4.81 4.91 5.29 5.88 6.42 6.82 7.19 7.61 8.02 8.19 8.13 7.92 7.79 7.72 7.60 7.38 7.16 6.88 6.69 6.70 6.78 6.83 6.93 7.04 6.86 6.54 6.23 6.11 6.24 6.58 7.03 7.49
7.53 7.50 7.39 7.22 7.01 6.75 6.53 6.36 6.05 5.39 4.35 3.46 2.96 2.86 3.19 3.94 4.78 5.53 6.21 6.91 7.34 7.56 7.83 8.25 8.23 8.31 8.05 7.99 8.04 8.13 8.13 8.10 8.01 7.76 7.57 7.41 7.22 7.02 6.83 6.62 6.44 6.46 6.81 7.12 7.29 7.26 7.02 6.61 6.23 5.94 5.52 4.81 4.21 4.30 4.90 5.73 6.48 6.97 7.34 7.71 7.92 7.84 7.66 7.60 7.66 7.77 7.77 7.59 7.37 7.07 6.87 6.83 6.85 6.86 6.87 6.79 6.66 6.48 6.23 5.88 5.48 5.23 5.32 5.63
7.31 7.03 6.80 6.76 6.61 6.39 6.11 5.71 5.12 4.35 3.70 3.39 3.49 4.00 5.01 6.02 6.24 6.18 6.18 6.32 6.55 6.89 7.57 8.27 8.42 8.27 8.34 8.65 8.96 9.13 9.10 8.97 8.76 8.40 8.03 7.67 7.33 7.07 6.83 6.60 6.57 6.79 7.14 7.31 7.30 7.19 7.01 6.79 6.54 6.12 5.41 4.70 4.64 5.24 5.99 6.52 6.87 7.18 7.50 7.71 7.62 7.40 7.37 7.59 7.78 7.86 7.85 7.76 7.61 7.46 7.28 7.19 7.06 6.83 6.50 6.28 6.33 6.39 6.26 5.93 5.38 5.02 5.02 5.21
7.13 6.86 6.59 6.52 6.39 6.18 5.86 5.43 4.95 4.64 4.73 5.15 5.76 6.74 7.91 8.69 8.91 8.41 7.69 7.33 7.31 7.62 8.23 8.53 8.32 8.01 7.99 8.16 8.35 8.52 8.58 8.53 8.44 8.24 7.99 7.69 7.38 7.08 6.73 6.54 6.76 7.21 7.49 7.37 7.14 7.02 6.94 6.82 6.63 6.23 5.72 5.59 6.08 6.81 7.14 7.06 6.97 7.15 7.40 7.44 7.28 7.20 7.36 7.58 7.71 7.69 7.61 7.59 7.64 7.72 7.63 7.44 7.16 6.77 6.36 6.15 6.22 6.34 6.30 6.16 6.07 6.18 6.34 6.31
7.12 6.94 6.70 6.59 6.53 6.50 6.48 6.37 6.26 6.39 6.94 7.75 8.71 9.59 10.18 10.38 10.36 10.09 9.74 9.45 9.28 9.26 9.25 8.91 8.33 7.84 7.62 7.51 7.33 7.20 7.23 7.33 7.41 7.48 7.52 7.52 7.43 7.14 6.82 6.75 7.03 7.23 7.15 6.90 6.78 6.88 6.99 7.00 7.00 6.97 6.95 7.08 7.43 7.70 7.48 7.04 7.00 7.22 7.33 7.28 7.23 7.27 7.30 7.29 7.28 7.17 7.03 7.10 7.30 7.48 7.53 7.42 7.16 6.82 6.51 6.37 6.38 6.41 6.40 6.46 6.69 7.00 7.18 7.14
7.20 7.12 6.97 6.86 6.86 7.00 7.22 7.48 7.84 8.39 9.12 9.90 10.47 10.70 10.59 10.22 9.86 9.89 9.99 9.98 9.89 9.73 9.43 8.84 8.13 7.68 7.53 7.42 7.10 6.68 6.38 6.30 6.34 6.50 6.75 7.02 7.15 7.06 6.90 6.80 6.68 6.40 6.08 6.11 6.57 7.04 7.32 7.41 7.50 7.76 8.00 8.15 8.24 8.20 7.91 7.61 7.63 7.66 7.54 7.40 7.31 7.19 7.04 6.97 6.94 6.76 6.57 6.62 6.84 7.06 7.20 7.20 7.05 6.82 6.64 6.56 6.50 6.41 6.39 6.50 6.69 6.87 6.98 6.99
7.34 7.33 7.23 7.14 7.17 7.30 7.56 8.02 8.76 9.54 10.15 10.41 10.30 9.90 9.32 8.70 8.33 8.41 8.55 8.71 8.86 8.91 8.75 8.32 7.79 7.48 7.46 7.47 7.27 7.00 6.76 6.58 6.60 6.69 6.75 6.77 6.76 6.79 6.73 6.48 6.10 5.81 5.86 6.34 7.04 7.54 7.76 7.75 7.77 8.01 8.31 8.52 8.63 8.67 8.68 8.60 8.50 8.23 7.85 7.53 7.26 7.01 6.90 6.88 6.76 6.48 6.33 6.43 6.70 6.92 6.98 6.92 6.84 6.75 6.68 6.64 6.54 6.43 6.42 6.51 6.65 6.80 6.85 6.81
7.40 7.33 7.25 7.30 7.42 7.63 8.02 8.60 9.31 9.77 9.83 9.54 9.02 8.42 7.86 7.40 7.13 7.12 7.16 7.38 7.74 7.96 8.06 7.87 7.56 7.38 7.34 7.24 7.05 7.09 7.27 7.42 7.49 7.44 7.26 6.97 6.72 6.65 6.58 6.43 6.32 6.42 6.73 7.28 7.80 8.09 8.10 7.91 7.77 7.82 8.03 8.31 8.58 8.79 8.98 9.04 8.84 8.47 7.99 7.55 7.21 7.01 6.92 6.77 6.46 6.22 6.30 6.58 6.86 6.95 6.79 6.68 6.68 6.66 6.61 6.54 6.48 6.43 6.45 6.55 6.74 6.92 6.93 6.89
7.28 7.16 7.14 7.35 7.61 7.99 8.54 9.07 9.34 9.20 8.75 8.26 7.79 7.36 6.92 6.49 6.21 6.23 6.45 6.78 7.16 7.59 7.76 7.52 7.32 7.43 7.41 7.18 6.94 6.92 7.03 7.15 7.20 7.20 7.14 7.01 6.83 6.71 6.69 6.79 6.96 7.15 7.43 7.95 8.36 8.43 8.18 7.78 7.52 7.48 7.55 7.76 7.97 8.14 8.33 8.45 8.36 8.11 7.78 7.48 7.24 7.02 6.76 6.46 6.21 6.22 6.49 6.83 7.01 6.85 6.54 6.47 6.49 6.48 6.42 6.33 6.23 6.18 6.25 6.47 6.71 6.80 6.75 6.76
7.17 7.07 7.10 7.31 7.58 8.02 8.53 8.74 8.53 8.02 7.46 6.93 6.52 6.15 5.76 5.47 5.58 5.95 6.32 6.69 7.23 7.79 7.73 7.26 7.31 7.67 7.72 7.56 7.36 7.08 6.78 6.42 6.23 6.31 6.52 6.66 6.71 6.73 6.82 7.02 7.22 7.41 7.74 8.23 8.50 8.36 7.90 7.43 7.20 7.17 7.18 7.21 7.20 7.12 7.03 7.10 7.18 7.23 7.31 7.32 7.21 6.92 6.58 6.33 6.31 6.48 6.76 7.00 6.97 6.64 6.35 6.25 6.22 6.24 6.25 6.18 6.04 5.92 5.99 6.32 6.52 6.41 6.25 6.21
