project/data/elevation/US_DEM2016/US_DEM2016_point_10-31-2019_0147_30m_vel.asc
ncols	125
nrows	167
xllcorner	-2042055.000000
yllcorner	1465035.000000
cellsize	30.000000
NODATA_value	-9999.000000
[rows 38 to 75 of 167, columns 0 to 83 of 125]
7.76 7.45 6.83 6.37 5.88 5.57 5.33 4.96 4.48 4.04 4.17 3.83 3.99 4.40 5.22 5.30 5.43 5.31 5.84 6.29 6.54 6.66 6.77 7.00 7.32 7.58 7.84 8.10 8.06 7.78 7.29 6.78 6.48 6.43 6.62 7.13 7.72 8.07 8.35 8.73 9.04 9.08 9.05 8.95 8.85 8.65 8.05 7.08 6.41 5.98 5.84 5.87 5.76 5.75 5.98 6.14 6.22 6.51 6.70 6.75 6.56 6.09 5.82 5.51 5.12 4.77 4.39 4.27 4.34 4.37 4.36 4.53 4.84 5.24 5.51 5.81 6.15 6.77 7.58 8.52 9.26 9.63 9.53 9.05
7.60 6.90 5.90 5.42 5.04 4.86 4.68 4.47 4.30 4.22 4.27 4.32 4.29 4.81 5.05 4.97 5.12 5.37 5.24 5.25 5.10 5.02 5.12 5.47 6.10 6.77 7.31 7.80 8.08 8.09 7.88 7.50 7.17 7.10 7.47 8.17 8.66 8.92 9.05 9.19 9.32 9.18 9.06 8.91 8.70 8.35 7.64 6.85 6.27 5.83 5.78 5.96 5.97 5.81 6.03 6.28 6.49 6.75 6.63 6.27 5.67 4.97 4.46 4.30 4.22 4.14 3.92 3.85 4.01 4.08 4.04 4.24 4.68 5.08 5.29 5.49 5.68 6.05 6.58 6.94 7.10 7.53 8.28 8.77
7.24 6.47 5.42 4.96 4.81 4.73 4.71 4.75 4.86 5.06 5.27 5.35 5.16 4.88 5.43 5.05 5.04 5.23 4.97 4.54 4.36 4.47 4.79 5.26 5.95 6.52 6.98 7.43 7.78 8.05 8.18 8.11 8.05 8.36 8.94 9.54 9.89 9.99 9.72 9.29 9.08 8.54 8.12 8.05 7.98 8.06 7.92 7.73 7.43 7.14 6.79 6.60 6.40 6.03 6.04 6.21 6.42 6.54 6.23 5.62 4.89 4.09 3.33 3.05 3.06 3.20 3.46 3.71 3.88 3.90 3.80 4.04 4.63 5.03 5.15 5.23 5.34 5.56 5.89 6.05 6.03 6.30 7.28 8.57
7.00 6.45 5.69 5.40 5.38 5.41 5.41 5.46 5.65 5.92 6.15 6.11 5.78 5.46 5.29 5.27 5.35 5.35 5.15 4.88 4.90 5.15 5.49 5.79 6.03 6.27 6.43 6.71 7.21 7.69 8.27 8.57 8.98 9.51 10.00 10.31 10.38 10.12 9.62 8.99 8.44 7.88 7.34 7.01 7.17 7.36 7.64 7.78 7.93 8.01 7.87 7.29 6.67 6.10 5.85 5.83 5.83 5.71 5.42 5.03 4.55 3.94 3.26 3.05 3.20 3.44 3.70 3.84 3.86 3.85 3.84 4.04 4.52 4.88 4.88 4.81 5.03 5.46 5.74 5.74 5.76 5.84 6.40 7.75
6.98 6.68 6.25 6.09 6.04 5.99 5.93 6.00 6.28 6.57 6.64 6.40 5.92 5.74 5.78 5.86 5.88 5.90 5.91 5.97 6.13 6.36 6.56 6.69 6.76 6.69 6.58 6.63 7.00 7.46 8.25 8.90 9.69 10.27 10.35 10.05 9.60 9.04 8.42 7.90 7.50 7.12 6.59 6.27 6.24 6.45 6.75 6.86 7.06 7.26 7.32 7.02 6.53 5.96 5.70 5.68 5.57 5.31 5.09 5.10 4.97 4.69 4.36 4.33 4.50 4.46 4.24 4.04 4.08 4.15 4.08 4.05 4.24 4.38 4.19 4.05 4.55 5.31 5.60 5.49 5.57 5.80 6.32 7.32
6.96 6.76 6.49 6.39 6.37 6.38 6.49 6.72 6.99 7.10 6.94 6.56 6.10 6.09 6.03 6.16 6.30 6.45 6.63 6.88 7.20 7.46 7.56 7.54 7.46 7.25 7.12 7.12 7.31 7.58 8.29 9.05 9.73 10.05 9.83 9.24 8.51 7.83 7.22 6.86 6.70 6.47 6.02 5.57 5.50 5.73 5.92 5.75 5.42 5.12 5.14 5.50 5.74 5.73 5.77 6.00 6.09 6.04 6.03 6.05 5.95 5.85 5.78 5.76 5.41 4.93 4.72 4.76 4.78 4.45 3.98 3.71 3.80 3.90 3.72 3.66 4.17 4.99 5.23 5.05 5.33 5.99 6.64 7.08
6.96 6.84 6.73 6.76 6.94 7.23 7.54 7.74 7.75 7.56 7.18 6.73 6.35 6.13 6.15 6.35 6.58 6.79 7.02 7.32 7.64 7.79 7.75 7.59 7.40 7.19 7.14 7.22 7.50 7.89 8.64 9.03 9.17 8.98 8.70 8.41 7.99 7.44 6.66 6.10 5.83 5.74 5.49 5.06 4.88 5.10 4.98 4.69 4.23 3.93 3.99 4.31 4.79 5.26 5.82 6.42 6.73 6.88 6.90 6.74 6.61 6.57 6.37 6.02 5.45 5.27 5.44 5.40 4.85 3.95 3.47 3.47 3.66 3.78 3.78 3.90 4.39 4.95 5.08 4.87 5.12 5.89 6.39 6.54
7.19 7.21 7.30 7.47 7.69 7.94 8.13 8.16 8.02 7.70 7.25 6.86 6.63 6.51 6.69 6.91 7.04 7.18 7.33 7.45 7.44 7.29 7.11 6.98 6.97 6.94 6.95 7.14 7.66 8.30 8.94 8.77 8.25 7.78 7.56 7.60 7.46 7.14 6.38 5.63 5.06 4.88 4.78 4.48 4.41 4.52 4.50 4.54 4.59 4.62 4.52 4.35 4.43 5.00 5.88 6.62 6.82 6.80 6.72 6.70 6.62 6.65 6.41 6.10 5.97 6.03 5.80 5.06 4.11 3.61 3.66 4.01 4.23 4.29 4.35 4.61 5.05 5.34 5.49 5.15 5.21 5.55 5.94 6.19
7.46 7.52 7.66 7.83 7.88 7.84 7.73 7.61 7.47 7.25 6.98 6.73 6.74 6.97 7.32 7.49 7.53 7.51 7.44 7.28 7.02 6.74 6.52 6.50 6.67 6.82 6.96 7.32 7.99 8.56 8.72 8.16 7.37 6.94 6.75 6.62 6.50 6.44 6.14 5.47 4.66 4.27 4.28 4.39 4.56 4.69 4.95 5.13 5.20 4.93 4.51 4.32 4.70 5.51 6.36 6.71 6.65 6.54 6.53 6.64 6.58 6.62 6.57 6.50 6.36 6.01 5.06 4.40 4.25 4.52 4.94 5.18 5.26 5.29 5.41 5.64 5.86 5.89 5.82 5.76 6.28 5.78 6.00 6.30
7.55 7.49 7.48 7.53 7.43 7.21 6.95 6.70 6.51 6.43 6.36 6.29 6.54 6.77 7.13 7.30 7.38 7.33 7.14 6.92 6.71 6.49 6.33 6.31 6.44 6.64 6.91 7.45 8.12 8.39 8.05 7.31 6.81 6.44 6.14 5.86 5.66 5.68 5.77 5.56 4.82 4.41 4.50 4.95 5.19 5.35 5.42 5.12 4.58 4.00 3.90 4.42 5.62 6.82 7.29 7.15 6.95 6.83 6.81 6.84 6.73 6.75 6.65 6.48 6.10 5.46 4.99 5.11 5.69 6.28 6.64 6.74 6.74 6.72 6.73 6.83 6.89 6.80 6.72 6.71 6.41 6.26 6.40 6.55
7.51 7.40 7.10 6.97 6.84 6.61 6.33 6.05 5.84 5.74 5.75 5.81 5.89 6.17 6.39 6.52 6.70 6.78 6.74 6.62 6.44 6.26 6.14 6.09 6.13 6.31 6.58 7.20 7.94 8.04 7.62 7.08 6.69 6.27 5.75 5.25 5.06 5.07 5.22 5.26 4.92 4.55 4.53 4.82 5.01 5.19 5.21 4.63 4.08 3.97 4.54 5.97 7.51 8.32 8.40 7.87 7.46 7.16 7.07 7.14 7.13 7.12 6.98 6.73 6.67 6.81 7.30 7.95 8.49 8.87 8.98 8.99 8.95 8.89 8.82 8.78 8.72 8.48 8.11 7.58 6.90 6.47 6.56 6.58
7.54 7.42 6.93 6.59 6.47 6.37 6.19 5.96 5.76 5.62 5.71 5.84 6.04 6.12 6.26 6.34 6.45 6.53 6.53 6.41 6.18 5.97 5.86 5.82 5.85 5.99 6.25 6.96 7.77 7.77 7.42 7.15 6.83 6.40 5.84 5.18 4.87 4.57 4.43 4.50 4.44 4.14 3.95 3.97 4.26 4.65 5.00 4.87 4.80 5.25 6.66 8.30 9.20 9.33 8.91 8.18 7.64 7.35 7.31 7.57 7.70 7.79 7.75 7.93 8.39 9.08 9.85 10.52 10.98 11.20 11.26 11.26 11.23 11.17 11.04 10.83 10.59 10.25 9.56 8.53 7.47 6.72 6.54 6.41
7.64 7.44 6.91 6.52 6.36 6.34 6.35 6.28 6.14 6.10 6.34 6.60 6.85 6.95 6.93 6.88 6.78 6.62 6.44 6.24 6.02 5.82 5.66 5.59 5.65 5.85 6.24 7.04 7.62 7.40 6.86 6.84 6.65 6.37 6.19 5.80 5.23 4.54 4.07 4.14 4.23 4.18 4.16 4.26 4.54 4.94 5.59 6.06 6.54 7.59 9.03 9.80 9.87 9.24 8.60 7.93 7.53 7.38 7.28 7.37 7.55 7.84 8.07 8.42 9.10 9.75 10.23 10.68 10.95 11.11 11.22 11.33 11.38 11.37 11.22 10.95 10.67 10.42 9.98 9.36 8.57 7.70 6.86 6.34
7.68 7.34 6.76 6.55 6.40 6.29 6.34 6.45 6.47 6.54 6.94 7.40 7.63 7.65 7.51 7.23 6.90 6.57 6.31 6.14 6.00 5.81 5.59 5.45 5.54 5.87 6.37 7.05 7.26 6.67 6.19 6.19 6.10 6.10 6.22 6.23 5.72 5.10 4.78 4.87 5.15 5.44 5.70 5.83 6.01 6.48 7.42 8.43 9.43 10.19 10.48 10.26 9.50 8.51 7.93 7.41 7.07 6.84 6.59 6.43 6.59 6.88 7.44 7.82 8.26 8.47 8.35 8.27 8.18 8.31 8.55 8.89 9.03 9.06 8.93 8.75 8.72 8.64 8.60 8.66 8.60 8.33 7.76 6.85
7.56 7.03 6.34 6.18 6.13 6.10 6.17 6.33 6.51 6.64 7.00 7.50 7.68 7.64 7.40 6.97 6.51 6.18 6.00 5.89 5.77 5.64 5.49 5.39 5.53 5.89 6.37 6.83 6.71 5.99 5.67 5.70 5.64 5.62 5.86 5.95 5.88 5.78 5.82 6.16 6.54 6.86 7.08 7.33 7.78 8.57 9.54 10.31 10.79 10.85 10.50 9.71 8.82 7.93 7.40 6.95 6.55 6.16 5.95 5.84 6.01 6.28 6.55 6.81 6.84 6.41 5.89 5.33 5.17 5.29 5.55 5.87 6.03 5.98 5.96 5.88 6.00 6.08 6.18 6.46 6.97 7.34 7.40 7.12
7.27 6.69 5.93 5.65 5.64 5.77 5.97 6.15 6.41 6.58 7.14 6.97 6.92 6.78 6.52 6.17 5.82 5.58 5.44 5.37 5.32 5.30 5.37 5.53 5.75 6.00 6.34 6.59 6.40 5.92 5.71 5.71 5.63 5.51 5.38 5.45 5.74 5.90 6.15 6.58 7.05 7.32 7.61 8.07 8.87 9.75 10.32 10.48 10.24 9.81 9.31 8.78 8.20 7.62 7.18 6.79 6.42 6.12 6.12 6.18 6.35 6.44 6.35 6.24 5.84 5.28 4.83 4.59 4.62 4.66 4.51 4.25 4.11 4.04 4.00 3.99 4.13 4.30 4.38 4.38 4.52 4.82 5.10 5.42
7.01 6.57 5.95 5.65 5.53 5.49 5.54 5.70 5.93 6.14 6.10 6.21 5.66 5.41 5.19 5.11 5.02 4.84 4.73 4.86 5.11 5.33 5.57 5.85 6.02 6.19 6.42 6.61 6.61 6.52 6.34 6.08 5.81 5.48 5.04 4.99 5.31 5.53 5.73 6.05 6.51 6.93 7.40 8.17 9.20 9.79 9.79 9.15 8.26 7.89 7.85 7.90 7.77 7.52 7.18 6.86 6.57 6.45 6.61 6.67 6.66 6.55 6.19 5.89 5.54 5.26 5.26 5.27 5.16 4.81 4.20 3.49 3.13 2.94 2.79 2.78 2.90 2.98 2.98 2.82 2.70 2.78 3.16 3.79
6.98 6.76 6.45 6.21 5.94 5.55 5.14 4.98 5.12 5.34 5.36 5.60 4.60 4.32 4.22 4.54 4.29 4.24 4.31 4.70 5.26 5.76 6.08 6.22 6.33 6.48 6.67 6.88 6.96 6.97 6.62 6.15 5.73 5.28 4.84 4.72 5.03 5.32 5.43 5.58 5.91 6.44 7.11 8.18 9.10 9.24 8.57 7.56 7.00 6.83 6.87 7.09 7.25 7.27 6.99 6.76 6.55 6.50 6.61 6.47 6.17 5.85 5.56 5.42 5.56 5.74 5.89 5.80 5.17 4.37 3.56 3.08 2.87 2.63 2.35 2.19 2.11 1.95 1.84 1.92 2.74 2.78 3.62 4.39
7.24 7.28 7.25 7.02 6.62 6.09 5.40 5.02 4.94 5.08 5.11 5.45 5.03 4.32 4.31 4.27 4.32 4.43 4.69 5.15 5.74 6.34 6.64 6.78 6.91 7.07 7.17 7.25 7.26 7.14 6.65 6.29 6.06 5.71 5.26 5.18 5.55 5.87 5.91 5.95 6.16 6.59 7.30 8.36 8.80 8.36 7.24 6.45 6.06 5.96 6.01 6.27 6.60 6.69 6.49 6.30 6.14 6.03 5.90 5.49 5.06 4.80 4.86 5.15 5.80 6.14 6.04 5.56 4.70 4.00 3.63 3.62 3.58 3.15 2.54 2.18 2.03 2.02 1.92 2.31 3.10 4.28 5.53 6.06
7.56 7.70 7.71 7.51 7.19 6.79 6.31 5.93 5.65 5.55 6.37 5.29 5.17 5.25 5.37 5.46 5.56 5.76 5.95 6.21 6.61 7.07 7.37 7.61 7.82 7.94 7.81 7.71 7.74 7.76 7.60 7.42 7.26 6.92 6.39 6.27 6.58 6.85 6.96 7.00 7.08 7.21 7.72 8.40 8.32 7.28 6.20 5.44 5.13 5.13 5.24 5.50 5.92 6.04 5.98 5.82 5.62 5.33 4.98 4.69 4.60 4.73 5.14 5.63 6.16 6.15 5.65 5.02 4.47 4.45 4.73 4.85 4.39 3.61 2.95 2.70 2.74 2.86 3.21 4.05 5.36 6.70 7.34 7.21
7.73 7.62 7.39 7.31 7.30 7.28 7.06 6.71 6.27 5.92 5.74 5.75 5.97 6.32 6.71 6.98 7.24 7.48 7.64 7.73 7.89 7.99 8.16 8.40 8.60 8.51 8.29 8.18 8.27 8.27 8.19 7.98 7.76 7.44 7.01 6.80 6.93 7.17 7.44 7.65 7.72 7.73 7.95 8.01 7.33 6.12 5.15 4.58 4.35 4.34 4.49 4.69 5.09 5.51 5.67 5.61 5.46 5.23 5.09 5.25 5.52 5.93 6.42 6.73 6.75 6.29 5.60 5.27 5.30 5.65 5.87 5.54 4.65 3.78 3.50 3.69 4.02 4.47 5.27 6.44 7.64 8.16 7.94 7.13
7.76 7.31 6.78 6.71 6.90 7.14 7.19 6.89 6.39 5.90 7.01 5.74 6.18 6.75 7.31 7.71 8.02 8.30 8.54 8.62 8.56 8.48 8.55 8.69 8.67 8.49 8.40 8.42 8.43 8.15 7.56 7.07 6.77 6.69 6.67 6.72 6.81 7.04 7.31 7.64 7.87 7.86 7.74 7.27 6.16 4.96 4.18 3.81 3.66 3.73 3.76 3.82 4.34 5.10 5.57 5.75 5.80 5.81 5.98 6.18 6.50 7.04 7.59 7.89 7.65 7.25 6.57 6.42 6.70 6.85 6.38 5.55 4.79 4.59 4.89 5.37 5.99 6.76 7.73 8.59 8.84 8.42 7.54 6.64
7.74 7.19 6.42 6.18 6.16 6.25 6.39 6.37 6.12 5.71 5.36 5.34 5.65 6.15 6.64 6.98 7.23 7.38 7.47 7.55 7.68 7.83 7.98 7.95 7.73 7.65 7.86 8.14 8.13 7.87 7.34 6.64 6.18 6.09 6.43 6.83 7.14 7.30 7.39 7.47 7.53 7.31 6.96 6.37 5.45 4.38 3.68 3.47 3.54 3.68 3.67 3.70 4.17 5.03 5.73 6.19 6.48 6.67 6.79 6.81 7.09 7.84 8.53 8.77 8.51 8.32 8.06 7.74 7.73 7.59 6.87 6.18 6.05 6.65 7.40 8.09 8.80 9.41 9.76 9.62 8.94 7.93 7.03 6.33
7.62 6.94 6.01 5.71 5.42 5.22 5.26 5.43 5.47 5.20 4.77 4.52 4.48 4.64 4.91 5.10 5.21 5.10 4.81 4.79 5.42 6.13 6.33 6.06 5.73 6.09 6.92 7.44 7.54 7.59 7.63 7.51 7.24 7.01 6.98 7.18 7.36 7.39 7.24 7.01 6.77 6.51 6.22 6.03 5.57 4.82 4.30 4.34 4.54 4.65 4.69 4.79 5.02 5.51 5.99 6.44 6.89 7.33 7.58 7.88 8.41 9.08 9.29 9.04 8.71 8.67 8.72 8.75 8.75 8.65 8.44 8.37 8.82 9.47 9.94 10.32 10.61 10.66 10.33 9.47 8.44 7.53 6.84 6.22
7.27 6.48 5.51 5.24 5.04 4.83 4.67 4.71 4.84 4.64 4.16 3.66 3.26 3.04 3.02 3.13 3.21 3.05 2.91 3.07 3.62 4.25 4.39 4.16 4.27 5.08 6.36 6.95 6.98 6.85 7.14 7.54 7.77 7.81 7.51 7.19 6.92 6.75 6.46 6.14 5.97 6.11 6.29 6.57 6.59 6.53 6.30 6.28 6.34 6.36 6.37 6.28 6.14 6.11 6.15 6.36 6.75 7.34 8.05 8.84 9.50 9.60 9.14 8.36 7.71 7.78 8.37 8.78 9.19 9.51 9.81 10.16 10.55 10.72 10.71 10.62 10.44 10.03 9.33 8.54 7.83 7.22 6.68 6.18
6.96 6.36 5.50 5.12 4.97 4.86 4.68 4.56 4.61 4.52 4.11 3.51 2.91 2.51 2.29 2.23 2.33 2.61 2.99 3.28 3.43 3.49 3.43 3.51 4.06 5.18 6.48 6.86 6.60 6.10 6.10 6.43 6.92 7.29 7.16 6.60 5.99 5.63 5.52 5.46 5.58 6.16 6.83 7.37 7.59 7.80 7.88 7.75 7.62 7.49 7.13 6.72 6.46 6.38 6.35 6.46 6.80 7.46 8.30 8.97 9.15 8.72 7.91 6.98 6.58 6.82 7.50 8.10 8.55 9.08 9.48 9.74 9.84 9.72 9.45 9.09 8.60 7.97 7.53 7.17 6.79 6.44 6.09 5.67
6.97 6.64 6.05 5.60 5.34 5.18 5.00 4.87 4.82 4.77 4.57 4.18 3.77 3.33 2.93 2.71 2.52 3.41 4.14 4.48 4.35 4.03 3.87 4.03 4.71 5.91 6.88 6.97 6.41 5.70 5.39 5.37 5.66 5.98 6.17 6.02 5.63 5.32 5.31 5.61 6.08 6.84 7.41 7.67 7.69 7.83 7.93 7.98 7.91 7.59 6.90 6.43 6.33 6.45 6.57 6.74 7.10 7.79 8.37 8.42 7.88 7.03 6.35 5.94 6.03 6.46 6.88 7.14 7.37 7.74 8.00 8.00 7.78 7.57 7.40 7.09 6.55 5.95 5.56 5.46 5.30 5.11 4.89 4.69
7.01 6.80 6.45 6.15 5.88 5.59 5.41 5.42 5.43 5.49 5.52 5.47 5.30 4.88 4.37 3.99 3.95 4.30 4.85 5.36 5.46 5.32 5.20 5.35 5.91 6.83 7.41 7.33 6.76 5.93 5.41 5.04 4.87 5.01 5.53 6.07 6.36 6.51 6.62 6.82 7.20 7.64 7.70 7.49 7.20 7.18 7.33 7.50 7.50 7.33 6.89 6.55 6.46 6.56 6.68 6.86 7.22 7.79 8.05 7.56 6.72 6.03 5.62 5.52 5.66 5.99 6.24 6.26 6.35 6.55 6.68 6.60 6.29 5.95 5.64 5.49 5.07 4.47 3.86 3.63 3.65 3.44 3.24 3.15
7.00 6.80 6.50 6.25 6.03 5.82 5.82 6.00 6.27 6.58 6.82 6.90 6.64 6.16 5.60 5.15 4.91 4.94 5.21 5.81 6.27 6.62 6.81 6.91 7.20 7.83 8.18 7.98 7.50 6.79 6.27 5.80 5.42 5.45 5.94 6.64 7.26 7.71 7.86 7.84 7.80 7.78 7.50 7.08 6.75 6.63 6.70 6.71 6.70 6.77 6.79 6.70 6.62 6.69 6.81 7.06 7.47 7.82 7.57 6.73 5.92 5.51 5.28 5.17 5.27 5.66 5.93 5.86 5.70 5.73 5.69 5.60 5.44 5.03 4.45 4.06 3.79 3.34 2.68 2.20 2.06 1.98 1.85 1.92
7.04 6.82 6.48 6.15 5.89 5.79 5.92 6.22 6.66 7.22 7.62 7.72 7.58 7.28 6.86 6.36 5.89 5.65 5.73 6.20 6.74 7.36 7.62 7.83 8.25 8.85 8.89 8.43 7.87 7.47 7.25 7.04 6.78 6.68 6.80 7.07 7.32 7.53 7.60 7.51 7.40 7.33 7.07 6.64 6.31 6.04 5.94 5.79 5.66 5.78 6.09 6.31 6.43 6.65 6.93 7.33 7.59 7.42 6.63 5.68 5.21 5.08 5.00 5.12 5.43 5.84 5.81 5.37 4.98 4.84 4.75 4.65 4.63 4.39 3.78 3.13 2.71 2.44 2.02 1.42 1.22 1.77 1.53 1.86
7.06 6.77 6.33 5.99 5.71 5.60 5.63 5.77 6.09 6.55 7.04 7.42 7.75 7.94 7.94 7.67 7.14 6.62 6.46 6.62 6.90 7.46 7.87 8.31 8.89 9.25 9.00 8.21 7.52 7.33 7.45 7.60 7.61 7.36 7.11 6.93 6.79 6.66 6.64 6.81 6.97 7.00 6.75 6.30 5.93 5.65 5.46 5.18 4.94 4.86 5.03 5.39 5.82 6.23 6.74 7.05 6.91 6.23 5.22 4.72 4.63 4.67 4.87 5.30 5.61 5.59 5.13 4.39 3.88 3.64 3.56 3.38 3.24 3.25 3.04 2.54 2.05 1.87 1.68 1.53 1.50 1.71 2.14 2.79
6.97 6.59 6.00 5.78 5.62 5.51 5.37 5.17 4.99 4.97 5.25 5.99 6.91 7.72 8.28 8.44 8.21 7.73 7.28 7.10 7.17 7.58 8.01 8.59 9.02 8.97 8.39 7.60 6.83 6.56 6.69 6.98 7.18 7.08 6.89 6.69 6.50 6.44 6.65 6.95 7.03 6.89 6.57 6.27 6.06 5.85 5.55 5.04 4.51 4.22 4.29 4.75 5.43 6.07 6.30 6.18 5.54 4.65 4.09 4.01 4.00 4.00 4.37 4.81 4.85 4.58 4.16 3.62 3.12 2.70 2.49 2.39 2.29 2.17 2.14 2.10 2.00 1.73 2.18 2.43 2.71 2.99 3.42 4.19
6.84 6.39 5.80 5.69 5.66 5.62 5.46 5.19 4.72 4.23 4.02 4.40 5.40 6.61 7.63 8.26 8.51 8.43 8.13 7.86 7.82 8.01 8.36 8.82 8.94 8.55 7.86 7.04 6.26 5.76 5.58 5.66 5.98 6.29 6.52 6.63 6.66 6.73 6.97 7.15 7.04 6.76 6.50 6.41 6.31 5.92 5.34 4.62 4.26 4.38 4.81 5.42 5.92 6.07 6.04 5.37 4.47 3.82 3.63 3.60 3.45 3.37 3.49 3.72 3.91 4.04 4.17 4.08 3.73 3.35 3.16 3.00 2.71 2.34 2.16 2.28 2.55 2.90 3.31 3.75 4.19 4.65 5.11 5.94
6.77 6.36 5.86 5.75 5.78 5.80 5.74 5.65 5.40 4.93 4.38 4.20 4.67 5.54 6.56 7.46 8.11 8.55 8.73 8.74 8.78 8.92 9.19 9.32 9.02 8.42 7.74 6.99 6.23 5.73 5.47 5.44 5.52 5.74 6.10 6.45 6.64 6.71 6.83 6.95 6.73 6.41 6.22 6.18 6.06 5.47 4.99 4.85 5.27 5.96 6.54 6.79 6.74 6.44 6.14 5.46 5.03 4.75 4.58 4.35 4.10 3.94 3.93 4.11 4.70 5.30 5.68 5.69 5.47 5.21 4.91 4.48 3.80 3.27 3.05 3.16 3.52 4.03 4.57 5.23 6.02 6.83 7.51 8.54
6.74 6.33 5.90 5.83 5.93 5.99 6.04 6.18 6.39 6.42 6.12 5.70 5.58 5.81 6.31 7.12 7.89 8.68 9.18 9.52 9.84 9.96 9.91 9.62 8.98 8.32 7.88 7.53 7.04 6.79 6.68 6.54 6.24 6.09 6.18 6.39 6.54 6.62 6.63 6.45 6.13 5.88 5.82 5.87 5.90 5.88 6.16 6.78 7.40 7.76 7.80 7.51 7.07 6.65 6.43 6.39 6.41 6.42 6.35 6.22 6.11 6.14 6.31 6.69 7.12 7.26 7.00 6.66 6.33 5.96 5.42 4.73 4.03 3.75 3.86 4.20 4.62 5.24 6.13 7.42 8.84 9.92 10.71 11.45
6.67 6.30 5.92 5.92 6.09 6.19 6.33 6.62 7.10 7.61 7.87 7.87 7.68 7.37 7.26 7.61 8.27 9.17 9.84 10.23 10.58 10.56 10.03 9.34 8.59 8.14 8.04 8.03 7.90 7.71 7.56 7.44 7.17 6.96 6.79 6.69 6.68 6.61 6.36 6.02 5.87 5.97 6.06 6.22 6.45 6.80 7.30 7.77 7.94 7.75 7.47 7.18 6.96 6.76 6.68 6.76 6.82 6.99 7.23 7.46 7.67 7.94 8.16 8.23 7.97 7.38 6.59 6.16 5.83 5.31 4.70 4.21 4.02 4.17 4.61 5.21 5.89 6.87 8.36 10.11 11.49 12.34 12.61 12.51
6.65 6.36 6.03 6.07 6.25 6.35 6.43 6.78 7.53 8.40 9.05 9.34 9.33 9.10 8.80 8.76 9.22 9.93 10.37 10.50 10.54 10.30 9.57 8.67 7.99 7.77 7.85 8.01 8.01 7.85 7.61 7.42 7.16 6.96 6.74 6.60 6.58 6.43 6.21 6.15 6.30 6.41 6.44 6.56 6.71 6.74 6.75 6.69 6.38 6.05 5.89 6.01 6.30 6.48 6.40 6.38 6.48 6.69 7.00 7.36 7.76 8.10 8.08 7.62 6.70 5.66 5.02 5.00 5.02 4.73 4.38 4.30 4.50 4.91 5.57 6.35 7.30 8.63 10.26 11.45 12.02 12.11 11.78 11.14
6.70 6.46 6.25 6.34 6.48 6.59 6.76 7.30 8.26 8.93 9.18 9.22 9.29 9.43 9.56 9.85 10.29 10.57 10.40 10.01 9.73 9.37 8.73 8.02 7.53 7.33 7.29 7.44 7.60 7.62 7.44 7.12 6.55 6.14 6.02 6.16 6.29 6.25 6.14 6.08 6.03 6.08 6.20 6.34 6.35 6.05 5.73 5.33 5.14 5.03 5.01 5.19 5.53 5.82 5.95 6.11 6.29 6.39 6.51 6.74 7.09 7.23 6.82 5.84 4.78 4.15 4.05 4.38 4.82 5.00 4.96 5.05 5.42 6.07 6.97 7.93 9.03 10.33 11.16 11.25 10.39 9.11 8.18 7.72
