project/data/elevation/US_DEM2016/US_DEM2016_point_10-31-2019_0349_30m_vel.asc
ncols	125
nrows	167
xllcorner	-2042055.000000
yllcorner	1465035.000000
cellsize	30.000000
NODATA_value	-9999.000000
[rows 38 to 75 of 167, columns 0 to 83 of 125]
3.21 3.17 3.06 2.88 2.64 2.47 2.33 2.10 1.83 1.58 1.72 1.49 1.70 2.13 2.72 2.75 2.72 2.53 2.70 2.88 3.05 3.18 3.32 3.56 3.83 4.08 4.34 4.59 4.65 4.49 4.06 3.51 3.11 2.95 3.01 3.27 3.56 3.71 3.79 3.95 4.22 4.52 4.74 4.72 4.51 4.20 3.75 3.19 2.80 2.55 2.45 2.47 2.42 2.59 2.85 2.93 2.94 3.00 2.99 2.95 2.92 2.79 2.66 2.43 2.09 1.74 1.43 1.33 1.39 1.38 1.47 1.66 1.85 2.11 2.33 2.55 2.86 3.42 4.15 4.85 5.38 5.79 5.93 5.73
3.06 2.85 2.61 2.45 2.25 2.13 2.05 1.96 1.87 1.81 1.81 1.82 1.81 2.29 2.54 2.49 2.58 2.56 2.37 2.24 2.18 2.21 2.32 2.58 3.00 3.46 3.88 4.28 4.59 4.71 4.54 4.12 3.68 3.43 3.48 3.78 4.03 4.18 4.20 4.20 4.29 4.40 4.61 4.71 4.60 4.29 3.76 3.27 2.88 2.57 2.48 2.55 2.54 2.57 2.83 2.97 3.04 3.09 2.99 2.79 2.54 2.23 1.92 1.79 1.67 1.48 1.22 1.11 1.19 1.19 1.17 1.38 1.64 1.86 2.06 2.25 2.42 2.75 3.21 3.60 3.83 4.34 5.21 5.74
2.87 2.65 2.39 2.27 2.19 2.13 2.14 2.19 2.24 2.32 2.40 2.42 2.34 2.29 2.82 2.70 2.51 2.52 2.25 1.93 1.82 1.90 2.08 2.35 2.75 3.14 3.51 3.89 4.27 4.59 4.71 4.53 4.26 4.16 4.28 4.49 4.66 4.74 4.62 4.38 4.24 4.04 3.98 4.19 4.34 4.36 4.14 3.94 3.70 3.42 3.12 2.91 2.77 2.65 2.76 2.86 2.93 2.97 2.88 2.70 2.43 1.97 1.37 1.10 1.02 0.98 1.02 1.05 1.10 1.11 1.02 1.18 1.53 1.72 1.86 2.01 2.12 2.28 2.54 2.83 2.98 3.34 4.33 5.44
2.87 2.73 2.60 2.55 2.54 2.55 2.56 2.61 2.71 2.81 2.88 2.84 2.74 2.71 2.69 2.66 2.66 2.62 2.46 2.25 2.20 2.30 2.45 2.59 2.72 2.89 3.07 3.33 3.75 4.18 4.59 4.68 4.69 4.75 4.83 4.88 4.88 4.79 4.61 4.35 4.07 3.75 3.52 3.55 3.89 4.06 4.06 4.01 4.04 4.03 3.83 3.38 2.95 2.68 2.62 2.63 2.59 2.55 2.57 2.67 2.62 2.24 1.60 1.22 1.10 1.09 1.14 1.16 1.12 1.08 1.06 1.19 1.45 1.57 1.60 1.69 1.87 2.10 2.26 2.48 2.70 2.87 3.41 4.48
2.99 2.95 2.93 2.94 2.93 2.91 2.89 2.94 3.05 3.16 3.16 3.04 2.89 2.90 2.98 3.00 2.97 2.96 2.94 2.91 2.92 2.98 3.06 3.11 3.14 3.12 3.11 3.20 3.47 3.82 4.31 4.61 4.88 5.06 5.04 4.79 4.47 4.17 3.96 3.85 3.73 3.47 3.16 3.08 3.31 3.55 3.56 3.41 3.45 3.59 3.60 3.36 2.97 2.65 2.57 2.58 2.52 2.44 2.50 2.81 3.00 2.85 2.36 1.99 1.84 1.69 1.51 1.34 1.29 1.26 1.18 1.20 1.34 1.33 1.18 1.22 1.55 1.93 2.05 2.21 2.50 2.71 3.06 3.76
3.03 3.03 3.07 3.11 3.14 3.18 3.25 3.35 3.44 3.46 3.38 3.23 3.07 3.25 3.09 3.14 3.19 3.25 3.32 3.38 3.47 3.58 3.61 3.59 3.54 3.45 3.40 3.42 3.53 3.71 4.08 4.41 4.70 4.89 4.83 4.52 4.03 3.58 3.30 3.27 3.36 3.26 2.94 2.71 2.85 3.11 3.10 2.77 2.48 2.34 2.36 2.54 2.60 2.57 2.62 2.78 2.87 2.91 3.03 3.28 3.50 3.49 3.17 2.82 2.45 2.11 1.90 1.79 1.69 1.47 1.20 1.05 1.11 1.19 1.11 1.10 1.39 1.74 1.79 1.85 2.22 2.65 3.03 3.35
3.05 3.09 3.20 3.31 3.46 3.65 3.84 3.93 3.90 3.76 3.59 3.44 3.29 3.26 3.16 3.23 3.32 3.41 3.49 3.56 3.65 3.69 3.68 3.60 3.50 3.41 3.39 3.42 3.54 3.72 4.04 4.19 4.28 4.28 4.26 4.19 3.97 3.56 3.06 2.82 2.86 2.94 2.77 2.50 2.51 2.74 2.67 2.31 1.91 1.70 1.66 1.79 2.06 2.32 2.63 2.96 3.19 3.36 3.48 3.61 3.80 3.84 3.57 3.13 2.66 2.43 2.36 2.21 1.85 1.36 1.08 1.02 1.05 1.11 1.16 1.27 1.52 1.78 1.79 1.70 1.95 2.41 2.71 2.88
3.17 3.28 3.49 3.67 3.83 3.99 4.11 4.16 4.09 3.92 3.73 3.60 3.51 3.43 3.49 3.55 3.59 3.62 3.64 3.60 3.49 3.37 3.28 3.26 3.26 3.26 3.26 3.33 3.52 3.76 4.02 3.95 3.77 3.61 3.58 3.72 3.80 3.64 3.11 2.61 2.39 2.50 2.50 2.29 2.28 2.48 2.49 2.30 2.14 2.05 1.92 1.79 1.85 2.16 2.63 3.01 3.17 3.27 3.35 3.52 3.73 3.88 3.73 3.37 3.06 2.89 2.64 2.21 1.73 1.43 1.37 1.44 1.47 1.46 1.47 1.58 1.78 1.93 2.16 1.90 1.97 2.16 2.36 2.54
3.25 3.39 3.64 3.81 3.87 3.88 3.84 3.81 3.80 3.74 3.66 3.57 3.56 3.66 3.80 3.86 3.85 3.79 3.69 3.53 3.30 3.09 2.98 2.99 3.08 3.15 3.22 3.35 3.57 3.75 3.79 3.58 3.33 3.16 3.07 3.10 3.24 3.38 3.20 2.70 2.26 2.20 2.28 2.29 2.37 2.57 2.65 2.54 2.42 2.24 2.00 1.87 2.02 2.42 2.86 3.04 3.06 3.12 3.23 3.44 3.65 3.86 3.86 3.67 3.37 3.00 2.47 2.14 2.02 2.08 2.19 2.22 2.19 2.14 2.15 2.19 2.22 2.20 2.18 2.20 2.77 2.28 2.39 2.56
3.18 3.25 3.44 3.59 3.60 3.52 3.39 3.29 3.26 3.32 3.37 3.33 3.54 3.45 3.57 3.66 3.71 3.67 3.54 3.38 3.20 3.02 2.90 2.87 2.91 3.00 3.11 3.29 3.49 3.54 3.42 3.19 3.06 2.90 2.72 2.62 2.66 2.92 3.11 2.95 2.49 2.27 2.32 2.50 2.65 2.83 2.85 2.57 2.18 1.87 1.80 1.98 2.49 3.06 3.33 3.31 3.24 3.27 3.38 3.53 3.71 3.92 3.93 3.73 3.39 2.96 2.67 2.66 2.89 3.14 3.28 3.27 3.21 3.13 3.06 3.00 2.92 2.79 2.70 2.67 2.54 2.51 2.61 2.67
3.10 3.11 3.14 3.23 3.28 3.22 3.09 2.95 2.89 2.95 3.06 3.10 3.06 3.09 3.08 3.14 3.27 3.35 3.35 3.26 3.10 2.92 2.80 2.73 2.72 2.76 2.84 3.01 3.23 3.28 3.22 3.14 3.06 2.89 2.58 2.30 2.27 2.46 2.80 2.94 2.69 2.37 2.25 2.33 2.46 2.71 2.82 2.53 2.12 1.97 2.16 2.75 3.45 3.85 3.92 3.72 3.55 3.45 3.51 3.67 3.89 4.13 4.15 3.96 3.81 3.78 3.94 4.21 4.47 4.66 4.71 4.70 4.64 4.56 4.44 4.32 4.17 3.94 3.62 3.22 2.82 2.62 2.69 2.68
3.15 3.14 3.04 2.98 3.05 3.11 3.07 2.95 2.87 2.90 3.06 3.15 3.19 3.07 3.05 3.06 3.14 3.22 3.27 3.20 3.02 2.81 2.67 2.58 2.55 2.56 2.59 2.75 2.99 3.07 3.10 3.15 3.17 3.10 2.80 2.34 2.14 2.12 2.38 2.66 2.59 2.25 1.98 1.89 2.02 2.38 2.77 2.80 2.60 2.65 3.21 3.93 4.37 4.46 4.27 3.93 3.68 3.55 3.60 3.83 4.09 4.41 4.55 4.57 4.64 4.90 5.25 5.59 5.85 5.99 6.05 6.05 6.03 5.99 5.89 5.72 5.49 5.19 4.69 3.97 3.26 2.80 2.69 2.61
3.20 3.20 3.08 2.95 2.94 3.07 3.20 3.19 3.12 3.17 3.38 3.56 3.64 3.57 3.47 3.40 3.35 3.29 3.25 3.17 3.02 2.81 2.61 2.48 2.44 2.47 2.53 2.68 2.81 2.80 2.76 2.88 3.01 3.17 3.17 2.81 2.42 2.17 2.25 2.52 2.56 2.36 2.18 2.10 2.17 2.45 2.97 3.32 3.46 3.84 4.43 4.75 4.78 4.52 4.20 3.86 3.65 3.56 3.52 3.61 3.83 4.23 4.57 4.71 4.87 5.08 5.31 5.56 5.75 5.88 5.99 6.07 6.10 6.11 6.04 5.90 5.70 5.48 5.16 4.73 4.15 3.47 2.89 2.56
3.18 3.13 3.04 2.99 2.93 2.98 3.16 3.31 3.33 3.39 3.64 3.92 4.02 3.97 3.84 3.63 3.43 3.28 3.20 3.16 3.06 2.88 2.64 2.44 2.37 2.45 2.54 2.62 2.58 2.40 2.34 2.43 2.57 2.91 3.21 3.21 2.87 2.63 2.64 2.83 2.95 2.99 3.00 2.97 2.99 3.19 3.73 4.34 4.89 5.23 5.28 5.10 4.71 4.23 3.91 3.62 3.43 3.28 3.12 3.04 3.14 3.45 3.95 4.20 4.27 4.21 4.08 4.02 3.97 4.07 4.25 4.50 4.61 4.66 4.62 4.56 4.59 4.53 4.46 4.46 4.35 4.06 3.55 2.89
3.07 2.91 2.76 2.76 2.77 2.83 2.99 3.21 3.36 3.39 3.57 3.85 3.97 3.96 3.82 3.55 3.25 3.06 3.02 3.02 2.96 2.83 2.66 2.46 2.36 2.40 2.48 2.49 2.33 2.06 2.02 2.09 2.18 2.42 2.89 3.14 3.13 3.07 3.15 3.37 3.55 3.65 3.70 3.76 3.90 4.20 4.67 5.17 5.57 5.66 5.46 5.01 4.51 4.01 3.68 3.41 3.18 2.95 2.80 2.71 2.77 2.95 3.24 3.49 3.45 3.05 2.62 2.25 2.07 2.07 2.20 2.46 2.64 2.68 2.75 2.79 2.96 3.03 3.03 3.15 3.43 3.57 3.50 3.18
2.94 2.73 2.49 2.42 2.46 2.60 2.79 3.04 3.27 3.31 3.77 3.49 3.45 3.46 3.37 3.18 2.92 2.73 2.69 2.74 2.74 2.68 2.63 2.56 2.48 2.43 2.44 2.42 2.28 2.08 2.03 2.07 2.10 2.17 2.44 2.83 3.07 3.11 3.21 3.44 3.68 3.79 3.88 4.02 4.30 4.64 4.93 5.13 5.19 5.14 4.99 4.72 4.33 3.93 3.64 3.39 3.17 2.97 2.91 2.89 2.93 2.99 3.07 3.18 3.03 2.56 2.08 1.78 1.64 1.53 1.41 1.32 1.33 1.39 1.47 1.55 1.74 1.91 1.92 1.85 1.92 2.07 2.19 2.30
2.90 2.73 2.50 2.40 2.37 2.39 2.47 2.68 2.93 3.02 2.93 3.07 2.69 2.73 2.70 2.65 2.53 2.37 2.31 2.45 2.63 2.70 2.73 2.74 2.67 2.57 2.53 2.54 2.52 2.49 2.41 2.30 2.20 2.09 2.10 2.46 2.76 2.84 2.89 3.04 3.27 3.45 3.62 3.88 4.22 4.47 4.53 4.37 4.09 4.09 4.26 4.35 4.21 3.95 3.69 3.48 3.30 3.17 3.17 3.14 3.10 3.06 3.03 3.13 3.06 2.72 2.37 2.15 1.94 1.65 1.26 0.88 0.71 0.64 0.63 0.67 0.82 1.00 1.05 0.92 0.82 0.84 1.03 1.31
3.00 2.92 2.83 2.76 2.64 2.44 2.23 2.21 2.40 2.54 2.50 2.84 2.14 2.23 2.26 2.57 2.23 2.14 2.10 2.29 2.62 2.88 2.99 2.96 2.89 2.81 2.76 2.77 2.79 2.79 2.66 2.43 2.22 2.03 1.95 2.21 2.54 2.68 2.69 2.74 2.88 3.07 3.30 3.64 3.95 4.02 3.83 3.51 3.36 3.42 3.65 3.91 3.97 3.84 3.61 3.43 3.27 3.17 3.12 3.01 2.86 2.76 2.77 2.98 3.11 2.98 2.74 2.47 2.03 1.57 1.14 0.82 0.60 0.44 0.33 0.29 0.24 0.32 0.40 0.46 0.92 0.81 1.20 1.55
3.17 3.25 3.35 3.31 3.14 2.86 2.48 2.27 2.28 2.38 2.38 2.94 2.80 2.27 2.34 2.31 2.29 2.27 2.30 2.47 2.77 3.11 3.28 3.32 3.28 3.23 3.15 3.07 3.01 2.95 2.78 2.65 2.53 2.36 2.26 2.43 2.76 2.96 2.96 2.95 2.98 3.06 3.23 3.51 3.63 3.49 3.12 2.88 2.80 2.85 3.07 3.40 3.61 3.55 3.35 3.18 3.02 2.87 2.72 2.52 2.35 2.30 2.44 2.75 3.06 3.09 2.88 2.51 2.02 1.64 1.40 1.30 1.18 0.92 0.62 0.37 0.29 0.34 0.46 0.66 1.02 1.56 2.13 2.38
3.30 3.46 3.66 3.70 3.60 3.41 3.12 2.86 2.69 2.64 3.49 2.56 2.59 2.75 2.88 2.93 2.93 2.97 2.98 3.03 3.20 3.45 3.65 3.78 3.83 3.80 3.66 3.47 3.37 3.37 3.38 3.36 3.29 3.12 2.95 3.00 3.24 3.44 3.52 3.52 3.48 3.37 3.34 3.40 3.29 2.92 2.56 2.29 2.22 2.28 2.49 2.86 3.19 3.21 3.09 2.94 2.77 2.54 2.33 2.21 2.19 2.28 2.55 2.86 3.09 3.07 2.83 2.49 2.16 2.05 2.07 2.03 1.79 1.46 1.16 0.99 0.95 1.00 1.18 1.55 2.14 2.75 3.03 2.97
3.30 3.39 3.51 3.63 3.75 3.79 3.64 3.38 3.09 2.87 2.78 2.82 3.00 3.25 3.51 3.69 3.81 3.89 3.93 3.90 3.90 3.93 4.03 4.16 4.24 4.18 4.04 3.85 3.75 3.74 3.78 3.73 3.64 3.51 3.32 3.25 3.35 3.53 3.72 3.84 3.83 3.68 3.46 3.21 2.80 2.35 2.01 1.78 1.70 1.73 1.90 2.26 2.66 2.88 2.91 2.84 2.75 2.60 2.50 2.54 2.66 2.87 3.15 3.38 3.46 3.31 3.01 2.79 2.69 2.71 2.73 2.55 2.19 1.84 1.65 1.64 1.73 1.91 2.27 2.80 3.32 3.51 3.38 3.02
3.24 3.18 3.17 3.27 3.49 3.71 3.76 3.56 3.24 2.91 3.98 2.75 3.00 3.36 3.67 3.93 4.12 4.25 4.35 4.37 4.29 4.18 4.17 4.22 4.24 4.19 4.11 3.99 3.91 3.77 3.52 3.27 3.15 3.16 3.18 3.21 3.26 3.39 3.57 3.76 3.87 3.76 3.46 2.98 2.32 1.79 1.49 1.35 1.28 1.31 1.38 1.62 2.12 2.58 2.81 2.91 2.95 2.95 2.98 3.01 3.13 3.38 3.70 3.98 4.08 4.08 3.75 3.52 3.47 3.42 3.15 2.80 2.52 2.44 2.50 2.61 2.86 3.20 3.62 3.96 4.00 3.71 3.27 2.87
3.22 3.09 2.96 2.93 2.98 3.12 3.30 3.34 3.18 2.86 2.55 2.45 2.57 2.82 3.09 3.31 3.49 3.57 3.61 3.65 3.70 3.72 3.73 3.72 3.68 3.68 3.71 3.75 3.78 3.76 3.54 3.15 2.89 2.86 3.06 3.29 3.44 3.52 3.56 3.61 3.64 3.51 3.24 2.80 2.19 1.60 1.28 1.19 1.23 1.30 1.34 1.46 1.87 2.42 2.82 3.10 3.28 3.39 3.42 3.36 3.42 3.74 4.09 4.38 4.62 4.86 4.77 4.37 4.12 3.98 3.67 3.38 3.33 3.62 3.93 4.19 4.47 4.70 4.78 4.59 4.15 3.61 3.15 2.79
3.14 2.95 2.73 2.65 2.53 2.48 2.62 2.84 2.89 2.63 2.24 1.95 1.82 1.86 1.98 2.11 2.23 2.23 2.08 2.02 2.26 2.55 2.65 2.61 2.57 2.73 2.97 3.16 3.36 3.61 3.78 3.77 3.57 3.38 3.34 3.45 3.53 3.53 3.44 3.34 3.25 3.17 3.05 2.89 2.55 2.08 1.78 1.74 1.81 1.90 1.97 2.07 2.28 2.61 2.89 3.16 3.43 3.69 3.84 3.95 4.11 4.35 4.45 4.48 4.69 5.06 5.19 5.05 4.85 4.75 4.71 4.70 4.89 5.17 5.36 5.48 5.54 5.48 5.19 4.65 4.07 3.57 3.18 2.81
2.93 2.68 2.43 2.39 2.34 2.26 2.26 2.44 2.59 2.42 2.02 1.58 1.22 1.00 0.92 0.97 1.10 1.20 1.17 1.07 1.11 1.30 1.44 1.50 1.67 1.97 2.38 2.63 2.83 3.05 3.41 3.76 3.92 3.88 3.64 3.42 3.25 3.14 3.01 2.89 2.86 2.98 3.11 3.24 3.25 3.19 3.05 2.94 2.88 2.88 2.91 2.90 2.88 2.92 2.95 3.06 3.29 3.61 3.98 4.36 4.63 4.64 4.41 4.13 4.08 4.42 4.85 5.04 5.20 5.33 5.48 5.62 5.76 5.80 5.75 5.63 5.46 5.18 4.78 4.33 3.92 3.55 3.20 2.81
2.85 2.65 2.41 2.32 2.32 2.32 2.30 2.37 2.50 2.46 2.19 1.76 1.30 0.91 0.63 0.49 0.85 0.89 1.16 1.20 1.04 0.88 0.86 1.02 1.35 1.78 2.23 2.42 2.47 2.48 2.65 2.98 3.37 3.59 3.47 3.12 2.77 2.56 2.52 2.54 2.63 2.90 3.23 3.56 3.78 3.97 4.00 3.87 3.70 3.55 3.34 3.14 3.05 3.06 3.06 3.11 3.27 3.59 3.97 4.26 4.35 4.17 3.84 3.49 3.41 3.64 4.08 4.48 4.80 5.06 5.20 5.24 5.22 5.13 4.96 4.72 4.39 4.03 3.84 3.69 3.46 3.21 2.96 2.65
2.97 2.89 2.75 2.61 2.54 2.54 2.54 2.60 2.63 2.65 2.56 2.30 1.96 1.55 1.16 0.86 0.66 1.12 1.63 1.90 1.80 1.45 1.21 1.23 1.52 2.00 2.37 2.44 2.37 2.23 2.18 2.26 2.53 2.80 2.93 2.85 2.66 2.49 2.47 2.62 2.82 3.12 3.34 3.58 3.78 3.96 4.04 4.04 3.95 3.69 3.29 3.01 2.98 3.08 3.15 3.23 3.38 3.68 3.89 3.87 3.64 3.32 3.10 3.00 3.04 3.20 3.44 3.75 4.03 4.20 4.25 4.15 3.93 3.79 3.73 3.58 3.25 2.88 2.70 2.76 2.71 2.54 2.37 2.18
3.06 3.05 3.04 2.97 2.88 2.81 2.84 2.94 2.98 3.06 3.11 3.06 2.91 2.58 2.16 1.74 1.46 1.52 1.87 2.33 2.53 2.43 2.15 1.98 2.11 2.44 2.67 2.72 2.65 2.42 2.22 2.07 2.04 2.20 2.55 2.89 3.08 3.17 3.20 3.26 3.36 3.46 3.42 3.41 3.45 3.53 3.62 3.74 3.77 3.67 3.38 3.13 3.07 3.12 3.18 3.26 3.40 3.60 3.64 3.41 3.09 2.84 2.73 2.73 2.75 2.80 2.89 3.09 3.31 3.40 3.41 3.32 3.06 2.76 2.63 2.69 2.52 2.11 1.72 1.71 1.84 1.72 1.55 1.41
3.07 3.08 3.11 3.08 3.02 3.00 3.10 3.25 3.43 3.64 3.80 3.87 3.75 3.46 3.04 2.59 2.15 1.92 2.00 2.43 2.91 3.20 3.20 3.00 2.88 3.01 3.14 3.19 3.20 3.03 2.80 2.55 2.38 2.43 2.75 3.18 3.53 3.76 3.84 3.78 3.66 3.53 3.34 3.22 3.17 3.14 3.17 3.22 3.30 3.39 3.38 3.26 3.16 3.19 3.24 3.35 3.49 3.55 3.36 3.02 2.75 2.60 2.55 2.51 2.48 2.54 2.63 2.73 2.78 2.81 2.77 2.72 2.63 2.31 1.94 1.88 1.94 1.71 1.23 1.01 1.14 1.18 1.01 0.87
3.09 3.10 3.13 3.06 2.99 3.01 3.12 3.30 3.65 3.89 4.16 4.31 4.33 4.19 3.90 3.46 2.92 2.46 2.32 2.57 3.02 3.51 3.69 3.65 3.58 3.63 3.60 3.52 3.50 3.50 3.46 3.33 3.17 3.10 3.18 3.34 3.47 3.58 3.62 3.56 3.45 3.33 3.18 3.05 2.93 2.75 2.68 2.64 2.64 2.75 2.96 3.05 3.04 3.13 3.25 3.44 3.48 3.29 2.88 2.54 2.40 2.38 2.40 2.43 2.46 2.53 2.55 2.46 2.29 2.23 2.20 2.12 2.19 2.12 1.76 1.48 1.53 1.56 1.04 0.90 0.95 0.57 0.94 0.85
3.09 3.09 3.10 3.03 2.93 2.90 2.90 2.95 3.09 3.35 3.67 4.00 4.32 4.52 4.54 4.34 3.87 3.24 2.84 2.81 3.00 3.42 3.75 3.93 4.00 3.97 3.76 3.47 3.33 3.42 3.58 3.69 3.65 3.48 3.32 3.20 3.13 3.08 3.10 3.18 3.23 3.21 3.13 2.99 2.79 2.53 2.37 2.25 2.17 2.17 2.31 2.50 2.68 2.84 3.09 3.20 3.03 2.67 2.24 2.06 2.05 2.12 2.24 2.39 2.45 2.43 2.35 2.14 1.78 1.58 1.57 1.46 1.42 1.63 1.65 1.47 1.42 1.46 1.37 1.14 1.06 1.07 1.12 1.25
3.04 3.01 2.97 2.97 2.92 2.87 2.77 2.62 2.45 2.39 2.54 2.99 3.63 4.20 4.60 4.76 4.61 4.15 3.54 3.19 3.16 3.40 3.69 3.98 4.08 3.94 3.61 3.27 2.98 2.93 3.07 3.28 3.41 3.36 3.22 3.08 2.99 2.97 3.09 3.22 3.26 3.24 3.19 3.12 2.94 2.68 2.45 2.20 1.96 1.83 1.86 2.09 2.41 2.76 2.82 2.67 2.27 1.90 1.75 1.70 1.70 1.73 1.87 2.02 2.06 2.12 2.20 2.07 1.66 1.29 1.18 1.09 1.02 1.18 1.44 1.52 1.52 1.39 1.63 1.61 1.57 1.55 1.66 1.94
3.00 2.93 2.88 2.94 2.98 2.96 2.87 2.71 2.43 2.08 1.87 1.98 2.52 3.29 3.99 4.48 4.74 4.67 4.27 3.79 3.62 3.65 3.78 3.99 4.06 3.89 3.56 3.16 2.77 2.51 2.41 2.47 2.69 2.91 3.04 3.08 3.10 3.12 3.22 3.30 3.27 3.23 3.25 3.27 3.15 2.83 2.48 2.12 1.95 1.97 2.14 2.42 2.66 2.73 2.73 2.29 1.83 1.62 1.59 1.55 1.49 1.44 1.42 1.49 1.66 1.96 2.35 2.46 2.18 1.77 1.56 1.43 1.32 1.32 1.48 1.61 1.74 1.89 2.05 2.18 2.27 2.39 2.54 2.90
3.01 2.95 2.92 2.98 3.07 3.09 3.05 3.03 2.93 2.64 2.20 1.90 1.99 2.45 3.14 3.80 4.33 4.68 4.68 4.44 4.25 4.22 4.25 4.25 4.18 4.03 3.76 3.36 2.94 2.62 2.41 2.36 2.42 2.58 2.79 2.98 3.08 3.09 3.11 3.17 3.13 3.09 3.11 3.17 3.10 2.77 2.46 2.35 2.51 2.82 3.07 3.16 3.12 2.98 2.90 2.49 2.31 2.25 2.19 2.07 1.94 1.82 1.75 1.78 2.05 2.47 2.97 3.23 3.15 2.84 2.52 2.25 1.98 1.84 1.85 1.94 2.10 2.33 2.55 2.82 3.18 3.57 3.90 4.40
3.02 2.96 2.95 3.04 3.16 3.20 3.22 3.32 3.48 3.53 3.31 2.89 2.59 2.59 2.88 3.42 3.98 4.56 4.88 4.93 4.90 4.83 4.70 4.50 4.28 4.15 4.06 3.88 3.57 3.34 3.18 3.03 2.86 2.79 2.84 2.95 3.03 3.04 3.00 2.92 2.84 2.83 2.92 3.03 3.10 3.07 3.11 3.33 3.59 3.75 3.75 3.59 3.35 3.15 3.05 3.03 3.09 3.16 3.18 3.14 3.07 3.05 3.06 3.16 3.32 3.47 3.63 3.77 3.70 3.38 2.98 2.61 2.31 2.17 2.22 2.37 2.56 2.84 3.24 3.85 4.60 5.24 5.70 6.06
3.02 2.95 2.95 3.08 3.24 3.31 3.37 3.51 3.80 4.14 4.31 4.24 3.97 3.63 3.48 3.62 4.02 4.59 5.08 5.31 5.37 5.21 4.84 4.48 4.21 4.14 4.23 4.29 4.19 3.97 3.76 3.60 3.43 3.30 3.18 3.11 3.10 3.03 2.87 2.75 2.75 2.87 3.02 3.19 3.32 3.45 3.62 3.79 3.82 3.71 3.57 3.45 3.33 3.20 3.14 3.17 3.22 3.37 3.59 3.77 3.88 3.96 4.00 3.98 3.84 3.63 3.50 3.64 3.63 3.32 2.90 2.60 2.45 2.41 2.53 2.78 3.10 3.58 4.28 5.15 5.93 6.48 6.72 6.68
3.04 3.00 3.01 3.15 3.30 3.38 3.41 3.56 3.94 4.45 4.85 5.03 4.98 4.76 4.46 4.30 4.47 4.84 5.17 5.37 5.41 5.18 4.73 4.29 4.01 3.94 4.07 4.28 4.33 4.16 3.88 3.65 3.45 3.31 3.16 3.05 3.02 2.92 2.80 2.82 2.94 3.04 3.14 3.29 3.37 3.30 3.19 3.12 2.94 2.76 2.68 2.78 2.96 3.00 2.93 2.92 2.97 3.12 3.35 3.60 3.81 3.94 3.89 3.67 3.31 2.95 2.82 3.15 3.44 3.35 2.98 2.76 2.72 2.75 2.93 3.27 3.76 4.42 5.15 5.73 6.08 6.21 6.12 5.89
3.09 3.09 3.16 3.30 3.41 3.50 3.59 3.80 4.23 4.58 4.76 4.85 4.91 4.95 4.92 4.92 5.02 5.11 5.06 5.01 4.97 4.79 4.45 4.13 3.89 3.71 3.68 3.89 4.10 4.11 3.90 3.58 3.18 2.90 2.81 2.84 2.88 2.83 2.76 2.73 2.73 2.79 2.92 3.09 3.17 2.98 2.63 2.35 2.25 2.18 2.16 2.24 2.45 2.62 2.70 2.78 2.87 2.93 3.02 3.16 3.33 3.40 3.25 2.92 2.61 2.42 2.41 2.78 3.35 3.57 3.36 3.15 3.14 3.29 3.62 4.07 4.63 5.24 5.56 5.54 5.09 4.45 4.01 3.86
