project/data/elevation/US_DEM2016/US_DEM2016_point_11-01-2019_1826_30m_vel.asc
ncols	125
nrows	167
xllcorner	-2042055.000000
yllcorner	1465035.000000
cellsize	30.000000
NODATA_value	-9999.000000
[rows 114 to 151 of 167, columns 0 to 83 of 125]
4.85 4.84 4.88 4.96 5.12 5.34 5.43 5.13 4.62 4.14 3.73 3.37 3.11 2.94 3.01 3.38 3.98 4.57 5.00 5.29 5.49 5.40 5.04 4.88 5.11 5.28 5.25 5.21 5.23 5.20 5.10 4.84 4.47 4.19 4.09 4.14 4.37 4.66 4.89 5.05 5.22 5.42 5.61 5.70 5.52 5.11 4.81 4.72 4.74 4.82 4.90 4.88 4.77 4.54 4.22 3.98 3.94 4.17 4.48 4.69 4.77 4.75 4.66 4.58 4.57 4.61 4.66 4.59 4.40 4.23 4.14 4.09 4.09 4.12 4.12 4.06 3.97 3.91 3.91 3.99 3.92 3.68 3.50 3.40
4.96 4.98 5.01 5.02 5.05 5.05 4.86 4.42 3.90 3.49 3.18 2.97 2.84 2.97 3.48 4.25 4.96 5.49 5.84 5.93 5.69 5.16 4.57 4.47 4.70 4.76 4.71 4.76 4.90 5.10 5.29 5.36 5.21 4.79 4.32 4.20 4.49 4.87 5.12 5.29 5.45 5.57 5.63 5.54 5.20 4.70 4.38 4.35 4.49 4.72 4.99 5.09 5.04 4.87 4.53 4.09 3.84 3.91 4.12 4.33 4.53 4.70 4.80 4.83 4.82 4.80 4.68 4.46 4.26 4.15 4.12 4.13 4.15 4.15 4.11 4.04 4.01 4.02 4.04 4.00 3.84 3.63 3.50 3.38
5.04 5.05 5.05 5.01 4.91 4.73 4.43 4.08 3.90 3.88 3.88 3.86 4.02 4.47 5.14 5.81 6.24 6.34 6.21 5.88 5.37 4.83 4.40 4.22 4.21 4.13 4.13 4.32 4.52 4.71 4.94 5.20 5.37 5.34 5.15 5.07 5.15 5.28 5.35 5.40 5.42 5.42 5.42 5.31 5.00 4.60 4.27 4.20 4.40 4.73 5.01 5.15 5.17 5.16 5.09 4.95 4.74 4.54 4.43 4.43 4.52 4.62 4.70 4.76 4.81 4.77 4.60 4.35 4.16 4.03 3.99 4.02 4.08 4.13 4.13 4.12 4.13 4.16 4.19 4.19 4.17 4.11 4.09 4.13
5.04 5.00 4.95 4.90 4.77 4.57 4.35 4.21 4.26 4.47 4.76 5.14 5.62 6.12 6.50 6.65 6.51 6.15 5.73 5.26 4.88 4.72 4.67 4.50 4.26 4.04 3.94 4.05 4.20 4.27 4.32 4.51 4.88 5.28 5.53 5.59 5.48 5.30 5.16 5.08 5.04 5.09 5.17 5.13 4.93 4.67 4.36 4.22 4.40 4.69 4.84 4.87 4.94 5.08 5.25 5.41 5.48 5.42 5.23 4.97 4.80 4.68 4.60 4.57 4.55 4.49 4.33 4.15 4.05 3.99 3.96 3.95 3.99 4.09 4.18 4.25 4.30 4.33 4.38 4.51 4.70 4.84 4.95 5.08
4.98 4.89 4.81 4.78 4.71 4.62 4.54 4.49 4.49 4.66 5.09 5.71 6.25 6.53 6.53 6.21 5.64 5.16 4.88 4.58 4.47 4.58 4.73 4.77 4.65 4.41 4.16 4.04 4.11 4.11 3.98 3.95 4.18 4.66 5.05 5.21 5.15 4.98 4.86 4.81 4.84 4.96 5.07 4.99 4.76 4.59 4.44 4.30 4.36 4.50 4.52 4.48 4.53 4.72 4.98 5.22 5.42 5.54 5.53 5.36 5.08 4.78 4.54 4.36 4.19 4.02 3.86 3.88 4.04 4.15 4.17 4.13 4.13 4.19 4.29 4.38 4.45 4.50 4.59 4.76 4.93 5.09 5.24 5.34
4.90 4.82 4.75 4.74 4.72 4.71 4.72 4.70 4.71 4.92 5.41 5.88 6.08 5.97 5.65 5.19 4.79 4.54 4.31 4.11 4.08 4.17 4.30 4.49 4.57 4.48 4.32 4.25 4.30 4.33 4.22 4.01 3.95 4.05 4.33 4.58 4.73 4.77 4.82 4.87 4.92 5.01 5.00 4.80 4.54 4.45 4.46 4.42 4.40 4.39 4.32 4.27 4.35 4.55 4.78 4.96 5.05 5.10 5.15 5.18 5.06 4.78 4.50 4.24 3.95 3.74 3.75 4.00 4.27 4.41 4.45 4.43 4.38 4.35 4.35 4.40 4.43 4.48 4.58 4.69 4.72 4.73 4.78 4.79
4.85 4.81 4.78 4.76 4.73 4.77 4.86 4.90 5.01 5.35 5.73 5.84 5.65 5.33 4.95 4.63 4.46 4.28 4.02 3.86 3.80 3.81 3.94 4.14 4.22 4.24 4.31 4.42 4.49 4.53 4.52 4.37 4.12 3.96 3.92 4.09 4.37 4.62 4.83 4.95 5.00 5.03 4.92 4.62 4.35 4.28 4.37 4.42 4.39 4.34 4.29 4.30 4.43 4.60 4.72 4.79 4.78 4.69 4.66 4.71 4.73 4.62 4.48 4.30 4.16 4.16 4.32 4.50 4.55 4.53 4.51 4.51 4.47 4.40 4.32 4.26 4.23 4.28 4.40 4.48 4.44 4.37 4.34 4.29
4.89 4.89 4.86 4.78 4.74 4.81 4.98 5.14 5.38 5.69 5.81 5.65 5.35 5.08 4.81 4.57 4.34 4.11 4.00 4.03 4.10 4.17 4.25 4.23 4.16 4.18 4.34 4.47 4.48 4.47 4.52 4.56 4.48 4.27 4.02 3.97 4.18 4.49 4.72 4.86 4.95 4.98 4.78 4.40 4.09 4.00 4.09 4.18 4.19 4.20 4.25 4.32 4.39 4.42 4.42 4.47 4.53 4.52 4.46 4.42 4.45 4.49 4.54 4.58 4.66 4.78 4.83 4.79 4.65 4.49 4.41 4.39 4.39 4.37 4.31 4.22 4.19 4.27 4.37 4.34 4.23 4.15 4.16 4.16
4.94 4.93 4.84 4.75 4.74 4.84 5.04 5.32 5.68 5.83 5.70 5.41 5.16 4.94 4.68 4.41 4.20 4.16 4.34 4.56 4.67 4.66 4.54 4.38 4.27 4.27 4.34 4.40 4.38 4.36 4.41 4.49 4.53 4.48 4.34 4.27 4.35 4.50 4.60 4.72 4.82 4.75 4.37 3.90 3.65 3.65 3.79 3.92 3.98 4.00 4.03 4.04 3.99 3.94 3.94 4.03 4.22 4.38 4.43 4.41 4.43 4.49 4.58 4.67 4.74 4.78 4.78 4.74 4.66 4.57 4.46 4.37 4.33 4.33 4.29 4.27 4.29 4.32 4.24 4.06 3.90 3.84 3.87 3.93
4.86 4.80 4.70 4.67 4.73 4.86 5.04 5.27 5.51 5.52 5.31 5.05 4.84 4.57 4.23 4.09 4.19 4.39 4.55 4.58 4.47 4.36 4.34 4.42 4.50 4.49 4.38 4.31 4.29 4.25 4.25 4.27 4.29 4.36 4.47 4.57 4.61 4.58 4.70 4.62 4.58 4.20 3.59 3.23 3.21 3.36 3.57 3.78 3.88 3.85 3.79 3.70 3.55 3.47 3.50 3.63 3.87 4.11 4.25 4.32 4.41 4.50 4.56 4.55 4.54 4.60 4.66 4.68 4.66 4.61 4.54 4.44 4.33 4.23 4.14 4.14 4.10 3.98 3.79 3.64 3.61 3.63 3.63 3.62
4.80 4.78 4.73 4.72 4.76 4.85 4.95 5.02 5.02 4.88 4.70 4.58 4.42 4.10 3.89 4.04 4.23 4.27 4.12 3.88 3.74 3.85 4.15 4.46 4.63 4.66 4.59 4.45 4.33 4.19 4.15 4.17 4.20 4.30 4.42 4.49 4.50 4.47 4.42 4.42 4.15 3.58 3.18 3.15 3.29 3.42 3.56 3.77 3.89 3.92 3.93 3.85 3.67 3.49 3.42 3.53 3.70 3.84 4.00 4.19 4.37 4.51 4.62 4.72 4.83 4.89 4.84 4.71 4.55 4.44 4.41 4.37 4.24 4.05 3.95 3.90 3.78 3.65 3.58 3.57 3.61 3.59 3.48 3.41
4.95 5.01 4.99 4.85 4.75 4.74 4.76 4.73 4.62 4.47 4.55 4.35 4.19 3.92 3.89 4.00 3.90 3.66 3.45 3.35 3.46 3.83 4.28 4.58 4.66 4.68 4.72 4.66 4.50 4.29 4.18 4.21 4.25 4.24 4.16 4.07 4.06 4.12 4.17 4.10 3.82 3.57 3.68 3.93 4.06 4.03 4.00 4.07 4.13 4.20 4.22 4.18 4.08 3.92 3.81 3.79 3.77 3.85 4.07 4.28 4.41 4.53 4.71 4.94 5.05 4.98 4.80 4.60 4.41 4.27 4.21 4.15 4.05 3.91 3.82 3.71 3.60 3.55 3.60 3.66 3.65 3.56 3.49 3.56
5.06 5.06 4.96 4.73 4.58 4.56 4.57 4.52 4.45 4.43 4.41 4.28 4.03 3.83 3.73 3.58 3.32 3.19 3.25 3.45 3.80 4.20 4.58 4.72 4.62 4.54 4.59 4.63 4.56 4.40 4.27 4.26 4.25 4.12 3.92 3.82 3.88 4.02 4.11 4.10 4.07 4.24 4.51 4.67 4.73 4.75 4.71 4.63 4.55 4.45 4.33 4.22 4.17 4.16 4.12 4.06 4.00 4.08 4.26 4.38 4.38 4.46 4.62 4.73 4.64 4.46 4.37 4.36 4.36 4.31 4.17 4.01 3.90 3.83 3.76 3.62 3.43 3.31 3.33 3.44 3.56 3.69 3.86 4.01
4.86 4.68 4.39 4.28 4.30 4.40 4.47 4.43 4.40 4.39 4.53 3.97 3.76 3.66 3.54 3.39 3.31 3.43 3.76 4.24 4.62 4.83 4.87 4.65 4.30 4.20 4.27 4.32 4.33 4.32 4.31 4.30 4.29 4.22 4.10 4.09 4.22 4.33 4.40 4.45 4.56 4.67 4.71 4.75 4.89 5.08 5.20 5.17 5.02 4.79 4.60 4.45 4.34 4.27 4.22 4.19 4.20 4.22 4.27 4.30 4.27 4.31 4.37 4.32 4.17 4.12 4.23 4.39 4.44 4.34 4.15 3.93 3.82 3.77 3.74 3.68 3.57 3.39 3.26 3.31 3.60 4.02 4.31 4.29
4.50 4.20 3.89 3.93 4.14 4.36 4.46 4.41 4.32 4.71 4.03 3.79 3.72 3.82 3.91 3.99 4.15 4.44 4.86 5.22 5.36 5.25 4.90 4.40 4.06 4.02 4.03 4.01 4.05 4.15 4.23 4.26 4.32 4.40 4.49 4.59 4.66 4.64 4.60 4.59 4.57 4.50 4.55 4.74 5.01 5.28 5.48 5.53 5.45 5.28 5.10 4.93 4.76 4.58 4.42 4.32 4.27 4.19 4.14 4.19 4.18 4.21 4.22 4.15 4.12 4.26 4.48 4.54 4.35 4.04 3.84 3.76 3.74 3.71 3.70 3.77 3.88 3.91 3.82 3.77 3.98 4.29 4.37 4.15
4.44 4.26 4.08 4.20 4.41 4.54 4.52 4.42 4.32 4.68 4.11 4.03 4.11 4.34 4.64 4.92 5.20 5.41 5.51 5.48 5.30 4.99 4.58 4.24 4.10 4.08 4.01 3.97 4.04 4.14 4.18 4.18 4.28 4.45 4.60 4.66 4.63 4.57 4.52 4.45 4.37 4.37 4.56 4.86 5.19 5.44 5.55 5.53 5.47 5.38 5.21 5.00 4.83 4.71 4.59 4.48 4.34 4.17 4.06 4.10 4.19 4.25 4.27 4.27 4.36 4.55 4.60 4.37 3.90 3.53 3.45 3.53 3.64 3.74 3.77 3.78 3.85 4.05 4.25 4.37 4.46 4.47 4.28 4.10
4.64 4.66 4.76 4.93 5.01 4.87 4.63 4.48 4.43 4.39 4.36 4.40 4.56 4.82 5.09 5.30 5.42 5.40 5.23 4.92 4.53 4.18 4.01 4.02 4.12 4.16 4.16 4.23 4.35 4.41 4.36 4.31 4.38 4.51 4.55 4.45 4.36 4.36 4.41 4.43 4.45 4.57 4.82 5.06 5.25 5.32 5.22 5.04 4.92 4.87 4.81 4.77 4.77 4.75 4.69 4.60 4.50 4.36 4.19 4.16 4.28 4.37 4.42 4.47 4.57 4.63 4.44 3.98 3.51 3.34 3.38 3.53 3.68 3.82 3.96 3.98 3.90 3.89 4.10 4.45 4.71 4.80 4.78 4.92
4.77 4.90 5.12 5.25 5.22 5.03 4.76 4.57 4.51 4.53 4.56 4.62 4.76 4.94 5.04 5.03 4.94 4.77 4.50 4.11 3.74 3.55 3.61 3.87 4.11 4.24 4.35 4.49 4.64 4.72 4.75 4.77 4.82 4.81 4.76 4.63 4.50 4.47 4.49 4.61 4.79 5.02 5.19 5.22 5.15 4.95 4.64 4.38 4.29 4.38 4.55 4.74 4.86 4.83 4.73 4.66 4.62 4.57 4.44 4.36 4.38 4.47 4.56 4.61 4.63 4.49 4.13 3.69 3.48 3.49 3.62 3.76 3.85 3.91 4.01 4.11 4.16 4.11 4.14 4.45 4.93 5.32 5.58 5.78
4.83 4.94 5.10 5.15 5.11 5.07 4.95 4.77 4.67 4.67 4.68 4.66 4.67 4.68 4.63 4.58 4.51 4.28 3.92 3.61 3.49 3.56 3.80 4.08 4.25 4.35 4.46 4.58 4.70 4.84 5.02 5.17 5.23 5.18 5.12 5.05 4.93 4.81 4.70 4.78 5.01 5.19 5.19 5.08 4.88 4.56 4.19 3.98 4.00 4.25 4.60 4.86 4.92 4.84 4.77 4.73 4.70 4.67 4.58 4.47 4.46 4.54 4.62 4.64 4.57 4.32 3.90 3.60 3.57 3.70 3.83 3.92 3.99 4.04 4.02 4.05 4.24 4.50 4.71 4.99 5.41 5.66 5.70 5.61
4.93 5.06 5.24 5.29 5.26 5.18 5.14 5.10 5.02 4.90 4.75 4.58 4.44 4.34 4.34 4.40 4.34 4.08 3.84 3.84 4.01 4.20 4.35 4.45 4.48 4.49 4.55 4.63 4.73 4.86 5.02 5.17 5.23 5.25 5.29 5.36 5.38 5.27 5.06 4.94 4.99 4.99 4.94 4.88 4.66 4.33 4.06 3.96 4.06 4.37 4.76 4.98 5.01 4.95 4.88 4.82 4.75 4.68 4.55 4.46 4.44 4.48 4.52 4.53 4.46 4.25 3.95 3.79 3.81 3.93 4.02 4.04 4.04 4.07 4.13 4.21 4.38 4.73 5.21 5.61 5.78 5.57 5.14 4.84
5.13 5.31 5.54 5.56 5.44 5.23 5.17 5.22 5.19 4.99 4.70 4.48 4.33 4.29 4.34 4.34 4.19 4.07 4.15 4.39 4.61 4.68 4.70 4.71 4.68 4.66 4.68 4.72 4.79 4.91 5.00 5.03 5.02 5.09 5.32 5.59 5.77 5.77 5.60 5.27 5.03 4.88 4.83 4.72 4.44 4.18 4.09 4.14 4.31 4.64 4.96 5.11 5.15 5.11 5.01 4.89 4.77 4.64 4.50 4.45 4.44 4.73 4.41 4.41 4.38 4.25 4.13 4.13 4.18 4.24 4.25 4.22 4.15 4.11 4.22 4.49 4.80 5.18 5.69 6.02 5.88 5.32 4.69 4.32
5.26 5.33 5.43 5.43 5.36 5.18 5.06 5.01 4.95 4.78 4.57 4.45 4.43 4.45 4.40 4.21 4.06 4.17 4.43 4.62 4.66 4.68 4.74 4.81 4.80 4.75 4.71 4.71 4.76 4.89 5.01 5.02 4.99 5.09 5.31 5.55 5.74 5.85 5.86 5.64 5.20 4.85 4.58 4.31 4.06 4.02 4.14 4.28 4.52 4.88 5.12 5.16 5.15 5.14 5.07 4.94 4.79 4.64 4.51 4.50 4.54 4.54 4.49 4.43 4.40 4.34 4.31 4.38 4.48 4.51 4.50 4.48 4.45 4.42 4.49 4.76 5.28 5.89 6.35 6.34 5.92 5.32 4.74 4.30
5.16 5.01 4.79 4.76 4.82 4.83 4.75 4.68 4.67 4.64 4.65 4.71 4.81 4.81 4.57 4.24 4.10 4.20 4.33 4.37 4.44 4.59 4.77 4.86 4.82 4.72 4.63 4.59 4.64 4.77 4.89 4.97 5.03 5.10 5.13 5.12 5.15 5.28 5.42 5.39 5.05 4.58 4.16 3.87 3.81 3.95 4.14 4.32 4.67 5.08 5.19 5.06 4.99 5.02 5.03 4.95 4.80 4.66 4.55 4.58 4.68 4.70 4.63 4.54 4.45 4.41 4.44 4.53 4.63 4.71 4.80 4.91 5.01 5.10 5.20 5.44 5.89 6.41 6.59 6.31 5.86 5.52 5.16 4.73
4.89 4.58 4.06 3.82 3.85 4.01 4.21 4.42 4.62 4.82 5.04 5.25 5.35 5.21 4.82 4.42 4.20 4.09 4.00 4.03 4.27 4.59 4.81 4.87 4.82 4.73 4.62 4.54 4.51 4.56 4.61 4.66 4.71 4.75 4.66 4.51 4.43 4.43 4.46 4.47 4.39 4.18 3.95 3.81 3.88 4.06 4.21 4.44 4.92 5.25 5.15 4.89 4.81 4.86 4.93 4.92 4.83 4.74 4.67 4.73 4.81 4.81 4.74 4.64 4.51 4.45 4.52 4.66 4.77 4.89 5.12 5.42 5.74 6.05 6.31 6.48 6.64 6.70 6.46 6.02 5.80 5.81 5.79 5.62
4.55 4.18 3.59 3.37 3.36 3.52 3.88 4.26 4.59 4.91 5.21 5.39 5.35 5.08 4.74 4.45 4.22 4.05 3.99 4.14 4.40 4.64 4.80 4.85 4.83 4.80 4.74 4.65 4.52 4.45 4.40 4.32 4.25 4.23 4.15 3.99 3.83 3.73 3.67 3.72 3.85 3.95 4.00 4.07 4.26 4.45 4.64 4.97 5.34 5.36 5.06 4.81 4.75 4.78 4.83 4.89 4.92 4.98 5.07 5.13 5.08 4.94 4.82 4.73 4.64 4.60 4.65 4.77 4.91 5.11 5.45 5.88 6.35 6.74 6.98 7.01 6.90 6.64 6.21 5.91 5.94 6.12 6.31 6.43
4.31 4.01 3.63 3.60 3.71 3.91 4.15 4.34 4.50 4.71 4.94 5.01 4.84 4.57 4.40 4.31 4.24 4.18 4.25 4.47 4.67 4.82 4.89 4.88 4.84 4.83 4.87 4.89 4.82 4.65 4.48 4.29 4.15 4.03 3.86 3.63 3.41 3.29 3.31 3.48 3.72 3.96 4.22 4.51 4.79 5.01 5.26 5.51 5.58 5.34 4.97 4.79 4.76 4.74 4.77 4.88 5.04 5.24 5.40 5.39 5.17 4.91 4.76 4.75 4.78 4.80 4.79 4.86 5.03 5.33 5.74 6.15 6.46 6.62 6.65 6.57 6.38 6.12 5.89 5.85 5.96 6.09 6.32 6.61
4.45 4.37 4.39 4.57 4.70 4.73 4.66 4.57 4.56 4.60 4.62 4.56 4.37 4.20 4.15 4.21 4.27 4.33 4.47 4.69 4.86 5.01 5.02 4.93 4.82 4.81 4.88 4.99 5.03 4.95 4.70 4.44 4.21 3.95 3.65 3.39 3.20 3.15 3.27 3.52 3.82 4.18 4.59 4.94 5.16 5.31 5.46 5.54 5.43 5.11 4.82 4.69 4.64 4.60 4.63 4.77 4.97 5.13 5.15 4.98 4.75 4.62 4.62 4.70 4.78 4.82 4.84 4.90 5.04 5.35 5.72 5.94 5.94 5.80 5.64 5.54 5.48 5.48 5.54 5.62 5.63 5.65 5.87 6.18
4.79 4.93 5.25 5.53 5.62 5.49 5.17 4.98 4.89 4.76 4.52 4.25 4.07 4.04 4.11 4.24 4.36 4.48 4.68 4.91 5.06 5.15 5.05 4.88 4.75 4.74 4.82 4.92 4.98 4.96 4.80 4.53 4.23 3.88 3.55 3.34 3.28 3.31 3.45 3.70 4.12 4.65 5.08 5.29 5.33 5.30 5.29 5.26 5.11 4.84 4.61 4.47 4.37 4.37 4.45 4.58 4.70 4.71 4.57 4.36 4.30 4.37 4.51 4.65 4.68 4.68 4.75 4.85 4.97 5.15 5.33 5.29 5.09 4.89 4.75 4.73 4.89 5.14 5.31 5.36 5.32 5.33 5.43 5.55
4.93 5.13 5.44 5.64 5.71 5.70 5.64 5.51 5.29 4.95 4.55 4.22 4.05 4.08 4.23 4.40 4.55 4.74 4.95 5.09 5.11 5.04 4.85 4.68 4.62 4.66 4.72 4.76 4.76 4.74 4.68 4.51 4.27 3.97 3.69 3.53 3.52 3.59 3.75 4.12 4.71 5.22 5.43 5.40 5.27 5.13 5.09 5.06 4.92 4.67 4.44 4.27 4.19 4.28 4.38 4.43 4.38 4.24 4.08 3.99 4.05 4.23 4.43 4.54 4.52 4.50 4.59 4.76 4.94 5.05 5.02 4.81 4.63 4.56 4.55 4.68 4.99 5.26 5.36 5.33 5.33 5.33 5.29 5.25
4.93 5.06 5.23 5.27 5.26 5.28 5.43 5.44 5.26 4.94 4.63 4.40 4.27 4.29 4.44 4.63 4.81 4.99 5.09 5.03 4.86 4.67 4.53 4.50 4.55 4.61 4.61 4.53 4.51 4.54 4.54 4.46 4.32 4.13 3.95 3.86 3.87 3.97 4.25 4.78 5.25 5.39 5.26 5.06 4.95 4.92 4.97 4.99 4.85 4.57 4.34 4.24 4.25 4.33 4.36 4.34 4.18 3.92 3.73 3.73 3.90 4.14 4.32 4.37 4.35 4.39 4.53 4.73 4.91 5.01 4.96 4.83 4.74 4.69 4.73 5.00 5.38 5.61 5.64 5.56 5.50 5.43 5.33 5.34
4.94 5.03 5.15 5.12 4.97 4.76 4.71 4.75 4.77 4.73 4.62 4.51 4.45 4.48 4.58 4.75 4.92 5.00 4.91 4.70 4.47 4.32 4.31 4.46 4.61 4.68 4.64 4.57 4.58 4.60 4.57 4.48 4.36 4.23 4.17 4.20 4.31 4.52 4.85 5.17 5.24 5.02 4.77 4.64 4.69 4.82 4.95 4.96 4.78 4.50 4.30 4.27 4.28 4.32 4.36 4.35 4.28 4.13 3.94 3.89 4.01 4.17 4.26 4.29 4.34 4.43 4.58 4.74 4.82 4.84 4.87 4.92 4.87 4.76 4.84 5.26 5.74 5.92 5.85 5.72 5.59 5.47 5.39 5.47
4.98 5.01 4.99 4.85 4.65 4.36 4.14 4.08 4.17 4.32 4.41 4.45 4.47 4.51 4.57 4.67 4.71 4.62 4.39 4.17 4.03 4.01 4.18 4.50 4.77 4.85 4.85 4.86 4.88 4.80 4.67 4.52 4.36 4.28 4.30 4.41 4.59 4.82 4.99 5.00 4.82 4.61 4.52 4.58 4.71 4.83 4.92 4.89 4.68 4.42 4.26 4.17 4.14 4.23 4.38 4.47 4.55 4.58 4.51 4.46 4.44 4.35 4.31 4.34 4.40 4.50 4.65 4.77 4.80 4.80 4.88 4.97 4.92 4.90 5.19 5.76 6.14 6.07 5.80 5.61 5.49 5.44 5.44 5.44
4.97 4.83 4.45 4.03 3.80 3.72 3.74 3.80 3.88 4.00 4.18 4.35 4.43 4.47 4.52 4.52 4.40 4.20 4.02 3.95 3.96 4.07 4.37 4.75 4.93 4.94 4.94 4.97 4.91 4.76 4.64 4.52 4.40 4.34 4.38 4.49 4.62 4.74 4.78 4.73 4.62 4.52 4.57 4.72 4.81 4.82 4.79 4.69 4.52 4.33 4.14 4.01 4.05 4.28 4.49 4.59 4.69 4.83 4.93 4.96 4.85 4.61 4.46 4.46 4.51 4.60 4.74 4.89 5.01 5.12 5.17 5.11 5.12 5.38 5.90 6.32 6.33 5.97 5.59 5.42 5.38 5.42 5.43 5.29
4.80 4.50 3.97 3.52 3.26 3.37 3.64 3.85 3.96 4.08 4.26 4.38 4.42 4.45 4.51 4.48 4.37 4.31 4.38 4.48 4.54 4.65 4.85 4.98 4.96 4.83 4.77 4.72 4.52 4.35 4.37 4.40 4.40 4.41 4.48 4.56 4.65 4.74 4.83 4.86 4.76 4.62 4.64 4.74 4.75 4.68 4.60 4.48 4.29 4.08 3.91 3.92 4.15 4.45 4.60 4.63 4.70 4.86 5.04 5.11 5.06 4.90 4.75 4.72 4.74 4.75 4.83 4.98 5.14 5.22 5.17 5.10 5.31 5.83 6.32 6.33 5.97 5.55 5.29 5.24 5.30 5.35 5.29 5.09
4.61 4.36 4.07 3.94 3.85 3.87 3.97 4.01 4.06 4.20 4.34 4.39 4.40 4.47 4.55 4.60 4.66 4.79 4.92 4.91 4.81 4.80 4.90 4.93 4.82 4.62 4.45 4.23 3.98 3.88 3.97 4.12 4.30 4.47 4.59 4.69 4.82 4.99 5.13 5.14 4.95 4.72 4.59 4.57 4.53 4.48 4.44 4.33 4.09 3.82 3.75 3.97 4.33 4.55 4.60 4.60 4.67 4.82 4.95 5.03 5.09 5.13 5.10 5.02 4.91 4.82 4.81 4.87 4.91 4.88 4.86 5.08 5.58 6.08 6.16 5.77 5.26 4.99 4.89 4.89 4.96 4.99 4.89 4.77
4.60 4.50 4.40 4.41 4.40 4.41 4.34 4.26 4.24 4.28 4.27 4.27 4.36 4.51 4.66 4.80 4.94 5.02 4.90 4.68 4.53 4.56 4.73 4.85 4.76 4.46 4.11 3.81 3.67 3.71 3.82 3.98 4.25 4.53 4.73 4.87 5.03 5.19 5.24 5.14 4.95 4.74 4.54 4.39 4.30 4.33 4.38 4.25 3.96 3.79 3.86 4.15 4.43 4.52 4.50 4.49 4.58 4.71 4.80 4.89 5.00 5.11 5.13 5.00 4.83 4.73 4.70 4.69 4.67 4.69 4.88 5.34 5.80 5.87 5.56 5.06 4.73 4.61 4.56 4.50 4.49 4.55 4.47 4.30
4.66 4.63 4.58 4.57 4.56 4.61 4.73 4.80 4.77 4.57 4.33 4.24 4.36 4.57 4.77 4.94 5.03 4.97 4.80 4.72 4.81 4.97 5.09 5.09 4.85 4.45 4.06 3.85 3.86 3.98 4.06 4.13 4.30 4.56 4.80 4.98 5.09 5.10 5.01 4.88 4.79 4.70 4.54 4.36 4.27 4.33 4.35 4.19 3.98 3.94 4.09 4.32 4.45 4.46 4.41 4.39 4.43 4.50 4.60 4.72 4.84 4.93 4.93 4.80 4.63 4.55 4.56 4.61 4.69 4.85 5.15 5.47 5.47 5.16 4.84 4.62 4.51 4.48 4.46 4.37 4.31 4.33 4.26 4.07
4.61 4.58 4.59 4.76 4.96 5.10 5.17 5.10 4.82 4.46 4.21 4.25 4.44 4.62 4.78 4.90 4.95 4.97 5.11 5.40 5.67 5.77 5.69 5.47 5.08 4.67 4.41 4.35 4.41 4.48 4.45 4.39 4.40 4.54 4.70 4.79 4.80 4.78 4.73 4.68 4.67 4.69 4.64 4.54 4.48 4.43 4.30 4.14 4.04 4.07 4.24 4.45 4.53 4.48 4.41 4.36 4.33 4.34 4.42 4.59 4.72 4.76 4.71 4.57 4.39 4.35 4.47 4.63 4.79 4.95 5.11 5.07 4.76 4.54 4.50 4.46 4.43 4.44 4.44 4.38 4.28 4.21 4.11 3.98
