project/data/elevation/US_DEM2016/US_DEM2016_point_11-01-2019_1220_30m_ang.asc
ncols	125
nrows	167
xllcorner	-2042055.000000
yllcorner	1465035.000000
cellsize	30.000000
NODATA_value	-9999.000000
[rows 0 to 41 of 167, columns 0 to 95 of 125]
349 346 340 338 340 342 344 345 347 349 351 352 351 350 350 351 352 353 352 351 349 347 346 348 351 352 354 355 353 350 347 343 337 331 329 329 330 333 337 339 341 341 342 343 343 342 339 338 339 340 341 343 347 349 351 352 353 352 350 348 347 346 345 344 345 347 349 350 347 344 342 342 343 344 345 346 346 346 345 346 350 351 350 347 346 347 350 352 352 349 346 346 345 343 342 342
349 346 340 338 340 342 344 345 347 349 351 352 351 350 350 351 352 353 352 351 349 347 346 348 351 352 354 355 353 350 347 343 337 331 329 329 330 333 337 339 341 341 342 343 343 342 339 338 339 340 341 343 347 349 351 352 353 352 350 348 347 346 345 344 345 347 349 350 347 344 342 342 343 344 345 346 346 346 345 346 350 351 350 347 346 347 350 352 352 349 346 346 345 343 342 342
355 349 340 336 336 337 339 340 343 347 350 351 351 350 350 351 353 355 355 353 350 346 345 347 351 354 358 359 357 355 352 347 341 335 331 329 328 329 333 336 339 340 340 342 344 344 343 341 340 339 339 341 345 348 350 352 354 354 353 350 347 345 343 342 343 346 349 351 350 347 345 343 343 343 344 344 345 344 342 344 349 352 350 347 345 347 351 354 354 351 348 348 348 346 343 342
4 354 340 334 331 329 330 332 336 341 346 350 350 350 349 350 354 357 359 357 350 344 342 345 351 358 4 7 6 4 360 354 347 341 337 334 330 327 327 331 336 339 341 342 344 345 346 345 342 338 336 337 341 346 349 352 355 357 356 355 352 347 342 340 339 341 346 350 351 350 348 347 345 344 342 342 341 340 337 339 345 349 348 345 345 349 355 358 357 353 351 351 350 347 343 340
6 356 341 335 331 327 324 325 328 334 341 346 349 350 348 348 351 356 359 356 349 343 342 345 354 3 9 11 10 8 3 356 350 346 344 341 337 332 329 330 334 338 341 342 343 344 346 346 343 339 336 336 340 344 348 350 352 353 354 355 354 351 346 342 339 339 341 344 346 348 348 349 348 345 343 340 338 337 335 335 340 343 342 341 344 351 357 360 358 354 352 351 349 344 340 339
3 355 342 337 333 329 325 322 323 327 333 340 346 349 347 347 349 352 355 353 348 343 343 349 358 6 10 11 10 7 1 356 352 349 348 346 342 337 333 331 330 332 336 339 341 343 344 345 343 339 337 338 342 346 349 350 348 346 346 348 351 351 350 346 342 339 338 338 339 342 345 346 347 345 342 338 336 334 333 333 335 336 336 336 342 352 358 360 357 353 352 350 345 339 337 338
360 353 344 339 336 333 329 324 320 319 324 333 342 346 345 346 349 351 352 349 346 344 346 353 1 7 10 10 7 3 359 355 353 351 350 349 346 342 339 335 331 328 328 332 336 339 341 341 340 337 336 338 345 350 352 351 349 346 345 346 348 350 350 348 344 340 337 335 336 338 341 344 344 342 339 336 333 330 329 330 331 332 331 332 339 350 357 358 355 351 350 347 340 336 336 342
355 351 345 342 340 337 334 328 320 316 317 324 334 339 340 343 349 352 352 349 344 343 348 356 3 8 10 8 4 359 356 354 353 352 351 350 349 347 346 343 338 331 326 324 328 333 336 336 334 333 334 339 347 353 355 354 352 351 351 351 350 350 350 350 347 342 336 333 334 338 341 343 342 340 337 334 331 327 325 325 327 328 328 330 335 345 354 356 352 349 347 343 338 337 342 349
349 348 346 345 345 343 339 333 325 319 317 320 326 332 335 340 347 353 355 350 342 342 349 358 5 8 8 5 1 356 354 353 352 350 350 350 351 352 351 350 347 341 333 327 327 332 336 335 332 330 332 338 347 353 356 357 356 356 357 356 354 351 350 350 349 344 337 333 334 338 343 344 342 339 337 335 333 330 327 327 326 326 326 328 333 341 350 352 349 346 344 342 341 345 353 358
343 345 348 349 349 348 345 338 331 327 325 323 323 326 331 337 345 354 356 350 343 342 350 359 5 6 4 2 358 355 351 350 348 346 347 349 352 354 354 354 353 350 345 338 334 335 337 336 333 330 332 338 345 350 354 358 359 1 2 360 357 352 349 348 349 346 339 336 337 341 344 344 341 339 338 338 337 335 334 334 334 332 330 330 333 340 346 348 346 344 344 344 348 355 359 360
336 341 349 352 352 351 348 342 337 335 334 332 328 327 329 334 343 352 355 350 345 345 352 359 3 3 0 358 355 351 349 346 344 343 344 347 350 352 353 355 356 355 352 347 342 339 337 334 332 331 334 341 346 348 351 355 1 4 4 2 357 351 346 344 345 344 342 341 343 345 346 344 340 338 338 339 339 339 340 341 341 339 338 336 337 340 344 345 344 344 347 350 354 357 358 358
328 335 347 352 354 352 348 345 343 343 342 340 337 334 333 334 340 348 351 349 348 350 355 360 0 360 357 353 349 347 345 343 341 341 344 347 347 347 349 351 354 355 355 352 348 344 339 333 330 331 337 344 349 352 352 355 359 3 4 1 356 349 343 341 341 342 343 345 347 347 346 342 338 337 338 339 340 341 343 344 342 340 339 339 340 342 342 342 343 347 351 354 355 355 355 356
326 329 339 348 351 351 349 347 348 349 349 347 345 343 340 338 339 344 347 348 350 354 359 360 358 356 352 348 345 343 341 339 338 340 344 345 342 342 344 346 348 351 353 353 352 349 342 334 330 331 338 346 353 356 356 355 356 359 1 358 352 345 341 340 339 340 343 347 349 349 347 341 337 337 338 340 340 342 343 341 336 332 332 334 337 339 339 341 344 348 351 353 354 354 353 354
332 331 333 339 345 347 347 348 351 352 352 351 351 350 348 343 342 343 344 346 351 358 1 358 355 351 347 344 341 338 337 336 336 337 339 338 336 336 338 339 341 343 346 350 353 351 344 336 332 334 341 348 356 358 355 351 351 355 356 353 349 344 340 339 339 340 342 346 349 350 347 341 338 339 341 342 341 342 342 338 331 326 325 327 330 332 335 339 344 347 349 351 352 352 351 350
335 335 335 336 338 340 343 345 348 349 350 350 352 353 352 349 346 345 346 347 353 359 360 357 352 348 344 341 337 333 333 335 337 337 335 331 329 330 333 334 333 334 337 342 348 349 344 339 337 340 346 354 358 356 350 347 349 352 351 348 346 343 341 340 339 340 343 347 350 350 346 341 340 343 346 345 342 342 342 338 332 329 328 328 328 329 333 339 343 345 347 348 349 348 347 346
333 335 339 339 336 333 333 334 335 335 336 339 344 348 351 351 351 350 349 351 355 359 359 356 352 348 345 342 339 335 334 337 341 341 339 336 332 332 334 336 335 334 335 338 342 345 344 342 343 347 353 357 356 351 346 346 350 351 347 344 343 343 343 342 341 342 344 348 352 352 347 344 345 350 351 346 343 343 342 337 333 331 331 331 330 331 335 339 342 343 345 346 345 344 344 344
331 333 339 343 341 334 326 324 324 324 324 327 331 336 343 349 353 354 354 356 358 359 359 357 354 351 348 345 344 342 340 338 340 343 344 343 340 338 339 340 341 340 339 340 341 343 345 347 350 353 356 357 353 347 344 346 351 350 344 341 341 342 344 345 344 344 345 349 353 353 351 351 353 355 351 347 346 346 344 338 334 333 333 333 334 336 338 340 341 342 343 344 343 343 345 346
335 336 340 347 348 341 332 328 328 328 330 331 332 335 339 346 353 357 358 359 1 2 2 360 356 353 349 347 346 347 346 342 340 341 344 345 345 343 342 342 342 342 341 340 340 342 346 353 356 357 357 355 350 345 344 348 351 348 341 339 339 341 344 347 348 347 346 348 351 354 356 358 358 355 350 349 350 351 348 343 339 336 335 336 338 340 342 341 340 340 341 343 344 347 351 350
339 341 347 353 352 344 336 334 334 335 337 339 340 341 343 346 352 357 0 2 4 5 4 0 356 352 349 347 346 348 349 347 344 341 342 345 346 346 345 343 342 342 341 340 340 343 348 355 358 358 356 352 347 343 344 349 350 344 339 337 337 340 343 347 349 349 348 346 348 352 357 358 358 355 351 351 353 354 352 349 345 341 339 340 342 344 343 341 338 338 340 343 346 350 352 350
341 345 354 355 349 341 337 337 338 340 342 344 346 348 349 350 353 358 2 4 6 7 4 360 355 352 349 346 345 346 348 348 346 344 344 345 347 347 346 344 342 342 342 342 344 348 351 354 355 355 353 350 346 344 346 349 347 341 337 336 337 339 342 345 348 349 349 347 346 348 351 354 354 353 352 353 354 354 354 354 352 349 345 345 345 346 344 340 337 338 341 344 347 348 348 347
349 352 355 350 342 337 337 338 341 344 346 349 351 353 354 355 356 360 3 6 7 6 3 359 356 352 349 347 345 345 345 345 345 345 345 347 348 347 345 344 343 344 345 347 351 354 353 350 349 349 349 348 347 347 348 348 344 339 337 337 338 338 339 340 341 343 345 346 344 342 343 345 347 348 350 352 353 353 353 356 356 355 352 350 347 346 345 344 342 343 344 346 346 345 343 344
2 358 351 344 338 336 337 340 344 347 349 351 353 356 358 359 1 2 4 5 5 2 360 358 356 353 350 348 346 344 343 343 344 344 346 348 348 346 344 344 346 347 351 355 356 354 349 346 344 344 345 346 348 351 351 348 343 340 338 338 338 338 336 332 329 329 331 334 334 332 332 333 336 339 343 347 349 349 350 354 357 358 358 354 350 348 347 348 348 349 348 347 345 344 342 344
359 354 348 343 339 337 338 342 346 348 349 351 353 356 359 2 4 4 3 2 359 357 356 355 355 353 350 348 346 344 342 342 343 344 347 348 346 344 344 347 350 354 358 358 354 349 344 341 340 340 342 345 349 353 353 351 346 342 341 342 341 338 332 323 316 314 313 313 316 319 320 321 323 327 331 338 342 343 344 348 354 358 359 357 354 350 349 349 350 351 350 348 346 346 346 347
347 347 346 344 341 340 341 344 346 348 349 351 353 356 0 3 4 3 1 358 354 352 351 351 351 350 349 347 345 343 342 342 344 346 349 348 344 344 347 352 356 358 357 353 349 345 341 337 336 337 340 344 348 353 354 353 350 347 347 347 347 344 334 323 316 314 313 313 314 315 314 313 313 316 321 328 333 336 339 343 347 353 358 359 358 353 349 347 348 349 348 347 346 347 347 346
335 339 344 344 343 342 343 345 346 347 348 350 353 356 360 2 3 2 360 356 352 348 346 345 346 346 345 344 343 343 344 345 348 350 350 347 344 346 350 355 357 356 352 348 345 343 339 336 334 335 339 343 347 351 354 355 354 353 354 355 356 351 340 331 327 325 323 322 321 319 315 311 308 307 311 318 323 326 331 336 340 346 355 360 360 355 351 348 347 347 348 347 346 346 345 344
324 328 339 343 345 344 344 345 345 346 347 349 352 355 357 359 1 1 0 357 353 348 345 342 342 341 341 342 343 345 348 352 355 353 349 346 347 349 350 352 353 351 347 344 342 341 339 336 335 336 339 342 346 350 353 355 356 358 1 2 360 352 343 338 335 332 330 329 327 323 320 317 312 307 306 309 311 313 319 327 333 339 348 356 358 357 353 350 348 348 347 347 346 345 344 343
317 321 333 341 345 347 346 345 345 346 346 348 351 352 354 356 359 1 0 357 353 349 345 343 341 340 340 341 345 350 356 0 1 356 351 348 349 350 350 348 348 346 343 341 339 339 337 339 338 338 339 340 344 348 351 353 358 2 4 3 359 352 346 342 340 338 337 336 334 331 329 327 322 315 311 310 308 306 310 317 325 333 340 349 355 357 355 352 349 347 347 347 346 345 344 343
314 319 329 337 344 349 349 348 347 347 348 349 351 351 352 354 357 359 358 355 350 346 344 342 341 341 341 344 350 358 5 5 0 356 353 350 349 349 349 347 345 342 339 337 336 337 339 341 343 343 341 338 340 344 348 352 359 2 3 360 354 350 348 347 347 346 344 342 341 339 339 337 330 323 320 318 313 310 311 315 320 326 333 340 349 355 357 355 350 347 346 346 345 345 345 343
315 317 324 332 341 347 350 351 349 349 350 351 352 353 353 354 356 356 354 350 346 343 342 342 342 343 344 349 358 6 6 1 356 353 352 351 350 349 349 347 344 339 336 334 334 336 339 344 348 349 345 339 337 339 344 352 358 360 358 354 349 347 348 355 353 354 351 348 347 347 348 345 338 332 329 327 323 320 320 321 322 324 328 333 340 349 355 356 353 349 346 345 344 344 345 344
319 319 323 329 336 343 349 351 351 351 351 352 352 353 354 356 356 354 349 345 342 341 342 343 344 345 348 355 3 4 359 355 354 352 352 351 350 349 348 347 344 339 334 331 332 335 339 345 350 352 350 344 339 338 343 350 355 355 353 348 343 343 346 351 356 358 359 354 353 353 353 351 346 341 338 334 330 329 329 330 329 327 325 327 332 340 350 355 356 352 348 345 343 344 345 346
323 324 327 330 334 340 346 351 353 353 353 352 351 351 354 356 356 353 346 342 341 342 344 346 347 348 349 353 357 354 351 350 351 351 351 350 350 349 348 346 342 338 333 331 331 333 338 344 349 352 352 348 343 341 344 349 352 352 349 342 338 338 343 350 355 358 358 358 357 357 356 356 354 351 346 341 337 337 338 338 335 331 326 323 324 329 338 348 354 355 352 347 344 344 346 348
321 324 330 333 334 337 343 349 354 356 355 354 352 352 354 356 355 351 346 344 345 349 352 352 353 351 345 341 341 342 342 344 346 348 349 349 349 349 347 344 340 336 333 333 334 336 337 341 345 348 351 349 346 345 346 349 350 349 345 338 334 334 340 346 350 353 355 357 358 357 357 358 359 357 352 347 344 344 344 343 339 335 330 324 319 319 324 334 346 353 354 351 347 347 348 350
316 319 325 330 333 335 340 346 353 357 358 357 355 355 355 356 355 352 350 352 357 1 2 359 357 353 346 337 332 331 332 334 337 341 343 345 346 347 345 342 337 333 332 334 338 339 339 339 340 344 348 348 347 348 350 351 350 348 342 334 330 330 336 341 344 347 349 353 355 356 356 359 360 359 356 354 353 352 349 346 343 341 336 328 321 317 317 322 331 342 349 350 350 349 349 349
318 317 318 322 326 331 335 341 349 356 359 359 358 357 357 357 356 355 357 3 7 8 5 2 358 354 348 342 336 332 330 331 332 334 336 339 342 343 342 339 335 331 330 332 335 336 336 334 334 338 343 345 346 349 353 354 352 348 341 332 327 326 330 334 338 341 344 349 351 351 352 356 357 357 358 1 2 359 353 349 348 348 341 331 326 324 322 321 322 328 336 343 347 349 348 348
329 325 320 321 323 326 330 335 342 351 358 1 1 359 358 358 358 360 4 8 8 7 4 2 359 355 351 346 342 338 337 337 337 335 335 336 338 339 338 337 333 330 329 329 329 327 326 326 327 332 338 342 345 350 354 355 353 348 341 334 328 327 329 331 333 336 341 346 349 348 349 351 353 353 357 4 6 3 358 355 355 352 344 336 332 332 332 331 329 327 329 333 339 343 345 346
336 332 329 329 331 331 331 333 337 345 353 360 2 2 1 360 0 3 6 7 5 3 2 1 359 356 353 350 346 343 341 341 343 342 339 336 336 337 337 336 334 332 331 332 329 325 324 325 327 330 335 339 344 349 354 356 354 349 343 337 332 330 331 331 331 333 337 343 345 345 346 349 349 349 353 360 4 4 3 1 360 355 347 341 339 340 341 340 338 334 332 333 335 339 342 344
334 334 334 336 338 339 338 337 338 342 348 355 1 3 3 2 2 3 4 3 0 359 359 359 358 357 356 354 351 347 344 343 344 345 344 341 338 337 337 338 338 339 339 337 333 331 331 332 333 334 336 339 343 348 354 356 354 349 344 339 334 333 334 333 331 331 333 338 341 341 344 347 346 345 349 354 359 3 3 3 1 357 351 347 346 348 349 346 340 336 334 334 336 338 341 344
330 332 336 340 343 344 343 342 342 344 346 351 356 1 4 4 2 0 359 356 355 354 354 355 356 356 357 357 355 352 349 346 344 344 343 342 340 338 337 338 341 345 347 343 338 336 336 337 339 339 339 340 342 347 354 356 354 349 344 339 335 336 339 339 336 334 333 335 337 338 340 344 344 343 345 348 353 357 360 360 360 359 356 353 354 355 354 348 341 337 335 335 336 339 343 345
325 328 336 342 344 345 345 345 346 346 346 347 352 358 3 5 2 358 353 350 349 349 350 351 353 354 356 357 357 356 354 350 346 343 341 340 340 338 337 337 340 346 348 348 344 341 340 341 341 341 340 340 341 346 353 356 353 348 342 337 335 337 341 344 342 339 334 333 334 335 337 341 342 340 340 343 347 351 352 354 356 360 0 1 2 360 354 346 342 341 341 340 339 342 345 348
321 325 335 342 344 344 345 347 348 347 345 345 348 354 1 4 2 355 350 346 345 345 346 347 349 351 353 355 357 358 356 353 349 344 341 339 340 340 338 336 338 343 349 350 348 346 345 344 342 340 338 338 340 345 353 355 351 346 342 337 334 335 339 342 343 340 335 331 329 330 334 339 339 337 336 339 343 346 345 347 351 358 4 7 6 359 349 345 345 346 347 347 347 348 350 352
320 324 334 340 342 343 344 347 349 347 346 345 348 355 1 4 0 355 350 346 345 344 344 345 346 347 349 352 355 358 357 354 350 345 341 339 340 341 341 339 338 342 346 350 351 350 349 348 347 344 341 339 341 345 352 353 349 345 343 339 335 334 334 335 335 334 332 329 326 325 328 334 336 334 334 337 341 342 340 342 347 355 3 6 5 356 348 345 347 349 350 352 354 355 356 356
323 326 335 340 342 343 345 347 348 347 346 347 351 359 4 3 359 355 352 350 347 345 344 344 344 344 345 348 351 355 356 353 348 344 340 339 339 341 342 342 342 343 345 350 351 352 351 350 350 349 347 345 344 347 351 352 348 345 345 343 339 336 334 331 330 329 329 328 325 323 322 326 330 329 330 335 340 339 337 339 346 352 357 1 359 354 349 347 348 350 352 355 358 0 1 360
