project/data/elevation/US_DEM2016/US_DEM2016_point_10-31-2019_2005_30m_vel.asc
ncols	125
nrows	167
xllcorner	-2042055.000000
yllcorner	1465035.000000
cellsize	30.000000
NODATA_value	-9999.000000
[rows 0 to 37 of 167, columns 0 to 83 of 125]
4.90 4.40 3.97 4.39 5.29 6.42 7.53 8.34 8.68 8.87 9.17 9.69 9.91 9.45 9.03 9.02 9.05 8.87 8.35 7.87 7.61 7.70 8.06 8.44 8.71 8.67 8.33 7.39 6.15 4.96 3.99 3.30 2.87 2.55 2.30 2.24 2.52 3.11 3.76 4.17 4.39 4.54 4.68 4.75 4.60 4.28 3.96 4.00 4.45 5.20 5.97 6.71 7.32 7.90 8.12 8.20 8.02 7.31 6.60 6.09 5.78 5.67 5.83 6.31 6.67 6.78 6.66 6.22 5.44 4.93 4.81 4.94 5.17 5.41 5.61 5.74 5.88 6.23 6.75 7.14 7.43 7.45 6.99 6.77
4.90 4.40 3.97 4.39 5.29 6.42 7.53 8.34 8.68 8.87 9.17 9.69 9.91 9.45 9.03 9.02 9.05 8.87 8.35 7.87 7.61 7.70 8.06 8.44 8.71 8.67 8.33 7.39 6.15 4.96 3.99 3.30 2.87 2.55 2.30 2.24 2.52 3.11 3.76 4.17 4.39 4.54 4.68 4.75 4.60 4.28 3.96 4.00 4.45 5.20 5.97 6.71 7.32 7.90 8.12 8.20 8.02 7.31 6.60 6.09 5.78 5.67 5.83 6.31 6.67 6.78 6.66 6.22 5.44 4.93 4.81 4.94 5.17 5.41 5.61 5.74 5.88 6.23 6.75 7.14 7.43 7.45 6.99 6.77
4.82 4.41 4.14 4.52 5.16 6.07 6.98 7.66 8.02 8.18 8.45 8.89 9.05 8.83 8.51 8.47 8.55 8.51 8.14 7.64 7.47 7.57 7.81 8.01 8.09 7.94 7.38 6.47 5.50 4.59 3.88 3.34 2.96 2.70 2.51 2.46 2.66 3.03 3.46 3.81 4.00 4.16 4.32 4.54 4.73 4.77 4.72 4.73 5.04 5.56 6.10 6.57 6.98 7.30 7.46 7.51 7.48 7.24 6.76 6.18 5.71 5.45 5.56 5.85 6.07 6.17 6.20 6.13 5.95 5.62 5.42 5.36 5.34 5.32 5.32 5.37 5.54 5.90 6.28 6.51 6.61 6.71 6.73 6.81
5.14 4.77 4.63 4.90 5.26 5.69 6.19 6.46 6.52 6.61 6.93 7.22 7.34 7.24 7.17 7.17 7.26 7.47 7.43 7.24 7.27 7.37 7.32 7.08 6.81 6.44 5.89 5.32 4.77 4.31 3.95 3.64 3.45 3.40 3.33 3.25 3.20 3.22 3.27 3.43 3.80 4.16 4.46 4.79 5.20 5.52 5.74 5.82 5.92 6.10 6.27 6.29 6.27 6.18 6.12 5.94 5.93 6.18 6.32 6.24 5.98 5.68 5.44 5.24 5.01 4.91 5.09 5.49 5.85 6.03 5.99 5.76 5.44 5.10 4.86 4.81 4.98 5.24 5.36 5.23 5.24 5.71 6.31 6.75
5.47 5.18 5.11 5.25 5.41 5.59 5.70 5.71 5.55 5.46 5.56 5.77 5.93 5.93 5.93 5.96 6.06 6.31 6.68 7.02 7.26 7.16 6.80 6.21 5.64 5.26 5.09 4.94 4.77 4.62 4.49 4.42 4.46 4.50 4.42 4.23 4.01 3.86 3.73 3.80 4.21 4.67 5.11 5.50 5.71 5.89 6.05 6.24 6.38 6.43 6.36 6.16 5.84 5.46 5.09 4.52 4.21 4.34 4.85 5.47 5.81 5.81 5.53 4.97 4.45 4.10 4.01 4.20 4.56 4.86 4.99 4.93 4.75 4.56 4.44 4.46 4.57 4.67 4.65 4.53 4.66 5.27 5.97 6.27
5.51 5.34 5.37 5.51 5.52 5.53 5.47 5.20 4.99 4.85 4.72 4.81 5.09 5.30 5.52 5.68 5.82 5.94 6.31 6.77 6.97 6.67 6.09 5.37 4.83 4.70 4.80 4.92 5.01 5.09 5.20 5.32 5.37 5.26 5.06 4.84 4.66 4.52 4.37 4.31 4.40 4.60 4.98 5.48 5.75 5.85 5.97 6.20 6.37 6.41 6.32 6.13 5.85 5.26 4.56 3.99 3.80 3.88 4.11 4.41 4.75 4.99 4.92 4.51 4.07 3.76 3.57 3.48 3.46 3.48 3.55 3.62 3.68 3.79 3.93 4.07 4.19 4.27 4.34 4.41 4.59 5.01 5.43 5.40
5.59 5.58 5.67 5.81 5.72 5.49 5.18 4.75 4.48 4.41 4.29 4.26 4.54 5.05 5.54 5.76 5.98 6.07 6.07 6.10 6.11 5.84 5.33 4.81 4.59 4.63 4.76 4.90 5.07 5.33 5.61 5.80 5.76 5.62 5.47 5.37 5.32 5.21 4.99 4.70 4.49 4.46 4.60 4.89 5.15 5.17 5.24 5.44 5.76 5.95 6.07 6.05 5.87 5.64 5.29 4.96 4.94 4.92 4.74 4.45 4.16 4.01 3.95 3.85 3.70 3.57 3.47 3.40 3.33 3.25 3.18 3.20 3.30 3.47 3.64 3.76 3.83 3.96 4.18 4.38 4.57 4.81 4.90 4.60
5.69 5.86 6.17 6.17 5.97 5.42 4.84 4.36 4.22 4.30 4.23 4.04 4.27 4.89 5.41 5.50 5.66 5.77 5.55 5.26 5.14 4.99 4.75 4.63 4.62 4.70 4.82 4.92 5.06 5.34 5.68 5.92 6.02 6.12 6.29 6.52 6.57 6.38 6.02 5.56 5.05 4.66 4.49 4.38 4.26 4.25 4.30 4.55 5.09 5.68 5.93 5.99 5.99 6.17 6.30 6.31 6.09 5.75 5.27 4.68 4.07 3.65 3.52 3.54 3.54 3.49 3.47 3.53 3.57 3.50 3.39 3.35 3.41 3.51 3.63 3.72 3.78 3.94 4.20 4.36 4.45 4.55 4.47 4.12
5.96 6.21 6.63 6.53 6.15 5.55 4.88 4.50 4.52 4.56 4.42 4.29 4.45 4.86 5.07 4.96 4.91 5.01 4.90 4.69 4.61 4.46 4.26 4.29 4.42 4.61 4.90 5.18 5.35 5.48 5.78 6.16 6.58 7.13 7.72 8.07 8.08 7.81 7.42 6.92 6.26 5.55 4.96 4.54 4.25 4.18 4.44 4.87 5.50 5.94 5.95 5.66 5.48 5.62 5.85 5.91 5.69 5.24 4.69 4.21 3.86 3.66 3.61 3.66 3.71 3.73 3.80 3.88 3.83 3.67 3.55 3.51 3.58 3.75 3.99 4.19 4.39 4.63 4.76 4.67 4.53 4.42 4.27 4.37
6.12 6.44 6.80 6.68 6.30 5.87 5.34 5.19 5.35 5.40 5.13 4.90 4.91 4.94 4.78 4.44 4.23 4.35 4.55 4.61 4.58 4.28 3.97 3.99 4.22 4.52 4.89 5.28 5.61 5.87 6.26 6.75 7.35 7.94 8.31 8.39 8.29 8.15 8.03 7.84 7.47 6.89 6.21 5.57 5.06 4.99 5.19 5.64 6.11 6.18 5.79 4.97 4.39 3.95 3.97 4.18 4.24 4.04 3.81 3.67 3.61 3.63 3.67 3.82 4.11 4.37 4.57 4.56 4.21 3.81 3.69 3.83 4.15 4.58 4.95 5.25 5.58 5.88 5.91 5.66 5.30 5.04 4.89 4.77
6.31 6.35 6.62 6.71 6.55 6.41 6.34 6.53 6.71 6.60 6.25 5.84 5.46 5.06 4.62 4.12 3.89 4.20 4.67 4.95 4.90 4.54 4.21 4.19 4.40 4.66 4.90 5.22 5.79 6.45 6.98 7.40 7.67 7.67 7.37 6.96 6.89 7.19 7.54 7.78 7.83 7.61 7.15 6.52 5.94 5.62 5.58 5.93 6.23 6.07 5.35 4.46 3.77 3.27 3.01 2.94 3.06 3.24 3.39 3.50 3.57 3.67 3.84 4.13 4.60 5.11 5.35 5.19 4.71 4.18 4.14 4.56 5.13 5.65 6.07 6.40 6.68 6.76 6.60 6.31 6.06 5.88 5.70 5.45
6.20 5.94 6.10 6.66 7.05 7.34 7.63 7.91 8.01 7.72 7.28 6.81 6.24 5.47 4.73 4.28 4.14 4.48 4.99 5.27 5.19 4.90 4.65 4.60 4.74 5.00 5.28 5.70 6.33 6.90 7.16 7.20 6.92 6.33 5.58 5.16 5.33 5.83 6.29 6.66 7.02 7.28 7.31 7.07 6.60 6.10 5.91 6.08 6.04 5.61 4.75 4.19 3.81 3.37 2.94 2.65 2.69 3.03 3.37 3.60 3.77 4.05 4.41 4.78 5.21 5.56 5.68 5.54 5.24 4.98 4.93 5.34 5.85 6.33 6.66 6.81 6.69 6.32 5.71 5.30 5.14 5.11 5.08 5.02
5.76 5.44 5.44 6.24 7.06 7.66 8.03 8.16 8.17 7.97 7.67 7.34 6.89 6.13 5.38 4.95 4.78 4.83 5.01 5.11 5.02 4.84 4.71 4.72 4.92 5.24 5.64 6.04 6.30 6.34 6.16 5.72 5.03 4.28 3.91 4.09 4.48 4.68 4.72 5.02 5.51 6.05 6.60 6.92 6.87 6.52 6.23 6.15 5.71 4.83 4.03 3.66 3.31 2.98 2.75 2.71 2.89 3.23 3.61 3.96 4.31 4.70 5.10 5.40 5.59 5.66 5.67 5.75 5.80 5.76 5.78 6.04 6.46 6.69 6.59 6.15 5.42 4.50 3.76 3.39 3.33 3.48 3.72 3.93
5.75 5.60 5.52 5.72 6.18 6.69 6.97 6.99 6.88 6.86 6.93 6.95 6.89 6.61 6.19 5.74 5.37 5.05 4.79 4.56 4.37 4.33 4.40 4.53 4.74 4.95 5.13 5.15 4.90 4.52 4.08 3.50 2.94 2.64 2.80 3.27 3.49 3.39 3.38 3.65 4.02 4.51 5.08 5.66 6.14 6.32 6.30 6.09 5.53 4.55 3.70 3.02 2.61 2.56 2.72 3.02 3.32 3.61 3.99 4.50 4.96 5.34 5.59 5.76 5.86 5.91 5.99 6.15 6.29 6.32 6.40 6.67 6.79 6.46 5.67 4.62 3.66 3.11 2.93 2.97 3.18 3.45 3.68 3.76
6.04 6.12 5.84 5.43 5.06 4.96 4.90 4.72 4.55 4.73 5.11 5.53 5.84 6.10 6.20 6.05 5.68 5.18 4.66 4.12 3.75 3.82 4.05 4.19 4.17 4.06 3.87 3.55 3.17 2.86 2.60 2.45 2.45 2.57 2.72 2.78 2.72 2.76 2.90 3.06 3.18 3.38 3.68 4.16 4.90 5.84 6.19 6.11 5.58 4.80 3.84 3.07 2.80 2.98 3.39 3.72 3.85 4.02 4.38 4.96 5.59 5.98 6.22 6.38 6.53 6.69 6.79 6.80 6.81 6.80 6.88 6.93 6.49 5.41 4.26 3.53 3.28 3.24 3.39 3.75 4.16 4.49 4.57 4.54
6.06 5.99 5.59 4.98 4.08 3.40 2.94 2.67 2.69 2.90 3.25 3.60 4.04 4.60 5.23 5.61 5.60 5.22 4.64 4.02 3.69 3.79 3.97 3.93 3.69 3.37 3.08 2.91 2.82 2.72 2.68 2.84 3.16 3.42 3.44 3.34 3.28 3.34 3.48 3.57 3.59 3.65 3.85 4.37 5.14 6.04 6.34 6.15 5.55 4.75 4.08 3.74 3.71 4.04 4.39 4.52 4.44 4.49 4.90 5.63 6.33 6.89 7.22 7.38 7.51 7.70 7.79 7.75 7.69 7.60 7.41 6.87 5.73 4.59 4.04 4.01 4.14 4.14 4.22 4.55 5.03 5.33 5.40 5.58
5.67 5.25 4.69 4.21 3.32 2.63 2.31 2.29 2.46 2.79 3.10 3.30 3.54 4.01 4.55 4.96 5.17 5.11 4.76 4.38 4.20 4.16 4.08 3.90 3.68 3.48 3.39 3.47 3.57 3.58 3.50 3.49 3.70 4.10 4.37 4.50 4.52 4.48 4.47 4.58 4.79 5.09 5.43 5.97 6.55 6.79 6.54 6.11 5.55 4.98 4.57 4.46 4.62 4.94 5.21 5.30 5.19 5.35 5.92 6.71 7.47 7.99 8.27 8.36 8.34 8.34 8.40 8.46 8.51 8.30 7.78 6.91 5.64 5.08 5.20 5.44 5.44 5.25 5.19 5.44 5.80 6.08 6.35 6.71
5.51 5.07 4.36 3.73 3.25 3.01 3.14 3.47 3.89 4.36 4.69 4.84 4.97 5.01 4.95 4.76 4.78 4.93 4.94 4.85 4.70 4.46 4.18 4.01 3.95 3.98 4.08 4.20 4.34 4.45 4.44 4.27 4.28 4.61 5.04 5.40 5.58 5.57 5.50 5.64 6.08 6.52 6.92 7.21 7.22 6.77 6.12 5.69 5.47 5.30 5.08 5.04 5.26 5.63 5.88 5.93 6.02 6.33 7.06 7.84 8.37 8.55 8.53 8.46 8.36 8.24 8.18 8.21 8.37 8.33 8.06 7.73 7.11 6.95 7.27 7.49 7.41 7.11 6.97 6.95 6.98 7.08 7.33 7.50
5.61 5.30 4.59 3.96 3.81 4.25 4.94 5.57 6.13 6.54 6.80 6.88 6.76 6.32 5.67 5.06 4.80 4.88 5.00 5.02 4.89 4.65 4.40 4.30 4.35 4.47 4.57 4.69 4.87 5.13 5.34 5.42 5.45 5.54 5.79 6.18 6.56 6.71 6.79 6.97 7.26 7.50 7.53 7.24 6.55 5.57 4.79 4.68 5.04 5.31 5.53 5.69 6.00 6.31 6.41 6.33 6.52 7.10 7.83 8.28 8.32 8.05 7.70 7.51 7.52 7.57 7.62 7.57 7.54 7.70 8.13 8.55 8.99 9.20 9.40 9.67 9.80 9.72 9.53 9.17 8.75 8.33 8.05 7.71
5.37 4.91 4.27 4.04 4.56 5.54 6.56 7.34 7.85 8.01 7.97 7.78 7.45 6.87 6.24 5.67 5.27 5.09 5.09 5.08 5.01 4.93 4.86 4.87 4.88 4.92 5.02 5.19 5.39 5.68 6.12 6.58 6.96 7.20 7.33 7.50 7.63 7.66 7.80 7.96 7.92 7.62 7.05 6.21 5.17 4.19 3.73 3.91 4.71 5.42 6.01 6.44 6.74 6.80 6.68 6.57 6.92 7.57 7.89 7.85 7.37 6.78 6.31 6.10 6.22 6.53 6.80 6.85 6.73 6.84 7.51 8.38 9.17 9.63 9.94 10.38 10.68 10.73 10.54 10.23 9.74 9.17 8.42 7.58
4.71 4.29 3.97 4.40 5.57 6.85 7.70 8.14 8.27 8.09 7.76 7.43 7.13 6.79 6.50 6.15 5.74 5.39 5.26 5.25 5.28 5.38 5.56 5.70 5.73 5.70 5.81 5.99 6.17 6.46 7.00 7.67 8.22 8.57 8.67 8.49 8.20 8.01 7.97 7.84 7.40 6.62 5.64 4.65 3.93 3.61 3.67 4.22 5.15 6.00 6.78 7.33 7.50 7.32 7.05 7.05 7.38 7.54 7.40 6.82 6.05 5.35 4.82 4.51 4.63 4.81 5.05 5.28 5.43 5.67 6.12 6.82 7.62 8.18 8.59 9.00 9.29 9.38 9.42 9.38 9.28 8.93 8.41 7.58
5.10 4.91 5.08 5.99 7.14 7.91 8.11 7.96 7.64 7.14 6.76 6.52 6.32 6.25 6.22 6.09 5.82 5.54 5.46 5.58 5.84 6.22 6.59 6.82 6.94 6.97 7.05 7.19 7.39 7.71 8.19 8.60 8.77 8.71 8.44 8.02 7.68 7.39 7.08 6.53 5.77 4.93 4.08 3.50 3.44 3.79 4.42 5.30 6.05 6.82 7.43 7.69 7.74 7.73 7.55 7.48 7.43 7.12 6.49 5.55 4.67 3.95 3.27 2.97 2.99 2.94 2.90 3.14 3.65 4.08 4.70 5.13 5.46 5.68 5.87 6.18 6.22 6.39 6.68 6.94 7.55 8.07 8.22 8.02
6.00 6.40 7.22 7.83 8.19 8.20 7.73 7.13 6.53 6.14 5.93 5.76 5.61 5.56 5.59 5.64 5.62 5.57 5.69 5.97 6.45 6.96 7.36 7.66 7.81 7.95 8.11 8.30 8.53 8.79 8.92 8.73 8.22 7.55 6.85 6.38 6.34 6.09 5.49 4.69 3.92 3.46 3.24 3.38 3.86 4.47 5.27 6.06 6.77 7.32 7.48 7.47 7.43 7.53 7.59 7.45 7.05 6.38 5.44 4.47 3.60 2.78 2.25 2.15 2.21 2.18 2.20 2.43 2.86 3.37 3.85 4.20 4.26 4.13 3.96 4.02 4.23 4.67 5.08 5.45 6.03 6.85 7.60 7.88
6.52 7.15 8.00 8.22 8.09 7.65 6.93 6.31 5.75 5.53 5.46 5.30 5.16 5.08 5.07 5.22 5.41 5.60 5.81 6.00 6.25 6.53 6.87 7.32 7.67 8.00 8.33 8.60 8.76 8.72 8.36 7.59 6.54 5.68 5.14 4.98 4.88 4.42 3.71 3.23 2.97 2.98 3.30 3.97 4.61 5.23 5.95 6.58 7.09 7.21 6.95 6.65 6.58 6.74 6.92 6.87 6.49 5.82 4.91 4.07 3.29 2.58 2.25 2.26 2.37 2.44 2.67 3.07 3.42 3.55 3.67 3.78 3.73 3.45 3.17 3.18 3.62 4.21 4.51 4.71 5.14 5.68 6.41 6.96
6.80 7.13 7.53 7.56 7.26 6.67 6.09 5.67 5.36 5.21 5.09 4.91 4.80 4.75 4.81 5.01 5.31 5.57 5.68 5.60 5.48 5.45 5.67 6.15 6.85 7.43 7.86 8.04 7.91 7.44 6.64 5.59 4.55 3.96 3.74 3.67 3.32 2.87 2.65 2.75 3.04 3.51 4.16 4.78 5.42 6.10 6.62 7.01 7.08 6.78 6.35 6.10 6.03 6.06 6.14 6.20 6.10 5.75 5.06 4.28 3.66 3.31 3.30 3.46 3.57 3.65 3.94 4.13 3.99 3.76 3.61 3.59 3.47 3.18 2.94 3.07 3.51 3.78 3.78 3.94 4.29 4.60 5.17 5.97
7.07 6.78 6.59 6.64 6.44 6.04 5.61 5.21 5.01 4.88 4.72 4.58 4.48 4.50 4.72 5.01 5.34 5.54 5.57 5.48 5.41 5.46 5.76 6.25 6.85 7.23 7.26 6.98 6.44 5.69 4.77 3.96 3.27 2.89 2.75 2.66 2.53 2.52 2.72 3.12 3.73 4.45 5.02 5.63 6.31 6.90 7.23 7.24 6.87 6.34 5.89 5.65 5.55 5.59 5.75 5.88 5.99 5.93 5.58 5.00 4.59 4.53 4.69 4.86 4.95 5.07 5.12 4.78 4.21 3.95 3.90 3.65 3.33 3.14 3.08 3.23 3.44 3.40 3.27 3.46 3.72 3.92 4.34 5.21
7.19 6.69 6.09 6.02 6.02 5.97 5.82 5.44 5.15 5.00 4.82 4.71 4.66 4.72 4.93 5.27 5.51 5.73 5.90 6.03 6.25 6.63 7.07 7.38 7.40 7.06 6.44 5.69 4.92 4.20 3.53 3.08 2.88 2.85 2.83 2.83 2.98 3.28 3.58 3.90 4.41 4.99 5.64 6.39 7.05 7.50 7.52 7.19 6.60 5.95 5.39 5.06 5.05 5.27 5.58 5.84 5.97 6.10 6.16 6.08 6.03 6.16 6.36 6.48 6.47 6.32 5.97 5.48 5.08 4.93 4.60 4.04 3.51 3.40 3.44 3.42 3.41 3.38 3.42 3.55 3.66 3.74 4.01 4.57
7.23 6.70 5.98 5.80 5.82 5.99 6.18 6.11 5.88 5.75 5.64 5.48 5.48 5.54 5.61 5.64 5.77 6.01 6.35 6.71 7.11 7.47 7.59 7.40 6.88 6.08 5.21 4.36 3.63 3.17 2.99 2.99 3.18 3.50 3.71 3.81 3.93 4.17 4.48 4.70 4.95 5.38 6.13 6.91 7.49 7.71 7.47 6.93 6.33 5.70 5.09 4.79 4.90 5.21 5.50 5.65 5.76 6.13 6.53 6.91 7.38 7.87 8.28 8.49 8.28 7.85 7.23 6.73 6.55 6.21 5.39 4.49 4.09 4.15 4.08 3.76 3.65 3.80 3.92 3.92 3.87 3.82 3.92 4.13
7.04 6.47 5.76 5.55 5.55 5.83 6.16 6.37 6.33 6.24 6.18 6.03 6.03 6.12 6.15 6.03 5.91 6.01 6.38 6.81 7.08 7.05 6.63 5.92 5.17 4.47 3.83 3.25 2.88 2.83 3.06 3.57 4.04 4.31 4.55 4.75 4.87 4.99 5.23 5.36 5.52 5.90 6.64 7.25 7.60 7.50 7.03 6.51 6.13 5.81 5.42 5.13 5.14 5.31 5.30 5.31 5.62 6.20 6.74 7.38 8.08 8.66 9.06 9.26 9.36 9.16 8.74 8.32 7.81 7.11 6.24 5.48 5.26 5.19 4.88 4.54 4.56 4.75 4.73 4.46 4.14 3.95 3.87 3.84
6.80 6.43 5.86 5.57 5.49 5.58 5.88 6.22 6.35 6.23 5.97 5.72 5.68 5.77 5.87 5.90 5.75 5.80 6.06 6.24 6.10 5.57 4.81 4.04 3.43 2.95 2.60 2.48 2.63 3.03 3.76 4.49 4.90 5.12 5.28 5.45 5.66 5.79 5.83 5.92 6.15 6.56 7.01 7.33 7.24 6.78 6.22 5.95 6.03 6.14 6.10 5.95 5.70 5.61 5.47 5.51 5.90 6.47 6.91 7.51 8.00 8.42 8.63 8.72 8.99 9.20 9.22 9.23 8.90 8.36 7.95 7.59 7.19 6.54 5.89 5.71 5.90 6.01 5.65 5.03 4.39 3.95 3.67 3.63
6.96 6.78 6.29 5.91 5.76 5.65 5.73 6.02 6.27 6.27 5.97 5.61 5.42 5.32 5.33 5.54 5.44 5.59 5.68 5.36 4.64 3.77 3.02 2.46 2.01 1.72 1.64 1.88 2.48 3.45 4.41 4.98 5.36 5.61 5.80 5.97 6.09 6.11 6.10 6.20 6.54 6.89 7.17 7.10 6.63 5.89 5.54 5.54 5.80 6.26 6.45 6.45 6.35 6.16 6.02 6.00 6.12 6.45 6.83 7.27 7.40 7.26 6.93 6.92 7.35 8.01 8.59 9.10 9.49 9.58 9.64 9.47 8.95 8.25 7.52 7.27 7.15 6.77 6.02 5.01 4.24 3.81 3.58 3.47
7.13 6.75 6.22 5.97 5.91 5.85 5.74 5.85 6.17 6.45 6.48 6.20 5.89 5.58 5.36 5.25 5.31 5.38 5.09 4.31 3.32 2.55 2.04 1.72 1.49 1.40 1.51 1.83 2.44 3.28 4.05 4.50 4.87 5.22 5.54 5.79 5.82 5.85 5.92 6.15 6.53 6.91 7.08 6.84 6.36 5.76 5.43 5.41 5.57 5.88 6.28 6.47 6.60 6.51 6.32 6.07 5.94 5.99 6.32 6.56 6.49 6.08 5.68 5.61 5.88 6.48 7.29 8.09 8.81 9.32 9.69 9.83 9.59 9.27 8.97 8.52 7.75 6.69 5.57 4.66 4.15 3.88 3.62 3.34
6.75 6.08 5.35 5.37 5.55 5.65 5.54 5.49 5.79 6.24 6.54 6.47 6.18 5.85 5.59 5.36 5.24 4.98 4.37 3.55 2.94 2.57 2.15 2.12 2.02 2.11 2.36 2.58 2.79 3.03 3.23 3.46 3.74 4.06 4.42 4.73 4.97 5.22 5.55 5.99 6.33 6.62 6.62 6.29 5.92 5.54 5.20 5.16 5.26 5.42 5.72 6.15 6.35 6.36 6.15 5.73 5.50 5.42 5.68 5.81 5.58 5.10 4.85 5.01 5.40 5.76 6.13 6.57 7.10 7.59 8.01 8.39 8.71 8.91 8.96 8.73 7.77 6.38 5.40 4.91 4.58 4.08 3.57 3.38
5.86 5.35 4.84 4.89 4.97 4.92 4.77 4.77 4.99 5.46 5.92 6.13 6.04 5.78 5.58 5.34 5.05 4.61 4.08 3.98 3.42 3.43 3.36 3.30 3.28 3.41 3.55 3.65 3.62 3.50 3.44 3.38 3.36 3.40 3.56 3.90 4.41 4.83 5.29 5.76 6.02 6.05 5.69 5.00 4.34 4.09 4.16 4.37 4.61 4.98 5.30 5.60 5.83 5.83 5.62 5.30 5.10 5.14 5.27 5.31 5.02 4.56 4.55 4.81 5.20 5.40 5.38 5.38 5.51 5.79 5.89 6.23 6.84 7.46 7.91 8.16 7.87 7.02 6.14 5.60 4.90 4.17 3.76 3.82
5.47 5.42 5.38 5.29 4.93 4.55 4.36 4.29 4.31 4.61 5.14 5.63 5.83 5.74 5.53 5.24 4.91 4.56 4.64 4.25 4.48 4.60 4.69 4.71 4.71 4.73 4.77 4.71 4.60 4.49 4.36 4.15 3.88 3.66 3.66 3.93 4.36 4.73 5.16 5.56 5.69 5.44 4.70 3.64 3.09 3.13 3.51 3.98 4.46 4.83 5.10 5.22 5.27 5.31 5.19 5.11 5.08 5.18 5.20 5.19 5.01 4.80 4.84 4.89 4.95 4.76 4.51 4.50 4.66 4.83 4.96 5.14 5.51 6.05 6.46 7.14 7.75 7.78 7.21 6.23 5.16 4.63 4.68 4.95
5.97 6.23 6.48 6.27 5.79 5.11 4.65 4.37 4.12 4.04 4.32 4.89 5.41 5.63 5.48 5.13 4.86 4.75 4.85 5.09 5.44 5.74 6.00 6.15 6.18 6.06 5.84 5.60 5.32 5.06 4.85 4.67 4.51 4.37 4.25 4.31 4.61 4.95 5.36 5.66 5.59 5.08 4.26 3.52 3.42 3.80 4.35 4.89 5.19 5.26 5.17 5.05 4.96 5.07 5.14 5.18 5.17 5.27 5.27 5.36 5.37 5.29 5.09 4.72 4.40 4.08 3.84 3.91 4.22 4.46 4.66 4.91 5.03 5.23 5.58 6.23 7.14 7.81 7.92 7.45 6.61 6.32 6.46 6.58
6.46 6.77 6.99 6.72 6.27 5.69 5.13 4.63 4.17 3.77 3.65 3.95 4.58 5.12 5.29 5.05 4.84 4.94 5.23 5.79 6.24 6.67 7.03 7.28 7.29 7.14 6.87 6.50 6.03 5.51 5.05 4.81 4.80 4.99 5.18 5.24 5.34 5.60 5.98 6.17 6.04 5.56 4.92 4.66 4.97 5.52 6.03 6.26 6.17 5.69 5.31 5.03 4.93 5.01 5.16 5.21 5.19 5.31 5.42 5.68 5.73 5.55 5.14 4.53 3.99 3.65 3.58 3.72 3.98 4.16 4.37 4.64 4.79 4.82 5.15 5.65 6.32 7.22 8.03 8.63 8.80 8.60 8.26 7.95
6.66 6.77 6.65 6.28 5.86 5.40 5.04 4.63 4.11 3.60 3.33 3.36 3.73 4.37 4.83 4.87 4.77 4.92 5.38 5.93 6.38 6.76 7.06 7.29 7.36 7.34 7.25 7.06 6.71 6.20 5.59 5.12 5.03 5.29 5.60 5.86 6.11 6.38 6.63 6.89 7.01 6.86 6.73 6.56 6.69 6.99 7.10 6.77 6.26 5.73 5.30 5.10 4.91 4.96 5.13 5.20 5.21 5.43 5.63 5.88 5.87 5.66 5.30 4.77 4.20 3.83 3.71 3.76 3.86 3.93 4.04 4.23 4.45 4.61 4.89 5.26 5.74 6.43 7.50 8.58 9.34 9.38 8.92 8.30
