project/data/elevation/US_DEM2016/US_DEM2016_point_10-28-2019_0543_30m_vel.asc
ncols	125
nrows	167
xllcorner	-2042055.000000
yllcorner	1465035.000000
cellsize	30.000000
NODATA_value	-9999.000000
[rows 70 to 104 of 167, columns 0 to 78 of 125]
10.26 10.24 10.22 10.36 10.38 10.27 10.03 9.56 8.68 7.61 6.97 7.37 9.00 11.17 13.07 14.27 14.73 14.27 12.87 11.39 10.96 11.21 11.63 12.30 12.61 12.26 11.50 10.51 9.49 8.79 8.54 8.80 9.52 10.08 10.28 10.26 10.21 10.33 10.69 10.95 10.92 10.95 11.22 11.50 11.22 10.22 9.17 8.03 7.38 7.25 7.58 8.31 9.04 9.28 9.17 8.20 7.19 6.66 6.48 6.37 6.21 5.96 5.91 6.25 6.88 7.92 9.17 9.37 8.27 6.91 6.25 5.93 5.67 5.73 6.18 6.62 6.99 7.35 7.63
10.33 10.28 10.28 10.43 10.56 10.56 10.46 10.38 10.00 9.01 7.65 6.78 7.07 8.47 10.51 12.36 13.71 14.50 14.18 13.18 12.59 12.56 12.68 12.87 12.93 12.76 12.20 11.16 9.93 8.97 8.28 8.10 8.38 8.94 9.53 9.96 10.15 10.19 10.34 10.60 10.58 10.62 10.88 11.24 11.13 10.06 8.98 8.43 8.68 9.37 10.00 10.30 10.30 9.94 9.52 8.67 8.34 8.18 7.93 7.57 7.22 6.83 6.57 6.76 7.78 9.21 10.76 11.43 11.00 10.02 9.16 8.48 7.69 7.24 7.22 7.43 7.84 8.35 8.78
10.39 10.28 10.33 10.54 10.78 10.85 10.91 11.20 11.59 11.56 10.70 9.35 8.39 8.38 9.33 11.01 12.60 14.12 14.76 14.59 14.30 14.09 13.84 13.53 13.22 13.16 13.08 12.61 11.63 10.94 10.41 9.95 9.44 9.25 9.43 9.77 9.97 10.01 10.00 9.89 9.85 9.99 10.38 10.86 11.06 10.76 10.62 11.08 11.67 12.05 12.10 11.73 11.10 10.43 10.13 10.21 10.45 10.70 10.72 10.52 10.29 10.19 10.21 10.53 11.09 11.71 12.38 12.88 12.64 11.72 10.64 9.63 8.66 8.19 8.20 8.50 8.89 9.46 10.25
10.38 10.25 10.31 10.62 10.98 11.12 11.27 11.69 12.47 13.22 13.39 12.93 12.01 10.99 10.61 11.15 12.31 13.92 15.16 15.59 15.63 15.16 14.30 13.60 13.12 13.16 13.53 13.73 13.37 12.72 12.13 11.70 11.17 10.75 10.42 10.25 10.18 9.99 9.68 9.46 9.57 10.08 10.64 11.25 11.61 11.75 12.05 12.46 12.55 12.23 11.92 11.64 11.27 10.77 10.58 10.75 10.98 11.43 11.96 12.38 12.61 12.79 12.82 12.73 12.43 12.06 11.93 12.48 12.50 11.61 10.41 9.46 8.87 8.62 8.81 9.38 10.12 11.08 12.44
10.43 10.37 10.46 10.79 11.14 11.28 11.30 11.66 12.68 13.91 14.79 15.11 14.88 14.18 13.25 12.71 13.08 14.14 15.14 15.72 15.85 15.27 14.19 13.28 12.72 12.63 13.10 13.76 13.88 13.36 12.59 11.98 11.42 11.02 10.60 10.27 10.10 9.81 9.59 9.71 10.14 10.55 10.96 11.51 11.77 11.46 11.04 10.79 10.27 9.75 9.56 9.91 10.40 10.49 10.24 10.16 10.32 10.71 11.32 11.97 12.50 12.80 12.58 12.00 11.13 10.26 9.98 11.03 11.89 11.50 10.34 9.62 9.33 9.22 9.55 10.32 11.41 12.71 14.23
10.54 10.57 10.78 11.11 11.41 11.57 11.65 12.11 13.22 14.08 14.52 14.74 14.90 14.89 14.55 14.28 14.36 14.58 14.63 14.69 14.76 14.40 13.68 13.05 12.52 11.99 11.90 12.62 13.33 13.33 12.71 11.83 10.67 9.90 9.60 9.61 9.69 9.63 9.54 9.55 9.62 9.88 10.36 10.99 11.31 10.75 9.60 8.62 8.30 8.10 8.00 8.34 9.01 9.46 9.58 9.71 9.92 10.06 10.31 10.72 11.16 11.35 11.00 10.12 9.26 8.69 8.67 9.89 11.53 11.94 11.10 10.35 10.14 10.27 10.88 11.90 13.19 14.50 15.26
10.67 10.85 11.23 11.54 11.84 12.27 12.82 13.27 13.30 12.87 12.39 12.30 12.77 13.55 14.04 14.38 14.48 14.21 13.67 13.33 13.30 13.21 13.06 12.94 12.69 12.05 11.29 11.50 12.43 13.09 13.03 12.37 11.16 10.16 9.85 9.87 9.83 9.55 9.14 8.83 8.76 9.11 9.82 10.50 11.00 10.79 10.01 9.15 8.68 8.61 8.56 8.45 8.41 8.65 9.12 9.56 9.85 9.89 9.98 10.15 10.18 9.90 9.44 9.11 8.93 8.82 9.09 9.96 11.47 12.46 12.39 12.10 12.41 13.11 13.96 15.03 16.07 16.55 16.13
10.66 10.92 11.43 11.68 11.97 12.57 12.89 12.65 11.77 10.60 9.99 10.32 11.22 12.31 13.12 13.59 13.61 13.21 12.64 12.23 12.13 12.26 12.46 12.68 12.72 12.27 11.34 11.01 11.57 12.62 13.33 13.38 12.71 12.04 11.53 11.06 10.48 9.75 9.18 8.99 9.13 9.38 9.69 10.09 10.59 10.49 9.88 9.14 8.53 8.24 8.13 8.05 7.95 8.26 8.92 9.55 10.00 10.21 10.32 10.28 9.90 9.34 9.14 9.48 10.00 10.40 10.69 11.27 12.45 13.87 14.50 14.89 15.65 16.62 17.37 17.82 17.80 17.26 16.31
10.39 10.45 10.90 11.15 11.24 11.42 11.30 10.79 10.39 9.89 9.96 10.50 11.41 12.42 13.02 13.25 13.07 12.64 12.17 11.76 11.55 11.60 11.84 12.14 12.28 12.00 11.15 10.54 10.67 11.56 12.74 13.51 13.55 13.08 12.46 11.75 10.92 10.05 9.57 9.35 9.17 8.93 8.88 9.31 9.85 9.61 8.46 7.37 6.86 6.66 6.74 7.07 7.65 8.38 9.13 9.72 10.21 10.41 10.30 9.96 9.58 9.34 9.47 10.22 11.26 11.90 12.53 13.47 14.81 15.74 16.34 16.67 17.21 17.89 18.04 17.76 16.90 15.58 14.98
10.06 9.83 10.13 10.47 10.36 10.20 10.23 10.46 10.82 11.18 11.53 12.04 12.79 13.40 13.54 13.28 12.83 12.34 11.92 11.55 11.25 11.17 11.26 11.54 11.77 11.54 10.59 9.62 9.25 9.73 10.64 11.93 12.66 12.63 12.16 11.57 10.90 10.11 9.50 8.93 8.41 8.01 8.07 8.89 9.64 9.38 7.96 6.77 6.57 6.89 7.45 8.22 9.03 9.55 9.81 9.85 9.76 9.47 8.90 8.40 8.50 8.92 9.49 10.56 11.83 13.01 14.31 15.41 15.96 16.27 16.25 16.11 16.21 16.16 15.91 15.40 14.39 13.30 12.92
9.82 9.57 9.87 10.50 10.62 10.51 10.70 11.26 11.96 12.38 12.81 13.36 13.92 13.95 13.58 12.89 12.15 11.61 11.25 10.95 10.75 10.71 10.76 11.00 11.37 11.31 10.24 8.51 7.28 7.31 7.79 8.90 10.28 11.18 11.33 11.10 10.84 10.39 9.93 9.44 9.11 8.97 9.22 10.07 10.79 10.65 9.44 8.31 8.14 8.68 9.41 10.00 10.30 10.34 10.00 9.68 9.27 8.86 8.48 8.30 8.61 9.18 9.92 11.10 12.40 13.75 14.82 15.20 15.10 14.81 14.42 14.03 13.58 12.92 12.67 12.82 12.79 12.36 11.77
9.77 9.67 10.05 10.87 11.29 11.37 11.48 11.87 12.44 12.95 13.47 13.85 13.87 13.41 12.70 11.93 11.18 10.45 10.03 9.81 9.76 9.92 10.24 10.56 11.08 11.33 10.47 7.96 5.97 5.37 5.31 5.76 7.05 8.87 10.03 10.59 10.72 11.02 11.08 11.12 11.25 11.43 11.78 12.19 12.65 12.62 11.76 10.68 10.27 10.19 10.13 10.00 9.89 9.79 9.77 9.78 9.96 10.35 10.74 10.88 10.98 11.17 11.55 12.30 13.06 13.65 13.65 13.14 12.91 12.95 12.79 12.49 12.02 11.23 11.10 11.51 12.05 12.28 11.90
10.17 10.14 10.31 10.66 11.03 11.38 11.71 12.13 12.63 13.12 13.48 13.45 12.93 12.15 11.43 10.93 10.47 9.84 9.23 8.94 8.93 9.06 9.31 9.88 10.63 11.37 11.16 9.18 6.35 5.14 4.68 4.68 5.29 6.57 8.39 9.76 10.36 11.01 11.46 11.94 12.44 12.85 13.08 13.18 13.50 13.71 13.26 12.29 11.43 10.64 9.98 9.72 9.85 10.09 10.16 10.25 10.70 11.30 11.93 12.40 12.65 12.81 12.98 13.05 13.06 12.77 12.17 11.81 11.88 12.15 12.17 11.91 11.35 10.64 10.46 10.77 11.39 11.94 12.06
10.58 10.65 10.64 10.48 10.61 11.07 11.62 12.19 12.66 12.90 12.88 12.47 11.80 11.15 10.65 10.31 10.07 9.72 9.16 8.66 8.39 8.34 8.44 8.94 9.92 11.08 11.67 10.92 8.85 7.44 6.84 6.61 6.33 6.55 7.65 9.06 9.76 10.43 11.07 11.73 12.24 12.48 12.54 12.54 12.92 13.49 13.50 12.81 11.89 11.16 10.91 10.97 11.00 10.91 10.62 10.57 10.86 10.98 11.47 12.21 12.84 13.16 13.23 12.88 12.27 11.68 11.50 11.74 12.02 12.10 11.99 11.57 10.65 9.59 8.93 9.19 9.93 10.63 11.15
10.56 10.70 10.84 10.83 10.92 11.23 11.69 12.19 12.45 12.36 11.98 11.41 10.85 10.45 10.13 9.82 9.62 9.49 9.13 8.49 8.02 7.88 7.97 8.44 9.47 10.81 11.94 12.33 12.10 11.60 10.96 10.03 9.06 8.40 8.36 9.05 9.95 10.76 11.37 11.61 11.52 11.37 11.43 11.77 12.27 13.01 13.42 13.29 13.04 12.86 12.49 12.08 11.59 11.14 10.74 10.70 10.82 11.06 11.63 12.18 12.69 12.90 12.77 12.23 11.44 10.99 11.09 11.56 11.79 11.81 11.75 11.40 10.13 8.25 6.85 6.63 7.29 8.20 9.07
10.41 10.56 10.89 11.22 11.49 11.72 11.90 12.00 11.95 11.65 11.16 10.61 10.18 9.89 9.67 9.39 9.13 8.95 8.59 8.04 7.78 7.94 8.33 8.99 10.00 11.07 12.12 12.95 13.57 13.83 13.65 12.84 11.57 10.41 9.91 10.10 10.93 11.73 11.68 11.20 10.70 10.64 11.05 11.58 12.01 12.69 13.38 13.75 14.05 14.18 13.71 12.82 12.03 11.45 10.92 10.85 11.10 11.41 11.69 11.80 11.88 11.89 11.78 11.50 10.92 10.52 10.42 10.65 10.76 10.98 11.46 11.76 10.94 8.78 6.65 5.70 5.32 5.47 6.08
10.47 10.69 11.11 11.51 11.79 11.84 11.66 11.37 11.18 10.94 10.58 10.17 9.79 9.50 9.26 9.00 8.72 8.46 8.26 7.81 7.80 8.27 8.97 9.75 10.60 11.36 12.05 12.65 13.12 13.44 13.68 13.74 13.15 11.96 11.08 10.91 11.22 11.33 10.82 10.29 10.08 10.20 10.45 10.78 11.13 11.75 12.51 13.04 13.50 13.85 13.88 13.48 12.92 12.23 11.40 11.02 11.40 10.84 10.87 10.68 10.56 10.56 10.71 10.80 10.62 10.19 9.78 9.67 9.77 10.20 11.05 12.15 12.48 11.63 9.59 7.65 6.15 5.19 4.68
10.59 10.82 11.13 11.29 11.24 11.03 10.79 10.67 10.64 10.56 10.27 9.95 9.59 9.21 8.79 8.53 8.58 8.69 8.76 8.64 8.51 8.60 9.03 9.72 10.47 11.07 11.54 11.92 11.99 11.77 12.09 12.97 13.57 13.27 12.35 11.42 11.41 9.95 9.63 9.75 9.72 9.55 9.37 9.48 9.98 10.48 10.96 11.18 11.39 11.71 11.97 12.24 12.36 12.24 11.75 11.14 10.66 10.21 10.01 10.02 10.05 10.22 10.47 10.60 10.55 10.13 9.67 9.47 9.47 9.90 10.72 11.91 13.05 13.72 13.52 12.07 10.39 8.80 7.52
10.58 10.75 10.83 10.68 10.40 10.23 10.37 10.73 10.86 10.59 10.11 9.69 9.32 8.90 8.53 9.60 9.08 9.84 10.13 10.08 9.73 9.34 9.27 9.57 9.96 10.28 10.62 11.05 11.26 10.96 10.90 11.60 12.78 13.44 13.20 12.06 10.56 9.60 9.34 9.62 9.56 9.34 9.25 9.42 9.69 9.77 9.72 9.26 8.72 8.37 8.57 8.92 9.44 10.08 10.34 10.39 10.30 10.19 10.21 10.37 10.54 10.65 10.63 10.52 10.43 10.13 9.75 9.60 9.56 9.93 10.55 11.25 12.39 13.76 14.80 15.03 14.54 13.63 12.55
10.52 10.64 10.68 10.56 10.43 10.58 10.94 11.15 10.98 10.45 9.73 9.04 8.58 8.32 8.29 8.58 9.24 9.94 10.40 10.63 10.55 10.22 9.85 9.58 9.37 9.24 9.38 9.90 10.52 10.83 10.73 10.72 11.22 12.26 12.79 12.36 11.10 10.22 9.76 9.85 9.93 10.06 10.13 10.15 10.07 9.86 9.47 8.50 7.20 6.53 6.41 6.55 6.92 7.73 8.71 9.54 10.05 10.35 10.54 10.76 10.85 10.66 10.37 10.12 10.03 9.86 9.57 9.52 9.55 9.80 10.17 10.52 11.12 12.07 13.20 14.37 15.06 15.24 15.13
10.49 10.57 10.70 10.82 10.97 11.22 11.33 11.06 10.45 9.67 8.85 7.95 7.38 7.25 8.70 7.24 7.46 8.00 8.89 9.63 10.16 10.29 9.96 9.34 8.75 8.44 8.46 8.80 9.20 9.55 9.73 9.61 9.70 10.58 11.74 12.18 11.54 10.84 10.41 10.49 10.63 10.79 10.86 10.95 10.96 10.87 10.58 9.81 8.65 7.73 7.40 7.65 8.36 9.17 9.85 10.21 10.38 10.47 10.48 10.45 10.32 10.02 9.82 9.71 9.59 9.37 9.04 9.06 9.16 9.29 9.52 9.81 9.82 9.69 10.09 11.02 12.35 13.35 14.18
10.48 10.54 10.69 10.93 11.19 11.30 11.02 10.34 9.46 8.55 7.80 7.22 6.94 6.80 6.42 5.90 5.71 6.05 6.74 7.64 8.44 9.06 9.18 9.00 8.83 8.77 8.60 8.31 7.93 7.62 7.70 7.88 8.15 8.96 10.39 11.49 11.53 11.00 10.66 10.82 10.94 11.09 11.32 11.80 12.11 12.33 12.33 12.04 11.64 11.19 10.63 10.73 11.26 11.65 11.64 11.10 10.60 10.31 10.00 9.65 9.40 9.28 9.24 9.30 9.21 8.85 8.43 8.46 8.54 8.62 8.91 9.23 8.97 8.12 7.70 8.08 9.11 10.13 11.05
10.48 10.55 10.72 10.99 11.12 10.86 10.17 9.27 8.42 7.78 7.42 7.31 7.34 7.36 7.12 6.56 6.02 5.82 5.97 6.41 6.98 7.62 8.26 8.85 9.35 9.67 9.62 9.12 8.48 8.01 7.82 7.91 8.11 8.47 9.26 10.41 11.00 10.89 10.76 10.96 11.13 11.42 11.84 12.47 12.86 13.27 13.53 13.49 13.39 13.46 13.38 13.01 12.46 11.81 11.18 10.75 10.41 10.04 9.50 8.93 8.53 8.44 8.58 8.81 8.94 8.74 8.42 8.32 8.23 8.22 8.56 9.08 8.97 7.92 6.84 6.44 6.98 7.74 8.15
10.49 10.54 10.66 10.77 10.51 9.81 8.88 8.10 7.62 7.43 7.47 7.59 7.79 8.09 8.34 8.33 7.93 7.46 7.33 7.54 7.92 8.43 9.00 9.51 9.85 10.20 10.64 10.92 10.99 10.87 10.63 10.43 10.28 10.01 9.56 9.83 10.49 10.91 11.22 11.49 11.71 12.05 12.44 12.80 12.87 13.19 13.61 13.78 13.74 13.83 13.87 13.60 12.78 11.51 10.66 10.57 10.49 10.09 9.41 8.75 8.29 8.15 8.43 8.88 9.25 9.30 9.12 8.87 8.48 8.32 8.50 9.19 9.36 8.40 6.74 5.32 5.04 5.46 5.62
10.48 10.47 10.34 9.96 9.17 8.12 7.23 6.86 6.90 7.11 7.40 7.80 8.21 8.67 9.29 9.95 10.31 10.36 10.44 10.66 10.90 11.09 11.12 10.91 10.59 10.48 10.88 11.48 11.99 12.12 11.94 11.59 11.15 10.63 9.90 9.85 10.40 11.14 11.79 12.14 12.33 12.47 12.51 12.46 12.26 12.44 12.98 13.43 13.61 13.62 13.39 13.27 13.20 12.91 12.24 11.53 10.96 10.42 9.94 9.59 9.39 9.27 9.38 9.64 9.84 9.74 9.45 9.18 8.85 8.80 9.03 9.64 9.91 8.97 6.89 4.79 3.81 3.66 3.77
10.44 10.41 10.09 9.31 8.19 7.17 6.58 6.47 6.76 7.17 7.66 8.36 9.11 9.79 10.51 11.40 12.12 12.70 13.08 13.18 12.98 12.58 12.04 11.57 11.19 10.86 10.60 10.36 10.30 10.35 10.10 9.78 9.54 9.38 9.46 9.97 10.68 11.41 12.03 12.28 12.29 12.12 11.77 11.41 11.35 11.51 12.03 12.58 12.97 13.20 13.08 12.96 13.03 13.13 12.91 12.11 11.26 10.66 10.30 10.18 10.23 10.34 10.29 10.33 10.35 10.06 9.46 9.17 9.20 9.60 9.92 10.41 10.88 10.21 7.89 5.73 4.44 3.88 3.68
10.46 10.40 10.03 9.38 8.71 8.24 8.00 7.93 8.03 8.26 8.63 9.30 10.20 11.08 11.89 12.57 13.17 13.55 13.58 13.26 12.65 11.96 11.41 11.24 11.41 11.44 10.95 10.04 9.36 9.13 9.00 8.86 8.95 9.05 9.42 10.15 10.92 11.46 11.79 11.86 11.71 11.37 10.91 10.51 10.42 10.60 10.88 11.23 11.50 11.52 11.59 11.71 11.75 11.72 11.60 11.37 10.92 10.45 10.10 9.90 10.00 10.32 10.46 10.58 10.74 10.66 10.14 9.70 9.69 9.99 10.21 10.75 11.89 12.09 10.29 8.08 6.44 5.46 5.06
10.38 10.28 9.91 9.79 9.70 9.74 9.79 9.91 10.13 10.21 10.20 10.53 11.29 12.21 12.97 13.32 13.35 13.04 12.42 11.63 10.93 10.49 10.33 10.49 11.00 11.67 11.82 11.61 11.36 11.32 11.33 11.19 10.81 10.35 10.15 10.45 10.87 11.18 11.27 11.18 10.85 10.48 10.18 9.99 9.92 10.03 10.19 10.22 9.89 9.22 8.84 9.00 9.39 9.60 9.76 10.02 10.18 10.11 9.98 9.91 10.03 10.30 10.33 10.30 10.40 10.58 10.44 10.06 9.69 9.57 9.67 10.34 12.16 13.43 12.94 10.95 9.00 7.54 7.28
10.21 10.03 9.80 10.04 10.18 10.60 11.03 11.45 11.92 12.22 12.24 12.25 12.61 13.13 13.35 13.18 12.64 11.86 11.05 10.45 10.13 9.96 9.87 10.03 10.46 11.36 12.15 12.86 13.25 13.42 13.43 13.18 12.56 11.67 10.94 10.74 10.79 10.81 10.73 10.46 10.04 9.73 9.69 9.83 10.01 10.27 10.45 10.38 9.70 8.62 7.72 7.29 7.12 7.49 8.28 9.16 9.88 10.17 10.18 10.17 10.30 10.43 10.19 9.93 9.83 9.96 9.93 9.57 9.02 8.82 8.91 9.68 11.76 13.87 14.70 14.10 12.54 10.98 10.68
10.18 10.03 9.92 10.14 10.70 11.50 12.30 12.87 13.27 13.56 13.67 13.59 13.42 13.16 12.72 12.07 11.38 10.72 10.22 10.00 10.26 10.52 10.61 10.63 10.76 11.09 11.48 11.95 12.36 12.63 12.78 12.87 12.72 12.17 11.30 10.79 10.60 10.32 9.96 9.70 9.64 9.88 10.13 10.39 10.64 10.95 11.12 11.28 11.16 10.66 9.83 8.83 7.81 7.85 8.60 9.49 10.17 10.57 10.72 10.74 10.68 10.63 10.38 10.19 10.12 10.07 9.82 9.34 8.88 8.81 9.01 9.68 11.24 13.23 14.91 15.68 15.55 14.75 14.17
10.32 10.22 10.08 10.26 10.87 11.71 12.45 12.96 13.25 13.44 13.53 13.41 13.01 12.31 11.48 10.75 10.22 9.87 9.60 9.54 10.10 10.71 11.06 11.10 10.99 10.83 10.49 10.16 10.06 10.27 10.67 11.29 11.86 11.97 11.35 10.68 10.20 9.68 9.31 9.42 10.04 10.77 11.08 11.18 11.23 11.34 11.47 11.76 12.06 12.37 12.37 11.92 11.00 10.17 9.97 10.08 10.34 10.74 11.16 11.33 11.28 11.23 11.05 10.97 10.92 10.86 10.62 10.25 10.02 9.81 9.75 9.96 10.65 11.80 13.44 15.06 15.88 15.91 15.71
10.36 10.26 10.02 10.02 10.30 10.74 11.05 11.33 11.59 11.85 12.02 11.98 11.63 11.03 10.35 9.76 9.41 9.37 9.41 9.50 9.87 10.27 10.63 10.71 10.45 9.98 9.37 8.81 8.32 8.17 8.56 9.29 10.17 10.72 10.79 10.48 10.04 9.70 9.79 10.39 11.09 11.41 11.47 11.46 11.44 11.43 11.47 11.47 11.64 12.02 12.50 12.81 12.62 11.75 10.61 10.04 10.15 10.59 11.07 11.45 11.69 11.87 11.83 11.77 11.73 11.68 11.53 11.23 10.88 10.36 10.03 9.98 10.13 10.72 11.91 13.24 14.10 14.53 14.79
10.35 10.27 10.11 9.99 9.87 9.60 9.46 9.45 9.66 10.02 10.30 10.32 10.05 9.54 8.98 8.71 8.98 9.61 10.35 10.82 10.83 10.76 10.75 10.69 10.36 9.54 8.44 7.64 7.04 6.66 6.69 7.08 7.68 8.47 9.13 9.55 9.90 10.28 10.78 11.18 11.32 11.28 11.18 11.19 11.25 11.31 11.33 11.08 10.71 10.51 10.68 11.23 11.75 11.56 10.56 9.91 9.96 10.37 10.84 11.36 11.87 12.23 12.29 12.30 12.27 12.15 11.86 11.29 10.55 9.76 9.49 9.55 9.74 10.23 11.04 11.75 12.14 12.24 12.53
10.62 10.74 10.88 10.64 10.06 9.42 8.92 8.69 8.77 9.01 9.11 8.94 8.53 7.98 7.50 7.62 8.65 10.14 11.29 11.85 11.98 11.86 11.63 11.43 11.29 10.91 9.75 8.31 7.28 6.67 6.26 6.22 6.54 7.08 7.79 8.68 9.61 10.28 10.48 10.41 10.32 10.37 10.46 10.59 10.79 11.03 11.20 10.88 10.04 9.26 8.90 8.95 9.45 10.09 10.01 9.71 9.71 10.04 10.51 11.06 11.62 12.07 12.21 12.30 12.36 12.32 12.03 11.36 10.36 9.42 9.05 9.09 9.32 9.69 10.22 11.00 11.32 11.10 10.67
10.94 11.24 11.49 11.20 10.56 9.83 9.25 8.94 8.73 8.35 7.83 7.32 6.92 6.66 6.41 6.33 7.18 8.83 10.21 11.23 11.80 12.05 12.04 11.97 12.13 12.46 12.30 11.21 10.03 9.40 9.02 8.62 8.58 8.69 8.95 9.39 9.84 9.99 9.78 9.57 9.48 9.55 9.87 10.13 10.47 10.87 11.23 11.13 10.34 9.39 8.64 7.86 7.47 7.77 8.23 8.72 9.24 9.72 10.17 10.64 11.12 11.43 11.63 11.78 12.03 12.32 12.44 12.08 11.18 10.02 9.23 8.97 8.97 9.23 9.89 10.81 11.41 11.25 10.18
