project/data/elevation/US_DEM2016/US_DEM2016_point_10-30-2019_1235_30m_vel.asc
ncols	125
nrows	167
xllcorner	-2042055.000000
yllcorner	1465035.000000
cellsize	30.000000
NODATA_value	-9999.000000
[rows 70 to 104 of 167, columns 0 to 78 of 125]
11.20 10.53 9.60 9.37 9.24 9.06 8.78 8.31 7.58 6.89 6.71 7.43 9.06 10.93 12.47 13.29 13.43 13.07 12.57 12.29 12.29 12.53 12.98 13.76 14.17 13.76 12.75 11.48 10.29 9.57 9.35 9.55 10.08 10.49 10.72 10.76 10.72 10.88 11.29 11.58 11.45 11.06 10.69 10.55 10.43 9.82 8.88 7.66 6.96 7.02 7.63 8.64 9.54 9.86 9.67 8.98 7.75 6.66 6.21 6.09 5.85 5.65 5.82 6.24 6.58 6.79 6.97 6.73 6.12 5.50 5.21 5.01 4.69 4.23 3.92 3.96 4.22 4.58 5.11
11.11 10.49 9.67 9.43 9.34 9.25 9.11 8.91 8.45 7.66 6.91 6.83 7.68 9.13 10.76 12.13 12.98 13.51 13.50 13.52 13.65 13.81 14.57 14.67 14.40 13.56 12.45 11.25 10.05 9.25 8.83 8.82 9.05 9.47 10.00 10.45 10.67 10.81 11.07 11.34 11.06 10.57 10.23 10.19 10.03 9.06 8.14 7.76 8.28 9.27 10.18 10.71 10.78 10.31 9.57 8.77 8.07 7.55 7.18 6.79 6.42 6.19 6.18 6.50 7.48 8.51 9.16 9.15 8.76 8.38 7.99 7.37 6.32 5.44 4.99 5.05 5.53 6.25 7.02
11.08 10.44 9.72 9.51 9.50 9.51 9.57 9.79 10.03 9.96 9.43 8.85 8.81 9.31 10.14 11.40 12.56 13.71 14.23 14.64 15.14 15.30 15.56 15.16 14.51 13.47 12.64 11.96 11.12 10.71 10.57 10.39 9.93 9.72 9.92 10.25 10.48 10.65 10.77 10.56 10.11 9.69 9.55 9.62 9.67 9.53 9.87 10.79 11.73 12.30 12.42 12.06 11.37 10.56 10.13 10.08 10.09 10.06 9.86 9.57 9.38 9.46 9.77 10.44 11.27 11.66 11.36 10.84 10.30 9.73 8.95 7.88 6.71 6.14 6.14 6.58 7.19 8.08 9.39
10.97 10.38 9.74 9.60 9.72 9.84 10.04 10.52 11.26 11.92 12.14 12.05 11.79 11.40 11.32 11.92 12.97 14.37 15.30 15.87 16.40 16.41 15.80 15.01 14.00 13.28 12.99 12.83 12.49 12.19 12.02 11.88 11.45 11.12 10.88 10.73 10.70 10.65 10.36 9.84 9.56 9.72 9.85 10.09 10.47 11.03 11.80 12.56 12.89 12.68 12.31 11.81 11.32 10.84 10.71 10.90 11.06 11.29 11.55 11.81 12.05 12.46 12.88 13.13 12.88 12.10 10.97 10.30 9.72 8.85 7.83 6.98 6.52 6.60 7.19 8.10 9.11 10.52 12.72
10.93 10.46 9.90 9.84 10.00 10.09 10.20 10.77 11.94 13.22 14.12 14.53 14.48 14.04 13.54 13.51 14.22 15.46 16.25 16.22 16.73 16.05 14.99 14.10 13.06 12.70 12.83 13.02 12.91 12.58 12.24 11.99 11.64 11.35 11.01 10.76 10.67 10.46 10.15 10.04 10.26 10.46 10.51 10.70 11.00 11.12 11.16 11.08 10.63 10.19 9.97 10.12 10.47 10.67 10.57 10.54 10.70 11.02 11.47 11.97 12.52 13.08 13.14 12.56 11.20 9.57 8.56 8.53 8.43 7.77 7.10 6.87 7.04 7.57 8.58 9.80 11.19 13.10 15.62
10.98 10.59 10.17 10.19 10.35 10.43 10.64 11.51 13.04 14.15 14.65 14.76 14.79 14.83 14.86 15.18 15.83 16.51 16.50 16.11 15.69 15.14 14.21 13.10 12.27 11.93 11.92 12.24 12.47 12.36 12.00 11.52 10.70 10.09 9.86 10.01 10.22 10.21 10.08 9.99 9.93 10.01 10.21 10.46 10.52 10.09 9.54 8.87 8.55 8.39 8.41 8.78 9.35 9.76 9.92 10.09 10.35 10.51 10.71 11.07 11.65 12.00 11.47 9.91 8.11 7.00 6.81 7.34 7.90 7.95 7.76 7.84 8.36 9.33 10.70 12.16 13.77 15.68 17.17
11.07 10.78 10.52 10.60 10.86 11.29 12.12 13.13 13.64 13.43 12.90 12.59 12.97 13.95 14.86 15.74 16.40 16.31 15.62 14.75 14.10 13.52 12.96 12.41 11.95 11.64 11.36 11.45 11.83 12.06 11.95 11.53 10.66 9.99 9.92 10.13 10.23 9.99 9.55 9.13 8.97 9.30 9.90 10.10 10.02 9.74 9.54 9.19 8.92 8.91 8.96 8.96 8.92 9.07 9.49 9.93 10.27 10.31 10.38 10.63 10.84 10.43 9.11 7.69 6.88 6.72 7.17 7.70 8.41 9.14 9.68 10.30 11.47 12.93 14.35 15.85 17.30 18.17 17.84
11.15 10.84 10.64 10.77 11.18 12.03 12.73 12.84 12.13 10.95 10.21 10.50 11.61 13.17 14.51 15.47 15.49 15.47 14.49 13.50 12.81 12.40 12.11 11.93 11.74 11.52 11.18 11.14 11.39 11.83 12.17 12.20 11.80 11.53 11.40 11.17 10.68 9.95 9.35 9.13 9.37 9.75 9.93 9.68 9.45 9.28 9.23 9.02 8.76 8.63 8.55 8.47 8.41 8.78 9.42 10.03 10.46 10.66 10.80 10.84 10.39 9.21 8.02 7.67 7.98 8.57 9.02 9.51 10.43 11.83 12.81 13.97 15.58 17.08 18.15 19.00 19.35 18.79 17.10
11.05 10.47 10.11 10.33 10.69 11.26 11.35 10.79 10.04 9.69 9.91 10.75 12.12 13.68 14.81 15.41 15.29 14.54 13.58 12.72 12.07 11.64 11.41 11.30 11.19 10.97 10.70 10.75 10.94 11.33 11.94 12.43 12.56 12.43 12.15 11.64 10.87 10.04 9.63 9.54 9.50 9.28 8.94 8.59 8.33 8.05 7.61 7.18 7.04 7.04 7.16 7.48 8.14 9.01 9.78 10.38 10.89 11.10 11.01 10.52 9.60 8.52 8.18 8.77 9.86 10.66 11.38 12.50 14.02 14.94 15.68 16.71 18.21 18.60 18.43 18.93 18.10 16.76 15.52
10.78 9.95 9.42 9.68 9.85 10.01 10.08 10.08 10.37 10.93 11.64 12.61 13.91 15.04 15.61 15.50 14.81 13.83 12.93 12.18 11.52 11.02 10.70 10.57 10.41 10.12 9.85 9.87 9.84 10.07 10.47 11.30 11.85 11.92 11.67 11.22 10.57 9.87 9.38 8.92 8.40 7.90 7.61 7.66 7.57 7.27 6.79 6.55 6.81 7.33 7.99 8.82 9.76 10.39 10.62 10.66 10.60 10.21 9.47 8.58 7.91 7.86 8.48 9.79 11.27 12.63 14.18 15.56 16.13 16.34 16.47 16.88 16.92 17.50 16.94 16.15 14.62 13.82 13.28
10.42 9.73 9.39 9.80 10.03 10.18 10.46 10.99 11.80 12.51 13.34 14.42 15.56 16.00 15.76 14.88 13.73 12.70 11.89 11.26 10.72 10.33 10.05 9.83 9.63 9.37 8.98 8.53 8.01 8.03 8.22 8.94 9.90 10.57 10.73 10.56 10.19 9.88 9.46 8.93 8.51 8.32 8.37 8.59 8.51 8.29 8.09 8.22 8.68 9.46 10.29 10.94 11.30 11.34 10.92 10.50 9.90 9.12 8.36 7.82 7.76 8.32 9.41 11.02 12.71 14.48 15.86 16.15 15.71 15.25 15.11 15.11 14.91 14.14 13.52 13.20 12.81 12.34 11.92
10.18 9.87 9.92 10.54 10.93 11.14 11.42 11.97 12.75 13.56 14.52 15.44 15.94 15.68 14.71 13.44 12.25 11.16 10.40 9.85 9.51 9.42 9.43 9.26 9.14 8.91 8.35 7.30 6.46 6.17 6.11 6.49 7.49 8.74 9.54 10.04 10.20 10.46 10.49 10.46 10.54 10.70 10.91 10.85 10.60 10.37 10.27 10.54 11.01 11.21 11.22 11.13 11.01 10.80 10.65 10.52 10.36 10.40 10.37 10.25 10.30 10.69 11.50 12.81 14.20 15.29 15.30 14.19 13.39 13.36 13.50 13.43 13.04 12.24 11.93 11.90 11.99 12.01 11.67
10.41 10.38 10.44 10.69 11.02 11.42 11.93 12.58 13.39 14.25 15.05 15.46 15.20 14.26 13.00 11.95 11.04 10.12 9.30 8.79 8.61 8.53 8.41 8.53 8.69 8.63 8.23 7.31 6.02 5.45 5.34 5.80 6.53 7.34 8.44 9.50 10.14 10.72 11.12 11.60 12.10 12.46 12.53 12.24 11.89 11.71 11.68 11.80 11.87 11.47 10.92 10.76 10.95 11.08 10.97 10.95 11.16 11.66 11.96 12.15 12.36 12.71 13.33 14.10 14.87 14.80 13.62 12.45 12.19 12.57 12.81 12.61 11.98 11.51 11.35 11.39 11.56 11.80 11.59
10.85 10.91 10.76 10.54 10.74 11.38 12.15 13.00 13.83 14.49 14.85 14.70 13.96 12.84 11.79 10.98 10.27 9.54 8.82 8.31 7.99 7.68 7.42 7.57 8.06 8.43 8.55 8.36 7.58 7.03 7.06 7.47 7.57 7.71 8.20 9.07 9.72 10.31 11.00 11.81 12.35 12.44 12.24 11.88 11.70 11.77 11.90 11.91 11.85 11.64 11.65 11.88 11.99 11.82 11.35 11.23 11.30 11.51 11.93 12.43 12.97 13.45 13.94 14.27 14.33 13.65 12.60 12.33 12.54 12.64 12.46 11.89 11.02 10.29 9.93 10.12 10.46 10.74 10.89
10.94 11.00 10.94 10.84 11.11 11.73 12.50 13.32 13.93 14.22 14.13 13.61 12.73 11.76 10.93 10.22 9.55 8.91 8.32 7.80 7.30 6.87 6.75 7.09 7.88 8.71 9.42 10.09 10.60 10.75 10.65 10.25 9.72 9.31 9.13 9.30 9.86 10.70 11.55 12.02 11.82 11.34 11.10 11.21 11.34 11.62 11.96 12.29 12.70 13.06 13.04 12.83 12.38 11.90 11.42 11.31 11.38 11.66 12.25 12.75 13.22 13.54 13.68 13.61 13.26 12.66 12.24 12.49 12.60 12.35 11.82 10.79 9.80 8.68 7.88 7.88 8.29 8.72 9.16
10.85 10.90 11.06 11.35 11.82 12.40 12.93 13.38 13.66 13.63 13.29 12.62 11.76 10.93 10.18 9.46 8.70 7.94 7.32 6.90 6.69 6.78 7.22 7.98 8.96 9.83 10.68 11.57 12.49 13.02 13.00 12.37 11.52 10.85 10.48 10.34 11.03 12.01 12.16 11.64 10.82 10.48 10.80 11.25 11.46 11.86 12.57 13.24 13.81 14.13 13.90 13.20 12.50 12.02 11.54 11.46 11.70 12.15 12.54 12.68 12.76 12.76 12.73 12.69 12.38 12.01 11.74 11.86 11.73 11.45 11.12 10.15 9.60 8.43 7.23 6.81 6.59 6.48 6.70
10.93 11.04 11.33 11.81 12.39 12.73 12.81 12.84 12.99 12.97 12.62 11.95 11.11 10.27 9.46 8.59 7.62 6.74 6.30 6.32 6.70 7.47 8.41 9.35 10.26 10.99 11.56 12.04 12.54 12.98 13.12 13.01 12.52 11.86 11.44 11.34 11.76 12.00 11.34 10.44 10.01 10.16 10.44 10.71 10.97 11.67 12.53 13.16 13.49 13.73 13.77 13.48 13.04 12.53 11.89 11.67 11.74 11.74 11.67 11.64 11.48 11.40 11.60 11.91 11.89 11.59 11.15 10.88 10.71 10.67 10.67 10.75 10.71 10.29 9.05 7.75 6.70 5.93 5.50
11.07 11.19 11.45 11.81 12.04 11.99 11.90 12.05 12.41 12.61 12.24 11.49 10.57 9.60 8.49 7.42 6.71 6.49 6.77 7.15 7.60 8.23 9.04 9.95 10.81 11.39 11.61 11.61 11.56 11.59 11.97 12.52 12.82 12.70 12.35 11.91 11.37 10.61 9.91 9.65 9.59 9.52 9.34 9.41 10.06 10.97 11.65 11.68 11.55 11.71 11.92 12.21 12.39 12.38 12.13 11.79 11.43 11.03 10.82 10.77 10.76 10.97 11.38 11.71 11.72 11.40 10.96 10.62 10.39 10.48 10.79 11.27 11.75 12.12 12.04 10.93 9.60 8.37 7.55
11.06 11.12 11.21 11.25 11.13 11.06 11.40 12.12 12.64 12.56 11.87 10.88 9.84 8.68 7.54 7.03 7.29 8.11 8.61 8.84 8.92 9.12 9.62 10.28 10.80 11.03 10.94 10.81 10.82 10.84 11.13 11.73 12.44 12.81 12.79 12.20 10.96 9.88 9.36 9.39 9.26 9.04 8.99 9.26 9.81 10.31 10.42 9.74 8.96 8.60 8.77 9.11 9.64 10.31 10.74 10.99 11.00 10.89 10.88 11.03 11.26 11.50 11.60 11.56 11.47 11.25 10.92 10.68 10.54 10.73 11.19 11.55 11.99 12.64 13.33 13.51 13.08 12.38 11.66
11.02 11.01 11.01 11.02 11.01 11.37 12.13 12.77 12.84 12.18 11.01 9.72 8.54 7.49 7.02 7.34 8.25 9.08 9.54 9.80 9.93 10.09 10.36 10.50 10.32 9.96 9.76 9.96 10.47 10.90 11.09 11.23 11.47 11.89 12.19 12.06 11.07 10.17 9.60 9.53 9.52 9.66 9.78 9.86 9.93 9.94 9.62 8.56 7.33 6.84 6.77 6.89 7.30 8.19 9.25 10.15 10.71 11.01 11.26 11.56 11.76 11.60 11.26 11.01 11.01 10.94 10.68 10.59 10.65 10.87 11.15 11.32 11.46 11.83 12.49 13.30 13.79 13.98 13.92
11.06 11.03 11.09 11.29 11.63 12.25 12.81 12.85 12.20 10.93 9.43 7.87 6.59 5.96 5.99 6.52 7.15 7.81 8.67 9.42 10.06 10.46 10.49 10.00 9.22 8.72 8.81 9.32 9.79 10.07 10.23 10.24 10.30 10.69 11.31 11.69 11.26 10.64 10.17 10.19 10.33 10.49 10.52 10.54 10.47 10.33 10.02 9.30 8.42 7.83 7.71 8.04 8.84 9.79 10.53 10.87 11.01 11.12 11.28 11.41 11.31 10.89 10.53 10.46 10.58 10.50 10.18 10.21 10.39 10.52 10.58 10.67 10.47 10.13 10.24 10.84 11.78 12.54 13.16
11.12 11.10 11.21 11.56 12.11 12.64 12.70 12.05 10.74 9.05 7.48 6.18 5.38 5.03 4.97 5.12 5.52 6.16 7.00 8.02 8.93 9.55 9.54 9.08 8.67 8.57 8.74 8.91 8.74 8.46 8.45 8.61 8.96 9.59 10.45 11.13 11.14 10.70 10.43 10.64 10.80 10.91 11.07 11.49 11.61 11.57 11.43 11.21 11.09 10.95 10.73 11.18 11.93 12.38 12.32 11.73 11.24 11.01 10.84 10.60 10.28 9.98 9.80 9.92 10.10 9.95 9.62 9.70 9.83 9.85 9.84 9.83 9.44 8.79 8.46 8.69 9.30 9.92 10.57
11.16 11.19 11.34 11.79 12.34 12.48 11.87 10.58 8.94 7.42 6.28 5.63 5.40 5.39 5.41 5.41 5.57 5.90 6.38 7.05 7.75 8.21 8.42 8.69 9.04 9.28 9.41 9.26 8.94 8.70 8.62 8.70 9.03 9.42 9.83 10.32 10.61 10.52 10.51 10.84 11.07 11.35 11.82 12.54 12.78 12.76 12.63 12.57 12.76 13.11 13.33 13.35 13.14 12.52 11.73 11.24 11.00 10.72 10.26 9.69 9.16 8.93 8.98 9.28 9.65 9.76 9.67 9.63 9.53 9.40 9.35 9.32 8.99 8.33 7.76 7.53 7.81 8.06 8.22
11.24 11.30 11.50 11.89 12.06 11.56 10.33 8.78 7.40 6.45 5.94 5.80 5.97 6.38 6.79 7.10 7.22 7.28 7.57 8.09 8.60 8.90 9.12 9.40 9.63 9.97 10.55 11.04 11.29 11.32 11.19 11.12 11.11 10.90 10.19 9.89 10.19 10.55 10.99 11.44 11.77 12.21 12.79 13.33 13.29 13.07 12.89 12.90 13.16 13.60 13.82 13.64 12.94 11.83 11.02 10.94 10.91 10.54 9.88 9.12 8.54 8.37 8.70 9.31 9.96 10.32 10.34 10.10 9.66 9.40 9.25 9.22 8.95 8.19 7.21 6.38 6.21 6.21 6.11
11.28 11.33 11.43 11.40 10.83 9.63 8.13 6.90 6.14 5.81 5.89 6.27 6.78 7.42 8.22 9.07 9.71 10.12 10.58 11.11 11.47 11.52 11.23 10.70 10.28 10.51 11.47 12.26 12.61 12.56 12.38 12.15 11.83 11.27 10.30 9.90 10.24 10.95 11.73 12.27 12.64 12.97 13.23 13.28 12.90 12.59 12.57 12.79 13.14 13.44 13.31 13.09 12.95 12.77 12.34 11.75 11.16 10.61 10.11 9.68 9.41 9.36 9.67 10.19 10.64 10.77 10.55 10.20 9.79 9.73 9.75 9.59 9.02 7.84 6.37 5.20 4.79 4.59 4.49
11.27 11.27 11.07 10.45 9.25 7.82 6.64 5.92 5.67 5.86 6.46 7.29 8.15 9.04 10.01 11.11 12.01 12.84 13.51 13.76 13.52 12.90 11.99 11.16 10.72 10.99 11.64 11.70 11.21 10.79 10.44 10.21 10.07 9.87 9.76 10.07 10.69 11.46 12.26 12.70 12.86 12.85 12.60 12.20 11.96 11.84 12.02 12.36 12.75 13.02 12.88 12.72 12.78 12.94 12.80 12.09 11.30 10.73 10.40 10.27 10.32 10.54 10.75 11.01 11.10 10.87 10.36 10.08 10.09 10.55 10.72 10.27 9.32 7.81 6.12 5.07 4.67 4.32 4.14
11.31 11.22 10.75 9.91 8.92 8.04 7.35 6.92 6.85 7.22 7.89 8.77 9.78 10.84 11.91 12.86 13.69 14.27 14.38 13.91 12.92 11.78 10.96 10.76 11.05 11.56 11.72 11.03 9.96 9.34 9.11 9.18 9.47 9.54 9.77 10.40 11.14 11.77 12.28 12.50 12.43 12.08 11.53 11.03 10.88 10.98 11.16 11.44 11.59 11.46 11.43 11.51 11.61 11.62 11.44 11.23 10.88 10.48 10.15 10.01 10.19 10.71 11.18 11.50 11.47 11.15 10.73 10.58 10.77 11.18 11.21 10.59 9.73 8.75 7.41 6.50 5.85 5.19 5.04
11.22 11.03 10.48 9.97 9.61 9.23 8.94 8.89 9.14 9.42 9.76 10.39 11.35 12.48 13.52 14.16 14.36 14.05 13.14 11.81 10.49 9.63 9.60 10.21 11.07 12.00 12.30 11.99 11.51 11.28 11.24 11.27 11.13 10.75 10.55 10.83 11.24 11.66 11.90 11.92 11.53 10.93 10.42 10.17 10.10 10.21 10.46 10.54 10.01 9.18 8.80 9.00 9.40 9.56 9.66 9.92 10.12 10.06 9.93 9.96 10.26 10.84 11.26 11.41 11.24 10.97 10.81 10.83 10.84 10.89 10.79 10.29 10.12 10.05 9.54 8.61 7.72 6.81 7.00
10.97 10.67 10.26 10.15 10.17 10.23 10.38 10.77 11.28 11.65 11.90 12.29 13.06 13.95 14.42 14.33 13.67 12.50 11.07 9.77 8.95 8.74 9.20 10.04 11.05 12.35 12.98 13.31 13.44 13.44 13.30 12.96 12.43 11.81 11.30 11.15 11.21 11.39 11.45 11.12 10.40 9.76 9.60 9.75 9.93 10.25 10.57 10.44 9.40 8.18 7.57 7.45 7.31 7.59 8.33 9.17 9.80 10.04 10.06 10.19 10.57 11.01 11.06 10.87 10.55 10.35 10.24 10.17 10.07 10.10 10.02 9.98 10.61 11.36 11.65 11.29 10.48 9.75 10.21
10.81 10.58 10.33 10.45 10.90 11.50 12.13 12.69 13.12 13.41 13.61 13.87 14.24 14.41 14.07 13.16 11.93 10.60 9.46 8.80 8.96 9.54 10.26 10.92 11.78 12.71 12.97 12.87 12.88 12.88 12.71 12.46 12.22 11.98 11.49 11.20 11.14 11.03 10.65 10.04 9.58 9.69 9.99 10.29 10.57 10.99 11.24 11.12 10.42 9.67 9.12 8.60 7.87 8.07 8.87 9.63 10.13 10.45 10.64 10.79 10.94 11.09 10.96 10.72 10.49 10.26 9.96 9.79 9.83 10.03 10.11 10.36 11.17 12.02 12.70 13.06 13.17 13.20 13.49
10.83 10.71 10.54 10.77 11.44 12.27 12.95 13.41 13.63 13.76 13.90 14.06 14.06 13.60 12.61 11.35 10.07 8.97 8.25 8.28 9.24 10.33 11.11 11.68 12.32 12.64 12.14 11.30 10.85 10.71 10.74 11.01 11.36 11.56 11.31 11.03 10.78 10.31 9.73 9.48 9.93 10.76 11.14 11.24 11.34 11.59 11.71 11.61 11.34 11.39 11.40 11.10 10.63 10.35 10.38 10.34 10.43 10.79 11.24 11.47 11.50 11.54 11.39 11.22 11.01 10.73 10.52 10.60 10.93 11.00 10.88 10.92 11.28 11.68 12.29 13.18 14.05 14.64 14.84
10.76 10.68 10.54 10.74 11.20 11.76 12.09 12.25 12.32 12.44 12.69 12.87 12.67 11.99 10.92 9.68 8.50 7.81 7.78 8.41 9.47 10.34 10.99 11.43 11.76 11.60 10.71 9.76 9.06 8.72 8.91 9.43 10.01 10.44 10.71 10.71 10.43 10.07 10.02 10.54 11.33 11.74 11.76 11.69 11.68 11.74 11.69 11.39 11.28 11.49 11.76 11.94 11.95 11.63 10.88 10.33 10.41 10.89 11.38 11.75 11.98 12.19 12.13 11.95 11.68 11.43 11.36 11.52 11.67 11.42 11.13 11.05 11.05 11.16 11.57 12.33 13.14 13.70 13.85
10.66 10.62 10.60 10.71 10.79 10.78 10.68 10.50 10.50 10.79 11.18 11.29 10.88 10.02 8.92 7.95 7.66 8.08 9.10 10.08 10.60 10.90 11.12 11.23 11.11 10.44 9.23 8.17 7.44 7.15 7.29 7.61 7.99 8.57 9.24 9.79 10.23 10.65 11.19 11.70 11.92 11.84 11.62 11.53 11.55 11.54 11.34 10.88 10.47 10.25 10.33 10.73 11.15 11.10 10.53 10.20 10.40 10.87 11.37 11.88 12.38 12.74 12.72 12.51 12.19 11.87 11.62 11.40 11.12 10.65 10.58 10.68 10.81 10.96 11.19 11.37 11.54 11.58 11.76
10.92 11.10 11.30 11.15 10.82 10.37 9.95 9.65 9.69 10.05 10.25 9.85 8.91 7.75 6.77 6.73 7.85 9.55 10.90 11.61 11.93 12.00 11.90 11.71 11.42 10.82 9.54 8.08 7.15 6.86 6.81 6.88 7.13 7.56 8.17 9.09 10.11 10.87 11.19 11.17 11.00 10.93 10.92 10.99 11.11 11.13 10.90 10.26 9.41 8.81 8.64 8.80 9.18 9.64 9.81 10.00 10.28 10.70 11.23 11.84 12.43 12.84 12.80 12.56 12.24 11.89 11.49 11.03 10.59 10.16 10.11 10.28 10.51 10.60 10.61 10.77 10.60 10.29 10.15
11.44 11.71 11.87 11.55 11.03 10.46 9.99 9.76 9.72 9.56 8.90 7.75 6.45 5.41 5.11 5.78 7.46 9.44 10.80 11.71 12.22 12.40 12.33 12.27 12.29 12.00 11.22 10.09 9.30 9.15 9.18 9.03 9.09 9.21 9.48 9.98 10.49 10.67 10.53 10.24 9.99 9.98 10.31 10.61 10.86 10.91 10.61 9.89 9.03 8.46 8.13 7.65 7.33 7.54 8.19 9.08 9.88 10.48 11.04 11.66 12.21 12.42 12.32 12.04 11.89 11.82 11.64 11.28 10.90 10.44 10.13 10.12 10.21 10.30 10.52 10.71 10.46 10.00 9.48
