project/data/elevation/US_DEM2016/US_DEM2016_point_11-01-2019_1119_30m_vel.asc
ncols	125
nrows	167
xllcorner	-2042055.000000
yllcorner	1465035.000000
cellsize	30.000000
NODATA_value	-9999.000000
[rows 38 to 75 of 167, columns 0 to 83 of 125]
4.25 3.92 3.17 2.64 2.33 2.23 2.12 1.90 1.67 1.56 1.62 1.71 1.78 1.79 1.65 1.40 1.26 1.20 1.21 1.40 1.60 1.70 1.76 1.83 1.98 2.16 2.35 2.61 2.89 3.02 2.82 2.45 2.20 2.13 2.23 2.46 2.69 2.82 2.94 3.00 2.92 2.80 2.83 2.99 3.08 2.90 2.59 2.31 2.05 1.76 1.52 1.47 1.81 1.96 1.46 1.17 1.49 2.14 2.91 3.63 3.96 3.62 2.91 2.41 2.05 1.82 1.73 1.73 1.83 2.13 2.18 1.84 1.95 2.50 2.41 1.92 1.86 2.28 2.73 2.77 2.43 2.44 2.90 3.08
4.42 4.00 3.13 2.57 2.29 2.21 2.12 1.90 1.66 1.57 1.62 1.68 1.68 1.61 1.49 1.37 1.37 1.38 1.35 1.45 1.61 1.71 1.76 1.80 1.94 2.15 2.29 2.48 2.74 2.96 2.95 2.67 2.38 2.27 2.39 2.62 2.73 2.78 2.96 3.08 2.89 2.57 2.62 2.95 3.16 3.00 2.54 2.25 2.05 1.81 1.60 1.47 1.62 1.76 1.42 1.23 1.58 2.25 2.98 3.70 4.01 3.60 2.81 2.41 2.16 1.97 1.82 1.74 1.80 2.02 2.11 1.87 1.89 2.42 2.49 1.95 1.70 2.13 2.72 2.76 2.25 2.17 2.72 3.05
4.53 4.06 3.13 2.54 2.32 2.22 2.12 1.91 1.70 1.67 1.71 1.72 1.61 1.43 1.33 1.35 1.46 1.54 1.49 1.45 1.57 1.71 1.78 1.81 1.95 2.13 2.25 2.38 2.56 2.80 2.97 2.90 2.65 2.54 2.61 2.73 2.76 2.82 2.94 3.04 2.78 2.31 2.37 2.84 3.17 3.14 2.66 2.32 2.15 1.99 1.76 1.54 1.50 1.56 1.36 1.28 1.67 2.28 2.94 3.69 4.06 3.64 2.75 2.38 2.22 2.07 1.95 1.85 1.85 1.96 2.04 1.90 1.91 2.37 2.54 2.02 1.62 1.97 2.65 2.71 2.06 1.81 2.30 2.78
4.46 4.02 3.15 2.60 2.40 2.28 2.13 1.93 1.77 1.77 1.81 1.75 1.49 1.22 1.23 1.37 1.54 1.65 1.59 1.48 1.56 1.73 1.83 1.86 1.98 2.16 2.25 2.31 2.43 2.62 2.91 2.96 2.84 2.74 2.81 2.89 2.87 2.80 2.90 2.98 2.68 2.15 2.08 2.53 3.12 3.24 2.88 2.42 2.23 2.11 1.94 1.62 1.41 1.37 1.29 1.33 1.71 2.18 2.73 3.59 4.09 3.76 2.88 2.46 2.30 2.17 2.07 1.99 1.94 1.97 2.02 1.94 1.98 2.35 2.53 2.08 1.63 1.93 2.58 2.63 1.94 1.59 1.90 2.40
4.30 3.92 3.16 2.69 2.48 2.34 2.16 1.97 1.86 1.87 1.87 1.69 1.26 1.06 1.21 1.44 1.60 1.71 1.66 1.56 1.62 1.78 1.88 1.90 2.00 2.14 2.22 2.27 2.39 2.50 2.81 3.31 3.10 3.01 3.00 3.01 2.94 2.76 2.74 2.80 2.61 2.12 1.82 2.24 2.98 3.31 3.12 2.53 2.23 2.13 1.99 1.68 1.36 1.18 1.17 1.36 1.71 2.03 2.44 3.34 3.98 3.89 3.21 2.71 2.45 2.25 2.14 2.08 2.05 2.04 2.02 1.97 2.05 2.34 2.47 2.09 1.75 2.01 2.52 2.51 1.88 1.53 1.79 2.28
4.19 3.82 3.14 2.73 2.52 2.37 2.21 2.06 1.97 1.94 1.87 1.54 1.03 0.96 1.25 1.50 1.66 1.74 1.73 1.67 1.71 1.83 1.91 1.93 2.01 2.10 2.16 2.23 2.33 2.47 2.83 3.38 3.29 3.19 3.00 2.97 2.90 2.65 2.45 2.50 2.53 2.19 1.73 1.96 2.80 3.40 3.33 2.67 2.19 2.02 1.88 1.70 1.40 1.08 1.06 1.34 1.66 1.91 2.28 3.02 3.72 3.89 3.51 3.00 2.55 2.27 2.21 2.21 2.15 2.04 1.96 1.96 2.09 2.30 2.37 2.16 1.96 2.15 2.46 2.36 1.83 1.62 1.91 2.29
4.08 3.73 3.11 2.74 2.55 2.42 2.29 2.17 2.06 1.95 1.78 1.34 0.89 0.96 1.33 1.57 1.69 1.78 1.83 1.82 1.81 1.87 1.93 1.94 2.00 2.09 2.15 2.24 2.37 2.54 2.90 3.63 3.53 3.21 2.78 2.81 2.86 2.64 2.24 2.15 2.29 2.17 1.77 1.83 2.64 3.45 3.49 2.83 2.20 1.96 1.86 1.72 1.44 1.07 1.03 1.32 1.59 1.82 2.15 2.72 3.45 3.84 3.71 3.16 2.59 2.37 2.34 2.27 2.11 1.93 1.91 2.03 2.17 2.26 2.30 2.26 2.22 2.29 2.38 2.25 1.85 1.76 1.99 2.25
3.93 3.65 3.11 2.78 2.61 2.50 2.35 2.21 2.08 1.90 1.62 1.15 0.85 1.02 1.43 1.64 1.74 1.84 1.95 1.96 1.90 1.90 1.92 1.91 1.98 2.09 2.17 2.29 2.49 2.74 3.12 3.94 3.62 3.12 2.56 2.62 2.79 2.71 2.29 1.98 2.01 2.04 1.81 1.82 2.57 3.46 3.64 3.02 2.35 2.03 1.87 1.71 1.46 1.17 1.11 1.32 1.52 1.71 1.96 2.48 3.22 3.81 3.86 3.33 2.78 2.57 2.40 2.18 1.97 1.91 1.99 2.15 2.26 2.28 2.31 2.39 2.46 2.42 2.34 2.19 1.91 1.78 1.94 2.19
3.87 3.61 3.12 2.83 2.68 2.55 2.34 2.17 2.02 1.81 1.46 0.98 0.86 1.15 1.51 1.67 1.78 1.93 2.04 2.04 1.96 1.92 1.88 1.86 1.96 2.09 2.20 2.40 2.70 3.02 3.37 3.62 3.63 3.14 2.45 2.33 2.56 2.68 2.46 2.01 1.76 1.78 1.77 1.92 2.55 3.41 3.68 3.17 2.49 2.06 1.86 1.77 1.66 1.42 1.26 1.26 1.40 1.57 1.79 2.30 3.05 3.75 3.92 3.51 3.00 2.68 2.32 2.08 2.00 2.06 2.18 2.28 2.34 2.35 2.39 2.50 2.56 2.49 2.37 2.23 1.97 1.76 1.83 2.17
3.97 3.65 3.09 2.81 2.69 2.54 2.29 2.08 1.90 1.68 1.27 0.88 0.94 1.30 1.57 1.69 1.83 2.00 2.10 2.08 2.00 1.92 1.85 1.84 1.95 2.11 2.27 2.57 2.96 3.25 3.37 3.47 3.62 3.25 2.42 2.08 2.24 2.50 2.52 2.15 1.67 1.59 1.74 2.02 2.51 3.32 3.70 3.26 2.43 1.97 1.87 1.94 2.00 1.80 1.40 1.15 1.21 1.42 1.65 2.12 2.87 3.65 3.94 3.65 3.15 2.68 2.31 2.12 2.08 2.18 2.29 2.36 2.40 2.44 2.49 2.59 2.62 2.53 2.43 2.32 2.02 1.77 1.80 2.12
4.08 3.70 3.00 2.70 2.63 2.49 2.26 2.01 1.78 1.51 1.06 0.87 1.11 1.48 1.65 1.72 1.85 2.02 2.13 2.11 2.03 1.95 1.87 1.85 1.96 2.15 2.39 2.78 3.23 3.40 3.25 3.20 3.48 3.33 2.52 1.90 1.94 2.25 2.43 2.19 1.72 1.58 1.79 2.06 2.44 3.25 3.75 3.34 2.40 1.96 1.97 2.24 2.37 2.02 1.45 1.03 1.02 1.27 1.52 1.95 2.67 3.49 3.89 3.72 3.26 2.83 2.51 2.30 2.20 2.26 2.35 2.40 2.42 2.45 2.55 2.66 2.69 2.59 2.45 2.28 2.01 1.78 1.81 2.00
4.07 3.72 2.94 2.56 2.49 2.43 2.26 2.01 1.70 1.30 0.89 0.93 1.33 1.64 1.72 1.73 1.83 2.01 2.13 2.13 2.07 2.00 1.91 1.88 1.99 2.20 2.52 3.01 3.50 3.49 3.07 2.94 3.28 3.31 2.74 1.95 1.75 1.95 2.18 2.08 1.80 1.72 1.90 2.09 2.41 3.16 3.73 3.49 2.61 2.14 2.25 2.58 2.56 2.03 1.33 0.87 0.83 1.13 1.42 1.81 2.44 3.21 3.67 3.75 3.42 3.05 2.72 2.45 2.33 2.36 2.44 2.49 2.49 2.50 2.57 2.67 2.69 2.60 2.41 2.17 1.95 1.81 1.81 1.89
4.11 3.77 2.99 2.49 2.35 2.31 2.24 2.05 1.66 1.10 0.80 1.04 1.51 1.75 1.75 1.72 1.80 1.96 2.09 2.13 2.12 2.07 1.98 1.92 2.01 2.25 2.66 3.31 3.74 3.50 2.80 2.73 3.05 3.19 2.91 2.20 1.69 1.67 1.88 1.96 1.89 1.90 2.05 2.20 2.45 3.00 3.58 3.51 2.83 2.43 2.61 2.77 2.50 1.80 1.12 0.72 0.70 1.04 1.38 1.71 2.23 2.90 3.44 3.68 3.60 3.26 2.86 2.58 2.42 2.40 2.46 2.54 2.54 2.54 2.58 2.63 2.63 2.52 2.31 2.09 1.95 1.88 1.79 1.81
4.19 3.83 3.06 2.54 2.26 2.15 2.16 2.09 1.65 0.94 0.72 1.12 1.63 1.81 1.78 1.72 1.76 1.89 2.02 2.11 2.15 2.14 2.07 2.01 2.07 2.32 2.82 3.57 3.89 3.35 2.59 2.54 2.75 2.97 2.91 2.42 1.68 1.45 1.67 1.89 1.97 2.08 2.21 2.31 2.50 2.89 3.35 3.36 2.99 2.77 2.85 2.75 2.24 1.52 0.94 0.61 0.61 0.96 1.35 1.66 2.10 2.67 3.35 3.78 3.87 3.45 2.95 2.61 2.41 2.37 2.41 2.49 2.50 2.49 2.49 2.52 2.55 2.43 2.18 2.03 1.99 1.95 1.85 1.76
4.27 3.86 3.08 2.57 2.22 1.98 2.01 2.07 1.66 0.88 0.70 1.17 1.68 1.84 1.79 1.72 1.72 1.80 1.94 2.08 2.17 2.18 2.17 2.17 2.23 2.45 2.97 3.73 3.96 3.25 2.51 2.41 2.46 2.62 2.82 2.43 1.65 1.34 1.55 1.85 2.04 2.19 2.28 2.38 2.59 2.92 3.25 3.29 3.05 2.90 2.87 2.58 2.00 1.34 0.82 0.53 0.54 0.87 1.31 1.65 2.04 2.60 3.33 3.96 4.12 3.56 2.91 2.55 2.42 2.40 2.40 2.42 2.42 2.39 2.35 2.35 2.44 2.37 2.10 1.94 1.98 2.02 1.93 1.80
4.32 3.88 3.07 2.56 2.19 1.87 1.87 1.99 1.66 0.94 0.76 1.23 1.71 1.82 1.75 1.70 1.69 1.74 1.86 2.04 2.18 2.22 2.27 2.37 2.46 2.62 3.08 3.76 3.96 3.36 2.61 2.36 2.28 2.37 2.57 2.27 1.57 1.30 1.50 1.82 2.09 2.26 2.36 2.50 2.81 3.17 3.42 3.36 3.02 2.83 2.77 2.49 1.89 1.26 0.76 0.48 0.49 0.83 1.29 1.67 2.05 2.59 3.29 4.02 4.27 3.70 2.83 2.64 2.55 2.51 2.40 2.29 2.26 2.25 2.21 2.20 2.33 2.35 2.10 1.88 1.91 2.01 1.96 1.86
4.30 3.88 3.08 2.59 2.20 1.81 1.73 1.84 1.60 1.04 0.84 1.24 1.65 1.73 1.66 1.66 1.70 1.72 1.80 1.98 2.18 2.29 2.39 2.55 2.64 2.79 3.15 3.68 3.92 3.53 2.80 2.35 2.15 2.14 2.25 1.98 1.46 1.34 1.54 1.82 2.11 2.33 2.48 2.73 3.18 3.53 3.61 3.24 2.61 2.48 2.61 2.47 1.93 1.27 0.76 0.47 0.49 0.86 1.34 1.71 2.06 2.54 3.18 3.95 4.07 3.94 3.23 2.84 2.66 2.53 2.35 2.17 2.14 2.16 2.10 2.07 2.23 2.30 2.10 1.85 1.85 1.97 2.02 2.00
4.22 3.82 3.10 2.63 2.23 1.82 1.62 1.65 1.49 1.07 0.93 1.22 1.52 1.60 1.60 1.65 1.71 1.74 1.79 1.94 2.16 2.35 2.52 2.66 2.78 2.94 3.19 3.63 3.87 3.63 2.89 2.32 2.04 1.91 1.89 1.62 1.35 1.42 1.63 1.86 2.14 2.41 2.66 3.09 3.61 3.81 3.47 2.83 2.25 2.18 2.43 2.43 1.96 1.29 0.77 0.52 0.56 0.94 1.43 1.77 2.03 2.39 3.01 3.79 4.30 4.15 3.52 3.00 2.67 2.45 2.26 2.16 2.16 2.15 2.03 1.95 2.10 2.19 2.02 1.87 1.88 2.03 2.19 2.19
4.09 3.76 3.11 2.64 2.26 1.87 1.59 1.54 1.37 1.06 0.96 1.16 1.40 1.51 1.59 1.66 1.71 1.78 1.85 1.97 2.17 2.41 2.57 2.73 2.89 3.04 3.21 3.55 3.86 3.65 2.86 2.31 2.02 1.76 1.51 1.29 1.28 1.48 1.70 1.94 2.20 2.51 2.91 3.53 3.94 3.86 3.19 2.49 1.99 1.89 2.19 2.32 1.93 1.27 0.78 0.59 0.68 1.07 1.50 1.76 1.95 2.21 2.79 3.60 4.24 4.27 3.04 3.00 2.61 2.39 2.29 2.28 2.25 2.12 1.91 1.85 1.97 2.02 1.94 1.88 1.97 2.22 2.45 2.33
4.01 3.70 3.05 2.60 2.25 1.92 1.69 1.55 1.30 1.00 0.91 1.07 1.30 1.47 1.61 1.70 1.73 1.84 1.96 2.06 2.22 2.42 2.57 2.76 2.95 3.07 3.19 3.55 3.85 3.60 2.89 2.35 2.06 1.69 1.25 1.06 1.22 1.47 1.72 2.00 2.31 2.67 3.23 3.92 4.07 3.59 2.81 2.21 1.81 1.72 2.02 2.18 1.84 1.20 0.78 0.68 0.83 1.17 1.49 1.70 1.88 2.09 2.64 3.50 4.24 4.21 3.69 2.94 2.62 2.48 2.46 2.43 2.26 2.03 1.83 1.86 1.96 1.94 1.90 1.95 2.17 2.51 2.61 2.28
4.06 3.69 2.92 2.47 2.20 1.99 1.84 1.64 1.28 0.92 0.81 0.96 1.22 1.41 1.59 1.69 1.75 1.88 2.05 2.16 2.28 2.41 2.57 2.79 2.96 2.99 3.13 3.58 3.86 3.53 2.84 2.34 2.02 1.57 1.08 0.94 1.17 1.45 1.72 2.03 2.38 2.82 3.54 4.15 4.05 3.19 2.48 2.04 1.72 1.64 1.87 1.99 1.68 1.14 0.78 0.76 0.94 1.23 1.49 1.68 1.83 2.07 2.59 3.43 4.15 4.10 3.60 2.98 2.78 2.68 2.60 2.43 2.15 1.96 1.91 1.95 1.98 1.93 1.92 2.10 2.46 2.68 2.54 2.03
4.16 3.69 2.82 2.32 2.10 1.98 1.93 1.72 1.28 0.87 0.75 0.88 1.14 1.35 1.52 1.66 1.79 1.92 2.09 2.21 2.29 2.40 2.60 2.83 2.92 2.92 3.11 3.65 3.90 3.46 2.69 2.23 1.88 1.43 1.00 0.89 1.13 1.45 1.71 2.03 2.43 2.94 3.76 4.18 3.86 2.82 2.23 1.95 1.71 1.63 1.69 1.71 1.48 1.05 0.78 0.80 1.00 1.30 1.57 1.71 1.88 2.14 2.58 3.28 3.89 4.15 3.64 3.16 3.03 2.89 2.63 2.28 2.01 2.02 2.09 2.09 2.05 2.01 2.08 2.37 2.64 2.64 2.28 1.78
4.18 3.71 2.79 2.23 1.97 1.87 1.89 1.74 1.30 0.89 0.77 0.89 1.11 1.33 1.51 1.67 1.85 2.01 2.12 2.22 2.32 2.47 2.69 2.85 2.86 2.90 3.24 3.80 3.93 3.37 2.65 2.19 1.79 1.33 0.96 0.87 1.14 1.47 1.72 2.01 2.45 3.00 3.85 4.33 3.81 2.65 2.10 1.94 1.80 1.67 1.58 1.51 1.31 0.96 0.75 0.81 1.04 1.37 1.66 1.83 2.01 2.29 2.65 3.12 3.59 3.84 3.76 3.47 3.24 2.95 2.56 2.14 1.98 2.13 2.25 2.22 2.20 2.23 2.35 2.54 2.63 2.41 2.02 1.64
4.21 3.73 2.78 2.20 1.85 1.71 1.77 1.68 1.31 0.96 0.88 0.98 1.16 1.34 1.51 1.69 1.91 2.10 2.19 2.23 2.39 2.61 2.76 2.77 2.69 2.88 3.51 4.06 3.98 3.25 2.62 2.25 1.87 1.43 0.99 0.86 1.14 1.51 1.73 1.97 2.35 2.94 3.81 4.33 3.90 2.72 2.14 2.04 1.92 1.74 1.56 1.43 1.19 0.86 0.72 0.82 1.08 1.44 1.73 1.95 2.21 2.51 2.79 3.04 3.28 3.47 3.65 3.74 3.44 2.91 2.53 2.18 2.05 2.21 2.35 2.37 2.38 2.43 2.49 2.53 2.46 2.20 1.89 1.56
4.28 3.74 2.75 2.15 1.80 1.63 1.62 1.54 1.28 1.06 1.03 1.12 1.25 1.38 1.48 1.62 1.85 2.11 2.30 2.40 2.54 2.73 2.78 2.62 2.56 2.93 3.81 4.33 4.01 3.01 2.44 2.22 1.97 1.58 1.07 0.87 1.11 1.49 1.69 1.88 2.18 2.80 3.65 4.21 3.96 3.01 2.36 2.20 2.06 1.82 1.60 1.40 1.09 0.78 0.70 0.85 1.12 1.49 1.83 2.15 2.48 2.71 2.86 2.89 2.89 3.07 3.56 3.86 3.38 2.90 2.56 2.35 2.24 2.13 2.08 2.58 2.55 2.49 2.43 2.41 2.29 2.06 1.82 1.52
4.27 3.72 2.69 2.07 1.75 1.59 1.50 1.37 1.22 1.16 1.19 1.26 1.37 1.45 1.50 1.55 1.65 1.95 2.36 2.63 2.76 2.81 2.69 2.46 2.52 3.13 4.11 4.51 3.97 2.76 2.20 2.07 1.95 1.65 1.14 0.85 1.02 1.38 1.62 1.78 2.06 2.67 3.52 4.08 3.94 3.18 2.60 2.39 2.19 1.91 1.62 1.34 0.99 0.71 0.70 0.90 1.18 1.59 2.03 2.43 2.68 2.79 2.78 2.61 2.59 2.90 3.57 3.94 3.60 2.92 2.65 2.53 2.41 2.50 2.69 2.73 2.59 2.35 2.26 2.28 2.17 1.96 1.78 1.51
4.15 3.67 2.69 2.03 1.70 1.53 1.38 1.22 1.18 1.24 1.33 1.41 1.53 1.59 1.59 1.56 1.53 1.75 2.32 2.76 2.97 2.93 2.68 2.42 2.59 3.40 4.32 4.58 3.86 2.63 2.05 1.89 1.83 1.57 1.12 0.83 0.95 1.30 1.54 1.75 2.10 2.76 3.56 4.06 3.91 3.18 2.68 2.53 2.29 1.94 1.59 1.26 0.91 0.68 0.72 0.97 1.29 1.76 2.29 2.63 2.68 2.61 2.51 2.34 2.45 2.98 3.72 3.99 3.55 2.95 2.77 2.69 2.55 2.56 2.70 2.77 2.57 2.21 2.06 2.14 2.09 1.90 1.71 1.52
4.03 3.58 2.66 2.02 1.66 1.43 1.23 1.13 1.18 1.31 1.44 1.54 1.70 1.76 1.73 1.68 1.61 1.72 2.15 2.68 2.99 3.04 2.80 2.60 2.85 3.62 4.37 4.47 3.77 2.63 2.02 1.78 1.65 1.42 1.05 0.81 0.94 1.30 1.57 1.82 2.27 2.94 3.68 4.11 3.86 3.09 2.68 2.55 2.29 1.94 1.62 1.26 0.88 0.69 0.77 1.06 1.44 1.93 2.48 2.65 2.49 2.39 2.31 2.22 2.45 3.13 3.92 4.07 3.50 3.01 2.86 2.77 2.68 2.62 2.64 2.73 2.58 2.17 1.91 2.00 2.05 1.84 1.64 1.51
3.95 3.51 2.62 1.97 1.60 1.30 1.09 1.07 1.18 1.34 1.48 1.64 1.80 1.88 1.85 1.82 1.82 1.85 2.04 2.46 2.86 3.05 3.01 2.95 3.18 3.77 4.28 4.23 3.61 2.68 2.10 1.79 1.60 1.36 1.02 0.82 1.00 1.37 1.66 1.97 2.44 3.08 3.75 4.13 3.84 3.08 2.67 2.47 2.16 1.90 1.68 1.32 0.92 0.72 0.81 1.15 1.62 2.14 2.53 2.52 2.28 2.23 2.17 2.14 2.47 3.28 4.04 4.09 3.44 3.04 2.90 2.79 2.80 2.72 2.56 2.61 2.56 2.19 1.82 1.84 1.94 1.81 1.60 1.51
3.87 3.44 2.56 1.90 1.49 1.16 0.98 0.99 1.11 1.28 1.44 1.61 1.83 1.96 1.99 2.00 2.07 2.07 2.10 2.32 2.69 3.05 3.16 3.26 3.49 3.88 4.12 3.96 3.33 2.65 2.18 1.88 1.69 1.41 1.02 0.88 1.07 1.42 1.72 2.05 2.50 3.12 3.77 4.12 3.87 3.13 2.64 2.34 2.00 1.79 1.69 1.41 1.00 0.77 0.89 1.30 1.84 2.25 2.39 2.27 2.12 2.07 2.02 2.12 2.58 3.48 4.10 4.02 3.35 3.03 2.92 2.77 2.84 2.83 2.59 2.50 2.47 2.22 1.87 1.78 1.84 1.74 1.58 1.54
3.78 3.36 2.49 1.83 1.37 1.04 0.92 0.95 1.07 1.21 1.32 1.48 1.75 1.99 2.12 2.22 2.34 2.38 2.30 2.33 2.60 2.99 3.21 3.45 3.75 3.92 3.94 3.60 2.99 2.50 2.17 1.96 1.81 1.46 1.04 0.90 1.07 1.37 1.68 2.06 2.54 3.11 3.72 4.11 3.95 3.23 2.61 2.21 1.88 1.70 1.66 1.48 1.11 0.86 1.01 1.44 1.95 2.19 2.11 2.06 2.04 1.90 1.89 2.16 2.75 3.61 4.21 4.06 3.36 3.00 2.93 2.75 2.73 2.84 2.68 2.44 2.33 2.20 1.98 1.87 1.85 1.69 1.53 1.55
3.69 3.26 2.37 1.76 1.29 0.95 0.92 1.02 1.15 1.24 1.24 1.33 1.61 1.95 2.19 2.34 2.51 2.64 2.54 2.41 2.57 2.94 3.19 3.82 3.93 3.94 3.65 3.23 2.70 2.30 2.07 1.97 1.84 1.47 1.07 0.90 0.99 1.26 1.64 2.08 2.54 3.04 3.56 4.04 4.04 3.36 2.58 2.11 1.81 1.67 1.64 1.55 1.24 0.98 1.09 1.49 1.89 1.99 1.92 2.00 1.99 1.77 1.83 2.23 2.81 3.63 4.29 4.25 3.52 2.98 2.89 2.75 2.65 2.72 2.64 2.40 2.26 2.18 2.08 2.03 1.98 1.73 1.49 1.61
3.60 3.14 2.24 1.68 1.22 0.92 0.95 1.14 1.29 1.34 1.27 1.29 1.54 1.91 2.20 2.39 2.60 2.83 2.83 2.57 2.60 2.90 3.19 3.67 4.03 3.88 3.40 2.95 2.53 2.18 1.98 1.90 1.76 1.46 1.12 0.90 0.93 1.22 1.65 2.10 2.50 2.92 3.38 3.94 4.08 3.45 2.51 2.00 1.81 1.74 1.72 1.66 1.38 1.05 1.09 1.41 1.71 1.84 1.89 2.00 1.93 1.73 1.81 2.21 2.78 3.52 4.22 4.33 3.75 3.13 2.92 2.77 2.60 2.53 2.47 2.34 2.24 2.19 2.12 2.09 2.05 1.81 1.56 1.74
3.48 3.01 2.15 1.57 1.11 0.90 0.97 1.21 1.43 1.47 1.37 1.39 1.60 1.90 2.21 2.42 2.60 3.15 3.06 2.85 2.69 2.88 3.62 3.86 4.00 3.74 3.26 2.85 2.47 2.18 1.98 1.86 1.69 1.45 1.17 0.92 0.93 1.21 1.64 2.08 2.41 2.76 3.24 3.90 4.13 3.45 2.45 2.05 1.93 1.88 1.86 1.76 1.43 1.04 1.00 1.23 1.52 1.74 1.91 1.99 1.90 1.76 1.85 2.20 2.76 3.38 3.93 4.12 3.89 3.40 3.03 2.79 2.55 2.39 2.35 2.31 2.22 2.18 2.15 2.13 2.09 1.89 1.73 2.03
3.35 2.88 2.04 1.44 1.01 0.89 0.99 1.23 1.48 1.58 1.50 1.53 1.74 1.97 2.22 2.45 2.58 2.86 3.12 3.06 2.83 2.91 3.63 3.78 3.84 3.51 3.16 2.88 2.54 2.30 2.11 1.92 1.69 1.46 1.22 0.97 0.93 1.21 1.64 1.99 2.26 2.59 3.12 3.88 4.19 3.55 2.64 2.29 2.16 2.03 1.95 1.79 1.39 0.97 0.91 1.12 1.38 1.65 1.88 1.98 1.90 1.83 1.93 2.30 2.83 3.25 3.56 3.87 3.93 3.58 3.08 2.74 2.51 2.36 2.35 2.34 2.23 2.18 2.21 2.26 2.26 2.09 2.03 2.44
3.20 2.75 1.92 1.26 0.93 0.89 1.00 1.24 1.48 1.60 1.61 1.69 1.90 2.09 2.29 2.51 2.64 3.01 3.09 3.14 3.01 3.03 3.45 3.76 3.60 3.23 3.01 2.88 2.68 2.47 2.25 1.99 1.72 1.52 1.27 0.99 0.94 1.21 1.56 1.82 2.06 2.43 2.99 3.79 4.16 3.70 2.89 2.47 2.28 2.06 1.90 1.72 1.37 0.94 0.86 1.08 1.31 1.55 1.82 1.95 1.95 1.99 2.14 2.48 2.85 2.98 3.11 3.65 3.95 3.68 3.10 2.70 2.53 2.42 2.42 2.37 2.26 2.27 2.39 2.54 2.54 2.40 2.38 2.69
3.05 2.61 1.75 1.10 0.86 0.89 1.06 1.29 1.51 1.65 1.73 1.84 2.03 2.20 2.39 2.61 2.77 3.14 3.15 3.69 3.17 3.56 3.55 3.64 3.45 3.06 2.83 2.80 2.75 2.62 2.38 2.05 1.75 1.55 1.29 0.99 0.96 1.17 1.43 1.69 1.97 2.32 2.89 3.70 4.14 3.79 2.95 2.51 2.24 1.99 1.79 1.62 1.37 0.99 0.85 1.04 1.29 1.52 1.78 1.93 2.02 2.19 2.39 2.59 2.70 2.62 2.72 3.43 3.93 3.76 3.17 2.77 2.63 2.54 2.50 2.40 2.30 2.43 2.74 2.91 2.81 2.60 2.52 2.67
2.88 2.45 1.60 0.99 0.79 0.90 1.16 1.42 1.63 1.77 1.88 1.99 2.12 2.27 2.49 2.74 2.94 3.28 3.30 3.33 3.23 3.18 3.30 3.47 3.43 3.06 2.66 2.58 2.68 2.71 2.49 2.12 1.77 1.54 1.31 1.05 0.98 1.11 1.34 1.64 1.90 2.23 2.81 3.68 4.20 3.88 2.99 2.43 2.19 1.97 1.75 1.57 1.34 1.01 0.85 1.02 1.31 1.53 1.76 1.95 2.13 2.35 2.49 2.49 2.45 2.42 2.58 3.19 3.75 3.77 3.31 2.87 2.70 2.63 2.56 2.45 2.41 2.71 3.09 3.14 2.83 2.41 2.24 2.32
