project/data/elevation/US_DEM2016/US_DEM2016_point_10-30-2019_2043_30m_ang.asc
ncols	125
nrows	167
xllcorner	-2042055.000000
yllcorner	1465035.000000
cellsize	30.000000
NODATA_value	-9999.000000
[rows 0 to 46 of 167, columns 0 to 95 of 125]
2 0 353 348 348 349 350 351 354 356 358 358 356 356 358 359 359 359 358 357 356 355 355 356 358 359 1 2 1 0 359 357 355 353 351 348 346 347 349 351 353 353 354 355 356 356 355 353 352 352 352 353 355 356 357 358 360 359 358 357 356 354 353 352 353 356 358 359 358 356 354 353 353 353 354 355 355 353 352 354 357 358 357 356 356 355 357 358 359 357 356 356 357 356 354 353
2 0 353 348 348 349 350 351 354 356 358 358 356 356 358 359 359 359 358 357 356 355 355 356 358 359 1 2 1 0 359 357 355 353 351 348 346 347 349 351 353 353 354 355 356 356 355 353 352 352 352 353 355 356 357 358 360 359 358 357 356 354 353 352 353 356 358 359 358 356 354 353 353 353 354 355 355 353 352 354 357 358 357 356 356 355 357 358 359 357 356 356 357 356 354 353
10 5 354 345 343 342 344 346 350 355 358 358 356 356 358 359 1 1 0 358 356 353 353 356 359 2 5 7 6 5 4 1 358 356 353 348 344 343 344 348 351 352 353 354 356 357 356 354 352 351 350 351 354 356 357 359 1 2 1 360 357 354 351 349 351 354 358 0 360 358 355 354 353 353 353 354 353 350 349 352 357 358 357 356 356 356 358 1 1 358 356 357 357 356 354 352
20 11 355 344 337 333 332 335 341 349 356 358 356 355 357 1 3 4 4 1 356 351 351 355 1 8 13 16 14 12 10 7 3 360 357 352 346 341 339 341 346 349 351 353 354 355 356 355 352 349 348 349 352 355 357 359 2 4 4 4 1 356 351 348 347 350 356 360 0 360 358 357 356 355 353 352 350 346 343 347 354 355 353 353 355 359 2 5 3 359 357 357 357 355 351 348
22 13 356 346 339 331 326 326 332 340 350 355 356 356 358 1 3 4 4 0 355 351 352 357 5 14 19 20 17 14 11 8 4 1 359 357 353 347 342 339 341 345 348 350 351 353 354 355 352 349 349 350 353 355 357 359 360 1 2 4 3 1 356 352 349 349 350 354 356 359 360 0 360 358 354 351 347 344 341 343 348 348 346 349 355 3 6 6 3 359 357 357 355 350 347 347
20 12 357 348 342 336 328 323 324 330 340 350 354 355 356 360 1 0 359 357 353 352 355 2 11 18 21 19 16 12 9 6 3 2 1 0 357 353 347 341 337 338 342 345 348 350 352 352 351 350 350 352 355 358 0 0 358 356 356 358 1 2 2 359 355 351 349 349 351 354 358 1 1 359 354 350 346 343 341 341 342 341 339 343 354 5 8 6 2 358 356 355 350 346 345 349
16 10 358 351 346 341 335 327 321 320 327 340 349 351 352 357 1 0 357 354 352 354 360 7 14 19 20 17 13 9 6 4 3 3 3 2 359 356 353 347 340 334 334 337 343 347 349 349 348 348 349 353 358 2 3 2 359 357 356 357 359 2 4 3 359 355 351 349 349 352 356 359 359 357 353 349 345 341 338 337 338 336 335 338 350 3 7 5 360 356 355 351 346 344 348 357
11 6 358 354 351 347 342 335 325 318 319 328 338 343 346 354 1 3 359 354 352 355 3 11 16 18 18 15 10 5 3 3 3 3 2 1 360 359 358 355 349 341 334 331 335 342 346 346 344 344 347 352 358 3 5 4 2 1 2 3 3 4 5 4 2 358 353 349 349 352 355 357 357 356 352 349 345 340 336 335 335 333 333 336 344 357 3 2 357 354 352 348 346 349 359 12
3 2 358 357 356 353 349 342 333 325 322 323 328 333 339 348 359 5 4 358 352 355 4 13 17 17 15 11 7 3 1 0 360 359 358 358 360 1 2 1 358 353 344 337 336 340 345 345 342 341 344 350 357 2 5 7 7 7 9 10 9 6 4 3 2 360 354 349 349 353 356 357 356 354 351 349 347 343 339 337 336 333 333 331 341 350 357 357 354 352 350 348 351 1 14 20
356 357 360 1 0 359 355 348 340 336 332 329 327 328 333 343 356 6 6 360 354 356 5 13 16 13 10 7 5 1 358 356 355 354 354 356 359 2 3 3 3 1 357 350 344 342 344 344 342 342 345 351 357 1 5 9 13 16 17 15 11 7 3 1 0 359 355 352 352 354 356 356 354 351 350 349 348 346 346 345 343 341 339 339 342 348 353 352 350 350 351 353 1 11 15 15
347 352 1 3 3 1 357 351 347 344 342 339 335 331 332 339 352 2 3 359 357 360 6 11 12 9 6 4 1 358 355 352 350 350 352 355 358 360 1 3 4 4 3 359 352 346 343 342 341 343 348 355 0 2 5 10 17 20 19 15 11 6 1 357 355 355 356 356 357 356 355 353 351 349 349 348 348 349 350 351 350 348 346 345 346 349 350 348 348 351 356 1 5 8 8 8
337 346 359 3 3 1 357 354 352 351 350 348 345 341 338 340 347 354 357 358 359 4 8 10 8 6 3 359 355 353 351 349 349 351 354 356 355 356 358 0 2 4 4 3 360 353 346 341 341 344 352 360 4 7 8 12 16 17 16 13 9 3 358 353 350 351 355 359 1 358 354 350 348 347 347 348 349 351 354 354 352 349 347 348 349 350 348 345 347 353 359 1 3 3 3 4
338 341 350 357 0 359 357 356 356 357 357 355 353 352 348 345 346 349 352 356 1 7 11 8 5 2 358 354 351 349 348 348 349 354 357 355 352 352 354 356 358 360 2 4 3 359 351 344 343 347 354 2 9 13 14 12 10 10 10 8 4 358 354 351 349 349 354 359 1 359 355 349 347 347 348 349 351 355 358 356 349 343 340 342 346 347 345 344 347 352 355 358 360 360 360 360
346 344 343 347 353 356 356 357 359 0 0 359 359 359 356 352 350 349 350 354 3 11 12 7 2 358 355 352 349 348 348 350 353 358 357 351 348 349 351 351 352 353 356 1 4 1 355 349 348 352 358 6 14 17 13 7 4 4 4 2 359 356 353 351 349 349 352 357 0 360 355 350 348 349 352 355 357 359 0 356 348 340 336 336 338 340 341 343 346 349 351 354 356 356 356 355
348 348 346 344 346 350 354 357 358 359 359 359 360 1 0 358 356 354 353 356 6 12 11 6 2 358 354 353 352 350 351 354 358 359 355 349 346 347 347 347 346 347 350 355 359 359 356 353 355 359 5 11 14 11 5 1 1 360 358 356 355 354 352 351 349 349 351 355 359 360 356 351 351 356 1 3 1 360 358 354 349 343 340 338 336 336 339 343 344 346 348 350 352 352 352 351
346 348 351 351 347 346 348 350 350 348 347 349 353 356 358 0 1 0 359 2 7 10 9 7 5 2 359 357 357 355 353 354 356 357 357 354 350 348 348 349 348 347 348 350 352 354 355 357 1 6 11 12 9 3 359 358 360 358 354 351 351 352 353 352 351 350 352 355 359 360 358 356 359 5 6 3 360 358 356 352 348 345 343 340 338 338 341 343 343 343 345 347 348 348 350 351
345 348 354 357 357 352 347 344 341 338 337 337 340 344 349 357 3 5 6 7 7 8 9 10 9 6 2 359 358 358 356 353 352 355 357 356 354 351 350 351 351 350 349 348 348 351 355 2 7 11 12 10 4 359 357 358 359 356 351 347 347 349 352 354 353 352 352 355 358 0 2 3 7 7 4 360 359 358 355 351 347 346 344 342 341 342 344 345 344 342 343 345 346 348 353 356
351 352 357 3 6 0 352 346 342 341 341 341 342 342 345 353 2 7 8 8 8 9 11 11 10 6 2 358 358 359 359 355 351 351 353 355 356 355 352 351 351 350 348 347 347 350 357 6 11 13 12 7 1 356 355 357 358 354 348 345 345 347 351 354 356 355 354 353 356 0 5 8 8 5 360 358 360 360 358 354 350 348 346 345 346 347 347 346 344 341 341 344 347 352 358 358
355 357 2 7 6 358 350 346 345 345 346 347 348 349 350 354 0 6 9 9 10 12 13 11 8 4 1 358 356 357 359 358 354 351 351 353 355 356 354 351 349 349 348 348 349 353 1 9 12 12 10 5 358 355 355 357 356 350 345 344 344 346 349 354 357 358 356 352 352 357 4 6 5 2 359 359 360 0 359 358 356 353 350 349 350 351 350 346 342 340 341 344 348 353 356 355
358 3 10 8 0 352 348 346 347 348 350 352 354 356 358 358 1 6 8 9 11 13 12 10 6 3 0 357 355 354 356 356 354 353 352 352 354 355 354 351 350 349 350 352 356 1 6 8 8 7 5 1 357 355 356 357 352 347 344 344 344 346 348 352 355 357 357 355 351 352 357 0 1 359 359 359 360 360 360 1 1 360 357 355 354 353 351 346 342 341 343 345 347 350 350 351
8 12 11 2 352 347 346 347 349 352 354 356 359 1 3 3 4 7 8 9 11 11 10 8 5 3 359 357 354 352 352 352 352 352 352 353 354 354 353 352 352 353 355 1 6 8 6 2 0 360 359 357 357 358 359 356 350 347 345 346 347 347 347 347 349 352 355 355 350 346 347 351 353 355 357 359 359 358 360 3 5 6 5 1 356 354 352 350 348 347 347 346 346 346 346 349
18 13 3 354 347 345 346 348 352 355 357 359 1 4 6 7 9 9 8 8 8 7 5 5 4 2 359 356 354 351 349 349 350 351 353 354 354 353 353 354 357 0 6 11 11 7 0 355 353 353 353 355 358 1 1 357 352 349 349 350 350 350 347 341 338 338 341 344 342 335 334 337 342 347 351 355 356 356 358 2 6 10 10 6 360 355 354 354 354 353 351 348 346 345 346 350
10 4 356 351 348 346 348 351 354 356 358 359 1 4 8 11 11 9 6 4 2 1 1 1 1 360 358 355 353 351 348 348 349 352 355 356 354 353 356 1 6 11 15 13 6 360 354 350 348 348 350 353 358 2 2 360 356 354 355 356 357 356 351 339 327 323 322 321 322 321 320 321 326 333 339 346 350 351 353 357 3 9 12 10 5 359 356 356 357 356 353 349 347 348 349 351
355 354 353 352 350 350 352 354 356 357 358 360 2 4 8 11 11 7 4 1 358 356 356 357 357 357 355 354 352 351 350 350 352 356 359 358 355 357 4 11 15 16 12 5 359 354 350 346 344 345 348 352 357 1 3 3 2 2 3 5 6 5 358 346 335 330 326 324 323 321 316 312 312 317 325 333 339 343 347 351 356 4 11 13 11 5 359 355 355 355 352 349 347 348 349 349
341 344 351 353 354 354 356 357 357 357 358 360 2 4 8 10 8 5 3 0 357 354 353 352 352 352 352 352 352 352 353 356 0 3 3 0 1 6 13 15 14 10 4 358 354 351 347 344 343 344 347 352 356 359 3 5 7 8 10 12 13 9 0 351 345 340 336 334 332 328 321 314 308 307 312 319 324 330 337 343 348 356 7 14 14 9 2 357 355 354 352 350 347 347 347 347
329 334 346 352 356 359 358 357 357 357 358 359 1 3 5 6 5 4 4 2 359 355 352 349 348 348 349 351 353 357 2 7 12 12 9 6 8 12 12 9 5 2 357 353 350 348 347 346 345 346 348 351 354 358 1 5 8 12 15 16 13 7 359 353 349 345 342 341 340 335 330 325 319 312 310 311 311 314 321 330 337 347 359 9 13 11 6 360 357 355 353 351 348 346 346 346
323 328 340 349 357 2 2 359 358 357 357 359 0 1 1 0 2 3 3 1 358 354 351 349 347 347 349 353 358 5 14 20 20 15 11 8 7 7 5 2 358 356 352 349 346 345 346 348 350 350 350 350 352 355 358 3 8 13 15 14 9 3 358 354 352 350 348 348 346 343 340 338 333 326 320 316 312 310 313 318 326 337 348 360 8 11 10 4 358 355 354 351 348 347 347 346
321 325 335 345 354 1 4 3 0 359 358 359 360 360 359 360 360 0 0 358 355 351 349 349 349 350 353 359 7 17 24 23 17 11 8 6 3 2 1 359 355 351 348 345 343 343 346 351 355 357 354 349 348 350 354 1 8 12 11 8 3 359 357 357 357 356 355 353 351 351 350 349 343 336 332 329 323 318 317 319 321 327 337 348 0 9 11 8 1 356 354 351 348 347 347 347
322 324 331 339 349 358 4 5 3 1 0 0 0 1 1 0 359 357 356 353 351 350 349 350 352 355 0 9 18 23 22 15 9 6 4 3 1 360 359 358 354 348 344 341 341 342 347 353 359 2 359 352 346 345 350 359 6 7 5 1 356 354 356 358 1 2 1 358 357 357 358 356 350 345 342 339 333 329 328 328 326 326 329 337 349 2 9 10 5 359 354 351 348 347 348 349
327 328 331 336 343 352 1 5 5 3 2 1 0 1 2 1 360 356 352 349 349 350 353 356 359 4 11 18 21 17 10 5 4 3 2 1 360 359 358 357 353 347 342 339 339 342 347 353 359 3 2 357 349 345 348 356 1 2 360 355 351 350 354 359 4 5 5 3 2 2 2 360 357 353 349 345 341 339 339 339 337 331 327 328 336 349 2 8 8 3 357 352 348 347 349 351
331 333 336 338 340 347 356 3 7 7 5 2 0 360 2 0 360 355 350 348 350 356 2 8 13 19 23 21 12 4 359 359 359 0 360 359 358 358 357 355 351 346 342 340 340 342 345 350 356 0 2 360 355 349 349 353 356 358 355 350 347 347 351 357 2 5 6 6 5 4 3 3 2 1 356 351 348 347 348 348 345 339 332 326 326 333 347 0 7 6 2 356 350 349 350 353
328 332 339 342 341 343 350 360 6 9 7 5 2 1 2 2 359 354 352 354 1 10 19 26 28 27 23 11 357 351 350 352 354 356 357 357 357 357 356 353 349 345 343 343 345 345 345 347 350 355 359 0 358 354 352 352 354 355 352 347 344 345 348 352 356 360 3 5 6 5 4 5 6 5 2 358 356 356 356 355 351 346 340 332 324 322 329 343 357 4 4 0 355 352 352 354
324 327 335 339 340 341 346 355 4 8 10 8 6 4 4 2 359 357 359 6 15 26 29 27 23 18 11 1 350 342 341 344 347 350 353 354 355 356 354 350 346 343 342 345 348 349 348 345 345 349 355 358 359 358 356 355 355 355 350 345 343 342 344 346 349 353 357 1 4 4 4 5 7 7 6 6 6 5 2 359 356 353 349 340 331 325 323 327 338 352 359 0 358 355 352 352
330 328 328 330 334 336 340 348 358 6 11 12 10 8 6 4 1 2 7 18 21 20 21 19 15 10 6 1 354 346 343 343 343 345 347 350 352 352 351 348 344 342 341 343 346 348 346 341 338 342 348 354 359 0 359 358 357 355 350 346 343 340 339 340 342 346 352 357 0 2 2 3 5 6 9 12 14 12 6 2 1 1 355 346 339 335 331 329 330 335 344 353 357 355 351 350
344 338 331 331 331 333 335 340 350 1 9 13 13 11 8 6 5 7 14 18 15 15 15 13 11 8 5 2 358 353 349 349 348 347 346 347 348 348 347 346 344 344 344 344 343 340 337 334 332 334 341 350 357 2 2 0 358 356 352 349 346 342 339 336 336 340 348 354 357 359 359 360 1 4 9 14 16 15 11 7 7 5 357 349 345 343 343 341 338 336 337 343 348 350 349 347
350 345 340 340 340 340 339 338 343 353 4 11 14 14 11 9 9 9 10 11 10 10 9 9 8 7 5 4 1 357 354 352 353 352 349 346 345 346 346 345 346 348 350 350 344 339 336 334 333 333 337 345 355 2 3 0 358 356 353 351 349 345 342 338 335 336 342 349 352 356 358 357 357 0 5 9 13 15 14 12 9 5 358 353 350 350 351 350 348 344 341 342 344 346 347 347
346 345 344 346 348 349 347 345 345 349 357 6 13 16 15 13 10 7 9 5 4 4 4 5 5 6 6 6 5 2 358 355 354 354 353 350 347 345 345 346 350 354 357 353 346 342 340 340 340 339 339 342 352 0 2 1 359 356 353 351 350 349 347 343 339 336 337 342 346 350 355 356 354 357 360 2 7 12 14 12 9 5 1 358 357 358 359 356 351 346 343 343 344 346 348 348
341 343 346 350 353 354 354 352 351 352 354 0 8 15 17 15 10 3 0 359 358 358 360 1 3 4 5 7 8 7 3 358 353 352 351 351 349 346 344 346 351 357 359 356 350 346 345 346 346 346 343 342 349 358 2 1 359 356 352 350 351 352 353 351 347 342 338 337 340 345 351 353 352 354 355 356 360 6 9 9 7 6 5 5 5 6 4 358 351 346 344 343 344 346 349 350
336 339 347 353 355 356 357 357 357 356 353 356 2 11 13 16 9 6 356 354 354 354 356 358 0 2 4 6 8 9 7 2 356 351 349 348 348 346 345 344 348 354 359 358 355 351 350 350 350 348 345 342 345 355 1 1 358 355 351 350 351 354 356 356 354 349 342 336 334 338 346 350 349 349 350 351 354 358 2 3 4 7 11 13 14 10 3 356 352 350 349 347 346 348 352 354
333 337 348 354 356 356 358 360 360 358 355 355 359 4 9 13 12 1 359 351 352 353 354 355 357 359 1 3 6 9 9 5 360 353 349 346 347 347 346 344 345 350 356 360 360 358 356 354 352 349 345 342 344 352 359 359 356 354 352 351 353 355 356 357 356 353 346 337 330 330 340 346 344 344 346 347 349 352 355 358 1 7 14 18 17 9 359 353 353 354 354 354 354 355 357 358
333 338 348 354 356 356 357 359 359 357 355 356 360 7 7 17 10 3 358 355 354 353 353 353 353 355 357 360 3 7 8 6 0 354 348 346 346 347 348 347 346 348 353 359 3 3 1 359 357 354 349 345 345 351 357 357 354 353 354 356 358 359 356 354 352 349 345 338 330 326 330 337 338 338 342 345 346 346 348 353 357 3 11 16 14 6 358 354 355 357 358 359 1 2 3 2
338 341 349 354 356 356 357 358 358 356 355 357 2 9 10 7 5 4 2 360 356 353 352 351 351 352 354 356 360 3 5 3 358 352 348 346 345 347 348 351 351 351 352 358 4 6 3 0 359 358 356 352 350 352 356 356 353 353 357 2 5 5 0 353 348 345 343 340 335 329 326 327 328 331 337 342 344 341 343 350 355 359 4 8 8 4 360 357 357 358 0 3 6 8 8 7
342 345 351 354 356 356 357 357 355 354 355 359 6 10 9 6 5 4 3 0 356 354 352 352 352 353 354 355 356 358 360 358 354 351 349 347 345 344 347 353 356 355 354 358 4 6 4 360 359 360 0 359 357 355 357 357 355 356 360 5 8 8 3 355 350 348 346 342 339 335 331 325 320 319 326 333 335 334 337 346 354 357 357 359 1 2 2 0 360 1 3 5 7 10 13 12
344 346 351 354 355 356 356 355 354 355 357 2 8 17 7 5 4 3 1 358 355 353 352 352 353 354 354 355 355 355 354 351 350 350 351 351 348 345 346 352 358 360 358 360 4 6 4 0 357 358 0 1 0 358 356 356 357 358 0 4 7 7 2 357 354 353 349 345 343 342 338 330 318 310 310 317 320 321 326 338 349 352 351 352 356 1 3 3 1 2 5 8 11 14 16 15
345 347 351 353 354 355 356 355 355 356 360 6 11 17 6 4 2 1 359 356 352 351 352 353 353 354 354 354 353 352 349 347 346 348 351 354 354 351 348 351 358 3 4 4 5 6 6 2 358 355 354 356 357 356 353 352 355 357 359 3 6 6 4 1 359 355 351 349 349 348 344 335 325 316 311 311 311 311 315 326 338 343 346 348 352 358 4 5 3 2 5 10 15 18 18 16
344 346 350 352 353 354 355 357 358 0 4 10 12 9 5 2 0 359 357 355 352 350 352 353 354 354 353 353 351 348 345 344 345 347 349 353 357 358 355 353 358 7 10 8 7 7 7 3 359 356 354 353 351 348 346 347 352 356 359 2 5 6 6 4 360 356 354 355 356 353 346 339 334 329 324 319 316 314 309 318 326 334 340 345 349 355 4 8 6 2 2 8 16 21 20 17
341 344 349 352 353 354 355 358 1 4 9 13 12 6 2 1 360 358 357 355 353 352 352 353 353 353 353 351 347 343 342 343 346 347 347 350 357 2 3 0 2 9 13 10 7 6 4 1 359 358 358 354 346 340 339 343 349 355 359 2 5 7 7 5 1 359 360 1 359 353 347 343 340 338 334 330 325 323 321 321 318 329 335 341 345 352 2 8 9 5 3 7 15 19 19 17
