project/data/elevation/US_DEM2016/US_DEM2016_point_11-01-2019_0210_30m_vel.asc
ncols	125
nrows	167
xllcorner	-2042055.000000
yllcorner	1465035.000000
cellsize	30.000000
NODATA_value	-9999.000000
[rows 38 to 75 of 167, columns 0 to 83 of 125]
4.16 3.74 2.86 2.27 1.95 1.82 1.68 1.40 1.12 1.06 1.29 1.38 1.46 1.42 1.25 0.97 0.90 0.72 1.00 1.20 1.43 1.55 1.64 1.77 1.99 2.24 2.46 2.67 2.82 2.70 2.28 1.87 1.70 1.77 1.98 2.22 2.37 2.47 2.63 2.69 2.55 2.47 2.61 2.76 2.73 2.46 2.13 1.85 1.58 1.26 1.03 1.08 1.49 1.61 0.96 0.76 1.26 2.05 2.96 3.70 3.81 3.24 2.51 2.02 1.59 1.27 1.18 1.27 1.51 1.86 1.76 1.32 1.61 2.29 2.04 1.42 1.51 2.14 2.62 2.53 2.16 2.38 2.90 2.97
4.30 3.83 2.87 2.26 1.96 1.87 1.75 1.46 1.17 1.11 1.23 1.28 1.22 1.20 1.11 1.05 0.91 1.05 0.76 1.07 1.29 1.47 1.55 1.64 1.86 2.13 2.31 2.53 2.78 2.82 2.57 2.18 1.92 1.88 2.07 2.32 2.43 2.51 2.68 2.68 2.34 2.09 2.39 2.82 2.91 2.59 2.13 1.83 1.64 1.37 1.13 1.02 1.19 1.36 0.92 0.82 1.36 2.15 3.00 3.72 3.86 3.27 2.48 2.07 1.75 1.45 1.26 1.27 1.44 1.71 1.70 1.38 1.59 2.25 2.15 1.44 1.30 1.94 2.58 2.46 1.84 1.97 2.78 3.09
4.38 3.87 2.88 2.25 2.01 1.91 1.75 1.48 1.26 1.25 1.29 1.21 0.99 0.82 0.97 0.71 1.06 1.20 1.03 0.95 1.17 1.43 1.53 1.60 1.78 2.00 2.15 2.32 2.59 2.81 2.79 2.52 2.24 2.18 2.29 2.41 2.44 2.48 2.64 2.61 2.16 1.75 2.03 2.73 3.05 2.84 2.26 1.89 1.70 1.53 1.28 1.01 0.96 1.06 0.87 0.89 1.44 2.14 2.92 3.71 3.96 3.38 2.49 2.10 1.89 1.65 1.48 1.40 1.46 1.58 1.60 1.48 1.66 2.20 2.21 1.51 1.20 1.75 2.51 2.39 1.57 1.50 2.30 2.89
4.29 3.81 2.89 2.29 2.06 1.93 1.74 1.48 1.33 1.35 1.33 1.14 0.79 0.63 0.85 1.17 1.33 1.32 1.11 0.97 1.17 1.45 1.56 1.61 1.74 1.93 2.05 2.16 2.39 2.66 2.86 2.78 2.57 2.48 2.49 2.48 2.41 2.37 2.50 2.52 2.09 1.58 1.65 2.39 3.09 3.07 2.52 1.99 1.77 1.64 1.42 1.02 0.77 0.76 0.80 0.98 1.48 2.01 2.69 3.65 4.06 3.57 2.65 2.17 1.98 1.78 1.64 1.56 1.51 1.54 1.57 1.56 1.74 2.15 2.20 1.56 1.18 1.68 2.41 2.28 1.43 1.21 1.77 2.48
4.12 3.69 2.87 2.35 2.11 1.98 1.77 1.53 1.42 1.40 1.32 1.04 0.65 0.65 0.94 1.24 1.38 1.40 1.23 1.11 1.28 1.53 1.62 1.63 1.71 1.85 1.95 2.06 2.24 2.47 2.81 2.95 2.87 2.68 2.56 2.49 2.36 2.21 2.25 2.37 2.14 1.58 1.36 2.03 2.98 3.24 2.83 2.13 1.81 1.70 1.52 1.13 0.69 0.53 0.70 1.06 1.50 1.85 2.37 3.43 4.01 3.72 2.93 2.38 2.07 1.84 1.72 1.66 1.60 1.57 1.56 1.59 1.77 2.06 2.11 1.61 1.32 1.71 2.26 2.11 1.35 1.14 1.60 2.22
4.01 3.59 2.85 2.39 2.17 2.02 1.83 1.64 1.49 1.39 1.25 0.91 0.57 0.47 1.09 1.33 1.45 1.47 1.36 1.29 1.40 1.59 1.65 1.62 1.68 1.80 1.89 2.02 2.19 2.38 2.80 3.14 3.08 2.70 2.46 2.46 2.36 2.10 1.97 2.10 2.15 1.73 1.26 1.70 2.81 3.39 3.10 2.31 1.84 1.66 1.50 1.22 0.78 0.44 0.62 1.10 1.49 1.75 2.20 3.10 3.80 3.77 3.19 2.64 2.17 1.87 1.81 1.77 1.67 1.53 1.47 1.55 1.77 1.98 2.01 1.75 1.58 1.80 2.08 1.89 1.28 1.20 1.66 2.11
3.90 3.51 2.82 2.40 2.19 2.05 1.88 1.71 1.53 1.33 1.14 0.76 0.54 0.54 1.21 1.41 1.49 1.53 1.49 1.45 1.49 1.59 1.64 1.59 1.64 1.78 1.89 2.03 2.22 2.44 2.92 3.33 3.23 2.59 2.25 2.40 2.44 2.14 1.78 1.75 1.96 1.79 1.32 1.54 2.64 3.49 3.33 2.52 1.89 1.63 1.47 1.24 0.85 0.49 0.62 1.09 1.43 1.67 2.04 2.77 3.57 3.81 3.42 2.80 2.25 2.00 1.93 1.81 1.63 1.46 1.46 1.60 1.79 1.92 1.97 1.90 1.86 1.92 1.93 1.71 1.29 1.29 1.67 2.00
3.77 3.43 2.81 2.42 2.21 2.05 1.87 1.71 1.53 1.29 1.03 0.69 0.59 0.85 1.33 1.49 1.52 1.58 1.60 1.55 1.52 1.53 1.56 1.54 1.63 1.79 1.91 2.09 2.35 2.64 3.09 3.41 3.25 2.51 2.04 2.24 2.46 2.31 1.82 1.54 1.62 1.68 1.45 1.58 2.55 3.53 3.51 2.69 1.99 1.65 1.45 1.24 0.92 0.63 0.69 1.00 1.29 1.53 1.85 2.50 3.39 3.85 3.61 2.95 2.42 2.17 1.99 1.77 1.61 1.54 1.59 1.75 1.87 1.90 1.95 2.04 2.10 2.04 2.05 1.67 1.38 1.30 1.59 1.95
3.69 3.37 2.80 2.45 2.24 2.05 1.83 1.67 1.52 1.28 0.96 0.71 0.72 1.06 1.46 1.56 1.57 1.64 1.67 1.59 1.52 1.48 1.48 1.51 1.64 1.82 1.96 2.21 2.56 2.88 3.16 3.37 3.26 2.61 1.93 1.93 2.27 2.38 2.05 1.51 1.31 1.44 1.53 1.76 2.54 3.47 3.56 2.82 2.08 1.68 1.50 1.36 1.17 0.92 0.83 0.83 1.07 1.36 1.68 2.30 3.20 3.83 3.71 3.11 2.61 2.31 1.99 1.77 1.68 1.70 1.79 1.88 1.93 1.96 2.02 2.14 2.19 2.06 1.92 1.76 1.87 1.35 1.48 1.92
3.75 3.39 2.78 2.44 2.26 2.04 1.80 1.61 1.44 1.23 0.86 0.70 0.59 1.15 1.51 1.58 1.65 1.72 1.72 1.63 1.54 1.48 1.45 1.50 1.66 1.86 2.06 2.39 2.81 3.03 3.03 3.14 3.32 2.84 1.94 1.64 1.91 2.26 2.21 1.68 1.20 1.29 1.58 1.93 2.52 3.34 3.57 2.93 2.07 1.69 1.61 1.62 1.56 1.28 0.90 0.68 0.80 1.19 1.53 2.11 3.01 3.74 3.77 3.27 2.78 2.38 2.04 1.82 1.78 1.85 1.92 1.94 1.97 2.03 2.12 2.22 2.23 2.09 1.96 1.84 1.57 1.41 1.47 1.82
3.85 3.43 2.67 2.34 2.23 2.03 1.79 1.55 1.33 1.08 0.72 0.64 0.89 1.18 1.45 1.53 1.68 1.78 1.78 1.69 1.58 1.51 1.48 1.52 1.67 1.90 2.17 2.61 3.07 3.07 2.77 2.86 3.26 3.01 2.04 1.43 1.55 1.98 2.16 1.80 1.29 1.30 1.65 1.97 2.43 3.27 3.64 3.02 2.09 1.74 1.78 1.98 1.96 1.48 0.88 0.57 0.55 1.01 1.39 1.93 2.81 3.63 3.79 3.36 2.86 2.46 2.17 1.99 1.92 1.95 1.98 1.97 1.98 2.04 2.16 2.27 2.27 2.13 1.98 1.81 1.54 1.41 1.48 1.64
3.88 3.46 2.59 2.17 2.12 2.03 1.80 1.52 1.23 0.86 0.61 0.66 1.09 1.31 1.37 1.45 1.63 1.78 1.84 1.75 1.63 1.56 1.52 1.55 1.69 1.95 2.32 2.88 3.31 3.06 2.51 2.60 3.11 3.05 2.26 1.43 1.29 1.59 1.88 1.74 1.44 1.44 1.72 1.95 2.32 3.15 3.63 3.15 2.26 1.93 2.13 2.32 2.09 1.45 0.74 0.45 0.35 0.84 1.27 1.75 2.54 3.38 3.68 3.45 2.96 2.58 2.31 2.10 1.97 1.96 2.00 2.01 2.00 2.04 2.14 2.22 2.20 2.08 1.90 1.70 1.50 1.38 1.46 1.50
3.91 3.49 2.61 2.07 1.95 1.93 1.81 1.55 1.16 0.68 0.54 0.84 1.34 1.44 1.35 1.41 1.56 1.73 1.83 1.79 1.71 1.65 1.58 1.59 1.73 2.02 2.52 3.20 3.50 2.98 2.25 2.36 2.85 2.97 2.53 1.68 1.16 1.23 1.56 1.66 1.58 1.65 1.84 2.01 2.30 2.94 3.45 3.18 2.48 2.28 2.46 2.40 1.96 1.23 0.54 0.29 0.20 0.71 1.17 1.57 2.24 3.08 3.57 3.54 3.15 2.73 2.43 2.14 1.96 1.92 1.97 2.02 2.02 2.03 2.10 2.17 2.16 2.02 1.80 1.62 1.49 1.41 1.38 1.41
3.95 3.54 2.68 2.10 1.82 1.74 1.77 1.64 1.15 0.56 0.53 1.04 1.50 1.49 1.36 1.38 1.51 1.67 1.81 1.83 1.81 1.75 1.67 1.66 1.79 2.12 2.72 3.46 3.60 2.82 2.07 2.13 2.45 2.72 2.63 1.98 1.15 1.02 1.39 1.66 1.73 1.86 2.01 2.13 2.35 2.80 3.20 3.07 2.68 2.55 2.54 2.26 1.72 1.02 0.37 0.17 0.07 0.61 1.10 1.47 2.02 2.78 3.57 3.77 3.47 2.91 2.48 2.17 1.97 1.90 1.92 1.99 2.00 2.00 2.04 2.12 2.19 2.06 1.78 1.63 1.58 1.50 1.36 1.29
4.00 3.55 2.71 2.15 1.76 1.56 1.67 1.68 1.17 0.52 0.54 1.15 1.57 1.50 1.34 1.36 1.48 1.65 1.80 1.87 1.90 1.88 1.82 1.80 1.92 2.24 2.88 3.61 3.65 2.75 2.01 1.96 2.07 2.32 2.55 2.05 1.19 1.00 1.36 1.72 1.89 2.03 2.13 2.25 2.51 2.86 3.09 2.97 2.66 2.53 2.45 2.08 1.55 0.91 0.27 0.12 0.06 0.57 1.09 1.46 1.93 2.62 3.51 4.01 3.81 3.11 2.57 2.22 2.05 1.98 1.94 1.95 1.97 1.97 1.96 2.01 2.17 2.11 1.80 1.62 1.67 1.67 1.48 1.44
4.03 3.55 2.72 2.17 1.74 1.42 1.51 1.62 1.17 0.51 0.20 0.96 1.55 1.46 1.32 1.35 1.49 1.64 1.77 1.89 1.98 2.00 1.98 2.02 2.11 2.36 2.95 3.62 3.66 2.88 2.12 1.88 1.82 2.00 2.26 1.86 1.13 1.04 1.38 1.74 1.98 2.14 2.24 2.41 2.77 3.09 3.15 2.89 2.48 2.39 2.39 2.07 1.51 0.87 0.25 0.16 0.13 0.60 1.11 1.52 1.94 2.53 3.41 4.08 4.05 3.36 2.69 2.33 2.18 2.09 1.98 1.88 1.86 1.87 1.83 1.86 2.10 2.15 1.85 1.61 1.67 1.77 1.64 1.43
4.02 3.56 2.74 2.20 1.76 1.34 1.29 1.45 1.14 0.56 0.57 0.78 1.44 1.35 1.28 1.35 1.50 1.60 1.71 1.88 2.05 2.12 2.14 2.23 2.30 2.50 2.98 3.54 3.63 3.08 2.30 1.83 1.64 1.68 1.84 1.51 1.04 1.07 1.39 1.69 1.99 2.24 2.39 2.68 3.13 3.33 3.17 2.66 2.11 2.11 2.31 2.14 1.57 0.89 0.32 0.25 0.21 0.68 1.19 1.57 1.93 2.42 3.24 4.04 4.20 3.64 2.92 2.46 2.22 2.05 1.92 1.81 1.82 1.81 1.72 1.74 2.01 2.15 1.94 1.68 1.68 1.81 1.80 1.59
3.97 3.53 2.74 2.21 1.77 1.32 1.12 1.19 1.02 0.59 0.61 0.60 1.31 1.21 1.22 1.13 1.50 1.58 1.65 1.83 2.07 2.21 2.29 2.37 2.47 2.64 3.00 3.45 3.60 3.18 2.38 1.79 1.49 1.37 1.37 1.15 0.98 1.14 1.42 1.67 1.98 2.31 2.61 3.08 3.49 3.47 3.00 2.31 1.81 1.84 2.17 2.15 1.62 0.93 0.42 0.36 0.33 0.78 1.26 1.56 1.84 2.24 3.01 3.92 4.28 3.89 3.12 2.56 2.22 2.00 1.85 1.83 1.85 1.79 1.65 1.66 1.90 2.05 1.95 1.80 2.29 1.91 1.98 1.75
3.88 3.47 2.71 2.19 1.76 1.33 1.06 1.00 0.81 0.55 0.63 0.28 0.69 1.19 1.25 1.41 1.54 1.62 1.66 1.79 2.03 2.26 2.38 2.48 2.60 2.77 3.03 3.40 3.57 3.18 2.35 1.78 1.46 1.17 0.92 0.84 0.98 1.24 1.48 1.73 2.04 2.43 2.91 3.51 3.71 3.39 2.67 2.02 1.56 1.56 1.96 2.05 1.59 0.90 0.51 0.45 0.47 0.89 1.28 1.50 1.74 2.08 2.78 3.76 4.30 4.03 3.24 2.59 2.21 2.01 1.92 1.89 1.85 1.70 1.54 1.70 1.96 2.15 1.87 1.88 1.94 2.12 2.19 1.84
3.81 3.41 2.63 2.13 1.75 1.37 1.11 0.94 0.64 0.43 0.22 0.94 1.18 1.27 1.39 1.52 1.61 1.71 1.75 1.80 2.00 2.24 2.40 2.56 2.72 2.84 3.02 3.38 3.52 3.09 2.33 1.79 1.46 1.05 0.64 0.63 0.98 1.30 1.55 1.82 2.17 2.61 3.26 3.82 3.76 3.09 2.37 1.78 1.38 1.35 1.75 1.90 1.48 0.81 0.53 0.50 0.61 0.96 1.26 1.46 1.69 2.01 2.65 3.66 4.29 4.07 3.25 2.61 2.29 2.11 2.02 1.93 1.78 1.61 1.49 1.57 1.72 1.77 1.82 1.99 2.22 2.37 2.22 1.93
3.84 3.39 2.52 2.04 1.74 1.47 1.25 0.99 0.59 0.37 0.56 0.91 1.20 1.35 1.49 1.60 1.70 1.80 1.86 1.88 2.01 2.21 2.40 2.61 2.78 2.81 3.00 3.42 3.50 2.97 2.25 1.75 1.39 0.88 0.44 0.50 0.92 1.29 1.58 1.90 2.28 2.83 3.57 3.96 3.61 2.76 2.09 1.63 1.29 1.24 1.55 1.68 1.30 0.72 0.51 0.51 0.72 1.03 1.29 1.47 1.70 2.01 2.61 3.58 4.16 3.97 3.19 2.67 2.42 2.23 2.06 1.86 1.68 1.63 1.61 1.67 1.75 1.80 1.93 2.20 2.43 2.38 2.05 1.45
3.91 3.38 2.42 1.89 1.67 1.54 1.42 1.13 0.66 0.42 0.49 0.90 1.18 1.25 1.51 1.66 1.78 1.86 1.91 1.94 2.03 2.22 2.43 2.62 2.72 2.76 3.05 3.52 3.50 2.87 2.15 1.69 1.29 0.78 0.36 0.45 0.87 1.27 1.56 1.91 2.36 2.99 3.76 4.04 3.46 2.48 1.88 1.57 1.30 1.22 1.31 1.35 1.06 0.63 0.49 0.57 0.83 1.13 1.39 1.53 1.75 2.07 2.61 3.43 3.89 3.80 3.20 2.77 2.56 2.34 2.04 1.76 1.65 1.70 1.80 1.86 1.90 1.98 2.16 2.37 2.41 2.19 1.78 1.27
3.89 3.37 2.37 1.77 1.52 1.47 1.50 1.29 0.80 0.53 0.61 0.90 1.14 1.33 1.47 1.64 1.83 1.90 1.91 1.95 2.09 2.31 2.50 2.56 2.57 2.73 3.21 3.67 3.50 2.79 2.13 1.69 1.26 0.73 0.37 0.43 0.88 1.28 1.52 1.86 2.35 3.05 3.88 4.15 3.48 2.38 1.79 1.58 1.41 1.27 1.17 1.06 0.79 0.47 0.45 0.65 0.93 1.25 1.52 1.66 1.86 2.21 2.64 3.19 3.58 3.60 3.36 3.03 2.70 2.36 1.98 1.71 1.66 1.83 2.01 2.08 2.13 2.18 2.27 2.32 2.23 1.94 1.58 1.16
3.90 3.35 2.32 1.70 1.37 1.27 1.39 1.32 0.94 0.69 0.72 0.97 1.13 1.25 1.39 1.55 1.78 1.93 1.93 1.95 2.15 2.43 2.54 2.45 2.37 2.73 3.49 3.88 3.51 2.67 2.11 1.74 1.31 0.81 0.41 0.41 0.83 1.27 1.49 1.75 2.22 2.98 3.92 4.25 3.61 2.45 1.82 1.66 1.53 1.32 1.11 0.91 0.55 0.26 0.40 0.69 0.99 1.35 1.63 1.83 2.06 2.38 2.64 2.88 3.17 3.40 3.48 3.34 2.85 2.31 1.94 1.72 1.73 1.96 2.14 2.20 2.21 2.19 2.18 2.15 2.03 1.80 1.49 1.10
3.93 3.33 2.27 1.63 1.28 1.12 1.18 1.18 0.99 0.83 0.87 1.07 1.17 1.21 1.27 1.41 1.64 1.88 2.03 2.09 2.26 2.49 2.50 2.32 2.29 2.82 3.77 4.08 3.49 2.46 1.95 1.73 1.42 0.93 0.40 0.32 0.71 1.20 1.43 1.65 2.06 2.86 3.82 4.21 3.66 2.61 1.97 1.77 1.61 1.33 1.06 0.78 0.39 0.11 0.33 0.70 1.01 1.41 1.79 2.08 2.28 2.43 2.52 2.51 2.65 3.12 3.60 3.57 3.01 2.32 1.98 1.86 1.90 2.06 2.22 2.27 2.22 2.11 2.06 2.05 1.94 1.75 1.49 1.51
3.90 3.29 2.21 1.55 1.19 1.02 0.99 0.99 0.98 0.95 1.05 1.21 1.29 1.28 1.23 1.27 1.19 1.74 2.12 2.32 2.43 2.50 2.37 2.18 2.29 3.02 3.98 4.17 3.44 2.27 1.72 1.59 1.45 1.05 0.43 0.21 0.56 1.07 1.37 1.61 1.98 2.75 3.73 4.09 3.61 2.68 2.14 1.92 1.69 1.36 1.00 0.64 0.22 0.03 0.29 0.71 1.04 1.49 1.99 2.31 2.36 2.34 2.31 2.17 2.33 2.94 3.65 3.73 3.10 2.40 2.14 2.05 1.99 2.10 2.29 2.36 2.24 2.01 1.96 2.03 1.96 1.77 1.56 1.22
3.76 3.22 2.19 1.49 1.11 0.93 0.84 0.86 0.98 1.13 1.29 1.42 1.51 1.46 1.33 1.26 1.12 1.57 2.13 2.48 2.62 2.59 2.37 2.17 2.38 3.20 4.04 4.14 3.34 2.19 1.59 1.41 1.32 1.01 0.49 0.26 0.56 1.04 1.32 1.61 2.06 2.86 3.74 4.04 3.54 2.69 2.22 2.06 1.81 1.40 0.99 0.60 0.16 0.03 0.31 0.76 1.12 1.64 2.18 2.38 2.23 2.10 2.05 1.96 2.25 3.00 3.74 3.79 3.11 2.49 2.30 2.22 2.09 2.11 2.32 2.44 2.27 1.91 1.81 2.00 2.02 1.82 1.64 1.39
3.63 3.13 2.15 1.47 1.07 0.84 0.75 0.81 0.99 1.27 1.49 1.65 1.75 1.69 1.56 1.43 1.34 1.48 1.94 2.45 2.71 2.77 2.59 2.37 2.57 3.30 3.98 3.97 3.22 2.18 1.57 1.31 1.13 0.83 0.46 0.35 0.67 1.12 1.39 1.68 2.21 3.02 3.79 4.01 3.46 2.65 2.25 2.11 1.84 1.45 1.06 0.63 0.16 0.07 0.35 0.85 1.27 1.80 2.29 2.29 1.98 1.92 1.89 1.89 2.32 3.17 3.90 3.80 3.04 2.55 2.40 2.32 2.21 2.16 2.25 2.43 2.32 1.89 1.67 1.90 2.05 1.87 1.69 1.54
3.53 3.05 2.11 1.42 1.03 0.78 0.73 0.82 1.04 1.33 1.59 1.80 1.90 1.88 1.80 1.69 1.53 1.48 1.70 2.21 2.65 2.92 2.93 2.75 2.82 3.35 3.83 3.70 3.02 2.17 1.61 1.29 1.05 0.75 0.44 0.43 0.78 1.21 1.47 1.79 2.34 3.12 3.81 3.96 3.42 2.64 2.26 2.07 1.76 1.45 1.16 0.71 0.18 0.13 0.41 0.98 1.47 1.93 2.21 2.06 1.77 1.79 1.81 1.92 2.43 3.36 3.99 3.72 2.94 2.58 2.44 2.33 2.34 2.25 2.15 2.29 2.32 1.96 1.65 1.79 2.00 1.89 1.74 1.64
3.43 2.97 2.06 1.38 0.97 0.75 0.76 0.85 0.84 1.32 1.57 1.81 1.98 2.06 2.06 2.02 1.85 1.61 1.62 1.95 2.47 2.94 3.11 3.09 3.14 3.42 3.59 3.36 2.73 2.10 1.65 1.32 1.08 0.78 0.49 0.45 0.77 1.19 1.49 1.85 2.40 3.16 3.80 3.94 3.47 2.70 2.26 1.97 1.62 1.38 1.24 0.84 0.26 0.20 0.51 1.12 1.64 1.91 1.92 1.79 1.68 1.68 1.74 2.00 2.62 3.54 4.00 3.63 2.84 2.56 2.45 2.29 2.38 2.38 2.14 2.12 2.24 2.10 1.97 1.84 1.94 2.44 1.73 1.72
3.33 2.87 1.99 1.33 0.89 0.72 0.76 0.86 1.05 1.26 1.48 1.71 1.97 2.17 2.27 2.30 2.21 1.93 1.71 1.82 2.28 2.85 3.17 3.36 3.44 3.41 3.32 2.98 2.43 1.98 1.64 1.39 1.16 0.77 0.42 0.36 0.66 1.08 1.45 1.88 2.45 3.14 3.75 3.97 3.59 2.82 2.24 1.84 1.49 1.29 1.23 0.95 0.42 0.23 0.63 1.23 1.66 1.73 1.59 1.65 1.67 1.58 1.73 2.14 2.79 3.60 4.06 3.69 2.87 2.52 2.45 2.26 2.28 2.41 2.24 2.07 2.16 2.22 2.03 1.95 1.92 1.76 1.69 1.84
3.23 2.76 1.87 1.27 0.83 0.68 0.73 0.86 1.03 1.16 1.29 1.50 1.82 2.13 2.33 2.44 2.46 2.31 1.94 1.81 2.15 2.73 3.16 3.54 3.64 3.36 3.01 2.66 2.21 1.84 1.60 1.44 1.24 0.79 0.35 0.31 0.55 1.00 1.44 1.92 2.45 3.04 3.61 3.97 3.74 2.93 2.19 1.72 1.42 1.26 1.22 1.03 0.59 0.51 0.63 1.19 1.51 1.48 1.43 1.63 1.65 1.51 1.75 2.23 2.78 3.55 4.11 3.88 3.05 2.51 2.41 2.26 2.17 2.25 2.22 2.10 2.11 2.27 2.11 2.07 2.00 1.80 1.73 1.99
3.12 2.62 1.74 1.19 0.78 0.67 0.71 0.93 1.11 1.18 1.20 1.32 1.61 1.96 2.23 2.42 2.58 2.63 2.33 1.94 2.12 2.65 3.17 3.63 3.68 3.27 2.81 2.45 2.11 1.79 1.58 1.45 1.26 0.87 0.40 0.30 0.51 0.96 1.45 1.94 2.38 2.87 3.44 3.95 3.86 3.05 2.15 1.67 1.44 1.33 1.28 1.14 0.74 0.45 0.57 1.04 1.30 1.35 1.42 1.63 1.63 1.53 1.76 2.20 2.67 3.36 4.01 3.96 3.24 2.62 2.41 2.23 2.03 2.00 2.04 2.04 2.04 2.09 2.16 2.17 2.12 1.96 1.86 2.11
2.98 2.48 1.63 1.08 0.74 0.67 0.74 1.04 1.28 1.35 1.31 1.36 1.56 1.79 2.05 2.30 2.56 2.79 2.71 2.27 2.19 2.65 3.22 3.61 3.55 3.12 2.71 2.39 2.08 1.82 1.61 1.45 1.23 0.90 0.51 0.34 0.50 0.94 1.43 1.88 2.24 2.67 3.31 3.97 3.99 3.12 2.15 1.72 1.55 1.44 1.38 1.21 0.77 0.42 0.44 0.88 1.16 1.34 1.51 1.64 1.63 1.63 1.83 2.17 2.60 3.13 3.66 3.76 3.35 2.82 2.44 2.18 1.92 1.81 1.86 1.93 1.97 2.09 2.22 2.27 2.26 2.11 2.03 2.28
2.83 2.33 1.51 0.95 0.70 0.68 0.80 1.11 1.41 1.56 1.58 1.58 1.64 1.73 1.89 2.16 2.44 2.77 2.90 2.62 2.39 2.71 3.26 3.49 3.28 2.91 2.66 2.43 2.12 1.88 1.68 1.47 1.20 0.91 0.60 0.41 0.50 0.92 1.39 1.73 2.05 2.50 3.23 4.00 4.07 3.21 2.27 1.87 1.70 1.52 1.39 1.17 0.70 0.35 0.44 0.81 1.12 1.38 1.60 1.67 1.68 1.79 1.99 2.27 2.57 2.84 3.23 3.56 3.46 3.00 2.53 2.20 1.96 1.82 1.83 1.90 1.97 2.15 2.34 2.45 2.43 2.26 2.21 2.46
2.67 2.19 1.37 0.80 0.67 0.69 0.84 1.14 1.43 1.67 1.80 1.85 1.81 1.76 1.86 2.11 2.37 2.71 2.95 2.83 2.59 2.77 3.21 3.33 3.02 2.69 2.58 2.48 2.23 2.00 1.78 1.50 1.18 0.91 0.61 0.40 0.49 0.89 1.28 1.56 1.88 2.37 3.14 3.94 4.04 3.30 2.43 2.00 1.78 1.52 1.32 1.11 0.70 0.28 0.35 0.76 1.08 1.35 1.62 1.73 1.79 1.96 2.14 2.34 2.49 2.51 2.80 3.46 3.63 3.20 2.65 2.28 2.06 1.90 1.88 1.93 2.03 2.31 2.60 2.71 2.56 2.33 2.25 2.41
2.52 2.05 1.20 0.69 0.64 0.70 0.90 1.16 1.43 1.69 1.90 1.99 1.99 1.92 1.97 2.19 2.45 2.74 2.94 2.90 2.72 2.79 3.10 3.17 2.89 2.56 2.46 2.48 2.36 2.17 1.92 1.58 1.22 0.94 0.61 0.34 0.45 0.81 1.15 1.46 1.80 2.27 3.03 3.87 4.05 3.40 2.52 2.07 1.81 1.53 1.27 1.07 0.75 0.31 0.30 0.70 1.04 1.29 1.58 1.76 1.90 2.10 2.23 2.29 2.29 2.20 2.46 3.34 3.75 3.38 2.76 2.37 2.19 2.06 2.01 1.99 2.13 2.56 2.94 2.90 2.59 2.26 2.13 2.23
2.37 1.90 1.04 0.60 0.61 0.75 1.01 1.26 1.48 1.68 1.87 1.99 2.08 2.12 2.20 2.40 2.61 2.80 2.89 2.83 2.74 2.79 3.00 3.10 2.93 2.57 2.29 2.31 2.42 2.35 2.09 1.71 1.30 1.01 0.70 0.41 0.44 0.70 1.06 1.41 1.72 2.15 2.92 3.86 4.14 3.55 2.62 2.06 1.80 1.54 1.26 1.02 0.71 0.35 0.31 0.68 1.03 1.25 1.51 1.78 1.98 2.13 2.16 2.11 2.09 2.09 2.33 3.11 3.64 3.46 2.88 2.47 2.35 2.29 2.20 2.13 2.30 2.83 3.11 2.90 2.45 2.07 1.89 1.96
