project/data/elevation/US_DEM2016/US_DEM2016_point_10-31-2019_2106_30m_ang.asc
ncols	125
nrows	167
xllcorner	-2042055.000000
yllcorner	1465035.000000
cellsize	30.000000
NODATA_value	-9999.000000
[rows 84 to 125 of 167, columns 0 to 94 of 125]
347 352 352 341 332 328 326 323 320 317 313 313 315 317 318 316 317 328 337 324 311 311 313 311 309 310 314 321 331 335 333 334 337 341 351 351 336 326 324 324 323 323 322 319 315 313 315 322 331 336 338 341 347 355 2 355 333 323 323 324 326 326 323 319 318 324 330 324 319 314 309 308 311 317 320 313 306 306 310 317 333 338 327 314 316 339 359 2 359 354 351 349 338 320 313
345 347 344 337 331 327 325 322 317 313 311 312 314 317 319 317 318 328 337 326 315 315 317 316 314 315 317 322 330 336 337 339 343 346 352 351 338 327 324 324 324 323 323 320 315 312 315 322 331 339 341 344 349 355 2 356 335 324 323 321 320 321 319 316 318 326 330 322 316 313 308 307 310 318 321 314 304 299 298 300 310 323 325 312 306 321 350 0 1 358 357 357 351 331 323
345 344 339 333 329 325 323 321 314 309 310 312 314 318 320 321 324 333 344 328 321 318 318 317 316 316 317 320 328 333 335 339 345 347 351 351 339 325 322 325 324 322 321 319 313 309 312 318 329 338 343 347 352 357 3 357 23 323 340 319 317 318 315 313 316 326 331 323 316 314 311 310 315 324 329 325 315 306 301 304 299 310 316 308 303 306 327 343 351 356 358 2 359 339 329
344 342 334 330 327 323 321 320 315 310 310 313 315 320 324 328 334 336 334 331 326 321 318 316 314 313 314 317 324 328 329 333 341 347 352 355 337 327 322 326 324 320 319 317 312 306 307 313 323 331 338 344 352 359 5 1 342 326 323 322 321 319 316 312 314 324 332 328 319 315 312 310 315 326 336 336 331 326 321 317 315 317 318 314 311 312 316 322 332 341 350 360 355 338 330
343 342 332 328 328 324 321 320 318 315 314 315 317 325 336 7 329 329 330 331 328 324 319 315 312 310 309 313 321 327 328 328 334 343 354 2 356 336 326 326 325 322 321 319 312 305 304 308 316 321 324 328 336 348 359 2 348 330 324 324 323 321 316 313 314 322 334 333 322 316 312 309 312 323 334 339 338 337 336 333 332 332 330 328 329 330 331 332 335 338 346 354 346 335 332
344 343 334 329 329 326 321 318 318 319 320 318 318 328 337 327 320 319 321 323 324 323 319 315 310 306 304 307 316 325 329 329 327 335 354 7 1 343 331 328 326 326 325 320 313 306 304 308 313 315 316 318 322 332 347 358 351 331 323 323 322 320 316 311 311 320 335 337 325 316 311 307 309 317 327 333 334 337 340 340 340 340 338 338 342 346 344 341 344 348 351 346 338 335 334
344 341 333 329 328 324 320 317 318 321 323 324 322 324 12 311 307 307 309 311 314 316 316 313 308 304 303 305 310 317 325 327 323 326 347 8 5 346 333 329 327 326 326 322 314 309 308 313 319 322 324 327 331 337 346 358 354 333 321 320 320 319 315 310 309 317 334 339 326 315 309 305 306 313 320 322 323 329 336 338 339 340 341 342 349 353 350 346 350 359 358 341 333 331 330
343 339 330 327 325 321 317 316 318 323 330 340 342 333 319 308 304 305 305 304 305 307 310 311 310 309 308 308 309 311 316 322 321 321 337 5 9 348 333 329 326 326 326 323 317 313 314 319 326 330 332 335 338 344 352 2 357 334 319 317 318 318 315 309 307 314 331 337 326 316 308 303 304 312 319 317 312 317 327 329 329 333 338 342 349 353 350 349 356 7 2 340 327 324 323
341 336 328 324 322 317 314 314 319 327 344 349 341 334 328 322 319 317 314 310 309 309 311 313 313 313 313 314 316 318 322 326 328 327 335 1 7 347 334 329 327 327 327 323 319 316 317 322 328 333 336 338 341 346 354 4 360 337 320 317 318 317 314 308 307 313 329 338 329 317 309 303 304 312 321 317 307 307 316 319 316 320 329 336 342 344 343 346 358 7 2 341 324 318 319
339 334 323 318 316 313 309 309 317 334 342 337 332 329 328 327 327 326 324 321 320 321 321 319 316 314 315 319 323 328 332 335 339 342 349 3 357 342 334 330 328 327 326 323 318 315 316 321 327 332 336 340 344 347 352 1 2 345 327 321 322 320 315 310 309 314 329 341 335 320 310 305 305 313 322 317 302 295 299 302 302 305 316 329 330 326 324 332 347 357 359 345 326 320 323
338 334 321 311 308 307 302 298 311 335 330 327 327 326 326 327 329 330 329 328 327 327 325 322 318 314 314 318 323 329 333 337 342 350 3 6 347 335 332 329 327 326 324 321 317 313 313 318 325 330 335 340 346 351 355 3 7 354 334 327 327 325 319 313 311 315 328 343 341 325 313 307 307 312 321 317 302 291 289 291 290 287 293 311 317 314 315 322 334 346 354 345 330 324 326
337 337 330 318 312 314 315 311 322 333 329 327 327 327 326 326 328 330 330 330 330 329 325 321 317 313 313 315 317 321 323 327 334 347 7 5 341 330 328 326 325 323 321 318 315 311 310 314 322 329 335 340 346 352 359 9 12 358 336 327 326 325 319 314 312 316 328 343 343 329 317 310 308 312 320 320 313 306 301 300 296 289 289 305 320 325 328 329 330 339 348 340 329 326 325
335 339 338 330 326 330 337 335 332 333 332 330 329 328 327 326 326 328 329 330 330 330 323 318 316 314 313 317 319 318 320 325 332 345 3 360 337 326 324 323 322 321 320 317 313 309 306 309 316 325 332 337 342 349 1 14 16 358 336 326 324 322 316 313 312 316 327 340 340 329 318 313 311 314 321 323 323 320 315 314 314 310 308 316 326 335 340 337 333 339 340 334 327 327 326
334 340 341 336 328 332 337 338 335 335 335 332 329 327 326 325 325 325 327 329 331 330 322 316 315 314 316 323 328 329 330 334 340 349 1 357 336 324 322 322 321 321 320 316 313 308 306 307 313 319 322 324 330 340 355 13 13 352 335 328 325 321 315 311 310 314 324 335 338 329 319 315 314 317 323 325 326 324 320 321 325 324 322 324 332 342 349 344 338 341 344 333 326 326 327
336 344 345 340 322 327 333 335 334 335 336 334 329 326 325 324 323 324 327 331 331 328 321 317 314 313 317 325 330 333 335 339 346 354 2 357 336 322 320 322 323 323 321 317 314 311 308 310 316 322 320 319 322 331 346 4 4 345 334 331 327 322 315 311 308 310 318 330 335 330 321 318 317 320 324 328 330 328 325 327 331 331 329 330 336 349 353 345 338 342 343 335 323 322 322
339 347 348 331 321 323 328 331 332 332 332 331 328 324 322 322 323 326 331 332 328 324 321 319 315 313 315 321 326 328 331 337 347 356 3 359 337 321 320 324 327 325 323 320 316 313 311 314 322 330 332 331 332 337 347 360 359 342 334 332 328 322 316 313 312 312 317 327 334 333 328 321 319 320 323 328 331 331 331 333 337 336 334 334 341 350 352 344 337 341 344 336 323 319 318
340 346 348 333 321 319 322 326 328 328 325 325 325 323 321 322 325 331 334 329 324 320 319 318 314 312 314 318 320 320 321 328 341 355 5 4 344 324 322 327 328 326 323 321 316 312 312 316 324 332 337 341 344 346 352 3 358 340 332 331 328 323 318 316 316 316 320 327 333 338 336 326 319 318 319 324 327 330 332 337 339 338 335 335 340 346 348 343 337 341 343 337 325 321 319
339 344 349 335 319 314 315 319 322 323 320 319 320 322 323 324 329 334 333 327 323 318 316 315 311 310 313 316 316 313 312 315 327 348 5 8 352 330 325 327 327 324 322 320 315 311 311 315 322 326 332 340 346 350 358 8 357 335 329 330 328 323 320 318 318 318 321 327 333 340 340 329 319 317 316 317 320 324 329 334 338 338 335 334 336 341 344 345 342 343 345 335 328 326 323
336 341 348 341 338 311 310 313 316 317 316 315 317 321 326 329 328 329 330 328 325 321 317 315 311 310 313 316 315 311 308 307 312 330 354 6 353 331 324 324 323 322 320 318 313 309 310 314 319 320 321 325 336 348 1 9 356 332 326 328 326 323 320 319 318 319 320 324 331 339 340 330 320 317 315 313 314 318 323 327 333 337 339 338 338 342 346 350 351 349 342 331 327 327 325
334 338 346 347 334 332 316 313 314 312 312 312 314 320 327 327 321 321 324 325 325 322 319 317 314 315 319 322 320 317 315 313 315 324 342 357 350 329 320 319 320 319 318 316 311 308 309 314 320 319 317 315 318 335 355 6 354 330 323 325 324 321 319 318 317 317 319 323 329 337 339 331 321 317 315 311 311 316 319 320 324 331 336 339 341 346 351 356 359 355 340 328 324 326 324
329 334 343 348 342 329 318 315 314 311 308 306 307 320 327 321 315 312 314 316 318 319 317 316 316 319 325 329 328 327 327 328 330 334 342 352 351 332 319 318 321 320 317 315 311 307 309 315 322 323 322 317 311 317 336 355 350 330 322 323 322 320 318 318 316 316 319 323 329 336 340 335 323 317 315 312 311 316 320 319 317 318 322 328 335 343 351 359 4 357 340 328 325 325 323
324 329 340 345 343 331 319 313 312 310 311 310 309 322 326 322 318 313 309 310 312 313 313 313 315 320 326 330 332 334 335 336 339 342 346 353 357 342 323 321 323 322 318 315 311 308 309 317 325 328 328 324 316 315 326 343 346 333 322 321 321 320 318 317 316 316 319 323 329 336 341 339 328 319 316 312 310 315 322 323 320 313 309 311 317 328 342 354 1 353 338 330 328 326 324
321 327 337 342 342 332 329 315 315 317 324 328 326 327 328 328 328 325 320 315 313 313 312 312 315 319 322 326 331 335 337 339 343 347 349 355 3 353 330 322 323 322 319 315 312 308 308 316 324 328 329 326 322 324 330 339 346 338 324 318 319 320 319 317 316 317 318 321 327 336 341 342 335 322 315 311 309 313 321 327 327 322 316 316 320 326 333 344 352 346 334 328 326 324 323
326 331 339 341 339 334 329 329 331 331 332 333 333 331 330 332 334 335 332 326 322 320 316 315 317 318 317 319 325 329 332 336 342 347 350 357 5 358 335 323 323 321 318 316 312 307 307 312 321 327 330 327 325 327 333 340 346 342 327 317 317 320 318 316 315 315 316 318 324 333 340 344 342 329 317 312 309 311 318 326 331 330 329 330 333 336 338 340 344 339 328 322 321 319 318
332 336 344 341 334 332 333 336 338 337 335 334 333 331 330 332 336 337 335 331 327 324 320 318 321 319 314 316 320 321 324 328 334 340 347 356 4 1 340 326 322 319 316 314 311 309 308 312 320 327 330 329 328 330 334 339 343 343 335 321 316 318 317 314 312 313 314 314 318 328 337 345 349 339 323 314 310 310 315 323 328 329 331 335 340 343 344 342 342 337 325 318 317 317 317
332 338 347 342 331 328 331 334 335 335 333 331 330 328 328 331 334 332 330 328 325 322 320 321 324 320 315 318 323 324 323 324 326 330 339 351 2 1 342 328 322 318 315 314 313 313 315 318 321 325 328 328 329 332 336 339 341 345 343 330 319 316 316 313 311 312 312 310 313 322 332 343 351 345 327 317 312 311 313 318 323 325 327 332 338 344 347 346 342 337 326 317 317 319 320
330 337 347 342 330 326 328 329 330 330 329 327 325 323 323 328 329 325 322 320 318 316 316 321 325 320 315 318 325 329 330 331 332 335 340 349 1 360 341 329 325 321 319 317 316 317 322 325 323 322 323 325 328 334 339 341 343 347 349 340 324 316 316 314 313 313 311 309 312 319 328 340 351 346 329 318 314 312 312 315 321 325 328 331 337 343 348 349 345 340 329 317 314 317 320
327 335 346 340 328 325 326 327 326 324 324 322 320 318 319 324 326 320 317 315 313 312 313 319 324 319 315 317 322 325 328 331 335 340 345 353 3 0 341 330 328 326 323 319 317 319 325 330 326 320 319 320 324 331 338 342 345 350 354 349 332 319 315 314 314 315 312 311 314 319 326 338 349 346 328 317 314 313 312 313 319 326 330 333 337 343 349 350 348 346 336 319 312 314 317
327 334 343 337 326 322 323 323 322 321 320 319 318 316 318 322 322 318 316 315 313 312 316 321 323 318 317 321 325 324 322 323 327 334 344 355 5 1 342 331 328 326 322 318 317 319 326 333 329 320 316 315 318 325 332 339 345 351 356 355 340 323 316 315 316 315 313 314 317 321 327 337 348 345 327 316 314 312 310 310 315 324 330 332 334 340 347 348 347 349 343 326 317 317 317
329 334 340 336 324 317 317 318 320 319 317 317 316 316 317 320 321 319 319 318 316 316 320 328 323 317 317 323 329 330 327 323 321 325 336 350 4 359 340 329 327 325 321 317 316 318 326 334 331 321 315 313 315 320 324 330 338 347 354 356 345 328 320 318 317 315 313 315 319 324 329 337 347 344 327 317 314 312 309 309 312 321 328 328 327 331 337 341 344 349 344 331 324 324 323
329 334 340 337 325 314 311 314 318 317 313 311 314 317 319 321 322 321 322 321 318 318 325 329 322 316 315 319 326 331 332 332 330 331 335 345 359 354 337 328 326 324 320 316 316 319 326 333 330 321 316 315 317 321 323 324 328 336 345 351 345 331 323 321 318 315 313 314 319 325 331 339 348 344 327 318 316 314 310 308 310 320 325 324 324 326 330 335 342 347 341 330 326 327 325
327 332 339 340 329 314 307 311 320 323 319 320 319 324 324 324 324 323 322 320 318 318 325 326 318 313 313 313 317 324 329 332 336 339 341 347 355 351 337 328 325 323 318 315 317 322 328 332 328 320 316 316 320 326 329 329 330 333 339 347 342 329 323 321 318 315 312 313 318 324 331 339 349 345 328 319 317 315 311 308 310 320 326 325 326 330 333 336 341 344 336 327 325 325 324
324 329 337 341 335 319 307 310 322 329 330 329 328 329 328 326 326 325 322 318 316 317 322 324 316 311 312 312 313 318 322 326 332 342 346 349 354 352 338 327 323 320 316 314 317 326 333 333 326 318 314 315 319 326 333 337 338 338 341 348 343 328 320 318 316 314 312 312 317 324 330 338 348 345 328 320 318 316 313 310 313 322 330 331 331 335 340 343 343 341 333 325 322 323 322
321 326 334 340 340 329 315 314 321 326 329 330 329 328 327 326 327 327 323 320 317 317 321 326 324 319 315 313 313 316 319 319 323 334 343 349 357 354 337 324 320 318 314 312 316 325 334 334 326 316 312 312 315 321 329 336 340 343 346 351 349 334 320 316 314 312 311 310 315 323 331 339 348 343 328 320 319 318 314 312 315 324 333 335 336 340 347 349 347 340 331 324 321 321 321
320 324 331 338 343 337 323 318 320 322 322 323 324 323 323 324 325 325 323 322 318 315 318 325 332 331 323 315 313 316 321 320 318 323 334 348 359 356 337 324 320 317 313 311 313 320 328 333 327 316 310 310 312 315 322 331 337 341 347 353 355 343 323 315 313 311 310 309 313 322 333 343 350 344 328 320 320 319 315 312 315 323 331 333 337 343 350 353 351 342 330 323 321 320 320
321 324 330 336 343 339 326 321 322 322 319 318 318 318 318 320 323 323 322 321 315 311 311 318 330 337 329 318 314 318 325 327 321 317 324 342 359 354 336 325 320 317 314 313 315 317 321 329 330 320 311 310 312 313 318 327 333 337 344 352 358 350 329 317 315 314 312 312 314 323 334 345 352 346 328 319 318 318 314 310 312 319 326 328 333 340 348 352 353 347 333 322 319 319 319
322 325 330 336 342 337 326 323 325 323 319 316 315 314 315 319 323 324 325 322 316 311 308 312 325 336 332 320 313 316 325 331 329 323 321 335 353 349 333 324 320 316 316 318 320 316 317 324 331 326 315 311 313 313 315 323 332 336 340 349 358 351 331 322 320 320 318 316 317 323 333 344 353 348 330 319 317 317 312 308 309 316 323 326 330 336 344 348 351 350 341 327 319 318 318
323 325 330 336 341 334 324 323 324 323 320 317 315 314 317 321 324 327 329 325 321 316 312 313 322 334 333 322 312 311 319 328 334 333 330 335 346 343 330 322 318 316 317 324 325 315 312 318 328 329 319 311 311 310 310 317 328 336 341 349 357 347 330 323 322 321 319 317 318 323 333 343 352 348 331 320 318 317 312 307 307 313 320 326 332 336 341 345 347 347 344 334 323 318 317
322 325 331 336 340 333 321 318 320 321 322 321 317 315 316 320 324 328 328 325 322 319 315 314 322 333 334 324 313 310 314 322 331 336 338 340 345 341 328 320 315 314 318 327 323 313 309 313 322 329 322 311 306 305 305 308 319 332 342 352 356 343 328 322 320 318 317 316 318 325 333 343 352 347 331 321 318 316 312 307 305 309 316 324 330 336 341 345 344 342 342 338 327 319 317
320 323 330 336 338 333 322 315 313 316 321 324 320 317 317 316 322 327 324 320 318 315 313 314 321 332 337 327 315 310 311 316 323 332 338 342 347 344 337 316 312 311 316 323 318 312 308 310 317 326 326 317 309 304 302 303 310 325 339 351 354 341 327 321 319 317 316 315 318 325 334 344 353 347 329 318 315 313 310 306 304 307 314 321 326 330 337 341 340 337 339 338 330 322 318
320 323 331 336 338 334 326 315 307 306 314 322 324 324 320 315 317 323 320 313 310 310 310 313 320 332 340 336 323 313 311 313 319 327 335 341 347 347 330 314 311 315 322 324 320 315 310 310 315 324 328 327 323 316 309 305 308 320 335 346 350 339 328 323 322 321 319 316 317 324 333 343 355 347 326 316 313 312 310 307 306 307 313 320 324 327 331 335 335 335 337 339 333 325 321
320 323 331 337 338 334 328 318 308 302 328 317 328 331 321 312 311 318 322 316 312 310 309 312 319 330 339 341 332 319 313 314 318 325 333 338 345 347 333 316 313 323 329 327 325 321 316 313 316 323 327 331 332 330 321 311 309 319 333 342 346 337 326 321 321 321 318 316 318 324 332 344 357 344 325 317 314 312 310 308 307 307 313 321 327 331 332 332 333 334 337 339 334 326 323
