project/data/elevation/US_DEM2016/US_DEM2016_point_10-27-2019_2035_30m_vel.asc
ncols	125
nrows	167
xllcorner	-2042055.000000
yllcorner	1465035.000000
cellsize	30.000000
NODATA_value	-9999.000000
[rows 38 to 75 of 167, columns 0 to 83 of 125]
6.90 6.81 6.53 6.16 5.78 5.55 5.29 4.79 4.22 3.75 3.81 3.76 4.30 5.17 5.97 5.94 5.70 5.28 5.19 5.43 5.74 6.02 6.35 6.88 7.49 8.06 8.66 9.26 9.48 9.10 8.01 6.62 5.56 5.09 5.15 5.59 5.99 6.08 6.13 6.38 7.05 8.05 8.78 8.82 8.24 7.34 6.45 5.62 5.01 4.33 3.78 3.64 4.10 5.12 5.49 5.44 5.45 5.81 6.32 6.95 7.34 7.03 6.41 5.71 4.79 3.73 2.72 2.20 2.23 2.88 3.53 3.55 3.82 4.72 4.83 4.55 5.05 6.40 7.91 8.95 9.54 10.35 11.10 11.15
6.82 6.63 6.27 5.85 5.42 5.20 5.05 4.78 4.42 4.13 4.00 4.02 4.19 4.93 5.47 5.51 5.56 5.21 4.75 4.38 4.41 4.60 4.85 5.32 6.11 7.00 7.78 8.61 9.33 9.58 9.03 7.83 6.62 5.81 5.62 5.95 6.32 6.62 6.71 6.56 6.59 7.17 8.21 8.91 8.93 8.24 7.06 6.14 5.42 4.58 3.98 3.79 4.00 4.76 5.32 5.44 5.55 5.92 6.42 7.05 7.27 6.61 5.53 5.04 4.60 3.94 3.04 2.20 1.79 2.05 2.82 3.07 3.30 4.07 4.38 4.00 4.07 4.99 6.29 6.96 7.02 8.03 10.16 11.43
6.86 6.65 6.19 5.71 5.42 5.21 5.10 5.03 4.93 4.85 4.81 4.81 4.82 4.93 5.62 5.68 5.44 5.22 4.60 4.01 3.92 4.14 4.40 4.75 5.43 6.20 6.93 7.74 8.62 9.36 9.47 8.74 7.66 6.91 6.55 6.61 6.91 7.25 7.32 7.05 6.58 6.30 6.81 8.12 8.92 8.92 8.07 7.40 6.84 6.12 5.18 4.50 4.35 4.66 5.11 5.22 5.35 5.76 6.48 7.39 7.67 6.69 4.96 4.20 3.86 3.45 3.06 2.51 1.91 1.66 2.00 2.40 2.76 3.44 3.96 3.68 3.52 3.97 5.08 5.76 5.60 6.20 8.43 10.74
7.12 6.90 6.47 6.09 5.89 5.74 5.58 5.49 5.46 5.46 5.47 5.44 5.40 5.47 5.54 5.52 5.52 5.44 5.06 4.54 4.40 4.54 4.72 4.88 5.12 5.55 6.02 6.64 7.55 8.51 9.25 9.02 8.31 7.66 7.31 7.10 7.07 7.17 7.33 7.37 6.92 6.14 5.97 6.91 8.39 8.85 8.36 7.69 7.47 7.26 6.70 5.66 4.85 4.67 4.85 4.90 4.91 5.25 6.22 7.67 8.27 7.38 5.49 4.35 3.84 3.45 3.21 2.91 2.42 1.93 1.70 1.74 2.03 2.67 3.37 3.31 3.13 3.40 4.32 5.10 5.10 5.25 6.47 8.66
7.31 7.15 6.83 6.58 6.39 6.23 6.01 5.84 5.80 5.85 5.86 5.80 5.66 5.77 5.95 5.99 5.97 5.95 5.77 5.47 5.31 5.34 5.40 5.47 5.62 5.77 5.92 6.21 6.79 7.54 8.50 8.68 8.43 8.13 7.84 7.32 6.64 6.20 6.37 6.92 6.96 6.22 5.57 6.07 7.55 8.37 8.03 6.97 6.66 6.79 6.77 6.19 5.30 4.72 4.73 4.88 4.95 5.17 5.98 7.72 8.73 8.29 6.68 5.35 4.62 4.16 3.75 3.31 2.94 2.58 2.15 1.69 1.42 1.68 2.36 2.46 2.40 2.68 3.49 4.43 4.75 4.88 5.48 6.87
7.31 7.17 6.92 6.73 6.62 6.54 6.43 6.31 6.23 6.21 6.20 6.12 5.94 6.25 6.10 6.20 6.26 6.29 6.24 6.05 5.98 6.06 6.12 6.11 6.15 6.19 6.27 6.38 6.63 6.96 7.63 7.98 7.98 7.89 7.84 7.53 6.68 5.71 5.42 6.03 6.68 6.40 5.60 5.56 6.86 7.97 7.75 6.40 5.39 5.03 5.08 5.24 5.05 4.70 4.73 5.10 5.47 5.82 6.52 7.90 9.05 9.01 7.83 6.58 5.58 4.91 4.44 4.01 3.66 3.25 2.78 2.17 1.50 1.23 1.46 1.59 1.47 1.64 2.29 3.37 4.04 4.54 5.03 5.73
7.23 7.11 6.93 6.84 6.88 6.99 7.08 7.05 6.89 6.70 6.59 6.49 6.28 6.30 6.19 6.28 6.36 6.42 6.39 6.22 6.11 6.14 6.22 6.21 6.17 6.14 6.22 6.33 6.49 6.64 7.09 7.33 7.35 7.07 7.15 7.42 7.25 6.38 5.30 5.19 5.92 6.27 5.79 5.44 6.36 7.63 7.52 6.18 4.85 4.17 3.95 4.04 4.21 4.25 4.56 5.14 5.75 6.30 6.93 7.92 9.09 9.39 8.55 7.28 6.15 5.49 5.09 4.71 4.24 3.62 3.15 2.76 2.27 1.78 1.56 1.43 1.18 1.07 1.30 2.11 2.90 3.71 4.29 4.85
7.14 7.14 7.14 7.15 7.18 7.26 7.35 7.41 7.33 7.11 6.93 6.80 6.65 6.55 6.63 6.66 6.64 6.61 6.52 6.26 5.92 5.70 5.72 5.82 5.93 5.98 6.02 6.11 6.28 6.37 6.67 6.91 6.89 6.40 6.13 6.70 7.30 7.17 6.00 5.07 5.16 5.79 5.76 5.40 6.11 7.43 7.54 6.37 5.32 4.78 4.37 3.98 3.70 3.70 4.18 4.87 5.47 6.02 6.58 7.49 8.74 9.45 9.04 7.88 6.83 6.15 5.60 5.08 4.51 3.99 3.64 3.44 3.19 2.87 2.50 2.14 1.77 1.46 1.20 1.56 2.06 2.67 3.44 4.18
6.90 7.02 7.19 7.25 7.18 7.07 6.97 6.99 7.08 7.07 6.98 6.81 6.79 6.87 7.00 7.04 6.98 6.83 6.62 6.30 5.84 5.46 5.33 5.44 5.67 5.84 5.94 6.02 6.10 6.06 6.22 6.57 6.74 6.14 5.37 5.55 6.46 7.18 6.82 5.67 5.00 5.28 5.57 5.64 6.30 7.48 7.66 6.70 5.81 5.24 4.78 4.29 3.84 3.71 4.12 4.56 5.08 5.66 6.25 7.18 8.40 9.39 9.33 8.42 7.39 6.56 5.72 5.22 4.94 4.75 4.59 4.40 4.21 3.96 3.69 3.35 2.90 2.42 2.08 1.93 2.41 2.42 2.92 3.75
6.53 6.56 6.69 6.87 6.87 6.69 6.45 6.30 6.38 6.57 6.59 6.46 6.70 6.52 6.60 6.75 6.83 6.78 6.60 6.30 5.91 5.54 5.30 5.26 5.39 5.57 5.71 5.82 5.83 5.70 5.77 6.20 6.71 6.20 5.03 4.75 5.41 6.51 7.04 6.57 5.57 5.34 5.59 5.98 6.59 7.58 7.80 6.86 5.64 4.93 4.65 4.40 4.21 4.35 4.64 4.83 5.15 5.70 6.29 7.08 8.24 9.35 9.44 8.66 7.69 6.74 6.01 5.69 5.69 5.79 5.80 5.68 5.52 5.30 5.01 4.68 4.26 3.71 3.21 2.89 2.62 2.65 2.87 3.40
6.43 6.20 5.96 6.21 6.50 6.45 6.17 5.91 5.85 5.99 6.07 6.05 5.96 5.94 5.84 5.96 6.22 6.46 6.52 6.32 5.98 5.59 5.28 5.12 5.12 5.23 5.29 5.37 5.43 5.35 5.54 6.09 6.74 6.52 5.26 4.32 4.55 5.58 6.65 6.85 6.16 5.54 5.42 5.65 6.19 7.33 7.89 7.06 5.66 5.02 4.89 4.96 5.12 5.34 5.57 5.52 5.52 5.80 6.30 7.06 8.23 9.47 9.71 9.03 8.24 7.66 7.33 7.27 7.36 7.50 7.53 7.45 7.31 7.16 6.91 6.60 6.21 5.66 4.96 4.18 3.41 2.92 2.88 3.01
6.60 6.34 5.76 5.68 6.10 6.42 6.32 6.00 5.79 5.80 5.96 6.09 6.08 5.86 5.72 5.73 5.93 6.25 6.47 6.40 6.06 5.62 5.23 5.01 4.95 5.00 5.00 5.01 5.07 5.00 5.18 5.80 6.72 7.05 6.18 4.65 4.23 4.79 5.88 6.48 6.17 5.50 5.09 5.00 5.46 6.76 7.85 7.50 6.27 5.65 5.72 5.99 6.24 6.35 6.30 5.99 5.78 5.86 6.26 7.01 8.12 9.50 10.04 9.76 9.09 8.77 8.72 8.81 9.01 9.16 9.24 9.22 9.14 9.05 8.90 8.65 8.29 7.84 7.09 5.97 4.71 3.54 2.98 2.80
6.67 6.59 6.10 5.63 5.76 6.28 6.61 6.47 6.16 6.10 6.38 6.68 6.75 6.54 6.30 6.16 6.17 6.32 6.50 6.52 6.26 5.79 5.30 4.97 4.88 4.95 4.99 5.00 4.87 4.54 4.37 4.96 6.12 7.17 7.13 5.87 4.88 4.83 5.54 6.20 6.17 5.76 5.44 5.26 5.48 6.42 7.66 7.80 7.06 6.70 6.82 6.90 6.96 6.78 6.49 6.06 5.85 5.85 5.99 6.41 7.29 8.77 9.79 9.79 9.31 8.89 8.75 8.77 8.85 8.98 9.13 9.25 9.27 9.25 9.20 9.15 9.02 8.80 8.39 7.77 6.75 5.32 3.84 3.01
6.56 6.56 6.28 5.88 5.68 5.96 6.50 6.74 6.52 6.36 6.70 7.15 7.30 7.17 6.92 6.62 6.40 6.39 6.53 6.63 6.49 6.10 5.56 5.07 4.83 4.88 5.04 5.17 4.89 4.05 3.59 3.91 4.92 6.46 7.21 6.88 5.95 5.66 6.04 6.55 6.69 6.64 6.56 6.38 6.36 6.81 7.69 8.14 8.28 8.25 8.04 7.69 7.28 6.71 6.31 5.88 5.65 5.47 5.40 5.51 6.05 7.21 8.76 9.23 8.84 7.96 7.25 6.86 6.52 6.51 6.72 7.13 7.31 7.41 7.50 7.70 8.01 8.03 7.88 7.84 7.63 6.96 5.76 4.26
6.48 6.28 5.93 5.67 5.48 5.57 6.06 6.60 6.60 6.30 6.48 6.90 7.21 7.27 7.08 6.73 6.37 6.24 6.39 6.56 6.51 6.24 5.83 5.30 4.87 4.76 5.01 5.38 5.12 3.93 3.10 3.12 3.79 5.05 6.54 6.92 6.56 6.43 6.71 7.17 7.41 7.44 7.34 7.29 7.32 7.47 7.81 8.31 8.74 8.92 8.81 8.23 7.49 6.69 6.17 5.73 5.41 5.12 5.07 5.13 5.46 6.28 7.61 8.56 8.38 7.03 5.73 4.73 4.11 3.83 3.91 4.38 4.81 5.00 5.26 5.56 6.15 6.37 6.15 6.15 6.57 6.72 6.39 5.51
6.63 6.19 5.54 5.15 4.96 5.02 5.50 6.21 6.48 6.17 6.63 6.29 6.47 6.71 6.67 6.46 6.13 5.92 6.01 6.29 6.37 6.20 5.97 5.62 5.15 4.82 5.01 5.58 5.51 4.39 3.24 2.88 3.16 4.05 5.47 6.37 6.49 6.43 6.60 7.04 7.43 7.50 7.45 7.44 7.48 7.43 7.52 7.76 8.10 8.52 8.75 8.46 7.65 6.84 6.27 5.85 5.54 5.30 5.35 5.41 5.66 6.23 7.29 8.39 8.41 7.07 5.48 4.40 3.76 3.27 2.87 2.75 3.03 3.37 3.66 4.01 4.70 5.15 4.93 4.50 4.54 4.84 4.90 4.81
6.94 6.42 5.59 5.09 4.73 4.49 4.71 5.49 5.97 5.82 5.49 5.69 5.45 5.80 5.86 5.85 5.72 5.50 5.52 5.89 6.25 6.28 6.14 5.94 5.53 5.14 5.18 5.74 5.92 5.19 4.09 3.37 3.15 3.49 4.55 5.61 5.94 5.91 5.94 6.23 6.67 6.94 6.99 6.98 6.94 6.85 6.80 6.76 6.66 7.18 8.01 8.32 7.82 7.09 6.53 6.15 5.85 5.68 5.72 5.73 5.88 6.32 7.26 8.52 8.83 7.73 6.20 5.12 4.42 3.83 3.20 2.55 2.28 2.36 2.58 2.87 3.55 4.16 4.12 3.61 3.30 3.25 3.22 3.26
7.21 6.73 6.02 5.59 5.17 4.61 4.25 4.55 5.08 5.14 4.93 5.43 4.81 5.17 5.26 5.70 5.32 5.21 5.16 5.50 6.07 6.45 6.48 6.26 5.96 5.63 5.54 5.91 6.10 5.67 4.76 3.98 3.40 3.24 3.93 4.90 5.43 5.60 5.57 5.68 5.97 6.29 6.40 6.40 6.29 6.16 6.03 5.79 5.75 6.21 7.17 7.85 7.68 7.16 6.59 6.25 5.94 5.70 5.65 5.59 5.65 5.99 6.94 8.39 9.01 8.23 6.86 5.81 4.95 4.28 3.66 3.10 2.59 2.29 2.21 2.31 2.78 3.30 3.37 3.23 2.37 2.99 2.97 3.05
7.29 7.02 6.66 6.44 6.08 5.51 4.75 4.50 4.66 4.82 4.80 5.67 5.76 5.29 5.41 5.37 5.40 5.37 5.26 5.42 5.95 6.55 6.77 6.72 6.53 6.32 6.17 6.25 6.26 5.88 5.09 4.55 4.10 3.79 4.02 4.75 5.50 5.89 5.92 5.92 6.02 6.15 6.13 6.07 5.87 5.60 5.29 5.10 4.96 5.26 6.21 7.09 7.26 6.83 6.31 5.99 5.67 5.35 5.19 5.08 5.16 5.49 6.44 7.90 8.75 8.35 7.24 6.21 5.35 4.74 4.23 3.88 3.57 3.15 2.72 2.33 2.32 2.42 3.13 3.23 3.32 3.42 3.63 3.83
7.14 7.11 7.08 7.13 7.01 6.62 5.99 5.45 5.18 5.16 6.29 5.31 5.62 5.99 6.24 6.30 6.26 6.23 6.05 5.96 6.22 6.70 7.06 7.25 7.25 7.15 7.00 6.86 6.65 6.31 5.92 5.63 5.38 5.10 4.96 5.27 5.93 6.42 6.64 6.69 6.70 6.52 6.28 6.05 5.67 5.16 4.82 4.40 4.17 4.36 5.22 6.25 6.69 6.35 5.96 5.68 5.36 5.02 4.82 4.83 5.04 5.45 6.38 7.67 8.51 8.29 7.36 6.45 5.72 5.28 5.02 4.80 4.50 4.14 3.67 3.36 3.32 3.37 3.49 3.72 4.03 4.35 4.57 4.38
6.83 6.83 6.89 7.12 7.40 7.41 7.02 6.44 5.90 5.55 5.48 5.70 6.18 6.66 7.09 7.28 7.35 7.38 7.31 7.11 7.06 7.12 7.33 7.59 7.76 7.72 7.67 7.50 7.14 6.72 6.47 6.26 6.11 5.92 5.63 5.57 5.86 6.32 6.77 7.08 7.19 7.04 6.75 6.30 5.50 4.76 4.27 3.87 3.54 3.47 4.18 5.25 5.85 5.87 5.70 5.54 5.36 5.20 5.15 5.29 5.53 5.99 6.81 7.96 8.68 8.52 7.63 6.90 6.36 5.94 5.73 5.55 5.25 4.86 4.46 4.18 4.08 4.11 4.29 4.62 4.97 5.12 5.13 4.95
6.56 6.44 6.37 6.54 6.98 7.38 7.44 7.01 6.34 5.73 6.96 5.53 6.04 6.68 7.09 7.44 7.63 7.72 7.81 7.78 7.61 7.42 7.37 7.49 7.72 7.84 7.90 7.80 7.51 6.97 6.29 5.77 5.57 5.55 5.47 5.49 5.63 5.94 6.33 6.82 7.21 7.33 7.32 6.86 5.63 4.31 3.67 3.42 3.04 2.83 3.14 4.01 4.88 5.33 5.54 5.64 5.70 5.76 5.82 5.78 5.94 6.36 7.06 8.26 9.17 9.45 8.59 7.74 7.21 6.79 6.35 6.03 5.80 5.65 5.44 5.23 5.21 5.33 5.56 5.77 5.81 5.65 5.35 4.99
6.43 6.31 6.11 5.97 6.08 6.45 6.90 6.96 6.50 5.83 5.27 5.04 5.22 5.63 6.04 6.38 6.66 6.75 6.75 6.85 6.94 6.86 6.75 6.80 7.02 7.29 7.43 7.56 7.55 7.28 6.68 5.82 5.20 4.98 5.16 5.50 5.81 5.99 6.15 6.44 6.86 7.22 7.69 7.55 6.21 4.40 3.52 3.22 2.94 2.73 2.78 3.29 4.14 4.90 5.45 5.86 6.16 6.37 6.40 6.18 6.12 6.46 7.05 8.16 9.49 10.36 10.14 8.98 8.04 7.60 7.15 6.79 6.70 6.89 6.98 6.99 7.05 7.10 7.06 6.81 6.44 6.03 5.54 5.06
6.30 6.17 5.91 5.64 5.35 5.36 5.85 6.32 6.24 5.65 4.93 4.35 4.07 4.10 4.31 4.58 4.95 5.14 4.98 4.82 5.05 5.35 5.46 5.55 5.71 6.10 6.58 6.90 7.01 7.10 7.18 6.96 6.34 5.71 5.44 5.59 5.81 5.95 5.96 6.04 6.37 7.02 7.89 8.10 7.05 5.27 4.27 3.90 3.65 3.52 3.53 3.78 4.29 4.88 5.37 5.81 6.25 6.69 6.88 6.86 6.81 6.92 7.10 7.74 9.09 10.40 10.73 10.16 9.23 8.72 8.55 8.39 8.40 8.54 8.60 8.54 8.43 8.29 8.04 7.53 6.98 6.48 5.94 5.30
6.24 5.95 5.51 5.28 5.10 5.01 5.20 5.65 5.84 5.46 4.74 3.96 3.34 2.98 2.83 2.98 3.53 4.14 4.30 3.99 3.72 3.83 4.12 4.33 4.60 5.11 5.93 6.28 6.16 5.95 6.42 6.99 7.07 6.69 5.98 5.56 5.35 5.42 5.46 5.54 5.88 6.79 7.88 8.39 7.87 6.86 6.09 5.60 5.19 4.94 4.89 4.93 5.03 5.18 5.29 5.49 5.85 6.38 6.85 7.13 7.25 7.13 7.01 7.14 7.84 9.11 10.20 10.28 9.98 9.68 9.62 9.50 9.37 9.29 9.16 8.90 8.60 8.34 8.07 7.73 7.32 6.89 6.36 5.38
6.50 6.07 5.40 5.08 5.05 5.10 5.20 5.45 5.69 5.60 5.11 4.40 3.68 3.04 2.56 2.34 3.08 3.66 4.44 4.43 3.95 3.56 3.37 3.43 3.84 4.62 5.61 5.93 5.53 4.77 4.87 5.59 6.32 6.52 6.02 5.29 4.75 4.65 4.89 5.15 5.53 6.42 7.60 8.35 8.30 7.91 7.58 7.11 6.55 6.09 5.68 5.43 5.35 5.38 5.36 5.39 5.63 6.08 6.47 6.64 6.71 6.65 6.59 6.54 6.85 7.70 8.88 9.56 9.64 9.51 9.32 8.99 8.66 8.49 8.39 8.14 7.69 7.24 7.22 7.32 7.17 6.84 6.43 5.77
6.82 6.48 5.89 5.47 5.33 5.40 5.55 5.73 5.88 5.95 5.82 5.42 4.88 4.13 3.36 2.71 2.60 3.37 4.69 5.39 5.26 4.52 3.64 3.09 3.32 4.36 5.47 5.82 5.30 4.34 3.92 4.10 4.83 5.36 5.40 5.10 4.76 4.61 4.77 5.16 5.62 6.38 7.26 8.00 8.13 7.92 7.71 7.54 7.18 6.61 5.86 5.37 5.28 5.40 5.45 5.47 5.61 5.91 6.05 6.01 5.91 5.88 5.97 6.09 6.35 6.98 7.89 8.60 8.70 8.43 8.17 7.75 7.15 6.88 7.08 7.20 6.74 6.02 5.85 6.35 6.52 6.24 5.89 5.48
6.89 6.70 6.35 6.06 5.87 5.83 5.98 6.24 6.42 6.61 6.75 6.69 6.44 5.82 4.95 4.01 3.21 3.23 4.32 5.75 6.36 6.06 4.99 3.81 3.50 4.30 5.38 5.88 5.61 4.76 4.04 3.62 3.71 4.18 4.72 5.15 5.43 5.61 5.70 5.82 6.10 6.61 7.17 7.68 7.68 7.28 7.06 7.11 7.12 6.91 6.25 5.63 5.38 5.40 5.44 5.43 5.47 5.56 5.60 5.57 5.56 5.57 5.70 5.82 6.01 6.59 7.35 7.83 7.72 7.40 7.19 6.97 6.46 5.85 5.82 6.37 6.29 5.42 4.72 5.08 5.59 5.33 4.94 4.61
6.82 6.71 6.50 6.26 6.15 6.16 6.37 6.71 7.07 7.45 7.75 7.91 7.75 7.25 6.43 5.43 4.28 3.48 3.76 5.24 6.56 7.06 6.65 5.53 4.54 4.63 5.36 5.99 6.21 5.78 5.14 4.48 4.07 4.15 4.67 5.34 5.90 6.35 6.49 6.44 6.45 6.74 7.22 7.60 7.40 6.70 6.35 6.35 6.51 6.64 6.49 5.98 5.54 5.44 5.44 5.46 5.47 5.39 5.34 5.39 5.42 5.46 5.60 5.63 5.81 6.48 7.21 7.40 6.97 6.71 6.53 6.44 6.38 5.77 5.14 5.46 5.88 5.38 4.35 4.15 4.60 4.59 4.18 3.87
6.70 6.68 6.57 6.29 6.13 6.18 6.40 6.73 7.28 7.65 8.14 8.48 8.64 8.45 7.89 6.98 5.71 4.37 3.82 4.59 5.98 7.19 7.42 6.85 5.87 5.34 5.53 6.01 6.44 6.51 6.30 5.87 5.34 5.03 5.09 5.36 5.60 5.91 6.16 6.24 6.33 6.70 7.30 7.67 7.30 6.26 5.69 5.52 5.47 5.65 5.95 5.84 5.46 5.33 5.38 5.47 5.40 5.19 5.03 5.10 5.18 5.29 5.44 5.61 5.89 6.63 7.31 7.21 6.39 6.08 5.99 5.78 6.05 6.05 5.36 5.07 5.42 5.42 4.39 4.00 4.12 3.36 3.99 3.77
6.54 6.59 6.56 6.30 6.06 5.99 6.03 6.10 6.26 6.63 7.21 7.89 8.55 8.93 8.93 8.50 7.48 5.88 4.56 4.39 5.18 6.53 7.36 7.40 6.80 6.12 5.80 5.86 6.02 6.29 6.54 6.57 6.29 5.77 5.34 5.12 5.04 5.15 5.43 5.79 6.17 6.74 7.48 7.90 7.39 6.13 5.32 4.94 4.72 4.67 4.92 5.08 4.97 4.89 5.04 5.01 4.85 4.71 4.62 4.70 4.83 4.95 5.20 5.51 5.93 6.76 7.54 7.26 5.98 5.34 5.32 4.99 5.00 5.58 5.59 5.19 5.19 5.28 4.92 4.45 4.27 4.13 4.06 4.08
6.38 6.43 6.38 6.25 6.06 5.90 5.78 5.52 5.19 5.04 5.28 6.10 7.25 8.26 8.92 9.15 8.79 7.65 5.92 4.85 4.96 5.92 6.78 7.32 7.21 6.61 6.07 5.78 5.48 5.44 5.70 6.03 6.15 5.83 5.35 5.00 4.86 4.99 5.39 5.80 6.19 6.84 7.67 8.23 7.81 6.56 5.57 4.96 4.51 4.17 4.10 4.30 4.45 4.59 4.59 4.29 4.06 4.12 4.21 4.32 4.39 4.35 4.59 5.02 5.59 6.74 7.79 7.60 6.14 4.99 4.75 4.47 4.33 4.79 5.27 5.29 5.27 5.14 5.37 5.18 4.91 4.54 4.40 4.57
6.29 6.28 6.21 6.20 6.13 6.01 5.89 5.68 5.22 4.61 4.15 4.25 5.14 6.51 7.75 8.60 9.03 8.78 7.54 5.95 5.51 5.89 6.40 7.04 7.32 7.05 6.54 5.98 5.36 4.84 4.57 4.66 5.05 5.26 5.20 5.05 5.00 5.11 5.45 5.82 6.19 6.84 7.72 8.44 8.24 7.06 5.86 5.01 4.56 4.31 4.25 4.41 4.56 4.53 4.50 3.98 3.83 4.00 4.10 4.17 4.14 3.93 3.93 4.38 5.20 6.52 7.93 8.14 7.01 5.72 5.14 4.82 4.57 4.71 5.08 5.32 5.49 5.71 5.81 5.77 5.59 5.30 5.13 5.29
6.28 6.24 6.18 6.20 6.22 6.19 6.16 6.20 6.12 5.61 4.72 3.99 3.92 4.68 6.01 7.27 8.26 8.89 8.52 7.28 6.47 6.50 6.75 7.14 7.47 7.54 7.29 6.67 5.87 5.15 4.53 4.26 4.32 4.58 4.80 4.90 4.96 4.99 5.18 5.59 6.02 6.64 7.51 8.37 8.41 7.26 5.96 5.32 5.17 5.24 5.36 5.34 5.20 4.96 4.89 4.49 4.65 4.86 4.91 4.84 4.71 4.45 4.33 4.60 5.40 6.60 8.06 8.72 8.28 7.28 6.46 5.95 5.51 5.33 5.43 5.57 5.74 5.99 6.15 6.21 6.24 6.29 6.37 6.64
6.24 6.16 6.13 6.21 6.32 6.35 6.38 6.61 6.96 7.04 6.52 5.53 4.65 4.44 5.02 6.16 7.27 8.37 8.77 8.24 7.46 7.23 7.32 7.46 7.61 7.87 8.00 7.72 6.99 6.36 5.79 5.29 4.88 4.71 4.72 4.80 4.86 4.87 4.98 5.25 5.69 6.32 7.25 8.27 8.53 7.71 6.77 6.49 6.46 6.44 6.38 6.15 5.74 5.34 5.20 5.34 5.67 6.04 6.26 6.27 6.16 6.07 6.02 6.18 6.54 7.21 8.27 9.16 9.14 8.32 7.41 6.73 6.16 5.82 5.81 5.91 6.04 6.28 6.52 6.80 7.25 7.77 8.17 8.43
6.17 6.07 6.05 6.19 6.39 6.47 6.52 6.77 7.26 7.77 7.89 7.51 6.74 5.90 5.58 5.91 6.64 7.72 8.62 8.72 8.30 7.85 7.67 7.69 7.68 7.87 8.25 8.41 8.07 7.47 6.85 6.34 5.89 5.55 5.25 5.06 4.97 4.85 4.85 5.09 5.54 6.25 7.23 8.32 8.63 8.02 7.35 7.07 6.85 6.53 6.34 6.24 5.98 5.55 5.39 5.51 5.74 6.18 6.69 7.04 7.17 7.22 7.14 7.09 7.10 7.24 7.85 9.00 9.35 8.67 7.65 6.90 6.41 6.06 5.97 6.12 6.39 6.74 7.05 7.49 8.14 8.79 9.16 9.27
6.12 6.05 6.05 6.20 6.41 6.50 6.49 6.63 7.14 7.82 8.34 8.52 8.33 7.80 7.10 6.62 6.67 7.27 8.08 8.60 8.60 8.21 7.92 7.87 7.71 7.57 7.86 8.38 8.47 8.03 7.32 6.66 6.11 5.77 5.43 5.10 4.93 4.78 4.83 5.18 5.68 6.28 7.17 8.25 8.58 7.84 6.81 6.28 5.81 5.37 5.17 5.35 5.55 5.40 5.16 5.11 5.26 5.59 6.10 6.60 6.92 7.06 6.95 6.82 6.74 6.62 6.91 8.33 9.32 8.98 7.85 7.09 6.68 6.30 6.13 6.25 6.63 7.07 7.37 7.63 7.94 8.19 8.30 8.45
6.08 6.07 6.16 6.31 6.49 6.62 6.64 6.74 7.15 7.54 7.86 8.15 8.33 8.24 7.85 7.40 7.14 7.17 7.46 7.89 8.18 8.13 8.06 8.12 7.92 7.34 7.05 7.59 8.20 8.21 7.63 6.81 5.89 5.31 5.02 4.83 4.75 4.71 4.79 5.01 5.31 5.80 6.70 7.92 8.49 7.80 6.31 5.28 4.93 4.65 4.37 4.42 4.71 4.84 4.81 4.86 5.01 5.17 5.46 5.82 6.11 6.31 6.37 6.32 6.28 6.15 6.33 7.62 9.07 9.29 8.33 7.41 6.96 6.63 6.47 6.62 7.04 7.50 7.67 7.44 6.85 6.01 5.54 5.83
