project/data/elevation/US_DEM2016/US_DEM2016_point_10-27-2019_2135_30m_vel.asc
ncols	125
nrows	167
xllcorner	-2042055.000000
yllcorner	1465035.000000
cellsize	30.000000
NODATA_value	-9999.000000
[rows 0 to 37 of 167, columns 0 to 83 of 125]
5.39 4.77 3.92 3.41 3.44 4.49 5.87 6.82 7.13 7.12 6.93 6.74 7.02 7.47 7.28 6.65 5.72 5.19 5.44 6.35 7.15 7.24 6.91 6.54 6.20 5.91 5.68 5.45 5.55 5.63 5.54 5.35 5.13 4.84 4.44 4.15 4.29 4.79 5.43 5.98 6.39 6.69 6.90 6.96 6.72 6.26 5.75 5.70 5.99 6.09 5.73 5.31 4.86 4.54 4.48 4.66 4.75 4.57 4.39 4.20 4.05 4.02 4.28 4.95 5.47 5.72 5.66 5.23 4.58 4.18 3.99 3.92 3.95 4.06 4.26 4.43 4.50 4.73 5.28 5.64 5.59 5.73 6.19 6.11
5.39 4.77 3.92 3.41 3.44 4.49 5.87 6.82 7.13 7.12 6.93 6.74 7.02 7.47 7.28 6.65 5.72 5.19 5.44 6.35 7.15 7.24 6.91 6.54 6.20 5.91 5.68 5.45 5.55 5.63 5.54 5.35 5.13 4.84 4.44 4.15 4.29 4.79 5.43 5.98 6.39 6.69 6.90 6.96 6.72 6.26 5.75 5.70 5.99 6.09 5.73 5.31 4.86 4.54 4.48 4.66 4.75 4.57 4.39 4.20 4.05 4.02 4.28 4.95 5.47 5.72 5.66 5.23 4.58 4.18 3.99 3.92 3.95 4.06 4.26 4.43 4.50 4.73 5.28 5.64 5.59 5.73 6.19 6.11
6.12 5.41 4.26 3.37 2.86 3.30 4.38 5.39 6.15 6.60 6.77 6.59 6.38 6.72 7.06 6.86 6.18 5.63 5.57 5.98 6.57 6.73 6.63 6.45 6.26 6.09 5.80 5.54 5.51 5.58 5.60 5.48 5.29 5.07 4.65 4.19 4.02 4.17 4.52 5.08 5.58 5.92 6.19 6.45 6.58 6.47 6.16 5.90 5.92 5.95 5.75 5.40 4.99 4.55 4.35 4.51 4.80 4.95 4.91 4.67 4.32 3.97 3.94 4.29 4.76 5.21 5.51 5.54 5.29 4.83 4.47 4.25 4.11 4.06 4.12 4.25 4.27 4.24 4.53 5.15 5.24 5.14 5.57 6.09
7.38 6.48 4.92 3.61 2.42 1.86 2.10 2.90 4.00 5.21 6.11 5.97 5.31 5.37 6.46 6.95 6.42 5.88 5.59 5.56 5.82 6.07 6.22 6.23 6.24 6.25 6.03 5.73 5.58 5.64 5.80 5.83 5.73 5.60 5.23 4.62 4.08 3.70 3.42 3.60 4.32 4.94 5.40 5.84 6.25 6.50 6.52 6.28 6.04 5.97 5.93 5.64 5.18 4.59 4.19 4.05 4.29 4.81 5.25 5.42 5.17 4.53 3.92 3.68 3.78 4.21 4.83 5.37 5.61 5.56 5.32 4.97 4.60 4.28 4.08 4.02 3.91 3.61 3.57 4.14 4.38 4.16 4.55 5.80
8.11 7.12 5.40 4.03 2.82 1.80 1.28 1.49 2.40 3.67 4.84 5.10 4.58 4.58 5.87 6.68 6.06 5.27 5.18 5.40 5.66 5.93 6.10 6.04 5.99 6.06 6.05 5.91 5.85 5.96 6.19 6.32 6.33 6.22 5.94 5.45 4.87 4.30 3.55 3.12 3.48 4.25 4.98 5.58 5.92 6.11 6.26 6.37 6.31 6.26 6.27 5.99 5.37 4.72 4.23 3.69 3.55 3.80 4.38 5.09 5.47 5.28 4.66 4.04 3.78 3.78 3.95 4.30 4.77 5.08 5.16 5.06 4.83 4.53 4.23 3.98 3.76 3.49 3.33 3.48 3.56 3.39 3.66 5.02
8.36 7.40 5.70 4.42 3.38 2.44 1.54 1.10 1.40 2.35 3.50 4.18 4.03 4.08 5.43 6.52 6.10 4.96 4.71 5.02 5.48 5.92 6.13 5.92 5.72 5.83 5.96 5.95 6.01 6.23 6.53 6.76 6.81 6.66 6.41 6.07 5.62 5.07 4.27 3.36 2.93 3.15 3.84 4.69 5.34 5.63 5.77 6.02 6.26 6.46 6.54 6.33 5.87 5.21 4.55 3.94 3.67 3.60 3.71 4.11 4.77 5.19 5.04 4.53 4.16 3.94 3.80 3.83 4.03 4.29 4.52 4.64 4.61 4.49 4.27 4.01 3.76 3.53 3.33 3.23 3.12 2.85 2.91 4.01
8.41 7.56 5.97 4.88 4.01 3.18 2.32 1.51 1.18 1.40 2.21 3.08 3.27 3.54 4.81 6.22 6.39 5.35 4.51 4.40 5.00 5.79 6.11 5.86 5.66 5.75 5.87 5.85 5.87 6.13 6.53 6.89 6.99 6.90 6.70 6.49 6.20 5.77 5.10 4.11 3.13 2.65 2.74 3.37 4.28 4.80 5.02 5.29 5.84 6.32 6.53 6.43 6.17 5.95 5.53 4.94 4.63 4.42 4.20 4.11 4.30 4.69 4.86 4.72 4.51 4.31 4.09 3.92 3.90 4.02 4.21 4.39 4.48 4.46 4.35 4.14 3.88 3.61 3.32 3.12 2.94 2.68 2.60 3.21
8.16 7.52 6.32 5.46 4.79 3.96 3.10 2.31 1.69 1.35 1.45 1.93 2.32 2.82 3.96 5.50 6.18 5.62 4.56 4.07 4.51 5.40 5.86 5.83 5.70 5.73 5.84 5.80 5.68 5.80 6.25 6.74 7.02 7.07 7.02 7.04 7.00 6.75 6.23 5.40 4.33 3.29 2.64 2.53 3.03 3.83 4.31 4.67 5.30 5.99 6.24 6.17 6.06 6.27 6.41 6.22 5.79 5.43 5.10 4.79 4.60 4.60 4.70 4.77 4.80 4.75 4.52 4.17 3.94 3.98 4.16 4.37 4.53 4.57 4.51 4.39 4.17 3.85 3.44 3.10 2.86 2.66 2.60 2.82
7.78 7.42 6.79 6.20 5.63 4.88 4.05 3.32 2.71 2.03 1.62 1.52 1.59 2.03 3.02 4.45 5.42 5.38 4.68 4.19 4.39 4.96 5.33 5.51 5.52 5.54 5.71 5.86 5.79 5.69 5.98 6.50 6.95 7.17 7.35 7.66 7.92 7.92 7.64 7.03 6.12 5.01 3.84 2.92 2.71 3.22 4.06 4.71 5.33 5.79 5.90 5.62 5.34 5.54 6.04 6.29 6.10 5.76 5.44 5.18 4.97 4.86 4.79 4.84 5.06 5.27 5.07 4.48 3.97 3.86 4.10 4.42 4.64 4.70 4.67 4.64 4.57 4.37 3.91 3.37 3.01 2.78 2.69 2.40
7.21 7.36 7.32 6.95 6.44 5.85 5.08 4.44 3.85 3.24 2.59 2.04 1.65 1.60 2.17 3.43 4.53 4.91 4.77 4.58 4.67 4.78 4.84 5.05 5.23 5.27 5.37 5.64 5.85 5.85 5.97 6.30 6.72 6.95 7.13 7.47 7.89 8.18 8.26 8.10 7.68 6.96 5.95 4.63 3.45 3.31 3.98 4.92 5.56 5.79 5.75 5.18 4.55 4.14 4.52 5.21 5.59 5.57 5.42 5.26 5.15 5.08 4.91 4.76 5.12 5.66 5.69 5.04 4.23 3.79 3.98 4.49 4.84 4.92 4.92 4.94 5.02 5.03 4.73 4.21 3.72 3.41 3.19 3.00
6.70 7.07 7.62 7.56 7.15 6.69 6.17 5.69 5.18 4.62 4.01 3.32 2.57 1.94 1.88 2.60 3.66 4.35 4.74 4.99 5.15 5.03 4.85 4.92 5.10 5.16 5.13 5.23 5.58 5.90 6.02 6.13 6.31 6.39 6.29 6.30 6.68 7.27 7.75 8.05 8.16 8.03 7.54 6.47 4.93 3.84 3.85 4.82 5.62 5.83 5.68 5.19 4.46 3.87 3.81 4.27 4.89 5.21 5.31 5.34 5.32 5.26 5.04 4.65 4.80 5.64 6.13 5.74 4.90 4.08 4.01 4.62 5.11 5.18 5.18 5.23 5.38 5.48 5.40 5.08 4.66 4.29 4.00 3.66
5.90 6.34 7.11 7.56 7.62 7.38 7.05 6.76 6.47 6.00 5.46 4.81 4.04 3.10 2.40 2.48 3.10 3.76 4.43 5.10 5.51 5.46 5.19 5.08 5.10 5.17 5.19 5.19 5.35 5.65 5.73 5.71 5.73 5.72 5.45 5.21 5.37 5.85 6.40 6.91 7.36 7.82 8.06 7.72 6.58 5.03 4.35 4.93 5.61 5.76 5.49 5.25 4.86 4.34 4.00 4.02 4.39 4.83 5.18 5.43 5.51 5.45 5.24 4.78 4.55 5.22 6.13 6.31 5.71 4.86 4.41 4.79 5.18 5.24 5.19 5.20 5.30 5.41 5.31 5.03 4.62 4.21 3.95 3.78
5.75 5.52 5.58 6.40 7.10 7.33 7.23 7.08 6.99 6.77 6.43 5.97 5.40 4.56 3.64 3.14 3.16 3.41 3.86 4.72 5.45 5.62 5.39 5.14 5.03 5.04 5.09 5.03 4.95 4.98 5.02 5.00 5.03 5.00 4.75 4.55 4.59 4.78 4.97 5.34 5.83 6.48 7.31 7.84 7.65 6.59 5.45 5.49 5.78 5.57 5.12 4.94 4.75 4.52 4.27 4.12 4.17 4.50 5.03 5.50 5.73 5.69 5.47 5.07 4.63 4.80 5.72 6.40 6.31 5.67 5.11 5.10 5.29 5.27 5.14 5.01 4.95 4.92 4.84 4.63 4.21 3.63 3.24 3.15
6.44 5.72 4.73 4.70 5.48 6.24 6.52 6.54 6.43 6.36 6.34 6.23 6.03 5.66 5.03 4.21 3.68 3.46 3.50 4.09 4.96 5.36 5.25 4.97 4.73 4.56 4.49 4.41 4.21 4.10 4.18 4.34 4.51 4.46 4.18 4.00 3.99 4.03 4.03 4.16 4.40 4.83 5.64 6.68 7.41 7.28 6.55 6.17 6.20 5.77 5.05 4.58 4.44 4.46 4.37 4.21 4.09 4.26 4.81 5.48 5.93 6.00 5.69 5.30 4.91 4.81 5.35 6.15 6.53 6.26 5.75 5.54 5.49 5.34 5.14 4.92 4.70 4.63 4.72 4.80 4.57 3.89 3.15 2.76
6.73 6.40 5.24 4.23 4.06 4.73 5.31 5.33 5.05 4.99 5.14 5.34 5.43 5.53 5.53 5.13 4.40 3.88 3.62 3.81 4.42 4.88 4.95 4.74 4.41 4.08 3.90 3.90 3.86 3.78 3.82 4.06 4.41 4.48 4.20 3.91 3.76 3.69 3.68 3.72 3.72 3.82 4.24 5.07 6.12 7.00 7.00 6.77 6.68 6.34 5.52 4.79 4.55 4.60 4.59 4.40 4.13 4.14 4.59 5.25 5.95 6.25 6.07 5.69 5.35 5.22 5.45 6.04 6.62 6.70 6.32 5.96 5.69 5.43 5.24 5.05 4.88 4.72 4.83 5.16 5.22 4.67 3.78 3.09
6.72 6.59 5.90 4.84 3.93 3.98 4.40 4.36 4.03 3.79 3.71 3.68 3.81 4.08 4.70 5.11 4.91 4.42 4.05 3.99 4.25 4.60 4.81 4.75 4.46 4.11 3.87 3.90 4.06 4.04 3.88 3.91 4.38 4.77 4.73 4.50 4.18 3.81 3.72 3.88 3.90 3.83 3.97 4.45 5.25 6.41 7.02 7.22 7.23 6.88 6.12 5.44 5.12 5.09 5.00 4.72 4.35 4.26 4.57 5.10 5.73 6.33 6.53 6.31 5.97 5.80 5.89 6.31 6.90 7.26 7.08 6.53 5.98 5.69 5.58 5.50 5.35 5.11 5.11 5.41 5.60 5.26 4.46 3.76
6.80 6.43 5.81 5.30 4.62 4.35 4.43 4.25 3.81 3.57 3.34 3.08 2.95 2.93 3.40 4.35 4.83 4.76 4.56 4.48 4.56 4.72 4.91 4.99 4.83 4.52 4.27 4.23 4.43 4.58 4.32 3.93 4.09 4.72 5.12 5.19 4.97 4.43 4.05 4.23 4.48 4.54 4.53 4.71 5.23 6.10 6.93 7.59 7.84 7.52 6.71 6.03 5.69 5.54 5.36 5.07 4.76 4.74 4.94 5.17 5.60 6.26 6.80 6.96 6.74 6.35 6.21 6.48 7.09 7.65 7.82 7.44 6.60 6.24 6.22 6.17 6.01 5.79 5.69 5.81 5.89 5.64 5.08 4.48
7.16 6.58 5.73 5.46 5.39 5.26 5.04 4.67 4.29 4.09 3.95 3.73 3.52 3.24 3.20 3.67 4.37 4.77 4.88 4.94 4.97 5.01 5.11 5.22 5.14 4.89 4.68 4.57 4.67 5.00 5.05 4.54 4.17 4.40 4.95 5.46 5.62 5.27 4.70 4.62 4.95 5.10 5.12 5.13 5.30 5.80 6.64 7.60 8.16 8.05 7.28 6.49 6.03 5.82 5.60 5.33 5.22 5.20 5.27 5.35 5.52 5.92 6.48 6.96 7.08 6.74 6.21 5.95 6.41 7.41 8.33 8.59 7.88 7.41 7.31 7.27 7.25 7.10 6.98 6.91 6.72 6.26 5.70 5.19
7.36 6.98 6.15 5.76 5.90 6.09 5.87 5.42 5.13 5.02 5.01 4.99 4.84 4.44 3.95 3.78 4.10 4.60 4.93 5.08 5.21 5.30 5.40 5.48 5.36 5.14 4.97 4.82 4.75 5.09 5.53 5.46 5.00 4.67 4.81 5.42 6.01 6.05 5.67 5.36 5.35 5.46 5.48 5.34 5.17 5.31 5.88 6.83 7.86 8.09 7.68 6.96 6.43 6.09 5.82 5.50 5.37 5.38 5.42 5.35 5.24 5.23 5.50 6.06 6.62 6.72 6.23 5.43 5.24 6.24 7.92 8.79 8.96 8.71 8.52 8.61 8.81 8.90 8.87 8.72 8.40 7.60 6.61 5.80
7.41 7.15 6.39 5.81 6.02 6.26 6.22 6.01 5.89 5.82 5.80 5.78 5.71 5.38 4.90 4.47 4.38 4.62 4.92 5.13 5.34 5.57 5.77 5.87 5.70 5.41 5.24 5.11 4.88 4.97 5.54 5.95 5.93 5.71 5.58 5.84 6.34 6.53 6.35 6.01 5.79 5.67 5.56 5.39 5.18 5.10 5.28 5.91 7.03 7.61 7.56 7.18 6.79 6.41 6.05 5.61 5.40 5.44 5.36 5.17 4.85 4.53 4.44 4.80 5.51 6.01 5.98 5.33 4.52 4.73 6.24 7.68 8.39 8.59 8.73 8.98 9.18 9.34 9.45 9.64 9.73 9.26 7.98 6.58
7.58 7.15 6.23 5.68 5.82 6.15 6.25 6.18 6.12 6.03 5.91 5.86 5.85 5.74 5.51 5.17 4.91 4.85 4.99 5.23 5.50 5.82 6.16 6.38 6.32 5.96 5.73 5.58 5.27 5.09 5.44 6.04 6.39 6.49 6.47 6.46 6.59 6.66 6.50 6.20 5.91 5.67 5.48 5.35 5.25 5.17 5.19 5.53 6.30 6.91 7.22 7.28 7.23 7.01 6.56 5.99 5.64 5.44 5.30 5.00 4.59 4.12 3.71 3.61 4.14 4.60 4.82 4.58 3.77 3.34 3.97 5.27 6.33 6.99 7.50 7.82 7.90 8.02 8.42 8.99 9.83 10.12 9.46 7.71
7.66 7.09 6.23 5.91 5.99 6.20 6.20 6.07 5.95 5.74 5.57 5.48 5.42 5.49 5.54 5.43 5.21 5.05 5.09 5.36 5.73 6.15 6.60 6.96 7.08 6.84 6.51 6.28 5.98 5.68 5.70 6.05 6.38 6.50 6.46 6.38 6.40 6.34 6.21 5.94 5.68 5.54 5.43 5.29 5.20 5.19 5.28 5.56 5.84 6.32 6.71 6.99 7.32 7.57 7.28 6.63 6.01 5.63 5.39 4.98 4.51 3.99 3.34 2.99 3.14 3.33 3.32 3.24 2.74 2.01 2.14 2.98 3.94 4.60 5.08 5.52 5.48 5.63 6.10 6.74 8.35 9.96 10.29 9.17
7.19 6.97 6.76 6.64 6.50 6.42 6.21 5.91 5.57 5.40 5.27 5.08 4.93 4.96 5.12 5.23 5.19 5.10 5.17 5.40 5.76 6.20 6.68 7.16 7.41 7.40 7.17 6.92 6.67 6.35 6.10 6.00 6.02 6.02 5.84 5.66 5.75 5.86 5.84 5.59 5.33 5.33 5.33 5.29 5.24 5.16 5.29 5.38 5.48 5.81 6.09 6.47 6.97 7.45 7.58 7.22 6.58 6.03 5.60 5.21 4.74 4.11 3.57 3.21 3.06 3.00 2.84 2.68 2.26 1.56 1.26 1.70 2.51 3.06 3.27 3.61 3.84 4.18 4.53 4.99 6.43 8.56 9.96 9.88
6.34 6.59 6.96 7.05 6.95 6.74 6.35 5.93 5.39 5.17 5.08 4.84 4.63 4.58 4.68 4.90 5.01 5.05 5.12 5.15 5.20 5.41 5.83 6.40 6.88 7.15 7.17 7.02 6.80 6.51 6.13 5.73 5.45 5.38 5.27 5.09 5.18 5.40 5.42 5.31 5.20 5.21 5.24 5.30 5.24 5.21 5.29 5.22 5.17 5.29 5.44 5.66 6.07 6.64 7.17 7.38 7.17 6.66 6.10 5.73 5.32 4.73 4.25 3.85 3.46 3.18 3.02 2.85 2.46 1.87 1.40 1.34 1.73 2.23 2.34 2.41 2.78 3.41 3.68 3.82 4.88 6.68 8.68 9.72
5.49 5.90 6.63 7.11 7.29 7.05 6.53 5.97 5.45 5.10 4.91 4.64 4.41 4.32 4.40 4.61 4.82 4.93 4.95 4.82 4.61 4.53 4.71 5.13 5.78 6.31 6.58 6.58 6.43 6.17 5.82 5.41 5.06 4.89 4.79 4.72 4.87 5.11 5.15 5.10 5.15 5.25 5.34 5.25 5.25 5.40 5.42 5.33 5.11 4.92 4.95 5.13 5.41 5.86 6.50 7.17 7.49 7.37 6.91 6.46 6.08 5.66 5.24 4.77 4.24 3.77 3.55 3.33 2.94 2.50 1.99 1.59 1.60 1.86 1.90 1.77 1.98 2.53 2.74 2.79 3.52 4.84 6.92 8.94
4.78 4.97 5.78 6.76 7.44 7.53 6.90 6.02 5.48 5.08 4.75 4.48 4.22 4.11 4.20 4.42 4.69 4.85 4.92 4.87 4.73 4.63 4.66 4.85 5.22 5.66 5.96 6.02 5.94 5.80 5.60 5.34 5.01 4.76 4.60 4.61 4.83 5.08 5.04 4.90 5.02 5.31 5.39 5.33 5.30 5.42 5.62 5.65 5.36 4.93 4.67 4.68 4.85 5.23 5.94 6.78 7.49 7.85 7.79 7.36 6.91 6.53 6.11 5.60 5.09 4.66 4.35 4.01 3.59 3.16 2.73 2.24 1.95 1.97 1.91 1.67 1.65 1.91 1.96 1.93 2.41 3.39 5.04 7.39
4.38 4.43 4.96 6.05 7.29 7.98 7.70 6.65 5.85 5.35 4.90 4.61 4.39 4.22 4.22 4.38 4.64 4.92 5.14 5.26 5.29 5.29 5.32 5.37 5.37 5.46 5.62 5.65 5.60 5.62 5.56 5.39 5.19 5.05 4.94 4.81 4.85 5.14 5.18 4.89 4.84 5.08 5.32 5.39 5.26 5.33 5.66 5.91 5.81 5.31 4.65 4.20 4.17 4.55 5.33 6.34 7.24 7.95 8.27 8.13 7.74 7.33 6.96 6.57 6.17 5.71 5.25 4.91 4.55 4.15 3.63 3.13 2.72 2.55 2.32 1.96 1.82 1.86 1.69 1.45 1.61 2.29 3.45 5.42
4.28 4.24 4.43 5.24 6.56 7.89 8.34 7.72 6.77 6.12 5.63 5.22 5.03 4.85 4.67 4.58 4.67 4.93 5.26 5.51 5.60 5.57 5.51 5.45 5.37 5.36 5.46 5.45 5.32 5.40 5.58 5.59 5.44 5.40 5.42 5.29 5.07 5.20 5.44 5.21 4.86 4.86 5.13 5.21 5.10 5.12 5.45 5.96 6.24 5.98 5.10 4.17 3.71 3.89 4.71 5.76 6.70 7.57 8.06 8.16 8.05 7.83 7.78 7.81 7.61 7.23 6.65 6.11 5.82 5.49 4.88 4.20 3.72 3.44 3.07 2.63 2.36 2.18 1.86 1.46 1.26 1.48 2.28 3.72
4.46 4.11 3.86 4.28 5.30 7.07 8.24 8.32 7.57 6.80 6.26 5.77 5.50 5.37 5.19 4.90 4.70 4.74 4.96 5.19 5.29 5.23 5.06 4.94 4.94 5.05 5.24 5.31 5.20 5.28 5.54 5.77 5.77 5.64 5.68 5.75 5.57 5.42 5.65 5.60 5.19 4.95 5.05 4.98 4.85 4.81 5.05 5.67 6.40 6.66 6.09 4.87 3.77 3.47 3.98 5.00 6.05 6.94 7.42 7.64 7.58 7.51 7.78 8.22 8.68 8.78 8.37 7.72 7.17 6.77 6.24 5.56 5.05 4.54 4.03 3.59 3.25 2.88 2.45 1.97 1.47 1.22 1.53 2.43
4.95 4.48 3.89 3.73 4.25 5.72 7.40 8.20 7.98 7.21 6.42 5.73 5.29 5.12 5.06 4.89 4.63 4.51 4.49 4.50 4.60 4.62 4.54 4.49 4.55 4.71 4.93 5.05 5.01 5.13 5.47 5.80 5.95 5.94 5.91 6.01 6.04 5.88 5.83 5.88 5.67 5.38 5.13 4.88 4.57 4.37 4.41 4.97 6.02 6.86 6.95 6.13 4.60 3.67 3.74 4.52 5.56 6.41 6.79 6.95 6.80 6.72 6.99 7.62 8.45 9.06 9.16 8.98 8.60 8.20 7.88 7.54 7.03 6.16 5.26 4.76 4.42 4.01 3.41 2.84 2.20 1.58 1.33 1.65
5.37 5.21 4.71 4.06 3.87 4.68 6.25 7.59 8.07 7.71 6.82 5.90 5.21 4.77 4.65 4.65 4.48 4.38 4.20 4.03 4.08 4.19 4.23 4.25 4.34 4.50 4.61 4.50 4.36 4.57 5.06 5.42 5.74 5.97 6.09 6.19 6.24 6.11 5.99 5.99 5.95 5.66 5.38 5.00 4.49 3.95 3.77 4.11 5.04 6.33 7.12 7.00 5.84 4.45 4.05 4.39 5.10 5.83 6.23 6.44 6.28 5.77 5.41 5.75 6.67 7.83 8.70 9.17 9.36 9.26 9.18 9.14 8.94 8.30 7.17 6.34 5.76 5.18 4.49 3.69 2.98 2.31 1.76 1.55
5.32 5.30 5.20 4.67 4.01 4.06 5.16 6.65 7.74 8.06 7.62 6.73 5.88 5.15 4.73 4.51 4.42 4.29 4.08 3.97 4.06 4.20 4.30 4.33 4.35 4.50 4.52 4.11 3.57 3.55 4.05 4.47 4.84 5.27 5.66 5.94 6.01 6.01 5.94 5.94 5.90 5.71 5.51 5.24 4.83 4.20 3.64 3.51 4.03 5.13 6.49 7.14 6.70 5.30 4.45 4.31 4.63 5.20 5.74 6.10 6.02 5.16 4.34 4.22 4.77 5.91 7.21 8.11 8.69 8.96 9.13 9.45 9.74 9.67 9.05 8.14 7.16 6.18 5.24 4.40 3.69 3.10 2.57 2.08
5.07 4.92 4.74 4.48 3.97 3.62 4.13 5.42 6.81 7.72 7.93 7.42 6.57 5.73 5.14 4.70 4.44 4.24 4.15 4.21 4.40 4.79 4.72 4.70 4.58 4.69 4.74 4.29 3.50 3.04 3.14 3.44 3.65 4.03 4.59 5.10 5.41 5.56 5.68 5.84 5.82 5.65 5.36 5.09 4.88 4.52 3.82 3.21 3.22 3.97 5.25 6.65 6.83 5.80 4.71 4.23 4.30 4.75 5.50 6.11 5.97 4.78 3.58 3.28 3.66 4.59 5.60 6.31 7.00 7.43 7.63 8.10 8.90 9.50 9.62 9.44 8.68 7.30 6.01 5.17 4.55 3.95 3.41 2.94
5.63 5.13 4.34 3.87 3.48 2.99 2.97 3.93 5.24 6.57 7.43 7.54 6.94 6.06 5.38 4.85 4.49 4.34 4.44 5.08 5.02 5.30 5.46 5.34 5.15 5.23 5.30 5.02 4.24 3.38 3.15 3.22 3.19 3.27 3.69 4.28 4.81 5.05 5.33 5.68 5.83 5.68 5.14 4.51 4.06 3.91 3.55 2.81 2.38 2.88 4.02 5.65 6.48 5.87 4.73 4.20 4.18 4.65 5.55 6.40 6.26 4.68 3.23 2.59 2.76 3.61 4.49 4.95 5.48 5.95 5.69 5.89 6.97 8.19 9.09 9.82 9.97 8.98 7.33 6.15 5.36 4.80 4.29 3.81
6.63 5.86 4.65 3.92 3.31 2.74 2.45 2.78 3.71 5.04 6.34 7.15 7.14 6.39 5.58 4.97 4.64 4.60 5.23 5.23 5.65 5.99 6.22 6.19 6.03 6.03 6.09 5.84 5.21 4.31 3.73 3.60 3.50 3.34 3.42 3.83 4.32 4.63 5.01 5.53 5.92 5.89 5.26 4.21 3.60 3.42 3.18 2.58 2.00 2.02 2.91 4.60 5.90 5.75 4.68 4.26 4.27 4.78 5.78 6.83 6.71 5.17 3.57 2.47 2.15 2.55 3.39 3.97 4.55 5.12 4.85 4.58 5.47 6.81 7.64 8.81 10.07 10.18 9.06 7.41 6.18 5.66 5.36 4.87
7.15 6.45 5.37 4.75 4.21 3.51 2.89 2.59 2.84 3.72 4.91 6.18 6.87 6.66 5.85 5.12 4.80 4.84 5.15 5.64 6.11 6.52 6.88 7.05 7.07 7.03 6.93 6.65 6.07 5.12 4.22 3.90 3.96 3.94 3.81 3.81 4.06 4.41 4.89 5.50 6.10 6.25 5.69 4.67 3.97 3.63 3.40 3.06 2.43 2.01 2.26 3.68 5.32 5.59 4.73 4.35 4.36 4.88 5.90 7.02 7.03 5.88 4.21 2.81 1.99 1.88 2.43 3.09 3.78 4.60 4.59 4.16 4.71 5.85 6.29 7.07 8.84 10.15 10.23 9.21 7.82 7.23 6.87 6.24
7.13 6.70 5.89 5.42 5.10 4.59 3.92 3.20 2.85 3.06 3.73 4.76 5.93 6.40 6.03 5.29 4.87 4.88 5.29 5.77 6.25 6.72 7.19 7.59 7.77 7.84 7.82 7.63 7.11 6.10 4.82 4.04 4.00 4.30 4.56 4.52 4.37 4.52 4.98 5.57 6.34 6.76 6.39 5.58 4.90 4.42 4.17 3.91 3.42 2.59 2.30 2.95 4.68 5.32 4.75 4.39 4.41 4.93 5.86 6.97 7.25 6.45 4.94 3.51 2.37 1.75 1.81 2.35 3.01 3.94 4.25 3.86 4.31 5.22 5.35 5.59 6.97 8.96 10.16 10.32 9.79 9.22 8.58 7.77
6.97 6.73 6.08 5.61 5.34 5.01 4.56 3.88 3.29 3.02 3.18 3.74 4.65 5.59 5.77 5.34 4.85 4.67 4.88 5.32 5.76 6.20 6.68 7.19 7.57 7.89 8.17 8.35 8.16 7.33 5.94 4.63 4.06 4.21 4.62 4.91 4.93 4.89 5.04 5.54 6.40 7.12 7.41 6.89 6.05 5.36 4.97 4.59 4.09 3.33 2.62 2.69 3.90 4.90 4.69 4.40 4.44 4.98 5.82 6.83 7.26 6.84 5.76 4.55 3.32 2.32 1.83 1.89 2.36 3.29 3.77 3.46 3.87 4.78 4.71 4.52 5.43 7.15 8.88 9.68 9.92 9.94 9.72 9.09
