project/data/elevation/US_DEM2016/US_DEM2016_point_10-31-2019_1258_30m_vel.asc
ncols	125
nrows	167
xllcorner	-2042055.000000
yllcorner	1465035.000000
cellsize	30.000000
NODATA_value	-9999.000000
[rows 76 to 113 of 167, columns 0 to 83 of 125]
5.81 5.57 5.31 5.30 5.42 5.63 6.10 6.68 7.00 6.94 6.69 6.54 6.72 7.22 7.70 8.18 8.63 8.56 8.23 7.78 7.41 7.06 6.75 6.45 6.21 6.07 5.91 5.92 6.06 6.13 6.05 5.85 5.44 5.13 5.13 5.25 5.31 5.20 4.98 4.78 4.71 4.90 5.26 5.42 5.41 5.24 5.08 4.88 4.73 4.71 4.72 4.72 4.67 4.72 4.92 5.15 5.33 5.36 5.40 5.55 5.71 5.51 4.76 3.90 3.41 3.34 3.60 3.85 4.12 4.42 4.72 5.08 5.74 6.54 7.30 8.09 8.87 9.42 9.35 8.63 7.32 5.64 4.83 4.65
5.83 5.59 5.36 5.39 5.60 6.07 6.49 6.60 6.28 5.70 5.33 5.48 6.05 6.88 7.59 8.13 8.07 8.24 7.71 7.14 6.73 6.47 6.29 6.18 6.08 5.99 5.82 5.78 5.88 6.04 6.15 6.14 5.95 5.86 5.84 5.76 5.52 5.15 4.84 4.75 4.91 5.15 5.29 5.22 5.13 5.04 4.95 4.80 4.66 4.58 4.53 4.47 4.42 4.59 4.91 5.21 5.43 5.54 5.62 5.67 5.48 4.82 4.08 3.81 3.95 4.27 4.52 4.75 5.18 5.85 6.34 6.97 7.87 8.69 9.28 9.77 10.02 9.76 8.79 8.10 7.08 5.83 5.00 4.62
5.79 5.41 5.09 5.18 5.40 5.75 5.84 5.56 5.18 4.99 5.12 5.57 6.30 7.14 7.77 8.15 8.14 7.73 7.18 6.69 6.33 6.08 5.92 5.85 5.82 5.73 5.59 5.61 5.71 5.86 6.09 6.27 6.33 6.30 6.19 5.95 5.57 5.15 4.97 4.96 5.00 4.93 4.79 4.66 4.59 4.46 4.17 3.89 3.80 3.79 3.83 3.96 4.30 4.73 5.11 5.40 5.67 5.79 5.76 5.52 5.02 4.37 4.11 4.39 4.95 5.36 5.71 6.28 7.06 7.50 7.88 8.50 9.46 9.44 9.21 9.83 9.38 8.78 8.08 7.67 7.36 6.81 6.16 5.64
5.65 5.15 4.75 4.87 5.00 5.13 5.18 5.15 5.29 5.58 5.98 6.51 7.21 7.84 8.21 8.23 7.88 7.32 6.79 6.37 6.01 5.73 5.55 5.48 5.41 5.30 5.19 5.20 5.20 5.30 5.44 5.78 6.01 6.05 5.94 5.70 5.37 5.03 4.82 4.63 4.41 4.18 4.05 4.10 4.12 4.02 3.75 3.58 3.68 3.93 4.24 4.65 5.14 5.45 5.55 5.56 5.54 5.35 4.98 4.51 4.09 3.98 4.29 4.98 5.73 6.42 7.21 7.94 8.24 8.35 8.47 8.79 8.59 9.18 8.84 8.42 7.44 7.22 6.92 6.99 7.19 7.21 6.95 6.56
5.44 5.03 4.77 4.95 5.09 5.19 5.35 5.61 6.02 6.40 6.86 7.45 8.10 8.40 8.35 7.92 7.31 6.71 6.23 5.87 5.58 5.36 5.20 5.07 4.97 4.90 4.76 4.56 4.31 4.32 4.38 4.68 5.10 5.39 5.45 5.35 5.15 5.00 4.81 4.56 4.37 4.29 4.32 4.43 4.42 4.37 4.34 4.41 4.63 5.01 5.42 5.74 5.92 5.93 5.69 5.47 5.16 4.74 4.33 4.03 3.95 4.22 4.81 5.66 6.53 7.46 8.20 8.37 8.13 7.90 7.92 8.03 7.95 7.47 7.09 6.89 6.66 6.42 6.21 6.13 6.36 6.80 6.98 6.84
5.30 5.11 5.08 5.36 5.56 5.68 5.84 6.13 6.55 6.99 7.51 8.04 8.38 8.32 7.84 7.16 6.51 5.89 5.45 5.13 4.94 4.90 4.89 4.78 4.71 4.62 4.40 3.92 3.52 3.40 3.36 3.53 3.99 4.54 4.87 5.08 5.15 5.29 5.30 5.29 5.33 5.43 5.54 5.50 5.35 5.27 5.33 5.56 5.82 5.92 5.91 5.86 5.79 5.65 5.55 5.46 5.35 5.33 5.28 5.19 5.21 5.43 5.88 6.61 7.36 7.99 8.03 7.42 6.96 6.97 7.15 7.20 6.98 6.48 6.27 6.23 6.25 6.23 6.04 5.77 5.72 5.98 6.42 6.60
5.41 5.38 5.38 5.48 5.64 5.86 6.13 6.48 6.92 7.40 7.85 8.13 8.08 7.62 6.94 6.36 5.85 5.33 4.87 4.58 4.49 4.45 4.36 4.41 4.48 4.43 4.24 3.83 3.24 3.00 2.99 3.25 3.61 3.94 4.38 4.84 5.15 5.45 5.65 5.90 6.16 6.34 6.38 6.22 6.01 5.93 6.00 6.16 6.23 6.03 5.75 5.66 5.76 5.80 5.70 5.67 5.76 5.99 6.11 6.17 6.28 6.48 6.84 7.31 7.80 7.83 7.19 6.49 6.34 6.59 6.81 6.80 6.37 6.10 5.97 5.98 6.05 6.14 5.93 5.81 5.59 5.51 5.66 6.02
5.63 5.65 5.55 5.41 5.52 5.86 6.28 6.73 7.19 7.58 7.82 7.81 7.47 6.88 6.28 5.82 5.42 5.00 4.59 4.33 4.18 4.01 3.84 3.91 4.16 4.31 4.32 4.23 3.90 3.69 3.79 4.06 4.13 4.16 4.33 4.68 4.97 5.27 5.63 6.07 6.36 6.40 6.29 6.09 5.98 6.01 6.13 6.19 6.17 6.07 6.08 6.21 6.26 6.16 5.89 5.81 5.84 5.94 6.14 6.37 6.64 6.90 7.21 7.47 7.62 7.29 6.63 6.42 6.54 6.64 6.65 6.44 5.97 5.49 5.27 5.36 5.53 5.63 5.65 5.60 5.46 5.25 5.07 5.35
5.68 5.69 5.62 5.56 5.71 6.06 6.49 6.93 7.30 7.50 7.51 7.29 6.84 6.29 5.81 5.41 5.03 4.65 4.29 4.03 3.80 3.55 3.47 3.65 4.07 4.45 4.75 5.08 5.34 5.45 5.47 5.35 5.13 4.94 4.81 4.82 5.06 5.48 5.94 6.21 6.12 5.86 5.72 5.77 5.83 5.98 6.18 6.37 6.57 6.75 6.76 6.66 6.44 6.18 5.92 5.86 5.89 6.03 6.32 6.57 6.82 7.00 7.13 7.19 7.10 6.76 6.43 6.53 6.60 6.50 6.30 5.73 5.32 4.69 4.26 4.28 4.49 4.66 4.82 4.97 5.01 4.93 4.71 4.80
5.64 5.63 5.68 5.82 6.09 6.42 6.74 7.00 7.20 7.23 7.10 6.78 6.33 5.85 5.40 4.99 4.55 4.10 3.74 3.54 3.45 3.48 3.71 4.12 4.63 5.05 5.47 5.92 6.35 6.60 6.60 6.31 5.94 5.65 5.47 5.35 5.67 6.18 6.28 6.03 5.60 5.41 5.58 5.82 5.94 6.16 6.57 6.92 7.16 7.27 7.15 6.81 6.46 6.22 5.98 5.93 6.06 6.29 6.50 6.58 6.64 6.66 6.68 6.74 6.64 6.42 6.20 6.25 6.19 6.05 5.89 5.21 5.10 4.50 3.92 3.76 3.67 3.60 3.67 3.87 4.17 4.35 4.38 4.42
5.68 5.70 5.82 6.08 6.40 6.62 6.71 6.76 6.89 6.92 6.77 6.43 5.98 5.49 5.00 4.49 3.92 3.40 3.18 3.24 3.46 3.87 4.37 4.87 5.34 5.73 6.05 6.30 6.51 6.68 6.71 6.61 6.36 6.08 5.91 5.87 6.08 6.22 5.88 5.40 5.18 5.27 5.43 5.59 5.76 6.19 6.68 7.02 7.06 7.08 7.07 6.91 6.69 6.45 6.14 6.04 6.09 6.10 6.07 6.08 6.01 5.98 6.12 6.35 6.40 6.22 5.91 5.75 5.67 5.64 5.61 5.61 5.54 5.30 4.69 4.11 3.65 3.31 3.11 3.11 3.29 3.51 3.66 3.79
5.75 5.78 5.90 6.10 6.26 6.27 6.26 6.37 6.60 6.76 6.59 6.18 5.67 5.11 4.45 3.81 3.35 3.22 3.40 3.66 3.94 4.31 4.76 5.24 5.71 6.04 6.18 6.16 6.08 6.05 6.21 6.42 6.50 6.45 6.33 6.15 5.90 5.51 5.12 4.97 4.96 4.95 4.89 4.95 5.35 5.94 6.39 6.37 6.13 6.11 6.16 6.27 6.35 6.35 6.25 6.10 5.93 5.73 5.64 5.62 5.63 5.76 6.01 6.25 6.32 6.12 5.81 5.60 5.48 5.54 5.69 5.91 6.09 6.15 6.04 5.50 4.89 4.34 4.02 3.78 3.50 3.30 3.30 3.54
5.75 5.75 5.79 5.83 5.80 5.79 5.99 6.40 6.73 6.75 6.40 5.84 5.24 4.57 3.88 3.54 3.65 4.09 4.38 4.51 4.60 4.77 5.09 5.47 5.78 5.93 5.88 5.77 5.72 5.69 5.82 6.07 6.36 6.50 6.50 6.25 5.65 5.10 4.81 4.82 4.77 4.68 4.67 4.85 5.23 5.66 5.83 5.43 4.85 4.58 4.62 4.75 5.00 5.32 5.55 5.69 5.71 5.66 5.66 5.74 5.87 6.03 6.13 6.18 6.18 6.05 5.80 5.62 5.55 5.67 5.94 6.16 6.32 6.49 6.70 6.72 6.51 6.19 5.89 5.48 4.91 4.47 4.49 4.53
5.73 5.70 5.69 5.71 5.72 5.94 6.37 6.76 6.86 6.55 5.92 5.19 4.52 3.89 3.58 3.74 4.24 4.68 4.92 5.05 5.13 5.27 5.49 5.63 5.57 5.41 5.30 5.38 5.59 5.76 5.82 5.87 5.95 6.09 6.18 6.13 5.66 5.20 4.91 4.87 4.87 4.96 5.04 5.12 5.26 5.43 5.40 4.80 4.02 3.72 3.65 3.67 3.85 4.30 4.83 5.28 5.56 5.72 5.85 6.02 6.15 6.10 5.96 5.90 5.95 5.91 5.69 5.59 5.62 5.77 5.97 6.12 6.17 6.21 6.39 6.71 6.92 7.01 6.98 6.80 6.51 6.29 6.13 5.90
5.76 5.73 5.74 5.85 6.04 6.40 6.76 6.84 6.55 5.88 5.04 4.17 3.45 3.06 3.09 3.43 3.80 4.15 4.57 4.94 5.28 5.52 5.59 5.37 4.99 4.75 4.83 5.13 5.35 5.42 5.44 5.41 5.40 5.53 5.77 5.93 5.72 5.41 5.18 5.20 5.29 5.38 5.40 5.43 5.45 5.49 5.44 5.04 4.49 4.17 4.09 4.24 4.64 5.12 5.50 5.65 5.71 5.78 5.88 5.97 5.94 5.75 5.59 5.62 5.76 5.72 5.46 5.41 5.51 5.61 5.70 5.84 5.76 5.46 5.37 5.61 6.04 6.40 6.66 6.86 6.96 7.00 6.96 6.73
5.80 5.78 5.82 6.00 6.31 6.64 6.74 6.46 5.78 4.86 3.97 3.21 2.74 2.55 2.58 2.75 3.03 3.39 3.81 4.32 4.80 5.13 5.12 4.86 4.63 4.61 4.78 4.95 4.87 4.66 4.59 4.61 4.75 5.04 5.39 5.65 5.64 5.43 5.30 5.44 5.54 5.60 5.68 5.90 5.97 6.00 5.99 5.86 5.74 5.65 5.55 5.80 6.19 6.42 6.38 6.07 5.83 5.72 5.66 5.56 5.42 5.27 5.21 5.35 5.53 5.46 5.19 5.16 5.23 5.27 5.33 5.43 5.27 4.85 4.55 4.63 4.91 5.20 5.48 5.84 6.20 6.44 6.51 6.54
5.83 5.83 5.90 6.15 6.47 6.61 6.35 5.70 4.81 3.94 3.25 2.84 2.69 2.70 2.76 2.85 3.02 3.25 3.52 3.88 4.26 4.48 4.54 4.61 4.76 4.91 5.06 5.06 4.90 4.75 4.66 4.66 4.81 4.98 5.12 5.27 5.36 5.32 5.35 5.55 5.68 5.83 6.07 6.46 6.59 6.59 6.55 6.51 6.56 6.70 6.82 6.88 6.81 6.50 6.07 5.81 5.70 5.57 5.36 5.08 4.82 4.71 4.78 5.02 5.29 5.37 5.24 5.14 5.07 5.03 5.05 5.14 5.03 4.63 4.24 4.11 4.26 4.36 4.38 4.53 4.85 5.16 5.25 5.28
5.88 5.90 6.01 6.24 6.38 6.18 5.56 4.73 3.93 3.35 3.01 2.89 2.98 3.20 3.44 3.65 3.77 3.86 4.05 4.36 4.63 4.77 4.82 4.93 5.04 5.25 5.60 5.88 6.00 5.99 5.90 5.85 5.84 5.72 5.30 5.06 5.16 5.34 5.59 5.85 6.04 6.27 6.60 6.92 6.92 6.83 6.73 6.71 6.80 6.99 7.09 7.00 6.65 6.11 5.69 5.65 5.64 5.46 5.13 4.74 4.46 4.39 4.61 5.00 5.41 5.63 5.57 5.37 5.12 5.00 4.97 5.05 4.97 4.53 3.95 3.54 3.49 3.48 3.38 3.45 3.73 4.02 4.03 3.98
5.91 5.93 5.99 6.01 5.77 5.18 4.39 3.70 3.23 2.98 2.97 3.15 3.42 3.76 4.19 4.63 4.98 5.20 5.47 5.78 5.99 6.01 5.83 5.54 5.34 5.54 6.13 6.55 6.68 6.60 6.47 6.35 6.18 5.87 5.33 5.06 5.21 5.57 5.99 6.29 6.50 6.70 6.88 6.95 6.79 6.64 6.63 6.72 6.84 6.95 6.86 6.71 6.60 6.52 6.33 6.04 5.74 5.46 5.21 4.98 4.85 4.85 5.07 5.42 5.74 5.85 5.68 5.40 5.16 5.14 5.19 5.18 4.92 4.27 3.47 2.91 2.78 2.70 2.62 2.73 2.92 3.07 3.15 3.24
5.92 5.92 5.82 5.53 4.93 4.18 3.54 3.12 2.93 3.00 3.29 3.70 4.14 4.61 5.13 5.69 6.14 6.58 6.95 7.11 7.01 6.69 6.19 5.74 5.54 5.80 6.29 6.36 6.03 5.73 5.51 5.38 5.30 5.15 5.04 5.16 5.46 5.86 6.29 6.55 6.66 6.69 6.60 6.43 6.34 6.29 6.41 6.59 6.72 6.76 6.64 6.52 6.53 6.59 6.53 6.18 5.79 5.50 5.34 5.28 5.31 5.45 5.62 5.83 5.96 5.89 5.57 5.33 5.31 5.55 5.67 5.46 4.93 4.07 3.21 2.77 2.66 2.52 2.44 2.55 2.68 2.71 2.74 2.92
5.95 5.89 5.64 5.20 4.67 4.20 3.81 3.55 3.49 3.69 4.04 4.49 5.00 5.55 6.12 6.62 7.07 7.40 7.49 7.25 6.72 6.09 5.64 5.54 5.72 6.09 6.31 5.99 5.35 4.97 4.83 4.86 5.00 4.98 5.05 5.35 5.72 6.05 6.34 6.48 6.47 6.32 6.06 5.83 5.79 5.88 6.04 6.23 6.23 6.02 5.93 5.93 5.97 5.96 5.84 5.72 5.56 5.37 5.21 5.15 5.27 5.57 5.87 6.10 6.14 6.00 5.74 5.60 5.67 5.89 5.92 5.56 4.97 4.32 3.68 3.36 3.13 2.82 2.80 2.97 3.02 2.94 2.94 3.26
5.91 5.79 5.47 5.18 4.97 4.74 4.56 4.50 4.62 4.78 4.99 5.33 5.83 6.42 6.98 7.35 7.50 7.38 6.91 6.17 5.43 4.94 4.94 5.30 5.79 6.35 6.56 6.36 6.03 5.87 5.83 5.85 5.79 5.58 5.46 5.59 5.79 6.02 6.17 6.22 6.03 5.73 5.47 5.36 5.37 5.48 5.70 5.82 5.46 4.89 4.65 4.72 4.89 4.93 4.95 5.07 5.17 5.14 5.09 5.12 5.31 5.66 5.96 6.10 6.06 5.92 5.78 5.72 5.72 5.76 5.70 5.36 5.08 4.87 4.59 4.26 3.93 3.51 3.69 3.96 3.93 3.79 3.91 4.53
5.78 5.60 5.35 5.26 5.23 5.23 5.28 5.45 5.71 5.90 6.05 6.29 6.72 7.23 7.52 7.52 7.20 6.59 5.79 5.04 4.55 4.45 4.75 5.26 5.85 6.61 6.95 7.01 6.97 6.93 6.84 6.65 6.38 6.08 5.83 5.76 5.79 5.90 5.96 5.80 5.42 5.08 5.01 5.11 5.23 5.45 5.71 5.72 5.08 4.34 4.03 3.98 3.87 3.96 4.31 4.72 5.01 5.13 5.14 5.23 5.47 5.76 5.86 5.82 5.71 5.62 5.50 5.39 5.33 5.36 5.29 5.19 5.37 5.58 5.64 5.47 5.13 4.87 5.22 5.46 5.39 5.31 5.55 6.00
5.69 5.55 5.38 5.41 5.61 5.89 6.19 6.47 6.69 6.83 6.94 7.11 7.38 7.55 7.42 6.96 6.29 5.54 4.87 4.47 4.53 4.88 5.32 5.73 6.27 6.87 7.02 6.85 6.76 6.70 6.57 6.39 6.24 6.13 5.91 5.78 5.76 5.73 5.54 5.21 4.95 5.00 5.18 5.35 5.53 5.81 6.03 6.00 5.50 4.99 4.72 4.50 4.13 4.23 4.62 4.97 5.19 5.33 5.43 5.53 5.65 5.78 5.77 5.69 5.60 5.51 5.33 5.20 5.21 5.32 5.32 5.40 5.75 6.07 6.29 6.38 6.43 6.54 6.82 6.95 6.86 6.77 6.79 6.67
5.69 5.61 5.50 5.60 5.93 6.34 6.68 6.91 7.02 7.08 7.17 7.29 7.37 7.19 6.69 6.00 5.27 4.62 4.18 4.20 4.74 5.35 5.80 6.16 6.60 6.88 6.63 6.10 5.79 5.66 5.61 5.70 5.83 5.91 5.80 5.69 5.58 5.35 5.04 4.88 5.10 5.55 5.76 5.83 5.92 6.13 6.30 6.24 5.93 5.83 5.81 5.66 5.46 5.37 5.40 5.34 5.35 5.53 5.75 5.88 5.92 5.98 5.94 5.87 5.78 5.66 5.55 5.59 5.76 5.79 5.70 5.71 5.87 6.03 6.25 6.61 7.03 7.38 7.52 7.46 7.24 7.05 6.81 6.29
5.64 5.59 5.50 5.61 5.86 6.15 6.33 6.41 6.43 6.49 6.64 6.77 6.71 6.37 5.79 5.07 4.37 3.94 3.91 4.30 4.92 5.42 5.79 6.07 6.35 6.38 5.90 5.31 4.89 4.67 4.73 4.96 5.21 5.37 5.49 5.52 5.39 5.21 5.17 5.42 5.84 6.07 6.10 6.08 6.12 6.24 6.31 6.13 5.95 5.96 6.03 6.08 6.10 5.99 5.64 5.34 5.37 5.60 5.85 6.03 6.16 6.29 6.29 6.21 6.09 5.98 5.97 6.06 6.14 5.99 5.83 5.79 5.79 5.82 6.00 6.35 6.77 7.05 7.07 6.99 6.83 6.56 6.11 5.48
5.57 5.55 5.54 5.60 5.67 5.69 5.65 5.56 5.55 5.70 5.92 6.01 5.81 5.34 4.71 4.11 3.88 4.06 4.61 5.16 5.48 5.69 5.84 5.94 5.98 5.75 5.12 4.48 4.05 3.89 3.97 4.11 4.25 4.49 4.79 5.06 5.29 5.50 5.78 6.05 6.18 6.16 6.06 6.03 6.08 6.15 6.12 5.87 5.57 5.39 5.38 5.54 5.72 5.70 5.43 5.27 5.38 5.62 5.87 6.13 6.39 6.59 6.60 6.50 6.35 6.20 6.12 6.02 5.86 5.60 5.56 5.61 5.68 5.74 5.84 5.94 6.06 6.06 6.09 6.29 6.43 6.34 6.04 5.76
5.70 5.78 5.88 5.81 5.66 5.46 5.26 5.11 5.14 5.36 5.49 5.29 4.78 4.13 3.56 3.48 4.02 4.90 5.59 5.97 6.15 6.22 6.20 6.13 6.03 5.79 5.13 4.33 3.84 3.72 3.73 3.76 3.87 4.04 4.29 4.73 5.25 5.64 5.81 5.82 5.74 5.71 5.73 5.78 5.87 5.95 5.88 5.52 5.00 4.66 4.57 4.64 4.79 4.98 5.06 5.18 5.34 5.56 5.83 6.14 6.46 6.68 6.67 6.54 6.37 6.20 6.02 5.81 5.57 5.35 5.33 5.42 5.54 5.58 5.56 5.66 5.59 5.43 5.33 5.54 5.88 6.17 6.36 6.50
5.97 6.10 6.15 5.99 5.74 5.47 5.25 5.16 5.17 5.13 4.81 4.19 3.45 2.84 2.67 3.06 3.95 4.96 5.65 6.10 6.36 6.45 6.42 6.41 6.45 6.28 5.79 5.16 4.78 4.76 4.83 4.77 4.81 4.85 4.96 5.21 5.46 5.55 5.48 5.34 5.21 5.22 5.42 5.60 5.75 5.82 5.68 5.25 4.73 4.44 4.31 4.08 3.90 3.97 4.27 4.73 5.16 5.47 5.76 6.08 6.38 6.50 6.45 6.29 6.19 6.14 6.05 5.87 5.69 5.47 5.33 5.34 5.40 5.44 5.53 5.64 5.49 5.25 5.01 4.92 5.03 5.30 5.66 6.03
6.02 6.01 5.92 5.79 5.61 5.41 5.24 5.12 4.89 4.38 3.58 2.87 2.48 2.40 2.66 3.24 3.91 4.51 5.04 5.56 5.87 6.02 6.21 6.55 6.46 6.65 6.42 6.34 6.37 6.43 6.44 6.41 6.35 6.17 6.02 5.90 5.74 5.58 5.43 5.27 5.14 5.16 5.44 5.67 5.81 5.81 5.63 5.29 4.98 4.74 4.42 3.86 3.39 3.46 3.94 4.61 5.19 5.57 5.85 6.13 6.28 6.21 6.07 6.03 6.09 6.18 6.19 6.04 5.86 5.62 5.46 5.43 5.44 5.46 5.48 5.43 5.34 5.20 5.00 4.73 4.42 4.22 4.30 4.56
5.85 5.64 5.47 5.44 5.33 5.15 4.94 4.64 4.18 3.58 3.06 2.80 2.88 3.29 4.08 4.85 5.03 4.98 4.95 5.05 5.23 5.49 6.01 6.56 6.71 6.61 6.65 6.88 7.12 7.25 7.22 7.12 6.96 6.68 6.39 6.10 5.82 5.62 5.44 5.26 5.24 5.41 5.69 5.83 5.84 5.77 5.63 5.44 5.22 4.88 4.32 3.76 3.71 4.18 4.79 5.21 5.50 5.73 5.97 6.12 6.04 5.86 5.84 6.01 6.17 6.25 6.25 6.17 6.05 5.92 5.78 5.70 5.61 5.43 5.18 5.02 5.07 5.12 5.02 4.75 4.32 4.03 4.04 4.19
5.72 5.51 5.31 5.26 5.16 4.99 4.75 4.42 4.04 3.80 3.86 4.18 4.63 5.37 6.26 6.88 7.05 6.65 6.04 5.76 5.78 6.02 6.49 6.75 6.62 6.38 6.36 6.51 6.66 6.79 6.84 6.80 6.73 6.57 6.37 6.13 5.88 5.65 5.38 5.23 5.41 5.78 6.00 5.90 5.73 5.64 5.59 5.48 5.31 4.97 4.56 4.45 4.84 5.42 5.69 5.63 5.56 5.70 5.88 5.90 5.77 5.70 5.83 6.00 6.12 6.11 6.06 6.05 6.08 6.14 6.06 5.92 5.70 5.40 5.08 4.91 4.98 5.08 5.05 4.93 4.84 4.93 5.07 5.05
5.72 5.57 5.38 5.30 5.26 5.23 5.22 5.13 5.04 5.14 5.56 6.17 6.88 7.53 7.99 8.17 8.16 7.93 7.64 7.41 7.28 7.26 7.26 7.05 6.63 6.24 6.07 6.00 5.86 5.75 5.79 5.87 5.93 5.97 6.00 6.01 5.95 5.73 5.47 5.43 5.66 5.82 5.76 5.56 5.45 5.54 5.63 5.64 5.62 5.57 5.52 5.61 5.89 6.12 5.95 5.61 5.57 5.73 5.81 5.76 5.72 5.76 5.78 5.78 5.79 5.72 5.61 5.67 5.83 5.97 6.00 5.91 5.72 5.45 5.21 5.09 5.11 5.14 5.13 5.16 5.34 5.60 5.74 5.71
5.78 5.71 5.58 5.50 5.52 5.63 5.80 5.99 6.26 6.67 7.22 7.81 8.23 8.41 8.33 8.07 7.78 7.80 7.90 7.88 7.80 7.68 7.46 7.02 6.47 6.10 5.99 5.92 5.67 5.34 5.10 5.03 5.07 5.20 5.40 5.61 5.72 5.66 5.55 5.48 5.40 5.18 4.93 4.94 5.29 5.66 5.89 5.96 6.02 6.20 6.36 6.46 6.53 6.51 6.28 6.05 6.05 6.07 5.97 5.87 5.80 5.72 5.60 5.55 5.54 5.40 5.25 5.30 5.47 5.65 5.75 5.75 5.63 5.45 5.31 5.25 5.21 5.14 5.13 5.21 5.36 5.51 5.58 5.58
5.88 5.87 5.78 5.72 5.75 5.85 6.06 6.41 6.96 7.56 8.01 8.20 8.12 7.82 7.37 6.89 6.60 6.67 6.81 6.94 7.05 7.09 6.98 6.63 6.19 5.93 5.93 5.96 5.80 5.59 5.39 5.24 5.26 5.34 5.40 5.41 5.41 5.44 5.41 5.22 4.94 4.72 4.74 5.10 5.65 6.05 6.24 6.23 6.23 6.40 6.62 6.77 6.86 6.89 6.89 6.83 6.73 6.52 6.23 6.00 5.79 5.60 5.50 5.49 5.41 5.20 5.07 5.14 5.37 5.54 5.58 5.53 5.47 5.39 5.33 5.31 5.24 5.15 5.15 5.23 5.34 5.46 5.49 5.44
5.92 5.86 5.80 5.84 5.94 6.10 6.39 6.84 7.38 7.74 7.78 7.55 7.14 6.67 6.24 5.88 5.67 5.67 5.72 5.90 6.18 6.35 6.42 6.25 6.00 5.86 5.84 5.77 5.62 5.66 5.80 5.92 5.98 5.94 5.80 5.58 5.39 5.34 5.29 5.17 5.10 5.19 5.42 5.82 6.24 6.50 6.51 6.34 6.21 6.24 6.41 6.64 6.86 7.01 7.14 7.18 7.01 6.72 6.36 6.02 5.75 5.59 5.51 5.40 5.16 4.97 5.03 5.25 5.50 5.57 5.43 5.34 5.34 5.32 5.27 5.23 5.18 5.15 5.18 5.27 5.42 5.55 5.55 5.52
5.83 5.73 5.72 5.88 6.07 6.36 6.79 7.20 7.42 7.31 6.96 6.56 6.19 5.85 5.52 5.19 4.98 5.01 5.19 5.44 5.72 6.04 6.17 5.97 5.81 5.91 5.90 5.72 5.53 5.52 5.63 5.73 5.77 5.77 5.73 5.63 5.49 5.40 5.38 5.46 5.60 5.75 5.96 6.34 6.68 6.76 6.56 6.22 5.99 5.96 6.04 6.22 6.40 6.52 6.66 6.74 6.66 6.46 6.20 5.96 5.75 5.58 5.39 5.16 4.97 4.96 5.18 5.45 5.62 5.49 5.24 5.19 5.21 5.19 5.13 5.06 4.98 4.96 5.04 5.22 5.40 5.47 5.43 5.43
5.75 5.67 5.69 5.85 6.06 6.40 6.81 6.97 6.81 6.41 5.96 5.54 5.21 4.93 4.62 4.41 4.50 4.80 5.09 5.34 5.73 6.19 6.15 5.77 5.81 6.09 6.14 6.02 5.86 5.64 5.41 5.14 5.00 5.08 5.25 5.36 5.40 5.42 5.49 5.65 5.81 5.95 6.18 6.56 6.79 6.69 6.31 5.92 5.74 5.73 5.75 5.79 5.79 5.72 5.64 5.69 5.75 5.79 5.84 5.83 5.73 5.50 5.24 5.05 5.03 5.16 5.39 5.59 5.58 5.31 5.09 5.02 5.00 5.01 5.02 4.96 4.86 4.78 4.84 5.10 5.26 5.17 5.04 5.01
