project/data/elevation/US_DEM2016/US_DEM2016_point_10-28-2019_0745_30m_vel.asc
ncols	125
nrows	167
xllcorner	-2042055.000000
yllcorner	1465035.000000
cellsize	30.000000
NODATA_value	-9999.000000
[rows 111 to 147 of 167, columns 0 to 83 of 125]
8.34 8.40 8.47 8.57 8.80 9.11 9.52 10.02 10.57 10.87 10.83 10.45 9.83 9.20 8.73 8.43 8.19 8.06 8.05 8.23 8.47 8.60 8.81 9.05 9.22 9.12 8.85 8.68 8.68 8.86 9.01 9.10 9.14 9.06 8.81 8.44 8.21 8.19 8.11 7.92 7.78 7.83 8.01 8.30 8.55 8.74 8.91 9.11 9.35 9.68 10.10 10.53 10.88 11.16 11.32 11.15 10.61 9.93 9.17 8.45 7.91 7.62 7.45 7.31 7.26 7.37 7.49 7.58 7.74 7.95 8.14 8.23 8.17 8.03 7.83 7.68 7.71 8.05 8.47 8.53 8.28 8.10 8.06 8.11
8.13 8.10 8.20 8.47 8.81 9.28 9.79 10.12 10.15 9.82 9.30 8.84 8.41 8.02 7.70 7.45 7.19 7.04 7.16 7.46 7.72 7.95 8.20 8.53 8.89 9.16 9.10 8.87 8.59 8.51 8.53 8.57 8.64 8.73 8.76 8.65 8.44 8.31 8.29 8.40 8.54 8.64 8.71 8.85 8.96 9.06 9.09 9.04 8.98 9.08 9.24 9.50 9.82 10.16 10.49 10.59 10.34 9.82 9.18 8.55 8.05 7.70 7.35 7.08 7.07 7.31 7.59 7.74 7.79 7.79 7.81 7.90 7.93 7.85 7.66 7.47 7.40 7.60 8.08 8.32 8.14 7.91 7.81 7.86
8.02 7.95 8.03 8.27 8.58 9.01 9.38 9.34 8.96 8.39 7.81 7.33 7.00 6.76 6.56 6.47 6.55 6.75 7.01 7.34 7.74 8.03 8.05 8.10 8.59 9.20 9.52 9.57 9.33 8.89 8.36 7.72 7.32 7.43 7.83 8.17 8.32 8.33 8.40 8.58 8.73 8.83 8.91 8.98 8.92 8.90 8.87 8.73 8.62 8.68 8.75 8.76 8.76 8.74 8.68 8.84 8.98 8.90 8.74 8.51 8.18 7.77 7.36 7.14 7.22 7.47 7.73 7.85 7.79 7.64 7.55 7.56 7.58 7.57 7.51 7.39 7.27 7.28 7.63 7.97 7.85 7.46 7.18 7.09
8.10 8.06 8.07 8.15 8.30 8.52 8.56 8.12 7.47 6.83 6.26 5.76 5.42 5.29 5.47 5.90 6.54 7.23 7.76 8.16 8.44 8.38 7.99 7.91 8.36 8.93 9.42 9.73 9.76 9.51 9.20 8.62 7.77 7.16 7.03 7.25 7.70 8.13 8.41 8.57 8.77 8.98 9.07 8.99 8.64 8.25 8.13 8.15 8.19 8.37 8.64 8.70 8.60 8.26 7.65 7.22 7.19 7.51 7.87 8.08 8.08 7.94 7.79 7.69 7.68 7.75 7.89 7.92 7.77 7.61 7.52 7.47 7.47 7.47 7.44 7.38 7.34 7.33 7.51 7.74 7.56 6.95 6.46 6.18
8.27 8.26 8.26 8.21 8.15 8.02 7.70 7.17 6.56 6.01 5.56 5.21 5.02 5.16 5.80 6.75 7.66 8.44 9.03 9.28 9.07 8.48 7.60 7.24 7.52 7.94 8.46 9.05 9.39 9.55 9.77 9.82 9.35 8.31 7.34 7.12 7.62 8.28 8.71 8.92 9.06 9.15 9.13 8.94 8.46 7.78 7.40 7.47 7.70 8.06 8.64 9.02 9.15 8.93 8.25 7.31 6.74 6.74 7.03 7.40 7.72 7.91 8.04 8.13 8.15 8.11 8.03 7.91 7.73 7.58 7.54 7.57 7.61 7.56 7.45 7.37 7.42 7.53 7.70 7.82 7.54 6.89 6.38 5.97
8.35 8.38 8.36 8.23 7.99 7.62 7.15 6.78 6.68 6.72 6.74 6.67 6.75 7.18 7.94 8.84 9.55 9.86 9.83 9.54 9.08 8.56 7.74 6.83 6.56 6.69 7.28 8.11 8.62 8.83 9.14 9.68 10.00 9.73 9.02 8.61 8.67 8.93 9.06 9.06 8.99 8.89 8.83 8.77 8.51 7.90 7.24 7.07 7.36 7.86 8.46 9.09 9.53 9.65 9.41 8.90 8.23 7.65 7.32 7.36 7.57 7.76 7.88 8.02 8.16 8.19 8.11 7.96 7.71 7.43 7.32 7.40 7.51 7.56 7.53 7.50 7.56 7.72 7.95 8.18 8.08 7.59 7.23 7.02
8.29 8.28 8.24 8.12 7.88 7.50 7.13 6.99 7.19 7.61 8.06 8.52 9.03 9.55 9.97 10.18 10.13 9.80 9.30 8.78 8.53 8.61 8.42 7.54 6.62 6.34 6.60 7.34 7.88 7.89 7.77 8.25 9.23 9.93 10.05 9.81 9.46 9.12 8.81 8.55 8.39 8.35 8.42 8.59 8.71 8.45 7.67 7.03 7.12 7.56 7.99 8.51 9.16 9.67 9.88 9.86 9.70 9.37 8.82 8.27 7.99 7.85 7.75 7.69 7.74 7.83 7.86 7.83 7.66 7.38 7.18 7.16 7.29 7.47 7.61 7.70 7.80 7.94 8.18 8.56 8.81 8.76 8.61 8.59
8.17 8.10 8.03 7.98 7.85 7.65 7.47 7.39 7.45 7.75 8.37 9.13 9.79 10.15 10.15 9.76 9.07 8.45 8.07 7.77 7.80 8.21 8.58 8.36 7.64 7.00 6.76 7.01 7.56 7.57 7.04 6.90 7.56 8.73 9.42 9.50 9.17 8.73 8.38 8.13 8.04 8.09 8.22 8.39 8.63 8.74 8.24 7.27 6.94 7.06 7.32 7.66 8.21 8.91 9.43 9.66 9.80 9.87 9.72 9.23 8.62 8.14 7.74 7.40 7.17 7.08 7.13 7.37 7.58 7.59 7.49 7.39 7.41 7.54 7.71 7.87 8.02 8.16 8.39 8.74 9.05 9.24 9.32 9.29
8.05 7.96 7.89 7.89 7.87 7.82 7.75 7.68 7.72 8.00 8.57 9.11 9.39 9.31 8.95 8.45 7.98 7.62 7.32 7.14 7.12 7.35 7.79 8.05 7.86 7.43 7.13 7.23 7.72 7.97 7.57 6.85 6.68 7.22 8.10 8.58 8.59 8.42 8.31 8.23 8.15 8.10 8.09 8.13 8.30 8.62 8.55 7.81 7.08 6.84 6.85 7.09 7.57 8.25 8.90 9.21 9.27 9.28 9.35 9.28 8.91 8.34 7.77 7.27 6.82 6.60 6.77 7.25 7.70 7.95 8.01 7.95 7.84 7.75 7.75 7.83 7.95 8.07 8.24 8.48 8.69 8.77 8.75 8.64
7.98 7.89 7.85 7.87 7.87 7.89 7.94 7.98 8.11 8.45 8.82 8.94 8.76 8.40 8.00 7.71 7.55 7.34 7.05 6.82 6.64 6.64 6.95 7.33 7.38 7.21 7.19 7.42 7.88 8.33 8.34 7.74 6.95 6.70 7.05 7.63 7.98 8.14 8.27 8.32 8.27 8.17 8.02 7.88 7.90 8.22 8.49 8.15 7.38 6.88 6.72 6.93 7.41 8.02 8.64 8.98 8.90 8.64 8.55 8.63 8.58 8.27 7.86 7.47 7.20 7.21 7.48 7.78 7.99 8.12 8.19 8.21 8.10 7.90 7.70 7.58 7.56 7.66 7.85 8.10 8.30 8.27 8.09 7.89
8.05 7.98 7.91 7.86 7.84 7.92 8.11 8.35 8.58 8.82 8.83 8.63 8.35 8.10 7.88 7.69 7.46 7.21 7.09 7.07 7.09 7.17 7.31 7.38 7.27 7.12 7.17 7.37 7.74 8.25 8.56 8.42 7.87 7.27 6.97 7.10 7.46 7.76 7.95 8.09 8.15 8.14 7.97 7.65 7.44 7.62 8.04 7.99 7.38 6.82 6.67 6.86 7.23 7.63 8.11 8.57 8.68 8.44 8.19 8.11 8.14 8.10 8.02 7.98 8.04 8.17 8.25 8.25 8.20 8.13 8.07 8.06 8.05 7.96 7.76 7.55 7.45 7.55 7.74 7.93 8.06 8.02 7.84 7.71
8.15 8.06 7.90 7.79 7.80 7.89 8.13 8.54 8.96 9.01 8.75 8.37 8.10 7.93 7.79 7.58 7.36 7.32 7.53 7.82 8.00 8.02 7.91 7.73 7.48 7.23 7.14 7.21 7.46 7.95 8.37 8.48 8.28 7.89 7.51 7.35 7.47 7.63 7.69 7.79 7.88 7.84 7.56 7.13 6.83 6.95 7.45 7.67 7.27 6.68 6.37 6.33 6.49 6.78 7.22 7.82 8.28 8.36 8.22 8.08 8.02 8.03 8.07 8.12 8.14 8.17 8.19 8.26 8.34 8.34 8.20 8.04 7.99 7.95 7.81 7.69 7.63 7.61 7.56 7.60 7.66 7.57 7.40 7.37
8.03 7.88 7.66 7.62 7.72 7.86 8.04 8.31 8.59 8.60 8.32 7.95 7.64 7.38 7.17 7.15 7.31 7.58 7.81 7.88 7.80 7.70 7.70 7.81 7.85 7.66 7.29 7.10 7.16 7.56 8.03 8.19 8.04 7.84 7.79 7.85 7.86 7.79 7.65 7.67 7.52 7.11 6.60 6.27 6.14 6.32 6.88 7.37 7.24 6.63 6.03 5.64 5.50 5.69 6.17 6.86 7.55 7.94 8.01 7.96 7.95 8.01 8.01 7.89 7.75 7.77 7.93 8.12 8.32 8.48 8.47 8.27 8.06 7.85 7.62 7.50 7.38 7.17 6.97 7.05 7.24 7.19 6.97 6.83
8.01 7.85 7.65 7.62 7.69 7.78 7.83 7.82 7.75 7.64 7.50 7.32 7.05 6.69 6.56 6.90 7.26 7.39 7.22 6.92 6.75 6.89 7.25 7.65 7.98 8.08 7.77 7.30 7.08 7.24 7.74 8.01 7.91 7.73 7.73 7.81 7.82 7.71 7.51 7.38 6.96 6.36 6.07 6.09 6.16 6.27 6.62 7.13 7.23 6.87 6.40 5.94 5.52 5.34 5.51 6.11 6.86 7.34 7.54 7.68 7.83 7.98 8.07 8.14 8.15 8.20 8.21 8.17 8.14 8.21 8.34 8.31 8.06 7.67 7.36 7.15 6.94 6.76 6.74 6.98 7.22 7.15 6.77 6.39
8.27 8.28 8.15 7.88 7.68 7.58 7.50 7.33 7.12 6.99 7.01 7.05 6.86 6.53 6.52 6.73 6.75 6.56 6.26 6.03 6.14 6.59 7.15 7.62 7.98 8.21 8.17 7.82 7.44 7.29 7.57 7.96 7.97 7.67 7.34 7.16 7.15 7.16 7.11 6.92 6.58 6.43 6.73 7.15 7.35 7.28 7.25 7.40 7.47 7.33 7.06 6.73 6.36 6.03 5.91 6.14 6.62 7.15 7.51 7.73 7.85 7.97 8.16 8.45 8.58 8.52 8.31 8.12 7.99 7.93 7.97 8.01 7.84 7.53 7.23 6.94 6.72 6.64 6.78 7.11 7.33 7.20 6.76 6.42
8.38 8.45 8.33 7.89 7.51 7.31 7.20 7.04 6.86 6.82 6.94 7.00 6.84 6.56 6.32 6.06 5.84 5.81 5.88 6.03 6.39 6.85 7.32 7.71 7.96 8.10 8.17 8.08 7.79 7.51 7.57 7.92 8.02 7.61 6.98 6.65 6.68 6.86 6.96 6.91 6.96 7.36 7.86 8.21 8.42 8.49 8.45 8.32 8.11 7.81 7.42 7.01 6.73 6.60 6.53 6.56 6.82 7.31 7.70 7.86 7.83 7.85 7.97 8.09 8.04 7.87 7.75 7.80 7.95 8.03 7.94 7.81 7.63 7.44 7.21 6.89 6.52 6.23 6.23 6.61 7.17 7.37 7.19 7.02
8.03 7.90 7.58 7.30 7.08 7.03 7.04 6.96 6.85 6.76 6.67 6.60 6.57 6.42 6.08 5.76 5.72 5.98 6.44 7.05 7.51 7.72 7.72 7.61 7.49 7.55 7.70 7.77 7.66 7.51 7.55 7.89 8.14 7.94 7.38 7.03 7.07 7.21 7.30 7.41 7.66 7.95 8.14 8.29 8.57 8.93 9.20 9.27 9.05 8.55 8.02 7.53 7.14 6.92 6.84 6.84 7.01 7.37 7.69 7.78 7.68 7.63 7.57 7.44 7.29 7.26 7.40 7.68 7.98 8.13 8.04 7.77 7.55 7.37 7.22 7.09 6.84 6.41 6.04 6.16 6.90 7.57 7.76 7.61
7.64 7.19 6.70 6.60 6.63 6.80 6.95 6.97 6.87 6.68 6.43 6.32 6.47 6.66 6.70 6.72 6.94 7.38 7.96 8.46 8.69 8.55 8.07 7.50 7.10 7.06 7.17 7.25 7.26 7.24 7.33 7.67 8.14 8.31 8.12 7.91 7.82 7.74 7.67 7.66 7.69 7.71 7.87 8.15 8.56 9.01 9.47 9.83 9.95 9.66 9.10 8.57 8.07 7.61 7.26 7.06 7.03 7.18 7.47 7.66 7.54 7.45 7.32 7.16 7.10 7.30 7.57 7.75 7.79 7.79 7.73 7.61 7.47 7.32 7.18 7.22 7.37 7.39 7.07 6.81 7.07 7.56 7.78 7.63
7.88 7.39 6.82 6.78 6.88 6.97 7.01 7.00 6.91 6.74 6.59 6.60 6.89 7.34 7.78 8.16 8.55 8.86 8.99 8.96 8.75 8.42 8.03 7.62 7.20 7.00 6.96 7.01 7.07 7.08 7.12 7.35 7.89 8.32 8.35 8.16 7.93 7.75 7.62 7.50 7.39 7.44 7.74 8.13 8.58 9.01 9.38 9.74 10.10 10.12 9.71 9.06 8.47 8.03 7.68 7.39 7.13 7.00 7.18 7.45 7.50 7.45 7.38 7.34 7.40 7.59 7.67 7.52 7.28 7.16 7.21 7.29 7.32 7.34 7.30 7.18 7.22 7.56 7.84 7.83 7.69 7.60 7.54 7.49
8.35 8.11 7.84 7.90 7.92 7.67 7.29 7.08 7.01 6.95 6.92 7.07 7.43 7.93 8.39 8.72 8.90 8.87 8.65 8.24 7.73 7.36 7.37 7.41 7.24 7.09 7.07 7.18 7.31 7.37 7.34 7.40 7.77 8.22 8.29 7.92 7.54 7.40 7.44 7.48 7.51 7.65 7.94 8.24 8.49 8.65 8.74 8.90 9.24 9.54 9.41 8.93 8.50 8.22 7.98 7.72 7.45 7.24 7.14 7.33 7.54 7.60 7.61 7.65 7.72 7.71 7.51 7.18 6.93 6.91 7.04 7.19 7.27 7.39 7.58 7.52 7.24 7.11 7.41 7.86 8.07 8.10 8.15 8.38
8.53 8.47 8.46 8.51 8.48 8.22 7.72 7.26 7.09 7.10 7.18 7.34 7.64 7.98 8.22 8.25 8.12 7.90 7.60 7.12 6.60 6.38 6.61 6.98 7.13 7.18 7.31 7.51 7.70 7.85 7.96 8.06 8.26 8.53 8.64 8.35 7.83 7.52 7.50 7.70 7.97 8.28 8.46 8.44 8.29 8.05 7.80 7.79 8.14 8.71 8.97 8.84 8.64 8.42 8.17 7.94 7.76 7.63 7.47 7.48 7.61 7.73 7.81 7.87 7.84 7.60 7.25 6.99 6.96 7.06 7.21 7.37 7.45 7.46 7.56 7.71 7.71 7.45 7.25 7.50 8.12 8.77 9.29 9.68
8.50 8.51 8.49 8.42 8.38 8.42 8.25 7.76 7.37 7.30 7.35 7.35 7.41 7.51 7.54 7.54 7.48 7.24 6.87 6.52 6.30 6.34 6.67 7.02 7.20 7.28 7.44 7.66 7.86 8.07 8.34 8.64 8.89 9.09 9.24 9.13 8.64 8.10 7.76 7.87 8.22 8.51 8.51 8.29 7.96 7.58 7.22 7.13 7.47 8.18 8.74 8.88 8.76 8.54 8.30 8.11 7.97 7.89 7.78 7.67 7.67 7.75 7.86 7.90 7.81 7.50 7.10 6.95 7.07 7.27 7.43 7.53 7.61 7.64 7.52 7.50 7.76 8.04 8.08 8.09 8.46 9.06 9.53 9.72
8.51 8.63 8.75 8.69 8.62 8.62 8.68 8.54 8.14 7.78 7.53 7.26 7.02 6.92 7.05 7.27 7.31 7.12 6.94 6.97 7.15 7.32 7.41 7.47 7.49 7.46 7.52 7.68 7.89 8.07 8.26 8.52 8.85 9.19 9.51 9.66 9.51 9.02 8.40 8.10 8.14 8.18 8.16 8.05 7.77 7.42 7.16 7.11 7.36 7.95 8.58 8.93 8.97 8.79 8.55 8.32 8.13 8.00 7.84 7.70 7.64 7.66 7.71 7.74 7.72 7.55 7.30 7.21 7.32 7.52 7.67 7.69 7.64 7.63 7.64 7.64 7.77 8.15 8.65 8.93 9.00 8.91 8.78 8.73
8.59 8.91 9.33 9.35 9.11 8.80 8.78 8.88 8.72 8.22 7.67 7.22 6.87 6.74 6.90 7.11 7.16 7.19 7.41 7.78 8.05 8.09 7.98 7.89 7.84 7.76 7.72 7.78 7.93 8.09 8.17 8.21 8.36 8.79 9.39 9.94 10.23 10.11 9.54 8.74 8.26 8.01 7.98 7.88 7.59 7.34 7.26 7.35 7.59 8.03 8.55 9.01 9.26 9.18 8.89 8.55 8.26 8.03 7.80 7.69 7.64 7.59 7.55 7.57 7.64 7.66 7.64 7.69 7.80 7.92 8.00 7.97 7.78 7.59 7.64 7.93 8.23 8.53 9.03 9.48 9.42 8.87 8.21 7.86
8.48 8.79 9.27 9.46 9.33 8.93 8.66 8.59 8.52 8.18 7.68 7.27 7.03 6.93 6.88 6.82 6.92 7.27 7.73 8.04 8.13 8.12 8.08 8.08 8.08 7.99 7.85 7.79 7.84 8.01 8.16 8.18 8.23 8.54 9.11 9.73 10.23 10.49 10.37 9.73 8.78 8.08 7.63 7.34 7.13 7.11 7.27 7.48 7.74 8.13 8.59 9.06 9.41 9.43 9.17 8.80 8.41 8.10 7.83 7.74 7.72 7.68 7.62 7.59 7.68 7.83 7.95 8.09 8.23 8.35 8.39 8.40 8.27 8.02 7.88 8.09 8.65 9.30 9.83 10.05 9.91 9.36 8.52 7.79
8.13 8.13 8.20 8.47 8.70 8.63 8.33 8.13 8.14 8.07 7.89 7.75 7.70 7.57 7.26 6.92 6.90 7.19 7.45 7.60 7.76 7.94 8.08 8.17 8.18 8.05 7.81 7.62 7.60 7.76 7.97 8.17 8.33 8.49 8.66 8.93 9.29 9.69 9.93 9.73 8.91 7.93 7.14 6.75 6.75 6.91 7.16 7.38 7.73 8.17 8.58 8.95 9.28 9.43 9.33 9.02 8.61 8.22 7.89 7.80 7.86 7.90 7.86 7.77 7.76 7.91 8.11 8.29 8.47 8.66 8.86 9.05 9.10 9.02 8.88 8.86 9.18 9.74 10.13 10.19 10.17 10.02 9.45 8.58
7.77 7.46 6.93 6.77 7.01 7.32 7.51 7.70 8.01 8.33 8.52 8.65 8.70 8.48 7.95 7.39 7.07 6.94 6.88 6.98 7.35 7.76 8.03 8.19 8.23 8.16 7.91 7.55 7.31 7.35 7.51 7.70 7.87 7.98 7.94 7.94 8.09 8.31 8.50 8.49 8.16 7.54 6.95 6.66 6.74 6.94 7.12 7.39 7.85 8.26 8.50 8.72 9.02 9.28 9.33 9.16 8.82 8.42 8.05 7.95 8.04 8.13 8.10 7.98 7.87 7.91 8.13 8.39 8.63 8.89 9.25 9.69 10.07 10.35 10.49 10.41 10.25 10.13 9.96 9.84 10.09 10.51 10.59 10.16
7.60 7.08 6.19 5.78 5.75 6.05 6.58 7.16 7.75 8.35 8.78 8.95 8.88 8.60 8.15 7.64 7.21 6.94 6.87 7.05 7.37 7.66 7.87 8.09 8.27 8.33 8.22 7.84 7.33 7.06 7.05 7.07 7.07 7.13 7.19 7.17 7.15 7.23 7.31 7.39 7.39 7.24 7.03 6.97 7.17 7.43 7.68 8.01 8.33 8.45 8.50 8.62 8.85 9.11 9.24 9.19 9.04 8.86 8.69 8.60 8.51 8.39 8.26 8.15 8.08 8.09 8.21 8.45 8.75 9.09 9.57 10.14 10.74 11.22 11.48 11.39 10.96 10.36 9.78 9.63 10.05 10.78 11.39 11.56
7.74 7.17 6.25 5.89 5.89 6.11 6.47 6.84 7.25 7.77 8.25 8.43 8.27 8.00 7.79 7.56 7.31 7.18 7.24 7.47 7.68 7.83 7.90 8.06 8.25 8.40 8.48 8.38 8.00 7.44 7.08 6.90 6.83 6.80 6.77 6.67 6.55 6.57 6.72 6.91 7.07 7.15 7.27 7.53 7.86 8.20 8.54 8.72 8.69 8.56 8.51 8.59 8.77 8.98 9.11 9.16 9.22 9.32 9.39 9.32 8.98 8.55 8.28 8.21 8.29 8.36 8.37 8.49 8.80 9.28 9.81 10.28 10.67 10.91 11.01 10.91 10.55 9.99 9.50 9.44 9.78 10.43 11.21 11.76
8.29 7.89 7.37 7.28 7.35 7.35 7.19 7.01 7.04 7.27 7.57 7.74 7.65 7.51 7.45 7.44 7.40 7.38 7.48 7.70 7.90 8.07 8.11 8.16 8.22 8.34 8.51 8.64 8.57 8.20 7.59 7.15 6.92 6.74 6.56 6.39 6.26 6.28 6.47 6.73 6.99 7.27 7.64 8.05 8.37 8.60 8.75 8.70 8.52 8.36 8.33 8.39 8.51 8.69 8.84 8.97 9.12 9.25 9.25 9.01 8.64 8.34 8.16 8.13 8.24 8.40 8.45 8.48 8.67 9.12 9.57 9.77 9.74 9.60 9.45 9.38 9.31 9.16 8.99 8.94 9.00 9.38 10.16 10.89
8.75 8.67 8.67 8.87 9.03 8.89 8.30 7.81 7.56 7.43 7.31 7.22 7.21 7.26 7.36 7.45 7.50 7.56 7.72 7.95 8.13 8.27 8.25 8.18 8.15 8.20 8.36 8.55 8.64 8.50 8.07 7.51 7.06 6.73 6.49 6.38 6.36 6.39 6.52 6.76 7.16 7.72 8.25 8.56 8.66 8.62 8.50 8.29 8.11 8.03 8.02 8.01 8.04 8.24 8.48 8.62 8.69 8.70 8.54 8.21 8.01 7.96 7.96 7.99 8.05 8.17 8.30 8.36 8.44 8.62 8.78 8.67 8.41 8.15 7.99 8.01 8.22 8.44 8.48 8.42 8.40 8.61 9.12 9.71
8.71 8.83 9.02 9.20 9.41 9.54 9.44 9.01 8.48 7.93 7.44 7.14 7.09 7.24 7.44 7.62 7.75 7.88 8.05 8.17 8.21 8.17 8.04 7.95 7.93 7.96 8.09 8.26 8.37 8.34 8.14 7.74 7.31 6.95 6.72 6.64 6.65 6.67 6.77 7.11 7.76 8.42 8.79 8.83 8.67 8.46 8.27 8.08 7.92 7.85 7.80 7.73 7.69 7.95 8.21 8.28 8.16 7.98 7.76 7.57 7.50 7.57 7.69 7.77 7.79 7.85 8.00 8.18 8.32 8.38 8.24 7.93 7.71 7.62 7.61 7.76 8.10 8.39 8.43 8.34 8.39 8.52 8.71 9.08
8.48 8.61 8.75 8.74 8.77 8.92 9.27 9.28 8.86 8.22 7.69 7.42 7.35 7.44 7.65 7.89 8.10 8.23 8.25 8.13 7.90 7.70 7.62 7.64 7.70 7.73 7.76 7.80 7.92 8.03 7.99 7.79 7.55 7.31 7.14 7.11 7.14 7.16 7.32 7.84 8.44 8.72 8.66 8.44 8.25 8.17 8.13 8.05 7.93 7.81 7.75 7.69 7.74 7.92 8.10 8.12 7.88 7.43 7.06 6.94 6.99 7.18 7.39 7.48 7.53 7.66 7.85 8.05 8.23 8.33 8.25 8.05 7.90 7.84 7.85 8.04 8.45 8.79 8.88 8.76 8.67 8.64 8.71 9.06
8.34 8.47 8.67 8.65 8.40 8.05 8.08 8.35 8.43 8.20 7.88 7.67 7.61 7.66 7.79 8.02 8.22 8.26 8.09 7.76 7.43 7.22 7.23 7.43 7.62 7.72 7.72 7.69 7.80 7.96 7.99 7.87 7.70 7.55 7.49 7.58 7.79 7.96 8.13 8.36 8.45 8.30 8.06 7.88 7.85 7.95 8.08 8.08 7.93 7.80 7.74 7.76 7.78 7.88 8.03 8.16 8.10 7.78 7.32 7.01 6.92 7.02 7.17 7.32 7.47 7.66 7.85 7.99 8.04 8.04 8.13 8.23 8.14 7.98 7.92 8.15 8.67 9.14 9.33 9.23 8.96 8.76 8.78 9.12
8.32 8.41 8.52 8.46 8.19 7.61 7.18 7.19 7.50 7.72 7.72 7.65 7.63 7.67 7.73 7.83 7.88 7.75 7.42 7.06 6.80 6.71 6.86 7.24 7.66 7.95 8.08 8.09 8.17 8.24 8.19 8.00 7.78 7.67 7.68 7.85 8.15 8.40 8.39 8.17 7.89 7.73 7.71 7.76 7.85 7.94 8.02 8.04 7.93 7.78 7.73 7.67 7.59 7.67 7.95 8.27 8.51 8.57 8.30 7.96 7.61 7.26 7.18 7.30 7.48 7.68 7.86 7.98 7.97 7.93 8.06 8.28 8.29 8.23 8.30 8.66 9.10 9.38 9.46 9.33 9.01 8.80 8.81 8.96
8.28 8.25 7.94 7.38 6.98 6.67 6.47 6.50 6.76 7.08 7.29 7.42 7.51 7.58 7.61 7.57 7.41 7.17 6.91 6.71 6.65 6.72 6.96 7.37 7.74 8.08 8.32 8.40 8.38 8.35 8.31 8.13 7.90 7.79 7.80 7.92 8.09 8.22 8.13 7.84 7.58 7.50 7.66 7.89 7.99 7.96 7.88 7.84 7.83 7.77 7.63 7.46 7.41 7.59 7.95 8.33 8.72 9.03 9.12 8.98 8.55 7.84 7.37 7.33 7.50 7.70 7.90 8.09 8.25 8.40 8.49 8.50 8.59 8.83 9.19 9.45 9.52 9.40 9.34 9.28 9.03 8.87 8.84 8.72
8.08 7.99 7.60 6.70 5.94 5.82 6.02 6.27 6.56 6.90 7.18 7.33 7.42 7.52 7.57 7.51 7.38 7.35 7.46 7.56 7.57 7.61 7.68 7.69 7.73 7.87 8.10 8.18 8.00 7.89 8.03 8.08 7.98 7.90 7.91 7.97 8.05 8.17 8.20 8.11 7.82 7.59 7.67 7.90 7.99 7.90 7.73 7.62 7.57 7.49 7.35 7.30 7.40 7.66 7.99 8.35 8.74 9.10 9.34 9.38 9.17 8.61 7.93 7.68 7.73 7.82 7.96 8.17 8.42 8.58 8.57 8.54 8.77 9.21 9.59 9.60 9.33 8.98 8.96 9.15 9.14 8.95 8.75 8.56
