project/data/elevation/US_DEM2016/US_DEM2016_point_10-31-2019_0248_30m_vel.asc
ncols	125
nrows	167
xllcorner	-2042055.000000
yllcorner	1465035.000000
cellsize	30.000000
NODATA_value	-9999.000000
[rows 114 to 151 of 167, columns 0 to 83 of 125]
4.24 4.23 4.26 4.34 4.49 4.72 4.83 4.57 4.09 3.64 3.28 2.96 2.72 2.56 2.61 2.96 3.53 4.10 4.50 4.78 4.99 4.93 4.54 4.33 4.52 4.66 4.57 4.47 4.46 4.44 4.35 4.14 3.85 3.63 3.52 3.52 3.72 3.98 4.19 4.36 4.54 4.76 4.99 5.16 5.03 4.62 4.25 4.10 4.10 4.19 4.28 4.29 4.17 3.95 3.66 3.44 3.38 3.57 3.84 4.04 4.12 4.12 4.06 3.99 4.00 4.07 4.15 4.09 3.88 3.66 3.53 3.46 3.44 3.46 3.47 3.43 3.35 3.30 3.35 3.48 3.44 3.18 3.01 2.93
4.34 4.36 4.38 4.40 4.44 4.46 4.32 3.91 3.42 3.03 2.76 2.58 2.48 2.60 3.09 3.81 4.48 4.96 5.26 5.34 5.13 4.65 4.08 3.98 4.21 4.24 4.11 4.08 4.17 4.34 4.51 4.56 4.43 4.10 3.71 3.61 3.85 4.18 4.42 4.59 4.76 4.91 5.02 5.00 4.70 4.22 3.86 3.78 3.89 4.11 4.37 4.45 4.37 4.18 3.87 3.51 3.31 3.38 3.56 3.74 3.91 4.07 4.17 4.20 4.22 4.23 4.15 3.94 3.72 3.58 3.51 3.48 3.49 3.49 3.46 3.41 3.38 3.40 3.45 3.48 3.34 3.12 3.00 2.92
4.42 4.43 4.42 4.38 4.31 4.17 3.91 3.58 3.38 3.35 3.36 3.36 3.52 3.98 4.62 5.25 5.63 5.71 5.58 5.26 4.78 4.26 3.88 3.78 3.81 3.70 3.62 3.72 3.88 4.05 4.24 4.42 4.54 4.52 4.39 4.36 4.44 4.56 4.63 4.70 4.74 4.78 4.83 4.76 4.46 4.07 3.75 3.67 3.84 4.16 4.43 4.52 4.46 4.39 4.31 4.21 4.06 3.93 3.85 3.84 3.91 4.00 4.08 4.15 4.20 4.19 4.04 3.80 3.60 3.47 3.41 3.40 3.42 3.46 3.47 3.47 3.48 3.52 3.58 3.61 3.59 3.53 3.51 3.56
4.44 4.39 4.32 4.28 4.17 4.00 3.82 3.68 3.71 3.88 4.14 4.50 4.97 5.47 5.86 6.01 5.87 5.51 5.12 4.67 4.28 4.10 4.06 3.98 3.82 3.62 3.48 3.52 3.63 3.71 3.76 3.88 4.14 4.46 4.70 4.79 4.71 4.56 4.45 4.41 4.41 4.49 4.61 4.58 4.34 4.05 3.79 3.70 3.88 4.17 4.32 4.30 4.27 4.32 4.44 4.59 4.68 4.66 4.51 4.30 4.16 4.05 4.00 3.98 3.98 3.93 3.77 3.59 3.49 3.43 3.38 3.34 3.36 3.43 3.52 3.59 3.64 3.68 3.75 3.89 4.06 4.17 4.25 4.38
4.40 4.30 4.21 4.17 4.11 4.03 3.98 3.94 3.93 4.07 4.48 5.07 5.59 5.88 5.89 5.60 5.05 4.59 4.32 4.02 3.90 3.98 4.11 4.16 4.10 3.90 3.67 3.53 3.57 3.58 3.48 3.47 3.63 3.97 4.28 4.43 4.39 4.26 4.18 4.17 4.23 4.39 4.53 4.45 4.16 3.93 3.80 3.75 3.87 4.03 4.06 3.99 3.95 4.05 4.24 4.43 4.62 4.74 4.74 4.60 4.37 4.13 3.93 3.79 3.66 3.50 3.34 3.36 3.49 3.57 3.56 3.50 3.48 3.53 3.62 3.71 3.78 3.83 3.95 4.15 4.30 4.39 4.51 4.61
4.33 4.24 4.16 4.15 4.11 4.11 4.14 4.12 4.13 4.34 4.82 5.29 5.48 5.40 5.10 4.65 4.25 4.01 3.78 3.57 3.56 3.65 3.78 3.93 4.00 3.92 3.77 3.71 3.75 3.75 3.65 3.52 3.48 3.53 3.69 3.87 4.01 4.07 4.14 4.22 4.31 4.44 4.47 4.26 3.94 3.78 3.80 3.83 3.90 3.94 3.90 3.82 3.83 3.96 4.11 4.23 4.31 4.34 4.38 4.41 4.32 4.09 3.86 3.66 3.43 3.24 3.25 3.50 3.74 3.82 3.80 3.75 3.70 3.67 3.69 3.74 3.77 3.82 3.96 4.12 4.15 4.10 4.11 4.12
4.29 4.25 4.21 4.17 4.13 4.17 4.26 4.30 4.41 4.76 5.15 5.28 5.11 4.81 4.45 4.12 3.92 3.74 3.48 3.33 3.31 3.36 3.51 3.68 3.70 3.68 3.75 3.86 3.93 3.91 3.87 3.77 3.60 3.47 3.39 3.46 3.69 3.94 4.15 4.30 4.39 4.46 4.38 4.07 3.74 3.64 3.72 3.81 3.86 3.88 3.87 3.86 3.94 4.04 4.09 4.10 4.06 3.98 3.95 3.99 4.00 3.92 3.83 3.70 3.58 3.60 3.77 3.96 4.01 3.92 3.84 3.81 3.76 3.70 3.65 3.62 3.60 3.66 3.82 3.95 3.92 3.80 3.75 3.69
4.33 4.33 4.29 4.20 4.14 4.21 4.37 4.52 4.76 5.10 5.24 5.10 4.82 4.56 4.29 4.03 3.79 3.56 3.44 3.48 3.57 3.67 3.78 3.77 3.66 3.64 3.79 3.92 3.93 3.87 3.86 3.88 3.85 3.70 3.48 3.39 3.56 3.84 4.07 4.23 4.34 4.41 4.23 3.82 3.48 3.39 3.49 3.60 3.66 3.74 3.84 3.91 3.94 3.92 3.86 3.82 3.82 3.81 3.77 3.73 3.75 3.80 3.87 3.93 4.02 4.16 4.23 4.21 4.08 3.88 3.75 3.70 3.68 3.67 3.64 3.58 3.57 3.67 3.81 3.83 3.72 3.61 3.58 3.56
4.39 4.37 4.28 4.17 4.15 4.25 4.44 4.70 5.06 5.22 5.12 4.86 4.63 4.41 4.14 3.85 3.63 3.59 3.75 3.96 4.07 4.08 4.01 3.88 3.76 3.74 3.80 3.86 3.85 3.78 3.78 3.82 3.87 3.83 3.73 3.66 3.73 3.87 3.97 4.11 4.24 4.20 3.82 3.32 3.07 3.09 3.25 3.38 3.48 3.56 3.64 3.68 3.62 3.52 3.46 3.45 3.55 3.68 3.73 3.71 3.73 3.80 3.91 4.01 4.10 4.17 4.19 4.16 4.07 3.93 3.78 3.67 3.63 3.62 3.61 3.61 3.66 3.72 3.68 3.56 3.42 3.36 3.36 3.36
4.32 4.26 4.16 4.11 4.15 4.28 4.46 4.69 4.93 4.95 4.75 4.51 4.32 4.06 3.71 3.55 3.62 3.80 3.94 3.97 3.88 3.80 3.82 3.91 3.96 3.92 3.82 3.79 3.77 3.70 3.65 3.64 3.65 3.72 3.83 3.93 3.96 3.93 4.07 4.02 4.02 3.68 3.07 2.69 2.68 2.86 3.09 3.29 3.40 3.41 3.42 3.39 3.26 3.15 3.11 3.16 3.30 3.46 3.56 3.62 3.71 3.82 3.89 3.91 3.94 4.02 4.09 4.11 4.06 3.95 3.83 3.71 3.61 3.52 3.46 3.49 3.49 3.41 3.26 3.16 3.17 3.20 3.17 3.12
4.27 4.24 4.19 4.16 4.19 4.28 4.39 4.48 4.50 4.38 4.20 4.08 3.94 3.62 3.39 3.52 3.69 3.70 3.56 3.34 3.22 3.36 3.68 3.98 4.09 4.05 3.98 3.89 3.80 3.66 3.57 3.55 3.58 3.68 3.79 3.85 3.85 3.82 3.81 3.84 3.62 3.07 2.65 2.61 2.77 2.94 3.11 3.32 3.43 3.47 3.51 3.49 3.34 3.17 3.09 3.13 3.21 3.26 3.35 3.52 3.69 3.84 3.95 4.07 4.20 4.28 4.24 4.13 3.96 3.79 3.70 3.63 3.50 3.34 3.28 3.27 3.19 3.10 3.04 3.08 3.16 3.16 3.04 2.96
4.40 4.44 4.40 4.27 4.19 4.19 4.22 4.22 4.14 4.01 4.06 3.87 3.70 3.42 3.40 3.50 3.40 3.14 2.95 2.87 2.99 3.38 3.85 4.14 4.14 4.07 4.07 4.05 3.92 3.74 3.61 3.60 3.62 3.63 3.57 3.48 3.46 3.51 3.58 3.54 3.29 3.03 3.10 3.33 3.46 3.46 3.50 3.60 3.66 3.71 3.75 3.73 3.64 3.51 3.41 3.38 3.31 3.30 3.44 3.62 3.74 3.86 4.04 4.28 4.40 4.34 4.18 4.01 3.81 3.63 3.52 3.42 3.30 3.20 3.16 3.10 3.02 2.99 3.05 3.14 3.18 3.12 3.06 3.11
4.51 4.48 4.35 4.14 4.02 4.03 4.06 4.03 3.97 3.97 3.95 3.79 3.51 3.31 3.25 3.13 2.89 2.73 2.77 2.99 3.34 3.76 4.16 4.29 4.10 3.95 3.96 3.99 3.93 3.81 3.69 3.65 3.62 3.51 3.34 3.27 3.32 3.45 3.54 3.53 3.50 3.63 3.86 3.99 4.05 4.08 4.09 4.07 4.01 3.92 3.82 3.74 3.71 3.69 3.66 3.61 3.52 3.53 3.63 3.72 3.72 3.80 3.97 4.10 4.03 3.86 3.79 3.79 3.76 3.66 3.47 3.28 3.16 3.12 3.09 2.99 2.86 2.79 2.84 2.96 3.09 3.23 3.40 3.52
4.35 4.15 3.84 3.73 3.77 3.90 3.97 3.94 3.92 3.93 4.04 3.51 3.26 3.15 3.07 2.95 2.88 2.97 3.27 3.73 4.10 4.33 4.43 4.22 3.81 3.66 3.69 3.71 3.71 3.72 3.73 3.69 3.65 3.57 3.48 3.51 3.64 3.74 3.80 3.84 3.94 4.03 4.05 4.08 4.20 4.38 4.51 4.51 4.38 4.18 4.02 3.92 3.84 3.78 3.73 3.70 3.70 3.68 3.66 3.65 3.62 3.67 3.76 3.74 3.61 3.55 3.68 3.83 3.83 3.66 3.40 3.18 3.09 3.06 3.06 3.03 2.96 2.85 2.79 2.88 3.18 3.57 3.82 3.75
4.01 3.72 3.42 3.46 3.66 3.88 3.97 3.91 3.84 4.20 3.59 3.34 3.23 3.29 3.40 3.48 3.62 3.89 4.28 4.62 4.76 4.69 4.41 3.94 3.58 3.52 3.50 3.43 3.46 3.58 3.66 3.67 3.68 3.72 3.82 3.94 4.02 4.01 3.97 3.97 3.95 3.88 3.91 4.09 4.35 4.60 4.79 4.81 4.71 4.55 4.41 4.28 4.16 4.01 3.87 3.80 3.77 3.67 3.55 3.54 3.54 3.59 3.63 3.58 3.56 3.70 3.92 3.97 3.73 3.34 3.09 3.01 3.00 3.01 3.03 3.11 3.22 3.28 3.25 3.28 3.56 3.88 3.90 3.60
3.90 3.75 3.60 3.72 3.94 4.06 4.03 3.92 3.82 4.15 3.65 3.56 3.60 3.78 4.05 4.31 4.56 4.77 4.87 4.85 4.68 4.41 4.05 3.73 3.61 3.58 3.48 3.42 3.48 3.58 3.63 3.62 3.67 3.79 3.93 4.00 3.99 3.94 3.90 3.84 3.77 3.77 3.95 4.24 4.55 4.78 4.88 4.82 4.70 4.59 4.45 4.30 4.19 4.10 4.00 3.92 3.82 3.65 3.50 3.48 3.56 3.63 3.67 3.68 3.78 3.97 4.04 3.80 3.28 2.85 2.74 2.81 2.93 3.04 3.10 3.13 3.22 3.40 3.61 3.79 3.99 4.06 3.83 3.55
4.04 4.09 4.20 4.38 4.45 4.33 4.11 3.97 3.91 3.89 3.86 3.89 4.01 4.24 4.47 4.66 4.77 4.76 4.61 4.32 3.97 3.66 3.51 3.52 3.63 3.66 3.62 3.66 3.77 3.83 3.79 3.75 3.80 3.89 3.90 3.81 3.75 3.76 3.81 3.82 3.85 3.97 4.21 4.45 4.64 4.71 4.61 4.39 4.21 4.12 4.06 4.08 4.12 4.11 4.06 4.00 3.92 3.80 3.62 3.56 3.64 3.74 3.80 3.86 3.98 4.06 3.87 3.39 2.88 2.66 2.69 2.83 2.98 3.13 3.27 3.31 3.27 3.30 3.53 3.90 4.22 4.33 4.26 4.30
4.17 4.30 4.53 4.66 4.62 4.43 4.20 4.03 3.99 4.01 4.04 4.09 4.21 4.36 4.45 4.43 4.35 4.19 3.94 3.57 3.23 3.08 3.17 3.44 3.65 3.74 3.80 3.91 4.03 4.10 4.13 4.16 4.20 4.17 4.08 3.96 3.88 3.87 3.89 3.99 4.16 4.39 4.55 4.60 4.56 4.38 4.08 3.80 3.66 3.69 3.85 4.07 4.20 4.17 4.08 4.03 4.01 3.96 3.84 3.74 3.75 3.83 3.93 3.99 4.02 3.92 3.55 3.08 2.82 2.81 2.92 3.06 3.16 3.23 3.33 3.43 3.50 3.51 3.62 3.97 4.46 4.80 4.97 5.09
4.25 4.36 4.51 4.57 4.52 4.45 4.33 4.19 4.13 4.14 4.15 4.13 4.15 4.15 4.09 4.04 3.97 3.74 3.38 3.08 2.99 3.09 3.37 3.66 3.81 3.85 3.92 4.00 4.10 4.21 4.37 4.52 4.56 4.49 4.38 4.30 4.23 4.16 4.08 4.16 4.37 4.54 4.55 4.47 4.31 4.00 3.65 3.42 3.42 3.62 3.96 4.20 4.25 4.16 4.10 4.08 4.07 4.04 3.94 3.84 3.82 3.90 3.99 4.01 3.96 3.73 3.31 2.97 2.90 3.01 3.13 3.22 3.29 3.36 3.36 3.40 3.60 3.87 4.14 4.50 4.94 5.15 5.10 4.94
4.36 4.47 4.63 4.68 4.64 4.54 4.48 4.45 4.41 4.33 4.20 4.06 3.94 3.85 3.84 3.88 3.80 3.53 3.28 3.27 3.44 3.65 3.85 4.00 4.02 4.00 4.01 4.06 4.13 4.25 4.41 4.54 4.58 4.55 4.53 4.57 4.61 4.55 4.39 4.30 4.36 4.36 4.32 4.28 4.08 3.75 3.49 3.40 3.49 3.80 4.17 4.34 4.32 4.23 4.18 4.15 4.10 4.03 3.91 3.82 3.81 3.86 3.90 3.91 3.85 3.63 3.31 3.13 3.13 3.23 3.31 3.33 3.35 3.40 3.47 3.57 3.77 4.13 4.62 5.07 5.29 5.08 4.61 4.25
4.59 4.71 4.89 4.89 4.77 4.57 4.50 4.54 4.54 4.37 4.13 3.95 3.84 3.81 3.86 3.83 3.65 3.49 3.54 3.77 3.98 4.08 4.16 4.22 4.20 4.15 4.13 4.15 4.21 4.31 4.41 4.44 4.41 4.43 4.59 4.81 4.95 4.95 4.82 4.56 4.38 4.25 4.22 4.12 3.84 3.59 3.50 3.55 3.73 4.10 4.40 4.47 4.42 4.35 4.27 4.19 4.10 3.99 3.86 3.81 3.80 4.10 3.80 3.80 3.76 3.61 3.45 3.43 3.48 3.52 3.52 3.50 3.45 3.45 3.58 3.86 4.18 4.59 5.11 5.46 5.33 4.79 4.17 3.78
4.76 4.78 4.80 4.75 4.66 4.50 4.40 4.36 4.30 4.15 3.98 3.91 3.93 3.97 3.92 3.72 3.53 3.59 3.82 3.98 4.03 4.08 4.20 4.30 4.29 4.22 4.16 4.15 4.19 4.32 4.42 4.43 4.40 4.46 4.64 4.81 4.93 4.99 5.00 4.84 4.49 4.20 3.99 3.74 3.48 3.44 3.55 3.69 3.96 4.37 4.59 4.53 4.42 4.36 4.30 4.21 4.10 3.97 3.86 3.86 3.91 3.91 3.87 3.82 3.77 3.67 3.61 3.66 3.74 3.77 3.75 3.73 3.73 3.75 3.86 4.15 4.67 5.29 5.75 5.73 5.28 4.68 4.13 3.73
4.73 4.54 4.26 4.17 4.18 4.17 4.11 4.07 4.05 4.01 4.04 4.13 4.26 4.27 4.05 3.72 3.57 3.64 3.74 3.77 3.85 4.01 4.24 4.36 4.30 4.18 4.08 4.05 4.10 4.23 4.33 4.40 4.43 4.49 4.51 4.46 4.43 4.49 4.59 4.57 4.29 3.92 3.59 3.33 3.26 3.39 3.57 3.75 4.15 4.59 4.67 4.45 4.27 4.24 4.25 4.20 4.09 3.97 3.89 3.94 4.03 4.05 3.99 3.91 3.82 3.74 3.73 3.80 3.89 3.95 4.02 4.12 4.24 4.37 4.52 4.80 5.28 5.81 5.98 5.67 5.15 4.76 4.42 4.05
4.49 4.17 3.63 3.39 3.37 3.47 3.64 3.85 4.02 4.18 4.39 4.60 4.71 4.58 4.22 3.85 3.65 3.55 3.46 3.49 3.73 4.04 4.30 4.37 4.29 4.17 4.06 4.00 4.00 4.06 4.11 4.14 4.17 4.19 4.10 3.93 3.80 3.75 3.73 3.72 3.67 3.53 3.37 3.27 3.35 3.52 3.65 3.90 4.43 4.78 4.64 4.28 4.11 4.11 4.15 4.15 4.09 4.03 4.00 4.08 4.16 4.14 4.08 3.99 3.87 3.78 3.82 3.93 4.02 4.13 4.32 4.60 4.92 5.25 5.53 5.75 5.97 6.09 5.86 5.37 5.07 5.00 4.94 4.78
4.14 3.77 3.20 3.02 3.00 3.12 3.41 3.75 4.03 4.30 4.56 4.73 4.69 4.43 4.10 3.84 3.66 3.51 3.45 3.60 3.87 4.13 4.32 4.36 4.30 4.22 4.15 4.08 4.00 3.97 3.94 3.85 3.78 3.75 3.65 3.46 3.27 3.12 3.02 3.05 3.19 3.32 3.41 3.52 3.71 3.89 4.06 4.41 4.84 4.89 4.53 4.18 4.06 4.04 4.07 4.12 4.16 4.24 4.35 4.43 4.38 4.24 4.13 4.06 3.98 3.92 3.95 4.05 4.17 4.34 4.65 5.06 5.52 5.91 6.14 6.22 6.18 5.99 5.59 5.24 5.21 5.31 5.40 5.49
3.82 3.55 3.22 3.22 3.33 3.50 3.71 3.87 4.00 4.16 4.35 4.40 4.23 3.94 3.77 3.69 3.65 3.62 3.69 3.92 4.13 4.30 4.40 4.39 4.31 4.25 4.25 4.26 4.23 4.12 3.98 3.81 3.68 3.56 3.38 3.12 2.87 2.72 2.70 2.85 3.09 3.35 3.63 3.93 4.19 4.39 4.64 4.93 5.07 4.84 4.40 4.15 4.07 4.02 4.02 4.12 4.27 4.47 4.63 4.63 4.43 4.19 4.07 4.08 4.11 4.10 4.09 4.14 4.29 4.56 4.96 5.36 5.68 5.83 5.86 5.81 5.68 5.47 5.27 5.20 5.26 5.32 5.45 5.68
3.86 3.81 3.89 4.07 4.19 4.22 4.16 4.08 4.07 4.10 4.10 4.00 3.79 3.60 3.54 3.60 3.68 3.75 3.90 4.13 4.31 4.47 4.52 4.43 4.30 4.24 4.28 4.35 4.39 4.33 4.14 3.92 3.71 3.47 3.17 2.88 2.67 2.59 2.69 2.92 3.22 3.59 3.99 4.33 4.54 4.69 4.84 4.97 4.92 4.60 4.24 4.05 3.96 3.89 3.91 4.04 4.23 4.38 4.40 4.23 4.02 3.92 3.94 4.04 4.11 4.12 4.14 4.19 4.33 4.62 4.99 5.22 5.24 5.12 4.98 4.89 4.86 4.90 4.96 5.01 5.00 4.97 5.11 5.37
4.15 4.32 4.66 4.91 4.98 4.84 4.56 4.42 4.36 4.23 4.00 3.73 3.52 3.45 3.50 3.63 3.76 3.89 4.12 4.35 4.51 4.60 4.53 4.36 4.23 4.20 4.24 4.30 4.33 4.31 4.18 3.96 3.69 3.37 3.04 2.82 2.73 2.75 2.88 3.13 3.54 4.05 4.47 4.66 4.70 4.68 4.70 4.73 4.62 4.33 4.04 3.84 3.71 3.70 3.78 3.90 4.01 4.02 3.87 3.67 3.61 3.69 3.85 4.00 4.03 4.01 4.05 4.15 4.28 4.47 4.68 4.66 4.49 4.31 4.19 4.18 4.36 4.63 4.79 4.79 4.73 4.71 4.78 4.86
4.33 4.53 4.84 5.01 5.04 4.99 4.93 4.84 4.66 4.36 4.00 3.68 3.50 3.49 3.63 3.79 3.94 4.14 4.37 4.52 4.56 4.49 4.32 4.17 4.12 4.14 4.18 4.17 4.14 4.11 4.05 3.90 3.68 3.40 3.13 2.97 2.95 3.01 3.18 3.55 4.13 4.60 4.79 4.76 4.63 4.52 4.51 4.55 4.44 4.15 3.86 3.65 3.55 3.63 3.73 3.79 3.74 3.60 3.42 3.34 3.41 3.59 3.79 3.91 3.89 3.85 3.92 4.09 4.27 4.40 4.40 4.23 4.07 4.01 4.01 4.15 4.48 4.76 4.85 4.77 4.73 4.73 4.67 4.61
4.38 4.50 4.67 4.69 4.65 4.64 4.75 4.75 4.58 4.30 4.03 3.82 3.69 3.70 3.83 4.00 4.19 4.38 4.50 4.46 4.32 4.15 4.03 4.01 4.06 4.12 4.09 3.98 3.94 3.94 3.91 3.83 3.70 3.51 3.34 3.25 3.26 3.37 3.67 4.19 4.65 4.78 4.63 4.44 4.34 4.33 4.40 4.47 4.35 4.04 3.75 3.60 3.60 3.69 3.73 3.70 3.55 3.30 3.12 3.13 3.31 3.55 3.72 3.77 3.74 3.76 3.88 4.08 4.27 4.37 4.34 4.23 4.16 4.12 4.17 4.46 4.87 5.09 5.09 4.96 4.88 4.81 4.70 4.69
4.42 4.50 4.60 4.54 4.37 4.18 4.13 4.13 4.12 4.08 4.00 3.90 3.85 3.87 3.97 4.12 4.29 4.38 4.32 4.14 3.94 3.82 3.83 3.98 4.14 4.19 4.12 4.02 4.01 4.00 3.93 3.84 3.71 3.58 3.53 3.55 3.66 3.88 4.24 4.58 4.66 4.44 4.18 4.06 4.10 4.24 4.39 4.43 4.26 3.94 3.69 3.62 3.63 3.69 3.73 3.70 3.60 3.45 3.30 3.29 3.45 3.61 3.68 3.70 3.73 3.80 3.94 4.10 4.20 4.22 4.25 4.30 4.26 4.17 4.29 4.76 5.24 5.38 5.26 5.08 4.94 4.82 4.75 4.82
4.48 4.50 4.46 4.27 4.05 3.80 3.62 3.56 3.61 3.72 3.80 3.83 3.86 3.89 3.96 4.06 4.11 4.04 3.84 3.65 3.54 3.54 3.73 4.06 4.31 4.35 4.29 4.27 4.27 4.17 4.01 3.85 3.70 3.61 3.64 3.75 3.92 4.17 4.38 4.44 4.29 4.07 3.95 4.01 4.14 4.26 4.37 4.35 4.14 3.84 3.64 3.53 3.51 3.62 3.77 3.82 3.83 3.83 3.78 3.78 3.81 3.77 3.74 3.76 3.81 3.89 4.02 4.15 4.19 4.20 4.28 4.36 4.30 4.29 4.64 5.26 5.63 5.52 5.19 4.95 4.82 4.78 4.79 4.82
4.48 4.33 3.95 3.53 3.30 3.23 3.27 3.34 3.39 3.46 3.61 3.76 3.83 3.87 3.92 3.93 3.84 3.65 3.49 3.45 3.48 3.61 3.93 4.32 4.49 4.43 4.37 4.36 4.28 4.11 3.97 3.84 3.71 3.66 3.72 3.83 3.97 4.11 4.20 4.20 4.11 3.99 4.01 4.14 4.23 4.25 4.24 4.17 3.97 3.73 3.51 3.37 3.44 3.69 3.89 3.94 3.97 4.05 4.14 4.20 4.15 3.97 3.87 3.88 3.92 4.00 4.13 4.26 4.38 4.49 4.54 4.48 4.47 4.75 5.33 5.78 5.79 5.40 4.98 4.75 4.70 4.75 4.79 4.69
4.30 3.98 3.46 3.05 2.85 2.96 3.21 3.40 3.48 3.56 3.70 3.80 3.82 3.86 3.91 3.89 3.80 3.75 3.81 3.91 3.99 4.12 4.37 4.54 4.52 4.35 4.23 4.14 3.92 3.73 3.72 3.72 3.70 3.73 3.81 3.91 4.01 4.13 4.24 4.30 4.21 4.08 4.08 4.17 4.17 4.11 4.06 3.96 3.75 3.49 3.28 3.29 3.55 3.87 4.01 3.99 3.99 4.09 4.25 4.33 4.30 4.19 4.11 4.12 4.14 4.15 4.21 4.35 4.51 4.58 4.53 4.46 4.67 5.22 5.75 5.79 5.43 4.98 4.70 4.59 4.61 4.67 4.64 4.49
4.06 3.80 3.48 3.37 3.35 3.41 3.52 3.56 3.59 3.70 3.79 3.81 3.81 3.87 3.96 4.00 4.05 4.18 4.29 4.28 4.21 4.25 4.42 4.50 4.39 4.17 3.96 3.71 3.43 3.33 3.39 3.48 3.63 3.79 3.93 4.04 4.18 4.36 4.51 4.52 4.35 4.14 4.04 4.03 3.97 3.92 3.91 3.81 3.54 3.23 3.14 3.37 3.75 3.99 4.02 3.97 3.99 4.08 4.19 4.26 4.32 4.38 4.40 4.37 4.28 4.21 4.21 4.27 4.31 4.28 4.25 4.47 4.96 5.50 5.65 5.28 4.74 4.45 4.33 4.30 4.30 4.32 4.27 4.18
3.99 3.88 3.75 3.76 3.81 3.86 3.84 3.78 3.76 3.79 3.75 3.71 3.78 3.92 4.06 4.18 4.31 4.38 4.27 4.06 3.95 4.05 4.29 4.43 4.32 4.01 3.65 3.32 3.16 3.20 3.29 3.39 3.60 3.86 4.06 4.21 4.39 4.56 4.61 4.51 4.31 4.12 3.97 3.86 3.78 3.79 3.84 3.72 3.40 3.18 3.25 3.57 3.87 3.97 3.94 3.89 3.92 4.01 4.08 4.15 4.25 4.36 4.40 4.33 4.19 4.12 4.10 4.11 4.10 4.11 4.29 4.74 5.21 5.34 5.09 4.61 4.24 4.10 4.04 3.96 3.90 3.92 3.88 3.75
4.02 3.99 3.92 3.91 3.95 4.04 4.17 4.24 4.20 4.03 3.80 3.70 3.79 3.99 4.18 4.32 4.40 4.33 4.16 4.08 4.19 4.40 4.59 4.62 4.37 3.94 3.56 3.35 3.34 3.45 3.52 3.55 3.69 3.91 4.14 4.32 4.45 4.48 4.41 4.26 4.14 4.06 3.95 3.82 3.76 3.80 3.81 3.64 3.38 3.32 3.48 3.75 3.91 3.92 3.86 3.81 3.81 3.85 3.91 4.01 4.13 4.21 4.21 4.12 4.00 3.95 3.98 4.05 4.13 4.28 4.56 4.89 4.93 4.69 4.42 4.20 4.04 3.97 3.94 3.84 3.75 3.73 3.67 3.51
3.97 3.94 3.95 4.11 4.31 4.47 4.55 4.47 4.22 3.89 3.68 3.72 3.89 4.05 4.20 4.30 4.33 4.32 4.43 4.70 4.96 5.09 5.07 4.89 4.50 4.08 3.82 3.77 3.83 3.89 3.87 3.79 3.79 3.91 4.07 4.16 4.19 4.20 4.16 4.07 4.04 4.03 4.00 3.95 3.93 3.89 3.76 3.57 3.43 3.44 3.63 3.89 3.98 3.94 3.86 3.80 3.74 3.72 3.78 3.92 4.04 4.06 4.00 3.89 3.77 3.78 3.92 4.08 4.24 4.39 4.55 4.54 4.28 4.11 4.11 4.07 3.97 3.94 3.91 3.83 3.72 3.62 3.51 3.40
