project/data/elevation/US_DEM2016/US_DEM2016_point_10-28-2019_0240_30m_vel.asc
ncols	125
nrows	167
xllcorner	-2042055.000000
yllcorner	1465035.000000
cellsize	30.000000
NODATA_value	-9999.000000
[rows 0 to 36 of 167, columns 0 to 82 of 125]
7.72 6.60 5.03 4.96 6.37 8.62 10.74 12.10 12.51 12.57 12.63 13.03 13.64 13.53 12.84 12.19 11.43 10.97 11.05 11.55 11.90 11.87 11.71 11.69 11.67 11.45 11.09 10.34 9.51 8.61 7.68 6.80 6.06 5.38 4.80 4.61 5.09 6.13 7.32 8.18 8.72 9.10 9.37 9.40 8.98 8.23 7.52 7.55 8.12 8.68 8.84 8.99 9.10 9.37 9.60 9.86 9.77 8.94 8.11 7.48 7.15 7.23 7.79 8.82 9.53 9.79 9.58 8.74 7.38 6.46 6.09 6.15 6.48 6.93 7.38 7.69 7.97 8.60 9.45 9.92 10.24 10.66 10.55
7.72 6.60 5.03 4.96 6.37 8.62 10.74 12.10 12.51 12.57 12.63 13.03 13.64 13.53 12.84 12.19 11.43 10.97 11.05 11.55 11.90 11.87 11.71 11.69 11.67 11.45 11.09 10.34 9.51 8.61 7.68 6.80 6.06 5.38 4.80 4.61 5.09 6.13 7.32 8.18 8.72 9.10 9.37 9.40 8.98 8.23 7.52 7.55 8.12 8.68 8.84 8.99 9.10 9.37 9.60 9.86 9.77 8.94 8.11 7.48 7.15 7.23 7.79 8.82 9.53 9.79 9.58 8.74 7.38 6.46 6.09 6.15 6.48 6.93 7.38 7.69 7.97 8.60 9.45 9.92 10.24 10.66 10.55
8.33 7.16 5.48 5.02 5.71 7.29 9.02 10.30 11.07 11.51 11.89 12.30 12.47 12.44 12.15 11.88 11.51 11.27 11.16 11.14 11.30 11.22 11.14 11.20 11.24 11.10 10.61 9.85 9.08 8.37 7.69 6.99 6.32 5.74 5.15 4.76 4.84 5.36 6.17 7.06 7.69 8.10 8.42 8.75 8.93 8.83 8.53 8.31 8.49 8.70 8.74 8.78 8.88 8.93 9.02 9.29 9.56 9.48 8.98 8.18 7.46 7.05 7.27 7.82 8.36 8.79 9.07 9.03 8.59 7.81 7.23 6.95 6.86 6.89 7.01 7.22 7.48 7.87 8.32 8.90 9.31 9.63 9.85
9.72 8.35 6.41 5.55 5.37 5.77 6.49 7.17 7.86 8.86 10.00 10.42 10.22 10.04 10.42 10.79 10.78 10.86 10.78 10.56 10.47 10.29 10.18 10.19 10.27 10.24 9.86 9.27 8.72 8.32 8.00 7.60 7.17 6.82 6.37 5.76 5.21 4.87 4.83 5.35 6.37 7.19 7.77 8.35 8.96 9.46 9.69 9.51 9.20 8.89 8.69 8.47 8.36 8.09 7.89 7.78 8.10 8.76 9.20 9.22 8.70 7.85 7.13 6.71 6.49 6.74 7.51 8.40 8.92 8.98 8.71 8.20 7.59 7.02 6.63 6.54 6.63 6.62 6.52 6.81 7.43 7.97 8.58
10.53 9.13 7.19 6.26 5.75 5.48 5.38 5.45 5.69 6.49 7.67 8.40 8.42 8.35 8.90 9.49 9.45 9.44 9.84 10.24 10.28 9.91 9.62 9.40 9.27 9.31 9.33 9.16 8.96 8.87 8.79 8.65 8.48 8.27 7.94 7.36 6.61 5.88 5.22 5.17 5.96 7.02 7.97 8.71 9.08 9.42 9.74 9.91 9.71 9.27 8.97 8.64 8.18 7.63 7.13 6.35 6.01 6.32 7.26 8.39 8.95 8.73 7.92 6.83 6.03 5.62 5.70 6.23 6.99 7.57 7.81 7.72 7.39 6.92 6.47 6.17 6.01 5.80 5.57 5.61 6.10 6.74 7.38
10.62 9.42 7.70 6.90 6.31 5.77 5.21 4.72 4.53 4.85 5.71 6.73 7.24 7.46 8.25 9.14 9.25 8.86 9.13 9.68 9.81 9.49 9.19 8.82 8.58 8.78 9.05 9.18 9.29 9.45 9.62 9.68 9.57 9.28 8.92 8.44 7.82 7.11 6.33 5.69 5.56 5.96 6.88 7.94 8.62 8.98 9.24 9.52 9.53 9.34 9.15 8.99 8.73 7.99 7.04 6.13 5.69 5.61 5.89 6.55 7.47 8.04 7.85 7.00 6.15 5.51 5.12 5.01 5.20 5.56 5.96 6.25 6.34 6.26 6.05 5.78 5.55 5.34 5.19 5.24 5.48 5.78 6.04
10.60 9.69 8.28 7.66 7.07 6.33 5.47 4.51 3.89 3.75 4.17 5.22 6.09 6.78 7.78 8.99 9.63 9.26 8.75 8.58 8.63 8.74 8.76 8.55 8.48 8.70 8.95 9.05 9.17 9.51 9.90 10.14 10.03 9.80 9.52 9.23 8.85 8.33 7.57 6.55 5.65 5.26 5.45 6.20 7.12 7.64 7.90 8.11 8.44 8.63 8.82 9.05 9.16 9.09 8.58 7.83 7.49 7.23 6.89 6.62 6.57 6.83 6.96 6.70 6.21 5.69 5.23 4.93 4.89 5.06 5.34 5.62 5.80 5.84 5.73 5.49 5.16 4.90 4.81 4.92 5.09 5.18 5.11
10.35 9.87 9.14 8.64 8.06 7.00 5.85 4.71 3.88 3.57 3.55 3.98 4.94 5.95 6.95 8.18 9.23 9.22 8.33 7.56 7.36 7.76 8.27 8.53 8.61 8.77 8.98 8.98 8.92 9.16 9.67 10.11 10.29 10.37 10.47 10.64 10.61 10.23 9.49 8.41 7.08 5.82 5.07 4.82 5.13 5.87 6.31 6.57 7.05 7.73 8.26 8.80 9.30 9.93 10.25 10.11 9.55 8.95 8.31 7.57 6.88 6.50 6.49 6.52 6.37 6.00 5.49 5.11 5.08 5.28 5.52 5.72 5.85 5.84 5.73 5.54 5.25 4.89 4.67 4.63 4.68 4.71 4.62
10.14 10.11 10.12 9.75 9.08 8.03 6.79 5.71 4.95 4.32 3.94 3.92 4.43 5.19 5.90 6.87 8.00 8.41 7.89 7.14 6.77 7.02 7.57 8.09 8.36 8.57 8.94 9.22 9.19 9.11 9.47 10.07 10.68 11.28 11.93 12.51 12.75 12.53 11.96 11.02 9.69 8.07 6.44 5.25 4.90 5.32 6.18 6.72 7.16 7.54 7.87 8.08 8.37 8.96 9.65 9.94 9.61 9.00 8.33 7.69 7.13 6.74 6.57 6.65 6.79 6.68 6.17 5.59 5.33 5.44 5.72 5.94 6.04 6.07 6.12 6.18 6.16 5.99 5.63 5.21 4.89 4.63 4.46
9.73 10.30 10.89 10.67 10.01 9.21 8.11 7.25 6.67 6.18 5.52 4.97 4.83 4.92 5.10 5.72 6.76 7.54 7.67 7.33 6.97 6.82 7.02 7.51 7.96 8.24 8.60 9.08 9.40 9.49 9.78 10.33 11.05 11.71 12.27 12.72 13.02 13.13 13.09 12.80 12.12 10.94 9.38 7.66 6.35 6.26 6.81 7.46 7.76 7.75 7.71 7.27 6.82 6.36 6.80 7.65 8.10 7.99 7.70 7.38 7.09 6.85 6.61 6.63 7.17 7.56 7.35 6.73 6.03 5.68 5.87 6.30 6.62 6.87 7.14 7.41 7.66 7.78 7.61 7.14 6.52 5.99 5.63
9.32 9.97 11.09 11.29 10.87 10.38 9.80 9.39 9.01 8.52 7.82 6.94 6.03 5.30 4.91 4.96 5.87 6.98 7.70 7.89 7.72 7.44 7.34 7.57 7.94 8.20 8.32 8.62 9.26 9.92 10.35 10.67 10.91 10.99 10.85 10.67 10.93 11.62 12.30 12.78 12.91 12.54 11.63 10.10 8.34 7.27 7.05 7.45 7.76 7.77 7.57 7.11 6.33 5.58 5.39 5.84 6.62 7.12 7.29 7.27 7.14 6.95 6.72 6.65 7.22 8.11 8.48 8.06 7.22 6.38 6.36 6.98 7.55 7.90 8.28 8.65 8.97 9.10 9.02 8.70 8.24 7.77 7.34
8.25 8.80 10.17 11.24 11.68 11.70 11.57 11.44 11.30 10.78 10.03 9.11 8.00 6.65 5.53 5.19 5.69 6.72 7.69 8.25 8.41 8.30 8.10 8.05 8.18 8.42 8.62 8.88 9.42 10.02 10.20 10.09 9.76 9.32 8.73 8.30 8.48 9.21 10.10 10.91 11.61 12.18 12.31 11.70 10.32 8.62 7.67 7.49 7.50 7.44 7.22 7.16 6.85 6.19 5.60 5.45 5.90 6.60 7.13 7.37 7.36 7.28 7.21 7.14 7.41 8.11 8.84 9.00 8.46 7.71 7.34 7.70 8.07 8.42 8.75 8.97 8.98 8.82 8.38 7.90 7.43 7.04 6.84
7.47 7.29 7.99 9.78 11.18 11.86 12.02 11.98 12.00 11.78 11.29 10.62 9.80 8.52 7.16 6.38 6.32 6.70 7.24 7.85 8.35 8.55 8.42 8.22 8.24 8.48 8.77 8.95 9.00 8.94 8.67 8.15 7.54 7.06 6.78 6.77 6.95 7.22 7.51 8.14 9.00 10.02 11.09 11.73 11.50 10.25 8.75 7.97 7.41 6.84 6.52 6.60 6.47 6.13 5.73 5.52 5.74 6.37 7.12 7.65 7.85 7.84 7.83 7.77 7.68 7.84 8.56 9.32 9.44 8.99 8.55 8.43 8.57 8.75 8.70 8.32 7.69 7.00 6.44 5.89 5.22 4.72 4.69
8.22 7.56 7.07 7.66 8.92 10.01 10.46 10.56 10.54 10.59 10.66 10.61 10.44 9.94 9.05 7.98 7.28 6.92 6.76 6.93 7.54 8.05 8.11 7.93 7.84 7.81 7.79 7.58 7.08 6.52 6.07 5.65 5.38 5.23 5.19 5.31 5.35 5.33 5.43 5.78 6.34 7.15 8.31 9.69 10.71 10.60 9.61 8.58 7.92 7.12 6.40 5.91 5.73 5.75 5.71 5.70 5.90 6.41 7.16 7.95 8.43 8.50 8.32 8.17 8.05 8.07 8.61 9.49 10.01 9.88 9.47 9.18 9.03 8.73 8.08 7.10 6.14 5.72 5.70 5.62 5.22 4.60 4.27
8.89 8.79 7.89 6.95 6.56 7.01 7.50 7.54 7.37 7.56 8.04 8.65 9.12 9.50 9.56 9.07 8.19 7.39 6.77 6.45 6.74 7.31 7.55 7.42 7.07 6.61 6.13 5.66 5.13 4.65 4.47 4.65 4.99 5.11 4.88 4.50 4.23 4.31 4.50 4.64 4.74 5.02 5.67 6.88 8.44 9.80 9.80 9.30 8.82 8.23 7.19 6.30 5.99 6.09 6.23 6.29 6.36 6.64 7.19 8.01 8.84 9.17 9.13 9.00 8.95 9.10 9.46 10.04 10.56 10.59 10.16 9.66 9.05 8.16 7.23 6.46 6.04 5.90 6.12 6.45 6.47 6.10 5.62
8.77 8.85 8.39 7.23 5.65 4.90 4.81 4.70 4.56 4.52 4.77 5.25 6.03 6.98 8.10 8.75 8.61 7.92 7.16 6.65 6.66 7.03 7.27 7.11 6.61 5.96 5.40 5.13 5.02 4.78 4.58 4.83 5.54 6.04 5.92 5.51 5.06 4.84 4.99 5.23 5.22 5.18 5.47 6.37 7.71 9.29 9.93 9.96 9.64 8.97 8.09 7.42 7.12 7.16 7.21 7.18 7.07 7.10 7.49 8.29 9.19 10.00 10.41 10.43 10.35 10.49 10.78 11.19 11.65 11.74 11.19 10.17 8.92 7.99 7.47 7.22 7.10 6.94 6.97 7.21 7.40 7.29 6.95
8.27 7.94 7.61 7.17 5.90 4.83 4.31 4.04 3.82 3.82 3.91 4.08 4.47 5.22 6.32 7.60 8.29 8.20 7.73 7.38 7.30 7.36 7.39 7.21 6.81 6.32 5.96 5.90 6.05 6.06 5.69 5.36 5.72 6.60 7.13 7.22 6.92 6.43 6.23 6.51 6.86 7.12 7.39 8.01 8.88 9.68 10.17 10.54 10.48 9.89 9.02 8.44 8.18 8.11 8.10 8.14 8.07 8.14 8.49 9.11 9.99 10.91 11.62 11.90 11.75 11.56 11.65 12.05 12.60 12.74 12.26 11.21 9.64 8.94 8.88 8.90 8.78 8.48 8.24 8.23 8.27 8.27 8.25
8.67 8.08 7.44 7.14 6.77 6.17 5.62 5.35 5.38 5.67 5.96 6.11 6.24 6.30 6.47 6.91 7.65 8.14 8.22 8.14 8.01 7.82 7.64 7.49 7.26 7.01 6.83 6.77 6.94 7.26 7.20 6.57 6.24 6.71 7.57 8.27 8.47 8.16 7.72 7.80 8.39 8.87 9.22 9.47 9.60 9.58 9.83 10.49 10.88 10.68 9.91 9.18 8.81 8.77 8.83 8.95 9.13 9.22 9.55 10.10 10.68 11.19 11.69 12.10 12.15 11.85 11.50 11.47 12.01 12.67 13.09 13.04 12.01 11.42 11.42 11.54 11.54 11.19 10.85 10.49 10.09 9.71 9.61
9.23 8.96 8.30 7.79 7.72 7.79 7.72 7.79 8.14 8.56 8.94 9.15 9.07 8.54 7.78 7.30 7.48 8.02 8.38 8.48 8.42 8.27 8.09 7.92 7.74 7.56 7.43 7.33 7.45 7.97 8.44 8.35 7.91 7.69 8.06 8.92 9.69 9.85 9.65 9.57 9.77 10.03 10.05 9.72 9.03 8.38 8.39 9.22 10.34 10.69 10.52 9.95 9.58 9.45 9.48 9.48 9.62 9.82 10.18 10.41 10.40 10.26 10.28 10.66 11.15 11.32 11.03 10.49 10.43 11.30 12.90 13.93 14.43 14.32 14.22 14.56 14.91 14.90 14.60 13.99 13.16 12.02 11.07
9.29 9.07 8.48 7.94 8.25 8.72 9.26 9.84 10.39 10.69 10.81 10.78 10.57 9.94 9.14 8.40 8.09 8.22 8.48 8.63 8.71 8.76 8.75 8.66 8.38 8.10 7.97 7.92 7.92 8.32 9.11 9.75 9.99 10.03 10.09 10.46 10.93 11.11 11.08 10.95 10.74 10.37 9.80 9.02 8.09 7.33 7.16 7.80 9.26 10.24 10.64 10.59 10.40 10.14 9.97 9.76 9.84 10.07 10.06 9.84 9.25 8.62 8.27 8.43 9.12 9.84 10.12 9.78 9.18 9.41 11.01 12.83 14.04 14.52 14.89 15.54 16.01 16.14 15.98 15.78 15.29 14.29 12.65
9.25 8.81 8.06 7.89 8.53 9.45 10.20 10.74 11.09 11.09 10.89 10.72 10.58 10.31 9.96 9.43 8.93 8.64 8.67 8.85 9.06 9.33 9.60 9.72 9.56 9.16 8.99 8.93 8.84 9.02 9.74 10.70 11.44 11.88 12.03 11.92 11.74 11.54 11.32 11.02 10.47 9.62 8.71 7.90 7.35 7.05 7.00 7.55 8.80 9.95 10.83 11.34 11.44 11.20 10.77 10.38 10.23 9.93 9.54 8.82 7.91 7.04 6.34 5.99 6.43 7.02 7.59 7.76 7.40 7.29 7.95 9.40 10.88 11.91 12.75 13.45 13.84 13.98 14.27 14.66 15.11 14.95 14.00
9.98 9.32 8.69 9.02 9.72 10.30 10.54 10.61 10.55 10.16 9.84 9.70 9.63 9.75 9.83 9.66 9.30 8.94 8.91 9.21 9.68 10.23 10.76 11.12 11.18 10.91 10.64 10.50 10.44 10.51 10.92 11.49 11.92 12.07 11.92 11.58 11.20 10.72 10.32 9.76 9.02 8.26 7.61 7.11 6.96 7.14 7.51 8.24 8.98 9.99 10.87 11.43 11.87 12.17 11.84 11.20 10.46 9.70 8.89 7.78 6.71 5.73 4.61 3.85 3.70 3.81 3.99 4.35 4.58 4.53 5.06 5.80 6.73 7.56 8.33 9.12 9.23 9.46 10.05 10.81 12.51 14.18 14.60
10.28 10.36 10.78 11.06 11.01 10.81 10.35 9.90 9.39 9.08 8.92 8.75 8.65 8.78 9.02 9.19 9.14 9.02 9.16 9.56 10.17 10.84 11.45 11.98 12.20 12.18 12.05 11.95 11.95 11.95 11.87 11.63 11.27 10.78 10.18 9.67 9.49 9.19 8.74 8.07 7.37 7.08 6.97 7.01 7.20 7.46 7.98 8.52 9.12 9.87 10.36 10.86 11.43 12.02 12.18 11.66 10.63 9.48 8.31 7.22 6.15 4.97 3.95 3.13 2.58 2.39 2.30 2.32 2.50 2.78 3.12 3.52 3.97 4.48 4.84 5.51 6.04 6.64 7.29 8.09 9.67 12.04 13.83
9.81 10.60 11.63 11.74 11.35 10.74 9.95 9.36 8.65 8.41 8.38 8.19 8.05 8.07 8.27 8.61 8.85 9.01 9.23 9.36 9.53 9.82 10.32 11.05 11.61 11.98 12.18 12.26 12.23 12.01 11.44 10.53 9.50 8.81 8.36 8.01 7.73 7.46 7.13 6.85 6.64 6.65 6.86 7.30 7.61 7.92 8.33 8.61 8.98 9.28 9.38 9.57 10.03 10.73 11.32 11.35 10.75 9.73 8.53 7.57 6.65 5.57 4.65 3.87 3.25 2.95 2.89 2.90 2.96 2.85 2.66 2.53 2.45 2.66 3.00 3.53 4.36 5.32 5.96 6.48 7.59 9.45 11.77
9.14 9.89 10.94 11.22 10.97 10.26 9.52 8.94 8.41 8.10 7.95 7.72 7.60 7.62 7.83 8.22 8.63 8.89 8.95 8.72 8.34 8.11 8.28 8.88 9.86 10.68 11.20 11.37 11.20 10.68 9.80 8.70 7.66 7.08 6.80 6.53 6.22 6.14 6.19 6.34 6.62 7.00 7.44 7.70 8.12 8.65 8.85 8.94 8.85 8.61 8.54 8.72 9.05 9.53 10.13 10.66 10.80 10.44 9.55 8.58 7.77 7.00 6.29 5.68 5.16 4.78 4.71 4.63 4.24 3.66 2.97 2.47 2.08 1.80 1.95 2.42 3.09 3.76 4.32 4.83 5.64 6.94 9.25
8.56 8.65 9.34 10.13 10.49 10.25 9.48 8.58 8.10 7.78 7.49 7.30 7.17 7.21 7.55 8.02 8.51 8.78 8.81 8.59 8.29 8.09 8.18 8.60 9.28 9.83 10.07 9.99 9.61 9.01 8.24 7.50 6.74 6.16 5.76 5.58 5.67 5.92 6.06 6.30 6.90 7.64 8.00 8.30 8.75 9.22 9.49 9.43 8.94 8.34 8.00 8.01 8.23 8.67 9.37 10.11 10.81 11.14 10.87 10.04 9.23 8.61 8.06 7.58 7.18 6.90 6.63 6.10 5.29 4.58 4.02 3.34 2.64 2.12 1.92 2.05 2.18 2.27 2.70 3.37 4.09 5.12 6.96
8.22 8.00 8.13 9.00 10.08 10.68 10.39 9.30 8.50 8.07 7.67 7.48 7.39 7.39 7.64 8.10 8.57 8.99 9.25 9.32 9.39 9.55 9.81 9.99 9.89 9.55 9.11 8.66 8.21 7.85 7.43 7.00 6.62 6.34 6.05 5.84 6.00 6.49 6.73 6.75 7.14 7.73 8.27 8.78 9.19 9.59 9.82 9.74 9.25 8.45 7.60 7.12 7.27 7.88 8.75 9.75 10.69 11.49 11.82 11.55 10.99 10.49 10.14 9.83 9.49 8.99 8.34 7.72 7.06 6.50 5.76 4.89 3.92 3.27 2.84 2.52 2.23 2.03 2.23 2.68 3.22 4.00 5.28
8.03 7.71 7.50 8.09 9.31 10.65 11.26 10.78 9.90 9.35 8.98 8.65 8.58 8.55 8.52 8.54 8.79 9.24 9.73 10.08 10.30 10.44 10.40 10.11 9.51 8.75 8.10 7.60 7.18 7.06 7.14 7.09 6.96 7.04 7.12 7.01 6.89 7.20 7.62 7.57 7.47 7.69 8.29 8.86 9.29 9.59 9.74 9.79 9.61 8.94 7.72 6.77 6.69 7.29 8.19 9.19 10.18 11.23 11.93 12.16 12.22 12.26 12.52 12.74 12.43 11.76 10.78 9.93 9.49 8.92 7.79 6.47 5.52 4.96 4.46 3.79 3.23 2.95 2.90 2.96 3.09 3.41 4.16
7.73 7.17 6.68 7.06 8.01 9.77 11.13 11.50 10.96 10.36 10.00 9.62 9.49 9.51 9.44 9.18 8.97 9.10 9.50 9.87 9.98 9.78 9.24 8.50 7.82 7.31 7.03 6.84 6.69 6.79 7.13 7.56 7.79 7.82 8.00 8.16 8.07 8.05 8.41 8.40 8.11 8.01 8.40 8.75 9.07 9.20 9.21 9.43 9.80 9.76 8.87 7.54 6.85 7.00 7.48 8.39 9.56 10.73 11.46 11.94 12.23 12.61 13.28 13.90 14.42 14.35 13.61 12.69 11.80 10.92 9.83 8.58 7.72 7.00 6.30 5.61 5.11 4.78 4.48 4.05 3.61 3.41 3.54
7.79 7.30 6.71 6.63 7.11 8.39 10.15 11.25 11.30 10.70 9.97 9.33 9.06 9.07 9.19 9.13 8.82 8.72 8.79 8.77 8.54 8.04 7.32 6.65 6.20 5.97 5.99 6.21 6.43 6.78 7.47 8.19 8.59 8.74 8.80 8.97 9.11 9.08 9.05 9.08 8.94 8.76 8.59 8.56 8.48 8.30 8.17 8.58 9.56 10.30 10.21 9.29 7.92 7.38 7.50 8.25 9.37 10.44 10.94 11.21 11.24 11.64 12.29 13.06 14.07 14.72 14.76 14.59 14.03 13.29 12.69 12.03 11.07 9.68 8.39 7.73 7.41 7.11 6.47 5.62 4.62 3.77 3.25
8.38 8.30 7.84 7.23 7.09 7.62 9.02 10.54 11.32 11.16 10.27 9.32 8.70 8.39 8.40 8.57 8.43 8.40 8.17 7.59 6.88 6.22 5.70 5.31 5.07 4.99 5.04 5.20 5.62 6.49 7.52 8.24 8.83 9.24 9.45 9.60 9.67 9.58 9.41 9.35 9.36 9.11 8.83 8.45 7.91 7.25 7.14 7.63 8.65 9.99 10.68 10.46 9.47 8.49 8.29 8.61 9.18 9.88 10.23 10.23 9.96 9.69 9.55 10.03 11.23 12.72 13.87 14.71 15.22 15.22 15.19 14.97 14.27 13.04 11.44 10.41 9.74 8.99 7.96 6.56 5.30 4.27 3.49
8.40 8.30 8.18 7.76 7.35 7.37 8.14 9.62 10.99 11.63 11.37 10.48 9.61 8.88 8.44 8.22 8.21 8.11 7.58 6.71 5.91 5.43 5.13 4.91 4.77 4.79 4.75 4.47 4.41 5.09 6.15 6.94 7.66 8.36 8.93 9.30 9.33 9.32 9.21 9.15 9.10 8.96 8.85 8.58 8.17 7.44 6.99 7.09 7.66 8.72 10.03 10.58 10.37 9.47 8.91 8.64 8.69 8.92 9.16 8.95 8.63 8.05 7.59 7.68 8.39 9.74 11.47 12.99 14.12 14.77 15.23 15.60 15.55 15.13 14.26 13.05 11.58 9.98 8.40 6.97 5.90 5.09 4.27
7.49 6.97 6.66 6.82 6.87 6.87 7.21 8.31 9.91 11.21 11.72 11.31 10.44 9.59 8.97 8.47 8.18 7.77 7.11 6.44 6.08 6.03 5.65 5.49 5.29 5.35 5.35 4.85 4.17 3.92 4.19 4.77 5.41 6.17 6.98 7.65 8.11 8.39 8.59 8.75 8.59 8.40 8.23 8.11 8.02 7.64 6.97 6.62 6.77 7.41 8.55 9.86 10.22 9.75 9.01 8.34 8.09 8.06 8.18 7.96 7.54 6.73 6.19 6.39 7.05 7.93 9.05 10.16 11.24 12.03 12.63 13.35 14.18 14.70 14.78 14.46 13.05 10.81 8.95 7.84 7.06 6.14 5.08
6.88 6.05 5.18 5.28 5.56 5.60 5.68 6.50 7.92 9.62 10.84 11.16 10.65 9.82 9.18 8.62 8.14 7.64 7.23 7.47 7.09 7.20 7.17 6.94 6.69 6.73 6.68 6.28 5.42 4.56 4.31 4.35 4.43 4.68 5.25 6.09 6.98 7.49 7.92 8.23 8.07 7.71 7.10 6.49 5.98 5.82 5.67 5.42 5.45 6.16 7.18 8.51 9.46 9.37 8.61 7.97 7.66 7.71 7.76 7.68 7.15 5.94 5.42 5.55 6.13 6.81 7.49 8.03 8.60 9.20 9.21 9.76 11.01 12.37 13.53 14.46 14.36 12.80 10.65 9.24 8.10 7.04 6.08
7.76 6.90 5.89 5.59 5.23 4.94 4.87 5.17 6.07 7.61 9.31 10.48 10.68 10.06 9.30 8.64 8.15 7.85 8.23 8.05 8.45 8.71 8.86 8.76 8.56 8.44 8.33 7.88 7.13 6.30 5.81 5.59 5.31 4.99 5.03 5.58 6.35 6.88 7.37 7.76 7.75 7.34 6.43 5.12 4.36 4.23 4.34 4.47 4.80 5.36 6.16 7.32 8.48 8.81 8.21 7.86 7.73 7.83 7.90 8.06 7.61 6.47 5.78 5.42 5.42 5.50 5.93 6.54 7.12 7.64 7.68 7.76 8.60 9.97 11.18 12.90 14.41 14.44 12.98 10.87 9.08 8.18 7.67
8.82 8.40 7.92 7.63 7.11 6.25 5.53 5.17 5.26 6.03 7.41 9.09 10.15 10.21 9.50 8.66 8.22 8.18 8.49 9.05 9.60 10.07 10.46 10.63 10.61 10.36 9.94 9.35 8.53 7.51 6.73 6.47 6.44 6.27 5.92 5.81 6.21 6.74 7.31 7.77 7.94 7.61 6.76 5.60 4.96 4.87 5.12 5.47 5.63 5.74 5.89 6.53 7.76 8.45 8.18 8.00 7.89 8.01 8.15 8.54 8.36 7.53 6.51 5.45 4.77 4.48 4.66 5.33 6.10 6.86 7.17 7.23 7.52 8.44 9.35 10.71 12.89 14.43 14.57 13.42 11.65 10.80 10.32
9.11 9.17 9.15 8.97 8.63 7.90 6.95 6.02 5.45 5.33 5.87 7.10 8.70 9.60 9.49 8.73 8.25 8.34 8.91 9.71 10.36 11.00 11.60 12.07 12.16 11.99 11.62 11.03 10.09 8.76 7.43 6.76 6.80 7.18 7.44 7.28 7.11 7.35 7.91 8.41 8.87 8.91 8.24 7.41 7.01 7.05 7.39 7.53 7.32 6.61 6.19 6.21 7.29 8.15 8.19 8.06 7.95 8.10 8.29 8.80 8.88 8.32 7.24 5.85 4.66 4.03 4.03 4.54 5.22 5.97 6.57 6.74 7.00 7.55 8.20 8.99 10.63 12.96 14.60 15.28 15.02 14.26 13.23
