project/data/elevation/US_DEM2016/US_DEM2016_point_11-01-2019_1826_30m_vel.asc
ncols	125
nrows	167
xllcorner	-2042055.000000
yllcorner	1465035.000000
cellsize	30.000000
NODATA_value	-9999.000000
[rows 0 to 37 of 167, columns 0 to 83 of 125]
4.10 3.67 3.30 3.65 4.42 5.40 6.38 7.11 7.42 7.60 7.86 8.31 8.49 8.10 7.74 7.74 7.76 7.58 7.11 6.70 6.49 6.57 6.88 7.22 7.44 7.40 7.08 6.24 5.15 4.11 3.27 2.70 2.34 2.07 1.84 1.77 2.00 2.50 3.07 3.43 3.62 3.76 3.89 3.95 3.84 3.58 3.30 3.34 3.73 4.38 5.04 5.69 6.22 6.72 6.92 6.98 6.81 6.19 5.58 5.13 4.85 4.75 4.87 5.30 5.62 5.74 5.64 5.25 4.58 4.15 4.04 4.15 4.33 4.53 4.69 4.80 4.92 5.23 5.69 6.05 6.29 6.31 5.92 5.75
4.10 3.67 3.30 3.65 4.42 5.40 6.38 7.11 7.42 7.60 7.86 8.31 8.49 8.10 7.74 7.74 7.76 7.58 7.11 6.70 6.49 6.57 6.88 7.22 7.44 7.40 7.08 6.24 5.15 4.11 3.27 2.70 2.34 2.07 1.84 1.77 2.00 2.50 3.07 3.43 3.62 3.76 3.89 3.95 3.84 3.58 3.30 3.34 3.73 4.38 5.04 5.69 6.22 6.72 6.92 6.98 6.81 6.19 5.58 5.13 4.85 4.75 4.87 5.30 5.62 5.74 5.64 5.25 4.58 4.15 4.04 4.15 4.33 4.53 4.69 4.80 4.92 5.23 5.69 6.05 6.29 6.31 5.92 5.75
4.04 3.69 3.45 3.77 4.31 5.10 5.91 6.51 6.84 7.00 7.23 7.61 7.74 7.56 7.28 7.25 7.31 7.26 6.94 6.51 6.36 6.45 6.66 6.84 6.90 6.76 6.26 5.44 4.59 3.81 3.20 2.74 2.43 2.21 2.03 1.98 2.14 2.45 2.81 3.11 3.29 3.44 3.58 3.78 3.94 3.99 3.96 3.97 4.24 4.69 5.16 5.57 5.92 6.20 6.34 6.38 6.35 6.13 5.71 5.20 4.79 4.57 4.66 4.91 5.10 5.19 5.22 5.16 5.01 4.72 4.55 4.49 4.46 4.44 4.43 4.47 4.62 4.94 5.28 5.49 5.58 5.66 5.70 5.78
4.32 4.00 3.88 4.10 4.40 4.79 5.22 5.46 5.53 5.61 5.89 6.15 6.24 6.16 6.11 6.11 6.19 6.36 6.32 6.16 6.18 6.27 6.24 6.03 5.79 5.46 4.97 4.46 3.98 3.59 3.29 3.02 2.86 2.81 2.75 2.67 2.62 2.64 2.67 2.80 3.12 3.44 3.70 4.00 4.34 4.64 4.84 4.91 5.00 5.16 5.30 5.32 5.30 5.22 5.17 5.01 5.00 5.21 5.33 5.26 5.03 4.77 4.56 4.38 4.17 4.08 4.23 4.58 4.90 5.05 5.02 4.82 4.54 4.25 4.04 3.99 4.13 4.37 4.48 4.37 4.39 4.79 5.32 5.72
4.62 4.37 4.29 4.40 4.54 4.70 4.81 4.82 4.69 4.61 4.69 4.88 5.02 5.02 5.03 5.05 5.14 5.35 5.67 5.96 6.17 6.08 5.77 5.26 4.77 4.44 4.29 4.15 3.99 3.86 3.75 3.69 3.72 3.75 3.69 3.52 3.34 3.21 3.09 3.14 3.48 3.88 4.26 4.61 4.80 4.95 5.09 5.26 5.39 5.43 5.37 5.19 4.92 4.59 4.27 3.78 3.52 3.62 4.06 4.59 4.88 4.87 4.62 4.13 3.69 3.38 3.30 3.46 3.77 4.03 4.14 4.09 3.94 3.77 3.67 3.70 3.80 3.88 3.88 3.77 3.89 4.42 5.03 5.29
4.65 4.50 4.52 4.63 4.64 4.64 4.60 4.38 4.21 4.09 3.96 4.03 4.28 4.47 4.66 4.80 4.92 5.02 5.34 5.74 5.90 5.64 5.14 4.52 4.05 3.95 4.04 4.14 4.21 4.28 4.37 4.47 4.52 4.42 4.25 4.06 3.91 3.79 3.66 3.59 3.66 3.83 4.16 4.58 4.82 4.91 5.01 5.21 5.36 5.40 5.33 5.16 4.91 4.41 3.82 3.34 3.18 3.24 3.43 3.67 3.95 4.15 4.08 3.73 3.35 3.08 2.93 2.85 2.83 2.85 2.90 2.96 3.01 3.09 3.22 3.36 3.47 3.55 3.62 3.67 3.83 4.20 4.56 4.54
4.72 4.70 4.78 4.89 4.80 4.60 4.34 3.99 3.78 3.72 3.61 3.56 3.79 4.24 4.66 4.85 5.05 5.13 5.13 5.15 5.15 4.91 4.47 4.03 3.85 3.88 4.00 4.12 4.26 4.48 4.73 4.89 4.86 4.74 4.61 4.54 4.50 4.41 4.21 3.95 3.75 3.72 3.84 4.09 4.30 4.33 4.38 4.56 4.84 5.01 5.11 5.10 4.94 4.75 4.45 4.17 4.15 4.13 3.96 3.70 3.43 3.29 3.23 3.16 3.04 2.94 2.86 2.80 2.73 2.65 2.59 2.60 2.70 2.85 3.00 3.12 3.19 3.30 3.49 3.67 3.82 4.02 4.10 3.84
4.79 4.94 5.20 5.20 5.02 4.55 4.05 3.66 3.55 3.64 3.57 3.40 3.57 4.10 4.54 4.62 4.76 4.86 4.67 4.41 4.30 4.16 3.96 3.86 3.87 3.94 4.05 4.14 4.25 4.48 4.78 5.00 5.08 5.19 5.34 5.53 5.58 5.42 5.11 4.71 4.26 3.92 3.77 3.67 3.56 3.54 3.59 3.81 4.28 4.78 5.00 5.05 5.05 5.20 5.32 5.32 5.12 4.83 4.40 3.88 3.35 2.98 2.87 2.90 2.92 2.89 2.88 2.93 2.94 2.87 2.77 2.75 2.81 2.91 3.03 3.10 3.16 3.30 3.53 3.66 3.73 3.81 3.74 3.43
5.02 5.24 5.60 5.51 5.18 4.66 4.10 3.78 3.81 3.84 3.74 3.62 3.75 4.09 4.26 4.15 4.10 4.18 4.10 3.91 3.84 3.70 3.53 3.57 3.69 3.85 4.11 4.36 4.50 4.61 4.87 5.20 5.57 6.06 6.57 6.87 6.88 6.65 6.32 5.88 5.32 4.71 4.19 3.82 3.57 3.50 3.72 4.09 4.64 5.01 5.01 4.74 4.59 4.71 4.91 4.96 4.76 4.36 3.89 3.47 3.17 3.01 2.97 3.02 3.07 3.10 3.16 3.23 3.17 3.03 2.93 2.90 2.97 3.12 3.33 3.51 3.68 3.89 4.00 3.92 3.80 3.71 3.58 3.68
5.16 5.44 5.75 5.64 5.31 4.94 4.50 4.38 4.53 4.56 4.33 4.14 4.14 4.16 4.01 3.70 3.51 3.62 3.79 3.84 3.81 3.54 3.27 3.30 3.52 3.77 4.09 4.43 4.72 4.95 5.29 5.71 6.23 6.75 7.07 7.13 7.05 6.94 6.84 6.68 6.36 5.86 5.27 4.71 4.26 4.20 4.36 4.75 5.15 5.21 4.86 4.14 3.64 3.26 3.27 3.45 3.50 3.33 3.14 3.02 2.98 3.01 3.06 3.17 3.43 3.65 3.82 3.81 3.50 3.15 3.05 3.18 3.46 3.83 4.15 4.41 4.70 4.96 4.97 4.75 4.44 4.23 4.10 3.99
5.32 5.36 5.59 5.67 5.54 5.42 5.37 5.55 5.70 5.60 5.29 4.94 4.61 4.25 3.87 3.42 3.21 3.48 3.90 4.13 4.08 3.77 3.49 3.49 3.67 3.90 4.10 4.38 4.87 5.44 5.90 6.27 6.50 6.51 6.24 5.88 5.82 6.09 6.40 6.61 6.66 6.47 6.08 5.53 5.03 4.74 4.70 5.00 5.25 5.10 4.47 3.70 3.11 2.68 2.45 2.38 2.48 2.65 2.78 2.89 2.97 3.06 3.20 3.44 3.85 4.29 4.50 4.34 3.92 3.48 3.45 3.81 4.31 4.76 5.11 5.40 5.64 5.71 5.56 5.30 5.08 4.93 4.77 4.56
5.24 5.00 5.14 5.63 5.98 6.24 6.50 6.73 6.81 6.56 6.17 5.76 5.26 4.59 3.97 3.57 3.43 3.71 4.16 4.40 4.33 4.07 3.87 3.84 3.96 4.19 4.43 4.79 5.32 5.82 6.05 6.08 5.84 5.33 4.69 4.32 4.47 4.90 5.29 5.62 5.94 6.17 6.21 6.00 5.59 5.15 4.99 5.13 5.09 4.70 3.95 3.46 3.14 2.75 2.38 2.14 2.17 2.47 2.78 2.98 3.15 3.39 3.70 4.01 4.37 4.67 4.77 4.65 4.40 4.18 4.14 4.50 4.94 5.35 5.63 5.75 5.64 5.30 4.77 4.41 4.29 4.26 4.23 4.17
4.85 4.58 4.57 5.26 5.97 6.51 6.83 6.95 6.94 6.77 6.51 6.21 5.82 5.16 4.53 4.15 3.99 4.02 4.16 4.24 4.17 4.02 3.92 3.94 4.12 4.39 4.72 5.06 5.28 5.31 5.16 4.78 4.20 3.56 3.24 3.39 3.72 3.89 3.93 4.19 4.61 5.09 5.56 5.85 5.81 5.51 5.27 5.19 4.80 4.03 3.33 3.00 2.70 2.43 2.24 2.21 2.36 2.66 2.99 3.30 3.61 3.96 4.30 4.55 4.70 4.76 4.77 4.85 4.90 4.87 4.89 5.12 5.48 5.67 5.56 5.17 4.53 3.73 3.09 2.78 2.74 2.88 3.08 3.26
4.85 4.72 4.64 4.82 5.21 5.66 5.90 5.93 5.83 5.80 5.86 5.87 5.81 5.57 5.21 4.82 4.50 4.21 3.98 3.77 3.61 3.58 3.65 3.76 3.94 4.10 4.26 4.27 4.06 3.73 3.36 2.86 2.40 2.15 2.28 2.68 2.87 2.78 2.78 3.01 3.33 3.75 4.24 4.75 5.17 5.33 5.32 5.13 4.63 3.78 3.04 2.46 2.12 2.09 2.24 2.49 2.75 2.99 3.33 3.77 4.18 4.51 4.72 4.87 4.96 5.00 5.06 5.20 5.33 5.37 5.44 5.66 5.76 5.46 4.76 3.85 3.03 2.56 2.40 2.45 2.64 2.87 3.06 3.13
5.09 5.16 4.91 4.56 4.24 4.16 4.11 3.96 3.81 3.96 4.29 4.65 4.91 5.13 5.21 5.09 4.77 4.32 3.86 3.39 3.07 3.14 3.34 3.45 3.43 3.33 3.17 2.90 2.59 2.32 2.10 1.97 1.99 2.10 2.24 2.28 2.22 2.25 2.38 2.52 2.63 2.80 3.05 3.46 4.11 4.91 5.22 5.14 4.68 4.00 3.17 2.52 2.30 2.47 2.82 3.10 3.21 3.35 3.67 4.18 4.72 5.07 5.28 5.41 5.54 5.69 5.76 5.77 5.78 5.79 5.86 5.90 5.50 4.55 3.56 2.94 2.72 2.70 2.83 3.14 3.50 3.77 3.83 3.81
5.11 5.04 4.68 4.16 3.40 2.82 2.43 2.20 2.22 2.40 2.70 3.00 3.37 3.84 4.37 4.70 4.69 4.36 3.85 3.30 3.02 3.12 3.28 3.25 3.03 2.75 2.51 2.38 2.31 2.23 2.19 2.33 2.61 2.83 2.86 2.78 2.73 2.78 2.90 2.98 3.00 3.05 3.23 3.66 4.33 5.09 5.35 5.18 4.65 3.96 3.40 3.11 3.10 3.39 3.68 3.79 3.72 3.76 4.13 4.76 5.38 5.86 6.16 6.29 6.40 6.56 6.63 6.59 6.55 6.48 6.32 5.83 4.84 3.86 3.39 3.36 3.47 3.48 3.55 3.84 4.25 4.50 4.55 4.72
4.77 4.41 3.91 3.49 2.74 2.17 1.91 1.89 2.04 2.33 2.59 2.76 2.96 3.35 3.80 4.13 4.31 4.27 3.97 3.64 3.49 3.46 3.39 3.24 3.05 2.87 2.80 2.87 2.96 2.97 2.91 2.90 3.08 3.42 3.66 3.79 3.81 3.78 3.77 3.85 4.03 4.29 4.59 5.05 5.53 5.74 5.52 5.14 4.65 4.17 3.83 3.75 3.90 4.18 4.40 4.46 4.37 4.51 5.02 5.71 6.36 6.82 7.06 7.14 7.12 7.11 7.15 7.21 7.25 7.08 6.63 5.87 4.78 4.31 4.41 4.62 4.62 4.45 4.39 4.61 4.92 5.16 5.39 5.70
4.63 4.25 3.63 3.09 2.68 2.50 2.63 2.91 3.28 3.68 3.96 4.08 4.18 4.21 4.15 3.96 3.96 4.11 4.13 4.06 3.94 3.73 3.49 3.34 3.29 3.32 3.40 3.50 3.62 3.72 3.72 3.58 3.59 3.87 4.24 4.56 4.71 4.71 4.65 4.76 5.14 5.52 5.86 6.10 6.10 5.71 5.15 4.77 4.59 4.46 4.29 4.25 4.45 4.77 4.97 5.01 5.09 5.37 6.01 6.69 7.14 7.30 7.27 7.22 7.13 7.02 6.97 6.99 7.12 7.09 6.87 6.59 6.07 5.94 6.22 6.41 6.34 6.08 5.96 5.94 5.96 6.04 6.24 6.39
4.71 4.44 3.83 3.29 3.17 3.57 4.17 4.71 5.20 5.56 5.77 5.84 5.73 5.33 4.76 4.23 3.99 4.06 4.18 4.20 4.10 3.90 3.69 3.60 3.65 3.75 3.83 3.93 4.09 4.31 4.51 4.59 4.62 4.69 4.90 5.24 5.56 5.70 5.76 5.92 6.16 6.37 6.38 6.12 5.51 4.67 4.00 3.90 4.23 4.47 4.67 4.82 5.09 5.35 5.43 5.36 5.53 6.04 6.68 7.06 7.08 6.84 6.54 6.38 6.38 6.43 6.48 6.43 6.40 6.54 6.92 7.31 7.69 7.89 8.07 8.31 8.42 8.36 8.20 7.88 7.51 7.14 6.88 6.56
4.50 4.10 3.55 3.36 3.82 4.69 5.57 6.25 6.68 6.82 6.77 6.60 6.31 5.81 5.27 4.77 4.41 4.25 4.26 4.26 4.21 4.15 4.09 4.10 4.11 4.15 4.23 4.37 4.54 4.79 5.18 5.60 5.93 6.13 6.24 6.38 6.49 6.52 6.64 6.76 6.72 6.46 5.97 5.23 4.33 3.49 3.09 3.25 3.94 4.56 5.08 5.46 5.73 5.77 5.66 5.57 5.88 6.44 6.72 6.67 6.25 5.73 5.32 5.15 5.25 5.52 5.75 5.80 5.69 5.79 6.38 7.15 7.84 8.26 8.54 8.92 9.19 9.24 9.08 8.81 8.38 7.86 7.20 6.45
3.95 3.59 3.32 3.70 4.72 5.83 6.57 6.94 7.05 6.88 6.59 6.30 6.02 5.73 5.49 5.19 4.83 4.53 4.42 4.42 4.45 4.54 4.70 4.82 4.86 4.83 4.92 5.08 5.24 5.49 5.96 6.54 7.01 7.31 7.39 7.23 6.98 6.81 6.77 6.65 6.27 5.59 4.74 3.88 3.27 3.00 3.05 3.52 4.32 5.06 5.74 6.22 6.36 6.21 5.98 5.98 6.27 6.40 6.27 5.76 5.09 4.49 4.03 3.77 3.87 4.03 4.23 4.43 4.56 4.78 5.17 5.79 6.49 6.99 7.35 7.71 7.97 8.05 8.09 8.05 7.97 7.66 7.20 6.47
4.30 4.14 4.29 5.08 6.09 6.75 6.91 6.78 6.49 6.06 5.73 5.51 5.32 5.26 5.24 5.13 4.91 4.67 4.59 4.70 4.93 5.26 5.59 5.80 5.90 5.94 6.01 6.13 6.31 6.58 6.99 7.34 7.48 7.42 7.19 6.81 6.51 6.26 6.00 5.51 4.85 4.12 3.39 2.90 2.86 3.16 3.70 4.46 5.11 5.77 6.29 6.52 6.57 6.56 6.41 6.35 6.30 6.02 5.47 4.65 3.88 3.27 2.70 2.45 2.46 2.43 2.38 2.59 3.02 3.41 3.94 4.32 4.61 4.80 4.98 5.25 5.28 5.43 5.69 5.92 6.45 6.91 7.03 6.85
5.06 5.43 6.14 6.67 6.98 6.98 6.57 6.05 5.53 5.19 5.01 4.86 4.72 4.68 4.70 4.74 4.73 4.70 4.79 5.03 5.45 5.90 6.25 6.51 6.65 6.79 6.93 7.10 7.30 7.52 7.62 7.44 7.00 6.41 5.79 5.38 5.34 5.13 4.60 3.91 3.25 2.86 2.68 2.81 3.22 3.75 4.43 5.12 5.73 6.19 6.33 6.32 6.29 6.37 6.43 6.31 5.96 5.37 4.55 3.72 2.96 2.26 1.82 1.75 1.82 1.80 1.82 2.02 2.37 2.81 3.22 3.53 3.57 3.45 3.30 3.35 3.53 3.91 4.27 4.59 5.11 5.83 6.49 6.73
5.51 6.06 6.81 7.00 6.88 6.50 5.87 5.34 4.84 4.66 4.59 4.46 4.33 4.25 4.25 4.38 4.55 4.72 4.90 5.05 5.27 5.51 5.81 6.20 6.51 6.81 7.10 7.35 7.48 7.44 7.12 6.45 5.52 4.77 4.30 4.16 4.07 3.66 3.06 2.65 2.45 2.47 2.75 3.32 3.87 4.40 5.02 5.57 6.00 6.10 5.87 5.61 5.55 5.69 5.85 5.81 5.48 4.89 4.11 3.38 2.71 2.12 1.84 1.86 1.95 2.02 2.21 2.56 2.85 2.97 3.07 3.18 3.14 2.89 2.62 2.62 3.00 3.50 3.76 3.94 4.31 4.80 5.45 5.93
5.77 6.04 6.39 6.42 6.16 5.65 5.14 4.77 4.51 4.37 4.26 4.11 4.02 3.97 4.02 4.20 4.46 4.68 4.78 4.71 4.61 4.58 4.78 5.20 5.80 6.31 6.69 6.85 6.73 6.32 5.62 4.70 3.80 3.29 3.09 3.02 2.72 2.33 2.16 2.25 2.51 2.92 3.48 4.02 4.57 5.15 5.60 5.94 5.99 5.72 5.35 5.13 5.08 5.11 5.18 5.22 5.14 4.84 4.24 3.58 3.06 2.76 2.75 2.88 2.98 3.05 3.29 3.44 3.32 3.12 3.01 3.01 2.91 2.67 2.46 2.56 2.92 3.15 3.15 3.27 3.57 3.84 4.35 5.05
6.01 5.76 5.58 5.62 5.45 5.10 4.73 4.38 4.20 4.08 3.94 3.83 3.74 3.76 3.95 4.20 4.48 4.66 4.70 4.62 4.56 4.61 4.87 5.30 5.81 6.14 6.16 5.92 5.44 4.79 3.99 3.28 2.70 2.38 2.25 2.17 2.06 2.06 2.24 2.58 3.10 3.72 4.23 4.75 5.34 5.84 6.13 6.13 5.81 5.34 4.96 4.75 4.66 4.70 4.83 4.95 5.04 5.00 4.70 4.21 3.87 3.81 3.95 4.10 4.18 4.28 4.30 4.00 3.51 3.28 3.24 3.04 2.78 2.63 2.58 2.71 2.90 2.85 2.72 2.87 3.09 3.25 3.62 4.38
6.13 5.69 5.17 5.10 5.09 5.04 4.91 4.59 4.33 4.19 4.04 3.95 3.90 3.96 4.14 4.43 4.63 4.83 4.98 5.09 5.29 5.62 6.00 6.27 6.28 5.99 5.43 4.78 4.11 3.49 2.92 2.54 2.37 2.35 2.34 2.33 2.46 2.72 2.98 3.26 3.68 4.19 4.76 5.40 5.98 6.36 6.38 6.09 5.58 5.01 4.53 4.24 4.23 4.42 4.68 4.90 5.02 5.14 5.20 5.15 5.11 5.23 5.42 5.51 5.50 5.37 5.04 4.61 4.27 4.13 3.84 3.36 2.91 2.84 2.88 2.87 2.87 2.85 2.87 2.97 3.05 3.10 3.32 3.81
6.17 5.70 5.07 4.91 4.92 5.06 5.22 5.16 4.96 4.85 4.75 4.62 4.62 4.67 4.72 4.75 4.85 5.06 5.35 5.68 6.03 6.33 6.44 6.27 5.81 5.12 4.35 3.62 2.99 2.60 2.46 2.48 2.63 2.92 3.10 3.19 3.29 3.49 3.75 3.94 4.16 4.54 5.18 5.86 6.36 6.54 6.33 5.86 5.34 4.79 4.27 4.01 4.11 4.37 4.62 4.74 4.84 5.17 5.53 5.87 6.28 6.71 7.07 7.25 7.07 6.69 6.15 5.72 5.56 5.25 4.52 3.75 3.42 3.48 3.41 3.14 3.06 3.19 3.29 3.29 3.23 3.18 3.25 3.43
6.01 5.51 4.89 4.71 4.69 4.92 5.20 5.38 5.35 5.27 5.21 5.08 5.09 5.16 5.19 5.09 4.97 5.06 5.37 5.75 5.99 5.95 5.59 4.97 4.32 3.71 3.14 2.65 2.35 2.33 2.52 2.97 3.37 3.61 3.82 3.99 4.09 4.19 4.40 4.52 4.66 5.00 5.63 6.15 6.45 6.35 5.94 5.48 5.16 4.88 4.56 4.31 4.32 4.46 4.45 4.46 4.73 5.23 5.70 6.26 6.87 7.38 7.73 7.91 8.00 7.83 7.46 7.11 6.66 6.04 5.28 4.63 4.44 4.37 4.10 3.80 3.83 4.00 3.97 3.72 3.45 3.29 3.22 3.19
5.79 5.47 4.97 4.72 4.65 4.71 4.96 5.25 5.36 5.25 5.03 4.81 4.77 4.84 4.93 4.96 4.82 4.87 5.09 5.25 5.12 4.66 4.00 3.33 2.80 2.38 2.08 2.00 2.14 2.49 3.12 3.74 4.10 4.30 4.43 4.59 4.77 4.88 4.92 5.01 5.21 5.57 5.95 6.21 6.13 5.73 5.24 5.01 5.07 5.17 5.15 5.02 4.80 4.72 4.61 4.63 4.96 5.46 5.84 6.36 6.79 7.16 7.35 7.43 7.68 7.86 7.89 7.89 7.61 7.15 6.79 6.48 6.13 5.56 4.99 4.83 4.99 5.07 4.75 4.20 3.65 3.28 3.05 3.01
5.92 5.76 5.34 5.00 4.87 4.77 4.83 5.08 5.30 5.30 5.03 4.72 4.56 4.46 4.46 4.66 4.56 4.69 4.76 4.47 3.84 3.09 2.45 1.97 1.59 1.34 1.29 1.49 1.99 2.83 3.65 4.15 4.47 4.70 4.87 5.02 5.13 5.15 5.15 5.24 5.54 5.84 6.08 6.01 5.60 4.96 4.65 4.66 4.88 5.28 5.45 5.45 5.36 5.19 5.07 5.06 5.15 5.43 5.76 6.15 6.28 6.17 5.89 5.89 6.26 6.83 7.33 7.78 8.12 8.21 8.27 8.12 7.68 7.06 6.43 6.20 6.08 5.72 5.06 4.18 3.52 3.16 2.96 2.86
6.08 5.74 5.27 5.04 5.00 4.94 4.85 4.94 5.21 5.46 5.48 5.24 4.96 4.68 4.49 4.40 4.45 4.49 4.23 3.54 2.70 2.05 1.65 1.39 1.19 1.11 1.21 1.47 1.97 2.67 3.33 3.71 4.03 4.34 4.63 4.85 4.89 4.92 4.99 5.20 5.52 5.85 6.00 5.78 5.36 4.84 4.56 4.54 4.68 4.94 5.30 5.46 5.58 5.50 5.34 5.11 5.00 5.03 5.32 5.53 5.49 5.15 4.81 4.75 4.99 5.51 6.21 6.91 7.54 7.99 8.31 8.44 8.24 7.96 7.69 7.29 6.59 5.65 4.67 3.88 3.44 3.21 2.98 2.76
5.76 5.17 4.53 4.52 4.69 4.77 4.68 4.63 4.88 5.27 5.53 5.47 5.21 4.92 4.70 4.50 4.38 4.15 3.61 2.91 2.41 2.13 1.78 1.76 1.66 1.73 1.94 2.13 2.30 2.49 2.64 2.82 3.06 3.34 3.65 3.92 4.14 4.37 4.67 5.05 5.35 5.59 5.59 5.30 4.97 4.65 4.35 4.32 4.41 4.55 4.81 5.18 5.36 5.37 5.18 4.82 4.62 4.54 4.77 4.89 4.71 4.30 4.08 4.23 4.57 4.88 5.21 5.60 6.05 6.48 6.85 7.18 7.46 7.64 7.68 7.47 6.62 5.41 4.54 4.11 3.81 3.38 2.95 2.80
4.99 4.55 4.11 4.13 4.20 4.15 4.01 4.00 4.19 4.59 4.99 5.18 5.09 4.87 4.69 4.47 4.21 3.81 3.37 3.35 2.85 2.87 2.82 2.76 2.74 2.85 2.97 3.06 3.03 2.91 2.84 2.79 2.76 2.79 2.93 3.23 3.67 4.03 4.44 4.85 5.08 5.10 4.79 4.19 3.62 3.40 3.46 3.65 3.86 4.18 4.44 4.71 4.91 4.91 4.73 4.46 4.29 4.31 4.43 4.46 4.22 3.84 3.83 4.06 4.40 4.57 4.56 4.56 4.67 4.91 5.00 5.30 5.82 6.37 6.76 6.98 6.73 5.99 5.21 4.72 4.11 3.47 3.13 3.19
4.64 4.60 4.57 4.48 4.16 3.83 3.66 3.59 3.60 3.85 4.31 4.73 4.91 4.83 4.64 4.38 4.08 3.78 3.90 3.54 3.76 3.87 3.96 3.98 3.97 3.99 4.03 3.97 3.88 3.77 3.65 3.46 3.23 3.05 3.05 3.28 3.64 3.96 4.33 4.68 4.79 4.57 3.94 3.03 2.56 2.60 2.92 3.33 3.75 4.06 4.28 4.38 4.41 4.45 4.36 4.30 4.28 4.35 4.37 4.36 4.20 4.04 4.07 4.13 4.18 4.01 3.79 3.78 3.91 4.07 4.18 4.34 4.66 5.13 5.50 6.10 6.63 6.66 6.15 5.29 4.36 3.91 3.95 4.18
5.06 5.28 5.50 5.30 4.88 4.29 3.89 3.65 3.43 3.35 3.58 4.08 4.54 4.73 4.60 4.30 4.06 3.96 4.05 4.27 4.58 4.85 5.08 5.21 5.25 5.15 4.96 4.75 4.51 4.26 4.07 3.91 3.78 3.67 3.58 3.63 3.88 4.16 4.51 4.76 4.71 4.27 3.57 2.93 2.86 3.19 3.66 4.12 4.38 4.43 4.35 4.24 4.16 4.25 4.31 4.34 4.34 4.42 4.42 4.51 4.51 4.44 4.27 3.97 3.69 3.42 3.20 3.26 3.52 3.73 3.90 4.12 4.22 4.41 4.72 5.30 6.10 6.68 6.77 6.37 5.64 5.39 5.51 5.59
5.48 5.74 5.92 5.67 5.28 4.77 4.29 3.85 3.46 3.11 3.00 3.26 3.81 4.29 4.44 4.23 4.05 4.12 4.38 4.87 5.25 5.63 5.95 6.18 6.20 6.07 5.84 5.53 5.12 4.67 4.26 4.04 4.03 4.20 4.38 4.43 4.52 4.74 5.06 5.22 5.10 4.69 4.14 3.92 4.19 4.66 5.10 5.29 5.20 4.79 4.46 4.23 4.13 4.20 4.33 4.37 4.35 4.45 4.54 4.77 4.82 4.65 4.30 3.78 3.32 3.04 2.98 3.09 3.31 3.45 3.64 3.88 4.00 4.04 4.33 4.77 5.36 6.16 6.88 7.40 7.55 7.38 7.08 6.79
5.65 5.74 5.62 5.29 4.91 4.51 4.20 3.84 3.40 2.95 2.71 2.74 3.06 3.64 4.04 4.08 3.99 4.11 4.49 4.96 5.36 5.69 5.95 6.16 6.23 6.23 6.16 6.01 5.71 5.27 4.74 4.33 4.24 4.47 4.74 4.97 5.18 5.41 5.63 5.84 5.94 5.80 5.69 5.56 5.67 5.93 6.01 5.72 5.28 4.81 4.45 4.29 4.12 4.16 4.31 4.36 4.37 4.55 4.73 4.94 4.94 4.75 4.44 3.97 3.48 3.17 3.07 3.12 3.20 3.26 3.35 3.52 3.71 3.85 4.10 4.43 4.85 5.46 6.41 7.35 8.02 8.06 7.66 7.10
