project/data/elevation/US_DEM2016/US_DEM2016_point_10-30-2019_0932_30m_vel.asc
ncols	125
nrows	167
xllcorner	-2042055.000000
yllcorner	1465035.000000
cellsize	30.000000
NODATA_value	-9999.000000
[rows 105 to 139 of 167, columns 0 to 78 of 125]
11.54 11.68 11.71 11.46 11.07 10.57 10.09 9.64 9.02 8.01 6.67 5.72 5.38 5.45 5.66 5.99 6.70 7.74 8.94 10.15 10.95 11.45 11.90 12.37 12.44 13.07 13.34 13.43 13.27 13.12 12.92 12.71 12.47 12.07 11.73 11.45 11.14 10.86 10.60 10.38 10.16 10.11 10.44 10.70 10.92 11.05 11.12 11.03 10.64 10.00 9.17 7.96 6.78 6.59 7.36 8.64 9.80 10.56 11.09 11.55 11.78 11.73 11.66 11.77 12.00 12.35 12.61 12.48 11.96 11.07 10.43 10.17 10.09 10.14 10.32 10.60 10.98 10.93 10.24
11.08 10.87 10.76 10.77 10.58 10.20 9.63 8.86 7.93 6.98 6.31 6.05 6.31 7.04 8.27 9.32 9.20 8.82 8.74 8.92 9.37 10.07 11.12 12.07 12.53 12.87 13.44 14.13 14.65 14.90 14.77 14.50 14.10 13.45 12.73 12.05 11.44 11.01 10.66 10.42 10.41 10.62 10.90 10.94 10.91 10.93 11.18 11.48 11.43 10.80 9.69 8.40 7.68 7.86 8.71 9.57 10.24 10.74 11.20 11.43 11.25 11.03 11.20 11.64 11.99 12.29 12.63 12.84 12.66 12.06 11.31 10.87 10.52 10.10 9.69 9.73 10.40 10.87 10.62
10.82 10.55 10.35 10.41 10.33 10.05 9.55 8.86 8.19 7.90 8.19 8.85 9.69 10.97 12.47 13.53 13.88 13.06 11.71 10.92 10.75 11.11 11.87 12.29 12.34 12.34 12.47 12.79 13.28 13.79 14.01 13.99 13.83 13.43 12.93 12.32 11.70 11.16 10.64 10.39 10.68 11.21 11.45 11.14 10.75 10.62 10.92 11.45 11.76 11.51 10.79 10.14 9.97 10.33 10.56 10.46 10.35 10.59 10.93 10.97 10.75 10.71 11.04 11.44 11.68 11.81 12.05 12.44 12.76 12.77 12.20 11.53 10.90 10.23 9.65 9.51 10.04 10.69 10.83
10.90 10.69 10.48 10.51 10.59 10.67 10.72 10.64 10.51 10.69 11.46 12.60 13.89 14.99 15.69 16.03 16.29 16.07 15.45 14.76 14.22 13.85 13.51 12.97 12.51 12.16 11.85 11.58 11.34 11.35 11.66 11.99 12.15 12.22 12.26 12.23 12.00 11.48 10.95 10.79 11.02 11.14 10.97 10.62 10.34 10.38 10.80 11.51 12.30 12.83 12.86 12.54 12.23 11.97 11.36 10.61 10.40 10.63 10.77 10.71 10.69 10.78 10.81 10.85 10.91 10.90 10.97 11.37 11.96 12.37 12.26 11.79 11.19 10.59 10.12 9.93 10.18 10.68 10.98
11.10 11.04 10.93 10.93 11.10 11.42 11.85 12.31 12.87 13.56 14.46 15.44 16.13 16.33 16.09 15.68 15.40 15.60 15.74 15.59 15.23 14.71 14.02 13.18 12.51 12.09 11.81 11.58 11.14 10.55 10.16 10.15 10.25 10.48 10.88 11.35 11.61 11.50 11.20 10.86 10.44 9.89 9.46 9.52 10.03 10.53 11.12 11.86 12.78 13.74 14.24 14.15 13.76 13.23 12.50 11.77 11.51 11.38 11.16 10.96 10.84 10.66 10.43 10.35 10.39 10.31 10.20 10.38 10.86 11.39 11.72 11.64 11.24 10.80 10.49 10.33 10.36 10.63 10.92
11.32 11.41 11.39 11.36 11.50 11.77 12.19 12.85 13.87 14.90 15.60 15.80 15.50 14.84 14.05 13.35 12.95 13.03 13.19 13.38 13.45 13.38 13.13 12.71 12.30 11.95 11.71 11.70 11.66 11.41 10.97 10.63 10.62 10.71 10.76 10.83 10.95 11.09 10.97 10.44 9.73 9.23 9.27 9.84 10.61 11.17 11.65 12.17 12.80 13.59 14.22 14.48 14.46 14.35 14.16 13.70 13.18 12.53 11.84 11.30 10.87 10.47 10.27 10.22 10.19 10.05 9.91 9.96 10.32 10.80 11.19 11.28 11.08 10.82 10.63 10.51 10.47 10.66 10.91
11.35 11.39 11.43 11.54 11.78 12.15 12.69 13.39 14.24 14.78 14.78 14.29 13.48 12.61 11.89 11.42 11.11 10.96 10.93 11.15 11.50 11.72 11.96 12.11 12.15 11.93 11.58 11.34 11.31 11.57 11.83 12.00 12.09 12.02 11.71 11.25 10.93 10.89 10.79 10.52 10.29 10.36 10.64 11.14 11.60 11.91 12.14 12.32 12.51 12.83 13.28 13.73 14.15 14.55 14.84 14.73 14.13 13.30 12.36 11.50 10.89 10.53 10.33 10.09 9.83 9.78 9.90 10.09 10.37 10.64 10.81 10.90 10.87 10.76 10.57 10.39 10.36 10.59 10.90
11.11 11.04 11.14 11.49 11.92 12.51 13.22 13.78 14.00 13.68 13.01 12.34 11.72 11.14 10.60 10.15 9.77 9.62 9.79 10.14 10.48 10.87 11.23 11.49 11.78 12.02 11.87 11.52 11.17 11.12 11.23 11.37 11.51 11.63 11.67 11.51 11.22 11.02 11.00 11.13 11.31 11.46 11.62 11.95 12.22 12.36 12.34 12.16 12.01 12.08 12.22 12.48 12.83 13.27 13.73 13.92 13.68 13.09 12.32 11.59 11.03 10.59 10.17 9.76 9.58 9.75 10.09 10.36 10.49 10.46 10.42 10.53 10.61 10.54 10.34 10.11 9.97 10.10 10.48
10.93 10.83 10.93 11.27 11.72 12.33 12.92 13.03 12.65 11.90 11.09 10.37 9.84 9.40 8.97 8.69 8.78 9.13 9.52 9.94 10.49 11.03 11.10 11.03 11.51 12.19 12.46 12.42 12.11 11.57 10.93 10.19 9.78 9.98 10.53 10.95 11.10 11.08 11.17 11.41 11.61 11.76 11.94 12.17 12.21 12.16 11.99 11.70 11.53 11.57 11.58 11.50 11.43 11.38 11.35 11.61 11.85 11.85 11.73 11.49 11.12 10.59 10.06 9.73 9.76 10.04 10.35 10.53 10.47 10.23 10.10 10.12 10.17 10.19 10.15 9.99 9.79 9.71 9.96
10.99 10.93 10.95 11.11 11.41 11.81 12.00 11.53 10.66 9.72 8.86 8.07 7.47 7.12 7.21 7.77 8.72 9.72 10.46 11.02 11.46 11.44 10.95 10.78 11.35 11.99 12.42 12.65 12.64 12.34 11.94 11.22 10.26 9.63 9.51 9.76 10.28 10.83 11.17 11.40 11.68 11.99 12.16 12.15 11.79 11.27 10.99 10.94 10.98 11.17 11.41 11.38 11.16 10.69 9.96 9.47 9.50 10.03 10.62 10.95 10.95 10.75 10.54 10.39 10.34 10.42 10.57 10.57 10.36 10.14 10.05 9.99 10.00 10.04 10.04 9.96 9.85 9.75 9.81
11.20 11.18 11.18 11.17 11.22 11.22 10.94 10.23 9.23 8.29 7.54 6.97 6.61 6.71 7.59 8.97 10.31 11.42 12.23 12.58 12.28 11.39 10.23 9.85 10.31 10.80 11.26 11.81 12.18 12.44 12.73 12.75 12.18 10.95 9.77 9.48 10.11 10.94 11.52 11.85 12.11 12.28 12.28 12.01 11.37 10.50 9.99 10.05 10.35 10.81 11.48 11.84 11.86 11.51 10.65 9.54 8.93 9.06 9.56 10.08 10.49 10.75 10.92 11.01 11.01 10.93 10.75 10.49 10.22 10.06 10.05 10.10 10.15 10.12 10.01 9.91 9.92 9.98 10.05
11.35 11.39 11.37 11.24 11.03 10.69 10.18 9.60 9.18 8.96 8.82 8.66 8.78 9.43 10.59 11.91 12.93 13.38 13.37 12.97 12.20 11.27 10.15 9.25 9.10 9.26 9.81 10.65 11.23 11.56 12.00 12.63 12.95 12.61 11.79 11.36 11.46 11.79 12.03 12.14 12.11 12.03 11.93 11.75 11.27 10.46 9.69 9.52 9.95 10.66 11.39 12.03 12.41 12.43 12.10 11.54 10.83 10.22 9.92 10.02 10.29 10.54 10.74 10.92 11.09 11.07 10.86 10.53 10.14 9.83 9.76 9.89 10.05 10.13 10.10 10.06 10.10 10.23 10.37
11.32 11.32 11.28 11.13 10.85 10.43 9.97 9.69 9.76 10.14 10.63 11.24 11.98 12.78 13.45 13.82 13.77 13.30 12.63 11.91 11.41 11.28 10.98 10.07 9.20 8.90 9.06 9.73 10.26 10.30 10.27 10.86 11.99 12.82 13.04 12.86 12.51 12.14 11.79 11.52 11.37 11.35 11.43 11.52 11.48 11.03 10.12 9.51 9.76 10.42 10.91 11.38 11.98 12.48 12.71 12.77 12.69 12.37 11.77 11.13 10.78 10.62 10.55 10.50 10.55 10.59 10.49 10.29 10.02 9.74 9.58 9.61 9.78 10.02 10.20 10.30 10.41 10.53 10.71
11.19 11.10 11.02 10.94 10.76 10.48 10.20 10.04 10.09 10.47 11.27 12.30 13.25 13.78 13.83 13.32 12.36 11.52 11.02 10.60 10.54 10.93 11.29 11.08 10.41 9.73 9.33 9.42 9.87 9.81 9.25 9.18 9.97 11.35 12.22 12.40 12.09 11.62 11.22 10.94 10.87 11.00 11.20 11.34 11.42 11.33 10.69 9.77 9.61 9.85 10.12 10.37 10.87 11.60 12.20 12.53 12.80 12.96 12.82 12.26 11.54 10.96 10.50 10.12 9.80 9.57 9.46 9.65 9.90 10.01 9.97 9.89 9.92 10.10 10.33 10.54 10.73 10.88 11.10
11.02 10.90 10.81 10.81 10.75 10.62 10.46 10.36 10.46 10.89 11.70 12.47 12.87 12.79 12.30 11.56 10.91 10.48 10.11 9.82 9.74 9.93 10.36 10.69 10.60 10.20 9.84 9.82 10.18 10.32 9.82 9.09 8.96 9.58 10.60 11.20 11.31 11.18 11.09 11.02 10.99 11.04 11.08 11.05 11.04 11.17 11.00 10.28 9.71 9.56 9.56 9.76 10.21 10.93 11.63 12.00 12.11 12.17 12.28 12.24 11.85 11.18 10.51 9.89 9.25 8.83 8.95 9.54 10.14 10.50 10.63 10.57 10.45 10.38 10.42 10.57 10.72 10.85 11.00
10.89 10.79 10.76 10.78 10.75 10.71 10.70 10.76 11.00 11.56 12.14 12.39 12.16 11.65 11.06 10.61 10.38 10.10 9.65 9.25 9.00 8.97 9.31 9.80 9.96 9.87 9.93 10.16 10.54 10.87 10.80 10.13 9.30 9.04 9.39 10.06 10.57 10.87 11.09 11.20 11.20 11.15 11.01 10.75 10.56 10.71 10.90 10.58 9.93 9.53 9.41 9.65 10.19 10.83 11.43 11.74 11.61 11.32 11.26 11.39 11.38 11.03 10.53 10.01 9.60 9.57 9.91 10.31 10.58 10.74 10.85 10.89 10.76 10.55 10.35 10.24 10.24 10.35 10.53
10.96 10.92 10.87 10.80 10.74 10.80 11.01 11.31 11.69 12.13 12.30 12.14 11.75 11.35 10.99 10.67 10.28 9.82 9.49 9.38 9.44 9.61 9.82 9.88 9.78 9.71 9.87 10.14 10.48 10.89 11.15 10.97 10.40 9.74 9.35 9.49 9.99 10.47 10.77 11.01 11.13 11.16 10.94 10.42 9.97 10.00 10.34 10.30 9.77 9.36 9.31 9.58 10.01 10.41 10.82 11.21 11.28 11.04 10.79 10.72 10.78 10.76 10.67 10.63 10.71 10.91 11.03 10.98 10.85 10.73 10.68 10.70 10.68 10.57 10.37 10.14 10.06 10.22 10.44
11.09 11.03 10.87 10.74 10.73 10.86 11.19 11.74 12.34 12.49 12.27 11.85 11.48 11.24 10.98 10.55 10.09 9.87 10.05 10.45 10.76 10.81 10.61 10.30 9.99 9.81 9.83 9.97 10.21 10.62 10.97 11.07 10.89 10.49 10.05 9.88 10.07 10.37 10.52 10.72 10.89 10.87 10.41 9.66 9.14 9.17 9.63 9.83 9.51 9.06 8.86 8.86 9.02 9.30 9.70 10.27 10.76 10.93 10.83 10.69 10.65 10.70 10.77 10.87 10.96 11.03 11.03 11.02 11.02 10.98 10.83 10.67 10.60 10.55 10.44 10.35 10.34 10.37 10.25
10.92 10.77 10.56 10.52 10.64 10.85 11.16 11.61 12.05 12.08 11.72 11.24 10.87 10.53 10.11 9.88 9.96 10.29 10.66 10.83 10.71 10.45 10.31 10.38 10.46 10.31 9.98 9.84 9.91 10.22 10.60 10.71 10.56 10.43 10.47 10.59 10.66 10.64 10.55 10.65 10.54 10.01 9.09 8.38 8.15 8.35 8.92 9.43 9.36 8.86 8.32 7.92 7.75 7.93 8.42 9.14 9.91 10.40 10.55 10.55 10.58 10.66 10.70 10.59 10.47 10.53 10.71 10.88 11.06 11.19 11.16 10.94 10.71 10.47 10.26 10.20 10.08 9.81 9.43
10.83 10.70 10.54 10.53 10.62 10.77 10.93 11.07 11.07 10.89 10.60 10.33 10.04 9.54 9.18 9.54 10.02 10.25 10.09 9.67 9.33 9.36 9.74 10.25 10.67 10.78 10.47 10.02 9.81 9.90 10.30 10.50 10.39 10.33 10.49 10.67 10.69 10.59 10.44 10.36 9.85 8.89 8.14 7.95 8.00 8.17 8.55 9.11 9.29 9.05 8.67 8.23 7.77 7.53 7.69 8.33 9.15 9.68 9.95 10.21 10.43 10.59 10.74 10.89 10.99 11.10 11.11 11.00 10.88 10.89 11.01 10.98 10.71 10.26 9.97 9.77 9.50 9.22 9.05
11.17 11.26 11.19 10.89 10.66 10.58 10.57 10.50 10.29 10.05 9.95 9.96 9.71 9.21 9.14 9.45 9.52 9.21 8.67 8.28 8.37 8.94 9.68 10.30 10.73 10.97 10.93 10.60 10.20 9.95 10.13 10.46 10.48 10.27 10.03 9.85 9.84 9.89 9.93 9.73 9.20 8.71 8.83 9.27 9.49 9.39 9.33 9.46 9.60 9.60 9.44 9.14 8.77 8.41 8.26 8.48 8.97 9.51 9.95 10.30 10.48 10.61 10.91 11.38 11.63 11.59 11.28 10.95 10.68 10.55 10.58 10.62 10.43 10.07 9.74 9.42 9.15 9.02 9.13
11.36 11.48 11.40 10.90 10.47 10.27 10.21 10.09 9.91 9.84 9.95 9.97 9.64 9.20 8.92 8.63 8.24 7.96 7.88 8.05 8.59 9.29 9.99 10.50 10.77 10.89 10.98 10.92 10.60 10.20 10.17 10.48 10.54 10.11 9.46 9.11 9.15 9.42 9.61 9.53 9.46 9.82 10.40 10.82 11.03 11.06 10.92 10.68 10.42 10.14 9.79 9.41 9.17 9.09 9.04 9.05 9.30 9.82 10.26 10.51 10.52 10.61 10.83 11.06 10.99 10.74 10.53 10.52 10.64 10.70 10.56 10.35 10.10 9.89 9.60 9.19 8.73 8.40 8.41
10.92 10.74 10.35 10.07 9.88 9.88 9.93 9.89 9.79 9.73 9.65 9.49 9.23 8.84 8.36 7.93 7.75 7.92 8.49 9.36 10.09 10.47 10.56 10.40 10.18 10.24 10.44 10.51 10.39 10.21 10.23 10.51 10.68 10.40 9.83 9.51 9.61 9.79 9.92 10.06 10.38 10.76 10.98 11.14 11.42 11.79 12.04 11.99 11.62 11.00 10.45 10.00 9.65 9.47 9.40 9.40 9.60 9.98 10.30 10.44 10.39 10.43 10.43 10.29 10.03 9.90 10.06 10.44 10.79 10.89 10.66 10.23 9.91 9.71 9.53 9.31 8.95 8.40 8.00
10.27 9.70 9.10 9.07 9.24 9.55 9.79 9.83 9.73 9.53 9.25 9.03 8.95 8.92 8.86 8.85 9.14 9.75 10.63 11.42 11.79 11.64 10.98 10.16 9.64 9.63 9.76 9.82 9.88 9.94 10.04 10.31 10.70 10.84 10.72 10.64 10.62 10.52 10.43 10.49 10.61 10.63 10.75 11.04 11.52 12.06 12.55 12.85 12.83 12.40 11.80 11.28 10.78 10.29 9.90 9.67 9.65 9.80 10.07 10.30 10.22 10.20 10.09 9.87 9.72 9.95 10.37 10.69 10.66 10.45 10.22 10.00 9.79 9.57 9.41 9.48 9.66 9.62 9.21
10.37 9.83 9.22 9.28 9.54 9.77 9.86 9.83 9.71 9.54 9.35 9.25 9.39 9.78 10.30 10.81 11.39 11.91 12.21 12.29 12.07 11.54 10.83 10.18 9.70 9.52 9.46 9.51 9.64 9.75 9.80 9.96 10.44 10.88 11.00 10.93 10.76 10.57 10.43 10.34 10.24 10.25 10.54 11.01 11.63 12.20 12.60 12.89 13.14 13.05 12.53 11.82 11.21 10.77 10.40 10.07 9.77 9.60 9.78 10.08 10.17 10.15 10.08 9.99 10.07 10.39 10.61 10.45 9.94 9.56 9.53 9.58 9.57 9.54 9.47 9.40 9.55 10.00 10.30
10.91 10.72 10.57 10.78 10.88 10.62 10.17 9.87 9.76 9.71 9.69 9.80 10.15 10.76 11.38 11.86 12.16 12.17 11.92 11.41 10.74 10.10 9.85 9.79 9.70 9.61 9.62 9.77 9.96 10.08 10.02 10.03 10.37 10.80 10.87 10.52 10.18 10.09 10.18 10.22 10.22 10.35 10.72 11.17 11.61 11.89 11.95 11.94 12.13 12.30 12.04 11.54 11.18 10.96 10.75 10.48 10.18 9.93 9.80 9.98 10.22 10.29 10.29 10.34 10.51 10.65 10.47 9.91 9.33 9.16 9.24 9.34 9.40 9.57 9.83 9.78 9.51 9.44 9.84
11.17 11.22 11.40 11.59 11.57 11.23 10.59 10.01 9.77 9.79 9.91 10.18 10.62 11.11 11.42 11.46 11.30 11.04 10.59 9.83 9.03 8.64 8.78 9.24 9.56 9.77 9.99 10.27 10.52 10.70 10.82 10.91 11.07 11.26 11.28 10.93 10.43 10.19 10.20 10.41 10.72 11.14 11.46 11.54 11.47 11.23 10.84 10.59 10.76 11.24 11.48 11.43 11.36 11.21 10.97 10.73 10.56 10.42 10.23 10.22 10.35 10.47 10.56 10.68 10.74 10.55 10.09 9.54 9.31 9.30 9.37 9.47 9.56 9.66 9.88 10.08 10.06 9.75 9.57
11.19 11.28 11.41 11.43 11.41 11.41 11.16 10.55 10.07 9.98 10.08 10.25 10.49 10.67 10.64 10.56 10.47 10.15 9.51 8.81 8.40 8.43 8.88 9.38 9.71 9.95 10.25 10.55 10.81 11.06 11.40 11.74 11.97 12.07 12.09 11.86 11.35 10.84 10.52 10.65 11.13 11.61 11.69 11.48 11.14 10.65 10.05 9.71 9.91 10.61 11.29 11.56 11.54 11.34 11.11 10.93 10.82 10.77 10.63 10.48 10.48 10.58 10.71 10.79 10.70 10.32 9.72 9.38 9.41 9.52 9.60 9.67 9.81 9.90 9.83 9.85 10.17 10.50 10.61
11.28 11.49 11.73 11.75 11.70 11.67 11.68 11.47 10.99 10.57 10.30 10.11 9.97 9.91 10.01 10.22 10.24 9.87 9.41 9.25 9.43 9.71 9.90 10.02 10.10 10.19 10.38 10.62 10.88 11.10 11.35 11.67 12.00 12.30 12.51 12.58 12.38 11.90 11.27 10.97 11.12 11.27 11.29 11.21 10.90 10.36 9.83 9.59 9.80 10.45 11.24 11.71 11.80 11.63 11.39 11.18 11.00 10.90 10.70 10.52 10.46 10.51 10.60 10.64 10.57 10.26 9.81 9.58 9.63 9.77 9.88 9.88 9.85 9.90 9.95 10.01 10.20 10.72 11.42
11.52 11.95 12.52 12.56 12.28 11.88 11.83 11.90 11.70 11.09 10.43 9.90 9.56 9.51 9.79 10.08 10.02 9.84 9.95 10.35 10.74 10.82 10.68 10.57 10.53 10.53 10.61 10.73 10.90 11.11 11.24 11.32 11.45 11.86 12.49 13.08 13.37 13.22 12.61 11.74 11.25 11.03 11.08 11.00 10.58 10.10 9.83 9.86 10.15 10.71 11.37 11.90 12.16 12.06 11.76 11.41 11.12 10.89 10.61 10.46 10.41 10.41 10.43 10.44 10.45 10.34 10.16 10.10 10.14 10.21 10.27 10.21 9.98 9.80 9.95 10.38 10.81 11.31 12.09
11.54 11.91 12.47 12.63 12.47 11.99 11.67 11.56 11.43 10.98 10.33 9.77 9.49 9.52 9.66 9.67 9.68 9.96 10.47 10.87 11.00 10.95 10.83 10.81 10.81 10.76 10.70 10.67 10.73 10.97 11.24 11.32 11.34 11.65 12.28 12.97 13.50 13.73 13.59 12.90 11.86 11.12 10.70 10.35 9.91 9.71 9.83 10.07 10.43 10.97 11.55 12.03 12.33 12.31 12.03 11.63 11.25 10.92 10.59 10.47 10.44 10.45 10.45 10.44 10.49 10.55 10.57 10.63 10.72 10.78 10.78 10.74 10.54 10.29 10.23 10.62 11.49 12.51 13.32
11.16 11.10 11.07 11.31 11.58 11.53 11.21 10.97 10.94 10.81 10.54 10.33 10.28 10.27 10.02 9.66 9.61 9.92 10.25 10.41 10.58 10.76 10.86 10.94 10.94 10.78 10.54 10.36 10.39 10.64 10.98 11.28 11.47 11.63 11.78 12.03 12.37 12.77 13.04 12.85 11.93 10.87 10.01 9.50 9.32 9.41 9.70 10.00 10.49 11.12 11.59 11.89 12.13 12.25 12.13 11.82 11.40 11.00 10.61 10.49 10.56 10.63 10.63 10.58 10.59 10.68 10.81 10.97 11.11 11.26 11.44 11.63 11.64 11.58 11.52 11.70 12.36 13.30 13.86
10.64 10.17 9.37 9.09 9.37 9.80 10.12 10.42 10.81 11.18 11.43 11.63 11.75 11.52 10.85 10.14 9.74 9.59 9.49 9.58 10.03 10.55 10.85 10.98 10.97 10.83 10.55 10.21 10.01 10.10 10.31 10.56 10.77 10.91 10.84 10.77 10.86 11.06 11.27 11.25 10.88 10.19 9.51 9.11 9.14 9.36 9.62 10.02 10.71 11.29 11.49 11.57 11.78 12.02 12.08 11.89 11.54 11.14 10.75 10.67 10.79 10.90 10.89 10.78 10.66 10.68 10.87 11.13 11.36 11.64 12.07 12.59 13.06 13.45 13.71 13.80 13.82 13.86 13.67
10.21 9.50 8.31 7.80 7.79 8.21 8.96 9.77 10.56 11.32 11.89 12.15 12.11 11.71 11.07 10.40 9.85 9.48 9.36 9.58 10.02 10.43 10.69 10.89 11.01 11.02 10.88 10.52 9.99 9.71 9.68 9.68 9.69 9.78 9.85 9.78 9.70 9.73 9.78 9.83 9.80 9.60 9.35 9.31 9.58 9.95 10.33 10.88 11.41 11.56 11.47 11.44 11.63 11.85 11.95 11.88 11.73 11.61 11.55 11.54 11.45 11.27 11.09 10.94 10.85 10.83 10.96 11.24 11.59 12.01 12.61 13.36 14.18 14.85 15.25 15.19 14.75 14.10 13.37
10.12 9.40 8.30 7.95 8.05 8.41 8.93 9.44 9.99 10.65 11.26 11.50 11.29 10.91 10.58 10.25 9.91 9.70 9.78 10.11 10.44 10.69 10.78 10.90 11.04 11.16 11.24 11.15 10.77 10.13 9.72 9.51 9.42 9.37 9.29 9.11 8.92 8.90 9.02 9.19 9.30 9.37 9.58 10.03 10.54 11.03 11.56 11.91 11.94 11.69 11.44 11.42 11.57 11.73 11.81 11.86 11.98 12.23 12.46 12.45 12.04 11.47 11.11 11.02 11.08 11.12 11.13 11.33 11.76 12.38 13.08 13.75 14.34 14.72 14.87 14.69 14.21 13.52 12.93
