project/data/elevation/US_DEM2016/US_DEM2016_point_10-29-2019_0303_30m_ang.asc
ncols	125
nrows	167
xllcorner	-2042055.000000
yllcorner	1465035.000000
cellsize	30.000000
NODATA_value	-9999.000000
[rows 88 to 131 of 167, columns 0 to 95 of 125]
343 346 346 342 340 336 332 329 326 325 327 331 337 347 3 17 10 2 358 354 349 342 336 333 331 331 332 337 341 343 344 348 355 359 0 360 357 354 357 359 356 353 349 343 332 322 319 322 330 336 342 347 353 357 358 357 353 347 345 344 343 339 335 330 328 330 337 341 341 338 335 333 337 346 354 357 357 354 352 349 347 346 344 342 342 349 358 3 6 7 10 14 12 7 2 357
342 345 345 342 340 336 331 328 327 328 331 336 344 360 12 6 356 353 353 351 348 342 336 332 330 328 327 330 335 340 342 344 349 357 4 6 4 0 360 359 357 353 349 343 332 322 318 319 324 326 329 335 340 345 350 354 353 347 344 343 342 340 336 330 326 328 337 342 340 337 333 329 332 340 350 356 358 358 358 358 357 355 352 352 356 360 359 357 359 4 9 10 7 4 358 351
341 343 343 342 339 334 329 327 328 331 336 345 1 18 21 353 345 344 344 344 342 339 336 333 330 325 322 323 327 332 337 340 344 353 3 10 9 5 2 359 355 352 350 345 335 328 325 328 332 333 334 336 339 342 347 352 352 347 343 342 341 340 337 329 324 325 335 341 339 335 331 325 325 331 341 349 353 355 358 0 0 358 357 359 3 5 2 359 0 5 8 4 1 357 352 347
340 341 341 340 336 331 328 328 330 336 347 8 26 28 7 340 329 328 329 330 332 333 335 335 332 327 322 320 320 322 327 332 336 344 358 10 13 9 4 358 353 352 350 345 339 334 334 338 341 343 342 341 342 346 350 355 354 347 342 342 342 341 337 327 321 322 331 338 337 334 329 322 319 323 331 338 342 347 353 357 358 358 358 1 6 7 6 4 6 9 8 1 355 351 348 347
339 339 338 337 333 329 328 330 335 348 9 25 24 14 0 344 332 326 323 322 323 326 332 334 333 330 327 325 324 325 328 332 335 339 352 9 16 11 3 356 352 351 348 344 340 338 339 341 344 346 346 345 345 348 353 357 357 350 345 344 344 342 335 325 319 321 329 337 337 334 329 321 318 320 325 328 329 335 343 349 351 353 356 360 5 7 8 10 11 11 8 360 352 348 348 351
338 338 335 333 330 328 329 333 345 6 21 19 10 2 355 347 341 336 331 329 329 331 335 336 334 331 330 331 334 336 338 340 341 344 354 9 14 9 1 354 351 348 346 342 339 338 339 342 344 345 347 349 351 352 354 358 359 355 351 349 348 344 335 324 320 322 330 339 340 336 330 323 321 322 324 320 313 313 320 327 333 341 349 355 1 5 8 11 12 10 7 0 352 349 351 353
337 337 334 330 328 328 330 337 358 16 13 5 359 354 349 346 344 342 340 338 338 340 341 341 337 331 329 331 336 339 342 343 345 350 360 9 8 2 357 352 349 346 344 341 339 337 338 340 342 345 347 351 355 357 357 360 3 1 356 354 352 346 336 326 322 324 331 340 344 340 333 328 326 328 327 314 297 287 287 293 299 310 328 345 351 355 359 3 5 5 5 0 354 351 351 349
337 337 336 333 332 335 340 347 0 5 358 355 352 349 345 343 343 343 342 342 343 345 346 345 340 331 326 327 331 336 338 339 342 350 1 6 2 356 352 349 347 345 343 341 338 335 334 336 340 344 349 352 356 359 2 6 8 5 359 355 352 346 337 329 325 325 332 341 345 341 337 335 337 343 343 329 309 295 288 288 289 290 302 326 338 345 351 355 358 0 2 359 353 351 349 345
336 338 341 341 342 347 353 356 356 354 352 350 347 345 342 341 341 341 343 345 348 351 350 346 339 331 327 328 331 333 335 336 340 348 358 1 356 352 349 347 346 345 344 341 337 332 329 329 334 341 347 352 355 360 5 11 12 8 1 356 352 345 335 329 327 329 334 340 343 340 338 341 350 360 0 350 338 326 315 310 310 309 313 323 333 342 350 353 354 357 358 355 351 350 348 344
336 340 345 347 348 352 355 356 354 353 351 347 344 341 340 339 339 341 344 349 354 356 351 342 336 331 331 335 339 341 342 344 345 350 356 357 353 349 347 347 347 348 347 342 336 330 325 324 328 334 340 344 350 358 6 13 14 8 1 356 350 342 334 328 327 329 334 339 341 338 338 345 356 4 5 359 352 343 334 330 330 330 329 330 335 344 352 354 353 355 356 353 349 349 347 342
337 342 347 349 347 351 353 353 352 352 350 347 342 339 338 339 340 344 349 357 1 357 346 338 331 328 331 337 342 345 347 350 352 354 356 356 351 347 347 349 351 351 347 342 337 330 325 325 329 335 335 335 341 351 0 9 11 6 1 356 349 341 334 329 326 327 331 336 338 337 338 344 354 1 3 2 359 351 343 341 342 341 338 337 340 349 355 354 352 354 355 352 347 346 343 339
341 344 348 346 346 347 349 350 350 350 349 345 341 338 337 339 343 350 358 3 0 351 342 336 329 325 328 334 340 344 348 352 356 358 358 357 351 346 348 352 355 352 346 342 338 332 328 330 338 345 345 343 343 347 354 3 7 4 360 355 349 342 335 331 329 329 331 334 336 337 339 343 348 354 359 2 360 354 348 347 349 347 344 342 347 354 356 353 352 354 355 353 347 344 340 336
344 346 347 345 342 342 344 346 347 347 346 343 340 338 339 343 350 0 6 2 352 344 339 334 327 324 325 330 335 340 345 350 356 359 1 359 353 349 351 354 353 349 346 343 338 332 330 333 342 348 352 354 352 350 353 1 4 0 357 354 350 343 338 335 333 333 334 336 338 339 342 342 343 348 354 357 356 353 352 352 353 351 348 348 352 355 354 352 352 354 355 354 349 345 340 334
345 347 347 343 338 336 338 341 343 344 342 340 339 340 343 349 0 8 5 355 345 339 335 331 325 322 323 327 330 332 336 342 350 357 2 2 357 351 351 351 349 347 345 343 338 332 330 334 340 346 352 356 357 355 356 2 2 356 353 352 349 344 340 338 337 337 337 338 339 342 344 342 341 344 348 350 350 350 353 356 356 354 353 354 354 353 352 352 353 355 357 355 351 348 342 334
346 347 347 344 341 332 332 335 337 338 337 337 338 342 349 359 4 2 355 349 343 338 334 331 325 322 322 324 325 324 324 328 337 348 357 1 357 351 348 348 347 346 345 343 338 332 331 333 338 342 347 352 356 358 360 2 358 351 349 349 347 343 341 340 340 340 339 338 339 342 343 341 340 342 345 345 344 346 351 355 357 358 358 358 356 354 353 354 356 357 357 354 352 349 343 335
346 346 347 347 342 339 334 333 333 332 333 335 340 347 356 359 353 348 347 345 343 340 336 333 330 330 331 332 330 326 323 323 328 337 347 354 353 347 345 346 347 347 345 341 336 332 332 335 339 340 340 343 348 355 360 0 355 347 345 345 344 342 341 342 342 342 341 340 340 341 341 339 337 340 343 343 342 344 346 348 353 357 359 359 358 358 357 358 0 1 358 353 351 348 343 336
341 343 347 349 347 342 336 334 332 331 332 337 345 358 357 342 334 335 338 340 340 340 338 335 334 338 343 345 343 339 337 336 337 340 345 349 350 346 344 347 348 347 343 339 335 332 334 339 343 343 341 338 338 345 351 354 351 344 341 341 340 340 341 342 343 343 343 343 343 342 341 338 335 337 341 343 344 346 344 342 344 349 352 355 358 0 2 3 5 3 357 353 350 346 341 336
334 339 347 351 351 346 340 336 334 333 338 345 350 354 344 332 325 324 327 331 334 336 335 333 334 340 347 350 349 347 346 346 346 348 348 350 352 349 347 348 350 347 341 337 334 333 337 344 350 350 349 346 338 334 337 343 345 341 338 337 338 339 341 342 342 342 345 347 347 345 343 340 336 336 339 343 346 348 347 343 340 339 338 342 350 357 2 5 6 2 356 352 349 345 341 338
331 337 346 351 352 349 346 340 340 343 350 352 349 346 341 339 336 332 330 328 329 331 330 330 334 340 345 347 349 350 350 351 352 353 353 354 356 354 349 349 350 346 340 336 334 334 338 347 354 357 359 355 344 336 335 338 341 340 336 334 336 339 341 340 340 341 345 348 350 349 346 344 341 337 338 342 345 348 350 349 346 341 335 334 341 350 357 2 3 359 354 350 347 344 342 341
335 339 346 350 353 352 350 349 351 352 352 351 349 345 342 343 345 345 342 338 335 332 330 330 334 339 340 342 345 349 351 353 355 356 356 358 360 358 352 350 348 344 340 338 336 334 337 347 356 3 4 357 346 339 338 339 340 338 334 333 335 337 339 338 338 340 343 347 350 351 349 347 346 343 341 342 344 347 351 352 351 348 344 343 344 348 353 357 358 356 351 347 344 342 342 343
340 342 347 350 351 352 353 354 354 353 350 348 346 343 342 344 348 350 349 345 341 337 334 333 337 340 339 339 341 344 347 351 353 355 357 360 2 2 356 351 346 342 340 339 336 333 336 346 356 3 2 356 348 343 342 341 339 337 335 333 334 336 337 336 336 338 341 343 346 350 351 351 351 349 345 343 343 346 350 351 349 347 347 349 350 351 353 355 355 353 349 345 343 342 342 344
341 344 348 350 349 350 351 352 352 349 346 344 342 342 342 344 348 349 348 346 343 339 337 337 341 342 340 340 342 344 345 347 349 351 354 358 3 5 359 352 346 343 341 339 334 333 336 344 353 358 358 354 350 348 347 345 342 340 339 336 334 335 336 335 336 338 339 339 341 346 350 353 355 354 349 345 344 346 349 348 346 345 345 349 352 353 354 354 353 352 348 345 344 344 344 344
340 343 349 350 348 348 348 347 346 344 342 340 339 339 341 344 347 346 344 342 340 337 337 340 345 344 340 341 346 348 348 349 349 350 352 356 3 6 1 354 350 346 342 337 333 333 337 344 350 353 354 353 352 352 352 349 346 345 344 341 337 335 336 335 336 339 338 335 337 342 347 353 357 356 351 346 345 347 348 346 344 343 344 348 352 354 355 355 354 352 348 344 343 345 346 345
337 342 348 348 346 346 345 342 340 339 339 338 338 338 340 344 345 343 340 338 335 333 335 341 347 345 341 342 346 348 349 349 351 352 355 358 4 6 2 357 353 348 342 336 333 333 338 344 348 350 350 350 350 352 353 353 352 351 350 347 341 337 337 336 338 340 337 334 335 339 346 353 358 358 352 347 346 347 347 345 342 343 345 348 352 355 357 356 355 354 351 344 341 343 344 344
335 340 346 346 343 342 340 338 337 336 336 337 338 339 341 344 344 340 337 335 331 329 332 340 347 345 343 345 347 347 346 346 348 352 356 1 6 6 2 357 352 347 342 335 332 333 339 346 349 348 347 345 346 349 352 354 355 356 355 352 346 340 338 338 339 339 336 334 335 338 346 353 358 359 353 348 347 347 346 342 339 341 344 347 350 355 358 357 355 356 354 348 343 343 344 343
336 339 343 343 340 337 335 334 335 335 335 337 338 340 342 343 341 337 335 333 330 328 332 341 344 344 345 349 351 350 348 345 344 347 353 0 7 6 360 354 350 346 340 334 331 333 340 347 350 348 346 343 342 344 347 351 355 357 357 355 350 344 341 341 340 338 335 334 336 340 346 352 358 359 354 349 348 347 344 338 337 339 342 344 347 352 355 355 355 356 355 350 347 347 346 343
338 339 341 341 337 333 331 331 334 335 334 334 336 338 339 338 335 334 335 334 331 330 333 340 340 341 345 350 352 353 353 351 348 347 350 358 4 3 357 352 348 345 339 333 330 333 340 347 350 348 345 343 343 344 345 346 350 353 354 354 352 347 344 343 341 337 334 334 337 342 347 353 358 359 354 351 350 348 343 336 335 339 340 340 342 346 348 351 354 356 354 350 349 349 348 344
337 338 340 341 337 331 328 331 336 339 338 338 337 337 335 334 334 334 335 335 334 333 335 335 334 337 344 349 351 351 353 355 356 354 353 355 359 359 355 350 346 343 338 334 332 334 339 345 348 346 344 344 346 349 350 349 347 347 348 351 351 347 344 344 342 338 336 336 339 343 348 353 359 360 355 352 351 349 343 338 337 341 342 340 340 341 344 349 353 355 353 349 349 349 348 346
335 337 340 341 339 333 330 333 340 344 345 344 342 339 336 335 335 336 336 337 338 339 338 333 328 332 341 346 347 347 349 353 358 0 358 356 356 356 353 348 345 342 337 335 336 338 341 343 344 341 340 343 348 353 355 355 353 349 347 349 349 345 343 342 341 339 338 338 340 343 347 353 359 0 356 352 351 349 344 341 341 344 346 345 342 341 345 350 352 353 351 348 348 348 348 345
332 335 339 341 341 338 334 335 340 343 344 344 342 339 336 335 336 338 338 339 341 343 342 338 332 331 337 343 343 342 343 347 354 359 359 358 358 357 353 347 344 340 336 335 339 344 344 342 340 337 337 340 347 352 355 356 356 355 353 352 351 347 342 340 340 339 340 340 341 343 346 352 358 359 355 352 351 349 345 342 342 346 348 348 346 346 350 352 353 352 350 348 347 347 347 344
331 334 338 341 343 342 338 337 339 340 339 338 337 336 335 335 336 338 339 341 342 342 342 342 339 338 339 341 341 341 340 340 345 352 357 360 1 360 354 347 343 338 335 335 341 347 348 343 337 333 333 337 343 348 352 354 355 356 357 357 356 351 345 340 339 339 340 339 340 343 348 353 358 358 354 351 350 349 345 340 341 345 348 348 348 351 354 355 354 353 349 347 346 345 345 343
332 333 337 340 343 344 340 339 340 338 334 332 332 332 332 334 337 338 340 343 341 338 337 339 341 343 343 341 341 343 344 341 339 342 351 359 3 1 354 347 342 337 334 336 343 349 349 345 338 332 330 333 339 344 348 352 353 355 358 0 0 357 349 344 342 341 339 337 338 343 349 355 358 358 353 349 349 348 343 337 338 342 345 346 349 354 357 356 356 354 350 346 344 344 343 343
333 334 336 340 343 343 341 340 340 336 332 330 330 330 332 335 338 340 344 344 340 336 332 333 338 343 344 341 340 344 347 347 342 339 345 355 1 359 352 346 341 337 335 338 346 349 348 345 340 334 329 331 335 340 345 350 354 355 357 1 4 1 353 348 346 343 340 337 338 343 350 356 360 359 353 348 348 346 340 335 335 339 343 344 348 353 356 356 356 355 351 346 343 342 341 341
334 335 336 340 343 342 340 340 339 334 331 330 330 331 334 338 341 344 347 345 342 338 333 332 336 341 342 340 339 343 347 349 348 345 345 351 357 355 349 344 340 336 337 343 349 349 345 343 340 335 329 327 331 336 342 349 354 356 357 1 5 1 354 350 347 343 341 339 339 344 350 356 1 1 355 349 347 344 339 335 334 338 341 345 349 352 353 355 355 354 352 347 343 340 339 339
334 335 337 340 342 341 338 337 336 334 332 332 331 332 336 340 343 346 346 344 343 340 337 335 337 340 341 338 338 341 346 348 349 349 350 351 353 352 347 342 337 336 340 349 352 347 342 340 338 334 327 323 324 330 337 345 352 355 358 2 4 0 354 349 345 342 340 339 341 346 351 357 2 2 356 350 346 343 339 335 333 334 337 343 348 351 353 354 353 352 350 348 344 340 338 338
333 334 337 339 341 339 336 333 331 331 333 333 332 333 337 340 343 344 343 343 342 340 337 335 338 342 342 338 337 340 344 347 348 349 351 352 353 352 349 340 336 337 346 355 352 343 338 336 336 334 328 321 318 322 329 338 345 352 358 2 3 359 353 348 344 341 340 339 341 347 354 359 3 3 357 350 346 342 339 335 331 331 334 339 343 347 351 353 351 349 348 347 344 341 339 339
334 335 337 339 340 338 335 330 327 327 330 333 332 334 338 337 339 342 343 342 341 337 333 332 337 343 346 342 338 339 343 346 346 347 348 351 354 354 347 339 337 344 354 356 350 342 336 333 334 335 331 327 324 323 325 330 338 348 356 360 0 357 352 348 344 342 341 340 341 348 355 2 7 6 358 350 346 343 340 336 331 330 332 336 339 343 347 348 347 346 346 347 345 343 341 342
335 336 338 340 340 337 334 330 326 324 334 331 335 338 337 334 336 342 344 342 338 333 329 329 335 343 348 347 343 341 343 345 346 346 347 349 353 353 348 341 341 350 355 353 350 345 339 334 335 336 335 333 333 331 329 328 334 345 353 356 358 355 350 346 344 343 343 341 343 349 356 5 12 9 360 353 348 344 340 337 333 331 332 335 339 342 344 343 342 343 345 346 345 344 343 344
332 335 340 342 340 336 334 331 327 325 326 330 338 341 337 333 336 342 344 341 335 330 327 328 334 342 346 349 348 344 343 345 346 347 348 348 350 351 349 344 345 349 351 351 350 348 344 339 338 338 337 336 335 336 335 332 334 342 349 355 356 353 347 343 342 344 342 341 344 350 359 10 15 10 2 356 351 344 338 334 332 332 334 337 341 344 342 339 340 342 344 346 345 343 343 344
330 333 339 340 338 335 333 332 329 325 335 329 339 343 339 337 339 342 342 339 336 332 328 328 334 339 343 348 349 345 343 345 347 349 350 349 348 350 350 346 345 347 348 349 348 347 345 343 343 343 341 339 338 337 338 335 334 339 347 355 356 351 345 342 342 343 341 340 344 353 5 15 17 10 3 359 355 348 339 332 329 330 334 339 345 344 338 336 338 341 343 345 344 342 341 342
333 335 337 337 335 333 333 334 331 340 325 330 338 343 343 342 342 342 340 339 338 335 332 332 334 336 340 346 348 344 342 344 347 350 351 349 348 350 351 347 344 345 347 347 345 344 344 345 347 347 346 345 342 341 341 338 335 336 345 354 356 350 345 343 343 342 339 339 345 359 13 20 18 10 3 359 355 351 345 336 329 328 332 341 347 343 337 336 339 341 344 345 344 341 339 339
342 341 339 337 335 333 334 336 334 341 328 332 337 341 343 343 342 341 340 339 338 337 336 336 336 336 341 346 346 343 341 343 346 348 349 349 349 350 351 349 345 345 345 343 342 341 342 345 348 350 350 348 345 344 344 342 338 338 343 352 355 350 346 344 342 340 338 341 351 8 20 21 15 8 3 357 352 349 346 339 332 329 333 343 346 341 339 340 343 344 345 344 344 342 339 338
348 345 341 339 338 337 337 338 338 334 331 333 336 339 340 341 340 340 340 340 339 337 337 336 335 337 342 346 346 344 343 343 344 346 348 349 348 348 351 351 347 344 342 340 338 338 340 344 348 351 351 349 346 346 346 345 342 342 344 350 354 350 346 344 342 339 340 347 2 15 20 16 10 5 1 357 352 346 341 337 333 332 337 343 344 342 342 345 348 347 346 345 344 342 339 338
347 345 341 340 340 342 341 340 339 337 334 332 333 335 338 339 338 339 341 342 341 338 333 331 332 337 342 345 345 345 345 344 344 346 350 352 350 348 350 350 346 343 341 339 337 337 340 344 348 350 349 347 346 348 348 346 345 345 348 350 352 350 346 344 342 340 344 356 9 15 14 11 7 2 358 356 353 347 339 333 331 333 339 343 344 344 346 349 350 348 346 344 343 342 341 338
