project/data/elevation/US_DEM2016/US_DEM2016_point_10-30-2019_1538_30m_ang.asc
ncols	125
nrows	167
xllcorner	-2042055.000000
yllcorner	1465035.000000
cellsize	30.000000
NODATA_value	-9999.000000
[rows 0 to 42 of 167, columns 0 to 94 of 125]
343 340 335 333 336 339 340 342 343 346 348 349 349 347 347 348 350 351 350 348 345 343 342 345 348 349 351 352 349 345 340 333 325 319 317 317 319 323 328 332 333 334 334 335 335 333 331 330 331 333 336 340 344 346 348 349 350 349 346 344 343 342 341 340 341 343 345 345 343 339 337 337 338 339 341 342 342 342 341 342 346 348 346 343 342 344 347 349 348 344 341 340 338 335 334
343 340 335 333 336 339 340 342 343 346 348 349 349 347 347 348 350 351 350 348 345 343 342 345 348 349 351 352 349 345 340 333 325 319 317 317 319 323 328 332 333 334 334 335 335 333 331 330 331 333 336 340 344 346 348 349 350 349 346 344 343 342 341 340 341 343 345 345 343 339 337 337 338 339 341 342 342 342 341 342 346 348 346 343 342 344 347 349 348 344 341 340 338 335 334
348 343 334 331 332 334 336 337 340 343 347 349 349 347 346 347 350 353 353 350 346 341 340 343 347 351 355 356 353 349 344 337 329 323 320 319 319 321 325 329 331 332 333 334 336 337 336 335 334 333 334 337 341 345 347 349 351 351 349 347 344 341 339 338 338 341 344 346 345 343 340 339 339 339 339 340 340 340 338 340 345 349 346 342 341 344 349 351 351 346 343 343 342 339 337
357 347 334 329 328 327 327 328 332 337 342 346 348 346 344 345 350 355 357 354 346 339 337 341 347 355 1 4 2 358 353 345 337 331 328 326 322 319 320 325 329 332 334 335 337 339 340 339 336 332 331 332 337 342 345 348 351 353 353 351 348 343 339 335 334 336 340 344 346 345 344 342 341 339 338 337 337 335 333 334 341 346 344 340 340 346 352 356 355 349 346 346 345 342 338
359 349 335 331 328 325 322 322 325 329 335 341 346 346 342 342 347 353 357 354 345 338 337 341 350 359 6 8 7 3 357 349 342 338 336 334 330 325 323 325 329 332 335 337 337 338 340 340 337 332 330 331 336 340 343 345 346 347 349 350 349 346 342 338 334 333 334 337 340 342 343 343 342 340 337 335 333 331 329 330 335 339 338 336 339 347 355 357 355 350 348 347 344 339 335
356 348 337 332 330 327 322 320 319 322 328 335 343 345 341 341 344 350 353 350 343 338 338 344 354 3 8 9 7 3 356 349 345 342 341 339 336 331 328 326 326 328 331 334 335 337 339 339 336 332 331 333 337 341 344 344 342 340 340 343 346 346 345 341 336 333 331 331 332 334 337 339 340 338 335 332 330 328 327 328 330 332 331 331 336 347 356 357 354 349 348 346 340 335 332
352 346 338 335 333 330 326 321 316 315 319 328 338 342 339 340 344 349 349 346 341 338 340 348 358 5 8 8 4 359 353 349 346 345 344 343 340 337 334 331 326 324 324 327 330 333 335 335 332 330 330 333 340 346 348 347 344 342 341 341 342 344 344 342 338 333 330 328 329 331 333 335 336 334 332 329 326 323 323 324 326 327 327 327 333 344 354 356 352 347 346 343 336 332 331
347 344 340 338 336 333 330 324 316 312 313 320 330 335 335 337 344 349 350 345 338 337 342 352 0 5 8 6 0 355 351 348 347 346 346 345 344 343 341 338 333 327 322 320 323 327 330 329 326 325 327 333 342 349 352 351 349 347 347 346 345 343 343 342 339 333 328 326 328 331 334 335 334 332 329 326 323 320 319 320 322 323 323 324 329 340 350 353 349 345 344 339 334 332 336
342 341 341 342 341 339 335 328 320 315 314 316 322 327 330 334 341 349 352 345 337 336 344 354 2 5 6 2 357 352 348 347 346 345 345 346 347 348 347 346 343 337 329 323 323 326 329 328 325 324 326 333 342 349 352 353 352 352 353 351 348 345 343 342 341 335 329 327 329 333 336 336 333 331 329 328 327 324 322 322 322 321 321 323 328 337 346 349 345 343 341 338 336 339 346
336 338 343 345 345 344 340 333 327 323 322 321 321 323 326 331 339 349 352 345 337 336 345 355 2 3 1 358 354 350 346 344 343 342 343 345 348 350 350 350 349 346 341 334 330 331 332 329 326 324 326 332 340 345 349 352 354 356 357 354 350 345 341 341 341 337 332 331 332 336 338 337 333 332 332 332 331 330 330 330 329 327 326 326 329 336 343 345 342 341 340 340 342 348 352
329 334 344 347 348 347 343 337 333 332 331 329 326 324 325 329 337 347 350 345 339 340 348 356 360 359 357 353 350 347 344 341 339 339 341 344 346 348 349 351 352 351 348 343 338 335 332 328 325 325 328 335 340 342 344 348 354 358 358 355 350 343 338 337 339 337 336 336 338 340 340 337 333 332 333 334 334 334 336 337 337 335 334 333 334 338 341 342 340 341 343 345 349 352 352
321 328 341 347 349 348 344 341 340 340 339 337 334 331 329 330 336 344 347 344 343 346 352 356 357 356 353 349 345 343 341 338 336 337 340 342 342 342 344 347 349 351 350 348 344 340 334 327 324 325 330 338 344 346 346 348 352 357 357 354 347 341 336 335 336 336 337 340 343 343 341 336 332 332 333 335 335 336 338 338 337 335 334 335 336 339 340 339 339 343 347 350 351 351 351
319 322 332 342 347 347 345 344 345 346 346 344 342 341 337 334 336 340 343 343 345 351 356 356 354 352 348 344 341 338 336 334 333 334 338 339 336 336 338 341 343 346 348 348 347 344 336 328 324 325 331 339 346 349 349 347 348 353 354 351 344 338 335 335 335 335 337 342 345 345 342 336 332 333 334 335 335 336 336 332 327 324 325 328 332 336 337 338 341 345 348 350 351 350 350
325 324 327 334 340 342 342 343 346 348 348 348 348 348 345 341 339 340 341 342 346 354 357 355 351 347 343 339 336 333 331 329 327 328 331 330 329 329 331 332 334 337 340 344 346 344 337 330 326 328 334 340 347 350 347 344 345 349 350 346 341 337 335 334 335 335 337 341 345 345 342 336 333 334 336 336 334 333 332 327 322 319 319 322 326 329 333 337 341 344 346 348 349 348 347
328 329 330 331 332 334 336 338 341 343 344 346 348 350 349 346 344 343 342 343 348 355 356 352 347 343 339 335 330 326 324 326 327 327 326 323 321 323 325 326 326 327 330 335 340 341 337 333 332 335 340 346 350 347 342 341 344 347 345 342 339 337 336 335 336 337 339 342 346 346 341 337 336 338 340 337 334 333 333 329 324 322 323 325 325 327 332 337 340 342 343 345 346 345 344
325 328 333 333 330 325 322 322 325 326 328 332 338 344 347 348 349 348 346 348 351 354 354 351 346 342 338 334 330 326 325 328 332 333 331 328 325 325 327 329 328 328 329 332 336 337 337 336 338 341 347 351 349 344 340 341 345 346 341 338 337 337 338 338 338 339 341 345 348 347 343 340 341 344 344 339 337 336 335 330 326 325 327 328 328 330 334 338 340 340 341 343 342 341 340
323 325 332 336 332 323 314 312 313 315 317 321 326 332 338 345 350 352 352 353 354 355 354 352 348 344 341 338 337 335 332 331 333 335 337 336 334 333 333 334 335 334 334 335 336 337 338 341 344 347 351 351 347 341 339 342 347 345 339 336 336 338 340 341 341 341 343 346 349 349 347 347 349 349 345 342 341 341 337 332 328 328 329 330 331 334 337 340 340 339 340 341 341 340 341
327 328 333 339 339 330 321 320 321 323 324 327 329 331 336 343 350 354 356 357 357 358 357 353 350 346 343 340 340 340 339 336 334 335 338 339 339 338 338 338 337 337 337 336 336 337 340 346 349 351 352 349 344 340 340 344 348 343 337 335 335 337 340 343 344 344 344 345 348 350 352 354 355 351 346 345 346 346 343 338 334 331 332 333 336 338 340 341 340 338 338 340 341 343 346
332 334 340 346 343 334 329 328 330 331 334 336 337 339 340 344 349 355 358 360 1 1 359 354 349 346 343 341 341 342 343 341 338 337 337 340 341 341 341 339 338 338 337 336 336 338 342 348 350 351 350 346 342 339 341 346 346 340 335 334 334 336 339 343 345 346 345 344 345 349 353 355 355 351 348 348 350 350 348 345 341 338 336 337 340 342 342 339 337 337 338 340 343 347 348
333 337 347 348 340 333 331 332 335 337 340 342 344 346 347 348 351 356 360 2 4 3 360 354 349 346 343 341 340 341 343 343 342 341 340 341 343 343 342 340 339 338 338 338 339 342 344 346 347 347 347 344 341 340 343 345 343 337 333 333 334 335 337 340 342 344 345 344 344 345 348 350 351 349 349 350 351 351 350 350 348 345 342 342 343 343 342 339 336 337 340 342 344 346 344
341 344 347 343 335 331 332 335 338 341 343 346 349 351 353 354 355 358 1 4 4 2 358 354 350 347 344 342 341 341 341 341 341 342 342 343 344 343 341 340 340 340 340 342 345 347 345 342 342 342 343 343 342 344 345 344 340 335 333 333 333 334 334 334 335 336 339 341 341 339 339 341 343 344 347 349 350 349 350 352 352 351 349 346 345 344 344 342 341 342 344 344 343 342 340
354 350 344 338 333 331 333 336 340 343 345 348 351 354 356 358 360 1 3 3 2 359 355 353 351 348 346 343 342 341 340 339 340 341 343 345 344 341 340 340 341 342 345 348 348 346 342 339 338 339 340 342 344 347 348 345 340 336 334 334 333 331 329 324 321 320 322 326 328 327 327 328 330 334 338 343 345 345 346 349 352 353 353 351 347 345 345 346 347 348 347 345 343 341 339
352 348 342 338 334 333 334 338 342 344 346 348 351 354 358 1 3 3 2 360 357 354 352 351 350 348 346 344 342 341 339 339 339 341 344 345 341 339 339 341 344 347 350 350 346 342 338 336 335 335 337 341 345 349 349 346 342 338 337 335 333 329 322 313 307 304 304 305 309 314 315 316 318 321 325 332 336 337 339 344 348 352 354 353 350 347 346 346 348 350 348 346 343 343 343
341 341 341 339 336 335 336 339 342 343 345 347 350 354 358 2 3 2 360 356 351 348 347 347 347 346 344 343 341 340 339 339 340 342 345 343 338 337 340 344 348 349 349 345 342 339 335 332 332 333 335 339 344 348 350 348 345 343 342 340 339 333 323 314 309 307 307 307 309 311 310 308 307 310 314 321 327 330 333 338 342 347 351 354 353 350 346 344 345 347 347 345 344 344 344
329 333 338 338 337 336 337 340 341 342 344 347 350 354 358 1 2 0 358 354 348 344 341 341 341 341 340 340 340 340 340 341 343 344 344 340 336 336 340 346 348 348 344 341 339 337 334 331 330 331 335 339 343 347 349 349 348 349 349 349 347 341 331 324 321 319 318 317 317 315 310 307 303 302 305 311 316 320 325 331 335 340 347 353 354 351 347 345 345 346 346 345 344 343 342
318 323 333 336 337 337 338 339 340 341 342 345 349 352 355 358 359 360 358 354 349 344 340 338 337 336 336 337 339 340 343 346 348 346 341 337 336 338 340 343 345 344 341 338 337 336 334 332 331 332 334 338 342 346 348 349 351 354 356 357 353 344 336 331 329 328 326 325 323 319 316 313 308 303 302 305 306 308 313 321 327 333 341 348 352 352 349 347 346 346 346 345 343 342 341
312 316 327 334 338 340 340 339 339 340 341 344 348 350 352 354 357 359 358 354 349 345 341 339 337 335 335 336 339 344 350 353 352 347 341 338 339 341 341 341 341 340 338 336 335 334 333 334 334 334 334 336 339 344 346 348 352 357 360 358 352 345 340 337 336 334 333 332 330 327 325 322 317 310 307 306 304 302 306 313 320 327 334 341 348 351 351 348 346 346 346 345 343 342 341
310 314 323 330 337 341 343 343 342 343 344 346 349 349 350 352 355 357 356 351 346 342 340 338 337 336 335 338 343 351 358 357 351 347 345 342 341 342 342 340 339 336 334 332 332 333 335 337 338 338 336 334 336 340 343 348 354 358 358 354 349 344 343 343 343 342 341 339 337 336 335 332 325 319 316 313 309 307 308 312 316 322 328 334 341 348 351 351 348 345 345 344 343 342 341
310 312 319 327 334 339 343 345 345 345 347 349 350 351 352 353 354 354 351 347 342 340 338 337 337 337 338 342 351 358 358 353 348 346 346 345 343 343 342 341 338 334 331 329 330 332 335 340 343 344 340 335 333 336 341 348 354 355 353 348 343 342 344 347 350 350 349 346 344 344 344 340 333 328 325 323 318 316 317 318 319 320 323 327 333 342 349 352 350 346 344 343 342 341 341
313 314 318 324 330 336 341 345 346 347 348 349 349 351 353 355 355 352 347 341 338 337 337 337 337 337 339 346 355 356 351 348 347 346 346 345 344 343 343 341 338 333 329 327 328 331 336 341 346 347 344 339 335 336 340 347 351 351 348 342 338 338 342 348 353 354 353 352 351 351 350 347 342 337 333 330 326 325 326 327 326 323 321 321 325 333 342 349 352 350 346 343 341 341 342
317 319 322 326 330 334 339 344 348 349 349 348 348 349 352 355 355 350 343 338 336 337 338 338 337 335 335 341 347 347 344 344 345 346 346 345 344 344 343 340 337 332 328 327 327 330 334 340 344 346 346 343 339 339 342 346 348 347 343 336 333 334 339 346 351 354 354 355 355 354 353 352 350 347 342 337 334 334 334 334 332 327 322 318 318 322 331 341 349 352 350 345 342 342 343
315 318 324 328 330 333 337 343 348 352 352 351 350 350 352 354 354 348 343 340 340 341 342 340 337 332 328 329 332 334 336 338 340 343 343 343 343 343 341 338 334 330 328 329 331 332 334 337 341 344 345 344 342 342 345 347 346 344 339 331 328 329 335 341 346 348 350 353 355 354 354 355 355 353 349 344 341 341 341 339 335 331 326 319 314 313 318 327 339 348 350 348 345 345 345
310 313 319 324 328 331 335 340 347 352 354 354 353 353 354 355 353 349 346 348 351 353 351 346 343 338 333 328 325 324 325 328 331 335 337 339 340 340 339 335 330 327 327 330 333 335 335 335 337 340 342 342 342 345 348 349 347 343 335 326 323 325 331 336 340 342 344 348 351 352 353 355 356 354 353 351 350 348 345 342 339 336 331 322 316 313 313 316 324 335 344 347 347 347 346
312 311 311 316 321 326 330 336 343 350 355 356 356 355 355 355 354 352 354 359 2 1 357 353 349 345 339 334 330 326 325 325 326 328 330 333 335 336 335 332 327 325 324 327 329 330 330 330 331 334 338 339 341 346 351 352 349 343 333 324 319 320 325 330 334 337 340 344 346 347 348 352 352 352 354 357 359 356 349 345 344 343 335 326 321 320 318 316 317 321 329 338 343 346 346
321 318 314 316 318 321 325 330 337 346 353 357 358 358 357 357 356 357 1 5 4 1 358 355 352 348 344 340 336 334 332 332 331 330 329 330 332 333 332 329 326 323 322 322 321 319 319 321 324 328 334 336 339 345 352 354 350 343 333 325 321 321 324 327 330 332 336 342 343 342 344 347 347 347 352 359 2 360 355 351 351 347 338 331 328 329 329 327 324 322 323 328 335 340 342
328 326 324 325 326 327 327 329 333 340 348 355 359 360 359 359 359 1 4 4 1 359 357 355 354 351 347 344 341 338 337 337 338 337 333 330 330 331 330 329 327 325 324 324 321 319 319 321 324 328 331 334 338 345 352 354 351 343 335 328 324 324 326 327 327 329 332 337 339 339 341 345 343 343 348 356 359 360 359 358 356 350 342 337 336 337 338 336 333 330 328 329 332 337 340
326 327 329 332 334 335 334 333 334 337 343 350 356 0 2 1 0 1 1 359 357 355 354 354 354 352 351 348 346 342 340 339 340 340 338 335 333 331 331 331 331 332 332 331 328 326 327 328 330 332 333 335 337 344 352 354 351 344 336 330 326 327 329 328 327 327 329 333 335 335 339 343 341 339 344 349 354 358 359 360 358 353 347 343 343 345 345 341 336 332 331 332 334 337 340
322 325 331 335 338 339 339 338 338 339 341 345 351 358 2 3 1 358 356 353 351 350 350 351 352 352 352 352 350 347 345 342 340 339 338 337 335 333 332 333 336 340 342 338 334 332 333 334 335 336 336 336 337 343 351 354 350 343 336 330 328 330 333 334 332 330 329 330 332 332 335 340 339 337 339 344 348 352 355 356 356 355 352 350 351 352 350 343 336 333 332 332 334 338 341
317 321 330 336 339 340 340 341 342 341 340 342 347 354 360 3 0 355 350 347 345 345 346 347 348 349 350 352 352 351 349 346 342 338 336 335 335 334 332 333 336 342 344 343 340 337 337 337 337 337 337 337 337 342 351 354 349 342 335 329 327 330 335 338 338 335 330 328 328 328 331 336 336 333 335 339 344 346 347 349 353 356 356 358 359 356 349 342 339 339 339 338 338 340 345
314 317 327 334 337 337 339 341 343 342 340 340 344 351 358 2 359 352 346 343 341 341 341 342 344 345 347 349 351 352 351 349 345 340 337 335 335 336 334 332 334 340 344 345 344 342 341 340 338 336 335 336 337 341 350 352 348 341 334 328 325 326 331 334 336 334 330 325 323 323 328 333 334 330 331 335 340 341 340 342 347 354 359 2 2 355 346 342 342 344 345 345 346 347 349
313 316 325 333 335 336 338 342 344 343 341 342 345 352 359 1 357 351 346 342 340 339 339 340 341 342 344 346 349 352 352 349 345 341 337 336 337 338 337 335 335 339 342 344 345 345 345 345 344 341 338 337 338 342 349 350 345 340 335 329 325 323 324 324 325 325 325 323 320 319 322 328 330 327 327 333 338 337 334 336 343 351 358 2 360 352 345 343 344 347 348 350 353 354 355
316 319 327 333 336 337 340 342 344 343 342 344 349 357 2 360 355 351 348 346 343 340 339 339 339 339 340 342 345 349 350 347 343 340 337 336 336 337 338 338 339 340 342 344 345 345 346 347 347 346 345 343 342 344 349 349 343 339 336 332 327 324 323 322 321 322 323 322 319 316 316 321 324 323 324 330 336 334 331 334 342 349 353 356 354 349 345 344 345 347 349 352 356 359 0
320 323 330 335 337 339 341 342 342 342 343 346 354 2 2 358 355 352 350 348 346 343 341 341 340 340 340 341 342 345 345 342 340 339 338 336 335 335 337 339 341 342 343 344 343 343 343 344 345 347 348 349 347 347 350 349 344 341 340 336 332 330 330 328 328 328 326 323 321 319 318 317 316 314 316 322 329 328 327 332 342 348 348 347 347 346 345 346 347 349 352 354 357 1 4
