project/data/elevation/US_DEM2016/US_DEM2016_point_10-28-2019_0543_30m_vel.asc
ncols	125
nrows	167
xllcorner	-2042055.000000
yllcorner	1465035.000000
cellsize	30.000000
NODATA_value	-9999.000000
[rows 0 to 34 of 167, columns 0 to 78 of 125]
9.44 8.10 6.32 6.50 8.36 11.06 13.55 15.15 15.63 15.74 15.92 16.55 17.27 16.95 16.06 15.41 14.68 14.21 14.16 14.49 14.69 14.64 14.58 14.71 14.81 14.61 14.17 13.14 11.89 10.55 9.22 7.99 6.99 6.14 5.48 5.33 5.99 7.30 8.75 9.77 10.38 10.81 11.11 11.14 10.63 9.72 8.88 8.94 9.68 10.50 10.93 11.37 11.73 12.24 12.57 12.86 12.70 11.59 10.47 9.66 9.24 9.33 9.98 11.18 12.00 12.27 12.01 10.98 9.29 8.15 7.73 7.85 8.31 8.91 9.46 9.82 10.17 10.94 11.94
9.44 8.10 6.32 6.50 8.36 11.06 13.55 15.15 15.63 15.74 15.92 16.55 17.27 16.95 16.06 15.41 14.68 14.21 14.16 14.49 14.69 14.64 14.58 14.71 14.81 14.61 14.17 13.14 11.89 10.55 9.22 7.99 6.99 6.14 5.48 5.33 5.99 7.30 8.75 9.77 10.38 10.81 11.11 11.14 10.63 9.72 8.88 8.94 9.68 10.50 10.93 11.37 11.73 12.24 12.57 12.86 12.70 11.59 10.47 9.66 9.24 9.33 9.98 11.18 12.00 12.27 12.01 10.98 9.29 8.15 7.73 7.85 8.31 8.91 9.46 9.82 10.17 10.94 11.94
10.00 8.64 6.81 6.59 7.67 9.62 11.65 13.12 13.97 14.43 14.91 15.53 15.81 15.66 15.19 14.89 14.59 14.40 14.21 14.01 14.04 13.93 13.91 14.06 14.17 14.00 13.37 12.33 11.23 10.17 9.17 8.19 7.31 6.57 5.92 5.56 5.76 6.46 7.47 8.51 9.20 9.65 10.01 10.39 10.61 10.51 10.19 9.98 10.26 10.62 10.85 11.07 11.37 11.59 11.76 12.07 12.33 12.15 11.45 10.42 9.53 9.06 9.35 10.01 10.61 11.06 11.34 11.27 10.74 9.81 9.14 8.84 8.77 8.83 8.97 9.21 9.56 10.10 10.65
11.50 9.92 7.88 7.24 7.35 7.98 8.86 9.60 10.24 11.21 12.47 13.05 12.95 12.70 12.96 13.32 13.42 13.64 13.59 13.29 13.15 12.92 12.76 12.71 12.74 12.63 12.10 11.34 10.59 10.01 9.49 8.92 8.37 7.95 7.47 6.84 6.29 5.98 6.02 6.65 7.81 8.74 9.40 10.07 10.82 11.44 11.76 11.60 11.29 10.99 10.81 10.62 10.57 10.33 10.16 10.01 10.35 11.10 11.57 11.54 10.90 9.94 9.14 8.66 8.35 8.54 9.37 10.42 11.07 11.19 10.90 10.31 9.59 8.89 8.42 8.32 8.48 8.58 8.51
12.40 10.83 8.83 8.07 7.74 7.62 7.58 7.64 7.76 8.45 9.65 10.50 10.63 10.54 10.99 11.55 11.64 11.81 12.37 12.88 12.94 12.45 12.01 11.62 11.34 11.30 11.29 11.08 10.82 10.65 10.48 10.27 10.06 9.84 9.48 8.82 7.98 7.18 6.54 6.58 7.56 8.78 9.87 10.73 11.15 11.56 11.95 12.17 11.97 11.48 11.11 10.73 10.22 9.59 9.00 8.04 7.59 7.95 9.09 10.46 11.12 10.89 9.96 8.68 7.68 7.12 7.16 7.76 8.66 9.37 9.67 9.57 9.18 8.63 8.11 7.81 7.68 7.52 7.28
12.47 11.16 9.46 8.80 8.31 7.84 7.31 6.73 6.43 6.63 7.40 8.48 9.15 9.44 10.21 11.09 11.33 11.08 11.53 12.24 12.37 11.86 11.34 10.76 10.39 10.58 10.90 11.08 11.22 11.40 11.56 11.61 11.48 11.13 10.70 10.12 9.42 8.65 7.84 7.25 7.21 7.72 8.78 9.99 10.74 11.14 11.45 11.79 11.79 11.53 11.27 11.07 10.78 9.88 8.70 7.58 7.05 6.99 7.39 8.20 9.26 9.92 9.71 8.69 7.65 6.87 6.38 6.23 6.40 6.79 7.25 7.59 7.72 7.67 7.48 7.24 7.03 6.86 6.75
12.46 11.52 10.17 9.69 9.12 8.35 7.42 6.31 5.59 5.40 5.74 6.78 7.81 8.68 9.77 10.99 11.78 11.53 11.06 10.89 10.89 10.82 10.66 10.33 10.23 10.48 10.78 10.93 11.12 11.53 11.99 12.24 12.07 11.77 11.44 11.10 10.69 10.12 9.29 8.21 7.29 6.93 7.19 8.04 9.03 9.56 9.83 10.08 10.44 10.61 10.82 11.12 11.24 11.12 10.50 9.62 9.27 9.00 8.62 8.27 8.14 8.36 8.48 8.16 7.56 6.92 6.37 6.03 5.99 6.17 6.46 6.77 6.98 7.05 6.97 6.74 6.42 6.20 6.22
12.23 11.81 11.25 10.81 10.21 8.98 7.64 6.31 5.42 5.16 5.12 5.49 6.56 7.80 8.91 10.11 11.28 11.38 10.45 9.56 9.25 9.53 9.99 10.28 10.40 10.59 10.83 10.86 10.84 11.18 11.79 12.27 12.44 12.55 12.70 12.95 12.93 12.48 11.61 10.36 8.87 7.49 6.70 6.44 6.70 7.40 7.84 8.13 8.71 9.54 10.19 10.85 11.47 12.20 12.58 12.45 11.80 11.09 10.28 9.34 8.43 7.90 7.83 7.84 7.62 7.13 6.54 6.19 6.23 6.47 6.71 6.89 7.00 6.98 6.88 6.70 6.41 6.10 6.00
12.12 12.20 12.44 12.09 11.31 10.05 8.56 7.32 6.53 5.95 5.56 5.51 6.10 7.02 7.77 8.65 9.80 10.30 9.76 8.91 8.44 8.60 9.15 9.74 10.09 10.37 10.83 11.19 11.20 11.16 11.61 12.33 13.05 13.84 14.71 15.42 15.67 15.35 14.62 13.49 11.91 10.03 8.18 6.88 6.44 6.82 7.74 8.37 8.94 9.42 9.80 10.04 10.38 11.08 11.87 12.18 11.78 11.01 10.15 9.33 8.60 8.10 7.89 7.98 8.09 7.90 7.32 6.79 6.60 6.72 6.97 7.14 7.22 7.29 7.41 7.54 7.57 7.48 7.19
11.78 12.51 13.30 13.08 12.29 11.34 10.03 9.08 8.55 8.11 7.37 6.76 6.64 6.78 6.90 7.36 8.34 9.21 9.41 9.05 8.61 8.35 8.51 9.06 9.61 10.00 10.48 11.09 11.51 11.67 12.08 12.79 13.71 14.59 15.31 15.80 16.06 16.11 16.01 15.65 14.81 13.40 11.57 9.62 8.17 8.08 8.68 9.40 9.77 9.74 9.60 8.98 8.43 7.85 8.33 9.28 9.76 9.59 9.21 8.81 8.44 8.13 7.88 7.98 8.64 9.04 8.83 8.22 7.49 7.06 7.21 7.63 8.02 8.41 8.84 9.23 9.59 9.80 9.67
11.44 12.16 13.46 13.72 13.24 12.69 12.07 11.69 11.39 10.89 10.10 9.08 8.04 7.21 6.67 6.53 7.36 8.62 9.49 9.72 9.49 9.10 8.94 9.19 9.64 9.98 10.19 10.59 11.42 12.31 12.91 13.38 13.70 13.79 13.58 13.27 13.49 14.27 15.07 15.63 15.77 15.29 14.19 12.41 10.47 9.33 9.07 9.48 9.80 9.73 9.34 8.66 7.71 6.80 6.55 7.00 7.86 8.44 8.63 8.60 8.43 8.21 8.01 8.09 8.88 9.89 10.29 9.83 8.88 7.91 7.88 8.60 9.32 9.85 10.41 10.93 11.34 11.51 11.40
10.30 10.80 12.34 13.66 14.24 14.35 14.31 14.27 14.18 13.58 12.69 11.61 10.30 8.69 7.32 6.82 7.29 8.47 9.61 10.23 10.32 10.13 9.88 9.81 9.98 10.32 10.61 11.03 11.79 12.60 12.86 12.75 12.31 11.65 10.81 10.25 10.48 11.37 12.42 13.38 14.21 14.85 14.96 14.24 12.67 10.83 9.80 9.55 9.44 9.24 8.81 8.66 8.27 7.48 6.74 6.50 6.99 7.82 8.44 8.70 8.69 8.65 8.69 8.81 9.29 10.09 10.82 10.94 10.33 9.53 9.16 9.60 10.08 10.62 11.10 11.41 11.39 11.11 10.48
9.28 9.04 9.87 12.04 13.75 14.64 14.92 14.94 14.98 14.71 14.12 13.32 12.34 10.79 9.16 8.23 8.14 8.58 9.19 9.80 10.24 10.40 10.25 10.04 10.11 10.47 10.91 11.24 11.39 11.33 10.98 10.26 9.38 8.63 8.25 8.31 8.61 8.94 9.27 10.01 11.05 12.27 13.52 14.24 13.97 12.58 10.95 10.02 9.21 8.35 7.87 7.92 7.72 7.28 6.78 6.55 6.83 7.61 8.49 9.09 9.35 9.43 9.55 9.64 9.67 9.86 10.55 11.35 11.50 11.07 10.65 10.57 10.81 11.10 11.06 10.55 9.66 8.62 7.80
10.03 9.35 8.95 9.70 11.17 12.45 12.99 13.11 13.08 13.14 13.24 13.20 13.01 12.41 11.35 10.12 9.30 8.86 8.64 8.71 9.24 9.75 9.85 9.70 9.67 9.74 9.78 9.56 8.96 8.23 7.58 6.88 6.37 6.12 6.16 6.47 6.58 6.54 6.64 7.09 7.81 8.81 10.16 11.75 12.92 12.84 11.78 10.59 9.67 8.57 7.66 7.01 6.73 6.72 6.70 6.77 7.11 7.77 8.66 9.58 10.16 10.31 10.21 10.16 10.11 10.17 10.73 11.67 12.25 12.14 11.75 11.52 11.41 11.03 10.12 8.75 7.41 6.78 6.68
10.85 10.81 9.91 8.89 8.38 8.76 9.22 9.22 9.03 9.31 9.95 10.73 11.34 11.83 11.91 11.34 10.33 9.38 8.59 8.10 8.25 8.85 9.17 9.07 8.72 8.22 7.65 7.00 6.26 5.62 5.33 5.44 5.76 5.90 5.71 5.33 5.04 5.18 5.46 5.64 5.80 6.16 6.92 8.32 10.16 11.83 11.91 11.34 10.67 9.84 8.54 7.43 7.04 7.17 7.41 7.60 7.78 8.15 8.81 9.79 10.79 11.22 11.26 11.20 11.24 11.48 11.90 12.48 13.00 13.01 12.57 12.08 11.34 10.08 8.73 7.66 7.12 6.97 7.23
10.71 10.82 10.32 9.00 7.08 5.99 5.66 5.46 5.38 5.43 5.84 6.51 7.54 8.76 10.13 10.90 10.74 9.92 8.97 8.26 8.16 8.54 8.81 8.63 8.03 7.26 6.55 6.17 5.96 5.63 5.42 5.76 6.60 7.16 7.01 6.54 6.06 5.90 6.14 6.42 6.41 6.38 6.76 7.86 9.50 11.38 12.10 12.07 11.54 10.61 9.55 8.80 8.47 8.57 8.72 8.78 8.72 8.78 9.28 10.30 11.43 12.40 12.93 13.02 13.01 13.26 13.61 14.02 14.44 14.46 13.80 12.57 10.94 9.61 8.87 8.56 8.47 8.33 8.39
10.00 9.59 9.19 8.65 7.05 5.60 4.82 4.52 4.39 4.55 4.81 5.13 5.70 6.71 8.07 9.54 10.31 10.18 9.58 9.08 8.93 8.96 8.93 8.66 8.16 7.59 7.18 7.12 7.28 7.26 6.84 6.53 6.99 8.02 8.63 8.74 8.43 7.94 7.78 8.11 8.52 8.89 9.31 10.14 11.23 12.10 12.47 12.69 12.43 11.65 10.66 10.06 9.83 9.83 9.92 10.06 10.01 10.12 10.62 11.50 12.65 13.76 14.57 14.89 14.74 14.58 14.73 15.18 15.74 15.75 15.04 13.66 11.64 10.73 10.68 10.76 10.65 10.29 10.01
10.37 9.67 8.92 8.47 7.91 7.12 6.49 6.32 6.55 7.06 7.52 7.77 8.00 8.14 8.35 8.77 9.56 10.10 10.14 9.99 9.78 9.50 9.21 8.96 8.68 8.43 8.29 8.27 8.50 8.83 8.73 8.03 7.72 8.33 9.36 10.17 10.40 10.10 9.67 9.81 10.56 11.20 11.72 12.10 12.24 12.03 12.04 12.55 12.84 12.57 11.73 10.97 10.66 10.73 10.91 11.12 11.38 11.53 12.08 12.91 13.70 14.29 14.79 15.17 15.18 14.85 14.52 14.53 15.14 15.74 16.00 15.82 14.56 13.88 13.97 14.17 14.16 13.70 13.27
11.03 10.72 9.93 9.24 9.08 9.19 9.30 9.62 10.23 10.85 11.35 11.62 11.53 10.87 9.91 9.27 9.39 9.96 10.34 10.41 10.28 10.03 9.74 9.50 9.30 9.17 9.06 9.00 9.21 9.82 10.35 10.25 9.82 9.65 10.13 11.13 12.02 12.23 12.08 12.09 12.41 12.76 12.80 12.38 11.45 10.43 10.15 10.94 12.15 12.57 12.48 11.95 11.67 11.66 11.78 11.82 12.04 12.39 12.99 13.40 13.43 13.21 13.12 13.43 13.91 14.10 13.85 13.32 13.27 14.17 15.87 17.03 17.67 17.61 17.57 18.02 18.42 18.38 17.98
11.03 10.72 10.02 9.42 9.85 10.56 11.45 12.38 13.17 13.58 13.71 13.64 13.33 12.51 11.49 10.57 10.15 10.22 10.48 10.60 10.63 10.64 10.57 10.43 10.13 9.85 9.76 9.76 9.86 10.38 11.32 12.09 12.46 12.60 12.74 13.18 13.69 13.86 13.90 13.85 13.64 13.17 12.40 11.31 10.00 8.88 8.53 9.22 10.94 12.15 12.74 12.84 12.75 12.54 12.38 12.18 12.38 12.81 12.90 12.69 11.95 11.12 10.61 10.70 11.42 12.25 12.64 12.35 11.74 12.00 13.80 15.89 17.36 17.99 18.46 19.29 19.88 20.01 19.75
10.80 10.26 9.46 9.45 10.43 11.77 12.85 13.62 14.08 14.05 13.76 13.50 13.28 12.89 12.43 11.78 11.14 10.73 10.71 10.88 11.09 11.36 11.66 11.79 11.61 11.18 11.06 11.05 11.05 11.36 12.27 13.46 14.40 14.99 15.20 15.03 14.74 14.45 14.22 13.89 13.19 12.07 10.80 9.63 8.81 8.38 8.32 9.03 10.61 12.05 13.23 13.94 14.11 13.82 13.32 12.96 12.92 12.65 12.21 11.29 10.12 9.01 8.12 7.65 8.12 8.77 9.46 9.75 9.49 9.48 10.26 11.91 13.65 14.87 15.86 16.73 17.23 17.39 17.68
11.75 11.00 10.44 11.10 12.18 13.04 13.38 13.46 13.34 12.80 12.36 12.16 12.04 12.15 12.23 12.01 11.54 11.08 11.02 11.35 11.90 12.56 13.19 13.60 13.68 13.40 13.14 13.06 13.08 13.30 13.90 14.62 15.12 15.26 15.04 14.55 14.04 13.42 12.90 12.17 11.16 10.09 9.13 8.41 8.22 8.50 9.07 10.10 11.12 12.41 13.53 14.21 14.68 14.99 14.60 13.92 13.15 12.26 11.22 9.77 8.38 7.14 5.77 4.86 4.65 4.73 4.94 5.45 5.94 6.10 6.85 7.69 8.69 9.58 10.44 11.36 11.50 11.79 12.47
12.40 12.62 13.34 13.83 13.89 13.69 13.09 12.46 11.78 11.34 11.13 10.92 10.80 10.94 11.21 11.40 11.32 11.18 11.35 11.85 12.62 13.45 14.19 14.81 15.04 15.04 14.95 14.92 15.02 15.15 15.13 14.84 14.30 13.58 12.74 12.07 11.84 11.41 10.74 9.81 8.84 8.38 8.17 8.25 8.58 9.04 9.83 10.65 11.53 12.50 13.07 13.59 14.17 14.80 14.97 14.37 13.18 11.77 10.25 8.80 7.40 5.90 4.62 3.66 3.02 2.79 2.75 2.92 3.40 4.03 4.58 5.08 5.49 5.90 6.23 6.95 7.59 8.33 9.13
12.13 13.16 14.50 14.66 14.20 13.43 12.41 11.63 10.75 10.46 10.42 10.21 10.04 10.06 10.28 10.68 10.96 11.18 11.47 11.67 11.92 12.30 12.91 13.77 14.42 14.88 15.18 15.36 15.40 15.19 14.51 13.34 11.95 10.95 10.31 9.89 9.53 9.05 8.49 8.05 7.75 7.75 8.06 8.71 9.24 9.76 10.40 10.92 11.51 11.88 11.91 12.02 12.48 13.24 13.87 13.87 13.10 11.82 10.28 9.01 7.80 6.42 5.29 4.40 3.75 3.50 3.53 3.75 4.06 4.11 4.02 3.95 3.81 3.86 4.10 4.67 5.68 6.84 7.61
11.54 12.44 13.65 13.91 13.51 12.58 11.66 10.97 10.36 10.03 9.86 9.59 9.47 9.49 9.74 10.21 10.71 11.05 11.14 10.87 10.44 10.17 10.39 11.14 12.35 13.36 14.03 14.28 14.09 13.40 12.25 10.78 9.39 8.59 8.23 7.90 7.41 7.15 7.14 7.34 7.73 8.26 8.91 9.39 10.04 10.80 11.17 11.41 11.37 11.06 10.86 10.97 11.30 11.80 12.42 12.93 13.02 12.52 11.38 10.11 9.06 8.12 7.31 6.70 6.22 5.89 5.95 5.97 5.57 4.93 4.23 3.77 3.34 2.92 2.96 3.53 4.36 5.11 5.70
11.05 11.05 11.69 12.47 12.72 12.32 11.42 10.42 9.90 9.57 9.25 9.04 8.90 8.97 9.40 9.99 10.59 10.92 10.94 10.66 10.31 10.12 10.28 10.86 11.75 12.43 12.68 12.52 11.96 11.10 10.02 9.00 7.99 7.26 6.77 6.52 6.55 6.78 6.99 7.40 8.24 9.23 9.77 10.28 10.99 11.67 12.05 11.98 11.38 10.62 10.16 10.11 10.31 10.78 11.52 12.28 13.00 13.32 12.91 11.85 10.86 10.15 9.60 9.16 8.82 8.59 8.37 7.74 6.72 5.90 5.34 4.59 3.76 3.13 2.95 3.20 3.42 3.47 3.87
10.75 10.36 10.28 11.10 12.17 12.74 12.40 11.20 10.33 9.88 9.44 9.24 9.14 9.18 9.52 10.11 10.70 11.19 11.49 11.58 11.70 11.98 12.40 12.69 12.59 12.11 11.44 10.73 10.01 9.42 8.77 8.17 7.70 7.37 7.02 6.79 7.01 7.61 7.95 8.10 8.72 9.51 10.25 11.03 11.71 12.27 12.51 12.29 11.59 10.58 9.56 8.99 9.17 9.88 10.85 11.92 12.91 13.75 14.09 13.76 13.13 12.61 12.31 12.05 11.72 11.18 10.42 9.63 8.82 8.21 7.36 6.29 5.08 4.34 3.94 3.66 3.38 3.20 3.45
10.57 10.07 9.60 10.12 11.34 12.73 13.41 12.93 12.00 11.43 11.05 10.68 10.62 10.61 10.63 10.68 11.01 11.56 12.16 12.60 12.94 13.20 13.22 12.86 12.06 10.98 9.99 9.19 8.54 8.27 8.28 8.20 8.09 8.26 8.40 8.30 8.23 8.65 9.18 9.21 9.22 9.59 10.43 11.30 11.97 12.38 12.44 12.28 11.88 10.97 9.53 8.50 8.51 9.27 10.27 11.32 12.34 13.53 14.34 14.67 14.85 15.04 15.44 15.75 15.37 14.55 13.34 12.32 11.81 11.12 9.71 8.06 6.90 6.33 5.81 5.04 4.42 4.20 4.26
10.16 9.41 8.69 9.01 9.95 11.79 13.28 13.75 13.22 12.63 12.28 11.88 11.77 11.82 11.78 11.49 11.27 11.45 11.97 12.45 12.64 12.43 11.74 10.72 9.75 8.97 8.44 8.06 7.80 7.88 8.28 8.84 9.20 9.33 9.60 9.82 9.76 9.81 10.25 10.27 10.04 10.07 10.72 11.30 11.80 11.93 11.79 11.81 12.03 11.84 10.78 9.35 8.73 9.00 9.50 10.42 11.68 13.04 13.95 14.62 15.12 15.72 16.55 17.25 17.81 17.65 16.74 15.66 14.60 13.47 12.07 10.52 9.53 8.77 7.97 7.16 6.64 6.40 6.14
10.08 9.48 8.75 8.59 9.05 10.33 12.19 13.44 13.57 12.96 12.17 11.48 11.23 11.30 11.47 11.44 11.08 10.99 11.14 11.16 10.87 10.16 9.16 8.18 7.49 7.07 6.98 7.18 7.47 7.95 8.85 9.80 10.34 10.57 10.68 10.91 11.12 11.14 11.12 11.17 11.09 11.04 11.03 11.14 11.07 10.78 10.48 10.80 11.79 12.53 12.39 11.39 9.98 9.48 9.59 10.35 11.60 12.85 13.48 13.92 14.09 14.67 15.43 16.25 17.36 18.06 18.09 17.92 17.24 16.31 15.55 14.74 13.59 11.96 10.45 9.71 9.45 9.23 8.51
10.72 10.61 10.03 9.32 9.16 9.63 11.02 12.67 13.56 13.42 12.45 11.40 10.75 10.45 10.49 10.69 10.56 10.57 10.37 9.68 8.68 7.67 6.85 6.25 5.83 5.62 5.63 5.91 6.59 7.81 9.17 10.09 10.82 11.32 11.58 11.77 11.87 11.78 11.60 11.55 11.65 11.50 11.31 10.93 10.27 9.40 9.21 9.72 10.82 12.30 13.00 12.75 11.76 10.78 10.57 10.89 11.50 12.29 12.72 12.80 12.54 12.27 12.07 12.57 13.93 15.64 16.99 18.01 18.66 18.69 18.68 18.38 17.46 15.96 14.08 12.97 12.27 11.42 10.16
10.81 10.60 10.34 9.87 9.49 9.49 10.19 11.70 13.21 13.96 13.74 12.77 11.82 11.01 10.51 10.25 10.27 10.20 9.57 8.41 7.21 6.40 5.88 5.52 5.30 5.27 5.21 5.02 5.25 6.31 7.68 8.65 9.52 10.35 11.03 11.45 11.48 11.46 11.34 11.33 11.37 11.34 11.30 10.98 10.45 9.55 9.03 9.15 9.78 10.91 12.32 12.89 12.74 11.89 11.31 10.95 10.95 11.16 11.43 11.19 10.80 10.17 9.64 9.74 10.55 12.09 14.11 15.93 17.33 18.16 18.75 19.17 19.00 18.43 17.44 16.07 14.34 12.40 10.44
9.72 8.96 8.45 8.68 8.87 8.94 9.23 10.29 12.02 13.49 14.13 13.70 12.75 11.81 11.12 10.54 10.22 9.73 8.85 7.86 7.22 6.96 6.43 6.20 5.97 6.03 6.05 5.59 5.02 4.95 5.34 6.03 6.81 7.71 8.65 9.42 9.95 10.31 10.58 10.84 10.75 10.64 10.50 10.32 10.16 9.68 8.92 8.60 8.78 9.46 10.65 12.05 12.49 12.11 11.36 10.54 10.19 10.07 10.16 9.83 9.29 8.44 7.94 8.26 9.06 10.02 11.26 12.55 13.81 14.78 15.56 16.41 17.34 17.89 17.97 17.58 15.83 13.10 10.89
8.65 7.63 6.64 6.88 7.29 7.38 7.44 8.24 9.75 11.64 13.05 13.45 12.90 12.01 11.33 10.71 10.16 9.50 8.89 8.93 8.41 8.46 8.36 8.08 7.83 7.89 7.84 7.43 6.56 5.72 5.47 5.51 5.61 5.89 6.52 7.49 8.57 9.22 9.79 10.20 10.06 9.69 8.98 8.21 7.52 7.29 7.20 7.07 7.22 8.06 9.15 10.51 11.54 11.53 10.77 10.01 9.62 9.61 9.55 9.29 8.60 7.37 7.03 7.33 8.07 8.79 9.43 9.98 10.59 11.28 11.36 12.06 13.50 15.04 16.36 17.39 17.19 15.30 12.83
9.35 8.47 7.54 7.32 6.90 6.55 6.46 6.75 7.67 9.33 11.25 12.60 12.88 12.23 11.42 10.69 10.11 9.69 9.97 9.72 10.14 10.39 10.55 10.44 10.22 10.09 9.95 9.44 8.65 7.82 7.33 7.06 6.67 6.27 6.30 6.94 7.88 8.55 9.16 9.62 9.57 9.04 7.90 6.26 5.34 5.22 5.50 5.88 6.46 7.19 8.08 9.20 10.35 10.78 10.20 9.84 9.68 9.75 9.65 9.61 9.05 7.96 7.48 7.23 7.28 7.27 7.59 8.20 8.82 9.37 9.49 9.67 10.61 12.12 13.50 15.49 17.20 17.21 15.53
