project/data/elevation/US_DEM2016/US_DEM2016_point_10-29-2019_1515_30m_vel.asc
ncols	125
nrows	167
xllcorner	-2042055.000000
yllcorner	1465035.000000
cellsize	30.000000
NODATA_value	-9999.000000
[rows 76 to 113 of 167, columns 0 to 83 of 125]
4.62 4.54 4.48 4.52 4.63 4.81 5.16 5.58 5.74 5.56 5.27 5.11 5.32 5.82 6.29 6.70 6.89 6.91 6.49 5.99 5.68 5.51 5.29 5.09 5.00 4.98 4.89 4.90 5.01 5.13 5.10 4.90 4.49 4.20 4.17 4.27 4.33 4.24 4.06 3.89 3.84 3.98 4.24 4.31 4.26 4.19 4.17 4.07 4.00 4.02 4.02 3.98 3.91 3.95 4.12 4.31 4.45 4.45 4.46 4.54 4.57 4.31 3.76 3.24 2.96 2.96 3.18 3.40 3.67 3.97 4.17 4.38 4.86 5.52 6.15 6.82 7.47 7.75 7.50 6.84 5.84 4.54 3.89 3.73
4.64 4.57 4.56 4.63 4.80 5.12 5.38 5.39 5.06 4.55 4.26 4.40 4.90 5.57 6.16 6.51 6.87 6.20 5.79 5.43 5.18 5.04 4.95 4.90 4.90 4.91 4.84 4.83 4.88 5.06 5.22 5.22 5.02 4.87 4.79 4.71 4.53 4.25 4.01 3.93 4.02 4.16 4.22 4.10 4.01 3.99 4.02 3.95 3.84 3.79 3.76 3.72 3.68 3.83 4.10 4.34 4.50 4.57 4.61 4.59 4.35 3.84 3.42 3.32 3.48 3.77 3.99 4.19 4.56 5.19 5.66 6.18 6.84 7.44 7.86 8.18 8.23 7.94 7.16 6.45 5.69 4.68 3.98 3.62
4.59 4.41 4.35 4.49 4.63 4.82 4.82 4.55 4.24 4.16 4.31 4.66 5.23 5.92 6.38 6.45 6.21 5.84 5.49 5.16 4.90 4.73 4.65 4.62 4.62 4.63 4.62 4.65 4.72 4.87 5.13 5.34 5.40 5.30 5.15 4.93 4.62 4.29 4.13 4.08 4.04 3.93 3.78 3.63 3.52 3.41 3.24 3.05 2.97 2.97 3.04 3.20 3.48 3.85 4.17 4.42 4.62 4.69 4.62 4.39 3.99 3.59 3.53 3.80 4.29 4.66 5.01 5.47 6.07 6.49 6.91 7.40 7.68 8.16 8.69 8.03 7.76 6.94 6.41 6.16 5.99 5.58 5.00 4.47
4.48 4.21 4.08 4.22 4.30 4.33 4.34 4.36 4.51 4.77 5.07 5.47 6.04 6.52 6.62 6.35 5.95 5.57 5.26 4.99 4.73 4.53 4.41 4.33 4.28 4.24 4.22 4.28 4.29 4.39 4.53 4.86 5.09 5.12 5.00 4.79 4.50 4.22 4.02 3.81 3.59 3.39 3.28 3.31 3.23 3.03 2.79 2.70 2.80 3.02 3.31 3.68 4.08 4.36 4.46 4.48 4.46 4.30 3.98 3.60 3.33 3.34 3.64 4.22 4.89 5.48 6.12 6.63 6.82 6.95 7.08 7.26 7.46 7.43 7.21 6.84 6.61 5.84 5.58 5.64 5.86 5.93 5.71 5.32
4.37 4.15 4.07 4.26 4.37 4.42 4.52 4.77 5.13 5.42 5.76 6.23 6.67 6.73 6.44 5.97 5.50 5.15 4.88 4.66 4.45 4.29 4.16 4.06 3.98 3.92 3.82 3.68 3.50 3.52 3.59 3.87 4.25 4.55 4.63 4.55 4.36 4.23 4.06 3.85 3.70 3.64 3.67 3.74 3.64 3.47 3.31 3.35 3.55 3.89 4.26 4.55 4.71 4.74 4.58 4.41 4.18 3.89 3.58 3.36 3.33 3.57 4.05 4.78 5.53 6.24 6.67 6.68 6.51 6.41 6.40 6.38 6.29 6.06 5.84 5.68 5.52 5.33 5.14 5.01 5.19 5.56 5.73 5.61
4.31 4.21 4.27 4.53 4.71 4.80 4.91 5.16 5.49 5.82 6.22 6.58 6.68 6.38 5.86 5.36 4.94 4.58 4.33 4.12 3.99 3.93 3.90 3.82 3.76 3.68 3.46 3.04 2.71 2.62 2.62 2.82 3.24 3.77 4.12 4.33 4.37 4.48 4.49 4.50 4.54 4.63 4.71 4.63 4.49 4.38 4.29 4.34 4.52 4.62 4.64 4.61 4.57 4.51 4.47 4.42 4.37 4.40 4.40 4.37 4.41 4.60 4.99 5.60 6.16 6.46 6.31 5.82 5.56 5.65 5.76 5.72 5.60 5.34 5.21 5.15 5.17 5.20 5.10 4.81 4.73 4.91 5.26 5.44
4.41 4.40 4.44 4.55 4.70 4.88 5.09 5.37 5.71 6.06 6.36 6.45 6.19 5.67 5.17 4.82 4.51 4.20 3.92 3.74 3.66 3.60 3.53 3.54 3.56 3.51 3.33 2.94 2.40 2.21 2.24 2.48 2.80 3.14 3.62 4.08 4.35 4.57 4.73 4.92 5.12 5.25 5.25 5.10 4.96 4.93 4.92 4.90 4.89 4.71 4.48 4.42 4.51 4.59 4.56 4.56 4.65 4.86 5.00 5.11 5.24 5.44 5.76 6.09 6.31 6.10 5.55 5.18 5.17 5.38 5.49 5.39 5.21 5.03 4.98 4.95 4.96 5.04 5.12 4.92 4.70 4.57 4.64 4.96
4.58 4.60 4.56 4.48 4.57 4.83 5.15 5.51 5.84 6.08 6.17 6.00 5.59 5.12 4.77 4.50 4.23 3.98 3.75 3.58 3.42 3.28 3.19 3.23 3.38 3.44 3.50 3.44 3.08 2.85 2.91 3.11 3.16 3.23 3.48 3.87 4.14 4.38 4.65 4.97 5.15 5.13 5.03 4.89 4.86 4.94 5.01 4.99 4.92 4.80 4.79 4.88 4.92 4.86 4.69 4.66 4.70 4.79 4.98 5.21 5.46 5.70 5.94 6.05 5.95 5.56 5.20 5.19 5.32 5.39 5.31 5.03 4.69 4.45 4.33 4.40 4.49 4.58 4.68 4.74 4.62 4.39 4.17 4.38
4.61 4.64 4.64 4.60 4.71 4.97 5.28 5.61 5.84 5.91 5.81 5.51 5.11 4.77 4.49 4.22 3.96 3.74 3.57 3.39 3.16 2.99 2.99 3.15 3.41 3.70 4.02 4.31 4.48 4.50 4.42 4.21 3.99 3.84 3.81 3.91 4.15 4.49 4.84 4.99 4.86 4.65 4.58 4.66 4.76 4.93 5.12 5.26 5.38 5.46 5.41 5.28 5.08 4.88 4.73 4.71 4.76 4.88 5.13 5.32 5.52 5.66 5.75 5.72 5.50 5.24 5.16 5.30 5.34 5.22 4.93 4.53 4.04 3.63 3.36 3.39 3.57 3.75 3.95 4.14 4.25 4.16 3.88 3.90
4.57 4.60 4.67 4.79 4.99 5.22 5.42 5.59 5.70 5.65 5.46 5.14 4.78 4.47 4.20 3.93 3.65 3.38 3.18 3.02 2.94 3.00 3.22 3.55 3.94 4.29 4.62 4.96 5.31 5.50 5.43 5.11 4.71 4.42 4.29 4.26 4.54 4.94 4.99 4.76 4.44 4.35 4.51 4.72 4.84 5.05 5.38 5.67 5.90 5.99 5.83 5.49 5.17 4.96 4.79 4.77 4.88 5.06 5.21 5.25 5.28 5.29 5.33 5.34 5.19 5.06 4.99 5.05 4.99 4.83 4.59 4.63 3.89 3.43 2.99 2.88 2.82 2.78 2.89 3.13 3.45 3.62 3.60 3.58
4.58 4.62 4.74 4.95 5.18 5.30 5.33 5.38 5.46 5.41 5.19 4.87 4.52 4.20 3.92 3.61 3.25 2.92 2.78 2.81 2.97 3.30 3.70 4.10 4.48 4.74 4.88 5.03 5.25 5.42 5.44 5.37 5.13 4.82 4.64 4.61 4.79 4.88 4.60 4.26 4.14 4.24 4.36 4.48 4.64 4.96 5.39 5.54 5.75 5.91 5.92 5.74 5.49 5.24 4.95 4.83 4.86 4.87 4.84 4.83 4.77 4.77 4.91 5.05 5.01 4.90 4.76 4.66 4.58 4.54 4.49 4.46 4.39 4.22 3.73 3.20 2.77 2.46 2.29 2.34 2.51 2.73 2.90 3.00
4.62 4.67 4.77 4.92 5.02 4.99 4.99 5.12 5.27 5.25 4.99 4.65 4.29 3.96 3.57 3.17 2.89 2.85 3.02 3.20 3.38 3.63 3.96 4.34 4.67 4.83 4.82 4.78 4.83 4.85 4.97 5.18 5.30 5.24 5.06 4.87 4.65 4.36 4.09 4.02 4.02 3.99 3.92 3.98 4.32 4.73 4.95 4.91 4.95 5.10 5.20 5.27 5.29 5.24 5.09 4.90 4.74 4.59 4.53 4.53 4.54 4.66 4.86 4.97 4.93 4.81 4.69 4.56 4.46 4.50 4.62 4.73 4.85 5.02 5.03 4.56 3.97 3.41 3.05 2.81 2.59 2.44 2.47 2.69
4.63 4.65 4.68 4.70 4.67 4.67 4.87 5.20 5.34 5.17 4.81 4.43 4.06 3.65 3.24 3.06 3.17 3.54 3.78 3.90 3.95 4.03 4.22 4.47 4.62 4.64 4.56 4.53 4.60 4.65 4.77 4.97 5.22 5.36 5.34 5.07 4.57 4.15 3.96 3.99 3.94 3.86 3.86 4.01 4.28 4.49 4.45 4.12 3.84 3.69 3.75 3.88 4.10 4.37 4.53 4.61 4.60 4.57 4.58 4.66 4.78 4.89 4.93 4.91 4.86 4.76 4.65 4.56 4.52 4.62 4.81 4.87 4.98 5.27 5.59 5.66 5.46 5.12 4.75 4.36 3.88 3.50 3.47 3.47
4.62 4.63 4.64 4.66 4.69 4.87 5.21 5.43 5.33 4.96 4.49 4.03 3.59 3.20 3.05 3.21 3.59 3.92 4.10 4.22 4.31 4.41 4.49 4.48 4.35 4.20 4.16 4.28 4.52 4.74 4.84 4.86 4.89 5.03 5.16 5.10 4.69 4.33 4.12 4.09 4.10 4.18 4.25 4.30 4.36 4.33 4.06 3.53 3.02 2.80 2.77 2.84 3.02 3.41 3.88 4.27 4.51 4.64 4.74 4.88 4.96 4.89 4.75 4.70 4.70 4.63 4.51 4.49 4.54 4.66 4.79 4.81 4.81 4.99 5.28 5.60 5.78 5.84 5.79 5.65 5.42 5.17 4.94 4.68
4.65 4.66 4.71 4.82 4.99 5.25 5.45 5.38 5.00 4.46 3.91 3.34 2.84 2.60 2.63 2.87 3.13 3.39 3.71 4.00 4.28 4.44 4.41 4.18 3.89 3.76 3.86 4.05 4.22 4.35 4.47 4.49 4.47 4.57 4.83 5.00 4.82 4.57 4.37 4.39 4.46 4.54 4.55 4.57 4.59 4.51 4.20 3.77 3.36 3.12 3.11 3.27 3.62 4.03 4.37 4.56 4.64 4.70 4.76 4.80 4.75 4.56 4.44 4.48 4.53 4.44 4.29 4.34 4.43 4.49 4.53 4.56 4.43 4.33 4.42 4.65 5.01 5.31 5.56 5.75 5.84 5.83 5.72 5.49
4.69 4.71 4.80 4.96 5.19 5.38 5.33 4.99 4.40 3.75 3.19 2.72 2.42 2.27 2.25 2.31 2.46 2.72 3.06 3.47 3.80 3.97 3.92 3.78 3.72 3.78 3.85 3.84 3.72 3.63 3.70 3.81 3.94 4.15 4.49 4.78 4.79 4.60 4.48 4.58 4.65 4.70 4.77 4.95 5.05 5.00 4.81 4.61 4.51 4.46 4.39 4.60 4.93 5.12 5.11 4.90 4.74 4.66 4.57 4.46 4.32 4.20 4.16 4.27 4.33 4.21 4.08 4.15 4.20 4.20 4.22 4.22 4.04 3.80 3.70 3.79 4.05 4.30 4.57 4.89 5.20 5.38 5.40 5.42
4.71 4.75 4.86 5.06 5.25 5.25 4.93 4.36 3.70 3.15 2.77 2.56 2.48 2.47 2.48 2.47 2.52 2.65 2.85 3.11 3.34 3.45 3.52 3.69 3.92 4.07 4.11 3.99 3.82 3.74 3.73 3.80 3.95 4.09 4.24 4.45 4.56 4.52 4.51 4.66 4.76 4.88 5.08 5.37 5.46 5.39 5.30 5.27 5.34 5.46 5.55 5.54 5.45 5.19 4.88 4.71 4.62 4.51 4.31 4.08 3.88 3.82 3.88 4.05 4.20 4.16 4.09 4.09 4.05 4.01 4.01 3.99 3.83 3.60 3.39 3.30 3.43 3.57 3.67 3.85 4.11 4.35 4.42 4.46
4.73 4.78 4.89 5.05 5.07 4.80 4.26 3.63 3.11 2.79 2.64 2.62 2.70 2.87 3.05 3.18 3.24 3.27 3.38 3.56 3.73 3.85 3.96 4.10 4.20 4.33 4.56 4.73 4.79 4.79 4.76 4.76 4.77 4.70 4.40 4.27 4.39 4.54 4.72 4.92 5.05 5.23 5.45 5.63 5.56 5.40 5.34 5.44 5.60 5.78 5.84 5.73 5.40 4.92 4.61 4.60 4.58 4.42 4.15 3.85 3.65 3.64 3.82 4.12 4.37 4.40 4.34 4.26 4.09 4.00 3.95 3.90 3.74 3.46 3.12 2.81 2.77 2.79 2.78 2.88 3.10 3.36 3.44 3.42
4.73 4.76 4.80 4.78 4.52 4.01 3.40 2.92 2.64 2.54 2.59 2.76 2.99 3.26 3.62 4.00 4.30 4.50 4.68 4.84 4.94 4.94 4.84 4.65 4.49 4.58 4.92 5.15 5.26 5.26 5.23 5.17 5.04 4.81 4.41 4.26 4.41 4.71 5.03 5.25 5.38 5.49 5.55 5.53 5.34 5.19 5.19 5.38 5.63 5.80 5.73 5.61 5.51 5.41 5.21 4.96 4.70 4.48 4.28 4.13 4.05 4.07 4.23 4.48 4.63 4.56 4.41 4.29 4.13 4.12 4.12 3.98 3.67 3.20 2.65 2.22 2.10 2.01 1.96 2.06 2.23 2.40 2.59 2.74
4.72 4.72 4.63 4.37 3.89 3.32 2.85 2.56 2.47 2.56 2.81 3.15 3.53 3.93 4.38 4.88 5.27 5.60 5.81 5.81 5.66 5.39 5.04 4.75 4.64 4.80 4.96 4.84 4.62 4.50 4.38 4.30 4.25 4.16 4.13 4.29 4.56 4.89 5.22 5.39 5.42 5.37 5.22 5.04 4.97 4.95 5.02 5.19 5.46 5.66 5.62 5.56 5.56 5.57 5.47 5.14 4.80 4.57 4.44 4.40 4.43 4.54 4.66 4.80 4.78 4.56 4.31 4.22 4.23 4.41 4.45 4.16 3.69 3.08 2.42 2.05 1.92 1.74 1.62 1.71 1.86 1.93 2.06 2.33
4.73 4.69 4.49 4.15 3.78 3.44 3.16 2.97 2.95 3.10 3.37 3.75 4.22 4.72 5.21 5.61 5.89 6.01 5.92 5.66 5.27 4.85 4.59 4.55 4.74 5.00 4.98 4.58 4.15 3.92 3.81 3.80 3.91 3.97 4.11 4.41 4.72 4.99 5.20 5.27 5.20 5.01 4.75 4.58 4.58 4.66 4.72 4.80 4.95 5.00 5.02 5.08 5.12 5.07 4.95 4.83 4.67 4.50 4.37 4.30 4.37 4.59 4.82 4.97 4.86 4.62 4.44 4.41 4.48 4.64 4.59 4.24 3.82 3.46 2.93 2.54 2.26 1.95 1.85 1.99 2.08 2.05 2.13 2.47
4.69 4.62 4.40 4.20 4.07 3.92 3.80 3.79 3.90 4.02 4.16 4.45 4.91 5.44 5.85 6.00 5.95 5.68 5.25 4.73 4.27 4.02 4.08 4.36 4.76 5.15 5.19 5.03 4.86 4.75 4.69 4.64 4.56 4.46 4.44 4.58 4.75 4.91 5.01 4.99 4.79 4.53 4.34 4.30 4.32 4.43 4.51 4.46 4.27 3.99 3.86 3.98 4.16 4.21 4.22 4.31 4.37 4.34 4.28 4.29 4.40 4.65 4.83 4.86 4.68 4.48 4.46 4.52 4.52 4.52 4.43 4.16 4.04 4.05 3.88 3.41 2.95 2.56 2.65 2.86 2.87 2.77 2.92 3.46
4.59 4.49 4.34 4.30 4.30 4.33 4.40 4.58 4.82 4.99 5.12 5.32 5.67 5.99 6.04 5.87 5.48 4.97 4.45 4.01 3.74 3.71 3.96 4.35 4.81 5.28 5.42 5.54 5.62 5.60 5.52 5.36 5.15 4.91 4.73 4.68 4.70 4.77 4.78 4.63 4.32 4.10 4.09 4.22 4.33 4.52 4.61 4.41 3.95 3.48 3.24 3.22 3.20 3.33 3.64 3.99 4.25 4.34 4.35 4.40 4.55 4.72 4.73 4.62 4.41 4.26 4.25 4.26 4.21 4.20 4.15 4.11 4.33 4.62 4.78 4.63 4.21 3.87 4.07 4.22 4.17 4.13 4.33 4.69
4.54 4.46 4.37 4.42 4.59 4.84 5.11 5.37 5.56 5.70 5.82 5.96 6.06 5.99 5.70 5.26 4.76 4.27 3.89 3.70 3.81 4.09 4.45 4.76 5.15 5.43 5.38 5.33 5.35 5.33 5.28 5.20 5.12 5.01 4.80 4.67 4.65 4.60 4.44 4.21 4.05 4.14 4.32 4.48 4.63 4.82 4.80 4.59 4.30 4.03 3.79 3.59 3.34 3.46 3.83 4.17 4.38 4.51 4.59 4.65 4.70 4.75 4.70 4.60 4.47 4.33 4.19 4.11 4.10 4.18 4.23 4.32 4.62 4.90 5.20 5.42 5.52 5.51 5.58 5.61 5.53 5.44 5.42 5.30
4.55 4.50 4.43 4.52 4.79 5.14 5.42 5.60 5.69 5.75 5.82 5.87 5.79 5.50 5.04 4.54 4.08 3.70 3.47 3.52 3.96 4.44 4.80 5.08 5.34 5.36 5.04 4.71 4.55 4.50 4.53 4.67 4.83 4.91 4.77 4.63 4.52 4.33 4.12 4.04 4.26 4.62 4.77 4.83 4.91 4.99 4.88 4.71 4.65 4.71 4.71 4.61 4.46 4.39 4.44 4.44 4.49 4.65 4.83 4.91 4.91 4.94 4.89 4.83 4.74 4.60 4.48 4.47 4.57 4.61 4.57 4.57 4.69 4.80 5.02 5.46 5.91 6.18 6.24 6.18 5.96 5.74 5.47 5.04
4.52 4.48 4.43 4.52 4.72 4.95 5.08 5.13 5.14 5.19 5.26 5.28 5.14 4.82 4.39 3.94 3.54 3.33 3.36 3.64 4.09 4.47 4.75 4.96 5.08 4.89 4.45 4.10 3.88 3.77 3.85 4.06 4.31 4.50 4.58 4.55 4.42 4.29 4.27 4.48 4.81 4.97 4.97 4.95 4.98 4.99 4.84 4.63 4.62 4.75 4.88 5.00 5.05 4.94 4.63 4.41 4.46 4.67 4.87 5.00 5.09 5.19 5.17 5.08 4.95 4.84 4.79 4.83 4.90 4.78 4.66 4.62 4.61 4.65 4.81 5.13 5.49 5.75 5.84 5.82 5.68 5.42 5.01 4.48
4.50 4.50 4.51 4.57 4.61 4.61 4.56 4.48 4.47 4.57 4.69 4.66 4.43 4.07 3.67 3.36 3.32 3.54 3.98 4.39 4.61 4.75 4.84 4.91 4.81 4.39 3.81 3.44 3.20 3.11 3.16 3.29 3.43 3.69 3.97 4.18 4.35 4.52 4.73 4.91 4.98 4.94 4.85 4.84 4.88 4.84 4.68 4.47 4.36 4.32 4.37 4.56 4.76 4.74 4.49 4.35 4.45 4.65 4.84 5.02 5.22 5.36 5.33 5.20 5.03 4.88 4.79 4.73 4.64 4.45 4.41 4.46 4.52 4.59 4.72 4.82 4.90 4.93 5.00 5.21 5.36 5.32 5.09 4.84
4.63 4.73 4.84 4.79 4.64 4.46 4.29 4.18 4.19 4.31 4.32 4.09 3.68 3.23 2.92 2.98 3.47 4.18 4.72 5.01 5.14 5.17 5.13 5.10 4.92 4.51 3.91 3.34 3.00 2.89 2.87 2.87 2.97 3.17 3.46 3.85 4.26 4.56 4.69 4.67 4.58 4.55 4.56 4.61 4.68 4.64 4.49 4.25 4.01 3.82 3.76 3.82 3.96 4.16 4.24 4.29 4.40 4.56 4.75 4.97 5.21 5.35 5.28 5.13 4.97 4.82 4.68 4.52 4.37 4.23 4.22 4.29 4.39 4.46 4.51 4.61 4.57 4.47 4.42 4.58 4.86 5.14 5.34 5.48
4.83 4.96 5.04 4.92 4.71 4.48 4.31 4.22 4.19 4.08 3.75 3.25 2.75 2.40 2.33 2.61 3.29 4.08 4.62 4.99 5.18 5.24 5.20 5.18 5.09 4.87 4.56 4.15 3.83 3.72 3.70 3.64 3.68 3.77 3.93 4.16 4.37 4.45 4.41 4.29 4.19 4.20 4.35 4.49 4.61 4.58 4.40 4.16 3.90 3.70 3.55 3.35 3.20 3.29 3.56 3.92 4.23 4.45 4.65 4.90 5.11 5.15 5.05 4.91 4.83 4.78 4.71 4.59 4.47 4.31 4.21 4.22 4.28 4.35 4.47 4.54 4.46 4.35 4.18 4.07 4.13 4.37 4.70 5.02
4.82 4.83 4.79 4.71 4.58 4.42 4.27 4.15 3.92 3.48 2.84 2.34 2.12 2.14 2.33 2.67 3.12 3.58 4.02 4.46 4.69 4.80 4.93 5.10 5.43 5.02 5.07 5.17 5.19 5.15 5.08 5.03 4.97 4.83 4.74 4.67 4.57 4.48 4.38 4.26 4.17 4.20 4.42 4.61 4.69 4.62 4.44 4.28 4.14 3.94 3.65 3.19 2.79 2.80 3.19 3.74 4.20 4.48 4.70 4.91 4.99 4.90 4.77 4.75 4.79 4.81 4.81 4.75 4.65 4.44 4.32 4.31 4.35 4.38 4.39 4.34 4.32 4.30 4.19 3.94 3.65 3.49 3.54 3.71
4.65 4.50 4.39 4.38 4.31 4.19 4.00 3.73 3.34 2.88 2.53 2.39 2.51 2.84 3.44 4.00 4.08 4.02 4.02 4.08 4.19 4.38 4.79 5.14 5.13 5.06 5.23 5.50 5.71 5.82 5.80 5.71 5.57 5.31 5.06 4.84 4.67 4.54 4.41 4.28 4.27 4.43 4.65 4.74 4.69 4.55 4.41 4.35 4.29 4.04 3.58 3.11 3.01 3.32 3.78 4.14 4.37 4.56 4.75 4.85 4.76 4.62 4.63 4.77 4.86 4.87 4.84 4.85 4.84 4.76 4.61 4.55 4.48 4.33 4.14 4.04 4.12 4.23 4.22 4.02 3.66 3.40 3.32 3.39
4.53 4.38 4.24 4.23 4.18 4.08 3.89 3.60 3.29 3.13 3.25 3.56 3.97 4.58 5.29 5.74 5.84 5.54 5.09 4.83 4.76 4.93 5.29 5.35 5.17 5.05 5.05 5.11 5.24 5.40 5.48 5.48 5.43 5.29 5.12 4.94 4.76 4.59 4.39 4.28 4.42 4.70 4.85 4.72 4.54 4.39 4.28 4.29 4.31 4.16 3.86 3.69 3.87 4.24 4.43 4.40 4.36 4.48 4.64 4.66 4.55 4.51 4.62 4.74 4.78 4.74 4.71 4.77 4.90 5.00 4.90 4.74 4.55 4.30 4.08 3.99 4.07 4.20 4.25 4.22 4.17 4.19 4.22 4.14
4.54 4.44 4.32 4.29 4.30 4.33 4.33 4.26 4.20 4.31 4.69 5.23 5.82 6.32 6.61 6.67 6.67 6.54 6.33 6.14 6.01 5.97 5.88 5.52 5.16 5.00 4.88 4.75 4.63 4.59 4.63 4.72 4.78 4.85 4.92 4.94 4.88 4.69 4.49 4.44 4.60 4.69 4.60 4.42 4.34 4.36 4.36 4.40 4.52 4.66 4.73 4.76 4.81 4.80 4.60 4.33 4.32 4.47 4.57 4.54 4.51 4.53 4.55 4.55 4.51 4.43 4.39 4.49 4.67 4.84 4.89 4.79 4.61 4.41 4.24 4.17 4.18 4.22 4.29 4.41 4.56 4.71 4.78 4.74
4.61 4.58 4.52 4.50 4.54 4.64 4.80 4.99 5.25 5.62 6.05 6.48 6.76 6.79 6.63 6.36 6.18 6.24 6.31 6.29 6.22 6.09 5.81 5.40 5.08 4.93 4.83 4.74 4.59 4.38 4.20 4.15 4.19 4.31 4.49 4.67 4.75 4.69 4.58 4.49 4.38 4.19 3.99 4.02 4.33 4.57 4.65 4.70 4.84 5.12 5.39 5.50 5.43 5.22 4.93 4.71 4.71 4.74 4.68 4.59 4.53 4.47 4.41 4.37 4.31 4.20 4.15 4.22 4.35 4.53 4.70 4.73 4.63 4.49 4.38 4.32 4.27 4.23 4.29 4.42 4.53 4.61 4.65 4.67
4.71 4.74 4.72 4.69 4.73 4.83 5.02 5.34 5.82 6.27 6.55 6.60 6.43 6.08 5.67 5.32 5.18 5.26 5.33 5.39 5.46 5.46 5.35 5.14 4.96 4.84 4.77 4.74 4.72 4.67 4.58 4.49 4.50 4.54 4.55 4.54 4.54 4.56 4.50 4.32 4.08 3.90 3.96 4.29 4.70 4.89 4.92 4.94 5.04 5.24 5.47 5.61 5.65 5.62 5.57 5.46 5.34 5.15 4.90 4.70 4.54 4.42 4.36 4.34 4.24 4.11 4.08 4.16 4.27 4.41 4.55 4.59 4.54 4.48 4.43 4.39 4.32 4.29 4.34 4.43 4.52 4.59 4.61 4.60
4.74 4.74 4.74 4.78 4.89 5.05 5.31 5.69 6.08 6.26 6.18 5.92 5.53 5.13 4.78 4.57 4.49 4.50 4.50 4.61 4.83 4.97 5.02 4.95 4.88 4.81 4.72 4.61 4.58 4.69 4.84 4.97 5.04 5.02 4.90 4.71 4.54 4.49 4.44 4.35 4.29 4.36 4.57 4.91 5.15 5.17 5.09 5.08 5.07 5.10 5.20 5.32 5.48 5.70 5.87 5.87 5.68 5.40 5.07 4.78 4.58 4.47 4.40 4.29 4.12 4.06 4.16 4.31 4.39 4.44 4.45 4.44 4.44 4.43 4.39 4.34 4.30 4.29 4.34 4.44 4.57 4.66 4.67 4.66
4.66 4.61 4.64 4.80 4.99 5.26 5.60 5.87 5.94 5.75 5.40 5.07 4.77 4.50 4.26 4.08 3.98 3.99 4.12 4.34 4.59 4.81 4.86 4.78 4.77 4.86 4.82 4.68 4.56 4.53 4.56 4.63 4.70 4.76 4.78 4.73 4.62 4.53 4.52 4.58 4.70 4.81 4.99 5.27 5.40 5.30 5.14 5.02 4.92 4.88 4.88 4.93 5.04 5.24 5.46 5.55 5.48 5.29 5.04 4.82 4.65 4.50 4.33 4.14 4.05 4.13 4.32 4.45 4.47 4.39 4.29 4.29 4.33 4.33 4.27 4.21 4.14 4.12 4.18 4.34 4.47 4.53 4.51 4.51
4.60 4.56 4.61 4.77 4.96 5.23 5.50 5.52 5.29 4.92 4.56 4.25 4.02 3.83 3.64 3.55 3.65 3.90 4.16 4.43 4.74 4.95 4.84 4.65 4.77 4.97 4.98 4.92 4.87 4.70 4.45 4.17 4.03 4.11 4.31 4.46 4.52 4.53 4.58 4.70 4.83 4.95 5.14 5.37 5.36 5.16 4.95 4.79 4.69 4.69 4.68 4.66 4.62 4.59 4.58 4.68 4.76 4.79 4.80 4.78 4.68 4.49 4.28 4.14 4.17 4.31 4.46 4.52 4.43 4.27 4.17 4.15 4.17 4.18 4.17 4.12 4.03 3.96 4.00 4.17 4.24 4.18 4.10 4.08
