project/data/elevation/US_DEM2016/US_DEM2016_point_10-31-2019_2106_30m_ang.asc
ncols	125
nrows	167
xllcorner	-2042055.000000
yllcorner	1465035.000000
cellsize	30.000000
NODATA_value	-9999.000000
[rows 42 to 83 of 167, columns 0 to 94 of 125]
304 308 317 325 328 330 333 336 337 338 343 356 11 357 337 330 330 335 343 343 335 330 330 330 328 327 326 324 323 323 324 326 328 329 329 328 326 323 321 323 331 337 332 318 310 315 324 331 334 338 344 352 357 349 331 321 318 316 313 307 306 312 318 321 325 328 328 329 332 333 327 311 295 287 288 299 307 302 299 311 330 328 321 319 319 321 327 334 338 340 343 348 356 9 24
305 309 317 324 327 330 332 335 338 342 349 4 10 49 329 328 330 334 339 339 334 330 330 331 330 329 329 326 324 323 322 322 324 327 329 328 327 324 320 318 325 336 337 321 308 308 316 325 326 324 327 345 0 354 331 322 322 322 320 314 312 316 322 325 328 330 329 330 333 335 333 321 303 290 286 293 299 297 294 304 323 324 318 317 314 315 321 331 337 340 344 351 2 17 29
306 309 318 324 328 331 334 338 342 347 356 11 8 45 326 327 329 331 335 335 329 326 327 329 328 328 328 326 323 323 321 318 320 325 326 326 327 329 325 319 318 332 340 325 308 305 310 319 325 323 322 332 351 347 327 320 321 323 323 318 314 316 321 325 327 328 329 331 333 330 325 321 315 306 302 303 304 302 298 302 313 316 313 313 312 311 316 327 332 333 336 346 6 26 27
307 311 320 326 329 332 334 339 345 353 4 15 3 338 328 329 331 332 334 333 327 322 322 324 326 326 326 325 322 320 318 315 317 323 324 321 324 330 333 326 317 325 335 323 309 303 307 319 329 332 333 336 343 340 326 318 319 321 321 318 313 314 319 325 327 328 329 330 327 322 320 319 319 317 314 313 313 313 292 312 313 312 310 310 311 310 313 324 333 334 335 342 6 28 15
306 310 319 325 328 330 332 336 344 357 12 15 351 331 326 328 331 332 334 335 329 324 322 323 324 324 325 323 320 317 314 311 313 320 323 319 317 324 336 339 331 323 323 318 311 306 309 320 330 333 334 333 336 338 331 323 319 321 322 319 314 313 318 324 326 326 326 326 324 323 323 322 321 320 319 318 318 320 322 324 300 318 312 310 310 310 312 321 334 342 347 356 14 15 356
304 308 316 322 325 329 332 334 341 358 17 12 38 329 318 320 323 328 333 335 332 328 324 323 322 322 322 320 317 314 312 309 309 316 323 321 314 315 330 350 355 331 318 317 313 310 311 318 325 324 322 324 329 336 339 333 325 325 326 323 317 315 317 322 324 323 323 325 326 326 327 328 326 324 322 321 321 323 325 329 334 328 317 311 310 312 314 319 331 345 355 11 19 3 347
304 307 314 319 323 329 334 337 343 360 16 4 336 334 316 313 313 321 330 334 334 329 324 322 321 319 318 316 313 312 314 313 310 315 326 327 317 310 321 354 5 335 315 312 310 307 309 314 322 321 319 322 327 337 345 344 333 327 328 326 320 317 319 324 327 329 329 330 331 331 332 333 332 330 328 327 328 329 330 331 336 334 323 312 309 311 314 316 325 343 3 25 19 352 342
305 308 316 320 322 329 337 343 349 3 7 353 337 334 329 322 317 320 327 334 335 330 324 322 320 318 316 313 312 313 318 316 312 316 330 334 324 312 315 356 360 333 315 308 307 305 308 316 325 323 322 324 330 340 351 351 339 329 328 327 322 319 321 326 330 333 334 335 336 336 336 337 337 336 335 334 334 337 338 338 337 336 328 318 310 309 310 312 319 341 14 31 10 340 335
304 308 318 323 323 327 337 347 356 4 358 343 336 336 337 329 323 323 327 334 337 332 327 323 320 317 315 311 311 314 319 315 311 315 328 340 339 329 325 346 347 333 324 319 315 310 312 320 327 326 326 329 335 346 357 357 343 329 326 326 321 318 319 323 328 332 334 336 337 337 337 337 338 338 336 336 337 341 344 345 343 339 336 328 317 310 307 308 317 344 22 29 358 330 324
302 306 317 325 326 326 332 345 359 2 348 335 334 339 339 331 323 322 325 332 334 332 330 325 321 317 313 310 310 314 317 312 309 311 322 339 354 353 340 338 339 335 331 328 324 319 319 324 329 330 331 335 341 350 1 1 344 328 324 323 319 314 313 316 322 326 329 330 330 330 330 331 332 332 331 331 333 338 343 345 345 343 343 340 330 321 307 304 316 352 21 17 350 330 321
302 305 313 322 327 326 325 339 360 358 336 325 331 339 341 333 321 316 319 326 328 328 328 326 321 316 311 308 308 314 318 312 308 309 317 338 2 356 339 334 334 333 332 330 327 324 324 326 330 332 335 341 346 354 6 6 345 328 324 323 320 314 309 309 313 317 318 317 315 314 314 315 317 317 318 317 319 326 333 335 336 337 341 328 343 295 316 300 309 348 3 358 348 339 332
303 305 312 319 325 326 322 333 359 359 32 336 323 338 344 338 321 311 311 319 322 322 324 324 321 316 311 308 309 316 322 318 311 307 312 338 4 348 331 328 328 327 328 327 324 323 323 325 329 332 336 345 351 358 11 10 348 331 327 326 323 317 310 307 308 312 314 315 315 314 311 306 303 302 302 301 301 307 318 319 314 312 318 328 340 301 329 308 308 329 343 348 348 342 338
306 308 315 321 327 328 322 326 354 2 327 350 313 339 347 339 324 312 309 315 319 321 323 323 322 317 312 309 311 318 327 328 320 309 307 338 360 338 325 323 322 321 322 321 320 319 320 324 328 329 333 344 354 2 15 13 349 332 327 325 322 318 310 306 306 312 318 321 323 323 317 306 297 292 289 286 283 285 290 294 291 289 295 307 324 339 338 328 322 325 334 343 343 338 337
308 311 319 326 332 335 329 326 346 359 326 6 307 349 353 13 330 324 318 317 318 321 323 323 322 319 314 312 313 319 328 333 329 318 313 334 347 334 326 325 322 318 317 316 315 316 318 323 328 327 328 340 355 8 21 14 347 328 324 322 319 315 309 304 306 312 320 324 325 324 319 312 306 301 294 288 282 278 276 284 277 299 306 320 275 338 343 337 326 325 330 337 335 333 332
310 314 323 331 338 343 342 340 351 354 327 32 27 347 349 340 335 332 328 323 320 321 323 324 323 321 318 314 315 320 329 335 338 337 335 335 336 334 331 329 326 320 316 314 313 314 317 323 329 326 324 336 357 15 27 12 341 325 320 319 317 313 308 304 306 312 319 324 323 320 319 321 323 323 315 291 277 272 294 298 306 311 319 331 292 348 348 336 324 324 330 333 331 329 328
309 314 324 333 342 349 351 352 1 358 31 321 328 340 342 340 338 335 333 329 325 323 323 324 324 323 321 317 318 323 332 338 344 350 350 339 332 332 333 331 328 322 316 312 312 314 319 324 328 324 318 329 1 27 32 4 336 326 323 322 321 319 314 309 309 312 317 320 319 321 324 327 330 330 324 318 315 314 312 312 315 319 325 315 350 355 353 337 323 323 330 332 329 326 324
306 310 321 331 341 350 354 360 9 3 333 322 327 333 337 338 337 336 334 333 329 325 324 324 324 324 322 318 319 326 334 339 346 357 357 339 328 328 330 329 327 321 315 311 311 314 319 323 325 317 310 319 6 38 29 353 335 332 330 329 328 326 320 314 312 314 318 320 321 324 328 332 333 327 322 320 319 319 318 319 322 326 330 341 352 358 356 338 321 320 327 330 326 322 321
303 307 318 328 335 344 353 5 18 9 32 317 322 338 329 330 331 331 331 331 329 324 322 321 321 321 320 317 319 327 334 337 345 358 357 337 326 325 326 326 324 319 313 310 310 313 316 319 319 312 304 305 4 37 11 343 336 335 333 332 330 327 323 318 317 320 324 325 326 328 331 334 332 326 322 322 322 323 323 324 327 332 334 343 355 360 356 339 321 318 324 327 323 318 320
303 306 318 327 329 332 345 9 26 16 332 312 314 317 318 319 319 320 321 322 321 317 315 316 316 315 314 314 318 328 336 339 344 356 354 337 327 325 325 324 321 315 309 307 309 314 316 318 320 319 315 317 354 13 348 334 334 334 333 332 330 326 322 320 321 325 327 327 329 332 335 336 333 329 328 327 328 329 329 329 331 336 339 346 305 2 356 336 318 316 320 323 320 320 328
302 305 318 329 331 328 333 8 36 24 332 306 305 308 307 306 304 304 303 303 306 305 305 306 308 308 306 308 314 326 337 344 349 356 355 339 327 323 323 322 319 312 306 306 311 319 323 325 328 332 335 341 358 1 337 328 331 331 332 332 330 326 322 320 321 324 326 328 332 338 341 340 336 333 333 332 332 333 335 335 336 339 343 351 360 6 1 332 313 311 314 317 318 325 338
302 305 317 330 338 338 337 7 39 19 333 311 305 304 300 294 293 294 294 296 297 296 295 296 301 303 302 304 310 321 331 340 349 358 360 346 327 319 319 319 318 313 308 309 316 327 332 334 335 340 346 354 7 4 336 324 327 327 327 328 327 324 321 319 319 319 320 324 333 341 343 341 337 335 334 334 334 335 337 337 338 341 347 316 3 12 7 334 312 309 310 311 316 330 334
304 308 320 332 343 348 354 16 21 355 337 329 324 322 317 302 356 303 309 311 309 303 299 298 301 303 302 304 309 319 324 328 341 358 6 356 331 319 318 319 319 315 311 312 319 330 336 338 340 344 350 1 14 8 340 325 327 326 322 321 322 321 320 321 320 315 313 318 329 338 340 338 336 333 331 331 332 333 333 335 337 340 347 357 303 297 7 335 313 309 308 308 317 330 324
309 313 326 337 348 356 9 20 356 339 337 337 336 336 336 328 329 315 315 318 320 318 315 310 307 305 304 305 312 322 324 322 328 350 9 358 337 326 325 325 322 317 312 312 318 328 334 337 341 347 354 4 15 8 340 327 327 324 319 317 318 318 320 322 319 313 309 312 323 331 333 332 331 327 325 325 328 329 326 324 327 332 338 350 11 293 359 334 316 308 307 308 319 327 318
310 315 329 342 352 4 18 12 347 337 337 338 339 341 341 338 331 321 313 315 320 323 323 320 313 309 307 308 316 327 331 329 328 344 357 345 336 332 331 329 324 317 312 311 316 324 329 332 339 349 358 5 14 7 339 326 326 320 315 315 318 317 319 321 316 310 306 308 318 324 326 327 327 323 318 317 323 327 317 303 301 301 294 291 321 343 342 336 325 315 311 312 323 330 317
310 315 330 344 356 11 16 359 342 339 338 338 340 342 342 340 336 327 316 313 317 321 323 324 319 313 311 313 321 333 339 340 342 350 349 337 330 330 330 328 322 315 310 309 314 322 325 328 334 347 358 7 14 1 338 325 323 319 314 316 321 320 321 319 313 308 305 308 315 319 320 321 322 321 315 308 309 320 298 273 265 259 258 272 300 319 331 337 334 325 319 320 329 339 328
310 316 331 346 1 16 9 344 43 335 337 335 338 340 341 340 338 333 324 316 315 318 321 323 322 318 316 317 324 335 343 347 350 355 351 336 324 323 324 323 319 312 308 307 312 319 322 324 328 336 351 7 16 353 334 322 319 317 314 316 321 322 321 317 312 307 305 307 312 312 313 312 312 315 315 299 281 270 282 266 267 282 286 296 308 317 326 337 338 329 324 325 333 347 345
310 316 332 350 8 20 0 330 324 326 327 329 332 334 337 338 339 337 331 323 316 315 317 319 321 321 320 320 324 331 340 346 352 359 359 341 322 319 320 319 317 312 307 306 310 318 323 326 328 328 334 356 9 353 326 314 312 313 314 311 316 321 318 314 310 304 300 300 304 304 304 301 295 295 298 283 262 271 279 289 295 305 310 310 312 317 324 333 336 330 328 329 334 348 354
310 316 334 354 15 21 354 327 320 320 320 321 324 327 329 333 336 337 336 329 320 315 314 316 318 322 323 323 323 326 330 337 348 1 6 351 328 321 322 320 317 313 308 307 311 320 328 331 331 327 325 340 356 335 327 306 303 308 313 308 311 315 312 308 304 298 294 296 301 303 302 299 292 281 274 275 283 264 303 309 314 317 317 314 314 317 323 329 331 332 335 335 335 345 354
311 317 337 358 19 18 350 333 331 329 325 319 318 319 322 326 330 334 336 334 326 318 315 315 317 322 325 325 325 324 321 323 335 353 6 355 332 323 322 320 316 313 310 308 312 320 330 332 332 332 332 340 352 349 339 308 305 315 323 318 316 316 310 305 303 300 299 303 311 315 317 317 313 303 294 297 305 311 314 317 319 320 319 317 317 322 327 331 333 337 343 343 338 343 353
313 320 340 2 19 9 344 335 337 339 337 328 319 317 318 320 323 328 332 335 331 323 318 317 319 324 328 330 329 328 326 327 331 345 359 352 333 323 321 318 315 313 309 307 309 318 329 331 333 336 339 345 356 356 354 324 327 333 334 333 331 327 320 316 314 312 311 314 320 326 328 330 331 327 319 315 315 316 317 319 321 324 324 323 324 329 335 339 342 346 353 352 343 343 356
315 322 343 7 16 358 340 335 337 340 342 338 331 325 322 320 321 324 328 332 332 325 321 319 321 326 330 334 335 336 335 336 340 347 357 351 333 322 320 319 316 313 309 306 308 320 332 334 335 338 343 350 2 0 342 330 331 334 335 337 337 334 330 327 323 320 318 317 321 327 331 332 331 326 323 321 319 318 319 321 324 328 330 329 330 334 340 346 350 356 2 0 349 350 5
318 325 346 10 11 351 338 335 335 337 339 340 338 335 330 325 323 323 326 330 330 326 321 320 323 326 329 334 338 339 340 342 345 351 359 355 335 322 320 321 320 316 311 308 311 321 331 335 336 339 344 353 5 2 343 328 325 327 330 333 334 332 330 327 324 322 317 313 314 320 323 324 325 324 323 323 321 320 321 324 328 331 333 332 334 338 343 348 354 3 10 8 357 358 7
320 328 351 10 2 345 338 335 333 332 334 336 337 337 335 329 325 323 324 327 328 325 320 320 323 325 326 329 335 339 340 342 345 351 0 357 336 321 320 322 322 318 313 309 311 318 327 330 331 333 337 348 2 3 343 324 320 322 323 325 327 326 325 324 321 319 311 305 307 314 319 323 324 324 324 324 322 321 322 326 329 332 333 332 335 341 344 346 350 3 15 13 3 4 1
322 331 356 6 352 341 338 334 331 329 328 330 331 331 331 328 325 322 321 323 324 322 319 320 323 326 324 324 328 335 339 340 343 347 356 354 337 323 319 320 319 317 312 307 308 314 322 325 328 331 335 342 357 1 342 324 320 322 321 320 320 320 321 321 318 315 310 306 309 318 325 325 324 324 324 325 323 322 324 327 329 328 326 324 327 338 349 350 349 0 15 11 3 2 354
323 334 360 4 348 337 335 332 329 327 325 325 324 323 324 323 322 321 320 320 321 320 318 318 322 327 327 324 323 329 337 342 346 347 352 354 344 328 319 318 317 316 312 306 306 312 322 328 332 336 341 347 358 357 337 324 322 323 323 319 318 319 322 324 325 323 319 315 315 321 327 328 326 326 327 328 327 326 327 331 331 323 317 314 314 325 344 356 0 8 14 4 354 354 351
322 334 1 5 347 332 330 328 326 328 327 325 323 321 319 318 319 319 319 319 319 318 316 315 318 325 331 329 323 325 335 345 349 349 352 358 354 336 322 319 318 317 312 305 303 308 319 327 330 333 338 346 356 352 333 322 322 324 323 320 320 328 334 328 328 328 326 323 322 325 328 329 329 330 331 332 331 329 331 336 338 332 323 317 314 315 328 350 7 17 14 355 346 349 349
321 334 5 7 345 327 325 326 353 331 331 327 324 322 319 317 318 320 321 319 318 318 316 313 314 320 329 330 324 321 329 341 346 350 356 3 2 342 325 320 317 314 310 303 299 302 309 317 320 322 327 337 348 349 336 322 320 323 322 320 324 337 335 327 326 328 329 328 327 327 328 328 330 331 332 333 333 332 332 337 341 341 337 331 326 325 327 339 3 17 5 346 342 346 347
324 339 7 2 343 330 328 331 331 332 331 328 324 322 320 319 320 323 323 321 319 319 317 313 310 314 323 327 323 317 321 330 337 347 359 9 4 346 326 321 317 313 309 303 299 300 307 315 321 326 332 338 345 351 343 326 319 321 321 323 332 337 331 325 324 327 328 328 327 326 325 325 327 330 330 330 332 332 331 332 337 340 343 341 337 337 340 346 359 0 349 340 339 343 344
336 348 359 350 341 335 332 331 331 330 329 326 323 321 320 320 322 324 325 322 319 318 317 313 309 310 316 323 320 312 311 315 321 336 358 14 353 346 330 327 325 322 319 312 307 309 314 320 326 331 336 340 346 353 350 330 321 325 329 335 339 336 331 326 324 324 325 325 325 322 318 318 322 325 325 324 328 332 332 330 329 331 338 343 342 342 348 357 0 348 341 337 335 338 339
359 357 347 338 336 334 331 329 328 327 326 323 320 319 319 320 322 325 325 321 318 317 316 313 310 309 313 320 319 310 301 301 305 319 351 15 4 340 332 331 329 328 326 320 315 315 320 324 328 332 336 339 345 355 354 334 4 327 333 339 340 337 332 327 323 322 322 323 322 317 313 314 319 324 323 320 324 331 335 334 330 326 328 337 343 346 351 1 1 344 338 337 330 331 332
3 359 346 333 330 330 329 327 326 324 321 318 317 317 318 318 321 327 328 320 314 314 315 312 309 308 312 321 325 319 310 306 305 309 339 355 349 332 328 328 327 327 326 321 316 316 320 325 329 332 335 337 343 352 357 341 5 327 327 335 337 334 330 325 321 321 324 325 321 316 312 312 318 324 324 318 318 325 332 338 336 329 323 328 339 349 353 359 359 346 339 338 330 324 323
354 356 352 338 329 328 327 325 323 320 317 315 315 317 318 317 319 328 333 322 311 310 312 309 307 307 311 321 330 329 324 323 322 323 334 343 336 325 324 324 324 324 324 319 315 314 317 323 329 332 335 339 345 353 1 350 12 336 321 327 331 330 327 322 319 321 328 326 320 315 311 310 315 322 323 317 312 316 323 333 340 334 324 319 329 347 357 359 357 350 344 342 331 320 316
