project/data/elevation/US_DEM2016/US_DEM2016_point_11-01-2019_0816_30m_ang.asc
ncols	125
nrows	167
xllcorner	-2042055.000000
yllcorner	1465035.000000
cellsize	30.000000
NODATA_value	-9999.000000
[rows 84 to 125 of 167, columns 0 to 93 of 125]
327 333 341 337 329 324 322 320 318 316 313 310 308 307 308 308 307 308 311 310 306 305 305 303 301 300 297 298 304 310 312 313 316 320 328 338 340 333 327 324 322 320 318 314 308 304 301 302 309 317 322 324 328 334 343 347 341 334 331 329 327 324 320 314 310 314 322 322 318 314 307 298 297 302 309 310 310 310 312 312 313 317 321 320 318 321 331 342 347 344 339 336 333 326
324 331 339 336 328 323 320 318 316 314 311 309 307 307 307 307 306 305 307 306 305 306 308 307 307 306 304 304 309 315 318 318 319 323 330 340 340 332 327 325 323 320 318 315 310 306 303 305 311 318 323 326 329 334 342 347 342 334 330 327 324 321 317 311 308 313 322 321 317 312 306 298 294 297 303 304 303 302 304 306 308 312 317 318 316 319 329 340 347 345 340 338 336 330
324 330 337 333 327 322 318 316 314 312 310 308 307 306 307 306 303 301 301 304 307 310 312 311 311 310 307 306 310 316 320 321 321 324 331 339 338 331 326 326 323 320 318 314 309 306 304 306 312 320 325 328 331 335 342 346 342 334 329 325 322 318 314 309 307 311 320 321 316 312 307 301 297 298 303 303 301 298 297 299 302 305 309 312 313 316 325 335 342 342 339 339 340 337
323 329 335 330 324 319 316 313 312 311 310 309 307 306 307 305 301 300 305 309 311 312 312 311 311 310 307 306 307 313 319 321 323 325 331 338 339 333 328 326 323 319 315 312 307 303 302 304 311 319 325 329 333 336 342 346 343 335 328 325 322 319 314 309 306 309 319 323 318 313 310 306 303 303 308 309 307 303 301 302 302 302 302 306 309 313 320 329 334 336 337 339 342 338
322 327 332 327 322 317 314 313 312 311 311 309 307 307 308 309 307 308 311 313 314 313 311 310 309 308 305 304 304 309 316 321 323 326 332 341 343 339 332 327 322 318 316 313 307 301 298 300 306 313 318 324 329 333 339 346 345 337 330 327 324 320 315 309 305 307 318 326 321 315 312 308 306 308 313 317 317 314 311 311 310 308 308 309 311 315 320 326 330 333 336 340 341 338
322 326 330 327 323 319 315 313 312 312 311 309 306 305 309 313 312 311 311 313 314 313 311 309 307 305 302 302 304 308 314 320 323 325 332 342 348 345 337 329 324 321 319 314 306 299 295 296 301 305 309 315 319 323 332 342 345 339 331 327 324 320 314 308 304 305 316 327 323 315 311 306 305 308 316 321 322 321 320 320 319 317 316 316 319 322 324 327 332 335 337 340 341 338
323 326 329 328 324 319 315 312 311 310 309 306 301 298 302 307 307 306 306 309 311 311 310 308 304 301 300 300 302 306 311 316 321 323 330 342 352 350 340 331 326 323 321 316 307 299 295 296 300 304 308 313 318 323 330 340 344 339 331 326 322 319 313 307 303 304 314 327 323 315 309 303 301 304 313 320 321 321 322 324 324 322 322 323 326 330 330 331 335 338 338 339 339 335
325 326 328 327 323 317 313 310 308 307 305 302 297 294 296 299 301 302 302 303 305 306 306 305 303 300 299 298 299 301 305 310 315 320 327 341 355 353 340 330 326 324 322 318 311 303 299 300 304 308 312 317 322 327 333 341 345 339 330 325 322 318 312 305 301 301 311 324 323 316 308 300 297 299 309 316 315 315 319 323 323 322 323 326 329 332 333 335 339 340 339 337 335 330
324 326 326 325 320 315 311 308 306 305 303 303 302 302 302 303 304 304 303 302 302 303 303 304 304 303 300 298 298 300 304 308 313 319 327 342 358 353 339 329 325 324 323 319 314 308 303 303 307 312 316 320 324 328 333 341 345 340 331 325 322 319 312 304 299 300 309 322 324 318 308 299 295 297 307 314 312 310 312 317 317 316 318 323 327 329 331 334 338 339 338 336 331 325
322 324 325 322 317 312 308 304 303 303 305 307 308 308 308 309 310 310 309 308 308 308 309 309 307 305 304 303 304 308 312 315 319 325 334 347 356 350 337 329 326 325 323 319 315 310 306 304 308 313 318 322 325 328 332 339 345 343 335 327 323 320 313 305 301 302 309 322 327 321 310 300 295 296 304 310 308 304 305 309 310 309 310 315 319 321 324 328 333 335 336 335 330 325
320 322 322 318 313 309 304 300 299 303 308 310 311 311 312 313 314 316 317 316 316 317 317 314 310 306 306 307 310 313 316 319 322 329 341 353 352 344 335 329 326 324 321 318 314 310 306 305 307 313 318 322 327 330 334 340 347 347 340 332 327 323 317 309 304 303 309 321 330 325 313 303 297 295 298 302 301 297 297 300 302 301 302 307 312 316 320 324 327 330 333 333 331 328
318 321 321 317 312 307 304 301 302 307 312 315 315 315 315 315 317 319 321 321 321 320 319 315 310 306 305 307 308 310 312 315 318 326 343 354 348 339 332 327 325 322 319 315 312 308 306 304 307 313 319 324 328 332 336 343 350 350 343 334 329 325 318 311 305 303 308 320 330 327 316 306 298 293 293 295 295 294 292 294 297 297 297 300 307 315 321 324 326 328 331 332 331 329
317 320 323 320 317 315 315 314 312 314 318 319 319 318 318 317 317 319 320 321 320 320 317 314 311 305 303 304 305 305 306 309 314 324 342 351 345 336 330 325 323 320 317 313 310 306 303 302 305 312 319 324 327 331 337 345 352 351 343 334 328 323 317 312 307 304 307 318 328 327 318 309 300 294 293 294 296 295 293 294 298 299 298 300 307 317 323 326 327 328 330 331 330 330
316 320 325 324 322 321 322 322 320 320 321 322 321 319 319 318 317 317 318 318 317 317 314 313 311 306 304 306 309 310 310 312 317 327 339 347 343 334 327 324 322 319 316 311 308 304 300 298 301 307 313 318 323 328 335 344 351 350 343 334 327 321 316 312 308 305 306 315 325 325 319 312 305 299 297 297 299 300 299 300 303 306 306 307 313 322 327 327 328 329 331 330 330 330
315 320 326 325 324 323 324 324 323 323 324 324 322 320 318 317 316 315 316 317 315 314 313 312 311 307 307 310 315 317 317 317 320 328 339 346 342 332 326 323 322 319 315 311 308 304 300 297 297 301 305 309 316 322 330 342 349 348 342 334 326 320 314 311 307 303 304 311 320 323 320 316 311 307 305 303 304 306 306 307 311 314 314 315 319 327 329 328 328 329 331 330 329 328
317 321 326 326 325 325 325 325 325 324 324 323 321 319 317 315 314 314 315 317 317 315 314 314 311 308 307 311 316 319 320 319 320 328 338 345 341 332 326 325 324 321 317 314 310 306 302 299 299 303 305 308 313 320 328 340 348 347 341 333 325 319 314 311 307 303 302 308 315 321 323 321 317 313 311 309 310 312 313 314 317 320 319 319 323 330 330 328 328 329 330 330 327 325
319 322 327 326 324 324 324 324 323 323 322 320 319 317 315 314 313 313 314 316 316 314 314 313 310 307 306 309 314 317 318 319 320 326 338 346 343 333 328 327 326 323 319 316 312 308 304 302 304 308 311 313 316 322 330 341 347 345 339 332 325 319 315 313 309 304 302 307 314 322 328 325 319 316 313 312 313 315 316 318 320 321 320 321 324 328 328 327 328 329 331 330 327 325
319 322 327 326 323 321 320 319 319 318 317 315 314 314 313 313 312 312 313 315 315 313 311 310 306 303 304 306 309 312 314 315 317 323 336 346 346 337 331 329 327 323 320 316 312 308 304 303 306 312 315 317 319 323 331 342 345 341 337 331 325 320 317 316 313 308 304 307 313 322 329 327 320 317 314 312 312 313 316 318 319 318 318 318 321 324 325 326 328 330 332 331 329 327
319 321 326 327 323 319 317 316 315 314 312 311 310 310 311 312 313 314 317 317 316 314 311 308 303 299 300 302 304 306 307 308 311 317 329 343 346 338 331 329 326 322 319 315 312 307 303 302 306 311 315 318 319 321 331 341 342 338 335 330 325 320 318 317 315 310 306 306 311 320 327 327 322 318 315 311 308 309 313 317 319 319 318 318 320 323 326 327 329 331 332 331 330 328
319 321 326 329 326 325 318 316 314 312 310 308 306 305 306 311 314 317 319 319 318 315 313 310 304 300 299 300 301 301 302 304 306 311 322 336 341 336 330 326 323 321 317 314 310 306 302 301 303 307 310 314 316 318 328 339 340 336 333 329 324 320 318 318 316 311 306 304 308 316 324 327 323 319 316 310 305 305 309 314 318 320 321 322 323 325 328 329 331 332 333 331 330 328
317 320 326 329 329 325 320 317 314 311 307 303 299 296 298 306 311 314 315 316 316 315 313 310 307 304 302 302 303 304 306 308 311 315 322 332 338 336 330 325 322 320 316 313 310 306 302 300 300 303 306 309 310 312 320 332 336 334 331 327 322 319 318 317 315 312 307 304 306 313 321 325 323 320 317 310 305 302 304 310 314 317 320 321 323 326 329 331 332 333 333 332 330 327
313 317 324 327 328 325 320 316 313 308 303 297 293 295 300 305 309 311 311 312 312 312 310 309 309 308 308 308 310 312 313 315 318 321 326 333 339 338 332 327 324 320 316 314 311 308 303 301 301 303 304 305 303 304 312 324 332 333 330 326 322 319 318 317 316 314 310 306 305 311 318 324 324 321 318 312 305 301 301 305 309 310 310 313 317 322 327 329 331 332 333 333 331 328
310 314 320 324 326 324 321 314 310 307 305 304 305 308 310 313 315 316 314 310 309 309 308 307 308 310 311 312 315 317 318 319 321 324 327 334 341 341 335 329 325 321 317 313 311 308 304 303 303 303 303 300 300 304 311 321 330 332 329 325 322 320 318 317 317 315 313 309 307 309 316 323 324 322 318 312 306 302 300 302 305 305 304 307 311 317 323 327 328 330 331 332 331 328
311 315 320 323 325 325 321 317 315 315 316 317 319 318 317 319 322 325 322 317 313 312 310 308 308 311 311 311 314 317 319 320 322 324 327 334 341 343 338 331 325 321 317 313 310 307 304 304 304 304 303 302 304 308 313 320 328 331 328 324 322 321 319 317 316 315 313 311 308 309 314 322 325 324 320 314 307 303 300 301 306 308 308 309 313 317 323 325 326 328 329 329 327 324
314 317 323 325 325 326 325 324 324 324 324 324 324 322 320 321 325 329 328 324 320 317 312 309 310 312 309 307 309 312 315 317 320 321 325 333 342 346 342 333 324 319 315 311 307 305 305 306 308 309 310 308 307 309 314 319 324 328 329 326 323 321 319 316 314 313 312 310 308 308 312 320 325 326 323 317 309 305 301 301 306 311 312 313 316 319 324 324 325 327 328 327 325 321
315 319 325 327 326 327 327 327 327 327 326 325 323 321 319 320 325 328 327 323 320 316 313 310 311 312 309 306 306 308 310 312 314 316 321 330 341 348 343 332 322 316 312 308 305 304 306 309 313 316 316 312 308 309 314 319 322 327 330 328 325 321 319 316 312 311 310 308 307 306 310 318 325 327 325 318 311 306 301 300 304 309 311 313 316 320 324 324 323 325 327 327 326 322
314 319 326 328 327 327 326 326 326 326 324 323 321 318 316 317 321 322 320 317 314 313 311 311 312 313 309 307 308 310 310 311 313 315 320 328 341 348 342 331 322 316 313 310 307 306 308 312 316 319 318 314 310 310 315 319 323 328 332 331 327 322 319 316 313 311 309 307 306 306 309 316 324 328 325 319 313 308 303 300 303 307 311 313 315 319 324 323 322 324 325 326 326 324
312 317 325 327 327 328 326 324 323 322 321 320 318 315 313 314 317 317 315 313 310 309 309 311 315 313 309 306 308 311 313 315 316 318 321 330 342 348 342 333 325 321 317 314 310 308 310 315 319 320 318 314 311 312 316 320 324 329 333 333 329 324 320 316 313 311 308 306 306 306 310 315 322 327 324 318 314 311 306 301 302 307 312 315 316 319 324 324 322 323 325 326 326 325
312 315 322 325 326 327 325 322 321 319 318 317 315 313 311 312 313 313 313 311 308 306 308 312 316 314 309 306 307 309 311 314 316 318 322 331 343 349 343 334 327 323 318 314 311 310 312 318 322 320 316 312 310 312 316 320 324 329 333 334 331 326 321 317 315 313 310 307 306 307 310 315 321 327 323 318 314 311 306 301 301 307 312 315 317 320 324 324 323 324 325 326 327 326
313 316 321 323 324 324 321 318 317 316 314 313 311 309 307 307 309 311 312 311 308 306 308 315 317 314 311 308 308 308 308 309 311 314 319 329 343 348 342 333 326 322 318 313 310 310 312 320 324 321 315 309 307 308 312 317 321 327 331 333 333 329 323 319 317 315 311 308 306 307 310 314 321 326 323 317 314 311 306 301 300 306 311 314 317 320 322 323 323 325 326 327 328 328
313 316 320 322 322 321 317 314 313 312 309 306 304 303 302 305 309 313 314 314 310 307 309 317 318 314 312 311 310 310 309 309 309 311 316 326 339 345 340 331 325 322 317 312 309 309 312 319 325 321 315 309 305 304 307 311 315 321 326 331 333 331 327 322 319 316 312 308 306 307 310 314 321 325 323 318 314 311 306 300 298 303 307 310 313 316 320 322 324 326 327 328 329 329
313 315 320 322 322 319 315 312 311 310 307 304 303 304 306 310 313 315 317 316 312 307 308 315 316 314 313 311 310 311 313 313 312 312 316 324 335 341 339 331 325 321 316 310 307 307 311 318 324 321 316 311 307 304 304 307 310 315 321 327 331 331 329 324 320 317 312 307 305 306 310 315 322 325 323 318 315 312 307 299 296 300 304 306 309 314 318 322 324 326 328 328 328 329
312 314 319 321 322 320 315 313 314 316 316 314 314 315 315 316 317 318 319 317 313 307 305 310 313 313 313 310 308 309 314 316 315 316 319 325 334 341 338 330 323 319 315 309 305 305 309 318 323 320 317 313 310 307 306 309 311 314 318 325 329 330 328 324 320 317 313 308 305 306 309 315 322 326 323 319 316 313 308 300 296 299 304 307 310 315 320 323 324 327 328 328 327 328
311 313 317 320 322 322 318 316 317 320 322 323 323 321 319 318 318 318 318 317 314 308 305 306 311 314 314 310 305 305 310 315 316 317 320 326 335 341 337 328 321 317 313 309 306 305 307 316 321 319 315 313 311 310 309 311 314 317 320 326 329 329 327 323 319 315 312 307 304 304 309 314 322 326 324 320 317 314 309 303 300 302 307 311 313 318 323 324 325 327 328 327 327 327
310 312 315 319 322 324 322 319 319 320 322 323 322 320 317 316 315 315 315 316 315 310 305 305 310 317 319 313 305 302 305 311 314 316 318 323 334 341 336 326 320 316 312 309 308 305 305 312 318 317 313 310 310 310 309 311 314 318 322 327 332 331 327 322 318 314 310 306 303 305 309 315 322 326 324 321 318 316 311 306 303 304 309 313 315 320 325 325 325 327 327 327 326 326
309 311 314 318 322 325 324 322 320 320 320 320 318 316 313 312 313 313 314 316 314 309 305 303 307 317 323 317 308 303 303 307 311 314 315 320 332 339 335 327 320 316 312 310 310 307 303 306 314 316 312 309 310 310 309 310 312 316 321 326 333 333 328 323 318 313 310 307 305 306 310 316 323 326 324 320 319 316 311 307 304 304 308 312 315 320 324 325 324 326 326 326 326 326
309 310 313 317 321 324 325 324 322 320 319 317 315 313 311 310 311 313 314 315 312 308 303 301 304 314 324 320 312 307 305 306 309 312 313 318 328 335 334 328 321 315 311 310 312 309 303 303 310 315 313 311 312 312 311 310 311 313 318 324 331 333 329 325 321 317 314 310 307 308 312 317 323 327 324 319 318 315 309 305 302 302 305 309 312 317 322 324 324 325 325 325 325 325
309 311 314 317 321 323 324 325 322 319 318 317 315 313 311 311 312 313 315 316 313 310 305 302 303 311 322 321 314 310 307 306 309 312 314 317 324 331 332 327 320 315 311 312 315 310 303 301 305 313 314 313 314 314 313 311 310 312 316 323 330 332 330 327 324 321 317 312 308 308 311 316 322 326 324 319 317 314 309 305 301 301 303 307 311 315 320 322 323 323 324 324 325 325
309 311 314 318 321 322 323 325 322 319 318 317 316 314 313 313 312 314 317 318 316 313 308 303 303 309 319 322 316 311 308 307 308 312 315 318 322 328 330 325 319 314 312 313 315 310 303 299 302 308 312 312 313 313 313 312 310 311 315 323 329 330 329 326 323 320 317 313 309 309 312 316 322 325 323 320 317 314 309 303 299 298 301 307 311 315 319 322 322 322 323 323 324 324
308 309 313 317 321 322 322 323 321 318 317 316 315 314 313 313 313 315 318 318 316 311 306 303 303 308 316 321 319 313 308 306 307 311 316 319 323 327 329 323 317 313 311 311 312 308 303 299 300 304 308 309 309 311 312 311 309 309 314 322 327 329 328 324 320 317 316 312 309 309 313 317 322 325 322 317 315 312 307 301 297 296 300 305 309 313 318 321 321 321 321 322 323 325
307 309 312 317 320 320 321 321 319 317 315 313 313 313 313 313 313 314 316 315 312 308 305 303 304 308 313 318 320 315 310 306 305 310 315 319 323 327 328 322 315 311 310 311 311 309 305 300 299 302 306 308 309 309 310 310 308 307 311 319 326 329 328 324 320 318 316 312 308 309 312 316 322 324 319 315 312 310 307 301 297 295 297 302 307 310 315 318 319 319 320 321 323 325
307 309 313 317 319 319 319 319 318 316 313 311 311 313 314 312 311 311 312 312 310 308 306 304 305 308 312 317 320 318 312 307 305 308 313 317 321 325 326 320 315 314 316 317 316 313 308 302 300 302 305 308 310 312 313 312 309 307 311 318 325 328 328 325 321 319 317 312 307 308 312 316 322 322 317 313 310 309 308 304 298 294 295 300 306 310 313 315 317 318 320 321 323 326
