project/data/elevation/US_DEM2016/US_DEM2016_point_10-28-2019_0846_30m_vel.asc
ncols	125
nrows	167
xllcorner	-2042055.000000
yllcorner	1465035.000000
cellsize	30.000000
NODATA_value	-9999.000000
[rows 0 to 36 of 167, columns 0 to 82 of 125]
7.92 6.96 5.91 6.49 8.11 10.06 11.77 12.88 13.22 13.35 13.66 14.43 15.00 14.44 13.64 13.31 13.08 12.92 12.70 12.49 12.21 12.09 12.26 12.64 13.01 13.05 12.79 11.85 10.49 9.01 7.58 6.24 5.15 4.40 4.07 4.20 4.83 5.87 6.98 7.72 8.13 8.40 8.59 8.58 8.12 7.37 6.76 6.85 7.48 8.34 9.07 9.86 10.58 11.37 11.76 11.94 11.68 10.61 9.59 8.92 8.64 8.76 9.22 10.00 10.53 10.66 10.40 9.56 8.16 7.21 6.93 7.14 7.64 8.22 8.69 8.97 9.24 9.79 10.45 10.87 11.28 11.57 10.97
7.92 6.96 5.91 6.49 8.11 10.06 11.77 12.88 13.22 13.35 13.66 14.43 15.00 14.44 13.64 13.31 13.08 12.92 12.70 12.49 12.21 12.09 12.26 12.64 13.01 13.05 12.79 11.85 10.49 9.01 7.58 6.24 5.15 4.40 4.07 4.20 4.83 5.87 6.98 7.72 8.13 8.40 8.59 8.58 8.12 7.37 6.76 6.85 7.48 8.34 9.07 9.86 10.58 11.37 11.76 11.94 11.68 10.61 9.59 8.92 8.64 8.76 9.22 10.00 10.53 10.66 10.40 9.56 8.16 7.21 6.93 7.14 7.64 8.22 8.69 8.97 9.24 9.79 10.45 10.87 11.28 11.57 10.97
8.03 7.11 6.14 6.55 7.69 9.19 10.61 11.59 12.10 12.37 12.77 13.44 13.76 13.50 12.96 12.76 12.72 12.74 12.55 12.10 11.83 11.72 11.86 12.13 12.33 12.28 11.75 10.78 9.66 8.47 7.32 6.26 5.39 4.77 4.41 4.39 4.73 5.37 6.16 6.89 7.30 7.55 7.78 8.04 8.19 8.11 7.91 7.83 8.17 8.67 9.18 9.70 10.23 10.67 10.96 11.18 11.27 10.98 10.26 9.35 8.66 8.36 8.64 9.15 9.53 9.74 9.85 9.72 9.28 8.55 8.09 7.94 7.97 8.09 8.24 8.43 8.72 9.19 9.61 9.95 10.24 10.52 10.51
8.84 7.81 6.83 6.97 7.50 8.15 8.87 9.31 9.54 9.99 10.73 11.19 11.25 11.11 11.15 11.25 11.39 11.70 11.70 11.41 11.27 11.17 11.12 11.00 10.86 10.61 10.04 9.35 8.64 7.98 7.34 6.74 6.27 5.97 5.69 5.40 5.17 5.12 5.30 5.78 6.50 7.07 7.53 8.02 8.61 9.12 9.41 9.38 9.28 9.25 9.33 9.37 9.43 9.33 9.29 9.22 9.44 9.95 10.20 10.04 9.45 8.76 8.29 8.05 7.81 7.84 8.33 9.05 9.55 9.70 9.53 9.10 8.56 8.02 7.68 7.65 7.85 8.07 8.10 8.08 8.37 9.01 9.69
9.48 8.49 7.59 7.53 7.66 7.84 7.92 7.95 7.83 8.02 8.60 9.10 9.23 9.19 9.38 9.59 9.75 10.06 10.58 11.02 11.17 10.87 10.46 9.93 9.40 9.13 9.02 8.82 8.56 8.34 8.12 7.90 7.75 7.62 7.40 6.94 6.38 5.96 5.75 5.97 6.67 7.51 8.29 8.92 9.25 9.56 9.85 10.05 10.01 9.76 9.56 9.30 8.93 8.45 7.99 7.19 6.81 7.12 8.08 9.14 9.57 9.38 8.75 7.85 7.14 6.70 6.64 7.05 7.72 8.26 8.49 8.40 8.10 7.68 7.33 7.17 7.17 7.17 7.08 7.02 7.36 8.16 8.98
9.52 8.75 8.06 8.03 7.92 7.80 7.58 7.14 6.84 6.83 7.09 7.61 8.05 8.27 8.71 9.15 9.36 9.43 9.96 10.62 10.80 10.35 9.70 8.90 8.35 8.36 8.58 8.73 8.84 8.96 9.08 9.11 9.01 8.75 8.39 7.94 7.46 7.02 6.66 6.50 6.63 7.08 7.85 8.72 9.25 9.53 9.76 10.02 10.04 9.88 9.67 9.46 9.15 8.34 7.32 6.39 5.99 6.06 6.55 7.29 8.11 8.57 8.38 7.61 6.84 6.25 5.88 5.74 5.85 6.10 6.40 6.62 6.74 6.74 6.65 6.53 6.48 6.49 6.55 6.68 7.00 7.52 7.97
9.57 9.09 8.61 8.63 8.40 7.95 7.36 6.55 6.01 5.88 6.05 6.53 7.13 7.81 8.58 9.21 9.71 9.73 9.60 9.59 9.61 9.36 8.88 8.31 8.11 8.24 8.44 8.58 8.80 9.18 9.56 9.75 9.57 9.30 9.00 8.74 8.50 8.18 7.68 7.07 6.64 6.60 6.88 7.49 8.12 8.41 8.57 8.76 9.04 9.18 9.35 9.51 9.41 9.10 8.49 7.80 7.63 7.57 7.40 7.20 7.12 7.25 7.26 6.94 6.39 5.84 5.44 5.27 5.30 5.44 5.63 5.79 5.90 5.94 5.90 5.80 5.70 5.70 5.91 6.28 6.66 6.96 7.04
9.52 9.43 9.46 9.38 9.06 8.18 7.16 6.14 5.59 5.56 5.60 5.74 6.37 7.31 8.14 8.71 9.35 9.48 8.95 8.37 8.16 8.19 8.21 8.22 8.26 8.35 8.48 8.53 8.65 9.03 9.54 9.89 9.97 10.04 10.18 10.43 10.46 10.14 9.48 8.61 7.63 6.84 6.46 6.35 6.42 6.70 6.87 7.07 7.62 8.42 8.98 9.42 9.72 10.13 10.31 10.22 9.78 9.29 8.65 7.88 7.13 6.67 6.53 6.39 6.05 5.57 5.20 5.16 5.35 5.56 5.67 5.66 5.59 5.53 5.52 5.48 5.39 5.38 5.60 5.91 6.16 6.28 6.23
9.70 9.89 10.34 10.20 9.67 8.72 7.52 6.58 6.18 5.98 5.81 5.73 6.13 6.89 7.44 7.78 8.26 8.50 8.16 7.63 7.37 7.38 7.52 7.81 8.04 8.23 8.57 8.89 9.02 9.10 9.52 10.09 10.67 11.40 12.24 12.84 12.96 12.59 11.93 11.02 9.83 8.48 7.27 6.51 6.19 6.28 6.79 7.26 7.93 8.52 8.81 8.84 8.98 9.45 9.97 10.15 9.80 9.15 8.37 7.63 6.97 6.50 6.29 6.29 6.25 6.02 5.73 5.66 5.72 5.74 5.71 5.65 5.62 5.75 6.00 6.21 6.33 6.47 6.55 6.45 6.20 5.91 5.77
9.70 10.29 10.92 10.75 10.15 9.42 8.38 7.75 7.61 7.52 7.07 6.63 6.60 6.79 6.88 6.99 7.29 7.64 7.74 7.57 7.35 7.09 6.99 7.28 7.69 8.01 8.42 8.94 9.35 9.59 10.03 10.70 11.57 12.47 13.16 13.49 13.51 13.37 13.16 12.80 12.10 10.99 9.65 8.35 7.43 7.38 7.74 8.31 8.79 8.89 8.65 7.85 7.25 6.73 7.08 7.74 8.00 7.74 7.33 6.92 6.52 6.20 6.07 6.28 6.82 7.06 7.01 6.86 6.46 6.03 5.93 6.08 6.40 6.91 7.44 7.87 8.21 8.50 8.55 8.25 7.66 7.12 6.81
9.73 10.16 10.98 11.08 10.66 10.24 9.82 9.75 9.80 9.60 9.08 8.36 7.65 7.08 6.63 6.38 6.67 7.36 7.94 8.13 7.98 7.58 7.30 7.40 7.74 8.03 8.25 8.65 9.42 10.29 10.97 11.52 11.95 12.11 11.90 11.49 11.49 12.01 12.58 12.95 12.99 12.54 11.62 10.30 9.06 8.38 8.23 8.59 8.95 8.89 8.27 7.35 6.40 5.66 5.47 5.76 6.27 6.59 6.63 6.52 6.31 6.12 6.13 6.53 7.34 8.08 8.35 8.04 7.40 6.67 6.60 7.07 7.71 8.34 8.96 9.51 9.95 10.13 10.04 9.71 9.31 8.93 8.57
9.17 9.29 10.19 11.12 11.52 11.64 11.78 11.97 12.07 11.65 10.95 10.15 9.21 8.02 6.94 6.49 6.69 7.47 8.29 8.70 8.67 8.38 8.05 7.92 8.06 8.37 8.70 9.20 10.03 10.88 11.28 11.33 11.00 10.33 9.41 8.82 9.01 9.77 10.58 11.27 11.87 12.27 12.24 11.65 10.58 9.42 8.79 8.74 8.70 8.41 7.65 7.20 6.76 6.09 5.48 5.22 5.49 6.01 6.38 6.50 6.49 6.57 6.83 7.29 7.98 8.60 8.94 8.85 8.37 7.90 7.71 8.09 8.58 9.21 9.78 10.16 10.20 9.92 9.29 8.72 8.33 8.13 8.06
8.34 8.06 8.57 10.17 11.47 12.24 12.61 12.73 12.79 12.51 11.99 11.35 10.59 9.34 8.10 7.45 7.40 7.73 8.22 8.57 8.68 8.58 8.36 8.17 8.28 8.69 9.22 9.73 10.07 10.15 9.92 9.32 8.43 7.49 7.00 7.14 7.55 7.86 8.03 8.55 9.37 10.30 11.19 11.64 11.41 10.49 9.49 8.97 8.34 7.42 6.70 6.51 6.19 5.71 5.22 5.02 5.27 5.85 6.46 6.88 7.12 7.37 7.73 8.09 8.37 8.57 8.87 9.22 9.27 9.08 8.93 9.01 9.41 9.85 9.94 9.53 8.67 7.59 6.68 6.01 5.53 5.42 5.73
8.59 8.21 8.09 8.72 9.83 10.80 11.24 11.35 11.26 11.26 11.32 11.26 11.06 10.49 9.63 8.76 8.23 7.98 7.89 7.84 7.91 8.03 8.05 8.00 8.09 8.34 8.57 8.53 8.12 7.54 6.90 6.08 5.33 4.89 5.03 5.57 5.82 5.74 5.74 6.10 6.69 7.51 8.54 9.62 10.40 10.40 9.82 9.12 8.34 7.22 6.31 5.57 5.14 5.00 4.96 5.12 5.54 6.11 6.79 7.50 7.99 8.25 8.40 8.57 8.69 8.81 9.13 9.63 9.95 9.90 9.79 9.90 10.08 9.86 9.00 7.62 6.25 5.49 5.21 5.06 4.93 4.95 5.19
9.18 9.26 8.75 8.14 7.74 7.91 8.10 7.99 7.80 8.08 8.65 9.30 9.78 10.13 10.11 9.64 8.91 8.26 7.72 7.28 7.11 7.32 7.52 7.52 7.39 7.14 6.73 6.14 5.45 4.89 4.52 4.37 4.38 4.39 4.40 4.33 4.23 4.39 4.62 4.78 4.94 5.28 5.87 6.86 8.20 9.55 9.78 9.48 8.84 7.94 6.72 5.68 5.26 5.31 5.57 5.90 6.23 6.60 7.13 7.93 8.75 9.15 9.33 9.47 9.64 9.90 10.19 10.48 10.68 10.62 10.47 10.43 9.97 8.72 7.20 6.04 5.52 5.39 5.55 5.85 6.11 6.36 6.46
9.18 9.24 8.83 7.87 6.37 5.36 4.82 4.51 4.50 4.68 5.16 5.82 6.74 7.79 8.86 9.35 9.16 8.51 7.78 7.18 6.93 7.03 7.14 7.01 6.61 6.03 5.42 5.00 4.74 4.45 4.31 4.57 5.14 5.48 5.35 5.07 4.86 4.93 5.20 5.39 5.38 5.45 5.80 6.69 8.00 9.51 10.07 9.93 9.25 8.20 7.25 6.67 6.43 6.56 6.82 7.04 7.10 7.20 7.66 8.60 9.58 10.38 10.82 10.98 11.13 11.45 11.73 11.92 12.04 11.91 11.46 10.64 9.19 7.71 6.84 6.54 6.54 6.51 6.59 6.86 7.28 7.62 7.73
8.56 8.16 7.69 7.11 5.68 4.36 3.61 3.42 3.49 3.83 4.26 4.67 5.27 6.22 7.36 8.41 8.86 8.63 8.06 7.55 7.30 7.21 7.08 6.79 6.36 5.95 5.71 5.70 5.78 5.70 5.42 5.31 5.72 6.46 6.86 6.94 6.80 6.63 6.63 6.86 7.18 7.58 8.07 8.91 9.88 10.51 10.54 10.32 9.69 8.80 8.02 7.67 7.60 7.75 8.03 8.28 8.25 8.38 8.96 9.91 11.01 11.93 12.49 12.68 12.60 12.60 12.81 13.10 13.37 13.15 12.39 11.10 9.23 8.36 8.30 8.46 8.43 8.16 7.98 8.09 8.38 8.72 9.09
8.57 8.00 7.26 6.60 5.89 5.17 4.81 4.97 5.43 6.03 6.54 6.82 7.11 7.35 7.58 7.88 8.32 8.54 8.38 8.07 7.77 7.50 7.22 6.92 6.67 6.58 6.64 6.75 6.95 7.13 6.99 6.53 6.45 7.00 7.76 8.33 8.52 8.41 8.22 8.42 9.08 9.70 10.31 10.82 11.01 10.66 10.21 10.06 9.86 9.44 8.82 8.42 8.41 8.72 9.09 9.35 9.55 9.74 10.43 11.44 12.30 12.81 13.06 13.17 13.05 12.80 12.67 12.75 13.15 13.34 13.14 12.65 11.51 10.99 11.18 11.45 11.42 11.00 10.68 10.43 10.25 10.24 10.57
8.94 8.64 7.85 7.06 6.76 6.92 7.34 7.95 8.68 9.31 9.78 10.04 10.00 9.47 8.70 8.17 8.15 8.41 8.51 8.39 8.15 7.89 7.62 7.39 7.29 7.30 7.33 7.41 7.68 8.13 8.42 8.34 8.16 8.20 8.65 9.40 10.05 10.25 10.28 10.49 10.92 11.31 11.44 11.14 10.30 9.14 8.38 8.57 9.23 9.43 9.44 9.30 9.41 9.71 9.96 10.03 10.25 10.71 11.51 12.14 12.34 12.16 11.94 11.94 12.09 12.14 12.04 11.80 11.78 12.28 13.22 13.86 14.34 14.36 14.44 14.85 15.12 15.03 14.68 14.02 13.23 12.41 11.93
8.78 8.33 7.61 7.16 7.57 8.39 9.49 10.56 11.38 11.76 11.88 11.80 11.51 10.73 9.82 9.04 8.64 8.57 8.62 8.61 8.52 8.44 8.35 8.23 8.06 7.95 7.95 8.04 8.27 8.75 9.43 10.04 10.47 10.75 11.00 11.37 11.70 11.79 11.95 12.15 12.15 11.80 11.11 10.00 8.59 7.28 6.70 7.10 8.38 9.31 9.90 10.23 10.44 10.49 10.46 10.35 10.65 11.30 11.67 11.70 11.14 10.39 9.83 9.74 10.15 10.70 11.00 10.91 10.54 10.73 11.95 13.40 14.53 15.07 15.49 16.17 16.64 16.71 16.42 16.00 15.25 14.24 12.98
8.16 7.61 7.06 7.33 8.44 9.89 11.09 11.92 12.36 12.32 12.03 11.73 11.42 10.98 10.51 9.92 9.32 8.89 8.81 8.87 8.96 9.11 9.31 9.39 9.28 9.05 9.06 9.17 9.33 9.72 10.53 11.55 12.40 13.00 13.27 13.12 12.78 12.51 12.42 12.27 11.70 10.67 9.39 8.04 6.98 6.45 6.43 7.10 8.46 9.69 10.73 11.44 11.67 11.45 11.10 10.97 11.20 11.29 11.17 10.45 9.41 8.39 7.60 7.19 7.52 7.98 8.45 8.69 8.67 8.82 9.46 10.67 11.97 12.88 13.61 14.28 14.71 14.83 14.96 15.09 15.06 14.51 13.54
8.92 8.39 8.18 9.06 10.33 11.40 11.89 11.99 11.81 11.26 10.81 10.55 10.35 10.36 10.33 10.07 9.59 9.14 9.06 9.30 9.70 10.21 10.70 11.01 11.09 10.96 10.89 10.96 11.15 11.54 12.24 12.94 13.38 13.50 13.26 12.77 12.30 11.80 11.38 10.66 9.62 8.47 7.33 6.50 6.26 6.57 7.25 8.32 9.32 10.50 11.50 12.05 12.32 12.41 12.06 11.70 11.38 10.90 10.13 8.85 7.57 6.46 5.34 4.69 4.60 4.63 4.72 5.15 5.74 6.12 6.89 7.56 8.23 8.78 9.31 9.91 9.99 10.23 10.73 11.32 12.57 13.58 13.70
9.93 10.23 11.03 11.69 12.04 12.13 11.69 11.05 10.34 9.88 9.64 9.44 9.30 9.37 9.50 9.54 9.40 9.26 9.40 9.84 10.50 11.20 11.81 12.29 12.47 12.52 12.55 12.68 12.96 13.32 13.53 13.39 12.89 12.12 11.20 10.54 10.41 10.05 9.29 8.22 7.14 6.50 6.15 6.22 6.66 7.28 8.17 9.13 10.09 11.03 11.52 11.86 12.12 12.39 12.40 11.96 11.17 10.17 8.85 7.50 6.20 4.85 3.77 3.20 2.92 2.79 2.82 3.16 3.79 4.51 5.13 5.64 5.89 6.00 6.05 6.38 6.79 7.41 8.06 8.77 9.95 11.68 12.98
10.24 11.15 12.34 12.58 12.34 11.71 10.81 10.05 9.27 9.02 8.97 8.79 8.64 8.62 8.73 8.96 9.12 9.29 9.55 9.82 10.12 10.48 11.01 11.71 12.20 12.60 12.95 13.28 13.50 13.50 13.06 12.07 10.74 9.63 8.89 8.53 8.26 7.68 6.83 6.20 5.80 5.75 6.06 6.79 7.46 8.11 8.90 9.65 10.42 10.81 10.74 10.65 10.83 11.26 11.57 11.43 10.76 9.69 8.33 7.11 5.94 4.70 3.79 3.29 3.10 3.10 3.32 3.81 4.33 4.54 4.63 4.71 4.68 4.61 4.55 4.81 5.56 6.49 7.07 7.46 8.25 9.52 11.18
10.20 10.92 11.84 11.97 11.55 10.66 9.83 9.24 8.81 8.60 8.46 8.23 8.14 8.13 8.30 8.63 8.97 9.20 9.27 9.10 8.85 8.72 8.97 9.63 10.66 11.56 12.25 12.61 12.52 11.95 10.89 9.45 8.05 7.23 6.88 6.64 6.08 5.52 5.25 5.36 5.72 6.26 6.97 7.61 8.37 9.19 9.74 10.22 10.40 10.19 9.87 9.75 9.86 10.11 10.43 10.64 10.48 9.89 8.80 7.62 6.61 5.84 5.34 5.13 5.05 5.02 5.31 5.55 5.37 4.94 4.57 4.41 4.17 3.83 3.74 4.13 4.85 5.44 5.75 6.07 6.66 7.44 8.96
10.14 10.00 10.26 10.68 10.41 10.02 9.26 8.57 8.26 8.07 7.84 7.67 7.57 7.63 7.97 8.45 8.91 9.12 9.08 8.83 8.60 8.55 8.81 9.43 10.34 11.04 11.32 11.19 10.60 9.64 8.43 7.32 6.31 5.66 5.30 5.11 4.99 4.97 5.11 5.58 6.42 7.35 7.95 8.60 9.44 10.19 10.64 10.69 10.27 9.65 9.19 9.03 9.04 9.26 9.72 10.14 10.45 10.41 9.83 8.84 8.02 7.53 7.34 7.30 7.27 7.31 7.32 6.87 6.05 5.49 5.23 4.76 4.12 3.67 3.64 3.93 4.18 4.27 4.46 4.96 5.50 6.08 7.23
10.08 9.57 9.17 9.56 10.04 10.12 9.73 8.92 8.38 8.12 7.85 7.69 7.58 7.66 7.99 8.49 9.02 9.39 9.57 9.62 9.79 10.19 10.75 11.20 11.28 10.94 10.27 9.44 8.53 7.67 6.80 6.10 5.66 5.44 5.22 5.10 5.32 5.78 6.12 6.44 7.11 7.87 8.63 9.53 10.37 11.00 11.19 10.90 10.19 9.29 8.46 8.00 8.09 8.58 9.25 9.93 10.45 10.81 10.84 10.49 10.04 9.80 9.77 9.79 9.72 9.44 8.89 8.21 7.56 7.22 6.66 5.77 4.73 4.27 4.21 4.12 3.98 3.97 4.19 4.57 4.99 5.47 6.25
10.08 9.48 8.76 8.90 9.52 10.17 10.46 10.11 9.55 9.27 9.09 8.81 8.74 8.76 8.86 9.00 9.34 9.83 10.29 10.66 11.09 11.54 11.77 11.58 10.92 9.88 8.76 7.70 6.77 6.20 5.97 5.85 5.85 6.13 6.32 6.33 6.41 6.83 7.29 7.44 7.67 8.16 9.08 10.10 10.92 11.36 11.30 10.84 10.15 9.20 8.06 7.41 7.56 8.21 8.93 9.52 10.03 10.76 11.30 11.57 11.86 12.23 12.67 12.97 12.68 12.00 11.03 10.23 9.90 9.41 8.23 6.82 5.94 5.71 5.48 4.91 4.52 4.57 4.76 4.91 5.03 5.26 5.73
9.75 8.97 8.10 8.14 8.63 9.69 10.50 10.75 10.48 10.22 10.07 9.83 9.81 9.88 9.90 9.77 9.67 9.88 10.35 10.84 11.17 11.15 10.65 9.71 8.69 7.77 6.98 6.28 5.75 5.62 5.89 6.46 6.90 7.14 7.44 7.69 7.76 7.92 8.30 8.38 8.40 8.73 9.61 10.41 11.02 11.13 10.79 10.40 10.11 9.63 8.73 7.87 7.72 8.09 8.41 8.86 9.58 10.56 11.31 11.97 12.62 13.32 14.01 14.42 14.73 14.40 13.58 12.81 12.02 11.07 9.83 8.53 7.87 7.51 7.01 6.40 6.15 6.21 6.18 5.87 5.53 5.37 5.45
9.41 8.84 8.10 7.89 8.12 8.83 9.89 10.61 10.69 10.36 9.91 9.51 9.47 9.63 9.80 9.78 9.56 9.51 9.76 9.98 9.86 9.21 8.18 7.12 6.28 5.68 5.32 5.25 5.39 5.78 6.65 7.61 8.12 8.35 8.53 8.77 8.98 9.10 9.15 9.24 9.36 9.65 10.03 10.44 10.49 10.12 9.60 9.53 9.97 10.22 9.97 9.35 8.61 8.46 8.49 8.90 9.70 10.63 11.20 11.77 12.20 12.88 13.48 13.88 14.49 14.82 14.79 14.53 13.96 13.17 12.51 11.84 11.00 9.85 8.77 8.32 8.36 8.46 8.01 7.19 6.26 5.53 5.09
9.80 9.62 9.02 8.48 8.37 8.57 9.30 10.21 10.68 10.54 9.91 9.29 8.99 8.91 8.96 8.97 9.00 9.07 9.09 8.69 7.81 6.66 5.65 4.90 4.33 3.95 3.83 4.13 4.90 6.10 7.37 8.23 8.86 9.27 9.51 9.68 9.76 9.72 9.66 9.70 9.96 10.13 10.30 10.20 9.69 8.80 8.46 8.70 9.38 10.30 10.63 10.40 9.87 9.39 9.25 9.44 9.82 10.38 10.80 11.11 11.14 11.06 10.76 10.94 11.85 13.07 14.00 14.71 15.18 15.19 15.19 14.92 14.07 12.82 11.48 10.85 10.57 10.09 9.14 7.69 6.43 5.53 4.98
10.02 9.72 9.28 8.89 8.70 8.70 8.99 9.75 10.58 10.99 10.81 10.19 9.65 9.17 8.79 8.53 8.58 8.66 8.28 7.28 5.97 4.89 4.17 3.72 3.47 3.38 3.36 3.51 4.15 5.29 6.50 7.31 8.03 8.71 9.25 9.59 9.60 9.58 9.54 9.65 9.88 10.15 10.32 10.08 9.56 8.73 8.28 8.34 8.74 9.47 10.33 10.59 10.56 10.17 9.81 9.51 9.47 9.57 9.86 9.87 9.70 9.21 8.67 8.65 9.23 10.37 11.88 13.25 14.32 14.98 15.49 15.78 15.45 14.83 14.06 13.20 12.03 10.55 8.94 7.48 6.50 5.86 5.23
9.29 8.53 7.88 8.04 8.28 8.38 8.46 8.93 9.90 10.80 11.17 10.84 10.23 9.63 9.13 8.68 8.48 8.17 7.41 6.33 5.45 4.91 4.42 4.14 4.02 4.12 4.22 4.15 4.16 4.42 4.80 5.33 5.94 6.63 7.33 7.93 8.38 8.69 8.96 9.31 9.48 9.70 9.75 9.52 9.20 8.71 8.12 7.94 8.09 8.50 9.21 10.06 10.35 10.22 9.75 9.06 8.78 8.65 8.79 8.68 8.31 7.65 7.27 7.54 8.20 8.94 9.78 10.68 11.59 12.34 12.98 13.65 14.29 14.57 14.55 14.19 12.74 10.55 8.86 7.93 7.29 6.44 5.42
8.06 7.27 6.57 6.81 7.10 7.11 7.06 7.48 8.34 9.53 10.42 10.61 10.19 9.62 9.20 8.77 8.38 7.85 7.20 6.67 6.36 6.19 6.08 5.93 5.82 5.89 5.87 5.71 5.37 5.06 4.97 4.97 5.03 5.21 5.59 6.30 7.23 7.83 8.36 8.83 8.93 8.87 8.45 7.71 6.93 6.61 6.58 6.65 6.87 7.52 8.22 9.01 9.59 9.61 9.09 8.51 8.22 8.20 8.15 7.98 7.45 6.65 6.58 6.94 7.58 8.13 8.44 8.66 8.99 9.45 9.53 10.10 11.25 12.42 13.32 13.85 13.39 11.81 10.08 9.05 7.98 6.84 5.93
7.94 7.52 7.18 7.09 6.66 6.29 6.22 6.40 6.92 7.93 9.16 9.99 10.11 9.68 9.18 8.66 8.24 7.89 7.70 7.68 7.85 8.01 8.13 8.09 7.97 7.85 7.73 7.39 7.00 6.67 6.46 6.22 5.87 5.53 5.49 5.98 6.76 7.35 7.92 8.38 8.42 8.05 7.10 5.62 4.77 4.71 5.07 5.58 6.22 6.87 7.56 8.17 8.64 8.83 8.51 8.32 8.23 8.29 8.12 7.94 7.52 7.01 6.97 6.96 7.03 6.95 6.96 7.23 7.61 7.93 8.05 8.27 8.99 10.08 11.01 12.33 13.36 13.20 11.95 10.23 8.56 7.66 7.34
8.86 8.92 9.06 8.85 8.26 7.32 6.69 6.39 6.35 6.73 7.63 8.85 9.65 9.75 9.27 8.59 8.20 8.13 8.35 8.82 9.27 9.69 10.02 10.17 10.16 9.88 9.43 8.90 8.27 7.67 7.31 7.13 6.98 6.71 6.38 6.38 6.86 7.40 8.01 8.40 8.32 7.68 6.61 5.46 5.06 5.33 5.93 6.64 7.13 7.37 7.48 7.68 8.04 8.43 8.41 8.40 8.35 8.44 8.31 8.31 8.17 7.89 7.51 6.82 6.23 5.87 5.81 6.19 6.79 7.31 7.60 7.86 8.08 8.65 9.36 10.53 12.26 13.37 13.36 12.35 10.85 10.17 9.99
9.51 9.89 10.26 10.07 9.57 8.71 7.79 7.01 6.49 6.22 6.42 7.23 8.43 9.17 9.17 8.62 8.27 8.38 8.94 9.73 10.38 11.00 11.55 11.96 11.98 11.70 11.23 10.56 9.65 8.62 7.77 7.37 7.38 7.67 7.90 7.86 7.90 8.27 8.83 9.15 9.16 8.67 7.75 7.15 7.24 7.78 8.47 8.84 8.84 8.24 7.79 7.54 7.86 8.29 8.48 8.49 8.40 8.52 8.53 8.76 8.76 8.48 7.86 6.78 5.81 5.27 5.29 5.70 6.25 6.71 7.12 7.41 7.65 7.87 8.44 9.21 10.55 12.32 13.61 14.31 14.28 13.73 12.95
