project/data/elevation/US_DEM2016/US_DEM2016_point_10-27-2019_2236_30m_ang.asc
ncols	125
nrows	167
xllcorner	-2042055.000000
yllcorner	1465035.000000
cellsize	30.000000
NODATA_value	-9999.000000
[rows 0 to 55 of 167, columns 0 to 95 of 125]
40 45 52 45 27 15 11 11 14 17 19 17 12 14 19 22 22 21 17 15 15 16 18 19 20 22 23 24 25 27 30 32 35 41 45 44 36 28 22 20 20 19 19 21 24 27 27 24 22 23 24 26 26 25 24 24 27 29 32 34 34 31 24 20 20 22 26 31 35 38 39 37 35 32 30 30 28 21 18 22 22 18 19 25 28 28 26 25 23 21 20 20 20 20 19 18
40 45 52 45 27 15 11 11 14 17 19 17 12 14 19 22 22 21 17 15 15 16 18 19 20 22 23 24 25 27 30 32 35 41 45 44 36 28 22 20 20 19 19 21 24 27 27 24 22 23 24 26 26 25 24 24 27 29 32 34 34 31 24 20 20 22 26 31 35 38 39 37 35 32 30 30 28 21 18 22 22 18 19 25 28 28 26 25 23 21 20 20 20 20 19 18
47 49 50 41 22 9 5 8 13 18 21 18 12 14 21 25 24 21 16 14 15 17 19 21 22 24 26 27 28 29 31 34 37 42 44 42 36 29 23 21 20 20 21 22 24 25 25 22 21 23 26 27 27 26 24 25 27 28 30 33 33 30 23 20 21 24 28 31 32 33 34 33 33 32 31 31 28 21 18 23 24 18 19 26 29 27 24 23 21 19 19 19 19 19 18 17
53 52 47 35 14 355 350 357 10 20 25 21 13 16 27 31 28 21 16 13 15 19 22 25 27 29 31 32 31 31 33 35 38 40 39 37 33 30 24 20 19 19 20 22 23 23 22 21 22 25 29 30 30 28 27 27 28 30 31 31 31 27 23 21 25 30 33 33 32 31 31 31 32 33 33 32 28 22 21 27 26 18 18 27 31 28 23 21 18 17 16 17 17 17 15 15
55 53 45 34 17 355 340 343 1 18 26 25 17 18 31 36 31 21 15 13 16 21 26 28 31 34 35 33 30 29 31 34 34 35 34 33 31 29 24 15 11 13 16 18 20 20 20 21 23 27 31 32 32 31 31 31 33 34 33 32 31 29 27 27 31 36 39 39 38 37 37 37 37 37 36 34 31 27 26 29 26 16 14 27 33 31 25 20 17 15 15 15 15 14 13 16
56 53 44 33 21 7 349 337 345 6 23 26 20 19 31 36 31 19 11 11 17 25 30 32 34 36 35 31 27 27 29 30 31 32 32 32 31 29 25 16 7 7 10 14 18 19 20 22 25 29 32 33 32 32 33 33 33 33 33 33 34 34 34 35 37 40 43 45 47 47 46 46 45 43 40 37 34 32 29 27 23 15 13 27 36 35 27 20 16 15 14 13 12 13 16 23
54 50 41 31 23 16 5 351 342 347 9 21 17 16 26 34 31 20 10 11 20 30 34 35 35 35 33 28 25 25 26 28 30 31 31 30 30 29 26 21 12 6 6 11 17 21 22 24 29 33 35 34 32 31 30 28 26 26 27 30 35 40 41 41 41 42 43 45 46 47 48 47 46 43 41 39 38 36 31 26 22 16 14 26 37 36 28 19 15 14 12 10 12 16 25 36
50 46 37 29 24 21 16 9 358 346 349 5 7 9 20 31 32 25 16 15 25 34 37 36 34 33 30 27 24 23 25 27 29 29 27 26 26 26 26 24 20 14 9 9 17 23 27 30 34 36 36 33 30 28 27 26 25 26 28 31 37 41 42 42 41 42 44 44 43 42 43 42 42 41 40 40 39 37 32 28 24 18 18 25 33 33 26 17 14 12 10 10 16 27 39 48
44 40 32 28 26 24 21 17 11 1 353 351 350 356 12 28 33 30 24 22 29 36 37 36 34 30 27 25 24 23 23 25 25 23 20 20 21 23 24 24 23 21 18 14 14 19 24 29 33 36 36 33 30 28 29 29 30 32 35 38 39 40 39 38 38 41 43 43 40 38 37 38 39 39 37 36 34 32 30 27 23 20 20 8 23 24 20 13 11 11 10 14 25 38 45 49
36 34 30 28 27 26 23 19 14 9 4 356 347 346 0 22 33 32 28 27 31 35 36 36 33 28 23 23 23 22 21 20 20 18 16 16 19 21 23 23 24 24 24 21 15 12 18 26 31 35 36 36 34 34 36 38 39 41 42 42 40 40 38 35 34 37 39 39 36 34 32 33 34 33 30 28 27 26 25 22 20 19 18 17 15 15 12 8 9 11 14 22 33 40 40 40
28 29 31 30 28 25 22 18 15 12 9 5 359 352 354 13 28 28 26 27 31 33 33 32 28 24 22 21 20 19 17 16 16 16 16 17 20 22 23 23 23 25 26 26 21 13 15 25 32 36 38 38 38 39 42 46 47 46 44 41 39 39 38 32 28 31 35 35 34 29 25 27 28 26 24 22 22 23 23 23 20 18 17 16 15 12 7 3 7 13 20 26 30 31 31 30
24 28 31 30 27 23 20 18 16 14 13 11 9 5 1 7 17 18 20 25 30 31 30 27 24 22 20 18 16 15 15 15 18 21 22 22 23 24 24 23 24 25 27 28 26 20 18 26 35 38 40 40 39 39 43 46 47 44 40 38 38 37 34 29 23 26 31 33 32 26 21 22 24 23 21 21 22 25 29 30 27 24 22 20 17 12 5 360 5 13 18 20 21 23 24 24
31 32 30 28 25 23 20 19 19 18 17 16 15 13 9 7 9 10 14 23 30 32 30 25 21 19 18 16 14 16 18 22 27 32 32 29 27 28 28 27 26 25 27 29 29 26 24 30 38 43 43 43 43 44 45 43 40 35 33 34 34 33 30 26 21 22 28 31 30 25 19 19 21 22 22 25 30 36 41 44 43 39 32 26 19 11 2 357 360 6 9 12 15 17 17 17
37 34 27 24 24 25 25 25 24 23 22 21 20 18 16 12 9 9 12 23 32 35 31 26 22 20 19 20 22 26 32 39 45 47 43 38 37 38 37 34 31 29 30 31 32 31 30 33 39 43 45 46 48 47 44 39 33 27 27 29 30 30 28 25 21 20 23 26 27 25 21 20 22 24 28 35 42 45 46 45 45 41 32 22 14 5 358 353 354 359 2 5 9 12 12 11
35 33 28 24 26 32 35 35 34 31 28 26 23 21 20 18 15 13 15 24 34 36 32 28 27 27 29 34 40 45 48 49 49 48 46 46 48 46 43 41 40 37 36 36 34 33 33 35 38 41 43 43 43 40 37 32 27 22 22 24 26 27 26 23 19 16 17 20 24 24 22 23 26 31 38 42 43 41 38 37 37 33 26 15 6 359 354 351 349 353 358 360 3 8 10 9
34 34 32 30 33 43 51 52 48 44 39 32 27 22 21 21 20 19 20 27 32 33 32 33 35 37 38 40 44 47 47 43 40 40 40 41 42 39 36 35 35 35 34 31 29 30 32 35 39 42 41 38 35 32 30 27 23 18 18 18 20 22 22 20 17 14 13 16 19 22 25 27 31 36 38 38 36 33 31 31 32 30 23 12 3 358 355 351 347 347 353 356 359 6 11 14
39 39 38 38 41 49 56 56 51 45 38 31 24 16 14 20 23 23 24 26 27 27 31 35 37 37 36 35 36 39 39 35 33 33 33 33 33 31 27 27 27 25 22 20 19 24 30 35 39 41 39 34 30 28 27 24 19 15 14 13 13 16 18 18 17 14 12 12 15 21 26 30 33 33 31 29 28 27 27 27 28 26 20 11 5 1 357 353 347 344 348 353 357 7 17 23
43 42 39 39 41 43 44 41 34 27 22 18 14 9 6 14 22 24 24 24 24 26 31 36 37 35 32 31 30 32 33 32 29 27 27 27 28 27 23 20 20 18 16 14 15 22 30 36 39 40 37 33 28 26 24 21 16 13 11 9 9 11 15 18 19 17 13 10 11 19 26 29 28 25 23 21 21 22 22 23 24 22 18 13 9 6 1 355 348 342 344 350 357 8 17 21
41 40 37 36 36 35 32 26 20 16 14 12 11 10 9 11 17 22 23 22 23 27 32 35 35 32 31 29 27 26 28 27 24 22 20 22 23 23 20 16 14 14 14 15 18 25 33 38 40 40 36 31 27 25 22 18 14 11 10 9 9 11 14 19 22 22 18 10 7 15 24 25 23 20 18 16 16 17 18 20 22 22 19 16 13 10 5 357 348 342 343 349 356 4 10 13
42 42 40 34 31 29 24 19 15 13 13 13 14 14 13 13 14 18 20 20 23 27 30 33 33 31 29 27 24 21 22 22 20 17 15 15 18 19 17 14 13 14 17 21 27 33 38 39 39 37 33 29 26 24 22 17 12 11 11 12 13 14 16 20 24 25 22 16 7 8 17 21 20 18 17 15 14 15 17 20 23 25 24 20 17 13 7 359 350 345 345 348 352 357 3 9
48 48 42 32 25 22 20 17 15 15 15 16 17 18 17 16 15 17 17 18 22 25 27 29 30 28 26 24 21 16 15 15 15 13 12 13 15 18 17 16 16 20 25 31 36 37 37 36 34 31 28 25 24 24 22 17 13 13 16 18 21 23 23 25 29 30 28 23 13 5 10 17 18 19 19 17 15 15 18 22 27 30 30 25 18 12 7 2 357 352 350 350 350 352 359 9
50 45 35 24 19 18 18 18 18 19 19 20 20 20 19 19 18 17 15 15 18 20 22 24 25 24 22 20 17 13 10 10 11 12 12 14 17 19 21 22 25 30 36 40 39 36 32 29 26 24 22 22 23 24 23 19 17 19 23 28 32 35 38 42 46 48 45 38 24 6 2 12 20 22 22 22 21 21 22 26 31 34 34 29 21 13 9 7 4 360 355 351 350 352 359 10
40 34 24 19 18 19 21 22 22 23 23 22 21 20 21 22 20 16 12 12 13 15 17 20 21 21 19 17 15 11 8 9 11 15 17 19 22 25 29 33 37 41 43 41 36 31 28 24 21 19 20 21 23 24 24 24 24 26 31 37 42 47 52 57 63 65 63 58 44 13 351 3 21 28 29 29 28 27 27 27 33 37 37 34 28 20 15 13 10 5 357 351 352 355 1 8
26 23 19 19 21 24 26 26 25 25 24 23 21 21 21 22 19 14 11 10 10 12 15 17 19 19 18 16 14 12 11 13 17 22 25 26 30 36 41 44 45 45 41 36 31 27 25 21 18 18 19 21 23 25 26 28 30 33 36 41 45 48 51 53 54 53 50 45 36 22 1 345 14 37 37 31 28 28 27 26 31 37 40 39 35 29 22 16 11 6 358 351 352 356 359 4
13 14 18 22 27 30 30 29 28 26 25 24 22 21 20 20 16 12 11 12 12 14 16 17 18 18 18 17 16 17 19 23 29 34 36 38 44 49 50 48 44 39 35 30 26 24 22 20 18 18 19 21 22 24 28 31 34 36 37 40 42 43 42 41 38 34 31 29 28 27 23 12 16 52 50 30 24 29 28 24 29 37 42 43 40 34 26 17 11 6 360 353 353 354 356 2
1 6 17 25 31 34 34 31 29 28 26 24 22 19 17 15 12 10 12 14 16 16 16 15 15 16 18 20 22 26 31 36 41 45 47 49 51 52 49 43 36 32 29 26 22 19 20 21 21 20 20 20 21 23 27 31 34 36 37 38 38 37 35 32 29 25 24 25 27 27 26 25 26 37 44 29 21 38 32 21 26 34 41 43 41 37 31 22 14 9 3 356 353 354 356 2
355 0 14 25 32 35 35 32 29 27 25 22 20 16 13 8 8 8 11 14 14 13 12 12 13 16 21 26 30 36 41 45 46 46 47 47 45 43 41 36 31 27 25 22 18 16 18 22 24 25 23 21 19 19 23 29 32 34 34 34 32 30 28 25 23 22 22 23 23 23 23 24 26 30 32 27 26 36 24 5 11 25 34 40 42 40 36 28 18 12 5 358 354 355 358 3
355 359 10 21 30 35 35 32 28 25 22 19 17 14 10 8 5 5 8 11 11 10 10 12 16 22 29 35 39 44 47 46 44 41 40 39 37 35 35 32 27 24 22 19 15 14 17 22 27 29 28 23 16 13 18 26 30 31 31 29 26 24 21 20 20 20 20 20 19 20 22 24 24 25 25 25 25 24 16 3 356 6 23 36 41 42 39 33 23 14 8 359 354 356 360 4
1 3 8 16 25 33 35 34 30 26 23 19 16 14 11 8 4 2 5 7 10 11 14 19 25 32 39 44 46 46 44 40 37 35 34 33 32 30 30 29 26 22 20 17 14 13 16 22 28 31 31 25 14 7 12 21 26 27 26 25 22 19 18 19 20 22 21 19 19 21 23 23 22 22 22 21 20 17 15 12 4 356 7 27 38 41 40 36 28 19 11 2 356 357 1 6
10 9 9 11 18 29 35 35 32 29 25 22 18 15 14 9 5 2 3 6 12 18 24 32 39 45 50 51 46 40 36 33 31 30 29 29 28 27 26 26 25 22 20 17 14 13 15 20 26 30 30 27 17 6 5 13 20 23 23 23 21 17 17 19 22 23 23 22 21 21 20 20 21 21 20 18 17 16 15 16 16 9 3 15 31 38 39 37 32 25 15 5 358 357 1 9
12 12 13 12 13 22 31 35 34 31 28 24 19 16 15 7 5 3 5 10 21 32 42 49 56 61 62 57 45 34 29 28 27 26 26 26 26 25 25 25 25 23 21 20 18 16 14 15 20 26 29 29 22 10 2 5 14 20 22 24 23 20 17 19 23 25 26 24 22 20 18 19 21 22 21 18 18 18 20 22 24 21 16 14 24 33 37 37 34 29 21 11 2 359 2 9
10 13 17 17 13 15 25 32 34 32 29 25 21 17 15 11 5 5 10 21 35 46 55 61 64 65 63 58 46 35 31 29 27 26 25 25 26 26 25 26 25 24 23 22 21 18 13 10 13 21 27 30 26 15 4 2 10 19 25 29 29 24 18 17 20 25 27 26 23 21 19 20 23 24 23 22 22 24 27 28 28 26 25 25 25 27 34 36 34 30 25 18 9 2 2 6
12 18 24 23 17 13 19 28 33 33 31 28 24 20 16 11 7 10 19 32 41 52 57 57 56 54 53 51 47 43 41 39 33 30 29 29 28 27 27 27 28 28 26 25 23 22 17 9 7 15 24 30 29 20 8 4 10 21 30 36 37 30 18 13 14 21 26 26 26 24 22 22 24 26 27 27 29 31 31 29 28 28 30 31 29 26 28 30 32 30 27 22 16 6 0 2
29 31 33 28 20 13 13 23 30 33 34 32 29 24 18 13 11 16 25 36 40 40 44 45 43 42 43 44 42 40 39 39 37 34 33 32 30 28 28 29 32 33 33 32 31 30 25 13 2 6 18 29 32 25 14 8 12 23 34 41 43 35 20 7 5 15 23 26 28 29 25 24 27 30 31 32 34 34 31 29 29 31 32 30 27 24 22 22 23 24 25 24 18 8 359 358
40 38 31 25 20 14 9 14 24 31 34 35 32 27 21 17 16 19 28 32 29 33 35 36 35 36 37 39 38 34 30 30 31 30 30 30 29 28 28 31 35 39 41 42 41 38 30 15 358 353 7 26 33 29 17 10 13 23 35 42 44 37 22 6 359 7 20 25 29 32 28 23 29 34 34 34 35 35 33 30 30 30 29 26 22 18 18 18 17 14 15 16 13 6 357 354
40 35 26 21 19 16 11 9 15 26 33 35 35 31 25 20 19 18 18 22 23 26 27 28 29 31 33 35 36 34 29 26 26 26 26 26 26 26 27 30 36 41 43 42 36 30 22 12 360 349 355 18 32 30 18 11 14 23 34 41 42 37 26 13 2 2 14 22 27 32 30 22 28 35 33 31 33 35 34 31 27 26 25 23 19 17 17 18 17 13 9 7 4 1 356 353
36 32 24 21 20 19 17 14 14 21 30 35 36 34 29 24 20 14 18 15 17 19 21 22 24 27 30 33 35 35 32 26 23 22 23 23 22 22 23 26 31 36 38 34 27 20 14 10 6 357 353 6 26 29 19 12 15 23 33 39 41 37 30 22 14 5 6 15 22 31 31 22 27 34 30 26 30 34 33 29 25 23 23 23 21 21 22 22 19 14 8 3 1 359 357 354
33 30 26 24 23 24 23 21 19 22 27 32 35 36 33 28 20 11 8 10 13 14 17 19 22 25 28 31 34 35 33 28 22 19 20 21 20 19 19 20 24 28 29 27 23 17 14 13 11 6 357 358 18 26 19 13 15 24 32 39 40 38 32 27 22 14 7 6 14 28 31 24 26 33 28 21 25 31 31 28 23 24 26 27 27 27 26 24 18 12 7 2 360 359 358 357
31 30 29 28 28 28 28 27 26 25 20 28 31 35 29 29 20 20 6 7 11 14 17 19 22 25 28 30 33 35 34 30 23 19 18 19 18 17 16 15 16 20 24 25 24 20 18 18 17 12 2 355 8 21 18 13 16 24 33 40 43 41 36 32 28 23 16 7 5 23 31 25 24 31 27 17 18 26 30 27 24 26 31 34 34 30 25 19 14 11 8 4 1 359 1 1
32 33 33 32 32 32 32 31 28 25 22 22 26 23 24 26 27 15 17 9 14 19 21 22 23 25 26 28 31 33 34 31 26 20 16 14 14 14 15 14 10 13 21 26 28 27 23 22 20 15 5 356 0 15 15 12 15 23 34 43 49 48 44 41 37 33 29 19 4 13 29 24 19 28 28 16 12 21 29 29 25 28 35 37 35 29 21 15 13 12 10 9 7 5 5 5
35 36 36 34 33 32 31 28 24 20 18 18 22 26 18 33 26 20 18 17 19 22 22 21 21 23 24 26 29 31 33 31 26 20 14 10 10 11 14 15 11 10 18 28 32 31 26 23 20 16 9 0 359 9 12 11 14 24 36 47 53 54 53 52 49 44 38 28 15 9 22 18 12 22 27 17 8 15 28 30 24 25 33 35 33 28 22 16 14 14 14 14 14 13 10 9
38 37 35 32 30 29 26 24 20 17 16 17 20 22 21 19 20 23 23 20 18 18 18 18 19 22 24 25 27 29 31 30 25 18 13 9 8 9 14 18 17 12 15 28 36 36 31 25 22 19 15 9 3 6 10 11 16 26 38 49 54 56 54 52 48 42 36 31 25 19 15 4 359 15 26 19 7 9 24 29 22 20 27 31 31 30 26 21 18 18 19 19 19 18 16 14
38 36 32 29 28 26 24 21 17 15 16 18 20 19 18 18 20 22 21 18 14 14 14 15 16 20 22 24 25 27 28 27 22 17 14 12 9 9 14 21 23 18 16 27 39 41 36 29 24 23 21 17 12 8 8 12 18 26 36 46 51 52 49 43 38 34 32 31 28 24 19 5 349 8 29 21 1 359 17 26 20 16 20 25 30 33 31 26 21 20 21 22 21 21 21 20
37 35 31 28 26 25 22 18 15 15 17 19 18 28 17 18 19 20 19 15 11 11 12 13 15 18 20 22 23 24 25 25 21 17 16 18 17 13 14 22 27 25 21 28 41 45 42 35 30 29 28 24 18 10 6 10 16 22 29 39 45 47 44 38 34 32 31 28 26 26 27 23 12 11 32 16 347 341 3 19 14 11 14 21 29 36 36 31 25 22 22 23 24 23 24 23
37 34 30 26 24 21 19 17 15 15 18 19 17 27 17 18 18 18 18 14 10 9 11 13 15 18 20 21 22 22 22 23 22 18 18 21 23 20 16 20 28 30 27 30 43 49 48 43 38 35 31 27 20 8 1 4 11 17 24 33 41 44 43 40 36 32 29 27 29 32 34 32 27 22 18 6 339 322 332 358 360 2 9 18 28 37 39 36 30 26 25 26 27 27 26 23
33 31 27 23 21 19 17 17 17 18 19 20 17 15 16 16 17 17 17 15 11 10 13 15 17 19 20 22 21 20 20 24 26 21 18 22 26 27 23 21 28 34 33 34 44 52 52 46 37 32 28 25 17 2 352 357 6 15 22 30 40 44 44 41 35 31 30 32 35 35 31 27 24 21 16 8 354 337 306 332 338 346 2 14 25 35 40 39 34 28 24 25 28 29 27 23
29 28 25 22 20 19 19 19 20 21 22 20 16 13 14 15 16 17 18 17 15 14 14 15 17 19 20 21 20 19 20 26 30 26 18 20 28 32 31 27 29 35 35 36 42 50 50 44 36 32 30 25 14 356 345 348 1 12 20 29 39 44 44 41 37 34 35 36 33 28 24 21 20 17 14 10 4 354 345 336 312 334 348 7 20 31 38 39 35 27 21 21 25 27 25 23
28 26 24 23 22 22 21 21 23 25 24 20 24 14 13 15 16 18 20 21 19 17 15 15 17 19 20 21 20 20 22 29 34 31 20 18 26 33 35 33 31 32 32 33 38 45 47 45 39 37 33 24 9 354 345 345 356 9 17 26 36 43 44 42 40 38 35 29 23 19 17 16 16 14 13 11 8 2 355 348 339 333 336 355 13 25 33 37 35 28 22 21 23 24 23 22
29 26 22 22 24 25 24 23 24 26 24 21 17 18 15 16 17 21 23 23 22 20 17 17 18 20 22 22 22 22 23 28 34 34 26 19 23 32 38 38 34 31 32 34 38 45 48 48 42 35 27 16 4 355 350 348 353 5 14 23 33 40 43 42 37 32 25 18 15 13 13 13 12 12 11 11 9 6 2 357 350 339 332 340 4 20 28 35 36 32 27 26 24 21 19 18
29 26 22 21 24 26 26 24 23 23 21 19 17 18 16 16 17 21 24 26 26 23 20 19 20 22 24 26 25 22 20 25 32 35 31 22 20 30 40 43 40 37 38 40 42 47 48 46 38 27 17 9 3 359 355 352 353 1 10 18 27 36 39 37 31 24 18 14 12 12 12 12 12 11 12 12 12 11 9 7 1 350 337 334 350 12 25 34 38 36 31 29 24 17 15 14
28 26 23 20 21 24 26 25 22 19 16 15 17 17 16 14 15 19 24 28 28 26 24 22 22 23 26 29 28 23 17 21 30 35 33 26 21 29 40 44 42 40 39 39 40 42 43 39 30 19 11 7 5 3 1 357 355 360 7 15 23 32 36 35 29 23 19 15 13 13 13 14 13 13 14 15 16 16 16 15 12 5 352 342 343 1 20 33 40 38 34 31 24 17 15 17
27 26 25 21 20 22 25 25 22 14 10 11 15 17 16 15 16 20 25 29 30 29 27 25 24 24 27 32 33 26 16 18 27 34 34 29 24 27 34 37 36 34 33 32 32 32 32 27 20 15 12 10 9 7 5 0 357 360 8 15 23 32 37 38 34 29 24 21 19 18 18 18 18 18 20 22 24 24 22 20 18 15 9 359 352 356 13 32 40 39 36 32 25 21 23 27
29 28 27 24 20 19 22 25 22 11 4 7 15 18 18 18 19 21 26 30 32 32 31 29 26 25 29 36 38 32 18 13 20 30 34 32 27 24 26 28 29 28 27 26 25 23 21 18 16 16 17 17 14 11 8 4 360 3 11 19 25 33 40 43 43 39 35 33 31 28 26 26 27 28 29 32 34 34 30 26 24 21 18 9 8 332 10 27 38 37 34 30 26 25 26 27
33 32 30 26 21 17 18 23 22 11 15 9 15 21 23 24 24 25 28 33 35 34 33 31 29 27 31 38 40 35 20 10 10 21 33 34 28 22 22 25 26 26 25 24 22 18 16 15 16 20 24 24 19 14 11 7 4 6 13 18 23 31 41 47 48 47 43 40 37 35 34 35 37 38 39 40 43 43 39 34 32 31 27 22 18 347 13 22 32 31 27 25 24 23 21 20
37 35 30 26 21 14 14 21 22 13 2 12 18 27 30 30 30 30 32 35 35 34 33 32 30 29 32 37 38 33 22 11 6 12 28 33 28 23 22 25 26 27 26 23 20 17 16 16 19 24 29 29 24 17 13 10 6 7 12 17 22 29 40 48 50 48 43 38 35 36 39 46 53 56 55 54 54 54 50 47 47 45 37 28 22 18 16 18 20 20 19 19 18 17 16 15
38 35 29 24 20 15 12 18 21 15 6 18 23 34 36 38 36 36 35 34 33 32 32 31 31 30 31 34 36 32 24 16 9 8 21 28 26 23 24 26 28 28 27 24 21 19 19 19 20 25 31 32 27 21 17 12 8 8 12 17 24 32 42 49 50 48 42 37 38 41 45 49 55 63 66 66 68 67 62 56 21 40 28 20 330 12 13 13 11 12 13 13 14 14 14 12
