project/data/elevation/US_DEM2016/US_DEM2016_point_11-01-2019_1321_30m_vel.asc
ncols	125
nrows	167
xllcorner	-2042055.000000
yllcorner	1465035.000000
cellsize	30.000000
NODATA_value	-9999.000000
[rows 38 to 75 of 167, columns 0 to 83 of 125]
6.30 6.15 5.79 5.47 5.12 4.90 4.71 4.39 4.00 3.64 3.52 3.57 3.78 4.13 4.47 4.62 4.61 4.68 5.00 5.45 5.70 5.81 5.89 6.04 6.24 6.37 6.52 6.62 6.42 6.06 5.67 5.32 5.13 5.11 5.27 5.67 6.10 6.32 6.53 6.93 7.33 7.37 7.43 7.14 7.07 7.00 6.61 5.91 5.39 5.01 4.85 4.85 4.87 4.94 5.03 5.09 5.15 5.38 5.53 5.65 5.61 5.29 5.04 4.78 4.46 4.18 3.90 3.79 3.83 3.98 4.05 4.07 4.21 4.53 4.75 4.95 5.19 5.70 6.36 7.07 7.62 7.91 7.79 7.29
6.19 5.72 5.05 4.72 4.43 4.30 4.15 3.95 3.75 3.60 3.58 3.67 3.87 4.07 4.25 4.37 4.44 4.50 4.59 4.68 4.62 4.54 4.56 4.78 5.23 5.73 6.13 6.48 6.59 6.43 6.13 5.82 5.60 5.57 5.88 6.41 6.76 6.93 7.05 7.33 7.61 7.56 7.48 7.34 7.13 6.82 6.26 5.62 5.17 4.80 4.73 4.89 5.01 4.98 5.10 5.24 5.39 5.59 5.53 5.35 4.99 4.47 4.05 3.93 3.88 3.81 3.59 3.46 3.53 3.70 3.82 3.90 4.08 4.38 4.60 4.70 4.79 5.12 5.60 5.90 5.97 6.31 6.90 7.10
5.93 5.38 4.61 4.25 4.11 4.04 4.02 4.02 4.06 4.12 4.24 4.40 4.44 4.32 4.20 4.20 4.28 4.33 4.23 4.01 3.90 3.93 4.13 4.48 5.03 5.49 5.87 6.22 6.48 6.57 6.48 6.30 6.25 6.50 6.94 7.41 7.72 7.89 7.70 7.50 7.45 7.05 6.76 6.78 6.67 6.65 6.46 6.27 5.98 5.73 5.46 5.39 5.37 5.16 5.19 5.28 5.41 5.50 5.29 4.87 4.36 3.73 3.07 2.85 2.86 2.97 3.13 3.27 3.39 3.47 3.53 3.72 4.06 4.38 4.54 4.56 4.55 4.70 5.04 5.22 5.12 5.29 6.09 7.01
5.76 5.33 4.74 4.49 4.45 4.47 4.46 4.47 4.57 4.77 5.00 5.11 4.93 4.57 4.32 4.27 4.34 4.35 4.22 4.04 4.03 4.21 4.48 4.74 4.97 5.21 5.39 5.63 6.03 6.37 6.69 6.72 6.91 7.31 7.75 8.12 8.30 8.19 7.87 7.41 6.98 6.49 6.07 5.90 6.08 6.18 6.35 6.44 6.51 6.51 6.40 6.00 5.62 5.25 5.08 5.03 4.98 4.88 4.66 4.37 3.97 3.44 2.86 2.66 2.78 2.99 3.20 3.30 3.30 3.32 3.39 3.56 3.91 4.28 4.40 4.34 4.39 4.64 4.93 4.98 4.87 4.87 5.34 6.42
5.74 5.50 5.15 5.01 4.97 4.91 4.83 4.83 5.00 5.27 5.46 5.43 5.05 4.76 4.65 4.67 4.70 4.71 4.69 4.71 4.82 4.98 5.15 5.29 5.41 5.41 5.38 5.44 5.76 6.13 6.72 7.29 7.70 8.07 8.24 8.12 7.89 7.54 7.10 6.68 6.28 5.90 5.46 5.29 5.37 5.53 5.75 5.85 6.02 6.14 6.18 5.92 5.55 5.12 4.89 4.83 4.69 4.46 4.29 4.30 4.14 3.85 3.59 3.57 3.75 3.75 3.58 3.40 3.41 3.50 3.51 3.46 3.57 3.80 3.82 3.72 3.99 4.51 4.83 4.80 4.73 4.82 5.22 6.05
5.72 5.55 5.34 5.24 5.19 5.16 5.18 5.32 5.55 5.75 5.76 5.54 5.11 4.93 4.91 4.97 5.07 5.13 5.24 5.43 5.66 5.84 5.93 5.98 5.99 5.87 5.77 5.78 5.94 6.16 6.71 7.33 7.84 8.22 8.09 7.62 7.03 6.50 6.05 5.82 5.68 5.43 5.03 4.72 4.77 4.99 5.13 4.98 4.73 4.50 4.55 4.84 4.99 4.92 4.87 4.99 5.01 4.95 4.95 4.98 4.84 4.69 4.67 4.73 4.50 4.12 3.93 3.96 4.02 3.82 3.44 3.14 3.13 3.21 3.13 3.12 3.47 4.11 4.45 4.43 4.60 5.02 5.49 5.85
5.69 5.58 5.47 5.45 5.54 5.74 5.97 6.15 6.23 6.21 5.99 5.60 5.20 5.02 5.01 5.12 5.27 5.42 5.61 5.87 6.13 6.27 6.30 6.22 6.09 5.92 5.85 5.90 6.10 6.36 6.91 7.33 7.58 7.56 7.28 6.97 6.59 6.12 5.50 5.13 5.01 4.90 4.64 4.32 4.27 4.49 4.37 4.06 3.63 3.39 3.51 3.88 4.25 4.52 4.89 5.31 5.55 5.66 5.69 5.57 5.42 5.33 5.18 4.98 4.54 4.36 4.50 4.54 4.18 3.46 2.98 2.86 2.94 2.99 2.97 3.05 3.42 3.88 4.14 4.16 4.38 4.95 5.32 5.45
5.83 5.84 5.89 6.00 6.16 6.39 6.59 6.67 6.61 6.42 6.08 5.67 5.38 5.26 5.33 5.45 5.56 5.70 5.89 6.05 6.12 6.09 6.00 5.89 5.83 5.75 5.72 5.84 6.22 6.66 7.17 7.04 6.93 6.57 6.32 6.35 6.22 5.92 5.27 4.73 4.40 4.29 4.12 3.84 3.81 3.94 3.90 3.87 3.87 3.91 3.88 3.78 3.79 4.14 4.82 5.47 5.68 5.69 5.63 5.60 5.51 5.47 5.24 5.03 4.94 5.01 4.86 4.31 3.53 3.02 2.95 3.15 3.29 3.31 3.32 3.51 3.87 4.15 4.22 4.21 4.30 4.57 4.93 5.14
6.06 6.13 6.27 6.41 6.48 6.50 6.49 6.44 6.35 6.16 5.89 5.60 5.56 5.66 5.86 5.96 5.99 6.03 6.04 5.99 5.87 5.70 5.54 5.49 5.58 5.65 5.72 5.96 6.45 6.90 7.11 6.84 6.29 5.89 5.65 5.54 5.50 5.43 5.11 4.60 4.06 3.80 3.73 3.73 3.84 3.95 4.19 4.35 4.42 4.22 3.86 3.61 3.79 4.37 5.06 5.45 5.53 5.48 5.46 5.55 5.48 5.48 5.39 5.33 5.26 5.02 4.25 3.63 3.41 3.52 3.79 3.96 4.00 4.00 4.08 4.27 4.50 4.59 4.59 4.59 4.58 4.64 4.86 5.17
6.14 6.14 6.21 6.30 6.25 6.10 5.92 5.76 5.63 5.53 5.37 5.27 5.36 5.66 5.95 6.11 6.15 6.08 5.94 5.78 5.63 5.47 5.34 5.31 5.40 5.54 5.73 6.10 6.58 6.84 6.70 6.21 5.81 5.46 5.13 4.90 4.83 4.91 4.91 4.70 4.13 3.84 3.89 4.20 4.38 4.50 4.59 4.38 3.98 3.47 3.26 3.52 4.38 5.37 5.81 5.77 5.69 5.63 5.63 5.67 5.57 5.55 5.43 5.28 4.98 4.46 4.03 4.02 4.38 4.79 5.05 5.11 5.10 5.08 5.08 5.17 5.27 5.26 5.27 5.32 5.12 4.98 5.09 5.32
6.11 6.05 5.89 5.87 5.80 5.60 5.36 5.15 5.02 4.92 4.80 4.77 4.87 5.17 5.47 5.66 5.77 5.77 5.68 5.55 5.42 5.30 5.20 5.15 5.18 5.31 5.50 5.92 6.47 6.65 6.42 5.94 5.61 5.25 4.79 4.40 4.34 4.46 4.59 4.52 4.16 3.89 3.93 4.18 4.35 4.47 4.44 3.93 3.45 3.27 3.59 4.60 5.86 6.59 6.74 6.35 6.05 5.87 5.81 5.88 5.86 5.80 5.60 5.34 5.23 5.30 5.63 6.09 6.50 6.77 6.83 6.81 6.77 6.72 6.64 6.63 6.63 6.51 6.33 6.01 5.51 5.14 5.20 5.30
6.12 6.04 5.73 5.53 5.47 5.37 5.18 4.98 4.85 4.69 4.62 4.64 4.76 5.00 5.20 5.33 5.42 5.48 5.46 5.35 5.19 5.06 4.97 4.94 4.96 5.04 5.19 5.67 6.35 6.49 6.24 5.94 5.68 5.35 4.86 4.33 4.16 4.06 4.00 3.90 3.70 3.48 3.40 3.48 3.73 3.99 4.18 3.96 3.82 4.10 5.11 6.42 7.24 7.46 7.19 6.62 6.20 6.02 6.01 6.23 6.33 6.35 6.18 6.19 6.51 7.05 7.69 8.25 8.61 8.76 8.78 8.74 8.69 8.63 8.52 8.37 8.21 7.99 7.49 6.73 5.92 5.34 5.20 5.15
6.19 6.08 5.72 5.44 5.35 5.35 5.32 5.21 5.08 4.97 5.05 5.19 5.32 5.47 5.56 5.56 5.53 5.46 5.35 5.18 5.00 4.84 4.75 4.73 4.77 4.89 5.11 5.68 6.27 6.23 5.76 5.69 5.60 5.40 5.20 4.84 4.43 3.97 3.60 3.48 3.42 3.37 3.40 3.50 3.73 4.02 4.46 4.73 5.03 5.79 6.94 7.69 7.89 7.47 6.99 6.47 6.16 6.08 6.04 6.14 6.29 6.50 6.57 6.75 7.27 7.86 8.28 8.68 8.89 8.99 9.05 9.11 9.14 9.13 9.01 8.81 8.60 8.39 8.01 7.46 6.81 6.13 5.48 5.11
6.25 6.05 5.66 5.50 5.40 5.36 5.38 5.40 5.35 5.34 5.59 5.89 6.04 6.10 6.08 5.94 5.74 5.51 5.29 5.13 4.98 4.81 4.64 4.57 4.65 4.88 5.19 5.71 6.02 5.67 5.22 5.19 5.19 5.25 5.29 5.23 4.79 4.27 3.97 3.94 4.07 4.29 4.49 4.58 4.70 5.03 5.72 6.47 7.24 7.89 8.23 8.20 7.69 6.94 6.49 6.10 5.86 5.71 5.55 5.45 5.57 5.80 6.28 6.55 6.93 7.15 7.06 6.97 6.89 6.98 7.18 7.45 7.57 7.58 7.49 7.38 7.35 7.28 7.19 7.16 7.05 6.79 6.29 5.57
6.19 5.82 5.36 5.27 5.25 5.24 5.29 5.37 5.42 5.50 5.77 6.13 6.29 6.32 6.19 5.93 5.62 5.36 5.18 5.05 4.91 4.75 4.56 4.48 4.61 4.90 5.20 5.57 5.60 5.08 4.78 4.79 4.79 4.84 5.04 5.05 4.91 4.77 4.75 4.96 5.21 5.42 5.57 5.74 6.04 6.59 7.37 8.06 8.52 8.63 8.43 7.85 7.16 6.47 6.07 5.73 5.44 5.15 5.02 4.93 5.04 5.28 5.58 5.87 5.95 5.58 5.08 4.57 4.43 4.57 4.83 5.12 5.27 5.24 5.23 5.21 5.34 5.40 5.44 5.65 6.01 6.25 6.24 5.94
5.99 5.56 5.00 4.82 4.84 4.95 5.15 5.30 5.41 5.52 5.65 5.82 5.92 5.85 5.66 5.39 5.16 4.99 4.87 4.75 4.62 4.51 4.48 4.57 4.76 4.96 5.17 5.37 5.29 4.96 4.76 4.77 4.75 4.73 4.71 4.72 4.83 4.93 5.11 5.44 5.78 5.93 6.10 6.40 6.96 7.62 8.18 8.47 8.38 8.04 7.61 7.14 6.65 6.21 5.87 5.56 5.29 5.06 5.06 5.10 5.25 5.37 5.36 5.37 5.10 4.59 4.10 3.88 3.94 4.04 3.96 3.78 3.72 3.71 3.72 3.75 3.92 4.07 4.10 4.06 4.17 4.42 4.61 4.82
5.78 5.42 4.93 4.73 4.66 4.67 4.79 5.01 5.15 5.25 5.24 5.19 5.07 4.85 4.61 4.51 4.45 4.37 4.31 4.34 4.41 4.47 4.60 4.79 4.91 5.05 5.20 5.33 5.38 5.37 5.24 5.07 4.90 4.72 4.51 4.43 4.53 4.67 4.84 5.11 5.48 5.76 6.05 6.56 7.31 7.85 8.01 7.60 6.86 6.57 6.52 6.49 6.33 6.12 5.85 5.58 5.37 5.31 5.44 5.51 5.55 5.52 5.26 5.06 4.69 4.46 4.40 4.43 4.40 4.20 3.74 3.13 2.81 2.70 2.68 2.74 2.92 3.05 3.02 2.80 2.61 2.61 2.86 3.42
5.72 5.51 5.24 5.08 4.90 4.64 4.38 4.38 4.54 4.67 4.69 4.54 4.23 3.87 3.67 3.65 3.67 3.68 3.80 4.09 4.45 4.76 4.95 5.02 5.09 5.20 5.32 5.49 5.59 5.71 5.48 5.12 4.82 4.54 4.33 4.20 4.26 4.43 4.52 4.67 4.94 5.34 5.80 6.55 7.31 7.56 7.07 6.29 5.78 5.68 5.76 5.89 5.95 5.96 5.74 5.54 5.40 5.41 5.55 5.48 5.29 5.05 4.82 4.69 4.70 4.75 4.92 4.94 4.51 3.91 3.19 2.70 2.49 2.35 2.18 2.04 2.01 1.98 1.88 1.85 1.95 2.27 2.91 3.67
5.88 5.89 5.85 5.68 5.38 4.98 4.44 4.23 4.26 4.40 4.43 4.23 3.91 3.65 3.49 3.43 3.49 3.62 3.87 4.28 4.75 5.18 5.35 5.39 5.46 5.58 5.62 5.67 5.79 5.83 5.46 5.15 4.98 4.77 4.49 4.39 4.56 4.73 4.76 4.81 4.98 5.32 5.83 6.67 7.15 6.97 6.08 5.38 5.03 4.97 5.10 5.30 5.50 5.55 5.40 5.27 5.16 5.12 5.09 4.79 4.44 4.19 4.21 4.39 4.83 5.12 5.06 4.80 4.12 3.50 3.10 3.02 3.01 2.74 2.22 1.80 1.61 1.54 1.59 1.86 2.41 3.29 4.36 4.98
6.13 6.26 6.29 6.12 5.83 5.46 5.06 4.83 4.70 4.66 4.61 4.45 4.31 4.26 4.27 4.30 4.38 4.56 4.72 4.96 5.33 5.69 5.88 6.00 6.12 6.20 6.04 5.98 6.14 6.29 6.17 6.00 5.88 5.66 5.23 5.09 5.33 5.51 5.57 5.58 5.65 5.72 6.09 6.76 6.85 6.16 5.25 4.61 4.34 4.37 4.55 4.78 5.03 5.05 5.01 4.91 4.76 4.55 4.29 4.05 3.93 3.99 4.29 4.61 5.05 5.14 4.83 4.30 3.79 3.66 3.84 3.98 3.68 3.07 2.44 2.12 2.09 2.16 2.42 3.05 4.08 5.23 5.91 5.94
6.26 6.24 6.14 6.07 6.01 5.90 5.69 5.46 5.19 4.94 4.81 4.83 4.97 5.16 5.40 5.55 5.71 5.88 6.00 6.10 6.27 6.35 6.47 6.67 6.82 6.71 6.50 6.40 6.61 6.74 6.71 6.55 6.39 6.14 5.75 5.55 5.67 5.86 6.04 6.16 6.19 6.15 6.33 6.58 6.22 5.24 4.44 3.98 3.80 3.80 4.00 4.22 4.45 4.65 4.73 4.67 4.52 4.33 4.22 4.32 4.50 4.81 5.16 5.36 5.41 5.16 4.64 4.32 4.28 4.52 4.74 4.55 3.86 3.10 2.76 2.81 3.02 3.35 3.97 4.88 5.91 6.53 6.56 6.03
6.27 5.99 5.68 5.70 5.86 6.01 5.99 5.72 5.33 4.97 4.81 4.92 5.27 5.70 6.08 6.34 6.53 6.72 6.91 6.98 6.94 6.86 6.91 7.07 7.11 6.98 6.82 6.78 6.87 6.75 6.29 5.93 5.70 5.60 5.54 5.55 5.61 5.78 5.99 6.24 6.40 6.37 6.32 6.03 5.32 4.29 3.66 3.37 3.25 3.31 3.41 3.57 3.94 4.38 4.65 4.70 4.68 4.68 4.81 4.96 5.23 5.65 6.03 6.23 6.06 5.75 5.20 5.06 5.28 5.46 5.17 4.53 3.84 3.57 3.70 4.03 4.50 5.10 5.89 6.66 7.04 6.92 6.34 5.65
6.26 5.90 5.42 5.31 5.38 5.49 5.58 5.46 5.16 4.83 4.65 4.69 4.98 5.42 5.82 6.07 6.24 6.36 6.43 6.48 6.54 6.62 6.72 6.73 6.57 6.50 6.57 6.75 6.80 6.57 6.07 5.48 5.11 5.03 5.28 5.59 5.84 5.97 6.06 6.16 6.24 6.06 5.82 5.42 4.69 3.76 3.17 2.98 3.02 3.12 3.17 3.33 3.75 4.33 4.78 5.06 5.23 5.34 5.40 5.40 5.62 6.20 6.72 6.98 6.86 6.64 6.27 5.97 6.05 6.03 5.48 4.91 4.70 5.02 5.54 6.09 6.68 7.22 7.63 7.69 7.33 6.63 5.92 5.40
6.21 5.75 5.14 4.95 4.75 4.67 4.76 4.82 4.71 4.47 4.23 4.10 4.16 4.34 4.58 4.74 4.83 4.76 4.52 4.46 4.90 5.42 5.60 5.39 5.06 5.23 5.80 6.26 6.43 6.41 6.32 6.12 5.84 5.66 5.64 5.83 6.05 6.13 6.04 5.88 5.70 5.48 5.21 5.03 4.63 3.96 3.52 3.52 3.65 3.71 3.75 3.93 4.21 4.59 4.97 5.32 5.64 5.93 6.05 6.19 6.55 7.11 7.38 7.36 7.22 7.11 6.94 6.85 6.87 6.82 6.58 6.46 6.73 7.19 7.62 8.00 8.33 8.49 8.35 7.80 7.06 6.34 5.79 5.33
5.98 5.42 4.74 4.55 4.40 4.28 4.22 4.24 4.21 3.97 3.61 3.29 3.08 2.98 3.01 3.12 3.18 3.02 2.84 2.90 3.30 3.81 4.00 3.81 3.80 4.29 5.22 5.82 5.99 5.87 6.04 6.28 6.38 6.35 6.11 5.93 5.80 5.74 5.53 5.26 5.07 5.13 5.17 5.32 5.28 5.19 4.98 4.96 5.02 5.04 5.07 5.06 4.99 4.98 5.07 5.26 5.57 6.00 6.46 6.98 7.50 7.67 7.47 6.99 6.49 6.53 6.92 7.13 7.36 7.55 7.74 7.98 8.29 8.61 8.44 8.59 8.56 8.35 7.85 7.24 6.67 6.17 5.74 5.25
5.77 5.32 4.68 4.40 4.29 4.22 4.11 4.01 3.91 3.69 3.30 2.85 2.48 2.26 2.20 2.23 2.30 2.48 2.65 2.77 2.88 2.96 2.99 3.06 3.43 4.19 5.21 5.70 5.65 5.23 5.24 5.55 5.91 6.12 5.96 5.53 5.08 4.82 4.73 4.65 4.69 5.08 5.51 5.94 6.12 6.26 6.27 6.16 6.10 6.05 5.83 5.57 5.33 5.21 5.19 5.30 5.57 6.06 6.66 7.20 7.45 7.22 6.64 5.90 5.54 5.73 6.32 6.79 7.07 7.41 7.72 7.95 8.11 8.09 7.92 7.66 7.33 6.89 6.57 6.29 5.97 5.68 5.39 5.01
5.77 5.52 5.07 4.73 4.53 4.40 4.25 4.06 3.95 3.81 3.56 3.24 2.94 2.65 2.43 2.35 2.49 2.93 3.41 3.56 3.41 3.18 3.12 3.26 3.76 4.61 5.45 5.73 5.40 4.82 4.60 4.64 4.97 5.23 5.29 5.07 4.67 4.38 4.36 4.61 4.96 5.52 5.94 6.26 6.38 6.47 6.50 6.52 6.45 6.24 5.74 5.39 5.27 5.30 5.36 5.49 5.77 6.28 6.74 6.90 6.62 5.99 5.41 5.02 5.05 5.42 5.83 6.10 6.26 6.52 6.73 6.77 6.63 6.51 6.40 6.16 5.73 5.28 5.03 5.00 4.88 4.74 4.55 4.37
5.81 5.65 5.40 5.17 4.94 4.71 4.47 4.36 4.34 4.35 4.33 4.25 4.09 3.76 3.39 3.16 3.23 3.57 3.99 4.34 4.29 4.09 4.01 4.19 4.62 5.42 5.84 5.95 5.59 4.91 4.51 4.25 4.21 4.40 4.76 5.05 5.13 5.17 5.25 5.44 5.77 6.11 6.21 6.20 6.09 6.07 6.17 6.29 6.26 6.09 5.70 5.43 5.33 5.39 5.47 5.57 5.82 6.26 6.56 6.33 5.77 5.22 4.85 4.69 4.76 5.03 5.32 5.42 5.48 5.64 5.74 5.66 5.41 5.16 4.98 4.93 4.61 4.12 3.67 3.56 3.62 3.46 3.30 3.21
5.80 5.67 5.46 5.27 5.10 4.89 4.76 4.81 4.98 5.21 5.38 5.38 5.12 4.73 4.30 3.98 3.89 4.03 4.28 4.76 5.02 5.15 5.25 5.36 5.59 6.08 6.45 6.45 6.14 5.53 5.10 4.72 4.45 4.53 4.90 5.40 5.86 6.21 6.33 6.33 6.31 6.30 6.14 5.95 5.77 5.66 5.72 5.73 5.73 5.75 5.70 5.56 5.47 5.47 5.57 5.72 6.00 6.33 6.30 5.76 5.14 4.80 4.56 4.40 4.43 4.75 5.08 5.15 5.02 5.02 5.00 4.93 4.80 4.46 4.02 3.81 3.64 3.26 2.76 2.43 2.33 2.20 2.04 2.03
5.83 5.68 5.45 5.21 5.01 4.88 4.92 5.12 5.47 5.85 6.14 6.17 5.99 5.67 5.29 4.88 4.55 4.48 4.65 5.05 5.43 5.85 5.96 6.06 6.37 6.89 7.08 6.88 6.49 6.11 5.87 5.63 5.42 5.38 5.49 5.74 6.03 6.25 6.33 6.23 6.10 6.02 5.87 5.65 5.42 5.18 5.09 5.00 4.95 5.08 5.27 5.37 5.42 5.48 5.68 5.95 6.19 6.18 5.71 5.01 4.59 4.42 4.28 4.34 4.56 4.94 5.06 4.83 4.49 4.36 4.31 4.26 4.25 4.03 3.54 3.10 2.83 2.56 2.09 1.64 1.43 1.40 1.46 1.61
5.85 5.66 5.34 5.08 4.86 4.74 4.77 4.90 5.17 5.55 5.93 6.21 6.36 6.37 6.23 5.91 5.46 5.14 5.14 5.33 5.55 5.98 6.22 6.46 6.91 7.33 7.31 6.82 6.31 6.14 6.18 6.23 6.20 5.99 5.81 5.74 5.69 5.62 5.60 5.70 5.78 5.79 5.66 5.37 5.08 4.83 4.66 4.48 4.35 4.36 4.51 4.75 5.03 5.28 5.60 5.82 5.82 5.44 4.72 4.29 4.17 4.13 4.23 4.55 4.82 4.87 4.60 4.04 3.58 3.40 3.36 3.23 3.16 3.21 3.04 2.64 2.21 1.90 1.61 1.39 1.29 1.41 1.67 2.06
5.80 5.53 5.09 4.89 4.74 4.62 4.52 4.39 4.30 4.35 4.63 5.23 5.89 6.41 6.71 6.67 6.35 5.93 5.68 5.66 5.73 6.04 6.32 6.89 7.14 7.28 6.94 6.36 5.79 5.63 5.75 5.97 6.07 5.91 5.72 5.57 5.42 5.38 5.52 5.73 5.80 5.72 5.52 5.31 5.15 4.97 4.74 4.36 3.95 3.72 3.78 4.13 4.63 5.00 5.27 5.27 4.91 4.28 3.81 3.71 3.67 3.61 3.87 4.24 4.30 4.12 3.78 3.30 2.85 2.48 2.32 2.26 2.28 2.30 2.27 2.10 1.89 1.76 1.75 1.82 1.96 2.18 2.51 3.01
5.71 5.38 4.91 4.80 4.72 4.63 4.48 4.24 3.88 3.55 3.48 3.86 4.69 5.62 6.37 6.76 6.78 6.55 6.28 6.17 6.17 6.27 6.45 6.86 7.14 7.00 6.51 5.87 5.27 4.91 4.81 4.92 5.18 5.37 5.48 5.49 5.47 5.55 5.75 5.90 5.84 5.65 5.48 5.41 5.36 5.06 4.57 3.94 3.58 3.60 3.90 4.41 4.87 5.04 4.96 4.62 4.01 3.46 3.23 3.17 3.05 2.95 3.04 3.25 3.42 3.51 3.58 3.43 3.12 2.82 2.69 2.60 2.46 2.23 2.04 2.03 2.13 2.27 2.48 2.73 3.01 3.35 3.71 4.29
5.67 5.36 4.94 4.82 4.77 4.72 4.64 4.53 4.29 3.88 3.51 3.49 3.94 4.68 5.51 6.20 6.60 6.86 6.76 6.76 6.82 6.86 7.44 7.38 7.29 6.91 6.33 5.72 5.12 4.72 4.51 4.51 4.63 4.85 5.12 5.34 5.45 5.52 5.65 5.79 5.66 5.41 5.25 5.24 5.16 4.66 4.16 3.95 4.19 4.68 5.14 5.43 5.49 5.27 4.90 4.50 4.14 3.86 3.66 3.47 3.28 3.16 3.16 3.31 3.79 4.30 4.62 4.60 4.41 4.25 4.07 3.77 3.24 2.79 2.54 2.55 2.76 3.06 3.40 3.85 4.41 5.01 5.52 6.26
5.65 5.33 4.97 4.86 4.84 4.84 4.87 4.97 5.07 5.00 4.72 4.43 4.44 4.71 5.14 5.79 6.37 6.93 7.10 7.26 7.50 7.56 7.83 7.61 7.41 6.87 6.41 6.05 5.61 5.41 5.35 5.27 5.05 4.95 5.06 5.24 5.35 5.44 5.50 5.41 5.18 4.97 4.89 4.92 4.95 4.85 5.00 5.44 5.92 6.21 6.28 6.12 5.79 5.39 5.17 5.14 5.13 5.10 4.98 4.82 4.71 4.74 4.89 5.22 5.64 5.87 5.75 5.50 5.23 4.97 4.58 4.03 3.42 3.11 3.08 3.28 3.56 3.97 4.58 5.54 6.60 7.43 8.02 8.60
5.60 5.30 4.97 4.89 4.95 5.01 5.10 5.33 5.69 5.99 6.06 5.99 5.86 5.68 5.66 5.99 6.52 7.22 7.63 7.90 8.15 8.17 7.95 7.64 7.18 6.79 6.60 6.48 6.29 6.14 6.07 6.02 5.81 5.65 5.54 5.48 5.47 5.44 5.29 5.03 4.89 4.97 5.02 5.13 5.33 5.61 5.99 6.38 6.56 6.47 6.28 6.03 5.78 5.54 5.47 5.56 5.63 5.74 5.85 5.96 6.06 6.24 6.45 6.60 6.50 6.16 5.62 5.31 5.01 4.55 4.02 3.56 3.30 3.30 3.57 4.01 4.50 5.17 6.24 7.62 8.79 9.53 9.79 9.76
5.58 5.34 5.05 5.01 5.08 5.13 5.18 5.46 6.04 6.65 7.08 7.27 7.23 6.99 6.73 6.71 7.07 7.74 8.15 8.00 8.46 7.96 7.43 7.22 6.69 6.50 6.55 6.62 6.54 6.37 6.20 6.10 5.92 5.79 5.62 5.49 5.45 5.34 5.18 5.13 5.24 5.34 5.36 5.47 5.63 5.71 5.73 5.70 5.48 5.26 5.14 5.20 5.36 5.46 5.41 5.40 5.48 5.64 5.85 6.09 6.35 6.62 6.66 6.39 5.73 4.93 4.43 4.44 4.37 3.98 3.60 3.46 3.52 3.75 4.23 4.84 5.53 6.45 7.73 8.83 9.47 9.68 9.51 9.08
5.60 5.40 5.18 5.18 5.26 5.30 5.39 5.81 6.57 7.14 7.40 7.47 7.47 7.46 7.42 7.54 7.86 8.27 8.33 8.20 8.01 7.73 7.28 6.72 6.28 6.09 6.08 6.26 6.36 6.28 6.09 5.86 5.46 5.15 5.04 5.11 5.22 5.22 5.16 5.12 5.09 5.14 5.25 5.39 5.43 5.22 4.94 4.59 4.43 4.34 4.34 4.52 4.80 5.01 5.09 5.18 5.31 5.39 5.48 5.66 5.95 6.14 5.89 5.11 4.19 3.62 3.53 3.81 4.07 4.03 3.89 3.91 4.16 4.62 5.29 6.01 6.80 7.75 8.57 8.92 8.43 7.47 6.77 6.47
