project/data/elevation/US_DEM2016/US_DEM2016_point_10-30-2019_0124_30m_vel.asc
ncols	125
nrows	167
xllcorner	-2042055.000000
yllcorner	1465035.000000
cellsize	30.000000
NODATA_value	-9999.000000
[rows 76 to 113 of 167, columns 0 to 83 of 125]
1.58 1.29 0.74 0.42 0.47 0.72 0.97 1.15 1.22 1.24 1.31 1.40 1.51 1.64 1.76 1.89 1.97 1.97 1.93 1.89 1.88 1.91 2.00 2.06 2.03 1.85 1.56 1.47 1.62 1.67 1.53 1.30 1.07 0.91 0.79 0.64 0.60 0.72 0.92 1.12 1.28 1.49 1.92 2.45 2.65 2.34 1.83 1.46 1.28 1.15 1.01 0.86 0.68 0.52 0.57 0.79 0.99 1.08 1.19 1.37 1.51 1.47 1.38 1.37 1.41 1.47 1.64 1.90 2.15 2.18 1.98 1.80 1.80 1.82 1.78 1.75 1.85 2.06 2.06 1.82 1.57 1.39 1.35 1.38
1.46 1.21 0.72 0.39 0.46 0.82 1.08 1.21 1.22 1.19 1.25 1.39 1.56 1.75 1.92 2.02 2.01 1.89 1.78 1.75 1.77 1.83 1.93 2.06 2.12 1.96 1.58 1.36 1.52 1.68 1.58 1.35 1.13 0.98 0.85 0.66 0.54 0.62 0.87 1.11 1.31 1.52 1.89 2.39 2.66 2.44 1.93 1.51 1.28 1.15 1.02 0.86 0.69 0.58 0.63 0.82 0.99 1.09 1.20 1.38 1.45 1.28 1.17 1.32 1.46 1.57 1.67 1.81 1.99 2.10 2.04 1.96 1.94 1.92 1.88 1.86 1.89 1.94 1.85 1.66 1.49 1.38 1.36 1.39
1.32 1.09 0.68 0.41 0.50 0.88 1.11 1.19 1.05 1.20 1.28 1.45 1.68 1.90 2.04 2.08 1.97 1.79 1.66 1.64 1.67 1.72 1.84 2.03 2.17 2.08 1.69 1.34 1.42 1.62 1.57 1.41 1.24 1.07 0.87 0.62 0.44 0.54 0.85 1.13 1.33 1.50 1.80 2.32 2.70 2.58 2.04 1.56 1.33 1.21 1.08 0.94 0.80 0.69 0.66 0.80 0.99 1.09 1.17 1.30 1.31 1.12 1.10 1.32 1.54 1.61 1.68 1.79 1.93 2.00 2.07 2.10 2.03 1.91 1.85 1.83 1.79 1.73 1.66 1.58 1.49 1.42 1.39 1.37
1.14 0.94 0.62 0.48 0.60 0.89 1.09 1.17 1.22 1.28 1.39 1.57 1.83 2.03 2.09 2.04 1.88 1.69 1.56 1.55 1.59 1.64 1.76 1.98 2.20 2.20 1.85 1.40 1.34 1.51 1.48 1.42 1.34 1.17 0.91 0.60 0.43 0.53 0.87 1.13 1.32 1.45 1.69 2.21 2.70 2.68 2.15 1.64 1.40 1.27 1.14 1.04 0.96 0.78 0.65 0.74 0.94 1.04 1.11 1.18 1.16 1.08 1.13 1.36 1.57 1.67 1.74 1.84 1.90 1.98 2.15 2.23 2.06 1.83 1.79 1.78 1.70 1.61 1.56 1.51 1.47 1.48 1.46 1.40
0.92 0.78 0.60 0.59 0.72 0.92 1.08 1.19 1.29 1.39 1.53 1.74 1.99 2.08 2.04 1.94 1.78 1.59 1.47 1.46 1.52 1.58 1.70 1.91 2.19 2.32 2.04 1.50 1.26 1.37 1.36 1.33 1.36 1.25 0.97 0.58 0.50 0.59 0.91 1.13 1.31 1.44 1.64 2.10 2.57 2.64 2.28 1.81 1.50 1.34 1.20 1.08 0.97 0.77 0.57 0.64 0.83 0.97 1.07 1.10 1.09 1.11 1.22 1.44 1.65 1.79 1.84 1.85 1.85 1.99 2.27 2.35 2.08 1.73 1.65 1.72 1.70 1.60 1.53 1.40 1.34 1.46 1.55 1.50
0.73 0.67 0.62 0.67 0.80 0.97 1.11 1.23 1.36 1.50 1.69 1.92 2.08 2.06 1.94 1.84 1.71 1.48 1.34 1.34 1.43 1.52 1.64 1.83 2.15 2.39 2.23 1.62 1.24 1.27 1.32 1.28 1.29 1.26 1.01 0.59 0.43 0.68 0.94 1.13 1.33 1.46 1.62 1.97 2.39 2.54 2.35 1.97 1.63 1.38 1.20 1.06 0.93 0.71 0.52 0.56 0.50 0.95 1.07 1.09 1.11 1.19 1.36 1.59 1.80 1.90 1.81 1.67 1.74 2.02 2.38 2.44 2.11 1.64 1.52 1.66 1.71 1.64 1.54 1.37 1.24 1.31 1.53 1.59
0.72 0.67 0.60 0.67 0.85 1.02 1.16 1.30 1.45 1.63 1.84 2.01 2.05 1.94 1.79 1.73 1.65 1.43 1.22 1.24 1.39 1.45 1.51 1.75 2.10 2.41 2.37 1.88 1.32 1.25 1.34 1.33 1.26 1.17 0.96 0.66 0.51 0.74 0.97 1.16 1.36 1.47 1.57 1.84 2.24 2.49 2.43 2.09 1.70 1.37 1.18 1.07 0.96 0.76 0.53 0.51 0.47 0.88 1.06 1.10 1.17 1.30 1.52 1.75 1.94 1.89 1.60 1.49 1.70 2.07 2.45 2.50 2.12 1.61 1.42 1.57 1.70 1.67 1.56 1.40 1.22 1.18 1.38 1.60
0.83 0.70 0.55 0.64 0.87 1.07 1.22 1.38 1.56 1.76 1.93 2.00 1.95 1.81 1.68 1.64 1.59 1.41 1.17 1.17 1.35 1.38 1.42 1.68 2.05 2.36 2.43 2.11 1.54 1.32 1.39 1.38 1.24 1.06 0.89 0.67 0.58 0.79 1.02 1.20 1.35 1.42 1.51 1.73 2.13 2.48 2.53 2.22 1.77 1.41 1.22 1.10 0.97 0.76 0.53 0.48 0.46 0.76 1.03 1.12 1.24 1.41 1.64 1.88 1.99 1.77 1.40 1.44 1.74 2.10 2.49 2.54 2.16 1.61 1.34 1.46 1.65 1.65 1.58 1.47 1.28 1.14 1.19 1.51
0.89 0.70 0.51 0.63 0.91 1.14 1.29 1.48 1.67 1.84 1.95 1.94 1.85 1.72 1.60 1.55 1.52 1.38 1.16 1.16 1.31 1.34 1.40 1.65 1.98 2.26 2.40 2.21 1.78 1.51 1.47 1.40 1.21 1.00 0.75 0.55 0.61 0.86 1.09 1.20 1.27 1.32 1.44 1.67 2.05 2.46 2.59 2.32 1.86 1.49 1.27 1.12 0.94 0.74 0.52 0.47 0.61 0.84 1.01 1.14 1.29 1.47 1.71 1.96 2.01 1.65 1.29 1.44 1.72 2.05 2.45 2.58 2.26 1.67 1.31 1.37 1.56 1.61 1.56 1.51 1.39 1.19 1.09 1.34
0.91 0.71 0.53 0.68 0.98 1.21 1.37 1.54 1.74 1.88 1.92 1.86 1.76 1.63 1.52 1.47 1.43 1.33 1.20 1.20 1.29 1.35 1.45 1.68 1.96 2.18 2.33 2.23 1.87 1.61 1.53 1.43 1.23 1.00 0.76 0.56 0.62 0.92 1.08 1.12 1.16 1.26 1.41 1.64 2.00 2.43 2.61 2.38 1.90 1.52 1.29 1.10 0.93 0.75 0.53 0.47 0.61 0.83 0.98 1.14 1.29 1.47 1.73 2.01 2.03 1.62 1.25 1.40 1.64 1.93 2.35 2.59 2.39 1.81 1.35 1.36 1.50 1.56 1.54 1.51 1.47 1.34 1.12 1.24
0.92 0.74 0.58 0.74 1.04 1.27 1.41 1.56 1.77 1.90 1.87 1.78 1.68 1.55 1.43 1.37 1.34 1.29 1.25 1.29 1.33 1.40 1.53 1.74 1.97 2.16 2.30 2.23 1.91 1.64 1.53 1.47 1.31 1.08 0.80 0.56 0.57 0.85 1.00 1.01 1.12 1.27 1.40 1.60 1.97 2.46 2.66 2.40 1.89 1.53 1.30 1.09 0.91 0.75 0.54 0.48 0.60 0.76 0.83 1.10 1.26 1.44 1.74 2.05 2.08 1.68 1.22 1.25 1.52 1.80 2.21 2.54 2.46 1.99 1.48 1.36 1.46 1.54 1.52 1.65 1.46 1.38 1.25 1.26
0.93 0.76 0.64 0.79 1.05 1.27 1.43 1.60 1.79 1.89 1.81 1.70 1.61 1.47 1.30 1.23 1.26 1.32 1.39 1.39 1.40 1.47 1.60 1.80 2.01 2.17 2.28 2.21 1.94 1.64 1.50 1.47 1.39 1.20 0.88 0.54 0.77 0.64 0.86 0.98 1.14 1.29 1.39 1.56 2.00 2.57 2.76 2.42 1.86 1.52 1.31 1.10 0.93 0.76 0.55 0.46 0.52 0.69 0.88 1.07 1.23 1.44 1.75 2.06 2.14 1.78 1.22 1.11 1.38 1.72 2.12 2.47 2.45 2.09 1.66 1.45 1.45 1.48 1.50 1.47 1.41 1.36 1.35 1.35
0.93 0.78 0.69 0.83 1.03 1.26 1.47 1.69 1.83 1.83 1.70 1.59 1.52 1.35 1.15 0.94 1.27 1.44 1.49 1.48 1.50 1.56 1.67 1.86 2.02 2.16 2.26 2.21 1.99 1.69 1.48 1.41 1.40 1.30 0.97 0.55 0.40 0.50 0.74 0.99 1.17 1.29 1.39 1.60 2.09 2.68 2.83 2.41 1.80 1.46 1.31 1.14 1.00 0.86 0.63 0.45 0.47 0.65 0.88 1.06 1.23 1.46 1.75 2.05 2.17 1.87 1.26 1.00 1.28 1.69 2.11 2.44 2.45 2.11 1.76 1.57 1.53 1.51 1.48 1.43 1.36 1.32 1.37 1.36
0.90 0.80 0.75 0.86 1.04 1.29 1.57 1.77 1.81 1.71 1.56 1.43 1.37 1.23 1.09 1.15 1.35 1.49 1.53 1.54 1.59 1.67 1.75 1.86 1.98 2.11 2.22 2.22 2.05 1.78 1.51 1.34 1.32 1.33 1.06 0.62 0.37 0.44 0.69 0.99 1.19 1.31 1.40 1.65 2.17 2.73 2.84 2.38 1.74 1.45 1.32 1.17 1.06 0.96 0.76 0.54 0.49 0.65 0.89 1.07 1.24 1.44 1.71 2.04 2.21 1.95 1.29 0.95 1.20 1.67 2.11 2.46 2.44 2.07 1.71 1.60 1.62 1.59 1.52 1.44 1.37 1.35 1.36 1.31
0.89 0.83 0.81 0.90 1.09 1.39 1.65 1.78 1.72 1.57 1.40 1.25 1.19 1.15 0.89 1.25 1.37 1.46 1.54 1.59 1.67 1.76 1.79 1.80 1.90 2.07 2.21 2.25 2.09 1.82 1.56 1.32 1.23 1.27 1.11 0.70 0.36 0.39 0.67 0.99 1.21 1.32 1.41 1.68 2.18 2.68 2.76 2.35 1.80 1.49 1.32 1.19 1.12 1.05 0.87 0.62 0.52 0.66 0.88 1.06 1.21 1.36 1.65 2.06 2.27 2.02 1.33 0.94 1.15 1.60 2.10 2.51 2.45 1.96 1.57 1.51 1.64 1.65 1.55 1.49 1.47 1.43 1.37 1.28
0.90 0.87 0.87 0.96 1.17 1.48 1.68 1.71 1.59 1.41 1.25 1.11 1.09 1.15 1.24 1.33 1.38 1.42 1.51 1.60 1.70 1.79 1.78 1.75 1.87 2.09 2.26 2.28 2.11 1.83 1.60 1.37 1.21 1.18 1.08 0.75 0.36 0.39 0.69 1.02 1.23 1.33 1.41 1.70 2.15 2.57 2.64 2.32 1.89 1.59 1.39 1.25 1.14 1.02 0.84 0.57 0.49 0.62 0.84 0.99 1.13 1.28 1.59 2.07 2.33 2.09 1.40 0.98 1.08 1.46 2.03 2.52 2.47 1.92 1.44 1.39 1.62 1.67 1.54 1.48 1.56 1.56 1.41 1.25
0.94 0.92 0.94 1.04 1.26 1.50 1.62 1.58 1.44 1.28 1.14 1.06 1.10 1.23 1.35 1.42 1.44 1.45 1.52 1.61 1.71 1.77 1.74 1.74 1.89 2.11 2.30 2.29 2.10 1.85 1.61 1.41 1.25 1.10 0.94 0.67 0.38 0.44 0.75 1.07 1.25 1.33 1.45 1.74 2.12 2.47 2.55 2.32 1.95 1.67 1.48 1.30 1.12 0.95 0.75 0.53 0.44 0.55 0.76 0.92 1.04 1.20 1.55 2.08 2.39 2.16 1.51 1.03 0.99 1.31 1.93 2.50 2.52 1.98 1.38 1.27 1.55 1.66 1.47 1.39 1.55 1.63 1.44 1.21
1.00 0.97 1.00 1.12 1.29 1.43 1.48 1.45 1.32 1.19 1.11 1.10 1.18 1.31 1.43 1.53 1.55 1.53 1.57 1.66 1.72 1.72 1.70 1.74 1.88 2.12 2.31 2.28 2.08 1.84 1.59 1.39 1.22 1.02 0.75 0.49 0.40 0.54 0.84 1.12 1.28 1.37 1.53 1.78 2.09 2.40 2.53 2.36 2.02 1.73 1.52 1.32 1.10 0.93 0.76 0.57 0.44 0.49 0.68 0.86 1.01 1.17 1.53 2.09 2.41 2.22 1.61 1.05 0.90 1.19 1.82 2.45 2.54 2.04 1.40 1.20 1.42 1.58 1.44 1.35 1.51 1.64 1.46 1.17
1.06 1.01 1.02 1.13 1.23 1.29 1.32 1.33 1.25 1.15 1.14 1.17 1.25 1.36 1.48 1.61 1.65 1.63 1.64 1.69 1.70 1.66 1.64 1.70 1.87 2.17 2.36 2.27 2.05 1.81 1.57 1.37 1.16 0.90 0.56 0.35 0.43 0.67 0.95 1.18 1.31 1.42 1.58 1.79 2.04 2.34 2.52 2.42 2.09 1.77 1.52 1.32 1.11 0.93 0.77 0.57 0.42 0.44 0.62 0.84 1.02 1.20 1.57 2.10 2.41 2.24 1.65 1.07 0.84 1.10 1.73 2.36 2.51 2.09 1.48 1.22 1.35 1.49 1.46 1.40 1.48 1.60 1.47 1.20
1.12 1.04 1.01 1.08 1.15 1.18 1.19 1.23 1.23 1.17 1.16 1.20 1.29 1.41 1.54 1.67 1.71 1.70 1.69 1.68 1.63 1.55 1.54 1.64 1.89 2.27 2.44 2.24 1.97 1.78 1.61 1.42 1.20 0.87 0.48 0.31 0.49 0.77 1.03 1.22 1.34 1.45 1.57 1.74 2.00 2.30 2.53 2.47 2.15 1.78 1.50 1.29 1.12 0.96 0.77 0.51 0.35 0.40 0.59 0.83 1.04 1.27 1.65 2.11 2.40 2.25 1.66 1.09 0.86 1.10 1.66 2.22 2.43 2.18 1.65 1.37 1.36 1.42 1.48 1.48 1.46 1.51 1.45 1.28
1.18 1.07 0.97 1.01 1.07 1.13 1.13 1.17 1.24 1.24 1.19 1.22 1.34 1.49 1.63 1.73 1.77 1.75 1.67 1.59 1.51 1.42 1.45 1.62 1.94 2.36 2.47 2.16 1.86 1.76 1.66 1.50 1.26 0.89 0.49 0.36 0.54 0.83 1.08 1.24 1.33 1.42 1.52 1.70 1.97 2.31 2.59 2.56 2.20 1.75 1.46 1.29 1.14 0.97 0.77 0.51 0.33 0.38 0.58 0.82 1.05 1.34 1.73 2.12 2.35 2.23 1.74 1.19 0.93 1.10 1.54 1.98 2.30 2.28 1.92 1.63 1.44 1.36 1.49 1.54 1.44 1.39 1.40 1.38
1.21 1.06 0.90 0.93 1.04 1.12 1.14 1.17 1.28 1.31 1.25 1.27 1.42 1.60 1.72 1.78 1.78 1.71 1.57 1.44 1.36 1.35 1.47 1.67 1.98 2.41 2.45 2.09 1.80 1.72 1.64 1.50 1.26 0.89 0.54 0.41 0.55 0.86 1.08 1.21 1.28 1.34 1.47 1.69 1.96 2.33 2.65 2.62 2.19 1.69 1.44 1.33 1.17 0.97 0.77 0.54 0.39 0.43 0.60 0.83 1.08 1.41 1.80 2.12 2.31 2.23 1.84 1.33 0.99 1.05 1.35 1.66 2.05 2.25 2.14 1.87 1.57 1.39 1.55 1.60 1.42 1.32 1.38 1.47
1.22 1.03 0.86 0.88 1.03 1.13 1.17 1.22 1.32 1.37 1.35 1.37 1.52 1.70 1.76 1.76 1.70 1.59 1.43 1.31 1.31 1.40 1.58 1.77 2.07 2.46 2.42 2.06 1.78 1.68 1.60 1.47 1.23 0.89 0.56 0.43 0.55 0.84 1.05 1.14 1.19 1.29 1.47 1.71 1.97 2.34 2.67 2.61 2.12 1.64 1.47 1.37 1.15 0.95 0.78 0.56 0.43 0.50 0.65 0.86 1.13 1.49 1.84 2.11 2.27 2.25 1.95 1.46 1.06 1.00 1.12 1.33 1.73 2.09 2.17 2.02 1.73 1.56 1.67 1.65 1.43 1.33 1.42 1.49
1.22 1.04 0.86 0.90 1.01 1.13 1.21 1.27 1.34 1.40 1.44 1.50 1.61 1.72 1.73 1.66 1.58 1.46 1.32 1.24 1.33 1.54 1.72 1.88 2.21 2.51 2.39 2.00 1.74 1.64 1.57 1.48 1.28 0.95 0.58 0.42 0.51 0.78 0.96 1.03 1.11 1.30 1.52 1.73 2.00 2.38 2.64 2.52 2.06 1.66 1.49 1.37 1.14 0.96 0.79 0.56 0.45 0.54 0.70 0.91 1.18 1.53 1.85 2.07 2.21 2.24 2.01 1.58 1.19 1.00 0.96 1.14 1.52 1.89 2.09 2.08 1.91 1.77 1.75 1.64 1.45 1.37 1.43 1.41
1.23 1.08 0.89 0.89 0.99 1.14 1.24 1.29 1.33 1.39 1.50 1.60 1.65 1.65 1.60 1.51 1.42 1.33 1.27 1.26 1.42 1.67 1.84 2.01 2.34 2.52 2.30 1.90 1.66 1.58 1.54 1.50 1.35 1.04 0.63 0.41 0.46 0.69 0.88 0.97 1.13 1.36 1.55 1.74 2.03 2.42 2.61 2.43 1.99 1.69 1.54 1.37 1.17 0.99 0.77 0.50 0.43 0.56 0.75 0.95 1.21 1.55 1.84 2.03 2.15 2.19 2.04 1.69 1.35 1.04 0.88 1.04 1.40 1.72 1.98 2.09 2.04 1.93 1.80 1.63 1.46 1.40 1.42 1.34
1.26 1.13 0.92 0.90 1.00 1.14 1.23 1.28 1.31 1.39 1.54 1.65 1.64 1.56 1.46 1.35 1.28 1.28 1.31 1.39 1.54 1.75 1.92 2.11 2.44 2.52 2.20 1.82 1.59 1.52 1.52 1.52 1.40 1.12 0.72 0.43 0.43 0.64 0.86 1.01 1.21 1.40 1.55 1.74 2.06 2.44 2.60 2.35 1.94 1.70 1.57 1.43 1.25 1.04 0.72 0.43 0.42 0.60 0.77 0.97 1.23 1.57 1.82 1.99 2.10 2.15 2.06 1.79 1.44 1.05 0.84 0.97 1.30 1.58 1.87 2.09 2.14 2.02 1.83 1.67 1.52 1.45 1.43 1.33
1.30 1.19 0.98 0.93 0.91 1.10 1.19 1.25 1.30 1.41 1.56 1.65 1.60 1.47 1.31 1.20 1.22 1.32 1.44 1.55 1.64 1.80 1.96 2.16 2.46 2.49 2.12 1.76 1.56 1.51 1.52 1.51 1.40 1.17 0.82 0.50 0.46 0.66 0.90 1.06 1.22 1.38 1.53 1.74 2.08 2.45 2.57 2.30 1.90 1.67 1.58 1.49 1.38 1.16 0.74 0.43 0.45 0.64 0.79 0.97 1.26 1.58 1.80 1.94 2.05 2.12 2.10 1.88 1.49 1.06 0.84 0.90 1.18 1.47 1.78 2.11 2.23 2.06 1.82 1.70 1.60 1.50 1.44 1.35
1.34 1.24 1.05 0.95 0.98 0.96 1.12 1.23 1.32 1.45 1.55 1.58 1.51 1.38 1.23 1.14 1.24 1.43 1.55 1.63 1.71 1.83 1.97 2.16 2.40 2.41 2.09 1.73 1.57 1.55 1.54 1.49 1.39 1.21 0.90 0.61 0.53 0.68 0.89 1.03 1.16 1.33 1.51 1.74 2.09 2.44 2.55 2.29 1.88 1.66 1.58 1.50 1.43 1.27 0.88 0.51 0.51 0.69 0.82 0.99 1.27 1.57 1.76 1.88 2.00 2.11 2.13 1.95 1.57 1.14 0.88 0.87 1.10 1.36 1.65 2.09 2.27 2.08 1.80 1.66 1.61 1.53 1.47 1.40
1.39 1.27 1.07 0.96 0.95 1.01 1.12 1.24 1.34 1.43 1.45 1.45 1.42 1.33 1.26 1.23 1.31 1.48 1.59 1.67 1.74 1.83 1.97 2.16 2.32 2.30 2.07 1.79 1.64 1.60 1.56 1.47 1.38 1.22 0.98 0.73 0.60 0.64 0.81 0.96 1.10 1.29 1.53 1.77 2.08 2.41 2.51 2.27 1.90 1.69 1.59 1.47 1.40 1.32 1.04 0.68 0.61 0.75 0.87 1.01 1.27 1.52 1.70 1.81 1.95 2.09 2.14 2.02 1.69 1.26 0.95 0.88 1.03 1.24 1.54 2.01 2.26 2.15 1.85 1.64 1.55 1.52 1.50 1.46
1.40 1.26 1.06 0.97 0.94 0.99 1.12 1.24 1.31 1.34 1.30 1.32 1.36 1.34 1.39 1.44 1.44 1.47 1.55 1.67 1.74 1.80 1.97 2.20 2.26 2.16 2.04 1.91 1.75 1.65 1.56 1.46 1.35 1.20 1.01 0.77 0.57 0.55 0.72 0.90 1.07 1.30 1.58 1.81 2.06 2.33 2.43 2.25 1.96 1.75 1.60 1.47 1.41 1.39 1.19 0.89 0.75 0.79 0.90 1.04 1.24 1.43 1.61 1.77 1.93 2.05 2.11 2.06 1.81 1.39 1.03 0.91 0.99 1.15 1.42 1.85 2.21 2.22 1.97 1.67 1.50 1.50 1.54 1.51
1.39 1.24 1.04 0.98 0.94 1.00 1.08 1.20 1.23 1.24 1.24 1.27 1.32 1.40 1.56 1.64 1.56 1.48 1.52 1.65 1.73 1.78 2.01 2.24 2.18 2.01 2.01 1.97 1.83 1.69 1.58 1.46 1.32 1.17 1.01 0.77 0.53 0.49 0.65 0.85 1.06 1.35 1.63 1.84 2.02 2.24 2.34 2.21 2.02 1.83 1.64 1.54 1.54 1.51 1.33 1.05 0.82 0.79 0.91 1.05 1.16 1.29 1.52 1.76 1.91 2.01 2.05 2.07 1.93 1.56 1.17 0.95 0.94 1.05 1.24 1.63 2.10 2.26 2.08 1.76 1.49 1.50 1.59 1.52
1.34 1.21 1.03 0.97 0.97 1.03 1.14 1.18 1.18 1.18 1.24 1.30 1.38 1.52 1.69 1.73 1.61 1.49 1.51 1.65 1.75 1.84 2.08 2.23 2.07 1.91 2.01 2.01 1.85 1.72 1.63 1.49 1.34 1.20 1.04 0.79 0.53 0.47 0.60 0.81 1.08 1.41 1.67 1.82 1.98 2.17 2.23 2.12 2.03 1.89 1.72 1.69 1.75 1.66 1.40 1.08 0.84 0.80 0.88 1.00 1.08 1.20 1.47 1.74 1.91 1.97 1.98 2.04 2.00 1.75 1.33 0.99 0.87 0.94 1.11 1.46 1.98 2.24 2.16 1.87 1.58 1.54 1.59 1.48
1.35 1.19 0.99 0.96 1.00 1.07 1.15 1.19 1.18 1.21 1.30 1.40 1.52 1.67 1.78 1.71 1.55 1.48 1.55 1.67 1.78 1.91 2.09 2.14 1.94 1.84 2.02 2.03 1.85 1.73 1.65 1.54 1.40 1.26 1.09 0.84 0.56 0.44 0.54 0.80 1.13 1.42 1.62 1.77 1.97 2.14 2.11 1.99 1.95 1.88 1.80 1.84 1.88 1.73 1.40 1.09 0.91 0.83 0.84 0.93 1.04 1.18 1.41 1.70 1.89 1.92 1.90 2.01 2.05 1.87 1.50 1.06 0.83 0.86 1.04 1.38 1.87 2.17 2.18 1.98 1.72 1.61 1.59 1.46
1.38 1.20 0.96 0.94 1.02 1.09 1.16 1.20 1.24 1.32 1.42 1.53 1.64 1.73 1.78 1.62 1.41 1.45 1.59 1.70 1.83 1.93 2.03 2.01 1.82 1.80 2.02 2.05 1.85 1.70 1.62 1.54 1.44 1.33 1.15 0.88 0.60 0.42 0.53 0.82 1.12 1.36 1.53 1.72 2.01 2.15 2.02 1.83 1.80 1.83 1.87 1.96 1.97 1.78 1.44 1.18 1.03 0.88 0.82 0.87 1.00 1.15 1.33 1.62 1.85 1.87 1.87 1.99 2.05 1.92 1.61 1.16 0.85 0.82 1.01 1.34 1.75 2.06 2.19 2.10 1.85 1.67 1.59 1.48
1.39 1.21 0.96 0.93 1.02 1.10 1.18 1.26 1.35 1.45 1.53 1.60 1.65 1.69 1.69 1.51 1.33 1.42 1.58 1.73 1.89 1.96 1.99 1.91 1.74 1.81 2.05 2.04 1.84 1.69 1.61 1.54 1.46 1.36 1.17 0.90 0.58 0.42 0.55 0.83 1.08 1.30 1.50 1.75 2.06 2.16 1.95 1.67 1.64 1.75 1.89 2.02 2.03 1.83 1.53 1.28 1.10 0.90 0.79 0.81 0.93 1.09 1.27 1.55 1.77 1.82 1.88 2.01 2.04 1.93 1.65 1.23 0.90 0.81 1.00 1.32 1.63 1.93 2.17 2.20 1.97 1.73 1.58 1.46
1.40 1.23 0.97 0.95 1.03 1.11 1.23 1.36 1.46 1.52 1.54 1.55 1.57 1.60 1.60 1.45 1.32 1.41 1.55 1.73 1.94 2.00 1.97 1.83 1.69 1.85 2.09 2.02 1.81 1.72 1.66 1.57 1.46 1.35 1.16 0.88 0.55 0.41 0.58 0.83 1.08 1.31 1.55 1.85 2.11 2.16 1.88 1.52 1.49 1.69 1.90 2.07 2.09 1.89 1.62 1.38 1.15 0.90 0.73 0.73 0.85 1.02 1.24 1.47 1.66 1.78 1.93 2.04 2.03 1.90 1.62 1.26 0.96 0.83 1.01 1.29 1.53 1.81 2.13 2.28 2.10 1.78 1.55 1.41
1.38 1.23 1.02 0.99 1.04 1.15 1.32 1.45 1.49 1.49 1.47 1.47 1.49 1.52 1.52 1.42 1.36 1.43 1.55 1.73 1.97 2.07 1.93 1.68 1.62 1.90 2.10 2.00 1.78 1.73 1.71 1.61 1.48 1.35 1.17 0.88 0.53 0.40 0.58 0.86 1.12 1.35 1.63 1.95 2.15 2.12 1.81 1.39 1.36 1.65 1.90 2.11 2.14 1.95 1.69 1.46 1.21 0.92 0.73 0.69 0.78 0.97 1.18 1.38 1.56 1.76 1.98 2.08 2.03 1.85 1.54 1.26 0.99 0.86 1.02 1.27 1.45 1.69 2.07 2.35 2.22 1.81 1.51 1.38
1.37 1.25 1.08 1.03 1.06 1.20 1.40 1.49 1.45 1.40 1.39 1.39 1.40 1.44 1.45 1.42 1.44 1.52 1.60 1.75 2.02 2.14 1.85 1.45 1.55 1.91 2.07 1.99 1.80 1.73 1.73 1.65 1.50 1.35 1.19 0.92 0.55 0.42 0.60 0.91 1.16 1.38 1.71 2.06 2.17 2.04 1.72 1.31 1.25 1.59 1.92 2.15 2.18 2.00 1.73 1.51 1.27 1.00 0.79 0.71 0.75 0.91 1.11 1.31 1.51 1.76 2.02 2.11 2.01 1.77 1.49 1.25 0.99 0.88 1.02 1.25 1.41 1.60 2.00 2.40 2.32 1.83 1.50 1.37
