project/data/elevation/US_DEM2016/US_DEM2016_point_10-31-2019_0955_30m_vel.asc
ncols	125
nrows	167
xllcorner	-2042055.000000
yllcorner	1465035.000000
cellsize	30.000000
NODATA_value	-9999.000000
[rows 114 to 151 of 167, columns 0 to 83 of 125]
7.19 7.15 7.17 7.27 7.47 7.80 8.05 7.81 7.18 6.51 5.92 5.37 4.93 4.62 4.57 4.94 5.69 6.45 6.99 7.42 7.88 8.01 7.54 7.17 7.45 7.75 7.75 7.64 7.55 7.40 7.18 6.80 6.40 6.14 6.01 6.01 6.25 6.60 6.87 7.08 7.34 7.65 7.97 8.28 8.25 7.81 7.27 6.93 6.84 6.93 7.06 7.08 6.96 6.65 6.23 5.91 5.87 6.21 6.68 6.97 7.03 6.93 6.79 6.69 6.68 6.80 6.98 7.02 6.82 6.51 6.31 6.19 6.13 6.14 6.15 6.09 5.97 5.87 5.92 6.18 6.20 5.86 5.62 5.48
7.32 7.32 7.32 7.33 7.41 7.49 7.39 6.89 6.11 5.40 4.87 4.47 4.23 4.29 4.89 5.90 6.91 7.70 8.23 8.48 8.35 7.77 6.95 6.74 7.07 7.21 7.12 7.15 7.29 7.50 7.63 7.56 7.26 6.70 6.10 5.92 6.27 6.77 7.15 7.44 7.71 7.94 8.10 8.13 7.81 7.19 6.65 6.44 6.51 6.80 7.20 7.35 7.25 6.94 6.42 5.85 5.61 5.81 6.18 6.51 6.75 6.91 7.03 7.08 7.10 7.13 7.08 6.89 6.64 6.43 6.32 6.26 6.23 6.18 6.11 6.02 5.97 5.98 6.05 6.12 5.96 5.65 5.44 5.23
7.43 7.44 7.41 7.37 7.31 7.15 6.84 6.36 5.91 5.63 5.47 5.35 5.49 6.05 6.97 7.99 8.74 9.03 9.01 8.72 8.10 7.31 6.65 6.43 6.49 6.42 6.37 6.56 6.85 7.14 7.37 7.55 7.58 7.40 7.11 7.03 7.16 7.38 7.55 7.70 7.79 7.85 7.92 7.86 7.49 6.92 6.42 6.21 6.42 6.90 7.36 7.58 7.53 7.34 7.08 6.84 6.63 6.49 6.46 6.53 6.66 6.81 6.96 7.09 7.19 7.20 7.04 6.75 6.47 6.27 6.18 6.16 6.17 6.17 6.13 6.09 6.09 6.15 6.22 6.24 6.20 6.10 6.02 6.00
7.45 7.40 7.34 7.29 7.16 6.91 6.59 6.32 6.24 6.38 6.64 7.05 7.64 8.34 8.98 9.38 9.36 8.97 8.49 7.91 7.37 7.06 6.89 6.68 6.47 6.23 6.06 6.15 6.38 6.50 6.55 6.76 7.16 7.51 7.73 7.82 7.75 7.60 7.44 7.35 7.35 7.47 7.65 7.69 7.43 6.99 6.50 6.26 6.50 6.98 7.28 7.35 7.36 7.38 7.44 7.54 7.62 7.59 7.41 7.13 6.94 6.85 6.85 6.88 6.94 6.91 6.70 6.45 6.29 6.18 6.08 6.03 6.05 6.13 6.20 6.25 6.31 6.38 6.45 6.61 6.86 7.02 7.09 7.26
7.40 7.30 7.20 7.16 7.04 6.85 6.65 6.51 6.49 6.71 7.26 8.01 8.74 9.22 9.38 9.11 8.40 7.76 7.37 6.93 6.75 6.88 7.03 7.04 6.92 6.60 6.22 6.06 6.18 6.18 6.01 6.03 6.35 6.89 7.29 7.46 7.41 7.23 7.05 6.97 7.07 7.31 7.58 7.61 7.32 6.94 6.60 6.39 6.53 6.80 6.93 6.88 6.85 7.01 7.26 7.48 7.71 7.87 7.84 7.62 7.29 7.00 6.77 6.61 6.46 6.23 5.98 6.01 6.21 6.32 6.28 6.19 6.17 6.23 6.33 6.45 6.57 6.65 6.79 7.05 7.32 7.50 7.67 7.84
7.30 7.20 7.12 7.10 7.01 6.89 6.78 6.69 6.75 7.09 7.76 8.42 8.78 8.79 8.48 7.90 7.34 7.01 6.68 6.34 6.27 6.38 6.58 6.81 6.89 6.70 6.45 6.35 6.42 6.39 6.18 5.99 5.99 6.18 6.52 6.77 6.89 6.92 6.96 7.03 7.17 7.39 7.56 7.44 7.05 6.75 6.63 6.56 6.62 6.69 6.67 6.60 6.62 6.83 7.09 7.27 7.37 7.41 7.45 7.46 7.32 7.00 6.66 6.35 5.98 5.64 5.63 6.05 6.49 6.66 6.64 6.56 6.47 6.41 6.43 6.53 6.63 6.71 6.87 7.08 7.21 7.22 7.26 7.30
7.22 7.18 7.15 7.11 7.02 6.96 6.93 6.94 7.13 7.65 8.24 8.53 8.42 8.09 7.65 7.20 6.93 6.68 6.24 5.89 5.77 5.80 6.07 6.44 6.53 6.45 6.49 6.63 6.72 6.69 6.58 6.37 6.13 6.02 6.06 6.22 6.47 6.75 6.99 7.18 7.32 7.46 7.50 7.20 6.70 6.49 6.54 6.61 6.65 6.65 6.62 6.64 6.80 7.00 7.14 7.14 7.02 6.88 6.85 6.92 6.92 6.78 6.55 6.26 6.03 6.02 6.29 6.66 6.86 6.86 6.79 6.72 6.61 6.48 6.40 6.37 6.38 6.48 6.69 6.89 6.92 6.82 6.73 6.61
7.28 7.30 7.26 7.14 7.03 7.05 7.16 7.31 7.63 8.15 8.48 8.43 8.13 7.83 7.50 7.15 6.79 6.36 6.01 5.89 5.97 6.17 6.43 6.55 6.45 6.37 6.51 6.70 6.78 6.77 6.74 6.68 6.55 6.34 6.09 6.01 6.23 6.58 6.86 7.10 7.30 7.47 7.38 6.83 6.22 6.08 6.23 6.35 6.41 6.49 6.62 6.76 6.88 6.94 6.91 6.84 6.74 6.63 6.56 6.52 6.53 6.56 6.55 6.56 6.68 6.90 7.06 7.10 7.02 6.85 6.69 6.59 6.52 6.46 6.39 6.29 6.28 6.47 6.71 6.79 6.70 6.57 6.50 6.40
7.39 7.38 7.27 7.12 7.06 7.15 7.36 7.71 8.20 8.48 8.46 8.20 7.93 7.71 7.38 6.93 6.52 6.29 6.35 6.62 6.85 6.93 6.87 6.70 6.52 6.45 6.52 6.65 6.71 6.69 6.68 6.70 6.71 6.60 6.38 6.27 6.39 6.61 6.74 6.96 7.22 7.32 6.91 6.08 5.55 5.57 5.83 6.03 6.15 6.25 6.38 6.48 6.47 6.42 6.36 6.35 6.43 6.53 6.54 6.47 6.45 6.51 6.61 6.75 6.91 7.05 7.11 7.12 7.08 6.93 6.72 6.54 6.45 6.43 6.39 6.39 6.48 6.62 6.61 6.44 6.28 6.20 6.18 6.16
7.28 7.21 7.08 7.03 7.07 7.21 7.45 7.81 8.19 8.27 8.03 7.72 7.51 7.22 6.72 6.38 6.38 6.61 6.86 6.96 6.87 6.71 6.63 6.69 6.76 6.70 6.58 6.59 6.59 6.53 6.50 6.50 6.47 6.48 6.58 6.70 6.78 6.79 6.78 6.96 7.06 6.72 5.81 5.02 4.86 5.10 5.47 5.83 6.00 6.00 5.99 5.95 5.83 5.75 5.74 5.84 6.08 6.29 6.34 6.34 6.41 6.51 6.58 6.60 6.66 6.80 6.96 7.08 7.13 7.02 6.83 6.65 6.49 6.33 6.24 6.29 6.34 6.25 6.01 5.81 5.82 5.91 5.89 5.83
7.18 7.14 7.08 7.06 7.12 7.24 7.41 7.59 7.67 7.53 7.24 7.06 6.92 6.48 6.03 6.19 6.51 6.66 6.53 6.21 5.96 6.01 6.33 6.76 6.97 6.91 6.77 6.65 6.53 6.40 6.37 6.35 6.35 6.47 6.66 6.79 6.78 6.73 6.72 6.81 6.56 5.77 4.93 4.64 4.76 5.01 5.33 5.73 5.94 6.00 6.04 5.98 5.78 5.56 5.46 5.60 5.85 5.96 6.00 6.17 6.37 6.51 6.62 6.78 7.00 7.19 7.23 7.17 7.04 6.84 6.71 6.59 6.39 6.12 6.01 6.00 5.93 5.78 5.64 5.63 5.75 5.80 5.65 5.51
7.36 7.44 7.42 7.25 7.14 7.15 7.21 7.25 7.15 6.95 6.78 6.78 6.61 6.14 6.03 6.26 6.27 5.96 5.51 5.23 5.34 5.84 6.49 6.99 7.13 7.03 6.94 6.86 6.69 6.46 6.32 6.33 6.38 6.44 6.42 6.32 6.27 6.30 6.40 6.36 5.96 5.40 5.29 5.52 5.68 5.70 5.79 5.99 6.16 6.30 6.38 6.34 6.19 5.97 5.83 5.85 5.90 5.95 6.10 6.33 6.47 6.58 6.80 7.19 7.46 7.49 7.30 7.08 6.85 6.63 6.47 6.31 6.09 5.91 5.81 5.73 5.65 5.61 5.66 5.74 5.75 5.64 5.54 5.61
7.56 7.58 7.45 7.15 6.97 6.94 6.98 6.96 6.85 6.79 6.81 6.77 6.44 6.06 5.92 5.77 5.42 5.07 4.92 5.07 5.56 6.22 6.90 7.27 7.19 6.99 6.96 6.94 6.80 6.56 6.40 6.39 6.38 6.24 6.00 5.85 5.89 6.08 6.21 6.12 5.98 6.09 6.39 6.58 6.66 6.69 6.68 6.64 6.62 6.59 6.49 6.39 6.33 6.29 6.25 6.22 6.20 6.27 6.41 6.54 6.54 6.63 6.86 7.13 7.13 6.92 6.78 6.78 6.79 6.68 6.38 6.04 5.81 5.74 5.65 5.48 5.29 5.20 5.27 5.41 5.53 5.67 5.96 6.20
7.37 7.14 6.75 6.58 6.58 6.71 6.81 6.81 6.76 6.74 6.68 6.47 6.10 5.75 5.49 5.22 5.02 5.03 5.39 6.04 6.62 7.04 7.34 7.23 6.77 6.62 6.69 6.67 6.57 6.51 6.50 6.48 6.42 6.25 6.07 6.06 6.22 6.35 6.40 6.42 6.59 6.78 6.86 6.89 7.03 7.24 7.38 7.36 7.18 6.92 6.73 6.61 6.54 6.48 6.43 6.42 6.47 6.52 6.52 6.52 6.48 6.55 6.67 6.69 6.50 6.36 6.51 6.82 6.94 6.71 6.26 5.84 5.64 5.58 5.52 5.42 5.25 5.05 4.95 5.08 5.51 6.12 6.59 6.59
6.88 6.46 6.00 6.01 6.26 6.58 6.76 6.77 6.71 6.61 6.42 6.14 5.86 5.71 5.68 5.69 5.85 6.25 6.91 7.50 7.79 7.77 7.45 6.87 6.39 6.33 6.34 6.25 6.24 6.33 6.41 6.43 6.43 6.44 6.54 6.71 6.83 6.79 6.72 6.74 6.80 6.76 6.77 6.94 7.25 7.60 7.87 7.93 7.78 7.54 7.34 7.18 7.03 6.84 6.64 6.54 6.54 6.52 6.46 6.45 6.39 6.43 6.45 6.35 6.25 6.43 6.82 7.08 6.85 6.27 5.82 5.62 5.52 5.42 5.39 5.50 5.63 5.64 5.51 5.54 5.96 6.53 6.72 6.34
6.67 6.40 6.09 6.22 6.53 6.78 6.83 6.76 6.67 6.55 6.40 6.20 6.10 6.25 6.58 6.94 7.35 7.76 8.05 8.15 8.01 7.65 7.10 6.60 6.38 6.31 6.17 6.07 6.12 6.22 6.26 6.28 6.37 6.54 6.74 6.86 6.86 6.79 6.74 6.68 6.58 6.53 6.72 7.07 7.51 7.90 8.12 8.10 7.97 7.79 7.54 7.28 7.10 6.96 6.80 6.67 6.56 6.42 6.35 6.35 6.36 6.40 6.40 6.36 6.47 6.81 7.10 6.92 6.22 5.54 5.34 5.34 5.36 5.37 5.40 5.48 5.66 5.92 6.14 6.32 6.53 6.69 6.48 6.05
6.83 6.84 6.94 7.19 7.34 7.22 6.95 6.76 6.66 6.60 6.54 6.51 6.64 7.00 7.40 7.73 7.96 8.05 7.93 7.58 7.10 6.62 6.33 6.28 6.38 6.37 6.26 6.25 6.35 6.40 6.35 6.33 6.45 6.62 6.67 6.55 6.48 6.54 6.61 6.58 6.53 6.61 6.91 7.31 7.67 7.90 7.85 7.61 7.38 7.22 7.04 6.95 6.99 6.98 6.89 6.80 6.70 6.55 6.38 6.35 6.42 6.48 6.50 6.57 6.80 7.08 7.00 6.40 5.60 5.22 5.17 5.21 5.26 5.42 5.64 5.69 5.62 5.69 6.03 6.48 6.82 6.97 6.89 6.94
7.01 7.17 7.49 7.72 7.69 7.43 7.06 6.77 6.65 6.63 6.68 6.81 7.08 7.39 7.57 7.57 7.50 7.37 7.03 6.43 5.82 5.52 5.62 6.03 6.36 6.49 6.53 6.63 6.74 6.80 6.82 6.87 6.95 6.95 6.85 6.67 6.57 6.62 6.66 6.71 6.86 7.14 7.43 7.59 7.66 7.55 7.18 6.75 6.52 6.52 6.65 6.89 7.08 7.04 6.92 6.86 6.84 6.76 6.61 6.53 6.55 6.60 6.67 6.80 6.98 7.00 6.61 5.91 5.45 5.29 5.27 5.29 5.37 5.53 5.74 5.86 5.88 5.83 5.97 6.45 7.11 7.66 7.99 8.23
7.11 7.26 7.49 7.61 7.56 7.45 7.24 6.95 6.77 6.76 6.83 6.96 7.14 7.23 7.13 7.03 6.98 6.73 6.15 5.53 5.21 5.30 5.73 6.23 6.53 6.65 6.75 6.88 6.99 7.09 7.27 7.46 7.55 7.46 7.28 7.10 6.99 6.95 6.86 6.92 7.20 7.50 7.59 7.55 7.44 7.11 6.57 6.12 6.00 6.25 6.69 7.06 7.15 7.01 6.91 6.92 6.94 6.92 6.82 6.69 6.65 6.70 6.80 6.89 6.92 6.72 6.17 5.66 5.46 5.42 5.41 5.44 5.57 5.71 5.73 5.77 6.00 6.30 6.60 7.07 7.78 8.29 8.44 8.32
7.24 7.39 7.62 7.72 7.71 7.60 7.49 7.37 7.22 7.08 6.97 6.89 6.84 6.78 6.76 6.84 6.79 6.39 5.88 5.67 5.82 6.11 6.41 6.67 6.79 6.83 6.91 7.01 7.11 7.21 7.38 7.59 7.68 7.64 7.55 7.50 7.49 7.43 7.24 7.14 7.27 7.33 7.34 7.36 7.20 6.75 6.24 5.94 5.99 6.38 6.93 7.24 7.22 7.08 7.01 7.01 7.00 6.96 6.82 6.69 6.65 6.70 6.76 6.79 6.77 6.52 6.04 5.70 5.59 5.57 5.57 5.58 5.64 5.74 5.81 5.91 6.15 6.62 7.22 7.84 8.31 8.30 7.86 7.41
7.56 7.77 8.06 8.09 7.95 7.70 7.60 7.60 7.54 7.28 6.94 6.67 6.52 6.54 6.70 6.80 6.60 6.24 6.16 6.42 6.71 6.83 6.90 6.99 7.04 7.05 7.09 7.14 7.19 7.28 7.40 7.48 7.47 7.49 7.68 7.94 8.09 8.05 7.85 7.52 7.29 7.16 7.22 7.20 6.87 6.40 6.11 6.08 6.30 6.79 7.27 7.45 7.38 7.25 7.14 7.08 7.02 6.90 6.71 6.62 6.62 6.64 6.66 6.67 6.63 6.44 6.13 5.96 5.88 5.83 5.80 5.75 5.69 5.68 5.87 6.24 6.65 7.17 7.87 8.43 8.46 7.90 7.11 6.57
7.84 7.96 8.10 8.06 7.92 7.68 7.51 7.42 7.31 7.05 6.71 6.45 6.42 6.58 6.69 6.58 6.35 6.32 6.59 6.84 6.92 6.94 7.01 7.14 7.20 7.17 7.13 7.13 7.15 7.28 7.45 7.50 7.46 7.54 7.81 8.10 8.25 8.27 8.22 7.98 7.50 7.15 6.97 6.72 6.31 6.07 6.10 6.26 6.60 7.16 7.58 7.62 7.46 7.31 7.20 7.11 7.00 6.85 6.65 6.60 6.63 6.66 6.66 6.64 6.62 6.51 6.34 6.26 6.23 6.17 6.09 6.02 5.95 5.94 6.11 6.56 7.28 8.14 8.86 9.01 8.52 7.70 6.88 6.26
7.83 7.65 7.36 7.30 7.35 7.31 7.17 7.04 6.97 6.83 6.70 6.69 6.85 7.00 6.86 6.52 6.32 6.40 6.56 6.61 6.69 6.86 7.09 7.25 7.26 7.13 6.99 6.95 7.01 7.18 7.37 7.52 7.58 7.65 7.70 7.69 7.68 7.72 7.78 7.71 7.31 6.85 6.44 6.09 5.88 5.90 6.07 6.29 6.80 7.47 7.74 7.57 7.33 7.23 7.19 7.12 6.99 6.80 6.61 6.61 6.71 6.76 6.74 6.70 6.66 6.59 6.51 6.50 6.50 6.49 6.51 6.58 6.63 6.74 6.93 7.34 8.06 8.91 9.38 9.13 8.44 7.77 7.13 6.48
7.52 7.09 6.36 6.06 6.12 6.29 6.51 6.74 6.93 7.07 7.24 7.49 7.71 7.63 7.19 6.69 6.39 6.23 6.10 6.13 6.44 6.86 7.17 7.29 7.24 7.09 6.91 6.82 6.82 6.94 7.07 7.18 7.23 7.26 7.17 6.98 6.82 6.73 6.68 6.61 6.49 6.26 5.98 5.77 5.78 5.92 6.07 6.41 7.14 7.76 7.74 7.36 7.15 7.13 7.13 7.07 6.95 6.78 6.65 6.74 6.87 6.92 6.87 6.78 6.68 6.61 6.61 6.66 6.71 6.79 7.00 7.30 7.63 8.01 8.35 8.66 9.03 9.39 9.30 8.73 8.28 8.06 7.80 7.40
7.02 6.47 5.61 5.32 5.31 5.52 5.99 6.49 6.91 7.29 7.63 7.89 7.92 7.61 7.13 6.70 6.37 6.10 5.99 6.17 6.54 6.92 7.17 7.27 7.25 7.15 7.02 6.89 6.76 6.73 6.75 6.69 6.61 6.59 6.55 6.37 6.12 5.93 5.76 5.71 5.75 5.78 5.77 5.86 6.11 6.34 6.58 7.10 7.77 8.00 7.68 7.26 7.10 7.06 7.04 7.01 6.97 7.00 7.12 7.26 7.26 7.11 6.96 6.84 6.76 6.72 6.72 6.80 6.91 7.11 7.50 8.01 8.61 9.12 9.47 9.58 9.55 9.42 8.99 8.48 8.39 8.51 8.54 8.49
6.53 6.07 5.48 5.41 5.54 5.81 6.16 6.45 6.73 7.07 7.40 7.55 7.39 7.03 6.72 6.51 6.30 6.17 6.26 6.58 6.88 7.13 7.27 7.32 7.28 7.23 7.19 7.15 7.07 6.89 6.73 6.55 6.42 6.34 6.20 5.93 5.61 5.40 5.30 5.34 5.45 5.62 5.93 6.38 6.79 7.10 7.49 7.93 8.20 8.04 7.58 7.23 7.09 7.00 6.96 7.01 7.15 7.41 7.70 7.76 7.51 7.15 6.93 6.87 6.90 6.90 6.86 6.92 7.12 7.48 8.00 8.56 9.04 9.32 9.43 9.37 9.17 8.90 8.58 8.40 8.47 8.58 8.73 8.96
6.52 6.37 6.35 6.58 6.75 6.84 6.75 6.63 6.68 6.86 7.02 7.04 6.82 6.56 6.41 6.33 6.27 6.30 6.52 6.86 7.14 7.38 7.46 7.41 7.31 7.27 7.30 7.35 7.35 7.25 6.96 6.66 6.45 6.25 5.96 5.60 5.28 5.11 5.10 5.20 5.43 5.85 6.46 7.03 7.38 7.64 7.91 8.10 8.10 7.78 7.35 7.07 6.88 6.77 6.81 6.99 7.26 7.51 7.60 7.41 7.09 6.88 6.82 6.84 6.93 6.98 6.96 7.00 7.19 7.62 8.17 8.55 8.65 8.51 8.32 8.17 8.10 8.10 8.12 8.14 8.10 8.08 8.30 8.67
6.92 7.09 7.52 7.93 8.07 7.90 7.43 7.15 7.09 7.04 6.89 6.66 6.46 6.35 6.31 6.29 6.30 6.45 6.79 7.16 7.43 7.63 7.58 7.39 7.25 7.25 7.33 7.38 7.38 7.33 7.12 6.79 6.45 6.14 5.80 5.48 5.24 5.11 5.09 5.27 5.78 6.55 7.25 7.64 7.76 7.76 7.80 7.83 7.75 7.46 7.08 6.74 6.47 6.43 6.61 6.88 7.11 7.15 6.97 6.67 6.54 6.59 6.68 6.78 6.88 6.93 6.94 6.99 7.12 7.42 7.79 7.85 7.63 7.33 7.06 6.96 7.16 7.53 7.78 7.80 7.69 7.66 7.79 7.97
7.17 7.44 7.92 8.26 8.38 8.29 8.12 7.91 7.66 7.31 6.90 6.56 6.39 6.35 6.35 6.38 6.49 6.76 7.14 7.44 7.59 7.59 7.38 7.15 7.08 7.17 7.26 7.26 7.21 7.15 7.03 6.77 6.47 6.16 5.83 5.54 5.31 5.19 5.30 5.79 6.67 7.50 7.90 7.94 7.78 7.61 7.58 7.62 7.54 7.27 6.85 6.44 6.20 6.30 6.51 6.69 6.72 6.53 6.27 6.13 6.19 6.38 6.58 6.72 6.78 6.79 6.81 6.92 7.08 7.29 7.37 7.16 6.90 6.72 6.62 6.72 7.13 7.56 7.78 7.73 7.65 7.63 7.59 7.53
7.23 7.44 7.75 7.88 7.88 7.86 8.00 7.98 7.72 7.30 6.91 6.66 6.54 6.50 6.52 6.63 6.86 7.17 7.44 7.51 7.40 7.18 6.98 6.87 6.92 7.06 7.07 6.94 6.90 6.92 6.84 6.69 6.52 6.28 5.99 5.73 5.55 5.56 5.95 6.79 7.62 7.98 7.88 7.60 7.38 7.31 7.40 7.53 7.47 7.14 6.70 6.36 6.28 6.40 6.52 6.53 6.33 5.94 5.62 5.60 5.84 6.20 6.49 6.64 6.69 6.71 6.76 6.89 7.09 7.27 7.24 7.04 6.87 6.74 6.75 7.10 7.63 8.00 8.10 7.99 7.86 7.75 7.62 7.59
7.30 7.46 7.70 7.68 7.48 7.22 7.18 7.24 7.21 7.09 6.91 6.78 6.70 6.67 6.71 6.89 7.16 7.39 7.42 7.25 6.97 6.71 6.61 6.74 6.94 7.08 7.02 6.86 6.87 6.89 6.81 6.69 6.54 6.34 6.14 6.04 6.09 6.36 6.91 7.54 7.83 7.67 7.33 7.08 7.02 7.13 7.35 7.49 7.35 6.99 6.60 6.40 6.34 6.42 6.52 6.50 6.32 6.01 5.68 5.60 5.85 6.19 6.42 6.55 6.65 6.73 6.81 6.91 7.01 7.05 7.07 7.08 6.95 6.75 6.85 7.47 8.17 8.48 8.44 8.22 7.99 7.80 7.69 7.80
7.39 7.50 7.57 7.37 7.08 6.72 6.46 6.41 6.54 6.69 6.77 6.78 6.75 6.73 6.78 6.93 7.09 7.09 6.85 6.54 6.27 6.15 6.31 6.75 7.17 7.31 7.27 7.22 7.22 7.10 6.92 6.71 6.50 6.33 6.26 6.32 6.56 6.92 7.26 7.45 7.39 7.15 6.94 6.91 7.00 7.15 7.33 7.41 7.21 6.86 6.55 6.30 6.17 6.30 6.54 6.62 6.60 6.51 6.31 6.26 6.37 6.41 6.43 6.51 6.65 6.77 6.86 6.91 6.90 6.89 7.00 7.09 6.95 6.87 7.26 8.15 8.81 8.83 8.47 8.09 7.83 7.71 7.73 7.85
7.42 7.29 6.88 6.31 5.95 5.81 5.84 5.97 6.13 6.30 6.49 6.64 6.69 6.71 6.75 6.77 6.69 6.43 6.12 5.94 5.89 6.01 6.44 7.08 7.49 7.55 7.50 7.50 7.39 7.15 6.94 6.71 6.48 6.36 6.36 6.47 6.66 6.87 7.00 7.08 7.06 6.93 6.89 7.01 7.14 7.20 7.23 7.22 7.06 6.77 6.37 6.03 6.02 6.35 6.69 6.82 6.87 6.91 6.96 7.01 6.92 6.67 6.50 6.54 6.69 6.82 6.91 6.98 7.08 7.26 7.37 7.27 7.22 7.52 8.25 8.97 9.18 8.79 8.22 7.85 7.68 7.69 7.76 7.74
7.20 6.81 6.10 5.47 5.08 5.20 5.59 5.94 6.15 6.32 6.49 6.59 6.64 6.69 6.70 6.63 6.44 6.29 6.31 6.42 6.51 6.72 7.10 7.46 7.61 7.52 7.42 7.32 7.02 6.75 6.68 6.59 6.46 6.41 6.46 6.54 6.67 6.83 6.99 7.16 7.13 6.97 6.96 7.12 7.18 7.13 7.07 7.01 6.83 6.44 5.96 5.81 6.09 6.57 6.88 6.99 7.04 7.14 7.28 7.32 7.20 6.96 6.79 6.82 6.90 6.94 7.00 7.14 7.39 7.56 7.49 7.34 7.56 8.23 8.96 9.15 8.82 8.22 7.83 7.68 7.67 7.73 7.73 7.61
6.88 6.51 6.05 5.83 5.73 5.80 5.98 6.09 6.19 6.39 6.58 6.63 6.65 6.69 6.70 6.66 6.67 6.83 7.03 7.06 6.96 7.00 7.25 7.46 7.46 7.25 7.03 6.71 6.29 6.11 6.20 6.30 6.39 6.48 6.56 6.66 6.87 7.15 7.40 7.51 7.33 7.05 6.95 7.00 6.97 6.89 6.87 6.83 6.55 5.98 5.66 5.86 6.36 6.79 6.99 7.04 7.10 7.18 7.26 7.28 7.27 7.27 7.27 7.24 7.13 7.03 7.04 7.17 7.30 7.27 7.15 7.36 8.00 8.72 8.99 8.61 7.94 7.49 7.32 7.32 7.36 7.39 7.32 7.23
6.78 6.61 6.38 6.34 6.38 6.46 6.43 6.34 6.32 6.43 6.52 6.57 6.64 6.72 6.78 6.89 7.08 7.24 7.12 6.80 6.58 6.64 6.98 7.32 7.32 6.95 6.46 6.00 5.71 5.73 5.93 6.16 6.39 6.58 6.72 6.91 7.21 7.51 7.67 7.60 7.33 7.03 6.83 6.71 6.62 6.64 6.74 6.66 6.25 5.76 5.70 6.10 6.59 6.89 6.99 6.99 7.01 7.07 7.10 7.14 7.22 7.33 7.38 7.29 7.10 6.98 6.98 7.02 7.00 6.95 7.13 7.75 8.45 8.66 8.38 7.79 7.29 7.03 6.93 6.89 6.87 6.87 6.75 6.53
6.82 6.75 6.59 6.50 6.52 6.68 6.90 7.02 7.02 6.83 6.58 6.49 6.60 6.76 6.93 7.13 7.30 7.24 6.94 6.74 6.80 7.04 7.34 7.54 7.34 6.77 6.18 5.81 5.73 5.89 6.11 6.30 6.49 6.70 6.93 7.21 7.45 7.55 7.51 7.34 7.12 6.93 6.73 6.52 6.43 6.52 6.65 6.51 6.12 5.85 5.96 6.34 6.69 6.87 6.91 6.88 6.85 6.82 6.84 6.94 7.07 7.18 7.18 7.05 6.87 6.78 6.81 6.87 6.91 7.07 7.51 8.06 8.19 7.87 7.51 7.26 7.04 6.91 6.84 6.76 6.68 6.61 6.45 6.15
6.74 6.66 6.57 6.69 6.95 7.28 7.53 7.51 7.18 6.72 6.37 6.37 6.61 6.83 7.02 7.19 7.26 7.23 7.31 7.64 7.99 8.14 8.14 8.00 7.53 6.89 6.43 6.28 6.34 6.49 6.57 6.57 6.61 6.76 6.96 7.12 7.18 7.20 7.17 7.08 6.98 6.90 6.77 6.65 6.60 6.61 6.58 6.41 6.15 6.04 6.22 6.55 6.78 6.84 6.82 6.76 6.66 6.58 6.60 6.78 6.95 7.02 6.95 6.74 6.48 6.42 6.60 6.81 6.98 7.25 7.58 7.64 7.28 6.99 7.00 7.04 6.98 6.93 6.87 6.74 6.61 6.47 6.22 5.97
