project/data/elevation/US_DEM2016/US_DEM2016_point_10-31-2019_1803_30m_ang.asc
ncols	125
nrows	167
xllcorner	-2042055.000000
yllcorner	1465035.000000
cellsize	30.000000
NODATA_value	-9999.000000
[rows 90 to 134 of 167, columns 0 to 95 of 125]
344 345 346 346 344 341 337 336 337 340 344 351 360 7 11 356 352 351 351 351 350 348 346 344 343 341 339 339 341 344 347 347 349 355 2 5 4 1 360 359 357 355 355 352 348 343 341 343 344 343 342 342 343 344 347 350 351 347 345 345 345 345 345 341 338 339 343 346 344 343 341 339 340 343 349 354 357 359 1 2 1 359 357 358 1 1 358 356 356 360 1 0 359 357 353 350
344 344 345 344 342 338 336 336 339 345 352 3 10 11 3 353 347 345 344 344 344 345 346 347 346 343 339 337 337 338 340 342 343 348 358 5 7 5 1 358 355 355 354 352 349 347 346 348 348 348 346 344 345 347 350 352 352 348 345 345 346 346 345 340 337 337 341 343 343 342 341 338 337 339 342 346 350 354 358 0 1 0 360 2 4 4 3 1 1 2 1 358 354 352 350 349
343 343 343 342 339 336 336 339 344 353 3 11 11 8 2 355 348 343 340 338 338 341 345 347 346 345 342 340 338 338 338 340 341 343 352 4 9 6 1 357 354 354 353 350 348 348 349 350 350 350 350 348 348 349 352 355 354 350 347 347 347 348 345 340 336 336 340 342 343 343 341 339 338 339 340 340 342 347 352 354 356 358 360 1 4 5 5 6 6 5 2 357 352 349 350 353
343 342 341 339 337 336 337 343 352 2 9 9 6 3 0 356 351 347 343 341 340 342 345 346 346 345 343 343 344 344 344 345 345 347 353 3 8 5 360 355 353 352 350 348 347 347 349 350 351 351 351 352 353 352 353 355 355 353 351 351 351 350 346 340 336 337 340 344 345 344 342 341 341 342 342 337 334 337 342 344 346 352 357 359 1 3 4 6 6 4 1 357 352 350 353 355
342 342 340 337 336 337 341 348 359 6 7 4 1 359 356 354 352 350 347 345 345 346 348 349 348 344 341 342 345 347 348 349 349 352 357 3 4 0 356 353 351 350 348 346 346 346 348 349 350 351 352 355 357 357 356 357 358 357 355 354 354 352 347 340 337 338 341 346 348 346 344 343 345 348 348 339 328 325 327 328 330 338 348 354 355 356 358 0 1 1 360 357 353 352 353 352
342 342 342 340 340 343 348 354 0 3 0 359 357 355 352 350 349 349 348 347 348 350 351 352 350 343 339 339 342 346 347 348 349 352 358 1 359 356 353 351 350 348 347 346 346 345 345 347 349 352 354 356 358 359 0 1 2 360 357 355 355 352 346 341 339 339 342 346 348 346 345 346 351 357 356 347 336 329 326 323 322 325 336 345 347 349 352 355 356 357 358 356 353 352 351 349
342 343 345 345 347 351 355 358 359 358 356 354 353 351 349 347 346 346 347 349 351 354 355 353 349 343 340 340 342 344 345 345 346 349 355 357 355 352 350 349 349 349 349 347 346 343 342 343 346 350 354 357 358 0 3 6 5 2 358 356 354 350 345 340 340 342 344 346 346 344 344 349 358 4 3 355 347 341 336 331 329 330 334 337 340 345 350 353 354 355 355 354 352 352 351 348
342 344 347 349 351 354 357 358 357 356 354 352 350 348 346 345 345 346 348 352 357 359 356 350 346 343 342 344 346 347 348 348 348 350 353 354 352 350 349 348 349 351 351 349 346 343 340 340 343 347 350 353 355 359 3 6 6 3 359 356 353 348 343 340 340 342 345 346 345 343 343 350 1 6 6 360 354 349 342 338 338 338 338 337 340 346 351 353 353 354 355 353 351 351 350 347
343 346 349 351 351 354 356 356 355 355 353 350 347 344 344 344 345 348 353 358 2 0 354 347 342 340 342 346 349 350 352 353 354 354 354 353 350 348 348 350 352 354 352 350 347 344 340 341 344 347 347 346 348 353 358 3 4 2 359 356 352 348 343 340 339 341 344 345 344 342 343 349 357 3 4 3 359 353 347 344 345 344 342 341 344 350 353 353 352 353 354 352 350 349 347 345
345 347 349 349 349 351 352 353 352 353 352 349 345 343 343 345 348 353 359 3 2 357 351 346 340 337 339 344 348 351 353 356 358 357 356 354 350 347 349 353 356 355 352 350 347 344 342 344 349 352 351 349 347 349 352 358 1 0 358 356 352 348 344 342 341 342 343 344 343 341 343 347 352 357 1 3 1 356 351 350 350 350 347 346 350 354 354 353 352 353 354 353 349 347 345 343
347 348 349 347 346 346 348 349 350 350 350 347 345 343 344 347 353 0 5 3 357 351 348 344 339 336 337 341 345 349 352 356 358 359 359 356 352 349 351 355 355 353 351 350 347 344 343 346 351 355 356 356 353 350 352 357 359 358 356 355 353 349 346 344 344 344 345 345 343 343 344 345 347 351 357 360 359 356 354 355 355 353 351 352 354 355 353 352 351 353 354 354 351 348 346 343
348 349 349 346 342 341 342 344 347 347 346 345 345 345 347 353 0 6 5 359 352 348 345 342 337 335 337 340 343 344 347 350 355 359 0 358 355 352 352 353 352 350 350 349 347 344 343 346 350 353 356 358 358 355 355 358 358 355 353 353 352 349 347 346 346 347 347 346 345 346 346 345 345 348 352 355 355 355 357 359 358 357 356 356 356 353 351 351 352 354 355 354 353 351 348 343
349 349 348 346 344 338 339 341 343 344 343 343 345 348 352 359 4 3 359 354 351 347 344 342 338 336 337 340 341 340 339 342 347 353 357 358 355 351 350 350 350 350 350 349 347 344 344 346 349 352 354 357 359 359 358 358 355 351 350 351 350 348 347 347 348 348 348 347 346 346 345 344 344 346 349 351 351 353 356 359 360 360 360 359 356 353 352 352 354 355 356 354 354 352 349 343
349 349 349 348 344 343 340 340 341 340 341 343 347 352 358 360 357 354 352 351 350 348 346 344 342 343 344 344 343 339 336 336 339 344 349 352 351 348 347 348 349 350 349 348 346 344 345 348 350 351 351 352 355 359 360 357 353 348 347 348 347 346 347 348 349 350 349 349 347 346 344 342 342 345 348 350 351 352 353 354 357 359 0 360 358 357 356 356 357 357 356 354 353 351 348 343
346 347 349 350 349 345 342 341 340 340 341 346 352 0 0 351 345 344 345 347 347 347 346 345 344 347 351 352 349 345 343 342 342 344 346 348 348 346 346 348 350 350 349 347 345 344 347 351 353 352 351 349 350 353 354 353 350 345 344 344 344 345 346 348 349 350 351 351 350 347 345 342 340 343 347 349 352 354 352 350 351 354 356 358 359 0 1 0 0 359 356 354 352 350 346 344
341 344 350 352 352 349 345 343 342 343 347 353 358 1 356 344 337 335 338 340 342 344 344 343 344 349 354 355 353 351 350 349 349 349 349 349 350 348 348 350 352 351 348 345 344 345 349 354 357 356 355 354 349 345 344 345 345 343 341 341 341 344 346 348 348 350 352 353 353 350 346 343 341 341 345 349 354 356 354 351 349 348 348 350 355 359 1 2 1 359 356 354 352 349 346 344
338 343 349 352 353 351 350 346 347 351 356 359 358 356 351 347 343 339 338 338 339 340 341 340 343 348 351 353 353 354 353 353 354 354 353 353 353 351 349 351 352 350 347 344 344 345 349 355 359 1 1 359 351 343 340 341 343 342 340 339 340 343 346 346 347 348 351 354 355 353 349 346 343 342 344 348 353 356 357 355 352 349 344 344 347 353 357 360 359 357 354 352 350 348 347 347
341 344 349 352 353 353 353 353 354 356 357 357 355 351 349 348 349 350 347 344 342 341 339 340 343 346 348 349 351 353 355 356 357 357 356 356 356 354 352 351 351 349 347 346 345 345 348 355 1 4 5 360 351 344 342 342 342 340 338 337 339 342 344 345 345 347 350 353 356 355 352 349 348 346 346 348 351 355 358 358 355 352 350 348 348 350 354 356 357 355 352 349 347 346 347 349
345 346 349 352 353 354 355 356 357 356 354 353 350 348 347 348 351 353 352 350 347 344 341 341 345 347 347 347 348 350 353 356 357 357 358 358 359 358 355 352 349 347 347 347 346 344 347 353 360 4 4 358 352 347 345 344 342 339 338 337 339 341 342 343 344 346 348 351 354 355 355 353 352 351 349 349 350 354 357 357 355 352 352 352 352 352 353 354 354 353 351 348 347 346 347 349
346 347 350 351 351 352 354 355 354 352 350 348 346 345 346 348 351 352 351 350 348 345 344 345 348 349 348 348 350 350 352 353 354 354 355 357 360 0 357 352 349 348 348 348 345 343 345 351 357 1 1 358 354 352 350 347 343 341 340 339 339 340 342 343 344 346 348 348 350 353 355 355 355 354 351 350 350 354 356 356 353 351 351 353 354 354 354 354 353 352 350 348 348 349 349 350
345 347 350 351 350 351 351 350 349 347 346 344 343 343 345 348 350 349 348 347 346 344 345 347 351 351 348 349 352 354 353 353 353 353 353 356 360 1 358 354 352 351 350 347 343 342 345 349 354 357 357 356 356 355 354 351 348 346 345 342 340 341 342 343 345 348 348 346 347 350 353 356 357 356 352 350 351 354 356 355 352 350 350 352 354 355 355 354 353 352 350 347 347 349 350 350
343 346 350 350 349 349 349 346 344 343 343 342 342 343 345 349 350 348 346 345 343 342 343 348 352 352 349 349 352 354 354 354 354 355 355 357 360 1 359 357 355 353 349 345 342 342 345 349 352 354 354 354 355 356 356 355 353 351 350 347 343 342 342 343 346 349 348 346 346 348 352 356 358 357 353 350 351 354 355 354 351 350 351 353 354 356 356 355 354 353 351 348 347 348 349 350
342 345 348 348 347 346 345 343 341 341 341 342 343 345 347 350 350 347 345 343 341 339 341 347 352 352 351 352 353 352 352 352 353 355 357 359 1 1 359 357 354 352 348 344 341 342 346 350 352 353 352 352 352 354 356 357 357 356 355 351 347 344 343 345 347 348 346 345 345 348 352 356 358 357 354 351 351 353 354 353 350 350 351 352 354 356 357 356 354 354 353 350 348 348 349 349
343 344 346 346 344 343 341 340 340 341 341 343 344 346 349 350 349 346 344 343 340 338 340 347 350 350 352 354 355 354 353 351 350 351 355 359 2 1 358 355 353 351 347 342 340 342 347 352 353 353 352 350 351 352 354 356 358 358 357 354 350 347 346 347 347 347 345 345 346 349 352 355 358 358 355 353 353 353 353 351 349 350 350 351 352 355 356 355 354 355 354 352 350 351 351 349
344 344 345 345 342 339 337 338 340 342 342 343 345 347 349 348 345 343 343 342 340 340 342 346 346 348 351 355 357 357 356 355 352 350 352 357 0 360 356 353 351 349 346 342 340 342 347 352 353 353 352 351 351 352 352 352 354 355 354 354 352 349 348 348 347 346 345 345 347 350 353 355 358 357 355 354 354 354 353 350 349 350 350 349 349 351 351 352 354 355 354 352 351 352 352 350
344 344 345 344 342 338 336 339 343 346 347 347 347 348 346 344 342 342 342 342 342 343 344 342 341 344 350 354 356 356 357 358 357 355 353 354 356 356 354 352 350 348 345 343 342 343 346 350 352 351 350 351 353 355 355 354 351 350 350 351 351 349 348 348 348 346 345 346 348 351 353 356 358 358 355 354 355 355 353 351 351 351 350 348 346 346 347 350 353 354 353 351 351 352 352 351
342 343 345 345 343 340 338 341 346 350 351 351 350 347 344 342 342 342 342 343 345 348 347 341 337 340 347 352 354 353 354 357 360 0 357 354 354 354 353 350 348 347 344 344 345 347 347 348 349 347 347 350 354 357 359 357 354 351 348 349 349 348 346 347 347 347 347 348 350 351 352 355 358 358 356 355 355 354 353 352 352 352 352 350 346 345 347 351 352 353 352 351 351 351 352 350
340 342 345 345 345 343 341 343 346 349 350 350 348 345 343 341 342 343 344 345 348 351 350 346 339 339 344 350 352 351 350 352 357 0 359 357 356 355 352 349 347 346 343 344 348 351 351 348 345 344 344 348 353 357 359 359 357 355 353 351 350 348 346 345 345 347 348 350 351 351 352 354 357 357 356 354 354 354 353 352 352 353 353 351 349 349 351 352 353 352 351 350 350 351 351 350
340 341 344 345 346 346 344 344 346 347 346 345 343 342 341 341 343 344 345 347 349 350 351 349 346 343 345 348 351 351 348 347 350 356 359 360 359 357 353 349 347 344 342 343 349 354 354 349 343 340 341 345 351 355 357 358 357 357 357 356 354 351 348 345 345 347 349 350 350 351 352 354 356 356 355 353 353 353 352 350 351 353 353 352 352 354 354 354 354 353 351 350 349 349 349 349
340 341 343 345 347 347 346 345 346 345 342 340 339 339 340 342 344 345 347 349 348 347 348 349 349 348 348 348 350 352 351 347 345 348 355 360 1 358 354 350 347 344 342 344 350 355 355 351 344 339 339 343 348 351 354 356 356 357 358 359 358 355 351 348 347 348 349 348 348 350 353 355 357 356 354 352 352 352 350 348 349 351 353 352 354 356 357 356 355 353 351 349 348 348 348 348
341 342 343 345 347 347 346 346 345 343 339 337 337 338 340 343 345 347 349 350 349 347 345 346 348 349 348 347 349 352 354 352 347 345 350 357 360 357 352 349 346 343 342 345 351 355 355 352 347 341 339 341 345 348 352 355 357 357 358 359 0 358 354 351 351 350 349 347 347 350 354 356 358 357 354 352 352 351 349 347 348 351 352 352 354 356 356 356 355 354 352 349 347 346 346 347
343 342 343 345 347 347 345 345 344 341 338 337 338 339 342 345 347 350 352 351 350 347 345 345 347 348 347 346 347 351 354 355 352 349 349 353 356 354 350 348 345 343 344 348 353 354 354 352 348 343 338 338 341 345 350 355 358 358 358 359 1 359 355 353 351 350 348 347 348 351 354 357 359 359 355 352 351 350 348 347 348 350 351 353 354 355 355 355 355 354 352 350 347 345 345 345
343 343 343 345 347 345 343 343 342 340 339 339 339 340 343 347 349 351 351 350 349 348 347 346 347 348 346 344 345 349 353 355 354 353 352 353 354 352 349 346 343 342 346 353 355 353 352 351 349 344 338 335 336 341 346 352 357 358 358 360 0 358 355 352 350 348 347 347 349 352 355 357 359 359 356 353 351 349 348 348 348 349 350 352 354 355 355 354 354 353 351 350 347 345 344 344
343 343 343 345 346 344 342 339 338 339 340 341 340 341 345 348 349 349 349 348 349 348 347 347 348 349 347 344 344 348 352 354 354 354 353 353 354 353 350 345 342 343 351 357 356 352 350 350 348 345 339 334 332 336 341 348 353 357 359 360 360 357 354 352 349 347 347 347 349 353 356 359 0 0 357 353 350 349 349 349 348 348 348 350 351 353 354 354 352 351 350 349 348 346 345 345
344 344 343 344 345 343 341 337 335 336 339 341 341 342 345 346 347 348 348 348 349 348 345 344 347 350 350 346 344 347 351 354 354 352 352 353 354 354 350 344 343 348 357 359 355 351 349 348 348 346 342 338 335 335 337 342 348 354 358 358 358 356 354 352 349 347 347 347 349 353 357 0 3 2 357 353 351 350 350 350 348 348 348 348 348 350 351 351 350 349 349 349 348 347 346 347
344 344 345 345 345 343 341 338 335 335 341 341 343 345 345 343 345 349 351 350 348 345 342 342 345 350 352 350 347 347 351 353 354 352 351 352 354 354 350 346 347 353 357 357 355 353 350 348 348 347 345 343 341 340 339 340 345 352 355 356 357 355 352 350 348 348 348 349 350 353 357 2 6 4 358 355 353 351 350 350 349 349 348 347 347 349 349 348 347 347 348 348 348 348 348 348
342 344 347 347 345 343 341 339 336 335 337 341 345 348 345 343 345 350 352 350 346 343 340 340 345 350 352 352 351 349 350 353 354 353 352 351 351 352 350 348 349 352 354 354 355 354 352 350 349 348 347 345 343 343 342 341 343 349 353 355 356 354 350 347 347 349 349 349 351 354 359 5 8 4 360 357 355 352 349 348 349 349 348 347 348 350 348 345 344 345 347 348 348 347 348 348
341 343 347 347 345 342 341 340 338 335 341 340 347 349 347 345 347 349 349 347 345 342 340 340 345 348 350 352 353 350 349 352 355 355 354 351 350 351 351 349 349 350 352 353 353 353 352 351 351 351 349 347 345 344 344 343 342 346 352 356 356 353 349 347 348 349 348 348 350 356 3 8 8 5 1 359 358 354 350 347 346 347 347 349 351 351 346 342 343 344 347 348 347 346 346 347
344 345 346 345 343 341 340 341 339 344 336 340 346 350 349 348 348 348 347 345 345 344 342 343 345 346 348 352 352 350 348 351 354 356 355 352 350 351 351 349 348 349 351 351 350 350 350 352 354 354 353 351 348 347 346 344 342 344 350 356 356 352 349 348 349 348 346 347 351 360 8 10 9 5 1 359 358 356 353 349 344 344 346 351 354 350 344 342 343 345 346 347 347 346 344 345
351 349 347 344 342 340 341 342 341 345 338 341 346 348 349 348 347 347 346 345 345 345 346 347 346 346 348 351 351 349 348 350 353 355 354 352 351 351 352 350 349 349 349 348 347 347 348 351 354 356 356 354 351 350 348 347 344 344 348 354 355 352 350 349 348 346 345 348 355 5 10 11 8 4 1 358 356 355 354 350 345 343 346 352 352 348 344 344 346 346 347 347 347 346 344 344
354 352 348 345 344 343 343 343 343 341 340 341 344 345 346 346 346 345 345 345 346 346 347 348 346 346 349 351 350 349 349 349 351 353 354 353 351 351 351 351 350 348 347 345 344 344 346 350 354 357 358 355 352 351 350 349 347 347 349 352 354 352 350 349 347 345 346 351 1 8 10 8 6 3 1 359 356 353 350 348 345 344 347 350 349 347 347 349 350 349 348 347 347 346 344 344
354 351 348 345 345 346 346 344 344 343 341 340 341 342 344 345 344 345 346 348 349 348 346 345 345 346 348 349 350 350 350 350 350 352 355 355 352 350 350 351 349 347 346 344 343 343 345 350 354 357 357 354 352 352 352 350 349 349 350 352 353 352 350 349 347 346 349 357 4 8 7 6 4 1 359 358 357 354 349 345 343 344 347 349 349 349 351 353 353 351 348 347 346 346 345 343
351 350 347 345 346 348 349 347 345 343 342 340 339 340 342 343 344 346 349 352 352 349 345 343 343 345 346 348 349 349 349 349 350 353 356 357 355 351 350 349 347 346 346 345 344 345 347 351 354 355 354 353 353 354 353 351 350 350 352 353 352 351 350 349 348 349 353 0 5 6 5 4 3 1 359 357 355 353 349 344 341 342 346 350 351 352 353 355 354 350 347 346 346 346 345 344
348 348 347 346 346 348 350 350 347 345 344 341 339 338 340 342 345 349 353 354 352 349 345 343 343 344 345 347 347 347 347 347 349 353 356 357 356 354 351 349 346 345 345 345 346 348 351 352 353 351 350 351 354 355 354 352 351 351 353 353 352 350 349 349 350 352 358 2 3 3 4 4 2 0 358 356 353 350 347 343 341 342 346 350 353 354 355 355 352 349 346 345 345 346 346 345
343 345 347 348 349 349 350 350 349 348 347 344 341 338 338 341 346 351 353 352 351 349 346 344 344 345 345 346 346 346 345 345 347 351 354 356 357 357 355 351 347 345 345 346 349 351 352 352 351 348 347 350 355 356 356 354 352 352 353 354 352 349 349 349 350 354 360 2 2 2 3 4 2 360 357 354 351 347 344 343 343 345 348 351 353 355 355 354 350 347 345 344 344 345 346 345
