project/data/elevation/US_DEM2016/US_DEM2016_point_11-01-2019_1523_30m_vel.asc
ncols	125
nrows	167
xllcorner	-2042055.000000
yllcorner	1465035.000000
cellsize	30.000000
NODATA_value	-9999.000000
[rows 114 to 151 of 167, columns 0 to 83 of 125]
2.50 2.47 2.46 2.50 2.58 2.67 2.72 2.65 2.50 2.30 2.13 1.98 1.88 1.83 1.85 1.93 2.07 2.23 2.36 2.46 2.56 2.59 2.51 2.48 2.63 2.84 2.99 3.03 2.96 2.83 2.70 2.51 2.29 2.16 2.19 2.29 2.40 2.49 2.55 2.59 2.63 2.68 2.71 2.73 2.70 2.65 2.63 2.64 2.67 2.76 2.88 2.89 2.80 2.67 2.50 2.39 2.38 2.46 2.54 2.55 2.50 2.42 2.36 2.33 2.35 2.40 2.48 2.53 2.51 2.48 2.46 2.46 2.47 2.47 2.46 2.43 2.41 2.40 2.40 2.37 2.29 2.17 2.07 2.02
2.55 2.54 2.53 2.54 2.56 2.56 2.51 2.39 2.20 1.99 1.83 1.72 1.66 1.68 1.84 2.06 2.30 2.52 2.70 2.78 2.75 2.60 2.34 2.21 2.32 2.51 2.69 2.85 2.91 2.90 2.89 2.81 2.57 2.24 2.01 2.01 2.20 2.43 2.58 2.65 2.69 2.72 2.74 2.73 2.62 2.46 2.38 2.42 2.51 2.66 2.88 2.98 2.92 2.74 2.47 2.19 2.04 2.07 2.18 2.30 2.38 2.42 2.45 2.48 2.51 2.52 2.52 2.50 2.46 2.44 2.46 2.48 2.49 2.47 2.44 2.41 2.42 2.42 2.40 2.28 2.07 1.88 1.73 1.68
2.59 2.60 2.60 2.57 2.53 2.46 2.36 2.27 2.20 2.14 2.09 2.03 2.03 2.14 2.35 2.58 2.80 2.92 2.94 2.89 2.77 2.56 2.25 1.99 1.96 2.07 2.29 2.56 2.71 2.73 2.77 2.84 2.81 2.63 2.39 2.32 2.41 2.57 2.66 2.68 2.68 2.66 2.68 2.69 2.60 2.41 2.26 2.24 2.37 2.57 2.80 3.01 3.08 2.98 2.78 2.56 2.33 2.18 2.16 2.23 2.31 2.38 2.43 2.50 2.56 2.59 2.58 2.53 2.45 2.38 2.38 2.42 2.45 2.46 2.45 2.44 2.44 2.44 2.44 2.34 2.15 1.94 1.83 1.83
2.59 2.60 2.60 2.56 2.50 2.41 2.32 2.27 2.30 2.38 2.46 2.55 2.66 2.78 2.90 2.99 3.01 2.94 2.81 2.68 2.61 2.58 2.42 2.14 1.95 1.94 2.06 2.31 2.47 2.45 2.40 2.53 2.76 2.89 2.84 2.74 2.69 2.67 2.60 2.54 2.51 2.52 2.57 2.64 2.64 2.51 2.30 2.16 2.23 2.43 2.62 2.81 3.00 3.09 3.07 2.97 2.84 2.70 2.56 2.47 2.43 2.42 2.44 2.45 2.48 2.51 2.53 2.50 2.42 2.34 2.31 2.33 2.37 2.42 2.46 2.48 2.48 2.49 2.51 2.53 2.48 2.41 2.37 2.39
2.56 2.55 2.55 2.53 2.49 2.42 2.36 2.32 2.35 2.44 2.60 2.77 2.92 3.00 3.02 2.95 2.79 2.60 2.50 2.42 2.45 2.58 2.61 2.47 2.29 2.14 2.10 2.20 2.36 2.32 2.18 2.17 2.39 2.71 2.86 2.82 2.73 2.61 2.50 2.43 2.43 2.47 2.54 2.61 2.64 2.59 2.38 2.15 2.11 2.22 2.38 2.53 2.73 2.95 3.07 3.07 3.05 3.02 2.93 2.79 2.65 2.55 2.47 2.40 2.34 2.30 2.31 2.36 2.37 2.36 2.36 2.37 2.38 2.42 2.48 2.52 2.54 2.56 2.63 2.72 2.79 2.83 2.87 2.84
2.52 2.50 2.50 2.50 2.48 2.44 2.40 2.38 2.41 2.49 2.63 2.77 2.85 2.84 2.77 2.64 2.51 2.42 2.35 2.31 2.31 2.40 2.52 2.53 2.43 2.31 2.24 2.28 2.42 2.43 2.28 2.13 2.15 2.35 2.60 2.70 2.66 2.59 2.53 2.50 2.50 2.52 2.54 2.55 2.58 2.60 2.50 2.27 2.12 2.12 2.21 2.37 2.55 2.79 2.98 3.03 3.02 2.99 2.96 2.90 2.79 2.63 2.48 2.35 2.21 2.12 2.16 2.29 2.40 2.47 2.51 2.51 2.49 2.47 2.48 2.51 2.54 2.57 2.65 2.76 2.86 2.89 2.89 2.85
2.49 2.47 2.47 2.47 2.45 2.43 2.43 2.45 2.49 2.57 2.66 2.73 2.72 2.65 2.55 2.46 2.41 2.36 2.28 2.19 2.14 2.17 2.28 2.37 2.35 2.28 2.27 2.35 2.50 2.58 2.52 2.36 2.20 2.19 2.33 2.49 2.56 2.57 2.57 2.59 2.59 2.58 2.55 2.51 2.49 2.56 2.58 2.44 2.24 2.15 2.18 2.33 2.53 2.74 2.93 3.01 2.95 2.84 2.79 2.78 2.73 2.62 2.50 2.38 2.29 2.27 2.34 2.43 2.50 2.55 2.58 2.58 2.54 2.49 2.43 2.41 2.43 2.47 2.56 2.70 2.79 2.80 2.76 2.69
2.51 2.49 2.47 2.45 2.43 2.44 2.48 2.54 2.61 2.67 2.70 2.71 2.67 2.61 2.54 2.47 2.39 2.30 2.23 2.19 2.21 2.27 2.35 2.37 2.33 2.27 2.26 2.33 2.48 2.63 2.66 2.59 2.46 2.34 2.30 2.35 2.44 2.49 2.53 2.59 2.62 2.61 2.57 2.48 2.38 2.43 2.55 2.50 2.31 2.18 2.19 2.31 2.48 2.64 2.79 2.90 2.88 2.78 2.69 2.64 2.62 2.60 2.56 2.54 2.54 2.57 2.60 2.60 2.57 2.54 2.52 2.51 2.50 2.47 2.42 2.39 2.39 2.44 2.55 2.66 2.73 2.73 2.71 2.68
2.54 2.52 2.47 2.44 2.43 2.45 2.51 2.62 2.74 2.78 2.75 2.69 2.62 2.57 2.53 2.46 2.38 2.33 2.35 2.43 2.51 2.55 2.53 2.46 2.35 2.28 2.25 2.29 2.40 2.58 2.68 2.67 2.62 2.54 2.46 2.41 2.43 2.47 2.51 2.56 2.59 2.58 2.50 2.36 2.23 2.27 2.44 2.47 2.33 2.18 2.11 2.13 2.23 2.37 2.52 2.68 2.77 2.76 2.70 2.65 2.62 2.60 2.60 2.60 2.60 2.61 2.62 2.62 2.60 2.56 2.52 2.48 2.47 2.47 2.45 2.44 2.44 2.46 2.50 2.55 2.58 2.57 2.57 2.59
2.51 2.47 2.41 2.40 2.43 2.46 2.51 2.60 2.70 2.74 2.68 2.56 2.46 2.40 2.37 2.36 2.39 2.45 2.52 2.56 2.54 2.51 2.50 2.48 2.43 2.37 2.29 2.27 2.32 2.47 2.61 2.63 2.58 2.56 2.56 2.57 2.57 2.57 2.56 2.56 2.51 2.41 2.25 2.09 2.04 2.11 2.29 2.39 2.32 2.15 2.00 1.89 1.88 1.99 2.18 2.39 2.57 2.64 2.64 2.61 2.59 2.58 2.57 2.53 2.48 2.48 2.52 2.57 2.60 2.61 2.59 2.54 2.50 2.46 2.42 2.39 2.37 2.34 2.32 2.34 2.36 2.36 2.36 2.38
2.50 2.45 2.40 2.40 2.43 2.47 2.49 2.50 2.51 2.50 2.44 2.36 2.28 2.21 2.20 2.31 2.42 2.47 2.44 2.34 2.26 2.27 2.36 2.45 2.50 2.51 2.44 2.33 2.28 2.36 2.54 2.60 2.56 2.54 2.57 2.61 2.62 2.60 2.54 2.48 2.36 2.19 2.04 1.98 1.99 2.05 2.16 2.29 2.28 2.18 2.07 1.96 1.86 1.84 1.93 2.13 2.36 2.46 2.49 2.51 2.52 2.54 2.57 2.59 2.58 2.57 2.58 2.58 2.57 2.56 2.57 2.56 2.51 2.42 2.35 2.30 2.25 2.21 2.21 2.24 2.24 2.18 2.11 2.08
2.57 2.58 2.56 2.50 2.46 2.44 2.43 2.40 2.34 2.31 2.30 2.30 2.26 2.20 2.22 2.29 2.31 2.26 2.14 2.03 2.03 2.14 2.31 2.46 2.56 2.60 2.58 2.47 2.37 2.36 2.49 2.58 2.56 2.50 2.46 2.43 2.43 2.42 2.39 2.33 2.24 2.15 2.17 2.24 2.27 2.26 2.27 2.30 2.29 2.26 2.21 2.15 2.07 2.00 1.99 2.09 2.25 2.38 2.44 2.49 2.51 2.55 2.61 2.69 2.72 2.70 2.65 2.60 2.53 2.48 2.47 2.49 2.46 2.38 2.31 2.24 2.19 2.17 2.18 2.23 2.19 2.04 1.91 1.89
2.62 2.65 2.65 2.54 2.44 2.38 2.34 2.31 2.27 2.27 2.32 2.36 2.31 2.23 2.16 2.09 2.02 1.96 1.92 1.92 2.03 2.19 2.35 2.49 2.59 2.62 2.61 2.57 2.49 2.42 2.47 2.56 2.52 2.39 2.27 2.21 2.21 2.26 2.29 2.29 2.30 2.37 2.48 2.56 2.59 2.58 2.56 2.49 2.39 2.30 2.22 2.14 2.10 2.09 2.11 2.16 2.26 2.40 2.48 2.52 2.53 2.56 2.58 2.60 2.58 2.54 2.50 2.50 2.51 2.50 2.47 2.45 2.40 2.35 2.28 2.20 2.11 2.03 2.00 2.06 2.12 2.02 1.92 1.93
2.52 2.51 2.45 2.38 2.30 2.27 2.28 2.27 2.27 2.27 2.28 2.28 2.24 2.13 1.99 1.87 1.84 1.88 1.98 2.14 2.31 2.42 2.46 2.46 2.46 2.48 2.50 2.51 2.48 2.43 2.45 2.53 2.53 2.41 2.28 2.23 2.26 2.32 2.37 2.41 2.48 2.55 2.60 2.63 2.67 2.71 2.76 2.74 2.60 2.42 2.28 2.19 2.12 2.11 2.15 2.19 2.27 2.39 2.47 2.50 2.49 2.49 2.46 2.40 2.36 2.34 2.37 2.45 2.54 2.57 2.53 2.44 2.37 2.31 2.27 2.23 2.14 2.00 1.89 1.92 2.07 2.12 2.09 2.04
2.38 2.26 2.14 2.12 2.13 2.18 2.25 2.28 2.27 2.23 2.18 2.15 2.14 2.10 2.04 2.00 2.06 2.20 2.39 2.57 2.67 2.67 2.58 2.43 2.32 2.31 2.34 2.37 2.38 2.37 2.38 2.47 2.56 2.53 2.47 2.47 2.49 2.49 2.48 2.49 2.50 2.50 2.52 2.57 2.64 2.73 2.85 2.95 2.92 2.76 2.59 2.46 2.36 2.28 2.24 2.22 2.25 2.32 2.41 2.46 2.43 2.40 2.36 2.30 2.28 2.33 2.42 2.51 2.54 2.52 2.47 2.40 2.34 2.28 2.25 2.27 2.29 2.25 2.14 2.08 2.13 2.18 2.14 2.01
2.39 2.26 2.11 2.13 2.18 2.24 2.28 2.30 2.27 2.22 2.18 2.17 2.21 2.27 2.35 2.43 2.56 2.69 2.77 2.81 2.79 2.71 2.60 2.46 2.32 2.26 2.26 2.29 2.31 2.31 2.32 2.38 2.51 2.57 2.55 2.54 2.53 2.49 2.44 2.40 2.37 2.37 2.42 2.49 2.61 2.74 2.87 3.01 3.10 3.02 2.84 2.66 2.52 2.42 2.35 2.30 2.26 2.26 2.33 2.40 2.39 2.36 2.34 2.33 2.35 2.41 2.48 2.49 2.43 2.34 2.32 2.31 2.30 2.30 2.28 2.26 2.28 2.36 2.40 2.36 2.28 2.18 2.05 1.95
2.52 2.46 2.39 2.44 2.49 2.45 2.36 2.30 2.26 2.25 2.25 2.29 2.37 2.50 2.62 2.73 2.80 2.82 2.78 2.68 2.54 2.43 2.43 2.41 2.32 2.28 2.29 2.33 2.36 2.36 2.35 2.36 2.45 2.50 2.46 2.38 2.32 2.29 2.29 2.29 2.30 2.33 2.40 2.48 2.59 2.69 2.76 2.82 2.93 2.97 2.84 2.66 2.56 2.51 2.45 2.41 2.36 2.32 2.31 2.36 2.39 2.39 2.40 2.42 2.45 2.48 2.48 2.41 2.30 2.25 2.25 2.27 2.29 2.32 2.37 2.34 2.28 2.26 2.32 2.38 2.37 2.31 2.25 2.31
2.60 2.59 2.60 2.64 2.66 2.60 2.46 2.31 2.25 2.26 2.31 2.38 2.48 2.60 2.69 2.71 2.67 2.60 2.50 2.34 2.17 2.11 2.19 2.28 2.30 2.32 2.38 2.43 2.47 2.49 2.50 2.52 2.54 2.54 2.47 2.33 2.21 2.16 2.19 2.26 2.35 2.45 2.53 2.56 2.58 2.58 2.55 2.53 2.62 2.79 2.79 2.68 2.64 2.60 2.54 2.50 2.46 2.43 2.39 2.39 2.42 2.45 2.47 2.50 2.51 2.48 2.42 2.33 2.29 2.28 2.29 2.32 2.33 2.35 2.39 2.42 2.40 2.31 2.23 2.28 2.44 2.60 2.75 2.89
2.60 2.61 2.62 2.62 2.62 2.62 2.56 2.42 2.31 2.30 2.34 2.39 2.46 2.53 2.55 2.52 2.47 2.38 2.25 2.12 2.04 2.06 2.18 2.28 2.32 2.36 2.42 2.49 2.54 2.58 2.63 2.67 2.71 2.70 2.62 2.45 2.28 2.17 2.16 2.24 2.38 2.52 2.58 2.57 2.53 2.48 2.39 2.34 2.42 2.64 2.76 2.74 2.71 2.68 2.62 2.56 2.53 2.51 2.48 2.46 2.46 2.49 2.52 2.53 2.51 2.44 2.33 2.28 2.30 2.34 2.36 2.37 2.39 2.40 2.39 2.39 2.42 2.45 2.42 2.42 2.58 2.82 3.01 3.06
2.61 2.64 2.68 2.69 2.67 2.67 2.68 2.64 2.53 2.44 2.40 2.36 2.34 2.35 2.38 2.41 2.41 2.35 2.27 2.24 2.27 2.33 2.37 2.39 2.39 2.40 2.44 2.49 2.55 2.59 2.61 2.64 2.70 2.77 2.76 2.65 2.48 2.33 2.24 2.24 2.33 2.43 2.50 2.52 2.49 2.42 2.34 2.30 2.37 2.55 2.73 2.80 2.80 2.76 2.69 2.63 2.58 2.55 2.51 2.48 2.47 2.48 2.49 2.50 2.49 2.44 2.35 2.31 2.34 2.39 2.42 2.42 2.40 2.41 2.42 2.42 2.42 2.49 2.59 2.65 2.71 2.80 2.85 2.80
2.66 2.75 2.88 2.89 2.83 2.75 2.75 2.78 2.73 2.59 2.44 2.32 2.24 2.21 2.28 2.38 2.41 2.40 2.42 2.49 2.55 2.57 2.54 2.50 2.47 2.45 2.46 2.49 2.53 2.57 2.57 2.55 2.58 2.69 2.82 2.86 2.82 2.71 2.56 2.42 2.37 2.38 2.45 2.48 2.43 2.36 2.32 2.35 2.43 2.58 2.75 2.86 2.89 2.85 2.77 2.68 2.61 2.56 2.50 2.46 2.44 2.44 2.45 2.46 2.48 2.46 2.42 2.42 2.44 2.48 2.50 2.49 2.43 2.38 2.40 2.47 2.52 2.58 2.71 2.82 2.83 2.75 2.61 2.48
2.67 2.78 2.94 2.99 2.95 2.83 2.76 2.74 2.70 2.57 2.41 2.28 2.20 2.17 2.22 2.30 2.38 2.45 2.54 2.60 2.62 2.62 2.59 2.56 2.52 2.50 2.48 2.47 2.48 2.52 2.57 2.58 2.58 2.65 2.82 2.96 3.05 3.04 2.96 2.79 2.59 2.46 2.41 2.39 2.33 2.29 2.32 2.40 2.50 2.63 2.77 2.88 2.93 2.91 2.83 2.73 2.65 2.57 2.49 2.45 2.44 2.45 2.45 2.46 2.49 2.51 2.52 2.54 2.57 2.59 2.60 2.59 2.54 2.46 2.42 2.48 2.63 2.80 2.96 3.06 3.03 2.84 2.58 2.32
2.60 2.63 2.68 2.76 2.80 2.78 2.69 2.62 2.60 2.55 2.45 2.38 2.35 2.33 2.32 2.31 2.35 2.42 2.48 2.52 2.55 2.58 2.59 2.59 2.56 2.52 2.46 2.41 2.39 2.44 2.52 2.60 2.64 2.68 2.75 2.86 2.95 3.01 3.03 2.93 2.71 2.49 2.33 2.25 2.22 2.23 2.29 2.38 2.50 2.63 2.75 2.84 2.90 2.91 2.86 2.77 2.67 2.58 2.49 2.45 2.46 2.48 2.49 2.49 2.51 2.54 2.58 2.61 2.65 2.68 2.72 2.75 2.72 2.67 2.63 2.65 2.75 2.92 3.09 3.18 3.16 2.99 2.70 2.39
2.50 2.43 2.30 2.26 2.32 2.41 2.47 2.52 2.60 2.67 2.68 2.68 2.69 2.66 2.55 2.42 2.35 2.32 2.31 2.34 2.42 2.51 2.58 2.61 2.59 2.53 2.46 2.36 2.29 2.30 2.38 2.47 2.54 2.58 2.60 2.63 2.67 2.72 2.73 2.68 2.57 2.40 2.25 2.17 2.16 2.20 2.27 2.36 2.50 2.63 2.71 2.77 2.84 2.87 2.85 2.77 2.68 2.60 2.51 2.48 2.50 2.54 2.55 2.54 2.53 2.54 2.58 2.64 2.69 2.74 2.82 2.91 2.97 3.01 3.03 3.02 2.99 3.01 3.05 3.08 3.13 3.13 3.00 2.76
2.39 2.25 2.01 1.92 1.92 2.02 2.19 2.37 2.55 2.73 2.83 2.86 2.84 2.78 2.65 2.49 2.36 2.28 2.27 2.31 2.39 2.47 2.55 2.60 2.61 2.57 2.51 2.42 2.27 2.21 2.23 2.28 2.32 2.37 2.42 2.44 2.45 2.46 2.46 2.43 2.38 2.29 2.21 2.19 2.24 2.32 2.40 2.50 2.60 2.67 2.71 2.74 2.80 2.84 2.83 2.77 2.72 2.70 2.68 2.67 2.65 2.62 2.60 2.58 2.56 2.55 2.57 2.63 2.71 2.79 2.90 3.04 3.18 3.30 3.38 3.35 3.24 3.11 3.01 2.98 3.08 3.25 3.34 3.26
2.30 2.14 1.89 1.82 1.86 1.96 2.11 2.24 2.39 2.56 2.70 2.76 2.72 2.64 2.56 2.46 2.37 2.32 2.34 2.40 2.47 2.52 2.55 2.59 2.61 2.60 2.59 2.56 2.46 2.31 2.23 2.22 2.25 2.29 2.33 2.34 2.32 2.31 2.31 2.31 2.29 2.25 2.27 2.34 2.44 2.54 2.64 2.70 2.72 2.73 2.72 2.73 2.76 2.82 2.83 2.80 2.80 2.85 2.90 2.89 2.80 2.69 2.61 2.59 2.60 2.60 2.59 2.63 2.73 2.86 2.99 3.12 3.25 3.34 3.39 3.37 3.28 3.11 2.97 2.94 3.04 3.24 3.46 3.53
2.42 2.27 2.11 2.12 2.18 2.25 2.26 2.25 2.28 2.36 2.47 2.56 2.55 2.50 2.46 2.42 2.37 2.36 2.39 2.46 2.52 2.58 2.60 2.61 2.61 2.62 2.64 2.66 2.64 2.54 2.38 2.29 2.26 2.27 2.28 2.26 2.22 2.20 2.20 2.23 2.25 2.29 2.39 2.51 2.61 2.69 2.73 2.73 2.71 2.68 2.65 2.64 2.67 2.75 2.80 2.80 2.83 2.88 2.90 2.84 2.73 2.63 2.57 2.57 2.60 2.63 2.63 2.66 2.73 2.86 2.99 3.07 3.10 3.07 3.02 3.00 2.99 2.93 2.84 2.82 2.87 3.01 3.27 3.45
2.61 2.58 2.58 2.65 2.71 2.69 2.55 2.43 2.37 2.36 2.38 2.41 2.44 2.44 2.43 2.42 2.40 2.40 2.44 2.51 2.59 2.65 2.66 2.64 2.61 2.61 2.64 2.68 2.70 2.66 2.54 2.39 2.30 2.27 2.25 2.23 2.19 2.15 2.15 2.19 2.29 2.43 2.58 2.68 2.73 2.72 2.68 2.63 2.60 2.57 2.54 2.52 2.53 2.61 2.70 2.73 2.75 2.76 2.73 2.64 2.57 2.54 2.53 2.54 2.58 2.62 2.64 2.66 2.69 2.75 2.82 2.83 2.78 2.68 2.59 2.57 2.63 2.68 2.68 2.68 2.71 2.79 2.96 3.16
2.67 2.72 2.83 2.91 2.97 2.98 2.92 2.78 2.63 2.51 2.42 2.38 2.39 2.42 2.43 2.45 2.46 2.48 2.53 2.58 2.63 2.65 2.64 2.62 2.57 2.55 2.58 2.64 2.66 2.65 2.58 2.47 2.37 2.31 2.27 2.24 2.20 2.15 2.17 2.28 2.47 2.67 2.78 2.80 2.77 2.69 2.61 2.55 2.52 2.51 2.49 2.47 2.46 2.54 2.62 2.63 2.60 2.56 2.50 2.46 2.44 2.46 2.49 2.52 2.55 2.56 2.59 2.62 2.65 2.67 2.67 2.61 2.54 2.48 2.44 2.46 2.54 2.60 2.61 2.62 2.66 2.71 2.80 2.94
2.63 2.71 2.82 2.86 2.86 2.88 2.96 2.94 2.81 2.63 2.50 2.43 2.41 2.43 2.48 2.54 2.58 2.61 2.64 2.64 2.60 2.54 2.53 2.53 2.50 2.47 2.47 2.49 2.54 2.57 2.56 2.50 2.44 2.38 2.33 2.31 2.29 2.26 2.31 2.49 2.69 2.80 2.81 2.74 2.65 2.58 2.54 2.53 2.52 2.51 2.49 2.47 2.49 2.55 2.58 2.57 2.48 2.36 2.26 2.24 2.27 2.35 2.44 2.49 2.52 2.53 2.54 2.57 2.61 2.66 2.65 2.60 2.53 2.50 2.49 2.53 2.64 2.71 2.71 2.71 2.72 2.73 2.78 2.91
2.61 2.70 2.83 2.86 2.79 2.67 2.67 2.75 2.76 2.67 2.56 2.49 2.47 2.49 2.55 2.62 2.68 2.70 2.67 2.60 2.50 2.41 2.39 2.44 2.47 2.46 2.44 2.44 2.49 2.54 2.56 2.53 2.48 2.43 2.41 2.43 2.48 2.51 2.55 2.65 2.72 2.71 2.65 2.56 2.49 2.48 2.51 2.54 2.54 2.52 2.49 2.48 2.50 2.53 2.56 2.55 2.49 2.39 2.28 2.20 2.20 2.26 2.35 2.44 2.49 2.51 2.53 2.54 2.56 2.58 2.60 2.60 2.55 2.51 2.49 2.54 2.71 2.86 2.90 2.87 2.80 2.74 2.77 2.92
2.60 2.67 2.79 2.83 2.75 2.55 2.42 2.45 2.55 2.58 2.55 2.52 2.52 2.54 2.57 2.59 2.62 2.59 2.50 2.38 2.27 2.21 2.23 2.35 2.49 2.56 2.57 2.57 2.60 2.62 2.61 2.55 2.49 2.46 2.47 2.52 2.61 2.66 2.64 2.60 2.55 2.51 2.48 2.46 2.44 2.46 2.52 2.57 2.56 2.51 2.48 2.46 2.43 2.46 2.53 2.57 2.59 2.58 2.50 2.41 2.32 2.27 2.29 2.36 2.43 2.47 2.51 2.53 2.53 2.51 2.52 2.56 2.55 2.53 2.54 2.64 2.81 2.96 2.99 2.91 2.78 2.70 2.73 2.86
2.57 2.55 2.47 2.34 2.24 2.16 2.15 2.21 2.32 2.41 2.46 2.49 2.51 2.52 2.51 2.49 2.44 2.38 2.28 2.18 2.12 2.13 2.21 2.36 2.53 2.65 2.70 2.70 2.68 2.67 2.65 2.59 2.52 2.48 2.49 2.52 2.58 2.60 2.56 2.47 2.40 2.37 2.40 2.46 2.50 2.52 2.54 2.55 2.54 2.50 2.45 2.39 2.36 2.41 2.51 2.60 2.67 2.72 2.73 2.66 2.52 2.35 2.26 2.28 2.35 2.44 2.51 2.56 2.58 2.60 2.61 2.60 2.63 2.69 2.77 2.85 2.93 2.95 2.94 2.88 2.76 2.69 2.72 2.78
2.47 2.37 2.13 1.84 1.68 1.73 1.90 2.07 2.22 2.35 2.42 2.45 2.45 2.45 2.44 2.42 2.37 2.34 2.35 2.36 2.35 2.39 2.44 2.48 2.53 2.61 2.66 2.66 2.59 2.55 2.58 2.58 2.53 2.49 2.49 2.51 2.53 2.55 2.54 2.49 2.42 2.36 2.39 2.48 2.55 2.56 2.52 2.49 2.46 2.42 2.36 2.33 2.34 2.41 2.52 2.63 2.72 2.79 2.83 2.80 2.69 2.51 2.36 2.32 2.37 2.46 2.53 2.59 2.64 2.67 2.66 2.64 2.69 2.80 2.91 2.95 2.91 2.80 2.79 2.84 2.81 2.77 2.75 2.74
2.42 2.32 2.15 1.95 1.76 1.74 1.86 1.99 2.10 2.24 2.36 2.39 2.38 2.40 2.42 2.44 2.45 2.50 2.57 2.60 2.56 2.51 2.51 2.50 2.47 2.45 2.46 2.45 2.36 2.32 2.39 2.47 2.51 2.51 2.51 2.53 2.57 2.63 2.66 2.64 2.56 2.44 2.39 2.42 2.49 2.50 2.47 2.42 2.38 2.30 2.27 2.31 2.37 2.44 2.53 2.63 2.72 2.78 2.81 2.82 2.78 2.70 2.59 2.50 2.48 2.50 2.53 2.54 2.55 2.56 2.57 2.63 2.74 2.84 2.88 2.84 2.71 2.59 2.58 2.69 2.77 2.74 2.64 2.62
2.45 2.40 2.33 2.18 1.95 1.86 1.88 1.91 1.94 2.00 2.12 2.23 2.30 2.36 2.42 2.48 2.54 2.58 2.58 2.54 2.46 2.36 2.34 2.38 2.39 2.33 2.25 2.21 2.17 2.15 2.23 2.37 2.49 2.55 2.57 2.60 2.65 2.72 2.76 2.74 2.66 2.52 2.37 2.30 2.32 2.39 2.42 2.39 2.32 2.27 2.27 2.33 2.39 2.46 2.52 2.58 2.64 2.69 2.74 2.77 2.79 2.78 2.73 2.62 2.53 2.49 2.47 2.45 2.44 2.46 2.53 2.68 2.80 2.81 2.74 2.62 2.52 2.44 2.44 2.53 2.62 2.61 2.46 2.37
2.50 2.47 2.43 2.29 2.00 1.86 1.91 1.96 1.97 1.94 1.95 2.04 2.19 2.30 2.39 2.48 2.55 2.55 2.51 2.48 2.48 2.44 2.39 2.40 2.40 2.31 2.20 2.15 2.15 2.16 2.23 2.36 2.49 2.58 2.63 2.67 2.70 2.72 2.72 2.70 2.64 2.53 2.38 2.24 2.22 2.31 2.40 2.39 2.33 2.31 2.33 2.36 2.39 2.44 2.48 2.51 2.54 2.57 2.63 2.69 2.74 2.76 2.72 2.62 2.50 2.41 2.39 2.39 2.42 2.48 2.59 2.70 2.71 2.61 2.50 2.44 2.43 2.42 2.44 2.49 2.54 2.52 2.40 2.29
2.47 2.43 2.42 2.39 2.20 2.07 2.06 2.03 1.92 1.82 1.80 1.89 2.06 2.22 2.34 2.43 2.49 2.53 2.58 2.69 2.80 2.82 2.73 2.63 2.54 2.43 2.33 2.31 2.32 2.34 2.37 2.42 2.49 2.55 2.59 2.60 2.59 2.59 2.60 2.61 2.59 2.54 2.44 2.33 2.29 2.32 2.37 2.39 2.37 2.36 2.38 2.40 2.41 2.41 2.42 2.42 2.44 2.47 2.53 2.62 2.68 2.70 2.66 2.56 2.39 2.27 2.27 2.33 2.42 2.49 2.55 2.54 2.45 2.35 2.29 2.31 2.38 2.45 2.48 2.49 2.50 2.47 2.38 2.28
