project/data/elevation/US_DEM2016/US_DEM2016_point_10-28-2019_1856_30m_ang.asc
ncols	125
nrows	167
xllcorner	-2042055.000000
yllcorner	1465035.000000
cellsize	30.000000
NODATA_value	-9999.000000
[rows 86 to 128 of 167, columns 0 to 95 of 125]
346 350 352 348 341 335 331 327 321 318 318 318 320 323 328 334 343 354 356 341 332 329 327 325 323 323 323 327 333 339 343 346 349 348 349 351 350 346 348 351 348 342 337 332 324 318 317 323 332 340 345 349 352 354 357 356 6 345 349 340 337 334 327 321 319 324 331 332 330 328 322 318 319 323 326 320 310 302 300 303 305 316 323 321 325 341 3 15 18 16 13 13 14 10 4 360
343 347 348 344 338 333 329 324 320 317 318 320 322 326 334 346 358 356 346 339 333 328 325 323 321 321 321 324 329 334 339 345 350 352 352 353 347 349 353 354 347 340 335 329 319 311 310 315 326 336 342 348 354 357 360 358 352 347 344 341 337 332 326 320 318 322 331 334 332 328 323 320 323 331 339 339 334 327 321 316 314 316 318 318 320 332 354 9 14 13 13 15 15 9 2 356
341 345 346 342 337 332 326 323 320 319 320 322 325 333 348 9 352 345 342 339 335 329 324 321 319 318 317 320 325 330 334 340 347 352 356 359 358 356 356 354 348 341 336 328 316 307 304 306 315 323 330 338 347 353 357 359 355 349 344 341 337 332 326 320 317 320 330 337 334 328 323 319 321 331 342 347 347 345 342 339 337 335 333 332 333 341 351 359 3 6 10 14 13 6 359 352
340 344 345 341 337 331 325 322 321 321 323 325 329 342 357 350 339 337 337 337 334 329 324 320 317 314 311 313 320 327 332 336 342 350 359 5 5 2 359 354 348 342 338 329 317 306 302 302 307 312 316 324 332 340 349 355 355 349 344 341 337 332 326 318 314 318 329 338 335 328 321 316 317 326 338 346 348 349 349 350 349 347 344 345 349 354 355 354 357 3 8 10 7 2 355 347
339 342 343 341 336 330 324 321 321 323 325 330 338 353 13 329 323 323 326 328 328 326 323 320 314 309 306 308 312 319 326 332 337 345 358 8 11 7 2 355 347 343 339 332 320 310 307 309 314 318 322 328 333 339 345 353 355 348 343 340 337 333 326 316 311 314 326 337 334 327 319 312 311 318 330 338 342 345 349 352 352 350 350 352 358 2 359 356 359 5 7 4 1 355 348 343
338 339 340 338 334 327 323 321 322 324 330 345 5 357 326 307 303 307 311 314 317 318 319 318 314 310 307 305 306 310 316 323 329 338 353 8 15 11 3 353 346 343 340 333 324 318 316 320 326 331 333 335 338 342 348 356 357 349 343 340 337 334 325 314 308 310 322 334 333 327 317 307 304 309 321 328 330 334 342 347 348 348 350 355 1 4 3 2 4 8 7 0 354 349 344 342
337 337 337 335 330 325 322 321 323 330 347 8 5 347 330 318 312 310 308 309 310 312 316 318 317 314 311 310 310 313 317 323 328 335 348 8 18 13 2 351 345 343 339 333 327 323 322 325 331 335 338 339 341 345 351 358 359 352 345 342 339 334 323 311 306 309 320 332 334 328 316 306 302 305 315 319 318 321 329 336 338 339 344 351 358 3 4 7 10 10 7 359 351 345 342 344
335 335 334 331 327 323 321 321 327 342 2 1 350 340 334 329 325 322 320 318 318 320 322 322 320 316 315 317 321 325 329 332 336 341 352 9 16 10 359 349 344 341 338 333 328 324 323 326 330 335 338 342 345 348 352 358 1 357 351 347 343 335 323 311 307 310 321 333 337 331 318 307 302 304 310 310 303 301 306 313 317 323 331 342 350 356 2 7 9 8 6 359 351 346 345 346
334 334 332 327 324 322 320 319 330 352 352 346 341 337 334 332 332 332 331 329 329 330 331 329 324 317 316 319 324 329 333 335 339 346 359 11 10 3 354 347 343 340 336 332 327 323 321 324 329 334 338 344 349 353 355 360 4 3 357 352 347 338 326 314 310 312 321 334 341 335 322 311 305 304 304 299 289 281 280 285 290 294 305 323 336 343 351 357 1 3 3 359 352 348 346 343
333 334 334 330 326 325 326 326 335 345 342 341 339 336 334 333 334 335 335 335 336 337 336 333 326 317 314 316 320 323 326 329 334 345 1 9 3 356 350 345 341 338 335 330 326 320 318 320 326 333 339 345 350 355 359 5 9 7 360 354 348 339 327 317 313 313 321 334 341 337 327 319 313 309 306 301 293 285 280 281 283 283 287 306 325 336 345 350 353 357 360 357 351 348 344 339
332 335 338 337 337 339 343 344 343 342 341 340 338 336 334 333 333 334 336 337 339 341 339 333 325 318 315 316 318 320 322 325 331 343 358 3 358 351 346 343 340 338 335 330 323 317 313 313 319 328 336 342 348 354 3 11 14 10 2 354 347 337 326 318 315 316 322 333 339 336 330 326 324 325 324 319 313 306 299 297 298 298 301 311 325 336 345 349 350 354 355 353 349 347 344 337
331 336 341 344 343 346 349 349 346 344 343 340 337 334 333 332 332 333 336 339 343 344 337 329 323 318 318 323 327 330 332 334 338 346 356 359 354 348 344 342 341 339 335 328 321 314 309 308 312 319 326 332 340 351 3 13 16 10 2 354 345 334 324 318 314 315 321 330 337 335 332 332 335 338 339 334 331 324 318 316 319 320 320 322 329 340 349 351 350 352 354 350 347 346 342 336
332 338 344 347 344 346 348 347 346 345 344 341 336 333 332 332 332 334 339 345 347 342 332 325 319 316 319 326 333 336 338 341 345 350 356 358 352 346 344 344 344 342 335 328 322 315 310 309 312 317 319 321 329 343 357 9 13 8 2 354 344 333 324 317 313 313 317 326 333 334 333 335 339 341 344 344 343 337 331 330 333 334 331 330 335 346 352 351 349 351 352 349 345 343 339 333
335 340 345 344 343 344 345 345 344 344 343 340 335 332 331 331 334 338 345 350 346 336 330 324 318 315 317 324 331 335 339 343 348 352 357 358 353 346 346 348 348 342 335 329 323 317 313 314 320 328 330 330 333 341 351 3 8 5 360 353 344 333 325 319 316 314 317 324 330 334 336 337 337 340 343 346 347 343 338 339 341 341 337 336 341 351 353 351 349 351 352 350 344 340 335 329
338 341 345 343 340 339 340 341 342 342 340 337 334 331 331 333 338 346 351 347 338 331 327 323 317 314 315 319 324 329 333 339 346 353 359 1 355 349 349 350 347 340 336 331 325 318 315 317 325 334 339 343 344 345 350 1 6 2 357 352 344 335 327 323 320 319 320 325 331 336 340 338 336 336 339 342 343 342 342 343 345 343 340 340 346 351 352 350 349 351 353 351 346 341 334 327
339 342 344 341 336 333 334 336 337 337 335 332 331 331 333 338 346 353 349 340 332 326 323 320 314 310 311 315 318 320 323 329 338 350 359 3 359 352 349 347 343 339 336 332 325 318 315 317 325 332 339 345 348 348 353 3 3 357 353 350 344 336 330 327 324 323 323 326 331 337 342 339 335 334 335 335 336 337 341 345 346 345 343 344 347 349 349 349 350 353 355 352 348 343 336 327
340 342 344 341 339 330 329 330 331 331 329 327 328 331 336 344 349 347 342 337 332 327 323 319 313 308 308 310 311 311 312 315 324 338 353 1 359 352 347 345 342 339 336 331 324 317 314 316 322 327 332 338 344 349 356 2 360 352 349 347 342 336 332 329 327 325 324 325 329 336 340 338 335 334 333 329 328 330 336 342 346 348 349 349 349 349 350 351 353 355 355 351 348 344 337 328
339 341 343 344 339 337 330 328 327 325 324 324 326 329 335 340 338 336 336 335 333 330 326 321 317 314 314 315 314 312 310 312 317 327 342 354 354 348 344 343 342 339 334 329 322 316 314 315 319 321 323 327 334 344 354 360 356 348 345 343 339 335 332 331 329 327 325 325 328 334 338 337 334 333 332 327 324 325 329 334 340 346 349 351 352 353 354 356 358 359 355 350 347 343 336 328
335 338 344 347 345 339 333 329 326 323 322 321 320 323 324 321 321 324 327 330 330 329 326 323 321 322 327 329 328 326 326 326 329 334 341 348 351 347 344 344 343 338 332 326 321 316 314 317 321 322 321 320 321 329 342 352 351 344 341 339 336 334 332 331 330 328 327 328 330 334 337 336 333 332 332 327 324 325 325 327 330 336 341 345 350 354 358 1 3 1 355 350 346 341 334 328
328 334 343 347 348 343 336 330 326 323 321 317 312 318 319 317 316 316 319 322 324 325 324 321 322 326 333 336 337 338 338 338 340 342 345 349 353 351 347 346 345 338 331 325 321 317 317 321 327 328 327 324 318 318 328 340 344 342 338 336 334 334 333 331 329 328 329 331 333 335 338 337 334 332 331 329 326 325 326 325 325 324 324 329 339 349 357 2 3 360 354 349 345 340 334 330
325 331 342 347 349 345 342 333 330 329 331 331 329 329 329 329 328 325 322 320 320 321 320 319 322 327 332 335 338 341 342 343 345 347 348 352 357 356 350 348 345 338 330 325 322 318 319 325 331 334 335 332 325 323 328 335 341 341 336 334 333 334 333 330 328 328 330 332 335 337 339 340 338 334 331 329 325 325 327 329 329 325 321 322 330 341 351 358 360 357 351 347 343 339 336 333
329 333 341 346 349 348 344 342 342 342 342 341 339 336 335 336 339 340 336 330 326 324 321 320 323 327 327 329 333 338 341 344 347 349 351 355 360 359 353 349 343 336 331 327 322 318 319 326 334 341 344 339 331 328 331 335 339 339 335 332 333 333 331 329 327 327 329 331 334 338 340 342 343 339 335 330 325 324 327 332 335 334 332 332 335 341 348 353 355 353 348 343 340 336 335 334
333 336 343 347 348 348 348 348 348 346 344 342 340 338 336 338 343 345 343 339 334 330 326 324 326 328 326 325 327 331 335 340 344 347 351 357 2 3 358 350 341 334 330 327 322 318 320 328 337 345 347 341 335 332 333 336 337 338 336 333 333 333 330 327 325 325 326 327 330 335 340 344 347 346 340 333 327 325 327 331 334 335 336 338 341 345 349 351 351 350 346 341 338 335 334 333
335 338 345 347 346 346 347 347 347 344 341 339 338 336 336 338 343 344 342 339 335 331 328 327 330 330 326 326 328 330 331 334 337 341 347 354 3 6 0 350 342 334 329 325 320 319 323 330 338 344 345 341 338 337 338 339 338 339 339 336 333 332 330 326 323 324 324 322 324 330 337 345 350 350 344 336 329 326 326 327 329 331 333 337 342 346 350 351 350 348 344 340 338 337 336 334
333 338 346 347 345 344 344 343 341 339 338 336 334 333 334 337 340 339 336 334 330 328 327 329 333 331 326 326 331 334 335 336 338 340 345 352 3 7 2 353 345 337 331 325 321 320 325 333 339 341 341 339 338 340 343 343 342 343 344 341 336 333 331 327 324 324 322 320 321 326 334 344 352 352 345 337 332 329 326 324 326 329 332 337 342 347 351 351 350 348 344 339 337 337 337 335
330 336 345 346 344 343 341 338 336 334 334 333 332 331 331 335 337 334 331 327 324 322 324 329 335 332 326 326 331 334 336 338 341 344 348 354 4 7 3 355 348 340 333 326 322 322 327 335 339 338 337 335 336 340 344 346 346 348 350 347 340 335 332 328 326 325 322 319 320 324 332 343 352 353 346 338 334 330 326 322 324 328 333 338 342 347 352 352 351 350 346 339 336 335 336 334
329 334 342 343 341 339 337 334 332 332 331 331 331 330 331 333 333 330 326 323 320 318 322 330 335 332 328 329 332 332 332 334 337 342 349 357 5 8 2 354 347 340 333 326 322 323 329 337 340 337 333 330 331 335 340 345 348 352 354 352 345 338 334 331 328 325 321 320 320 324 333 342 351 353 347 339 334 330 324 319 320 325 332 336 340 347 352 352 351 352 350 343 338 336 335 332
330 333 338 340 338 335 331 330 330 330 329 329 329 329 329 329 328 326 325 323 319 318 322 332 334 331 331 333 336 336 333 331 331 336 345 356 6 7 0 352 345 339 331 324 321 323 330 339 342 337 331 327 325 328 333 339 346 351 354 354 349 342 337 334 330 325 321 320 321 325 333 341 351 353 347 340 336 331 322 316 316 322 328 331 336 343 348 349 350 352 351 345 342 341 338 333
331 333 336 338 335 330 327 326 328 328 326 324 323 323 323 324 324 325 326 325 321 319 324 332 332 330 331 334 337 339 339 338 336 336 341 352 4 4 357 349 343 338 330 323 320 322 329 338 342 337 331 326 325 327 328 332 338 345 349 352 351 345 341 337 332 326 321 320 322 327 334 342 351 353 347 342 338 332 322 313 312 318 323 325 330 336 341 345 349 352 350 346 344 343 340 335
330 332 336 337 334 329 324 325 329 330 327 325 323 323 323 324 326 327 328 327 324 321 323 327 326 327 330 332 334 336 340 342 343 343 345 351 358 359 354 347 342 336 329 323 320 322 328 336 340 335 330 328 329 332 333 334 335 338 342 348 349 345 341 338 333 328 322 320 322 327 334 343 351 354 348 343 340 334 324 314 312 318 323 325 328 333 338 343 348 351 348 345 344 344 341 336
328 331 335 337 335 330 325 327 333 336 336 334 333 331 329 328 329 330 330 329 327 324 323 322 321 323 328 329 329 331 335 341 346 349 351 351 355 357 353 346 340 335 328 323 322 324 329 335 336 332 328 328 332 336 339 342 342 341 342 346 347 343 340 337 333 328 324 322 322 326 333 342 351 354 349 344 341 335 326 317 316 323 329 332 332 334 340 345 348 349 347 344 343 343 341 336
325 328 334 336 337 334 330 330 334 337 338 337 335 333 331 329 330 331 331 331 330 328 326 325 323 323 327 327 324 324 328 334 341 348 351 353 356 358 352 344 338 333 327 323 325 328 331 333 333 328 326 327 331 336 340 344 346 346 347 349 349 345 339 335 331 328 325 322 321 325 332 341 350 353 349 344 341 336 328 321 321 327 334 336 336 339 345 348 349 348 346 343 342 342 340 335
324 327 332 335 339 338 335 333 334 334 333 332 331 330 329 328 329 330 330 332 331 327 326 326 328 330 331 328 323 322 324 327 332 340 347 353 359 360 353 344 337 331 325 324 327 330 331 332 330 325 323 324 328 332 336 340 344 347 350 353 354 349 341 335 330 327 324 320 320 326 334 342 350 352 348 343 341 337 329 322 322 328 334 336 338 343 349 351 350 349 345 342 341 341 339 334
324 326 331 335 339 340 337 335 335 333 329 327 327 326 325 327 329 329 330 332 329 323 320 322 327 334 336 330 325 324 327 327 327 331 340 350 360 360 352 344 336 330 325 325 329 332 331 331 329 324 321 322 326 329 332 337 341 345 350 355 358 355 345 338 333 328 324 320 320 327 336 345 351 353 348 342 340 336 328 320 319 324 330 332 337 345 351 352 352 350 345 341 340 339 337 334
325 326 330 334 339 340 337 336 335 331 327 325 324 323 324 326 329 330 333 333 327 321 315 316 323 333 337 332 326 326 330 331 330 329 333 346 357 357 350 342 335 329 326 327 333 333 329 328 328 326 321 321 324 327 330 335 339 343 348 355 0 358 349 342 337 332 327 323 322 328 337 346 353 354 348 341 339 334 325 318 316 320 325 329 335 342 349 351 352 351 347 342 338 337 336 334
326 327 330 335 339 339 337 336 334 330 326 325 324 324 326 329 331 333 336 334 330 324 318 316 320 330 335 332 327 326 329 332 334 334 335 342 351 352 347 340 334 328 327 332 337 332 324 323 325 325 321 319 322 324 328 333 338 343 347 355 1 358 350 344 339 334 329 325 324 328 337 346 354 356 349 342 338 332 324 317 314 316 322 328 335 340 346 349 350 350 348 343 338 336 334 332
325 327 330 335 338 337 335 334 331 329 327 326 326 325 328 331 333 335 336 335 332 328 322 318 321 328 333 331 327 326 327 330 334 338 340 343 348 348 344 338 331 327 329 337 338 328 320 317 319 322 319 316 316 319 323 328 335 341 347 356 0 356 349 343 338 333 329 326 326 330 338 347 354 356 350 343 337 331 324 316 311 311 317 325 333 339 345 348 348 347 346 344 339 336 333 332
323 325 330 334 337 336 333 330 327 326 327 327 326 325 328 330 332 334 334 333 331 327 321 319 322 329 333 331 328 326 326 327 331 336 341 344 348 349 346 336 329 328 333 340 335 324 316 313 315 319 317 313 311 313 317 322 328 336 346 355 358 354 348 342 336 332 328 326 326 332 341 349 356 358 350 342 335 330 322 314 307 307 312 321 327 334 342 346 345 344 344 343 340 336 334 333
324 325 329 334 335 334 331 327 323 322 324 326 325 326 329 328 329 332 332 330 327 322 318 317 322 330 336 334 331 327 326 326 328 333 338 343 348 350 344 335 330 333 340 341 333 324 316 312 314 318 319 318 316 315 315 317 322 332 343 351 355 352 347 342 336 333 330 327 327 333 342 351 0 0 350 340 334 329 322 314 307 306 310 317 323 329 336 341 341 340 342 342 341 338 336 335
324 326 331 334 335 333 330 327 322 320 327 323 327 330 329 325 325 329 331 329 324 319 315 316 321 331 337 338 336 331 328 326 327 330 335 340 345 348 344 336 334 341 345 341 337 330 322 315 316 319 321 323 323 324 322 319 321 330 340 348 352 350 345 339 336 335 332 328 327 333 342 354 5 2 350 341 335 329 323 315 308 305 309 316 324 330 334 336 337 338 340 342 341 339 338 338
322 325 331 335 334 332 329 327 324 320 320 323 329 333 328 323 323 327 331 329 324 319 315 316 321 329 335 339 340 335 330 327 327 329 334 338 342 346 344 339 339 342 343 342 340 335 328 322 320 322 323 323 325 328 327 324 323 329 338 347 351 348 341 336 334 334 331 327 328 335 346 359 8 2 351 344 336 328 320 313 307 307 312 319 327 332 332 332 334 337 340 341 341 339 338 338
318 322 329 332 332 330 329 328 325 321 330 322 329 333 330 326 327 329 331 330 327 322 317 316 320 326 330 337 340 336 331 328 328 331 335 338 341 345 346 342 340 341 342 341 339 336 332 328 326 326 326 326 327 329 330 327 325 328 337 347 350 345 338 334 333 332 329 327 329 339 353 7 10 1 351 346 340 330 321 313 308 309 314 321 330 331 328 329 333 337 339 341 340 338 337 337
320 322 326 328 328 328 329 330 327 336 319 322 329 334 334 333 333 333 332 331 330 326 320 318 320 323 328 334 337 334 331 329 329 332 336 339 341 345 347 344 340 340 341 339 337 334 332 331 331 331 331 331 331 332 333 330 327 327 335 346 350 344 337 335 334 331 328 327 332 344 2 11 9 359 351 346 341 335 328 319 311 310 314 322 331 330 327 329 334 337 340 341 340 338 335 335
