project/data/elevation/US_DEM2016/US_DEM2016_point_11-01-2019_0412_30m_ang.asc
ncols	125
nrows	167
xllcorner	-2042055.000000
yllcorner	1465035.000000
cellsize	30.000000
NODATA_value	-9999.000000
[rows 42 to 83 of 167, columns 0 to 94 of 125]
301 303 310 316 319 321 323 327 329 330 332 339 351 350 337 330 328 330 335 336 331 327 326 326 325 323 321 320 320 320 320 321 323 325 325 324 322 321 319 319 323 329 328 317 309 310 316 323 327 330 335 341 345 341 332 325 319 315 310 302 298 301 306 311 315 317 317 317 319 320 317 309 300 295 295 303 312 308 304 310 325 328 322 320 318 317 320 326 331 333 335 339 344 354 6
301 304 311 316 319 321 324 327 330 332 336 345 356 27 331 328 328 330 333 334 330 328 328 328 327 326 325 323 321 321 319 318 320 323 325 323 321 320 318 316 319 326 330 320 307 305 310 317 319 319 322 333 343 344 333 325 322 321 317 309 305 306 311 315 318 319 318 319 321 322 320 312 302 293 290 295 302 303 301 307 321 325 321 318 315 312 315 322 329 332 336 341 349 1 10
302 305 311 317 320 324 327 330 332 336 341 353 359 22 329 327 327 328 331 330 328 326 326 327 326 325 324 323 321 321 318 315 316 320 323 321 321 321 320 317 315 322 331 322 306 301 303 310 314 314 315 321 335 340 331 324 324 324 321 315 309 308 312 315 318 319 320 321 321 318 314 311 306 301 297 299 302 302 301 305 315 319 317 316 313 310 311 317 323 326 330 337 350 7 11
304 307 314 319 322 325 328 331 335 339 347 359 358 341 329 328 329 329 329 329 325 323 323 324 324 323 323 322 320 319 316 312 312 317 320 319 318 321 323 320 315 318 326 319 306 299 299 308 317 321 322 323 329 333 328 323 323 323 321 316 309 307 310 315 318 320 321 320 316 312 311 310 310 309 307 306 307 308 297 309 314 316 315 314 313 310 309 314 321 324 327 332 349 8 4
303 307 314 319 322 324 326 329 334 341 352 2 352 334 328 328 329 329 329 328 326 323 322 323 323 322 322 321 318 316 313 309 308 313 319 317 315 317 323 326 322 318 318 315 307 300 302 311 319 322 321 321 324 329 329 326 323 323 323 318 311 307 309 315 318 318 317 316 315 315 315 314 313 313 312 311 311 313 314 317 305 319 316 314 312 311 310 314 322 331 336 344 358 2 353
302 305 312 317 320 322 325 327 331 341 357 3 18 331 323 323 324 325 327 328 327 325 323 322 321 320 320 318 315 313 311 307 305 309 317 318 314 312 319 331 336 325 317 315 311 305 305 309 314 313 312 314 320 327 333 333 329 327 326 321 313 309 309 313 315 314 315 317 319 319 320 320 319 317 316 315 315 316 318 321 326 325 319 315 313 313 313 314 321 333 343 357 6 357 348
302 304 311 315 318 321 324 327 331 342 0 359 337 331 320 318 318 321 324 327 327 325 323 321 320 318 317 314 312 311 312 310 306 308 316 320 315 310 314 330 343 328 315 312 309 304 302 305 310 311 312 314 320 329 338 342 335 330 328 324 317 311 310 314 317 320 322 324 325 326 326 327 326 325 323 321 321 322 323 325 328 328 322 316 313 313 314 314 318 330 348 7 7 351 344
302 305 311 315 317 321 326 330 335 347 360 351 334 329 325 322 319 320 323 326 327 325 322 321 319 316 314 311 309 311 315 314 309 309 317 323 319 312 311 327 338 324 312 307 305 301 301 305 313 315 315 318 324 333 344 348 341 332 329 327 320 315 314 317 322 325 328 330 332 332 332 332 332 332 330 329 329 330 331 331 330 329 325 319 313 312 312 312 314 327 354 11 0 343 338
301 304 312 317 318 321 326 333 340 352 356 343 333 331 331 327 323 322 323 326 327 325 323 321 318 316 312 309 308 310 316 314 309 309 316 326 328 323 317 326 331 323 316 313 310 305 305 310 318 319 320 323 329 338 349 353 345 333 329 326 321 316 314 316 321 325 328 331 333 334 334 333 334 333 332 332 332 334 337 337 336 332 329 324 318 313 311 310 313 328 358 7 351 335 328
299 302 311 318 320 321 324 332 343 353 349 337 332 333 333 329 324 322 322 325 326 325 323 321 318 315 311 306 306 310 314 312 309 309 314 325 338 340 332 329 330 327 324 322 318 314 314 318 323 324 325 328 334 342 353 356 347 333 327 324 319 313 310 311 315 320 323 325 327 327 328 328 329 329 328 328 328 332 336 338 338 336 335 332 326 320 311 307 312 332 355 357 344 332 323
299 301 308 316 320 322 322 328 343 351 341 329 329 333 334 330 323 319 319 322 322 322 322 320 318 314 309 304 304 308 313 311 309 309 311 324 345 347 335 330 329 328 326 325 322 320 319 322 325 327 329 333 337 345 356 359 348 334 327 323 319 313 307 305 307 311 313 313 313 313 314 316 317 317 318 318 318 321 326 329 331 332 335 328 335 303 317 306 311 332 346 347 344 337 329
300 301 307 312 318 322 321 326 342 351 16 334 323 330 334 331 322 316 315 317 318 318 319 319 317 313 308 304 303 308 314 314 312 309 310 323 347 343 330 327 325 324 324 323 321 319 319 322 326 327 329 334 340 348 359 3 350 336 329 325 321 315 307 302 301 304 307 308 309 310 309 307 306 305 306 306 305 307 314 316 314 313 318 324 331 308 324 313 314 327 337 344 345 340 335
301 303 308 313 318 322 321 322 338 350 333 340 317 328 332 329 322 315 312 314 315 317 318 318 317 313 308 305 305 310 318 320 317 311 309 324 345 336 326 322 320 319 320 319 317 316 317 320 324 325 326 333 342 351 3 6 352 336 329 325 321 316 308 301 299 303 309 313 315 315 312 305 299 296 296 295 292 293 296 298 295 293 297 306 318 329 330 326 323 326 333 341 341 336 334
304 306 312 317 322 326 323 321 332 346 331 350 313 329 333 349 322 318 315 315 316 317 318 318 317 314 310 307 307 311 319 323 322 317 314 326 339 332 325 322 319 316 315 314 313 313 314 319 324 324 323 329 342 354 7 7 351 333 326 323 319 314 306 300 299 304 311 316 316 314 310 305 301 298 295 292 287 283 282 285 280 295 302 313 287 328 334 333 327 326 332 337 335 332 331
305 309 316 322 327 331 331 329 335 343 331 12 6 333 335 329 325 324 322 320 318 318 319 319 318 316 313 309 308 312 319 325 327 328 328 332 335 332 328 325 321 317 314 311 310 311 313 319 324 324 321 326 341 358 12 6 346 330 323 320 316 311 305 300 301 305 311 315 314 311 310 311 313 312 307 292 281 276 289 292 299 305 313 322 303 337 339 334 327 327 331 334 331 328 326
305 309 318 325 331 337 338 339 345 347 19 326 328 334 335 333 331 329 327 325 322 320 320 320 319 318 315 312 311 315 323 329 333 338 342 338 333 332 331 328 324 318 313 310 309 310 313 318 323 322 318 322 341 5 15 1 341 329 323 320 317 315 310 304 303 305 309 311 310 312 315 318 319 318 313 308 305 305 304 305 309 314 320 317 338 343 343 335 326 326 331 333 329 326 323
303 306 316 324 331 338 341 344 352 352 337 329 330 333 334 334 333 331 330 329 326 323 322 321 320 319 317 313 313 318 325 331 336 344 349 340 332 330 329 327 323 318 311 308 307 309 312 316 319 317 313 317 340 12 14 354 339 332 328 326 324 322 317 310 306 306 309 311 313 316 319 322 321 316 312 311 311 311 312 313 316 320 324 332 341 346 346 336 326 325 329 331 327 322 319
300 303 313 322 328 334 340 347 357 356 22 326 326 335 329 329 329 329 328 328 326 323 320 319 318 318 316 313 314 319 325 328 334 344 349 340 330 327 326 325 321 316 309 305 304 307 309 311 313 312 308 310 336 9 4 347 339 335 331 329 327 325 320 314 311 311 313 315 317 320 322 324 322 317 315 315 316 317 318 319 321 325 328 334 343 347 346 336 326 323 327 328 323 318 317
299 302 312 321 324 327 334 346 3 2 337 321 321 322 322 321 321 320 321 321 320 318 316 315 315 314 311 310 312 319 326 328 332 342 347 339 331 327 326 323 319 313 305 301 302 306 307 308 311 313 312 315 335 357 350 340 338 335 332 329 327 324 321 317 315 316 318 318 320 323 326 327 325 322 321 321 322 323 324 324 325 328 331 336 313 348 345 334 324 321 324 325 321 318 322
298 301 311 321 324 324 326 341 6 5 335 315 313 313 312 311 309 307 306 306 307 307 307 307 308 307 305 305 309 319 327 333 338 344 347 340 331 326 324 322 317 310 302 300 303 309 312 314 318 322 326 331 344 352 342 335 335 333 331 330 328 324 320 318 317 318 318 319 323 328 332 333 331 328 327 327 327 328 329 329 329 331 334 339 345 350 347 331 320 318 319 320 318 321 331
298 300 310 320 326 328 328 340 6 1 332 315 308 306 304 300 298 296 294 295 297 297 297 297 300 302 301 301 306 316 325 332 339 346 350 344 331 324 322 320 316 310 304 303 308 317 322 324 326 330 336 342 352 355 341 332 332 330 328 327 325 323 319 317 316 315 315 317 324 332 335 335 332 330 329 329 329 330 331 330 331 333 336 320 347 353 349 331 318 316 316 316 317 325 331
300 302 312 321 329 334 337 349 1 349 333 323 316 311 307 300 319 299 301 302 301 298 296 297 301 301 300 301 305 314 320 324 332 344 353 350 334 323 320 319 317 312 307 307 312 321 327 328 330 334 339 347 358 359 343 332 331 328 323 321 321 319 318 317 317 313 310 312 321 330 332 332 331 329 327 326 326 328 328 328 329 331 335 341 311 305 347 330 318 315 314 314 318 326 326
303 307 316 326 334 340 350 2 352 339 333 329 325 323 321 316 312 311 310 310 309 307 306 306 305 303 301 301 306 314 319 320 324 337 353 352 338 327 324 323 320 315 309 308 312 320 326 328 331 336 341 348 359 359 343 332 330 325 320 317 316 316 316 318 316 311 307 308 315 323 326 326 325 323 321 320 321 323 322 320 320 323 326 332 343 300 340 328 318 313 312 313 318 325 322
305 309 319 330 338 347 1 4 348 337 334 332 330 329 328 326 323 318 312 312 312 313 314 314 311 306 304 304 309 318 322 321 322 332 346 346 338 332 330 327 322 315 309 307 310 317 322 325 330 338 344 350 359 358 342 331 328 322 316 314 316 315 316 317 314 308 304 304 311 317 319 320 320 318 315 313 315 318 314 306 304 305 303 303 314 325 329 327 322 316 313 314 319 325 320
305 309 320 332 341 354 5 357 344 339 335 333 333 333 331 329 327 322 316 313 313 315 316 317 315 310 308 309 315 323 328 329 331 337 343 340 335 332 331 327 321 314 308 305 308 315 319 322 327 336 344 351 359 355 341 330 325 320 315 314 317 316 317 316 311 306 302 304 309 313 314 315 315 315 311 306 305 308 302 288 281 278 276 281 297 311 320 326 326 321 318 318 323 329 324
305 309 321 333 345 359 2 347 20 336 335 333 333 333 332 330 328 326 321 316 314 314 315 317 316 314 312 313 318 326 332 336 338 343 345 338 330 328 326 323 318 311 306 303 306 312 316 318 323 329 337 349 359 349 337 327 321 318 314 314 316 317 317 315 311 305 302 302 306 308 309 310 309 309 309 300 291 286 285 276 274 281 282 290 300 308 316 325 328 324 321 322 326 334 333
305 309 322 336 350 3 357 337 329 329 328 329 330 330 331 330 329 328 326 321 315 313 313 314 315 316 316 316 319 325 331 336 340 346 349 341 329 324 323 320 316 310 305 302 304 310 315 318 321 323 327 339 352 347 331 321 316 315 314 311 313 317 316 314 309 303 298 296 299 301 301 301 298 297 298 291 278 276 277 283 288 295 300 302 305 309 315 323 326 324 324 325 328 336 340
305 309 322 338 355 7 353 332 324 321 320 322 324 325 327 328 329 329 328 325 318 313 312 312 313 316 317 317 319 322 325 330 337 346 353 346 332 326 324 321 316 311 305 302 304 311 318 321 322 320 319 329 342 335 330 315 310 310 312 308 310 313 312 309 304 297 292 291 294 297 296 295 293 287 283 281 281 269 292 298 303 307 309 307 307 310 316 321 324 326 329 331 331 336 342
305 310 324 341 0 8 350 335 328 323 319 316 317 319 321 323 325 326 328 329 323 316 312 311 312 316 318 318 318 318 318 320 328 340 351 348 335 328 325 320 316 312 307 304 305 311 318 320 321 322 323 330 340 342 336 316 311 312 314 311 310 311 308 304 301 296 293 295 299 303 305 306 304 297 290 290 295 301 304 307 309 312 313 311 312 316 321 325 327 331 336 337 334 336 341
307 312 326 344 4 4 347 337 334 331 327 320 315 315 317 319 321 323 325 328 326 320 315 313 314 317 320 321 320 320 319 320 325 334 346 346 335 327 323 319 316 312 307 303 303 308 316 320 323 327 330 335 343 347 347 326 325 326 325 322 321 319 314 310 308 307 305 305 309 314 316 317 317 312 307 305 307 308 309 311 314 317 319 318 319 324 329 333 336 339 344 344 338 337 343
309 314 329 349 5 358 344 337 335 335 334 329 324 320 319 318 319 321 323 326 327 322 317 315 316 319 322 324 325 326 327 328 331 336 344 344 335 326 322 319 316 311 306 301 302 310 320 325 328 331 334 339 348 351 341 332 331 331 330 330 330 328 325 322 319 316 313 310 312 315 318 318 316 314 313 312 312 311 312 315 319 324 326 325 325 329 335 340 344 348 352 351 344 342 349
311 316 332 354 3 352 342 336 334 334 334 333 331 329 326 322 321 321 322 325 326 323 318 316 317 320 322 325 328 329 330 332 336 340 346 347 336 326 322 321 318 314 308 304 305 313 322 327 329 332 335 341 350 353 343 332 328 328 329 330 331 329 326 323 320 318 313 307 306 308 310 310 312 314 315 315 315 314 316 319 324 328 330 329 329 333 338 342 347 354 0 359 350 349 354
313 319 336 356 358 348 340 335 332 331 331 332 332 332 330 326 322 321 321 323 324 322 317 315 317 319 321 323 326 329 330 332 335 340 346 347 336 326 323 322 321 317 311 306 306 311 318 323 324 326 330 337 347 352 343 330 325 325 324 325 325 324 322 320 317 315 309 301 299 301 306 310 313 315 316 317 317 316 317 321 326 329 330 329 330 334 337 339 344 354 4 2 354 354 354
315 321 341 356 353 344 338 333 330 328 327 328 328 329 328 325 323 320 319 320 321 319 316 314 316 318 320 320 322 325 328 330 333 336 342 344 336 327 323 322 319 316 310 304 303 307 313 317 319 322 326 331 342 349 341 329 325 324 322 320 319 319 318 316 312 308 305 300 300 304 311 314 314 316 318 320 319 318 319 322 325 325 324 323 324 331 339 340 342 351 2 1 355 355 351
316 323 345 357 350 340 335 331 328 326 323 322 322 322 322 321 320 319 318 317 317 316 314 313 314 317 321 321 320 322 327 332 334 336 340 344 340 331 324 320 317 315 310 304 301 305 313 319 322 326 330 334 342 346 338 329 325 325 323 319 317 316 316 314 313 312 311 307 306 310 316 319 319 320 322 324 323 322 322 325 324 318 314 312 314 322 335 345 350 357 1 356 351 352 350
315 324 347 358 349 335 330 327 325 323 321 320 319 318 317 317 317 317 317 316 316 315 313 312 312 316 321 324 321 320 327 334 337 339 342 346 346 337 326 321 319 316 311 303 299 302 310 317 321 323 327 333 340 342 335 328 326 326 324 320 317 320 323 319 320 320 319 316 315 317 320 323 323 325 326 327 327 325 326 329 329 324 317 313 312 315 325 341 355 3 2 352 347 349 349
314 324 349 358 345 330 325 324 336 324 324 322 320 318 317 316 316 317 318 317 316 315 313 310 309 312 319 324 321 319 324 331 336 339 344 350 353 342 329 322 318 314 308 300 295 296 302 308 312 314 319 326 335 339 335 328 325 325 323 320 320 326 328 323 322 323 324 323 322 323 323 323 325 327 328 328 328 327 327 330 333 332 328 323 320 320 323 333 352 3 358 347 344 347 347
317 326 350 354 341 329 325 326 327 328 327 324 321 319 317 316 317 318 319 318 316 315 313 309 306 307 313 321 320 316 318 325 330 336 344 354 355 345 329 321 316 311 307 299 294 294 299 306 311 317 323 328 334 340 340 330 324 323 322 320 323 328 327 323 322 324 325 324 324 323 321 320 323 326 326 326 326 325 325 327 331 333 333 331 328 329 331 337 349 354 348 342 342 345 344
324 333 347 346 339 332 329 328 328 327 326 323 320 318 317 316 317 318 320 318 316 315 313 309 304 303 307 315 316 312 311 315 319 328 341 357 351 345 331 325 321 318 314 306 300 300 304 310 317 322 327 332 336 342 344 334 326 326 325 327 329 330 327 324 322 322 323 323 322 319 315 314 317 321 322 321 322 324 324 325 327 328 331 333 332 333 338 345 352 347 341 340 339 341 339
339 340 341 338 336 333 330 328 327 325 324 321 318 316 315 315 315 318 319 317 315 314 312 309 304 301 303 309 312 307 303 304 308 317 335 357 357 342 333 330 326 324 321 315 308 307 310 315 320 324 328 330 334 342 346 337 352 330 332 335 335 332 328 324 321 320 320 321 319 315 311 309 313 319 321 318 319 323 325 326 326 325 325 330 333 336 340 349 353 344 338 338 336 335 333
346 345 341 335 332 330 328 326 324 322 320 317 315 314 314 313 314 317 320 317 312 312 312 308 304 301 301 307 312 309 304 303 305 310 328 345 347 336 331 328 326 325 323 318 312 309 311 316 321 324 327 329 333 341 348 342 354 332 330 334 334 332 327 322 319 318 320 322 318 314 309 308 311 318 321 318 317 320 324 328 328 326 323 324 330 337 342 349 352 344 338 338 334 329 326
341 344 345 338 330 327 326 324 322 319 316 314 313 313 313 312 313 317 322 317 310 309 309 306 303 301 302 308 316 317 314 314 315 318 327 338 339 331 328 325 324 323 322 317 311 308 309 314 320 324 328 331 335 343 351 347 359 336 326 329 330 328 324 319 316 318 324 323 319 313 308 306 308 315 320 317 313 315 319 324 329 328 323 319 323 335 345 350 351 346 340 339 333 325 321
