project/data/elevation/US_DEM2016/US_DEM2016_point_10-29-2019_1818_30m_ang.asc
ncols	125
nrows	167
xllcorner	-2042055.000000
yllcorner	1465035.000000
cellsize	30.000000
NODATA_value	-9999.000000
[rows 0 to 41 of 167, columns 0 to 93 of 125]
151 149 145 146 151 154 155 156 157 160 162 164 165 163 161 162 164 166 166 164 158 154 154 158 162 164 166 167 164 157 148 131 111 103 107 113 118 124 130 134 136 135 135 134 133 130 127 125 127 134 143 151 157 161 163 165 166 164 160 157 156 156 156 154 155 156 158 158 154 150 147 147 149 152 153 155 156 156 154 155 160 163 158 153 154 158 162 164 164 158 150 145 138 131
151 149 145 146 151 154 155 156 157 160 162 164 165 163 161 162 164 166 166 164 158 154 154 158 162 164 166 167 164 157 148 131 111 103 107 113 118 124 130 134 136 135 135 134 133 130 127 125 127 134 143 151 157 161 163 165 166 164 160 157 156 156 156 154 155 156 158 158 154 150 147 147 149 152 153 155 156 156 154 155 160 163 158 153 154 158 162 164 164 158 150 145 138 131
156 151 143 143 146 150 152 152 154 157 160 163 165 163 159 160 164 167 169 167 160 152 151 155 161 164 168 170 168 162 152 135 118 111 112 115 118 122 128 133 134 133 132 134 136 137 137 136 136 137 141 147 154 159 162 165 167 167 164 160 156 154 153 152 152 154 157 159 158 155 151 150 149 150 151 152 154 154 151 152 158 164 160 152 152 157 162 167 167 162 155 152 147 141
165 154 142 140 141 143 145 146 147 150 153 158 164 163 156 155 161 168 174 173 161 150 147 151 158 165 173 177 179 177 164 146 134 127 125 125 123 121 125 131 135 137 137 139 141 145 148 147 143 139 138 141 147 153 158 162 167 168 168 165 160 155 151 148 147 148 152 157 158 158 156 154 152 149 148 148 149 149 147 146 152 162 159 150 149 155 164 171 173 167 162 160 157 151
168 156 144 141 140 139 139 140 142 144 147 152 160 162 153 149 154 166 175 173 160 149 146 150 158 168 178 184 189 186 170 154 145 141 139 137 132 128 127 132 139 143 146 146 146 148 150 150 146 140 138 139 144 149 153 157 160 161 163 165 163 159 153 148 145 144 146 149 151 153 154 154 153 150 147 145 144 143 142 142 147 154 154 148 147 155 165 174 175 168 164 163 157 151
164 155 145 143 141 139 137 136 137 139 141 146 156 161 152 146 150 162 170 169 158 148 146 150 161 172 181 189 193 184 169 158 150 147 146 144 140 135 133 134 137 140 144 146 147 149 151 150 145 140 138 140 144 148 151 153 151 150 151 156 158 158 155 150 145 142 141 141 142 144 146 147 148 147 144 141 139 138 138 140 143 147 147 144 144 153 165 174 173 167 165 162 153 147
158 153 147 145 143 141 138 134 131 132 135 141 152 158 151 147 151 159 166 164 155 147 146 153 165 176 185 192 188 177 167 159 153 150 150 149 146 143 140 138 136 135 137 140 142 145 147 145 141 137 137 140 147 153 157 158 155 152 151 152 153 154 153 150 144 138 134 134 135 138 141 142 141 140 137 134 131 130 131 134 137 140 141 140 142 150 164 173 170 164 163 158 148 143
153 151 148 148 146 143 140 133 127 125 127 134 146 152 149 147 151 158 164 161 151 145 148 158 170 180 189 190 180 170 164 159 155 154 154 154 153 152 150 147 142 137 133 132 134 138 139 136 133 132 134 141 151 160 164 164 161 158 157 156 153 152 152 149 143 133 127 128 132 136 140 140 136 132 130 128 126 124 125 127 130 133 134 135 139 148 162 171 166 161 160 154 146 142
148 149 150 151 150 148 145 138 130 125 124 128 137 145 146 145 149 157 164 159 147 143 149 161 173 184 190 184 173 166 160 158 156 156 157 158 159 160 159 157 153 147 139 133 133 136 138 135 132 131 133 140 151 161 165 166 164 162 161 159 155 151 149 149 146 136 129 129 133 138 141 140 135 133 133 133 132 130 130 130 129 129 128 136 137 146 160 168 162 158 156 151 146 143
142 146 151 154 154 154 151 144 137 134 132 131 133 138 143 145 148 157 164 156 144 142 150 163 176 184 184 177 169 163 158 156 154 154 156 159 162 163 163 163 162 158 151 144 141 142 143 138 134 132 134 138 146 154 160 163 164 164 164 162 156 148 143 147 149 142 136 135 138 143 147 144 139 139 140 142 142 140 140 141 140 137 134 133 137 145 158 164 159 155 154 152 150 150
135 141 152 156 157 158 155 149 145 144 143 140 137 137 140 144 149 159 164 155 147 146 154 165 177 181 176 170 164 160 157 154 151 151 154 158 160 161 162 164 165 163 159 153 149 148 144 138 133 133 135 138 143 147 151 157 162 166 167 164 155 144 140 144 149 146 142 142 144 149 152 147 142 142 144 146 146 146 147 149 149 148 146 143 142 147 156 160 157 155 155 156 158 160
129 135 149 157 160 160 157 153 152 152 152 149 146 143 142 143 149 159 162 156 151 153 161 170 176 176 170 163 159 156 154 151 149 148 152 156 155 154 156 160 162 163 162 158 155 152 146 136 132 132 136 142 147 150 150 154 160 168 171 164 151 143 140 143 147 146 145 147 150 154 155 148 142 142 144 146 147 148 148 149 148 147 147 146 146 149 154 158 158 159 162 164 164 164
127 130 141 153 159 159 157 156 157 159 159 156 154 152 148 145 148 156 160 156 154 159 168 173 173 170 164 158 155 152 149 146 143 143 147 150 147 147 149 152 155 158 159 159 158 155 147 136 131 130 135 142 148 150 149 149 154 167 170 160 149 143 141 143 145 145 146 149 153 156 155 148 143 143 145 146 145 144 143 138 134 133 135 138 141 145 148 155 161 164 166 167 167 165
132 131 136 145 153 155 154 155 158 161 162 160 160 160 157 151 149 153 157 156 156 164 172 173 168 163 157 152 149 145 141 137 131 128 133 137 137 137 139 141 144 147 150 153 156 153 146 137 132 131 134 139 145 147 145 143 151 164 164 156 148 143 142 143 144 146 147 151 155 156 154 147 144 145 146 144 139 136 133 127 123 124 127 130 133 137 142 152 163 166 166 167 167 165
135 136 138 141 144 145 145 147 151 154 156 158 161 164 162 158 153 153 157 157 160 167 171 169 162 156 151 144 136 130 128 126 122 119 120 122 123 126 129 129 131 133 136 141 146 147 143 139 137 137 139 145 152 150 144 144 153 162 158 152 147 145 144 145 146 148 151 154 157 157 152 147 145 146 145 140 134 134 134 130 127 128 131 134 135 137 142 151 161 165 164 165 165 161
132 135 140 140 138 133 128 126 128 131 135 141 149 157 161 160 158 156 158 161 165 170 170 163 156 150 145 137 128 122 122 127 131 130 127 125 124 127 131 132 132 132 134 138 143 144 144 143 142 141 146 155 158 150 145 147 157 161 154 149 147 147 148 149 150 151 154 158 162 160 153 149 148 150 148 142 140 141 141 135 131 132 135 139 140 141 145 151 159 163 163 163 162 157
128 131 136 138 133 121 111 109 112 116 120 126 132 143 154 159 161 161 162 165 171 174 170 160 152 147 145 142 138 134 132 133 138 140 141 140 138 138 141 142 142 143 144 146 147 147 147 148 148 148 153 159 156 149 146 151 161 160 152 148 148 150 152 154 154 154 157 161 165 163 158 155 157 158 153 149 149 150 147 140 136 136 139 141 143 146 149 152 157 162 162 162 160 156
131 132 135 139 136 125 119 121 125 128 131 135 137 141 149 157 163 166 169 173 178 179 174 162 154 151 149 148 148 146 144 142 141 143 146 148 147 147 148 149 149 149 149 149 149 149 150 153 153 153 156 157 152 148 148 155 163 158 150 148 148 151 154 157 157 157 157 160 165 166 164 165 167 164 158 156 158 159 155 148 143 141 142 144 147 150 152 153 154 159 161 161 161 160
135 137 143 149 146 137 134 136 139 142 145 147 148 149 151 156 163 169 175 182 185 183 175 164 156 153 151 149 150 152 152 150 148 147 148 151 151 152 153 152 151 151 150 149 149 149 152 155 153 153 155 154 150 147 150 158 161 153 148 147 148 150 154 157 158 158 157 158 162 166 167 168 169 165 161 162 165 165 162 157 152 148 147 148 151 153 153 151 150 154 159 162 164 166
136 139 148 153 147 140 140 143 146 149 152 154 156 157 158 160 165 172 180 188 190 185 175 164 157 154 152 150 150 153 154 154 153 153 154 155 155 155 155 154 153 152 150 150 150 150 151 149 148 150 153 152 150 149 153 159 157 149 146 146 146 148 151 154 156 156 157 157 160 163 163 164 165 163 163 165 167 167 165 164 161 156 152 152 153 155 154 152 150 153 159 164 167 167
140 142 149 150 143 140 142 146 150 154 156 158 161 164 165 165 168 175 186 192 190 182 172 165 160 157 154 152 152 153 154 154 155 156 157 158 158 156 154 153 153 152 151 151 152 151 148 145 146 149 152 152 152 153 156 158 153 147 145 144 144 144 146 148 148 148 151 153 156 157 156 156 156 158 160 163 165 165 165 166 164 161 158 156 156 157 158 156 156 157 161 165 166 164
159 155 151 149 144 142 144 147 152 155 157 159 163 167 169 171 174 180 189 191 185 176 170 166 163 160 157 155 155 155 154 153 154 155 158 160 158 153 151 152 152 152 151 152 151 150 147 146 147 148 150 153 156 159 160 157 152 147 144 143 141 138 136 134 131 131 133 135 140 144 146 145 145 147 151 155 159 159 160 163 164 162 162 160 158 158 159 160 161 163 165 167 166 162
164 159 154 150 146 144 145 148 152 154 156 158 162 166 171 175 179 185 189 186 178 171 168 166 164 161 159 157 156 155 154 153 154 155 158 159 154 149 148 150 151 150 151 151 150 148 146 145 145 146 149 153 158 161 162 158 152 147 144 140 136 129 121 115 112 110 111 112 118 127 132 134 134 135 138 145 150 150 152 158 161 161 162 161 159 158 157 158 160 163 166 168 166 163
152 153 154 151 148 145 145 148 150 152 154 157 160 166 172 177 181 186 185 179 172 166 163 161 161 159 157 155 155 154 153 153 154 156 158 156 149 145 145 146 147 146 147 149 149 147 144 142 143 144 147 151 157 161 162 159 154 149 146 142 136 127 116 110 108 109 111 113 116 119 122 124 124 125 129 137 142 143 146 153 156 158 159 160 159 157 154 154 157 159 164 167 166 165
138 144 151 150 146 144 144 147 149 151 152 155 159 165 172 177 182 186 182 174 167 159 155 153 153 153 152 152 152 152 152 152 153 154 154 150 143 137 136 140 145 148 148 148 148 147 144 142 141 143 146 151 156 160 162 159 156 155 153 151 146 139 130 126 125 125 125 125 124 121 117 116 116 115 118 126 132 135 139 147 150 152 156 158 158 157 155 155 157 158 161 165 166 165
128 134 144 147 145 143 142 144 146 148 150 152 157 163 169 175 182 186 182 173 164 157 152 149 149 148 148 148 149 150 151 153 153 148 142 137 134 129 130 140 148 150 148 147 147 147 144 142 142 142 145 149 155 160 162 160 159 162 164 163 158 148 140 137 137 136 134 133 130 126 123 119 114 108 109 115 119 122 128 138 144 148 153 156 157 157 155 155 157 157 159 163 165 163
123 128 139 144 146 145 144 144 144 146 148 151 156 160 164 175 181 186 182 172 164 158 154 152 150 147 146 146 148 150 153 153 149 140 132 131 134 137 139 144 148 149 146 146 146 146 145 145 144 143 143 146 152 159 161 160 163 168 171 168 160 152 147 146 145 144 142 141 139 137 134 130 122 114 112 111 111 111 117 127 137 145 149 152 155 156 156 155 155 155 157 161 164 162
121 125 135 142 147 147 148 148 148 150 152 156 159 160 162 168 178 183 178 170 162 157 154 152 150 147 145 144 147 153 156 150 144 143 142 141 143 145 146 147 147 145 143 143 144 146 147 148 148 145 142 142 147 155 159 161 167 171 171 165 158 155 154 155 155 154 152 150 148 146 145 141 133 126 123 120 115 113 115 121 130 140 145 148 151 154 156 157 156 154 155 160 163 161
120 122 130 138 145 148 149 150 151 153 155 159 161 163 164 168 176 179 173 165 158 154 152 150 149 147 144 144 149 156 156 151 149 150 150 150 149 150 150 149 147 144 141 140 142 145 148 152 153 151 146 141 143 150 157 164 169 169 166 159 154 154 157 160 163 164 161 158 155 154 155 151 143 137 134 132 128 125 126 127 130 136 141 144 147 150 155 158 158 155 154 157 160 161
123 123 127 135 143 147 149 151 152 153 155 158 160 162 165 172 177 176 167 158 153 150 149 148 146 143 141 144 155 160 156 154 154 154 155 154 153 153 152 150 148 143 139 138 140 143 149 154 158 157 152 147 144 148 156 165 168 165 161 153 148 150 156 162 167 169 167 164 163 163 164 161 153 147 144 141 137 136 137 137 135 134 136 139 142 146 151 156 160 159 156 155 156 159
126 128 131 136 142 147 149 152 154 155 156 156 157 159 163 176 178 173 162 154 149 147 145 142 137 128 121 127 149 157 155 155 157 158 158 156 155 154 153 150 146 142 139 137 138 141 147 154 159 159 156 151 148 150 158 166 166 162 156 146 142 144 151 160 166 168 167 167 168 168 168 167 164 159 154 148 145 144 145 143 139 134 131 132 134 138 143 151 158 161 160 157 155 158
125 128 134 137 142 146 150 153 156 159 160 159 159 160 163 170 176 170 159 153 149 144 132 120 112 100 96 108 130 145 148 150 154 156 157 156 155 154 152 147 143 140 139 139 141 142 145 152 157 158 156 152 151 153 160 166 166 159 150 140 136 139 147 156 162 162 162 166 168 169 170 171 169 166 161 155 152 150 149 146 142 137 132 126 124 126 131 139 150 158 162 160 158 160
120 122 128 133 139 144 149 153 158 162 163 162 161 163 165 170 174 168 161 158 156 136 128 110 112 112 113 118 125 131 135 137 142 147 149 150 151 150 148 143 139 136 137 140 144 145 146 149 154 156 156 151 150 154 162 168 166 157 144 134 130 132 140 150 156 156 156 161 164 165 167 171 170 167 164 162 159 156 153 150 147 143 135 126 121 120 122 127 135 147 155 157 159 163
120 119 120 125 131 138 145 150 155 161 164 164 163 164 166 171 174 171 170 159 169 168 152 145 145 143 137 133 132 132 132 132 133 135 137 140 144 145 143 139 135 133 133 135 138 138 138 141 147 152 154 149 148 153 164 171 168 156 141 129 124 125 133 143 150 152 153 157 159 157 160 167 167 163 164 168 168 164 158 153 152 149 141 131 127 126 124 123 125 131 140 147 153 161
128 125 122 124 126 131 137 144 151 158 163 166 166 166 167 171 174 177 172 181 186 174 166 161 158 154 148 143 141 141 141 140 139 136 135 136 139 141 139 136 132 129 128 126 125 124 124 129 136 145 151 148 146 152 165 174 170 156 140 129 124 125 132 138 144 148 151 156 157 151 154 161 161 156 162 171 173 169 164 160 159 156 146 139 137 138 137 134 131 129 130 135 142 152
136 134 133 134 134 135 136 141 147 153 160 166 168 168 169 171 175 183 193 189 182 174 169 166 164 160 155 150 147 145 146 147 148 146 141 137 138 139 138 136 132 128 126 125 124 124 126 129 134 142 149 148 145 151 166 175 170 156 142 132 128 129 133 135 138 144 149 153 154 149 150 158 156 151 158 168 172 170 168 169 168 161 151 146 146 148 148 146 143 138 136 137 140 146
135 136 139 142 144 144 142 142 146 150 156 162 166 169 171 172 177 187 182 184 176 172 170 168 167 164 160 157 152 149 149 150 152 152 149 145 142 141 140 139 138 136 135 136 135 136 137 139 141 144 150 151 147 150 165 175 170 156 144 135 131 132 134 134 134 138 144 150 151 146 147 156 154 148 154 163 167 168 169 172 172 166 158 153 153 156 156 152 145 141 140 141 143 146
130 134 140 144 147 148 146 145 147 151 155 159 163 167 170 173 179 186 183 175 170 168 167 167 167 165 163 162 158 154 153 153 153 152 150 148 146 144 142 143 146 149 150 147 144 143 144 146 147 148 152 155 151 151 164 175 169 156 144 136 133 135 139 140 137 137 140 146 150 145 143 151 152 145 149 158 163 164 165 168 170 168 163 159 160 163 161 153 146 143 143 143 145 148
125 129 137 143 147 147 147 147 148 149 150 155 160 164 174 176 182 169 174 167 164 162 162 162 162 161 161 162 161 158 158 157 155 151 148 146 146 145 144 144 149 154 157 154 150 148 147 147 146 147 150 155 153 153 165 174 167 154 143 136 133 134 140 144 143 140 138 142 147 145 142 147 149 142 144 153 160 160 157 159 165 169 166 165 167 167 161 154 151 151 151 150 150 152
121 124 132 139 142 143 143 145 147 147 147 149 155 163 176 182 172 172 157 161 157 155 154 155 155 156 158 160 161 161 160 159 156 153 149 147 148 148 146 144 148 154 158 156 153 151 150 149 147 145 146 151 154 155 166 173 166 153 143 134 129 128 133 138 140 139 135 134 139 141 141 146 148 140 139 147 156 156 150 150 159 168 170 171 173 166 157 154 155 157 159 159 159 160
120 121 128 135 137 139 141 146 151 151 149 149 153 161 184 164 170 166 159 156 153 150 150 151 152 153 154 156 160 162 161 158 156 153 150 149 151 151 149 147 148 153 157 156 154 153 154 155 154 152 149 150 154 158 167 171 163 153 144 133 124 121 121 123 125 127 127 127 130 133 137 144 147 139 136 143 154 153 145 144 154 167 171 173 170 161 155 154 157 160 162 163 166 168
122 123 129 136 140 142 145 149 153 153 152 152 157 168 184 188 176 164 158 156 154 151 150 150 150 149 150 152 155 158 159 157 154 152 150 150 151 152 151 150 150 153 157 157 152 152 154 157 159 159 157 155 156 161 169 170 161 151 143 131 121 117 117 117 119 122 125 125 124 124 128 136 142 139 135 141 152 151 143 142 153 166 168 168 163 157 154 155 157 159 161 164 169 172
