project/data/elevation/US_DEM2016/US_DEM2016_point_10-28-2019_0543_30m_ang.asc
ncols	125
nrows	167
xllcorner	-2042055.000000
yllcorner	1465035.000000
cellsize	30.000000
NODATA_value	-9999.000000
[rows 0 to 58 of 167, columns 0 to 95 of 125]
21 22 19 10 4 1 0 1 4 7 8 7 4 5 8 10 10 9 7 6 6 6 6 8 9 10 11 12 13 14 16 17 19 21 22 18 13 9 7 8 8 8 8 10 12 14 13 11 9 9 8 8 9 8 8 10 11 12 12 12 12 10 7 5 6 9 12 14 15 15 13 12 11 10 10 10 9 6 4 7 9 8 8 11 11 9 9 10 10 9 9 10 11 10 9 8
21 22 19 10 4 1 0 1 4 7 8 7 4 5 8 10 10 9 7 6 6 6 6 8 9 10 11 12 13 14 16 17 19 21 22 18 13 9 7 8 8 8 8 10 12 14 13 11 9 9 8 8 9 8 8 10 11 12 12 12 12 10 7 5 6 9 12 14 15 15 13 12 11 10 10 10 9 6 4 7 9 8 8 11 11 9 9 10 10 9 9 10 11 10 9 8
29 27 19 7 358 354 354 357 2 7 9 8 4 5 9 12 12 10 8 6 6 6 6 8 10 12 15 16 17 18 19 20 22 23 22 17 11 7 5 6 7 8 9 10 12 13 12 10 8 8 8 8 9 9 9 10 12 13 14 14 13 9 5 3 5 9 13 15 15 14 12 11 10 9 9 10 8 4 3 7 10 8 8 11 11 9 9 10 10 9 9 9 10 10 7 6
38 33 19 4 350 342 341 346 355 5 10 9 5 6 12 16 15 12 10 8 6 5 6 10 14 18 22 23 23 23 24 24 23 22 20 16 10 5 1 1 4 6 7 9 10 11 10 9 8 7 8 8 9 10 10 11 14 16 16 17 15 10 5 3 4 8 13 16 16 15 13 12 12 11 10 9 7 2 0 5 9 6 5 10 12 12 11 12 11 9 8 8 9 7 4 2
40 33 19 6 353 341 333 335 345 358 8 10 7 7 15 19 16 12 10 8 6 6 8 12 18 24 26 26 24 23 23 23 21 19 18 16 13 8 1 356 357 0 3 5 7 7 8 9 8 8 9 10 11 11 12 13 15 16 17 17 16 14 10 7 8 10 13 15 16 17 17 17 16 15 13 10 7 3 1 3 5 2 360 6 14 16 14 12 10 8 7 7 6 3 0 1
39 33 19 7 357 348 337 332 335 347 0 7 7 7 14 18 16 9 5 5 6 8 12 17 22 26 27 25 22 21 20 19 19 18 18 17 15 11 6 357 352 352 357 0 4 5 6 7 8 9 11 12 13 14 16 16 15 14 13 14 17 18 16 15 14 13 14 15 17 20 21 22 21 19 15 11 8 5 2 1 0 356 354 3 15 19 17 13 10 8 6 5 2 359 360 6
36 31 18 8 1 355 347 338 332 334 346 360 3 4 9 16 16 10 4 3 6 12 17 21 24 26 26 23 20 18 17 17 18 18 18 17 15 13 10 4 355 349 349 354 360 4 6 7 9 10 12 13 14 16 16 15 12 11 11 12 16 20 22 21 19 18 17 16 16 19 21 22 22 20 17 13 10 6 1 358 357 354 352 359 13 19 17 12 9 7 5 2 359 360 6 17
32 26 16 9 5 1 357 349 339 331 333 345 353 356 3 12 16 13 7 5 8 14 20 23 24 25 24 22 18 16 15 16 17 17 15 14 13 13 12 10 4 356 349 348 354 2 7 8 9 9 10 12 13 15 16 14 13 13 14 16 19 22 23 23 22 22 20 16 14 16 18 20 21 20 17 15 12 7 0 356 354 352 352 357 7 15 14 10 7 5 2 0 1 7 19 30
24 21 15 11 9 7 4 359 350 340 335 336 340 346 355 8 16 17 14 10 10 15 21 24 25 23 21 19 17 14 13 14 13 11 9 9 11 12 13 13 11 7 1 353 352 359 5 7 7 7 8 11 13 15 17 18 18 19 21 23 23 23 22 22 22 23 20 15 12 13 17 19 19 18 15 13 10 6 1 357 355 353 353 351 360 7 9 6 4 3 1 2 8 20 30 36
16 16 15 14 13 12 9 3 356 350 346 341 337 338 347 2 14 19 17 14 13 15 20 24 24 21 18 16 15 13 10 9 8 6 5 6 9 12 13 14 14 13 10 5 358 357 1 4 5 6 9 12 14 16 20 24 26 27 28 28 26 25 22 19 19 20 18 14 12 12 14 16 15 12 10 8 7 5 3 1 359 357 356 355 357 1 3 2 1 2 3 8 18 26 29 29
8 11 16 17 15 13 10 5 360 357 354 351 346 341 344 356 10 15 15 14 14 16 18 21 20 18 15 13 12 9 6 4 3 3 4 6 9 11 12 13 14 15 15 13 6 359 359 2 5 7 11 16 18 19 22 28 32 33 31 29 27 25 21 15 12 14 15 15 14 12 10 11 10 7 5 4 4 4 5 5 4 2 0 359 358 359 359 357 359 3 9 14 19 21 21 21
0 7 15 17 15 12 9 5 3 2 1 359 356 352 349 353 2 7 9 12 15 17 18 18 17 15 13 9 6 4 3 2 3 5 8 9 9 10 11 12 13 15 16 16 13 6 1 2 6 9 15 19 21 22 24 28 31 31 29 28 25 22 17 11 6 8 13 16 16 12 8 7 6 4 3 3 4 7 10 11 9 6 4 3 2 360 356 355 358 5 10 12 14 14 15 15
3 5 10 13 13 11 9 7 7 7 7 5 4 2 358 356 357 0 4 10 16 19 20 17 14 12 9 5 3 2 3 4 8 13 15 12 9 9 11 11 12 13 15 17 17 13 7 6 9 13 18 22 25 28 29 28 26 24 24 23 21 17 13 8 4 5 11 16 16 12 7 5 3 3 3 5 9 14 19 20 17 10 4 2 1 358 354 353 357 2 5 7 9 10 10 9
11 8 3 4 8 10 11 11 12 12 11 10 9 8 6 1 359 359 2 9 18 23 21 17 13 9 7 6 5 5 8 13 20 24 21 14 12 13 13 12 11 11 13 17 18 17 13 10 13 17 21 26 31 32 29 24 19 17 17 17 17 14 11 8 5 4 7 12 14 12 8 5 4 5 9 14 19 23 25 24 19 10 1 357 355 352 350 350 353 357 360 2 4 6 5 4
12 10 5 2 4 10 14 16 16 15 14 13 12 11 10 8 4 3 4 10 19 24 22 18 15 12 11 12 15 16 19 23 26 26 22 19 17 16 15 14 13 12 13 16 18 17 15 14 16 20 24 27 29 27 22 17 14 12 12 12 12 12 10 7 4 2 4 8 12 12 9 6 7 13 19 23 24 22 20 18 14 7 0 355 350 347 347 348 350 353 356 358 360 1 2 1
10 11 11 9 8 14 22 24 22 18 14 11 10 9 10 11 10 8 9 14 19 22 21 20 20 19 18 20 21 22 21 19 20 21 20 19 17 13 11 12 12 11 10 11 11 13 14 16 20 24 26 25 23 19 16 13 11 9 7 6 6 7 7 6 3 1 2 5 10 12 11 11 14 21 24 22 19 17 15 13 10 6 1 355 349 347 347 348 348 350 353 355 356 358 1 3
12 14 16 17 19 24 28 27 20 13 8 4 2 360 2 9 13 13 14 16 18 19 21 23 24 22 20 18 18 19 18 14 13 15 16 16 14 11 8 9 9 8 5 4 4 7 13 19 24 27 26 23 18 15 12 10 9 7 4 1 0 3 5 6 5 3 2 3 7 11 14 17 20 21 18 15 14 14 12 10 7 5 0 355 352 351 350 349 348 347 350 352 354 359 6 10
18 17 18 22 25 25 22 15 9 3 1 358 357 355 356 4 12 15 16 16 17 19 23 25 24 21 18 15 15 16 17 14 11 9 11 12 13 11 7 6 5 4 2 0 1 5 14 22 26 27 26 21 16 12 9 9 8 4 0 357 357 359 3 6 7 6 3 1 4 10 16 19 19 16 12 10 11 11 10 9 7 4 0 357 356 356 354 351 348 345 347 351 355 2 9 11
19 19 20 22 23 19 13 6 2 359 359 359 359 359 359 2 9 14 16 16 18 21 24 24 22 19 16 14 12 12 14 13 10 6 6 8 10 9 7 4 2 1 1 1 3 9 18 25 28 27 24 19 13 10 8 8 5 1 358 356 356 358 2 6 10 10 6 1 360 7 14 16 15 11 9 8 8 9 9 9 9 7 3 1 1 0 358 352 346 344 346 350 355 1 5 5
21 24 25 22 18 12 6 2 0 360 1 2 3 5 5 5 7 12 15 16 19 21 23 22 20 18 15 13 9 8 9 9 7 5 3 4 6 7 6 3 1 1 3 6 11 17 23 25 25 24 20 16 12 9 9 7 3 359 357 357 358 359 2 6 10 11 9 5 359 1 7 11 11 9 8 7 7 7 9 10 12 12 10 7 5 3 359 353 347 345 347 350 354 356 358 1
30 32 28 19 10 4 2 1 1 3 4 6 8 9 9 9 9 12 14 16 18 20 20 20 19 16 13 11 8 5 4 4 4 3 2 3 5 6 5 4 4 6 10 16 21 24 23 21 18 16 14 12 11 11 10 7 2 360 359 1 2 3 4 5 9 11 11 9 1 356 358 4 6 7 8 8 7 7 9 12 16 18 17 12 7 3 359 356 353 350 350 351 352 352 354 360
35 31 20 10 3 1 1 2 4 6 8 9 10 11 12 12 13 13 13 14 15 15 15 15 15 14 11 9 6 2 359 359 1 2 3 4 6 6 6 8 10 15 21 26 26 23 18 13 10 8 8 9 11 12 12 8 4 3 5 7 10 11 11 9 9 11 12 9 1 350 348 353 360 4 7 9 9 9 10 14 19 22 22 18 10 4 1 0 359 357 354 352 352 352 355 1
26 19 10 5 2 2 3 5 8 9 10 10 11 12 14 15 15 13 11 10 9 9 10 11 12 11 9 7 4 1 358 358 0 3 6 8 8 9 12 17 22 26 30 28 23 17 11 7 4 3 4 7 11 13 14 12 10 10 12 16 19 22 23 20 15 14 10 3 352 340 334 339 348 357 2 7 9 9 9 12 18 23 25 22 16 9 6 4 4 1 356 353 353 355 358 1
11 9 6 5 5 6 8 9 10 11 11 11 11 12 14 16 15 12 9 7 5 5 6 7 9 9 7 5 3 1 0 1 4 9 12 12 12 17 23 28 31 32 29 22 16 12 7 3 360 0 3 6 10 13 15 16 16 17 19 23 27 29 29 24 17 12 5 357 349 340 331 326 331 344 353 358 1 4 5 7 13 21 26 27 24 17 10 5 3 0 356 353 353 355 357 358
357 360 5 8 10 12 13 13 12 11 11 11 11 12 14 14 13 10 9 8 6 5 5 5 5 6 5 4 4 4 6 9 14 18 20 19 23 29 33 33 30 26 21 15 11 8 4 1 359 360 2 6 9 12 16 19 21 22 24 27 29 28 24 18 12 6 1 357 354 350 341 330 325 330 339 343 347 354 359 1 7 16 26 29 28 22 14 7 3 0 357 354 354 354 354 356
345 350 2 9 14 17 16 15 13 12 12 12 11 11 11 11 10 9 10 10 9 7 4 2 1 2 3 5 7 11 16 21 26 29 28 29 32 34 32 27 22 18 14 10 6 3 2 2 2 2 3 5 8 11 15 18 22 24 26 28 27 24 18 13 8 4 1 1 1 357 352 346 341 337 334 331 331 337 345 350 358 9 20 27 28 25 18 10 5 2 358 355 354 354 354 356
338 344 357 8 16 19 19 16 14 12 11 10 10 8 7 5 7 8 9 9 8 5 2 0 360 1 5 9 14 20 27 32 33 32 31 30 28 27 25 20 15 12 9 6 2 360 1 4 6 6 5 5 5 8 11 16 21 24 25 25 22 18 13 10 7 5 4 4 4 1 359 357 355 351 344 338 332 330 331 335 344 357 9 20 26 26 23 15 8 3 360 356 354 354 355 357
337 342 353 3 13 19 20 18 14 12 10 9 8 7 5 4 4 5 6 6 4 2 0 0 2 5 10 16 23 30 35 35 32 28 26 24 21 20 19 16 12 8 5 1 358 358 1 6 11 13 10 5 1 2 7 14 20 22 22 19 16 12 9 9 8 8 7 6 5 5 5 5 3 358 354 351 346 339 335 333 335 343 356 10 21 26 25 20 12 5 0 356 354 355 356 358
340 342 348 357 7 17 21 20 16 13 11 9 8 7 6 4 3 2 2 2 1 1 1 4 8 13 19 26 32 34 34 29 25 22 20 19 17 15 15 14 10 5 1 358 356 356 0 7 14 17 15 8 359 356 2 11 17 18 17 14 9 7 7 9 11 12 11 8 7 9 10 10 6 2 360 358 353 348 345 342 339 338 344 357 12 22 25 23 17 8 2 357 354 355 357 359
347 347 348 353 0 11 19 21 19 16 14 11 9 8 8 5 4 1 360 359 1 4 8 13 19 24 30 34 34 30 25 21 19 17 16 16 15 13 12 12 9 4 359 356 355 356 0 6 13 17 17 12 2 355 357 5 11 13 12 9 5 3 5 9 13 15 14 13 11 11 11 10 9 7 4 1 357 354 353 353 350 345 341 346 359 12 21 23 20 14 6 359 354 355 358 2
351 352 354 354 356 4 14 20 21 19 16 13 10 8 8 5 4 1 359 0 5 13 21 28 35 41 43 39 29 20 15 14 14 14 13 13 13 12 11 10 8 4 0 358 357 357 359 2 8 13 16 14 8 359 356 0 6 9 9 7 4 3 4 8 13 15 16 15 14 12 11 11 12 12 8 4 2 1 1 2 1 355 348 343 346 358 11 19 21 18 12 4 357 355 358 3
348 352 358 358 356 359 8 17 21 21 18 15 11 9 8 6 4 2 3 8 17 28 37 44 47 49 47 37 22 12 10 10 10 11 11 12 12 12 11 9 7 3 1 1 1 0 358 358 2 8 14 15 12 4 358 358 3 8 8 7 6 3 3 5 9 13 15 16 15 13 12 12 15 15 13 9 8 9 10 10 7 3 358 352 345 344 354 8 16 18 15 9 2 358 359 2
346 351 358 360 357 356 2 12 19 21 21 18 15 12 9 7 4 5 10 19 28 38 43 43 42 40 36 29 18 9 7 8 8 9 10 12 12 12 11 9 6 4 2 3 4 4 1 356 356 2 10 15 14 8 2 0 3 8 10 10 9 5 0 360 2 7 12 14 15 14 13 14 16 17 17 16 17 18 16 13 11 9 8 3 354 347 346 352 3 12 13 11 7 1 359 0
357 357 356 355 354 353 356 6 15 21 23 22 19 15 11 8 7 10 16 26 31 32 34 33 31 29 27 24 17 10 7 7 7 7 9 11 12 11 10 8 7 6 5 5 7 8 4 356 350 354 3 12 15 12 6 4 5 9 12 14 13 6 357 353 354 1 8 12 15 16 14 14 16 18 20 22 24 23 19 15 15 16 14 7 360 355 352 350 352 358 5 9 8 3 358 357
13 7 357 353 352 351 351 357 7 17 22 24 22 18 14 11 10 14 21 24 24 25 26 26 24 23 23 21 18 12 8 8 8 7 7 8 9 8 8 8 9 10 11 12 11 8 2 352 344 344 354 7 15 15 9 6 7 10 14 17 16 8 357 350 348 354 4 10 14 16 14 11 15 19 22 24 26 25 22 19 18 18 14 7 2 359 358 358 356 354 356 360 1 359 356 355
16 10 0 358 357 356 353 353 359 10 19 24 24 22 17 14 13 14 16 18 19 19 20 20 20 20 20 20 19 15 10 8 9 9 8 6 5 6 6 8 11 15 17 16 10 3 357 351 345 341 347 1 14 16 10 7 7 10 14 17 16 10 1 353 348 349 359 6 10 14 13 9 13 18 19 20 24 25 24 22 18 16 12 7 4 3 3 4 2 358 355 355 355 354 354 353
11 8 3 2 3 3 1 358 359 5 14 21 25 24 21 17 15 12 14 12 12 13 13 14 16 17 19 20 21 19 14 9 8 9 9 7 4 3 4 6 11 16 18 14 6 359 355 353 351 347 346 355 10 14 11 7 8 10 13 16 16 12 6 0 354 349 352 359 4 11 12 9 10 16 15 14 19 24 24 21 17 14 12 10 8 9 10 9 5 360 356 353 353 353 353 353
6 5 5 6 7 8 7 5 4 6 11 17 22 25 24 20 15 10 7 6 7 7 9 11 13 15 17 20 22 21 18 12 7 6 6 6 5 2 1 3 7 12 15 12 6 360 358 358 357 355 350 352 4 12 11 8 8 10 12 15 16 15 12 8 2 355 351 352 358 6 10 8 9 13 11 8 13 19 21 18 15 15 16 16 16 16 16 12 5 360 356 353 352 353 354 355
3 4 8 10 11 12 12 11 10 10 9 13 17 22 21 21 16 12 3 2 3 5 6 9 11 14 16 19 21 22 21 16 10 5 4 4 3 1 360 359 1 7 11 12 9 5 3 3 2 359 353 350 358 8 10 8 8 9 12 15 17 18 16 13 10 4 356 351 351 360 7 6 6 10 8 4 6 13 16 16 14 17 21 24 24 21 15 8 3 0 358 356 354 354 356 358
1 5 11 13 14 14 15 15 13 11 9 9 12 15 18 20 19 10 7 1 3 6 7 9 10 12 14 16 19 22 22 19 13 7 2 0 0 0 0 358 357 1 9 13 14 12 9 7 5 1 355 350 353 4 8 7 6 8 12 18 22 23 20 19 16 11 4 354 347 351 2 3 2 5 6 1 0 7 12 14 13 18 25 28 26 20 10 4 3 3 2 2 0 360 0 1
4 7 13 15 15 14 14 14 12 9 7 7 10 15 15 23 18 13 9 6 7 8 8 7 7 9 11 13 17 20 21 19 14 7 1 358 358 359 1 1 358 358 5 14 18 18 13 10 8 4 359 352 353 1 5 5 5 8 15 23 29 30 27 24 21 15 8 359 348 345 352 356 355 360 3 360 358 1 8 11 10 14 23 26 24 18 10 5 4 5 6 7 7 7 6 5
8 10 13 13 13 12 12 11 9 7 6 7 10 15 17 16 15 15 13 10 8 7 6 5 5 7 9 11 14 17 19 17 11 5 360 357 356 358 1 4 4 1 4 14 21 21 17 12 10 8 5 360 356 360 4 5 5 9 18 28 34 35 31 25 19 12 7 2 355 348 345 346 346 352 359 359 356 356 3 9 8 9 16 20 20 17 13 8 7 8 10 11 12 13 12 10
11 11 12 12 12 12 11 9 7 5 6 8 12 15 15 15 14 14 13 10 7 5 4 4 5 6 8 9 11 13 14 12 8 3 1 359 356 356 1 7 9 6 5 13 22 25 21 14 11 11 10 8 3 2 4 6 8 12 19 28 33 33 28 19 12 9 7 4 359 354 349 343 337 341 352 355 350 348 356 5 7 7 9 12 16 18 17 13 10 11 12 14 14 15 16 15
11 11 11 11 11 11 10 7 5 4 6 9 13 20 14 14 13 13 11 8 4 3 3 3 4 6 7 8 9 9 9 8 5 3 3 4 2 358 360 7 13 12 9 14 24 27 24 18 13 14 14 12 9 4 3 5 8 11 16 23 28 29 24 17 13 11 9 5 1 360 358 352 339 331 336 341 337 335 344 357 2 2 3 6 13 19 20 17 13 12 14 16 17 18 19 18
11 11 10 10 9 9 7 6 5 6 8 12 14 19 14 13 12 11 9 6 2 1 3 4 5 6 7 7 7 6 5 4 3 2 4 8 8 5 2 5 13 17 15 17 25 30 29 23 18 15 13 11 8 3 359 1 5 8 12 19 25 27 24 20 17 13 9 6 7 8 7 1 351 341 335 332 326 322 327 342 350 354 358 3 10 18 22 21 16 14 15 18 21 21 21 20
9 9 8 8 7 6 6 7 8 8 11 14 15 14 13 11 10 9 8 5 2 1 3 4 5 6 7 7 5 3 1 3 4 3 3 8 12 12 9 7 13 21 22 22 27 33 33 26 18 13 10 8 3 356 352 355 1 6 11 17 24 27 27 23 18 13 11 12 15 14 9 3 358 353 347 339 331 325 318 328 336 343 352 360 6 15 23 24 20 15 13 16 22 24 23 21
5 6 7 7 7 6 7 8 10 12 15 16 15 12 10 9 9 8 8 6 4 3 3 5 5 6 6 5 2 359 359 3 7 6 2 5 13 17 17 13 15 22 25 24 27 31 30 23 17 14 13 10 0 349 344 348 357 5 10 16 23 27 27 24 19 16 17 18 16 11 6 2 360 357 353 348 342 336 331 329 323 335 344 354 2 11 21 24 22 16 12 13 19 23 23 21
2 3 5 7 8 8 9 10 12 15 18 17 18 10 8 8 9 9 9 9 7 5 4 4 5 5 5 3 360 358 359 5 10 9 2 3 11 19 21 20 19 21 22 21 23 27 27 24 20 19 17 8 355 346 343 346 355 3 9 14 22 26 28 25 23 21 19 15 9 5 3 2 0 359 356 353 349 345 340 336 334 334 338 347 358 7 16 22 22 18 14 16 19 21 21 20
2 1 2 6 9 10 11 11 13 17 19 18 14 11 8 8 9 10 11 11 10 8 6 5 5 5 4 1 358 357 360 6 11 12 6 3 8 17 24 26 24 22 21 20 21 26 29 29 24 19 11 360 351 347 347 349 353 1 7 12 19 25 27 25 22 17 11 6 3 2 2 2 1 0 359 357 355 353 349 346 341 336 334 339 352 3 11 19 22 21 19 21 20 19 18 16
3 2 1 4 8 12 13 12 13 16 18 18 14 11 8 7 8 10 12 13 12 10 8 6 6 5 4 0 356 356 359 4 11 15 12 6 5 15 26 32 31 27 25 23 23 27 30 29 22 12 2 355 352 351 352 353 354 359 4 9 15 21 23 21 16 11 6 4 3 3 3 3 3 2 2 2 1 360 359 356 351 343 335 335 344 358 8 16 23 25 24 24 20 16 13 10
1 2 3 4 6 11 13 13 12 13 14 14 12 9 8 6 7 10 13 15 15 13 10 8 7 6 4 359 356 354 356 1 9 16 17 11 8 16 29 35 34 30 26 23 22 23 25 22 14 4 357 354 355 357 358 357 356 359 2 5 10 17 20 19 14 9 6 5 4 4 5 5 5 5 5 6 7 6 6 6 2 355 345 338 339 350 4 15 24 27 27 25 19 14 11 9
359 2 5 5 5 9 13 14 13 10 9 10 10 9 8 7 8 11 14 16 17 16 13 10 8 6 3 0 357 354 353 356 5 15 18 16 13 18 26 29 28 24 21 19 17 16 14 11 6 2 359 358 360 2 2 0 358 359 2 5 8 14 19 19 16 11 8 7 6 6 6 7 7 7 9 11 13 13 12 11 10 6 360 351 345 348 359 13 24 29 28 25 20 17 16 16
0 2 5 6 6 7 11 14 13 8 5 5 8 10 10 10 11 12 15 18 19 18 16 13 9 5 3 3 1 356 350 351 358 9 17 19 17 18 20 21 20 18 16 14 12 8 5 4 4 4 5 6 5 5 5 3 1 2 5 8 9 13 19 22 21 17 13 10 7 4 4 6 8 10 12 15 18 19 17 15 14 12 9 2 358 342 357 11 24 27 26 24 22 21 20 18
4 4 6 6 5 5 8 13 13 7 8 4 8 12 14 15 15 15 17 20 21 20 18 15 10 5 3 5 5 360 351 348 352 2 14 20 19 17 16 16 16 15 13 11 7 2 0 1 4 9 12 13 11 8 7 6 4 5 7 8 9 12 19 24 26 23 17 11 6 2 359 1 6 10 13 17 21 23 20 17 16 16 14 10 7 352 2 9 20 22 21 21 21 18 15 13
9 8 6 5 3 2 4 10 13 9 2 6 9 16 19 20 19 18 19 21 22 20 18 15 11 6 4 6 7 3 356 350 350 356 9 19 20 16 14 14 14 13 11 7 2 359 358 1 6 12 17 18 15 11 10 9 7 6 6 6 8 12 19 26 29 26 18 11 7 5 4 3 3 7 13 17 23 26 25 22 20 19 14 8 5 5 6 8 12 14 15 15 15 12 10 8
12 10 7 5 4 2 2 7 11 10 5 10 14 23 25 27 24 23 21 20 19 18 16 14 11 8 5 6 7 4 360 356 352 353 5 16 19 17 15 14 14 13 9 4 359 357 359 3 7 13 19 21 18 15 13 11 8 6 5 6 9 14 21 28 30 26 18 13 11 12 14 13 9 8 12 17 26 32 32 28 7 13 3 358 343 0 5 7 7 9 10 10 9 8 7 4
11 9 6 6 6 5 4 5 8 8 6 17 23 25 27 26 25 24 20 16 15 15 14 13 11 9 7 6 6 5 2 359 356 355 1 10 14 15 15 14 13 11 7 1 358 358 1 4 7 12 19 22 21 18 16 14 10 7 8 10 14 19 24 28 28 24 20 17 17 18 17 14 12 12 15 16 21 23 28 21 11 1 354 353 347 358 2 4 4 5 6 6 6 6 2 359
7 6 6 7 9 9 7 5 5 6 14 11 17 21 22 22 21 19 16 12 11 11 12 11 10 9 8 8 6 4 3 1 359 359 1 5 8 11 12 13 12 10 6 1 359 360 3 5 6 10 17 22 23 21 19 16 12 12 14 16 19 20 22 25 26 25 23 22 20 17 13 10 12 16 19 18 17 15 11 4 357 353 352 351 358 360 1 2 2 3 4 4 3 1 358 358
2 3 6 9 11 12 10 8 7 6 6 9 14 16 16 16 15 13 12 10 8 8 8 8 8 9 9 9 7 4 3 3 3 3 3 2 4 7 9 11 11 10 7 4 2 3 5 6 6 6 13 22 25 24 20 17 15 16 17 16 16 16 17 20 23 25 24 22 18 12 10 11 16 20 19 13 8 4 359 355 352 352 354 358 1 1 2 1 0 1 1 0 359 357 357 1
