project/data/elevation/US_DEM2016/US_DEM2016_point_10-30-2019_0831_30m_vel.asc
ncols	125
nrows	167
xllcorner	-2042055.000000
yllcorner	1465035.000000
cellsize	30.000000
NODATA_value	-9999.000000
[rows 35 to 69 of 167, columns 0 to 79 of 125]
10.40 10.66 11.01 10.74 9.99 8.85 8.09 7.69 7.50 7.70 8.44 9.64 10.59 10.89 10.50 9.79 9.33 9.18 9.36 9.81 10.36 10.85 11.27 11.48 11.51 11.26 10.81 10.29 9.68 9.09 8.70 8.45 8.20 7.88 7.55 7.60 8.19 8.83 9.54 9.98 9.84 9.04 7.72 6.36 6.00 6.46 7.27 8.16 8.76 9.00 9.04 9.13 9.30 9.63 9.65 9.66 9.62 9.73 9.58 9.62 9.55 9.36 9.01 8.27 7.63 7.16 6.98 7.29 7.89 8.41 8.73 9.07 9.31 9.85 10.57 11.80 13.57 14.74 14.76 13.73
11.24 11.76 12.24 11.94 11.26 10.22 9.17 8.27 7.57 7.09 7.10 7.82 9.09 10.04 10.23 9.72 9.35 9.48 10.04 10.99 11.75 12.49 13.11 13.55 13.56 13.25 12.73 12.02 11.07 10.00 9.12 8.69 8.68 8.97 9.26 9.31 9.46 9.91 10.54 10.84 10.70 9.99 8.87 8.27 8.56 9.35 10.22 10.68 10.67 9.96 9.37 8.99 9.14 9.48 9.70 9.76 9.69 9.83 9.84 10.15 10.21 9.94 9.26 8.09 7.04 6.44 6.43 6.82 7.38 7.83 8.23 8.60 8.89 9.07 9.69 10.53 11.87 13.65 15.04 15.92
11.50 11.87 11.98 11.54 10.89 10.10 9.39 8.57 7.67 6.86 6.53 6.74 7.51 8.71 9.45 9.50 9.29 9.43 10.18 11.19 12.00 12.66 13.21 13.64 13.76 13.70 13.53 13.19 12.47 11.40 10.19 9.26 9.04 9.50 10.05 10.46 10.82 11.21 11.58 12.08 12.51 12.42 12.17 11.66 11.64 12.12 12.42 12.00 11.24 10.32 9.52 9.15 9.05 9.40 9.70 9.77 9.73 10.00 10.17 10.49 10.55 10.34 9.79 8.75 7.59 6.86 6.66 6.82 7.09 7.42 7.71 7.95 8.29 8.62 9.10 9.71 10.65 12.04 13.99 15.82
11.46 11.26 10.78 10.24 9.58 9.13 8.72 8.06 7.25 6.54 6.27 6.33 6.75 7.58 8.48 8.95 9.00 9.02 9.41 10.11 10.52 10.71 10.89 11.29 11.79 12.21 12.67 13.12 13.02 12.48 11.58 10.62 10.03 9.89 10.15 10.86 11.68 12.11 12.48 13.16 13.88 14.19 14.21 13.95 13.63 13.28 12.46 11.08 10.09 9.35 9.03 9.01 9.04 9.32 9.72 9.88 9.91 10.22 10.36 10.40 10.25 9.75 9.45 8.95 8.24 7.55 6.86 6.60 6.69 6.96 7.15 7.31 7.61 8.17 8.62 9.08 9.66 10.72 12.07 13.59
11.16 10.39 9.37 8.82 8.25 7.97 7.68 7.31 6.95 6.67 6.64 6.78 7.05 7.41 7.94 8.42 8.54 8.68 8.52 8.46 8.23 8.10 8.23 8.78 9.78 10.86 11.74 12.59 13.10 13.10 12.62 11.84 11.15 10.87 11.29 12.28 12.98 13.36 13.57 13.86 14.27 14.33 14.34 14.16 13.80 13.17 12.00 10.71 9.79 9.00 8.81 9.06 9.27 9.35 9.79 10.10 10.30 10.58 10.35 9.82 9.03 8.14 7.45 7.28 7.16 6.91 6.32 5.97 6.07 6.35 6.62 6.88 7.26 7.76 8.15 8.44 8.72 9.40 10.34 11.04
10.63 9.73 8.56 7.98 7.71 7.55 7.52 7.58 7.71 7.89 8.11 8.34 8.32 8.13 8.05 8.33 8.44 8.47 8.04 7.37 7.07 7.16 7.61 8.32 9.40 10.34 11.12 11.90 12.57 13.05 13.17 12.82 12.48 12.70 13.42 14.28 14.85 15.10 14.75 14.18 13.98 13.29 12.83 12.98 12.97 13.00 12.60 12.15 11.54 10.98 10.31 10.04 9.92 9.62 9.80 10.00 10.20 10.34 9.90 9.06 8.03 6.83 5.57 5.13 5.13 5.26 5.47 5.63 5.78 5.88 6.00 6.44 7.10 7.61 7.90 8.05 8.14 8.47 9.12 9.58
10.39 9.74 8.91 8.55 8.47 8.48 8.46 8.54 8.80 9.19 9.57 9.68 9.36 8.88 8.59 8.53 8.65 8.64 8.28 7.81 7.76 8.09 8.57 9.03 9.42 9.83 10.16 10.66 11.53 12.38 13.25 13.47 13.81 14.40 15.05 15.53 15.75 15.47 14.82 13.97 13.19 12.30 11.55 11.33 11.81 12.10 12.37 12.46 12.57 12.57 12.25 11.31 10.42 9.70 9.44 9.39 9.29 9.12 8.79 8.34 7.64 6.58 5.35 4.82 4.92 5.26 5.60 5.73 5.65 5.60 5.70 6.07 6.74 7.35 7.57 7.60 7.82 8.29 8.81 9.03
10.48 10.17 9.76 9.60 9.52 9.42 9.27 9.30 9.65 10.12 10.40 10.27 9.68 9.37 9.32 9.39 9.43 9.43 9.38 9.38 9.56 9.84 10.12 10.36 10.51 10.44 10.32 10.42 11.03 11.82 13.04 13.84 14.83 15.64 15.78 15.33 14.70 13.96 13.16 12.53 11.96 11.28 10.42 10.11 10.38 10.77 11.12 11.18 11.47 11.74 11.80 11.23 10.37 9.48 9.11 9.07 8.85 8.49 8.27 8.47 8.28 7.68 6.94 6.69 6.85 6.79 6.41 5.99 5.91 6.00 5.94 5.85 6.05 6.41 6.47 6.46 7.10 8.04 8.55 8.61
10.49 10.32 10.13 10.05 10.01 9.99 10.07 10.34 10.74 11.04 10.99 10.59 9.98 9.90 9.78 9.90 10.08 10.22 10.44 10.76 11.19 11.53 11.70 11.72 11.64 11.35 11.15 11.13 11.43 11.83 12.85 13.87 14.87 15.45 15.22 14.35 13.17 12.11 11.28 10.96 10.87 10.45 9.65 9.04 9.16 9.62 9.84 9.44 8.87 8.42 8.52 9.07 9.33 9.20 9.18 9.51 9.65 9.61 9.70 9.89 9.78 9.46 9.12 8.98 8.44 7.67 7.21 7.15 7.18 6.73 5.96 5.33 5.25 5.33 5.19 5.30 6.08 7.27 7.85 7.93
10.49 10.42 10.41 10.50 10.76 11.20 11.66 12.00 12.11 11.97 11.53 10.92 10.34 10.02 9.97 10.18 10.46 10.75 11.07 11.47 11.88 12.11 12.10 11.90 11.61 11.29 11.19 11.29 11.66 12.13 13.12 13.65 13.99 13.90 13.63 13.25 12.59 11.65 10.41 9.72 9.58 9.49 8.97 8.28 8.13 8.57 8.35 7.70 6.78 6.25 6.42 7.08 7.82 8.43 9.21 10.11 10.64 10.92 11.05 10.96 10.84 10.66 10.17 9.58 8.66 8.24 8.39 8.37 7.65 6.28 5.32 5.00 5.04 5.05 4.99 5.20 5.96 6.86 7.32 7.42
10.82 10.96 11.25 11.56 11.93 12.39 12.79 12.97 12.86 12.46 11.84 11.20 10.79 10.57 10.73 10.96 11.14 11.33 11.55 11.68 11.64 11.42 11.18 11.00 10.98 10.90 10.86 11.09 11.79 12.57 13.42 13.21 12.62 12.10 11.88 12.08 11.97 11.46 10.16 9.03 8.38 8.29 8.04 7.43 7.32 7.57 7.49 7.36 7.29 7.29 7.15 6.91 6.96 7.70 9.05 10.31 10.74 10.83 10.80 10.88 10.86 10.87 10.39 9.81 9.50 9.48 9.12 8.13 6.73 5.76 5.53 5.81 5.99 5.96 5.94 6.23 6.86 7.38 7.52 7.54
11.19 11.45 11.90 12.26 12.41 12.48 12.48 12.44 12.31 11.99 11.57 11.13 11.08 11.27 11.67 11.90 11.94 11.87 11.72 11.48 11.07 10.61 10.26 10.23 10.48 10.67 10.85 11.30 12.14 12.85 13.11 12.44 11.43 10.87 10.58 10.49 10.56 10.59 9.99 8.83 7.71 7.32 7.32 7.33 7.53 7.75 8.07 8.24 8.34 7.94 7.25 6.79 7.11 8.21 9.55 10.27 10.41 10.39 10.46 10.74 10.76 10.85 10.69 10.45 10.17 9.62 8.20 7.14 6.75 6.91 7.33 7.58 7.64 7.60 7.69 7.95 8.25 8.36 8.30 8.29
11.23 11.35 11.67 11.93 11.88 11.65 11.35 11.07 10.88 10.79 10.62 10.46 10.56 10.99 11.45 11.74 11.84 11.69 11.36 10.99 10.63 10.27 9.99 9.93 10.11 10.39 10.75 11.42 12.22 12.56 12.20 11.31 10.65 10.10 9.58 9.21 9.17 9.48 9.61 9.13 7.92 7.37 7.55 8.16 8.50 8.75 8.81 8.32 7.54 6.62 6.31 6.76 8.31 10.14 11.01 10.95 10.82 10.79 10.86 11.02 10.97 11.03 10.80 10.43 9.82 8.85 8.03 8.00 8.66 9.41 9.88 9.98 9.96 9.89 9.81 9.88 9.95 9.83 9.74 9.76
11.12 11.11 10.99 11.05 11.04 10.74 10.32 9.93 9.71 9.62 9.57 9.56 9.64 9.98 10.31 10.55 10.81 10.90 10.79 10.55 10.25 9.96 9.74 9.62 9.65 9.86 10.17 10.91 11.84 12.04 11.63 10.93 10.40 9.78 8.94 8.18 8.08 8.43 8.89 8.88 8.13 7.49 7.47 7.90 8.23 8.53 8.54 7.66 6.77 6.46 7.04 8.83 11.12 12.52 12.85 12.15 11.61 11.29 11.24 11.45 11.57 11.60 11.29 10.74 10.50 10.60 11.20 12.04 12.79 13.33 13.46 13.44 13.36 13.24 13.03 12.91 12.79 12.44 11.97 11.25
11.19 11.15 10.69 10.40 10.42 10.37 10.06 9.66 9.41 9.24 9.33 9.46 9.65 9.88 10.01 10.15 10.31 10.46 10.46 10.24 9.89 9.53 9.30 9.21 9.22 9.34 9.56 10.35 11.44 11.59 11.29 10.95 10.58 10.05 9.16 8.05 7.65 7.53 7.66 7.77 7.46 6.87 6.50 6.51 6.96 7.60 8.15 7.91 7.63 8.10 9.90 12.27 13.81 14.27 13.81 12.73 11.94 11.57 11.58 12.06 12.38 12.63 12.49 12.50 12.93 13.85 14.97 16.00 16.71 17.04 17.12 17.07 16.98 16.87 16.63 16.28 15.90 15.40 14.40 12.87
11.35 11.26 10.75 10.28 10.20 10.33 10.37 10.17 9.90 9.83 10.19 10.58 10.87 10.99 10.98 10.89 10.75 10.57 10.32 10.02 9.65 9.27 8.98 8.86 8.90 9.10 9.44 10.32 11.14 10.98 10.36 10.43 10.37 10.20 9.94 9.17 8.28 7.44 7.01 7.14 7.14 6.92 6.78 6.81 7.18 7.78 8.78 9.42 9.97 11.31 13.37 14.68 15.07 14.38 13.49 12.46 11.85 11.65 11.52 11.70 12.05 12.63 12.98 13.32 14.14 15.07 15.78 16.51 16.94 17.17 17.33 17.48 17.54 17.51 17.29 16.91 16.51 16.15 15.46 14.44
11.40 11.15 10.63 10.41 10.25 10.25 10.42 10.52 10.44 10.49 11.08 11.79 12.10 12.12 11.94 11.54 11.06 10.57 10.20 9.92 9.65 9.30 8.90 8.62 8.67 9.06 9.56 10.32 10.60 9.92 9.34 9.40 9.49 9.83 10.12 10.09 9.21 8.31 7.94 8.13 8.47 8.81 9.10 9.16 9.30 9.89 11.26 12.76 14.23 15.34 15.83 15.69 14.78 13.40 12.54 11.74 11.24 10.87 10.48 10.23 10.46 10.98 11.97 12.50 13.10 13.37 13.14 12.97 12.82 13.01 13.41 13.97 14.21 14.26 14.10 13.93 13.95 13.87 13.77 13.77
11.22 10.63 9.96 9.88 9.86 9.90 10.10 10.36 10.54 10.68 11.21 11.94 12.22 12.20 11.87 11.26 10.58 10.09 9.83 9.65 9.42 9.13 8.78 8.51 8.61 9.03 9.53 10.01 9.83 8.89 8.49 8.58 8.66 8.91 9.54 9.78 9.64 9.46 9.53 10.04 10.55 10.93 11.16 11.42 11.92 12.92 14.31 15.58 16.44 16.65 16.27 15.19 13.92 12.59 11.77 11.05 10.45 9.84 9.50 9.27 9.46 9.89 10.41 10.92 11.01 10.25 9.28 8.30 7.96 8.16 8.65 9.27 9.61 9.59 9.64 9.63 9.94 10.10 10.22 10.62
10.84 10.12 9.23 8.94 8.98 9.24 9.64 10.03 10.39 10.59 10.77 11.02 11.12 10.97 10.63 10.11 9.59 9.24 9.07 8.96 8.80 8.65 8.64 8.74 8.91 9.14 9.46 9.68 9.37 8.71 8.45 8.49 8.51 8.57 8.72 9.08 9.52 9.72 10.04 10.68 11.33 11.63 11.95 12.47 13.45 14.58 15.45 15.91 15.84 15.41 14.80 14.02 13.09 12.18 11.46 10.81 10.26 9.79 9.75 9.76 9.97 10.10 10.02 10.00 9.44 8.44 7.52 6.96 6.93 7.01 6.85 6.56 6.49 6.54 6.61 6.74 7.10 7.42 7.51 7.40
10.53 9.94 9.14 8.77 8.63 8.61 8.80 9.28 9.72 9.94 9.83 9.89 9.24 8.94 8.66 8.51 8.32 8.07 8.00 8.18 8.47 8.68 8.93 9.20 9.31 9.41 9.58 9.73 9.70 9.61 9.39 9.07 8.75 8.44 8.19 8.41 8.87 9.11 9.32 9.78 10.47 11.04 11.57 12.48 13.76 14.58 14.72 14.04 12.93 12.59 12.71 12.82 12.52 12.04 11.47 10.94 10.50 10.32 10.51 10.53 10.48 10.33 9.86 9.54 8.98 8.34 8.11 8.04 7.88 7.41 6.50 5.34 4.71 4.51 4.52 4.68 5.04 5.34 5.36 4.93
10.54 10.22 9.84 9.55 9.17 8.60 8.03 8.03 8.44 8.75 8.73 8.93 7.66 7.26 7.12 7.15 7.14 7.04 7.17 7.78 8.61 9.31 9.68 9.73 9.75 9.82 9.95 10.12 10.22 10.32 9.92 9.25 8.64 8.09 7.79 7.89 8.31 8.67 8.76 8.94 9.41 10.14 10.95 12.25 13.44 13.73 12.99 11.68 10.97 10.90 11.19 11.61 11.77 11.74 11.27 10.87 10.51 10.40 10.52 10.26 9.79 9.34 8.99 8.90 9.00 9.02 9.14 9.06 8.19 7.03 5.66 4.66 4.12 3.79 3.49 3.27 3.22 3.25 3.22 3.22
10.95 11.05 11.11 10.84 10.27 9.45 8.36 7.88 7.94 8.27 8.35 7.94 7.42 7.22 7.12 7.07 7.13 7.24 7.56 8.27 9.20 10.10 10.47 10.55 10.61 10.73 10.72 10.66 10.64 10.60 9.98 9.45 9.11 8.66 8.22 8.34 8.94 9.40 9.43 9.43 9.66 10.19 10.99 12.29 12.91 12.47 11.04 10.00 9.49 9.47 9.80 10.34 10.84 10.92 10.58 10.26 9.95 9.70 9.46 8.81 8.15 7.76 7.90 8.37 9.24 9.67 9.57 8.94 7.66 6.50 5.70 5.44 5.31 4.71 3.75 2.97 2.63 2.58 2.83 3.39
11.42 11.75 11.98 11.78 11.31 10.65 9.84 9.26 8.92 8.88 8.85 8.65 8.54 8.62 8.77 8.88 8.99 9.21 9.39 9.75 10.39 11.11 11.51 11.76 11.99 12.10 11.78 11.43 11.43 11.58 11.49 11.25 11.05 10.60 9.89 9.85 10.45 10.89 11.04 11.04 11.08 11.06 11.48 12.28 12.23 10.93 9.53 8.49 8.09 8.17 8.57 9.19 9.86 9.95 9.80 9.55 9.18 8.66 8.06 7.60 7.45 7.63 8.27 8.92 9.63 9.70 9.12 8.23 7.27 6.99 7.24 7.41 6.80 5.68 4.55 3.96 3.89 4.08 4.58 5.71
11.60 11.64 11.64 11.66 11.69 11.60 11.18 10.60 9.95 9.45 9.23 9.35 9.75 10.27 10.84 11.19 11.51 11.78 11.97 12.05 12.30 12.43 12.61 12.93 13.23 13.09 12.68 12.32 12.39 12.52 12.59 12.39 12.13 11.70 11.03 10.72 10.96 11.35 11.76 12.05 12.08 11.87 11.87 11.82 10.88 9.31 8.03 7.24 6.93 6.93 7.33 7.93 8.61 9.13 9.32 9.20 8.90 8.48 8.22 8.40 8.76 9.37 10.10 10.50 10.50 9.91 9.01 8.48 8.35 8.69 9.04 8.69 7.48 6.14 5.51 5.56 5.93 6.51 7.57 9.17
11.56 11.12 10.71 10.82 11.23 11.62 11.63 11.08 10.27 9.51 10.59 9.32 10.05 10.94 11.74 12.30 12.72 13.09 13.43 13.54 13.42 13.22 13.23 13.45 13.49 13.24 13.00 12.83 12.81 12.55 11.81 11.17 10.80 10.71 10.66 10.69 10.78 11.09 11.50 12.00 12.30 12.14 11.74 10.92 9.30 7.62 6.55 6.04 5.79 5.87 6.04 6.46 7.44 8.53 9.19 9.38 9.36 9.32 9.53 9.75 10.17 10.95 11.74 12.22 11.98 11.49 10.42 10.03 10.32 10.55 9.99 8.89 7.78 7.31 7.47 7.99 8.80 9.86 11.21 12.50
11.51 10.91 10.14 9.96 10.06 10.31 10.60 10.51 10.01 9.33 8.80 8.70 9.16 9.98 10.75 11.25 11.63 11.85 11.99 12.10 12.20 12.30 12.45 12.45 12.19 12.06 12.17 12.42 12.49 12.28 11.52 10.42 9.72 9.61 10.16 10.78 11.26 11.48 11.60 11.73 11.82 11.42 10.77 9.78 8.35 6.75 5.70 5.32 5.37 5.51 5.59 5.96 6.97 8.34 9.39 10.03 10.40 10.63 10.72 10.64 10.94 11.98 12.98 13.50 13.43 13.34 12.81 12.01 11.88 11.78 10.81 9.83 9.53 10.17 11.09 12.01 12.99 13.88 14.48 14.44
11.32 10.55 9.52 9.18 8.78 8.62 8.89 9.20 9.15 8.64 7.96 7.47 7.36 7.62 8.05 8.37 8.57 8.45 8.00 7.90 8.70 9.63 9.93 9.62 9.16 9.58 10.54 11.22 11.59 11.94 12.08 11.82 11.29 10.87 10.83 11.19 11.56 11.66 11.44 11.09 10.74 10.32 9.77 9.35 8.58 7.43 6.56 6.49 6.69 6.82 6.94 7.31 7.95 8.86 9.69 10.40 11.07 11.66 11.91 12.18 12.80 13.74 14.12 14.00 13.87 14.04 13.99 13.76 13.58 13.46 13.16 13.00 13.52 14.34 15.02 15.58 16.03 16.18 15.83 14.70
10.78 9.82 8.69 8.41 8.17 7.94 7.87 8.06 8.19 7.77 6.96 6.13 5.44 5.05 4.99 5.17 5.34 5.16 4.91 4.96 5.56 6.42 6.74 6.53 6.72 7.74 9.38 10.27 10.63 10.79 11.41 12.06 12.34 12.28 11.73 11.26 10.92 10.74 10.31 9.82 9.54 9.72 9.85 10.14 10.13 10.05 9.64 9.51 9.55 9.58 9.66 9.68 9.62 9.70 9.86 10.21 10.81 11.65 12.57 13.56 14.49 14.67 14.13 13.17 12.39 12.68 13.55 13.98 14.50 14.93 15.33 15.77 16.28 16.53 16.44 16.40 16.23 15.78 14.85 13.71
10.40 9.65 8.63 8.20 8.05 7.94 7.77 7.71 7.76 7.50 6.77 5.81 4.81 4.05 3.64 3.54 3.73 4.29 4.83 5.04 4.99 4.94 4.91 5.22 6.13 7.60 9.30 9.96 9.91 9.48 9.70 10.41 11.25 11.75 11.41 10.48 9.54 8.98 8.83 8.74 8.89 9.66 10.50 11.29 11.71 12.14 12.25 12.00 11.79 11.65 11.21 10.70 10.32 10.18 10.14 10.29 10.79 11.69 12.79 13.73 14.08 13.56 12.46 11.15 10.60 10.99 12.05 12.99 13.72 14.49 15.02 15.34 15.50 15.36 14.96 14.41 13.75 12.93 12.40 11.93
10.53 10.17 9.52 8.97 8.61 8.41 8.20 8.04 8.01 7.89 7.52 6.89 6.15 5.31 4.57 4.16 4.34 5.31 6.50 6.97 6.61 5.89 5.54 5.81 6.85 8.45 9.77 10.02 9.51 8.70 8.37 8.50 9.21 9.84 10.07 9.71 8.98 8.41 8.40 8.88 9.54 10.53 11.20 11.70 11.98 12.38 12.59 12.65 12.52 12.07 11.06 10.38 10.19 10.31 10.45 10.65 11.14 12.04 12.78 12.94 12.32 11.16 10.18 9.59 9.65 10.21 10.85 11.42 11.97 12.56 12.87 12.82 12.45 12.16 11.99 11.57 10.75 9.86 9.43 9.46
10.67 10.51 10.23 9.90 9.51 9.12 8.84 8.83 8.91 9.03 9.08 8.97 8.62 7.86 6.93 6.19 6.00 6.56 7.52 8.45 8.58 8.19 7.76 7.81 8.51 9.69 10.51 10.59 10.05 8.99 8.23 7.73 7.68 8.13 9.03 9.79 10.07 10.20 10.36 10.66 11.17 11.63 11.60 11.42 11.31 11.47 11.77 12.07 12.12 11.86 11.07 10.49 10.31 10.43 10.59 10.76 11.16 11.88 12.30 11.76 10.71 9.74 9.14 8.93 9.01 9.34 9.67 9.94 10.33 10.70 10.88 10.72 10.17 9.58 9.23 9.22 8.67 7.68 6.79 6.67
10.68 10.55 10.36 10.11 9.83 9.54 9.52 9.77 10.20 10.71 11.11 11.21 10.74 9.94 8.97 8.10 7.55 7.51 7.96 9.06 9.87 10.28 10.32 10.20 10.39 11.16 11.71 11.69 11.31 10.37 9.55 8.80 8.26 8.44 9.34 10.49 11.45 12.14 12.35 12.25 12.07 11.88 11.38 10.90 10.66 10.60 10.77 10.88 11.03 11.16 11.08 10.77 10.53 10.52 10.73 10.99 11.43 11.92 11.70 10.66 9.57 8.97 8.63 8.38 8.35 8.74 9.14 9.29 9.29 9.42 9.41 9.34 9.08 8.31 7.39 7.05 6.88 6.15 5.07 4.44
10.77 10.61 10.38 9.99 9.65 9.52 9.72 10.18 10.90 11.68 12.32 12.49 12.28 11.78 11.03 10.08 9.13 8.59 8.68 9.48 10.41 11.34 11.56 11.60 11.93 12.70 12.90 12.54 12.07 11.60 11.21 10.76 10.31 10.20 10.47 11.00 11.55 11.94 12.06 11.83 11.51 11.27 10.87 10.36 10.01 9.64 9.52 9.39 9.37 9.67 10.11 10.29 10.34 10.45 10.86 11.33 11.69 11.54 10.54 9.26 8.54 8.29 8.17 8.28 8.57 9.05 9.10 8.68 8.22 8.10 8.04 7.96 7.99 7.59 6.57 5.69 5.34 4.98 4.05 3.20
10.81 10.57 10.18 9.77 9.39 9.24 9.29 9.49 9.97 10.65 11.42 12.08 12.61 12.87 12.77 12.21 11.20 10.15 9.76 9.99 10.45 11.35 11.92 12.38 13.02 13.52 13.30 12.42 11.69 11.60 11.81 11.96 11.88 11.44 11.05 10.86 10.74 10.61 10.58 10.76 10.86 10.83 10.52 9.95 9.40 8.92 8.63 8.30 8.09 8.10 8.43 8.93 9.47 9.94 10.56 10.93 10.83 10.03 8.67 7.90 7.71 7.71 7.98 8.55 8.90 8.85 8.29 7.33 6.53 6.17 6.13 5.88 5.74 5.96 5.69 4.93 4.32 4.03 3.60 3.18
10.67 10.29 9.70 9.46 9.25 9.08 8.87 8.53 8.19 8.13 8.58 9.78 11.24 12.47 13.29 13.47 12.98 12.03 11.09 10.71 10.77 11.38 12.01 12.79 13.38 13.39 12.68 11.68 10.72 10.51 10.85 11.34 11.58 11.30 10.93 10.61 10.30 10.22 10.51 10.88 10.93 10.75 10.37 9.97 9.59 9.20 8.76 8.06 7.30 6.86 6.97 7.66 8.64 9.34 9.82 9.74 8.97 7.77 6.93 6.75 6.72 6.69 7.16 7.76 7.79 7.46 6.94 6.16 5.26 4.48 4.11 3.98 3.98 4.14 4.32 4.22 4.02 4.00 4.10 4.26
