project/data/elevation/US_DEM2016/US_DEM2016_point_10-29-2019_0000_30m_ang.asc
ncols	125
nrows	167
xllcorner	-2042055.000000
yllcorner	1465035.000000
cellsize	30.000000
NODATA_value	-9999.000000
[rows 0 to 44 of 167, columns 0 to 95 of 125]
358 355 345 340 342 344 346 348 351 354 356 356 355 354 355 356 357 357 356 355 353 351 351 353 355 356 358 360 359 357 353 346 340 336 330 322 322 330 338 343 346 347 348 348 349 349 347 343 342 344 345 348 351 353 354 356 358 357 356 354 352 350 348 347 349 352 355 356 355 351 348 347 347 348 349 350 350 348 347 350 354 356 354 352 351 352 354 356 356 352 350 351 351 348 346 346
358 355 345 340 342 344 346 348 351 354 356 356 355 354 355 356 357 357 356 355 353 351 351 353 355 356 358 360 359 357 353 346 340 336 330 322 322 330 338 343 346 347 348 348 349 349 347 343 342 344 345 348 351 353 354 356 358 357 356 354 352 350 348 347 349 352 355 356 355 351 348 347 347 348 349 350 350 348 347 350 354 356 354 352 351 352 354 356 356 352 350 351 351 348 346 346
8 1 347 338 336 337 339 343 347 351 355 356 355 354 355 356 358 360 359 357 353 349 348 352 356 359 3 6 5 3 359 352 346 342 338 330 324 324 330 337 342 344 345 347 348 351 350 346 343 342 342 345 350 352 353 356 359 0 359 357 354 350 346 344 345 350 354 358 357 354 351 349 348 348 348 348 348 345 343 347 353 356 353 351 351 353 356 359 359 354 351 352 353 350 346 344
20 9 349 338 330 326 325 329 336 344 352 355 354 353 354 356 360 3 4 360 352 346 345 350 357 5 14 19 18 12 6 0 354 351 349 343 334 326 323 327 334 339 343 344 346 349 351 349 345 340 339 341 346 350 352 354 359 2 3 3 360 354 346 341 339 343 350 355 357 356 355 353 352 351 348 345 343 339 335 339 349 352 349 347 350 355 1 5 3 356 352 353 353 349 344 341
22 11 351 341 334 324 318 318 324 333 343 351 353 353 353 355 358 2 4 359 350 345 345 351 1 14 24 26 21 13 7 2 357 355 354 351 346 338 332 328 329 336 341 343 344 346 349 349 346 341 340 342 346 349 352 353 355 357 359 2 1 359 353 347 342 338 340 344 349 353 354 356 356 354 349 344 339 334 330 332 340 342 340 342 349 359 6 8 3 356 353 353 350 344 340 340
20 10 353 344 338 330 320 314 314 320 330 343 351 352 351 354 357 359 359 355 349 346 348 356 9 22 28 25 17 10 5 1 358 357 357 356 352 347 342 334 327 327 333 338 341 344 346 346 344 342 341 344 349 354 357 357 354 351 350 353 357 359 359 355 349 341 336 334 337 342 348 353 355 353 347 340 336 332 329 329 332 332 330 334 346 1 9 8 1 354 353 350 344 338 337 341
15 6 354 347 342 336 328 318 310 307 314 330 343 346 346 351 358 359 356 351 347 347 353 4 16 25 26 21 13 6 2 359 358 359 359 358 355 352 349 343 333 324 323 328 334 340 342 342 340 338 340 345 353 0 3 1 357 354 353 353 355 358 2 0 353 345 338 335 335 338 344 349 351 348 343 338 333 329 326 326 327 325 323 326 340 359 8 6 358 352 350 346 339 336 339 351
8 2 354 350 347 343 336 327 314 306 305 314 328 335 339 347 357 1 359 351 345 347 357 10 20 24 23 17 8 2 358 357 358 359 358 357 356 356 355 353 346 334 324 320 323 331 335 334 332 332 336 344 354 2 4 3 0 360 1 2 2 2 1 360 355 348 342 338 338 342 346 348 349 346 342 339 335 329 325 325 324 322 321 323 332 351 3 1 353 349 347 342 338 340 353 13
358 356 354 354 353 351 346 337 326 317 311 312 317 324 330 340 354 4 4 354 343 346 359 14 22 22 17 11 5 359 355 355 355 354 354 355 357 359 360 359 356 350 339 329 325 328 333 332 329 329 333 341 351 359 4 5 5 7 11 13 10 5 0 358 355 351 345 341 341 346 349 348 347 345 342 341 339 335 332 330 327 323 322 318 330 343 355 354 349 347 345 342 344 357 17 28
347 350 356 358 358 357 353 344 336 331 327 322 318 318 322 333 350 6 7 356 345 348 2 17 21 16 10 6 2 357 353 351 349 349 350 353 357 360 1 2 2 359 354 346 338 334 334 333 331 330 334 341 349 355 2 8 13 19 23 20 12 5 359 355 353 351 347 345 347 349 349 347 345 343 343 342 341 341 341 341 338 335 332 332 336 343 349 347 344 345 346 348 358 13 17 14
335 344 357 1 2 360 355 348 343 341 340 335 329 324 322 327 345 0 2 355 350 354 6 15 15 10 5 0 356 353 349 347 345 345 348 352 356 358 359 1 3 2 1 357 349 341 335 331 330 331 338 347 354 358 3 11 22 29 26 18 9 2 356 351 347 347 348 351 354 354 349 345 343 342 342 343 342 343 346 348 346 343 341 341 342 346 347 342 341 346 353 358 4 7 6 5
325 335 353 0 2 359 354 350 349 349 349 346 342 337 331 331 340 350 353 353 355 1 10 12 8 4 0 354 350 348 346 344 343 345 350 353 352 352 355 358 0 2 3 2 358 349 338 331 329 332 341 353 1 7 11 17 23 24 19 12 4 357 352 347 343 343 348 355 359 357 349 343 340 340 341 342 343 345 348 349 346 342 341 342 345 348 345 338 339 348 356 359 360 360 360 0
325 329 340 352 357 356 354 352 353 355 355 353 352 350 345 341 342 344 346 351 357 7 13 9 3 359 354 349 346 344 343 342 342 347 352 350 345 345 349 352 355 357 360 2 2 356 344 334 330 334 343 355 7 18 21 18 12 10 8 4 357 351 348 346 343 341 347 355 359 357 350 342 339 340 342 343 344 346 349 344 334 327 326 331 338 343 342 338 339 347 352 355 356 357 356 356
335 333 333 339 347 351 352 353 355 357 358 357 358 358 356 351 348 346 344 348 360 13 14 6 359 354 349 346 343 341 340 340 343 349 347 339 336 338 341 342 345 348 352 358 2 358 348 340 337 342 349 2 19 25 18 8 3 1 358 355 352 348 346 345 344 343 345 352 357 357 351 343 341 342 346 348 348 350 351 344 334 326 322 324 330 335 338 339 340 343 347 351 353 353 352 352
339 339 338 336 336 341 345 348 351 352 353 355 357 359 360 357 355 353 349 351 4 15 12 3 358 353 347 345 343 338 338 341 345 347 342 332 327 330 332 331 332 335 340 348 353 353 349 346 347 353 2 15 20 12 3 360 359 356 351 348 348 347 347 346 345 345 346 351 356 357 351 345 345 349 356 358 355 353 350 345 340 336 333 332 331 332 337 340 340 340 344 346 348 348 348 348
334 338 343 342 335 329 327 327 329 330 331 336 345 351 355 359 2 2 359 1 8 10 7 5 3 359 352 347 347 345 342 341 344 347 347 343 338 336 335 336 336 335 336 339 343 346 348 351 356 4 12 15 9 360 355 357 359 354 346 343 343 346 348 348 347 346 348 352 356 357 353 351 354 2 4 360 356 354 349 343 339 339 338 336 334 335 339 342 340 338 340 343 343 344 346 348
332 336 344 349 347 333 319 317 318 318 318 322 329 335 341 353 4 8 9 9 7 6 7 8 8 4 356 351 350 351 348 343 341 345 349 350 348 345 342 342 343 342 341 340 341 343 349 357 5 11 14 11 2 355 353 356 358 352 344 340 340 344 348 350 350 349 350 353 356 358 358 1 6 7 1 357 356 355 350 344 340 340 340 339 338 339 342 344 341 336 337 340 341 344 350 353
340 341 348 359 2 352 340 335 333 333 334 335 337 337 339 348 2 10 12 10 7 7 9 10 8 3 356 352 351 353 353 349 343 342 346 349 350 350 347 345 344 344 343 341 341 344 352 4 11 13 13 6 357 352 352 356 357 349 342 339 339 342 347 351 353 353 351 351 353 358 3 8 8 3 357 356 357 358 354 349 345 343 342 341 343 345 346 346 342 336 335 338 342 348 355 354
345 349 358 6 2 351 343 340 340 341 342 344 346 347 348 352 360 9 12 10 9 11 11 9 5 360 355 352 350 352 354 353 348 344 344 347 350 351 350 347 344 343 343 343 343 347 357 8 12 12 9 2 354 350 352 356 353 345 339 338 338 340 345 350 354 355 353 350 350 356 2 5 4 360 356 357 358 358 357 355 352 349 346 346 348 349 349 345 341 337 335 338 343 349 352 350
348 355 8 6 354 344 341 341 343 345 347 349 352 355 358 359 2 8 10 9 11 13 10 6 2 359 355 352 350 349 350 351 350 348 347 347 349 351 350 347 345 344 345 347 351 358 4 5 4 4 2 357 353 351 354 355 349 341 338 338 338 339 342 346 351 354 354 352 349 349 355 358 359 357 356 357 358 358 358 359 359 357 354 352 352 352 350 346 342 340 340 340 343 346 346 347
3 8 10 357 344 339 339 342 345 348 350 353 357 1 4 5 7 10 9 9 10 10 6 4 2 359 355 352 350 347 346 347 348 349 349 349 350 350 349 348 348 348 351 358 5 7 2 354 352 353 354 353 353 355 357 354 346 341 339 339 339 339 338 339 341 344 348 350 346 342 343 347 350 352 354 356 356 356 357 1 3 4 3 359 355 353 352 350 347 347 346 343 341 341 342 345
17 12 359 348 340 338 339 343 347 350 353 355 359 3 7 10 13 12 8 6 6 4 2 1 0 358 355 352 350 347 344 344 346 348 350 351 351 349 348 350 353 357 5 13 11 2 353 347 345 346 348 351 355 359 360 354 347 343 342 342 341 337 332 322 316 317 321 327 329 325 326 330 335 340 346 351 353 353 355 360 5 8 9 5 358 354 352 352 353 354 352 345 341 340 341 345
9 1 352 346 342 340 342 345 349 352 354 356 359 3 9 14 16 12 6 2 359 358 358 358 358 356 354 352 350 347 344 343 345 348 352 353 350 348 351 357 5 13 19 13 1 352 345 342 340 341 344 349 355 360 1 357 353 349 349 349 347 341 328 307 291 286 286 291 299 304 305 308 314 321 328 338 344 345 348 354 1 7 10 8 3 357 353 353 355 356 353 346 343 343 345 346
349 350 349 347 345 344 345 348 350 352 354 356 359 4 10 16 16 9 3 359 354 353 353 354 354 353 352 350 348 347 345 345 348 353 357 354 349 351 1 12 20 20 11 360 352 346 341 337 336 337 341 347 353 358 1 1 360 359 360 2 4 1 348 328 313 306 304 305 306 305 300 295 294 298 306 318 327 332 339 347 353 1 9 11 10 3 357 353 354 355 352 346 343 344 345 345
331 337 345 347 348 348 349 350 351 352 354 356 360 5 10 14 12 6 2 358 353 350 348 348 348 347 347 347 347 348 349 352 357 2 2 356 355 3 16 20 15 6 357 350 347 343 339 337 335 336 341 346 352 356 360 3 5 8 10 14 15 8 355 344 337 332 327 324 322 317 308 298 289 284 287 297 306 315 325 335 342 352 5 12 13 8 1 356 354 354 353 348 343 342 342 342
318 325 339 346 350 353 352 351 351 352 353 356 360 4 7 9 7 4 2 359 355 350 346 343 342 341 343 345 348 352 358 7 15 17 9 3 5 11 11 5 359 354 350 346 343 341 339 338 338 339 341 345 350 355 358 2 7 13 17 18 14 4 354 347 343 340 336 335 332 327 321 314 302 292 289 291 291 293 302 315 326 340 355 6 11 10 4 358 356 355 354 350 344 341 340 340
312 318 331 342 351 357 357 355 354 353 353 356 360 2 4 1 2 1 1 358 354 349 346 343 341 341 342 346 353 3 17 28 28 19 10 3 0 1 359 355 351 347 344 342 339 339 340 342 344 344 343 343 346 351 355 360 8 14 17 14 7 359 353 350 348 345 344 344 342 338 335 331 323 313 306 301 294 290 294 301 311 325 341 355 5 10 8 2 357 355 354 350 345 341 341 341
310 315 326 337 348 357 0 360 358 356 356 358 0 1 2 2 359 358 358 355 350 347 345 344 343 344 346 353 6 23 34 31 18 8 4 0 356 355 355 353 348 342 339 337 336 337 340 345 350 352 349 343 342 345 350 359 8 12 11 6 359 355 353 354 354 353 352 351 348 347 347 345 337 329 324 320 311 306 305 306 308 314 326 340 356 7 10 7 0 356 354 350 344 342 342 341
311 313 321 330 341 352 360 2 0 359 358 359 0 1 3 3 359 355 352 349 346 345 344 345 347 349 355 8 26 34 27 13 5 1 359 358 356 354 353 352 347 340 335 333 333 336 341 348 356 359 356 347 341 340 346 358 6 6 3 357 352 350 352 356 359 1 359 356 355 356 357 354 346 340 337 334 327 323 322 321 317 313 316 326 341 357 7 9 5 359 354 350 345 342 342 343
316 317 321 327 335 345 356 2 3 1 0 360 359 1 4 3 360 353 347 343 343 345 347 351 355 1 12 28 32 20 5 359 359 358 356 356 355 354 352 351 347 340 334 331 332 335 341 348 357 1 360 353 346 341 345 354 359 359 356 349 345 345 350 356 2 4 4 2 1 2 1 358 354 350 346 341 337 334 334 334 330 321 313 313 324 341 357 6 8 4 358 352 346 343 344 346
321 323 328 330 333 339 350 359 4 5 3 1 359 359 3 360 359 351 344 341 344 350 359 9 21 35 47 39 14 356 351 352 354 356 355 354 354 354 352 349 344 339 334 332 332 334 339 345 352 357 359 357 352 347 347 351 354 354 351 343 339 340 345 353 0 3 4 5 5 4 2 1 1 359 354 348 344 343 344 344 340 332 320 310 309 319 337 355 5 7 3 356 350 346 346 349
317 322 331 334 334 336 344 355 4 7 7 5 2 2 4 4 358 350 346 348 357 12 32 51 59 56 38 9 343 337 340 345 349 351 352 352 352 353 350 346 341 337 335 335 338 339 339 342 346 351 356 357 355 352 350 351 352 351 346 338 334 335 341 348 354 357 0 4 4 3 3 4 5 4 0 355 352 352 353 352 348 341 332 319 307 304 311 330 351 2 4 0 355 351 349 350
312 315 323 329 332 333 339 350 1 7 9 8 6 6 6 5 358 353 355 7 20 42 48 40 29 13 2 351 337 327 325 330 337 342 346 348 349 349 347 342 337 333 333 336 341 343 342 339 339 345 351 354 355 355 354 354 353 350 342 333 330 330 334 340 345 348 353 359 1 2 2 4 6 5 4 4 4 3 0 357 354 351 344 331 319 309 305 309 323 343 356 359 358 355 349 348
317 314 313 316 322 326 331 341 354 4 10 12 11 9 9 7 2 1 8 26 29 22 21 18 10 2 358 353 346 337 330 328 330 332 336 340 342 343 341 338 334 331 330 332 335 337 336 332 330 336 343 349 354 357 359 358 355 350 341 332 328 325 327 331 335 340 347 354 357 358 359 2 3 4 7 11 14 12 6 1 1 0 352 340 332 327 321 315 313 318 332 347 355 354 347 345
334 327 320 320 320 322 324 330 342 357 7 13 15 13 11 10 8 8 20 23 14 13 12 10 6 2 359 357 353 348 343 341 340 336 334 334 336 337 336 335 333 331 330 328 325 322 322 322 323 326 335 343 351 359 1 360 356 350 342 336 332 329 328 327 328 333 341 349 353 354 356 357 358 360 6 14 17 15 11 7 8 5 354 345 341 340 339 336 330 324 325 333 343 348 345 342
342 337 333 333 334 334 331 329 334 346 0 11 16 16 15 14 13 11 9 10 7 6 6 6 4 3 1 360 358 354 350 348 348 345 340 335 334 335 335 334 335 337 340 339 333 327 326 327 326 327 330 338 349 358 2 0 356 351 344 339 337 336 333 328 326 327 333 341 346 350 354 354 353 355 2 9 13 15 14 13 10 3 355 349 347 348 349 348 344 339 336 336 340 344 345 341
337 337 338 341 344 345 343 338 337 341 351 4 14 19 19 19 15 7 10 2 0 0 1 2 3 3 3 3 2 0 356 351 348 348 346 342 338 336 336 337 341 347 351 348 341 336 335 336 336 334 333 336 346 357 2 0 356 351 344 340 340 340 339 335 330 327 326 331 336 342 350 352 349 350 356 1 6 11 13 12 9 3 358 354 354 356 357 354 347 342 339 339 341 345 347 345
330 333 339 344 347 350 350 348 346 345 347 355 7 18 23 22 14 2 356 355 354 355 357 359 1 2 3 5 6 5 2 356 349 345 345 344 342 338 336 338 344 352 356 352 345 341 340 341 343 342 338 335 342 354 2 0 356 350 344 340 340 344 347 346 342 335 328 325 327 333 343 349 347 346 349 352 358 4 7 7 6 4 3 2 3 6 4 356 348 343 341 340 341 346 350 349
323 327 338 345 349 351 352 353 354 352 346 348 357 13 16 23 12 10 351 349 349 351 353 356 358 359 1 4 6 7 7 1 352 345 341 341 341 340 338 337 342 350 356 355 351 347 345 345 345 344 340 336 338 351 1 0 355 349 342 338 339 344 349 351 350 345 335 325 320 324 336 345 342 341 342 346 350 355 358 360 2 6 9 13 15 11 2 353 349 348 347 346 345 348 353 355
319 323 336 345 348 350 352 356 359 355 350 349 355 2 10 17 18 359 359 346 346 348 349 351 353 355 357 0 4 7 8 4 357 348 342 340 340 341 340 338 339 346 353 356 356 355 352 351 349 345 341 337 337 348 358 358 353 347 343 340 339 341 344 347 349 346 337 324 313 312 325 336 335 333 336 341 344 347 348 352 358 6 14 19 18 8 356 350 350 352 353 353 353 355 359 0
318 323 336 345 349 349 352 357 358 355 352 353 359 11 6 27 12 0 356 351 348 345 345 346 347 350 353 356 0 4 6 3 357 349 343 340 341 342 343 342 341 344 350 356 360 0 359 357 356 352 347 342 341 347 356 355 350 347 346 345 344 342 338 335 335 335 333 326 314 307 311 322 325 326 331 338 341 340 340 345 354 2 12 16 13 3 354 350 351 354 356 357 0 3 6 5
324 328 339 348 350 351 353 356 356 353 352 355 4 13 12 5 1 1 1 358 350 346 345 344 344 346 348 352 355 359 1 359 354 348 343 341 340 342 344 346 347 347 349 355 360 2 0 358 358 357 355 351 348 350 355 354 348 347 350 352 353 355 350 341 335 333 332 329 323 313 308 309 313 316 324 333 337 333 333 341 352 358 4 7 5 0 356 353 353 355 358 1 5 9 12 12
329 333 342 349 351 352 354 354 353 352 353 359 9 13 9 3 1 1 2 358 352 347 346 346 346 347 348 349 351 353 355 353 349 346 345 342 339 339 342 348 352 351 351 355 360 2 359 355 355 357 359 359 357 355 355 353 350 349 353 356 359 2 358 350 344 342 338 334 330 326 318 308 301 300 307 317 324 323 326 338 350 354 354 355 357 358 358 356 356 358 1 4 8 13 18 18
331 335 343 348 351 352 353 353 352 352 356 3 12 27 6 2 0 360 359 355 350 348 348 348 348 349 350 349 349 349 348 345 344 345 347 347 343 339 340 347 354 357 357 358 360 0 358 353 350 352 356 360 1 359 354 352 352 353 354 357 0 1 358 352 349 348 344 340 337 335 329 314 298 288 286 294 303 307 313 328 344 349 347 347 351 355 358 358 357 359 3 8 12 18 23 21
333 336 343 348 350 352 353 353 353 355 360 9 15 26 4 0 358 357 356 352 348 347 348 349 350 349 349 349 347 345 342 339 339 342 347 350 349 345 342 344 353 1 4 3 1 358 357 355 351 348 347 351 356 355 349 348 350 353 355 357 360 0 358 356 355 351 346 344 344 342 334 322 309 297 291 292 296 298 301 313 330 339 341 343 347 352 358 0 357 357 2 10 18 24 26 21
