project/data/elevation/US_DEM2016/US_DEM2016_point_10-31-2019_1056_30m_ang.asc
ncols	125
nrows	167
xllcorner	-2042055.000000
yllcorner	1465035.000000
cellsize	30.000000
NODATA_value	-9999.000000
[rows 0 to 41 of 167, columns 0 to 94 of 125]
337 335 330 330 333 336 337 338 339 342 344 346 346 344 343 344 346 348 347 345 341 338 338 341 344 346 348 349 345 340 334 325 317 311 310 311 313 317 322 325 326 327 327 328 327 325 323 322 323 327 330 335 339 343 345 346 347 345 342 340 339 339 338 336 337 339 341 341 338 335 333 333 334 335 337 338 338 338 337 338 342 345 341 338 337 341 344 346 345 340 335 334 331 327 326
337 335 330 330 333 336 337 338 339 342 344 346 346 344 343 344 346 348 347 345 341 338 338 341 344 346 348 349 345 340 334 325 317 311 310 311 313 317 322 325 326 327 327 328 327 325 323 322 323 327 330 335 339 343 345 346 347 345 342 340 339 339 338 336 337 339 341 341 338 335 333 333 334 335 337 338 338 338 337 338 342 345 341 338 337 341 344 346 345 340 335 334 331 327 326
341 336 329 328 330 332 333 334 336 339 342 345 346 344 342 343 346 349 350 348 342 337 336 339 343 347 351 352 349 344 337 329 320 315 313 313 313 315 319 322 325 325 326 327 328 329 329 328 327 327 328 332 337 342 344 346 348 348 345 342 339 338 336 334 335 337 340 341 341 338 336 334 334 335 335 336 337 336 334 335 341 345 342 337 336 340 346 348 348 343 338 337 336 333 330
348 339 329 326 326 326 326 326 329 333 337 342 345 343 339 340 345 351 354 352 343 335 333 336 342 349 356 359 357 353 345 336 328 323 321 319 317 315 316 320 324 326 327 329 330 333 334 334 331 327 326 327 332 338 342 345 348 349 348 346 343 338 335 332 331 332 335 339 341 340 339 338 336 335 334 333 333 332 330 330 336 342 341 335 335 341 348 353 352 346 342 342 341 337 334
349 341 330 327 326 323 321 321 323 326 330 336 342 342 337 336 341 349 354 351 342 334 332 336 343 353 0 3 2 358 350 341 335 331 329 327 324 320 318 321 325 328 331 331 332 333 335 335 332 328 325 326 330 335 339 342 343 343 345 345 344 342 338 334 330 329 330 332 335 337 338 338 337 336 333 331 329 328 326 326 331 336 335 332 333 341 350 354 352 346 344 344 340 335 331
347 340 331 328 327 325 322 319 319 320 324 330 338 341 336 334 338 346 350 347 340 334 332 337 347 356 2 4 3 358 350 343 338 335 334 332 329 325 323 323 323 325 328 330 331 333 334 334 332 328 325 327 331 335 338 339 338 336 336 339 341 341 340 336 332 328 327 326 327 329 332 333 334 333 330 328 326 325 324 325 327 329 329 327 330 340 350 354 350 345 344 343 337 331 328
343 339 333 330 329 327 324 320 316 315 317 324 334 338 335 334 338 344 347 343 337 333 334 341 351 358 2 3 360 354 348 343 340 338 337 336 333 330 328 326 323 321 322 324 326 329 331 330 328 325 324 327 334 339 341 341 339 337 336 337 337 338 338 336 332 328 324 323 323 325 328 329 330 329 326 324 322 320 320 321 324 325 324 323 327 337 348 352 348 344 343 340 333 328 326
339 337 334 333 332 330 327 322 315 312 312 318 327 332 331 332 337 344 346 342 334 331 335 344 353 359 2 1 356 350 346 343 341 340 340 339 338 336 335 333 329 324 319 318 320 323 325 324 322 321 322 328 336 343 346 345 343 342 342 341 339 338 337 336 332 326 322 321 323 326 328 329 328 326 323 321 319 317 316 318 319 320 321 321 325 334 345 349 345 342 340 336 330 327 328
335 335 335 336 336 334 331 325 318 314 313 315 321 326 327 329 335 343 347 341 332 330 336 346 355 360 1 358 352 347 344 342 341 340 341 341 342 342 342 340 337 332 325 320 320 323 325 324 321 319 321 327 337 344 347 347 346 346 346 345 342 338 336 336 333 327 322 321 323 327 330 329 327 325 324 323 322 320 319 319 319 318 318 320 324 332 341 345 342 339 337 334 331 331 335
330 333 337 339 339 338 335 329 323 321 319 318 319 322 324 327 333 342 347 340 331 330 337 348 355 357 356 354 350 346 342 340 339 338 339 341 344 345 345 345 344 341 335 330 327 328 328 325 322 320 321 327 334 339 343 346 347 349 349 346 342 337 334 334 335 330 325 325 327 331 333 331 327 326 327 327 327 326 326 326 326 324 322 323 326 332 340 342 339 337 336 335 335 338 342
324 329 337 341 341 341 338 333 329 328 328 326 323 323 324 326 332 342 345 340 334 334 341 349 354 354 352 349 346 343 340 338 335 335 336 340 342 343 344 346 347 345 342 337 334 332 329 324 321 320 323 328 333 336 338 341 345 349 350 346 341 335 331 332 334 332 329 329 332 335 335 332 328 328 329 330 330 330 332 333 333 332 330 329 330 334 338 339 337 337 338 339 341 344 345
317 323 335 341 343 342 340 337 336 336 335 333 331 329 327 327 332 339 342 339 337 339 346 351 352 352 349 345 342 339 337 335 333 332 335 337 337 337 339 342 345 346 345 342 339 336 331 323 320 320 325 331 337 339 339 340 343 348 349 345 339 333 330 330 331 331 331 333 336 338 337 332 328 328 329 331 331 332 334 334 333 331 331 331 333 335 337 336 336 339 342 344 345 346 346
315 318 327 337 342 342 340 339 340 342 341 340 338 336 334 332 333 337 339 338 339 344 350 351 350 348 345 341 337 335 333 330 328 328 332 333 331 331 333 335 338 341 343 343 342 339 332 323 319 320 325 332 338 341 340 339 341 345 347 343 336 331 329 329 330 330 332 335 338 339 338 332 328 328 330 331 331 331 330 327 322 320 322 325 329 332 334 335 338 341 344 346 347 346 345
320 320 323 330 336 338 338 339 342 344 344 343 343 343 341 337 336 337 337 337 340 347 351 349 346 343 339 336 332 329 326 323 321 321 324 325 324 324 325 327 329 332 335 338 341 339 332 325 320 321 327 333 339 340 337 335 338 343 344 340 335 331 329 329 330 331 332 336 339 340 338 332 329 330 332 331 328 326 325 321 316 314 316 319 322 326 330 335 339 341 343 345 346 345 344
323 324 325 327 329 330 331 333 336 338 339 341 343 345 344 342 340 339 338 338 341 348 349 346 342 338 334 330 325 321 319 319 319 319 318 317 315 317 320 320 321 322 324 329 334 335 331 327 325 327 331 337 341 338 334 334 338 342 340 337 334 331 330 330 331 332 334 338 340 341 337 332 331 333 333 329 326 326 325 322 318 317 319 321 322 324 329 335 339 340 342 343 343 342 341
321 323 327 329 326 321 318 317 319 321 323 327 333 339 342 343 344 343 342 342 345 347 347 344 340 336 332 328 324 320 319 322 325 325 323 320 319 320 322 323 323 322 323 327 331 332 331 330 329 331 337 342 342 336 333 335 341 342 337 334 333 333 333 333 333 334 337 341 344 343 338 334 335 338 336 331 329 329 328 324 320 320 322 324 324 327 331 336 338 339 340 341 340 338 337
318 320 326 329 326 317 308 306 308 310 312 316 321 328 335 341 345 347 347 347 348 349 348 345 341 338 334 332 330 328 326 325 327 329 330 329 327 327 328 329 329 329 330 331 332 332 333 334 335 336 340 343 340 335 333 337 343 342 335 332 332 334 335 337 337 337 339 343 346 345 342 340 342 342 338 334 334 334 332 326 322 322 324 326 328 331 334 337 338 338 338 339 338 337 337
321 322 326 331 330 321 314 314 316 318 320 322 325 328 332 338 345 349 351 351 352 352 350 346 343 340 337 335 334 334 333 330 329 329 332 333 333 333 333 333 333 333 333 332 332 332 335 339 340 340 342 341 337 334 334 340 345 340 334 331 332 334 337 339 340 340 340 342 345 347 347 347 348 345 340 339 341 341 338 332 328 326 327 329 332 335 337 338 338 337 337 338 339 341 342
325 327 333 337 334 326 322 323 325 327 329 331 333 335 337 340 345 350 353 355 356 356 353 347 343 340 337 335 335 337 337 336 333 332 333 335 336 336 336 335 334 334 333 333 332 333 336 341 342 341 341 339 335 333 335 342 343 337 332 330 331 333 336 339 341 341 341 340 343 346 348 350 350 347 343 344 346 347 345 341 336 332 331 333 336 338 338 336 335 335 337 339 341 345 345
326 329 338 340 333 327 326 328 330 333 336 338 340 342 343 344 347 351 355 358 359 358 354 348 343 340 338 336 335 337 338 338 337 336 336 337 338 339 338 336 335 335 334 334 334 335 336 338 339 339 339 338 335 334 337 342 340 334 331 330 330 332 334 337 339 340 340 341 341 342 344 346 347 345 345 346 348 348 347 346 343 339 336 337 338 339 338 335 334 336 338 340 343 344 342
331 333 337 336 330 327 327 330 334 337 339 342 344 347 348 349 351 354 357 360 1 358 353 348 344 342 339 337 336 337 337 337 338 338 339 340 340 339 337 336 336 335 335 336 338 339 337 335 335 336 337 337 337 338 340 340 337 332 330 329 330 330 331 331 331 333 335 337 338 337 336 337 339 340 342 345 346 346 346 348 347 344 342 340 340 340 340 339 339 340 342 342 342 341 338
345 342 337 333 329 327 329 332 336 339 341 343 346 349 352 354 356 358 359 360 359 355 351 348 346 343 341 339 338 337 336 336 337 338 339 341 340 337 335 336 336 336 338 340 340 339 336 334 333 334 335 337 339 342 343 340 336 332 330 329 328 327 325 321 318 317 319 322 325 326 325 326 327 330 334 338 340 340 342 345 347 346 346 344 342 341 342 343 344 346 346 344 342 339 337
346 342 338 334 331 329 330 334 337 339 341 343 346 349 353 357 359 359 359 357 354 351 349 347 346 344 342 340 339 337 336 336 336 337 339 340 337 334 334 335 337 338 341 341 339 336 333 331 331 331 333 336 340 344 344 342 337 333 331 330 327 323 317 310 304 302 302 304 308 313 315 315 316 318 321 327 331 332 334 339 343 346 346 345 344 343 342 343 345 347 347 345 342 341 341
337 337 338 335 332 331 332 335 337 338 340 342 345 349 354 358 360 359 357 353 349 346 344 344 343 342 340 339 338 337 336 336 336 338 339 338 333 331 332 335 338 340 340 338 336 334 330 328 328 329 331 335 340 344 345 343 339 336 334 333 330 324 315 307 304 303 304 305 308 310 310 308 307 309 313 319 324 326 329 334 337 341 344 345 345 343 340 340 342 344 345 344 342 342 342
326 330 335 335 332 331 332 334 336 337 339 342 345 349 353 357 358 357 355 350 345 341 338 337 337 337 337 336 336 336 336 336 337 338 337 334 329 328 330 335 339 339 337 335 334 332 329 327 326 327 331 334 338 342 344 343 341 340 340 339 337 330 321 316 315 314 314 314 314 312 309 306 304 302 305 311 315 318 322 327 331 334 340 344 345 343 341 340 341 343 344 344 342 341 340
316 320 329 333 332 331 331 332 334 336 337 340 344 347 351 354 356 357 355 351 345 341 337 334 334 333 333 333 334 335 337 339 340 337 332 329 328 327 330 334 338 338 335 333 333 332 330 328 327 327 330 333 337 341 343 343 344 345 347 347 343 335 328 325 323 322 321 320 318 315 313 311 307 302 301 305 306 307 312 319 324 329 335 341 343 343 341 341 342 342 343 344 342 340 339
310 314 323 329 332 333 332 332 333 334 336 339 342 345 348 351 354 356 355 351 346 341 338 336 334 332 331 331 333 337 341 343 342 337 332 329 330 332 333 334 335 335 333 331 331 331 329 330 329 329 330 331 335 340 342 343 346 350 352 350 345 338 334 331 330 329 328 327 325 322 321 319 314 307 305 305 303 302 305 312 319 325 330 335 340 342 342 342 341 341 342 343 342 340 339
308 311 320 327 332 334 335 335 335 336 338 341 343 345 347 350 353 355 353 349 344 340 337 335 334 332 331 332 336 342 346 345 341 338 336 334 334 335 335 335 334 332 330 329 329 330 331 332 333 332 330 329 332 336 339 343 348 352 352 349 344 340 338 338 338 337 335 334 332 331 330 327 321 315 313 311 307 305 307 311 316 321 325 330 335 340 342 343 341 340 341 342 341 339 339
307 310 316 323 330 334 336 337 338 339 341 343 345 347 348 350 352 352 349 344 339 337 335 334 333 332 331 334 341 348 347 343 340 339 338 338 337 337 337 336 334 330 327 326 327 329 332 335 337 337 333 329 330 333 337 343 349 350 348 344 339 338 340 347 345 345 343 340 338 338 338 335 328 323 321 319 315 313 314 316 318 320 322 325 329 335 341 343 343 341 340 340 340 339 339
310 311 315 321 327 332 335 337 339 340 341 343 345 346 349 352 353 350 344 339 335 333 333 332 331 330 331 336 345 348 343 341 340 340 339 339 338 338 338 336 333 329 325 324 325 327 332 337 340 341 338 333 331 332 337 344 347 346 344 338 334 335 339 344 349 350 351 346 345 345 345 342 337 332 329 325 322 322 323 324 324 322 320 321 323 329 336 341 344 343 341 339 339 339 339
314 315 319 322 326 330 334 337 340 341 342 342 343 344 348 352 352 348 340 335 332 331 331 330 328 325 323 330 339 340 339 339 340 340 340 339 339 339 338 335 332 328 325 323 324 326 331 336 340 342 340 337 334 335 339 344 345 343 340 333 329 330 335 342 347 349 349 349 349 349 349 348 345 341 337 332 330 329 331 330 328 324 320 318 317 320 327 335 342 345 344 341 339 339 341
312 315 321 324 327 329 333 337 341 344 344 344 344 345 348 351 351 345 339 335 333 332 330 326 323 317 314 318 325 329 331 333 336 337 338 338 338 338 337 333 330 326 325 325 326 328 330 334 337 340 340 338 336 338 342 344 343 341 335 327 324 325 331 338 342 344 345 348 350 350 350 351 351 348 343 339 336 335 335 334 330 327 323 317 313 313 316 323 333 341 344 343 342 342 342
308 310 315 320 325 328 331 335 341 345 347 347 346 348 350 351 350 345 341 341 342 341 336 331 328 324 320 318 319 320 321 323 326 330 332 333 335 336 334 331 327 324 323 325 329 331 331 333 334 336 338 337 336 339 345 347 344 339 331 322 319 320 327 333 337 338 339 343 346 347 349 351 352 350 347 345 343 341 338 336 334 331 326 318 313 311 311 314 321 330 338 341 343 344 344
308 307 309 313 318 323 327 332 338 344 347 348 349 349 351 352 351 348 348 352 353 351 347 343 340 335 329 325 322 321 320 320 321 322 324 327 330 331 330 328 324 321 320 323 325 326 326 327 329 332 335 334 335 340 347 349 346 339 329 320 315 315 322 328 332 333 335 339 341 341 343 347 348 347 348 350 351 347 342 338 338 336 328 320 317 316 315 314 315 318 325 333 339 343 343
316 314 311 313 315 319 323 327 332 339 345 349 350 351 352 353 353 353 356 359 358 355 352 349 346 340 335 331 328 327 327 327 326 325 323 324 326 327 327 325 321 319 318 318 316 315 316 318 322 327 331 332 333 339 348 351 347 339 329 320 315 316 321 325 328 329 332 336 338 336 338 343 342 342 346 353 355 351 346 343 343 340 331 325 324 324 324 323 321 319 320 324 331 337 340
323 321 320 321 323 324 324 326 329 335 341 348 351 352 353 354 355 357 360 0 357 355 353 351 348 344 340 336 333 331 331 332 333 331 328 325 325 326 325 324 321 319 318 318 316 315 316 318 321 326 330 331 332 338 348 351 347 339 330 322 318 318 322 324 325 326 329 333 334 334 336 340 338 337 342 350 353 353 351 350 349 344 335 331 331 332 333 332 329 326 325 325 329 333 338
322 323 325 328 330 331 330 330 330 333 337 343 348 352 355 356 356 358 359 357 354 352 351 350 349 347 344 341 338 335 334 334 335 335 333 330 328 327 327 326 326 325 324 324 322 322 323 325 327 330 332 332 332 338 347 351 347 340 332 325 321 321 324 325 325 325 327 329 331 330 333 338 336 333 338 344 348 351 352 353 353 348 341 337 338 340 340 336 331 328 327 328 330 333 337
318 321 326 331 334 335 334 334 334 335 336 339 344 350 355 357 357 355 354 351 349 348 348 348 348 347 346 345 342 339 338 337 335 335 334 332 330 328 328 329 331 334 335 332 328 328 329 331 333 334 335 334 333 337 347 351 347 340 332 325 322 323 327 329 328 327 327 328 329 328 330 335 334 331 334 339 343 347 349 350 352 350 346 343 344 346 344 337 331 328 328 329 330 334 339
314 317 325 331 334 335 335 336 337 336 335 336 340 346 353 357 356 352 348 345 343 342 343 344 344 345 345 346 345 343 342 340 337 335 332 331 331 330 328 329 332 337 338 338 334 332 333 333 334 334 335 335 334 337 347 351 346 339 331 325 322 323 329 332 332 330 328 326 327 326 327 332 332 329 330 335 339 341 341 343 348 351 350 350 351 349 343 337 334 334 334 334 334 337 342
310 313 322 329 332 332 333 335 337 337 335 335 338 344 352 357 355 349 343 340 338 337 338 339 340 341 343 344 345 345 344 343 340 336 333 331 332 332 330 329 331 336 341 340 338 336 336 335 334 333 332 334 334 338 346 349 345 337 330 324 319 320 325 329 330 330 327 324 322 322 325 330 331 326 326 331 336 336 334 336 342 349 352 354 354 348 340 337 338 340 341 341 342 344 347
308 311 320 327 329 330 332 335 338 338 336 337 340 347 354 356 352 347 342 339 337 335 335 336 337 338 339 341 344 346 345 343 340 337 333 332 333 334 333 331 332 335 339 340 339 339 339 340 339 337 334 334 336 339 346 347 342 336 330 324 318 316 318 319 321 321 321 321 319 318 320 326 328 324 324 329 335 333 329 330 338 346 352 355 353 345 339 338 340 342 344 346 348 351 352
311 313 321 327 330 331 333 337 339 338 337 339 344 352 357 355 351 347 344 342 340 337 336 336 335 334 335 337 340 343 344 342 339 336 334 333 333 334 334 334 334 336 338 339 338 338 340 341 342 342 340 339 339 342 346 346 340 335 331 324 318 315 315 315 316 318 319 319 318 316 316 320 323 321 321 327 333 331 327 328 337 344 347 350 348 343 339 339 341 343 345 348 351 355 357
