project/data/elevation/US_DEM2016/US_DEM2016_point_10-31-2019_1157_30m_vel.asc
ncols	125
nrows	167
xllcorner	-2042055.000000
yllcorner	1465035.000000
cellsize	30.000000
NODATA_value	-9999.000000
[rows 0 to 37 of 167, columns 0 to 83 of 125]
4.82 4.56 4.48 5.00 5.70 6.39 6.99 7.45 7.59 7.72 8.04 8.60 8.74 8.17 7.80 7.93 8.19 8.22 7.76 7.10 6.61 6.60 7.01 7.45 7.81 7.93 7.78 7.09 6.05 4.97 4.04 3.32 2.90 2.77 2.79 2.88 3.12 3.52 3.94 4.14 4.21 4.24 4.30 4.29 4.08 3.81 3.61 3.64 3.98 4.64 5.41 6.22 6.93 7.60 7.81 7.83 7.66 7.01 6.43 6.08 5.91 5.88 5.95 6.20 6.35 6.36 6.24 5.91 5.29 4.91 4.87 5.05 5.32 5.59 5.77 5.87 5.97 6.15 6.43 6.71 6.94 6.87 6.27 6.10
4.82 4.56 4.48 5.00 5.70 6.39 6.99 7.45 7.59 7.72 8.04 8.60 8.74 8.17 7.80 7.93 8.19 8.22 7.76 7.10 6.61 6.60 7.01 7.45 7.81 7.93 7.78 7.09 6.05 4.97 4.04 3.32 2.90 2.77 2.79 2.88 3.12 3.52 3.94 4.14 4.21 4.24 4.30 4.29 4.08 3.81 3.61 3.64 3.98 4.64 5.41 6.22 6.93 7.60 7.81 7.83 7.66 7.01 6.43 6.08 5.91 5.88 5.95 6.20 6.35 6.36 6.24 5.91 5.29 4.91 4.87 5.05 5.32 5.59 5.77 5.87 5.97 6.15 6.43 6.71 6.94 6.87 6.27 6.10
4.60 4.44 4.53 5.06 5.63 6.24 6.76 7.12 7.27 7.32 7.53 7.92 8.02 7.77 7.49 7.53 7.67 7.73 7.42 6.84 6.55 6.64 6.97 7.21 7.30 7.22 6.82 6.11 5.31 4.46 3.71 3.18 2.91 2.87 2.91 3.00 3.21 3.51 3.79 3.95 3.96 3.97 4.03 4.14 4.22 4.21 4.17 4.19 4.50 5.04 5.68 6.25 6.70 7.05 7.22 7.23 7.15 6.90 6.48 6.04 5.73 5.56 5.66 5.88 6.00 5.99 5.94 5.84 5.69 5.45 5.36 5.38 5.44 5.48 5.52 5.57 5.70 5.95 6.21 6.33 6.31 6.27 6.15 6.22
4.59 4.54 4.84 5.28 5.66 6.00 6.35 6.47 6.40 6.36 6.46 6.55 6.59 6.56 6.60 6.56 6.52 6.65 6.59 6.40 6.46 6.71 6.83 6.62 6.22 5.77 5.23 4.77 4.31 3.84 3.43 3.22 3.23 3.35 3.42 3.44 3.49 3.62 3.71 3.75 3.88 4.02 4.17 4.40 4.70 4.92 5.05 5.12 5.30 5.64 6.05 6.25 6.20 6.05 6.00 5.85 5.82 5.98 6.05 5.93 5.71 5.53 5.42 5.39 5.26 5.18 5.24 5.46 5.70 5.86 5.87 5.72 5.50 5.26 5.12 5.12 5.26 5.49 5.64 5.50 5.30 5.52 5.98 6.41
4.81 4.86 5.23 5.51 5.68 5.89 5.98 5.97 5.75 5.59 5.54 5.51 5.47 5.47 5.61 5.62 5.54 5.64 5.91 6.21 6.55 6.70 6.52 5.90 5.15 4.62 4.37 4.22 4.05 3.87 3.76 3.82 4.00 4.15 4.15 4.03 3.93 3.95 3.98 4.04 4.29 4.57 4.85 5.13 5.28 5.41 5.50 5.63 5.81 6.04 6.24 6.18 5.82 5.38 5.02 4.50 4.23 4.37 4.84 5.33 5.55 5.56 5.43 5.11 4.82 4.60 4.50 4.62 4.89 5.10 5.17 5.12 4.98 4.85 4.79 4.82 4.92 5.03 5.07 4.98 4.95 5.33 5.93 6.27
4.91 5.01 5.40 5.66 5.69 5.76 5.75 5.48 5.28 5.15 5.01 4.90 4.89 4.99 5.27 5.40 5.35 5.34 5.66 6.12 6.46 6.39 5.93 5.07 4.34 4.06 4.05 4.12 4.17 4.24 4.37 4.54 4.67 4.66 4.51 4.35 4.28 4.30 4.34 4.40 4.52 4.71 5.00 5.37 5.56 5.62 5.68 5.86 6.03 6.21 6.30 6.11 5.70 5.04 4.35 3.78 3.64 3.82 4.16 4.50 4.81 4.99 4.96 4.70 4.43 4.22 4.08 4.03 4.04 4.04 4.06 4.09 4.14 4.23 4.33 4.43 4.55 4.67 4.77 4.84 4.96 5.27 5.66 5.71
5.10 5.26 5.58 5.80 5.76 5.63 5.40 5.01 4.75 4.71 4.69 4.58 4.57 4.90 5.39 5.52 5.52 5.48 5.53 5.67 5.87 5.77 5.22 4.47 4.06 3.96 3.98 4.06 4.24 4.52 4.79 4.98 4.96 4.86 4.73 4.67 4.71 4.74 4.67 4.56 4.53 4.61 4.82 5.10 5.29 5.25 5.24 5.41 5.75 6.02 6.20 6.06 5.60 5.14 4.70 4.38 4.44 4.57 4.58 4.47 4.33 4.28 4.21 4.10 3.94 3.80 3.75 3.78 3.79 3.74 3.68 3.65 3.68 3.77 3.88 4.01 4.12 4.29 4.51 4.72 4.92 5.12 5.25 5.06
5.27 5.51 5.90 5.95 5.85 5.45 4.97 4.52 4.41 4.54 4.55 4.39 4.42 4.89 5.41 5.45 5.35 5.25 5.08 4.98 5.12 5.09 4.69 4.27 4.07 4.01 4.00 4.05 4.26 4.61 4.96 5.16 5.21 5.26 5.37 5.55 5.64 5.54 5.32 5.04 4.77 4.64 4.68 4.71 4.60 4.49 4.44 4.65 5.20 5.89 6.18 6.06 5.72 5.60 5.57 5.57 5.47 5.31 4.99 4.56 4.15 3.87 3.75 3.65 3.53 3.46 3.55 3.75 3.86 3.81 3.67 3.53 3.48 3.53 3.66 3.79 3.92 4.15 4.44 4.64 4.75 4.80 4.78 4.56
5.61 5.79 6.15 6.09 5.81 5.35 4.76 4.45 4.57 4.70 4.63 4.49 4.56 4.92 5.18 5.10 4.86 4.66 4.49 4.45 4.67 4.66 4.28 4.00 3.90 3.94 4.11 4.33 4.54 4.77 5.11 5.43 5.76 6.21 6.69 6.97 6.93 6.65 6.30 5.92 5.48 5.08 4.83 4.69 4.46 4.29 4.42 4.80 5.52 6.16 6.28 5.83 5.39 5.33 5.42 5.45 5.30 4.96 4.50 4.10 3.79 3.61 3.54 3.52 3.47 3.53 3.80 4.07 4.09 3.88 3.61 3.43 3.45 3.66 3.94 4.15 4.35 4.66 4.90 4.90 4.74 4.58 4.49 4.44
5.82 6.02 6.19 6.03 5.71 5.35 4.87 4.82 5.12 5.30 5.13 4.92 4.93 5.01 4.96 4.73 4.41 4.18 4.18 4.33 4.58 4.43 3.97 3.71 3.72 3.89 4.19 4.54 4.84 5.14 5.55 6.00 6.56 7.15 7.52 7.54 7.33 7.08 6.88 6.65 6.31 5.88 5.50 5.23 4.94 4.87 5.01 5.48 6.12 6.45 6.18 5.22 4.47 4.00 4.01 4.17 4.17 3.92 3.66 3.48 3.36 3.32 3.41 3.57 3.81 4.06 4.42 4.62 4.38 3.92 3.62 3.62 3.94 4.41 4.80 5.05 5.33 5.65 5.78 5.61 5.27 5.04 4.95 4.89
6.11 6.04 6.04 5.93 5.70 5.52 5.47 5.78 6.10 6.12 5.91 5.63 5.39 5.12 4.79 4.44 4.17 4.14 4.35 4.62 4.76 4.49 4.02 3.79 3.83 4.00 4.23 4.58 5.12 5.74 6.28 6.74 7.12 7.24 7.01 6.55 6.38 6.55 6.76 6.82 6.72 6.46 6.10 5.73 5.50 5.38 5.40 5.85 6.40 6.47 5.74 4.66 3.86 3.39 3.22 3.16 3.16 3.15 3.13 3.11 3.12 3.26 3.55 3.92 4.35 4.77 5.05 5.00 4.63 4.10 3.94 4.25 4.81 5.35 5.76 6.06 6.35 6.49 6.39 6.12 5.90 5.78 5.65 5.48
6.25 5.90 5.75 5.97 6.10 6.26 6.58 6.95 7.15 6.94 6.59 6.28 5.91 5.35 4.76 4.43 4.30 4.45 4.77 5.02 5.01 4.68 4.26 4.06 4.10 4.31 4.61 5.10 5.77 6.40 6.74 6.90 6.78 6.30 5.51 5.02 5.17 5.64 5.97 6.17 6.34 6.43 6.35 6.14 5.88 5.68 5.67 6.08 6.37 6.12 5.13 4.34 3.85 3.42 3.06 2.82 2.77 2.88 2.98 3.05 3.22 3.60 4.07 4.54 5.00 5.30 5.36 5.16 4.85 4.63 4.55 4.92 5.46 5.99 6.36 6.58 6.57 6.31 5.79 5.40 5.26 5.26 5.27 5.23
6.01 5.66 5.45 5.88 6.38 6.83 7.19 7.37 7.38 7.16 6.88 6.62 6.30 5.66 5.08 4.81 4.72 4.77 4.95 5.06 4.93 4.58 4.27 4.19 4.34 4.68 5.16 5.68 6.08 6.26 6.21 5.92 5.35 4.57 4.07 4.19 4.62 4.85 4.82 4.97 5.33 5.72 6.04 6.19 6.10 5.88 5.84 6.15 6.09 5.38 4.43 3.87 3.38 2.97 2.68 2.64 2.76 2.93 3.12 3.36 3.72 4.21 4.70 5.08 5.34 5.44 5.38 5.27 5.19 5.14 5.21 5.52 6.07 6.46 6.50 6.22 5.62 4.80 4.10 3.78 3.76 3.94 4.17 4.34
5.89 5.75 5.61 5.70 6.02 6.41 6.62 6.62 6.44 6.36 6.39 6.38 6.27 5.95 5.60 5.32 5.12 4.94 4.85 4.72 4.45 4.14 4.06 4.16 4.41 4.75 5.08 5.24 5.16 4.93 4.58 4.03 3.46 3.06 3.13 3.61 3.92 3.86 3.78 3.94 4.22 4.60 5.03 5.35 5.57 5.67 5.79 5.98 5.79 4.92 3.99 3.19 2.61 2.40 2.48 2.77 3.04 3.22 3.48 3.89 4.34 4.80 5.15 5.37 5.50 5.56 5.59 5.58 5.55 5.52 5.66 6.10 6.49 6.39 5.75 4.82 3.93 3.35 3.09 3.13 3.43 3.80 4.03 4.04
6.01 6.09 5.85 5.54 5.24 5.17 5.08 4.81 4.59 4.71 5.02 5.33 5.53 5.66 5.67 5.54 5.30 4.99 4.68 4.33 3.92 3.74 3.83 4.00 4.15 4.24 4.18 3.93 3.63 3.42 3.19 2.93 2.78 2.79 2.93 3.11 3.20 3.25 3.29 3.39 3.51 3.67 3.89 4.19 4.63 5.33 5.71 5.90 5.63 4.87 3.83 2.95 2.55 2.63 3.01 3.37 3.51 3.59 3.87 4.39 4.96 5.35 5.64 5.85 5.99 6.13 6.18 6.10 5.94 5.84 6.03 6.42 6.30 5.38 4.23 3.50 3.26 3.16 3.21 3.53 4.04 4.52 4.65 4.56
6.13 6.03 5.60 5.08 4.33 3.81 3.43 3.11 3.04 3.19 3.50 3.78 4.14 4.60 5.07 5.28 5.21 4.92 4.53 4.09 3.74 3.63 3.68 3.72 3.68 3.53 3.31 3.13 3.04 3.00 2.97 3.02 3.17 3.31 3.31 3.33 3.40 3.50 3.57 3.61 3.65 3.73 3.90 4.29 4.86 5.61 5.95 5.91 5.40 4.52 3.72 3.27 3.18 3.49 3.90 4.10 4.00 3.99 4.36 5.07 5.68 6.12 6.40 6.57 6.75 6.95 7.00 6.87 6.65 6.49 6.51 6.33 5.42 4.23 3.62 3.61 3.76 3.72 3.77 4.14 4.74 5.17 5.24 5.37
5.95 5.51 4.83 4.26 3.45 2.91 2.71 2.67 2.74 3.04 3.33 3.49 3.72 4.13 4.58 4.89 4.94 4.78 4.45 4.09 3.85 3.72 3.61 3.49 3.37 3.27 3.26 3.36 3.43 3.43 3.41 3.43 3.61 3.89 4.02 4.11 4.20 4.25 4.25 4.32 4.49 4.77 5.09 5.58 6.12 6.42 6.25 5.81 5.11 4.41 3.90 3.75 3.91 4.29 4.69 4.81 4.63 4.70 5.26 6.03 6.73 7.18 7.39 7.43 7.44 7.50 7.57 7.55 7.46 7.19 6.79 6.09 4.86 4.25 4.35 4.65 4.69 4.52 4.50 4.85 5.36 5.74 5.99 6.32
5.69 5.25 4.41 3.61 3.03 2.85 3.11 3.46 3.81 4.22 4.52 4.64 4.79 4.87 4.86 4.76 4.70 4.66 4.50 4.26 4.03 3.79 3.58 3.45 3.45 3.54 3.72 3.90 4.03 4.08 4.04 3.96 4.06 4.37 4.66 4.89 5.01 5.05 5.03 5.17 5.55 5.94 6.37 6.77 6.92 6.60 5.97 5.34 4.85 4.50 4.21 4.20 4.51 5.00 5.36 5.37 5.33 5.57 6.28 7.10 7.71 7.96 7.91 7.76 7.59 7.48 7.47 7.48 7.55 7.39 6.98 6.46 5.76 5.61 5.97 6.24 6.15 5.87 5.81 5.96 6.19 6.46 6.78 7.02
5.61 5.24 4.34 3.53 3.28 3.74 4.49 5.10 5.59 5.95 6.17 6.26 6.20 5.86 5.35 4.90 4.68 4.61 4.54 4.37 4.13 3.88 3.68 3.64 3.77 3.95 4.12 4.30 4.51 4.67 4.74 4.78 4.89 5.09 5.33 5.61 5.84 5.93 6.02 6.28 6.62 6.91 7.07 6.97 6.48 5.60 4.73 4.35 4.44 4.48 4.58 4.81 5.25 5.71 5.88 5.71 5.79 6.31 7.13 7.74 7.97 7.82 7.47 7.20 7.06 7.01 7.06 7.04 7.00 7.02 7.12 7.20 7.40 7.57 7.82 8.05 8.07 7.94 7.79 7.57 7.38 7.31 7.32 7.16
5.31 4.72 3.80 3.45 3.92 4.89 5.89 6.64 7.12 7.26 7.22 7.06 6.79 6.25 5.69 5.23 4.91 4.70 4.57 4.42 4.24 4.09 4.02 4.08 4.19 4.32 4.47 4.70 4.93 5.16 5.43 5.75 6.07 6.34 6.54 6.71 6.75 6.73 6.91 7.20 7.33 7.21 6.84 6.15 5.16 4.14 3.57 3.62 4.23 4.69 5.10 5.52 5.92 6.13 6.07 5.90 6.18 6.90 7.44 7.66 7.36 6.82 6.34 6.11 6.14 6.31 6.45 6.49 6.38 6.44 6.90 7.43 7.95 8.29 8.54 8.84 9.01 8.99 8.79 8.50 8.11 7.79 7.42 6.86
4.47 3.91 3.44 3.81 4.90 6.15 7.05 7.51 7.64 7.47 7.18 6.87 6.54 6.16 5.84 5.52 5.15 4.80 4.60 4.50 4.44 4.47 4.61 4.75 4.84 4.90 5.08 5.30 5.53 5.81 6.24 6.76 7.23 7.58 7.74 7.61 7.36 7.24 7.32 7.35 7.05 6.45 5.63 4.63 3.77 3.33 3.36 3.88 4.69 5.35 5.94 6.42 6.63 6.49 6.24 6.24 6.65 7.07 7.27 6.92 6.25 5.58 5.07 4.79 4.93 5.08 5.18 5.27 5.38 5.61 6.02 6.57 7.14 7.52 7.75 7.97 8.17 8.23 8.23 8.14 7.93 7.56 7.12 6.56
4.46 4.28 4.41 5.22 6.35 7.28 7.65 7.56 7.22 6.72 6.36 6.10 5.86 5.73 5.63 5.44 5.15 4.83 4.70 4.74 4.91 5.20 5.51 5.70 5.80 5.88 6.02 6.20 6.44 6.80 7.30 7.74 7.97 8.00 7.78 7.39 7.15 7.02 6.86 6.41 5.69 4.88 4.01 3.28 3.09 3.39 4.02 4.88 5.56 6.24 6.77 6.99 6.98 6.84 6.59 6.58 6.79 6.86 6.57 5.79 5.00 4.34 3.72 3.49 3.58 3.56 3.48 3.65 4.03 4.39 4.96 5.38 5.63 5.73 5.76 5.85 5.81 5.96 6.20 6.36 6.74 6.93 6.83 6.69
5.28 5.61 6.27 6.89 7.44 7.74 7.47 6.86 6.22 5.82 5.61 5.43 5.25 5.18 5.13 5.05 4.94 4.83 4.89 5.15 5.56 6.02 6.37 6.61 6.69 6.79 6.94 7.15 7.44 7.81 8.11 8.12 7.79 7.22 6.54 6.09 6.17 6.09 5.58 4.74 3.91 3.35 2.95 2.99 3.43 4.04 4.86 5.66 6.36 6.93 7.13 7.11 6.94 6.81 6.72 6.63 6.52 6.22 5.50 4.66 3.89 3.13 2.67 2.69 2.82 2.79 2.79 3.05 3.43 3.82 4.25 4.64 4.76 4.63 4.41 4.28 4.36 4.74 5.07 5.29 5.64 6.12 6.47 6.61
5.97 6.45 7.15 7.44 7.56 7.30 6.71 6.04 5.49 5.29 5.20 5.03 4.87 4.76 4.70 4.72 4.77 4.87 5.06 5.31 5.62 5.93 6.26 6.62 6.85 7.08 7.36 7.67 7.93 8.04 7.87 7.29 6.40 5.59 5.04 4.95 5.01 4.66 3.90 3.24 2.80 2.68 2.91 3.53 4.15 4.78 5.54 6.25 6.86 7.08 6.88 6.54 6.32 6.29 6.30 6.22 5.97 5.50 4.72 3.95 3.21 2.55 2.37 2.58 2.78 2.87 3.10 3.55 3.90 3.99 4.08 4.22 4.26 4.10 3.82 3.71 4.04 4.58 4.80 4.83 5.10 5.40 5.76 5.97
6.43 6.71 7.03 7.10 6.93 6.43 5.84 5.40 5.12 5.00 4.89 4.69 4.57 4.47 4.47 4.57 4.73 4.88 4.98 5.00 5.03 5.11 5.35 5.77 6.34 6.83 7.28 7.55 7.53 7.17 6.47 5.50 4.55 4.00 3.84 3.88 3.65 3.17 2.73 2.61 2.73 3.09 3.70 4.33 4.96 5.61 6.16 6.70 6.98 6.82 6.39 6.03 5.82 5.72 5.70 5.68 5.52 5.13 4.45 3.69 3.07 2.81 3.00 3.37 3.60 3.74 4.09 4.38 4.32 4.13 4.03 4.04 3.95 3.75 3.54 3.62 4.02 4.33 4.27 4.26 4.51 4.68 4.94 5.26
6.81 6.53 6.31 6.34 5.85 5.69 5.26 4.91 4.76 4.67 4.53 4.37 4.24 4.20 4.33 4.54 4.75 4.84 4.83 4.78 4.81 4.95 5.27 5.76 6.35 6.82 6.99 6.85 6.36 5.62 4.71 3.90 3.22 2.91 2.87 2.88 2.73 2.57 2.60 2.88 3.37 3.99 4.55 5.18 5.85 6.38 6.76 6.95 6.81 6.37 5.92 5.62 5.39 5.30 5.37 5.44 5.39 5.10 4.58 3.95 3.61 3.70 4.09 4.43 4.64 4.86 5.04 4.84 4.39 4.22 4.26 4.06 3.74 3.58 3.58 3.70 3.90 3.96 3.85 3.93 4.12 4.23 4.43 4.90
6.99 6.48 5.86 5.78 5.68 5.47 5.23 4.93 4.73 4.63 4.48 4.34 4.22 4.25 4.41 4.64 4.85 4.99 5.08 5.18 5.43 5.86 6.36 6.78 6.97 6.86 6.43 5.76 4.96 4.17 3.37 2.81 2.59 2.60 2.66 2.73 2.83 3.01 3.25 3.58 4.06 4.59 5.22 5.96 6.61 7.05 7.24 6.98 6.50 5.90 5.38 5.03 4.93 5.02 5.25 5.44 5.38 5.19 4.96 4.79 4.79 5.06 5.43 5.70 5.85 5.84 5.61 5.22 4.91 4.89 4.70 4.23 3.72 3.70 3.85 3.81 3.80 3.87 3.91 3.98 4.08 4.16 4.33 4.65
7.14 6.60 5.83 5.61 5.53 5.49 5.48 5.35 5.18 5.12 5.06 4.86 4.80 4.83 4.92 4.96 5.08 5.30 5.56 5.87 6.31 6.79 7.08 7.08 6.77 6.17 5.41 4.55 3.68 2.98 2.55 2.46 2.66 3.01 3.22 3.35 3.51 3.75 4.02 4.26 4.58 5.04 5.77 6.55 7.16 7.42 7.28 6.78 6.12 5.47 4.93 4.71 4.78 5.01 5.25 5.29 5.15 5.23 5.39 5.65 6.12 6.66 7.09 7.34 7.19 6.85 6.37 5.99 5.93 5.74 5.08 4.31 4.02 4.25 4.30 4.01 3.94 4.15 4.29 4.29 4.25 4.24 4.34 4.47
7.09 6.47 5.66 5.41 5.33 5.49 5.58 5.59 5.54 5.52 5.49 5.35 5.34 5.40 5.43 5.37 5.30 5.43 5.77 6.21 6.60 6.76 6.56 6.02 5.39 4.76 4.14 3.43 2.75 2.42 2.49 2.94 3.40 3.70 3.93 4.12 4.29 4.46 4.68 4.81 5.05 5.53 6.34 7.02 7.45 7.42 6.97 6.35 5.80 5.33 4.98 4.86 4.96 5.12 5.10 4.95 4.98 5.37 5.78 6.37 7.10 7.70 8.05 7.91 8.05 7.72 7.32 7.07 6.74 6.20 5.44 4.80 4.77 4.92 4.77 4.51 4.61 4.92 4.98 4.78 4.54 4.37 4.31 4.30
6.80 6.38 5.73 5.42 5.33 5.38 5.49 5.58 5.58 5.49 5.31 5.15 5.19 5.28 5.35 5.33 5.23 5.29 5.63 5.99 6.07 5.74 5.09 4.40 3.83 3.38 2.98 2.61 2.42 2.60 3.21 3.87 4.24 4.45 4.61 4.78 4.98 5.13 5.20 5.31 5.60 6.13 6.74 7.24 7.29 6.86 6.20 5.78 5.65 5.53 5.42 5.42 5.35 5.33 5.16 5.06 5.27 5.73 6.14 6.80 7.43 7.92 8.05 7.88 7.85 7.83 7.75 7.69 7.38 6.89 6.49 6.21 6.05 5.75 5.34 5.28 5.62 5.92 5.72 5.24 4.73 4.35 4.11 4.12
6.83 6.62 6.11 5.75 5.62 5.52 5.51 5.57 5.55 5.42 5.18 4.98 4.94 4.95 4.94 4.90 4.94 5.12 5.40 5.41 4.96 4.17 3.42 2.87 2.43 2.11 1.92 1.99 2.45 3.26 4.11 4.64 4.93 5.10 5.24 5.38 5.46 5.47 5.50 5.65 6.05 6.49 6.95 7.11 6.78 6.00 5.53 5.39 5.49 5.74 5.78 5.78 5.80 5.70 5.52 5.45 5.55 5.87 6.28 6.88 7.22 7.18 6.68 6.42 6.62 7.08 7.44 7.71 7.89 7.88 7.87 7.71 7.30 6.79 6.37 6.41 6.59 6.47 5.94 5.11 4.47 4.12 3.97 3.93
7.03 6.68 6.16 5.90 5.82 5.76 5.63 5.56 5.56 5.57 5.51 5.35 5.21 5.04 4.86 4.70 4.76 4.97 4.98 4.51 3.63 2.77 2.13 1.75 1.54 1.46 1.56 1.94 2.62 3.47 4.24 4.65 4.91 5.13 5.34 5.51 5.48 5.44 5.48 5.74 6.18 6.67 7.02 6.91 6.44 5.79 5.42 5.31 5.39 5.58 5.82 5.88 6.01 5.94 5.74 5.50 5.46 5.60 6.03 6.51 6.63 6.18 5.54 5.31 5.46 5.96 6.60 7.13 7.58 7.91 8.17 8.23 7.93 7.60 7.41 7.32 6.97 6.25 5.36 4.60 4.22 4.04 3.87 3.69
6.87 6.30 5.63 5.58 5.65 5.65 5.51 5.36 5.40 5.54 5.64 5.54 5.37 5.16 4.96 4.77 4.74 4.70 4.34 3.56 2.78 2.18 1.82 1.68 1.67 1.78 2.09 2.51 2.98 3.40 3.74 3.99 4.18 4.39 4.62 4.82 4.95 5.06 5.30 5.73 6.16 6.66 6.85 6.52 6.03 5.59 5.23 5.16 5.21 5.32 5.49 5.79 5.89 5.82 5.58 5.22 5.09 5.14 5.59 6.02 5.97 5.35 4.86 4.90 5.20 5.51 5.79 6.03 6.37 6.71 6.99 7.22 7.44 7.53 7.55 7.40 6.67 5.63 4.92 4.59 4.39 4.02 3.61 3.54
6.20 5.77 5.32 5.30 5.24 5.04 4.85 4.82 4.88 5.09 5.28 5.31 5.19 5.03 4.93 4.80 4.68 4.42 3.90 3.30 2.87 2.64 2.53 2.53 2.60 2.78 3.03 3.34 3.58 3.70 3.78 3.78 3.76 3.78 3.87 4.08 4.45 4.75 5.16 5.63 6.04 6.36 6.22 5.49 4.71 4.40 4.41 4.53 4.67 4.98 5.22 5.48 5.59 5.40 5.10 4.81 4.68 4.85 5.22 5.58 5.49 4.90 4.66 4.79 5.11 5.33 5.28 5.13 5.16 5.34 5.33 5.54 6.07 6.63 6.91 6.88 6.39 5.67 5.20 4.97 4.43 3.78 3.51 3.76
5.67 5.67 5.67 5.54 5.10 4.65 4.47 4.43 4.42 4.55 4.81 5.00 5.03 4.95 4.86 4.68 4.51 4.24 3.89 3.62 3.55 3.57 3.63 3.68 3.76 3.88 4.04 4.16 4.27 4.37 4.36 4.20 3.96 3.77 3.75 3.98 4.35 4.68 5.11 5.53 5.82 5.84 5.26 4.12 3.49 3.52 3.82 4.15 4.50 4.80 5.08 5.26 5.19 4.97 4.68 4.58 4.61 4.85 5.07 5.33 5.35 5.10 4.97 4.94 4.95 4.80 4.57 4.45 4.54 4.68 4.71 4.80 5.16 5.64 5.82 6.04 6.24 6.13 5.76 5.17 4.32 3.88 4.08 4.57
5.92 6.18 6.42 6.18 5.70 5.06 4.67 4.47 4.29 4.20 4.29 4.56 4.78 4.87 4.77 4.53 4.36 4.22 4.15 4.24 4.41 4.61 4.77 4.89 4.97 4.95 4.88 4.81 4.75 4.72 4.68 4.53 4.31 4.12 4.05 4.19 4.53 4.86 5.28 5.57 5.62 5.32 4.57 3.71 3.56 3.92 4.40 4.88 5.15 5.18 5.13 5.10 4.92 4.76 4.61 4.62 4.68 4.91 5.05 5.32 5.51 5.48 5.21 4.83 4.49 4.20 4.02 4.03 4.27 4.50 4.59 4.71 4.88 5.09 5.16 5.43 5.97 6.30 6.23 5.78 5.15 5.03 5.40 5.80
6.40 6.65 6.81 6.51 6.05 5.48 5.02 4.65 4.32 4.01 3.85 3.96 4.27 4.51 4.57 4.41 4.30 4.33 4.55 4.93 5.28 5.61 5.87 6.05 6.06 5.94 5.73 5.47 5.18 4.94 4.74 4.60 4.54 4.60 4.74 4.86 5.07 5.40 5.76 5.89 5.77 5.35 4.72 4.44 4.75 5.28 5.77 6.02 6.00 5.60 5.25 4.98 4.87 4.73 4.64 4.67 4.73 4.96 5.17 5.58 5.80 5.67 5.21 4.63 4.14 3.83 3.80 3.95 4.19 4.39 4.47 4.55 4.76 4.81 4.89 5.12 5.56 6.10 6.48 6.77 6.88 6.81 6.79 6.84
6.67 6.74 6.55 6.15 5.71 5.27 4.97 4.64 4.24 3.84 3.64 3.63 3.78 4.06 4.25 4.28 4.24 4.37 4.78 5.31 5.74 6.07 6.31 6.46 6.46 6.37 6.22 5.97 5.65 5.32 4.99 4.74 4.71 4.92 5.15 5.39 5.70 6.03 6.28 6.47 6.52 6.23 5.92 5.79 6.10 6.55 6.74 6.50 6.09 5.61 5.21 4.99 4.86 4.77 4.67 4.68 4.76 5.08 5.41 5.85 5.98 5.75 5.26 4.74 4.27 4.01 3.97 4.05 4.16 4.32 4.34 4.30 4.50 4.68 4.78 4.96 5.30 5.73 6.40 7.12 7.66 7.68 7.39 7.00
