project/data/elevation/US_DEM2016/US_DEM2016_point_11-01-2019_2028_30m_vel.asc
ncols	125
nrows	167
xllcorner	-2042055.000000
yllcorner	1465035.000000
cellsize	30.000000
NODATA_value	-9999.000000
[rows 114 to 151 of 167, columns 0 to 83 of 125]
4.73 4.73 4.76 4.84 4.99 5.21 5.30 5.00 4.51 4.03 3.63 3.28 3.02 2.87 2.93 3.29 3.88 4.46 4.88 5.17 5.36 5.27 4.92 4.76 4.98 5.15 5.12 5.09 5.11 5.08 4.98 4.72 4.36 4.09 3.98 4.03 4.26 4.55 4.77 4.93 5.10 5.29 5.48 5.57 5.39 4.99 4.70 4.61 4.63 4.71 4.79 4.77 4.65 4.43 4.11 3.88 3.85 4.06 4.36 4.57 4.65 4.63 4.55 4.47 4.45 4.50 4.55 4.48 4.29 4.12 4.03 3.98 3.99 4.01 4.01 3.95 3.86 3.80 3.81 3.88 3.82 3.58 3.41 3.31
4.84 4.86 4.89 4.90 4.92 4.92 4.74 4.31 3.80 3.40 3.09 2.89 2.76 2.89 3.40 4.15 4.85 5.37 5.71 5.79 5.55 5.03 4.46 4.36 4.58 4.65 4.59 4.64 4.78 4.97 5.17 5.24 5.09 4.67 4.21 4.10 4.38 4.75 5.00 5.17 5.32 5.44 5.50 5.41 5.07 4.59 4.27 4.24 4.38 4.60 4.87 4.96 4.92 4.75 4.42 3.99 3.74 3.81 4.02 4.22 4.42 4.58 4.68 4.71 4.71 4.68 4.56 4.34 4.15 4.04 4.01 4.02 4.05 4.05 4.00 3.94 3.91 3.91 3.93 3.90 3.74 3.53 3.40 3.29
4.91 4.93 4.93 4.89 4.79 4.61 4.32 3.98 3.80 3.78 3.79 3.77 3.92 4.37 5.03 5.68 6.10 6.19 6.07 5.74 5.24 4.71 4.29 4.11 4.11 4.02 4.02 4.21 4.41 4.60 4.82 5.07 5.24 5.22 5.03 4.95 5.03 5.15 5.23 5.28 5.29 5.29 5.29 5.18 4.88 4.49 4.16 4.09 4.29 4.61 4.89 5.03 5.05 5.04 4.97 4.83 4.62 4.43 4.32 4.32 4.41 4.50 4.58 4.65 4.69 4.65 4.48 4.24 4.05 3.93 3.89 3.92 3.97 4.02 4.02 4.01 4.02 4.05 4.08 4.08 4.06 4.00 3.99 4.02
4.92 4.88 4.83 4.78 4.66 4.45 4.24 4.10 4.15 4.36 4.65 5.02 5.49 5.98 6.35 6.50 6.37 6.01 5.60 5.14 4.76 4.61 4.55 4.39 4.15 3.94 3.84 3.94 4.09 4.16 4.21 4.39 4.76 5.16 5.40 5.46 5.35 5.17 5.03 4.96 4.92 4.96 5.05 5.01 4.81 4.55 4.25 4.12 4.29 4.57 4.72 4.75 4.82 4.96 5.13 5.28 5.35 5.30 5.10 4.85 4.68 4.56 4.49 4.45 4.44 4.37 4.22 4.05 3.94 3.89 3.86 3.85 3.89 3.98 4.07 4.14 4.19 4.22 4.27 4.39 4.58 4.72 4.82 4.95
4.86 4.77 4.69 4.66 4.60 4.50 4.43 4.38 4.38 4.54 4.97 5.57 6.11 6.39 6.38 6.07 5.51 5.04 4.76 4.47 4.36 4.46 4.62 4.65 4.54 4.30 4.06 3.93 4.00 4.00 3.88 3.85 4.08 4.54 4.93 5.09 5.02 4.86 4.74 4.69 4.72 4.84 4.95 4.86 4.64 4.47 4.33 4.19 4.25 4.38 4.41 4.37 4.41 4.60 4.86 5.09 5.29 5.41 5.40 5.23 4.95 4.67 4.43 4.25 4.09 3.91 3.75 3.78 3.93 4.04 4.06 4.03 4.02 4.08 4.18 4.26 4.34 4.39 4.48 4.64 4.81 4.96 5.11 5.21
4.78 4.70 4.63 4.62 4.60 4.59 4.61 4.58 4.59 4.80 5.28 5.74 5.94 5.84 5.52 5.06 4.67 4.43 4.20 4.00 3.98 4.06 4.19 4.37 4.45 4.37 4.21 4.14 4.19 4.23 4.11 3.91 3.85 3.95 4.22 4.47 4.61 4.65 4.70 4.75 4.80 4.88 4.88 4.68 4.43 4.34 4.35 4.31 4.29 4.28 4.21 4.16 4.24 4.44 4.67 4.84 4.93 4.97 5.03 5.06 4.94 4.66 4.38 4.13 3.85 3.64 3.65 3.90 4.16 4.30 4.34 4.32 4.27 4.24 4.24 4.28 4.32 4.36 4.46 4.57 4.60 4.61 4.66 4.67
4.73 4.69 4.67 4.65 4.61 4.65 4.74 4.78 4.89 5.22 5.59 5.71 5.52 5.20 4.83 4.52 4.35 4.17 3.92 3.76 3.70 3.71 3.84 4.03 4.11 4.13 4.20 4.31 4.38 4.41 4.40 4.26 4.02 3.86 3.82 3.98 4.26 4.50 4.71 4.83 4.88 4.91 4.80 4.50 4.24 4.17 4.26 4.31 4.28 4.23 4.18 4.19 4.31 4.48 4.60 4.68 4.66 4.58 4.55 4.60 4.61 4.51 4.37 4.20 4.05 4.05 4.21 4.38 4.44 4.41 4.39 4.39 4.35 4.28 4.21 4.15 4.11 4.16 4.28 4.36 4.33 4.25 4.23 4.18
4.77 4.77 4.74 4.66 4.62 4.70 4.86 5.02 5.25 5.56 5.68 5.51 5.22 4.96 4.69 4.46 4.23 4.01 3.90 3.93 4.00 4.07 4.14 4.12 4.05 4.07 4.23 4.36 4.36 4.35 4.41 4.44 4.36 4.16 3.92 3.86 4.08 4.37 4.60 4.74 4.83 4.86 4.66 4.28 3.98 3.89 3.99 4.07 4.08 4.09 4.15 4.21 4.28 4.31 4.31 4.36 4.42 4.40 4.35 4.31 4.34 4.38 4.43 4.46 4.55 4.66 4.71 4.67 4.53 4.38 4.29 4.27 4.28 4.26 4.20 4.11 4.08 4.16 4.26 4.23 4.11 4.04 4.05 4.05
4.82 4.81 4.72 4.63 4.62 4.72 4.91 5.19 5.55 5.69 5.56 5.28 5.04 4.82 4.57 4.30 4.09 4.05 4.23 4.45 4.56 4.54 4.43 4.27 4.16 4.16 4.23 4.28 4.27 4.24 4.30 4.38 4.42 4.36 4.23 4.16 4.24 4.38 4.48 4.60 4.70 4.63 4.26 3.80 3.56 3.55 3.69 3.82 3.88 3.90 3.93 3.94 3.88 3.83 3.83 3.92 4.11 4.27 4.32 4.30 4.31 4.38 4.47 4.55 4.62 4.66 4.66 4.62 4.55 4.45 4.34 4.25 4.22 4.21 4.18 4.16 4.18 4.21 4.13 3.95 3.79 3.74 3.77 3.82
4.74 4.68 4.59 4.55 4.61 4.74 4.91 5.14 5.38 5.39 5.18 4.93 4.72 4.45 4.12 3.98 4.08 4.27 4.43 4.46 4.36 4.25 4.23 4.31 4.39 4.38 4.27 4.20 4.18 4.14 4.14 4.16 4.18 4.25 4.36 4.46 4.49 4.46 4.58 4.50 4.46 4.09 3.50 3.15 3.12 3.27 3.47 3.68 3.78 3.75 3.69 3.60 3.46 3.37 3.40 3.53 3.77 4.01 4.14 4.21 4.29 4.39 4.45 4.44 4.43 4.48 4.54 4.56 4.54 4.49 4.43 4.32 4.22 4.11 4.03 4.03 3.99 3.87 3.69 3.54 3.51 3.53 3.53 3.52
4.68 4.66 4.62 4.60 4.64 4.73 4.82 4.90 4.90 4.76 4.58 4.47 4.31 4.00 3.78 3.93 4.12 4.16 4.01 3.77 3.64 3.75 4.04 4.35 4.51 4.55 4.47 4.34 4.22 4.08 4.04 4.06 4.09 4.19 4.30 4.38 4.38 4.36 4.31 4.30 4.04 3.48 3.09 3.06 3.20 3.32 3.46 3.67 3.79 3.82 3.83 3.75 3.57 3.39 3.33 3.43 3.60 3.74 3.89 4.08 4.26 4.40 4.50 4.61 4.71 4.77 4.72 4.59 4.43 4.32 4.30 4.26 4.13 3.95 3.84 3.79 3.68 3.55 3.48 3.47 3.51 3.49 3.38 3.32
4.83 4.89 4.87 4.73 4.64 4.62 4.64 4.61 4.50 4.36 4.44 4.24 4.08 3.82 3.79 3.89 3.79 3.56 3.36 3.26 3.37 3.73 4.17 4.47 4.54 4.56 4.60 4.55 4.39 4.18 4.08 4.10 4.14 4.13 4.05 3.96 3.95 4.01 4.06 3.99 3.72 3.48 3.59 3.83 3.96 3.92 3.90 3.96 4.03 4.09 4.11 4.07 3.97 3.82 3.71 3.69 3.67 3.75 3.96 4.17 4.30 4.42 4.59 4.82 4.92 4.86 4.68 4.48 4.29 4.16 4.10 4.04 3.94 3.81 3.72 3.61 3.50 3.45 3.50 3.56 3.55 3.46 3.39 3.46
4.94 4.94 4.83 4.61 4.47 4.44 4.45 4.41 4.34 4.32 4.30 4.17 3.92 3.72 3.63 3.48 3.23 3.10 3.16 3.36 3.70 4.09 4.46 4.60 4.50 4.43 4.47 4.51 4.44 4.28 4.16 4.15 4.14 4.01 3.81 3.72 3.78 3.92 4.01 3.99 3.96 4.13 4.40 4.55 4.61 4.63 4.60 4.52 4.43 4.34 4.22 4.11 4.07 4.05 4.02 3.95 3.89 3.97 4.15 4.27 4.27 4.35 4.50 4.61 4.52 4.35 4.26 4.25 4.25 4.20 4.06 3.91 3.79 3.73 3.66 3.52 3.34 3.22 3.23 3.34 3.46 3.59 3.76 3.90
4.74 4.56 4.28 4.17 4.19 4.29 4.35 4.32 4.29 4.28 4.42 3.87 3.66 3.56 3.45 3.29 3.22 3.34 3.66 4.13 4.51 4.71 4.75 4.53 4.19 4.09 4.16 4.21 4.22 4.21 4.20 4.19 4.18 4.11 3.99 3.99 4.11 4.22 4.28 4.34 4.44 4.55 4.59 4.63 4.76 4.95 5.07 5.05 4.90 4.67 4.48 4.34 4.23 4.16 4.12 4.08 4.09 4.11 4.16 4.19 4.16 4.20 4.26 4.21 4.06 4.01 4.12 4.28 4.32 4.23 4.04 3.83 3.72 3.66 3.64 3.58 3.47 3.30 3.17 3.22 3.51 3.92 4.19 4.18
4.38 4.09 3.79 3.83 4.03 4.25 4.35 4.30 4.21 4.60 3.92 3.69 3.62 3.72 3.81 3.89 4.04 4.33 4.74 5.10 5.23 5.12 4.78 4.29 3.96 3.91 3.92 3.90 3.94 4.04 4.12 4.15 4.20 4.29 4.37 4.47 4.54 4.52 4.49 4.48 4.46 4.39 4.43 4.62 4.89 5.15 5.35 5.40 5.32 5.16 4.97 4.81 4.64 4.46 4.31 4.21 4.16 4.08 4.03 4.08 4.07 4.10 4.11 4.04 4.01 4.15 4.36 4.42 4.23 3.93 3.73 3.66 3.64 3.61 3.60 3.67 3.77 3.81 3.72 3.67 3.88 4.18 4.26 4.04
4.33 4.15 3.98 4.09 4.30 4.43 4.41 4.31 4.21 4.56 4.00 3.93 4.01 4.23 4.52 4.80 5.07 5.28 5.38 5.35 5.17 4.86 4.47 4.13 4.00 3.97 3.90 3.87 3.94 4.03 4.07 4.07 4.17 4.33 4.48 4.54 4.51 4.45 4.41 4.34 4.25 4.26 4.45 4.74 5.06 5.31 5.42 5.40 5.34 5.25 5.08 4.88 4.71 4.59 4.48 4.37 4.23 4.06 3.95 3.99 4.08 4.14 4.16 4.16 4.25 4.43 4.48 4.25 3.79 3.43 3.36 3.43 3.55 3.64 3.67 3.68 3.75 3.94 4.14 4.25 4.34 4.35 4.17 4.00
4.53 4.55 4.64 4.81 4.88 4.75 4.52 4.37 4.31 4.28 4.25 4.29 4.45 4.71 4.97 5.17 5.29 5.27 5.10 4.80 4.41 4.07 3.90 3.91 4.01 4.06 4.05 4.12 4.24 4.30 4.25 4.21 4.27 4.40 4.43 4.33 4.24 4.25 4.30 4.32 4.34 4.46 4.70 4.94 5.13 5.19 5.10 4.92 4.80 4.75 4.69 4.66 4.66 4.63 4.57 4.49 4.38 4.25 4.08 4.06 4.17 4.26 4.31 4.35 4.46 4.51 4.32 3.87 3.42 3.25 3.29 3.44 3.58 3.72 3.86 3.87 3.79 3.78 4.00 4.34 4.60 4.68 4.66 4.80
4.66 4.78 4.99 5.13 5.09 4.91 4.64 4.45 4.40 4.41 4.44 4.50 4.64 4.81 4.92 4.91 4.81 4.65 4.38 4.00 3.64 3.45 3.51 3.77 4.00 4.13 4.24 4.38 4.52 4.60 4.63 4.66 4.70 4.70 4.64 4.52 4.39 4.36 4.38 4.49 4.68 4.90 5.06 5.09 5.03 4.83 4.52 4.27 4.18 4.27 4.44 4.63 4.74 4.71 4.62 4.55 4.50 4.45 4.33 4.25 4.27 4.36 4.44 4.50 4.51 4.37 4.02 3.59 3.39 3.40 3.52 3.66 3.75 3.81 3.90 4.00 4.05 4.00 4.04 4.34 4.81 5.20 5.45 5.65
4.71 4.82 4.98 5.02 4.99 4.94 4.83 4.65 4.55 4.56 4.56 4.54 4.55 4.56 4.51 4.47 4.40 4.17 3.81 3.51 3.40 3.47 3.70 3.97 4.14 4.24 4.35 4.47 4.58 4.72 4.89 5.05 5.11 5.06 4.99 4.93 4.81 4.69 4.58 4.66 4.89 5.06 5.06 4.96 4.76 4.44 4.08 3.88 3.90 4.14 4.49 4.74 4.80 4.73 4.65 4.61 4.58 4.55 4.47 4.36 4.34 4.42 4.51 4.52 4.45 4.21 3.80 3.51 3.48 3.60 3.73 3.82 3.89 3.94 3.92 3.94 4.13 4.39 4.60 4.87 5.28 5.53 5.57 5.48
4.81 4.94 5.12 5.16 5.13 5.05 5.01 4.97 4.89 4.78 4.63 4.47 4.33 4.23 4.23 4.29 4.23 3.98 3.74 3.74 3.91 4.09 4.24 4.33 4.36 4.38 4.44 4.51 4.61 4.74 4.90 5.04 5.11 5.12 5.16 5.23 5.25 5.15 4.94 4.82 4.87 4.87 4.82 4.76 4.54 4.22 3.96 3.86 3.96 4.26 4.64 4.86 4.89 4.83 4.76 4.70 4.63 4.56 4.44 4.35 4.33 4.37 4.41 4.41 4.35 4.14 3.84 3.69 3.71 3.82 3.92 3.93 3.93 3.97 4.02 4.10 4.27 4.62 5.08 5.48 5.65 5.44 5.02 4.72
5.01 5.18 5.41 5.43 5.31 5.10 5.04 5.09 5.07 4.86 4.59 4.37 4.22 4.18 4.23 4.23 4.08 3.96 4.04 4.28 4.49 4.56 4.58 4.59 4.57 4.55 4.56 4.60 4.67 4.78 4.88 4.91 4.89 4.97 5.19 5.46 5.64 5.64 5.46 5.14 4.91 4.76 4.71 4.60 4.32 4.07 3.99 4.03 4.20 4.53 4.84 4.98 5.02 4.98 4.89 4.77 4.65 4.53 4.39 4.34 4.32 4.61 4.30 4.30 4.26 4.14 4.02 4.02 4.08 4.13 4.14 4.11 4.04 4.00 4.12 4.38 4.68 5.06 5.56 5.89 5.75 5.20 4.58 4.21
5.13 5.20 5.30 5.30 5.23 5.06 4.93 4.89 4.83 4.66 4.46 4.34 4.32 4.34 4.29 4.10 3.96 4.06 4.32 4.50 4.55 4.56 4.62 4.69 4.68 4.63 4.60 4.59 4.64 4.77 4.89 4.89 4.87 4.96 5.18 5.42 5.60 5.71 5.72 5.51 5.08 4.73 4.47 4.20 3.96 3.92 4.03 4.17 4.41 4.76 5.00 5.04 5.03 5.01 4.94 4.82 4.67 4.53 4.40 4.39 4.43 4.43 4.37 4.32 4.28 4.23 4.20 4.27 4.36 4.40 4.39 4.37 4.34 4.31 4.38 4.65 5.15 5.76 6.20 6.20 5.78 5.20 4.63 4.19
5.04 4.89 4.67 4.64 4.70 4.71 4.63 4.57 4.55 4.53 4.53 4.60 4.69 4.69 4.46 4.13 3.99 4.09 4.22 4.25 4.33 4.48 4.65 4.74 4.70 4.60 4.51 4.48 4.53 4.65 4.77 4.85 4.91 4.97 5.00 5.00 5.03 5.15 5.29 5.26 4.92 4.46 4.05 3.77 3.71 3.85 4.04 4.21 4.56 4.95 5.06 4.94 4.87 4.90 4.91 4.83 4.68 4.54 4.44 4.47 4.56 4.58 4.51 4.42 4.34 4.29 4.33 4.41 4.51 4.59 4.68 4.79 4.89 4.98 5.08 5.31 5.76 6.26 6.44 6.17 5.73 5.39 5.04 4.62
4.78 4.47 3.95 3.73 3.75 3.91 4.10 4.31 4.51 4.70 4.92 5.12 5.22 5.08 4.70 4.31 4.09 3.98 3.89 3.93 4.16 4.47 4.69 4.75 4.70 4.61 4.51 4.43 4.40 4.44 4.49 4.54 4.60 4.63 4.54 4.40 4.32 4.32 4.35 4.36 4.28 4.07 3.84 3.71 3.78 3.96 4.10 4.33 4.80 5.12 5.02 4.77 4.69 4.74 4.81 4.80 4.71 4.62 4.56 4.62 4.70 4.69 4.62 4.53 4.40 4.34 4.41 4.54 4.65 4.78 4.99 5.29 5.60 5.92 6.17 6.34 6.49 6.55 6.31 5.88 5.67 5.68 5.66 5.49
4.44 4.07 3.49 3.28 3.27 3.43 3.78 4.16 4.48 4.79 5.09 5.26 5.22 4.96 4.62 4.33 4.11 3.94 3.88 4.03 4.29 4.53 4.68 4.73 4.71 4.68 4.63 4.54 4.41 4.34 4.29 4.21 4.14 4.12 4.04 3.88 3.73 3.63 3.57 3.62 3.75 3.85 3.89 3.97 4.16 4.34 4.52 4.84 5.21 5.23 4.94 4.69 4.63 4.66 4.71 4.77 4.80 4.86 4.94 5.01 4.95 4.81 4.70 4.61 4.53 4.49 4.53 4.65 4.79 4.99 5.32 5.74 6.21 6.59 6.82 6.86 6.75 6.49 6.08 5.77 5.80 5.99 6.17 6.29
4.20 3.91 3.53 3.51 3.62 3.81 4.05 4.23 4.39 4.59 4.81 4.89 4.72 4.45 4.29 4.20 4.13 4.08 4.14 4.35 4.55 4.70 4.77 4.76 4.72 4.71 4.75 4.77 4.71 4.54 4.36 4.18 4.04 3.92 3.76 3.53 3.31 3.19 3.22 3.39 3.62 3.86 4.11 4.40 4.67 4.89 5.14 5.38 5.45 5.21 4.85 4.68 4.64 4.62 4.65 4.76 4.91 5.11 5.27 5.26 5.04 4.78 4.64 4.63 4.67 4.68 4.68 4.74 4.90 5.20 5.60 6.01 6.32 6.47 6.50 6.43 6.24 5.98 5.76 5.72 5.82 5.96 6.18 6.46
4.34 4.26 4.28 4.46 4.58 4.62 4.55 4.46 4.45 4.48 4.50 4.44 4.26 4.09 4.04 4.10 4.16 4.22 4.35 4.57 4.74 4.88 4.90 4.81 4.70 4.69 4.76 4.87 4.91 4.82 4.58 4.33 4.10 3.84 3.55 3.29 3.11 3.06 3.18 3.43 3.72 4.07 4.47 4.81 5.03 5.19 5.33 5.40 5.30 4.99 4.70 4.58 4.52 4.48 4.51 4.65 4.85 5.00 5.02 4.85 4.63 4.51 4.50 4.59 4.66 4.70 4.72 4.78 4.92 5.22 5.59 5.80 5.80 5.66 5.51 5.41 5.35 5.36 5.41 5.49 5.50 5.52 5.74 6.04
4.67 4.81 5.13 5.40 5.49 5.36 5.04 4.86 4.78 4.64 4.41 4.14 3.97 3.93 4.00 4.13 4.25 4.37 4.57 4.79 4.94 5.02 4.93 4.76 4.63 4.62 4.70 4.80 4.86 4.83 4.67 4.42 4.12 3.78 3.45 3.25 3.19 3.22 3.35 3.61 4.01 4.53 4.96 5.16 5.20 5.17 5.16 5.13 4.98 4.72 4.49 4.35 4.26 4.26 4.34 4.46 4.58 4.59 4.46 4.25 4.18 4.25 4.40 4.53 4.56 4.57 4.63 4.73 4.85 5.02 5.20 5.16 4.97 4.77 4.64 4.62 4.77 5.02 5.19 5.24 5.20 5.20 5.31 5.42
4.81 5.00 5.31 5.50 5.58 5.56 5.50 5.37 5.16 4.83 4.44 4.11 3.94 3.97 4.12 4.29 4.44 4.62 4.83 4.96 4.99 4.91 4.73 4.56 4.51 4.54 4.60 4.64 4.64 4.62 4.56 4.39 4.15 3.86 3.59 3.44 3.42 3.49 3.65 4.02 4.59 5.09 5.30 5.27 5.14 5.01 4.96 4.94 4.80 4.55 4.32 4.16 4.08 4.17 4.26 4.31 4.27 4.13 3.97 3.88 3.95 4.12 4.32 4.42 4.40 4.39 4.47 4.64 4.82 4.92 4.89 4.69 4.52 4.45 4.44 4.57 4.87 5.14 5.24 5.21 5.20 5.21 5.17 5.13
4.81 4.93 5.11 5.15 5.13 5.16 5.30 5.31 5.13 4.82 4.51 4.28 4.16 4.18 4.33 4.51 4.70 4.87 4.96 4.91 4.74 4.55 4.42 4.39 4.43 4.49 4.49 4.42 4.40 4.43 4.42 4.34 4.21 4.02 3.84 3.76 3.77 3.87 4.15 4.66 5.12 5.26 5.13 4.94 4.83 4.80 4.84 4.86 4.73 4.46 4.23 4.13 4.14 4.22 4.25 4.22 4.07 3.82 3.63 3.63 3.80 4.04 4.21 4.26 4.24 4.28 4.42 4.61 4.79 4.89 4.84 4.71 4.63 4.58 4.62 4.88 5.26 5.48 5.51 5.43 5.37 5.31 5.21 5.21
4.82 4.90 5.02 5.00 4.84 4.64 4.59 4.63 4.65 4.61 4.51 4.40 4.34 4.37 4.47 4.63 4.79 4.87 4.79 4.58 4.36 4.21 4.20 4.34 4.49 4.56 4.53 4.45 4.47 4.48 4.45 4.37 4.24 4.12 4.06 4.09 4.20 4.41 4.73 5.04 5.11 4.90 4.65 4.53 4.57 4.70 4.83 4.84 4.66 4.38 4.19 4.16 4.17 4.21 4.24 4.24 4.17 4.02 3.84 3.79 3.91 4.07 4.15 4.18 4.22 4.32 4.46 4.62 4.70 4.72 4.75 4.80 4.75 4.65 4.72 5.14 5.61 5.78 5.72 5.59 5.46 5.34 5.27 5.34
4.86 4.89 4.87 4.73 4.53 4.25 4.03 3.97 4.07 4.21 4.30 4.33 4.36 4.39 4.46 4.55 4.59 4.50 4.28 4.06 3.93 3.91 4.07 4.39 4.65 4.73 4.73 4.74 4.75 4.68 4.55 4.40 4.25 4.17 4.19 4.30 4.48 4.70 4.86 4.87 4.70 4.49 4.40 4.46 4.59 4.71 4.80 4.77 4.57 4.31 4.15 4.07 4.04 4.13 4.27 4.36 4.44 4.47 4.39 4.34 4.32 4.24 4.20 4.22 4.29 4.39 4.53 4.66 4.69 4.69 4.77 4.85 4.80 4.79 5.07 5.63 6.00 5.93 5.67 5.48 5.36 5.31 5.31 5.32
4.85 4.71 4.34 3.93 3.70 3.62 3.64 3.70 3.78 3.90 4.07 4.24 4.32 4.36 4.40 4.40 4.29 4.09 3.91 3.84 3.86 3.97 4.26 4.63 4.81 4.82 4.82 4.84 4.79 4.64 4.52 4.41 4.29 4.23 4.27 4.38 4.50 4.62 4.66 4.61 4.51 4.41 4.45 4.60 4.69 4.70 4.67 4.58 4.41 4.22 4.03 3.90 3.95 4.17 4.37 4.47 4.58 4.71 4.81 4.84 4.73 4.50 4.35 4.34 4.40 4.48 4.63 4.77 4.89 5.00 5.05 4.99 4.99 5.25 5.77 6.18 6.19 5.83 5.46 5.29 5.26 5.30 5.31 5.16
4.68 4.38 3.87 3.42 3.17 3.28 3.54 3.75 3.85 3.97 4.15 4.27 4.31 4.34 4.39 4.37 4.26 4.21 4.27 4.37 4.43 4.53 4.73 4.86 4.83 4.71 4.65 4.60 4.41 4.24 4.26 4.29 4.29 4.29 4.36 4.45 4.53 4.63 4.71 4.74 4.64 4.51 4.52 4.62 4.63 4.56 4.48 4.36 4.18 3.97 3.80 3.81 4.04 4.33 4.48 4.52 4.58 4.74 4.91 4.99 4.93 4.78 4.63 4.61 4.62 4.64 4.71 4.85 5.02 5.10 5.04 4.98 5.18 5.70 6.17 6.18 5.84 5.42 5.17 5.12 5.17 5.22 5.17 4.97
4.50 4.25 3.97 3.84 3.75 3.77 3.86 3.91 3.95 4.09 4.23 4.27 4.29 4.35 4.44 4.48 4.54 4.68 4.80 4.79 4.69 4.68 4.78 4.81 4.70 4.50 4.33 4.12 3.87 3.78 3.87 4.01 4.19 4.35 4.48 4.57 4.70 4.87 5.01 5.01 4.83 4.60 4.48 4.45 4.41 4.36 4.33 4.22 3.98 3.71 3.65 3.87 4.22 4.43 4.48 4.48 4.55 4.69 4.82 4.90 4.97 5.01 4.98 4.90 4.79 4.70 4.69 4.75 4.79 4.76 4.74 4.96 5.45 5.94 6.02 5.64 5.14 4.87 4.77 4.77 4.84 4.87 4.77 4.65
4.49 4.39 4.29 4.29 4.29 4.29 4.23 4.15 4.13 4.17 4.16 4.16 4.25 4.40 4.55 4.68 4.82 4.89 4.78 4.56 4.42 4.45 4.61 4.73 4.64 4.35 4.00 3.71 3.57 3.61 3.72 3.87 4.14 4.41 4.61 4.75 4.91 5.06 5.11 5.02 4.83 4.62 4.42 4.27 4.19 4.22 4.27 4.14 3.86 3.69 3.76 4.04 4.31 4.41 4.39 4.38 4.46 4.59 4.68 4.77 4.88 4.99 5.00 4.88 4.71 4.61 4.58 4.57 4.55 4.57 4.76 5.22 5.66 5.74 5.43 4.94 4.61 4.50 4.45 4.38 4.37 4.43 4.36 4.19
4.54 4.51 4.46 4.46 4.45 4.49 4.61 4.68 4.65 4.45 4.22 4.13 4.25 4.46 4.66 4.82 4.91 4.85 4.68 4.60 4.69 4.85 4.97 4.97 4.73 4.34 3.96 3.75 3.76 3.87 3.96 4.02 4.19 4.44 4.68 4.86 4.97 4.98 4.89 4.76 4.67 4.58 4.43 4.25 4.17 4.22 4.24 4.08 3.87 3.84 3.98 4.21 4.34 4.34 4.29 4.27 4.31 4.39 4.49 4.60 4.72 4.81 4.80 4.68 4.51 4.43 4.44 4.49 4.57 4.73 5.02 5.33 5.34 5.03 4.72 4.51 4.39 4.37 4.35 4.26 4.20 4.22 4.16 3.96
4.50 4.46 4.47 4.65 4.84 4.97 5.05 4.97 4.70 4.35 4.10 4.14 4.32 4.51 4.66 4.78 4.83 4.85 4.98 5.27 5.54 5.63 5.56 5.34 4.95 4.55 4.30 4.24 4.30 4.36 4.34 4.28 4.29 4.42 4.58 4.67 4.68 4.67 4.62 4.56 4.55 4.57 4.52 4.42 4.36 4.32 4.18 4.03 3.94 3.97 4.13 4.34 4.41 4.37 4.30 4.25 4.22 4.22 4.31 4.47 4.60 4.64 4.59 4.46 4.28 4.24 4.36 4.52 4.67 4.83 4.98 4.95 4.65 4.43 4.38 4.35 4.31 4.33 4.33 4.26 4.17 4.10 4.00 3.87
