project/data/elevation/US_DEM2016/US_DEM2016_point_10-29-2019_1616_30m_vel.asc
ncols	125
nrows	167
xllcorner	-2042055.000000
yllcorner	1465035.000000
cellsize	30.000000
NODATA_value	-9999.000000
[rows 114 to 151 of 167, columns 0 to 83 of 125]
4.14 4.11 4.12 4.17 4.24 4.35 4.36 4.14 3.84 3.55 3.29 3.04 2.89 2.89 3.04 3.27 3.56 3.82 4.02 4.20 4.30 4.25 4.11 4.12 4.37 4.65 4.90 5.10 5.17 5.04 4.83 4.47 3.95 3.56 3.48 3.59 3.81 4.02 4.14 4.21 4.31 4.42 4.49 4.46 4.32 4.21 4.27 4.36 4.42 4.56 4.73 4.76 4.70 4.43 3.97 3.65 3.58 3.72 3.91 4.01 4.02 3.96 3.93 3.95 3.98 4.03 4.10 4.15 4.13 4.10 4.05 4.00 3.96 3.95 3.94 3.93 3.92 3.91 3.96 4.01 3.86 3.47 3.16 3.01
4.21 4.21 4.21 4.18 4.15 4.10 3.95 3.72 3.44 3.17 2.93 2.75 2.67 2.78 3.14 3.61 4.02 4.32 4.54 4.59 4.43 4.17 3.81 3.62 3.79 4.10 4.42 4.75 4.95 5.02 5.10 5.09 4.80 4.18 3.62 3.48 3.69 3.99 4.21 4.35 4.43 4.47 4.45 4.37 4.19 3.96 3.87 4.00 4.17 4.39 4.69 4.88 4.95 4.79 4.31 3.70 3.33 3.29 3.44 3.66 3.85 3.98 4.07 4.12 4.16 4.15 4.12 4.11 4.08 4.03 4.03 4.03 4.02 3.98 3.93 3.91 3.93 3.97 4.03 4.04 3.86 3.45 3.12 2.89
4.26 4.28 4.29 4.22 4.09 3.92 3.72 3.57 3.52 3.53 3.52 3.46 3.49 3.71 4.09 4.51 4.79 4.88 4.80 4.57 4.31 4.17 3.84 3.32 3.17 3.40 3.83 4.29 4.58 4.67 4.80 5.06 5.21 5.04 4.58 4.28 4.22 4.30 4.38 4.43 4.41 4.36 4.29 4.24 4.18 3.97 3.72 3.71 3.93 4.23 4.53 4.86 5.12 5.20 5.00 4.60 4.14 3.77 3.59 3.64 3.77 3.89 3.97 4.03 4.10 4.12 4.10 4.08 4.00 3.88 3.83 3.88 3.94 3.97 3.95 3.94 3.96 4.02 4.13 4.27 4.21 3.88 3.64 3.52
4.23 4.25 4.25 4.18 4.05 3.87 3.72 3.68 3.78 3.98 4.19 4.40 4.62 4.83 4.99 5.02 4.94 4.76 4.52 4.24 4.09 4.20 4.20 3.73 3.20 3.13 3.40 3.88 4.21 4.23 4.15 4.37 4.87 5.22 5.21 4.98 4.72 4.51 4.36 4.26 4.18 4.15 4.12 4.15 4.24 4.19 3.86 3.61 3.71 4.00 4.25 4.54 4.92 5.24 5.33 5.21 5.01 4.75 4.42 4.12 3.97 3.90 3.86 3.84 3.86 3.90 3.93 3.96 3.92 3.77 3.66 3.66 3.75 3.86 3.95 4.00 4.04 4.12 4.26 4.50 4.64 4.58 4.46 4.44
4.17 4.16 4.14 4.11 4.04 3.95 3.87 3.84 3.89 4.04 4.34 4.69 4.97 5.06 4.98 4.73 4.40 4.14 4.00 3.90 3.90 4.06 4.29 4.21 3.79 3.46 3.40 3.65 4.03 4.06 3.76 3.65 4.00 4.63 4.95 4.90 4.64 4.40 4.23 4.12 4.06 4.05 4.06 4.09 4.21 4.33 4.14 3.67 3.53 3.66 3.89 4.16 4.51 4.91 5.19 5.23 5.18 5.12 4.98 4.65 4.28 4.02 3.84 3.70 3.59 3.58 3.62 3.76 3.88 3.85 3.74 3.67 3.70 3.81 3.93 4.04 4.12 4.21 4.36 4.58 4.78 4.87 4.89 4.86
4.11 4.08 4.06 4.06 4.06 4.03 4.00 3.98 4.02 4.15 4.40 4.62 4.68 4.58 4.36 4.13 3.96 3.83 3.73 3.69 3.68 3.76 3.96 4.12 4.00 3.73 3.58 3.71 4.06 4.24 4.02 3.58 3.47 3.79 4.28 4.49 4.41 4.28 4.22 4.17 4.13 4.10 4.05 4.03 4.11 4.29 4.31 3.94 3.55 3.48 3.64 3.91 4.23 4.62 4.97 5.08 4.99 4.90 4.85 4.74 4.48 4.17 3.91 3.68 3.49 3.43 3.55 3.77 3.96 4.02 3.99 3.92 3.87 3.86 3.92 4.00 4.08 4.16 4.26 4.42 4.57 4.61 4.57 4.50
4.08 4.04 4.04 4.06 4.07 4.08 4.10 4.14 4.22 4.37 4.48 4.48 4.34 4.14 3.96 3.87 3.85 3.78 3.69 3.61 3.53 3.52 3.65 3.82 3.81 3.65 3.61 3.75 4.07 4.38 4.39 4.01 3.55 3.42 3.68 4.03 4.17 4.21 4.24 4.25 4.22 4.17 4.08 4.00 4.02 4.15 4.31 4.15 3.73 3.50 3.54 3.80 4.12 4.46 4.79 4.95 4.83 4.60 4.47 4.46 4.39 4.20 4.00 3.82 3.71 3.75 3.89 4.02 4.10 4.12 4.11 4.10 4.03 3.95 3.89 3.87 3.90 3.96 4.07 4.21 4.35 4.33 4.20 4.08
4.12 4.10 4.08 4.08 4.08 4.11 4.20 4.32 4.45 4.53 4.46 4.32 4.18 4.07 4.01 3.97 3.90 3.82 3.79 3.78 3.78 3.81 3.86 3.86 3.77 3.61 3.57 3.66 3.92 4.26 4.48 4.38 4.02 3.70 3.60 3.75 3.96 4.09 4.15 4.18 4.19 4.16 4.08 3.97 3.91 3.94 4.11 4.10 3.78 3.49 3.45 3.64 3.93 4.17 4.45 4.70 4.72 4.51 4.29 4.19 4.18 4.14 4.09 4.08 4.11 4.18 4.21 4.21 4.20 4.15 4.08 4.07 4.05 3.99 3.91 3.85 3.83 3.90 4.01 4.12 4.21 4.19 4.07 3.99
4.16 4.13 4.08 4.06 4.08 4.12 4.22 4.40 4.60 4.58 4.43 4.24 4.13 4.07 4.05 4.00 3.93 3.93 4.02 4.15 4.21 4.19 4.14 4.08 3.91 3.67 3.53 3.54 3.72 4.06 4.35 4.43 4.30 4.08 3.92 3.89 3.97 4.05 4.04 4.06 4.07 4.02 3.91 3.80 3.68 3.66 3.84 3.93 3.72 3.37 3.19 3.23 3.42 3.66 3.95 4.28 4.50 4.48 4.31 4.17 4.12 4.13 4.14 4.15 4.16 4.16 4.16 4.21 4.29 4.28 4.16 4.06 4.02 4.00 3.95 3.93 3.92 3.92 3.92 3.94 4.00 3.96 3.84 3.80
4.09 4.02 3.93 3.95 4.02 4.08 4.16 4.28 4.40 4.39 4.29 4.15 4.01 3.89 3.83 3.84 3.93 4.06 4.16 4.19 4.14 4.07 4.08 4.17 4.16 3.93 3.62 3.48 3.57 3.86 4.18 4.31 4.23 4.13 4.13 4.17 4.17 4.12 4.02 4.00 3.91 3.73 3.56 3.46 3.36 3.38 3.59 3.78 3.68 3.31 2.96 2.78 2.79 3.01 3.38 3.78 4.13 4.29 4.24 4.15 4.12 4.14 4.14 4.07 4.00 4.00 4.07 4.17 4.31 4.39 4.34 4.20 4.08 4.00 3.92 3.90 3.84 3.74 3.66 3.70 3.80 3.75 3.57 3.45
4.08 3.99 3.90 3.91 3.97 4.03 4.06 4.06 4.02 4.00 3.99 3.94 3.80 3.63 3.57 3.74 3.91 3.98 3.92 3.78 3.70 3.75 3.90 4.11 4.26 4.22 3.94 3.63 3.55 3.72 4.05 4.24 4.19 4.07 4.08 4.17 4.18 4.10 3.97 3.89 3.68 3.44 3.36 3.36 3.33 3.34 3.48 3.68 3.69 3.43 3.13 2.90 2.74 2.74 2.96 3.37 3.79 4.02 4.06 4.05 4.08 4.12 4.16 4.20 4.20 4.21 4.22 4.22 4.26 4.31 4.34 4.30 4.16 3.99 3.87 3.79 3.68 3.60 3.60 3.70 3.80 3.72 3.43 3.14
4.22 4.22 4.17 4.05 3.97 3.95 3.93 3.86 3.76 3.72 3.77 3.80 3.71 3.55 3.54 3.65 3.69 3.63 3.49 3.39 3.43 3.62 3.87 4.09 4.27 4.38 4.29 4.03 3.80 3.75 3.96 4.20 4.20 4.00 3.82 3.78 3.82 3.84 3.81 3.70 3.54 3.47 3.61 3.79 3.85 3.79 3.76 3.82 3.82 3.67 3.45 3.27 3.14 3.06 3.10 3.32 3.65 3.95 4.06 4.09 4.08 4.09 4.18 4.34 4.39 4.36 4.27 4.22 4.23 4.23 4.24 4.25 4.15 3.98 3.84 3.71 3.60 3.56 3.63 3.76 3.87 3.78 3.46 3.17
4.29 4.34 4.32 4.12 3.94 3.85 3.81 3.73 3.63 3.61 3.69 3.74 3.68 3.55 3.43 3.34 3.27 3.27 3.29 3.35 3.51 3.71 3.93 4.12 4.28 4.39 4.41 4.30 4.07 3.89 3.94 4.16 4.22 3.95 3.58 3.42 3.48 3.61 3.68 3.65 3.67 3.85 4.08 4.25 4.34 4.36 4.31 4.24 4.12 3.89 3.61 3.38 3.29 3.31 3.36 3.46 3.68 3.99 4.16 4.16 4.08 4.06 4.11 4.17 4.16 4.10 4.05 4.11 4.25 4.32 4.27 4.21 4.10 3.98 3.85 3.69 3.51 3.37 3.37 3.54 3.80 3.91 3.73 3.51
4.12 4.08 3.95 3.84 3.75 3.71 3.70 3.65 3.57 3.52 3.51 3.54 3.56 3.50 3.33 3.19 3.18 3.30 3.50 3.78 3.99 4.10 4.10 4.07 4.08 4.14 4.21 4.21 4.09 3.95 3.96 4.15 4.29 4.15 3.78 3.54 3.56 3.65 3.73 3.81 3.96 4.12 4.22 4.29 4.41 4.55 4.65 4.68 4.58 4.28 3.91 3.61 3.44 3.40 3.43 3.51 3.67 3.94 4.13 4.14 4.05 4.01 3.98 3.91 3.86 3.88 3.95 4.09 4.27 4.39 4.36 4.22 4.09 3.99 3.90 3.83 3.71 3.49 3.31 3.35 3.68 3.99 4.00 3.79
3.90 3.67 3.43 3.41 3.44 3.51 3.58 3.58 3.54 3.46 3.40 3.42 3.53 3.63 3.63 3.62 3.71 3.91 4.17 4.38 4.48 4.44 4.26 4.08 3.93 3.90 3.95 3.97 3.94 3.89 3.90 4.07 4.31 4.36 4.17 3.97 3.88 3.85 3.85 3.91 3.98 4.02 4.10 4.22 4.39 4.56 4.72 4.88 4.98 4.85 4.48 4.15 3.89 3.68 3.57 3.54 3.59 3.74 3.97 4.09 4.02 3.97 3.90 3.82 3.80 3.92 4.04 4.13 4.20 4.27 4.27 4.20 4.10 4.00 3.92 3.93 4.00 4.01 3.83 3.66 3.74 3.94 3.98 3.79
3.99 3.72 3.40 3.37 3.41 3.46 3.49 3.53 3.54 3.51 3.50 3.56 3.72 3.94 4.14 4.29 4.45 4.56 4.59 4.56 4.45 4.31 4.22 4.15 4.00 3.88 3.85 3.87 3.88 3.87 3.85 3.93 4.18 4.35 4.27 4.07 3.90 3.82 3.82 3.84 3.85 3.90 4.01 4.16 4.35 4.51 4.63 4.76 4.97 5.06 4.85 4.46 4.10 3.88 3.75 3.66 3.58 3.58 3.77 3.98 4.02 3.99 3.94 3.91 3.94 4.03 4.07 4.04 4.02 4.03 4.06 4.08 4.05 4.02 3.98 3.90 3.93 4.10 4.21 4.15 4.04 3.96 3.86 3.74
4.24 4.07 3.87 3.86 3.84 3.71 3.55 3.50 3.54 3.58 3.63 3.74 3.93 4.18 4.39 4.53 4.58 4.52 4.39 4.21 3.99 3.81 3.87 3.99 3.97 3.89 3.90 3.98 4.03 4.03 3.98 3.97 4.13 4.31 4.24 3.91 3.64 3.58 3.66 3.77 3.85 3.93 4.05 4.16 4.25 4.31 4.34 4.41 4.60 4.81 4.78 4.47 4.16 3.98 3.89 3.81 3.72 3.68 3.72 3.89 4.02 4.04 4.04 4.05 4.08 4.08 4.01 3.94 3.90 3.93 3.97 4.01 4.00 4.03 4.12 4.07 3.91 3.84 3.99 4.19 4.28 4.28 4.25 4.24
4.35 4.26 4.18 4.17 4.13 4.00 3.76 3.55 3.50 3.56 3.65 3.79 3.96 4.14 4.26 4.27 4.20 4.09 3.95 3.75 3.52 3.42 3.52 3.75 3.85 3.88 3.97 4.12 4.21 4.25 4.28 4.30 4.38 4.48 4.45 4.15 3.75 3.54 3.57 3.74 3.95 4.14 4.24 4.23 4.16 4.05 3.99 4.03 4.21 4.49 4.63 4.51 4.28 4.10 3.99 3.91 3.87 3.86 3.86 3.93 4.02 4.09 4.13 4.16 4.15 4.05 3.93 3.89 3.93 3.98 4.02 4.05 4.07 4.07 4.12 4.19 4.17 4.02 3.90 4.01 4.31 4.64 4.88 4.96
4.36 4.30 4.20 4.13 4.12 4.16 4.07 3.81 3.58 3.55 3.62 3.69 3.77 3.86 3.90 3.93 3.92 3.84 3.69 3.53 3.41 3.43 3.59 3.77 3.86 3.88 3.97 4.12 4.23 4.31 4.43 4.55 4.64 4.74 4.79 4.62 4.20 3.80 3.62 3.72 3.97 4.20 4.27 4.20 4.06 3.92 3.81 3.82 4.02 4.34 4.59 4.59 4.40 4.20 4.07 4.00 3.98 3.99 3.99 3.99 4.02 4.08 4.15 4.18 4.15 4.02 3.88 3.86 3.95 4.03 4.08 4.11 4.15 4.16 4.10 4.09 4.21 4.33 4.33 4.29 4.45 4.73 4.95 4.97
4.40 4.43 4.41 4.31 4.26 4.29 4.33 4.23 3.96 3.74 3.64 3.58 3.53 3.54 3.67 3.81 3.86 3.81 3.74 3.74 3.82 3.90 3.95 3.99 3.99 3.95 3.96 4.06 4.18 4.27 4.35 4.45 4.59 4.77 4.95 4.99 4.77 4.34 3.94 3.82 3.90 4.03 4.11 4.11 4.03 3.93 3.86 3.87 4.03 4.29 4.56 4.67 4.58 4.38 4.23 4.12 4.05 4.03 4.00 3.98 3.99 4.03 4.08 4.11 4.12 4.07 3.97 3.95 4.01 4.09 4.17 4.18 4.15 4.15 4.16 4.15 4.19 4.36 4.59 4.72 4.70 4.58 4.47 4.42
4.45 4.62 4.82 4.76 4.57 4.38 4.39 4.44 4.33 4.02 3.74 3.54 3.41 3.40 3.54 3.71 3.78 3.84 3.95 4.11 4.24 4.26 4.21 4.18 4.15 4.07 4.01 4.05 4.15 4.25 4.29 4.31 4.38 4.61 4.93 5.19 5.25 5.04 4.61 4.18 3.99 3.94 4.02 4.05 4.00 3.95 3.94 4.01 4.15 4.34 4.55 4.76 4.82 4.67 4.43 4.23 4.09 4.02 3.96 3.95 3.96 3.98 4.00 4.03 4.09 4.13 4.12 4.14 4.18 4.23 4.29 4.29 4.19 4.10 4.14 4.27 4.38 4.49 4.72 4.94 4.88 4.55 4.16 3.93
4.36 4.54 4.82 4.91 4.80 4.53 4.37 4.37 4.35 4.15 3.84 3.60 3.45 3.40 3.42 3.49 3.63 3.84 4.08 4.23 4.27 4.27 4.23 4.23 4.23 4.14 4.01 3.97 4.02 4.15 4.27 4.32 4.38 4.54 4.81 5.08 5.30 5.37 5.20 4.78 4.31 4.01 3.88 3.84 3.82 3.86 3.96 4.07 4.21 4.37 4.57 4.80 4.95 4.88 4.64 4.36 4.15 4.02 3.94 3.94 3.96 3.99 4.00 4.02 4.09 4.20 4.25 4.30 4.35 4.40 4.43 4.45 4.39 4.27 4.20 4.28 4.52 4.80 5.01 5.10 5.07 4.84 4.34 3.89
4.15 4.17 4.24 4.43 4.56 4.49 4.29 4.21 4.26 4.24 4.09 3.94 3.81 3.68 3.54 3.47 3.56 3.75 3.92 4.01 4.09 4.16 4.20 4.23 4.24 4.13 3.92 3.78 3.80 3.94 4.11 4.29 4.42 4.51 4.59 4.72 4.91 5.09 5.15 4.96 4.49 4.01 3.68 3.58 3.64 3.75 3.89 4.01 4.18 4.37 4.54 4.71 4.87 4.91 4.78 4.52 4.26 4.07 3.93 3.92 3.98 4.05 4.07 4.07 4.10 4.20 4.30 4.37 4.45 4.54 4.64 4.75 4.77 4.72 4.63 4.60 4.73 4.96 5.07 5.08 5.19 5.23 4.92 4.35
3.96 3.81 3.55 3.51 3.68 3.84 3.90 4.00 4.20 4.39 4.47 4.46 4.39 4.21 3.94 3.70 3.61 3.61 3.62 3.70 3.88 4.06 4.14 4.20 4.23 4.17 3.95 3.69 3.57 3.64 3.78 3.96 4.12 4.23 4.25 4.30 4.40 4.51 4.58 4.51 4.26 3.92 3.63 3.53 3.60 3.73 3.85 4.01 4.22 4.38 4.48 4.58 4.71 4.83 4.84 4.68 4.42 4.18 3.99 3.96 4.04 4.13 4.16 4.15 4.13 4.18 4.29 4.41 4.53 4.66 4.85 5.07 5.24 5.35 5.40 5.36 5.26 5.14 5.00 4.96 5.20 5.55 5.63 5.29
3.86 3.57 3.10 2.91 2.92 3.07 3.35 3.66 3.99 4.33 4.55 4.60 4.53 4.38 4.16 3.90 3.71 3.61 3.61 3.71 3.86 3.99 4.06 4.15 4.25 4.29 4.16 3.86 3.55 3.43 3.47 3.57 3.67 3.78 3.88 3.93 3.97 4.03 4.05 4.04 3.98 3.84 3.70 3.67 3.78 3.95 4.10 4.29 4.41 4.44 4.47 4.54 4.64 4.76 4.84 4.81 4.65 4.47 4.34 4.30 4.28 4.26 4.24 4.23 4.24 4.26 4.32 4.45 4.61 4.79 5.02 5.28 5.54 5.72 5.82 5.77 5.58 5.29 5.01 4.97 5.24 5.70 6.08 6.14
3.96 3.60 3.04 2.84 2.85 2.97 3.16 3.38 3.63 3.93 4.19 4.29 4.25 4.17 4.08 3.94 3.81 3.74 3.77 3.89 4.00 4.07 4.10 4.17 4.28 4.38 4.39 4.24 3.93 3.60 3.46 3.46 3.51 3.57 3.63 3.66 3.67 3.73 3.80 3.85 3.86 3.83 3.84 3.97 4.14 4.32 4.50 4.58 4.53 4.47 4.48 4.54 4.62 4.72 4.81 4.86 4.87 4.83 4.80 4.74 4.58 4.39 4.29 4.29 4.35 4.40 4.41 4.48 4.65 4.88 5.10 5.28 5.41 5.49 5.50 5.42 5.27 5.09 4.94 4.94 5.13 5.51 5.99 6.31
4.33 4.02 3.60 3.50 3.53 3.52 3.44 3.38 3.43 3.59 3.78 3.93 3.97 3.96 3.95 3.92 3.86 3.83 3.86 3.98 4.09 4.20 4.23 4.25 4.30 4.39 4.47 4.47 4.34 4.07 3.75 3.58 3.52 3.48 3.48 3.51 3.53 3.59 3.69 3.78 3.85 3.94 4.09 4.27 4.41 4.52 4.58 4.52 4.41 4.37 4.41 4.46 4.53 4.61 4.70 4.79 4.88 4.91 4.85 4.70 4.51 4.36 4.28 4.28 4.35 4.43 4.45 4.48 4.58 4.78 4.94 4.98 4.91 4.81 4.74 4.67 4.64 4.65 4.65 4.66 4.72 4.98 5.43 5.85
4.61 4.51 4.38 4.38 4.43 4.36 4.06 3.80 3.67 3.63 3.61 3.66 3.76 3.86 3.92 3.94 3.92 3.92 3.98 4.09 4.20 4.29 4.29 4.29 4.30 4.33 4.41 4.48 4.48 4.34 4.07 3.79 3.59 3.49 3.46 3.51 3.57 3.60 3.65 3.76 3.95 4.21 4.43 4.54 4.56 4.52 4.44 4.31 4.22 4.23 4.29 4.31 4.35 4.44 4.54 4.61 4.66 4.66 4.56 4.37 4.26 4.23 4.23 4.23 4.27 4.34 4.40 4.43 4.47 4.52 4.55 4.45 4.30 4.18 4.12 4.14 4.24 4.34 4.36 4.34 4.37 4.56 4.87 5.21
4.58 4.63 4.66 4.65 4.72 4.80 4.76 4.51 4.20 3.91 3.70 3.64 3.72 3.85 3.97 4.03 4.07 4.10 4.15 4.20 4.22 4.20 4.17 4.19 4.22 4.24 4.28 4.35 4.39 4.34 4.18 3.95 3.76 3.65 3.63 3.65 3.67 3.67 3.72 3.90 4.24 4.54 4.67 4.65 4.55 4.44 4.35 4.23 4.15 4.16 4.19 4.20 4.19 4.31 4.41 4.42 4.34 4.25 4.14 4.05 4.02 4.06 4.12 4.14 4.16 4.21 4.28 4.35 4.40 4.39 4.30 4.13 4.02 3.99 4.01 4.10 4.26 4.37 4.35 4.26 4.32 4.45 4.62 4.88
4.43 4.51 4.57 4.48 4.45 4.54 4.75 4.75 4.50 4.15 3.89 3.81 3.85 3.94 4.05 4.15 4.24 4.28 4.27 4.20 4.09 3.99 3.99 4.07 4.15 4.17 4.15 4.14 4.19 4.23 4.17 4.05 3.94 3.87 3.84 3.86 3.88 3.88 3.97 4.22 4.49 4.60 4.56 4.45 4.36 4.31 4.28 4.22 4.15 4.14 4.17 4.17 4.20 4.27 4.33 4.32 4.16 3.90 3.70 3.65 3.69 3.81 3.95 4.04 4.08 4.14 4.21 4.28 4.32 4.34 4.30 4.21 4.14 4.13 4.14 4.23 4.41 4.56 4.57 4.45 4.41 4.45 4.57 4.83
4.31 4.39 4.50 4.47 4.30 4.12 4.16 4.34 4.38 4.24 4.07 3.98 3.98 4.01 4.08 4.19 4.29 4.31 4.23 4.08 3.92 3.83 3.86 4.00 4.14 4.21 4.19 4.14 4.18 4.24 4.23 4.14 4.05 3.99 3.99 4.05 4.17 4.26 4.33 4.40 4.41 4.33 4.25 4.21 4.20 4.21 4.23 4.20 4.15 4.14 4.15 4.18 4.20 4.23 4.29 4.34 4.28 4.05 3.76 3.58 3.53 3.61 3.77 3.92 4.04 4.14 4.20 4.22 4.20 4.18 4.24 4.30 4.27 4.22 4.19 4.26 4.46 4.66 4.75 4.68 4.51 4.42 4.50 4.74
4.24 4.28 4.33 4.33 4.19 3.89 3.70 3.76 3.96 4.07 4.05 4.01 4.00 4.02 4.05 4.11 4.16 4.11 3.96 3.80 3.68 3.63 3.71 3.91 4.14 4.32 4.40 4.38 4.40 4.42 4.37 4.23 4.10 4.04 4.05 4.15 4.31 4.41 4.37 4.22 4.06 4.02 4.07 4.14 4.16 4.16 4.15 4.17 4.16 4.14 4.15 4.14 4.11 4.13 4.26 4.40 4.51 4.49 4.27 4.02 3.79 3.63 3.66 3.81 3.98 4.10 4.17 4.17 4.14 4.11 4.19 4.32 4.35 4.34 4.37 4.47 4.58 4.68 4.77 4.74 4.53 4.38 4.39 4.53
4.19 4.15 3.96 3.68 3.48 3.33 3.26 3.35 3.56 3.76 3.86 3.91 3.96 4.00 4.03 4.01 3.95 3.85 3.73 3.62 3.59 3.63 3.75 3.93 4.11 4.33 4.50 4.53 4.50 4.48 4.46 4.33 4.17 4.10 4.09 4.14 4.22 4.27 4.19 4.01 3.85 3.85 3.97 4.12 4.16 4.12 4.07 4.08 4.14 4.16 4.13 4.07 4.04 4.10 4.26 4.44 4.63 4.75 4.72 4.56 4.26 3.88 3.68 3.72 3.88 4.01 4.10 4.17 4.25 4.33 4.40 4.42 4.49 4.61 4.74 4.78 4.72 4.65 4.70 4.74 4.57 4.39 4.34 4.35
4.11 4.07 3.83 3.29 2.84 2.76 2.88 3.08 3.35 3.63 3.80 3.88 3.94 3.99 4.01 3.97 3.90 3.89 3.94 3.98 3.99 4.00 4.03 4.03 4.04 4.14 4.31 4.37 4.28 4.23 4.32 4.34 4.24 4.16 4.13 4.14 4.17 4.21 4.21 4.11 3.91 3.79 3.85 4.01 4.09 4.07 4.01 3.99 4.02 4.04 4.01 4.00 4.04 4.14 4.27 4.43 4.60 4.75 4.83 4.79 4.62 4.29 3.93 3.81 3.87 3.97 4.07 4.20 4.34 4.44 4.45 4.45 4.55 4.73 4.83 4.77 4.63 4.49 4.52 4.67 4.65 4.45 4.31 4.28
4.10 4.13 4.12 3.78 3.29 3.01 2.95 2.98 3.12 3.42 3.72 3.88 3.93 3.96 3.99 4.01 4.06 4.16 4.28 4.32 4.23 4.10 4.02 3.96 3.90 3.87 3.94 3.97 3.87 3.81 3.95 4.13 4.20 4.18 4.17 4.17 4.23 4.33 4.40 4.36 4.13 3.85 3.72 3.78 3.90 3.96 3.96 3.93 3.91 3.88 3.89 3.97 4.07 4.14 4.21 4.34 4.50 4.64 4.74 4.77 4.76 4.63 4.34 4.07 3.96 3.97 4.04 4.12 4.19 4.22 4.25 4.39 4.59 4.68 4.59 4.45 4.34 4.23 4.20 4.36 4.48 4.36 4.12 4.12
4.17 4.27 4.41 4.26 3.86 3.50 3.22 3.06 3.05 3.20 3.46 3.70 3.84 3.92 4.01 4.11 4.23 4.29 4.28 4.20 4.09 3.93 3.83 3.83 3.80 3.70 3.60 3.57 3.52 3.50 3.63 3.87 4.07 4.17 4.22 4.26 4.33 4.40 4.44 4.43 4.29 3.99 3.70 3.57 3.64 3.79 3.90 3.90 3.85 3.84 3.88 3.98 4.05 4.09 4.12 4.21 4.35 4.50 4.61 4.67 4.70 4.67 4.49 4.18 3.97 3.93 3.96 3.98 3.97 4.01 4.17 4.41 4.54 4.44 4.22 4.10 4.11 4.06 3.99 4.02 4.16 4.15 3.90 3.80
4.24 4.34 4.52 4.48 4.12 3.71 3.53 3.48 3.47 3.40 3.35 3.44 3.64 3.83 4.01 4.16 4.26 4.28 4.25 4.25 4.30 4.28 4.13 3.97 3.84 3.70 3.56 3.52 3.51 3.51 3.59 3.77 3.97 4.13 4.25 4.33 4.36 4.33 4.31 4.33 4.32 4.15 3.83 3.54 3.48 3.63 3.82 3.88 3.89 3.91 3.96 4.01 4.02 4.02 4.02 4.08 4.18 4.30 4.42 4.51 4.54 4.53 4.42 4.15 3.89 3.79 3.81 3.84 3.88 3.99 4.19 4.33 4.25 4.02 3.87 3.90 3.99 4.03 3.98 3.96 4.04 4.07 3.89 3.71
4.22 4.28 4.46 4.63 4.50 4.13 3.92 3.83 3.67 3.42 3.19 3.20 3.42 3.69 3.90 4.04 4.14 4.25 4.42 4.65 4.85 4.88 4.69 4.42 4.15 3.98 3.88 3.86 3.86 3.83 3.79 3.83 3.95 4.08 4.17 4.19 4.16 4.14 4.16 4.24 4.32 4.28 4.05 3.74 3.57 3.60 3.73 3.87 3.94 3.99 4.03 4.07 4.06 4.02 3.98 3.99 4.03 4.10 4.20 4.34 4.42 4.43 4.36 4.11 3.75 3.54 3.57 3.70 3.83 3.94 4.03 4.02 3.87 3.76 3.72 3.78 3.88 3.98 4.03 4.04 4.08 4.08 3.93 3.76
