project/data/elevation/US_DEM2016/US_DEM2016_point_10-30-2019_2043_30m_vel.asc
ncols	125
nrows	167
xllcorner	-2042055.000000
yllcorner	1465035.000000
cellsize	30.000000
NODATA_value	-9999.000000
[rows 111 to 147 of 167, columns 0 to 83 of 125]
8.19 8.18 8.20 8.33 8.57 8.88 9.32 9.92 10.59 10.94 10.86 10.42 9.75 9.03 8.42 8.04 7.83 7.79 7.81 8.01 8.32 8.49 8.60 8.61 8.60 8.49 8.26 8.05 7.97 8.14 8.39 8.60 8.72 8.69 8.48 8.14 7.91 7.89 7.81 7.63 7.51 7.60 7.86 8.31 8.71 8.90 8.95 8.99 9.02 9.13 9.38 9.68 10.02 10.38 10.69 10.69 10.32 9.78 9.13 8.49 8.01 7.70 7.50 7.28 7.00 6.91 7.03 7.19 7.35 7.49 7.58 7.64 7.66 7.63 7.50 7.34 7.25 7.29 7.42 7.50 7.58 7.68 7.71 7.74
8.02 7.93 7.99 8.29 8.66 9.14 9.73 10.18 10.29 9.96 9.38 8.84 8.33 7.83 7.38 7.05 6.85 6.86 7.07 7.38 7.69 8.02 8.21 8.25 8.38 8.56 8.48 8.22 7.96 7.87 7.89 7.97 8.07 8.18 8.25 8.21 8.08 7.99 7.97 8.08 8.27 8.41 8.60 8.95 9.18 9.17 9.02 8.83 8.67 8.62 8.65 8.79 9.01 9.32 9.68 9.87 9.78 9.44 8.97 8.48 8.06 7.73 7.37 7.02 6.85 6.98 7.25 7.44 7.50 7.42 7.32 7.36 7.43 7.42 7.29 7.10 6.95 6.95 7.12 7.31 7.41 7.44 7.41 7.44
7.91 7.84 7.91 8.19 8.54 9.03 9.49 9.53 9.14 8.51 7.88 7.32 6.89 6.52 6.19 6.05 6.25 6.66 7.06 7.43 7.88 8.26 8.21 8.05 8.33 8.73 8.83 8.79 8.65 8.30 7.81 7.25 6.92 7.01 7.38 7.73 7.91 7.98 8.09 8.30 8.48 8.63 8.84 9.11 9.13 8.92 8.65 8.42 8.28 8.26 8.21 8.13 8.05 7.98 7.92 8.10 8.29 8.36 8.37 8.30 8.09 7.73 7.32 7.04 7.05 7.25 7.47 7.58 7.48 7.25 7.10 7.07 7.11 7.15 7.13 7.00 6.82 6.71 6.81 7.04 7.09 6.92 6.73 6.66
7.98 7.96 8.02 8.15 8.36 8.67 8.77 8.33 7.59 6.86 6.22 5.65 5.22 4.98 5.10 5.63 6.48 7.33 7.94 8.37 8.65 8.53 8.06 7.89 8.27 8.60 8.70 8.76 8.84 8.76 8.56 8.10 7.45 6.97 6.84 6.97 7.37 7.81 8.12 8.33 8.57 8.83 9.03 9.06 8.74 8.19 7.87 7.81 7.86 7.99 8.12 8.08 7.92 7.58 7.05 6.67 6.65 7.03 7.50 7.81 7.90 7.82 7.67 7.55 7.51 7.56 7.63 7.56 7.33 7.14 7.05 7.01 7.02 7.07 7.06 6.98 6.86 6.76 6.76 6.84 6.72 6.35 6.03 5.83
8.14 8.17 8.22 8.22 8.23 8.19 7.90 7.27 6.52 5.87 5.36 5.00 4.77 4.94 5.70 6.84 7.89 8.70 9.24 9.41 9.06 8.29 7.41 7.20 7.55 7.74 7.84 8.07 8.34 8.63 8.94 9.05 8.76 8.00 7.19 6.99 7.45 8.05 8.46 8.70 8.90 9.04 9.07 8.86 8.33 7.62 7.19 7.21 7.44 7.79 8.22 8.41 8.41 8.19 7.63 6.87 6.43 6.52 6.86 7.23 7.55 7.78 7.92 7.97 7.96 7.89 7.70 7.42 7.17 7.05 7.03 7.08 7.14 7.13 7.05 6.96 6.93 6.95 6.96 6.89 6.63 6.27 6.00 5.75
8.26 8.30 8.31 8.22 8.05 7.73 7.26 6.78 6.53 6.49 6.47 6.39 6.57 7.21 8.17 9.17 9.85 10.04 9.89 9.43 8.72 7.97 7.27 6.81 6.74 6.69 6.89 7.33 7.70 7.98 8.34 8.80 9.10 9.02 8.61 8.39 8.49 8.70 8.82 8.87 8.85 8.80 8.74 8.55 8.14 7.57 7.04 6.93 7.24 7.74 8.20 8.51 8.68 8.74 8.62 8.33 7.90 7.51 7.30 7.34 7.50 7.65 7.78 7.88 7.96 7.90 7.66 7.34 7.07 6.88 6.83 6.91 7.03 7.11 7.11 7.07 7.09 7.15 7.21 7.22 7.17 7.02 6.94 6.92
8.24 8.22 8.17 8.08 7.87 7.53 7.17 6.96 7.06 7.40 7.83 8.37 9.04 9.73 10.26 10.46 10.30 9.81 9.21 8.54 8.05 7.90 7.80 7.38 6.86 6.56 6.51 6.81 7.11 7.19 7.23 7.59 8.30 8.98 9.30 9.31 9.09 8.80 8.55 8.37 8.26 8.28 8.35 8.31 8.14 7.82 7.29 6.97 7.19 7.62 7.87 8.02 8.29 8.63 8.91 9.10 9.16 9.01 8.64 8.21 7.94 7.75 7.63 7.57 7.55 7.48 7.30 7.09 6.94 6.83 6.77 6.77 6.87 7.04 7.19 7.27 7.34 7.41 7.49 7.69 7.98 8.19 8.32 8.47
8.14 8.04 7.94 7.90 7.79 7.61 7.45 7.36 7.38 7.65 8.30 9.19 9.96 10.35 10.32 9.85 9.02 8.33 7.93 7.55 7.44 7.66 7.94 7.95 7.65 7.20 6.84 6.72 6.91 6.91 6.63 6.58 7.02 7.89 8.56 8.78 8.63 8.33 8.09 7.94 7.92 8.05 8.18 8.12 7.95 7.82 7.53 7.12 7.11 7.26 7.32 7.35 7.56 7.99 8.46 8.81 9.09 9.27 9.23 8.92 8.43 7.97 7.58 7.26 6.99 6.74 6.56 6.65 6.89 7.08 7.11 7.06 7.06 7.17 7.33 7.47 7.59 7.67 7.80 8.03 8.30 8.58 8.83 8.95
8.01 7.90 7.81 7.82 7.79 7.75 7.72 7.66 7.70 8.02 8.70 9.35 9.62 9.46 8.99 8.34 7.79 7.45 7.14 6.89 6.85 6.98 7.24 7.54 7.62 7.43 7.15 7.05 7.20 7.31 7.08 6.65 6.52 6.77 7.35 7.80 7.99 7.99 8.02 8.02 8.04 8.11 8.08 7.86 7.64 7.63 7.63 7.39 7.17 7.08 6.97 6.98 7.20 7.62 8.08 8.40 8.53 8.59 8.68 8.72 8.50 8.03 7.54 7.09 6.63 6.30 6.34 6.75 7.19 7.47 7.57 7.55 7.47 7.41 7.42 7.48 7.55 7.62 7.73 7.85 7.93 8.01 8.11 8.12
7.92 7.86 7.83 7.83 7.79 7.83 7.92 7.98 8.14 8.60 9.10 9.25 8.97 8.49 7.96 7.54 7.34 7.11 6.77 6.52 6.39 6.37 6.57 6.91 7.08 7.08 7.16 7.31 7.48 7.64 7.66 7.33 6.82 6.53 6.58 6.98 7.43 7.77 8.03 8.16 8.19 8.17 7.99 7.63 7.34 7.34 7.51 7.47 7.24 7.04 6.92 6.98 7.27 7.63 7.94 8.14 8.12 7.96 7.91 8.01 8.04 7.84 7.55 7.22 6.96 6.95 7.19 7.46 7.58 7.63 7.67 7.70 7.65 7.51 7.36 7.24 7.20 7.28 7.41 7.49 7.49 7.45 7.41 7.32
7.98 7.97 7.94 7.84 7.79 7.89 8.12 8.36 8.68 9.08 9.20 8.96 8.55 8.17 7.83 7.53 7.23 6.91 6.75 6.76 6.84 6.93 7.03 7.02 6.96 6.99 7.19 7.37 7.44 7.56 7.73 7.75 7.50 7.08 6.72 6.72 7.10 7.53 7.83 8.03 8.12 8.12 7.84 7.35 6.97 6.89 7.07 7.16 7.01 6.87 6.86 6.97 7.16 7.32 7.46 7.67 7.80 7.73 7.60 7.54 7.60 7.64 7.66 7.68 7.78 7.94 8.01 7.93 7.76 7.59 7.52 7.53 7.54 7.49 7.36 7.20 7.13 7.24 7.36 7.32 7.20 7.13 7.13 7.13
8.06 8.03 7.91 7.78 7.78 7.93 8.20 8.62 9.13 9.29 9.08 8.66 8.31 8.02 7.72 7.37 7.07 7.01 7.25 7.59 7.77 7.74 7.55 7.31 7.15 7.12 7.18 7.25 7.27 7.36 7.55 7.69 7.70 7.53 7.28 7.16 7.29 7.51 7.64 7.80 7.92 7.80 7.30 6.69 6.34 6.33 6.57 6.77 6.74 6.61 6.52 6.49 6.47 6.51 6.66 6.95 7.32 7.56 7.60 7.54 7.55 7.62 7.73 7.82 7.90 7.95 7.94 7.88 7.82 7.74 7.62 7.50 7.46 7.44 7.36 7.31 7.32 7.33 7.17 6.92 6.72 6.64 6.68 6.78
7.92 7.83 7.68 7.65 7.75 7.93 8.17 8.50 8.84 8.85 8.55 8.17 7.85 7.49 7.07 6.90 7.05 7.36 7.61 7.68 7.53 7.33 7.26 7.36 7.50 7.47 7.26 7.13 7.11 7.15 7.28 7.35 7.35 7.39 7.52 7.66 7.71 7.66 7.77 7.66 7.55 7.01 6.19 5.70 5.62 5.81 6.16 6.51 6.60 6.42 6.16 5.91 5.70 5.67 5.86 6.22 6.71 7.13 7.34 7.43 7.51 7.63 7.68 7.62 7.55 7.61 7.70 7.76 7.80 7.84 7.80 7.65 7.49 7.32 7.17 7.13 7.05 6.83 6.52 6.31 6.27 6.28 6.26 6.26
7.86 7.80 7.72 7.70 7.78 7.90 8.01 8.10 8.06 7.87 7.64 7.48 7.24 6.80 6.52 6.78 7.10 7.22 7.03 6.65 6.41 6.52 6.89 7.34 7.65 7.77 7.62 7.34 7.14 7.02 7.11 7.21 7.22 7.30 7.45 7.58 7.60 7.54 7.42 7.36 6.93 6.13 5.57 5.52 5.67 5.82 6.05 6.40 6.59 6.56 6.44 6.21 5.88 5.62 5.60 5.88 6.31 6.66 6.94 7.20 7.44 7.62 7.75 7.88 7.99 8.06 8.00 7.83 7.65 7.57 7.62 7.59 7.41 7.10 6.90 6.77 6.56 6.35 6.23 6.23 6.29 6.23 6.03 5.88
8.10 8.20 8.17 7.96 7.80 7.74 7.74 7.66 7.47 7.24 7.37 7.15 6.95 6.56 6.52 6.70 6.61 6.32 5.99 5.77 5.89 6.39 7.01 7.45 7.68 7.83 7.89 7.74 7.45 7.16 7.10 7.24 7.29 7.22 7.07 6.93 6.93 6.99 7.03 6.88 6.46 6.12 6.30 6.69 6.88 6.79 6.72 6.80 6.92 6.99 6.95 6.82 6.61 6.35 6.19 6.21 6.34 6.63 7.01 7.31 7.49 7.63 7.87 8.22 8.37 8.28 8.00 7.70 7.46 7.32 7.30 7.28 7.14 6.91 6.71 6.50 6.29 6.20 6.27 6.39 6.38 6.21 6.04 6.06
8.24 8.29 8.20 7.85 7.57 7.47 7.45 7.36 7.22 7.17 7.17 7.07 6.77 6.48 6.30 6.05 5.70 5.52 5.58 5.82 6.30 6.86 7.37 7.63 7.65 7.65 7.76 7.80 7.63 7.33 7.18 7.27 7.30 7.07 6.69 6.49 6.56 6.78 6.92 6.87 6.82 7.11 7.56 7.84 7.96 7.97 7.87 7.71 7.56 7.39 7.16 6.93 6.82 6.79 6.74 6.66 6.66 6.92 7.26 7.46 7.45 7.54 7.74 7.89 7.77 7.52 7.37 7.36 7.41 7.42 7.28 7.09 6.91 6.78 6.62 6.35 6.04 5.81 5.81 5.98 6.22 6.40 6.58 6.76
7.90 7.69 7.32 7.15 7.12 7.21 7.28 7.23 7.15 7.09 7.28 6.61 6.39 6.23 5.97 5.69 5.59 5.77 6.26 6.97 7.54 7.80 7.82 7.55 7.17 7.12 7.26 7.36 7.34 7.26 7.24 7.31 7.39 7.28 7.01 6.90 7.04 7.21 7.31 7.39 7.57 7.79 7.89 7.98 8.19 8.48 8.66 8.61 8.37 7.98 7.63 7.34 7.13 7.01 6.95 6.90 6.94 7.07 7.24 7.34 7.29 7.33 7.37 7.26 7.04 6.96 7.11 7.37 7.52 7.51 7.30 6.99 6.79 6.67 6.58 6.48 6.26 5.92 5.65 5.70 6.18 6.82 7.24 7.24
7.38 6.93 6.47 6.52 6.77 7.07 7.24 7.19 7.06 7.47 6.58 6.31 6.30 6.43 6.52 6.59 6.83 7.29 7.94 8.49 8.71 8.53 7.97 7.27 6.82 6.77 6.82 6.84 6.92 7.02 7.11 7.22 7.42 7.57 7.64 7.71 7.76 7.71 7.64 7.63 7.63 7.56 7.64 7.91 8.31 8.72 9.04 9.18 9.11 8.87 8.52 8.20 7.88 7.56 7.29 7.12 7.03 6.97 7.02 7.18 7.17 7.17 7.13 7.00 6.93 7.14 7.44 7.58 7.40 7.10 6.87 6.75 6.67 6.59 6.53 6.61 6.77 6.79 6.56 6.40 6.64 7.10 7.29 7.07
7.40 7.07 6.72 6.85 7.13 7.32 7.33 7.22 7.07 7.45 6.73 6.67 6.83 7.19 7.64 8.06 8.49 8.82 8.98 8.95 8.68 8.21 7.62 7.14 6.89 6.81 6.75 6.75 6.86 6.98 7.01 7.06 7.29 7.60 7.80 7.84 7.75 7.63 7.54 7.43 7.30 7.31 7.59 8.02 8.49 8.88 9.09 9.14 9.17 9.10 8.82 8.42 8.08 7.83 7.61 7.40 7.16 6.91 6.86 7.03 7.16 7.21 7.20 7.17 7.27 7.53 7.63 7.34 6.77 6.35 6.29 6.40 6.52 6.61 6.63 6.60 6.70 7.01 7.28 7.35 7.33 7.28 7.09 6.95
7.77 7.73 7.77 8.00 8.11 7.90 7.53 7.29 7.22 7.17 7.13 7.20 7.47 7.91 8.35 8.69 8.87 8.84 8.59 8.13 7.55 7.03 6.79 6.80 6.89 6.94 6.97 7.10 7.27 7.35 7.27 7.22 7.37 7.63 7.71 7.51 7.30 7.28 7.35 7.38 7.40 7.56 7.90 8.25 8.54 8.66 8.57 8.38 8.32 8.36 8.28 8.11 8.01 7.93 7.81 7.65 7.45 7.24 7.03 7.07 7.26 7.37 7.41 7.47 7.60 7.68 7.42 6.83 6.26 6.07 6.15 6.35 6.52 6.70 6.91 6.91 6.73 6.68 6.97 7.43 7.72 7.81 7.84 8.12
7.96 8.09 8.35 8.54 8.51 8.23 7.79 7.43 7.33 7.35 7.41 7.52 7.76 8.07 8.28 8.27 8.12 7.87 7.49 6.92 6.33 6.03 6.11 6.49 6.83 7.06 7.26 7.49 7.70 7.83 7.88 7.91 7.99 8.05 8.03 7.82 7.53 7.41 7.44 7.62 7.89 8.23 8.46 8.49 8.38 8.09 7.68 7.37 7.34 7.59 7.86 8.05 8.15 8.08 7.92 7.78 7.68 7.60 7.42 7.34 7.40 7.52 7.62 7.70 7.72 7.51 7.03 6.47 6.24 6.27 6.44 6.62 6.74 6.82 6.96 7.12 7.15 6.98 6.92 7.28 7.96 8.60 9.08 9.45
8.00 8.14 8.33 8.39 8.35 8.32 8.15 7.81 7.58 7.55 7.56 7.56 7.62 7.67 7.62 7.56 7.47 7.15 6.64 6.17 5.95 6.02 6.36 6.75 7.01 7.21 7.42 7.62 7.80 8.01 8.28 8.51 8.63 8.62 8.60 8.49 8.23 7.94 7.74 7.86 8.21 8.50 8.51 8.32 8.01 7.55 7.03 6.74 6.84 7.30 7.85 8.19 8.26 8.14 8.00 7.90 7.83 7.79 7.68 7.53 7.51 7.61 7.72 7.75 7.65 7.29 6.73 6.37 6.37 6.55 6.73 6.84 6.94 7.01 6.96 6.98 7.24 7.56 7.76 8.03 8.58 9.04 9.25 9.24
8.11 8.31 8.58 8.63 8.58 8.50 8.48 8.39 8.18 7.94 7.69 7.45 7.25 7.12 7.15 7.29 7.24 6.91 6.58 6.55 6.78 7.03 7.19 7.29 7.35 7.41 7.52 7.66 7.83 8.02 8.24 8.45 8.61 8.72 8.86 8.99 8.97 8.72 8.31 8.10 8.18 8.20 8.14 8.04 7.73 7.27 6.88 6.72 6.88 7.37 7.96 8.34 8.43 8.34 8.20 8.07 7.93 7.83 7.67 7.52 7.48 7.52 7.58 7.59 7.51 7.23 6.83 6.63 6.68 6.85 6.99 7.00 6.99 7.03 7.08 7.16 7.36 7.82 8.45 8.95 9.14 8.88 8.38 8.05
8.36 8.67 9.08 9.12 8.92 8.60 8.53 8.61 8.54 8.16 7.69 7.32 7.06 6.97 7.10 7.18 7.04 6.92 7.06 7.42 7.73 7.81 7.75 7.71 7.68 7.67 7.71 7.78 7.89 8.06 8.17 8.20 8.23 8.44 8.86 9.32 9.61 9.58 9.23 8.65 8.27 8.04 7.98 7.83 7.45 7.09 6.94 6.99 7.23 7.68 8.16 8.49 8.66 8.62 8.43 8.20 7.99 7.80 7.59 7.50 7.47 7.77 7.41 7.42 7.40 7.27 7.13 7.14 7.22 7.29 7.32 7.27 7.13 7.02 7.16 7.52 7.91 8.39 9.08 9.56 9.37 8.59 7.71 7.20
8.44 8.63 8.92 9.00 8.90 8.59 8.37 8.29 8.21 7.93 7.55 7.27 7.16 7.18 7.14 6.94 6.83 7.06 7.48 7.76 7.84 7.83 7.83 7.87 7.87 7.82 7.77 7.75 7.81 7.99 8.17 8.19 8.18 8.37 8.77 9.21 9.56 9.77 9.77 9.37 8.63 8.04 7.63 7.25 6.92 6.85 6.99 7.20 7.51 7.98 8.35 8.56 8.69 8.71 8.57 8.32 8.05 7.82 7.60 7.56 7.60 7.59 7.51 7.45 7.44 7.42 7.43 7.53 7.65 7.71 7.69 7.66 7.58 7.47 7.49 7.82 8.53 9.39 10.03 10.07 9.56 8.76 7.89 7.18
8.21 8.06 7.85 7.92 8.10 8.11 7.94 7.80 7.79 7.76 7.70 7.71 7.78 7.76 7.44 6.99 6.85 7.06 7.28 7.37 7.49 7.68 7.84 7.94 7.92 7.79 7.64 7.54 7.58 7.76 7.96 8.14 8.25 8.36 8.43 8.50 8.65 8.92 9.17 9.11 8.50 7.71 7.02 6.59 6.51 6.69 6.96 7.21 7.65 8.18 8.40 8.40 8.44 8.55 8.55 8.39 8.12 7.86 7.64 7.64 7.76 7.81 7.72 7.60 7.51 7.52 7.61 7.74 7.88 8.01 8.16 8.32 8.41 8.47 8.52 8.77 9.35 10.07 10.37 10.08 9.59 9.19 8.65 7.93
7.80 7.38 6.67 6.36 6.49 6.80 7.10 7.38 7.70 8.04 8.34 8.60 8.72 8.51 7.94 7.34 6.99 6.84 6.73 6.80 7.16 7.59 7.86 7.95 7.91 7.81 7.64 7.45 7.34 7.40 7.49 7.61 7.74 7.81 7.70 7.55 7.52 7.60 7.72 7.75 7.56 7.14 6.70 6.44 6.53 6.79 7.00 7.33 7.93 8.37 8.33 8.14 8.15 8.30 8.42 8.38 8.19 7.98 7.81 7.85 7.96 7.98 7.90 7.76 7.59 7.55 7.69 7.90 8.07 8.28 8.63 9.07 9.50 9.90 10.20 10.37 10.48 10.50 10.17 9.67 9.51 9.66 9.68 9.38
7.38 6.84 5.94 5.57 5.56 5.86 6.44 7.04 7.59 8.14 8.61 8.85 8.79 8.43 7.93 7.46 7.07 6.79 6.70 6.90 7.26 7.60 7.80 7.89 7.92 7.92 7.86 7.68 7.38 7.21 7.13 7.03 6.98 6.98 6.92 6.76 6.61 6.54 6.52 6.61 6.74 6.78 6.74 6.79 7.05 7.34 7.62 8.07 8.52 8.54 8.25 8.04 8.06 8.16 8.28 8.34 8.34 8.37 8.43 8.49 8.41 8.21 8.03 7.89 7.78 7.74 7.83 8.03 8.27 8.58 9.08 9.71 10.38 10.92 11.24 11.23 10.97 10.50 9.87 9.50 9.66 10.08 10.48 10.67
7.18 6.70 6.01 5.88 6.01 6.32 6.71 7.04 7.34 7.72 8.11 8.25 8.03 7.68 7.45 7.28 7.11 7.00 7.08 7.37 7.64 7.84 7.90 7.92 7.93 7.99 8.08 8.10 7.93 7.56 7.25 7.00 6.82 6.67 6.48 6.22 5.98 5.88 5.96 6.20 6.48 6.73 7.03 7.44 7.84 8.19 8.58 8.87 8.89 8.56 8.16 8.03 8.06 8.09 8.16 8.31 8.52 8.79 9.01 8.99 8.65 8.23 7.98 7.94 7.99 8.03 8.03 8.14 8.42 8.89 9.48 10.04 10.48 10.70 10.75 10.60 10.25 9.80 9.44 9.40 9.62 9.95 10.43 10.90
7.53 7.31 7.20 7.40 7.58 7.63 7.51 7.36 7.35 7.44 7.54 7.52 7.32 7.12 7.07 7.12 7.16 7.20 7.37 7.67 7.92 8.12 8.12 8.00 7.91 7.94 8.11 8.28 8.32 8.12 7.68 7.28 6.93 6.57 6.20 5.90 5.69 5.64 5.83 6.16 6.54 6.99 7.56 8.07 8.41 8.66 8.86 8.88 8.66 8.25 7.95 7.87 7.87 7.86 7.93 8.13 8.42 8.64 8.69 8.43 8.07 7.85 7.79 7.86 7.97 8.06 8.10 8.18 8.40 8.87 9.39 9.68 9.64 9.41 9.18 9.01 8.90 8.85 8.89 9.00 9.05 9.17 9.62 10.15
8.05 8.18 8.55 8.94 9.11 8.94 8.41 8.06 7.89 7.68 7.35 7.04 6.88 6.89 6.99 7.13 7.26 7.40 7.66 7.98 8.22 8.34 8.19 7.96 7.81 7.82 7.98 8.17 8.28 8.23 7.94 7.49 7.01 6.53 6.11 5.87 5.81 5.84 6.00 6.33 6.90 7.65 8.30 8.62 8.69 8.65 8.58 8.44 8.18 7.87 7.65 7.53 7.46 7.49 7.63 7.82 7.99 8.03 7.84 7.52 7.39 7.46 7.61 7.75 7.81 7.86 7.97 8.10 8.26 8.50 8.74 8.65 8.32 7.99 7.77 7.74 7.95 8.27 8.49 8.57 8.54 8.59 8.83 9.09
8.19 8.44 8.85 9.14 9.31 9.35 9.26 8.99 8.60 8.06 7.47 7.02 6.84 6.93 7.14 7.36 7.55 7.78 8.06 8.25 8.30 8.19 7.91 7.67 7.59 7.66 7.78 7.89 7.95 7.94 7.83 7.53 7.14 6.73 6.36 6.17 6.13 6.19 6.38 6.89 7.74 8.50 8.85 8.83 8.63 8.41 8.28 8.16 7.93 7.65 7.43 7.27 7.17 7.32 7.48 7.57 7.50 7.30 7.06 6.93 6.99 7.21 7.45 7.58 7.58 7.60 7.74 7.97 8.19 8.31 8.22 7.89 7.60 7.47 7.45 7.62 8.02 8.39 8.53 8.52 8.55 8.58 8.57 8.60
8.09 8.28 8.53 8.59 8.61 8.68 8.96 8.98 8.67 8.15 7.66 7.32 7.16 7.22 7.44 7.70 7.95 8.18 8.30 8.21 7.95 7.65 7.45 7.39 7.45 7.54 7.58 7.52 7.55 7.63 7.63 7.51 7.31 7.03 6.78 6.64 6.64 6.74 7.10 7.84 8.53 8.77 8.61 8.34 8.16 8.08 8.09 8.06 7.87 7.56 7.33 7.22 7.26 7.38 7.44 7.42 7.20 6.79 6.47 6.44 6.65 6.98 7.25 7.35 7.36 7.45 7.65 7.90 8.13 8.25 8.14 7.93 7.78 7.69 7.73 8.05 8.56 8.90 8.98 8.90 8.83 8.74 8.63 8.70
8.05 8.19 8.40 8.40 8.17 7.84 7.78 7.91 7.98 7.90 7.71 7.53 7.45 7.49 7.64 7.88 8.12 8.22 8.09 7.76 7.40 7.14 7.10 7.29 7.51 7.63 7.63 7.55 7.60 7.69 7.68 7.58 7.41 7.22 7.12 7.15 7.31 7.59 8.01 8.41 8.50 8.22 7.89 7.71 7.74 7.89 8.06 8.05 7.80 7.49 7.29 7.28 7.31 7.37 7.42 7.44 7.38 7.13 6.79 6.62 6.73 6.94 7.11 7.22 7.33 7.48 7.68 7.87 7.95 7.95 8.00 8.07 7.99 7.82 7.87 8.36 9.02 9.34 9.36 9.23 9.02 8.82 8.72 8.87
8.08 8.14 8.17 8.03 7.77 7.28 6.90 6.82 7.04 7.30 7.43 7.46 7.49 7.53 7.62 7.75 7.82 7.68 7.33 6.97 6.72 6.63 6.82 7.28 7.71 7.91 7.99 8.02 8.07 8.02 7.87 7.66 7.43 7.30 7.31 7.46 7.74 8.05 8.21 8.13 7.85 7.59 7.50 7.59 7.74 7.89 8.00 7.96 7.71 7.41 7.25 7.16 7.10 7.20 7.42 7.61 7.80 7.87 7.71 7.54 7.40 7.22 7.16 7.24 7.38 7.54 7.73 7.87 7.88 7.86 7.98 8.14 8.08 8.04 8.33 9.04 9.58 9.58 9.33 9.12 8.92 8.79 8.77 8.78
8.07 7.89 7.39 6.78 6.45 6.30 6.25 6.33 6.50 6.75 7.05 7.29 7.42 7.48 7.54 7.52 7.34 7.03 6.73 6.57 6.55 6.68 7.05 7.59 7.92 8.05 8.16 8.24 8.19 8.01 7.86 7.69 7.50 7.40 7.44 7.57 7.75 7.88 7.87 7.72 7.54 7.43 7.53 7.75 7.89 7.89 7.82 7.69 7.52 7.34 7.12 6.92 6.94 7.22 7.54 7.77 8.02 8.28 8.42 8.40 8.15 7.69 7.38 7.37 7.47 7.62 7.82 8.00 8.17 8.34 8.42 8.36 8.39 8.72 9.35 9.85 9.89 9.47 9.05 8.88 8.80 8.80 8.78 8.55
7.83 7.46 6.77 6.01 5.53 5.65 6.02 6.33 6.56 6.82 7.11 7.31 7.38 7.44 7.50 7.44 7.27 7.17 7.26 7.39 7.45 7.58 7.80 7.95 7.93 7.85 7.88 7.88 7.63 7.41 7.47 7.53 7.52 7.50 7.56 7.66 7.76 7.86 7.94 7.95 7.78 7.58 7.61 7.77 7.82 7.73 7.58 7.41 7.21 7.00 6.78 6.76 7.02 7.41 7.67 7.83 8.03 8.31 8.58 8.67 8.55 8.23 7.86 7.74 7.76 7.81 7.92 8.13 8.39 8.53 8.47 8.38 8.65 9.32 9.90 9.89 9.44 8.89 8.60 8.63 8.73 8.76 8.63 8.32
