project/data/elevation/US_DEM2016/US_DEM2016_point_10-28-2019_2158_30m_ang.asc
ncols	125
nrows	167
xllcorner	-2042055.000000
yllcorner	1465035.000000
cellsize	30.000000
NODATA_value	-9999.000000
[rows 0 to 41 of 167, columns 0 to 93 of 125]
296 298 302 305 305 302 299 300 302 306 312 318 317 308 306 313 322 325 321 306 293 293 300 308 315 318 320 318 302 284 273 269 270 273 273 269 265 264 265 265 264 263 263 266 269 273 272 270 272 281 294 305 315 321 323 323 324 321 317 315 313 310 304 300 300 301 304 307 307 306 306 307 307 307 305 305 305 303 300 303 310 310 297 297 307 318 323 321 308 290 281 277 271 266
296 298 302 305 305 302 299 300 302 306 312 318 317 308 306 313 322 325 321 306 293 293 300 308 315 318 320 318 302 284 273 269 270 273 273 269 265 264 265 265 264 263 263 266 269 273 272 270 272 281 294 305 315 321 323 323 324 321 317 315 313 310 304 300 300 301 304 307 307 306 306 307 307 307 305 305 305 303 300 303 310 310 297 297 307 318 323 321 308 290 281 277 271 266
294 296 300 304 307 306 303 301 301 303 307 314 318 309 303 307 316 323 323 311 298 296 299 304 310 314 317 313 298 282 274 271 272 274 275 274 272 271 271 269 267 266 267 269 273 276 278 279 281 287 294 302 311 318 321 321 320 319 315 313 310 309 305 302 300 299 301 303 304 305 306 307 307 306 304 303 302 303 300 300 305 309 301 297 303 314 321 320 309 294 286 282 277 275
294 295 299 304 309 311 308 304 300 297 297 304 314 308 298 297 305 317 325 317 304 299 297 299 301 302 303 299 287 279 276 275 275 277 280 282 283 283 282 280 277 278 279 280 281 283 286 289 291 291 293 297 303 309 313 314 313 312 309 307 306 307 307 303 299 296 295 296 298 300 302 303 304 304 302 299 299 300 299 295 298 307 305 298 297 306 317 320 311 299 293 290 288 288
294 296 299 304 309 311 310 306 300 295 293 296 308 305 293 290 297 312 324 316 304 298 296 295 294 292 289 287 284 281 279 279 281 283 284 285 287 289 291 292 290 288 288 288 287 288 289 291 292 292 292 294 298 303 305 305 304 302 301 301 301 302 305 303 297 293 291 291 291 292 294 295 296 297 297 297 297 297 296 294 297 305 305 297 293 297 309 317 309 300 298 296 295 296
293 295 299 303 307 310 311 308 302 296 291 293 302 304 293 289 294 310 322 313 302 296 293 291 289 285 283 286 287 285 284 285 286 286 286 286 288 290 294 298 298 294 292 291 290 290 290 291 291 291 291 292 296 298 298 298 298 299 299 298 295 294 296 297 294 291 289 289 287 286 286 286 286 288 290 293 294 295 295 295 298 302 302 296 289 289 301 313 307 301 301 301 300 298
292 294 299 303 306 308 309 308 303 297 293 292 300 304 296 290 292 307 319 310 298 292 288 287 286 284 284 288 290 289 288 288 287 288 288 288 289 291 294 298 300 299 296 293 290 288 289 289 289 288 289 291 294 296 298 299 302 303 303 300 294 288 286 288 289 289 290 290 289 287 285 284 285 286 288 290 292 294 295 297 299 300 299 294 287 286 296 308 304 302 303 303 300 296
291 294 299 302 304 305 305 304 302 299 297 296 300 303 298 291 290 300 313 306 294 289 286 284 285 286 287 290 293 292 290 288 288 289 291 292 293 293 295 297 300 301 300 297 292 287 286 286 287 288 289 292 295 298 299 301 303 303 303 299 293 286 284 284 286 287 290 293 294 292 288 286 287 288 289 290 291 293 296 299 300 299 298 295 290 288 296 303 302 302 304 302 297 290
290 292 297 300 301 301 300 299 300 301 301 301 303 303 298 291 288 293 303 300 293 288 285 283 283 286 290 292 295 295 292 291 291 294 297 298 297 296 296 297 298 299 300 301 299 293 290 289 290 290 291 293 296 297 296 294 294 294 291 288 287 286 286 286 284 285 289 294 297 296 291 287 287 288 290 291 292 294 297 300 301 299 298 296 297 296 300 303 301 303 303 299 291 281
288 290 294 296 297 297 297 297 299 302 304 306 307 306 300 292 287 289 295 295 292 290 287 284 284 289 294 295 295 297 297 296 296 298 300 300 298 296 296 296 297 297 298 301 305 303 297 293 292 292 292 292 294 295 290 285 282 279 277 279 283 286 288 288 286 286 289 294 298 297 292 288 288 291 293 294 296 298 300 302 303 302 302 304 305 306 307 305 302 302 301 294 284 278
285 286 288 291 294 295 297 299 302 305 306 307 308 308 304 295 289 290 295 294 292 291 292 291 291 294 296 297 298 299 300 300 298 298 298 296 294 293 294 295 295 295 295 298 304 306 301 294 292 292 291 290 290 292 288 281 274 271 273 278 282 285 289 292 292 289 290 293 297 298 295 291 292 295 298 299 299 300 302 303 304 303 304 306 309 313 311 305 301 299 296 291 287 287
284 284 286 289 293 297 300 302 304 307 308 308 308 310 308 302 297 297 298 295 292 292 295 297 297 298 300 301 301 301 300 299 295 292 290 289 289 290 291 291 292 292 292 293 297 303 301 295 292 291 289 288 288 288 285 279 274 273 276 279 282 286 291 295 297 294 291 291 295 298 298 295 295 298 301 302 300 298 296 296 296 297 298 300 305 313 313 305 299 297 298 298 298 298
285 286 289 292 294 298 300 301 303 305 306 307 308 309 310 310 307 304 300 294 290 289 292 296 298 300 301 302 301 299 296 292 287 283 282 285 288 288 287 287 289 289 289 290 292 296 298 294 291 289 288 286 282 279 280 282 282 281 280 281 284 288 293 297 299 297 292 291 294 298 300 297 297 300 302 300 296 289 283 281 283 287 290 293 298 307 313 308 302 302 305 306 304 303
287 289 294 297 296 295 295 296 298 299 300 302 304 307 309 312 314 309 301 293 287 284 286 291 296 298 297 296 294 290 286 281 277 276 279 283 285 283 283 284 286 287 287 286 286 289 293 292 290 288 287 282 275 274 280 287 290 289 285 285 286 289 293 297 300 300 296 294 295 297 300 299 299 300 298 292 285 281 278 278 282 287 291 294 298 306 315 316 310 306 308 309 307 305
288 290 295 299 297 292 288 287 288 290 291 294 297 301 303 308 315 314 303 292 284 281 284 288 290 291 289 287 285 283 280 277 276 279 283 284 283 283 284 284 285 286 286 284 284 287 290 291 290 288 285 279 276 280 287 293 296 294 290 289 289 290 294 297 300 303 302 299 297 297 299 299 299 295 288 283 283 283 282 283 286 291 296 299 302 309 317 323 317 308 307 309 307 305
286 288 291 294 293 286 280 278 280 283 285 288 291 294 296 299 310 314 305 293 285 284 286 287 287 287 285 283 284 285 286 285 284 285 287 288 289 291 291 290 290 291 291 291 291 290 290 289 287 284 281 280 283 288 292 297 300 298 294 293 294 294 296 300 303 306 307 306 301 298 298 298 295 288 283 285 288 289 287 287 289 293 297 301 306 312 319 326 321 311 307 309 307 303
285 285 286 286 283 278 276 277 280 283 286 288 292 296 297 296 301 309 306 299 293 291 289 288 288 289 288 289 289 289 291 292 290 288 289 291 293 297 298 296 296 297 299 300 299 295 291 286 282 280 281 283 287 291 295 300 303 300 298 299 300 300 300 302 304 307 310 311 307 300 296 294 291 288 289 291 292 292 290 289 291 294 299 304 309 314 320 328 326 314 308 308 307 301
286 286 285 280 275 276 280 284 288 292 294 297 301 305 305 301 298 302 305 302 298 294 289 288 290 292 293 293 293 292 292 294 295 293 293 294 295 298 301 301 300 302 303 303 301 296 289 282 278 278 281 285 290 294 298 303 306 302 301 303 304 304 303 302 302 305 309 313 310 302 295 292 293 295 296 298 298 297 295 293 294 296 301 306 311 315 319 326 327 318 309 308 307 302
286 286 284 278 275 280 286 292 297 301 304 306 309 312 314 310 304 302 302 300 297 293 289 288 291 293 294 295 296 295 294 296 298 299 299 298 297 299 303 304 304 304 303 302 299 292 283 277 276 278 282 287 292 296 300 305 306 303 302 304 305 305 304 301 299 300 305 311 313 305 297 296 299 301 302 304 305 304 301 298 297 298 302 306 310 312 314 319 325 322 314 309 309 309
284 282 279 277 281 287 293 298 303 306 309 310 311 314 318 319 314 308 302 298 295 293 290 290 292 294 295 296 299 299 297 298 301 304 305 303 301 301 304 305 305 303 300 297 292 284 278 277 279 281 286 291 295 298 301 305 305 303 302 303 303 303 302 299 296 296 299 306 313 310 302 300 301 302 303 306 308 307 304 301 297 297 300 303 306 308 311 316 323 328 323 314 313 313
282 280 278 284 289 293 297 302 305 307 308 309 309 311 316 322 323 316 305 299 297 295 294 293 294 296 297 298 301 303 302 302 304 306 307 306 303 301 302 303 302 298 293 287 281 279 281 284 286 288 292 295 297 299 301 304 304 302 301 300 299 299 298 296 292 290 291 297 306 308 303 299 298 298 299 302 305 304 302 299 294 292 293 298 303 309 315 319 324 332 332 319 313 312
288 287 289 294 296 298 300 302 304 304 305 305 306 308 312 320 325 319 308 303 302 301 299 297 297 299 300 301 304 307 306 305 305 305 306 304 300 298 297 296 293 287 281 276 277 283 288 292 294 295 297 298 298 298 300 302 303 301 298 295 293 291 290 288 286 284 283 286 294 301 300 297 294 293 293 295 297 297 296 296 292 287 287 292 301 309 314 318 323 332 335 321 312 310
295 296 298 299 299 299 299 300 301 301 301 302 304 305 308 315 323 317 310 306 306 305 302 300 299 300 302 304 305 307 307 305 303 301 299 298 294 292 289 285 280 275 273 277 284 290 293 296 298 298 299 298 297 296 297 298 298 297 293 289 285 281 280 282 281 279 279 282 289 296 298 295 291 289 289 290 291 292 294 297 293 287 284 287 294 301 306 310 315 326 332 322 312 310
294 297 299 299 297 297 296 296 297 298 298 301 303 305 307 312 317 314 310 307 304 303 301 300 299 299 300 303 304 305 304 302 297 292 290 290 288 284 278 273 271 273 278 285 291 294 296 298 299 299 298 297 296 295 293 292 292 291 288 283 279 276 278 282 283 283 284 288 293 298 299 295 290 287 286 288 290 291 294 298 295 290 284 282 284 291 298 305 312 322 329 322 312 310
291 293 295 293 292 291 291 292 293 295 296 298 302 305 308 312 313 311 309 304 300 298 298 298 297 297 298 299 300 299 297 292 287 282 282 282 279 275 272 272 275 281 287 292 295 297 297 298 299 299 298 297 297 295 291 288 287 286 283 279 276 277 281 286 289 291 293 295 297 298 299 297 292 287 287 290 291 291 292 297 296 292 286 280 280 286 295 304 313 321 327 324 312 308
287 288 290 288 286 285 286 288 290 292 294 296 300 305 311 315 313 310 308 304 301 300 300 301 300 298 296 295 293 290 285 279 275 274 277 277 275 274 277 281 285 289 292 296 299 300 299 298 298 299 298 298 297 295 291 287 285 283 280 278 279 282 286 289 292 295 296 296 295 295 298 299 295 291 291 293 292 290 291 295 296 294 290 284 280 283 290 300 309 317 325 326 314 308
285 287 289 287 283 281 283 286 289 291 294 298 302 308 317 318 315 311 309 306 305 305 305 304 302 298 293 290 286 280 273 268 271 276 280 282 282 282 285 290 292 293 295 298 301 301 300 298 296 296 297 298 298 297 294 290 286 282 280 282 285 288 291 294 295 297 298 297 296 297 298 298 296 294 295 296 294 292 294 297 298 297 295 289 283 281 284 292 303 312 322 325 316 308
285 287 290 289 285 282 282 285 290 294 297 301 307 313 322 326 320 313 310 307 306 306 305 302 299 294 288 283 277 269 265 270 278 284 286 288 290 290 290 293 296 296 296 299 301 302 300 297 293 292 293 297 301 302 297 292 287 284 285 288 292 295 298 300 300 300 299 300 300 299 298 295 294 294 296 296 295 296 299 302 303 301 299 294 287 282 281 286 297 308 317 322 316 307
286 288 291 292 289 284 282 283 288 293 297 302 307 313 322 328 323 313 308 305 304 302 300 296 291 285 280 274 267 265 270 280 286 289 291 291 293 294 293 294 297 298 298 299 301 302 301 296 291 289 290 296 303 306 302 295 291 290 291 294 297 300 302 303 303 302 301 302 302 300 296 294 294 296 297 296 297 299 303 307 309 306 302 297 292 286 281 283 291 302 312 319 316 307
286 288 293 296 294 289 283 282 285 289 293 297 302 308 317 322 321 312 305 301 298 295 291 286 281 276 271 266 265 273 283 288 290 292 293 293 295 297 296 295 297 298 298 299 301 302 301 298 293 290 290 294 302 310 310 304 298 296 296 296 297 300 302 302 302 300 300 301 302 301 300 298 297 297 298 298 299 302 306 309 311 309 304 299 295 290 285 283 286 296 306 316 317 310
287 289 293 298 299 294 288 284 284 286 290 294 299 305 313 317 316 308 303 297 291 285 279 274 270 268 267 268 274 284 289 291 292 292 293 293 294 296 296 295 296 297 298 298 300 301 303 302 298 293 291 292 299 311 318 314 303 299 297 295 295 297 301 302 301 298 296 298 301 303 304 302 299 298 299 300 302 304 306 307 307 307 305 301 296 293 289 285 284 289 300 311 318 315
285 286 290 295 300 299 293 287 284 285 289 295 300 307 316 322 314 305 299 292 283 275 272 269 268 269 274 280 286 289 289 290 290 290 290 290 291 292 293 293 294 296 297 297 299 301 305 307 302 297 292 290 295 308 322 320 306 299 295 292 291 293 299 303 302 298 295 296 299 302 304 303 299 297 298 300 301 301 300 300 301 303 303 301 297 295 292 289 285 286 293 303 313 318
283 283 286 290 297 300 297 291 286 284 286 291 297 305 316 321 312 301 293 284 277 273 270 276 277 279 283 289 294 293 289 288 288 287 286 285 285 288 290 292 293 294 295 296 297 299 303 307 305 300 294 290 291 302 320 322 307 297 292 288 287 289 297 304 304 299 296 296 296 297 301 301 297 295 295 295 294 292 293 296 298 298 297 297 298 297 295 293 289 286 288 294 304 315
283 283 285 289 294 298 299 294 290 285 283 286 292 300 311 318 308 295 287 292 276 280 282 285 286 286 288 291 296 298 296 293 292 290 287 285 285 287 289 290 291 291 292 293 291 290 294 301 305 303 298 291 289 296 314 320 307 297 290 286 284 287 297 305 307 300 296 296 294 293 297 300 295 292 290 288 285 286 291 296 295 292 290 293 297 299 299 297 294 290 288 289 297 309
286 287 290 293 296 298 300 298 293 288 284 283 286 295 307 316 307 294 301 284 287 288 289 291 291 290 290 292 296 301 302 299 297 295 293 290 289 289 290 289 289 289 288 287 285 285 289 297 305 308 303 293 288 291 309 317 307 297 289 284 283 287 297 306 309 303 296 295 292 290 296 301 294 290 289 286 283 284 288 291 290 288 290 294 299 302 303 302 299 297 295 294 299 308
289 292 296 299 300 302 303 302 298 292 287 283 283 289 302 313 310 299 294 293 293 294 294 295 295 293 292 293 295 299 304 303 300 298 297 295 294 292 291 290 288 286 285 284 286 290 294 300 308 313 310 297 289 290 307 315 306 297 289 284 284 288 296 304 308 305 297 294 292 290 294 303 295 289 291 291 286 284 285 288 290 291 293 297 302 305 305 302 301 301 302 303 307 314
289 292 297 300 301 303 305 305 302 296 290 285 282 284 294 309 309 302 304 299 298 298 297 297 296 294 292 292 293 297 302 304 302 299 298 297 298 297 295 293 290 287 286 288 292 297 302 306 311 317 316 304 292 292 307 314 305 297 290 287 286 288 294 299 305 307 302 297 293 290 293 303 295 289 293 297 292 287 285 289 295 295 296 298 302 304 300 296 297 300 304 307 311 318
286 289 293 297 297 298 300 303 303 297 290 286 283 282 288 301 304 302 302 301 299 298 297 296 294 292 291 290 290 293 299 303 303 301 299 298 298 299 298 296 294 292 291 293 297 301 305 307 311 316 318 309 296 293 307 313 305 297 292 288 287 287 291 296 303 309 308 301 295 290 293 302 296 290 294 300 297 291 288 291 297 296 294 294 296 295 292 292 296 300 303 306 311 319
284 285 288 291 292 292 293 296 298 296 296 288 285 282 291 292 299 303 301 299 297 294 293 291 290 289 288 287 288 290 295 301 303 302 300 299 299 300 300 300 300 299 296 295 297 301 303 303 304 309 314 312 300 296 306 313 305 298 292 288 286 285 288 292 298 305 308 304 297 290 291 300 297 290 293 302 301 295 291 292 296 293 288 285 284 287 292 297 301 305 308 310 314 321
282 282 283 286 287 288 288 290 294 296 297 296 292 297 296 289 296 300 306 297 292 289 288 289 290 290 289 288 287 288 292 298 302 303 303 303 303 302 301 302 304 304 298 293 293 295 299 300 300 304 310 313 306 300 307 312 305 298 291 286 283 282 284 285 288 294 300 302 298 292 290 297 297 291 292 303 306 297 291 290 295 292 284 280 281 289 298 302 305 309 312 314 318 324
281 280 281 284 286 287 289 292 296 299 301 303 304 300 307 305 295 298 300 298 293 290 292 294 295 293 292 291 288 287 289 294 300 303 305 306 307 305 303 301 305 307 300 291 288 289 295 300 302 305 310 316 313 306 307 309 303 296 289 282 278 278 280 281 282 286 293 299 300 295 291 294 296 292 292 302 308 299 291 290 296 296 288 283 285 291 298 303 306 308 309 311 315 323
282 281 282 285 288 290 293 296 299 301 303 306 310 311 303 297 296 298 301 304 301 298 299 299 298 296 294 292 290 288 289 293 299 304 306 307 308 306 302 299 302 307 303 292 285 284 290 297 302 305 310 316 319 312 307 304 299 293 285 278 275 275 278 281 285 290 294 298 300 300 297 296 295 291 290 297 306 300 292 290 298 301 294 290 289 291 295 300 303 304 304 305 308 316
