project/data/elevation/US_DEM2016/US_DEM2016_point_10-31-2019_1702_30m_vel.asc
ncols	125
nrows	167
xllcorner	-2042055.000000
yllcorner	1465035.000000
cellsize	30.000000
NODATA_value	-9999.000000
[rows 114 to 151 of 167, columns 0 to 83 of 125]
7.07 7.06 7.11 7.21 7.41 7.72 7.91 7.62 6.99 6.32 5.74 5.22 4.82 4.56 4.56 4.92 5.62 6.34 6.84 7.22 7.57 7.62 7.17 6.90 7.24 7.58 7.62 7.57 7.53 7.42 7.23 6.85 6.35 6.01 5.87 5.92 6.22 6.61 6.90 7.09 7.29 7.54 7.79 7.99 7.88 7.44 7.03 6.85 6.83 6.93 7.05 7.00 6.82 6.47 6.04 5.73 5.69 6.01 6.46 6.77 6.85 6.76 6.61 6.48 6.44 6.51 6.64 6.64 6.44 6.19 6.03 5.95 5.95 6.00 6.02 5.97 5.87 5.78 5.80 5.94 5.88 5.54 5.28 5.14
7.19 7.21 7.24 7.25 7.31 7.37 7.22 6.71 5.98 5.31 4.81 4.44 4.22 4.30 4.89 5.85 6.79 7.53 8.03 8.21 7.99 7.37 6.58 6.41 6.76 6.94 6.94 7.06 7.26 7.51 7.72 7.71 7.39 6.73 6.06 5.92 6.32 6.85 7.22 7.43 7.61 7.76 7.86 7.79 7.41 6.80 6.37 6.29 6.44 6.75 7.14 7.27 7.17 6.89 6.38 5.79 5.49 5.62 5.96 6.29 6.54 6.73 6.84 6.85 6.82 6.79 6.70 6.49 6.25 6.08 6.01 6.02 6.05 6.04 5.98 5.91 5.88 5.90 5.93 5.91 5.70 5.42 5.23 5.05
7.30 7.32 7.31 7.26 7.20 7.04 6.70 6.25 5.87 5.65 5.52 5.42 5.54 6.05 6.90 7.86 8.55 8.81 8.75 8.42 7.79 7.02 6.37 6.11 6.14 6.08 6.12 6.42 6.75 7.06 7.35 7.63 7.76 7.60 7.26 7.15 7.29 7.50 7.62 7.67 7.67 7.67 7.67 7.54 7.14 6.59 6.14 6.03 6.31 6.78 7.23 7.47 7.50 7.39 7.20 6.97 6.70 6.47 6.37 6.40 6.51 6.65 6.75 6.83 6.89 6.87 6.69 6.40 6.12 5.92 5.85 5.89 5.96 6.01 6.01 5.99 6.00 6.07 6.12 6.12 6.07 6.01 6.00 6.03
7.32 7.28 7.23 7.18 7.06 6.82 6.51 6.27 6.25 6.43 6.72 7.12 7.67 8.28 8.83 9.15 9.10 8.71 8.21 7.65 7.15 6.88 6.70 6.43 6.14 5.89 5.78 5.97 6.21 6.32 6.38 6.66 7.21 7.69 7.93 7.98 7.86 7.67 7.47 7.31 7.25 7.32 7.42 7.40 7.14 6.72 6.27 6.08 6.34 6.79 7.09 7.21 7.32 7.45 7.58 7.72 7.80 7.72 7.46 7.13 6.90 6.75 6.67 6.62 6.63 6.60 6.42 6.17 5.99 5.87 5.79 5.76 5.82 5.96 6.07 6.14 6.21 6.28 6.36 6.53 6.80 7.01 7.17 7.35
7.26 7.17 7.09 7.06 6.97 6.79 6.61 6.50 6.52 6.76 7.30 8.01 8.68 9.07 9.14 8.82 8.11 7.48 7.10 6.70 6.55 6.70 6.86 6.85 6.67 6.32 5.99 5.87 5.99 5.96 5.76 5.78 6.19 6.88 7.37 7.55 7.48 7.28 7.08 6.96 6.99 7.17 7.34 7.31 7.06 6.75 6.43 6.21 6.34 6.58 6.70 6.72 6.80 7.04 7.35 7.60 7.83 7.98 7.95 7.70 7.31 6.94 6.63 6.41 6.21 5.99 5.78 5.80 5.97 6.07 6.04 5.98 5.99 6.08 6.21 6.33 6.45 6.54 6.66 6.91 7.19 7.44 7.66 7.80
7.17 7.09 7.02 7.02 6.95 6.86 6.77 6.71 6.78 7.10 7.71 8.30 8.60 8.54 8.18 7.59 7.05 6.74 6.43 6.14 6.07 6.17 6.37 6.60 6.66 6.47 6.21 6.11 6.18 6.18 5.98 5.74 5.72 5.97 6.43 6.77 6.92 6.95 6.97 7.01 7.09 7.21 7.29 7.14 6.82 6.61 6.51 6.41 6.42 6.45 6.42 6.41 6.53 6.82 7.12 7.30 7.39 7.43 7.50 7.52 7.34 6.97 6.58 6.22 5.82 5.49 5.48 5.84 6.23 6.40 6.43 6.39 6.34 6.30 6.31 6.40 6.49 6.57 6.70 6.88 6.99 7.03 7.08 7.08
7.11 7.08 7.06 7.03 6.96 6.93 6.94 6.96 7.13 7.59 8.10 8.33 8.18 7.80 7.33 6.91 6.66 6.42 6.04 5.73 5.59 5.59 5.82 6.16 6.26 6.19 6.21 6.34 6.44 6.48 6.43 6.20 5.89 5.76 5.84 6.10 6.42 6.70 6.94 7.11 7.19 7.24 7.21 6.92 6.52 6.37 6.44 6.47 6.45 6.40 6.36 6.42 6.64 6.91 7.10 7.14 7.02 6.86 6.82 6.90 6.92 6.77 6.51 6.20 5.94 5.91 6.13 6.43 6.57 6.56 6.54 6.53 6.47 6.37 6.29 6.24 6.23 6.31 6.49 6.65 6.66 6.55 6.47 6.36
7.17 7.19 7.15 7.03 6.96 7.02 7.16 7.32 7.60 8.04 8.28 8.19 7.87 7.54 7.21 6.88 6.55 6.17 5.88 5.77 5.82 5.97 6.18 6.26 6.16 6.10 6.25 6.42 6.49 6.53 6.57 6.54 6.39 6.15 5.89 5.83 6.10 6.47 6.76 6.98 7.12 7.21 7.09 6.60 6.10 5.98 6.11 6.20 6.20 6.22 6.31 6.46 6.62 6.73 6.78 6.80 6.75 6.63 6.53 6.48 6.53 6.56 6.56 6.54 6.61 6.78 6.88 6.86 6.72 6.54 6.41 6.37 6.36 6.35 6.29 6.17 6.13 6.28 6.48 6.53 6.41 6.27 6.22 6.17
7.25 7.24 7.12 6.98 6.97 7.08 7.31 7.65 8.11 8.32 8.24 7.95 7.65 7.42 7.12 6.71 6.34 6.16 6.24 6.49 6.69 6.75 6.65 6.45 6.25 6.19 6.28 6.40 6.42 6.41 6.46 6.52 6.55 6.46 6.25 6.13 6.26 6.50 6.64 6.81 6.98 7.02 6.63 5.94 5.49 5.49 5.71 5.88 5.92 5.94 5.99 6.07 6.09 6.08 6.10 6.22 6.40 6.52 6.53 6.48 6.47 6.53 6.62 6.71 6.82 6.90 6.91 6.87 6.79 6.66 6.47 6.33 6.30 6.32 6.29 6.26 6.32 6.42 6.38 6.18 5.97 5.86 5.85 5.89
7.13 7.05 6.91 6.87 6.95 7.11 7.34 7.68 8.04 8.08 7.81 7.46 7.22 6.93 6.48 6.21 6.24 6.46 6.71 6.82 6.73 6.56 6.46 6.48 6.53 6.46 6.35 6.34 6.30 6.24 6.26 6.29 6.28 6.31 6.42 6.56 6.64 6.67 6.65 6.77 6.78 6.42 5.62 4.97 4.83 5.03 5.36 5.66 5.74 5.67 5.59 5.51 5.37 5.27 5.32 5.55 5.92 6.21 6.32 6.35 6.41 6.51 6.57 6.55 6.54 6.63 6.73 6.80 6.82 6.75 6.62 6.47 6.34 6.22 6.13 6.16 6.19 6.08 5.82 5.60 5.53 5.55 5.52 5.50
7.03 6.98 6.93 6.93 6.99 7.10 7.25 7.41 7.47 7.31 7.02 6.81 6.62 6.19 5.82 6.01 6.34 6.48 6.37 6.09 5.88 5.91 6.18 6.53 6.73 6.72 6.58 6.42 6.27 6.14 6.15 6.17 6.16 6.25 6.42 6.56 6.57 6.53 6.49 6.55 6.29 5.56 4.86 4.65 4.75 4.94 5.20 5.52 5.67 5.70 5.70 5.59 5.33 5.04 4.97 5.21 5.57 5.80 5.93 6.11 6.32 6.47 6.59 6.72 6.86 6.99 6.98 6.87 6.70 6.55 6.51 6.45 6.27 6.03 5.92 5.91 5.82 5.67 5.52 5.47 5.50 5.47 5.31 5.19
7.22 7.30 7.29 7.11 6.99 6.97 7.02 7.04 6.92 6.70 6.54 6.51 6.31 5.89 5.81 6.04 6.06 5.79 5.40 5.17 5.29 5.73 6.31 6.74 6.87 6.84 6.81 6.69 6.50 6.26 6.15 6.17 6.20 6.19 6.13 6.03 6.00 6.04 6.13 6.10 5.74 5.28 5.26 5.51 5.66 5.63 5.63 5.74 5.89 6.02 6.07 5.99 5.79 5.54 5.40 5.45 5.55 5.70 5.95 6.21 6.36 6.49 6.72 7.07 7.28 7.27 7.05 6.79 6.53 6.35 6.27 6.19 6.04 5.89 5.80 5.69 5.59 5.55 5.59 5.63 5.57 5.40 5.27 5.34
7.40 7.42 7.28 6.96 6.76 6.73 6.76 6.72 6.58 6.50 6.53 6.48 6.17 5.85 5.71 5.56 5.25 4.97 4.88 5.04 5.48 6.06 6.65 6.96 6.92 6.81 6.82 6.82 6.68 6.43 6.26 6.24 6.21 6.02 5.75 5.61 5.66 5.85 6.00 5.95 5.84 5.99 6.31 6.53 6.61 6.61 6.53 6.42 6.36 6.30 6.17 6.04 5.95 5.91 5.86 5.80 5.78 5.93 6.17 6.35 6.38 6.48 6.71 6.94 6.91 6.71 6.55 6.52 6.50 6.42 6.21 5.98 5.83 5.79 5.70 5.51 5.29 5.18 5.22 5.35 5.45 5.55 5.76 5.96
7.15 6.92 6.52 6.34 6.34 6.47 6.56 6.52 6.43 6.40 6.35 6.16 5.88 5.60 5.34 5.07 4.91 4.98 5.35 5.96 6.48 6.81 7.00 6.85 6.49 6.42 6.53 6.56 6.51 6.43 6.37 6.35 6.30 6.13 5.92 5.90 6.06 6.20 6.27 6.31 6.46 6.64 6.73 6.79 6.93 7.13 7.23 7.17 6.98 6.68 6.45 6.30 6.19 6.10 6.04 6.00 6.03 6.10 6.20 6.29 6.29 6.37 6.49 6.47 6.29 6.17 6.29 6.53 6.64 6.49 6.19 5.89 5.74 5.69 5.63 5.52 5.34 5.09 4.95 5.05 5.47 6.04 6.42 6.39
6.64 6.22 5.77 5.80 6.06 6.35 6.48 6.44 6.35 6.25 6.08 5.85 5.67 5.60 5.59 5.61 5.78 6.18 6.80 7.34 7.58 7.49 7.09 6.52 6.11 6.11 6.17 6.15 6.17 6.25 6.30 6.33 6.36 6.39 6.46 6.58 6.66 6.61 6.55 6.57 6.62 6.58 6.62 6.80 7.10 7.42 7.68 7.75 7.61 7.36 7.12 6.94 6.74 6.52 6.31 6.18 6.14 6.09 6.08 6.17 6.18 6.25 6.26 6.16 6.07 6.23 6.56 6.75 6.55 6.14 5.87 5.76 5.69 5.60 5.54 5.64 5.77 5.76 5.58 5.54 5.89 6.38 6.53 6.20
6.50 6.24 5.96 6.10 6.39 6.57 6.55 6.43 6.31 6.21 6.09 5.95 5.94 6.15 6.50 6.85 7.24 7.61 7.85 7.92 7.75 7.36 6.81 6.34 6.14 6.11 6.03 5.98 6.05 6.14 6.17 6.19 6.30 6.48 6.63 6.68 6.63 6.55 6.49 6.43 6.35 6.34 6.54 6.88 7.29 7.66 7.87 7.87 7.77 7.60 7.35 7.07 6.85 6.69 6.54 6.40 6.23 6.05 5.96 6.04 6.14 6.22 6.23 6.19 6.28 6.57 6.77 6.56 5.99 5.53 5.46 5.53 5.57 5.58 5.59 5.65 5.82 6.08 6.28 6.38 6.47 6.51 6.29 6.02
6.74 6.76 6.89 7.13 7.22 7.01 6.67 6.45 6.36 6.30 6.26 6.28 6.46 6.85 7.25 7.58 7.79 7.84 7.69 7.34 6.86 6.39 6.12 6.08 6.16 6.19 6.14 6.19 6.30 6.35 6.29 6.26 6.37 6.52 6.53 6.34 6.23 6.27 6.35 6.35 6.33 6.44 6.73 7.07 7.39 7.58 7.55 7.35 7.18 7.07 6.90 6.78 6.77 6.75 6.67 6.56 6.43 6.27 6.06 6.05 6.20 6.32 6.35 6.41 6.60 6.78 6.64 6.10 5.50 5.29 5.33 5.41 5.49 5.65 5.87 5.89 5.81 5.85 6.17 6.57 6.82 6.88 6.82 6.98
6.92 7.09 7.41 7.60 7.53 7.23 6.83 6.53 6.42 6.41 6.46 6.59 6.86 7.18 7.36 7.37 7.28 7.12 6.79 6.24 5.67 5.39 5.47 5.82 6.13 6.29 6.40 6.55 6.68 6.75 6.78 6.82 6.87 6.86 6.75 6.53 6.36 6.36 6.43 6.53 6.71 6.98 7.21 7.32 7.33 7.20 6.87 6.53 6.38 6.45 6.59 6.77 6.89 6.84 6.73 6.64 6.60 6.54 6.38 6.29 6.34 6.44 6.53 6.64 6.76 6.70 6.31 5.75 5.45 5.40 5.44 5.51 5.61 5.76 5.97 6.10 6.12 6.03 6.09 6.49 7.08 7.59 7.93 8.20
7.00 7.14 7.35 7.41 7.36 7.28 7.09 6.81 6.62 6.61 6.65 6.74 6.88 6.97 6.90 6.81 6.75 6.50 5.99 5.44 5.15 5.22 5.58 5.99 6.26 6.41 6.57 6.73 6.87 7.01 7.21 7.40 7.48 7.40 7.26 7.09 6.88 6.74 6.63 6.75 7.05 7.31 7.34 7.25 7.11 6.79 6.31 5.95 5.92 6.21 6.64 6.93 6.97 6.84 6.75 6.72 6.71 6.69 6.60 6.47 6.44 6.52 6.65 6.72 6.69 6.44 5.95 5.58 5.51 5.55 5.60 5.67 5.81 5.95 5.97 6.03 6.26 6.53 6.74 7.07 7.64 8.07 8.20 8.10
7.13 7.29 7.50 7.56 7.52 7.44 7.36 7.26 7.11 6.96 6.80 6.66 6.57 6.51 6.52 6.62 6.58 6.23 5.79 5.63 5.77 6.00 6.22 6.40 6.51 6.57 6.67 6.80 6.94 7.10 7.29 7.48 7.58 7.59 7.57 7.56 7.50 7.32 7.06 6.97 7.08 7.10 7.07 7.07 6.91 6.51 6.08 5.85 5.92 6.31 6.81 7.07 7.06 6.94 6.87 6.83 6.78 6.72 6.59 6.47 6.46 6.53 6.61 6.62 6.55 6.29 5.90 5.69 5.67 5.73 5.79 5.82 5.88 5.98 6.07 6.17 6.40 6.83 7.35 7.82 8.08 7.93 7.45 7.05
7.42 7.65 7.96 7.97 7.80 7.53 7.45 7.48 7.43 7.15 6.77 6.46 6.29 6.29 6.45 6.57 6.40 6.12 6.09 6.35 6.62 6.70 6.70 6.73 6.76 6.77 6.83 6.91 7.01 7.15 7.27 7.33 7.33 7.43 7.68 7.96 8.12 8.05 7.78 7.37 7.11 6.94 6.96 6.93 6.64 6.26 6.04 6.04 6.24 6.67 7.07 7.25 7.23 7.13 7.02 6.91 6.80 6.69 6.53 6.47 6.50 6.53 6.53 6.50 6.45 6.29 6.10 6.02 6.01 6.03 6.05 6.02 5.95 5.94 6.13 6.50 6.88 7.33 7.92 8.35 8.21 7.53 6.71 6.20
7.63 7.76 7.94 7.92 7.78 7.51 7.34 7.29 7.20 6.94 6.58 6.32 6.26 6.36 6.42 6.31 6.14 6.19 6.48 6.74 6.82 6.81 6.82 6.89 6.92 6.89 6.87 6.88 6.95 7.11 7.29 7.33 7.31 7.43 7.72 8.03 8.23 8.31 8.25 7.94 7.38 6.98 6.77 6.53 6.18 6.02 6.09 6.25 6.54 7.01 7.35 7.40 7.31 7.21 7.10 6.97 6.82 6.69 6.54 6.52 6.57 6.58 6.53 6.49 6.48 6.44 6.38 6.39 6.42 6.42 6.39 6.34 6.26 6.22 6.36 6.77 7.44 8.21 8.80 8.85 8.32 7.47 6.64 6.02
7.53 7.36 7.11 7.07 7.13 7.10 6.98 6.89 6.85 6.76 6.67 6.65 6.74 6.79 6.58 6.23 6.07 6.21 6.40 6.48 6.58 6.73 6.88 6.98 6.96 6.84 6.72 6.67 6.74 6.94 7.14 7.31 7.38 7.45 7.50 7.54 7.60 7.72 7.84 7.76 7.31 6.78 6.34 6.01 5.85 5.91 6.11 6.31 6.73 7.27 7.48 7.35 7.21 7.17 7.12 7.02 6.86 6.70 6.55 6.57 6.67 6.72 6.67 6.60 6.57 6.57 6.59 6.66 6.73 6.77 6.85 6.93 6.97 7.03 7.16 7.50 8.12 8.86 9.21 8.93 8.31 7.73 7.13 6.49
7.17 6.75 6.04 5.72 5.77 5.98 6.22 6.49 6.74 6.97 7.21 7.45 7.58 7.41 6.93 6.43 6.15 6.02 5.93 5.99 6.30 6.69 6.93 7.02 6.96 6.82 6.66 6.54 6.52 6.64 6.76 6.86 6.93 6.97 6.89 6.76 6.70 6.71 6.74 6.73 6.60 6.33 6.01 5.79 5.81 5.97 6.13 6.43 7.02 7.50 7.46 7.18 7.07 7.09 7.10 7.04 6.91 6.76 6.64 6.72 6.85 6.89 6.83 6.73 6.64 6.63 6.71 6.84 6.95 7.08 7.32 7.64 7.95 8.28 8.56 8.78 9.02 9.24 9.08 8.56 8.22 8.13 7.99 7.65
6.67 6.15 5.30 4.98 4.95 5.17 5.65 6.17 6.63 7.07 7.47 7.72 7.69 7.37 6.89 6.47 6.15 5.91 5.84 6.03 6.38 6.71 6.90 6.99 6.98 6.92 6.81 6.65 6.48 6.41 6.38 6.29 6.21 6.21 6.21 6.11 5.98 5.91 5.85 5.88 5.94 5.94 5.90 5.95 6.17 6.41 6.63 7.06 7.58 7.70 7.42 7.12 7.05 7.05 7.05 7.04 7.02 7.06 7.17 7.28 7.25 7.09 6.95 6.86 6.80 6.78 6.85 6.99 7.15 7.39 7.78 8.28 8.85 9.33 9.61 9.63 9.49 9.23 8.76 8.34 8.35 8.58 8.77 8.84
6.29 5.85 5.27 5.19 5.31 5.57 5.91 6.18 6.43 6.75 7.08 7.22 7.05 6.72 6.46 6.27 6.11 6.03 6.14 6.43 6.70 6.90 6.99 7.04 7.03 7.01 7.01 6.98 6.85 6.60 6.36 6.13 5.99 5.92 5.83 5.66 5.47 5.39 5.41 5.53 5.66 5.82 6.08 6.49 6.86 7.16 7.50 7.81 7.95 7.74 7.35 7.12 7.05 7.01 7.00 7.06 7.22 7.49 7.74 7.78 7.52 7.18 7.00 6.98 7.00 7.01 7.00 7.10 7.33 7.71 8.21 8.73 9.17 9.42 9.48 9.34 9.05 8.68 8.35 8.25 8.38 8.59 8.88 9.21
6.44 6.27 6.24 6.48 6.66 6.72 6.60 6.45 6.45 6.55 6.64 6.61 6.41 6.20 6.11 6.10 6.12 6.19 6.40 6.71 6.94 7.14 7.19 7.14 7.06 7.04 7.10 7.18 7.17 7.00 6.63 6.29 6.05 5.85 5.61 5.36 5.17 5.12 5.21 5.39 5.64 6.04 6.60 7.12 7.44 7.65 7.84 7.93 7.82 7.49 7.14 6.95 6.84 6.79 6.84 7.00 7.27 7.50 7.57 7.38 7.09 6.94 6.93 6.99 7.06 7.11 7.12 7.17 7.37 7.78 8.29 8.62 8.68 8.52 8.29 8.10 7.96 7.88 7.87 7.91 7.91 7.98 8.30 8.71
6.89 7.05 7.46 7.86 8.00 7.82 7.35 7.05 6.93 6.79 6.53 6.23 6.02 5.98 6.04 6.12 6.20 6.36 6.65 6.97 7.21 7.37 7.32 7.15 7.02 7.01 7.09 7.17 7.19 7.10 6.85 6.48 6.13 5.80 5.50 5.29 5.17 5.14 5.21 5.46 5.97 6.70 7.35 7.69 7.77 7.73 7.69 7.62 7.45 7.15 6.86 6.61 6.44 6.44 6.59 6.81 7.00 7.04 6.88 6.60 6.53 6.64 6.79 6.91 7.00 7.06 7.10 7.15 7.26 7.51 7.83 7.86 7.62 7.29 7.01 6.89 7.03 7.31 7.50 7.52 7.43 7.45 7.65 7.86
7.10 7.35 7.79 8.08 8.19 8.15 8.03 7.82 7.52 7.09 6.60 6.20 6.00 6.02 6.15 6.27 6.42 6.67 6.99 7.22 7.34 7.32 7.13 6.92 6.85 6.90 6.98 7.01 6.98 6.91 6.78 6.53 6.23 5.91 5.63 5.43 5.30 5.26 5.42 5.93 6.79 7.57 7.94 7.94 7.75 7.55 7.45 7.38 7.22 6.95 6.62 6.33 6.16 6.28 6.45 6.56 6.54 6.37 6.16 6.06 6.17 6.42 6.65 6.80 6.87 6.89 6.94 7.05 7.19 7.35 7.38 7.15 6.87 6.69 6.58 6.65 6.99 7.34 7.48 7.44 7.41 7.41 7.39 7.38
7.10 7.27 7.52 7.59 7.56 7.58 7.78 7.78 7.52 7.08 6.68 6.40 6.25 6.26 6.38 6.55 6.78 7.05 7.26 7.28 7.14 6.92 6.74 6.65 6.69 6.76 6.76 6.67 6.65 6.66 6.60 6.47 6.32 6.11 5.88 5.69 5.58 5.63 6.03 6.85 7.63 7.95 7.84 7.56 7.34 7.24 7.25 7.27 7.15 6.83 6.49 6.26 6.24 6.34 6.42 6.39 6.17 5.80 5.53 5.55 5.81 6.18 6.47 6.64 6.71 6.77 6.84 6.97 7.17 7.32 7.26 7.05 6.87 6.73 6.72 7.01 7.47 7.77 7.82 7.73 7.62 7.52 7.40 7.41
7.09 7.22 7.40 7.36 7.14 6.87 6.80 6.86 6.89 6.81 6.66 6.53 6.47 6.47 6.57 6.78 7.04 7.22 7.21 7.00 6.72 6.48 6.39 6.52 6.68 6.76 6.71 6.59 6.61 6.63 6.58 6.48 6.36 6.21 6.09 6.04 6.14 6.41 6.92 7.48 7.73 7.56 7.24 7.01 6.94 7.02 7.17 7.22 7.03 6.70 6.42 6.32 6.30 6.36 6.42 6.38 6.22 5.95 5.66 5.58 5.80 6.11 6.33 6.48 6.60 6.72 6.83 6.94 7.04 7.08 7.09 7.10 6.96 6.76 6.82 7.33 7.95 8.22 8.16 7.97 7.74 7.55 7.46 7.57
7.12 7.18 7.19 7.01 6.74 6.34 6.02 5.94 6.09 6.31 6.42 6.46 6.47 6.50 6.59 6.75 6.89 6.85 6.60 6.29 6.05 5.94 6.08 6.48 6.85 6.98 6.96 6.94 6.96 6.88 6.71 6.52 6.34 6.24 6.23 6.34 6.58 6.92 7.18 7.29 7.19 6.97 6.81 6.79 6.87 6.98 7.11 7.12 6.91 6.60 6.39 6.24 6.15 6.26 6.45 6.55 6.58 6.54 6.38 6.29 6.32 6.31 6.32 6.40 6.54 6.68 6.81 6.90 6.91 6.90 7.00 7.11 7.00 6.90 7.20 7.95 8.51 8.50 8.17 7.85 7.61 7.52 7.53 7.58
7.10 6.94 6.48 5.91 5.58 5.43 5.43 5.53 5.68 5.88 6.12 6.29 6.38 6.43 6.49 6.52 6.43 6.19 5.90 5.72 5.67 5.78 6.16 6.72 7.07 7.14 7.15 7.18 7.12 6.95 6.77 6.56 6.38 6.32 6.37 6.48 6.65 6.81 6.88 6.87 6.81 6.69 6.70 6.83 6.95 6.98 6.97 6.91 6.76 6.53 6.26 6.02 6.02 6.30 6.61 6.76 6.88 7.00 7.07 7.07 6.92 6.60 6.41 6.43 6.57 6.70 6.83 6.95 7.08 7.25 7.36 7.28 7.26 7.52 8.12 8.69 8.83 8.44 7.94 7.64 7.51 7.56 7.61 7.47
6.88 6.51 5.81 5.14 4.74 4.85 5.23 5.56 5.76 5.94 6.14 6.26 6.32 6.37 6.41 6.35 6.21 6.11 6.14 6.22 6.29 6.44 6.74 7.01 7.09 7.01 6.98 6.92 6.71 6.53 6.52 6.48 6.42 6.41 6.48 6.55 6.64 6.76 6.85 6.94 6.86 6.69 6.70 6.85 6.93 6.87 6.77 6.67 6.51 6.23 5.92 5.84 6.09 6.50 6.80 6.95 7.07 7.23 7.38 7.41 7.25 6.97 6.74 6.74 6.80 6.84 6.91 7.08 7.34 7.52 7.47 7.34 7.54 8.13 8.73 8.82 8.46 7.90 7.57 7.49 7.52 7.58 7.54 7.33
6.66 6.33 5.91 5.67 5.50 5.52 5.66 5.74 5.82 6.02 6.21 6.28 6.30 6.36 6.42 6.44 6.50 6.67 6.84 6.84 6.71 6.67 6.82 6.92 6.85 6.65 6.47 6.24 5.93 5.83 5.99 6.19 6.36 6.48 6.56 6.65 6.81 7.04 7.23 7.27 7.06 6.76 6.64 6.67 6.66 6.60 6.56 6.48 6.23 5.83 5.66 5.86 6.31 6.69 6.89 7.00 7.12 7.26 7.35 7.37 7.35 7.32 7.25 7.17 7.03 6.92 6.93 7.07 7.22 7.20 7.11 7.33 7.90 8.50 8.66 8.24 7.60 7.19 7.04 7.08 7.18 7.20 7.07 6.93
6.66 6.51 6.35 6.29 6.24 6.24 6.16 6.04 6.00 6.07 6.13 6.17 6.27 6.40 6.54 6.70 6.90 7.01 6.87 6.56 6.32 6.29 6.50 6.72 6.67 6.31 5.87 5.51 5.34 5.42 5.68 5.99 6.31 6.54 6.69 6.86 7.11 7.35 7.46 7.34 7.06 6.75 6.51 6.36 6.28 6.32 6.40 6.31 5.98 5.67 5.69 6.06 6.49 6.77 6.88 6.93 7.02 7.13 7.20 7.23 7.29 7.37 7.36 7.20 6.97 6.84 6.84 6.89 6.89 6.86 7.05 7.63 8.24 8.36 8.02 7.42 6.94 6.72 6.63 6.61 6.64 6.66 6.49 6.25
6.75 6.70 6.59 6.50 6.42 6.48 6.66 6.76 6.73 6.49 6.20 6.11 6.24 6.47 6.71 6.92 7.05 6.95 6.68 6.51 6.54 6.68 6.84 6.93 6.70 6.19 5.68 5.42 5.42 5.63 5.88 6.10 6.34 6.60 6.85 7.11 7.31 7.36 7.27 7.09 6.88 6.68 6.44 6.19 6.11 6.20 6.31 6.18 5.92 5.79 5.93 6.26 6.56 6.73 6.78 6.79 6.82 6.86 6.93 7.03 7.12 7.18 7.13 6.94 6.72 6.62 6.66 6.72 6.76 6.93 7.36 7.84 7.89 7.53 7.14 6.88 6.69 6.59 6.54 6.46 6.41 6.38 6.21 5.92
6.70 6.63 6.58 6.71 6.90 7.11 7.28 7.21 6.87 6.39 6.04 6.05 6.30 6.56 6.77 6.93 6.97 6.95 7.07 7.38 7.69 7.76 7.66 7.43 6.96 6.42 6.07 6.01 6.12 6.27 6.35 6.37 6.44 6.61 6.83 6.98 7.02 7.01 6.95 6.85 6.77 6.69 6.55 6.40 6.34 6.32 6.25 6.13 5.99 5.98 6.16 6.45 6.63 6.68 6.66 6.63 6.60 6.58 6.66 6.83 6.97 7.00 6.89 6.65 6.34 6.26 6.43 6.63 6.79 7.04 7.34 7.36 6.97 6.65 6.60 6.62 6.59 6.59 6.57 6.47 6.35 6.23 6.02 5.79
