project/data/elevation/US_DEM2016/US_DEM2016_point_10-31-2019_1601_30m_vel.asc
ncols	125
nrows	167
xllcorner	-2042055.000000
yllcorner	1465035.000000
cellsize	30.000000
NODATA_value	-9999.000000
[rows 74 to 110 of 167, columns 0 to 83 of 125]
7.75 7.22 6.51 6.30 6.35 6.40 6.54 7.04 7.92 8.84 9.50 9.84 9.88 9.70 9.51 9.67 10.27 11.22 11.67 11.59 11.89 11.52 10.87 10.25 9.35 8.91 8.83 8.81 8.68 8.53 8.37 8.22 7.96 7.77 7.55 7.39 7.36 7.24 7.03 6.94 7.11 7.28 7.44 7.83 8.19 8.17 8.01 7.88 7.52 7.15 6.92 6.92 7.08 7.20 7.12 7.12 7.26 7.51 7.81 8.14 8.55 9.04 9.18 8.81 7.79 6.48 5.63 5.51 5.30 4.66 4.16 4.09 4.42 5.02 5.92 6.88 7.97 9.62 11.74 13.24 13.85 13.86 13.44 12.66
7.72 7.27 6.69 6.58 6.64 6.68 6.91 7.69 8.89 9.73 10.08 10.13 10.13 10.21 10.39 10.83 11.47 12.09 12.04 11.63 11.19 10.77 10.15 9.36 8.74 8.47 8.37 8.37 8.35 8.28 8.10 7.81 7.28 6.87 6.73 6.87 7.04 7.04 6.96 6.93 6.92 7.04 7.32 7.76 7.91 7.48 6.93 6.42 6.15 5.97 5.91 6.06 6.32 6.52 6.64 6.81 7.06 7.22 7.39 7.66 8.13 8.44 8.05 6.86 5.42 4.53 4.43 4.77 4.90 4.76 4.72 4.99 5.61 6.54 7.68 8.78 10.05 11.68 12.89 13.14 12.15 10.67 9.63 9.05
7.73 7.36 6.93 6.88 7.03 7.35 8.06 8.97 9.48 9.41 9.04 8.78 9.02 9.77 10.57 11.36 12.02 11.98 11.45 10.70 10.09 9.58 9.13 8.71 8.42 8.29 8.08 7.98 8.02 8.06 7.97 7.72 7.18 6.78 6.79 6.97 7.03 6.87 6.57 6.32 6.28 6.60 7.19 7.56 7.56 7.19 6.84 6.54 6.33 6.27 6.23 6.16 6.01 6.03 6.33 6.70 7.01 7.09 7.19 7.43 7.67 7.35 6.24 4.98 4.29 4.26 4.72 5.08 5.38 5.82 6.35 6.98 8.06 9.32 10.44 11.56 12.69 13.40 13.10 11.88 9.97 7.75 6.73 6.45
7.75 7.36 7.00 7.03 7.32 8.01 8.66 8.88 8.49 7.72 7.24 7.45 8.26 9.47 10.55 11.35 11.44 11.39 10.59 9.76 9.15 8.75 8.45 8.28 8.20 8.14 7.93 7.83 7.87 8.00 8.09 8.08 7.87 7.79 7.78 7.63 7.28 6.76 6.36 6.29 6.56 6.96 7.24 7.25 7.15 6.88 6.60 6.34 6.13 6.00 5.88 5.77 5.68 5.89 6.32 6.77 7.12 7.31 7.45 7.55 7.29 6.32 5.21 4.80 5.04 5.60 6.01 6.36 6.97 7.98 8.81 9.86 11.23 12.36 13.14 13.80 14.09 13.63 12.41 10.92 9.48 7.83 6.79 6.31
7.69 7.12 6.64 6.78 7.10 7.64 7.82 7.48 6.96 6.75 6.99 7.67 8.76 10.00 10.92 11.42 11.31 10.65 9.81 9.10 8.56 8.17 7.90 7.80 7.78 7.71 7.55 7.58 7.70 7.82 8.01 8.22 8.33 8.34 8.20 7.85 7.30 6.72 6.50 6.57 6.68 6.65 6.54 6.47 6.43 6.18 5.67 5.21 5.05 5.02 5.06 5.24 5.69 6.25 6.69 7.06 7.44 7.62 7.60 7.30 6.60 5.62 5.23 5.65 6.51 7.15 7.70 8.54 9.67 10.35 11.01 12.02 13.14 13.63 13.69 13.60 13.07 12.01 10.90 10.22 9.74 9.01 8.19 7.50
7.49 6.77 6.20 6.37 6.59 6.84 6.95 6.92 7.11 7.58 8.20 9.02 10.10 11.06 11.56 11.49 10.90 10.03 9.23 8.61 8.08 7.65 7.37 7.26 7.19 7.09 6.97 7.02 7.03 7.11 7.18 7.54 7.84 7.92 7.79 7.46 6.98 6.53 6.30 6.11 5.88 5.62 5.52 5.70 5.84 5.71 5.29 4.98 5.09 5.43 5.85 6.38 6.99 7.32 7.37 7.34 7.29 7.03 6.55 5.93 5.31 5.11 5.56 6.58 7.71 8.72 9.86 10.90 11.31 11.48 11.76 12.28 12.78 12.64 12.15 11.52 10.69 9.84 9.36 9.31 9.43 9.42 9.11 8.63
7.19 6.60 6.23 6.49 6.72 6.93 7.18 7.55 8.14 8.74 9.46 10.39 11.38 11.80 11.66 10.99 10.05 9.15 8.42 7.89 7.44 7.11 6.89 6.70 6.58 6.53 6.37 6.11 5.80 5.81 5.82 6.14 6.63 7.02 7.10 6.94 6.66 6.46 6.25 5.97 5.77 5.73 5.82 6.04 6.13 6.16 6.11 6.20 6.50 7.01 7.51 7.86 8.00 7.90 7.53 7.25 6.80 6.20 5.67 5.27 5.14 5.50 6.38 7.67 8.99 10.34 11.34 11.50 11.13 10.87 11.03 11.22 11.02 10.33 9.77 9.41 9.06 8.73 8.45 8.22 8.39 8.83 9.03 8.89
6.96 6.70 6.66 7.04 7.35 7.59 7.86 8.30 8.93 9.61 10.42 11.25 11.77 11.63 10.86 9.85 8.91 8.00 7.33 6.84 6.56 6.48 6.44 6.26 6.17 6.11 5.82 5.20 4.73 4.64 4.61 4.79 5.32 5.94 6.31 6.57 6.66 6.83 6.88 6.90 7.03 7.21 7.38 7.35 7.26 7.30 7.46 7.76 8.10 8.17 8.07 7.89 7.70 7.48 7.34 7.24 7.07 7.00 6.93 6.81 6.85 7.22 7.98 9.13 10.31 11.19 11.14 10.19 9.53 9.64 10.07 10.18 9.77 9.00 8.66 8.51 8.45 8.40 8.17 7.80 7.72 7.93 8.31 8.48
7.11 7.08 7.08 7.20 7.46 7.82 8.26 8.81 9.50 10.24 10.94 11.37 11.28 10.57 9.54 8.68 7.93 7.17 6.48 6.05 5.93 5.88 5.72 5.75 5.86 5.82 5.57 5.05 4.36 4.17 4.26 4.61 4.99 5.27 5.68 6.23 6.63 7.04 7.35 7.74 8.14 8.42 8.46 8.25 8.08 8.14 8.34 8.55 8.59 8.22 7.78 7.64 7.73 7.74 7.60 7.54 7.62 7.91 8.05 8.14 8.34 8.73 9.38 10.20 10.98 10.95 9.90 8.86 8.68 9.16 9.64 9.60 9.08 8.46 8.27 8.20 8.17 8.19 8.04 7.77 7.57 7.48 7.47 7.73
7.43 7.45 7.30 7.12 7.32 7.86 8.48 9.18 9.91 10.53 10.92 10.90 10.37 9.47 8.57 7.89 7.28 6.64 6.03 5.66 5.49 5.25 5.00 5.13 5.50 5.68 5.73 5.67 5.25 5.05 5.30 5.68 5.72 5.64 5.68 6.01 6.36 6.81 7.38 8.02 8.43 8.47 8.30 8.07 8.02 8.23 8.50 8.59 8.49 8.27 8.28 8.44 8.47 8.26 7.87 7.73 7.73 7.87 8.14 8.46 8.88 9.34 9.91 10.43 10.69 10.12 9.05 8.73 8.96 9.21 9.34 9.03 8.30 7.61 7.31 7.39 7.50 7.52 7.48 7.41 7.27 7.04 6.73 6.94
7.50 7.49 7.39 7.33 7.60 8.15 8.80 9.50 10.10 10.45 10.48 10.15 9.46 8.62 7.88 7.26 6.67 6.09 5.57 5.24 4.94 4.60 4.52 4.85 5.46 5.99 6.45 6.91 7.24 7.41 7.49 7.33 6.98 6.66 6.36 6.26 6.55 7.16 7.86 8.25 8.11 7.72 7.54 7.68 7.87 8.22 8.62 8.89 9.08 9.24 9.19 9.00 8.64 8.27 7.92 7.82 7.85 8.03 8.44 8.79 9.17 9.49 9.79 10.03 9.98 9.38 8.81 8.94 9.07 8.98 8.76 8.28 7.41 6.50 5.94 5.97 6.18 6.28 6.40 6.54 6.58 6.47 6.17 6.27
7.45 7.41 7.45 7.68 8.12 8.67 9.19 9.64 9.99 10.09 9.90 9.41 8.71 7.96 7.26 6.61 5.95 5.27 4.76 4.54 4.46 4.52 4.90 5.55 6.31 6.92 7.53 8.10 8.61 8.93 8.92 8.52 7.99 7.56 7.26 7.08 7.50 8.17 8.32 7.98 7.38 7.13 7.39 7.78 8.04 8.51 9.18 9.61 9.80 9.86 9.64 9.11 8.61 8.31 8.01 7.98 8.15 8.43 8.69 8.82 8.94 9.03 9.19 9.43 9.36 8.95 8.56 8.60 8.51 8.33 8.14 7.47 7.07 6.22 5.43 5.25 5.19 5.03 4.99 5.16 5.45 5.64 5.71 5.82
7.50 7.50 7.65 8.04 8.58 8.97 9.17 9.34 9.58 9.65 9.40 8.86 8.16 7.41 6.65 5.86 5.01 4.26 4.00 4.17 4.54 5.13 5.87 6.63 7.34 7.91 8.35 8.61 8.79 8.95 8.94 8.79 8.48 8.12 7.88 7.81 8.09 8.23 7.73 7.06 6.78 6.97 7.25 7.50 7.86 8.66 9.43 9.68 9.55 9.49 9.42 9.18 8.88 8.57 8.19 8.12 8.19 8.16 8.12 8.16 8.11 8.14 8.47 8.92 9.02 8.68 8.17 7.93 7.81 7.79 7.79 7.75 7.60 7.20 6.33 5.60 5.12 4.71 4.40 4.37 4.47 4.61 4.80 5.06
7.61 7.62 7.77 8.10 8.42 8.51 8.57 8.82 9.22 9.42 9.10 8.44 7.67 6.82 5.83 4.85 4.16 4.00 4.36 4.80 5.27 5.83 6.50 7.22 7.91 8.39 8.55 8.44 8.25 8.15 8.29 8.51 8.63 8.60 8.45 8.17 7.82 7.28 6.70 6.47 6.52 6.59 6.55 6.69 7.43 8.52 9.15 8.86 8.28 8.12 8.13 8.23 8.33 8.34 8.25 8.10 7.89 7.62 7.53 7.56 7.61 7.86 8.35 8.78 8.89 8.54 8.00 7.67 7.52 7.65 7.92 8.22 8.33 8.28 8.06 7.34 6.59 5.95 5.54 5.22 4.79 4.45 4.45 4.82
7.63 7.61 7.66 7.78 7.82 7.89 8.24 8.90 9.38 9.36 8.77 7.91 7.01 6.00 4.96 4.44 4.57 5.24 5.71 5.96 6.16 6.50 7.03 7.62 8.08 8.29 8.20 7.97 7.83 7.79 7.95 8.20 8.48 8.64 8.63 8.28 7.50 6.75 6.32 6.32 6.30 6.24 6.27 6.61 7.39 8.27 8.50 7.67 6.62 6.12 6.08 6.16 6.43 6.88 7.24 7.48 7.52 7.49 7.56 7.72 7.95 8.24 8.50 8.66 8.72 8.46 7.98 7.68 7.60 7.84 8.32 8.67 8.75 8.74 8.90 8.92 8.67 8.32 7.93 7.37 6.61 6.02 6.07 6.11
7.63 7.58 7.58 7.64 7.73 8.11 8.80 9.40 9.51 9.01 8.04 6.95 5.95 4.98 4.49 4.73 5.48 6.12 6.46 6.67 6.86 7.18 7.59 7.84 7.80 7.61 7.48 7.54 7.75 7.92 8.00 8.01 7.99 8.06 8.14 8.08 7.50 6.90 6.47 6.42 6.47 6.63 6.78 6.99 7.45 7.96 7.90 6.85 5.56 5.06 4.91 4.86 5.04 5.62 6.36 6.99 7.41 7.64 7.85 8.11 8.33 8.32 8.23 8.28 8.46 8.32 7.84 7.61 7.69 7.99 8.40 8.73 8.70 8.49 8.54 8.90 9.19 9.33 9.29 9.03 8.67 8.43 8.23 7.87
7.67 7.63 7.66 7.85 8.18 8.77 9.33 9.48 9.01 8.01 6.77 5.48 4.42 3.84 3.89 4.42 5.01 5.52 6.09 6.60 7.10 7.52 7.68 7.42 6.95 6.74 6.94 7.33 7.51 7.48 7.44 7.36 7.28 7.35 7.58 7.79 7.56 7.15 6.82 6.87 7.03 7.20 7.25 7.38 7.65 7.95 7.88 7.14 6.21 5.71 5.61 5.80 6.33 6.95 7.39 7.58 7.71 7.81 7.93 8.07 8.06 7.82 7.70 7.93 8.25 8.11 7.52 7.35 7.52 7.76 8.05 8.39 8.22 7.62 7.33 7.56 8.08 8.50 8.79 9.02 9.17 9.27 9.23 8.89
7.74 7.72 7.79 8.07 8.56 9.11 9.29 8.88 7.88 6.52 5.21 4.10 3.41 3.17 3.31 3.66 4.13 4.66 5.26 5.95 6.60 7.05 7.02 6.65 6.40 6.52 6.89 7.14 6.94 6.56 6.38 6.34 6.47 6.75 7.11 7.42 7.41 7.13 6.97 7.20 7.38 7.49 7.62 8.00 8.29 8.50 8.50 8.21 7.92 7.75 7.62 7.98 8.50 8.75 8.61 8.15 7.85 7.74 7.65 7.51 7.32 7.15 7.17 7.59 7.97 7.79 7.20 7.05 7.15 7.25 7.49 7.80 7.57 6.83 6.31 6.34 6.67 6.97 7.26 7.68 8.14 8.47 8.56 8.59
7.80 7.80 7.91 8.26 8.79 9.05 8.70 7.75 6.45 5.17 4.15 3.53 3.32 3.38 3.57 3.84 4.21 4.60 5.00 5.51 6.03 6.29 6.27 6.32 6.57 6.88 7.21 7.26 7.01 6.75 6.56 6.49 6.62 6.76 6.82 6.91 7.00 6.95 7.02 7.36 7.60 7.82 8.19 8.80 9.10 9.19 9.13 9.01 9.01 9.17 9.31 9.35 9.19 8.70 8.12 7.77 7.62 7.47 7.20 6.84 6.51 6.39 6.60 7.18 7.69 7.68 7.28 7.03 6.91 6.88 7.06 7.36 7.18 6.48 5.82 5.61 5.81 5.90 5.87 6.06 6.44 6.81 6.90 6.92
7.86 7.89 8.04 8.39 8.66 8.42 7.55 6.34 5.17 4.29 3.75 3.58 3.73 4.10 4.50 4.90 5.21 5.44 5.75 6.19 6.57 6.70 6.69 6.78 6.96 7.34 7.93 8.31 8.41 8.33 8.16 8.04 7.97 7.73 7.06 6.63 6.69 6.95 7.34 7.78 8.08 8.44 8.95 9.46 9.54 9.42 9.28 9.22 9.29 9.51 9.60 9.40 8.88 8.14 7.63 7.58 7.54 7.29 6.84 6.34 5.98 5.94 6.37 7.17 7.87 8.04 7.73 7.31 6.90 6.74 6.85 7.14 6.99 6.23 5.32 4.80 4.79 4.75 4.55 4.64 5.02 5.36 5.29 5.15
7.91 7.93 8.01 8.08 7.80 7.01 5.91 4.90 4.16 3.75 3.71 3.96 4.39 4.92 5.57 6.27 6.83 7.22 7.63 8.06 8.32 8.27 7.97 7.54 7.34 7.79 8.70 9.20 9.22 9.01 8.77 8.55 8.27 7.79 7.01 6.60 6.75 7.25 7.88 8.38 8.72 9.04 9.34 9.50 9.34 9.17 9.15 9.23 9.33 9.41 9.23 8.98 8.82 8.72 8.48 8.10 7.67 7.27 6.91 6.60 6.45 6.53 6.98 7.71 8.28 8.32 7.85 7.32 6.91 6.89 7.08 7.19 6.79 5.73 4.57 3.94 3.89 3.81 3.67 3.78 4.01 4.15 4.14 4.18
7.94 7.92 7.78 7.39 6.59 5.60 4.72 4.08 3.77 3.84 4.24 4.80 5.44 6.17 6.96 7.80 8.46 9.08 9.59 9.76 9.55 9.03 8.30 7.69 7.56 8.20 8.98 8.95 8.30 7.77 7.38 7.15 6.98 6.73 6.54 6.68 7.07 7.64 8.30 8.72 8.92 9.01 8.95 8.78 8.72 8.76 8.96 9.12 9.15 9.11 8.89 8.71 8.71 8.80 8.69 8.21 7.68 7.29 7.06 6.97 7.06 7.33 7.74 8.25 8.53 8.34 7.68 7.20 7.13 7.50 7.72 7.44 6.60 5.29 4.15 3.74 3.72 3.61 3.57 3.70 3.81 3.80 3.74 3.88
7.98 7.88 7.50 6.87 6.15 5.51 4.97 4.60 4.53 4.84 5.34 5.95 6.70 7.53 8.40 9.14 9.75 10.16 10.19 9.78 8.98 8.06 7.44 7.38 7.81 8.60 8.98 8.40 7.40 6.83 6.57 6.54 6.65 6.55 6.57 6.95 7.44 7.93 8.39 8.64 8.66 8.49 8.18 7.94 8.01 8.29 8.60 8.73 8.52 8.10 7.91 7.88 7.91 7.87 7.70 7.54 7.33 7.07 6.87 6.81 7.01 7.52 8.11 8.60 8.70 8.39 7.86 7.56 7.65 7.98 8.03 7.45 6.45 5.47 4.71 4.48 4.28 3.96 4.05 4.30 4.31 4.18 4.14 4.52
7.92 7.72 7.24 6.81 6.50 6.18 5.93 5.87 6.07 6.36 6.68 7.19 7.93 8.81 9.62 10.12 10.27 10.01 9.27 8.17 7.10 6.43 6.52 7.15 8.00 8.96 9.24 8.82 8.29 8.05 7.95 7.92 7.77 7.41 7.19 7.35 7.62 7.93 8.19 8.29 8.06 7.66 7.35 7.31 7.45 7.80 8.25 8.28 7.57 6.64 6.23 6.28 6.45 6.47 6.48 6.63 6.75 6.73 6.68 6.76 7.08 7.68 8.26 8.59 8.53 8.21 7.88 7.74 7.73 7.80 7.70 7.12 6.53 6.18 5.92 5.63 5.25 4.78 5.17 5.59 5.49 5.27 5.46 6.32
7.75 7.47 7.08 6.92 6.86 6.84 6.92 7.20 7.60 7.91 8.17 8.56 9.22 9.95 10.34 10.27 9.74 8.81 7.64 6.54 5.85 5.78 6.36 7.21 8.22 9.39 9.75 9.66 9.53 9.43 9.24 8.94 8.52 8.05 7.68 7.60 7.67 7.81 7.90 7.71 7.20 6.76 6.75 7.00 7.28 7.77 8.27 8.14 7.05 5.90 5.44 5.38 5.20 5.26 5.65 6.14 6.52 6.67 6.73 6.92 7.33 7.85 8.15 8.21 8.06 7.84 7.56 7.34 7.23 7.26 7.15 6.93 7.02 7.21 7.34 7.22 6.84 6.59 7.21 7.56 7.39 7.28 7.65 8.29
7.61 7.39 7.14 7.16 7.41 7.78 8.21 8.63 8.96 9.17 9.36 9.67 10.09 10.33 10.11 9.41 8.40 7.29 6.30 5.72 5.84 6.46 7.23 7.94 8.91 9.84 9.91 9.47 9.21 9.04 8.77 8.46 8.24 8.07 7.77 7.63 7.64 7.59 7.35 6.89 6.53 6.66 7.01 7.33 7.68 8.24 8.62 8.40 7.50 6.70 6.33 6.07 5.61 5.70 6.13 6.52 6.78 6.96 7.13 7.34 7.59 7.89 8.01 7.98 7.90 7.75 7.43 7.15 7.11 7.24 7.24 7.28 7.67 8.01 8.25 8.41 8.58 8.87 9.32 9.48 9.31 9.17 9.23 9.05
7.59 7.47 7.30 7.44 7.90 8.47 8.95 9.26 9.41 9.49 9.62 9.86 10.01 9.75 9.02 8.01 6.92 5.96 5.33 5.38 6.23 7.22 7.96 8.61 9.42 9.86 9.39 8.47 7.91 7.63 7.45 7.49 7.64 7.74 7.62 7.52 7.40 7.10 6.68 6.46 6.77 7.44 7.80 7.95 8.19 8.66 8.91 8.63 8.00 7.76 7.72 7.54 7.32 7.20 7.16 7.01 7.02 7.27 7.61 7.83 7.96 8.15 8.20 8.19 8.11 7.95 7.75 7.72 7.90 7.90 7.76 7.74 7.93 8.08 8.26 8.70 9.35 9.91 10.12 10.01 9.68 9.42 9.09 8.36
7.53 7.46 7.35 7.52 7.87 8.28 8.53 8.61 8.61 8.68 8.92 9.15 9.08 8.59 7.73 6.68 5.63 5.01 5.00 5.63 6.62 7.43 8.03 8.56 9.13 9.17 8.34 7.36 6.68 6.32 6.33 6.57 6.83 7.00 7.18 7.26 7.13 6.90 6.85 7.20 7.81 8.18 8.25 8.27 8.44 8.78 8.90 8.47 8.00 7.90 7.95 8.00 8.04 7.91 7.40 7.00 7.09 7.46 7.81 8.07 8.29 8.55 8.61 8.56 8.42 8.28 8.23 8.30 8.36 8.11 7.87 7.81 7.81 7.84 8.02 8.47 9.06 9.42 9.38 9.23 9.01 8.67 8.08 7.23
7.45 7.43 7.43 7.54 7.64 7.68 7.63 7.50 7.47 7.68 8.02 8.16 7.84 7.16 6.24 5.34 4.96 5.23 6.07 6.93 7.48 7.86 8.15 8.41 8.59 8.26 7.23 6.21 5.56 5.32 5.40 5.54 5.62 5.85 6.22 6.60 6.95 7.27 7.68 8.08 8.29 8.28 8.17 8.19 8.39 8.64 8.62 8.10 7.51 7.18 7.09 7.24 7.45 7.42 7.08 6.93 7.16 7.53 7.86 8.22 8.61 8.93 8.97 8.85 8.63 8.45 8.32 8.16 7.90 7.52 7.43 7.51 7.61 7.72 7.87 8.05 8.24 8.19 8.10 8.28 8.44 8.33 7.97 7.63
7.64 7.76 7.89 7.81 7.61 7.35 7.10 6.92 6.97 7.29 7.49 7.19 6.43 5.49 4.67 4.53 5.28 6.53 7.54 8.10 8.40 8.55 8.59 8.59 8.54 8.13 7.11 5.95 5.27 5.14 5.17 5.16 5.21 5.36 5.65 6.22 6.94 7.49 7.75 7.78 7.69 7.67 7.72 7.88 8.13 8.34 8.22 7.57 6.73 6.24 6.08 6.10 6.22 6.44 6.57 6.82 7.10 7.43 7.80 8.24 8.70 9.05 9.04 8.85 8.59 8.35 8.12 7.83 7.50 7.18 7.11 7.22 7.42 7.48 7.47 7.67 7.65 7.38 7.19 7.39 7.76 8.11 8.38 8.62
8.02 8.16 8.20 7.98 7.66 7.32 7.05 6.96 7.02 7.00 6.57 5.69 4.64 3.78 3.57 4.16 5.43 6.82 7.74 8.34 8.69 8.84 8.84 8.90 8.96 8.60 7.80 6.95 6.50 6.52 6.60 6.52 6.53 6.55 6.66 6.97 7.31 7.43 7.33 7.13 6.97 7.01 7.34 7.69 7.99 8.12 7.86 7.11 6.32 5.93 5.74 5.38 5.10 5.18 5.59 6.25 6.85 7.30 7.70 8.16 8.61 8.81 8.72 8.48 8.32 8.23 8.11 7.87 7.63 7.33 7.13 7.15 7.26 7.30 7.43 7.61 7.42 7.08 6.78 6.66 6.74 7.05 7.51 7.98
8.10 8.02 7.83 7.65 7.43 7.18 6.98 6.87 6.61 5.95 4.87 3.90 3.34 3.23 3.68 4.61 5.57 6.37 7.05 7.72 8.13 8.31 8.59 9.09 9.09 8.97 8.56 8.50 8.61 8.73 8.74 8.70 8.59 8.31 8.09 7.93 7.71 7.49 7.26 7.02 6.85 6.94 7.42 7.84 8.07 8.05 7.69 7.07 6.56 6.24 5.78 5.03 4.50 4.69 5.34 6.19 6.94 7.43 7.82 8.24 8.50 8.41 8.19 8.13 8.20 8.29 8.25 8.03 7.81 7.50 7.32 7.34 7.38 7.39 7.40 7.32 7.15 6.95 6.73 6.39 5.98 5.73 5.83 6.12
7.88 7.53 7.22 7.16 7.01 6.79 6.54 6.19 5.61 4.80 4.09 3.74 3.86 4.47 5.66 6.79 7.07 7.02 7.01 7.16 7.39 7.71 8.44 9.21 9.29 8.96 8.94 9.25 9.56 9.72 9.68 9.54 9.30 8.92 8.53 8.16 7.79 7.52 7.25 6.99 6.97 7.30 7.79 8.06 8.09 7.96 7.65 7.21 6.80 6.29 5.52 4.85 4.99 5.80 6.61 7.08 7.37 7.66 8.00 8.24 8.15 7.91 7.88 8.13 8.36 8.43 8.34 8.17 8.01 7.89 7.74 7.69 7.60 7.37 7.02 6.78 6.80 6.86 6.72 6.37 5.83 5.52 5.59 5.77
7.68 7.37 7.03 6.93 6.78 6.56 6.27 5.86 5.39 5.05 5.14 5.60 6.28 7.39 8.68 9.51 9.69 9.15 8.42 8.10 8.14 8.49 9.19 9.52 9.19 8.72 8.67 8.83 8.95 9.06 9.08 9.00 8.89 8.69 8.45 8.14 7.82 7.50 7.13 6.93 7.22 7.80 8.19 8.10 7.91 7.79 7.61 7.27 6.88 6.35 5.82 5.85 6.60 7.51 7.82 7.63 7.47 7.66 7.92 7.95 7.76 7.69 7.89 8.16 8.33 8.29 8.14 8.04 8.05 8.14 8.08 7.91 7.64 7.27 6.84 6.62 6.72 6.83 6.74 6.59 6.53 6.71 6.95 6.91
7.66 7.45 7.16 7.02 6.94 6.90 6.89 6.81 6.72 6.88 7.51 8.40 9.43 10.38 11.02 11.19 11.08 10.74 10.40 10.17 10.07 10.13 10.19 9.84 9.12 8.51 8.31 8.20 7.97 7.75 7.71 7.77 7.83 7.90 7.95 7.95 7.85 7.55 7.21 7.17 7.57 7.88 7.84 7.61 7.54 7.70 7.72 7.53 7.31 7.18 7.20 7.55 8.10 8.41 8.09 7.56 7.53 7.78 7.89 7.80 7.71 7.78 7.85 7.89 7.91 7.78 7.58 7.61 7.77 7.91 7.94 7.83 7.59 7.27 6.96 6.84 6.90 6.91 6.85 6.93 7.22 7.59 7.77 7.69
7.75 7.65 7.45 7.32 7.32 7.46 7.71 7.99 8.40 9.03 9.85 10.70 11.31 11.54 11.40 10.95 10.48 10.50 10.65 10.69 10.67 10.57 10.29 9.65 8.81 8.29 8.18 8.09 7.72 7.25 6.90 6.77 6.78 6.94 7.18 7.41 7.53 7.43 7.29 7.25 7.23 7.03 6.73 6.79 7.38 7.95 8.15 8.03 7.93 8.11 8.42 8.73 8.93 8.87 8.51 8.18 8.22 8.26 8.12 7.95 7.84 7.72 7.60 7.57 7.57 7.36 7.13 7.20 7.40 7.55 7.62 7.57 7.43 7.24 7.07 7.04 7.02 6.91 6.89 7.05 7.28 7.48 7.54 7.47
7.90 7.86 7.72 7.63 7.66 7.81 8.11 8.63 9.45 10.32 10.97 11.24 11.12 10.67 10.02 9.29 8.86 8.98 9.20 9.43 9.65 9.73 9.57 9.05 8.39 8.05 8.11 8.12 7.83 7.52 7.29 7.11 7.11 7.19 7.22 7.18 7.13 7.14 7.11 6.91 6.60 6.37 6.49 7.07 7.96 8.54 8.66 8.45 8.31 8.49 8.82 9.10 9.27 9.32 9.32 9.23 9.11 8.81 8.41 8.10 7.83 7.57 7.46 7.49 7.38 7.05 6.90 7.07 7.35 7.49 7.42 7.28 7.20 7.13 7.09 7.10 7.04 6.92 6.95 7.11 7.29 7.43 7.43 7.29
