project/data/elevation/US_DEM2016/US_DEM2016_point_11-01-2019_0412_30m_ang.asc
ncols	125
nrows	167
xllcorner	-2042055.000000
yllcorner	1465035.000000
cellsize	30.000000
NODATA_value	-9999.000000
[rows 0 to 41 of 167, columns 0 to 94 of 125]
320 319 316 318 320 321 323 324 327 330 334 338 337 332 331 334 339 341 339 332 324 322 325 330 335 337 339 339 329 314 301 295 296 297 294 286 283 287 293 297 299 299 301 302 304 305 304 301 304 311 318 325 332 336 337 338 339 337 334 331 329 327 323 322 323 325 328 329 327 324 324 324 325 325 324 324 325 323 322 325 331 334 326 322 326 333 337 337 330 317 312 312 309 304 303
320 319 316 318 320 321 323 324 327 330 334 338 337 332 331 334 339 341 339 332 324 322 325 330 335 337 339 339 329 314 301 295 296 297 294 286 283 287 293 297 299 299 301 302 304 305 304 301 304 311 318 325 332 336 337 338 339 337 334 331 329 327 323 322 323 325 328 329 327 324 324 324 325 325 324 324 325 323 322 325 331 334 326 322 326 333 337 337 330 317 312 312 309 304 303
322 319 316 318 320 320 320 321 322 325 330 336 337 331 328 331 338 342 343 336 326 321 322 328 333 337 341 342 331 314 304 299 298 299 298 295 292 292 294 296 298 299 301 303 305 309 312 311 311 313 316 322 329 334 336 337 338 338 335 332 330 327 323 320 320 321 324 327 327 326 325 325 326 325 323 322 322 321 319 321 328 334 327 321 324 332 339 340 333 321 316 316 314 312 311
325 321 318 319 321 319 316 314 314 316 321 330 336 329 321 323 333 343 348 340 327 320 319 323 329 336 345 350 336 318 310 305 303 305 307 308 306 303 301 300 302 305 308 309 310 314 318 319 317 314 314 317 323 329 332 332 334 335 334 333 331 329 326 320 315 313 315 320 323 325 325 326 327 326 322 319 318 316 313 312 320 329 325 318 320 331 342 347 338 325 320 321 320 319 318
324 321 319 321 322 320 315 311 309 309 312 321 332 327 315 315 326 341 347 338 325 319 318 321 327 336 350 353 337 322 316 313 312 313 314 315 314 313 313 311 309 310 313 313 313 315 318 319 317 314 313 315 321 325 327 326 324 323 324 326 328 329 328 324 316 309 307 308 311 315 317 320 321 322 319 316 315 312 309 309 315 321 319 314 316 328 344 349 337 326 323 323 321 319 317
321 320 320 321 323 323 318 313 307 304 305 313 326 325 314 314 324 339 343 334 322 317 317 322 329 341 352 348 335 325 321 318 317 318 318 318 317 317 319 318 314 310 310 311 312 313 315 316 314 312 312 315 321 325 325 323 322 320 319 319 319 321 324 323 316 309 305 303 302 302 304 307 310 311 312 312 312 311 309 310 313 315 313 309 310 322 342 347 334 325 325 325 321 317 314
318 319 320 322 324 324 322 317 309 303 301 307 319 322 315 314 323 337 341 330 318 313 315 323 335 347 348 340 332 326 322 319 319 320 321 320 319 320 321 322 318 313 309 308 308 309 310 310 309 308 309 314 322 328 330 329 328 328 327 324 317 313 313 315 313 310 308 307 305 304 303 304 307 308 309 310 310 310 310 312 313 312 309 306 305 316 336 341 330 325 325 323 318 314 310
316 318 321 324 325 324 322 318 312 306 303 305 313 316 313 312 320 335 340 327 313 310 314 326 340 347 342 335 330 325 320 319 319 322 323 324 324 324 325 325 324 319 313 309 306 305 305 304 304 305 308 314 323 331 334 333 332 333 333 331 323 313 309 310 311 311 311 312 313 312 310 308 310 311 311 311 311 311 312 314 314 312 309 307 305 313 329 333 326 324 324 320 315 311 307
314 317 322 326 327 326 322 319 315 313 311 310 311 312 310 308 315 331 338 325 312 309 314 327 341 341 336 332 329 325 321 319 320 323 326 327 328 329 329 329 328 325 320 316 313 310 308 307 306 306 308 314 322 328 330 330 330 331 332 329 323 317 313 312 310 310 311 314 317 318 315 311 311 311 311 312 313 313 314 316 316 313 312 306 313 317 327 327 322 323 322 318 312 309 308
310 314 322 327 328 326 323 320 318 319 319 317 316 313 309 306 310 326 333 322 313 312 319 330 336 334 331 329 328 326 323 322 321 323 325 327 329 329 330 331 331 329 326 324 323 319 314 311 308 308 310 314 319 321 319 317 318 322 323 319 317 317 316 315 312 310 312 316 320 321 316 312 311 313 315 315 316 317 320 322 321 319 318 321 323 326 329 324 320 322 322 317 312 315 318
305 309 319 326 328 328 325 323 323 324 325 323 322 319 313 307 309 321 327 320 316 319 329 337 334 330 329 327 326 325 324 322 320 320 322 323 323 324 326 329 330 330 328 327 327 324 317 310 308 308 311 315 319 320 316 307 303 308 314 315 314 315 316 317 315 313 314 318 323 324 318 314 314 316 319 320 319 320 324 326 325 323 323 325 330 334 331 321 318 320 322 320 320 324 325
300 304 313 322 328 329 327 326 328 330 330 329 327 326 322 317 315 320 322 320 319 324 336 339 333 330 329 327 324 323 322 319 316 316 317 317 315 316 319 323 325 326 326 326 327 326 319 310 307 308 311 316 321 324 320 309 302 307 312 313 313 314 316 319 318 314 314 318 325 326 322 316 315 318 321 322 320 319 321 321 318 317 318 321 328 336 332 319 315 320 326 327 328 328 328
301 302 309 318 324 327 327 327 330 332 333 333 332 333 331 328 326 322 319 317 318 326 336 334 330 328 327 324 321 319 316 312 308 307 308 309 309 309 311 313 316 319 321 323 325 324 319 311 307 307 310 313 317 319 318 317 314 313 313 313 313 314 317 320 320 316 314 318 324 327 324 318 316 319 321 321 317 311 306 301 300 301 304 310 319 330 332 323 317 322 328 330 331 331 330
306 307 311 315 317 320 321 323 327 329 330 332 334 336 336 335 335 329 319 314 315 324 329 324 324 323 320 317 314 309 305 300 296 297 301 302 302 301 302 304 307 310 312 316 319 319 317 312 309 309 311 311 308 309 315 320 322 319 315 314 313 314 316 319 321 320 318 320 324 326 324 319 318 320 320 316 308 302 300 298 300 302 305 309 315 324 332 331 324 322 326 329 330 329 330
308 311 315 316 313 310 309 311 313 315 318 322 327 332 334 337 341 338 325 314 312 318 320 317 317 315 310 307 305 301 298 295 296 303 306 303 300 300 301 301 302 304 305 307 310 313 314 313 313 314 315 314 312 313 317 323 326 323 317 314 314 315 317 320 322 324 324 324 325 326 324 321 320 319 315 310 308 308 308 307 308 311 313 315 318 324 333 336 328 322 323 326 326 325 326
305 308 315 317 311 301 294 293 295 298 301 305 312 319 323 330 342 346 335 322 316 317 318 318 317 313 307 305 307 308 309 307 307 310 313 312 311 311 311 310 310 310 310 311 312 313 314 314 315 316 318 321 319 317 320 325 330 325 318 316 316 317 320 323 324 326 329 330 329 327 324 322 322 319 315 313 315 316 313 310 310 313 317 319 322 326 334 340 332 322 321 324 323 321 321
302 304 310 313 307 296 290 291 295 298 300 303 308 313 315 322 337 348 344 335 326 322 321 321 322 320 316 314 315 316 317 315 312 312 316 318 319 320 320 318 318 319 320 319 318 316 315 315 316 316 320 323 320 319 322 328 333 327 320 319 319 321 323 326 327 329 332 333 332 328 325 325 326 324 321 320 321 321 317 312 312 315 319 322 325 330 336 342 337 324 320 322 322 320 321
305 306 310 311 306 301 301 304 307 310 313 316 320 323 322 322 331 344 346 339 331 326 323 322 324 324 321 319 319 319 320 320 316 315 317 319 321 323 324 323 322 323 323 322 320 316 315 315 315 316 320 322 319 319 323 331 333 326 321 321 322 323 324 326 328 330 332 334 333 329 328 330 332 329 326 326 328 327 323 318 316 318 321 325 329 333 336 341 339 327 320 320 322 324 326
308 310 316 315 309 307 309 313 317 321 324 327 330 333 335 334 334 340 342 335 331 329 325 323 323 323 322 321 321 321 321 323 322 321 320 321 322 325 327 326 324 323 323 322 319 315 311 310 311 314 319 320 320 321 325 332 331 323 321 321 322 322 323 323 325 328 331 332 332 329 329 332 334 332 330 332 335 334 331 327 323 322 324 327 331 334 335 337 338 332 324 322 325 329 330
307 309 315 315 311 310 314 319 323 327 330 332 335 340 344 345 344 343 338 332 331 331 327 324 324 324 323 322 323 323 322 324 325 326 326 325 325 326 327 327 325 323 322 321 318 314 309 307 309 314 319 321 321 323 327 332 328 321 320 320 321 321 320 319 319 322 327 331 332 328 325 328 330 330 331 334 336 335 333 331 328 326 327 329 331 333 333 334 337 338 333 326 326 328 327
309 309 312 314 313 314 317 322 326 329 332 334 337 342 348 352 354 349 338 332 332 332 329 327 326 326 325 324 325 325 324 324 326 328 329 328 326 325 325 326 324 321 319 318 316 314 312 311 313 316 319 322 324 327 330 330 326 321 319 319 319 318 316 313 310 310 315 322 326 323 318 318 320 323 326 330 332 331 330 330 328 327 328 330 331 333 336 338 340 344 342 331 325 325 323
321 319 318 318 316 317 319 323 326 329 331 333 336 341 348 356 360 352 338 333 334 333 331 329 328 328 328 327 327 328 325 324 325 327 328 328 324 321 321 322 321 317 315 314 313 315 316 316 316 318 320 322 325 329 331 329 325 321 319 317 314 311 307 301 296 294 295 301 309 311 309 308 308 310 314 319 322 321 322 325 323 323 326 330 332 334 337 340 343 348 347 333 325 323 322
325 324 323 321 319 319 320 323 325 327 329 332 335 339 347 357 1 350 338 333 332 332 330 329 328 328 328 328 328 328 326 324 324 324 325 324 318 315 315 315 313 310 312 314 316 317 317 317 317 318 319 322 325 328 330 328 325 322 318 314 308 301 297 294 289 286 286 290 298 303 303 300 298 299 302 306 310 311 315 320 319 318 322 327 331 332 333 335 340 348 346 334 325 325 326
318 320 323 322 320 319 320 322 323 325 328 331 335 340 347 357 357 345 337 331 327 326 326 326 325 324 325 326 327 327 325 323 321 320 319 316 311 307 306 306 307 309 313 316 318 318 316 316 316 317 318 320 322 325 325 324 324 322 319 314 307 301 299 299 298 296 296 300 305 308 305 299 293 292 294 299 302 305 311 317 316 314 315 319 325 328 329 331 337 344 345 335 325 325 327
309 313 318 318 317 317 318 320 322 324 326 329 335 341 348 353 348 339 335 330 323 321 320 320 320 319 320 322 323 323 322 321 318 313 310 306 300 297 299 304 310 315 317 318 319 318 317 316 316 317 318 320 322 322 321 320 322 324 322 317 312 308 307 307 309 309 309 310 311 312 310 304 297 291 292 296 298 299 304 311 311 311 311 313 319 326 330 333 338 343 345 338 326 323 324
302 305 311 312 312 313 315 316 319 321 323 327 333 340 347 350 342 336 335 331 326 324 322 321 319 317 316 318 319 318 317 316 312 307 303 300 297 299 307 313 316 318 318 319 320 319 318 317 317 318 319 320 321 321 319 318 321 325 326 323 318 314 312 312 314 315 315 315 313 312 313 312 306 300 299 299 297 294 297 303 306 308 310 310 314 322 328 332 337 342 346 341 329 322 322
299 302 307 308 309 311 315 318 320 321 324 329 335 340 347 342 340 335 335 332 330 327 325 324 321 317 314 314 314 314 313 312 311 311 310 309 309 312 315 318 319 318 317 318 319 319 318 318 319 319 319 319 320 321 319 319 322 326 328 327 323 320 318 319 319 319 320 319 317 316 316 316 312 308 307 306 302 299 300 303 304 307 309 309 310 316 323 328 334 339 344 342 331 323 323
299 301 306 308 309 310 315 320 324 326 328 333 339 343 349 350 341 335 333 330 328 326 324 322 319 315 311 310 311 312 312 314 317 318 319 319 319 318 319 320 320 317 316 317 318 318 319 319 319 320 320 320 321 321 319 320 324 326 327 326 324 324 325 327 327 326 325 325 324 322 321 318 314 312 312 312 309 307 309 310 309 307 308 308 308 311 318 326 331 336 342 340 331 323 322
299 302 306 309 309 309 312 319 324 328 331 335 340 345 351 352 343 333 328 325 324 322 320 317 314 309 305 304 309 314 315 317 320 321 322 322 323 322 321 321 321 318 315 315 317 318 319 320 320 321 321 321 323 323 321 323 326 326 325 324 323 324 327 330 333 333 332 331 330 328 326 322 318 316 316 315 313 313 316 319 318 313 308 306 307 308 313 321 329 334 338 339 332 324 321
302 304 308 311 311 309 310 315 322 326 329 332 336 341 350 348 343 331 324 319 317 316 314 310 305 300 295 296 306 315 317 319 321 323 323 322 324 325 323 321 320 318 315 315 316 318 320 321 321 322 322 323 326 328 328 328 327 326 324 320 319 321 326 330 334 334 334 335 335 335 333 329 324 322 321 319 318 319 322 325 325 319 311 305 304 306 309 316 325 333 337 339 335 327 322
303 306 312 315 315 312 310 313 319 325 328 331 333 338 347 341 340 328 321 315 311 309 304 298 290 286 287 295 304 311 315 317 320 321 321 321 322 324 323 320 318 316 315 314 316 318 321 322 322 321 321 322 327 333 336 333 326 324 321 316 314 317 322 327 329 330 331 335 338 338 337 335 331 329 327 324 323 324 326 327 326 323 317 309 303 302 304 309 318 328 336 339 338 333 326
301 303 310 315 318 315 312 313 317 325 330 334 337 341 349 350 337 326 319 315 308 302 300 297 290 290 299 307 307 306 308 311 314 315 316 316 317 319 319 317 315 314 314 315 318 321 324 324 321 319 319 320 325 334 340 337 327 321 316 310 309 313 319 324 325 323 324 330 335 336 337 337 335 332 331 329 327 327 327 326 324 323 321 314 306 301 300 302 307 318 329 337 340 338 330
297 298 302 309 314 316 314 313 315 321 328 335 339 344 351 350 336 324 319 318 314 325 308 316 310 308 311 315 314 308 302 303 305 307 308 308 309 313 314 313 312 311 312 315 319 322 324 324 321 318 317 316 321 333 342 340 328 319 311 305 304 308 315 321 321 318 319 324 327 329 333 335 332 330 331 332 331 327 325 325 325 323 320 315 312 308 304 301 302 306 315 327 337 339 330
298 297 298 303 308 312 312 312 313 316 322 331 338 344 351 351 337 326 324 353 330 323 325 326 322 317 316 318 319 317 312 309 308 307 306 306 307 309 311 310 308 308 309 310 311 311 315 318 317 317 315 312 316 329 343 342 330 319 309 302 300 304 313 319 320 316 315 319 319 321 327 330 325 323 327 331 332 329 327 327 327 324 317 314 315 315 313 309 305 302 304 314 328 335 327
305 304 305 307 310 312 313 311 311 313 317 325 335 344 351 354 344 332 353 340 328 329 330 330 327 323 320 320 322 324 323 320 318 315 312 310 309 309 309 308 306 306 305 304 301 301 306 312 316 317 315 311 313 325 342 341 331 319 309 302 301 306 314 319 319 315 313 315 314 315 323 327 319 316 323 330 331 330 329 329 329 324 318 316 319 321 322 320 316 312 310 313 323 332 328
309 310 314 317 319 321 319 316 313 312 314 319 329 342 352 357 352 338 331 332 330 331 332 332 330 327 324 323 323 325 327 325 323 321 318 314 313 311 310 308 307 306 306 305 306 308 311 316 321 322 320 313 312 323 341 340 330 320 310 304 304 309 316 320 320 316 311 311 310 311 321 327 316 312 321 328 327 327 330 334 334 327 322 321 324 327 328 326 323 321 321 322 327 335 334
307 311 317 321 325 327 327 324 319 314 311 313 320 336 352 1 353 336 342 329 329 330 330 331 331 329 326 325 325 326 328 328 324 323 321 319 318 315 314 312 311 311 312 313 314 316 319 323 327 329 326 317 313 322 340 339 329 320 311 306 306 310 317 320 322 320 314 309 307 307 318 327 316 310 320 326 324 324 328 334 337 332 327 326 329 332 330 325 321 322 324 326 330 338 341
304 307 315 321 324 326 328 329 326 318 309 307 311 326 350 1 348 331 326 326 325 325 326 327 328 327 326 325 325 327 330 330 325 322 321 320 319 318 316 315 317 319 321 320 319 321 324 327 330 333 330 321 314 321 339 339 329 320 312 307 307 311 318 323 326 327 321 312 306 304 314 325 316 310 317 324 322 321 324 330 335 333 329 329 332 333 328 322 320 322 324 326 330 338 345
300 303 311 318 320 321 323 327 328 323 319 307 308 318 335 352 338 343 322 320 319 319 319 321 322 321 322 323 324 327 330 331 327 323 320 319 320 319 318 318 320 323 324 323 323 324 326 326 327 330 330 323 316 321 337 338 328 320 312 306 305 309 316 322 327 330 326 316 306 301 309 321 316 309 314 323 322 318 317 322 330 330 327 328 332 331 326 324 325 328 330 331 333 340 349
297 299 306 313 315 315 317 323 327 326 322 319 318 326 332 334 346 327 337 318 313 311 313 315 318 318 320 321 322 325 329 331 329 326 322 321 321 321 320 319 322 324 324 322 322 325 327 327 326 327 329 326 321 322 335 336 327 319 311 304 301 303 307 312 317 322 323 317 307 299 303 314 313 307 311 322 323 315 311 315 324 326 324 327 331 329 326 327 329 333 336 337 340 345 354
296 297 304 311 314 315 318 324 328 328 327 330 335 342 337 8 336 327 327 323 316 313 314 317 318 319 320 321 321 322 325 328 329 326 324 324 324 324 322 321 324 326 322 318 318 323 328 331 332 332 332 332 328 327 333 331 323 317 309 301 297 297 299 300 302 308 315 317 312 303 300 306 307 305 309 320 324 314 307 311 323 326 324 326 328 326 326 328 330 333 336 339 344 351 359
298 299 306 313 317 319 322 327 329 328 330 335 345 352 340 327 325 328 333 333 326 321 321 321 320 319 318 319 319 320 322 325 326 326 325 324 324 324 322 322 326 328 324 316 313 317 324 330 333 334 336 339 337 333 330 326 319 314 308 299 295 296 300 302 305 310 315 317 317 312 307 304 302 301 304 315 321 312 306 310 324 327 323 323 323 322 324 328 330 332 334 337 344 353 2
