project/data/elevation/US_DEM2016/US_DEM2016_point_10-31-2019_0046_30m_vel.asc
ncols	125
nrows	167
xllcorner	-2042055.000000
yllcorner	1465035.000000
cellsize	30.000000
NODATA_value	-9999.000000
[rows 0 to 36 of 167, columns 0 to 82 of 125]
7.43 6.70 6.07 6.73 8.08 9.71 11.26 12.38 12.80 13.05 13.48 14.28 14.61 13.92 13.28 13.28 13.33 13.11 12.41 11.72 11.30 11.40 11.90 12.46 12.86 12.84 12.40 11.11 9.37 7.65 6.21 5.13 4.43 3.97 3.67 3.64 4.08 4.96 5.91 6.48 6.77 6.97 7.16 7.23 6.96 6.46 5.99 6.07 6.72 7.82 8.94 10.01 10.90 11.76 12.08 12.18 11.94 10.89 9.86 9.15 8.72 8.62 8.86 9.55 10.04 10.18 9.99 9.34 8.19 7.43 7.24 7.45 7.82 8.22 8.53 8.73 8.93 9.42 10.13 10.68 11.10 11.15 10.44
7.43 6.70 6.07 6.73 8.08 9.71 11.26 12.38 12.80 13.05 13.48 14.28 14.61 13.92 13.28 13.28 13.33 13.11 12.41 11.72 11.30 11.40 11.90 12.46 12.86 12.84 12.40 11.11 9.37 7.65 6.21 5.13 4.43 3.97 3.67 3.64 4.08 4.96 5.91 6.48 6.77 6.97 7.16 7.23 6.96 6.46 5.99 6.07 6.72 7.82 8.94 10.01 10.90 11.76 12.08 12.18 11.94 10.89 9.86 9.15 8.72 8.62 8.86 9.55 10.04 10.18 9.99 9.34 8.19 7.43 7.24 7.45 7.82 8.22 8.53 8.73 8.93 9.42 10.13 10.68 11.10 11.15 10.44
7.31 6.70 6.31 6.90 7.87 9.19 10.47 11.40 11.88 12.09 12.47 13.14 13.38 13.04 12.55 12.50 12.62 12.59 12.09 11.37 11.08 11.21 11.56 11.85 11.98 11.79 11.04 9.78 8.40 7.08 5.99 5.15 4.57 4.20 3.96 3.94 4.25 4.81 5.44 5.95 6.21 6.41 6.63 6.93 7.17 7.20 7.11 7.12 7.57 8.33 9.13 9.82 10.41 10.89 11.13 11.21 11.17 10.82 10.13 9.30 8.63 8.27 8.45 8.87 9.19 9.31 9.34 9.24 8.96 8.47 8.17 8.08 8.08 8.08 8.10 8.19 8.44 8.95 9.48 9.79 9.93 10.08 10.08
7.74 7.20 7.01 7.43 7.97 8.60 9.31 9.68 9.74 9.85 10.31 10.73 10.90 10.75 10.65 10.65 10.79 11.11 11.07 10.78 10.80 10.94 10.88 10.54 10.15 9.64 8.86 8.07 7.29 6.60 6.03 5.57 5.31 5.24 5.15 5.03 4.96 5.01 5.11 5.36 5.90 6.40 6.81 7.29 7.87 8.34 8.63 8.73 8.87 9.14 9.40 9.44 9.42 9.28 9.20 8.95 8.96 9.33 9.54 9.42 9.03 8.58 8.23 7.97 7.64 7.52 7.78 8.36 8.88 9.13 9.08 8.75 8.27 7.78 7.45 7.38 7.62 8.00 8.16 7.96 7.97 8.62 9.47
8.22 7.79 7.72 7.94 8.16 8.44 8.59 8.59 8.33 8.20 8.36 8.66 8.87 8.87 8.89 8.92 9.06 9.42 9.97 10.47 10.81 10.67 10.15 9.31 8.47 7.93 7.69 7.48 7.23 7.00 6.80 6.71 6.78 6.84 6.73 6.44 6.11 5.90 5.74 5.86 6.47 7.14 7.77 8.33 8.62 8.88 9.11 9.37 9.57 9.63 9.55 9.26 8.80 8.24 7.70 6.86 6.42 6.61 7.39 8.31 8.79 8.78 8.39 7.59 6.87 6.37 6.23 6.51 7.05 7.48 7.67 7.59 7.34 7.04 6.86 6.87 7.01 7.15 7.12 6.94 7.13 7.99 8.99
8.27 8.02 8.09 8.32 8.33 8.34 8.24 7.82 7.50 7.31 7.16 7.30 7.69 7.98 8.30 8.54 8.73 8.88 9.43 10.12 10.43 10.00 9.16 8.11 7.30 7.11 7.26 7.43 7.55 7.67 7.83 8.00 8.07 7.92 7.63 7.30 7.03 6.82 6.63 6.56 6.71 7.03 7.60 8.31 8.70 8.85 9.02 9.35 9.57 9.61 9.49 9.21 8.80 7.94 6.91 6.04 5.75 5.88 6.26 6.75 7.29 7.65 7.55 6.95 6.32 5.85 5.57 5.44 5.42 5.46 5.57 5.69 5.80 5.94 6.11 6.28 6.44 6.55 6.65 6.74 7.02 7.62 8.22
8.42 8.39 8.53 8.75 8.61 8.29 7.82 7.15 6.73 6.62 6.51 6.51 6.90 7.63 8.35 8.67 8.98 9.11 9.11 9.17 9.21 8.83 8.08 7.31 6.97 7.01 7.19 7.38 7.64 8.03 8.44 8.70 8.62 8.41 8.19 8.04 7.96 7.81 7.49 7.07 6.79 6.77 6.99 7.45 7.84 7.89 7.97 8.25 8.70 8.97 9.13 9.12 8.85 8.49 7.97 7.45 7.42 7.41 7.19 6.81 6.43 6.26 6.17 6.01 5.75 5.51 5.35 5.25 5.18 5.08 5.01 5.04 5.19 5.40 5.60 5.76 5.85 6.02 6.33 6.65 6.95 7.30 7.44
8.56 8.81 9.26 9.27 8.98 8.19 7.34 6.59 6.33 6.44 6.36 6.13 6.48 7.40 8.18 8.32 8.55 8.70 8.37 7.96 7.81 7.60 7.26 7.05 7.02 7.11 7.27 7.40 7.61 8.04 8.55 8.89 9.00 9.14 9.37 9.69 9.77 9.51 8.98 8.30 7.57 7.01 6.79 6.66 6.52 6.50 6.56 6.90 7.68 8.55 8.94 9.03 9.03 9.28 9.47 9.48 9.16 8.70 8.02 7.17 6.31 5.71 5.53 5.52 5.46 5.32 5.28 5.39 5.48 5.42 5.28 5.20 5.24 5.35 5.51 5.63 5.71 5.94 6.32 6.57 6.73 6.87 6.77
8.98 9.32 9.93 9.79 9.25 8.38 7.38 6.80 6.79 6.82 6.63 6.43 6.69 7.31 7.67 7.54 7.49 7.62 7.43 7.12 7.04 6.85 6.56 6.58 6.74 7.00 7.41 7.80 8.04 8.24 8.69 9.23 9.82 10.62 11.46 11.97 11.99 11.60 11.02 10.27 9.32 8.29 7.42 6.84 6.44 6.34 6.72 7.33 8.27 8.92 8.96 8.55 8.30 8.51 8.85 8.97 8.65 8.00 7.21 6.52 5.98 5.66 5.57 5.63 5.66 5.66 5.76 5.90 5.86 5.66 5.46 5.36 5.43 5.69 6.04 6.35 6.61 6.97 7.17 7.06 6.84 6.65 6.45
9.20 9.67 10.19 10.01 9.46 8.83 8.03 7.77 8.00 8.08 7.68 7.32 7.34 7.42 7.23 6.80 6.53 6.69 6.94 7.01 7.00 6.59 6.13 6.14 6.46 6.87 7.40 7.97 8.44 8.82 9.38 10.08 10.96 11.82 12.38 12.49 12.33 12.11 11.93 11.65 11.09 10.23 9.23 8.31 7.59 7.51 7.80 8.47 9.18 9.30 8.75 7.57 6.72 6.07 6.13 6.47 6.57 6.28 5.93 5.69 5.56 5.53 5.59 5.82 6.26 6.62 6.90 6.92 6.44 5.85 5.66 5.82 6.28 6.92 7.49 7.93 8.39 8.82 8.88 8.54 8.00 7.60 7.39
9.47 9.54 9.95 10.06 9.80 9.57 9.43 9.70 9.97 9.82 9.34 8.74 8.18 7.62 7.00 6.32 6.04 6.48 7.13 7.52 7.46 6.95 6.46 6.41 6.69 7.06 7.39 7.88 8.71 9.67 10.44 11.06 11.46 11.47 11.05 10.44 10.33 10.77 11.27 11.60 11.65 11.30 10.61 9.69 8.87 8.43 8.38 8.90 9.36 9.15 8.13 6.85 5.82 5.09 4.74 4.67 4.86 5.10 5.28 5.38 5.44 5.56 5.81 6.26 6.97 7.71 8.06 7.84 7.16 6.39 6.31 6.89 7.73 8.49 9.11 9.60 10.01 10.14 9.93 9.53 9.17 8.90 8.63
9.31 8.95 9.20 10.00 10.54 10.92 11.33 11.72 11.89 11.48 10.85 10.18 9.36 8.23 7.15 6.53 6.37 6.89 7.63 8.02 7.91 7.48 7.09 6.98 7.16 7.53 7.96 8.60 9.52 10.37 10.76 10.82 10.41 9.56 8.46 7.84 8.09 8.82 9.48 10.02 10.52 10.88 10.91 10.53 9.84 9.12 8.86 9.12 9.10 8.51 7.27 6.47 5.91 5.26 4.63 4.22 4.29 4.76 5.22 5.49 5.72 6.10 6.64 7.22 7.87 8.39 8.55 8.35 7.91 7.53 7.44 8.01 8.74 9.46 9.97 10.21 10.07 9.55 8.69 8.10 7.86 7.79 7.76
8.66 8.19 8.22 9.39 10.56 11.42 11.94 12.14 12.16 11.88 11.45 10.96 10.32 9.20 8.09 7.47 7.26 7.38 7.67 7.82 7.69 7.41 7.20 7.18 7.45 7.93 8.53 9.14 9.54 9.61 9.35 8.71 7.71 6.61 6.05 6.30 6.87 7.17 7.22 7.65 8.36 9.15 9.92 10.37 10.29 9.77 9.34 9.25 8.63 7.37 6.22 5.70 5.18 4.68 4.31 4.23 4.49 4.98 5.52 6.01 6.49 7.05 7.64 8.10 8.40 8.52 8.53 8.63 8.69 8.63 8.66 9.02 9.63 10.01 9.90 9.30 8.25 6.93 5.85 5.29 5.16 5.35 5.72
8.66 8.42 8.30 8.62 9.30 10.04 10.43 10.47 10.31 10.29 10.39 10.44 10.34 9.92 9.29 8.63 8.10 7.67 7.35 7.04 6.77 6.68 6.77 6.95 7.25 7.57 7.86 7.90 7.55 7.00 6.35 5.47 4.64 4.18 4.40 5.11 5.44 5.30 5.27 5.64 6.19 6.91 7.74 8.56 9.25 9.49 9.44 9.14 8.35 6.95 5.73 4.74 4.11 3.99 4.20 4.63 5.08 5.51 6.06 6.78 7.44 7.98 8.34 8.60 8.75 8.84 8.96 9.19 9.39 9.42 9.53 9.92 10.14 9.70 8.59 7.07 5.66 4.84 4.55 4.59 4.87 5.26 5.61
9.08 9.21 8.80 8.20 7.66 7.53 7.45 7.17 6.94 7.20 7.76 8.38 8.84 9.22 9.35 9.12 8.58 7.86 7.15 6.41 5.89 5.96 6.27 6.47 6.48 6.35 6.06 5.56 4.98 4.52 4.14 3.89 3.86 4.00 4.20 4.30 4.25 4.31 4.52 4.73 4.91 5.19 5.64 6.34 7.42 8.78 9.29 9.18 8.45 7.33 5.92 4.77 4.34 4.57 5.15 5.63 5.86 6.10 6.61 7.45 8.35 8.91 9.25 9.49 9.71 9.95 10.10 10.13 10.12 10.09 10.18 10.30 9.71 8.18 6.50 5.41 5.02 4.96 5.17 5.66 6.26 6.76 6.89
9.12 9.03 8.45 7.57 6.23 5.23 4.54 4.14 4.17 4.46 4.97 5.49 6.18 7.04 7.97 8.51 8.47 7.92 7.11 6.25 5.78 5.88 6.11 6.06 5.74 5.29 4.84 4.55 4.39 4.23 4.17 4.40 4.86 5.21 5.21 5.07 4.98 5.08 5.29 5.43 5.46 5.53 5.83 6.59 7.73 9.07 9.53 9.27 8.41 7.23 6.23 5.70 5.64 6.08 6.59 6.81 6.72 6.77 7.35 8.42 9.44 10.24 10.72 10.94 11.14 11.43 11.57 11.51 11.41 11.26 10.98 10.23 8.59 6.91 6.09 6.02 6.21 6.22 6.33 6.80 7.51 7.98 8.08
8.55 7.95 7.14 6.45 5.13 4.07 3.55 3.50 3.73 4.22 4.68 4.98 5.38 6.11 6.94 7.58 7.89 7.78 7.26 6.71 6.43 6.35 6.22 5.95 5.63 5.33 5.21 5.32 5.45 5.45 5.32 5.30 5.63 6.21 6.59 6.76 6.78 6.72 6.72 6.88 7.19 7.62 8.13 8.94 9.80 10.18 9.84 9.22 8.39 7.54 6.90 6.73 6.94 7.39 7.80 7.96 7.80 8.00 8.81 9.95 11.07 11.85 12.25 12.38 12.34 12.36 12.46 12.56 12.63 12.30 11.55 10.28 8.39 7.55 7.70 8.06 8.08 7.80 7.71 8.07 8.61 9.05 9.44
8.32 7.69 6.67 5.74 5.00 4.60 4.75 5.22 5.82 6.51 7.00 7.22 7.43 7.53 7.49 7.30 7.36 7.55 7.51 7.34 7.09 6.73 6.34 6.08 5.99 6.03 6.18 6.37 6.58 6.73 6.68 6.42 6.44 6.94 7.58 8.09 8.33 8.32 8.21 8.42 9.07 9.72 10.34 10.79 10.83 10.20 9.26 8.61 8.28 8.00 7.64 7.54 7.85 8.40 8.79 8.89 9.01 9.42 10.45 11.60 12.40 12.69 12.66 12.57 12.40 12.22 12.16 12.21 12.44 12.37 11.96 11.45 10.51 10.26 10.70 11.03 10.92 10.47 10.27 10.25 10.30 10.48 10.86
8.48 8.04 7.01 6.05 5.81 6.40 7.37 8.28 9.10 9.72 10.09 10.24 10.07 9.45 8.53 7.71 7.37 7.47 7.61 7.58 7.36 7.00 6.65 6.49 6.57 6.75 6.90 7.07 7.36 7.73 8.01 8.09 8.11 8.26 8.65 9.23 9.78 9.99 10.10 10.38 10.82 11.18 11.24 10.86 9.88 8.47 7.32 7.13 7.64 7.99 8.28 8.49 8.93 9.40 9.58 9.48 9.73 10.53 11.61 12.28 12.37 11.99 11.50 11.23 11.22 11.30 11.37 11.29 11.25 11.47 12.07 12.65 13.25 13.54 13.82 14.22 14.39 14.26 13.97 13.44 12.85 12.27 11.91
8.14 7.47 6.51 6.14 6.87 8.26 9.73 10.88 11.63 11.89 11.84 11.59 11.13 10.28 9.37 8.55 7.99 7.75 7.73 7.68 7.55 7.42 7.31 7.30 7.33 7.38 7.53 7.78 8.08 8.52 9.13 9.78 10.32 10.67 10.89 11.15 11.33 11.37 11.59 11.83 11.80 11.38 10.58 9.37 7.86 6.42 5.72 5.99 7.15 8.15 8.97 9.59 10.03 10.13 9.99 9.82 10.30 11.24 11.74 11.70 11.02 10.17 9.49 9.20 9.37 9.82 10.19 10.27 10.08 10.24 11.20 12.43 13.54 14.17 14.62 15.26 15.69 15.74 15.44 14.99 14.30 13.48 12.43
7.14 6.50 6.02 6.64 8.30 10.15 11.41 12.07 12.28 12.03 11.58 11.13 10.70 10.19 9.76 9.23 8.64 8.14 7.94 7.91 7.94 8.07 8.32 8.51 8.55 8.50 8.67 8.92 9.19 9.62 10.40 11.37 12.17 12.69 12.85 12.60 12.19 11.92 11.87 11.70 11.08 9.96 8.56 7.11 6.02 5.52 5.59 6.39 7.77 9.00 10.11 10.92 11.17 10.90 10.51 10.49 10.98 11.23 11.07 10.23 9.13 8.12 7.34 6.88 7.06 7.35 7.70 8.01 8.22 8.56 9.20 10.21 11.34 12.12 12.70 13.28 13.71 13.84 13.89 13.82 13.65 13.15 12.42
7.68 7.37 7.60 8.91 10.58 11.72 12.03 11.84 11.39 10.67 10.13 9.79 9.51 9.42 9.38 9.16 8.76 8.33 8.21 8.38 8.75 9.29 9.82 10.15 10.30 10.33 10.44 10.64 10.94 11.41 12.12 12.72 12.99 12.93 12.56 11.96 11.49 11.06 10.63 9.83 8.74 7.51 6.28 5.39 5.25 5.75 6.67 7.96 9.07 10.21 11.10 11.49 11.57 11.55 11.26 11.14 11.08 10.65 9.78 8.42 7.14 6.10 5.09 4.62 4.63 4.57 4.52 4.89 5.62 6.23 7.13 7.76 8.23 8.53 8.80 9.23 9.29 9.54 9.94 10.31 11.17 11.92 12.13
9.00 9.57 10.72 11.61 12.13 12.18 11.52 10.65 9.78 9.22 8.92 8.68 8.47 8.43 8.47 8.51 8.45 8.38 8.53 8.96 9.66 10.40 10.98 11.41 11.60 11.77 11.99 12.26 12.61 13.00 13.21 12.96 12.25 11.29 10.27 9.61 9.56 9.21 8.34 7.17 6.03 5.34 4.98 5.17 5.85 6.74 7.91 9.08 10.13 10.96 11.21 11.20 11.15 11.28 11.35 11.13 10.56 9.60 8.24 6.84 5.57 4.35 3.54 3.36 3.42 3.36 3.38 3.74 4.38 5.14 5.84 6.37 6.46 6.28 6.07 6.15 6.46 7.09 7.68 8.21 9.02 10.18 11.25
9.76 10.68 11.90 12.21 12.03 11.41 10.37 9.47 8.65 8.34 8.24 8.02 7.83 7.71 7.72 7.92 8.16 8.42 8.73 9.02 9.40 9.80 10.30 10.94 11.42 11.88 12.34 12.74 12.97 12.93 12.44 11.34 9.83 8.59 7.82 7.60 7.47 6.80 5.76 5.03 4.61 4.59 5.03 6.01 6.94 7.84 8.90 9.85 10.62 10.82 10.44 10.02 9.92 10.14 10.39 10.31 9.76 8.79 7.46 6.22 5.07 3.99 3.48 3.49 3.64 3.75 4.07 4.67 5.19 5.39 5.55 5.71 5.63 5.27 4.89 4.93 5.58 6.44 6.89 7.18 7.78 8.53 9.57
10.16 10.64 11.24 11.28 10.85 9.99 9.15 8.54 8.10 7.88 7.72 7.46 7.31 7.24 7.33 7.62 8.04 8.39 8.54 8.44 8.28 8.23 8.54 9.23 10.23 11.06 11.69 11.96 11.78 11.12 9.96 8.44 6.95 6.09 5.80 5.71 5.20 4.53 4.17 4.28 4.68 5.34 6.29 7.19 8.13 9.12 9.89 10.49 10.62 10.19 9.57 9.21 9.11 9.14 9.26 9.34 9.19 8.67 7.65 6.49 5.57 5.03 4.98 5.23 5.41 5.53 5.96 6.26 6.07 5.71 5.48 5.43 5.22 4.81 4.48 4.70 5.36 5.79 5.82 6.05 6.55 6.99 7.81
10.50 10.10 9.85 9.94 9.66 9.06 8.44 7.85 7.58 7.41 7.18 6.97 6.82 6.85 7.17 7.60 8.06 8.33 8.37 8.22 8.12 8.20 8.62 9.33 10.22 10.77 10.83 10.45 9.68 8.59 7.27 6.09 5.08 4.52 4.30 4.19 3.99 3.94 4.20 4.79 5.68 6.72 7.55 8.44 9.44 10.30 10.79 10.82 10.31 9.54 8.90 8.56 8.41 8.46 8.69 8.89 9.04 8.93 8.39 7.51 6.89 6.77 7.00 7.27 7.42 7.61 7.70 7.23 6.41 6.01 5.93 5.56 5.04 4.72 4.65 4.87 5.18 5.15 5.02 5.32 5.71 6.01 6.63
10.65 9.93 9.10 9.03 9.05 8.97 8.74 8.18 7.76 7.55 7.29 7.13 7.03 7.12 7.43 7.91 8.29 8.61 8.84 9.01 9.33 9.88 10.53 11.00 11.03 10.57 9.67 8.60 7.50 6.46 5.46 4.77 4.45 4.39 4.35 4.34 4.56 5.00 5.43 5.91 6.67 7.51 8.45 9.55 10.52 11.18 11.23 10.75 9.91 8.97 8.16 7.68 7.67 7.98 8.44 8.83 9.02 9.18 9.22 9.07 8.95 9.12 9.43 9.62 9.63 9.43 8.92 8.23 7.64 7.44 6.98 6.16 5.33 5.13 5.19 5.14 5.11 5.09 5.16 5.38 5.58 5.75 6.16
10.71 9.96 8.92 8.69 8.76 9.01 9.28 9.16 8.82 8.63 8.48 8.23 8.21 8.30 8.40 8.46 8.66 9.03 9.52 10.03 10.60 11.13 11.34 11.09 10.34 9.20 7.93 6.71 5.64 4.93 4.62 4.59 4.83 5.31 5.60 5.74 5.92 6.30 6.76 7.08 7.45 8.08 9.15 10.30 11.17 11.50 11.17 10.40 9.53 8.60 7.69 7.25 7.42 7.89 8.33 8.55 8.69 9.22 9.78 10.30 10.95 11.65 12.25 12.56 12.26 11.63 10.73 10.02 9.77 9.30 8.11 6.80 6.20 6.28 6.18 5.68 5.49 5.69 5.87 5.91 5.87 5.84 6.01
10.45 9.61 8.58 8.30 8.33 8.77 9.25 9.55 9.49 9.37 9.28 9.07 9.07 9.18 9.23 9.07 8.90 9.07 9.60 10.22 10.62 10.58 10.01 8.99 7.90 6.88 5.95 5.10 4.51 4.39 4.69 5.43 6.10 6.50 6.85 7.13 7.30 7.49 7.86 8.03 8.25 8.81 9.91 10.82 11.35 11.22 10.55 9.79 9.24 8.75 8.17 7.72 7.75 8.00 8.02 8.04 8.47 9.33 10.11 11.03 12.03 12.85 13.43 13.70 13.85 13.54 12.90 12.31 11.58 10.57 9.31 8.18 7.87 7.78 7.36 6.84 6.85 7.13 7.11 6.74 6.30 6.02 5.91
10.10 9.55 8.72 8.31 8.22 8.38 8.84 9.34 9.52 9.35 8.98 8.64 8.59 8.72 8.87 8.91 8.70 8.76 9.15 9.44 9.25 8.50 7.40 6.29 5.39 4.69 4.18 3.98 4.15 4.69 5.73 6.80 7.40 7.71 7.93 8.17 8.47 8.66 8.72 8.85 9.17 9.78 10.45 10.94 10.83 10.19 9.37 8.98 9.09 9.23 9.16 8.93 8.55 8.43 8.25 8.32 8.88 9.73 10.36 11.24 11.92 12.54 12.83 12.94 13.33 13.60 13.61 13.61 13.14 12.35 11.74 11.20 10.62 9.71 8.78 8.52 8.80 9.00 8.51 7.63 6.70 6.05 5.63
10.33 10.08 9.38 8.82 8.61 8.48 8.62 9.05 9.41 9.40 8.96 8.45 8.19 8.08 8.10 8.33 8.25 8.46 8.62 8.20 7.17 5.89 4.79 3.96 3.30 2.85 2.70 3.04 3.95 5.37 6.76 7.60 8.14 8.50 8.74 8.97 9.13 9.15 9.13 9.28 9.77 10.28 10.69 10.61 9.95 8.87 8.36 8.36 8.75 9.41 9.68 9.66 9.50 9.23 9.03 9.02 9.20 9.70 10.25 10.88 11.06 10.84 10.34 10.30 10.92 11.88 12.71 13.45 13.99 14.11 14.18 13.93 13.18 12.16 11.11 10.76 10.64 10.13 9.09 7.64 6.50 5.85 5.50
10.58 10.04 9.30 8.95 8.85 8.77 8.63 8.80 9.26 9.67 9.70 9.30 8.87 8.43 8.10 7.92 8.02 8.15 7.79 6.69 5.24 4.05 3.24 2.72 2.40 2.27 2.41 2.90 3.85 5.13 6.30 6.98 7.50 8.00 8.45 8.79 8.81 8.82 8.90 9.23 9.78 10.34 10.60 10.25 9.57 8.68 8.21 8.18 8.41 8.86 9.45 9.69 9.88 9.76 9.48 9.11 8.94 9.03 9.51 9.84 9.72 9.11 8.50 8.38 8.77 9.65 10.84 11.99 13.02 13.75 14.26 14.46 14.11 13.64 13.20 12.59 11.52 10.03 8.44 7.11 6.37 5.96 5.55
10.02 9.05 8.04 8.07 8.35 8.49 8.34 8.28 8.73 9.38 9.81 9.70 9.28 8.81 8.43 8.09 7.93 7.61 6.75 5.53 4.57 3.93 3.33 3.22 3.12 3.26 3.59 3.93 4.31 4.71 5.05 5.42 5.84 6.32 6.83 7.27 7.61 7.93 8.37 9.00 9.50 9.93 9.94 9.47 8.94 8.39 7.89 7.82 7.97 8.21 8.65 9.26 9.54 9.55 9.24 8.62 8.29 8.19 8.58 8.75 8.40 7.68 7.30 7.53 8.10 8.60 9.14 9.78 10.53 11.24 11.85 12.40 12.86 13.13 13.20 12.90 11.54 9.54 8.13 7.44 6.97 6.25 5.47
8.72 7.97 7.24 7.34 7.49 7.41 7.20 7.23 7.56 8.26 8.93 9.23 9.07 8.71 8.43 8.10 7.72 7.10 6.31 5.98 5.23 5.17 5.05 4.96 4.95 5.14 5.34 5.50 5.49 5.35 5.29 5.23 5.21 5.27 5.51 6.01 6.75 7.33 7.99 8.67 9.05 9.11 8.59 7.61 6.64 6.28 6.38 6.66 6.98 7.54 8.02 8.47 8.80 8.80 8.46 7.97 7.69 7.76 7.97 8.02 7.58 6.88 6.85 7.22 7.80 8.10 8.07 8.05 8.24 8.64 8.79 9.29 10.17 11.06 11.71 12.08 11.65 10.41 9.16 8.40 7.41 6.32 5.71
8.17 8.07 8.02 7.91 7.38 6.84 6.58 6.51 6.58 7.04 7.82 8.51 8.79 8.65 8.36 7.94 7.49 7.01 6.97 6.48 6.74 6.88 7.01 7.04 7.04 7.07 7.14 7.04 6.90 6.78 6.61 6.32 5.92 5.59 5.58 5.98 6.62 7.17 7.80 8.38 8.56 8.21 7.14 5.58 4.75 4.81 5.34 6.01 6.71 7.27 7.69 7.91 7.99 8.04 7.85 7.71 7.66 7.82 7.85 7.83 7.56 7.25 7.29 7.35 7.43 7.15 6.81 6.80 7.03 7.29 7.47 7.74 8.28 9.04 9.63 10.60 11.46 11.49 10.67 9.29 7.73 6.95 7.01
8.92 9.29 9.66 9.37 8.68 7.69 7.02 6.62 6.29 6.22 6.63 7.47 8.20 8.50 8.29 7.77 7.40 7.24 7.35 7.69 8.16 8.58 8.93 9.13 9.17 9.00 8.68 8.32 7.93 7.57 7.30 7.06 6.81 6.58 6.39 6.48 6.95 7.45 8.07 8.50 8.40 7.67 6.47 5.36 5.19 5.73 6.53 7.32 7.78 7.89 7.78 7.64 7.54 7.69 7.77 7.82 7.81 7.96 7.95 8.09 8.11 7.98 7.69 7.13 6.64 6.17 5.84 5.98 6.43 6.79 7.07 7.43 7.60 7.89 8.37 9.29 10.60 11.54 11.69 11.01 9.79 9.36 9.56
9.66 10.11 10.45 10.07 9.44 8.58 7.76 7.02 6.38 5.84 5.68 6.11 7.01 7.77 8.00 7.64 7.36 7.49 7.93 8.73 9.37 9.98 10.48 10.82 10.83 10.59 10.19 9.64 8.95 8.20 7.57 7.24 7.23 7.48 7.74 7.82 7.97 8.38 8.95 9.23 9.05 8.36 7.40 7.00 7.44 8.24 9.00 9.34 9.24 8.56 8.01 7.59 7.47 7.58 7.79 7.87 7.85 8.04 8.18 8.56 8.64 8.39 7.81 6.89 6.08 5.56 5.47 5.70 6.10 6.37 6.67 7.06 7.28 7.31 7.77 8.47 9.43 10.72 11.86 12.71 12.95 12.65 12.17
