project/data/elevation/US_DEM2016/US_DEM2016_point_10-30-2019_1841_30m_vel.asc
ncols	125
nrows	167
xllcorner	-2042055.000000
yllcorner	1465035.000000
cellsize	30.000000
NODATA_value	-9999.000000
[rows 111 to 147 of 167, columns 0 to 83 of 125]
8.55 8.58 8.62 8.75 8.99 9.31 9.75 10.32 10.95 11.28 11.19 10.74 10.07 9.36 8.78 8.45 8.25 8.16 8.15 8.33 8.60 8.75 8.90 9.04 9.16 9.04 8.76 8.56 8.53 8.73 8.98 9.16 9.26 9.22 8.99 8.62 8.38 8.35 8.27 8.06 7.93 8.00 8.22 8.62 8.96 9.16 9.29 9.43 9.54 9.73 10.04 10.39 10.76 11.13 11.41 11.34 10.87 10.23 9.49 8.78 8.26 7.93 7.72 7.51 7.32 7.33 7.45 7.57 7.72 7.91 8.09 8.18 8.18 8.11 7.94 7.76 7.70 7.86 8.11 8.20 8.15 8.14 8.14 8.19
8.36 8.30 8.38 8.68 9.05 9.54 10.11 10.51 10.59 10.24 9.67 9.14 8.64 8.17 7.76 7.47 7.26 7.19 7.36 7.65 7.92 8.20 8.43 8.64 8.91 9.12 9.03 8.79 8.53 8.41 8.42 8.48 8.58 8.71 8.79 8.74 8.58 8.46 8.43 8.55 8.71 8.83 8.96 9.22 9.39 9.43 9.39 9.28 9.15 9.15 9.20 9.37 9.64 9.99 10.37 10.54 10.39 9.97 9.41 8.83 8.36 7.99 7.61 7.28 7.18 7.37 7.64 7.80 7.86 7.82 7.80 7.88 7.95 7.91 7.74 7.52 7.39 7.48 7.76 7.98 7.97 7.89 7.83 7.87
8.25 8.18 8.26 8.53 8.88 9.35 9.79 9.79 9.40 8.77 8.14 7.59 7.19 6.86 6.57 6.46 6.62 6.96 7.31 7.66 8.08 8.41 8.41 8.39 8.77 9.23 9.42 9.45 9.30 8.90 8.36 7.72 7.32 7.42 7.85 8.23 8.42 8.46 8.55 8.74 8.91 9.04 9.19 9.36 9.31 9.17 9.04 8.88 8.76 8.76 8.73 8.66 8.59 8.54 8.48 8.66 8.86 8.89 8.84 8.69 8.42 8.02 7.60 7.33 7.38 7.61 7.83 7.93 7.86 7.68 7.57 7.56 7.61 7.63 7.59 7.44 7.27 7.21 7.39 7.66 7.64 7.37 7.13 7.04
8.32 8.29 8.34 8.46 8.65 8.93 8.99 8.54 7.82 7.10 6.46 5.89 5.49 5.29 5.45 5.97 6.76 7.57 8.17 8.60 8.85 8.73 8.29 8.18 8.60 9.01 9.26 9.45 9.56 9.45 9.22 8.71 7.93 7.35 7.22 7.40 7.82 8.27 8.57 8.76 8.97 9.22 9.36 9.31 8.93 8.44 8.23 8.25 8.32 8.47 8.64 8.63 8.49 8.15 7.55 7.11 7.09 7.47 7.92 8.20 8.26 8.15 8.00 7.88 7.85 7.90 7.97 7.93 7.75 7.60 7.53 7.50 7.52 7.54 7.53 7.44 7.35 7.28 7.32 7.43 7.29 6.82 6.41 6.16
8.49 8.51 8.55 8.53 8.50 8.42 8.09 7.48 6.78 6.15 5.65 5.28 5.05 5.23 5.98 7.09 8.11 8.91 9.48 9.66 9.33 8.60 7.70 7.41 7.73 8.03 8.32 8.71 9.04 9.32 9.64 9.77 9.43 8.53 7.61 7.37 7.85 8.48 8.89 9.12 9.29 9.41 9.39 9.15 8.61 7.90 7.51 7.58 7.84 8.21 8.70 8.98 9.06 8.88 8.25 7.37 6.83 6.86 7.19 7.56 7.89 8.12 8.26 8.32 8.32 8.24 8.05 7.83 7.63 7.52 7.52 7.57 7.64 7.62 7.52 7.43 7.43 7.48 7.53 7.51 7.25 6.80 6.42 6.09
8.60 8.65 8.65 8.54 8.32 7.96 7.47 7.02 6.84 6.85 6.85 6.77 6.91 7.50 8.42 9.39 10.07 10.29 10.16 9.73 9.09 8.44 7.69 7.01 6.82 6.84 7.24 7.87 8.31 8.57 8.94 9.48 9.86 9.75 9.19 8.86 8.92 9.14 9.26 9.28 9.22 9.14 9.05 8.88 8.53 7.97 7.38 7.24 7.57 8.08 8.58 9.03 9.36 9.51 9.39 9.00 8.44 7.92 7.63 7.65 7.82 7.98 8.09 8.21 8.31 8.26 8.07 7.81 7.57 7.36 7.29 7.39 7.52 7.60 7.59 7.55 7.59 7.68 7.79 7.89 7.86 7.61 7.43 7.34
8.56 8.55 8.51 8.40 8.17 7.79 7.41 7.23 7.39 7.78 8.24 8.77 9.41 10.05 10.52 10.69 10.55 10.09 9.51 8.88 8.48 8.45 8.35 7.73 7.00 6.67 6.74 7.24 7.65 7.70 7.67 8.08 8.95 9.71 10.00 9.90 9.60 9.25 8.97 8.74 8.60 8.58 8.62 8.64 8.60 8.35 7.73 7.27 7.43 7.86 8.16 8.45 8.91 9.39 9.71 9.86 9.83 9.59 9.11 8.59 8.29 8.08 7.94 7.86 7.85 7.84 7.74 7.61 7.48 7.33 7.22 7.22 7.34 7.52 7.66 7.75 7.84 7.93 8.07 8.35 8.66 8.83 8.89 8.97
8.44 8.36 8.27 8.22 8.11 7.91 7.74 7.65 7.69 7.98 8.64 9.51 10.26 10.62 10.57 10.09 9.29 8.62 8.24 7.91 7.86 8.15 8.51 8.45 7.98 7.42 7.08 7.07 7.41 7.43 7.03 6.89 7.41 8.46 9.21 9.40 9.16 8.79 8.50 8.30 8.24 8.32 8.43 8.43 8.43 8.45 8.11 7.46 7.30 7.41 7.52 7.67 8.05 8.64 9.19 9.54 9.77 9.91 9.82 9.43 8.86 8.34 7.90 7.55 7.27 7.08 6.99 7.15 7.42 7.58 7.59 7.52 7.52 7.63 7.79 7.94 8.08 8.18 8.34 8.61 8.93 9.23 9.44 9.50
8.30 8.20 8.12 8.13 8.11 8.07 8.02 7.96 8.00 8.31 8.95 9.56 9.82 9.65 9.19 8.59 8.09 7.76 7.47 7.26 7.22 7.37 7.71 8.04 8.04 7.75 7.44 7.39 7.67 7.88 7.58 6.97 6.77 7.11 7.85 8.38 8.52 8.46 8.43 8.39 8.36 8.37 8.32 8.16 8.11 8.27 8.29 7.85 7.39 7.20 7.11 7.23 7.58 8.14 8.71 9.06 9.17 9.19 9.29 9.29 9.01 8.47 7.92 7.42 6.94 6.64 6.74 7.18 7.66 7.96 8.08 8.05 7.95 7.88 7.87 7.93 8.02 8.10 8.22 8.36 8.50 8.61 8.68 8.64
8.22 8.15 8.11 8.13 8.11 8.15 8.23 8.29 8.45 8.86 9.29 9.40 9.13 8.66 8.16 7.82 7.67 7.46 7.15 6.90 6.74 6.71 6.94 7.32 7.48 7.43 7.47 7.63 7.90 8.21 8.27 7.82 7.13 6.80 6.94 7.46 7.93 8.21 8.43 8.52 8.51 8.43 8.23 7.95 7.81 7.94 8.17 8.03 7.54 7.19 7.03 7.16 7.55 8.03 8.48 8.78 8.76 8.55 8.47 8.57 8.57 8.33 7.98 7.61 7.33 7.33 7.58 7.85 8.01 8.11 8.19 8.23 8.17 8.00 7.81 7.67 7.64 7.72 7.85 7.95 8.03 8.03 7.95 7.82
8.29 8.26 8.21 8.14 8.10 8.20 8.43 8.68 8.97 9.30 9.37 9.12 8.73 8.38 8.09 7.85 7.58 7.30 7.16 7.17 7.23 7.30 7.38 7.40 7.35 7.33 7.47 7.64 7.80 8.09 8.37 8.36 7.98 7.43 7.06 7.12 7.53 7.93 8.20 8.36 8.43 8.39 8.13 7.72 7.44 7.44 7.70 7.75 7.40 7.05 6.95 7.08 7.35 7.61 7.91 8.27 8.46 8.35 8.15 8.07 8.12 8.14 8.12 8.12 8.20 8.34 8.40 8.34 8.20 8.08 8.04 8.06 8.07 8.00 7.83 7.63 7.55 7.65 7.77 7.77 7.74 7.71 7.67 7.64
8.37 8.32 8.18 8.07 8.08 8.21 8.48 8.90 9.40 9.51 9.26 8.85 8.50 8.24 8.01 7.73 7.47 7.43 7.67 8.00 8.18 8.15 7.96 7.74 7.57 7.47 7.46 7.50 7.58 7.83 8.15 8.32 8.26 8.01 7.69 7.56 7.69 7.88 7.98 8.11 8.18 8.06 7.63 7.13 6.82 6.83 7.15 7.36 7.19 6.83 6.60 6.51 6.54 6.70 6.99 7.46 7.95 8.20 8.17 8.08 8.07 8.12 8.19 8.25 8.30 8.33 8.31 8.29 8.29 8.27 8.16 8.04 8.00 7.97 7.86 7.77 7.74 7.72 7.58 7.40 7.28 7.21 7.18 7.27
8.24 8.12 7.94 7.91 8.02 8.19 8.40 8.71 9.03 9.04 8.76 8.38 8.04 7.70 7.37 7.27 7.45 7.76 8.00 8.06 7.93 7.74 7.68 7.81 7.94 7.88 7.57 7.37 7.36 7.55 7.84 7.98 7.94 7.90 7.98 8.09 8.12 8.04 8.11 7.96 7.79 7.27 6.58 6.19 6.09 6.25 6.65 7.06 7.08 6.71 6.27 5.90 5.67 5.72 6.06 6.59 7.23 7.72 7.92 7.97 8.03 8.11 8.13 8.04 7.93 7.95 8.06 8.15 8.27 8.39 8.39 8.24 8.05 7.86 7.67 7.58 7.46 7.23 6.94 6.82 6.85 6.84 6.74 6.69
8.19 8.10 7.98 7.96 8.03 8.14 8.22 8.26 8.19 8.01 7.84 7.70 7.44 7.03 6.81 7.10 7.45 7.58 7.39 7.02 6.79 6.90 7.26 7.71 8.08 8.23 8.02 7.63 7.39 7.36 7.62 7.83 7.81 7.79 7.89 8.00 8.02 7.94 7.76 7.64 7.18 6.46 6.03 6.02 6.12 6.23 6.48 6.89 7.07 6.93 6.64 6.29 5.90 5.64 5.69 6.11 6.71 7.18 7.48 7.72 7.93 8.08 8.20 8.31 8.38 8.42 8.36 8.22 8.10 8.11 8.22 8.21 8.01 7.66 7.41 7.22 6.98 6.77 6.68 6.76 6.87 6.80 6.52 6.27
8.46 8.54 8.49 8.24 8.05 7.97 7.92 7.81 7.58 7.36 7.58 7.37 7.18 6.83 6.80 6.97 6.91 6.67 6.36 6.12 6.23 6.70 7.28 7.74 8.05 8.30 8.36 8.12 7.76 7.48 7.56 7.84 7.90 7.72 7.48 7.32 7.32 7.37 7.36 7.16 6.76 6.52 6.77 7.19 7.37 7.26 7.17 7.27 7.39 7.39 7.25 7.03 6.76 6.46 6.29 6.36 6.64 7.09 7.51 7.80 7.96 8.09 8.31 8.63 8.76 8.67 8.39 8.12 7.93 7.85 7.88 7.92 7.78 7.51 7.24 6.97 6.73 6.63 6.72 6.91 6.99 6.85 6.57 6.44
8.57 8.64 8.56 8.17 7.84 7.69 7.63 7.51 7.34 7.28 7.33 7.28 7.05 6.78 6.56 6.28 5.98 5.86 5.94 6.16 6.59 7.10 7.56 7.86 7.99 8.10 8.23 8.24 8.01 7.69 7.61 7.84 7.93 7.62 7.12 6.85 6.90 7.12 7.24 7.18 7.17 7.52 8.02 8.33 8.49 8.51 8.41 8.24 8.06 7.84 7.53 7.21 7.03 6.97 6.91 6.83 6.91 7.31 7.72 7.93 7.91 7.97 8.13 8.25 8.12 7.90 7.76 7.77 7.89 7.97 7.88 7.74 7.57 7.39 7.18 6.87 6.51 6.23 6.20 6.45 6.82 7.05 7.11 7.15
8.19 8.02 7.68 7.48 7.38 7.41 7.45 7.38 7.28 7.21 7.45 6.81 6.70 6.55 6.26 5.95 5.88 6.10 6.60 7.28 7.81 8.04 8.00 7.76 7.51 7.52 7.68 7.80 7.77 7.65 7.64 7.84 8.03 7.90 7.51 7.29 7.38 7.54 7.64 7.73 7.94 8.18 8.33 8.44 8.68 9.01 9.22 9.21 8.97 8.54 8.10 7.71 7.40 7.23 7.15 7.10 7.16 7.39 7.68 7.81 7.74 7.74 7.73 7.59 7.38 7.33 7.48 7.74 7.99 8.09 7.96 7.68 7.46 7.30 7.17 7.04 6.80 6.39 6.05 6.10 6.68 7.37 7.73 7.68
7.71 7.25 6.78 6.79 6.98 7.24 7.39 7.36 7.20 7.65 6.71 6.51 6.59 6.78 6.86 6.91 7.16 7.62 8.26 8.79 9.01 8.82 8.25 7.59 7.16 7.11 7.19 7.26 7.33 7.40 7.48 7.69 8.04 8.24 8.22 8.16 8.14 8.07 7.99 7.98 7.98 7.93 8.04 8.33 8.74 9.18 9.56 9.79 9.81 9.56 9.13 8.70 8.27 7.87 7.56 7.35 7.24 7.24 7.41 7.64 7.61 7.57 7.49 7.34 7.27 7.48 7.77 7.93 7.86 7.72 7.58 7.46 7.36 7.23 7.13 7.18 7.34 7.35 7.07 6.82 7.04 7.51 7.74 7.58
7.85 7.45 7.02 7.10 7.33 7.47 7.48 7.39 7.24 7.65 6.89 6.88 7.11 7.54 8.00 8.41 8.85 9.17 9.30 9.26 8.99 8.55 8.02 7.58 7.27 7.14 7.10 7.14 7.25 7.33 7.36 7.47 7.84 8.24 8.38 8.32 8.17 8.01 7.89 7.77 7.64 7.66 7.95 8.37 8.85 9.26 9.53 9.70 9.89 9.88 9.56 9.04 8.57 8.23 7.96 7.70 7.42 7.17 7.20 7.46 7.60 7.61 7.57 7.54 7.62 7.85 7.93 7.70 7.28 6.99 6.99 7.10 7.19 7.25 7.23 7.15 7.23 7.55 7.83 7.85 7.74 7.65 7.54 7.49
8.29 8.18 8.11 8.29 8.36 8.12 7.72 7.48 7.41 7.35 7.31 7.42 7.74 8.22 8.68 9.03 9.21 9.16 8.91 8.45 7.88 7.38 7.23 7.27 7.29 7.28 7.32 7.48 7.65 7.72 7.64 7.61 7.85 8.20 8.29 8.01 7.71 7.63 7.69 7.72 7.75 7.90 8.23 8.56 8.83 8.96 8.93 8.87 8.98 9.17 9.09 8.80 8.56 8.38 8.21 8.01 7.77 7.54 7.35 7.46 7.68 7.78 7.80 7.85 7.95 7.98 7.73 7.26 6.83 6.72 6.83 7.02 7.16 7.32 7.52 7.48 7.25 7.15 7.45 7.90 8.14 8.22 8.32 8.62
8.47 8.54 8.71 8.84 8.81 8.54 8.06 7.66 7.53 7.55 7.60 7.72 7.99 8.33 8.56 8.57 8.41 8.16 7.81 7.26 6.69 6.40 6.51 6.90 7.20 7.39 7.60 7.86 8.08 8.22 8.28 8.33 8.45 8.60 8.65 8.40 7.98 7.76 7.76 7.96 8.25 8.58 8.80 8.79 8.65 8.36 8.01 7.81 7.95 8.36 8.66 8.73 8.72 8.59 8.38 8.19 8.05 7.95 7.78 7.73 7.81 7.93 8.02 8.09 8.07 7.83 7.40 6.97 6.85 6.92 7.10 7.27 7.37 7.42 7.54 7.70 7.71 7.48 7.33 7.64 8.31 8.99 9.55 9.96
8.47 8.57 8.69 8.69 8.65 8.66 8.50 8.11 7.81 7.76 7.76 7.75 7.80 7.87 7.85 7.83 7.75 7.46 7.00 6.58 6.36 6.40 6.71 7.08 7.33 7.52 7.73 7.95 8.16 8.38 8.67 8.93 9.10 9.18 9.25 9.15 8.78 8.35 8.07 8.18 8.54 8.84 8.84 8.63 8.29 7.84 7.38 7.18 7.40 7.98 8.56 8.85 8.85 8.69 8.50 8.34 8.24 8.18 8.07 7.93 7.91 8.01 8.11 8.14 8.02 7.67 7.17 6.90 6.98 7.19 7.37 7.48 7.56 7.61 7.52 7.52 7.78 8.09 8.21 8.36 8.83 9.34 9.67 9.74
8.54 8.74 8.97 8.97 8.90 8.85 8.87 8.78 8.49 8.19 7.91 7.64 7.41 7.28 7.35 7.53 7.53 7.27 7.00 7.00 7.22 7.43 7.54 7.62 7.67 7.71 7.81 7.96 8.16 8.36 8.57 8.81 9.04 9.27 9.51 9.68 9.61 9.24 8.71 8.43 8.49 8.52 8.46 8.36 8.05 7.62 7.28 7.18 7.39 7.92 8.55 8.95 9.07 8.94 8.75 8.55 8.37 8.24 8.08 7.93 7.88 7.90 7.95 7.97 7.91 7.67 7.34 7.19 7.28 7.47 7.62 7.64 7.60 7.61 7.64 7.69 7.84 8.28 8.87 9.28 9.38 9.14 8.75 8.52
8.72 9.06 9.52 9.55 9.32 8.98 8.93 9.03 8.93 8.49 7.97 7.54 7.23 7.12 7.25 7.39 7.34 7.31 7.50 7.87 8.18 8.23 8.13 8.05 8.01 7.99 8.00 8.06 8.20 8.37 8.48 8.51 8.59 8.91 9.44 9.97 10.29 10.23 9.77 9.06 8.61 8.35 8.30 8.16 7.82 7.50 7.37 7.44 7.69 8.13 8.64 9.07 9.32 9.28 9.04 8.74 8.46 8.24 8.02 7.92 7.87 8.14 7.78 7.79 7.81 7.75 7.67 7.71 7.81 7.91 7.96 7.92 7.75 7.59 7.68 8.01 8.36 8.78 9.41 9.87 9.70 8.96 8.13 7.66
8.71 8.95 9.33 9.47 9.38 9.02 8.76 8.69 8.62 8.32 7.89 7.54 7.37 7.33 7.28 7.13 7.12 7.43 7.89 8.19 8.28 8.25 8.21 8.22 8.23 8.17 8.07 8.03 8.08 8.27 8.46 8.49 8.51 8.75 9.24 9.77 10.21 10.48 10.44 9.92 9.07 8.40 7.94 7.59 7.31 7.27 7.42 7.62 7.92 8.33 8.74 9.09 9.37 9.42 9.24 8.91 8.57 8.29 8.04 7.98 8.00 7.98 7.89 7.82 7.86 7.92 7.99 8.12 8.26 8.34 8.35 8.34 8.23 8.05 7.98 8.25 8.92 9.72 10.31 10.41 10.03 9.34 8.46 7.71
8.38 8.28 8.17 8.34 8.57 8.57 8.35 8.18 8.19 8.18 8.09 8.03 8.04 7.96 7.62 7.20 7.12 7.38 7.64 7.75 7.90 8.07 8.20 8.29 8.29 8.18 7.97 7.81 7.82 7.99 8.21 8.42 8.57 8.69 8.80 8.96 9.22 9.58 9.87 9.76 9.04 8.12 7.35 6.93 6.89 7.08 7.35 7.59 7.98 8.45 8.73 8.90 9.10 9.28 9.27 9.04 8.70 8.38 8.10 8.07 8.17 8.21 8.12 7.99 7.94 8.01 8.16 8.32 8.48 8.65 8.83 9.02 9.09 9.08 9.04 9.18 9.67 10.32 10.63 10.45 10.17 9.92 9.39 8.59
7.98 7.58 6.91 6.64 6.82 7.18 7.46 7.72 8.07 8.45 8.75 8.97 9.05 8.81 8.24 7.62 7.27 7.13 7.05 7.14 7.50 7.93 8.18 8.29 8.30 8.23 8.03 7.75 7.56 7.58 7.67 7.82 7.99 8.09 8.01 7.94 8.01 8.17 8.36 8.40 8.15 7.62 7.08 6.80 6.89 7.14 7.35 7.65 8.18 8.58 8.64 8.63 8.78 9.01 9.15 9.08 8.83 8.55 8.29 8.27 8.37 8.40 8.32 8.17 8.02 8.03 8.22 8.45 8.66 8.90 9.28 9.74 10.17 10.53 10.77 10.84 10.83 10.75 10.43 10.07 10.11 10.43 10.54 10.21
7.67 7.13 6.20 5.79 5.76 6.09 6.68 7.29 7.88 8.49 8.99 9.21 9.14 8.81 8.32 7.81 7.39 7.09 7.01 7.21 7.56 7.88 8.07 8.21 8.31 8.37 8.31 8.05 7.63 7.37 7.27 7.18 7.16 7.20 7.20 7.11 7.05 7.06 7.11 7.22 7.31 7.28 7.16 7.15 7.39 7.69 7.97 8.36 8.72 8.75 8.59 8.54 8.66 8.84 9.00 9.06 9.02 8.98 8.96 8.95 8.84 8.65 8.47 8.33 8.24 8.22 8.34 8.56 8.84 9.18 9.69 10.31 10.98 11.52 11.81 11.76 11.40 10.83 10.19 9.91 10.20 10.79 11.35 11.57
7.66 7.13 6.33 6.10 6.19 6.48 6.87 7.21 7.53 7.96 8.41 8.57 8.37 8.07 7.87 7.68 7.47 7.33 7.40 7.67 7.92 8.10 8.15 8.21 8.30 8.43 8.56 8.55 8.28 7.79 7.42 7.15 6.99 6.87 6.74 6.57 6.40 6.38 6.52 6.78 7.02 7.22 7.44 7.80 8.17 8.53 8.90 9.14 9.09 8.80 8.55 8.53 8.64 8.74 8.86 9.02 9.20 9.41 9.57 9.52 9.16 8.72 8.44 8.39 8.45 8.51 8.52 8.64 8.95 9.44 10.02 10.56 10.98 11.21 11.27 11.11 10.73 10.23 9.82 9.78 10.07 10.55 11.21 11.76
8.14 7.85 7.57 7.67 7.82 7.85 7.71 7.53 7.50 7.60 7.74 7.80 7.67 7.52 7.49 7.52 7.53 7.54 7.68 7.95 8.19 8.38 8.37 8.30 8.27 8.36 8.56 8.75 8.77 8.49 7.94 7.49 7.14 6.79 6.48 6.27 6.12 6.12 6.35 6.69 7.04 7.43 7.93 8.40 8.73 8.98 9.15 9.11 8.86 8.54 8.36 8.36 8.43 8.49 8.60 8.80 9.05 9.24 9.25 8.98 8.61 8.36 8.25 8.30 8.42 8.54 8.60 8.66 8.89 9.35 9.85 10.09 10.05 9.83 9.62 9.47 9.36 9.28 9.26 9.34 9.41 9.63 10.23 10.87
8.66 8.72 8.96 9.29 9.46 9.29 8.73 8.31 8.08 7.85 7.54 7.29 7.22 7.28 7.39 7.53 7.64 7.74 7.96 8.24 8.47 8.59 8.46 8.28 8.18 8.21 8.39 8.61 8.74 8.67 8.31 7.79 7.28 6.80 6.43 6.28 6.27 6.32 6.48 6.80 7.34 8.03 8.63 8.94 9.01 8.96 8.86 8.65 8.38 8.16 8.07 8.02 8.00 8.09 8.26 8.44 8.57 8.58 8.40 8.07 7.92 7.96 8.06 8.17 8.23 8.32 8.45 8.56 8.70 8.91 9.10 8.99 8.67 8.35 8.16 8.16 8.36 8.65 8.82 8.86 8.85 8.95 9.29 9.68
8.69 8.91 9.25 9.49 9.68 9.78 9.70 9.37 8.91 8.31 7.71 7.29 7.16 7.30 7.54 7.75 7.93 8.12 8.34 8.50 8.54 8.44 8.20 8.01 7.95 8.01 8.14 8.29 8.39 8.39 8.25 7.91 7.49 7.08 6.75 6.60 6.61 6.67 6.83 7.29 8.09 8.82 9.17 9.16 8.96 8.73 8.56 8.38 8.15 7.96 7.85 7.77 7.70 7.87 8.06 8.15 8.05 7.84 7.61 7.46 7.49 7.67 7.87 7.98 7.99 8.03 8.19 8.41 8.60 8.68 8.56 8.22 7.94 7.83 7.83 8.01 8.38 8.73 8.84 8.81 8.85 8.91 8.97 9.12
8.51 8.69 8.91 8.93 8.94 9.06 9.38 9.42 9.08 8.50 7.97 7.63 7.49 7.58 7.82 8.08 8.32 8.51 8.58 8.46 8.19 7.91 7.75 7.73 7.79 7.87 7.90 7.88 7.94 8.06 8.07 7.93 7.72 7.45 7.22 7.12 7.14 7.23 7.52 8.17 8.82 9.06 8.93 8.68 8.49 8.41 8.38 8.30 8.11 7.90 7.78 7.73 7.78 7.91 8.00 8.01 7.78 7.35 7.00 6.93 7.08 7.38 7.63 7.72 7.75 7.86 8.06 8.30 8.52 8.62 8.52 8.30 8.15 8.08 8.11 8.39 8.86 9.22 9.32 9.24 9.15 9.07 9.02 9.20
8.41 8.56 8.78 8.77 8.52 8.15 8.11 8.30 8.41 8.32 8.09 7.88 7.80 7.85 8.01 8.24 8.47 8.54 8.38 8.04 7.67 7.42 7.39 7.59 7.82 7.95 7.96 7.90 7.97 8.10 8.13 8.03 7.86 7.69 7.60 7.65 7.83 8.08 8.40 8.70 8.75 8.50 8.20 8.05 8.07 8.20 8.34 8.31 8.09 7.86 7.75 7.79 7.82 7.88 7.96 8.05 8.02 7.76 7.36 7.12 7.13 7.28 7.44 7.57 7.70 7.87 8.08 8.24 8.31 8.31 8.37 8.46 8.39 8.23 8.23 8.62 9.23 9.63 9.74 9.64 9.39 9.16 9.09 9.30
8.41 8.48 8.54 8.45 8.18 7.62 7.18 7.12 7.40 7.69 7.81 7.82 7.84 7.89 7.97 8.08 8.14 8.00 7.64 7.26 7.00 6.90 7.07 7.51 7.95 8.22 8.35 8.39 8.45 8.45 8.34 8.15 7.92 7.79 7.80 7.96 8.24 8.52 8.58 8.41 8.09 7.85 7.81 7.91 8.06 8.18 8.27 8.24 8.04 7.82 7.72 7.67 7.60 7.68 7.93 8.21 8.47 8.57 8.36 8.11 7.85 7.57 7.48 7.57 7.72 7.90 8.10 8.23 8.23 8.20 8.33 8.52 8.50 8.46 8.67 9.23 9.72 9.82 9.73 9.60 9.35 9.16 9.13 9.15
8.38 8.26 7.81 7.20 6.85 6.63 6.52 6.56 6.77 7.08 7.39 7.63 7.77 7.83 7.87 7.84 7.65 7.35 7.06 6.88 6.84 6.94 7.27 7.75 8.09 8.33 8.53 8.62 8.58 8.46 8.37 8.22 8.01 7.90 7.92 8.04 8.21 8.31 8.24 8.02 7.78 7.68 7.82 8.06 8.20 8.18 8.08 7.97 7.87 7.77 7.61 7.44 7.43 7.66 8.00 8.32 8.67 8.98 9.12 9.04 8.71 8.12 7.72 7.67 7.78 7.96 8.17 8.36 8.53 8.69 8.78 8.74 8.81 9.12 9.64 10.03 10.05 9.72 9.46 9.40 9.27 9.19 9.13 8.89
8.16 7.90 7.33 6.49 5.87 5.91 6.23 6.52 6.78 7.09 7.41 7.63 7.71 7.78 7.84 7.77 7.61 7.53 7.63 7.75 7.79 7.88 8.03 8.09 8.07 8.07 8.20 8.25 8.03 7.85 7.96 8.07 8.05 8.00 8.04 8.11 8.19 8.29 8.33 8.30 8.07 7.84 7.87 8.05 8.13 8.04 7.86 7.69 7.56 7.44 7.29 7.28 7.47 7.80 8.09 8.33 8.64 8.98 9.26 9.34 9.19 8.77 8.26 8.06 8.07 8.13 8.25 8.47 8.72 8.88 8.84 8.77 9.04 9.62 10.11 10.07 9.67 9.18 9.00 9.14 9.25 9.18 8.98 8.66
