project/data/elevation/US_DEM2016/US_DEM2016_point_10-31-2019_0551_30m_vel.asc
ncols	125
nrows	167
xllcorner	-2042055.000000
yllcorner	1465035.000000
cellsize	30.000000
NODATA_value	-9999.000000
[rows 0 to 37 of 167, columns 0 to 83 of 125]
4.82 4.33 3.90 4.32 5.20 6.33 7.42 8.23 8.56 8.75 9.04 9.56 9.77 9.32 8.90 8.90 8.93 8.75 8.23 7.76 7.50 7.59 7.94 8.32 8.59 8.55 8.21 7.28 6.06 4.88 3.92 3.25 2.82 2.51 2.26 2.19 2.47 3.05 3.69 4.10 4.31 4.47 4.61 4.68 4.53 4.21 3.90 3.94 4.38 5.12 5.88 6.61 7.22 7.79 8.01 8.08 7.91 7.20 6.50 6.00 5.69 5.59 5.73 6.21 6.57 6.68 6.57 6.12 5.36 4.86 4.74 4.87 5.09 5.33 5.53 5.65 5.79 6.13 6.65 7.04 7.32 7.34 6.89 6.68
4.82 4.33 3.90 4.32 5.20 6.33 7.42 8.23 8.56 8.75 9.04 9.56 9.77 9.32 8.90 8.90 8.93 8.75 8.23 7.76 7.50 7.59 7.94 8.32 8.59 8.55 8.21 7.28 6.06 4.88 3.92 3.25 2.82 2.51 2.26 2.19 2.47 3.05 3.69 4.10 4.31 4.47 4.61 4.68 4.53 4.21 3.90 3.94 4.38 5.12 5.88 6.61 7.22 7.79 8.01 8.08 7.91 7.20 6.50 6.00 5.69 5.59 5.73 6.21 6.57 6.68 6.57 6.12 5.36 4.86 4.74 4.87 5.09 5.33 5.53 5.65 5.79 6.13 6.65 7.04 7.32 7.34 6.89 6.68
4.75 4.34 4.08 4.45 5.08 5.98 6.88 7.55 7.91 8.07 8.33 8.77 8.93 8.71 8.39 8.36 8.43 8.39 8.02 7.53 7.36 7.46 7.70 7.90 7.98 7.83 7.28 6.37 5.41 4.52 3.81 3.28 2.91 2.66 2.47 2.42 2.61 2.98 3.40 3.74 3.93 4.09 4.25 4.47 4.65 4.70 4.65 4.65 4.97 5.47 6.01 6.48 6.88 7.20 7.35 7.40 7.37 7.13 6.66 6.09 5.62 5.37 5.48 5.76 5.98 6.08 6.11 6.04 5.86 5.54 5.34 5.27 5.25 5.23 5.23 5.28 5.45 5.81 6.18 6.42 6.51 6.61 6.63 6.71
5.06 4.70 4.56 4.83 5.17 5.61 6.09 6.36 6.42 6.51 6.83 7.12 7.23 7.13 7.07 7.07 7.16 7.36 7.33 7.14 7.16 7.26 7.22 6.98 6.71 6.35 5.80 5.24 4.69 4.24 3.89 3.58 3.40 3.34 3.28 3.19 3.14 3.16 3.21 3.37 3.74 4.09 4.39 4.72 5.12 5.44 5.66 5.73 5.84 6.01 6.18 6.20 6.18 6.09 6.03 5.85 5.84 6.09 6.23 6.15 5.89 5.59 5.35 5.16 4.93 4.83 5.01 5.40 5.76 5.94 5.90 5.67 5.35 5.02 4.78 4.74 4.90 5.16 5.28 5.15 5.16 5.62 6.21 6.65
5.39 5.11 5.04 5.17 5.32 5.51 5.62 5.63 5.47 5.38 5.48 5.69 5.84 5.84 5.85 5.87 5.97 6.21 6.58 6.92 7.16 7.06 6.70 6.12 5.55 5.18 5.02 4.87 4.69 4.54 4.42 4.35 4.39 4.43 4.35 4.16 3.95 3.80 3.67 3.74 4.14 4.60 5.03 5.42 5.63 5.80 5.96 6.15 6.29 6.33 6.27 6.07 5.76 5.38 5.01 4.45 4.15 4.27 4.78 5.39 5.72 5.72 5.44 4.89 4.38 4.04 3.94 4.13 4.49 4.78 4.91 4.85 4.68 4.48 4.37 4.39 4.50 4.59 4.58 4.46 4.59 5.19 5.88 6.18
5.42 5.26 5.29 5.43 5.44 5.45 5.38 5.12 4.91 4.78 4.65 4.74 5.01 5.22 5.44 5.60 5.74 5.85 6.22 6.67 6.87 6.57 6.00 5.29 4.75 4.63 4.73 4.85 4.93 5.02 5.12 5.24 5.29 5.18 4.98 4.77 4.59 4.45 4.31 4.24 4.33 4.53 4.90 5.39 5.66 5.76 5.88 6.11 6.27 6.31 6.23 6.04 5.76 5.18 4.49 3.93 3.74 3.82 4.04 4.34 4.68 4.91 4.84 4.44 4.01 3.70 3.51 3.42 3.40 3.42 3.49 3.56 3.62 3.72 3.86 4.01 4.12 4.20 4.27 4.33 4.52 4.94 5.35 5.32
5.51 5.50 5.59 5.72 5.63 5.40 5.10 4.67 4.41 4.34 4.23 4.19 4.46 4.97 5.46 5.67 5.89 5.98 5.98 6.01 6.02 5.75 5.25 4.74 4.52 4.56 4.69 4.82 4.99 5.25 5.53 5.71 5.67 5.53 5.38 5.29 5.24 5.13 4.91 4.62 4.42 4.39 4.52 4.82 5.06 5.09 5.15 5.36 5.67 5.86 5.97 5.96 5.78 5.55 5.21 4.88 4.86 4.84 4.67 4.38 4.09 3.94 3.88 3.78 3.64 3.51 3.41 3.34 3.28 3.19 3.13 3.14 3.25 3.41 3.58 3.70 3.77 3.89 4.11 4.31 4.50 4.73 4.82 4.53
5.61 5.78 6.08 6.08 5.88 5.34 4.77 4.30 4.15 4.24 4.17 3.98 4.20 4.82 5.33 5.42 5.58 5.69 5.47 5.18 5.06 4.91 4.68 4.55 4.55 4.62 4.75 4.84 4.98 5.25 5.60 5.84 5.93 6.03 6.20 6.42 6.47 6.29 5.94 5.48 4.98 4.59 4.42 4.31 4.20 4.18 4.23 4.48 5.01 5.59 5.84 5.90 5.90 6.07 6.21 6.21 5.99 5.67 5.19 4.60 4.00 3.59 3.46 3.48 3.48 3.44 3.42 3.47 3.51 3.44 3.33 3.29 3.35 3.46 3.58 3.66 3.72 3.87 4.14 4.29 4.38 4.48 4.40 4.05
5.87 6.12 6.53 6.43 6.06 5.47 4.81 4.43 4.45 4.49 4.36 4.22 4.39 4.79 5.00 4.88 4.83 4.93 4.82 4.61 4.54 4.39 4.19 4.22 4.35 4.54 4.83 5.11 5.27 5.40 5.70 6.07 6.48 7.03 7.61 7.95 7.96 7.70 7.32 6.82 6.17 5.47 4.88 4.47 4.18 4.11 4.37 4.79 5.42 5.85 5.86 5.57 5.40 5.53 5.76 5.82 5.60 5.15 4.62 4.14 3.79 3.60 3.55 3.60 3.65 3.67 3.74 3.82 3.77 3.61 3.49 3.45 3.52 3.69 3.93 4.13 4.32 4.56 4.69 4.60 4.46 4.35 4.21 4.31
6.03 6.35 6.70 6.58 6.21 5.78 5.26 5.11 5.27 5.32 5.05 4.82 4.83 4.87 4.70 4.37 4.16 4.29 4.48 4.54 4.51 4.21 3.90 3.92 4.16 4.45 4.81 5.20 5.52 5.79 6.17 6.65 7.24 7.82 8.19 8.27 8.17 8.03 7.92 7.73 7.36 6.79 6.12 5.49 4.99 4.92 5.11 5.56 6.02 6.09 5.70 4.89 4.32 3.88 3.90 4.11 4.17 3.97 3.75 3.60 3.55 3.57 3.62 3.76 4.05 4.30 4.50 4.49 4.15 3.75 3.63 3.77 4.09 4.50 4.88 5.17 5.50 5.79 5.82 5.57 5.22 4.97 4.82 4.70
6.21 6.25 6.52 6.61 6.46 6.31 6.24 6.44 6.62 6.50 6.16 5.76 5.38 4.99 4.55 4.06 3.83 4.13 4.60 4.87 4.82 4.46 4.14 4.13 4.33 4.59 4.82 5.14 5.70 6.35 6.87 7.29 7.56 7.56 7.26 6.85 6.79 7.08 7.43 7.67 7.72 7.50 7.04 6.42 5.86 5.54 5.50 5.84 6.14 5.98 5.26 4.39 3.71 3.22 2.96 2.89 3.01 3.19 3.33 3.44 3.52 3.61 3.78 4.06 4.53 5.03 5.27 5.11 4.64 4.11 4.08 4.49 5.06 5.57 5.98 6.30 6.58 6.66 6.50 6.22 5.97 5.79 5.61 5.37
6.11 5.85 6.01 6.56 6.95 7.23 7.53 7.79 7.89 7.61 7.17 6.71 6.15 5.38 4.66 4.22 4.07 4.40 4.91 5.19 5.11 4.82 4.57 4.53 4.66 4.92 5.20 5.62 6.23 6.80 7.06 7.09 6.82 6.23 5.50 5.08 5.25 5.75 6.19 6.56 6.92 7.17 7.21 6.97 6.50 6.01 5.82 5.99 5.95 5.52 4.67 4.12 3.75 3.31 2.88 2.60 2.64 2.98 3.32 3.54 3.71 3.98 4.34 4.71 5.13 5.48 5.59 5.45 5.16 4.90 4.86 5.26 5.76 6.24 6.56 6.71 6.59 6.22 5.62 5.21 5.06 5.03 5.00 4.94
5.67 5.36 5.36 6.15 6.95 7.55 7.91 8.05 8.05 7.85 7.56 7.23 6.79 6.03 5.30 4.87 4.70 4.76 4.93 5.02 4.94 4.76 4.64 4.65 4.85 5.16 5.55 5.95 6.20 6.24 6.06 5.63 4.95 4.22 3.85 4.02 4.41 4.60 4.64 4.94 5.42 5.96 6.50 6.82 6.77 6.43 6.14 6.06 5.62 4.75 3.96 3.60 3.25 2.93 2.70 2.67 2.84 3.17 3.55 3.90 4.24 4.63 5.03 5.32 5.51 5.58 5.58 5.66 5.72 5.68 5.70 5.95 6.36 6.60 6.49 6.06 5.34 4.43 3.70 3.33 3.27 3.42 3.65 3.87
5.67 5.52 5.43 5.64 6.09 6.59 6.86 6.89 6.78 6.76 6.82 6.85 6.78 6.51 6.10 5.65 5.28 4.97 4.72 4.48 4.30 4.26 4.33 4.46 4.67 4.87 5.05 5.07 4.82 4.44 4.01 3.44 2.89 2.60 2.75 3.22 3.43 3.33 3.32 3.59 3.96 4.44 5.00 5.57 6.05 6.23 6.20 6.00 5.44 4.47 3.63 2.97 2.57 2.51 2.68 2.97 3.27 3.55 3.93 4.43 4.89 5.26 5.51 5.67 5.77 5.83 5.90 6.05 6.20 6.23 6.31 6.57 6.69 6.36 5.58 4.55 3.60 3.06 2.88 2.92 3.13 3.40 3.62 3.70
5.95 6.03 5.75 5.35 4.98 4.89 4.83 4.64 4.48 4.66 5.03 5.45 5.75 6.01 6.10 5.96 5.60 5.09 4.58 4.05 3.69 3.76 3.99 4.12 4.10 4.00 3.81 3.49 3.11 2.81 2.56 2.40 2.41 2.53 2.68 2.73 2.67 2.71 2.85 3.01 3.13 3.32 3.62 4.09 4.83 5.75 6.10 6.01 5.50 4.73 3.77 3.02 2.75 2.93 3.34 3.66 3.79 3.95 4.31 4.88 5.50 5.89 6.13 6.28 6.43 6.60 6.69 6.70 6.71 6.71 6.78 6.83 6.39 5.32 4.19 3.48 3.23 3.19 3.34 3.69 4.10 4.42 4.50 4.47
5.97 5.90 5.50 4.90 4.01 3.35 2.89 2.63 2.65 2.85 3.19 3.54 3.98 4.53 5.15 5.52 5.51 5.14 4.56 3.95 3.63 3.73 3.90 3.87 3.63 3.31 3.03 2.86 2.78 2.68 2.64 2.79 3.11 3.36 3.38 3.29 3.22 3.28 3.42 3.52 3.54 3.59 3.79 4.30 5.07 5.95 6.25 6.06 5.47 4.67 4.02 3.68 3.66 3.97 4.32 4.45 4.38 4.42 4.82 5.55 6.24 6.79 7.12 7.27 7.41 7.60 7.68 7.64 7.58 7.50 7.31 6.77 5.64 4.52 3.98 3.95 4.07 4.08 4.16 4.49 4.95 5.25 5.32 5.50
5.59 5.17 4.61 4.14 3.27 2.59 2.27 2.25 2.42 2.75 3.06 3.25 3.49 3.95 4.48 4.88 5.09 5.03 4.69 4.31 4.13 4.10 4.02 3.84 3.62 3.42 3.33 3.41 3.52 3.52 3.44 3.43 3.64 4.03 4.30 4.44 4.46 4.41 4.41 4.51 4.72 5.01 5.35 5.88 6.45 6.69 6.45 6.01 5.46 4.90 4.50 4.40 4.55 4.87 5.14 5.22 5.12 5.27 5.83 6.61 7.36 7.88 8.15 8.24 8.22 8.22 8.28 8.34 8.39 8.18 7.67 6.81 5.55 5.01 5.12 5.36 5.37 5.17 5.11 5.36 5.72 6.00 6.25 6.61
5.42 4.99 4.29 3.67 3.19 2.96 3.09 3.42 3.83 4.30 4.62 4.77 4.89 4.93 4.88 4.69 4.70 4.85 4.86 4.78 4.63 4.39 4.12 3.94 3.89 3.92 4.01 4.13 4.27 4.38 4.37 4.20 4.21 4.54 4.96 5.32 5.49 5.49 5.42 5.55 5.99 6.42 6.82 7.10 7.11 6.67 6.03 5.60 5.39 5.22 5.01 4.96 5.18 5.55 5.79 5.84 5.93 6.24 6.96 7.73 8.25 8.43 8.41 8.34 8.24 8.12 8.06 8.09 8.25 8.21 7.95 7.62 7.01 6.86 7.16 7.38 7.31 7.01 6.87 6.85 6.88 6.98 7.22 7.40
5.52 5.22 4.52 3.89 3.75 4.19 4.86 5.48 6.04 6.45 6.70 6.78 6.66 6.22 5.58 4.98 4.72 4.80 4.93 4.94 4.82 4.58 4.34 4.23 4.29 4.40 4.50 4.61 4.80 5.05 5.27 5.34 5.37 5.46 5.70 6.09 6.47 6.62 6.69 6.87 7.16 7.39 7.42 7.13 6.45 5.49 4.72 4.60 4.97 5.23 5.45 5.61 5.91 6.21 6.32 6.24 6.43 6.99 7.72 8.16 8.20 7.93 7.59 7.41 7.41 7.46 7.51 7.46 7.43 7.59 8.01 8.43 8.86 9.08 9.27 9.54 9.67 9.59 9.40 9.04 8.63 8.22 7.94 7.60
5.29 4.83 4.20 3.97 4.49 5.46 6.46 7.24 7.73 7.90 7.85 7.66 7.34 6.77 6.15 5.58 5.19 5.01 5.01 5.00 4.93 4.86 4.79 4.79 4.81 4.85 4.95 5.11 5.31 5.59 6.03 6.49 6.86 7.10 7.23 7.40 7.52 7.55 7.69 7.84 7.80 7.51 6.95 6.12 5.09 4.13 3.67 3.85 4.64 5.34 5.92 6.35 6.65 6.70 6.58 6.48 6.82 7.46 7.78 7.73 7.26 6.68 6.21 6.01 6.13 6.43 6.70 6.75 6.63 6.74 7.40 8.26 9.04 9.49 9.81 10.24 10.54 10.59 10.39 10.09 9.61 9.04 8.30 7.47
4.64 4.22 3.91 4.34 5.49 6.76 7.59 8.03 8.15 7.97 7.65 7.32 7.02 6.69 6.40 6.06 5.65 5.31 5.18 5.17 5.20 5.30 5.48 5.61 5.65 5.61 5.73 5.90 6.08 6.37 6.90 7.56 8.11 8.44 8.55 8.37 8.08 7.90 7.85 7.73 7.29 6.52 5.56 4.58 3.87 3.55 3.61 4.15 5.07 5.91 6.68 7.22 7.39 7.21 6.95 6.94 7.27 7.43 7.30 6.72 5.96 5.27 4.74 4.44 4.56 4.74 4.98 5.20 5.35 5.59 6.03 6.72 7.51 8.06 8.47 8.87 9.16 9.25 9.30 9.25 9.16 8.81 8.30 7.48
5.03 4.83 5.00 5.90 7.04 7.80 7.99 7.85 7.53 7.03 6.66 6.42 6.22 6.15 6.13 6.00 5.74 5.46 5.38 5.49 5.75 6.13 6.49 6.73 6.84 6.87 6.95 7.09 7.29 7.60 8.08 8.48 8.64 8.59 8.32 7.90 7.57 7.28 6.98 6.43 5.69 4.85 4.02 3.45 3.38 3.73 4.35 5.22 5.96 6.72 7.32 7.58 7.63 7.62 7.44 7.37 7.32 7.01 6.40 5.46 4.59 3.89 3.22 2.92 2.94 2.89 2.85 3.09 3.59 4.02 4.63 5.05 5.38 5.59 5.79 6.09 6.13 6.30 6.58 6.84 7.44 7.96 8.10 7.91
5.91 6.31 7.11 7.72 8.07 8.08 7.62 7.02 6.43 6.04 5.84 5.67 5.52 5.48 5.51 5.55 5.53 5.49 5.60 5.88 6.36 6.86 7.25 7.55 7.70 7.84 8.00 8.18 8.41 8.67 8.80 8.61 8.11 7.44 6.75 6.29 6.25 6.00 5.40 4.61 3.86 3.40 3.19 3.33 3.80 4.40 5.19 5.97 6.67 7.21 7.37 7.36 7.32 7.41 7.48 7.34 6.95 6.28 5.35 4.40 3.54 2.73 2.21 2.11 2.17 2.14 2.16 2.39 2.81 3.32 3.79 4.14 4.20 4.06 3.90 3.96 4.17 4.60 5.00 5.37 5.94 6.75 7.49 7.77
6.42 7.05 7.89 8.10 7.97 7.54 6.83 6.22 5.66 5.45 5.37 5.22 5.08 5.00 5.00 5.14 5.32 5.51 5.73 5.91 6.16 6.43 6.77 7.21 7.56 7.88 8.21 8.48 8.63 8.60 8.24 7.48 6.44 5.59 5.06 4.90 4.81 4.34 3.65 3.17 2.92 2.93 3.25 3.91 4.54 5.15 5.86 6.49 6.99 7.11 6.84 6.55 6.48 6.64 6.82 6.77 6.40 5.73 4.84 4.00 3.23 2.53 2.21 2.23 2.33 2.40 2.63 3.02 3.36 3.50 3.61 3.73 3.67 3.40 3.11 3.13 3.56 4.14 4.44 4.64 5.06 5.60 6.32 6.86
6.71 7.02 7.42 7.45 7.15 6.57 6.00 5.58 5.28 5.12 5.01 4.83 4.73 4.68 4.73 4.93 5.23 5.48 5.59 5.52 5.40 5.37 5.59 6.06 6.75 7.32 7.75 7.93 7.80 7.34 6.54 5.50 4.48 3.89 3.68 3.61 3.26 2.82 2.61 2.70 2.99 3.46 4.10 4.71 5.34 6.01 6.52 6.91 6.98 6.68 6.25 6.01 5.94 5.97 6.05 6.10 6.01 5.67 4.98 4.21 3.61 3.26 3.24 3.41 3.52 3.59 3.88 4.06 3.93 3.70 3.55 3.54 3.41 3.13 2.90 3.02 3.45 3.72 3.72 3.88 4.22 4.53 5.10 5.88
6.97 6.69 6.49 6.54 6.35 5.95 5.52 5.13 4.93 4.80 4.65 4.51 4.41 4.43 4.65 4.93 5.25 5.45 5.49 5.40 5.32 5.38 5.67 6.16 6.75 7.13 7.15 6.88 6.34 5.60 4.69 3.89 3.22 2.84 2.70 2.62 2.49 2.48 2.67 3.07 3.67 4.38 4.95 5.55 6.22 6.80 7.13 7.13 6.77 6.24 5.80 5.57 5.46 5.50 5.66 5.79 5.90 5.84 5.50 4.93 4.53 4.46 4.62 4.79 4.88 5.00 5.05 4.71 4.15 3.89 3.84 3.59 3.28 3.09 3.03 3.18 3.39 3.34 3.22 3.41 3.66 3.85 4.28 5.13
7.09 6.59 6.00 5.94 5.93 5.88 5.73 5.36 5.07 4.92 4.75 4.64 4.59 4.64 4.85 5.19 5.42 5.65 5.81 5.94 6.16 6.53 6.97 7.28 7.29 6.96 6.34 5.60 4.84 4.14 3.47 3.03 2.83 2.80 2.79 2.78 2.93 3.23 3.52 3.84 4.34 4.91 5.56 6.30 6.95 7.39 7.42 7.08 6.50 5.86 5.31 4.98 4.98 5.19 5.49 5.75 5.88 6.01 6.07 6.00 5.94 6.07 6.27 6.38 6.38 6.23 5.88 5.40 5.00 4.85 4.52 3.98 3.45 3.35 3.39 3.36 3.36 3.33 3.37 3.50 3.60 3.68 3.95 4.50
7.13 6.60 5.89 5.71 5.74 5.90 6.09 6.02 5.79 5.66 5.55 5.40 5.39 5.45 5.52 5.56 5.68 5.92 6.25 6.61 7.01 7.36 7.48 7.29 6.78 5.99 5.12 4.29 3.57 3.11 2.94 2.95 3.13 3.45 3.65 3.75 3.87 4.11 4.41 4.63 4.88 5.30 6.04 6.81 7.38 7.59 7.36 6.83 6.24 5.62 5.01 4.72 4.83 5.13 5.42 5.57 5.67 6.04 6.44 6.81 7.27 7.76 8.16 8.37 8.16 7.73 7.12 6.64 6.46 6.12 5.30 4.42 4.02 4.09 4.02 3.70 3.59 3.74 3.86 3.86 3.81 3.76 3.86 4.07
6.94 6.38 5.67 5.47 5.47 5.75 6.07 6.28 6.24 6.15 6.08 5.94 5.94 6.02 6.06 5.94 5.82 5.92 6.28 6.71 6.98 6.94 6.53 5.83 5.09 4.40 3.76 3.19 2.83 2.79 3.01 3.52 3.98 4.25 4.48 4.68 4.79 4.92 5.16 5.28 5.44 5.82 6.55 7.14 7.49 7.39 6.92 6.41 6.04 5.72 5.34 5.05 5.07 5.23 5.22 5.23 5.53 6.11 6.64 7.28 7.97 8.53 8.93 9.13 9.23 9.03 8.61 8.21 7.70 7.00 6.15 5.40 5.18 5.11 4.81 4.47 4.49 4.68 4.66 4.39 4.08 3.89 3.81 3.78
6.70 6.34 5.77 5.49 5.41 5.50 5.79 6.13 6.26 6.14 5.88 5.64 5.60 5.68 5.78 5.81 5.66 5.71 5.96 6.15 6.00 5.48 4.73 3.98 3.37 2.90 2.55 2.44 2.59 2.98 3.70 4.42 4.82 5.04 5.20 5.37 5.57 5.70 5.74 5.83 6.06 6.47 6.91 7.22 7.13 6.68 6.13 5.86 5.94 6.05 6.01 5.86 5.61 5.52 5.39 5.43 5.81 6.38 6.81 7.40 7.88 8.30 8.50 8.59 8.87 9.07 9.09 9.10 8.77 8.25 7.83 7.48 7.08 6.45 5.80 5.62 5.81 5.92 5.57 4.95 4.32 3.89 3.62 3.57
6.86 6.68 6.20 5.82 5.67 5.57 5.65 5.93 6.18 6.18 5.88 5.53 5.34 5.24 5.25 5.45 5.36 5.51 5.59 5.28 4.56 3.70 2.97 2.41 1.97 1.69 1.61 1.84 2.43 3.39 4.34 4.90 5.27 5.53 5.71 5.88 6.00 6.02 6.01 6.11 6.45 6.79 7.06 6.99 6.53 5.80 5.45 5.46 5.71 6.16 6.36 6.35 6.25 6.07 5.93 5.91 6.03 6.35 6.73 7.16 7.30 7.16 6.83 6.82 7.24 7.89 8.47 8.97 9.35 9.45 9.50 9.34 8.83 8.13 7.42 7.16 7.05 6.67 5.93 4.94 4.17 3.75 3.52 3.41
7.03 6.65 6.13 5.88 5.82 5.76 5.66 5.76 6.08 6.36 6.39 6.11 5.80 5.49 5.27 5.17 5.23 5.29 5.01 4.24 3.26 2.50 2.01 1.69 1.46 1.37 1.49 1.80 2.40 3.22 3.98 4.43 4.79 5.14 5.46 5.70 5.73 5.76 5.83 6.06 6.44 6.81 6.98 6.74 6.27 5.67 5.35 5.33 5.48 5.79 6.19 6.37 6.50 6.42 6.23 5.98 5.85 5.90 6.23 6.46 6.39 5.99 5.59 5.52 5.79 6.38 7.19 7.98 8.69 9.19 9.55 9.69 9.46 9.15 8.84 8.40 7.64 6.59 5.49 4.59 4.09 3.82 3.56 3.28
6.66 5.99 5.27 5.28 5.47 5.56 5.46 5.40 5.70 6.15 6.44 6.38 6.09 5.76 5.51 5.28 5.15 4.90 4.30 3.49 2.89 2.53 2.12 2.09 1.99 2.08 2.32 2.53 2.75 2.98 3.17 3.40 3.67 4.00 4.34 4.65 4.90 5.14 5.47 5.90 6.24 6.52 6.52 6.19 5.83 5.46 5.12 5.08 5.18 5.34 5.64 6.06 6.25 6.27 6.05 5.64 5.42 5.34 5.60 5.72 5.50 5.02 4.77 4.94 5.32 5.67 6.04 6.48 7.00 7.48 7.90 8.27 8.59 8.78 8.84 8.61 7.66 6.29 5.32 4.84 4.51 4.02 3.51 3.32
5.78 5.27 4.77 4.81 4.90 4.85 4.70 4.70 4.91 5.37 5.83 6.04 5.94 5.70 5.50 5.26 4.97 4.53 4.01 3.92 3.37 3.37 3.31 3.25 3.23 3.36 3.50 3.60 3.57 3.45 3.38 3.33 3.30 3.34 3.50 3.84 4.34 4.75 5.21 5.68 5.93 5.96 5.60 4.93 4.27 4.02 4.10 4.30 4.54 4.91 5.22 5.52 5.74 5.75 5.53 5.22 5.03 5.06 5.19 5.23 4.94 4.49 4.48 4.74 5.13 5.32 5.30 5.30 5.43 5.71 5.80 6.14 6.74 7.36 7.80 8.05 7.76 6.92 6.05 5.51 4.83 4.10 3.70 3.76
5.39 5.34 5.30 5.21 4.85 4.48 4.29 4.22 4.24 4.54 5.06 5.54 5.74 5.65 5.44 5.16 4.83 4.48 4.57 4.18 4.42 4.53 4.62 4.64 4.64 4.66 4.70 4.64 4.54 4.43 4.29 4.09 3.82 3.61 3.60 3.87 4.29 4.66 5.09 5.48 5.60 5.36 4.63 3.58 3.04 3.08 3.45 3.92 4.39 4.76 5.02 5.14 5.19 5.23 5.12 5.04 5.01 5.10 5.12 5.11 4.93 4.73 4.77 4.82 4.88 4.69 4.45 4.43 4.58 4.76 4.88 5.07 5.43 5.96 6.37 7.04 7.64 7.67 7.10 6.14 5.09 4.56 4.61 4.88
5.89 6.14 6.39 6.17 5.70 5.03 4.58 4.30 4.06 3.98 4.25 4.82 5.33 5.54 5.40 5.05 4.79 4.68 4.77 5.01 5.36 5.66 5.91 6.06 6.09 5.97 5.76 5.52 5.25 4.98 4.78 4.60 4.44 4.30 4.19 4.25 4.54 4.87 5.28 5.57 5.50 5.00 4.20 3.46 3.37 3.75 4.29 4.82 5.11 5.18 5.09 4.97 4.89 4.99 5.06 5.10 5.09 5.19 5.19 5.28 5.29 5.21 5.01 4.65 4.33 4.02 3.78 3.85 4.15 4.39 4.58 4.83 4.95 5.16 5.50 6.14 7.04 7.70 7.80 7.35 6.52 6.23 6.37 6.48
6.37 6.67 6.88 6.62 6.18 5.60 5.05 4.55 4.10 3.71 3.59 3.88 4.51 5.04 5.21 4.97 4.77 4.86 5.15 5.71 6.14 6.57 6.92 7.17 7.19 7.03 6.77 6.41 5.94 5.43 4.98 4.74 4.73 4.91 5.10 5.16 5.26 5.52 5.89 6.08 5.95 5.48 4.85 4.59 4.90 5.44 5.95 6.16 6.08 5.60 5.23 4.95 4.85 4.93 5.08 5.13 5.11 5.23 5.33 5.59 5.65 5.47 5.06 4.46 3.93 3.59 3.52 3.66 3.92 4.09 4.30 4.57 4.72 4.75 5.07 5.56 6.23 7.12 7.92 8.51 8.68 8.48 8.15 7.84
6.56 6.67 6.55 6.19 5.77 5.32 4.96 4.55 4.04 3.53 3.27 3.30 3.66 4.30 4.75 4.79 4.70 4.85 5.29 5.83 6.28 6.65 6.95 7.18 7.25 7.23 7.14 6.96 6.62 6.11 5.51 5.05 4.95 5.21 5.52 5.77 6.02 6.29 6.54 6.78 6.91 6.76 6.63 6.47 6.60 6.89 6.99 6.67 6.17 5.64 5.22 5.03 4.84 4.89 5.05 5.12 5.13 5.34 5.54 5.79 5.78 5.57 5.22 4.69 4.13 3.77 3.65 3.70 3.80 3.87 3.97 4.16 4.38 4.54 4.82 5.18 5.66 6.34 7.40 8.46 9.21 9.25 8.80 8.18
