project/data/elevation/US_DEM2016/US_DEM2016_point_10-28-2019_1654_30m_vel.asc
ncols	125
nrows	167
xllcorner	-2042055.000000
yllcorner	1465035.000000
cellsize	30.000000
NODATA_value	-9999.000000
[rows 76 to 113 of 167, columns 0 to 83 of 125]
4.94 4.72 4.53 4.63 4.77 4.97 5.50 6.15 6.52 6.46 6.17 5.97 6.13 6.64 7.16 7.68 8.14 8.08 7.71 7.20 6.77 6.39 6.09 5.81 5.62 5.54 5.39 5.31 5.32 5.34 5.28 5.12 4.77 4.54 4.57 4.70 4.72 4.56 4.32 4.15 4.12 4.36 4.77 5.04 5.05 4.78 4.49 4.26 4.12 4.06 4.03 3.96 3.85 3.92 4.19 4.49 4.72 4.79 4.86 5.02 5.18 4.96 4.20 3.36 2.91 2.88 3.20 3.45 3.66 3.95 4.31 4.76 5.54 6.46 7.30 8.16 9.01 9.49 9.21 8.30 6.98 5.41 4.62 4.40
4.95 4.76 4.65 4.81 5.05 5.50 5.98 6.16 5.89 5.35 4.99 5.10 5.65 6.45 7.15 7.68 7.70 7.70 7.12 6.53 6.10 5.82 5.63 5.52 5.47 5.42 5.25 5.16 5.19 5.30 5.40 5.41 5.29 5.26 5.26 5.16 4.92 4.54 4.22 4.16 4.34 4.59 4.80 4.84 4.80 4.60 4.34 4.11 3.92 3.82 3.75 3.70 3.70 3.94 4.29 4.59 4.81 4.93 5.02 5.09 4.90 4.24 3.51 3.25 3.41 3.79 4.09 4.34 4.73 5.41 6.02 6.81 7.82 8.65 9.24 9.74 9.95 9.63 8.69 7.63 6.61 5.44 4.69 4.33
4.90 4.62 4.49 4.70 4.96 5.33 5.47 5.23 4.85 4.70 4.84 5.27 5.96 6.78 7.40 7.74 7.65 7.16 6.54 6.03 5.67 5.42 5.26 5.20 5.18 5.13 4.99 4.99 5.08 5.21 5.37 5.53 5.61 5.60 5.49 5.23 4.87 4.48 4.31 4.33 4.39 4.37 4.33 4.33 4.31 4.11 3.69 3.32 3.21 3.20 3.24 3.42 3.80 4.24 4.57 4.80 5.02 5.11 5.08 4.86 4.37 3.71 3.49 3.79 4.38 4.84 5.23 5.79 6.51 7.00 7.54 8.35 9.11 9.56 9.61 9.55 9.21 8.40 7.62 7.14 6.79 6.27 5.68 5.19
4.80 4.44 4.26 4.47 4.66 4.81 4.87 4.83 4.94 5.25 5.64 6.14 6.83 7.47 7.82 7.77 7.34 6.70 6.13 5.70 5.35 5.07 4.90 4.82 4.77 4.71 4.61 4.62 4.65 4.74 4.80 5.05 5.24 5.27 5.15 4.92 4.61 4.29 4.12 3.98 3.81 3.68 3.66 3.81 3.90 3.78 3.46 3.24 3.34 3.58 3.88 4.29 4.74 4.97 5.00 4.96 4.89 4.68 4.33 3.86 3.42 3.30 3.64 4.38 5.20 5.91 6.67 7.33 7.60 7.78 8.06 8.51 8.89 8.81 8.49 8.03 7.43 6.83 6.50 6.49 6.59 6.58 6.34 5.96
4.68 4.40 4.30 4.55 4.73 4.84 4.98 5.24 5.64 6.01 6.44 7.01 7.67 7.96 7.86 7.38 6.72 6.09 5.59 5.23 4.93 4.72 4.57 4.44 4.36 4.34 4.23 4.02 3.83 3.84 3.82 4.02 4.32 4.56 4.62 4.55 4.39 4.25 4.09 3.89 3.76 3.76 3.86 4.02 4.08 4.10 4.08 4.14 4.33 4.67 5.03 5.30 5.40 5.33 5.08 4.88 4.57 4.16 3.79 3.48 3.35 3.60 4.24 5.17 6.11 7.02 7.65 7.73 7.50 7.39 7.56 7.73 7.60 7.12 6.74 6.48 6.23 6.00 5.82 5.69 5.83 6.16 6.29 6.15
4.61 4.49 4.56 4.86 5.08 5.22 5.39 5.71 6.13 6.54 7.03 7.56 7.91 7.82 7.28 6.55 5.91 5.29 4.83 4.50 4.34 4.31 4.28 4.16 4.11 4.08 3.87 3.42 3.10 3.00 2.96 3.07 3.36 3.73 3.99 4.23 4.35 4.50 4.53 4.54 4.62 4.76 4.88 4.86 4.82 4.88 5.01 5.23 5.43 5.46 5.40 5.28 5.15 5.01 4.94 4.88 4.77 4.73 4.69 4.61 4.63 4.89 5.45 6.26 7.05 7.60 7.53 6.88 6.44 6.55 6.87 6.97 6.67 6.08 5.82 5.73 5.70 5.69 5.56 5.29 5.21 5.40 5.71 5.82
4.72 4.71 4.75 4.88 5.07 5.31 5.62 6.00 6.45 6.91 7.34 7.62 7.57 7.07 6.35 5.75 5.24 4.71 4.26 4.00 3.96 3.94 3.82 3.85 3.93 3.90 3.71 3.33 2.84 2.70 2.78 3.00 3.21 3.32 3.55 3.98 4.33 4.63 4.83 5.09 5.38 5.58 5.61 5.47 5.38 5.46 5.63 5.78 5.80 5.53 5.23 5.13 5.19 5.20 5.10 5.06 5.11 5.31 5.43 5.53 5.70 6.01 6.47 7.01 7.50 7.45 6.69 5.98 5.86 6.20 6.55 6.55 6.14 5.61 5.45 5.42 5.40 5.43 5.35 5.17 5.01 4.94 4.95 5.14
4.90 4.92 4.84 4.76 4.90 5.27 5.71 6.19 6.66 7.04 7.29 7.29 6.95 6.32 5.71 5.24 4.82 4.39 4.01 3.81 3.71 3.54 3.37 3.45 3.69 3.81 3.84 3.77 3.49 3.37 3.54 3.78 3.76 3.64 3.64 3.92 4.22 4.51 4.86 5.30 5.61 5.64 5.54 5.39 5.38 5.55 5.76 5.84 5.77 5.63 5.62 5.72 5.72 5.55 5.28 5.18 5.19 5.29 5.48 5.74 6.08 6.43 6.81 7.14 7.29 6.86 6.11 5.87 6.02 6.22 6.33 6.14 5.58 5.01 4.81 4.89 4.94 4.91 4.85 4.80 4.75 4.62 4.38 4.46
4.94 4.93 4.89 4.85 5.03 5.41 5.86 6.33 6.72 6.95 6.99 6.80 6.35 5.77 5.26 4.84 4.44 4.06 3.74 3.55 3.36 3.11 3.05 3.27 3.66 4.02 4.35 4.67 4.90 5.02 5.05 4.91 4.65 4.40 4.22 4.23 4.46 4.83 5.29 5.56 5.46 5.19 5.07 5.17 5.32 5.58 5.89 6.09 6.21 6.31 6.27 6.13 5.84 5.56 5.33 5.28 5.31 5.44 5.72 5.97 6.24 6.48 6.67 6.81 6.76 6.34 5.93 5.99 6.09 6.06 5.92 5.59 4.96 4.30 3.99 4.05 4.16 4.14 4.12 4.14 4.18 4.18 4.02 4.02
4.90 4.88 4.92 5.06 5.35 5.71 6.07 6.39 6.64 6.73 6.63 6.32 5.85 5.34 4.86 4.42 3.98 3.55 3.22 3.08 3.02 3.04 3.28 3.71 4.22 4.65 5.09 5.50 5.85 6.05 6.02 5.74 5.37 5.07 4.88 4.83 5.15 5.59 5.68 5.42 5.00 4.83 5.00 5.25 5.46 5.82 6.31 6.61 6.72 6.74 6.58 6.23 5.88 5.63 5.40 5.36 5.50 5.70 5.86 5.93 6.00 6.05 6.15 6.33 6.29 6.00 5.72 5.76 5.73 5.63 5.50 5.23 4.75 4.16 3.68 3.62 3.59 3.44 3.31 3.32 3.43 3.56 3.66 3.75
4.91 4.91 5.01 5.27 5.63 5.89 6.05 6.20 6.41 6.47 6.30 5.94 5.46 4.94 4.43 3.92 3.36 2.87 2.71 2.82 3.06 3.45 3.94 4.43 4.91 5.32 5.64 5.83 5.94 6.04 6.06 5.98 5.75 5.49 5.33 5.31 5.51 5.60 5.26 4.78 4.59 4.72 4.89 5.07 5.35 5.95 6.52 6.65 6.50 6.42 6.38 6.24 6.05 5.83 5.53 5.42 5.45 5.44 5.38 5.40 5.35 5.36 5.59 5.93 6.03 5.81 5.48 5.32 5.24 5.24 5.27 5.26 5.14 4.85 4.29 3.83 3.52 3.23 3.00 2.95 2.95 2.95 3.07 3.28
4.95 4.96 5.06 5.30 5.52 5.60 5.68 5.90 6.19 6.32 6.08 5.62 5.09 4.53 3.89 3.24 2.77 2.67 2.91 3.21 3.53 3.92 4.37 4.85 5.31 5.65 5.77 5.69 5.54 5.48 5.61 5.79 5.89 5.87 5.75 5.54 5.26 4.88 4.50 4.36 4.39 4.43 4.39 4.52 5.08 5.86 6.29 6.06 5.59 5.43 5.42 5.50 5.55 5.57 5.51 5.38 5.21 5.02 4.94 4.95 4.98 5.15 5.49 5.84 5.95 5.74 5.40 5.17 5.03 5.13 5.37 5.61 5.68 5.62 5.46 4.98 4.46 4.02 3.76 3.56 3.26 2.98 2.97 3.21
4.95 4.93 4.98 5.09 5.15 5.22 5.50 5.96 6.29 6.26 5.84 5.24 4.66 4.01 3.33 2.96 3.03 3.50 3.81 3.98 4.12 4.36 4.72 5.12 5.44 5.61 5.56 5.39 5.27 5.23 5.34 5.55 5.76 5.90 5.90 5.63 5.03 4.49 4.20 4.21 4.19 4.15 4.20 4.48 5.05 5.69 5.84 5.24 4.44 4.04 3.98 4.03 4.18 4.48 4.75 4.93 4.95 4.93 4.97 5.07 5.21 5.40 5.58 5.75 5.84 5.68 5.34 5.10 5.05 5.27 5.66 5.94 6.01 5.97 6.05 6.06 5.88 5.64 5.39 5.02 4.50 4.10 4.13 4.14
4.94 4.93 4.97 5.05 5.13 5.39 5.87 6.29 6.36 6.01 5.34 4.63 3.99 3.37 3.04 3.19 3.69 4.12 4.35 4.48 4.61 4.83 5.10 5.26 5.26 5.16 5.10 5.15 5.25 5.33 5.35 5.36 5.37 5.45 5.55 5.51 5.05 4.59 4.29 4.22 4.24 4.39 4.54 4.73 5.08 5.46 5.41 4.66 3.72 3.34 3.24 3.21 3.33 3.72 4.23 4.64 4.89 5.05 5.19 5.35 5.45 5.41 5.37 5.48 5.66 5.57 5.17 4.97 5.08 5.37 5.70 5.96 5.94 5.80 5.84 6.08 6.28 6.39 6.36 6.17 5.90 5.73 5.60 5.34
5.00 5.02 5.09 5.24 5.47 5.86 6.24 6.35 6.03 5.33 4.50 3.68 3.00 2.62 2.64 3.02 3.44 3.78 4.14 4.46 4.79 5.07 5.17 4.99 4.69 4.58 4.75 4.99 5.07 5.00 4.96 4.91 4.86 4.90 5.07 5.25 5.09 4.78 4.53 4.53 4.64 4.78 4.85 4.97 5.19 5.42 5.35 4.83 4.18 3.84 3.79 3.92 4.30 4.72 5.01 5.10 5.14 5.19 5.24 5.27 5.20 5.00 4.96 5.23 5.53 5.43 4.97 4.83 4.99 5.20 5.41 5.66 5.54 5.13 4.95 5.11 5.53 5.86 6.05 6.16 6.24 6.29 6.24 5.98
5.08 5.11 5.22 5.43 5.75 6.10 6.22 5.96 5.27 4.35 3.49 2.79 2.34 2.17 2.25 2.52 2.87 3.22 3.60 4.04 4.47 4.76 4.71 4.45 4.31 4.43 4.68 4.80 4.62 4.35 4.25 4.26 4.34 4.46 4.63 4.89 4.96 4.76 4.62 4.76 4.91 5.00 5.11 5.38 5.59 5.75 5.75 5.55 5.37 5.27 5.19 5.43 5.76 5.90 5.76 5.42 5.21 5.12 5.01 4.84 4.64 4.50 4.59 5.01 5.36 5.25 4.80 4.70 4.77 4.82 4.98 5.22 5.07 4.54 4.14 4.18 4.48 4.74 4.93 5.18 5.48 5.67 5.69 5.68
5.14 5.18 5.31 5.57 5.89 6.05 5.82 5.21 4.32 3.46 2.82 2.43 2.29 2.31 2.42 2.63 2.90 3.16 3.43 3.76 4.08 4.22 4.18 4.22 4.41 4.64 4.84 4.85 4.66 4.48 4.36 4.34 4.43 4.46 4.39 4.47 4.64 4.62 4.65 4.88 5.06 5.24 5.52 5.93 6.13 6.21 6.20 6.14 6.14 6.24 6.33 6.33 6.16 5.75 5.31 5.08 4.99 4.88 4.64 4.34 4.08 4.02 4.25 4.78 5.23 5.22 4.88 4.66 4.56 4.52 4.65 4.88 4.77 4.27 3.78 3.65 3.82 3.88 3.85 3.96 4.21 4.44 4.48 4.46
5.19 5.23 5.36 5.60 5.76 5.60 5.05 4.26 3.47 2.90 2.57 2.46 2.54 2.77 3.03 3.32 3.54 3.71 3.92 4.19 4.40 4.46 4.46 4.54 4.67 4.93 5.32 5.57 5.63 5.56 5.43 5.34 5.29 5.09 4.57 4.30 4.44 4.65 4.91 5.21 5.44 5.70 6.05 6.38 6.44 6.40 6.34 6.30 6.33 6.44 6.48 6.33 5.94 5.39 5.02 4.98 4.94 4.74 4.39 4.02 3.79 3.81 4.17 4.83 5.39 5.48 5.18 4.80 4.51 4.45 4.54 4.73 4.62 4.08 3.42 3.11 3.14 3.07 2.87 2.89 3.14 3.35 3.29 3.20
5.21 5.22 5.29 5.34 5.16 4.65 3.95 3.29 2.81 2.55 2.52 2.67 2.93 3.29 3.75 4.23 4.60 4.85 5.11 5.37 5.52 5.49 5.31 5.06 4.95 5.26 5.88 6.19 6.18 6.01 5.83 5.67 5.45 5.09 4.56 4.37 4.54 4.91 5.33 5.67 5.92 6.14 6.33 6.42 6.33 6.26 6.26 6.30 6.34 6.34 6.19 6.01 5.90 5.84 5.67 5.39 5.08 4.78 4.50 4.29 4.21 4.29 4.65 5.22 5.67 5.67 5.26 4.82 4.56 4.59 4.74 4.79 4.49 3.72 2.90 2.54 2.57 2.47 2.27 2.31 2.49 2.51 2.41 2.45
5.21 5.20 5.11 4.87 4.36 3.72 3.14 2.73 2.53 2.58 2.83 3.18 3.60 4.11 4.67 5.23 5.65 6.03 6.34 6.44 6.30 5.99 5.54 5.17 5.10 5.54 6.05 6.00 5.51 5.13 4.88 4.72 4.57 4.37 4.31 4.51 4.82 5.22 5.65 5.94 6.09 6.14 6.07 5.94 5.93 5.99 6.14 6.22 6.20 6.12 5.93 5.78 5.76 5.81 5.75 5.44 5.09 4.82 4.66 4.59 4.65 4.87 5.19 5.60 5.85 5.69 5.16 4.79 4.77 5.02 5.17 4.96 4.35 3.41 2.63 2.41 2.45 2.32 2.22 2.33 2.43 2.36 2.23 2.33
5.24 5.18 4.93 4.52 4.06 3.64 3.28 3.02 2.98 3.18 3.50 3.93 4.46 5.04 5.62 6.09 6.47 6.72 6.73 6.46 5.94 5.36 4.98 4.96 5.26 5.78 6.01 5.58 4.88 4.48 4.31 4.31 4.37 4.32 4.43 4.75 5.10 5.43 5.73 5.92 5.94 5.79 5.54 5.37 5.45 5.67 5.90 5.96 5.75 5.39 5.19 5.12 5.10 5.05 4.95 4.90 4.80 4.65 4.52 4.48 4.61 4.99 5.46 5.86 5.95 5.71 5.30 5.06 5.13 5.37 5.40 4.99 4.25 3.55 3.04 2.91 2.79 2.54 2.59 2.81 2.81 2.68 2.67 2.96
5.20 5.07 4.75 4.46 4.27 4.05 3.87 3.81 3.94 4.13 4.36 4.75 5.30 5.89 6.41 6.72 6.80 6.63 6.13 5.42 4.72 4.28 4.36 4.80 5.38 6.03 6.18 5.87 5.49 5.31 5.26 5.26 5.17 4.95 4.88 5.04 5.22 5.41 5.59 5.67 5.50 5.18 4.94 4.93 5.06 5.33 5.65 5.64 5.07 4.31 3.96 3.98 4.09 4.09 4.09 4.24 4.40 4.43 4.42 4.47 4.68 5.13 5.59 5.86 5.84 5.59 5.33 5.19 5.18 5.25 5.19 4.75 4.30 4.05 3.88 3.68 3.43 3.14 3.46 3.78 3.70 3.52 3.67 4.28
5.08 4.89 4.63 4.54 4.50 4.47 4.50 4.67 4.95 5.17 5.38 5.68 6.15 6.62 6.86 6.80 6.44 5.82 5.05 4.34 3.89 3.86 4.27 4.86 5.56 6.35 6.57 6.49 6.36 6.27 6.16 5.98 5.71 5.41 5.18 5.15 5.19 5.27 5.33 5.20 4.83 4.50 4.48 4.68 4.91 5.28 5.65 5.52 4.66 3.77 3.44 3.42 3.31 3.36 3.64 4.02 4.34 4.49 4.53 4.63 4.89 5.27 5.53 5.62 5.53 5.37 5.14 4.92 4.82 4.87 4.78 4.59 4.62 4.76 4.85 4.77 4.53 4.43 4.92 5.17 5.04 4.93 5.20 5.58
4.99 4.85 4.68 4.69 4.84 5.07 5.35 5.63 5.87 6.05 6.21 6.43 6.71 6.86 6.70 6.21 5.54 4.81 4.18 3.80 3.89 4.33 4.87 5.36 6.04 6.68 6.71 6.37 6.16 6.05 5.89 5.71 5.55 5.40 5.17 5.06 5.04 4.99 4.84 4.54 4.28 4.36 4.59 4.83 5.11 5.55 5.83 5.63 4.94 4.35 4.09 3.91 3.62 3.73 4.08 4.39 4.61 4.76 4.86 4.96 5.11 5.35 5.48 5.48 5.42 5.31 5.05 4.80 4.75 4.84 4.82 4.82 5.10 5.33 5.51 5.64 5.78 6.03 6.38 6.47 6.31 6.20 6.23 6.03
4.98 4.89 4.76 4.83 5.13 5.52 5.86 6.10 6.23 6.32 6.42 6.56 6.65 6.46 5.96 5.27 4.57 3.96 3.56 3.61 4.19 4.87 5.38 5.83 6.38 6.67 6.32 5.67 5.30 5.14 5.05 5.08 5.14 5.15 5.03 4.92 4.77 4.55 4.30 4.17 4.37 4.80 5.04 5.19 5.41 5.78 5.97 5.73 5.24 5.06 5.02 4.91 4.78 4.77 4.76 4.68 4.74 4.93 5.17 5.32 5.43 5.60 5.66 5.63 5.55 5.42 5.26 5.21 5.31 5.30 5.19 5.17 5.31 5.41 5.55 5.89 6.37 6.77 6.89 6.76 6.50 6.31 6.06 5.51
4.91 4.85 4.75 4.87 5.13 5.44 5.64 5.75 5.78 5.83 5.96 6.09 6.03 5.68 5.10 4.41 3.75 3.36 3.37 3.79 4.46 5.02 5.44 5.80 6.16 6.15 5.55 4.88 4.46 4.25 4.26 4.40 4.53 4.61 4.71 4.72 4.58 4.41 4.40 4.64 5.01 5.23 5.29 5.35 5.54 5.83 5.92 5.58 5.19 5.08 5.13 5.21 5.29 5.22 4.85 4.57 4.67 4.98 5.28 5.51 5.72 5.93 5.97 5.88 5.74 5.62 5.56 5.59 5.60 5.41 5.26 5.25 5.25 5.25 5.40 5.75 6.19 6.42 6.34 6.18 6.01 5.79 5.38 4.80
4.86 4.84 4.84 4.94 5.05 5.11 5.11 5.05 5.05 5.17 5.37 5.44 5.22 4.75 4.12 3.55 3.34 3.54 4.09 4.65 5.02 5.31 5.52 5.68 5.75 5.48 4.76 4.09 3.69 3.54 3.58 3.64 3.65 3.78 4.00 4.25 4.49 4.71 4.97 5.19 5.27 5.24 5.19 5.27 5.48 5.70 5.68 5.29 4.84 4.58 4.56 4.69 4.84 4.81 4.57 4.49 4.69 5.01 5.30 5.60 5.93 6.19 6.20 6.06 5.86 5.70 5.60 5.47 5.25 4.98 4.97 5.04 5.11 5.16 5.28 5.42 5.57 5.52 5.44 5.54 5.66 5.60 5.37 5.15
5.00 5.08 5.18 5.15 5.07 4.93 4.77 4.66 4.71 4.91 5.02 4.82 4.30 3.66 3.11 3.05 3.58 4.42 5.07 5.43 5.63 5.75 5.79 5.76 5.66 5.35 4.66 3.91 3.49 3.41 3.41 3.38 3.38 3.44 3.62 4.00 4.49 4.85 4.99 4.95 4.83 4.81 4.89 5.08 5.31 5.48 5.40 4.93 4.34 3.99 3.90 3.91 3.95 4.05 4.18 4.43 4.69 4.97 5.25 5.59 5.97 6.22 6.19 6.01 5.80 5.62 5.45 5.23 4.98 4.77 4.75 4.83 4.96 4.99 4.97 5.11 5.08 4.91 4.80 4.94 5.20 5.44 5.66 5.86
5.24 5.35 5.40 5.30 5.12 4.91 4.74 4.68 4.73 4.72 4.42 3.82 3.11 2.54 2.40 2.81 3.67 4.59 5.19 5.59 5.84 5.93 5.92 5.93 5.93 5.66 5.15 4.60 4.33 4.34 4.39 4.34 4.34 4.33 4.39 4.55 4.74 4.80 4.69 4.51 4.38 4.44 4.72 5.01 5.26 5.37 5.19 4.66 4.08 3.81 3.69 3.46 3.24 3.24 3.56 4.10 4.57 4.92 5.21 5.56 5.90 6.01 5.91 5.71 5.58 5.51 5.41 5.24 5.08 4.89 4.76 4.77 4.83 4.84 4.90 4.97 4.83 4.63 4.47 4.39 4.44 4.64 4.97 5.35
5.28 5.26 5.18 5.11 4.99 4.83 4.70 4.63 4.46 4.02 3.28 2.63 2.25 2.18 2.47 3.08 3.75 4.27 4.72 5.19 5.47 5.57 5.73 6.03 5.99 5.95 5.71 5.70 5.78 5.85 5.85 5.83 5.75 5.55 5.38 5.21 5.02 4.86 4.69 4.50 4.38 4.49 4.88 5.22 5.41 5.41 5.14 4.65 4.26 4.03 3.75 3.28 2.96 3.08 3.52 4.13 4.69 5.06 5.34 5.64 5.80 5.69 5.50 5.43 5.47 5.52 5.50 5.36 5.22 5.03 4.91 4.90 4.91 4.88 4.81 4.70 4.59 4.49 4.37 4.17 3.89 3.71 3.78 3.99
5.15 4.96 4.80 4.79 4.70 4.55 4.38 4.15 3.76 3.21 2.74 2.51 2.59 2.97 3.73 4.48 4.69 4.69 4.71 4.83 4.98 5.15 5.61 6.14 6.21 6.02 6.04 6.26 6.46 6.54 6.50 6.39 6.19 5.90 5.61 5.34 5.12 4.96 4.76 4.55 4.53 4.80 5.21 5.45 5.50 5.40 5.14 4.77 4.45 4.09 3.58 3.20 3.36 3.93 4.47 4.79 5.01 5.21 5.45 5.62 5.53 5.31 5.24 5.38 5.54 5.61 5.57 5.47 5.38 5.31 5.20 5.14 5.04 4.81 4.51 4.32 4.37 4.44 4.36 4.16 3.83 3.63 3.67 3.77
5.04 4.85 4.65 4.59 4.50 4.36 4.15 3.86 3.54 3.32 3.40 3.72 4.16 4.86 5.70 6.27 6.41 6.07 5.63 5.45 5.45 5.64 6.13 6.40 6.21 5.92 5.91 6.01 6.05 6.10 6.08 5.97 5.85 5.68 5.52 5.35 5.20 5.03 4.76 4.57 4.75 5.20 5.53 5.52 5.40 5.31 5.13 4.84 4.53 4.15 3.80 3.87 4.45 5.10 5.30 5.16 5.05 5.18 5.37 5.40 5.24 5.13 5.20 5.36 5.50 5.52 5.46 5.43 5.45 5.49 5.40 5.26 5.02 4.69 4.36 4.24 4.36 4.46 4.42 4.34 4.34 4.49 4.63 4.60
5.03 4.88 4.68 4.60 4.58 4.57 4.55 4.46 4.40 4.52 4.96 5.56 6.22 6.84 7.29 7.43 7.36 7.15 6.95 6.82 6.74 6.77 6.86 6.65 6.18 5.79 5.65 5.55 5.33 5.14 5.07 5.08 5.09 5.13 5.18 5.24 5.24 5.08 4.86 4.80 5.06 5.32 5.34 5.20 5.18 5.28 5.25 5.06 4.87 4.76 4.79 5.07 5.51 5.74 5.50 5.13 5.09 5.26 5.34 5.28 5.17 5.15 5.15 5.18 5.24 5.20 5.12 5.18 5.29 5.34 5.30 5.17 4.96 4.69 4.46 4.40 4.49 4.53 4.52 4.60 4.81 5.07 5.21 5.18
5.06 4.99 4.86 4.80 4.83 4.95 5.11 5.29 5.57 6.01 6.56 7.12 7.52 7.68 7.61 7.32 7.01 7.04 7.17 7.21 7.19 7.15 6.99 6.56 5.98 5.61 5.52 5.40 5.08 4.71 4.48 4.40 4.41 4.52 4.70 4.88 4.99 4.98 4.90 4.86 4.86 4.76 4.60 4.67 5.10 5.47 5.55 5.41 5.32 5.44 5.69 5.96 6.14 6.09 5.82 5.59 5.60 5.61 5.50 5.35 5.21 5.07 4.97 4.98 5.02 4.92 4.82 4.91 5.05 5.09 5.07 4.99 4.86 4.70 4.58 4.56 4.58 4.54 4.56 4.69 4.86 5.00 5.06 5.02
5.16 5.14 5.07 5.05 5.10 5.21 5.42 5.79 6.35 6.92 7.36 7.54 7.45 7.16 6.72 6.23 5.96 6.08 6.25 6.39 6.54 6.64 6.56 6.19 5.70 5.43 5.43 5.36 5.12 4.91 4.77 4.67 4.68 4.74 4.76 4.73 4.72 4.75 4.73 4.59 4.39 4.28 4.40 4.85 5.48 5.86 5.89 5.69 5.59 5.75 6.02 6.26 6.39 6.40 6.38 6.32 6.23 6.00 5.69 5.41 5.19 4.96 4.88 4.92 4.88 4.69 4.65 4.81 4.99 5.03 4.93 4.79 4.70 4.65 4.64 4.66 4.64 4.59 4.63 4.76 4.90 4.98 4.98 4.87
5.22 5.17 5.14 5.22 5.34 5.51 5.81 6.29 6.83 7.16 7.18 6.94 6.53 6.08 5.65 5.30 5.13 5.19 5.27 5.47 5.81 6.06 6.12 5.85 5.47 5.32 5.31 5.17 4.96 4.98 5.14 5.26 5.31 5.27 5.11 4.90 4.73 4.66 4.58 4.50 4.49 4.65 5.01 5.55 6.05 6.24 6.10 5.81 5.65 5.69 5.89 6.12 6.33 6.44 6.52 6.54 6.38 6.10 5.74 5.40 5.14 4.96 4.89 4.82 4.63 4.49 4.63 4.91 5.10 5.04 4.78 4.59 4.56 4.58 4.59 4.62 4.62 4.62 4.68 4.84 4.99 5.05 4.98 4.88
5.17 5.09 5.12 5.32 5.52 5.80 6.24 6.66 6.88 6.77 6.41 6.00 5.61 5.28 4.97 4.68 4.52 4.58 4.78 5.09 5.48 5.88 5.92 5.53 5.24 5.31 5.31 5.10 4.90 4.88 4.96 5.03 5.06 5.03 4.97 4.88 4.78 4.70 4.66 4.75 4.93 5.17 5.53 6.08 6.47 6.45 6.10 5.70 5.48 5.46 5.56 5.76 5.90 5.92 5.96 5.98 5.90 5.71 5.50 5.30 5.11 4.93 4.74 4.54 4.40 4.47 4.77 5.08 5.17 4.92 4.55 4.40 4.39 4.42 4.43 4.46 4.44 4.45 4.56 4.80 4.97 4.91 4.76 4.70
5.12 5.07 5.13 5.32 5.53 5.86 6.27 6.43 6.27 5.87 5.43 5.01 4.69 4.45 4.19 4.01 4.11 4.43 4.74 5.06 5.55 6.01 5.83 5.26 5.21 5.48 5.48 5.32 5.17 5.00 4.78 4.53 4.39 4.40 4.48 4.54 4.60 4.65 4.74 4.92 5.13 5.38 5.78 6.32 6.57 6.36 5.85 5.40 5.22 5.22 5.28 5.36 5.33 5.16 4.97 4.94 4.94 4.96 5.05 5.10 5.04 4.84 4.58 4.40 4.42 4.63 4.95 5.18 5.09 4.70 4.35 4.21 4.18 4.23 4.29 4.31 4.26 4.22 4.36 4.69 4.81 4.58 4.33 4.25
