project/data/elevation/US_DEM2016/US_DEM2016_point_10-27-2019_2135_30m_vel.asc
ncols	125
nrows	167
xllcorner	-2042055.000000
yllcorner	1465035.000000
cellsize	30.000000
NODATA_value	-9999.000000
[rows 114 to 151 of 167, columns 0 to 83 of 125]
4.70 4.51 4.28 4.07 3.83 3.75 3.84 3.93 3.94 3.89 3.87 3.87 3.99 4.28 4.59 4.76 4.79 4.82 4.92 5.24 5.83 6.05 5.36 4.69 5.13 6.11 7.06 7.65 7.68 7.42 7.21 6.74 5.80 4.90 4.48 4.34 4.28 4.29 4.33 4.42 4.68 5.03 5.51 5.99 6.02 5.77 5.57 5.24 5.13 5.73 6.66 7.32 7.56 7.18 6.26 5.43 4.94 4.61 4.32 4.12 3.94 3.79 3.89 4.27 4.74 5.26 5.97 6.43 6.41 6.03 5.58 5.22 4.89 4.62 4.52 4.70 5.05 5.56 6.60 7.85 7.76 6.39 5.26 4.58
4.83 4.65 4.40 4.16 3.79 3.49 3.47 3.70 3.84 3.88 3.92 3.96 3.98 4.17 4.47 4.74 4.87 4.94 5.09 5.43 6.02 6.38 5.54 4.28 4.24 5.14 6.24 7.18 7.49 7.34 7.34 7.41 7.01 5.92 4.80 4.23 4.14 4.29 4.43 4.52 4.70 4.99 5.52 6.19 6.35 5.80 5.14 4.75 4.73 5.31 6.44 7.37 7.83 7.72 6.95 5.77 4.82 4.26 3.88 3.77 3.78 3.77 3.92 4.35 4.87 5.36 5.97 6.49 6.48 6.02 5.57 5.24 4.95 4.70 4.56 4.69 5.06 5.61 6.63 7.95 8.02 6.71 5.52 4.69
4.87 4.76 4.53 4.27 3.87 3.44 3.32 3.60 3.97 4.29 4.53 4.59 4.60 4.69 4.86 5.06 5.20 5.25 5.25 5.43 6.09 6.79 6.27 4.54 3.65 4.01 5.17 6.49 7.12 6.93 6.70 7.06 7.42 7.05 5.99 5.07 4.59 4.50 4.49 4.49 4.59 4.82 5.37 6.23 6.69 6.28 5.23 4.39 4.30 4.87 5.93 7.06 7.82 8.09 7.79 6.95 5.89 4.94 4.14 3.76 3.71 3.68 3.73 4.10 4.76 5.39 6.03 6.59 6.63 6.05 5.44 5.08 4.86 4.69 4.61 4.73 5.05 5.61 6.66 8.05 8.35 7.24 6.08 5.38
4.82 4.74 4.56 4.33 4.01 3.63 3.46 3.67 4.05 4.47 4.87 5.14 5.27 5.32 5.33 5.31 5.28 5.25 5.22 5.27 5.84 6.87 7.05 5.80 4.09 3.54 4.23 5.74 6.81 6.68 5.92 5.89 6.65 7.10 6.75 5.91 5.08 4.56 4.30 4.21 4.32 4.59 5.14 6.02 6.77 6.86 5.90 4.43 3.92 4.40 5.32 6.35 7.28 7.90 8.02 7.58 6.90 6.17 5.25 4.41 4.01 3.80 3.66 3.80 4.39 5.19 5.93 6.61 6.80 6.20 5.41 4.93 4.69 4.59 4.61 4.78 5.09 5.60 6.59 7.93 8.48 7.82 6.77 6.18
4.77 4.68 4.51 4.33 4.14 3.90 3.75 3.82 4.00 4.23 4.57 4.91 5.14 5.26 5.30 5.24 5.06 4.94 4.98 5.01 5.37 6.37 7.17 6.83 5.39 4.03 3.92 5.09 6.59 6.83 5.81 4.99 5.21 6.10 6.44 6.00 5.15 4.47 4.15 4.07 4.19 4.48 4.98 5.69 6.48 7.10 6.71 5.00 3.80 3.87 4.70 5.58 6.41 7.22 7.67 7.49 7.00 6.56 6.03 5.26 4.55 4.11 3.80 3.70 4.08 4.83 5.59 6.41 6.80 6.38 5.63 5.07 4.71 4.54 4.57 4.78 5.09 5.57 6.45 7.65 8.30 7.99 7.16 6.54
4.78 4.66 4.45 4.31 4.19 4.06 3.94 3.94 4.05 4.15 4.29 4.47 4.63 4.78 4.92 5.01 4.93 4.82 4.80 4.78 4.97 5.69 6.66 6.94 6.09 4.66 4.03 4.75 6.34 7.09 6.54 5.22 4.49 4.81 5.54 5.61 5.04 4.45 4.19 4.14 4.27 4.50 4.89 5.39 6.03 6.93 7.21 6.02 4.24 3.68 4.20 4.98 5.66 6.48 7.19 7.25 6.78 6.28 5.95 5.55 4.96 4.44 4.07 3.89 4.07 4.63 5.33 6.17 6.66 6.45 5.89 5.40 4.95 4.62 4.51 4.65 4.94 5.40 6.23 7.33 8.04 7.78 6.99 6.37
4.88 4.68 4.41 4.27 4.18 4.08 4.01 4.06 4.18 4.24 4.21 4.23 4.33 4.51 4.73 4.87 4.90 4.87 4.81 4.73 4.84 5.33 6.17 6.67 6.14 4.84 4.06 4.48 5.93 7.05 7.15 6.22 4.89 4.34 4.65 5.00 4.79 4.35 4.15 4.16 4.34 4.59 4.90 5.20 5.58 6.49 7.32 6.84 5.12 3.91 3.89 4.50 5.11 5.85 6.70 7.08 6.77 6.11 5.59 5.30 5.00 4.64 4.37 4.27 4.42 4.84 5.44 6.14 6.55 6.41 5.94 5.54 5.17 4.76 4.50 4.48 4.68 5.13 5.98 7.11 7.88 7.68 6.87 6.22
5.08 4.80 4.41 4.24 4.14 4.02 3.96 4.10 4.32 4.38 4.23 4.16 4.25 4.50 4.75 4.90 4.96 4.97 4.93 4.93 5.09 5.51 6.20 6.62 6.21 5.04 4.07 4.17 5.37 6.64 7.24 6.93 5.89 4.87 4.51 4.57 4.49 4.16 3.97 4.02 4.26 4.61 4.97 5.12 5.24 5.97 7.11 7.22 5.92 4.33 3.75 4.01 4.53 5.16 6.01 6.74 6.83 6.27 5.55 5.08 4.89 4.71 4.57 4.60 4.79 5.10 5.59 6.21 6.56 6.38 5.86 5.47 5.22 4.89 4.62 4.54 4.63 5.01 5.89 7.00 7.81 7.71 6.92 6.23
5.29 4.95 4.43 4.19 4.08 3.94 3.79 3.91 4.29 4.47 4.39 4.22 4.21 4.42 4.68 4.89 5.05 5.07 5.04 5.12 5.37 5.79 6.40 6.80 6.42 5.28 4.17 3.90 4.75 6.12 7.00 7.10 6.46 5.55 4.95 4.68 4.45 4.09 3.81 3.82 4.06 4.46 4.89 5.01 4.96 5.51 6.74 7.33 6.51 4.87 3.83 3.57 3.80 4.35 5.15 6.06 6.58 6.39 5.73 5.15 4.89 4.73 4.61 4.62 4.75 5.00 5.47 6.15 6.58 6.48 5.99 5.49 5.22 4.97 4.74 4.66 4.72 5.00 5.76 6.92 7.79 7.73 6.87 6.05
5.46 5.06 4.41 4.08 3.98 3.88 3.64 3.52 3.80 4.24 4.42 4.31 4.15 4.20 4.40 4.71 5.01 5.05 4.93 4.94 5.17 5.66 6.35 6.86 6.65 5.77 4.57 3.86 4.21 5.52 6.65 7.03 6.58 5.74 5.21 4.94 4.66 4.21 3.99 3.70 3.88 4.24 4.66 4.78 4.73 5.14 6.30 7.27 6.93 5.53 4.26 3.53 3.28 3.53 4.23 5.18 6.01 6.18 5.73 5.18 4.89 4.72 4.61 4.58 4.63 4.83 5.30 5.98 6.46 6.49 6.20 5.73 5.31 5.01 4.73 4.62 4.67 4.89 5.54 6.76 7.79 7.78 6.84 5.80
5.68 5.25 4.52 4.08 3.92 3.83 3.56 3.22 3.21 3.67 4.12 4.26 4.14 4.02 4.09 4.43 4.77 4.84 4.66 4.53 4.75 5.33 6.08 6.63 6.61 6.14 5.32 4.33 4.04 4.92 6.27 6.98 6.71 5.82 5.17 4.88 4.66 4.30 3.81 3.60 3.78 4.19 4.57 4.77 4.83 5.11 6.00 7.09 7.14 6.15 5.00 4.13 3.52 3.28 3.52 4.32 5.35 5.82 5.52 5.06 4.80 4.67 4.65 4.77 4.88 5.01 5.36 5.92 6.31 6.29 6.14 5.88 5.46 5.07 4.76 4.58 4.63 4.85 5.45 6.64 7.78 7.92 7.02 5.77
5.85 5.55 4.90 4.31 3.95 3.76 3.52 3.15 2.97 3.26 4.15 4.18 4.26 4.03 3.94 4.14 4.41 4.58 4.49 4.34 4.51 5.07 5.82 6.33 6.34 6.13 5.80 5.07 4.37 4.62 5.85 6.88 6.90 6.04 5.09 4.59 4.38 4.11 3.74 3.54 3.80 4.30 4.74 5.09 5.35 5.60 6.20 7.05 7.24 6.58 5.64 4.84 4.22 3.73 3.52 3.86 4.79 5.49 5.42 5.01 4.75 4.61 4.58 4.78 5.00 5.12 5.38 5.91 6.27 6.13 5.89 5.79 5.53 5.19 4.89 4.70 4.70 4.83 5.33 6.52 7.79 8.16 7.33 6.01
5.84 5.67 5.19 4.55 4.01 3.71 3.52 3.22 2.98 3.09 3.54 4.08 4.33 4.12 3.85 3.88 4.14 4.38 4.44 4.38 4.51 4.99 5.66 6.08 6.03 5.87 5.78 5.44 4.81 4.65 5.46 6.65 7.06 6.39 5.22 4.49 4.17 4.00 3.79 3.71 4.00 4.50 4.91 5.29 5.69 6.13 6.71 7.32 7.43 6.90 6.08 5.25 4.60 4.14 3.83 3.83 4.38 5.14 5.35 5.04 4.69 4.48 4.36 4.45 4.70 4.90 5.20 5.76 6.21 6.15 5.87 5.75 5.57 5.30 5.09 4.95 4.86 4.78 5.00 6.03 7.59 8.29 7.67 6.37
5.78 5.56 5.05 4.53 4.02 3.70 3.54 3.34 3.07 2.97 3.82 3.77 4.20 4.21 4.00 3.93 4.14 4.39 4.52 4.61 4.79 5.22 5.78 5.95 5.71 5.51 5.47 5.33 4.94 4.67 5.14 6.32 7.11 6.86 5.78 4.82 4.36 4.15 4.02 3.97 4.17 4.48 4.75 5.07 5.51 6.11 6.89 7.63 7.85 7.42 6.66 5.82 5.01 4.38 4.05 3.94 4.12 4.70 5.15 5.01 4.60 4.33 4.17 4.20 4.45 4.73 5.07 5.57 6.03 6.16 6.02 5.83 5.62 5.37 5.23 5.24 5.28 5.18 5.07 5.60 7.06 8.07 7.78 6.67
6.01 5.52 4.81 4.38 3.98 3.66 3.53 3.43 3.16 3.80 3.04 3.49 4.01 4.35 4.42 4.38 4.51 4.72 4.83 4.89 5.09 5.56 6.11 6.15 5.64 5.28 5.18 5.07 4.81 4.57 4.82 5.85 6.94 7.14 6.41 5.41 4.75 4.40 4.16 4.00 4.00 4.17 4.46 4.80 5.24 5.83 6.65 7.62 8.24 8.13 7.46 6.66 5.80 4.95 4.39 4.17 4.06 4.25 4.78 4.92 4.56 4.30 4.18 4.22 4.41 4.71 5.05 5.44 5.79 5.97 5.96 5.83 5.63 5.43 5.30 5.32 5.54 5.80 5.78 5.88 6.75 7.72 7.70 6.82
6.46 5.84 4.92 4.51 4.18 3.79 3.56 3.50 3.34 3.86 3.14 3.47 3.94 4.44 4.74 4.82 4.93 5.05 5.05 4.96 5.01 5.54 6.35 6.54 5.93 5.32 5.08 4.97 4.76 4.55 4.65 5.37 6.50 7.07 6.66 5.74 4.95 4.44 4.12 3.88 3.82 3.99 4.28 4.57 4.94 5.47 6.20 7.17 8.13 8.49 8.13 7.32 6.40 5.49 4.82 4.55 4.29 4.07 4.38 4.72 4.59 4.37 4.32 4.40 4.52 4.74 5.02 5.32 5.56 5.63 5.68 5.66 5.55 5.50 5.46 5.32 5.33 5.75 6.19 6.46 6.98 7.63 7.60 6.80
6.74 6.21 5.35 4.94 4.68 4.25 3.79 3.61 3.54 3.38 3.32 3.50 3.86 4.34 4.70 4.81 4.85 4.92 4.96 4.84 4.76 5.19 6.19 6.68 6.21 5.45 5.09 5.02 4.90 4.75 4.78 5.19 6.08 6.85 6.77 5.91 4.97 4.34 4.02 3.88 3.90 4.06 4.29 4.45 4.65 5.03 5.63 6.45 7.51 8.37 8.42 7.72 6.77 5.86 5.19 4.91 4.69 4.34 4.28 4.52 4.60 4.49 4.46 4.56 4.65 4.77 5.00 5.27 5.40 5.46 5.53 5.56 5.50 5.50 5.61 5.59 5.41 5.42 5.83 6.47 7.18 7.74 7.65 6.98
6.75 6.33 5.61 5.16 4.94 4.70 4.26 3.84 3.64 3.54 3.45 3.44 3.62 4.00 4.39 4.52 4.52 4.60 4.73 4.72 4.63 4.90 5.78 6.52 6.29 5.50 5.04 5.00 4.98 4.93 5.03 5.38 6.00 6.74 6.98 6.43 5.44 4.52 4.03 3.95 4.07 4.29 4.45 4.48 4.52 4.69 5.11 5.79 6.81 7.97 8.43 7.95 7.07 6.19 5.49 5.19 4.99 4.69 4.47 4.50 4.57 4.53 4.53 4.66 4.79 4.85 4.99 5.19 5.36 5.48 5.56 5.60 5.58 5.50 5.52 5.67 5.76 5.71 5.73 6.15 6.97 7.60 7.63 7.23
6.65 6.33 5.73 5.20 4.87 4.85 4.75 4.34 3.88 3.65 3.54 3.38 3.32 3.55 3.92 4.20 4.35 4.46 4.61 4.72 4.71 4.90 5.66 6.37 6.28 5.50 4.90 4.81 4.86 4.84 4.99 5.43 6.03 6.71 7.17 7.01 6.22 5.12 4.20 3.94 4.04 4.26 4.44 4.50 4.52 4.61 4.87 5.37 6.26 7.46 8.22 8.03 7.27 6.46 5.78 5.44 5.20 4.89 4.66 4.56 4.55 4.52 4.52 4.68 4.94 5.04 5.01 5.10 5.29 5.47 5.59 5.62 5.63 5.61 5.50 5.48 5.71 6.02 6.20 6.34 6.75 7.17 7.27 7.10
6.53 6.37 6.01 5.51 5.02 4.86 4.97 4.93 4.48 3.97 3.71 3.47 3.20 3.18 3.51 3.95 4.29 4.50 4.70 4.92 5.06 5.27 5.83 6.39 6.35 5.61 4.82 4.61 4.67 4.67 4.71 5.05 5.70 6.46 7.09 7.29 6.93 6.01 4.79 4.06 3.89 4.00 4.28 4.52 4.61 4.71 4.88 5.23 5.91 6.97 7.87 7.99 7.48 6.79 6.14 5.73 5.41 5.01 4.73 4.61 4.51 4.41 4.39 4.59 5.00 5.23 5.16 5.16 5.29 5.47 5.63 5.67 5.64 5.62 5.57 5.53 5.57 5.87 6.37 6.72 6.87 6.89 6.79 6.68
6.31 6.32 6.28 6.01 5.47 4.95 4.89 5.10 5.01 4.45 3.98 3.72 3.40 3.15 3.25 3.70 4.15 4.48 4.78 5.09 5.30 5.55 6.06 6.50 6.49 5.85 4.95 4.52 4.51 4.55 4.57 4.72 5.15 5.88 6.67 7.17 7.27 6.88 5.87 4.69 4.08 3.93 4.18 4.54 4.70 4.78 4.91 5.20 5.77 6.69 7.50 7.81 7.62 7.15 6.57 6.08 5.66 5.15 4.78 4.66 4.54 4.56 4.29 4.46 4.96 5.31 5.31 5.33 5.44 5.57 5.74 5.85 5.81 5.63 5.52 5.57 5.68 5.83 6.25 6.86 7.19 7.11 6.71 6.39
6.00 6.02 6.10 6.13 5.85 5.21 4.80 4.88 5.05 4.76 4.29 4.01 3.77 3.39 3.18 3.40 3.86 4.28 4.66 5.00 5.23 5.54 6.11 6.56 6.59 6.10 5.18 4.51 4.32 4.34 4.47 4.64 4.87 5.32 6.04 6.66 7.06 7.17 6.75 5.76 4.72 4.12 4.03 4.36 4.60 4.67 4.81 5.09 5.67 6.51 7.15 7.46 7.55 7.39 6.98 6.48 5.97 5.37 4.89 4.75 4.67 4.54 4.40 4.45 4.90 5.31 5.37 5.39 5.53 5.70 5.88 6.09 6.14 5.92 5.60 5.47 5.66 5.95 6.31 6.89 7.52 7.72 7.24 6.60
5.88 5.70 5.48 5.58 5.64 5.28 4.76 4.60 4.86 4.88 4.60 4.40 4.24 3.88 3.48 3.39 3.61 3.95 4.30 4.67 5.01 5.41 6.06 6.54 6.63 6.31 5.45 4.56 4.14 4.05 4.17 4.46 4.72 4.98 5.44 5.96 6.38 6.70 6.73 6.26 5.32 4.43 4.00 4.16 4.41 4.49 4.61 4.90 5.54 6.35 6.82 7.03 7.25 7.39 7.23 6.85 6.33 5.64 5.05 4.83 4.78 4.72 4.60 4.56 4.84 5.21 5.32 5.33 5.48 5.73 6.02 6.35 6.52 6.43 6.12 5.79 5.71 5.91 6.22 6.72 7.56 8.22 8.06 7.32
6.12 5.71 5.01 4.74 4.78 4.72 4.44 4.31 4.59 4.90 4.90 4.81 4.76 4.53 4.09 3.74 3.60 3.71 3.96 4.31 4.72 5.19 5.92 6.47 6.64 6.50 5.85 4.85 4.11 3.80 3.75 3.97 4.27 4.60 4.97 5.35 5.67 5.95 6.08 5.89 5.38 4.71 4.25 4.20 4.35 4.42 4.48 4.77 5.47 6.21 6.55 6.64 6.86 7.18 7.28 7.10 6.66 5.98 5.33 4.98 4.85 4.81 4.76 4.73 4.86 5.08 5.18 5.25 5.42 5.68 6.03 6.45 6.79 6.92 6.84 6.60 6.28 6.10 6.09 6.34 7.18 8.28 8.71 8.36
6.60 6.04 5.02 4.47 4.22 4.09 3.96 3.87 4.10 4.56 4.84 4.86 4.86 4.77 4.48 4.10 3.79 3.74 3.93 4.26 4.59 5.01 5.71 6.30 6.56 6.59 6.25 5.43 4.47 3.84 3.56 3.54 3.72 4.11 4.58 4.91 5.12 5.36 5.48 5.41 5.20 4.87 4.56 4.42 4.45 4.53 4.61 4.91 5.55 6.14 6.36 6.37 6.56 6.94 7.21 7.22 6.94 6.38 5.81 5.38 5.10 4.96 4.88 4.87 5.00 5.09 5.07 5.12 5.32 5.62 5.95 6.31 6.71 6.99 7.11 7.10 6.91 6.59 6.18 6.00 6.62 7.88 8.80 9.02
7.13 6.53 5.41 4.69 4.30 4.03 3.83 3.63 3.59 3.87 4.31 4.56 4.61 4.60 4.50 4.27 4.01 3.91 4.06 4.34 4.62 5.02 5.60 6.10 6.39 6.52 6.43 6.00 5.27 4.41 3.82 3.55 3.58 3.86 4.33 4.66 4.79 4.99 5.15 5.16 5.10 4.95 4.75 4.63 4.62 4.68 4.81 5.10 5.66 6.14 6.24 6.19 6.34 6.74 7.11 7.22 7.05 6.63 6.17 5.79 5.43 5.13 4.92 4.88 5.08 5.21 5.08 4.99 5.15 5.49 5.79 5.99 6.24 6.52 6.72 6.92 7.07 6.93 6.33 5.72 5.95 7.06 8.19 8.86
7.44 6.96 6.01 5.29 4.87 4.55 4.18 3.81 3.50 3.43 3.72 4.16 4.37 4.41 4.38 4.29 4.15 4.06 4.13 4.36 4.64 5.06 5.59 6.00 6.22 6.34 6.33 6.17 5.84 5.25 4.44 3.89 3.72 3.83 4.19 4.54 4.68 4.80 4.93 5.01 5.04 4.98 4.83 4.72 4.68 4.69 4.77 5.07 5.64 6.07 6.11 5.99 6.08 6.50 6.93 7.05 6.89 6.54 6.10 5.71 5.39 5.12 4.88 4.78 4.96 5.17 5.08 4.89 4.90 5.15 5.39 5.50 5.62 5.81 6.02 6.36 6.82 6.95 6.36 5.46 5.22 5.93 7.08 8.09
7.31 7.06 6.47 5.85 5.51 5.31 4.87 4.37 3.91 3.57 3.54 3.81 4.12 4.27 4.30 4.29 4.24 4.19 4.22 4.38 4.64 5.06 5.57 5.96 6.14 6.17 6.10 6.00 5.92 5.68 5.07 4.37 4.01 3.97 4.18 4.50 4.72 4.80 4.84 4.90 4.98 5.00 4.93 4.81 4.72 4.66 4.71 4.99 5.53 5.92 5.93 5.76 5.76 6.19 6.73 6.86 6.64 6.29 5.86 5.43 5.18 5.01 4.80 4.68 4.77 4.96 4.94 4.77 4.67 4.75 4.91 4.99 5.12 5.31 5.52 5.89 6.51 6.85 6.34 5.30 4.77 5.10 6.06 7.28
6.93 6.89 6.58 5.94 5.54 5.57 5.57 5.20 4.62 4.07 3.77 3.79 3.99 4.16 4.26 4.33 4.37 4.36 4.36 4.41 4.60 4.97 5.45 5.89 6.09 6.06 5.88 5.73 5.73 5.70 5.36 4.78 4.39 4.28 4.36 4.60 4.84 4.92 4.87 4.87 4.96 5.02 4.99 4.90 4.76 4.67 4.75 5.04 5.47 5.76 5.78 5.62 5.50 5.92 6.57 6.80 6.52 6.07 5.63 5.25 5.00 4.85 4.68 4.55 4.59 4.71 4.70 4.59 4.55 4.64 4.78 4.83 4.96 5.18 5.39 5.73 6.37 6.81 6.45 5.37 4.66 4.76 5.51 6.77
6.64 6.68 6.54 5.89 5.16 5.04 5.40 5.49 5.14 4.57 4.14 4.02 4.08 4.17 4.25 4.38 4.49 4.50 4.47 4.44 4.51 4.79 5.26 5.76 6.06 6.03 5.73 5.45 5.45 5.55 5.41 5.00 4.70 4.61 4.64 4.80 5.06 5.14 5.01 4.94 4.95 4.94 4.87 4.77 4.67 4.64 4.81 5.15 5.46 5.65 5.68 5.54 5.44 5.79 6.48 6.86 6.64 6.03 5.45 5.10 4.84 4.64 4.49 4.39 4.41 4.52 4.52 4.42 4.42 4.61 4.91 5.02 5.08 5.25 5.43 5.68 6.23 6.78 6.69 5.76 4.82 4.66 5.22 6.40
6.52 6.56 6.53 6.08 5.19 4.55 4.61 4.99 5.09 4.82 4.42 4.22 4.20 4.20 4.20 4.29 4.44 4.51 4.49 4.44 4.46 4.66 5.06 5.58 5.98 6.07 5.78 5.41 5.34 5.47 5.46 5.16 4.88 4.81 4.83 4.97 5.28 5.43 5.26 5.02 4.83 4.70 4.63 4.58 4.53 4.55 4.83 5.25 5.51 5.59 5.56 5.46 5.39 5.70 6.40 6.91 6.91 6.41 5.77 5.32 4.93 4.53 4.32 4.26 4.31 4.41 4.41 4.32 4.27 4.44 4.84 5.12 5.19 5.31 5.47 5.58 5.93 6.56 6.82 6.25 5.19 4.69 4.96 6.00
6.48 6.52 6.49 6.17 5.48 4.64 4.21 4.28 4.55 4.61 4.42 4.24 4.18 4.15 4.08 4.08 4.22 4.37 4.41 4.39 4.40 4.53 4.86 5.32 5.77 6.03 5.93 5.59 5.41 5.51 5.59 5.34 5.00 4.89 4.87 4.96 5.27 5.54 5.46 5.09 4.69 4.46 4.45 4.51 4.51 4.50 4.75 5.26 5.56 5.53 5.44 5.34 5.29 5.57 6.25 6.82 7.05 6.88 6.40 5.98 5.47 4.74 4.30 4.19 4.23 4.32 4.34 4.30 4.29 4.40 4.71 5.07 5.25 5.42 5.63 5.69 5.72 6.19 6.73 6.54 5.59 4.79 4.77 5.60
6.38 6.58 6.60 6.01 5.26 4.60 4.12 3.92 4.03 4.20 4.20 4.13 4.11 4.09 4.02 3.97 4.07 4.28 4.45 4.47 4.46 4.57 4.86 5.20 5.47 5.77 5.88 5.67 5.39 5.40 5.63 5.51 5.15 4.96 4.85 4.87 5.12 5.46 5.58 5.31 4.77 4.33 4.31 4.48 4.55 4.52 4.68 5.12 5.48 5.48 5.35 5.25 5.24 5.50 6.05 6.56 6.90 6.98 6.80 6.58 6.20 5.35 4.54 4.20 4.17 4.23 4.27 4.30 4.41 4.58 4.81 5.05 5.27 5.50 5.83 5.94 5.76 5.87 6.46 6.68 5.96 4.97 4.69 5.30
6.12 6.66 7.05 6.23 5.07 4.44 4.09 3.83 3.79 3.97 4.09 4.08 4.05 4.03 4.01 4.05 4.19 4.46 4.76 4.89 4.87 4.93 5.16 5.30 5.27 5.33 5.55 5.54 5.17 5.02 5.37 5.51 5.26 5.02 4.86 4.84 5.07 5.48 5.76 5.69 5.13 4.42 4.14 4.30 4.47 4.54 4.68 4.99 5.28 5.31 5.20 5.20 5.26 5.45 5.82 6.25 6.58 6.73 6.78 6.79 6.71 6.13 5.12 4.44 4.24 4.22 4.19 4.20 4.32 4.52 4.76 4.98 5.16 5.36 5.74 6.03 5.88 5.67 6.02 6.55 6.30 5.27 4.66 5.14
5.76 6.56 7.48 7.07 5.84 4.84 4.30 3.90 3.65 3.73 3.95 4.01 3.99 3.96 4.00 4.16 4.40 4.67 4.98 5.19 5.18 5.15 5.32 5.46 5.25 4.98 5.11 5.25 4.92 4.61 4.85 5.17 5.18 5.03 4.89 4.88 5.12 5.54 5.93 6.05 5.65 4.79 4.11 4.00 4.23 4.49 4.73 4.96 5.14 5.10 5.04 5.15 5.27 5.38 5.59 5.92 6.21 6.40 6.54 6.69 6.83 6.66 5.91 4.95 4.41 4.24 4.10 3.96 3.97 4.16 4.46 4.80 5.02 5.17 5.52 5.93 5.91 5.53 5.51 6.05 6.26 5.49 4.56 4.87
5.41 6.26 7.53 7.64 6.68 5.57 4.79 4.23 3.76 3.54 3.64 3.81 3.88 3.89 3.97 4.19 4.45 4.67 4.89 5.13 5.26 5.28 5.40 5.55 5.34 4.94 4.86 4.99 4.82 4.47 4.43 4.71 4.92 4.95 4.91 4.94 5.13 5.49 5.90 6.17 6.04 5.35 4.44 3.91 3.91 4.30 4.78 5.05 5.10 5.01 4.99 5.13 5.25 5.30 5.39 5.56 5.80 6.04 6.27 6.48 6.67 6.75 6.35 5.41 4.57 4.22 4.03 3.81 3.73 3.91 4.26 4.63 4.87 5.04 5.38 5.77 5.83 5.50 5.23 5.48 5.92 5.58 4.58 4.43
5.16 5.89 7.24 7.82 7.23 6.06 5.25 4.76 4.36 3.89 3.62 3.63 3.72 3.77 3.87 4.08 4.35 4.61 4.89 5.23 5.58 5.81 5.87 5.78 5.52 5.17 4.97 5.01 4.94 4.66 4.42 4.45 4.64 4.75 4.80 4.88 5.06 5.36 5.71 6.03 6.14 5.80 5.02 4.19 3.81 4.06 4.72 5.13 5.12 5.01 5.05 5.19 5.27 5.26 5.24 5.27 5.39 5.60 5.92 6.23 6.44 6.60 6.49 5.77 4.77 4.21 3.98 3.80 3.70 3.82 4.10 4.44 4.68 4.93 5.28 5.56 5.66 5.52 5.24 5.24 5.63 5.63 4.87 4.37
5.00 5.51 6.73 7.73 7.66 6.65 5.69 5.17 4.77 4.28 3.75 3.53 3.58 3.62 3.67 3.84 4.14 4.52 4.96 5.47 5.98 6.40 6.54 6.33 5.92 5.59 5.39 5.33 5.29 5.07 4.69 4.46 4.46 4.50 4.55 4.64 4.83 5.17 5.51 5.81 6.04 6.01 5.57 4.78 4.08 3.98 4.54 5.09 5.11 4.98 5.08 5.30 5.38 5.34 5.22 5.11 5.11 5.23 5.53 5.95 6.24 6.45 6.52 6.06 5.06 4.27 3.92 3.77 3.67 3.68 3.82 4.18 4.56 4.94 5.24 5.34 5.40 5.43 5.28 5.18 5.46 5.62 5.11 4.50
