project/data/elevation/US_DEM2016/US_DEM2016_point_10-29-2019_0909_30m_ang.asc
ncols	125
nrows	167
xllcorner	-2042055.000000
yllcorner	1465035.000000
cellsize	30.000000
NODATA_value	-9999.000000
[rows 90 to 134 of 167, columns 0 to 95 of 125]
259 248 164 150 155 142 127 89 311 298 286 264 233 203 148 121 121 132 93 72 76 93 88 58 52 69 67 352 315 307 302 343 41 31 7 21 58 337 332 85 231 257 143 102 105 135 214 224 198 166 141 135 144 158 168 139 110 103 99 89 85 112 134 98 78 281 271 91 84 84 81 49 319 297 345 44 35 14 355 345 309 259 251 251 229 198 191 185 179 164 121 95 89 104 113 122
267 264 150 127 127 111 89 331 298 275 230 199 196 189 156 129 127 157 122 80 62 59 53 81 113 102 85 310 297 303 296 239 86 62 38 40 31 331 348 89 187 225 156 106 105 129 194 221 216 198 184 178 185 205 217 155 110 108 115 109 75 77 106 96 85 270 256 128 105 98 88 56 291 271 139 79 55 26 11 18 15 353 327 317 316 288 248 237 217 191 147 99 84 87 87 89
270 270 82 88 80 61 19 324 284 230 197 198 203 193 156 138 150 185 168 153 159 156 139 135 134 116 128 209 223 212 199 189 164 123 81 65 37 341 14 72 106 192 143 105 96 105 175 232 235 221 215 223 240 272 272 111 103 106 119 178 119 62 92 101 117 244 241 142 114 114 99 76 274 260 176 92 64 36 22 42 38 10 344 352 10 12 359 338 313 245 207 66 70 85 85 79
272 276 16 26 9 5 353 330 253 193 206 230 232 195 152 145 161 177 172 162 165 169 156 148 151 118 124 182 221 229 222 216 216 202 116 83 49 352 33 65 78 127 125 99 82 77 70 259 255 249 254 260 260 251 201 130 108 103 97 275 273 79 108 107 127 232 244 169 109 109 98 78 274 258 211 113 86 62 58 72 57 25 354 360 26 29 25 21 20 3 344 42 82 95 90 73
275 286 348 352 338 327 321 77 119 159 249 263 238 176 153 150 154 161 169 170 169 167 143 138 166 136 109 312 286 283 279 277 282 294 80 79 48 5 58 71 78 93 97 84 73 67 50 298 271 271 280 276 258 233 225 159 108 97 68 318 325 100 112 106 123 236 251 212 104 100 89 74 275 258 224 133 114 101 104 108 85 53 21 355 56 62 50 41 35 22 12 57 92 97 88 67
276 289 331 347 336 235 197 141 101 44 280 266 190 157 150 147 146 151 160 170 186 183 97 94 134 146 154 314 316 318 319 314 318 18 72 68 46 47 77 79 80 73 59 54 67 70 54 331 291 294 303 299 298 291 285 335 87 83 83 277 314 90 104 105 122 236 251 216 108 96 79 64 290 255 219 153 140 132 138 146 131 99 99 159 161 143 118 76 55 43 45 79 93 95 90 62
276 284 312 2 87 158 184 146 91 314 271 234 161 147 147 139 134 137 50 344 334 358 83 79 108 140 206 255 262 218 205 223 215 128 90 72 67 73 76 79 76 58 39 39 59 74 56 335 306 318 336 340 341 341 345 17 63 73 78 254 257 80 89 93 98 254 259 245 104 85 65 52 356 249 215 180 166 149 155 172 170 139 136 162 176 173 168 154 119 96 96 101 98 91 79 43
274 278 291 77 97 113 178 148 141 195 207 185 161 144 142 127 88 352 333 344 2 75 98 98 98 114 225 242 220 195 201 217 221 198 133 86 82 74 68 72 67 57 68 81 86 87 69 308 296 327 16 18 14 23 27 40 66 72 61 318 238 75 74 77 60 307 277 270 71 56 53 55 56 186 198 197 188 156 162 185 189 155 141 165 195 196 179 169 153 136 116 103 94 84 59 36
271 273 270 104 92 79 91 132 145 161 166 165 157 138 121 48 355 335 327 352 74 87 86 96 91 76 302 276 257 237 241 247 243 236 205 92 85 77 79 76 71 81 107 118 126 105 110 257 252 205 141 93 89 88 74 73 79 76 58 43 163 211 72 76 59 320 283 271 53 50 68 84 86 112 164 197 197 179 180 192 196 179 164 193 237 252 152 150 150 144 104 82 78 74 54 15
269 267 237 106 89 75 89 108 119 128 130 137 137 109 7 337 329 324 331 106 105 89 87 95 85 47 324 313 331 340 334 301 269 254 232 97 84 87 115 106 92 94 100 105 111 100 100 257 246 214 197 178 152 145 142 107 92 86 81 87 109 203 112 95 98 218 237 217 186 120 100 91 85 85 99 174 197 197 203 208 213 210 213 252 287 360 63 93 104 84 50 64 71 72 67 273
267 264 238 93 73 55 53 64 63 59 72 77 52 355 331 320 313 297 130 115 111 99 93 92 82 17 315 316 344 0 4 348 302 271 245 115 86 91 111 127 112 99 95 93 96 87 56 290 268 245 229 213 200 199 192 119 97 93 97 93 92 145 125 109 117 177 218 223 216 178 109 86 74 69 61 57 169 241 247 246 249 259 279 301 331 50 71 67 40 2 25 71 81 81 81 191
265 261 243 87 49 22 14 27 29 27 44 42 7 336 322 306 256 188 146 119 113 111 107 100 99 308 299 311 347 34 35 16 333 295 275 76 89 93 98 111 112 102 91 81 88 84 39 304 297 311 308 280 251 248 247 98 93 90 90 92 91 108 111 105 106 148 231 243 243 234 85 75 72 70 61 49 18 330 311 303 289 279 274 251 141 116 118 107 13 3 49 88 94 92 90 124
258 247 222 199 203 334 328 352 18 25 39 27 353 327 315 238 169 162 140 122 119 120 130 119 130 248 268 266 131 123 106 39 345 315 308 62 91 92 88 90 92 90 81 72 83 79 21 297 298 333 357 360 330 292 282 84 86 83 79 82 83 91 94 89 83 78 264 261 258 256 81 78 80 82 77 65 19 330 331 341 326 286 242 199 185 181 179 201 252 4 84 95 96 93 88 107
245 231 219 217 213 202 187 182 182 157 39 5 335 306 189 139 142 141 123 113 110 112 118 117 136 221 238 206 161 160 171 184 237 257 206 108 98 93 85 77 71 69 67 70 83 74 11 287 274 273 19 24 11 337 326 74 80 80 76 72 54 79 79 73 69 61 286 261 253 225 127 99 93 93 86 76 28 288 302 355 360 343 323 239 224 233 232 241 250 189 106 98 93 86 86 103
259 254 250 246 231 180 160 168 177 179 188 221 231 208 157 134 135 138 122 101 94 94 95 93 96 232 232 202 185 186 190 195 202 206 203 163 109 97 91 81 68 61 61 75 87 76 23 271 244 219 217 60 54 42 60 84 82 80 77 73 23 66 69 68 69 64 351 254 244 226 177 121 104 97 84 70 38 272 261 303 15 19 27 16 335 309 302 293 274 164 115 103 94 90 106 104
293 311 317 302 294 113 126 148 169 186 209 228 228 202 149 131 131 147 162 121 103 98 87 69 203 357 248 202 204 209 206 209 217 223 228 216 119 100 96 83 72 63 62 79 89 80 54 257 240 232 229 191 127 135 155 125 93 79 73 71 53 4 73 78 76 66 45 264 246 232 205 150 110 91 74 68 55 274 249 244 90 81 71 31 360 353 353 345 320 116 109 103 95 96 105 97
282 303 333 334 352 83 101 117 151 236 289 316 308 172 149 153 158 170 187 163 144 143 127 93 44 27 30 317 272 262 250 249 251 252 252 245 126 100 98 80 69 64 63 78 82 72 49 308 259 249 235 185 163 172 190 186 109 78 68 67 74 231 111 85 77 62 44 345 260 242 227 198 110 71 62 71 68 30 250 241 183 136 138 161 345 27 40 36 29 70 82 82 78 75 73 66
274 282 316 352 65 100 98 86 19 308 294 278 158 155 160 164 170 173 172 160 153 152 142 145 288 60 52 343 326 332 329 316 303 290 279 264 141 93 96 105 74 59 63 71 69 57 36 6 298 254 219 181 181 198 218 227 131 83 74 72 78 189 141 84 69 52 42 30 298 258 248 240 336 53 66 75 73 65 258 243 201 166 183 214 225 183 87 55 20 30 52 58 53 46 40 42
269 268 265 111 108 109 99 68 346 285 197 163 146 138 146 184 255 92 111 119 122 125 121 319 314 66 68 304 298 336 344 341 336 327 319 301 341 81 88 108 96 73 73 69 68 60 34 18 356 242 184 176 194 216 233 232 180 105 91 82 78 82 174 78 60 43 46 47 357 283 266 261 275 72 80 79 75 66 294 250 229 198 232 252 254 247 92 28 2 19 41 47 43 39 39 63
264 257 233 164 118 106 96 90 142 157 140 128 113 85 26 328 335 17 35 43 52 51 20 330 327 73 68 282 263 255 284 319 342 359 356 328 31 82 88 101 137 135 121 102 101 106 7 358 34 81 132 162 206 227 229 220 204 162 109 87 75 65 292 72 53 41 53 57 17 302 281 272 260 95 86 81 77 73 60 257 252 262 293 286 277 277 11 325 335 17 42 47 48 57 83 106
264 259 240 165 111 94 85 100 118 123 101 60 35 16 352 328 327 5 17 22 29 27 8 337 354 80 60 302 274 244 223 210 198 194 206 228 105 94 89 92 132 136 137 133 111 118 259 287 56 75 89 105 236 245 236 229 224 211 148 96 81 70 33 43 46 50 72 74 25 305 290 278 269 88 85 82 84 84 85 253 253 254 269 274 263 248 171 239 256 346 56 61 63 70 82 94
272 274 283 20 71 71 71 88 89 58 11 3 6 1 341 319 318 33 36 12 39 40 7 342 40 81 67 295 282 280 264 252 243 239 241 235 138 104 88 80 105 121 129 126 110 102 276 269 81 73 70 50 327 283 266 257 251 240 213 113 91 80 52 254 161 113 98 91 0 298 292 283 284 82 82 83 89 82 74 271 257 259 267 272 269 261 196 223 237 214 126 98 90 87 85 84
276 282 303 6 50 55 55 54 30 2 347 344 353 355 337 309 264 116 135 184 137 101 315 302 82 84 84 255 254 279 313 321 334 335 301 274 131 102 91 83 93 107 117 114 105 46 287 274 83 73 66 43 346 315 306 298 289 274 252 135 97 96 132 177 163 131 104 91 310 288 288 289 298 80 80 84 87 77 68 9 271 276 295 311 320 323 4 255 243 204 154 127 117 112 104 90
271 273 281 358 51 48 39 18 351 339 335 329 331 336 307 214 165 136 138 161 159 174 266 256 105 80 65 298 251 240 247 266 7 20 344 329 75 94 101 98 94 95 108 108 84 327 301 298 52 76 75 60 328 305 318 329 335 325 308 73 101 115 151 160 148 124 103 85 296 278 278 282 295 86 87 90 89 85 80 36 284 287 310 326 358 27 40 6 256 181 148 134 127 125 122 105
264 259 248 243 40 36 26 356 314 268 207 196 200 191 175 168 159 143 139 141 148 224 266 272 76 62 45 14 301 253 234 221 204 188 207 75 89 94 109 110 99 88 99 101 17 313 310 329 74 85 85 84 263 264 269 347 50 12 13 69 93 106 129 140 133 117 106 95 280 273 271 267 209 107 102 100 95 92 87 33 285 285 300 325 73 84 77 54 52 131 128 124 120 120 122 112
259 251 242 247 302 12 21 6 221 180 173 180 188 181 161 157 160 147 125 101 80 277 265 257 64 47 38 29 0 318 291 245 225 214 204 167 113 102 109 114 103 91 89 84 296 277 275 103 95 94 85 77 270 247 230 197 169 167 124 99 89 90 99 113 113 105 99 96 273 273 274 269 201 117 108 105 100 94 90 90 265 257 234 187 137 139 141 129 74 83 91 97 98 99 102 104
263 259 257 262 280 333 23 60 113 145 160 170 169 161 149 148 162 153 38 30 28 319 242 220 177 75 51 48 16 331 341 358 286 237 223 211 161 110 103 107 103 105 85 75 288 251 234 166 109 93 78 60 23 263 234 219 203 198 185 146 106 89 84 90 95 88 79 55 278 269 271 271 157 109 104 103 100 97 96 133 225 224 208 195 181 185 197 218 357 55 69 78 80 80 75 90
276 278 279 278 279 287 94 101 106 117 139 144 136 137 134 128 307 320 339 357 35 56 215 222 211 188 130 82 37 304 327 27 18 311 257 245 224 109 97 96 95 114 90 72 27 257 237 196 124 87 67 49 33 1 267 244 229 222 220 195 135 97 84 81 83 74 64 47 291 261 254 239 143 108 101 99 98 97 94 110 203 228 219 212 221 233 243 258 296 60 75 77 76 74 66 83
280 287 292 287 278 222 129 113 105 101 109 117 112 103 77 350 321 319 321 328 58 65 63 244 238 220 162 101 87 263 248 84 51 18 314 278 263 100 94 91 88 104 90 62 33 317 243 224 166 80 58 47 46 38 337 274 261 258 253 237 167 100 89 87 89 80 71 64 311 252 246 229 171 119 102 96 95 92 86 86 212 260 257 258 267 272 278 271 268 89 86 81 77 74 69 81
274 278 285 282 270 152 122 111 98 82 88 96 86 59 11 331 315 311 313 342 75 70 56 318 263 251 142 89 80 230 218 193 109 34 347 307 293 93 92 90 92 106 88 40 26 34 256 237 230 83 57 54 59 56 19 290 278 283 283 273 207 100 95 101 122 122 108 100 136 257 255 242 196 123 101 92 87 81 80 75 11 288 286 297 301 302 310 273 244 114 96 90 83 78 74 80
266 265 265 267 244 133 114 102 82 77 89 76 51 28 352 323 311 300 274 152 118 95 75 6 276 265 88 72 69 116 219 222 214 301 350 329 346 90 92 89 101 108 92 332 354 53 54 253 247 212 70 55 56 54 30 316 279 271 279 290 113 108 102 106 120 122 115 114 169 271 271 262 221 117 101 92 83 72 78 77 16 284 280 286 294 310 352 291 240 126 105 105 99 84 75 77
266 265 267 267 208 129 106 79 60 80 76 26 18 11 347 331 321 282 180 157 144 114 95 79 267 263 104 68 65 63 279 241 234 231 234 236 115 101 94 93 101 93 23 294 248 86 65 285 253 240 344 32 42 40 29 355 290 262 255 232 120 112 103 99 101 102 101 102 235 269 271 267 223 116 102 95 87 74 76 73 19 284 275 272 262 251 78 45 219 132 106 101 95 79 70 71
275 278 284 287 119 111 65 30 44 55 21 349 359 358 343 344 3 138 144 138 128 100 91 118 249 251 225 81 63 59 44 269 252 243 227 202 166 126 101 98 93 58 341 291 158 116 75 47 252 260 302 6 35 37 36 27 335 274 258 222 132 108 99 93 89 91 90 84 294 268 263 255 214 112 98 91 85 74 69 65 26 292 281 285 282 278 321 82 153 134 106 80 58 58 65 65
276 280 286 299 71 37 351 360 25 25 0 342 344 339 329 21 92 108 100 75 54 65 80 95 244 249 234 163 71 67 60 324 264 254 244 226 201 151 87 81 72 20 299 160 130 136 101 103 252 258 257 220 88 65 55 50 20 295 269 237 147 107 99 97 102 103 94 80 330 283 272 260 231 107 92 85 82 78 71 71 49 287 281 294 308 318 33 73 114 133 123 75 53 65 71 72
266 263 255 248 33 348 334 348 7 14 13 336 291 282 208 129 104 81 49 45 56 74 83 81 266 257 242 219 134 76 68 44 263 261 266 274 290 338 41 58 58 55 186 154 134 146 127 123 235 239 223 204 165 129 101 78 47 305 267 242 170 111 102 100 103 101 91 74 325 292 286 278 251 110 99 94 95 104 118 91 77 273 267 265 273 300 92 98 119 140 158 166 113 94 92 98
260 256 251 257 303 329 329 341 2 36 78 120 252 231 160 124 101 78 97 121 127 133 102 75 306 274 256 240 191 95 79 73 263 263 270 293 328 352 39 64 76 114 151 149 143 139 125 135 200 223 223 219 201 159 124 94 65 305 260 248 196 104 98 92 82 72 70 58 319 285 284 285 238 107 106 108 108 111 119 93 83 255 247 238 229 198 141 129 137 158 183 189 126 96 98 107
277 281 285 290 306 318 317 329 17 66 74 48 270 226 143 116 110 124 135 137 138 130 113 51 325 307 292 280 258 97 82 72 274 257 250 232 215 178 122 109 105 114 128 137 139 125 117 132 177 213 226 227 218 182 130 90 65 4 271 260 253 83 83 78 63 58 67 59 323 283 276 259 159 112 110 113 112 105 92 79 88 198 233 241 243 215 151 150 159 196 262 320 25 64 80 90
285 297 314 316 315 293 276 283 46 70 63 35 313 192 148 140 140 140 137 140 142 120 108 317 314 326 326 325 8 70 73 68 46 245 235 217 206 193 151 124 110 105 107 116 125 117 108 121 161 207 225 228 225 209 150 72 49 23 306 275 269 82 78 74 77 91 89 66 327 295 281 228 163 129 117 114 113 107 79 71 93 148 242 259 263 192 156 176 212 274 307 332 14 57 70 74
278 288 316 323 209 222 243 252 106 76 66 57 99 145 147 149 150 145 133 127 112 90 68 281 281 305 334 0 49 71 72 71 69 243 240 234 228 219 158 105 93 89 89 95 109 114 102 100 124 217 237 238 235 233 207 139 23 20 343 295 258 109 92 95 111 117 100 34 324 307 302 171 144 133 122 115 115 117 129 106 95 108 272 277 263 157 176 212 251 283 297 311 57 82 80 75
271 269 230 170 186 219 246 250 193 102 92 100 116 126 132 137 140 128 97 37 21 43 33 299 266 251 198 160 143 117 98 80 70 359 254 255 255 254 185 86 87 85 81 85 100 108 92 73 57 331 265 251 246 243 221 219 276 14 9 329 207 131 115 114 116 110 72 336 316 313 355 104 119 123 120 117 119 125 132 120 108 144 261 257 180 168 199 238 261 271 257 205 146 113 94 82
262 251 203 180 205 236 253 248 190 123 108 105 104 103 101 98 83 43 1 347 356 23 35 351 268 239 188 175 175 152 122 99 90 106 251 257 255 244 183 110 101 93 83 83 90 85 64 46 36 17 306 253 246 243 229 231 243 228 93 88 133 134 123 116 109 85 352 319 308 300 123 122 120 119 119 121 127 129 124 114 113 156 215 216 195 200 240 266 280 283 239 172 158 128 94 83
249 237 217 209 237 248 243 224 183 142 116 93 77 69 62 50 28 357 335 329 356 80 77 69 259 243 187 186 210 144 109 105 103 118 232 243 235 218 181 124 106 93 85 82 73 44 22 21 30 46 59 242 247 244 235 236 238 221 193 138 116 115 111 106 99 15 320 316 317 134 133 132 129 124 124 128 132 128 124 104 101 131 220 241 244 268 288 295 315 344 81 140 163 156 98 80
215 218 223 237 261 248 220 199 189 172 137 82 51 46 46 45 25 341 302 188 152 151 119 131 231 246 260 318 328 31 73 85 85 83 228 233 225 220 195 128 101 85 82 78 49 10 14 42 77 93 103 235 254 247 236 234 239 236 225 171 73 75 87 91 84 309 295 303 85 119 126 131 131 126 125 128 125 119 133 130 104 69 312 300 302 304 307 316 356 45 92 125 163 186 124 76
135 182 215 230 243 242 188 185 200 206 196 117 43 49 57 54 25 351 104 142 146 141 116 134 220 247 280 315 338 39 64 67 61 54 56 219 225 227 217 161 116 93 86 74 22 350 71 99 123 103 99 255 258 246 235 236 246 254 267 292 39 65 78 82 70 290 271 228 132 123 124 128 127 120 113 112 112 112 127 140 149 318 324 329 331 318 311 326 59 92 109 119 149 239 329 73
94 122 247 250 250 256 89 130 216 235 229 190 167 134 77 48 25 39 98 114 130 132 109 123 221 251 268 287 317 60 69 64 54 55 59 55 248 243 234 210 160 111 90 72 1 164 115 105 106 93 78 298 264 247 238 242 252 254 253 251 128 91 84 81 69 280 255 191 138 128 125 124 117 107 99 104 112 108 114 127 194 269 296 336 352 327 304 160 144 144 142 123 37 312 4 93
