project/data/elevation/US_DEM2016/US_DEM2016_point_10-30-2019_2043_30m_vel.asc
ncols	125
nrows	167
xllcorner	-2042055.000000
yllcorner	1465035.000000
cellsize	30.000000
NODATA_value	-9999.000000
[rows 0 to 36 of 167, columns 0 to 83 of 125]
6.86 6.07 5.28 5.81 7.14 8.83 10.41 11.52 11.91 12.11 12.45 13.14 13.52 12.97 12.34 12.21 12.11 11.87 11.36 10.93 10.67 10.73 11.07 11.49 11.80 11.74 11.34 10.23 8.74 7.25 5.97 4.96 4.25 3.74 3.38 3.32 3.77 4.67 5.64 6.26 6.59 6.82 7.01 7.06 6.77 6.25 5.76 5.83 6.44 7.36 8.24 9.09 9.80 10.51 10.80 10.94 10.73 9.77 8.83 8.16 7.77 7.71 8.01 8.73 9.24 9.39 9.20 8.54 7.40 6.64 6.43 6.60 6.95 7.34 7.67 7.87 8.09 8.59 9.29 9.78 10.18 10.33 9.76 9.34
6.86 6.07 5.28 5.81 7.14 8.83 10.41 11.52 11.91 12.11 12.45 13.14 13.52 12.97 12.34 12.21 12.11 11.87 11.36 10.93 10.67 10.73 11.07 11.49 11.80 11.74 11.34 10.23 8.74 7.25 5.97 4.96 4.25 3.74 3.38 3.32 3.77 4.67 5.64 6.26 6.59 6.82 7.01 7.06 6.77 6.25 5.76 5.83 6.44 7.36 8.24 9.09 9.80 10.51 10.80 10.94 10.73 9.77 8.83 8.16 7.77 7.71 8.01 8.73 9.24 9.39 9.20 8.54 7.40 6.64 6.43 6.60 6.95 7.34 7.67 7.87 8.09 8.59 9.29 9.78 10.18 10.33 9.76 9.34
6.87 6.17 5.53 5.96 6.88 8.20 9.50 10.44 10.94 11.17 11.53 12.14 12.38 12.10 11.64 11.54 11.59 11.54 11.16 10.61 10.40 10.45 10.68 10.92 11.05 10.89 10.23 9.14 7.94 6.79 5.82 5.02 4.41 3.98 3.68 3.60 3.87 4.41 5.07 5.64 5.97 6.20 6.43 6.71 6.92 6.93 6.82 6.79 7.16 7.74 8.34 8.88 9.38 9.77 9.98 10.09 10.12 9.83 9.21 8.41 7.76 7.43 7.61 8.03 8.36 8.53 8.60 8.52 8.22 7.69 7.36 7.24 7.22 7.23 7.27 7.37 7.62 8.10 8.58 8.90 9.12 9.33 9.35 9.35
7.46 6.75 6.23 6.46 6.92 7.51 8.18 8.57 8.70 8.94 9.51 9.95 10.08 9.91 9.84 9.89 10.06 10.36 10.33 10.07 10.03 10.04 9.95 9.71 9.47 9.10 8.47 7.78 7.07 6.46 5.94 5.48 5.16 5.00 4.85 4.66 4.51 4.48 4.58 4.89 5.49 6.03 6.46 6.92 7.46 7.92 8.20 8.24 8.26 8.36 8.49 8.49 8.49 8.38 8.30 8.10 8.18 8.57 8.80 8.71 8.31 7.82 7.42 7.14 6.83 6.76 7.10 7.71 8.21 8.41 8.33 7.98 7.51 7.03 6.70 6.63 6.83 7.13 7.22 7.10 7.26 7.91 8.65 9.19
7.96 7.34 6.91 6.98 7.13 7.33 7.44 7.45 7.26 7.25 7.57 7.98 8.20 8.17 8.19 8.30 8.48 8.82 9.34 9.78 9.99 9.75 9.28 8.63 8.02 7.65 7.50 7.32 7.09 6.88 6.69 6.56 6.54 6.52 6.38 6.05 5.66 5.36 5.15 5.26 5.87 6.58 7.23 7.78 8.06 8.32 8.56 8.79 8.87 8.78 8.63 8.36 7.98 7.49 7.01 6.25 5.85 6.05 6.81 7.71 8.18 8.13 7.68 6.87 6.15 5.66 5.56 5.87 6.42 6.87 7.06 6.99 6.75 6.44 6.21 6.16 6.24 6.31 6.24 6.11 6.37 7.18 8.05 8.45
7.99 7.55 7.30 7.39 7.34 7.29 7.13 6.74 6.44 6.30 6.29 6.61 7.07 7.33 7.63 7.94 8.17 8.30 8.79 9.40 9.59 9.15 8.45 7.63 7.03 6.95 7.13 7.29 7.40 7.50 7.62 7.73 7.73 7.55 7.27 6.93 6.60 6.31 6.04 5.90 6.00 6.31 6.90 7.62 8.02 8.21 8.39 8.68 8.81 8.76 8.60 8.39 8.08 7.33 6.41 5.59 5.28 5.35 5.69 6.18 6.75 7.13 7.02 6.40 5.74 5.24 4.93 4.80 4.80 4.91 5.08 5.24 5.35 5.45 5.53 5.62 5.69 5.75 5.80 5.89 6.17 6.71 7.21 7.20
8.07 7.87 7.75 7.86 7.68 7.33 6.84 6.18 5.75 5.63 5.57 5.74 6.25 6.93 7.60 8.02 8.43 8.54 8.47 8.46 8.44 8.10 7.55 7.00 6.78 6.87 7.06 7.23 7.44 7.78 8.13 8.34 8.24 8.04 7.82 7.65 7.51 7.30 6.92 6.43 6.07 5.99 6.19 6.65 7.08 7.21 7.33 7.56 7.91 8.09 8.24 8.33 8.21 7.98 7.52 6.99 6.90 6.83 6.60 6.25 5.93 5.83 5.79 5.61 5.31 5.01 4.78 4.64 4.57 4.53 4.53 4.62 4.78 4.94 5.07 5.14 5.16 5.24 5.48 5.77 6.05 6.35 6.44 6.08
8.12 8.23 8.49 8.45 8.15 7.37 6.52 5.76 5.43 5.47 5.39 5.27 5.72 6.61 7.33 7.61 8.02 8.20 7.82 7.35 7.12 6.98 6.85 6.82 6.85 6.97 7.13 7.23 7.37 7.71 8.17 8.48 8.58 8.70 8.90 9.18 9.23 8.96 8.42 7.71 6.92 6.27 5.96 5.82 5.73 5.83 5.94 6.22 6.83 7.57 7.97 8.22 8.40 8.75 8.97 8.95 8.61 8.14 7.50 6.71 5.91 5.37 5.22 5.21 5.12 4.92 4.76 4.78 4.86 4.86 4.80 4.78 4.83 4.91 5.00 5.05 5.05 5.16 5.44 5.65 5.80 5.93 5.83 5.43
8.39 8.67 9.20 9.06 8.55 7.70 6.72 6.08 5.94 5.87 5.67 5.52 5.81 6.42 6.76 6.78 6.98 7.22 7.02 6.62 6.41 6.27 6.21 6.39 6.60 6.84 7.22 7.57 7.73 7.84 8.23 8.73 9.28 10.00 10.77 11.27 11.33 10.99 10.45 9.71 8.74 7.65 6.68 6.03 5.66 5.64 6.05 6.57 7.29 7.82 7.92 7.73 7.68 7.98 8.38 8.52 8.22 7.62 6.90 6.25 5.72 5.39 5.27 5.33 5.37 5.30 5.23 5.25 5.21 5.11 5.02 4.97 5.02 5.21 5.48 5.72 5.92 6.16 6.27 6.14 5.93 5.74 5.56 5.66
8.49 8.99 9.55 9.41 8.88 8.27 7.46 7.10 7.16 7.15 6.74 6.39 6.39 6.47 6.32 6.04 6.02 6.35 6.59 6.56 6.41 6.06 5.81 5.96 6.31 6.68 7.15 7.66 8.06 8.35 8.81 9.43 10.21 10.99 11.53 11.71 11.65 11.50 11.36 11.09 10.54 9.66 8.60 7.58 6.81 6.74 7.02 7.57 8.09 8.15 7.75 6.84 6.19 5.65 5.77 6.19 6.36 6.13 5.82 5.57 5.40 5.32 5.30 5.48 5.90 6.20 6.34 6.25 5.80 5.33 5.22 5.41 5.78 6.31 6.79 7.19 7.58 7.92 7.96 7.63 7.12 6.72 6.49 6.35
8.61 8.83 9.41 9.56 9.31 9.05 8.85 8.96 9.10 8.90 8.42 7.81 7.23 6.69 6.13 5.58 5.51 6.09 6.74 7.03 6.91 6.49 6.15 6.19 6.48 6.81 7.08 7.49 8.23 9.06 9.71 10.23 10.56 10.58 10.25 9.78 9.74 10.19 10.70 11.05 11.12 10.78 10.07 9.08 8.14 7.63 7.52 7.89 8.22 8.04 7.26 6.28 5.42 4.76 4.45 4.47 4.78 5.08 5.26 5.32 5.32 5.34 5.48 5.81 6.46 7.15 7.45 7.22 6.60 5.89 5.83 6.36 7.06 7.70 8.25 8.70 9.06 9.19 9.02 8.67 8.32 8.04 7.76 7.42
8.29 8.13 8.65 9.50 10.02 10.32 10.61 10.88 10.98 10.59 9.98 9.30 8.47 7.38 6.36 5.81 5.77 6.36 7.10 7.47 7.39 7.08 6.79 6.72 6.88 7.20 7.56 8.07 8.85 9.60 9.92 9.92 9.54 8.81 7.89 7.35 7.56 8.25 8.92 9.49 10.01 10.39 10.42 10.01 9.23 8.39 7.99 8.06 7.96 7.49 6.57 6.02 5.60 5.01 4.42 4.07 4.22 4.72 5.18 5.42 5.56 5.80 6.18 6.63 7.19 7.68 7.91 7.80 7.41 7.02 6.89 7.35 7.93 8.54 9.00 9.23 9.12 8.68 7.95 7.42 7.15 7.04 6.99 6.92
7.61 7.25 7.47 8.75 9.93 10.72 11.14 11.28 11.32 11.08 10.66 10.17 9.54 8.46 7.38 6.76 6.59 6.74 7.05 7.24 7.22 7.09 6.94 6.90 7.10 7.50 8.00 8.48 8.78 8.80 8.54 7.93 7.03 6.12 5.68 5.87 6.32 6.59 6.70 7.15 7.86 8.66 9.43 9.89 9.78 9.16 8.53 8.22 7.57 6.51 5.66 5.34 4.98 4.56 4.21 4.12 4.35 4.85 5.40 5.85 6.22 6.61 7.05 7.41 7.64 7.75 7.86 8.09 8.19 8.09 8.03 8.25 8.70 9.03 8.94 8.41 7.48 6.33 5.40 4.85 4.61 4.69 5.00 5.36
7.73 7.47 7.37 7.77 8.53 9.30 9.68 9.73 9.63 9.64 9.74 9.77 9.67 9.27 8.64 7.94 7.41 7.01 6.72 6.48 6.38 6.45 6.55 6.65 6.85 7.09 7.28 7.25 6.88 6.33 5.73 4.95 4.25 3.89 4.08 4.64 4.88 4.78 4.79 5.15 5.68 6.38 7.23 8.11 8.83 8.98 8.72 8.24 7.46 6.27 5.29 4.51 4.05 3.98 4.13 4.44 4.84 5.27 5.82 6.48 7.03 7.42 7.67 7.86 7.97 8.05 8.23 8.56 8.83 8.85 8.85 9.06 9.17 8.79 7.82 6.47 5.20 4.50 4.27 4.25 4.36 4.56 4.83 4.99
8.20 8.31 7.91 7.33 6.84 6.79 6.80 6.62 6.44 6.69 7.21 7.82 8.28 8.65 8.77 8.51 7.94 7.25 6.57 5.93 5.58 5.77 6.06 6.17 6.10 5.90 5.58 5.09 4.52 4.05 3.71 3.55 3.58 3.73 3.84 3.83 3.72 3.81 4.02 4.21 4.38 4.65 5.10 5.87 6.98 8.25 8.61 8.40 7.75 6.82 5.63 4.65 4.29 4.48 4.92 5.31 5.52 5.77 6.24 7.00 7.80 8.26 8.52 8.69 8.87 9.10 9.29 9.41 9.50 9.49 9.46 9.43 8.85 7.52 6.09 5.10 4.71 4.65 4.85 5.26 5.68 6.00 6.07 6.05
8.19 8.17 7.72 6.88 5.57 4.60 4.00 3.68 3.72 3.96 4.42 4.94 5.65 6.51 7.43 7.97 7.94 7.40 6.63 5.86 5.51 5.66 5.88 5.80 5.44 4.97 4.50 4.21 4.05 3.86 3.78 4.01 4.49 4.85 4.83 4.63 4.47 4.53 4.73 4.88 4.90 4.95 5.23 5.98 7.09 8.37 8.81 8.62 7.91 6.93 6.07 5.59 5.49 5.81 6.19 6.37 6.31 6.37 6.85 7.78 8.70 9.44 9.88 10.07 10.23 10.49 10.66 10.70 10.70 10.59 10.24 9.46 8.00 6.57 5.84 5.73 5.84 5.83 5.92 6.28 6.81 7.16 7.23 7.46
7.61 7.14 6.56 6.01 4.77 3.68 3.09 3.00 3.20 3.62 4.03 4.33 4.75 5.47 6.32 7.05 7.43 7.34 6.87 6.38 6.15 6.09 5.99 5.74 5.41 5.08 4.91 4.96 5.08 5.06 4.89 4.83 5.14 5.74 6.13 6.28 6.23 6.11 6.09 6.26 6.55 6.94 7.38 8.10 8.91 9.31 9.12 8.72 8.10 7.38 6.77 6.56 6.66 6.96 7.27 7.43 7.33 7.49 8.14 9.10 10.10 10.85 11.29 11.45 11.41 11.40 11.51 11.67 11.82 11.57 10.88 9.72 8.02 7.26 7.35 7.61 7.60 7.34 7.22 7.45 7.83 8.18 8.52 8.98
7.52 6.97 6.18 5.49 4.86 4.39 4.33 4.65 5.17 5.78 6.24 6.46 6.67 6.78 6.79 6.71 6.90 7.16 7.15 7.01 6.80 6.48 6.14 5.89 5.77 5.75 5.82 5.94 6.12 6.29 6.23 5.92 5.87 6.34 6.98 7.50 7.71 7.66 7.52 7.69 8.29 8.87 9.40 9.79 9.83 9.32 8.64 8.29 8.12 7.89 7.50 7.29 7.44 7.84 8.16 8.30 8.45 8.76 9.57 10.53 11.24 11.55 11.63 11.63 11.52 11.34 11.24 11.29 11.57 11.62 11.37 10.98 10.10 9.80 10.12 10.39 10.31 9.91 9.68 9.55 9.49 9.55 9.85 10.10
7.79 7.46 6.66 5.89 5.68 6.08 6.77 7.51 8.23 8.81 9.18 9.34 9.21 8.66 7.84 7.12 6.90 7.08 7.26 7.26 7.08 6.78 6.46 6.29 6.29 6.39 6.47 6.57 6.82 7.20 7.49 7.53 7.47 7.54 7.91 8.51 9.05 9.25 9.32 9.52 9.88 10.20 10.24 9.88 9.01 7.80 6.93 6.95 7.54 7.88 8.09 8.13 8.39 8.72 8.88 8.84 9.08 9.69 10.55 11.10 11.16 10.85 10.48 10.35 10.43 10.53 10.55 10.41 10.38 10.70 11.43 12.07 12.63 12.83 13.01 13.39 13.60 13.49 13.20 12.66 12.02 11.36 10.93 10.49
7.56 7.07 6.35 6.00 6.56 7.66 8.87 9.89 10.60 10.87 10.87 10.68 10.30 9.56 8.73 7.98 7.50 7.34 7.37 7.37 7.29 7.19 7.09 7.04 6.98 6.97 7.05 7.22 7.46 7.87 8.48 9.09 9.55 9.83 10.01 10.27 10.48 10.54 10.71 10.87 10.81 10.41 9.69 8.62 7.30 6.08 5.52 5.82 6.95 7.90 8.61 9.07 9.36 9.40 9.29 9.15 9.54 10.26 10.61 10.54 9.92 9.17 8.59 8.39 8.64 9.12 9.47 9.49 9.27 9.43 10.43 11.69 12.76 13.33 13.75 14.36 14.79 14.85 14.58 14.19 13.55 12.71 11.62 10.44
6.84 6.33 5.90 6.34 7.69 9.23 10.34 10.97 11.22 11.05 10.69 10.32 9.98 9.56 9.18 8.69 8.15 7.72 7.58 7.59 7.64 7.79 8.00 8.15 8.13 8.01 8.11 8.28 8.47 8.85 9.57 10.47 11.22 11.70 11.87 11.65 11.29 11.04 10.96 10.78 10.20 9.19 7.95 6.70 5.79 5.36 5.39 6.07 7.32 8.47 9.49 10.21 10.43 10.20 9.84 9.77 10.10 10.20 9.99 9.22 8.21 7.29 6.58 6.16 6.35 6.68 7.07 7.38 7.50 7.76 8.34 9.35 10.48 11.26 11.87 12.46 12.87 12.99 13.08 13.09 13.02 12.59 11.86 10.62
7.47 7.12 7.20 8.26 9.64 10.59 10.88 10.78 10.45 9.85 9.39 9.12 8.91 8.87 8.87 8.69 8.32 7.94 7.83 8.01 8.38 8.88 9.36 9.66 9.77 9.73 9.76 9.89 10.11 10.49 11.10 11.66 11.93 11.92 11.62 11.10 10.66 10.22 9.81 9.11 8.14 7.07 6.02 5.28 5.15 5.55 6.29 7.38 8.35 9.40 10.25 10.67 10.82 10.88 10.61 10.40 10.20 9.71 8.88 7.63 6.46 5.48 4.51 4.00 3.94 3.89 3.90 4.30 4.96 5.46 6.23 6.81 7.31 7.69 8.05 8.55 8.64 8.87 9.28 9.70 10.65 11.51 11.76 11.38
8.54 9.00 9.97 10.69 11.06 11.04 10.46 9.74 9.01 8.54 8.30 8.10 7.94 7.94 8.03 8.11 8.06 7.98 8.13 8.52 9.15 9.83 10.36 10.77 10.94 11.07 11.20 11.39 11.66 11.96 12.11 11.86 11.25 10.43 9.56 8.96 8.86 8.50 7.76 6.76 5.79 5.22 4.95 5.10 5.63 6.34 7.30 8.28 9.18 9.95 10.24 10.34 10.42 10.64 10.74 10.46 9.82 8.86 7.59 6.31 5.14 3.98 3.15 2.81 2.73 2.64 2.67 2.99 3.60 4.31 4.92 5.37 5.47 5.39 5.30 5.51 5.85 6.44 7.02 7.59 8.48 9.78 10.93 11.30
9.03 9.89 11.02 11.26 11.03 10.43 9.50 8.74 8.01 7.75 7.68 7.50 7.34 7.27 7.33 7.55 7.78 8.02 8.29 8.52 8.82 9.17 9.62 10.23 10.69 11.10 11.48 11.80 11.97 11.91 11.43 10.42 9.08 8.01 7.35 7.11 6.91 6.32 5.50 4.93 4.60 4.59 4.96 5.76 6.51 7.24 8.10 8.87 9.52 9.73 9.48 9.21 9.24 9.54 9.84 9.77 9.22 8.29 7.05 5.93 4.88 3.85 3.24 3.04 3.03 3.08 3.34 3.84 4.31 4.50 4.62 4.72 4.62 4.32 4.08 4.21 4.86 5.68 6.16 6.50 7.14 8.03 9.25 10.13
9.21 9.72 10.38 10.44 10.03 9.24 8.50 7.95 7.54 7.34 7.20 6.98 6.86 6.83 6.95 7.25 7.65 7.96 8.09 7.95 7.74 7.64 7.89 8.52 9.44 10.21 10.78 11.03 10.87 10.27 9.23 7.88 6.55 5.79 5.50 5.35 4.87 4.35 4.13 4.28 4.64 5.21 6.00 6.71 7.50 8.34 8.94 9.41 9.49 9.14 8.67 8.45 8.44 8.57 8.76 8.90 8.81 8.35 7.42 6.37 5.52 4.94 4.72 4.76 4.81 4.85 5.18 5.40 5.21 4.85 4.58 4.48 4.26 3.87 3.62 3.88 4.49 4.90 5.03 5.33 5.84 6.38 7.42 8.75
9.37 9.08 9.01 9.20 9.03 8.53 7.93 7.36 7.08 6.91 6.70 6.53 6.42 6.47 6.78 7.20 7.65 7.90 7.93 7.77 7.61 7.63 7.95 8.55 9.33 9.83 9.90 9.61 8.96 8.03 6.89 5.87 4.98 4.43 4.16 4.00 3.86 3.88 4.13 4.64 5.44 6.36 7.05 7.77 8.62 9.34 9.75 9.75 9.27 8.60 8.07 7.83 7.77 7.89 8.19 8.46 8.70 8.71 8.27 7.45 6.82 6.57 6.60 6.70 6.76 6.86 6.88 6.43 5.66 5.23 5.08 4.69 4.18 3.84 3.76 3.97 4.24 4.20 4.16 4.52 4.93 5.31 6.10 7.56
9.43 8.84 8.22 8.30 8.49 8.54 8.33 7.74 7.30 7.07 6.83 6.69 6.63 6.71 7.00 7.46 7.83 8.16 8.37 8.50 8.74 9.17 9.70 10.07 10.06 9.62 8.84 7.94 7.04 6.21 5.40 4.82 4.50 4.37 4.25 4.19 4.38 4.81 5.19 5.57 6.23 6.97 7.77 8.69 9.51 10.08 10.15 9.76 9.03 8.18 7.43 7.00 7.04 7.40 7.90 8.36 8.69 8.98 9.09 8.92 8.71 8.71 8.86 8.94 8.89 8.65 8.15 7.51 6.94 6.68 6.20 5.42 4.60 4.32 4.31 4.24 4.18 4.13 4.23 4.49 4.72 4.95 5.46 6.43
9.43 8.80 7.98 7.88 8.13 8.57 8.91 8.77 8.37 8.14 7.98 7.76 7.75 7.82 7.91 7.96 8.16 8.52 8.97 9.41 9.87 10.27 10.41 10.15 9.45 8.42 7.31 6.30 5.46 4.94 4.75 4.71 4.84 5.19 5.42 5.49 5.60 5.95 6.37 6.60 6.88 7.38 8.29 9.26 10.01 10.33 10.10 9.51 8.81 8.00 7.09 6.61 6.75 7.23 7.71 8.06 8.36 8.97 9.52 9.95 10.43 10.96 11.46 11.75 11.47 10.86 10.00 9.31 9.03 8.56 7.45 6.21 5.56 5.50 5.33 4.85 4.61 4.73 4.88 4.95 4.94 4.96 5.19 5.63
9.15 8.43 7.58 7.43 7.60 8.23 8.86 9.19 9.07 8.89 8.78 8.57 8.57 8.67 8.70 8.53 8.37 8.52 8.98 9.49 9.80 9.72 9.17 8.24 7.27 6.38 5.61 4.97 4.55 4.51 4.80 5.40 5.93 6.24 6.53 6.77 6.88 7.02 7.36 7.48 7.60 7.99 8.87 9.63 10.11 10.05 9.54 9.01 8.65 8.27 7.66 7.10 7.03 7.27 7.36 7.55 8.10 8.96 9.67 10.44 11.23 11.93 12.51 12.84 13.06 12.82 12.20 11.57 10.86 9.93 8.76 7.67 7.25 7.03 6.58 6.06 5.97 6.14 6.09 5.76 5.36 5.12 5.03 5.09
8.86 8.39 7.69 7.38 7.38 7.70 8.35 8.97 9.15 8.94 8.55 8.19 8.12 8.23 8.37 8.40 8.19 8.21 8.50 8.68 8.47 7.79 6.81 5.83 5.05 4.46 4.09 4.03 4.25 4.72 5.61 6.53 7.06 7.33 7.50 7.72 7.96 8.11 8.14 8.23 8.44 8.84 9.31 9.68 9.60 9.10 8.48 8.26 8.52 8.75 8.67 8.33 7.83 7.67 7.57 7.76 8.38 9.20 9.76 10.43 10.93 11.49 11.87 12.12 12.61 12.94 12.95 12.93 12.47 11.74 11.16 10.62 9.98 9.01 8.07 7.74 7.89 7.99 7.52 6.70 5.83 5.19 4.78 4.73
9.14 8.95 8.38 7.88 7.70 7.66 7.99 8.61 9.06 9.06 8.58 8.04 7.74 7.61 7.64 7.86 7.77 7.92 7.97 7.51 6.57 5.45 4.51 3.81 3.25 2.90 2.81 3.12 3.90 5.13 6.37 7.14 7.66 8.01 8.24 8.43 8.57 8.57 8.52 8.60 8.95 9.27 9.52 9.40 8.82 7.92 7.53 7.64 8.11 8.85 9.16 9.09 8.82 8.49 8.33 8.38 8.59 9.07 9.52 9.93 10.00 9.83 9.47 9.55 10.26 11.25 12.10 12.82 13.34 13.44 13.49 13.25 12.54 11.52 10.42 9.95 9.72 9.20 8.23 6.87 5.78 5.11 4.71 4.50
9.33 8.91 8.35 8.04 7.93 7.86 7.86 8.25 8.89 9.35 9.35 8.90 8.42 7.97 7.66 7.49 7.56 7.62 7.22 6.19 4.92 3.92 3.27 2.85 2.57 2.46 2.53 2.82 3.54 4.65 5.73 6.39 6.94 7.46 7.91 8.23 8.24 8.26 8.29 8.50 8.88 9.26 9.44 9.15 8.58 7.81 7.41 7.42 7.69 8.20 8.86 9.13 9.26 9.06 8.79 8.45 8.31 8.38 8.72 8.85 8.68 8.18 7.71 7.67 8.09 8.99 10.21 11.39 12.39 13.08 13.56 13.78 13.50 13.05 12.54 11.84 10.74 9.31 7.81 6.54 5.78 5.33 4.87 4.38
8.71 7.87 7.06 7.16 7.44 7.57 7.50 7.63 8.28 9.05 9.49 9.35 8.90 8.39 8.00 7.66 7.48 7.14 6.34 5.28 4.49 4.02 3.49 3.36 3.22 3.30 3.51 3.65 3.81 4.09 4.38 4.77 5.23 5.75 6.29 6.75 7.09 7.39 7.75 8.22 8.54 8.81 8.80 8.46 8.08 7.62 7.14 7.06 7.20 7.48 7.99 8.65 8.95 8.94 8.61 8.03 7.71 7.58 7.79 7.77 7.41 6.82 6.53 6.79 7.34 7.85 8.46 9.17 9.95 10.64 11.24 11.80 12.28 12.57 12.63 12.34 11.04 9.10 7.69 6.96 6.46 5.74 4.94 4.51
7.52 6.81 6.14 6.29 6.52 6.52 6.38 6.53 7.03 7.89 8.65 8.96 8.77 8.36 8.04 7.69 7.30 6.73 6.05 5.87 5.22 5.18 5.08 4.95 4.87 4.99 5.10 5.12 4.95 4.71 4.61 4.57 4.58 4.68 4.96 5.48 6.21 6.75 7.31 7.85 8.06 8.02 7.54 6.73 5.94 5.65 5.72 5.94 6.22 6.76 7.27 7.80 8.23 8.28 7.95 7.47 7.18 7.18 7.22 7.10 6.65 6.03 6.04 6.40 6.95 7.27 7.35 7.45 7.70 8.12 8.26 8.76 9.64 10.54 11.26 11.73 11.39 10.16 8.79 7.96 7.00 5.98 5.31 5.19
7.22 7.02 6.88 6.80 6.39 5.96 5.78 5.77 5.96 6.59 7.52 8.28 8.56 8.36 8.01 7.58 7.14 6.71 6.77 6.35 6.62 6.76 6.87 6.87 6.81 6.79 6.78 6.60 6.36 6.13 5.93 5.66 5.31 5.00 4.99 5.38 6.00 6.51 7.06 7.51 7.59 7.22 6.27 4.90 4.17 4.20 4.66 5.26 5.90 6.43 6.87 7.17 7.42 7.60 7.41 7.25 7.17 7.25 7.15 7.02 6.70 6.38 6.42 6.48 6.55 6.34 6.12 6.23 6.50 6.78 6.96 7.20 7.73 8.53 9.23 10.33 11.27 11.29 10.39 8.95 7.45 6.68 6.59 6.78
8.01 8.25 8.54 8.31 7.73 6.85 6.23 5.87 5.62 5.69 6.26 7.22 8.00 8.27 7.99 7.45 7.09 6.95 7.10 7.46 7.91 8.30 8.63 8.80 8.82 8.62 8.27 7.87 7.41 6.95 6.63 6.41 6.23 6.01 5.79 5.82 6.23 6.70 7.25 7.61 7.51 6.86 5.83 4.83 4.62 5.03 5.72 6.43 6.85 6.98 6.91 6.86 6.95 7.26 7.34 7.36 7.31 7.39 7.29 7.33 7.29 7.13 6.84 6.29 5.83 5.42 5.17 5.38 5.85 6.24 6.54 6.87 7.01 7.35 7.94 8.93 10.32 11.32 11.46 10.76 9.51 9.00 9.02 9.05
8.63 9.04 9.38 9.11 8.60 7.83 7.05 6.33 5.73 5.29 5.25 5.81 6.82 7.59 7.77 7.36 7.07 7.18 7.62 8.36 8.96 9.53 10.01 10.35 10.37 10.14 9.74 9.21 8.49 7.67 6.97 6.62 6.62 6.88 7.11 7.12 7.20 7.54 8.04 8.32 8.24 7.71 6.88 6.45 6.74 7.38 8.04 8.35 8.26 7.64 7.15 6.81 6.84 7.12 7.35 7.41 7.35 7.46 7.50 7.76 7.81 7.58 7.05 6.15 5.36 4.88 4.80 5.04 5.44 5.75 6.11 6.49 6.66 6.74 7.27 7.98 9.01 10.41 11.60 12.39 12.53 12.15 11.56 11.04
