project/data/elevation/US_DEM2016/US_DEM2016_point_10-30-2019_2043_30m_vel.asc
ncols	125
nrows	167
xllcorner	-2042055.000000
yllcorner	1465035.000000
cellsize	30.000000
NODATA_value	-9999.000000
[rows 74 to 110 of 167, columns 0 to 83 of 125]
7.89 7.65 7.42 7.54 7.76 7.88 7.95 8.31 9.17 10.17 10.90 11.21 11.16 10.81 10.36 10.21 10.69 11.52 12.09 12.31 12.39 12.06 11.18 10.17 9.48 9.29 9.47 9.75 9.78 9.54 9.19 8.93 8.61 8.36 8.09 7.92 7.87 7.67 7.41 7.37 7.57 7.71 7.74 7.86 8.02 8.06 8.07 8.01 7.65 7.28 7.12 7.30 7.66 7.85 7.74 7.70 7.81 8.06 8.44 8.87 9.32 9.68 9.60 9.08 8.08 6.98 6.34 6.47 6.64 6.34 5.83 5.63 5.75 6.08 6.74 7.59 8.64 10.06 11.80 13.15 13.87 14.04 13.72 13.05
7.96 7.79 7.68 7.84 8.02 8.14 8.29 8.86 9.93 10.68 10.98 11.05 11.13 11.24 11.29 11.48 11.88 12.18 12.03 11.69 11.45 11.05 10.32 9.55 9.02 8.77 8.74 9.02 9.31 9.32 9.05 8.62 7.91 7.41 7.26 7.39 7.53 7.47 7.35 7.28 7.23 7.29 7.42 7.56 7.58 7.27 6.86 6.35 6.15 6.03 6.02 6.26 6.71 7.06 7.21 7.36 7.56 7.67 7.80 8.07 8.46 8.62 8.18 7.11 5.99 5.32 5.21 5.68 6.38 6.65 6.47 6.41 6.70 7.30 8.23 9.30 10.53 11.92 12.81 12.92 11.97 10.52 9.46 9.00
8.07 7.98 8.01 8.20 8.40 8.73 9.34 9.98 10.20 9.90 9.42 9.21 9.57 10.35 11.07 11.71 12.07 11.93 11.31 10.65 10.25 9.91 9.52 9.15 8.89 8.64 8.37 8.42 8.76 9.08 9.12 8.82 8.10 7.55 7.48 7.61 7.63 7.37 6.98 6.65 6.54 6.76 7.15 7.24 7.19 7.06 6.92 6.64 6.44 6.43 6.45 6.41 6.37 6.54 6.94 7.32 7.56 7.58 7.63 7.75 7.77 7.37 6.54 5.79 5.41 5.35 5.63 6.07 6.77 7.48 7.86 8.20 8.96 9.98 11.01 12.11 13.15 13.64 13.23 12.03 10.11 7.66 6.42 6.08
8.12 8.03 8.12 8.30 8.55 9.14 9.57 9.53 8.91 7.99 7.49 7.75 8.60 9.73 10.70 11.33 11.44 11.03 10.34 9.70 9.29 9.06 8.91 8.81 8.72 8.57 8.28 8.22 8.40 8.84 9.26 9.40 9.11 8.86 8.68 8.44 8.02 7.42 6.91 6.72 6.85 7.06 7.12 6.89 6.74 6.66 6.64 6.47 6.23 6.11 6.06 6.03 6.04 6.38 6.93 7.42 7.73 7.86 7.94 7.88 7.42 6.60 6.02 5.99 6.34 6.79 7.10 7.47 8.22 9.36 10.14 10.94 12.03 13.06 13.82 14.37 14.49 13.99 12.85 11.66 10.34 8.45 6.97 6.12
8.01 7.70 7.69 7.91 8.09 8.42 8.40 7.96 7.57 7.27 7.49 8.10 9.08 10.19 10.94 11.20 10.95 10.38 9.76 9.20 8.76 8.51 8.39 8.33 8.25 8.11 7.91 7.90 8.01 8.31 8.88 9.40 9.59 9.48 9.20 8.76 8.16 7.50 7.14 7.00 6.88 6.64 6.36 6.10 5.92 5.72 5.38 5.05 4.93 4.93 5.08 5.41 5.98 6.65 7.24 7.65 7.98 8.08 7.94 7.52 6.89 6.33 6.29 6.81 7.67 8.29 8.85 9.68 10.81 11.53 12.11 12.78 13.56 14.18 14.27 14.09 13.47 12.30 11.44 11.16 11.04 10.40 9.26 8.05
7.76 7.25 7.14 7.44 7.53 7.55 7.55 7.65 7.93 8.37 8.88 9.55 10.46 11.23 11.47 11.18 10.59 9.93 9.36 8.86 8.40 8.08 7.89 7.80 7.67 7.47 7.23 7.18 7.09 7.21 7.54 8.31 8.83 8.94 8.76 8.43 7.98 7.41 7.00 6.58 6.12 5.71 5.52 5.60 5.55 5.30 4.88 4.67 4.89 5.33 5.89 6.56 7.27 7.69 7.84 7.81 7.67 7.33 6.77 6.15 5.86 6.02 6.52 7.47 8.57 9.63 10.79 11.77 12.16 12.31 12.36 12.52 12.85 12.82 12.46 11.88 11.03 10.16 9.76 10.03 10.63 10.96 10.68 9.89
7.48 7.06 7.07 7.57 7.78 7.81 7.98 8.40 9.02 9.52 10.11 10.87 11.61 11.77 11.40 10.65 9.81 9.15 8.65 8.23 7.86 7.60 7.42 7.29 7.17 6.99 6.62 6.15 5.65 5.58 5.70 6.33 7.16 7.77 7.98 7.95 7.87 7.53 7.21 6.80 6.47 6.32 6.36 6.55 6.55 6.37 6.05 6.01 6.34 6.96 7.60 8.07 8.28 8.27 7.95 7.66 7.23 6.72 6.26 5.97 6.03 6.47 7.20 8.32 9.54 10.82 11.75 11.92 11.61 11.27 11.07 10.92 10.72 10.24 9.86 9.67 9.46 9.16 8.83 8.67 9.11 10.00 10.53 10.45
7.36 7.20 7.40 7.99 8.36 8.50 8.67 9.05 9.61 10.21 10.91 11.53 11.72 11.30 10.48 9.58 8.76 8.04 7.56 7.20 6.97 6.92 6.94 6.87 6.85 6.75 6.31 5.32 4.51 4.18 4.10 4.41 5.18 6.22 6.99 7.52 7.71 7.98 8.04 8.05 8.12 8.24 8.38 8.34 8.23 8.08 7.86 7.83 8.06 8.18 8.16 8.04 7.92 7.80 7.74 7.69 7.68 7.83 7.97 7.98 8.03 8.26 8.76 9.64 10.56 11.20 11.09 10.31 9.83 9.82 9.81 9.63 9.36 8.86 8.66 8.66 8.80 8.92 8.74 8.26 8.12 8.53 9.41 10.02
7.67 7.66 7.77 7.97 8.25 8.58 8.95 9.42 10.00 10.62 11.18 11.35 10.94 10.10 9.22 8.52 7.91 7.30 6.75 6.41 6.26 6.21 6.18 6.32 6.51 6.62 6.41 5.60 4.40 3.86 3.74 3.98 4.44 5.03 5.99 7.00 7.51 8.06 8.41 8.79 9.16 9.42 9.46 9.26 9.09 9.03 8.94 8.83 8.73 8.36 7.93 7.80 7.94 8.08 8.06 8.06 8.31 8.66 8.98 9.23 9.44 9.69 10.08 10.51 10.87 10.64 9.79 9.12 9.03 9.27 9.29 9.02 8.65 8.30 8.21 8.22 8.36 8.62 8.68 8.45 8.02 7.81 8.11 8.97
8.01 8.09 8.06 7.90 8.02 8.47 9.03 9.65 10.24 10.69 10.86 10.57 9.85 9.04 8.36 7.83 7.35 6.90 6.44 6.05 5.75 5.55 5.46 5.64 6.06 6.47 6.74 6.62 5.88 5.34 5.26 5.41 5.37 5.39 5.91 6.75 7.19 7.72 8.26 8.82 9.16 9.20 9.07 8.85 8.80 8.95 9.05 8.99 8.84 8.61 8.59 8.75 8.81 8.70 8.40 8.32 8.50 8.53 8.78 9.24 9.74 10.11 10.40 10.47 10.28 9.68 9.12 9.09 9.27 9.27 9.00 8.47 7.83 7.37 7.12 7.22 7.44 7.69 7.93 8.07 7.88 7.45 7.13 7.69
8.00 8.10 8.19 8.19 8.35 8.75 9.26 9.83 10.24 10.38 10.18 9.61 8.90 8.26 7.75 7.27 6.81 6.46 6.13 5.70 5.29 5.06 5.07 5.35 5.95 6.67 7.35 7.92 8.28 8.32 8.14 7.70 7.18 6.77 6.62 6.95 7.50 8.11 8.67 8.87 8.66 8.32 8.20 8.33 8.48 8.76 9.06 9.33 9.60 9.80 9.72 9.51 9.13 8.78 8.46 8.43 8.50 8.66 9.04 9.42 9.80 10.03 10.07 9.88 9.44 9.00 8.89 9.16 9.21 8.97 8.50 7.86 6.99 6.18 5.59 5.53 5.77 6.09 6.49 6.88 7.10 6.97 6.52 6.60
7.90 8.00 8.24 8.54 8.88 9.24 9.55 9.79 9.93 9.83 9.44 8.82 8.19 7.65 7.19 6.72 6.21 5.79 5.46 5.15 5.01 5.14 5.50 6.05 6.77 7.45 8.13 8.84 9.56 9.96 9.94 9.44 8.70 8.06 7.79 7.88 8.44 9.02 8.97 8.49 7.90 7.72 7.99 8.33 8.50 8.81 9.35 9.86 10.34 10.61 10.41 9.85 9.31 8.94 8.58 8.54 8.75 9.00 9.18 9.25 9.28 9.27 9.24 9.15 8.83 8.58 8.50 8.61 8.48 8.28 8.05 7.73 7.11 6.20 5.22 4.79 4.53 4.40 4.57 4.97 5.56 6.01 5.94 5.91
7.97 8.13 8.47 8.84 9.20 9.39 9.37 9.31 9.34 9.24 8.86 8.29 7.70 7.16 6.68 6.15 5.59 5.14 5.06 4.92 5.15 5.67 6.32 6.98 7.64 8.16 8.56 8.92 9.33 9.68 9.84 9.85 9.54 8.95 8.57 8.52 8.76 8.78 8.21 7.58 7.34 7.46 7.66 7.84 8.01 8.45 9.06 9.49 9.87 10.18 10.27 10.08 9.77 9.39 8.89 8.68 9.06 8.59 8.58 8.42 8.28 8.23 8.38 8.54 8.45 8.25 8.05 7.90 7.74 7.73 7.82 8.04 8.16 7.90 6.89 5.77 4.85 4.19 3.78 4.22 4.08 4.56 4.86 4.98
8.09 8.26 8.53 8.76 8.85 8.75 8.65 8.73 8.93 8.92 8.50 7.93 7.32 6.71 6.06 5.49 5.23 5.26 5.50 5.69 5.89 6.21 6.69 7.30 7.88 8.25 8.38 8.42 8.46 8.49 8.78 9.31 9.70 9.68 9.33 8.83 9.00 7.66 7.18 7.09 7.07 6.98 6.82 6.87 7.28 7.77 8.12 8.17 8.27 8.52 8.73 8.98 9.15 9.18 9.01 8.73 8.42 8.07 7.91 7.90 7.87 7.99 8.24 8.37 8.31 8.10 7.92 7.73 7.54 7.62 7.90 8.33 8.84 9.31 9.37 8.52 7.47 6.46 5.67 5.11 4.69 4.48 4.53 4.75
8.11 8.21 8.32 8.32 8.19 8.12 8.35 8.85 9.11 8.86 8.22 7.53 6.86 6.17 5.57 6.36 5.72 6.40 6.78 6.92 6.89 6.88 7.08 7.44 7.71 7.79 7.73 7.74 7.87 7.93 8.13 8.60 9.25 9.68 9.71 9.12 8.08 7.31 6.94 6.99 6.90 6.73 6.67 6.84 7.12 7.26 7.16 6.70 6.31 6.11 6.25 6.51 6.92 7.48 7.85 8.07 8.08 8.03 8.06 8.18 8.31 8.41 8.39 8.27 8.14 8.00 7.88 7.78 7.66 7.78 8.09 8.31 8.72 9.47 10.21 10.46 10.21 9.70 9.07 8.30 7.41 6.71 6.62 6.50
8.09 8.15 8.22 8.21 8.19 8.43 8.93 9.27 9.14 8.53 7.66 6.77 5.99 5.39 5.25 5.55 6.19 6.76 7.13 7.38 7.49 7.52 7.55 7.47 7.22 6.91 6.78 6.99 7.48 7.88 8.06 8.16 8.36 8.83 9.20 9.12 8.34 7.69 7.25 7.18 7.18 7.28 7.36 7.37 7.30 7.10 6.69 5.94 5.16 4.84 4.81 4.94 5.26 5.94 6.78 7.48 7.91 8.17 8.35 8.52 8.61 8.42 8.10 7.86 7.79 7.74 7.67 7.71 7.73 7.83 7.96 7.99 8.11 8.57 9.27 10.05 10.54 10.73 10.73 10.54 10.15 9.69 9.28 8.84
8.09 8.14 8.27 8.43 8.66 9.06 9.35 9.19 8.54 7.59 6.58 5.52 4.67 4.35 5.80 4.72 5.06 5.49 6.15 6.76 7.27 7.54 7.46 7.01 6.43 6.07 6.10 6.42 6.78 7.07 7.29 7.34 7.40 7.76 8.40 8.83 8.54 8.06 7.69 7.69 7.79 7.91 7.93 7.92 7.83 7.62 7.29 6.77 6.17 5.75 5.69 6.00 6.63 7.33 7.85 8.09 8.20 8.29 8.33 8.31 8.18 7.83 7.55 7.44 7.43 7.35 7.24 7.39 7.52 7.53 7.48 7.43 7.26 7.15 7.41 7.95 8.70 9.35 9.93 10.39 10.60 10.58 10.46 10.17
8.10 8.15 8.32 8.60 8.96 9.25 9.12 8.46 7.44 6.28 5.28 4.51 4.10 3.95 3.84 3.72 3.80 4.20 4.82 5.55 6.19 6.64 6.65 6.40 6.22 6.18 6.20 6.18 6.00 5.84 5.93 6.14 6.43 6.86 7.58 8.30 8.43 8.09 7.86 8.01 8.11 8.20 8.34 8.65 8.76 8.72 8.59 8.44 8.38 8.29 8.12 8.43 8.95 9.24 9.17 8.70 8.33 8.14 7.93 7.64 7.37 7.15 7.02 7.04 7.06 6.91 6.80 6.98 7.09 7.03 6.94 6.81 6.47 6.11 6.02 6.22 6.63 7.13 7.72 8.39 9.01 9.40 9.54 9.70
8.12 8.20 8.41 8.74 9.03 8.95 8.32 7.29 6.17 5.22 4.61 4.39 4.39 4.44 4.39 4.20 4.10 4.20 4.49 4.91 5.36 5.70 5.96 6.30 6.65 6.87 6.89 6.69 6.41 6.25 6.23 6.35 6.59 6.81 7.06 7.60 8.00 7.97 7.96 8.18 8.33 8.54 8.89 9.40 9.57 9.56 9.51 9.51 9.68 9.95 10.09 10.03 9.74 9.21 8.64 8.30 8.10 7.85 7.45 6.97 6.58 6.43 6.46 6.62 6.78 6.82 6.84 6.91 6.85 6.73 6.63 6.51 6.22 5.78 5.43 5.24 5.37 5.56 5.75 6.11 6.64 7.20 7.43 7.55
8.15 8.23 8.42 8.65 8.59 8.04 7.06 5.98 5.11 4.64 4.53 4.64 4.86 5.15 5.41 5.58 5.57 5.51 5.62 5.93 6.27 6.52 6.76 7.02 7.18 7.39 7.77 8.11 8.31 8.35 8.28 8.22 8.17 7.96 7.39 7.30 7.68 8.02 8.37 8.67 8.89 9.19 9.57 9.88 9.79 9.63 9.58 9.67 9.90 10.22 10.37 10.22 9.66 8.79 8.19 8.15 8.11 7.80 7.26 6.69 6.28 6.15 6.35 6.72 7.09 7.30 7.35 7.25 6.96 6.77 6.61 6.52 6.29 5.76 5.04 4.35 4.10 4.03 4.00 4.22 4.67 5.23 5.43 5.42
8.16 8.18 8.18 8.01 7.45 6.49 5.43 4.67 4.32 4.33 4.58 4.96 5.36 5.80 6.37 7.01 7.49 7.78 8.06 8.36 8.57 8.59 8.42 8.06 7.71 7.75 8.30 8.83 9.13 9.16 9.05 8.87 8.60 8.19 7.54 7.37 7.72 8.32 8.91 9.27 9.49 9.66 9.76 9.70 9.38 9.15 9.19 9.44 9.78 10.02 9.92 9.81 9.76 9.65 9.29 8.83 8.39 7.97 7.57 7.25 7.05 6.99 7.15 7.43 7.64 7.65 7.52 7.36 7.14 7.09 7.05 6.87 6.47 5.67 4.57 3.55 3.09 2.85 2.79 2.99 3.25 3.52 3.86 4.13
8.15 8.14 7.94 7.36 6.41 5.39 4.62 4.22 4.24 4.57 5.06 5.67 6.30 6.94 7.65 8.48 9.17 9.77 10.19 10.27 10.02 9.54 8.90 8.35 8.04 8.08 8.31 8.21 7.91 7.71 7.49 7.33 7.24 7.14 7.17 7.52 8.05 8.66 9.22 9.49 9.53 9.42 9.16 8.81 8.62 8.52 8.65 8.94 9.32 9.61 9.56 9.48 9.55 9.68 9.59 9.07 8.50 8.07 7.80 7.67 7.69 7.83 7.94 8.05 8.01 7.76 7.40 7.30 7.43 7.76 7.80 7.44 6.88 5.98 4.68 3.70 3.23 2.92 2.76 2.83 2.95 2.98 3.16 3.65
8.16 8.10 7.78 7.20 6.53 5.99 5.62 5.41 5.42 5.70 6.13 6.72 7.47 8.26 9.05 9.73 10.28 10.62 10.59 10.19 9.47 8.68 8.12 8.01 8.23 8.50 8.43 7.84 7.14 6.79 6.67 6.71 6.91 7.00 7.23 7.77 8.35 8.82 9.13 9.22 9.07 8.75 8.31 7.94 7.82 7.85 7.90 8.06 8.27 8.32 8.35 8.44 8.52 8.53 8.45 8.34 8.11 7.83 7.60 7.46 7.54 7.88 8.17 8.34 8.26 8.00 7.72 7.67 7.88 8.18 8.13 7.72 7.39 6.99 5.99 5.05 4.38 3.86 3.69 3.71 3.71 3.65 3.77 4.35
8.08 7.93 7.55 7.39 7.19 7.07 7.00 7.04 7.21 7.38 7.54 7.94 8.62 9.46 10.18 10.54 10.55 10.19 9.48 8.55 7.71 7.22 7.21 7.59 8.16 8.78 8.95 8.79 8.57 8.49 8.49 8.47 8.30 8.01 7.87 8.11 8.42 8.67 8.77 8.68 8.33 7.90 7.54 7.37 7.31 7.34 7.40 7.37 7.08 6.59 6.32 6.45 6.75 6.91 7.02 7.28 7.49 7.52 7.48 7.46 7.60 7.95 8.17 8.18 7.98 7.80 7.76 7.83 7.86 7.88 7.77 7.52 7.75 8.07 7.80 6.90 6.01 5.23 5.29 5.45 5.38 5.26 5.49 6.32
7.89 7.67 7.43 7.58 7.58 7.77 8.03 8.37 8.76 9.04 9.20 9.42 9.90 10.45 10.65 10.44 9.85 8.95 7.99 7.20 6.77 6.69 6.97 7.46 8.09 8.90 9.36 9.74 9.97 10.05 9.99 9.76 9.37 8.86 8.44 8.34 8.40 8.43 8.35 8.03 7.53 7.14 7.07 7.19 7.32 7.50 7.61 7.44 6.81 6.03 5.51 5.34 5.27 5.51 6.07 6.75 7.31 7.57 7.63 7.68 7.87 8.10 8.03 7.79 7.48 7.32 7.33 7.35 7.28 7.28 7.22 7.30 8.02 8.90 9.33 9.09 8.36 7.66 7.86 8.00 7.88 7.78 8.03 8.45
7.81 7.67 7.57 7.74 8.09 8.62 9.19 9.66 9.97 10.19 10.35 10.51 10.64 10.55 10.13 9.40 8.52 7.64 6.96 6.65 6.86 7.28 7.73 8.11 8.58 9.03 9.14 9.19 9.32 9.38 9.33 9.26 9.19 9.01 8.59 8.33 8.24 8.05 7.70 7.31 7.08 7.24 7.48 7.69 7.87 8.10 8.15 8.05 7.75 7.38 6.95 6.47 5.90 6.01 6.58 7.18 7.64 7.92 8.07 8.15 8.18 8.21 8.04 7.82 7.61 7.41 7.23 7.15 7.16 7.29 7.35 7.57 8.28 9.12 9.88 10.34 10.49 10.39 10.43 10.45 10.29 10.04 9.82 9.42
7.88 7.81 7.75 7.93 8.42 9.03 9.55 9.90 10.08 10.19 10.31 10.38 10.24 9.74 8.93 8.05 7.24 6.62 6.26 6.33 7.00 7.73 8.25 8.58 8.85 8.87 8.42 7.90 7.65 7.60 7.70 8.02 8.42 8.66 8.48 8.18 7.89 7.50 7.12 7.06 7.48 8.09 8.34 8.38 8.40 8.48 8.43 8.38 8.41 8.62 8.70 8.51 8.11 7.76 7.69 7.69 7.83 8.12 8.46 8.62 8.62 8.61 8.47 8.32 8.15 7.95 7.79 7.82 8.00 8.02 7.94 7.99 8.26 8.63 9.25 10.14 10.89 11.28 11.37 11.25 10.84 10.36 9.76 8.91
7.86 7.82 7.72 7.83 8.15 8.52 8.70 8.82 8.92 9.07 9.24 9.27 9.01 8.46 7.71 6.92 6.27 6.01 6.10 6.49 7.13 7.66 8.08 8.32 8.36 8.05 7.38 6.77 6.31 6.09 6.26 6.67 7.21 7.66 7.94 7.95 7.72 7.48 7.50 7.94 8.50 8.74 8.71 8.63 8.58 8.52 8.36 8.15 8.19 8.43 8.73 8.97 9.01 8.68 8.03 7.64 7.73 8.10 8.50 8.77 8.96 9.11 9.05 8.90 8.70 8.51 8.44 8.48 8.54 8.33 8.14 8.09 8.05 8.15 8.55 9.21 9.84 10.26 10.43 10.43 10.16 9.64 8.91 8.03
7.82 7.83 7.83 7.85 7.85 7.73 7.60 7.48 7.54 7.79 8.02 7.98 7.60 7.00 6.31 5.80 5.81 6.31 7.11 7.76 8.03 8.16 8.24 8.25 8.00 7.32 6.39 5.70 5.23 5.01 5.08 5.30 5.59 6.11 6.72 7.23 7.62 7.97 8.36 8.68 8.77 8.66 8.49 8.42 8.41 8.32 8.10 7.76 7.52 7.37 7.43 7.78 8.19 8.21 7.79 7.52 7.66 8.05 8.43 8.82 9.20 9.47 9.43 9.27 9.03 8.79 8.58 8.36 8.11 7.75 7.70 7.79 7.85 7.96 8.19 8.35 8.46 8.50 8.69 9.13 9.46 9.43 9.12 8.77
8.05 8.21 8.41 8.30 7.94 7.49 7.13 6.91 6.95 7.15 7.16 6.80 6.14 5.41 4.86 4.97 5.88 7.20 8.22 8.76 8.99 8.99 8.87 8.70 8.42 7.91 6.95 5.92 5.25 5.00 4.90 4.91 5.07 5.42 5.96 6.72 7.51 8.07 8.22 8.12 7.97 7.91 7.92 7.98 8.06 8.01 7.80 7.38 6.83 6.37 6.17 6.25 6.55 7.01 7.21 7.33 7.53 7.90 8.31 8.74 9.17 9.46 9.40 9.23 9.02 8.79 8.51 8.15 7.77 7.42 7.35 7.46 7.61 7.68 7.72 7.85 7.75 7.54 7.41 7.75 8.37 8.98 9.45 9.79
8.39 8.62 8.78 8.57 8.16 7.68 7.29 7.08 6.95 6.65 6.04 5.23 4.47 3.97 3.86 4.27 5.38 6.78 7.81 8.54 8.97 9.14 9.09 9.05 9.04 8.91 8.51 7.78 7.19 7.00 6.93 6.76 6.77 6.85 7.06 7.43 7.79 7.89 7.68 7.42 7.26 7.25 7.48 7.70 7.87 7.85 7.65 7.28 6.76 6.29 5.93 5.49 5.20 5.39 5.93 6.63 7.27 7.77 8.17 8.58 8.95 9.07 8.99 8.82 8.76 8.75 8.68 8.46 8.14 7.71 7.42 7.38 7.42 7.45 7.61 7.78 7.68 7.43 6.98 6.71 6.85 7.34 8.00 8.66
8.35 8.37 8.31 8.15 7.90 7.57 7.26 6.94 6.42 5.59 4.53 3.79 3.53 3.70 4.05 4.53 5.17 5.87 6.61 7.42 7.95 8.29 8.63 9.02 9.25 9.33 9.53 9.73 9.78 9.76 9.65 9.51 9.33 9.00 8.72 8.48 8.19 7.90 7.64 7.43 7.27 7.26 7.55 7.79 7.91 7.87 7.74 7.63 7.41 6.99 6.40 5.53 4.74 4.73 5.41 6.42 7.33 7.89 8.25 8.58 8.71 8.60 8.46 8.48 8.61 8.77 8.90 8.85 8.60 8.09 7.72 7.59 7.54 7.48 7.46 7.46 7.53 7.51 7.17 6.58 6.01 5.69 5.76 6.13
8.00 7.74 7.56 7.56 7.47 7.25 6.94 6.30 5.56 4.84 4.38 4.23 4.47 5.13 6.23 7.16 7.14 6.85 6.72 6.79 7.05 7.51 8.29 8.96 9.14 9.21 9.60 10.15 10.58 10.80 10.75 10.58 10.31 9.84 9.32 8.82 8.36 8.02 7.75 7.50 7.47 7.68 7.95 8.00 7.90 7.77 7.75 7.88 7.87 7.46 6.68 5.84 5.54 5.92 6.64 7.25 7.69 8.02 8.32 8.46 8.29 8.08 8.15 8.43 8.64 8.77 8.89 9.01 8.97 8.71 8.30 8.05 7.79 7.39 6.96 6.83 7.11 7.41 7.37 6.92 6.25 5.74 5.54 5.61
7.80 7.54 7.31 7.33 7.36 7.30 6.99 6.45 5.92 5.70 5.95 6.52 7.22 8.29 9.48 10.27 10.48 9.89 8.93 8.37 8.25 8.54 9.08 9.23 9.05 8.91 8.95 9.12 9.40 9.75 9.92 9.91 9.83 9.61 9.32 8.94 8.54 8.19 7.80 7.54 7.72 8.14 8.33 8.06 7.72 7.52 7.55 7.79 8.01 7.90 7.47 7.18 7.33 7.77 7.96 7.84 7.73 7.89 8.10 8.08 7.88 7.85 8.07 8.30 8.41 8.42 8.48 8.67 8.94 9.09 8.82 8.42 7.94 7.36 6.88 6.71 6.93 7.28 7.43 7.36 7.27 7.31 7.33 7.10
7.86 7.69 7.50 7.51 7.65 7.83 7.91 7.85 7.76 7.92 8.55 9.46 10.48 11.34 11.83 11.98 12.06 11.86 11.45 11.01 10.69 10.49 10.21 9.63 9.09 8.76 8.49 8.26 8.06 8.01 8.13 8.31 8.44 8.57 8.69 8.76 8.67 8.38 8.02 7.86 8.00 8.06 7.89 7.58 7.37 7.39 7.56 7.91 8.42 8.88 9.06 9.05 9.02 8.91 8.44 7.89 7.77 7.94 8.01 7.93 7.86 7.91 7.91 7.87 7.82 7.73 7.70 7.92 8.32 8.68 8.73 8.48 8.06 7.62 7.26 7.07 7.10 7.29 7.49 7.64 7.84 8.08 8.20 8.13
8.02 7.98 7.91 7.92 8.08 8.34 8.67 9.04 9.51 10.12 10.86 11.61 12.10 12.19 11.93 11.50 11.19 11.30 11.44 11.37 11.17 10.83 10.29 9.58 9.01 8.67 8.45 8.28 8.00 7.57 7.20 7.12 7.18 7.38 7.70 8.07 8.31 8.31 8.13 7.89 7.57 7.14 6.78 6.83 7.27 7.67 8.01 8.39 8.92 9.61 10.09 10.21 10.06 9.74 9.23 8.75 8.61 8.53 8.36 8.17 8.00 7.81 7.62 7.49 7.41 7.26 7.14 7.25 7.55 7.94 8.24 8.27 8.05 7.77 7.53 7.38 7.27 7.28 7.43 7.57 7.64 7.69 7.75 7.85
8.18 8.24 8.23 8.25 8.38 8.58 8.91 9.45 10.29 11.11 11.63 11.74 11.44 10.86 10.17 9.57 9.25 9.33 9.47 9.62 9.71 9.65 9.44 9.09 8.79 8.54 8.36 8.32 8.29 8.14 7.89 7.70 7.71 7.77 7.78 7.79 7.88 8.00 7.93 7.56 7.06 6.71 6.76 7.24 7.88 8.31 8.58 8.82 9.12 9.59 10.05 10.31 10.41 10.42 10.38 10.12 9.79 9.35 8.84 8.40 8.02 7.66 7.48 7.40 7.25 7.06 6.96 7.02 7.23 7.54 7.84 7.95 7.86 7.72 7.60 7.48 7.35 7.33 7.44 7.51 7.53 7.57 7.60 7.64
