project/data/elevation/US_DEM2016/US_DEM2016_point_10-31-2019_0854_30m_vel.asc
ncols	125
nrows	167
xllcorner	-2042055.000000
yllcorner	1465035.000000
cellsize	30.000000
NODATA_value	-9999.000000
[rows 38 to 75 of 167, columns 0 to 83 of 125]
7.74 7.63 7.36 7.03 6.59 6.29 6.02 5.61 5.11 4.64 4.46 4.54 4.88 5.45 6.01 6.25 6.19 6.10 6.31 6.76 7.01 7.14 7.27 7.56 7.95 8.31 8.67 8.98 8.87 8.43 7.78 7.14 6.74 6.65 6.84 7.33 7.89 8.19 8.46 8.91 9.39 9.58 9.56 9.39 9.17 8.96 8.44 7.52 6.86 6.36 6.14 6.13 6.17 6.35 6.61 6.71 6.73 6.95 7.05 7.07 6.98 6.64 6.42 6.08 5.61 5.16 4.70 4.50 4.55 4.75 4.87 4.94 5.11 5.50 5.81 6.11 6.51 7.26 8.21 9.22 10.03 10.52 10.47 9.94
7.55 7.07 6.43 6.08 5.70 5.51 5.34 5.11 4.86 4.63 4.57 4.70 4.97 5.33 5.71 5.97 6.01 5.89 5.73 5.63 5.45 5.36 5.46 5.83 6.52 7.33 8.01 8.64 8.97 8.90 8.51 7.96 7.51 7.33 7.63 8.31 8.79 9.06 9.19 9.40 9.68 9.70 9.70 9.59 9.34 8.90 8.13 7.26 6.63 6.10 5.99 6.20 6.36 6.41 6.70 6.89 7.03 7.22 7.06 6.72 6.20 5.61 5.13 5.00 4.91 4.74 4.34 4.08 4.12 4.33 4.52 4.67 4.89 5.23 5.52 5.71 5.90 6.37 7.02 7.48 7.68 8.27 9.27 9.74
7.22 6.63 5.87 5.48 5.30 5.21 5.21 5.25 5.30 5.36 5.48 5.68 5.75 5.69 5.66 5.72 5.78 5.71 5.38 4.93 4.69 4.73 5.04 5.51 6.27 6.96 7.54 8.11 8.60 8.92 8.93 8.66 8.44 8.61 9.09 9.67 10.06 10.22 9.99 9.61 9.49 9.03 8.73 8.85 8.82 8.82 8.53 8.22 7.79 7.40 6.99 6.86 6.82 6.63 6.74 6.86 6.99 7.08 6.78 6.23 5.55 4.73 3.86 3.55 3.55 3.63 3.75 3.85 3.95 4.02 4.10 4.38 4.81 5.17 5.39 5.49 5.53 5.74 6.16 6.47 6.49 6.84 8.06 9.47
7.06 6.63 6.06 5.81 5.77 5.80 5.82 5.86 6.00 6.23 6.49 6.63 6.46 6.09 5.83 5.76 5.80 5.76 5.51 5.21 5.16 5.35 5.67 5.98 6.30 6.64 6.88 7.22 7.83 8.45 9.03 9.15 9.36 9.76 10.20 10.54 10.69 10.49 10.06 9.48 8.94 8.36 7.86 7.73 8.07 8.25 8.41 8.45 8.51 8.49 8.30 7.70 7.14 6.68 6.50 6.45 6.35 6.22 6.00 5.73 5.26 4.53 3.69 3.33 3.37 3.58 3.82 3.91 3.87 3.84 3.90 4.14 4.59 5.02 5.19 5.20 5.31 5.60 5.94 6.09 6.10 6.20 6.87 8.37
7.12 6.90 6.62 6.50 6.45 6.40 6.32 6.34 6.57 6.90 7.12 7.08 6.67 6.37 6.26 6.25 6.26 6.24 6.18 6.18 6.30 6.49 6.69 6.90 7.06 7.05 6.99 7.04 7.46 8.02 8.87 9.39 10.05 10.61 10.72 10.43 10.02 9.51 8.97 8.52 8.12 7.65 7.09 6.90 7.11 7.37 7.58 7.60 7.81 7.99 8.03 7.63 7.06 6.47 6.23 6.20 6.02 5.73 5.58 5.75 5.63 5.22 4.72 4.55 4.66 4.62 4.37 4.08 4.03 4.12 4.09 4.01 4.13 4.38 4.42 4.40 4.81 5.43 5.79 5.82 5.89 6.09 6.61 7.69
7.12 7.00 6.86 6.80 6.76 6.75 6.80 6.99 7.27 7.51 7.53 7.27 6.77 6.58 6.56 6.61 6.71 6.77 6.90 7.12 7.39 7.61 7.78 7.88 7.86 7.67 7.53 7.52 7.73 8.01 8.71 9.38 10.07 10.49 10.36 9.78 8.98 8.25 7.69 7.49 7.42 7.13 6.58 6.17 6.28 6.60 6.73 6.44 6.06 5.78 5.84 6.19 6.33 6.23 6.23 6.45 6.54 6.49 6.54 6.68 6.61 6.38 6.15 6.06 5.71 5.21 4.90 4.85 4.89 4.61 4.09 3.64 3.56 3.62 3.52 3.58 4.09 4.90 5.30 5.35 5.70 6.31 6.93 7.40
7.11 7.05 7.02 7.07 7.23 7.52 7.84 8.07 8.17 8.12 7.86 7.42 6.93 6.71 6.67 6.78 6.95 7.14 7.38 7.67 7.94 8.10 8.15 8.06 7.87 7.64 7.55 7.62 7.87 8.19 8.87 9.24 9.51 9.47 9.27 9.01 8.54 7.90 7.06 6.62 6.56 6.50 6.14 5.67 5.57 5.87 5.71 5.25 4.63 4.29 4.43 4.86 5.35 5.73 6.23 6.83 7.20 7.42 7.51 7.44 7.33 7.19 6.85 6.46 5.84 5.56 5.66 5.67 5.21 4.28 3.60 3.36 3.40 3.41 3.37 3.51 4.01 4.62 4.92 5.01 5.41 6.16 6.64 6.83
7.32 7.40 7.56 7.76 8.01 8.33 8.60 8.74 8.68 8.44 8.04 7.57 7.23 7.06 7.12 7.23 7.36 7.54 7.75 7.89 7.88 7.77 7.64 7.50 7.46 7.39 7.34 7.48 7.94 8.47 9.05 8.96 8.59 8.24 8.05 8.18 8.11 7.77 6.89 6.14 5.73 5.68 5.50 5.06 4.97 5.13 5.07 4.98 4.94 4.96 4.88 4.73 4.74 5.21 6.09 6.93 7.26 7.36 7.36 7.40 7.36 7.34 7.00 6.62 6.40 6.39 6.17 5.51 4.54 3.86 3.70 3.88 4.01 4.00 3.98 4.19 4.64 4.97 5.06 5.09 5.29 5.65 6.06 6.34
7.57 7.73 8.02 8.26 8.37 8.43 8.43 8.41 8.33 8.14 7.86 7.53 7.48 7.58 7.80 7.93 7.98 8.00 7.96 7.82 7.57 7.30 7.10 7.03 7.15 7.25 7.34 7.62 8.18 8.66 8.84 8.42 7.76 7.36 7.14 7.09 7.16 7.20 6.80 6.05 5.31 5.03 4.99 4.96 5.07 5.21 5.42 5.54 5.62 5.37 4.91 4.57 4.76 5.48 6.37 6.88 7.03 7.04 7.10 7.29 7.30 7.34 7.21 7.04 6.87 6.51 5.55 4.80 4.50 4.58 4.87 5.05 5.09 5.07 5.14 5.32 5.54 5.62 5.58 5.60 5.63 5.72 6.01 6.40
7.60 7.68 7.90 8.08 8.05 7.89 7.69 7.50 7.37 7.32 7.19 7.07 7.16 7.48 7.83 8.06 8.15 8.06 7.83 7.56 7.30 7.08 6.91 6.83 6.90 7.06 7.28 7.71 8.25 8.49 8.26 7.67 7.22 6.83 6.46 6.22 6.22 6.44 6.54 6.23 5.42 5.05 5.14 5.51 5.75 5.91 5.94 5.61 5.08 4.44 4.20 4.49 5.53 6.79 7.38 7.36 7.31 7.31 7.36 7.47 7.44 7.47 7.30 7.03 6.62 5.97 5.40 5.35 5.77 6.25 6.56 6.65 6.64 6.59 6.55 6.61 6.67 6.61 6.55 6.58 6.33 6.15 6.32 6.64
7.52 7.52 7.45 7.51 7.48 7.27 6.98 6.71 6.56 6.50 6.42 6.38 6.46 6.76 7.11 7.39 7.60 7.65 7.52 7.31 7.08 6.87 6.70 6.59 6.58 6.70 6.89 7.38 8.01 8.16 7.91 7.43 7.06 6.65 6.09 5.60 5.55 5.79 6.08 6.03 5.50 5.06 5.03 5.31 5.54 5.76 5.77 5.15 4.52 4.28 4.65 5.87 7.45 8.43 8.67 8.22 7.86 7.65 7.63 7.77 7.84 7.85 7.62 7.22 7.04 7.09 7.47 8.03 8.54 8.90 8.98 8.96 8.90 8.81 8.69 8.62 8.56 8.36 8.07 7.60 6.91 6.39 6.44 6.58
7.56 7.53 7.23 7.05 7.05 7.00 6.77 6.50 6.33 6.19 6.22 6.27 6.37 6.57 6.78 7.00 7.18 7.29 7.28 7.13 6.87 6.59 6.38 6.29 6.27 6.33 6.46 7.00 7.75 7.87 7.67 7.42 7.19 6.85 6.27 5.57 5.33 5.27 5.32 5.32 5.04 4.59 4.33 4.34 4.63 5.07 5.45 5.26 5.07 5.37 6.58 8.19 9.26 9.61 9.32 8.62 8.09 7.84 7.86 8.18 8.39 8.56 8.43 8.39 8.65 9.25 10.00 10.70 11.21 11.45 11.50 11.45 11.38 11.31 11.16 10.93 10.68 10.37 9.72 8.70 7.56 6.70 6.47 6.40
7.66 7.60 7.26 6.95 6.89 6.96 6.97 6.83 6.67 6.59 6.82 7.06 7.22 7.35 7.42 7.43 7.37 7.29 7.16 6.97 6.71 6.41 6.16 6.03 6.04 6.16 6.37 6.97 7.56 7.49 7.05 7.08 7.06 6.97 6.79 6.29 5.74 5.20 4.90 4.92 4.84 4.63 4.52 4.55 4.78 5.16 5.82 6.23 6.60 7.51 8.92 9.84 10.13 9.69 9.12 8.46 8.06 7.90 7.81 7.92 8.18 8.58 8.78 8.97 9.50 10.13 10.62 11.14 11.44 11.61 11.73 11.83 11.86 11.84 11.70 11.44 11.17 10.92 10.46 9.77 8.88 7.86 6.88 6.35
7.70 7.55 7.21 7.06 6.95 6.95 7.04 7.10 7.08 7.12 7.51 7.96 8.18 8.23 8.15 7.91 7.61 7.30 7.05 6.87 6.68 6.42 6.09 5.86 5.88 6.13 6.47 7.00 7.23 6.77 6.35 6.40 6.49 6.74 6.91 6.88 6.28 5.66 5.42 5.51 5.67 5.88 6.09 6.14 6.22 6.59 7.48 8.46 9.46 10.25 10.62 10.57 9.98 9.07 8.52 8.00 7.65 7.38 7.09 6.89 7.06 7.44 8.12 8.48 8.88 9.08 8.94 8.82 8.70 8.84 9.12 9.51 9.68 9.72 9.60 9.49 9.51 9.45 9.37 9.37 9.24 8.83 8.06 7.00
7.61 7.24 6.80 6.75 6.74 6.77 6.91 7.08 7.20 7.32 7.69 8.17 8.38 8.39 8.19 7.78 7.32 6.98 6.78 6.65 6.50 6.29 6.01 5.78 5.81 6.09 6.44 6.79 6.69 6.05 5.76 5.82 5.90 6.09 6.51 6.66 6.50 6.33 6.38 6.73 7.05 7.31 7.48 7.67 8.00 8.65 9.57 10.43 11.04 11.21 10.97 10.25 9.41 8.53 7.99 7.51 7.09 6.66 6.40 6.22 6.34 6.65 7.05 7.43 7.50 6.99 6.33 5.65 5.41 5.54 5.87 6.29 6.54 6.54 6.59 6.61 6.85 6.97 7.05 7.34 7.84 8.14 8.09 7.62
7.36 6.89 6.32 6.14 6.19 6.40 6.71 6.97 7.18 7.30 7.44 7.63 7.74 7.64 7.37 6.98 6.60 6.34 6.21 6.13 6.02 5.92 5.88 5.90 5.98 6.13 6.35 6.53 6.34 5.90 5.72 5.77 5.80 5.84 5.94 6.15 6.40 6.51 6.75 7.20 7.64 7.83 8.04 8.39 9.04 9.80 10.41 10.76 10.73 10.43 9.98 9.43 8.82 8.23 7.74 7.32 6.92 6.58 6.55 6.54 6.67 6.80 6.78 6.80 6.44 5.74 5.09 4.74 4.72 4.77 4.64 4.44 4.41 4.48 4.56 4.68 4.96 5.20 5.25 5.18 5.33 5.67 5.93 6.16
7.15 6.76 6.23 6.02 5.96 6.00 6.20 6.55 6.79 6.89 6.83 6.69 6.51 6.26 5.98 5.82 5.67 5.49 5.42 5.53 5.73 5.87 6.02 6.18 6.24 6.29 6.42 6.54 6.55 6.50 6.38 6.19 6.01 5.80 5.60 5.69 5.96 6.12 6.29 6.63 7.12 7.49 7.81 8.40 9.25 9.83 9.96 9.51 8.73 8.51 8.57 8.61 8.41 8.10 7.72 7.37 7.07 6.93 7.07 7.09 7.06 6.98 6.67 6.48 6.10 5.67 5.51 5.47 5.37 5.05 4.43 3.64 3.24 3.15 3.20 3.32 3.56 3.77 3.78 3.48 3.20 3.18 3.50 4.21
7.15 6.92 6.66 6.51 6.32 5.99 5.65 5.69 5.95 6.10 6.05 5.80 5.40 5.04 4.86 4.83 4.80 4.73 4.82 5.23 5.79 6.25 6.50 6.53 6.53 6.57 6.68 6.82 6.92 7.02 6.78 6.35 5.97 5.62 5.41 5.41 5.60 5.80 5.86 6.02 6.38 6.87 7.40 8.24 9.05 9.28 8.80 7.88 7.37 7.32 7.55 7.80 7.88 7.86 7.53 7.28 7.07 7.01 7.09 6.93 6.65 6.33 6.06 6.00 6.06 6.08 6.20 6.16 5.57 4.79 3.86 3.19 2.84 2.68 2.53 2.36 2.28 2.28 2.25 2.23 2.30 2.64 3.44 4.43
7.41 7.47 7.52 7.37 7.03 6.51 5.78 5.49 5.54 5.71 5.72 5.45 5.12 4.91 4.80 4.74 4.76 4.82 5.07 5.57 6.19 6.78 7.04 7.10 7.12 7.19 7.20 7.20 7.21 7.22 6.82 6.48 6.25 5.98 5.71 5.75 6.05 6.28 6.28 6.30 6.47 6.84 7.38 8.27 8.73 8.47 7.49 6.75 6.38 6.35 6.61 6.97 7.27 7.31 7.06 6.85 6.67 6.50 6.33 5.90 5.49 5.24 5.32 5.61 6.18 6.50 6.50 6.09 5.21 4.42 3.86 3.69 3.64 3.30 2.67 2.10 1.80 1.72 1.86 2.20 2.84 3.90 5.25 6.10
7.72 7.95 8.13 8.02 7.70 7.23 6.68 6.31 6.09 6.04 6.00 5.86 5.76 5.79 5.87 5.94 6.00 6.15 6.28 6.54 6.96 7.45 7.74 7.94 8.09 8.15 7.95 7.73 7.74 7.85 7.78 7.61 7.49 7.21 6.73 6.68 7.07 7.34 7.43 7.42 7.43 7.41 7.71 8.30 8.27 7.45 6.46 5.73 5.47 5.53 5.82 6.24 6.67 6.71 6.58 6.41 6.16 5.77 5.36 5.05 4.96 5.11 5.54 5.97 6.46 6.55 6.18 5.58 4.93 4.72 4.87 5.02 4.66 3.92 3.12 2.66 2.55 2.64 2.95 3.71 4.97 6.41 7.30 7.40
7.85 7.90 7.93 7.96 7.96 7.86 7.56 7.18 6.75 6.40 6.27 6.35 6.58 6.89 7.26 7.49 7.71 7.91 8.04 8.10 8.27 8.36 8.52 8.77 8.97 8.87 8.60 8.35 8.39 8.48 8.51 8.35 8.18 7.89 7.42 7.20 7.41 7.72 7.99 8.16 8.17 8.03 8.03 8.04 7.43 6.35 5.46 4.93 4.73 4.76 5.05 5.44 5.87 6.19 6.31 6.24 6.03 5.71 5.50 5.62 5.88 6.30 6.78 7.06 7.08 6.74 6.07 5.68 5.59 5.82 6.07 5.87 5.08 4.14 3.64 3.62 3.86 4.25 4.97 6.06 7.34 8.12 8.20 7.59
7.84 7.57 7.34 7.43 7.70 7.95 7.93 7.52 6.93 6.41 6.17 6.33 6.82 7.40 7.92 8.31 8.60 8.87 9.12 9.21 9.14 9.00 9.02 9.19 9.23 9.07 8.87 8.71 8.68 8.50 8.00 7.55 7.27 7.18 7.13 7.16 7.26 7.52 7.81 8.15 8.37 8.26 8.00 7.45 6.37 5.23 4.52 4.18 4.01 4.06 4.21 4.50 5.12 5.81 6.25 6.38 6.37 6.33 6.42 6.54 6.84 7.37 7.90 8.23 8.07 7.73 6.99 6.71 6.91 7.09 6.75 6.01 5.20 4.84 4.90 5.23 5.79 6.52 7.46 8.38 8.83 8.67 7.97 7.13
7.81 7.45 6.98 6.89 6.99 7.17 7.32 7.16 6.71 6.18 5.83 5.83 6.19 6.76 7.30 7.66 7.92 8.10 8.21 8.30 8.37 8.45 8.55 8.55 8.40 8.32 8.35 8.46 8.48 8.31 7.78 7.02 6.51 6.39 6.75 7.20 7.56 7.73 7.84 7.96 8.04 7.78 7.35 6.68 5.72 4.64 3.93 3.67 3.71 3.81 3.87 4.13 4.79 5.66 6.34 6.75 7.02 7.18 7.21 7.13 7.34 8.05 8.74 9.12 9.07 8.98 8.58 8.04 7.98 7.94 7.31 6.64 6.38 6.75 7.34 7.95 8.63 9.26 9.72 9.74 9.27 8.39 7.50 6.85
7.72 7.24 6.60 6.39 6.13 6.03 6.17 6.28 6.12 5.69 5.22 4.91 4.86 5.06 5.40 5.66 5.83 5.77 5.47 5.39 5.94 6.59 6.81 6.60 6.28 6.57 7.20 7.65 7.91 8.12 8.16 7.93 7.54 7.24 7.20 7.47 7.78 7.87 7.74 7.52 7.29 7.01 6.65 6.36 5.85 5.06 4.46 4.40 4.53 4.61 4.67 4.92 5.36 5.95 6.47 6.94 7.42 7.86 8.03 8.20 8.61 9.26 9.55 9.52 9.46 9.54 9.45 9.25 9.13 9.06 8.84 8.71 9.01 9.54 10.02 10.42 10.76 10.90 10.69 9.95 9.01 8.13 7.42 6.81
7.40 6.78 6.05 5.83 5.64 5.47 5.40 5.48 5.49 5.15 4.57 3.96 3.47 3.22 3.22 3.39 3.57 3.47 3.29 3.31 3.74 4.36 4.59 4.44 4.55 5.22 6.32 6.96 7.25 7.34 7.72 8.12 8.27 8.22 7.86 7.56 7.36 7.26 6.99 6.67 6.47 6.58 6.66 6.83 6.81 6.75 6.45 6.36 6.36 6.37 6.42 6.44 6.42 6.48 6.59 6.82 7.24 7.84 8.49 9.16 9.80 9.95 9.62 9.01 8.52 8.71 9.26 9.49 9.80 10.06 10.30 10.57 10.90 11.20 11.04 11.08 11.01 10.73 10.11 9.33 8.61 7.98 7.42 6.75
7.16 6.66 5.95 5.61 5.46 5.36 5.22 5.18 5.20 5.00 4.50 3.81 3.10 2.57 2.30 2.26 2.44 2.83 3.16 3.30 3.30 3.31 3.30 3.48 4.07 5.04 6.23 6.74 6.73 6.41 6.57 7.06 7.61 7.92 7.70 7.11 6.45 6.04 5.95 5.90 6.01 6.52 7.07 7.59 7.85 8.12 8.18 7.99 7.84 7.75 7.46 7.13 6.88 6.80 6.80 6.92 7.25 7.87 8.65 9.32 9.60 9.29 8.57 7.68 7.30 7.56 8.26 8.86 9.33 9.82 10.16 10.37 10.51 10.44 10.18 9.82 9.38 8.84 8.51 8.20 7.80 7.42 7.03 6.49
7.22 6.96 6.47 6.04 5.76 5.59 5.44 5.34 5.34 5.30 5.08 4.64 4.12 3.54 3.04 2.76 2.87 3.50 4.27 4.57 4.32 3.86 3.64 3.82 4.51 5.61 6.55 6.78 6.45 5.90 5.70 5.82 6.31 6.72 6.85 6.60 6.08 5.64 5.60 5.92 6.38 7.08 7.53 7.88 8.08 8.35 8.46 8.47 8.37 8.08 7.41 6.94 6.82 6.92 7.03 7.19 7.52 8.14 8.68 8.84 8.47 7.73 7.06 6.64 6.66 7.01 7.41 7.79 8.15 8.54 8.76 8.73 8.50 8.32 8.20 7.92 7.38 6.79 6.51 6.55 6.44 6.25 5.99 5.71
7.30 7.16 6.91 6.63 6.32 6.03 5.85 5.87 5.94 6.07 6.15 6.07 5.83 5.34 4.73 4.20 4.01 4.32 4.95 5.58 5.64 5.35 5.07 5.14 5.64 6.46 7.06 7.15 6.81 6.10 5.63 5.32 5.31 5.62 6.18 6.64 6.78 6.82 6.91 7.12 7.49 7.84 7.83 7.73 7.67 7.78 7.97 8.15 8.16 7.98 7.45 7.06 6.96 7.07 7.18 7.28 7.57 8.10 8.42 8.10 7.42 6.77 6.35 6.21 6.24 6.41 6.59 6.78 7.05 7.29 7.40 7.30 6.92 6.55 6.36 6.38 6.02 5.36 4.74 4.65 4.79 4.60 4.36 4.19
7.30 7.19 7.02 6.80 6.56 6.35 6.34 6.53 6.82 7.18 7.48 7.55 7.26 6.75 6.10 5.46 5.03 4.97 5.26 6.00 6.54 6.82 6.87 6.81 6.96 7.49 7.89 7.91 7.66 7.02 6.49 5.99 5.65 5.80 6.37 7.10 7.72 8.18 8.34 8.29 8.18 8.05 7.72 7.41 7.25 7.19 7.30 7.39 7.49 7.56 7.49 7.29 7.18 7.21 7.33 7.49 7.80 8.17 8.07 7.40 6.67 6.25 5.97 5.78 5.76 5.99 6.24 6.34 6.34 6.42 6.41 6.36 6.20 5.70 5.12 4.93 4.83 4.33 3.58 3.14 3.09 2.99 2.80 2.72
7.35 7.22 7.04 6.76 6.50 6.38 6.50 6.79 7.28 7.81 8.26 8.39 8.28 7.95 7.41 6.71 6.05 5.70 5.77 6.32 6.97 7.63 7.79 7.83 8.07 8.60 8.76 8.53 8.19 7.85 7.58 7.25 6.96 6.92 7.11 7.49 7.88 8.16 8.23 8.07 7.85 7.68 7.39 7.06 6.82 6.56 6.49 6.42 6.43 6.65 6.94 7.07 7.13 7.21 7.46 7.76 8.01 7.93 7.28 6.43 5.94 5.75 5.61 5.65 5.84 6.16 6.21 5.94 5.62 5.53 5.50 5.46 5.51 5.25 4.59 4.02 3.78 3.51 2.83 2.23 2.02 2.07 2.18 2.28
7.37 7.19 6.91 6.61 6.32 6.19 6.19 6.30 6.61 7.07 7.61 8.08 8.45 8.64 8.56 8.14 7.43 6.74 6.51 6.69 7.03 7.66 8.05 8.37 8.82 9.19 9.07 8.48 7.98 7.89 8.00 8.08 8.02 7.74 7.50 7.42 7.37 7.28 7.24 7.34 7.41 7.38 7.18 6.80 6.42 6.11 5.93 5.73 5.61 5.65 5.90 6.24 6.59 6.91 7.29 7.52 7.46 6.93 5.98 5.43 5.29 5.27 5.43 5.80 6.03 6.01 5.65 5.02 4.47 4.24 4.25 4.10 4.03 4.18 4.00 3.48 3.02 2.78 2.44 2.13 1.99 2.11 2.43 2.85
7.29 7.02 6.59 6.40 6.23 6.09 5.93 5.68 5.43 5.38 5.67 6.48 7.47 8.34 8.93 9.05 8.70 8.03 7.43 7.20 7.24 7.66 8.09 8.64 9.06 9.11 8.66 7.98 7.32 7.17 7.39 7.71 7.87 7.67 7.40 7.20 7.00 6.95 7.14 7.40 7.45 7.34 7.11 6.85 6.58 6.31 6.05 5.59 5.09 4.81 4.90 5.35 6.01 6.50 6.82 6.77 6.24 5.42 4.80 4.62 4.54 4.51 4.83 5.23 5.26 5.05 4.70 4.18 3.58 3.09 2.89 2.82 2.81 2.90 3.00 2.90 2.73 2.69 2.75 2.81 2.89 3.10 3.51 4.14
7.18 6.84 6.37 6.30 6.27 6.21 6.03 5.69 5.15 4.57 4.30 4.67 5.69 6.99 8.17 8.90 9.13 8.92 8.42 8.01 7.91 8.03 8.32 8.80 9.05 8.83 8.25 7.47 6.72 6.25 6.12 6.27 6.66 6.97 7.12 7.13 7.09 7.17 7.42 7.60 7.52 7.30 7.13 7.05 6.91 6.48 5.90 5.12 4.66 4.65 5.01 5.65 6.27 6.51 6.40 5.95 5.14 4.42 4.09 3.96 3.80 3.69 3.76 3.95 4.15 4.36 4.61 4.52 4.08 3.61 3.38 3.24 3.04 2.81 2.77 2.91 3.08 3.33 3.65 3.95 4.21 4.60 5.08 5.78
7.14 6.82 6.41 6.34 6.39 6.39 6.29 6.17 5.88 5.32 4.67 4.41 4.79 5.69 6.88 7.95 8.68 9.10 9.10 8.94 8.89 8.96 9.15 9.35 9.25 8.82 8.19 7.42 6.61 6.07 5.75 5.74 5.92 6.25 6.62 6.93 7.07 7.14 7.28 7.46 7.31 7.03 6.83 6.79 6.65 6.03 5.45 5.17 5.44 6.04 6.61 6.97 7.07 6.81 6.36 5.84 5.41 5.07 4.79 4.52 4.29 4.12 4.08 4.23 4.80 5.51 6.07 6.16 5.88 5.54 5.22 4.80 4.14 3.65 3.48 3.59 3.89 4.29 4.70 5.21 5.88 6.63 7.28 8.19
7.13 6.79 6.43 6.39 6.50 6.55 6.57 6.73 6.94 6.94 6.54 5.97 5.73 5.94 6.50 7.40 8.27 9.11 9.54 9.74 9.95 10.01 9.97 9.75 9.38 8.86 8.41 7.96 7.36 7.06 6.93 6.79 6.50 6.37 6.53 6.78 6.94 7.05 7.10 6.95 6.69 6.46 6.36 6.37 6.38 6.31 6.52 7.06 7.64 8.01 8.11 7.91 7.50 7.01 6.74 6.70 6.72 6.73 6.62 6.44 6.31 6.34 6.51 6.90 7.38 7.65 7.57 7.35 6.99 6.53 5.96 5.26 4.51 4.17 4.20 4.47 4.84 5.33 6.04 7.20 8.55 9.63 10.40 11.12
7.07 6.74 6.41 6.42 6.62 6.75 6.87 7.17 7.69 8.21 8.38 8.24 7.93 7.55 7.42 7.76 8.44 9.38 10.10 10.48 10.80 10.75 10.26 9.71 9.14 8.78 8.67 8.58 8.33 8.08 7.92 7.82 7.54 7.32 7.18 7.10 7.08 7.04 6.82 6.49 6.34 6.47 6.56 6.67 6.86 7.20 7.71 8.20 8.42 8.32 8.11 7.82 7.50 7.17 7.06 7.18 7.29 7.48 7.70 7.89 8.06 8.31 8.54 8.66 8.48 8.00 7.35 7.05 6.72 6.12 5.40 4.81 4.48 4.48 4.78 5.30 5.90 6.74 8.06 9.76 11.23 12.21 12.56 12.53
7.05 6.79 6.51 6.58 6.78 6.90 6.98 7.31 8.09 8.97 9.59 9.86 9.78 9.42 8.99 8.87 9.24 9.96 10.54 10.84 10.99 10.76 10.05 9.21 8.60 8.41 8.56 8.75 8.68 8.41 8.12 7.93 7.69 7.51 7.28 7.11 7.04 6.88 6.68 6.63 6.80 6.92 6.96 7.05 7.18 7.23 7.28 7.26 7.00 6.73 6.60 6.71 6.93 7.02 6.92 6.89 7.00 7.24 7.57 7.92 8.29 8.62 8.62 8.23 7.38 6.39 5.80 5.89 5.95 5.56 5.05 4.80 4.81 5.01 5.52 6.24 7.12 8.31 9.87 11.18 11.97 12.26 12.07 11.57
7.11 6.92 6.77 6.88 7.04 7.14 7.31 7.83 8.77 9.43 9.74 9.83 9.87 9.89 9.85 9.96 10.29 10.63 10.64 10.47 10.32 10.00 9.39 8.68 8.14 7.89 7.91 8.22 8.41 8.31 8.02 7.67 7.11 6.69 6.51 6.57 6.69 6.69 6.61 6.55 6.50 6.55 6.68 6.83 6.86 6.59 6.24 5.80 5.62 5.52 5.52 5.76 6.14 6.41 6.50 6.61 6.78 6.89 7.03 7.27 7.61 7.79 7.44 6.49 5.44 4.80 4.69 5.08 5.59 5.70 5.48 5.39 5.56 6.01 6.79 7.71 8.77 9.99 10.92 11.24 10.59 9.39 8.52 8.19
