project/data/elevation/US_DEM2016/US_DEM2016_point_10-30-2019_0124_30m_ang.asc
ncols	125
nrows	167
xllcorner	-2042055.000000
yllcorner	1465035.000000
cellsize	30.000000
NODATA_value	-9999.000000
[rows 84 to 125 of 167, columns 0 to 93 of 125]
280 283 289 286 283 283 284 285 285 285 283 280 277 275 272 270 266 263 261 263 264 263 264 267 267 266 265 266 268 272 276 280 285 291 295 296 287 282 282 280 275 271 269 269 269 268 269 271 274 279 283 288 292 299 318 327 305 290 284 282 282 282 282 281 281 283 285 283 280 276 272 269 268 273 282 283 277 272 269 267 267 274 282 275 267 262 258 260 272 284 283 280 278 273
278 280 286 286 285 285 285 285 284 283 281 278 275 273 270 267 263 259 258 261 264 265 269 271 271 270 270 269 270 271 273 275 279 286 298 311 301 286 282 277 272 271 272 272 271 270 271 272 274 276 280 283 288 296 314 328 309 294 287 283 281 280 279 278 279 283 289 285 280 276 271 267 266 269 278 281 279 276 273 270 267 270 277 279 271 263 258 256 259 268 274 275 272 268
278 282 288 288 285 284 284 283 282 281 279 276 274 271 268 264 259 256 261 265 269 271 274 275 275 274 273 271 271 270 270 269 272 278 291 312 308 286 276 271 271 273 274 273 273 273 273 273 273 273 275 278 282 291 309 326 2 294 294 283 280 278 278 277 277 281 290 288 281 277 272 268 266 266 270 275 277 277 276 279 273 271 274 279 276 268 260 255 253 257 265 269 269 269
278 281 287 288 285 282 281 282 282 280 278 275 272 268 264 258 256 260 266 271 274 277 277 277 277 276 273 271 270 271 271 269 268 272 283 303 315 285 272 270 272 274 273 273 274 275 275 273 273 272 272 272 274 280 296 320 313 296 288 284 281 280 279 277 276 279 289 291 283 279 275 271 268 265 265 267 271 274 276 277 277 275 276 280 281 276 267 260 257 260 265 267 269 272
278 281 285 286 284 281 281 283 283 281 277 273 269 264 259 275 259 265 269 272 275 278 280 279 278 276 273 270 269 272 275 274 270 269 274 290 303 288 275 272 273 273 274 275 276 276 274 273 273 273 272 272 271 273 283 306 313 298 290 287 284 282 279 277 276 278 287 293 286 281 278 274 270 266 264 264 266 269 272 274 276 277 278 281 283 281 275 271 270 269 268 268 271 274
279 281 285 286 285 284 284 283 282 279 276 271 265 258 255 260 265 267 268 270 273 277 279 279 276 274 272 270 270 272 275 278 274 269 269 277 295 291 279 274 274 275 275 275 275 274 273 272 273 274 274 274 275 278 287 305 315 302 292 288 285 282 278 276 275 277 285 296 289 283 279 276 273 269 266 265 265 266 267 268 270 274 276 278 279 280 281 283 284 280 274 272 274 277
279 282 285 287 286 285 284 282 279 275 271 265 258 254 287 264 267 268 268 269 271 274 275 275 273 272 272 272 273 273 274 277 277 271 267 270 284 285 278 276 276 276 276 275 274 273 272 271 271 274 276 279 283 289 296 311 321 305 292 287 283 279 276 275 275 276 283 296 292 284 279 275 273 273 273 271 268 267 266 265 265 268 271 271 271 273 278 284 289 287 281 278 279 281
280 282 285 287 287 286 283 279 275 269 263 257 254 257 263 268 270 271 271 272 272 272 271 270 271 272 273 274 274 275 275 277 280 277 270 267 272 277 277 277 277 277 276 276 274 272 271 271 272 274 278 284 289 293 297 310 319 304 291 285 281 277 276 275 274 275 283 296 294 285 278 274 272 274 280 279 273 270 269 267 266 266 267 266 264 265 269 273 278 282 282 281 281 282
280 282 286 288 287 284 279 274 268 262 256 254 258 263 267 271 275 277 277 277 276 274 272 271 272 272 273 274 275 277 279 281 285 286 279 270 266 273 278 279 279 279 279 278 276 273 271 271 272 274 277 281 286 288 290 299 312 301 288 282 279 277 275 274 274 275 282 296 296 286 278 273 271 273 281 284 277 272 271 271 269 267 267 266 264 264 264 263 264 271 279 281 281 280
279 281 284 286 284 280 274 268 262 256 254 257 262 266 269 272 276 279 281 281 281 279 277 275 274 273 274 275 276 278 280 283 287 290 288 278 271 277 281 282 281 282 282 280 277 273 271 270 271 273 275 276 279 282 287 297 310 302 287 281 278 278 276 275 275 276 282 293 298 288 279 273 270 270 276 283 279 273 271 273 272 268 266 266 266 265 263 261 262 269 277 280 281 279
279 280 281 280 278 274 268 262 258 256 258 262 266 269 271 273 276 280 282 283 283 281 278 275 274 274 276 277 276 276 277 279 281 284 289 288 280 282 284 283 283 283 282 280 277 274 271 270 271 273 274 274 275 278 286 297 310 303 288 281 279 279 279 277 276 277 280 290 298 290 280 273 269 267 269 277 278 274 272 274 274 269 265 264 266 267 267 267 268 271 276 280 281 280
279 281 282 278 274 270 266 262 262 264 267 268 270 273 275 277 279 281 282 282 281 278 274 272 272 275 278 278 276 273 272 274 276 280 289 299 289 286 285 284 283 282 280 278 276 274 272 271 271 271 272 272 273 274 277 287 302 299 287 281 279 280 280 278 276 276 279 288 300 293 282 273 267 262 263 270 276 276 275 277 278 273 268 268 272 276 276 275 274 274 276 280 282 282
278 280 281 277 273 271 270 269 269 272 275 275 276 277 279 281 282 282 281 279 275 271 269 270 272 274 276 277 276 273 273 275 278 284 297 311 296 287 285 283 281 279 277 276 276 274 273 272 271 271 270 269 270 270 269 272 283 289 285 280 279 280 280 278 276 274 276 285 299 296 283 273 264 259 260 267 273 275 275 278 280 278 275 276 282 287 286 281 278 277 279 281 283 283
277 277 277 277 273 273 273 273 274 276 279 281 281 282 282 282 282 280 276 272 267 265 268 272 274 275 275 276 276 276 276 278 281 288 302 318 302 288 284 281 278 276 274 275 275 274 274 273 272 271 271 270 270 268 266 266 273 282 284 281 280 281 280 278 275 272 273 281 295 296 284 273 263 259 260 264 268 271 274 278 281 281 280 283 289 293 290 284 282 282 283 283 283 284
276 276 277 279 273 273 274 276 277 278 281 284 285 284 283 281 278 274 269 264 262 266 272 276 278 278 276 276 276 276 275 275 277 284 299 318 305 288 282 279 275 273 274 275 275 275 274 273 271 270 271 273 274 273 273 275 279 282 284 283 282 281 279 277 274 272 273 278 289 295 287 276 266 262 261 262 265 269 274 278 280 281 283 286 289 292 289 285 283 284 285 284 283 284
276 278 281 280 276 275 276 278 278 278 279 283 285 283 281 277 272 267 262 260 263 270 276 279 280 280 278 276 275 274 272 270 270 276 291 313 304 288 280 276 274 275 277 277 276 276 275 273 270 268 270 274 277 281 285 289 291 286 284 284 282 280 278 276 274 273 273 276 286 296 294 283 274 268 264 262 263 268 274 277 279 280 282 284 284 286 286 285 283 283 284 282 282 282
277 279 283 284 282 279 278 278 277 277 277 279 281 280 276 272 266 262 260 263 269 274 277 279 280 279 278 276 275 273 270 268 267 270 282 306 303 287 279 277 278 279 279 278 277 276 275 272 269 268 268 271 276 283 290 297 295 288 285 283 282 280 278 276 275 273 273 276 284 295 300 290 280 273 268 265 266 269 271 272 274 276 277 276 276 280 285 285 283 281 282 281 281 282
277 279 284 286 285 282 279 277 276 276 276 276 276 275 271 266 261 259 263 270 275 277 277 278 278 278 276 275 274 273 271 269 268 267 274 295 304 290 283 283 283 281 279 278 277 276 274 272 269 268 267 266 269 275 285 297 297 290 287 284 282 280 278 276 274 273 273 276 282 292 302 295 284 277 272 269 269 269 268 267 268 271 271 271 272 279 286 287 284 280 279 280 280 281
277 279 285 288 291 283 280 278 277 277 277 275 273 270 266 260 259 263 270 275 278 279 278 278 276 275 274 274 274 274 274 273 270 269 272 288 303 295 288 285 283 280 278 277 276 275 273 271 270 269 267 265 265 267 276 294 300 293 289 286 283 280 278 275 273 272 272 274 278 287 300 298 287 280 275 272 271 270 268 266 266 267 268 269 273 280 287 289 286 281 279 279 280 281
277 280 285 289 288 287 281 279 278 278 276 273 268 264 261 261 265 271 274 276 278 278 278 277 275 273 272 272 273 275 277 277 276 276 280 293 305 298 288 283 280 278 277 277 276 274 271 269 269 269 269 269 266 265 269 287 300 296 293 289 285 281 278 275 272 271 270 271 275 284 297 300 290 282 276 272 270 269 270 269 268 266 267 268 271 276 281 285 285 281 279 279 280 281
277 278 281 283 285 284 282 280 280 278 273 268 263 259 262 269 276 277 276 276 276 276 276 275 274 271 268 269 272 275 278 280 281 283 288 299 311 302 287 281 278 277 277 278 276 273 270 267 266 268 270 271 269 267 270 284 301 300 296 293 287 282 277 274 272 270 269 269 273 280 293 301 294 285 278 273 269 267 270 273 272 270 268 268 268 268 271 275 279 281 281 281 281 282
275 275 275 276 278 279 279 278 276 273 268 264 261 262 268 277 284 284 280 278 277 275 275 276 275 271 268 268 271 275 277 280 282 284 288 298 312 307 290 282 279 278 279 279 277 273 269 266 264 266 267 267 269 272 278 290 305 305 299 295 289 283 277 275 273 271 269 268 270 276 287 298 297 289 281 273 268 266 268 272 274 273 272 272 269 267 267 269 275 280 283 283 283 283
273 273 272 273 274 275 278 275 273 269 267 267 268 270 275 281 286 289 286 282 280 279 278 278 276 272 270 270 271 272 273 275 277 279 283 291 308 312 294 283 280 280 280 279 277 273 269 265 263 262 261 262 268 276 285 295 308 309 301 295 290 283 278 276 275 273 270 267 267 271 281 293 297 290 282 274 268 266 266 268 271 274 276 277 276 274 271 271 275 280 282 283 283 282
275 274 274 273 274 276 276 276 274 273 272 274 276 279 282 283 285 287 287 285 284 284 282 279 277 274 272 272 271 270 270 270 271 273 276 284 300 312 298 286 282 281 280 278 276 273 270 265 262 259 258 263 271 279 286 294 305 311 304 295 290 286 281 278 276 274 271 268 267 268 274 286 292 288 281 275 270 267 265 266 269 273 276 279 281 281 278 276 277 279 280 281 281 280
277 277 277 276 276 277 277 277 277 279 280 282 283 284 284 284 283 282 282 283 284 284 283 279 276 274 272 272 272 272 270 268 268 269 272 277 289 305 298 288 284 281 278 275 274 274 271 267 262 260 260 266 272 277 282 288 298 310 309 299 291 288 283 278 275 273 272 270 268 267 270 277 286 286 281 276 272 268 265 266 269 273 274 275 279 282 282 280 279 280 279 279 278 277
277 278 280 279 278 277 277 278 280 283 285 286 286 285 283 282 280 279 279 280 280 281 280 277 274 273 272 272 272 272 271 270 270 271 273 276 282 293 293 287 283 278 275 274 275 275 274 271 266 263 264 267 270 273 277 284 293 307 313 305 294 288 283 278 275 273 271 271 270 268 268 272 280 283 281 277 272 268 266 267 270 273 274 273 274 278 282 282 281 281 280 278 277 276
276 277 280 281 280 279 279 280 283 285 286 286 284 281 278 276 276 276 276 276 277 277 276 274 272 272 272 271 270 270 271 272 273 275 277 279 283 289 287 283 280 277 276 277 277 278 278 275 271 267 267 268 269 271 274 280 288 300 312 309 297 288 283 279 275 272 271 272 271 270 269 270 274 280 279 276 272 268 266 267 270 273 275 274 273 276 281 283 282 282 281 278 276 275
275 275 278 281 281 281 281 284 286 286 284 282 279 276 273 272 272 274 275 275 276 276 275 273 270 271 272 271 269 268 270 272 273 274 276 279 286 290 284 280 279 279 279 280 279 279 279 278 274 271 270 269 269 269 271 274 281 291 304 308 299 289 284 279 274 271 272 273 273 272 270 269 272 276 277 275 272 269 267 267 270 274 275 275 274 275 279 282 282 282 281 278 277 275
275 275 278 281 282 282 283 285 285 283 280 278 275 273 270 269 270 273 276 276 276 277 278 275 271 271 271 270 270 270 270 271 271 271 271 274 282 291 284 281 281 280 280 281 280 279 277 278 275 273 272 271 270 269 269 270 273 280 292 301 299 290 283 278 275 273 273 274 274 273 271 269 270 273 274 273 272 269 267 268 270 273 274 275 274 272 274 278 280 282 281 279 278 277
276 277 280 283 284 284 284 283 282 279 277 275 273 270 268 268 271 276 279 279 278 279 280 279 276 273 271 269 269 270 271 271 272 272 271 271 276 285 285 282 281 281 280 281 280 278 276 276 275 273 272 272 271 270 270 270 269 272 280 291 295 290 283 279 277 275 274 274 274 273 271 270 270 272 273 272 271 270 268 269 270 272 273 274 273 271 271 275 279 280 281 280 279 278
277 279 283 285 286 284 282 280 277 275 273 271 271 269 269 272 276 280 282 282 280 279 280 282 280 275 270 267 267 268 269 270 273 276 276 275 278 286 286 284 282 282 280 280 279 277 275 275 275 274 272 272 271 270 271 271 271 272 277 285 290 288 284 280 278 277 275 274 272 271 271 271 271 273 273 271 270 270 269 269 270 270 272 273 274 274 275 277 278 279 280 280 280 279
277 279 283 286 287 284 280 276 274 272 271 272 272 274 276 280 283 284 284 283 279 275 276 282 282 277 271 267 266 267 267 267 269 273 277 281 289 295 290 286 284 282 280 278 276 276 276 277 277 276 274 272 270 269 269 271 273 276 280 285 288 287 284 280 278 277 274 272 271 270 270 270 271 273 273 271 270 270 269 269 268 269 271 273 277 281 283 281 279 279 280 279 279 278
276 277 281 284 286 283 278 274 273 274 274 275 278 282 285 286 286 286 284 280 275 270 271 280 284 280 273 269 267 268 269 267 266 267 273 281 293 301 293 286 283 282 279 276 273 273 276 280 281 279 276 272 269 267 266 268 272 277 284 290 291 287 285 281 278 275 273 270 269 270 271 271 271 272 272 272 271 270 269 268 268 270 272 274 280 286 288 284 281 280 279 279 278 277
275 276 278 282 284 283 279 276 276 277 277 279 283 285 287 287 286 284 281 277 272 269 269 275 284 285 278 271 269 270 272 271 267 265 268 275 286 296 291 284 282 281 279 275 271 270 273 282 285 282 278 273 269 266 265 267 270 274 281 290 295 289 284 282 278 274 271 268 268 270 272 272 273 273 272 272 272 271 270 269 269 270 272 275 279 284 287 285 282 280 279 278 278 277
275 275 277 280 283 283 281 280 279 279 280 283 285 285 285 283 281 279 278 275 272 270 269 271 279 286 283 275 270 270 274 276 274 269 267 269 277 288 287 283 282 281 279 275 270 266 268 278 287 284 279 275 270 267 266 267 269 271 274 282 291 289 283 281 278 274 270 268 269 270 272 274 276 276 274 273 273 272 271 271 270 270 271 274 275 277 281 283 283 281 279 278 279 279
275 276 278 280 282 284 283 282 281 282 284 285 284 283 280 278 276 276 274 273 273 272 270 270 274 282 284 277 272 270 272 277 279 275 269 268 272 283 286 284 282 282 280 276 270 265 267 274 285 287 281 276 273 270 268 268 269 270 270 273 281 284 281 279 277 274 272 271 271 271 272 274 276 278 276 274 273 273 272 272 271 270 270 272 272 272 276 280 282 283 280 278 279 280
276 277 279 281 283 284 284 283 283 284 286 285 283 280 277 275 274 274 272 272 273 273 272 271 273 278 284 279 273 270 269 273 279 279 274 270 272 281 286 284 282 281 279 276 270 267 267 270 280 287 284 279 276 274 270 268 268 269 270 270 272 277 278 277 277 276 275 275 273 272 271 272 274 276 276 275 274 273 273 272 270 269 270 271 271 272 274 277 280 283 283 280 280 281
277 278 281 282 283 284 284 284 284 285 286 284 281 278 276 274 273 272 272 274 275 275 274 272 272 277 285 283 274 269 267 269 274 278 278 274 275 283 287 285 282 280 278 274 270 268 267 269 275 284 285 282 279 275 271 267 266 267 270 271 271 274 277 277 278 278 277 275 273 272 271 271 272 274 275 275 275 275 274 272 269 269 270 271 271 272 275 278 279 282 284 283 282 282
276 278 281 282 284 284 285 285 284 284 284 283 281 278 275 272 272 273 275 277 276 275 273 272 272 277 284 284 276 270 268 267 270 274 277 278 280 285 287 284 282 279 274 269 267 268 268 268 272 280 285 284 280 276 272 267 265 266 268 270 272 275 277 277 278 277 276 274 272 271 270 271 271 272 273 274 275 276 274 271 268 268 270 271 271 272 275 278 279 281 284 284 283 282
275 277 281 283 285 286 286 286 284 282 281 281 281 278 274 271 272 275 276 275 274 273 272 271 272 275 281 284 279 272 268 267 268 271 275 278 281 284 290 283 280 276 269 265 267 270 269 269 271 276 283 285 283 279 274 270 267 267 267 269 273 276 277 277 278 278 276 274 272 270 269 269 269 270 271 273 274 273 271 269 268 269 270 271 272 272 273 276 279 281 283 284 283 282
275 277 281 285 286 287 287 287 283 279 277 279 280 278 275 274 274 275 273 271 270 271 272 273 273 274 278 284 283 275 269 267 268 271 275 277 278 281 283 281 277 272 266 266 270 272 272 270 271 274 280 284 286 285 280 275 270 268 268 270 275 277 277 278 279 279 277 274 272 270 267 266 265 266 269 271 272 271 270 269 268 269 270 272 274 274 275 277 280 282 284 284 283 281
275 276 280 284 286 286 286 286 283 278 282 277 278 277 276 275 273 271 271 271 272 274 275 275 274 273 275 281 284 278 271 268 268 271 274 275 276 279 281 279 275 271 271 272 273 273 273 272 272 274 277 282 285 287 286 280 274 270 270 273 276 278 279 279 278 278 276 273 271 270 268 264 261 263 268 270 270 270 270 269 268 268 269 273 276 277 277 280 283 284 285 284 283 281
