project/data/elevation/US_DEM2016/US_DEM2016_point_10-28-2019_1048_30m_vel.asc
ncols	125
nrows	167
xllcorner	-2042055.000000
yllcorner	1465035.000000
cellsize	30.000000
NODATA_value	-9999.000000
[rows 72 to 107 of 167, columns 0 to 81 of 125]
9.50 9.21 8.97 8.99 9.09 9.11 9.16 9.38 9.62 9.51 8.84 7.96 7.53 7.80 8.63 9.98 11.23 12.38 12.81 12.87 13.00 12.98 13.01 12.66 12.33 11.82 11.38 10.83 10.00 9.53 9.27 9.02 8.62 8.46 8.67 9.01 9.22 9.34 9.38 9.23 8.97 8.78 8.79 8.87 8.87 8.75 8.97 9.64 10.36 10.81 10.92 10.63 10.07 9.40 9.06 9.09 9.18 9.23 9.09 8.83 8.61 8.60 8.74 9.19 9.83 10.30 10.45 10.38 10.16 9.33 8.58 7.71 6.76 6.29 6.26 6.54 6.97 7.58 8.47 9.90 11.60 13.02
9.46 9.18 8.98 9.07 9.28 9.40 9.54 9.93 10.59 11.17 11.29 10.99 10.45 9.84 9.67 10.23 11.24 12.55 13.49 13.90 14.18 14.00 13.37 12.74 12.11 11.81 11.82 11.77 11.41 11.00 10.70 10.50 10.09 9.77 9.55 9.44 9.41 9.32 9.06 8.69 8.57 8.83 9.05 9.27 9.49 9.90 10.54 11.15 11.40 11.23 10.96 10.60 10.18 9.72 9.58 9.77 9.95 10.23 10.53 10.78 10.95 11.20 11.40 11.51 11.28 10.79 10.24 10.11 9.76 8.93 8.02 7.26 6.76 6.63 6.93 7.58 8.36 9.38 10.94 13.03 14.92 16.23
9.48 9.28 9.13 9.27 9.49 9.58 9.63 10.03 10.99 12.09 12.86 13.16 13.02 12.49 11.83 11.60 12.08 13.11 13.96 13.98 14.57 13.79 12.83 12.22 11.49 11.33 11.63 11.98 11.93 11.52 11.05 10.73 10.36 10.09 9.77 9.52 9.40 9.18 8.93 8.90 9.16 9.40 9.54 9.73 9.87 9.87 9.88 9.82 9.44 9.06 8.91 9.12 9.47 9.60 9.46 9.42 9.56 9.86 10.30 10.78 11.23 11.60 11.54 11.03 10.02 8.89 8.31 8.70 8.92 8.38 7.60 7.21 7.11 7.25 7.83 8.75 9.88 11.27 13.07 14.70 15.75 16.18
9.57 9.44 9.39 9.56 9.77 9.87 9.97 10.54 11.71 12.62 13.08 13.24 13.31 13.28 13.08 13.05 13.37 13.83 13.92 13.83 13.68 13.28 12.53 11.67 10.99 10.63 10.68 11.20 11.58 11.46 11.00 10.44 9.61 9.02 8.78 8.86 9.00 9.00 8.91 8.85 8.82 8.93 9.17 9.42 9.46 9.05 8.46 7.80 7.54 7.41 7.41 7.77 8.36 8.77 8.90 9.02 9.21 9.33 9.52 9.84 10.29 10.55 10.15 9.02 7.76 6.97 6.86 7.59 8.50 8.64 8.16 7.87 8.00 8.47 9.38 10.53 11.83 13.24 14.30 14.67 13.85 12.28
9.70 9.67 9.75 9.92 10.20 10.59 11.16 11.80 12.07 11.83 11.40 11.22 11.58 12.35 12.91 13.40 13.72 13.58 13.09 12.59 12.29 11.97 11.65 11.29 10.89 10.45 10.08 10.32 10.92 11.24 11.09 10.61 9.71 8.98 8.82 8.95 9.02 8.84 8.48 8.13 7.99 8.24 8.77 9.03 9.08 8.87 8.58 8.15 7.86 7.86 7.90 7.90 7.89 8.08 8.46 8.83 9.11 9.12 9.18 9.36 9.48 9.19 8.36 7.52 7.02 6.85 7.12 7.73 8.70 9.40 9.57 9.71 10.37 11.34 12.36 13.54 14.71 15.37 15.11 13.95 11.80 8.90
9.76 9.75 9.90 10.08 10.44 11.09 11.52 11.47 10.77 9.69 9.04 9.29 10.18 11.36 12.30 12.95 12.80 12.92 12.24 11.58 11.19 11.04 10.99 10.98 10.83 10.48 9.97 9.91 10.32 10.96 11.37 11.36 10.87 10.46 10.20 9.94 9.51 8.89 8.39 8.19 8.32 8.58 8.74 8.68 8.67 8.53 8.38 8.10 7.78 7.63 7.57 7.51 7.43 7.73 8.30 8.85 9.24 9.41 9.52 9.53 9.17 8.38 7.71 7.66 7.97 8.36 8.65 9.12 10.03 11.23 11.90 12.56 13.65 14.81 15.67 16.30 16.53 16.08 14.85 13.82 12.21 9.89
9.64 9.42 9.46 9.69 9.91 10.24 10.22 9.72 9.09 8.73 8.80 9.41 10.41 11.52 12.32 12.77 12.72 12.23 11.58 10.99 10.60 10.41 10.40 10.48 10.42 10.12 9.66 9.51 9.72 10.32 11.11 11.64 11.67 11.39 11.01 10.50 9.82 9.08 8.69 8.54 8.43 8.19 7.94 7.83 7.78 7.48 6.92 6.41 6.20 6.15 6.25 6.53 7.07 7.80 8.50 9.08 9.56 9.75 9.68 9.29 8.69 8.04 7.91 8.48 9.38 9.97 10.53 11.43 12.70 13.50 14.06 14.67 15.82 16.16 16.03 16.44 15.65 14.56 13.74 13.50 13.28 12.34
9.41 8.94 8.82 9.06 9.08 9.08 9.11 9.18 9.44 9.82 10.27 10.91 11.78 12.54 12.92 12.85 12.41 11.77 11.17 10.65 10.22 9.93 9.81 9.87 9.85 9.52 8.99 8.70 8.59 8.96 9.59 10.53 11.06 11.05 10.72 10.26 9.67 9.03 8.53 8.05 7.55 7.10 6.91 7.16 7.25 6.89 6.16 5.72 5.82 6.24 6.80 7.53 8.34 8.92 9.19 9.28 9.26 8.96 8.35 7.67 7.35 7.48 8.02 9.07 10.26 11.35 12.60 13.73 14.24 14.48 14.52 14.65 14.53 15.14 14.80 14.22 12.89 12.18 11.79 12.25 13.02 13.30
9.17 8.74 8.69 9.10 9.22 9.23 9.44 9.92 10.58 11.07 11.61 12.29 13.04 13.30 13.10 12.46 11.63 10.92 10.39 9.97 9.63 9.43 9.30 9.29 9.31 9.05 8.38 7.55 6.87 6.94 7.29 8.14 9.19 9.85 9.96 9.77 9.42 9.13 8.71 8.21 7.82 7.63 7.71 8.10 8.22 7.92 7.33 7.07 7.32 7.96 8.72 9.32 9.67 9.77 9.47 9.15 8.70 8.13 7.53 7.15 7.22 7.73 8.57 9.81 11.12 12.52 13.66 14.00 13.77 13.43 13.15 12.98 12.75 12.16 11.80 11.71 11.47 11.02 10.56 10.45 11.16 12.38
9.03 8.84 9.02 9.64 9.97 10.07 10.24 10.66 11.25 11.81 12.43 12.98 13.25 13.02 12.33 11.40 10.51 9.69 9.17 8.83 8.65 8.68 8.81 8.86 8.97 8.83 8.12 6.63 5.50 5.15 5.13 5.55 6.63 8.03 8.88 9.34 9.45 9.67 9.68 9.64 9.69 9.81 10.03 10.14 10.10 9.83 9.36 9.16 9.35 9.50 9.54 9.50 9.44 9.32 9.26 9.20 9.16 9.33 9.42 9.37 9.42 9.68 10.21 11.12 12.07 12.88 12.96 12.26 11.76 11.72 11.65 11.44 11.11 10.50 10.37 10.55 10.79 10.84 10.47 9.81 9.68 10.44
9.27 9.24 9.36 9.65 9.96 10.25 10.60 11.07 11.63 12.20 12.69 12.87 12.59 11.87 10.99 10.27 9.63 8.93 8.32 7.98 7.90 7.90 7.94 8.23 8.58 8.73 8.33 7.06 5.35 4.57 4.31 4.60 5.31 6.34 7.69 8.76 9.33 9.83 10.17 10.57 10.98 11.31 11.43 11.30 11.19 11.05 10.74 10.44 10.27 9.85 9.36 9.19 9.35 9.54 9.53 9.58 9.83 10.36 10.76 11.00 11.17 11.36 11.69 12.05 12.42 12.33 11.58 10.86 10.72 10.96 11.01 10.76 10.26 9.89 9.81 10.01 10.36 10.68 10.53 10.15 9.49 9.31
9.66 9.71 9.63 9.47 9.63 10.10 10.67 11.28 11.84 12.23 12.38 12.18 11.59 10.80 10.09 9.56 9.12 8.63 8.08 7.66 7.40 7.21 7.10 7.34 7.95 8.54 8.71 8.24 7.07 6.23 5.98 6.12 6.15 6.43 7.16 8.19 8.85 9.38 9.95 10.59 11.07 11.22 11.14 10.92 10.92 11.06 10.98 10.69 10.42 10.11 10.05 10.20 10.29 10.21 9.89 9.82 9.91 10.14 10.60 11.11 11.58 11.89 12.11 12.08 11.88 11.37 10.82 10.77 10.95 10.99 10.78 10.27 9.51 8.84 8.47 8.71 9.22 9.66 9.93 9.96 9.52 8.85
9.72 9.81 9.82 9.74 9.90 10.31 10.84 11.42 11.80 11.88 11.70 11.27 10.64 10.00 9.47 9.03 8.63 8.26 7.84 7.35 6.91 6.62 6.55 6.84 7.62 8.53 9.23 9.64 9.83 9.74 9.42 8.87 8.29 7.90 7.87 8.24 8.89 9.65 10.30 10.65 10.54 10.26 10.14 10.28 10.48 10.81 10.98 11.03 11.24 11.45 11.35 11.12 10.75 10.36 9.97 9.91 9.98 10.25 10.79 11.26 11.67 11.87 11.84 11.52 11.01 10.60 10.48 10.79 10.92 10.78 10.42 9.58 8.63 7.44 6.55 6.48 7.00 7.64 8.25 8.76 8.90 8.50
9.61 9.72 9.92 10.16 10.47 10.81 11.13 11.39 11.48 11.33 10.99 10.47 9.89 9.38 8.94 8.50 8.03 7.59 7.13 6.69 6.47 6.56 6.88 7.46 8.31 9.13 9.91 10.65 11.41 11.83 11.75 11.11 10.21 9.46 9.11 9.10 9.80 10.68 10.77 10.36 9.76 9.53 9.82 10.22 10.45 10.82 11.31 11.76 12.25 12.56 12.31 11.62 10.98 10.53 10.10 10.03 10.25 10.64 10.98 11.10 11.16 11.13 11.01 10.78 10.34 10.06 9.95 10.12 10.09 10.02 9.98 9.32 8.80 7.43 6.07 5.49 5.24 5.29 5.71 6.40 7.21 7.54
9.66 9.81 10.11 10.50 10.88 11.06 11.00 10.89 10.86 10.75 10.46 10.00 9.45 8.93 8.45 7.93 7.34 6.77 6.37 6.22 6.41 6.97 7.70 8.42 9.17 9.82 10.35 10.83 11.34 11.78 11.97 11.91 11.39 10.58 10.06 9.97 10.35 10.58 10.10 9.45 9.11 9.19 9.40 9.63 9.84 10.33 10.93 11.54 12.01 12.34 12.39 12.09 11.64 11.10 10.46 10.21 10.24 10.24 10.17 10.14 10.00 9.92 10.01 10.12 9.97 9.69 9.38 9.23 9.19 9.30 9.56 9.95 9.99 9.45 8.10 6.69 5.53 4.76 4.37 4.51 5.08 5.76
9.77 9.94 10.19 10.42 10.51 10.38 10.21 10.18 10.32 10.42 10.20 9.72 9.13 8.50 7.80 7.18 6.82 6.68 6.77 6.88 7.05 7.41 7.98 8.68 9.39 9.92 10.22 10.37 10.42 10.43 10.82 11.45 11.79 11.55 11.03 10.51 10.01 9.38 8.92 8.81 8.72 8.59 8.40 8.43 8.85 9.35 9.84 10.06 10.25 10.54 10.79 11.06 11.19 11.11 10.77 10.35 9.99 9.62 9.43 9.38 9.38 9.52 9.78 9.93 9.86 9.55 9.23 9.01 8.91 9.08 9.48 10.13 10.79 11.27 11.20 10.07 8.69 7.39 6.48 5.85 5.39 5.22
9.75 9.87 9.95 9.90 9.69 9.56 9.74 10.19 10.50 10.43 9.98 9.35 8.68 7.93 7.23 7.01 7.31 7.95 8.25 8.30 8.18 8.10 8.32 8.77 9.20 9.45 9.54 9.64 9.73 9.65 9.83 10.49 11.34 11.74 11.62 10.91 9.74 8.82 8.47 8.59 8.47 8.23 8.13 8.28 8.53 8.61 8.57 8.20 7.81 7.61 7.84 8.21 8.71 9.28 9.57 9.69 9.65 9.53 9.51 9.63 9.80 9.94 9.94 9.82 9.67 9.46 9.25 9.12 9.03 9.22 9.62 10.02 10.70 11.67 12.47 12.67 12.18 11.40 10.58 9.64 8.51 7.65
9.70 9.75 9.77 9.71 9.63 9.82 10.29 10.69 10.70 10.23 9.40 8.52 7.77 7.15 6.92 7.18 7.87 8.53 8.93 9.11 9.08 8.97 8.94 8.92 8.75 8.50 8.43 8.74 9.26 9.62 9.73 9.86 10.25 10.88 11.21 10.96 9.97 9.17 8.72 8.72 8.72 8.80 8.86 8.85 8.72 8.40 7.95 7.17 6.28 5.87 5.85 6.02 6.40 7.18 8.10 8.89 9.38 9.64 9.83 10.07 10.20 10.02 9.69 9.39 9.26 9.18 9.06 9.05 9.09 9.25 9.46 9.59 9.92 10.62 11.51 12.40 12.89 13.00 12.89 12.57 11.98 11.33
9.71 9.73 9.81 9.95 10.14 10.50 10.80 10.74 10.23 9.33 8.27 7.16 6.32 5.97 5.96 6.23 6.61 7.15 7.93 8.60 9.08 9.28 9.13 8.63 7.97 7.52 7.51 7.90 8.36 8.72 8.93 8.94 9.06 9.65 10.41 10.73 10.26 9.68 9.28 9.31 9.40 9.51 9.52 9.51 9.35 9.03 8.61 8.04 7.33 6.76 6.61 6.90 7.59 8.41 9.09 9.45 9.62 9.72 9.83 9.90 9.80 9.46 9.14 8.95 8.87 8.76 8.59 8.67 8.80 8.88 8.91 8.95 8.84 8.75 9.10 9.85 10.88 11.64 12.26 12.77 12.92 12.78
9.75 9.77 9.87 10.12 10.46 10.74 10.66 10.12 9.15 7.95 6.87 6.00 5.49 5.23 5.01 4.85 4.96 5.41 6.12 7.01 7.80 8.35 8.38 8.06 7.71 7.52 7.42 7.37 7.20 7.05 7.15 7.36 7.70 8.41 9.47 10.23 10.23 9.80 9.52 9.66 9.74 9.84 9.99 10.33 10.40 10.30 10.11 9.93 9.84 9.67 9.36 9.65 10.28 10.71 10.73 10.27 9.85 9.63 9.45 9.21 8.95 8.73 8.55 8.50 8.44 8.22 8.03 8.15 8.26 8.29 8.30 8.27 7.91 7.37 7.18 7.53 8.30 9.03 9.76 10.59 11.35 11.73
9.77 9.80 9.93 10.24 10.56 10.54 10.00 9.02 7.86 6.84 6.12 5.73 5.60 5.55 5.41 5.13 4.94 5.01 5.32 5.85 6.44 6.94 7.34 7.73 8.06 8.23 8.14 7.79 7.39 7.18 7.14 7.28 7.59 8.03 8.67 9.41 9.77 9.67 9.58 9.78 9.93 10.17 10.55 11.11 11.31 11.36 11.31 11.26 11.41 11.68 11.79 11.70 11.45 10.95 10.33 9.93 9.69 9.42 9.00 8.49 8.04 7.86 7.86 7.94 8.04 8.01 7.99 8.04 7.99 7.92 7.92 7.94 7.64 7.00 6.48 6.28 6.67 7.13 7.41 7.84 8.56 9.26
9.80 9.86 10.01 10.25 10.26 9.76 8.79 7.69 6.80 6.24 5.97 5.91 6.03 6.32 6.58 6.66 6.49 6.31 6.39 6.74 7.14 7.50 7.87 8.26 8.53 8.79 9.17 9.47 9.65 9.68 9.58 9.52 9.51 9.38 8.94 8.94 9.35 9.67 9.97 10.26 10.49 10.83 11.25 11.63 11.61 11.59 11.60 11.62 11.79 12.12 12.30 12.15 11.51 10.48 9.74 9.68 9.65 9.34 8.75 8.10 7.59 7.42 7.62 7.93 8.26 8.49 8.58 8.49 8.17 7.97 7.87 7.95 7.78 7.12 6.15 5.24 5.05 5.23 5.29 5.50 6.10 6.92
9.81 9.86 9.90 9.77 9.20 8.16 7.03 6.26 5.87 5.75 5.90 6.22 6.60 7.07 7.67 8.30 8.71 8.90 9.15 9.51 9.81 9.95 9.85 9.52 9.16 9.16 9.73 10.40 10.85 10.95 10.83 10.62 10.33 9.89 9.15 8.93 9.32 9.95 10.55 10.93 11.17 11.39 11.52 11.50 11.21 11.10 11.25 11.48 11.76 12.00 11.90 11.78 11.70 11.49 11.01 10.45 9.93 9.47 9.05 8.69 8.45 8.34 8.45 8.66 8.84 8.89 8.82 8.67 8.38 8.33 8.36 8.36 8.08 7.17 5.75 4.36 3.73 3.55 3.58 3.78 4.13 4.75
9.78 9.79 9.60 9.03 7.99 6.81 5.94 5.53 5.49 5.71 6.21 6.91 7.61 8.29 9.03 9.88 10.58 11.21 11.72 11.93 11.78 11.37 10.74 10.13 9.67 9.51 9.66 9.68 9.52 9.40 9.17 8.96 8.84 8.71 8.70 9.06 9.64 10.30 10.91 11.22 11.30 11.23 10.96 10.58 10.39 10.34 10.59 10.95 11.34 11.67 11.62 11.52 11.60 11.73 11.57 10.89 10.15 9.63 9.34 9.23 9.26 9.37 9.36 9.36 9.30 9.07 8.73 8.60 8.64 9.03 9.22 9.10 8.73 7.72 6.00 4.60 3.83 3.40 3.21 3.23 3.40 3.69
9.80 9.75 9.40 8.72 7.94 7.26 6.76 6.50 6.49 6.75 7.25 7.97 8.82 9.66 10.48 11.20 11.86 12.35 12.47 12.17 11.47 10.66 10.06 9.85 9.95 10.02 9.80 9.16 8.44 8.07 7.93 7.94 8.20 8.34 8.64 9.26 9.94 10.47 10.84 10.98 10.89 10.59 10.12 9.65 9.47 9.51 9.64 9.90 10.19 10.27 10.37 10.49 10.58 10.60 10.46 10.24 9.87 9.46 9.15 9.01 9.12 9.46 9.64 9.74 9.71 9.51 9.19 9.05 9.17 9.50 9.60 9.48 9.48 9.04 7.60 6.21 5.22 4.49 4.18 4.11 4.11 4.15
9.73 9.63 9.24 8.89 8.68 8.44 8.26 8.25 8.45 8.60 8.77 9.23 10.00 10.90 11.70 12.19 12.36 12.15 11.52 10.56 9.62 9.00 8.90 9.23 9.77 10.34 10.47 10.27 10.00 9.89 9.88 9.86 9.71 9.42 9.29 9.56 9.95 10.31 10.47 10.46 10.14 9.68 9.27 8.99 8.83 8.83 8.91 8.93 8.66 8.16 7.92 8.15 8.54 8.74 8.86 9.09 9.22 9.12 8.97 8.96 9.14 9.48 9.62 9.61 9.53 9.45 9.38 9.33 9.24 9.22 9.20 9.22 9.88 10.30 9.73 8.39 7.19 6.18 6.09 6.14 6.06 5.93
9.54 9.35 9.09 9.07 9.18 9.33 9.52 9.84 10.25 10.54 10.65 10.84 11.36 12.02 12.38 12.32 11.84 11.00 9.99 9.10 8.54 8.31 8.43 8.86 9.46 10.38 11.02 11.54 11.82 11.90 11.85 11.59 11.10 10.48 9.98 9.84 9.90 10.03 10.06 9.80 9.26 8.78 8.61 8.68 8.75 8.90 8.99 8.86 8.19 7.31 6.72 6.55 6.47 6.81 7.53 8.32 8.90 9.12 9.10 9.15 9.37 9.58 9.44 9.18 8.94 8.88 8.87 8.79 8.58 8.53 8.53 8.84 9.98 11.15 11.53 11.03 9.98 8.99 9.04 9.12 9.00 8.89
9.43 9.27 9.11 9.28 9.75 10.36 10.94 11.41 11.77 12.03 12.14 12.21 12.32 12.35 12.06 11.39 10.53 9.62 8.86 8.45 8.60 8.90 9.21 9.49 9.89 10.44 10.79 11.05 11.31 11.45 11.44 11.34 11.13 10.80 10.24 9.92 9.83 9.69 9.38 8.95 8.66 8.75 8.93 9.14 9.31 9.54 9.63 9.61 9.32 8.84 8.25 7.62 6.90 7.07 7.82 8.59 9.13 9.45 9.60 9.66 9.68 9.68 9.44 9.18 8.98 8.80 8.59 8.42 8.33 8.45 8.61 9.02 10.05 11.25 12.22 12.63 12.56 12.19 12.09 12.10 11.95 11.67
9.48 9.39 9.27 9.48 10.09 10.85 11.48 11.90 12.12 12.25 12.34 12.34 12.18 11.71 10.92 10.01 9.16 8.47 7.98 7.96 8.62 9.34 9.81 10.05 10.24 10.30 9.99 9.57 9.41 9.47 9.68 10.06 10.44 10.56 10.18 9.81 9.52 9.09 8.64 8.51 8.94 9.61 9.88 9.94 9.95 10.02 10.06 10.16 10.26 10.47 10.47 10.13 9.53 9.11 9.12 9.18 9.35 9.70 10.08 10.24 10.20 10.14 9.92 9.75 9.56 9.34 9.14 9.12 9.29 9.32 9.28 9.40 9.85 10.51 11.48 12.54 13.22 13.48 13.49 13.36 12.89 12.34
9.46 9.38 9.24 9.38 9.74 10.21 10.52 10.72 10.84 10.98 11.16 11.24 11.01 10.44 9.65 8.81 8.07 7.67 7.61 7.92 8.55 9.11 9.54 9.74 9.69 9.40 8.80 8.23 7.77 7.58 7.88 8.47 9.13 9.56 9.71 9.58 9.26 8.93 8.93 9.39 10.04 10.37 10.38 10.32 10.24 10.16 10.09 10.00 10.15 10.50 10.85 11.06 10.96 10.45 9.67 9.20 9.29 9.70 10.13 10.44 10.61 10.72 10.62 10.47 10.28 10.08 9.96 9.98 10.02 9.77 9.53 9.48 9.54 9.82 10.50 11.39 12.11 12.56 12.77 12.76 12.38 11.70
9.40 9.34 9.26 9.31 9.32 9.27 9.17 9.07 9.13 9.40 9.70 9.78 9.49 8.87 8.11 7.52 7.48 7.88 8.59 9.22 9.43 9.53 9.60 9.57 9.28 8.55 7.59 6.87 6.34 6.08 6.20 6.57 7.07 7.72 8.32 8.75 9.08 9.43 9.90 10.32 10.48 10.42 10.24 10.16 10.13 10.04 9.87 9.58 9.38 9.30 9.47 9.94 10.34 10.21 9.51 9.09 9.21 9.60 10.03 10.48 10.89 11.16 11.14 11.03 10.84 10.58 10.28 9.97 9.63 9.16 9.05 9.13 9.27 9.52 9.94 10.27 10.48 10.58 10.87 11.43 11.74 11.57
9.64 9.76 9.90 9.74 9.39 8.94 8.55 8.30 8.34 8.62 8.78 8.52 7.89 7.08 6.39 6.44 7.41 8.80 9.88 10.41 10.58 10.53 10.35 10.12 9.83 9.31 8.24 7.02 6.19 5.80 5.62 5.70 6.03 6.53 7.16 7.98 8.87 9.53 9.82 9.80 9.67 9.63 9.62 9.65 9.72 9.75 9.61 9.17 8.52 7.99 7.82 8.01 8.45 8.93 8.97 8.93 9.05 9.37 9.81 10.33 10.82 11.17 11.19 11.11 10.96 10.72 10.32 9.80 9.26 8.75 8.63 8.74 8.95 9.14 9.34 9.67 9.65 9.40 9.25 9.72 10.52 11.20
10.03 10.30 10.48 10.20 9.69 9.14 8.68 8.42 8.32 8.13 7.61 6.81 5.97 5.29 5.00 5.30 6.51 8.18 9.42 10.26 10.72 10.88 10.81 10.70 10.70 10.64 10.18 9.19 8.31 7.98 7.86 7.67 7.73 7.89 8.18 8.65 9.12 9.32 9.22 9.01 8.82 8.81 9.05 9.25 9.46 9.57 9.49 9.08 8.39 7.78 7.37 6.90 6.65 6.91 7.42 8.05 8.63 9.09 9.55 10.05 10.50 10.72 10.74 10.65 10.67 10.71 10.60 10.22 9.70 9.08 8.67 8.59 8.64 8.81 9.17 9.59 9.64 9.29 8.61 8.27 8.56 9.26
10.00 10.12 10.15 9.94 9.60 9.17 8.76 8.40 7.88 7.01 5.84 4.98 4.68 4.73 4.91 5.21 5.84 6.75 7.78 8.83 9.51 9.93 10.31 10.71 10.69 11.32 11.52 11.58 11.43 11.30 11.14 10.96 10.76 10.42 10.14 9.90 9.64 9.39 9.18 8.98 8.79 8.75 9.03 9.27 9.47 9.59 9.63 9.53 9.19 8.64 7.94 6.90 5.88 5.72 6.39 7.49 8.49 9.14 9.59 9.99 10.19 10.16 10.10 10.19 10.40 10.70 10.92 10.78 10.32 9.57 9.02 8.80 8.73 8.77 8.94 9.19 9.53 9.46 8.86 8.04 7.36 7.04
9.61 9.43 9.34 9.35 9.18 8.85 8.37 7.71 6.90 6.07 5.45 5.19 5.42 6.08 7.14 8.04 7.94 7.63 7.57 7.73 8.13 8.73 9.62 10.44 10.85 11.15 11.64 12.21 12.65 12.86 12.75 12.51 12.17 11.61 11.00 10.42 9.90 9.53 9.23 9.01 9.01 9.19 9.43 9.48 9.46 9.49 9.69 9.93 9.87 9.32 8.37 7.25 6.64 6.80 7.54 8.29 8.86 9.29 9.69 9.88 9.73 9.54 9.69 10.07 10.38 10.64 10.94 11.11 10.93 10.41 9.77 9.40 9.10 8.75 8.40 8.44 9.03 9.41 9.18 8.47 7.53 6.83
9.39 9.15 8.98 9.03 8.96 8.72 8.28 7.67 7.06 6.79 7.04 7.60 8.32 9.42 10.71 11.61 11.91 11.22 10.06 9.39 9.26 9.57 10.22 10.61 10.68 10.68 10.80 11.07 11.50 11.93 12.12 12.10 11.97 11.62 11.18 10.66 10.13 9.67 9.21 9.00 9.25 9.70 9.92 9.66 9.33 9.22 9.48 9.93 10.17 9.93 9.29 8.73 8.59 8.91 9.12 9.05 8.95 9.16 9.44 9.48 9.29 9.26 9.54 9.90 10.12 10.24 10.45 10.77 11.03 11.03 10.54 9.97 9.44 8.86 8.36 8.25 8.71 9.27 9.36 9.06 8.74 8.65
