project/data/elevation/US_DEM2016/US_DEM2016_point_10-28-2019_1957_30m_vel.asc
ncols	125
nrows	167
xllcorner	-2042055.000000
yllcorner	1465035.000000
cellsize	30.000000
NODATA_value	-9999.000000
[rows 38 to 75 of 167, columns 0 to 83 of 125]
1.21 1.12 0.95 0.85 0.77 0.73 0.71 0.67 0.61 0.56 0.69 0.55 0.52 0.48 0.65 0.58 0.68 0.62 0.82 0.85 0.85 0.84 0.83 0.85 0.88 0.91 0.94 0.97 0.98 0.96 0.93 0.90 0.89 0.91 0.94 1.00 1.08 1.15 1.20 1.25 1.25 1.20 1.17 1.17 1.19 1.19 1.10 0.96 0.87 0.83 0.83 0.87 0.84 0.77 0.76 0.80 0.85 0.94 1.02 1.06 1.00 0.87 0.80 0.77 0.74 0.72 0.69 0.68 0.72 0.70 0.63 0.64 0.72 0.80 0.79 0.80 0.83 0.90 0.95 1.01 1.06 1.08 1.04 0.97
1.21 1.06 0.84 0.74 0.68 0.66 0.63 0.60 0.59 0.62 0.67 0.67 0.58 0.70 0.69 0.57 0.60 0.77 0.68 0.71 0.66 0.65 0.66 0.71 0.79 0.86 0.91 0.95 0.98 0.98 0.98 0.97 0.96 0.98 1.05 1.15 1.22 1.25 1.28 1.30 1.28 1.21 1.16 1.14 1.12 1.08 1.00 0.91 0.85 0.82 0.84 0.88 0.86 0.78 0.78 0.83 0.90 0.98 1.01 0.99 0.89 0.75 0.65 0.61 0.59 0.60 0.60 0.62 0.68 0.69 0.62 0.62 0.73 0.81 0.79 0.79 0.81 0.86 0.91 0.89 0.85 0.85 0.88 0.89
1.17 1.02 0.79 0.69 0.67 0.67 0.66 0.66 0.69 0.76 0.82 0.81 0.70 0.58 0.86 0.63 0.63 0.76 0.70 0.61 0.59 0.63 0.68 0.74 0.83 0.88 0.91 0.95 0.96 0.98 1.01 1.03 1.06 1.14 1.23 1.32 1.37 1.38 1.34 1.28 1.23 1.13 1.06 1.03 0.99 1.00 1.00 1.00 0.98 0.98 0.97 0.95 0.90 0.80 0.77 0.82 0.89 0.95 0.93 0.88 0.79 0.66 0.54 0.50 0.49 0.51 0.56 0.63 0.67 0.68 0.62 0.64 0.76 0.83 0.79 0.76 0.78 0.83 0.87 0.81 0.74 0.75 0.81 0.91
1.13 1.01 0.83 0.76 0.76 0.77 0.76 0.77 0.81 0.86 0.89 0.84 0.75 0.69 0.71 0.77 0.79 0.77 0.73 0.69 0.72 0.77 0.81 0.85 0.87 0.88 0.87 0.88 0.93 0.96 1.03 1.09 1.18 1.28 1.37 1.42 1.42 1.37 1.29 1.19 1.10 1.04 0.97 0.91 0.90 0.90 0.94 0.97 1.00 1.03 1.05 0.99 0.90 0.80 0.74 0.77 0.82 0.83 0.80 0.78 0.73 0.64 0.55 0.53 0.57 0.61 0.64 0.67 0.69 0.69 0.67 0.70 0.79 0.83 0.76 0.69 0.73 0.84 0.88 0.79 0.74 0.74 0.78 0.91
1.10 1.02 0.90 0.84 0.83 0.83 0.82 0.83 0.89 0.93 0.91 0.82 0.72 0.72 0.80 0.86 0.86 0.85 0.85 0.87 0.91 0.95 0.97 0.98 0.97 0.94 0.91 0.90 0.94 0.98 1.07 1.17 1.30 1.38 1.40 1.36 1.31 1.22 1.12 1.01 0.94 0.92 0.87 0.83 0.81 0.80 0.84 0.85 0.88 0.90 0.91 0.89 0.85 0.77 0.74 0.77 0.79 0.76 0.73 0.76 0.76 0.72 0.69 0.71 0.75 0.74 0.72 0.70 0.73 0.74 0.72 0.73 0.77 0.78 0.70 0.62 0.70 0.85 0.87 0.76 0.73 0.76 0.84 0.96
1.09 1.02 0.92 0.87 0.86 0.86 0.88 0.93 0.97 0.96 0.90 0.81 0.73 0.78 0.81 0.86 0.89 0.91 0.94 0.97 1.03 1.07 1.08 1.06 1.04 1.00 0.97 0.97 1.00 1.03 1.13 1.24 1.33 1.35 1.30 1.22 1.14 1.06 0.98 0.89 0.83 0.80 0.77 0.73 0.74 0.76 0.77 0.74 0.72 0.67 0.64 0.67 0.71 0.73 0.77 0.83 0.86 0.85 0.84 0.85 0.85 0.84 0.85 0.87 0.82 0.76 0.76 0.79 0.80 0.74 0.68 0.67 0.71 0.74 0.69 0.64 0.71 0.84 0.85 0.73 0.72 0.81 0.93 0.98
1.08 1.03 0.95 0.92 0.94 0.98 1.02 1.04 1.02 0.97 0.89 0.81 0.77 0.74 0.83 0.88 0.92 0.94 0.96 1.00 1.06 1.07 1.05 1.02 0.99 0.97 0.96 0.98 1.03 1.09 1.22 1.28 1.28 1.20 1.13 1.08 1.03 0.99 0.90 0.81 0.73 0.68 0.68 0.66 0.69 0.74 0.70 0.65 0.60 0.58 0.56 0.55 0.60 0.68 0.79 0.90 0.93 0.93 0.93 0.91 0.90 0.91 0.89 0.85 0.78 0.78 0.83 0.83 0.74 0.61 0.57 0.63 0.69 0.73 0.73 0.73 0.79 0.86 0.84 0.75 0.74 0.84 0.92 0.93
1.10 1.07 1.02 1.02 1.03 1.05 1.05 1.03 0.99 0.93 0.85 0.81 0.80 0.83 0.92 0.98 0.99 0.99 0.99 1.00 1.00 0.97 0.93 0.90 0.92 0.93 0.94 0.98 1.07 1.18 1.29 1.26 1.15 1.04 0.99 0.98 0.94 0.90 0.83 0.75 0.64 0.56 0.56 0.57 0.64 0.70 0.68 0.66 0.67 0.67 0.65 0.61 0.61 0.71 0.85 0.94 0.93 0.90 0.87 0.88 0.88 0.90 0.87 0.83 0.83 0.87 0.84 0.71 0.57 0.54 0.60 0.70 0.75 0.78 0.80 0.84 0.90 0.93 0.97 0.82 0.80 0.83 0.88 0.91
1.14 1.10 1.05 1.05 1.03 1.01 0.96 0.91 0.87 0.83 0.79 0.76 0.79 0.91 1.01 1.03 1.03 1.02 0.99 0.96 0.92 0.88 0.86 0.86 0.90 0.93 0.96 1.03 1.14 1.24 1.27 1.17 1.03 0.94 0.91 0.88 0.83 0.79 0.75 0.70 0.57 0.48 0.49 0.58 0.67 0.73 0.76 0.75 0.74 0.68 0.62 0.62 0.71 0.84 0.95 0.96 0.90 0.85 0.84 0.87 0.88 0.90 0.88 0.87 0.86 0.82 0.68 0.59 0.60 0.69 0.78 0.83 0.85 0.86 0.89 0.94 0.98 0.97 0.95 0.93 1.15 0.89 0.91 0.95
1.16 1.11 1.03 1.00 0.96 0.91 0.86 0.80 0.75 0.71 0.70 0.70 0.78 0.85 0.94 0.94 0.95 0.95 0.92 0.90 0.88 0.86 0.85 0.86 0.89 0.92 0.97 1.06 1.18 1.23 1.16 1.03 0.96 0.89 0.85 0.81 0.75 0.70 0.67 0.65 0.56 0.51 0.57 0.68 0.75 0.80 0.82 0.74 0.61 0.52 0.53 0.67 0.87 1.03 1.06 1.00 0.94 0.90 0.88 0.89 0.89 0.91 0.89 0.86 0.79 0.71 0.65 0.69 0.80 0.91 0.96 0.98 0.98 0.99 1.01 1.04 1.06 1.04 1.04 1.05 0.99 0.96 0.99 1.01
1.16 1.11 1.00 0.94 0.89 0.84 0.80 0.75 0.70 0.65 0.65 0.68 0.73 0.79 0.83 0.81 0.84 0.86 0.86 0.86 0.85 0.83 0.83 0.84 0.86 0.89 0.94 1.06 1.18 1.18 1.07 0.99 0.96 0.88 0.80 0.73 0.70 0.65 0.60 0.57 0.56 0.55 0.61 0.68 0.72 0.77 0.78 0.65 0.53 0.53 0.67 0.91 1.11 1.18 1.16 1.07 1.00 0.94 0.92 0.92 0.93 0.94 0.93 0.88 0.87 0.89 0.97 1.06 1.13 1.18 1.19 1.19 1.19 1.19 1.20 1.22 1.23 1.21 1.17 1.11 1.03 0.99 1.02 1.02
1.16 1.11 0.98 0.90 0.85 0.82 0.79 0.76 0.71 0.67 0.69 0.74 0.84 0.82 0.84 0.83 0.85 0.86 0.86 0.84 0.81 0.80 0.80 0.81 0.83 0.87 0.93 1.06 1.19 1.15 1.06 1.01 0.97 0.88 0.78 0.71 0.67 0.59 0.49 0.45 0.49 0.51 0.55 0.58 0.64 0.71 0.75 0.69 0.65 0.75 0.98 1.20 1.28 1.25 1.17 1.08 1.01 0.97 0.96 0.99 1.00 1.01 1.00 1.04 1.11 1.19 1.28 1.35 1.39 1.41 1.41 1.41 1.41 1.41 1.40 1.39 1.38 1.35 1.28 1.17 1.07 1.01 1.02 1.00
1.17 1.10 0.96 0.89 0.85 0.81 0.80 0.80 0.77 0.76 0.80 0.88 0.96 0.96 0.94 0.94 0.93 0.90 0.86 0.82 0.80 0.80 0.79 0.79 0.81 0.86 0.95 1.11 1.19 1.11 1.00 0.99 0.95 0.85 0.79 0.76 0.69 0.55 0.43 0.42 0.49 0.56 0.61 0.64 0.70 0.77 0.83 0.86 0.91 1.07 1.27 1.34 1.30 1.18 1.09 1.02 0.97 0.97 0.96 0.98 1.00 1.03 1.05 1.10 1.20 1.27 1.31 1.34 1.36 1.37 1.38 1.38 1.39 1.39 1.37 1.34 1.30 1.28 1.24 1.19 1.14 1.10 1.04 0.98
1.18 1.09 0.94 0.88 0.85 0.81 0.79 0.80 0.80 0.81 0.88 0.99 1.03 1.02 0.99 0.95 0.92 0.87 0.83 0.80 0.80 0.80 0.79 0.78 0.81 0.88 0.99 1.12 1.15 1.01 0.91 0.91 0.89 0.83 0.78 0.77 0.70 0.61 0.55 0.59 0.68 0.76 0.81 0.84 0.88 0.95 1.06 1.16 1.27 1.36 1.40 1.34 1.20 1.05 0.98 0.93 0.89 0.89 0.87 0.86 0.90 0.95 1.02 1.06 1.10 1.11 1.08 1.06 1.05 1.05 1.07 1.09 1.09 1.10 1.08 1.05 1.03 1.02 1.03 1.05 1.07 1.09 1.09 1.03
1.18 1.06 0.89 0.83 0.81 0.79 0.78 0.77 0.79 0.82 0.89 1.00 1.01 0.98 0.93 0.87 0.82 0.78 0.76 0.74 0.74 0.75 0.76 0.78 0.82 0.90 1.00 1.10 1.08 0.92 0.85 0.86 0.84 0.81 0.77 0.71 0.69 0.70 0.73 0.80 0.88 0.94 0.98 1.01 1.09 1.20 1.32 1.39 1.40 1.38 1.32 1.20 1.08 0.96 0.91 0.86 0.81 0.80 0.79 0.80 0.85 0.91 0.96 0.98 0.96 0.89 0.83 0.77 0.75 0.77 0.78 0.79 0.79 0.78 0.76 0.74 0.74 0.73 0.75 0.79 0.85 0.92 0.96 1.01
1.14 1.02 0.86 0.79 0.76 0.77 0.78 0.75 0.77 0.81 1.02 0.91 0.89 0.82 0.78 0.73 0.71 0.69 0.67 0.65 0.67 0.71 0.75 0.80 0.86 0.92 0.99 1.06 1.03 0.92 0.87 0.88 0.85 0.82 0.73 0.63 0.66 0.70 0.78 0.86 0.93 0.98 1.02 1.10 1.23 1.36 1.42 1.39 1.30 1.19 1.10 1.03 0.97 0.91 0.88 0.84 0.80 0.80 0.83 0.86 0.91 0.94 0.95 0.94 0.87 0.78 0.74 0.73 0.74 0.75 0.72 0.67 0.64 0.61 0.59 0.57 0.57 0.56 0.56 0.58 0.60 0.62 0.65 0.71
1.10 1.01 0.87 0.81 0.78 0.76 0.74 0.70 0.69 0.74 0.77 0.84 0.71 0.62 0.58 0.59 0.61 0.60 0.58 0.60 0.67 0.74 0.79 0.85 0.89 0.93 1.00 1.06 1.05 1.02 0.97 0.92 0.87 0.80 0.67 0.56 0.60 0.67 0.74 0.79 0.86 0.92 1.00 1.14 1.31 1.38 1.34 1.20 1.03 0.95 0.90 0.89 0.89 0.88 0.87 0.85 0.83 0.85 0.91 0.94 0.94 0.94 0.91 0.89 0.84 0.80 0.81 0.83 0.81 0.76 0.68 0.60 0.57 0.54 0.50 0.49 0.49 0.46 0.43 0.42 0.43 0.48 0.53 0.58
1.08 1.02 0.94 0.89 0.84 0.78 0.71 0.64 0.60 0.62 0.67 0.81 0.56 0.48 0.48 0.61 0.56 0.56 0.57 0.63 0.73 0.81 0.86 0.89 0.92 0.97 1.03 1.08 1.09 1.07 0.98 0.90 0.84 0.76 0.63 0.54 0.60 0.69 0.73 0.76 0.81 0.89 1.00 1.19 1.33 1.32 1.17 0.98 0.88 0.84 0.80 0.79 0.81 0.83 0.82 0.82 0.81 0.86 0.90 0.89 0.85 0.82 0.81 0.82 0.85 0.88 0.90 0.88 0.78 0.68 0.59 0.56 0.57 0.54 0.48 0.47 0.48 0.43 0.39 0.39 0.78 0.56 0.69 0.74
1.10 1.08 1.03 0.97 0.91 0.84 0.76 0.69 0.63 0.62 0.65 0.83 0.74 0.52 0.56 0.60 0.62 0.64 0.68 0.74 0.81 0.89 0.93 0.95 0.99 1.03 1.08 1.12 1.12 1.07 0.96 0.90 0.88 0.81 0.70 0.66 0.73 0.80 0.82 0.83 0.87 0.95 1.08 1.27 1.32 1.21 0.99 0.85 0.78 0.76 0.72 0.70 0.72 0.74 0.74 0.73 0.75 0.79 0.79 0.74 0.68 0.66 0.71 0.80 0.92 0.95 0.90 0.81 0.69 0.61 0.60 0.65 0.66 0.59 0.51 0.52 0.56 0.61 0.45 0.50 0.61 0.80 0.96 0.96
1.14 1.12 1.05 0.99 0.94 0.91 0.87 0.83 0.76 0.73 1.09 0.72 0.68 0.70 0.74 0.77 0.78 0.81 0.85 0.88 0.92 0.98 1.01 1.05 1.10 1.13 1.13 1.15 1.16 1.13 1.07 1.04 1.02 0.96 0.88 0.85 0.90 0.93 0.95 0.96 0.99 1.04 1.17 1.30 1.26 1.05 0.86 0.74 0.69 0.68 0.65 0.62 0.64 0.67 0.68 0.66 0.69 0.69 0.66 0.63 0.63 0.66 0.75 0.87 0.98 0.96 0.82 0.70 0.64 0.68 0.76 0.79 0.71 0.59 0.52 0.54 0.57 0.58 0.63 0.74 0.92 1.09 1.13 1.10
1.16 1.10 0.98 0.92 0.90 0.92 0.93 0.89 0.83 0.78 0.77 0.78 0.80 0.85 0.90 0.94 0.98 1.01 1.04 1.06 1.07 1.09 1.11 1.15 1.18 1.17 1.15 1.17 1.20 1.17 1.12 1.07 1.02 0.97 0.92 0.90 0.93 0.96 0.99 1.03 1.06 1.11 1.21 1.25 1.12 0.90 0.73 0.63 0.60 0.60 0.60 0.54 0.53 0.60 0.65 0.67 0.70 0.69 0.69 0.73 0.77 0.83 0.92 1.00 1.02 0.94 0.79 0.73 0.76 0.84 0.88 0.81 0.65 0.54 0.55 0.63 0.69 0.75 0.87 1.03 1.18 1.21 1.13 0.97
1.18 1.06 0.90 0.84 0.83 0.85 0.87 0.85 0.81 0.75 1.31 0.78 0.83 0.87 0.97 1.01 1.06 1.10 1.13 1.13 1.13 1.13 1.16 1.18 1.16 1.13 1.14 1.19 1.19 1.11 1.00 0.92 0.86 0.84 0.84 0.86 0.91 0.94 0.97 1.02 1.07 1.11 1.17 1.14 0.96 0.76 0.62 0.55 0.53 0.55 0.54 0.46 0.43 0.55 0.65 0.72 0.77 0.79 0.83 0.86 0.90 0.98 1.07 1.12 1.07 0.99 0.88 0.88 0.95 0.98 0.88 0.72 0.61 0.62 0.72 0.81 0.90 1.01 1.14 1.26 1.27 1.18 1.03 0.89
1.17 1.05 0.86 0.78 0.75 0.72 0.72 0.73 0.74 0.71 0.69 0.74 0.78 0.83 0.88 0.91 0.95 0.97 0.97 0.98 1.01 1.06 1.09 1.08 1.03 1.02 1.09 1.17 1.14 1.05 0.96 0.87 0.81 0.79 0.84 0.90 0.96 0.99 1.00 1.01 1.03 1.04 1.05 1.01 0.86 0.68 0.57 0.54 0.56 0.58 0.57 0.50 0.47 0.58 0.70 0.81 0.86 0.90 0.93 0.94 0.98 1.10 1.20 1.22 1.13 1.05 1.01 1.03 1.05 1.02 0.88 0.76 0.77 0.89 1.01 1.11 1.21 1.30 1.34 1.32 1.21 1.06 0.95 0.85
1.16 1.02 0.81 0.74 0.68 0.62 0.58 0.57 0.61 0.61 0.60 0.64 0.64 0.65 0.68 0.70 0.70 0.68 0.64 0.64 0.76 0.89 0.91 0.85 0.78 0.86 1.04 1.12 1.07 1.00 0.97 0.96 0.95 0.94 0.94 0.97 0.99 0.99 0.97 0.94 0.92 0.92 0.95 0.96 0.87 0.73 0.65 0.67 0.72 0.74 0.74 0.71 0.68 0.71 0.78 0.85 0.90 0.97 1.01 1.07 1.16 1.27 1.29 1.23 1.12 1.06 1.06 1.11 1.13 1.10 1.05 1.04 1.12 1.22 1.28 1.33 1.37 1.38 1.33 1.22 1.09 0.98 0.91 0.83
1.12 0.97 0.76 0.69 0.64 0.59 0.53 0.48 0.51 0.53 0.53 0.54 0.50 0.47 0.47 0.49 0.49 0.45 0.44 0.50 0.61 0.71 0.71 0.64 0.65 0.80 1.04 1.11 1.03 0.92 0.90 0.93 0.97 1.01 0.99 0.94 0.91 0.89 0.85 0.81 0.81 0.87 0.96 1.01 0.98 0.93 0.89 0.91 0.94 0.95 0.94 0.90 0.85 0.82 0.81 0.85 0.89 0.97 1.08 1.21 1.30 1.31 1.24 1.10 0.98 0.96 1.05 1.11 1.14 1.16 1.20 1.25 1.31 1.34 1.33 1.32 1.29 1.23 1.14 1.05 0.98 0.91 0.86 0.91
1.08 0.96 0.77 0.69 0.64 0.61 0.55 0.48 0.49 0.55 0.59 0.56 0.49 0.45 0.41 0.39 0.35 0.43 0.51 0.60 0.64 0.65 0.62 0.61 0.68 0.88 1.10 1.12 1.01 0.85 0.80 0.80 0.83 0.88 0.89 0.83 0.77 0.74 0.73 0.73 0.77 0.90 1.04 1.11 1.08 1.05 1.05 1.04 1.03 1.02 0.96 0.89 0.85 0.84 0.84 0.87 0.91 1.01 1.15 1.24 1.25 1.17 1.05 0.91 0.85 0.91 1.01 1.05 1.03 1.07 1.13 1.19 1.21 1.19 1.15 1.11 1.05 0.97 0.90 0.86 0.82 0.78 0.74 0.71
1.06 0.98 0.84 0.75 0.70 0.66 0.60 0.55 0.55 0.61 0.65 0.64 0.61 0.57 0.52 0.49 0.36 0.58 0.69 0.75 0.76 0.73 0.70 0.70 0.80 1.00 1.15 1.14 0.99 0.82 0.76 0.72 0.70 0.69 0.72 0.73 0.73 0.74 0.75 0.79 0.87 1.02 1.14 1.15 1.07 1.01 1.00 1.01 1.01 0.97 0.88 0.81 0.81 0.84 0.87 0.92 0.97 1.09 1.19 1.18 1.06 0.93 0.83 0.77 0.81 0.93 1.01 0.97 0.91 0.92 0.96 0.98 0.97 0.95 0.92 0.88 0.82 0.75 0.69 0.65 0.62 0.59 0.56 0.54
1.05 0.98 0.87 0.80 0.75 0.70 0.65 0.66 0.68 0.72 0.74 0.75 0.76 0.73 0.69 0.66 0.66 0.70 0.76 0.82 0.84 0.84 0.85 0.87 0.97 1.11 1.20 1.17 1.02 0.85 0.78 0.72 0.65 0.60 0.66 0.76 0.86 0.92 0.94 0.97 1.04 1.14 1.18 1.12 1.00 0.93 0.92 0.93 0.92 0.91 0.86 0.83 0.84 0.86 0.89 0.94 1.01 1.12 1.16 1.05 0.89 0.79 0.73 0.73 0.80 0.92 0.98 0.91 0.83 0.82 0.83 0.83 0.81 0.81 0.77 0.71 0.64 0.58 0.52 0.46 0.42 0.38 0.34 0.31
1.04 0.97 0.86 0.79 0.74 0.70 0.71 0.75 0.82 0.86 0.88 0.90 0.88 0.83 0.78 0.76 0.75 0.76 0.79 0.85 0.90 0.95 1.00 1.04 1.11 1.23 1.28 1.22 1.09 0.95 0.89 0.83 0.77 0.74 0.79 0.90 1.00 1.06 1.08 1.08 1.11 1.15 1.14 1.06 0.94 0.88 0.87 0.85 0.82 0.81 0.83 0.84 0.85 0.89 0.92 0.99 1.07 1.14 1.08 0.92 0.78 0.72 0.70 0.71 0.78 0.92 0.97 0.89 0.78 0.75 0.74 0.72 0.71 0.70 0.65 0.57 0.48 0.40 0.34 0.31 0.27 0.22 0.20 0.25
1.04 0.96 0.84 0.76 0.70 0.67 0.70 0.77 0.80 0.93 0.96 0.96 0.93 0.91 0.89 0.86 0.84 0.82 0.84 0.89 0.95 1.03 1.07 1.13 1.23 1.35 1.34 1.24 1.10 1.00 0.98 0.98 0.96 0.94 0.94 0.97 0.99 1.00 1.01 1.01 1.03 1.08 1.07 0.99 0.90 0.84 0.81 0.77 0.71 0.68 0.71 0.76 0.80 0.89 0.95 1.05 1.10 1.07 0.92 0.75 0.68 0.67 0.68 0.73 0.84 0.96 0.95 0.82 0.70 0.66 0.64 0.64 0.62 0.60 0.54 0.44 0.33 0.25 0.36 0.26 0.26 0.74 0.26 0.36
1.04 0.95 0.81 0.73 0.67 0.64 0.64 0.70 0.78 0.83 0.88 0.89 0.92 0.96 0.99 0.98 0.95 0.92 0.92 0.94 0.97 1.05 1.10 1.18 1.30 1.36 1.32 1.18 1.02 0.95 0.95 0.99 1.01 0.99 0.95 0.91 0.89 0.87 0.87 0.92 0.98 1.03 1.02 0.95 0.87 0.81 0.77 0.71 0.64 0.60 0.59 0.63 0.71 0.80 0.94 1.03 1.00 0.86 0.68 0.62 0.62 0.63 0.68 0.79 0.88 0.92 0.85 0.70 0.60 0.57 0.54 0.52 0.50 0.46 0.39 0.31 0.24 0.24 0.22 0.30 0.33 0.34 0.42 0.55
1.02 0.92 0.76 0.69 0.65 0.63 0.62 0.63 0.64 0.64 0.66 0.73 0.84 0.94 1.01 1.04 1.03 1.01 1.00 0.99 1.01 1.08 1.14 1.23 1.30 1.28 1.19 1.07 0.93 0.86 0.84 0.86 0.89 0.90 0.89 0.87 0.86 0.86 0.90 0.97 1.00 1.00 0.97 0.93 0.90 0.85 0.78 0.69 0.60 0.55 0.56 0.61 0.70 0.86 0.88 0.90 0.78 0.60 0.51 0.54 0.56 0.55 0.65 0.75 0.78 0.77 0.72 0.63 0.54 0.50 0.48 0.47 0.44 0.37 0.28 0.24 0.25 0.26 0.35 0.44 0.50 0.54 0.60 0.72
1.00 0.89 0.73 0.67 0.66 0.66 0.66 0.66 0.63 0.57 0.55 0.60 0.71 0.84 0.95 1.01 1.05 1.07 1.07 1.07 1.08 1.13 1.20 1.28 1.28 1.20 1.09 0.98 0.86 0.78 0.75 0.73 0.74 0.78 0.83 0.87 0.90 0.93 0.97 1.00 1.00 0.97 0.94 0.95 0.93 0.84 0.73 0.62 0.58 0.63 0.71 0.79 0.83 0.84 0.87 0.77 0.60 0.49 0.49 0.53 0.51 0.51 0.57 0.63 0.66 0.69 0.72 0.69 0.62 0.58 0.58 0.55 0.48 0.39 0.31 0.31 0.37 0.45 0.54 0.61 0.67 0.72 0.78 0.89
0.98 0.88 0.73 0.68 0.68 0.70 0.72 0.73 0.72 0.68 0.62 0.62 0.68 0.77 0.86 0.95 1.01 1.08 1.13 1.17 1.20 1.24 1.31 1.34 1.28 1.15 1.04 0.95 0.85 0.79 0.78 0.77 0.75 0.75 0.79 0.86 0.91 0.94 0.96 0.98 0.94 0.90 0.90 0.93 0.91 0.77 0.67 0.66 0.75 0.87 0.96 0.98 0.95 0.90 0.90 0.79 0.72 0.68 0.68 0.67 0.63 0.63 0.65 0.69 0.77 0.85 0.88 0.85 0.81 0.78 0.76 0.69 0.56 0.46 0.43 0.47 0.54 0.61 0.69 0.78 0.87 0.96 1.03 1.17
0.97 0.86 0.73 0.69 0.70 0.73 0.76 0.79 0.82 0.84 0.82 0.80 0.81 0.83 0.87 0.95 1.03 1.12 1.19 1.25 1.32 1.36 1.39 1.36 1.24 1.10 1.02 0.98 0.94 0.93 0.93 0.92 0.88 0.84 0.84 0.87 0.91 0.94 0.94 0.91 0.86 0.83 0.85 0.90 0.89 0.82 0.83 0.93 1.02 1.07 1.07 1.01 0.95 0.92 0.91 0.92 0.92 0.92 0.91 0.90 0.90 0.91 0.94 1.00 1.05 1.06 0.99 0.92 0.86 0.81 0.73 0.62 0.51 0.48 0.54 0.61 0.67 0.76 0.88 1.04 1.20 1.30 1.39 1.48
0.95 0.85 0.73 0.70 0.72 0.75 0.80 0.84 0.90 0.97 1.01 1.04 1.04 1.02 1.01 1.04 1.11 1.22 1.29 1.33 1.39 1.43 1.38 1.28 1.14 1.04 1.01 1.01 1.01 1.01 1.01 1.00 0.97 0.95 0.92 0.91 0.93 0.94 0.90 0.84 0.82 0.85 0.89 0.95 0.97 0.96 0.98 1.04 1.05 1.01 0.95 0.90 0.89 0.91 0.91 0.93 0.93 0.95 0.98 1.02 1.05 1.10 1.14 1.14 1.10 1.01 0.88 0.81 0.75 0.66 0.55 0.49 0.50 0.56 0.66 0.74 0.82 0.96 1.16 1.37 1.50 1.57 1.57 1.55
0.94 0.85 0.73 0.71 0.74 0.78 0.81 0.86 0.96 1.07 1.15 1.19 1.19 1.19 1.18 1.19 1.26 1.35 1.38 1.36 1.36 1.35 1.28 1.15 1.04 0.99 0.98 0.98 0.98 0.98 0.96 0.95 0.92 0.90 0.87 0.87 0.89 0.89 0.86 0.86 0.89 0.91 0.94 0.99 1.00 0.95 0.91 0.89 0.84 0.78 0.74 0.73 0.77 0.82 0.82 0.84 0.87 0.89 0.93 0.98 1.04 1.10 1.09 1.02 0.88 0.72 0.63 0.65 0.63 0.55 0.50 0.53 0.61 0.70 0.80 0.89 1.01 1.19 1.41 1.53 1.56 1.53 1.46 1.35
0.93 0.85 0.76 0.76 0.78 0.82 0.86 0.95 1.09 1.16 1.16 1.14 1.15 1.19 1.24 1.32 1.41 1.44 1.39 1.30 1.24 1.21 1.14 1.04 0.97 0.95 0.93 0.91 0.90 0.91 0.91 0.90 0.83 0.77 0.77 0.81 0.85 0.86 0.85 0.85 0.86 0.87 0.92 0.98 0.96 0.87 0.80 0.75 0.72 0.69 0.67 0.67 0.68 0.72 0.75 0.82 0.86 0.87 0.88 0.91 0.97 0.98 0.90 0.74 0.57 0.49 0.51 0.59 0.62 0.60 0.61 0.67 0.75 0.86 0.98 1.09 1.23 1.41 1.51 1.49 1.35 1.17 1.05 0.97
