project/data/elevation/US_DEM2016/US_DEM2016_point_10-30-2019_0730_30m_vel.asc
ncols	125
nrows	167
xllcorner	-2042055.000000
yllcorner	1465035.000000
cellsize	30.000000
NODATA_value	-9999.000000
[rows 76 to 113 of 167, columns 0 to 83 of 125]
6.38 6.23 6.17 6.29 6.44 6.73 7.27 7.85 8.08 7.85 7.46 7.27 7.57 8.27 8.92 9.50 9.85 9.82 9.36 8.77 8.36 8.02 7.66 7.30 7.01 6.81 6.60 6.59 6.78 6.96 6.98 6.79 6.29 5.88 5.82 5.92 5.93 5.75 5.45 5.19 5.10 5.28 5.62 5.70 5.60 5.44 5.34 5.16 5.01 5.01 5.02 4.98 4.92 5.07 5.42 5.75 5.94 5.96 6.00 6.11 6.14 5.78 4.99 4.27 3.92 3.88 4.16 4.49 4.95 5.46 5.83 6.15 6.79 7.66 8.52 9.44 10.36 10.92 10.73 9.82 8.26 6.32 5.35 5.07
6.43 6.26 6.24 6.38 6.59 7.09 7.50 7.52 7.04 6.31 5.92 6.15 6.88 7.86 8.72 9.29 9.45 9.16 8.57 7.96 7.51 7.24 7.04 6.90 6.76 6.62 6.41 6.37 6.49 6.78 7.07 7.18 7.01 6.87 6.76 6.57 6.23 5.77 5.38 5.24 5.37 5.55 5.61 5.41 5.22 5.10 5.08 4.97 4.81 4.73 4.69 4.69 4.72 5.00 5.45 5.85 6.09 6.19 6.25 6.21 5.82 5.07 4.50 4.42 4.70 5.11 5.40 5.70 6.25 7.13 7.72 8.35 9.26 10.14 10.80 11.35 11.59 11.32 10.45 9.39 8.23 6.72 5.61 5.02
6.34 5.99 5.89 6.07 6.26 6.56 6.56 6.23 5.85 5.72 5.93 6.49 7.35 8.34 9.01 9.29 9.14 8.66 8.06 7.48 7.02 6.71 6.53 6.41 6.29 6.17 6.05 6.12 6.23 6.44 6.82 7.19 7.35 7.30 7.13 6.80 6.32 5.81 5.54 5.45 5.38 5.21 4.99 4.76 4.55 4.35 4.10 3.88 3.82 3.85 3.98 4.26 4.75 5.29 5.73 6.03 6.28 6.36 6.25 5.89 5.31 4.76 4.70 5.13 5.84 6.39 6.87 7.55 8.44 8.95 9.36 9.93 10.64 11.20 11.34 11.30 10.94 10.07 9.35 9.00 8.75 8.15 7.26 6.41
6.13 5.64 5.46 5.71 5.84 5.91 5.90 5.96 6.22 6.63 7.10 7.71 8.54 9.25 9.50 9.31 8.83 8.22 7.64 7.13 6.66 6.32 6.10 5.96 5.80 5.63 5.53 5.59 5.58 5.65 5.84 6.37 6.75 6.84 6.72 6.48 6.13 5.73 5.42 5.09 4.74 4.43 4.29 4.31 4.20 3.98 3.72 3.65 3.87 4.23 4.69 5.24 5.80 6.14 6.23 6.19 6.04 5.76 5.30 4.75 4.42 4.52 4.95 5.75 6.67 7.55 8.52 9.31 9.59 9.65 9.70 9.92 10.31 10.36 10.09 9.66 8.99 8.31 8.01 8.18 8.53 8.66 8.37 7.77
5.86 5.46 5.42 5.83 6.05 6.12 6.27 6.60 7.12 7.59 8.14 8.85 9.54 9.72 9.45 8.82 8.09 7.44 6.92 6.51 6.15 5.89 5.71 5.55 5.41 5.27 5.06 4.82 4.51 4.44 4.48 4.89 5.47 5.92 6.09 6.07 5.93 5.77 5.54 5.23 4.98 4.88 4.90 4.99 4.89 4.72 4.58 4.70 5.04 5.55 6.06 6.44 6.62 6.59 6.33 6.10 5.72 5.27 4.87 4.60 4.60 4.96 5.60 6.55 7.58 8.66 9.41 9.49 9.17 8.89 8.81 8.82 8.75 8.38 8.07 7.89 7.67 7.40 7.18 7.07 7.40 8.01 8.31 8.17
5.72 5.58 5.71 6.19 6.51 6.67 6.84 7.18 7.67 8.21 8.84 9.43 9.66 9.35 8.64 7.83 7.09 6.40 5.94 5.63 5.43 5.35 5.32 5.21 5.15 5.05 4.73 4.10 3.60 3.40 3.35 3.54 4.05 4.76 5.30 5.72 5.90 6.11 6.18 6.19 6.27 6.38 6.48 6.38 6.19 6.04 5.93 6.06 6.35 6.50 6.51 6.44 6.34 6.23 6.17 6.12 6.06 6.14 6.22 6.21 6.24 6.46 6.94 7.73 8.54 9.08 8.94 8.22 7.77 7.78 7.88 7.85 7.68 7.26 7.09 7.09 7.14 7.16 6.98 6.62 6.54 6.85 7.43 7.75
5.98 5.98 6.05 6.18 6.42 6.73 7.07 7.50 8.05 8.62 9.12 9.31 9.02 8.32 7.53 6.88 6.29 5.71 5.22 4.94 4.84 4.78 4.70 4.75 4.85 4.86 4.67 4.16 3.43 3.13 3.09 3.31 3.64 3.97 4.59 5.31 5.78 6.20 6.49 6.80 7.12 7.33 7.33 7.13 6.93 6.85 6.82 6.83 6.85 6.60 6.31 6.24 6.36 6.45 6.43 6.41 6.50 6.84 7.04 7.21 7.40 7.65 8.04 8.49 8.86 8.67 7.88 7.26 7.16 7.38 7.50 7.39 7.13 6.81 6.72 6.76 6.85 6.96 6.89 6.63 6.32 6.19 6.36 6.88
6.26 6.33 6.30 6.16 6.27 6.67 7.16 7.71 8.29 8.73 8.91 8.71 8.12 7.39 6.76 6.26 5.77 5.31 4.90 4.59 4.38 4.20 4.07 4.18 4.48 4.72 4.89 4.87 4.47 4.20 4.22 4.40 4.38 4.34 4.54 5.09 5.55 5.97 6.42 6.89 7.17 7.17 7.03 6.83 6.77 6.86 6.96 6.96 6.91 6.77 6.80 6.97 7.03 6.92 6.69 6.61 6.62 6.77 6.93 7.27 7.69 8.02 8.31 8.45 8.37 7.86 7.30 7.25 7.40 7.43 7.32 6.99 6.49 6.08 5.87 5.99 6.19 6.33 6.38 6.34 6.12 5.79 5.56 5.94
6.27 6.34 6.40 6.41 6.56 6.91 7.37 7.91 8.32 8.49 8.36 7.94 7.31 6.70 6.19 5.72 5.27 4.90 4.59 4.28 3.96 3.75 3.73 3.97 4.44 4.95 5.45 5.94 6.31 6.44 6.39 6.11 5.73 5.41 5.25 5.42 5.81 6.31 6.79 6.98 6.78 6.46 6.33 6.44 6.55 6.74 6.99 7.22 7.49 7.71 7.70 7.56 7.27 6.98 6.74 6.71 6.77 6.89 7.16 7.46 7.77 7.96 8.04 7.96 7.67 7.28 7.12 7.33 7.40 7.25 6.95 6.47 5.78 5.14 4.68 4.69 4.94 5.15 5.34 5.50 5.54 5.37 5.07 5.15
6.18 6.24 6.42 6.69 7.00 7.33 7.66 7.94 8.11 8.04 7.74 7.24 6.67 6.14 5.67 5.20 4.70 4.29 4.00 3.79 3.69 3.80 4.12 4.60 5.18 5.70 6.23 6.80 7.38 7.72 7.72 7.36 6.82 6.36 6.14 6.17 6.59 7.07 7.05 6.65 6.13 5.97 6.18 6.46 6.60 6.84 7.30 7.74 8.14 8.38 8.25 7.81 7.37 7.09 6.83 6.81 6.98 7.17 7.30 7.35 7.38 7.39 7.39 7.37 7.17 6.97 6.88 6.95 6.84 6.68 6.50 6.18 5.65 5.00 4.31 4.05 3.90 3.78 3.83 4.07 4.42 4.63 4.63 4.63
6.23 6.34 6.60 6.93 7.28 7.49 7.55 7.58 7.66 7.59 7.27 6.76 6.21 5.68 5.18 4.65 4.10 3.68 3.53 3.59 3.83 4.28 4.85 5.43 5.98 6.40 6.72 7.00 7.30 7.54 7.62 7.61 7.39 6.99 6.73 6.70 6.89 6.91 6.42 5.87 5.66 5.78 5.95 6.11 6.28 6.70 7.27 7.65 7.94 8.14 8.19 8.00 7.72 7.40 7.02 6.89 6.91 6.84 6.73 6.70 6.60 6.57 6.72 6.90 6.87 6.73 6.55 6.40 6.24 6.19 6.19 6.26 6.25 6.02 5.31 4.53 3.88 3.38 3.10 3.13 3.30 3.57 3.78 3.92
6.33 6.45 6.66 6.88 7.02 7.00 6.98 7.12 7.34 7.33 6.96 6.42 5.84 5.25 4.63 4.06 3.74 3.74 4.00 4.25 4.49 4.80 5.23 5.77 6.26 6.58 6.69 6.68 6.65 6.63 6.82 7.18 7.47 7.50 7.31 6.95 6.52 6.01 5.57 5.46 5.46 5.42 5.30 5.37 5.78 6.34 6.75 6.82 6.82 6.94 7.05 7.19 7.27 7.26 7.11 6.89 6.65 6.39 6.28 6.29 6.27 6.38 6.62 6.76 6.73 6.56 6.37 6.20 6.03 6.06 6.24 6.52 6.80 7.03 7.00 6.33 5.52 4.78 4.30 3.97 3.63 3.42 3.49 3.76
6.36 6.43 6.51 6.56 6.52 6.52 6.77 7.23 7.45 7.23 6.68 6.03 5.39 4.72 4.16 3.98 4.20 4.74 5.08 5.25 5.29 5.36 5.62 5.95 6.18 6.26 6.20 6.13 6.15 6.19 6.37 6.71 7.16 7.48 7.54 7.13 6.33 5.70 5.38 5.41 5.34 5.21 5.19 5.37 5.73 6.04 6.10 5.72 5.27 5.03 5.10 5.26 5.53 5.92 6.22 6.39 6.40 6.36 6.40 6.50 6.61 6.71 6.71 6.64 6.56 6.44 6.29 6.18 6.11 6.20 6.46 6.66 6.92 7.33 7.75 7.85 7.61 7.20 6.77 6.23 5.55 5.06 5.10 5.10
6.36 6.41 6.48 6.52 6.54 6.79 7.26 7.58 7.46 6.92 6.14 5.34 4.61 4.02 3.85 4.11 4.65 5.12 5.40 5.60 5.75 5.87 5.99 5.98 5.78 5.54 5.42 5.54 5.85 6.16 6.34 6.44 6.54 6.82 7.09 7.07 6.50 5.98 5.63 5.57 5.57 5.67 5.75 5.81 5.87 5.87 5.64 4.99 4.25 3.92 3.86 3.92 4.16 4.69 5.36 5.93 6.30 6.51 6.65 6.78 6.85 6.71 6.45 6.29 6.29 6.25 6.13 6.14 6.21 6.32 6.45 6.52 6.62 6.86 7.27 7.78 8.10 8.21 8.17 8.00 7.68 7.39 7.18 6.87
6.38 6.43 6.56 6.72 6.93 7.31 7.61 7.50 6.94 6.09 5.17 4.22 3.45 3.14 3.21 3.51 3.83 4.18 4.69 5.18 5.62 5.89 5.87 5.51 5.05 4.80 4.88 5.15 5.39 5.59 5.76 5.82 5.85 6.05 6.47 6.82 6.63 6.26 5.96 5.97 6.07 6.18 6.21 6.23 6.22 6.14 5.89 5.41 4.87 4.49 4.43 4.66 5.19 5.76 6.19 6.39 6.51 6.60 6.65 6.63 6.50 6.21 5.99 5.96 6.05 6.00 5.85 5.94 6.09 6.12 6.11 6.17 6.07 5.89 5.97 6.35 6.93 7.38 7.76 8.05 8.20 8.22 8.13 7.87
6.39 6.45 6.61 6.85 7.18 7.49 7.42 6.86 5.96 4.92 4.01 3.30 2.91 2.78 2.75 2.77 2.90 3.24 3.76 4.36 4.87 5.20 5.17 4.95 4.80 4.83 4.93 4.98 4.85 4.75 4.81 4.94 5.14 5.43 5.89 6.40 6.53 6.27 6.09 6.22 6.33 6.41 6.53 6.79 6.91 6.88 6.73 6.53 6.44 6.37 6.27 6.58 7.05 7.31 7.24 6.87 6.60 6.46 6.31 6.08 5.85 5.66 5.56 5.66 5.78 5.69 5.54 5.66 5.76 5.70 5.66 5.69 5.48 5.12 4.94 5.08 5.45 5.83 6.22 6.69 7.13 7.39 7.45 7.50
6.42 6.49 6.68 6.98 7.26 7.24 6.73 5.83 4.82 3.94 3.37 3.16 3.14 3.19 3.18 3.13 3.16 3.33 3.61 3.98 4.32 4.51 4.63 4.87 5.16 5.34 5.39 5.28 5.11 5.07 5.09 5.17 5.33 5.45 5.54 5.88 6.18 6.17 6.18 6.39 6.54 6.72 7.00 7.43 7.56 7.51 7.39 7.33 7.43 7.66 7.82 7.86 7.71 7.30 6.82 6.55 6.40 6.20 5.88 5.50 5.19 5.07 5.11 5.30 5.54 5.61 5.57 5.59 5.54 5.45 5.41 5.41 5.23 4.86 4.51 4.38 4.57 4.73 4.81 5.03 5.39 5.72 5.79 5.79
6.44 6.51 6.68 6.91 6.91 6.47 5.64 4.67 3.85 3.36 3.24 3.34 3.54 3.78 4.03 4.23 4.33 4.39 4.55 4.82 5.06 5.19 5.31 5.48 5.61 5.76 6.07 6.36 6.55 6.63 6.62 6.60 6.54 6.34 5.83 5.68 5.95 6.23 6.52 6.81 7.01 7.27 7.60 7.87 7.79 7.59 7.46 7.48 7.67 7.95 8.11 8.02 7.59 6.90 6.43 6.40 6.37 6.11 5.66 5.19 4.88 4.81 5.02 5.38 5.77 5.97 5.98 5.84 5.58 5.45 5.40 5.41 5.24 4.79 4.17 3.69 3.60 3.56 3.45 3.54 3.87 4.21 4.22 4.13
6.45 6.46 6.48 6.38 5.94 5.16 4.26 3.54 3.14 3.09 3.29 3.63 3.97 4.35 4.86 5.43 5.89 6.18 6.46 6.71 6.85 6.82 6.62 6.29 6.00 6.09 6.62 7.08 7.32 7.32 7.19 7.02 6.79 6.47 5.92 5.76 6.02 6.50 6.99 7.31 7.51 7.67 7.78 7.75 7.47 7.24 7.23 7.39 7.64 7.86 7.80 7.69 7.62 7.52 7.26 6.91 6.56 6.21 5.87 5.60 5.46 5.45 5.65 5.96 6.22 6.27 6.13 5.94 5.73 5.69 5.72 5.63 5.29 4.56 3.66 2.97 2.72 2.53 2.41 2.52 2.72 2.91 3.07 3.23
6.45 6.44 6.28 5.82 5.04 4.19 3.52 3.14 3.09 3.35 3.76 4.25 4.78 5.35 5.99 6.71 7.30 7.79 8.13 8.18 7.94 7.50 6.93 6.46 6.23 6.40 6.75 6.76 6.48 6.24 5.97 5.77 5.67 5.59 5.61 5.90 6.30 6.79 7.27 7.51 7.57 7.50 7.29 7.02 6.86 6.78 6.90 7.12 7.39 7.60 7.53 7.44 7.47 7.55 7.47 7.06 6.61 6.27 6.05 5.96 6.00 6.15 6.30 6.46 6.50 6.33 6.02 5.88 5.96 6.24 6.32 6.01 5.41 4.48 3.46 2.84 2.59 2.35 2.22 2.31 2.42 2.47 2.58 2.91
6.47 6.40 6.12 5.63 5.08 4.61 4.28 4.07 4.07 4.32 4.69 5.17 5.81 6.52 7.22 7.80 8.25 8.49 8.43 8.04 7.41 6.72 6.24 6.16 6.39 6.74 6.83 6.39 5.78 5.43 5.28 5.29 5.44 5.49 5.67 6.12 6.57 6.95 7.23 7.31 7.21 6.95 6.59 6.30 6.22 6.28 6.39 6.56 6.70 6.67 6.65 6.67 6.69 6.66 6.57 6.47 6.29 6.07 5.89 5.81 5.91 6.23 6.54 6.75 6.70 6.47 6.21 6.14 6.29 6.57 6.56 6.13 5.59 5.00 4.21 3.63 3.21 2.84 2.74 2.86 2.92 2.90 2.98 3.42
6.39 6.25 5.90 5.76 5.57 5.46 5.37 5.39 5.54 5.71 5.88 6.24 6.85 7.58 8.18 8.47 8.46 8.12 7.46 6.64 5.90 5.48 5.50 5.88 6.41 6.99 7.18 7.01 6.77 6.68 6.66 6.67 6.55 6.31 6.20 6.40 6.66 6.86 6.95 6.88 6.59 6.21 5.92 5.81 5.79 5.86 6.02 6.05 5.77 5.30 5.05 5.12 5.32 5.40 5.48 5.66 5.80 5.82 5.79 5.80 5.96 6.31 6.59 6.68 6.54 6.34 6.23 6.25 6.27 6.32 6.23 5.88 5.77 5.77 5.51 4.91 4.31 3.75 3.89 4.13 4.13 4.07 4.27 4.98
6.23 6.03 5.80 5.92 5.88 6.01 6.21 6.50 6.84 7.09 7.26 7.51 7.95 8.42 8.57 8.37 7.83 7.02 6.16 5.46 5.07 5.04 5.36 5.86 6.45 7.21 7.59 7.82 7.95 7.98 7.90 7.68 7.34 6.94 6.62 6.57 6.64 6.67 6.60 6.34 5.90 5.56 5.51 5.64 5.75 5.93 6.11 6.01 5.39 4.66 4.27 4.18 4.11 4.28 4.72 5.24 5.66 5.87 5.92 5.99 6.18 6.43 6.47 6.35 6.14 5.97 5.89 5.86 5.81 5.83 5.77 5.70 6.07 6.54 6.77 6.58 6.04 5.57 5.88 6.10 6.05 6.00 6.28 6.75
6.15 6.02 5.92 6.04 6.30 6.72 7.20 7.59 7.87 8.04 8.21 8.39 8.54 8.49 8.12 7.46 6.66 5.86 5.26 4.98 5.16 5.58 6.05 6.45 6.95 7.47 7.62 7.58 7.60 7.58 7.44 7.27 7.13 6.99 6.70 6.53 6.46 6.33 6.06 5.72 5.51 5.63 5.85 6.04 6.19 6.40 6.50 6.38 5.98 5.53 5.19 4.88 4.50 4.64 5.10 5.57 5.91 6.15 6.29 6.38 6.45 6.52 6.45 6.30 6.14 5.96 5.77 5.68 5.72 5.85 5.89 5.99 6.44 6.94 7.38 7.64 7.73 7.74 7.92 8.05 7.98 7.85 7.81 7.59
6.19 6.13 6.06 6.22 6.63 7.14 7.56 7.84 7.97 8.05 8.16 8.26 8.18 7.77 7.07 6.27 5.54 4.97 4.66 4.75 5.36 6.04 6.54 6.90 7.28 7.46 7.16 6.65 6.34 6.21 6.15 6.27 6.50 6.68 6.58 6.40 6.17 5.87 5.57 5.51 5.84 6.35 6.56 6.61 6.65 6.76 6.77 6.69 6.54 6.57 6.58 6.42 6.17 6.00 6.00 5.98 6.09 6.33 6.62 6.77 6.80 6.84 6.76 6.64 6.48 6.30 6.16 6.21 6.40 6.47 6.41 6.41 6.57 6.77 7.13 7.69 8.24 8.62 8.79 8.76 8.50 8.23 7.87 7.21
6.18 6.15 6.08 6.19 6.49 6.81 6.95 7.01 7.05 7.16 7.32 7.37 7.16 6.69 6.02 5.30 4.69 4.44 4.53 4.93 5.54 6.07 6.48 6.76 6.96 6.85 6.29 5.67 5.20 4.95 5.00 5.26 5.62 5.94 6.17 6.21 6.05 5.88 5.90 6.24 6.70 6.91 6.88 6.83 6.82 6.85 6.80 6.61 6.54 6.67 6.84 6.97 6.96 6.73 6.25 5.95 6.05 6.36 6.67 6.90 7.08 7.23 7.21 7.08 6.89 6.72 6.66 6.75 6.84 6.70 6.56 6.52 6.47 6.50 6.74 7.19 7.70 8.09 8.25 8.24 8.04 7.69 7.14 6.40
6.16 6.18 6.21 6.25 6.27 6.20 6.08 5.96 5.98 6.19 6.39 6.34 6.00 5.47 4.86 4.38 4.33 4.73 5.42 6.00 6.29 6.47 6.60 6.68 6.60 6.14 5.33 4.66 4.20 4.01 4.05 4.23 4.45 4.82 5.26 5.65 5.99 6.29 6.61 6.86 6.94 6.85 6.71 6.69 6.73 6.74 6.62 6.35 6.12 5.99 6.03 6.25 6.47 6.39 6.03 5.87 6.01 6.33 6.64 6.96 7.28 7.52 7.51 7.37 7.16 6.96 6.80 6.67 6.49 6.22 6.19 6.27 6.33 6.39 6.54 6.68 6.83 6.91 7.03 7.32 7.52 7.46 7.15 6.84
6.35 6.49 6.67 6.59 6.32 5.96 5.69 5.50 5.54 5.72 5.72 5.38 4.78 4.12 3.66 3.76 4.50 5.58 6.43 6.88 7.08 7.12 7.05 6.95 6.74 6.29 5.44 4.56 4.03 3.87 3.85 3.91 4.08 4.34 4.72 5.29 5.92 6.38 6.51 6.42 6.28 6.23 6.26 6.35 6.47 6.50 6.37 6.01 5.54 5.16 5.02 5.06 5.24 5.50 5.61 5.74 5.92 6.21 6.54 6.91 7.29 7.54 7.50 7.35 7.16 6.97 6.74 6.46 6.19 5.94 5.91 6.02 6.17 6.20 6.20 6.35 6.31 6.15 6.05 6.30 6.73 7.13 7.43 7.65
6.64 6.81 6.92 6.75 6.45 6.09 5.80 5.64 5.55 5.31 4.79 4.08 3.39 2.92 2.87 3.31 4.28 5.42 6.23 6.81 7.15 7.27 7.22 7.17 7.13 6.90 6.42 5.78 5.35 5.29 5.34 5.29 5.36 5.45 5.60 5.87 6.15 6.24 6.08 5.86 5.70 5.70 5.92 6.15 6.34 6.36 6.20 5.82 5.33 4.95 4.68 4.33 4.10 4.23 4.65 5.20 5.72 6.12 6.46 6.82 7.16 7.28 7.19 7.01 6.94 6.92 6.84 6.64 6.41 6.12 5.95 5.96 6.04 6.07 6.16 6.30 6.20 5.95 5.63 5.47 5.59 5.94 6.39 6.83
6.62 6.60 6.50 6.36 6.18 5.94 5.73 5.49 5.08 4.40 3.50 2.86 2.60 2.72 3.08 3.62 4.22 4.81 5.41 6.05 6.46 6.67 6.89 7.19 7.35 7.28 7.26 7.33 7.40 7.48 7.48 7.44 7.34 7.11 6.89 6.70 6.48 6.26 6.07 5.87 5.72 5.73 6.02 6.27 6.40 6.36 6.21 5.98 5.70 5.37 4.89 4.17 3.58 3.63 4.21 5.04 5.77 6.25 6.58 6.89 7.03 6.93 6.77 6.73 6.82 6.95 7.01 6.90 6.69 6.36 6.17 6.14 6.14 6.11 6.07 6.03 6.01 5.91 5.64 5.24 4.83 4.58 4.61 4.84
6.35 6.09 5.88 5.86 5.79 5.64 5.43 4.93 4.34 3.72 3.30 3.18 3.39 3.95 4.90 5.72 5.77 5.60 5.56 5.63 5.80 6.09 6.66 7.21 7.35 7.31 7.51 7.90 8.25 8.46 8.46 8.35 8.13 7.75 7.34 6.97 6.63 6.37 6.15 5.92 5.90 6.09 6.37 6.46 6.39 6.27 6.19 6.14 6.01 5.62 4.96 4.27 4.09 4.53 5.19 5.73 6.11 6.41 6.69 6.84 6.73 6.53 6.53 6.73 6.90 7.01 7.06 7.06 6.97 6.81 6.60 6.50 6.34 6.06 5.69 5.53 5.67 5.81 5.70 5.35 4.80 4.40 4.29 4.38
6.17 5.93 5.70 5.69 5.71 5.68 5.45 5.03 4.60 4.39 4.58 5.06 5.66 6.56 7.57 8.22 8.39 7.93 7.23 6.79 6.66 6.86 7.31 7.49 7.32 7.12 7.13 7.30 7.55 7.79 7.89 7.85 7.75 7.55 7.30 7.03 6.74 6.46 6.13 5.92 6.10 6.47 6.66 6.46 6.21 6.07 6.05 6.10 6.08 5.84 5.43 5.23 5.48 6.02 6.28 6.23 6.18 6.36 6.57 6.57 6.41 6.37 6.52 6.69 6.78 6.80 6.81 6.88 7.01 7.11 6.98 6.76 6.44 6.01 5.60 5.41 5.53 5.71 5.72 5.60 5.50 5.55 5.63 5.53
6.21 6.07 5.88 5.86 5.97 6.11 6.18 6.13 6.08 6.22 6.75 7.52 8.37 9.09 9.52 9.63 9.64 9.43 9.09 8.75 8.50 8.39 8.25 7.86 7.37 7.00 6.79 6.65 6.49 6.42 6.47 6.58 6.64 6.71 6.80 6.86 6.80 6.56 6.26 6.14 6.31 6.40 6.27 6.01 5.87 5.93 6.05 6.18 6.37 6.55 6.62 6.67 6.81 6.91 6.66 6.26 6.23 6.44 6.54 6.47 6.40 6.43 6.43 6.39 6.36 6.29 6.23 6.37 6.62 6.86 6.93 6.78 6.46 6.11 5.81 5.66 5.66 5.73 5.78 5.84 6.03 6.29 6.44 6.39
6.34 6.30 6.22 6.22 6.33 6.54 6.81 7.11 7.51 8.05 8.70 9.35 9.77 9.85 9.64 9.25 8.94 8.98 9.07 9.03 8.91 8.70 8.35 7.81 7.27 6.93 6.74 6.58 6.29 5.92 5.66 5.59 5.62 5.79 6.04 6.33 6.52 6.50 6.34 6.17 5.96 5.65 5.35 5.37 5.74 6.11 6.34 6.50 6.76 7.18 7.52 7.65 7.63 7.50 7.20 6.90 6.90 6.91 6.78 6.63 6.50 6.35 6.20 6.10 6.05 5.91 5.78 5.86 6.10 6.38 6.59 6.59 6.38 6.13 5.95 5.85 5.76 5.70 5.74 5.83 5.97 6.11 6.20 6.23
6.48 6.50 6.48 6.49 6.61 6.78 7.05 7.51 8.22 8.93 9.39 9.50 9.27 8.80 8.22 7.67 7.36 7.43 7.55 7.69 7.82 7.84 7.70 7.38 7.03 6.78 6.68 6.63 6.51 6.33 6.12 5.96 5.99 6.07 6.11 6.12 6.17 6.25 6.18 5.92 5.54 5.27 5.31 5.70 6.25 6.61 6.77 6.85 6.99 7.31 7.67 7.89 7.97 8.01 8.04 7.95 7.81 7.52 7.11 6.78 6.49 6.21 6.07 6.02 5.90 5.69 5.59 5.67 5.89 6.14 6.29 6.29 6.18 6.06 5.97 5.88 5.76 5.70 5.73 5.79 5.88 6.00 6.03 6.00
6.50 6.47 6.46 6.57 6.79 7.05 7.43 7.96 8.54 8.84 8.77 8.40 7.84 7.23 6.71 6.36 6.20 6.20 6.24 6.44 6.75 6.95 7.06 6.98 6.82 6.69 6.59 6.46 6.35 6.44 6.61 6.76 6.84 6.80 6.64 6.38 6.19 6.17 6.10 5.97 5.89 5.97 6.20 6.60 6.96 7.12 7.13 7.08 7.04 7.09 7.29 7.55 7.82 8.09 8.33 8.39 8.18 7.80 7.29 6.81 6.45 6.22 6.08 5.89 5.63 5.50 5.59 5.79 6.01 6.11 6.06 6.00 5.99 5.96 5.86 5.74 5.65 5.64 5.69 5.76 5.89 6.03 6.04 6.01
6.37 6.28 6.31 6.57 6.89 7.29 7.81 8.21 8.32 8.04 7.53 7.06 6.61 6.18 5.79 5.50 5.36 5.40 5.60 5.91 6.23 6.56 6.73 6.65 6.61 6.74 6.71 6.51 6.30 6.27 6.33 6.41 6.45 6.47 6.48 6.43 6.32 6.26 6.25 6.36 6.52 6.65 6.83 7.16 7.41 7.42 7.26 7.02 6.83 6.76 6.79 6.96 7.18 7.42 7.68 7.81 7.74 7.48 7.12 6.76 6.47 6.23 5.94 5.64 5.46 5.52 5.75 5.99 6.11 6.00 5.79 5.73 5.75 5.74 5.65 5.52 5.39 5.35 5.43 5.60 5.76 5.83 5.78 5.78
6.29 6.21 6.27 6.50 6.80 7.22 7.64 7.68 7.35 6.81 6.27 5.79 5.42 5.12 4.83 4.70 4.87 5.23 5.60 5.94 6.35 6.72 6.67 6.42 6.58 6.93 7.01 6.92 6.76 6.48 6.15 5.76 5.53 5.58 5.82 6.04 6.18 6.25 6.36 6.55 6.72 6.85 7.06 7.35 7.45 7.31 7.01 6.70 6.52 6.47 6.46 6.46 6.46 6.44 6.39 6.49 6.58 6.62 6.65 6.62 6.48 6.21 5.87 5.63 5.63 5.77 5.97 6.11 6.05 5.79 5.55 5.45 5.43 5.47 5.47 5.39 5.23 5.11 5.16 5.38 5.48 5.37 5.21 5.16
