project/data/elevation/US_DEM2016/US_DEM2016_point_11-01-2019_1624_30m_vel.asc
ncols	125
nrows	167
xllcorner	-2042055.000000
yllcorner	1465035.000000
cellsize	30.000000
NODATA_value	-9999.000000
[rows 38 to 75 of 167, columns 0 to 83 of 125]
5.42 5.21 4.77 4.43 4.09 3.86 3.67 3.41 3.16 2.95 2.88 2.94 3.17 3.53 3.85 3.97 3.94 3.98 4.23 4.59 4.78 4.85 4.89 5.00 5.15 5.27 5.41 5.51 5.36 5.06 4.69 4.37 4.20 4.20 4.35 4.68 5.04 5.23 5.43 5.78 6.13 6.21 6.16 6.08 6.01 5.89 5.47 4.78 4.32 4.06 4.01 4.06 4.04 4.08 4.23 4.30 4.35 4.52 4.63 4.72 4.67 4.33 4.07 3.82 3.53 3.28 3.05 2.96 3.01 3.15 3.22 3.24 3.43 3.79 4.01 4.20 4.48 5.01 5.66 6.35 6.84 7.03 6.84 6.36
5.31 4.83 4.12 3.75 3.47 3.31 3.17 3.02 2.93 2.86 2.87 2.97 3.18 3.41 3.62 3.75 3.79 3.83 3.90 3.96 3.89 3.81 3.82 3.98 4.35 4.78 5.14 5.45 5.55 5.42 5.15 4.86 4.65 4.62 4.87 5.32 5.62 5.78 5.90 6.13 6.36 6.34 6.26 6.12 5.95 5.70 5.19 4.63 4.23 3.96 3.97 4.17 4.24 4.15 4.28 4.41 4.54 4.69 4.61 4.42 4.05 3.55 3.15 3.02 2.94 2.84 2.64 2.57 2.67 2.81 2.87 2.91 3.13 3.49 3.72 3.85 4.00 4.39 4.90 5.23 5.29 5.55 6.08 6.29
5.03 4.48 3.71 3.32 3.15 3.08 3.08 3.11 3.18 3.27 3.39 3.54 3.61 3.57 3.53 3.56 3.64 3.68 3.59 3.40 3.31 3.33 3.49 3.76 4.22 4.62 4.95 5.25 5.48 5.57 5.51 5.35 5.28 5.46 5.82 6.22 6.49 6.60 6.46 6.26 6.21 5.85 5.58 5.57 5.51 5.54 5.44 5.31 5.08 4.88 4.67 4.62 4.58 4.36 4.35 4.42 4.53 4.60 4.38 3.96 3.44 2.84 2.27 2.08 2.07 2.11 2.22 2.38 2.53 2.60 2.57 2.67 3.00 3.34 3.54 3.60 3.66 3.89 4.28 4.52 4.45 4.61 5.37 6.25
4.82 4.40 3.81 3.54 3.46 3.46 3.49 3.54 3.65 3.83 4.01 4.08 3.96 3.73 3.57 3.56 3.63 3.65 3.55 3.40 3.42 3.57 3.78 3.99 4.18 4.40 4.54 4.75 5.11 5.43 5.70 5.74 5.91 6.23 6.56 6.84 7.00 6.88 6.57 6.15 5.77 5.36 5.00 4.84 4.99 5.12 5.32 5.45 5.57 5.63 5.52 5.14 4.76 4.40 4.23 4.19 4.16 4.07 3.86 3.55 3.12 2.61 2.13 1.99 2.06 2.18 2.32 2.44 2.47 2.47 2.49 2.60 2.91 3.24 3.36 3.33 3.40 3.70 4.06 4.20 4.16 4.20 4.66 5.66
4.77 4.53 4.17 3.99 3.92 3.86 3.82 3.88 4.06 4.27 4.38 4.31 4.02 3.83 3.77 3.82 3.87 3.90 3.90 3.94 4.06 4.20 4.32 4.43 4.53 4.53 4.49 4.56 4.85 5.20 5.71 6.25 6.58 6.87 6.97 6.83 6.61 6.28 5.86 5.47 5.13 4.83 4.47 4.29 4.35 4.52 4.74 4.87 5.07 5.22 5.25 4.99 4.59 4.17 3.99 3.97 3.90 3.73 3.57 3.52 3.33 3.06 2.85 2.83 2.90 2.84 2.68 2.55 2.55 2.59 2.57 2.58 2.75 2.97 2.95 2.79 3.03 3.56 3.91 3.96 3.95 4.07 4.48 5.22
4.72 4.55 4.31 4.19 4.14 4.12 4.17 4.35 4.55 4.67 4.62 4.41 4.08 3.94 3.95 4.03 4.14 4.22 4.34 4.54 4.74 4.87 4.94 4.97 4.98 4.88 4.81 4.83 4.99 5.19 5.69 6.26 6.68 6.97 6.81 6.37 5.86 5.40 4.97 4.73 4.59 4.39 4.08 3.81 3.83 4.02 4.14 4.04 3.86 3.67 3.69 3.90 3.99 3.92 3.92 4.07 4.15 4.13 4.12 4.11 3.99 3.88 3.84 3.82 3.55 3.17 3.01 3.01 2.99 2.77 2.47 2.33 2.50 2.67 2.58 2.48 2.76 3.34 3.64 3.59 3.70 4.11 4.59 4.92
4.67 4.56 4.44 4.44 4.54 4.74 4.96 5.11 5.15 5.06 4.82 4.50 4.19 4.04 4.04 4.16 4.32 4.48 4.67 4.90 5.11 5.20 5.22 5.16 5.07 4.93 4.89 4.95 5.13 5.36 5.83 6.23 6.44 6.41 6.13 5.83 5.46 5.04 4.50 4.16 4.04 3.95 3.77 3.51 3.43 3.58 3.43 3.16 2.86 2.70 2.76 2.99 3.30 3.58 3.94 4.35 4.59 4.68 4.69 4.60 4.50 4.44 4.27 4.00 3.58 3.43 3.52 3.45 3.04 2.44 2.13 2.18 2.40 2.53 2.55 2.63 2.95 3.36 3.51 3.36 3.45 3.95 4.31 4.44
4.80 4.81 4.87 5.00 5.19 5.41 5.58 5.61 5.51 5.28 4.97 4.64 4.40 4.28 4.34 4.46 4.58 4.73 4.90 5.04 5.08 5.04 4.97 4.90 4.85 4.80 4.80 4.91 5.24 5.62 6.05 5.95 5.88 5.58 5.35 5.31 5.12 4.82 4.28 3.85 3.58 3.49 3.37 3.12 3.06 3.11 3.02 2.99 3.02 3.06 3.01 2.91 2.96 3.33 3.94 4.49 4.66 4.65 4.60 4.61 4.55 4.53 4.30 4.06 3.97 4.01 3.83 3.27 2.57 2.21 2.26 2.56 2.75 2.83 2.90 3.10 3.42 3.63 3.62 3.50 3.48 3.65 3.90 4.05
5.02 5.10 5.26 5.43 5.54 5.59 5.57 5.48 5.34 5.13 4.91 4.67 4.61 4.69 4.84 4.92 4.96 5.00 5.02 4.98 4.86 4.72 4.60 4.57 4.65 4.72 4.81 5.04 5.46 5.84 6.00 5.77 5.32 5.00 4.78 4.63 4.52 4.41 4.14 3.74 3.31 3.09 3.04 3.03 3.09 3.15 3.31 3.41 3.44 3.23 2.92 2.78 3.05 3.64 4.23 4.49 4.48 4.40 4.41 4.52 4.49 4.50 4.44 4.37 4.29 4.04 3.38 2.90 2.75 2.91 3.20 3.38 3.44 3.48 3.59 3.77 3.94 3.99 3.95 3.91 3.82 3.77 3.88 4.08
5.15 5.19 5.29 5.38 5.36 5.26 5.10 4.91 4.74 4.64 4.53 4.43 4.49 4.73 4.96 5.08 5.11 5.05 4.92 4.77 4.64 4.52 4.43 4.41 4.50 4.64 4.83 5.17 5.60 5.82 5.68 5.24 4.87 4.56 4.26 4.02 3.92 3.96 3.96 3.78 3.33 3.09 3.14 3.40 3.52 3.62 3.66 3.42 3.02 2.59 2.47 2.80 3.67 4.54 4.86 4.74 4.59 4.49 4.50 4.57 4.53 4.57 4.50 4.38 4.12 3.70 3.39 3.47 3.86 4.26 4.50 4.54 4.51 4.46 4.46 4.54 4.60 4.58 4.55 4.54 4.29 4.11 4.19 4.32
5.20 5.18 5.08 5.04 4.96 4.78 4.56 4.34 4.18 4.10 4.04 4.01 4.08 4.32 4.57 4.73 4.81 4.80 4.69 4.56 4.45 4.37 4.31 4.29 4.34 4.47 4.65 5.04 5.53 5.68 5.46 5.02 4.66 4.31 3.87 3.51 3.47 3.59 3.70 3.65 3.37 3.15 3.18 3.39 3.52 3.60 3.55 3.08 2.67 2.59 2.95 3.93 5.06 5.63 5.61 5.18 4.88 4.69 4.64 4.74 4.78 4.79 4.69 4.53 4.51 4.65 5.03 5.51 5.92 6.20 6.27 6.24 6.17 6.08 5.99 5.95 5.91 5.75 5.52 5.15 4.64 4.30 4.37 4.43
5.25 5.20 4.92 4.73 4.65 4.52 4.32 4.11 3.98 3.87 3.88 3.89 3.98 4.15 4.32 4.45 4.53 4.56 4.51 4.40 4.27 4.17 4.12 4.12 4.16 4.25 4.40 4.85 5.44 5.55 5.30 5.01 4.72 4.37 3.91 3.45 3.34 3.28 3.25 3.21 3.05 2.85 2.78 2.85 3.05 3.26 3.41 3.24 3.14 3.46 4.46 5.67 6.34 6.38 5.98 5.40 5.02 4.85 4.85 5.06 5.18 5.27 5.23 5.37 5.76 6.33 6.95 7.49 7.86 8.04 8.09 8.07 8.01 7.94 7.81 7.63 7.41 7.12 6.61 5.84 5.05 4.51 4.41 4.36
5.34 5.22 4.87 4.61 4.51 4.47 4.39 4.26 4.13 4.08 4.23 4.34 4.43 4.53 4.61 4.63 4.61 4.54 4.42 4.28 4.13 4.01 3.95 3.94 3.99 4.11 4.32 4.85 5.37 5.32 4.88 4.78 4.67 4.47 4.27 3.93 3.59 3.21 2.95 2.89 2.85 2.80 2.82 2.91 3.09 3.34 3.75 4.04 4.36 5.09 6.18 6.80 6.85 6.35 5.82 5.33 5.05 4.96 4.91 5.00 5.15 5.38 5.55 5.84 6.40 6.97 7.41 7.80 8.05 8.20 8.30 8.36 8.38 8.36 8.23 8.00 7.74 7.49 7.08 6.54 5.91 5.23 4.64 4.32
5.39 5.17 4.77 4.61 4.50 4.42 4.40 4.39 4.35 4.37 4.62 4.87 5.00 5.06 5.05 4.94 4.77 4.56 4.38 4.23 4.11 3.98 3.86 3.80 3.88 4.08 4.37 4.85 5.12 4.80 4.36 4.31 4.32 4.39 4.40 4.32 3.92 3.49 3.26 3.25 3.38 3.58 3.76 3.83 3.93 4.25 4.93 5.69 6.42 7.00 7.27 7.16 6.59 5.85 5.42 5.07 4.85 4.68 4.53 4.45 4.56 4.79 5.24 5.55 5.93 6.17 6.14 6.10 6.04 6.16 6.37 6.66 6.77 6.80 6.70 6.56 6.54 6.44 6.31 6.25 6.13 5.84 5.35 4.71
5.31 4.95 4.46 4.34 4.28 4.24 4.27 4.35 4.42 4.51 4.74 5.05 5.21 5.25 5.16 4.94 4.67 4.44 4.29 4.18 4.06 3.93 3.79 3.73 3.86 4.10 4.37 4.68 4.70 4.24 3.91 3.91 3.93 4.01 4.19 4.20 4.09 3.97 3.94 4.12 4.34 4.55 4.68 4.83 5.12 5.68 6.45 7.10 7.50 7.57 7.35 6.77 6.09 5.45 5.08 4.77 4.50 4.21 4.08 4.01 4.13 4.35 4.61 4.85 4.92 4.64 4.25 3.81 3.66 3.73 3.92 4.20 4.33 4.30 4.34 4.33 4.50 4.57 4.61 4.80 5.13 5.33 5.30 5.02
5.09 4.68 4.12 3.90 3.87 3.96 4.12 4.28 4.44 4.56 4.68 4.83 4.93 4.88 4.72 4.49 4.28 4.14 4.03 3.94 3.83 3.75 3.73 3.81 3.98 4.14 4.32 4.48 4.40 4.09 3.88 3.85 3.83 3.82 3.85 3.92 4.06 4.15 4.29 4.55 4.83 4.98 5.15 5.44 6.00 6.67 7.19 7.43 7.31 7.00 6.60 6.15 5.67 5.25 4.93 4.64 4.37 4.12 4.10 4.15 4.30 4.42 4.41 4.38 4.10 3.67 3.32 3.13 3.12 3.09 2.95 2.76 2.69 2.69 2.73 2.79 2.96 3.11 3.17 3.17 3.32 3.58 3.79 3.98
4.86 4.54 4.04 3.79 3.70 3.71 3.83 4.05 4.24 4.36 4.36 4.32 4.24 4.06 3.86 3.77 3.71 3.63 3.59 3.62 3.69 3.74 3.84 3.99 4.09 4.20 4.32 4.43 4.46 4.43 4.28 4.08 3.91 3.74 3.60 3.64 3.80 3.94 4.09 4.31 4.61 4.85 5.13 5.65 6.41 6.95 7.09 6.69 6.02 5.75 5.66 5.61 5.43 5.19 4.91 4.68 4.47 4.36 4.46 4.53 4.57 4.55 4.32 4.10 3.80 3.54 3.52 3.52 3.40 3.09 2.62 2.14 1.93 1.87 1.86 1.90 1.98 2.01 1.97 1.85 1.81 1.92 2.22 2.74
4.78 4.58 4.28 4.07 3.91 3.71 3.54 3.57 3.73 3.87 3.87 3.76 3.51 3.24 3.08 3.06 3.07 3.07 3.20 3.47 3.78 4.02 4.16 4.19 4.24 4.32 4.42 4.58 4.66 4.72 4.47 4.12 3.86 3.62 3.44 3.41 3.55 3.73 3.83 3.96 4.18 4.51 4.96 5.71 6.47 6.73 6.34 5.57 5.10 4.97 5.01 5.10 5.12 5.06 4.83 4.66 4.51 4.49 4.59 4.53 4.36 4.16 3.94 3.80 3.80 3.85 3.93 3.83 3.33 2.71 2.13 1.81 1.71 1.64 1.56 1.50 1.42 1.24 1.11 1.16 1.37 1.76 2.38 3.01
4.91 4.90 4.79 4.58 4.32 4.02 3.63 3.47 3.48 3.60 3.62 3.45 3.20 3.02 2.93 2.89 2.94 3.07 3.32 3.68 4.05 4.38 4.49 4.51 4.57 4.66 4.69 4.74 4.84 4.83 4.47 4.18 4.05 3.89 3.64 3.57 3.76 3.95 3.99 4.04 4.18 4.48 4.99 5.83 6.31 6.13 5.30 4.63 4.29 4.24 4.38 4.56 4.73 4.74 4.60 4.48 4.36 4.29 4.23 3.97 3.65 3.42 3.41 3.57 3.96 4.16 4.05 3.63 2.95 2.43 2.18 2.17 2.16 1.92 1.61 1.45 1.28 1.36 1.17 1.43 1.94 2.75 3.68 4.14
5.14 5.22 5.18 4.98 4.71 4.42 4.12 3.92 3.79 3.76 3.71 3.60 3.51 3.49 3.54 3.61 3.70 3.87 4.03 4.24 4.51 4.78 4.92 5.02 5.12 5.18 5.07 5.03 5.16 5.25 5.13 4.96 4.85 4.66 4.31 4.19 4.38 4.54 4.60 4.63 4.69 4.78 5.19 5.83 5.95 5.27 4.40 3.77 3.49 3.52 3.75 4.04 4.31 4.33 4.27 4.19 4.04 3.84 3.61 3.38 3.27 3.28 3.50 3.78 4.13 4.14 3.77 3.25 2.80 2.75 2.94 3.01 2.69 2.19 1.80 1.67 1.69 1.78 2.05 2.62 3.51 4.50 5.01 4.89
5.28 5.22 5.09 5.00 4.92 4.81 4.61 4.38 4.15 3.95 3.86 3.90 4.04 4.22 4.46 4.62 4.79 4.95 5.05 5.11 5.23 5.29 5.40 5.58 5.72 5.64 5.47 5.41 5.57 5.65 5.60 5.45 5.30 5.05 4.72 4.55 4.62 4.79 4.95 5.07 5.11 5.11 5.32 5.54 5.20 4.32 3.56 3.07 2.87 2.88 3.11 3.40 3.71 3.91 3.95 3.92 3.82 3.67 3.57 3.64 3.76 4.00 4.26 4.40 4.40 4.11 3.65 3.40 3.42 3.63 3.76 3.50 2.88 2.31 2.15 2.30 2.56 2.91 3.49 4.28 5.14 5.60 5.47 4.85
5.32 5.04 4.74 4.74 4.85 4.94 4.87 4.59 4.24 3.97 3.88 4.00 4.30 4.68 5.02 5.25 5.43 5.59 5.74 5.80 5.76 5.71 5.77 5.94 5.98 5.88 5.77 5.75 5.80 5.64 5.21 4.88 4.70 4.59 4.51 4.52 4.57 4.72 4.91 5.12 5.26 5.25 5.22 5.02 4.33 3.42 2.79 2.47 2.35 2.43 2.52 2.70 3.13 3.57 3.80 3.88 3.92 3.94 4.05 4.15 4.35 4.68 4.98 5.13 4.96 4.68 4.23 4.16 4.39 4.52 4.19 3.58 3.04 2.91 3.15 3.51 3.97 4.53 5.19 5.79 6.04 5.81 5.15 4.45
5.33 4.97 4.51 4.41 4.44 4.50 4.53 4.39 4.13 3.89 3.78 3.85 4.12 4.50 4.84 5.04 5.17 5.26 5.32 5.37 5.46 5.55 5.66 5.67 5.55 5.49 5.58 5.74 5.75 5.53 5.07 4.54 4.22 4.12 4.33 4.61 4.80 4.90 4.97 5.05 5.12 5.00 4.78 4.42 3.78 2.95 2.39 2.20 2.26 2.38 2.41 2.51 2.89 3.45 3.86 4.13 4.31 4.43 4.50 4.50 4.67 5.14 5.58 5.79 5.67 5.53 5.30 5.08 5.14 5.09 4.63 4.15 4.02 4.43 4.99 5.51 5.99 6.39 6.63 6.56 6.14 5.44 4.75 4.27
5.26 4.82 4.23 4.05 3.87 3.76 3.80 3.86 3.81 3.63 3.45 3.39 3.48 3.66 3.85 3.96 4.02 3.95 3.75 3.73 4.13 4.60 4.76 4.60 4.31 4.45 4.95 5.34 5.45 5.42 5.36 5.19 4.91 4.70 4.69 4.86 4.99 5.03 4.95 4.82 4.70 4.53 4.33 4.17 3.81 3.21 2.78 2.77 2.90 3.00 3.06 3.17 3.36 3.69 4.02 4.31 4.59 4.86 4.99 5.13 5.44 5.92 6.16 6.14 6.01 5.98 5.95 5.95 5.96 5.92 5.81 5.80 6.10 6.56 6.95 7.25 7.42 7.40 7.12 6.51 5.81 5.15 4.64 4.25
5.01 4.49 3.85 3.66 3.51 3.38 3.33 3.39 3.41 3.24 2.96 2.72 2.58 2.53 2.55 2.62 2.65 2.50 2.38 2.48 2.86 3.30 3.45 3.28 3.23 3.65 4.46 4.94 5.02 4.90 5.09 5.33 5.41 5.35 5.10 4.91 4.77 4.71 4.55 4.34 4.20 4.28 4.35 4.50 4.48 4.37 4.16 4.12 4.15 4.18 4.22 4.18 4.09 4.09 4.14 4.27 4.52 4.90 5.31 5.77 6.23 6.40 6.24 5.85 5.45 5.53 5.92 6.16 6.42 6.64 6.88 7.20 7.53 7.70 7.73 7.68 7.53 7.18 6.61 5.98 5.45 4.99 4.60 4.21
4.78 4.37 3.78 3.51 3.41 3.35 3.28 3.22 3.17 3.03 2.71 2.34 2.05 1.90 1.86 1.87 1.89 2.01 2.17 2.34 2.50 2.58 2.58 2.58 2.85 3.51 4.38 4.76 4.64 4.25 4.30 4.60 4.94 5.13 4.95 4.54 4.16 3.97 3.92 3.87 3.92 4.27 4.67 5.06 5.21 5.33 5.34 5.24 5.15 5.07 4.81 4.52 4.34 4.28 4.26 4.32 4.54 4.97 5.50 5.97 6.20 6.03 5.57 4.97 4.69 4.88 5.41 5.82 6.11 6.49 6.84 7.10 7.26 7.23 7.04 6.73 6.36 5.91 5.57 5.24 4.90 4.60 4.34 4.05
4.76 4.53 4.11 3.79 3.63 3.55 3.42 3.26 3.19 3.11 2.92 2.65 2.39 2.18 2.03 1.96 2.03 2.35 2.73 2.87 2.78 2.63 2.59 2.66 3.05 3.84 4.56 4.73 4.37 3.84 3.68 3.75 4.03 4.27 4.33 4.15 3.84 3.64 3.64 3.86 4.15 4.64 5.04 5.32 5.38 5.46 5.52 5.56 5.49 5.23 4.71 4.36 4.27 4.32 4.38 4.49 4.74 5.19 5.60 5.76 5.54 5.02 4.54 4.23 4.29 4.64 5.02 5.24 5.39 5.69 5.93 5.98 5.85 5.72 5.58 5.28 4.87 4.51 4.31 4.24 4.07 3.88 3.69 3.53
4.78 4.64 4.38 4.16 3.97 3.78 3.59 3.48 3.47 3.51 3.52 3.45 3.31 3.07 2.78 2.57 2.58 2.81 3.14 3.42 3.39 3.27 3.25 3.40 3.78 4.42 4.89 4.91 4.53 3.91 3.58 3.40 3.35 3.51 3.87 4.16 4.26 4.31 4.38 4.55 4.82 5.12 5.25 5.23 5.10 5.10 5.23 5.37 5.34 5.14 4.75 4.47 4.37 4.41 4.50 4.60 4.83 5.22 5.48 5.31 4.85 4.38 4.06 3.93 4.02 4.31 4.59 4.66 4.70 4.88 5.00 4.92 4.64 4.34 4.14 4.07 3.79 3.43 3.07 2.98 2.99 2.83 2.65 2.52
4.78 4.65 4.44 4.25 4.09 3.94 3.86 3.88 4.01 4.19 4.34 4.35 4.15 3.86 3.52 3.21 3.06 3.14 3.35 3.74 3.98 4.17 4.32 4.43 4.64 5.10 5.41 5.34 5.02 4.49 4.11 3.81 3.61 3.70 4.07 4.52 4.90 5.18 5.26 5.25 5.24 5.25 5.14 4.97 4.80 4.75 4.84 4.87 4.86 4.86 4.80 4.65 4.53 4.54 4.65 4.78 5.02 5.31 5.28 4.83 4.31 4.01 3.81 3.66 3.70 4.01 4.33 4.37 4.25 4.26 4.23 4.12 3.94 3.57 3.18 3.00 2.87 2.57 2.13 1.83 1.77 1.70 1.57 1.53
4.80 4.66 4.44 4.21 4.05 4.00 4.03 4.17 4.43 4.73 4.97 4.99 4.86 4.62 4.32 3.95 3.63 3.54 3.67 3.98 4.34 4.78 4.94 5.05 5.34 5.79 5.89 5.66 5.32 5.03 4.84 4.65 4.50 4.48 4.60 4.82 5.03 5.19 5.23 5.15 5.06 5.00 4.88 4.67 4.47 4.30 4.25 4.17 4.11 4.19 4.35 4.46 4.54 4.63 4.83 5.04 5.24 5.21 4.78 4.17 3.81 3.66 3.52 3.57 3.77 4.10 4.21 3.99 3.68 3.56 3.48 3.37 3.33 3.10 2.66 2.26 2.03 1.83 1.44 1.04 0.89 0.98 1.11 1.28
4.81 4.63 4.34 4.11 3.95 3.90 3.91 3.99 4.21 4.52 4.82 5.03 5.16 5.18 5.08 4.83 4.44 4.15 4.12 4.23 4.46 4.90 5.18 5.44 5.84 6.13 6.01 5.54 5.12 5.03 5.12 5.19 5.18 4.99 4.82 4.74 4.67 4.61 4.60 4.69 4.76 4.78 4.67 4.42 4.16 3.96 3.82 3.63 3.47 3.42 3.56 3.86 4.23 4.51 4.80 4.99 4.98 4.62 3.98 3.60 3.47 3.40 3.45 3.72 3.95 3.98 3.71 3.19 2.76 2.56 2.52 2.37 2.26 2.25 2.06 1.70 1.39 1.24 1.10 0.87 0.81 1.02 1.34 1.79
4.74 4.50 4.13 3.98 3.86 3.77 3.67 3.57 3.51 3.58 3.81 4.28 4.79 5.22 5.49 5.49 5.24 4.87 4.61 4.56 4.66 4.97 5.28 5.84 6.00 6.02 5.64 5.14 4.66 4.55 4.70 4.92 5.02 4.88 4.68 4.50 4.38 4.36 4.49 4.69 4.76 4.71 4.55 4.37 4.22 4.05 3.82 3.44 3.05 2.86 2.96 3.35 3.91 4.30 4.55 4.55 4.23 3.67 3.26 3.16 3.10 3.03 3.23 3.51 3.53 3.32 2.95 2.45 2.01 1.71 1.57 1.50 1.44 1.40 1.36 1.29 1.19 1.16 1.25 1.35 1.55 1.84 2.20 2.70
4.65 4.36 3.99 3.90 3.84 3.76 3.64 3.46 3.18 2.94 2.91 3.23 3.87 4.63 5.28 5.62 5.67 5.48 5.22 5.09 5.11 5.24 5.43 5.79 5.95 5.73 5.26 4.73 4.22 3.94 3.90 4.00 4.20 4.36 4.43 4.42 4.41 4.48 4.67 4.82 4.79 4.65 4.52 4.45 4.38 4.07 3.62 3.09 2.83 2.92 3.25 3.73 4.17 4.37 4.32 4.02 3.49 3.02 2.81 2.73 2.61 2.54 2.62 2.76 2.83 2.80 2.73 2.52 2.21 1.96 1.84 1.73 1.57 1.37 1.28 1.36 1.50 1.67 1.96 2.28 2.59 2.98 3.34 3.87
4.59 4.33 4.01 3.93 3.90 3.86 3.79 3.71 3.53 3.22 2.96 2.97 3.32 3.93 4.64 5.23 5.58 5.82 5.72 5.72 5.77 5.80 5.92 6.11 6.02 5.63 5.14 4.63 4.12 3.83 3.71 3.71 3.77 3.91 4.12 4.34 4.45 4.51 4.63 4.76 4.66 4.47 4.33 4.29 4.19 3.73 3.33 3.24 3.53 4.02 4.46 4.71 4.73 4.56 4.28 3.92 3.60 3.35 3.16 2.96 2.81 2.73 2.73 2.80 3.09 3.40 3.59 3.55 3.36 3.18 2.97 2.66 2.22 1.91 1.80 1.89 2.14 2.48 2.88 3.36 3.90 4.46 4.95 5.67
4.56 4.30 4.04 3.99 4.00 3.98 3.98 4.07 4.18 4.16 3.97 3.76 3.77 3.99 4.37 4.92 5.41 5.89 6.04 6.19 6.37 6.39 6.61 6.34 6.09 5.62 5.26 4.97 4.62 4.48 4.46 4.39 4.19 4.05 4.12 4.32 4.45 4.52 4.55 4.47 4.28 4.09 4.02 4.04 4.07 4.02 4.19 4.64 5.10 5.39 5.46 5.29 4.97 4.63 4.47 4.43 4.39 4.34 4.21 4.06 3.97 3.99 4.08 4.29 4.56 4.69 4.56 4.34 4.09 3.80 3.38 2.87 2.39 2.23 2.32 2.60 2.92 3.37 4.03 4.98 5.96 6.69 7.23 7.78
4.50 4.27 4.04 4.03 4.08 4.11 4.18 4.38 4.70 4.99 5.08 5.05 4.95 4.81 4.81 5.08 5.53 6.14 6.49 6.72 6.91 6.88 6.65 6.36 5.93 5.60 5.47 5.39 5.26 5.14 5.07 5.00 4.82 4.67 4.57 4.54 4.56 4.52 4.37 4.15 4.02 4.07 4.11 4.24 4.46 4.75 5.11 5.46 5.61 5.53 5.36 5.12 4.89 4.68 4.62 4.70 4.74 4.82 4.89 4.96 5.02 5.16 5.29 5.37 5.26 4.97 4.53 4.24 3.94 3.49 2.99 2.61 2.43 2.50 2.82 3.32 3.85 4.56 5.64 6.94 7.96 8.58 8.79 8.69
4.48 4.29 4.09 4.10 4.17 4.20 4.26 4.52 5.02 5.55 5.91 6.07 6.05 5.88 5.68 5.66 5.97 6.57 6.90 6.78 7.13 6.71 6.24 6.02 5.57 5.41 5.47 5.53 5.46 5.32 5.15 5.01 4.83 4.73 4.61 4.52 4.49 4.38 4.23 4.19 4.28 4.37 4.40 4.51 4.68 4.76 4.77 4.75 4.58 4.40 4.28 4.31 4.45 4.50 4.44 4.43 4.53 4.67 4.85 5.03 5.22 5.42 5.43 5.19 4.65 4.02 3.63 3.63 3.54 3.19 2.85 2.73 2.80 3.06 3.56 4.15 4.84 5.79 7.01 7.95 8.43 8.55 8.35 7.90
4.49 4.34 4.20 4.27 4.36 4.39 4.48 4.85 5.51 5.98 6.17 6.21 6.22 6.23 6.22 6.34 6.62 6.99 7.04 6.91 6.72 6.47 6.08 5.60 5.25 5.13 5.14 5.25 5.31 5.24 5.05 4.79 4.41 4.17 4.12 4.20 4.27 4.26 4.21 4.17 4.15 4.20 4.29 4.41 4.45 4.24 3.99 3.74 3.64 3.57 3.55 3.67 3.85 3.97 4.03 4.15 4.30 4.40 4.50 4.65 4.88 5.01 4.80 4.17 3.46 3.00 2.94 3.20 3.45 3.44 3.29 3.27 3.50 3.97 4.63 5.30 6.05 6.97 7.65 7.83 7.28 6.40 5.77 5.48
