project/data/elevation/US_DEM2016/US_DEM2016_point_10-31-2019_0450_30m_vel.asc
ncols	125
nrows	167
xllcorner	-2042055.000000
yllcorner	1465035.000000
cellsize	30.000000
NODATA_value	-9999.000000
[rows 38 to 75 of 167, columns 0 to 83 of 125]
5.61 5.22 4.44 3.89 3.47 3.21 3.03 2.77 2.45 2.19 2.39 2.06 2.05 2.16 2.71 2.71 2.86 2.78 3.21 3.50 3.68 3.76 3.82 3.95 4.13 4.31 4.47 4.62 4.63 4.53 4.33 4.13 4.05 4.11 4.29 4.64 5.03 5.29 5.50 5.70 5.75 5.58 5.45 5.42 5.47 5.41 5.03 4.39 3.93 3.66 3.60 3.64 3.54 3.37 3.40 3.50 3.62 3.93 4.28 4.52 4.39 3.91 3.53 3.24 3.00 2.84 2.70 2.70 2.81 2.84 2.71 2.72 2.98 3.30 3.42 3.55 3.74 4.09 4.55 5.07 5.47 5.63 5.48 5.08
5.59 4.93 3.83 3.25 2.92 2.78 2.63 2.43 2.32 2.32 2.41 2.42 2.28 2.61 2.68 2.52 2.64 2.93 2.84 2.90 2.82 2.80 2.88 3.10 3.48 3.90 4.21 4.48 4.63 4.65 4.61 4.52 4.46 4.53 4.87 5.37 5.67 5.81 5.91 6.00 5.98 5.72 5.51 5.35 5.22 5.02 4.61 4.12 3.78 3.55 3.57 3.69 3.66 3.43 3.44 3.59 3.81 4.10 4.23 4.17 3.82 3.23 2.74 2.54 2.44 2.40 2.35 2.43 2.64 2.73 2.57 2.58 2.92 3.28 3.37 3.41 3.50 3.75 4.09 4.23 4.22 4.36 4.65 4.81
5.37 4.65 3.51 2.96 2.79 2.74 2.68 2.63 2.69 2.86 3.03 3.05 2.83 2.55 3.04 2.67 2.63 2.87 2.74 2.49 2.42 2.54 2.78 3.09 3.52 3.87 4.12 4.34 4.49 4.62 4.75 4.85 5.00 5.35 5.83 6.25 6.44 6.45 6.26 5.98 5.78 5.35 5.00 4.83 4.69 4.70 4.65 4.56 4.41 4.30 4.15 4.04 3.88 3.55 3.45 3.55 3.77 3.96 3.88 3.61 3.20 2.65 2.11 1.92 1.89 1.94 2.12 2.35 2.56 2.64 2.52 2.57 2.98 3.33 3.36 3.28 3.30 3.51 3.77 3.76 3.59 3.67 4.10 4.74
5.09 4.53 3.63 3.22 3.14 3.14 3.10 3.10 3.22 3.43 3.56 3.47 3.18 2.94 2.84 2.86 2.93 2.96 2.87 2.74 2.83 3.07 3.31 3.52 3.68 3.83 3.90 4.01 4.25 4.48 4.84 5.16 5.62 6.11 6.50 6.72 6.74 6.52 6.15 5.68 5.25 4.87 4.50 4.22 4.19 4.23 4.41 4.55 4.68 4.76 4.70 4.36 3.96 3.55 3.32 3.32 3.41 3.41 3.26 3.06 2.81 2.40 2.00 1.91 2.03 2.17 2.33 2.44 2.51 2.58 2.60 2.71 3.05 3.33 3.26 3.04 3.12 3.51 3.76 3.61 3.42 3.42 3.70 4.44
4.93 4.55 3.92 3.63 3.55 3.49 3.43 3.47 3.66 3.85 3.84 3.59 3.21 3.10 3.15 3.25 3.29 3.33 3.37 3.47 3.65 3.87 4.04 4.12 4.16 4.11 4.03 4.04 4.24 4.48 4.97 5.51 6.14 6.58 6.66 6.49 6.23 5.85 5.38 4.92 4.56 4.29 3.95 3.73 3.64 3.70 3.88 4.01 4.15 4.26 4.26 4.06 3.78 3.42 3.24 3.25 3.25 3.13 2.98 2.97 2.89 2.71 2.55 2.61 2.75 2.72 2.61 2.54 2.62 2.70 2.70 2.75 2.97 3.14 2.97 2.69 2.92 3.51 3.74 3.49 3.32 3.43 3.79 4.43
4.85 4.55 4.06 3.84 3.77 3.76 3.82 3.98 4.14 4.18 3.99 3.65 3.32 3.37 3.30 3.42 3.55 3.68 3.85 4.07 4.35 4.57 4.65 4.64 4.57 4.44 4.35 4.35 4.49 4.69 5.20 5.81 6.29 6.45 6.24 5.85 5.43 5.02 4.59 4.24 3.99 3.78 3.49 3.22 3.17 3.30 3.41 3.34 3.19 3.00 2.92 3.08 3.23 3.25 3.30 3.47 3.55 3.52 3.49 3.47 3.39 3.35 3.39 3.43 3.21 2.91 2.84 2.94 2.97 2.76 2.51 2.48 2.72 2.91 2.82 2.66 2.91 3.46 3.62 3.32 3.25 3.62 4.11 4.42
4.81 4.58 4.24 4.12 4.18 4.34 4.52 4.63 4.60 4.42 4.09 3.73 3.49 3.37 3.40 3.56 3.74 3.92 4.11 4.37 4.64 4.75 4.72 4.60 4.48 4.38 4.36 4.44 4.66 4.99 5.60 5.97 6.04 5.79 5.47 5.22 4.96 4.64 4.16 3.75 3.42 3.22 3.03 2.80 2.77 2.97 2.88 2.69 2.47 2.33 2.33 2.43 2.68 3.00 3.38 3.77 3.95 4.01 3.98 3.85 3.76 3.78 3.72 3.52 3.16 3.10 3.28 3.25 2.87 2.31 2.12 2.29 2.58 2.78 2.85 2.92 3.21 3.57 3.62 3.34 3.29 3.69 4.02 4.14
4.92 4.79 4.61 4.60 4.70 4.82 4.89 4.85 4.70 4.43 4.07 3.79 3.66 3.61 3.78 3.97 4.09 4.21 4.35 4.47 4.49 4.41 4.28 4.17 4.17 4.21 4.25 4.43 4.86 5.39 5.93 5.88 5.47 5.00 4.76 4.71 4.54 4.29 3.84 3.37 2.90 2.61 2.48 2.36 2.45 2.64 2.63 2.63 2.64 2.66 2.59 2.49 2.55 2.93 3.51 3.95 4.03 3.96 3.85 3.81 3.77 3.83 3.69 3.50 3.47 3.58 3.43 2.91 2.29 2.06 2.24 2.60 2.84 2.97 3.10 3.34 3.66 3.84 3.98 3.58 3.48 3.60 3.81 3.97
5.14 5.02 4.86 4.85 4.83 4.76 4.62 4.46 4.29 4.08 3.86 3.69 3.69 3.89 4.19 4.34 4.40 4.43 4.42 4.34 4.20 4.03 3.90 3.88 3.99 4.13 4.28 4.62 5.19 5.71 5.88 5.50 4.89 4.47 4.28 4.13 3.92 3.74 3.49 3.09 2.53 2.17 2.13 2.28 2.53 2.75 2.95 3.01 2.98 2.76 2.50 2.47 2.83 3.39 3.91 4.06 3.94 3.80 3.74 3.78 3.76 3.81 3.77 3.73 3.71 3.50 2.88 2.43 2.39 2.69 3.07 3.30 3.41 3.49 3.66 3.91 4.11 4.14 4.07 3.98 4.40 3.80 3.91 4.11
5.31 5.11 4.83 4.70 4.55 4.35 4.11 3.87 3.66 3.52 3.46 3.42 3.63 3.75 4.05 4.18 4.26 4.28 4.19 4.08 3.97 3.85 3.77 3.77 3.88 4.05 4.30 4.79 5.40 5.69 5.45 4.91 4.51 4.17 3.88 3.64 3.40 3.23 3.14 2.95 2.48 2.21 2.28 2.63 2.89 3.12 3.24 2.99 2.55 2.16 2.16 2.66 3.55 4.31 4.53 4.35 4.14 3.99 3.93 3.91 3.85 3.90 3.84 3.73 3.50 3.11 2.85 2.97 3.42 3.89 4.19 4.28 4.32 4.35 4.44 4.59 4.67 4.62 4.58 4.55 4.27 4.12 4.22 4.33
5.36 5.14 4.68 4.40 4.19 3.94 3.69 3.45 3.24 3.10 3.11 3.17 3.23 3.43 3.61 3.68 3.83 3.91 3.91 3.86 3.76 3.67 3.63 3.64 3.71 3.89 4.18 4.76 5.42 5.52 5.11 4.65 4.38 4.02 3.56 3.19 3.02 2.88 2.76 2.66 2.45 2.27 2.34 2.60 2.80 3.02 3.08 2.64 2.22 2.20 2.72 3.82 4.87 5.29 5.19 4.78 4.46 4.21 4.10 4.11 4.11 4.11 4.04 3.90 3.88 4.02 4.42 4.89 5.29 5.58 5.68 5.71 5.71 5.70 5.71 5.75 5.75 5.59 5.36 5.00 4.51 4.24 4.34 4.37
5.36 5.15 4.57 4.18 3.96 3.76 3.56 3.37 3.19 3.05 3.13 3.23 3.41 3.47 3.59 3.64 3.73 3.77 3.77 3.70 3.57 3.47 3.44 3.46 3.54 3.72 4.05 4.75 5.45 5.38 4.94 4.65 4.40 3.98 3.48 3.06 2.84 2.55 2.24 2.14 2.14 2.04 2.05 2.18 2.44 2.78 2.97 2.79 2.72 3.15 4.27 5.45 5.98 5.90 5.47 4.94 4.55 4.32 4.27 4.41 4.48 4.52 4.50 4.66 5.04 5.57 6.13 6.61 6.92 7.06 7.12 7.14 7.14 7.14 7.08 6.97 6.82 6.58 6.11 5.42 4.76 4.35 4.30 4.22
5.45 5.14 4.49 4.10 3.89 3.72 3.61 3.53 3.41 3.36 3.53 3.71 3.94 4.04 4.02 4.01 3.95 3.84 3.70 3.55 3.43 3.36 3.32 3.32 3.42 3.66 4.12 4.94 5.45 5.17 4.59 4.48 4.29 3.89 3.59 3.32 2.94 2.41 1.96 1.94 2.05 2.13 2.26 2.43 2.71 3.05 3.43 3.67 4.00 4.82 5.91 6.43 6.34 5.76 5.22 4.74 4.45 4.33 4.27 4.33 4.44 4.60 4.74 5.05 5.59 6.08 6.44 6.73 6.91 7.02 7.10 7.18 7.23 7.24 7.16 6.97 6.75 6.53 6.19 5.75 5.27 4.83 4.40 4.11
5.53 5.11 4.38 4.07 3.88 3.68 3.59 3.60 3.59 3.63 3.88 4.21 4.41 4.44 4.35 4.17 3.96 3.73 3.55 3.43 3.37 3.31 3.25 3.24 3.38 3.72 4.29 5.03 5.26 4.70 4.16 4.11 3.98 3.75 3.62 3.50 3.12 2.67 2.40 2.44 2.69 2.98 3.26 3.45 3.67 4.07 4.72 5.35 6.00 6.57 6.81 6.61 5.97 5.19 4.73 4.38 4.14 3.99 3.85 3.77 3.90 4.12 4.49 4.79 5.15 5.34 5.29 5.23 5.19 5.29 5.45 5.66 5.74 5.75 5.64 5.47 5.38 5.27 5.20 5.19 5.14 5.03 4.77 4.30
5.47 4.95 4.15 3.84 3.69 3.56 3.51 3.52 3.60 3.69 3.91 4.27 4.42 4.38 4.20 3.92 3.62 3.40 3.28 3.21 3.16 3.14 3.14 3.21 3.43 3.81 4.36 4.92 4.91 4.25 3.85 3.84 3.72 3.56 3.47 3.30 3.15 3.06 3.07 3.31 3.61 3.92 4.17 4.43 4.85 5.52 6.25 6.71 6.95 6.94 6.66 6.06 5.39 4.74 4.35 4.05 3.78 3.54 3.43 3.40 3.58 3.84 4.11 4.32 4.34 4.09 3.80 3.50 3.43 3.53 3.69 3.85 3.89 3.81 3.76 3.63 3.63 3.61 3.65 3.80 4.08 4.31 4.38 4.29
5.25 4.74 3.95 3.57 3.42 3.39 3.43 3.42 3.52 3.64 4.14 3.94 3.90 3.77 3.57 3.33 3.11 2.97 2.87 2.82 2.84 2.92 3.07 3.33 3.62 3.95 4.39 4.75 4.66 4.20 3.91 3.86 3.73 3.54 3.24 2.98 3.03 3.12 3.31 3.63 3.98 4.25 4.55 4.97 5.69 6.46 6.89 6.93 6.60 6.17 5.73 5.29 4.86 4.46 4.17 3.92 3.68 3.49 3.51 3.62 3.80 3.94 4.00 3.99 3.73 3.38 3.17 3.09 3.15 3.20 3.11 2.93 2.80 2.70 2.60 2.51 2.51 2.52 2.53 2.53 2.62 2.78 2.92 3.11
5.00 4.60 3.95 3.59 3.39 3.26 3.21 3.16 3.20 3.34 3.33 3.47 3.07 2.85 2.68 2.63 2.59 2.50 2.43 2.52 2.75 2.98 3.25 3.58 3.83 4.10 4.45 4.72 4.72 4.53 4.27 4.03 3.79 3.49 3.01 2.67 2.78 2.93 3.13 3.38 3.73 4.09 4.51 5.20 6.12 6.66 6.65 6.08 5.30 4.91 4.72 4.62 4.49 4.30 4.11 3.92 3.73 3.67 3.82 3.93 3.98 3.96 3.82 3.68 3.46 3.33 3.37 3.42 3.37 3.15 2.80 2.43 2.28 2.16 1.97 1.89 1.90 1.83 1.71 1.63 1.64 1.77 2.01 2.32
4.89 4.64 4.21 3.90 3.61 3.28 2.97 2.77 2.73 2.83 2.85 3.14 2.36 2.15 2.10 2.39 2.19 2.19 2.25 2.53 2.94 3.33 3.64 3.86 4.05 4.29 4.58 4.83 4.90 4.78 4.39 3.98 3.66 3.31 2.84 2.53 2.67 2.89 3.03 3.19 3.47 3.89 4.49 5.45 6.28 6.43 5.87 4.98 4.41 4.18 4.07 4.06 4.09 4.08 3.94 3.80 3.66 3.67 3.80 3.77 3.61 3.44 3.32 3.31 3.46 3.63 3.72 3.62 3.21 2.71 2.25 2.07 2.07 1.96 1.74 1.64 1.63 1.49 1.32 1.31 2.25 1.97 2.50 2.85
5.00 4.90 4.64 4.31 3.94 3.53 3.09 2.82 2.67 2.69 2.70 3.08 2.77 2.17 2.20 2.23 2.29 2.40 2.62 2.97 3.37 3.78 4.04 4.23 4.43 4.65 4.83 5.01 5.07 4.87 4.35 4.01 3.82 3.52 3.10 2.91 3.08 3.31 3.38 3.48 3.70 4.10 4.80 5.79 6.23 5.90 4.94 4.17 3.77 3.61 3.53 3.54 3.65 3.70 3.60 3.48 3.38 3.36 3.33 3.11 2.86 2.72 2.83 3.17 3.72 3.95 3.77 3.35 2.77 2.35 2.20 2.28 2.28 2.01 1.66 1.63 1.73 1.82 1.45 1.63 2.14 2.95 3.72 3.89
5.24 5.15 4.85 4.51 4.17 3.86 3.58 3.35 3.12 3.00 3.77 2.79 2.69 2.75 2.87 2.97 3.08 3.27 3.48 3.71 4.00 4.32 4.55 4.77 5.00 5.14 5.15 5.22 5.31 5.20 4.89 4.66 4.50 4.20 3.79 3.64 3.78 3.95 4.04 4.13 4.29 4.57 5.21 5.94 5.95 5.11 4.16 3.48 3.17 3.09 3.06 3.05 3.20 3.30 3.29 3.18 3.07 2.93 2.75 2.60 2.58 2.69 3.02 3.55 4.05 4.00 3.46 2.92 2.57 2.60 2.83 2.92 2.57 2.03 1.67 1.67 1.81 1.91 2.14 2.71 3.62 4.51 4.81 4.59
5.44 5.17 4.62 4.31 4.14 4.08 3.96 3.75 3.46 3.21 3.08 3.06 3.18 3.40 3.68 3.92 4.15 4.36 4.54 4.66 4.81 4.93 5.08 5.29 5.46 5.43 5.35 5.44 5.58 5.46 5.21 4.96 4.73 4.44 4.11 3.96 4.02 4.17 4.36 4.54 4.69 4.92 5.40 5.70 5.27 4.25 3.40 2.88 2.65 2.61 2.62 2.54 2.66 2.96 3.10 3.05 2.99 2.88 2.83 2.97 3.19 3.49 3.87 4.25 4.36 3.98 3.33 3.03 3.11 3.39 3.52 3.22 2.55 1.99 1.93 2.21 2.52 2.86 3.45 4.30 5.13 5.41 5.10 4.36
5.55 5.03 4.25 3.93 3.87 3.93 3.94 3.76 3.46 3.16 4.27 3.04 3.31 3.65 4.05 4.37 4.64 4.88 5.07 5.17 5.18 5.21 5.34 5.48 5.46 5.32 5.35 5.56 5.62 5.29 4.77 4.36 4.08 3.93 3.89 3.90 3.97 4.14 4.33 4.56 4.79 4.97 5.20 5.12 4.40 3.40 2.73 2.38 2.23 2.26 2.21 2.04 2.21 2.71 3.04 3.16 3.22 3.25 3.41 3.60 3.86 4.27 4.71 4.97 4.77 4.35 3.83 3.79 4.05 4.15 3.78 3.11 2.55 2.50 2.86 3.31 3.80 4.38 5.09 5.71 5.86 5.46 4.70 3.97
5.56 4.97 4.02 3.61 3.45 3.37 3.38 3.34 3.23 3.01 2.79 2.80 3.01 3.33 3.67 3.92 4.14 4.29 4.39 4.46 4.59 4.80 5.01 5.01 4.81 4.75 5.06 5.43 5.39 5.00 4.51 4.04 3.71 3.60 3.79 4.02 4.21 4.34 4.42 4.49 4.59 4.60 4.62 4.42 3.80 2.92 2.37 2.19 2.22 2.28 2.21 2.07 2.19 2.71 3.16 3.45 3.64 3.80 3.95 4.06 4.34 4.92 5.45 5.57 5.22 4.87 4.65 4.61 4.71 4.57 4.00 3.47 3.41 3.93 4.56 5.11 5.65 6.11 6.37 6.28 5.76 4.97 4.26 3.72
5.50 4.82 3.73 3.29 3.00 2.78 2.69 2.72 2.78 2.65 2.39 2.29 2.32 2.45 2.65 2.80 2.91 2.89 2.76 2.81 3.30 3.86 4.05 3.85 3.57 3.88 4.67 5.16 5.08 4.78 4.61 4.48 4.31 4.17 4.15 4.26 4.35 4.39 4.31 4.19 4.08 4.02 4.07 4.09 3.73 3.06 2.66 2.70 2.83 2.88 2.85 2.82 2.85 3.09 3.36 3.63 3.92 4.23 4.49 4.80 5.28 5.83 6.01 5.78 5.34 5.05 5.04 5.20 5.27 5.16 4.96 4.93 5.31 5.85 6.25 6.57 6.81 6.85 6.59 5.99 5.24 4.55 4.03 3.59
5.26 4.51 3.43 3.00 2.75 2.54 2.35 2.29 2.38 2.31 2.03 1.79 1.62 1.56 1.61 1.71 1.76 1.66 1.68 1.97 2.49 2.97 3.04 2.78 2.78 3.46 4.58 5.06 4.86 4.40 4.34 4.47 4.57 4.61 4.44 4.24 4.06 3.96 3.78 3.59 3.52 3.72 4.06 4.34 4.25 4.00 3.81 3.83 3.89 3.89 3.85 3.73 3.57 3.50 3.50 3.62 3.89 4.31 4.87 5.53 6.07 6.19 5.90 5.29 4.70 4.58 4.92 5.24 5.49 5.63 5.82 6.13 6.48 6.68 6.74 6.73 6.63 6.31 5.78 5.20 4.67 4.19 3.80 3.58
4.96 4.36 3.39 2.92 2.69 2.54 2.35 2.22 2.27 2.25 2.06 1.75 1.46 1.31 1.25 1.28 1.21 1.46 1.78 2.19 2.52 2.69 2.63 2.54 2.83 3.74 4.85 5.13 4.70 4.01 3.81 3.86 4.03 4.21 4.15 3.82 3.45 3.25 3.17 3.15 3.29 3.80 4.46 4.86 4.84 4.76 4.73 4.67 4.62 4.52 4.24 3.92 3.72 3.67 3.65 3.73 3.99 4.49 5.17 5.74 5.89 5.59 5.01 4.29 3.96 4.12 4.61 4.95 5.08 5.33 5.64 5.91 6.06 6.03 5.89 5.68 5.35 4.89 4.52 4.19 3.86 3.56 3.29 3.04
4.81 4.40 3.65 3.16 2.88 2.71 2.54 2.44 2.39 2.39 2.33 2.15 1.97 1.79 1.65 1.60 1.38 2.02 2.50 2.82 2.93 2.93 2.90 2.94 3.40 4.35 5.17 5.21 4.56 3.76 3.42 3.31 3.33 3.40 3.49 3.43 3.23 3.09 3.10 3.30 3.68 4.36 4.97 5.15 4.95 4.78 4.76 4.78 4.72 4.48 4.01 3.69 3.62 3.71 3.79 3.94 4.23 4.80 5.33 5.44 5.04 4.41 3.89 3.52 3.60 4.03 4.43 4.50 4.40 4.54 4.75 4.84 4.77 4.68 4.56 4.32 3.94 3.53 3.21 3.02 2.81 2.63 2.45 2.31
4.75 4.41 3.82 3.45 3.18 2.94 2.79 2.79 2.78 2.81 2.85 2.88 2.86 2.69 2.48 2.37 2.42 2.66 3.00 3.30 3.43 3.52 3.63 3.80 4.24 5.01 5.51 5.36 4.68 3.83 3.39 3.13 2.93 2.87 3.14 3.48 3.70 3.84 3.95 4.14 4.49 4.96 5.23 5.10 4.68 4.43 4.44 4.51 4.43 4.24 3.96 3.76 3.72 3.79 3.87 4.04 4.37 4.87 5.17 4.84 4.17 3.64 3.30 3.19 3.38 3.82 4.19 4.09 3.85 3.87 3.97 3.92 3.77 3.63 3.43 3.24 2.89 2.47 2.08 1.85 1.71 1.52 1.37 1.31
4.72 4.37 3.81 3.46 3.24 3.06 3.05 3.14 3.29 3.48 3.65 3.75 3.64 3.42 3.19 3.05 3.04 3.12 3.30 3.62 3.90 4.23 4.52 4.74 5.10 5.68 5.97 5.66 5.00 4.27 3.85 3.54 3.28 3.23 3.49 3.92 4.30 4.60 4.73 4.80 4.90 5.08 5.09 4.82 4.41 4.15 4.13 4.06 3.91 3.85 3.85 3.83 3.81 3.89 3.97 4.20 4.58 4.93 4.82 4.18 3.53 3.22 3.01 2.95 3.16 3.70 4.07 3.88 3.50 3.40 3.35 3.26 3.15 2.95 2.63 2.31 1.96 1.56 1.20 0.95 0.78 0.61 0.56 0.71
4.71 4.35 3.75 3.37 3.12 3.02 3.09 3.25 3.54 3.89 4.14 4.23 4.17 4.06 3.91 3.75 3.62 3.59 3.68 3.97 4.30 4.72 4.97 5.27 5.75 6.30 6.32 5.83 5.12 4.61 4.38 4.24 4.10 4.03 4.07 4.21 4.35 4.49 4.56 4.56 4.62 4.77 4.76 4.49 4.14 3.85 3.71 3.52 3.29 3.24 3.39 3.54 3.67 3.87 4.07 4.42 4.70 4.65 4.10 3.38 3.00 2.87 2.79 2.92 3.31 3.86 3.96 3.52 3.06 2.88 2.77 2.66 2.59 2.39 2.02 1.59 1.16 0.80 0.82 0.51 0.45 1.47 0.53 0.91
4.70 4.28 3.61 3.22 2.99 2.90 2.90 2.96 3.19 3.50 3.80 4.03 4.24 4.43 4.54 4.50 4.33 4.18 4.18 4.32 4.53 4.90 5.18 5.60 6.15 6.46 6.25 5.55 4.84 4.50 4.46 4.53 4.55 4.40 4.23 4.09 4.00 3.93 3.95 4.11 4.34 4.51 4.47 4.20 3.90 3.64 3.42 3.12 2.85 2.72 2.77 2.96 3.28 3.59 3.97 4.27 4.25 3.81 3.07 2.69 2.60 2.58 2.71 3.08 3.48 3.68 3.46 2.88 2.43 2.23 2.11 1.97 1.82 1.66 1.37 1.00 0.62 0.43 0.33 0.49 0.61 0.74 1.06 1.62
4.61 4.13 3.37 3.07 2.94 2.88 2.77 2.65 2.57 2.60 2.79 3.23 3.80 4.33 4.74 4.93 4.92 4.80 4.69 4.66 4.78 5.08 5.39 5.85 6.19 6.16 5.69 5.04 4.38 4.06 4.02 4.12 4.21 4.15 4.06 3.94 3.83 3.80 3.96 4.22 4.37 4.37 4.23 4.08 3.94 3.70 3.38 2.95 2.56 2.37 2.41 2.67 3.09 3.57 3.71 3.69 3.30 2.67 2.26 2.22 2.22 2.20 2.47 2.86 3.02 2.99 2.79 2.40 2.00 1.75 1.61 1.51 1.38 1.12 0.79 0.59 0.51 0.37 0.74 1.06 1.37 1.64 1.99 2.61
4.46 3.95 3.22 3.00 2.97 2.97 2.86 2.70 2.46 2.22 2.16 2.44 3.07 3.80 4.43 4.85 5.08 5.16 5.16 5.14 5.20 5.41 5.72 6.08 6.11 5.73 5.16 4.54 3.96 3.59 3.42 3.41 3.51 3.65 3.81 3.91 3.94 4.00 4.18 4.36 4.35 4.21 4.08 4.08 4.02 3.65 3.12 2.62 2.42 2.54 2.85 3.22 3.48 3.56 3.56 3.13 2.54 2.08 1.98 2.00 1.92 1.89 2.07 2.31 2.49 2.63 2.69 2.53 2.21 1.99 1.89 1.74 1.47 1.11 0.79 0.76 0.95 1.24 1.63 2.02 2.40 2.79 3.17 3.85
4.34 3.87 3.23 3.04 3.06 3.10 3.05 3.00 2.89 2.67 2.44 2.46 2.85 3.39 3.97 4.50 4.91 5.24 5.49 5.66 5.79 5.98 6.28 6.41 6.10 5.49 4.89 4.34 3.84 3.53 3.40 3.36 3.33 3.38 3.57 3.80 3.94 4.01 4.12 4.23 4.11 3.90 3.83 3.92 3.84 3.29 2.86 2.79 3.11 3.59 3.97 4.11 4.02 3.80 3.64 3.17 2.86 2.67 2.59 2.48 2.34 2.30 2.40 2.60 2.99 3.34 3.47 3.32 3.09 2.92 2.73 2.40 1.89 1.48 1.32 1.42 1.72 2.13 2.58 3.13 3.75 4.34 4.85 5.66
4.25 3.80 3.24 3.10 3.17 3.22 3.25 3.34 3.49 3.58 3.52 3.44 3.51 3.72 4.01 4.47 4.93 5.44 5.82 6.14 6.45 6.63 6.71 6.52 5.96 5.29 4.83 4.54 4.23 4.10 4.07 3.99 3.78 3.65 3.67 3.79 3.88 3.96 4.00 3.89 3.67 3.51 3.56 3.75 3.75 3.55 3.62 4.03 4.46 4.70 4.70 4.48 4.17 3.91 3.77 3.72 3.70 3.70 3.67 3.61 3.57 3.65 3.85 4.16 4.46 4.48 4.16 3.78 3.49 3.24 2.85 2.34 1.87 1.73 1.87 2.18 2.54 3.07 3.79 4.77 5.77 6.49 7.04 7.62
4.14 3.74 3.25 3.16 3.28 3.35 3.45 3.64 3.97 4.36 4.65 4.80 4.81 4.71 4.70 4.94 5.36 5.92 6.35 6.62 6.89 6.98 6.71 6.22 5.57 5.07 4.85 4.77 4.68 4.60 4.54 4.45 4.28 4.15 4.03 3.96 3.96 3.94 3.80 3.57 3.45 3.54 3.70 3.94 4.11 4.20 4.41 4.68 4.77 4.62 4.39 4.16 4.01 3.92 3.87 3.90 3.93 4.03 4.19 4.36 4.53 4.77 4.99 5.09 4.92 4.44 3.77 3.37 3.08 2.69 2.25 1.94 1.88 2.10 2.50 2.96 3.49 4.31 5.50 6.77 7.68 8.18 8.34 8.28
4.07 3.74 3.31 3.28 3.40 3.47 3.55 3.81 4.35 4.97 5.47 5.73 5.79 5.73 5.65 5.75 6.13 6.62 6.85 6.84 6.83 6.71 6.28 5.64 5.07 4.80 4.75 4.74 4.69 4.61 4.50 4.38 4.22 4.08 3.94 3.86 3.87 3.80 3.65 3.61 3.71 3.81 3.92 4.15 4.30 4.23 4.11 4.03 3.81 3.56 3.39 3.40 3.55 3.67 3.64 3.64 3.72 3.86 4.08 4.31 4.60 4.89 4.93 4.63 3.98 3.19 2.69 2.61 2.51 2.23 2.04 2.09 2.36 2.76 3.30 3.88 4.61 5.70 6.97 7.81 8.12 8.09 7.81 7.33
4.06 3.77 3.46 3.48 3.57 3.65 3.81 4.24 4.94 5.43 5.62 5.65 5.71 5.88 6.13 6.49 6.90 7.12 6.96 6.57 6.27 6.01 5.59 5.07 4.70 4.54 4.47 4.44 4.42 4.41 4.32 4.15 3.81 3.55 3.49 3.59 3.68 3.65 3.58 3.55 3.54 3.60 3.79 4.07 4.11 3.81 3.51 3.24 3.08 2.96 2.90 2.94 3.08 3.26 3.37 3.50 3.65 3.74 3.83 3.99 4.25 4.37 4.08 3.36 2.58 2.12 2.08 2.29 2.42 2.44 2.51 2.73 3.14 3.72 4.42 5.11 5.94 6.98 7.64 7.67 7.02 6.13 5.49 5.11
