project/data/elevation/US_DEM2016/US_DEM2016_point_11-01-2019_0917_30m_ang.asc
ncols	125
nrows	167
xllcorner	-2042055.000000
yllcorner	1465035.000000
cellsize	30.000000
NODATA_value	-9999.000000
[rows 0 to 44 of 167, columns 0 to 95 of 125]
316 334 346 353 357 357 355 358 39 81 252 308 351 72 150 204 238 1 15 26 48 139 165 202 239 323 7 22 16 12 17 20 18 7 335 334 341 349 352 348 345 346 339 358 66 155 174 175 204 156 162 193 233 336 4 12 14 25 269 312 352 11 9 359 10 42 152 190 179 189 199 187 267 329 357 360 353 5 36 21 310 342 123 165 202 247 356 4 11 15 44 137 181 193 186 150
316 334 346 353 357 357 355 358 39 81 252 308 351 72 150 204 238 1 15 26 48 139 165 202 239 323 7 22 16 12 17 20 18 7 335 334 341 349 352 348 345 346 339 358 66 155 174 175 204 156 162 193 233 336 4 12 14 25 269 312 352 11 9 359 10 42 152 190 179 189 199 187 267 329 357 360 353 5 36 21 310 342 123 165 202 247 356 4 11 15 44 137 181 193 186 150
293 309 329 347 356 355 352 360 43 39 322 309 347 73 94 251 267 350 31 47 86 123 149 250 275 318 17 40 32 26 32 34 27 4 329 324 327 335 348 345 327 327 316 345 75 127 160 172 195 149 156 219 259 316 4 21 25 30 16 298 329 20 13 1 15 38 40 96 175 199 207 198 237 283 339 351 349 12 38 14 326 357 95 139 221 260 343 6 20 32 66 111 171 181 159 134
281 285 294 318 348 353 350 2 38 29 350 306 242 86 55 329 290 336 68 73 97 105 8 305 302 322 61 78 71 64 62 50 17 356 345 319 279 273 301 9 263 243 221 214 92 111 141 164 166 145 164 261 272 288 4 39 43 41 32 11 250 202 203 307 4 24 26 30 27 340 299 277 268 271 296 328 343 26 39 6 335 18 77 67 296 280 318 16 44 65 81 91 135 150 129 92
276 276 278 290 323 351 354 2 30 40 17 316 196 106 67 336 277 122 85 83 90 75 318 302 307 11 87 88 84 77 75 57 359 25 141 176 206 225 246 337 85 174 187 222 103 100 111 135 125 129 206 264 267 264 1 73 73 64 50 38 26 287 241 267 322 8 26 30 21 7 359 349 330 313 308 313 335 37 32 356 342 40 63 36 334 298 307 39 67 81 86 89 112 117 58 16
255 248 258 274 288 321 358 11 43 57 35 357 93 99 79 349 250 204 92 84 78 38 309 283 256 115 107 105 100 87 85 102 141 149 161 181 199 213 230 244 112 124 170 216 107 78 62 66 87 83 289 272 264 248 178 121 113 109 91 56 38 18 323 289 296 5 48 41 23 16 14 8 358 339 318 290 251 40 9 347 356 42 51 28 346 309 296 70 82 88 90 92 92 40 341 334
167 195 230 255 268 278 327 39 74 76 47 28 61 79 70 26 271 247 104 87 71 21 305 274 228 128 114 115 112 92 96 116 128 137 157 186 199 209 222 222 161 129 151 193 159 62 39 42 67 53 326 286 271 238 185 156 152 156 160 105 43 25 0 315 264 164 139 145 92 32 41 40 30 9 210 195 199 214 270 313 6 50 48 31 1 324 305 83 93 94 93 86 43 347 319 289
131 168 216 242 261 278 311 83 102 107 80 58 70 72 64 29 310 270 132 95 68 9 307 283 234 125 115 114 112 99 106 112 108 109 136 168 186 198 209 213 187 149 145 164 206 212 63 67 82 60 322 300 299 275 201 179 180 200 222 235 47 42 33 24 176 165 167 184 202 190 130 118 134 156 170 185 199 216 232 234 191 94 67 39 10 343 352 91 101 98 89 53 0 324 268 173
120 162 221 242 253 275 92 125 141 149 143 121 97 76 61 33 337 283 155 109 74 347 311 300 129 123 121 123 123 114 114 118 115 102 105 119 155 171 186 198 204 199 154 145 243 244 125 115 112 73 305 306 336 9 18 10 333 313 306 265 181 146 133 132 140 151 170 199 218 203 151 138 147 156 164 182 190 201 214 216 187 152 141 112 354 358 58 94 99 87 54 13 351 294 185 162
95 124 245 244 237 199 135 146 166 180 181 162 126 90 63 38 2 327 137 127 137 282 287 182 122 123 127 139 125 116 120 128 137 77 23 11 26 68 123 190 198 200 206 217 258 239 119 106 105 301 295 298 357 45 42 28 10 3 19 131 162 165 165 149 112 114 155 216 258 246 120 125 142 152 115 139 161 184 201 202 188 179 186 207 237 287 83 88 81 52 18 12 42 100 190 318
68 40 306 250 215 183 165 171 184 194 196 191 174 115 76 51 30 47 102 121 187 258 250 142 122 120 129 156 137 123 117 110 63 333 336 350 26 45 35 27 96 184 208 216 222 197 123 95 59 306 294 286 226 134 86 63 54 69 99 126 146 165 193 301 21 97 152 223 284 27 81 113 149 169 160 152 161 201 230 227 213 213 228 246 258 271 74 72 59 34 31 73 86 72 319 314
49 31 7 329 203 186 182 194 209 213 209 208 206 183 118 90 73 78 87 86 300 273 250 137 119 118 133 148 127 98 70 31 346 323 315 345 57 39 21 22 33 31 354 228 236 192 111 95 344 313 305 305 297 165 126 108 101 105 114 123 136 164 218 276 13 88 125 240 277 40 85 119 147 170 181 183 333 333 330 325 316 316 320 308 301 325 48 60 56 64 100 112 108 109 242 228
336 11 27 31 34 19 285 285 286 272 249 237 228 208 186 160 122 93 73 47 346 301 265 128 117 112 113 98 46 20 10 353 328 299 262 147 71 29 14 30 31 22 23 358 270 145 116 145 286 307 324 345 32 93 137 136 128 124 123 124 138 164 193 220 179 85 81 255 249 119 105 125 150 201 281 325 342 1 16 11 337 330 346 344 335 358 54 65 69 83 102 114 121 133 156 168
206 205 189 34 28 15 354 341 346 350 339 316 280 239 214 206 175 82 51 28 354 332 42 108 108 92 54 8 341 330 328 323 284 238 206 165 138 244 108 86 66 45 36 25 39 124 125 181 253 269 314 37 77 101 131 142 142 139 131 127 139 158 180 198 193 117 81 151 197 173 145 139 184 291 316 330 2 81 101 110 214 247 254 262 146 161 110 78 73 78 88 97 105 102 112 128
137 214 248 300 29 26 10 3 15 19 13 2 351 345 296 244 236 286 26 20 6 23 80 97 99 76 1 312 253 224 216 211 207 209 193 171 176 186 170 146 123 108 96 79 86 113 129 201 255 261 267 82 98 109 120 131 141 139 121 122 133 150 169 185 194 193 153 128 156 167 167 190 298 324 341 210 158 133 140 154 184 216 229 207 185 200 206 73 66 69 73 73 66 73 66 48
19 325 300 287 117 83 60 68 86 90 65 29 20 30 24 329 273 268 337 44 71 105 113 114 119 162 188 185 192 194 199 203 198 195 183 173 174 175 166 145 128 120 108 106 107 97 102 251 266 264 258 101 110 121 114 112 130 139 116 108 116 139 163 184 199 208 204 140 131 148 179 235 287 18 102 166 168 153 150 154 178 211 225 211 210 234 267 31 57 63 66 61 54 52 33 24
321 329 328 276 175 154 140 132 126 132 138 137 119 76 49 12 321 285 219 132 126 128 128 129 138 159 165 169 183 196 197 200 205 198 176 166 167 174 160 130 126 127 131 132 108 68 46 334 278 255 235 153 137 145 136 111 116 133 131 120 115 122 147 192 218 230 238 170 89 103 181 245 243 157 150 166 164 157 156 153 173 203 213 215 234 263 296 17 55 65 66 61 58 42 331 102
270 262 215 133 163 170 161 153 146 151 166 178 183 173 81 29 4 348 151 138 130 126 123 122 128 137 138 153 189 209 194 195 209 207 163 152 162 175 177 138 135 145 153 139 15 24 23 7 310 246 221 189 168 167 168 123 109 127 140 146 122 62 32 358 304 274 271 311 41 52 40 240 205 181 186 193 182 164 160 154 166 193 214 234 258 283 317 31 65 72 69 67 67 50 1 117
255 242 201 140 143 160 164 167 172 179 190 201 214 226 231 34 48 75 116 128 120 109 104 103 110 117 119 136 232 235 176 179 205 212 167 158 160 158 168 173 152 140 201 318 338 356 22 39 32 236 220 206 185 186 195 129 116 136 147 177 317 359 12 13 0 325 296 308 6 36 43 58 148 170 200 212 194 172 159 160 174 199 226 251 275 300 7 78 91 86 75 76 75 72 91 101
240 222 180 150 144 154 168 184 200 214 234 250 260 260 254 241 90 89 99 109 95 85 91 102 112 122 130 165 231 215 159 159 167 178 186 179 163 147 158 186 192 9 329 316 319 50 97 86 67 78 187 182 187 200 210 147 125 136 169 298 316 346 16 25 19 357 330 321 344 30 41 39 42 27 327 305 312 99 111 123 167 220 241 254 259 199 156 158 152 113 79 77 75 77 82 78
200 181 163 151 146 156 183 227 262 289 304 313 314 304 287 280 84 87 87 85 77 84 96 106 116 127 144 178 214 171 155 151 149 171 202 185 135 123 126 296 318 342 335 301 189 167 116 90 81 111 138 161 190 211 210 168 140 148 309 313 318 341 32 46 34 15 355 338 339 25 36 31 26 12 355 352 5 28 43 47 35 286 253 241 222 200 193 204 227 287 67 72 71 68 65 58
108 128 140 145 152 178 250 290 309 322 332 343 348 346 329 339 64 88 88 88 97 98 102 109 116 130 148 164 175 176 165 144 101 342 327 0 54 45 347 321 318 332 63 120 176 165 111 99 114 124 121 131 219 232 215 184 182 282 312 320 326 0 96 91 64 45 30 344 306 35 49 40 29 14 1 0 22 36 31 30 29 5 280 245 237 237 252 275 290 351 58 69 71 70 76 97
120 134 144 146 167 258 296 310 324 331 344 1 11 7 1 31 76 92 95 98 99 93 92 93 96 116 140 154 166 185 208 341 346 338 337 9 34 11 336 309 254 189 109 86 65 120 120 116 111 97 55 10 351 337 269 201 247 281 299 323 7 107 142 143 123 112 109 240 258 169 93 62 38 18 3 13 58 54 32 32 43 38 1 282 261 267 300 333 334 37 67 72 77 83 94 109
100 108 119 117 297 303 302 307 314 331 352 17 23 18 40 67 86 95 97 93 90 86 79 72 83 98 110 125 137 303 311 327 334 332 339 44 40 10 327 227 214 206 108 99 136 141 140 136 101 26 359 353 1 13 27 12 280 269 261 234 137 140 156 166 158 144 140 199 232 182 129 99 62 31 13 47 65 44 22 35 50 47 30 337 275 256 245 209 201 116 85 79 80 82 86 90
64 47 34 15 326 300 295 298 305 341 9 37 36 42 72 81 89 94 97 94 93 102 106 117 133 97 72 23 343 330 322 319 314 297 136 92 74 71 114 187 272 285 110 119 126 136 143 162 246 323 341 348 5 28 41 31 312 261 241 200 162 161 169 179 179 155 148 183 208 192 170 142 119 121 144 131 87 45 24 60 60 52 48 26 291 245 230 221 217 196 108 87 81 78 77 76
18 29 35 24 138 285 255 256 263 101 91 92 84 89 93 91 92 94 97 105 108 117 135 144 140 105 35 349 334 326 313 285 197 171 157 132 99 83 75 330 298 3 98 95 106 120 132 189 265 287 318 349 20 49 56 45 4 279 239 203 177 176 180 185 184 177 175 188 199 199 197 171 145 156 170 159 134 125 127 83 68 57 56 48 11 263 245 242 239 228 128 95 85 81 79 79
253 222 72 53 41 282 234 224 206 181 164 156 153 138 120 109 101 96 96 105 117 121 124 120 95 37 343 322 314 304 243 187 167 161 157 147 112 78 51 325 299 85 93 88 100 102 90 306 281 271 266 259 86 79 67 48 23 350 242 202 176 164 174 188 193 191 192 191 185 196 207 149 145 164 183 170 156 189 214 132 87 67 60 55 41 338 265 248 236 228 162 103 91 84 81 81
260 252 85 69 61 42 253 233 218 207 196 184 182 177 147 123 105 95 92 98 108 104 78 36 12 356 331 303 254 192 181 173 163 158 158 159 148 127 137 223 228 124 112 122 102 64 16 341 302 263 236 198 148 106 73 49 40 43 76 149 151 155 174 200 200 194 199 197 195 205 204 147 151 175 188 171 165 193 206 164 118 82 64 58 50 24 304 248 228 223 192 117 93 82 76 75
256 236 132 91 68 47 357 260 241 235 229 217 210 216 172 117 95 88 91 91 78 43 11 355 351 351 334 296 192 169 170 166 163 162 162 160 155 151 162 186 187 168 134 129 44 355 354 360 351 258 216 204 184 135 99 86 83 77 86 113 126 133 198 98 221 195 209 207 205 214 198 146 156 181 191 173 166 187 204 200 133 75 68 62 55 45 17 270 235 224 210 149 101 82 74 73
237 208 174 142 80 57 38 326 266 253 248 246 271 283 47 83 85 87 86 74 37 358 344 340 339 346 344 52 123 141 152 154 161 170 171 152 143 154 169 180 174 144 145 182 302 321 349 22 39 82 185 208 211 176 135 118 103 92 98 98 75 2 343 345 14 29 86 225 216 207 185 172 177 189 190 178 182 200 222 237 249 72 85 83 67 54 41 5 266 236 219 190 135 91 76 74
219 211 211 212 82 57 47 15 299 255 235 218 221 238 88 90 95 97 90 65 16 285 208 191 189 188 176 149 128 129 132 133 143 171 205 113 121 144 174 205 133 131 156 234 271 274 289 68 68 73 97 210 228 212 147 122 101 89 95 82 14 333 339 5 31 33 14 324 260 226 198 176 181 195 193 193 207 229 254 267 238 105 101 100 92 69 49 32 355 276 238 216 189 118 84 79
356 330 295 281 313 40 44 28 355 286 243 229 225 220 154 112 108 110 115 124 162 185 175 176 188 190 167 150 141 137 132 129 131 254 276 91 96 105 155 229 118 118 166 266 269 257 224 116 78 67 64 48 251 240 163 122 94 77 82 54 330 309 327 46 63 50 31 12 354 338 339 21 71 182 204 219 239 258 270 247 171 148 122 120 126 111 71 47 29 356 291 247 231 170 95 90
304 322 329 318 323 31 47 38 26 2 296 258 244 236 183 123 115 114 123 139 150 338 24 29 312 323 122 133 139 136 134 145 189 246 240 125 74 50 26 126 109 86 328 305 299 285 253 171 79 67 66 46 297 263 198 116 94 73 76 27 309 291 285 97 79 59 36 19 11 356 351 26 45 41 316 268 261 255 221 188 178 160 144 149 163 156 93 64 47 31 6 310 276 250 95 92
268 279 305 319 326 73 70 52 42 28 0 301 259 244 198 126 116 115 113 356 338 342 347 347 350 90 125 135 129 110 118 143 211 242 218 149 44 27 5 85 96 7 323 327 336 322 273 219 108 86 74 50 339 282 211 124 116 114 88 11 277 250 182 139 92 61 33 27 27 1 325 74 62 37 3 329 277 222 209 206 196 155 152 169 189 199 161 59 60 61 39 348 313 28 88 86
266 260 248 227 187 148 112 74 54 43 31 1 285 252 217 122 105 104 69 315 322 282 209 197 161 145 143 149 141 99 98 111 262 278 313 351 1 33 337 86 93 285 290 339 99 151 204 184 143 117 78 48 0 296 179 150 148 134 109 156 239 230 203 177 114 74 47 52 53 23 290 109 70 34 2 9 36 206 220 221 197 157 162 180 196 208 213 136 84 87 72 349 303 101 95 87
216 217 220 219 209 193 170 113 67 55 47 32 348 281 244 122 89 76 341 286 166 159 166 168 163 158 155 157 163 110 66 26 326 319 335 342 11 95 159 100 104 247 245 188 161 170 183 188 176 137 92 64 37 317 172 175 198 129 109 135 222 235 225 203 146 116 93 90 81 59 311 119 68 27 355 41 57 52 239 223 192 174 179 191 207 223 227 178 145 145 154 179 190 155 115 101
166 225 249 256 250 236 224 211 91 66 61 50 24 332 277 137 81 66 22 144 136 143 150 156 162 164 160 160 185 262 9 5 332 322 335 27 115 135 121 101 109 200 221 201 182 183 193 207 218 182 102 90 77 71 153 180 224 117 97 105 230 246 238 217 175 153 123 98 86 65 348 108 71 39 326 83 62 48 18 247 205 174 189 214 234 248 228 162 163 172 181 186 195 189 137 114
337 313 299 305 313 292 276 272 337 74 73 65 47 13 325 11 81 78 89 108 107 110 117 125 141 154 150 153 181 213 248 342 306 299 321 121 142 166 136 108 112 147 176 186 195 208 226 249 265 269 92 88 75 52 61 69 248 102 85 78 290 267 255 235 203 186 152 92 77 59 360 211 90 80 223 126 67 55 35 354 356 78 216 252 262 263 169 156 170 182 191 195 206 207 157 117
307 322 321 330 354 340 323 321 18 87 90 82 62 31 10 47 84 88 98 100 80 70 65 67 77 116 129 130 155 192 210 215 238 247 174 139 146 163 159 145 111 93 117 167 216 236 252 279 304 44 92 84 69 49 46 39 303 95 80 64 326 289 283 273 247 234 233 78 73 57 19 163 106 98 253 252 74 61 34 360 11 36 13 299 258 213 156 167 183 194 198 204 217 227 164 111
280 300 323 346 19 12 356 9 89 110 115 112 88 47 56 85 103 109 115 134 124 77 68 69 78 110 123 111 113 160 201 210 204 192 168 147 147 150 160 189 260 35 60 53 274 255 244 233 199 157 123 90 69 51 43 37 39 84 82 57 322 298 312 330 324 299 292 92 86 66 36 65 95 89 278 250 125 75 37 351 0 43 36 15 219 180 172 185 211 229 233 241 251 259 109 95
270 275 292 42 83 91 124 139 124 126 134 143 156 112 107 112 118 124 134 157 172 139 115 115 120 127 134 124 85 85 151 180 180 172 167 164 151 130 141 233 267 339 46 41 354 278 253 235 214 192 188 151 68 49 40 35 39 74 83 52 310 295 321 26 34 349 155 126 109 87 58 69 81 64 320 257 135 95 64 321 222 110 67 56 102 156 200 240 282 301 312 308 302 301 50 78
264 253 210 184 161 150 161 159 141 138 148 179 204 122 118 118 115 118 131 152 151 133 124 126 134 136 131 148 182 55 96 131 151 163 175 192 197 57 32 317 284 276 58 55 28 319 281 276 267 241 239 241 32 48 47 41 43 78 80 50 290 266 223 147 130 150 156 151 141 123 103 92 78 53 352 287 111 89 67 287 211 141 93 71 83 98 263 280 304 321 332 335 344 350 52 78
261 247 212 204 189 159 157 160 154 155 183 260 66 106 112 111 103 96 94 105 110 113 123 138 153 151 123 134 210 215 108 112 127 153 202 261 300 1 13 350 312 277 71 65 45 352 299 305 341 343 321 305 319 63 71 69 83 98 83 59 241 224 207 196 192 174 156 162 168 168 150 112 92 62 12 313 105 78 48 338 242 126 101 86 76 49 313 289 292 294 297 302 359 50 88 98
264 251 215 216 193 159 155 165 173 193 247 285 90 100 104 102 92 71 51 61 91 112 122 136 162 175 120 104 198 197 139 111 88 3 335 314 285 296 14 17 346 299 184 90 63 13 304 296 5 23 13 354 7 83 93 95 105 105 90 85 147 196 214 224 223 182 159 174 194 193 159 135 122 111 123 185 147 87 38 359 22 78 78 77 71 44 330 289 293 317 329 329 335 101 108 112
254 221 190 200 186 172 164 178 210 249 274 289 98 99 99 96 85 40 32 72 101 117 116 121 161 210 164 69 93 156 117 104 12 333 352 355 291 254 211 71 29 340 171 118 79 26 297 264 164 122 91 51 72 93 95 95 95 94 87 87 110 168 227 246 229 182 183 212 240 165 148 154 152 147 160 182 173 121 38 0 40 57 60 66 67 48 345 280 275 334 30 31 47 104 111 105
