project/data/elevation/US_DEM2016/US_DEM2016_point_10-30-2019_1538_30m_ang.asc
ncols	125
nrows	167
xllcorner	-2042055.000000
yllcorner	1465035.000000
cellsize	30.000000
NODATA_value	-9999.000000
[rows 43 to 85 of 167, columns 0 to 94 of 125]
322 325 331 336 338 340 342 342 342 342 344 350 360 4 1 357 354 352 350 348 346 344 343 343 342 342 342 342 342 342 340 336 336 337 339 338 335 333 335 338 342 344 346 346 342 340 340 340 341 342 345 348 349 350 351 349 347 346 344 342 339 336 335 334 334 333 330 327 326 325 321 315 309 304 304 309 315 318 320 327 339 344 343 342 342 342 343 345 348 350 354 358 1 4 6
323 326 332 336 338 341 342 343 343 344 348 355 4 5 360 355 352 350 348 345 344 343 343 343 343 342 342 342 341 340 337 332 332 335 339 340 339 336 335 338 342 346 350 348 342 337 335 336 336 335 336 339 344 348 348 347 347 347 347 345 342 339 337 337 337 336 333 332 331 329 323 315 309 304 301 302 305 308 311 319 330 337 338 339 339 340 342 344 345 348 353 359 4 9 9
324 327 333 336 339 341 343 345 346 348 353 1 7 5 358 353 351 348 346 344 342 342 342 343 343 342 341 340 339 336 333 328 330 332 337 340 341 341 339 339 342 348 353 351 342 334 332 334 336 337 336 336 337 339 342 343 345 347 347 346 343 340 339 340 339 337 336 336 335 331 325 319 316 313 309 307 307 308 309 314 322 329 334 336 337 338 342 345 346 346 348 355 5 11 12
323 327 333 337 339 340 343 346 349 352 358 6 8 2 355 352 350 347 345 343 342 341 341 342 342 342 341 339 336 332 330 328 328 330 334 338 341 343 344 343 345 351 356 352 343 335 333 335 338 339 339 335 331 331 335 340 344 347 348 347 344 341 340 341 341 339 340 340 337 333 329 326 323 321 319 316 314 313 314 315 320 326 331 333 334 337 342 346 349 350 351 356 5 11 12
320 324 331 336 338 340 342 345 349 355 2 9 5 357 352 351 349 347 345 344 343 342 342 342 341 340 339 336 332 329 328 328 327 328 331 336 340 344 347 349 352 355 355 350 344 337 334 335 339 340 337 331 327 329 334 340 345 348 349 348 346 342 340 341 342 342 341 340 337 335 333 332 331 329 326 323 321 320 320 321 323 327 329 331 333 337 341 346 350 353 356 2 8 11 13
319 322 329 334 338 340 342 345 349 356 6 9 2 352 348 348 348 347 345 344 343 343 342 342 340 338 336 331 327 326 328 330 329 328 331 334 338 343 348 354 358 357 352 347 343 337 334 335 339 339 334 328 328 332 338 344 347 349 350 349 347 344 342 342 343 343 342 341 340 340 340 339 338 337 335 332 331 330 329 328 328 328 327 328 331 335 340 344 348 354 2 8 11 11 10
319 322 328 333 337 341 343 345 349 357 8 9 358 349 346 346 346 346 346 345 344 343 342 341 339 337 332 327 323 324 329 332 331 332 334 335 337 342 350 359 3 358 349 343 339 335 334 336 339 336 331 329 332 337 344 349 350 350 349 349 347 346 344 343 342 343 343 343 345 345 345 345 345 344 343 341 340 339 339 337 334 330 327 326 328 333 338 341 346 356 7 11 10 7 3
318 321 328 333 337 341 345 347 350 359 7 5 355 349 347 346 347 347 347 346 345 344 342 341 339 336 330 323 320 322 328 331 332 335 339 340 342 347 356 5 5 357 348 342 338 335 335 337 338 335 332 332 336 343 350 353 353 350 348 346 345 345 344 342 341 341 343 345 346 347 348 347 347 347 346 346 346 347 347 347 344 338 331 327 326 330 335 339 346 360 10 10 7 3 357
316 320 329 334 337 342 346 348 352 360 4 360 353 349 348 348 348 348 348 348 347 345 343 340 338 335 328 321 318 320 325 328 331 336 340 344 349 356 3 4 1 355 349 345 341 338 337 338 339 338 336 337 342 348 354 356 355 351 347 345 342 341 340 338 337 338 340 342 343 344 345 346 346 346 347 348 349 350 351 352 351 348 342 335 331 331 334 339 348 3 10 8 6 2 356
315 318 327 333 337 342 346 348 353 358 359 355 351 349 350 350 350 350 350 349 348 346 344 340 336 333 326 319 316 317 322 325 328 333 339 346 356 2 3 360 356 352 349 346 342 338 336 338 340 342 342 343 347 352 356 358 357 353 349 345 341 338 335 333 332 332 333 332 331 331 333 336 339 340 342 344 346 347 349 350 351 350 348 345 340 336 335 340 351 3 7 7 7 5 359
316 318 324 330 334 340 344 348 353 357 356 351 348 349 352 353 352 351 350 350 348 347 344 340 335 331 325 319 316 317 321 323 327 331 337 347 359 2 358 355 352 349 347 344 339 335 334 336 341 345 347 349 351 355 358 0 0 357 351 346 342 339 334 330 328 327 327 325 324 323 323 324 327 330 333 337 339 340 342 342 343 344 345 345 344 341 340 343 352 360 3 6 7 3 357
319 320 324 328 332 337 341 346 352 356 354 349 347 350 354 354 353 351 350 349 348 346 343 339 335 330 325 321 319 320 324 326 328 331 336 348 359 359 354 350 348 346 343 339 334 331 331 335 341 346 349 352 355 358 1 3 3 358 351 346 342 339 335 331 328 327 327 327 327 326 323 319 316 316 321 325 328 330 332 332 328 327 328 332 337 341 344 347 352 356 359 3 1 357 353
322 323 327 330 333 336 339 342 349 355 354 350 350 353 356 355 353 350 348 347 347 345 342 339 335 331 326 323 321 323 326 329 329 330 337 350 359 357 352 348 344 341 338 332 328 327 329 335 342 347 350 353 357 1 4 6 4 357 349 345 342 340 336 332 329 328 329 331 330 328 324 318 312 310 311 313 313 314 316 317 316 315 318 324 331 339 345 349 351 353 356 357 355 352 349
325 326 331 335 338 340 340 341 346 352 355 354 356 359 358 356 353 350 346 345 345 344 343 340 336 333 329 325 323 324 328 331 331 333 340 351 358 356 352 347 343 339 333 327 324 324 328 335 342 347 349 353 359 4 8 8 3 355 348 345 343 341 337 332 328 328 331 333 332 330 326 323 322 320 317 312 307 305 308 313 315 318 322 328 334 341 345 349 350 351 353 353 351 349 344
324 327 334 339 343 346 345 344 347 352 356 359 0 1 360 357 354 351 347 345 344 343 343 341 338 335 333 328 325 327 333 336 338 340 346 353 355 354 352 349 344 338 330 324 322 324 329 334 340 344 347 352 0 7 10 9 3 356 350 347 345 343 340 333 328 328 332 335 334 332 331 330 331 331 329 322 317 316 317 319 321 324 328 334 340 344 347 348 349 350 351 351 348 344 339
320 325 334 342 347 350 349 348 350 354 358 360 360 359 358 356 353 351 348 346 344 343 342 341 339 338 336 331 328 331 336 340 342 346 351 353 353 352 351 348 344 338 329 323 320 323 328 332 336 339 342 350 1 9 11 10 5 359 354 350 348 346 342 336 331 330 334 336 335 334 334 336 339 340 335 329 325 324 324 324 325 328 333 339 344 347 348 348 349 348 349 348 344 339 336
317 321 333 342 348 352 352 352 354 357 359 358 356 355 354 352 350 348 347 346 345 343 341 339 339 339 337 332 330 333 337 340 343 348 353 354 352 349 348 346 343 337 329 322 319 321 325 328 330 332 336 346 358 7 10 9 6 0 354 350 347 345 342 339 337 337 339 338 336 337 339 342 346 343 336 332 330 329 329 329 330 333 337 343 346 348 349 348 348 346 346 345 340 336 335
316 320 331 340 346 351 354 356 359 1 359 355 351 348 347 346 345 343 342 342 342 340 337 336 337 338 335 330 330 335 339 340 342 346 350 353 351 348 346 344 341 336 328 322 319 321 323 323 324 326 331 340 352 3 7 6 4 359 354 349 345 342 340 339 341 344 344 341 338 340 344 347 347 343 338 336 335 334 334 334 335 338 341 345 347 349 349 348 346 344 343 341 337 335 341
314 319 331 340 344 349 353 359 4 4 0 352 345 341 340 339 338 337 335 334 333 332 330 330 332 332 328 325 328 336 343 345 346 346 348 350 350 347 345 343 341 336 328 323 322 325 326 325 326 329 333 339 348 357 2 2 360 356 353 349 344 340 338 338 342 347 347 344 342 345 348 349 347 344 342 340 340 340 340 340 341 343 345 346 348 349 348 346 344 342 341 338 335 337 346
314 318 329 338 344 348 353 1 8 9 3 352 341 333 330 330 330 329 326 322 319 318 319 322 326 325 321 320 324 334 342 347 349 350 350 350 348 346 345 344 342 337 331 327 328 333 335 334 333 335 339 343 349 356 359 358 356 353 349 345 341 338 337 338 341 346 345 343 345 349 350 349 347 346 345 343 343 344 345 346 346 348 348 349 349 349 347 344 342 340 338 336 335 339 346
316 320 329 338 344 349 355 4 13 15 8 356 342 330 323 321 323 327 327 321 314 310 310 315 322 320 317 316 320 329 338 344 349 352 354 353 350 347 346 345 343 338 332 329 332 338 341 340 339 341 343 347 352 357 358 356 353 349 343 339 337 336 336 339 342 342 340 340 345 350 349 347 346 346 345 344 344 346 348 349 350 351 352 352 351 349 346 342 339 337 336 334 335 339 343
321 324 333 340 345 351 358 9 17 17 11 1 350 339 331 326 326 331 334 331 325 317 314 316 320 319 316 316 319 327 333 337 344 350 356 358 355 350 348 346 343 337 331 329 332 339 342 343 343 345 347 349 353 357 357 354 350 344 338 335 334 335 337 341 342 338 335 336 342 347 347 345 344 343 343 343 344 345 348 350 352 353 353 354 352 348 343 339 336 334 333 332 333 337 338
323 327 336 343 348 354 3 13 17 14 8 2 356 350 344 337 332 332 335 337 335 330 325 323 321 319 317 318 322 329 332 333 337 345 354 359 357 353 350 347 342 336 330 328 331 338 341 343 346 349 350 351 353 356 356 352 347 340 335 333 334 336 339 342 341 335 329 331 338 342 343 343 342 340 340 342 343 344 344 346 349 351 352 352 349 342 336 334 333 332 331 330 331 333 335
323 328 337 346 351 358 7 12 12 8 4 1 358 356 351 344 337 333 333 337 338 336 333 329 325 321 320 322 328 334 336 336 336 341 349 355 354 352 349 346 341 335 329 327 330 335 338 341 347 351 352 353 354 355 354 350 344 337 333 333 337 339 342 343 339 332 326 328 334 339 340 342 341 339 337 338 341 343 342 341 343 345 346 343 337 329 326 327 329 331 331 330 330 332 333
324 328 339 347 354 2 8 9 5 1 359 360 360 358 355 349 342 336 334 335 337 337 335 331 327 324 324 326 333 339 342 342 341 342 347 350 350 348 347 344 340 334 329 327 328 332 335 339 345 349 352 354 354 354 352 347 341 336 334 336 339 341 343 343 338 330 326 327 331 335 337 339 340 340 338 337 339 344 344 339 335 337 338 332 324 320 319 323 327 330 331 333 333 334 334
323 328 340 350 357 4 7 5 359 355 355 356 358 358 356 353 347 341 336 334 334 334 334 332 328 326 326 329 335 340 345 346 345 345 347 348 348 347 346 343 339 334 330 327 326 329 333 337 342 345 349 351 352 352 348 343 338 336 337 338 339 342 344 341 336 329 324 323 326 328 331 333 334 337 339 340 341 346 349 342 334 334 334 327 321 318 319 323 325 327 331 334 337 338 339
323 328 341 352 360 6 8 3 356 350 348 350 352 353 353 353 350 345 340 336 333 332 332 329 328 328 329 331 334 339 343 345 347 348 349 349 348 348 346 342 338 335 332 329 327 330 334 338 341 342 342 344 346 347 345 341 337 337 339 338 337 340 340 336 332 327 322 319 320 320 320 321 324 328 336 343 348 352 349 341 335 334 333 327 322 320 322 325 326 328 333 337 340 342 343
324 329 342 353 2 8 9 6 358 349 343 341 342 345 348 350 350 348 343 339 336 333 330 328 328 329 332 333 334 336 337 340 344 348 350 350 349 347 345 342 339 337 334 331 329 332 337 340 339 338 338 339 342 345 345 342 340 341 340 337 336 336 334 330 328 326 324 323 325 325 324 326 328 331 338 347 351 349 343 338 335 334 333 329 326 326 328 330 331 334 338 342 344 346 347
326 331 344 355 5 10 10 7 2 355 346 338 334 335 340 344 347 346 344 341 338 335 330 329 329 332 335 336 336 335 334 335 338 343 347 349 349 346 343 340 339 338 335 331 329 332 338 339 339 339 339 340 343 347 349 349 349 348 345 342 341 340 335 332 331 331 333 334 335 336 336 337 340 343 346 347 347 343 339 336 335 335 335 332 331 334 337 340 341 342 345 347 348 349 351
327 333 345 357 7 10 9 6 3 359 353 345 337 334 335 339 343 343 343 341 339 336 332 330 332 336 340 341 340 339 338 337 339 341 344 347 348 345 342 340 340 339 336 330 329 333 339 340 341 342 343 344 347 351 353 353 352 352 351 349 348 346 343 340 337 337 339 341 341 341 343 345 348 349 348 345 342 339 335 334 335 338 338 337 336 338 344 348 350 352 353 353 353 353 355
329 334 347 359 7 9 7 2 359 357 354 350 344 340 338 338 339 340 341 341 340 337 334 332 334 339 343 344 344 343 342 342 343 343 345 347 347 345 342 342 342 341 337 332 330 334 339 341 343 344 346 349 352 354 354 352 352 352 351 350 349 347 344 341 339 340 343 343 343 344 348 350 350 347 343 340 339 335 332 333 336 339 341 341 341 343 348 353 357 360 0 359 357 358 0
331 336 348 1 7 8 4 358 354 352 351 349 348 346 343 339 337 336 338 337 340 336 334 334 336 339 343 346 347 345 344 344 345 346 347 348 347 345 344 344 343 342 338 333 331 332 337 339 341 343 346 349 353 354 354 352 350 349 348 348 347 344 341 339 340 343 346 344 344 347 351 351 347 342 338 337 335 332 330 332 335 339 342 344 346 349 350 353 359 4 6 4 2 2 4
333 338 350 1 7 7 1 353 348 346 346 346 347 346 343 339 336 334 335 336 338 339 338 337 337 338 341 345 347 347 346 345 345 345 346 346 346 346 345 344 342 341 338 332 329 330 333 335 337 339 341 345 349 353 354 351 348 346 345 344 342 340 339 341 344 347 346 344 346 349 350 348 342 337 335 334 334 331 330 332 335 337 338 341 346 351 354 353 357 4 8 7 5 5 6
333 339 352 1 5 3 355 348 344 342 342 342 343 342 340 337 333 332 332 334 337 338 339 339 338 337 339 344 347 348 348 348 347 346 345 345 346 347 346 344 342 340 336 331 328 330 334 336 338 340 342 343 346 350 352 350 348 346 344 342 339 339 342 348 352 350 346 344 346 348 347 344 340 337 336 336 335 334 334 335 336 333 330 330 338 348 355 357 359 2 6 7 6 7 6
332 339 353 2 2 356 349 345 343 341 340 339 338 337 335 333 329 331 333 334 337 339 340 340 339 338 339 342 345 347 349 351 350 348 347 347 349 350 349 346 342 339 335 330 327 328 332 336 338 339 341 342 344 346 348 348 347 346 344 342 340 343 350 355 354 350 347 346 346 346 345 342 340 339 339 338 338 338 339 342 342 339 333 328 329 338 350 358 2 4 5 6 6 6 5
330 338 354 1 358 350 346 345 344 343 341 339 336 334 332 330 330 331 334 336 337 339 341 340 339 337 338 341 342 345 349 352 352 351 350 351 353 354 351 346 342 338 335 329 325 324 327 330 332 333 335 337 339 341 344 347 346 345 344 342 344 350 355 354 351 349 347 346 344 344 343 340 340 340 343 341 341 341 343 347 349 348 343 337 333 335 343 354 3 7 6 5 5 5 3
330 338 355 360 355 348 346 347 347 345 342 339 335 332 331 330 331 333 335 337 339 340 341 341 338 336 336 338 339 341 346 351 352 352 353 355 358 358 352 347 342 338 335 330 324 321 322 326 328 331 333 336 337 339 343 345 345 345 344 344 347 353 353 349 347 345 344 343 342 343 340 338 338 340 342 343 342 342 343 347 352 353 351 346 342 341 343 350 360 5 4 3 3 3 0
334 341 353 357 354 349 347 347 346 344 341 337 334 332 330 330 331 333 336 338 340 341 342 341 339 335 333 334 334 335 338 344 349 352 354 358 2 0 355 350 346 342 339 335 330 327 326 327 329 332 335 337 339 341 345 346 347 348 347 348 350 351 349 345 342 340 339 340 341 340 336 334 334 338 341 342 343 342 342 344 349 353 354 352 349 347 347 351 357 1 0 360 0 360 356
340 344 351 354 353 350 347 346 344 341 338 334 331 330 330 331 331 333 337 339 341 341 342 342 340 335 332 331 329 327 327 331 338 346 353 359 2 0 356 353 349 347 344 341 338 334 332 331 332 334 336 338 339 341 345 348 350 352 352 353 352 350 346 341 337 335 335 338 340 338 333 330 331 336 340 342 343 343 342 342 344 348 353 355 354 352 351 354 357 357 356 356 357 355 350
346 346 349 352 351 348 346 344 341 338 335 332 329 329 330 331 333 334 338 340 341 341 343 343 341 337 334 332 329 324 320 320 325 335 348 357 360 358 355 351 348 347 346 344 341 338 335 334 335 336 337 337 338 341 345 349 350 351 352 353 352 348 344 338 334 332 335 339 340 336 331 328 330 335 339 341 342 343 344 344 343 344 350 355 357 356 355 356 357 355 353 353 353 350 345
346 347 349 351 349 346 343 341 338 335 332 329 328 329 331 333 334 337 341 342 341 342 343 342 340 338 336 336 335 331 327 325 325 331 341 352 357 355 351 348 346 345 345 344 341 338 335 335 336 337 338 338 339 342 346 349 350 349 350 350 349 346 341 335 331 331 337 341 340 336 331 327 328 332 336 338 339 342 344 345 345 343 346 351 356 358 360 359 357 354 352 351 349 346 343
344 347 351 352 348 343 340 338 335 332 329 328 328 329 332 334 336 340 344 344 343 344 344 340 338 338 337 338 340 340 337 335 334 334 339 348 354 352 348 345 344 345 345 343 340 337 335 335 338 339 340 341 342 344 347 349 349 349 348 347 346 343 339 333 329 331 338 340 339 336 332 327 326 327 329 329 331 335 340 343 345 345 344 346 352 357 2 3 359 355 352 350 348 346 346
342 346 351 351 346 341 338 336 333 330 328 327 328 330 333 336 339 343 346 345 344 345 343 340 338 338 337 338 341 343 343 343 341 340 341 347 350 348 346 345 346 346 345 343 340 336 334 335 339 343 344 344 345 345 347 349 349 347 346 345 343 341 338 332 329 331 336 338 338 337 334 329 327 327 326 323 321 323 328 334 339 342 342 342 346 354 1 3 2 359 355 352 352 352 353
