project/data/elevation/US_DEM2016/US_DEM2016_point_10-29-2019_1313_30m_ang.asc
ncols	125
nrows	167
xllcorner	-2042055.000000
yllcorner	1465035.000000
cellsize	30.000000
NODATA_value	-9999.000000
[rows 42 to 83 of 167, columns 0 to 93 of 125]
138 140 146 151 153 154 156 157 158 158 160 163 170 177 176 171 168 166 166 165 162 160 159 158 158 156 156 155 156 156 156 161 156 157 157 155 153 150 150 154 158 160 159 155 152 155 159 161 161 163 165 166 165 165 166 164 158 155 150 144 142 143 143 143 144 144 143 142 140 140 139 137 136 134 136 144 150 146 144 150 161 164 161 159 156 156 161 165 165 166 168 170 172 176
139 141 147 152 154 155 156 157 158 160 162 167 175 179 175 170 167 166 165 164 162 160 159 159 159 158 157 157 156 155 154 155 151 155 157 156 154 151 150 152 157 161 162 157 150 150 154 157 156 157 160 164 166 167 167 164 161 159 156 151 148 149 151 150 150 148 146 144 144 144 141 135 130 126 126 132 138 138 138 145 157 161 157 155 152 152 158 163 165 167 169 173 176 179
140 142 147 152 155 156 158 159 161 162 165 172 179 180 173 168 166 165 163 161 160 159 159 159 159 158 157 156 155 154 149 151 148 153 156 156 156 155 153 152 155 161 165 160 149 146 149 152 151 150 152 156 161 165 165 163 161 160 159 155 151 151 154 154 152 150 149 149 148 145 139 133 128 124 122 124 128 130 132 139 149 154 153 152 150 149 155 161 162 163 167 172 178 183
141 143 149 153 156 157 159 161 163 166 170 177 183 180 172 167 165 163 161 160 159 158 158 159 159 157 156 155 153 151 146 154 146 151 153 154 156 158 157 155 155 161 166 163 150 143 145 149 151 153 153 153 154 157 160 160 160 160 159 156 151 151 154 155 152 151 152 152 150 144 138 134 130 128 126 125 126 129 131 135 142 148 150 150 148 147 152 160 163 161 162 168 178 185
140 143 149 153 156 157 159 161 165 169 174 182 183 176 169 166 165 162 160 160 159 158 158 158 158 157 156 153 150 147 145 141 144 148 151 152 154 158 161 160 159 163 167 163 152 145 146 150 153 155 155 152 149 150 154 158 160 161 161 158 151 149 153 156 153 151 152 152 149 145 141 138 137 136 134 131 130 131 132 135 140 146 150 149 147 147 151 159 165 166 167 171 178 184
137 140 146 151 154 156 158 160 164 170 178 184 181 171 165 164 163 161 160 160 159 159 159 157 156 155 153 150 146 144 143 142 143 146 150 151 152 156 161 165 166 167 165 160 152 147 147 150 153 153 152 147 145 148 153 159 162 163 162 160 153 150 152 155 153 151 151 151 149 147 146 145 145 145 143 139 136 136 136 138 142 147 149 148 148 148 151 157 164 169 172 178 182 184
137 139 144 150 153 156 158 160 164 170 181 185 177 167 162 161 161 160 160 160 160 160 159 157 155 153 150 145 142 142 145 145 144 146 150 151 152 154 160 168 172 169 162 157 151 145 145 149 152 152 148 145 146 151 157 163 165 164 164 162 156 152 153 156 157 157 158 157 155 155 155 155 155 156 154 152 149 148 146 145 146 147 147 147 147 149 151 154 161 170 177 183 185 185
137 140 145 149 152 156 159 161 164 171 183 183 173 165 162 160 160 160 160 160 160 160 159 156 155 152 147 141 138 141 147 147 145 148 153 154 154 155 161 171 175 169 159 153 148 143 144 149 153 151 147 148 151 156 163 168 168 166 164 162 157 154 155 159 161 163 163 162 162 161 161 162 163 163 163 162 161 159 157 154 151 148 146 145 146 148 150 152 158 170 181 184 184 181
136 139 146 150 152 156 160 163 166 174 182 179 170 165 163 162 161 161 161 161 161 161 159 156 154 151 145 138 136 140 146 146 145 149 155 158 159 161 167 175 175 168 159 154 150 145 146 150 154 152 151 152 156 162 168 172 171 167 163 160 156 152 153 157 161 163 163 163 163 163 163 164 165 165 165 166 166 166 165 164 161 156 150 147 146 147 149 151 157 172 183 183 180 176
134 138 146 151 153 156 160 164 168 175 179 174 167 165 165 164 163 162 162 162 162 161 160 156 153 150 143 137 136 139 144 144 144 148 155 161 166 171 174 175 172 167 162 159 155 151 151 154 157 157 156 157 161 167 172 174 173 167 162 158 154 149 146 151 157 159 159 159 159 159 159 161 162 163 164 165 166 167 168 168 168 165 160 154 150 149 149 151 159 175 182 181 179 176
134 136 143 149 153 156 159 163 169 174 175 169 164 165 167 166 164 163 163 162 162 161 159 156 153 148 140 135 135 138 141 142 143 146 152 162 172 177 175 172 168 165 162 160 156 152 152 155 159 160 161 163 166 170 174 176 175 170 164 160 155 149 143 143 149 153 151 149 148 148 148 151 154 156 158 159 161 163 165 166 167 166 165 162 158 154 151 152 162 174 178 179 181 179
135 136 141 146 151 155 158 162 168 173 172 165 161 164 168 168 165 163 163 162 161 160 158 155 152 147 139 135 135 138 141 142 144 145 150 162 175 177 172 167 165 162 160 157 153 150 150 154 159 162 164 167 170 173 176 178 178 173 167 161 156 151 143 141 144 147 141 143 142 142 141 141 143 145 148 151 153 156 159 159 158 159 160 161 160 158 156 156 164 171 175 179 181 177
137 138 142 146 149 153 156 160 167 172 170 163 160 165 169 169 165 163 162 162 161 159 157 155 152 147 140 136 137 141 144 146 146 147 150 163 175 174 168 163 161 158 156 152 148 146 148 152 157 161 164 169 172 175 179 181 180 174 166 160 156 152 144 140 138 145 145 145 145 145 143 138 135 136 139 141 143 146 150 150 146 143 143 147 153 157 160 162 165 168 172 177 176 172
140 141 144 148 151 154 155 157 164 170 169 164 162 167 170 169 165 163 161 161 160 158 157 154 151 147 142 138 139 143 147 148 148 148 152 164 174 171 166 162 158 155 151 147 144 143 147 152 157 160 162 168 174 178 182 183 181 172 164 159 155 152 145 139 141 145 148 148 148 146 142 137 133 131 133 134 133 134 137 138 136 134 136 142 149 156 161 164 165 166 170 173 170 167
142 144 148 152 155 158 157 157 161 168 170 168 168 171 171 169 166 164 161 160 159 158 157 155 152 149 145 141 141 144 148 150 151 152 158 167 172 170 166 162 158 153 147 142 141 142 146 152 158 160 161 167 175 180 184 185 180 170 163 159 157 153 147 140 140 145 138 150 148 145 141 140 139 138 137 132 128 126 129 132 133 135 140 146 153 159 162 164 165 166 168 169 166 163
141 144 151 156 160 163 162 161 163 168 172 173 173 173 172 171 169 166 163 161 159 158 157 156 154 152 148 145 145 148 152 155 157 159 164 169 171 169 167 163 159 152 145 141 140 142 146 151 156 157 158 165 175 183 186 185 179 171 165 162 160 157 152 142 141 143 150 149 147 145 145 145 145 145 142 137 133 132 133 135 137 141 146 152 158 163 164 164 165 165 166 167 164 159
138 141 150 157 163 166 166 165 167 171 174 174 173 172 171 170 168 166 164 163 160 158 157 155 153 152 150 147 148 152 155 158 161 165 169 171 169 167 165 162 158 151 144 141 140 142 145 149 153 153 154 162 175 184 187 185 180 173 168 166 163 160 155 146 144 144 151 149 147 147 148 150 151 149 144 140 138 138 139 140 142 146 151 157 162 165 165 165 164 164 164 164 160 154
135 138 148 156 162 166 168 169 171 174 174 172 170 168 167 166 164 163 162 161 160 157 155 153 152 151 149 147 150 154 156 158 161 166 170 171 168 164 162 160 156 149 143 140 139 140 143 146 148 148 149 158 172 182 185 184 180 174 169 165 162 159 154 149 149 155 156 152 151 151 152 154 156 153 148 146 145 145 145 146 148 150 155 160 164 166 166 165 164 162 162 161 156 151
134 137 147 155 159 164 167 171 175 177 174 169 164 162 161 160 158 157 156 157 156 153 151 150 150 149 144 143 149 156 158 159 159 163 168 170 168 163 160 158 154 147 141 139 139 139 141 142 143 144 147 154 166 177 182 181 178 173 168 165 161 157 153 149 151 158 161 157 155 155 158 160 161 158 157 156 154 153 152 152 153 155 158 162 165 166 166 165 163 161 160 157 153 152
133 137 147 155 158 161 165 172 178 179 174 166 159 156 154 153 152 149 148 147 147 145 144 145 146 144 139 139 145 155 160 163 164 164 166 168 166 162 160 157 154 146 139 139 142 144 144 144 145 147 151 156 164 173 177 177 174 170 167 163 159 155 151 149 151 156 160 160 160 162 165 166 165 163 163 162 160 159 158 158 159 160 162 164 166 167 166 164 162 159 158 155 152 154
133 136 145 154 158 161 165 172 180 182 175 164 155 149 146 146 146 143 139 137 136 135 136 139 141 138 134 135 142 151 159 164 167 168 169 168 165 162 160 158 155 148 141 142 148 153 153 152 152 153 157 161 166 172 175 174 170 167 163 159 156 153 151 151 152 151 153 158 160 167 168 167 166 160 158 163 162 162 162 162 163 164 166 166 168 168 166 163 160 157 155 153 152 157
136 138 146 153 159 163 167 174 183 185 178 166 155 146 142 141 143 143 140 137 132 129 131 136 138 134 131 133 139 147 154 159 165 169 172 171 167 163 161 159 157 149 142 144 151 158 159 159 158 159 161 165 170 174 175 172 168 163 157 153 151 151 151 153 153 149 147 153 162 167 167 165 164 163 163 162 161 162 163 163 165 167 169 169 170 168 165 161 158 155 154 152 153 158
140 142 149 156 161 166 171 179 186 186 180 171 162 154 148 146 147 148 147 144 140 134 134 137 137 132 131 134 139 145 150 153 159 167 173 175 172 166 163 161 157 149 142 143 151 158 161 161 162 163 165 167 171 174 174 170 165 159 153 149 149 150 152 155 153 146 143 148 158 163 163 161 160 159 158 159 159 159 160 161 164 167 169 171 171 167 162 158 156 153 152 151 152 155
141 144 153 159 164 170 176 184 187 185 179 174 168 164 159 155 152 150 148 149 148 145 143 141 138 135 133 136 143 147 150 150 154 161 170 175 174 169 165 162 156 148 142 142 149 155 158 160 163 166 168 168 171 173 173 168 162 155 150 148 150 151 154 156 151 143 140 144 153 158 158 158 157 154 152 153 155 155 154 155 159 164 166 168 167 162 157 154 153 152 151 149 150 152
141 145 154 162 167 174 181 185 184 180 176 173 172 170 167 161 155 151 149 149 151 152 151 147 141 137 136 141 148 153 154 154 155 159 166 172 171 167 164 160 155 147 141 142 148 152 155 158 163 167 169 170 172 173 171 166 159 152 149 150 153 154 156 155 149 141 138 143 150 154 155 155 155 153 149 147 149 151 149 146 148 154 158 157 155 150 147 149 151 151 151 150 150 151
142 145 155 163 170 177 182 182 178 174 172 172 173 172 170 166 160 154 151 150 150 152 152 150 145 141 141 144 151 157 159 160 159 161 165 168 166 164 161 158 153 145 140 141 146 150 152 155 160 164 168 171 172 172 169 163 156 151 149 152 155 156 157 155 148 140 138 142 148 150 151 152 152 151 148 144 143 144 142 135 131 137 146 144 139 137 139 144 148 150 151 152 153 154
141 146 157 166 172 179 182 179 172 168 167 169 171 171 170 168 164 159 154 151 149 149 149 149 147 145 145 147 152 158 161 163 163 164 166 167 165 162 160 157 152 145 141 141 145 148 150 154 157 160 163 167 169 169 165 159 153 151 152 153 154 157 156 153 146 139 136 138 142 144 145 145 144 145 146 143 137 134 131 125 119 125 132 131 128 129 133 140 144 146 148 152 155 157
141 146 158 168 175 181 182 177 169 163 162 163 165 166 167 167 166 163 158 154 150 147 146 149 147 149 148 149 152 155 159 161 164 166 168 167 166 164 161 157 152 146 142 142 146 150 152 155 157 157 157 159 163 164 162 157 152 152 154 152 154 156 153 148 142 135 131 132 135 136 135 136 136 137 139 139 134 129 129 129 129 131 131 127 126 127 131 137 141 144 149 154 157 160
142 146 159 169 177 184 184 179 171 164 159 156 157 159 160 162 163 163 161 158 153 148 144 144 148 151 152 152 152 152 153 155 160 164 167 168 167 164 160 156 152 148 143 142 146 151 154 156 155 154 154 155 159 163 162 158 155 156 154 152 153 153 148 143 140 135 133 136 139 139 139 140 141 140 140 140 141 141 142 145 146 146 141 135 133 136 140 145 146 149 153 158 160 162
144 148 160 171 180 185 185 180 175 170 163 156 153 153 154 156 158 165 160 160 157 150 149 146 149 154 156 155 154 152 151 151 155 160 164 167 166 163 158 155 153 150 144 141 144 150 153 155 155 156 157 158 161 165 166 164 163 162 159 157 157 156 151 147 146 144 143 146 152 152 150 150 152 152 150 149 150 151 152 155 155 155 152 147 146 150 155 157 157 157 160 163 163 164
146 150 162 173 182 186 184 179 176 173 169 163 157 154 153 153 155 160 158 160 158 152 151 148 151 156 159 159 158 157 156 155 157 159 162 165 166 162 157 155 153 151 144 140 144 151 155 157 158 160 161 163 166 169 170 168 167 166 164 164 163 161 158 155 152 151 149 151 156 157 156 157 158 158 156 154 154 154 155 157 159 161 159 156 156 158 162 165 166 167 168 168 167 168
148 152 163 176 183 185 182 176 173 172 170 167 163 160 157 154 153 156 154 157 158 153 148 149 152 157 160 161 162 161 160 160 161 162 163 165 165 162 158 157 156 153 146 142 146 152 156 159 160 162 164 167 169 171 171 168 166 165 164 164 164 161 158 156 154 154 152 150 153 157 158 158 158 157 155 155 155 154 154 157 160 162 162 161 161 163 165 168 171 174 175 174 172 172
150 154 165 177 184 184 179 172 169 167 166 165 165 163 160 156 153 154 150 164 155 163 156 150 154 156 158 160 163 163 162 162 163 164 165 166 165 162 160 158 157 154 147 143 145 151 154 157 158 159 161 165 169 172 171 167 164 162 161 161 160 157 155 155 154 157 155 148 149 156 159 158 156 154 153 153 153 152 152 155 159 161 161 162 164 167 166 167 171 177 180 178 176 176
151 156 167 178 184 183 176 168 164 162 161 161 162 162 159 155 152 152 148 150 153 152 150 151 154 156 156 158 161 164 163 163 162 163 164 164 164 163 161 158 156 153 147 141 143 148 151 152 154 155 157 160 166 170 171 167 163 161 159 157 155 154 154 155 157 160 157 148 149 156 159 157 154 151 150 151 151 151 153 155 158 157 156 158 162 168 169 167 169 176 180 180 178 179
152 157 169 179 183 180 171 164 160 158 157 157 158 156 154 151 157 153 151 150 151 152 151 152 154 156 156 157 159 162 165 165 164 163 162 163 164 164 162 158 156 153 146 140 141 147 152 154 155 157 159 160 163 167 169 166 163 160 158 155 153 153 157 161 162 162 157 152 152 156 158 158 156 154 153 153 153 153 156 159 158 153 149 148 153 163 170 172 172 176 179 180 180 180
151 157 171 180 180 173 165 161 159 158 157 156 154 152 149 148 157 148 149 149 150 151 151 151 153 156 157 158 158 160 165 167 167 166 165 165 167 167 165 160 156 153 146 139 139 144 150 153 155 156 158 159 161 164 165 165 163 160 158 155 154 158 165 167 165 162 159 157 156 158 159 159 158 158 157 156 156 156 156 163 163 158 151 146 147 153 164 172 177 179 179 179 180 181
149 157 172 179 176 167 162 160 160 160 159 156 153 150 147 146 147 149 150 151 151 151 151 150 150 153 157 157 156 158 163 168 169 168 168 169 171 171 167 160 156 152 146 137 134 138 144 146 148 149 151 154 157 159 162 163 162 160 158 156 157 164 169 167 163 161 160 159 158 158 158 158 154 152 153 158 157 159 162 166 168 166 161 155 151 152 158 167 177 181 180 179 179 180
150 157 172 177 173 166 163 162 162 161 160 156 152 149 147 147 148 151 152 152 152 152 152 149 148 150 154 156 154 154 158 164 167 169 170 173 175 174 168 161 156 152 148 139 134 135 139 142 145 147 150 153 155 158 162 163 161 159 158 157 161 166 167 163 160 159 158 157 157 156 154 154 153 159 159 159 156 160 161 164 168 169 168 164 160 158 159 165 174 179 178 177 178 178
154 160 171 174 171 167 164 163 162 160 158 154 150 147 147 147 149 151 153 154 153 153 152 149 147 148 151 153 151 150 152 157 162 167 171 175 178 176 170 165 160 157 153 146 141 141 142 144 147 150 153 155 157 160 163 164 164 163 161 162 164 166 164 160 156 155 154 154 155 153 149 150 154 156 156 157 159 160 159 160 163 167 168 169 167 164 164 167 172 175 174 174 176 175
160 163 169 172 170 167 164 161 159 157 154 150 148 146 147 148 149 151 154 154 154 154 153 150 145 146 149 149 146 144 143 146 151 160 169 176 178 176 171 167 163 160 158 153 148 148 149 149 150 152 154 156 157 160 164 166 167 167 166 167 167 166 162 156 152 151 152 154 154 150 146 146 151 154 155 156 158 161 160 159 159 161 165 169 171 169 168 169 172 172 171 172 173 171
165 165 167 169 167 165 162 159 156 153 150 147 145 146 147 148 149 152 155 155 154 154 155 150 144 144 148 149 146 141 138 138 142 151 163 173 176 173 169 165 162 160 158 155 151 150 152 153 152 154 154 155 156 159 164 167 168 167 167 167 166 163 159 153 149 149 153 156 154 149 144 145 148 153 155 155 156 159 160 162 159 159 161 166 171 173 172 171 172 170 169 169 169 166
165 166 168 169 166 162 160 156 153 150 147 145 144 146 148 148 150 154 157 156 154 155 156 152 145 143 148 152 151 148 144 143 144 149 157 168 173 170 166 162 159 158 158 155 149 148 151 154 154 155 155 156 158 161 165 168 167 166 165 165 163 160 155 150 147 149 156 157 154 148 143 144 148 151 153 153 153 156 160 162 162 159 159 162 168 173 175 175 172 169 168 168 166 162
