project/data/elevation/US_DEM2016/US_DEM2016_point_11-01-2019_1422_30m_ang.asc
ncols	125
nrows	167
xllcorner	-2042055.000000
yllcorner	1465035.000000
cellsize	30.000000
NODATA_value	-9999.000000
[rows 0 to 58 of 167, columns 0 to 95 of 125]
17 17 14 7 1 360 0 2 5 8 8 6 4 7 10 9 8 8 6 6 7 9 8 7 7 9 10 11 11 12 15 16 18 18 15 11 8 6 5 5 5 6 6 10 14 15 12 9 9 13 13 7 5 7 8 10 11 12 12 11 10 9 7 5 6 9 12 13 15 14 13 11 9 8 8 9 8 6 6 8 8 6 10 13 9 6 8 8 9 9 10 10 11 10 9 12
17 17 14 7 1 360 0 2 5 8 8 6 4 7 10 9 8 8 6 6 7 9 8 7 7 9 10 11 11 12 15 16 18 18 15 11 8 6 5 5 5 6 6 10 14 15 12 9 9 13 13 7 5 7 8 10 11 12 12 11 10 9 7 5 6 9 12 13 15 14 13 11 9 8 8 9 8 6 6 8 8 6 10 13 9 6 8 8 9 9 10 10 11 10 9 12
24 22 14 3 355 353 355 359 5 8 8 6 4 8 12 10 9 9 7 6 8 10 8 6 7 11 14 15 14 16 19 20 21 20 15 10 6 3 2 3 4 6 7 12 16 15 12 10 9 14 12 4 3 7 8 11 13 14 13 12 11 9 5 4 6 10 13 15 15 13 11 10 7 6 8 8 7 5 5 7 7 6 11 14 9 5 8 9 10 10 10 11 11 11 10 12
34 28 13 358 347 341 343 351 1 8 9 7 4 11 15 13 11 11 10 9 11 11 7 4 9 16 20 20 21 23 25 25 23 20 16 10 5 0 356 357 2 6 8 13 16 15 12 12 14 17 9 358 359 6 9 13 16 17 17 15 13 8 4 2 4 10 14 16 15 13 11 10 8 6 6 6 5 4 4 6 6 6 12 14 9 6 9 10 11 11 11 11 11 12 10 8
38 31 13 357 346 338 335 340 352 4 9 7 6 14 20 17 12 11 10 11 13 11 6 6 14 21 23 23 23 25 26 24 22 19 16 13 10 4 356 353 358 3 7 10 13 12 12 14 19 17 5 357 0 6 11 16 20 21 19 17 16 12 7 4 5 9 13 16 16 15 14 13 11 9 7 5 5 5 4 4 3 4 9 12 10 10 11 11 11 12 12 11 11 10 5 3
40 33 15 360 349 341 334 332 340 355 4 6 7 14 21 18 11 8 7 10 12 11 7 10 18 23 24 23 23 23 23 23 22 19 18 16 13 8 360 353 352 356 1 5 9 9 10 13 18 15 4 359 3 8 14 21 22 19 17 16 17 16 12 8 8 11 15 16 16 17 18 18 16 13 10 8 6 5 3 1 1 2 4 8 12 14 13 12 12 12 12 10 9 4 1 3
39 33 18 4 355 347 339 333 332 340 353 1 5 12 18 16 11 7 5 8 12 12 11 14 19 22 23 22 21 20 21 22 22 20 19 17 15 10 5 358 352 349 350 356 3 6 8 12 17 15 5 1 6 12 16 18 16 12 10 12 15 17 17 14 14 17 18 17 15 17 19 20 19 17 15 12 8 4 1 358 359 0 2 6 13 16 14 12 12 12 11 8 5 1 1 10
38 32 20 10 3 356 349 341 333 330 336 348 358 6 13 15 13 9 7 9 14 14 13 16 19 21 22 22 19 18 19 22 22 20 18 17 14 12 9 6 360 352 344 344 354 2 7 13 19 15 5 2 8 13 15 14 11 10 10 12 15 18 20 20 21 23 22 16 12 13 17 20 21 20 18 14 11 6 358 353 354 358 1 4 9 12 13 12 12 11 8 5 3 3 11 23
32 28 19 13 9 5 360 352 342 333 330 334 344 356 7 13 14 13 13 13 15 13 14 17 20 21 21 21 19 17 18 20 19 16 14 12 12 13 13 11 7 2 353 345 348 358 8 17 21 11 1 2 10 14 16 16 14 14 15 17 19 21 22 22 24 25 21 14 8 9 15 21 22 20 16 14 11 7 360 353 352 355 357 358 2 7 10 11 11 8 5 3 6 13 24 32
25 22 16 13 12 10 7 0 351 344 339 336 336 344 358 10 14 16 17 17 15 11 13 19 21 20 19 19 18 16 16 16 14 9 6 7 10 14 14 13 12 10 5 357 352 357 6 18 17 4 358 5 13 17 20 21 21 22 23 24 25 25 22 20 21 23 19 11 6 6 13 19 19 15 12 11 10 6 2 359 357 356 355 353 355 1 6 9 8 5 4 7 14 22 27 29
16 16 16 15 14 13 10 2 356 353 351 346 341 341 350 3 12 15 18 19 14 9 12 18 20 19 18 18 16 15 13 11 8 3 1 4 10 13 13 13 15 14 12 7 360 358 3 15 11 1 359 9 15 17 21 25 28 29 29 29 28 26 21 15 15 19 18 12 9 8 11 15 15 11 8 7 6 4 3 3 2 359 357 355 355 357 2 5 5 5 8 14 19 22 22 23
7 12 17 17 16 13 8 2 360 0 360 356 352 349 350 356 5 11 16 17 12 9 12 16 18 18 17 15 11 10 8 6 3 1 2 7 11 11 11 12 14 16 16 13 7 2 6 11 6 1 4 13 16 17 20 25 29 30 30 30 29 25 18 11 9 15 17 14 12 10 9 12 12 6 3 3 3 5 6 7 5 2 0 359 358 358 359 1 4 8 12 16 17 17 18 19
5 8 13 16 15 11 7 4 5 6 6 3 1 360 356 354 358 4 10 13 12 12 15 17 16 15 13 9 6 5 4 4 4 5 8 11 10 8 9 11 12 13 15 15 13 11 12 9 4 3 11 16 21 23 25 25 25 26 27 28 26 22 15 9 7 11 15 15 13 11 10 11 7 1 360 2 5 11 15 16 12 6 2 0 359 357 355 358 4 8 10 12 14 14 15 14
11 8 6 9 12 11 9 8 10 11 10 9 7 6 3 358 357 0 5 10 14 17 18 18 15 12 10 7 4 3 5 9 13 15 14 12 9 8 10 11 10 10 13 15 18 20 19 10 2 6 15 21 28 30 28 23 19 20 22 23 23 19 13 8 6 7 10 12 13 12 11 8 3 360 2 7 14 21 23 22 18 9 359 354 353 350 349 353 0 5 7 8 10 12 11 8
12 9 3 2 7 12 14 15 16 16 14 12 11 9 8 4 360 0 4 10 15 20 21 19 15 11 10 10 9 8 10 18 24 21 18 16 12 8 12 15 11 8 10 13 20 26 23 10 3 8 17 24 28 29 24 17 12 14 17 19 19 17 12 8 4 3 5 9 13 14 11 5 2 5 13 19 22 23 21 20 16 8 358 352 347 344 344 348 355 1 4 4 6 8 6 2
10 9 8 6 9 16 23 26 25 21 17 13 11 10 10 8 5 3 6 11 17 21 22 21 18 15 15 17 17 15 14 18 21 21 19 18 13 8 11 14 12 9 9 11 18 26 21 9 5 13 20 23 24 22 17 11 9 11 13 13 15 15 11 6 2 0 2 7 13 15 11 5 7 17 23 22 19 17 16 15 12 5 359 353 347 343 343 345 350 356 1 1 1 3 3 2
10 11 13 14 18 26 33 33 29 20 11 6 3 3 6 9 8 7 9 13 18 21 23 24 22 19 18 18 18 18 16 14 15 17 18 17 14 9 8 11 11 10 8 9 12 16 15 11 12 17 21 22 21 17 12 8 8 10 10 8 10 10 7 4 2 359 359 4 11 15 13 10 15 21 21 17 14 13 12 12 8 2 357 353 349 347 346 345 347 351 357 359 359 2 6 10
14 14 15 19 25 29 28 21 14 7 2 359 356 354 358 4 9 10 12 15 19 22 25 26 23 20 18 16 16 18 18 14 12 12 14 15 14 11 7 8 9 8 6 3 4 8 13 17 20 22 22 21 18 13 8 6 8 9 8 4 2 3 4 5 5 2 359 1 7 14 17 18 20 20 15 11 10 10 10 9 6 1 357 355 355 353 350 347 345 347 353 357 359 4 11 16
16 16 17 21 26 25 18 9 4 1 360 359 358 356 356 0 6 11 13 17 20 23 26 26 23 19 17 14 12 15 17 15 11 8 8 11 14 12 8 6 6 5 2 360 0 6 14 22 27 26 22 20 15 9 5 6 8 9 5 358 355 358 3 7 8 6 2 359 1 11 18 19 19 15 9 6 8 9 9 9 8 3 1 0 360 357 353 347 342 343 349 355 0 6 11 13
18 20 23 22 23 19 10 2 360 0 1 2 2 1 1 1 4 10 14 18 21 24 26 25 22 19 16 13 9 11 14 14 11 6 4 8 12 13 8 2 1 2 1 0 5 12 19 25 28 26 23 18 12 7 5 6 8 7 360 354 353 358 3 8 11 9 6 2 359 5 13 16 15 11 7 6 6 8 10 12 12 9 7 7 3 359 354 348 342 342 347 355 360 2 5 7
28 30 28 22 18 12 3 358 359 1 3 4 5 6 5 4 5 9 15 19 21 22 24 23 21 18 15 12 8 7 9 11 8 3 1 5 11 11 5 360 360 2 4 8 15 21 23 24 24 23 21 16 9 6 6 6 7 3 356 354 357 2 6 10 12 11 9 6 1 0 6 10 10 9 7 7 7 8 11 15 16 15 14 12 4 358 354 352 349 347 350 355 358 358 359 3
34 32 24 17 11 3 357 357 1 4 6 7 8 9 8 8 9 11 15 18 19 19 20 21 20 17 14 11 7 3 4 5 3 0 360 4 10 9 4 0 3 9 14 20 23 23 20 19 19 18 14 10 8 8 9 8 4 359 357 0 5 9 11 12 14 14 13 8 1 355 358 3 6 7 8 9 10 11 12 15 20 21 19 13 5 358 356 356 356 355 354 356 358 358 358 3
32 26 17 11 4 358 357 1 5 7 9 9 10 10 11 12 12 12 13 14 14 14 15 17 17 16 14 11 6 0 359 359 359 359 2 6 10 9 6 8 14 20 24 25 23 19 17 15 14 10 7 6 7 10 12 11 5 360 3 10 15 22 24 23 24 26 22 5 349 344 346 353 360 3 4 8 12 12 11 13 21 25 22 15 8 2 360 1 1 359 357 357 359 0 1 6
21 17 11 7 2 2 1 6 8 8 9 10 10 10 12 14 13 12 11 10 10 9 10 11 13 15 13 8 3 358 356 358 0 4 7 10 12 13 15 19 24 27 26 23 20 17 15 11 6 3 1 3 8 12 15 15 10 6 11 19 26 34 36 32 29 27 17 358 341 335 334 336 345 354 357 2 7 8 6 9 17 24 25 21 14 9 5 2 359 358 356 356 360 2 2 5
7 7 9 8 5 4 7 10 9 9 10 11 10 10 12 13 13 12 10 10 9 7 6 7 11 13 10 4 0 359 359 3 8 12 14 16 19 22 25 27 27 26 22 19 16 16 15 6 358 356 359 3 8 13 18 19 16 14 17 25 32 34 30 23 17 12 5 357 349 342 334 330 331 338 344 349 355 359 1 5 13 21 28 27 22 14 8 3 358 357 356 356 360 2 1 3
351 357 8 11 22 11 12 11 11 11 11 11 10 10 10 10 11 12 12 12 12 10 7 7 9 8 5 2 1 3 8 14 20 22 23 24 28 30 28 25 22 20 18 14 12 15 14 2 353 354 358 3 8 14 19 21 19 19 22 28 31 27 20 15 10 6 3 1 358 351 344 338 335 333 331 333 337 343 349 357 6 15 25 29 25 18 11 5 1 358 356 356 359 2 2 3
337 345 4 13 17 17 14 12 11 11 10 10 9 7 6 7 9 11 13 15 14 11 8 6 4 3 2 2 6 12 19 25 28 28 27 27 27 27 25 19 16 16 15 12 9 11 352 1 355 356 359 2 7 12 17 19 20 22 25 27 26 21 14 9 6 6 5 4 0 356 354 353 351 344 335 331 329 329 332 342 354 6 16 25 27 22 14 8 3 359 356 356 358 2 3 4
333 341 358 11 19 20 16 12 10 9 8 7 6 5 3 3 6 9 12 14 11 7 4 3 2 3 4 7 14 22 28 31 30 27 26 24 22 22 21 17 13 12 12 9 4 3 4 3 3 3 3 2 2 6 11 16 20 24 25 24 22 17 9 4 6 8 8 5 1 1 3 5 2 354 347 344 338 331 329 332 340 353 6 18 25 24 20 14 7 360 356 355 357 2 4 5
334 339 353 5 15 20 19 14 10 8 8 7 6 4 4 3 4 7 9 10 7 3 1 1 4 7 11 16 23 28 31 29 26 23 22 21 18 18 19 17 12 10 9 4 357 356 360 6 11 12 10 3 357 357 4 13 20 23 23 22 17 10 5 31 9 12 10 7 5 6 10 10 6 360 355 354 349 342 338 337 338 342 354 8 19 25 24 21 12 3 356 353 355 360 4 6
342 343 349 357 8 18 21 17 12 10 10 9 7 5 5 5 5 6 7 6 4 2 3 6 11 15 19 24 28 28 26 24 22 20 18 18 17 16 16 16 13 11 6 357 351 352 359 7 14 18 16 7 357 353 357 7 16 19 20 19 11 2 1 6 13 16 25 10 9 10 12 11 9 5 2 358 354 350 348 348 347 346 347 357 10 20 24 23 18 9 0 354 353 357 3 7
351 350 350 352 359 11 19 19 15 13 12 10 7 5 5 6 7 7 6 4 4 6 12 18 24 29 31 29 26 22 19 18 17 16 15 16 17 15 15 16 15 13 3 353 348 350 357 4 12 18 18 12 0 354 355 1 11 15 18 15 5 357 360 8 15 18 16 13 11 11 10 11 11 10 7 2 358 356 357 358 357 354 350 350 358 9 18 22 20 15 7 358 353 354 1 7
350 352 355 355 356 4 14 19 18 16 13 10 8 5 5 6 7 7 6 6 11 20 28 34 39 42 39 29 20 15 12 11 11 11 12 13 15 15 16 16 17 12 360 351 350 352 354 359 7 15 19 15 6 357 356 358 6 13 17 13 2 354 0 7 14 18 18 15 13 11 9 12 15 15 11 5 3 4 7 7 4 360 357 354 351 355 5 15 18 16 11 4 357 355 0 7
347 350 356 356 356 1 9 17 20 19 16 12 10 7 6 6 7 8 10 14 22 31 36 37 38 38 34 26 14 8 6 5 6 6 8 11 14 16 16 18 18 8 355 352 355 357 357 356 1 9 17 17 10 1 359 359 5 12 18 14 2 355 359 3 10 14 15 15 14 12 10 15 19 18 15 11 11 15 16 13 9 6 6 3 354 349 351 359 9 13 12 7 1 358 0 5
353 352 353 353 355 359 4 13 19 21 19 16 13 10 8 7 8 11 15 20 27 31 32 31 30 29 28 24 14 4 1 3 3 1 3 8 13 16 16 20 18 4 353 355 0 1 358 354 354 1 13 17 12 5 3 3 7 12 20 16 4 355 356 355 2 9 12 14 16 14 11 16 22 21 18 17 21 23 20 15 12 13 13 5 358 354 350 349 355 3 6 5 3 0 360 2
8 2 353 351 352 354 357 5 14 20 22 20 17 12 9 8 9 13 18 22 26 27 27 26 25 25 25 23 16 6 2 4 4 2 2 6 11 14 15 21 17 3 357 4 7 2 356 349 345 349 4 14 13 9 5 6 9 13 22 21 8 356 353 349 354 2 9 15 17 15 11 14 22 21 18 22 27 27 22 18 16 16 12 4 359 357 355 354 355 356 357 357 358 357 357 359
14 8 358 355 355 354 354 357 6 15 21 22 20 15 11 9 10 15 18 21 22 23 23 23 22 23 24 23 18 9 2 3 6 7 7 6 8 11 14 20 18 8 5 13 9 360 352 345 341 342 352 8 14 12 6 7 10 14 25 25 11 357 354 349 350 356 6 13 17 16 11 11 18 19 17 22 28 28 24 21 19 15 9 4 1 360 0 1 1 357 354 352 351 352 353 356
12 7 1 359 360 359 358 357 1 9 18 22 22 19 15 11 11 14 16 17 17 17 18 18 19 21 24 24 20 13 6 2 4 8 10 9 6 7 12 18 18 14 13 13 6 358 352 348 346 345 348 2 12 12 6 7 11 15 26 25 11 359 358 354 350 350 358 8 14 14 10 9 15 17 14 17 24 27 25 20 17 14 9 5 5 5 7 8 5 358 352 350 349 348 350 354
7 5 2 3 4 4 3 2 3 8 15 20 22 20 17 14 12 12 11 11 11 11 12 13 15 19 22 24 23 18 11 5 2 6 10 10 7 5 10 14 13 14 17 12 3 358 355 353 353 352 351 359 9 10 6 7 11 15 24 23 11 2 3 2 357 351 351 0 9 12 8 7 14 16 10 10 18 25 23 17 15 16 13 10 11 12 13 11 5 358 352 349 347 347 350 353
2 3 5 6 8 8 8 7 8 10 14 17 18 18 17 16 14 10 7 5 6 6 7 9 12 17 21 24 25 22 14 9 5 4 6 8 8 8 9 6 3 9 359 13 4 359 358 357 358 356 354 356 4 7 6 8 11 15 22 21 11 5 8 9 5 357 352 356 5 9 7 5 13 15 8 2 11 20 19 14 13 18 19 19 20 19 15 8 2 359 356 352 350 349 352 356
359 3 8 10 11 12 12 12 12 13 14 13 12 14 16 17 16 11 4 1 3 5 6 7 10 15 18 21 25 24 18 13 9 5 4 5 7 10 8 358 354 2 14 14 8 3 2 1 1 358 353 352 357 4 6 7 11 15 21 21 14 8 12 13 10 4 358 357 1 5 5 6 13 14 5 357 4 15 16 11 11 19 26 27 26 21 11 3 360 359 359 358 356 355 356 359
359 3 11 13 13 14 14 13 13 12 10 7 6 10 16 19 18 13 6 1 2 6 6 6 8 11 14 17 22 24 22 17 11 6 3 2 4 5 5 357 350 357 9 16 15 10 6 5 4 1 355 351 353 1 5 6 10 14 22 24 19 15 19 18 15 8 3 360 357 357 359 3 11 11 3 356 1 12 14 9 6 16 27 29 27 20 6 359 359 1 2 3 4 4 2 2
2 6 12 12 12 12 12 11 11 10 6 4 5 11 17 19 19 15 9 5 6 8 6 6 6 7 10 14 18 22 23 22 14 6 0 357 358 2 3 359 355 357 6 18 20 15 9 7 7 6 2 356 354 359 4 6 9 13 24 29 26 24 26 21 15 6 1 359 357 352 351 356 4 5 1 357 359 8 10 6 4 11 22 26 26 19 5 359 1 4 6 8 9 9 8 7
5 7 11 10 10 11 11 10 8 6 3 3 7 13 17 19 18 15 12 9 8 8 7 7 6 7 10 12 13 19 22 358 9 2 357 354 353 357 2 3 3 1 5 18 24 21 13 8 8 9 8 4 359 359 4 8 12 16 24 31 32 29 25 16 9 4 2 360 356 351 349 351 355 357 358 356 355 1 4 3 3 9 16 20 24 19 9 3 4 6 9 10 11 12 12 12
6 8 11 10 10 12 11 8 5 2 1 4 10 14 17 18 17 15 12 9 8 8 8 7 6 8 10 12 15 16 17 1 8 357 357 358 355 354 1 7 9 7 7 18 28 25 16 10 11 12 12 9 5 2 4 9 14 17 22 29 32 29 20 14 10 9 7 1 355 354 355 355 350 346 347 347 345 348 354 359 2 6 11 14 21 21 13 6 6 9 11 12 13 14 15 15
7 9 11 10 9 9 8 6 3 1 2 7 12 15 17 17 16 14 11 8 6 6 6 6 6 8 10 12 14 14 19 354 1 353 359 4 2 358 359 8 13 13 13 19 29 28 21 14 15 13 10 7 5 3 2 6 11 14 18 25 31 29 19 15 16 13 7 2 0 2 4 1 354 345 340 334 330 330 336 346 353 0 6 11 18 21 17 10 9 11 14 16 17 18 18 18
7 8 9 8 6 4 4 5 3 3 5 10 14 17 17 16 15 13 10 6 4 3 4 6 6 8 10 11 13 12 14 333 358 352 360 7 8 5 2 6 14 18 19 22 32 33 26 17 13 9 6 4 3 357 355 0 7 11 15 22 31 30 21 16 17 11 7 7 10 12 10 2 356 352 347 339 331 326 325 330 339 349 1 10 15 20 20 16 12 12 12 15 19 21 20 20
5 6 7 6 3 2 4 5 6 7 10 13 15 16 16 15 14 12 9 6 3 2 3 6 7 9 11 12 12 9 5 5 360 355 358 6 12 13 10 8 13 21 25 27 35 37 26 15 11 8 8 6 359 348 345 351 2 9 15 21 31 31 23 16 15 13 13 15 16 12 6 1 356 354 352 347 341 334 328 325 329 339 352 5 12 18 21 19 15 11 8 10 17 21 22 22
0 3 7 6 4 4 5 7 9 11 14 15 14 13 14 14 13 11 9 7 5 3 4 7 8 9 10 11 10 4 1 4 4 360 357 5 13 17 15 12 14 21 25 27 33 32 23 15 13 13 13 6 353 342 341 346 358 8 14 20 30 32 24 17 18 19 17 13 9 6 3 0 358 356 355 353 349 344 338 333 331 334 343 357 8 14 19 20 17 11 10 12 16 20 22 22
358 1 5 6 6 7 7 8 11 14 17 17 14 11 11 11 12 12 11 9 7 5 5 8 8 8 9 11 9 360 357 5 9 4 358 2 10 17 18 18 19 22 24 25 28 30 26 21 20 18 11 359 348 343 344 347 355 5 13 18 28 32 27 18 18 17 11 5 3 4 3 1 360 359 358 356 354 351 348 344 339 335 336 346 0 10 16 19 17 13 14 17 18 19 20 19
359 360 1 4 8 10 9 8 10 14 18 19 16 11 9 10 12 13 13 11 9 7 6 9 8 9 10 12 6 354 353 6 11 8 2 0 5 15 21 24 26 27 27 26 27 32 31 28 22 13 1 352 350 350 350 351 355 3 10 15 23 30 28 19 12 8 3 2 2 3 3 2 1 1 1 359 358 357 357 355 350 342 335 338 351 5 14 18 18 17 19 19 18 16 15 13
358 359 1 2 7 11 10 8 9 13 16 19 18 12 8 10 12 13 14 14 12 9 7 10 10 10 13 12 1 349 351 3 11 12 8 3 4 14 25 31 32 32 30 28 28 32 32 28 17 4 354 351 352 356 356 355 356 2 7 10 16 26 27 18 6 1 3 2 3 4 5 4 4 3 4 4 4 4 4 4 1 354 344 338 343 358 11 17 19 21 22 20 16 14 12 11
356 359 2 3 5 9 12 10 9 10 12 17 17 11 7 8 11 13 16 16 15 13 10 11 10 11 16 11 357 346 351 359 9 14 12 8 7 16 26 31 30 28 26 25 26 28 26 18 8 359 354 353 356 359 360 358 357 0 5 7 12 23 27 18 4 358 2 5 6 7 7 7 7 7 9 11 11 10 9 10 8 4 358 350 346 352 6 15 20 23 24 21 17 15 16 16
355 358 3 4 5 9 12 11 9 7 7 13 14 9 6 8 11 14 17 17 17 17 15 12 9 10 16 11 356 346 349 354 3 11 13 12 11 16 22 25 24 23 22 22 23 21 14 6 1 360 359 358 0 2 2 0 360 2 6 9 13 20 27 21 6 360 6 8 7 5 7 9 11 13 15 17 17 16 14 13 13 11 8 4 358 354 1 13 21 24 23 21 20 20 21 20
356 359 4 5 5 7 11 11 9 6 4 9 11 9 7 10 14 16 17 19 20 21 19 14 9 8 16 13 359 347 347 348 355 5 12 13 14 15 18 20 20 20 19 19 19 13 3 357 359 4 6 5 5 5 4 3 3 7 9 12 15 18 27 24 12 6 20 9 2 358 1 8 13 16 18 20 21 19 17 16 17 17 15 12 6 1 2 11 20 22 21 20 21 20 19 18
0 2 5 4 3 4 7 10 10 6 4 8 11 11 11 15 18 19 19 21 22 23 20 15 10 9 15 16 4 351 348 347 350 359 8 13 15 15 16 16 17 18 18 17 13 4 356 355 3 11 13 12 10 8 6 6 6 9 11 12 14 15 26 27 33 13 12 5 359 357 360 10 17 18 19 22 24 23 22 22 23 26 23 13 6 3 5 10 16 18 18 17 17 16 15 15
5 5 4 3 2 1 2 7 9 7 6 9 13 16 18 20 23 23 21 20 22 22 20 16 13 11 15 13 5 353 351 350 350 354 4 12 16 16 16 15 16 18 18 16 6 356 355 358 8 15 18 16 13 11 9 9 8 9 10 10 12 14 24 31 27 17 8 4 1 2 8 18 22 18 18 26 31 33 35 35 33 28 17 2 356 359 5 9 12 14 13 12 13 13 13 10
7 6 3 2 3 2 1 3 6 7 7 12 19 22 24 26 27 25 20 18 19 20 19 18 15 13 17 17 4 353 352 353 351 352 359 9 15 17 17 16 17 18 19 12 358 350 353 2 8 17 21 19 16 14 12 11 9 9 9 9 12 17 25 35 31 15 33 8 9 14 19 18 15 13 21 36 45 46 44 38 27 12 358 352 352 356 2 7 9 10 9 8 10 12 10 4
5 4 3 4 5 5 3 1 2 4 8 15 21 24 24 24 23 21 17 14 15 17 18 18 16 16 20 16 1 352 353 355 354 354 358 5 12 15 16 17 18 20 19 6 354 350 358 3 9 16 20 20 18 17 15 13 12 12 13 14 17 22 27 36 30 21 8 17 20 21 17 11 11 19 30 35 35 31 25 16 6 356 351 352 354 357 1 4 7 8 7 7 9 8 4 359
0 2 4 6 8 7 5 3 2 3 8 15 19 20 21 20 19 17 15 12 13 15 16 16 16 18 21 15 358 351 354 357 357 359 0 3 8 12 14 16 18 22 18 0 348 354 2 5 8 13 18 20 20 18 17 16 16 17 18 17 19 22 26 34 29 23 13 22 21 16 10 8 15 27 30 24 16 11 5 359 353 351 352 355 358 359 1 2 5 7 6 6 6 3 359 358
