project/data/elevation/US_DEM2016/US_DEM2016_point_10-28-2019_0947_30m_vel.asc
ncols	125
nrows	167
xllcorner	-2042055.000000
yllcorner	1465035.000000
cellsize	30.000000
NODATA_value	-9999.000000
[rows 72 to 107 of 167, columns 0 to 81 of 125]
9.45 9.15 8.89 8.91 9.00 9.04 9.12 9.36 9.60 9.49 8.82 7.92 7.48 7.72 8.53 9.86 11.10 12.28 12.81 12.92 13.04 13.02 12.97 12.63 12.27 11.78 11.35 10.80 9.97 9.50 9.24 8.99 8.59 8.43 8.65 8.98 9.20 9.31 9.35 9.20 8.94 8.74 8.75 8.83 8.84 8.73 8.94 9.60 10.30 10.76 10.87 10.58 10.03 9.36 9.03 9.04 9.12 9.18 9.05 8.79 8.58 8.58 8.74 9.19 9.81 10.26 10.40 10.34 9.94 9.29 8.53 7.65 6.70 6.23 6.21 6.49 6.92 7.53 8.41 9.83 11.54 12.97
9.41 9.11 8.88 8.96 9.18 9.32 9.50 9.89 10.55 11.16 11.30 11.02 10.47 9.84 9.65 10.18 11.17 12.48 13.46 13.91 14.20 14.01 13.34 12.68 12.05 11.76 11.78 11.73 11.38 10.96 10.66 10.45 10.05 9.73 9.51 9.41 9.38 9.30 9.03 8.65 8.53 8.79 9.02 9.24 9.46 9.86 10.48 11.09 11.34 11.16 10.89 10.54 10.13 9.66 9.52 9.71 9.89 10.18 10.48 10.74 10.93 11.18 11.40 11.50 11.26 10.74 10.16 10.05 9.72 8.91 7.96 7.20 6.70 6.58 6.88 7.51 8.28 9.30 10.87 12.97 14.86 16.16
9.42 9.20 9.02 9.17 9.41 9.51 9.57 9.98 10.95 12.07 12.88 13.21 13.07 12.54 11.88 11.64 12.11 13.08 13.91 13.98 14.54 13.81 12.83 12.18 11.44 11.28 11.58 11.93 11.88 11.48 11.01 10.69 10.32 10.05 9.73 9.49 9.37 9.15 8.90 8.87 9.13 9.37 9.50 9.69 9.83 9.82 9.83 9.77 9.39 9.01 8.85 9.06 9.40 9.53 9.40 9.36 9.50 9.80 10.25 10.74 11.20 11.58 11.51 10.99 9.98 8.83 8.23 8.60 8.87 8.36 7.56 7.16 7.06 7.19 7.76 8.66 9.78 11.19 13.01 14.64 15.68 16.11
9.51 9.37 9.31 9.50 9.71 9.79 9.91 10.49 11.68 12.60 13.07 13.23 13.32 13.32 13.15 13.13 13.43 13.81 13.87 13.75 13.63 13.25 12.49 11.64 10.95 10.59 10.64 11.16 11.54 11.41 10.95 10.40 9.57 8.99 8.75 8.83 8.97 8.96 8.87 8.81 8.79 8.90 9.12 9.37 9.42 9.01 8.42 7.76 7.51 7.37 7.36 7.71 8.29 8.71 8.84 8.97 9.16 9.29 9.48 9.81 10.27 10.52 10.11 8.98 7.73 6.95 6.82 7.50 8.43 8.61 8.12 7.83 7.95 8.41 9.31 10.46 11.77 13.18 14.24 14.60 13.78 12.23
9.65 9.62 9.70 9.89 10.15 10.53 11.12 11.78 12.04 11.80 11.36 11.16 11.54 12.34 12.93 13.42 13.73 13.57 13.06 12.55 12.25 11.95 11.62 11.26 10.86 10.42 10.05 10.28 10.88 11.19 11.04 10.57 9.67 8.95 8.79 8.91 8.99 8.80 8.45 8.10 7.95 8.21 8.72 8.98 9.04 8.84 8.54 8.10 7.82 7.82 7.85 7.84 7.83 8.03 8.42 8.80 9.07 9.10 9.16 9.35 9.46 9.17 8.33 7.49 6.99 6.84 7.10 7.66 8.62 9.34 9.51 9.66 10.31 11.28 12.32 13.51 14.68 15.33 15.05 13.89 11.76 8.87
9.72 9.71 9.87 10.05 10.39 11.04 11.48 11.43 10.73 9.66 9.01 9.24 10.13 11.33 12.28 12.91 12.80 12.88 12.20 11.55 11.16 11.01 10.96 10.95 10.80 10.45 9.93 9.87 10.28 10.92 11.32 11.31 10.82 10.41 10.15 9.89 9.46 8.85 8.35 8.16 8.29 8.54 8.69 8.63 8.62 8.50 8.34 8.05 7.73 7.59 7.53 7.47 7.39 7.69 8.26 8.81 9.20 9.38 9.49 9.49 9.14 8.34 7.67 7.63 7.94 8.32 8.61 9.06 9.95 11.17 11.86 12.52 13.60 14.76 15.63 16.26 16.49 16.03 14.81 13.78 12.17 9.85
9.60 9.38 9.42 9.64 9.86 10.18 10.16 9.67 9.05 8.70 8.77 9.36 10.37 11.50 12.28 12.72 12.68 12.20 11.55 10.96 10.56 10.37 10.37 10.44 10.39 10.08 9.62 9.47 9.67 10.27 11.06 11.58 11.61 11.33 10.95 10.45 9.76 9.03 8.64 8.50 8.39 8.14 7.88 7.77 7.74 7.46 6.90 6.38 6.17 6.12 6.22 6.50 7.04 7.76 8.46 9.04 9.52 9.71 9.63 9.25 8.63 7.99 7.86 8.42 9.32 9.93 10.49 11.38 12.64 13.46 14.03 14.63 15.75 16.12 16.01 16.40 15.61 14.51 13.70 13.46 13.24 12.29
9.36 8.89 8.77 9.01 9.02 9.01 9.04 9.12 9.39 9.78 10.23 10.86 11.76 12.53 12.89 12.81 12.38 11.74 11.14 10.62 10.19 9.91 9.78 9.83 9.82 9.49 8.96 8.65 8.54 8.91 9.54 10.47 11.00 10.99 10.66 10.20 9.61 8.97 8.48 8.00 7.50 7.04 6.85 7.09 7.21 6.86 6.14 5.69 5.79 6.20 6.77 7.48 8.29 8.87 9.15 9.24 9.22 8.92 8.31 7.63 7.29 7.41 7.94 8.99 10.18 11.29 12.55 13.67 14.18 14.42 14.46 14.60 14.49 15.09 14.76 14.19 12.86 12.14 11.74 12.20 12.97 13.25
9.11 8.69 8.64 9.04 9.15 9.16 9.37 9.85 10.51 11.00 11.55 12.26 13.01 13.26 13.06 12.43 11.61 10.90 10.37 9.95 9.61 9.41 9.28 9.26 9.29 9.04 8.36 7.51 6.82 6.90 7.25 8.09 9.12 9.79 9.90 9.70 9.36 9.07 8.64 8.15 7.77 7.58 7.66 8.04 8.17 7.89 7.30 7.03 7.28 7.92 8.67 9.27 9.62 9.72 9.43 9.11 8.65 8.08 7.48 7.09 7.16 7.66 8.49 9.74 11.07 12.47 13.60 13.93 13.70 13.36 13.08 12.91 12.69 12.12 11.76 11.67 11.43 10.98 10.52 10.41 11.11 12.32
8.97 8.78 8.96 9.57 9.90 10.01 10.16 10.58 11.17 11.74 12.38 12.94 13.20 12.97 12.28 11.38 10.50 9.67 9.15 8.80 8.62 8.65 8.79 8.84 8.94 8.82 8.11 6.61 5.47 5.12 5.09 5.50 6.58 7.97 8.82 9.28 9.38 9.61 9.61 9.58 9.63 9.75 9.97 10.08 10.05 9.80 9.33 9.11 9.30 9.45 9.50 9.46 9.40 9.29 9.21 9.15 9.10 9.27 9.36 9.31 9.36 9.63 10.17 11.09 12.05 12.83 12.90 12.19 11.70 11.67 11.60 11.39 11.06 10.46 10.32 10.51 10.75 10.78 10.41 9.76 9.64 10.38
9.21 9.18 9.30 9.58 9.88 10.18 10.52 10.98 11.55 12.14 12.63 12.81 12.53 11.82 10.96 10.25 9.61 8.92 8.30 7.95 7.87 7.88 7.92 8.20 8.54 8.71 8.32 7.05 5.33 4.54 4.28 4.56 5.27 6.29 7.63 8.71 9.27 9.77 10.11 10.50 10.91 11.24 11.36 11.24 11.13 11.01 10.71 10.40 10.22 9.80 9.32 9.15 9.31 9.49 9.48 9.53 9.77 10.30 10.69 10.94 11.12 11.33 11.68 12.04 12.39 12.27 11.51 10.81 10.68 10.92 10.97 10.72 10.22 9.84 9.76 9.96 10.31 10.62 10.47 10.08 9.44 9.27
9.61 9.66 9.57 9.41 9.56 10.02 10.59 11.21 11.77 12.16 12.32 12.13 11.55 10.77 10.07 9.55 9.11 8.62 8.07 7.63 7.36 7.18 7.06 7.31 7.91 8.50 8.69 8.23 7.05 6.21 5.95 6.08 6.11 6.39 7.12 8.14 8.81 9.34 9.89 10.52 10.99 11.15 11.08 10.86 10.87 11.03 10.96 10.66 10.37 10.07 10.00 10.15 10.24 10.15 9.83 9.76 9.85 10.07 10.53 11.06 11.54 11.85 12.08 12.05 11.83 11.30 10.76 10.73 10.92 10.96 10.75 10.24 9.47 8.80 8.42 8.66 9.17 9.61 9.88 9.90 9.47 8.80
9.66 9.76 9.77 9.69 9.84 10.25 10.78 11.37 11.75 11.84 11.67 11.24 10.62 9.98 9.46 9.00 8.61 8.25 7.83 7.33 6.87 6.57 6.50 6.79 7.57 8.48 9.18 9.61 9.80 9.70 9.39 8.84 8.26 7.87 7.83 8.19 8.85 9.61 10.26 10.60 10.49 10.21 10.10 10.25 10.45 10.78 10.96 11.00 11.19 11.40 11.29 11.06 10.69 10.30 9.92 9.85 9.93 10.20 10.74 11.21 11.63 11.83 11.80 11.47 10.97 10.55 10.44 10.76 10.89 10.75 10.39 9.57 8.61 7.42 6.52 6.45 6.97 7.60 8.21 8.72 8.85 8.45
9.56 9.66 9.86 10.11 10.42 10.77 11.10 11.36 11.46 11.31 10.97 10.46 9.89 9.37 8.92 8.47 8.00 7.56 7.11 6.66 6.44 6.51 6.82 7.40 8.24 9.07 9.84 10.59 11.35 11.77 11.70 11.06 10.17 9.42 9.07 9.06 9.76 10.64 10.73 10.32 9.72 9.50 9.80 10.20 10.41 10.77 11.26 11.71 12.19 12.49 12.24 11.56 10.92 10.48 10.05 9.98 10.21 10.59 10.93 11.05 11.12 11.10 10.98 10.75 10.31 10.03 9.92 10.09 10.06 9.99 9.95 9.33 8.79 7.42 6.06 5.48 5.22 5.26 5.68 6.36 7.17 7.50
9.60 9.74 10.05 10.45 10.85 11.03 10.99 10.88 10.86 10.74 10.45 9.99 9.44 8.92 8.43 7.90 7.30 6.73 6.35 6.20 6.38 6.93 7.64 8.35 9.10 9.74 10.27 10.75 11.27 11.71 11.91 11.85 11.33 10.54 10.01 9.92 10.30 10.54 10.05 9.41 9.07 9.16 9.37 9.60 9.79 10.27 10.87 11.47 11.94 12.28 12.33 12.03 11.58 11.04 10.40 10.16 10.19 10.19 10.13 10.10 9.96 9.89 9.99 10.10 9.95 9.67 9.36 9.21 9.17 9.27 9.53 9.92 9.96 9.43 8.09 6.68 5.52 4.75 4.36 4.49 5.05 5.72
9.70 9.87 10.13 10.37 10.47 10.36 10.20 10.18 10.32 10.42 10.19 9.72 9.13 8.49 7.79 7.16 6.79 6.66 6.75 6.85 7.03 7.38 7.93 8.62 9.31 9.84 10.14 10.30 10.36 10.37 10.75 11.38 11.73 11.50 10.99 10.47 9.96 9.33 8.87 8.77 8.68 8.55 8.36 8.39 8.80 9.29 9.77 9.99 10.19 10.49 10.73 11.01 11.14 11.06 10.72 10.30 9.93 9.58 9.39 9.34 9.35 9.50 9.76 9.90 9.82 9.52 9.19 8.97 8.87 9.04 9.43 10.08 10.74 11.22 11.16 10.03 8.66 7.37 6.47 5.83 5.36 5.19
9.70 9.81 9.90 9.85 9.66 9.54 9.74 10.19 10.50 10.43 9.98 9.35 8.67 7.92 7.22 7.00 7.29 7.93 8.23 8.28 8.15 8.07 8.27 8.71 9.13 9.37 9.46 9.57 9.67 9.59 9.77 10.42 11.27 11.68 11.56 10.86 9.69 8.76 8.42 8.54 8.42 8.19 8.08 8.23 8.47 8.55 8.51 8.15 7.77 7.57 7.80 8.16 8.66 9.24 9.53 9.66 9.61 9.50 9.48 9.60 9.77 9.91 9.91 9.78 9.63 9.41 9.20 9.07 8.98 9.17 9.57 9.96 10.64 11.60 12.41 12.59 12.14 11.36 10.55 9.61 8.48 7.62
9.65 9.70 9.73 9.67 9.60 9.80 10.29 10.68 10.70 10.23 9.40 8.51 7.75 7.13 6.89 7.15 7.84 8.50 8.89 9.07 9.05 8.93 8.90 8.87 8.70 8.44 8.37 8.68 9.20 9.57 9.67 9.80 10.18 10.82 11.14 10.89 9.91 9.11 8.66 8.67 8.67 8.75 8.80 8.80 8.66 8.34 7.90 7.14 6.25 5.84 5.81 5.98 6.36 7.14 8.07 8.86 9.35 9.61 9.81 10.05 10.18 9.99 9.66 9.37 9.24 9.14 9.02 9.01 9.04 9.20 9.40 9.53 9.86 10.55 11.43 12.34 12.83 12.94 12.83 12.52 11.92 11.28
9.66 9.69 9.77 9.92 10.13 10.48 10.78 10.72 10.22 9.33 8.26 7.14 6.29 5.93 5.92 6.18 6.56 7.09 7.87 8.54 9.03 9.23 9.08 8.58 7.92 7.48 7.47 7.85 8.31 8.67 8.88 8.88 9.00 9.59 10.35 10.67 10.19 9.62 9.22 9.23 9.32 9.43 9.45 9.44 9.28 8.97 8.57 8.00 7.29 6.73 6.58 6.87 7.56 8.38 9.06 9.42 9.59 9.70 9.81 9.88 9.78 9.43 9.12 8.93 8.84 8.72 8.54 8.61 8.74 8.82 8.86 8.89 8.78 8.70 9.04 9.80 10.83 11.58 12.20 12.71 12.86 12.72
9.70 9.72 9.84 10.10 10.45 10.72 10.64 10.10 9.13 7.94 6.85 5.97 5.45 5.18 4.96 4.80 4.89 5.33 6.04 6.94 7.73 8.28 8.32 8.00 7.66 7.47 7.39 7.33 7.16 7.01 7.11 7.31 7.65 8.36 9.40 10.17 10.17 9.74 9.45 9.57 9.66 9.75 9.90 10.25 10.33 10.24 10.06 9.88 9.79 9.63 9.32 9.62 10.24 10.67 10.69 10.23 9.81 9.60 9.42 9.17 8.91 8.69 8.50 8.45 8.39 8.17 7.97 8.10 8.21 8.23 8.24 8.21 7.86 7.32 7.14 7.49 8.25 8.98 9.71 10.53 11.28 11.66
9.72 9.76 9.90 10.21 10.54 10.53 9.98 9.00 7.84 6.81 6.08 5.69 5.55 5.49 5.34 5.05 4.86 4.93 5.24 5.76 6.36 6.86 7.26 7.66 8.01 8.18 8.10 7.75 7.35 7.14 7.11 7.24 7.55 7.98 8.60 9.34 9.71 9.60 9.51 9.70 9.85 10.09 10.47 11.03 11.22 11.28 11.24 11.20 11.35 11.62 11.73 11.64 11.40 10.90 10.28 9.89 9.65 9.37 8.95 8.45 8.00 7.81 7.80 7.88 7.98 7.95 7.92 7.98 7.94 7.87 7.87 7.89 7.59 6.96 6.43 6.24 6.63 7.09 7.37 7.81 8.52 9.20
9.75 9.81 9.97 10.22 10.24 9.74 8.76 7.66 6.75 6.18 5.91 5.85 5.96 6.24 6.48 6.56 6.40 6.23 6.32 6.66 7.06 7.44 7.81 8.20 8.47 8.75 9.13 9.43 9.60 9.63 9.54 9.47 9.46 9.32 8.88 8.87 9.29 9.61 9.90 10.20 10.42 10.76 11.19 11.56 11.52 11.49 11.52 11.56 11.73 12.06 12.23 12.08 11.46 10.43 9.70 9.63 9.60 9.28 8.70 8.05 7.56 7.38 7.56 7.87 8.20 8.41 8.50 8.43 8.11 7.90 7.81 7.89 7.74 7.08 6.11 5.21 5.03 5.20 5.26 5.48 6.08 6.89
9.76 9.80 9.85 9.73 9.16 8.13 6.99 6.20 5.80 5.67 5.82 6.13 6.51 6.96 7.55 8.19 8.62 8.83 9.09 9.45 9.75 9.89 9.80 9.46 9.11 9.12 9.69 10.34 10.79 10.88 10.77 10.56 10.27 9.83 9.10 8.88 9.27 9.89 10.49 10.87 11.11 11.33 11.47 11.44 11.14 11.02 11.18 11.42 11.69 11.93 11.84 11.73 11.64 11.43 10.96 10.39 9.87 9.40 8.98 8.63 8.39 8.28 8.39 8.59 8.76 8.80 8.74 8.61 8.32 8.26 8.29 8.30 8.03 7.14 5.73 4.35 3.71 3.52 3.55 3.74 4.10 4.72
9.73 9.74 9.56 8.98 7.94 6.76 5.88 5.46 5.41 5.62 6.11 6.80 7.50 8.18 8.92 9.80 10.52 11.16 11.67 11.88 11.73 11.31 10.68 10.07 9.62 9.47 9.61 9.61 9.45 9.33 9.10 8.89 8.77 8.65 8.65 9.01 9.58 10.24 10.86 11.17 11.25 11.18 10.92 10.54 10.34 10.28 10.52 10.88 11.28 11.61 11.56 11.47 11.55 11.67 11.51 10.83 10.08 9.55 9.27 9.16 9.19 9.29 9.29 9.28 9.21 8.98 8.65 8.53 8.58 8.98 9.16 9.03 8.69 7.70 5.99 4.59 3.81 3.37 3.17 3.19 3.36 3.66
9.74 9.70 9.34 8.66 7.88 7.19 6.68 6.41 6.40 6.65 7.13 7.84 8.70 9.57 10.41 11.14 11.80 12.29 12.41 12.11 11.41 10.60 10.00 9.80 9.89 9.96 9.73 9.08 8.37 8.01 7.87 7.89 8.14 8.29 8.59 9.20 9.89 10.42 10.79 10.94 10.85 10.56 10.09 9.63 9.43 9.47 9.59 9.85 10.14 10.23 10.32 10.43 10.53 10.54 10.40 10.18 9.80 9.38 9.08 8.93 9.03 9.36 9.55 9.64 9.61 9.41 9.11 8.98 9.10 9.44 9.54 9.42 9.42 9.01 7.59 6.20 5.20 4.47 4.16 4.09 4.09 4.12
9.68 9.57 9.18 8.82 8.60 8.36 8.17 8.16 8.36 8.51 8.68 9.12 9.91 10.83 11.64 12.13 12.29 12.08 11.44 10.49 9.56 8.94 8.84 9.16 9.69 10.25 10.38 10.19 9.93 9.84 9.83 9.82 9.66 9.37 9.24 9.51 9.91 10.27 10.43 10.43 10.12 9.66 9.25 8.97 8.81 8.81 8.88 8.90 8.63 8.13 7.89 8.11 8.49 8.68 8.81 9.03 9.15 9.05 8.90 8.87 9.04 9.38 9.52 9.51 9.43 9.36 9.30 9.26 9.17 9.16 9.14 9.16 9.81 10.25 9.71 8.37 7.18 6.16 6.07 6.12 6.04 5.90
9.48 9.30 9.02 8.99 9.10 9.25 9.43 9.76 10.18 10.48 10.60 10.79 11.31 11.97 12.32 12.26 11.77 10.93 9.92 9.04 8.49 8.25 8.37 8.79 9.39 10.29 10.94 11.48 11.76 11.85 11.80 11.54 11.05 10.43 9.93 9.79 9.86 10.00 10.02 9.76 9.23 8.75 8.59 8.66 8.74 8.87 8.96 8.83 8.16 7.28 6.69 6.51 6.43 6.76 7.47 8.25 8.82 9.04 9.02 9.06 9.27 9.48 9.34 9.08 8.86 8.81 8.81 8.73 8.53 8.48 8.48 8.78 9.91 11.09 11.49 10.99 9.95 8.97 9.01 9.09 8.97 8.86
9.37 9.21 9.05 9.21 9.68 10.28 10.87 11.36 11.72 11.98 12.11 12.18 12.29 12.30 12.00 11.34 10.47 9.56 8.80 8.39 8.54 8.85 9.16 9.42 9.82 10.36 10.71 10.99 11.26 11.40 11.39 11.29 11.09 10.75 10.19 9.87 9.78 9.65 9.33 8.91 8.63 8.72 8.91 9.11 9.29 9.51 9.58 9.57 9.28 8.80 8.21 7.57 6.85 7.00 7.75 8.51 9.04 9.36 9.51 9.57 9.59 9.59 9.35 9.10 8.91 8.74 8.55 8.38 8.29 8.40 8.56 8.97 9.99 11.18 12.16 12.58 12.52 12.16 12.05 12.05 11.90 11.63
9.43 9.33 9.20 9.42 10.03 10.80 11.42 11.84 12.06 12.20 12.30 12.32 12.15 11.66 10.87 9.96 9.11 8.41 7.92 7.89 8.54 9.27 9.75 9.99 10.17 10.23 9.92 9.52 9.36 9.43 9.63 10.01 10.39 10.51 10.14 9.77 9.47 9.04 8.60 8.48 8.91 9.57 9.84 9.90 9.90 9.98 10.02 10.12 10.21 10.42 10.42 10.07 9.47 9.04 9.04 9.10 9.26 9.62 10.00 10.16 10.12 10.06 9.85 9.68 9.50 9.29 9.10 9.08 9.24 9.27 9.24 9.36 9.81 10.46 11.42 12.48 13.17 13.42 13.44 13.31 12.84 12.29
9.41 9.33 9.19 9.34 9.70 10.17 10.48 10.67 10.79 10.94 11.13 11.21 10.99 10.42 9.62 8.76 8.01 7.61 7.56 7.85 8.47 9.02 9.47 9.67 9.64 9.34 8.75 8.18 7.73 7.54 7.84 8.42 9.08 9.51 9.66 9.54 9.22 8.90 8.90 9.36 10.02 10.33 10.34 10.27 10.19 10.11 10.04 9.95 10.10 10.45 10.79 11.00 10.90 10.39 9.60 9.13 9.22 9.63 10.05 10.37 10.54 10.65 10.55 10.41 10.23 10.03 9.92 9.93 9.97 9.72 9.49 9.44 9.49 9.77 10.45 11.33 12.04 12.50 12.72 12.72 12.34 11.67
9.36 9.30 9.22 9.27 9.29 9.23 9.13 9.02 9.09 9.36 9.68 9.76 9.47 8.85 8.07 7.48 7.43 7.83 8.54 9.16 9.37 9.46 9.53 9.53 9.24 8.52 7.56 6.84 6.31 6.04 6.16 6.54 7.04 7.69 8.28 8.70 9.04 9.40 9.87 10.29 10.46 10.39 10.21 10.12 10.09 10.00 9.83 9.54 9.33 9.25 9.42 9.88 10.28 10.14 9.45 9.03 9.15 9.53 9.96 10.41 10.83 11.09 11.07 10.96 10.78 10.53 10.23 9.92 9.59 9.12 9.00 9.09 9.23 9.48 9.90 10.23 10.43 10.53 10.82 11.38 11.69 11.52
9.59 9.71 9.86 9.70 9.35 8.91 8.51 8.26 8.30 8.58 8.75 8.49 7.85 7.04 6.34 6.38 7.35 8.74 9.82 10.35 10.52 10.47 10.30 10.08 9.80 9.28 8.21 6.99 6.16 5.77 5.59 5.67 6.01 6.51 7.13 7.95 8.83 9.50 9.79 9.77 9.65 9.61 9.60 9.62 9.69 9.71 9.57 9.13 8.48 7.94 7.78 7.96 8.41 8.89 8.92 8.87 8.99 9.31 9.76 10.28 10.76 11.11 11.13 11.05 10.91 10.67 10.28 9.77 9.23 8.72 8.59 8.70 8.92 9.10 9.29 9.63 9.61 9.37 9.21 9.67 10.48 11.15
9.98 10.25 10.43 10.15 9.65 9.10 8.65 8.39 8.27 8.07 7.55 6.74 5.90 5.24 4.95 5.23 6.42 8.10 9.34 10.19 10.66 10.83 10.76 10.65 10.65 10.59 10.14 9.15 8.28 7.94 7.82 7.63 7.71 7.87 8.14 8.61 9.08 9.28 9.19 8.98 8.79 8.78 9.02 9.22 9.42 9.52 9.45 9.05 8.36 7.75 7.33 6.86 6.62 6.87 7.38 8.01 8.59 9.06 9.52 10.02 10.46 10.68 10.70 10.61 10.62 10.67 10.56 10.19 9.67 9.05 8.64 8.55 8.61 8.77 9.12 9.54 9.59 9.25 8.58 8.23 8.51 9.21
9.95 10.06 10.09 9.88 9.55 9.13 8.71 8.35 7.82 6.95 5.78 4.94 4.63 4.69 4.85 5.14 5.76 6.66 7.69 8.75 9.44 9.88 10.26 10.66 10.66 11.25 11.47 11.52 11.38 11.25 11.09 10.92 10.72 10.38 10.09 9.86 9.61 9.36 9.15 8.95 8.76 8.72 9.00 9.23 9.42 9.53 9.58 9.50 9.16 8.62 7.91 6.87 5.85 5.69 6.36 7.46 8.46 9.11 9.57 9.97 10.17 10.14 10.07 10.16 10.35 10.65 10.87 10.74 10.29 9.53 8.98 8.76 8.70 8.74 8.90 9.15 9.48 9.43 8.82 7.99 7.31 7.00
9.55 9.38 9.28 9.29 9.12 8.79 8.31 7.66 6.85 6.02 5.43 5.18 5.41 6.04 7.08 7.98 7.87 7.56 7.50 7.67 8.07 8.67 9.57 10.38 10.79 11.08 11.57 12.15 12.60 12.81 12.70 12.46 12.12 11.56 10.96 10.38 9.86 9.49 9.19 8.97 8.98 9.15 9.39 9.43 9.40 9.43 9.64 9.89 9.84 9.29 8.35 7.24 6.62 6.78 7.51 8.25 8.83 9.26 9.66 9.86 9.71 9.52 9.66 10.04 10.34 10.60 10.90 11.07 10.89 10.37 9.73 9.37 9.07 8.72 8.37 8.41 8.99 9.38 9.15 8.44 7.49 6.80
9.33 9.10 8.93 8.98 8.90 8.66 8.22 7.62 7.01 6.75 7.01 7.58 8.30 9.40 10.69 11.60 11.90 11.20 10.05 9.38 9.24 9.54 10.19 10.56 10.62 10.62 10.75 11.03 11.45 11.88 12.07 12.05 11.92 11.57 11.13 10.61 10.08 9.61 9.16 8.95 9.20 9.65 9.85 9.59 9.27 9.16 9.42 9.88 10.13 9.90 9.27 8.71 8.57 8.89 9.09 9.01 8.91 9.12 9.42 9.46 9.28 9.25 9.53 9.87 10.09 10.20 10.41 10.73 10.99 10.99 10.50 9.94 9.40 8.82 8.33 8.21 8.67 9.23 9.34 9.04 8.71 8.62
