project/data/elevation/US_DEM2016/US_DEM2016_point_10-28-2019_0038_30m_vel.asc
ncols	125
nrows	167
xllcorner	-2042055.000000
yllcorner	1465035.000000
cellsize	30.000000
NODATA_value	-9999.000000
[rows 111 to 147 of 167, columns 0 to 81 of 125]
9.10 9.18 9.24 9.31 9.52 9.86 10.28 10.70 11.16 11.40 11.33 10.94 10.36 9.80 9.47 9.32 9.08 8.88 8.84 9.03 9.28 9.38 9.64 10.12 10.53 10.52 10.26 10.08 10.11 10.31 10.45 10.46 10.44 10.31 9.95 9.41 9.06 9.01 8.93 8.72 8.62 8.73 8.95 9.27 9.58 9.84 10.03 10.27 10.63 11.14 11.70 12.26 12.71 12.98 12.99 12.56 11.70 10.72 9.72 8.83 8.22 7.90 7.80 7.83 8.12 8.55 8.77 8.84 8.96 9.18 9.39 9.40 9.20 8.93 8.67 8.54 8.78 9.48 10.30 10.54 10.02 9.44
8.85 8.84 8.93 9.14 9.46 9.93 10.42 10.67 10.62 10.28 9.80 9.43 9.10 8.82 8.62 8.48 8.21 7.97 8.01 8.30 8.58 8.71 8.93 9.52 10.16 10.59 10.66 10.47 10.10 9.90 9.81 9.71 9.70 9.82 9.88 9.68 9.35 9.15 9.11 9.23 9.39 9.52 9.61 9.72 9.81 10.04 10.17 10.11 10.11 10.37 10.66 11.03 11.43 11.76 12.00 11.97 11.55 10.79 9.93 9.10 8.46 8.04 7.74 7.68 7.96 8.47 8.87 9.01 9.03 9.02 9.04 9.07 9.00 8.80 8.54 8.36 8.43 8.93 9.82 10.33 9.93 9.24
8.74 8.66 8.69 8.87 9.13 9.53 9.85 9.78 9.42 8.90 8.39 8.00 7.77 7.67 7.62 7.59 7.61 7.69 7.86 8.21 8.65 8.84 8.78 9.00 9.71 10.51 11.07 11.30 11.06 10.51 9.86 8.98 8.32 8.33 8.80 9.17 9.24 9.16 9.19 9.36 9.54 9.67 9.78 9.79 9.64 9.73 9.90 9.78 9.69 9.92 10.17 10.29 10.36 10.24 9.97 10.02 10.09 9.87 9.53 9.14 8.69 8.21 7.85 7.79 8.08 8.53 8.94 9.11 9.08 8.93 8.78 8.71 8.65 8.56 8.45 8.36 8.34 8.57 9.29 9.97 9.72 8.84
8.86 8.75 8.69 8.71 8.77 8.92 8.91 8.52 7.98 7.43 6.91 6.47 6.22 6.26 6.57 7.00 7.50 8.06 8.56 8.99 9.31 9.25 8.76 8.59 9.16 9.97 10.78 11.37 11.51 11.27 10.97 10.29 9.13 8.20 7.96 8.17 8.56 8.93 9.16 9.30 9.52 9.77 9.91 9.82 9.41 9.04 9.06 9.13 9.19 9.56 10.08 10.34 10.37 9.96 9.03 8.32 8.15 8.34 8.57 8.69 8.63 8.45 8.35 8.38 8.50 8.68 8.98 9.16 9.09 8.92 8.76 8.63 8.55 8.47 8.40 8.40 8.48 8.64 9.11 9.74 9.55 8.49
9.05 8.98 8.90 8.77 8.59 8.35 8.01 7.62 7.19 6.76 6.38 6.11 5.92 6.13 6.79 7.67 8.44 9.10 9.66 9.94 9.88 9.50 8.49 7.69 7.90 8.63 9.60 10.55 11.01 11.14 11.42 11.59 11.09 9.76 8.44 8.01 8.41 9.03 9.43 9.61 9.75 9.86 9.92 9.85 9.45 8.73 8.27 8.31 8.58 9.10 9.97 10.66 11.03 10.91 10.04 8.71 7.79 7.54 7.65 7.95 8.25 8.43 8.59 8.80 8.96 9.01 9.08 9.18 9.10 8.88 8.75 8.71 8.68 8.57 8.43 8.40 8.57 8.84 9.31 9.89 9.73 8.67
9.12 9.14 9.06 8.84 8.47 7.97 7.50 7.31 7.41 7.60 7.72 7.66 7.71 8.10 8.77 9.54 10.13 10.38 10.32 10.08 9.93 9.86 9.00 7.40 6.74 7.03 8.14 9.46 10.17 10.25 10.47 11.18 11.73 11.45 10.40 9.64 9.47 9.64 9.73 9.70 9.61 9.53 9.56 9.74 9.75 9.16 8.21 7.80 8.08 8.69 9.53 10.53 11.33 11.70 11.47 10.71 9.67 8.71 8.07 7.96 8.11 8.24 8.35 8.57 8.89 9.09 9.21 9.34 9.20 8.77 8.49 8.47 8.54 8.56 8.52 8.54 8.70 9.00 9.54 10.30 10.41 9.58
9.04 9.04 8.97 8.77 8.42 7.95 7.58 7.56 7.91 8.45 9.00 9.49 9.96 10.37 10.62 10.67 10.58 10.29 9.85 9.44 9.50 10.06 10.04 8.72 7.13 6.67 7.21 8.50 9.42 9.34 8.91 9.33 10.56 11.48 11.51 10.97 10.32 9.80 9.42 9.13 8.96 8.95 9.09 9.50 9.98 9.94 8.93 7.80 7.68 8.16 8.78 9.64 10.68 11.52 11.87 11.75 11.36 10.76 9.88 9.05 8.63 8.37 8.18 8.12 8.32 8.67 8.99 9.28 9.28 8.84 8.39 8.22 8.28 8.43 8.58 8.72 8.91 9.18 9.72 10.56 11.05 10.83
8.90 8.83 8.74 8.63 8.46 8.21 8.01 7.98 8.11 8.45 9.08 9.84 10.45 10.71 10.61 10.18 9.55 9.04 8.80 8.65 8.83 9.55 10.24 9.94 8.71 7.62 7.38 8.01 9.08 9.20 8.26 7.72 8.38 9.85 10.70 10.65 10.05 9.41 8.98 8.70 8.60 8.65 8.82 9.18 9.78 10.28 9.77 8.22 7.42 7.44 7.90 8.57 9.49 10.52 11.24 11.42 11.36 11.26 10.95 10.23 9.40 8.76 8.24 7.84 7.71 7.91 8.29 8.84 9.22 9.12 8.79 8.52 8.40 8.47 8.65 8.86 9.08 9.35 9.82 10.53 11.07 11.20
8.78 8.67 8.55 8.53 8.49 8.42 8.34 8.30 8.37 8.59 9.05 9.51 9.72 9.60 9.30 8.96 8.65 8.37 8.18 8.08 8.12 8.51 9.27 9.66 9.19 8.29 7.83 8.11 9.13 9.73 9.15 7.87 7.33 7.92 9.07 9.64 9.50 9.14 8.94 8.81 8.72 8.67 8.66 8.84 9.35 10.12 10.25 9.09 7.65 7.14 7.29 7.88 8.64 9.62 10.53 10.87 10.73 10.55 10.52 10.35 9.81 9.09 8.43 7.87 7.50 7.52 7.95 8.64 9.22 9.43 9.34 9.14 8.88 8.70 8.66 8.76 8.95 9.18 9.55 10.09 10.54 10.58
8.74 8.60 8.48 8.49 8.49 8.50 8.55 8.62 8.75 8.99 9.17 9.19 8.99 8.69 8.45 8.37 8.35 8.22 8.02 7.82 7.67 7.79 8.31 8.85 8.75 8.16 7.88 8.18 9.09 9.99 10.12 9.19 7.86 7.34 7.77 8.54 8.87 8.87 8.91 8.92 8.86 8.76 8.63 8.64 8.95 9.64 10.23 9.71 8.25 7.25 7.07 7.54 8.25 9.09 10.02 10.55 10.42 9.95 9.67 9.65 9.53 9.13 8.67 8.27 8.07 8.21 8.61 9.05 9.38 9.51 9.47 9.39 9.19 8.88 8.60 8.46 8.49 8.70 9.07 9.61 10.09 10.07
8.87 8.70 8.52 8.47 8.45 8.50 8.68 8.94 9.20 9.32 9.18 8.94 8.69 8.54 8.50 8.49 8.37 8.21 8.15 8.14 8.19 8.35 8.64 8.84 8.66 8.13 7.83 8.00 8.70 9.68 10.30 10.11 9.18 8.20 7.77 7.96 8.32 8.49 8.59 8.69 8.74 8.73 8.64 8.55 8.57 8.97 9.73 9.73 8.58 7.34 6.91 7.14 7.71 8.34 9.16 9.98 10.26 9.90 9.38 9.13 9.11 9.03 8.90 8.87 8.96 9.13 9.31 9.47 9.56 9.49 9.31 9.22 9.17 8.98 8.69 8.46 8.38 8.54 8.93 9.42 9.86 9.85
9.02 8.81 8.50 8.38 8.39 8.44 8.61 9.00 9.47 9.50 9.19 8.79 8.54 8.46 8.50 8.48 8.40 8.40 8.59 8.87 9.08 9.18 9.26 9.27 8.95 8.32 7.81 7.73 8.19 9.18 9.99 10.20 9.79 9.10 8.56 8.33 8.36 8.38 8.32 8.38 8.41 8.40 8.33 8.20 8.02 8.25 9.08 9.49 8.76 7.44 6.60 6.33 6.57 7.12 7.94 8.97 9.74 9.86 9.51 9.18 9.05 9.01 8.98 8.98 8.99 9.04 9.17 9.44 9.69 9.73 9.50 9.24 9.12 9.00 8.79 8.64 8.56 8.56 8.72 9.15 9.56 9.47
8.97 8.69 8.28 8.17 8.26 8.36 8.41 8.59 8.89 9.01 8.86 8.50 8.14 7.93 7.92 8.09 8.38 8.63 8.77 8.81 8.80 8.84 9.06 9.37 9.39 8.92 8.10 7.60 7.76 8.63 9.55 9.90 9.62 9.14 8.94 8.90 8.80 8.56 8.48 8.19 7.99 7.72 7.56 7.48 7.35 7.56 8.41 9.18 8.91 7.73 6.54 5.74 5.46 5.79 6.62 7.73 8.81 9.35 9.32 9.12 9.00 8.98 8.92 8.77 8.59 8.61 8.86 9.23 9.61 9.87 9.85 9.56 9.24 8.97 8.66 8.47 8.30 8.14 8.18 8.71 9.28 9.21
9.06 8.76 8.34 8.18 8.20 8.24 8.17 8.02 7.89 7.91 8.01 7.95 7.65 7.35 7.35 7.79 8.20 8.35 8.14 7.81 7.73 8.03 8.54 9.07 9.43 9.44 8.88 8.04 7.70 8.15 9.16 9.75 9.58 9.07 8.82 8.80 8.76 8.54 8.16 7.88 7.50 7.19 7.22 7.36 7.38 7.48 8.04 8.87 9.00 8.27 7.30 6.46 5.81 5.55 5.85 6.76 7.92 8.67 8.84 8.82 8.85 8.91 8.99 9.07 9.05 9.06 9.14 9.27 9.42 9.56 9.72 9.66 9.34 8.87 8.47 8.17 7.93 7.82 8.02 8.65 9.29 9.27
9.35 9.28 8.96 8.53 8.22 8.05 7.87 7.58 7.29 7.22 7.79 7.67 7.58 7.29 7.27 7.47 7.56 7.52 7.28 7.03 7.14 7.64 8.27 8.81 9.22 9.51 9.45 8.85 8.20 8.12 8.88 9.70 9.75 9.11 8.43 8.09 8.04 7.98 7.78 7.48 7.27 7.41 7.90 8.38 8.60 8.55 8.67 9.08 9.24 8.85 8.19 7.55 7.00 6.54 6.35 6.65 7.47 8.36 8.74 8.80 8.82 8.87 9.01 9.29 9.41 9.36 9.23 9.25 9.32 9.29 9.32 9.42 9.24 8.84 8.43 8.05 7.80 7.74 8.02 8.71 9.42 9.50
9.38 9.43 9.24 8.65 8.11 7.80 7.61 7.36 7.11 7.11 7.35 7.60 7.62 7.36 7.03 6.78 6.70 6.82 6.94 7.04 7.32 7.76 8.24 8.69 9.02 9.23 9.35 9.19 8.71 8.37 8.72 9.57 9.87 9.25 8.22 7.64 7.54 7.65 7.67 7.60 7.75 8.32 8.92 9.36 9.67 9.85 9.95 10.01 9.86 9.39 8.69 7.97 7.49 7.23 7.06 7.02 7.45 8.29 8.82 8.90 8.76 8.70 8.72 8.77 8.74 8.67 8.67 8.92 9.29 9.43 9.35 9.30 9.11 8.83 8.50 8.13 7.72 7.37 7.38 8.08 9.22 9.74
8.99 8.86 8.49 8.09 7.72 7.53 7.44 7.30 7.11 6.99 7.51 7.11 7.34 7.27 6.88 6.57 6.64 6.98 7.42 7.94 8.34 8.56 8.59 8.55 8.50 8.57 8.73 8.82 8.64 8.40 8.59 9.38 10.00 9.78 8.86 8.14 7.96 8.00 8.07 8.16 8.45 8.81 9.07 9.32 9.71 10.21 10.70 11.00 10.89 10.30 9.53 8.73 8.03 7.59 7.40 7.32 7.50 8.09 8.67 8.80 8.57 8.43 8.28 8.10 8.04 8.14 8.36 8.75 9.26 9.59 9.60 9.35 9.07 8.79 8.58 8.45 8.21 7.72 7.28 7.53 8.73 9.71
8.78 8.24 7.60 7.40 7.29 7.29 7.35 7.32 7.11 7.65 6.65 6.77 7.19 7.54 7.59 7.58 7.84 8.29 8.80 9.20 9.44 9.40 9.10 8.68 8.22 8.07 8.15 8.26 8.23 8.14 8.29 8.99 9.91 10.21 9.75 9.13 8.77 8.56 8.43 8.38 8.41 8.46 8.69 9.05 9.55 10.12 10.79 11.47 11.86 11.61 10.87 10.05 9.22 8.46 7.95 7.66 7.52 7.71 8.26 8.61 8.43 8.26 8.09 7.94 7.95 8.21 8.51 8.79 9.07 9.32 9.36 9.23 9.01 8.78 8.59 8.60 8.79 8.87 8.52 8.22 8.66 9.42
9.28 8.62 7.80 7.62 7.57 7.47 7.42 7.38 7.23 7.72 6.89 7.08 7.57 8.17 8.66 9.00 9.38 9.65 9.71 9.62 9.43 9.27 9.26 9.07 8.49 8.08 8.01 8.08 8.10 8.05 8.09 8.54 9.48 10.12 9.99 9.44 8.92 8.57 8.34 8.17 8.06 8.15 8.48 8.89 9.39 9.91 10.45 11.16 11.92 12.16 11.68 10.78 9.86 9.11 8.56 8.18 7.80 7.56 7.86 8.34 8.42 8.31 8.23 8.20 8.27 8.45 8.56 8.59 8.63 8.68 8.79 8.86 8.85 8.83 8.74 8.54 8.54 8.98 9.36 9.35 9.28 9.40
9.85 9.43 8.86 8.76 8.66 8.27 7.76 7.51 7.45 7.37 7.34 7.55 8.01 8.63 9.15 9.47 9.61 9.56 9.34 8.95 8.48 8.28 8.68 8.97 8.65 8.24 8.18 8.33 8.44 8.44 8.38 8.56 9.20 9.90 9.95 9.29 8.56 8.19 8.11 8.12 8.17 8.35 8.64 8.90 9.14 9.37 9.65 10.13 10.91 11.60 11.56 10.86 10.07 9.45 9.01 8.68 8.34 8.01 7.91 8.21 8.47 8.49 8.48 8.53 8.57 8.53 8.42 8.35 8.33 8.41 8.57 8.71 8.76 8.84 9.02 8.93 8.58 8.41 8.78 9.34 9.70 9.94
9.98 9.76 9.44 9.31 9.21 8.93 8.35 7.79 7.58 7.57 7.61 7.75 8.07 8.50 8.85 8.93 8.78 8.59 8.40 8.03 7.57 7.46 7.92 8.51 8.54 8.33 8.36 8.60 8.80 8.93 9.05 9.24 9.60 10.13 10.37 9.91 9.02 8.34 8.14 8.32 8.64 8.98 9.15 9.08 8.89 8.70 8.67 8.99 9.77 10.78 11.23 10.89 10.34 9.82 9.34 9.01 8.77 8.56 8.36 8.38 8.54 8.63 8.69 8.76 8.71 8.47 8.27 8.25 8.40 8.57 8.75 8.89 8.94 8.89 8.95 9.13 9.14 8.81 8.54 8.81 9.59 10.40
9.88 9.75 9.48 9.20 9.07 9.16 9.03 8.47 7.94 7.78 7.76 7.71 7.73 7.88 8.04 8.17 8.17 8.01 7.82 7.62 7.44 7.49 7.94 8.44 8.56 8.38 8.35 8.55 8.80 9.01 9.32 9.73 10.14 10.60 10.98 10.86 10.09 9.10 8.44 8.47 8.83 9.16 9.19 8.97 8.63 8.31 8.15 8.35 9.05 10.14 10.92 10.95 10.56 10.08 9.61 9.28 9.05 8.88 8.72 8.59 8.59 8.67 8.75 8.81 8.76 8.51 8.22 8.23 8.48 8.76 8.95 9.04 9.09 9.07 8.90 8.86 9.13 9.44 9.44 9.35 9.67 10.30
9.81 9.88 9.87 9.61 9.36 9.35 9.50 9.38 8.84 8.32 7.98 7.64 7.31 7.20 7.44 7.81 8.00 7.99 7.98 8.11 8.29 8.46 8.63 8.81 8.82 8.54 8.33 8.43 8.68 8.87 9.06 9.39 9.92 10.56 11.17 11.44 11.15 10.32 9.26 8.71 8.69 8.77 8.83 8.78 8.55 8.31 8.19 8.33 8.82 9.70 10.56 10.95 10.87 10.48 10.01 9.61 9.27 9.01 8.79 8.63 8.55 8.53 8.55 8.63 8.75 8.70 8.53 8.51 8.70 8.96 9.16 9.18 9.09 9.04 9.01 8.97 9.03 9.41 9.95 10.18 10.11 9.97
9.73 10.06 10.48 10.41 10.00 9.53 9.52 9.71 9.54 8.88 8.22 7.69 7.24 7.02 7.20 7.56 7.84 8.10 8.45 8.86 9.15 9.22 9.20 9.22 9.17 8.88 8.52 8.45 8.60 8.80 8.88 8.94 9.24 9.95 10.85 11.56 11.88 11.64 10.73 9.55 8.89 8.61 8.64 8.66 8.49 8.35 8.34 8.53 8.93 9.55 10.28 10.90 11.18 10.98 10.49 9.96 9.50 9.10 8.78 8.65 8.54 8.73 8.36 8.44 8.69 8.88 8.92 9.01 9.17 9.33 9.48 9.50 9.29 9.00 8.95 9.17 9.41 9.65 10.15 10.65 10.65 10.15
9.39 9.70 10.22 10.48 10.32 9.73 9.35 9.33 9.37 8.99 8.37 7.87 7.51 7.24 7.13 7.20 7.56 8.10 8.66 9.03 9.18 9.22 9.29 9.38 9.41 9.17 8.70 8.40 8.40 8.58 8.79 8.88 9.02 9.48 10.26 11.05 11.71 12.05 11.81 10.87 9.64 8.77 8.31 8.16 8.12 8.15 8.33 8.59 8.96 9.46 10.06 10.71 11.22 11.27 10.90 10.34 9.78 9.28 8.87 8.74 8.70 8.61 8.49 8.47 8.72 9.04 9.22 9.38 9.58 9.75 9.88 9.96 9.83 9.48 9.14 9.20 9.70 10.30 10.78 11.13 11.32 11.06
8.91 8.86 8.92 9.28 9.60 9.46 9.02 8.80 8.95 8.97 8.73 8.49 8.29 8.00 7.59 7.31 7.44 7.86 8.24 8.50 8.75 8.99 9.23 9.43 9.51 9.32 8.78 8.24 8.06 8.17 8.41 8.73 9.00 9.22 9.52 9.98 10.54 11.10 11.41 11.10 10.01 8.77 7.87 7.59 7.72 7.90 8.14 8.40 8.81 9.32 9.81 10.36 10.89 11.20 11.10 10.68 10.11 9.52 9.01 8.83 8.86 8.87 8.77 8.66 8.77 9.07 9.33 9.52 9.75 10.02 10.33 10.61 10.68 10.53 10.20 9.99 10.15 10.58 10.93 11.20 11.68 11.98
8.69 8.30 7.63 7.41 7.68 8.01 8.12 8.27 8.71 9.19 9.41 9.46 9.42 9.11 8.50 7.89 7.57 7.52 7.58 7.80 8.23 8.70 9.09 9.40 9.55 9.50 9.06 8.33 7.78 7.64 7.70 7.96 8.27 8.52 8.63 8.84 9.19 9.59 9.90 9.89 9.41 8.57 7.83 7.52 7.65 7.86 8.03 8.31 8.76 9.23 9.62 10.00 10.45 10.89 11.06 10.88 10.44 9.86 9.29 9.04 9.03 9.07 9.02 8.91 8.86 9.02 9.29 9.56 9.85 10.19 10.66 11.20 11.62 11.86 11.89 11.69 11.30 10.95 10.73 10.83 11.54 12.48
8.88 8.25 7.11 6.52 6.39 6.64 7.09 7.59 8.23 8.99 9.53 9.67 9.59 9.33 8.88 8.30 7.80 7.53 7.55 7.79 8.13 8.48 8.83 9.23 9.55 9.70 9.54 8.90 8.01 7.44 7.23 7.19 7.30 7.53 7.80 7.99 8.17 8.43 8.64 8.74 8.67 8.39 8.04 7.89 8.04 8.30 8.54 8.84 9.12 9.33 9.57 9.85 10.20 10.62 10.91 10.95 10.75 10.41 10.05 9.78 9.55 9.38 9.23 9.13 9.11 9.16 9.30 9.57 9.92 10.35 10.88 11.48 12.12 12.60 12.84 12.68 12.14 11.37 10.69 10.61 11.32 12.53
9.42 8.72 7.47 6.83 6.67 6.77 7.02 7.27 7.58 8.13 8.73 8.98 8.89 8.74 8.58 8.32 8.01 7.83 7.91 8.16 8.40 8.62 8.81 9.12 9.45 9.72 9.85 9.64 9.00 8.10 7.48 7.18 7.09 7.16 7.34 7.48 7.54 7.73 8.00 8.23 8.34 8.34 8.31 8.44 8.69 9.01 9.32 9.46 9.44 9.45 9.58 9.79 10.08 10.45 10.75 10.90 10.93 10.85 10.72 10.49 10.05 9.57 9.25 9.19 9.33 9.45 9.43 9.54 9.90 10.44 10.97 11.39 11.76 12.05 12.18 12.09 11.76 11.18 10.56 10.37 10.81 11.86
10.16 9.61 8.74 8.37 8.26 8.14 7.87 7.56 7.41 7.51 7.83 8.16 8.26 8.24 8.25 8.23 8.14 8.06 8.13 8.34 8.58 8.84 8.99 9.17 9.35 9.56 9.78 9.90 9.75 9.17 8.28 7.66 7.32 7.13 7.13 7.25 7.30 7.43 7.72 8.03 8.26 8.44 8.64 8.89 9.13 9.33 9.44 9.35 9.26 9.31 9.44 9.58 9.81 10.14 10.44 10.61 10.68 10.64 10.45 10.10 9.68 9.34 9.10 9.07 9.23 9.45 9.49 9.48 9.67 10.12 10.53 10.67 10.63 10.54 10.48 10.51 10.58 10.48 10.13 9.83 9.87 10.49
10.49 10.30 10.03 9.95 9.99 9.82 9.15 8.53 8.09 7.77 7.57 7.59 7.80 7.99 8.13 8.23 8.27 8.26 8.33 8.54 8.77 8.99 9.09 9.19 9.25 9.32 9.48 9.68 9.80 9.61 9.00 8.23 7.66 7.29 7.17 7.30 7.47 7.57 7.72 7.98 8.36 8.79 9.15 9.33 9.37 9.29 9.14 8.93 8.86 9.01 9.17 9.22 9.33 9.65 10.02 10.16 10.11 9.98 9.70 9.28 9.05 8.96 8.90 8.90 8.98 9.18 9.30 9.32 9.36 9.49 9.59 9.47 9.26 9.10 9.06 9.23 9.60 9.86 9.69 9.32 9.19 9.49
10.20 10.28 10.28 10.16 10.24 10.45 10.41 9.91 9.20 8.47 7.87 7.61 7.69 7.95 8.22 8.42 8.53 8.59 8.66 8.73 8.79 8.84 8.88 8.99 9.06 9.07 9.12 9.26 9.42 9.43 9.17 8.62 8.10 7.74 7.58 7.66 7.82 7.89 7.95 8.23 8.78 9.31 9.58 9.57 9.38 9.14 8.94 8.76 8.70 8.82 8.97 9.00 8.97 9.32 9.73 9.85 9.61 9.30 8.99 8.71 8.58 8.61 8.66 8.66 8.69 8.81 8.96 9.09 9.20 9.21 9.07 8.78 8.63 8.65 8.75 9.00 9.46 9.82 9.72 9.28 9.12 9.28
9.79 9.91 9.96 9.67 9.44 9.60 10.10 10.18 9.72 8.97 8.35 8.03 8.00 8.16 8.42 8.69 8.87 8.94 8.89 8.71 8.49 8.38 8.49 8.72 8.88 8.89 8.81 8.77 8.90 9.09 9.07 8.80 8.50 8.27 8.15 8.21 8.36 8.42 8.48 8.80 9.21 9.40 9.34 9.16 8.99 8.88 8.83 8.77 8.73 8.79 8.93 8.97 9.01 9.25 9.60 9.78 9.52 8.92 8.41 8.17 8.10 8.19 8.32 8.37 8.41 8.57 8.75 8.89 9.03 9.15 9.14 9.00 8.89 8.91 8.99 9.19 9.66 10.14 10.24 9.84 9.44 9.38
9.55 9.67 9.84 9.69 9.15 8.60 8.63 9.05 9.24 9.03 8.64 8.37 8.31 8.38 8.53 8.75 8.95 8.96 8.76 8.43 8.12 7.99 8.13 8.49 8.81 8.94 8.88 8.74 8.83 9.05 9.15 8.98 8.75 8.61 8.59 8.73 9.02 9.20 9.19 9.14 9.04 8.84 8.68 8.58 8.57 8.65 8.80 8.85 8.80 8.82 8.90 8.99 9.01 9.16 9.50 9.86 9.91 9.49 8.86 8.38 8.07 7.95 8.02 8.14 8.30 8.51 8.68 8.77 8.77 8.80 9.01 9.20 9.17 9.10 9.06 9.17 9.65 10.31 10.69 10.47 9.87 9.51
9.47 9.56 9.64 9.55 9.12 8.26 7.67 7.70 8.14 8.44 8.44 8.35 8.34 8.39 8.43 8.50 8.56 8.46 8.16 7.83 7.59 7.55 7.75 8.19 8.71 9.13 9.30 9.22 9.24 9.36 9.41 9.19 8.90 8.77 8.78 8.96 9.30 9.53 9.37 8.90 8.42 8.23 8.30 8.44 8.54 8.59 8.69 8.83 8.87 8.83 8.85 8.85 8.79 8.91 9.38 9.94 10.36 10.42 10.01 9.50 8.91 8.24 7.98 8.05 8.24 8.45 8.64 8.72 8.70 8.69 8.89 9.21 9.33 9.36 9.41 9.53 9.82 10.27 10.70 10.67 10.08 9.59
9.39 9.45 9.22 8.55 7.97 7.46 7.07 6.99 7.29 7.69 7.96 8.12 8.24 8.30 8.31 8.23 8.10 7.94 7.76 7.58 7.50 7.58 7.82 8.17 8.56 9.05 9.42 9.46 9.37 9.39 9.50 9.37 9.08 8.91 8.87 8.96 9.14 9.28 9.15 8.71 8.22 8.02 8.22 8.53 8.65 8.59 8.51 8.58 8.76 8.82 8.77 8.66 8.61 8.80 9.28 9.86 10.43 10.80 10.83 10.59 10.03 9.05 8.27 8.07 8.20 8.41 8.62 8.81 8.98 9.16 9.30 9.41 9.61 9.87 10.14 10.21 10.13 10.12 10.44 10.66 10.24 9.71
9.15 9.36 9.30 8.21 7.06 6.70 6.72 6.82 7.09 7.51 7.86 8.05 8.15 8.22 8.27 8.23 8.15 8.20 8.39 8.50 8.49 8.49 8.52 8.44 8.39 8.58 8.97 9.11 8.88 8.76 9.08 9.29 9.19 9.01 8.95 8.97 9.07 9.24 9.32 9.16 8.65 8.19 8.15 8.41 8.57 8.52 8.37 8.32 8.44 8.54 8.52 8.52 8.59 8.80 9.19 9.69 10.22 10.65 10.91 10.95 10.75 10.05 9.03 8.48 8.42 8.51 8.63 8.83 9.08 9.28 9.36 9.43 9.67 10.02 10.30 10.28 10.01 9.71 9.91 10.42 10.42 9.86
