project/data/elevation/US_DEM2016/US_DEM2016_point_10-30-2019_1033_30m_vel.asc
ncols	125
nrows	167
xllcorner	-2042055.000000
yllcorner	1465035.000000
cellsize	30.000000
NODATA_value	-9999.000000
[rows 0 to 34 of 167, columns 0 to 77 of 125]
10.32 9.21 8.13 9.07 11.13 13.49 15.56 16.94 17.36 17.56 18.04 19.12 19.75 18.84 17.83 17.60 17.52 17.37 16.90 16.30 15.71 15.58 16.00 16.63 17.17 17.23 16.84 15.51 13.57 11.47 9.48 7.69 6.34 5.54 5.28 5.52 6.33 7.63 8.97 9.80 10.22 10.48 10.69 10.65 10.07 9.16 8.47 8.59 9.41 10.67 11.88 13.16 14.27 15.43 15.93 16.13 15.78 14.33 12.97 12.10 11.70 11.80 12.30 13.23 13.84 13.97 13.64 12.60 10.87 9.72 9.40 9.72 10.38 11.11 11.69 12.03 12.37 13.05
10.32 9.21 8.13 9.07 11.13 13.49 15.56 16.94 17.36 17.56 18.04 19.12 19.75 18.84 17.83 17.60 17.52 17.37 16.90 16.30 15.71 15.58 16.00 16.63 17.17 17.23 16.84 15.51 13.57 11.47 9.48 7.69 6.34 5.54 5.28 5.52 6.33 7.63 8.97 9.80 10.22 10.48 10.69 10.65 10.07 9.16 8.47 8.59 9.41 10.67 11.88 13.16 14.27 15.43 15.93 16.13 15.78 14.33 12.97 12.10 11.70 11.80 12.30 13.23 13.84 13.97 13.64 12.60 10.87 9.72 9.40 9.72 10.38 11.11 11.69 12.03 12.37 13.05
10.28 9.26 8.38 9.18 10.69 12.56 14.28 15.47 16.06 16.34 16.84 17.75 18.13 17.68 16.94 16.78 16.87 16.94 16.56 15.76 15.30 15.22 15.54 15.94 16.18 16.06 15.29 13.93 12.36 10.66 9.04 7.64 6.59 5.95 5.68 5.78 6.29 7.14 8.11 8.91 9.28 9.51 9.75 10.08 10.27 10.17 9.95 9.89 10.41 11.22 12.10 12.95 13.76 14.42 14.79 15.01 15.05 14.62 13.66 12.50 11.63 11.24 11.58 12.20 12.64 12.84 12.90 12.72 12.20 11.36 10.85 10.71 10.78 10.93 11.10 11.32 11.71 12.36
11.05 9.98 9.25 9.73 10.54 11.41 12.33 12.85 13.00 13.37 14.16 14.72 14.84 14.63 14.58 14.65 14.86 15.32 15.29 14.86 14.71 14.71 14.68 14.42 14.07 13.59 12.75 11.84 10.88 9.89 8.95 8.19 7.72 7.49 7.28 7.05 6.89 6.97 7.24 7.73 8.50 9.13 9.65 10.26 11.02 11.63 11.98 11.99 11.99 12.13 12.42 12.55 12.63 12.50 12.45 12.28 12.47 13.05 13.33 13.11 12.41 11.63 11.10 10.83 10.51 10.48 10.99 11.83 12.47 12.71 12.55 12.04 11.37 10.70 10.29 10.26 10.57 10.96
11.77 10.81 10.22 10.43 10.70 11.03 11.19 11.20 10.95 11.00 11.50 12.00 12.17 12.12 12.27 12.42 12.61 13.08 13.78 14.39 14.68 14.39 13.83 12.94 12.04 11.53 11.31 11.04 10.70 10.32 9.97 9.75 9.69 9.65 9.43 8.92 8.33 7.95 7.80 8.07 8.95 9.95 10.84 11.59 11.97 12.35 12.70 12.95 12.99 12.85 12.73 12.44 11.91 11.22 10.57 9.50 8.96 9.32 10.51 11.82 12.39 12.22 11.53 10.45 9.57 8.98 8.87 9.34 10.14 10.78 11.04 10.94 10.56 10.08 9.70 9.57 9.65 9.75
11.83 11.13 10.78 10.99 10.94 10.90 10.70 10.11 9.69 9.56 9.71 10.16 10.65 10.93 11.43 11.87 12.12 12.26 12.98 13.90 14.23 13.67 12.72 11.49 10.59 10.49 10.72 10.91 11.04 11.16 11.29 11.37 11.31 11.04 10.62 10.09 9.58 9.17 8.87 8.81 9.07 9.61 10.52 11.56 12.14 12.43 12.70 13.05 13.14 13.04 12.84 12.54 12.05 10.91 9.52 8.27 7.79 7.95 8.60 9.50 10.48 11.04 10.85 9.94 9.01 8.30 7.84 7.68 7.76 7.98 8.27 8.53 8.70 8.77 8.75 8.71 8.75 8.85
11.97 11.62 11.42 11.63 11.42 10.95 10.25 9.24 8.55 8.40 8.53 8.92 9.54 10.41 11.40 12.03 12.56 12.62 12.54 12.60 12.68 12.30 11.50 10.59 10.24 10.34 10.55 10.73 11.03 11.55 12.02 12.25 12.02 11.69 11.36 11.09 10.87 10.57 10.06 9.44 9.04 9.04 9.44 10.21 10.90 11.12 11.26 11.53 11.97 12.21 12.44 12.53 12.24 11.75 10.95 10.10 9.95 9.93 9.73 9.44 9.25 9.31 9.28 8.89 8.26 7.63 7.22 7.07 7.09 7.19 7.31 7.46 7.59 7.69 7.73 7.73 7.72 7.84
12.04 12.14 12.48 12.46 12.10 11.02 9.76 8.53 7.95 8.00 8.04 8.05 8.69 9.91 11.01 11.52 12.09 12.23 11.64 11.00 10.81 10.75 10.55 10.40 10.38 10.47 10.60 10.65 10.85 11.43 12.11 12.53 12.61 12.71 12.94 13.30 13.36 12.97 12.19 11.17 10.09 9.25 8.94 8.87 8.84 9.00 9.11 9.42 10.26 11.38 12.06 12.44 12.63 13.03 13.24 13.16 12.67 12.05 11.22 10.18 9.18 8.53 8.32 8.13 7.71 7.16 6.84 6.95 7.24 7.41 7.42 7.33 7.22 7.18 7.25 7.30 7.30 7.46
12.43 12.78 13.52 13.37 12.68 11.48 9.98 8.90 8.61 8.51 8.29 8.13 8.55 9.51 10.17 10.40 10.72 10.92 10.51 9.93 9.74 9.71 9.66 9.84 10.05 10.29 10.73 11.15 11.34 11.56 12.19 12.93 13.67 14.65 15.75 16.48 16.55 16.01 15.15 14.04 12.63 11.08 9.78 8.98 8.51 8.47 9.03 9.71 10.75 11.65 11.98 11.78 11.73 12.19 12.76 12.95 12.52 11.67 10.65 9.68 8.83 8.24 8.00 8.01 7.93 7.68 7.52 7.64 7.75 7.69 7.51 7.32 7.29 7.53 7.95 8.30 8.54 8.87
12.60 13.31 14.10 13.87 13.11 12.20 10.92 10.27 10.32 10.35 9.80 9.25 9.24 9.48 9.49 9.39 9.48 9.77 9.91 9.79 9.66 9.29 8.98 9.15 9.56 9.99 10.60 11.33 11.88 12.28 12.97 13.88 15.03 16.24 17.11 17.41 17.29 16.99 16.67 16.20 15.31 13.95 12.40 11.00 9.99 9.91 10.34 11.14 11.94 12.18 11.77 10.49 9.52 8.76 9.08 9.80 10.06 9.69 9.16 8.65 8.16 7.80 7.71 8.05 8.73 9.07 9.20 9.17 8.67 8.03 7.78 7.92 8.41 9.20 9.95 10.52 11.02 11.48
12.81 13.19 14.03 14.13 13.64 13.15 12.74 12.84 13.07 12.87 12.22 11.34 10.52 9.82 9.18 8.67 8.76 9.45 10.16 10.48 10.36 9.82 9.32 9.31 9.65 10.04 10.42 11.07 12.14 13.34 14.32 15.12 15.71 15.89 15.53 14.86 14.74 15.34 16.01 16.41 16.39 15.76 14.62 13.13 11.85 11.20 11.07 11.64 12.23 12.16 11.12 9.64 8.32 7.36 7.06 7.29 7.81 8.16 8.20 8.03 7.81 7.69 7.89 8.53 9.59 10.53 10.92 10.60 9.79 8.81 8.66 9.30 10.25 11.18 12.04 12.74 13.31 13.55
12.36 12.25 13.08 14.19 14.72 14.98 15.32 15.72 15.93 15.38 14.49 13.51 12.36 10.85 9.44 8.79 8.91 9.78 10.76 11.27 11.18 10.72 10.20 9.96 10.12 10.55 11.08 11.90 13.10 14.29 14.84 14.96 14.52 13.54 12.18 11.33 11.60 12.61 13.59 14.38 15.06 15.50 15.39 14.67 13.49 12.33 11.76 11.89 11.94 11.46 10.16 9.30 8.64 7.77 6.97 6.57 6.84 7.47 7.89 8.00 8.05 8.35 8.91 9.68 10.63 11.39 11.71 11.50 10.90 10.36 10.14 10.70 11.47 12.39 13.16 13.65 13.64 13.18
11.37 10.91 11.33 13.20 14.80 15.84 16.42 16.64 16.72 16.34 15.67 14.90 13.96 12.36 10.77 9.95 9.84 10.20 10.78 11.14 11.12 10.85 10.49 10.27 10.47 11.08 11.89 12.71 13.28 13.44 13.14 12.33 11.08 9.70 8.96 9.18 9.83 10.27 10.43 11.05 12.06 13.19 14.23 14.74 14.46 13.46 12.49 12.11 11.37 10.02 8.82 8.36 7.81 7.12 6.49 6.28 6.62 7.34 8.06 8.58 9.00 9.52 10.17 10.77 11.22 11.46 11.66 11.93 11.97 11.81 11.73 11.96 12.63 13.25 13.34 12.75 11.53 9.97
11.51 11.11 10.99 11.69 12.94 14.09 14.63 14.73 14.58 14.56 14.66 14.62 14.37 13.64 12.60 11.57 10.91 10.52 10.34 10.17 10.06 10.04 10.06 10.08 10.32 10.78 11.18 11.23 10.78 10.06 9.19 8.02 6.89 6.23 6.46 7.30 7.74 7.65 7.64 8.09 8.85 9.87 11.10 12.33 13.21 13.25 12.73 12.09 11.15 9.55 8.18 7.07 6.36 6.11 6.11 6.46 7.05 7.77 8.59 9.49 10.21 10.72 11.08 11.39 11.60 11.76 12.07 12.56 12.87 12.83 12.81 13.12 13.46 13.15 11.92 10.01 8.13 7.04
12.18 12.34 11.77 11.02 10.44 10.50 10.59 10.32 10.04 10.41 11.16 12.00 12.62 13.07 13.08 12.55 11.68 10.83 10.09 9.41 8.99 9.13 9.40 9.52 9.50 9.32 8.88 8.10 7.20 6.52 6.02 5.71 5.59 5.60 5.71 5.78 5.77 5.98 6.26 6.49 6.73 7.15 7.82 8.93 10.50 12.22 12.62 12.37 11.55 10.26 8.53 7.09 6.50 6.61 7.07 7.62 8.05 8.48 9.16 10.23 11.35 11.94 12.28 12.55 12.82 13.18 13.51 13.74 13.83 13.69 13.61 13.73 13.16 11.41 9.27 7.69 7.03 6.87
12.22 12.24 11.64 10.43 8.54 7.18 6.35 5.85 5.85 6.16 6.82 7.64 8.79 10.12 11.45 12.06 11.85 11.04 10.09 9.22 8.77 8.81 8.94 8.83 8.43 7.79 7.06 6.51 6.14 5.80 5.68 6.01 6.66 7.05 6.91 6.65 6.51 6.66 6.96 7.18 7.21 7.31 7.74 8.85 10.46 12.34 13.04 12.83 11.84 10.34 9.03 8.30 8.05 8.35 8.84 9.21 9.24 9.34 9.99 11.34 12.63 13.63 14.22 14.49 14.74 15.19 15.50 15.62 15.60 15.33 14.83 13.86 11.90 9.79 8.62 8.31 8.40 8.37
11.43 10.80 10.01 9.17 7.31 5.63 4.67 4.48 4.69 5.26 5.87 6.38 7.13 8.32 9.70 10.90 11.39 11.09 10.34 9.63 9.24 9.06 8.86 8.48 7.99 7.52 7.28 7.33 7.44 7.33 7.05 6.99 7.52 8.41 8.88 9.01 8.91 8.78 8.79 9.08 9.51 10.06 10.73 11.84 13.08 13.81 13.68 13.15 12.13 10.91 9.94 9.58 9.62 9.97 10.47 10.84 10.76 10.94 11.81 13.18 14.63 15.75 16.41 16.62 16.57 16.61 16.87 17.16 17.37 16.96 15.93 14.24 11.72 10.53 10.55 10.89 10.90 10.54
11.27 10.48 9.36 8.32 7.30 6.43 6.19 6.61 7.32 8.20 8.89 9.24 9.63 9.91 10.12 10.35 10.77 10.98 10.74 10.31 9.86 9.42 8.99 8.60 8.35 8.31 8.45 8.68 8.97 9.16 8.99 8.51 8.52 9.27 10.21 10.89 11.13 11.04 10.86 11.16 12.03 12.86 13.70 14.40 14.64 14.06 13.19 12.65 12.19 11.63 10.92 10.57 10.73 11.30 11.87 12.18 12.41 12.74 13.81 15.24 16.40 17.01 17.23 17.24 17.02 16.74 16.63 16.75 17.19 17.26 16.79 16.04 14.58 14.02 14.42 14.84 14.76 14.19
11.64 11.16 9.97 8.80 8.37 8.75 9.63 10.65 11.69 12.54 13.13 13.43 13.33 12.61 11.54 10.76 10.64 10.89 10.96 10.74 10.33 9.87 9.44 9.16 9.12 9.26 9.39 9.59 10.00 10.55 10.87 10.83 10.75 10.93 11.53 12.41 13.14 13.36 13.45 13.80 14.40 14.94 15.13 14.77 13.66 12.00 10.74 10.69 11.38 11.63 11.75 11.75 12.10 12.65 13.02 13.04 13.32 14.07 15.30 16.24 16.54 16.28 15.84 15.67 15.73 15.78 15.74 15.54 15.52 16.02 16.99 17.70 18.34 18.49 18.71 19.26 19.55 19.36
11.31 10.59 9.48 8.88 9.56 10.95 12.64 14.16 15.26 15.74 15.82 15.64 15.16 14.08 12.87 11.84 11.28 11.12 11.10 10.98 10.75 10.53 10.35 10.22 10.12 10.09 10.22 10.49 10.89 11.52 12.35 13.13 13.73 14.16 14.52 14.96 15.26 15.30 15.55 15.90 15.95 15.52 14.62 13.16 11.23 9.37 8.46 8.86 10.45 11.65 12.51 13.07 13.50 13.65 13.62 13.46 13.94 14.94 15.58 15.70 14.97 13.94 13.13 12.88 13.27 13.92 14.34 14.31 13.93 14.17 15.63 17.36 18.79 19.53 20.09 20.95 21.53 21.57
10.21 9.42 8.73 9.27 11.02 13.18 14.89 15.96 16.48 16.34 15.89 15.41 14.93 14.28 13.64 12.88 12.11 11.50 11.28 11.24 11.27 11.42 11.67 11.81 11.75 11.59 11.73 11.98 12.28 12.87 13.91 15.17 16.25 17.02 17.36 17.11 16.62 16.26 16.21 16.06 15.32 13.97 12.25 10.37 8.87 8.10 8.05 9.03 10.84 12.43 13.83 14.81 15.14 14.84 14.35 14.24 14.70 14.99 14.92 13.99 12.59 11.23 10.19 9.61 9.97 10.50 11.05 11.39 11.49 11.80 12.66 14.14 15.74 16.85 17.70 18.50 19.05 19.20
11.05 10.46 10.44 11.84 13.76 15.30 15.95 15.99 15.61 14.78 14.14 13.76 13.46 13.42 13.35 12.99 12.36 11.74 11.56 11.80 12.28 12.95 13.61 14.01 14.12 14.03 14.06 14.23 14.56 15.17 16.13 17.02 17.56 17.67 17.30 16.59 15.97 15.39 14.87 13.92 12.51 10.94 9.33 8.07 7.73 8.20 9.24 10.84 12.23 13.77 15.05 15.72 15.97 16.00 15.51 15.14 14.92 14.43 13.46 11.74 10.04 8.59 7.14 6.39 6.32 6.32 6.38 6.94 7.81 8.44 9.53 10.41 11.18 11.75 12.28 12.95 13.02 13.34
12.60 13.13 14.37 15.38 16.01 16.21 15.58 14.60 13.55 12.87 12.52 12.25 12.04 12.10 12.22 12.23 12.03 11.81 11.98 12.56 13.45 14.42 15.22 15.80 15.99 16.06 16.17 16.42 16.85 17.41 17.78 17.62 16.91 15.82 14.54 13.64 13.53 13.09 12.07 10.57 9.06 8.11 7.53 7.61 8.28 9.27 10.68 12.11 13.46 14.69 15.27 15.55 15.70 15.92 15.91 15.41 14.53 13.30 11.56 9.73 8.02 6.26 4.94 4.39 4.23 4.10 4.15 4.66 5.56 6.54 7.43 8.14 8.41 8.41 8.33 8.58 9.05 9.89
13.32 14.52 16.11 16.49 16.27 15.51 14.26 13.13 12.07 11.70 11.62 11.36 11.16 11.09 11.21 11.47 11.66 11.87 12.24 12.65 13.13 13.67 14.36 15.24 15.83 16.32 16.80 17.28 17.62 17.66 17.09 15.78 13.95 12.41 11.41 11.02 10.78 9.98 8.73 7.75 7.09 6.93 7.35 8.46 9.51 10.57 11.81 12.97 14.05 14.55 14.34 14.04 14.08 14.49 14.81 14.61 13.77 12.42 10.61 8.97 7.40 5.79 4.75 4.39 4.39 4.49 4.87 5.63 6.37 6.67 6.85 7.01 6.98 6.77 6.54 6.72 7.64 8.87
13.59 14.44 15.49 15.60 15.04 13.88 12.76 11.96 11.39 11.12 10.93 10.62 10.47 10.44 10.64 11.04 11.49 11.82 11.94 11.80 11.58 11.49 11.84 12.71 14.02 15.15 16.04 16.50 16.37 15.58 14.11 12.16 10.26 9.16 8.74 8.52 7.82 6.97 6.47 6.55 6.96 7.68 8.76 9.80 10.95 12.16 13.00 13.76 14.08 13.76 13.19 12.88 12.86 13.03 13.32 13.47 13.21 12.42 10.99 9.39 8.07 7.14 6.73 6.78 6.89 6.96 7.46 7.87 7.65 7.13 6.73 6.59 6.31 5.85 5.61 6.03 6.95 7.68
13.79 13.47 13.53 13.88 13.37 12.78 11.83 10.99 10.63 10.42 10.12 9.88 9.72 9.79 10.23 10.83 11.42 11.69 11.66 11.39 11.19 11.22 11.64 12.50 13.69 14.59 14.90 14.64 13.76 12.40 10.73 9.20 7.84 6.98 6.55 6.33 6.09 5.97 6.16 6.87 8.01 9.32 10.29 11.34 12.58 13.61 14.22 14.33 13.81 12.95 12.25 11.93 11.83 12.00 12.46 12.86 13.13 12.96 12.13 10.83 9.83 9.41 9.43 9.61 9.71 9.88 9.98 9.42 8.35 7.69 7.48 6.91 6.11 5.58 5.55 5.90 6.28 6.40
13.84 13.04 12.24 12.50 12.83 12.77 12.28 11.36 10.75 10.46 10.12 9.90 9.76 9.86 10.30 10.92 11.55 12.01 12.26 12.38 12.69 13.33 14.13 14.78 14.92 14.47 13.51 12.29 10.96 9.70 8.42 7.42 6.84 6.55 6.29 6.19 6.48 7.05 7.54 8.10 9.12 10.22 11.36 12.69 13.90 14.76 14.98 14.52 13.52 12.30 11.23 10.60 10.66 11.20 11.98 12.72 13.17 13.43 13.36 12.95 12.53 12.46 12.64 12.80 12.81 12.51 11.83 10.95 10.13 9.77 9.13 7.99 6.68 6.20 6.24 6.14 6.02 6.06
13.91 13.01 11.84 11.80 12.28 12.86 13.16 12.81 12.20 11.91 11.70 11.34 11.25 11.31 11.46 11.60 11.98 12.61 13.24 13.78 14.42 15.11 15.47 15.25 14.37 12.98 11.43 9.93 8.61 7.69 7.20 6.97 7.03 7.48 7.76 7.84 8.04 8.61 9.24 9.56 10.02 10.80 12.13 13.57 14.72 15.29 15.12 14.34 13.27 11.96 10.57 9.85 10.09 10.86 11.68 12.25 12.66 13.42 14.06 14.50 15.07 15.76 16.46 16.90 16.51 15.65 14.41 13.42 13.06 12.46 10.91 9.09 8.04 7.93 7.74 7.02 6.62 6.79
13.53 12.43 11.14 11.00 11.37 12.41 13.26 13.56 13.31 13.07 12.94 12.64 12.62 12.73 12.76 12.58 12.43 12.72 13.39 14.10 14.61 14.65 14.02 12.78 11.40 10.14 9.01 7.97 7.13 6.85 7.11 7.82 8.50 8.95 9.38 9.71 9.90 10.18 10.69 10.85 11.04 11.65 12.96 14.14 14.98 15.06 14.45 13.69 13.06 12.32 11.25 10.38 10.35 10.81 11.11 11.43 12.15 13.33 14.30 15.31 16.38 17.43 18.30 18.70 19.03 18.55 17.53 16.62 15.64 14.38 12.73 11.09 10.40 10.12 9.54 8.78 8.59 8.84
13.02 12.26 11.20 10.80 10.94 11.59 12.63 13.41 13.54 13.20 12.67 12.20 12.17 12.38 12.60 12.58 12.30 12.29 12.72 13.12 13.01 12.16 10.78 9.35 8.20 7.35 6.77 6.54 6.63 7.10 8.21 9.49 10.23 10.61 10.86 11.18 11.52 11.75 11.84 11.99 12.28 12.87 13.59 14.27 14.35 13.75 12.88 12.55 12.88 13.04 12.73 12.13 11.42 11.29 11.24 11.57 12.46 13.65 14.43 15.37 16.14 17.09 17.74 18.04 18.67 19.00 18.93 18.68 17.96 16.89 16.03 15.19 14.24 12.91 11.62 11.12 11.34 11.60
13.41 13.13 12.28 11.56 11.38 11.48 12.12 13.02 13.51 13.35 12.62 11.89 11.56 11.50 11.57 11.58 11.64 11.80 11.97 11.58 10.43 8.83 7.39 6.32 5.46 4.83 4.54 4.96 6.13 7.80 9.53 10.67 11.45 11.93 12.21 12.44 12.58 12.55 12.48 12.60 13.09 13.53 13.95 13.93 13.24 11.95 11.39 11.55 12.25 13.26 13.58 13.35 12.89 12.43 12.21 12.34 12.76 13.51 14.14 14.73 14.93 14.82 14.26 14.32 15.33 16.79 17.93 18.83 19.43 19.46 19.46 19.08 17.99 16.45 14.87 14.25 14.06 13.48
13.74 13.22 12.48 11.99 11.80 11.76 11.91 12.58 13.40 13.87 13.72 13.04 12.43 11.86 11.41 11.10 11.19 11.37 11.02 9.76 7.93 6.30 5.11 4.37 3.97 3.74 3.64 4.09 5.37 7.19 8.90 9.96 10.78 11.51 12.11 12.50 12.44 12.37 12.32 12.57 13.06 13.61 13.98 13.68 12.91 11.76 11.15 11.17 11.61 12.40 13.31 13.56 13.64 13.31 12.89 12.43 12.36 12.55 13.04 13.25 13.11 12.41 11.59 11.47 12.11 13.48 15.32 17.00 18.34 19.21 19.86 20.16 19.65 18.85 18.00 17.06 15.66 13.77
12.90 11.80 10.76 10.91 11.24 11.37 11.34 11.66 12.65 13.65 14.13 13.79 13.12 12.42 11.85 11.33 11.15 10.83 9.87 8.31 6.90 5.88 5.14 4.68 4.55 4.64 4.82 5.03 5.53 6.24 6.93 7.65 8.35 9.11 9.88 10.51 10.95 11.27 11.66 12.23 12.63 13.12 13.27 12.87 12.30 11.60 10.86 10.69 10.89 11.34 12.09 13.01 13.34 13.26 12.75 11.89 11.49 11.36 11.69 11.71 11.28 10.37 9.84 10.18 10.99 11.82 12.76 13.80 14.89 15.85 16.67 17.45 18.16 18.47 18.47 18.02 16.15 13.39
11.21 10.19 9.27 9.54 9.84 9.78 9.63 9.98 10.82 12.13 13.15 13.41 12.98 12.37 11.94 11.49 11.10 10.43 9.41 8.43 7.78 7.42 7.14 6.92 6.84 7.03 7.14 7.18 7.06 6.94 6.98 7.01 7.07 7.27 7.68 8.45 9.52 10.26 11.02 11.72 12.00 12.08 11.58 10.46 9.28 8.82 8.84 9.04 9.37 10.18 10.99 11.84 12.44 12.43 11.85 11.11 10.68 10.72 10.80 10.69 10.07 9.10 9.03 9.52 10.34 10.95 11.16 11.29 11.62 12.18 12.32 13.04 14.40 15.78 16.82 17.35 16.65 14.70
10.67 10.33 10.10 10.00 9.37 8.77 8.59 8.72 9.19 10.24 11.63 12.60 12.79 12.39 11.89 11.34 10.86 10.35 9.84 9.55 9.57 9.66 9.74 9.70 9.65 9.63 9.63 9.38 9.07 8.86 8.70 8.37 7.87 7.42 7.39 8.00 8.98 9.77 10.59 11.23 11.34 10.92 9.64 7.60 6.46 6.44 7.01 7.78 8.67 9.47 10.27 10.92 11.31 11.45 11.03 10.75 10.64 10.77 10.64 10.47 10.03 9.53 9.57 9.61 9.70 9.51 9.34 9.52 9.92 10.29 10.48 10.81 11.66 12.92 13.93 15.41 16.57 16.36
