project/data/elevation/US_DEM2016/US_DEM2016_point_10-31-2019_0147_30m_vel.asc
ncols	125
nrows	167
xllcorner	-2042055.000000
yllcorner	1465035.000000
cellsize	30.000000
NODATA_value	-9999.000000
[rows 114 to 151 of 167, columns 0 to 83 of 125]
6.72 6.71 6.77 6.88 7.08 7.38 7.50 7.13 6.46 5.81 5.25 4.76 4.38 4.15 4.23 4.71 5.51 6.29 6.83 7.22 7.49 7.40 6.92 6.71 7.02 7.26 7.23 7.19 7.22 7.17 7.02 6.67 6.18 5.82 5.69 5.76 6.07 6.46 6.74 6.96 7.19 7.44 7.69 7.81 7.58 7.04 6.64 6.51 6.54 6.65 6.77 6.74 6.58 6.27 5.84 5.52 5.49 5.80 6.23 6.51 6.61 6.57 6.45 6.35 6.33 6.40 6.48 6.40 6.16 5.93 5.81 5.75 5.75 5.79 5.80 5.73 5.62 5.53 5.54 5.64 5.56 5.24 5.00 4.86
6.87 6.89 6.94 6.95 6.99 6.99 6.76 6.19 5.50 4.92 4.48 4.18 3.99 4.15 4.83 5.86 6.80 7.51 7.96 8.09 7.79 7.10 6.31 6.16 6.48 6.59 6.54 6.62 6.80 7.06 7.31 7.39 7.17 6.60 5.98 5.81 6.20 6.70 7.05 7.29 7.49 7.65 7.73 7.61 7.15 6.50 6.07 6.03 6.21 6.52 6.88 7.01 6.94 6.71 6.25 5.66 5.34 5.44 5.74 6.04 6.31 6.53 6.66 6.70 6.70 6.66 6.51 6.24 5.98 5.83 5.79 5.80 5.84 5.84 5.79 5.71 5.67 5.68 5.70 5.66 5.43 5.15 4.96 4.80
6.98 7.01 7.01 6.95 6.82 6.58 6.18 5.73 5.47 5.41 5.39 5.34 5.53 6.13 7.02 7.91 8.50 8.64 8.48 8.06 7.40 6.68 6.10 5.85 5.85 5.76 5.79 6.04 6.31 6.56 6.86 7.19 7.41 7.36 7.09 6.98 7.09 7.27 7.38 7.45 7.46 7.46 7.46 7.30 6.90 6.37 5.93 5.83 6.10 6.54 6.93 7.11 7.14 7.11 7.00 6.81 6.53 6.27 6.14 6.16 6.29 6.43 6.54 6.64 6.70 6.65 6.43 6.11 5.85 5.68 5.63 5.67 5.75 5.81 5.82 5.80 5.81 5.86 5.91 5.90 5.85 5.77 5.74 5.77
6.98 6.94 6.88 6.81 6.65 6.37 6.07 5.88 5.93 6.20 6.56 7.04 7.66 8.32 8.83 9.04 8.87 8.40 7.86 7.25 6.75 6.54 6.47 6.24 5.92 5.66 5.53 5.67 5.87 5.95 6.02 6.28 6.78 7.30 7.62 7.69 7.55 7.32 7.14 7.02 6.97 7.02 7.13 7.08 6.83 6.48 6.08 5.88 6.11 6.50 6.71 6.75 6.83 7.01 7.23 7.42 7.52 7.45 7.21 6.88 6.66 6.51 6.42 6.38 6.37 6.29 6.08 5.85 5.71 5.63 5.59 5.57 5.63 5.77 5.89 5.97 6.03 6.08 6.15 6.31 6.55 6.74 6.88 7.04
6.90 6.80 6.69 6.66 6.56 6.42 6.30 6.22 6.22 6.45 7.02 7.82 8.53 8.90 8.90 8.49 7.73 7.09 6.73 6.35 6.22 6.37 6.58 6.63 6.48 6.15 5.81 5.64 5.73 5.73 5.56 5.54 5.86 6.48 6.99 7.20 7.11 6.90 6.74 6.66 6.69 6.85 7.00 6.91 6.63 6.40 6.19 5.99 6.08 6.25 6.29 6.23 6.28 6.53 6.89 7.19 7.46 7.63 7.62 7.40 7.03 6.66 6.35 6.12 5.90 5.66 5.44 5.48 5.69 5.85 5.87 5.82 5.81 5.90 6.03 6.15 6.25 6.31 6.43 6.65 6.87 7.08 7.29 7.43
6.79 6.69 6.60 6.60 6.56 6.53 6.52 6.47 6.50 6.80 7.44 8.05 8.31 8.17 7.75 7.13 6.61 6.30 6.01 5.76 5.73 5.84 6.04 6.28 6.39 6.26 6.03 5.93 6.00 6.03 5.87 5.60 5.53 5.67 6.04 6.38 6.56 6.61 6.68 6.73 6.80 6.91 6.93 6.68 6.35 6.22 6.22 6.16 6.13 6.12 6.02 5.95 6.05 6.32 6.64 6.87 7.00 7.05 7.13 7.18 7.03 6.67 6.29 5.94 5.56 5.26 5.28 5.63 6.00 6.19 6.24 6.21 6.15 6.11 6.11 6.18 6.23 6.29 6.42 6.56 6.60 6.61 6.69 6.71
6.72 6.67 6.64 6.62 6.57 6.60 6.69 6.75 6.90 7.35 7.85 8.00 7.76 7.33 6.83 6.41 6.19 5.97 5.64 5.42 5.34 5.36 5.55 5.82 5.93 5.94 6.02 6.16 6.26 6.31 6.29 6.08 5.75 5.53 5.49 5.73 6.10 6.43 6.70 6.85 6.92 6.96 6.83 6.45 6.08 5.99 6.11 6.17 6.13 6.06 5.99 5.99 6.17 6.41 6.58 6.67 6.64 6.52 6.49 6.57 6.59 6.46 6.26 6.01 5.80 5.80 6.03 6.28 6.37 6.34 6.32 6.32 6.27 6.17 6.07 5.99 5.95 6.02 6.18 6.28 6.24 6.15 6.11 6.04
6.78 6.78 6.74 6.64 6.57 6.66 6.87 7.08 7.38 7.79 7.95 7.75 7.37 7.02 6.68 6.36 6.06 5.76 5.59 5.61 5.72 5.83 5.94 5.94 5.84 5.87 6.07 6.24 6.26 6.25 6.32 6.35 6.23 5.94 5.63 5.57 5.86 6.26 6.55 6.75 6.88 6.91 6.66 6.15 5.73 5.63 5.76 5.87 5.88 5.89 5.95 6.04 6.14 6.20 6.21 6.27 6.33 6.30 6.22 6.18 6.22 6.28 6.33 6.38 6.48 6.65 6.73 6.68 6.50 6.30 6.19 6.17 6.16 6.13 6.05 5.94 5.90 6.02 6.16 6.13 5.98 5.88 5.88 5.87
6.85 6.83 6.72 6.59 6.57 6.71 6.96 7.33 7.80 7.98 7.82 7.46 7.14 6.86 6.54 6.18 5.89 5.82 6.03 6.34 6.51 6.50 6.35 6.14 5.99 5.99 6.08 6.15 6.14 6.12 6.18 6.28 6.32 6.24 6.05 5.96 6.07 6.27 6.41 6.58 6.72 6.64 6.14 5.51 5.17 5.18 5.37 5.55 5.62 5.64 5.67 5.67 5.62 5.57 5.58 5.70 5.93 6.14 6.19 6.16 6.18 6.27 6.39 6.50 6.60 6.67 6.68 6.62 6.53 6.40 6.26 6.14 6.09 6.07 6.04 6.02 6.06 6.11 5.99 5.76 5.55 5.48 5.51 5.58
6.73 6.66 6.52 6.48 6.56 6.73 6.96 7.27 7.59 7.60 7.33 7.00 6.73 6.39 5.96 5.76 5.87 6.14 6.37 6.42 6.28 6.12 6.08 6.18 6.28 6.26 6.12 6.05 6.02 5.98 5.98 6.00 6.02 6.09 6.24 6.37 6.42 6.39 6.52 6.46 6.41 5.93 5.11 4.60 4.56 4.77 5.07 5.36 5.49 5.44 5.34 5.21 5.02 4.93 4.99 5.17 5.48 5.79 5.96 6.06 6.16 6.28 6.35 6.34 6.33 6.40 6.50 6.53 6.51 6.46 6.37 6.23 6.09 5.95 5.85 5.87 5.83 5.67 5.40 5.21 5.17 5.20 5.18 5.18
6.66 6.62 6.57 6.55 6.60 6.73 6.85 6.96 6.95 6.78 6.54 6.39 6.19 5.78 5.48 5.69 5.96 6.03 5.86 5.53 5.32 5.44 5.81 6.22 6.44 6.48 6.38 6.21 6.06 5.90 5.86 5.88 5.91 6.02 6.19 6.29 6.30 6.26 6.20 6.20 5.85 5.09 4.52 4.44 4.63 4.82 5.03 5.33 5.49 5.53 5.52 5.40 5.15 4.92 4.85 5.00 5.25 5.45 5.64 5.89 6.11 6.29 6.42 6.56 6.70 6.79 6.74 6.58 6.38 6.23 6.20 6.14 5.98 5.73 5.61 5.55 5.40 5.23 5.12 5.12 5.17 5.14 4.98 4.88
6.87 6.95 6.93 6.75 6.62 6.60 6.62 6.59 6.44 6.24 6.32 6.11 5.90 5.53 5.49 5.65 5.55 5.25 4.95 4.77 4.91 5.40 5.99 6.38 6.49 6.52 6.56 6.49 6.28 6.02 5.88 5.92 5.97 5.95 5.87 5.75 5.73 5.80 5.86 5.77 5.40 5.04 5.15 5.48 5.66 5.62 5.60 5.70 5.80 5.88 5.90 5.84 5.69 5.49 5.35 5.33 5.34 5.47 5.75 6.01 6.17 6.31 6.54 6.87 7.03 6.95 6.71 6.44 6.19 6.02 5.93 5.86 5.72 5.55 5.43 5.29 5.15 5.08 5.15 5.24 5.22 5.09 4.99 5.07
7.01 7.02 6.90 6.61 6.41 6.37 6.38 6.32 6.22 6.18 6.17 6.02 5.70 5.42 5.30 5.10 4.77 4.57 4.61 4.85 5.32 5.87 6.38 6.58 6.47 6.37 6.44 6.48 6.37 6.14 5.97 5.97 5.96 5.79 5.53 5.39 5.46 5.66 5.78 5.75 5.69 5.90 6.26 6.48 6.57 6.59 6.53 6.44 6.33 6.20 6.04 5.89 5.83 5.81 5.78 5.71 5.65 5.77 5.99 6.14 6.14 6.24 6.45 6.62 6.51 6.28 6.16 6.14 6.14 6.08 5.89 5.67 5.50 5.42 5.33 5.14 4.91 4.76 4.79 4.93 5.08 5.24 5.47 5.68
6.74 6.52 6.14 6.01 6.02 6.15 6.24 6.20 6.14 6.12 6.26 5.62 5.35 5.19 5.01 4.79 4.68 4.82 5.25 5.89 6.41 6.70 6.77 6.50 6.06 5.95 6.03 6.09 6.08 6.05 6.03 6.03 6.02 5.92 5.76 5.74 5.90 6.05 6.13 6.19 6.34 6.50 6.56 6.62 6.79 7.03 7.19 7.15 6.95 6.63 6.38 6.19 6.06 5.98 5.93 5.89 5.91 5.95 6.00 6.04 6.01 6.07 6.15 6.08 5.89 5.81 5.96 6.18 6.25 6.12 5.85 5.55 5.39 5.32 5.29 5.22 5.06 4.83 4.67 4.73 5.12 5.68 6.06 6.05
6.26 5.86 5.45 5.50 5.77 6.07 6.21 6.16 6.05 6.44 5.65 5.36 5.27 5.36 5.46 5.54 5.76 6.15 6.72 7.22 7.42 7.28 6.82 6.19 5.74 5.68 5.69 5.67 5.72 5.85 5.94 5.98 6.06 6.16 6.27 6.41 6.50 6.46 6.40 6.40 6.39 6.31 6.36 6.60 6.95 7.29 7.56 7.62 7.51 7.29 7.05 6.83 6.62 6.39 6.18 6.05 5.99 5.89 5.84 5.90 5.90 5.94 5.94 5.85 5.79 5.98 6.28 6.38 6.13 5.72 5.43 5.32 5.28 5.26 5.24 5.33 5.48 5.52 5.38 5.32 5.60 6.03 6.14 5.85
6.19 5.94 5.68 5.83 6.12 6.30 6.30 6.18 6.04 6.40 5.76 5.67 5.76 6.04 6.42 6.80 7.18 7.47 7.62 7.60 7.36 6.95 6.42 5.97 5.78 5.74 5.65 5.61 5.70 5.83 5.88 5.88 6.00 6.22 6.42 6.50 6.47 6.38 6.30 6.22 6.11 6.11 6.36 6.74 7.16 7.50 7.65 7.62 7.53 7.42 7.20 6.94 6.72 6.56 6.41 6.26 6.08 5.85 5.73 5.80 5.91 5.98 6.00 5.99 6.10 6.36 6.45 6.15 5.53 5.02 4.92 5.02 5.16 5.28 5.32 5.34 5.45 5.71 5.96 6.10 6.20 6.22 5.98 5.74
6.45 6.47 6.58 6.82 6.93 6.76 6.44 6.24 6.17 6.13 6.09 6.13 6.33 6.69 7.06 7.35 7.52 7.49 7.28 6.87 6.36 5.89 5.66 5.66 5.78 5.84 5.84 5.93 6.08 6.16 6.09 6.03 6.12 6.29 6.34 6.20 6.08 6.09 6.15 6.18 6.20 6.34 6.66 7.00 7.26 7.36 7.24 6.99 6.82 6.75 6.68 6.63 6.63 6.61 6.53 6.42 6.28 6.11 5.89 5.87 6.01 6.12 6.17 6.24 6.39 6.49 6.25 5.64 5.01 4.77 4.82 5.01 5.19 5.37 5.57 5.60 5.49 5.49 5.77 6.20 6.52 6.64 6.61 6.78
6.63 6.78 7.07 7.27 7.24 6.98 6.61 6.34 6.26 6.29 6.34 6.42 6.61 6.87 7.02 7.01 6.88 6.67 6.31 5.78 5.27 5.02 5.10 5.45 5.77 5.96 6.11 6.28 6.46 6.56 6.60 6.62 6.67 6.68 6.60 6.43 6.25 6.21 6.25 6.39 6.63 6.94 7.16 7.21 7.14 6.89 6.48 6.13 5.99 6.11 6.33 6.59 6.74 6.71 6.59 6.50 6.44 6.38 6.21 6.12 6.15 6.25 6.36 6.44 6.48 6.32 5.85 5.26 4.96 4.96 5.11 5.28 5.40 5.50 5.64 5.78 5.83 5.75 5.77 6.16 6.80 7.33 7.68 7.95
6.70 6.84 7.05 7.13 7.09 7.02 6.86 6.61 6.47 6.47 6.47 6.47 6.51 6.55 6.48 6.41 6.32 6.02 5.53 5.09 4.91 5.01 5.35 5.74 5.97 6.11 6.26 6.41 6.56 6.73 6.95 7.14 7.22 7.16 7.06 6.96 6.80 6.65 6.51 6.62 6.92 7.17 7.19 7.05 6.80 6.38 5.89 5.58 5.60 5.93 6.41 6.75 6.83 6.73 6.63 6.58 6.55 6.52 6.41 6.27 6.24 6.34 6.45 6.48 6.40 6.09 5.54 5.13 5.08 5.22 5.38 5.49 5.59 5.67 5.65 5.69 5.93 6.24 6.50 6.86 7.43 7.79 7.86 7.75
6.83 7.01 7.25 7.32 7.27 7.17 7.11 7.05 6.93 6.77 6.57 6.37 6.21 6.09 6.10 6.18 6.11 5.76 5.42 5.38 5.61 5.87 6.08 6.22 6.27 6.30 6.38 6.47 6.60 6.76 6.95 7.13 7.23 7.25 7.28 7.37 7.38 7.25 6.97 6.83 6.91 6.92 6.87 6.80 6.52 6.08 5.71 5.55 5.67 6.09 6.61 6.91 6.95 6.86 6.78 6.70 6.62 6.53 6.38 6.25 6.22 6.27 6.33 6.34 6.26 5.99 5.58 5.35 5.37 5.51 5.62 5.64 5.64 5.70 5.77 5.87 6.09 6.53 7.14 7.68 7.92 7.67 7.12 6.73
7.10 7.33 7.66 7.68 7.52 7.24 7.16 7.22 7.18 6.89 6.52 6.23 6.04 5.99 6.08 6.10 5.91 5.74 5.82 6.15 6.43 6.53 6.55 6.56 6.53 6.51 6.54 6.59 6.67 6.81 6.92 6.96 6.94 7.04 7.33 7.68 7.91 7.91 7.68 7.25 6.96 6.78 6.74 6.60 6.23 5.88 5.74 5.78 6.00 6.46 6.88 7.07 7.12 7.06 6.94 6.79 6.64 6.48 6.30 6.23 6.21 6.53 6.19 6.19 6.15 5.98 5.80 5.78 5.85 5.90 5.91 5.86 5.77 5.72 5.88 6.22 6.61 7.09 7.77 8.22 8.05 7.33 6.50 6.00
7.26 7.37 7.52 7.53 7.43 7.18 7.02 6.95 6.87 6.63 6.35 6.17 6.13 6.18 6.15 5.91 5.73 5.87 6.22 6.46 6.53 6.55 6.61 6.69 6.69 6.63 6.58 6.57 6.62 6.78 6.93 6.95 6.92 7.04 7.34 7.65 7.89 8.03 8.04 7.77 7.21 6.75 6.42 6.07 5.74 5.66 5.79 5.98 6.30 6.78 7.10 7.15 7.14 7.10 7.00 6.84 6.65 6.47 6.30 6.28 6.33 6.34 6.28 6.22 6.18 6.10 6.05 6.12 6.22 6.26 6.22 6.19 6.14 6.11 6.20 6.55 7.21 8.03 8.63 8.64 8.09 7.31 6.54 5.95
7.13 6.94 6.66 6.64 6.73 6.74 6.63 6.53 6.50 6.46 6.45 6.51 6.64 6.66 6.37 5.94 5.77 5.92 6.09 6.14 6.25 6.44 6.65 6.76 6.72 6.58 6.45 6.39 6.45 6.62 6.78 6.91 6.99 7.07 7.11 7.11 7.15 7.31 7.49 7.46 7.00 6.40 5.86 5.48 5.39 5.56 5.80 6.03 6.49 7.03 7.18 7.02 6.92 6.95 6.96 6.86 6.67 6.48 6.33 6.36 6.49 6.52 6.45 6.34 6.24 6.18 6.21 6.31 6.42 6.51 6.62 6.76 6.86 6.97 7.10 7.41 8.00 8.69 8.96 8.60 8.01 7.55 7.07 6.49
6.78 6.37 5.69 5.38 5.43 5.66 5.92 6.19 6.45 6.71 6.99 7.26 7.40 7.22 6.71 6.18 5.89 5.75 5.63 5.69 6.00 6.41 6.69 6.77 6.70 6.57 6.42 6.31 6.26 6.34 6.42 6.50 6.58 6.63 6.51 6.32 6.22 6.21 6.25 6.26 6.14 5.86 5.55 5.36 5.44 5.67 5.86 6.18 6.81 7.25 7.12 6.79 6.67 6.75 6.83 6.82 6.69 6.56 6.46 6.55 6.66 6.66 6.59 6.46 6.30 6.22 6.30 6.46 6.60 6.76 7.04 7.43 7.83 8.22 8.54 8.77 8.99 9.08 8.78 8.21 7.92 7.92 7.88 7.64
6.34 5.84 5.05 4.75 4.74 4.97 5.45 5.97 6.41 6.85 7.24 7.48 7.42 7.08 6.63 6.23 5.93 5.69 5.61 5.80 6.14 6.47 6.68 6.74 6.70 6.65 6.58 6.46 6.28 6.19 6.14 6.04 5.97 5.95 5.85 5.65 5.44 5.31 5.22 5.28 5.43 5.54 5.57 5.67 5.92 6.18 6.42 6.87 7.37 7.40 7.01 6.69 6.61 6.64 6.71 6.77 6.80 6.87 6.99 7.09 7.02 6.84 6.68 6.56 6.46 6.40 6.45 6.60 6.79 7.04 7.48 8.04 8.65 9.15 9.45 9.49 9.34 9.00 8.45 8.05 8.09 8.33 8.56 8.70
6.02 5.61 5.08 5.03 5.18 5.44 5.77 6.04 6.28 6.57 6.88 6.97 6.75 6.40 6.17 6.05 5.94 5.86 5.94 6.22 6.49 6.70 6.79 6.77 6.71 6.70 6.75 6.77 6.69 6.45 6.23 6.00 5.83 5.68 5.47 5.17 4.89 4.73 4.75 4.96 5.24 5.53 5.85 6.26 6.62 6.92 7.27 7.60 7.69 7.37 6.90 6.66 6.62 6.60 6.63 6.76 6.96 7.23 7.46 7.46 7.17 6.81 6.62 6.59 6.63 6.65 6.63 6.72 6.95 7.34 7.88 8.41 8.82 9.01 9.05 8.93 8.67 8.33 8.03 7.97 8.12 8.30 8.58 8.95
6.19 6.07 6.08 6.31 6.49 6.55 6.45 6.33 6.33 6.39 6.43 6.36 6.13 5.90 5.84 5.90 5.96 6.03 6.22 6.51 6.75 6.95 6.96 6.84 6.70 6.68 6.78 6.92 6.97 6.85 6.53 6.20 5.90 5.57 5.20 4.86 4.62 4.54 4.68 4.98 5.34 5.80 6.35 6.83 7.13 7.34 7.54 7.63 7.48 7.07 6.68 6.52 6.46 6.41 6.45 6.63 6.90 7.12 7.17 6.94 6.62 6.45 6.44 6.53 6.63 6.68 6.70 6.77 6.97 7.38 7.88 8.16 8.15 7.95 7.73 7.58 7.50 7.50 7.57 7.66 7.68 7.71 7.99 8.40
6.64 6.82 7.23 7.60 7.74 7.57 7.14 6.88 6.77 6.59 6.29 5.95 5.75 5.70 5.78 5.92 6.06 6.22 6.49 6.80 7.02 7.13 7.01 6.77 6.61 6.60 6.70 6.84 6.91 6.88 6.67 6.32 5.92 5.49 5.08 4.81 4.71 4.73 4.87 5.19 5.73 6.43 7.02 7.31 7.37 7.34 7.32 7.26 7.06 6.71 6.41 6.23 6.11 6.11 6.23 6.41 6.57 6.60 6.42 6.13 6.03 6.12 6.30 6.46 6.50 6.51 6.59 6.72 6.88 7.12 7.37 7.32 7.03 6.74 6.54 6.51 6.72 7.04 7.26 7.32 7.27 7.27 7.41 7.57
6.84 7.09 7.50 7.77 7.88 7.87 7.78 7.60 7.30 6.85 6.34 5.92 5.71 5.75 5.93 6.13 6.32 6.56 6.85 7.05 7.09 7.00 6.74 6.51 6.43 6.48 6.57 6.63 6.63 6.62 6.53 6.29 5.97 5.60 5.25 5.04 4.99 5.05 5.25 5.73 6.52 7.21 7.51 7.48 7.30 7.12 7.04 7.00 6.82 6.50 6.20 5.98 5.87 5.99 6.13 6.21 6.16 5.98 5.75 5.63 5.71 5.94 6.18 6.32 6.31 6.29 6.41 6.63 6.84 6.98 6.94 6.66 6.41 6.29 6.27 6.43 6.83 7.19 7.32 7.29 7.28 7.29 7.23 7.18
6.83 7.00 7.24 7.30 7.29 7.32 7.52 7.53 7.28 6.85 6.45 6.15 5.99 6.02 6.20 6.43 6.67 6.91 7.06 7.00 6.78 6.51 6.32 6.27 6.32 6.41 6.42 6.33 6.31 6.36 6.35 6.23 6.06 5.81 5.57 5.44 5.42 5.54 5.92 6.62 7.27 7.47 7.30 7.04 6.88 6.83 6.87 6.91 6.74 6.39 6.09 5.93 5.95 6.06 6.12 6.09 5.88 5.52 5.25 5.25 5.47 5.80 6.04 6.12 6.12 6.18 6.35 6.59 6.82 6.93 6.85 6.67 6.55 6.47 6.51 6.85 7.35 7.65 7.69 7.59 7.52 7.42 7.29 7.29
6.84 6.97 7.13 7.10 6.90 6.62 6.56 6.62 6.64 6.59 6.45 6.30 6.23 6.26 6.40 6.61 6.83 6.94 6.85 6.57 6.27 6.05 6.02 6.20 6.41 6.51 6.46 6.36 6.39 6.43 6.38 6.28 6.12 5.94 5.85 5.87 6.00 6.28 6.73 7.16 7.26 6.99 6.66 6.49 6.53 6.68 6.85 6.88 6.65 6.29 6.03 5.98 6.00 6.07 6.11 6.09 5.99 5.77 5.51 5.43 5.59 5.81 5.95 6.03 6.10 6.23 6.40 6.58 6.68 6.69 6.72 6.79 6.71 6.57 6.65 7.19 7.82 8.05 7.98 7.82 7.64 7.47 7.37 7.47
6.89 6.94 6.93 6.75 6.49 6.11 5.81 5.73 5.87 6.07 6.18 6.23 6.26 6.30 6.39 6.51 6.58 6.47 6.17 5.87 5.67 5.61 5.82 6.26 6.62 6.74 6.75 6.76 6.79 6.70 6.53 6.33 6.12 5.99 6.01 6.15 6.39 6.71 6.92 6.93 6.70 6.44 6.32 6.39 6.54 6.69 6.81 6.79 6.53 6.19 5.98 5.87 5.82 5.94 6.13 6.25 6.34 6.37 6.26 6.18 6.15 6.06 6.02 6.08 6.18 6.30 6.47 6.60 6.62 6.62 6.73 6.85 6.78 6.74 7.09 7.84 8.35 8.28 7.93 7.68 7.51 7.42 7.43 7.45
6.89 6.71 6.22 5.66 5.36 5.26 5.27 5.36 5.47 5.64 5.88 6.10 6.21 6.26 6.32 6.32 6.17 5.89 5.64 5.53 5.53 5.67 6.06 6.58 6.85 6.88 6.89 6.94 6.87 6.66 6.49 6.32 6.15 6.07 6.12 6.26 6.43 6.59 6.63 6.56 6.43 6.31 6.37 6.55 6.67 6.69 6.65 6.55 6.34 6.09 5.84 5.65 5.70 5.99 6.27 6.40 6.54 6.71 6.84 6.87 6.73 6.41 6.21 6.21 6.29 6.40 6.57 6.74 6.88 7.04 7.11 7.03 7.03 7.36 8.03 8.57 8.61 8.15 7.66 7.43 7.37 7.41 7.43 7.26
6.66 6.27 5.58 4.96 4.61 4.76 5.12 5.40 5.56 5.74 5.98 6.14 6.19 6.24 6.30 6.25 6.10 6.00 6.08 6.21 6.29 6.44 6.71 6.90 6.89 6.74 6.68 6.62 6.37 6.14 6.14 6.17 6.15 6.16 6.24 6.35 6.46 6.58 6.68 6.74 6.61 6.44 6.45 6.59 6.61 6.53 6.43 6.28 6.06 5.78 5.52 5.51 5.80 6.20 6.42 6.48 6.57 6.77 6.99 7.09 7.01 6.79 6.58 6.54 6.56 6.59 6.68 6.86 7.08 7.20 7.13 7.04 7.30 7.97 8.58 8.60 8.16 7.60 7.27 7.20 7.27 7.35 7.28 7.03
6.42 6.09 5.71 5.53 5.41 5.43 5.55 5.62 5.69 5.89 6.09 6.16 6.17 6.25 6.34 6.38 6.45 6.63 6.81 6.80 6.67 6.65 6.78 6.84 6.71 6.46 6.23 5.97 5.63 5.50 5.62 5.80 6.03 6.23 6.39 6.51 6.68 6.91 7.10 7.11 6.88 6.56 6.41 6.38 6.34 6.28 6.23 6.10 5.80 5.42 5.31 5.58 6.04 6.35 6.43 6.45 6.54 6.72 6.88 6.98 7.06 7.10 7.05 6.93 6.79 6.68 6.68 6.76 6.82 6.78 6.75 7.03 7.66 8.29 8.40 7.89 7.24 6.88 6.74 6.75 6.85 6.90 6.78 6.63
6.40 6.27 6.14 6.15 6.14 6.14 6.05 5.94 5.92 5.98 6.00 6.01 6.12 6.30 6.47 6.63 6.83 6.94 6.80 6.50 6.30 6.32 6.54 6.72 6.61 6.23 5.76 5.37 5.18 5.24 5.39 5.61 5.97 6.32 6.56 6.75 6.97 7.18 7.25 7.13 6.88 6.59 6.33 6.13 6.03 6.07 6.15 6.00 5.62 5.36 5.44 5.82 6.19 6.34 6.33 6.32 6.42 6.58 6.70 6.80 6.94 7.07 7.09 6.93 6.71 6.58 6.54 6.53 6.51 6.52 6.76 7.37 7.96 8.04 7.63 6.99 6.56 6.41 6.34 6.25 6.25 6.32 6.22 6.01
6.49 6.45 6.38 6.36 6.34 6.40 6.56 6.65 6.62 6.37 6.06 5.95 6.11 6.37 6.62 6.83 6.97 6.89 6.65 6.53 6.64 6.84 7.01 7.03 6.74 6.21 5.68 5.41 5.41 5.57 5.69 5.81 6.05 6.36 6.67 6.92 7.07 7.08 6.96 6.79 6.66 6.54 6.33 6.08 5.97 6.05 6.10 5.91 5.62 5.55 5.73 6.04 6.24 6.26 6.21 6.18 6.23 6.32 6.43 6.57 6.72 6.83 6.83 6.68 6.46 6.34 6.35 6.42 6.51 6.71 7.11 7.53 7.53 7.12 6.70 6.42 6.29 6.26 6.22 6.10 6.03 6.06 5.97 5.72
6.43 6.38 6.38 6.60 6.85 7.04 7.16 7.07 6.71 6.23 5.88 5.92 6.18 6.43 6.64 6.81 6.88 6.89 7.06 7.44 7.80 7.93 7.83 7.55 7.04 6.50 6.15 6.07 6.15 6.24 6.22 6.15 6.18 6.35 6.56 6.68 6.68 6.66 6.60 6.53 6.52 6.53 6.45 6.32 6.24 6.18 6.03 5.84 5.71 5.73 5.94 6.22 6.33 6.28 6.19 6.13 6.10 6.09 6.19 6.40 6.57 6.62 6.56 6.38 6.13 6.05 6.20 6.42 6.62 6.84 7.06 7.02 6.61 6.31 6.25 6.23 6.20 6.22 6.22 6.12 6.00 5.92 5.79 5.61
