project/data/elevation/US_DEM2016/US_DEM2016_point_10-30-2019_1841_30m_vel.asc
ncols	125
nrows	167
xllcorner	-2042055.000000
yllcorner	1465035.000000
cellsize	30.000000
NODATA_value	-9999.000000
[rows 74 to 110 of 167, columns 0 to 83 of 125]
8.25 8.08 7.99 8.17 8.42 8.55 8.59 8.94 9.81 10.84 11.58 11.88 11.78 11.35 10.78 10.53 10.95 11.81 12.47 12.78 12.87 12.48 11.55 10.59 9.96 9.82 10.08 10.46 10.52 10.22 9.78 9.44 9.08 8.80 8.51 8.30 8.22 8.00 7.75 7.74 7.98 8.17 8.25 8.42 8.59 8.58 8.53 8.44 8.06 7.67 7.52 7.75 8.15 8.31 8.17 8.11 8.22 8.50 8.92 9.39 9.85 10.17 10.05 9.52 8.58 7.57 7.04 7.38 7.73 7.44 6.80 6.48 6.47 6.67 7.22 8.04 9.07 10.41 12.04 13.37 14.14 14.39 14.12 13.52
8.34 8.24 8.26 8.47 8.68 8.80 8.93 9.44 10.49 11.24 11.56 11.66 11.76 11.83 11.77 11.83 12.14 12.40 12.29 12.06 11.91 11.53 10.81 10.08 9.58 9.28 9.25 9.64 10.03 10.05 9.70 9.18 8.38 7.83 7.65 7.75 7.87 7.81 7.69 7.63 7.60 7.70 7.87 8.06 8.14 7.81 7.27 6.68 6.47 6.34 6.33 6.60 7.10 7.48 7.61 7.75 7.94 8.05 8.20 8.49 8.87 9.03 8.61 7.63 6.61 5.99 5.90 6.53 7.46 7.79 7.45 7.20 7.34 7.80 8.63 9.67 10.88 12.20 13.02 13.11 12.18 10.71 9.65 9.28
8.46 8.46 8.62 8.84 9.06 9.41 9.98 10.54 10.70 10.36 9.89 9.71 10.08 10.84 11.47 12.01 12.29 12.12 11.53 10.97 10.67 10.40 10.08 9.78 9.53 9.20 8.83 8.93 9.41 9.81 9.83 9.46 8.65 8.00 7.88 7.98 7.98 7.72 7.32 6.99 6.88 7.11 7.53 7.70 7.77 7.66 7.42 7.03 6.78 6.77 6.78 6.73 6.70 6.90 7.30 7.68 7.92 7.94 7.99 8.11 8.12 7.76 7.05 6.45 6.14 6.05 6.30 6.82 7.72 8.49 8.75 8.92 9.54 10.45 11.42 12.49 13.50 13.96 13.55 12.37 10.41 7.82 6.49 6.14
8.51 8.52 8.75 8.95 9.20 9.77 10.15 10.05 9.37 8.41 7.88 8.15 8.98 10.06 10.96 11.52 11.61 11.21 10.58 10.02 9.69 9.56 9.49 9.47 9.41 9.20 8.77 8.66 8.93 9.52 10.02 10.14 9.77 9.42 9.17 8.88 8.43 7.81 7.29 7.09 7.20 7.40 7.47 7.34 7.33 7.28 7.16 6.90 6.59 6.44 6.38 6.35 6.34 6.67 7.24 7.76 8.09 8.23 8.31 8.24 7.79 7.07 6.63 6.70 7.07 7.48 7.77 8.17 9.00 10.19 10.91 11.59 12.58 13.57 14.31 14.83 14.90 14.39 13.33 12.23 10.90 8.87 7.21 6.20
8.36 8.17 8.30 8.53 8.68 8.95 8.90 8.44 8.06 7.71 7.88 8.44 9.37 10.41 11.10 11.34 11.12 10.61 10.05 9.54 9.17 9.00 8.97 8.99 8.95 8.79 8.45 8.31 8.42 8.85 9.58 10.17 10.33 10.13 9.78 9.29 8.65 7.95 7.56 7.38 7.23 6.97 6.72 6.57 6.53 6.34 5.86 5.40 5.21 5.17 5.31 5.65 6.22 6.90 7.52 7.97 8.32 8.43 8.30 7.90 7.34 6.90 6.91 7.47 8.34 8.94 9.50 10.33 11.47 12.23 12.80 13.36 14.07 14.70 14.81 14.60 13.93 12.75 11.99 11.83 11.80 11.12 9.82 8.42
8.11 7.69 7.71 8.02 8.05 8.02 8.01 8.14 8.43 8.83 9.28 9.87 10.71 11.41 11.61 11.33 10.80 10.21 9.71 9.25 8.84 8.59 8.47 8.46 8.41 8.19 7.80 7.55 7.39 7.59 8.07 8.97 9.55 9.63 9.38 9.00 8.52 7.90 7.44 6.97 6.49 6.07 5.92 6.12 6.22 5.97 5.35 4.95 5.09 5.52 6.08 6.78 7.50 7.95 8.12 8.11 7.98 7.66 7.10 6.52 6.34 6.57 7.08 8.02 9.12 10.18 11.35 12.32 12.74 12.93 12.95 13.01 13.29 13.27 12.95 12.40 11.54 10.63 10.25 10.63 11.38 11.79 11.48 10.55
7.86 7.50 7.59 8.12 8.30 8.29 8.45 8.89 9.50 9.96 10.48 11.16 11.82 11.93 11.57 10.85 10.07 9.46 9.03 8.66 8.33 8.13 8.01 7.96 7.94 7.78 7.25 6.50 5.84 5.79 6.00 6.76 7.72 8.40 8.61 8.54 8.42 8.06 7.70 7.27 6.93 6.77 6.84 7.15 7.28 7.10 6.58 6.31 6.55 7.16 7.82 8.32 8.56 8.56 8.25 7.96 7.54 7.07 6.63 6.38 6.50 6.96 7.67 8.76 9.96 11.22 12.16 12.38 12.12 11.80 11.52 11.30 11.06 10.58 10.25 10.15 10.00 9.67 9.29 9.11 9.65 10.73 11.38 11.29
7.77 7.63 7.87 8.51 8.88 9.00 9.14 9.51 10.04 10.59 11.22 11.75 11.88 11.46 10.68 9.84 9.07 8.37 7.94 7.63 7.44 7.44 7.53 7.55 7.64 7.62 7.08 5.75 4.68 4.28 4.20 4.55 5.45 6.69 7.56 8.10 8.28 8.54 8.60 8.60 8.67 8.79 8.97 9.02 9.02 8.88 8.50 8.23 8.33 8.42 8.41 8.30 8.19 8.08 8.04 8.01 8.05 8.25 8.45 8.49 8.55 8.76 9.20 10.01 10.85 11.45 11.38 10.69 10.29 10.26 10.17 9.95 9.66 9.15 8.99 9.09 9.32 9.47 9.26 8.67 8.49 9.02 10.15 10.89
8.09 8.08 8.21 8.44 8.73 9.05 9.39 9.83 10.36 10.92 11.41 11.51 11.07 10.27 9.45 8.82 8.27 7.69 7.16 6.84 6.72 6.71 6.76 6.99 7.29 7.54 7.34 6.26 4.69 3.99 3.78 3.96 4.46 5.23 6.41 7.51 8.03 8.59 8.96 9.34 9.72 10.00 10.09 9.95 9.87 9.86 9.68 9.37 9.11 8.67 8.20 8.05 8.19 8.36 8.37 8.40 8.70 9.10 9.48 9.78 9.99 10.20 10.50 10.82 11.07 10.83 10.07 9.51 9.44 9.65 9.62 9.34 8.97 8.60 8.50 8.58 8.83 9.16 9.25 8.97 8.41 8.16 8.62 9.75
8.44 8.52 8.50 8.35 8.45 8.89 9.43 10.01 10.54 10.91 11.02 10.69 10.00 9.25 8.64 8.17 7.77 7.38 6.92 6.51 6.21 6.06 6.02 6.25 6.78 7.36 7.71 7.44 6.41 5.66 5.44 5.50 5.42 5.50 6.17 7.15 7.65 8.20 8.74 9.30 9.67 9.75 9.67 9.49 9.52 9.74 9.81 9.60 9.30 8.98 8.92 9.05 9.11 9.02 8.74 8.67 8.88 8.92 9.22 9.73 10.25 10.59 10.80 10.74 10.43 9.86 9.43 9.48 9.65 9.64 9.35 8.84 8.19 7.65 7.33 7.46 7.79 8.16 8.47 8.64 8.38 7.80 7.48 8.27
8.43 8.54 8.65 8.64 8.77 9.13 9.61 10.13 10.48 10.55 10.29 9.72 9.06 8.51 8.07 7.65 7.28 7.00 6.69 6.22 5.79 5.60 5.62 5.92 6.59 7.43 8.21 8.73 8.97 8.89 8.59 8.04 7.43 6.98 6.87 7.30 7.93 8.56 9.11 9.31 9.12 8.84 8.76 8.92 9.12 9.48 9.78 9.96 10.14 10.27 10.14 9.89 9.50 9.14 8.82 8.78 8.86 9.04 9.44 9.85 10.25 10.45 10.43 10.13 9.60 9.19 9.17 9.48 9.55 9.35 8.94 8.35 7.43 6.43 5.68 5.58 5.90 6.36 6.89 7.37 7.63 7.40 6.82 6.97
8.32 8.43 8.70 9.00 9.30 9.60 9.86 10.05 10.12 9.96 9.54 8.95 8.38 7.94 7.56 7.15 6.73 6.40 6.08 5.71 5.53 5.66 6.01 6.56 7.31 8.05 8.81 9.55 10.26 10.64 10.58 10.02 9.16 8.43 8.12 8.24 8.86 9.46 9.40 8.93 8.37 8.22 8.51 8.87 9.07 9.43 9.97 10.46 10.93 11.19 10.94 10.33 9.74 9.33 8.95 8.90 9.12 9.37 9.56 9.63 9.66 9.65 9.57 9.40 9.01 8.77 8.72 8.85 8.76 8.64 8.55 8.37 7.73 6.56 5.35 4.79 4.48 4.42 4.71 5.24 5.96 6.42 6.24 6.16
8.38 8.56 8.91 9.29 9.60 9.73 9.67 9.53 9.49 9.35 8.97 8.46 7.93 7.49 7.09 6.66 6.20 5.83 5.72 5.48 5.63 6.12 6.76 7.42 8.08 8.64 9.08 9.52 9.97 10.33 10.52 10.55 10.18 9.46 8.97 8.90 9.15 9.19 8.63 8.05 7.81 7.92 8.11 8.31 8.48 8.90 9.51 9.99 10.44 10.80 10.89 10.66 10.30 9.85 9.29 9.05 9.43 8.93 8.93 8.75 8.60 8.55 8.67 8.77 8.65 8.44 8.24 8.09 7.98 8.06 8.30 8.71 8.90 8.54 7.32 6.02 4.95 4.20 3.77 4.20 4.22 4.82 5.11 5.13
8.50 8.69 8.97 9.17 9.20 9.06 8.91 8.93 9.05 9.01 8.63 8.14 7.62 7.10 6.54 6.08 5.92 5.97 6.15 6.25 6.35 6.59 7.03 7.63 8.22 8.62 8.82 8.96 9.04 9.03 9.34 9.96 10.40 10.31 9.84 9.25 9.38 8.03 7.60 7.56 7.53 7.40 7.24 7.28 7.65 8.04 8.39 8.53 8.74 9.04 9.29 9.55 9.71 9.71 9.47 9.11 8.76 8.40 8.23 8.21 8.18 8.30 8.50 8.60 8.52 8.31 8.11 7.93 7.77 7.91 8.28 8.86 9.54 10.10 10.13 9.16 7.96 6.82 5.91 5.25 4.82 4.66 4.70 4.86
8.51 8.63 8.73 8.69 8.52 8.41 8.59 9.02 9.23 8.98 8.40 7.79 7.23 6.64 6.14 7.02 6.40 7.07 7.41 7.50 7.37 7.25 7.37 7.68 7.95 8.08 8.11 8.23 8.42 8.41 8.56 9.09 9.87 10.36 10.33 9.62 8.50 7.70 7.36 7.46 7.37 7.17 7.10 7.23 7.44 7.46 7.33 6.95 6.62 6.44 6.61 6.91 7.35 7.92 8.27 8.44 8.43 8.37 8.39 8.50 8.63 8.71 8.66 8.50 8.37 8.22 8.10 8.01 7.89 8.04 8.38 8.66 9.27 10.22 11.06 11.32 11.02 10.41 9.68 8.81 7.82 7.08 6.95 6.76
8.48 8.56 8.62 8.58 8.52 8.72 9.15 9.44 9.28 8.71 7.90 7.10 6.43 5.95 5.86 6.15 6.76 7.34 7.72 7.96 8.01 7.93 7.85 7.70 7.44 7.16 7.08 7.38 7.92 8.33 8.46 8.54 8.83 9.44 9.86 9.71 8.83 8.13 7.69 7.65 7.66 7.76 7.82 7.80 7.66 7.36 6.92 6.20 5.39 5.03 5.00 5.16 5.49 6.21 7.07 7.79 8.24 8.50 8.67 8.84 8.92 8.71 8.38 8.10 8.00 7.95 7.89 7.94 7.95 8.05 8.18 8.23 8.48 9.12 9.97 10.85 11.38 11.57 11.55 11.33 10.87 10.32 9.83 9.34
8.47 8.53 8.66 8.81 9.00 9.33 9.55 9.35 8.72 7.84 6.91 5.93 5.19 4.94 6.39 5.19 5.48 5.91 6.62 7.24 7.73 7.95 7.80 7.30 6.71 6.34 6.34 6.66 7.05 7.39 7.63 7.67 7.75 8.24 9.01 9.45 9.08 8.56 8.18 8.19 8.28 8.39 8.41 8.41 8.28 8.02 7.68 7.17 6.51 6.01 5.90 6.21 6.86 7.58 8.14 8.41 8.53 8.62 8.64 8.62 8.47 8.13 7.84 7.68 7.61 7.53 7.44 7.59 7.70 7.70 7.66 7.63 7.51 7.47 7.82 8.46 9.34 10.07 10.72 11.23 11.43 11.35 11.17 10.87
8.47 8.53 8.69 8.95 9.27 9.49 9.30 8.64 7.67 6.62 5.72 5.04 4.69 4.54 4.35 4.10 4.09 4.46 5.08 5.83 6.49 6.96 7.00 6.78 6.59 6.51 6.45 6.34 6.14 5.99 6.11 6.35 6.65 7.17 8.07 8.88 9.00 8.62 8.36 8.50 8.59 8.68 8.83 9.16 9.26 9.23 9.13 8.98 8.89 8.74 8.49 8.76 9.28 9.60 9.54 9.08 8.68 8.47 8.23 7.93 7.66 7.46 7.32 7.29 7.23 7.06 6.95 7.14 7.23 7.18 7.11 7.01 6.70 6.30 6.20 6.45 7.00 7.63 8.31 9.05 9.74 10.14 10.26 10.43
8.48 8.56 8.77 9.07 9.30 9.15 8.51 7.52 6.50 5.67 5.17 5.00 5.01 5.04 4.92 4.62 4.38 4.39 4.63 5.04 5.50 5.91 6.27 6.67 7.04 7.25 7.22 6.94 6.59 6.40 6.37 6.51 6.76 7.02 7.41 8.11 8.55 8.51 8.46 8.65 8.80 9.01 9.36 9.87 10.05 10.11 10.13 10.15 10.28 10.52 10.62 10.49 10.15 9.61 9.05 8.70 8.47 8.19 7.76 7.26 6.87 6.72 6.75 6.84 6.94 6.95 6.97 7.05 6.99 6.87 6.81 6.75 6.50 6.00 5.56 5.33 5.53 5.85 6.12 6.53 7.15 7.79 8.03 8.15
8.51 8.58 8.75 8.94 8.82 8.23 7.26 6.28 5.55 5.18 5.13 5.25 5.45 5.73 5.97 6.07 5.94 5.77 5.81 6.07 6.41 6.72 7.05 7.37 7.56 7.77 8.13 8.45 8.64 8.67 8.58 8.51 8.45 8.24 7.74 7.75 8.20 8.55 8.87 9.14 9.34 9.64 10.00 10.29 10.21 10.14 10.20 10.33 10.53 10.80 10.94 10.78 10.18 9.23 8.59 8.54 8.50 8.17 7.60 7.02 6.60 6.45 6.64 6.94 7.25 7.44 7.52 7.43 7.13 6.94 6.80 6.81 6.67 6.11 5.23 4.39 4.11 4.14 4.18 4.41 4.92 5.64 5.91 5.88
8.51 8.53 8.50 8.27 7.65 6.68 5.68 5.03 4.81 4.89 5.15 5.53 5.91 6.33 6.89 7.51 7.94 8.16 8.38 8.65 8.86 8.93 8.81 8.49 8.14 8.10 8.57 9.12 9.50 9.58 9.48 9.27 8.98 8.57 7.93 7.81 8.20 8.82 9.40 9.74 9.93 10.08 10.15 10.07 9.76 9.60 9.75 10.07 10.39 10.60 10.49 10.40 10.36 10.21 9.79 9.28 8.83 8.38 7.97 7.64 7.44 7.35 7.46 7.66 7.81 7.81 7.71 7.58 7.36 7.30 7.27 7.21 6.96 6.20 4.93 3.66 3.05 2.79 2.78 2.97 3.25 3.68 4.19 4.50
8.49 8.48 8.25 7.64 6.65 5.64 4.94 4.63 4.73 5.08 5.56 6.17 6.81 7.43 8.11 8.93 9.61 10.20 10.59 10.68 10.45 10.00 9.40 8.88 8.53 8.43 8.49 8.38 8.19 8.08 7.88 7.70 7.59 7.50 7.55 7.94 8.50 9.12 9.68 9.93 9.95 9.81 9.52 9.16 8.98 8.91 9.10 9.47 9.88 10.19 10.15 10.08 10.16 10.29 10.17 9.61 8.98 8.51 8.23 8.10 8.12 8.22 8.25 8.29 8.21 7.97 7.63 7.54 7.66 7.99 8.05 7.85 7.56 6.78 5.28 4.02 3.32 2.93 2.74 2.74 2.82 2.94 3.31 3.90
8.50 8.45 8.12 7.54 6.89 6.37 6.04 5.87 5.90 6.16 6.57 7.17 7.92 8.71 9.47 10.13 10.68 11.02 11.02 10.65 9.98 9.23 8.70 8.55 8.72 8.87 8.67 8.04 7.39 7.09 6.99 7.00 7.19 7.31 7.59 8.17 8.78 9.25 9.55 9.62 9.47 9.14 8.69 8.30 8.16 8.17 8.24 8.45 8.73 8.82 8.90 9.01 9.08 9.09 9.02 8.89 8.61 8.29 8.03 7.87 7.95 8.25 8.45 8.56 8.50 8.31 8.03 7.94 8.11 8.40 8.39 8.18 8.23 8.03 6.86 5.60 4.69 4.06 3.81 3.73 3.68 3.65 3.85 4.48
8.41 8.29 7.93 7.79 7.62 7.54 7.51 7.56 7.74 7.87 7.99 8.35 9.03 9.86 10.56 10.91 10.92 10.58 9.92 9.06 8.28 7.82 7.76 8.05 8.56 9.12 9.28 9.15 8.96 8.90 8.92 8.88 8.68 8.38 8.24 8.49 8.83 9.08 9.15 9.06 8.71 8.30 7.95 7.76 7.66 7.65 7.67 7.66 7.43 6.98 6.71 6.87 7.20 7.38 7.52 7.78 7.97 7.98 7.91 7.87 8.00 8.29 8.41 8.36 8.21 8.14 8.13 8.13 8.09 8.07 8.00 7.97 8.60 9.16 8.85 7.68 6.54 5.61 5.56 5.61 5.51 5.40 5.63 6.45
8.23 8.04 7.81 7.99 8.03 8.27 8.56 8.91 9.31 9.58 9.70 9.86 10.28 10.80 10.99 10.80 10.23 9.39 8.50 7.79 7.41 7.31 7.46 7.83 8.35 9.12 9.66 10.16 10.46 10.58 10.54 10.33 9.90 9.33 8.85 8.74 8.79 8.80 8.71 8.41 7.93 7.56 7.48 7.58 7.69 7.83 7.89 7.77 7.21 6.42 5.84 5.62 5.55 5.84 6.45 7.18 7.77 8.04 8.07 8.10 8.25 8.42 8.27 7.99 7.70 7.63 7.67 7.65 7.49 7.45 7.43 7.66 8.70 9.87 10.40 10.08 9.16 8.25 8.30 8.35 8.21 8.09 8.30 8.69
8.17 8.04 7.95 8.13 8.53 9.10 9.72 10.19 10.52 10.75 10.89 10.98 11.02 10.88 10.46 9.76 8.96 8.17 7.57 7.30 7.51 7.86 8.18 8.43 8.76 9.13 9.33 9.53 9.76 9.89 9.90 9.89 9.81 9.56 9.05 8.74 8.62 8.41 8.05 7.70 7.52 7.68 7.90 8.09 8.25 8.44 8.48 8.47 8.29 7.95 7.43 6.84 6.19 6.29 6.90 7.57 8.09 8.39 8.53 8.58 8.57 8.55 8.33 8.09 7.89 7.73 7.56 7.43 7.36 7.45 7.56 7.87 8.76 9.86 10.84 11.38 11.46 11.18 11.05 11.01 10.83 10.53 10.24 9.79
8.26 8.19 8.12 8.30 8.81 9.45 10.01 10.39 10.59 10.72 10.81 10.83 10.62 10.07 9.28 8.46 7.75 7.23 6.92 6.95 7.56 8.21 8.65 8.88 9.00 8.95 8.55 8.14 7.96 7.99 8.18 8.58 9.03 9.25 8.97 8.60 8.27 7.85 7.47 7.45 7.91 8.52 8.76 8.80 8.79 8.82 8.78 8.85 9.01 9.28 9.35 9.12 8.60 8.14 8.06 8.09 8.26 8.57 8.92 9.07 9.04 9.00 8.81 8.66 8.51 8.34 8.18 8.14 8.25 8.24 8.17 8.25 8.60 9.14 10.00 11.07 11.82 12.11 12.12 11.97 11.52 10.96 10.27 9.39
8.25 8.20 8.08 8.16 8.46 8.83 9.04 9.19 9.33 9.50 9.65 9.65 9.37 8.82 8.11 7.41 6.86 6.68 6.75 7.04 7.57 8.03 8.41 8.57 8.49 8.12 7.51 6.97 6.55 6.36 6.59 7.09 7.72 8.21 8.45 8.38 8.10 7.84 7.88 8.34 8.91 9.15 9.13 9.04 8.97 8.87 8.73 8.61 8.74 9.05 9.40 9.67 9.66 9.21 8.46 8.04 8.14 8.52 8.92 9.21 9.39 9.52 9.44 9.30 9.12 8.97 8.88 8.87 8.85 8.60 8.39 8.33 8.33 8.52 9.09 9.90 10.58 11.01 11.21 11.23 10.91 10.30 9.50 8.58
8.22 8.21 8.18 8.17 8.13 7.97 7.84 7.74 7.83 8.10 8.33 8.29 7.95 7.39 6.77 6.35 6.43 6.95 7.70 8.28 8.46 8.51 8.55 8.51 8.19 7.47 6.55 5.90 5.43 5.19 5.25 5.51 5.90 6.50 7.13 7.62 8.00 8.35 8.75 9.06 9.16 9.06 8.89 8.82 8.79 8.69 8.51 8.24 8.02 7.88 7.99 8.39 8.83 8.82 8.27 7.92 8.04 8.42 8.82 9.22 9.61 9.87 9.84 9.71 9.51 9.30 9.07 8.78 8.45 8.02 7.93 8.01 8.09 8.27 8.61 8.88 9.05 9.13 9.37 9.87 10.21 10.17 9.82 9.42
8.45 8.60 8.80 8.66 8.25 7.76 7.37 7.14 7.18 7.37 7.39 7.08 6.50 5.85 5.35 5.48 6.38 7.70 8.73 9.25 9.44 9.40 9.23 9.03 8.76 8.29 7.33 6.25 5.52 5.18 5.01 5.01 5.23 5.64 6.24 7.03 7.84 8.41 8.57 8.47 8.32 8.28 8.29 8.35 8.41 8.39 8.27 7.91 7.35 6.84 6.62 6.69 7.06 7.56 7.71 7.73 7.88 8.23 8.64 9.08 9.52 9.82 9.80 9.68 9.53 9.35 9.07 8.65 8.15 7.69 7.57 7.66 7.82 7.94 8.08 8.33 8.32 8.13 7.95 8.31 9.01 9.68 10.18 10.51
8.77 9.03 9.22 9.00 8.54 8.00 7.57 7.33 7.17 6.84 6.25 5.53 4.89 4.49 4.35 4.61 5.63 7.05 8.14 8.92 9.37 9.55 9.50 9.43 9.44 9.44 9.15 8.37 7.64 7.34 7.20 6.99 6.99 7.09 7.33 7.73 8.11 8.21 8.00 7.75 7.60 7.60 7.82 8.02 8.19 8.24 8.18 7.92 7.39 6.82 6.37 5.87 5.56 5.79 6.32 6.97 7.57 8.06 8.45 8.86 9.23 9.38 9.35 9.26 9.27 9.32 9.30 9.06 8.62 8.05 7.66 7.57 7.59 7.66 7.92 8.24 8.30 8.09 7.51 7.13 7.28 7.85 8.58 9.29
8.69 8.77 8.76 8.60 8.32 7.95 7.58 7.20 6.65 5.81 4.81 4.17 4.01 4.21 4.48 4.74 5.21 5.90 6.71 7.61 8.22 8.62 8.98 9.35 9.62 9.89 10.25 10.46 10.43 10.33 10.15 9.97 9.76 9.41 9.09 8.83 8.53 8.24 7.98 7.78 7.64 7.61 7.87 8.08 8.21 8.26 8.32 8.37 8.17 7.66 6.98 6.02 5.11 4.99 5.62 6.64 7.56 8.14 8.50 8.81 8.95 8.88 8.80 8.89 9.07 9.31 9.54 9.53 9.21 8.53 8.02 7.81 7.72 7.67 7.71 7.87 8.17 8.25 7.81 7.04 6.36 6.02 6.09 6.50
8.31 8.10 7.97 7.99 7.90 7.65 7.30 6.59 5.84 5.17 4.78 4.67 4.93 5.58 6.61 7.44 7.29 6.92 6.79 6.87 7.18 7.70 8.51 9.19 9.46 9.70 10.22 10.83 11.27 11.48 11.40 11.20 10.89 10.38 9.80 9.25 8.74 8.38 8.09 7.86 7.85 8.04 8.26 8.27 8.19 8.14 8.32 8.65 8.72 8.27 7.43 6.48 5.99 6.17 6.81 7.43 7.90 8.24 8.54 8.66 8.49 8.33 8.47 8.80 9.05 9.25 9.49 9.72 9.69 9.29 8.70 8.35 8.02 7.59 7.19 7.19 7.71 8.16 8.10 7.53 6.70 6.09 5.80 5.83
8.12 7.88 7.69 7.74 7.79 7.72 7.39 6.83 6.30 6.11 6.40 6.98 7.68 8.72 9.88 10.66 10.89 10.27 9.24 8.60 8.44 8.71 9.23 9.42 9.37 9.33 9.43 9.64 9.98 10.38 10.58 10.57 10.48 10.22 9.88 9.43 8.97 8.57 8.17 7.91 8.09 8.49 8.66 8.38 8.03 7.87 8.06 8.52 8.89 8.84 8.37 7.93 7.85 8.08 8.19 8.05 7.93 8.08 8.29 8.26 8.08 8.08 8.33 8.61 8.77 8.84 9.01 9.33 9.68 9.78 9.35 8.81 8.25 7.63 7.15 7.04 7.43 7.98 8.21 8.07 7.85 7.80 7.74 7.43
8.21 8.04 7.87 7.92 8.09 8.29 8.39 8.34 8.25 8.40 9.03 9.94 10.95 11.78 12.25 12.44 12.60 12.44 11.99 11.47 11.07 10.78 10.43 9.88 9.46 9.19 8.94 8.71 8.51 8.49 8.68 8.91 9.04 9.15 9.25 9.29 9.16 8.82 8.43 8.24 8.34 8.38 8.22 7.93 7.72 7.73 7.99 8.54 9.26 9.85 10.02 9.86 9.63 9.34 8.77 8.15 7.98 8.12 8.19 8.12 8.06 8.11 8.13 8.13 8.13 8.10 8.15 8.47 8.98 9.37 9.34 8.95 8.45 7.97 7.59 7.42 7.57 7.94 8.26 8.37 8.45 8.60 8.69 8.60
8.39 8.35 8.30 8.34 8.52 8.81 9.17 9.56 10.04 10.62 11.33 12.05 12.53 12.60 12.35 11.96 11.72 11.86 11.99 11.89 11.61 11.20 10.62 9.94 9.45 9.15 8.92 8.77 8.48 8.03 7.68 7.61 7.67 7.86 8.17 8.55 8.80 8.78 8.57 8.27 7.90 7.44 7.11 7.18 7.60 7.97 8.38 8.92 9.66 10.50 11.01 11.05 10.78 10.34 9.70 9.11 8.89 8.76 8.57 8.37 8.20 8.01 7.82 7.73 7.71 7.63 7.56 7.71 8.08 8.54 8.84 8.80 8.51 8.18 7.92 7.76 7.72 7.90 8.17 8.28 8.22 8.16 8.21 8.34
8.56 8.63 8.65 8.67 8.81 9.03 9.37 9.92 10.75 11.55 12.04 12.12 11.80 11.21 10.55 10.01 9.70 9.77 9.89 10.04 10.09 10.00 9.80 9.52 9.30 9.06 8.84 8.83 8.85 8.71 8.43 8.20 8.20 8.24 8.22 8.23 8.34 8.47 8.38 7.96 7.42 7.06 7.10 7.57 8.17 8.58 8.91 9.28 9.74 10.33 10.86 11.12 11.19 11.15 11.01 10.63 10.20 9.68 9.12 8.64 8.24 7.87 7.69 7.63 7.56 7.46 7.38 7.42 7.66 8.04 8.38 8.50 8.36 8.17 8.02 7.88 7.80 7.93 8.16 8.21 8.10 8.03 8.03 8.10
