project/data/elevation/US_DEM2016/US_DEM2016_point_11-01-2019_0816_30m_ang.asc
ncols	125
nrows	167
xllcorner	-2042055.000000
yllcorner	1465035.000000
cellsize	30.000000
NODATA_value	-9999.000000
[rows 0 to 41 of 167, columns 0 to 93 of 125]
315 315 315 317 320 321 321 322 323 324 327 331 333 329 326 328 332 336 336 330 321 317 318 324 329 333 335 335 326 312 300 291 289 289 288 285 283 286 290 292 293 292 293 294 295 296 295 292 294 300 308 317 325 332 334 336 336 333 329 326 325 325 323 319 318 319 321 322 320 317 316 318 319 320 321 322 323 322 320 321 327 331 323 317 321 329 334 334 328 316 309 306 301 295
315 315 315 317 320 321 321 322 323 324 327 331 333 329 326 328 332 336 336 330 321 317 318 324 329 333 335 335 326 312 300 291 289 289 288 285 283 286 290 292 293 292 293 294 295 296 295 292 294 300 308 317 325 332 334 336 336 333 329 326 325 325 323 319 318 319 321 322 320 317 316 318 319 320 321 322 323 322 320 321 327 331 323 317 321 329 334 334 328 316 309 306 301 295
315 313 312 315 319 320 320 320 321 322 323 329 333 330 324 325 330 336 339 334 324 318 317 321 327 332 336 337 326 312 301 294 291 291 291 290 289 289 291 293 293 293 294 295 297 300 302 302 302 304 308 314 322 329 333 335 336 335 331 327 324 323 322 319 317 318 320 321 321 319 318 318 319 319 320 320 321 321 319 318 325 331 326 317 319 327 334 336 331 320 313 311 308 304
318 314 311 314 318 319 318 316 316 315 316 322 331 329 320 318 324 335 344 339 326 318 316 318 323 329 337 339 329 314 305 300 297 298 299 300 299 298 297 298 299 300 302 303 304 307 311 312 311 308 307 310 316 323 328 332 335 335 333 329 325 322 321 318 316 315 316 319 320 320 320 319 319 318 317 316 317 317 315 313 318 328 327 317 315 323 334 340 335 324 318 318 316 314
320 316 312 313 316 317 316 314 313 311 311 316 326 328 316 312 318 332 344 338 325 317 314 316 321 328 337 340 331 319 311 307 305 305 306 307 306 305 306 307 307 308 310 310 310 311 313 314 313 310 307 307 311 317 322 327 328 327 328 327 325 323 321 318 315 312 312 314 315 317 318 318 317 316 315 314 314 313 312 311 315 322 323 315 312 320 334 342 334 323 321 320 318 316
319 316 313 314 315 316 316 315 312 310 308 312 322 325 315 310 314 329 340 334 322 315 313 315 321 329 337 338 331 322 316 312 310 310 310 309 309 309 311 312 311 309 309 310 310 311 313 314 313 310 307 307 310 314 317 319 319 318 320 321 322 320 319 316 313 310 308 308 308 309 311 311 312 311 311 310 309 309 310 311 314 317 317 312 309 315 333 341 331 323 322 322 318 315
317 315 314 315 316 316 316 315 311 308 307 310 318 322 315 311 314 326 336 330 318 312 311 315 324 331 335 334 328 322 318 314 312 312 312 311 311 312 313 314 313 310 308 308 308 308 309 310 308 306 306 307 312 316 318 319 319 319 319 320 319 316 314 312 309 306 304 304 305 306 307 307 307 306 305 305 304 304 306 309 311 313 313 309 306 312 329 337 328 322 323 321 316 312
313 314 314 316 317 317 315 313 308 305 305 308 315 318 314 310 313 323 332 325 313 308 310 317 327 333 332 329 326 321 317 315 314 314 316 316 316 317 317 318 317 314 310 307 305 304 304 304 303 304 305 309 315 321 323 324 323 322 322 320 318 314 310 307 305 302 301 302 305 307 307 305 304 303 302 302 301 301 303 306 309 310 309 307 306 311 325 331 325 322 322 318 313 309
311 312 315 316 317 317 316 311 307 306 305 307 312 314 312 309 310 320 328 320 309 306 309 318 328 331 330 327 325 321 318 316 316 317 320 321 322 322 322 322 320 318 314 312 310 308 307 306 304 304 305 309 317 323 325 325 324 323 321 317 314 311 309 307 304 301 301 303 306 308 308 305 303 302 303 303 303 303 305 307 308 307 307 308 309 314 325 327 322 321 321 316 310 305
308 310 314 316 317 317 316 312 309 310 311 311 312 312 310 307 308 317 324 316 309 308 312 320 326 327 326 325 323 322 320 319 318 318 320 322 324 324 324 324 324 322 319 317 317 316 313 309 306 305 305 308 314 319 321 320 319 318 315 311 309 308 308 309 308 305 304 306 308 310 309 305 304 305 307 308 308 309 310 312 312 311 311 313 316 321 326 325 320 320 319 314 308 307
305 308 313 316 317 317 317 314 313 315 316 316 315 314 312 308 308 317 321 316 311 312 320 327 326 324 323 322 322 322 321 320 318 317 318 320 321 320 321 323 325 323 321 319 320 320 315 309 306 305 306 308 310 313 313 311 308 308 308 307 306 305 307 310 312 310 308 309 311 313 313 308 307 309 311 313 314 314 315 317 317 317 317 318 321 326 328 323 319 319 319 315 314 317
300 304 311 317 319 320 321 320 319 320 320 320 320 319 318 314 313 318 320 316 313 317 326 330 326 324 323 322 321 321 320 318 314 313 313 315 314 314 316 319 321 320 319 318 319 320 315 308 304 304 306 309 311 313 312 308 304 304 304 304 305 305 307 311 314 313 311 310 313 317 317 311 309 311 314 316 316 315 315 314 313 314 315 317 321 327 328 322 318 319 322 323 324 324
299 301 308 316 321 323 323 323 323 324 324 323 323 324 324 322 321 321 319 315 313 318 327 327 325 323 321 320 319 317 314 311 307 304 304 307 308 309 310 312 314 314 314 316 317 317 314 307 303 302 305 308 309 308 307 308 308 307 306 305 305 305 308 311 314 314 311 311 314 318 319 314 311 314 316 316 314 310 306 301 300 302 306 310 315 322 326 324 321 323 326 328 328 327
302 303 307 313 318 320 321 322 324 325 325 325 326 328 328 327 326 324 319 313 311 317 322 321 321 319 316 313 311 308 303 298 294 293 297 301 301 300 301 303 305 307 308 310 312 312 310 306 303 302 305 305 302 300 304 309 313 313 310 307 306 306 308 310 312 314 314 313 315 318 319 315 314 315 316 312 305 300 297 294 294 298 303 307 311 317 324 328 327 325 326 329 329 327
303 305 308 312 313 313 313 313 315 317 318 320 324 327 328 328 330 328 322 314 311 314 316 316 316 313 308 303 300 297 295 292 291 294 297 297 296 296 298 299 301 302 302 304 307 309 308 307 305 304 305 305 304 304 308 312 317 318 312 309 308 307 309 311 313 316 319 319 318 318 317 316 315 315 310 303 300 300 300 298 298 301 306 311 313 317 324 331 330 325 325 327 327 325
302 304 308 310 308 303 298 296 297 299 301 306 313 319 322 325 331 332 327 319 315 315 314 314 312 309 304 300 299 299 300 300 300 301 302 302 302 304 306 306 306 306 306 308 310 311 310 308 306 304 304 308 310 309 311 315 322 321 314 312 312 313 314 314 315 319 323 325 324 321 318 316 315 312 307 304 305 305 305 302 301 303 307 311 315 319 326 333 332 326 324 326 325 321
300 301 304 306 301 292 287 286 289 292 295 299 305 312 317 321 329 334 333 327 322 319 316 314 314 312 309 307 307 307 307 307 305 306 308 309 311 313 314 314 313 314 316 317 317 315 312 310 306 304 306 310 311 311 312 318 326 323 316 315 316 318 320 320 319 321 325 329 330 326 321 318 317 315 311 311 312 312 309 306 304 305 309 313 317 322 328 334 335 329 324 324 324 320
301 301 303 301 295 289 289 292 297 301 304 307 311 316 320 322 327 334 336 332 326 322 318 315 315 315 313 312 312 311 311 312 310 309 311 313 314 317 319 319 318 319 320 320 319 316 313 311 307 305 308 311 312 312 314 321 328 322 317 317 319 321 324 324 322 322 325 329 332 329 325 324 324 321 317 318 321 321 317 312 310 309 312 316 320 325 330 333 335 330 325 324 324 323
303 304 305 302 296 295 298 304 309 312 314 317 320 323 326 328 329 334 335 331 327 324 319 316 315 316 315 314 315 315 314 315 315 315 315 316 317 320 322 322 321 320 320 319 317 314 310 307 304 304 308 311 312 313 317 324 327 321 317 317 319 322 324 325 324 323 323 327 331 330 328 329 330 327 323 325 328 328 325 321 317 314 315 319 323 327 329 331 332 331 328 325 327 329
302 302 303 302 301 301 306 313 317 320 322 323 326 329 332 335 337 338 336 331 329 327 322 318 317 317 316 316 317 318 317 318 319 321 322 321 321 322 323 323 321 320 318 317 314 309 304 302 303 305 309 312 314 315 319 325 324 319 317 317 318 320 322 322 322 321 322 324 329 329 328 328 329 327 326 328 331 331 330 329 325 319 317 320 324 326 327 328 330 333 333 329 329 330
302 301 301 305 305 307 311 316 320 323 325 327 329 333 337 340 344 344 337 333 331 329 324 321 320 319 319 318 319 321 320 320 321 324 325 325 324 322 321 321 320 318 315 312 308 305 304 305 307 309 313 315 316 317 320 324 322 318 316 315 315 315 316 316 315 315 316 319 323 325 323 321 322 323 323 326 329 329 329 331 329 322 318 319 323 326 328 329 332 337 338 332 329 328
314 311 309 311 311 311 313 317 322 324 326 328 331 334 339 344 349 347 339 334 333 330 327 325 323 323 322 321 322 323 322 321 321 323 325 325 322 318 317 317 316 312 309 305 304 307 309 311 312 313 316 318 319 321 322 323 320 317 314 312 310 309 307 304 302 302 302 305 310 314 315 313 312 313 315 318 321 321 322 326 328 323 318 318 322 327 329 331 335 341 342 334 328 326
322 320 317 316 315 314 315 317 321 323 324 327 330 334 340 346 351 347 339 335 332 330 327 326 324 324 323 323 323 324 323 321 320 320 321 320 316 312 311 310 307 303 302 304 308 311 312 312 314 315 317 319 321 323 323 322 319 315 312 308 304 299 294 292 291 289 289 291 297 305 308 307 305 304 305 308 311 312 314 320 323 322 319 318 321 325 327 329 334 340 342 336 328 327
317 319 320 318 316 314 314 316 318 320 322 326 329 334 340 347 349 344 338 333 328 326 324 323 322 321 321 322 322 322 321 319 317 316 315 313 308 305 302 299 297 299 304 309 312 313 312 312 314 315 316 318 321 324 324 321 317 313 309 305 298 291 288 288 288 287 288 292 297 302 304 304 301 300 300 303 307 308 311 316 318 319 320 318 317 319 322 325 330 336 340 336 329 327
310 314 319 317 314 311 311 314 316 319 321 325 329 334 340 346 345 340 335 330 324 320 318 317 317 317 317 319 319 318 317 315 312 309 307 304 299 295 294 296 300 306 310 312 314 314 313 312 312 313 315 318 320 322 323 319 316 313 309 303 297 293 293 294 295 296 298 301 302 301 301 301 299 296 297 301 304 304 307 312 313 315 317 316 313 313 317 323 329 335 339 337 329 326
302 306 313 314 311 308 307 310 313 316 319 323 328 333 339 344 342 337 334 329 324 321 319 317 316 315 314 314 314 313 311 308 304 301 300 297 294 293 298 304 308 311 312 314 315 316 314 312 311 312 314 316 319 322 321 318 316 315 312 307 304 301 300 301 303 305 306 306 304 302 301 301 298 295 295 299 300 299 301 306 310 312 315 316 313 311 313 320 328 333 338 338 330 324
297 300 307 311 310 307 306 308 311 314 317 322 327 332 338 342 340 337 334 330 326 324 322 320 318 314 311 310 309 307 304 301 300 301 302 302 302 303 306 310 312 313 313 314 315 316 315 313 312 311 312 314 318 321 320 318 317 317 316 314 311 308 307 309 311 311 311 310 308 306 306 304 300 296 296 297 297 296 298 303 308 312 314 315 313 309 309 315 324 329 335 337 330 324
296 298 305 309 311 309 307 308 312 316 320 325 330 335 340 343 340 336 333 329 326 324 322 319 316 312 307 305 303 300 298 300 304 308 309 310 311 310 310 312 314 313 312 313 315 316 317 316 314 311 310 312 316 320 320 319 320 319 319 318 316 315 316 318 319 317 315 314 313 312 310 306 302 301 300 299 296 296 299 304 308 311 313 313 311 307 306 310 319 326 332 334 329 323
295 297 303 308 311 310 308 309 312 317 322 327 331 336 341 345 341 335 329 325 322 320 318 315 311 306 301 298 297 297 300 306 311 313 314 314 315 315 314 314 315 314 312 312 314 316 318 319 317 314 310 311 316 320 321 322 323 321 321 320 318 319 322 337 326 324 320 319 318 316 314 310 308 306 305 303 301 301 303 307 310 313 313 313 311 308 306 309 315 323 329 333 329 322
297 298 302 307 311 311 309 309 311 316 321 325 328 333 340 344 341 332 324 319 316 314 312 308 303 297 293 290 293 301 307 311 314 316 317 317 317 318 317 316 315 314 311 311 313 315 318 320 321 318 314 312 316 322 325 328 326 323 322 318 316 319 323 327 330 329 334 323 323 322 322 320 316 312 309 309 308 308 310 312 314 315 314 312 311 309 308 309 313 321 326 331 330 325
299 300 303 308 312 313 311 310 311 315 320 323 325 330 337 343 339 329 321 315 311 307 303 297 291 286 285 289 297 306 310 312 315 316 318 318 318 319 318 316 314 313 311 310 311 313 316 321 323 321 316 313 316 324 331 332 327 323 320 315 313 314 320 326 330 330 328 327 327 328 329 329 325 319 315 315 314 314 315 315 315 314 313 311 309 308 308 308 312 318 324 330 332 329
298 300 304 308 312 314 313 312 313 316 321 325 328 332 338 342 336 326 318 313 307 300 294 289 285 284 290 297 302 304 306 308 311 313 314 315 315 316 315 313 312 311 310 310 311 313 316 321 323 321 317 313 315 324 334 335 328 321 317 311 307 309 316 323 326 326 325 327 328 329 331 334 331 326 323 320 318 317 317 315 314 313 312 308 306 305 306 306 309 314 321 327 332 334
295 296 300 305 310 314 315 314 314 317 321 325 329 334 340 342 334 323 317 313 308 306 294 298 296 297 300 305 306 304 301 301 304 307 308 308 309 311 311 310 309 309 309 311 313 314 316 320 322 321 318 313 313 322 334 338 328 319 312 305 302 304 312 320 324 322 321 324 325 326 329 333 333 328 326 324 321 318 316 315 314 313 309 304 303 304 304 304 305 307 313 320 329 335
294 294 296 301 305 310 313 313 313 315 318 322 327 333 340 343 333 323 320 334 317 313 311 311 309 307 307 308 310 310 307 304 304 305 304 304 306 308 308 308 306 305 306 308 310 309 310 314 318 320 319 313 312 319 334 339 329 318 308 301 297 299 308 317 322 320 318 320 320 319 322 329 328 324 324 326 323 318 316 315 315 311 306 303 304 305 306 306 304 303 304 310 321 330
298 298 298 301 304 307 310 311 312 313 315 319 325 332 340 343 337 328 340 329 323 321 320 319 317 313 311 311 313 315 316 313 311 310 308 306 307 307 307 306 304 302 301 301 300 298 300 305 313 318 319 314 311 317 333 338 330 319 308 299 295 298 306 314 319 318 316 318 317 315 319 326 322 317 320 327 326 321 317 316 316 311 307 308 310 312 313 312 310 307 305 307 316 326
304 304 305 307 309 311 313 314 314 313 314 316 321 330 340 345 342 333 328 328 326 325 324 323 322 318 315 314 314 317 319 319 317 315 312 310 309 308 308 306 303 300 297 296 296 298 301 305 312 319 321 316 311 315 332 338 330 319 309 301 298 299 305 311 315 316 315 316 315 312 317 325 320 314 318 326 327 323 319 320 322 317 314 314 316 318 319 318 316 314 313 314 319 327
304 306 309 312 315 316 318 319 318 315 313 312 316 325 339 347 343 333 336 327 326 326 325 325 324 322 319 316 316 317 320 321 319 318 316 314 313 312 310 309 307 303 299 299 302 306 309 312 316 321 325 320 313 316 331 337 330 320 311 304 301 300 305 309 312 314 315 315 314 311 314 323 319 313 317 324 326 323 321 325 329 325 320 319 321 322 321 317 315 315 317 319 322 328
301 304 310 313 316 317 319 321 322 318 313 310 311 319 334 345 341 331 327 325 324 324 323 323 323 321 319 318 316 317 320 322 321 318 317 315 314 314 312 312 312 312 310 309 311 314 316 317 320 324 327 325 317 317 330 336 328 320 312 307 303 302 306 309 312 314 316 316 315 311 312 321 317 311 314 322 324 321 321 325 330 329 324 321 322 323 319 315 313 315 317 319 322 329
298 300 307 312 315 316 317 320 322 319 314 311 311 316 329 340 335 328 323 321 319 318 317 317 317 316 316 316 316 317 320 322 321 319 316 315 315 315 313 313 316 319 319 317 316 316 317 318 319 322 326 327 321 320 331 335 327 319 312 306 302 302 306 310 312 315 316 316 316 312 312 319 317 310 311 320 324 320 317 319 326 328 323 319 320 320 318 316 318 321 322 323 325 331
294 296 302 307 310 312 313 316 319 319 317 316 317 321 328 332 338 326 329 318 314 311 311 312 313 314 315 316 315 316 319 322 322 320 318 317 317 317 315 314 318 322 324 321 317 315 316 317 317 319 322 325 323 323 333 335 326 318 310 303 298 298 302 306 309 311 312 313 313 311 311 317 318 309 308 317 324 319 313 313 320 324 320 318 320 320 319 320 323 326 329 330 331 336
293 293 298 303 306 309 312 316 319 321 322 323 326 331 332 348 325 324 323 320 315 312 312 314 315 315 315 315 315 315 317 320 321 320 319 319 320 320 318 316 318 323 324 322 316 314 316 319 319 320 322 325 326 326 333 333 324 317 309 300 294 293 296 299 301 303 306 308 310 309 309 315 317 309 307 314 323 319 310 310 318 323 320 320 321 319 319 321 325 328 330 333 336 340
294 294 298 303 308 312 315 319 321 322 324 327 334 340 335 327 324 323 325 326 322 318 317 317 316 314 313 314 314 314 316 317 319 320 319 320 321 321 320 317 318 323 324 321 314 311 314 320 323 324 326 329 330 330 333 330 321 314 308 298 291 289 291 294 297 301 303 305 306 307 308 312 314 309 306 312 322 318 309 308 317 324 321 320 320 318 318 321 324 326 328 331 336 342
