project/data/elevation/US_DEM2016/US_DEM2016_point_10-31-2019_0652_30m_vel.asc
ncols	125
nrows	167
xllcorner	-2042055.000000
yllcorner	1465035.000000
cellsize	30.000000
NODATA_value	-9999.000000
[rows 0 to 37 of 167, columns 0 to 83 of 125]
5.61 5.05 4.56 5.05 6.08 7.35 8.58 9.47 9.83 10.03 10.37 10.97 11.22 10.70 10.22 10.21 10.25 10.05 9.48 8.94 8.64 8.74 9.13 9.57 9.87 9.84 9.47 8.43 7.06 5.72 4.62 3.83 3.32 2.97 2.70 2.65 2.97 3.64 4.38 4.83 5.07 5.23 5.38 5.44 5.26 4.89 4.53 4.59 5.10 5.95 6.81 7.64 8.33 8.98 9.23 9.31 9.12 8.31 7.52 6.95 6.61 6.51 6.69 7.23 7.62 7.74 7.60 7.10 6.22 5.65 5.50 5.65 5.92 6.21 6.44 6.59 6.75 7.13 7.70 8.14 8.46 8.50 7.96 7.71
5.61 5.05 4.56 5.05 6.08 7.35 8.58 9.47 9.83 10.03 10.37 10.97 11.22 10.70 10.22 10.21 10.25 10.05 9.48 8.94 8.64 8.74 9.13 9.57 9.87 9.84 9.47 8.43 7.06 5.72 4.62 3.83 3.32 2.97 2.70 2.65 2.97 3.64 4.38 4.83 5.07 5.23 5.38 5.44 5.26 4.89 4.53 4.59 5.10 5.95 6.81 7.64 8.33 8.98 9.23 9.31 9.12 8.31 7.52 6.95 6.61 6.51 6.69 7.23 7.62 7.74 7.60 7.10 6.22 5.65 5.50 5.65 5.92 6.21 6.44 6.59 6.75 7.13 7.70 8.14 8.46 8.50 7.96 7.71
5.53 5.06 4.76 5.19 5.93 6.95 7.96 8.71 9.10 9.27 9.57 10.08 10.26 10.01 9.64 9.60 9.69 9.65 9.24 8.68 8.48 8.59 8.86 9.08 9.18 9.02 8.41 7.40 6.31 5.30 4.48 3.85 3.42 3.13 2.93 2.89 3.12 3.54 4.02 4.42 4.63 4.80 4.98 5.22 5.42 5.46 5.40 5.40 5.76 6.34 6.96 7.48 7.94 8.31 8.49 8.55 8.52 8.25 7.71 7.06 6.54 6.25 6.38 6.71 6.95 7.06 7.09 7.01 6.80 6.43 6.20 6.13 6.11 6.10 6.11 6.17 6.36 6.76 7.19 7.44 7.55 7.67 7.68 7.74
5.87 5.46 5.31 5.62 6.02 6.51 7.07 7.36 7.42 7.52 7.87 8.20 8.33 8.22 8.14 8.14 8.25 8.49 8.45 8.24 8.26 8.36 8.32 8.05 7.74 7.34 6.73 6.10 5.49 4.97 4.54 4.19 3.99 3.93 3.86 3.76 3.70 3.73 3.79 3.98 4.40 4.80 5.14 5.51 5.96 6.33 6.56 6.64 6.75 6.96 7.15 7.18 7.16 7.06 6.99 6.79 6.79 7.07 7.23 7.14 6.84 6.50 6.23 6.02 5.75 5.65 5.86 6.31 6.71 6.91 6.87 6.61 6.24 5.86 5.60 5.55 5.73 6.03 6.16 6.00 6.01 6.53 7.20 7.68
6.25 5.92 5.86 6.02 6.19 6.40 6.52 6.53 6.33 6.23 6.34 6.58 6.76 6.75 6.76 6.79 6.90 7.18 7.61 7.99 8.26 8.15 7.74 7.08 6.43 6.01 5.83 5.66 5.47 5.29 5.14 5.07 5.12 5.16 5.08 4.86 4.61 4.44 4.31 4.39 4.86 5.38 5.87 6.31 6.54 6.73 6.92 7.12 7.28 7.33 7.26 7.04 6.68 6.24 5.82 5.18 4.83 4.98 5.57 6.27 6.64 6.64 6.34 5.72 5.14 4.75 4.65 4.86 5.27 5.61 5.75 5.69 5.49 5.27 5.13 5.14 5.26 5.37 5.35 5.21 5.36 6.03 6.82 7.16
6.29 6.10 6.15 6.31 6.32 6.33 6.25 5.94 5.69 5.54 5.41 5.52 5.83 6.06 6.30 6.49 6.64 6.76 7.18 7.71 7.94 7.61 6.96 6.14 5.53 5.38 5.50 5.63 5.72 5.82 5.94 6.07 6.13 6.01 5.79 5.54 5.34 5.18 5.02 4.95 5.06 5.29 5.72 6.28 6.58 6.69 6.83 7.09 7.27 7.31 7.21 7.00 6.68 6.01 5.23 4.57 4.35 4.44 4.72 5.07 5.47 5.74 5.67 5.20 4.71 4.36 4.14 4.04 4.02 4.04 4.12 4.21 4.29 4.40 4.55 4.70 4.83 4.92 4.99 5.07 5.28 5.75 6.22 6.19
6.39 6.38 6.48 6.64 6.54 6.28 5.93 5.42 5.11 5.03 4.92 4.90 5.21 5.78 6.33 6.58 6.83 6.93 6.93 6.97 6.99 6.69 6.11 5.52 5.27 5.30 5.45 5.60 5.79 6.09 6.41 6.62 6.56 6.41 6.23 6.13 6.07 5.95 5.70 5.37 5.14 5.11 5.27 5.61 5.90 5.94 6.01 6.23 6.58 6.80 6.93 6.92 6.71 6.45 6.06 5.67 5.64 5.63 5.44 5.12 4.81 4.65 4.58 4.46 4.28 4.13 4.01 3.93 3.86 3.77 3.70 3.72 3.84 4.02 4.20 4.33 4.41 4.54 4.78 5.02 5.24 5.51 5.62 5.29
6.50 6.70 7.04 7.04 6.82 6.20 5.55 4.99 4.81 4.91 4.83 4.63 4.89 5.60 6.20 6.30 6.48 6.60 6.35 6.02 5.90 5.73 5.46 5.31 5.30 5.38 5.51 5.62 5.78 6.10 6.49 6.76 6.86 6.97 7.16 7.41 7.47 7.27 6.86 6.33 5.76 5.32 5.14 5.03 4.90 4.89 4.94 5.21 5.81 6.48 6.78 6.85 6.85 7.04 7.19 7.21 6.96 6.59 6.06 5.39 4.71 4.24 4.10 4.11 4.09 4.02 3.99 4.07 4.12 4.05 3.93 3.88 3.93 4.04 4.17 4.26 4.33 4.50 4.80 4.98 5.09 5.21 5.12 4.73
6.82 7.09 7.56 7.45 7.03 6.35 5.59 5.16 5.17 5.20 5.04 4.89 5.08 5.55 5.81 5.69 5.64 5.75 5.62 5.38 5.30 5.14 4.92 4.94 5.08 5.29 5.61 5.93 6.11 6.26 6.60 7.02 7.49 8.11 8.77 9.16 9.17 8.87 8.43 7.86 7.13 6.33 5.65 5.18 4.87 4.79 5.08 5.56 6.28 6.78 6.80 6.47 6.27 6.43 6.69 6.78 6.52 6.02 5.41 4.87 4.47 4.23 4.17 4.23 4.27 4.29 4.36 4.46 4.41 4.24 4.10 4.04 4.11 4.31 4.58 4.81 5.02 5.30 5.45 5.35 5.19 5.05 4.89 4.99
6.99 7.35 7.75 7.62 7.19 6.71 6.10 5.92 6.10 6.16 5.85 5.58 5.59 5.65 5.47 5.11 4.88 5.02 5.23 5.30 5.27 4.94 4.59 4.61 4.86 5.19 5.61 6.05 6.41 6.71 7.14 7.69 8.36 9.03 9.45 9.54 9.42 9.26 9.12 8.91 8.49 7.83 7.06 6.34 5.77 5.70 5.93 6.44 6.98 7.06 6.63 5.71 5.05 4.55 4.58 4.83 4.91 4.68 4.42 4.24 4.17 4.17 4.23 4.39 4.73 5.01 5.23 5.23 4.84 4.39 4.25 4.40 4.76 5.25 5.68 6.02 6.38 6.71 6.75 6.48 6.07 5.77 5.61 5.47
7.20 7.25 7.56 7.65 7.47 7.30 7.21 7.42 7.63 7.50 7.12 6.66 6.23 5.79 5.30 4.75 4.50 4.85 5.38 5.68 5.63 5.23 4.86 4.83 5.06 5.35 5.61 5.98 6.62 7.36 7.96 8.43 8.74 8.74 8.40 7.94 7.86 8.20 8.59 8.85 8.90 8.64 8.12 7.41 6.77 6.41 6.37 6.77 7.12 6.94 6.14 5.14 4.36 3.80 3.51 3.44 3.57 3.77 3.93 4.04 4.11 4.21 4.41 4.74 5.27 5.85 6.12 5.94 5.41 4.81 4.76 5.23 5.87 6.46 6.93 7.30 7.62 7.71 7.54 7.22 6.94 6.74 6.53 6.26
7.08 6.79 6.98 7.60 8.04 8.35 8.67 8.98 9.10 8.78 8.29 7.76 7.12 6.25 5.42 4.92 4.78 5.17 5.75 6.05 5.96 5.63 5.34 5.28 5.43 5.72 6.04 6.53 7.23 7.88 8.18 8.22 7.91 7.24 6.39 5.91 6.11 6.68 7.19 7.61 8.00 8.29 8.32 8.04 7.51 6.95 6.74 6.94 6.91 6.43 5.47 4.85 4.42 3.91 3.42 3.10 3.15 3.52 3.90 4.14 4.33 4.64 5.04 5.47 5.96 6.36 6.49 6.33 6.00 5.71 5.65 6.10 6.66 7.21 7.59 7.77 7.65 7.23 6.55 6.09 5.91 5.87 5.84 5.77
6.58 6.22 6.23 7.13 8.04 8.71 9.13 9.28 9.29 9.07 8.74 8.36 7.86 7.00 6.15 5.66 5.49 5.56 5.77 5.88 5.78 5.57 5.42 5.43 5.64 6.00 6.46 6.92 7.22 7.27 7.06 6.57 5.79 4.94 4.52 4.71 5.15 5.38 5.43 5.76 6.32 6.93 7.53 7.89 7.84 7.44 7.12 7.03 6.54 5.55 4.66 4.24 3.85 3.47 3.20 3.15 3.35 3.73 4.16 4.55 4.93 5.37 5.82 6.16 6.39 6.47 6.48 6.56 6.62 6.57 6.60 6.88 7.35 7.63 7.53 7.04 6.22 5.19 4.35 3.93 3.85 4.01 4.29 4.54
6.57 6.40 6.30 6.54 7.06 7.63 7.94 7.96 7.84 7.82 7.90 7.94 7.86 7.55 7.07 6.57 6.15 5.79 5.52 5.26 5.05 4.99 5.07 5.22 5.46 5.70 5.91 5.93 5.65 5.22 4.73 4.06 3.43 3.08 3.26 3.80 4.04 3.93 3.92 4.21 4.64 5.19 5.84 6.48 7.02 7.22 7.19 6.95 6.33 5.23 4.28 3.51 3.04 2.97 3.15 3.48 3.83 4.16 4.58 5.14 5.66 6.08 6.37 6.56 6.67 6.74 6.82 7.00 7.16 7.20 7.29 7.59 7.74 7.37 6.49 5.31 4.23 3.60 3.39 3.44 3.67 3.97 4.23 4.32
6.90 7.00 6.68 6.22 5.80 5.68 5.62 5.41 5.22 5.42 5.85 6.33 6.69 6.98 7.09 6.93 6.51 5.94 5.36 4.77 4.36 4.43 4.69 4.84 4.83 4.72 4.50 4.13 3.69 3.33 3.04 2.86 2.86 2.98 3.15 3.21 3.16 3.20 3.36 3.54 3.68 3.89 4.23 4.78 5.61 6.67 7.07 6.98 6.40 5.52 4.43 3.56 3.24 3.44 3.90 4.27 4.43 4.61 5.02 5.67 6.37 6.80 7.07 7.25 7.42 7.61 7.72 7.74 7.74 7.72 7.80 7.88 7.39 6.19 4.90 4.07 3.78 3.74 3.91 4.30 4.77 5.13 5.22 5.19
6.93 6.85 6.40 5.71 4.69 3.92 3.39 3.09 3.11 3.34 3.73 4.13 4.64 5.29 6.00 6.43 6.41 5.99 5.34 4.65 4.29 4.39 4.58 4.54 4.28 3.92 3.59 3.38 3.28 3.16 3.11 3.29 3.65 3.93 3.94 3.84 3.76 3.83 3.99 4.10 4.12 4.18 4.41 4.99 5.87 6.90 7.24 7.04 6.36 5.45 4.69 4.29 4.26 4.62 5.02 5.17 5.09 5.13 5.59 6.42 7.21 7.84 8.21 8.38 8.53 8.75 8.85 8.80 8.73 8.62 8.41 7.81 6.53 5.24 4.62 4.58 4.73 4.73 4.82 5.19 5.73 6.08 6.15 6.36
6.49 6.01 5.38 4.84 3.84 3.04 2.66 2.63 2.82 3.20 3.55 3.78 4.06 4.60 5.22 5.70 5.94 5.87 5.47 5.05 4.84 4.79 4.69 4.49 4.24 4.01 3.91 4.00 4.11 4.11 4.02 4.00 4.25 4.70 5.00 5.15 5.16 5.11 5.11 5.23 5.47 5.81 6.20 6.81 7.46 7.74 7.47 6.99 6.35 5.71 5.23 5.11 5.28 5.64 5.95 6.05 5.93 6.09 6.73 7.62 8.48 9.07 9.38 9.48 9.46 9.46 9.53 9.61 9.66 9.41 8.83 7.85 6.41 5.77 5.89 6.17 6.18 5.96 5.89 6.18 6.59 6.92 7.22 7.63
6.30 5.81 5.01 4.30 3.75 3.47 3.60 3.97 4.44 4.97 5.34 5.51 5.66 5.72 5.67 5.48 5.51 5.68 5.67 5.56 5.38 5.11 4.80 4.60 4.53 4.57 4.68 4.82 4.97 5.10 5.07 4.87 4.89 5.27 5.76 6.16 6.35 6.35 6.27 6.42 6.92 7.42 7.89 8.22 8.24 7.74 7.01 6.51 6.27 6.07 5.81 5.74 5.99 6.41 6.70 6.77 6.86 7.20 8.01 8.89 9.49 9.71 9.68 9.61 9.48 9.35 9.29 9.32 9.50 9.45 9.15 8.77 8.06 7.88 8.23 8.48 8.39 8.05 7.90 7.88 7.91 8.03 8.32 8.53
6.42 6.08 5.28 4.56 4.39 4.87 5.63 6.33 6.96 7.44 7.72 7.83 7.69 7.20 6.48 5.82 5.53 5.61 5.74 5.74 5.59 5.32 5.04 4.92 4.98 5.12 5.23 5.36 5.58 5.87 6.10 6.17 6.19 6.30 6.59 7.04 7.47 7.64 7.73 7.93 8.26 8.54 8.57 8.26 7.49 6.39 5.51 5.37 5.78 6.07 6.31 6.48 6.82 7.18 7.30 7.22 7.42 8.06 8.89 9.40 9.45 9.15 8.76 8.56 8.55 8.61 8.67 8.61 8.58 8.75 9.23 9.69 10.17 10.41 10.63 10.94 11.08 10.98 10.76 10.35 9.89 9.43 9.13 8.77
6.16 5.64 4.90 4.63 5.21 6.31 7.45 8.34 8.91 9.11 9.06 8.85 8.49 7.83 7.13 6.48 6.04 5.84 5.83 5.82 5.73 5.64 5.56 5.55 5.57 5.62 5.73 5.92 6.15 6.48 6.97 7.49 7.91 8.18 8.33 8.53 8.67 8.70 8.86 9.04 9.01 8.68 8.04 7.10 5.93 4.83 4.30 4.50 5.41 6.20 6.84 7.33 7.67 7.73 7.61 7.48 7.87 8.60 8.97 8.93 8.39 7.73 7.21 6.97 7.11 7.46 7.75 7.81 7.67 7.79 8.54 9.51 10.38 10.89 11.24 11.73 12.07 12.12 11.89 11.55 11.01 10.37 9.53 8.60
5.40 4.91 4.55 5.04 6.34 7.78 8.74 9.24 9.39 9.19 8.83 8.47 8.13 7.75 7.41 7.01 6.55 6.16 6.02 6.01 6.03 6.14 6.34 6.49 6.52 6.49 6.62 6.82 7.02 7.35 7.96 8.71 9.33 9.72 9.84 9.64 9.32 9.11 9.06 8.93 8.43 7.56 6.47 5.35 4.52 4.16 4.21 4.84 5.89 6.84 7.71 8.34 8.53 8.32 8.02 8.01 8.39 8.57 8.43 7.78 6.92 6.13 5.53 5.18 5.32 5.53 5.80 6.05 6.21 6.49 6.99 7.78 8.66 9.28 9.73 10.19 10.52 10.62 10.67 10.61 10.50 10.10 9.53 8.60
5.83 5.60 5.79 6.81 8.11 8.98 9.21 9.05 8.69 8.13 7.70 7.44 7.21 7.14 7.11 6.95 6.65 6.33 6.23 6.37 6.66 7.08 7.50 7.76 7.88 7.91 8.00 8.16 8.39 8.75 9.29 9.75 9.94 9.89 9.60 9.12 8.75 8.42 8.08 7.46 6.61 5.66 4.71 4.04 3.95 4.35 5.06 6.05 6.90 7.78 8.46 8.76 8.82 8.81 8.60 8.51 8.45 8.11 7.42 6.36 5.37 4.57 3.80 3.44 3.45 3.41 3.36 3.64 4.20 4.69 5.38 5.87 6.24 6.48 6.70 7.03 7.08 7.28 7.59 7.88 8.56 9.14 9.31 9.10
6.84 7.29 8.20 8.89 9.29 9.32 8.80 8.12 7.44 7.00 6.77 6.58 6.41 6.37 6.40 6.45 6.41 6.36 6.49 6.81 7.36 7.93 8.38 8.71 8.87 9.02 9.20 9.41 9.67 9.97 10.12 9.91 9.35 8.60 7.81 7.29 7.25 6.97 6.29 5.39 4.52 3.99 3.73 3.90 4.43 5.12 6.02 6.92 7.72 8.34 8.53 8.52 8.48 8.58 8.65 8.48 8.04 7.29 6.23 5.14 4.16 3.23 2.62 2.49 2.56 2.52 2.54 2.80 3.29 3.88 4.41 4.82 4.89 4.74 4.57 4.63 4.87 5.36 5.82 6.23 6.87 7.78 8.61 8.93
7.43 8.14 9.09 9.34 9.19 8.71 7.90 7.20 6.56 6.32 6.24 6.07 5.91 5.82 5.82 5.98 6.18 6.40 6.64 6.85 7.14 7.45 7.83 8.34 8.72 9.09 9.45 9.76 9.93 9.90 9.50 8.64 7.46 6.49 5.89 5.72 5.62 5.09 4.29 3.74 3.44 3.44 3.79 4.55 5.27 5.96 6.78 7.51 8.09 8.23 7.93 7.60 7.52 7.70 7.90 7.84 7.41 6.66 5.63 4.68 3.79 2.98 2.60 2.62 2.73 2.82 3.07 3.53 3.92 4.08 4.21 4.33 4.27 3.97 3.66 3.68 4.18 4.84 5.19 5.42 5.89 6.48 7.29 7.91
7.75 8.11 8.58 8.60 8.27 7.60 6.95 6.48 6.13 5.96 5.83 5.62 5.51 5.45 5.52 5.75 6.08 6.37 6.49 6.41 6.27 6.23 6.48 7.02 7.80 8.45 8.93 9.14 8.99 8.47 7.57 6.39 5.22 4.55 4.32 4.24 3.86 3.35 3.09 3.19 3.51 4.03 4.77 5.46 6.18 6.95 7.54 7.99 8.08 7.74 7.26 6.98 6.90 6.93 7.02 7.08 6.97 6.57 5.79 4.91 4.21 3.81 3.78 3.97 4.10 4.19 4.52 4.74 4.59 4.32 4.15 4.12 3.97 3.64 3.38 3.53 4.03 4.34 4.36 4.54 4.93 5.27 5.92 6.80
8.03 7.71 7.50 7.57 7.35 6.88 6.40 5.95 5.73 5.59 5.42 5.26 5.14 5.16 5.41 5.74 6.11 6.33 6.37 6.26 6.18 6.24 6.57 7.13 7.80 8.22 8.25 7.95 7.35 6.50 5.47 4.56 3.79 3.35 3.18 3.09 2.95 2.93 3.14 3.60 4.29 5.09 5.74 6.43 7.20 7.86 8.23 8.25 7.84 7.24 6.74 6.48 6.36 6.40 6.58 6.73 6.85 6.78 6.37 5.72 5.25 5.17 5.34 5.54 5.65 5.80 5.86 5.48 4.85 4.54 4.48 4.20 3.82 3.58 3.52 3.69 3.93 3.89 3.77 3.99 4.29 4.51 4.99 5.96
8.15 7.59 6.93 6.87 6.87 6.81 6.64 6.21 5.89 5.72 5.52 5.40 5.33 5.40 5.64 6.02 6.29 6.55 6.73 6.87 7.13 7.55 8.05 8.40 8.42 8.05 7.34 6.51 5.65 4.85 4.08 3.56 3.33 3.29 3.26 3.26 3.42 3.77 4.11 4.48 5.05 5.71 6.44 7.28 8.03 8.53 8.56 8.19 7.53 6.80 6.17 5.80 5.79 6.04 6.39 6.68 6.83 6.97 7.02 6.93 6.85 6.99 7.23 7.36 7.37 7.20 6.80 6.26 5.81 5.64 5.28 4.65 4.03 3.89 3.94 3.90 3.89 3.87 3.91 4.07 4.21 4.32 4.63 5.24
8.20 7.61 6.80 6.61 6.65 6.84 7.06 6.97 6.71 6.56 6.44 6.26 6.25 6.32 6.40 6.44 6.58 6.86 7.24 7.65 8.10 8.50 8.65 8.44 7.85 6.96 5.97 5.02 4.21 3.67 3.46 3.46 3.65 4.02 4.25 4.36 4.49 4.78 5.13 5.38 5.67 6.15 6.98 7.86 8.52 8.77 8.51 7.91 7.23 6.52 5.82 5.49 5.62 5.97 6.30 6.47 6.58 7.00 7.45 7.86 8.38 8.93 9.39 9.63 9.40 8.91 8.21 7.66 7.46 7.09 6.16 5.15 4.70 4.77 4.68 4.31 4.17 4.33 4.47 4.49 4.44 4.40 4.52 4.76
7.99 7.35 6.55 6.33 6.33 6.66 7.03 7.27 7.22 7.12 7.05 6.89 6.90 6.99 7.02 6.89 6.76 6.88 7.29 7.77 8.08 8.04 7.58 6.79 5.94 5.15 4.43 3.78 3.35 3.28 3.53 4.11 4.63 4.94 5.21 5.43 5.56 5.70 5.98 6.12 6.29 6.72 7.56 8.25 8.65 8.54 8.02 7.43 7.01 6.64 6.20 5.86 5.88 6.07 6.07 6.08 6.42 7.09 7.69 8.41 9.20 9.84 10.28 10.50 10.62 10.38 9.90 9.44 8.87 8.08 7.10 6.24 6.00 5.93 5.59 5.20 5.21 5.43 5.41 5.11 4.76 4.54 4.45 4.43
7.72 7.30 6.66 6.34 6.26 6.37 6.71 7.10 7.25 7.11 6.82 6.55 6.51 6.60 6.71 6.75 6.58 6.64 6.93 7.15 6.99 6.40 5.55 4.68 3.99 3.45 3.05 2.91 3.07 3.51 4.33 5.15 5.61 5.86 6.03 6.23 6.45 6.60 6.65 6.75 7.00 7.47 7.98 8.34 8.25 7.74 7.11 6.81 6.89 7.01 6.96 6.79 6.50 6.40 6.26 6.31 6.74 7.39 7.89 8.57 9.10 9.58 9.81 9.90 10.21 10.43 10.45 10.45 10.08 9.47 9.00 8.60 8.15 7.43 6.71 6.50 6.72 6.86 6.46 5.77 5.05 4.55 4.23 4.19
7.90 7.70 7.16 6.73 6.56 6.45 6.55 6.88 7.16 7.16 6.81 6.42 6.21 6.11 6.12 6.33 6.24 6.41 6.52 6.17 5.36 4.37 3.52 2.89 2.38 2.05 1.95 2.21 2.91 4.01 5.08 5.73 6.15 6.43 6.63 6.82 6.95 6.97 6.95 7.07 7.45 7.85 8.16 8.09 7.57 6.73 6.33 6.33 6.63 7.15 7.36 7.35 7.24 7.03 6.87 6.86 6.99 7.37 7.80 8.29 8.43 8.27 7.89 7.87 8.35 9.09 9.74 10.31 10.74 10.84 10.90 10.71 10.13 9.34 8.53 8.25 8.14 7.72 6.89 5.76 4.89 4.40 4.13 4.01
8.09 7.67 7.08 6.81 6.74 6.67 6.56 6.68 7.04 7.36 7.39 7.08 6.74 6.39 6.14 6.01 6.08 6.17 5.86 4.99 3.87 2.98 2.39 2.00 1.75 1.66 1.78 2.15 2.85 3.81 4.70 5.21 5.62 6.01 6.37 6.65 6.67 6.69 6.76 7.02 7.45 7.88 8.08 7.80 7.26 6.58 6.22 6.19 6.37 6.72 7.17 7.37 7.52 7.43 7.22 6.93 6.79 6.85 7.22 7.48 7.39 6.93 6.47 6.38 6.69 7.36 8.28 9.18 9.98 10.55 10.96 11.12 10.85 10.49 10.15 9.66 8.81 7.63 6.39 5.36 4.79 4.48 4.18 3.85
7.66 6.90 6.10 6.12 6.34 6.45 6.33 6.27 6.62 7.12 7.46 7.38 7.06 6.68 6.39 6.13 6.00 5.73 5.05 4.11 3.40 2.96 2.49 2.44 2.34 2.45 2.71 2.97 3.23 3.51 3.75 4.01 4.33 4.71 5.11 5.46 5.72 5.99 6.35 6.83 7.23 7.55 7.56 7.19 6.77 6.34 5.96 5.91 6.03 6.21 6.55 7.03 7.25 7.26 7.02 6.54 6.29 6.20 6.50 6.64 6.37 5.83 5.54 5.72 6.16 6.55 6.97 7.46 8.05 8.60 9.09 9.51 9.86 10.08 10.14 9.89 8.82 7.27 6.17 5.64 5.27 4.71 4.12 3.89
6.65 6.08 5.51 5.57 5.68 5.63 5.46 5.47 5.71 6.25 6.77 7.00 6.89 6.61 6.39 6.12 5.81 5.32 4.71 4.55 3.94 3.92 3.85 3.77 3.75 3.90 4.06 4.18 4.15 4.03 3.97 3.91 3.89 3.94 4.12 4.50 5.08 5.53 6.05 6.58 6.87 6.91 6.50 5.74 4.99 4.71 4.79 5.02 5.28 5.70 6.07 6.41 6.67 6.67 6.42 6.05 5.83 5.88 6.03 6.07 5.74 5.21 5.19 5.48 5.93 6.16 6.13 6.12 6.28 6.58 6.70 7.09 7.77 8.46 8.97 9.25 8.92 7.97 6.99 6.39 5.62 4.78 4.32 4.38
6.23 6.16 6.12 6.03 5.62 5.20 4.99 4.92 4.95 5.30 5.90 6.44 6.67 6.56 6.33 6.01 5.64 5.25 5.30 4.89 5.13 5.25 5.35 5.37 5.37 5.39 5.44 5.37 5.26 5.14 5.01 4.77 4.47 4.22 4.21 4.51 5.00 5.43 5.91 6.36 6.49 6.22 5.39 4.19 3.56 3.61 4.03 4.55 5.10 5.52 5.83 5.98 6.04 6.08 5.95 5.85 5.81 5.92 5.95 5.93 5.72 5.49 5.53 5.58 5.65 5.43 5.16 5.15 5.32 5.52 5.66 5.87 6.29 6.88 7.34 8.10 8.78 8.81 8.18 7.09 5.89 5.29 5.34 5.65
6.80 7.09 7.38 7.14 6.61 5.85 5.33 5.01 4.74 4.66 4.97 5.62 6.20 6.44 6.28 5.88 5.58 5.46 5.56 5.83 6.21 6.54 6.83 6.99 7.03 6.89 6.64 6.37 6.06 5.77 5.55 5.35 5.17 5.00 4.86 4.93 5.28 5.66 6.13 6.46 6.38 5.81 4.89 4.04 3.92 4.35 4.97 5.58 5.93 6.00 5.90 5.78 5.69 5.81 5.88 5.93 5.92 6.03 6.03 6.13 6.15 6.05 5.82 5.41 5.03 4.67 4.40 4.50 4.85 5.12 5.34 5.62 5.75 5.98 6.36 7.09 8.11 8.85 8.97 8.45 7.50 7.18 7.33 7.47
7.36 7.71 7.96 7.66 7.17 6.51 5.88 5.31 4.79 4.36 4.23 4.55 5.26 5.86 6.05 5.78 5.56 5.66 6.00 6.63 7.12 7.60 8.00 8.27 8.29 8.11 7.80 7.39 6.85 6.27 5.77 5.50 5.49 5.69 5.91 5.96 6.08 6.39 6.81 7.03 6.89 6.36 5.62 5.32 5.67 6.28 6.87 7.12 7.04 6.50 6.07 5.75 5.64 5.73 5.90 5.97 5.95 6.09 6.20 6.49 6.56 6.36 5.91 5.20 4.59 4.19 4.11 4.28 4.59 4.79 5.02 5.33 5.50 5.53 5.89 6.44 7.19 8.20 9.10 9.77 9.96 9.73 9.36 9.02
7.58 7.71 7.58 7.18 6.71 6.20 5.79 5.32 4.74 4.17 3.87 3.91 4.31 5.03 5.53 5.58 5.47 5.65 6.16 6.79 7.30 7.73 8.06 8.32 8.39 8.36 8.25 8.03 7.63 7.05 6.37 5.85 5.74 6.04 6.38 6.67 6.95 7.26 7.55 7.84 7.99 7.82 7.66 7.47 7.61 7.95 8.08 7.72 7.16 6.56 6.07 5.84 5.63 5.69 5.87 5.95 5.97 6.21 6.44 6.72 6.71 6.48 6.09 5.48 4.84 4.42 4.28 4.33 4.45 4.54 4.66 4.87 5.12 5.30 5.60 6.01 6.55 7.32 8.51 9.71 10.57 10.60 10.10 9.40
