project/data/elevation/US_DEM2016/US_DEM2016_point_10-28-2019_1250_30m_vel.asc
ncols	125
nrows	167
xllcorner	-2042055.000000
yllcorner	1465035.000000
cellsize	30.000000
NODATA_value	-9999.000000
[rows 70 to 104 of 167, columns 0 to 79 of 125]
11.02 10.37 9.45 9.23 9.09 8.92 8.65 8.18 7.47 6.79 6.62 7.33 8.92 10.76 12.28 13.08 13.21 12.86 12.36 12.09 12.09 12.32 12.76 13.53 13.94 13.54 12.55 11.30 10.12 9.41 9.20 9.40 9.92 10.33 10.55 10.59 10.55 10.71 11.11 11.40 11.27 10.88 10.52 10.38 10.26 9.67 8.74 7.54 6.85 6.91 7.51 8.50 9.39 9.71 9.52 8.83 7.63 6.56 6.11 6.00 5.76 5.57 5.74 6.15 6.48 6.68 6.86 6.62 6.02 5.41 5.13 4.93 4.62 4.17 3.86 3.91 4.16 4.52 5.04 5.66
10.94 10.32 9.52 9.28 9.20 9.10 8.96 8.77 8.32 7.55 6.80 6.73 7.57 8.99 10.60 11.94 12.77 13.29 13.27 13.30 13.42 13.57 14.34 14.43 14.17 13.35 12.25 11.07 9.89 9.10 8.69 8.68 8.91 9.32 9.84 10.28 10.50 10.64 10.89 11.16 10.89 10.40 10.07 10.03 9.87 8.92 8.02 7.64 8.15 9.13 10.02 10.55 10.61 10.15 9.42 8.63 7.95 7.43 7.06 6.68 6.32 6.09 6.08 6.39 7.36 8.37 9.01 9.00 8.62 8.25 7.87 7.26 6.23 5.36 4.91 4.98 5.45 6.15 6.91 7.88
10.90 10.28 9.57 9.36 9.35 9.36 9.42 9.64 9.87 9.80 9.28 8.71 8.68 9.17 9.98 11.22 12.36 13.49 13.99 14.39 14.88 15.04 15.31 14.91 14.28 13.25 12.44 11.77 10.94 10.54 10.40 10.22 9.78 9.56 9.76 10.09 10.31 10.48 10.60 10.40 9.95 9.54 9.39 9.47 9.52 9.38 9.71 10.62 11.55 12.11 12.22 11.87 11.19 10.39 9.97 9.92 9.93 9.90 9.70 9.42 9.23 9.30 9.60 10.26 11.08 11.47 11.18 10.67 10.13 9.58 8.81 7.76 6.61 6.05 6.05 6.48 7.08 7.96 9.25 11.17
10.79 10.22 9.59 9.45 9.57 9.69 9.88 10.35 11.08 11.72 11.94 11.85 11.59 11.21 11.13 11.73 12.76 14.14 15.05 15.60 16.13 16.14 15.55 14.77 13.78 13.06 12.78 12.62 12.29 11.99 11.82 11.69 11.27 10.94 10.71 10.56 10.53 10.48 10.19 9.68 9.41 9.57 9.69 9.93 10.31 10.86 11.62 12.37 12.69 12.49 12.11 11.63 11.14 10.67 10.54 10.73 10.88 11.11 11.37 11.62 11.86 12.25 12.67 12.92 12.67 11.91 10.80 10.14 9.57 8.71 7.72 6.88 6.42 6.50 7.08 7.98 8.97 10.35 12.52 15.20
10.76 10.30 9.74 9.68 9.84 9.93 10.05 10.60 11.76 13.01 13.89 14.29 14.24 13.81 13.31 13.28 13.99 15.21 15.99 15.95 16.46 15.78 14.74 13.88 12.85 12.50 12.63 12.81 12.70 12.38 12.04 11.80 11.45 11.17 10.83 10.59 10.51 10.29 9.98 9.88 10.10 10.29 10.34 10.54 10.82 10.94 10.98 10.91 10.46 10.03 9.82 9.96 10.30 10.50 10.40 10.37 10.53 10.85 11.29 11.78 12.32 12.87 12.93 12.36 11.02 9.42 8.43 8.40 8.30 7.65 6.99 6.76 6.93 7.45 8.45 9.64 11.01 12.88 15.37 17.38
10.80 10.42 10.01 10.03 10.19 10.27 10.48 11.32 12.83 13.93 14.42 14.53 14.55 14.59 14.61 14.93 15.57 16.24 16.23 15.85 15.44 14.90 13.98 12.89 12.07 11.74 11.73 12.05 12.27 12.17 11.81 11.34 10.53 9.93 9.70 9.85 10.05 10.05 9.92 9.83 9.77 9.86 10.05 10.30 10.36 9.93 9.40 8.73 8.42 8.26 8.28 8.64 9.20 9.60 9.76 9.93 10.19 10.35 10.54 10.89 11.46 11.81 11.29 9.76 7.99 6.89 6.71 7.23 7.78 7.83 7.64 7.72 8.23 9.18 10.53 11.97 13.55 15.42 16.89 17.34
10.90 10.61 10.36 10.43 10.69 11.12 11.93 12.92 13.42 13.22 12.69 12.39 12.76 13.73 14.62 15.48 16.14 16.04 15.36 14.51 13.88 13.30 12.75 12.21 11.76 11.46 11.18 11.27 11.64 11.86 11.76 11.35 10.49 9.83 9.77 9.97 10.06 9.83 9.40 8.99 8.83 9.15 9.75 9.95 9.86 9.59 9.39 9.04 8.78 8.77 8.82 8.82 8.78 8.93 9.34 9.77 10.11 10.15 10.22 10.46 10.67 10.26 8.97 7.57 6.77 6.62 7.06 7.59 8.29 9.00 9.53 10.14 11.29 12.72 14.12 15.59 17.02 17.88 17.55 16.09
10.97 10.67 10.47 10.60 11.00 11.84 12.53 12.63 11.94 10.78 10.05 10.33 11.42 12.96 14.28 15.22 15.23 15.22 14.26 13.28 12.61 12.20 11.92 11.74 11.55 11.34 11.00 10.96 11.21 11.64 11.98 12.01 11.62 11.35 11.22 10.99 10.52 9.80 9.20 8.99 9.22 9.60 9.78 9.53 9.31 9.14 9.09 8.88 8.62 8.50 8.42 8.34 8.28 8.64 9.28 9.87 10.29 10.49 10.63 10.67 10.23 9.07 7.90 7.55 7.85 8.44 8.88 9.36 10.26 11.65 12.61 13.74 15.33 16.80 17.86 18.69 19.04 18.49 16.82 15.35
10.88 10.30 9.95 10.17 10.52 11.08 11.17 10.62 9.89 9.54 9.75 10.58 11.92 13.45 14.57 15.16 15.05 14.31 13.36 12.51 11.88 11.46 11.23 11.12 11.01 10.80 10.54 10.58 10.77 11.15 11.75 12.23 12.36 12.23 11.96 11.46 10.70 9.88 9.48 9.39 9.36 9.14 8.80 8.46 8.21 7.93 7.49 7.07 6.93 6.93 7.05 7.36 8.01 8.87 9.62 10.21 10.72 10.93 10.84 10.36 9.46 8.39 8.06 8.63 9.71 10.49 11.20 12.30 13.80 14.70 15.43 16.44 17.92 18.30 18.13 18.63 17.81 16.49 15.27 14.67
10.61 9.79 9.27 9.53 9.69 9.86 9.92 9.93 10.21 10.76 11.45 12.41 13.68 14.80 15.36 15.24 14.57 13.60 12.72 11.98 11.33 10.84 10.53 10.40 10.24 9.96 9.70 9.71 9.68 9.91 10.31 11.12 11.66 11.74 11.49 11.04 10.40 9.72 9.24 8.78 8.27 7.78 7.50 7.55 7.45 7.15 6.69 6.45 6.70 7.22 7.86 8.68 9.61 10.23 10.45 10.49 10.44 10.05 9.33 8.45 7.79 7.74 8.35 9.64 11.09 12.43 13.95 15.31 15.87 16.08 16.21 16.61 16.64 17.22 16.67 15.89 14.38 13.59 13.07 13.34
10.25 9.57 9.24 9.65 9.88 10.02 10.29 10.82 11.61 12.31 13.12 14.18 15.31 15.74 15.50 14.64 13.51 12.50 11.70 11.08 10.55 10.16 9.89 9.67 9.48 9.23 8.84 8.40 7.89 7.91 8.10 8.80 9.74 10.40 10.56 10.40 10.03 9.73 9.31 8.79 8.38 8.19 8.24 8.46 8.37 8.16 7.96 8.09 8.54 9.31 10.13 10.76 11.12 11.16 10.74 10.33 9.75 8.98 8.23 7.70 7.64 8.19 9.27 10.85 12.51 14.25 15.61 15.89 15.46 15.01 14.87 14.87 14.68 13.91 13.31 12.99 12.61 12.14 11.73 11.58
10.02 9.71 9.77 10.37 10.76 10.96 11.24 11.78 12.54 13.34 14.28 15.19 15.68 15.43 14.48 13.22 12.06 10.98 10.23 9.69 9.35 9.28 9.28 9.12 8.99 8.77 8.22 7.18 6.36 6.07 6.01 6.39 7.37 8.61 9.39 9.89 10.04 10.30 10.32 10.30 10.37 10.53 10.74 10.68 10.43 10.20 10.11 10.38 10.84 11.04 11.04 10.95 10.83 10.63 10.48 10.35 10.19 10.23 10.21 10.09 10.14 10.52 11.31 12.61 13.97 15.04 15.06 13.97 13.17 13.14 13.29 13.22 12.84 12.05 11.74 11.72 11.80 11.82 11.49 10.92
10.25 10.21 10.28 10.52 10.85 11.24 11.74 12.38 13.17 14.02 14.81 15.21 14.95 14.03 12.80 11.76 10.86 9.96 9.15 8.65 8.47 8.40 8.28 8.40 8.55 8.49 8.10 7.20 5.92 5.36 5.26 5.71 6.43 7.23 8.31 9.35 9.98 10.55 10.95 11.42 11.90 12.26 12.33 12.04 11.70 11.52 11.50 11.61 11.68 11.29 10.75 10.59 10.78 10.91 10.80 10.78 10.98 11.47 11.77 11.95 12.16 12.51 13.12 13.87 14.63 14.57 13.41 12.25 12.00 12.37 12.60 12.41 11.79 11.32 11.17 11.21 11.37 11.61 11.40 11.08
10.68 10.74 10.59 10.37 10.57 11.20 11.96 12.79 13.61 14.26 14.61 14.47 13.74 12.64 11.60 10.81 10.10 9.39 8.68 8.18 7.86 7.56 7.30 7.46 7.94 8.30 8.41 8.23 7.46 6.92 6.95 7.35 7.45 7.59 8.07 8.93 9.57 10.15 10.83 11.62 12.16 12.24 12.05 11.69 11.51 11.59 11.71 11.72 11.66 11.45 11.46 11.69 11.80 11.63 11.17 11.05 11.12 11.33 11.74 12.23 12.77 13.23 13.72 14.04 14.10 13.43 12.40 12.14 12.34 12.44 12.26 11.71 10.85 10.13 9.78 9.96 10.30 10.57 10.72 10.70
10.77 10.83 10.77 10.67 10.93 11.55 12.30 13.10 13.71 13.99 13.90 13.39 12.53 11.57 10.75 10.06 9.40 8.77 8.19 7.68 7.18 6.77 6.65 6.98 7.76 8.58 9.27 9.93 10.43 10.58 10.48 10.09 9.56 9.16 8.98 9.15 9.71 10.53 11.37 11.83 11.63 11.16 10.93 11.03 11.16 11.44 11.77 12.10 12.50 12.85 12.84 12.63 12.19 11.71 11.24 11.13 11.20 11.48 12.06 12.55 13.01 13.32 13.47 13.39 13.05 12.46 12.05 12.29 12.40 12.16 11.63 10.61 9.65 8.54 7.76 7.75 8.16 8.58 9.01 9.40
10.68 10.73 10.89 11.17 11.64 12.20 12.73 13.16 13.44 13.41 13.07 12.42 11.58 10.75 10.01 9.31 8.56 7.82 7.20 6.79 6.59 6.68 7.11 7.86 8.82 9.67 10.51 11.39 12.29 12.82 12.79 12.17 11.34 10.68 10.32 10.18 10.85 11.82 11.97 11.45 10.65 10.32 10.63 11.08 11.28 11.67 12.38 13.03 13.59 13.90 13.68 12.99 12.30 11.83 11.36 11.27 11.52 11.96 12.34 12.48 12.55 12.55 12.52 12.49 12.18 11.82 11.55 11.67 11.54 11.27 10.94 9.98 9.45 8.30 7.12 6.70 6.49 6.38 6.59 7.10
10.76 10.86 11.15 11.63 12.19 12.53 12.61 12.64 12.78 12.76 12.42 11.76 10.93 10.11 9.31 8.45 7.50 6.63 6.20 6.23 6.60 7.36 8.28 9.20 10.10 10.82 11.38 11.85 12.35 12.78 12.92 12.80 12.32 11.67 11.25 11.16 11.57 11.81 11.16 10.28 9.86 10.00 10.28 10.54 10.80 11.49 12.33 12.96 13.27 13.51 13.55 13.27 12.83 12.33 11.70 11.48 11.55 11.56 11.48 11.46 11.30 11.22 11.42 11.72 11.70 11.41 10.97 10.71 10.54 10.50 10.50 10.58 10.54 10.13 8.90 7.62 6.59 5.84 5.41 5.47
10.89 11.02 11.27 11.62 11.85 11.80 11.71 11.86 12.21 12.41 12.05 11.30 10.40 9.44 8.36 7.31 6.60 6.39 6.66 7.04 7.49 8.10 8.90 9.79 10.64 11.22 11.43 11.43 11.38 11.41 11.78 12.33 12.62 12.50 12.16 11.72 11.19 10.45 9.75 9.50 9.44 9.37 9.20 9.27 9.91 10.80 11.47 11.50 11.37 11.53 11.73 12.02 12.19 12.18 11.94 11.60 11.25 10.85 10.64 10.60 10.59 10.80 11.20 11.52 11.54 11.22 10.78 10.45 10.22 10.32 10.62 11.09 11.56 11.92 11.85 10.75 9.45 8.23 7.43 6.87
10.89 10.94 11.03 11.07 10.95 10.88 11.22 11.92 12.43 12.36 11.68 10.71 9.68 8.54 7.42 6.92 7.17 7.99 8.48 8.70 8.78 8.98 9.47 10.12 10.64 10.86 10.77 10.64 10.65 10.67 10.95 11.54 12.24 12.61 12.59 12.00 10.79 9.73 9.21 9.24 9.11 8.90 8.85 9.12 9.65 10.15 10.26 9.59 8.82 8.47 8.63 8.97 9.49 10.14 10.57 10.82 10.82 10.72 10.71 10.85 11.08 11.32 11.42 11.38 11.29 11.07 10.75 10.51 10.37 10.56 11.02 11.37 11.80 12.44 13.12 13.29 12.87 12.18 11.47 10.57
10.85 10.83 10.84 10.85 10.84 11.19 11.94 12.57 12.63 11.99 10.84 9.56 8.41 7.37 6.91 7.22 8.12 8.94 9.40 9.65 9.77 9.93 10.20 10.34 10.15 9.80 9.61 9.81 10.31 10.73 10.91 11.05 11.29 11.71 11.99 11.86 10.89 10.01 9.45 9.38 9.37 9.51 9.63 9.71 9.78 9.78 9.47 8.42 7.22 6.74 6.67 6.78 7.18 8.06 9.10 9.99 10.54 10.84 11.08 11.37 11.57 11.42 11.08 10.84 10.84 10.77 10.51 10.43 10.48 10.69 10.97 11.14 11.28 11.64 12.29 13.08 13.57 13.76 13.70 13.38
10.89 10.86 10.91 11.11 11.45 12.06 12.61 12.65 12.00 10.76 9.28 7.74 6.48 5.87 5.90 6.43 7.04 7.70 8.54 9.28 9.91 10.30 10.33 9.85 9.08 8.59 8.67 9.18 9.64 9.91 10.07 10.08 10.14 10.52 11.13 11.50 11.09 10.47 10.01 10.03 10.17 10.33 10.35 10.37 10.30 10.17 9.86 9.15 8.28 7.71 7.59 7.91 8.70 9.63 10.36 10.69 10.83 10.94 11.10 11.23 11.13 10.72 10.36 10.29 10.42 10.34 10.02 10.04 10.23 10.35 10.41 10.51 10.31 9.97 10.08 10.67 11.59 12.35 12.95 13.43
10.94 10.93 11.03 11.37 11.91 12.44 12.49 11.86 10.57 8.91 7.36 6.08 5.29 4.95 4.90 5.05 5.44 6.07 6.90 7.90 8.80 9.41 9.39 8.95 8.54 8.44 8.60 8.77 8.60 8.33 8.32 8.47 8.82 9.44 10.29 10.95 10.96 10.54 10.26 10.47 10.63 10.74 10.90 11.31 11.43 11.39 11.24 11.03 10.91 10.78 10.56 11.01 11.74 12.18 12.13 11.54 11.06 10.83 10.67 10.43 10.12 9.82 9.64 9.77 9.94 9.79 9.47 9.55 9.68 9.69 9.69 9.68 9.30 8.65 8.33 8.55 9.15 9.76 10.40 11.19
10.99 11.01 11.16 11.60 12.14 12.28 11.68 10.41 8.80 7.30 6.18 5.55 5.31 5.31 5.33 5.33 5.48 5.81 6.28 6.94 7.63 8.08 8.29 8.56 8.89 9.14 9.26 9.12 8.80 8.57 8.48 8.56 8.89 9.27 9.67 10.16 10.44 10.35 10.35 10.67 10.89 11.17 11.63 12.34 12.58 12.55 12.43 12.37 12.56 12.90 13.11 13.14 12.93 12.32 11.54 11.06 10.82 10.55 10.10 9.54 9.02 8.79 8.84 9.14 9.50 9.61 9.52 9.48 9.38 9.26 9.20 9.17 8.85 8.20 7.64 7.41 7.69 7.94 8.09 8.47
11.06 11.12 11.32 11.70 11.87 11.38 10.17 8.64 7.28 6.35 5.85 5.71 5.88 6.28 6.69 6.99 7.11 7.17 7.45 7.97 8.46 8.76 8.97 9.25 9.48 9.81 10.39 10.87 11.11 11.14 11.02 10.94 10.93 10.73 10.03 9.73 10.03 10.39 10.81 11.26 11.58 12.01 12.59 13.11 13.07 12.86 12.69 12.70 12.95 13.38 13.60 13.42 12.74 11.64 10.84 10.77 10.73 10.37 9.72 8.97 8.41 8.24 8.57 9.17 9.80 10.16 10.17 9.94 9.51 9.25 9.10 9.08 8.81 8.06 7.09 6.28 6.12 6.11 6.02 6.22
11.10 11.15 11.25 11.21 10.66 9.47 8.00 6.80 6.05 5.72 5.80 6.17 6.68 7.31 8.09 8.92 9.55 9.96 10.41 10.93 11.29 11.34 11.05 10.53 10.11 10.34 11.29 12.07 12.41 12.37 12.18 11.96 11.64 11.09 10.14 9.74 10.08 10.78 11.54 12.08 12.44 12.76 13.02 13.06 12.69 12.39 12.37 12.59 12.94 13.23 13.10 12.88 12.74 12.57 12.14 11.56 10.98 10.44 9.95 9.52 9.26 9.21 9.52 10.03 10.48 10.60 10.38 10.04 9.64 9.57 9.59 9.43 8.88 7.71 6.27 5.12 4.72 4.52 4.43 4.66
11.09 11.09 10.90 10.29 9.11 7.70 6.54 5.83 5.58 5.77 6.37 7.18 8.02 8.90 9.86 10.93 11.81 12.63 13.29 13.53 13.30 12.69 11.80 10.98 10.55 10.82 11.46 11.52 11.03 10.62 10.27 10.05 9.92 9.71 9.60 9.91 10.52 11.28 12.06 12.50 12.66 12.64 12.40 12.01 11.77 11.65 11.83 12.17 12.55 12.81 12.68 12.52 12.58 12.73 12.59 11.89 11.12 10.56 10.24 10.11 10.15 10.37 10.58 10.84 10.93 10.70 10.19 9.92 9.94 10.38 10.55 10.11 9.17 7.68 6.02 4.99 4.60 4.26 4.08 4.25
11.13 11.04 10.58 9.75 8.78 7.91 7.24 6.81 6.74 7.11 7.77 8.63 9.63 10.66 11.72 12.65 13.47 14.04 14.15 13.68 12.72 11.59 10.79 10.59 10.87 11.38 11.54 10.86 9.80 9.19 8.96 9.03 9.32 9.39 9.62 10.23 10.96 11.59 12.08 12.31 12.23 11.89 11.35 10.86 10.71 10.81 10.99 11.26 11.41 11.28 11.25 11.32 11.43 11.44 11.26 11.05 10.71 10.31 9.99 9.86 10.03 10.54 11.00 11.32 11.29 10.98 10.56 10.42 10.60 11.00 11.03 10.42 9.57 8.61 7.30 6.39 5.76 5.11 4.96 5.15
11.05 10.86 10.31 9.81 9.46 9.09 8.80 8.75 8.99 9.27 9.60 10.23 11.17 12.28 13.30 13.93 14.13 13.83 12.94 11.62 10.32 9.48 9.45 10.05 10.90 11.81 12.10 11.80 11.33 11.10 11.06 11.09 10.95 10.58 10.39 10.66 11.06 11.47 11.71 11.74 11.35 10.76 10.25 10.01 9.94 10.05 10.30 10.37 9.85 9.03 8.67 8.86 9.25 9.41 9.51 9.77 9.96 9.90 9.77 9.80 10.10 10.67 11.09 11.23 11.06 10.80 10.64 10.66 10.67 10.72 10.61 10.13 9.96 9.89 9.39 8.47 7.60 6.70 6.90 7.25
10.80 10.51 10.10 9.99 10.01 10.07 10.22 10.59 11.10 11.46 11.71 12.09 12.85 13.73 14.19 14.10 13.45 12.30 10.90 9.62 8.81 8.60 9.05 9.88 10.88 12.15 12.78 13.10 13.22 13.23 13.09 12.76 12.23 11.62 11.12 10.98 11.04 11.21 11.27 10.94 10.23 9.61 9.44 9.60 9.78 10.08 10.40 10.28 9.25 8.05 7.45 7.33 7.20 7.47 8.20 9.03 9.65 9.89 9.90 10.03 10.40 10.84 10.89 10.70 10.39 10.19 10.08 10.01 9.91 9.94 9.86 9.82 10.45 11.18 11.46 11.11 10.32 9.60 10.05 10.39
10.64 10.41 10.17 10.29 10.73 11.32 11.94 12.49 12.91 13.19 13.39 13.64 14.01 14.18 13.84 12.95 11.74 10.43 9.31 8.67 8.82 9.39 10.10 10.74 11.60 12.51 12.77 12.66 12.68 12.67 12.50 12.26 12.02 11.79 11.31 11.02 10.97 10.85 10.48 9.88 9.43 9.53 9.83 10.13 10.41 10.82 11.06 10.94 10.25 9.52 8.98 8.46 7.75 7.94 8.74 9.48 9.97 10.28 10.47 10.62 10.77 10.92 10.78 10.55 10.32 10.09 9.80 9.64 9.67 9.87 9.95 10.19 11.00 11.84 12.50 12.85 12.96 12.99 13.27 13.44
10.66 10.54 10.38 10.60 11.26 12.07 12.75 13.20 13.41 13.54 13.67 13.83 13.83 13.38 12.41 11.17 9.91 8.83 8.12 8.15 9.10 10.17 10.93 11.50 12.12 12.44 11.95 11.13 10.68 10.55 10.57 10.84 11.19 11.38 11.13 10.86 10.60 10.14 9.58 9.33 9.78 10.59 10.96 11.06 11.15 11.40 11.53 11.43 11.17 11.21 11.21 10.93 10.46 10.19 10.22 10.18 10.26 10.62 11.06 11.29 11.32 11.36 11.20 11.04 10.83 10.56 10.35 10.43 10.75 10.82 10.70 10.75 11.10 11.50 12.09 12.97 13.83 14.40 14.60 14.49
10.60 10.51 10.37 10.58 11.02 11.57 11.90 12.06 12.12 12.24 12.49 12.66 12.47 11.80 10.75 9.53 8.37 7.69 7.66 8.28 9.33 10.18 10.81 11.25 11.57 11.41 10.54 9.60 8.92 8.58 8.77 9.28 9.86 10.27 10.54 10.54 10.26 9.91 9.87 10.37 11.15 11.55 11.57 11.50 11.49 11.55 11.51 11.21 11.10 11.31 11.57 11.75 11.76 11.45 10.71 10.17 10.25 10.72 11.21 11.56 11.79 11.99 11.93 11.76 11.50 11.25 11.18 11.33 11.49 11.24 10.96 10.88 10.88 10.98 11.39 12.14 12.93 13.48 13.63 13.55
10.49 10.45 10.43 10.54 10.62 10.62 10.51 10.34 10.34 10.62 11.01 11.11 10.70 9.87 8.78 7.83 7.54 7.95 8.96 9.93 10.43 10.73 10.94 11.05 10.93 10.27 9.08 8.04 7.33 7.04 7.18 7.49 7.86 8.44 9.09 9.63 10.07 10.48 11.02 11.51 11.73 11.65 11.43 11.35 11.36 11.35 11.16 10.71 10.31 10.09 10.16 10.56 10.97 10.93 10.36 10.04 10.23 10.70 11.19 11.69 12.18 12.53 12.51 12.31 12.00 11.68 11.44 11.22 10.94 10.48 10.41 10.51 10.64 10.79 11.01 11.19 11.36 11.40 11.58 12.08
10.75 10.92 11.12 10.98 10.65 10.20 9.79 9.50 9.53 9.90 10.09 9.70 8.77 7.63 6.67 6.63 7.73 9.40 10.73 11.43 11.74 11.81 11.71 11.52 11.24 10.64 9.38 7.95 7.04 6.75 6.70 6.77 7.02 7.44 8.04 8.94 9.95 10.69 11.01 11.00 10.83 10.76 10.75 10.81 10.94 10.96 10.73 10.10 9.26 8.67 8.50 8.66 9.03 9.49 9.66 9.84 10.11 10.53 11.05 11.65 12.24 12.64 12.59 12.36 12.04 11.70 11.31 10.86 10.42 10.00 9.95 10.12 10.35 10.43 10.44 10.60 10.44 10.12 9.99 10.46
11.26 11.53 11.68 11.37 10.86 10.29 9.84 9.61 9.56 9.41 8.76 7.63 6.36 5.34 5.04 5.70 7.35 9.29 10.64 11.53 12.03 12.20 12.13 12.08 12.09 11.81 11.04 9.93 9.15 9.00 9.03 8.88 8.95 9.07 9.32 9.82 10.32 10.50 10.36 10.08 9.83 9.82 10.14 10.44 10.69 10.73 10.44 9.73 8.88 8.33 8.00 7.53 7.22 7.43 8.06 8.94 9.73 10.32 10.86 11.47 12.02 12.23 12.12 11.85 11.70 11.63 11.45 11.10 10.73 10.27 9.97 9.96 10.05 10.13 10.35 10.54 10.29 9.84 9.33 9.13
