project/data/elevation/US_DEM2016/US_DEM2016_point_10-31-2019_0753_30m_ang.asc
ncols	125
nrows	167
xllcorner	-2042055.000000
yllcorner	1465035.000000
cellsize	30.000000
NODATA_value	-9999.000000
[rows 106 to 158 of 167, columns 0 to 95 of 125]
347 350 356 358 359 358 357 355 358 3 10 14 14 10 4 359 353 349 349 350 352 354 355 355 356 0 3 4 3 2 1 360 359 358 357 356 354 352 352 355 359 359 357 357 358 2 6 10 12 12 13 13 7 357 350 346 345 344 343 343 345 350 355 358 360 2 5 7 6 1 355 350 347 347 352 2 10 13 11 8 6 4 1 358 359 2 4 4 3 1 359 358 357 355 355 356
349 351 355 358 359 360 0 1 4 6 8 7 5 2 358 356 357 357 356 354 353 352 352 353 355 359 1 2 2 3 3 3 3 2 1 360 358 355 354 356 357 357 357 358 359 1 5 9 13 16 16 13 5 356 350 348 345 342 341 342 345 349 353 356 358 0 3 7 7 5 359 354 351 351 353 360 8 12 13 10 7 4 1 358 356 357 360 1 1 360 358 356 355 354 355 358
353 353 355 357 359 360 2 3 4 4 2 1 358 356 354 355 358 360 360 358 356 354 352 353 356 360 1 1 1 2 4 5 4 4 3 2 1 359 357 356 355 355 357 360 1 0 2 6 12 15 15 11 4 358 353 350 345 341 340 341 344 347 350 355 357 360 3 5 7 6 2 358 355 355 356 359 6 11 13 11 7 3 2 1 359 357 358 359 359 358 357 356 355 355 356 359
354 354 355 357 357 358 360 1 1 359 357 355 353 353 353 355 357 359 359 358 357 356 355 356 359 1 2 2 2 2 3 4 4 3 2 2 3 2 359 356 355 357 359 1 0 358 359 3 8 11 12 9 6 2 357 353 347 343 342 342 343 346 349 354 357 0 3 4 5 5 4 1 359 358 358 359 4 10 13 11 6 3 1 2 1 359 358 358 358 357 356 356 356 357 358 360
353 354 356 356 356 357 357 357 355 354 352 351 351 351 353 356 357 357 358 358 357 356 356 358 1 3 3 3 4 4 4 3 2 1 360 0 2 3 1 359 359 0 1 360 358 356 356 359 4 7 9 9 7 4 1 357 352 348 346 344 344 346 349 353 358 2 3 3 3 3 3 3 1 360 359 359 3 9 12 11 7 2 1 2 2 1 359 358 358 357 356 355 356 358 359 0
351 353 356 356 355 355 354 352 350 349 349 350 351 352 355 358 359 357 357 357 356 355 356 359 3 5 4 3 5 5 4 3 2 2 1 1 2 3 2 1 2 1 360 358 355 355 355 358 1 5 7 7 7 6 4 1 358 354 351 348 347 347 349 353 358 3 3 2 0 0 2 4 3 1 360 360 3 8 12 11 7 2 1 1 2 2 0 359 359 359 358 356 356 357 359 0
350 352 355 354 353 352 351 349 348 347 349 350 353 355 358 1 1 358 357 357 355 353 353 358 3 5 5 5 5 4 4 2 2 2 3 4 4 3 2 1 1 360 358 356 354 354 356 358 1 4 6 6 6 6 5 4 2 360 357 353 350 349 350 354 359 2 2 1 359 360 2 3 3 2 1 1 3 7 11 11 7 3 1 1 2 3 2 1 360 0 359 358 357 358 359 360
351 352 353 352 350 348 347 346 347 348 350 352 355 358 1 3 1 358 356 355 354 352 352 356 1 3 5 7 6 5 5 3 1 1 3 5 5 3 1 359 359 359 358 355 352 353 357 359 1 4 6 6 6 6 5 5 5 3 360 356 353 351 352 355 358 0 1 360 359 0 2 3 4 3 2 2 4 7 11 11 8 4 2 1 1 3 3 1 0 1 0 359 358 359 0 359
353 352 352 351 348 345 344 346 348 351 353 356 358 2 4 2 358 355 354 354 353 353 353 355 357 360 5 8 8 7 7 6 3 360 0 3 4 2 359 358 358 358 357 355 353 354 357 360 1 4 6 7 7 6 5 4 4 2 359 357 355 354 354 356 358 359 360 0 0 1 2 3 4 3 2 3 5 7 10 11 9 6 2 1 1 0 359 359 0 1 0 359 359 360 0 360
353 352 352 351 348 344 344 348 353 356 359 1 2 2 0 356 353 352 352 353 354 356 356 352 351 356 3 8 9 7 7 8 7 3 0 359 359 358 357 356 356 356 356 356 356 356 357 359 0 2 4 6 7 8 7 4 1 358 355 355 355 354 354 356 358 359 360 1 2 2 2 3 4 4 3 3 5 7 10 11 11 7 3 1 358 355 355 357 359 0 359 359 358 359 360 0
352 352 352 351 349 346 346 350 356 359 1 2 1 358 354 352 350 350 351 353 357 1 0 352 347 352 1 7 8 6 5 8 9 8 3 359 356 356 355 355 355 355 356 358 359 360 358 357 358 359 1 5 8 9 8 6 2 358 354 353 353 353 352 354 357 359 1 3 4 3 2 3 4 4 3 3 5 6 9 12 12 8 4 1 356 352 353 356 358 359 359 358 358 359 360 0
350 351 353 352 351 350 349 351 355 358 359 359 357 354 351 349 349 351 352 355 0 5 4 358 349 349 356 5 8 6 3 5 8 9 6 1 358 357 355 354 354 355 355 358 2 4 2 357 354 355 358 2 7 9 9 7 4 1 357 354 353 353 352 353 355 359 3 6 6 4 2 2 3 4 3 3 4 5 8 10 10 7 4 1 357 355 355 357 358 359 358 357 357 358 359 359
350 351 353 353 353 353 351 352 354 355 354 353 352 350 349 349 351 353 355 358 1 4 6 3 356 351 355 2 7 7 3 0 3 6 7 5 2 359 357 355 355 354 354 357 2 7 6 359 352 351 355 359 5 8 9 7 5 3 2 359 356 355 353 353 355 359 4 7 6 4 2 2 2 2 2 2 3 4 6 8 8 7 4 2 0 360 359 358 358 359 358 357 356 356 357 358
351 351 352 353 354 354 353 353 353 352 350 348 348 348 349 351 354 355 357 359 1 3 5 4 0 356 356 0 5 7 5 359 357 1 5 6 4 1 358 356 355 354 353 356 2 9 9 3 353 350 352 357 2 5 7 7 5 4 4 3 0 358 357 356 357 1 4 5 4 3 3 2 2 2 1 0 2 3 5 6 7 7 5 3 3 4 2 0 360 359 358 357 355 355 356 357
353 352 352 353 354 354 353 353 353 350 347 346 346 348 350 353 355 357 360 1 2 3 4 3 1 358 356 358 3 7 7 3 358 356 0 4 4 1 357 355 355 354 353 356 2 9 11 7 358 351 351 354 358 1 5 6 6 4 4 4 4 2 360 359 360 1 2 2 2 2 3 3 4 3 1 360 1 3 4 6 8 8 6 5 5 5 3 1 0 359 358 357 355 354 354 356
354 353 352 352 354 353 352 353 352 349 346 346 347 349 352 355 357 360 2 2 2 3 3 3 1 358 355 355 0 5 8 6 2 358 358 2 2 359 356 354 354 353 354 358 3 8 11 9 2 354 350 351 354 358 3 7 7 6 4 4 5 3 1 0 360 359 360 1 2 3 3 4 5 4 2 1 1 1 3 6 8 8 6 6 6 4 2 1 0 360 358 357 355 353 352 354
355 354 352 353 353 352 350 350 350 348 347 347 348 350 353 357 360 1 1 0 1 2 3 3 2 358 354 352 357 4 7 7 5 1 0 0 360 357 354 353 352 353 356 2 6 8 11 10 5 356 350 348 350 354 0 6 8 7 5 4 5 3 1 360 359 358 359 1 2 3 4 4 5 5 3 2 1 0 3 7 10 9 7 6 5 4 2 1 360 359 358 357 355 353 352 353
356 355 353 352 352 351 349 347 347 348 348 349 349 350 355 359 0 360 358 358 0 2 4 4 2 359 355 352 354 1 7 8 6 3 1 360 359 357 354 352 351 354 1 8 8 7 9 10 6 359 351 346 345 350 357 3 7 7 6 5 4 3 1 360 358 358 359 0 2 4 5 6 6 6 4 2 1 1 4 9 12 10 7 5 4 4 3 1 359 358 357 356 355 354 353 354
358 356 353 352 351 350 348 345 344 346 349 350 350 352 356 357 358 358 359 360 1 3 3 2 1 1 358 353 353 359 6 8 7 3 0 360 360 359 355 352 353 359 7 10 8 6 7 8 7 2 355 349 346 347 352 359 4 6 6 4 3 2 1 0 358 357 358 360 2 4 7 8 9 8 5 3 2 3 6 10 11 11 8 5 2 2 2 360 358 356 356 356 355 354 354 355
358 357 354 353 351 350 348 345 343 345 348 351 352 354 355 355 357 0 2 2 2 1 360 359 359 1 1 357 355 357 4 8 8 4 0 360 0 359 356 353 356 3 6 7 6 6 6 7 6 2 358 354 351 350 351 354 360 4 4 3 2 1 359 358 357 358 359 1 3 5 7 10 12 10 7 5 4 4 5 9 12 12 9 4 1 0 360 357 355 354 355 355 355 355 355 356
356 357 357 355 353 350 348 346 344 344 347 351 355 357 355 354 359 3 4 2 359 357 356 357 358 1 1 360 358 358 3 7 9 6 2 360 359 358 356 355 358 1 2 3 4 5 6 6 5 3 359 356 353 352 351 353 356 1 2 2 1 360 358 356 357 359 0 1 3 6 8 12 14 12 9 8 7 5 4 8 12 12 8 3 0 1 359 355 352 352 353 355 355 355 355 356
355 357 359 358 354 351 349 347 345 344 346 351 357 359 357 357 0 2 1 358 357 356 355 356 359 0 1 1 0 359 1 6 9 9 5 360 357 356 356 355 356 358 359 1 2 3 5 6 6 5 2 359 355 353 352 352 354 358 1 2 1 359 357 356 358 360 360 0 3 7 12 15 15 13 10 10 9 8 6 6 9 9 5 3 3 3 358 352 350 351 353 354 354 354 353 354
360 0 0 358 353 349 348 348 347 345 346 351 357 360 359 359 359 359 356 355 355 356 357 359 359 359 360 1 1 359 360 4 9 9 6 0 357 356 356 355 355 356 358 359 359 360 2 5 7 7 4 1 358 355 354 353 353 355 360 2 2 360 358 358 358 359 358 359 3 10 16 17 16 13 11 10 9 9 8 5 5 5 5 6 7 3 356 350 349 350 352 353 354 353 352 352
7 5 0 357 353 349 348 349 348 347 347 351 355 358 358 357 356 355 354 353 354 357 1 3 1 358 359 1 1 359 359 3 7 8 6 2 358 357 356 355 355 356 356 356 356 356 359 3 7 9 8 5 1 358 356 354 353 354 358 2 2 0 359 359 358 357 356 359 7 15 18 18 16 13 12 9 7 7 7 5 3 3 5 7 6 0 355 352 351 351 352 353 353 352 351 351
10 7 0 356 354 351 349 349 349 349 348 350 353 354 355 355 354 354 354 355 356 360 4 5 2 359 359 0 360 359 359 1 5 7 6 3 359 357 356 356 355 355 355 353 353 353 357 2 8 11 11 8 4 0 358 357 355 355 357 0 2 0 359 358 357 356 357 3 11 16 18 17 14 12 11 9 7 6 4 4 3 3 4 4 1 358 356 356 356 354 352 352 353 352 351 351
9 6 360 356 355 355 353 351 350 349 348 348 350 351 352 353 353 354 356 358 0 2 5 4 1 359 358 359 359 359 359 1 2 5 6 5 1 356 355 355 355 354 353 352 352 352 356 2 8 13 13 9 4 2 360 358 357 356 357 359 0 360 359 358 357 357 0 8 14 16 15 14 13 11 9 9 8 6 3 1 1 1 1 1 360 359 360 1 0 357 354 352 352 352 351 350
7 4 360 356 355 356 357 354 351 349 348 347 347 348 351 353 354 356 360 3 4 3 3 2 0 358 357 357 358 358 358 359 1 4 7 7 3 358 354 353 352 353 353 353 353 354 358 3 8 12 11 8 5 3 1 360 358 357 358 359 360 359 358 358 358 360 4 10 13 14 14 13 12 10 9 8 7 5 3 359 357 357 359 1 2 2 4 5 3 359 354 352 351 352 351 351
4 3 360 357 355 356 358 358 354 351 349 348 347 347 349 352 355 359 3 5 3 2 1 1 359 357 356 356 357 356 355 356 359 3 6 7 5 1 356 352 350 351 353 354 355 358 1 4 7 8 8 7 6 4 3 1 359 358 359 360 359 358 357 358 360 3 7 11 12 12 12 12 11 10 9 7 4 2 1 358 355 356 359 3 5 6 6 6 4 359 354 351 351 351 352 351
360 360 359 358 357 356 357 359 357 354 352 351 348 346 347 350 355 0 2 2 1 1 1 0 359 358 355 354 355 355 354 354 357 1 4 5 5 4 360 355 352 351 353 355 358 1 2 4 4 4 4 5 6 6 4 2 0 359 360 0 359 358 357 358 0 4 8 10 10 10 12 12 12 10 8 5 2 359 357 356 357 359 1 4 6 8 8 7 3 358 354 350 350 351 352 352
354 356 358 0 360 358 357 358 359 358 356 354 351 347 346 349 355 358 359 360 0 1 1 0 360 358 356 354 354 354 354 354 355 358 0 2 4 5 4 1 356 354 353 356 0 2 2 2 2 1 1 3 6 7 6 4 2 1 1 0 359 358 357 358 0 5 8 8 8 9 11 13 12 10 6 2 359 356 354 356 360 4 5 6 8 8 7 5 2 357 354 351 349 350 352 352
351 353 357 0 1 1 359 359 360 0 359 356 352 349 348 350 353 355 357 359 0 0 0 0 360 359 357 354 352 352 352 353 354 355 357 360 3 6 7 6 3 359 356 359 1 1 0 1 360 358 359 2 6 8 8 6 5 3 1 360 359 358 358 358 0 4 7 7 7 9 10 11 11 9 5 360 355 352 352 356 3 7 9 9 8 7 5 3 1 357 355 352 349 349 351 352
352 354 357 359 0 1 359 358 359 360 359 356 354 353 353 354 354 354 357 358 359 359 359 360 0 0 359 355 352 350 350 351 353 354 356 359 3 6 9 11 9 4 1 0 1 360 359 359 356 355 357 2 6 8 9 8 7 5 2 359 358 358 359 359 0 3 5 5 6 7 8 8 7 5 3 359 355 351 351 356 3 8 10 11 8 5 4 3 1 358 354 351 349 350 351 352
358 359 359 358 357 357 356 355 355 357 357 355 355 356 358 358 356 356 357 357 357 357 357 359 0 1 0 357 353 349 348 349 351 353 356 359 3 8 12 13 12 8 3 0 359 358 358 356 354 354 357 1 5 8 10 9 8 6 2 359 358 359 360 360 1 3 4 3 4 5 5 4 2 1 0 359 357 354 353 356 1 6 9 10 8 5 5 4 2 359 355 351 350 351 352 353
6 6 2 358 355 353 351 351 351 353 354 355 356 359 1 1 358 357 357 356 355 356 356 358 360 1 1 360 356 351 349 349 351 353 356 0 4 9 12 13 11 7 3 359 357 356 356 354 353 354 357 1 5 8 10 10 8 5 2 0 0 1 1 0 1 3 3 2 2 2 1 359 358 358 359 359 359 357 355 355 357 3 7 9 7 6 6 5 4 2 358 354 353 353 353 354
12 10 3 357 355 353 351 350 348 348 351 354 357 0 2 2 359 358 356 355 354 355 356 357 359 0 0 0 359 356 352 351 352 354 357 2 7 10 12 11 9 4 359 356 355 354 354 353 353 355 358 1 5 9 10 9 7 4 3 3 3 3 1 360 0 2 3 1 360 359 357 356 355 356 358 360 1 359 356 354 354 359 4 7 6 6 5 6 5 5 3 1 358 356 355 355
12 8 1 357 356 356 355 352 349 348 350 353 358 1 2 1 359 357 355 353 353 354 356 358 359 359 359 360 360 359 356 354 354 356 360 4 8 10 10 8 4 360 356 354 354 354 353 352 353 355 358 1 5 9 10 8 6 5 5 5 5 4 2 359 360 2 2 0 358 356 355 355 356 357 359 1 1 359 356 353 353 356 1 5 6 4 3 4 6 7 7 7 4 0 358 357
8 5 0 357 357 358 359 356 353 351 351 354 358 0 1 0 359 356 353 352 353 354 356 359 359 359 358 359 360 360 359 357 357 359 2 6 8 9 7 4 359 355 354 354 355 355 354 353 353 355 359 2 5 8 9 8 6 6 7 7 5 3 1 359 359 1 2 359 357 356 355 356 357 359 360 0 360 358 355 353 352 354 359 4 7 4 360 0 4 9 11 10 7 3 1 359
4 2 360 357 356 357 359 359 357 355 354 356 358 359 359 359 357 355 353 352 353 355 357 359 359 358 357 358 359 360 360 359 359 1 4 6 8 8 4 358 355 353 354 355 355 355 355 354 354 356 0 3 5 7 8 8 8 8 8 7 4 1 359 359 359 0 0 358 356 356 357 358 358 359 360 359 357 357 356 354 352 353 358 3 6 5 1 358 2 8 12 11 8 5 3 1
1 0 359 358 357 356 358 360 0 359 357 357 358 358 358 357 356 355 354 354 355 356 357 358 358 357 357 357 358 360 0 1 1 3 4 6 7 5 0 355 353 353 355 356 356 355 355 354 355 357 1 3 5 6 7 9 10 10 9 7 3 359 358 358 358 359 359 357 355 356 357 359 359 1 360 356 354 355 356 356 354 354 356 0 3 5 5 1 1 6 11 11 8 5 4 3
359 359 359 360 360 358 357 358 360 360 358 357 358 358 357 355 355 355 356 356 357 357 357 356 356 357 357 357 357 359 1 2 2 4 4 4 4 3 359 355 353 354 356 357 355 354 354 355 356 359 2 4 5 5 6 8 10 10 10 7 3 359 357 357 357 358 357 356 356 356 357 359 1 2 359 353 351 353 357 358 356 354 355 358 1 5 8 7 3 3 8 10 9 6 4 3
356 358 1 2 2 1 358 356 357 358 358 357 358 358 356 355 355 357 359 358 358 357 355 353 353 355 357 357 357 0 2 3 4 4 3 2 2 1 360 356 353 354 355 356 355 354 354 355 357 360 3 6 6 4 4 6 8 9 9 7 5 1 357 355 355 356 356 355 355 356 356 359 1 360 356 352 350 353 358 0 358 355 354 356 0 6 10 10 6 3 4 9 10 7 4 3
355 360 6 6 3 360 356 353 354 356 356 357 357 357 356 356 357 359 359 359 358 357 355 352 351 354 356 357 358 1 3 5 5 4 3 1 1 1 0 358 355 353 354 354 355 355 355 355 357 1 6 7 4 2 2 4 6 8 8 8 7 5 359 355 354 355 355 354 354 355 357 359 359 356 352 351 352 354 358 1 0 356 354 356 1 6 10 11 8 4 3 8 10 8 4 2
356 2 9 8 3 358 354 352 351 352 354 356 357 356 356 356 357 357 358 359 359 357 355 352 351 352 355 358 360 1 3 5 5 4 2 1 0 0 360 359 357 355 352 353 355 356 356 356 358 3 7 6 2 0 0 2 4 6 7 8 8 7 2 357 355 355 354 352 352 354 357 358 356 352 350 352 354 355 357 0 1 358 354 356 2 7 9 9 8 6 4 7 10 9 5 2
358 3 9 9 5 359 355 353 350 349 352 355 356 355 355 355 356 356 358 1 1 358 355 352 352 353 355 359 1 360 0 2 3 2 1 360 359 358 359 360 360 358 354 352 354 356 357 357 1 5 6 3 0 359 359 0 3 5 7 8 8 7 4 0 357 356 354 352 352 353 355 354 352 350 351 353 356 356 357 359 1 0 356 356 2 7 7 7 8 7 6 8 10 10 6 2
359 3 8 10 6 0 356 354 352 351 351 353 354 353 353 353 354 356 360 2 2 360 356 353 353 355 358 0 1 359 358 359 1 0 359 358 357 358 359 0 2 0 357 353 353 354 357 359 2 5 5 2 359 358 358 359 1 3 6 7 7 7 6 3 359 356 355 353 351 352 352 351 351 351 352 354 356 357 357 358 1 1 359 358 1 4 5 6 8 8 8 8 10 10 7 3
1 3 7 9 6 1 357 356 356 355 353 351 351 351 351 351 353 356 359 360 0 360 358 356 356 358 0 1 0 358 357 357 358 358 357 357 357 358 359 0 2 2 360 356 353 353 356 0 3 5 3 1 359 358 357 358 360 3 5 6 6 7 7 6 2 357 354 352 350 349 349 350 352 353 353 353 355 356 357 358 1 2 1 1 1 1 3 5 7 9 9 9 9 9 7 3
4 4 4 5 4 2 360 359 360 358 353 349 348 349 349 349 351 353 354 356 357 359 360 360 0 1 1 1 360 359 358 357 358 357 356 357 357 357 358 360 2 2 2 359 355 354 357 1 4 4 2 360 359 358 357 358 359 2 3 4 5 7 8 9 5 358 353 350 349 348 348 350 354 355 353 352 353 355 357 359 1 3 3 2 0 360 1 4 6 8 10 10 9 9 7 4
7 3 360 360 1 4 6 5 3 359 353 348 347 348 348 348 349 350 351 352 355 358 360 2 3 3 2 1 0 360 359 359 358 357 356 357 357 356 357 359 1 2 2 0 358 357 359 3 5 3 360 359 359 359 358 358 359 0 2 3 4 6 9 10 7 360 352 350 349 349 349 351 354 355 354 353 353 355 357 360 2 4 4 2 0 359 0 3 5 8 10 10 9 8 7 4
2 359 356 356 1 6 8 7 5 1 356 351 349 348 348 348 347 348 349 352 355 357 359 2 4 3 3 2 1 1 0 359 358 357 356 356 356 356 356 358 1 2 2 1 0 360 2 5 4 0 358 358 359 359 359 359 358 359 0 2 3 6 8 9 7 1 354 351 350 350 351 352 352 353 353 354 354 356 358 1 3 3 3 1 360 359 0 2 5 8 10 9 7 7 6 4
353 353 353 356 1 5 7 8 7 5 1 357 352 349 348 348 347 348 349 351 354 356 359 2 3 3 3 2 2 2 1 359 358 357 355 355 355 356 357 358 0 2 2 2 2 3 4 5 2 358 356 357 358 359 0 360 359 358 359 1 2 4 6 7 6 2 357 353 351 352 353 353 352 351 352 354 356 358 0 2 3 2 2 0 359 360 1 2 5 8 8 6 5 5 5 5
344 346 351 356 0 3 5 7 7 7 6 3 357 351 348 348 348 348 349 351 352 356 360 2 3 2 2 2 3 2 1 359 358 357 356 354 354 356 358 360 1 2 2 2 3 3 3 3 1 358 356 357 358 360 0 0 359 358 359 360 2 3 4 4 4 3 360 356 355 354 354 354 352 351 353 355 357 359 0 1 1 1 1 360 359 0 1 3 5 6 5 4 3 4 5 6
341 343 349 355 358 1 3 5 6 8 9 8 3 355 349 348 349 349 349 350 352 356 0 2 2 2 2 2 2 2 2 0 358 357 356 355 354 356 358 0 2 2 2 2 2 2 2 2 1 359 357 358 359 360 0 360 359 359 358 359 1 2 1 1 2 2 2 0 359 357 355 355 354 353 355 357 358 359 359 359 360 1 0 359 359 1 2 4 4 4 3 2 2 3 6 8
342 344 349 354 358 359 0 2 4 6 9 10 7 0 352 350 350 350 350 351 353 357 359 1 1 1 1 1 1 1 2 1 359 358 357 355 355 356 358 0 1 2 3 2 1 1 1 1 360 359 359 360 0 360 359 359 359 359 358 359 0 1 360 359 359 1 3 3 1 359 356 355 355 356 357 358 359 359 357 357 358 360 360 359 359 1 3 4 3 3 2 2 2 4 6 7
