project/data/elevation/US_DEM2016/US_DEM2016_point_10-28-2019_0543_30m_ang.asc
ncols	125
nrows	167
xllcorner	-2042055.000000
yllcorner	1465035.000000
cellsize	30.000000
NODATA_value	-9999.000000
[rows 59 to 117 of 167, columns 0 to 95 of 125]
359 1 5 9 11 13 13 13 11 9 14 7 9 12 10 10 10 9 8 8 7 6 6 6 7 9 10 9 8 6 5 5 5 5 4 2 3 5 6 8 10 10 11 10 8 6 7 8 5 3 7 18 23 23 19 16 16 17 15 13 12 11 11 16 20 23 23 18 13 10 11 15 19 18 13 7 2 358 354 353 353 356 359 2 3 3 2 1 359 359 358 357 355 356 0 10
358 360 5 8 10 13 16 17 17 13 8 5 5 6 6 6 7 7 6 7 7 5 4 4 7 9 10 9 9 9 9 7 5 3 1 0 2 3 4 6 9 12 16 18 15 10 8 7 3 359 1 9 16 16 14 13 14 14 14 12 9 7 6 10 17 21 21 17 12 11 12 14 14 10 6 2 359 357 356 356 358 2 3 4 356 4 3 0 357 356 356 354 353 357 6 14
357 0 6 9 10 13 18 21 22 18 12 7 5 5 4 5 8 10 11 10 8 5 4 6 10 11 10 9 9 10 11 10 7 2 359 357 359 2 4 6 10 15 21 22 19 12 8 4 0 358 358 1 6 9 8 8 10 11 11 9 6 2 2 6 14 20 21 18 14 11 11 10 7 5 3 2 0 360 1 3 5 7 7 7 6 5 3 359 356 355 354 352 353 359 7 10
359 2 7 9 11 13 18 23 26 24 20 15 13 11 9 9 13 21 24 20 12 7 8 11 13 11 9 8 7 7 9 11 10 6 1 357 358 2 5 8 12 17 21 21 17 11 7 3 0 358 358 360 3 5 5 5 7 8 7 5 2 0 1 5 13 19 21 19 16 13 11 8 6 5 5 4 4 5 8 10 11 12 12 5 8 7 5 359 354 353 352 351 353 359 3 3
4 5 7 8 10 13 18 24 28 28 26 25 24 22 18 14 22 23 25 23 18 14 11 10 9 7 6 6 5 3 5 9 11 10 6 2 1 4 8 11 14 15 17 17 15 11 8 6 3 1 1 2 4 5 4 3 4 4 2 360 359 0 4 9 14 19 20 20 18 15 12 9 7 7 9 9 10 11 14 16 18 17 17 15 3 355 6 359 353 351 350 350 353 356 356 357
7 7 7 7 9 13 18 24 27 28 28 28 27 25 21 15 15 12 17 19 20 18 12 4 1 1 3 5 4 2 1 3 8 11 10 8 6 8 10 12 12 12 13 14 14 12 10 9 7 6 5 4 5 5 3 2 2 0 358 358 359 4 9 13 16 18 20 21 20 17 15 13 11 11 13 16 17 16 18 22 24 23 23 21 18 356 6 359 353 349 348 349 352 353 352 353
8 8 8 8 9 13 18 22 24 25 25 25 25 24 22 17 8 3 8 15 19 19 13 3 356 356 0 3 4 3 0 359 1 6 8 7 7 8 9 8 8 9 11 14 15 13 11 10 11 11 9 6 5 4 2 1 360 357 356 359 3 8 12 15 17 19 21 23 21 19 17 17 16 15 17 22 24 23 24 29 32 32 30 29 23 14 4 356 352 349 348 348 350 351 349 349
7 7 8 9 11 14 18 19 19 19 20 21 23 24 23 20 11 2 1 8 14 16 13 6 357 354 357 1 5 5 3 0 359 360 1 1 3 5 6 6 7 9 12 15 16 13 11 11 13 14 12 9 5 3 1 360 358 356 357 2 8 11 15 17 19 20 22 23 21 20 20 20 21 20 21 27 31 32 32 37 42 43 41 36 27 12 358 351 349 349 348 349 350 351 349 349
6 7 9 10 12 15 16 14 19 13 15 17 20 22 23 21 16 6 359 1 7 12 12 9 1 355 356 0 5 7 6 4 1 358 357 356 358 1 4 6 8 10 15 18 17 13 11 11 13 14 14 12 7 1 359 357 356 356 360 7 11 14 16 18 18 20 23 25 23 23 23 23 25 27 28 32 39 42 39 47 52 35 44 35 21 5 351 346 345 346 347 350 353 354 353 352
4 6 10 12 14 15 15 12 9 9 11 14 17 19 20 20 19 12 2 358 1 7 10 8 3 358 357 1 5 7 8 7 4 1 357 355 356 0 4 7 9 12 17 21 20 15 11 11 12 12 13 12 7 0 355 354 356 360 7 12 14 15 16 15 17 22 28 31 29 28 30 29 31 34 36 39 45 48 50 49 48 43 33 23 10 358 349 344 342 342 345 350 355 358 358 356
3 6 11 14 15 16 15 13 11 10 9 10 13 15 16 18 19 16 8 360 359 3 5 6 4 1 1 3 5 6 7 7 7 5 1 357 356 0 4 6 9 13 19 22 21 16 12 12 13 12 11 9 4 356 354 353 358 7 14 16 17 16 15 15 20 28 36 39 37 36 38 37 37 41 44 45 47 48 45 39 34 26 18 11 3 354 349 345 341 340 344 350 356 0 2 0
3 6 11 15 16 17 16 17 18 16 13 9 8 10 12 14 17 17 13 4 0 1 2 4 5 5 6 6 6 5 4 5 6 5 3 358 356 359 2 5 8 13 19 23 22 18 15 15 14 10 6 2 359 356 356 357 6 16 19 20 21 20 19 20 25 31 36 37 36 33 31 31 33 38 43 43 40 36 32 27 21 14 8 2 357 353 350 348 345 344 347 353 358 2 5 6
4 6 11 15 17 17 16 18 21 21 18 11 5 4 7 10 13 16 14 8 2 1 1 2 5 8 10 10 9 7 3 1 1 2 2 358 356 357 360 3 8 14 20 24 24 22 18 14 9 5 2 0 359 358 1 3 10 16 18 20 21 20 19 19 20 22 26 29 28 26 23 24 27 31 34 33 29 25 21 16 10 5 1 357 354 354 354 354 353 352 354 357 1 4 8 11
4 6 11 14 16 16 15 17 19 20 19 14 7 2 3 6 9 12 12 9 3 0 1 2 6 10 13 13 11 8 4 1 360 359 359 357 355 356 359 4 10 16 22 26 26 22 14 8 5 3 3 3 3 2 1 3 8 11 14 15 16 15 13 11 10 13 19 25 27 26 25 26 29 29 27 23 20 16 11 5 1 359 358 357 355 356 358 2 3 2 2 2 5 8 12 15
5 7 10 14 16 15 14 14 15 15 15 13 9 5 3 3 4 6 8 7 3 1 2 5 8 11 14 14 13 10 7 4 2 1 359 357 355 355 359 5 11 15 20 24 23 18 12 7 5 5 6 8 7 4 1 2 4 8 10 12 11 10 8 7 8 12 20 28 32 32 32 32 31 26 20 16 12 7 1 357 355 356 357 359 0 1 4 8 10 11 9 8 9 12 15 16
5 6 10 13 14 14 13 11 10 9 9 9 9 8 5 2 360 360 2 4 4 3 5 8 11 11 13 15 15 13 10 7 4 3 2 359 355 355 360 5 9 12 18 22 22 18 12 10 9 8 8 10 10 6 2 1 2 4 7 9 9 7 7 8 13 19 26 33 37 39 37 33 28 21 14 8 4 360 355 353 353 355 358 2 7 10 8 9 13 16 16 14 13 15 16 16
5 6 9 11 12 13 12 8 4 3 4 7 8 8 5 1 357 356 358 2 5 7 9 13 14 12 11 14 17 16 14 10 7 5 3 359 355 356 360 4 7 12 17 22 24 22 16 12 11 10 8 7 8 6 2 1 1 3 5 7 7 7 10 16 24 30 32 35 38 38 35 28 22 14 6 1 358 355 354 354 355 356 359 4 12 15 14 10 12 16 18 17 16 16 16 15
2 5 9 10 10 10 8 4 1 1 3 7 8 6 3 359 356 355 357 1 6 9 13 16 17 14 10 11 16 18 16 13 10 7 3 359 356 356 1 5 9 12 16 22 25 24 18 13 10 9 7 5 5 4 1 359 1 2 4 5 6 10 17 26 32 32 30 31 33 32 27 21 13 7 1 357 355 356 358 360 1 359 358 1 9 16 17 14 12 13 16 16 16 16 15 14
358 3 9 9 8 5 4 3 3 5 7 8 6 3 360 357 355 356 358 2 6 11 15 18 19 17 12 9 13 17 18 16 12 8 4 1 359 359 3 7 8 10 15 23 28 27 21 16 12 9 8 6 4 360 357 357 360 2 3 5 9 15 23 27 28 26 24 24 24 21 18 12 6 2 0 358 357 358 3 7 8 6 3 359 0 7 13 15 14 14 14 14 14 14 14 13
353 0 10 10 5 3 4 7 11 10 9 6 4 0 357 355 356 357 360 3 7 12 16 19 21 21 16 9 9 14 17 17 14 11 8 5 4 3 5 7 9 11 17 26 32 32 27 20 15 11 7 4 360 355 352 354 357 0 2 7 13 20 22 22 20 19 17 15 13 12 11 7 3 1 2 2 1 3 8 12 13 12 10 5 1 0 5 11 15 16 14 13 12 13 13 11
351 359 10 10 5 3 6 9 10 9 6 3 0 357 355 355 357 359 2 5 8 13 17 21 24 25 20 10 7 12 16 17 17 14 12 10 9 8 7 10 13 16 21 28 34 36 31 21 13 7 2 358 356 353 351 352 356 1 5 12 19 21 19 16 14 12 9 7 7 8 8 6 3 3 5 7 8 9 10 12 15 16 15 12 7 3 2 6 11 14 13 10 10 10 10 8
353 360 8 8 6 5 6 7 7 5 3 360 357 355 356 357 359 1 4 7 10 14 18 22 27 28 25 14 8 10 13 15 17 17 16 14 10 10 10 13 16 17 20 25 30 32 27 16 7 1 358 356 355 354 352 352 357 5 11 16 19 18 14 10 7 4 2 3 6 8 8 8 6 4 7 11 13 13 11 10 12 16 18 17 13 8 5 4 7 9 9 8 7 7 6 4
359 1 3 4 4 4 4 4 3 2 359 356 355 355 357 0 3 4 6 9 13 16 19 24 29 31 30 22 12 10 11 10 12 16 17 15 12 10 10 12 13 13 15 19 24 26 23 14 5 360 357 356 356 355 354 353 2 4 9 12 13 12 9 5 1 359 359 3 8 10 10 10 8 5 7 12 14 15 13 9 7 11 18 20 19 14 9 6 5 5 6 5 4 3 2 360
3 1 360 1 2 3 3 2 0 358 356 354 355 357 360 4 7 8 9 11 14 17 21 25 29 33 33 28 19 13 9 3 0 6 13 12 9 7 8 9 9 10 12 15 20 23 21 15 8 2 359 357 355 354 354 353 360 1 5 9 9 8 5 1 358 357 1 6 9 11 12 13 11 6 6 10 14 15 15 13 8 6 14 21 22 19 13 8 4 3 3 3 1 359 358 359
3 1 359 0 1 1 1 360 358 355 354 354 356 360 3 6 10 12 13 14 17 20 23 27 30 33 33 29 21 13 8 2 356 356 2 5 6 5 5 5 6 8 11 14 19 22 22 18 11 4 360 357 355 355 354 354 359 359 2 5 6 6 4 1 358 358 2 5 8 10 14 16 14 9 5 8 12 15 16 16 13 7 9 19 23 22 18 12 5 2 3 2 359 357 359 4
1 1 0 0 0 359 358 357 356 354 354 355 359 2 5 8 13 17 18 18 20 23 25 27 28 29 29 25 18 12 8 5 0 356 356 359 1 2 1 2 5 9 12 15 18 22 22 18 12 6 1 359 358 357 355 354 353 355 359 1 3 4 3 2 1 360 0 3 6 11 17 21 20 12 5 4 9 14 16 18 17 13 8 13 21 23 21 16 9 5 4 4 2 1 7 15
360 360 359 359 359 358 357 356 354 354 354 357 1 4 8 11 17 22 24 23 23 23 22 22 22 22 22 20 15 12 10 9 6 1 356 355 356 358 360 3 7 10 12 13 16 19 19 16 12 8 5 3 1 359 356 353 352 353 356 358 1 3 4 5 4 0 358 360 5 12 19 24 23 16 7 3 6 11 15 17 19 16 10 8 17 22 21 18 14 10 8 7 7 9 13 17
359 358 357 357 357 356 356 356 354 354 356 359 3 6 10 16 23 29 29 26 22 19 17 16 16 17 18 17 15 12 12 13 11 6 358 353 351 355 1 7 10 10 11 13 16 18 18 16 13 12 10 8 5 2 358 354 357 352 356 357 1 4 6 6 6 2 357 358 5 12 19 24 23 18 11 8 8 10 12 8 15 17 12 7 10 17 20 20 17 14 11 11 11 12 13 14
358 357 355 354 355 356 357 356 355 354 357 1 5 9 14 22 28 30 27 23 18 15 13 12 12 14 16 18 16 13 12 13 14 10 3 355 349 354 3 9 11 11 13 15 16 18 18 17 15 14 13 11 9 7 2 356 352 352 355 358 1 4 5 7 7 4 358 358 4 11 16 20 21 19 15 12 11 11 10 8 9 12 11 6 4 10 16 18 16 14 12 12 12 12 12 12
356 356 354 354 355 357 357 356 355 355 358 3 8 14 20 24 25 23 21 19 16 13 10 9 10 13 16 19 18 14 9 10 12 13 9 2 356 357 4 10 12 14 15 15 17 19 21 20 17 15 14 12 11 8 4 358 354 353 355 358 0 2 5 7 9 6 0 358 3 9 13 17 19 18 16 15 14 12 11 9 8 8 7 5 4 6 10 11 11 10 11 12 12 12 11 9
354 355 355 355 356 357 356 355 356 358 1 6 13 20 23 20 18 17 17 17 15 13 10 9 11 15 18 19 17 14 9 7 9 13 13 8 2 1 5 10 13 13 14 15 18 22 24 23 18 14 12 9 6 3 360 357 354 353 354 357 359 2 6 9 10 8 2 359 1 7 12 16 17 16 16 16 16 15 14 13 11 9 8 7 7 7 6 4 5 7 9 10 10 10 8 5
354 354 355 355 355 355 354 355 357 2 7 14 22 27 26 20 17 17 16 15 14 13 11 12 15 18 19 18 16 13 10 7 6 11 14 12 7 5 7 10 11 12 13 15 18 22 23 21 16 11 6 2 359 357 355 354 353 352 353 355 358 3 7 11 11 9 3 358 359 5 12 17 18 15 13 15 17 17 17 16 15 13 11 11 11 10 7 4 4 7 8 7 6 5 4 1
354 354 353 353 353 353 354 357 2 8 16 24 30 32 29 26 23 19 16 14 13 14 15 16 18 20 19 18 16 12 10 6 2 5 11 13 11 8 8 9 10 11 12 13 16 19 20 18 14 9 4 359 356 357 357 357 355 352 352 355 359 4 9 12 13 11 4 357 357 4 13 19 20 14 9 10 16 19 18 18 18 17 15 14 14 13 11 9 8 9 8 4 2 1 1 3
354 353 352 352 351 352 355 1 9 17 24 29 30 30 29 27 23 19 16 13 13 14 16 17 17 18 19 18 15 10 6 3 359 358 4 12 13 10 8 8 9 10 10 10 13 16 18 17 13 9 6 2 359 359 0 360 357 354 354 357 2 6 10 14 15 12 4 357 356 2 13 21 23 17 8 6 13 18 19 18 20 20 19 17 17 16 15 15 13 11 8 4 360 360 4 10
354 353 351 350 350 352 359 8 17 24 27 27 26 25 24 23 20 16 13 10 9 11 12 13 14 16 16 14 12 9 5 3 0 358 2 9 12 10 8 7 7 7 7 7 10 15 18 18 14 10 8 6 5 3 1 0 359 357 358 1 5 8 11 14 14 11 5 359 357 1 12 21 25 21 13 7 11 19 20 17 19 23 22 20 19 19 18 18 16 12 9 5 1 2 7 11
355 354 351 349 351 356 5 16 24 27 26 24 22 21 19 17 15 12 9 7 6 7 9 12 14 14 13 11 10 9 8 6 4 3 4 7 8 6 5 5 5 4 5 6 10 15 18 18 15 11 9 9 9 6 3 2 1 0 1 4 7 8 9 11 12 10 6 2 359 1 10 20 26 26 22 16 15 21 22 17 17 23 25 22 18 16 16 15 13 11 9 6 3 3 6 7
355 354 353 353 357 4 13 21 25 25 21 18 17 15 13 11 9 7 5 5 5 7 10 13 15 14 12 10 11 12 11 9 6 4 4 5 3 2 2 2 3 4 5 8 11 15 18 18 15 13 11 11 10 9 8 6 5 3 2 4 7 8 8 9 12 11 7 2 359 360 7 18 27 31 29 25 20 20 22 17 13 17 21 18 12 9 9 9 9 9 8 6 4 3 4 5
356 355 356 358 3 9 14 18 20 18 14 12 11 10 8 6 4 4 4 5 8 12 14 14 15 14 13 11 12 13 12 9 4 2 1 0 359 359 360 1 3 5 8 10 13 16 19 19 17 14 14 13 12 11 12 11 9 5 4 4 6 7 7 8 12 13 10 3 357 356 4 16 28 32 31 26 21 18 17 14 9 9 11 8 2 1 4 6 6 7 6 5 3 3 4 5
356 357 359 1 4 9 12 14 14 13 10 8 6 5 3 2 2 3 6 10 15 18 17 14 13 13 13 11 10 10 9 7 4 1 358 356 356 357 359 1 4 8 11 13 15 18 20 20 18 16 15 14 13 13 13 13 10 7 5 5 6 6 6 8 12 14 12 5 357 354 1 13 25 30 29 25 20 16 13 9 5 4 2 359 357 358 2 5 5 5 5 3 2 2 3 3
357 359 0 1 3 7 9 10 10 10 8 5 2 1 1 1 4 7 12 17 21 21 17 13 11 11 11 10 9 9 9 9 8 4 359 356 354 355 358 2 7 11 14 15 16 18 20 20 19 17 15 13 10 10 10 10 9 7 5 5 6 6 7 9 13 15 13 7 358 354 357 8 19 25 26 24 19 14 9 6 3 2 360 358 358 360 3 4 4 4 4 3 1 360 0 1
360 0 360 359 0 3 5 5 6 6 6 3 1 359 0 3 8 13 18 21 21 18 15 11 9 8 8 9 9 10 12 13 12 8 2 357 354 354 359 5 10 12 13 14 15 17 18 19 18 17 15 11 7 4 3 4 6 5 5 5 6 7 8 11 13 15 14 8 360 353 354 2 10 18 22 22 19 14 9 6 5 4 2 2 2 3 3 3 3 4 4 3 1 360 360 2
2 1 360 357 356 357 359 1 3 4 4 3 1 1 3 7 13 20 23 21 17 14 12 10 8 8 8 9 10 12 14 15 15 12 6 360 355 356 1 7 9 9 10 12 14 15 17 18 17 16 15 13 8 3 0 2 3 3 3 4 6 7 9 11 13 15 14 8 1 355 354 357 4 12 18 20 18 14 12 10 9 8 7 7 8 5 3 2 2 4 4 4 3 2 2 3
4 3 360 356 352 352 355 358 1 3 3 3 4 5 8 13 20 25 25 20 15 12 11 10 10 10 11 11 11 12 13 14 15 13 9 3 358 358 1 4 5 6 9 11 13 15 18 18 17 16 16 15 13 8 3 2 2 360 0 3 5 7 8 10 13 14 14 9 3 358 354 355 0 8 15 18 18 16 16 15 14 13 12 13 10 5 1 1 2 4 5 5 5 5 4 3
5 4 0 356 353 350 352 356 360 2 3 4 7 10 14 19 22 22 19 15 12 11 10 11 13 15 15 15 14 13 12 12 13 12 9 4 359 357 358 360 2 5 8 11 13 16 19 19 17 17 17 17 16 13 8 3 360 357 357 0 3 5 7 10 13 15 15 12 6 0 355 353 358 5 12 17 19 19 18 18 17 16 16 14 10 4 1 1 3 5 6 5 6 6 5 3
5 3 0 358 355 354 354 356 359 0 3 7 13 18 22 21 17 14 12 11 10 10 10 11 14 17 18 17 16 13 9 8 7 6 3 360 356 353 355 358 2 6 9 11 14 18 21 22 20 19 18 17 17 16 12 4 358 354 354 357 360 3 6 10 13 16 17 15 9 2 355 352 354 2 10 17 21 21 19 17 17 17 16 14 11 8 5 4 5 6 6 5 5 5 5 3
2 1 1 1 359 357 356 357 359 1 6 14 23 29 29 20 10 6 7 7 8 9 10 11 13 16 18 17 14 10 7 4 3 1 358 355 353 351 354 359 4 7 9 11 13 18 22 24 23 21 19 17 17 17 12 3 356 352 351 353 356 1 6 10 13 16 18 17 12 4 357 351 352 358 7 16 22 23 20 16 15 16 15 15 14 12 10 9 8 7 6 5 5 4 4 4
357 359 2 3 3 1 359 359 2 7 16 26 31 32 28 17 5 1 2 4 6 8 10 10 11 15 17 16 12 9 7 5 3 2 360 357 354 353 354 360 5 8 9 10 12 17 22 25 24 22 21 21 19 14 6 358 352 350 348 349 353 359 6 10 12 15 17 18 15 8 359 353 351 355 4 15 23 25 23 18 15 16 15 15 15 15 13 12 10 8 5 4 4 3 3 4
355 358 3 5 5 4 4 4 9 16 23 26 26 22 17 11 5 1 1 3 5 6 7 8 10 12 14 14 12 11 9 8 7 6 3 0 357 355 355 360 5 7 8 9 11 16 21 24 25 24 25 24 19 9 360 353 350 348 346 347 351 358 4 8 11 13 16 18 18 12 4 357 354 354 1 13 22 26 25 21 17 16 14 11 10 11 11 11 10 7 4 3 2 2 3 6
358 359 2 5 6 6 7 10 13 16 18 17 14 11 7 6 5 5 5 5 4 3 4 6 9 11 13 13 13 13 12 12 11 10 8 5 1 358 357 360 3 5 7 9 13 16 20 23 25 26 26 22 15 7 360 354 350 346 344 346 350 356 2 6 9 12 15 18 19 16 9 1 358 358 1 10 20 25 26 23 18 14 12 9 7 6 7 8 8 6 3 1 1 2 4 9
1 1 2 4 5 6 8 10 11 11 9 8 5 3 2 3 5 6 7 6 5 3 3 6 9 11 13 14 14 14 15 15 14 12 10 7 4 1 359 360 1 4 8 12 15 16 17 20 23 24 22 19 14 8 3 357 351 345 344 345 349 353 359 5 10 12 15 18 19 18 13 6 2 2 3 8 17 24 26 23 17 13 12 11 8 6 5 6 6 4 2 1 2 3 6 10
3 2 2 2 3 4 6 7 7 5 3 1 360 360 1 3 4 6 6 6 5 5 5 8 11 12 14 15 15 15 15 16 14 12 10 8 6 4 1 0 2 6 11 14 15 14 13 15 18 19 19 17 15 12 6 0 354 348 346 346 348 352 358 4 10 14 16 17 19 18 15 10 6 4 4 8 15 22 25 23 18 14 13 13 11 8 5 5 5 3 2 2 3 5 7 10
2 2 2 2 1 2 3 3 2 360 358 357 357 359 2 5 5 5 6 7 7 7 8 10 13 14 15 16 16 16 15 14 12 11 8 6 6 5 3 3 6 10 12 12 12 11 10 10 13 15 17 17 16 14 10 4 359 353 350 348 349 352 358 4 10 15 16 17 17 17 15 12 9 6 5 8 13 20 24 24 20 15 12 12 12 9 6 5 5 4 2 2 3 6 8 10
360 1 2 1 360 0 1 359 357 356 356 357 359 2 5 8 8 7 7 8 8 8 8 11 14 15 16 17 17 16 15 13 11 10 9 7 6 5 5 6 8 9 10 9 8 8 8 8 10 13 15 17 17 15 12 9 4 0 356 353 351 353 357 3 10 15 16 16 15 15 15 13 11 8 6 8 12 19 23 24 21 15 12 12 12 10 8 6 6 5 4 2 3 5 8 10
359 0 1 359 358 357 357 356 355 355 357 359 2 5 9 11 11 10 9 9 9 7 7 10 13 15 17 18 17 16 15 13 12 12 11 10 7 5 5 5 6 8 8 7 6 7 8 8 9 13 15 17 18 17 15 13 10 6 2 358 355 354 358 4 10 14 15 15 14 14 14 13 12 9 7 9 12 17 23 25 22 16 13 12 11 11 10 8 7 6 6 4 4 6 8 10
0 0 360 358 355 354 354 354 355 357 359 2 5 9 13 15 13 10 8 8 8 6 5 7 10 13 16 18 17 16 16 15 12 11 11 10 8 6 4 4 5 6 7 6 5 7 9 9 9 13 16 18 19 19 17 15 13 10 6 2 358 356 359 5 9 12 14 15 15 15 14 13 12 10 8 10 13 17 23 25 24 19 15 13 12 12 11 8 7 7 6 5 5 7 9 9
2 0 359 357 354 351 352 355 358 1 4 8 11 16 18 16 11 7 5 5 6 7 6 4 6 10 15 18 19 18 17 16 14 10 9 9 7 5 2 3 4 5 6 7 7 7 9 10 9 13 16 19 20 20 18 16 14 10 6 3 0 358 0 5 8 10 13 15 16 16 14 13 12 10 9 10 14 17 22 26 26 22 17 14 12 10 8 7 7 7 6 5 5 6 8 9
2 1 359 357 354 351 352 357 3 7 11 14 16 16 13 9 5 2 2 3 6 10 10 3 1 7 15 19 20 18 17 17 16 13 9 6 3 1 1 1 2 4 6 8 10 10 9 9 8 11 15 18 20 21 19 16 12 8 4 2 0 358 359 3 7 9 13 16 17 16 15 13 12 10 9 11 13 17 21 26 28 23 18 14 9 4 3 4 6 6 5 5 5 6 8 10
1 0 359 358 356 353 354 360 5 9 11 12 11 8 5 2 0 360 0 3 9 15 15 5 358 3 12 19 20 18 16 17 18 16 11 5 1 359 359 360 1 3 6 10 13 14 11 7 6 7 11 16 19 21 20 17 12 7 2 359 358 357 358 1 6 9 13 18 19 17 15 13 12 10 10 10 13 15 20 25 26 22 17 12 6 1 1 3 5 5 5 4 4 5 7 9
359 360 0 360 358 357 357 0 4 6 7 7 5 2 360 359 359 1 2 5 11 17 17 11 1 359 7 17 21 19 15 15 17 17 14 8 3 0 359 359 1 3 5 10 15 17 14 7 2 4 8 14 18 21 20 17 14 10 5 1 359 358 357 359 4 10 15 19 21 18 14 12 11 10 9 10 11 14 19 23 23 20 15 11 7 3 2 4 5 5 4 4 4 4 6 8
