project/data/elevation/US_DEM2016/US_DEM2016_point_10-31-2019_1904_30m_ang.asc
ncols	125
nrows	167
xllcorner	-2042055.000000
yllcorner	1465035.000000
cellsize	30.000000
NODATA_value	-9999.000000
[rows 94 to 140 of 167, columns 0 to 95 of 125]
345 345 343 340 339 341 347 356 6 13 12 10 7 5 2 0 358 355 352 350 350 351 353 355 354 351 349 349 351 353 353 353 353 354 359 4 5 2 358 356 355 353 352 351 352 353 356 357 357 356 357 358 360 359 358 358 359 358 356 357 357 356 352 348 345 345 347 350 351 350 350 353 356 359 357 348 338 337 340 339 340 349 359 2 1 1 3 4 4 3 2 359 356 355 356 356
345 345 344 343 344 348 355 2 8 9 6 4 2 0 358 356 354 353 352 352 352 354 356 358 356 351 346 346 349 352 353 353 353 355 360 2 0 357 355 354 353 352 351 351 352 352 354 355 356 357 358 360 1 1 2 3 3 1 358 357 358 356 351 348 346 347 348 350 350 349 350 355 1 8 7 358 346 341 338 334 332 336 347 354 353 354 356 358 359 0 1 359 356 355 354 353
345 346 347 348 351 355 0 3 5 3 0 359 358 356 353 352 351 350 351 353 356 359 360 359 356 351 348 347 349 351 352 351 350 352 357 358 356 354 352 352 352 353 353 353 352 352 351 352 354 357 359 1 2 3 5 7 6 3 359 358 357 354 350 347 347 349 350 350 349 347 349 356 7 13 12 4 356 351 346 341 338 339 342 344 345 348 353 356 357 358 358 357 355 355 354 352
345 347 350 352 354 358 1 2 2 0 358 356 354 352 350 349 349 350 353 357 1 4 2 357 353 350 350 351 352 353 353 353 352 353 354 354 353 351 351 351 353 355 356 355 354 352 350 350 352 355 357 358 0 3 6 8 7 4 0 358 356 353 348 346 347 350 352 351 348 345 347 356 8 14 13 7 1 356 350 346 344 344 343 342 344 348 354 356 356 357 357 355 354 354 353 351
346 349 352 353 354 357 359 359 359 358 357 354 351 348 348 348 350 353 358 3 7 6 360 354 349 347 349 352 354 355 356 357 357 356 355 354 351 350 350 353 356 358 358 356 355 352 350 351 353 355 354 353 354 357 1 4 5 3 0 358 355 352 348 347 347 350 351 350 347 344 346 354 3 9 11 9 5 359 352 349 349 349 346 345 347 352 355 355 355 356 356 355 352 351 350 349
349 350 352 351 352 354 355 356 356 356 355 353 349 347 347 349 353 359 4 8 7 2 357 352 347 344 346 350 353 356 358 1 2 360 358 355 351 349 351 356 359 359 357 356 354 352 351 353 357 359 357 354 352 352 355 359 2 1 360 358 355 352 350 349 349 350 351 350 347 344 345 350 356 3 7 8 6 1 356 354 354 353 351 350 353 356 356 355 354 355 356 355 352 350 349 347
351 351 351 349 348 349 350 352 353 354 353 351 349 347 349 352 359 6 10 8 3 357 354 350 345 343 344 348 351 354 358 1 3 3 1 357 352 350 353 358 358 357 356 355 354 352 351 354 358 0 1 0 357 353 354 358 0 359 358 357 356 353 351 351 351 352 352 350 348 346 346 348 351 357 3 6 4 1 359 359 359 357 355 356 358 357 355 354 354 356 357 356 354 352 349 347
352 352 351 348 344 343 345 348 350 351 350 349 349 350 353 358 6 12 11 4 358 354 351 349 345 343 345 348 350 351 354 357 0 3 2 359 355 353 354 355 355 354 355 355 354 352 352 354 357 359 2 3 2 358 357 359 359 356 355 356 355 353 352 352 353 354 353 352 350 348 348 347 349 353 358 1 1 1 2 3 3 1 0 0 359 356 353 353 354 356 358 357 356 354 352 347
353 353 351 348 346 341 342 344 347 348 348 348 350 353 358 5 9 9 4 360 356 353 351 349 347 345 346 348 349 348 347 349 353 358 360 359 356 352 352 352 353 353 354 354 353 352 353 355 357 358 0 2 4 3 1 359 356 353 352 353 353 352 352 353 354 355 355 353 351 350 348 346 347 351 355 358 359 0 2 4 4 4 4 3 360 356 354 354 356 358 358 357 356 356 353 348
353 352 351 350 347 345 343 344 345 345 346 349 354 359 5 6 3 359 357 356 355 353 351 350 350 351 353 353 351 347 344 343 346 349 352 354 352 349 349 350 352 354 354 354 353 353 355 357 358 358 358 359 1 3 3 359 354 350 348 350 350 350 351 353 355 356 357 355 353 350 347 344 345 349 353 357 359 0 360 0 2 4 4 3 1 360 358 358 359 359 358 357 356 355 352 348
349 350 352 353 351 348 346 345 345 345 347 353 1 9 9 359 351 349 351 352 352 352 352 351 352 355 359 359 355 352 349 347 347 348 349 350 349 347 348 351 353 354 354 353 352 353 356 0 2 0 358 357 357 359 359 356 351 347 345 346 347 348 351 354 356 357 358 358 355 351 347 344 343 346 352 356 0 2 360 357 357 360 1 2 3 3 3 3 2 1 358 357 355 353 351 348
345 348 353 355 354 352 348 347 347 349 355 3 8 11 5 352 343 341 343 346 348 350 351 350 351 355 360 0 358 356 354 353 352 352 351 351 351 349 349 352 355 355 353 351 351 353 358 3 5 4 2 1 357 352 349 348 347 345 343 343 344 347 351 353 354 356 359 0 359 354 349 345 343 344 349 356 2 4 2 358 356 355 355 356 360 3 4 4 3 1 358 356 355 352 350 349
342 346 353 355 356 354 353 351 352 357 3 6 6 3 357 352 348 344 343 343 345 346 347 347 349 354 357 358 358 358 357 357 357 357 355 355 354 352 350 353 355 354 352 350 351 353 358 4 7 8 8 6 359 349 345 344 344 343 341 340 342 346 350 352 353 355 358 1 1 358 353 348 346 345 348 355 1 5 5 2 359 356 352 350 353 358 1 2 2 360 356 354 353 351 351 351
345 347 352 355 356 356 356 357 359 1 3 2 360 356 353 352 353 353 351 349 347 346 345 346 349 353 354 355 357 358 359 0 0 0 359 358 357 355 353 353 354 353 351 351 352 353 357 3 8 11 11 6 357 350 346 345 344 341 339 339 342 345 348 350 351 353 357 360 2 1 357 352 350 349 349 354 359 4 6 5 1 358 355 353 352 354 357 359 359 358 355 352 350 350 351 354
349 349 352 354 356 357 358 360 0 360 358 356 354 352 350 351 354 356 356 354 351 348 346 347 351 353 354 354 355 356 359 1 1 1 1 1 0 359 356 354 352 351 352 353 353 352 355 0 6 10 9 4 358 353 350 347 344 341 339 339 341 344 346 348 350 353 355 358 1 2 360 356 354 353 352 354 357 2 5 5 1 358 357 357 356 355 356 357 357 356 353 351 350 350 352 354
350 351 353 354 354 355 357 358 357 355 353 351 349 349 349 351 354 355 355 354 352 350 349 350 354 355 355 355 356 357 358 359 359 359 359 360 1 1 358 354 352 352 354 354 352 351 352 357 3 6 6 3 360 357 354 350 346 343 342 341 341 343 345 348 350 353 355 356 358 360 0 359 358 356 354 354 357 2 5 4 360 357 356 358 359 357 357 356 356 355 353 351 352 353 354 355
349 351 353 354 353 353 354 353 352 350 349 347 347 347 349 352 354 353 353 352 351 350 350 353 356 357 355 356 358 359 359 359 358 357 357 358 1 2 359 356 355 356 355 353 350 349 351 355 359 2 2 2 1 0 358 354 350 348 346 344 342 343 345 347 351 355 355 354 355 357 359 0 0 358 356 354 357 1 4 3 360 357 356 358 359 359 357 357 356 355 352 351 351 353 354 355
347 349 353 353 352 352 351 349 347 346 346 346 346 347 350 353 354 353 351 351 349 348 349 354 358 358 356 357 359 360 359 359 358 359 359 359 1 2 0 359 358 357 354 351 348 348 351 354 357 359 360 0 1 1 0 358 356 354 351 348 345 344 346 348 352 355 355 353 353 355 358 1 1 359 356 355 357 0 3 3 359 357 356 357 359 359 359 358 357 356 354 351 350 352 354 355
346 348 351 351 349 349 348 346 344 344 345 346 348 350 352 355 355 353 351 350 348 346 347 353 358 358 357 359 359 359 358 357 358 359 1 2 3 2 0 359 357 356 353 349 347 348 351 355 356 358 358 358 359 0 1 1 0 359 356 353 349 346 347 349 353 355 354 353 353 354 358 0 2 0 357 356 357 360 2 2 359 357 357 357 358 0 1 359 357 357 356 353 352 353 354 354
347 348 349 349 347 345 344 343 343 344 345 347 349 352 355 357 355 352 350 349 347 345 346 352 355 356 358 1 1 0 359 357 356 356 359 2 4 2 359 357 356 355 352 348 346 348 352 356 357 358 358 358 358 359 360 1 2 1 359 356 352 349 349 351 352 353 352 352 353 356 358 0 2 1 358 357 358 360 1 1 359 357 357 356 357 359 360 358 357 358 357 355 354 355 355 354
348 348 348 347 345 342 341 342 344 346 348 349 351 355 356 355 351 349 348 348 346 346 348 350 351 353 358 1 3 2 2 1 358 355 356 360 2 1 357 355 354 353 351 348 346 348 352 356 357 358 358 358 359 360 359 359 359 359 357 356 354 351 351 352 352 352 352 353 355 357 358 0 2 1 358 358 359 0 1 0 360 359 357 355 355 355 355 356 357 358 357 355 355 355 356 355
348 348 348 347 345 341 340 343 348 351 353 354 354 355 353 350 348 346 347 347 348 349 350 347 346 350 356 1 2 2 2 3 2 360 357 357 357 357 356 354 352 352 350 349 349 350 352 355 356 356 356 358 1 2 2 360 357 354 353 354 353 351 350 352 352 352 352 354 356 357 359 0 1 1 359 358 360 0 1 1 1 0 358 355 352 350 351 354 356 357 356 355 354 355 356 355
347 347 348 348 346 343 342 345 351 354 356 356 355 352 349 347 346 346 347 348 351 355 354 347 341 345 354 360 1 360 360 2 4 4 1 357 355 355 354 352 351 350 349 350 352 354 353 353 353 352 353 357 1 4 5 3 359 355 352 351 351 350 349 350 352 352 354 356 358 358 358 360 1 1 359 359 359 360 1 2 2 1 358 356 351 349 350 354 355 356 355 354 354 355 356 355
345 346 348 349 348 346 345 347 351 353 354 354 352 349 347 345 346 347 348 350 354 358 358 352 344 343 350 357 360 358 357 358 3 5 3 360 358 356 354 351 351 350 349 350 355 358 357 352 349 348 350 354 360 4 5 4 2 359 356 353 352 350 348 348 350 352 355 358 359 358 358 359 0 1 359 358 359 359 0 1 1 0 359 356 354 352 353 355 355 355 354 353 353 354 355 354
344 346 348 349 350 349 347 348 349 350 350 348 347 346 345 345 347 349 350 352 355 356 358 356 352 348 349 355 359 359 356 353 356 1 3 3 2 359 355 352 350 349 348 350 355 1 0 354 347 345 347 352 358 2 3 3 2 1 0 358 356 353 350 349 350 353 356 358 358 358 358 359 360 359 358 357 358 358 359 358 359 360 359 357 357 357 357 357 356 355 354 353 352 353 353 353
345 346 348 349 350 350 349 349 349 348 346 343 343 343 344 347 349 350 352 354 354 354 356 356 355 352 352 354 357 360 359 354 351 354 0 4 4 0 355 352 350 348 347 349 356 2 2 357 349 344 345 350 354 358 1 2 2 1 2 2 0 357 354 351 352 354 356 356 356 357 359 360 360 359 357 356 357 357 357 356 358 359 359 358 359 0 360 359 358 356 354 352 351 351 352 353
346 346 347 349 350 350 349 349 349 346 343 341 341 343 345 348 351 352 355 356 355 354 354 354 355 354 352 352 355 359 1 358 353 351 355 1 3 359 354 352 350 348 347 351 357 1 3 360 352 346 344 347 351 354 359 2 2 2 2 3 3 1 357 355 355 355 355 354 355 357 359 1 1 0 357 355 356 356 356 355 357 359 359 359 360 0 360 359 358 357 355 352 351 350 350 351
348 347 347 349 350 350 348 348 348 344 342 341 342 344 347 350 352 355 357 357 355 354 353 353 354 354 351 350 353 358 1 1 358 354 354 358 360 357 353 350 349 348 349 353 358 1 2 1 355 348 343 344 347 351 356 1 4 3 2 2 4 2 358 356 355 354 354 354 355 357 359 1 2 1 358 356 356 355 355 355 358 359 359 359 0 360 359 358 358 357 355 353 350 349 348 349
348 348 348 349 350 349 346 346 345 344 343 343 343 345 348 352 355 356 356 355 354 354 354 355 355 353 350 348 351 356 0 2 0 358 357 357 357 355 351 349 347 347 351 358 1 0 1 1 357 350 343 340 342 347 353 359 3 4 3 3 3 1 358 355 354 353 353 354 356 358 0 1 3 2 359 357 355 354 355 357 359 359 359 359 360 360 359 358 357 356 354 353 351 349 348 349
349 348 348 348 349 348 345 342 342 343 344 345 344 346 350 353 355 355 353 353 354 355 355 355 355 355 352 348 349 354 359 2 1 359 358 357 357 355 352 348 346 348 356 3 2 359 359 360 358 353 345 339 338 342 348 355 0 3 4 3 2 0 357 355 353 352 352 354 356 359 2 3 4 3 0 357 355 355 356 358 360 359 358 358 358 358 358 358 356 354 353 352 351 349 349 349
350 349 348 348 348 347 344 340 339 341 344 346 346 347 350 351 352 353 353 354 355 355 353 352 354 356 355 351 349 352 358 2 1 358 357 357 358 357 352 348 348 354 2 5 2 358 357 358 357 355 349 344 341 341 344 349 356 1 3 2 1 359 357 355 353 352 353 354 356 359 2 5 6 5 1 357 356 356 358 359 360 359 359 357 355 356 356 355 354 352 352 352 351 350 350 351
350 350 349 349 348 346 344 341 338 339 346 346 348 350 350 349 351 354 356 356 355 352 350 350 353 356 357 355 351 352 357 1 1 359 356 356 357 357 353 349 351 358 2 2 0 359 357 357 357 355 352 349 347 345 344 346 352 358 1 0 360 358 355 353 353 353 354 355 357 360 3 6 9 7 3 359 358 357 357 359 0 1 359 356 354 354 354 352 350 350 351 352 351 351 351 352
348 350 351 351 349 347 344 342 340 339 341 346 351 352 350 349 352 356 358 356 352 349 347 348 352 356 357 357 355 353 356 0 2 0 358 356 356 355 353 351 353 356 358 358 359 359 358 358 357 356 354 351 349 348 347 346 349 355 358 359 359 357 353 351 352 354 354 355 358 0 4 9 11 8 4 2 1 358 356 357 360 1 358 355 355 355 353 349 348 349 350 351 351 351 351 352
347 349 353 352 349 346 344 344 341 339 345 345 352 354 352 351 353 356 355 353 350 348 347 348 352 354 356 357 357 355 355 359 2 2 360 356 354 354 353 352 352 354 355 357 357 358 358 358 359 358 356 353 350 349 349 347 348 352 357 360 359 356 352 351 353 354 354 354 357 2 7 12 12 8 5 4 3 1 358 356 357 357 356 356 358 356 351 347 346 348 350 351 351 350 349 350
351 352 353 351 348 345 344 345 343 347 340 345 352 355 354 353 353 353 351 350 349 349 349 351 353 353 355 357 357 354 354 357 2 3 1 357 354 354 354 352 351 353 354 355 355 355 356 358 0 1 359 357 354 352 350 349 347 349 355 360 359 356 353 352 353 353 352 353 357 5 12 14 12 9 6 4 3 2 0 356 354 354 355 359 0 356 349 346 346 347 349 350 350 349 348 348
358 356 353 350 347 344 344 346 345 348 342 346 350 353 353 352 352 351 350 349 349 351 353 355 354 353 354 357 356 354 353 356 360 2 0 357 355 355 354 353 352 352 352 352 351 351 353 357 1 3 2 360 357 355 353 351 349 349 353 358 359 356 354 353 353 351 351 353 1 10 15 15 12 9 6 4 1 1 360 357 354 353 356 360 359 353 349 349 349 349 350 350 350 349 347 347
1 358 353 350 348 347 346 347 347 345 344 345 348 350 350 350 350 349 350 350 351 352 355 356 354 353 354 356 355 354 354 355 358 360 0 359 356 354 354 354 352 352 351 349 348 348 351 356 1 5 5 2 359 356 355 353 352 351 353 356 358 356 354 354 352 350 352 357 6 12 14 13 10 7 5 4 1 359 357 356 354 353 356 357 355 352 352 353 353 352 350 350 350 349 347 347
0 358 353 350 350 350 350 348 347 346 345 344 345 346 348 349 349 349 351 353 355 355 355 354 353 353 353 354 354 354 355 355 356 359 1 1 357 354 353 353 352 350 349 348 347 348 351 356 1 5 5 2 359 358 356 355 354 353 354 356 357 356 354 353 352 351 355 2 9 12 11 10 8 6 4 3 2 360 356 352 351 352 354 355 355 354 355 357 357 354 351 350 349 349 348 347
358 356 353 350 350 352 353 351 348 346 345 344 343 344 346 348 349 351 355 358 358 356 353 352 351 351 352 353 353 353 353 354 355 358 2 2 360 355 352 351 350 349 349 348 348 349 353 357 1 3 3 1 360 359 358 356 354 354 355 356 356 355 353 353 353 354 359 5 9 10 9 8 7 5 3 2 1 359 356 351 348 349 353 356 357 358 359 360 358 354 351 349 349 349 348 347
355 354 353 351 350 352 354 354 351 348 347 345 343 342 344 347 350 354 358 359 358 355 353 351 351 351 351 351 352 352 351 351 354 358 1 3 1 358 354 351 348 348 349 349 350 353 356 358 359 359 359 359 0 0 359 357 355 355 356 357 356 354 353 353 354 357 2 6 8 8 8 8 7 5 3 1 358 356 353 350 348 349 353 357 359 0 1 1 358 353 350 348 348 349 349 348
350 351 353 353 353 353 354 354 353 352 350 348 345 342 342 345 351 356 358 357 356 355 353 351 351 351 350 350 351 350 350 349 352 356 359 1 1 1 358 353 350 348 348 350 353 356 357 358 357 355 355 358 1 2 1 359 357 356 357 357 356 353 352 353 355 359 4 6 6 6 7 8 7 5 2 359 356 353 350 349 350 352 355 358 360 2 2 360 356 352 349 347 347 348 349 348
345 347 352 355 356 355 354 354 355 355 353 350 347 343 342 345 350 354 355 355 355 354 353 351 352 352 351 350 349 349 349 349 351 353 355 358 1 3 2 359 354 350 349 352 356 357 357 356 355 352 353 357 1 3 3 1 359 358 358 357 356 355 353 353 355 360 4 5 5 6 7 8 7 5 0 356 353 350 348 349 354 358 360 0 1 1 360 357 354 351 350 348 346 347 349 349
341 344 349 354 356 357 355 353 355 356 355 352 348 346 345 346 349 351 353 354 354 354 352 351 352 353 352 350 348 347 347 348 350 351 352 355 359 3 5 4 1 356 352 353 357 356 355 355 352 349 351 356 1 4 4 3 1 359 358 357 356 355 354 353 355 360 3 4 4 5 7 7 6 4 360 355 350 347 346 350 357 2 4 3 2 360 358 356 353 351 350 348 346 347 349 350
343 345 348 351 353 355 354 352 353 355 354 352 350 350 351 351 349 350 352 353 353 352 350 351 353 354 354 351 347 345 344 346 348 349 351 354 358 2 6 8 6 1 356 355 356 355 354 353 349 347 350 356 1 3 4 4 3 1 358 356 355 356 356 355 356 359 2 2 2 4 4 4 3 0 358 354 349 346 347 352 358 3 5 5 3 360 358 356 354 352 349 347 347 348 349 350
349 350 351 349 349 350 350 348 349 351 352 351 351 353 356 355 352 351 353 352 351 349 349 350 352 355 355 353 349 345 343 343 345 347 350 354 358 3 7 10 7 3 359 355 354 354 354 351 347 346 351 357 0 3 4 5 4 2 359 356 356 357 357 356 357 359 1 1 1 2 1 359 358 356 356 354 351 349 349 352 356 1 4 5 3 1 0 359 357 354 350 347 348 349 350 351
357 357 354 350 347 346 346 345 345 346 349 350 352 356 358 357 354 353 352 351 350 349 348 349 352 354 356 355 352 348 345 344 345 346 350 355 359 4 8 8 6 2 358 354 352 352 352 349 346 347 352 357 0 2 4 4 3 1 359 358 358 359 358 356 357 359 360 359 359 359 357 354 353 353 354 354 353 352 351 351 353 358 2 3 2 2 2 1 360 358 354 351 351 351 352 352
4 1 355 351 349 347 347 345 344 343 345 349 353 357 359 358 355 353 351 350 349 348 348 349 351 354 355 355 355 352 349 347 347 347 351 357 1 4 6 5 2 358 354 352 351 351 349 347 346 349 354 357 0 2 3 3 2 0 359 0 1 1 358 356 356 359 360 358 356 355 353 351 350 351 353 353 354 353 351 350 351 354 358 0 1 1 1 1 1 0 360 358 356 354 354 354
