project/data/elevation/US_DEM2016/US_DEM2016_point_10-31-2019_0349_30m_vel.asc
ncols	125
nrows	167
xllcorner	-2042055.000000
yllcorner	1465035.000000
cellsize	30.000000
NODATA_value	-9999.000000
[rows 76 to 113 of 167, columns 0 to 83 of 125]
3.16 3.21 3.35 3.47 3.57 3.76 4.04 4.26 4.30 4.15 3.96 3.91 4.09 4.42 4.71 4.96 5.06 4.96 4.71 4.49 4.40 4.31 4.17 4.04 3.91 3.71 3.49 3.53 3.80 4.01 4.01 3.79 3.40 3.07 2.98 2.99 2.96 2.82 2.62 2.47 2.43 2.53 2.72 2.90 3.02 2.95 2.72 2.48 2.34 2.32 2.31 2.27 2.26 2.37 2.60 2.79 2.88 2.89 2.93 2.99 2.98 2.86 2.67 2.56 2.52 2.49 2.56 2.85 3.37 3.80 3.91 3.91 4.13 4.51 4.94 5.41 5.84 6.02 5.79 5.20 4.26 3.09 2.50 2.34
3.20 3.24 3.41 3.50 3.60 3.87 4.05 4.00 3.69 3.28 3.08 3.21 3.57 4.02 4.43 4.69 4.72 4.55 4.28 4.06 3.95 3.92 3.92 3.91 3.87 3.72 3.46 3.37 3.53 3.86 4.11 4.14 3.95 3.75 3.59 3.41 3.16 2.87 2.63 2.53 2.55 2.62 2.68 2.74 2.85 2.80 2.61 2.39 2.21 2.12 2.10 2.10 2.14 2.30 2.58 2.82 2.95 3.01 3.05 3.03 2.85 2.62 2.57 2.68 2.87 3.04 3.17 3.38 3.82 4.40 4.78 5.08 5.49 5.93 6.26 6.47 6.47 6.20 5.71 5.21 4.57 3.61 2.80 2.30
3.15 3.09 3.21 3.30 3.35 3.46 3.44 3.28 3.22 3.01 3.10 3.34 3.73 4.18 4.49 4.59 4.50 4.28 4.05 3.84 3.70 3.66 3.67 3.70 3.67 3.55 3.30 3.15 3.21 3.48 3.86 4.14 4.18 4.06 3.85 3.59 3.26 2.93 2.73 2.63 2.54 2.44 2.39 2.46 2.57 2.47 2.10 1.78 1.64 1.61 1.69 1.88 2.16 2.46 2.72 2.90 3.02 3.07 3.01 2.86 2.69 2.61 2.67 2.92 3.31 3.61 3.90 4.29 4.82 5.22 5.53 5.79 6.10 6.40 6.46 6.33 5.98 5.44 5.10 5.06 5.05 4.74 4.09 3.34
3.03 2.86 2.93 3.09 3.11 3.07 3.07 3.16 3.32 3.51 3.72 3.97 4.33 4.65 4.73 4.59 4.35 4.11 3.90 3.70 3.54 3.46 3.43 3.46 3.45 3.32 3.01 2.75 2.68 2.81 3.08 3.53 3.79 3.79 3.65 3.45 3.22 2.93 2.71 2.49 2.28 2.14 2.13 2.33 2.52 2.44 2.02 1.68 1.67 1.84 2.09 2.41 2.73 2.91 2.98 2.97 2.87 2.72 2.50 2.30 2.33 2.49 2.70 3.08 3.58 4.09 4.65 5.11 5.34 5.46 5.50 5.53 5.64 5.65 5.53 5.28 4.87 4.44 4.27 4.47 4.85 5.07 4.92 4.42
2.88 2.74 2.84 3.13 3.24 3.23 3.28 3.49 3.76 3.99 4.24 4.54 4.84 4.89 4.71 4.38 4.02 3.77 3.59 3.43 3.30 3.24 3.22 3.23 3.29 3.20 2.82 2.30 1.95 1.93 2.06 2.44 2.90 3.22 3.29 3.24 3.23 3.03 2.88 2.71 2.59 2.53 2.58 2.78 2.99 2.99 2.65 2.32 2.33 2.56 2.83 3.05 3.14 3.13 3.00 2.91 2.74 2.56 2.42 2.36 2.46 2.66 2.94 3.38 3.90 4.48 4.93 5.08 5.02 4.90 4.78 4.67 4.54 4.35 4.23 4.21 4.14 3.98 3.79 3.72 3.99 4.53 4.87 4.82
2.82 2.78 2.92 3.25 3.45 3.52 3.58 3.74 3.99 4.25 4.55 4.80 4.85 4.64 4.29 3.92 3.58 3.27 3.09 2.97 2.90 2.92 2.98 3.05 3.17 3.20 2.87 2.07 1.46 1.25 1.22 1.39 1.80 2.38 2.80 3.03 3.12 3.24 3.29 3.32 3.38 3.44 3.52 3.61 3.73 3.76 3.54 3.22 3.10 3.09 3.07 3.01 2.96 2.93 2.92 2.94 2.98 3.10 3.25 3.32 3.36 3.44 3.62 3.93 4.29 4.55 4.55 4.32 4.21 4.19 4.12 4.01 3.86 3.64 3.58 3.65 3.78 3.85 3.74 3.47 3.38 3.65 4.25 4.65
2.99 2.99 3.06 3.16 3.32 3.49 3.66 3.86 4.12 4.38 4.62 4.66 4.45 4.09 3.74 3.47 3.23 2.96 2.71 2.57 2.53 2.55 2.62 2.78 3.00 3.21 3.12 2.49 1.61 1.24 1.12 1.16 1.34 1.66 2.22 2.74 2.96 3.23 3.42 3.61 3.80 3.95 4.00 4.01 4.09 4.18 4.08 3.80 3.51 3.24 3.03 2.95 3.00 3.08 3.10 3.12 3.26 3.43 3.64 3.84 3.97 4.07 4.18 4.28 4.36 4.26 3.99 3.82 3.82 3.89 3.84 3.70 3.51 3.32 3.27 3.33 3.48 3.64 3.70 3.57 3.28 3.16 3.46 4.09
3.14 3.19 3.21 3.15 3.20 3.40 3.65 3.91 4.17 4.36 4.41 4.25 3.93 3.62 3.36 3.16 2.99 2.82 2.60 2.38 2.25 2.22 2.27 2.43 2.73 3.10 3.32 3.12 2.51 2.09 1.92 1.86 1.78 1.81 2.14 2.61 2.81 3.07 3.32 3.57 3.75 3.81 3.81 3.80 3.91 4.11 4.15 3.97 3.70 3.47 3.41 3.45 3.45 3.39 3.28 3.26 3.41 3.37 3.48 3.77 4.05 4.22 4.28 4.22 4.05 3.82 3.71 3.78 3.87 3.85 3.71 3.47 3.13 2.83 2.68 2.76 2.93 3.12 3.29 3.38 3.23 2.94 2.84 3.32
3.12 3.19 3.27 3.30 3.36 3.50 3.72 3.96 4.13 4.17 4.06 3.80 3.50 3.27 3.08 2.89 2.75 2.67 2.52 2.26 2.06 2.01 2.06 2.23 2.56 3.01 3.44 3.66 3.67 3.56 3.36 3.04 2.72 2.49 2.45 2.69 3.00 3.27 3.49 3.57 3.50 3.42 3.42 3.52 3.69 3.95 4.12 4.16 4.15 4.11 3.99 3.84 3.64 3.47 3.33 3.34 3.40 3.46 3.60 3.81 4.02 4.12 4.10 3.93 3.68 3.51 3.55 3.72 3.78 3.72 3.58 3.32 2.85 2.29 1.96 1.91 2.04 2.25 2.51 2.75 2.88 2.74 2.47 2.59
3.07 3.12 3.27 3.44 3.59 3.73 3.84 3.92 3.95 3.89 3.69 3.41 3.17 2.98 2.82 2.65 2.50 2.42 2.30 2.10 1.98 2.02 2.17 2.41 2.75 3.15 3.57 3.93 4.21 4.33 4.28 4.01 3.57 3.18 3.03 3.15 3.44 3.65 3.60 3.39 3.17 3.14 3.27 3.45 3.60 3.83 4.11 4.32 4.50 4.56 4.39 4.07 3.77 3.57 3.41 3.40 3.52 3.60 3.64 3.68 3.71 3.73 3.70 3.60 3.42 3.32 3.32 3.39 3.39 3.40 3.45 3.43 3.11 2.46 1.87 1.58 1.40 1.36 1.49 1.73 2.07 2.28 2.16 2.12
3.10 3.19 3.37 3.56 3.71 3.78 3.76 3.68 3.64 3.56 3.38 3.14 2.93 2.75 2.59 2.44 2.32 2.25 2.26 2.05 2.02 2.15 2.40 2.69 3.00 3.30 3.59 3.83 4.02 4.14 4.24 4.28 4.10 3.71 3.44 3.41 3.50 3.48 3.24 3.00 2.92 2.96 3.05 3.15 3.26 3.48 3.78 4.02 4.22 4.35 4.37 4.24 4.05 3.81 3.55 3.44 3.76 3.37 3.40 3.27 3.22 3.22 3.27 3.30 3.24 3.15 3.09 3.06 3.02 3.09 3.31 3.61 3.72 3.48 2.85 2.21 1.69 1.34 1.13 1.43 1.27 1.55 1.66 1.66
3.16 3.25 3.40 3.50 3.52 3.47 3.42 3.42 3.44 3.38 3.18 2.97 2.76 2.56 2.37 2.26 2.30 2.36 2.40 2.37 2.31 2.32 2.46 2.71 2.98 3.21 3.39 3.53 3.57 3.55 3.68 3.99 4.23 4.17 3.88 3.53 3.82 2.96 2.78 2.79 2.78 2.73 2.67 2.71 2.85 3.01 3.17 3.28 3.39 3.51 3.62 3.71 3.76 3.73 3.60 3.43 3.29 3.15 3.07 3.06 3.05 3.10 3.18 3.20 3.16 3.06 3.00 2.94 2.89 2.98 3.21 3.58 3.98 4.25 4.21 3.74 3.17 2.63 2.18 1.82 1.62 1.57 1.59 1.61
3.19 3.24 3.30 3.30 3.25 3.21 3.29 3.46 3.51 3.35 3.07 2.81 2.60 2.40 2.27 3.07 2.44 2.71 2.84 2.85 2.75 2.62 2.60 2.71 2.82 2.90 3.00 3.15 3.26 3.25 3.30 3.54 3.95 4.20 4.14 3.72 3.20 2.87 2.72 2.76 2.73 2.65 2.63 2.68 2.75 2.73 2.68 2.55 2.41 2.32 2.38 2.48 2.66 2.90 3.06 3.14 3.14 3.14 3.15 3.19 3.23 3.25 3.22 3.15 3.08 3.01 2.96 2.94 2.90 2.98 3.16 3.37 3.76 4.26 4.65 4.77 4.63 4.34 3.97 3.51 3.05 2.72 2.63 2.49
3.19 3.24 3.29 3.29 3.27 3.35 3.52 3.61 3.50 3.22 2.86 2.52 2.27 2.14 2.14 2.22 2.43 2.67 2.84 2.95 2.97 2.90 2.80 2.69 2.59 2.51 2.52 2.70 2.96 3.15 3.20 3.24 3.41 3.75 3.93 3.81 3.40 3.10 2.89 2.86 2.88 2.93 2.96 2.95 2.88 2.75 2.58 2.27 1.89 1.70 1.68 1.75 1.90 2.20 2.58 2.89 3.09 3.21 3.28 3.33 3.33 3.24 3.09 2.96 2.90 2.87 2.84 2.87 2.89 2.95 3.02 3.10 3.30 3.65 4.08 4.52 4.80 4.89 4.87 4.74 4.50 4.21 3.95 3.69
3.19 3.23 3.33 3.40 3.46 3.59 3.66 3.53 3.21 2.83 2.43 2.04 1.80 1.75 2.86 1.70 1.77 1.94 2.24 2.53 2.76 2.85 2.75 2.53 2.31 2.20 2.20 2.32 2.49 2.67 2.79 2.81 2.87 3.14 3.52 3.71 3.52 3.28 3.10 3.08 3.14 3.21 3.23 3.24 3.20 3.13 3.01 2.79 2.44 2.18 2.13 2.28 2.56 2.86 3.08 3.18 3.23 3.28 3.26 3.20 3.10 2.96 2.84 2.75 2.69 2.64 2.62 2.69 2.75 2.75 2.76 2.78 2.78 2.80 3.01 3.34 3.79 4.15 4.46 4.69 4.76 4.69 4.56 4.42
3.18 3.22 3.32 3.44 3.56 3.64 3.52 3.18 2.73 2.30 1.97 1.76 1.69 1.65 1.49 1.28 1.20 1.31 1.55 1.85 2.13 2.36 2.41 2.36 2.32 2.31 2.26 2.19 2.09 2.05 2.12 2.23 2.37 2.61 3.04 3.44 3.49 3.30 3.18 3.22 3.27 3.33 3.41 3.56 3.66 3.71 3.71 3.65 3.56 3.46 3.33 3.42 3.62 3.73 3.67 3.45 3.27 3.18 3.06 2.88 2.73 2.64 2.59 2.56 2.50 2.42 2.38 2.48 2.53 2.49 2.48 2.49 2.37 2.20 2.18 2.32 2.61 2.94 3.27 3.61 3.92 4.08 4.12 4.19
3.17 3.22 3.34 3.48 3.54 3.44 3.11 2.65 2.22 1.93 1.82 1.82 1.84 1.85 1.76 1.56 1.40 1.35 1.41 1.55 1.73 1.93 2.14 2.36 2.54 2.65 2.64 2.51 2.36 2.28 2.28 2.35 2.44 2.53 2.70 3.06 3.29 3.27 3.24 3.31 3.39 3.50 3.65 3.87 4.00 4.11 4.19 4.21 4.23 4.29 4.31 4.19 3.97 3.69 3.44 3.28 3.15 3.02 2.82 2.57 2.39 2.32 2.33 2.36 2.38 2.37 2.38 2.42 2.41 2.36 2.35 2.39 2.29 2.01 1.78 1.70 1.82 2.01 2.17 2.38 2.67 2.97 3.06 3.09
3.17 3.20 3.29 3.36 3.25 2.95 2.50 2.08 1.82 1.76 1.82 1.89 1.97 2.07 2.16 2.19 2.12 2.02 2.01 2.09 2.21 2.36 2.53 2.69 2.78 2.88 3.04 3.18 3.27 3.29 3.25 3.20 3.15 3.03 2.82 2.89 3.13 3.30 3.44 3.55 3.65 3.78 3.93 4.05 4.06 4.12 4.24 4.31 4.35 4.41 4.45 4.35 4.02 3.57 3.29 3.24 3.19 3.02 2.76 2.49 2.31 2.24 2.29 2.40 2.51 2.58 2.62 2.57 2.46 2.38 2.34 2.43 2.41 2.10 1.61 1.23 1.10 1.13 1.18 1.30 1.56 1.93 2.04 2.01
3.16 3.15 3.11 2.97 2.65 2.22 1.78 1.53 1.54 1.67 1.78 1.94 2.10 2.28 2.52 2.81 3.02 3.11 3.19 3.28 3.34 3.37 3.34 3.22 3.07 3.02 3.18 3.43 3.62 3.66 3.60 3.48 3.33 3.14 2.91 2.92 3.12 3.41 3.67 3.81 3.90 3.96 3.98 3.94 3.85 3.85 4.00 4.17 4.27 4.31 4.25 4.20 4.16 4.06 3.84 3.59 3.36 3.14 2.95 2.79 2.70 2.64 2.66 2.72 2.77 2.76 2.72 2.67 2.60 2.55 2.53 2.61 2.61 2.27 1.61 0.98 0.65 0.51 0.52 0.59 0.71 0.95 1.22 1.35
3.15 3.14 3.01 2.69 2.23 1.80 1.53 1.43 1.55 1.75 1.93 2.17 2.46 2.75 3.07 3.44 3.77 4.03 4.19 4.21 4.09 3.87 3.62 3.41 3.27 3.17 3.11 3.06 3.02 3.00 2.90 2.78 2.71 2.68 2.76 2.97 3.24 3.53 3.77 3.88 3.89 3.82 3.68 3.54 3.48 3.49 3.64 3.83 4.00 4.11 4.08 4.04 4.05 4.07 3.99 3.71 3.42 3.20 3.07 2.99 2.98 3.00 2.99 3.00 2.98 2.88 2.72 2.68 2.76 2.88 2.90 2.93 2.99 2.74 2.02 1.33 0.90 0.67 0.58 0.54 0.54 0.58 0.78 1.09
3.15 3.12 2.96 2.70 2.42 2.22 2.12 2.07 2.11 2.23 2.37 2.61 2.96 3.34 3.70 3.99 4.24 4.38 4.37 4.20 3.92 3.60 3.35 3.27 3.34 3.37 3.23 2.96 2.74 2.65 2.60 2.57 2.61 2.66 2.80 3.07 3.35 3.57 3.69 3.71 3.64 3.50 3.32 3.17 3.11 3.12 3.18 3.29 3.41 3.45 3.48 3.50 3.50 3.48 3.44 3.37 3.24 3.09 2.98 2.89 2.89 3.00 3.07 3.12 3.12 3.07 2.92 2.84 2.92 3.05 3.06 3.12 3.41 3.47 2.91 2.20 1.64 1.29 1.14 1.05 1.00 0.98 1.09 1.40
3.11 3.02 2.85 2.83 2.76 2.78 2.81 2.86 2.96 3.02 3.05 3.19 3.50 3.88 4.19 4.33 4.33 4.17 3.88 3.53 3.24 3.06 2.98 3.03 3.23 3.48 3.57 3.54 3.50 3.50 3.50 3.46 3.33 3.17 3.11 3.22 3.38 3.49 3.49 3.43 3.29 3.13 3.01 2.93 2.89 2.89 2.90 2.89 2.80 2.60 2.46 2.49 2.62 2.69 2.75 2.86 2.95 2.96 2.95 2.91 2.93 3.02 3.05 3.03 3.00 3.00 2.98 2.93 2.89 2.90 2.89 3.02 3.56 4.01 3.90 3.26 2.58 2.07 2.00 1.95 1.87 1.83 1.96 2.30
3.02 2.92 2.81 2.94 2.93 3.08 3.27 3.47 3.68 3.83 3.89 3.94 4.10 4.29 4.36 4.26 4.01 3.65 3.29 3.04 2.91 2.86 2.85 2.93 3.11 3.44 3.73 4.00 4.16 4.23 4.23 4.12 3.90 3.60 3.37 3.32 3.36 3.34 3.27 3.14 2.95 2.83 2.81 2.86 2.91 2.96 2.99 2.95 2.73 2.39 2.09 1.94 1.91 2.04 2.29 2.60 2.87 3.00 3.04 3.03 3.06 3.10 3.03 2.90 2.80 2.79 2.80 2.75 2.67 2.66 2.67 2.84 3.48 4.23 4.58 4.43 3.90 3.38 3.33 3.27 3.15 3.08 3.15 3.27
2.99 2.93 2.89 2.98 3.15 3.43 3.77 4.03 4.21 4.34 4.42 4.45 4.41 4.29 4.08 3.77 3.44 3.15 2.94 2.86 2.93 3.05 3.13 3.18 3.27 3.40 3.52 3.66 3.79 3.87 3.90 3.91 3.87 3.70 3.44 3.29 3.24 3.13 2.96 2.84 2.80 2.89 2.99 3.07 3.14 3.22 3.25 3.29 3.25 3.12 2.86 2.54 2.24 2.27 2.50 2.79 3.03 3.17 3.24 3.26 3.24 3.21 3.11 3.01 2.94 2.88 2.80 2.71 2.66 2.70 2.74 2.91 3.38 4.08 4.72 5.04 5.03 4.82 4.66 4.55 4.40 4.22 4.02 3.75
3.03 3.00 2.97 3.05 3.28 3.58 3.86 4.07 4.19 4.27 4.32 4.32 4.18 3.90 3.53 3.20 2.95 2.81 2.72 2.70 2.89 3.13 3.30 3.35 3.35 3.29 3.14 3.00 2.94 2.99 3.08 3.27 3.49 3.56 3.42 3.22 3.05 2.88 2.73 2.77 2.98 3.24 3.35 3.37 3.37 3.38 3.40 3.47 3.58 3.70 3.73 3.61 3.33 3.07 2.98 3.00 3.09 3.23 3.40 3.48 3.47 3.45 3.38 3.32 3.26 3.20 3.13 3.06 3.06 3.04 3.02 3.08 3.27 3.65 4.23 4.83 5.17 5.25 5.19 5.03 4.76 4.44 4.06 3.61
3.04 3.02 2.97 2.99 3.15 3.31 3.39 3.47 3.56 3.66 3.74 3.72 3.58 3.33 3.03 2.77 2.63 2.64 2.67 2.72 2.86 3.02 3.18 3.23 3.14 2.94 2.70 2.48 2.30 2.23 2.32 2.54 2.84 3.07 3.16 3.12 3.01 2.92 2.94 3.15 3.39 3.49 3.49 3.48 3.45 3.41 3.37 3.36 3.41 3.54 3.71 3.83 3.79 3.51 3.13 2.96 3.01 3.19 3.38 3.53 3.63 3.70 3.67 3.63 3.57 3.52 3.47 3.40 3.32 3.19 3.12 3.12 3.14 3.30 3.70 4.18 4.51 4.69 4.76 4.73 4.53 4.22 3.81 3.37
3.04 3.05 3.05 3.04 3.02 2.93 2.84 2.80 2.86 2.99 3.08 3.05 2.91 2.70 2.48 2.37 2.46 2.71 3.01 3.21 3.26 3.25 3.26 3.24 3.07 2.75 2.35 2.06 1.84 1.72 1.72 1.84 2.02 2.29 2.57 2.79 2.97 3.14 3.31 3.43 3.46 3.42 3.37 3.37 3.37 3.34 3.29 3.19 3.07 2.98 3.01 3.18 3.37 3.33 3.05 2.90 2.94 3.13 3.33 3.52 3.71 3.84 3.85 3.82 3.77 3.69 3.57 3.38 3.15 2.95 2.91 2.96 3.00 3.13 3.38 3.61 3.74 3.77 3.86 4.08 4.22 4.20 4.04 3.83
3.15 3.23 3.33 3.27 3.07 2.82 2.63 2.51 2.53 2.59 2.59 2.47 2.27 2.07 1.93 1.98 2.33 2.88 3.34 3.59 3.68 3.66 3.58 3.49 3.38 3.21 2.81 2.33 1.99 1.80 1.70 1.69 1.77 1.94 2.22 2.57 2.90 3.15 3.20 3.13 3.06 3.06 3.09 3.13 3.18 3.21 3.22 3.11 2.83 2.54 2.39 2.38 2.54 2.76 2.80 2.79 2.86 3.05 3.24 3.44 3.65 3.80 3.82 3.81 3.79 3.73 3.61 3.37 3.07 2.82 2.74 2.78 2.86 2.94 3.07 3.29 3.38 3.30 3.17 3.29 3.60 3.91 4.16 4.31
3.29 3.40 3.49 3.40 3.19 2.94 2.73 2.59 2.48 2.29 2.04 1.82 1.67 1.63 1.58 1.58 1.88 2.45 2.95 3.34 3.59 3.71 3.69 3.66 3.69 3.77 3.71 3.37 3.02 2.85 2.74 2.62 2.60 2.62 2.72 2.88 3.03 3.07 2.96 2.83 2.77 2.77 2.86 2.96 3.06 3.15 3.23 3.20 2.94 2.61 2.32 2.04 1.88 1.98 2.20 2.47 2.75 3.00 3.18 3.34 3.52 3.60 3.63 3.63 3.67 3.73 3.75 3.63 3.35 3.01 2.80 2.75 2.76 2.79 2.94 3.20 3.36 3.30 2.96 2.70 2.73 2.98 3.31 3.65
3.25 3.26 3.25 3.18 3.05 2.88 2.70 2.50 2.21 1.84 1.50 1.38 1.40 1.54 1.64 1.64 1.71 1.95 2.31 2.73 3.05 3.26 3.44 3.61 3.76 3.98 4.24 4.37 4.33 4.25 4.13 4.00 3.87 3.67 3.50 3.36 3.22 3.08 2.96 2.86 2.81 2.80 2.88 2.96 3.05 3.15 3.31 3.44 3.36 3.06 2.68 2.21 1.79 1.70 1.94 2.37 2.78 3.05 3.21 3.34 3.40 3.38 3.38 3.45 3.57 3.72 3.87 3.89 3.68 3.28 2.99 2.88 2.82 2.77 2.80 2.99 3.28 3.38 3.13 2.67 2.31 2.14 2.16 2.32
3.07 2.96 2.88 2.88 2.85 2.74 2.60 2.24 1.91 1.68 1.61 1.65 1.78 2.06 2.51 2.84 2.73 2.53 2.49 2.52 2.64 2.87 3.22 3.52 3.69 3.89 4.21 4.53 4.73 4.80 4.72 4.59 4.41 4.14 3.84 3.57 3.32 3.15 3.03 2.91 2.90 2.98 3.06 3.06 3.03 3.09 3.29 3.56 3.64 3.42 3.02 2.57 2.29 2.27 2.47 2.71 2.92 3.07 3.22 3.27 3.19 3.13 3.21 3.38 3.52 3.66 3.83 3.99 3.97 3.68 3.33 3.13 2.95 2.72 2.54 2.64 3.03 3.32 3.30 2.97 2.54 2.24 2.06 2.03
2.97 2.86 2.77 2.79 2.84 2.86 2.73 2.48 2.27 2.21 2.38 2.67 2.99 3.46 3.98 4.32 4.44 4.17 3.71 3.40 3.28 3.36 3.56 3.64 3.67 3.72 3.81 3.92 4.08 4.27 4.33 4.30 4.22 4.09 3.91 3.68 3.45 3.25 3.08 2.94 2.98 3.14 3.21 3.11 2.99 2.96 3.13 3.46 3.73 3.77 3.55 3.31 3.16 3.12 3.07 2.98 2.93 3.01 3.11 3.10 3.00 3.00 3.12 3.26 3.36 3.44 3.57 3.78 3.97 3.95 3.65 3.33 3.03 2.74 2.53 2.53 2.84 3.21 3.37 3.27 3.10 3.01 2.94 2.75
3.02 2.95 2.88 2.91 3.02 3.15 3.22 3.23 3.22 3.29 3.58 4.01 4.49 4.88 5.09 5.18 5.25 5.19 4.98 4.72 4.50 4.33 4.13 3.89 3.75 3.66 3.56 3.46 3.37 3.37 3.45 3.52 3.55 3.59 3.63 3.62 3.53 3.36 3.18 3.07 3.07 3.07 3.01 2.93 2.87 2.89 3.05 3.40 3.87 4.22 4.32 4.21 4.01 3.73 3.37 3.06 2.99 3.05 3.07 3.04 2.99 2.99 3.00 3.02 3.05 3.08 3.16 3.34 3.61 3.77 3.68 3.41 3.14 2.91 2.74 2.68 2.84 3.15 3.38 3.40 3.33 3.32 3.33 3.27
3.10 3.09 3.09 3.12 3.23 3.37 3.55 3.76 4.02 4.31 4.65 4.99 5.21 5.26 5.14 4.97 4.85 4.89 4.94 4.89 4.74 4.52 4.24 3.96 3.78 3.67 3.56 3.50 3.38 3.17 3.00 2.96 2.96 3.01 3.13 3.27 3.37 3.34 3.24 3.08 2.89 2.69 2.58 2.64 2.81 2.99 3.20 3.52 3.97 4.46 4.74 4.75 4.58 4.28 3.89 3.57 3.44 3.35 3.24 3.14 3.04 2.93 2.84 2.81 2.84 2.85 2.85 2.95 3.14 3.37 3.46 3.36 3.19 3.03 2.90 2.82 2.88 3.09 3.31 3.34 3.22 3.10 3.09 3.14
3.18 3.22 3.25 3.28 3.36 3.48 3.64 3.91 4.32 4.71 4.95 4.99 4.84 4.58 4.30 4.07 3.91 3.91 3.95 4.00 4.00 3.94 3.86 3.79 3.75 3.65 3.53 3.53 3.56 3.49 3.36 3.25 3.23 3.21 3.16 3.14 3.18 3.23 3.17 2.98 2.74 2.60 2.62 2.81 3.06 3.25 3.43 3.66 3.95 4.31 4.62 4.78 4.80 4.73 4.58 4.33 4.06 3.77 3.48 3.24 3.05 2.86 2.77 2.75 2.76 2.77 2.75 2.77 2.88 3.07 3.23 3.25 3.15 3.04 2.94 2.88 2.89 3.07 3.27 3.30 3.17 3.04 3.00 3.02
3.18 3.20 3.23 3.30 3.44 3.61 3.82 4.10 4.38 4.53 4.50 4.30 3.99 3.67 3.43 3.30 3.20 3.14 3.12 3.18 3.29 3.34 3.44 3.57 3.68 3.65 3.51 3.42 3.41 3.49 3.57 3.63 3.67 3.64 3.51 3.32 3.20 3.18 3.14 3.06 3.00 3.02 3.11 3.26 3.40 3.51 3.61 3.73 3.84 3.98 4.17 4.39 4.58 4.73 4.79 4.68 4.39 4.02 3.64 3.30 3.05 2.89 2.78 2.68 2.65 2.71 2.77 2.79 2.85 2.96 3.06 3.10 3.08 3.01 2.91 2.82 2.83 2.99 3.20 3.27 3.17 3.07 3.02 3.03
3.09 3.07 3.12 3.26 3.45 3.69 3.96 4.14 4.16 4.00 3.73 3.50 3.29 3.09 2.92 2.81 2.71 2.66 2.72 2.85 2.97 3.08 3.20 3.38 3.56 3.68 3.66 3.58 3.45 3.35 3.29 3.27 3.29 3.35 3.40 3.36 3.28 3.23 3.22 3.26 3.34 3.39 3.43 3.51 3.57 3.63 3.66 3.66 3.65 3.67 3.73 3.84 3.99 4.14 4.27 4.30 4.17 3.91 3.61 3.32 3.10 2.93 2.74 2.59 2.59 2.71 2.83 2.88 2.90 2.90 2.91 2.94 2.95 2.91 2.82 2.72 2.68 2.78 3.00 3.14 3.06 2.92 2.84 2.84
3.04 3.02 3.06 3.18 3.35 3.57 3.75 3.74 3.55 3.26 2.99 2.75 2.60 2.48 2.40 2.36 2.41 2.54 2.70 2.88 3.05 3.15 3.17 3.24 3.46 3.69 3.84 3.90 3.82 3.61 3.33 2.99 2.76 2.76 2.95 3.11 3.19 3.20 3.25 3.34 3.42 3.48 3.53 3.56 3.52 3.50 3.51 3.49 3.45 3.47 3.48 3.48 3.47 3.44 3.37 3.42 3.46 3.41 3.34 3.26 3.13 2.95 2.76 2.64 2.67 2.79 2.89 2.93 2.91 2.85 2.79 2.78 2.79 2.78 2.74 2.68 2.62 2.64 2.80 2.97 2.91 2.68 2.51 2.44
