project/data/elevation/US_DEM2016/US_DEM2016_point_10-28-2019_2058_30m_ang.asc
ncols	125
nrows	167
xllcorner	-2042055.000000
yllcorner	1465035.000000
cellsize	30.000000
NODATA_value	-9999.000000
[rows 84 to 125 of 167, columns 0 to 94 of 125]
339 344 348 339 330 326 324 321 319 315 312 311 311 312 313 311 311 317 325 317 307 306 308 306 304 304 306 312 322 326 326 326 329 333 342 346 336 327 324 323 321 320 319 315 311 307 308 314 323 329 332 335 340 347 356 352 335 325 324 325 325 324 320 316 314 319 326 322 317 311 305 302 304 310 315 311 305 305 308 313 324 330 324 314 313 329 348 355 354 350 346 343 335 321 314
337 341 343 337 330 325 323 320 315 312 310 309 310 312 313 312 310 315 321 316 310 310 312 311 310 309 310 314 322 328 330 332 334 338 344 347 338 328 324 323 322 320 319 317 312 308 309 315 324 331 335 338 342 347 355 352 336 327 324 322 320 319 316 313 313 320 326 320 315 311 305 301 303 309 314 310 302 298 298 300 306 317 321 312 307 316 339 351 354 352 350 348 343 328 322
336 339 338 333 328 323 321 318 312 309 308 309 310 312 313 313 313 316 327 318 315 314 315 314 312 311 311 314 320 325 328 331 336 339 343 347 339 326 322 324 322 319 318 316 310 306 307 312 322 331 336 340 345 350 356 353 15 326 337 320 318 316 313 310 311 319 327 322 315 312 307 304 307 314 320 317 309 302 298 302 298 305 311 308 304 307 321 335 344 348 348 351 350 336 329
335 337 334 330 326 321 318 317 313 309 308 310 310 313 315 316 320 323 324 323 320 317 315 313 311 310 309 311 316 321 323 327 333 339 344 349 337 328 322 324 321 318 316 314 308 303 303 307 316 325 331 337 344 350 357 356 342 328 324 322 320 317 313 310 310 317 327 325 318 313 309 306 309 317 326 327 323 319 314 311 310 311 311 310 309 310 314 320 328 336 342 350 349 337 330
335 336 332 328 326 321 318 316 315 312 311 311 311 316 323 358 321 321 323 324 322 319 316 312 310 307 306 307 313 319 322 323 328 335 345 354 351 336 327 325 322 319 318 315 308 302 300 303 310 315 318 323 329 339 350 355 346 331 325 324 322 319 314 310 309 315 327 330 321 314 309 306 307 315 325 331 330 330 329 326 325 324 323 322 323 324 325 326 330 334 340 347 343 335 331
335 336 332 328 327 323 318 316 315 315 315 313 311 315 324 320 316 315 317 319 319 318 316 312 308 304 301 303 309 317 322 324 323 329 344 358 356 343 332 327 324 323 321 317 308 302 299 301 306 309 310 313 317 325 339 351 348 333 325 324 322 319 313 308 307 313 328 334 324 314 309 305 305 311 320 326 328 330 332 333 333 333 331 331 335 339 337 335 338 342 344 343 338 335 333
335 335 331 328 326 322 317 314 314 315 316 314 310 309 3 307 306 305 307 309 312 313 312 310 305 301 300 301 305 311 318 321 321 322 338 358 0 347 334 328 325 324 323 318 310 304 302 305 311 314 317 321 326 331 340 351 350 334 324 321 320 317 313 307 305 311 326 334 325 314 307 302 302 308 316 318 318 323 329 331 332 333 334 336 342 346 343 341 345 351 350 340 334 332 329
335 333 329 326 324 319 315 313 313 315 317 319 319 316 310 303 301 302 303 303 304 306 307 307 306 304 303 303 304 306 310 316 318 318 330 354 3 349 335 328 325 324 323 319 313 308 308 312 318 322 325 329 333 338 345 354 352 335 322 319 318 316 312 306 303 308 323 332 325 315 306 300 300 306 315 315 310 313 320 324 324 326 331 335 342 346 344 343 349 357 353 338 329 325 323
333 331 327 324 321 316 312 310 311 314 321 328 326 322 318 314 312 310 308 306 305 305 307 309 309 308 307 307 309 311 315 319 322 323 330 351 2 348 334 328 325 325 324 320 315 311 311 314 320 325 329 332 335 339 346 355 354 337 323 319 318 316 311 305 302 307 321 332 327 317 307 300 299 306 315 314 306 305 312 315 313 315 322 329 334 337 337 340 349 356 353 338 326 320 318
331 329 323 319 316 312 308 306 308 314 322 325 323 321 320 319 320 319 317 315 314 315 315 314 311 309 309 312 316 321 325 328 332 335 342 355 355 343 334 328 326 325 324 320 315 311 310 313 319 325 329 333 337 340 345 353 356 344 329 322 321 318 313 306 304 308 321 334 332 320 308 301 300 305 315 313 302 296 298 302 301 302 310 320 322 321 321 327 339 347 349 340 327 320 321
330 328 321 313 310 307 302 297 302 316 319 320 320 320 320 321 322 324 324 322 322 322 321 318 313 309 309 313 317 322 326 330 334 341 353 360 347 336 332 328 326 324 322 318 314 309 308 311 318 323 328 333 339 344 348 355 360 351 335 327 325 322 316 309 306 309 320 335 337 324 311 304 301 304 311 310 299 291 289 292 291 289 293 305 311 311 314 320 329 338 345 340 329 324 325
329 330 326 317 311 310 308 304 311 322 322 321 322 322 322 322 323 325 326 325 325 324 322 318 313 309 308 310 312 314 317 320 326 338 357 359 342 332 328 326 324 321 319 316 312 307 306 308 315 322 328 333 338 344 351 0 5 354 337 328 326 323 316 311 308 310 320 335 338 328 315 307 302 302 308 310 306 301 297 297 295 289 289 301 313 319 323 325 326 333 340 336 329 326 324
327 330 331 326 322 323 327 326 324 325 326 325 324 323 323 322 322 324 325 325 325 324 320 315 312 309 308 311 312 312 313 317 324 337 355 355 339 328 325 323 321 320 317 314 310 306 303 304 310 318 324 329 334 340 351 3 7 354 337 327 324 321 315 310 308 310 319 332 336 328 317 310 304 304 309 312 313 312 308 307 308 305 304 310 320 328 333 332 329 333 335 332 327 327 325
326 331 333 331 325 328 331 332 329 329 330 328 325 323 323 322 321 321 322 323 323 323 317 313 312 309 311 316 321 322 323 327 332 341 353 353 337 326 323 321 320 319 316 313 309 305 302 302 307 312 315 318 324 332 344 0 4 350 337 329 325 320 313 309 306 308 316 328 334 327 318 312 308 308 312 315 317 316 313 314 318 318 316 318 325 335 341 337 333 335 338 331 326 326 325
327 333 336 334 322 325 329 331 330 330 331 330 326 322 321 320 319 319 320 322 322 320 316 313 311 309 312 318 324 326 328 331 337 345 354 353 337 325 321 321 321 320 317 314 310 307 304 304 308 313 313 313 316 325 337 354 357 344 335 331 325 319 313 308 305 305 312 322 330 327 320 316 314 313 315 318 321 321 319 320 325 325 324 324 330 341 345 339 333 336 338 332 324 323 322
329 335 339 329 322 323 326 329 329 328 328 328 325 321 319 318 317 318 322 324 322 319 317 315 311 309 310 316 320 323 325 329 337 346 355 354 338 324 321 323 324 322 319 316 312 309 306 308 313 320 322 322 324 330 339 352 354 342 335 331 326 319 313 310 307 307 311 319 327 329 326 321 317 315 317 320 323 324 324 327 330 331 328 328 334 343 344 338 332 335 338 332 323 320 318
331 336 339 330 322 320 322 324 325 325 323 322 321 319 317 317 318 320 323 322 319 316 316 314 310 308 309 313 315 315 317 321 331 344 356 357 342 326 323 326 326 323 321 318 313 309 307 309 316 323 328 332 335 338 344 355 353 340 333 331 327 320 315 312 311 310 313 320 327 333 333 325 318 315 315 317 321 323 326 330 332 332 329 329 333 340 341 337 333 335 337 333 325 321 318
330 334 339 331 320 316 316 318 320 320 318 316 317 317 317 317 319 323 323 321 318 315 313 311 308 306 307 310 311 310 309 311 320 336 353 360 349 332 326 327 325 322 320 317 312 308 306 309 314 319 324 330 336 341 348 359 353 337 331 330 326 321 317 314 313 313 314 320 326 334 337 328 319 315 313 313 315 318 323 327 330 330 328 327 329 335 338 338 336 337 338 332 327 325 321
328 332 339 335 333 313 312 313 315 315 314 312 313 314 317 319 319 322 324 323 321 317 314 311 307 304 306 308 308 306 305 305 308 322 342 356 349 333 326 325 323 321 318 315 311 306 305 308 312 314 315 319 327 337 350 360 351 333 328 328 325 321 317 315 314 313 314 317 324 333 336 329 320 316 313 309 309 312 316 321 325 329 331 331 332 336 340 343 343 341 336 329 326 326 323
327 330 337 339 330 328 316 313 313 311 310 309 309 310 314 317 316 318 320 321 321 319 315 312 309 308 310 312 311 310 309 308 310 317 332 348 346 331 322 321 320 318 316 313 309 305 304 307 311 312 311 311 314 325 343 356 349 331 325 326 323 319 317 315 313 312 313 315 321 330 334 330 321 316 313 308 306 309 313 315 319 324 329 332 335 339 344 347 350 346 336 327 324 324 322
323 328 336 340 336 326 318 315 313 310 307 303 300 305 311 312 312 311 313 315 316 316 314 312 311 312 316 319 320 319 320 320 322 326 334 345 346 333 322 320 320 318 315 312 308 304 304 307 312 314 313 311 307 311 327 345 345 330 324 324 322 318 316 314 313 312 312 315 321 329 334 332 323 317 314 309 306 309 312 313 313 315 318 323 329 336 343 349 353 348 336 327 325 323 320
319 323 332 337 336 328 318 313 311 308 305 301 299 308 314 314 313 310 309 309 310 311 311 310 311 314 318 322 325 327 328 329 332 335 338 346 351 340 326 322 322 320 316 313 309 305 304 308 314 317 317 314 309 309 319 335 341 333 324 322 321 318 316 314 313 312 313 315 321 328 334 334 326 319 315 310 306 308 313 315 314 309 307 308 314 323 334 344 350 345 335 329 327 324 321
316 321 329 333 334 327 325 314 312 311 314 316 316 318 320 322 322 320 316 312 310 310 310 309 311 314 317 320 324 328 330 332 336 339 341 347 355 349 331 324 323 320 317 313 309 305 304 308 314 317 317 315 314 316 323 333 340 336 325 320 319 319 317 314 313 313 313 315 319 327 333 336 331 322 315 309 305 306 312 317 319 315 311 311 315 320 328 336 343 340 332 327 325 323 321
320 323 330 332 333 330 325 324 324 324 325 327 327 326 325 327 329 330 327 322 318 316 313 311 313 314 313 314 318 322 325 329 334 338 342 348 357 353 336 326 323 319 316 313 309 305 303 306 311 316 318 318 317 320 326 333 339 337 327 319 318 319 317 314 312 312 312 313 316 324 331 337 337 327 317 311 306 305 310 317 322 323 322 323 326 329 332 334 337 335 327 323 320 318 317
324 328 334 334 330 329 330 331 332 332 330 330 329 327 326 328 331 333 331 327 324 321 317 314 315 314 310 311 314 315 317 321 326 331 338 347 356 355 340 328 322 318 314 312 308 305 305 308 313 318 322 321 320 322 327 332 336 338 332 322 318 318 316 312 310 310 310 309 312 319 328 336 341 335 322 314 308 306 308 314 320 322 324 327 332 335 337 336 335 332 324 319 317 316 315
325 330 338 336 328 326 328 331 332 331 330 328 327 325 324 327 330 329 327 325 322 319 317 316 318 316 311 312 316 317 316 317 319 323 331 342 354 356 342 329 322 316 313 311 309 309 311 314 316 319 321 321 321 324 329 332 335 339 339 329 320 317 316 312 309 309 308 307 308 314 323 334 343 339 326 316 310 306 307 311 316 318 320 324 330 336 339 338 335 332 325 318 317 318 317
323 330 339 336 328 325 326 327 328 327 326 324 322 320 319 323 325 322 319 317 315 313 313 315 319 316 311 312 317 320 322 323 324 327 332 340 353 355 341 329 323 318 316 314 312 312 316 320 319 318 318 319 321 326 331 334 336 341 344 337 324 318 316 312 310 309 308 306 307 312 320 331 341 340 327 317 312 308 307 308 313 318 321 324 328 334 340 341 337 334 326 318 315 316 317
321 327 337 334 327 325 325 325 324 323 322 320 318 315 315 318 321 317 314 312 310 309 310 314 318 315 310 311 315 318 321 324 327 331 337 344 355 355 341 330 326 323 319 316 313 314 319 324 322 317 315 315 317 324 330 335 338 343 348 343 330 320 316 313 311 310 308 307 309 312 319 329 340 339 326 316 313 310 307 307 312 318 323 326 329 334 341 342 339 338 331 318 313 314 315
320 326 334 332 325 322 322 322 321 319 318 317 315 313 313 316 317 314 313 312 309 309 312 317 318 314 312 314 317 317 316 317 321 327 335 345 357 356 341 331 327 324 320 315 313 314 320 327 325 317 312 311 313 318 325 331 337 344 349 348 337 324 317 314 313 311 309 309 311 314 320 328 338 338 325 316 312 309 306 305 309 316 322 324 327 332 338 340 339 340 336 324 317 316 316
322 326 332 330 323 318 317 317 318 316 315 314 313 311 311 313 315 315 315 314 312 311 315 322 320 314 312 316 321 322 319 316 315 319 327 340 356 355 340 329 326 323 318 314 312 314 320 328 326 318 312 309 309 313 317 322 330 339 346 348 341 328 320 317 315 312 310 310 312 316 321 327 337 337 325 316 313 310 306 303 306 314 320 320 321 325 330 334 336 340 337 327 322 321 320
323 326 332 331 324 315 312 313 315 314 310 308 309 310 311 314 316 317 318 317 314 313 319 324 319 313 311 313 318 322 323 323 322 323 327 337 351 350 337 328 325 322 317 313 311 313 319 327 326 318 312 310 310 313 315 317 321 329 337 343 340 330 323 320 316 313 309 309 312 317 322 329 337 336 325 317 314 311 307 303 304 311 316 317 318 321 325 329 334 338 335 327 324 324 323
321 325 331 333 326 315 309 310 315 317 313 313 312 316 317 318 319 319 319 318 314 312 317 321 315 311 310 309 312 317 322 324 327 330 332 338 347 347 337 328 324 321 316 312 311 315 320 326 324 318 313 311 313 317 320 321 322 325 331 339 337 328 323 320 317 313 309 308 311 316 322 329 338 337 326 318 315 312 308 303 303 311 317 317 319 324 327 330 334 336 332 325 323 324 322
319 323 330 333 329 318 309 310 318 323 324 322 323 323 323 322 322 322 319 316 313 311 314 317 314 310 310 308 309 312 317 320 324 332 337 341 347 348 337 327 323 319 314 310 311 317 323 327 323 316 312 311 313 317 323 327 329 330 333 340 338 327 321 318 315 312 309 307 310 315 321 328 337 337 326 319 317 314 309 304 305 313 321 323 324 328 333 335 335 335 329 323 321 322 321
317 320 327 332 332 325 315 314 319 323 325 326 325 324 324 323 323 323 320 317 314 311 313 318 319 316 313 309 307 310 314 315 318 326 334 341 349 349 336 325 320 317 312 309 311 316 323 327 323 315 311 309 310 314 320 327 332 334 338 343 343 331 321 317 313 311 308 306 308 314 321 329 337 336 325 319 318 316 311 307 308 316 324 327 328 332 339 340 338 334 327 323 321 321 320
315 319 325 330 334 331 322 318 319 320 320 321 321 321 320 320 321 320 319 318 315 311 312 317 324 325 320 312 308 309 314 315 314 318 326 338 350 350 336 324 319 316 312 309 309 312 318 325 323 315 309 308 309 310 315 322 328 333 339 345 347 338 323 316 312 309 307 305 307 314 323 332 340 337 326 319 318 317 312 308 309 315 323 326 329 335 341 343 341 335 326 322 321 320 319
316 318 323 328 334 332 324 320 321 320 318 317 316 315 315 316 318 318 317 317 313 308 307 311 321 329 326 315 310 311 316 319 317 314 318 332 348 348 335 325 320 316 312 310 311 311 314 321 324 317 310 308 310 310 312 318 324 329 335 343 349 343 327 317 314 311 309 307 309 315 325 334 342 339 327 319 318 316 311 306 306 312 318 321 325 332 340 343 343 339 329 321 319 319 319
317 319 323 328 334 331 324 322 323 321 318 315 313 312 312 315 317 318 319 317 313 308 304 306 316 328 328 318 310 310 316 322 322 318 316 327 343 344 333 324 319 315 313 314 316 312 310 316 323 321 313 310 311 310 311 316 322 327 331 339 348 344 329 321 318 316 314 311 311 316 324 334 342 340 327 318 317 315 310 305 304 309 315 318 322 328 335 340 342 341 334 324 319 318 318
317 320 324 329 333 329 323 322 322 320 318 315 313 312 313 316 318 320 322 320 317 312 308 307 314 325 328 320 310 308 312 319 325 325 323 327 337 338 330 323 318 314 314 318 319 311 307 310 319 322 316 310 310 309 308 311 319 326 331 339 346 340 328 322 320 319 316 313 312 316 324 332 341 340 328 320 317 315 310 304 303 306 313 318 323 328 333 337 338 339 337 330 322 318 317
316 319 324 329 332 328 321 319 319 319 319 318 315 313 314 315 318 322 323 321 319 315 310 309 313 324 328 321 311 307 309 314 321 328 330 332 337 336 328 320 315 312 314 319 318 310 305 306 313 320 317 310 306 305 305 306 312 322 331 341 346 337 327 321 319 316 314 312 312 317 324 332 340 339 328 320 317 315 310 304 301 303 309 316 322 327 333 336 336 335 335 332 325 319 316
315 318 324 329 331 328 321 316 314 315 318 319 317 314 314 313 317 321 320 317 315 312 309 309 314 323 329 323 314 308 307 309 315 324 330 334 338 338 334 318 313 310 312 316 314 308 304 304 309 317 318 312 307 304 303 303 307 316 328 340 344 336 326 320 317 315 313 311 312 317 325 333 341 339 326 317 314 312 308 302 299 301 307 314 318 322 329 333 333 331 332 332 326 320 317
314 317 324 329 331 328 323 316 309 308 312 317 318 318 316 313 314 318 317 312 309 307 307 308 313 323 331 329 320 311 307 308 312 320 327 332 338 339 328 316 311 312 316 317 315 311 306 304 308 315 319 319 317 313 308 304 305 313 325 335 341 335 326 321 319 318 316 312 312 317 323 332 342 338 323 315 312 310 307 303 300 301 305 312 316 319 324 328 329 329 331 332 328 322 319
314 318 325 330 331 328 324 317 310 305 321 313 320 323 317 311 309 313 316 313 310 308 306 307 313 321 329 332 327 317 310 309 311 317 324 329 334 338 329 316 312 319 323 322 320 316 311 307 309 314 319 322 324 324 318 310 307 313 323 333 338 333 325 320 319 318 316 312 312 317 323 332 343 335 322 315 312 310 308 304 301 301 305 313 319 323 325 326 327 329 331 332 329 324 321
