project/data/elevation/US_DEM2016/US_DEM2016_point_10-30-2019_2043_30m_vel.asc
ncols	125
nrows	167
xllcorner	-2042055.000000
yllcorner	1465035.000000
cellsize	30.000000
NODATA_value	-9999.000000
[rows 37 to 73 of 167, columns 0 to 83 of 125]
8.79 9.03 9.03 8.66 8.17 7.59 7.08 6.49 5.79 5.11 4.80 4.94 5.56 6.54 7.15 7.15 6.97 7.13 7.73 8.49 9.10 9.62 10.05 10.39 10.50 10.46 10.34 10.09 9.56 8.76 7.81 7.09 6.91 7.24 7.66 7.98 8.27 8.58 8.89 9.29 9.61 9.57 9.45 9.13 9.13 9.45 9.58 9.18 8.54 7.82 7.22 6.94 6.77 7.02 7.31 7.38 7.37 7.60 7.75 7.99 7.99 7.81 7.40 6.64 5.79 5.22 5.00 5.06 5.21 5.38 5.62 5.90 6.18 6.42 6.83 7.34 8.06 9.14 10.72 12.20 13.22 13.24 12.58 11.71
8.74 8.50 8.03 7.61 7.10 6.76 6.48 6.03 5.45 4.91 5.00 4.69 4.97 5.59 6.57 6.69 6.77 6.60 7.12 7.64 7.95 8.10 8.25 8.57 8.97 9.31 9.66 10.01 9.96 9.57 8.89 8.14 7.67 7.53 7.72 8.31 8.98 9.36 9.65 10.11 10.60 10.84 10.91 10.77 10.55 10.22 9.49 8.35 7.57 7.03 6.83 6.85 6.76 6.91 7.28 7.45 7.51 7.77 7.86 7.83 7.65 7.22 7.01 6.66 6.15 5.63 5.07 4.87 4.92 4.99 5.09 5.34 5.67 6.14 6.49 6.87 7.31 8.12 9.18 10.37 11.31 11.82 11.80 11.32
8.49 7.82 6.96 6.54 6.12 5.91 5.72 5.49 5.28 5.14 5.15 5.21 5.26 5.92 6.29 6.28 6.43 6.59 6.41 6.36 6.18 6.10 6.22 6.65 7.43 8.26 8.95 9.59 9.98 10.01 9.68 9.08 8.55 8.34 8.69 9.48 10.05 10.37 10.51 10.65 10.85 10.84 10.86 10.77 10.52 10.06 9.16 8.18 7.46 6.88 6.76 6.96 7.01 6.95 7.32 7.60 7.81 8.02 7.80 7.32 6.64 5.92 5.37 5.22 5.13 4.97 4.58 4.39 4.49 4.57 4.64 4.96 5.42 5.85 6.15 6.43 6.67 7.14 7.81 8.33 8.61 9.24 10.36 11.08
8.06 7.33 6.41 6.01 5.84 5.75 5.74 5.81 5.94 6.13 6.33 6.44 6.30 6.06 6.67 6.33 6.29 6.42 6.05 5.51 5.29 5.39 5.75 6.31 7.14 7.85 8.45 9.05 9.56 9.95 10.08 9.86 9.63 9.84 10.40 11.06 11.49 11.66 11.35 10.86 10.62 10.05 9.65 9.72 9.76 9.87 9.63 9.35 8.93 8.52 8.02 7.75 7.54 7.20 7.31 7.51 7.69 7.78 7.40 6.70 5.88 4.96 3.99 3.64 3.64 3.77 4.02 4.22 4.33 4.32 4.25 4.62 5.29 5.71 5.91 6.09 6.23 6.47 6.87 7.17 7.25 7.67 9.03 10.76
7.88 7.38 6.76 6.53 6.52 6.56 6.57 6.64 6.85 7.15 7.39 7.39 7.08 6.75 6.56 6.52 6.59 6.56 6.28 5.92 5.90 6.16 6.53 6.88 7.16 7.46 7.70 8.09 8.77 9.44 10.14 10.39 10.70 11.17 11.65 11.97 12.06 11.80 11.27 10.60 9.99 9.33 8.72 8.44 8.79 9.09 9.36 9.45 9.59 9.65 9.43 8.68 7.93 7.31 7.07 7.05 6.98 6.82 6.54 6.19 5.69 4.93 4.00 3.63 3.72 3.97 4.25 4.38 4.34 4.26 4.24 4.49 5.05 5.45 5.53 5.57 5.86 6.29 6.61 6.75 6.90 7.05 7.80 9.55
7.97 7.74 7.45 7.35 7.32 7.27 7.19 7.27 7.56 7.89 7.99 7.78 7.30 7.11 7.14 7.21 7.21 7.21 7.19 7.20 7.34 7.56 7.77 7.92 8.01 7.94 7.84 7.93 8.41 9.02 9.98 10.66 11.45 12.05 12.12 11.72 11.16 10.52 9.86 9.37 8.99 8.53 7.88 7.55 7.66 8.00 8.31 8.33 8.54 8.78 8.88 8.49 7.86 7.18 6.90 6.87 6.70 6.39 6.21 6.36 6.30 5.93 5.38 5.18 5.29 5.22 4.94 4.64 4.63 4.67 4.55 4.47 4.63 4.75 4.60 4.58 5.20 6.02 6.35 6.39 6.66 6.95 7.56 8.79
7.99 7.87 7.73 7.70 7.70 7.73 7.84 8.09 8.38 8.53 8.39 8.02 7.53 7.53 7.45 7.57 7.71 7.85 8.03 8.26 8.58 8.85 8.96 8.94 8.86 8.64 8.49 8.49 8.72 9.04 9.85 10.65 11.39 11.79 11.58 10.90 9.97 9.13 8.44 8.14 8.09 7.85 7.29 6.76 6.76 7.11 7.32 7.01 6.55 6.19 6.26 6.72 6.97 6.93 6.97 7.24 7.35 7.31 7.35 7.50 7.48 7.32 7.08 6.92 6.47 5.88 5.57 5.54 5.53 5.13 4.55 4.12 4.09 4.12 3.90 3.93 4.58 5.50 5.80 5.78 6.30 7.11 7.83 8.34
8.01 7.97 8.00 8.10 8.34 8.70 9.07 9.30 9.31 9.12 8.73 8.27 7.84 7.60 7.58 7.77 8.01 8.23 8.47 8.77 9.09 9.24 9.21 9.05 8.82 8.58 8.51 8.60 8.90 9.30 10.10 10.47 10.65 10.51 10.28 10.00 9.51 8.80 7.83 7.23 7.06 7.06 6.77 6.23 6.03 6.34 6.21 5.77 5.12 4.72 4.79 5.21 5.81 6.36 7.00 7.70 8.10 8.31 8.40 8.30 8.24 8.18 7.83 7.33 6.61 6.33 6.45 6.37 5.74 4.68 4.04 3.90 3.99 4.02 3.98 4.13 4.71 5.36 5.53 5.43 5.90 6.86 7.44 7.64
8.29 8.41 8.65 8.91 9.19 9.51 9.76 9.84 9.70 9.35 8.89 8.46 8.19 8.03 8.20 8.40 8.53 8.66 8.81 8.90 8.85 8.66 8.47 8.35 8.34 8.29 8.27 8.45 9.01 9.66 10.32 10.10 9.55 9.10 8.91 9.03 8.96 8.62 7.66 6.74 6.15 6.10 6.03 5.62 5.49 5.65 5.64 5.60 5.57 5.57 5.43 5.22 5.30 5.94 6.98 7.88 8.16 8.22 8.19 8.23 8.22 8.28 7.96 7.52 7.26 7.25 6.93 6.10 5.01 4.35 4.30 4.59 4.76 4.76 4.76 4.99 5.46 5.79 5.97 5.69 5.87 6.33 6.83 7.15
8.56 8.73 9.06 9.32 9.41 9.39 9.30 9.21 9.10 8.90 8.63 8.35 8.35 8.58 8.92 9.09 9.10 9.05 8.93 8.72 8.39 8.03 7.78 7.77 7.97 8.13 8.27 8.62 9.29 9.85 9.99 9.37 8.55 8.12 7.92 7.82 7.81 7.89 7.54 6.69 5.75 5.40 5.47 5.55 5.70 5.86 6.12 6.27 6.32 6.02 5.50 5.22 5.55 6.44 7.44 7.91 7.94 7.89 7.94 8.14 8.15 8.25 8.19 8.02 7.76 7.29 6.18 5.42 5.20 5.42 5.82 6.02 6.06 6.04 6.12 6.30 6.49 6.51 6.43 6.39 6.98 6.55 6.84 7.22
8.56 8.60 8.78 8.94 8.87 8.66 8.38 8.13 7.97 7.95 7.91 7.83 8.10 8.31 8.68 8.88 8.96 8.87 8.62 8.33 8.05 7.77 7.57 7.53 7.67 7.89 8.16 8.69 9.34 9.57 9.19 8.42 7.92 7.54 7.19 6.90 6.78 6.99 7.20 6.95 6.04 5.59 5.71 6.19 6.44 6.62 6.66 6.28 5.66 4.97 4.80 5.27 6.53 7.91 8.53 8.43 8.28 8.21 8.26 8.36 8.31 8.40 8.28 8.01 7.52 6.73 6.14 6.22 6.82 7.45 7.83 7.90 7.87 7.81 7.76 7.79 7.81 7.67 7.55 7.54 7.23 7.10 7.27 7.47
8.47 8.42 8.25 8.23 8.19 7.97 7.66 7.36 7.17 7.12 7.17 7.22 7.29 7.55 7.78 7.94 8.15 8.24 8.18 8.01 7.76 7.53 7.36 7.27 7.30 7.47 7.71 8.30 9.02 9.11 8.74 8.21 7.82 7.38 6.79 6.20 6.04 6.20 6.57 6.70 6.26 5.77 5.69 5.98 6.20 6.42 6.45 5.79 5.12 4.92 5.47 6.95 8.68 9.68 9.87 9.32 8.88 8.60 8.55 8.70 8.77 8.84 8.68 8.34 8.20 8.29 8.79 9.49 10.09 10.51 10.63 10.62 10.55 10.45 10.31 10.21 10.09 9.77 9.31 8.68 7.87 7.36 7.44 7.47
8.53 8.46 8.05 7.76 7.73 7.71 7.54 7.28 7.07 6.96 7.09 7.23 7.41 7.45 7.58 7.67 7.81 7.92 7.94 7.79 7.49 7.21 7.03 6.95 6.96 7.07 7.27 7.90 8.70 8.75 8.51 8.29 8.02 7.64 7.02 6.19 5.82 5.58 5.63 5.86 5.74 5.30 4.97 4.92 5.24 5.73 6.21 6.11 5.93 6.33 7.80 9.61 10.68 10.94 10.54 9.73 9.13 8.82 8.82 9.17 9.40 9.61 9.60 9.74 10.15 10.88 11.73 12.49 13.03 13.28 13.35 13.34 13.29 13.21 13.03 12.75 12.44 12.03 11.21 9.97 8.67 7.71 7.43 7.28
8.63 8.53 8.08 7.69 7.59 7.67 7.77 7.70 7.53 7.52 7.82 8.13 8.36 8.41 8.36 8.30 8.18 8.03 7.85 7.62 7.35 7.05 6.81 6.69 6.72 6.89 7.20 7.90 8.45 8.27 7.82 7.87 7.78 7.68 7.56 7.04 6.34 5.61 5.25 5.43 5.50 5.34 5.21 5.23 5.50 5.98 6.81 7.39 7.86 8.94 10.49 11.37 11.53 10.93 10.25 9.48 9.03 8.86 8.75 8.88 9.13 9.57 9.91 10.26 10.93 11.61 12.14 12.66 12.98 13.17 13.31 13.43 13.48 13.47 13.29 12.99 12.68 12.39 11.90 11.16 10.17 9.02 7.90 7.23
8.65 8.40 7.94 7.77 7.63 7.61 7.76 7.93 7.96 8.05 8.52 9.06 9.28 9.27 9.10 8.77 8.38 8.01 7.74 7.55 7.36 7.09 6.77 6.54 6.57 6.88 7.30 7.86 7.99 7.42 7.01 7.05 7.05 7.30 7.61 7.67 7.05 6.38 6.09 6.25 6.53 6.79 7.01 7.09 7.22 7.72 8.81 10.00 11.14 11.97 12.26 12.02 11.23 10.16 9.52 8.91 8.52 8.24 7.92 7.73 7.91 8.29 9.02 9.46 9.89 10.05 9.88 9.76 9.65 9.79 10.08 10.50 10.68 10.73 10.59 10.43 10.46 10.40 10.37 10.45 10.36 9.97 9.16 7.97
8.47 7.98 7.40 7.33 7.33 7.36 7.52 7.79 8.02 8.16 8.57 9.15 9.34 9.30 9.03 8.53 7.99 7.60 7.42 7.30 7.14 6.94 6.69 6.48 6.53 6.85 7.25 7.59 7.39 6.63 6.35 6.42 6.44 6.59 7.11 7.38 7.35 7.24 7.31 7.71 8.11 8.42 8.61 8.83 9.27 10.08 11.14 12.07 12.70 12.81 12.44 11.55 10.56 9.54 8.94 8.39 7.93 7.45 7.19 7.03 7.18 7.48 7.83 8.16 8.19 7.61 6.91 6.19 5.94 6.05 6.36 6.79 7.04 7.02 7.06 7.02 7.25 7.38 7.50 7.84 8.46 8.89 8.91 8.47
8.17 7.59 6.88 6.65 6.70 6.93 7.24 7.55 7.91 8.09 8.68 8.49 8.44 8.32 8.06 7.65 7.23 6.93 6.78 6.72 6.64 6.56 6.57 6.65 6.77 6.93 7.18 7.34 7.08 6.57 6.38 6.41 6.39 6.37 6.45 6.78 7.21 7.38 7.65 8.14 8.66 8.92 9.19 9.63 10.43 11.31 11.92 12.18 12.04 11.67 11.18 10.62 9.94 9.25 8.72 8.24 7.81 7.44 7.41 7.43 7.58 7.66 7.56 7.48 7.05 6.32 5.66 5.26 5.22 5.22 5.03 4.74 4.63 4.63 4.66 4.72 4.98 5.25 5.36 5.32 5.48 5.86 6.20 6.55
7.94 7.50 6.89 6.62 6.53 6.54 6.67 6.98 7.34 7.56 7.48 7.56 6.96 6.74 6.52 6.42 6.29 6.06 5.94 6.10 6.39 6.58 6.78 7.00 7.08 7.15 7.29 7.42 7.41 7.33 7.17 6.90 6.63 6.32 6.00 6.21 6.67 6.90 7.08 7.43 7.96 8.40 8.86 9.61 10.62 11.21 11.22 10.61 9.72 9.43 9.52 9.67 9.52 9.19 8.75 8.36 8.01 7.84 7.99 8.00 7.96 7.83 7.43 7.16 6.80 6.37 6.21 6.13 5.94 5.50 4.75 3.86 3.39 3.17 3.10 3.16 3.40 3.61 3.67 3.44 3.23 3.27 3.69 4.44
8.00 7.78 7.52 7.32 7.05 6.61 6.15 6.06 6.33 6.61 6.60 6.83 5.74 5.47 5.37 5.71 5.41 5.33 5.39 5.84 6.49 7.05 7.36 7.42 7.45 7.50 7.61 7.77 7.85 7.90 7.58 7.07 6.59 6.11 5.76 5.85 6.28 6.59 6.67 6.81 7.16 7.72 8.39 9.44 10.33 10.46 9.80 8.79 8.27 8.17 8.36 8.74 8.95 8.95 8.58 8.28 8.01 7.91 7.99 7.77 7.42 7.05 6.75 6.69 6.84 6.93 6.99 6.84 6.08 5.13 4.14 3.48 3.11 2.79 2.50 2.35 2.27 2.19 2.17 2.29 2.90 3.11 4.05 4.99
8.33 8.44 8.52 8.35 7.94 7.33 6.50 6.08 6.06 6.27 6.31 6.67 6.24 5.48 5.45 5.38 5.41 5.51 5.76 6.27 6.97 7.67 7.99 8.09 8.15 8.24 8.25 8.26 8.21 8.13 7.66 7.30 7.04 6.66 6.26 6.32 6.82 7.20 7.21 7.21 7.39 7.80 8.46 9.48 9.87 9.41 8.28 7.53 7.17 7.12 7.31 7.75 8.20 8.28 8.01 7.76 7.54 7.36 7.15 6.65 6.16 5.87 5.97 6.32 7.02 7.35 7.21 6.67 5.66 4.83 4.32 4.22 4.12 3.61 2.88 2.35 2.05 2.00 2.16 2.63 3.50 4.80 6.25 6.97
8.68 8.93 9.13 9.02 8.72 8.27 7.66 7.19 6.89 6.81 7.70 6.56 6.46 6.58 6.72 6.80 6.88 7.07 7.21 7.47 7.93 8.47 8.82 9.06 9.24 9.32 9.11 8.88 8.84 8.91 8.84 8.69 8.53 8.18 7.63 7.56 7.99 8.33 8.45 8.46 8.49 8.49 8.86 9.42 9.28 8.20 7.13 6.36 6.07 6.12 6.35 6.81 7.41 7.53 7.41 7.21 6.93 6.55 6.09 5.74 5.64 5.80 6.29 6.80 7.33 7.33 6.83 6.15 5.48 5.39 5.64 5.75 5.23 4.37 3.57 3.19 3.15 3.28 3.69 4.61 6.08 7.62 8.41 8.34
8.79 8.80 8.78 8.84 8.93 8.93 8.65 8.19 7.68 7.27 7.09 7.13 7.42 7.84 8.30 8.59 8.85 9.09 9.24 9.29 9.44 9.52 9.71 9.97 10.17 10.06 9.77 9.52 9.54 9.58 9.60 9.43 9.22 8.90 8.42 8.19 8.36 8.67 8.99 9.22 9.25 9.12 9.11 8.99 8.17 6.93 5.96 5.37 5.14 5.15 5.40 5.82 6.41 6.89 7.04 6.95 6.74 6.44 6.25 6.41 6.70 7.18 7.74 8.06 8.05 7.57 6.86 6.48 6.45 6.76 7.00 6.67 5.71 4.73 4.32 4.42 4.72 5.20 6.08 7.37 8.72 9.35 9.20 8.39
8.75 8.39 8.05 8.14 8.47 8.82 8.88 8.50 7.88 7.29 8.42 7.11 7.64 8.33 8.96 9.42 9.75 10.04 10.29 10.37 10.26 10.11 10.13 10.28 10.27 10.09 9.94 9.83 9.78 9.52 8.92 8.39 8.09 8.05 8.05 8.10 8.21 8.47 8.79 9.17 9.41 9.28 8.94 8.23 6.92 5.64 4.83 4.46 4.29 4.37 4.46 4.71 5.48 6.37 6.91 7.10 7.14 7.13 7.29 7.47 7.81 8.41 9.03 9.40 9.22 8.87 8.10 7.84 8.06 8.19 7.69 6.80 5.98 5.71 5.93 6.38 7.03 7.87 8.93 9.88 10.18 9.76 8.84 7.88
8.70 8.23 7.63 7.48 7.55 7.74 7.98 7.97 7.63 7.11 6.67 6.61 6.95 7.53 8.11 8.50 8.77 8.92 9.00 9.09 9.22 9.33 9.42 9.38 9.17 9.11 9.24 9.45 9.47 9.30 8.75 7.92 7.38 7.29 7.72 8.21 8.58 8.75 8.84 8.93 8.99 8.66 8.14 7.35 6.25 5.04 4.27 4.03 4.11 4.26 4.30 4.46 5.16 6.23 7.07 7.61 7.94 8.14 8.23 8.18 8.44 9.26 10.03 10.37 10.28 10.27 9.98 9.44 9.29 9.14 8.37 7.62 7.46 8.07 8.83 9.56 10.33 10.99 11.36 11.18 10.42 9.32 8.34 7.57
8.56 7.94 7.17 6.93 6.63 6.47 6.62 6.89 6.92 6.54 5.99 5.61 5.51 5.66 5.96 6.19 6.32 6.20 5.83 5.76 6.44 7.20 7.39 7.13 6.81 7.20 7.98 8.49 8.72 8.99 9.17 9.05 8.69 8.38 8.34 8.59 8.82 8.84 8.66 8.38 8.11 7.79 7.38 7.09 6.53 5.69 5.07 5.07 5.28 5.42 5.51 5.69 6.07 6.72 7.32 7.87 8.40 8.89 9.15 9.42 9.92 10.63 10.84 10.65 10.49 10.69 10.79 10.71 10.59 10.48 10.27 10.19 10.65 11.32 11.81 12.20 12.49 12.54 12.15 11.17 10.01 8.99 8.22 7.50
8.14 7.40 6.56 6.37 6.19 5.99 5.88 6.02 6.19 5.91 5.27 4.59 4.03 3.70 3.63 3.76 3.89 3.76 3.57 3.60 4.08 4.74 4.96 4.81 5.01 5.85 7.12 7.74 7.93 8.03 8.54 9.11 9.40 9.41 9.00 8.62 8.29 8.10 7.76 7.40 7.20 7.35 7.49 7.77 7.82 7.81 7.54 7.45 7.48 7.50 7.53 7.48 7.38 7.39 7.48 7.72 8.18 8.86 9.63 10.46 11.15 11.21 10.69 9.86 9.28 9.55 10.30 10.73 11.19 11.57 11.91 12.26 12.64 12.79 12.74 12.58 12.36 11.90 11.13 10.24 9.44 8.76 8.13 7.46
7.87 7.30 6.54 6.22 6.11 6.04 5.89 5.83 5.91 5.77 5.23 4.44 3.64 3.04 2.70 2.61 2.83 3.21 3.66 3.84 3.78 3.70 3.66 3.89 4.60 5.79 7.10 7.52 7.40 7.04 7.19 7.71 8.39 8.84 8.65 7.96 7.21 6.77 6.66 6.60 6.73 7.35 8.04 8.66 9.00 9.37 9.48 9.28 9.08 8.92 8.51 8.07 7.79 7.72 7.69 7.81 8.19 8.92 9.81 10.50 10.68 10.20 9.32 8.33 7.95 8.26 9.07 9.83 10.44 11.09 11.50 11.72 11.77 11.60 11.28 10.83 10.26 9.55 9.11 8.75 8.34 7.96 7.55 7.01
7.99 7.71 7.23 6.81 6.56 6.43 6.29 6.18 6.15 6.09 5.82 5.31 4.73 4.09 3.52 3.17 3.01 4.05 4.98 5.35 5.08 4.51 4.21 4.40 5.21 6.50 7.51 7.63 7.17 6.54 6.28 6.33 6.80 7.28 7.52 7.31 6.82 6.42 6.40 6.74 7.25 8.05 8.58 8.92 9.10 9.40 9.57 9.61 9.51 9.13 8.32 7.77 7.66 7.81 7.93 8.11 8.49 9.22 9.78 9.79 9.20 8.29 7.58 7.19 7.28 7.71 8.15 8.57 9.00 9.46 9.70 9.64 9.31 9.03 8.86 8.53 7.91 7.20 6.80 6.79 6.67 6.46 6.20 5.94
8.09 7.97 7.76 7.51 7.24 6.96 6.79 6.84 6.88 6.96 6.99 6.88 6.62 6.04 5.33 4.76 4.61 5.01 5.73 6.44 6.55 6.26 5.92 5.95 6.53 7.49 8.11 8.11 7.66 6.86 6.30 5.89 5.77 6.04 6.72 7.36 7.68 7.83 7.93 8.13 8.52 8.90 8.87 8.65 8.49 8.60 8.80 9.02 9.07 8.91 8.36 7.92 7.81 7.93 8.06 8.22 8.58 9.14 9.36 8.80 7.93 7.20 6.79 6.71 6.81 7.08 7.27 7.42 7.71 7.98 8.11 7.99 7.58 7.10 6.76 6.68 6.27 5.53 4.81 4.63 4.76 4.55 4.30 4.16
8.10 8.00 7.85 7.67 7.46 7.27 7.29 7.53 7.87 8.25 8.53 8.61 8.27 7.65 6.89 6.21 5.78 5.73 6.06 6.88 7.52 7.88 7.96 7.89 8.05 8.65 9.04 8.95 8.64 7.98 7.41 6.83 6.39 6.48 7.12 7.98 8.71 9.24 9.40 9.33 9.20 9.06 8.64 8.20 7.95 7.89 7.99 8.05 8.14 8.28 8.31 8.15 8.00 8.06 8.19 8.43 8.82 9.13 8.81 7.91 7.09 6.66 6.44 6.31 6.34 6.63 6.86 6.90 6.88 6.96 6.92 6.84 6.66 6.10 5.37 5.02 4.85 4.36 3.52 2.96 2.91 2.87 2.68 2.68
8.16 8.03 7.86 7.58 7.33 7.25 7.43 7.80 8.34 8.98 9.46 9.60 9.44 9.05 8.47 7.74 7.01 6.58 6.62 7.23 7.96 8.72 8.96 9.05 9.33 9.88 9.93 9.56 9.16 8.86 8.66 8.39 8.05 7.93 8.10 8.44 8.75 9.00 9.09 8.95 8.74 8.55 8.19 7.74 7.44 7.15 7.05 6.93 6.87 7.08 7.48 7.71 7.80 8.00 8.30 8.71 8.93 8.68 7.78 6.79 6.32 6.19 6.13 6.25 6.49 6.81 6.75 6.36 6.00 5.88 5.80 5.71 5.74 5.48 4.74 4.00 3.68 3.47 2.83 2.14 1.94 2.12 2.26 2.49
8.18 8.00 7.72 7.42 7.14 7.03 7.07 7.23 7.59 8.12 8.71 9.22 9.64 9.86 9.80 9.40 8.63 7.81 7.49 7.64 8.00 8.73 9.22 9.64 10.14 10.45 10.16 9.38 8.78 8.71 8.94 9.13 9.10 8.78 8.48 8.28 8.11 7.96 7.95 8.12 8.24 8.20 7.90 7.43 7.01 6.67 6.45 6.19 5.97 5.94 6.19 6.61 7.09 7.51 8.05 8.34 8.12 7.35 6.26 5.72 5.64 5.72 5.97 6.41 6.66 6.55 6.05 5.30 4.70 4.41 4.36 4.17 4.04 4.20 4.05 3.48 3.02 2.88 2.63 2.33 2.21 2.39 2.81 3.42
8.08 7.80 7.36 7.19 7.04 6.92 6.75 6.49 6.23 6.17 6.49 7.40 8.54 9.53 10.18 10.34 9.99 9.26 8.52 8.21 8.26 8.76 9.28 9.91 10.33 10.23 9.59 8.77 7.99 7.77 8.00 8.39 8.64 8.51 8.26 8.01 7.77 7.71 7.94 8.26 8.31 8.13 7.79 7.48 7.22 6.94 6.62 6.07 5.48 5.13 5.21 5.76 6.54 7.25 7.51 7.31 6.55 5.58 5.00 4.89 4.88 4.90 5.30 5.76 5.75 5.46 5.05 4.50 3.85 3.27 3.01 2.91 2.83 2.87 3.06 3.09 3.01 2.74 3.16 3.32 3.51 3.74 4.18 4.96
7.96 7.59 7.13 7.10 7.09 7.03 6.85 6.50 5.90 5.24 4.93 5.35 6.55 8.03 9.30 10.08 10.37 10.18 9.65 9.16 9.04 9.23 9.58 10.09 10.25 9.87 9.14 8.24 7.36 6.80 6.61 6.74 7.19 7.59 7.85 7.94 7.95 8.03 8.29 8.47 8.33 8.04 7.80 7.70 7.57 7.11 6.47 5.63 5.20 5.28 5.73 6.44 7.05 7.26 7.19 6.40 5.38 4.68 4.46 4.39 4.22 4.10 4.18 4.40 4.64 4.87 5.16 5.13 4.68 4.12 3.85 3.66 3.39 3.09 3.06 3.28 3.59 3.95 4.34 4.75 5.16 5.61 6.08 6.95
7.93 7.59 7.20 7.17 7.23 7.25 7.17 7.06 6.75 6.12 5.36 5.03 5.51 6.55 7.84 8.99 9.81 10.34 10.42 10.27 10.21 10.30 10.53 10.66 10.40 9.86 9.17 8.31 7.42 6.80 6.45 6.40 6.54 6.87 7.31 7.72 7.92 7.98 8.10 8.23 8.00 7.68 7.49 7.44 7.30 6.66 6.11 5.91 6.34 7.11 7.75 8.06 8.03 7.70 7.34 6.57 6.10 5.80 5.58 5.29 5.00 4.77 4.69 4.86 5.55 6.33 6.93 7.08 6.84 6.46 6.06 5.56 4.82 4.28 4.07 4.20 4.60 5.13 5.68 6.35 7.19 8.07 8.82 9.94
7.93 7.58 7.26 7.27 7.41 7.47 7.52 7.70 7.94 7.95 7.50 6.85 6.56 6.77 7.39 8.42 9.40 10.39 10.94 11.22 11.48 11.53 11.41 11.07 10.44 9.86 9.47 9.08 8.47 8.13 7.94 7.75 7.40 7.23 7.37 7.63 7.80 7.87 7.86 7.65 7.33 7.09 7.04 7.08 7.14 7.16 7.48 8.16 8.84 9.25 9.30 8.98 8.48 7.98 7.72 7.70 7.75 7.79 7.72 7.55 7.40 7.41 7.55 7.93 8.41 8.64 8.51 8.28 7.96 7.48 6.82 6.04 5.24 4.90 4.98 5.33 5.78 6.42 7.34 8.75 10.34 11.61 12.51 13.32
7.88 7.55 7.28 7.36 7.59 7.70 7.85 8.18 8.75 9.33 9.58 9.47 9.13 8.65 8.49 8.89 9.69 10.78 11.61 12.04 12.38 12.28 11.61 10.84 10.09 9.72 9.71 9.75 9.58 9.30 9.06 8.89 8.57 8.31 8.10 7.99 7.96 7.86 7.56 7.20 7.05 7.21 7.32 7.48 7.75 8.18 8.77 9.31 9.50 9.28 8.99 8.68 8.42 8.15 8.05 8.14 8.24 8.46 8.76 9.04 9.26 9.53 9.73 9.76 9.45 8.85 8.10 7.78 7.48 6.88 6.14 5.55 5.26 5.34 5.76 6.40 7.14 8.18 9.76 11.70 13.32 14.36 14.71 14.60
