project/data/elevation/US_DEM2016/US_DEM2016_point_11-01-2019_1725_30m_vel.asc
ncols	125
nrows	167
xllcorner	-2042055.000000
yllcorner	1465035.000000
cellsize	30.000000
NODATA_value	-9999.000000
[rows 0 to 37 of 167, columns 0 to 83 of 125]
3.18 2.98 2.89 3.22 3.74 4.39 5.07 5.64 5.93 6.14 6.41 6.82 6.91 6.48 6.24 6.36 6.52 6.39 5.84 5.28 4.96 5.04 5.41 5.79 6.03 6.01 5.68 4.83 3.80 2.90 2.23 1.81 1.64 1.57 1.51 1.48 1.61 1.90 2.23 2.46 2.62 2.73 2.82 2.84 2.73 2.55 2.44 2.50 2.79 3.37 4.04 4.71 5.26 5.75 5.92 5.93 5.77 5.24 4.69 4.30 4.05 3.90 3.92 4.18 4.41 4.48 4.40 4.10 3.63 3.36 3.33 3.42 3.55 3.66 3.77 3.86 3.96 4.21 4.58 4.89 5.07 4.94 4.57 4.57
3.18 2.98 2.89 3.22 3.74 4.39 5.07 5.64 5.93 6.14 6.41 6.82 6.91 6.48 6.24 6.36 6.52 6.39 5.84 5.28 4.96 5.04 5.41 5.79 6.03 6.01 5.68 4.83 3.80 2.90 2.23 1.81 1.64 1.57 1.51 1.48 1.61 1.90 2.23 2.46 2.62 2.73 2.82 2.84 2.73 2.55 2.44 2.50 2.79 3.37 4.04 4.71 5.26 5.75 5.92 5.93 5.77 5.24 4.69 4.30 4.05 3.90 3.92 4.18 4.41 4.48 4.40 4.10 3.63 3.36 3.33 3.42 3.55 3.66 3.77 3.86 3.96 4.21 4.58 4.89 5.07 4.94 4.57 4.57
3.05 2.92 2.97 3.31 3.71 4.25 4.81 5.26 5.53 5.67 5.87 6.16 6.22 6.06 5.89 5.92 6.01 5.97 5.60 5.12 4.92 5.05 5.32 5.50 5.53 5.36 4.83 4.02 3.24 2.56 2.06 1.77 1.66 1.63 1.59 1.60 1.75 1.98 2.18 2.35 2.45 2.54 2.65 2.76 2.83 2.83 2.83 2.89 3.16 3.64 4.17 4.63 4.98 5.24 5.37 5.37 5.27 5.03 4.66 4.24 3.91 3.72 3.76 3.93 4.05 4.08 4.06 3.99 3.88 3.72 3.65 3.63 3.61 3.57 3.56 3.59 3.71 3.98 4.28 4.45 4.42 4.40 4.43 4.63
3.10 3.07 3.26 3.53 3.79 4.08 4.40 4.58 4.63 4.67 4.79 4.87 4.88 4.90 4.94 4.92 4.92 5.01 4.96 4.81 4.87 5.06 5.09 4.84 4.50 4.08 3.55 3.06 2.63 2.29 2.05 1.93 1.93 2.00 2.01 2.02 2.09 2.19 2.24 2.30 2.44 2.60 2.77 2.98 3.21 3.39 3.53 3.62 3.78 4.07 4.36 4.47 4.42 4.32 4.27 4.11 4.02 4.12 4.16 4.07 3.91 3.77 3.67 3.56 3.40 3.29 3.33 3.53 3.76 3.90 3.91 3.77 3.56 3.36 3.23 3.22 3.34 3.57 3.71 3.58 3.43 3.71 4.24 4.68
3.30 3.32 3.55 3.69 3.81 3.98 4.07 4.09 4.00 3.93 3.89 3.85 3.84 3.88 4.00 4.02 3.99 4.09 4.32 4.57 4.84 4.91 4.68 4.13 3.55 3.12 2.93 2.80 2.64 2.53 2.45 2.46 2.56 2.64 2.62 2.52 2.47 2.49 2.50 2.57 2.78 3.00 3.24 3.49 3.67 3.81 3.92 4.06 4.21 4.38 4.47 4.37 4.06 3.72 3.42 3.00 2.76 2.81 3.11 3.47 3.68 3.70 3.57 3.25 2.95 2.74 2.67 2.77 2.98 3.14 3.19 3.12 3.00 2.90 2.90 2.99 3.13 3.25 3.27 3.16 3.15 3.55 4.15 4.45
3.35 3.43 3.69 3.80 3.81 3.87 3.87 3.74 3.67 3.59 3.40 3.23 3.24 3.40 3.65 3.75 3.73 3.75 3.99 4.34 4.60 4.49 4.04 3.38 2.84 2.65 2.69 2.76 2.80 2.85 2.93 3.04 3.12 3.08 2.93 2.79 2.76 2.81 2.86 2.90 3.00 3.14 3.31 3.57 3.78 3.90 3.99 4.15 4.30 4.44 4.48 4.31 3.97 3.45 2.92 2.50 2.39 2.47 2.63 2.80 2.96 3.06 2.99 2.76 2.53 2.41 2.37 2.35 2.34 2.31 2.28 2.25 2.26 2.37 2.55 2.75 2.92 3.03 3.10 3.13 3.23 3.55 3.94 3.94
3.48 3.62 3.86 3.95 3.89 3.78 3.61 3.40 3.35 3.37 3.24 2.98 2.94 3.27 3.70 3.79 3.77 3.75 3.77 3.86 4.00 3.85 3.37 2.84 2.57 2.53 2.60 2.70 2.84 3.04 3.24 3.39 3.40 3.31 3.17 3.12 3.18 3.24 3.21 3.13 3.10 3.16 3.23 3.36 3.48 3.48 3.51 3.69 3.99 4.25 4.39 4.26 3.91 3.59 3.28 3.05 3.07 3.09 2.98 2.77 2.53 2.36 2.27 2.22 2.22 2.26 2.30 2.32 2.27 2.16 2.05 2.02 2.08 2.23 2.43 2.61 2.75 2.90 3.09 3.21 3.31 3.51 3.63 3.38
3.63 3.84 4.12 4.10 3.97 3.66 3.30 3.07 3.12 3.28 3.22 2.95 2.93 3.33 3.73 3.68 3.53 3.46 3.34 3.26 3.33 3.21 2.86 2.61 2.52 2.54 2.63 2.74 2.90 3.13 3.38 3.57 3.67 3.75 3.85 4.02 4.09 3.99 3.79 3.55 3.35 3.25 3.23 3.17 3.05 2.93 2.90 3.12 3.63 4.20 4.38 4.22 3.94 3.88 3.89 3.87 3.74 3.51 3.15 2.72 2.32 2.04 1.96 2.01 2.11 2.22 2.33 2.42 2.41 2.29 2.16 2.13 2.19 2.32 2.49 2.63 2.76 2.96 3.18 3.25 3.29 3.37 3.30 2.96
3.89 4.07 4.33 4.23 3.98 3.61 3.23 3.09 3.25 3.36 3.27 3.13 3.21 3.48 3.59 3.35 3.03 2.91 2.84 2.83 2.95 2.81 2.47 2.33 2.36 2.47 2.70 2.95 3.13 3.29 3.54 3.84 4.19 4.63 5.06 5.28 5.22 4.98 4.66 4.31 3.93 3.59 3.37 3.20 3.02 2.89 2.96 3.32 3.97 4.42 4.39 3.96 3.53 3.45 3.54 3.55 3.36 3.00 2.57 2.24 2.06 2.01 2.04 2.11 2.19 2.32 2.51 2.61 2.53 2.34 2.21 2.20 2.31 2.50 2.72 2.91 3.11 3.35 3.44 3.36 3.28 3.24 3.11 3.18
4.07 4.22 4.35 4.25 4.00 3.73 3.46 3.50 3.75 3.82 3.65 3.51 3.56 3.59 3.40 3.00 2.59 2.47 2.58 2.74 2.86 2.62 2.23 2.14 2.26 2.45 2.74 3.04 3.32 3.58 3.92 4.35 4.87 5.36 5.63 5.64 5.50 5.33 5.18 4.98 4.66 4.27 3.90 3.61 3.39 3.34 3.46 3.91 4.45 4.58 4.22 3.38 2.68 2.27 2.25 2.32 2.29 2.10 1.92 1.85 1.90 2.03 2.14 2.25 2.44 2.71 2.97 2.99 2.69 2.35 2.25 2.39 2.70 3.06 3.34 3.57 3.83 4.06 4.05 3.84 3.62 3.50 3.42 3.31
4.35 4.27 4.23 4.22 4.14 4.08 4.11 4.38 4.60 4.53 4.30 4.07 3.86 3.60 3.23 2.75 2.36 2.40 2.70 2.96 2.99 2.66 2.32 2.25 2.37 2.57 2.77 3.04 3.48 4.01 4.48 4.89 5.18 5.22 4.97 4.65 4.59 4.81 5.02 5.09 5.00 4.77 4.42 4.05 3.81 3.69 3.76 4.21 4.60 4.47 3.77 2.84 2.15 1.75 1.55 1.43 1.43 1.52 1.65 1.80 1.96 2.13 2.31 2.51 2.82 3.25 3.47 3.33 2.95 2.56 2.55 2.92 3.43 3.83 4.12 4.34 4.55 4.59 4.41 4.15 3.99 3.90 3.81 3.64
4.54 4.22 4.03 4.24 4.49 4.74 5.03 5.30 5.39 5.17 4.87 4.57 4.20 3.69 3.18 2.81 2.57 2.68 2.98 3.18 3.09 2.76 2.50 2.46 2.56 2.75 3.00 3.39 3.90 4.38 4.67 4.79 4.66 4.21 3.58 3.25 3.45 3.89 4.19 4.37 4.55 4.65 4.60 4.41 4.16 3.95 3.98 4.35 4.47 4.08 3.19 2.50 2.08 1.73 1.43 1.21 1.20 1.40 1.66 1.91 2.16 2.46 2.77 3.04 3.34 3.64 3.70 3.53 3.29 3.11 3.11 3.52 4.02 4.38 4.58 4.64 4.54 4.21 3.69 3.39 3.35 3.38 3.36 3.28
4.37 4.08 3.81 4.08 4.54 4.98 5.31 5.45 5.41 5.23 5.01 4.78 4.46 3.93 3.47 3.19 3.04 3.00 3.05 3.06 2.90 2.62 2.47 2.50 2.68 2.93 3.28 3.66 3.91 4.01 3.97 3.74 3.31 2.74 2.38 2.49 2.86 3.05 3.02 3.17 3.49 3.87 4.22 4.39 4.32 4.16 4.15 4.37 4.20 3.46 2.60 2.09 1.70 1.42 1.29 1.30 1.42 1.62 1.88 2.19 2.55 2.95 3.31 3.54 3.70 3.79 3.75 3.69 3.68 3.66 3.74 4.09 4.51 4.66 4.51 4.14 3.59 2.90 2.34 2.18 2.32 2.52 2.65 2.68
4.21 4.09 3.87 3.83 4.05 4.37 4.57 4.58 4.46 4.40 4.43 4.45 4.36 4.14 3.88 3.62 3.37 3.11 2.90 2.70 2.44 2.25 2.28 2.41 2.60 2.81 3.01 3.08 2.97 2.79 2.57 2.24 1.90 1.69 1.77 2.12 2.31 2.20 2.09 2.24 2.50 2.83 3.23 3.57 3.81 3.96 4.12 4.20 3.89 3.08 2.27 1.63 1.23 1.16 1.32 1.59 1.80 1.96 2.20 2.61 3.06 3.45 3.71 3.86 3.96 4.02 4.03 4.01 4.03 4.07 4.24 4.59 4.75 4.44 3.77 2.97 2.33 1.96 1.86 2.00 2.31 2.60 2.74 2.68
4.28 4.28 3.98 3.64 3.38 3.31 3.24 3.06 2.91 3.01 3.26 3.52 3.68 3.80 3.84 3.75 3.49 3.12 2.77 2.37 1.99 1.93 2.09 2.23 2.27 2.28 2.23 2.05 1.85 1.75 1.66 1.58 1.57 1.65 1.80 1.93 1.91 1.82 1.84 1.96 2.08 2.20 2.36 2.59 2.99 3.60 3.96 4.02 3.66 2.99 2.17 1.57 1.39 1.54 1.87 2.12 2.18 2.27 2.56 3.06 3.61 3.99 4.22 4.35 4.48 4.60 4.62 4.52 4.42 4.42 4.61 4.77 4.44 3.56 2.66 2.16 2.03 2.06 2.22 2.55 2.93 3.20 3.22 3.16
4.33 4.17 3.72 3.24 2.70 2.35 2.14 1.99 2.00 2.13 2.32 2.45 2.63 2.91 3.23 3.41 3.35 3.09 2.68 2.21 1.92 1.95 2.06 2.07 1.97 1.84 1.71 1.62 1.61 1.64 1.70 1.81 1.97 2.09 2.13 2.13 2.11 2.12 2.18 2.27 2.34 2.39 2.49 2.75 3.19 3.74 3.96 3.85 3.39 2.73 2.19 1.97 2.01 2.31 2.59 2.66 2.57 2.63 3.07 3.73 4.32 4.75 4.97 5.08 5.18 5.31 5.32 5.19 5.05 4.97 4.92 4.59 3.71 2.80 2.41 2.44 2.57 2.61 2.74 3.06 3.46 3.68 3.67 3.79
4.11 3.72 3.08 2.57 2.02 1.79 1.80 1.90 2.03 2.24 2.38 2.40 2.44 2.65 2.89 2.99 3.01 2.96 2.71 2.42 2.28 2.24 2.18 2.07 1.98 1.90 1.88 1.96 2.05 2.11 2.15 2.21 2.32 2.47 2.60 2.70 2.77 2.79 2.79 2.87 3.02 3.23 3.46 3.80 4.16 4.28 4.07 3.70 3.21 2.76 2.48 2.47 2.68 2.99 3.22 3.23 3.12 3.34 3.96 4.67 5.27 5.60 5.72 5.74 5.71 5.70 5.70 5.67 5.63 5.45 5.08 4.42 3.47 3.08 3.22 3.47 3.49 3.34 3.33 3.61 3.97 4.21 4.39 4.63
3.88 3.51 2.77 2.11 1.79 1.89 2.22 2.55 2.87 3.17 3.32 3.33 3.34 3.30 3.17 2.90 2.75 2.81 2.81 2.74 2.63 2.46 2.27 2.16 2.15 2.20 2.31 2.43 2.55 2.64 2.65 2.60 2.64 2.83 3.06 3.28 3.43 3.48 3.46 3.57 3.86 4.15 4.47 4.71 4.75 4.45 3.94 3.47 3.17 2.97 2.84 2.91 3.19 3.56 3.76 3.74 3.79 4.18 4.91 5.58 5.97 6.04 5.92 5.78 5.65 5.55 5.50 5.51 5.58 5.48 5.20 4.86 4.43 4.40 4.72 4.92 4.85 4.62 4.54 4.61 4.76 4.93 5.13 5.22
3.80 3.47 2.74 2.16 2.14 2.73 3.42 3.92 4.32 4.56 4.65 4.62 4.45 4.08 3.58 3.09 2.82 2.79 2.85 2.85 2.75 2.58 2.41 2.36 2.41 2.52 2.64 2.79 2.96 3.10 3.20 3.26 3.36 3.49 3.66 3.90 4.14 4.24 4.32 4.51 4.74 4.93 4.99 4.86 4.47 3.84 3.23 2.97 3.04 3.08 3.18 3.37 3.73 4.07 4.16 4.07 4.27 4.87 5.56 5.93 5.93 5.67 5.33 5.10 5.02 5.02 5.07 5.07 5.04 5.07 5.25 5.48 5.78 6.03 6.26 6.43 6.48 6.42 6.31 6.10 5.90 5.74 5.59 5.30
3.53 3.06 2.38 2.23 2.78 3.75 4.59 5.16 5.48 5.52 5.40 5.17 4.85 4.38 3.89 3.47 3.16 2.97 2.92 2.91 2.85 2.78 2.75 2.77 2.82 2.89 3.01 3.19 3.35 3.51 3.76 4.11 4.46 4.69 4.80 4.92 4.97 4.97 5.11 5.29 5.34 5.18 4.84 4.30 3.60 2.91 2.52 2.55 2.96 3.28 3.61 3.94 4.26 4.39 4.33 4.28 4.64 5.27 5.61 5.57 5.19 4.71 4.30 4.09 4.12 4.28 4.44 4.48 4.41 4.49 4.93 5.50 6.07 6.47 6.72 6.99 7.19 7.23 7.12 6.89 6.53 6.15 5.68 5.08
2.91 2.53 2.24 2.65 3.72 4.81 5.46 5.72 5.73 5.51 5.21 4.90 4.60 4.29 4.04 3.77 3.46 3.20 3.09 3.06 3.06 3.14 3.29 3.41 3.47 3.50 3.63 3.78 3.91 4.12 4.53 5.07 5.51 5.77 5.84 5.70 5.47 5.36 5.40 5.37 5.11 4.63 4.01 3.29 2.69 2.39 2.41 2.75 3.29 3.76 4.24 4.62 4.76 4.65 4.50 4.59 4.98 5.23 5.17 4.72 4.14 3.62 3.21 2.98 3.05 3.15 3.26 3.37 3.47 3.69 4.07 4.60 5.18 5.59 5.85 6.09 6.29 6.38 6.41 6.30 6.13 5.82 5.43 4.93
3.01 2.93 3.13 3.91 4.94 5.61 5.76 5.56 5.21 4.78 4.46 4.24 4.04 3.91 3.84 3.72 3.53 3.33 3.25 3.32 3.48 3.76 4.06 4.24 4.34 4.41 4.52 4.67 4.86 5.16 5.60 5.96 6.08 6.01 5.79 5.46 5.25 5.12 4.97 4.59 4.06 3.49 2.88 2.39 2.25 2.44 2.85 3.42 3.90 4.41 4.84 5.00 4.97 4.86 4.73 4.81 4.94 4.82 4.39 3.69 3.06 2.58 2.16 2.03 2.12 2.11 2.05 2.14 2.42 2.73 3.20 3.57 3.83 3.94 3.99 4.13 4.11 4.26 4.47 4.56 4.88 5.10 5.12 5.07
3.67 3.98 4.62 5.20 5.65 5.77 5.44 4.91 4.38 4.04 3.84 3.68 3.54 3.44 3.41 3.41 3.40 3.37 3.44 3.63 3.96 4.33 4.64 4.86 5.00 5.16 5.34 5.56 5.82 6.10 6.29 6.19 5.80 5.27 4.73 4.41 4.49 4.41 3.99 3.35 2.76 2.39 2.13 2.18 2.47 2.87 3.41 3.96 4.48 4.93 5.09 5.05 4.90 4.80 4.76 4.70 4.53 4.13 3.49 2.81 2.23 1.72 1.47 1.56 1.76 1.80 1.83 1.97 2.15 2.44 2.78 3.09 3.17 3.02 2.78 2.69 2.75 3.06 3.34 3.51 3.84 4.28 4.67 4.85
4.17 4.59 5.19 5.46 5.53 5.32 4.79 4.27 3.79 3.58 3.48 3.33 3.18 3.08 3.05 3.13 3.27 3.42 3.58 3.72 3.90 4.10 4.35 4.67 4.97 5.28 5.60 5.89 6.07 6.11 5.90 5.37 4.61 3.98 3.60 3.56 3.63 3.36 2.78 2.29 1.99 1.92 2.10 2.53 2.94 3.35 3.87 4.39 4.86 5.04 4.89 4.63 4.47 4.43 4.40 4.27 3.99 3.54 2.93 2.36 1.84 1.43 1.35 1.54 1.73 1.84 2.04 2.34 2.53 2.59 2.71 2.86 2.90 2.74 2.45 2.30 2.52 2.90 3.04 3.08 3.32 3.60 3.93 4.16
4.55 4.74 5.00 5.07 4.95 4.58 4.13 3.76 3.49 3.33 3.21 3.04 2.91 2.84 2.87 3.01 3.22 3.41 3.50 3.47 3.44 3.45 3.60 3.94 4.45 4.94 5.34 5.54 5.48 5.15 4.57 3.84 3.18 2.84 2.77 2.81 2.64 2.28 1.94 1.85 1.94 2.21 2.64 3.06 3.47 3.91 4.32 4.73 4.92 4.79 4.46 4.20 4.05 3.98 3.93 3.85 3.65 3.31 2.81 2.30 1.91 1.78 1.95 2.21 2.36 2.47 2.74 2.91 2.80 2.63 2.61 2.69 2.70 2.61 2.44 2.41 2.65 2.83 2.71 2.67 2.85 2.97 3.17 3.48
4.96 4.75 4.55 4.56 4.39 4.04 3.69 3.39 3.22 3.09 2.95 2.82 2.72 2.72 2.85 3.03 3.24 3.38 3.41 3.38 3.40 3.49 3.72 4.08 4.52 4.85 4.95 4.81 4.41 3.85 3.19 2.65 2.25 2.10 2.11 2.11 1.97 1.82 1.82 2.03 2.38 2.82 3.20 3.62 4.08 4.47 4.76 4.87 4.72 4.38 4.02 3.78 3.62 3.57 3.63 3.67 3.59 3.36 3.01 2.63 2.45 2.59 2.90 3.14 3.25 3.39 3.46 3.22 2.83 2.69 2.71 2.60 2.50 2.52 2.54 2.61 2.78 2.78 2.58 2.53 2.60 2.62 2.73 3.10
5.26 4.87 4.39 4.28 4.12 3.89 3.68 3.43 3.24 3.12 2.99 2.90 2.86 2.91 3.04 3.25 3.36 3.49 3.61 3.75 3.97 4.29 4.64 4.89 4.94 4.79 4.43 3.92 3.33 2.78 2.29 1.97 1.86 1.91 1.95 1.96 1.98 2.07 2.24 2.47 2.82 3.19 3.63 4.17 4.66 5.00 5.04 4.83 4.43 3.96 3.55 3.29 3.22 3.29 3.48 3.63 3.60 3.49 3.40 3.35 3.44 3.73 4.02 4.18 4.24 4.20 3.96 3.59 3.33 3.28 3.07 2.70 2.45 2.54 2.66 2.68 2.75 2.78 2.74 2.70 2.68 2.62 2.66 2.88
5.45 5.02 4.41 4.17 4.02 3.90 3.86 3.77 3.63 3.55 3.47 3.37 3.38 3.42 3.47 3.48 3.53 3.66 3.89 4.19 4.55 4.89 5.06 5.00 4.71 4.24 3.67 3.03 2.43 1.99 1.78 1.79 1.96 2.20 2.31 2.35 2.40 2.52 2.71 2.89 3.13 3.48 4.03 4.64 5.12 5.31 5.15 4.70 4.16 3.63 3.22 3.06 3.11 3.28 3.46 3.50 3.45 3.58 3.79 4.10 4.54 5.00 5.30 5.43 5.31 5.06 4.67 4.36 4.26 4.03 3.44 2.83 2.70 2.92 2.93 2.75 2.77 2.93 3.00 2.94 2.85 2.75 2.71 2.74
5.43 4.97 4.31 4.01 3.86 3.89 3.93 3.95 3.90 3.86 3.81 3.70 3.70 3.74 3.74 3.67 3.59 3.65 3.92 4.27 4.56 4.64 4.47 4.08 3.66 3.23 2.76 2.24 1.78 1.61 1.75 2.14 2.48 2.67 2.77 2.84 2.91 3.00 3.16 3.28 3.49 3.85 4.47 5.00 5.31 5.25 4.88 4.41 3.96 3.60 3.35 3.25 3.31 3.39 3.35 3.26 3.36 3.73 4.13 4.68 5.30 5.77 6.00 6.01 5.97 5.78 5.53 5.32 5.02 4.52 3.89 3.41 3.42 3.53 3.36 3.17 3.28 3.47 3.44 3.22 2.98 2.81 2.72 2.65
5.23 4.91 4.35 4.02 3.89 3.86 3.92 3.97 3.93 3.82 3.66 3.50 3.44 3.46 3.52 3.51 3.44 3.49 3.73 3.95 3.94 3.66 3.22 2.77 2.40 2.11 1.85 1.60 1.49 1.70 2.24 2.77 3.03 3.14 3.19 3.26 3.39 3.50 3.57 3.68 3.91 4.31 4.77 5.13 5.11 4.74 4.25 3.94 3.85 3.81 3.78 3.75 3.66 3.60 3.46 3.39 3.60 4.02 4.41 4.98 5.50 5.88 5.96 5.86 5.85 5.87 5.87 5.88 5.66 5.31 5.04 4.84 4.65 4.29 3.91 3.88 4.11 4.21 3.92 3.46 3.02 2.73 2.57 2.57
5.24 5.03 4.54 4.23 4.10 3.99 3.96 3.99 3.94 3.80 3.60 3.40 3.26 3.17 3.16 3.32 3.23 3.36 3.50 3.38 2.94 2.38 1.88 1.51 1.24 1.13 1.13 1.22 1.52 2.15 2.83 3.22 3.42 3.52 3.58 3.66 3.74 3.79 3.82 3.94 4.23 4.58 4.90 4.96 4.65 4.05 3.69 3.59 3.71 3.95 4.04 4.05 4.05 3.94 3.81 3.76 3.82 4.09 4.44 4.96 5.26 5.27 4.96 4.82 4.98 5.34 5.66 5.93 6.14 6.21 6.26 6.14 5.78 5.29 4.87 4.84 4.85 4.58 4.01 3.30 2.78 2.53 2.46 2.48
5.42 5.07 4.54 4.29 4.20 4.13 4.03 3.96 3.93 3.92 3.86 3.70 3.51 3.31 3.16 3.10 3.16 3.25 3.11 2.61 1.93 1.36 0.95 0.74 0.71 0.84 1.09 1.35 1.71 2.26 2.81 3.10 3.29 3.44 3.59 3.73 3.75 3.78 3.82 4.01 4.33 4.69 4.89 4.73 4.32 3.84 3.57 3.52 3.60 3.77 3.98 4.09 4.20 4.14 3.98 3.79 3.72 3.82 4.17 4.58 4.75 4.48 4.06 3.93 4.11 4.51 5.01 5.44 5.85 6.17 6.39 6.44 6.24 5.99 5.79 5.56 5.08 4.33 3.55 2.95 2.64 2.48 2.40 2.36
5.34 4.84 4.20 4.07 4.07 4.05 3.90 3.72 3.72 3.81 3.86 3.77 3.60 3.42 3.28 3.16 3.11 2.98 2.57 1.96 1.48 1.14 0.88 0.82 0.94 1.21 1.54 1.81 2.03 2.22 2.42 2.58 2.69 2.84 3.03 3.23 3.39 3.50 3.67 3.97 4.28 4.60 4.67 4.36 3.96 3.63 3.40 3.36 3.41 3.50 3.68 3.95 4.06 4.01 3.79 3.47 3.36 3.42 3.82 4.22 4.23 3.82 3.48 3.53 3.80 4.08 4.29 4.48 4.77 5.05 5.28 5.50 5.70 5.82 5.80 5.55 4.83 3.90 3.30 3.04 2.85 2.52 2.26 2.31
4.83 4.48 4.05 3.94 3.83 3.62 3.34 3.17 3.13 3.27 3.42 3.49 3.43 3.32 3.23 3.11 2.93 2.65 2.27 1.96 1.75 1.61 1.53 1.58 1.73 1.96 2.18 2.36 2.44 2.44 2.46 2.46 2.45 2.46 2.55 2.75 3.05 3.28 3.55 3.86 4.12 4.28 4.09 3.52 2.96 2.73 2.75 2.86 3.00 3.23 3.44 3.67 3.75 3.61 3.37 3.13 3.03 3.18 3.56 3.89 3.83 3.44 3.30 3.44 3.69 3.80 3.70 3.59 3.64 3.79 3.81 4.02 4.45 4.89 5.10 5.08 4.73 4.17 3.71 3.42 2.95 2.45 2.30 2.54
4.34 4.37 4.31 4.10 3.72 3.26 2.94 2.76 2.64 2.72 2.95 3.16 3.27 3.25 3.15 2.99 2.76 2.51 2.34 2.31 2.33 2.37 2.46 2.58 2.69 2.79 2.86 2.90 2.93 2.92 2.86 2.73 2.60 2.52 2.51 2.69 2.97 3.22 3.49 3.75 3.90 3.84 3.35 2.55 2.17 2.22 2.43 2.69 2.98 3.19 3.35 3.45 3.38 3.22 3.07 3.03 3.04 3.21 3.48 3.72 3.71 3.54 3.48 3.49 3.49 3.30 3.04 2.94 3.03 3.13 3.18 3.29 3.57 3.93 4.12 4.45 4.73 4.71 4.39 3.78 3.02 2.69 2.90 3.28
4.48 4.70 4.81 4.49 4.02 3.44 3.01 2.74 2.52 2.42 2.51 2.75 3.00 3.14 3.09 2.88 2.67 2.54 2.57 2.75 2.96 3.18 3.40 3.56 3.63 3.56 3.44 3.35 3.29 3.22 3.10 2.96 2.82 2.72 2.72 2.86 3.10 3.33 3.58 3.74 3.72 3.45 2.88 2.33 2.32 2.64 3.02 3.36 3.53 3.51 3.43 3.35 3.18 3.07 3.06 3.10 3.14 3.28 3.49 3.77 3.87 3.82 3.62 3.34 3.06 2.79 2.59 2.59 2.77 2.90 2.96 3.12 3.26 3.41 3.53 3.93 4.48 4.84 4.85 4.54 3.99 3.87 4.15 4.37
4.85 5.01 4.99 4.60 4.15 3.65 3.22 2.84 2.51 2.24 2.11 2.21 2.48 2.77 2.91 2.78 2.63 2.63 2.83 3.19 3.57 3.92 4.20 4.37 4.35 4.22 4.02 3.81 3.59 3.39 3.20 3.05 2.99 3.08 3.24 3.37 3.51 3.70 3.91 3.97 3.85 3.52 3.10 2.98 3.31 3.75 4.12 4.27 4.17 3.80 3.52 3.34 3.18 3.06 3.10 3.15 3.17 3.33 3.60 3.98 4.10 3.93 3.56 3.12 2.75 2.48 2.42 2.52 2.69 2.74 2.75 2.90 3.11 3.19 3.31 3.58 4.00 4.51 4.95 5.33 5.49 5.46 5.38 5.24
5.11 5.05 4.69 4.22 3.78 3.38 3.08 2.76 2.40 2.07 1.89 1.85 1.95 2.27 2.57 2.66 2.60 2.68 2.97 3.39 3.80 4.15 4.39 4.52 4.50 4.42 4.32 4.15 3.94 3.70 3.44 3.24 3.24 3.43 3.63 3.81 3.99 4.17 4.31 4.43 4.46 4.28 4.14 4.15 4.43 4.73 4.82 4.58 4.19 3.79 3.51 3.38 3.20 3.07 3.09 3.14 3.18 3.41 3.76 4.14 4.17 3.89 3.49 3.10 2.76 2.55 2.51 2.59 2.67 2.66 2.59 2.65 2.89 3.07 3.17 3.34 3.63 4.03 4.67 5.38 5.93 6.01 5.74 5.32
