project/data/elevation/US_DEM2016/US_DEM2016_point_10-30-2019_2345_30m_ang.asc
ncols	125
nrows	167
xllcorner	-2042055.000000
yllcorner	1465035.000000
cellsize	30.000000
NODATA_value	-9999.000000
[rows 44 to 87 of 167, columns 0 to 95 of 125]
337 339 344 347 349 351 351 352 352 353 357 3 9 15 4 1 359 357 356 352 350 349 349 350 350 350 350 350 349 347 344 341 341 344 347 349 349 346 344 346 353 358 0 359 357 356 356 354 351 348 348 350 353 353 351 350 352 354 355 357 358 358 356 353 352 349 345 344 343 342 337 329 320 312 307 308 309 310 313 323 335 341 342 344 347 352 356 359 357 357 1 7 12 16 17 14
337 339 344 347 348 350 351 353 355 357 1 8 11 8 2 359 357 356 354 351 349 347 348 350 350 350 349 348 346 343 340 339 340 342 345 349 352 353 350 348 352 1 5 3 358 356 355 354 352 350 349 348 347 345 344 345 349 352 355 357 358 358 358 357 353 350 348 349 350 346 339 333 328 324 319 315 313 312 309 317 325 332 337 341 344 349 356 1 0 357 358 4 14 19 18 16
334 338 344 347 348 349 351 354 357 1 6 11 10 4 359 358 356 355 353 352 350 348 348 349 349 349 348 346 343 339 337 337 339 341 343 346 351 356 357 355 357 4 8 4 359 356 354 353 352 353 352 348 342 338 338 341 347 352 355 357 358 358 359 358 355 353 354 354 352 346 341 338 335 332 329 325 322 320 318 319 317 328 333 337 341 346 355 1 3 1 360 4 13 18 17 16
331 334 341 346 348 350 352 354 358 4 10 13 14 1 356 356 356 355 354 353 352 350 349 349 348 348 346 343 339 336 336 338 340 341 341 344 349 356 1 3 4 6 5 1 358 355 353 353 355 355 352 344 337 335 337 342 347 352 355 357 358 359 359 359 357 357 356 353 349 346 344 342 341 339 336 333 330 328 326 325 327 329 330 334 339 344 352 359 3 3 4 9 14 16 16 14
330 332 338 344 348 351 353 355 359 5 13 14 6 359 354 354 354 355 355 354 353 352 350 349 347 346 343 339 335 334 337 340 341 343 343 344 347 354 3 9 11 8 2 358 356 354 354 356 357 354 346 338 336 337 342 346 349 352 355 357 358 359 359 359 358 356 352 350 348 348 348 347 346 345 343 341 339 337 335 333 332 330 328 330 335 342 349 355 1 6 10 16 16 14 13 9
330 332 337 342 347 352 354 356 359 6 13 12 4 357 354 353 353 354 355 356 355 353 351 349 347 345 341 335 331 332 337 341 343 347 348 346 347 353 5 16 18 11 2 356 353 353 355 357 356 349 341 337 339 343 348 351 351 352 354 355 356 358 359 358 355 353 351 350 351 351 351 351 351 350 349 348 347 346 346 344 340 334 329 327 331 338 345 352 0 9 16 19 16 10 6 1
329 332 339 343 346 352 356 358 0 6 10 8 1 357 355 353 353 354 356 358 357 355 352 349 347 344 339 332 328 330 335 339 343 349 353 352 352 358 11 20 19 11 3 357 352 351 352 353 351 345 340 340 343 348 353 355 354 352 352 352 353 355 357 355 353 351 351 351 352 353 353 353 353 353 353 353 353 354 354 354 351 344 336 330 329 334 342 350 0 13 20 19 13 7 2 358
327 331 340 344 346 351 356 359 1 5 6 2 359 357 356 355 355 356 357 359 359 357 354 350 347 343 337 330 327 328 332 335 339 348 354 357 360 6 13 15 12 6 1 357 353 350 349 349 348 346 344 344 348 353 358 358 356 353 352 351 350 351 353 352 351 349 349 350 350 350 351 352 352 353 353 355 357 358 359 359 358 354 348 341 335 335 339 348 2 16 20 18 13 8 4 359
326 330 338 343 346 350 354 359 2 3 0 357 357 357 358 358 357 357 359 360 360 358 356 351 346 341 335 329 327 327 329 330 335 343 352 360 6 9 9 8 5 1 358 356 352 347 345 346 348 349 350 352 354 357 0 1 359 356 354 352 350 349 349 349 349 347 345 343 341 339 340 344 347 348 351 353 356 358 358 359 359 357 355 350 346 331 341 348 4 15 16 15 14 11 7 2
329 330 336 341 344 348 352 357 2 2 5 356 355 359 1 2 0 359 359 1 1 359 356 352 346 340 334 330 328 328 329 329 332 338 348 1 9 8 4 2 0 358 355 352 347 343 342 344 348 353 356 358 359 1 3 4 2 359 356 353 350 349 348 348 348 347 342 338 335 332 331 331 335 339 343 347 351 354 355 353 353 353 354 353 352 339 346 351 2 9 10 12 12 9 4 360
332 333 337 340 342 345 348 354 1 2 356 356 355 2 6 6 3 1 1 1 1 359 355 351 346 340 335 332 331 332 333 333 333 336 346 1 9 6 1 358 357 354 352 347 341 338 339 343 349 355 359 2 3 4 6 7 4 360 356 352 350 349 349 350 351 348 344 341 339 337 334 328 324 324 330 335 340 346 349 346 342 339 339 341 345 349 352 354 358 2 4 7 6 2 359 356
336 337 339 342 344 345 346 351 358 2 357 0 358 8 11 12 6 3 0 359 358 356 354 350 346 342 337 334 333 335 337 337 336 336 345 0 7 4 360 357 354 351 347 341 336 335 337 343 350 355 360 4 6 7 10 9 5 359 354 352 351 351 351 352 351 349 346 344 343 342 339 333 325 320 321 323 325 330 336 336 318 328 328 333 325 346 352 355 355 357 360 2 360 358 355 351
338 339 342 346 348 350 350 350 355 360 358 9 12 11 12 9 7 3 359 356 354 354 353 351 347 344 340 336 335 336 339 340 340 341 347 358 3 2 360 357 353 349 342 336 333 333 337 344 349 354 359 4 9 11 13 11 5 359 354 353 354 354 353 351 349 348 348 348 348 347 343 339 337 336 333 323 314 312 329 331 330 329 331 336 333 347 352 354 353 355 357 357 356 354 349 345
336 338 344 349 353 355 355 354 356 359 9 2 6 9 9 7 5 1 358 354 352 352 352 351 348 346 343 340 337 339 342 345 346 347 352 356 359 360 359 357 353 348 340 333 331 333 338 343 348 351 356 4 11 15 16 13 7 1 358 358 357 356 354 350 347 347 350 352 351 348 345 344 345 348 347 340 335 334 333 332 331 332 335 337 347 351 353 353 352 353 354 355 353 349 344 343
331 335 344 351 356 359 359 358 359 0 0 2 4 5 5 3 1 359 357 354 352 351 350 349 348 348 346 342 340 341 345 348 350 353 356 356 356 356 357 356 353 347 339 333 331 334 338 342 345 346 351 1 12 17 17 13 8 5 2 360 357 356 353 350 348 350 353 354 351 347 347 349 353 356 351 344 339 337 335 333 333 335 339 346 351 353 354 353 351 351 352 351 348 344 342 344
327 332 343 351 357 0 1 2 4 4 11 359 360 1 359 358 356 355 354 353 352 350 348 347 347 348 347 343 342 344 347 348 351 355 358 356 354 354 353 353 351 347 341 335 332 333 337 340 340 340 344 356 10 16 15 11 9 6 2 358 355 353 351 350 352 355 356 353 350 349 350 355 359 357 350 344 340 338 337 336 337 340 344 349 353 355 355 353 350 349 349 348 344 341 343 352
326 330 342 350 354 359 3 7 9 8 2 356 354 354 353 353 352 351 350 350 350 347 344 344 346 347 344 341 342 347 350 350 351 353 355 355 354 352 351 351 350 347 342 338 336 335 336 336 336 336 339 349 2 10 9 7 6 4 0 357 353 349 347 348 353 358 359 355 351 351 355 358 358 353 348 345 343 342 341 341 343 346 349 352 345 356 355 352 348 346 346 344 341 342 350 359
325 330 342 350 353 358 4 10 15 13 5 356 351 348 347 347 347 347 346 345 343 340 339 340 343 343 338 336 340 347 353 355 354 353 353 352 352 351 351 350 350 348 345 342 340 341 340 338 337 339 342 347 356 3 3 3 2 1 359 355 351 346 344 346 353 359 0 357 354 355 357 357 354 351 349 348 347 346 347 348 349 352 353 354 356 357 355 350 346 344 343 341 340 344 354 357
325 329 341 349 354 358 4 12 19 18 10 0 352 345 341 340 343 346 345 338 331 328 330 335 339 336 332 331 335 344 351 356 357 357 355 353 351 351 351 351 352 350 346 344 345 346 346 344 343 344 346 350 356 0 0 359 358 357 354 350 347 344 344 346 352 357 358 357 357 358 358 356 353 352 351 350 350 351 353 354 356 357 358 352 358 358 355 349 344 341 340 339 339 346 352 351
329 332 341 349 354 360 6 15 22 21 15 8 359 349 341 336 346 346 346 340 330 322 322 328 333 330 327 327 331 339 346 352 357 359 360 357 353 352 353 354 353 349 345 344 346 350 351 350 348 348 350 354 359 1 359 357 356 353 348 344 343 343 345 349 353 354 353 354 358 359 358 355 353 353 353 353 353 354 357 359 1 2 2 2 350 344 355 348 342 339 338 337 339 344 346 345
334 337 344 350 355 1 9 18 22 21 17 13 6 359 351 342 342 343 347 347 342 334 328 327 329 327 326 327 331 337 341 345 351 358 2 2 359 356 355 354 352 347 342 342 346 351 353 352 352 353 354 356 360 1 359 355 353 348 343 341 341 344 348 352 353 350 348 351 356 358 357 355 353 352 353 355 355 356 358 2 4 5 6 6 4 342 353 346 340 337 335 336 338 342 341 341
336 339 347 353 357 3 12 18 19 17 15 12 8 5 360 352 344 341 344 348 349 346 340 333 329 327 327 329 334 339 341 341 345 353 360 2 360 358 356 353 350 345 341 341 345 349 351 353 355 358 358 358 360 0 357 354 350 344 340 340 343 347 351 354 352 348 344 347 353 355 355 355 353 351 352 355 358 358 358 2 7 9 9 8 3 355 346 341 338 336 334 334 336 339 338 337
336 340 348 355 0 7 13 15 14 12 10 9 8 8 5 358 349 342 340 345 349 349 346 340 333 329 329 332 339 344 346 345 345 349 354 356 356 355 354 352 348 344 341 341 344 347 349 351 356 360 1 0 0 359 356 352 347 342 339 342 347 350 354 355 352 345 342 345 350 353 354 355 355 353 351 355 1 5 3 2 9 14 12 6 355 343 337 336 336 336 335 335 337 339 338 336
336 340 349 357 3 9 13 11 15 6 5 6 8 8 6 2 355 347 341 342 345 347 347 343 337 332 332 335 342 348 351 350 349 349 351 351 351 352 352 351 348 344 342 342 344 345 346 350 354 358 1 2 1 357 353 349 344 341 341 346 350 353 355 355 350 344 342 345 349 351 353 354 356 357 357 358 5 14 7 10 13 342 11 357 343 333 329 331 333 335 336 338 340 342 342 340
335 340 351 359 5 11 11 7 2 0 0 3 5 6 5 3 360 352 344 341 341 343 345 343 338 335 335 338 344 349 353 354 353 352 352 351 349 350 351 350 348 345 343 344 344 344 345 348 352 355 358 0 359 355 349 344 342 342 346 349 351 354 355 352 347 344 343 346 347 348 351 351 353 359 4 7 14 21 25 18 11 7 358 346 336 330 328 330 331 332 335 339 343 346 347 346
335 340 352 2 8 12 12 7 1 357 356 357 359 1 1 2 1 357 350 343 340 340 341 340 339 338 338 340 343 347 351 353 354 355 355 352 350 350 351 349 347 346 346 346 345 345 347 350 352 352 352 353 354 350 347 342 342 347 351 351 351 353 351 348 346 345 346 348 348 346 346 346 348 356 9 17 21 23 19 9 0 355 349 341 334 331 330 331 331 332 336 341 346 350 352 351
335 341 354 3 10 14 12 10 6 0 355 350 350 353 356 358 359 358 354 348 343 340 338 338 339 341 342 344 344 345 345 347 351 355 356 354 351 350 349 348 347 348 349 348 347 348 351 353 352 350 347 347 349 350 349 345 348 354 355 352 353 352 348 345 345 347 350 352 353 351 349 349 352 359 11 16 16 11 4 358 353 349 345 339 335 334 335 336 336 337 341 346 349 352 355 356
337 343 354 4 11 14 12 11 10 6 360 350 344 344 348 352 355 357 355 350 346 342 339 338 340 344 348 348 348 346 344 343 346 350 353 353 350 348 347 347 348 349 350 349 348 350 353 352 350 348 347 348 350 352 354 352 356 358 358 357 357 355 350 347 346 348 351 355 357 356 354 356 360 5 9 8 5 360 355 350 347 345 344 340 338 340 343 345 345 346 349 351 353 355 359 2
339 344 356 5 12 13 11 9 9 7 4 356 347 343 344 347 350 353 353 351 347 343 340 340 343 348 352 353 352 350 347 346 346 348 350 351 349 347 346 347 349 351 351 349 349 351 352 350 349 349 350 352 354 356 355 355 357 359 359 359 359 357 353 350 348 349 353 358 360 360 1 3 7 8 5 1 357 352 347 344 343 345 345 343 342 344 349 353 355 356 357 358 358 360 4 7
341 345 356 7 12 11 9 6 5 4 2 358 354 349 346 345 346 348 349 349 347 344 342 342 345 350 354 356 355 353 351 350 350 351 351 351 349 347 347 349 351 352 351 349 348 350 350 350 350 351 354 357 359 358 356 354 355 356 357 358 357 355 352 349 349 351 356 1 4 6 8 10 9 4 358 354 351 346 341 340 342 344 346 347 347 349 354 359 2 5 5 4 3 5 8 9
342 347 357 7 10 10 7 2 359 358 357 356 355 353 350 346 343 343 345 347 348 346 344 345 348 350 353 356 357 356 354 353 352 353 354 353 350 347 348 350 351 351 350 349 348 348 349 350 351 352 354 357 360 360 356 353 353 353 354 354 353 351 349 349 351 356 1 4 8 12 13 10 4 357 351 348 345 341 338 338 341 344 347 349 353 356 357 359 4 9 11 9 8 9 10 9
343 348 359 6 9 8 5 358 353 351 352 353 354 353 350 346 342 340 341 344 347 347 347 349 350 350 351 355 358 358 357 355 354 353 354 352 349 348 349 350 350 350 349 347 347 348 348 347 349 350 350 353 357 359 357 353 351 351 351 351 349 348 350 354 0 6 5 5 9 13 11 5 357 350 346 343 341 339 338 339 341 343 344 348 354 360 1 359 2 9 13 12 10 11 11 8
343 349 360 6 7 5 359 353 350 348 349 350 351 349 346 343 340 339 340 343 346 348 350 352 352 351 350 353 357 359 359 358 356 354 352 351 350 349 350 350 350 349 348 346 347 349 349 349 349 350 351 352 354 356 354 352 351 350 350 349 347 349 356 5 10 9 4 3 6 6 3 358 352 347 344 343 341 341 341 344 344 341 337 338 346 357 3 4 4 8 11 11 11 11 10 7
341 348 1 6 4 359 354 351 350 349 349 349 347 344 341 339 338 338 340 343 346 349 352 353 354 353 351 351 354 358 0 1 359 357 354 354 353 353 353 352 350 348 347 346 347 349 350 350 349 349 350 351 352 352 350 350 350 350 350 348 349 355 4 9 8 4 1 360 360 359 357 353 349 347 346 345 344 344 347 351 352 349 342 337 338 346 358 5 8 9 10 10 9 9 9 5
338 347 2 6 1 354 352 352 356 353 351 348 344 341 338 337 337 339 342 344 347 350 353 354 354 354 352 350 351 355 360 2 1 359 358 358 359 357 355 352 350 348 348 347 347 347 348 347 346 345 346 347 347 347 347 347 348 349 349 350 354 2 6 4 1 359 358 356 354 353 352 349 347 347 348 348 347 348 352 356 358 357 353 347 342 342 349 360 8 12 10 8 7 8 7 3
338 347 2 5 359 353 353 355 355 353 350 346 342 339 337 337 338 341 344 346 348 351 353 355 355 355 352 349 348 350 356 0 2 1 1 2 3 1 357 354 352 351 350 349 348 347 346 344 342 342 342 344 344 345 346 346 347 349 350 353 0 4 3 358 355 354 352 350 350 350 349 347 346 347 349 351 351 351 352 356 360 1 0 356 351 349 349 356 5 9 8 5 5 5 4 0
342 349 0 2 358 354 354 354 353 351 347 344 340 338 337 338 340 342 345 348 350 353 354 356 357 356 353 348 344 345 349 354 359 2 4 6 5 4 360 358 356 355 353 353 352 351 348 344 341 341 342 344 345 347 348 348 349 353 356 358 2 1 357 353 349 347 346 347 349 349 346 344 344 346 349 351 353 353 352 352 356 1 3 2 359 355 354 357 2 4 3 2 2 2 359 355
349 352 356 358 357 354 353 351 350 347 344 340 338 337 338 340 342 344 347 350 352 354 356 358 359 358 356 350 342 339 338 341 348 357 3 7 7 3 1 359 357 356 355 354 354 354 351 346 343 342 343 344 345 347 349 349 356 355 358 359 360 358 353 348 344 342 342 346 349 347 344 342 343 345 348 351 353 354 353 351 351 355 2 5 4 1 358 359 1 360 360 359 359 357 354 350
354 353 353 354 354 353 351 349 346 343 340 337 336 337 339 341 344 347 349 351 352 354 357 359 359 360 359 355 347 339 333 330 334 344 358 3 3 0 358 357 355 354 354 354 355 354 352 349 346 345 344 343 344 346 350 350 355 353 356 358 358 355 350 345 340 339 343 348 349 346 343 342 343 344 347 349 352 354 355 354 351 350 357 4 7 6 3 1 360 358 357 357 355 352 349 348
354 354 354 354 352 350 348 346 343 340 337 336 336 338 341 343 347 350 353 354 354 356 359 359 358 360 0 358 353 347 340 336 335 338 348 357 359 357 355 353 352 353 354 354 354 354 352 350 348 347 345 345 345 348 351 351 355 352 353 355 354 352 348 343 339 339 345 349 348 346 344 343 343 344 345 346 349 352 355 357 355 351 352 360 6 8 8 5 0 357 356 356 353 349 348 350
351 353 355 355 351 348 346 343 340 337 335 335 336 339 343 345 349 354 358 358 357 359 360 357 356 357 357 357 355 352 349 346 343 342 346 353 356 354 351 350 351 353 354 354 353 352 351 350 350 349 347 347 348 349 351 352 350 349 350 351 351 349 346 342 338 340 345 346 347 346 346 345 344 342 339 338 341 346 351 355 357 354 351 353 2 8 10 8 4 359 358 357 354 352 353 358
350 352 354 353 350 346 343 341 338 336 334 335 337 341 345 348 353 360 3 2 359 359 357 354 353 352 353 353 354 354 354 353 351 348 347 350 351 351 350 351 353 354 354 353 351 350 349 349 351 352 352 351 351 351 352 351 349 348 348 348 348 347 345 341 339 340 343 344 345 347 348 349 348 344 339 334 331 334 340 346 352 353 351 348 355 4 9 10 8 4 1 360 359 359 0 3
349 350 352 351 347 344 342 340 336 334 335 336 339 343 347 353 0 7 8 2 358 355 353 350 349 349 349 350 352 354 355 357 356 353 350 348 348 348 351 355 355 353 352 351 349 346 345 347 351 355 356 356 355 354 353 351 355 347 349 347 347 347 344 341 339 340 342 343 345 347 349 350 351 351 347 342 336 332 331 331 339 346 347 343 345 356 6 9 9 7 4 3 4 3 3 3
347 349 350 348 345 343 341 339 335 334 335 338 341 346 352 1 8 9 5 360 355 351 348 346 345 345 346 349 351 352 353 356 359 357 354 350 346 348 353 357 356 353 352 351 347 341 340 344 350 354 356 358 358 358 356 353 349 347 347 347 347 346 344 341 340 341 342 344 346 347 347 348 351 354 355 354 350 346 342 338 338 341 342 339 339 348 359 5 6 5 4 5 5 4 3 1
