project/data/elevation/US_DEM2016/US_DEM2016_point_11-01-2019_1826_30m_ang.asc
ncols	125
nrows	167
xllcorner	-2042055.000000
yllcorner	1465035.000000
cellsize	30.000000
NODATA_value	-9999.000000
[rows 90 to 134 of 167, columns 0 to 95 of 125]
344 345 346 345 344 340 337 335 336 339 344 351 1 9 13 357 352 351 351 351 350 348 345 344 342 340 339 339 341 344 346 347 349 355 3 6 5 1 360 359 357 355 355 352 347 342 341 343 344 342 342 342 343 344 347 350 351 347 345 344 345 345 344 340 337 338 343 346 344 342 341 338 339 343 349 354 357 359 1 2 1 359 358 359 1 2 359 356 357 1 3 1 359 357 353 349
343 344 344 343 341 338 335 336 339 345 353 4 13 13 4 353 347 345 344 343 344 344 346 346 345 342 339 336 336 337 339 342 343 348 358 6 8 5 1 358 355 355 354 352 349 346 346 348 349 348 346 344 345 347 350 353 352 347 344 344 345 346 345 340 336 336 341 343 342 342 340 337 336 338 341 346 350 354 358 0 1 0 0 2 4 5 3 2 2 4 3 358 354 352 350 349
343 343 342 341 338 336 335 338 344 354 5 13 13 9 3 356 348 343 339 338 338 340 344 346 346 344 341 339 338 337 338 340 340 343 352 5 10 7 1 357 354 354 353 350 348 347 349 350 350 350 350 348 348 350 353 355 354 350 346 346 347 347 345 339 335 335 339 342 342 342 341 338 337 338 339 339 341 346 352 354 356 358 360 2 4 6 6 6 7 6 3 357 352 349 349 353
342 342 340 338 336 335 337 342 352 4 11 11 7 4 0 356 351 347 343 340 340 342 345 346 345 344 343 343 343 344 344 345 345 347 353 4 8 5 359 355 353 352 350 348 346 347 349 350 351 351 351 352 353 353 353 355 356 353 351 350 351 349 345 339 335 336 340 344 345 343 341 340 340 342 341 336 332 335 341 343 345 352 357 359 2 3 5 7 7 5 2 357 352 350 352 355
342 342 339 336 335 336 340 348 360 8 8 5 2 359 356 354 352 349 347 345 345 346 348 349 347 343 340 342 344 347 348 349 349 352 358 4 4 0 356 353 351 350 348 346 346 346 348 349 350 351 352 355 357 357 356 357 359 357 355 354 354 351 346 340 336 337 341 346 348 346 343 342 344 348 347 338 326 322 324 325 327 336 348 355 356 356 359 1 2 2 1 358 353 352 353 352
342 342 341 339 339 342 348 354 1 3 1 359 357 355 352 350 349 348 347 347 348 350 351 352 349 343 338 338 342 345 347 348 349 352 359 2 359 356 353 351 350 348 347 346 345 345 345 347 349 351 354 356 358 359 1 2 3 0 357 355 354 351 346 340 338 338 342 346 348 346 344 346 351 357 357 347 335 327 324 320 319 322 334 344 347 349 352 355 356 358 359 357 353 352 351 349
342 343 344 345 347 351 355 358 359 358 356 354 353 351 348 347 346 346 347 349 351 354 355 353 348 343 339 339 342 344 344 345 346 350 356 358 355 352 350 349 349 349 349 347 345 343 341 342 346 350 354 357 358 0 4 7 7 3 358 355 354 350 344 340 339 341 344 346 346 344 344 349 358 5 4 356 347 341 335 330 329 329 332 337 340 345 350 353 354 356 356 354 352 352 351 348
342 344 347 349 351 354 357 358 357 356 354 352 349 347 346 345 344 346 348 352 357 359 356 350 346 342 342 344 346 347 348 348 349 351 354 354 352 349 348 348 349 351 351 349 346 343 339 339 342 347 350 352 355 359 4 8 8 3 359 356 353 348 342 339 339 342 345 346 345 342 343 350 1 7 7 1 355 349 342 338 338 338 337 337 340 346 352 354 353 354 355 353 351 351 350 347
343 346 349 351 350 353 356 356 355 355 353 350 347 344 343 344 345 348 353 359 3 1 354 347 342 339 341 346 349 350 352 353 354 354 355 353 350 348 348 350 352 354 352 350 347 343 340 340 344 347 347 346 348 353 359 4 5 2 359 356 352 347 342 339 339 340 343 345 344 341 342 349 358 3 5 4 360 353 347 345 345 345 342 341 344 350 354 353 353 354 354 352 349 348 347 344
345 347 349 348 349 351 352 352 352 353 352 349 345 343 343 345 348 354 360 4 3 357 350 345 339 336 338 343 348 350 353 356 358 358 357 354 350 347 349 353 356 355 352 350 347 344 341 343 349 353 352 349 347 349 353 359 2 0 358 356 352 348 344 341 341 341 343 344 343 341 343 346 352 357 2 3 2 356 351 350 351 350 347 347 350 354 355 353 352 353 354 353 349 347 345 342
347 348 349 347 345 346 347 349 350 350 349 347 345 343 344 348 354 1 5 3 357 351 348 344 338 335 337 341 345 348 352 356 359 0 360 357 352 349 351 355 355 352 351 350 347 343 342 345 351 355 356 356 354 351 352 358 0 358 356 355 352 349 345 344 344 344 345 344 343 343 344 345 347 352 357 0 359 356 355 355 355 354 352 352 355 355 354 352 352 354 354 354 351 348 345 342
348 349 349 345 341 340 342 344 346 347 346 345 344 345 348 353 1 7 6 359 352 347 345 341 337 334 336 340 342 344 346 350 355 359 1 359 355 351 352 353 351 350 350 349 347 343 343 346 350 353 357 359 359 356 355 359 358 354 353 353 352 349 347 346 346 346 346 346 345 346 346 344 345 348 353 355 355 355 357 359 359 357 356 356 356 353 352 352 352 354 356 355 353 351 347 342
349 349 349 346 343 337 338 340 343 343 343 343 345 348 353 360 4 4 359 355 350 347 344 341 338 336 337 339 340 339 338 341 346 353 357 358 355 351 349 349 349 350 350 349 346 344 344 346 349 351 354 357 359 360 359 359 356 351 350 351 350 348 347 347 348 348 348 347 346 346 345 343 343 346 350 351 352 353 356 359 0 0 0 359 357 353 352 353 354 356 356 354 353 352 348 342
349 349 349 348 344 343 339 339 340 340 340 343 347 353 359 0 357 354 352 351 349 347 345 343 342 342 344 344 343 339 336 336 339 344 349 353 351 347 346 348 349 350 349 348 345 344 345 348 350 351 351 352 355 359 0 358 353 348 346 347 347 346 347 348 349 349 349 349 347 346 344 342 341 344 348 350 351 353 353 354 357 360 1 0 359 357 357 357 358 358 356 354 352 351 348 343
345 347 349 351 349 345 342 340 340 339 341 346 353 2 1 352 344 343 345 346 347 347 346 344 344 347 351 352 349 345 343 342 342 344 346 348 348 346 346 348 350 350 349 346 344 344 347 351 354 353 351 349 349 353 355 354 350 345 343 343 344 344 346 348 349 350 351 351 350 347 345 342 340 342 346 349 353 354 352 350 351 354 356 358 359 1 1 1 1 360 356 354 352 349 346 343
341 344 350 352 352 349 345 342 341 343 347 354 359 2 356 344 336 335 337 340 342 344 344 342 344 349 354 355 353 351 350 349 349 349 349 350 350 348 347 350 352 351 348 345 344 344 349 355 358 357 356 354 349 344 344 345 345 343 341 340 341 343 346 348 348 350 352 354 353 350 346 343 340 340 344 349 354 356 355 351 349 348 348 350 355 359 2 3 2 360 356 353 352 349 346 344
338 343 349 352 353 351 349 346 347 351 356 359 358 355 351 346 342 339 338 337 338 340 340 340 342 347 351 353 353 354 354 353 354 354 353 353 354 352 349 350 352 350 347 344 343 345 349 356 0 1 2 360 351 343 340 341 343 342 339 338 339 343 345 346 347 348 351 354 355 353 349 346 343 341 343 348 353 356 357 356 353 349 344 343 347 353 358 0 0 358 354 351 349 348 347 347
341 343 349 352 353 353 352 353 354 356 357 357 355 351 348 348 349 349 347 344 342 340 338 339 343 346 348 349 351 353 355 356 357 357 357 357 357 355 352 351 351 348 346 345 345 344 348 355 2 5 6 0 351 344 342 342 342 340 337 337 339 342 343 344 345 347 350 353 356 356 353 350 348 346 345 348 351 355 358 358 356 352 350 348 348 351 354 356 357 355 352 349 347 346 347 349
344 346 349 352 352 353 355 356 357 356 354 352 350 348 347 348 351 353 352 350 347 343 341 341 345 347 347 347 348 350 353 356 357 357 358 359 360 358 355 352 349 347 347 347 346 344 347 353 0 5 4 359 352 348 346 344 342 339 338 337 338 340 342 343 344 346 348 351 354 356 355 353 352 351 349 348 350 354 358 358 355 352 352 353 352 353 354 355 355 353 351 348 347 346 347 349
346 347 350 351 351 352 353 354 354 352 350 347 346 345 346 348 351 352 351 350 347 345 343 344 348 349 348 348 350 350 352 353 354 354 356 358 1 1 357 352 349 347 348 348 345 343 345 351 357 1 1 358 355 352 350 347 344 341 340 339 338 339 341 342 344 346 347 348 350 353 355 356 356 354 351 349 350 354 357 356 353 351 351 353 355 355 355 354 354 352 350 348 348 348 349 349
345 347 351 351 350 350 351 350 349 347 345 344 343 343 345 348 350 349 348 347 345 344 344 347 351 351 348 349 352 354 354 353 353 353 354 356 0 2 358 354 352 351 349 347 343 342 345 349 354 357 357 357 356 355 354 351 348 346 345 342 340 340 341 342 344 347 347 346 347 350 354 356 358 356 352 350 351 354 356 355 353 350 350 353 355 355 355 355 354 352 350 347 347 349 350 350
342 346 350 350 349 349 348 346 344 342 342 342 342 343 345 349 350 348 346 345 342 341 343 348 352 352 349 350 352 354 354 354 354 355 356 358 1 2 359 357 355 352 349 345 342 342 345 349 352 354 354 354 355 356 356 355 353 352 350 347 343 341 342 343 346 348 347 345 345 348 352 357 358 357 353 350 351 354 355 354 352 350 351 353 355 356 357 356 355 354 351 348 346 347 349 350
341 344 348 348 346 346 344 342 341 340 341 342 343 344 347 350 350 347 345 343 341 339 340 347 352 352 351 352 353 353 352 352 353 355 358 0 2 2 359 356 354 352 348 343 340 342 346 350 352 353 352 352 353 355 356 357 357 356 355 352 347 343 343 344 347 348 346 345 345 348 352 356 359 358 354 351 351 353 354 353 350 350 351 352 354 357 358 357 355 355 354 350 348 348 349 349
342 344 346 346 344 342 340 339 339 340 341 342 344 346 349 350 349 345 343 342 340 338 340 347 350 350 352 354 355 355 353 351 350 352 356 360 3 2 358 355 353 351 347 342 339 341 347 352 353 353 352 350 351 352 354 356 358 358 357 354 351 346 345 346 347 346 345 344 346 349 353 356 359 358 355 352 352 353 353 351 349 350 351 351 352 355 357 355 355 356 355 352 350 350 350 349
344 344 345 344 342 338 336 337 340 341 342 343 344 347 349 348 345 343 342 342 340 339 342 346 346 347 351 355 357 357 357 356 353 351 352 357 1 0 356 353 351 349 346 341 339 341 347 352 353 353 352 351 351 353 352 352 354 355 355 354 352 349 348 348 347 345 344 345 347 350 353 356 359 358 355 354 354 354 353 350 349 351 350 349 349 351 352 353 354 355 354 352 351 352 351 350
343 344 344 344 341 337 335 338 343 346 346 347 347 347 346 343 342 341 342 342 342 342 344 342 341 344 350 355 356 356 357 358 358 356 354 354 356 356 354 351 349 348 345 342 342 343 346 350 352 351 350 351 354 356 356 354 352 350 350 351 351 348 347 348 347 346 345 346 348 351 353 356 359 358 356 354 355 355 353 351 351 352 351 348 346 346 347 350 353 355 353 351 351 352 352 350
342 343 345 345 343 339 337 340 346 349 351 350 349 347 344 342 341 342 342 343 345 347 347 341 336 339 347 353 354 353 354 357 0 1 358 355 354 355 353 350 348 346 344 343 345 347 348 349 349 347 347 350 354 358 359 358 355 351 349 349 350 347 346 346 347 346 347 348 350 351 353 356 358 359 356 355 355 354 353 352 353 353 352 350 346 345 348 351 353 353 352 350 350 351 352 350
340 342 344 345 345 343 340 342 346 349 350 349 347 345 342 341 341 343 344 345 348 351 350 346 339 338 344 350 352 351 350 352 358 1 0 358 357 356 352 349 347 345 343 343 348 351 351 348 345 343 344 348 353 358 359 359 358 356 353 352 351 348 345 344 345 346 348 350 351 351 352 355 358 358 356 354 354 354 353 352 352 353 353 352 350 349 351 353 353 353 351 350 349 350 351 349
339 341 344 345 346 346 343 343 345 346 345 344 343 341 341 341 342 344 345 347 349 350 351 350 346 343 345 348 351 351 349 347 350 356 359 0 0 358 353 349 347 344 342 343 349 354 354 349 343 340 341 345 350 355 357 358 358 358 358 357 355 352 347 345 345 346 349 350 350 351 353 355 357 357 355 353 353 353 352 350 351 353 354 353 352 354 355 355 354 353 351 349 349 349 349 349
339 341 343 345 347 347 345 344 345 344 341 339 338 338 339 341 344 345 346 349 348 347 348 349 349 348 348 348 350 352 352 348 345 349 355 0 2 359 354 349 346 343 341 343 350 355 356 351 344 339 339 342 347 351 354 357 357 357 359 360 359 356 351 347 347 348 349 348 348 351 354 356 358 357 354 352 352 352 350 348 349 352 353 353 354 357 357 356 355 354 351 349 348 347 348 348
341 341 342 345 347 347 345 345 345 342 338 336 337 337 339 343 345 347 349 350 348 346 344 345 348 349 348 347 348 352 354 352 348 345 350 357 1 358 352 349 346 343 342 345 351 355 355 353 347 341 338 340 344 348 352 356 357 358 358 0 1 359 354 351 350 350 348 347 347 350 354 357 359 358 354 351 351 351 349 347 348 351 352 352 354 356 357 356 356 355 352 349 347 346 346 346
342 342 342 345 347 346 344 345 344 340 337 337 337 339 341 344 347 350 352 351 349 347 345 345 347 348 347 345 346 351 354 355 353 349 350 354 357 355 350 347 345 343 343 348 353 354 354 353 349 342 338 337 340 344 349 355 358 359 358 360 2 360 355 352 351 349 348 347 348 351 354 357 360 359 355 352 351 350 348 346 348 350 351 353 355 355 355 355 355 354 352 349 347 345 344 345
342 342 343 345 346 345 343 342 341 339 338 338 338 340 343 346 349 351 351 350 349 348 347 346 347 348 346 344 345 349 353 355 355 354 353 353 354 352 349 346 343 342 346 353 356 353 352 351 349 344 337 334 335 340 346 352 357 359 359 1 1 359 355 352 349 348 347 347 349 352 355 358 0 0 356 353 351 349 348 347 348 349 350 352 354 355 355 355 354 353 352 350 347 345 344 344
342 342 343 344 345 344 341 338 337 338 339 340 339 340 344 347 349 349 348 348 348 348 347 346 348 349 347 344 343 348 352 354 355 354 354 354 354 353 350 344 342 343 351 358 356 352 350 350 348 345 339 333 331 334 341 347 353 357 360 1 1 358 354 351 349 347 347 347 349 353 357 360 2 1 357 353 350 349 349 349 348 348 348 350 351 353 354 354 353 351 350 349 348 345 344 345
343 343 343 344 344 343 340 336 334 335 338 340 340 342 345 345 346 348 348 348 348 347 345 344 347 350 351 347 344 346 351 354 354 353 352 353 355 354 350 344 343 349 357 359 355 351 348 348 348 346 342 338 335 334 336 341 348 355 358 359 359 357 354 351 349 347 347 347 349 354 358 2 4 3 358 353 351 350 350 349 348 348 348 348 348 350 351 351 350 349 349 349 348 347 346 346
344 344 344 345 344 342 340 337 334 334 341 340 342 345 344 343 344 348 351 349 347 344 341 341 345 350 352 351 347 347 350 354 354 352 352 353 354 354 350 345 347 354 357 357 355 353 349 347 347 347 345 342 341 340 339 339 344 352 356 357 357 355 352 349 348 348 348 349 350 354 358 3 7 5 359 355 353 351 350 349 349 349 348 347 347 349 349 348 347 347 348 348 348 347 347 348
341 343 346 347 345 342 340 338 335 334 335 340 345 347 344 342 345 350 351 349 345 342 339 340 344 349 352 353 351 349 350 353 354 354 353 352 352 352 350 348 349 352 354 354 355 354 352 349 349 348 347 344 343 343 342 340 343 349 353 356 356 354 350 347 347 349 349 349 351 355 0 6 9 6 1 358 355 352 349 348 349 349 348 347 348 350 348 345 344 345 347 348 348 347 347 348
340 343 347 347 345 342 340 339 337 334 341 339 346 349 347 345 347 349 349 347 344 342 339 340 344 348 350 353 353 350 349 352 355 356 354 352 350 351 351 349 348 350 351 352 353 352 352 351 351 351 349 347 345 344 344 342 342 346 352 356 356 353 348 346 348 349 348 348 351 357 4 10 10 6 2 0 358 355 350 347 346 346 347 349 352 351 345 342 343 344 347 348 347 346 345 346
343 344 346 345 342 340 340 340 338 344 334 339 346 349 349 348 348 348 346 345 344 343 342 343 345 346 348 352 352 349 348 351 354 356 355 352 351 351 352 349 348 349 350 351 350 350 350 352 354 354 353 351 349 347 346 344 342 344 350 356 357 352 349 348 348 348 346 347 352 1 9 12 10 6 2 360 358 357 353 348 344 343 346 351 354 350 343 342 343 345 346 347 347 345 344 344
351 349 346 344 341 340 340 342 341 345 337 340 345 348 348 348 347 346 345 344 344 344 345 347 346 346 348 351 351 349 347 349 353 355 354 353 352 352 352 350 348 348 349 348 347 347 348 351 355 356 356 354 351 350 349 347 344 344 348 355 356 352 350 349 348 346 345 348 356 6 12 13 9 5 2 359 356 355 354 350 344 343 346 352 352 347 344 345 346 347 347 347 347 345 343 343
354 352 347 345 343 343 342 343 343 340 339 340 343 345 346 346 345 345 345 345 345 346 347 347 346 346 349 351 351 349 349 349 351 353 354 354 352 351 352 351 349 348 347 345 344 344 346 350 354 358 358 355 353 351 351 349 347 347 349 353 355 352 350 349 347 345 346 352 2 10 12 10 7 3 1 359 356 353 350 348 345 344 347 350 349 347 347 349 350 349 348 347 347 345 344 343
353 351 347 345 345 346 346 344 343 342 340 339 340 341 343 344 344 344 346 348 348 347 346 345 344 346 348 349 350 350 350 350 350 352 355 356 353 350 351 351 349 347 346 344 343 343 345 350 354 358 357 355 353 353 352 351 349 349 350 352 353 352 350 349 347 346 349 358 6 9 9 7 5 2 359 359 357 354 348 344 342 344 347 350 350 349 351 353 353 351 348 347 346 346 344 343
351 349 347 345 345 348 349 347 344 343 341 339 338 339 341 343 344 346 349 352 352 348 345 342 343 345 346 348 349 349 349 349 350 353 356 357 355 351 350 349 347 345 345 344 343 345 348 351 354 355 354 353 353 354 353 351 350 350 352 353 353 351 349 349 348 349 354 2 6 7 6 5 3 1 359 357 356 353 349 343 340 342 346 350 351 352 354 355 354 350 347 346 346 346 345 343
347 347 347 346 346 348 350 350 347 345 343 341 338 337 339 341 345 349 353 354 352 349 345 342 343 344 345 346 347 347 346 346 349 353 356 358 357 354 352 349 346 344 345 345 346 348 351 352 352 351 351 352 354 355 354 353 351 351 353 354 353 350 349 349 350 353 359 4 5 4 5 4 3 1 359 356 353 350 347 343 341 341 346 350 353 354 355 355 352 349 346 345 345 346 346 344
343 344 347 348 348 349 350 350 349 348 347 344 340 337 337 340 346 351 353 352 351 349 345 343 343 344 345 346 346 346 345 345 347 351 354 356 357 357 356 352 348 345 344 346 349 352 352 352 351 348 347 351 355 357 356 354 353 352 354 354 353 349 348 348 350 355 1 4 3 3 4 5 3 0 357 354 351 347 344 343 343 345 348 351 353 355 356 354 350 347 345 344 344 345 346 345
