project/data/elevation/US_DEM2016/US_DEM2016_point_10-30-2019_0427_30m_vel.asc
ncols	125
nrows	167
xllcorner	-2042055.000000
yllcorner	1465035.000000
cellsize	30.000000
NODATA_value	-9999.000000
[rows 38 to 75 of 167, columns 0 to 83 of 125]
7.34 7.23 6.97 6.67 6.25 5.96 5.71 5.31 4.79 4.29 4.38 4.10 4.42 5.07 6.01 6.12 6.14 5.93 6.31 6.73 7.00 7.15 7.32 7.65 8.06 8.40 8.77 9.13 9.13 8.76 8.06 7.25 6.71 6.52 6.66 7.16 7.74 8.04 8.26 8.66 9.17 9.55 9.73 9.61 9.33 8.93 8.23 7.22 6.54 6.04 5.83 5.83 5.79 6.05 6.47 6.61 6.63 6.81 6.82 6.75 6.64 6.37 6.22 5.89 5.37 4.82 4.23 3.99 4.02 4.10 4.28 4.55 4.84 5.27 5.60 5.93 6.37 7.19 8.24 9.37 10.25 10.79 10.88 10.51
7.08 6.62 6.08 5.79 5.42 5.23 5.08 4.89 4.70 4.54 4.53 4.57 4.64 5.31 5.72 5.72 5.84 5.90 5.66 5.55 5.39 5.35 5.48 5.89 6.62 7.40 8.06 8.70 9.11 9.19 8.85 8.19 7.57 7.27 7.49 8.14 8.64 8.93 9.03 9.12 9.32 9.43 9.60 9.62 9.42 8.96 8.09 7.19 6.53 5.96 5.80 5.95 6.00 6.05 6.47 6.73 6.87 7.01 6.78 6.35 5.81 5.24 4.76 4.62 4.51 4.29 3.85 3.58 3.61 3.66 3.80 4.15 4.56 4.93 5.22 5.49 5.72 6.18 6.86 7.41 7.71 8.39 9.61 10.39
6.72 6.21 5.63 5.35 5.20 5.11 5.11 5.19 5.31 5.45 5.59 5.68 5.57 5.43 6.06 5.79 5.70 5.76 5.36 4.83 4.63 4.73 5.04 5.53 6.28 6.94 7.53 8.13 8.67 9.10 9.22 8.93 8.58 8.60 8.98 9.50 9.88 10.06 9.81 9.37 9.15 8.70 8.44 8.66 8.82 8.92 8.64 8.33 7.92 7.49 6.96 6.67 6.49 6.25 6.43 6.61 6.73 6.79 6.48 5.96 5.33 4.50 3.55 3.18 3.15 3.22 3.37 3.46 3.48 3.42 3.38 3.77 4.37 4.72 4.95 5.15 5.29 5.51 5.90 6.27 6.41 6.87 8.29 10.02
6.65 6.32 5.96 5.82 5.82 5.84 5.84 5.92 6.11 6.34 6.52 6.52 6.29 6.08 5.96 5.92 5.95 5.90 5.62 5.25 5.20 5.40 5.71 6.00 6.24 6.53 6.78 7.20 7.88 8.55 9.21 9.36 9.48 9.75 10.06 10.28 10.36 10.17 9.76 9.23 8.71 8.12 7.60 7.48 7.96 8.28 8.45 8.45 8.54 8.56 8.30 7.57 6.87 6.35 6.21 6.19 6.10 5.96 5.81 5.68 5.36 4.65 3.67 3.19 3.19 3.35 3.56 3.63 3.53 3.40 3.34 3.59 4.07 4.40 4.53 4.66 4.93 5.29 5.56 5.81 6.05 6.24 7.01 8.71
6.82 6.70 6.58 6.55 6.52 6.48 6.41 6.47 6.71 6.97 7.05 6.89 6.52 6.42 6.48 6.52 6.51 6.49 6.44 6.41 6.48 6.64 6.80 6.92 7.00 6.96 6.89 7.00 7.47 8.05 8.94 9.47 10.05 10.49 10.50 10.11 9.57 9.00 8.51 8.20 7.94 7.50 6.91 6.68 6.93 7.32 7.54 7.42 7.56 7.79 7.88 7.51 6.89 6.27 6.06 6.05 5.89 5.64 5.58 5.90 5.98 5.63 4.96 4.59 4.58 4.48 4.19 3.89 3.83 3.81 3.66 3.56 3.65 3.70 3.62 3.72 4.29 4.97 5.25 5.43 5.80 6.10 6.64 7.79
6.86 6.82 6.82 6.84 6.86 6.90 6.99 7.19 7.41 7.53 7.42 7.14 6.77 6.84 6.74 6.83 6.93 7.03 7.16 7.31 7.55 7.76 7.85 7.83 7.77 7.58 7.46 7.47 7.68 7.97 8.67 9.30 9.88 10.23 10.09 9.49 8.63 7.83 7.25 7.11 7.19 7.00 6.47 6.01 6.12 6.53 6.67 6.26 5.77 5.46 5.55 5.96 6.15 6.09 6.13 6.38 6.49 6.49 6.61 6.88 6.99 6.85 6.47 6.16 5.68 5.14 4.81 4.72 4.66 4.29 3.75 3.31 3.18 3.13 2.94 3.05 3.66 4.41 4.66 4.80 5.42 6.15 6.77 7.23
6.89 6.91 7.03 7.17 7.41 7.74 8.06 8.26 8.25 8.07 7.76 7.42 7.08 6.90 6.85 7.00 7.18 7.35 7.52 7.72 7.95 8.07 8.05 7.92 7.73 7.53 7.47 7.54 7.78 8.09 8.74 9.00 9.16 9.08 8.96 8.78 8.37 7.69 6.78 6.29 6.27 6.37 6.10 5.59 5.48 5.85 5.74 5.24 4.56 4.15 4.18 4.55 5.10 5.57 6.12 6.75 7.13 7.37 7.51 7.54 7.62 7.58 7.17 6.60 5.91 5.59 5.61 5.48 4.92 4.00 3.41 3.21 3.17 3.12 3.05 3.19 3.69 4.23 4.37 4.38 4.93 5.83 6.35 6.54
7.13 7.29 7.59 7.86 8.12 8.41 8.64 8.73 8.62 8.33 7.96 7.64 7.42 7.28 7.40 7.54 7.63 7.71 7.80 7.82 7.72 7.53 7.38 7.30 7.31 7.26 7.25 7.38 7.82 8.31 8.81 8.61 8.19 7.86 7.73 7.91 7.95 7.67 6.76 5.91 5.46 5.55 5.52 5.13 5.04 5.28 5.28 5.11 4.98 4.92 4.76 4.56 4.61 5.15 6.05 6.85 7.14 7.26 7.30 7.44 7.56 7.67 7.36 6.87 6.53 6.41 6.08 5.35 4.43 3.83 3.71 3.87 3.94 3.89 3.84 3.97 4.33 4.61 4.78 4.58 4.82 5.27 5.75 6.07
7.31 7.53 7.93 8.20 8.28 8.27 8.21 8.17 8.12 7.98 7.78 7.57 7.57 7.74 8.01 8.13 8.12 8.04 7.90 7.67 7.34 6.99 6.78 6.79 6.97 7.11 7.22 7.48 7.98 8.37 8.45 7.96 7.36 7.02 6.84 6.80 6.92 7.11 6.80 5.98 5.15 4.95 5.07 5.12 5.25 5.46 5.66 5.66 5.64 5.35 4.89 4.61 4.81 5.54 6.41 6.84 6.92 6.96 7.07 7.34 7.46 7.64 7.59 7.35 7.00 6.51 5.54 4.88 4.67 4.80 5.06 5.17 5.16 5.10 5.12 5.20 5.29 5.28 5.21 5.20 5.80 5.42 5.70 6.07
7.23 7.34 7.62 7.83 7.81 7.64 7.41 7.21 7.12 7.16 7.18 7.11 7.36 7.47 7.74 7.91 7.98 7.88 7.64 7.37 7.09 6.81 6.61 6.58 6.70 6.87 7.09 7.48 7.93 8.04 7.74 7.17 6.84 6.53 6.20 5.97 5.96 6.30 6.58 6.34 5.51 5.12 5.25 5.65 5.87 6.07 6.09 5.69 5.10 4.50 4.32 4.63 5.61 6.77 7.34 7.30 7.21 7.23 7.34 7.51 7.59 7.76 7.68 7.38 6.86 6.12 5.58 5.60 6.08 6.58 6.87 6.90 6.84 6.74 6.65 6.60 6.54 6.37 6.25 6.22 5.98 5.90 6.06 6.25
7.11 7.11 7.08 7.17 7.21 7.06 6.80 6.54 6.42 6.44 6.53 6.58 6.60 6.77 6.89 7.03 7.23 7.33 7.29 7.12 6.88 6.63 6.45 6.35 6.35 6.47 6.64 7.05 7.55 7.60 7.36 7.04 6.78 6.44 5.89 5.36 5.27 5.55 6.04 6.22 5.80 5.31 5.19 5.41 5.61 5.87 5.95 5.37 4.71 4.49 4.87 6.02 7.43 8.30 8.53 8.11 7.76 7.56 7.59 7.79 7.97 8.15 8.05 7.70 7.50 7.50 7.87 8.42 8.91 9.26 9.36 9.34 9.26 9.15 8.99 8.84 8.68 8.35 7.90 7.30 6.58 6.13 6.21 6.23
7.19 7.17 6.90 6.73 6.79 6.86 6.73 6.51 6.34 6.30 6.46 6.60 6.71 6.67 6.72 6.79 6.92 7.05 7.09 6.96 6.67 6.38 6.18 6.07 6.05 6.11 6.21 6.61 7.17 7.24 7.17 7.10 6.97 6.75 6.22 5.40 5.06 4.96 5.20 5.53 5.42 4.94 4.56 4.46 4.73 5.24 5.78 5.70 5.43 5.66 6.80 8.26 9.18 9.45 9.17 8.51 8.00 7.76 7.80 8.16 8.46 8.79 8.84 8.91 9.15 9.70 10.38 11.01 11.48 11.71 11.78 11.76 11.71 11.63 11.46 11.19 10.89 10.49 9.73 8.60 7.40 6.49 6.21 6.05
7.28 7.26 6.99 6.68 6.64 6.81 6.97 6.92 6.77 6.80 7.10 7.38 7.54 7.53 7.44 7.36 7.26 7.15 7.03 6.85 6.59 6.28 6.01 5.86 5.84 5.95 6.12 6.53 6.88 6.78 6.53 6.66 6.72 6.83 6.81 6.26 5.59 5.03 4.88 5.17 5.23 5.00 4.81 4.74 4.94 5.40 6.22 6.73 7.05 7.85 9.07 9.79 9.97 9.53 8.98 8.33 7.94 7.79 7.70 7.84 8.12 8.64 9.03 9.30 9.76 10.26 10.69 11.13 11.43 11.60 11.73 11.84 11.88 11.87 11.72 11.47 11.20 10.94 10.49 9.83 8.90 7.77 6.68 6.03
7.25 7.14 6.90 6.78 6.68 6.72 6.95 7.14 7.17 7.26 7.69 8.17 8.34 8.29 8.11 7.80 7.46 7.15 6.95 6.81 6.64 6.36 6.01 5.74 5.71 5.92 6.17 6.47 6.47 6.02 5.77 5.86 5.98 6.43 6.85 6.92 6.36 5.81 5.65 5.86 6.09 6.25 6.39 6.38 6.45 6.85 7.81 8.84 9.81 10.47 10.66 10.44 9.80 8.93 8.38 7.85 7.51 7.25 6.97 6.79 6.97 7.37 8.13 8.52 8.80 8.84 8.64 8.53 8.41 8.53 8.78 9.17 9.34 9.40 9.31 9.21 9.27 9.25 9.23 9.29 9.19 8.77 7.95 6.79
7.08 6.74 6.39 6.38 6.41 6.48 6.70 7.01 7.24 7.34 7.69 8.18 8.35 8.32 8.08 7.64 7.15 6.81 6.67 6.60 6.46 6.26 5.99 5.72 5.67 5.86 6.09 6.23 5.98 5.36 5.18 5.27 5.36 5.67 6.34 6.71 6.71 6.63 6.72 7.08 7.41 7.63 7.75 7.89 8.20 8.81 9.67 10.51 11.11 11.25 10.94 10.17 9.33 8.45 7.91 7.42 7.01 6.58 6.34 6.18 6.30 6.58 6.95 7.31 7.31 6.70 6.00 5.31 5.03 5.08 5.35 5.77 6.04 6.06 6.14 6.17 6.44 6.60 6.68 6.96 7.51 7.87 7.84 7.37
6.85 6.40 5.88 5.74 5.82 6.06 6.39 6.76 7.12 7.25 7.80 7.56 7.51 7.45 7.26 6.92 6.52 6.23 6.12 6.11 6.05 5.95 5.90 5.88 5.87 5.90 6.01 6.06 5.80 5.37 5.21 5.25 5.28 5.38 5.66 6.16 6.59 6.74 6.95 7.38 7.82 8.01 8.19 8.51 9.09 9.73 10.23 10.51 10.50 10.29 9.96 9.50 8.88 8.26 7.76 7.33 6.94 6.60 6.56 6.54 6.65 6.72 6.68 6.72 6.38 5.65 4.93 4.47 4.34 4.27 4.07 3.83 3.81 3.87 3.96 4.08 4.38 4.68 4.77 4.68 4.81 5.15 5.44 5.73
6.73 6.37 5.91 5.71 5.65 5.68 5.82 6.19 6.58 6.78 6.66 6.74 6.19 6.08 5.94 5.86 5.72 5.49 5.39 5.56 5.83 5.97 6.08 6.19 6.15 6.10 6.11 6.18 6.17 6.10 5.95 5.72 5.50 5.29 5.19 5.61 6.09 6.26 6.38 6.67 7.12 7.48 7.82 8.37 9.10 9.53 9.55 9.13 8.47 8.34 8.55 8.74 8.59 8.24 7.84 7.47 7.15 6.98 7.07 7.04 6.98 6.88 6.61 6.52 6.27 5.78 5.45 5.25 5.01 4.58 3.89 3.08 2.64 2.47 2.48 2.60 2.88 3.17 3.27 3.03 2.79 2.79 3.13 3.77
6.85 6.67 6.49 6.35 6.13 5.75 5.36 5.33 5.66 5.91 5.88 6.14 5.14 5.01 4.96 5.31 4.97 4.88 4.89 5.28 5.88 6.35 6.57 6.56 6.50 6.43 6.43 6.52 6.57 6.62 6.37 5.94 5.52 5.12 4.94 5.23 5.70 5.97 5.99 6.09 6.37 6.81 7.31 8.07 8.69 8.77 8.29 7.55 7.19 7.21 7.50 7.93 8.12 8.07 7.71 7.42 7.15 7.02 7.04 6.82 6.52 6.24 6.07 6.17 6.35 6.28 6.16 5.93 5.22 4.39 3.51 2.87 2.46 2.13 1.90 1.81 1.78 1.84 1.92 2.01 2.36 2.59 3.35 4.16
7.16 7.27 7.41 7.32 7.00 6.47 5.72 5.35 5.38 5.60 5.63 6.08 5.75 5.05 5.05 4.98 5.00 5.05 5.20 5.61 6.22 6.84 7.11 7.15 7.13 7.13 7.06 6.99 6.91 6.85 6.50 6.21 5.99 5.67 5.41 5.61 6.13 6.48 6.47 6.45 6.56 6.84 7.27 7.96 8.20 7.83 6.99 6.46 6.22 6.25 6.54 7.04 7.47 7.50 7.22 6.98 6.75 6.53 6.31 5.87 5.47 5.26 5.41 5.82 6.40 6.60 6.39 5.88 4.99 4.25 3.77 3.62 3.49 3.02 2.39 1.86 1.54 1.51 1.86 2.27 2.96 4.01 5.22 5.86
7.42 7.70 7.99 7.99 7.78 7.40 6.84 6.39 6.13 6.08 7.00 5.91 5.88 6.03 6.18 6.23 6.27 6.40 6.46 6.63 7.01 7.50 7.81 8.00 8.11 8.13 7.90 7.62 7.51 7.58 7.59 7.50 7.37 7.09 6.67 6.68 7.11 7.45 7.56 7.54 7.52 7.42 7.54 7.83 7.65 6.81 6.04 5.46 5.25 5.32 5.62 6.17 6.76 6.84 6.70 6.50 6.23 5.84 5.42 5.13 5.06 5.22 5.68 6.14 6.57 6.55 6.14 5.54 4.93 4.79 4.95 5.00 4.56 3.85 3.18 2.80 2.73 2.83 3.17 3.92 5.12 6.39 7.08 7.06
7.45 7.55 7.70 7.86 8.02 8.06 7.78 7.34 6.86 6.51 6.35 6.42 6.72 7.11 7.53 7.78 7.98 8.15 8.25 8.24 8.33 8.39 8.55 8.77 8.93 8.82 8.55 8.24 8.17 8.21 8.30 8.19 8.03 7.79 7.40 7.22 7.40 7.69 7.99 8.19 8.19 7.97 7.76 7.48 6.73 5.78 5.05 4.59 4.41 4.41 4.70 5.23 5.86 6.27 6.37 6.27 6.07 5.79 5.61 5.73 5.97 6.39 6.89 7.20 7.21 6.82 6.25 5.91 5.80 5.98 6.15 5.88 5.12 4.31 3.92 3.92 4.12 4.49 5.21 6.27 7.37 7.90 7.81 7.19
7.35 7.15 7.05 7.22 7.59 7.95 8.03 7.67 7.10 6.56 7.70 6.37 6.85 7.48 8.03 8.43 8.71 8.94 9.14 9.18 9.07 8.90 8.88 8.99 9.00 8.88 8.72 8.53 8.44 8.23 7.75 7.30 7.08 7.08 7.09 7.15 7.24 7.47 7.76 8.10 8.29 8.12 7.69 6.94 5.76 4.71 4.07 3.79 3.65 3.69 3.81 4.17 4.97 5.78 6.24 6.41 6.43 6.42 6.53 6.64 6.90 7.41 7.95 8.33 8.29 8.10 7.43 7.11 7.20 7.25 6.81 6.11 5.47 5.23 5.34 5.64 6.13 6.80 7.67 8.43 8.66 8.32 7.59 6.82
7.29 7.00 6.67 6.62 6.73 6.95 7.23 7.25 6.94 6.44 6.00 5.90 6.17 6.67 7.17 7.52 7.76 7.88 7.94 8.02 8.11 8.16 8.19 8.14 8.02 8.00 8.05 8.15 8.20 8.13 7.70 6.95 6.47 6.41 6.80 7.24 7.56 7.70 7.77 7.85 7.90 7.60 7.10 6.37 5.34 4.27 3.62 3.41 3.46 3.59 3.65 3.88 4.61 5.60 6.35 6.83 7.13 7.30 7.34 7.25 7.41 8.07 8.73 9.11 9.24 9.42 9.19 8.56 8.30 8.15 7.52 6.92 6.79 7.27 7.85 8.42 9.02 9.54 9.82 9.62 8.96 8.05 7.24 6.60
7.15 6.74 6.28 6.14 5.90 5.79 5.99 6.31 6.35 5.97 5.41 5.00 4.85 4.94 5.19 5.40 5.53 5.45 5.12 5.02 5.57 6.18 6.33 6.15 5.94 6.26 6.82 7.19 7.48 7.87 8.11 8.03 7.69 7.37 7.32 7.55 7.74 7.76 7.60 7.36 7.14 6.89 6.56 6.28 5.74 4.97 4.41 4.36 4.51 4.65 4.75 4.95 5.36 5.98 6.54 7.03 7.50 7.93 8.14 8.32 8.68 9.21 9.38 9.29 9.38 9.78 9.92 9.75 9.53 9.42 9.28 9.21 9.56 10.08 10.45 10.73 10.94 10.95 10.60 9.74 8.74 7.88 7.22 6.59
6.79 6.27 5.73 5.65 5.52 5.37 5.32 5.53 5.72 5.44 4.82 4.13 3.55 3.19 3.09 3.20 3.37 3.35 3.20 3.10 3.37 3.86 4.09 4.08 4.32 4.98 5.92 6.40 6.67 6.93 7.50 8.07 8.35 8.32 7.92 7.56 7.26 7.09 6.81 6.51 6.37 6.54 6.68 6.90 6.94 6.92 6.67 6.54 6.51 6.52 6.57 6.55 6.50 6.55 6.64 6.85 7.26 7.84 8.50 9.16 9.69 9.69 9.25 8.61 8.27 8.68 9.42 9.77 10.13 10.44 10.72 10.98 11.25 11.34 11.25 11.08 10.86 10.46 9.81 9.06 8.38 7.79 7.23 6.59
6.63 6.22 5.71 5.50 5.46 5.43 5.35 5.36 5.49 5.37 4.86 4.10 3.31 2.67 2.28 2.15 2.49 2.85 3.30 3.35 3.11 2.90 2.87 3.17 3.84 4.78 5.78 6.12 6.13 5.97 6.19 6.75 7.43 7.85 7.65 7.00 6.32 5.93 5.86 5.83 5.96 6.48 7.06 7.62 7.97 8.33 8.43 8.22 7.99 7.81 7.45 7.09 6.88 6.84 6.81 6.90 7.22 7.84 8.55 9.08 9.21 8.81 8.11 7.34 7.09 7.42 8.18 8.88 9.47 10.02 10.33 10.44 10.43 10.26 9.96 9.56 9.05 8.44 8.09 7.83 7.50 7.16 6.78 6.28
6.82 6.65 6.35 6.05 5.86 5.80 5.73 5.70 5.71 5.68 5.44 4.95 4.38 3.70 3.09 2.69 2.52 3.49 4.39 4.75 4.44 3.79 3.40 3.54 4.23 5.28 6.06 6.19 5.92 5.50 5.33 5.44 5.94 6.44 6.67 6.47 6.02 5.67 5.65 5.95 6.37 7.01 7.41 7.75 8.02 8.35 8.51 8.53 8.41 8.06 7.33 6.84 6.76 6.91 7.01 7.14 7.44 8.03 8.44 8.40 7.91 7.19 6.66 6.40 6.49 6.82 7.21 7.68 8.15 8.55 8.70 8.57 8.22 7.95 7.83 7.58 7.03 6.40 6.07 6.14 6.09 5.90 5.65 5.40
6.95 6.92 6.86 6.70 6.49 6.29 6.21 6.31 6.37 6.46 6.49 6.38 6.11 5.54 4.82 4.19 3.93 4.24 4.95 5.70 5.85 5.52 5.04 4.90 5.31 6.07 6.57 6.65 6.41 5.84 5.38 5.03 4.96 5.28 5.93 6.52 6.81 6.94 7.01 7.15 7.43 7.69 7.60 7.47 7.46 7.60 7.78 7.99 8.07 7.95 7.43 7.01 6.90 7.00 7.11 7.22 7.48 7.89 8.01 7.54 6.86 6.30 6.02 5.98 6.04 6.20 6.34 6.58 6.95 7.17 7.25 7.13 6.72 6.23 5.94 5.98 5.67 4.99 4.32 4.24 4.44 4.26 4.02 3.86
6.97 6.96 6.97 6.86 6.72 6.60 6.68 6.93 7.25 7.59 7.84 7.91 7.61 7.04 6.30 5.58 5.03 4.85 5.14 5.98 6.66 6.98 6.94 6.69 6.65 7.06 7.39 7.45 7.37 6.92 6.44 5.92 5.53 5.63 6.25 7.04 7.70 8.16 8.28 8.17 8.00 7.81 7.42 7.10 6.97 6.94 7.02 7.10 7.25 7.41 7.42 7.24 7.07 7.11 7.21 7.39 7.66 7.85 7.53 6.82 6.20 5.88 5.74 5.64 5.62 5.78 5.95 6.07 6.14 6.22 6.18 6.12 5.97 5.43 4.74 4.52 4.51 4.08 3.27 2.79 2.85 2.85 2.65 2.59
7.01 7.00 7.00 6.81 6.63 6.60 6.79 7.13 7.63 8.17 8.61 8.77 8.67 8.33 7.77 7.03 6.22 5.65 5.60 6.17 6.92 7.67 7.86 7.82 7.85 8.17 8.20 8.01 7.87 7.75 7.61 7.36 7.03 6.91 7.08 7.39 7.67 7.89 7.97 7.83 7.61 7.39 7.07 6.75 6.53 6.26 6.16 6.09 6.08 6.30 6.69 6.87 6.90 7.05 7.29 7.60 7.73 7.45 6.69 5.92 5.58 5.50 5.49 5.58 5.72 5.90 5.87 5.61 5.33 5.25 5.20 5.11 5.19 5.00 4.31 3.69 3.55 3.45 2.78 2.19 2.08 2.00 2.31 2.40
7.03 6.98 6.90 6.70 6.48 6.40 6.44 6.57 6.87 7.32 7.87 8.36 8.80 9.03 8.97 8.57 7.77 6.85 6.39 6.49 6.84 7.57 8.06 8.35 8.61 8.75 8.48 7.91 7.55 7.61 7.87 8.05 8.00 7.69 7.41 7.22 7.07 6.95 6.96 7.10 7.18 7.12 6.90 6.56 6.20 5.83 5.61 5.41 5.25 5.25 5.50 5.88 6.26 6.59 7.04 7.24 6.99 6.33 5.45 5.04 5.00 5.09 5.32 5.66 5.81 5.70 5.35 4.80 4.23 3.94 3.93 3.75 3.66 3.92 3.85 3.38 3.06 3.02 2.79 2.46 2.31 2.42 2.72 3.13
6.94 6.81 6.60 6.53 6.41 6.30 6.15 5.90 5.62 5.53 5.81 6.64 7.72 8.63 9.25 9.40 9.05 8.27 7.42 7.02 7.04 7.51 8.00 8.52 8.80 8.66 8.11 7.47 6.87 6.75 7.00 7.38 7.61 7.49 7.24 6.99 6.78 6.73 6.95 7.21 7.23 7.11 6.89 6.69 6.43 6.11 5.80 5.34 4.84 4.54 4.60 5.07 5.73 6.34 6.53 6.30 5.62 4.85 4.42 4.32 4.32 4.36 4.68 5.03 5.02 4.85 4.67 4.28 3.60 2.99 2.76 2.65 2.59 2.76 3.08 3.16 3.12 2.90 3.27 3.32 3.38 3.49 3.80 4.39
6.85 6.65 6.42 6.45 6.47 6.42 6.25 5.94 5.38 4.74 4.39 4.72 5.80 7.16 8.34 9.08 9.38 9.18 8.56 7.93 7.76 7.89 8.17 8.60 8.75 8.46 7.87 7.12 6.37 5.89 5.72 5.85 6.29 6.67 6.89 6.95 6.95 7.01 7.23 7.38 7.27 7.07 6.95 6.92 6.77 6.32 5.75 5.03 4.64 4.67 5.03 5.62 6.14 6.32 6.26 5.54 4.67 4.14 3.98 3.90 3.77 3.65 3.67 3.85 4.09 4.42 4.85 4.91 4.44 3.82 3.51 3.33 3.12 2.97 3.08 3.33 3.61 3.91 4.20 4.48 4.73 5.04 5.40 6.07
6.86 6.67 6.48 6.51 6.60 6.62 6.55 6.47 6.20 5.60 4.83 4.42 4.76 5.67 6.89 8.00 8.80 9.30 9.30 9.00 8.83 8.85 8.99 9.08 8.93 8.57 8.05 7.32 6.52 5.95 5.59 5.53 5.68 6.00 6.41 6.75 6.92 6.96 7.04 7.16 6.99 6.79 6.69 6.70 6.59 6.02 5.51 5.30 5.63 6.25 6.79 7.03 7.02 6.74 6.46 5.77 5.41 5.20 5.01 4.75 4.49 4.27 4.15 4.27 4.87 5.63 6.32 6.57 6.36 5.93 5.50 5.06 4.46 4.05 3.94 4.07 4.40 4.83 5.25 5.76 6.41 7.13 7.75 8.65
6.88 6.67 6.52 6.60 6.76 6.82 6.86 7.03 7.26 7.26 6.80 6.10 5.70 5.81 6.38 7.37 8.31 9.24 9.72 9.86 9.96 9.94 9.78 9.48 9.03 8.68 8.44 8.11 7.54 7.19 6.97 6.76 6.44 6.31 6.43 6.66 6.81 6.85 6.82 6.65 6.44 6.30 6.32 6.40 6.48 6.49 6.70 7.23 7.78 8.11 8.16 7.89 7.46 7.03 6.81 6.80 6.88 6.95 6.91 6.77 6.64 6.61 6.69 6.97 7.35 7.60 7.65 7.63 7.40 6.92 6.29 5.61 4.94 4.65 4.71 4.98 5.33 5.84 6.58 7.71 9.04 10.15 10.94 11.60
6.85 6.65 6.54 6.68 6.91 7.02 7.13 7.42 7.93 8.45 8.64 8.48 8.07 7.55 7.36 7.70 8.43 9.43 10.20 10.57 10.80 10.62 10.00 9.36 8.80 8.60 8.68 8.76 8.60 8.29 8.02 7.82 7.52 7.28 7.09 6.99 6.96 6.84 6.57 6.29 6.21 6.40 6.55 6.73 6.97 7.31 7.78 8.21 8.34 8.15 7.90 7.66 7.44 7.19 7.08 7.17 7.26 7.49 7.79 8.06 8.25 8.44 8.55 8.53 8.27 7.81 7.33 7.25 7.09 6.55 5.85 5.30 5.02 5.01 5.30 5.81 6.42 7.26 8.53 10.13 11.53 12.48 12.82 12.74
6.88 6.74 6.66 6.82 7.05 7.16 7.20 7.49 8.23 9.10 9.74 10.00 9.91 9.55 9.07 8.86 9.22 9.94 10.49 10.76 10.84 10.50 9.71 8.89 8.35 8.22 8.44 8.76 8.81 8.57 8.19 7.89 7.58 7.35 7.11 6.93 6.87 6.68 6.46 6.45 6.65 6.80 6.87 7.02 7.16 7.16 7.11 7.04 6.72 6.38 6.25 6.44 6.78 6.92 6.80 6.75 6.85 7.08 7.44 7.85 8.23 8.51 8.40 7.94 7.15 6.31 5.86 6.15 6.46 6.23 5.69 5.41 5.42 5.59 6.05 6.74 7.62 8.77 10.16 11.29 11.94 12.15 11.92 11.41
6.96 6.88 6.90 7.08 7.26 7.38 7.49 7.92 8.80 9.44 9.71 9.79 9.88 9.95 9.91 9.96 10.23 10.44 10.34 10.14 10.02 9.69 9.08 8.46 8.03 7.77 7.74 8.07 8.40 8.42 8.12 7.67 7.00 6.53 6.38 6.47 6.57 6.52 6.41 6.36 6.33 6.40 6.55 6.71 6.78 6.51 6.05 5.57 5.38 5.28 5.25 5.47 5.89 6.21 6.34 6.46 6.62 6.71 6.84 7.09 7.40 7.53 7.18 6.35 5.51 5.00 4.92 5.45 6.24 6.54 6.25 6.05 6.17 6.56 7.26 8.14 9.18 10.30 10.99 11.06 10.27 9.03 8.14 7.81
