project/data/elevation/US_DEM2016/US_DEM2016_point_10-29-2019_1414_30m_ang.asc
ncols	125
nrows	167
xllcorner	-2042055.000000
yllcorner	1465035.000000
cellsize	30.000000
NODATA_value	-9999.000000
[rows 0 to 41 of 167, columns 0 to 93 of 125]
180 179 172 169 169 170 171 172 174 176 178 178 177 176 177 179 179 179 178 177 176 174 175 176 178 179 180 181 180 179 179 178 175 173 171 169 167 168 170 172 173 174 174 175 175 176 176 174 173 172 172 174 176 176 177 178 179 179 178 177 175 174 173 172 173 176 178 179 178 175 173 172 173 173 174 175 175 173 172 174 178 178 177 176 176 176 177 178 179 177 176 176 177 176
180 179 172 169 169 170 171 172 174 176 178 178 177 176 177 179 179 179 178 177 176 174 175 176 178 179 180 181 180 179 179 178 175 173 171 169 167 168 170 172 173 174 174 175 175 176 176 174 173 172 172 174 176 176 177 178 179 179 178 177 175 174 173 172 173 176 178 179 178 175 173 172 173 173 174 175 175 173 172 174 178 178 177 176 176 176 177 178 179 177 176 176 177 176
187 183 172 165 164 164 165 167 170 175 178 179 177 176 177 180 181 181 180 179 176 173 173 176 179 181 184 185 184 184 183 181 179 176 172 169 166 165 167 170 172 173 174 174 175 177 177 175 173 170 170 173 176 176 177 179 180 181 181 179 177 174 171 170 171 174 178 180 180 177 175 173 173 173 173 174 173 171 169 173 178 179 176 175 177 177 178 180 181 178 177 177 178 177
197 189 172 162 157 155 154 157 162 170 177 179 178 176 177 182 184 184 184 181 176 171 172 177 182 187 191 192 192 191 190 187 183 179 176 171 166 162 161 165 169 171 173 174 174 176 177 175 172 169 169 172 175 176 177 178 181 183 184 183 181 176 171 168 168 171 176 179 180 179 178 176 175 174 173 172 171 167 165 169 176 177 173 173 177 180 181 184 183 180 178 178 178 176
201 192 173 163 156 151 148 149 154 162 172 177 178 176 178 182 184 183 184 181 175 171 173 179 185 191 195 195 195 193 191 187 183 181 179 176 172 167 162 161 164 167 170 171 172 173 175 174 171 169 170 173 174 175 177 178 179 180 182 183 182 180 175 172 170 170 172 174 177 178 179 179 178 176 174 171 168 165 164 166 170 170 167 169 177 184 185 186 184 180 178 178 176 172
203 194 176 165 157 152 148 146 148 153 164 173 177 176 177 181 183 180 180 178 174 173 177 183 189 194 196 196 194 192 189 185 183 182 181 180 176 172 166 161 159 160 164 167 170 172 173 172 169 169 172 175 176 178 179 178 177 175 176 178 180 181 180 177 175 172 170 171 173 175 177 179 178 177 173 170 167 164 163 164 165 164 162 165 176 186 188 186 183 179 177 176 172 167
201 193 178 168 161 154 150 147 144 145 153 166 173 173 173 179 183 181 177 175 173 175 181 187 191 194 196 195 192 188 186 184 183 183 183 182 179 176 171 165 159 155 157 161 166 169 170 169 167 167 171 175 179 182 182 180 178 176 175 176 178 181 182 181 178 175 171 170 171 173 175 177 177 175 172 168 165 162 161 161 162 161 159 162 173 184 188 185 181 177 176 173 168 167
196 190 180 172 166 159 154 148 142 139 143 155 164 166 168 176 183 183 179 175 172 176 183 189 192 194 195 194 189 185 183 182 182 182 182 181 180 179 177 173 166 158 154 154 159 165 168 167 163 164 169 175 180 184 185 183 181 180 180 181 181 182 182 182 181 177 172 169 170 172 175 176 176 174 171 168 164 160 157 157 158 158 159 161 169 179 184 183 178 175 174 170 168 172
188 186 181 177 172 167 161 153 144 139 140 145 153 157 162 171 181 185 183 177 173 176 184 190 193 193 193 190 187 183 181 180 179 178 177 178 180 181 182 181 177 171 162 156 156 162 167 165 162 163 168 173 179 183 186 186 186 186 186 187 185 184 182 182 182 179 173 168 168 172 176 177 175 173 170 168 165 161 158 156 156 157 158 160 166 174 179 179 175 173 172 171 174 183
179 181 182 181 179 176 172 164 155 149 146 146 147 150 156 166 178 185 184 178 174 177 184 190 192 191 189 186 184 181 178 176 174 173 174 176 179 181 183 184 183 181 176 168 161 162 165 163 161 164 169 174 178 182 185 189 191 192 192 191 188 185 182 180 180 178 174 169 169 172 176 176 173 170 169 168 167 166 164 163 162 161 161 162 165 170 175 175 173 172 173 176 183 192
170 175 183 185 183 182 178 173 167 163 159 155 151 151 154 162 174 181 181 178 177 180 184 188 190 188 185 183 180 178 175 172 170 171 173 175 177 179 181 183 184 184 183 178 170 165 163 160 161 165 172 177 180 182 184 189 193 195 194 192 189 185 181 177 175 175 175 175 173 173 174 173 170 168 168 168 168 169 169 169 168 166 167 167 168 171 172 172 172 174 178 183 187 190
161 169 180 184 184 183 180 177 175 173 170 166 162 159 158 162 169 175 176 176 179 183 186 187 187 185 182 178 175 173 171 169 169 171 175 176 175 175 177 180 181 183 184 182 178 171 164 160 161 167 174 180 183 185 186 188 192 194 194 192 188 182 177 173 171 171 176 179 179 175 172 169 167 166 167 168 169 171 172 171 168 167 168 170 171 172 171 170 172 177 181 183 185 185
161 163 171 178 181 181 180 179 179 178 177 175 172 170 166 165 167 170 172 175 180 186 188 187 184 181 178 174 171 169 168 168 169 174 177 175 172 172 174 176 177 179 181 182 182 177 169 164 164 168 175 181 186 190 191 189 188 189 190 188 183 178 174 172 169 169 174 180 181 177 172 167 165 166 168 170 171 173 174 170 163 159 160 164 169 170 168 169 172 176 178 180 182 181
168 165 164 168 174 177 178 179 181 181 181 180 179 178 175 171 169 169 171 174 182 188 189 186 182 178 174 171 170 168 168 169 172 176 176 172 169 170 172 172 172 173 175 180 182 179 173 169 170 173 177 183 190 193 190 186 183 184 184 182 179 176 173 171 169 169 172 177 180 178 173 168 167 169 172 175 176 176 175 170 162 154 152 156 160 162 164 167 171 173 175 177 178 177
170 169 168 166 166 170 174 177 179 180 180 181 181 181 180 177 174 172 173 176 183 189 188 185 181 177 174 173 172 171 171 173 175 176 174 170 169 171 171 169 169 169 171 175 178 176 174 174 177 179 182 187 190 189 184 180 180 181 179 177 175 174 173 171 169 169 171 175 179 178 174 170 170 175 180 181 179 177 176 172 167 160 155 154 154 155 160 164 168 170 172 173 174 173
168 170 172 171 167 165 167 169 170 170 171 174 177 178 179 179 179 177 177 180 184 187 187 185 182 180 178 177 176 174 173 173 175 176 176 174 172 171 170 170 170 170 170 171 172 171 173 178 183 186 188 188 187 182 178 177 179 179 175 171 171 172 173 173 171 170 172 175 178 179 176 175 178 183 185 182 179 177 175 173 170 166 160 155 152 154 159 164 166 168 170 171 170 170
168 170 173 176 175 171 166 162 159 158 159 162 164 166 171 177 181 181 182 184 185 187 188 187 186 184 182 179 178 178 175 172 173 175 177 177 176 173 172 172 172 171 170 169 169 169 174 182 188 190 190 187 183 179 176 176 178 176 171 167 166 169 173 175 174 172 173 175 177 179 180 183 186 187 184 181 179 179 176 174 172 169 164 158 155 156 160 163 165 166 168 169 168 170
174 173 176 181 185 181 174 166 160 158 160 161 161 162 166 173 180 183 185 186 187 188 189 189 187 184 181 179 178 179 178 175 173 172 174 176 176 176 174 172 172 170 169 168 168 170 176 185 190 192 191 186 180 176 174 176 177 173 167 165 165 167 171 175 177 176 174 173 175 179 184 188 189 185 182 180 181 181 179 177 175 171 166 161 159 160 161 162 163 164 166 167 169 173
177 178 182 186 187 182 176 170 166 165 166 166 166 167 169 172 178 183 186 187 189 191 191 189 186 183 180 178 177 177 179 178 175 172 172 173 175 176 175 172 170 169 169 169 170 173 180 187 190 191 190 184 178 174 174 176 175 169 164 164 164 166 169 174 177 178 176 173 173 177 184 187 186 183 181 181 181 182 181 181 181 176 170 166 164 163 163 161 159 160 163 166 170 174
179 183 189 188 183 177 174 172 171 170 171 171 172 173 174 175 178 183 186 188 190 192 191 188 185 182 180 177 175 175 176 176 175 173 173 172 173 175 174 172 171 170 171 173 176 180 185 186 186 186 185 181 177 175 176 176 171 166 164 164 165 166 167 171 175 178 178 176 173 173 177 181 182 181 181 181 181 181 182 183 185 184 178 172 169 168 167 162 158 159 163 166 169 171
190 192 192 184 175 171 171 172 173 174 174 175 177 178 179 179 181 184 187 189 190 190 188 187 185 182 179 177 175 173 172 171 172 173 173 173 173 173 173 173 173 173 176 181 185 187 185 182 179 179 178 177 177 178 178 175 169 165 165 166 166 166 166 166 168 172 176 176 173 168 168 172 175 177 180 181 181 180 181 184 188 189 187 180 175 173 171 168 164 163 165 167 167 167
198 194 184 175 169 169 170 173 175 176 177 178 179 181 182 183 184 186 187 188 187 186 184 183 183 181 179 177 175 172 169 168 169 172 174 174 173 172 173 176 177 180 185 190 190 186 181 176 173 172 173 175 178 181 180 176 171 168 168 168 167 166 163 159 157 160 164 168 166 160 158 161 165 170 175 179 180 179 181 185 189 193 194 189 181 176 174 173 171 170 169 168 167 167
190 184 177 172 170 170 172 174 176 178 178 178 179 182 184 186 187 187 186 184 182 180 179 180 180 179 177 175 173 171 169 168 169 173 176 176 173 173 176 181 185 189 193 192 187 181 175 170 167 167 169 174 178 181 182 179 176 174 173 173 171 168 162 152 142 140 141 143 147 147 146 148 152 159 165 173 176 177 179 182 187 192 195 193 187 180 175 173 174 173 170 169 168 169
175 175 174 173 173 173 175 176 177 178 178 178 180 182 184 186 187 186 184 181 177 175 175 175 176 175 174 173 172 171 170 170 173 177 179 177 174 177 183 189 192 193 192 186 181 176 171 166 164 165 168 173 177 180 182 182 182 182 181 180 181 180 172 153 138 134 133 133 136 139 138 138 140 146 153 162 168 171 174 177 181 188 194 195 193 185 177 172 172 172 170 169 169 170
162 165 171 174 176 177 177 178 178 177 178 179 180 181 183 185 185 184 183 180 176 174 172 171 171 171 171 171 172 173 174 176 179 182 182 179 179 184 191 193 192 189 185 179 176 172 168 166 165 166 168 172 175 178 181 183 186 188 188 190 192 192 183 168 155 147 142 138 137 136 133 131 131 133 140 148 155 161 166 170 174 182 190 195 195 190 181 175 173 172 171 170 169 169
152 156 166 173 176 180 180 178 178 177 177 178 179 180 181 183 183 184 183 181 178 175 172 170 168 167 168 171 173 176 181 185 188 188 186 184 186 190 191 189 186 183 179 175 171 168 166 167 168 168 169 171 174 177 180 183 187 191 194 196 196 193 185 175 168 159 153 148 143 136 132 128 126 124 126 134 139 144 153 160 165 173 183 191 193 192 185 178 175 174 172 171 170 168
147 151 161 170 177 182 183 180 178 177 176 177 178 178 178 179 181 183 183 181 178 174 171 169 167 167 169 173 177 183 190 194 194 192 189 187 187 188 186 183 180 177 174 170 167 165 170 169 173 173 171 171 172 175 178 181 187 192 195 195 192 188 183 179 174 169 164 161 156 150 144 139 131 122 119 123 127 131 139 148 155 163 172 182 189 191 189 182 177 174 173 171 170 169
146 149 157 165 174 181 185 184 180 178 177 177 178 178 177 178 179 181 180 178 174 171 169 168 168 169 172 177 183 191 198 198 194 190 188 186 185 184 183 180 177 173 169 166 164 164 166 172 177 178 175 170 169 171 175 180 187 190 191 189 185 182 181 181 179 177 175 172 169 166 164 159 147 135 130 126 123 125 131 140 147 154 162 171 181 188 190 187 180 175 173 171 170 169
147 149 153 161 169 178 184 186 184 181 180 179 179 179 179 178 178 178 176 173 171 169 169 170 171 173 177 184 191 196 197 193 189 186 185 185 183 181 180 179 175 170 165 162 162 164 167 173 179 182 180 173 167 166 171 180 185 186 185 181 177 177 179 174 183 184 183 180 177 177 177 174 164 155 149 144 137 134 137 142 146 150 154 161 171 181 188 189 185 178 174 171 169 169
152 152 154 158 164 172 180 185 186 184 182 180 179 180 180 180 179 177 173 169 169 170 172 174 176 179 184 190 193 193 188 185 184 183 183 183 181 180 179 177 174 168 163 161 162 164 168 173 179 182 182 178 170 166 169 177 180 181 179 174 172 173 177 182 185 186 186 185 184 184 183 181 177 171 165 159 153 151 150 150 151 152 152 154 161 171 182 188 188 183 177 172 169 169
155 156 159 161 162 168 176 183 187 187 184 181 179 179 179 180 179 176 171 169 171 175 178 181 184 187 190 191 188 183 180 179 179 181 181 180 179 178 177 175 172 167 164 163 164 165 167 170 175 179 181 181 176 170 170 174 176 177 174 170 169 171 174 179 183 185 186 187 187 186 185 185 184 183 176 169 164 162 161 158 156 154 152 151 153 159 171 182 187 187 183 176 171 170
152 155 162 164 164 165 171 180 186 188 187 184 181 179 179 179 178 175 173 174 179 185 190 192 193 193 191 185 177 173 172 173 175 177 178 178 177 177 175 172 168 165 165 167 168 168 167 168 170 174 178 181 180 175 172 173 174 175 171 167 167 170 171 174 177 180 183 186 187 187 186 186 187 187 183 177 173 170 168 164 161 157 155 151 148 149 157 169 180 185 185 181 175 173
148 151 158 162 163 163 167 175 183 188 189 187 185 182 181 180 178 176 178 183 190 196 199 197 194 191 187 179 170 165 165 167 169 172 175 176 176 175 173 169 165 163 165 169 171 171 170 167 167 170 174 178 181 179 176 175 175 174 169 165 167 167 167 169 170 173 178 183 185 186 186 186 186 187 186 184 182 179 173 169 166 164 159 153 147 145 147 154 165 176 181 181 179 176
154 153 152 154 157 159 162 170 179 186 190 190 188 185 183 181 180 180 185 191 196 198 197 194 190 188 185 180 173 166 165 165 165 167 170 173 173 172 170 166 163 163 165 167 169 170 168 165 162 165 169 174 180 182 179 179 177 175 169 166 167 164 162 162 164 168 174 179 181 183 184 183 183 185 188 190 191 187 179 173 173 173 168 157 150 148 146 147 152 160 169 176 177 176
167 161 154 154 154 156 159 164 172 181 187 191 191 188 185 183 182 184 189 193 195 194 193 191 189 187 185 182 177 172 169 169 169 169 168 169 170 169 168 164 163 165 167 166 165 163 160 157 155 158 164 170 178 182 182 180 179 176 171 169 169 165 161 159 159 163 170 176 178 180 181 180 180 182 188 192 193 192 188 183 182 182 176 165 159 157 156 155 154 155 159 165 170 171
172 167 161 161 162 162 162 163 167 174 182 189 192 191 188 185 185 187 189 191 190 189 188 188 187 187 186 184 181 176 173 172 174 173 171 168 167 167 166 164 166 169 172 170 165 160 157 155 154 155 160 167 176 182 182 181 179 176 171 170 171 168 163 160 158 160 166 171 174 177 179 178 177 180 185 188 191 193 193 192 189 186 181 174 169 167 166 165 162 159 159 162 164 166
169 168 166 167 169 170 169 167 168 171 177 184 190 192 191 188 186 186 187 186 184 183 183 184 185 185 185 185 184 181 177 174 174 175 174 171 168 167 166 166 170 175 178 174 167 162 160 160 159 159 161 165 173 180 182 181 179 176 171 169 171 172 168 164 160 160 163 166 168 172 176 176 174 177 180 182 185 191 194 194 191 187 184 180 177 176 174 170 164 160 158 160 163 165
165 166 169 171 173 174 174 173 172 173 175 179 186 191 192 190 187 184 182 180 178 178 179 180 182 183 184 186 187 186 182 177 174 173 172 172 170 167 165 166 171 178 181 178 172 167 165 166 166 165 164 164 170 178 182 181 179 176 169 167 171 174 174 172 167 164 162 162 164 167 172 173 172 174 177 177 180 185 190 191 189 187 187 186 184 183 181 174 166 160 158 159 161 165
161 163 170 173 175 176 177 177 177 175 174 176 181 187 191 191 188 182 177 175 174 174 175 177 179 180 182 184 187 188 187 182 176 172 170 169 169 167 165 165 170 176 184 180 178 173 170 169 168 167 165 164 167 175 181 181 178 174 169 167 170 175 177 177 174 170 165 161 160 163 168 170 168 170 173 174 176 179 183 186 186 188 191 194 193 188 182 175 171 168 166 164 163 166
159 162 170 174 175 176 177 178 178 176 174 175 178 183 188 190 188 182 176 173 173 174 175 176 177 178 179 181 184 188 189 185 179 174 169 167 167 167 166 166 167 171 176 180 181 179 175 173 170 167 164 163 165 173 180 180 177 173 169 168 171 174 174 176 176 174 168 160 156 157 163 166 164 165 169 171 172 174 178 181 183 187 194 197 197 189 180 176 175 175 174 172 171 171
159 162 170 174 175 175 176 178 177 176 174 174 177 182 188 189 186 182 178 176 176 175 175 174 174 175 176 178 181 185 187 185 180 174 169 166 166 168 168 170 170 169 173 178 183 184 181 178 176 173 168 164 166 172 178 178 175 172 171 172 174 174 170 168 170 170 166 159 154 153 157 160 159 160 165 169 169 170 173 178 181 185 192 195 194 187 181 177 177 178 178 178 179 179
163 165 171 174 175 175 176 177 176 175 174 175 179 185 189 188 185 183 181 179 178 176 175 173 172 173 173 175 178 181 183 182 178 173 169 167 166 166 169 173 174 172 172 177 182 185 184 181 180 178 175 171 169 172 177 177 174 173 175 178 181 181 174 167 163 162 161 158 155 151 151 153 153 155 161 166 167 166 169 176 181 183 186 189 188 186 184 181 179 179 180 181 182 184
