project/data/elevation/US_DEM2016/US_DEM2016_point_10-31-2019_2307_30m_vel.asc
ncols	125
nrows	167
xllcorner	-2042055.000000
yllcorner	1465035.000000
cellsize	30.000000
NODATA_value	-9999.000000
[rows 114 to 151 of 167, columns 0 to 83 of 125]
2.03 1.93 1.83 1.81 1.87 2.08 2.31 2.28 2.02 1.81 1.71 1.63 1.56 1.54 1.60 1.76 2.04 2.31 2.47 2.68 3.05 3.14 2.60 2.08 2.25 2.53 2.54 2.42 2.26 2.16 2.14 2.08 1.98 1.83 1.61 1.30 1.10 1.17 1.33 1.60 1.89 2.20 2.66 3.13 3.19 2.81 2.27 1.80 1.68 1.99 2.44 2.74 2.75 2.51 2.19 1.89 1.62 1.45 1.41 1.43 1.49 1.57 1.66 1.85 2.09 2.38 2.71 2.80 2.59 2.21 1.86 1.57 1.30 1.22 1.33 1.49 1.62 1.84 2.35 3.00 2.97 2.33 1.94 1.77
2.11 2.02 1.90 1.86 1.90 2.02 2.11 1.97 1.68 1.51 1.49 1.48 1.49 1.59 1.86 2.21 2.51 2.68 2.76 2.85 2.99 2.93 2.39 2.07 2.23 2.36 2.31 2.32 2.30 2.21 2.14 2.08 2.02 1.84 1.58 1.36 1.27 1.34 1.48 1.74 2.03 2.30 2.70 3.07 3.02 2.60 2.10 1.72 1.65 1.98 2.49 2.74 2.68 2.44 2.16 1.86 1.65 1.56 1.47 1.40 1.43 1.55 1.68 1.89 2.14 2.42 2.67 2.71 2.50 2.16 1.85 1.56 1.32 1.23 1.31 1.45 1.58 1.83 2.35 2.98 2.95 2.35 1.96 1.76
2.19 2.08 1.93 1.87 1.86 1.87 1.87 1.75 1.57 1.52 1.59 1.67 1.81 2.10 2.49 2.82 2.95 2.90 2.81 2.71 2.64 2.60 2.38 2.16 2.16 2.11 2.06 2.23 2.39 2.33 2.17 2.08 2.00 1.83 1.67 1.60 1.53 1.52 1.59 1.82 2.05 2.28 2.65 2.94 2.84 2.48 2.05 1.72 1.72 2.10 2.55 2.71 2.59 2.38 2.16 1.93 1.79 1.74 1.62 1.49 1.48 1.55 1.67 1.86 2.13 2.38 2.53 2.57 2.46 2.16 1.84 1.55 1.30 1.20 1.29 1.44 1.59 1.85 2.33 2.89 2.96 2.49 2.06 1.92
2.25 2.11 1.92 1.85 1.78 1.73 1.73 1.71 1.66 1.71 1.85 2.08 2.38 2.71 2.98 3.11 2.98 2.71 2.54 2.33 2.23 2.40 2.48 2.34 2.16 1.98 1.91 2.14 2.45 2.45 2.21 2.05 1.97 1.88 1.80 1.72 1.57 1.49 1.52 1.72 1.95 2.22 2.59 2.81 2.68 2.40 2.08 1.79 1.84 2.21 2.53 2.60 2.48 2.34 2.22 2.06 1.94 1.88 1.78 1.62 1.55 1.56 1.65 1.80 2.05 2.26 2.34 2.44 2.46 2.20 1.86 1.55 1.29 1.21 1.31 1.47 1.63 1.87 2.30 2.85 3.02 2.66 2.24 2.16
2.25 2.11 1.92 1.83 1.74 1.69 1.73 1.76 1.76 1.83 2.09 2.44 2.75 2.94 3.02 2.90 2.55 2.29 2.19 1.98 1.99 2.33 2.56 2.50 2.25 1.97 1.82 2.03 2.46 2.52 2.25 2.05 1.99 1.94 1.83 1.63 1.40 1.34 1.41 1.64 1.93 2.26 2.60 2.69 2.47 2.29 2.17 1.93 1.95 2.21 2.45 2.46 2.36 2.33 2.32 2.16 2.01 1.91 1.77 1.63 1.55 1.52 1.59 1.72 1.90 2.05 2.13 2.38 2.53 2.30 1.91 1.59 1.35 1.27 1.36 1.53 1.69 1.90 2.33 2.91 3.10 2.77 2.38 2.28
2.24 2.12 1.97 1.86 1.74 1.70 1.76 1.80 1.84 2.01 2.38 2.70 2.83 2.84 2.73 2.46 2.17 2.05 1.93 1.76 1.89 2.26 2.57 2.62 2.33 1.90 1.71 1.96 2.44 2.54 2.33 2.11 2.02 1.97 1.83 1.55 1.27 1.27 1.42 1.68 2.01 2.34 2.59 2.52 2.21 2.16 2.28 2.16 2.05 2.18 2.34 2.36 2.30 2.36 2.40 2.25 2.06 1.87 1.67 1.51 1.42 1.41 1.50 1.62 1.73 1.86 2.08 2.48 2.66 2.39 1.96 1.63 1.41 1.32 1.40 1.57 1.69 1.89 2.39 2.95 3.13 2.78 2.40 2.24
2.25 2.18 2.04 1.90 1.75 1.73 1.80 1.85 1.98 2.29 2.63 2.76 2.70 2.60 2.45 2.20 2.03 1.92 1.73 1.65 1.84 2.18 2.59 2.74 2.38 1.84 1.66 1.93 2.40 2.53 2.38 2.17 2.01 1.94 1.81 1.52 1.26 1.29 1.48 1.75 2.07 2.39 2.54 2.31 1.94 2.03 2.38 2.38 2.16 2.14 2.28 2.35 2.35 2.40 2.42 2.27 2.05 1.82 1.60 1.40 1.26 1.27 1.42 1.56 1.70 1.92 2.25 2.63 2.73 2.42 1.96 1.63 1.40 1.30 1.38 1.55 1.64 1.88 2.41 2.95 3.10 2.78 2.41 2.18
2.34 2.27 2.10 1.91 1.77 1.78 1.86 1.94 2.18 2.53 2.71 2.65 2.52 2.45 2.31 2.10 1.95 1.78 1.64 1.71 1.94 2.26 2.66 2.79 2.45 1.95 1.74 1.91 2.29 2.46 2.40 2.23 2.04 1.90 1.76 1.55 1.36 1.37 1.53 1.77 2.10 2.40 2.42 2.03 1.67 1.91 2.42 2.53 2.29 2.14 2.26 2.38 2.38 2.36 2.33 2.21 2.02 1.80 1.59 1.34 1.18 1.24 1.42 1.61 1.84 2.11 2.40 2.66 2.68 2.37 1.93 1.59 1.35 1.26 1.36 1.52 1.66 1.95 2.44 2.89 3.04 2.81 2.46 2.15
2.46 2.34 2.10 1.90 1.79 1.83 1.93 2.06 2.39 2.64 2.64 2.49 2.40 2.34 2.16 1.95 1.83 1.75 1.78 1.93 2.11 2.34 2.63 2.75 2.51 2.07 1.82 1.87 2.13 2.36 2.40 2.31 2.10 1.87 1.72 1.62 1.52 1.48 1.55 1.77 2.13 2.34 2.15 1.64 1.44 1.83 2.40 2.64 2.46 2.20 2.24 2.34 2.30 2.21 2.17 2.13 2.03 1.85 1.59 1.31 1.20 1.29 1.46 1.67 1.92 2.14 2.37 2.59 2.60 2.31 1.91 1.56 1.32 1.24 1.34 1.53 1.75 2.02 2.36 2.75 2.98 2.88 2.52 2.13
2.52 2.36 2.08 1.89 1.83 1.90 2.00 2.15 2.43 2.56 2.46 2.32 2.28 2.18 1.91 1.81 1.87 1.89 1.93 1.96 2.02 2.21 2.53 2.74 2.60 2.18 1.87 1.83 1.99 2.23 2.36 2.35 2.16 1.88 1.75 1.71 1.62 1.52 1.60 1.78 2.10 2.08 1.67 1.30 1.37 1.82 2.37 2.73 2.63 2.30 2.22 2.25 2.17 2.08 2.04 2.07 2.09 1.93 1.59 1.29 1.24 1.34 1.49 1.68 1.91 2.13 2.34 2.55 2.56 2.26 1.87 1.53 1.27 1.19 1.30 1.53 1.75 1.91 2.13 2.57 2.96 2.97 2.59 2.13
2.54 2.39 2.13 1.94 1.89 1.96 2.04 2.14 2.29 2.35 2.26 2.18 2.14 1.92 1.72 1.86 2.00 1.93 1.81 1.71 1.77 2.09 2.56 2.85 2.67 2.22 1.93 1.86 1.90 2.07 2.28 2.37 2.25 2.00 1.82 1.71 1.56 1.46 1.51 1.74 1.88 1.63 1.29 1.28 1.53 1.90 2.37 2.79 2.75 2.44 2.29 2.24 2.14 2.03 1.98 2.06 2.14 1.97 1.60 1.36 1.31 1.39 1.53 1.77 2.05 2.22 2.35 2.52 2.51 2.17 1.80 1.47 1.16 1.09 1.28 1.50 1.66 1.76 1.98 2.47 2.95 3.02 2.63 2.17
2.60 2.48 2.21 1.98 1.91 1.95 2.02 2.07 2.12 2.17 2.15 2.16 2.01 1.73 1.72 1.94 1.95 1.74 1.56 1.54 1.74 2.21 2.74 2.97 2.68 2.21 1.99 1.89 1.85 1.94 2.18 2.37 2.35 2.11 1.83 1.61 1.46 1.38 1.45 1.59 1.60 1.40 1.35 1.55 1.77 2.01 2.42 2.83 2.84 2.60 2.40 2.27 2.15 2.05 2.01 2.09 2.14 1.98 1.72 1.49 1.39 1.44 1.62 1.93 2.16 2.20 2.25 2.41 2.40 2.09 1.72 1.36 1.03 1.04 1.27 1.45 1.58 1.70 1.94 2.42 2.90 3.02 2.72 2.32
2.71 2.53 2.18 1.93 1.85 1.91 1.99 2.00 2.01 2.11 2.19 2.13 1.86 1.63 1.70 1.80 1.73 1.58 1.52 1.64 1.98 2.45 2.94 3.04 2.61 2.17 2.01 1.87 1.76 1.82 2.07 2.34 2.40 2.16 1.79 1.57 1.47 1.43 1.46 1.52 1.55 1.56 1.66 1.78 1.90 2.12 2.48 2.83 2.88 2.67 2.44 2.28 2.15 2.05 2.01 2.07 2.11 2.04 1.84 1.56 1.40 1.47 1.68 1.95 2.04 1.99 2.10 2.33 2.35 2.05 1.61 1.19 0.95 1.06 1.28 1.41 1.52 1.67 1.89 2.29 2.80 3.05 2.91 2.53
2.75 2.48 2.03 1.84 1.82 1.92 1.99 1.96 1.97 2.07 2.10 1.97 1.71 1.57 1.62 1.67 1.66 1.66 1.77 2.02 2.32 2.68 3.05 2.96 2.43 2.11 2.00 1.81 1.65 1.73 1.98 2.27 2.38 2.20 1.86 1.69 1.64 1.59 1.56 1.59 1.68 1.73 1.73 1.79 1.95 2.19 2.50 2.79 2.85 2.66 2.46 2.32 2.20 2.06 1.97 2.01 2.09 2.07 1.87 1.54 1.38 1.48 1.68 1.84 1.85 1.89 2.12 2.38 2.35 1.95 1.41 1.02 0.94 1.10 1.28 1.39 1.53 1.71 1.88 2.20 2.77 3.17 3.09 2.59
2.65 2.35 1.96 1.86 1.92 2.00 2.01 1.94 1.92 2.05 1.96 1.83 1.66 1.63 1.72 1.80 1.88 2.01 2.22 2.41 2.53 2.74 2.93 2.72 2.31 2.13 1.98 1.74 1.61 1.71 1.92 2.16 2.33 2.26 2.05 1.89 1.80 1.68 1.60 1.61 1.67 1.66 1.67 1.83 2.05 2.30 2.56 2.75 2.77 2.65 2.50 2.38 2.26 2.10 1.96 1.99 2.07 2.01 1.81 1.52 1.37 1.49 1.66 1.75 1.80 2.00 2.30 2.45 2.22 1.66 1.14 0.92 0.96 1.14 1.31 1.44 1.60 1.79 1.97 2.28 2.86 3.31 3.15 2.46
2.51 2.31 2.04 2.04 2.13 2.13 2.04 1.92 1.87 1.99 1.91 1.83 1.78 1.84 1.98 2.09 2.22 2.37 2.47 2.48 2.43 2.51 2.65 2.55 2.34 2.17 1.95 1.73 1.67 1.77 1.89 2.07 2.28 2.35 2.22 2.00 1.80 1.64 1.54 1.52 1.55 1.60 1.74 1.98 2.21 2.43 2.60 2.66 2.66 2.61 2.50 2.38 2.26 2.09 1.94 1.97 2.02 1.92 1.76 1.53 1.42 1.53 1.67 1.77 1.92 2.19 2.41 2.32 1.85 1.28 0.97 0.93 1.03 1.20 1.38 1.51 1.64 1.83 2.07 2.42 2.96 3.33 3.05 2.33
2.47 2.37 2.26 2.30 2.32 2.20 2.02 1.91 1.88 1.91 1.94 1.93 1.94 2.07 2.19 2.26 2.33 2.38 2.35 2.21 2.08 2.13 2.39 2.54 2.47 2.20 1.94 1.81 1.81 1.85 1.90 2.03 2.27 2.42 2.30 2.00 1.77 1.63 1.52 1.48 1.54 1.70 1.93 2.16 2.34 2.47 2.49 2.43 2.44 2.51 2.49 2.42 2.32 2.10 1.92 1.94 1.99 1.88 1.73 1.58 1.50 1.58 1.71 1.84 2.06 2.29 2.30 1.97 1.43 1.07 0.98 1.05 1.16 1.31 1.47 1.58 1.68 1.86 2.14 2.52 3.01 3.27 3.00 2.52
2.52 2.48 2.42 2.41 2.32 2.14 1.98 1.91 1.90 1.93 1.98 2.00 2.05 2.17 2.23 2.20 2.20 2.18 2.05 1.84 1.72 1.87 2.28 2.67 2.63 2.27 1.99 1.92 1.91 1.90 1.94 2.10 2.31 2.43 2.30 2.04 1.86 1.74 1.59 1.54 1.66 1.90 2.11 2.25 2.35 2.34 2.22 2.11 2.19 2.42 2.60 2.60 2.43 2.12 1.90 1.92 1.97 1.87 1.72 1.62 1.57 1.63 1.75 1.91 2.12 2.23 2.04 1.58 1.20 1.06 1.11 1.20 1.29 1.42 1.54 1.63 1.73 1.93 2.23 2.65 3.13 3.32 3.09 2.77
2.60 2.55 2.46 2.39 2.24 2.06 1.95 1.93 1.95 1.97 2.00 2.02 2.06 2.11 2.10 2.07 2.07 1.95 1.73 1.56 1.59 1.86 2.38 2.81 2.76 2.37 2.07 1.97 1.95 1.94 2.02 2.20 2.35 2.37 2.26 2.10 1.99 1.88 1.68 1.63 1.77 1.98 2.11 2.20 2.23 2.10 1.92 1.86 2.04 2.43 2.77 2.79 2.47 2.10 1.90 1.93 1.98 1.86 1.70 1.60 1.60 1.68 1.79 1.92 2.10 2.09 1.73 1.31 1.14 1.15 1.23 1.30 1.38 1.50 1.57 1.65 1.81 2.06 2.43 2.90 3.35 3.42 3.10 2.71
2.67 2.60 2.50 2.42 2.25 2.04 1.94 1.98 2.04 2.01 1.97 1.97 1.98 1.98 2.01 2.04 1.97 1.73 1.54 1.57 1.76 2.06 2.54 2.89 2.84 2.47 2.13 2.00 1.97 1.98 2.09 2.23 2.30 2.27 2.21 2.16 2.11 2.00 1.78 1.70 1.78 1.89 2.01 2.13 2.07 1.85 1.71 1.76 2.04 2.55 2.95 2.89 2.48 2.10 1.93 1.96 1.98 1.84 1.64 1.55 1.59 1.69 1.78 1.88 2.02 1.93 1.51 1.21 1.20 1.26 1.31 1.35 1.44 1.54 1.61 1.74 1.94 2.23 2.67 3.15 3.46 3.35 2.88 2.48
2.80 2.71 2.57 2.44 2.23 2.00 1.91 2.00 2.06 1.94 1.85 1.89 1.93 1.96 2.02 2.02 1.83 1.58 1.58 1.79 1.98 2.21 2.62 2.90 2.86 2.56 2.20 2.03 2.00 2.04 2.13 2.22 2.23 2.19 2.24 2.28 2.22 2.06 1.86 1.75 1.74 1.80 1.98 2.06 1.87 1.65 1.64 1.78 2.15 2.75 3.09 2.91 2.45 2.11 1.96 1.96 1.97 1.80 1.59 1.54 1.59 1.84 1.75 1.83 1.93 1.79 1.41 1.24 1.30 1.34 1.35 1.40 1.50 1.60 1.71 1.89 2.14 2.49 2.95 3.30 3.34 3.04 2.61 2.31
2.98 2.84 2.57 2.35 2.14 1.94 1.86 1.94 1.97 1.81 1.73 1.83 1.97 2.04 2.03 1.91 1.70 1.60 1.74 1.91 2.00 2.21 2.64 2.91 2.85 2.60 2.25 2.03 2.01 2.08 2.16 2.21 2.20 2.23 2.35 2.37 2.24 2.05 1.87 1.74 1.67 1.72 1.87 1.87 1.64 1.56 1.67 1.86 2.32 2.94 3.16 2.85 2.38 2.09 1.96 1.96 1.95 1.77 1.58 1.57 1.64 1.69 1.75 1.81 1.87 1.71 1.39 1.30 1.37 1.37 1.36 1.45 1.60 1.73 1.89 2.09 2.42 2.86 3.22 3.28 3.05 2.74 2.45 2.20
3.15 2.89 2.46 2.21 2.04 1.86 1.76 1.81 1.87 1.76 1.73 1.91 2.11 2.15 1.98 1.78 1.68 1.69 1.76 1.84 1.95 2.22 2.69 2.92 2.82 2.60 2.27 2.03 2.01 2.09 2.17 2.20 2.21 2.28 2.39 2.34 2.15 1.96 1.77 1.58 1.47 1.52 1.63 1.64 1.55 1.60 1.73 1.94 2.52 3.13 3.16 2.69 2.26 2.06 1.97 1.96 1.92 1.75 1.60 1.64 1.71 1.72 1.74 1.80 1.83 1.65 1.40 1.35 1.39 1.38 1.41 1.57 1.77 1.96 2.14 2.39 2.77 3.17 3.30 3.03 2.67 2.53 2.37 2.14
3.18 2.84 2.29 2.06 1.94 1.76 1.68 1.77 1.87 1.86 1.91 2.11 2.27 2.18 1.88 1.68 1.66 1.67 1.65 1.76 1.98 2.31 2.75 2.91 2.77 2.57 2.29 2.06 2.02 2.08 2.14 2.15 2.16 2.23 2.29 2.19 2.00 1.81 1.57 1.31 1.22 1.33 1.48 1.57 1.63 1.72 1.80 2.09 2.78 3.26 3.05 2.47 2.13 2.05 1.99 1.96 1.91 1.76 1.67 1.75 1.78 1.71 1.71 1.77 1.78 1.62 1.43 1.40 1.42 1.43 1.53 1.77 2.05 2.28 2.48 2.72 3.05 3.30 3.16 2.66 2.38 2.43 2.36 2.20
3.05 2.67 2.14 1.99 1.92 1.81 1.79 1.86 1.94 1.99 2.08 2.22 2.23 1.99 1.68 1.56 1.59 1.60 1.63 1.84 2.11 2.41 2.78 2.89 2.73 2.54 2.32 2.12 2.05 2.08 2.10 2.07 2.05 2.11 2.15 2.02 1.81 1.63 1.37 1.16 1.16 1.32 1.51 1.68 1.83 1.89 1.98 2.39 3.04 3.25 2.83 2.27 2.05 2.04 2.02 1.99 1.94 1.85 1.84 1.90 1.83 1.69 1.66 1.73 1.76 1.64 1.48 1.45 1.47 1.54 1.75 2.05 2.37 2.58 2.70 2.86 3.07 3.16 2.89 2.43 2.30 2.42 2.38 2.34
2.79 2.51 2.15 2.08 2.06 2.04 2.02 2.00 2.01 2.05 2.12 2.15 2.01 1.71 1.49 1.45 1.53 1.60 1.74 2.01 2.24 2.50 2.80 2.87 2.71 2.53 2.35 2.20 2.13 2.12 2.09 2.01 2.00 2.03 2.01 1.85 1.62 1.45 1.27 1.20 1.30 1.47 1.69 1.91 2.05 2.10 2.26 2.69 3.13 3.11 2.61 2.15 1.98 2.00 2.06 2.06 2.04 2.02 2.00 1.93 1.74 1.58 1.59 1.71 1.78 1.69 1.52 1.49 1.54 1.70 2.01 2.33 2.56 2.64 2.65 2.74 2.88 2.92 2.70 2.37 2.30 2.37 2.37 2.50
2.54 2.47 2.39 2.35 2.32 2.28 2.18 2.09 2.07 2.08 2.08 2.02 1.79 1.53 1.40 1.43 1.54 1.66 1.87 2.14 2.33 2.56 2.79 2.81 2.67 2.52 2.39 2.26 2.18 2.15 2.07 1.97 1.94 1.92 1.84 1.66 1.47 1.36 1.31 1.35 1.50 1.73 1.97 2.14 2.20 2.24 2.41 2.76 3.05 2.89 2.43 2.05 1.87 1.93 2.09 2.15 2.15 2.11 1.97 1.73 1.50 1.43 1.55 1.71 1.79 1.69 1.53 1.52 1.62 1.85 2.19 2.42 2.49 2.45 2.40 2.47 2.68 2.84 2.69 2.37 2.21 2.21 2.33 2.59
2.50 2.59 2.69 2.62 2.50 2.35 2.20 2.16 2.15 2.09 2.00 1.86 1.65 1.46 1.41 1.49 1.60 1.76 2.02 2.26 2.41 2.60 2.72 2.70 2.62 2.54 2.43 2.29 2.19 2.13 2.03 1.89 1.81 1.76 1.66 1.53 1.41 1.38 1.42 1.54 1.79 2.08 2.26 2.29 2.25 2.24 2.38 2.70 2.91 2.71 2.30 1.92 1.71 1.86 2.15 2.26 2.23 2.09 1.80 1.51 1.38 1.42 1.58 1.75 1.77 1.64 1.51 1.53 1.66 1.92 2.22 2.29 2.23 2.19 2.17 2.28 2.63 2.92 2.80 2.38 2.09 2.10 2.28 2.55
2.62 2.73 2.82 2.69 2.45 2.26 2.22 2.24 2.18 2.03 1.87 1.74 1.60 1.49 1.49 1.59 1.72 1.92 2.18 2.35 2.43 2.51 2.55 2.58 2.60 2.59 2.47 2.28 2.15 2.09 1.98 1.79 1.68 1.60 1.53 1.47 1.45 1.48 1.59 1.83 2.18 2.41 2.41 2.28 2.17 2.15 2.32 2.65 2.80 2.57 2.16 1.77 1.61 1.87 2.23 2.35 2.24 1.98 1.65 1.44 1.41 1.50 1.65 1.76 1.72 1.57 1.50 1.57 1.72 1.96 2.15 2.12 2.06 2.08 2.11 2.30 2.74 3.05 2.92 2.41 2.08 2.07 2.20 2.44
2.75 2.81 2.83 2.64 2.32 2.14 2.17 2.17 2.05 1.88 1.75 1.68 1.62 1.58 1.61 1.71 1.87 2.09 2.26 2.31 2.31 2.31 2.37 2.51 2.63 2.65 2.47 2.22 2.11 2.08 1.95 1.74 1.59 1.49 1.45 1.47 1.53 1.64 1.87 2.24 2.51 2.50 2.30 2.11 2.02 2.07 2.30 2.63 2.71 2.43 2.00 1.67 1.62 1.91 2.27 2.36 2.18 1.85 1.56 1.47 1.53 1.63 1.70 1.72 1.66 1.56 1.54 1.64 1.78 1.96 2.07 2.05 2.05 2.08 2.17 2.50 2.93 3.15 2.99 2.50 2.13 2.04 2.11 2.38
2.85 2.87 2.84 2.60 2.22 2.01 2.01 2.00 1.88 1.74 1.66 1.64 1.65 1.65 1.69 1.80 1.98 2.13 2.18 2.14 2.10 2.13 2.27 2.52 2.71 2.71 2.47 2.21 2.14 2.10 1.96 1.74 1.53 1.41 1.42 1.50 1.65 1.89 2.23 2.52 2.55 2.32 2.06 1.94 1.96 2.07 2.33 2.61 2.60 2.27 1.88 1.64 1.64 1.93 2.28 2.33 2.11 1.81 1.58 1.60 1.74 1.76 1.72 1.70 1.67 1.61 1.62 1.71 1.80 1.89 2.00 2.06 2.04 2.04 2.28 2.76 3.13 3.20 2.98 2.54 2.13 1.97 2.04 2.42
2.92 2.93 2.82 2.50 2.10 1.87 1.85 1.86 1.80 1.68 1.59 1.60 1.63 1.65 1.71 1.82 1.95 2.00 1.95 1.92 1.93 2.02 2.28 2.63 2.82 2.74 2.48 2.29 2.20 2.09 1.94 1.72 1.46 1.36 1.43 1.56 1.78 2.11 2.40 2.52 2.39 2.11 1.92 1.94 2.03 2.14 2.36 2.56 2.47 2.12 1.79 1.58 1.62 1.96 2.29 2.31 2.10 1.84 1.67 1.78 1.93 1.85 1.74 1.73 1.72 1.68 1.70 1.76 1.81 1.88 2.02 2.09 1.99 2.05 2.54 3.11 3.32 3.17 2.87 2.48 2.09 1.92 2.03 2.47
2.91 2.87 2.69 2.31 1.94 1.75 1.78 1.83 1.79 1.69 1.61 1.61 1.62 1.64 1.71 1.79 1.83 1.80 1.79 1.85 1.91 2.07 2.44 2.82 2.91 2.73 2.50 2.35 2.17 1.96 1.86 1.67 1.40 1.36 1.48 1.62 1.86 2.18 2.40 2.47 2.32 2.04 1.94 2.03 2.10 2.16 2.32 2.46 2.33 1.99 1.64 1.49 1.67 2.07 2.34 2.31 2.09 1.86 1.79 1.92 2.01 1.90 1.79 1.78 1.78 1.76 1.78 1.83 1.89 2.00 2.10 2.07 2.02 2.30 2.95 3.39 3.32 2.96 2.67 2.41 2.10 1.93 2.03 2.41
2.71 2.66 2.52 2.22 1.90 1.81 1.87 1.90 1.84 1.78 1.74 1.66 1.61 1.64 1.71 1.75 1.75 1.77 1.88 2.00 2.07 2.27 2.66 2.94 2.91 2.67 2.48 2.31 1.99 1.77 1.76 1.61 1.38 1.39 1.54 1.68 1.90 2.20 2.43 2.52 2.35 2.05 1.97 2.06 2.08 2.09 2.24 2.36 2.21 1.81 1.45 1.48 1.86 2.23 2.37 2.27 2.05 1.89 1.89 1.96 2.01 1.96 1.89 1.88 1.86 1.83 1.84 1.90 1.98 2.05 2.03 2.00 2.17 2.68 3.27 3.41 3.06 2.65 2.46 2.36 2.16 1.94 1.96 2.26
2.30 2.38 2.45 2.33 2.11 2.04 2.04 1.99 1.90 1.88 1.83 1.68 1.60 1.66 1.73 1.76 1.81 1.92 2.05 2.08 2.11 2.35 2.73 2.95 2.84 2.57 2.38 2.16 1.81 1.65 1.69 1.57 1.40 1.46 1.61 1.75 1.99 2.30 2.53 2.56 2.35 2.06 1.97 2.01 1.99 2.01 2.19 2.28 2.06 1.58 1.35 1.64 2.10 2.34 2.34 2.21 2.03 1.93 1.93 1.96 2.01 2.05 2.03 1.96 1.87 1.83 1.85 1.91 1.95 1.92 1.89 2.05 2.47 3.01 3.33 3.19 2.74 2.40 2.31 2.32 2.18 1.91 1.84 2.05
1.93 2.13 2.43 2.48 2.34 2.22 2.14 2.06 1.98 1.94 1.82 1.65 1.60 1.69 1.77 1.82 1.92 2.00 1.97 1.91 2.02 2.36 2.76 2.95 2.79 2.44 2.18 1.97 1.74 1.67 1.69 1.60 1.50 1.57 1.70 1.86 2.11 2.40 2.56 2.50 2.27 2.04 1.95 1.93 1.89 1.97 2.18 2.20 1.86 1.44 1.45 1.90 2.27 2.36 2.29 2.14 2.01 1.93 1.91 1.96 2.04 2.12 2.10 1.94 1.79 1.76 1.81 1.87 1.88 1.85 1.95 2.32 2.77 3.05 3.11 2.90 2.55 2.30 2.23 2.24 2.14 1.90 1.74 1.79
1.75 1.98 2.37 2.55 2.50 2.35 2.26 2.18 2.11 1.97 1.79 1.66 1.66 1.74 1.82 1.90 1.97 1.93 1.81 1.83 2.11 2.51 2.88 2.99 2.70 2.27 1.99 1.88 1.84 1.82 1.78 1.68 1.63 1.67 1.79 1.96 2.17 2.38 2.47 2.37 2.19 2.04 1.94 1.87 1.86 1.99 2.16 2.09 1.70 1.43 1.64 2.10 2.35 2.35 2.23 2.10 1.98 1.88 1.87 1.97 2.09 2.14 2.10 1.91 1.72 1.70 1.78 1.87 1.91 1.95 2.16 2.53 2.74 2.80 2.84 2.73 2.50 2.30 2.20 2.17 2.12 1.94 1.71 1.61
1.65 1.84 2.26 2.61 2.68 2.55 2.40 2.23 2.03 1.82 1.70 1.71 1.75 1.79 1.85 1.92 1.93 1.85 1.85 2.06 2.37 2.68 2.94 2.93 2.55 2.13 1.93 1.94 2.01 2.00 1.88 1.73 1.70 1.75 1.84 1.95 2.10 2.29 2.36 2.27 2.15 2.06 1.97 1.91 1.91 1.99 2.09 1.97 1.61 1.48 1.82 2.25 2.39 2.34 2.21 2.08 1.94 1.82 1.84 2.01 2.13 2.13 2.04 1.88 1.69 1.69 1.81 1.92 1.99 2.07 2.25 2.41 2.43 2.57 2.77 2.71 2.49 2.33 2.20 2.10 2.07 1.96 1.66 1.50
