project/data/elevation/US_DEM2016/US_DEM2016_point_10-28-2019_2259_30m_vel.asc
ncols	125
nrows	167
xllcorner	-2042055.000000
yllcorner	1465035.000000
cellsize	30.000000
NODATA_value	-9999.000000
[rows 0 to 37 of 167, columns 0 to 83 of 125]
1.32 1.18 1.06 1.16 1.38 1.66 1.93 2.10 2.15 2.18 2.26 2.40 2.46 2.33 2.22 2.23 2.25 2.21 2.07 1.95 1.90 1.93 2.02 2.11 2.17 2.18 2.12 1.91 1.60 1.31 1.08 0.94 0.87 0.79 0.70 0.66 0.73 0.91 1.09 1.19 1.24 1.28 1.31 1.32 1.28 1.18 1.09 1.09 1.22 1.41 1.60 1.78 1.92 2.06 2.10 2.11 2.08 1.90 1.73 1.61 1.53 1.50 1.54 1.68 1.76 1.79 1.76 1.66 1.46 1.33 1.31 1.35 1.41 1.47 1.51 1.54 1.56 1.64 1.77 1.85 1.92 1.93 1.79 1.72
1.32 1.18 1.06 1.16 1.38 1.66 1.93 2.10 2.15 2.18 2.26 2.40 2.46 2.33 2.22 2.23 2.25 2.21 2.07 1.95 1.90 1.93 2.02 2.11 2.17 2.18 2.12 1.91 1.60 1.31 1.08 0.94 0.87 0.79 0.70 0.66 0.73 0.91 1.09 1.19 1.24 1.28 1.31 1.32 1.28 1.18 1.09 1.09 1.22 1.41 1.60 1.78 1.92 2.06 2.10 2.11 2.08 1.90 1.73 1.61 1.53 1.50 1.54 1.68 1.76 1.79 1.76 1.66 1.46 1.33 1.31 1.35 1.41 1.47 1.51 1.54 1.56 1.64 1.77 1.85 1.92 1.93 1.79 1.72
1.29 1.19 1.12 1.20 1.34 1.57 1.79 1.93 1.99 2.01 2.07 2.20 2.24 2.18 2.09 2.09 2.12 2.12 2.03 1.90 1.87 1.90 1.95 1.99 2.01 1.99 1.88 1.66 1.42 1.21 1.06 0.96 0.89 0.83 0.77 0.73 0.77 0.87 0.99 1.08 1.12 1.16 1.20 1.26 1.31 1.32 1.30 1.30 1.38 1.50 1.63 1.74 1.82 1.89 1.92 1.93 1.93 1.89 1.77 1.63 1.51 1.44 1.48 1.56 1.61 1.63 1.64 1.63 1.60 1.53 1.48 1.47 1.46 1.44 1.43 1.43 1.46 1.56 1.65 1.68 1.70 1.73 1.72 1.74
1.38 1.29 1.27 1.31 1.37 1.47 1.59 1.63 1.63 1.64 1.70 1.78 1.83 1.80 1.77 1.77 1.80 1.86 1.86 1.82 1.83 1.86 1.83 1.76 1.71 1.63 1.51 1.37 1.23 1.15 1.10 1.05 1.02 1.01 0.99 0.96 0.93 0.92 0.91 0.95 1.06 1.16 1.24 1.32 1.43 1.51 1.57 1.59 1.60 1.63 1.66 1.65 1.64 1.60 1.59 1.54 1.54 1.61 1.66 1.65 1.59 1.53 1.47 1.41 1.33 1.31 1.35 1.47 1.58 1.63 1.63 1.58 1.49 1.39 1.31 1.29 1.32 1.39 1.41 1.35 1.35 1.48 1.63 1.73
1.46 1.39 1.39 1.41 1.43 1.46 1.47 1.47 1.41 1.37 1.38 1.44 1.52 1.51 1.49 1.49 1.52 1.59 1.69 1.79 1.86 1.82 1.72 1.58 1.45 1.35 1.31 1.29 1.26 1.25 1.25 1.24 1.26 1.27 1.25 1.21 1.15 1.10 1.04 1.05 1.16 1.29 1.41 1.51 1.55 1.58 1.62 1.67 1.70 1.70 1.68 1.61 1.54 1.44 1.35 1.19 1.11 1.14 1.28 1.45 1.55 1.57 1.51 1.36 1.21 1.11 1.08 1.13 1.23 1.31 1.35 1.34 1.30 1.24 1.21 1.21 1.24 1.25 1.23 1.18 1.22 1.39 1.57 1.62
1.45 1.42 1.44 1.48 1.47 1.46 1.43 1.35 1.29 1.25 1.20 1.22 1.32 1.39 1.42 1.45 1.49 1.52 1.63 1.75 1.80 1.71 1.56 1.39 1.25 1.21 1.25 1.30 1.34 1.39 1.42 1.46 1.47 1.44 1.38 1.33 1.29 1.25 1.21 1.19 1.20 1.24 1.34 1.48 1.54 1.56 1.59 1.65 1.69 1.69 1.66 1.61 1.55 1.40 1.22 1.08 1.03 1.06 1.12 1.19 1.27 1.34 1.34 1.24 1.12 1.04 0.99 0.96 0.95 0.95 0.97 0.98 1.00 1.03 1.08 1.13 1.16 1.17 1.17 1.18 1.22 1.34 1.44 1.41
1.48 1.49 1.52 1.55 1.53 1.47 1.38 1.26 1.18 1.15 1.11 1.10 1.19 1.34 1.45 1.48 1.55 1.59 1.59 1.60 1.60 1.51 1.38 1.26 1.20 1.21 1.25 1.31 1.37 1.44 1.52 1.56 1.54 1.50 1.45 1.43 1.42 1.40 1.34 1.27 1.21 1.18 1.21 1.30 1.37 1.37 1.39 1.45 1.52 1.56 1.58 1.58 1.55 1.50 1.43 1.35 1.37 1.37 1.32 1.23 1.14 1.08 1.07 1.06 1.05 1.03 1.01 0.99 0.96 0.92 0.89 0.89 0.93 0.99 1.04 1.08 1.09 1.11 1.16 1.21 1.24 1.30 1.32 1.22
1.51 1.56 1.64 1.64 1.59 1.45 1.31 1.18 1.13 1.14 1.10 1.05 1.13 1.31 1.44 1.43 1.47 1.53 1.47 1.40 1.36 1.31 1.25 1.22 1.22 1.25 1.29 1.33 1.37 1.44 1.52 1.56 1.57 1.59 1.63 1.69 1.70 1.66 1.58 1.48 1.35 1.25 1.19 1.15 1.12 1.12 1.14 1.21 1.34 1.48 1.54 1.56 1.57 1.63 1.68 1.70 1.66 1.58 1.46 1.30 1.13 1.00 0.97 1.00 1.03 1.04 1.04 1.05 1.05 1.02 0.98 0.98 1.00 1.04 1.07 1.09 1.09 1.12 1.18 1.21 1.23 1.25 1.22 1.11
1.59 1.65 1.75 1.72 1.63 1.48 1.32 1.23 1.24 1.23 1.17 1.13 1.19 1.31 1.35 1.30 1.29 1.33 1.31 1.26 1.25 1.20 1.14 1.14 1.17 1.23 1.33 1.41 1.45 1.47 1.53 1.60 1.69 1.83 1.97 2.05 2.06 1.99 1.91 1.80 1.65 1.48 1.33 1.20 1.12 1.11 1.20 1.31 1.47 1.56 1.55 1.47 1.43 1.47 1.54 1.57 1.52 1.41 1.28 1.16 1.08 1.04 1.04 1.07 1.09 1.11 1.13 1.14 1.12 1.07 1.04 1.03 1.06 1.10 1.15 1.20 1.24 1.30 1.32 1.29 1.25 1.23 1.18 1.24
1.62 1.71 1.78 1.75 1.65 1.55 1.43 1.40 1.45 1.46 1.39 1.32 1.32 1.33 1.28 1.17 1.11 1.16 1.23 1.25 1.26 1.17 1.07 1.07 1.13 1.23 1.34 1.44 1.51 1.57 1.65 1.74 1.88 2.02 2.10 2.12 2.09 2.06 2.04 2.00 1.92 1.79 1.63 1.49 1.36 1.35 1.40 1.52 1.62 1.62 1.52 1.31 1.18 1.07 1.06 1.11 1.12 1.08 1.03 1.01 1.03 1.06 1.08 1.11 1.19 1.25 1.30 1.30 1.20 1.08 1.06 1.10 1.19 1.29 1.37 1.44 1.52 1.60 1.61 1.55 1.46 1.40 1.37 1.34
1.66 1.66 1.72 1.74 1.70 1.67 1.66 1.72 1.77 1.74 1.67 1.58 1.48 1.36 1.24 1.09 1.02 1.12 1.27 1.36 1.35 1.25 1.15 1.15 1.21 1.29 1.35 1.42 1.55 1.71 1.82 1.90 1.95 1.94 1.86 1.75 1.74 1.82 1.91 1.98 2.00 1.96 1.85 1.71 1.57 1.50 1.49 1.57 1.64 1.59 1.42 1.21 1.04 0.91 0.83 0.80 0.81 0.86 0.93 0.99 1.04 1.08 1.12 1.18 1.29 1.41 1.47 1.42 1.30 1.16 1.16 1.27 1.41 1.54 1.63 1.71 1.78 1.80 1.77 1.71 1.66 1.62 1.58 1.52
1.64 1.55 1.57 1.72 1.82 1.89 1.96 2.02 2.06 1.99 1.90 1.81 1.68 1.48 1.28 1.15 1.11 1.21 1.36 1.44 1.42 1.34 1.28 1.28 1.33 1.40 1.46 1.56 1.70 1.83 1.86 1.85 1.76 1.60 1.43 1.33 1.38 1.51 1.62 1.71 1.80 1.87 1.89 1.84 1.73 1.61 1.56 1.60 1.59 1.48 1.27 1.16 1.08 0.96 0.84 0.74 0.74 0.83 0.95 1.03 1.09 1.16 1.24 1.32 1.42 1.49 1.52 1.48 1.41 1.35 1.34 1.44 1.56 1.68 1.76 1.80 1.77 1.67 1.51 1.42 1.39 1.39 1.38 1.37
1.50 1.41 1.40 1.60 1.81 1.95 2.04 2.06 2.06 2.03 1.98 1.92 1.83 1.65 1.47 1.36 1.31 1.32 1.37 1.39 1.36 1.32 1.29 1.32 1.39 1.47 1.57 1.65 1.70 1.68 1.61 1.49 1.30 1.12 1.04 1.10 1.20 1.24 1.24 1.32 1.44 1.58 1.71 1.81 1.80 1.72 1.66 1.63 1.51 1.28 1.10 1.02 0.94 0.85 0.79 0.79 0.84 0.93 1.03 1.13 1.21 1.31 1.39 1.45 1.49 1.49 1.49 1.50 1.52 1.52 1.53 1.59 1.69 1.75 1.73 1.61 1.42 1.18 0.98 0.89 0.89 0.93 1.00 1.06
1.51 1.47 1.44 1.48 1.58 1.70 1.75 1.76 1.74 1.74 1.77 1.79 1.81 1.77 1.68 1.58 1.48 1.39 1.31 1.24 1.18 1.17 1.20 1.27 1.34 1.38 1.42 1.41 1.32 1.20 1.08 0.93 0.80 0.73 0.78 0.91 0.96 0.91 0.91 0.98 1.08 1.21 1.34 1.49 1.62 1.68 1.68 1.62 1.48 1.23 1.02 0.85 0.73 0.72 0.80 0.89 0.97 1.04 1.13 1.25 1.35 1.43 1.49 1.52 1.54 1.55 1.56 1.59 1.63 1.64 1.67 1.74 1.77 1.68 1.48 1.21 0.96 0.83 0.79 0.83 0.90 0.96 1.01 1.03
1.60 1.63 1.55 1.44 1.33 1.29 1.26 1.21 1.18 1.22 1.32 1.43 1.53 1.62 1.66 1.64 1.56 1.43 1.28 1.12 1.00 1.03 1.11 1.17 1.17 1.13 1.07 0.98 0.87 0.78 0.71 0.68 0.71 0.76 0.80 0.80 0.76 0.76 0.79 0.84 0.86 0.91 0.98 1.10 1.30 1.55 1.64 1.63 1.50 1.32 1.07 0.86 0.79 0.86 1.00 1.08 1.10 1.13 1.21 1.34 1.48 1.56 1.61 1.65 1.69 1.74 1.75 1.74 1.74 1.74 1.78 1.80 1.68 1.40 1.11 0.94 0.89 0.90 0.97 1.08 1.19 1.26 1.27 1.25
1.60 1.59 1.50 1.35 1.10 0.92 0.79 0.72 0.73 0.78 0.87 0.95 1.06 1.20 1.37 1.50 1.52 1.44 1.27 1.09 0.99 1.04 1.12 1.12 1.04 0.95 0.87 0.83 0.82 0.79 0.78 0.84 0.94 1.02 1.03 0.98 0.94 0.95 0.98 1.00 1.00 1.00 1.04 1.17 1.37 1.60 1.68 1.63 1.49 1.29 1.12 1.04 1.05 1.15 1.24 1.26 1.22 1.22 1.32 1.49 1.64 1.76 1.84 1.88 1.91 1.97 1.99 1.96 1.94 1.93 1.89 1.76 1.46 1.18 1.06 1.08 1.14 1.15 1.18 1.27 1.38 1.45 1.45 1.50
1.50 1.39 1.26 1.16 0.92 0.73 0.65 0.65 0.69 0.78 0.85 0.89 0.94 1.06 1.20 1.31 1.38 1.39 1.31 1.21 1.18 1.19 1.18 1.13 1.07 1.01 0.99 1.02 1.05 1.06 1.03 1.02 1.08 1.18 1.25 1.28 1.27 1.25 1.24 1.26 1.31 1.38 1.46 1.59 1.73 1.78 1.72 1.61 1.47 1.34 1.24 1.22 1.27 1.35 1.41 1.42 1.39 1.42 1.55 1.73 1.91 2.03 2.09 2.11 2.10 2.10 2.12 2.13 2.14 2.08 1.95 1.73 1.42 1.31 1.35 1.42 1.43 1.39 1.38 1.44 1.52 1.59 1.66 1.75
1.47 1.36 1.18 1.03 0.92 0.87 0.91 0.99 1.10 1.22 1.30 1.33 1.35 1.36 1.34 1.26 1.25 1.32 1.35 1.36 1.34 1.28 1.20 1.15 1.14 1.16 1.18 1.21 1.24 1.26 1.26 1.21 1.19 1.26 1.37 1.46 1.50 1.50 1.48 1.51 1.61 1.71 1.81 1.88 1.89 1.76 1.59 1.49 1.45 1.41 1.36 1.35 1.41 1.50 1.55 1.55 1.58 1.65 1.81 2.00 2.12 2.16 2.14 2.12 2.09 2.06 2.04 2.05 2.09 2.07 1.99 1.91 1.77 1.75 1.83 1.88 1.86 1.79 1.75 1.75 1.76 1.80 1.86 1.92
1.51 1.44 1.26 1.09 1.07 1.19 1.36 1.51 1.64 1.74 1.81 1.83 1.81 1.71 1.53 1.35 1.27 1.29 1.35 1.38 1.37 1.30 1.23 1.21 1.23 1.26 1.28 1.30 1.34 1.40 1.45 1.46 1.46 1.47 1.52 1.61 1.71 1.75 1.77 1.81 1.87 1.93 1.94 1.87 1.70 1.45 1.25 1.23 1.34 1.41 1.47 1.51 1.59 1.66 1.67 1.64 1.69 1.82 2.00 2.10 2.10 2.02 1.92 1.87 1.87 1.89 1.91 1.90 1.89 1.91 2.00 2.10 2.21 2.25 2.29 2.36 2.39 2.37 2.32 2.24 2.15 2.07 2.02 1.95
1.44 1.33 1.16 1.10 1.25 1.48 1.72 1.90 2.03 2.07 2.05 2.01 1.94 1.81 1.67 1.52 1.41 1.36 1.37 1.38 1.37 1.35 1.33 1.34 1.34 1.35 1.37 1.40 1.44 1.50 1.60 1.71 1.80 1.85 1.88 1.92 1.95 1.95 1.99 2.03 2.02 1.95 1.81 1.60 1.35 1.10 0.98 1.04 1.26 1.44 1.59 1.69 1.76 1.77 1.73 1.69 1.79 1.95 2.01 1.99 1.86 1.70 1.59 1.54 1.56 1.64 1.71 1.74 1.72 1.73 1.86 2.06 2.24 2.33 2.39 2.50 2.57 2.58 2.53 2.46 2.35 2.24 2.08 1.89
1.25 1.14 1.07 1.19 1.49 1.79 1.97 2.06 2.09 2.04 1.96 1.89 1.83 1.76 1.71 1.64 1.54 1.44 1.42 1.42 1.42 1.45 1.49 1.52 1.53 1.51 1.53 1.56 1.60 1.66 1.78 1.94 2.07 2.16 2.19 2.15 2.07 2.03 2.02 1.99 1.89 1.70 1.45 1.22 1.05 0.98 1.00 1.15 1.39 1.60 1.79 1.92 1.95 1.90 1.82 1.83 1.92 1.94 1.90 1.74 1.54 1.37 1.25 1.18 1.19 1.24 1.30 1.36 1.41 1.47 1.55 1.70 1.87 1.98 2.06 2.15 2.23 2.25 2.25 2.25 2.22 2.16 2.06 1.88
1.36 1.31 1.36 1.59 1.86 2.03 2.05 2.00 1.92 1.79 1.71 1.66 1.62 1.61 1.62 1.60 1.55 1.48 1.47 1.50 1.57 1.66 1.74 1.78 1.80 1.79 1.81 1.83 1.87 1.94 2.05 2.15 2.18 2.17 2.12 2.02 1.94 1.87 1.79 1.67 1.49 1.28 1.08 0.94 0.94 1.05 1.23 1.44 1.62 1.80 1.94 2.00 2.00 2.00 1.95 1.94 1.93 1.85 1.68 1.44 1.22 1.05 0.88 0.80 0.80 0.78 0.77 0.83 0.96 1.08 1.23 1.32 1.37 1.40 1.44 1.50 1.53 1.57 1.62 1.68 1.81 1.94 2.00 1.99
1.59 1.69 1.89 2.03 2.10 2.08 1.95 1.79 1.65 1.56 1.52 1.49 1.45 1.44 1.45 1.47 1.48 1.49 1.53 1.60 1.72 1.84 1.92 1.97 1.98 2.01 2.04 2.08 2.13 2.19 2.22 2.17 2.04 1.88 1.72 1.62 1.62 1.56 1.41 1.22 1.04 0.92 0.88 0.94 1.08 1.25 1.44 1.62 1.78 1.92 1.94 1.93 1.91 1.94 1.97 1.94 1.84 1.67 1.43 1.19 0.97 0.77 0.63 0.60 0.62 0.60 0.60 0.65 0.77 0.91 1.03 1.11 1.11 1.06 1.02 1.03 1.09 1.19 1.28 1.36 1.48 1.66 1.85 1.95
1.72 1.87 2.06 2.10 2.06 1.94 1.76 1.62 1.48 1.43 1.42 1.39 1.35 1.33 1.32 1.36 1.42 1.49 1.56 1.60 1.65 1.70 1.77 1.86 1.93 2.00 2.08 2.14 2.17 2.16 2.08 1.89 1.63 1.43 1.31 1.30 1.28 1.16 0.98 0.87 0.81 0.82 0.93 1.12 1.28 1.43 1.59 1.73 1.85 1.87 1.79 1.70 1.68 1.72 1.78 1.78 1.69 1.53 1.31 1.10 0.91 0.74 0.67 0.69 0.71 0.72 0.77 0.88 0.96 0.99 1.00 1.02 0.99 0.90 0.83 0.84 0.96 1.10 1.17 1.22 1.31 1.41 1.57 1.71
1.77 1.84 1.92 1.92 1.84 1.70 1.56 1.47 1.40 1.37 1.35 1.30 1.27 1.25 1.26 1.31 1.40 1.49 1.52 1.49 1.43 1.40 1.44 1.55 1.72 1.85 1.95 1.99 1.96 1.85 1.66 1.42 1.18 1.03 0.99 0.98 0.89 0.77 0.73 0.76 0.86 1.01 1.18 1.33 1.47 1.63 1.74 1.83 1.84 1.75 1.63 1.56 1.55 1.56 1.58 1.60 1.59 1.51 1.35 1.16 1.01 0.95 0.96 1.01 1.04 1.06 1.13 1.18 1.14 1.07 1.01 0.98 0.93 0.84 0.77 0.82 0.95 1.01 1.00 1.05 1.13 1.20 1.31 1.49
1.82 1.74 1.67 1.68 1.63 1.54 1.45 1.36 1.32 1.29 1.26 1.23 1.20 1.20 1.26 1.33 1.42 1.48 1.49 1.46 1.42 1.42 1.48 1.60 1.74 1.82 1.81 1.74 1.61 1.44 1.23 1.04 0.88 0.78 0.76 0.74 0.71 0.71 0.78 0.90 1.07 1.26 1.39 1.52 1.68 1.81 1.89 1.89 1.79 1.64 1.52 1.46 1.44 1.45 1.48 1.51 1.55 1.55 1.47 1.33 1.24 1.23 1.27 1.31 1.34 1.38 1.41 1.32 1.18 1.12 1.11 1.04 0.94 0.87 0.84 0.88 0.93 0.91 0.87 0.94 1.01 1.05 1.15 1.34
1.83 1.70 1.54 1.52 1.52 1.53 1.52 1.44 1.37 1.33 1.29 1.27 1.26 1.28 1.33 1.43 1.48 1.54 1.58 1.60 1.65 1.74 1.84 1.91 1.90 1.80 1.63 1.44 1.27 1.11 0.95 0.84 0.80 0.82 0.83 0.83 0.87 0.96 1.05 1.12 1.24 1.37 1.52 1.69 1.84 1.95 1.95 1.87 1.72 1.55 1.41 1.32 1.31 1.37 1.45 1.51 1.54 1.58 1.61 1.60 1.58 1.60 1.65 1.67 1.69 1.66 1.58 1.47 1.38 1.36 1.29 1.15 1.02 0.99 0.98 0.96 0.94 0.92 0.93 0.98 1.01 1.03 1.09 1.21
1.83 1.70 1.51 1.47 1.48 1.53 1.61 1.61 1.56 1.53 1.52 1.48 1.49 1.51 1.53 1.53 1.55 1.61 1.69 1.78 1.87 1.94 1.96 1.90 1.77 1.57 1.35 1.15 0.98 0.87 0.83 0.85 0.93 1.04 1.10 1.12 1.15 1.20 1.27 1.31 1.36 1.44 1.62 1.79 1.93 1.98 1.92 1.78 1.64 1.49 1.34 1.26 1.29 1.37 1.44 1.47 1.49 1.59 1.70 1.80 1.91 2.01 2.10 2.15 2.10 1.99 1.86 1.75 1.72 1.65 1.45 1.24 1.16 1.19 1.17 1.08 1.04 1.06 1.09 1.09 1.08 1.06 1.08 1.12
1.77 1.63 1.46 1.42 1.42 1.49 1.58 1.65 1.65 1.64 1.64 1.61 1.62 1.64 1.66 1.62 1.58 1.60 1.69 1.80 1.85 1.82 1.71 1.53 1.35 1.18 1.03 0.89 0.81 0.81 0.89 1.07 1.20 1.26 1.31 1.35 1.37 1.39 1.44 1.45 1.48 1.56 1.73 1.87 1.95 1.91 1.79 1.66 1.58 1.52 1.44 1.37 1.36 1.40 1.39 1.37 1.46 1.62 1.76 1.92 2.07 2.20 2.28 2.31 2.34 2.29 2.20 2.11 1.99 1.82 1.62 1.45 1.42 1.41 1.34 1.27 1.28 1.33 1.33 1.26 1.17 1.11 1.08 1.07
1.71 1.62 1.49 1.42 1.41 1.42 1.49 1.58 1.63 1.61 1.56 1.50 1.49 1.51 1.55 1.57 1.53 1.55 1.62 1.66 1.59 1.45 1.26 1.08 0.93 0.82 0.73 0.71 0.77 0.90 1.13 1.32 1.41 1.44 1.47 1.50 1.55 1.57 1.57 1.58 1.63 1.72 1.81 1.88 1.85 1.73 1.59 1.53 1.56 1.60 1.61 1.59 1.52 1.49 1.45 1.45 1.55 1.70 1.80 1.95 2.04 2.12 2.15 2.15 2.22 2.27 2.28 2.29 2.22 2.09 1.99 1.92 1.84 1.70 1.56 1.53 1.59 1.64 1.57 1.42 1.25 1.13 1.04 1.02
1.77 1.73 1.62 1.52 1.48 1.44 1.44 1.51 1.59 1.61 1.55 1.46 1.42 1.39 1.40 1.50 1.46 1.52 1.55 1.44 1.23 1.01 0.83 0.69 0.58 0.51 0.50 0.57 0.76 1.06 1.31 1.42 1.49 1.54 1.58 1.61 1.64 1.63 1.62 1.64 1.72 1.79 1.84 1.82 1.70 1.51 1.42 1.43 1.50 1.62 1.68 1.69 1.68 1.63 1.60 1.60 1.61 1.70 1.78 1.89 1.88 1.81 1.73 1.72 1.81 1.95 2.09 2.22 2.33 2.36 2.38 2.34 2.22 2.07 1.92 1.88 1.87 1.79 1.64 1.40 1.21 1.10 1.03 0.99
1.81 1.72 1.60 1.54 1.53 1.50 1.45 1.47 1.55 1.65 1.69 1.63 1.56 1.48 1.43 1.42 1.45 1.48 1.40 1.17 0.90 0.71 0.59 0.51 0.45 0.45 0.51 0.61 0.78 0.99 1.17 1.26 1.33 1.41 1.49 1.55 1.55 1.55 1.56 1.62 1.70 1.79 1.83 1.76 1.64 1.49 1.41 1.41 1.44 1.52 1.63 1.68 1.73 1.72 1.68 1.62 1.57 1.57 1.66 1.70 1.65 1.53 1.43 1.41 1.47 1.59 1.76 1.96 2.14 2.27 2.36 2.40 2.34 2.28 2.23 2.15 1.98 1.74 1.49 1.28 1.18 1.13 1.06 0.98
1.70 1.52 1.35 1.37 1.43 1.47 1.43 1.39 1.46 1.58 1.68 1.69 1.63 1.56 1.51 1.46 1.44 1.37 1.19 0.96 0.82 0.74 0.63 0.66 0.65 0.70 0.79 0.85 0.87 0.89 0.91 0.94 1.01 1.09 1.18 1.25 1.31 1.38 1.46 1.57 1.65 1.72 1.71 1.62 1.54 1.46 1.37 1.36 1.39 1.41 1.48 1.59 1.65 1.67 1.63 1.53 1.47 1.43 1.51 1.52 1.43 1.30 1.24 1.28 1.37 1.42 1.49 1.61 1.73 1.84 1.95 2.04 2.11 2.16 2.19 2.16 1.95 1.63 1.43 1.34 1.28 1.17 1.05 1.01
1.47 1.33 1.20 1.23 1.28 1.28 1.25 1.24 1.29 1.39 1.51 1.58 1.58 1.54 1.51 1.45 1.37 1.25 1.10 1.13 0.95 1.01 1.01 1.00 1.01 1.04 1.08 1.10 1.08 1.02 0.97 0.93 0.91 0.91 0.96 1.05 1.18 1.28 1.40 1.52 1.57 1.57 1.47 1.30 1.14 1.07 1.10 1.16 1.22 1.32 1.39 1.45 1.51 1.53 1.49 1.41 1.37 1.38 1.41 1.40 1.31 1.17 1.17 1.24 1.34 1.36 1.34 1.35 1.38 1.43 1.47 1.55 1.67 1.81 1.92 2.00 1.95 1.77 1.60 1.50 1.34 1.16 1.08 1.11
1.41 1.39 1.38 1.37 1.29 1.20 1.16 1.14 1.14 1.20 1.32 1.45 1.52 1.53 1.49 1.42 1.33 1.23 1.30 1.16 1.28 1.32 1.34 1.34 1.34 1.34 1.34 1.32 1.29 1.26 1.22 1.15 1.07 1.01 1.01 1.08 1.18 1.26 1.37 1.46 1.49 1.43 1.23 0.95 0.81 0.83 0.93 1.06 1.19 1.29 1.35 1.37 1.37 1.40 1.38 1.37 1.37 1.40 1.41 1.39 1.33 1.26 1.27 1.29 1.30 1.24 1.16 1.16 1.20 1.22 1.26 1.31 1.38 1.48 1.58 1.74 1.90 1.94 1.82 1.61 1.36 1.25 1.28 1.37
1.57 1.64 1.71 1.66 1.56 1.39 1.27 1.19 1.13 1.09 1.14 1.28 1.42 1.50 1.48 1.40 1.32 1.30 1.34 1.41 1.52 1.59 1.64 1.67 1.67 1.63 1.56 1.49 1.43 1.36 1.32 1.27 1.23 1.21 1.17 1.18 1.24 1.31 1.41 1.48 1.47 1.35 1.14 0.95 0.94 1.04 1.19 1.33 1.41 1.41 1.38 1.34 1.30 1.35 1.38 1.40 1.40 1.43 1.43 1.44 1.44 1.41 1.36 1.26 1.18 1.10 1.02 1.04 1.11 1.15 1.20 1.28 1.29 1.31 1.39 1.55 1.75 1.92 1.96 1.86 1.68 1.63 1.68 1.73
1.68 1.76 1.82 1.77 1.69 1.56 1.42 1.29 1.16 1.05 1.00 1.07 1.22 1.37 1.44 1.37 1.32 1.37 1.44 1.61 1.70 1.79 1.87 1.92 1.90 1.85 1.78 1.69 1.58 1.46 1.34 1.28 1.29 1.35 1.40 1.40 1.41 1.47 1.56 1.62 1.60 1.48 1.32 1.27 1.36 1.50 1.63 1.69 1.67 1.53 1.42 1.35 1.31 1.34 1.39 1.41 1.40 1.44 1.46 1.53 1.53 1.49 1.39 1.24 1.10 1.01 0.98 1.01 1.08 1.09 1.15 1.24 1.26 1.23 1.32 1.44 1.57 1.77 1.96 2.12 2.18 2.13 2.06 2.01
1.71 1.75 1.72 1.65 1.57 1.47 1.39 1.30 1.16 1.01 0.93 0.93 1.01 1.18 1.31 1.33 1.31 1.38 1.51 1.63 1.72 1.79 1.85 1.89 1.89 1.88 1.86 1.82 1.74 1.61 1.47 1.35 1.33 1.40 1.47 1.53 1.59 1.66 1.72 1.79 1.84 1.80 1.77 1.74 1.77 1.85 1.88 1.80 1.67 1.54 1.42 1.37 1.31 1.33 1.38 1.40 1.41 1.47 1.52 1.57 1.56 1.51 1.45 1.33 1.19 1.09 1.04 1.04 1.06 1.06 1.08 1.15 1.20 1.21 1.28 1.37 1.46 1.60 1.84 2.09 2.28 2.29 2.19 2.06
