project/data/elevation/US_DEM2016/US_DEM2016_point_10-30-2019_2345_30m_vel.asc
ncols	125
nrows	167
xllcorner	-2042055.000000
yllcorner	1465035.000000
cellsize	30.000000
NODATA_value	-9999.000000
[rows 0 to 36 of 167, columns 0 to 82 of 125]
7.76 7.00 6.35 7.04 8.45 10.15 11.76 12.91 13.35 13.60 14.06 14.89 15.24 14.51 13.85 13.85 13.90 13.67 12.95 12.23 11.79 11.89 12.41 12.99 13.42 13.39 12.94 11.61 9.79 8.00 6.51 5.37 4.63 4.15 3.84 3.82 4.29 5.21 6.19 6.79 7.09 7.29 7.48 7.55 7.27 6.75 6.26 6.34 7.01 8.16 9.33 10.45 11.37 12.26 12.60 12.71 12.45 11.36 10.29 9.55 9.11 9.01 9.26 9.98 10.48 10.63 10.43 9.75 8.55 7.76 7.56 7.78 8.17 8.58 8.92 9.12 9.33 9.84 10.58 11.15 11.58 11.64 10.90
7.76 7.00 6.35 7.04 8.45 10.15 11.76 12.91 13.35 13.60 14.06 14.89 15.24 14.51 13.85 13.85 13.90 13.67 12.95 12.23 11.79 11.89 12.41 12.99 13.42 13.39 12.94 11.61 9.79 8.00 6.51 5.37 4.63 4.15 3.84 3.82 4.29 5.21 6.19 6.79 7.09 7.29 7.48 7.55 7.27 6.75 6.26 6.34 7.01 8.16 9.33 10.45 11.37 12.26 12.60 12.71 12.45 11.36 10.29 9.55 9.11 9.01 9.26 9.98 10.48 10.63 10.43 9.75 8.55 7.76 7.56 7.78 8.17 8.58 8.92 9.12 9.33 9.84 10.58 11.15 11.58 11.64 10.90
7.63 7.00 6.59 7.22 8.23 9.60 10.94 11.90 12.39 12.61 13.01 13.70 13.95 13.60 13.09 13.03 13.16 13.14 12.62 11.86 11.57 11.69 12.05 12.36 12.50 12.30 11.52 10.21 8.78 7.41 6.27 5.38 4.77 4.39 4.15 4.13 4.46 5.05 5.70 6.23 6.50 6.70 6.93 7.24 7.49 7.52 7.43 7.43 7.91 8.70 9.53 10.25 10.87 11.37 11.61 11.70 11.66 11.30 10.58 9.71 9.01 8.64 8.83 9.27 9.60 9.72 9.76 9.65 9.36 8.84 8.53 8.44 8.44 8.44 8.47 8.56 8.82 9.35 9.90 10.22 10.37 10.53 10.52
8.08 7.51 7.32 7.76 8.33 8.99 9.72 10.10 10.16 10.28 10.76 11.20 11.37 11.22 11.12 11.11 11.26 11.60 11.55 11.25 11.26 11.41 11.35 11.00 10.59 10.06 9.26 8.44 7.62 6.90 6.30 5.82 5.55 5.48 5.39 5.27 5.19 5.24 5.35 5.61 6.17 6.69 7.12 7.62 8.22 8.70 9.01 9.11 9.26 9.54 9.81 9.85 9.83 9.69 9.60 9.35 9.36 9.75 9.96 9.84 9.43 8.96 8.60 8.33 7.99 7.86 8.14 8.74 9.28 9.54 9.49 9.14 8.65 8.14 7.79 7.72 7.96 8.36 8.53 8.32 8.32 9.00 9.88
8.58 8.14 8.06 8.29 8.53 8.81 8.97 8.97 8.70 8.57 8.73 9.05 9.26 9.26 9.28 9.31 9.46 9.84 10.41 10.92 11.28 11.13 10.60 9.71 8.85 8.28 8.03 7.82 7.56 7.31 7.10 7.01 7.08 7.14 7.04 6.73 6.38 6.16 6.00 6.13 6.76 7.47 8.12 8.70 9.01 9.27 9.51 9.78 9.99 10.05 9.97 9.67 9.19 8.60 8.04 7.17 6.71 6.91 7.72 8.68 9.18 9.17 8.76 7.94 7.18 6.66 6.52 6.82 7.37 7.83 8.02 7.94 7.68 7.37 7.18 7.18 7.33 7.47 7.45 7.26 7.45 8.35 9.39
8.63 8.38 8.45 8.69 8.70 8.71 8.60 8.17 7.83 7.63 7.48 7.63 8.04 8.34 8.66 8.91 9.11 9.27 9.84 10.56 10.88 10.44 9.57 8.47 7.63 7.43 7.58 7.76 7.89 8.01 8.18 8.35 8.43 8.27 7.97 7.62 7.34 7.12 6.93 6.86 7.01 7.35 7.94 8.69 9.09 9.25 9.42 9.77 9.99 10.04 9.91 9.62 9.19 8.29 7.22 6.31 6.00 6.14 6.54 7.05 7.62 8.00 7.90 7.27 6.61 6.13 5.83 5.70 5.67 5.72 5.83 5.96 6.07 6.22 6.39 6.57 6.73 6.85 6.95 7.05 7.34 7.97 8.59
8.79 8.76 8.91 9.13 8.99 8.66 8.17 7.47 7.03 6.91 6.80 6.81 7.22 7.97 8.72 9.05 9.38 9.51 9.51 9.57 9.62 9.22 8.44 7.64 7.29 7.32 7.51 7.71 7.97 8.39 8.81 9.08 9.00 8.78 8.54 8.39 8.31 8.15 7.81 7.38 7.09 7.07 7.31 7.79 8.19 8.24 8.33 8.62 9.09 9.37 9.54 9.53 9.24 8.87 8.32 7.78 7.74 7.73 7.51 7.12 6.73 6.55 6.47 6.29 6.02 5.77 5.59 5.50 5.42 5.32 5.25 5.29 5.43 5.65 5.86 6.02 6.12 6.29 6.61 6.95 7.26 7.63 7.77
8.94 9.20 9.67 9.67 9.38 8.56 7.67 6.88 6.61 6.72 6.64 6.41 6.77 7.73 8.54 8.69 8.93 9.08 8.74 8.31 8.16 7.95 7.59 7.37 7.34 7.43 7.59 7.72 7.95 8.40 8.93 9.29 9.40 9.54 9.78 10.11 10.19 9.92 9.37 8.66 7.90 7.32 7.09 6.96 6.81 6.80 6.86 7.21 8.02 8.93 9.33 9.44 9.43 9.69 9.88 9.89 9.57 9.08 8.38 7.49 6.60 5.99 5.80 5.78 5.71 5.56 5.52 5.63 5.73 5.67 5.52 5.44 5.48 5.59 5.76 5.88 5.96 6.20 6.59 6.86 7.03 7.18 7.07
9.37 9.73 10.37 10.22 9.66 8.76 7.71 7.10 7.09 7.12 6.92 6.71 6.98 7.64 8.01 7.87 7.83 7.96 7.77 7.44 7.36 7.16 6.86 6.89 7.05 7.31 7.74 8.15 8.39 8.60 9.07 9.64 10.25 11.08 11.96 12.49 12.50 12.10 11.49 10.72 9.72 8.65 7.75 7.14 6.73 6.63 7.02 7.65 8.63 9.32 9.36 8.93 8.68 8.89 9.25 9.37 9.04 8.37 7.55 6.82 6.26 5.92 5.82 5.89 5.92 5.92 6.01 6.17 6.13 5.92 5.71 5.60 5.67 5.94 6.31 6.63 6.91 7.28 7.49 7.37 7.14 6.94 6.73
9.60 10.10 10.64 10.45 9.87 9.22 8.38 8.11 8.35 8.43 8.02 7.64 7.66 7.75 7.55 7.11 6.83 6.99 7.25 7.33 7.31 6.89 6.42 6.42 6.75 7.18 7.73 8.33 8.81 9.21 9.79 10.52 11.43 12.34 12.91 13.03 12.86 12.64 12.44 12.15 11.57 10.67 9.63 8.67 7.93 7.84 8.14 8.84 9.58 9.71 9.14 7.91 7.02 6.35 6.41 6.77 6.88 6.57 6.21 5.96 5.82 5.78 5.84 6.08 6.54 6.91 7.21 7.23 6.73 6.12 5.91 6.08 6.56 7.23 7.82 8.28 8.76 9.20 9.28 8.91 8.35 7.94 7.71
9.88 9.96 10.38 10.50 10.23 9.98 9.84 10.12 10.40 10.25 9.75 9.12 8.54 7.96 7.31 6.61 6.32 6.78 7.46 7.86 7.80 7.27 6.76 6.70 6.99 7.37 7.72 8.23 9.10 10.10 10.90 11.54 11.96 11.98 11.53 10.91 10.79 11.24 11.76 12.11 12.16 11.79 11.07 10.11 9.26 8.80 8.74 9.29 9.77 9.56 8.49 7.16 6.09 5.33 4.97 4.89 5.09 5.35 5.53 5.63 5.69 5.80 6.07 6.54 7.29 8.05 8.42 8.19 7.49 6.68 6.59 7.20 8.07 8.86 9.51 10.02 10.45 10.59 10.37 9.95 9.58 9.30 9.02
9.72 9.34 9.61 10.44 11.00 11.39 11.82 12.22 12.40 11.98 11.32 10.62 9.77 8.59 7.47 6.82 6.67 7.20 7.97 8.38 8.26 7.82 7.41 7.29 7.48 7.87 8.31 8.98 9.94 10.83 11.24 11.29 10.88 9.98 8.84 8.19 8.45 9.22 9.91 10.47 10.99 11.36 11.38 10.99 10.27 9.52 9.25 9.52 9.50 8.89 7.60 6.77 6.19 5.51 4.85 4.42 4.50 4.98 5.46 5.74 5.97 6.37 6.93 7.54 8.22 8.76 8.93 8.72 8.26 7.87 7.77 8.36 9.12 9.87 10.40 10.66 10.51 9.98 9.09 8.47 8.22 8.15 8.12
9.04 8.56 8.58 9.80 11.02 11.91 12.46 12.66 12.69 12.40 11.95 11.44 10.78 9.60 8.45 7.80 7.59 7.71 8.02 8.17 8.04 7.75 7.53 7.51 7.78 8.28 8.91 9.55 9.97 10.05 9.77 9.10 8.06 6.91 6.33 6.59 7.18 7.49 7.55 8.00 8.74 9.56 10.36 10.83 10.74 10.20 9.75 9.65 9.01 7.70 6.51 5.96 5.42 4.90 4.51 4.43 4.70 5.21 5.77 6.27 6.77 7.36 7.98 8.45 8.77 8.90 8.91 9.01 9.07 9.01 9.04 9.41 10.05 10.45 10.34 9.72 8.63 7.25 6.12 5.54 5.40 5.60 5.98
9.04 8.80 8.67 9.00 9.71 10.48 10.89 10.93 10.77 10.74 10.85 10.90 10.80 10.35 9.70 9.01 8.46 8.02 7.69 7.37 7.08 6.98 7.08 7.26 7.57 7.92 8.22 8.26 7.89 7.32 6.64 5.73 4.86 4.38 4.61 5.35 5.69 5.55 5.52 5.91 6.48 7.22 8.09 8.95 9.66 9.91 9.85 9.55 8.72 7.27 6.00 4.96 4.31 4.18 4.40 4.84 5.31 5.76 6.33 7.08 7.76 8.32 8.71 8.97 9.13 9.22 9.35 9.59 9.79 9.83 9.94 10.35 10.58 10.13 8.97 7.39 5.92 5.06 4.76 4.80 5.09 5.50 5.86
9.48 9.62 9.18 8.57 8.01 7.87 7.78 7.50 7.25 7.52 8.11 8.76 9.24 9.63 9.76 9.52 8.95 8.21 7.47 6.71 6.17 6.24 6.56 6.77 6.78 6.64 6.35 5.82 5.21 4.73 4.34 4.08 4.04 4.18 4.40 4.50 4.44 4.52 4.73 4.95 5.14 5.43 5.90 6.63 7.75 9.17 9.70 9.59 8.83 7.66 6.19 4.99 4.54 4.78 5.37 5.88 6.12 6.37 6.91 7.78 8.72 9.29 9.65 9.90 10.13 10.38 10.54 10.57 10.56 10.52 10.62 10.75 10.14 8.54 6.80 5.65 5.25 5.18 5.40 5.91 6.54 7.05 7.19
9.52 9.43 8.83 7.91 6.52 5.47 4.76 4.33 4.36 4.66 5.19 5.74 6.46 7.36 8.33 8.89 8.85 8.28 7.43 6.54 6.06 6.16 6.39 6.34 6.01 5.54 5.07 4.76 4.60 4.43 4.37 4.60 5.08 5.44 5.44 5.30 5.21 5.31 5.53 5.68 5.70 5.78 6.09 6.88 8.08 9.47 9.95 9.69 8.79 7.55 6.51 5.95 5.89 6.35 6.88 7.11 7.01 7.07 7.67 8.78 9.84 10.68 11.18 11.41 11.62 11.93 12.06 12.01 11.90 11.74 11.46 10.67 8.97 7.21 6.36 6.29 6.48 6.49 6.61 7.10 7.83 8.32 8.43
8.93 8.30 7.47 6.75 5.37 4.26 3.71 3.66 3.90 4.41 4.89 5.20 5.62 6.38 7.25 7.93 8.25 8.13 7.59 7.02 6.72 6.63 6.50 6.22 5.88 5.57 5.44 5.56 5.70 5.69 5.56 5.54 5.88 6.49 6.88 7.06 7.07 7.02 7.01 7.18 7.50 7.96 8.49 9.33 10.23 10.63 10.28 9.63 8.77 7.88 7.21 7.03 7.24 7.71 8.14 8.31 8.15 8.35 9.19 10.38 11.55 12.36 12.78 12.91 12.87 12.90 13.00 13.11 13.17 12.83 12.05 10.72 8.76 7.87 8.03 8.41 8.42 8.13 8.04 8.42 8.99 9.45 9.85
8.70 8.03 6.97 6.00 5.22 4.80 4.96 5.45 6.08 6.79 7.30 7.54 7.75 7.86 7.83 7.63 7.70 7.90 7.85 7.66 7.40 7.03 6.62 6.35 6.25 6.30 6.46 6.66 6.87 7.03 6.98 6.70 6.73 7.25 7.92 8.45 8.69 8.68 8.57 8.79 9.47 10.15 10.79 11.26 11.31 10.65 9.67 9.00 8.65 8.35 7.97 7.87 8.19 8.76 9.18 9.28 9.40 9.82 10.89 12.10 12.93 13.24 13.21 13.11 12.94 12.75 12.68 12.74 12.98 12.90 12.48 11.94 10.96 10.70 11.16 11.50 11.38 10.92 10.71 10.68 10.74 10.93 11.32
8.86 8.40 7.32 6.33 6.07 6.68 7.69 8.64 9.49 10.13 10.53 10.68 10.51 9.86 8.91 8.06 7.71 7.81 7.95 7.91 7.68 7.31 6.94 6.78 6.86 7.04 7.20 7.38 7.69 8.07 8.36 8.44 8.46 8.62 9.02 9.64 10.20 10.42 10.54 10.83 11.29 11.67 11.73 11.33 10.32 8.85 7.65 7.46 7.99 8.35 8.65 8.86 9.32 9.81 10.00 9.89 10.15 10.98 12.11 12.81 12.90 12.51 12.00 11.72 11.71 11.79 11.87 11.78 11.74 11.97 12.59 13.19 13.82 14.12 14.40 14.82 15.00 14.86 14.56 14.01 13.39 12.80 12.42
8.50 7.80 6.80 6.41 7.17 8.62 10.15 11.35 12.13 12.41 12.35 12.09 11.62 10.73 9.78 8.93 8.35 8.10 8.07 8.03 7.89 7.74 7.63 7.62 7.65 7.71 7.86 8.12 8.44 8.89 9.53 10.21 10.76 11.13 11.36 11.64 11.82 11.86 12.09 12.34 12.31 11.88 11.05 9.79 8.22 6.72 5.99 6.26 7.47 8.51 9.36 10.00 10.46 10.57 10.42 10.24 10.75 11.73 12.24 12.21 11.51 10.62 9.91 9.61 9.79 10.26 10.64 10.72 10.53 10.69 11.69 12.97 14.12 14.78 15.24 15.90 16.35 16.40 16.09 15.63 14.90 14.06 12.96
7.46 6.79 6.29 6.93 8.66 10.59 11.90 12.59 12.81 12.56 12.08 11.62 11.17 10.64 10.19 9.64 9.02 8.50 8.29 8.27 8.29 8.42 8.68 8.88 8.92 8.87 9.05 9.31 9.58 10.04 10.85 11.86 12.69 13.23 13.41 13.14 12.72 12.44 12.38 12.21 11.56 10.41 8.95 7.43 6.29 5.77 5.84 6.68 8.11 9.39 10.56 11.39 11.65 11.38 10.97 10.95 11.45 11.72 11.55 10.68 9.54 8.48 7.67 7.19 7.38 7.68 8.05 8.37 8.59 8.94 9.61 10.66 11.84 12.65 13.25 13.85 14.30 14.43 14.48 14.41 14.24 13.71 12.95
8.02 7.69 7.93 9.30 11.03 12.22 12.55 12.36 11.89 11.14 10.58 10.23 9.93 9.84 9.80 9.57 9.15 8.70 8.57 8.75 9.13 9.69 10.24 10.59 10.74 10.77 10.89 11.10 11.41 11.90 12.64 13.27 13.55 13.49 13.11 12.48 11.99 11.55 11.09 10.27 9.13 7.85 6.56 5.64 5.49 6.01 6.96 8.31 9.46 10.66 11.58 11.99 12.08 12.05 11.75 11.62 11.56 11.12 10.21 8.80 7.47 6.38 5.33 4.84 4.85 4.79 4.73 5.12 5.88 6.52 7.45 8.10 8.59 8.90 9.19 9.64 9.70 9.95 10.38 10.76 11.66 12.43 12.65
9.39 9.99 11.19 12.11 12.65 12.71 12.02 11.11 10.21 9.62 9.32 9.07 8.85 8.81 8.85 8.90 8.83 8.75 8.91 9.35 10.08 10.86 11.46 11.90 12.10 12.28 12.50 12.78 13.15 13.56 13.78 13.52 12.78 11.79 10.73 10.03 9.99 9.62 8.72 7.50 6.31 5.59 5.21 5.41 6.11 7.04 8.26 9.48 10.57 11.44 11.70 11.70 11.64 11.77 11.85 11.61 11.02 10.03 8.61 7.15 5.83 4.55 3.70 3.52 3.58 3.52 3.54 3.91 4.58 5.37 6.10 6.65 6.75 6.57 6.35 6.43 6.75 7.41 8.02 8.58 9.42 10.63 11.73
10.19 11.14 12.41 12.73 12.55 11.91 10.82 9.89 9.03 8.71 8.61 8.38 8.18 8.06 8.07 8.27 8.52 8.79 9.12 9.42 9.81 10.24 10.75 11.42 11.92 12.39 12.87 13.29 13.53 13.49 12.98 11.83 10.26 8.97 8.17 7.95 7.81 7.11 6.03 5.26 4.83 4.80 5.26 6.28 7.25 8.18 9.29 10.28 11.08 11.29 10.90 10.46 10.36 10.59 10.85 10.76 10.19 9.18 7.79 6.50 5.30 4.18 3.64 3.65 3.80 3.92 4.25 4.87 5.42 5.64 5.80 5.96 5.88 5.51 5.12 5.15 5.83 6.73 7.21 7.50 8.13 8.91 9.99
10.60 11.10 11.73 11.77 11.32 10.43 9.56 8.92 8.46 8.24 8.07 7.79 7.64 7.57 7.66 7.97 8.40 8.76 8.91 8.81 8.64 8.59 8.91 9.63 10.67 11.54 12.20 12.48 12.30 11.60 10.40 8.82 7.27 6.38 6.07 5.97 5.45 4.75 4.37 4.48 4.89 5.58 6.57 7.50 8.48 9.52 10.32 10.95 11.08 10.64 10.00 9.62 9.51 9.55 9.67 9.75 9.60 9.05 7.99 6.78 5.82 5.25 5.20 5.47 5.65 5.77 6.22 6.54 6.34 5.97 5.72 5.67 5.45 5.02 4.69 4.91 5.60 6.05 6.09 6.32 6.84 7.30 8.16
10.96 10.54 10.28 10.37 10.09 9.46 8.81 8.20 7.92 7.74 7.50 7.29 7.13 7.16 7.49 7.94 8.42 8.70 8.73 8.58 8.47 8.56 9.00 9.74 10.66 11.24 11.30 10.91 10.11 8.98 7.60 6.37 5.32 4.73 4.51 4.39 4.18 4.13 4.39 5.00 5.93 7.02 7.88 8.81 9.86 10.74 11.26 11.29 10.76 9.96 9.30 8.94 8.78 8.83 9.08 9.29 9.44 9.33 8.76 7.84 7.19 7.06 7.30 7.58 7.74 7.94 8.04 7.55 6.70 6.28 6.20 5.80 5.27 4.93 4.85 5.09 5.41 5.38 5.25 5.56 5.97 6.28 6.93
11.11 10.37 9.50 9.43 9.45 9.37 9.13 8.54 8.11 7.88 7.62 7.45 7.35 7.43 7.76 8.26 8.65 8.99 9.22 9.40 9.74 10.31 10.98 11.48 11.51 11.03 10.10 8.99 7.84 6.76 5.71 4.99 4.66 4.59 4.55 4.54 4.77 5.22 5.67 6.18 6.97 7.85 8.82 9.96 10.98 11.67 11.72 11.23 10.34 9.37 8.53 8.02 8.01 8.34 8.82 9.23 9.42 9.59 9.63 9.47 9.34 9.51 9.84 10.03 10.05 9.84 9.31 8.59 7.98 7.77 7.29 6.44 5.56 5.36 5.42 5.37 5.33 5.31 5.39 5.62 5.84 6.01 6.45
11.17 10.39 9.32 9.07 9.14 9.41 9.68 9.57 9.20 9.01 8.85 8.60 8.57 8.66 8.77 8.83 9.04 9.43 9.94 10.47 11.07 11.62 11.84 11.57 10.79 9.61 8.29 7.02 5.90 5.16 4.83 4.80 5.05 5.54 5.85 5.99 6.18 6.57 7.06 7.39 7.78 8.43 9.55 10.75 11.66 12.00 11.66 10.86 9.95 8.99 8.03 7.58 7.75 8.24 8.70 8.93 9.08 9.62 10.21 10.74 11.43 12.15 12.77 13.10 12.78 12.13 11.19 10.45 10.19 9.71 8.47 7.10 6.47 6.56 6.45 5.93 5.73 5.94 6.13 6.17 6.13 6.10 6.29
10.91 10.03 8.96 8.67 8.69 9.16 9.66 9.97 9.91 9.78 9.69 9.47 9.47 9.59 9.63 9.47 9.30 9.47 10.03 10.67 11.08 11.05 10.45 9.39 8.26 7.20 6.23 5.34 4.72 4.59 4.91 5.67 6.37 6.79 7.15 7.44 7.62 7.82 8.21 8.38 8.61 9.20 10.34 11.29 11.84 11.71 11.01 10.23 9.65 9.14 8.53 8.06 8.09 8.36 8.37 8.40 8.84 9.74 10.55 11.51 12.55 13.41 14.01 14.28 14.44 14.12 13.46 12.84 12.08 11.03 9.71 8.54 8.21 8.12 7.68 7.14 7.15 7.44 7.43 7.04 6.59 6.29 6.18
10.54 9.97 9.10 8.67 8.58 8.75 9.23 9.75 9.94 9.76 9.38 9.02 8.98 9.11 9.27 9.31 9.09 9.15 9.55 9.86 9.67 8.89 7.74 6.58 5.65 4.92 4.38 4.18 4.35 4.91 5.99 7.10 7.72 8.05 8.27 8.53 8.84 9.04 9.10 9.24 9.57 10.20 10.90 11.41 11.31 10.64 9.78 9.38 9.50 9.64 9.56 9.32 8.92 8.80 8.62 8.69 9.27 10.15 10.82 11.73 12.44 13.08 13.39 13.50 13.90 14.19 14.20 14.20 13.70 12.88 12.24 11.68 11.08 10.13 9.17 8.89 9.18 9.40 8.89 7.97 7.01 6.32 5.88
10.78 10.51 9.79 9.21 8.99 8.85 9.00 9.46 9.82 9.82 9.35 8.82 8.56 8.45 8.47 8.70 8.62 8.83 9.00 8.57 7.51 6.17 5.02 4.16 3.47 2.99 2.83 3.19 4.14 5.62 7.07 7.94 8.51 8.87 9.13 9.37 9.53 9.55 9.53 9.68 10.20 10.73 11.16 11.08 10.39 9.26 8.73 8.74 9.14 9.83 10.10 10.08 9.92 9.64 9.43 9.42 9.61 10.13 10.70 11.36 11.54 11.32 10.79 10.75 11.39 12.39 13.26 14.02 14.59 14.71 14.78 14.52 13.74 12.68 11.59 11.22 11.10 10.58 9.50 7.98 6.80 6.11 5.75
11.03 10.48 9.71 9.34 9.24 9.15 9.01 9.19 9.67 10.09 10.12 9.71 9.26 8.81 8.46 8.28 8.37 8.51 8.14 7.00 5.49 4.25 3.40 2.86 2.52 2.38 2.52 3.03 4.04 5.37 6.59 7.30 7.85 8.37 8.84 9.19 9.20 9.21 9.29 9.63 10.20 10.79 11.06 10.71 9.99 9.07 8.58 8.55 8.79 9.26 9.86 10.12 10.32 10.19 9.90 9.51 9.34 9.43 9.93 10.27 10.15 9.51 8.87 8.75 9.15 10.07 11.31 12.51 13.58 14.33 14.87 15.08 14.71 14.22 13.76 13.13 12.02 10.47 8.81 7.43 6.65 6.23 5.81
10.45 9.45 8.39 8.43 8.72 8.86 8.71 8.64 9.12 9.80 10.24 10.12 9.69 9.20 8.80 8.45 8.29 7.95 7.06 5.79 4.78 4.10 3.48 3.36 3.26 3.41 3.75 4.11 4.50 4.93 5.29 5.68 6.11 6.61 7.15 7.61 7.96 8.29 8.75 9.39 9.92 10.37 10.38 9.89 9.34 8.77 8.24 8.17 8.32 8.57 9.03 9.67 9.96 9.97 9.65 9.00 8.66 8.56 8.96 9.14 8.78 8.02 7.62 7.87 8.45 8.98 9.54 10.21 10.99 11.72 12.37 12.93 13.41 13.69 13.77 13.46 12.03 9.96 8.49 7.77 7.28 6.53 5.72
9.10 8.32 7.56 7.66 7.82 7.74 7.52 7.55 7.90 8.63 9.33 9.63 9.47 9.09 8.81 8.46 8.07 7.43 6.61 6.24 5.47 5.39 5.27 5.18 5.16 5.37 5.58 5.74 5.73 5.60 5.53 5.47 5.45 5.52 5.76 6.28 7.06 7.66 8.34 9.06 9.45 9.51 8.98 7.95 6.95 6.57 6.67 6.96 7.30 7.88 8.37 8.85 9.20 9.19 8.83 8.33 8.03 8.10 8.32 8.37 7.92 7.19 7.15 7.54 8.14 8.46 8.43 8.41 8.61 9.02 9.17 9.69 10.61 11.54 12.22 12.60 12.15 10.86 9.55 8.77 7.74 6.61 5.97
8.53 8.42 8.37 8.25 7.71 7.14 6.88 6.80 6.88 7.36 8.18 8.89 9.18 9.03 8.73 8.30 7.83 7.33 7.28 6.78 7.04 7.18 7.31 7.34 7.35 7.38 7.45 7.35 7.21 7.07 6.91 6.60 6.18 5.84 5.83 6.25 6.92 7.49 8.15 8.75 8.94 8.57 7.46 5.83 4.97 5.03 5.58 6.28 7.01 7.59 8.03 8.26 8.35 8.40 8.20 8.05 8.00 8.16 8.20 8.18 7.90 7.57 7.61 7.68 7.76 7.47 7.11 7.11 7.35 7.61 7.80 8.08 8.64 9.44 10.05 11.06 11.96 11.99 11.13 9.69 8.07 7.25 7.31
9.31 9.69 10.08 9.77 9.06 8.03 7.33 6.92 6.58 6.51 6.94 7.81 8.57 8.88 8.66 8.12 7.73 7.56 7.67 8.03 8.52 8.95 9.32 9.52 9.57 9.39 9.05 8.68 8.28 7.90 7.62 7.37 7.12 6.87 6.67 6.76 7.25 7.78 8.43 8.87 8.77 8.01 6.76 5.60 5.42 5.98 6.81 7.64 8.12 8.23 8.12 7.99 7.87 8.03 8.11 8.16 8.16 8.32 8.31 8.45 8.47 8.34 8.03 7.45 6.93 6.44 6.10 6.25 6.72 7.10 7.39 7.76 7.93 8.24 8.74 9.70 11.06 12.04 12.19 11.48 10.21 9.76 9.97
10.08 10.55 10.90 10.52 9.86 8.96 8.10 7.34 6.67 6.11 5.94 6.39 7.34 8.12 8.35 7.98 7.69 7.82 8.29 9.12 9.78 10.41 10.93 11.29 11.30 11.04 10.62 10.06 9.33 8.55 7.90 7.56 7.55 7.81 8.08 8.16 8.32 8.75 9.34 9.63 9.45 8.73 7.73 7.31 7.77 8.59 9.39 9.75 9.65 8.94 8.36 7.93 7.80 7.92 8.13 8.22 8.20 8.40 8.54 8.94 9.02 8.76 8.16 7.20 6.35 5.81 5.72 5.96 6.38 6.67 6.98 7.38 7.61 7.64 8.12 8.84 9.84 11.18 12.37 13.25 13.50 13.18 12.69
