project/data/elevation/US_DEM2016/US_DEM2016_point_10-28-2019_1856_30m_vel.asc
ncols	125
nrows	167
xllcorner	-2042055.000000
yllcorner	1465035.000000
cellsize	30.000000
NODATA_value	-9999.000000
[rows 114 to 151 of 167, columns 0 to 83 of 125]
2.56 2.54 2.55 2.61 2.73 2.94 3.07 2.91 2.54 2.20 1.94 1.71 1.53 1.42 1.46 1.74 2.20 2.66 2.98 3.23 3.48 3.48 3.07 2.76 2.88 2.99 2.87 2.70 2.63 2.60 2.55 2.42 2.25 2.10 1.98 1.93 2.05 2.24 2.39 2.54 2.74 2.98 3.30 3.59 3.57 3.19 2.75 2.48 2.42 2.49 2.64 2.73 2.67 2.46 2.23 2.03 1.92 1.99 2.17 2.32 2.38 2.39 2.37 2.36 2.43 2.58 2.74 2.73 2.52 2.24 2.02 1.88 1.81 1.81 1.82 1.81 1.78 1.81 2.00 2.33 2.33 1.97 1.76 1.67
2.65 2.65 2.65 2.65 2.70 2.76 2.69 2.38 1.99 1.70 1.53 1.43 1.39 1.51 1.90 2.47 2.99 3.36 3.57 3.63 3.53 3.18 2.68 2.55 2.72 2.73 2.55 2.43 2.46 2.56 2.65 2.65 2.55 2.33 2.07 2.00 2.17 2.40 2.56 2.73 2.93 3.11 3.33 3.44 3.26 2.84 2.45 2.26 2.28 2.47 2.73 2.83 2.73 2.51 2.25 2.00 1.87 1.91 2.01 2.12 2.23 2.35 2.44 2.50 2.58 2.68 2.72 2.59 2.37 2.15 2.00 1.89 1.84 1.82 1.81 1.79 1.79 1.86 2.06 2.31 2.23 1.92 1.74 1.65
2.73 2.71 2.67 2.65 2.61 2.53 2.37 2.10 1.91 1.87 1.89 1.95 2.14 2.55 3.10 3.61 3.89 3.92 3.78 3.53 3.15 2.75 2.47 2.42 2.48 2.38 2.22 2.22 2.33 2.45 2.54 2.59 2.60 2.55 2.50 2.52 2.59 2.67 2.72 2.82 2.92 3.02 3.18 3.23 2.99 2.62 2.32 2.19 2.29 2.56 2.83 2.89 2.76 2.59 2.47 2.39 2.32 2.27 2.22 2.20 2.24 2.30 2.38 2.46 2.56 2.62 2.57 2.42 2.24 2.07 1.93 1.83 1.79 1.80 1.81 1.83 1.86 1.95 2.13 2.33 2.34 2.17 2.05 2.08
2.77 2.69 2.60 2.57 2.49 2.38 2.26 2.15 2.14 2.25 2.46 2.79 3.23 3.70 4.05 4.20 4.07 3.73 3.40 3.02 2.69 2.54 2.52 2.52 2.44 2.28 2.12 2.11 2.22 2.30 2.31 2.32 2.39 2.55 2.72 2.80 2.76 2.66 2.59 2.60 2.67 2.82 3.03 3.07 2.82 2.50 2.28 2.21 2.36 2.63 2.81 2.78 2.65 2.56 2.58 2.66 2.73 2.75 2.66 2.51 2.40 2.33 2.31 2.34 2.39 2.41 2.32 2.21 2.14 2.03 1.91 1.80 1.75 1.79 1.85 1.92 1.98 2.07 2.24 2.50 2.65 2.61 2.56 2.67
2.75 2.65 2.53 2.49 2.43 2.37 2.36 2.33 2.32 2.43 2.77 3.28 3.75 4.03 4.08 3.87 3.40 3.00 2.77 2.48 2.36 2.44 2.56 2.61 2.57 2.40 2.21 2.12 2.20 2.23 2.16 2.12 2.17 2.31 2.46 2.53 2.51 2.44 2.39 2.43 2.56 2.77 2.99 2.95 2.63 2.34 2.23 2.24 2.39 2.58 2.66 2.59 2.48 2.45 2.51 2.61 2.72 2.80 2.79 2.69 2.53 2.36 2.25 2.19 2.15 2.09 1.99 2.06 2.17 2.14 2.02 1.91 1.85 1.87 1.93 2.02 2.10 2.19 2.39 2.72 2.88 2.82 2.79 2.86
2.70 2.62 2.53 2.49 2.43 2.43 2.47 2.47 2.49 2.68 3.11 3.54 3.73 3.69 3.48 3.10 2.73 2.51 2.30 2.09 2.10 2.25 2.40 2.51 2.50 2.36 2.23 2.22 2.32 2.31 2.21 2.14 2.12 2.11 2.11 2.15 2.23 2.30 2.37 2.48 2.63 2.83 2.94 2.78 2.42 2.20 2.21 2.30 2.42 2.52 2.55 2.49 2.44 2.47 2.51 2.53 2.54 2.54 2.53 2.53 2.46 2.30 2.17 2.07 1.95 1.87 1.95 2.21 2.39 2.33 2.18 2.07 2.00 1.97 1.99 2.05 2.10 2.18 2.44 2.75 2.84 2.68 2.57 2.54
2.68 2.64 2.58 2.52 2.45 2.48 2.57 2.61 2.72 3.04 3.43 3.58 3.47 3.25 2.97 2.65 2.44 2.26 2.02 1.89 1.93 2.07 2.30 2.45 2.34 2.19 2.19 2.32 2.44 2.40 2.31 2.23 2.15 2.08 1.95 1.89 2.01 2.20 2.38 2.53 2.68 2.84 2.86 2.59 2.21 2.07 2.17 2.30 2.39 2.47 2.53 2.54 2.55 2.58 2.54 2.45 2.36 2.27 2.22 2.22 2.21 2.16 2.11 2.06 2.03 2.11 2.32 2.56 2.60 2.42 2.22 2.10 2.04 1.99 1.97 1.98 1.99 2.09 2.38 2.67 2.71 2.51 2.35 2.24
2.73 2.72 2.66 2.54 2.47 2.53 2.66 2.79 3.01 3.35 3.53 3.43 3.22 3.02 2.78 2.52 2.29 2.07 1.94 1.99 2.12 2.28 2.49 2.53 2.34 2.19 2.25 2.37 2.43 2.37 2.29 2.26 2.25 2.16 1.99 1.86 1.94 2.15 2.34 2.49 2.66 2.81 2.71 2.32 1.95 1.89 2.05 2.19 2.27 2.36 2.50 2.60 2.59 2.53 2.40 2.26 2.17 2.12 2.08 2.02 2.02 2.06 2.13 2.21 2.34 2.50 2.65 2.72 2.63 2.38 2.15 2.02 1.97 1.96 1.95 1.95 1.98 2.14 2.39 2.58 2.56 2.40 2.26 2.13
2.80 2.76 2.65 2.53 2.49 2.57 2.73 2.95 3.27 3.47 3.42 3.22 3.04 2.87 2.61 2.32 2.12 2.06 2.17 2.34 2.46 2.54 2.60 2.56 2.40 2.28 2.27 2.33 2.36 2.31 2.26 2.24 2.24 2.19 2.11 2.05 2.08 2.18 2.28 2.41 2.60 2.65 2.35 1.85 1.60 1.68 1.92 2.11 2.18 2.25 2.37 2.47 2.41 2.28 2.15 2.04 2.00 2.02 2.02 1.99 2.00 2.07 2.16 2.28 2.41 2.53 2.62 2.67 2.59 2.38 2.15 1.99 1.92 1.91 1.92 1.96 2.05 2.18 2.28 2.34 2.36 2.29 2.16 2.01
2.78 2.70 2.58 2.50 2.51 2.62 2.77 2.97 3.21 3.27 3.12 2.92 2.79 2.58 2.25 2.07 2.11 2.22 2.33 2.35 2.30 2.31 2.43 2.57 2.55 2.40 2.28 2.26 2.28 2.25 2.18 2.14 2.11 2.11 2.17 2.23 2.25 2.22 2.35 2.35 2.44 2.22 1.70 1.32 1.32 1.56 1.86 2.12 2.19 2.16 2.22 2.27 2.19 2.06 1.95 1.89 1.89 1.91 1.90 1.91 1.99 2.09 2.16 2.23 2.32 2.44 2.55 2.63 2.58 2.37 2.16 2.00 1.89 1.82 1.80 1.86 1.93 1.94 1.94 2.03 2.20 2.25 2.09 1.88
2.75 2.70 2.61 2.55 2.56 2.64 2.75 2.85 2.92 2.86 2.70 2.59 2.48 2.22 1.99 2.07 2.19 2.16 2.04 1.88 1.83 2.02 2.39 2.69 2.68 2.49 2.37 2.32 2.28 2.20 2.12 2.09 2.09 2.12 2.17 2.18 2.15 2.13 2.14 2.21 2.11 1.69 1.30 1.26 1.43 1.66 1.93 2.21 2.26 2.22 2.26 2.27 2.18 2.04 1.94 1.93 1.91 1.81 1.77 1.85 1.99 2.11 2.22 2.35 2.53 2.64 2.66 2.63 2.50 2.25 2.05 1.91 1.78 1.67 1.65 1.70 1.70 1.69 1.74 1.93 2.19 2.24 2.03 1.81
2.85 2.84 2.75 2.62 2.56 2.58 2.64 2.66 2.64 2.57 2.56 2.43 2.26 2.00 1.97 2.07 1.99 1.75 1.58 1.55 1.71 2.12 2.61 2.88 2.75 2.50 2.42 2.40 2.32 2.22 2.14 2.12 2.13 2.11 2.03 1.93 1.88 1.91 1.97 1.98 1.81 1.58 1.60 1.79 1.93 2.02 2.20 2.41 2.44 2.41 2.41 2.38 2.30 2.19 2.12 2.11 2.01 1.86 1.87 1.96 2.04 2.15 2.30 2.53 2.68 2.66 2.57 2.50 2.36 2.12 1.91 1.74 1.61 1.55 1.55 1.56 1.55 1.59 1.72 1.95 2.16 2.19 2.06 1.95
2.97 2.89 2.69 2.50 2.43 2.47 2.52 2.51 2.50 2.52 2.51 2.36 2.07 1.88 1.86 1.81 1.62 1.47 1.49 1.69 2.03 2.48 2.92 3.02 2.72 2.42 2.35 2.33 2.28 2.22 2.17 2.16 2.13 2.01 1.85 1.78 1.81 1.89 1.96 1.97 1.94 2.01 2.17 2.27 2.34 2.43 2.56 2.67 2.66 2.56 2.45 2.37 2.32 2.27 2.24 2.22 2.14 2.06 2.05 2.04 2.03 2.11 2.27 2.43 2.41 2.29 2.28 2.34 2.29 2.10 1.83 1.60 1.50 1.48 1.49 1.46 1.42 1.47 1.60 1.83 2.09 2.26 2.32 2.26
2.90 2.67 2.33 2.22 2.27 2.39 2.46 2.44 2.44 2.48 2.52 2.14 1.86 1.75 1.73 1.68 1.63 1.68 1.91 2.28 2.63 2.92 3.13 2.96 2.48 2.24 2.19 2.13 2.10 2.13 2.17 2.17 2.13 2.02 1.93 1.95 2.05 2.12 2.16 2.19 2.26 2.31 2.32 2.34 2.46 2.65 2.82 2.91 2.84 2.67 2.54 2.46 2.39 2.32 2.27 2.26 2.27 2.20 2.09 1.99 1.96 2.02 2.13 2.17 2.09 2.07 2.22 2.39 2.34 2.06 1.71 1.50 1.43 1.42 1.45 1.46 1.47 1.51 1.59 1.81 2.19 2.55 2.65 2.40
2.62 2.37 2.07 2.08 2.24 2.41 2.47 2.41 2.36 2.63 2.23 2.00 1.85 1.86 1.96 2.05 2.17 2.38 2.69 2.98 3.11 3.13 3.02 2.65 2.28 2.17 2.08 1.94 1.92 2.03 2.12 2.15 2.14 2.12 2.17 2.26 2.32 2.31 2.28 2.28 2.27 2.21 2.23 2.38 2.62 2.86 3.04 3.09 2.98 2.84 2.73 2.65 2.57 2.45 2.34 2.30 2.30 2.20 2.02 1.92 1.91 1.97 2.04 2.04 2.05 2.20 2.43 2.50 2.24 1.76 1.43 1.35 1.36 1.38 1.43 1.52 1.65 1.78 1.87 2.08 2.50 2.85 2.75 2.26
2.45 2.33 2.21 2.31 2.48 2.56 2.51 2.41 2.33 2.58 2.23 2.14 2.12 2.24 2.44 2.65 2.86 3.04 3.15 3.14 3.01 2.85 2.64 2.40 2.28 2.22 2.06 1.93 1.95 2.05 2.11 2.13 2.16 2.22 2.29 2.33 2.30 2.25 2.22 2.19 2.14 2.14 2.29 2.55 2.82 3.05 3.15 3.08 2.94 2.81 2.70 2.61 2.55 2.48 2.39 2.35 2.31 2.17 1.99 1.90 1.93 2.01 2.08 2.12 2.22 2.42 2.54 2.34 1.81 1.32 1.16 1.20 1.30 1.41 1.49 1.57 1.68 1.87 2.12 2.42 2.80 2.98 2.69 2.21
2.50 2.54 2.63 2.78 2.83 2.73 2.55 2.43 2.39 2.38 2.37 2.38 2.45 2.61 2.78 2.92 3.02 3.04 2.93 2.72 2.45 2.25 2.20 2.25 2.32 2.26 2.14 2.11 2.18 2.24 2.22 2.22 2.28 2.33 2.30 2.19 2.14 2.15 2.17 2.18 2.21 2.33 2.53 2.76 2.94 3.03 2.96 2.76 2.57 2.45 2.40 2.45 2.51 2.47 2.40 2.37 2.34 2.24 2.08 1.97 2.01 2.10 2.17 2.25 2.38 2.50 2.39 1.94 1.40 1.14 1.13 1.23 1.36 1.50 1.63 1.71 1.75 1.86 2.14 2.55 2.95 3.10 2.91 2.76
2.61 2.71 2.89 2.98 2.93 2.76 2.58 2.47 2.45 2.46 2.50 2.54 2.62 2.73 2.79 2.77 2.72 2.61 2.41 2.11 1.87 1.81 1.98 2.27 2.40 2.33 2.28 2.32 2.39 2.43 2.45 2.51 2.57 2.54 2.41 2.27 2.23 2.25 2.25 2.31 2.45 2.64 2.80 2.89 2.90 2.79 2.55 2.29 2.15 2.16 2.30 2.50 2.58 2.49 2.40 2.38 2.38 2.32 2.21 2.11 2.10 2.17 2.27 2.35 2.42 2.38 2.08 1.60 1.29 1.24 1.31 1.42 1.51 1.60 1.70 1.80 1.91 2.04 2.28 2.70 3.18 3.42 3.40 3.36
2.71 2.78 2.89 2.92 2.85 2.75 2.64 2.56 2.54 2.56 2.58 2.58 2.59 2.59 2.54 2.50 2.44 2.25 1.94 1.70 1.66 1.81 2.16 2.49 2.56 2.45 2.39 2.41 2.45 2.52 2.65 2.78 2.83 2.74 2.59 2.49 2.47 2.45 2.40 2.45 2.61 2.76 2.79 2.77 2.69 2.46 2.17 1.98 1.97 2.16 2.47 2.66 2.61 2.46 2.39 2.40 2.41 2.36 2.26 2.17 2.16 2.23 2.32 2.36 2.36 2.20 1.80 1.45 1.34 1.39 1.48 1.55 1.62 1.70 1.74 1.82 2.02 2.33 2.70 3.14 3.59 3.71 3.52 3.25
2.84 2.89 2.98 2.99 2.92 2.80 2.72 2.71 2.72 2.68 2.59 2.51 2.44 2.39 2.38 2.39 2.29 2.03 1.80 1.79 1.96 2.20 2.50 2.73 2.73 2.59 2.48 2.47 2.50 2.58 2.71 2.83 2.85 2.77 2.70 2.70 2.73 2.70 2.60 2.57 2.61 2.63 2.62 2.62 2.48 2.20 1.98 1.91 2.04 2.38 2.73 2.80 2.64 2.49 2.44 2.44 2.42 2.34 2.22 2.15 2.15 2.21 2.26 2.27 2.25 2.05 1.73 1.54 1.51 1.57 1.62 1.65 1.69 1.76 1.85 1.99 2.23 2.60 3.10 3.59 3.84 3.65 3.15 2.74
3.07 3.11 3.17 3.12 2.98 2.81 2.74 2.77 2.78 2.66 2.51 2.41 2.36 2.36 2.40 2.36 2.15 1.96 1.97 2.16 2.35 2.50 2.71 2.87 2.84 2.71 2.59 2.55 2.57 2.65 2.74 2.79 2.76 2.72 2.79 2.91 2.99 2.97 2.87 2.73 2.61 2.53 2.54 2.49 2.25 2.02 1.95 2.01 2.25 2.68 2.98 2.93 2.70 2.55 2.48 2.45 2.40 2.30 2.18 2.14 2.15 2.42 2.19 2.20 2.16 1.99 1.79 1.75 1.78 1.80 1.79 1.78 1.79 1.84 1.99 2.27 2.60 3.03 3.54 3.87 3.78 3.31 2.75 2.36
3.30 3.25 3.14 3.01 2.87 2.73 2.65 2.63 2.59 2.47 2.37 2.36 2.42 2.48 2.45 2.26 2.05 2.03 2.19 2.33 2.38 2.49 2.74 2.92 2.89 2.76 2.63 2.56 2.59 2.69 2.77 2.79 2.75 2.78 2.90 3.00 3.01 2.99 2.97 2.86 2.64 2.46 2.35 2.17 1.94 1.89 1.99 2.14 2.47 2.96 3.18 2.98 2.69 2.53 2.47 2.43 2.37 2.26 2.17 2.18 2.23 2.25 2.23 2.21 2.15 2.01 1.90 1.92 1.97 1.99 1.96 1.97 2.02 2.11 2.28 2.58 3.05 3.62 4.04 4.02 3.58 3.03 2.57 2.24
3.37 3.16 2.80 2.62 2.54 2.48 2.43 2.42 2.40 2.36 2.39 2.52 2.67 2.69 2.49 2.22 2.07 2.09 2.16 2.18 2.26 2.46 2.79 2.96 2.88 2.73 2.57 2.50 2.55 2.65 2.73 2.77 2.78 2.83 2.86 2.79 2.69 2.65 2.66 2.62 2.43 2.21 2.02 1.85 1.77 1.88 2.04 2.23 2.69 3.21 3.26 2.90 2.57 2.44 2.41 2.39 2.33 2.24 2.19 2.25 2.34 2.35 2.31 2.26 2.17 2.05 2.00 2.03 2.09 2.12 2.17 2.27 2.42 2.60 2.82 3.14 3.60 4.08 4.22 3.89 3.34 2.94 2.64 2.36
3.23 2.90 2.38 2.14 2.05 2.03 2.11 2.27 2.40 2.49 2.65 2.86 2.98 2.87 2.55 2.26 2.12 2.04 1.97 2.01 2.22 2.54 2.86 2.96 2.85 2.70 2.55 2.47 2.49 2.56 2.60 2.62 2.62 2.64 2.58 2.42 2.25 2.12 2.03 1.97 1.94 1.89 1.84 1.80 1.87 2.01 2.14 2.40 3.00 3.41 3.22 2.74 2.44 2.36 2.34 2.33 2.30 2.26 2.28 2.37 2.44 2.41 2.35 2.30 2.20 2.09 2.08 2.15 2.20 2.27 2.42 2.66 2.97 3.30 3.59 3.85 4.13 4.29 4.09 3.57 3.20 3.04 2.92 2.80
2.90 2.55 2.05 1.90 1.86 1.88 2.04 2.27 2.45 2.62 2.81 2.96 2.95 2.71 2.41 2.21 2.09 2.00 1.97 2.12 2.38 2.65 2.91 2.96 2.85 2.71 2.58 2.50 2.48 2.50 2.50 2.43 2.36 2.33 2.25 2.06 1.84 1.65 1.48 1.47 1.58 1.73 1.86 2.00 2.18 2.32 2.47 2.85 3.37 3.48 3.08 2.61 2.40 2.32 2.29 2.31 2.34 2.42 2.53 2.62 2.58 2.46 2.38 2.33 2.27 2.20 2.20 2.26 2.33 2.45 2.70 3.06 3.48 3.83 4.04 4.16 4.22 4.15 3.81 3.42 3.29 3.28 3.25 3.29
2.52 2.29 2.03 2.03 2.10 2.19 2.31 2.40 2.48 2.58 2.70 2.74 2.58 2.31 2.13 2.08 2.07 2.07 2.16 2.38 2.60 2.80 2.98 2.99 2.86 2.73 2.65 2.61 2.61 2.58 2.50 2.37 2.27 2.19 2.03 1.78 1.52 1.32 1.24 1.33 1.54 1.79 2.06 2.34 2.56 2.72 2.93 3.28 3.54 3.40 2.92 2.55 2.38 2.29 2.27 2.33 2.45 2.61 2.75 2.75 2.58 2.39 2.32 2.34 2.36 2.34 2.31 2.34 2.44 2.64 2.98 3.36 3.66 3.81 3.84 3.83 3.79 3.69 3.51 3.37 3.36 3.33 3.33 3.48
2.40 2.39 2.48 2.61 2.68 2.69 2.63 2.56 2.56 2.58 2.56 2.45 2.23 2.03 1.96 2.00 2.09 2.17 2.34 2.57 2.75 2.93 3.05 3.00 2.85 2.74 2.69 2.69 2.70 2.68 2.55 2.39 2.25 2.08 1.83 1.55 1.32 1.22 1.26 1.43 1.69 2.03 2.39 2.68 2.84 2.95 3.11 3.33 3.42 3.16 2.74 2.45 2.28 2.19 2.22 2.32 2.47 2.58 2.57 2.42 2.24 2.17 2.22 2.32 2.37 2.36 2.35 2.39 2.49 2.72 3.06 3.31 3.37 3.29 3.19 3.15 3.18 3.27 3.30 3.25 3.19 3.12 3.16 3.34
2.58 2.76 3.05 3.22 3.22 3.08 2.87 2.78 2.75 2.66 2.48 2.24 2.02 1.91 1.93 2.03 2.15 2.30 2.53 2.76 2.91 3.02 3.02 2.91 2.79 2.73 2.70 2.68 2.66 2.62 2.52 2.37 2.18 1.95 1.67 1.45 1.33 1.33 1.44 1.66 2.02 2.46 2.80 2.94 2.96 2.96 3.02 3.16 3.18 2.91 2.55 2.26 2.08 2.06 2.16 2.28 2.36 2.34 2.18 1.99 1.93 2.01 2.16 2.31 2.33 2.28 2.29 2.37 2.48 2.66 2.88 2.92 2.81 2.70 2.62 2.65 2.86 3.13 3.23 3.12 2.99 2.95 2.99 3.04
2.78 2.96 3.22 3.31 3.26 3.15 3.09 3.05 2.93 2.70 2.43 2.17 1.99 1.94 2.03 2.16 2.31 2.50 2.74 2.89 2.95 2.93 2.83 2.74 2.71 2.72 2.69 2.61 2.53 2.47 2.41 2.28 2.11 1.90 1.67 1.52 1.49 1.55 1.72 2.05 2.55 2.93 3.06 3.01 2.90 2.83 2.88 3.02 3.01 2.73 2.37 2.08 1.95 2.02 2.16 2.23 2.19 2.03 1.84 1.75 1.80 1.96 2.14 2.25 2.23 2.17 2.21 2.33 2.49 2.64 2.70 2.60 2.49 2.47 2.48 2.64 2.99 3.28 3.30 3.11 2.99 2.97 2.92 2.87
2.90 3.01 3.13 3.10 2.97 2.91 2.97 2.96 2.82 2.60 2.39 2.23 2.11 2.10 2.19 2.33 2.50 2.70 2.84 2.84 2.76 2.65 2.59 2.62 2.69 2.73 2.65 2.49 2.40 2.37 2.31 2.20 2.08 1.92 1.78 1.71 1.73 1.85 2.14 2.61 3.01 3.10 2.95 2.76 2.67 2.68 2.80 2.95 2.90 2.59 2.22 2.01 1.98 2.08 2.18 2.17 2.02 1.79 1.63 1.63 1.78 1.98 2.12 2.16 2.11 2.10 2.19 2.34 2.51 2.63 2.63 2.56 2.53 2.52 2.60 2.91 3.32 3.54 3.47 3.24 3.08 3.01 2.93 2.93
3.00 3.06 3.10 2.98 2.75 2.59 2.55 2.52 2.46 2.40 2.33 2.26 2.22 2.23 2.30 2.44 2.59 2.70 2.69 2.57 2.45 2.38 2.44 2.61 2.77 2.80 2.66 2.52 2.47 2.42 2.31 2.19 2.06 1.94 1.90 1.92 2.02 2.24 2.61 2.96 3.05 2.85 2.60 2.48 2.51 2.63 2.80 2.91 2.79 2.45 2.14 2.01 2.00 2.09 2.19 2.15 2.00 1.84 1.72 1.77 1.94 2.07 2.11 2.12 2.12 2.15 2.25 2.39 2.49 2.53 2.56 2.60 2.59 2.55 2.73 3.22 3.67 3.76 3.57 3.30 3.10 3.00 2.95 3.05
3.07 3.09 3.01 2.77 2.49 2.28 2.18 2.13 2.12 2.14 2.18 2.21 2.23 2.25 2.31 2.40 2.47 2.44 2.31 2.19 2.14 2.19 2.40 2.73 2.94 2.91 2.77 2.69 2.64 2.52 2.35 2.18 2.03 1.95 1.98 2.07 2.23 2.49 2.76 2.88 2.78 2.55 2.41 2.44 2.55 2.67 2.79 2.83 2.65 2.33 2.07 1.93 1.92 2.07 2.23 2.23 2.14 2.07 2.03 2.10 2.20 2.20 2.17 2.17 2.19 2.24 2.34 2.45 2.50 2.53 2.61 2.66 2.60 2.64 3.06 3.70 4.01 3.86 3.50 3.18 3.00 2.95 2.98 3.08
3.08 2.95 2.63 2.24 1.98 1.88 1.93 1.99 1.99 1.99 2.06 2.16 2.21 2.23 2.28 2.31 2.26 2.14 2.04 2.05 2.11 2.26 2.60 2.98 3.10 2.98 2.83 2.76 2.64 2.44 2.29 2.15 2.03 1.99 2.05 2.16 2.30 2.49 2.65 2.71 2.64 2.48 2.45 2.55 2.63 2.66 2.70 2.68 2.49 2.21 1.94 1.80 1.89 2.16 2.35 2.34 2.25 2.23 2.29 2.39 2.40 2.31 2.26 2.28 2.31 2.35 2.45 2.56 2.65 2.75 2.80 2.74 2.73 3.02 3.66 4.14 4.13 3.73 3.30 3.02 2.91 2.92 2.97 2.99
2.88 2.62 2.19 1.87 1.70 1.76 1.93 2.06 2.08 2.09 2.16 2.21 2.21 2.23 2.28 2.28 2.22 2.19 2.26 2.37 2.45 2.62 2.93 3.16 3.14 2.93 2.76 2.61 2.36 2.16 2.11 2.05 2.01 2.04 2.13 2.24 2.36 2.53 2.68 2.77 2.68 2.53 2.52 2.59 2.58 2.54 2.55 2.51 2.30 1.99 1.74 1.74 2.02 2.35 2.47 2.39 2.29 2.29 2.39 2.47 2.47 2.43 2.43 2.47 2.48 2.48 2.53 2.64 2.76 2.82 2.78 2.72 2.92 3.47 4.06 4.16 3.81 3.35 3.07 2.90 2.84 2.85 2.85 2.81
2.55 2.36 2.09 2.00 1.99 2.07 2.16 2.18 2.17 2.22 2.25 2.21 2.20 2.25 2.32 2.36 2.41 2.51 2.61 2.61 2.59 2.72 2.99 3.13 3.04 2.80 2.57 2.30 2.00 1.88 1.90 1.90 1.96 2.10 2.23 2.35 2.50 2.72 2.88 2.90 2.73 2.55 2.49 2.49 2.43 2.39 2.42 2.38 2.11 1.75 1.63 1.84 2.24 2.48 2.49 2.39 2.31 2.33 2.38 2.43 2.48 2.55 2.61 2.63 2.58 2.52 2.53 2.59 2.63 2.60 2.58 2.76 3.22 3.79 4.03 3.76 3.25 2.92 2.79 2.72 2.64 2.60 2.58 2.55
2.38 2.31 2.23 2.24 2.31 2.37 2.37 2.32 2.31 2.31 2.24 2.15 2.18 2.30 2.41 2.50 2.61 2.66 2.58 2.42 2.40 2.61 2.93 3.10 2.96 2.64 2.31 2.00 1.81 1.81 1.86 1.87 1.97 2.17 2.34 2.50 2.68 2.88 2.96 2.86 2.66 2.50 2.42 2.36 2.29 2.30 2.37 2.27 1.95 1.69 1.73 2.06 2.38 2.49 2.44 2.35 2.30 2.31 2.33 2.37 2.45 2.55 2.61 2.57 2.49 2.44 2.45 2.48 2.49 2.50 2.63 3.03 3.50 3.72 3.60 3.23 2.84 2.65 2.58 2.50 2.38 2.32 2.30 2.22
2.34 2.34 2.34 2.37 2.43 2.51 2.60 2.63 2.59 2.45 2.26 2.17 2.22 2.37 2.51 2.62 2.68 2.62 2.47 2.43 2.58 2.87 3.14 3.20 2.93 2.51 2.16 1.97 1.94 2.01 2.04 2.02 2.08 2.24 2.43 2.60 2.75 2.84 2.81 2.66 2.51 2.42 2.37 2.30 2.28 2.32 2.34 2.17 1.88 1.77 1.93 2.25 2.45 2.47 2.39 2.30 2.25 2.22 2.23 2.30 2.40 2.47 2.46 2.39 2.32 2.32 2.37 2.45 2.53 2.64 2.88 3.20 3.31 3.21 3.08 2.90 2.68 2.55 2.48 2.40 2.28 2.19 2.12 2.00
2.29 2.29 2.37 2.54 2.72 2.84 2.88 2.78 2.57 2.31 2.17 2.21 2.33 2.44 2.54 2.62 2.63 2.60 2.67 2.89 3.14 3.33 3.42 3.31 2.91 2.50 2.27 2.23 2.28 2.33 2.28 2.19 2.18 2.27 2.40 2.50 2.57 2.64 2.62 2.52 2.43 2.40 2.38 2.37 2.38 2.38 2.28 2.08 1.88 1.87 2.08 2.39 2.51 2.48 2.40 2.30 2.21 2.14 2.17 2.28 2.37 2.36 2.29 2.20 2.15 2.21 2.35 2.50 2.63 2.75 2.91 2.96 2.81 2.77 2.86 2.81 2.64 2.53 2.45 2.36 2.24 2.11 1.97 1.88
