project/data/elevation/US_DEM2016/US_DEM2016_point_10-30-2019_1235_30m_vel.asc
ncols	125
nrows	167
xllcorner	-2042055.000000
yllcorner	1465035.000000
cellsize	30.000000
NODATA_value	-9999.000000
[rows 105 to 139 of 167, columns 0 to 78 of 125]
11.49 11.51 11.41 11.15 10.81 10.38 10.00 9.69 9.17 8.15 6.63 5.36 4.74 4.70 5.14 6.07 7.24 8.37 9.41 10.46 11.11 11.46 11.85 12.42 12.45 12.71 12.56 12.58 12.61 12.65 12.59 12.48 12.31 11.93 11.62 11.36 11.05 10.73 10.45 10.16 9.89 9.88 10.34 10.73 10.95 10.92 10.63 10.16 9.68 9.19 8.50 7.39 6.41 6.47 7.41 8.74 9.89 10.64 11.18 11.71 11.97 11.83 11.59 11.55 11.68 11.87 11.94 11.72 11.36 10.81 10.43 10.31 10.30 10.33 10.37 10.31 10.22 10.00 9.55
11.10 10.76 10.49 10.46 10.27 9.92 9.45 8.80 7.88 6.77 5.87 5.44 5.67 6.50 8.00 9.38 9.58 9.37 9.28 9.42 9.79 10.36 11.38 12.38 12.68 12.62 12.88 13.45 13.96 14.23 14.16 13.95 13.61 13.04 12.41 11.81 11.25 10.85 10.48 10.17 10.12 10.40 10.84 11.02 10.99 10.83 10.67 10.52 10.26 9.64 8.58 7.45 7.17 7.89 9.00 9.85 10.45 10.91 11.38 11.64 11.47 11.14 11.16 11.49 11.79 11.95 12.03 11.99 11.81 11.52 11.12 10.89 10.65 10.26 9.77 9.50 9.69 9.88 9.69
10.84 10.48 10.15 10.11 9.97 9.67 9.20 8.53 7.81 7.41 7.62 8.29 9.21 10.65 12.32 13.46 13.77 12.97 11.73 11.08 11.02 11.47 12.32 12.73 12.52 12.18 12.18 12.44 12.81 13.17 13.32 13.28 13.15 12.83 12.42 11.92 11.41 10.93 10.40 10.13 10.44 11.07 11.42 11.15 10.77 10.56 10.53 10.57 10.49 10.03 9.32 8.99 9.45 10.35 10.79 10.69 10.57 10.82 11.17 11.19 10.94 10.84 11.09 11.41 11.60 11.61 11.59 11.69 11.86 11.99 11.76 11.38 10.88 10.25 9.62 9.32 9.49 9.77 9.78
10.86 10.62 10.31 10.22 10.20 10.22 10.22 10.09 9.95 10.16 11.01 12.22 13.59 14.81 15.62 15.91 15.95 15.58 15.01 14.49 14.15 14.00 13.85 13.30 12.55 11.94 11.59 11.36 11.10 10.98 11.12 11.34 11.49 11.61 11.70 11.73 11.59 11.13 10.63 10.51 10.87 11.09 10.93 10.52 10.26 10.36 10.59 10.84 11.11 11.30 11.32 11.37 11.62 11.80 11.39 10.71 10.60 10.89 11.02 10.94 10.87 10.93 10.95 10.92 10.90 10.77 10.64 10.83 11.22 11.58 11.65 11.43 10.98 10.44 9.96 9.71 9.74 9.86 9.93
11.01 10.92 10.74 10.65 10.73 10.98 11.37 11.78 12.35 13.15 14.19 15.29 16.05 16.30 16.07 15.54 15.07 15.17 15.34 15.27 15.06 14.71 14.16 13.26 12.32 11.73 11.46 11.26 10.80 10.20 9.76 9.67 9.76 10.03 10.45 10.91 11.16 11.06 10.81 10.60 10.33 9.84 9.35 9.37 9.98 10.62 11.10 11.44 11.85 12.44 12.88 13.00 12.95 12.73 12.21 11.68 11.61 11.58 11.37 11.16 11.02 10.83 10.59 10.45 10.39 10.15 9.92 10.02 10.38 10.80 11.11 11.15 10.88 10.51 10.21 10.06 9.95 9.88 9.92
11.22 11.25 11.16 11.08 11.17 11.40 11.81 12.51 13.60 14.73 15.55 15.84 15.59 14.92 14.04 13.16 12.66 12.79 13.01 13.23 13.39 13.41 13.17 12.58 11.90 11.46 11.33 11.33 11.14 10.82 10.44 10.16 10.19 10.33 10.43 10.49 10.54 10.64 10.56 10.13 9.51 9.04 9.08 9.74 10.70 11.40 11.78 11.94 12.17 12.65 13.15 13.43 13.54 13.56 13.56 13.34 13.04 12.54 11.93 11.44 11.02 10.61 10.40 10.33 10.16 9.81 9.59 9.70 10.08 10.46 10.69 10.72 10.61 10.43 10.28 10.18 10.04 9.93 9.96
11.28 11.23 11.18 11.28 11.50 11.84 12.42 13.25 14.25 14.87 14.90 14.40 13.56 12.63 11.80 11.17 10.83 10.79 10.83 11.13 11.61 11.90 12.07 11.90 11.61 11.35 11.17 10.97 10.79 10.94 11.24 11.48 11.61 11.55 11.28 10.86 10.52 10.45 10.35 10.10 9.93 10.06 10.46 11.16 11.84 12.23 12.30 12.16 12.06 12.19 12.52 12.92 13.33 13.71 14.05 14.09 13.69 13.04 12.26 11.52 10.96 10.62 10.43 10.17 9.73 9.45 9.57 9.91 10.29 10.46 10.38 10.34 10.35 10.31 10.17 10.03 9.93 9.91 9.99
11.08 10.94 10.97 11.31 11.72 12.31 13.11 13.83 14.17 13.89 13.18 12.42 11.70 11.05 10.41 9.84 9.48 9.48 9.78 10.23 10.70 11.25 11.53 11.35 11.26 11.45 11.35 10.99 10.64 10.61 10.77 10.96 11.09 11.16 11.15 11.00 10.74 10.56 10.54 10.69 10.93 11.17 11.49 12.11 12.61 12.70 12.41 11.95 11.61 11.57 11.67 11.93 12.25 12.58 12.96 13.17 13.04 12.60 12.01 11.45 11.00 10.62 10.21 9.75 9.42 9.47 9.84 10.26 10.48 10.30 10.01 10.01 10.09 10.06 9.91 9.72 9.55 9.52 9.67
10.92 10.79 10.86 11.20 11.65 12.30 13.02 13.25 12.89 12.09 11.22 10.42 9.79 9.26 8.70 8.35 8.53 9.07 9.60 10.08 10.77 11.50 11.47 10.98 11.19 11.75 11.85 11.68 11.40 10.94 10.41 9.82 9.52 9.71 10.12 10.45 10.58 10.61 10.74 11.02 11.29 11.52 11.88 12.45 12.72 12.52 11.96 11.40 11.12 11.09 11.08 11.05 10.98 10.88 10.79 10.99 11.19 11.27 11.32 11.25 10.99 10.53 10.00 9.62 9.59 9.84 10.20 10.48 10.42 10.01 9.71 9.65 9.67 9.70 9.70 9.55 9.33 9.16 9.26
10.95 10.90 10.96 11.13 11.45 11.93 12.23 11.81 10.86 9.83 8.91 8.08 7.41 6.97 6.97 7.57 8.69 9.83 10.60 11.18 11.74 11.84 11.22 10.82 11.29 11.77 11.87 11.83 11.77 11.53 11.18 10.58 9.86 9.42 9.27 9.38 9.84 10.39 10.78 11.07 11.43 11.81 12.16 12.43 12.26 11.60 10.95 10.63 10.58 10.73 10.91 10.87 10.64 10.16 9.51 9.04 9.05 9.61 10.29 10.69 10.76 10.59 10.38 10.20 10.16 10.28 10.49 10.49 10.20 9.85 9.65 9.54 9.51 9.55 9.57 9.48 9.33 9.17 9.16
11.15 11.16 11.19 11.22 11.32 11.41 11.18 10.42 9.28 8.22 7.43 6.83 6.46 6.58 7.52 9.04 10.52 11.68 12.45 12.76 12.46 11.53 10.32 10.04 10.55 10.84 10.88 11.06 11.34 11.65 11.91 11.86 11.39 10.43 9.45 9.21 9.81 10.60 11.17 11.56 11.91 12.18 12.30 12.18 11.60 10.67 10.00 9.85 10.05 10.49 11.07 11.30 11.17 10.74 9.95 9.03 8.61 8.86 9.41 9.93 10.33 10.58 10.75 10.82 10.82 10.79 10.64 10.32 9.96 9.73 9.65 9.64 9.66 9.62 9.52 9.41 9.36 9.36 9.38
11.32 11.36 11.36 11.27 11.14 10.86 10.35 9.65 9.05 8.71 8.51 8.34 8.53 9.35 10.71 12.18 13.26 13.66 13.58 13.10 12.15 10.97 9.94 9.49 9.55 9.54 9.67 10.10 10.55 10.97 11.39 11.80 11.97 11.71 11.18 10.99 11.17 11.49 11.72 11.90 11.96 11.97 11.96 11.78 11.20 10.36 9.66 9.45 9.82 10.53 11.21 11.59 11.64 11.45 11.11 10.73 10.30 9.95 9.83 9.95 10.19 10.42 10.63 10.81 10.94 10.92 10.64 10.19 9.77 9.49 9.40 9.47 9.57 9.63 9.59 9.53 9.53 9.61 9.67
11.35 11.31 11.25 11.14 10.91 10.51 10.03 9.66 9.61 9.88 10.32 10.96 11.82 12.81 13.69 14.19 14.12 13.51 12.74 11.88 11.13 10.73 10.46 10.01 9.59 9.27 9.13 9.39 9.73 9.87 9.96 10.42 11.22 11.88 12.22 12.28 12.10 11.80 11.51 11.33 11.25 11.33 11.50 11.52 11.20 10.60 9.86 9.49 9.83 10.53 10.96 11.14 11.31 11.50 11.66 11.83 11.92 11.80 11.44 10.96 10.65 10.51 10.47 10.46 10.50 10.45 10.17 9.80 9.53 9.36 9.26 9.26 9.37 9.55 9.69 9.77 9.85 9.94 10.03
11.25 11.12 11.00 10.94 10.77 10.48 10.18 9.99 9.99 10.34 11.19 12.32 13.38 14.02 14.16 13.67 12.58 11.61 11.02 10.44 10.23 10.47 10.73 10.72 10.45 9.95 9.42 9.22 9.40 9.36 9.06 9.12 9.73 10.74 11.46 11.71 11.56 11.23 10.92 10.74 10.77 11.02 11.34 11.37 11.08 10.64 10.10 9.67 9.82 10.17 10.34 10.33 10.43 10.81 11.28 11.66 12.03 12.28 12.23 11.84 11.26 10.76 10.38 10.07 9.78 9.43 9.10 9.15 9.44 9.63 9.62 9.54 9.55 9.68 9.86 10.04 10.21 10.34 10.51
11.08 10.95 10.83 10.83 10.73 10.57 10.39 10.27 10.38 10.89 11.86 12.78 13.26 13.20 12.66 11.77 10.94 10.46 10.02 9.60 9.50 9.67 10.00 10.35 10.45 10.19 9.81 9.67 9.78 9.76 9.42 9.05 9.04 9.43 10.10 10.56 10.74 10.75 10.78 10.80 10.90 11.11 11.27 11.12 10.69 10.39 10.20 9.96 9.91 9.95 9.90 9.86 10.01 10.45 10.93 11.25 11.43 11.53 11.63 11.64 11.39 10.84 10.27 9.73 9.13 8.62 8.61 9.19 9.83 10.16 10.22 10.14 10.04 9.97 9.99 10.13 10.26 10.38 10.55
10.95 10.87 10.84 10.83 10.73 10.65 10.62 10.66 10.95 11.69 12.48 12.82 12.60 12.03 11.33 10.69 10.33 9.99 9.43 8.95 8.75 8.77 9.14 9.65 9.83 9.78 9.87 10.08 10.24 10.28 10.16 9.77 9.29 9.08 9.19 9.59 10.06 10.48 10.81 11.00 11.12 11.23 11.20 10.77 10.17 9.97 10.05 10.05 9.96 9.89 9.82 9.90 10.22 10.62 10.93 11.04 10.90 10.69 10.66 10.80 10.82 10.56 10.16 9.69 9.31 9.27 9.63 10.12 10.39 10.44 10.43 10.40 10.28 10.09 9.93 9.84 9.83 9.96 10.19
11.02 11.03 11.00 10.86 10.73 10.78 10.97 11.24 11.70 12.36 12.72 12.58 12.11 11.62 11.13 10.65 10.15 9.59 9.14 9.01 9.13 9.38 9.68 9.79 9.68 9.65 9.89 10.16 10.30 10.38 10.43 10.34 10.05 9.61 9.22 9.19 9.64 10.17 10.55 10.87 11.10 11.25 11.05 10.29 9.51 9.34 9.56 9.67 9.63 9.65 9.78 10.01 10.26 10.43 10.51 10.56 10.50 10.34 10.21 10.16 10.21 10.25 10.22 10.22 10.36 10.64 10.82 10.82 10.64 10.41 10.26 10.20 10.14 10.05 9.89 9.71 9.67 9.90 10.17
11.16 11.14 11.01 10.80 10.75 10.89 11.24 11.78 12.46 12.77 12.64 12.21 11.79 11.45 11.02 10.41 9.84 9.55 9.70 10.13 10.47 10.55 10.38 10.08 9.83 9.78 9.90 10.08 10.17 10.23 10.31 10.36 10.33 10.12 9.77 9.63 9.83 10.16 10.35 10.64 10.94 10.99 10.38 9.30 8.61 8.60 8.95 9.20 9.25 9.29 9.38 9.48 9.51 9.53 9.58 9.76 10.01 10.19 10.19 10.11 10.10 10.19 10.32 10.49 10.68 10.83 10.88 10.84 10.74 10.58 10.34 10.14 10.03 9.98 9.90 9.88 9.98 10.11 10.00
10.98 10.87 10.69 10.63 10.72 10.95 11.31 11.81 12.32 12.38 12.00 11.50 11.16 10.75 10.09 9.66 9.69 10.04 10.45 10.62 10.47 10.17 10.02 10.11 10.24 10.17 9.99 9.97 9.97 9.97 10.01 10.00 9.95 9.97 10.12 10.31 10.41 10.42 10.39 10.60 10.64 10.09 8.84 7.82 7.60 7.89 8.41 8.88 9.04 8.95 8.80 8.62 8.43 8.40 8.55 8.88 9.35 9.74 9.89 9.95 10.06 10.19 10.25 10.23 10.24 10.40 10.59 10.72 10.79 10.73 10.55 10.31 10.08 9.85 9.71 9.75 9.75 9.53 9.11
10.84 10.77 10.69 10.67 10.76 10.94 11.17 11.39 11.46 11.24 10.83 10.55 10.31 9.70 9.13 9.39 9.87 10.11 9.95 9.49 9.08 9.11 9.56 10.15 10.51 10.52 10.30 10.06 9.90 9.77 9.80 9.80 9.77 9.92 10.20 10.40 10.41 10.35 10.28 10.33 9.89 8.74 7.64 7.30 7.46 7.78 8.18 8.70 8.97 9.01 8.95 8.75 8.39 8.10 8.05 8.37 8.87 9.17 9.37 9.68 9.96 10.15 10.30 10.51 10.75 10.96 10.98 10.83 10.63 10.43 10.35 10.24 9.97 9.57 9.38 9.31 9.12 8.84 8.62
11.15 11.28 11.26 10.99 10.81 10.79 10.86 10.87 10.70 10.40 10.18 10.16 9.88 9.26 9.12 9.45 9.49 9.09 8.47 8.04 8.16 8.85 9.75 10.44 10.71 10.69 10.62 10.46 10.19 9.86 9.72 9.78 9.82 9.84 9.78 9.64 9.61 9.68 9.79 9.68 9.08 8.34 8.27 8.66 8.92 8.89 8.91 9.11 9.32 9.48 9.53 9.40 9.14 8.82 8.63 8.70 8.91 9.15 9.49 9.87 10.06 10.21 10.54 11.09 11.43 11.42 11.10 10.71 10.36 10.09 9.96 9.84 9.59 9.30 9.09 8.89 8.70 8.61 8.69
11.41 11.48 11.34 10.90 10.57 10.48 10.51 10.45 10.29 10.18 10.21 10.14 9.67 9.15 8.92 8.67 8.21 7.77 7.60 7.82 8.51 9.40 10.30 10.82 10.80 10.65 10.67 10.66 10.41 10.02 9.81 9.84 9.83 9.56 9.16 8.92 9.00 9.30 9.50 9.40 9.22 9.45 9.95 10.30 10.45 10.46 10.36 10.19 10.07 9.93 9.72 9.50 9.40 9.36 9.33 9.31 9.37 9.60 9.90 10.11 10.12 10.26 10.57 10.91 10.86 10.55 10.31 10.27 10.29 10.19 9.88 9.50 9.19 9.05 8.86 8.54 8.20 8.01 8.09
11.05 10.76 10.24 10.01 9.97 10.11 10.24 10.23 10.14 10.08 9.96 9.64 9.17 8.70 8.29 7.88 7.64 7.73 8.29 9.26 10.10 10.64 10.93 10.74 10.21 10.09 10.22 10.23 10.10 9.97 9.93 9.96 9.93 9.69 9.37 9.30 9.51 9.72 9.82 9.89 10.15 10.47 10.63 10.73 10.95 11.27 11.46 11.37 11.04 10.54 10.16 9.92 9.77 9.68 9.63 9.63 9.75 9.90 9.99 10.04 10.02 10.12 10.23 10.17 9.88 9.70 9.88 10.28 10.49 10.29 9.80 9.25 8.95 8.82 8.71 8.54 8.26 7.88 7.67
10.29 9.69 9.05 9.08 9.41 9.86 10.13 10.15 10.05 9.85 9.54 9.16 8.86 8.71 8.67 8.70 8.98 9.61 10.57 11.44 11.84 11.72 11.14 10.27 9.64 9.58 9.62 9.56 9.59 9.71 9.81 9.89 9.98 10.05 10.15 10.35 10.48 10.42 10.31 10.35 10.44 10.40 10.46 10.73 11.20 11.71 12.13 12.24 12.03 11.62 11.23 10.93 10.65 10.32 10.01 9.84 9.83 9.83 9.84 9.93 9.88 9.91 9.88 9.69 9.54 9.78 10.30 10.62 10.36 9.71 9.20 8.95 8.80 8.65 8.57 8.71 8.91 8.90 8.64
10.10 9.67 9.20 9.36 9.79 10.14 10.23 10.15 9.99 9.79 9.57 9.36 9.32 9.60 10.12 10.66 11.28 11.87 12.25 12.36 12.11 11.52 10.68 9.96 9.61 9.50 9.35 9.29 9.41 9.57 9.63 9.67 9.86 10.17 10.43 10.58 10.54 10.42 10.31 10.21 10.08 10.04 10.33 10.84 11.49 12.06 12.38 12.41 12.29 12.05 11.65 11.20 10.86 10.60 10.34 10.10 9.89 9.67 9.65 9.76 9.82 9.86 9.82 9.75 9.88 10.32 10.64 10.37 9.48 8.68 8.49 8.55 8.58 8.61 8.62 8.68 8.94 9.35 9.66
10.47 10.44 10.52 10.87 11.07 10.88 10.46 10.15 10.00 9.93 9.88 9.91 10.15 10.70 11.32 11.82 12.15 12.22 11.99 11.45 10.71 9.97 9.54 9.45 9.55 9.57 9.51 9.60 9.78 9.89 9.82 9.77 9.94 10.22 10.30 10.10 9.94 9.97 10.08 10.08 10.03 10.15 10.59 11.13 11.64 11.95 11.88 11.58 11.35 11.21 10.95 10.74 10.71 10.68 10.55 10.37 10.16 9.93 9.71 9.74 9.90 9.99 10.00 10.08 10.36 10.66 10.48 9.66 8.66 8.25 8.25 8.35 8.45 8.68 9.00 9.04 8.92 8.97 9.42
10.74 10.94 11.36 11.68 11.67 11.29 10.70 10.21 10.01 10.02 10.13 10.34 10.73 11.21 11.50 11.51 11.37 11.12 10.60 9.72 8.82 8.38 8.49 9.02 9.50 9.77 9.94 10.17 10.38 10.51 10.56 10.62 10.70 10.73 10.62 10.35 10.10 10.08 10.15 10.29 10.54 10.97 11.36 11.55 11.59 11.37 10.83 10.27 10.04 10.16 10.37 10.64 10.86 10.83 10.66 10.52 10.43 10.32 10.11 10.03 10.08 10.17 10.28 10.43 10.61 10.54 9.96 9.06 8.53 8.39 8.43 8.52 8.65 8.85 9.15 9.36 9.38 9.23 9.27
10.84 11.04 11.36 11.52 11.49 11.38 11.07 10.57 10.25 10.22 10.30 10.47 10.73 10.89 10.79 10.63 10.54 10.15 9.33 8.46 8.02 8.12 8.69 9.34 9.77 10.04 10.29 10.53 10.72 10.92 11.21 11.49 11.62 11.54 11.34 11.09 10.82 10.64 10.46 10.58 11.02 11.49 11.60 11.49 11.23 10.71 9.94 9.35 9.27 9.72 10.39 10.88 11.01 10.85 10.71 10.65 10.63 10.60 10.45 10.27 10.23 10.31 10.45 10.56 10.54 10.17 9.41 8.78 8.61 8.64 8.68 8.76 8.94 9.12 9.16 9.24 9.56 9.95 10.26
11.03 11.27 11.62 11.76 11.74 11.60 11.49 11.30 11.00 10.72 10.48 10.33 10.26 10.19 10.20 10.33 10.26 9.71 9.03 8.78 9.01 9.40 9.75 10.04 10.21 10.33 10.51 10.69 10.87 11.04 11.28 11.57 11.76 11.79 11.76 11.74 11.67 11.47 11.10 10.91 11.09 11.21 11.21 11.19 10.90 10.25 9.55 9.16 9.25 9.84 10.65 11.14 11.20 11.04 10.90 10.82 10.75 10.68 10.47 10.28 10.22 10.28 10.37 10.42 10.33 9.96 9.33 8.93 8.86 8.92 8.98 8.99 9.04 9.17 9.30 9.44 9.74 10.36 11.20
11.45 11.83 12.34 12.39 12.16 11.76 11.64 11.66 11.53 11.05 10.49 10.05 9.81 9.82 10.07 10.25 9.99 9.57 9.53 9.93 10.36 10.52 10.53 10.57 10.60 10.65 10.75 10.85 10.95 11.10 11.24 11.33 11.35 11.51 11.90 12.35 12.61 12.53 12.15 11.54 11.17 10.97 11.02 10.95 10.45 9.82 9.45 9.42 9.72 10.39 11.09 11.46 11.50 11.35 11.14 10.96 10.79 10.61 10.33 10.19 10.17 10.20 10.23 10.22 10.17 9.93 9.59 9.42 9.38 9.38 9.37 9.29 9.15 9.12 9.40 9.91 10.47 11.15 12.12
11.75 12.00 12.34 12.35 12.15 11.76 11.48 11.34 11.17 10.76 10.22 9.80 9.68 9.86 10.02 9.88 9.64 9.72 10.17 10.56 10.68 10.68 10.69 10.79 10.85 10.83 10.80 10.79 10.83 11.03 11.28 11.35 11.32 11.49 11.96 12.48 12.81 12.92 12.83 12.39 11.58 10.99 10.64 10.24 9.68 9.39 9.46 9.69 10.17 10.92 11.53 11.70 11.63 11.47 11.27 11.05 10.81 10.55 10.26 10.18 10.21 10.24 10.24 10.21 10.20 10.11 9.97 9.94 9.95 9.93 9.86 9.77 9.65 9.59 9.77 10.33 11.35 12.56 13.54
11.60 11.40 11.10 11.10 11.24 11.22 10.98 10.76 10.67 10.50 10.31 10.24 10.39 10.54 10.31 9.82 9.59 9.80 10.07 10.18 10.32 10.53 10.76 10.94 10.94 10.76 10.57 10.47 10.54 10.80 11.12 11.36 11.48 11.60 11.69 11.75 11.84 12.02 12.19 12.08 11.39 10.57 9.86 9.33 9.06 9.13 9.42 9.75 10.43 11.32 11.72 11.60 11.41 11.35 11.26 11.09 10.82 10.52 10.22 10.20 10.33 10.41 10.40 10.33 10.28 10.24 10.23 10.30 10.36 10.42 10.52 10.66 10.73 10.83 11.01 11.49 12.43 13.59 14.21
11.09 10.50 9.50 9.09 9.25 9.60 9.96 10.29 10.62 10.91 11.18 11.51 11.76 11.59 10.91 10.15 9.72 9.52 9.36 9.42 9.87 10.45 10.84 10.99 10.92 10.70 10.44 10.26 10.21 10.37 10.58 10.77 10.89 10.97 10.84 10.61 10.46 10.44 10.47 10.41 10.17 9.72 9.22 8.87 8.90 9.14 9.41 9.91 10.88 11.67 11.67 11.26 11.09 11.14 11.17 11.05 10.82 10.54 10.31 10.40 10.58 10.67 10.61 10.47 10.33 10.27 10.34 10.51 10.65 10.85 11.23 11.73 12.23 12.74 13.18 13.50 13.87 14.22 14.02
10.39 9.61 8.37 7.91 7.92 8.30 9.04 9.84 10.55 11.20 11.74 12.09 12.08 11.61 10.90 10.25 9.74 9.35 9.21 9.46 9.97 10.47 10.80 10.95 10.93 10.81 10.64 10.42 10.14 10.02 10.03 9.99 9.92 9.92 9.88 9.64 9.35 9.17 9.03 9.02 9.08 9.04 8.96 9.04 9.40 9.79 10.19 10.90 11.74 11.97 11.56 11.10 10.99 11.02 11.02 10.98 10.92 10.93 11.06 11.23 11.20 11.00 10.76 10.59 10.47 10.43 10.49 10.68 10.93 11.29 11.92 12.71 13.60 14.34 14.79 14.84 14.63 14.25 13.56
9.83 9.15 8.22 8.08 8.28 8.70 9.23 9.71 10.21 10.78 11.29 11.49 11.23 10.71 10.30 9.99 9.70 9.51 9.63 10.04 10.45 10.78 10.94 11.00 10.97 10.94 10.93 10.89 10.70 10.31 10.04 9.81 9.66 9.52 9.31 8.95 8.56 8.35 8.32 8.44 8.61 8.82 9.22 9.85 10.45 10.95 11.53 12.07 12.31 12.02 11.42 11.06 10.96 10.92 10.90 10.97 11.19 11.57 11.96 12.04 11.65 11.09 10.74 10.65 10.70 10.72 10.69 10.83 11.20 11.79 12.57 13.38 14.06 14.44 14.56 14.38 13.97 13.45 12.96
