project/data/elevation/US_DEM2016/US_DEM2016_point_11-01-2019_0513_30m_ang.asc
ncols	125
nrows	167
xllcorner	-2042055.000000
yllcorner	1465035.000000
cellsize	30.000000
NODATA_value	-9999.000000
[rows 84 to 125 of 167, columns 0 to 93 of 125]
253 249 242 249 256 261 264 266 269 270 270 267 264 261 259 256 253 250 247 249 252 252 254 258 259 258 256 256 255 256 260 264 268 271 268 257 251 254 258 258 256 253 253 255 257 258 259 260 260 260 261 263 263 263 264 264 261 259 258 258 260 262 265 267 269 268 266 265 265 264 262 260 259 262 270 272 266 261 257 254 253 258 264 261 254 248 241 235 233 241 246 247 247 249
253 248 241 250 258 263 266 267 269 269 268 265 262 259 256 254 251 247 246 249 253 255 258 260 261 261 260 258 256 254 254 256 258 262 267 267 259 257 257 255 253 254 255 257 259 260 261 261 259 257 257 258 258 259 261 264 264 261 259 260 260 262 264 266 267 268 270 268 266 263 261 258 257 260 267 272 271 268 264 260 256 257 261 264 258 250 242 236 232 234 240 243 244 246
253 249 245 252 259 263 265 267 268 268 266 263 261 258 254 251 248 247 251 254 258 259 261 263 263 263 262 260 257 254 252 251 252 255 259 262 258 255 252 250 252 256 258 259 261 263 264 262 258 255 253 252 252 254 256 262 20 260 263 261 261 262 264 265 266 267 272 270 266 264 262 259 257 255 257 263 268 269 269 273 264 261 262 267 264 255 246 238 234 234 238 241 240 245
253 249 248 255 260 262 264 267 269 268 265 261 258 255 251 247 246 250 255 259 262 264 265 265 265 265 263 260 258 256 255 252 250 251 252 250 284 248 248 250 255 258 259 261 264 266 266 264 260 256 253 250 247 246 246 253 261 260 261 263 263 264 265 266 265 266 271 271 267 266 265 262 258 253 250 251 256 261 265 268 268 266 267 271 271 263 252 244 240 239 241 240 240 247
252 249 249 256 261 263 265 268 269 268 264 259 256 251 246 257 248 253 256 258 262 265 267 268 267 265 263 260 258 259 259 257 252 250 248 242 237 245 249 253 256 259 260 263 266 268 267 265 263 261 259 255 251 249 247 248 255 261 263 264 265 265 266 265 265 265 269 271 268 268 267 265 260 254 249 247 248 252 255 258 260 262 264 267 269 266 259 253 249 246 243 241 242 249
252 251 253 258 262 265 268 269 268 265 261 257 252 246 243 247 252 254 254 256 259 263 267 267 266 264 263 261 260 259 260 260 256 251 246 239 232 240 249 254 257 259 260 262 265 267 266 265 264 264 264 262 261 260 261 261 261 263 264 264 265 265 264 265 265 265 268 272 271 269 268 267 263 258 252 249 248 249 249 249 250 254 257 258 258 258 259 261 259 253 246 243 246 251
252 252 255 259 263 267 269 268 265 261 257 252 247 244 268 253 256 256 255 256 258 261 263 263 263 263 264 264 263 261 260 261 260 254 248 239 228 232 246 254 258 259 259 261 263 264 264 263 262 262 264 265 267 269 270 271 270 267 264 264 264 263 263 265 265 266 268 274 273 270 268 267 265 262 259 257 254 252 249 247 247 249 250 250 247 245 250 256 258 253 248 247 248 253
253 254 256 261 265 268 268 265 261 256 251 246 245 249 255 259 261 262 262 261 261 261 260 259 261 263 265 266 266 265 264 264 265 260 251 240 225 230 246 255 258 259 260 261 262 263 262 261 259 259 261 264 267 266 264 260 261 263 262 262 261 261 263 265 265 266 269 276 276 271 268 266 265 265 268 266 261 258 255 252 251 250 249 246 242 240 242 245 245 245 247 249 251 255
254 256 259 264 267 267 265 261 256 250 246 244 248 253 258 262 266 268 268 268 267 265 262 261 262 263 264 266 267 267 268 269 270 268 257 241 226 233 249 258 260 260 261 263 263 262 260 259 258 257 257 259 261 259 255 251 250 256 258 260 260 261 263 265 266 266 269 277 277 271 268 265 264 264 269 272 267 262 260 258 257 255 253 249 246 244 243 242 239 240 246 250 253 257
255 256 259 263 265 264 260 255 250 246 244 247 251 255 258 261 265 269 270 271 271 268 266 264 263 263 264 264 265 265 265 266 267 267 258 240 231 240 253 259 262 262 264 265 264 262 260 259 258 257 256 255 254 255 256 253 249 252 255 258 260 262 264 266 266 267 269 274 276 271 268 265 263 262 265 272 270 265 263 263 262 259 255 253 252 250 248 245 242 244 247 251 255 257
256 256 258 260 261 259 256 252 248 247 248 251 254 256 259 261 263 266 268 269 268 266 263 262 262 264 266 266 263 261 260 259 259 257 249 234 237 248 257 261 262 263 264 265 264 263 261 259 258 257 256 253 251 250 251 250 244 246 252 256 259 262 265 266 267 267 267 269 273 271 268 265 262 259 260 268 271 268 266 268 268 262 257 254 254 254 253 251 249 249 250 252 256 257
258 258 258 258 257 256 254 253 252 253 255 255 256 258 261 262 263 265 265 264 263 260 257 257 260 264 268 268 264 261 259 259 258 256 246 232 243 253 259 261 262 263 263 264 264 264 262 261 259 256 254 252 249 247 244 238 232 239 249 254 257 261 265 267 266 266 266 269 275 273 268 263 259 255 255 262 269 270 269 271 272 267 261 259 261 262 259 256 254 252 252 254 257 259
258 257 257 256 256 256 256 256 257 259 260 259 259 261 263 265 265 265 263 261 257 254 253 256 260 264 267 267 265 263 262 262 263 261 251 239 248 256 260 261 261 261 261 262 264 265 264 263 261 258 254 251 249 247 242 234 227 235 247 254 258 262 266 267 265 263 263 266 275 275 268 261 255 251 252 258 263 266 268 271 273 271 267 267 270 271 266 260 258 255 256 257 259 260
257 255 252 254 253 255 256 256 258 260 262 263 263 265 266 266 265 263 259 255 252 251 255 259 263 264 265 264 263 262 261 261 262 261 256 248 253 258 260 260 260 259 260 262 264 265 266 265 263 260 258 256 253 249 243 235 230 237 248 255 260 264 267 267 265 262 261 264 272 275 268 260 253 250 250 254 257 259 264 268 270 269 269 271 274 273 265 261 260 259 259 259 260 260
257 254 251 254 252 253 255 256 258 259 261 264 266 267 266 264 262 258 253 249 249 253 260 264 267 267 265 262 260 259 257 256 255 254 252 249 256 259 259 258 257 257 261 263 265 266 266 265 262 260 261 262 261 257 251 243 237 242 251 257 261 265 267 267 265 263 262 263 270 275 269 260 254 251 250 251 252 255 261 264 264 264 267 270 270 265 260 260 261 260 260 259 260 261
257 256 255 254 253 253 255 256 257 257 259 263 266 266 264 261 257 253 249 247 250 257 263 266 269 270 267 263 260 257 255 253 251 249 247 244 252 257 257 255 256 259 263 264 265 266 266 264 259 256 257 260 262 263 260 251 242 245 251 258 262 265 266 266 265 263 262 263 269 276 272 263 258 254 251 250 250 253 257 259 258 259 262 264 261 256 256 259 260 259 259 258 260 261
258 258 257 257 256 256 256 256 256 256 258 261 263 263 260 256 252 249 248 250 255 260 264 267 269 270 268 264 262 259 256 253 251 248 244 241 247 254 256 257 259 262 263 264 265 266 265 262 257 253 253 253 256 260 260 249 242 247 252 257 261 264 265 265 264 263 262 263 267 273 275 268 263 259 255 252 252 253 254 253 253 255 257 257 254 253 257 259 258 257 257 257 260 262
259 259 259 260 261 260 259 257 257 257 259 260 260 259 256 252 248 248 251 257 262 264 265 267 269 269 267 264 263 261 259 257 253 249 244 240 246 255 258 260 262 263 263 263 265 266 265 262 257 254 251 249 249 251 251 243 242 250 255 257 261 263 264 263 262 261 261 262 264 269 274 271 266 262 259 257 257 256 253 251 251 253 254 254 254 256 260 261 258 255 254 256 259 262
259 260 261 263 265 262 261 260 260 261 262 261 259 256 252 247 247 251 256 260 264 266 266 267 267 267 266 264 264 264 264 262 259 254 249 246 249 257 260 261 261 261 262 263 265 265 264 261 258 256 254 251 249 248 246 242 247 255 258 259 262 263 263 262 261 260 260 261 262 266 274 273 268 264 262 260 260 258 255 252 251 251 251 252 253 256 260 260 257 254 253 256 258 261
260 260 261 263 264 264 263 262 263 264 263 260 256 253 250 249 252 256 259 261 262 264 265 265 265 263 262 262 263 265 268 267 265 263 261 260 261 261 260 260 259 260 262 264 265 264 262 260 258 258 258 257 253 250 246 245 253 261 263 263 264 264 262 261 259 259 259 259 261 265 273 276 270 266 263 261 260 259 258 256 253 251 250 250 250 251 252 253 253 252 254 256 259 261
259 258 256 257 259 261 262 264 264 264 261 257 253 251 253 259 263 263 261 261 261 262 262 264 263 260 257 257 259 263 265 267 267 267 267 269 272 264 259 258 259 261 263 265 265 264 261 258 256 257 259 260 258 255 253 255 264 270 269 268 267 265 262 260 259 259 258 258 259 262 270 278 275 268 264 262 259 258 259 261 259 256 253 252 250 247 245 246 247 251 255 258 260 263
257 255 252 252 253 256 260 261 262 260 258 256 254 255 260 268 274 273 268 265 263 262 262 264 263 259 255 254 256 258 260 261 262 262 263 265 267 261 258 257 259 262 265 266 266 263 260 256 254 254 255 256 259 262 264 269 277 277 273 272 269 265 262 261 261 259 258 256 256 259 266 275 277 271 266 262 258 257 257 260 262 262 261 260 256 251 247 245 247 252 257 260 262 264
257 254 251 250 251 254 259 260 259 258 257 258 258 260 264 268 274 277 275 271 269 267 267 266 264 260 257 256 255 254 255 255 255 255 256 257 257 258 258 257 259 263 266 267 266 263 259 255 252 251 251 252 258 265 271 276 284 283 277 273 270 266 263 263 262 261 258 255 254 255 260 268 273 270 265 262 259 257 256 257 259 263 266 267 264 258 252 249 250 254 258 260 262 263
258 256 253 251 252 256 259 260 260 259 259 260 261 264 266 266 266 268 270 271 271 271 271 268 264 261 260 259 257 255 253 252 251 251 251 251 250 254 258 258 261 264 265 265 264 263 260 255 251 249 248 251 259 265 270 273 281 287 281 273 269 267 265 264 263 261 259 256 254 253 255 260 265 264 263 262 260 258 256 255 256 260 263 265 266 263 257 253 253 254 257 259 261 262
260 258 255 253 254 256 257 258 259 260 261 262 264 265 266 265 261 259 261 264 267 269 270 267 263 260 260 261 260 259 256 253 252 251 250 248 244 244 252 258 263 264 263 262 263 264 261 256 251 248 248 253 258 262 265 267 275 287 287 276 270 269 267 265 263 262 260 258 256 254 253 254 257 259 261 261 261 258 256 255 256 258 259 259 260 261 258 256 256 256 256 258 260 260
260 259 256 255 255 256 256 256 258 261 264 265 265 265 264 262 258 257 259 261 263 265 265 264 260 259 260 260 260 260 259 257 256 255 254 250 243 237 247 258 263 263 262 262 264 265 263 258 252 249 250 253 256 258 259 262 270 282 289 281 272 269 267 265 263 261 260 260 259 257 254 252 252 255 259 261 260 258 256 256 258 259 259 257 256 257 257 258 258 258 258 258 258 259
259 257 255 255 256 256 257 259 261 263 265 265 265 263 261 258 256 258 260 261 262 263 262 261 258 259 261 260 257 256 257 258 258 258 258 254 246 237 246 256 261 262 263 265 266 267 265 260 255 253 253 254 255 255 255 257 262 270 282 282 273 268 267 265 263 260 261 262 261 259 256 252 250 252 257 260 259 257 257 257 259 260 261 259 257 256 257 258 259 259 259 259 259 258
257 256 253 255 256 257 259 263 265 265 264 263 262 260 258 256 256 258 260 262 264 264 263 259 256 258 261 260 257 255 255 256 256 256 255 253 245 238 246 254 259 262 265 267 268 267 265 261 257 256 256 257 256 255 253 253 255 258 266 274 272 268 266 265 262 260 261 263 263 261 257 252 249 250 255 258 258 257 257 258 260 261 261 259 257 255 255 257 259 259 259 259 260 259
258 256 255 256 258 259 262 265 266 264 262 261 259 258 257 255 256 260 263 264 265 267 266 261 257 259 260 259 258 257 257 257 256 254 251 248 241 236 246 254 259 262 265 268 268 266 263 259 257 258 259 259 259 256 254 252 251 251 255 263 268 267 265 264 262 261 263 264 264 261 257 253 249 249 253 257 258 257 257 259 260 261 260 259 257 253 251 254 257 258 259 260 261 261
259 259 259 260 260 262 264 265 264 262 261 259 258 257 256 256 259 263 266 267 268 268 268 263 260 260 259 257 256 257 258 259 259 258 254 248 239 235 247 256 260 263 265 268 269 266 261 257 257 259 260 261 261 259 257 255 252 249 250 256 263 265 264 263 263 263 264 264 263 261 257 254 250 249 253 256 257 257 259 260 261 261 260 259 257 254 252 254 257 257 258 261 261 261
261 261 262 263 263 264 265 264 261 259 259 259 259 259 259 261 265 268 269 269 269 268 267 265 264 262 258 255 254 254 255 257 259 261 260 254 244 241 250 258 261 264 266 268 268 265 261 257 257 259 261 261 261 260 260 259 256 254 253 254 258 262 262 263 264 264 264 263 261 259 257 254 251 250 253 255 256 257 259 261 261 260 260 261 260 258 258 257 257 256 258 260 261 260
261 261 262 264 265 265 263 261 259 258 259 261 262 263 265 268 270 270 270 268 266 264 263 267 268 264 259 255 254 254 253 253 254 257 259 259 255 252 255 260 263 265 266 266 265 264 262 259 259 261 262 261 259 257 257 258 259 260 260 258 258 260 261 262 263 263 263 262 260 258 256 254 251 250 252 254 255 257 259 261 260 260 260 261 264 266 265 261 257 256 258 259 259 258
260 260 261 263 264 264 261 259 258 258 260 262 264 268 270 271 271 269 267 265 262 259 260 267 271 267 260 257 257 256 255 253 251 251 253 256 257 254 256 260 263 265 265 264 262 261 262 263 263 264 263 261 257 255 254 254 256 260 263 264 263 262 262 262 262 262 261 260 259 258 257 254 251 249 252 254 255 257 259 259 259 260 260 261 265 269 267 262 258 257 258 258 258 257
260 259 259 261 262 262 261 260 259 259 260 262 265 268 271 271 270 267 265 262 259 257 258 263 270 271 264 260 259 260 260 258 253 250 250 250 249 246 254 260 263 265 266 263 260 258 260 265 268 267 265 261 257 254 253 252 252 254 258 262 264 263 262 263 263 261 259 258 258 258 258 256 252 250 252 254 256 257 258 259 259 259 258 259 262 264 262 260 258 257 258 258 258 257
260 259 259 260 261 262 262 262 261 261 263 266 268 268 269 268 265 264 263 260 258 259 258 259 264 270 267 262 260 261 263 264 260 255 252 249 245 243 253 260 264 266 266 263 258 255 256 263 271 271 267 263 259 256 255 253 253 252 252 253 257 259 261 262 263 261 259 259 259 259 258 257 254 252 253 255 256 257 259 260 260 259 257 257 258 256 256 257 258 257 258 259 259 259
260 260 261 261 261 262 263 263 263 264 267 269 269 268 266 263 261 261 260 258 259 261 260 260 261 264 265 263 261 260 261 265 266 262 256 251 246 245 254 261 265 267 267 263 257 254 256 261 270 273 269 265 262 259 257 255 254 253 250 248 248 253 258 261 262 261 261 262 261 260 257 255 254 253 254 256 256 257 260 262 261 259 257 258 256 254 252 255 258 259 259 259 259 260
262 262 263 262 262 262 264 264 264 267 270 270 268 266 264 261 260 259 258 258 261 263 263 262 261 261 263 263 261 259 258 260 265 266 261 254 249 249 256 262 265 266 266 262 256 255 256 259 266 272 271 267 264 262 258 256 254 254 252 249 245 248 256 259 261 262 263 264 263 260 257 254 252 251 254 257 257 259 261 262 261 259 259 259 257 255 254 254 257 259 260 260 261 262
263 264 264 263 262 263 264 264 266 269 271 269 266 264 262 260 259 258 258 260 262 263 264 263 262 262 265 266 262 258 256 256 259 263 262 258 255 256 260 263 265 265 264 260 255 256 257 259 263 270 273 270 266 263 259 255 253 253 253 250 246 249 255 258 261 262 263 263 262 259 256 253 250 250 253 257 258 261 262 262 261 259 259 258 257 257 256 256 257 259 262 263 263 263
263 264 264 263 263 264 264 265 266 268 269 267 266 263 260 258 257 258 259 261 262 262 262 262 261 263 266 267 263 259 257 256 256 258 260 260 260 260 262 264 265 265 261 255 253 257 259 259 262 268 273 273 269 264 260 256 254 253 252 249 248 251 255 258 261 262 263 262 261 258 256 253 250 249 252 256 259 261 262 261 260 260 260 259 257 256 256 256 257 260 262 264 264 264
263 264 264 265 264 265 266 267 267 266 266 266 266 263 259 257 259 260 260 259 259 260 261 261 261 261 264 266 264 260 257 256 256 257 258 259 259 259 265 263 265 262 256 252 254 259 260 260 261 265 271 275 273 268 263 259 256 254 252 249 249 253 256 259 262 263 263 262 261 257 254 251 248 248 251 255 258 260 260 260 260 261 261 260 259 258 256 256 258 261 263 263 263 263
263 264 265 266 267 267 268 269 267 265 263 264 265 263 260 260 260 260 258 256 257 260 262 263 262 260 261 266 266 262 258 257 257 258 258 258 256 256 258 262 262 258 253 254 259 262 262 262 262 264 268 273 275 274 269 264 260 257 254 252 252 255 257 260 263 264 263 262 261 257 253 249 245 246 251 255 257 258 259 260 261 261 261 262 262 261 259 259 261 263 264 264 263 263
263 263 264 265 266 267 269 269 268 265 267 263 263 262 261 262 260 258 257 258 260 263 265 265 263 259 259 263 265 263 259 258 257 258 259 258 256 256 258 260 259 256 256 258 260 261 263 263 263 263 266 269 272 275 273 268 263 258 256 254 254 256 258 260 262 261 261 261 260 257 253 248 243 245 251 255 256 257 258 259 260 260 261 263 264 263 262 263 265 266 265 264 263 262
