project/data/elevation/US_DEM2016/US_DEM2016_point_10-30-2019_1336_30m_vel.asc
ncols	125
nrows	167
xllcorner	-2042055.000000
yllcorner	1465035.000000
cellsize	30.000000
NODATA_value	-9999.000000
[rows 70 to 104 of 167, columns 0 to 79 of 125]
10.90 10.26 9.35 9.14 9.01 8.83 8.56 8.10 7.39 6.73 6.56 7.27 8.85 10.67 12.17 12.96 13.09 12.74 12.24 11.97 11.97 12.20 12.64 13.40 13.80 13.41 12.42 11.18 10.02 9.32 9.11 9.30 9.82 10.22 10.45 10.48 10.45 10.60 11.00 11.29 11.16 10.78 10.41 10.28 10.16 9.57 8.65 7.46 6.78 6.84 7.44 8.42 9.30 9.61 9.43 8.75 7.55 6.49 6.05 5.94 5.70 5.51 5.68 6.09 6.42 6.62 6.78 6.55 5.96 5.35 5.07 4.87 4.56 4.11 3.81 3.86 4.11 4.47 4.98 5.59
10.82 10.22 9.42 9.19 9.11 9.02 8.88 8.69 8.24 7.48 6.74 6.67 7.51 8.92 10.51 11.84 12.66 13.17 13.15 13.17 13.29 13.44 14.22 14.29 14.03 13.21 12.12 10.96 9.79 9.01 8.61 8.60 8.82 9.23 9.74 10.18 10.40 10.54 10.78 11.05 10.78 10.30 9.97 9.93 9.77 8.83 7.94 7.57 8.08 9.05 9.93 10.45 10.50 10.05 9.33 8.55 7.87 7.35 6.99 6.62 6.26 6.03 6.02 6.33 7.29 8.28 8.92 8.91 8.53 8.17 7.79 7.18 6.16 5.30 4.86 4.93 5.40 6.09 6.85 7.80
10.78 10.17 9.48 9.27 9.26 9.27 9.33 9.55 9.77 9.70 9.19 8.62 8.60 9.09 9.89 11.12 12.25 13.37 13.86 14.26 14.74 14.89 15.16 14.77 14.14 13.12 12.31 11.65 10.83 10.44 10.30 10.12 9.68 9.47 9.66 9.99 10.21 10.38 10.49 10.29 9.85 9.44 9.30 9.37 9.43 9.29 9.62 10.52 11.45 12.00 12.11 11.75 11.08 10.29 9.87 9.83 9.83 9.80 9.61 9.32 9.13 9.21 9.51 10.16 10.97 11.35 11.06 10.56 10.03 9.48 8.71 7.68 6.54 5.98 5.99 6.42 7.02 7.89 9.16 11.08
10.68 10.11 9.49 9.36 9.48 9.60 9.79 10.26 10.98 11.61 11.83 11.73 11.48 11.10 11.03 11.62 12.64 14.01 14.90 15.45 15.97 15.98 15.39 14.63 13.64 12.93 12.65 12.50 12.17 11.88 11.71 11.58 11.16 10.83 10.61 10.46 10.42 10.37 10.09 9.59 9.32 9.47 9.60 9.83 10.21 10.76 11.51 12.26 12.57 12.37 12.00 11.51 11.03 10.57 10.43 10.63 10.77 11.00 11.26 11.51 11.74 12.13 12.54 12.79 12.54 11.79 10.69 10.03 9.47 8.61 7.63 6.80 6.35 6.43 7.01 7.90 8.89 10.26 12.41 15.07
10.64 10.19 9.65 9.59 9.75 9.84 9.95 10.51 11.65 12.89 13.76 14.15 14.10 13.67 13.18 13.15 13.85 15.07 15.84 15.80 16.30 15.63 14.59 13.74 12.72 12.37 12.50 12.68 12.58 12.26 11.92 11.69 11.34 11.06 10.73 10.48 10.40 10.19 9.88 9.78 10.00 10.19 10.24 10.43 10.72 10.84 10.88 10.80 10.36 9.93 9.72 9.87 10.20 10.40 10.30 10.27 10.43 10.75 11.18 11.67 12.20 12.74 12.80 12.23 10.91 9.33 8.34 8.32 8.22 7.57 6.92 6.69 6.86 7.38 8.36 9.55 10.92 12.78 15.24 17.24
10.69 10.32 9.91 9.94 10.10 10.17 10.38 11.22 12.71 13.80 14.29 14.39 14.41 14.45 14.47 14.78 15.41 16.08 16.08 15.70 15.29 14.75 13.84 12.76 11.95 11.62 11.62 11.93 12.15 12.05 11.70 11.23 10.42 9.83 9.60 9.75 9.95 9.95 9.82 9.73 9.67 9.76 9.96 10.20 10.26 9.84 9.30 8.65 8.34 8.18 8.19 8.55 9.11 9.51 9.67 9.83 10.09 10.25 10.44 10.79 11.35 11.69 11.18 9.66 7.91 6.82 6.64 7.17 7.71 7.76 7.57 7.65 8.16 9.11 10.44 11.86 13.43 15.30 16.75 17.19
10.78 10.51 10.26 10.33 10.59 11.01 11.82 12.80 13.30 13.10 12.58 12.28 12.64 13.60 14.48 15.33 15.98 15.88 15.22 14.37 13.74 13.17 12.62 12.09 11.65 11.35 11.07 11.16 11.53 11.75 11.64 11.24 10.39 9.74 9.67 9.87 9.96 9.73 9.30 8.90 8.74 9.06 9.65 9.85 9.77 9.50 9.30 8.96 8.69 8.68 8.73 8.73 8.69 8.84 9.25 9.68 10.01 10.05 10.12 10.36 10.56 10.16 8.88 7.50 6.71 6.56 6.99 7.52 8.21 8.92 9.45 10.05 11.19 12.62 14.01 15.47 16.88 17.72 17.39 15.94
10.86 10.56 10.38 10.50 10.90 11.73 12.41 12.52 11.83 10.68 9.96 10.24 11.32 12.83 14.14 15.07 15.08 15.07 14.12 13.15 12.48 12.08 11.80 11.62 11.44 11.23 10.90 10.86 11.10 11.53 11.86 11.90 11.51 11.24 11.11 10.89 10.41 9.70 9.11 8.90 9.13 9.50 9.68 9.44 9.22 9.05 8.99 8.79 8.53 8.40 8.33 8.25 8.20 8.56 9.19 9.77 10.19 10.39 10.53 10.57 10.13 8.98 7.82 7.48 7.78 8.36 8.80 9.28 10.17 11.54 12.50 13.63 15.21 16.67 17.71 18.54 18.88 18.32 16.68 15.20
10.77 10.20 9.86 10.08 10.43 10.98 11.07 10.52 9.80 9.45 9.66 10.48 11.81 13.32 14.43 15.02 14.90 14.17 13.22 12.38 11.76 11.34 11.11 11.01 10.90 10.70 10.44 10.48 10.67 11.05 11.64 12.12 12.25 12.12 11.84 11.34 10.59 9.78 9.38 9.29 9.26 9.05 8.72 8.38 8.13 7.85 7.40 6.98 6.84 6.85 6.97 7.29 7.93 8.78 9.53 10.11 10.62 10.82 10.73 10.26 9.36 8.31 7.98 8.55 9.62 10.40 11.09 12.18 13.67 14.57 15.30 16.31 17.76 18.16 17.99 18.46 17.66 16.34 15.12 14.53
10.50 9.70 9.19 9.44 9.61 9.77 9.83 9.84 10.12 10.66 11.35 12.29 13.54 14.65 15.21 15.10 14.43 13.47 12.59 11.86 11.22 10.73 10.42 10.29 10.14 9.86 9.60 9.62 9.59 9.82 10.21 11.02 11.55 11.62 11.38 10.93 10.30 9.62 9.14 8.69 8.19 7.70 7.42 7.47 7.38 7.08 6.61 6.37 6.62 7.14 7.78 8.59 9.52 10.13 10.35 10.39 10.33 9.95 9.24 8.37 7.72 7.66 8.27 9.55 10.99 12.31 13.82 15.17 15.73 15.94 16.07 16.47 16.53 17.07 16.52 15.75 14.27 13.47 12.95 13.21
10.15 9.48 9.16 9.56 9.79 9.93 10.20 10.72 11.50 12.19 13.00 14.04 15.16 15.58 15.35 14.49 13.38 12.37 11.58 10.96 10.44 10.06 9.79 9.57 9.38 9.13 8.75 8.32 7.81 7.83 8.01 8.72 9.65 10.30 10.45 10.29 9.93 9.63 9.22 8.70 8.30 8.11 8.15 8.37 8.28 8.08 7.89 8.01 8.46 9.22 10.03 10.66 11.01 11.05 10.64 10.23 9.65 8.89 8.14 7.63 7.57 8.11 9.18 10.75 12.39 14.12 15.46 15.75 15.32 14.88 14.74 14.74 14.55 13.79 13.19 12.87 12.49 12.03 11.62 11.48
9.92 9.62 9.68 10.28 10.66 10.86 11.13 11.67 12.42 13.22 14.15 15.04 15.53 15.28 14.33 13.09 11.93 10.87 10.13 9.59 9.26 9.18 9.18 9.02 8.90 8.68 8.13 7.10 6.28 6.00 5.94 6.32 7.29 8.52 9.30 9.79 9.94 10.19 10.22 10.19 10.26 10.42 10.63 10.57 10.31 10.09 10.01 10.28 10.73 10.93 10.94 10.84 10.73 10.52 10.38 10.25 10.09 10.13 10.11 9.99 10.04 10.41 11.20 12.49 13.84 14.90 14.92 13.84 13.05 13.02 13.17 13.10 12.72 11.94 11.64 11.61 11.70 11.72 11.39 10.82
10.15 10.11 10.18 10.42 10.75 11.14 11.63 12.26 13.05 13.89 14.67 15.06 14.81 13.89 12.66 11.64 10.75 9.85 9.06 8.56 8.39 8.31 8.19 8.31 8.46 8.40 8.01 7.11 5.84 5.29 5.19 5.64 6.36 7.15 8.22 9.25 9.89 10.45 10.84 11.30 11.79 12.14 12.21 11.92 11.57 11.41 11.38 11.50 11.57 11.18 10.65 10.48 10.67 10.80 10.69 10.67 10.87 11.36 11.66 11.84 12.04 12.39 12.99 13.74 14.49 14.43 13.28 12.13 11.88 12.26 12.49 12.30 11.69 11.23 11.08 11.11 11.27 11.50 11.30 10.98
10.58 10.63 10.49 10.27 10.47 11.09 11.85 12.67 13.48 14.12 14.47 14.33 13.60 12.51 11.48 10.69 9.99 9.29 8.59 8.09 7.78 7.48 7.23 7.38 7.86 8.21 8.32 8.14 7.38 6.84 6.88 7.28 7.37 7.51 7.98 8.84 9.47 10.05 10.72 11.51 12.04 12.12 11.93 11.57 11.40 11.47 11.59 11.61 11.55 11.34 11.36 11.58 11.68 11.52 11.06 10.94 11.01 11.22 11.63 12.11 12.64 13.10 13.59 13.91 13.97 13.31 12.28 12.02 12.22 12.32 12.15 11.60 10.75 10.04 9.69 9.87 10.21 10.48 10.62 10.61
10.66 10.72 10.67 10.57 10.83 11.44 12.19 12.98 13.58 13.85 13.77 13.26 12.40 11.45 10.64 9.95 9.30 8.68 8.11 7.60 7.11 6.70 6.58 6.91 7.68 8.49 9.17 9.83 10.34 10.48 10.39 10.00 9.47 9.07 8.89 9.06 9.61 10.43 11.26 11.71 11.51 11.05 10.82 10.92 11.05 11.33 11.66 11.99 12.39 12.74 12.72 12.51 12.07 11.59 11.13 11.02 11.09 11.36 11.94 12.42 12.89 13.19 13.34 13.26 12.93 12.34 11.93 12.18 12.28 12.04 11.52 10.51 9.55 8.46 7.68 7.68 8.08 8.50 8.93 9.31
10.58 10.62 10.78 11.06 11.52 12.08 12.60 13.03 13.31 13.28 12.95 12.29 11.46 10.64 9.91 9.20 8.47 7.73 7.13 6.72 6.52 6.61 7.04 7.78 8.74 9.58 10.41 11.28 12.17 12.70 12.68 12.06 11.23 10.58 10.22 10.08 10.75 11.71 11.85 11.34 10.54 10.21 10.53 10.97 11.17 11.56 12.27 12.92 13.47 13.78 13.56 12.87 12.19 11.72 11.25 11.16 11.41 11.84 12.22 12.35 12.43 12.43 12.40 12.37 12.07 11.71 11.44 11.56 11.43 11.16 10.83 9.89 9.35 8.21 7.04 6.63 6.42 6.31 6.52 7.02
10.65 10.76 11.04 11.51 12.07 12.41 12.49 12.51 12.66 12.64 12.29 11.64 10.82 10.00 9.21 8.36 7.42 6.56 6.14 6.16 6.53 7.28 8.21 9.11 10.00 10.71 11.27 11.74 12.22 12.65 12.79 12.68 12.20 11.56 11.15 11.05 11.46 11.69 11.05 10.18 9.76 9.90 10.18 10.44 10.70 11.39 12.23 12.84 13.15 13.39 13.43 13.14 12.71 12.21 11.59 11.37 11.44 11.44 11.37 11.35 11.19 11.11 11.31 11.61 11.59 11.30 10.86 10.61 10.44 10.40 10.40 10.47 10.43 10.02 8.81 7.54 6.52 5.77 5.35 5.40
10.79 10.91 11.16 11.51 11.74 11.69 11.60 11.74 12.09 12.29 11.92 11.18 10.29 9.34 8.27 7.23 6.53 6.32 6.59 6.97 7.41 8.03 8.82 9.70 10.54 11.11 11.33 11.32 11.28 11.30 11.67 12.21 12.50 12.38 12.04 11.61 11.09 10.34 9.65 9.41 9.34 9.28 9.11 9.18 9.82 10.70 11.37 11.40 11.26 11.42 11.62 11.90 12.07 12.06 11.82 11.49 11.14 10.74 10.54 10.50 10.49 10.69 11.09 11.41 11.43 11.11 10.68 10.35 10.12 10.22 10.52 10.98 11.44 11.80 11.73 10.64 9.35 8.15 7.35 6.79
10.78 10.84 10.92 10.97 10.84 10.77 11.11 11.81 12.31 12.24 11.56 10.59 9.57 8.45 7.34 6.85 7.10 7.91 8.40 8.61 8.69 8.89 9.38 10.02 10.54 10.76 10.67 10.54 10.56 10.57 10.86 11.44 12.12 12.49 12.47 11.89 10.68 9.63 9.12 9.15 9.02 8.82 8.76 9.03 9.57 10.06 10.17 9.50 8.73 8.38 8.54 8.87 9.38 10.04 10.46 10.71 10.72 10.61 10.60 10.74 10.97 11.21 11.31 11.27 11.18 10.97 10.65 10.41 10.27 10.46 10.91 11.26 11.68 12.31 12.99 13.16 12.74 12.06 11.36 10.47
10.74 10.73 10.73 10.74 10.73 11.08 11.82 12.44 12.50 11.87 10.72 9.46 8.32 7.29 6.84 7.15 8.04 8.85 9.31 9.56 9.68 9.84 10.10 10.24 10.06 9.71 9.52 9.72 10.22 10.63 10.82 10.95 11.18 11.59 11.88 11.75 10.79 9.91 9.36 9.29 9.28 9.41 9.53 9.62 9.69 9.69 9.38 8.34 7.14 6.66 6.58 6.70 7.10 7.97 9.01 9.89 10.44 10.73 10.97 11.26 11.46 11.30 10.97 10.74 10.73 10.66 10.41 10.33 10.38 10.59 10.87 11.04 11.18 11.53 12.17 12.96 13.44 13.63 13.57 13.25
10.78 10.75 10.81 11.00 11.34 11.94 12.48 12.52 11.88 10.65 9.18 7.66 6.41 5.81 5.84 6.37 6.98 7.63 8.46 9.20 9.81 10.20 10.23 9.75 9.00 8.51 8.59 9.09 9.55 9.82 9.98 9.99 10.04 10.42 11.02 11.39 10.98 10.37 9.91 9.94 10.07 10.23 10.25 10.27 10.20 10.07 9.76 9.06 8.20 7.63 7.51 7.83 8.62 9.54 10.26 10.59 10.72 10.83 10.99 11.11 11.02 10.61 10.26 10.20 10.32 10.24 9.92 9.95 10.13 10.25 10.31 10.41 10.22 9.88 9.99 10.58 11.49 12.23 12.83 13.30
10.83 10.82 10.92 11.26 11.79 12.31 12.37 11.73 10.46 8.81 7.28 6.02 5.24 4.90 4.85 5.00 5.39 6.02 6.84 7.83 8.72 9.32 9.30 8.86 8.46 8.36 8.52 8.69 8.52 8.25 8.24 8.39 8.73 9.35 10.19 10.85 10.86 10.43 10.16 10.37 10.52 10.63 10.79 11.20 11.31 11.27 11.13 10.92 10.81 10.68 10.47 10.91 11.63 12.07 12.01 11.42 10.95 10.72 10.56 10.33 10.02 9.73 9.55 9.68 9.85 9.70 9.38 9.46 9.58 9.60 9.60 9.59 9.21 8.57 8.25 8.47 9.07 9.68 10.31 11.09
10.88 10.90 11.05 11.48 12.02 12.16 11.56 10.30 8.71 7.22 6.12 5.49 5.26 5.26 5.28 5.28 5.43 5.76 6.23 6.88 7.56 8.01 8.21 8.48 8.81 9.05 9.17 9.03 8.71 8.49 8.40 8.48 8.80 9.18 9.58 10.06 10.34 10.25 10.25 10.57 10.79 11.06 11.52 12.22 12.45 12.42 12.30 12.24 12.43 12.77 12.99 13.01 12.81 12.20 11.43 10.95 10.71 10.44 10.00 9.44 8.93 8.70 8.76 9.06 9.41 9.52 9.43 9.39 9.28 9.16 9.11 9.09 8.76 8.12 7.56 7.34 7.61 7.87 8.02 8.39
10.95 11.01 11.21 11.59 11.75 11.26 10.07 8.55 7.20 6.29 5.79 5.66 5.83 6.22 6.63 6.93 7.04 7.10 7.38 7.89 8.38 8.68 8.89 9.16 9.38 9.72 10.29 10.77 11.01 11.04 10.92 10.84 10.83 10.63 9.93 9.64 9.93 10.29 10.71 11.15 11.47 11.90 12.46 12.98 12.94 12.73 12.56 12.57 12.82 13.25 13.46 13.29 12.61 11.53 10.73 10.66 10.63 10.27 9.62 8.89 8.32 8.16 8.49 9.08 9.71 10.06 10.07 9.84 9.41 9.16 9.01 8.99 8.72 7.98 7.02 6.22 6.05 6.05 5.95 6.15
10.99 11.04 11.13 11.10 10.55 9.38 7.92 6.73 5.99 5.67 5.75 6.12 6.62 7.24 8.01 8.84 9.46 9.86 10.31 10.82 11.18 11.22 10.95 10.43 10.01 10.24 11.19 11.95 12.29 12.25 12.07 11.84 11.53 10.99 10.04 9.65 9.98 10.68 11.43 11.96 12.31 12.64 12.89 12.94 12.57 12.27 12.25 12.46 12.81 13.10 12.97 12.75 12.62 12.45 12.03 11.45 10.87 10.34 9.85 9.43 9.17 9.12 9.43 9.93 10.38 10.50 10.28 9.94 9.54 9.47 9.49 9.33 8.78 7.62 6.20 5.06 4.66 4.46 4.37 4.60
10.98 10.98 10.79 10.18 9.01 7.62 6.47 5.77 5.53 5.72 6.31 7.11 7.95 8.82 9.76 10.83 11.70 12.51 13.16 13.40 13.17 12.57 11.68 10.87 10.44 10.71 11.35 11.41 10.92 10.52 10.17 9.95 9.81 9.62 9.51 9.82 10.42 11.17 11.95 12.38 12.54 12.52 12.28 11.89 11.66 11.54 11.72 12.06 12.43 12.70 12.56 12.40 12.46 12.61 12.47 11.78 11.01 10.45 10.14 10.01 10.05 10.27 10.48 10.73 10.82 10.60 10.09 9.82 9.84 10.28 10.44 9.99 9.06 7.59 5.95 4.93 4.53 4.20 4.02 4.19
11.02 10.93 10.48 9.65 8.69 7.83 7.16 6.75 6.68 7.04 7.70 8.55 9.54 10.56 11.61 12.53 13.34 13.91 14.01 13.55 12.59 11.47 10.68 10.48 10.77 11.27 11.43 10.75 9.70 9.10 8.87 8.94 9.23 9.30 9.52 10.13 10.86 11.47 11.97 12.19 12.11 11.77 11.23 10.75 10.61 10.71 10.89 11.16 11.31 11.18 11.14 11.22 11.32 11.33 11.15 10.94 10.61 10.21 9.90 9.76 9.93 10.44 10.90 11.21 11.18 10.87 10.45 10.31 10.49 10.89 10.92 10.31 9.46 8.50 7.21 6.31 5.67 5.03 4.89 5.08
10.94 10.75 10.21 9.71 9.37 9.00 8.72 8.67 8.91 9.18 9.51 10.13 11.06 12.16 13.17 13.79 13.99 13.69 12.81 11.50 10.21 9.38 9.36 9.96 10.79 11.70 11.99 11.69 11.22 11.00 10.96 10.98 10.85 10.48 10.29 10.55 10.96 11.36 11.60 11.62 11.24 10.66 10.15 9.91 9.84 9.95 10.20 10.27 9.76 8.94 8.58 8.77 9.16 9.32 9.42 9.67 9.87 9.81 9.68 9.71 10.00 10.57 10.98 11.12 10.96 10.69 10.54 10.55 10.56 10.61 10.50 10.02 9.85 9.78 9.28 8.37 7.49 6.59 6.80 7.16
10.69 10.40 10.00 9.90 9.91 9.97 10.12 10.49 10.99 11.35 11.60 11.98 12.72 13.59 14.05 13.96 13.31 12.17 10.79 9.52 8.72 8.52 8.96 9.79 10.78 12.04 12.66 12.98 13.10 13.10 12.96 12.63 12.11 11.51 11.01 10.87 10.93 11.10 11.16 10.84 10.13 9.51 9.35 9.51 9.68 9.99 10.30 10.18 9.15 7.97 7.38 7.26 7.13 7.40 8.12 8.94 9.55 9.79 9.81 9.94 10.31 10.73 10.78 10.59 10.29 10.09 9.98 9.91 9.81 9.84 9.76 9.72 10.33 11.05 11.33 10.99 10.20 9.47 9.94 10.28
10.53 10.31 10.07 10.19 10.62 11.21 11.82 12.37 12.79 13.06 13.25 13.51 13.87 14.04 13.70 12.82 11.62 10.32 9.22 8.58 8.73 9.30 10.00 10.64 11.49 12.39 12.64 12.54 12.56 12.55 12.38 12.13 11.90 11.67 11.20 10.92 10.86 10.75 10.38 9.79 9.34 9.44 9.74 10.03 10.30 10.71 10.95 10.83 10.15 9.43 8.90 8.38 7.68 7.87 8.65 9.39 9.88 10.19 10.37 10.52 10.66 10.81 10.68 10.45 10.22 9.99 9.70 9.54 9.57 9.77 9.85 10.09 10.88 11.71 12.37 12.72 12.84 12.87 13.15 13.30
10.56 10.43 10.28 10.50 11.15 11.96 12.62 13.07 13.28 13.41 13.54 13.69 13.70 13.24 12.28 11.05 9.81 8.74 8.04 8.07 9.01 10.07 10.83 11.39 12.01 12.32 11.83 11.02 10.58 10.44 10.46 10.73 11.07 11.27 11.02 10.75 10.50 10.05 9.48 9.24 9.68 10.49 10.85 10.95 11.04 11.29 11.41 11.31 11.05 11.10 11.11 10.83 10.37 10.09 10.13 10.08 10.17 10.52 10.96 11.18 11.21 11.25 11.09 10.93 10.72 10.46 10.24 10.33 10.65 10.71 10.59 10.64 10.98 11.38 11.97 12.84 13.70 14.27 14.47 14.35
10.49 10.41 10.27 10.47 10.92 11.46 11.79 11.95 12.01 12.13 12.37 12.54 12.35 11.68 10.64 9.43 8.28 7.61 7.58 8.20 9.24 10.08 10.71 11.15 11.46 11.30 10.44 9.51 8.83 8.49 8.68 9.19 9.76 10.17 10.44 10.44 10.16 9.81 9.77 10.27 11.04 11.44 11.46 11.39 11.38 11.44 11.40 11.10 10.99 11.19 11.46 11.64 11.65 11.34 10.61 10.07 10.16 10.62 11.10 11.45 11.68 11.87 11.81 11.64 11.38 11.13 11.07 11.22 11.37 11.13 10.85 10.77 10.76 10.87 11.28 12.01 12.80 13.35 13.50 13.43
10.38 10.35 10.33 10.44 10.51 10.51 10.41 10.24 10.24 10.52 10.90 11.00 10.60 9.77 8.70 7.75 7.47 7.88 8.87 9.83 10.33 10.63 10.84 10.95 10.82 10.17 8.98 7.95 7.25 6.96 7.10 7.41 7.78 8.35 9.00 9.54 9.97 10.38 10.91 11.40 11.61 11.53 11.32 11.23 11.25 11.24 11.05 10.60 10.20 9.99 10.06 10.45 10.86 10.82 10.26 9.94 10.14 10.60 11.08 11.58 12.06 12.41 12.39 12.19 11.88 11.56 11.32 11.10 10.83 10.38 10.30 10.41 10.53 10.68 10.90 11.08 11.25 11.30 11.47 11.97
10.65 10.82 11.01 10.87 10.54 10.10 9.69 9.40 9.44 9.80 9.99 9.60 8.69 7.56 6.61 6.57 7.66 9.32 10.63 11.33 11.63 11.70 11.60 11.41 11.12 10.53 9.28 7.87 6.96 6.68 6.63 6.69 6.95 7.36 7.96 8.85 9.85 10.59 10.90 10.89 10.72 10.65 10.64 10.71 10.83 10.85 10.62 9.99 9.17 8.58 8.41 8.57 8.94 9.39 9.56 9.74 10.02 10.43 10.95 11.54 12.12 12.51 12.47 12.24 11.92 11.58 11.19 10.75 10.31 9.90 9.85 10.02 10.24 10.33 10.34 10.50 10.34 10.03 9.90 10.37
11.15 11.42 11.56 11.26 10.75 10.19 9.74 9.51 9.47 9.32 8.68 7.56 6.30 5.29 5.00 5.65 7.29 9.22 10.54 11.42 11.92 12.09 12.01 11.96 11.97 11.69 10.93 9.83 9.06 8.91 8.94 8.79 8.86 8.98 9.23 9.72 10.22 10.40 10.26 9.98 9.73 9.72 10.04 10.33 10.58 10.62 10.33 9.63 8.79 8.24 7.91 7.45 7.14 7.35 7.98 8.85 9.63 10.22 10.76 11.36 11.90 12.11 12.00 11.74 11.58 11.51 11.33 10.99 10.62 10.17 9.87 9.86 9.94 10.03 10.25 10.44 10.19 9.75 9.24 9.05
