project/data/elevation/US_DEM2016/US_DEM2016_point_10-30-2019_1841_30m_ang.asc
ncols	125
nrows	167
xllcorner	-2042055.000000
yllcorner	1465035.000000
cellsize	30.000000
NODATA_value	-9999.000000
[rows 104 to 155 of 167, columns 0 to 95 of 125]
354 354 355 355 354 351 349 349 349 350 353 360 9 17 16 7 357 355 356 357 357 358 358 358 359 2 5 5 2 358 355 353 352 352 352 351 350 349 350 353 357 358 359 359 359 1 5 9 9 8 5 4 4 5 3 358 353 349 347 348 350 352 356 359 2 4 5 5 1 356 350 346 346 350 357 3 8 10 7 3 4 5 6 6 6 6 5 4 4 3 1 359 359 357 355 353
349 352 356 357 357 355 352 351 352 355 2 11 17 19 13 1 350 347 349 352 354 356 357 356 358 2 6 6 3 0 358 357 356 355 354 353 352 350 351 355 358 359 358 357 358 1 6 11 12 10 9 8 5 360 355 351 348 346 345 345 347 351 356 359 1 3 5 6 4 359 353 348 346 347 354 2 9 12 10 5 2 2 2 3 5 7 7 7 5 3 0 359 358 356 354 354
347 350 356 358 359 358 357 355 358 4 10 14 13 10 4 358 353 350 349 350 351 353 354 354 356 0 3 4 3 2 1 1 0 360 358 356 355 353 352 355 359 359 357 356 357 1 6 11 13 14 14 13 6 356 349 347 346 345 343 343 345 350 355 357 359 1 4 7 7 3 356 351 348 348 352 1 9 12 12 9 5 3 359 357 359 2 4 5 4 2 359 357 356 355 355 356
349 351 355 358 360 360 0 1 4 7 8 7 5 1 358 356 357 357 356 354 353 351 351 352 355 359 0 1 2 3 4 4 4 3 2 0 358 356 354 356 357 357 356 357 359 0 5 10 14 16 16 12 4 355 350 348 345 343 341 341 344 349 352 355 357 360 3 6 8 6 1 355 353 352 353 359 6 11 13 11 7 3 1 358 357 358 0 2 2 0 358 355 354 354 356 359
353 353 355 357 359 360 2 3 4 4 2 0 358 355 354 355 358 360 360 358 355 353 351 353 357 359 0 1 1 2 4 6 6 5 4 3 1 359 357 356 355 355 357 359 0 0 2 7 12 15 14 9 3 358 354 350 346 342 341 341 344 347 350 354 357 359 2 5 7 7 4 359 357 356 356 359 4 10 13 11 6 3 2 2 360 359 359 360 360 359 356 355 354 355 357 359
354 354 355 357 357 358 360 1 1 359 356 354 353 352 353 355 357 359 359 358 356 355 354 356 359 1 1 2 3 3 4 5 4 3 2 2 3 2 359 356 355 357 359 1 360 358 359 3 8 11 10 8 5 2 358 353 348 344 343 342 343 346 349 353 357 0 2 3 5 6 5 3 0 359 358 359 3 9 12 11 6 3 2 3 3 1 359 359 359 357 356 355 355 357 358 360
353 354 356 356 356 356 357 357 355 353 352 350 350 351 353 356 358 357 357 357 356 355 356 359 2 3 2 3 4 5 5 4 3 2 1 1 2 3 0 358 359 0 1 359 357 356 357 360 4 6 7 7 6 5 2 357 353 349 347 345 344 346 349 353 357 2 3 2 3 4 5 4 3 1 359 359 2 8 11 10 7 3 1 2 3 2 0 360 359 357 356 354 355 357 359 360
351 353 356 355 354 355 355 353 350 349 349 350 350 352 355 358 359 357 357 356 355 354 355 359 3 4 3 3 5 6 5 3 3 2 2 2 2 3 2 1 1 1 359 357 355 355 356 358 1 4 5 6 6 6 4 2 359 356 353 350 347 347 350 353 358 2 2 1 1 2 4 5 4 2 360 359 2 7 10 10 7 3 2 2 3 3 2 1 360 359 357 355 355 357 359 0
350 352 355 354 352 352 351 349 348 347 349 350 352 355 358 1 1 358 357 356 355 353 353 358 3 4 4 5 5 5 4 3 2 3 4 4 4 3 2 1 0 360 358 355 353 354 357 359 1 3 4 5 6 6 6 5 3 1 358 354 351 349 350 354 359 1 1 0 360 1 3 5 5 3 1 0 2 6 10 10 7 3 2 2 3 4 4 2 0 0 359 357 356 357 359 360
351 352 353 352 350 348 347 347 347 348 350 352 355 358 1 3 1 358 356 355 354 352 352 357 0 2 4 6 7 6 5 3 1 1 3 5 5 3 1 359 359 359 357 354 352 354 358 0 1 3 4 5 6 6 6 6 6 4 1 358 354 351 352 356 358 359 360 360 0 2 4 5 5 4 2 1 3 6 9 10 8 5 3 2 2 4 3 1 0 1 0 358 358 359 360 359
353 352 351 350 348 345 345 346 349 351 353 355 358 2 4 2 358 355 354 353 353 353 354 355 356 359 4 7 8 8 7 6 3 0 0 3 4 2 359 358 357 357 356 354 353 354 358 1 1 3 4 5 7 7 6 5 4 3 0 358 356 354 354 356 357 358 359 0 2 3 4 5 5 4 2 2 4 6 8 9 9 7 4 1 0 360 359 359 360 0 360 358 358 359 360 360
353 352 351 350 348 344 344 348 353 357 359 1 2 2 360 356 353 352 351 352 354 356 357 352 351 356 3 7 8 7 7 8 7 4 1 359 359 359 357 356 356 356 355 355 356 356 358 359 0 1 3 5 7 9 8 5 2 359 356 356 355 353 353 356 357 358 359 2 3 4 4 5 5 4 2 3 4 6 8 10 11 9 5 1 357 355 355 357 359 360 359 358 358 359 360 0
351 352 352 351 349 346 346 350 356 359 1 2 1 358 354 351 350 351 351 353 357 2 1 352 347 351 360 6 8 6 5 7 9 8 4 359 357 357 356 355 354 355 355 356 359 0 359 357 357 357 359 3 7 10 10 7 3 359 355 354 354 352 352 354 356 358 0 3 5 4 4 4 5 4 3 3 4 5 8 10 11 8 5 1 356 353 354 356 358 359 358 357 357 358 360 360
350 351 352 352 351 350 349 351 355 358 359 358 356 353 351 349 350 352 353 355 360 4 4 358 350 348 355 4 7 6 3 4 8 9 7 3 360 358 355 354 354 354 354 357 1 4 2 357 353 353 356 1 6 10 10 8 6 3 359 356 354 353 351 352 355 358 2 5 7 5 3 3 4 3 2 2 3 4 7 9 9 7 4 1 358 356 356 358 358 358 358 357 357 357 359 359
349 350 352 353 353 352 351 352 354 355 354 353 351 350 349 350 352 354 355 358 0 3 5 3 357 352 354 1 6 7 3 360 2 6 7 6 3 0 357 355 354 353 353 356 2 7 7 359 352 350 353 359 4 8 9 8 6 5 3 1 358 356 353 353 355 359 4 6 6 5 3 3 3 2 1 1 2 3 5 6 7 7 5 2 1 1 360 359 359 358 357 356 356 356 357 358
350 351 352 353 354 354 352 352 353 352 350 348 347 348 349 352 355 356 357 359 360 1 4 4 1 357 356 359 4 7 6 360 357 360 5 7 6 2 357 355 354 353 352 356 2 8 9 3 353 349 351 356 1 5 7 8 6 5 5 4 2 360 357 355 357 1 3 4 4 4 4 4 3 2 0 360 1 2 3 4 6 7 5 4 4 4 3 1 0 359 357 356 355 355 355 357
352 351 352 353 354 354 353 353 353 350 347 346 346 348 350 354 356 358 0 1 1 1 2 3 2 359 356 357 2 6 8 4 358 356 1 6 6 1 357 355 354 353 353 356 2 7 9 6 358 351 350 354 357 1 5 8 8 6 5 5 5 3 360 359 360 1 1 1 2 3 4 4 4 3 0 359 0 2 2 4 6 7 6 5 5 5 3 2 1 360 358 356 354 353 354 356
354 352 351 353 354 353 352 352 351 349 346 346 347 349 352 355 358 0 2 2 1 1 1 2 2 359 355 354 359 5 8 7 3 359 359 2 3 359 355 354 353 353 354 359 3 7 9 8 2 353 349 350 353 358 3 8 9 8 6 5 6 4 1 360 359 359 359 0 2 4 4 5 5 4 2 0 0 0 1 4 7 8 7 6 6 4 2 1 1 360 358 356 354 352 352 354
354 353 352 353 353 352 350 349 349 348 347 347 348 350 354 357 0 1 1 360 360 0 1 3 2 359 355 353 356 3 7 8 6 3 1 1 0 358 354 352 351 352 357 3 6 7 9 9 5 356 349 347 349 354 0 6 9 9 7 6 6 4 1 359 358 358 359 1 3 4 5 5 6 5 3 1 360 359 1 5 8 9 7 6 6 4 3 1 0 359 358 356 354 353 352 353
355 354 353 352 353 351 348 346 346 347 349 350 349 351 355 359 0 360 358 358 359 1 2 3 2 1 356 352 354 1 6 8 7 4 2 1 360 358 355 351 351 354 2 9 8 6 8 9 6 360 352 346 345 349 356 3 7 8 8 7 5 3 1 359 358 357 358 0 2 5 6 7 7 6 3 1 360 0 3 7 10 9 7 5 4 4 3 1 359 358 357 356 355 353 353 354
357 355 353 352 352 350 348 344 343 346 349 351 351 352 356 357 358 359 359 359 1 2 1 1 1 2 360 355 353 358 5 9 8 4 1 1 1 359 355 351 352 359 8 10 8 5 6 7 7 2 356 351 347 347 350 357 3 7 8 6 4 2 0 359 358 357 358 360 2 5 7 8 9 8 5 2 1 2 5 8 10 10 8 5 2 2 1 359 357 356 355 355 355 354 354 355
357 356 354 353 352 350 348 345 343 345 351 351 353 355 355 354 357 0 2 2 1 360 358 358 360 2 2 359 355 357 4 8 8 5 1 1 1 360 356 353 356 3 7 6 6 5 5 6 6 3 359 355 353 351 350 352 359 5 5 4 3 1 359 357 357 357 359 1 4 5 7 10 12 10 6 4 3 3 4 7 10 11 9 4 1 360 359 356 354 354 354 355 355 355 355 356
355 355 356 355 353 351 348 346 344 344 347 351 356 357 355 355 358 3 4 2 359 356 355 356 359 1 2 1 359 358 2 7 9 7 3 1 359 358 356 355 357 0 2 3 4 5 5 5 5 4 1 357 355 353 352 352 355 1 3 3 2 0 357 355 357 359 0 2 4 6 8 12 14 11 8 7 6 5 4 6 10 11 8 3 1 0 358 354 352 352 353 355 355 354 355 356
354 356 358 357 354 351 349 348 346 344 350 351 358 360 358 358 360 2 1 358 356 355 354 355 359 1 2 2 1 359 0 5 9 9 5 0 358 357 356 355 356 357 359 1 2 3 4 5 6 5 3 360 356 354 353 352 353 357 2 4 2 359 356 356 358 360 360 0 3 7 11 15 15 12 10 9 9 7 5 4 7 7 6 4 4 2 357 351 350 351 353 354 354 353 353 354
358 359 359 357 353 349 348 349 347 350 346 351 357 0 360 359 359 358 356 355 354 355 356 359 360 360 1 2 2 359 359 3 8 9 6 1 358 357 357 355 355 356 358 359 359 360 1 4 7 7 5 3 359 357 355 354 352 355 0 4 3 359 357 357 358 358 358 359 3 10 15 17 15 13 10 9 8 8 7 4 3 4 5 6 6 2 355 351 350 351 352 354 353 352 351 352
6 3 359 355 352 349 348 350 349 352 347 351 355 358 358 357 356 355 354 353 354 356 0 3 1 359 0 2 1 359 358 2 6 8 6 2 359 358 357 356 355 356 356 356 356 356 358 2 7 9 8 6 3 360 357 356 354 354 358 2 2 360 358 358 358 356 356 359 6 14 18 18 15 13 11 8 6 6 6 4 2 2 5 7 5 359 354 353 352 352 352 353 353 352 351 351
8 5 359 355 353 351 350 350 350 349 348 350 352 354 355 354 354 354 354 355 356 359 3 4 2 360 360 1 360 359 359 1 4 6 6 4 0 358 357 356 356 355 354 353 353 353 356 1 7 11 12 9 5 1 359 358 356 356 357 0 1 360 358 358 357 356 357 3 11 16 17 16 14 11 10 9 7 5 4 3 2 2 4 3 0 357 356 357 357 355 353 353 353 352 351 350
7 4 358 355 354 355 354 352 351 350 349 348 349 351 352 353 353 354 356 359 1 2 3 3 1 359 359 359 359 359 359 0 2 5 7 6 2 357 356 356 355 354 353 352 352 352 356 2 8 12 13 9 5 3 1 359 358 357 358 359 0 359 358 358 357 357 0 7 13 16 15 14 12 10 8 8 7 5 2 360 359 360 1 1 360 359 0 2 1 357 354 353 352 352 351 350
5 2 358 355 355 356 357 355 352 350 349 348 347 348 351 353 354 356 360 4 4 3 2 1 360 358 357 357 358 357 357 359 1 4 7 7 4 359 355 354 352 352 353 353 353 354 358 3 8 11 10 8 6 4 2 0 359 358 359 359 359 358 357 358 358 359 4 10 13 14 13 12 11 10 8 7 6 5 2 358 356 357 359 2 3 3 4 5 3 358 354 352 352 352 351 350
2 1 358 356 355 356 358 358 354 352 350 349 347 347 349 352 355 359 3 5 3 2 360 359 359 357 356 356 356 356 355 356 359 3 7 8 6 2 357 353 351 351 353 354 355 358 1 4 6 7 7 7 7 6 4 1 360 359 360 0 359 358 357 358 359 2 7 10 11 11 12 12 11 9 8 6 4 2 360 357 355 356 360 3 5 6 7 6 3 358 353 351 351 352 352 351
357 357 358 358 357 357 357 358 357 355 354 351 349 346 347 350 356 1 3 2 1 0 360 359 359 358 356 355 355 355 354 354 357 1 4 6 6 5 1 356 352 351 352 355 358 1 2 3 3 3 3 5 7 7 5 3 1 0 1 1 359 357 357 357 0 4 8 9 9 10 11 12 11 9 7 4 2 359 356 356 357 360 3 5 7 8 8 5 1 357 353 351 350 351 352 351
351 354 357 360 0 359 357 358 359 359 357 354 351 347 346 349 355 359 360 360 0 0 359 359 359 359 356 354 354 353 353 354 355 358 0 3 5 6 5 1 357 353 353 356 0 2 2 2 1 360 0 4 7 8 7 5 3 2 1 0 360 358 357 357 0 4 7 8 8 9 11 12 12 9 5 1 358 355 353 355 0 5 7 7 7 8 6 3 360 356 354 351 350 350 352 352
349 351 356 359 1 1 359 358 359 0 359 356 353 350 349 350 353 356 357 359 360 359 359 359 359 360 358 355 352 351 351 353 354 355 357 1 4 7 8 7 3 359 356 358 1 1 0 0 358 357 358 3 7 9 9 7 6 4 2 0 359 359 358 358 360 4 7 7 7 8 10 11 10 8 4 359 355 352 352 356 3 8 10 9 8 6 4 1 359 356 354 352 349 350 351 352
351 352 356 358 360 1 359 357 358 359 358 356 354 354 354 354 353 354 357 358 358 358 357 358 360 1 360 356 352 350 349 350 353 354 356 360 4 7 10 11 9 4 0 0 0 360 359 358 355 354 357 2 7 9 10 9 7 5 2 359 358 359 359 359 0 3 5 5 6 7 8 8 7 5 2 359 354 351 352 357 3 8 11 11 8 5 3 1 360 357 354 351 350 350 352 353
357 358 359 357 356 356 355 353 354 356 356 355 355 357 359 358 356 356 357 357 356 356 356 357 360 1 1 359 354 350 348 348 350 353 356 360 4 8 12 13 11 7 3 0 359 358 358 356 353 354 358 3 6 8 10 10 9 6 2 359 359 360 360 360 1 3 4 4 4 5 4 3 2 0 360 358 356 354 354 357 1 6 9 10 8 5 4 3 2 359 354 351 351 352 352 353
6 5 2 357 354 352 351 350 349 351 353 354 356 360 2 1 358 357 357 356 355 355 355 357 359 1 2 1 357 353 350 349 350 352 356 1 5 9 12 12 10 6 2 359 357 356 356 354 352 354 359 3 5 8 9 9 8 5 2 1 1 2 1 360 1 2 3 2 2 2 0 358 357 357 358 358 358 357 356 356 357 2 7 8 7 6 5 5 4 2 358 355 353 353 354 354
12 9 2 357 354 353 351 350 348 347 350 354 358 1 2 1 359 357 356 354 354 354 354 356 359 0 1 1 360 357 354 352 351 353 357 3 7 10 11 10 7 3 359 356 355 355 354 352 352 356 360 3 5 8 9 8 7 5 3 4 5 4 2 359 360 2 3 1 359 358 357 355 355 356 357 359 360 359 357 355 355 359 3 6 6 6 5 5 5 4 3 1 359 356 356 356
11 7 1 357 356 356 355 352 350 348 349 353 358 1 2 1 359 357 354 353 353 353 355 357 359 359 360 0 1 360 358 355 355 356 359 4 8 9 8 6 3 359 356 355 354 354 353 352 353 356 0 3 5 7 8 7 6 5 6 6 6 4 1 359 359 2 2 0 358 356 354 354 355 357 358 360 0 359 356 354 354 356 360 4 6 5 2 3 5 7 8 7 4 0 358 358
6 4 360 357 356 358 358 356 354 352 352 354 358 0 0 359 358 356 353 352 352 353 355 358 359 359 358 359 0 1 0 359 358 359 2 5 7 7 5 2 358 355 355 355 355 355 354 353 354 357 1 4 5 6 7 7 6 7 7 7 6 3 0 358 359 1 1 359 357 355 355 355 357 358 359 359 358 357 356 354 353 354 358 3 6 4 360 359 3 8 11 11 8 3 1 360
1 1 359 357 356 357 358 359 358 357 356 356 357 358 358 358 357 355 353 352 352 354 356 358 358 358 358 358 360 1 1 1 1 2 3 5 7 6 2 357 354 353 355 356 356 356 355 354 355 358 2 5 5 5 6 8 9 9 9 7 4 1 359 358 359 0 360 358 356 355 356 357 358 359 359 357 356 356 356 355 353 354 357 2 5 5 2 358 0 7 12 12 8 5 3 2
359 359 359 358 357 356 357 359 1 0 359 358 358 357 357 356 355 354 354 354 354 355 356 357 357 358 358 358 359 0 2 2 2 4 4 4 5 3 359 354 352 354 356 357 356 355 355 354 356 359 3 5 4 4 6 8 10 10 9 6 2 359 358 357 358 359 358 356 355 355 357 358 359 360 359 354 352 354 357 358 355 354 356 359 3 6 6 2 1 4 10 11 9 5 4 4
357 357 358 0 0 358 356 357 359 0 360 358 357 357 356 354 354 355 356 356 356 356 356 355 355 357 358 358 358 360 2 3 4 4 4 3 2 1 358 354 353 354 356 357 356 354 354 355 357 1 3 5 5 4 5 7 10 11 9 6 2 359 357 356 357 357 357 356 355 356 356 358 360 0 357 352 350 353 358 360 358 355 355 357 1 6 9 8 4 2 6 10 10 6 4 4
355 357 1 3 3 0 357 355 356 358 358 358 357 357 355 354 355 357 358 358 357 356 354 352 352 355 358 358 358 1 3 5 5 5 3 1 1 360 358 356 354 354 355 355 355 354 354 355 358 2 5 6 5 2 3 6 8 10 9 7 5 1 357 355 355 356 356 355 355 355 356 358 360 358 354 351 350 353 358 2 0 356 354 356 0 6 11 11 7 2 4 9 10 8 5 3
354 359 6 6 3 359 355 353 353 355 356 356 357 356 355 355 356 358 359 359 358 356 353 351 351 353 357 358 360 1 4 6 7 5 2 0 360 360 359 358 356 354 353 354 355 355 355 356 359 3 7 7 3 0 1 4 7 8 8 7 7 4 360 356 355 355 354 354 354 354 356 358 358 354 351 351 352 354 358 2 2 358 355 356 1 7 11 12 9 4 3 7 10 9 5 3
355 1 9 9 3 357 354 352 351 352 354 356 356 355 355 355 357 357 358 359 359 356 353 352 351 352 355 359 1 1 2 5 6 4 1 360 359 359 359 359 359 356 353 352 354 356 356 357 360 5 7 5 1 359 359 2 5 6 7 7 7 6 2 358 356 355 354 352 352 354 356 357 354 350 349 351 355 356 357 1 3 1 356 357 2 7 9 10 9 7 5 7 10 9 5 2
358 2 8 9 5 359 355 353 350 349 351 355 356 354 354 354 355 356 358 0 1 357 354 352 352 354 356 0 2 0 360 2 4 2 0 359 358 357 358 360 1 360 355 352 353 355 357 358 2 6 6 2 359 358 359 1 3 5 6 6 7 6 4 1 357 356 354 352 351 353 355 353 351 349 349 353 356 357 357 359 3 2 358 357 2 6 6 7 9 9 7 7 9 10 6 3
360 2 7 9 6 0 356 354 352 351 351 353 354 353 352 353 354 356 359 2 1 359 355 353 354 356 359 1 1 359 358 359 0 360 359 357 357 357 358 1 3 2 359 355 352 353 356 360 4 6 4 0 358 358 358 360 1 3 5 6 6 6 6 4 360 357 354 352 351 351 351 350 349 350 351 353 356 358 357 358 1 3 1 359 1 3 4 6 9 10 9 8 9 9 7 3
1 2 6 7 6 1 357 356 356 355 353 351 351 351 350 350 353 356 358 359 359 359 357 356 357 360 1 1 0 359 358 358 358 358 357 356 356 357 358 1 3 4 2 358 353 352 356 1 4 5 2 359 358 358 358 359 0 2 4 5 5 6 7 6 2 357 354 351 350 349 349 349 351 352 352 353 355 357 358 359 1 3 3 1 360 360 2 5 9 10 10 8 8 9 8 4
4 3 3 3 3 2 0 359 359 357 352 348 348 349 348 349 351 353 354 355 356 358 359 360 1 2 2 1 360 359 359 359 358 356 356 356 356 357 358 0 2 4 3 0 356 354 356 1 5 4 0 358 358 359 359 359 360 1 2 3 4 6 8 8 5 358 352 350 349 348 348 350 353 354 352 352 354 356 358 359 1 4 5 3 359 358 1 5 8 10 10 9 8 9 8 5
5 2 358 358 1 5 6 5 2 358 352 348 347 349 348 348 349 350 351 352 354 356 359 2 4 4 2 1 1 1 1 360 358 356 356 356 356 356 357 359 2 3 3 2 359 357 358 3 5 2 358 357 358 360 360 360 360 0 1 1 3 6 8 9 6 359 352 350 349 349 349 351 353 353 353 353 354 356 358 0 2 4 5 3 359 358 0 4 7 9 10 9 8 8 7 5
0 357 354 355 0 6 8 7 5 1 355 351 349 349 349 347 347 348 349 351 354 355 358 2 4 4 3 2 2 2 1 0 359 357 355 355 356 356 357 359 1 2 3 3 2 1 2 4 4 359 356 356 358 360 1 1 360 359 360 1 3 5 7 8 6 0 354 351 350 350 351 352 351 351 353 355 356 357 360 2 2 3 4 2 359 359 1 4 7 9 9 7 6 6 6 5
350 351 352 355 0 4 7 7 6 4 1 357 353 350 349 348 347 348 349 352 353 355 358 2 4 3 3 2 2 3 2 0 359 357 355 354 355 357 358 360 1 2 3 3 4 4 4 4 1 357 355 356 358 359 1 1 0 358 359 0 2 4 5 6 5 2 357 354 352 352 353 352 351 350 352 355 358 359 1 2 1 2 2 1 359 359 1 4 7 8 7 5 4 5 6 6
