project/data/elevation/US_DEM2016/US_DEM2016_point_11-01-2019_0008_30m_vel.asc
ncols	125
nrows	167
xllcorner	-2042055.000000
yllcorner	1465035.000000
cellsize	30.000000
NODATA_value	-9999.000000
[rows 114 to 151 of 167, columns 0 to 83 of 125]
1.79 1.57 1.28 1.13 1.11 1.33 1.68 1.78 1.65 1.61 1.69 1.72 1.75 1.84 1.97 2.06 2.14 2.22 2.27 2.48 2.95 3.10 2.42 1.73 2.05 2.62 2.94 3.01 2.83 2.63 2.58 2.46 2.18 1.83 1.51 1.09 0.56 0.34 0.55 1.02 1.47 1.88 2.47 3.04 3.12 2.74 2.22 1.68 1.56 2.13 2.83 3.26 3.33 3.04 2.59 2.16 1.78 1.41 1.03 0.72 0.63 0.81 1.15 1.61 2.03 2.46 2.94 3.11 2.91 2.49 2.07 1.68 1.27 1.07 1.23 1.57 1.87 2.24 2.97 3.81 3.73 2.83 2.22 1.91
1.89 1.67 1.34 1.18 1.14 1.31 1.60 1.68 1.55 1.54 1.65 1.70 1.74 1.82 2.01 2.19 2.29 2.31 2.31 2.48 2.88 3.06 2.42 1.76 1.90 2.32 2.64 2.94 2.95 2.72 2.59 2.55 2.39 1.96 1.48 1.02 0.54 0.34 0.57 1.06 1.51 1.92 2.52 3.09 3.13 2.65 2.05 1.57 1.50 2.03 2.79 3.23 3.29 3.08 2.69 2.20 1.80 1.48 1.11 0.77 0.68 0.82 1.09 1.56 2.03 2.46 2.89 3.08 2.90 2.47 2.06 1.66 1.27 1.08 1.22 1.52 1.81 2.22 2.95 3.81 3.81 2.96 2.33 1.97
1.97 1.76 1.42 1.25 1.16 1.24 1.46 1.56 1.51 1.54 1.67 1.77 1.83 1.96 2.16 2.33 2.34 2.26 2.25 2.34 2.67 3.01 2.72 2.02 1.81 1.93 2.25 2.77 3.01 2.80 2.51 2.50 2.53 2.22 1.67 1.15 0.59 0.31 0.56 1.10 1.53 1.93 2.52 3.06 3.12 2.70 2.04 1.49 1.46 2.00 2.68 3.10 3.21 3.10 2.82 2.38 1.94 1.61 1.20 0.79 0.68 0.83 1.06 1.47 2.00 2.45 2.81 3.04 2.95 2.51 2.04 1.63 1.25 1.08 1.23 1.49 1.77 2.18 2.90 3.74 3.85 3.12 2.42 2.07
2.01 1.82 1.51 1.33 1.18 1.17 1.33 1.47 1.50 1.56 1.72 1.86 2.00 2.16 2.31 2.38 2.27 2.11 2.12 2.13 2.38 2.92 3.01 2.48 1.87 1.64 1.86 2.53 3.05 2.93 2.45 2.28 2.42 2.36 1.98 1.40 0.71 0.32 0.55 1.09 1.54 1.95 2.49 2.94 3.04 2.83 2.27 1.55 1.45 1.98 2.54 2.87 3.03 3.07 2.93 2.56 2.14 1.81 1.38 0.86 0.65 0.79 1.05 1.38 1.89 2.36 2.69 3.01 3.05 2.62 2.05 1.59 1.20 1.06 1.22 1.48 1.74 2.13 2.80 3.61 3.82 3.26 2.51 2.19
2.02 1.86 1.59 1.40 1.21 1.14 1.27 1.42 1.48 1.56 1.78 2.00 2.16 2.29 2.37 2.33 2.10 1.97 2.00 1.93 2.14 2.74 3.11 2.89 2.17 1.54 1.53 2.23 3.03 3.09 2.54 2.13 2.12 2.27 2.14 1.62 0.87 0.42 0.59 1.10 1.57 2.00 2.46 2.75 2.82 2.89 2.65 1.87 1.52 1.87 2.38 2.63 2.78 2.97 2.99 2.68 2.28 1.96 1.58 1.05 0.66 0.73 1.03 1.34 1.77 2.21 2.55 2.98 3.14 2.73 2.10 1.58 1.16 1.01 1.19 1.48 1.73 2.08 2.73 3.52 3.77 3.32 2.65 2.32
2.04 1.90 1.66 1.45 1.23 1.15 1.26 1.39 1.48 1.61 1.88 2.12 2.23 2.32 2.35 2.22 2.01 1.93 1.89 1.81 2.05 2.60 3.10 3.12 2.49 1.59 1.33 1.98 2.90 3.16 2.77 2.19 1.95 2.03 2.08 1.71 1.00 0.54 0.66 1.14 1.63 2.06 2.42 2.52 2.49 2.80 2.96 2.40 1.72 1.77 2.19 2.44 2.56 2.81 2.97 2.76 2.37 2.02 1.67 1.25 0.80 0.73 1.03 1.34 1.67 2.05 2.45 2.94 3.14 2.76 2.14 1.62 1.18 0.97 1.14 1.45 1.69 2.03 2.72 3.49 3.77 3.35 2.77 2.44
2.11 1.96 1.71 1.47 1.24 1.18 1.27 1.38 1.53 1.76 2.01 2.15 2.18 2.25 2.25 2.11 1.98 1.91 1.79 1.78 2.05 2.51 3.06 3.23 2.67 1.71 1.27 1.78 2.71 3.11 2.95 2.46 1.98 1.85 1.88 1.66 1.11 0.67 0.75 1.18 1.69 2.12 2.36 2.27 2.14 2.61 3.12 2.88 2.08 1.76 2.01 2.29 2.41 2.63 2.86 2.80 2.47 2.06 1.68 1.31 0.94 0.83 1.08 1.37 1.65 2.00 2.43 2.91 3.08 2.73 2.14 1.65 1.24 0.99 1.12 1.43 1.64 2.00 2.72 3.48 3.77 3.41 2.86 2.51
2.26 2.06 1.73 1.45 1.25 1.21 1.28 1.38 1.63 1.94 2.07 2.06 2.08 2.16 2.15 2.03 1.96 1.86 1.75 1.83 2.09 2.49 3.02 3.23 2.78 1.92 1.32 1.60 2.45 2.97 3.03 2.73 2.20 1.82 1.69 1.53 1.17 0.81 0.82 1.21 1.72 2.15 2.28 2.01 1.87 2.43 3.17 3.20 2.52 1.90 1.93 2.16 2.28 2.43 2.67 2.77 2.58 2.17 1.71 1.27 0.98 0.95 1.15 1.41 1.70 2.02 2.44 2.87 3.01 2.68 2.12 1.65 1.28 1.04 1.15 1.42 1.63 2.01 2.71 3.42 3.75 3.51 2.96 2.52
2.43 2.17 1.73 1.44 1.26 1.25 1.29 1.39 1.77 2.05 2.06 1.95 1.97 2.06 2.02 1.97 1.95 1.86 1.80 1.89 2.12 2.49 2.97 3.21 2.87 2.09 1.44 1.46 2.12 2.77 3.02 2.91 2.46 1.93 1.64 1.47 1.20 0.91 0.88 1.22 1.75 2.11 2.11 1.80 1.75 2.32 3.12 3.40 2.92 2.17 1.96 2.06 2.12 2.21 2.42 2.65 2.65 2.33 1.81 1.26 0.99 1.02 1.21 1.45 1.75 2.05 2.41 2.82 2.95 2.65 2.14 1.64 1.28 1.09 1.20 1.46 1.70 2.04 2.62 3.33 3.76 3.64 3.07 2.50
2.57 2.28 1.77 1.43 1.28 1.30 1.32 1.42 1.80 2.07 2.03 1.91 1.91 1.92 1.84 1.93 2.00 1.90 1.83 1.88 2.07 2.46 2.94 3.22 2.98 2.28 1.59 1.40 1.80 2.50 2.95 3.01 2.66 2.09 1.70 1.49 1.22 0.95 0.86 1.25 1.75 1.95 1.86 1.71 1.79 2.27 3.00 3.48 3.22 2.49 2.10 2.04 1.97 1.98 2.15 2.45 2.64 2.43 1.89 1.32 1.04 1.07 1.25 1.51 1.79 2.05 2.37 2.76 2.88 2.60 2.16 1.69 1.28 1.14 1.27 1.52 1.77 2.03 2.49 3.22 3.79 3.77 3.17 2.50
2.68 2.39 1.85 1.46 1.31 1.34 1.37 1.44 1.71 1.99 2.02 1.95 1.88 1.72 1.66 1.91 2.04 1.91 1.79 1.81 2.01 2.44 2.97 3.25 3.00 2.39 1.82 1.47 1.57 2.17 2.79 3.05 2.83 2.25 1.78 1.51 1.25 0.98 0.94 1.27 1.65 1.71 1.65 1.73 1.91 2.27 2.89 3.47 3.38 2.79 2.32 2.08 1.92 1.83 1.91 2.23 2.54 2.42 1.92 1.40 1.10 1.09 1.28 1.59 1.87 2.05 2.31 2.69 2.80 2.50 2.13 1.75 1.31 1.20 1.37 1.58 1.79 1.99 2.39 3.12 3.78 3.85 3.30 2.58
2.74 2.48 1.95 1.51 1.33 1.37 1.42 1.43 1.57 1.84 1.87 2.01 1.85 1.56 1.60 1.90 2.01 1.88 1.74 1.75 1.99 2.47 3.02 3.25 2.92 2.38 2.01 1.63 1.47 1.85 2.56 3.02 2.97 2.45 1.86 1.50 1.26 1.02 0.98 1.24 1.51 1.53 1.58 1.78 2.01 2.31 2.85 3.41 3.42 2.99 2.53 2.18 1.93 1.75 1.76 2.02 2.35 2.34 1.97 1.47 1.14 1.12 1.30 1.66 1.94 2.02 2.24 2.63 2.76 2.43 2.03 1.71 1.36 1.31 1.48 1.64 1.79 1.96 2.31 3.02 3.74 3.93 3.46 2.74
2.78 2.53 2.03 1.60 1.39 1.41 1.46 1.43 1.48 1.71 1.95 2.01 1.79 1.54 1.61 1.81 1.89 1.83 1.75 1.80 2.06 2.54 3.08 3.20 2.78 2.33 2.11 1.80 1.48 1.66 2.31 2.92 3.07 2.65 1.97 1.53 1.27 1.06 1.00 1.17 1.38 1.47 1.57 1.77 2.03 2.36 2.86 3.35 3.41 3.07 2.67 2.31 2.00 1.75 1.66 1.83 2.11 2.22 2.00 1.50 1.17 1.18 1.36 1.68 1.90 1.98 2.22 2.59 2.71 2.39 1.93 1.60 1.40 1.43 1.59 1.70 1.83 1.97 2.22 2.84 3.65 3.99 3.62 2.90
2.84 2.56 2.07 1.73 1.52 1.48 1.49 1.43 1.44 1.63 1.65 1.89 1.73 1.59 1.64 1.74 1.80 1.82 1.84 1.94 2.17 2.61 3.10 3.09 2.60 2.29 2.14 1.86 1.57 1.62 2.10 2.75 3.07 2.83 2.19 1.66 1.35 1.10 0.98 1.10 1.31 1.45 1.54 1.72 1.99 2.34 2.82 3.29 3.41 3.14 2.78 2.45 2.12 1.80 1.62 1.70 1.91 2.07 1.97 1.50 1.18 1.24 1.43 1.66 1.81 1.96 2.24 2.56 2.61 2.29 1.85 1.55 1.44 1.53 1.67 1.77 1.91 2.06 2.21 2.65 3.47 3.95 3.71 2.96
2.93 2.58 2.08 1.85 1.70 1.59 1.51 1.41 1.41 1.38 1.69 1.72 1.68 1.67 1.72 1.75 1.80 1.88 1.96 2.04 2.19 2.61 3.06 2.97 2.53 2.27 2.11 1.84 1.63 1.67 1.97 2.53 2.98 2.94 2.45 1.87 1.46 1.14 0.95 1.02 1.24 1.38 1.48 1.68 1.96 2.29 2.72 3.16 3.37 3.25 2.93 2.60 2.27 1.90 1.62 1.66 1.80 1.88 1.86 1.53 1.21 1.29 1.49 1.64 1.76 1.98 2.30 2.50 2.42 2.09 1.78 1.59 1.53 1.62 1.73 1.80 1.97 2.20 2.33 2.64 3.35 3.91 3.72 2.96
2.97 2.63 2.13 1.96 1.87 1.68 1.49 1.36 1.35 1.33 1.59 1.61 1.64 1.73 1.82 1.82 1.85 1.94 2.01 2.03 2.11 2.50 2.98 3.00 2.63 2.29 2.03 1.79 1.67 1.72 1.90 2.30 2.82 2.99 2.66 2.08 1.58 1.20 0.94 0.93 1.14 1.32 1.48 1.70 1.95 2.24 2.58 2.94 3.27 3.35 3.14 2.80 2.46 2.02 1.67 1.68 1.75 1.70 1.69 1.52 1.27 1.33 1.52 1.66 1.81 2.06 2.32 2.37 2.15 1.88 1.73 1.65 1.62 1.71 1.81 1.85 1.95 2.21 2.47 2.80 3.38 3.86 3.65 2.88
2.97 2.69 2.23 2.06 1.96 1.74 1.48 1.34 1.31 1.40 1.53 1.57 1.61 1.77 1.87 1.86 1.89 1.97 2.00 1.95 1.98 2.33 2.89 3.12 2.84 2.33 1.95 1.77 1.70 1.73 1.86 2.16 2.63 2.95 2.79 2.25 1.71 1.29 0.95 0.86 1.07 1.34 1.56 1.76 1.96 2.18 2.41 2.68 3.07 3.41 3.38 3.07 2.66 2.16 1.76 1.72 1.76 1.60 1.50 1.44 1.32 1.36 1.53 1.70 1.91 2.13 2.25 2.15 1.89 1.73 1.69 1.68 1.69 1.75 1.87 1.93 1.96 2.14 2.47 2.91 3.45 3.78 3.50 2.86
2.99 2.74 2.34 2.12 1.96 1.76 1.54 1.38 1.32 1.35 1.47 1.53 1.59 1.75 1.85 1.86 1.89 1.94 1.92 1.84 1.87 2.19 2.79 3.22 3.02 2.38 1.92 1.78 1.73 1.70 1.82 2.11 2.50 2.83 2.81 2.42 1.93 1.43 0.98 0.82 1.05 1.40 1.63 1.80 1.96 2.07 2.18 2.40 2.84 3.35 3.54 3.30 2.82 2.26 1.84 1.79 1.80 1.59 1.39 1.33 1.33 1.39 1.54 1.74 1.99 2.14 2.08 1.89 1.73 1.67 1.69 1.71 1.74 1.79 1.87 1.96 2.06 2.21 2.49 2.92 3.46 3.67 3.36 2.86
3.00 2.80 2.44 2.17 1.91 1.72 1.61 1.51 1.39 1.34 1.40 1.47 1.54 1.68 1.79 1.84 1.87 1.85 1.79 1.78 1.86 2.15 2.76 3.25 3.11 2.46 1.92 1.76 1.72 1.67 1.78 2.08 2.40 2.66 2.74 2.55 2.19 1.67 1.05 0.80 1.02 1.40 1.66 1.83 1.93 1.93 1.96 2.17 2.62 3.22 3.60 3.46 2.90 2.33 1.94 1.87 1.85 1.61 1.36 1.25 1.30 1.42 1.54 1.75 2.04 2.11 1.87 1.66 1.64 1.68 1.72 1.74 1.78 1.85 1.87 1.95 2.10 2.33 2.64 3.03 3.46 3.54 3.23 2.84
3.00 2.83 2.52 2.24 1.90 1.63 1.59 1.66 1.56 1.36 1.33 1.42 1.48 1.57 1.72 1.83 1.82 1.71 1.69 1.80 1.94 2.22 2.78 3.22 3.14 2.56 1.94 1.71 1.69 1.68 1.77 2.00 2.27 2.48 2.63 2.62 2.40 1.94 1.23 0.83 0.95 1.30 1.64 1.86 1.86 1.78 1.83 2.05 2.50 3.14 3.60 3.50 2.95 2.41 2.05 1.95 1.90 1.64 1.34 1.23 1.29 1.43 1.55 1.74 2.03 2.04 1.69 1.51 1.59 1.68 1.74 1.77 1.82 1.88 1.90 1.97 2.11 2.38 2.79 3.21 3.47 3.41 3.06 2.76
2.97 2.82 2.57 2.32 1.95 1.57 1.51 1.72 1.75 1.43 1.29 1.40 1.47 1.49 1.62 1.75 1.70 1.57 1.66 1.87 2.01 2.29 2.82 3.19 3.14 2.66 2.00 1.66 1.63 1.69 1.80 1.94 2.10 2.28 2.51 2.61 2.49 2.16 1.54 0.96 0.88 1.16 1.60 1.85 1.76 1.67 1.78 2.00 2.48 3.16 3.56 3.43 2.94 2.49 2.18 2.06 1.97 1.67 1.34 1.25 1.30 1.49 1.54 1.71 1.98 1.95 1.59 1.45 1.56 1.66 1.73 1.82 1.89 1.91 1.93 2.02 2.19 2.47 2.88 3.28 3.42 3.26 2.92 2.67
3.00 2.83 2.54 2.35 2.06 1.63 1.46 1.67 1.83 1.56 1.35 1.45 1.55 1.52 1.50 1.56 1.54 1.51 1.66 1.88 2.02 2.32 2.87 3.19 3.12 2.75 2.11 1.66 1.59 1.68 1.81 1.91 1.97 2.12 2.39 2.52 2.45 2.26 1.85 1.26 0.92 1.09 1.52 1.76 1.66 1.61 1.77 2.00 2.53 3.22 3.49 3.26 2.87 2.57 2.32 2.18 2.05 1.72 1.37 1.29 1.32 1.38 1.50 1.67 1.89 1.85 1.54 1.45 1.56 1.63 1.71 1.87 1.99 2.00 2.00 2.07 2.29 2.63 2.95 3.16 3.25 3.20 2.93 2.64
3.14 2.87 2.46 2.29 2.13 1.78 1.50 1.60 1.81 1.67 1.49 1.57 1.69 1.59 1.37 1.31 1.40 1.48 1.62 1.82 2.02 2.35 2.91 3.19 3.10 2.82 2.26 1.72 1.57 1.66 1.77 1.86 1.92 2.06 2.30 2.40 2.34 2.24 1.99 1.54 1.11 1.12 1.43 1.64 1.63 1.64 1.76 2.01 2.64 3.29 3.37 3.02 2.75 2.63 2.46 2.32 2.16 1.81 1.46 1.37 1.36 1.34 1.44 1.63 1.79 1.73 1.48 1.44 1.55 1.60 1.70 1.92 2.09 2.14 2.15 2.20 2.43 2.76 2.91 2.86 2.97 3.18 3.06 2.72
3.30 2.94 2.37 2.19 2.09 1.84 1.59 1.59 1.74 1.73 1.64 1.70 1.80 1.62 1.26 1.15 1.30 1.44 1.54 1.75 2.02 2.37 2.92 3.17 3.06 2.85 2.42 1.88 1.62 1.63 1.71 1.79 1.86 2.04 2.24 2.28 2.22 2.15 1.97 1.63 1.34 1.27 1.43 1.58 1.65 1.69 1.74 2.06 2.80 3.32 3.19 2.75 2.60 2.63 2.56 2.44 2.28 1.94 1.59 1.47 1.38 1.29 1.37 1.58 1.71 1.61 1.41 1.40 1.50 1.57 1.69 1.94 2.17 2.27 2.31 2.40 2.60 2.82 2.76 2.48 2.63 3.07 3.13 2.88
3.40 2.99 2.37 2.16 2.05 1.84 1.66 1.59 1.64 1.72 1.75 1.79 1.81 1.58 1.22 1.10 1.24 1.38 1.50 1.76 2.05 2.40 2.90 3.12 3.02 2.84 2.54 2.10 1.76 1.65 1.66 1.70 1.78 1.98 2.16 2.15 2.07 2.04 1.88 1.66 1.51 1.45 1.51 1.62 1.71 1.72 1.77 2.20 2.93 3.25 2.95 2.50 2.44 2.59 2.62 2.54 2.39 2.08 1.77 1.59 1.38 1.22 1.31 1.53 1.67 1.55 1.33 1.33 1.44 1.54 1.70 1.94 2.20 2.34 2.40 2.55 2.76 2.84 2.57 2.15 2.30 2.83 3.05 3.02
3.39 3.04 2.48 2.23 2.08 1.91 1.73 1.59 1.56 1.64 1.77 1.83 1.74 1.49 1.24 1.15 1.25 1.36 1.53 1.83 2.08 2.42 2.85 3.04 2.95 2.80 2.58 2.29 1.98 1.75 1.63 1.59 1.70 1.89 2.05 2.02 1.93 1.91 1.81 1.70 1.65 1.63 1.65 1.73 1.77 1.74 1.86 2.36 2.96 3.11 2.73 2.33 2.29 2.50 2.66 2.61 2.46 2.20 1.90 1.66 1.40 1.21 1.29 1.50 1.65 1.54 1.27 1.25 1.37 1.54 1.76 1.98 2.20 2.33 2.40 2.61 2.88 2.93 2.55 2.00 2.02 2.50 2.84 3.06
3.26 3.06 2.67 2.35 2.14 1.99 1.78 1.60 1.52 1.55 1.68 1.77 1.64 1.42 1.26 1.24 1.30 1.39 1.60 1.88 2.10 2.42 2.80 2.94 2.88 2.77 2.59 2.38 2.16 1.94 1.66 1.51 1.59 1.77 1.90 1.89 1.81 1.79 1.77 1.74 1.78 1.81 1.81 1.82 1.79 1.77 1.95 2.44 2.93 2.94 2.55 2.20 2.13 2.41 2.69 2.68 2.53 2.30 1.98 1.68 1.43 1.29 1.34 1.51 1.63 1.52 1.25 1.19 1.31 1.56 1.85 2.03 2.16 2.26 2.35 2.59 2.95 3.09 2.69 2.00 1.78 2.12 2.59 3.05
3.10 3.04 2.81 2.42 2.14 1.99 1.82 1.68 1.55 1.47 1.52 1.61 1.54 1.37 1.29 1.32 1.38 1.47 1.69 1.92 2.11 2.40 2.70 2.85 2.85 2.76 2.59 2.39 2.24 2.09 1.79 1.50 1.47 1.62 1.74 1.78 1.76 1.75 1.76 1.81 1.91 1.98 1.94 1.85 1.78 1.79 2.00 2.48 2.87 2.79 2.43 2.07 1.97 2.33 2.73 2.77 2.59 2.34 2.00 1.67 1.48 1.39 1.44 1.55 1.59 1.46 1.26 1.20 1.30 1.59 1.91 2.03 2.09 2.19 2.28 2.53 2.98 3.23 2.87 2.06 1.60 1.82 2.35 2.97
3.04 3.05 2.91 2.49 2.06 1.90 1.90 1.83 1.61 1.39 1.33 1.42 1.42 1.34 1.32 1.38 1.46 1.59 1.80 1.95 2.09 2.32 2.58 2.78 2.86 2.80 2.59 2.36 2.25 2.17 1.93 1.57 1.41 1.47 1.59 1.71 1.76 1.77 1.80 1.90 2.05 2.09 1.97 1.82 1.74 1.79 2.05 2.50 2.79 2.66 2.30 1.95 1.87 2.27 2.75 2.85 2.65 2.32 1.97 1.70 1.54 1.49 1.52 1.58 1.54 1.39 1.26 1.24 1.34 1.63 1.93 1.98 2.02 2.14 2.24 2.50 2.99 3.31 3.01 2.13 1.51 1.62 2.13 2.80
3.06 3.08 2.99 2.58 2.00 1.76 1.90 1.94 1.71 1.38 1.23 1.28 1.33 1.32 1.34 1.43 1.56 1.72 1.86 1.93 2.02 2.20 2.45 2.74 2.91 2.86 2.58 2.29 2.21 2.20 2.00 1.64 1.40 1.36 1.48 1.66 1.80 1.86 1.92 2.06 2.16 2.09 1.91 1.76 1.70 1.79 2.10 2.53 2.71 2.52 2.16 1.86 1.83 2.24 2.76 2.90 2.68 2.28 1.92 1.74 1.63 1.55 1.54 1.57 1.51 1.37 1.28 1.29 1.39 1.65 1.90 1.95 1.99 2.10 2.25 2.56 3.01 3.29 3.07 2.26 1.50 1.44 1.90 2.60
3.11 3.11 3.02 2.65 2.03 1.68 1.78 1.92 1.80 1.48 1.22 1.20 1.27 1.31 1.34 1.46 1.64 1.79 1.86 1.89 1.95 2.10 2.38 2.72 2.94 2.91 2.57 2.23 2.15 2.16 2.02 1.69 1.39 1.31 1.42 1.62 1.84 2.01 2.13 2.22 2.17 1.98 1.80 1.73 1.73 1.82 2.15 2.54 2.61 2.37 2.03 1.80 1.82 2.23 2.74 2.89 2.70 2.32 1.97 1.85 1.78 1.59 1.48 1.50 1.48 1.37 1.31 1.35 1.42 1.60 1.85 1.97 1.98 2.06 2.34 2.71 3.02 3.19 3.04 2.40 1.58 1.29 1.67 2.47
3.14 3.14 3.02 2.65 2.12 1.73 1.70 1.81 1.81 1.59 1.30 1.20 1.24 1.29 1.35 1.47 1.65 1.79 1.83 1.87 1.92 2.07 2.38 2.74 2.94 2.88 2.56 2.24 2.10 2.06 2.00 1.72 1.36 1.28 1.41 1.59 1.86 2.17 2.33 2.33 2.13 1.83 1.70 1.75 1.80 1.87 2.16 2.51 2.52 2.21 1.92 1.75 1.84 2.24 2.70 2.82 2.66 2.37 2.08 2.03 1.98 1.65 1.41 1.41 1.43 1.37 1.34 1.38 1.44 1.57 1.80 1.95 1.94 2.06 2.51 2.92 3.01 3.00 2.93 2.50 1.75 1.26 1.52 2.39
3.10 3.15 3.07 2.67 2.18 1.84 1.73 1.74 1.73 1.62 1.39 1.23 1.22 1.27 1.36 1.47 1.60 1.73 1.82 1.89 1.93 2.10 2.46 2.80 2.88 2.77 2.56 2.30 2.03 1.92 1.97 1.75 1.35 1.28 1.42 1.58 1.87 2.25 2.48 2.45 2.13 1.72 1.62 1.77 1.85 1.90 2.15 2.44 2.41 2.10 1.80 1.72 1.91 2.30 2.63 2.70 2.56 2.35 2.20 2.22 2.19 1.83 1.45 1.35 1.37 1.36 1.36 1.40 1.47 1.60 1.78 1.87 1.90 2.16 2.74 3.08 2.92 2.70 2.74 2.59 1.97 1.33 1.44 2.27
2.89 3.09 3.21 2.80 2.25 1.96 1.84 1.73 1.63 1.59 1.47 1.24 1.17 1.25 1.36 1.46 1.56 1.68 1.85 1.95 1.98 2.18 2.59 2.86 2.80 2.61 2.50 2.33 1.95 1.79 1.94 1.79 1.38 1.30 1.44 1.59 1.88 2.29 2.55 2.57 2.20 1.69 1.55 1.74 1.83 1.90 2.15 2.36 2.30 1.96 1.68 1.76 2.06 2.36 2.54 2.56 2.44 2.30 2.26 2.31 2.33 2.10 1.66 1.38 1.30 1.32 1.36 1.41 1.49 1.60 1.71 1.80 1.96 2.37 2.93 3.11 2.78 2.43 2.50 2.60 2.23 1.50 1.38 2.11
2.46 2.87 3.29 3.06 2.51 2.13 1.94 1.76 1.57 1.53 1.48 1.24 1.12 1.22 1.35 1.45 1.55 1.69 1.86 1.97 2.04 2.29 2.69 2.91 2.75 2.46 2.37 2.27 1.91 1.72 1.85 1.78 1.46 1.37 1.47 1.61 1.91 2.30 2.58 2.62 2.29 1.77 1.53 1.63 1.75 1.89 2.16 2.32 2.16 1.79 1.63 1.88 2.23 2.40 2.44 2.39 2.30 2.24 2.26 2.33 2.39 2.32 1.98 1.52 1.26 1.25 1.33 1.40 1.47 1.53 1.62 1.82 2.14 2.59 2.99 3.05 2.68 2.32 2.31 2.52 2.39 1.74 1.38 1.88
1.99 2.52 3.21 3.25 2.81 2.34 2.05 1.83 1.61 1.48 1.39 1.21 1.11 1.21 1.33 1.43 1.56 1.68 1.78 1.91 2.12 2.43 2.79 2.96 2.72 2.34 2.19 2.14 1.92 1.73 1.74 1.70 1.53 1.45 1.51 1.65 1.94 2.31 2.56 2.60 2.36 1.94 1.60 1.52 1.61 1.85 2.18 2.27 2.00 1.64 1.66 2.05 2.35 2.40 2.34 2.25 2.18 2.16 2.22 2.32 2.41 2.44 2.24 1.72 1.28 1.19 1.30 1.39 1.43 1.46 1.60 1.95 2.34 2.67 2.93 2.93 2.66 2.34 2.24 2.38 2.41 1.97 1.46 1.60
1.69 2.20 3.02 3.34 3.08 2.55 2.17 1.90 1.67 1.44 1.26 1.17 1.14 1.20 1.30 1.41 1.54 1.61 1.67 1.86 2.21 2.59 2.91 2.96 2.64 2.23 2.04 2.04 1.98 1.81 1.65 1.56 1.53 1.51 1.56 1.70 1.97 2.30 2.51 2.53 2.39 2.13 1.79 1.52 1.50 1.77 2.15 2.19 1.85 1.59 1.78 2.20 2.41 2.38 2.26 2.14 2.07 2.04 2.14 2.32 2.44 2.48 2.37 1.95 1.41 1.21 1.29 1.40 1.43 1.45 1.66 2.07 2.38 2.64 2.87 2.85 2.64 2.39 2.23 2.27 2.35 2.11 1.59 1.45
1.54 1.96 2.78 3.32 3.27 2.77 2.27 1.93 1.70 1.48 1.27 1.17 1.14 1.17 1.26 1.38 1.48 1.51 1.60 1.87 2.25 2.67 2.97 2.93 2.52 2.13 1.98 2.01 2.04 1.91 1.62 1.43 1.47 1.54 1.60 1.72 1.96 2.28 2.45 2.45 2.38 2.25 1.99 1.66 1.49 1.65 2.03 2.08 1.74 1.60 1.93 2.33 2.44 2.35 2.20 2.05 1.96 1.92 2.06 2.31 2.46 2.48 2.42 2.14 1.64 1.33 1.33 1.40 1.46 1.50 1.70 2.03 2.28 2.60 2.87 2.80 2.59 2.42 2.24 2.17 2.28 2.19 1.68 1.39
