project/data/elevation/US_DEM2016/US_DEM2016_point_10-30-2019_0730_30m_ang.asc
ncols	125
nrows	167
xllcorner	-2042055.000000
yllcorner	1465035.000000
cellsize	30.000000
NODATA_value	-9999.000000
[rows 44 to 87 of 167, columns 0 to 95 of 125]
336 338 344 347 349 350 351 352 352 354 358 5 10 17 4 1 359 358 356 352 349 348 349 350 350 350 350 349 348 347 345 342 342 343 347 349 348 345 343 346 353 358 360 359 358 356 355 354 351 350 349 351 354 354 351 350 351 353 355 357 359 358 354 352 351 349 345 343 342 341 336 327 318 310 305 306 307 308 311 321 333 340 342 344 347 352 357 360 358 358 2 8 14 18 18 15
336 339 344 347 348 349 351 353 355 358 2 9 12 8 2 359 358 356 354 351 348 347 348 350 350 349 349 348 346 343 341 339 340 342 345 349 351 352 349 348 353 1 6 4 359 356 355 354 352 351 349 348 347 346 344 345 349 352 355 357 359 358 357 355 353 350 348 349 349 346 339 332 327 323 318 314 312 311 311 315 323 331 336 340 343 348 357 2 1 358 359 5 15 21 19 16
333 337 343 346 348 349 351 354 358 2 7 12 11 4 359 358 357 355 353 352 350 348 348 349 349 349 348 346 342 339 337 338 339 341 342 346 352 356 357 355 357 5 9 5 360 356 354 353 352 353 352 348 342 338 338 341 347 352 355 357 359 359 358 357 355 353 354 355 353 346 341 337 334 331 328 324 321 319 318 318 321 327 333 337 340 346 355 2 4 2 1 5 14 19 18 16
330 333 341 345 348 350 352 355 359 5 12 14 16 1 356 356 356 355 354 353 352 350 349 348 348 347 346 342 338 335 336 338 339 340 341 344 350 357 1 3 5 7 6 2 358 356 354 353 354 355 352 344 337 335 338 342 347 352 355 357 359 359 359 358 357 358 357 354 350 346 343 342 340 338 335 331 328 327 325 325 326 328 330 333 338 344 352 360 4 4 5 10 16 17 16 14
329 331 337 343 347 351 353 355 359 7 14 14 6 360 354 354 354 355 355 355 354 352 350 348 347 345 343 338 334 333 336 340 341 342 343 344 348 355 3 10 12 9 3 358 356 355 355 357 357 354 346 338 335 338 342 346 348 352 355 357 359 0 360 359 358 356 353 350 349 348 348 347 346 345 342 340 337 336 334 333 332 330 328 329 335 342 349 356 2 7 11 17 18 15 13 9
329 331 337 342 347 352 355 357 360 7 14 12 4 357 354 353 353 354 356 356 356 353 351 349 347 344 340 334 330 331 336 340 343 346 348 347 347 354 6 17 19 12 3 357 354 353 355 358 356 349 340 337 338 342 348 351 351 352 354 355 357 359 0 359 356 353 351 351 351 351 351 351 351 350 349 348 346 345 345 343 340 334 329 327 330 338 345 352 1 10 17 20 17 11 6 2
328 331 338 342 346 352 357 359 1 7 11 8 1 357 355 354 353 354 356 358 358 355 352 349 347 344 338 330 327 329 334 338 342 349 353 353 352 359 12 22 21 12 4 358 353 351 353 354 352 345 339 339 342 348 354 355 354 352 352 352 353 356 358 357 353 351 351 351 352 353 353 353 353 352 352 353 353 352 353 353 351 344 336 330 328 334 342 350 1 14 21 20 14 7 2 358
326 330 339 343 346 351 356 360 2 5 5 2 359 358 357 355 355 356 358 360 359 357 354 350 346 342 336 329 326 327 331 334 339 348 354 357 0 7 14 16 13 7 2 358 353 350 349 349 348 346 343 344 348 353 358 359 356 353 352 351 350 352 354 354 351 349 349 350 351 351 351 352 352 353 353 355 356 357 358 359 358 354 348 340 335 334 339 348 3 17 22 19 14 9 5 0
325 329 337 343 346 350 354 359 3 3 360 357 357 358 359 359 357 357 359 1 0 359 356 351 346 340 334 328 326 326 328 330 334 342 352 0 7 9 10 8 5 2 359 356 352 347 345 346 348 349 349 351 354 357 1 1 359 356 354 352 350 350 351 350 349 347 345 343 341 340 341 344 347 349 351 354 356 358 358 358 359 358 355 352 346 341 340 348 5 17 18 16 14 12 8 3
327 329 335 340 344 348 352 357 3 2 7 356 355 360 2 3 1 359 360 2 2 359 356 351 345 339 333 329 327 327 328 329 331 337 348 1 10 9 5 2 1 358 355 352 348 343 341 343 348 353 356 358 359 1 4 4 2 359 356 353 350 349 349 349 348 346 342 338 334 332 332 333 336 340 344 348 352 354 355 353 353 354 354 353 351 348 346 352 4 10 11 13 13 9 4 0
331 332 336 339 342 345 348 355 2 3 356 357 355 3 7 7 4 2 1 2 1 359 355 351 346 340 334 331 331 331 333 333 333 335 345 2 10 7 1 359 357 355 352 347 341 338 338 342 349 355 359 2 4 5 7 7 5 0 356 352 350 350 350 351 350 347 342 339 337 335 333 329 325 326 330 335 341 346 349 347 342 339 338 340 344 349 352 356 359 2 5 7 6 2 359 356
335 336 339 341 344 345 346 351 359 3 357 2 359 10 13 14 7 4 1 359 358 356 354 350 346 341 336 333 333 334 336 337 336 336 345 1 8 4 360 357 354 351 347 341 336 334 336 342 349 355 0 5 7 8 10 10 5 359 354 352 351 351 352 353 351 347 344 342 341 340 338 333 325 320 320 322 324 330 336 336 332 328 328 332 338 346 353 356 356 357 0 2 360 358 355 351
337 338 341 345 348 350 350 351 357 1 359 12 15 13 13 10 8 4 359 355 354 354 353 351 347 343 339 336 334 335 339 341 340 341 348 358 3 2 360 357 353 349 342 336 332 332 336 343 349 354 360 5 9 12 14 12 6 359 355 354 354 354 354 353 349 346 346 346 346 345 343 339 337 335 333 327 321 323 329 331 329 328 330 335 342 348 352 354 353 355 357 357 356 354 349 345
335 337 343 349 353 356 355 355 357 360 0 2 6 10 10 8 5 2 358 354 352 351 351 350 348 346 343 339 337 338 342 345 346 348 352 356 359 359 359 357 353 348 340 333 330 331 337 342 348 351 357 4 12 16 17 13 7 2 359 358 358 357 355 351 347 346 348 351 350 348 345 344 345 348 348 341 335 333 333 331 330 331 334 340 347 351 353 353 352 353 354 354 352 348 344 343
330 334 343 351 357 360 359 359 0 1 0 1 4 5 5 3 1 359 357 354 352 350 350 349 348 348 346 342 339 340 345 348 350 354 356 356 356 356 356 355 353 348 339 333 329 332 337 341 344 346 351 2 13 19 18 13 9 5 3 360 358 356 354 351 348 348 351 353 351 347 346 349 354 357 353 345 339 337 335 333 332 334 339 346 351 354 354 353 351 351 352 351 348 343 342 344
326 331 342 350 356 0 2 3 5 5 14 359 359 360 359 358 357 355 354 353 352 349 347 346 347 348 347 343 341 343 346 348 352 356 358 356 354 353 353 353 352 348 341 335 331 332 335 339 340 339 343 357 11 17 16 11 9 6 2 358 356 353 351 351 352 354 355 353 350 348 350 355 0 358 351 344 340 338 336 336 336 338 344 350 353 355 355 353 350 348 349 348 344 341 343 353
325 329 341 349 354 359 4 8 11 10 2 356 354 354 353 353 352 351 350 350 349 347 344 344 345 347 345 341 342 346 350 350 351 354 355 355 353 352 351 351 350 347 342 338 334 334 335 336 335 335 339 349 3 11 10 7 6 4 0 357 353 349 348 349 353 358 359 355 350 351 355 359 359 354 349 345 343 341 341 341 342 344 348 352 354 356 356 352 348 346 346 344 341 341 350 360
324 329 341 349 353 358 4 12 17 15 5 355 351 349 347 347 347 347 346 345 342 340 338 340 342 342 338 336 339 347 353 355 355 353 353 352 352 351 351 350 350 349 345 341 339 340 340 338 337 339 342 347 357 3 3 3 2 1 358 355 350 346 345 347 353 360 1 357 354 354 357 358 355 352 350 348 347 346 346 347 348 351 353 354 356 357 356 351 346 344 343 341 339 344 354 357
324 328 340 349 354 359 5 14 21 20 11 0 352 346 342 341 343 346 345 337 330 327 329 333 337 335 331 330 334 343 351 356 358 357 355 353 351 351 351 352 352 350 346 344 344 346 346 345 343 344 347 351 357 1 0 359 358 357 354 350 347 344 344 346 353 359 360 357 356 358 358 357 354 353 351 350 350 350 352 353 354 356 357 358 358 358 356 350 344 341 340 338 339 346 351 351
328 332 341 349 355 0 7 16 23 22 16 9 1 350 341 336 338 346 346 339 329 321 320 326 331 329 326 326 330 338 345 352 357 360 360 357 353 352 353 354 352 349 345 344 346 349 351 350 349 349 350 354 359 2 360 357 355 353 348 344 343 343 345 349 353 356 355 355 357 359 358 356 354 353 353 352 352 354 356 358 360 1 2 2 1 359 355 348 342 339 337 336 339 344 346 345
333 336 344 351 356 2 10 19 22 21 18 14 8 360 352 343 344 343 346 346 341 333 327 326 327 326 325 325 330 336 340 344 352 359 3 2 359 356 355 354 351 347 342 342 345 350 352 353 352 353 354 357 0 2 359 355 353 348 343 340 341 344 348 352 353 351 350 352 356 358 357 355 353 353 353 354 354 355 357 1 4 6 6 6 4 359 353 346 339 336 335 335 338 341 341 340
335 339 347 353 358 5 13 19 19 17 15 12 9 5 0 353 345 341 343 347 348 345 339 333 329 326 325 328 333 339 340 341 345 353 0 2 0 357 355 353 350 345 341 341 344 349 351 353 355 358 359 358 360 0 358 354 349 344 340 340 343 347 351 354 352 348 345 347 353 355 355 355 354 352 352 355 357 357 358 3 8 10 10 9 4 354 347 342 338 335 334 333 336 338 337 336
335 340 348 355 1 8 14 16 14 12 10 9 9 8 5 359 350 342 340 344 348 348 345 339 333 328 328 331 338 344 346 345 345 349 354 356 356 355 354 352 348 344 341 341 343 347 349 351 356 0 1 1 0 359 356 352 347 341 339 342 348 350 353 354 351 346 342 344 350 353 354 355 355 353 352 356 1 4 3 6 12 16 15 9 357 343 337 336 336 336 335 335 337 338 338 336
335 340 350 357 4 11 13 11 7 6 5 6 8 8 7 3 356 347 341 341 344 347 346 343 336 331 331 334 342 348 351 350 349 349 351 352 351 351 352 350 348 344 342 342 343 345 346 350 354 359 1 2 1 358 353 348 344 341 341 346 350 353 355 354 349 344 342 344 347 351 353 354 356 357 357 359 7 14 17 18 19 21 15 360 343 333 329 331 333 334 335 338 340 342 342 340
334 340 351 360 7 12 12 7 2 0 1 3 5 6 5 4 0 353 345 341 340 343 344 343 338 334 334 337 343 349 353 354 353 352 352 351 349 350 351 350 347 345 343 343 344 344 345 348 352 355 358 0 360 355 349 344 342 342 346 349 351 354 355 351 347 343 343 344 346 347 350 351 354 359 4 8 17 29 33 26 15 9 1 348 336 330 328 330 331 332 334 339 343 347 348 346
334 340 353 3 9 14 12 7 2 358 357 357 359 1 1 2 1 357 350 343 340 340 341 341 338 337 337 339 343 347 351 353 354 355 355 352 350 350 351 349 347 346 346 346 345 345 347 350 352 353 352 353 354 352 347 342 342 347 352 351 351 353 351 347 345 344 345 347 347 345 345 347 349 357 11 21 27 29 24 13 2 355 349 342 335 331 330 331 331 332 336 342 346 350 353 351
335 341 354 4 12 15 13 10 6 2 356 351 351 353 356 358 359 358 354 348 343 340 339 338 339 340 341 343 344 345 346 348 352 355 356 354 351 350 349 348 347 348 348 348 347 348 351 353 353 350 348 348 350 350 349 345 348 354 355 353 353 352 347 344 343 345 349 352 353 351 349 350 354 1 13 20 19 13 6 359 354 349 345 339 335 335 335 336 336 337 342 346 349 353 356 357
337 342 355 5 13 15 12 11 10 7 1 351 344 345 348 352 355 357 355 350 346 342 339 338 340 343 346 347 347 346 344 344 346 350 354 353 350 348 347 347 348 349 349 348 348 351 353 352 350 349 348 348 351 353 352 352 356 358 358 357 357 354 349 346 345 347 351 355 357 356 355 357 1 7 10 10 6 1 355 351 347 345 343 340 338 340 343 345 345 346 349 352 354 356 360 3
339 344 356 7 14 14 11 9 9 7 4 357 348 344 344 347 350 352 353 351 347 343 341 340 342 347 351 352 351 350 347 346 347 348 351 351 349 347 346 347 349 351 350 349 349 351 352 351 349 349 351 352 355 357 356 355 357 358 359 359 359 356 353 350 347 349 353 358 0 0 1 4 8 9 6 1 357 352 348 344 343 344 344 343 342 344 349 353 355 357 358 358 358 1 5 8
341 346 357 8 13 12 9 6 4 4 2 358 354 349 346 345 346 347 349 349 347 344 342 342 345 350 354 355 355 353 351 350 351 351 351 351 349 347 347 349 351 352 351 349 348 350 351 350 350 351 354 357 360 359 356 354 354 356 357 358 357 354 352 349 349 351 357 1 4 7 10 11 10 5 358 354 351 346 341 340 341 344 345 346 347 349 353 358 2 5 6 5 4 6 9 10
343 347 358 8 11 10 7 2 359 357 357 356 355 354 350 346 343 343 344 347 348 346 344 345 347 350 353 356 357 356 354 353 353 353 354 353 350 347 348 350 351 351 350 348 348 348 349 350 350 351 354 357 1 0 357 353 352 353 353 354 353 351 349 349 352 357 2 5 10 14 15 11 5 358 351 348 345 341 337 337 340 343 346 349 352 356 357 359 4 10 12 10 8 10 11 10
344 348 359 7 9 9 5 358 353 351 352 353 354 353 350 346 342 340 341 344 347 347 347 348 349 350 351 355 358 359 357 355 354 354 354 353 350 348 349 350 350 350 349 347 347 348 347 347 348 350 350 353 358 360 357 353 351 351 351 351 349 349 350 355 2 7 7 6 11 14 12 6 359 351 346 344 341 338 337 337 339 342 343 347 354 360 1 359 2 10 14 13 12 12 11 9
343 349 0 6 7 5 359 353 349 348 349 350 351 349 346 343 340 339 339 342 345 348 350 351 352 351 350 353 358 360 360 359 357 355 353 352 351 349 350 350 350 349 348 346 347 349 349 349 349 350 351 352 355 356 354 351 350 350 350 348 347 349 357 6 11 10 5 4 7 8 5 360 353 348 345 343 341 340 340 342 342 340 337 338 346 358 3 4 5 8 12 13 12 11 10 8
341 348 1 6 4 359 354 351 350 349 349 349 347 344 341 339 338 338 339 342 345 349 352 353 353 352 351 352 355 358 1 1 360 357 355 354 354 353 353 352 350 348 347 346 347 349 350 350 349 349 350 352 353 352 350 349 349 350 349 348 349 356 5 10 8 4 1 0 0 360 358 354 349 347 346 345 343 343 346 349 350 347 342 337 338 347 358 6 9 10 12 11 10 10 9 6
338 347 3 6 1 354 352 352 353 353 350 347 344 341 338 337 337 339 341 343 346 350 353 354 354 354 352 350 351 355 360 2 2 360 358 359 359 358 355 352 350 348 348 347 347 347 348 347 346 345 345 347 348 347 347 346 348 349 349 350 355 4 7 5 2 359 358 356 354 355 354 350 348 348 348 347 346 347 350 354 356 356 352 346 342 343 350 1 10 13 12 9 8 8 7 4
338 347 3 5 359 354 353 354 355 353 350 346 342 339 337 337 338 341 344 346 348 351 354 355 356 355 352 349 348 350 356 1 2 2 2 3 4 1 357 354 352 351 350 349 349 348 346 344 342 341 342 343 345 346 346 346 347 349 350 354 1 5 3 358 355 354 352 351 351 352 351 348 346 347 349 350 350 349 351 354 358 0 359 355 351 349 350 357 6 10 9 6 5 6 4 0
342 350 1 2 358 355 354 353 352 350 347 343 340 338 337 338 339 342 346 348 351 353 355 357 358 357 353 348 344 345 349 354 359 2 4 7 8 4 360 358 357 355 353 353 353 352 348 344 341 341 342 343 345 347 348 347 349 353 355 359 2 2 357 353 349 347 346 347 349 350 348 345 344 346 349 351 352 351 349 351 355 0 2 1 359 356 355 358 2 5 4 3 3 2 359 355
350 352 356 357 356 354 353 351 349 347 344 340 337 337 338 339 341 344 347 350 352 354 356 358 360 359 356 350 343 339 338 341 348 357 4 8 7 3 1 359 357 356 355 355 356 355 351 346 342 342 343 343 345 348 349 349 351 355 357 360 0 358 353 348 344 342 343 346 350 349 346 343 343 344 348 351 352 352 350 349 350 355 2 5 5 2 359 360 1 0 360 0 359 357 354 351
355 354 353 354 353 352 351 348 346 343 340 337 336 336 339 341 344 346 349 352 353 355 357 359 360 1 0 356 348 340 334 331 334 344 358 5 4 0 358 357 355 354 355 355 356 356 353 349 345 344 343 343 344 347 350 350 351 353 356 358 358 355 350 345 340 340 344 349 350 348 345 343 342 344 347 350 351 352 352 352 349 350 358 5 7 7 4 2 1 358 357 358 356 352 349 348
354 354 354 354 352 350 348 346 342 339 337 335 335 337 340 343 346 351 354 354 354 356 359 359 359 1 1 359 354 347 341 337 335 339 349 358 360 357 355 353 352 353 355 355 355 355 353 350 348 346 344 344 345 348 351 351 350 353 353 355 354 352 348 342 338 339 346 349 349 348 346 343 342 343 344 346 349 351 353 354 353 350 353 1 7 9 8 6 1 358 357 356 353 350 348 351
352 353 355 354 351 347 345 343 339 337 335 335 336 339 342 345 349 355 359 358 357 359 360 358 357 357 358 357 355 352 349 346 344 343 347 353 356 354 351 350 351 354 355 355 354 354 352 350 349 348 346 346 347 349 351 352 350 349 350 351 351 349 346 342 338 340 345 347 347 348 347 346 343 341 339 338 341 346 350 353 355 353 351 354 3 9 11 9 4 0 358 357 354 352 354 359
350 352 354 353 349 346 343 340 337 335 334 335 337 340 344 348 353 0 4 2 360 359 357 355 353 353 353 353 354 354 354 353 352 349 348 350 351 350 350 351 353 355 354 354 353 352 350 349 350 351 350 350 350 351 352 352 349 348 348 348 348 348 345 342 339 340 343 344 346 348 350 349 347 342 337 333 332 335 340 346 351 353 351 349 356 5 10 11 9 5 2 0 359 359 1 4
349 350 352 350 347 344 342 339 336 334 334 336 339 343 347 353 1 8 8 3 358 355 353 350 349 349 349 350 352 354 355 357 357 354 350 349 348 348 351 355 356 354 353 352 351 348 346 347 350 353 354 355 355 354 353 351 348 347 347 347 347 347 345 341 339 340 342 343 345 348 350 351 351 348 345 340 335 331 330 333 339 346 347 343 346 357 6 10 10 8 5 4 4 4 3 3
348 349 349 347 345 343 341 338 335 334 335 338 341 346 353 1 9 10 5 0 355 351 348 346 346 346 347 349 351 352 353 357 359 358 354 351 348 348 354 358 356 354 353 351 348 343 342 344 348 353 355 357 358 358 356 353 350 347 347 347 347 346 344 341 340 340 342 344 346 347 349 350 351 353 353 352 349 345 340 337 338 341 342 339 340 348 360 6 7 6 5 6 6 5 3 1
