project/data/elevation/US_DEM2016/US_DEM2016_point_10-29-2019_1313_30m_ang.asc
ncols	125
nrows	167
xllcorner	-2042055.000000
yllcorner	1465035.000000
cellsize	30.000000
NODATA_value	-9999.000000
[rows 84 to 125 of 167, columns 0 to 93 of 125]
163 166 170 170 164 160 157 154 150 147 145 143 144 147 149 149 151 155 159 158 155 157 157 152 147 144 148 154 158 157 155 153 152 153 157 165 171 168 163 159 159 159 158 155 149 146 149 155 157 158 158 159 160 163 166 168 167 165 164 162 160 157 152 148 146 150 156 156 153 148 143 143 145 146 147 146 146 150 155 159 161 161 159 158 163 171 177 178 175 171 169 167 165 162
161 165 170 169 163 158 155 151 148 146 144 144 145 147 149 151 153 157 160 159 157 158 156 153 149 146 148 154 160 161 161 161 159 158 159 164 168 165 161 160 161 160 158 155 149 145 147 154 160 161 162 162 163 164 166 168 167 164 162 160 158 155 149 146 146 151 155 154 152 148 144 147 145 145 144 141 138 139 144 149 154 157 158 155 157 166 175 179 178 174 171 169 168 168
161 164 168 166 160 157 153 149 146 144 144 144 146 148 151 153 156 159 159 158 157 156 154 152 149 146 146 152 158 160 162 164 164 162 161 163 164 162 162 163 162 159 156 153 148 142 145 150 159 163 165 166 167 167 167 167 166 163 161 159 157 154 148 144 145 150 154 154 152 150 145 144 148 152 151 146 140 136 136 138 142 148 152 150 150 158 169 176 177 175 172 171 172 173
160 163 166 163 158 155 152 148 145 144 144 146 147 150 154 157 161 161 159 158 157 154 152 149 147 145 145 149 154 157 159 162 165 166 165 164 164 163 165 165 162 158 156 153 146 139 139 145 154 160 164 167 169 170 170 168 167 164 162 159 157 154 148 143 144 149 155 157 154 151 146 144 149 157 160 158 154 149 145 142 142 144 145 145 146 152 162 169 172 172 172 173 175 175
158 162 165 162 157 154 151 147 145 145 146 147 149 153 159 163 163 160 159 159 157 154 151 147 145 144 144 147 152 155 156 158 162 166 169 168 168 168 169 166 162 159 157 153 144 137 137 141 147 152 156 160 164 167 168 168 168 166 163 161 158 154 148 143 143 147 155 159 156 151 146 143 147 156 163 162 164 162 159 156 154 153 152 151 151 154 158 162 166 168 170 173 176 176
157 161 164 162 158 154 150 146 145 146 148 150 152 157 162 161 159 157 157 157 156 153 150 146 144 142 141 143 149 154 156 157 159 164 170 173 173 173 172 168 163 161 159 154 144 137 136 139 142 144 147 150 153 157 161 164 167 166 163 160 157 154 149 143 141 146 155 160 157 151 145 141 144 152 160 164 165 165 165 165 165 162 160 160 161 162 161 161 163 167 170 173 176 174
157 160 163 162 158 153 149 146 146 148 150 152 155 158 159 154 151 151 152 153 152 151 149 146 143 140 139 140 144 149 153 155 156 161 168 174 177 177 174 169 163 161 160 155 146 140 141 144 145 145 147 149 152 155 159 163 166 165 162 159 156 154 149 142 140 144 153 159 156 150 144 139 141 148 154 158 160 162 165 167 168 166 165 167 169 169 167 165 165 168 169 172 173 170
156 158 161 160 156 150 147 145 146 149 153 157 160 159 154 148 144 144 146 147 147 147 147 147 144 141 139 139 140 142 146 149 152 156 164 174 180 180 175 168 163 161 160 156 148 145 147 151 153 153 153 154 156 159 162 165 167 165 162 159 157 155 150 141 138 142 151 156 155 151 143 138 139 144 149 152 152 155 160 163 164 164 166 169 171 172 171 171 171 170 170 170 169 165
156 157 159 158 153 148 146 146 148 152 158 163 164 160 155 150 145 143 143 142 143 144 146 147 145 143 142 142 143 143 145 148 150 154 161 173 181 181 175 167 162 161 159 155 148 146 149 155 157 158 158 158 159 161 164 167 167 166 163 160 158 156 151 141 137 141 149 154 156 153 144 137 138 143 147 148 147 148 153 156 157 159 163 166 169 170 172 173 173 172 170 168 166 161
155 156 157 155 151 147 146 147 151 156 161 165 164 161 157 154 151 149 147 146 146 148 150 150 147 144 144 147 149 151 153 154 156 158 164 173 181 180 173 165 162 160 158 153 147 144 148 154 158 159 160 162 163 163 164 166 168 168 167 164 161 158 152 142 138 142 150 155 158 155 146 138 139 144 147 146 141 141 145 148 148 151 156 160 162 163 166 169 171 170 169 167 165 163
154 155 155 153 150 147 146 148 153 158 162 163 162 160 157 156 155 155 154 153 153 154 155 153 149 145 144 147 151 154 156 158 159 162 168 175 178 176 169 164 161 158 155 152 147 143 145 151 157 159 161 163 166 167 167 168 170 171 171 168 165 160 153 143 140 144 151 156 160 158 148 140 141 145 146 142 136 133 135 137 138 140 147 153 155 158 160 163 165 166 167 167 166 165
153 154 154 153 151 149 150 152 154 158 160 162 161 159 157 155 155 156 156 157 157 158 158 156 151 145 143 145 148 151 153 154 157 161 168 174 175 171 166 161 159 156 154 151 147 142 142 147 155 159 162 164 167 169 171 172 174 174 172 169 165 160 153 144 141 145 151 156 160 159 150 144 144 148 146 141 137 134 132 132 133 134 139 145 150 154 158 161 162 163 165 166 165 165
153 154 156 156 156 156 157 159 159 159 160 161 160 158 156 154 154 154 156 157 159 160 159 155 149 145 144 146 147 148 149 150 153 158 166 171 171 168 163 159 157 156 154 151 147 141 138 143 150 156 160 163 166 169 172 175 176 175 173 169 164 158 151 144 142 146 152 155 159 158 152 147 148 152 151 146 143 141 137 135 137 138 139 141 146 153 158 161 161 162 163 164 165 164
153 155 158 160 161 162 163 164 162 161 161 160 158 155 154 153 152 153 155 157 160 162 158 153 147 144 146 151 153 153 155 156 157 160 165 169 169 165 161 158 157 157 155 151 147 140 137 141 146 150 154 157 161 166 170 174 176 176 174 169 163 156 149 143 141 145 151 155 157 156 153 152 152 155 157 153 149 146 142 140 143 144 144 145 149 155 160 161 162 162 163 163 164 164
153 155 159 161 163 164 165 164 163 162 162 160 156 153 152 152 152 154 157 161 163 161 155 151 145 142 146 153 156 158 159 161 162 164 166 168 168 164 161 159 159 159 156 151 148 142 139 143 148 149 149 149 153 159 165 170 174 176 174 169 162 155 148 142 140 143 148 152 154 154 154 155 155 156 159 161 159 154 150 149 151 152 151 150 153 160 162 162 162 162 162 163 163 162
154 156 159 161 163 164 163 162 162 161 161 158 154 152 151 152 153 156 161 164 164 159 154 150 144 141 145 151 155 157 160 163 165 167 168 169 167 164 161 162 163 160 157 153 149 143 141 146 153 155 154 152 153 156 161 168 173 175 173 168 162 155 148 144 143 145 147 150 152 153 156 157 156 154 157 162 165 162 158 157 159 158 156 155 159 163 163 162 162 162 163 162 162 160
156 157 159 160 161 161 160 159 159 159 158 155 153 151 151 153 156 160 163 163 160 155 152 148 143 141 144 148 151 154 156 160 164 167 169 169 168 165 164 164 164 160 157 153 148 143 141 147 155 159 160 160 160 159 162 168 172 173 171 167 162 156 150 147 146 148 150 152 153 155 158 158 155 153 154 158 162 163 162 163 163 162 159 159 161 163 162 161 162 162 163 163 162 160
157 158 158 158 158 157 155 155 155 155 154 152 151 151 152 155 160 164 164 160 156 152 149 145 141 140 143 146 148 149 151 154 159 165 169 170 169 168 166 165 162 159 156 153 147 143 142 147 154 157 160 163 164 163 165 169 171 170 169 166 162 156 152 149 147 149 152 154 155 157 160 158 155 153 152 153 155 159 162 164 165 163 161 160 161 160 160 160 162 163 164 164 163 162
158 158 158 157 156 155 153 152 152 152 150 149 149 151 154 159 163 164 162 159 156 152 148 144 141 140 142 143 144 144 145 147 151 158 165 168 169 168 165 162 160 158 156 152 146 142 143 147 152 154 156 159 163 165 167 168 168 168 166 164 161 155 152 150 148 149 152 154 155 157 159 158 156 154 152 150 150 154 158 161 164 164 164 163 162 161 161 162 163 164 165 165 165 162
158 158 159 159 158 156 154 152 151 149 148 147 149 151 154 158 159 159 158 157 155 153 149 145 143 145 147 145 144 142 141 142 145 150 157 162 165 165 163 160 159 157 155 151 145 141 143 148 151 151 151 153 157 162 166 167 166 165 164 162 158 154 152 150 149 149 151 153 154 155 157 157 155 154 152 148 149 152 155 156 159 163 164 165 165 166 165 165 165 165 165 165 164 161
155 157 160 161 160 158 156 154 151 148 147 147 148 150 151 150 150 151 153 153 153 152 150 145 144 149 154 154 152 150 148 148 149 152 156 159 162 163 162 161 160 157 154 150 145 142 143 149 152 152 151 150 150 154 159 162 162 162 162 160 156 153 151 151 149 149 151 154 155 155 156 156 155 154 152 149 149 152 154 152 153 156 159 161 165 168 169 168 168 167 166 166 163 159
151 154 160 161 161 160 157 154 151 149 147 147 148 150 148 144 143 144 146 148 149 149 148 144 153 150 156 158 159 158 157 157 158 159 160 161 163 164 164 163 162 158 153 149 145 143 145 151 155 155 154 152 147 146 150 155 158 160 160 157 155 153 152 151 149 149 151 155 157 156 156 156 155 154 152 149 148 152 155 153 150 149 148 151 157 163 167 168 168 167 166 165 163 159
149 152 158 160 161 161 158 155 152 152 152 153 154 155 153 151 149 148 146 146 146 147 146 144 146 150 153 156 159 161 161 162 163 163 163 164 165 166 166 165 163 158 153 149 145 143 145 151 156 159 158 154 148 146 148 153 157 158 158 155 154 154 153 151 149 149 150 154 158 159 158 157 156 155 153 150 148 150 155 156 153 149 146 147 151 157 163 166 166 166 165 164 161 158
151 153 157 160 162 162 161 159 158 159 160 161 161 159 157 157 158 158 156 153 151 149 146 145 148 150 150 152 155 158 161 162 164 165 166 167 167 168 168 167 163 157 152 149 146 143 144 150 156 161 162 157 151 149 151 154 156 156 156 155 154 154 153 150 148 148 150 152 156 160 160 160 159 157 156 152 148 148 154 158 157 155 153 152 154 157 161 163 164 164 164 161 158 155
154 155 158 160 162 164 164 164 164 164 163 162 160 158 157 158 161 162 160 158 156 152 148 147 150 151 149 150 152 154 156 159 161 163 165 168 170 171 171 167 161 155 152 149 146 143 146 151 157 162 163 159 155 153 154 155 154 154 155 155 155 154 152 149 147 147 148 149 152 158 161 162 162 161 159 155 149 148 152 157 157 156 156 157 158 159 161 162 162 163 162 160 157 155
155 157 159 161 163 164 164 165 164 163 161 159 157 155 155 158 161 160 158 157 155 152 149 150 152 151 149 151 154 154 154 155 157 158 161 165 170 173 172 166 160 155 152 149 145 144 148 153 157 161 161 159 159 158 158 156 155 155 156 157 156 154 152 149 147 147 147 146 148 154 159 162 163 163 161 157 151 149 151 154 155 154 155 157 159 161 162 162 161 161 160 159 157 156
154 157 160 162 163 163 163 162 160 159 157 155 153 152 153 156 158 156 154 152 150 149 149 151 154 152 149 151 156 157 157 157 157 158 160 164 169 173 173 168 162 157 154 150 146 145 150 155 158 158 157 157 159 162 162 161 159 159 159 158 157 156 153 150 148 149 147 145 147 151 156 162 164 164 162 157 153 150 150 152 154 154 155 157 159 161 162 162 161 160 159 158 157 157
153 156 160 162 162 163 161 158 155 154 154 153 151 150 151 155 156 154 151 149 147 146 148 151 155 152 149 151 155 156 158 159 160 161 163 165 170 173 173 170 165 160 155 150 146 146 151 157 158 156 154 153 157 161 163 164 164 164 163 161 159 157 154 151 150 150 147 145 147 150 155 161 164 164 162 158 154 151 149 150 152 154 156 158 160 162 163 163 162 161 160 158 157 156
152 154 158 160 161 161 158 154 152 152 151 151 151 151 151 154 154 152 150 148 145 144 147 153 156 152 150 153 156 155 155 156 157 160 163 167 171 174 173 170 164 160 154 149 146 148 153 158 159 156 152 150 152 157 161 164 166 167 166 164 161 159 156 153 152 150 147 146 147 151 155 160 163 164 162 158 155 151 148 147 150 153 155 157 159 162 164 163 162 162 161 159 158 157
153 154 156 158 159 157 154 151 150 150 150 150 150 150 151 152 152 151 150 148 144 144 148 155 156 152 151 155 158 157 156 154 153 155 160 167 172 174 172 168 163 159 153 147 146 148 153 159 160 156 151 149 150 153 156 159 163 166 167 165 163 161 159 156 153 150 147 146 148 152 156 159 162 164 163 159 156 153 147 145 148 152 154 155 156 159 162 162 162 162 162 161 160 159
154 154 155 156 156 154 151 149 150 150 149 149 149 148 149 150 150 150 151 149 146 145 150 155 154 151 151 154 158 159 159 158 156 154 157 163 169 172 171 166 162 158 151 146 145 148 153 158 160 156 151 149 151 153 153 154 157 161 163 163 163 163 161 158 154 150 147 146 149 153 156 159 162 164 163 160 157 154 148 143 146 150 151 151 152 155 157 159 161 162 162 161 161 161
153 154 155 155 155 153 150 149 151 152 151 151 150 150 150 150 151 151 151 149 147 146 150 152 150 149 150 152 155 157 159 161 161 160 159 161 165 168 169 165 160 156 150 146 146 149 152 157 159 156 151 149 152 156 156 155 154 155 157 160 162 162 161 158 154 150 147 147 150 153 156 159 162 164 163 161 159 155 149 144 146 149 150 150 150 152 155 158 160 161 161 161 161 161
152 153 155 155 155 153 151 151 154 156 156 156 156 155 153 152 152 153 152 150 148 148 150 149 147 148 150 151 151 154 156 159 162 164 164 163 164 167 167 163 159 155 149 145 147 151 153 156 158 154 150 149 153 157 160 160 159 156 156 158 160 161 160 157 154 150 148 147 150 153 155 158 162 164 164 162 160 156 150 146 148 151 153 153 152 153 156 159 160 161 161 161 161 160
150 152 155 155 155 155 154 154 156 158 158 158 157 155 153 151 152 153 153 152 150 148 150 151 149 149 151 150 149 151 152 154 159 163 166 166 167 168 166 162 157 153 148 146 148 152 154 156 155 152 149 148 151 156 160 162 162 162 161 161 161 161 159 157 153 150 148 147 149 153 155 157 161 164 164 162 160 156 151 147 149 154 157 157 156 157 159 160 160 161 160 160 160 160
149 151 154 155 156 157 157 156 157 157 156 154 153 152 151 150 151 152 152 153 151 147 148 152 153 154 155 151 148 150 150 150 152 158 163 167 169 169 167 162 157 152 148 146 149 152 154 155 153 150 148 148 150 152 156 160 162 163 164 165 164 162 160 157 153 150 147 146 148 153 156 158 161 163 163 162 160 157 151 147 148 154 158 158 159 161 163 162 161 161 160 160 160 160
150 151 153 154 156 158 158 158 157 156 153 150 149 148 148 149 151 152 153 154 152 146 144 148 153 157 158 153 149 151 153 151 150 152 158 164 168 169 167 163 157 151 148 147 150 152 153 154 153 150 148 148 149 150 153 157 160 162 165 166 167 165 162 158 155 152 148 146 147 153 158 160 162 163 163 161 159 156 150 145 146 152 156 156 158 162 164 163 162 161 160 159 159 159
151 151 152 154 156 158 159 159 157 154 150 148 147 147 147 149 152 153 155 155 152 147 142 144 150 156 158 154 150 151 154 155 152 151 154 160 166 167 166 162 156 151 148 149 153 152 150 153 153 151 148 148 149 150 152 156 159 161 163 166 167 167 164 161 158 155 150 147 148 153 158 161 163 164 163 160 158 155 149 144 145 150 153 155 157 160 162 163 162 161 160 159 159 158
151 151 153 155 156 158 159 159 156 152 149 149 148 148 149 151 152 154 157 157 154 149 145 144 149 154 157 155 150 149 153 156 156 155 155 158 162 164 164 161 155 150 149 153 156 152 148 149 152 151 148 147 148 148 150 154 158 161 162 164 167 167 165 163 159 155 151 148 150 154 157 161 163 165 163 161 158 155 148 144 144 148 152 154 157 159 160 161 161 161 159 158 158 158
150 151 153 155 156 157 158 158 155 151 149 150 149 149 151 153 153 155 157 157 155 151 146 146 149 153 155 154 151 149 151 154 157 158 158 159 160 162 162 159 154 150 151 156 158 152 146 146 149 150 147 145 145 146 148 151 156 160 162 165 166 166 165 162 158 154 150 148 150 155 158 161 163 165 164 161 158 154 148 143 142 145 149 153 156 158 160 161 160 160 159 158 158 157
150 150 152 154 155 155 156 155 152 150 150 150 149 149 152 153 153 154 155 155 154 150 145 145 150 154 155 154 152 150 150 152 155 158 159 159 160 162 162 158 152 150 153 158 157 151 145 143 146 148 146 143 142 144 146 148 152 157 162 165 166 165 164 161 156 153 150 148 150 156 160 162 164 165 164 161 157 153 148 142 140 143 147 150 153 156 158 160 159 158 158 158 158 157
150 150 152 154 154 154 154 153 150 148 149 149 149 150 153 153 152 153 154 154 153 149 144 143 149 155 156 155 154 151 149 151 154 157 158 159 161 162 161 156 152 153 157 159 156 151 145 142 145 148 147 145 144 144 146 147 149 154 160 163 164 165 164 160 156 154 151 149 150 155 160 163 166 166 163 160 156 153 149 143 141 142 146 148 150 153 156 157 157 157 158 158 158 157
150 151 153 154 155 154 153 152 150 148 148 149 150 153 153 151 151 152 154 154 152 148 143 143 148 155 157 157 156 154 150 150 153 155 156 157 159 161 160 156 155 158 161 160 158 154 148 144 145 148 149 148 148 148 148 148 149 153 158 162 163 164 162 159 156 154 152 149 151 155 159 163 167 166 163 160 156 154 150 144 141 142 145 147 150 153 154 154 155 156 157 158 158 158
