project/data/elevation/US_DEM2016/US_DEM2016_point_10-31-2019_2307_30m_vel.asc
ncols	125
nrows	167
xllcorner	-2042055.000000
yllcorner	1465035.000000
cellsize	30.000000
NODATA_value	-9999.000000
[rows 38 to 75 of 167, columns 0 to 83 of 125]
3.99 3.58 2.75 2.20 1.87 1.71 1.61 1.40 1.17 1.09 1.31 1.22 1.16 0.93 0.84 0.53 0.75 0.76 1.24 1.45 1.58 1.61 1.60 1.61 1.70 1.84 1.95 2.04 2.13 2.10 1.95 1.88 1.95 2.08 2.26 2.49 2.70 2.87 3.05 3.16 3.01 2.70 2.56 2.66 2.81 2.78 2.55 2.21 1.94 1.75 1.68 1.71 1.80 1.66 1.22 1.18 1.50 2.09 2.79 3.34 3.35 2.82 2.21 1.84 1.62 1.52 1.52 1.59 1.73 1.90 1.75 1.48 1.69 2.15 2.03 1.74 1.74 2.01 2.29 2.25 2.02 1.98 2.10 1.96
4.11 3.59 2.59 2.01 1.73 1.64 1.52 1.27 1.08 1.11 1.25 1.30 1.15 1.13 0.90 0.63 0.65 1.12 1.06 1.28 1.33 1.38 1.41 1.48 1.64 1.85 1.95 2.04 2.12 2.11 2.04 2.01 2.07 2.23 2.52 2.82 2.97 3.04 3.19 3.27 3.07 2.71 2.55 2.61 2.64 2.49 2.21 1.96 1.81 1.70 1.67 1.70 1.74 1.60 1.26 1.27 1.64 2.22 2.80 3.25 3.25 2.73 2.10 1.76 1.55 1.42 1.40 1.50 1.67 1.83 1.73 1.51 1.71 2.19 2.15 1.78 1.69 1.99 2.38 2.28 1.81 1.63 1.78 1.75
4.10 3.53 2.51 1.91 1.72 1.65 1.52 1.30 1.20 1.31 1.45 1.44 1.19 0.82 1.05 0.54 0.84 1.18 1.16 1.09 1.18 1.36 1.48 1.60 1.78 1.93 1.99 2.03 2.08 2.12 2.16 2.20 2.32 2.60 2.94 3.18 3.25 3.24 3.24 3.15 2.89 2.49 2.35 2.45 2.49 2.35 2.10 1.96 1.88 1.88 1.86 1.80 1.72 1.53 1.28 1.32 1.71 2.18 2.60 3.02 3.11 2.65 2.00 1.72 1.58 1.46 1.44 1.53 1.66 1.76 1.72 1.62 1.83 2.24 2.23 1.81 1.63 1.92 2.39 2.26 1.65 1.42 1.59 1.74
3.92 3.41 2.49 1.96 1.79 1.73 1.59 1.42 1.40 1.53 1.62 1.50 1.13 0.81 0.79 1.02 1.20 1.26 1.18 1.15 1.33 1.57 1.71 1.79 1.89 1.98 1.99 2.00 2.06 2.15 2.30 2.47 2.70 3.00 3.24 3.38 3.36 3.23 3.10 2.89 2.53 2.21 2.06 2.18 2.42 2.36 2.13 1.97 1.94 1.95 1.95 1.80 1.63 1.41 1.21 1.27 1.62 1.93 2.23 2.76 3.00 2.63 2.01 1.74 1.69 1.63 1.62 1.63 1.66 1.72 1.75 1.77 1.95 2.27 2.25 1.79 1.59 1.95 2.42 2.22 1.58 1.35 1.52 1.87
3.72 3.30 2.52 2.07 1.90 1.80 1.66 1.55 1.61 1.70 1.68 1.41 0.94 0.77 0.93 1.20 1.34 1.39 1.37 1.44 1.65 1.86 1.97 1.99 2.02 2.03 2.03 2.04 2.12 2.24 2.51 2.83 3.12 3.27 3.28 3.24 3.16 2.96 2.73 2.50 2.20 1.91 1.72 1.89 2.30 2.41 2.24 1.99 1.89 1.83 1.72 1.55 1.42 1.25 1.15 1.27 1.55 1.71 1.93 2.53 2.89 2.67 2.20 1.98 1.90 1.79 1.71 1.69 1.72 1.76 1.77 1.81 1.98 2.21 2.17 1.75 1.64 2.04 2.40 2.14 1.53 1.39 1.69 2.13
3.60 3.21 2.53 2.14 1.96 1.86 1.77 1.76 1.81 1.80 1.64 1.26 0.84 0.77 1.04 1.29 1.44 1.53 1.59 1.71 1.92 2.09 2.14 2.11 2.09 2.08 2.07 2.13 2.24 2.39 2.78 3.22 3.41 3.27 3.01 2.88 2.78 2.61 2.38 2.19 2.00 1.69 1.43 1.54 2.14 2.52 2.38 1.99 1.76 1.59 1.41 1.27 1.17 1.12 1.16 1.38 1.60 1.70 1.89 2.36 2.76 2.75 2.50 2.30 2.01 1.77 1.76 1.85 1.85 1.73 1.61 1.67 1.89 2.10 2.09 1.86 1.83 2.13 2.34 2.04 1.56 1.58 1.97 2.27
3.51 3.16 2.56 2.22 2.10 2.04 2.01 1.98 1.93 1.79 1.52 1.09 0.82 0.72 1.15 1.40 1.55 1.66 1.75 1.89 2.06 2.14 2.12 2.03 1.99 2.02 2.07 2.17 2.36 2.62 3.12 3.52 3.49 3.04 2.64 2.55 2.50 2.36 2.12 1.92 1.77 1.49 1.17 1.26 1.96 2.58 2.48 1.97 1.60 1.45 1.36 1.23 1.07 1.06 1.24 1.53 1.70 1.77 1.89 2.20 2.64 2.83 2.67 2.31 1.92 1.83 1.94 1.93 1.71 1.44 1.41 1.59 1.83 1.99 2.04 2.02 2.10 2.26 2.29 2.04 1.71 1.77 2.04 2.21
3.44 3.15 2.65 2.38 2.28 2.23 2.14 2.02 1.87 1.65 1.32 0.94 0.82 0.95 1.37 1.60 1.71 1.80 1.90 1.98 2.01 1.99 1.92 1.83 1.86 1.97 2.07 2.24 2.56 2.96 3.42 3.59 3.35 2.76 2.38 2.35 2.31 2.14 1.88 1.66 1.47 1.23 0.95 1.09 1.85 2.58 2.57 2.05 1.66 1.50 1.40 1.27 1.14 1.19 1.42 1.65 1.70 1.68 1.72 2.01 2.53 2.86 2.70 2.28 2.04 2.05 1.97 1.67 1.37 1.30 1.46 1.73 1.91 1.99 2.07 2.22 2.37 2.41 2.45 2.11 1.89 1.85 1.99 2.18
3.49 3.21 2.73 2.49 2.36 2.23 2.05 1.87 1.66 1.40 1.07 0.79 0.80 1.16 1.60 1.74 1.80 1.90 1.95 1.92 1.87 1.83 1.76 1.74 1.84 1.98 2.13 2.42 2.86 3.27 3.49 3.45 3.15 2.66 2.25 2.12 2.07 1.94 1.70 1.41 1.13 0.93 0.88 1.17 1.86 2.56 2.68 2.24 1.79 1.50 1.31 1.27 1.38 1.54 1.70 1.70 1.61 1.55 1.61 1.91 2.43 2.84 2.75 2.40 2.19 2.03 1.66 1.39 1.35 1.53 1.79 1.96 2.05 2.11 2.23 2.41 2.54 2.49 2.40 2.29 2.45 1.98 2.04 2.27
3.62 3.31 2.77 2.47 2.29 2.11 1.90 1.69 1.45 1.15 0.81 0.67 0.77 1.23 1.62 1.69 1.76 1.84 1.85 1.80 1.77 1.74 1.71 1.74 1.86 2.02 2.23 2.64 3.14 3.40 3.30 3.10 3.05 2.69 2.15 1.88 1.81 1.78 1.60 1.24 0.84 0.78 1.00 1.40 1.91 2.54 2.75 2.30 1.63 1.27 1.26 1.50 1.87 2.06 1.97 1.76 1.61 1.57 1.61 1.84 2.33 2.79 2.80 2.48 2.15 1.83 1.57 1.52 1.71 1.96 2.12 2.19 2.24 2.31 2.42 2.58 2.65 2.59 2.55 2.51 2.28 2.14 2.19 2.35
3.71 3.38 2.75 2.38 2.18 1.97 1.77 1.55 1.30 0.97 0.63 0.62 0.87 1.26 1.53 1.56 1.66 1.73 1.76 1.73 1.69 1.67 1.67 1.72 1.84 2.04 2.31 2.81 3.35 3.40 3.03 2.83 2.95 2.71 2.07 1.65 1.58 1.62 1.50 1.07 0.67 0.76 1.15 1.50 1.86 2.47 2.73 2.22 1.50 1.28 1.56 2.14 2.56 2.49 2.17 1.86 1.66 1.59 1.61 1.80 2.24 2.72 2.80 2.52 2.22 2.05 2.08 2.21 2.34 2.46 2.50 2.51 2.54 2.59 2.68 2.81 2.87 2.80 2.72 2.58 2.32 2.17 2.25 2.33
3.71 3.39 2.68 2.27 2.08 1.88 1.67 1.47 1.23 0.86 0.64 0.72 1.16 1.42 1.55 1.58 1.67 1.72 1.74 1.68 1.62 1.61 1.63 1.68 1.81 2.04 2.40 3.03 3.56 3.39 2.85 2.69 2.84 2.63 2.03 1.55 1.41 1.36 1.23 0.84 0.60 0.82 1.21 1.48 1.80 2.38 2.68 2.26 1.67 1.70 2.30 2.88 2.96 2.61 2.16 1.84 1.63 1.57 1.66 1.86 2.22 2.62 2.77 2.71 2.62 2.64 2.74 2.82 2.85 2.86 2.87 2.88 2.89 2.91 2.96 3.00 2.99 2.91 2.73 2.48 2.26 2.17 2.23 2.23
3.75 3.38 2.62 2.19 2.01 1.83 1.63 1.46 1.22 0.88 0.82 1.01 1.48 1.67 1.67 1.69 1.73 1.73 1.70 1.61 1.58 1.59 1.61 1.67 1.80 2.08 2.57 3.32 3.72 3.32 2.65 2.58 2.68 2.48 2.06 1.60 1.28 1.03 0.86 0.73 0.74 1.02 1.35 1.60 1.90 2.36 2.68 2.49 2.18 2.47 3.04 3.22 2.94 2.36 1.92 1.68 1.52 1.55 1.68 1.84 2.14 2.55 2.81 2.93 2.96 2.96 2.95 2.91 2.86 2.85 2.85 2.88 2.89 2.91 2.91 2.85 2.77 2.66 2.48 2.29 2.18 2.19 2.18 2.14
3.84 3.40 2.60 2.17 1.95 1.75 1.59 1.47 1.21 0.94 1.00 1.32 1.71 1.77 1.71 1.66 1.64 1.62 1.60 1.56 1.56 1.59 1.61 1.67 1.84 2.18 2.77 3.52 3.72 3.09 2.46 2.42 2.46 2.35 2.10 1.66 1.10 0.74 0.71 0.87 1.08 1.40 1.67 1.88 2.14 2.54 2.90 2.96 2.95 3.15 3.28 3.09 2.57 1.97 1.62 1.47 1.34 1.38 1.52 1.66 1.97 2.42 2.92 3.12 3.11 2.93 2.74 2.57 2.47 2.45 2.47 2.51 2.52 2.51 2.47 2.39 2.32 2.21 2.07 1.99 1.98 2.04 2.10 2.08
3.87 3.40 2.60 2.15 1.87 1.66 1.57 1.48 1.19 0.98 1.08 1.48 1.77 1.71 1.55 1.45 1.42 1.44 1.48 1.49 1.52 1.56 1.61 1.73 1.95 2.31 2.90 3.55 3.61 2.90 2.36 2.30 2.25 2.20 2.13 1.60 0.90 0.68 0.87 1.22 1.50 1.77 1.97 2.19 2.54 3.02 3.40 3.44 3.28 3.15 2.98 2.60 2.13 1.66 1.39 1.28 1.16 1.15 1.34 1.57 1.91 2.36 2.94 3.29 3.19 2.78 2.45 2.21 2.14 2.15 2.17 2.17 2.13 2.08 2.01 1.93 1.93 1.86 1.74 1.67 1.72 1.81 1.84 1.94
3.80 3.35 2.59 2.14 1.84 1.61 1.55 1.46 1.16 1.00 1.27 1.38 1.64 1.46 1.24 1.15 1.20 1.29 1.34 1.38 1.47 1.56 1.67 1.88 2.13 2.44 2.96 3.49 3.49 2.91 2.43 2.29 2.18 2.12 2.02 1.44 0.76 0.71 1.06 1.44 1.72 1.96 2.17 2.48 3.01 3.53 3.74 3.55 3.10 2.74 2.46 2.13 1.77 1.43 1.24 1.18 1.07 1.10 1.38 1.69 2.01 2.37 2.90 3.30 3.21 2.74 2.35 2.18 2.16 2.17 2.11 2.00 1.91 1.84 1.74 1.68 1.75 1.73 1.57 1.47 1.50 1.57 1.52 1.49
3.67 3.28 2.58 2.17 1.87 1.60 1.49 1.39 1.09 0.92 0.99 1.21 1.35 1.08 0.87 0.90 1.06 1.16 1.22 1.33 1.51 1.67 1.84 2.07 2.28 2.55 2.98 3.40 3.45 3.08 2.60 2.31 2.12 1.99 1.78 1.18 0.68 0.78 1.17 1.46 1.76 2.04 2.32 2.81 3.48 3.82 3.71 3.18 2.54 2.22 2.07 1.84 1.53 1.26 1.14 1.12 1.05 1.18 1.53 1.83 2.05 2.28 2.71 3.15 3.19 2.85 2.49 2.31 2.23 2.11 1.95 1.81 1.78 1.73 1.60 1.55 1.67 1.70 1.52 1.35 1.38 1.50 1.56 1.52
3.56 3.22 2.62 2.22 1.90 1.59 1.39 1.26 0.99 0.77 0.84 1.04 1.03 0.75 0.70 0.76 1.02 1.13 1.23 1.42 1.65 1.85 2.04 2.22 2.41 2.65 3.00 3.36 3.47 3.19 2.64 2.21 1.97 1.77 1.49 0.96 0.72 0.95 1.26 1.51 1.80 2.15 2.57 3.25 3.84 3.88 3.39 2.65 2.12 1.92 1.87 1.70 1.37 1.11 1.01 1.02 0.99 1.23 1.58 1.76 1.85 1.99 2.40 2.95 3.23 3.08 2.70 2.40 2.12 1.87 1.68 1.65 1.71 1.66 1.51 1.47 1.61 1.65 1.51 1.40 1.94 1.65 1.87 1.86
3.50 3.22 2.67 2.25 1.89 1.55 1.33 1.22 0.98 0.77 0.79 0.87 0.73 0.71 0.79 0.98 1.13 1.27 1.43 1.61 1.83 2.04 2.20 2.35 2.55 2.78 3.03 3.34 3.48 3.20 2.54 2.13 1.94 1.71 1.34 1.01 0.99 1.22 1.44 1.66 1.96 2.36 2.95 3.70 4.01 3.70 2.93 2.27 1.85 1.68 1.69 1.58 1.23 0.91 0.84 0.84 0.87 1.16 1.43 1.48 1.51 1.67 2.14 2.86 3.36 3.28 2.77 2.27 1.90 1.68 1.63 1.68 1.70 1.55 1.36 1.46 1.66 1.79 1.49 1.52 1.70 2.08 2.40 2.27
3.56 3.26 2.64 2.17 1.80 1.49 1.36 1.30 1.09 0.91 1.24 0.88 0.89 0.92 1.06 1.23 1.39 1.57 1.73 1.86 2.04 2.22 2.35 2.52 2.73 2.88 3.03 3.32 3.49 3.20 2.64 2.28 2.10 1.82 1.45 1.26 1.32 1.50 1.67 1.88 2.19 2.63 3.33 3.97 3.97 3.29 2.53 1.96 1.62 1.50 1.55 1.45 1.06 0.71 0.71 0.70 0.77 1.01 1.18 1.26 1.40 1.64 2.12 2.93 3.50 3.34 2.65 2.07 1.80 1.74 1.82 1.84 1.65 1.36 1.20 1.30 1.46 1.52 1.61 1.89 2.33 2.75 2.78 2.52
3.69 3.30 2.51 2.01 1.66 1.45 1.40 1.33 1.11 0.94 0.87 0.92 1.05 1.19 1.37 1.54 1.73 1.90 2.02 2.13 2.27 2.40 2.53 2.71 2.86 2.88 2.98 3.33 3.51 3.18 2.67 2.32 2.06 1.73 1.45 1.35 1.45 1.61 1.79 2.02 2.33 2.82 3.56 3.97 3.68 2.84 2.16 1.72 1.45 1.38 1.46 1.30 0.84 0.56 0.66 0.66 0.79 0.99 1.18 1.37 1.60 1.87 2.32 3.03 3.44 3.20 2.48 2.05 1.97 2.03 2.03 1.79 1.40 1.18 1.23 1.44 1.62 1.78 2.06 2.52 2.95 3.04 2.73 2.12
3.81 3.29 2.39 1.87 1.57 1.39 1.34 1.21 0.98 0.83 1.51 0.95 1.17 1.30 1.58 1.77 1.95 2.10 2.20 2.26 2.33 2.47 2.66 2.82 2.83 2.76 2.95 3.40 3.47 3.00 2.44 2.07 1.75 1.45 1.29 1.29 1.43 1.65 1.84 2.07 2.41 2.91 3.55 3.79 3.29 2.43 1.86 1.55 1.35 1.33 1.33 1.11 0.68 0.51 0.65 0.75 0.93 1.15 1.43 1.64 1.86 2.17 2.58 3.08 3.24 2.98 2.44 2.25 2.31 2.28 1.98 1.51 1.18 1.25 1.56 1.82 2.04 2.31 2.68 3.04 3.13 2.87 2.36 1.82
3.82 3.29 2.30 1.76 1.49 1.29 1.17 0.98 0.76 0.69 0.72 0.96 1.21 1.42 1.59 1.74 1.90 2.02 2.05 2.07 2.18 2.42 2.66 2.70 2.57 2.59 3.03 3.50 3.38 2.77 2.23 1.88 1.60 1.35 1.30 1.36 1.54 1.77 1.92 2.09 2.37 2.81 3.40 3.58 3.06 2.19 1.67 1.49 1.42 1.38 1.28 1.07 0.74 0.64 0.77 0.95 1.15 1.40 1.66 1.85 2.11 2.51 2.90 3.14 3.06 2.76 2.52 2.52 2.51 2.27 1.80 1.38 1.35 1.73 2.14 2.41 2.67 2.90 3.07 3.10 2.88 2.45 2.01 1.63
3.84 3.25 2.21 1.66 1.35 1.14 1.01 0.77 0.49 0.47 0.57 0.89 1.11 1.27 1.39 1.50 1.63 1.69 1.66 1.71 1.99 2.35 2.50 2.35 2.14 2.44 3.21 3.66 3.35 2.64 2.15 1.89 1.71 1.56 1.49 1.51 1.62 1.80 1.87 1.95 2.14 2.57 3.23 3.49 3.02 2.13 1.66 1.62 1.63 1.54 1.42 1.27 1.03 0.92 0.96 1.10 1.32 1.60 1.87 2.16 2.54 2.94 3.14 3.09 2.85 2.61 2.61 2.73 2.60 2.24 1.89 1.76 2.01 2.41 2.68 2.87 3.00 3.04 2.96 2.75 2.45 2.10 1.79 1.50
3.79 3.17 2.13 1.56 1.23 1.02 0.87 0.59 0.28 0.28 0.50 0.82 1.00 1.10 1.17 1.25 1.34 1.43 1.55 1.72 2.02 2.30 2.30 2.04 1.97 2.52 3.48 3.84 3.39 2.54 2.07 1.86 1.73 1.65 1.57 1.50 1.50 1.62 1.64 1.68 1.87 2.41 3.14 3.48 3.09 2.34 1.93 1.91 1.92 1.82 1.70 1.53 1.28 1.12 1.07 1.18 1.39 1.72 2.13 2.59 2.95 3.10 3.03 2.73 2.42 2.45 2.78 2.90 2.64 2.24 2.13 2.28 2.52 2.71 2.83 2.90 2.87 2.71 2.48 2.28 2.07 1.82 1.59 1.64
3.64 3.08 2.08 1.50 1.16 0.95 0.74 0.41 0.19 0.29 0.59 0.85 1.01 1.10 1.11 1.13 1.00 1.36 1.65 1.94 2.17 2.29 2.18 1.98 2.09 2.82 3.76 3.96 3.37 2.43 1.98 1.78 1.62 1.48 1.37 1.27 1.20 1.31 1.41 1.51 1.79 2.43 3.24 3.56 3.19 2.52 2.19 2.12 2.08 1.96 1.73 1.47 1.25 1.17 1.15 1.29 1.53 1.93 2.46 2.89 2.98 2.84 2.57 2.17 2.05 2.43 3.00 3.07 2.61 2.19 2.21 2.38 2.49 2.54 2.59 2.59 2.47 2.22 2.00 1.88 1.74 1.54 1.35 1.16
3.45 2.99 2.09 1.49 1.15 0.91 0.61 0.31 0.24 0.45 0.74 0.97 1.16 1.23 1.21 1.21 1.07 1.46 1.81 2.09 2.27 2.34 2.24 2.14 2.40 3.17 3.91 3.97 3.26 2.32 1.87 1.69 1.51 1.25 1.06 1.04 1.06 1.24 1.40 1.62 2.02 2.73 3.46 3.66 3.20 2.53 2.21 2.15 2.05 1.83 1.54 1.30 1.18 1.19 1.23 1.43 1.72 2.20 2.72 2.90 2.65 2.30 2.03 1.78 1.96 2.60 3.20 3.16 2.55 2.15 2.16 2.23 2.24 2.25 2.28 2.25 2.10 1.84 1.65 1.57 1.48 1.31 1.13 0.94
3.34 2.91 2.06 1.49 1.15 0.84 0.53 0.40 0.42 0.67 0.93 1.18 1.36 1.40 1.41 1.43 1.50 1.65 1.88 2.11 2.28 2.42 2.47 2.51 2.80 3.45 3.97 3.88 3.17 2.27 1.82 1.62 1.41 1.13 0.98 1.07 1.25 1.52 1.73 1.97 2.40 3.03 3.59 3.66 3.12 2.47 2.21 2.13 1.92 1.63 1.42 1.28 1.21 1.24 1.29 1.53 1.88 2.38 2.78 2.66 2.19 1.91 1.72 1.65 2.01 2.74 3.35 3.20 2.52 2.16 2.12 2.08 2.06 2.08 2.07 2.02 1.85 1.56 1.37 1.37 1.35 1.17 1.01 0.88
3.28 2.84 2.01 1.42 1.06 0.72 0.54 0.53 0.68 0.95 1.19 1.38 1.46 1.48 1.53 1.62 1.70 1.79 1.92 2.12 2.32 2.56 2.76 2.88 3.16 3.68 4.02 3.78 3.08 2.30 1.88 1.66 1.49 1.31 1.25 1.35 1.56 1.83 2.01 2.22 2.59 3.11 3.55 3.54 3.04 2.47 2.23 2.07 1.76 1.46 1.33 1.26 1.23 1.30 1.37 1.67 2.10 2.53 2.65 2.29 1.81 1.67 1.56 1.60 2.05 2.88 3.43 3.16 2.47 2.17 2.07 1.96 1.93 1.93 1.86 1.81 1.66 1.35 1.15 1.22 1.29 1.17 1.06 1.02
3.23 2.79 1.94 1.33 0.92 0.60 0.54 0.60 0.65 1.17 1.34 1.44 1.48 1.56 1.67 1.79 1.88 1.92 2.01 2.18 2.42 2.71 2.90 3.10 3.44 3.88 3.99 3.63 2.91 2.29 1.95 1.79 1.73 1.63 1.54 1.54 1.64 1.81 1.94 2.13 2.49 3.02 3.42 3.42 3.01 2.49 2.20 1.94 1.59 1.35 1.23 1.14 1.16 1.32 1.47 1.86 2.27 2.44 2.23 1.81 1.56 1.49 1.45 1.67 2.26 3.08 3.41 3.03 2.38 2.12 2.00 1.87 1.85 1.80 1.65 1.57 1.50 1.29 1.30 1.21 1.27 1.78 1.08 1.16
3.19 2.72 1.83 1.20 0.76 0.52 0.48 0.59 0.90 1.17 1.31 1.36 1.47 1.64 1.81 1.96 2.05 2.10 2.16 2.27 2.49 2.80 3.01 3.30 3.67 3.87 3.78 3.31 2.67 2.20 1.93 1.83 1.82 1.70 1.57 1.49 1.49 1.58 1.72 2.01 2.44 2.92 3.27 3.32 3.01 2.52 2.13 1.80 1.47 1.26 1.15 1.04 1.05 1.23 1.52 1.91 2.15 2.04 1.62 1.48 1.46 1.35 1.46 1.87 2.47 3.07 3.30 2.92 2.32 2.04 1.94 1.79 1.74 1.72 1.52 1.36 1.36 1.35 1.22 1.22 1.23 1.13 1.14 1.42
3.12 2.62 1.67 1.06 0.65 0.50 0.45 0.58 0.83 1.02 1.12 1.25 1.47 1.72 1.92 2.05 2.15 2.25 2.29 2.35 2.55 2.88 3.15 3.53 3.77 3.67 3.34 2.91 2.42 2.07 1.85 1.75 1.67 1.53 1.45 1.41 1.40 1.51 1.75 2.10 2.46 2.79 3.06 3.23 3.08 2.57 2.05 1.65 1.33 1.18 1.16 1.13 1.13 1.35 1.46 1.70 1.74 1.46 1.22 1.36 1.39 1.26 1.50 1.95 2.35 2.83 3.14 2.92 2.33 1.95 1.87 1.76 1.66 1.62 1.45 1.29 1.25 1.37 1.24 1.31 1.37 1.32 1.40 1.79
3.02 2.48 1.54 0.96 0.58 0.53 0.49 0.64 0.84 0.98 1.08 1.24 1.50 1.76 1.96 2.09 2.22 2.35 2.42 2.46 2.64 2.97 3.35 3.72 3.75 3.39 2.96 2.56 2.19 1.91 1.75 1.65 1.52 1.37 1.33 1.40 1.45 1.61 1.87 2.18 2.41 2.60 2.87 3.18 3.15 2.58 1.89 1.44 1.25 1.26 1.38 1.48 1.41 1.35 1.39 1.39 1.28 1.13 1.15 1.34 1.32 1.26 1.49 1.85 2.18 2.62 3.02 2.91 2.38 1.99 1.87 1.74 1.54 1.40 1.29 1.21 1.18 1.26 1.41 1.56 1.67 1.70 1.79 2.19
2.88 2.35 1.46 0.89 0.56 0.56 0.58 0.76 0.96 1.10 1.21 1.38 1.64 1.85 1.99 2.13 2.27 2.46 2.61 2.66 2.80 3.13 3.56 3.83 3.65 3.14 2.67 2.33 2.03 1.84 1.76 1.70 1.55 1.37 1.30 1.37 1.46 1.62 1.88 2.13 2.24 2.36 2.71 3.17 3.18 2.48 1.72 1.46 1.50 1.66 1.82 1.83 1.63 1.42 1.35 1.25 1.21 1.23 1.35 1.42 1.39 1.42 1.63 1.92 2.27 2.64 2.89 2.82 2.48 2.17 1.96 1.71 1.38 1.15 1.12 1.16 1.25 1.47 1.70 1.92 2.11 2.21 2.34 2.78
2.75 2.23 1.38 0.81 0.58 0.60 0.69 0.91 1.14 1.32 1.48 1.68 1.88 2.01 2.10 2.24 2.40 2.64 2.82 2.90 3.05 3.35 3.69 3.77 3.41 2.85 2.46 2.23 2.03 1.93 1.91 1.85 1.67 1.51 1.41 1.41 1.45 1.62 1.85 1.95 1.97 2.13 2.60 3.17 3.20 2.54 1.95 1.91 2.04 2.07 2.02 1.85 1.57 1.39 1.33 1.38 1.45 1.53 1.62 1.66 1.69 1.82 2.06 2.36 2.64 2.73 2.71 2.69 2.53 2.24 1.87 1.51 1.20 1.07 1.15 1.31 1.49 1.79 2.15 2.54 2.82 2.93 3.07 3.41
2.61 2.12 1.30 0.74 0.63 0.66 0.82 1.09 1.35 1.59 1.82 2.03 2.18 2.24 2.30 2.46 2.66 2.93 3.11 3.15 3.23 3.44 3.62 3.52 3.08 2.61 2.35 2.21 2.09 2.04 2.01 1.91 1.75 1.64 1.54 1.47 1.49 1.61 1.71 1.71 1.80 2.07 2.58 3.17 3.27 2.79 2.34 2.23 2.18 2.02 1.82 1.59 1.39 1.34 1.34 1.42 1.52 1.62 1.76 1.86 1.98 2.21 2.46 2.65 2.68 2.46 2.24 2.46 2.49 2.14 1.67 1.35 1.22 1.23 1.40 1.60 1.83 2.29 2.88 3.37 3.56 3.55 3.51 3.52
2.48 2.03 1.21 0.73 0.68 0.74 0.95 1.27 1.61 1.93 2.18 2.31 2.37 2.42 2.53 2.75 3.03 3.30 3.41 3.31 3.21 3.27 3.34 3.17 2.79 2.47 2.30 2.19 2.07 2.02 1.97 1.85 1.70 1.57 1.44 1.39 1.43 1.51 1.56 1.66 1.85 2.11 2.59 3.18 3.35 2.93 2.40 2.13 1.92 1.70 1.50 1.32 1.20 1.20 1.22 1.30 1.45 1.59 1.77 1.91 2.09 2.36 2.50 2.44 2.17 1.77 1.70 2.23 2.44 2.09 1.63 1.42 1.45 1.58 1.80 1.99 2.29 2.91 3.59 3.87 3.78 3.57 3.34 3.10
2.37 1.92 1.14 0.79 0.77 0.87 1.17 1.58 1.99 2.23 2.32 2.30 2.33 2.45 2.70 3.05 3.38 3.57 3.51 3.26 3.04 2.98 2.97 2.85 2.64 2.43 2.24 2.09 2.02 1.99 1.91 1.77 1.55 1.37 1.27 1.29 1.35 1.40 1.49 1.64 1.78 2.01 2.52 3.19 3.38 2.92 2.31 1.95 1.75 1.56 1.40 1.27 1.12 1.06 1.11 1.26 1.46 1.60 1.73 1.91 2.13 2.28 2.17 1.83 1.50 1.34 1.53 2.09 2.35 2.12 1.77 1.66 1.82 2.06 2.29 2.49 2.86 3.51 3.89 3.80 3.37 2.90 2.59 2.41
