project/data/elevation/US_DEM2016/US_DEM2016_point_10-28-2019_2158_30m_vel.asc
ncols	125
nrows	167
xllcorner	-2042055.000000
yllcorner	1465035.000000
cellsize	30.000000
NODATA_value	-9999.000000
[rows 76 to 113 of 167, columns 0 to 83 of 125]
1.60 1.31 0.78 0.52 0.54 0.76 1.07 1.32 1.43 1.43 1.41 1.43 1.53 1.70 1.90 2.11 2.23 2.24 2.14 2.01 1.92 1.90 1.91 1.92 1.87 1.75 1.55 1.45 1.49 1.51 1.41 1.26 1.10 1.01 0.98 0.95 0.94 0.97 1.05 1.17 1.29 1.48 1.84 2.27 2.39 2.11 1.69 1.42 1.28 1.18 1.08 0.97 0.82 0.73 0.80 0.98 1.14 1.20 1.29 1.44 1.56 1.48 1.26 1.13 1.13 1.21 1.40 1.63 1.79 1.80 1.69 1.63 1.74 1.87 1.94 2.02 2.19 2.38 2.33 2.04 1.74 1.51 1.44 1.45
1.52 1.24 0.74 0.50 0.57 0.93 1.22 1.35 1.33 1.25 1.27 1.39 1.60 1.84 2.07 2.22 2.23 2.11 1.95 1.85 1.79 1.78 1.82 1.89 1.91 1.81 1.55 1.40 1.47 1.54 1.43 1.26 1.14 1.10 1.07 0.99 0.90 0.88 0.99 1.15 1.34 1.53 1.83 2.21 2.38 2.18 1.76 1.43 1.26 1.16 1.05 0.94 0.83 0.81 0.89 1.04 1.17 1.24 1.32 1.46 1.47 1.21 0.98 1.05 1.21 1.37 1.48 1.60 1.76 1.88 1.89 1.94 2.06 2.13 2.16 2.22 2.27 2.25 2.04 1.75 1.55 1.42 1.41 1.45
1.42 1.14 0.66 0.48 0.63 1.00 1.19 1.21 1.07 1.19 1.31 1.51 1.77 2.05 2.23 2.28 2.17 1.97 1.80 1.71 1.68 1.67 1.72 1.84 1.94 1.87 1.59 1.39 1.45 1.53 1.42 1.27 1.19 1.13 1.04 0.89 0.77 0.77 0.96 1.19 1.36 1.49 1.71 2.10 2.40 2.28 1.83 1.44 1.27 1.17 1.08 1.00 0.96 0.96 0.99 1.08 1.20 1.26 1.30 1.36 1.27 0.98 0.91 1.14 1.38 1.50 1.59 1.72 1.89 1.97 2.07 2.20 2.24 2.19 2.13 2.11 2.07 1.92 1.74 1.57 1.44 1.39 1.40 1.44
1.28 1.00 0.59 0.53 0.73 0.99 1.13 1.17 1.23 1.34 1.49 1.72 2.01 2.24 2.32 2.25 2.06 1.83 1.67 1.60 1.59 1.57 1.63 1.78 1.94 1.94 1.68 1.41 1.40 1.48 1.38 1.27 1.21 1.11 0.95 0.76 0.66 0.70 0.95 1.15 1.28 1.37 1.56 1.98 2.37 2.35 1.92 1.52 1.35 1.28 1.22 1.20 1.21 1.13 1.04 1.06 1.15 1.17 1.17 1.15 1.05 0.94 1.02 1.29 1.53 1.67 1.81 1.95 2.00 2.05 2.20 2.32 2.24 2.05 1.95 1.88 1.77 1.67 1.58 1.49 1.40 1.37 1.39 1.40
1.07 0.86 0.63 0.68 0.85 1.04 1.17 1.26 1.38 1.52 1.70 1.96 2.23 2.32 2.26 2.11 1.91 1.69 1.54 1.48 1.48 1.49 1.56 1.70 1.91 2.01 1.81 1.44 1.30 1.36 1.31 1.24 1.22 1.12 0.90 0.65 0.68 0.70 0.95 1.11 1.25 1.36 1.52 1.89 2.26 2.32 2.06 1.73 1.53 1.46 1.40 1.34 1.28 1.14 0.98 0.98 1.03 1.04 1.07 1.07 1.03 1.06 1.21 1.49 1.74 1.94 2.05 2.02 1.95 2.03 2.28 2.36 2.14 1.84 1.72 1.71 1.65 1.57 1.54 1.44 1.35 1.35 1.38 1.37
0.90 0.82 0.76 0.82 0.96 1.11 1.24 1.37 1.51 1.68 1.91 2.17 2.32 2.27 2.09 1.93 1.76 1.53 1.37 1.32 1.36 1.41 1.48 1.61 1.86 2.05 1.93 1.48 1.23 1.26 1.28 1.25 1.24 1.15 0.90 0.60 0.57 0.78 1.00 1.15 1.32 1.44 1.56 1.80 2.12 2.26 2.15 1.92 1.72 1.56 1.42 1.30 1.20 1.04 0.92 0.92 0.84 1.08 1.14 1.14 1.16 1.26 1.46 1.74 1.99 2.13 2.03 1.80 1.77 2.00 2.33 2.38 2.10 1.71 1.59 1.62 1.62 1.56 1.50 1.41 1.33 1.32 1.38 1.38
0.92 0.90 0.85 0.87 0.99 1.16 1.31 1.46 1.64 1.85 2.08 2.25 2.25 2.08 1.88 1.76 1.63 1.41 1.21 1.19 1.29 1.33 1.34 1.52 1.82 2.06 2.01 1.64 1.23 1.21 1.31 1.34 1.29 1.17 0.91 0.69 0.63 0.86 1.06 1.24 1.41 1.50 1.56 1.73 2.01 2.22 2.22 2.01 1.75 1.51 1.35 1.28 1.23 1.10 0.96 0.92 0.90 1.11 1.20 1.21 1.29 1.44 1.68 1.95 2.16 2.11 1.76 1.56 1.71 2.05 2.38 2.40 2.06 1.65 1.50 1.56 1.61 1.57 1.47 1.37 1.30 1.29 1.34 1.40
1.02 0.96 0.86 0.87 1.03 1.22 1.39 1.57 1.78 1.99 2.16 2.19 2.09 1.89 1.72 1.63 1.53 1.33 1.11 1.10 1.24 1.23 1.23 1.46 1.78 2.01 2.06 1.82 1.39 1.28 1.39 1.44 1.34 1.17 1.00 0.81 0.72 0.92 1.13 1.32 1.43 1.45 1.48 1.63 1.93 2.22 2.29 2.08 1.76 1.51 1.41 1.36 1.29 1.15 0.98 0.94 0.94 1.05 1.19 1.25 1.38 1.57 1.81 2.05 2.17 1.94 1.55 1.53 1.78 2.09 2.39 2.39 2.05 1.61 1.41 1.49 1.59 1.55 1.45 1.36 1.27 1.24 1.26 1.38
1.06 0.94 0.83 0.90 1.11 1.32 1.49 1.69 1.89 2.06 2.14 2.08 1.93 1.75 1.60 1.51 1.42 1.24 1.03 1.04 1.16 1.16 1.22 1.46 1.75 1.97 2.08 1.95 1.64 1.49 1.52 1.50 1.37 1.21 0.99 0.83 0.85 1.04 1.26 1.36 1.35 1.32 1.38 1.58 1.88 2.22 2.35 2.17 1.84 1.61 1.48 1.39 1.25 1.10 0.97 0.95 1.01 1.13 1.24 1.34 1.47 1.63 1.84 2.07 2.11 1.79 1.48 1.59 1.80 2.03 2.30 2.37 2.07 1.61 1.35 1.42 1.54 1.52 1.45 1.37 1.27 1.18 1.17 1.31
1.07 0.93 0.83 0.96 1.21 1.43 1.59 1.76 1.93 2.06 2.07 1.96 1.81 1.64 1.49 1.39 1.29 1.13 0.99 1.02 1.12 1.18 1.31 1.55 1.80 1.99 2.12 2.04 1.78 1.60 1.55 1.48 1.35 1.22 1.08 0.96 1.00 1.19 1.29 1.25 1.19 1.25 1.39 1.59 1.88 2.24 2.42 2.25 1.88 1.61 1.46 1.32 1.20 1.09 0.97 0.96 1.04 1.17 1.26 1.36 1.46 1.60 1.81 2.06 2.08 1.75 1.47 1.57 1.71 1.89 2.17 2.32 2.14 1.69 1.35 1.38 1.50 1.51 1.46 1.40 1.33 1.25 1.14 1.26
1.09 0.97 0.90 1.04 1.29 1.49 1.61 1.74 1.93 2.03 1.98 1.85 1.71 1.54 1.37 1.25 1.13 1.04 1.02 1.10 1.19 1.30 1.45 1.67 1.89 2.06 2.17 2.09 1.82 1.60 1.50 1.43 1.32 1.22 1.10 1.00 1.02 1.15 1.14 1.05 1.12 1.28 1.40 1.57 1.88 2.32 2.51 2.29 1.84 1.54 1.38 1.24 1.14 1.07 0.98 0.97 1.12 1.11 1.14 1.29 1.39 1.51 1.78 2.06 2.09 1.78 1.44 1.43 1.58 1.77 2.06 2.28 2.19 1.81 1.42 1.35 1.45 1.49 1.46 1.61 1.38 1.29 1.21 1.27
1.11 1.00 0.96 1.09 1.29 1.44 1.57 1.74 1.93 2.02 1.90 1.74 1.60 1.42 1.19 1.04 1.00 1.07 1.19 1.26 1.33 1.43 1.58 1.78 1.98 2.11 2.18 2.07 1.82 1.58 1.47 1.41 1.34 1.25 1.12 0.98 1.22 0.91 0.94 0.98 1.14 1.28 1.35 1.51 1.91 2.45 2.61 2.29 1.77 1.47 1.29 1.14 1.04 0.98 0.93 0.95 0.97 1.02 1.12 1.24 1.35 1.52 1.80 2.06 2.12 1.83 1.42 1.32 1.47 1.72 2.03 2.29 2.22 1.88 1.53 1.38 1.41 1.45 1.48 1.46 1.39 1.32 1.31 1.36
1.12 1.01 0.98 1.09 1.24 1.40 1.60 1.83 1.98 1.96 1.79 1.62 1.47 1.25 0.98 0.88 1.05 1.26 1.35 1.39 1.45 1.54 1.69 1.87 2.01 2.11 2.14 2.04 1.84 1.63 1.50 1.42 1.37 1.28 1.10 0.92 0.81 0.78 0.85 1.00 1.15 1.26 1.34 1.54 2.00 2.54 2.66 2.26 1.70 1.40 1.26 1.11 1.00 0.93 0.86 0.86 0.90 0.99 1.14 1.27 1.40 1.58 1.82 2.05 2.14 1.89 1.43 1.25 1.41 1.72 2.06 2.32 2.27 1.91 1.58 1.44 1.44 1.47 1.48 1.46 1.39 1.34 1.40 1.42
1.11 1.03 1.01 1.11 1.24 1.46 1.74 1.94 1.96 1.83 1.62 1.42 1.27 1.05 0.88 0.98 1.22 1.37 1.41 1.45 1.53 1.65 1.77 1.88 1.95 2.02 2.08 2.06 1.91 1.71 1.53 1.41 1.35 1.27 1.06 0.85 0.76 0.75 0.83 1.02 1.17 1.29 1.39 1.60 2.06 2.56 2.65 2.20 1.63 1.39 1.27 1.15 1.06 1.03 0.95 0.89 0.91 1.02 1.18 1.31 1.44 1.57 1.76 2.02 2.16 1.94 1.43 1.21 1.38 1.74 2.09 2.36 2.30 1.92 1.57 1.45 1.48 1.49 1.45 1.40 1.37 1.40 1.45 1.41
1.10 1.06 1.07 1.15 1.32 1.60 1.85 1.94 1.84 1.62 1.39 1.16 1.01 0.92 0.90 1.11 1.26 1.35 1.42 1.49 1.59 1.71 1.76 1.76 1.81 1.94 2.07 2.12 1.99 1.75 1.54 1.37 1.29 1.25 1.06 0.81 0.70 0.70 0.83 1.05 1.24 1.34 1.41 1.62 2.06 2.49 2.55 2.18 1.70 1.45 1.33 1.25 1.24 1.25 1.16 1.02 0.97 1.05 1.18 1.30 1.39 1.46 1.66 2.01 2.20 1.99 1.44 1.20 1.35 1.68 2.06 2.39 2.31 1.87 1.52 1.44 1.51 1.50 1.42 1.36 1.37 1.40 1.40 1.32
1.11 1.10 1.12 1.22 1.42 1.70 1.86 1.82 1.63 1.37 1.13 0.92 0.85 0.92 1.05 1.19 1.27 1.33 1.42 1.53 1.63 1.72 1.69 1.64 1.74 1.94 2.12 2.17 2.01 1.77 1.57 1.39 1.29 1.23 1.07 0.79 0.62 0.65 0.83 1.10 1.28 1.36 1.43 1.68 2.05 2.40 2.44 2.17 1.82 1.60 1.47 1.43 1.41 1.35 1.20 1.01 0.94 1.00 1.12 1.20 1.26 1.34 1.58 2.00 2.24 2.03 1.48 1.22 1.30 1.55 1.98 2.37 2.31 1.84 1.46 1.40 1.52 1.54 1.41 1.35 1.40 1.42 1.33 1.20
1.15 1.15 1.19 1.32 1.52 1.71 1.75 1.62 1.39 1.15 0.94 0.83 0.87 1.02 1.17 1.28 1.34 1.39 1.47 1.57 1.66 1.70 1.64 1.64 1.77 1.98 2.16 2.17 2.01 1.81 1.62 1.47 1.37 1.26 1.05 0.74 0.56 0.63 0.89 1.17 1.32 1.40 1.51 1.77 2.08 2.34 2.38 2.17 1.89 1.70 1.59 1.50 1.39 1.23 1.05 0.90 0.87 0.92 1.01 1.08 1.13 1.24 1.52 2.00 2.27 2.10 1.58 1.25 1.22 1.42 1.88 2.34 2.33 1.87 1.41 1.32 1.50 1.54 1.37 1.30 1.41 1.45 1.30 1.11
1.20 1.19 1.24 1.38 1.52 1.59 1.54 1.39 1.18 0.98 0.87 0.87 0.98 1.13 1.27 1.39 1.46 1.49 1.56 1.66 1.73 1.71 1.67 1.70 1.80 2.01 2.20 2.19 2.05 1.86 1.68 1.53 1.41 1.26 0.97 0.68 0.58 0.72 1.00 1.25 1.39 1.49 1.64 1.87 2.09 2.29 2.35 2.19 1.94 1.74 1.60 1.44 1.27 1.13 1.01 0.91 0.86 0.86 0.91 0.99 1.06 1.19 1.51 2.01 2.31 2.16 1.68 1.27 1.15 1.32 1.79 2.28 2.32 1.88 1.37 1.23 1.40 1.48 1.34 1.28 1.40 1.47 1.29 1.05
1.24 1.21 1.24 1.34 1.38 1.36 1.28 1.19 1.05 0.93 0.92 0.98 1.09 1.22 1.37 1.52 1.60 1.63 1.69 1.77 1.79 1.74 1.68 1.68 1.80 2.08 2.30 2.24 2.05 1.83 1.63 1.48 1.32 1.12 0.83 0.65 0.67 0.88 1.14 1.35 1.48 1.58 1.72 1.89 2.05 2.24 2.34 2.24 1.98 1.75 1.55 1.37 1.21 1.12 1.05 0.94 0.85 0.82 0.87 0.98 1.09 1.25 1.58 2.05 2.33 2.20 1.70 1.26 1.10 1.27 1.73 2.21 2.28 1.87 1.36 1.18 1.31 1.41 1.36 1.33 1.41 1.47 1.31 1.06
1.29 1.24 1.22 1.24 1.21 1.16 1.09 1.07 1.04 1.00 1.03 1.09 1.20 1.35 1.51 1.67 1.75 1.79 1.83 1.82 1.76 1.64 1.55 1.58 1.79 2.18 2.39 2.23 1.94 1.73 1.57 1.41 1.25 1.00 0.74 0.68 0.79 1.02 1.25 1.42 1.51 1.59 1.68 1.79 1.98 2.21 2.37 2.30 2.03 1.73 1.48 1.31 1.18 1.08 0.98 0.84 0.77 0.77 0.85 0.99 1.13 1.35 1.69 2.09 2.33 2.19 1.69 1.26 1.14 1.32 1.72 2.09 2.16 1.86 1.42 1.25 1.30 1.35 1.39 1.41 1.42 1.43 1.33 1.17
1.34 1.25 1.15 1.13 1.11 1.10 1.06 1.06 1.12 1.15 1.16 1.21 1.34 1.52 1.69 1.83 1.90 1.90 1.83 1.71 1.56 1.39 1.37 1.53 1.84 2.27 2.40 2.12 1.82 1.70 1.60 1.48 1.32 1.05 0.80 0.77 0.89 1.10 1.31 1.43 1.48 1.52 1.56 1.69 1.92 2.21 2.43 2.39 2.07 1.67 1.40 1.25 1.13 1.01 0.84 0.69 0.65 0.70 0.81 0.96 1.14 1.41 1.78 2.12 2.29 2.14 1.73 1.35 1.23 1.38 1.66 1.88 1.99 1.87 1.60 1.45 1.35 1.29 1.41 1.49 1.42 1.37 1.35 1.34
1.35 1.21 1.05 1.06 1.09 1.12 1.12 1.14 1.24 1.29 1.29 1.35 1.51 1.71 1.86 1.93 1.93 1.84 1.65 1.43 1.27 1.21 1.35 1.60 1.92 2.32 2.37 2.05 1.79 1.72 1.66 1.56 1.39 1.12 0.90 0.86 0.94 1.13 1.29 1.38 1.38 1.38 1.46 1.65 1.89 2.20 2.49 2.45 2.06 1.59 1.36 1.26 1.12 0.94 0.77 0.62 0.59 0.67 0.80 0.97 1.18 1.49 1.85 2.13 2.24 2.12 1.79 1.43 1.26 1.32 1.50 1.60 1.75 1.84 1.76 1.63 1.44 1.31 1.50 1.59 1.46 1.36 1.42 1.56
1.34 1.17 1.00 1.03 1.10 1.15 1.19 1.26 1.36 1.42 1.45 1.53 1.70 1.88 1.94 1.91 1.81 1.62 1.38 1.18 1.12 1.24 1.48 1.72 2.05 2.42 2.38 2.05 1.82 1.73 1.65 1.53 1.34 1.12 0.93 0.89 0.96 1.12 1.24 1.26 1.23 1.27 1.43 1.65 1.89 2.23 2.51 2.44 1.98 1.53 1.39 1.32 1.13 0.95 0.81 0.68 0.65 0.72 0.85 1.01 1.25 1.57 1.87 2.08 2.18 2.13 1.86 1.50 1.26 1.25 1.30 1.35 1.56 1.77 1.82 1.74 1.55 1.47 1.67 1.71 1.54 1.45 1.56 1.68
1.32 1.18 1.04 1.07 1.14 1.23 1.32 1.39 1.46 1.51 1.57 1.68 1.82 1.92 1.88 1.75 1.58 1.38 1.17 1.05 1.15 1.42 1.67 1.88 2.22 2.51 2.39 2.01 1.75 1.64 1.54 1.43 1.27 1.08 0.91 0.87 0.92 1.05 1.12 1.10 1.11 1.29 1.51 1.70 1.93 2.28 2.50 2.37 1.91 1.53 1.42 1.35 1.17 1.05 0.95 0.80 0.74 0.79 0.91 1.08 1.30 1.59 1.86 2.03 2.12 2.12 1.92 1.58 1.34 1.26 1.21 1.28 1.51 1.73 1.82 1.79 1.69 1.69 1.79 1.75 1.59 1.54 1.62 1.61
1.32 1.21 1.09 1.11 1.20 1.33 1.41 1.45 1.48 1.52 1.62 1.74 1.81 1.79 1.68 1.51 1.33 1.16 1.06 1.09 1.31 1.61 1.81 2.01 2.35 2.51 2.29 1.89 1.65 1.54 1.47 1.40 1.27 1.07 0.87 0.83 0.85 0.94 1.01 1.04 1.18 1.42 1.59 1.74 1.99 2.33 2.49 2.28 1.85 1.57 1.46 1.35 1.24 1.16 1.03 0.83 0.77 0.84 0.98 1.14 1.33 1.61 1.85 1.99 2.08 2.09 1.95 1.70 1.50 1.32 1.20 1.28 1.50 1.68 1.80 1.85 1.84 1.84 1.79 1.65 1.52 1.50 1.53 1.42
1.34 1.24 1.11 1.13 1.24 1.36 1.41 1.42 1.43 1.48 1.62 1.73 1.71 1.61 1.46 1.27 1.10 1.05 1.11 1.27 1.49 1.73 1.90 2.10 2.41 2.47 2.15 1.78 1.56 1.47 1.45 1.43 1.30 1.07 0.85 0.78 0.81 0.91 1.03 1.16 1.35 1.51 1.61 1.76 2.02 2.35 2.46 2.20 1.81 1.59 1.46 1.33 1.24 1.15 0.96 0.77 0.77 0.90 1.03 1.17 1.37 1.64 1.85 1.97 2.03 2.05 1.98 1.79 1.57 1.31 1.18 1.26 1.45 1.61 1.78 1.93 1.98 1.90 1.71 1.55 1.45 1.43 1.41 1.29
1.36 1.29 1.17 1.17 1.18 1.31 1.35 1.36 1.39 1.49 1.62 1.68 1.60 1.43 1.22 1.04 1.01 1.13 1.32 1.50 1.64 1.80 1.95 2.13 2.38 2.39 2.03 1.68 1.50 1.46 1.47 1.45 1.33 1.12 0.88 0.75 0.82 0.97 1.15 1.28 1.39 1.49 1.58 1.75 2.03 2.34 2.41 2.14 1.77 1.56 1.45 1.35 1.26 1.11 0.88 0.75 0.81 0.95 1.07 1.20 1.42 1.68 1.84 1.93 1.98 2.02 1.99 1.83 1.55 1.26 1.15 1.20 1.37 1.55 1.74 1.98 2.07 1.91 1.67 1.54 1.46 1.40 1.35 1.29
1.40 1.35 1.26 1.20 1.21 1.18 1.27 1.33 1.40 1.52 1.60 1.57 1.43 1.25 1.06 0.98 1.11 1.36 1.54 1.64 1.73 1.85 1.97 2.12 2.30 2.28 1.96 1.63 1.49 1.49 1.50 1.46 1.37 1.21 0.99 0.85 0.89 1.02 1.15 1.22 1.28 1.40 1.54 1.74 2.03 2.31 2.37 2.09 1.72 1.53 1.46 1.39 1.30 1.15 0.89 0.77 0.85 1.01 1.12 1.25 1.47 1.70 1.81 1.86 1.92 1.98 1.99 1.85 1.57 1.29 1.15 1.17 1.32 1.47 1.64 1.96 2.08 1.90 1.66 1.55 1.48 1.41 1.36 1.34
1.48 1.40 1.25 1.18 1.16 1.20 1.27 1.35 1.43 1.49 1.45 1.36 1.24 1.11 1.06 1.12 1.30 1.50 1.61 1.70 1.77 1.84 1.95 2.12 2.24 2.16 1.91 1.66 1.57 1.58 1.58 1.53 1.46 1.33 1.17 1.03 0.99 1.00 1.06 1.12 1.19 1.33 1.55 1.77 2.03 2.27 2.31 2.04 1.70 1.54 1.48 1.38 1.30 1.21 1.01 0.85 0.93 1.08 1.18 1.30 1.50 1.66 1.75 1.79 1.87 1.96 1.97 1.87 1.64 1.37 1.19 1.18 1.28 1.39 1.57 1.91 2.05 1.92 1.71 1.56 1.48 1.43 1.40 1.37
1.51 1.37 1.17 1.10 1.08 1.13 1.24 1.33 1.36 1.32 1.20 1.15 1.14 1.12 1.22 1.38 1.47 1.54 1.61 1.71 1.76 1.79 1.94 2.16 2.21 2.05 1.88 1.77 1.71 1.68 1.64 1.59 1.52 1.40 1.27 1.12 0.99 0.95 0.99 1.07 1.16 1.34 1.60 1.82 2.02 2.21 2.22 1.99 1.72 1.56 1.45 1.33 1.29 1.31 1.21 1.07 1.07 1.15 1.23 1.35 1.48 1.57 1.65 1.75 1.86 1.95 1.96 1.88 1.70 1.43 1.24 1.20 1.27 1.36 1.51 1.77 1.98 1.96 1.77 1.57 1.44 1.43 1.46 1.42
1.49 1.32 1.11 1.05 1.02 1.08 1.16 1.23 1.21 1.14 1.09 1.10 1.16 1.26 1.48 1.65 1.64 1.60 1.61 1.70 1.75 1.80 2.01 2.24 2.16 1.95 1.90 1.88 1.78 1.69 1.63 1.55 1.45 1.34 1.23 1.08 0.94 0.91 0.96 1.03 1.16 1.41 1.68 1.86 1.99 2.13 2.14 1.94 1.74 1.57 1.40 1.32 1.40 1.49 1.45 1.29 1.18 1.17 1.26 1.36 1.41 1.45 1.59 1.76 1.89 1.94 1.92 1.88 1.76 1.52 1.31 1.22 1.23 1.28 1.35 1.58 1.89 1.99 1.84 1.59 1.40 1.43 1.53 1.49
1.44 1.29 1.11 1.04 1.03 1.09 1.17 1.18 1.14 1.11 1.15 1.23 1.34 1.54 1.77 1.86 1.78 1.67 1.66 1.75 1.83 1.93 2.16 2.27 2.07 1.88 1.93 1.93 1.78 1.66 1.58 1.46 1.35 1.26 1.16 1.03 0.91 0.90 0.93 1.01 1.21 1.50 1.73 1.83 1.93 2.07 2.06 1.88 1.73 1.56 1.42 1.46 1.65 1.71 1.57 1.34 1.18 1.18 1.25 1.30 1.32 1.39 1.58 1.78 1.90 1.91 1.87 1.87 1.81 1.62 1.38 1.21 1.14 1.15 1.22 1.44 1.81 1.99 1.89 1.66 1.47 1.49 1.57 1.51
1.43 1.29 1.11 1.06 1.09 1.15 1.20 1.22 1.21 1.25 1.36 1.50 1.67 1.86 1.99 1.94 1.77 1.67 1.71 1.82 1.93 2.06 2.20 2.19 1.94 1.81 1.93 1.94 1.78 1.66 1.55 1.43 1.32 1.24 1.13 0.99 0.88 0.85 0.88 1.03 1.29 1.52 1.65 1.73 1.89 2.04 1.99 1.81 1.68 1.57 1.52 1.66 1.81 1.77 1.54 1.30 1.21 1.21 1.22 1.25 1.30 1.39 1.55 1.74 1.87 1.86 1.81 1.86 1.86 1.70 1.44 1.19 1.06 1.07 1.17 1.39 1.75 1.95 1.91 1.76 1.60 1.57 1.58 1.48
1.45 1.31 1.13 1.09 1.14 1.20 1.25 1.29 1.36 1.48 1.64 1.79 1.91 1.99 1.99 1.82 1.59 1.61 1.73 1.83 1.95 2.05 2.10 2.03 1.80 1.75 1.92 1.94 1.76 1.63 1.53 1.44 1.36 1.29 1.16 0.99 0.83 0.77 0.85 1.05 1.26 1.41 1.50 1.65 1.92 2.08 1.96 1.75 1.63 1.60 1.65 1.80 1.87 1.76 1.53 1.37 1.32 1.27 1.23 1.24 1.29 1.36 1.46 1.66 1.82 1.79 1.76 1.86 1.89 1.76 1.51 1.20 1.01 1.01 1.14 1.38 1.67 1.86 1.93 1.87 1.72 1.62 1.56 1.45
1.47 1.33 1.13 1.11 1.17 1.23 1.30 1.40 1.54 1.70 1.81 1.88 1.90 1.88 1.80 1.59 1.41 1.50 1.64 1.78 1.92 1.99 2.00 1.88 1.68 1.73 1.94 1.93 1.72 1.58 1.53 1.48 1.43 1.37 1.23 1.03 0.81 0.73 0.82 1.00 1.16 1.31 1.47 1.72 2.03 2.14 1.96 1.68 1.58 1.63 1.74 1.87 1.90 1.76 1.57 1.45 1.39 1.29 1.22 1.21 1.24 1.30 1.41 1.61 1.74 1.72 1.77 1.89 1.91 1.80 1.55 1.21 0.99 0.97 1.12 1.36 1.57 1.76 1.93 1.96 1.82 1.67 1.56 1.44
1.48 1.33 1.13 1.13 1.20 1.27 1.40 1.56 1.71 1.79 1.79 1.76 1.72 1.68 1.62 1.45 1.33 1.43 1.56 1.72 1.92 1.99 1.95 1.78 1.60 1.74 1.97 1.90 1.69 1.60 1.57 1.52 1.46 1.38 1.23 1.02 0.80 0.73 0.81 0.97 1.15 1.35 1.58 1.87 2.13 2.17 1.92 1.59 1.51 1.63 1.78 1.92 1.94 1.78 1.59 1.46 1.35 1.23 1.15 1.13 1.17 1.26 1.39 1.54 1.62 1.67 1.81 1.94 1.94 1.81 1.53 1.21 1.00 0.95 1.10 1.32 1.48 1.66 1.90 2.03 1.93 1.72 1.54 1.41
1.46 1.32 1.16 1.17 1.24 1.35 1.53 1.69 1.75 1.71 1.64 1.59 1.55 1.54 1.48 1.36 1.31 1.41 1.54 1.72 1.94 2.06 1.95 1.67 1.55 1.79 1.97 1.86 1.67 1.63 1.62 1.55 1.44 1.32 1.17 0.97 0.78 0.73 0.82 1.02 1.23 1.43 1.68 2.01 2.20 2.14 1.84 1.47 1.40 1.60 1.81 1.98 1.99 1.82 1.60 1.43 1.27 1.12 1.04 1.05 1.11 1.21 1.33 1.43 1.53 1.68 1.88 1.99 1.96 1.78 1.47 1.21 1.01 0.93 1.08 1.28 1.41 1.57 1.85 2.10 2.04 1.73 1.49 1.38
1.45 1.35 1.23 1.23 1.28 1.42 1.62 1.70 1.64 1.54 1.49 1.43 1.40 1.39 1.36 1.31 1.36 1.50 1.61 1.76 2.02 2.16 1.91 1.52 1.55 1.84 1.94 1.83 1.68 1.63 1.63 1.57 1.46 1.33 1.18 0.96 0.74 0.72 0.85 1.08 1.28 1.47 1.77 2.11 2.22 2.07 1.74 1.36 1.29 1.55 1.82 2.01 2.02 1.85 1.61 1.42 1.23 1.05 0.98 1.00 1.06 1.15 1.25 1.37 1.51 1.71 1.94 2.03 1.94 1.69 1.42 1.21 1.00 0.93 1.06 1.24 1.35 1.49 1.81 2.16 2.12 1.72 1.45 1.35
