project/data/elevation/US_DEM2016/US_DEM2016_point_10-28-2019_1654_30m_vel.asc
ncols	125
nrows	167
xllcorner	-2042055.000000
yllcorner	1465035.000000
cellsize	30.000000
NODATA_value	-9999.000000
[rows 114 to 151 of 167, columns 0 to 83 of 125]
5.16 5.16 5.21 5.31 5.47 5.72 5.91 5.73 5.25 4.72 4.28 3.89 3.61 3.42 3.42 3.69 4.25 4.83 5.22 5.53 5.93 6.06 5.59 5.17 5.36 5.57 5.50 5.36 5.30 5.21 5.07 4.81 4.53 4.31 4.14 4.09 4.26 4.54 4.78 4.99 5.25 5.56 5.94 6.31 6.32 5.88 5.34 5.03 4.94 5.02 5.16 5.20 5.09 4.77 4.39 4.10 4.00 4.20 4.54 4.77 4.85 4.81 4.70 4.62 4.66 4.82 5.06 5.12 4.90 4.53 4.27 4.16 4.14 4.17 4.20 4.18 4.13 4.11 4.25 4.57 4.57 4.18 3.90 3.76
5.27 5.29 5.32 5.34 5.41 5.47 5.40 5.04 4.45 3.92 3.54 3.28 3.12 3.20 3.66 4.40 5.15 5.72 6.06 6.21 6.15 5.76 5.09 4.88 5.14 5.22 5.07 5.03 5.14 5.31 5.40 5.34 5.13 4.72 4.28 4.16 4.42 4.78 5.06 5.29 5.53 5.77 5.99 6.11 5.89 5.36 4.88 4.67 4.69 4.91 5.24 5.34 5.21 4.91 4.50 4.08 3.89 3.98 4.22 4.45 4.63 4.77 4.85 4.87 4.92 5.02 5.07 4.96 4.70 4.43 4.27 4.21 4.18 4.14 4.09 4.07 4.07 4.12 4.29 4.50 4.40 4.07 3.85 3.71
5.37 5.38 5.37 5.35 5.32 5.21 4.99 4.65 4.31 4.09 3.96 3.87 3.98 4.42 5.13 5.90 6.45 6.63 6.57 6.34 5.89 5.30 4.82 4.68 4.75 4.64 4.51 4.61 4.85 5.09 5.23 5.32 5.33 5.22 5.05 5.03 5.14 5.28 5.40 5.50 5.60 5.71 5.84 5.84 5.54 5.08 4.68 4.48 4.61 4.99 5.37 5.49 5.37 5.16 4.96 4.81 4.65 4.55 4.52 4.56 4.63 4.71 4.78 4.87 4.98 5.06 5.00 4.81 4.56 4.32 4.18 4.13 4.07 4.03 4.04 4.07 4.12 4.22 4.40 4.56 4.58 4.47 4.38 4.41
5.42 5.37 5.31 5.29 5.21 5.04 4.82 4.63 4.56 4.63 4.81 5.11 5.55 6.09 6.59 6.90 6.88 6.55 6.16 5.72 5.29 5.03 4.92 4.83 4.70 4.47 4.27 4.32 4.51 4.63 4.65 4.77 5.03 5.29 5.48 5.55 5.49 5.38 5.29 5.26 5.31 5.46 5.66 5.68 5.40 5.02 4.67 4.50 4.70 5.10 5.35 5.37 5.28 5.22 5.25 5.33 5.39 5.37 5.24 5.03 4.86 4.74 4.71 4.74 4.84 4.88 4.75 4.58 4.44 4.28 4.14 4.03 3.95 3.97 4.07 4.17 4.27 4.39 4.56 4.82 5.08 5.18 5.22 5.35
5.41 5.32 5.24 5.22 5.15 5.01 4.85 4.75 4.75 4.91 5.33 5.90 6.44 6.78 6.90 6.71 6.15 5.62 5.31 4.97 4.79 4.86 5.00 5.05 4.96 4.68 4.38 4.25 4.34 4.35 4.25 4.28 4.48 4.82 5.09 5.20 5.16 5.07 4.99 4.98 5.10 5.35 5.61 5.59 5.26 4.90 4.69 4.62 4.79 5.04 5.15 5.09 4.99 5.03 5.18 5.32 5.47 5.56 5.52 5.34 5.08 4.83 4.66 4.58 4.55 4.45 4.28 4.31 4.45 4.42 4.28 4.13 4.05 4.07 4.18 4.33 4.47 4.60 4.81 5.16 5.45 5.54 5.58 5.66
5.37 5.29 5.22 5.21 5.13 5.03 4.94 4.89 4.96 5.24 5.75 6.24 6.50 6.50 6.26 5.79 5.30 5.02 4.77 4.50 4.43 4.54 4.74 4.93 4.93 4.71 4.49 4.42 4.47 4.44 4.34 4.26 4.24 4.30 4.48 4.64 4.75 4.82 4.89 4.99 5.15 5.39 5.58 5.45 5.04 4.74 4.71 4.78 4.90 5.00 4.99 4.92 4.90 5.00 5.13 5.19 5.22 5.21 5.19 5.15 5.03 4.80 4.57 4.40 4.21 4.03 4.06 4.39 4.68 4.66 4.51 4.38 4.28 4.26 4.32 4.44 4.55 4.67 4.92 5.25 5.43 5.34 5.22 5.15
5.34 5.31 5.28 5.22 5.13 5.07 5.06 5.08 5.24 5.64 6.10 6.31 6.22 5.97 5.62 5.23 4.97 4.76 4.43 4.15 4.07 4.16 4.45 4.74 4.70 4.51 4.50 4.60 4.67 4.64 4.58 4.48 4.31 4.19 4.15 4.23 4.43 4.68 4.89 5.07 5.25 5.44 5.52 5.25 4.77 4.56 4.68 4.83 4.92 4.96 4.97 4.99 5.06 5.16 5.17 5.09 4.96 4.81 4.72 4.69 4.66 4.58 4.47 4.32 4.21 4.26 4.50 4.82 4.92 4.77 4.57 4.45 4.37 4.34 4.35 4.39 4.43 4.56 4.86 5.18 5.25 5.05 4.82 4.65
5.42 5.43 5.37 5.22 5.12 5.15 5.24 5.34 5.58 5.99 6.25 6.22 5.99 5.74 5.46 5.15 4.85 4.52 4.24 4.14 4.21 4.42 4.71 4.82 4.65 4.46 4.51 4.65 4.70 4.68 4.67 4.64 4.56 4.41 4.23 4.13 4.29 4.57 4.81 5.04 5.26 5.45 5.40 4.94 4.40 4.29 4.48 4.66 4.74 4.82 4.95 5.08 5.13 5.10 4.99 4.86 4.74 4.61 4.49 4.40 4.38 4.41 4.48 4.54 4.67 4.88 5.04 5.10 4.99 4.72 4.47 4.35 4.31 4.33 4.36 4.37 4.40 4.61 4.92 5.12 5.08 4.86 4.65 4.50
5.52 5.48 5.34 5.17 5.12 5.21 5.37 5.60 5.97 6.22 6.24 6.04 5.83 5.63 5.34 4.95 4.63 4.46 4.49 4.67 4.86 4.97 4.99 4.89 4.68 4.52 4.53 4.63 4.65 4.61 4.59 4.61 4.63 4.58 4.46 4.38 4.45 4.63 4.79 5.00 5.24 5.33 5.01 4.34 3.90 3.96 4.25 4.47 4.56 4.61 4.72 4.84 4.81 4.68 4.56 4.48 4.48 4.51 4.48 4.41 4.39 4.45 4.57 4.72 4.89 5.03 5.09 5.10 5.00 4.77 4.50 4.33 4.28 4.31 4.36 4.43 4.57 4.76 4.87 4.87 4.77 4.61 4.43 4.31
5.45 5.35 5.18 5.09 5.13 5.26 5.44 5.70 6.02 6.11 5.93 5.69 5.52 5.27 4.82 4.52 4.52 4.68 4.86 4.95 4.92 4.85 4.85 4.88 4.84 4.69 4.59 4.60 4.57 4.48 4.45 4.46 4.47 4.48 4.56 4.66 4.73 4.78 4.82 4.99 5.09 4.86 4.17 3.53 3.42 3.68 4.04 4.34 4.45 4.42 4.42 4.43 4.31 4.13 4.03 4.05 4.18 4.31 4.33 4.33 4.40 4.50 4.58 4.65 4.74 4.88 4.99 5.06 5.02 4.82 4.57 4.39 4.29 4.24 4.26 4.39 4.50 4.53 4.46 4.43 4.45 4.43 4.26 4.09
5.37 5.30 5.19 5.14 5.18 5.29 5.44 5.61 5.70 5.60 5.35 5.18 5.05 4.66 4.27 4.37 4.62 4.73 4.65 4.45 4.32 4.41 4.70 4.97 5.00 4.84 4.70 4.62 4.53 4.41 4.37 4.38 4.38 4.44 4.56 4.64 4.66 4.65 4.67 4.79 4.66 4.09 3.44 3.21 3.36 3.63 3.93 4.27 4.42 4.44 4.47 4.42 4.21 3.95 3.80 3.84 4.01 4.08 4.09 4.20 4.35 4.48 4.61 4.78 4.97 5.12 5.15 5.09 4.93 4.66 4.46 4.34 4.21 4.09 4.12 4.23 4.26 4.22 4.20 4.27 4.38 4.37 4.15 3.95
5.49 5.51 5.43 5.28 5.21 5.26 5.36 5.40 5.31 5.13 4.96 4.91 4.72 4.32 4.24 4.44 4.48 4.27 3.97 3.78 3.91 4.34 4.87 5.18 5.13 4.91 4.80 4.75 4.65 4.50 4.40 4.38 4.40 4.40 4.36 4.28 4.24 4.27 4.36 4.39 4.14 3.72 3.61 3.77 3.93 4.00 4.14 4.39 4.58 4.67 4.69 4.61 4.44 4.22 4.06 4.05 4.07 4.06 4.14 4.28 4.39 4.51 4.74 5.07 5.28 5.30 5.16 4.99 4.76 4.49 4.29 4.14 4.02 3.98 4.02 4.05 4.09 4.14 4.24 4.32 4.35 4.28 4.16 4.11
5.66 5.61 5.42 5.17 5.08 5.14 5.21 5.16 5.02 4.93 4.90 4.83 4.54 4.25 4.20 4.14 3.92 3.69 3.58 3.70 4.11 4.65 5.18 5.37 5.16 4.90 4.84 4.83 4.76 4.62 4.50 4.44 4.40 4.28 4.09 4.00 4.03 4.15 4.25 4.21 4.09 4.14 4.34 4.50 4.57 4.60 4.65 4.74 4.85 4.83 4.69 4.55 4.47 4.41 4.35 4.32 4.27 4.24 4.30 4.38 4.43 4.58 4.82 5.04 5.06 4.91 4.80 4.78 4.70 4.51 4.23 3.99 3.88 3.91 3.94 3.90 3.87 3.92 4.03 4.12 4.22 4.36 4.53 4.58
5.54 5.30 4.88 4.74 4.81 4.98 5.05 4.98 4.86 4.81 4.75 4.59 4.32 4.10 3.96 3.79 3.67 3.69 3.93 4.40 4.84 5.18 5.43 5.31 4.87 4.70 4.72 4.70 4.64 4.61 4.57 4.53 4.45 4.32 4.20 4.21 4.32 4.40 4.41 4.41 4.50 4.62 4.69 4.74 4.85 5.00 5.11 5.16 5.13 4.96 4.77 4.65 4.58 4.51 4.46 4.44 4.43 4.38 4.32 4.34 4.41 4.55 4.69 4.73 4.62 4.53 4.63 4.82 4.81 4.53 4.17 3.91 3.83 3.86 3.90 3.89 3.85 3.80 3.80 3.92 4.28 4.75 5.02 4.83
5.16 4.80 4.38 4.39 4.64 4.90 4.96 4.87 4.75 4.65 4.54 4.38 4.21 4.12 4.11 4.13 4.25 4.54 5.00 5.42 5.62 5.62 5.43 5.02 4.64 4.55 4.54 4.45 4.42 4.47 4.52 4.53 4.49 4.47 4.54 4.66 4.72 4.67 4.59 4.60 4.64 4.62 4.66 4.82 5.05 5.28 5.48 5.54 5.43 5.26 5.10 4.99 4.89 4.76 4.61 4.53 4.49 4.38 4.27 4.29 4.34 4.44 4.51 4.48 4.44 4.58 4.86 5.01 4.76 4.25 3.91 3.83 3.84 3.83 3.88 4.01 4.12 4.14 4.10 4.21 4.64 5.11 5.12 4.61
4.93 4.74 4.52 4.63 4.88 5.02 4.95 4.78 4.65 4.59 4.56 4.48 4.41 4.50 4.74 5.00 5.29 5.58 5.79 5.87 5.76 5.50 5.15 4.82 4.66 4.58 4.44 4.34 4.34 4.40 4.43 4.44 4.47 4.55 4.66 4.70 4.67 4.60 4.55 4.52 4.48 4.49 4.68 4.97 5.27 5.53 5.70 5.67 5.51 5.33 5.17 5.02 4.92 4.82 4.70 4.61 4.52 4.37 4.25 4.22 4.29 4.39 4.44 4.46 4.57 4.86 5.06 4.90 4.33 3.79 3.66 3.73 3.80 3.86 3.93 4.03 4.18 4.39 4.58 4.78 5.06 5.23 4.94 4.42
5.01 5.05 5.16 5.35 5.42 5.26 4.95 4.73 4.66 4.68 4.72 4.73 4.79 5.02 5.31 5.56 5.72 5.79 5.71 5.46 5.11 4.78 4.61 4.60 4.67 4.62 4.51 4.48 4.52 4.54 4.50 4.48 4.53 4.60 4.56 4.43 4.36 4.41 4.48 4.49 4.49 4.59 4.87 5.17 5.42 5.59 5.57 5.36 5.11 4.93 4.82 4.82 4.85 4.81 4.73 4.68 4.63 4.52 4.33 4.26 4.33 4.43 4.50 4.60 4.82 5.06 5.00 4.51 3.89 3.61 3.62 3.70 3.79 3.94 4.11 4.16 4.19 4.34 4.64 5.00 5.30 5.42 5.24 5.14
5.13 5.28 5.54 5.68 5.60 5.33 4.98 4.77 4.75 4.82 4.88 4.94 5.08 5.31 5.46 5.46 5.41 5.31 5.06 4.62 4.20 4.01 4.14 4.46 4.68 4.70 4.69 4.74 4.80 4.83 4.84 4.86 4.87 4.82 4.67 4.50 4.43 4.49 4.57 4.64 4.77 5.01 5.25 5.37 5.44 5.39 5.13 4.79 4.55 4.52 4.64 4.85 4.94 4.83 4.72 4.70 4.72 4.68 4.54 4.44 4.44 4.53 4.64 4.78 4.97 5.02 4.71 4.14 3.78 3.69 3.73 3.80 3.90 4.04 4.20 4.33 4.40 4.47 4.65 5.06 5.57 5.89 5.98 6.03
5.23 5.35 5.53 5.58 5.49 5.32 5.12 4.94 4.92 4.97 4.99 5.02 5.14 5.23 5.17 5.08 5.03 4.83 4.40 3.95 3.74 3.83 4.21 4.61 4.80 4.82 4.84 4.92 4.98 5.06 5.18 5.28 5.30 5.17 4.98 4.83 4.75 4.75 4.73 4.83 5.06 5.29 5.35 5.34 5.30 5.08 4.70 4.35 4.24 4.41 4.76 5.00 4.96 4.78 4.70 4.75 4.79 4.77 4.68 4.56 4.54 4.63 4.75 4.86 4.93 4.79 4.36 3.95 3.81 3.81 3.85 3.92 4.04 4.17 4.24 4.35 4.57 4.81 5.08 5.49 6.02 6.27 6.17 5.93
5.37 5.48 5.64 5.68 5.59 5.42 5.29 5.24 5.23 5.17 5.05 4.98 4.97 4.94 4.92 4.95 4.87 4.53 4.13 3.99 4.12 4.35 4.63 4.89 4.98 4.96 4.96 5.01 5.08 5.16 5.27 5.39 5.41 5.33 5.22 5.17 5.16 5.12 5.02 5.01 5.14 5.17 5.16 5.21 5.15 4.83 4.45 4.23 4.26 4.58 4.99 5.13 5.00 4.82 4.78 4.83 4.84 4.79 4.66 4.56 4.57 4.66 4.76 4.82 4.81 4.62 4.24 3.99 3.93 3.94 3.97 4.01 4.09 4.22 4.35 4.51 4.74 5.10 5.56 6.01 6.31 6.15 5.61 5.14
5.67 5.80 5.97 5.92 5.73 5.48 5.39 5.43 5.43 5.24 4.99 4.84 4.78 4.78 4.87 4.90 4.67 4.35 4.29 4.49 4.71 4.83 4.96 5.11 5.15 5.12 5.10 5.10 5.14 5.20 5.28 5.33 5.30 5.28 5.37 5.53 5.62 5.59 5.47 5.28 5.16 5.07 5.11 5.14 4.93 4.59 4.38 4.35 4.54 4.95 5.29 5.29 5.09 4.92 4.87 4.87 4.84 4.74 4.59 4.56 4.63 4.71 4.75 4.76 4.72 4.55 4.31 4.18 4.14 4.13 4.12 4.11 4.12 4.22 4.47 4.79 5.12 5.53 6.03 6.37 6.27 5.71 4.98 4.49
5.97 5.99 5.97 5.85 5.67 5.47 5.37 5.34 5.27 5.05 4.82 4.69 4.70 4.80 4.83 4.67 4.42 4.38 4.60 4.80 4.87 4.92 5.05 5.21 5.25 5.19 5.12 5.07 5.08 5.18 5.30 5.34 5.32 5.36 5.52 5.69 5.76 5.76 5.73 5.59 5.29 5.09 5.02 4.88 4.58 4.40 4.42 4.53 4.83 5.31 5.57 5.43 5.14 4.97 4.92 4.90 4.83 4.71 4.58 4.61 4.72 4.80 4.81 4.77 4.72 4.61 4.47 4.41 4.40 4.37 4.32 4.30 4.32 4.43 4.68 5.06 5.60 6.22 6.68 6.66 6.15 5.42 4.75 4.26
6.04 5.81 5.42 5.25 5.22 5.18 5.12 5.08 5.04 4.93 4.85 4.86 4.98 5.05 4.87 4.54 4.36 4.46 4.60 4.67 4.75 4.91 5.12 5.27 5.27 5.14 4.98 4.89 4.94 5.09 5.24 5.36 5.40 5.44 5.46 5.44 5.39 5.40 5.43 5.40 5.18 4.93 4.71 4.49 4.33 4.34 4.47 4.64 5.07 5.60 5.72 5.41 5.10 4.98 4.96 4.92 4.83 4.69 4.59 4.67 4.82 4.89 4.87 4.80 4.75 4.69 4.62 4.62 4.63 4.63 4.65 4.72 4.81 4.97 5.22 5.60 6.16 6.77 7.01 6.67 5.98 5.38 4.87 4.42
5.81 5.39 4.66 4.33 4.32 4.41 4.58 4.80 4.98 5.10 5.24 5.42 5.54 5.40 5.00 4.62 4.44 4.38 4.31 4.37 4.62 4.94 5.19 5.30 5.24 5.08 4.88 4.76 4.78 4.92 5.03 5.10 5.12 5.14 5.08 4.94 4.81 4.74 4.70 4.67 4.64 4.56 4.42 4.29 4.31 4.42 4.53 4.80 5.38 5.83 5.72 5.29 5.05 4.99 4.97 4.93 4.84 4.71 4.65 4.79 4.94 4.96 4.90 4.83 4.79 4.76 4.75 4.79 4.83 4.89 5.06 5.29 5.55 5.87 6.18 6.45 6.79 7.06 6.90 6.32 5.83 5.56 5.35 5.10
5.34 4.86 4.10 3.84 3.81 3.92 4.23 4.60 4.91 5.20 5.47 5.66 5.63 5.32 4.92 4.64 4.47 4.32 4.26 4.44 4.73 5.01 5.22 5.31 5.25 5.10 4.92 4.80 4.75 4.78 4.80 4.73 4.63 4.61 4.60 4.48 4.33 4.21 4.11 4.10 4.18 4.25 4.29 4.39 4.61 4.77 4.94 5.32 5.83 5.98 5.66 5.24 5.06 4.99 4.96 4.94 4.92 4.93 5.05 5.20 5.21 5.08 4.97 4.92 4.91 4.89 4.89 4.94 5.02 5.17 5.47 5.86 6.31 6.71 6.95 7.04 7.07 6.99 6.60 6.11 5.92 5.92 5.93 5.95
4.84 4.49 4.04 4.01 4.12 4.28 4.49 4.66 4.83 5.04 5.25 5.34 5.17 4.86 4.65 4.56 4.47 4.40 4.50 4.75 4.98 5.17 5.32 5.37 5.28 5.15 5.06 5.01 4.99 4.91 4.78 4.58 4.44 4.38 4.32 4.18 3.99 3.87 3.83 3.89 4.01 4.18 4.45 4.83 5.14 5.35 5.60 5.91 6.12 5.98 5.57 5.23 5.06 4.97 4.94 4.99 5.11 5.32 5.54 5.59 5.39 5.15 5.05 5.05 5.07 5.07 5.04 5.06 5.20 5.46 5.86 6.30 6.69 6.89 6.93 6.86 6.73 6.54 6.27 6.04 6.01 6.04 6.12 6.32
4.73 4.67 4.74 4.95 5.08 5.10 4.98 4.88 4.90 4.96 4.97 4.90 4.69 4.52 4.48 4.49 4.48 4.53 4.72 4.98 5.17 5.37 5.47 5.44 5.31 5.21 5.18 5.19 5.20 5.14 4.91 4.64 4.44 4.31 4.17 3.98 3.79 3.70 3.73 3.84 4.06 4.41 4.91 5.35 5.59 5.74 5.90 6.05 6.06 5.80 5.40 5.10 4.90 4.80 4.85 5.01 5.23 5.43 5.49 5.33 5.09 5.01 5.04 5.10 5.16 5.18 5.15 5.15 5.27 5.59 6.02 6.33 6.43 6.32 6.14 6.00 5.96 5.97 5.93 5.85 5.76 5.71 5.83 6.09
5.03 5.24 5.65 5.94 6.00 5.80 5.43 5.25 5.23 5.14 4.92 4.65 4.47 4.45 4.48 4.50 4.53 4.66 4.92 5.19 5.40 5.57 5.57 5.43 5.30 5.25 5.26 5.25 5.23 5.16 4.98 4.71 4.47 4.30 4.11 3.92 3.78 3.72 3.77 3.96 4.38 5.00 5.54 5.80 5.85 5.82 5.83 5.86 5.81 5.55 5.18 4.84 4.59 4.55 4.70 4.93 5.11 5.14 5.00 4.78 4.73 4.84 4.97 5.08 5.15 5.17 5.15 5.16 5.24 5.47 5.79 5.86 5.70 5.46 5.24 5.15 5.32 5.58 5.68 5.57 5.43 5.37 5.45 5.58
5.29 5.55 5.94 6.14 6.11 5.97 5.85 5.76 5.61 5.34 5.00 4.71 4.57 4.56 4.57 4.58 4.67 4.88 5.17 5.39 5.53 5.56 5.43 5.26 5.20 5.24 5.24 5.17 5.09 5.01 4.89 4.69 4.53 4.37 4.17 3.97 3.83 3.80 3.95 4.39 5.10 5.73 6.01 6.00 5.85 5.69 5.65 5.68 5.63 5.37 4.97 4.58 4.36 4.44 4.63 4.78 4.79 4.64 4.44 4.37 4.49 4.71 4.89 5.02 5.08 5.06 5.05 5.10 5.20 5.37 5.48 5.34 5.14 4.99 4.89 4.97 5.28 5.58 5.64 5.50 5.39 5.35 5.29 5.25
5.41 5.57 5.79 5.80 5.67 5.60 5.73 5.75 5.57 5.28 5.01 4.84 4.74 4.69 4.69 4.75 4.92 5.16 5.37 5.44 5.40 5.28 5.14 5.06 5.10 5.17 5.11 4.93 4.85 4.83 4.75 4.64 4.57 4.45 4.27 4.09 3.99 4.07 4.47 5.18 5.83 6.08 5.97 5.74 5.54 5.45 5.48 5.59 5.54 5.21 4.78 4.47 4.40 4.50 4.63 4.64 4.46 4.16 3.96 4.01 4.27 4.58 4.81 4.93 4.98 4.98 4.99 5.05 5.20 5.35 5.35 5.20 5.07 4.96 4.96 5.23 5.62 5.84 5.83 5.67 5.53 5.41 5.28 5.25
5.48 5.58 5.70 5.59 5.34 5.13 5.11 5.12 5.09 5.01 4.89 4.80 4.77 4.75 4.78 4.91 5.12 5.30 5.34 5.25 5.09 4.94 4.87 4.97 5.12 5.17 5.04 4.86 4.83 4.80 4.72 4.64 4.57 4.47 4.36 4.29 4.37 4.66 5.21 5.76 5.98 5.82 5.54 5.33 5.24 5.27 5.42 5.53 5.40 5.03 4.65 4.49 4.46 4.55 4.64 4.59 4.40 4.17 3.99 4.03 4.30 4.58 4.75 4.86 4.93 4.97 5.00 5.06 5.14 5.19 5.21 5.21 5.09 4.93 5.03 5.53 6.03 6.17 6.04 5.80 5.57 5.38 5.28 5.36
5.53 5.57 5.52 5.26 4.96 4.69 4.51 4.45 4.50 4.57 4.60 4.65 4.70 4.72 4.78 4.90 5.03 5.05 4.91 4.75 4.61 4.54 4.67 5.00 5.28 5.31 5.19 5.11 5.08 4.95 4.78 4.65 4.53 4.45 4.43 4.50 4.73 5.10 5.46 5.66 5.60 5.39 5.20 5.13 5.15 5.23 5.38 5.43 5.22 4.86 4.60 4.43 4.38 4.52 4.69 4.70 4.63 4.55 4.44 4.49 4.65 4.72 4.76 4.82 4.88 4.94 5.00 5.05 5.07 5.07 5.16 5.21 5.06 4.99 5.34 6.05 6.50 6.40 6.02 5.66 5.41 5.30 5.32 5.42
5.49 5.34 4.94 4.43 4.10 3.97 4.02 4.12 4.19 4.26 4.39 4.54 4.62 4.65 4.69 4.73 4.69 4.54 4.38 4.32 4.31 4.40 4.75 5.25 5.50 5.44 5.33 5.29 5.19 4.97 4.80 4.65 4.52 4.47 4.52 4.63 4.83 5.06 5.24 5.32 5.30 5.16 5.08 5.11 5.17 5.22 5.25 5.22 5.04 4.77 4.48 4.27 4.31 4.59 4.82 4.89 4.89 4.90 4.95 5.02 5.02 4.89 4.81 4.82 4.88 4.95 5.03 5.10 5.18 5.31 5.39 5.29 5.22 5.45 6.04 6.61 6.72 6.32 5.80 5.45 5.30 5.33 5.41 5.37
5.25 4.90 4.31 3.85 3.55 3.62 3.92 4.16 4.26 4.34 4.47 4.55 4.54 4.56 4.59 4.56 4.45 4.38 4.45 4.57 4.65 4.81 5.16 5.47 5.54 5.37 5.23 5.13 4.89 4.70 4.65 4.58 4.51 4.52 4.61 4.70 4.82 4.99 5.15 5.30 5.27 5.10 5.05 5.12 5.14 5.09 5.05 5.00 4.84 4.53 4.20 4.14 4.40 4.77 5.00 5.07 5.09 5.13 5.22 5.27 5.20 5.07 5.00 5.02 5.03 5.05 5.10 5.22 5.38 5.50 5.43 5.30 5.46 5.98 6.57 6.71 6.39 5.85 5.48 5.31 5.29 5.37 5.38 5.27
4.93 4.63 4.24 4.11 4.06 4.12 4.25 4.32 4.34 4.46 4.56 4.53 4.50 4.53 4.56 4.56 4.59 4.74 4.91 4.92 4.85 4.94 5.21 5.41 5.36 5.12 4.92 4.66 4.36 4.26 4.33 4.39 4.48 4.59 4.68 4.76 4.92 5.16 5.38 5.47 5.31 5.07 4.98 4.98 4.92 4.84 4.85 4.83 4.62 4.20 3.99 4.19 4.62 4.96 5.12 5.16 5.17 5.21 5.24 5.24 5.24 5.26 5.29 5.28 5.19 5.13 5.14 5.22 5.31 5.28 5.17 5.31 5.80 6.37 6.61 6.31 5.73 5.31 5.11 5.08 5.09 5.09 5.02 4.96
4.81 4.68 4.49 4.48 4.53 4.60 4.57 4.51 4.49 4.54 4.52 4.45 4.49 4.59 4.66 4.74 4.91 5.03 4.92 4.65 4.51 4.65 5.00 5.26 5.19 4.84 4.44 4.11 3.94 3.99 4.13 4.29 4.49 4.66 4.77 4.91 5.14 5.41 5.55 5.47 5.23 5.00 4.84 4.72 4.62 4.62 4.72 4.67 4.36 4.01 4.01 4.38 4.81 5.07 5.16 5.16 5.14 5.15 5.13 5.14 5.19 5.27 5.31 5.25 5.13 5.08 5.08 5.10 5.08 5.03 5.14 5.60 6.14 6.34 6.17 5.71 5.25 4.97 4.85 4.80 4.75 4.69 4.57 4.45
4.83 4.78 4.64 4.58 4.62 4.76 4.92 4.98 4.98 4.81 4.57 4.44 4.51 4.66 4.79 4.94 5.07 4.98 4.70 4.51 4.59 4.86 5.17 5.33 5.10 4.59 4.14 3.92 3.94 4.11 4.28 4.41 4.56 4.72 4.91 5.13 5.33 5.46 5.44 5.28 5.06 4.89 4.72 4.56 4.49 4.55 4.62 4.51 4.23 4.07 4.21 4.59 4.92 5.09 5.12 5.08 5.03 4.96 4.94 4.99 5.07 5.13 5.11 5.02 4.92 4.89 4.93 4.97 4.99 5.09 5.41 5.82 5.96 5.77 5.53 5.30 5.05 4.88 4.80 4.71 4.60 4.50 4.36 4.18
4.76 4.70 4.61 4.70 4.92 5.18 5.32 5.26 5.00 4.65 4.42 4.45 4.60 4.73 4.85 4.98 4.99 4.89 4.88 5.10 5.37 5.53 5.60 5.50 5.08 4.56 4.26 4.25 4.39 4.54 4.60 4.61 4.65 4.78 4.95 5.09 5.18 5.24 5.23 5.10 4.95 4.83 4.71 4.64 4.64 4.61 4.54 4.42 4.25 4.20 4.42 4.77 5.01 5.08 5.05 4.98 4.88 4.77 4.75 4.86 4.97 4.99 4.91 4.76 4.60 4.60 4.75 4.89 5.00 5.19 5.43 5.50 5.26 5.10 5.14 5.13 5.00 4.90 4.82 4.69 4.53 4.41 4.24 4.07
