project/data/elevation/US_DEM2016/US_DEM2016_point_10-30-2019_1841_30m_ang.asc
ncols	125
nrows	167
xllcorner	-2042055.000000
yllcorner	1465035.000000
cellsize	30.000000
NODATA_value	-9999.000000
[rows 52 to 103 of 167, columns 0 to 95 of 125]
342 345 351 354 356 359 3 7 8 5 2 1 3 4 4 4 4 5 7 9 10 9 6 2 357 352 348 344 341 339 338 339 345 355 5 10 12 14 15 15 13 10 7 5 2 357 354 354 356 357 357 358 360 1 3 2 360 359 359 360 360 1 4 6 5 2 359 356 353 351 351 354 357 359 1 4 8 9 8 7 6 5 2 356 352 335 348 359 15 22 22 20 18 16 14 11
345 346 350 353 354 356 360 5 8 5 7 0 1 6 8 9 8 7 9 11 12 10 8 3 357 352 347 346 345 342 338 337 341 349 1 11 15 13 10 9 8 7 4 1 357 352 350 352 356 1 4 6 5 5 5 5 3 2 1 0 359 1 4 7 9 6 360 354 349 345 343 343 348 353 357 2 7 9 8 5 5 5 4 2 359 344 354 360 11 16 16 17 17 14 10 7
349 350 351 352 352 353 356 3 7 6 359 1 2 10 13 14 12 10 11 12 12 10 7 3 358 352 348 347 347 346 343 341 340 345 357 11 15 11 8 7 6 4 1 357 351 348 348 351 357 3 9 11 9 8 8 8 5 3 1 359 359 1 5 10 12 9 2 356 352 350 347 343 339 341 348 354 1 7 8 5 1 359 355 353 355 357 358 1 6 8 10 11 11 7 5 2
353 353 352 353 354 353 354 359 5 6 1 6 7 16 19 20 16 14 12 10 9 8 5 2 359 354 350 349 349 348 347 346 343 344 355 9 13 11 7 6 4 2 358 351 346 345 347 352 358 4 10 13 13 11 12 10 7 2 360 359 360 3 7 12 13 9 3 359 357 357 356 351 343 339 341 346 352 3 7 5 337 349 344 344 331 353 358 1 1 3 5 6 5 3 1 357
354 353 354 356 357 358 357 358 2 4 2 14 18 19 20 19 17 14 10 6 5 5 4 2 359 356 352 350 349 349 350 349 347 347 354 4 9 9 7 6 3 360 354 347 344 344 348 353 358 3 9 14 15 15 15 13 8 3 1 2 4 7 10 12 10 7 4 3 3 3 0 356 353 353 353 346 341 340 359 356 349 343 341 344 338 352 357 359 358 360 1 2 1 360 356 352
350 352 355 358 1 2 1 360 1 3 12 6 12 16 16 15 13 11 7 3 2 1 2 1 359 357 355 353 351 351 352 353 352 353 356 0 4 5 6 5 3 359 352 346 343 345 350 354 357 0 7 14 18 19 18 14 9 7 6 7 8 9 9 9 7 7 8 8 7 3 359 357 359 3 4 360 356 354 351 347 343 341 343 343 352 355 357 357 357 358 359 359 358 355 351 350
346 348 355 0 4 6 5 3 3 4 3 5 9 11 11 10 8 6 4 2 0 359 359 359 358 358 357 355 353 352 354 355 356 358 359 359 360 2 3 3 2 358 352 347 344 347 351 354 355 356 2 12 19 21 19 15 12 11 10 8 7 6 5 6 7 9 10 9 5 0 358 0 5 9 6 359 354 350 346 343 342 343 346 352 356 357 358 357 355 356 356 356 353 350 349 353
342 345 354 360 4 7 8 8 8 7 13 3 4 7 5 4 3 2 1 0 359 358 357 356 357 358 358 356 354 355 356 356 358 1 1 359 358 359 360 1 0 359 355 352 349 348 351 353 352 350 355 7 18 20 17 14 12 11 9 6 4 2 1 3 7 10 11 7 2 360 1 5 10 8 2 355 351 347 345 344 345 347 351 355 358 359 359 356 354 353 353 352 349 348 351 1
340 344 353 359 2 6 10 13 14 11 5 0 360 360 359 359 359 359 358 358 358 356 354 354 356 358 357 355 355 358 359 359 358 358 358 357 357 357 358 358 359 359 359 358 355 352 351 351 348 347 349 359 10 13 12 10 10 9 7 4 1 358 356 359 6 11 11 7 2 1 4 7 6 2 357 353 351 349 348 348 350 353 356 358 350 360 359 356 352 351 350 349 347 349 358 7
339 344 354 359 2 6 11 16 19 16 9 1 358 356 356 356 357 359 359 357 355 352 351 353 356 357 353 352 354 359 2 2 0 358 356 355 355 356 357 358 360 2 3 3 0 356 354 351 348 348 349 354 1 6 5 5 6 6 5 2 358 354 353 356 4 10 12 8 4 3 5 4 1 358 356 355 353 353 354 355 357 359 0 1 1 1 359 355 350 349 348 346 345 351 1 4
340 344 354 360 3 6 11 19 23 22 15 8 3 358 355 354 358 5 6 360 350 345 347 352 355 353 348 348 350 355 0 3 4 2 358 355 354 356 358 360 2 4 4 3 1 359 357 354 351 351 352 355 360 3 2 2 3 2 1 357 354 352 352 355 3 9 10 9 7 6 5 2 360 358 358 357 357 358 0 2 4 5 5 359 3 3 0 354 348 346 345 344 345 352 357 357
345 348 354 359 3 7 12 20 26 25 21 17 13 6 359 354 5 6 8 2 352 344 342 347 350 347 344 344 346 350 355 0 4 5 3 359 357 358 1 3 3 2 1 1 1 1 360 358 356 355 355 358 2 3 1 360 360 358 355 352 351 351 354 359 4 7 8 8 8 8 5 2 0 360 1 1 1 3 6 8 10 10 10 9 356 348 0 353 347 344 343 343 346 350 351 351
350 351 355 359 3 7 14 21 25 24 23 21 18 13 7 358 358 357 2 3 2 355 347 342 342 342 342 343 346 348 350 353 360 5 7 5 2 2 2 3 2 359 357 358 0 2 2 1 360 359 360 0 3 3 1 358 357 354 350 348 350 353 358 3 5 4 4 7 9 8 6 4 2 1 3 5 6 6 9 13 15 15 15 14 11 347 359 352 345 342 341 341 344 347 346 346
351 353 357 1 4 9 16 21 22 21 21 19 17 15 12 5 355 351 355 2 4 3 356 346 340 339 341 344 348 351 350 349 353 360 4 4 3 3 2 1 359 356 355 357 360 1 1 2 3 5 4 2 2 2 359 357 354 350 348 349 353 357 2 5 5 3 3 6 8 8 7 6 5 3 4 9 12 11 12 17 21 22 22 20 15 5 355 348 344 341 340 340 342 344 343 342
351 353 359 2 6 11 16 17 16 16 15 15 16 16 15 9 0 351 350 356 2 3 359 352 344 339 341 345 351 355 354 352 352 354 357 358 359 360 360 359 357 356 356 358 0 0 360 1 5 7 7 5 3 1 358 355 352 348 347 352 358 1 5 6 5 3 2 5 7 7 8 8 9 7 7 12 18 21 20 23 30 33 31 25 13 358 346 343 342 342 341 341 343 344 343 342
350 353 359 4 8 13 14 12 17 10 10 12 14 16 15 12 6 356 349 351 356 359 359 355 348 342 342 346 353 358 359 357 355 354 354 354 354 356 358 358 358 357 358 0 1 359 359 1 4 6 8 7 4 359 356 352 350 348 350 356 1 4 6 7 4 2 3 6 7 8 9 10 12 14 14 18 26 32 27 35 41 11 33 20 3 348 339 338 339 340 341 343 346 348 347 346
349 353 1 6 10 14 13 9 6 5 6 8 11 13 13 12 10 2 353 349 350 354 357 355 350 345 345 348 354 358 0 0 358 357 355 353 352 355 358 358 358 358 0 3 3 359 358 360 2 4 6 7 4 358 352 349 348 351 356 1 3 5 6 4 2 3 7 11 10 10 12 12 14 19 23 27 35 40 42 39 36 30 19 6 352 342 338 336 336 336 339 344 348 352 353 350
348 353 2 8 12 15 14 10 7 4 3 4 6 8 9 10 10 7 359 351 349 351 353 352 350 349 349 351 353 356 359 0 1 0 358 354 353 355 357 357 358 360 3 5 4 1 360 1 3 3 2 1 359 353 350 347 350 357 3 4 4 5 4 2 3 8 15 18 17 15 16 15 17 24 32 36 39 41 36 28 20 12 4 356 348 341 339 337 335 335 340 345 351 355 357 355
349 353 3 9 14 15 14 13 12 9 4 360 359 1 4 6 8 8 4 356 351 350 349 350 351 352 353 354 355 355 355 356 359 0 359 356 353 354 355 356 357 1 5 6 6 4 3 4 4 0 356 355 354 353 352 351 357 5 8 7 8 7 4 3 6 11 17 19 18 15 13 13 15 23 32 34 31 27 20 14 8 2 356 350 345 343 342 342 340 340 344 349 353 357 0 1
350 354 3 10 14 15 14 15 15 14 9 1 354 354 358 1 5 7 4 359 353 351 349 349 352 356 359 359 358 356 353 352 353 356 358 355 353 352 353 355 358 2 6 7 8 8 6 4 360 357 354 354 355 356 357 357 3 7 8 9 10 8 5 3 3 5 10 14 15 12 10 11 15 21 24 23 19 14 9 4 359 355 352 348 346 346 348 349 349 349 351 354 357 360 4 7
351 355 4 10 15 15 13 13 14 14 12 5 357 352 353 356 359 2 3 359 354 351 350 350 354 359 3 3 2 359 356 353 353 354 355 354 352 351 352 355 359 4 7 9 9 8 4 360 357 356 356 358 359 359 358 359 2 5 7 7 7 6 3 1 359 1 7 13 15 15 14 16 20 20 18 13 9 5 359 355 352 352 351 349 348 349 353 357 359 359 359 0 1 4 9 11
352 356 4 11 14 13 11 10 10 10 9 6 1 357 354 353 354 356 358 358 355 352 351 353 356 1 4 5 4 2 359 357 356 356 355 354 352 351 353 357 1 4 6 8 7 5 1 359 358 358 360 2 3 1 358 358 359 2 4 5 4 2 360 358 358 1 9 16 20 22 23 23 22 16 10 5 2 357 351 348 348 350 351 353 353 355 359 3 6 8 7 6 6 8 12 13
354 357 4 10 12 12 10 7 5 4 3 3 2 0 357 354 351 351 353 355 356 354 354 357 359 1 3 6 7 5 2 360 359 358 358 356 352 351 354 357 360 2 4 6 6 4 1 360 360 0 1 4 5 3 359 357 357 358 0 1 1 359 358 359 3 9 15 21 26 29 27 23 17 10 3 358 354 350 346 345 347 349 352 356 360 3 3 4 9 13 14 12 10 12 13 12
354 357 4 9 10 11 8 3 359 357 358 360 1 0 358 353 349 347 349 353 356 357 358 1 2 1 1 5 8 8 6 3 1 360 359 356 352 352 354 356 359 1 3 5 6 6 2 360 360 360 359 0 3 3 359 357 356 357 358 358 358 358 360 6 14 19 21 23 27 28 25 18 11 3 356 352 349 346 345 346 347 349 351 355 3 8 8 5 7 13 16 15 13 14 13 12
353 357 4 8 8 8 3 358 355 354 356 358 359 358 354 351 347 346 348 351 356 359 2 4 5 3 0 2 7 9 8 6 4 1 358 355 353 353 355 358 359 0 2 5 8 8 5 1 360 359 359 358 360 360 357 355 355 356 357 357 357 359 7 17 22 22 19 19 22 21 17 10 3 357 353 350 348 348 349 351 352 349 347 348 357 7 10 9 8 11 14 14 13 13 13 10
349 355 5 8 6 2 359 357 356 357 358 358 357 353 350 347 346 346 348 352 356 360 3 6 7 6 2 0 4 8 9 9 6 3 359 357 356 356 358 359 359 359 1 5 9 10 7 3 1 359 359 359 358 356 353 353 354 356 356 356 359 6 14 19 19 16 13 13 13 11 8 2 357 354 353 351 350 351 355 359 0 357 352 347 348 356 6 10 11 12 13 12 12 12 11 9
345 353 6 8 3 358 358 360 4 1 360 357 353 350 347 345 346 348 350 353 357 1 5 7 9 8 4 360 360 5 9 10 8 5 3 2 2 0 360 359 359 360 3 8 12 13 9 4 1 358 356 355 353 351 349 350 352 354 356 358 4 12 15 14 11 9 8 6 3 3 2 358 355 354 355 354 354 356 360 4 6 5 2 356 351 351 357 6 12 14 12 10 10 10 10 7
344 353 7 8 2 358 360 2 2 1 358 354 350 347 345 345 347 350 352 355 358 2 6 9 11 11 7 360 357 1 6 9 10 8 7 7 6 5 2 2 3 4 6 11 15 15 11 3 357 354 352 351 350 349 348 349 351 355 358 3 10 14 11 7 5 3 1 359 358 359 358 356 354 355 357 359 359 360 1 4 7 9 8 4 359 356 356 1 8 12 10 8 7 8 7 4
347 355 4 5 2 359 360 0 360 358 355 351 348 346 346 347 349 352 354 357 1 4 7 10 14 14 10 1 355 357 1 5 8 10 10 10 8 7 5 5 6 6 7 10 14 14 9 0 354 351 350 349 350 350 350 350 353 359 3 7 11 10 6 1 358 355 354 355 357 358 357 356 354 355 358 1 3 3 1 1 4 9 11 10 6 2 360 1 4 6 6 5 5 5 3 359
354 356 360 1 0 359 358 358 356 354 351 348 345 345 347 350 352 354 356 359 3 5 8 12 16 17 15 7 357 354 354 355 360 7 11 11 9 6 5 6 5 5 5 7 10 11 8 0 354 351 350 350 350 351 351 351 359 359 3 6 7 5 1 356 352 350 350 354 358 358 357 356 355 354 357 1 4 5 3 0 359 3 10 13 12 8 4 2 3 2 3 2 1 0 358 355
359 358 356 357 358 358 357 355 353 350 347 345 345 346 349 352 355 357 359 2 4 6 10 13 16 19 19 14 3 356 350 345 346 355 6 8 6 4 3 2 2 2 3 5 8 10 8 3 357 353 351 350 349 350 352 352 358 357 0 3 3 1 358 353 348 348 351 357 359 358 357 357 356 355 356 359 3 5 5 4 359 358 6 13 15 13 9 5 2 0 0 360 358 355 354 353
359 357 357 357 357 355 354 352 350 347 345 344 345 348 351 355 359 2 4 4 6 9 12 14 16 19 20 16 8 0 354 348 344 347 355 1 2 1 360 359 359 1 3 5 7 9 8 5 360 355 352 351 350 351 352 352 357 355 357 360 0 359 355 351 347 348 353 357 358 358 359 359 359 356 354 356 0 4 6 7 4 359 0 10 15 16 13 8 3 360 359 359 356 353 354 357
356 357 358 357 356 353 352 350 347 345 343 344 347 350 354 357 2 6 9 9 9 12 14 13 14 15 15 12 7 2 358 355 352 349 351 356 358 358 356 356 358 2 4 5 6 8 7 5 1 357 354 353 353 353 353 353 351 352 354 356 357 356 354 351 349 349 352 354 356 359 1 4 2 357 351 350 354 360 4 7 8 4 359 3 12 16 16 12 6 2 1 0 358 356 360 7
355 356 357 356 354 351 349 348 346 344 343 345 348 352 356 0 6 12 15 14 12 12 11 9 8 8 8 7 5 3 2 1 359 354 352 352 353 354 355 357 0 3 3 3 4 5 5 3 2 0 358 357 356 355 354 352 350 350 352 353 354 355 354 352 351 350 350 351 355 359 4 8 7 0 352 347 347 351 357 2 6 5 0 358 6 14 16 14 11 7 5 4 3 4 7 11
354 354 354 353 351 350 349 347 345 343 344 347 350 354 359 5 13 20 20 16 11 7 5 4 3 3 4 4 4 3 4 5 4 360 354 351 349 351 356 1 3 2 2 2 3 2 2 2 3 3 3 2 0 358 356 352 356 349 352 352 353 355 354 353 352 351 349 350 354 359 4 8 9 5 360 355 351 349 349 347 357 2 360 354 357 7 13 15 14 11 8 7 8 8 8 8
352 353 352 351 350 349 349 347 344 343 345 349 353 358 4 12 20 21 18 12 7 3 0 359 359 359 1 4 4 3 3 5 6 4 359 353 348 351 358 3 3 2 2 3 2 359 359 1 3 4 5 4 4 2 359 355 350 349 351 352 354 355 354 353 353 352 350 351 355 359 2 5 7 7 6 3 1 358 355 353 353 356 356 351 351 359 8 12 12 10 8 9 9 8 7 6
351 351 351 350 349 350 348 346 344 344 347 351 357 3 11 17 17 13 11 9 6 1 358 356 356 357 0 4 5 2 360 1 5 6 4 359 355 355 360 4 5 5 4 3 1 359 358 360 1 2 3 3 3 3 0 356 353 351 351 353 353 354 354 354 354 353 351 352 354 357 359 1 4 7 8 7 6 4 2 360 358 358 357 355 354 357 2 4 5 6 7 9 9 8 6 4
349 351 351 350 350 349 347 345 345 347 350 355 2 10 15 12 9 7 7 7 5 1 357 355 356 358 0 2 2 1 359 358 1 6 8 5 1 359 1 4 5 5 4 4 2 1 1 1 360 358 357 357 356 355 355 354 352 350 350 351 352 353 354 354 354 353 352 352 353 355 357 358 1 3 6 8 8 7 7 6 5 2 0 360 0 1 0 359 360 3 5 7 7 6 3 359
349 350 350 350 350 348 345 345 346 350 356 2 12 18 18 9 5 5 4 4 2 1 359 358 359 0 359 359 359 359 358 357 357 3 8 8 5 3 3 4 4 4 4 4 3 3 3 3 1 357 354 352 351 350 351 352 352 349 349 350 351 354 356 355 354 353 353 352 351 354 356 358 359 359 1 5 7 8 9 9 8 6 4 4 6 5 3 360 360 3 4 4 3 1 358 355
349 349 349 349 347 345 344 346 350 357 5 14 21 23 18 11 6 3 1 359 359 359 1 2 2 2 360 357 356 355 354 354 352 356 4 9 9 6 4 3 3 3 3 3 3 3 4 4 1 358 355 351 350 351 353 354 353 350 348 350 352 355 357 356 355 353 352 350 349 353 357 359 359 356 355 358 3 7 9 9 10 9 7 8 9 8 7 5 4 5 4 1 358 356 355 356
349 348 348 347 345 344 345 349 357 6 15 20 22 20 17 12 7 1 358 356 355 357 1 2 2 2 1 359 356 354 352 351 349 350 358 8 11 8 5 2 2 2 1 0 1 2 4 4 2 360 358 355 353 354 356 357 355 351 350 352 354 357 358 357 355 353 351 349 349 352 357 0 1 358 353 352 357 3 6 7 8 10 10 9 10 11 10 10 9 8 5 0 356 354 356 1
348 348 346 344 343 344 348 355 5 14 19 19 17 15 13 10 6 1 358 355 354 356 359 360 0 1 360 359 358 356 355 353 352 352 357 6 10 7 4 1 0 360 358 357 358 1 4 4 2 0 359 359 359 357 357 357 357 355 354 356 358 359 358 356 355 353 352 351 351 352 357 2 4 3 358 351 351 358 1 1 3 8 10 10 10 11 12 12 11 8 5 1 357 356 360 3
348 348 346 343 343 346 353 3 12 18 17 15 13 10 8 6 4 1 358 356 355 356 358 0 1 359 357 356 357 358 358 357 356 357 0 5 6 3 1 359 358 357 356 356 358 1 3 4 3 1 1 2 3 1 359 359 359 358 358 359 1 0 358 356 354 353 353 353 353 353 356 2 7 9 6 358 350 351 354 352 352 1 8 9 7 7 7 8 7 6 4 1 358 358 359 359
348 348 347 346 348 354 1 8 14 14 11 9 7 5 3 1 359 358 356 356 357 358 1 3 3 359 355 354 356 359 359 358 357 358 1 3 1 359 357 357 356 356 356 357 358 0 2 3 3 2 3 4 4 4 4 4 3 1 359 360 1 360 357 355 355 355 354 354 353 353 356 3 11 16 15 7 358 354 353 347 344 350 360 2 360 359 0 2 2 3 3 1 358 358 358 357
348 349 350 352 355 360 5 9 10 8 5 3 2 1 358 356 355 355 355 357 360 3 5 4 2 359 356 355 357 359 359 357 355 355 358 358 357 356 355 355 356 357 358 359 359 360 1 1 2 3 4 5 5 6 7 8 7 4 1 360 0 359 355 354 355 357 357 354 351 350 354 3 14 21 19 12 4 0 357 351 348 348 352 352 351 352 357 359 360 1 1 359 358 357 358 356
349 350 353 355 358 1 5 6 6 5 2 360 358 356 354 353 353 354 357 1 6 9 7 2 360 358 357 358 358 359 359 358 356 355 355 355 354 353 353 354 356 359 1 1 1 1 0 0 1 2 3 4 5 6 8 9 8 5 2 1 359 357 354 353 355 358 358 355 351 348 352 2 14 20 19 14 8 3 358 353 351 350 349 348 348 351 356 359 359 359 360 358 356 356 356 355
350 352 354 356 357 0 3 3 2 2 1 358 354 352 352 352 354 357 2 8 12 11 6 0 356 355 356 358 359 360 1 1 1 358 356 354 352 351 353 356 360 3 3 2 2 1 0 1 2 3 1 359 359 2 4 6 6 4 2 1 359 357 355 354 356 358 359 356 351 347 350 358 9 15 16 14 10 4 358 355 354 353 351 349 350 355 358 358 358 359 359 357 355 354 354 353
352 353 354 354 355 357 359 359 359 359 359 356 353 351 351 354 358 3 9 12 12 8 3 358 354 352 353 356 359 1 3 5 5 3 359 355 352 351 354 359 3 4 2 2 1 0 0 2 4 5 3 360 357 356 357 1 3 3 2 0 359 357 356 356 357 359 359 356 351 347 348 354 1 8 12 13 11 5 360 358 358 356 354 354 356 358 358 357 357 358 359 358 355 353 352 352
354 354 354 352 351 352 353 355 356 357 357 355 353 352 353 357 4 10 14 13 8 3 0 357 353 351 352 355 357 0 3 6 7 6 2 357 353 352 356 1 2 1 1 1 0 360 0 2 5 6 5 4 1 356 356 359 1 0 360 360 359 358 357 358 359 360 359 356 352 349 349 351 355 2 8 11 9 6 3 3 2 1 359 360 1 360 358 356 356 358 359 359 357 355 354 352
356 355 354 350 347 346 348 351 354 355 355 354 354 355 357 3 11 16 16 10 4 0 358 356 353 352 353 355 357 358 0 3 5 6 4 0 356 355 356 358 358 358 359 0 0 360 1 2 4 5 6 7 5 1 359 360 360 357 357 358 358 358 358 358 360 1 0 357 354 351 350 349 352 358 4 7 7 6 7 7 6 5 4 5 3 359 356 356 357 359 0 360 359 358 356 352
357 356 354 351 348 344 345 348 351 352 353 353 356 359 3 10 14 14 9 5 1 359 357 356 355 355 356 357 358 356 355 357 360 3 3 0 357 354 354 355 356 357 359 360 360 0 2 3 4 5 6 7 8 6 3 0 357 354 354 355 356 356 357 359 1 2 1 359 356 353 350 348 350 355 1 4 6 7 8 9 9 8 8 6 3 358 356 356 358 360 1 360 360 359 357 353
357 356 354 353 349 348 347 348 349 350 351 355 360 6 11 11 8 4 2 1 360 359 358 357 358 360 1 1 360 356 352 351 353 355 356 356 353 350 351 353 355 358 359 360 360 1 4 6 6 6 5 5 7 8 6 0 355 351 350 352 353 354 356 359 1 3 3 2 358 353 349 347 348 353 359 4 7 8 6 6 7 8 8 7 5 2 0 360 1 1 1 360 359 358 356 353
