project/data/elevation/US_DEM2016/US_DEM2016_point_10-31-2019_2106_30m_ang.asc
ncols	125
nrows	167
xllcorner	-2042055.000000
yllcorner	1465035.000000
cellsize	30.000000
NODATA_value	-9999.000000
[rows 0 to 41 of 167, columns 0 to 94 of 125]
326 323 319 319 321 321 324 328 330 334 339 342 340 336 335 339 343 345 342 334 328 327 330 335 340 341 343 342 331 311 298 298 306 311 305 287 278 285 294 300 304 306 308 310 312 315 314 311 314 319 325 331 337 340 341 342 343 342 338 336 333 329 324 324 326 329 332 334 332 330 329 330 330 329 327 327 327 325 324 328 336 338 330 327 331 338 341 340 330 316 316 319 319 315 315
326 323 319 319 321 321 324 328 330 334 339 342 340 336 335 339 343 345 342 334 328 327 330 335 340 341 343 342 331 311 298 298 306 311 305 287 278 285 294 300 304 306 308 310 312 315 314 311 314 319 325 331 337 340 341 342 343 342 338 336 333 329 324 324 326 329 332 334 332 330 329 330 330 329 327 327 327 325 324 328 336 338 330 327 331 338 341 340 330 316 316 319 319 315 315
328 324 321 321 321 319 320 322 325 329 335 341 340 334 332 336 343 347 347 338 328 325 327 333 338 342 347 348 334 312 304 304 307 311 311 302 293 292 293 297 301 305 309 310 313 318 322 320 319 320 323 328 335 339 340 340 342 342 340 338 335 331 325 321 321 324 328 331 332 331 331 331 332 331 327 324 324 322 319 323 333 337 329 325 329 338 344 345 335 320 318 321 322 321 320
332 327 324 326 325 319 313 312 313 316 325 336 339 329 323 329 341 351 353 341 328 323 323 328 336 343 357 5 341 317 313 311 311 315 320 321 317 312 304 299 302 308 314 315 315 320 325 326 323 319 319 323 330 335 337 335 335 337 337 337 337 336 331 323 316 313 316 321 326 329 330 332 334 334 328 322 319 316 311 312 323 330 324 321 325 338 351 355 340 324 320 322 324 324 323
330 328 326 328 329 324 315 308 305 306 312 327 337 328 317 320 335 349 352 338 326 322 322 328 335 348 9 9 339 322 318 318 319 322 325 326 326 326 324 317 310 311 315 316 316 318 321 323 322 319 318 322 328 333 334 330 326 324 324 328 332 335 336 330 318 307 303 304 309 314 319 323 327 329 325 320 316 312 307 307 315 320 317 314 320 338 357 358 338 324 322 323 323 321 320
326 326 327 328 330 329 322 312 303 299 301 315 331 326 315 318 333 348 347 333 322 319 322 331 341 360 13 357 334 325 324 323 325 327 328 328 328 329 332 328 317 309 309 310 312 314 316 318 317 316 317 322 329 334 334 330 327 325 323 320 319 324 331 332 321 309 302 299 297 298 300 305 309 312 314 315 315 313 309 309 313 313 309 306 311 332 357 355 335 324 325 325 322 318 316
323 324 327 330 331 332 328 320 309 299 296 305 320 320 314 317 331 347 346 330 317 315 321 335 352 7 2 343 332 326 324 323 325 329 330 329 329 330 333 333 326 316 309 306 307 308 310 310 310 311 314 321 331 339 339 336 335 335 334 330 319 311 314 320 318 315 312 310 307 303 301 303 309 312 313 315 317 317 315 316 316 311 306 302 303 322 349 347 331 324 325 323 319 315 312
320 323 328 332 333 333 330 325 317 308 302 303 310 313 311 313 327 346 347 328 312 311 320 339 0 4 348 337 331 326 322 321 324 329 331 331 331 333 334 336 334 327 319 311 306 304 304 305 305 307 311 320 331 339 342 340 340 341 343 342 331 314 308 312 316 318 319 320 320 318 313 312 317 319 318 319 320 320 320 322 321 314 310 306 303 315 337 334 325 323 323 319 315 313 312
318 321 329 334 336 334 330 326 323 320 316 313 311 309 306 307 320 344 348 327 312 311 320 341 0 350 337 333 332 327 322 321 324 328 331 333 334 335 337 338 338 335 329 324 318 312 310 309 309 309 312 319 328 333 335 335 337 341 347 344 333 324 318 316 315 316 320 324 327 327 321 316 317 319 319 320 321 322 323 325 324 319 318 305 317 321 332 325 321 323 322 317 313 315 323
314 318 329 335 337 334 330 327 325 326 327 324 319 313 305 301 310 338 341 325 316 317 328 347 349 337 331 330 330 328 325 324 324 326 328 331 333 334 336 338 339 337 335 334 330 323 316 313 311 312 314 320 325 325 320 316 320 331 337 328 325 325 325 320 316 316 320 326 331 330 320 316 317 319 320 321 321 324 328 329 328 325 325 330 333 335 333 322 318 323 323 317 316 327 332
308 312 325 334 337 335 332 329 330 332 332 330 328 323 312 302 305 325 331 324 321 327 343 352 340 332 330 328 327 328 326 324 322 323 324 325 325 327 331 335 336 336 336 336 335 329 319 312 311 312 316 324 329 330 320 301 293 304 319 321 321 323 325 323 317 316 320 327 335 332 321 317 319 322 324 324 323 325 331 334 331 329 329 333 342 348 336 318 315 321 326 324 326 332 333
301 305 317 329 335 335 333 332 334 337 338 336 335 333 326 319 316 319 322 322 323 334 350 349 336 331 331 328 325 325 323 320 318 318 320 317 315 317 322 326 329 331 333 334 336 332 321 313 311 312 317 325 332 338 332 309 296 305 315 318 320 322 325 326 321 317 318 326 335 334 325 319 319 323 327 327 324 323 326 326 322 320 320 326 339 351 339 315 309 319 330 332 332 333 333
303 304 310 320 328 331 331 332 336 339 340 340 340 341 338 336 332 323 316 317 322 336 347 339 332 329 328 325 321 319 316 312 308 307 309 308 307 308 311 314 318 321 324 329 332 331 324 315 311 312 316 321 328 334 334 328 321 316 315 317 319 321 324 328 325 319 318 324 332 334 328 321 320 324 327 326 321 313 306 299 298 300 303 311 326 342 342 323 311 319 329 332 333 334 334
311 312 314 316 318 322 324 327 332 334 336 338 342 344 344 345 345 334 317 310 316 333 335 325 324 323 319 317 313 308 303 297 295 300 303 302 299 298 300 302 306 310 313 319 325 325 323 318 315 317 319 319 317 321 328 332 330 322 316 317 318 320 323 327 328 325 322 325 331 333 329 324 323 325 326 321 311 304 304 303 305 307 309 314 323 335 343 336 320 318 324 328 329 331 332
313 316 321 319 313 309 309 312 314 316 319 324 331 338 341 346 354 349 327 310 307 320 321 316 316 314 307 306 307 304 300 297 302 314 317 310 303 302 303 303 304 306 307 310 314 318 319 320 321 325 327 326 323 322 327 334 335 326 318 317 318 320 324 327 329 329 329 329 331 332 329 326 326 326 322 318 316 316 315 315 316 319 320 322 326 333 344 344 326 316 318 322 323 324 327
309 313 321 323 314 301 292 291 294 297 300 304 312 318 323 337 357 2 346 325 313 316 319 320 321 317 309 309 317 321 321 316 314 319 325 324 322 321 318 316 316 316 315 315 315 316 318 321 324 328 333 333 327 325 329 336 339 328 320 318 319 322 326 329 331 332 334 334 333 331 330 329 330 328 323 323 324 325 320 317 318 322 325 326 328 334 345 350 333 315 315 320 320 320 322
306 308 316 321 314 300 294 295 299 303 304 306 312 314 312 322 351 7 1 346 329 323 323 328 333 330 323 320 324 328 329 324 317 318 323 327 329 329 327 324 324 325 325 323 320 319 319 322 326 329 334 333 327 326 331 338 340 330 323 321 322 324 327 331 333 335 337 338 335 332 331 334 337 333 329 328 329 329 323 318 319 323 327 329 333 338 345 353 341 318 313 317 318 319 324
310 312 318 320 315 309 309 312 315 318 320 323 328 330 325 323 339 1 1 346 334 328 326 330 334 333 328 325 325 327 329 328 322 319 321 325 328 331 331 328 326 327 327 325 321 318 318 321 324 328 332 330 326 326 332 340 339 329 324 324 324 325 327 330 333 336 338 338 334 331 333 338 340 335 332 333 335 334 329 325 323 325 328 332 337 342 345 352 347 325 313 314 319 324 331
314 317 325 324 316 314 317 321 324 328 331 334 338 343 344 342 341 352 350 336 332 331 329 329 331 331 329 328 327 326 328 330 329 326 324 325 328 331 333 331 327 327 327 326 322 316 313 314 318 324 329 328 326 327 333 340 335 326 324 324 325 325 324 325 328 334 338 338 333 329 332 337 339 336 335 338 340 338 335 332 329 329 331 335 339 342 343 346 347 335 321 316 321 328 331
313 317 326 323 316 316 320 325 329 333 336 339 343 350 357 358 355 352 341 329 329 332 331 330 331 331 329 329 329 327 326 329 331 332 331 328 329 331 333 332 329 326 326 326 324 318 312 310 314 321 327 328 328 331 335 338 331 324 323 324 324 324 321 319 319 325 332 337 334 327 325 330 333 333 335 338 340 338 337 336 334 333 335 337 339 340 341 342 345 344 335 322 321 325 326
317 318 322 320 317 318 322 327 331 335 339 341 345 352 1 6 7 358 338 328 330 333 332 331 332 332 331 330 331 330 327 327 330 332 333 331 329 329 330 331 329 325 324 325 325 322 318 316 317 320 325 328 330 335 338 336 330 325 323 323 323 321 317 311 307 308 316 326 329 321 315 317 321 324 328 333 335 333 332 334 333 334 337 339 339 341 343 345 348 352 347 328 319 320 320
330 328 326 323 320 321 324 328 332 335 338 340 344 351 1 11 15 360 336 329 332 334 333 333 333 334 333 332 333 332 328 326 328 331 332 331 326 324 325 328 327 323 324 325 323 323 321 320 320 321 324 327 331 336 339 335 330 327 324 322 319 314 307 297 290 287 288 297 308 307 304 303 305 309 314 320 323 322 323 326 326 329 335 340 340 341 344 347 351 358 354 331 319 319 319
330 329 328 326 323 323 326 328 331 334 337 339 343 349 359 14 16 354 334 329 330 331 332 332 332 332 333 333 333 332 329 326 326 327 329 326 319 317 319 322 320 319 325 324 323 322 321 320 320 320 322 325 329 334 336 334 331 329 325 321 313 304 301 295 288 283 283 288 298 302 298 294 293 295 299 304 307 310 315 320 320 321 328 336 340 340 341 343 350 359 353 332 321 322 325
320 323 326 326 324 325 327 328 330 333 335 340 345 351 0 14 8 345 333 327 323 325 326 327 327 326 329 330 331 331 329 326 324 322 321 316 310 308 309 313 317 321 324 323 323 322 320 319 319 319 320 323 325 328 329 330 332 332 329 324 316 308 308 309 305 301 301 305 311 313 306 295 287 284 286 291 296 301 309 316 315 314 319 327 335 338 338 339 347 355 352 334 321 321 325
311 315 320 321 322 324 326 326 328 331 334 338 345 353 2 7 354 337 333 328 321 320 322 322 322 320 322 326 327 328 327 326 323 316 309 304 297 297 306 315 321 324 324 323 323 322 321 320 320 320 321 323 324 324 322 324 330 335 334 330 324 318 316 317 318 317 316 317 319 321 318 308 296 287 287 290 291 293 300 307 309 310 312 318 328 337 340 342 348 354 354 340 322 317 320
304 306 312 314 317 321 324 324 326 328 331 336 343 352 359 360 343 333 333 331 327 326 325 325 322 318 318 321 323 324 325 327 323 313 307 302 299 307 319 323 323 323 323 323 323 322 322 322 322 323 324 324 323 322 319 320 328 336 338 335 329 323 320 321 322 322 323 322 321 321 322 320 313 305 303 300 295 290 291 297 300 305 309 312 320 332 339 342 347 354 357 347 327 318 318
301 303 308 309 312 318 325 327 329 330 332 339 346 351 359 345 340 331 332 333 331 330 328 326 323 319 316 318 320 323 328 331 328 325 323 320 318 321 325 327 324 321 321 322 322 322 322 323 325 327 327 325 323 321 318 321 327 334 337 336 332 328 326 326 326 326 327 328 325 323 324 324 321 317 316 314 307 302 301 301 299 301 306 307 312 323 333 339 344 351 356 349 331 320 320
301 304 308 308 309 315 323 331 335 337 338 343 349 354 0 359 341 329 329 330 329 328 326 324 321 316 313 315 320 329 335 331 330 329 330 330 328 326 327 328 326 321 320 320 321 321 321 323 326 330 330 328 325 321 318 322 328 331 333 332 331 330 331 333 334 333 333 333 331 330 329 326 322 320 321 321 317 315 316 315 309 303 303 305 307 315 326 336 341 348 354 348 331 320 318
303 305 309 310 310 311 318 328 336 339 341 344 350 356 4 3 344 328 323 323 324 324 322 319 315 310 306 310 327 334 329 328 330 330 329 330 331 329 327 328 327 322 319 319 320 321 322 323 326 330 332 331 331 326 321 324 328 329 328 327 327 328 332 335 339 339 338 338 337 336 334 330 325 324 325 324 321 321 325 328 324 312 303 301 304 308 318 330 340 346 351 348 334 321 317
306 309 313 314 311 309 312 322 332 337 339 342 345 353 6 356 344 326 319 315 316 318 316 311 304 296 290 295 317 323 323 324 328 329 328 328 330 331 329 327 326 322 319 318 320 321 323 323 325 328 331 332 336 335 330 328 327 327 326 323 322 325 329 334 338 339 339 342 343 342 339 335 331 330 329 326 325 327 330 334 335 324 310 300 299 302 309 321 334 344 348 349 341 328 319
307 311 318 320 317 311 310 317 328 336 339 341 343 350 4 342 339 325 318 312 309 308 304 295 281 278 288 303 307 312 315 319 322 324 324 325 327 329 328 325 323 321 319 319 321 324 325 324 322 324 327 331 336 342 341 333 325 324 322 318 317 321 326 330 332 332 335 341 345 344 343 340 337 336 334 331 330 332 335 337 337 332 322 308 298 297 301 309 323 337 346 350 348 338 325
303 307 316 322 321 316 311 314 323 334 342 345 348 354 5 359 337 323 317 314 308 305 313 318 300 301 319 325 313 304 304 308 312 314 315 316 319 322 323 321 319 318 318 320 325 329 330 326 320 319 322 326 333 345 347 338 325 320 316 312 312 317 323 326 325 323 327 335 340 342 342 342 340 338 338 336 335 336 335 335 334 333 330 321 309 300 297 298 306 322 337 347 351 346 330
299 300 305 313 318 316 313 312 318 327 338 347 353 358 5 359 336 322 319 322 324 10 341 343 329 321 326 330 324 311 300 298 302 304 305 305 308 313 316 316 315 315 316 320 325 329 332 327 319 315 316 319 328 344 350 343 328 319 312 307 307 313 320 323 321 317 320 327 331 334 338 339 336 335 337 340 340 337 334 335 335 333 329 325 320 314 306 301 299 302 316 335 349 347 328
302 300 301 305 311 313 311 310 312 317 328 343 354 360 6 3 339 323 325 18 347 334 339 341 333 327 327 330 332 327 318 313 311 309 307 306 306 309 312 312 311 312 313 314 314 316 321 321 317 314 312 313 322 341 351 345 330 319 311 305 305 311 319 322 319 314 315 320 321 324 332 333 327 326 333 340 343 340 336 336 337 334 327 323 324 325 321 315 307 301 302 318 339 342 323
310 310 311 314 316 317 314 309 308 311 318 333 350 0 7 9 353 333 9 352 332 336 339 340 336 331 329 330 333 335 333 328 325 322 317 314 311 310 311 310 310 310 311 309 305 306 312 318 319 316 313 310 317 336 351 343 330 320 311 306 306 314 322 324 321 313 311 314 313 317 330 331 319 318 328 337 339 339 339 340 340 334 326 325 327 330 331 330 324 317 315 319 334 342 327
314 316 321 325 328 329 326 318 311 309 312 321 340 359 10 15 5 339 327 331 331 335 337 339 337 335 332 332 334 337 337 334 330 328 324 320 316 314 313 311 311 312 314 314 314 316 319 324 328 325 318 312 315 332 349 341 329 321 312 308 310 317 324 327 325 316 308 307 307 312 328 331 316 314 327 334 332 335 339 344 343 335 329 329 332 335 337 335 331 329 330 331 337 347 341
311 315 323 329 334 338 338 332 322 312 307 310 325 352 12 21 6 334 345 326 328 330 332 334 335 334 333 333 335 338 340 337 329 327 326 325 322 319 317 315 316 319 322 322 322 323 326 331 336 336 327 315 314 330 349 340 328 321 313 310 312 318 326 330 331 325 312 304 301 305 323 332 315 311 324 329 326 329 335 342 344 338 333 334 337 340 339 332 329 330 332 335 340 350 352
307 311 321 328 332 337 341 340 335 320 303 298 306 338 15 25 356 326 320 321 322 324 326 328 330 330 331 332 334 338 342 339 330 325 324 325 324 322 320 318 321 325 329 327 326 328 330 334 339 342 334 318 313 328 348 340 328 321 314 310 312 319 328 333 338 337 326 309 298 299 317 331 317 310 320 327 323 322 328 336 341 338 335 337 341 342 336 329 328 329 331 334 340 350 357
303 306 316 324 328 329 334 340 341 330 322 302 300 318 344 15 342 358 316 314 314 315 317 320 323 323 325 327 331 337 342 340 334 327 323 323 324 323 322 321 323 327 330 329 329 331 333 334 337 340 336 322 313 324 345 339 328 321 313 309 310 316 326 332 340 343 337 317 298 293 307 326 316 310 317 326 321 317 319 327 334 334 334 338 343 340 333 330 332 335 337 338 341 350 2
300 302 311 320 323 323 326 335 341 337 329 324 321 332 337 338 4 328 350 313 308 307 311 315 319 321 323 325 326 332 339 341 337 331 326 325 325 325 324 323 325 326 327 326 329 334 336 336 336 337 336 328 319 325 340 336 326 320 312 306 305 309 314 320 327 335 336 323 302 289 296 313 310 307 314 327 323 312 311 318 329 329 329 336 341 337 333 332 335 339 343 345 348 356 8
299 301 310 319 323 324 327 336 339 336 336 340 350 4 340 35 345 331 333 326 316 313 316 318 320 321 322 324 324 327 333 337 336 332 329 327 327 327 326 326 329 329 324 320 324 331 338 340 342 341 341 339 331 328 334 330 321 317 311 304 302 304 306 306 308 317 327 328 315 298 292 299 302 302 311 326 324 310 305 313 328 327 326 332 335 333 332 334 336 340 343 347 354 3 13
301 304 314 323 327 329 332 337 338 336 338 348 5 9 344 327 326 333 342 341 331 325 325 324 323 322 321 322 323 323 327 331 333 331 329 328 327 326 325 327 332 334 326 317 316 324 334 339 342 343 346 349 345 336 329 323 317 314 309 303 301 306 310 312 315 320 326 329 327 319 308 299 295 295 302 318 321 308 303 312 330 328 323 325 326 328 331 335 336 338 341 345 353 6 18
