project/data/elevation/US_DEM2016/US_DEM2016_point_10-31-2019_1702_30m_ang.asc
ncols	125
nrows	167
xllcorner	-2042055.000000
yllcorner	1465035.000000
cellsize	30.000000
NODATA_value	-9999.000000
[rows 44 to 87 of 167, columns 0 to 95 of 125]
336 338 344 348 349 350 351 352 352 354 357 4 10 10 6 2 360 358 355 351 349 349 349 349 350 350 350 350 349 348 346 342 341 343 347 349 348 345 343 347 353 358 360 359 358 356 355 353 351 349 348 350 353 353 351 350 352 354 356 358 360 358 355 353 352 349 345 343 343 341 336 327 318 310 306 306 308 309 311 321 334 340 342 344 347 352 357 359 358 358 2 8 13 17 17 15
336 339 344 347 348 350 351 353 355 357 2 8 12 10 5 1 358 356 353 350 348 347 348 350 350 350 349 349 347 344 342 339 339 341 345 349 352 352 349 348 353 1 5 3 359 356 354 352 351 350 349 347 346 345 344 346 349 353 356 358 360 359 357 356 353 350 348 349 349 345 338 332 327 323 318 314 312 311 311 315 324 331 337 340 343 349 357 2 1 358 359 5 14 20 19 16
334 337 343 347 348 349 351 354 358 1 6 12 12 7 2 359 357 355 352 350 349 348 348 349 350 349 349 347 344 340 339 338 339 340 342 347 352 356 357 354 357 4 8 6 0 357 353 351 352 353 352 348 341 337 337 341 347 352 355 358 359 359 359 357 355 353 354 354 352 346 340 337 334 332 328 324 321 319 318 318 322 327 333 337 340 346 355 2 4 1 0 5 13 18 18 16
330 334 341 346 348 349 351 354 359 4 10 13 10 3 359 358 357 355 353 351 350 349 349 349 349 348 347 344 340 337 337 338 339 340 340 344 351 357 1 2 3 6 7 2 359 356 353 352 354 355 352 343 336 335 337 341 347 352 356 358 359 359 359 358 357 357 356 353 348 345 343 342 340 338 335 332 329 327 326 325 326 328 330 334 338 344 352 359 3 4 5 10 15 17 16 14
329 331 338 344 348 350 353 355 359 5 13 14 7 359 356 355 355 355 354 353 352 351 350 349 348 346 344 340 336 334 337 341 342 342 342 343 348 356 3 8 10 8 3 359 357 356 354 355 357 354 346 338 335 337 342 346 349 352 356 358 359 360 359 358 357 356 352 350 348 348 348 347 346 345 343 340 338 337 335 333 332 330 328 329 335 342 349 356 2 6 11 16 17 15 13 9
329 332 337 342 347 352 355 357 360 6 13 12 4 357 354 354 354 355 355 354 353 352 350 349 347 345 341 335 331 332 337 342 344 346 347 345 347 354 5 14 16 11 3 358 355 355 355 357 356 349 340 337 338 342 348 351 351 353 355 356 357 359 359 357 354 352 351 350 351 351 351 351 351 350 349 348 347 346 345 344 340 334 329 327 330 338 345 352 1 10 17 19 16 11 6 2
328 332 338 342 346 352 356 358 0 6 10 9 2 357 354 354 354 355 356 356 355 353 351 349 347 345 340 332 328 329 335 340 344 350 352 351 352 358 11 20 19 12 4 358 354 353 353 353 351 344 340 339 342 348 353 355 354 353 353 353 354 356 357 355 351 350 350 351 352 353 353 353 353 353 353 353 353 353 354 354 351 344 336 330 329 334 342 350 1 13 20 20 14 7 2 358
326 330 339 344 346 351 356 359 2 5 6 4 359 357 356 355 356 357 358 358 357 355 353 349 347 344 338 330 326 327 332 336 341 349 354 356 359 6 13 16 13 7 2 358 354 351 350 349 348 345 343 344 348 353 358 358 356 353 352 352 351 352 353 352 349 348 349 350 350 350 351 352 352 353 353 355 357 357 358 359 358 354 348 341 335 334 339 348 3 17 21 19 13 8 4 1
325 329 337 343 346 350 354 359 2 3 1 359 357 357 358 358 358 358 359 360 359 357 355 350 346 342 336 330 326 325 329 331 336 345 352 359 5 9 11 9 6 2 359 356 352 348 345 346 348 349 349 351 354 357 0 1 359 356 355 353 350 350 350 348 347 346 345 343 340 339 340 343 347 348 351 353 356 358 358 358 359 357 355 352 346 341 340 348 5 16 18 16 14 11 8 3
327 329 336 341 344 348 352 357 2 2 358 355 355 358 0 1 1 360 0 1 1 359 356 351 345 340 335 330 327 326 328 329 333 340 349 0 8 9 6 4 1 359 356 353 348 343 342 344 348 353 355 357 359 1 3 4 2 360 357 354 351 350 349 348 347 345 342 338 334 332 330 330 334 338 342 346 350 354 355 353 352 353 354 353 351 349 346 351 3 10 11 12 13 9 4 0
331 332 336 340 342 345 348 354 1 2 357 353 355 360 4 5 3 1 1 2 1 359 355 350 345 340 336 332 331 331 332 332 333 337 346 360 8 7 2 360 358 356 352 348 342 338 339 343 349 355 359 2 3 4 6 7 5 1 357 353 351 350 350 350 349 346 343 341 339 337 333 327 323 323 328 333 339 345 348 346 341 338 338 340 344 349 352 355 359 2 5 7 6 2 359 356
335 336 339 341 344 345 346 351 358 1 358 355 358 5 8 7 5 2 0 359 359 357 354 350 346 341 337 334 333 333 335 336 336 337 345 359 7 5 1 358 355 352 348 341 336 335 337 343 350 355 0 4 6 7 9 10 6 0 355 353 352 352 352 353 351 347 345 344 343 342 339 332 324 319 320 320 322 328 334 334 330 327 328 332 338 346 353 355 356 357 0 1 360 358 355 350
337 338 342 345 348 350 349 350 355 359 359 360 5 10 10 8 6 2 358 356 355 355 353 351 347 343 340 336 334 335 338 340 339 340 347 358 4 3 1 357 353 349 343 336 332 332 336 343 349 355 360 5 8 11 13 12 6 359 355 354 354 355 354 353 349 347 346 348 348 346 343 339 336 335 332 321 311 308 328 330 329 328 330 336 341 347 352 354 354 355 357 357 356 354 349 345
335 338 343 349 353 355 355 354 356 359 0 3 8 10 9 6 4 0 356 353 353 353 352 351 348 346 344 340 336 337 342 344 345 347 352 357 360 1 360 357 353 348 340 333 330 332 337 343 347 352 357 4 10 15 16 13 7 2 359 358 358 357 355 352 347 346 349 352 351 348 345 344 345 348 347 340 335 334 333 331 330 332 335 337 347 351 353 352 352 353 354 354 352 348 344 342
331 334 343 351 356 359 359 358 359 0 1 4 6 6 5 3 0 358 356 353 352 351 351 350 348 348 346 342 339 340 344 347 350 353 356 356 357 357 357 356 353 348 339 333 329 332 337 341 344 346 351 2 12 17 17 13 9 6 3 360 358 356 354 351 349 349 352 353 351 347 347 349 353 356 351 344 339 337 335 333 333 335 339 346 351 354 354 352 351 351 352 351 348 343 341 344
327 331 342 350 356 0 1 2 4 4 2 1 2 1 359 358 357 355 354 353 352 350 349 347 348 349 348 343 341 342 346 348 351 355 358 357 355 355 354 354 352 348 340 334 330 332 336 339 339 339 344 357 10 16 15 12 10 7 2 358 356 353 352 351 352 354 355 353 349 348 350 355 359 357 349 343 340 338 337 336 337 340 344 349 353 355 355 352 350 349 349 347 344 341 343 352
325 330 341 349 354 359 3 7 9 8 3 358 356 355 354 353 352 351 350 350 350 348 345 344 346 348 345 342 342 346 349 350 350 353 355 355 355 353 352 351 350 348 342 337 334 334 335 335 335 335 339 349 2 10 10 8 7 5 1 358 353 350 348 349 353 358 358 354 350 351 355 358 358 353 348 345 343 342 341 341 343 346 349 352 344 356 355 352 348 346 346 344 341 341 349 359
324 329 341 349 353 358 3 10 14 12 5 358 352 349 347 347 347 347 346 344 343 341 340 341 343 344 340 337 340 347 352 354 354 353 352 353 353 352 352 351 351 349 345 341 339 340 340 338 337 338 341 347 355 3 4 4 3 2 360 356 351 347 345 347 353 359 359 356 353 355 357 358 355 351 349 348 346 346 347 348 349 351 353 354 356 357 355 350 346 344 343 341 339 344 354 357
325 329 341 349 354 358 4 12 19 17 10 0 351 343 340 340 342 344 343 337 332 330 331 335 339 338 334 332 335 344 351 356 357 357 355 353 352 352 352 352 352 351 347 344 343 346 346 344 343 344 346 350 356 0 1 0 359 358 356 351 347 345 344 346 352 357 358 356 356 358 358 356 354 352 351 350 350 351 353 354 355 357 357 358 358 358 355 349 343 341 340 339 339 345 352 351
329 332 341 349 354 360 6 14 21 21 16 8 356 343 335 332 336 343 344 338 328 322 322 328 334 333 329 328 331 339 346 352 357 359 359 357 353 352 354 354 353 350 346 344 345 349 351 350 348 348 350 354 358 1 0 358 357 354 350 345 343 343 345 348 352 354 353 353 356 359 358 355 353 353 353 352 353 354 357 359 0 1 2 2 1 359 354 347 341 338 337 337 339 344 346 346
334 337 344 351 355 1 9 17 22 22 19 13 4 353 344 337 336 342 347 346 340 331 326 326 329 329 327 327 330 337 341 345 351 358 2 2 358 356 355 355 352 348 343 342 345 350 352 352 352 353 354 356 359 1 359 356 354 350 345 342 342 344 347 352 353 351 348 350 355 358 357 355 353 352 353 355 355 356 358 2 4 5 6 6 4 358 351 345 339 336 335 335 337 341 341 341
336 339 347 353 358 4 12 18 20 19 16 11 6 1 355 347 341 340 344 349 349 345 337 332 329 327 327 329 333 339 341 341 345 353 360 2 0 358 356 354 350 346 341 340 344 349 351 352 355 358 358 358 359 360 358 354 351 346 342 341 343 347 350 353 352 348 344 346 352 355 355 354 352 351 352 356 358 358 358 2 7 9 9 9 4 353 345 341 338 335 334 333 335 337 337 337
336 340 349 356 1 7 13 16 16 13 11 9 7 5 1 354 346 340 340 346 350 349 345 339 332 329 329 332 339 344 346 345 345 348 354 357 357 356 355 352 349 345 341 340 343 346 348 351 356 360 1 0 359 359 356 353 348 343 341 343 347 350 353 355 352 346 342 344 350 353 354 354 354 352 351 355 1 4 3 4 10 15 14 8 356 343 336 335 336 336 335 335 336 338 337 336
336 340 350 357 3 10 13 12 9 7 5 6 7 7 4 359 352 344 340 341 346 348 347 342 335 331 331 335 342 348 351 350 349 349 351 352 352 353 353 352 349 345 342 341 342 344 346 349 354 358 1 1 0 357 354 349 345 342 342 346 350 352 355 356 351 345 342 344 348 352 353 354 355 357 356 358 6 14 16 15 16 17 12 359 343 333 329 331 334 334 336 338 340 342 342 340
335 341 352 0 6 11 12 8 4 1 1 3 5 5 4 2 357 349 342 340 341 344 345 342 337 334 334 337 343 349 353 354 353 352 352 350 350 351 352 351 349 346 344 342 342 342 344 348 352 355 358 359 359 356 350 345 343 342 346 349 351 354 355 353 349 345 344 345 347 348 351 351 354 359 4 7 16 27 30 22 12 6 359 347 336 330 329 330 331 332 335 339 343 347 348 346
335 341 353 3 8 12 12 8 2 358 356 357 359 1 2 2 360 355 347 342 340 341 342 340 338 337 337 340 343 347 350 353 354 355 355 352 350 351 352 350 348 347 347 345 344 344 346 350 352 353 352 353 353 350 347 343 342 346 350 350 351 353 352 349 347 346 346 347 347 346 346 347 349 357 10 20 25 27 22 11 1 354 349 342 335 331 330 331 331 332 336 341 346 350 352 351
336 342 355 4 10 14 13 11 6 359 353 350 350 354 356 358 359 357 352 346 342 340 339 338 338 340 341 343 344 344 345 347 351 355 356 354 351 350 350 349 348 349 349 347 346 346 350 353 352 350 347 347 349 350 347 346 348 353 353 351 352 352 348 345 345 347 350 352 352 350 349 350 353 0 12 19 18 12 5 359 353 348 344 339 336 335 335 336 336 337 342 346 349 353 355 356
338 343 356 5 12 15 14 13 10 5 357 348 343 345 349 353 356 357 354 349 345 342 339 338 339 343 346 347 347 345 343 343 345 350 353 353 350 348 348 348 349 350 350 348 347 348 352 352 350 348 347 348 350 352 352 352 356 358 358 356 356 354 350 347 346 348 352 355 356 355 354 356 1 6 10 9 6 0 355 350 347 345 343 340 339 340 343 345 345 346 349 352 353 356 359 2
340 345 357 7 13 15 13 11 9 6 2 354 346 342 344 348 351 354 353 350 346 342 340 339 342 347 351 352 351 349 347 346 346 348 350 351 349 347 347 348 350 352 351 349 347 349 351 350 349 349 350 352 354 356 355 356 358 360 360 359 359 357 353 350 348 349 353 357 359 358 360 3 7 8 5 1 357 352 347 344 343 345 345 343 342 344 349 353 355 357 357 358 358 0 4 7
342 347 358 8 13 14 11 7 5 3 1 357 352 348 346 346 347 349 350 349 347 344 341 341 344 349 353 355 354 352 350 350 350 351 351 351 350 347 347 350 352 353 352 349 347 348 349 350 350 351 353 356 359 358 356 355 356 358 358 358 358 355 352 350 349 351 356 1 3 4 8 11 9 4 358 354 350 346 341 340 342 344 346 347 347 349 354 359 2 5 6 5 3 5 9 10
344 348 359 8 12 12 8 3 360 358 357 356 354 353 350 346 344 344 346 345 347 343 342 344 346 349 353 356 357 355 353 352 352 353 353 352 350 348 349 351 352 352 352 349 347 346 348 349 350 351 353 357 360 360 357 354 354 354 355 356 355 352 350 349 351 356 2 5 8 11 13 10 4 357 351 347 345 340 337 338 341 344 347 349 353 356 357 359 4 10 12 10 8 9 11 10
346 350 359 7 11 11 6 359 354 352 352 353 354 353 350 346 343 340 342 344 347 347 347 347 348 348 351 355 358 357 356 354 353 353 353 352 349 348 349 350 351 351 351 348 346 346 346 347 348 349 350 352 357 358 356 354 352 351 352 352 351 350 350 354 360 5 6 6 10 13 11 5 357 350 345 343 341 338 337 338 340 342 344 347 354 0 1 360 2 10 14 13 11 11 11 9
345 350 0 7 9 7 0 354 350 348 348 350 351 350 347 344 339 338 339 342 346 348 350 351 350 349 349 353 357 359 358 357 356 354 352 351 350 349 350 351 351 350 349 347 346 347 348 348 349 350 350 351 354 355 354 352 351 350 350 350 348 350 355 4 9 8 5 4 7 7 4 358 352 347 344 342 341 340 341 343 344 341 338 338 346 358 4 5 5 8 12 12 11 11 10 8
343 350 1 6 6 0 355 351 349 348 348 348 347 345 342 340 336 338 340 343 346 349 352 352 352 350 349 351 355 358 360 360 359 356 354 353 353 353 353 353 351 349 348 347 347 347 348 349 349 349 350 351 352 351 350 350 350 350 349 349 350 354 3 9 9 5 2 1 1 360 357 352 348 346 346 344 343 344 347 350 351 348 342 337 338 347 359 6 9 10 11 10 10 10 9 6
340 348 2 6 2 355 352 352 352 351 349 347 345 341 339 337 337 339 341 344 347 350 352 354 353 351 350 350 351 355 359 1 1 359 357 357 358 357 355 353 351 349 349 348 347 346 346 347 346 345 345 347 347 347 346 347 348 349 349 350 354 1 6 6 3 0 359 357 355 354 353 349 346 347 348 347 347 348 351 355 358 357 353 346 342 343 351 1 9 12 11 8 8 8 7 4
339 348 2 4 359 354 353 354 355 353 350 347 343 340 338 337 338 340 343 346 348 351 353 354 354 352 349 348 348 351 356 360 1 1 0 2 4 1 357 354 353 351 351 350 348 347 345 343 342 342 342 343 344 345 346 346 347 349 350 352 359 4 3 359 357 355 353 351 351 351 349 346 345 347 349 350 350 350 352 356 360 1 360 356 351 349 351 357 6 10 8 6 6 6 4 0
342 349 360 2 359 356 355 354 353 351 348 344 341 339 337 338 339 342 345 348 350 353 354 356 356 354 350 346 344 345 348 354 359 1 3 5 7 4 0 358 357 355 354 353 352 350 346 343 341 341 342 343 345 347 348 348 349 352 354 357 1 2 358 353 350 348 347 348 349 349 346 343 343 345 349 351 353 352 351 352 356 1 3 1 359 356 355 358 2 4 4 3 3 2 359 355
347 350 356 359 358 356 354 353 351 348 345 341 338 337 338 339 340 342 346 349 352 353 355 358 358 356 353 348 341 338 338 341 348 357 3 7 7 4 1 360 358 356 355 355 355 353 349 345 343 342 343 343 345 347 349 350 352 355 357 359 0 358 353 348 344 342 343 346 349 348 344 341 341 344 348 351 353 353 353 351 351 356 2 5 4 2 359 360 1 1 360 360 359 358 354 350
352 352 353 356 356 354 352 350 348 345 342 339 337 337 339 341 343 345 348 351 352 353 356 359 359 359 357 353 345 338 332 330 334 344 357 4 4 1 359 358 356 355 355 355 355 354 351 347 345 344 344 343 344 346 349 350 351 353 356 358 358 355 350 345 340 340 343 348 350 347 343 341 341 344 347 349 352 354 355 353 350 351 357 4 7 7 4 2 0 358 357 357 356 353 350 348
352 352 353 355 354 351 350 347 344 341 339 337 336 337 340 343 346 348 351 352 353 355 357 358 359 360 359 356 352 346 340 336 334 339 349 358 0 358 356 354 353 353 354 354 355 353 351 349 347 346 345 344 345 347 350 351 350 351 353 355 355 352 348 343 338 339 345 349 350 347 344 341 341 343 344 346 349 352 355 356 354 351 352 1 7 9 8 5 1 358 357 356 353 350 349 350
350 352 355 355 352 349 347 345 342 339 337 336 336 339 342 345 348 352 355 355 355 358 359 357 357 358 357 355 354 351 348 345 343 342 346 353 357 356 353 351 352 354 355 354 354 352 350 349 349 348 347 347 348 349 351 351 350 350 351 352 351 350 346 342 338 339 345 348 348 348 346 344 342 341 339 337 340 346 351 355 356 354 351 354 2 8 11 9 4 360 358 357 354 352 354 358
348 351 355 354 351 347 345 342 340 337 336 336 337 340 344 347 352 356 359 359 358 359 358 355 354 354 353 352 353 353 353 352 350 348 347 350 352 352 351 352 354 355 354 353 352 350 348 348 350 351 351 351 351 351 351 351 349 348 349 349 349 348 346 342 339 339 342 345 347 349 349 348 346 343 338 333 331 333 340 346 351 353 351 349 355 5 10 11 8 4 2 0 359 359 1 4
348 350 353 352 348 346 343 341 338 336 336 337 339 342 346 351 358 3 3 360 357 355 354 352 351 350 349 349 351 353 355 356 356 352 349 348 348 349 352 355 356 354 353 352 350 347 345 346 350 354 355 356 355 354 353 351 348 347 347 347 347 347 345 341 339 339 341 344 346 348 350 350 351 350 347 342 335 332 331 333 339 346 347 343 346 357 6 10 10 7 5 4 4 4 3 3
347 349 351 349 346 344 342 340 337 335 336 338 341 345 350 358 6 7 3 358 354 351 349 348 347 346 347 348 350 351 353 356 358 357 353 350 347 348 354 358 356 354 353 351 348 342 340 343 349 353 356 358 358 358 356 353 349 347 347 347 347 346 344 341 339 339 341 345 347 348 348 349 351 354 355 353 350 346 341 338 338 341 341 339 340 348 360 6 7 6 5 6 6 5 3 1
