project/data/elevation/US_DEM2016/US_DEM2016_point_10-31-2019_1258_30m_vel.asc
ncols	125
nrows	167
xllcorner	-2042055.000000
yllcorner	1465035.000000
cellsize	30.000000
NODATA_value	-9999.000000
[rows 114 to 151 of 167, columns 0 to 83 of 125]
5.76 5.73 5.75 5.83 5.99 6.26 6.46 6.27 5.78 5.23 4.76 4.32 3.98 3.73 3.70 4.00 4.59 5.18 5.57 5.86 6.22 6.36 6.01 5.71 5.93 6.17 6.18 6.10 6.04 5.90 5.72 5.42 5.11 4.92 4.83 4.84 5.03 5.32 5.52 5.69 5.89 6.11 6.34 6.58 6.59 6.25 5.80 5.53 5.47 5.55 5.66 5.67 5.58 5.33 4.99 4.73 4.70 4.98 5.34 5.55 5.59 5.51 5.40 5.32 5.31 5.40 5.55 5.60 5.45 5.21 5.05 4.96 4.91 4.93 4.95 4.91 4.83 4.75 4.78 4.98 5.01 4.74 4.54 4.42
5.86 5.86 5.87 5.88 5.95 6.01 5.93 5.54 4.93 4.36 3.94 3.63 3.43 3.49 3.96 4.74 5.52 6.13 6.52 6.69 6.60 6.17 5.53 5.35 5.62 5.74 5.70 5.74 5.86 6.01 6.09 6.02 5.78 5.34 4.88 4.76 5.05 5.44 5.73 5.95 6.16 6.32 6.43 6.46 6.23 5.74 5.31 5.15 5.21 5.44 5.76 5.88 5.80 5.54 5.12 4.67 4.48 4.64 4.93 5.18 5.38 5.51 5.59 5.63 5.65 5.66 5.63 5.49 5.30 5.15 5.06 5.01 4.99 4.96 4.92 4.86 4.83 4.83 4.87 4.92 4.81 4.56 4.38 4.21
5.95 5.96 5.95 5.91 5.86 5.74 5.49 5.12 4.76 4.55 4.42 4.31 4.41 4.84 5.56 6.35 6.93 7.16 7.14 6.91 6.42 5.80 5.27 5.09 5.15 5.12 5.11 5.28 5.51 5.73 5.91 6.04 6.06 5.91 5.68 5.63 5.74 5.91 6.03 6.14 6.21 6.25 6.29 6.24 5.96 5.51 5.12 4.96 5.13 5.51 5.88 6.06 6.02 5.84 5.62 5.43 5.27 5.16 5.14 5.20 5.32 5.44 5.55 5.65 5.73 5.74 5.62 5.40 5.19 5.02 4.94 4.93 4.95 4.96 4.94 4.91 4.91 4.95 4.99 5.00 4.97 4.89 4.82 4.81
5.98 5.94 5.90 5.85 5.74 5.54 5.29 5.09 5.03 5.13 5.33 5.64 6.08 6.61 7.12 7.43 7.43 7.12 6.73 6.27 5.85 5.60 5.46 5.30 5.16 4.99 4.86 4.94 5.12 5.22 5.26 5.43 5.75 6.02 6.19 6.26 6.20 6.06 5.94 5.88 5.87 5.94 6.07 6.10 5.91 5.56 5.18 5.00 5.18 5.57 5.81 5.87 5.88 5.88 5.91 5.98 6.04 6.03 5.89 5.69 5.54 5.48 5.47 5.49 5.54 5.52 5.37 5.17 5.04 4.95 4.87 4.83 4.86 4.93 4.99 5.03 5.07 5.12 5.17 5.29 5.48 5.61 5.67 5.81
5.94 5.86 5.79 5.75 5.66 5.50 5.34 5.23 5.22 5.39 5.82 6.40 6.96 7.33 7.45 7.24 6.68 6.16 5.85 5.50 5.36 5.48 5.61 5.63 5.55 5.30 5.00 4.85 4.95 4.95 4.82 4.85 5.12 5.54 5.85 5.98 5.92 5.77 5.64 5.58 5.63 5.80 6.01 6.04 5.83 5.53 5.26 5.10 5.22 5.44 5.54 5.50 5.46 5.59 5.79 5.95 6.13 6.26 6.25 6.08 5.82 5.59 5.42 5.30 5.18 5.00 4.80 4.83 4.99 5.08 5.04 4.97 4.95 5.01 5.09 5.18 5.27 5.33 5.44 5.64 5.87 6.02 6.15 6.28
5.87 5.79 5.71 5.70 5.63 5.53 5.43 5.36 5.42 5.70 6.22 6.72 7.00 7.01 6.76 6.28 5.82 5.57 5.32 5.06 5.00 5.12 5.30 5.49 5.54 5.38 5.16 5.08 5.14 5.11 4.94 4.81 4.83 4.99 5.25 5.43 5.51 5.53 5.57 5.61 5.69 5.85 6.00 5.92 5.63 5.38 5.28 5.23 5.29 5.35 5.33 5.28 5.29 5.46 5.66 5.80 5.88 5.92 5.95 5.95 5.85 5.60 5.34 5.10 4.81 4.54 4.52 4.85 5.21 5.35 5.33 5.26 5.20 5.16 5.17 5.24 5.32 5.38 5.50 5.68 5.79 5.81 5.84 5.86
5.80 5.76 5.73 5.70 5.63 5.57 5.54 5.55 5.71 6.13 6.58 6.79 6.71 6.44 6.07 5.71 5.49 5.30 4.98 4.70 4.61 4.65 4.89 5.19 5.25 5.17 5.19 5.30 5.38 5.36 5.27 5.11 4.93 4.85 4.86 4.98 5.18 5.41 5.59 5.72 5.81 5.92 5.97 5.73 5.34 5.17 5.21 5.27 5.31 5.32 5.30 5.32 5.44 5.61 5.71 5.72 5.62 5.51 5.48 5.53 5.54 5.43 5.25 5.03 4.84 4.83 5.02 5.32 5.50 5.51 5.44 5.39 5.31 5.21 5.14 5.11 5.11 5.20 5.36 5.52 5.57 5.50 5.42 5.32
5.84 5.85 5.82 5.72 5.63 5.64 5.73 5.86 6.11 6.50 6.74 6.70 6.47 6.21 5.95 5.67 5.38 5.06 4.78 4.69 4.76 4.93 5.14 5.25 5.18 5.12 5.22 5.36 5.43 5.43 5.42 5.36 5.25 5.07 4.86 4.81 5.00 5.27 5.48 5.66 5.82 5.95 5.88 5.45 4.96 4.85 4.99 5.09 5.14 5.20 5.30 5.42 5.52 5.56 5.54 5.49 5.41 5.32 5.26 5.22 5.23 5.26 5.26 5.27 5.36 5.52 5.64 5.69 5.63 5.49 5.36 5.29 5.23 5.17 5.11 5.04 5.04 5.18 5.37 5.45 5.40 5.31 5.25 5.16
5.92 5.91 5.83 5.70 5.65 5.72 5.89 6.17 6.54 6.74 6.72 6.52 6.30 6.12 5.87 5.51 5.19 5.01 5.05 5.27 5.46 5.53 5.48 5.36 5.24 5.19 5.24 5.34 5.38 5.38 5.37 5.38 5.37 5.27 5.10 5.03 5.12 5.28 5.39 5.56 5.77 5.84 5.53 4.88 4.47 4.48 4.70 4.87 4.95 5.03 5.13 5.19 5.18 5.14 5.11 5.12 5.18 5.25 5.24 5.18 5.18 5.24 5.32 5.43 5.55 5.66 5.71 5.71 5.67 5.56 5.38 5.24 5.17 5.13 5.11 5.12 5.20 5.32 5.30 5.18 5.07 5.02 5.01 4.99
5.84 5.78 5.67 5.62 5.65 5.77 5.97 6.23 6.52 6.57 6.39 6.14 5.98 5.75 5.36 5.10 5.09 5.27 5.48 5.57 5.50 5.36 5.30 5.36 5.43 5.37 5.28 5.29 5.29 5.26 5.23 5.22 5.19 5.19 5.27 5.37 5.42 5.43 5.42 5.57 5.64 5.38 4.68 4.06 3.94 4.14 4.44 4.72 4.85 4.85 4.83 4.77 4.65 4.60 4.62 4.72 4.90 5.06 5.10 5.11 5.17 5.25 5.29 5.30 5.34 5.45 5.57 5.67 5.70 5.62 5.47 5.31 5.18 5.06 5.01 5.07 5.11 5.04 4.84 4.69 4.71 4.79 4.77 4.71
5.76 5.72 5.67 5.64 5.68 5.79 5.92 6.06 6.12 6.01 5.78 5.64 5.53 5.19 4.84 4.96 5.21 5.34 5.26 5.02 4.80 4.83 5.09 5.42 5.59 5.53 5.41 5.32 5.25 5.16 5.13 5.11 5.10 5.19 5.34 5.44 5.43 5.40 5.38 5.45 5.26 4.64 3.98 3.75 3.86 4.07 4.32 4.64 4.81 4.85 4.86 4.78 4.61 4.45 4.39 4.50 4.71 4.81 4.85 4.99 5.14 5.23 5.31 5.43 5.60 5.74 5.76 5.72 5.63 5.48 5.36 5.26 5.10 4.91 4.84 4.85 4.79 4.66 4.55 4.54 4.65 4.70 4.58 4.45
5.90 5.96 5.94 5.80 5.72 5.73 5.78 5.80 5.73 5.57 5.44 5.43 5.29 4.93 4.83 5.02 5.05 4.83 4.49 4.25 4.32 4.70 5.21 5.61 5.72 5.63 5.55 5.49 5.38 5.20 5.09 5.09 5.13 5.17 5.15 5.07 5.04 5.07 5.14 5.10 4.79 4.35 4.25 4.43 4.56 4.59 4.65 4.81 4.96 5.07 5.11 5.06 4.94 4.78 4.67 4.69 4.76 4.82 4.94 5.11 5.20 5.28 5.45 5.76 5.97 5.98 5.83 5.66 5.48 5.31 5.17 5.04 4.88 4.75 4.68 4.62 4.56 4.53 4.58 4.64 4.66 4.58 4.49 4.53
6.06 6.07 5.97 5.75 5.60 5.58 5.61 5.59 5.51 5.45 5.46 5.42 5.15 4.85 4.74 4.64 4.39 4.13 4.01 4.11 4.49 4.99 5.53 5.83 5.79 5.63 5.59 5.58 5.46 5.26 5.13 5.13 5.12 5.01 4.82 4.70 4.74 4.88 4.99 4.93 4.81 4.89 5.12 5.28 5.34 5.35 5.32 5.29 5.29 5.26 5.17 5.09 5.05 5.03 5.01 5.00 5.00 5.07 5.17 5.25 5.25 5.32 5.51 5.71 5.71 5.55 5.44 5.43 5.44 5.34 5.11 4.84 4.66 4.61 4.54 4.41 4.28 4.22 4.30 4.41 4.50 4.59 4.81 5.01
5.91 5.73 5.42 5.30 5.30 5.39 5.47 5.47 5.42 5.40 5.34 5.16 4.88 4.61 4.40 4.20 4.06 4.07 4.34 4.84 5.30 5.62 5.87 5.81 5.49 5.37 5.40 5.37 5.28 5.22 5.20 5.20 5.15 5.02 4.88 4.87 5.00 5.10 5.14 5.16 5.28 5.43 5.50 5.53 5.63 5.78 5.88 5.84 5.70 5.49 5.34 5.25 5.21 5.18 5.15 5.15 5.21 5.25 5.24 5.23 5.20 5.27 5.36 5.36 5.21 5.10 5.21 5.45 5.55 5.37 5.01 4.68 4.53 4.48 4.45 4.38 4.25 4.11 4.06 4.16 4.48 4.95 5.32 5.33
5.53 5.19 4.83 4.83 5.02 5.27 5.42 5.43 5.37 5.28 5.12 4.90 4.69 4.58 4.54 4.55 4.69 5.00 5.51 5.98 6.21 6.18 5.96 5.55 5.18 5.12 5.11 5.03 5.02 5.09 5.15 5.18 5.18 5.18 5.25 5.39 5.48 5.45 5.39 5.40 5.44 5.42 5.44 5.56 5.80 6.06 6.26 6.30 6.16 5.97 5.82 5.71 5.60 5.47 5.32 5.25 5.25 5.23 5.18 5.18 5.13 5.17 5.17 5.09 5.01 5.14 5.44 5.65 5.48 5.02 4.66 4.51 4.44 4.38 4.36 4.45 4.56 4.57 4.47 4.49 4.81 5.28 5.44 5.13
5.36 5.14 4.89 4.97 5.22 5.42 5.48 5.42 5.33 5.23 5.11 4.97 4.90 5.01 5.27 5.54 5.86 6.18 6.41 6.50 6.39 6.11 5.69 5.33 5.15 5.07 4.95 4.88 4.93 5.02 5.06 5.07 5.13 5.27 5.42 5.51 5.51 5.45 5.39 5.34 5.26 5.24 5.38 5.65 5.98 6.29 6.46 6.44 6.34 6.19 6.00 5.80 5.67 5.57 5.44 5.35 5.27 5.15 5.10 5.10 5.11 5.13 5.13 5.09 5.17 5.44 5.66 5.53 4.99 4.45 4.29 4.31 4.33 4.35 4.38 4.45 4.61 4.82 4.98 5.08 5.23 5.38 5.24 4.88
5.48 5.48 5.54 5.73 5.86 5.78 5.57 5.41 5.33 5.28 5.25 5.24 5.33 5.60 5.92 6.18 6.37 6.43 6.34 6.08 5.69 5.31 5.09 5.05 5.12 5.10 5.02 5.03 5.11 5.17 5.13 5.11 5.18 5.31 5.35 5.26 5.20 5.23 5.28 5.26 5.22 5.28 5.52 5.82 6.11 6.29 6.26 6.07 5.90 5.78 5.62 5.55 5.58 5.58 5.51 5.45 5.37 5.26 5.12 5.10 5.15 5.19 5.20 5.25 5.43 5.65 5.59 5.12 4.49 4.19 4.16 4.21 4.27 4.40 4.57 4.62 4.59 4.66 4.91 5.22 5.46 5.58 5.53 5.57
5.61 5.74 5.98 6.16 6.15 5.95 5.65 5.42 5.32 5.32 5.37 5.47 5.66 5.91 6.06 6.07 6.02 5.91 5.64 5.16 4.67 4.44 4.52 4.84 5.11 5.21 5.25 5.34 5.43 5.48 5.50 5.51 5.55 5.55 5.47 5.34 5.25 5.28 5.31 5.36 5.47 5.69 5.92 6.05 6.12 6.03 5.75 5.41 5.23 5.23 5.32 5.50 5.66 5.63 5.55 5.50 5.48 5.42 5.30 5.24 5.25 5.29 5.34 5.44 5.58 5.60 5.30 4.74 4.37 4.25 4.25 4.29 4.36 4.49 4.67 4.78 4.80 4.75 4.84 5.20 5.71 6.13 6.40 6.59
5.69 5.80 5.98 6.08 6.05 5.96 5.78 5.55 5.42 5.42 5.46 5.55 5.70 5.79 5.73 5.64 5.60 5.40 4.94 4.44 4.19 4.26 4.60 5.00 5.26 5.36 5.45 5.56 5.64 5.72 5.84 5.97 6.02 5.96 5.81 5.65 5.56 5.54 5.47 5.52 5.74 5.98 6.06 6.04 5.95 5.70 5.27 4.91 4.82 5.00 5.35 5.65 5.73 5.62 5.55 5.55 5.57 5.55 5.47 5.36 5.33 5.37 5.45 5.51 5.54 5.38 4.95 4.55 4.39 4.37 4.38 4.42 4.52 4.64 4.68 4.74 4.90 5.10 5.30 5.66 6.23 6.65 6.79 6.68
5.79 5.90 6.08 6.18 6.17 6.07 5.97 5.87 5.76 5.66 5.55 5.49 5.47 5.44 5.43 5.49 5.44 5.13 4.72 4.55 4.67 4.89 5.13 5.35 5.47 5.52 5.59 5.67 5.74 5.80 5.91 6.06 6.13 6.11 6.02 5.96 5.94 5.90 5.76 5.69 5.79 5.86 5.87 5.89 5.76 5.41 5.01 4.77 4.79 5.10 5.55 5.82 5.81 5.69 5.63 5.62 5.62 5.58 5.46 5.36 5.33 5.37 5.42 5.45 5.42 5.23 4.85 4.58 4.50 4.51 4.52 4.53 4.58 4.67 4.75 4.84 5.01 5.34 5.79 6.26 6.63 6.66 6.33 5.97
6.04 6.21 6.45 6.47 6.35 6.14 6.06 6.06 6.01 5.79 5.53 5.33 5.23 5.25 5.38 5.46 5.29 5.01 4.94 5.14 5.37 5.47 5.52 5.60 5.66 5.69 5.72 5.75 5.78 5.83 5.91 5.96 5.96 5.99 6.13 6.32 6.42 6.38 6.23 5.98 5.82 5.73 5.78 5.77 5.51 5.14 4.91 4.88 5.04 5.43 5.84 6.01 5.94 5.81 5.72 5.67 5.62 5.53 5.38 5.31 5.30 5.33 5.34 5.35 5.32 5.18 4.94 4.80 4.75 4.73 4.71 4.67 4.62 4.64 4.81 5.08 5.39 5.77 6.29 6.72 6.75 6.33 5.71 5.27
6.27 6.37 6.49 6.45 6.33 6.13 5.99 5.92 5.83 5.61 5.35 5.16 5.14 5.27 5.36 5.27 5.09 5.08 5.29 5.49 5.56 5.57 5.61 5.72 5.79 5.78 5.74 5.72 5.73 5.81 5.94 5.98 5.95 6.01 6.23 6.47 6.59 6.59 6.53 6.35 6.00 5.74 5.60 5.40 5.08 4.89 4.91 5.03 5.30 5.76 6.12 6.16 6.00 5.85 5.76 5.69 5.61 5.48 5.33 5.29 5.32 5.34 5.34 5.33 5.32 5.24 5.12 5.06 5.04 5.00 4.94 4.89 4.84 4.85 4.99 5.32 5.87 6.52 7.06 7.18 6.81 6.16 5.50 5.01
6.27 6.14 5.91 5.85 5.88 5.85 5.74 5.63 5.57 5.46 5.35 5.33 5.46 5.59 5.49 5.22 5.06 5.15 5.28 5.33 5.40 5.52 5.67 5.81 5.84 5.74 5.61 5.56 5.59 5.72 5.88 6.00 6.05 6.10 6.15 6.17 6.16 6.18 6.21 6.15 5.85 5.50 5.19 4.92 4.75 4.77 4.91 5.08 5.48 6.03 6.26 6.11 5.89 5.79 5.74 5.69 5.58 5.44 5.29 5.30 5.38 5.42 5.41 5.38 5.36 5.31 5.25 5.24 5.25 5.25 5.27 5.33 5.37 5.45 5.59 5.90 6.44 7.10 7.47 7.30 6.75 6.19 5.67 5.16
6.04 5.70 5.11 4.88 4.92 5.07 5.24 5.41 5.55 5.66 5.78 5.97 6.14 6.09 5.74 5.35 5.12 5.01 4.93 4.96 5.19 5.51 5.74 5.85 5.82 5.69 5.53 5.44 5.43 5.53 5.64 5.73 5.78 5.82 5.75 5.61 5.48 5.41 5.37 5.31 5.21 5.03 4.82 4.66 4.67 4.78 4.91 5.18 5.75 6.25 6.24 5.92 5.73 5.70 5.69 5.65 5.54 5.41 5.32 5.40 5.51 5.54 5.51 5.44 5.37 5.32 5.32 5.36 5.40 5.47 5.65 5.89 6.14 6.41 6.67 6.88 7.15 7.45 7.40 6.97 6.60 6.41 6.17 5.85
5.64 5.20 4.51 4.28 4.29 4.46 4.82 5.22 5.56 5.86 6.12 6.31 6.33 6.09 5.70 5.36 5.11 4.91 4.84 4.98 5.26 5.54 5.74 5.83 5.81 5.72 5.59 5.49 5.38 5.36 5.38 5.35 5.30 5.30 5.27 5.13 4.93 4.78 4.65 4.61 4.65 4.66 4.65 4.72 4.91 5.10 5.30 5.70 6.22 6.42 6.17 5.82 5.69 5.66 5.63 5.60 5.57 5.59 5.69 5.81 5.81 5.71 5.58 5.48 5.42 5.39 5.40 5.46 5.56 5.72 6.04 6.44 6.90 7.29 7.53 7.59 7.56 7.47 7.14 6.74 6.67 6.75 6.76 6.71
5.24 4.88 4.40 4.35 4.47 4.68 4.94 5.18 5.42 5.70 5.95 6.06 5.92 5.62 5.37 5.21 5.06 4.97 5.04 5.27 5.50 5.70 5.82 5.86 5.83 5.78 5.73 5.69 5.63 5.48 5.37 5.26 5.17 5.10 4.99 4.77 4.52 4.37 4.30 4.33 4.42 4.55 4.78 5.13 5.45 5.70 6.01 6.33 6.55 6.44 6.07 5.79 5.67 5.61 5.58 5.61 5.72 5.93 6.16 6.21 6.02 5.73 5.56 5.51 5.53 5.54 5.50 5.55 5.71 6.01 6.42 6.86 7.24 7.45 7.52 7.45 7.29 7.08 6.82 6.67 6.71 6.81 6.94 7.11
5.22 5.10 5.08 5.26 5.40 5.47 5.40 5.32 5.38 5.51 5.63 5.64 5.46 5.24 5.12 5.07 5.03 5.06 5.23 5.49 5.70 5.90 5.97 5.93 5.85 5.81 5.83 5.85 5.84 5.77 5.56 5.36 5.18 5.01 4.78 4.50 4.26 4.14 4.13 4.22 4.40 4.72 5.19 5.63 5.91 6.12 6.33 6.47 6.47 6.22 5.88 5.64 5.50 5.43 5.47 5.61 5.83 6.02 6.10 5.94 5.67 5.51 5.46 5.49 5.56 5.60 5.58 5.61 5.78 6.13 6.56 6.86 6.93 6.82 6.65 6.52 6.46 6.46 6.46 6.46 6.43 6.42 6.61 6.91
5.54 5.67 6.00 6.31 6.43 6.29 5.93 5.73 5.69 5.63 5.50 5.32 5.16 5.08 5.04 5.03 5.05 5.17 5.42 5.71 5.94 6.10 6.06 5.91 5.80 5.79 5.85 5.89 5.89 5.85 5.69 5.43 5.15 4.90 4.65 4.41 4.23 4.13 4.12 4.27 4.67 5.26 5.80 6.10 6.21 6.21 6.23 6.25 6.18 5.96 5.65 5.37 5.17 5.15 5.30 5.53 5.72 5.76 5.60 5.35 5.25 5.28 5.36 5.44 5.51 5.55 5.57 5.62 5.74 5.98 6.28 6.32 6.14 5.87 5.64 5.55 5.71 5.99 6.19 6.20 6.11 6.09 6.20 6.37
5.74 5.95 6.32 6.59 6.69 6.61 6.48 6.31 6.12 5.82 5.49 5.23 5.10 5.07 5.09 5.11 5.21 5.42 5.71 5.94 6.08 6.08 5.91 5.72 5.65 5.72 5.80 5.80 5.77 5.72 5.62 5.40 5.16 4.92 4.68 4.46 4.29 4.20 4.29 4.67 5.36 6.01 6.33 6.35 6.23 6.09 6.05 6.06 6.01 5.80 5.47 5.15 4.96 5.05 5.23 5.39 5.42 5.27 5.04 4.93 4.98 5.14 5.29 5.39 5.44 5.45 5.48 5.58 5.72 5.87 5.93 5.76 5.54 5.38 5.28 5.36 5.66 6.00 6.18 6.15 6.09 6.07 6.04 6.00
5.79 5.95 6.20 6.31 6.31 6.28 6.39 6.36 6.15 5.81 5.51 5.32 5.22 5.20 5.24 5.33 5.50 5.74 5.94 6.01 5.93 5.76 5.59 5.49 5.52 5.64 5.66 5.55 5.52 5.53 5.47 5.35 5.21 5.02 4.80 4.61 4.47 4.48 4.79 5.46 6.11 6.39 6.32 6.10 5.93 5.85 5.89 5.99 5.95 5.69 5.35 5.09 5.03 5.13 5.23 5.26 5.10 4.78 4.52 4.52 4.71 4.99 5.20 5.32 5.37 5.41 5.47 5.57 5.72 5.84 5.80 5.64 5.50 5.40 5.40 5.66 6.06 6.34 6.43 6.36 6.25 6.16 6.05 6.02
5.84 5.98 6.16 6.15 5.99 5.78 5.75 5.78 5.76 5.66 5.53 5.42 5.37 5.35 5.40 5.54 5.74 5.91 5.94 5.81 5.59 5.38 5.30 5.38 5.54 5.66 5.61 5.48 5.49 5.51 5.46 5.37 5.24 5.08 4.93 4.85 4.89 5.11 5.54 6.05 6.28 6.15 5.88 5.69 5.63 5.69 5.85 5.96 5.86 5.57 5.27 5.13 5.09 5.16 5.24 5.22 5.06 4.81 4.56 4.51 4.71 4.96 5.13 5.26 5.36 5.44 5.51 5.57 5.63 5.65 5.67 5.67 5.56 5.41 5.48 5.95 6.50 6.74 6.72 6.54 6.35 6.19 6.10 6.18
5.91 6.00 6.06 5.91 5.68 5.39 5.18 5.14 5.25 5.36 5.41 5.42 5.42 5.41 5.45 5.56 5.69 5.68 5.49 5.25 5.04 4.93 5.05 5.39 5.73 5.85 5.82 5.77 5.78 5.69 5.55 5.39 5.21 5.08 5.02 5.08 5.27 5.55 5.82 5.97 5.91 5.72 5.56 5.53 5.59 5.70 5.83 5.90 5.75 5.47 5.24 5.06 4.96 5.07 5.25 5.31 5.28 5.20 5.04 5.01 5.09 5.11 5.15 5.25 5.37 5.46 5.51 5.54 5.52 5.51 5.60 5.68 5.57 5.50 5.78 6.47 7.01 7.05 6.76 6.45 6.23 6.12 6.12 6.23
5.93 5.83 5.51 5.05 4.77 4.67 4.70 4.80 4.92 5.05 5.19 5.32 5.38 5.40 5.42 5.45 5.38 5.17 4.92 4.76 4.72 4.81 5.14 5.65 5.98 6.06 6.02 6.02 5.94 5.74 5.56 5.38 5.19 5.10 5.11 5.19 5.35 5.51 5.61 5.66 5.64 5.53 5.51 5.60 5.69 5.73 5.76 5.75 5.64 5.42 5.12 4.85 4.84 5.09 5.36 5.46 5.50 5.53 5.56 5.58 5.52 5.33 5.23 5.28 5.39 5.48 5.54 5.58 5.66 5.80 5.89 5.82 5.78 5.99 6.54 7.11 7.30 7.00 6.56 6.26 6.11 6.10 6.15 6.14
5.76 5.45 4.88 4.38 4.08 4.19 4.50 4.76 4.92 5.06 5.21 5.31 5.35 5.38 5.39 5.33 5.18 5.04 5.05 5.13 5.21 5.37 5.67 5.95 6.09 6.04 5.97 5.89 5.65 5.42 5.36 5.28 5.17 5.14 5.18 5.25 5.36 5.47 5.58 5.71 5.69 5.57 5.57 5.68 5.73 5.68 5.63 5.60 5.48 5.18 4.80 4.68 4.89 5.25 5.51 5.61 5.65 5.72 5.82 5.85 5.75 5.57 5.46 5.48 5.52 5.55 5.61 5.72 5.91 6.04 5.99 5.88 6.04 6.54 7.10 7.27 7.03 6.55 6.24 6.12 6.10 6.14 6.14 6.05
5.50 5.21 4.83 4.67 4.60 4.66 4.80 4.88 4.96 5.14 5.30 5.35 5.35 5.38 5.38 5.34 5.33 5.45 5.62 5.65 5.57 5.61 5.79 5.95 5.97 5.82 5.64 5.39 5.06 4.91 4.98 5.05 5.13 5.21 5.27 5.35 5.51 5.71 5.90 5.99 5.85 5.63 5.56 5.59 5.56 5.50 5.49 5.48 5.27 4.83 4.56 4.71 5.09 5.43 5.59 5.65 5.70 5.76 5.82 5.84 5.83 5.82 5.81 5.79 5.70 5.63 5.65 5.75 5.85 5.83 5.74 5.90 6.37 6.92 7.14 6.86 6.34 5.97 5.83 5.84 5.86 5.88 5.82 5.77
5.42 5.28 5.10 5.08 5.11 5.18 5.15 5.08 5.08 5.18 5.26 5.29 5.34 5.40 5.44 5.50 5.65 5.78 5.71 5.47 5.29 5.32 5.57 5.84 5.86 5.57 5.18 4.81 4.59 4.60 4.75 4.94 5.14 5.30 5.41 5.55 5.77 6.00 6.13 6.07 5.85 5.62 5.47 5.37 5.29 5.31 5.40 5.35 5.03 4.64 4.59 4.89 5.27 5.51 5.61 5.62 5.64 5.68 5.71 5.73 5.78 5.87 5.90 5.82 5.69 5.61 5.60 5.64 5.63 5.59 5.72 6.19 6.72 6.89 6.68 6.23 5.83 5.62 5.54 5.50 5.48 5.47 5.38 5.23
5.47 5.41 5.29 5.21 5.23 5.35 5.51 5.61 5.63 5.49 5.29 5.21 5.30 5.42 5.54 5.70 5.85 5.80 5.57 5.40 5.43 5.59 5.82 6.00 5.87 5.41 4.93 4.65 4.60 4.73 4.91 5.07 5.23 5.39 5.58 5.79 5.96 6.03 6.00 5.87 5.70 5.55 5.39 5.22 5.14 5.22 5.33 5.23 4.92 4.71 4.79 5.08 5.35 5.51 5.55 5.53 5.51 5.50 5.50 5.56 5.66 5.74 5.75 5.65 5.51 5.45 5.47 5.52 5.56 5.67 6.00 6.42 6.53 6.29 6.01 5.80 5.64 5.54 5.48 5.40 5.32 5.27 5.16 4.95
5.41 5.35 5.28 5.36 5.56 5.82 6.01 6.00 5.74 5.37 5.09 5.10 5.29 5.47 5.62 5.76 5.83 5.80 5.85 6.09 6.35 6.45 6.45 6.36 6.00 5.49 5.13 5.03 5.09 5.21 5.27 5.28 5.32 5.44 5.60 5.71 5.74 5.76 5.73 5.67 5.59 5.52 5.42 5.32 5.28 5.28 5.27 5.16 4.95 4.86 4.99 5.25 5.43 5.49 5.48 5.44 5.38 5.30 5.30 5.42 5.56 5.62 5.57 5.41 5.21 5.16 5.30 5.46 5.60 5.80 6.04 6.10 5.82 5.60 5.59 5.62 5.59 5.56 5.49 5.37 5.26 5.17 5.00 4.82
