project/data/elevation/US_DEM2016/US_DEM2016_point_10-28-2019_2158_30m_vel.asc
ncols	125
nrows	167
xllcorner	-2042055.000000
yllcorner	1465035.000000
cellsize	30.000000
NODATA_value	-9999.000000
[rows 0 to 37 of 167, columns 0 to 83 of 125]
1.61 1.62 1.70 1.71 1.61 1.54 1.55 1.64 1.73 1.81 1.90 1.94 1.76 1.71 1.83 1.98 2.10 2.05 1.69 1.39 1.41 1.57 1.77 1.86 1.90 1.92 1.84 1.57 1.32 1.26 1.30 1.37 1.40 1.41 1.35 1.30 1.31 1.34 1.35 1.33 1.31 1.32 1.34 1.40 1.43 1.42 1.36 1.33 1.39 1.54 1.72 1.89 2.02 2.14 2.12 2.09 2.07 1.98 1.92 1.86 1.78 1.68 1.59 1.61 1.63 1.66 1.68 1.71 1.69 1.69 1.71 1.73 1.72 1.68 1.67 1.66 1.62 1.56 1.64 1.78 1.72 1.46 1.44 1.70
1.61 1.62 1.70 1.71 1.61 1.54 1.55 1.64 1.73 1.81 1.90 1.94 1.76 1.71 1.83 1.98 2.10 2.05 1.69 1.39 1.41 1.57 1.77 1.86 1.90 1.92 1.84 1.57 1.32 1.26 1.30 1.37 1.40 1.41 1.35 1.30 1.31 1.34 1.35 1.33 1.31 1.32 1.34 1.40 1.43 1.42 1.36 1.33 1.39 1.54 1.72 1.89 2.02 2.14 2.12 2.09 2.07 1.98 1.92 1.86 1.78 1.68 1.59 1.61 1.63 1.66 1.68 1.71 1.69 1.69 1.71 1.73 1.72 1.68 1.67 1.66 1.62 1.56 1.64 1.78 1.72 1.46 1.44 1.70
1.61 1.65 1.74 1.73 1.62 1.59 1.62 1.71 1.81 1.84 1.83 1.75 1.59 1.67 1.87 1.91 1.84 1.72 1.45 1.27 1.43 1.69 1.87 1.85 1.76 1.67 1.46 1.18 1.07 1.14 1.25 1.36 1.42 1.43 1.36 1.28 1.28 1.31 1.30 1.28 1.27 1.28 1.30 1.39 1.46 1.43 1.36 1.34 1.46 1.68 1.89 1.96 1.95 1.95 1.93 1.88 1.81 1.76 1.73 1.71 1.67 1.58 1.56 1.61 1.65 1.66 1.65 1.63 1.65 1.68 1.71 1.71 1.68 1.63 1.61 1.61 1.57 1.57 1.70 1.78 1.57 1.31 1.42 1.80
1.68 1.77 1.85 1.78 1.68 1.67 1.74 1.80 1.85 1.85 1.76 1.52 1.35 1.51 1.87 1.84 1.52 1.25 1.07 1.14 1.51 1.89 1.98 1.78 1.51 1.25 0.90 0.70 0.77 0.99 1.19 1.34 1.44 1.48 1.42 1.33 1.31 1.31 1.25 1.19 1.23 1.27 1.31 1.41 1.52 1.50 1.44 1.46 1.63 1.92 2.10 2.05 1.85 1.67 1.59 1.49 1.40 1.40 1.44 1.47 1.49 1.51 1.52 1.56 1.59 1.61 1.60 1.58 1.60 1.63 1.65 1.62 1.55 1.50 1.49 1.52 1.53 1.59 1.72 1.71 1.41 1.24 1.51 1.95
1.83 1.90 1.93 1.82 1.71 1.71 1.75 1.78 1.79 1.80 1.72 1.47 1.23 1.33 1.77 1.83 1.45 1.07 0.95 1.16 1.63 1.95 1.94 1.63 1.28 0.95 0.68 0.58 0.72 0.96 1.18 1.35 1.48 1.52 1.48 1.42 1.40 1.40 1.30 1.21 1.26 1.32 1.37 1.49 1.57 1.55 1.50 1.57 1.77 2.04 2.16 2.03 1.78 1.54 1.39 1.24 1.19 1.23 1.30 1.37 1.42 1.44 1.45 1.44 1.47 1.52 1.54 1.57 1.59 1.57 1.53 1.46 1.39 1.36 1.41 1.48 1.55 1.60 1.65 1.61 1.45 1.41 1.67 1.99
1.95 1.96 1.93 1.83 1.71 1.68 1.71 1.67 1.68 1.74 1.69 1.47 1.20 1.26 1.71 1.83 1.49 1.06 0.98 1.25 1.70 1.91 1.79 1.41 1.03 0.76 0.61 0.60 0.76 0.99 1.21 1.41 1.53 1.53 1.48 1.45 1.46 1.47 1.39 1.31 1.32 1.36 1.41 1.52 1.60 1.56 1.53 1.65 1.87 2.10 2.16 1.99 1.71 1.43 1.25 1.15 1.17 1.25 1.31 1.34 1.38 1.37 1.32 1.29 1.36 1.46 1.52 1.55 1.56 1.52 1.46 1.38 1.32 1.34 1.42 1.50 1.56 1.60 1.63 1.60 1.55 1.59 1.77 1.93
2.05 2.03 1.92 1.80 1.69 1.62 1.58 1.54 1.56 1.63 1.65 1.49 1.24 1.31 1.71 1.82 1.53 1.12 1.02 1.25 1.67 1.83 1.62 1.20 0.85 0.66 0.62 0.69 0.83 1.05 1.28 1.47 1.54 1.51 1.46 1.47 1.52 1.52 1.46 1.37 1.34 1.38 1.43 1.51 1.58 1.53 1.51 1.66 1.95 2.17 2.19 1.97 1.62 1.36 1.23 1.20 1.26 1.33 1.32 1.29 1.29 1.30 1.25 1.24 1.33 1.46 1.54 1.56 1.54 1.49 1.42 1.37 1.35 1.41 1.49 1.55 1.58 1.63 1.67 1.66 1.63 1.68 1.77 1.79
2.09 2.05 1.91 1.73 1.63 1.52 1.44 1.42 1.50 1.60 1.60 1.47 1.33 1.43 1.74 1.81 1.53 1.13 0.96 1.16 1.59 1.72 1.47 1.06 0.76 0.63 0.67 0.79 0.93 1.11 1.32 1.48 1.54 1.51 1.50 1.54 1.57 1.56 1.51 1.44 1.39 1.40 1.45 1.47 1.46 1.47 1.50 1.68 2.01 2.28 2.25 1.95 1.55 1.31 1.25 1.28 1.30 1.28 1.19 1.12 1.14 1.20 1.24 1.28 1.38 1.51 1.60 1.61 1.53 1.43 1.38 1.39 1.41 1.48 1.56 1.60 1.62 1.70 1.75 1.71 1.67 1.71 1.71 1.62
2.15 2.04 1.84 1.64 1.51 1.42 1.34 1.39 1.54 1.62 1.59 1.51 1.47 1.55 1.71 1.74 1.48 1.08 0.89 1.13 1.57 1.63 1.31 0.96 0.71 0.66 0.75 0.90 1.04 1.18 1.36 1.49 1.58 1.62 1.64 1.64 1.61 1.57 1.54 1.49 1.45 1.45 1.49 1.46 1.39 1.40 1.53 1.79 2.17 2.39 2.27 1.87 1.45 1.24 1.21 1.22 1.19 1.09 0.99 0.97 1.06 1.19 1.27 1.31 1.41 1.58 1.71 1.68 1.51 1.34 1.30 1.38 1.46 1.53 1.60 1.64 1.69 1.79 1.81 1.72 1.67 1.69 1.65 1.73
2.14 2.03 1.75 1.55 1.42 1.37 1.34 1.46 1.62 1.67 1.61 1.58 1.59 1.60 1.60 1.59 1.38 1.02 0.92 1.22 1.58 1.51 1.15 0.85 0.73 0.76 0.87 1.00 1.14 1.28 1.44 1.58 1.71 1.78 1.73 1.62 1.55 1.53 1.51 1.47 1.45 1.49 1.54 1.53 1.44 1.44 1.59 1.94 2.30 2.40 2.18 1.70 1.32 1.11 1.09 1.13 1.10 0.97 0.91 0.98 1.12 1.25 1.31 1.31 1.41 1.64 1.81 1.74 1.47 1.22 1.21 1.38 1.55 1.65 1.69 1.72 1.82 1.90 1.85 1.73 1.65 1.66 1.67 1.60
2.22 2.03 1.70 1.51 1.40 1.38 1.45 1.63 1.74 1.69 1.62 1.61 1.61 1.55 1.47 1.41 1.26 1.03 1.05 1.36 1.56 1.38 1.00 0.79 0.81 0.89 0.97 1.09 1.26 1.43 1.58 1.72 1.84 1.81 1.61 1.41 1.41 1.49 1.50 1.46 1.44 1.49 1.55 1.56 1.50 1.48 1.64 2.07 2.37 2.35 1.98 1.52 1.19 1.01 0.98 1.03 1.03 0.95 0.96 1.07 1.22 1.34 1.39 1.37 1.44 1.69 1.84 1.70 1.42 1.17 1.19 1.45 1.71 1.81 1.83 1.85 1.93 1.94 1.80 1.65 1.61 1.62 1.62 1.56
2.31 2.08 1.74 1.56 1.47 1.49 1.62 1.75 1.77 1.66 1.58 1.58 1.56 1.45 1.35 1.29 1.21 1.13 1.20 1.43 1.50 1.25 0.91 0.81 0.91 1.01 1.09 1.25 1.44 1.60 1.69 1.77 1.79 1.65 1.35 1.23 1.36 1.49 1.48 1.43 1.42 1.46 1.54 1.59 1.55 1.49 1.69 2.16 2.39 2.22 1.76 1.38 1.12 0.94 0.88 0.92 0.97 0.98 1.04 1.16 1.31 1.45 1.52 1.50 1.52 1.71 1.81 1.65 1.40 1.24 1.26 1.57 1.85 1.93 1.91 1.89 1.88 1.79 1.58 1.48 1.50 1.53 1.51 1.44
2.32 2.13 1.81 1.64 1.59 1.62 1.71 1.73 1.65 1.54 1.49 1.49 1.47 1.35 1.29 1.27 1.22 1.20 1.27 1.41 1.40 1.12 0.86 0.88 1.01 1.12 1.25 1.41 1.54 1.61 1.65 1.66 1.60 1.41 1.21 1.24 1.42 1.47 1.38 1.38 1.40 1.44 1.53 1.61 1.60 1.59 1.78 2.21 2.32 2.03 1.58 1.28 1.04 0.90 0.86 0.91 0.96 0.99 1.08 1.24 1.43 1.60 1.66 1.63 1.60 1.67 1.73 1.63 1.47 1.35 1.39 1.70 1.97 1.98 1.86 1.74 1.64 1.50 1.37 1.41 1.51 1.54 1.51 1.41
2.29 2.16 1.90 1.73 1.67 1.69 1.70 1.64 1.49 1.39 1.38 1.38 1.34 1.27 1.26 1.26 1.22 1.18 1.24 1.32 1.25 0.99 0.89 1.00 1.09 1.18 1.31 1.40 1.43 1.44 1.45 1.43 1.39 1.28 1.22 1.34 1.44 1.38 1.32 1.35 1.37 1.41 1.50 1.54 1.59 1.71 1.91 2.17 2.19 1.85 1.44 1.13 0.95 0.92 0.96 1.01 0.99 0.98 1.10 1.32 1.56 1.74 1.77 1.71 1.65 1.64 1.67 1.63 1.54 1.45 1.53 1.84 1.99 1.85 1.62 1.46 1.38 1.32 1.32 1.47 1.62 1.64 1.58 1.45
2.24 2.16 1.88 1.71 1.64 1.68 1.66 1.52 1.38 1.34 1.36 1.34 1.26 1.19 1.21 1.21 1.13 1.08 1.12 1.16 1.07 0.94 0.98 1.09 1.11 1.15 1.24 1.28 1.28 1.29 1.28 1.29 1.34 1.32 1.32 1.39 1.41 1.35 1.33 1.38 1.38 1.38 1.44 1.49 1.59 1.82 2.00 2.09 2.00 1.71 1.31 1.01 0.93 1.03 1.16 1.15 1.00 0.96 1.16 1.41 1.65 1.81 1.84 1.79 1.74 1.70 1.66 1.60 1.55 1.55 1.71 1.91 1.85 1.55 1.34 1.30 1.33 1.30 1.34 1.56 1.76 1.79 1.67 1.52
2.32 2.16 1.78 1.55 1.46 1.53 1.59 1.51 1.41 1.41 1.44 1.38 1.26 1.17 1.20 1.18 1.02 0.94 0.97 0.97 0.95 0.99 1.08 1.12 1.10 1.10 1.17 1.23 1.27 1.28 1.26 1.27 1.37 1.43 1.42 1.45 1.45 1.40 1.38 1.41 1.43 1.43 1.46 1.54 1.68 1.93 2.03 1.98 1.82 1.55 1.23 1.02 1.04 1.25 1.36 1.24 1.00 1.00 1.27 1.55 1.75 1.89 1.91 1.85 1.82 1.77 1.67 1.57 1.54 1.64 1.82 1.82 1.54 1.28 1.26 1.37 1.41 1.35 1.41 1.66 1.88 1.89 1.73 1.65
2.42 2.16 1.70 1.41 1.29 1.42 1.57 1.56 1.48 1.51 1.53 1.45 1.33 1.27 1.27 1.18 0.96 0.83 0.82 0.86 0.96 1.06 1.12 1.13 1.11 1.12 1.19 1.27 1.31 1.35 1.34 1.33 1.40 1.47 1.48 1.51 1.54 1.49 1.44 1.46 1.52 1.57 1.61 1.70 1.85 1.97 1.95 1.81 1.66 1.50 1.25 1.12 1.24 1.43 1.47 1.28 1.02 1.14 1.48 1.74 1.91 2.00 1.97 1.90 1.84 1.77 1.66 1.55 1.53 1.64 1.74 1.62 1.29 1.22 1.36 1.49 1.46 1.39 1.48 1.74 1.94 1.95 1.86 1.82
2.32 2.08 1.58 1.27 1.23 1.42 1.62 1.65 1.64 1.67 1.66 1.59 1.50 1.40 1.30 1.13 0.93 0.78 0.77 0.87 0.99 1.05 1.09 1.14 1.16 1.19 1.27 1.32 1.35 1.39 1.42 1.40 1.43 1.50 1.52 1.57 1.61 1.57 1.50 1.54 1.65 1.72 1.79 1.86 1.90 1.88 1.74 1.60 1.58 1.53 1.34 1.28 1.43 1.58 1.55 1.27 1.12 1.36 1.74 1.97 2.08 2.06 1.96 1.85 1.77 1.68 1.59 1.49 1.47 1.56 1.61 1.50 1.31 1.38 1.58 1.60 1.50 1.45 1.57 1.80 1.97 2.00 1.96 1.88
2.19 1.95 1.41 1.14 1.26 1.60 1.83 1.87 1.85 1.82 1.76 1.69 1.59 1.41 1.21 1.03 0.89 0.78 0.77 0.88 0.95 0.97 1.06 1.18 1.24 1.28 1.33 1.37 1.38 1.40 1.46 1.49 1.52 1.57 1.59 1.63 1.69 1.67 1.63 1.68 1.78 1.85 1.86 1.82 1.71 1.56 1.41 1.41 1.57 1.58 1.49 1.51 1.64 1.72 1.59 1.26 1.25 1.63 1.98 2.11 2.09 1.96 1.81 1.71 1.66 1.59 1.53 1.44 1.38 1.43 1.54 1.53 1.51 1.62 1.73 1.69 1.60 1.60 1.71 1.84 1.98 2.02 1.94 1.77
2.10 1.81 1.27 1.11 1.42 1.84 2.04 2.05 1.98 1.86 1.73 1.60 1.47 1.26 1.08 0.95 0.84 0.76 0.78 0.87 0.90 0.93 1.08 1.25 1.32 1.34 1.39 1.45 1.44 1.43 1.52 1.62 1.67 1.69 1.69 1.72 1.75 1.74 1.74 1.78 1.82 1.82 1.73 1.56 1.37 1.21 1.19 1.33 1.58 1.66 1.64 1.69 1.78 1.74 1.54 1.31 1.46 1.87 2.08 2.07 1.93 1.76 1.62 1.57 1.59 1.56 1.49 1.38 1.30 1.36 1.55 1.64 1.67 1.75 1.76 1.68 1.63 1.66 1.72 1.77 1.86 1.93 1.82 1.60
1.89 1.65 1.29 1.29 1.71 2.10 2.19 2.08 1.92 1.73 1.56 1.42 1.28 1.10 0.96 0.86 0.76 0.71 0.78 0.86 0.89 0.97 1.16 1.32 1.40 1.42 1.48 1.55 1.53 1.53 1.64 1.78 1.83 1.82 1.78 1.73 1.73 1.78 1.80 1.76 1.69 1.60 1.44 1.23 1.11 1.09 1.20 1.42 1.66 1.76 1.82 1.86 1.84 1.69 1.50 1.46 1.69 1.95 2.02 1.89 1.71 1.56 1.45 1.43 1.54 1.56 1.45 1.30 1.22 1.31 1.54 1.70 1.78 1.78 1.71 1.61 1.56 1.60 1.65 1.64 1.76 1.82 1.70 1.51
1.65 1.58 1.50 1.67 2.04 2.26 2.20 1.97 1.73 1.52 1.38 1.28 1.14 0.99 0.86 0.74 0.65 0.66 0.78 0.88 0.94 1.09 1.26 1.40 1.48 1.53 1.58 1.64 1.66 1.69 1.82 1.93 1.91 1.82 1.70 1.58 1.66 1.77 1.73 1.56 1.41 1.31 1.15 1.04 1.07 1.18 1.38 1.63 1.79 1.92 1.95 1.88 1.77 1.63 1.51 1.58 1.77 1.87 1.84 1.67 1.51 1.40 1.29 1.33 1.48 1.51 1.41 1.33 1.26 1.30 1.51 1.70 1.78 1.73 1.61 1.50 1.40 1.45 1.50 1.47 1.64 1.79 1.71 1.55
1.67 1.71 1.81 1.98 2.17 2.23 2.05 1.78 1.53 1.37 1.28 1.18 1.05 0.92 0.78 0.63 0.57 0.66 0.82 0.94 1.08 1.23 1.36 1.46 1.55 1.63 1.70 1.76 1.79 1.84 1.91 1.91 1.79 1.62 1.41 1.35 1.59 1.69 1.55 1.30 1.14 1.09 1.02 1.07 1.21 1.37 1.61 1.82 1.98 2.07 2.00 1.84 1.67 1.55 1.54 1.61 1.70 1.70 1.61 1.48 1.39 1.29 1.24 1.33 1.47 1.49 1.45 1.44 1.41 1.39 1.50 1.69 1.77 1.70 1.54 1.41 1.37 1.46 1.47 1.40 1.54 1.74 1.76 1.64
1.84 1.84 1.89 2.01 2.10 2.05 1.83 1.61 1.41 1.31 1.24 1.12 0.98 0.85 0.70 0.57 0.57 0.72 0.87 1.01 1.17 1.27 1.37 1.48 1.59 1.71 1.79 1.84 1.85 1.84 1.80 1.67 1.47 1.31 1.19 1.28 1.51 1.51 1.30 1.12 1.03 1.04 1.11 1.26 1.40 1.57 1.82 2.01 2.12 2.09 1.90 1.68 1.53 1.46 1.51 1.58 1.59 1.53 1.43 1.35 1.29 1.26 1.29 1.41 1.47 1.48 1.53 1.61 1.61 1.53 1.54 1.62 1.70 1.64 1.46 1.34 1.42 1.57 1.50 1.37 1.52 1.68 1.77 1.72
2.00 1.93 1.87 1.95 1.99 1.88 1.68 1.50 1.35 1.28 1.20 1.07 0.92 0.78 0.65 0.58 0.65 0.79 0.89 1.01 1.15 1.23 1.34 1.47 1.65 1.80 1.87 1.85 1.78 1.67 1.52 1.31 1.14 1.08 1.12 1.26 1.38 1.32 1.17 1.08 1.07 1.16 1.32 1.45 1.58 1.77 1.98 2.14 2.14 1.98 1.75 1.56 1.44 1.39 1.45 1.54 1.53 1.43 1.32 1.25 1.24 1.31 1.46 1.58 1.59 1.58 1.66 1.71 1.63 1.55 1.54 1.58 1.60 1.58 1.45 1.40 1.53 1.62 1.47 1.35 1.47 1.59 1.69 1.76
2.15 1.97 1.82 1.89 1.91 1.81 1.66 1.48 1.36 1.28 1.18 1.05 0.90 0.77 0.68 0.64 0.73 0.83 0.90 1.02 1.16 1.27 1.43 1.59 1.76 1.90 1.90 1.77 1.60 1.42 1.23 1.06 0.97 1.01 1.13 1.23 1.28 1.27 1.20 1.15 1.20 1.34 1.49 1.64 1.79 1.94 2.09 2.15 2.04 1.83 1.63 1.48 1.36 1.31 1.40 1.50 1.47 1.35 1.26 1.22 1.28 1.46 1.64 1.70 1.69 1.71 1.74 1.67 1.55 1.54 1.57 1.52 1.50 1.53 1.51 1.51 1.60 1.62 1.47 1.40 1.45 1.48 1.56 1.74
2.20 2.00 1.79 1.83 1.86 1.81 1.69 1.51 1.38 1.30 1.20 1.06 0.92 0.83 0.75 0.81 0.80 0.87 0.96 1.11 1.29 1.46 1.63 1.76 1.84 1.88 1.80 1.59 1.37 1.19 1.01 0.94 0.96 1.08 1.19 1.24 1.26 1.30 1.31 1.29 1.34 1.48 1.67 1.85 1.98 2.08 2.12 2.05 1.88 1.68 1.51 1.38 1.28 1.25 1.36 1.45 1.38 1.28 1.25 1.29 1.44 1.63 1.77 1.79 1.79 1.76 1.68 1.59 1.56 1.60 1.56 1.45 1.41 1.52 1.58 1.56 1.60 1.62 1.57 1.51 1.48 1.46 1.50 1.65
2.25 2.06 1.81 1.79 1.81 1.83 1.76 1.57 1.40 1.32 1.23 1.08 0.98 0.92 0.86 0.81 0.84 0.91 1.05 1.26 1.47 1.64 1.73 1.76 1.74 1.69 1.59 1.38 1.12 0.95 0.91 0.99 1.10 1.21 1.28 1.31 1.33 1.36 1.42 1.43 1.46 1.61 1.85 2.04 2.14 2.13 2.03 1.88 1.71 1.56 1.45 1.37 1.29 1.26 1.34 1.34 1.22 1.23 1.29 1.44 1.67 1.83 1.88 1.86 1.78 1.73 1.65 1.58 1.62 1.62 1.48 1.35 1.43 1.60 1.63 1.54 1.58 1.69 1.69 1.62 1.54 1.49 1.50 1.59
2.32 2.10 1.82 1.73 1.73 1.85 1.82 1.65 1.46 1.34 1.23 1.09 0.99 0.93 0.86 0.80 0.82 0.94 1.15 1.41 1.58 1.64 1.61 1.53 1.46 1.42 1.36 1.17 0.93 0.86 0.98 1.17 1.28 1.32 1.35 1.39 1.40 1.41 1.49 1.52 1.57 1.77 2.06 2.21 2.22 2.07 1.85 1.66 1.56 1.51 1.50 1.46 1.36 1.29 1.25 1.16 1.14 1.27 1.41 1.66 1.92 1.98 1.91 1.78 1.70 1.65 1.63 1.63 1.59 1.49 1.37 1.35 1.52 1.65 1.60 1.56 1.68 1.80 1.78 1.66 1.55 1.49 1.50 1.53
2.32 2.14 1.86 1.71 1.67 1.78 1.84 1.72 1.53 1.36 1.22 1.08 0.98 0.89 0.78 0.76 0.77 0.96 1.24 1.48 1.54 1.47 1.35 1.26 1.23 1.23 1.18 1.05 0.90 0.95 1.19 1.35 1.38 1.38 1.41 1.46 1.49 1.48 1.52 1.59 1.72 1.95 2.20 2.30 2.17 1.90 1.62 1.46 1.45 1.49 1.57 1.58 1.44 1.30 1.17 1.09 1.19 1.37 1.55 1.91 2.11 2.06 1.86 1.66 1.55 1.56 1.60 1.58 1.50 1.40 1.38 1.46 1.64 1.66 1.57 1.63 1.81 1.88 1.77 1.60 1.47 1.43 1.43 1.48
2.31 2.17 1.88 1.72 1.67 1.72 1.79 1.74 1.58 1.39 1.23 1.10 1.01 0.89 0.75 0.81 0.77 1.02 1.30 1.42 1.36 1.22 1.12 1.07 1.09 1.12 1.09 1.01 1.00 1.17 1.38 1.43 1.41 1.41 1.44 1.51 1.53 1.50 1.53 1.67 1.87 2.08 2.27 2.25 2.03 1.69 1.45 1.33 1.36 1.51 1.61 1.64 1.52 1.30 1.14 1.10 1.24 1.44 1.70 2.12 2.23 2.00 1.67 1.48 1.44 1.52 1.58 1.52 1.46 1.44 1.45 1.51 1.60 1.64 1.64 1.74 1.84 1.78 1.61 1.42 1.31 1.32 1.37 1.43
2.39 2.19 1.89 1.73 1.66 1.69 1.73 1.71 1.59 1.43 1.28 1.14 1.03 0.90 0.75 0.70 0.83 1.08 1.24 1.20 1.10 1.05 0.99 0.96 1.02 1.13 1.14 1.11 1.17 1.33 1.45 1.43 1.38 1.38 1.44 1.52 1.51 1.48 1.55 1.75 1.99 2.20 2.27 2.12 1.86 1.59 1.40 1.30 1.34 1.46 1.61 1.69 1.59 1.29 1.09 1.03 1.20 1.44 1.82 2.23 2.26 1.89 1.51 1.34 1.35 1.52 1.61 1.52 1.45 1.46 1.45 1.45 1.53 1.62 1.68 1.75 1.72 1.57 1.39 1.27 1.25 1.27 1.31 1.37
2.44 2.24 1.94 1.78 1.68 1.65 1.64 1.63 1.56 1.46 1.32 1.16 1.02 0.87 0.74 0.70 0.83 1.03 1.05 0.93 0.91 0.83 0.93 0.97 1.05 1.20 1.30 1.33 1.33 1.37 1.43 1.41 1.35 1.33 1.37 1.45 1.48 1.49 1.61 1.86 2.11 2.28 2.23 1.97 1.69 1.49 1.33 1.28 1.32 1.41 1.55 1.75 1.64 1.26 0.97 0.90 1.09 1.40 1.90 2.31 2.26 1.82 1.44 1.31 1.38 1.55 1.60 1.49 1.45 1.45 1.37 1.34 1.47 1.63 1.65 1.61 1.52 1.40 1.33 1.28 1.25 1.21 1.23 1.36
2.40 2.27 2.07 1.92 1.76 1.59 1.49 1.49 1.48 1.44 1.34 1.19 1.02 0.85 0.72 0.66 0.75 0.88 0.85 0.65 0.79 0.99 1.05 1.07 1.14 1.30 1.43 1.49 1.47 1.41 1.41 1.40 1.33 1.29 1.32 1.40 1.49 1.54 1.68 1.95 2.21 2.30 2.14 1.79 1.49 1.36 1.31 1.28 1.28 1.37 1.51 1.73 1.67 1.24 0.85 0.78 0.98 1.37 1.91 2.32 2.29 1.83 1.49 1.38 1.43 1.56 1.55 1.42 1.43 1.45 1.27 1.20 1.44 1.66 1.61 1.48 1.42 1.40 1.38 1.33 1.19 1.11 1.23 1.44
2.32 2.29 2.17 2.01 1.80 1.56 1.43 1.41 1.39 1.36 1.32 1.22 1.05 0.87 0.71 0.61 0.64 0.74 0.63 0.67 0.96 1.05 1.13 1.17 1.24 1.38 1.52 1.59 1.57 1.49 1.43 1.38 1.32 1.29 1.33 1.42 1.51 1.59 1.75 2.01 2.23 2.25 1.98 1.57 1.38 1.39 1.43 1.40 1.38 1.39 1.48 1.68 1.65 1.25 0.80 0.75 0.97 1.38 1.90 2.32 2.30 1.93 1.60 1.46 1.44 1.43 1.40 1.32 1.38 1.44 1.24 1.14 1.43 1.66 1.48 1.32 1.42 1.49 1.45 1.29 1.08 1.11 1.39 1.60
2.37 2.33 2.19 1.98 1.77 1.54 1.43 1.38 1.32 1.29 1.25 1.21 1.10 0.90 0.70 0.56 0.57 0.69 0.79 0.86 1.03 1.14 1.22 1.28 1.35 1.44 1.55 1.62 1.62 1.53 1.41 1.32 1.30 1.30 1.38 1.48 1.57 1.65 1.82 2.04 2.20 2.14 1.84 1.52 1.43 1.53 1.62 1.65 1.58 1.47 1.43 1.59 1.63 1.30 0.82 0.77 1.00 1.39 1.86 2.27 2.29 2.02 1.65 1.44 1.35 1.27 1.26 1.27 1.37 1.46 1.27 1.15 1.44 1.63 1.37 1.22 1.40 1.55 1.51 1.28 1.11 1.29 1.61 1.75
2.46 2.37 2.10 1.84 1.63 1.45 1.36 1.30 1.23 1.19 1.17 1.18 1.13 0.95 0.70 0.52 0.55 0.72 0.70 1.01 1.13 1.23 1.30 1.35 1.38 1.45 1.55 1.61 1.63 1.56 1.39 1.28 1.28 1.35 1.45 1.53 1.62 1.73 1.88 2.02 2.09 2.00 1.77 1.64 1.70 1.78 1.82 1.78 1.66 1.46 1.36 1.43 1.57 1.32 0.87 0.80 1.02 1.40 1.85 2.26 2.32 2.04 1.64 1.39 1.25 1.15 1.17 1.27 1.40 1.50 1.32 1.14 1.42 1.61 1.36 1.23 1.38 1.54 1.55 1.40 1.30 1.47 1.71 1.77
2.54 2.38 1.96 1.66 1.47 1.33 1.25 1.17 1.08 1.04 1.08 1.13 1.12 0.98 0.70 0.51 0.60 0.81 0.96 1.09 1.21 1.27 1.31 1.33 1.35 1.43 1.51 1.59 1.64 1.60 1.43 1.29 1.31 1.41 1.50 1.60 1.71 1.83 1.96 2.03 2.01 1.87 1.79 1.82 1.90 1.91 1.85 1.70 1.50 1.33 1.25 1.31 1.46 1.31 0.89 0.82 1.05 1.44 1.90 2.30 2.32 2.02 1.61 1.36 1.21 1.14 1.17 1.26 1.38 1.50 1.36 1.13 1.36 1.60 1.42 1.24 1.36 1.53 1.62 1.54 1.43 1.54 1.69 1.65
