project/data/elevation/US_DEM2016/US_DEM2016_point_10-28-2019_2158_30m_vel.asc
ncols	125
nrows	167
xllcorner	-2042055.000000
yllcorner	1465035.000000
cellsize	30.000000
NODATA_value	-9999.000000
[rows 38 to 75 of 167, columns 0 to 83 of 125]
2.64 2.39 1.85 1.52 1.34 1.26 1.19 1.06 0.95 0.94 1.13 1.10 1.08 0.94 0.84 0.57 0.71 0.65 1.00 1.11 1.19 1.21 1.21 1.23 1.29 1.39 1.46 1.55 1.62 1.60 1.48 1.38 1.39 1.45 1.56 1.69 1.81 1.91 2.03 2.10 2.00 1.83 1.78 1.86 1.91 1.85 1.69 1.49 1.33 1.21 1.16 1.22 1.35 1.27 0.91 0.85 1.11 1.51 1.97 2.33 2.33 1.97 1.57 1.33 1.18 1.12 1.13 1.21 1.34 1.47 1.35 1.13 1.30 1.63 1.51 1.25 1.29 1.54 1.71 1.63 1.43 1.46 1.60 1.53
2.72 2.40 1.79 1.45 1.30 1.26 1.19 1.04 0.93 0.96 1.08 1.12 1.02 1.02 0.88 0.69 0.65 0.98 0.85 1.04 1.08 1.12 1.14 1.17 1.27 1.39 1.45 1.52 1.60 1.61 1.54 1.47 1.46 1.52 1.67 1.85 1.94 1.99 2.10 2.14 1.99 1.77 1.75 1.84 1.84 1.71 1.52 1.37 1.30 1.22 1.19 1.21 1.27 1.21 0.94 0.92 1.20 1.60 1.99 2.30 2.30 1.94 1.53 1.32 1.18 1.10 1.08 1.15 1.29 1.42 1.35 1.17 1.32 1.65 1.59 1.28 1.23 1.50 1.77 1.67 1.31 1.27 1.48 1.49
2.73 2.40 1.78 1.43 1.32 1.29 1.22 1.08 1.01 1.09 1.18 1.15 0.97 0.73 0.94 0.50 0.81 1.04 0.98 0.92 1.00 1.11 1.17 1.22 1.33 1.41 1.45 1.49 1.55 1.60 1.62 1.61 1.61 1.73 1.90 2.02 2.06 2.07 2.09 2.04 1.86 1.61 1.62 1.79 1.82 1.70 1.47 1.37 1.32 1.33 1.29 1.23 1.20 1.13 0.95 0.97 1.26 1.59 1.90 2.21 2.26 1.94 1.51 1.34 1.26 1.18 1.16 1.20 1.29 1.36 1.34 1.26 1.40 1.67 1.63 1.30 1.18 1.44 1.78 1.65 1.20 1.10 1.33 1.47
2.65 2.35 1.80 1.47 1.38 1.34 1.25 1.14 1.12 1.20 1.23 1.12 0.86 0.65 0.73 0.95 1.07 1.08 1.00 0.94 1.05 1.20 1.27 1.32 1.37 1.44 1.45 1.46 1.51 1.58 1.69 1.75 1.83 1.95 2.07 2.13 2.12 2.04 2.01 1.90 1.66 1.45 1.43 1.63 1.83 1.75 1.54 1.38 1.33 1.32 1.30 1.19 1.09 1.00 0.92 0.99 1.25 1.47 1.71 2.09 2.23 1.99 1.55 1.39 1.36 1.31 1.28 1.28 1.29 1.33 1.35 1.36 1.48 1.68 1.64 1.29 1.15 1.45 1.77 1.62 1.16 1.03 1.21 1.47
2.54 2.29 1.81 1.54 1.43 1.37 1.28 1.20 1.22 1.26 1.23 1.02 0.69 0.60 0.82 1.04 1.13 1.14 1.09 1.08 1.19 1.33 1.39 1.40 1.42 1.44 1.44 1.46 1.52 1.59 1.76 1.93 2.06 2.11 2.10 2.08 2.02 1.90 1.82 1.72 1.52 1.31 1.21 1.45 1.78 1.83 1.66 1.41 1.32 1.27 1.18 1.04 0.94 0.86 0.87 1.02 1.22 1.34 1.50 1.94 2.18 2.04 1.71 1.54 1.47 1.39 1.34 1.32 1.33 1.35 1.35 1.39 1.50 1.65 1.60 1.31 1.22 1.50 1.75 1.56 1.13 1.04 1.27 1.56
2.48 2.25 1.82 1.58 1.47 1.41 1.34 1.31 1.31 1.28 1.16 0.89 0.58 0.36 0.91 1.08 1.17 1.20 1.19 1.22 1.33 1.44 1.47 1.45 1.45 1.44 1.45 1.49 1.57 1.64 1.88 2.14 2.23 2.11 1.96 1.90 1.85 1.74 1.63 1.57 1.47 1.24 1.05 1.23 1.70 1.92 1.78 1.45 1.29 1.20 1.09 0.96 0.82 0.77 0.86 1.07 1.23 1.30 1.45 1.79 2.08 2.09 1.89 1.71 1.51 1.36 1.37 1.42 1.40 1.31 1.25 1.30 1.46 1.59 1.58 1.42 1.38 1.58 1.71 1.50 1.15 1.16 1.43 1.63
2.44 2.22 1.84 1.62 1.54 1.49 1.44 1.40 1.34 1.23 1.05 0.75 0.52 0.35 0.98 1.14 1.22 1.26 1.28 1.33 1.41 1.47 1.46 1.40 1.39 1.42 1.45 1.51 1.63 1.76 2.06 2.31 2.29 1.98 1.75 1.75 1.73 1.62 1.47 1.39 1.36 1.18 0.95 1.07 1.59 1.98 1.88 1.50 1.25 1.17 1.11 1.00 0.84 0.77 0.90 1.14 1.25 1.31 1.41 1.66 1.99 2.12 1.98 1.72 1.46 1.40 1.45 1.43 1.30 1.14 1.14 1.27 1.43 1.53 1.56 1.54 1.57 1.66 1.67 1.49 1.25 1.29 1.48 1.60
2.39 2.20 1.87 1.70 1.62 1.56 1.48 1.38 1.27 1.11 0.90 0.61 0.50 0.74 1.10 1.24 1.28 1.32 1.36 1.39 1.40 1.40 1.36 1.31 1.33 1.40 1.45 1.55 1.74 1.95 2.24 2.37 2.23 1.85 1.61 1.66 1.66 1.54 1.35 1.24 1.19 1.08 0.90 1.00 1.52 1.99 1.97 1.60 1.31 1.19 1.12 1.03 0.93 0.90 1.03 1.19 1.24 1.25 1.31 1.54 1.91 2.14 2.02 1.73 1.55 1.52 1.45 1.27 1.12 1.10 1.20 1.37 1.47 1.52 1.57 1.65 1.74 1.74 1.78 1.52 1.36 1.33 1.46 1.59
2.39 2.21 1.90 1.74 1.64 1.54 1.41 1.29 1.15 0.97 0.73 0.47 0.52 0.91 1.22 1.30 1.32 1.37 1.39 1.36 1.34 1.32 1.28 1.27 1.34 1.42 1.49 1.65 1.91 2.15 2.31 2.33 2.15 1.82 1.53 1.51 1.55 1.49 1.30 1.10 0.96 0.91 0.90 1.07 1.52 1.97 2.03 1.70 1.37 1.18 1.07 1.06 1.10 1.14 1.19 1.19 1.17 1.16 1.22 1.46 1.83 2.13 2.07 1.81 1.63 1.52 1.30 1.15 1.15 1.26 1.40 1.49 1.54 1.57 1.63 1.73 1.80 1.76 1.70 1.61 1.76 1.39 1.46 1.63
2.46 2.26 1.91 1.72 1.60 1.48 1.34 1.21 1.06 0.87 0.58 0.39 0.38 0.97 1.24 1.27 1.31 1.35 1.35 1.32 1.30 1.28 1.26 1.28 1.35 1.44 1.55 1.79 2.09 2.24 2.20 2.14 2.14 1.88 1.50 1.36 1.40 1.43 1.30 1.03 0.77 0.80 0.97 1.22 1.52 1.93 2.05 1.73 1.29 1.07 1.08 1.22 1.40 1.44 1.31 1.16 1.11 1.13 1.19 1.39 1.75 2.09 2.10 1.87 1.64 1.44 1.28 1.24 1.33 1.46 1.54 1.57 1.60 1.65 1.72 1.80 1.83 1.78 1.75 1.72 1.56 1.46 1.51 1.66
2.51 2.30 1.89 1.67 1.56 1.42 1.29 1.15 1.01 0.78 0.46 0.42 0.74 1.01 1.20 1.22 1.28 1.32 1.33 1.30 1.27 1.25 1.25 1.28 1.35 1.46 1.62 1.91 2.23 2.25 2.04 1.97 2.09 1.92 1.48 1.21 1.23 1.33 1.28 0.99 0.70 0.79 1.07 1.28 1.49 1.89 2.05 1.71 1.24 1.10 1.25 1.56 1.74 1.62 1.36 1.14 1.08 1.12 1.16 1.32 1.66 2.03 2.11 1.90 1.69 1.56 1.53 1.56 1.60 1.65 1.68 1.68 1.69 1.73 1.80 1.88 1.91 1.86 1.80 1.71 1.56 1.47 1.54 1.62
2.49 2.29 1.83 1.59 1.50 1.39 1.25 1.12 0.97 0.69 0.44 0.55 0.95 1.12 1.20 1.22 1.29 1.33 1.34 1.29 1.24 1.24 1.24 1.27 1.34 1.48 1.68 2.05 2.37 2.25 1.92 1.88 2.03 1.89 1.49 1.16 1.11 1.15 1.13 0.90 0.73 0.86 1.11 1.26 1.45 1.84 2.04 1.77 1.36 1.33 1.64 1.91 1.88 1.60 1.28 1.08 1.00 1.08 1.16 1.32 1.59 1.93 2.05 2.00 1.88 1.82 1.81 1.80 1.78 1.78 1.80 1.80 1.80 1.82 1.86 1.89 1.89 1.84 1.73 1.61 1.50 1.46 1.52 1.54
2.51 2.28 1.80 1.53 1.45 1.36 1.24 1.11 0.93 0.64 0.52 0.76 1.14 1.26 1.24 1.27 1.31 1.33 1.33 1.27 1.24 1.25 1.25 1.27 1.34 1.50 1.78 2.23 2.47 2.21 1.78 1.81 1.93 1.83 1.54 1.20 1.00 0.92 0.91 0.85 0.84 0.99 1.18 1.31 1.49 1.79 2.01 1.89 1.63 1.72 1.99 2.03 1.80 1.39 1.09 0.94 0.90 1.05 1.17 1.30 1.53 1.85 2.04 2.09 2.03 1.95 1.88 1.80 1.74 1.73 1.75 1.77 1.77 1.78 1.79 1.77 1.73 1.65 1.54 1.45 1.42 1.46 1.48 1.48
2.56 2.30 1.79 1.51 1.39 1.30 1.23 1.13 0.91 0.62 0.63 0.96 1.25 1.28 1.23 1.23 1.25 1.27 1.28 1.26 1.25 1.26 1.26 1.28 1.37 1.56 1.90 2.36 2.48 2.07 1.67 1.70 1.78 1.76 1.59 1.26 0.86 0.69 0.79 0.92 1.02 1.18 1.33 1.43 1.57 1.82 2.05 2.05 1.98 2.02 2.06 1.90 1.55 1.15 0.91 0.80 0.79 0.95 1.11 1.22 1.45 1.76 2.11 2.21 2.14 1.95 1.78 1.66 1.59 1.58 1.59 1.62 1.61 1.61 1.60 1.58 1.54 1.46 1.33 1.28 1.29 1.35 1.40 1.41
2.59 2.31 1.80 1.51 1.33 1.23 1.22 1.15 0.89 0.63 0.72 1.09 1.29 1.24 1.14 1.11 1.14 1.18 1.22 1.23 1.25 1.27 1.28 1.33 1.44 1.63 1.99 2.40 2.44 1.97 1.63 1.62 1.63 1.64 1.62 1.25 0.74 0.61 0.82 1.06 1.21 1.35 1.45 1.56 1.75 2.02 2.22 2.21 2.07 1.97 1.87 1.61 1.30 0.98 0.77 0.69 0.68 0.83 1.03 1.18 1.40 1.72 2.12 2.34 2.24 1.92 1.70 1.56 1.51 1.51 1.52 1.51 1.49 1.47 1.44 1.41 1.43 1.36 1.24 1.19 1.22 1.26 1.25 1.34
2.58 2.29 1.81 1.52 1.33 1.19 1.20 1.15 0.88 0.65 0.71 1.02 1.25 1.13 1.00 0.97 1.05 1.12 1.15 1.18 1.24 1.28 1.33 1.43 1.54 1.71 2.03 2.38 2.39 2.01 1.68 1.61 1.56 1.57 1.54 1.16 0.67 0.64 0.92 1.15 1.32 1.45 1.55 1.71 2.00 2.28 2.37 2.23 1.95 1.77 1.62 1.38 1.11 0.86 0.68 0.62 0.63 0.80 1.04 1.24 1.45 1.71 2.08 2.37 2.30 1.97 1.70 1.58 1.56 1.56 1.51 1.45 1.41 1.38 1.33 1.31 1.38 1.36 1.22 1.15 1.19 1.24 1.18 1.13
2.52 2.27 1.82 1.55 1.35 1.18 1.14 1.11 0.86 0.62 0.73 0.92 1.13 0.96 0.84 0.88 1.00 1.06 1.09 1.15 1.26 1.35 1.42 1.54 1.63 1.78 2.05 2.33 2.37 2.12 1.78 1.59 1.50 1.46 1.38 1.01 0.64 0.73 0.99 1.17 1.35 1.51 1.65 1.91 2.28 2.44 2.35 2.02 1.64 1.51 1.46 1.29 1.01 0.77 0.60 0.56 0.61 0.84 1.12 1.31 1.47 1.66 1.98 2.30 2.33 2.08 1.82 1.67 1.59 1.50 1.42 1.35 1.35 1.34 1.27 1.26 1.37 1.38 1.25 1.13 1.17 1.26 1.29 1.24
2.47 2.24 1.84 1.58 1.37 1.17 1.07 1.03 0.83 0.60 0.69 0.82 0.98 0.80 0.77 0.76 0.99 1.04 1.08 1.18 1.32 1.43 1.53 1.61 1.71 1.84 2.06 2.31 2.38 2.18 1.79 1.52 1.39 1.30 1.18 0.87 0.69 0.86 1.06 1.20 1.37 1.58 1.80 2.18 2.50 2.49 2.18 1.72 1.42 1.36 1.40 1.27 0.96 0.68 0.50 0.49 0.60 0.90 1.16 1.29 1.38 1.51 1.81 2.19 2.37 2.23 1.93 1.71 1.52 1.38 1.29 1.29 1.34 1.32 1.24 1.23 1.34 1.37 1.27 1.20 1.62 1.37 1.49 1.43
2.42 2.23 1.85 1.57 1.34 1.14 1.02 0.98 0.81 0.63 0.69 0.62 0.64 0.78 0.83 0.95 1.03 1.09 1.16 1.25 1.38 1.51 1.59 1.67 1.78 1.92 2.08 2.29 2.38 2.18 1.75 1.48 1.37 1.23 1.02 0.82 0.83 1.00 1.13 1.26 1.45 1.68 2.01 2.45 2.60 2.39 1.91 1.51 1.26 1.22 1.30 1.22 0.92 0.58 0.39 0.40 0.59 0.91 1.12 1.17 1.21 1.33 1.64 2.11 2.43 2.34 1.96 1.63 1.41 1.31 1.30 1.34 1.35 1.25 1.15 1.25 1.40 1.49 1.27 1.29 1.39 1.60 1.75 1.61
2.42 2.22 1.80 1.50 1.28 1.10 1.02 0.98 0.82 0.68 0.76 0.82 0.86 0.87 0.95 1.05 1.12 1.21 1.28 1.35 1.45 1.57 1.65 1.75 1.88 1.98 2.07 2.26 2.36 2.16 1.79 1.54 1.41 1.23 0.98 0.90 1.00 1.11 1.22 1.36 1.56 1.82 2.24 2.61 2.58 2.14 1.68 1.34 1.14 1.12 1.23 1.17 0.85 0.47 0.31 0.38 0.62 0.86 1.00 1.06 1.15 1.28 1.59 2.11 2.48 2.37 1.91 1.55 1.40 1.37 1.42 1.42 1.29 1.13 1.06 1.15 1.26 1.29 1.34 1.49 1.72 1.91 1.87 1.71
2.47 2.22 1.71 1.40 1.20 1.07 1.03 0.96 0.78 0.65 0.69 0.81 0.91 0.98 1.07 1.16 1.25 1.34 1.41 1.47 1.55 1.63 1.72 1.84 1.95 1.96 2.03 2.26 2.35 2.11 1.76 1.51 1.33 1.10 0.91 0.90 1.04 1.16 1.27 1.43 1.63 1.93 2.39 2.62 2.41 1.89 1.47 1.22 1.07 1.07 1.18 1.10 0.76 0.38 0.30 0.45 0.67 0.85 0.99 1.10 1.21 1.36 1.65 2.13 2.42 2.29 1.84 1.58 1.52 1.53 1.50 1.35 1.14 1.04 1.09 1.22 1.32 1.39 1.53 1.77 1.98 1.98 1.77 1.38
2.53 2.21 1.64 1.32 1.15 1.05 1.01 0.88 0.67 0.55 0.92 0.82 0.96 0.99 1.17 1.26 1.37 1.45 1.50 1.53 1.57 1.67 1.79 1.90 1.93 1.89 2.02 2.30 2.32 2.00 1.62 1.38 1.17 0.94 0.80 0.85 1.03 1.20 1.31 1.46 1.68 2.00 2.42 2.55 2.20 1.66 1.33 1.15 1.05 1.06 1.09 0.99 0.68 0.37 0.38 0.57 0.76 0.93 1.10 1.20 1.32 1.50 1.77 2.13 2.28 2.17 1.83 1.69 1.70 1.65 1.44 1.18 1.03 1.10 1.28 1.41 1.51 1.63 1.82 1.99 2.01 1.84 1.54 1.21
2.53 2.20 1.59 1.26 1.11 1.02 0.96 0.80 0.55 0.46 0.61 0.85 1.00 1.11 1.20 1.28 1.39 1.45 1.46 1.48 1.54 1.69 1.83 1.86 1.80 1.83 2.09 2.37 2.27 1.87 1.52 1.32 1.13 0.92 0.84 0.89 1.08 1.25 1.34 1.47 1.68 1.98 2.38 2.48 2.11 1.55 1.25 1.16 1.12 1.10 1.06 0.94 0.69 0.47 0.53 0.71 0.86 1.04 1.21 1.32 1.45 1.68 1.93 2.13 2.15 2.02 1.89 1.84 1.79 1.62 1.33 1.11 1.10 1.33 1.55 1.68 1.80 1.90 1.97 1.97 1.84 1.59 1.34 1.10
2.53 2.18 1.54 1.21 1.04 0.94 0.90 0.74 0.46 0.37 0.59 0.86 0.99 1.07 1.14 1.21 1.30 1.34 1.32 1.34 1.50 1.71 1.79 1.70 1.58 1.77 2.23 2.48 2.26 1.80 1.48 1.31 1.17 1.04 0.95 0.97 1.11 1.27 1.33 1.40 1.56 1.87 2.31 2.46 2.13 1.55 1.27 1.26 1.26 1.19 1.11 1.00 0.79 0.63 0.68 0.81 0.95 1.14 1.30 1.46 1.67 1.91 2.04 2.07 2.01 1.93 1.93 1.96 1.82 1.57 1.35 1.25 1.38 1.61 1.75 1.84 1.89 1.90 1.86 1.75 1.59 1.40 1.22 1.03
2.52 2.15 1.51 1.17 0.97 0.87 0.82 0.67 0.42 0.38 0.62 0.86 0.96 1.00 1.04 1.09 1.16 1.21 1.28 1.37 1.54 1.71 1.71 1.55 1.49 1.81 2.40 2.59 2.28 1.73 1.43 1.29 1.17 1.06 0.96 0.93 1.03 1.19 1.23 1.27 1.40 1.77 2.24 2.45 2.18 1.68 1.41 1.39 1.39 1.30 1.19 1.06 0.85 0.71 0.74 0.87 1.00 1.21 1.45 1.70 1.90 2.00 1.99 1.86 1.74 1.82 2.04 2.06 1.83 1.52 1.43 1.49 1.61 1.72 1.80 1.82 1.79 1.70 1.59 1.50 1.39 1.25 1.12 1.22
2.46 2.11 1.50 1.14 0.94 0.82 0.71 0.54 0.41 0.50 0.72 0.89 0.98 1.02 1.00 1.00 0.88 1.13 1.32 1.50 1.63 1.70 1.63 1.49 1.54 1.96 2.54 2.65 2.26 1.65 1.37 1.26 1.14 0.98 0.82 0.77 0.86 1.04 1.12 1.19 1.35 1.75 2.26 2.46 2.20 1.75 1.52 1.46 1.41 1.31 1.14 0.95 0.77 0.70 0.77 0.93 1.08 1.32 1.65 1.89 1.95 1.89 1.77 1.56 1.53 1.80 2.16 2.18 1.82 1.51 1.49 1.56 1.60 1.64 1.69 1.69 1.61 1.46 1.37 1.32 1.25 1.14 1.02 0.87
2.35 2.06 1.49 1.12 0.91 0.77 0.59 0.40 0.44 0.64 0.82 0.95 1.06 1.09 1.06 1.03 0.89 1.14 1.36 1.57 1.69 1.73 1.65 1.56 1.69 2.14 2.61 2.65 2.20 1.59 1.32 1.23 1.12 0.90 0.67 0.64 0.78 0.99 1.10 1.23 1.45 1.90 2.36 2.49 2.18 1.74 1.52 1.46 1.37 1.21 1.01 0.85 0.71 0.69 0.81 1.00 1.18 1.49 1.81 1.93 1.79 1.62 1.49 1.35 1.49 1.90 2.28 2.23 1.82 1.54 1.52 1.54 1.52 1.55 1.59 1.59 1.47 1.30 1.22 1.23 1.18 1.07 0.96 0.83
2.28 2.01 1.47 1.10 0.88 0.68 0.45 0.36 0.51 0.74 0.89 1.04 1.15 1.17 1.16 1.15 1.15 1.21 1.36 1.55 1.68 1.77 1.78 1.75 1.89 2.29 2.63 2.59 2.15 1.57 1.30 1.19 1.07 0.86 0.68 0.70 0.88 1.10 1.24 1.38 1.65 2.06 2.44 2.49 2.14 1.71 1.53 1.47 1.31 1.11 0.96 0.84 0.73 0.73 0.85 1.07 1.30 1.62 1.88 1.82 1.55 1.43 1.33 1.29 1.53 2.00 2.38 2.27 1.82 1.58 1.54 1.50 1.48 1.51 1.53 1.52 1.39 1.18 1.10 1.17 1.18 1.05 0.95 0.87
2.24 1.97 1.43 1.05 0.80 0.56 0.37 0.41 0.62 0.82 0.98 1.12 1.19 1.20 1.22 1.25 1.26 1.28 1.35 1.51 1.66 1.83 1.94 1.97 2.09 2.41 2.64 2.50 2.08 1.58 1.33 1.21 1.10 0.95 0.85 0.89 1.06 1.25 1.36 1.50 1.76 2.13 2.43 2.43 2.10 1.71 1.55 1.44 1.25 1.05 0.93 0.82 0.74 0.78 0.90 1.16 1.44 1.72 1.82 1.62 1.35 1.31 1.26 1.29 1.57 2.09 2.42 2.25 1.79 1.60 1.53 1.47 1.46 1.45 1.42 1.42 1.33 1.11 1.00 1.09 1.16 1.07 1.00 0.99
2.20 1.93 1.38 0.99 0.71 0.45 0.34 0.49 0.33 0.91 1.03 1.12 1.17 1.23 1.29 1.36 1.38 1.36 1.38 1.49 1.66 1.88 2.02 2.11 2.28 2.52 2.58 2.38 1.95 1.56 1.34 1.25 1.19 1.10 0.99 0.99 1.11 1.25 1.35 1.49 1.74 2.11 2.39 2.38 2.10 1.73 1.54 1.39 1.17 1.01 0.92 0.78 0.70 0.82 0.98 1.29 1.56 1.68 1.59 1.37 1.24 1.21 1.20 1.34 1.69 2.21 2.40 2.15 1.73 1.58 1.51 1.44 1.45 1.42 1.31 1.28 1.26 1.12 1.15 1.10 1.16 1.59 1.04 1.10
2.17 1.88 1.32 0.91 0.60 0.36 0.34 0.56 0.79 0.94 1.03 1.07 1.15 1.26 1.37 1.46 1.51 1.49 1.47 1.52 1.67 1.91 2.06 2.23 2.42 2.50 2.44 2.17 1.78 1.49 1.31 1.23 1.20 1.09 0.97 0.94 1.03 1.14 1.26 1.45 1.73 2.06 2.32 2.36 2.13 1.78 1.52 1.31 1.11 0.99 0.93 0.80 0.70 0.79 1.05 1.36 1.53 1.47 1.25 1.21 1.20 1.13 1.20 1.46 1.82 2.22 2.37 2.11 1.71 1.56 1.51 1.42 1.41 1.41 1.26 1.17 1.19 1.21 1.12 1.14 1.16 1.08 1.08 1.25
2.12 1.82 1.23 0.83 0.52 0.30 0.37 0.61 0.79 0.91 0.96 1.02 1.14 1.29 1.42 1.49 1.55 1.60 1.56 1.55 1.69 1.93 2.12 2.36 2.49 2.39 2.18 1.94 1.64 1.42 1.28 1.21 1.13 0.98 0.88 0.88 0.96 1.09 1.27 1.51 1.75 1.99 2.20 2.32 2.19 1.81 1.46 1.22 1.04 0.97 0.98 0.93 0.83 0.95 1.04 1.28 1.34 1.18 1.05 1.16 1.17 1.08 1.24 1.52 1.78 2.11 2.32 2.16 1.76 1.53 1.49 1.42 1.37 1.35 1.25 1.15 1.15 1.25 1.18 1.23 1.26 1.20 1.21 1.42
2.07 1.75 1.15 0.78 0.45 0.29 0.42 0.66 0.82 0.90 0.94 1.02 1.15 1.30 1.43 1.51 1.59 1.68 1.67 1.62 1.72 1.96 2.21 2.46 2.49 2.24 1.97 1.74 1.52 1.36 1.27 1.21 1.10 0.93 0.83 0.87 0.97 1.13 1.33 1.55 1.72 1.88 2.08 2.30 2.24 1.82 1.37 1.12 1.03 1.04 1.11 1.13 1.02 0.92 0.99 1.12 1.10 1.02 1.03 1.16 1.14 1.09 1.24 1.47 1.68 1.97 2.25 2.19 1.84 1.58 1.51 1.42 1.29 1.22 1.16 1.13 1.14 1.20 1.28 1.36 1.40 1.38 1.38 1.59
1.99 1.67 1.10 0.72 0.40 0.32 0.49 0.72 0.86 0.96 1.00 1.09 1.23 1.33 1.42 1.52 1.61 1.74 1.82 1.77 1.80 2.02 2.32 2.51 2.42 2.10 1.82 1.63 1.46 1.35 1.30 1.26 1.15 0.98 0.86 0.88 0.98 1.15 1.34 1.53 1.63 1.74 2.00 2.30 2.28 1.80 1.32 1.16 1.18 1.25 1.31 1.28 1.10 0.93 0.92 1.00 1.03 1.05 1.14 1.19 1.17 1.18 1.30 1.48 1.69 1.93 2.13 2.12 1.90 1.68 1.53 1.38 1.19 1.06 1.07 1.12 1.17 1.29 1.41 1.51 1.59 1.59 1.62 1.84
1.92 1.60 1.04 0.64 0.37 0.38 0.57 0.77 0.92 1.04 1.13 1.22 1.33 1.39 1.45 1.55 1.65 1.81 1.92 1.92 1.95 2.13 2.38 2.46 2.26 1.94 1.72 1.60 1.46 1.39 1.37 1.32 1.20 1.07 0.96 0.92 0.99 1.15 1.33 1.43 1.49 1.61 1.93 2.31 2.31 1.86 1.46 1.39 1.43 1.41 1.35 1.22 1.02 0.89 0.91 1.03 1.10 1.16 1.24 1.27 1.28 1.35 1.48 1.66 1.82 1.91 1.98 2.03 1.93 1.70 1.46 1.26 1.09 1.02 1.09 1.18 1.26 1.42 1.60 1.78 1.90 1.90 1.93 2.12
1.84 1.53 0.98 0.56 0.37 0.45 0.65 0.83 1.00 1.14 1.27 1.38 1.46 1.49 1.53 1.64 1.76 1.93 2.05 2.05 2.06 2.19 2.36 2.32 2.06 1.80 1.67 1.59 1.49 1.44 1.39 1.32 1.20 1.11 1.01 0.94 1.00 1.15 1.25 1.29 1.37 1.56 1.90 2.29 2.34 1.99 1.63 1.52 1.46 1.34 1.20 1.06 0.90 0.83 0.88 1.03 1.12 1.19 1.29 1.35 1.41 1.54 1.67 1.78 1.83 1.74 1.70 1.91 1.94 1.69 1.39 1.21 1.13 1.13 1.22 1.30 1.41 1.65 1.95 2.16 2.20 2.14 2.09 2.12
1.76 1.46 0.91 0.51 0.41 0.53 0.73 0.93 1.12 1.30 1.44 1.52 1.56 1.58 1.64 1.78 1.94 2.12 2.19 2.14 2.07 2.12 2.22 2.14 1.92 1.72 1.64 1.59 1.51 1.44 1.38 1.28 1.15 1.05 0.93 0.88 0.96 1.09 1.16 1.25 1.38 1.56 1.88 2.28 2.36 2.05 1.66 1.48 1.34 1.20 1.07 0.95 0.82 0.75 0.80 0.96 1.09 1.18 1.30 1.39 1.49 1.65 1.72 1.70 1.59 1.39 1.41 1.80 1.94 1.71 1.42 1.28 1.29 1.33 1.41 1.48 1.61 1.94 2.29 2.39 2.27 2.11 1.98 1.89
1.68 1.38 0.83 0.51 0.47 0.63 0.85 1.10 1.32 1.45 1.52 1.53 1.57 1.63 1.75 1.94 2.13 2.26 2.25 2.13 2.01 2.00 2.04 1.99 1.86 1.71 1.59 1.53 1.50 1.46 1.38 1.26 1.10 0.98 0.88 0.86 0.93 1.02 1.12 1.24 1.35 1.51 1.84 2.28 2.39 2.07 1.65 1.42 1.30 1.17 1.07 0.97 0.82 0.71 0.75 0.94 1.10 1.19 1.29 1.41 1.54 1.63 1.58 1.42 1.27 1.19 1.31 1.69 1.89 1.76 1.52 1.41 1.47 1.56 1.64 1.70 1.88 2.24 2.44 2.33 2.05 1.78 1.63 1.58
