project/data/elevation/US_DEM2016/US_DEM2016_point_11-01-2019_1321_30m_vel.asc
ncols	125
nrows	167
xllcorner	-2042055.000000
yllcorner	1465035.000000
cellsize	30.000000
NODATA_value	-9999.000000
[rows 76 to 113 of 167, columns 0 to 83 of 125]
5.64 5.49 5.36 5.39 5.52 5.73 6.13 6.63 6.90 6.82 6.58 6.44 6.61 7.07 7.47 7.87 8.22 8.15 7.85 7.48 7.19 6.89 6.61 6.34 6.10 5.93 5.78 5.84 6.05 6.14 6.06 5.84 5.41 5.08 5.05 5.16 5.22 5.11 4.90 4.69 4.61 4.78 5.09 5.21 5.18 5.05 4.93 4.75 4.60 4.60 4.62 4.62 4.59 4.67 4.87 5.09 5.26 5.27 5.31 5.43 5.55 5.36 4.71 3.98 3.55 3.46 3.67 3.95 4.30 4.61 4.83 5.11 5.67 6.38 7.08 7.83 8.56 9.05 8.98 8.33 7.07 5.42 4.59 4.41
5.67 5.52 5.42 5.48 5.69 6.12 6.46 6.53 6.19 5.61 5.23 5.36 5.89 6.64 7.28 7.76 7.64 7.86 7.38 6.87 6.53 6.32 6.18 6.10 6.00 5.88 5.69 5.68 5.82 6.05 6.19 6.18 5.96 5.83 5.77 5.68 5.45 5.09 4.79 4.69 4.80 5.01 5.12 5.02 4.92 4.85 4.80 4.68 4.54 4.47 4.43 4.38 4.34 4.51 4.83 5.13 5.34 5.44 5.51 5.54 5.34 4.76 4.15 3.95 4.09 4.36 4.57 4.81 5.25 5.90 6.34 6.88 7.69 8.47 9.03 9.47 9.69 9.44 8.56 7.94 6.97 5.70 4.82 4.37
5.63 5.34 5.16 5.28 5.46 5.75 5.79 5.52 5.14 4.94 5.02 5.42 6.07 6.82 7.38 7.73 7.74 7.39 6.89 6.45 6.14 5.94 5.83 5.79 5.74 5.63 5.48 5.50 5.61 5.82 6.12 6.33 6.38 6.30 6.16 5.92 5.54 5.13 4.93 4.89 4.89 4.79 4.64 4.49 4.38 4.23 3.98 3.73 3.65 3.64 3.70 3.85 4.18 4.62 5.00 5.30 5.56 5.67 5.63 5.40 4.96 4.41 4.22 4.50 5.02 5.38 5.71 6.24 6.99 7.43 7.78 8.31 9.23 9.23 9.01 9.57 9.12 8.55 7.93 7.61 7.36 6.80 6.10 5.49
5.50 5.09 4.82 4.95 5.03 5.12 5.14 5.13 5.26 5.51 5.84 6.30 6.91 7.47 7.79 7.81 7.52 7.02 6.56 6.18 5.86 5.61 5.47 5.42 5.36 5.22 5.08 5.07 5.06 5.20 5.41 5.81 6.06 6.08 5.94 5.71 5.38 5.04 4.80 4.58 4.33 4.09 3.95 3.97 3.93 3.77 3.51 3.36 3.47 3.74 4.07 4.48 4.97 5.30 5.42 5.44 5.42 5.24 4.88 4.43 4.09 4.05 4.36 5.00 5.70 6.34 7.08 7.77 8.07 8.19 8.28 8.54 8.35 8.94 8.64 8.24 7.31 7.06 6.80 6.94 7.21 7.26 6.99 6.53
5.33 4.98 4.81 5.01 5.11 5.17 5.31 5.56 5.95 6.28 6.67 7.17 7.74 7.99 7.94 7.55 6.99 6.46 6.04 5.72 5.46 5.28 5.15 5.05 4.96 4.85 4.65 4.41 4.14 4.17 4.27 4.63 5.10 5.42 5.48 5.38 5.19 5.03 4.82 4.55 4.34 4.24 4.26 4.36 4.31 4.19 4.10 4.16 4.38 4.78 5.21 5.55 5.74 5.77 5.56 5.36 5.06 4.67 4.28 4.00 3.96 4.24 4.79 5.57 6.38 7.24 7.95 8.13 7.94 7.72 7.68 7.73 7.66 7.23 6.91 6.75 6.55 6.30 6.08 6.03 6.33 6.84 7.06 6.90
5.21 5.06 5.08 5.37 5.56 5.65 5.78 6.04 6.42 6.80 7.25 7.69 7.97 7.91 7.47 6.85 6.25 5.68 5.30 5.02 4.87 4.84 4.86 4.78 4.73 4.60 4.32 3.78 3.34 3.19 3.16 3.36 3.87 4.51 4.90 5.13 5.20 5.33 5.33 5.30 5.32 5.39 5.49 5.46 5.31 5.17 5.13 5.31 5.56 5.68 5.70 5.66 5.61 5.50 5.43 5.36 5.27 5.29 5.26 5.19 5.20 5.39 5.78 6.42 7.10 7.67 7.72 7.19 6.79 6.78 6.87 6.87 6.68 6.25 6.10 6.10 6.15 6.15 5.95 5.66 5.61 5.93 6.46 6.69
5.33 5.31 5.34 5.45 5.61 5.80 6.04 6.35 6.73 7.14 7.52 7.74 7.66 7.24 6.62 6.10 5.64 5.17 4.76 4.51 4.43 4.40 4.35 4.43 4.51 4.46 4.22 3.74 3.07 2.77 2.73 2.97 3.36 3.79 4.35 4.87 5.18 5.46 5.65 5.88 6.11 6.29 6.33 6.18 5.99 5.87 5.86 5.95 6.01 5.82 5.55 5.47 5.57 5.63 5.57 5.56 5.67 5.92 6.06 6.15 6.24 6.39 6.68 7.05 7.45 7.47 6.91 6.31 6.17 6.36 6.51 6.46 6.10 5.88 5.80 5.84 5.95 6.07 5.89 5.75 5.48 5.40 5.63 6.10
5.55 5.58 5.50 5.38 5.47 5.78 6.15 6.55 6.95 7.27 7.45 7.41 7.09 6.55 6.01 5.61 5.26 4.90 4.54 4.29 4.14 3.99 3.84 3.93 4.18 4.35 4.33 4.19 3.79 3.51 3.56 3.78 3.86 3.95 4.21 4.65 4.97 5.26 5.60 6.00 6.27 6.33 6.24 6.05 5.95 5.96 6.00 6.01 5.98 5.89 5.89 6.01 6.07 6.00 5.76 5.70 5.74 5.85 6.06 6.30 6.56 6.77 7.00 7.16 7.23 6.93 6.40 6.25 6.35 6.40 6.35 6.12 5.69 5.28 5.08 5.19 5.39 5.54 5.60 5.58 5.40 5.14 4.98 5.37
5.60 5.62 5.59 5.53 5.64 5.94 6.31 6.70 7.01 7.15 7.13 6.91 6.50 6.01 5.59 5.24 4.92 4.60 4.30 4.04 3.80 3.57 3.49 3.65 4.05 4.45 4.73 5.02 5.27 5.35 5.32 5.15 4.92 4.74 4.66 4.74 5.03 5.45 5.87 6.10 6.02 5.80 5.68 5.72 5.78 5.90 6.04 6.18 6.40 6.59 6.59 6.49 6.28 6.04 5.80 5.75 5.78 5.92 6.21 6.46 6.70 6.84 6.91 6.87 6.73 6.44 6.21 6.33 6.39 6.28 6.06 5.47 5.06 4.46 4.04 4.04 4.28 4.51 4.74 4.93 4.99 4.86 4.60 4.72
5.55 5.57 5.64 5.77 5.99 6.26 6.53 6.75 6.89 6.88 6.73 6.42 6.01 5.60 5.23 4.87 4.49 4.11 3.79 3.59 3.48 3.52 3.72 4.08 4.56 4.97 5.37 5.81 6.27 6.55 6.53 6.22 5.81 5.50 5.33 5.26 5.60 6.10 6.18 5.94 5.54 5.37 5.52 5.74 5.85 6.04 6.39 6.72 6.99 7.15 7.03 6.68 6.33 6.10 5.86 5.82 5.94 6.17 6.37 6.44 6.48 6.48 6.46 6.44 6.30 6.12 5.97 6.02 5.97 5.85 5.70 5.01 4.90 4.30 3.70 3.50 3.39 3.34 3.46 3.73 4.09 4.29 4.28 4.29
5.58 5.62 5.76 6.00 6.28 6.45 6.49 6.50 6.57 6.56 6.41 6.10 5.70 5.28 4.87 4.43 3.94 3.49 3.27 3.29 3.48 3.86 4.32 4.76 5.20 5.57 5.88 6.14 6.39 6.61 6.67 6.58 6.32 5.99 5.80 5.76 5.98 6.11 5.79 5.36 5.14 5.21 5.35 5.49 5.63 5.98 6.40 6.78 6.91 7.00 7.00 6.84 6.61 6.35 6.04 5.92 5.96 5.97 5.94 5.93 5.85 5.81 5.91 6.06 6.06 5.91 5.67 5.54 5.46 5.45 5.44 5.46 5.40 5.17 4.55 3.92 3.40 3.02 2.81 2.85 3.08 3.37 3.53 3.63
5.64 5.70 5.83 6.00 6.12 6.09 6.04 6.10 6.27 6.40 6.25 5.89 5.44 4.95 4.39 3.85 3.48 3.36 3.49 3.68 3.91 4.22 4.62 5.06 5.49 5.81 5.96 5.98 5.95 5.96 6.14 6.39 6.50 6.42 6.25 6.05 5.80 5.42 5.07 4.95 4.92 4.89 4.80 4.84 5.16 5.62 6.01 6.07 5.97 6.02 6.10 6.24 6.31 6.30 6.17 5.99 5.82 5.61 5.51 5.49 5.48 5.58 5.79 5.96 5.99 5.82 5.57 5.39 5.29 5.33 5.48 5.72 5.94 6.08 6.02 5.45 4.78 4.17 3.80 3.53 3.27 3.12 3.12 3.33
5.64 5.67 5.71 5.73 5.66 5.62 5.77 6.12 6.39 6.40 6.09 5.60 5.07 4.49 3.92 3.66 3.79 4.19 4.42 4.52 4.54 4.64 4.89 5.23 5.52 5.66 5.64 5.58 5.57 5.56 5.69 5.99 6.33 6.49 6.48 6.19 5.59 5.05 4.79 4.81 4.75 4.64 4.60 4.74 5.01 5.27 5.37 5.06 4.65 4.45 4.52 4.69 4.95 5.28 5.48 5.61 5.61 5.55 5.54 5.61 5.72 5.84 5.90 5.89 5.86 5.75 5.57 5.44 5.36 5.45 5.69 5.88 6.11 6.41 6.71 6.77 6.52 6.16 5.80 5.37 4.79 4.34 4.34 4.35
5.62 5.62 5.62 5.61 5.60 5.76 6.12 6.45 6.52 6.24 5.67 5.02 4.43 3.91 3.67 3.84 4.29 4.70 4.92 5.04 5.07 5.14 5.28 5.37 5.30 5.13 5.04 5.15 5.40 5.60 5.67 5.74 5.86 6.07 6.19 6.12 5.63 5.18 4.90 4.87 4.86 4.92 4.98 5.02 5.04 5.05 4.93 4.42 3.78 3.52 3.48 3.53 3.74 4.19 4.73 5.18 5.46 5.61 5.73 5.88 5.98 5.91 5.75 5.63 5.63 5.60 5.47 5.41 5.43 5.53 5.68 5.79 5.88 6.06 6.36 6.74 6.97 7.05 7.00 6.81 6.51 6.24 6.04 5.80
5.65 5.63 5.66 5.75 5.90 6.19 6.47 6.52 6.24 5.63 4.88 4.09 3.46 3.15 3.17 3.45 3.77 4.10 4.52 4.89 5.19 5.38 5.40 5.16 4.77 4.50 4.54 4.82 5.07 5.21 5.27 5.26 5.28 5.48 5.78 5.95 5.73 5.42 5.19 5.20 5.26 5.33 5.34 5.34 5.28 5.18 5.05 4.71 4.26 3.97 3.90 4.07 4.48 4.96 5.34 5.52 5.60 5.66 5.75 5.81 5.78 5.58 5.40 5.36 5.43 5.40 5.22 5.21 5.30 5.37 5.40 5.48 5.41 5.22 5.25 5.56 6.05 6.42 6.71 6.93 7.02 7.01 6.93 6.71
5.68 5.67 5.72 5.88 6.14 6.39 6.44 6.15 5.53 4.69 3.90 3.24 2.84 2.66 2.63 2.72 2.93 3.25 3.67 4.17 4.64 4.96 4.95 4.71 4.47 4.39 4.47 4.59 4.52 4.37 4.36 4.43 4.59 4.92 5.35 5.68 5.67 5.46 5.32 5.42 5.49 5.54 5.62 5.80 5.82 5.76 5.70 5.61 5.55 5.48 5.38 5.62 6.01 6.25 6.24 5.95 5.72 5.61 5.54 5.42 5.28 5.14 5.05 5.10 5.19 5.12 4.94 4.95 5.02 5.03 5.04 5.07 4.90 4.56 4.36 4.48 4.82 5.14 5.47 5.88 6.25 6.47 6.53 6.57
5.70 5.71 5.78 5.99 6.26 6.34 6.07 5.45 4.65 3.88 3.29 2.95 2.83 2.81 2.81 2.81 2.89 3.06 3.30 3.64 4.00 4.24 4.35 4.47 4.61 4.72 4.78 4.71 4.55 4.43 4.39 4.44 4.60 4.81 5.03 5.27 5.40 5.36 5.35 5.51 5.62 5.75 5.97 6.32 6.41 6.39 6.33 6.30 6.39 6.56 6.68 6.72 6.64 6.35 5.96 5.72 5.61 5.47 5.26 4.98 4.72 4.61 4.63 4.77 4.94 5.00 4.95 4.91 4.86 4.81 4.79 4.81 4.67 4.34 4.02 3.91 4.07 4.23 4.30 4.49 4.83 5.16 5.26 5.30
5.73 5.76 5.86 6.05 6.15 5.92 5.33 4.56 3.87 3.39 3.11 3.03 3.10 3.29 3.48 3.62 3.66 3.70 3.84 4.11 4.36 4.51 4.62 4.76 4.88 5.06 5.34 5.58 5.71 5.73 5.68 5.64 5.64 5.56 5.20 5.04 5.19 5.37 5.58 5.80 5.95 6.17 6.45 6.72 6.71 6.62 6.54 6.52 6.64 6.86 6.97 6.89 6.55 6.01 5.60 5.57 5.56 5.39 5.06 4.68 4.39 4.30 4.46 4.74 5.05 5.25 5.27 5.15 4.93 4.80 4.73 4.74 4.64 4.27 3.76 3.33 3.25 3.27 3.22 3.31 3.61 3.95 4.01 3.97
5.75 5.78 5.83 5.82 5.54 4.96 4.22 3.61 3.23 3.04 3.08 3.25 3.50 3.81 4.19 4.58 4.87 5.05 5.28 5.55 5.75 5.79 5.66 5.40 5.20 5.32 5.81 6.22 6.41 6.39 6.30 6.19 6.03 5.76 5.27 5.05 5.22 5.57 5.95 6.21 6.38 6.55 6.69 6.72 6.56 6.43 6.42 6.52 6.68 6.82 6.75 6.64 6.56 6.47 6.26 5.97 5.68 5.41 5.16 4.94 4.80 4.77 4.91 5.14 5.37 5.47 5.38 5.20 5.00 4.96 4.97 4.91 4.65 4.07 3.33 2.72 2.50 2.40 2.36 2.47 2.67 2.88 3.07 3.20
5.75 5.76 5.66 5.36 4.76 4.04 3.45 3.08 2.95 3.04 3.34 3.75 4.16 4.59 5.06 5.58 6.00 6.40 6.74 6.89 6.80 6.52 6.08 5.67 5.43 5.54 5.89 5.98 5.73 5.52 5.34 5.23 5.16 5.05 4.99 5.14 5.45 5.83 6.22 6.43 6.52 6.52 6.41 6.22 6.11 6.05 6.16 6.35 6.53 6.65 6.57 6.48 6.50 6.57 6.50 6.15 5.75 5.47 5.30 5.24 5.26 5.36 5.45 5.55 5.60 5.53 5.30 5.14 5.14 5.37 5.45 5.24 4.77 4.00 3.15 2.62 2.41 2.22 2.14 2.23 2.35 2.42 2.55 2.80
5.77 5.73 5.50 5.08 4.59 4.14 3.78 3.55 3.50 3.69 4.02 4.45 4.95 5.46 5.97 6.43 6.85 7.17 7.26 7.05 6.57 6.01 5.60 5.49 5.60 5.82 5.92 5.61 5.07 4.75 4.63 4.67 4.83 4.86 4.98 5.30 5.67 5.98 6.23 6.35 6.33 6.17 5.90 5.65 5.57 5.62 5.74 5.91 5.99 5.90 5.87 5.90 5.95 5.95 5.85 5.73 5.55 5.35 5.19 5.12 5.21 5.46 5.67 5.81 5.82 5.69 5.49 5.39 5.47 5.67 5.69 5.39 4.95 4.41 3.72 3.26 2.93 2.60 2.53 2.64 2.69 2.66 2.71 3.06
5.73 5.64 5.36 5.10 4.92 4.72 4.56 4.51 4.62 4.75 4.92 5.24 5.71 6.25 6.76 7.11 7.25 7.14 6.72 6.05 5.38 4.93 4.91 5.21 5.62 6.06 6.22 6.07 5.81 5.69 5.66 5.69 5.64 5.46 5.37 5.51 5.72 5.93 6.06 6.08 5.90 5.61 5.35 5.21 5.16 5.21 5.35 5.44 5.18 4.74 4.56 4.66 4.85 4.92 4.96 5.08 5.18 5.14 5.07 5.09 5.24 5.52 5.72 5.79 5.74 5.64 5.55 5.53 5.52 5.54 5.48 5.23 5.13 5.02 4.70 4.22 3.78 3.34 3.44 3.65 3.65 3.55 3.68 4.27
5.61 5.47 5.26 5.19 5.19 5.21 5.27 5.44 5.67 5.85 5.97 6.16 6.54 6.99 7.26 7.26 6.97 6.41 5.69 5.03 4.60 4.48 4.69 5.10 5.60 6.26 6.61 6.76 6.80 6.78 6.71 6.55 6.29 5.99 5.74 5.67 5.71 5.80 5.84 5.68 5.33 5.01 4.91 4.97 5.05 5.18 5.35 5.34 4.82 4.19 3.89 3.84 3.77 3.90 4.28 4.70 5.01 5.13 5.13 5.19 5.38 5.60 5.62 5.52 5.39 5.32 5.26 5.20 5.14 5.15 5.10 5.07 5.37 5.68 5.75 5.52 5.11 4.76 5.01 5.20 5.16 5.12 5.32 5.73
5.53 5.41 5.28 5.34 5.56 5.85 6.15 6.41 6.61 6.75 6.84 6.96 7.15 7.28 7.16 6.73 6.12 5.45 4.87 4.53 4.60 4.88 5.21 5.52 5.95 6.45 6.63 6.58 6.58 6.57 6.48 6.34 6.20 6.08 5.84 5.70 5.68 5.62 5.44 5.14 4.90 4.94 5.08 5.21 5.34 5.54 5.69 5.67 5.30 4.89 4.62 4.37 4.01 4.12 4.54 4.92 5.17 5.32 5.41 5.48 5.55 5.62 5.55 5.42 5.31 5.21 5.07 4.98 5.00 5.10 5.13 5.25 5.65 6.06 6.36 6.49 6.51 6.52 6.68 6.78 6.70 6.61 6.60 6.46
5.54 5.47 5.38 5.50 5.83 6.25 6.58 6.80 6.91 6.97 7.03 7.12 7.14 6.94 6.46 5.83 5.19 4.63 4.25 4.26 4.74 5.27 5.64 5.92 6.23 6.43 6.23 5.81 5.59 5.52 5.52 5.65 5.81 5.90 5.76 5.63 5.50 5.27 4.97 4.83 5.05 5.45 5.63 5.68 5.72 5.85 5.96 5.96 5.79 5.77 5.76 5.61 5.39 5.27 5.30 5.27 5.32 5.50 5.71 5.81 5.82 5.83 5.74 5.65 5.54 5.40 5.30 5.36 5.53 5.57 5.51 5.53 5.71 5.93 6.25 6.67 7.08 7.36 7.46 7.40 7.17 6.95 6.67 6.16
5.50 5.46 5.38 5.49 5.72 6.01 6.18 6.26 6.29 6.35 6.48 6.58 6.50 6.17 5.63 5.00 4.40 4.03 4.00 4.31 4.84 5.27 5.58 5.79 5.95 5.92 5.51 5.03 4.67 4.49 4.59 4.86 5.15 5.35 5.48 5.48 5.33 5.14 5.11 5.35 5.74 5.94 5.96 5.92 5.91 5.95 5.98 5.86 5.79 5.88 6.00 6.08 6.08 5.93 5.56 5.28 5.32 5.55 5.79 5.96 6.06 6.14 6.10 6.01 5.88 5.76 5.73 5.83 5.91 5.79 5.65 5.61 5.61 5.68 5.91 6.31 6.72 6.99 7.06 7.01 6.83 6.52 6.05 5.45
5.45 5.42 5.41 5.47 5.51 5.52 5.47 5.39 5.39 5.53 5.73 5.80 5.61 5.19 4.64 4.14 3.97 4.16 4.64 5.12 5.36 5.51 5.61 5.66 5.60 5.32 4.74 4.19 3.82 3.67 3.75 3.93 4.13 4.42 4.74 5.01 5.22 5.42 5.69 5.94 6.05 6.02 5.91 5.87 5.87 5.88 5.81 5.61 5.40 5.29 5.32 5.52 5.72 5.69 5.40 5.22 5.31 5.54 5.78 6.03 6.27 6.43 6.41 6.32 6.18 6.02 5.90 5.80 5.65 5.42 5.38 5.43 5.49 5.58 5.71 5.82 5.93 5.97 6.06 6.31 6.46 6.35 6.05 5.77
5.57 5.65 5.75 5.68 5.52 5.30 5.09 4.95 4.97 5.16 5.28 5.09 4.63 4.05 3.54 3.51 4.06 4.89 5.54 5.88 6.02 6.05 5.99 5.88 5.73 5.46 4.84 4.10 3.63 3.49 3.47 3.52 3.66 3.89 4.19 4.64 5.15 5.53 5.70 5.70 5.62 5.59 5.58 5.61 5.67 5.69 5.60 5.29 4.85 4.54 4.47 4.56 4.75 4.98 5.05 5.13 5.26 5.46 5.72 6.01 6.30 6.50 6.48 6.38 6.23 6.06 5.85 5.62 5.39 5.17 5.15 5.23 5.35 5.40 5.42 5.52 5.46 5.31 5.25 5.49 5.87 6.18 6.38 6.52
5.83 5.96 6.03 5.88 5.62 5.34 5.11 5.00 4.98 4.92 4.61 4.04 3.39 2.84 2.67 3.00 3.83 4.81 5.50 5.95 6.20 6.28 6.23 6.19 6.19 6.06 5.64 5.04 4.63 4.57 4.61 4.55 4.60 4.67 4.81 5.07 5.33 5.44 5.37 5.24 5.11 5.11 5.27 5.41 5.53 5.57 5.44 5.08 4.62 4.34 4.19 3.97 3.81 3.91 4.22 4.66 5.06 5.35 5.62 5.92 6.19 6.30 6.26 6.13 6.05 6.02 5.92 5.73 5.53 5.31 5.16 5.15 5.20 5.25 5.37 5.50 5.39 5.16 4.89 4.79 4.93 5.25 5.64 6.01
5.85 5.87 5.83 5.70 5.52 5.31 5.12 4.96 4.71 4.21 3.45 2.81 2.48 2.44 2.62 3.07 3.65 4.23 4.78 5.32 5.65 5.82 6.00 6.28 6.15 6.46 6.33 6.28 6.27 6.30 6.29 6.25 6.18 6.01 5.87 5.76 5.62 5.47 5.33 5.19 5.05 5.05 5.27 5.46 5.57 5.57 5.44 5.19 4.93 4.69 4.36 3.81 3.31 3.33 3.79 4.46 5.05 5.42 5.69 5.94 6.07 6.01 5.89 5.87 5.94 6.05 6.08 5.95 5.75 5.48 5.30 5.25 5.25 5.27 5.30 5.30 5.27 5.15 4.91 4.60 4.29 4.10 4.18 4.46
5.67 5.50 5.38 5.36 5.26 5.08 4.84 4.52 4.06 3.50 3.03 2.80 2.89 3.28 3.98 4.65 4.76 4.68 4.67 4.76 4.95 5.23 5.72 6.23 6.42 6.41 6.53 6.78 7.03 7.16 7.12 7.02 6.86 6.58 6.28 5.99 5.72 5.53 5.34 5.19 5.16 5.30 5.51 5.60 5.59 5.53 5.47 5.37 5.22 4.90 4.37 3.79 3.64 4.00 4.56 5.00 5.31 5.54 5.78 5.91 5.82 5.66 5.66 5.84 5.99 6.09 6.14 6.11 5.99 5.83 5.65 5.54 5.43 5.25 5.01 4.89 5.01 5.09 4.97 4.68 4.24 3.92 3.87 4.01
5.54 5.36 5.20 5.18 5.10 4.94 4.70 4.36 3.99 3.78 3.86 4.16 4.59 5.27 6.08 6.66 6.84 6.44 5.83 5.52 5.49 5.71 6.13 6.38 6.32 6.17 6.18 6.34 6.53 6.71 6.78 6.75 6.68 6.51 6.30 6.06 5.81 5.57 5.30 5.16 5.32 5.63 5.81 5.69 5.50 5.41 5.42 5.43 5.35 5.07 4.69 4.51 4.74 5.21 5.45 5.42 5.36 5.49 5.67 5.69 5.56 5.51 5.63 5.80 5.91 5.93 5.93 5.98 6.04 6.09 5.97 5.79 5.55 5.25 4.94 4.79 4.90 5.04 5.03 4.90 4.81 4.86 4.95 4.89
5.55 5.43 5.27 5.23 5.21 5.21 5.19 5.11 5.03 5.11 5.50 6.07 6.73 7.33 7.75 7.94 7.98 7.79 7.48 7.21 7.04 6.96 6.91 6.70 6.37 6.06 5.88 5.80 5.68 5.62 5.71 5.83 5.90 5.94 5.97 5.97 5.90 5.67 5.42 5.36 5.54 5.66 5.59 5.39 5.25 5.30 5.43 5.56 5.66 5.70 5.65 5.64 5.78 5.92 5.74 5.41 5.37 5.52 5.60 5.56 5.53 5.56 5.57 5.56 5.58 5.52 5.46 5.56 5.75 5.91 5.93 5.83 5.61 5.34 5.10 4.98 5.01 5.09 5.12 5.14 5.29 5.51 5.63 5.60
5.62 5.57 5.48 5.43 5.46 5.59 5.77 5.96 6.21 6.58 7.07 7.61 8.01 8.15 8.08 7.86 7.63 7.67 7.74 7.69 7.58 7.41 7.16 6.74 6.27 5.96 5.83 5.74 5.51 5.20 4.99 4.96 5.01 5.14 5.34 5.56 5.68 5.63 5.51 5.41 5.28 5.04 4.80 4.79 5.08 5.39 5.65 5.83 6.02 6.28 6.45 6.47 6.44 6.36 6.13 5.88 5.86 5.86 5.77 5.66 5.60 5.51 5.40 5.33 5.33 5.22 5.10 5.16 5.35 5.55 5.69 5.69 5.56 5.37 5.23 5.16 5.12 5.10 5.11 5.16 5.27 5.39 5.46 5.49
5.72 5.74 5.69 5.64 5.69 5.80 6.00 6.32 6.84 7.38 7.79 7.96 7.86 7.56 7.15 6.72 6.47 6.53 6.64 6.74 6.82 6.83 6.72 6.42 6.06 5.82 5.78 5.79 5.68 5.50 5.31 5.16 5.17 5.25 5.31 5.35 5.37 5.42 5.38 5.17 4.86 4.62 4.63 4.93 5.40 5.76 5.98 6.07 6.17 6.41 6.64 6.76 6.80 6.81 6.80 6.70 6.57 6.34 6.04 5.81 5.60 5.40 5.30 5.28 5.21 5.05 4.93 4.98 5.19 5.39 5.49 5.49 5.43 5.34 5.27 5.23 5.16 5.11 5.12 5.16 5.23 5.32 5.35 5.34
5.76 5.73 5.71 5.76 5.86 6.02 6.29 6.68 7.17 7.50 7.53 7.30 6.90 6.45 6.05 5.74 5.55 5.53 5.55 5.69 5.92 6.06 6.15 6.07 5.91 5.77 5.68 5.60 5.50 5.58 5.73 5.84 5.90 5.87 5.73 5.52 5.36 5.32 5.27 5.15 5.05 5.10 5.28 5.61 5.95 6.18 6.25 6.18 6.12 6.19 6.37 6.59 6.78 6.94 7.09 7.11 6.91 6.60 6.21 5.85 5.58 5.41 5.33 5.21 4.99 4.85 4.89 5.07 5.28 5.38 5.33 5.30 5.31 5.29 5.22 5.16 5.11 5.11 5.16 5.20 5.28 5.40 5.42 5.41
5.66 5.59 5.61 5.77 5.97 6.25 6.64 6.99 7.17 7.06 6.71 6.34 5.99 5.68 5.37 5.08 4.88 4.86 5.01 5.22 5.44 5.72 5.87 5.78 5.72 5.81 5.76 5.58 5.41 5.42 5.52 5.62 5.68 5.70 5.69 5.60 5.47 5.38 5.37 5.44 5.54 5.65 5.80 6.09 6.35 6.44 6.32 6.07 5.90 5.89 5.95 6.11 6.28 6.43 6.61 6.70 6.62 6.40 6.11 5.83 5.61 5.42 5.22 5.00 4.83 4.83 5.02 5.24 5.38 5.30 5.14 5.14 5.18 5.16 5.10 5.00 4.92 4.92 5.00 5.12 5.24 5.30 5.29 5.32
5.58 5.51 5.55 5.71 5.93 6.24 6.60 6.72 6.56 6.17 5.75 5.35 5.05 4.79 4.51 4.32 4.39 4.64 4.88 5.10 5.44 5.83 5.84 5.58 5.68 5.97 6.03 5.94 5.79 5.55 5.30 5.02 4.87 4.97 5.19 5.34 5.40 5.40 5.47 5.60 5.73 5.83 5.99 6.27 6.43 6.37 6.11 5.81 5.67 5.65 5.65 5.65 5.63 5.59 5.55 5.64 5.73 5.76 5.78 5.74 5.61 5.38 5.11 4.92 4.90 5.01 5.20 5.36 5.35 5.15 4.99 4.96 4.97 4.99 4.99 4.92 4.81 4.73 4.78 4.97 5.07 5.00 4.90 4.88
