project/data/elevation/US_DEM2016/US_DEM2016_point_10-28-2019_0442_30m_vel.asc
ncols	125
nrows	167
xllcorner	-2042055.000000
yllcorner	1465035.000000
cellsize	30.000000
NODATA_value	-9999.000000
[rows 35 to 69 of 167, columns 0 to 77 of 125]
11.54 11.21 10.91 10.59 9.91 8.74 7.83 7.37 7.40 8.21 9.84 11.90 13.24 13.39 12.58 11.54 10.99 10.91 11.26 11.94 12.62 13.20 13.68 13.89 13.86 13.53 12.95 12.18 11.16 9.99 9.14 8.84 8.75 8.47 8.01 7.91 8.46 9.17 9.94 10.47 10.53 9.93 8.73 7.25 6.53 6.58 7.11 7.77 8.15 8.37 8.52 9.10 10.33 11.18 11.00 10.84 10.70 10.80 10.79 11.06 10.82 9.99 8.99 7.79 6.96 6.54 6.63 7.38 8.32 9.20 9.63 9.84 10.15 11.16 12.33 14.08 16.76 18.64
12.07 12.33 12.53 12.32 11.81 10.81 9.57 8.40 7.64 7.39 7.93 9.38 11.37 12.54 12.49 11.58 11.02 11.15 11.88 12.94 13.79 14.62 15.38 15.96 16.04 15.75 15.21 14.39 13.15 11.51 9.95 9.20 9.27 9.74 10.05 9.87 9.73 10.10 10.83 11.40 11.79 11.62 10.65 9.68 9.37 9.67 10.28 10.58 10.39 9.50 8.92 8.80 9.84 10.83 11.01 10.92 10.77 10.91 11.02 11.50 11.54 10.96 9.79 8.12 6.66 5.89 5.87 6.48 7.30 8.13 8.87 9.21 9.50 10.04 10.93 12.00 14.02 16.84
11.93 12.32 12.51 12.21 11.76 11.04 10.22 9.19 8.14 7.32 7.15 7.76 9.16 10.90 11.69 11.43 10.93 10.94 11.69 12.76 13.63 14.41 15.14 15.80 16.12 16.20 16.18 15.96 15.15 13.63 11.68 10.11 9.59 10.04 10.67 11.09 11.28 11.46 11.78 12.54 13.60 14.23 14.35 13.53 12.78 12.66 12.68 12.16 11.32 10.23 9.27 8.97 9.39 10.45 10.91 10.88 10.79 11.05 11.19 11.56 11.76 11.62 10.91 9.50 7.82 6.61 6.10 6.20 6.62 7.24 7.94 8.27 8.70 9.35 9.93 10.53 11.91 14.18
11.55 11.59 11.54 11.20 10.59 10.17 9.75 9.02 8.11 7.28 7.28 7.13 7.89 9.20 10.63 10.81 10.65 10.22 10.55 11.20 11.67 11.98 12.34 12.99 13.77 14.44 15.18 15.92 15.95 15.24 13.76 12.03 10.81 10.33 10.49 11.28 12.13 12.49 12.74 13.38 14.47 15.58 16.22 16.03 15.30 14.32 13.08 11.51 10.42 9.50 8.97 8.90 9.11 10.04 10.81 10.96 10.93 11.18 11.22 11.27 11.36 11.06 10.76 10.08 8.98 7.72 6.44 5.89 5.93 6.35 6.96 7.35 7.77 8.65 9.14 9.48 10.28 11.94
11.09 10.71 10.36 10.01 9.41 9.09 8.86 8.52 8.10 7.70 7.56 7.65 7.98 9.10 9.94 10.14 10.24 10.00 9.50 9.21 9.04 9.04 9.28 10.00 11.26 12.64 13.84 15.05 15.92 16.08 15.30 13.79 12.38 11.56 11.67 12.57 13.35 13.85 13.98 14.01 14.39 14.98 15.79 16.16 15.91 14.98 13.33 11.78 10.60 9.46 8.96 9.07 9.30 9.86 10.73 11.11 11.26 11.46 11.23 10.90 10.40 9.53 8.56 8.24 7.91 7.28 6.17 5.33 5.13 5.32 6.00 6.63 7.15 7.84 8.37 8.61 8.97 9.96
10.65 10.22 9.77 9.37 9.08 8.87 8.85 8.96 9.04 9.11 9.20 9.34 9.35 9.38 10.21 10.10 9.96 9.79 8.99 8.09 7.79 7.96 8.43 9.18 10.40 11.60 12.70 13.86 15.01 15.92 16.04 15.20 14.11 13.67 13.87 14.52 15.16 15.59 15.31 14.64 14.23 13.64 13.65 14.63 15.27 15.40 14.60 13.86 13.05 12.11 10.96 10.32 10.11 10.07 10.61 10.87 10.99 11.13 11.00 10.80 10.23 8.79 6.77 5.95 5.75 5.60 5.50 5.24 4.93 4.73 4.95 5.76 6.61 7.23 7.77 8.03 8.20 8.60
10.85 10.57 10.30 10.11 10.02 9.98 9.94 10.02 10.22 10.47 10.70 10.75 10.56 10.37 10.26 10.18 10.19 10.04 9.47 8.76 8.59 8.85 9.29 9.71 10.12 10.68 11.25 12.10 13.44 14.79 15.93 15.86 15.50 15.40 15.56 15.73 15.86 15.72 15.32 14.73 13.96 12.89 12.21 12.59 13.99 14.65 14.59 14.23 14.20 14.08 13.47 12.07 10.89 10.25 10.24 10.23 10.00 9.90 10.17 10.79 10.76 9.44 7.21 5.96 5.60 5.58 5.69 5.59 5.17 4.73 4.59 5.02 5.78 6.40 6.95 7.28 7.61 8.04
11.31 11.26 11.25 11.22 11.14 11.01 10.84 10.82 11.07 11.41 11.57 11.46 11.05 10.98 11.07 11.10 11.05 10.97 10.77 10.54 10.52 10.68 10.89 11.07 11.26 11.28 11.29 11.58 12.47 13.60 15.13 15.74 16.19 16.54 16.42 15.68 14.69 13.83 13.37 13.36 13.13 12.25 11.22 11.21 12.33 13.26 13.33 12.63 12.66 13.02 13.14 12.40 11.20 10.21 9.99 10.02 9.75 9.51 9.84 11.17 11.80 11.09 9.33 8.09 7.66 7.32 6.77 6.11 5.77 5.54 5.16 4.83 4.78 4.87 5.16 5.62 6.40 7.24
11.43 11.47 11.59 11.64 11.65 11.66 11.72 11.87 12.10 12.28 12.23 11.97 11.50 11.62 11.51 11.60 11.72 11.80 11.87 11.93 12.15 12.42 12.53 12.51 12.49 12.28 12.18 12.24 12.61 13.10 14.21 15.02 15.67 16.12 16.00 15.13 13.62 12.17 11.39 11.62 12.15 11.82 10.77 10.20 11.00 12.08 12.12 10.91 9.80 9.28 9.50 10.11 10.25 10.00 10.04 10.49 10.76 10.91 11.40 12.44 13.17 12.89 11.69 10.62 9.58 8.61 7.91 7.50 7.25 6.62 5.70 4.73 4.05 3.66 3.49 3.98 4.87 5.89
11.47 11.57 11.83 12.05 12.38 12.86 13.30 13.53 13.48 13.23 12.89 12.51 12.02 11.79 11.68 11.83 12.04 12.24 12.40 12.52 12.73 12.90 12.93 12.78 12.53 12.23 12.18 12.29 12.63 13.00 13.87 14.17 14.39 14.32 14.35 14.30 13.70 12.41 10.79 10.21 10.69 11.06 10.51 9.71 10.00 11.07 10.88 9.54 7.99 7.12 7.10 7.69 8.50 9.11 9.92 10.94 11.69 12.26 12.74 13.27 13.95 13.97 12.94 11.61 10.23 9.48 9.22 8.90 8.05 6.65 5.60 4.93 4.39 3.90 3.63 3.80 4.47 5.21
11.73 12.05 12.60 13.02 13.38 13.80 14.19 14.37 14.25 13.85 13.39 12.97 12.62 12.38 12.48 12.59 12.65 12.73 12.76 12.66 12.40 12.09 11.94 11.91 11.94 11.85 11.80 11.96 12.49 13.00 13.62 13.40 12.96 12.51 12.36 12.91 13.30 12.92 11.21 9.74 9.36 9.92 9.90 9.19 9.36 10.29 10.32 9.44 8.71 8.38 8.01 7.59 7.50 8.16 9.51 10.87 11.57 12.01 12.35 12.96 13.70 14.13 13.50 12.29 11.32 10.79 10.13 9.08 7.73 6.69 6.21 6.12 5.95 5.62 5.27 5.16 5.44 5.75
11.79 12.27 13.04 13.49 13.60 13.59 13.55 13.58 13.63 13.50 13.26 12.95 12.93 13.11 13.40 13.52 13.44 13.24 12.94 12.51 11.91 11.32 11.01 11.08 11.39 11.59 11.71 11.98 12.49 12.80 12.88 12.44 11.92 11.35 10.86 10.96 11.68 12.35 11.80 10.22 8.97 8.99 9.32 9.34 9.74 10.52 10.77 10.23 9.79 9.22 8.46 7.77 7.66 8.45 9.77 10.62 11.09 11.47 11.91 12.68 13.40 14.07 13.94 13.16 12.18 11.19 9.65 8.65 8.22 8.15 8.25 8.20 8.04 7.79 7.59 7.42 7.26 7.06
11.38 11.70 12.38 12.88 12.91 12.66 12.33 12.09 12.11 12.31 12.36 12.23 12.54 12.64 12.97 13.24 13.32 13.10 12.67 12.17 11.64 11.12 10.77 10.70 10.89 11.15 11.41 11.80 12.16 12.13 11.80 11.39 11.31 10.76 9.89 9.56 9.99 11.10 11.75 11.23 9.75 9.24 9.53 10.14 10.64 11.29 11.34 10.37 9.14 8.11 7.71 7.75 8.65 10.18 11.14 11.29 11.46 11.80 12.24 12.83 13.47 14.19 14.10 13.31 12.20 10.87 9.85 9.65 10.13 10.70 10.99 10.94 10.77 10.52 10.19 9.89 9.57 9.12
11.10 11.15 11.28 11.72 12.00 11.85 11.44 11.06 10.95 11.12 11.29 11.31 11.28 11.41 11.56 11.82 12.16 12.34 12.24 11.89 11.42 10.94 10.57 10.35 10.32 10.46 10.59 10.93 11.35 11.35 11.30 11.26 11.30 10.83 9.64 8.62 8.71 9.72 10.96 11.33 10.46 9.56 9.34 9.65 10.11 10.93 11.26 10.17 8.71 8.09 8.34 9.50 11.24 12.55 13.11 12.65 12.29 12.25 12.54 13.16 13.93 14.74 14.69 13.87 13.20 12.89 13.11 13.70 14.32 14.79 14.90 14.82 14.64 14.41 14.05 13.64 13.22 12.58
11.31 11.30 10.96 10.90 11.30 11.61 11.44 11.04 10.79 10.80 11.07 11.26 11.31 11.16 11.16 11.28 11.56 11.86 11.98 11.75 11.22 10.65 10.21 9.97 9.87 9.88 9.84 10.04 10.52 10.67 10.92 11.23 11.57 11.58 10.58 8.86 8.32 8.61 9.61 10.36 10.02 9.06 8.35 8.12 8.61 9.85 11.04 10.77 9.79 9.65 10.84 12.62 13.95 14.54 14.33 13.42 12.73 12.51 12.76 13.56 14.45 15.52 15.83 15.67 15.54 16.00 16.77 17.58 18.26 18.62 18.74 18.69 18.56 18.40 18.10 17.63 17.07 16.39
11.45 11.58 11.30 10.83 10.94 11.52 11.93 11.79 11.48 11.52 12.03 12.48 12.62 12.46 12.25 12.11 12.02 11.98 11.92 11.70 11.23 10.60 10.01 9.66 9.56 9.64 9.64 9.76 9.91 9.82 9.76 10.27 10.98 11.85 11.90 10.60 9.36 8.77 9.09 9.77 9.75 9.21 8.73 8.49 8.76 9.75 11.36 12.00 11.95 12.61 14.02 14.97 15.38 14.97 14.27 13.29 12.73 12.56 12.51 12.84 13.59 14.94 15.90 16.14 16.35 16.72 17.19 17.77 18.19 18.46 18.68 18.86 18.91 18.86 18.65 18.33 17.97 17.59
11.30 11.40 11.32 11.13 10.98 11.28 11.90 12.24 12.17 12.23 12.93 13.68 13.89 13.74 13.42 12.94 12.45 12.09 11.90 11.75 11.43 10.87 10.15 9.54 9.34 9.52 9.65 9.65 9.34 8.64 8.46 8.77 9.48 11.01 12.03 12.00 10.91 10.17 10.23 10.72 10.98 11.09 11.13 10.96 10.95 11.58 13.11 14.54 15.78 16.51 16.62 16.26 15.47 14.28 13.50 12.67 12.15 11.73 11.33 11.12 11.53 12.55 14.21 14.85 14.94 14.52 13.96 13.68 13.39 13.52 13.94 14.62 14.93 15.04 14.98 15.01 15.29 15.32
11.00 10.72 10.49 10.54 10.58 10.81 11.40 12.05 12.32 12.34 12.86 13.61 13.91 13.90 13.55 12.90 12.17 11.71 11.60 11.56 11.32 10.90 10.29 9.61 9.25 9.31 9.45 9.42 8.84 7.73 7.42 7.62 8.15 9.29 11.03 11.82 11.71 11.58 11.83 12.46 12.92 13.12 13.13 13.21 13.49 14.15 15.28 16.57 17.59 17.89 17.50 16.38 15.11 13.75 12.89 12.09 11.44 10.77 10.42 10.18 10.39 11.04 12.09 12.97 12.88 11.45 9.94 8.59 7.90 7.82 8.22 9.03 9.64 9.81 10.06 10.32 11.00 11.34
10.83 10.24 9.61 9.43 9.56 10.00 10.72 11.57 12.16 12.18 12.79 12.54 12.61 12.67 12.45 11.95 11.35 10.91 10.81 10.90 10.81 10.54 10.27 9.95 9.57 9.31 9.29 9.35 8.90 7.95 7.44 7.46 7.76 8.41 9.64 10.91 11.59 11.75 12.07 12.76 13.43 13.60 13.72 13.99 14.55 15.12 15.72 16.27 16.59 16.66 16.45 15.82 14.74 13.63 12.77 12.03 11.42 10.89 10.81 10.74 10.90 11.19 11.59 12.18 11.83 10.24 8.48 7.28 6.73 6.37 5.95 5.67 5.88 6.24 6.58 7.00 7.80 8.44
10.95 10.37 9.63 9.29 9.15 9.20 9.60 10.54 11.32 11.47 11.17 11.17 10.58 10.63 10.50 10.39 10.16 9.79 9.69 10.05 10.48 10.57 10.53 10.44 10.07 9.66 9.49 9.64 9.66 9.31 8.78 8.32 8.07 8.08 8.67 9.91 10.72 10.90 11.01 11.46 12.18 12.67 13.00 13.47 14.09 14.43 14.48 14.13 13.48 13.70 14.47 14.93 14.53 13.79 13.01 12.36 11.83 11.53 11.61 11.51 11.44 11.48 11.55 12.11 12.01 10.77 9.47 8.62 7.97 7.17 6.00 4.61 3.86 3.75 4.05 4.51 5.33 6.11
11.33 10.96 10.57 10.32 9.95 9.31 8.73 8.97 9.74 10.11 9.97 10.19 9.05 9.01 8.96 9.38 8.96 8.79 8.79 9.42 10.38 11.07 11.25 11.01 10.66 10.28 10.06 10.19 10.29 10.24 9.69 8.95 8.25 7.80 8.10 9.12 9.95 10.30 10.26 10.38 10.81 11.44 11.94 12.58 13.04 13.05 12.59 11.83 11.56 11.90 12.82 13.76 13.95 13.67 12.94 12.40 11.93 11.63 11.57 11.22 10.83 10.62 10.85 11.73 12.22 11.59 10.66 9.89 8.65 7.34 5.92 4.74 3.79 3.16 2.98 3.05 3.39 3.96
11.80 11.89 12.07 12.00 11.52 10.65 9.38 8.86 9.09 9.52 9.59 10.13 9.82 9.08 9.06 8.93 8.94 8.96 9.06 9.64 10.64 11.66 12.02 11.95 11.71 11.47 11.19 10.99 10.80 10.64 10.07 9.59 9.15 8.72 8.68 9.42 10.43 10.99 10.95 10.85 10.96 11.26 11.55 12.03 12.07 11.60 10.73 10.26 10.03 10.29 11.19 12.33 13.00 12.86 12.26 11.81 11.35 10.88 10.49 9.85 9.37 9.25 9.87 11.04 12.04 11.96 11.19 10.16 8.72 7.52 6.60 6.11 5.73 4.97 4.03 3.18 2.76 2.85
12.01 12.49 13.08 13.26 13.02 12.38 11.37 10.56 10.18 10.20 11.35 10.17 10.29 10.60 10.84 10.90 10.90 10.99 10.92 11.05 11.65 12.46 12.98 13.23 13.26 13.15 12.71 12.15 11.79 11.83 11.88 11.76 11.53 11.13 10.65 10.89 11.79 12.42 12.62 12.57 12.45 12.07 11.79 11.70 11.24 10.23 9.45 8.74 8.48 8.73 9.60 10.89 11.90 11.83 11.47 11.09 10.57 9.88 9.23 8.83 8.81 9.18 10.16 11.21 11.98 11.84 11.03 9.99 8.90 8.44 8.39 8.32 7.70 6.74 5.69 4.98 4.75 4.89
11.80 12.15 12.71 13.20 13.62 13.67 13.09 12.26 11.46 10.93 10.76 10.99 11.59 12.27 12.95 13.28 13.50 13.67 13.71 13.57 13.64 13.72 13.97 14.31 14.53 14.36 13.96 13.32 12.93 12.90 13.11 13.01 12.83 12.52 11.96 11.73 12.11 12.68 13.23 13.57 13.52 12.98 12.23 11.37 10.07 8.91 8.06 7.46 7.18 7.19 7.96 9.29 10.43 10.91 10.92 10.71 10.34 9.88 9.59 9.76 10.13 10.82 11.78 12.57 12.83 12.34 11.36 10.65 10.19 10.12 10.21 9.89 8.94 7.82 7.06 6.77 6.85 7.26
11.44 11.41 11.67 12.19 12.97 13.65 13.74 13.07 12.05 11.13 12.31 10.89 11.72 12.76 13.60 14.19 14.55 14.83 15.09 15.11 14.85 14.51 14.39 14.53 14.66 14.60 14.35 13.86 13.52 13.16 12.43 11.74 11.47 11.54 11.56 11.64 11.80 12.19 12.71 13.32 13.66 13.32 12.49 11.13 9.12 7.48 6.61 6.26 5.95 5.91 6.30 7.38 8.89 10.07 10.68 10.89 10.91 10.88 10.99 11.05 11.40 12.17 13.09 14.06 14.47 14.49 13.31 12.44 12.20 12.06 11.41 10.54 9.73 9.31 9.17 9.30 9.80 10.61
11.29 11.14 11.10 11.18 11.49 12.04 12.63 12.66 12.01 11.06 10.30 10.08 10.49 11.29 12.07 12.62 12.99 13.12 13.17 13.31 13.42 13.36 13.25 13.18 13.18 13.30 13.26 13.23 13.31 13.31 12.61 11.33 10.48 10.36 10.97 11.70 12.24 12.46 12.59 12.79 13.01 12.67 12.09 11.00 9.11 7.09 5.97 5.61 5.54 5.61 5.81 6.53 7.99 9.60 10.76 11.51 11.98 12.24 12.24 11.94 12.02 12.90 13.91 14.90 15.84 16.66 16.28 14.80 13.92 13.59 12.73 11.93 11.71 12.24 12.86 13.46 14.16 14.78
11.03 10.77 10.55 10.43 10.09 10.06 10.64 11.28 11.23 10.46 9.46 8.66 8.29 8.38 8.77 9.13 9.43 9.39 8.87 8.61 9.30 10.09 10.28 10.13 10.03 10.54 11.16 11.56 12.13 12.97 13.46 13.27 12.53 11.84 11.68 12.07 12.46 12.56 12.33 12.04 11.88 11.79 11.68 11.34 10.15 8.46 7.34 7.07 7.10 7.22 7.41 7.90 8.79 9.93 10.89 11.72 12.49 13.17 13.43 13.52 13.80 14.42 14.66 14.92 15.85 17.16 17.50 16.88 16.07 15.75 15.56 15.41 15.77 16.37 16.77 17.04 17.22 17.18
10.55 10.07 9.66 9.64 9.48 9.33 9.46 10.01 10.30 9.74 8.61 7.34 6.26 5.54 5.31 5.52 6.02 6.32 6.17 5.69 5.61 6.14 6.65 6.93 7.44 8.30 9.44 10.04 10.58 11.21 12.37 13.43 13.81 13.56 12.72 12.11 11.68 11.53 11.18 10.82 10.75 11.30 11.85 12.25 12.05 11.68 11.04 10.61 10.35 10.26 10.34 10.42 10.50 10.71 10.93 11.32 11.97 12.88 13.80 14.60 15.19 15.09 14.49 13.86 13.92 15.17 16.59 16.97 17.26 17.54 17.86 18.07 18.27 18.29 18.08 17.72 17.32 16.78
10.59 10.12 9.56 9.34 9.36 9.42 9.45 9.66 9.93 9.67 8.73 7.40 6.01 4.80 4.00 3.74 4.52 5.45 6.33 6.14 5.25 4.52 4.44 5.15 6.28 7.55 8.83 9.34 9.49 9.38 9.95 11.14 12.40 13.03 12.52 11.36 10.27 9.72 9.74 9.80 10.07 10.99 12.06 13.03 13.53 13.97 14.00 13.49 12.93 12.53 11.96 11.46 11.21 11.17 11.15 11.28 11.76 12.65 13.57 14.17 14.32 13.83 12.97 12.12 12.04 12.84 14.28 15.49 16.33 17.02 17.28 17.18 16.96 16.66 16.23 15.61 14.80 13.91
11.13 10.95 10.61 10.20 9.99 10.01 10.05 10.16 10.27 10.22 9.79 8.94 7.88 6.59 5.36 4.51 4.39 5.96 7.74 8.43 7.77 6.33 5.24 5.21 6.23 7.80 8.99 9.32 9.10 8.55 8.33 8.68 9.82 10.80 11.11 10.67 9.89 9.32 9.34 9.88 10.54 11.49 12.16 12.93 13.51 14.05 14.22 14.17 13.85 13.20 11.98 11.19 11.06 11.29 11.43 11.58 11.96 12.71 13.13 12.98 12.38 11.56 11.02 10.84 11.05 11.63 12.44 13.46 14.29 14.70 14.71 14.30 13.53 13.06 13.03 12.82 11.96 10.88
11.41 11.47 11.53 11.34 11.06 10.84 10.85 11.09 11.29 11.49 11.56 11.34 10.80 9.72 8.32 7.00 6.26 6.71 8.20 9.85 10.24 9.48 8.11 7.23 7.53 8.62 9.57 10.02 9.96 9.19 8.41 7.84 7.93 8.72 9.85 10.74 11.15 11.32 11.41 11.59 11.97 12.33 12.27 12.37 12.60 12.80 13.00 13.32 13.48 13.29 12.33 11.51 11.26 11.39 11.54 11.63 11.88 12.29 12.35 11.75 11.04 10.44 10.22 10.25 10.33 10.61 10.98 11.66 12.29 12.48 12.46 12.19 11.39 10.45 10.13 10.55 10.20 8.96
11.43 11.57 11.77 11.68 11.53 11.42 11.62 12.07 12.64 13.25 13.70 13.81 13.31 12.31 10.92 9.44 8.10 7.50 8.06 9.92 11.39 11.88 11.39 10.35 9.66 9.99 10.62 11.21 11.60 11.11 10.28 9.34 8.70 8.96 10.04 11.36 12.43 13.19 13.37 13.15 12.81 12.52 12.08 11.92 11.87 11.67 11.67 11.85 12.24 12.58 12.50 11.98 11.55 11.52 11.64 11.82 12.04 12.11 11.66 10.90 10.29 9.95 9.89 9.77 9.71 9.99 10.39 10.78 10.89 10.96 10.84 10.76 10.55 9.52 8.36 8.39 8.73 8.00
11.44 11.62 11.88 11.66 11.45 11.46 11.81 12.38 13.23 14.07 14.83 15.17 15.10 14.53 13.48 12.01 10.27 8.87 8.59 9.71 11.33 12.77 12.97 12.43 11.75 11.72 11.86 12.07 12.48 12.59 12.37 11.83 11.15 10.89 11.19 11.76 12.28 12.70 12.89 12.68 12.30 12.02 11.78 11.62 11.30 10.56 10.24 10.19 10.31 10.77 11.41 11.54 11.36 11.40 11.70 12.04 12.07 11.57 10.60 9.81 9.48 9.46 9.54 9.70 9.84 10.17 10.40 10.21 9.63 9.47 9.42 9.26 9.53 9.32 8.12 7.30 7.48 7.42
11.40 11.59 11.80 11.56 11.24 11.15 11.26 11.45 11.86 12.56 13.50 14.46 15.28 15.67 15.50 14.68 13.08 11.05 9.83 9.91 10.71 12.23 13.18 13.37 13.16 12.91 12.48 12.04 11.97 12.39 12.92 13.15 12.91 12.27 11.77 11.50 11.31 11.21 11.31 11.57 11.70 11.75 11.76 11.60 10.96 9.92 9.35 9.06 8.90 8.96 9.45 10.00 10.37 10.70 11.23 11.38 10.96 10.09 9.06 8.63 8.64 8.85 9.24 9.72 9.93 10.04 10.05 9.41 8.13 7.48 7.53 7.20 7.18 7.90 7.87 7.15 6.88 6.92
11.23 11.33 11.38 11.35 11.15 10.97 10.75 10.31 9.77 9.54 10.00 11.44 13.31 14.88 15.88 16.09 15.37 13.71 11.71 10.72 10.76 11.75 12.72 13.48 13.63 13.16 12.35 11.60 10.92 10.93 11.49 12.16 12.50 12.17 11.62 11.17 10.84 10.84 11.25 11.66 11.77 11.85 11.98 12.03 11.49 10.49 9.75 9.02 8.28 7.77 7.82 8.49 9.37 10.11 10.37 9.96 9.02 8.13 7.68 7.59 7.61 7.64 8.11 8.64 8.79 9.16 9.60 9.12 7.51 6.13 5.75 5.52 5.47 6.10 6.87 7.02 6.98 6.80
