project/data/elevation/US_DEM2016/US_DEM2016_point_10-29-2019_1717_30m_ang.asc
ncols	125
nrows	167
xllcorner	-2042055.000000
yllcorner	1465035.000000
cellsize	30.000000
NODATA_value	-9999.000000
[rows 0 to 41 of 167, columns 0 to 93 of 125]
151 149 145 146 150 153 155 156 158 161 163 165 166 163 162 163 165 167 166 164 160 156 156 159 163 164 166 166 162 154 142 125 109 102 104 108 112 119 127 132 134 135 136 137 138 137 135 134 136 142 148 154 159 162 164 165 166 164 161 158 156 156 155 154 154 156 157 157 154 150 148 148 149 151 153 154 155 155 154 156 161 163 159 155 156 160 163 165 164 158 152 147 142 136
151 149 145 146 150 153 155 156 158 161 163 165 166 163 162 163 165 167 166 164 160 156 156 159 163 164 166 166 162 154 142 125 109 102 104 108 112 119 127 132 134 135 136 137 138 137 135 134 136 142 148 154 159 162 164 165 166 164 161 158 156 156 155 154 154 156 157 157 154 150 148 148 149 151 153 154 155 155 154 156 161 163 159 155 156 160 163 165 164 158 152 147 142 136
155 150 143 143 147 150 151 152 154 158 161 164 166 163 160 161 165 168 169 168 161 155 153 157 162 165 168 169 166 159 147 129 115 108 108 111 114 118 125 130 133 134 135 137 139 142 142 141 141 142 145 150 156 160 163 165 167 166 164 160 157 155 153 152 152 154 156 158 157 154 151 149 149 150 151 152 153 153 151 152 158 163 160 154 154 159 164 167 167 162 156 153 149 145
163 154 142 140 142 144 144 144 146 150 154 159 163 162 157 157 162 169 174 173 163 153 150 153 160 167 174 177 177 173 160 141 129 124 122 122 120 120 123 129 134 137 140 142 143 147 149 148 145 141 141 144 149 155 159 163 167 168 168 165 160 155 151 149 148 149 152 156 157 157 155 153 151 149 148 148 148 148 146 145 152 160 157 151 151 158 166 171 172 166 162 160 157 152
165 155 144 141 140 139 139 139 140 143 146 152 159 160 153 151 157 167 175 173 161 151 148 152 161 172 180 184 186 183 168 152 142 138 136 134 130 126 126 131 136 140 143 145 146 148 150 150 146 141 140 142 146 150 155 159 161 162 164 165 163 158 153 149 146 145 146 149 151 153 153 153 151 149 146 145 144 143 142 142 147 153 152 147 148 158 168 174 173 167 163 161 156 150
162 155 145 142 140 138 136 136 136 137 139 145 154 158 152 148 152 163 170 169 159 150 148 154 166 177 184 189 190 183 169 157 149 145 144 141 138 134 132 133 135 137 140 143 145 148 149 148 144 140 140 142 146 150 153 155 154 153 154 157 159 158 154 149 145 143 141 141 142 144 146 147 147 145 143 141 138 138 138 139 143 146 145 142 145 155 168 175 173 166 163 161 153 147
157 153 147 145 143 139 136 134 131 131 133 139 149 155 150 148 152 160 166 165 156 150 149 158 170 180 187 191 188 178 167 158 152 150 149 147 144 141 138 136 134 133 134 137 140 143 144 142 138 136 138 143 149 155 158 159 156 153 152 153 155 154 153 149 144 139 135 134 135 138 141 141 141 139 137 134 132 130 132 134 138 140 140 139 141 152 166 174 170 164 162 158 149 144
153 151 149 147 146 142 138 132 127 125 127 133 144 150 147 146 151 159 164 162 153 148 151 162 174 182 190 190 182 172 164 157 154 154 154 154 153 151 148 144 139 134 131 131 133 136 137 135 132 133 136 143 152 160 164 164 162 159 157 156 154 152 151 148 143 135 129 128 132 136 139 139 136 133 131 129 127 126 127 129 132 135 135 136 139 149 163 171 166 161 160 154 147 143
148 149 151 151 150 147 143 136 129 125 125 129 137 143 144 144 149 157 164 160 149 146 153 165 176 184 189 185 176 168 161 156 154 155 156 158 159 159 158 155 151 144 137 132 133 135 136 133 131 132 135 141 152 161 166 167 165 163 162 159 155 150 148 147 144 136 129 129 133 137 140 139 135 132 132 132 131 130 130 130 131 131 131 137 138 146 160 167 162 158 157 152 148 146
143 146 152 154 154 152 149 142 136 133 131 131 133 138 141 143 148 157 163 157 147 146 154 167 178 184 183 178 171 164 159 155 152 153 155 158 161 162 162 162 160 156 149 143 141 141 139 135 132 132 135 139 147 155 162 166 166 166 165 162 156 147 143 146 147 141 135 134 137 141 145 142 137 137 138 139 139 138 138 139 138 136 134 134 138 146 157 163 159 156 155 153 152 155
136 141 152 157 158 157 153 148 144 143 141 139 137 137 140 143 149 159 163 156 149 149 157 168 179 181 176 170 165 160 156 153 150 150 153 156 158 159 160 163 163 161 158 153 149 146 141 134 132 132 135 139 143 148 154 160 165 168 167 164 155 145 140 143 148 145 141 141 143 146 149 145 141 140 142 144 144 144 144 146 146 145 144 142 142 147 156 160 158 156 157 158 160 164
129 135 148 156 160 160 157 154 152 152 150 148 145 143 142 144 149 159 162 157 153 155 163 171 178 177 170 164 159 156 153 150 147 147 150 152 151 152 155 158 161 162 161 158 155 151 143 134 131 132 136 141 146 150 153 156 162 168 170 163 152 144 141 143 147 146 145 146 149 152 152 146 142 141 143 145 146 146 146 145 144 144 144 144 145 149 154 158 158 160 163 165 166 166
127 130 140 151 157 158 157 156 157 158 157 155 153 151 149 147 149 156 160 157 156 161 169 174 175 171 164 158 154 151 147 143 141 140 143 145 144 145 147 151 154 156 158 158 157 153 145 135 130 130 134 141 147 152 153 152 156 166 169 160 149 143 142 143 145 145 146 149 153 156 154 147 142 143 144 145 144 142 140 135 131 131 134 137 141 145 149 155 161 165 166 168 168 167
131 132 136 143 150 153 153 154 157 159 159 159 159 159 157 152 151 155 159 158 159 166 173 174 170 164 158 152 147 143 138 132 127 125 130 133 133 134 137 140 143 146 148 152 153 151 145 137 133 132 135 139 146 151 149 147 153 163 163 156 148 144 142 143 145 146 147 151 155 157 154 147 144 145 145 143 138 134 131 126 123 124 127 132 135 138 143 152 162 166 166 168 168 166
134 135 138 140 141 142 143 145 148 151 153 156 159 163 162 158 154 155 159 161 163 170 174 170 164 157 150 143 136 130 126 123 118 118 120 121 121 124 127 129 131 133 136 140 144 146 143 140 138 138 140 144 150 152 148 147 154 161 158 152 148 145 144 145 147 148 151 154 157 157 153 148 146 147 146 140 134 133 132 129 127 128 131 134 136 139 143 152 161 165 165 166 166 162
132 134 138 139 136 131 126 125 127 130 134 140 149 158 163 161 159 158 161 165 170 174 173 166 158 151 144 135 128 122 122 124 125 124 123 122 122 124 128 130 130 132 134 138 142 143 143 143 143 143 147 153 156 152 148 150 157 161 154 149 148 148 149 150 150 152 155 159 162 160 154 151 150 150 148 142 140 140 138 134 131 132 135 138 140 143 146 152 159 164 164 164 162 158
129 130 134 137 132 122 113 112 115 119 123 128 135 146 156 161 163 164 165 170 176 179 174 165 156 149 143 139 135 131 128 129 131 132 133 133 133 134 137 138 139 140 142 144 145 144 145 147 149 150 154 158 156 151 149 153 161 160 152 149 149 150 153 155 155 155 157 161 165 163 159 158 159 158 154 150 149 149 145 139 135 135 138 141 143 146 150 152 157 162 163 163 161 157
133 133 135 136 133 124 119 120 124 128 132 136 139 144 152 159 166 169 173 178 183 184 178 168 158 152 148 145 144 142 139 137 136 137 140 142 142 144 146 146 145 146 146 146 146 146 147 150 152 154 158 158 154 150 150 156 163 158 150 148 149 151 154 157 158 158 158 161 164 165 165 167 168 164 159 158 159 159 155 148 143 141 142 145 148 151 153 153 155 159 162 162 161 161
137 139 143 145 141 135 134 136 138 141 144 147 149 151 154 159 167 173 179 186 189 188 181 169 160 154 151 148 148 149 148 146 145 144 145 146 148 150 151 151 149 148 148 147 147 146 148 150 152 155 159 157 153 150 151 158 161 154 148 147 148 150 153 156 158 159 158 158 161 164 166 168 169 166 163 164 166 166 163 158 153 149 147 149 152 154 155 153 151 155 160 163 164 166
138 141 148 149 143 139 140 143 146 149 152 154 156 158 160 163 169 176 185 192 193 190 181 169 161 156 153 150 150 151 151 151 152 152 152 152 152 153 154 153 151 150 149 148 148 148 148 148 149 153 156 156 153 152 154 158 157 150 146 146 146 148 150 153 155 156 157 157 159 160 162 164 165 164 164 166 167 167 166 165 161 157 153 153 155 156 156 153 151 154 159 164 167 167
145 145 147 146 141 140 142 146 150 153 156 159 162 165 167 168 172 180 189 195 194 187 177 168 163 159 156 153 153 153 152 152 153 155 156 155 154 153 153 153 152 150 149 150 150 149 148 147 148 152 154 155 155 156 158 157 153 148 145 144 144 144 145 146 146 147 150 152 154 154 153 154 156 158 161 164 165 165 165 166 165 162 159 157 157 158 158 158 157 158 162 166 167 164
161 156 150 147 143 141 143 147 152 155 157 161 165 169 172 174 178 184 192 194 189 181 172 167 164 161 158 156 156 155 153 152 153 155 156 157 154 151 150 151 151 150 150 151 151 150 148 147 148 150 152 155 157 160 161 158 152 147 144 142 140 138 136 132 129 129 131 134 139 141 142 142 143 145 150 155 158 158 159 162 165 163 162 160 159 159 160 161 162 164 165 167 166 163
162 159 153 149 145 143 144 147 151 154 156 160 165 170 175 179 183 188 192 189 182 174 168 165 163 161 159 157 156 155 153 152 152 153 155 155 151 147 147 149 149 149 150 151 150 149 147 146 146 148 150 154 158 161 162 158 153 148 144 140 135 129 121 116 112 111 111 113 119 126 130 131 131 131 134 141 146 147 150 156 160 162 162 161 160 159 159 161 163 165 166 168 167 165
152 153 153 150 146 144 144 146 149 152 155 159 164 170 176 181 185 190 189 183 175 168 164 161 159 157 156 155 155 154 153 152 152 153 154 152 146 144 144 146 147 148 149 150 149 148 145 144 144 146 149 153 157 161 161 158 155 151 146 141 135 125 115 111 109 108 109 111 115 119 121 122 122 122 125 131 136 139 143 150 154 157 160 160 159 158 157 158 160 162 165 168 167 167
139 143 148 147 145 143 143 145 148 151 154 159 164 169 176 181 185 189 187 179 171 163 158 154 152 151 150 151 152 152 152 152 152 152 150 146 141 139 140 144 147 149 149 149 149 147 145 143 143 145 148 152 156 159 160 158 157 156 153 149 144 135 128 125 123 122 122 122 121 118 115 116 116 115 117 123 128 131 135 142 147 150 155 157 158 157 156 158 159 160 163 166 167 166
129 134 142 144 143 142 142 143 145 149 153 158 163 168 173 179 185 189 186 178 169 162 156 152 149 146 146 147 149 150 151 151 151 149 145 141 138 138 141 146 149 150 149 148 148 147 145 144 144 144 147 151 155 159 160 159 160 162 163 161 155 147 141 138 136 134 133 131 127 123 119 116 112 109 111 116 119 120 125 133 139 144 150 154 156 156 156 157 159 160 161 165 166 165
124 128 137 141 143 143 143 144 145 148 152 157 162 165 169 179 184 188 185 177 168 162 157 153 149 145 144 145 147 149 152 152 150 146 143 141 142 144 145 147 149 148 147 147 147 146 147 145 146 145 145 148 153 158 160 160 163 167 169 166 160 154 150 148 146 144 142 140 137 134 131 126 118 112 111 112 113 114 118 126 134 140 146 150 153 155 155 156 158 159 160 163 165 164
122 125 134 139 143 145 147 148 149 151 155 159 163 165 168 173 182 186 181 173 165 160 156 153 149 145 142 143 146 150 153 152 149 148 148 148 148 148 148 148 148 146 144 144 145 146 147 148 149 148 145 144 149 155 158 161 167 169 168 164 159 156 156 156 156 155 153 150 148 145 142 136 128 122 120 117 113 113 117 123 130 137 141 145 149 152 154 156 157 157 158 161 164 163
121 123 130 137 142 145 148 150 152 155 158 162 165 167 170 174 180 182 176 167 160 157 154 151 147 144 141 141 145 150 152 151 151 151 152 152 152 151 150 150 148 145 142 142 144 146 149 152 154 153 149 145 146 151 156 163 168 166 163 158 155 155 158 161 164 164 162 159 157 155 153 148 140 134 131 127 124 122 123 126 130 134 138 141 144 148 153 156 157 157 157 159 162 162
123 124 128 135 141 144 147 150 154 156 159 162 164 167 171 176 180 180 171 161 155 153 151 148 144 139 136 138 145 150 151 152 153 154 154 154 154 153 152 150 148 144 141 140 142 145 149 154 157 157 154 150 148 150 157 165 166 162 158 152 149 152 157 163 167 168 167 166 165 165 164 160 154 147 142 138 134 133 133 134 134 134 135 137 139 143 149 154 158 159 157 157 158 161
125 127 131 135 140 144 147 151 155 159 160 161 162 165 170 181 181 178 166 157 152 149 147 142 135 127 125 131 142 148 149 151 153 155 155 155 154 153 152 149 146 143 140 139 140 143 148 153 157 158 156 153 152 153 159 165 164 159 153 145 143 146 153 160 165 166 167 169 170 170 169 168 164 160 154 148 144 142 142 140 136 133 131 131 133 135 141 149 156 160 160 157 156 160
123 126 131 136 140 144 147 151 157 162 163 163 164 166 169 175 181 175 165 158 153 147 138 127 118 113 115 124 134 140 143 146 149 152 153 152 152 152 149 146 143 141 140 141 143 144 147 152 155 156 155 154 153 156 162 166 164 157 149 140 137 140 148 155 160 161 162 167 169 170 170 171 170 167 162 156 152 149 147 142 138 134 130 126 125 127 131 138 148 157 161 160 159 162
119 121 126 131 137 142 146 151 158 163 166 166 166 169 171 176 179 175 168 166 163 155 138 124 119 118 120 124 128 131 132 135 140 144 146 146 147 147 145 142 139 137 138 141 144 146 147 150 152 154 153 151 152 157 164 168 165 156 143 134 131 134 141 150 154 155 157 162 165 166 168 171 171 168 166 164 160 156 151 146 143 140 132 124 121 122 124 129 137 147 155 158 160 164
119 118 119 124 130 136 142 148 156 163 167 168 169 171 173 177 180 178 178 181 178 169 155 144 136 132 130 130 130 131 130 131 133 136 137 139 142 143 141 138 135 134 134 136 138 138 139 142 146 150 151 149 149 156 166 171 168 155 139 129 125 127 135 143 149 150 152 157 159 159 162 167 166 164 166 169 169 165 158 152 150 146 137 128 125 125 125 126 129 135 143 149 155 162
125 123 122 124 127 131 137 143 151 160 167 170 172 173 174 178 181 184 189 189 181 171 163 156 149 144 140 138 137 137 137 137 137 136 135 136 138 139 139 136 133 131 130 128 126 125 126 130 137 145 150 148 147 154 166 173 169 155 139 128 125 127 132 139 144 147 149 154 155 153 157 162 160 158 164 172 173 170 166 162 158 153 143 137 135 136 136 135 132 133 135 139 145 154
131 131 131 132 134 135 137 141 147 155 164 171 175 176 177 179 183 189 193 187 177 169 164 160 157 152 148 146 144 143 143 144 144 142 137 135 137 138 138 136 134 132 130 127 125 125 127 130 135 143 149 149 147 153 165 173 170 156 140 130 128 129 133 136 139 143 146 150 151 149 153 159 156 153 160 169 172 171 171 172 169 161 152 146 145 147 147 146 142 139 139 140 143 148
131 133 136 139 141 142 142 143 147 153 160 168 174 178 180 181 185 190 189 180 171 166 163 161 160 157 155 152 150 148 148 148 149 147 143 140 139 140 140 139 140 140 140 138 136 135 137 139 141 145 150 151 149 153 165 173 169 157 142 133 130 132 135 135 136 138 143 146 147 145 148 156 153 149 155 163 167 169 172 175 174 167 160 155 154 156 155 151 145 142 142 144 146 148
127 131 137 141 144 145 146 147 150 154 160 165 172 178 182 184 187 188 182 173 166 162 161 159 159 157 157 157 155 154 153 152 150 148 146 144 143 142 142 143 147 151 152 149 145 144 144 145 146 149 152 154 152 154 165 173 168 156 142 134 131 134 138 139 138 138 140 144 146 143 144 151 150 146 150 157 162 164 167 170 172 169 165 162 162 162 160 153 147 144 145 146 148 151
123 126 134 140 144 145 146 149 152 154 157 162 169 176 181 186 188 184 175 166 160 158 156 154 154 153 154 156 158 158 158 157 153 149 145 144 144 144 143 144 149 155 157 155 151 149 148 147 147 148 151 155 154 155 166 173 167 154 141 133 130 132 138 141 141 139 138 140 143 141 141 147 147 142 144 153 158 159 158 162 167 169 168 169 170 167 160 154 152 152 153 153 153 156
120 122 129 136 140 142 144 148 153 154 155 157 164 173 181 190 189 178 168 161 155 151 149 149 149 149 151 154 157 160 161 160 156 151 147 145 146 147 146 145 149 154 157 155 153 152 150 149 148 147 147 152 155 157 166 172 165 153 141 131 126 126 130 135 137 137 134 134 136 137 138 144 144 138 138 147 155 155 151 152 159 167 170 173 174 167 158 155 156 159 161 161 161 162
119 120 126 132 136 139 143 149 155 156 156 157 162 172 197 193 186 173 166 160 153 147 146 146 146 146 148 151 154 158 161 160 157 153 149 148 149 150 149 148 150 154 155 154 152 153 154 154 154 152 150 151 155 160 168 171 164 153 142 130 123 120 120 122 124 126 127 128 129 131 134 140 142 136 135 142 151 151 145 146 155 164 170 173 171 163 157 156 158 161 164 166 169 171
121 122 128 134 138 142 147 153 157 158 158 159 165 178 191 193 183 172 166 162 155 149 147 146 145 144 145 147 151 155 158 158 156 153 150 149 150 150 150 150 153 155 156 153 149 150 153 156 158 158 157 156 157 162 169 171 162 152 143 130 122 119 118 117 119 122 124 124 124 124 127 133 137 134 132 138 148 147 142 143 153 163 166 167 164 159 156 157 159 162 165 168 172 176
