project/data/elevation/US_DEM2016/US_DEM2016_point_10-29-2019_0303_30m_ang.asc
ncols	125
nrows	167
xllcorner	-2042055.000000
yllcorner	1465035.000000
cellsize	30.000000
NODATA_value	-9999.000000
[rows 44 to 87 of 167, columns 0 to 95 of 125]
320 324 332 339 343 346 348 350 352 355 1 12 18 31 7 3 359 357 355 351 346 344 345 345 345 344 344 343 341 339 336 333 334 338 342 345 344 341 338 340 348 357 2 359 352 345 344 343 341 339 340 345 353 354 348 346 348 350 351 352 352 352 351 349 347 344 339 337 334 327 315 305 296 288 283 285 290 294 296 306 323 333 336 339 342 346 351 355 355 356 3 13 22 29 31 26
321 325 333 339 342 345 348 351 355 360 7 17 19 12 4 360 357 355 353 349 345 343 344 345 345 344 343 341 338 335 332 330 331 335 339 343 347 348 346 344 350 3 10 4 352 343 342 344 345 345 343 342 344 343 340 341 345 350 352 353 353 352 353 354 350 346 344 344 341 333 323 316 311 307 302 299 298 299 293 303 312 322 329 333 336 342 352 359 360 359 3 13 27 34 32 26
319 324 333 338 341 344 347 352 357 5 14 21 17 7 360 357 356 354 352 350 347 344 344 344 344 343 341 338 334 330 328 328 329 332 336 340 346 353 355 355 359 10 14 5 351 343 342 344 346 348 347 342 337 335 335 337 344 350 353 354 353 352 354 355 352 349 350 351 347 340 334 329 325 322 318 314 311 309 309 310 305 319 324 329 332 339 350 360 4 4 5 14 27 33 29 24
315 319 329 336 340 344 347 352 359 9 20 23 28 5 356 356 355 354 353 352 350 347 345 343 342 340 338 334 329 326 326 327 328 330 333 338 344 353 1 7 12 14 8 359 351 345 342 344 347 349 344 336 331 333 336 340 344 350 354 354 354 353 354 355 355 355 354 351 346 343 340 338 336 333 329 325 322 320 319 319 321 323 322 325 330 337 347 357 3 6 10 19 27 28 25 20
313 317 325 333 339 344 348 353 1 13 24 24 12 4 354 354 353 353 354 354 352 349 346 343 340 337 333 328 324 323 327 330 330 331 334 338 342 351 4 17 23 16 3 354 349 344 342 347 352 348 338 331 331 335 341 346 347 350 354 355 354 354 355 356 356 354 351 349 347 346 346 345 344 342 340 337 335 333 331 328 328 326 322 321 327 335 343 352 1 9 18 27 29 24 19 13
314 316 324 331 338 345 351 356 3 15 23 20 8 1 355 353 351 352 354 356 355 351 346 343 339 334 329 322 318 321 327 332 333 337 341 342 343 352 11 30 32 20 3 351 343 339 342 350 352 343 334 332 335 340 348 352 351 351 353 353 353 354 355 355 353 351 349 349 349 350 350 350 349 348 347 346 345 344 343 341 337 330 324 320 322 330 339 348 360 13 27 33 28 18 11 5
312 316 325 332 337 346 354 359 5 14 17 12 3 358 356 353 351 353 355 358 358 353 348 343 338 333 325 317 315 318 325 330 333 341 348 350 352 2 23 36 32 17 2 350 342 337 341 346 347 340 335 335 339 346 354 357 355 352 351 351 350 351 352 351 348 347 347 348 350 350 351 351 351 351 350 350 351 351 352 352 349 342 332 325 322 325 334 345 1 21 34 35 26 15 8 2
310 314 325 333 338 345 354 0 7 11 10 4 0 359 358 356 354 355 357 360 359 356 350 344 337 330 322 315 312 314 321 324 329 339 349 356 3 14 22 23 17 7 358 351 345 340 340 343 344 342 340 340 344 352 359 2 358 354 352 350 347 346 346 345 343 342 342 344 345 345 347 348 349 349 350 351 353 354 356 357 356 353 346 338 330 328 330 342 7 30 37 35 26 18 12 5
309 312 322 331 338 344 351 359 7 8 3 358 358 0 2 1 358 357 359 1 0 357 352 345 336 328 320 313 310 312 317 318 323 333 346 359 12 16 14 10 5 359 354 350 345 340 338 341 344 346 346 348 351 357 4 6 2 357 354 351 346 342 339 338 337 335 333 330 328 328 330 334 338 340 343 346 350 352 353 355 355 354 353 344 343 314 333 341 13 32 33 29 25 20 12 4
311 312 319 326 334 341 347 357 7 8 17 359 357 3 8 8 4 0 1 3 1 357 351 343 335 327 319 313 311 313 317 318 321 327 341 1 16 14 7 3 359 355 351 346 340 336 335 338 344 349 352 355 357 2 8 10 6 1 356 350 345 341 337 335 333 331 326 322 319 316 314 313 316 321 326 331 336 341 344 343 343 344 346 347 348 323 344 349 11 21 21 21 20 13 4 358
315 316 321 326 332 338 343 354 6 9 359 4 359 11 18 17 11 5 3 2 359 354 348 342 335 328 320 315 315 318 322 324 324 325 338 4 17 12 3 359 354 350 345 339 333 330 331 336 343 350 356 360 3 7 13 14 9 2 355 349 346 343 340 336 335 333 330 328 325 321 313 302 294 292 296 300 305 312 317 315 308 306 312 323 336 347 352 357 3 6 10 13 10 3 358 353
319 321 326 331 336 340 342 349 4 10 1 12 6 25 28 29 15 9 2 356 352 349 346 341 336 330 323 319 319 322 326 329 328 328 339 3 14 8 0 355 350 344 338 331 326 325 328 335 343 350 357 3 7 12 18 18 11 1 354 350 348 346 342 338 335 334 334 333 330 325 315 303 292 283 277 273 270 267 266 273 276 296 307 320 299 343 354 357 356 358 2 5 1 358 353 347
322 325 331 338 343 348 349 352 2 9 3 27 31 27 25 18 12 5 356 350 347 346 345 342 338 333 328 323 322 324 330 334 335 337 346 359 5 3 359 354 348 340 332 325 322 322 326 333 342 349 356 4 11 18 23 21 12 2 356 353 352 349 343 335 333 334 336 337 335 331 325 321 318 311 296 273 261 259 275 288 303 311 319 329 317 347 354 354 352 354 358 359 356 352 346 341
320 324 334 343 350 356 357 358 3 8 25 5 12 17 15 10 5 360 354 349 345 344 344 342 340 337 333 328 326 329 336 340 343 347 353 357 359 359 357 353 348 339 329 321 319 320 324 331 338 345 352 3 16 25 28 23 14 7 2 359 356 350 343 335 331 333 339 342 341 339 337 336 337 338 332 317 310 310 311 314 318 322 327 328 345 352 355 353 350 352 354 354 350 345 340 338
315 320 333 344 354 0 2 3 8 10 5 4 7 8 6 3 360 356 353 350 347 344 343 342 340 340 337 332 330 333 339 343 348 354 358 357 355 355 355 352 348 339 328 320 316 317 321 326 332 336 343 1 21 31 31 23 15 11 5 359 354 349 344 338 336 338 344 347 345 342 342 345 351 354 346 335 329 326 325 324 326 328 333 341 350 355 357 353 348 348 350 350 344 339 337 340
311 316 330 343 353 1 5 9 14 15 26 1 2 5 359 357 355 353 351 350 347 344 341 340 340 341 338 333 332 336 340 343 348 356 0 357 353 352 351 350 346 339 329 320 314 313 315 318 321 324 331 355 23 32 27 18 13 9 2 356 351 347 343 341 343 348 351 349 346 345 347 354 360 356 347 339 335 333 331 330 331 334 338 346 353 357 358 353 347 345 346 345 339 335 338 350
309 314 328 341 350 359 7 15 23 22 9 357 355 354 352 351 350 348 347 347 345 340 337 336 338 338 334 330 332 338 344 346 349 355 357 355 353 350 349 347 345 339 329 321 315 313 313 315 317 321 328 346 13 23 18 12 9 5 359 354 349 343 340 341 347 354 356 352 348 349 354 359 358 352 346 343 340 338 337 336 337 340 344 349 333 359 358 352 344 341 341 340 336 336 347 359
308 312 327 340 349 358 9 22 32 31 16 358 351 348 345 344 343 342 340 336 332 329 327 329 331 330 324 323 328 338 348 352 354 355 355 353 351 349 348 347 345 339 330 324 323 325 327 326 328 332 338 348 3 11 8 5 4 0 356 352 346 341 339 341 348 356 357 354 352 354 358 358 354 350 347 345 344 343 343 343 345 347 350 354 358 1 360 349 339 337 336 335 333 339 353 356
308 311 325 340 351 1 13 30 42 40 26 9 356 343 331 326 328 329 320 311 307 306 309 313 317 316 313 314 321 333 345 353 357 359 358 355 351 349 350 349 347 340 332 329 332 339 341 340 339 342 346 353 3 8 4 360 359 356 351 346 342 340 339 342 348 354 354 353 354 357 358 356 352 350 349 347 346 347 349 350 352 354 357 345 2 5 1 347 335 332 331 330 332 342 349 347
312 315 327 341 354 6 19 36 44 40 30 22 12 352 324 300 345 309 314 311 304 297 296 301 307 308 308 309 315 326 337 347 355 1 4 1 355 351 351 351 347 339 332 331 336 343 347 346 345 346 350 357 6 9 2 357 355 350 343 339 338 339 341 345 349 349 347 348 353 357 356 353 351 350 349 348 348 349 352 355 357 360 3 5 336 325 0 345 332 328 328 327 331 340 342 340
318 322 334 346 357 9 24 37 39 33 28 23 15 4 349 329 320 318 323 325 321 313 308 307 308 308 308 309 314 324 331 337 347 359 8 7 1 355 353 350 344 336 330 330 336 343 347 348 349 351 355 360 7 8 1 354 351 344 337 335 336 339 343 349 349 343 339 342 349 354 353 351 349 347 348 348 348 349 352 357 1 4 8 12 13 318 355 340 329 325 323 324 329 335 335 334
321 325 338 351 1 13 28 34 30 25 22 17 12 7 0 349 335 326 325 330 332 330 325 320 315 311 311 313 319 328 332 334 340 354 4 4 0 356 353 349 343 335 329 328 333 340 344 347 351 357 360 2 6 7 359 352 347 339 334 334 338 342 347 350 346 337 331 335 344 349 349 349 347 343 343 346 349 349 349 355 5 12 18 21 13 355 342 335 328 324 322 322 327 332 330 327
321 326 340 354 5 18 27 26 21 17 14 11 10 9 5 357 345 333 327 329 334 336 334 329 322 317 316 319 327 337 341 341 343 350 356 356 355 353 352 348 342 335 329 327 331 337 340 344 351 359 3 5 7 4 357 349 343 336 333 336 344 347 351 350 343 332 326 330 339 344 345 347 347 344 340 342 351 1 355 331 57 102 117 54 335 327 327 329 329 327 325 325 329 333 331 326
321 327 342 357 9 22 26 19 31 10 8 8 9 9 6 1 352 341 332 330 332 335 336 333 327 322 321 324 333 342 347 349 349 351 353 351 350 350 350 347 342 335 329 327 329 332 335 340 348 356 3 7 8 1 353 345 339 335 336 341 347 350 353 349 339 329 325 328 333 338 341 342 345 347 346 343 3 69 265 176 170 270 134 316 316 316 318 324 327 327 327 330 335 340 339 334
321 327 344 1 14 25 25 15 8 5 4 5 6 6 4 2 357 349 339 332 330 331 333 332 329 326 325 327 334 342 349 352 353 354 355 351 348 348 349 346 341 335 331 328 328 330 333 338 345 351 358 4 6 359 348 340 336 337 342 345 348 352 351 344 336 328 323 322 324 326 329 330 330 342 1 30 120 125 124 131 126 48 352 329 321 318 320 324 326 326 328 333 339 346 349 344
320 328 347 5 19 27 25 16 9 4 1 359 360 360 359 360 358 354 346 337 331 329 329 330 329 329 329 330 334 339 345 349 353 357 359 354 349 348 348 344 341 337 334 331 330 332 337 341 346 348 349 354 358 350 346 336 336 343 350 347 347 350 345 338 332 326 320 318 317 315 311 309 302 294 97 105 104 128 60 22 1 350 341 331 325 323 324 327 327 328 333 338 343 350 355 353
322 329 350 9 23 28 24 18 14 8 359 350 347 349 352 354 356 354 350 343 336 331 328 327 329 331 333 334 335 336 337 341 348 355 359 356 350 347 346 343 341 340 338 334 333 335 341 346 348 347 345 347 352 352 350 341 344 353 355 349 348 346 336 329 326 325 326 332 338 338 336 337 341 4 71 66 43 22 6 356 349 344 338 332 329 330 332 334 334 336 341 346 349 354 359 2
325 332 353 11 24 26 21 17 15 11 2 347 337 337 342 346 349 351 350 346 340 334 330 329 331 336 340 341 340 339 336 337 341 349 356 355 349 345 344 342 342 342 339 335 333 338 345 347 347 346 346 348 353 356 358 351 355 359 358 355 354 349 340 333 332 333 338 346 352 353 353 357 7 21 27 18 7 357 350 345 343 341 339 336 334 337 341 344 345 346 350 354 355 359 6 12
328 335 355 14 24 23 18 14 11 8 3 353 342 336 336 339 343 346 347 346 342 337 333 332 334 340 346 348 348 346 344 343 345 348 353 353 348 344 342 343 344 344 340 334 334 341 346 347 346 347 349 353 358 0 357 355 356 358 358 358 357 353 347 343 340 341 346 352 356 358 1 8 17 18 11 1 353 346 341 339 339 341 342 340 339 341 346 352 355 357 0 2 2 6 15 18
331 338 357 16 22 20 14 9 5 3 360 355 350 344 340 338 338 340 343 344 343 339 335 334 338 344 349 352 352 351 349 348 350 352 354 354 349 344 343 346 347 345 341 336 335 340 345 346 346 348 352 357 3 3 358 354 354 355 356 356 355 351 347 345 343 346 352 357 1 6 12 18 17 7 357 350 345 339 336 335 338 341 343 343 343 345 351 357 2 7 10 11 10 14 19 18
334 341 360 15 19 16 11 4 358 355 354 353 352 350 345 340 337 336 338 342 343 341 338 338 341 344 348 352 355 354 352 351 351 353 356 356 350 345 345 347 347 345 341 336 334 337 340 342 344 346 350 357 4 5 360 354 352 352 352 352 351 348 346 346 348 354 0 3 8 16 19 15 6 355 347 343 339 334 332 333 336 340 343 345 348 352 354 358 5 13 18 18 17 19 21 16
336 344 2 13 15 13 7 358 351 348 349 350 351 349 345 340 336 334 335 338 342 342 341 342 343 344 346 351 355 356 355 353 353 354 356 355 350 346 346 346 346 345 340 334 332 334 336 337 340 343 346 352 0 4 360 353 350 349 349 348 346 345 347 352 1 8 6 2 8 15 13 5 355 347 342 339 336 333 332 333 335 337 339 342 349 356 360 0 5 16 23 23 21 21 19 14
336 345 3 12 11 7 359 351 347 345 346 347 346 344 340 337 334 333 334 337 341 343 344 345 346 345 345 348 354 357 358 358 357 356 355 355 352 349 348 347 345 343 337 332 331 334 337 339 341 344 347 351 357 0 356 351 349 348 347 345 343 346 356 9 15 11 1 357 0 4 2 356 348 343 341 339 337 336 336 338 338 333 329 329 338 353 2 6 10 16 22 22 20 19 17 12
334 345 5 12 8 359 353 349 347 346 345 343 340 337 334 332 331 332 334 337 340 344 346 347 347 346 345 347 350 355 359 2 1 359 357 358 357 354 351 349 345 341 337 332 329 331 335 339 340 342 345 350 354 354 350 347 347 347 346 345 346 356 9 13 8 1 356 353 353 353 353 349 345 344 343 341 340 340 342 346 348 343 335 328 329 339 356 8 15 19 21 19 17 16 15 9
332 344 7 12 4 354 351 351 357 349 345 340 336 333 330 329 330 333 336 338 342 345 348 348 347 346 345 345 346 350 358 2 3 1 1 3 5 1 354 349 345 341 337 331 325 324 327 330 331 333 337 343 347 348 346 344 345 347 347 348 354 7 10 3 357 354 352 350 348 349 348 345 343 344 344 344 343 343 347 352 356 355 351 343 336 337 347 3 16 22 20 15 13 13 11 6
333 346 9 11 1 354 352 352 351 348 344 339 334 331 330 330 331 335 338 341 344 347 349 349 348 346 343 342 341 344 352 360 2 3 5 9 10 6 357 352 348 344 339 332 325 323 325 327 330 333 337 341 344 347 347 344 345 347 350 354 4 8 2 354 349 348 347 345 346 346 344 341 341 343 344 345 346 345 347 352 357 0 359 355 349 347 350 0 14 19 16 11 10 10 7 1
340 351 6 6 359 354 351 350 348 345 341 337 333 331 330 331 333 336 340 344 347 350 351 352 351 347 342 337 334 334 340 350 357 3 8 14 10 9 1 357 353 349 344 339 335 335 335 334 334 336 339 341 344 347 349 347 347 352 356 0 4 1 354 347 343 341 341 342 344 343 339 336 336 339 343 345 347 347 346 348 353 359 2 2 358 355 356 2 10 11 9 7 6 5 1 355
353 356 359 359 356 353 350 347 344 341 337 333 330 330 331 332 334 337 342 346 348 351 353 355 353 349 344 337 329 322 320 326 340 356 8 16 14 7 1 358 354 351 349 346 344 344 342 340 338 338 339 340 343 348 351 349 1 354 357 360 360 355 349 342 337 336 337 341 344 341 335 332 333 337 341 344 346 348 348 347 347 353 1 5 5 3 2 5 8 5 4 4 1 359 354 350
359 358 355 354 353 350 347 344 340 337 333 330 329 329 331 334 337 341 345 348 349 352 356 357 354 352 351 347 337 325 315 313 320 337 1 9 9 2 358 355 352 351 350 349 347 346 344 342 340 340 340 340 342 347 352 351 0 352 354 357 356 352 346 339 334 333 338 343 343 339 333 330 331 335 339 342 345 348 350 350 347 348 355 4 8 9 7 7 6 3 1 1 357 353 349 348
357 357 357 354 350 346 344 340 336 333 330 328 328 330 333 335 340 346 352 352 350 354 358 356 352 351 353 354 350 342 333 328 327 333 347 359 2 357 354 350 349 350 351 350 347 345 344 343 342 342 342 342 344 348 353 353 1 353 351 353 352 349 343 336 331 333 340 344 342 338 333 329 329 331 335 337 340 344 348 351 351 347 349 359 7 11 13 11 6 2 1 360 355 350 349 352
352 355 358 354 348 343 340 337 333 329 327 326 328 331 334 338 343 352 0 359 355 358 357 351 346 346 349 351 353 350 346 343 341 341 348 356 356 353 349 348 349 352 352 349 345 343 342 343 345 345 345 345 347 350 354 354 349 347 348 349 348 345 341 335 330 333 340 342 341 339 335 331 327 326 327 325 327 334 341 347 352 350 347 349 1 11 16 15 10 5 3 2 359 354 357 4
350 353 355 352 346 341 338 334 330 327 325 326 328 332 337 342 350 2 10 6 359 355 350 345 342 342 344 347 350 352 352 352 350 348 349 352 352 349 348 350 353 353 351 348 344 340 339 341 345 348 349 349 351 353 355 354 348 346 346 346 345 343 339 333 330 333 338 339 340 340 338 335 333 329 326 319 314 314 321 331 342 346 344 341 350 6 15 17 15 11 9 8 7 5 5 8
348 350 351 348 343 339 336 332 327 324 324 327 330 334 341 350 3 17 18 5 354 347 343 340 339 339 340 343 347 350 353 355 356 354 351 351 348 347 351 356 356 352 349 346 340 334 333 337 344 350 352 354 356 356 357 354 3 345 350 344 343 342 337 331 329 332 337 338 339 340 339 339 340 342 341 333 323 314 311 312 319 332 336 331 336 354 11 17 18 16 13 13 13 10 6 4
346 348 348 345 341 337 334 330 326 323 325 328 332 339 349 3 17 17 8 358 349 342 338 336 335 335 336 340 344 346 349 354 358 358 356 353 346 349 355 359 356 351 348 344 336 327 325 330 339 346 351 355 358 359 359 356 350 346 345 344 343 340 335 330 329 331 337 339 340 339 337 337 341 348 352 351 347 341 335 329 327 330 331 328 330 343 3 13 16 14 13 15 14 9 4 1
