project/data/elevation/US_DEM2016/US_DEM2016_point_10-27-2019_2337_30m_vel.asc
ncols	125
nrows	167
xllcorner	-2042055.000000
yllcorner	1465035.000000
cellsize	30.000000
NODATA_value	-9999.000000
[rows 76 to 113 of 167, columns 0 to 83 of 125]
6.30 6.44 6.72 6.92 7.10 7.36 7.68 7.88 7.83 7.56 7.31 7.31 7.61 8.04 8.27 8.40 8.38 8.19 7.92 7.82 7.91 7.94 7.93 7.94 7.83 7.36 6.78 6.88 7.53 7.99 7.94 7.49 6.69 6.03 5.81 5.77 5.71 5.52 5.27 5.13 5.13 5.39 5.93 6.56 7.02 6.84 6.16 5.48 5.13 5.04 4.97 4.86 4.82 4.96 5.25 5.52 5.69 5.73 5.81 5.93 5.95 5.84 5.70 5.67 5.65 5.61 5.77 6.38 7.42 8.06 7.93 7.60 7.65 7.95 8.35 8.90 9.45 9.70 9.47 8.76 7.38 5.42 4.37 4.15
6.26 6.47 6.84 6.99 7.14 7.48 7.64 7.46 6.92 6.25 5.93 6.15 6.67 7.24 7.65 7.86 7.84 7.61 7.33 7.19 7.23 7.39 7.59 7.80 7.88 7.56 6.85 6.55 6.94 7.67 8.14 8.15 7.69 7.21 6.84 6.50 6.12 5.67 5.34 5.25 5.35 5.52 5.82 6.31 6.81 6.72 6.14 5.51 5.03 4.81 4.71 4.64 4.56 4.73 5.11 5.50 5.78 5.91 5.99 5.99 5.82 5.59 5.61 5.91 6.27 6.50 6.67 7.05 7.82 8.69 9.02 9.13 9.44 9.93 10.32 10.52 10.45 10.14 9.67 9.19 8.30 6.68 5.23 4.24
6.06 6.17 6.53 6.66 6.67 6.73 6.66 6.39 6.27 5.92 5.95 6.24 6.73 7.25 7.54 7.64 7.54 7.32 7.10 6.92 6.88 7.00 7.23 7.49 7.64 7.46 6.80 6.25 6.32 6.94 7.72 8.20 8.19 7.85 7.42 6.94 6.40 5.87 5.58 5.45 5.36 5.26 5.37 5.91 6.47 6.31 5.39 4.52 4.09 3.91 3.91 4.09 4.42 4.82 5.24 5.58 5.86 5.98 5.94 5.79 5.69 5.66 5.79 6.27 6.91 7.30 7.67 8.22 9.00 9.58 9.95 10.05 10.25 10.62 10.70 10.51 9.97 9.21 8.94 9.14 9.29 8.78 7.63 6.27
5.83 5.77 6.05 6.26 6.16 6.03 6.06 6.25 6.48 6.68 6.85 7.09 7.48 7.78 7.83 7.67 7.43 7.20 7.01 6.83 6.72 6.76 6.89 7.15 7.39 7.28 6.55 5.71 5.41 5.75 6.36 7.18 7.63 7.58 7.25 6.85 6.43 5.94 5.56 5.24 4.98 4.81 4.96 5.70 6.41 6.30 5.22 4.23 3.95 4.05 4.34 4.76 5.21 5.49 5.62 5.63 5.57 5.43 5.14 4.94 5.13 5.43 5.76 6.37 7.12 7.81 8.56 9.20 9.53 9.76 9.77 9.63 9.60 9.54 9.42 9.16 8.59 7.94 7.71 8.17 8.96 9.42 9.19 8.30
5.68 5.58 5.85 6.27 6.33 6.24 6.35 6.70 7.10 7.33 7.54 7.81 8.09 8.07 7.85 7.49 7.10 6.82 6.65 6.52 6.46 6.50 6.61 6.85 7.21 7.25 6.47 5.13 4.22 4.25 4.56 5.26 6.13 6.69 6.77 6.59 6.45 6.15 5.88 5.63 5.48 5.44 5.66 6.35 7.03 7.03 6.12 5.14 4.83 5.06 5.44 5.76 5.91 5.91 5.71 5.53 5.31 5.14 5.00 4.98 5.22 5.56 5.95 6.59 7.33 8.08 8.70 8.96 8.97 8.85 8.64 8.40 8.05 7.60 7.49 7.67 7.70 7.45 7.06 6.85 7.37 8.49 9.21 9.15
5.68 5.63 5.89 6.42 6.69 6.73 6.79 7.00 7.32 7.60 7.87 8.04 8.01 7.73 7.37 7.00 6.61 6.19 5.96 5.86 5.89 6.04 6.30 6.60 7.07 7.34 6.78 4.97 3.53 3.11 3.06 3.30 4.10 5.25 5.97 6.28 6.34 6.53 6.59 6.65 6.76 6.89 7.15 7.53 8.01 8.11 7.48 6.56 6.06 5.90 5.83 5.72 5.64 5.59 5.57 5.59 5.78 6.05 6.37 6.51 6.59 6.68 6.86 7.23 7.60 7.90 7.92 7.72 7.70 7.77 7.71 7.53 7.17 6.60 6.52 6.85 7.25 7.42 7.18 6.53 6.25 6.84 8.13 8.96
5.95 5.92 6.02 6.23 6.47 6.68 6.87 7.10 7.37 7.63 7.81 7.75 7.44 7.02 6.67 6.45 6.25 5.89 5.51 5.35 5.39 5.52 5.74 6.18 6.79 7.41 7.31 5.92 3.93 3.10 2.77 2.66 2.95 3.74 4.91 5.74 6.07 6.49 6.78 7.09 7.41 7.68 7.87 8.05 8.42 8.68 8.38 7.58 6.81 6.20 5.77 5.58 5.64 5.78 5.83 5.89 6.21 6.55 6.99 7.34 7.52 7.60 7.65 7.61 7.53 7.34 7.07 6.98 7.09 7.29 7.37 7.25 6.84 6.26 6.09 6.34 6.80 7.18 7.28 6.96 6.25 5.95 6.66 8.00
6.18 6.23 6.23 6.14 6.20 6.46 6.77 7.09 7.33 7.44 7.40 7.15 6.79 6.49 6.26 6.11 6.05 5.88 5.53 5.20 5.06 5.08 5.21 5.61 6.34 7.20 7.64 7.07 5.57 4.56 4.11 3.86 3.59 3.69 4.41 5.31 5.70 6.12 6.50 6.90 7.22 7.41 7.52 7.62 8.01 8.52 8.55 7.98 7.20 6.59 6.37 6.35 6.34 6.28 6.12 6.09 6.33 6.36 6.65 7.15 7.57 7.76 7.76 7.48 7.05 6.72 6.70 6.91 7.13 7.25 7.30 7.14 6.51 5.67 5.16 5.33 5.86 6.35 6.70 6.86 6.48 5.72 5.51 6.62
6.15 6.24 6.35 6.36 6.39 6.54 6.78 7.05 7.17 7.09 6.85 6.54 6.28 6.12 5.98 5.85 5.80 5.79 5.57 5.16 4.88 4.85 4.94 5.29 6.00 6.92 7.69 7.85 7.53 7.08 6.61 5.97 5.31 4.84 4.81 5.28 5.85 6.32 6.66 6.79 6.77 6.76 6.86 7.14 7.57 8.19 8.48 8.29 7.95 7.67 7.34 7.04 6.72 6.44 6.19 6.19 6.27 6.40 6.72 7.08 7.42 7.56 7.48 7.13 6.62 6.34 6.42 6.74 6.94 7.08 7.23 7.17 6.36 4.97 3.95 3.78 4.22 4.84 5.41 5.90 6.11 5.68 4.97 5.27
6.05 6.14 6.35 6.57 6.71 6.82 6.89 6.91 6.85 6.66 6.37 6.08 5.91 5.81 5.74 5.62 5.54 5.51 5.33 4.96 4.79 4.89 5.12 5.55 6.20 6.92 7.62 8.09 8.34 8.39 8.25 7.74 6.90 6.11 5.76 5.92 6.43 6.85 6.80 6.54 6.30 6.32 6.61 6.98 7.35 7.90 8.36 8.50 8.54 8.50 8.13 7.54 7.03 6.66 6.32 6.28 6.43 6.58 6.73 6.80 6.88 6.93 6.90 6.75 6.41 6.10 5.99 6.14 6.29 6.58 7.11 7.48 6.99 5.45 3.96 3.29 3.07 3.19 3.59 4.14 4.83 5.07 4.62 4.44
6.08 6.21 6.48 6.71 6.85 6.86 6.74 6.54 6.38 6.22 6.03 5.85 5.70 5.60 5.52 5.45 5.38 5.32 5.25 4.89 4.81 5.03 5.42 5.89 6.43 6.95 7.44 7.82 8.02 8.13 8.25 8.31 7.93 7.12 6.50 6.36 6.52 6.54 6.27 6.03 5.95 6.04 6.22 6.46 6.76 7.25 7.75 8.01 8.17 8.31 8.27 7.99 7.61 7.16 6.63 6.37 6.73 6.21 6.28 6.12 6.09 6.14 6.27 6.36 6.27 5.93 5.61 5.55 5.68 6.09 6.82 7.71 7.95 7.30 5.87 4.62 3.69 3.11 2.80 3.03 3.26 3.83 3.89 3.65
6.16 6.29 6.48 6.55 6.50 6.37 6.23 6.14 6.08 6.00 5.85 5.75 5.62 5.47 5.30 5.25 5.39 5.52 5.54 5.39 5.21 5.18 5.38 5.79 6.25 6.67 7.05 7.35 7.35 7.12 7.24 7.80 8.20 7.97 7.31 6.65 6.81 5.71 5.59 5.74 5.74 5.66 5.59 5.70 6.07 6.46 6.80 6.88 6.89 7.01 7.13 7.24 7.28 7.18 6.84 6.44 6.13 5.85 5.74 5.77 5.81 5.94 6.13 6.25 6.25 5.94 5.54 5.41 5.47 5.85 6.51 7.43 8.20 8.57 8.35 7.41 6.36 5.39 4.57 3.94 3.60 3.61 3.61 3.48
6.16 6.26 6.29 6.19 6.02 5.93 6.00 6.18 6.23 6.05 5.80 5.63 5.51 5.36 5.23 6.23 5.65 6.12 6.27 6.20 5.93 5.60 5.48 5.64 5.89 6.15 6.47 6.82 6.93 6.64 6.49 6.89 7.65 8.08 7.88 7.08 6.12 5.57 5.45 5.67 5.68 5.57 5.54 5.67 5.91 6.09 6.14 5.80 5.31 5.01 5.08 5.22 5.51 5.87 6.00 5.99 5.92 5.86 5.88 5.98 6.09 6.17 6.20 6.20 6.21 5.97 5.61 5.48 5.50 5.81 6.30 6.88 7.68 8.52 9.10 9.22 8.91 8.34 7.66 6.86 6.04 5.46 5.29 5.00
6.13 6.21 6.23 6.14 6.06 6.13 6.31 6.40 6.29 6.01 5.63 5.30 5.13 5.08 5.10 5.25 5.61 6.02 6.31 6.45 6.38 6.13 5.83 5.63 5.56 5.56 5.73 6.09 6.44 6.54 6.37 6.29 6.62 7.33 7.66 7.34 6.52 5.99 5.74 5.83 5.92 6.02 6.08 6.12 6.19 6.24 6.11 5.44 4.47 3.94 3.80 3.83 4.02 4.47 5.03 5.50 5.79 5.96 6.07 6.19 6.24 6.16 6.05 5.99 5.99 5.83 5.53 5.44 5.46 5.68 6.02 6.39 6.84 7.38 8.03 8.76 9.20 9.31 9.24 9.02 8.59 8.04 7.54 7.12
6.10 6.16 6.24 6.30 6.36 6.48 6.50 6.32 5.99 5.61 5.21 4.77 4.51 4.49 5.77 4.38 4.47 4.78 5.31 5.76 6.07 6.14 5.91 5.55 5.28 5.19 5.23 5.41 5.58 5.72 5.77 5.62 5.64 6.24 7.00 7.25 6.81 6.38 6.13 6.20 6.31 6.43 6.51 6.61 6.75 6.87 6.78 6.25 5.37 4.68 4.41 4.52 4.90 5.35 5.71 5.91 6.00 6.05 6.02 5.98 5.91 5.78 5.76 5.78 5.75 5.57 5.23 5.14 5.20 5.34 5.63 5.98 6.05 5.88 6.04 6.62 7.48 8.13 8.64 9.04 9.15 8.95 8.69 8.45
6.08 6.12 6.21 6.34 6.46 6.49 6.30 5.91 5.47 5.05 4.72 4.46 4.36 4.30 4.03 3.64 3.48 3.64 4.02 4.52 4.99 5.38 5.50 5.44 5.41 5.43 5.35 5.15 4.85 4.58 4.56 4.60 4.70 5.18 6.10 6.81 6.82 6.48 6.27 6.38 6.48 6.59 6.76 7.10 7.41 7.70 7.78 7.54 7.17 6.78 6.36 6.33 6.59 6.80 6.77 6.43 6.12 5.94 5.72 5.49 5.37 5.36 5.43 5.57 5.57 5.29 4.87 4.78 4.81 4.91 5.27 5.69 5.60 4.93 4.52 4.73 5.44 6.13 6.69 7.28 7.85 8.12 8.10 8.20
6.07 6.11 6.21 6.35 6.38 6.18 5.78 5.33 4.96 4.71 4.60 4.58 4.63 4.66 4.50 4.12 3.74 3.54 3.58 3.81 4.14 4.56 4.99 5.37 5.71 5.96 5.98 5.67 5.21 4.83 4.64 4.63 4.68 4.85 5.34 6.11 6.50 6.43 6.34 6.46 6.58 6.77 7.03 7.44 7.78 8.19 8.45 8.40 8.22 8.15 8.01 7.70 7.29 6.87 6.50 6.24 6.01 5.77 5.43 5.09 4.89 4.89 5.05 5.31 5.45 5.26 4.88 4.70 4.62 4.66 5.06 5.66 5.69 4.88 3.97 3.66 4.07 4.63 4.89 5.18 5.77 6.37 6.47 6.45
6.07 6.09 6.13 6.15 5.94 5.52 5.04 4.72 4.57 4.56 4.64 4.73 4.86 5.04 5.19 5.17 4.89 4.54 4.41 4.49 4.70 5.03 5.40 5.73 5.97 6.23 6.53 6.68 6.65 6.51 6.30 6.13 5.98 5.78 5.51 5.73 6.18 6.44 6.62 6.78 6.91 7.11 7.34 7.57 7.72 8.08 8.48 8.57 8.43 8.35 8.30 8.10 7.55 6.75 6.23 6.16 6.09 5.83 5.42 5.04 4.81 4.76 4.97 5.34 5.62 5.57 5.31 5.04 4.78 4.71 5.00 5.74 5.97 5.27 4.01 3.02 2.87 3.23 3.34 3.42 3.91 4.72 4.93 4.74
6.06 6.02 5.89 5.60 5.11 4.54 4.13 4.05 4.20 4.40 4.58 4.81 5.05 5.31 5.68 6.06 6.25 6.23 6.22 6.30 6.43 6.56 6.62 6.55 6.41 6.37 6.57 6.89 7.17 7.22 7.06 6.80 6.49 6.16 5.74 5.76 6.11 6.57 6.94 7.14 7.25 7.32 7.34 7.34 7.33 7.60 8.07 8.35 8.35 8.23 8.02 7.94 7.88 7.66 7.21 6.76 6.41 6.08 5.79 5.59 5.49 5.43 5.52 5.75 5.94 5.83 5.53 5.27 5.04 5.02 5.28 5.97 6.34 5.74 4.30 2.87 2.24 2.20 2.28 2.23 2.42 3.07 3.64 3.74
6.04 6.01 5.77 5.27 4.62 4.11 3.88 3.89 4.16 4.44 4.69 5.07 5.51 5.91 6.32 6.84 7.24 7.55 7.73 7.77 7.66 7.44 7.17 6.96 6.79 6.60 6.37 6.16 6.13 6.17 6.00 5.75 5.56 5.43 5.50 5.82 6.25 6.69 7.05 7.19 7.18 7.08 6.89 6.74 6.80 7.02 7.45 7.81 7.95 7.99 7.86 7.76 7.77 7.79 7.63 7.13 6.60 6.23 6.01 5.93 5.98 6.04 6.03 6.12 6.23 6.06 5.58 5.29 5.26 5.49 5.78 6.38 6.96 6.64 5.09 3.63 2.76 2.40 2.29 2.08 1.98 2.23 2.77 3.19
6.05 6.01 5.79 5.42 5.07 4.88 4.82 4.83 4.92 5.04 5.20 5.56 6.10 6.62 7.07 7.45 7.78 7.98 7.99 7.83 7.52 7.16 6.86 6.78 6.91 6.96 6.63 6.03 5.63 5.52 5.42 5.27 5.24 5.26 5.47 5.91 6.37 6.69 6.86 6.89 6.82 6.65 6.42 6.25 6.27 6.48 6.76 6.99 7.06 6.97 6.96 6.99 6.97 6.93 6.84 6.69 6.40 6.11 5.89 5.76 5.82 6.01 6.10 6.23 6.45 6.46 6.05 5.62 5.52 5.68 5.90 6.53 7.58 7.85 6.69 5.18 4.04 3.39 3.15 2.88 2.64 2.62 2.90 3.34
6.01 5.94 5.72 5.72 5.69 5.79 5.89 6.00 6.14 6.17 6.11 6.25 6.68 7.22 7.64 7.82 7.83 7.66 7.34 6.94 6.61 6.40 6.27 6.32 6.61 7.08 7.19 7.02 6.85 6.83 6.82 6.69 6.39 6.05 5.91 6.08 6.33 6.49 6.53 6.48 6.32 6.16 6.05 5.99 6.02 6.19 6.39 6.42 6.13 5.62 5.31 5.36 5.55 5.64 5.73 5.87 5.95 5.91 5.84 5.78 5.84 5.99 6.02 6.05 6.24 6.43 6.27 5.86 5.51 5.40 5.53 6.20 7.65 8.63 8.34 7.00 5.65 4.67 4.47 4.26 4.02 3.91 4.06 4.52
5.93 5.82 5.67 5.87 5.95 6.27 6.58 6.86 7.15 7.34 7.32 7.27 7.42 7.69 7.80 7.70 7.42 7.02 6.62 6.35 6.23 6.14 6.02 6.02 6.25 6.82 7.33 7.73 7.94 8.04 8.05 7.90 7.49 6.88 6.38 6.24 6.28 6.25 6.19 6.06 5.88 5.78 5.81 5.94 6.10 6.34 6.54 6.53 6.07 5.33 4.70 4.36 4.19 4.39 4.83 5.35 5.78 5.96 5.97 5.95 6.01 6.08 5.97 5.88 5.93 6.09 6.02 5.64 5.17 4.99 5.07 5.68 7.21 8.74 9.34 8.94 7.86 6.79 6.51 6.30 6.08 5.93 5.96 6.08
5.93 5.85 5.77 5.89 6.22 6.74 7.27 7.63 7.88 8.07 8.14 8.05 7.87 7.66 7.40 7.07 6.75 6.45 6.23 6.14 6.30 6.44 6.43 6.36 6.38 6.57 6.83 7.11 7.35 7.53 7.65 7.74 7.64 7.23 6.62 6.27 6.13 5.93 5.73 5.64 5.69 5.88 6.07 6.25 6.45 6.72 6.91 7.05 6.95 6.60 6.03 5.34 4.64 4.60 5.01 5.53 5.96 6.20 6.29 6.28 6.25 6.23 6.13 6.09 6.13 6.17 5.99 5.56 5.13 5.01 5.12 5.59 6.70 8.14 9.34 9.86 9.72 9.10 8.64 8.39 8.17 7.83 7.47 7.04
6.04 5.97 5.86 5.94 6.28 6.79 7.25 7.59 7.79 7.92 7.98 7.89 7.61 7.17 6.71 6.36 6.15 6.05 5.93 5.87 6.14 6.46 6.64 6.61 6.50 6.40 6.21 6.01 5.95 6.10 6.37 6.77 7.13 7.14 6.68 6.20 5.87 5.55 5.37 5.52 5.92 6.37 6.58 6.68 6.77 6.93 7.10 7.31 7.45 7.59 7.57 7.25 6.60 5.99 5.81 5.86 6.03 6.27 6.52 6.63 6.61 6.62 6.57 6.58 6.63 6.65 6.49 6.13 5.84 5.61 5.56 5.71 6.22 7.11 8.31 9.41 9.87 9.80 9.59 9.36 8.90 8.33 7.70 7.03
6.07 6.00 5.83 5.77 5.90 6.15 6.34 6.54 6.75 6.94 7.05 7.01 6.81 6.47 6.11 5.85 5.76 5.83 5.86 5.84 5.96 6.15 6.35 6.39 6.24 5.98 5.62 5.26 4.93 4.83 5.07 5.51 6.06 6.38 6.35 6.10 5.81 5.62 5.70 6.08 6.50 6.70 6.77 6.83 6.88 6.98 7.10 7.12 7.14 7.31 7.59 7.77 7.61 6.98 6.20 5.83 5.89 6.14 6.43 6.68 6.85 6.99 7.02 7.06 7.11 7.14 7.04 6.74 6.37 5.96 5.73 5.71 5.85 6.34 7.25 8.19 8.73 8.94 9.07 9.05 8.69 8.10 7.44 6.73
6.08 6.02 5.90 5.78 5.67 5.44 5.36 5.39 5.57 5.82 6.00 6.03 5.90 5.66 5.40 5.31 5.53 5.95 6.37 6.58 6.52 6.45 6.43 6.42 6.31 5.88 5.19 4.66 4.25 3.97 3.95 4.17 4.53 4.98 5.34 5.56 5.75 5.97 6.25 6.48 6.58 6.59 6.58 6.65 6.77 6.93 7.06 6.90 6.58 6.38 6.45 6.76 7.07 6.91 6.22 5.76 5.75 5.98 6.26 6.59 6.93 7.18 7.28 7.36 7.43 7.43 7.26 6.82 6.23 5.63 5.41 5.43 5.58 5.97 6.63 7.22 7.53 7.58 7.70 8.06 8.28 8.19 7.90 7.50
6.23 6.29 6.37 6.21 5.80 5.38 5.07 4.94 5.02 5.16 5.24 5.22 5.08 4.85 4.62 4.67 5.24 6.10 6.77 7.10 7.17 7.10 6.97 6.89 6.92 6.79 6.09 5.16 4.49 4.06 3.75 3.68 3.85 4.14 4.53 5.03 5.55 5.93 6.03 5.99 5.96 6.04 6.15 6.29 6.49 6.79 7.03 6.86 6.26 5.69 5.41 5.37 5.66 6.04 5.91 5.63 5.58 5.77 6.04 6.37 6.73 7.05 7.21 7.35 7.49 7.55 7.41 6.96 6.20 5.48 5.16 5.15 5.30 5.60 6.06 6.73 7.07 6.94 6.57 6.71 7.27 7.79 8.15 8.32
6.39 6.57 6.72 6.55 6.15 5.67 5.30 5.11 4.97 4.74 4.49 4.34 4.26 4.22 4.07 3.89 4.23 5.13 5.97 6.61 6.99 7.17 7.20 7.21 7.39 7.70 7.66 6.97 6.18 5.73 5.43 5.13 5.07 5.10 5.21 5.44 5.68 5.76 5.61 5.50 5.49 5.58 5.80 6.00 6.28 6.68 7.08 7.09 6.54 5.86 5.32 4.77 4.48 4.64 4.85 5.05 5.32 5.59 5.83 6.09 6.39 6.63 6.85 7.03 7.28 7.55 7.69 7.46 6.79 5.91 5.31 5.09 5.08 5.27 5.79 6.57 7.14 7.09 6.33 5.69 5.74 6.21 6.78 7.30
6.26 6.37 6.44 6.32 6.08 5.73 5.38 5.05 4.66 4.21 3.82 3.73 3.84 4.08 4.14 3.82 3.61 3.90 4.58 5.38 5.96 6.39 6.76 7.05 7.37 7.91 8.46 8.57 8.31 8.02 7.73 7.46 7.20 6.87 6.55 6.28 6.02 5.80 5.62 5.56 5.57 5.61 5.80 5.96 6.22 6.65 7.19 7.52 7.30 6.69 6.00 5.15 4.29 3.97 4.12 4.64 5.21 5.58 5.79 5.96 6.07 6.21 6.43 6.72 7.04 7.44 7.84 7.94 7.48 6.49 5.71 5.34 5.19 5.18 5.47 6.17 7.07 7.36 6.79 5.79 5.03 4.75 4.78 5.06
5.94 5.88 5.87 5.91 5.83 5.62 5.33 4.76 4.31 4.08 4.05 4.13 4.35 4.76 5.32 5.60 5.14 4.67 4.59 4.75 5.07 5.54 6.18 6.74 7.10 7.56 8.19 8.68 8.92 8.98 8.81 8.56 8.25 7.78 7.23 6.70 6.25 5.94 5.73 5.63 5.72 5.90 6.05 6.07 6.16 6.49 7.11 7.69 7.82 7.40 6.66 5.80 5.10 4.73 4.78 5.04 5.34 5.56 5.74 5.78 5.70 5.76 6.11 6.55 6.89 7.24 7.70 8.11 8.05 7.34 6.42 5.86 5.49 5.15 5.02 5.53 6.61 7.33 7.23 6.47 5.53 4.92 4.54 4.39
5.83 5.71 5.64 5.73 5.82 5.80 5.57 5.20 4.89 4.85 5.15 5.58 6.02 6.63 7.31 7.78 7.93 7.45 6.66 6.17 6.00 6.12 6.47 6.78 6.98 7.16 7.39 7.61 7.87 8.18 8.31 8.27 8.13 7.84 7.45 6.98 6.52 6.15 5.85 5.68 5.84 6.14 6.30 6.21 6.13 6.25 6.74 7.44 7.97 8.01 7.56 6.99 6.47 6.08 5.78 5.51 5.34 5.39 5.50 5.48 5.41 5.53 5.89 6.29 6.58 6.83 7.21 7.72 8.10 7.96 7.17 6.38 5.80 5.30 5.04 5.29 6.19 7.11 7.41 7.07 6.54 6.26 6.05 5.61
5.96 5.84 5.75 5.85 6.03 6.24 6.38 6.40 6.36 6.43 6.82 7.42 8.05 8.54 8.81 8.99 9.24 9.23 8.89 8.42 8.01 7.66 7.37 7.16 7.11 7.07 7.02 6.92 6.73 6.71 6.92 7.10 7.13 7.11 7.07 6.96 6.75 6.42 6.12 5.93 5.95 6.00 6.03 6.03 6.03 6.12 6.48 7.18 8.05 8.66 8.73 8.36 7.80 7.13 6.36 5.72 5.43 5.41 5.42 5.39 5.38 5.49 5.63 5.85 6.09 6.26 6.48 6.94 7.51 7.75 7.39 6.70 6.13 5.72 5.46 5.50 6.09 6.92 7.41 7.33 6.99 6.80 6.77 6.62
6.13 6.09 6.06 6.14 6.30 6.55 6.87 7.20 7.53 7.86 8.24 8.65 8.93 8.97 8.85 8.69 8.62 8.78 8.87 8.76 8.49 8.10 7.70 7.40 7.26 7.15 7.08 7.06 6.81 6.42 6.16 6.11 6.08 6.11 6.23 6.41 6.53 6.47 6.27 5.96 5.65 5.40 5.36 5.59 5.94 6.20 6.52 7.10 7.98 8.85 9.27 9.18 8.77 8.14 7.32 6.60 6.19 5.94 5.75 5.60 5.48 5.38 5.36 5.51 5.78 5.94 6.02 6.26 6.69 7.08 7.11 6.76 6.34 6.01 5.79 5.76 6.09 6.74 7.28 7.26 6.83 6.45 6.38 6.48
6.25 6.31 6.34 6.35 6.46 6.64 6.91 7.28 7.81 8.29 8.54 8.53 8.29 7.94 7.64 7.40 7.20 7.21 7.30 7.42 7.42 7.33 7.26 7.28 7.30 7.19 7.07 7.13 7.19 7.06 6.78 6.53 6.43 6.35 6.22 6.13 6.19 6.27 6.16 5.81 5.45 5.28 5.41 5.78 6.19 6.47 6.72 7.11 7.69 8.38 8.92 9.17 9.17 8.96 8.54 7.93 7.34 6.76 6.25 5.85 5.54 5.30 5.26 5.40 5.68 5.89 5.92 5.97 6.21 6.53 6.72 6.63 6.36 6.09 5.92 5.88 6.10 6.65 7.19 7.24 6.81 6.39 6.22 6.27
6.21 6.27 6.32 6.37 6.53 6.77 7.07 7.38 7.70 7.87 7.81 7.53 7.12 6.72 6.49 6.38 6.21 6.07 6.04 6.18 6.36 6.42 6.61 6.96 7.25 7.25 7.07 6.95 6.96 7.10 7.19 7.20 7.19 7.11 6.85 6.47 6.23 6.19 6.12 5.97 5.90 5.99 6.14 6.36 6.58 6.77 6.91 7.08 7.33 7.69 8.09 8.50 8.82 9.01 9.01 8.70 8.08 7.40 6.70 6.07 5.63 5.38 5.30 5.32 5.52 5.83 5.99 6.03 6.12 6.28 6.43 6.43 6.29 6.11 5.92 5.82 5.98 6.48 7.08 7.25 6.89 6.48 6.29 6.28
6.03 6.03 6.10 6.25 6.48 6.81 7.16 7.34 7.30 7.05 6.71 6.45 6.22 6.01 5.88 5.78 5.60 5.43 5.46 5.67 5.87 5.96 6.12 6.54 6.99 7.30 7.35 7.24 6.98 6.82 6.73 6.65 6.64 6.72 6.77 6.64 6.42 6.28 6.25 6.33 6.44 6.53 6.59 6.67 6.74 6.90 7.00 6.97 6.97 7.14 7.35 7.61 7.90 8.13 8.29 8.26 7.96 7.42 6.83 6.25 5.80 5.49 5.26 5.21 5.41 5.78 6.06 6.16 6.18 6.17 6.18 6.20 6.14 6.00 5.82 5.68 5.73 6.09 6.73 7.10 6.82 6.33 6.07 6.00
5.96 5.90 5.93 6.06 6.24 6.52 6.74 6.68 6.42 6.05 5.70 5.42 5.27 5.21 5.19 5.18 5.19 5.25 5.38 5.63 5.94 6.07 6.02 6.18 6.68 7.24 7.64 7.81 7.65 7.27 6.80 6.17 5.69 5.68 6.00 6.26 6.32 6.28 6.30 6.42 6.54 6.64 6.71 6.72 6.61 6.68 6.81 6.73 6.67 6.83 6.99 7.09 7.14 7.06 6.86 6.88 6.92 6.76 6.53 6.27 5.95 5.62 5.35 5.30 5.50 5.81 6.10 6.23 6.22 6.12 6.00 5.95 5.90 5.83 5.74 5.67 5.66 5.83 6.35 6.85 6.67 6.04 5.58 5.38
