project/data/elevation/US_DEM2016/US_DEM2016_point_11-01-2019_1725_30m_vel.asc
ncols	125
nrows	167
xllcorner	-2042055.000000
yllcorner	1465035.000000
cellsize	30.000000
NODATA_value	-9999.000000
[rows 38 to 75 of 167, columns 0 to 83 of 125]
5.26 4.89 4.13 3.62 3.20 2.91 2.69 2.41 2.13 1.93 1.85 1.78 1.78 1.94 2.25 2.47 2.53 2.62 2.83 3.15 3.39 3.53 3.61 3.73 3.86 3.99 4.12 4.21 4.14 3.97 3.77 3.63 3.61 3.69 3.83 4.09 4.39 4.54 4.68 4.93 5.08 5.00 4.88 4.86 4.92 4.91 4.60 4.04 3.62 3.36 3.29 3.34 3.25 3.08 3.09 3.16 3.26 3.52 3.83 4.07 3.98 3.53 3.17 2.93 2.71 2.55 2.44 2.47 2.56 2.55 2.42 2.42 2.69 2.99 3.06 3.16 3.35 3.70 4.16 4.71 5.15 5.33 5.18 4.81
5.25 4.63 3.58 3.04 2.70 2.48 2.28 2.08 2.02 2.05 2.11 2.10 2.03 1.98 2.10 2.31 2.45 2.53 2.58 2.64 2.61 2.59 2.65 2.84 3.18 3.59 3.91 4.17 4.25 4.18 4.06 3.97 3.95 4.04 4.33 4.74 4.95 5.02 5.10 5.25 5.35 5.18 4.97 4.81 4.71 4.55 4.21 3.79 3.48 3.26 3.25 3.38 3.36 3.14 3.15 3.27 3.44 3.68 3.76 3.74 3.46 2.94 2.48 2.29 2.18 2.13 2.09 2.18 2.35 2.41 2.30 2.32 2.64 2.95 2.97 2.96 3.09 3.39 3.74 3.95 4.00 4.11 4.38 4.55
5.06 4.38 3.28 2.74 2.53 2.40 2.31 2.27 2.35 2.53 2.68 2.71 2.54 2.30 2.76 2.27 2.41 2.47 2.40 2.26 2.18 2.23 2.44 2.74 3.17 3.55 3.84 4.07 4.20 4.27 4.31 4.34 4.45 4.77 5.21 5.55 5.67 5.66 5.50 5.30 5.20 4.82 4.51 4.38 4.28 4.32 4.27 4.21 4.06 3.94 3.79 3.69 3.53 3.24 3.16 3.25 3.43 3.58 3.48 3.27 2.97 2.49 1.95 1.72 1.66 1.70 1.87 2.09 2.27 2.33 2.26 2.34 2.70 3.00 2.96 2.83 2.91 3.19 3.48 3.53 3.39 3.40 3.80 4.45
4.81 4.26 3.37 2.94 2.83 2.78 2.73 2.73 2.86 3.05 3.17 3.10 2.85 2.61 2.48 2.47 2.52 2.53 2.48 2.38 2.41 2.57 2.82 3.08 3.33 3.55 3.68 3.81 4.03 4.23 4.50 4.70 5.07 5.52 5.87 6.04 6.04 5.85 5.54 5.14 4.75 4.37 4.04 3.84 3.87 3.92 4.08 4.21 4.32 4.38 4.31 4.00 3.63 3.25 3.04 3.04 3.12 3.12 2.98 2.84 2.64 2.27 1.84 1.71 1.78 1.89 2.03 2.15 2.21 2.26 2.29 2.42 2.74 3.01 2.92 2.68 2.77 3.18 3.46 3.34 3.14 3.11 3.39 4.11
4.65 4.27 3.64 3.32 3.19 3.11 3.04 3.10 3.29 3.46 3.45 3.23 2.91 2.79 2.76 2.78 2.79 2.82 2.85 2.92 3.06 3.24 3.42 3.62 3.78 3.81 3.78 3.80 3.98 4.22 4.63 5.03 5.59 6.00 6.04 5.87 5.67 5.37 4.96 4.55 4.19 3.89 3.56 3.37 3.34 3.43 3.59 3.66 3.79 3.90 3.91 3.74 3.49 3.17 2.99 2.99 2.99 2.88 2.74 2.75 2.67 2.47 2.32 2.35 2.42 2.37 2.27 2.22 2.27 2.33 2.34 2.42 2.65 2.88 2.73 2.43 2.65 3.21 3.45 3.18 2.98 3.09 3.46 4.07
4.57 4.26 3.75 3.49 3.38 3.35 3.41 3.59 3.76 3.79 3.61 3.31 3.02 2.91 2.91 2.97 3.06 3.15 3.27 3.47 3.71 3.92 4.10 4.22 4.26 4.18 4.09 4.08 4.19 4.34 4.75 5.26 5.77 5.96 5.71 5.33 4.98 4.63 4.23 3.93 3.71 3.48 3.18 2.92 2.91 3.10 3.18 3.02 2.83 2.69 2.69 2.85 2.96 2.99 3.03 3.18 3.25 3.23 3.19 3.17 3.09 3.04 3.08 3.10 2.85 2.55 2.49 2.58 2.58 2.39 2.18 2.19 2.46 2.71 2.63 2.45 2.70 3.24 3.41 3.05 2.92 3.27 3.75 4.07
4.52 4.27 3.88 3.72 3.76 3.90 4.08 4.21 4.20 4.03 3.73 3.42 3.18 3.02 3.01 3.13 3.27 3.41 3.59 3.86 4.14 4.34 4.45 4.45 4.37 4.26 4.20 4.23 4.37 4.57 5.03 5.37 5.58 5.46 5.13 4.85 4.59 4.25 3.76 3.38 3.15 2.97 2.78 2.56 2.55 2.80 2.69 2.40 2.16 2.08 2.10 2.21 2.42 2.69 3.03 3.40 3.59 3.65 3.63 3.52 3.43 3.44 3.40 3.18 2.81 2.76 2.92 2.89 2.52 2.01 1.85 2.05 2.36 2.58 2.65 2.70 3.00 3.40 3.47 3.13 2.98 3.35 3.69 3.79
4.61 4.47 4.23 4.18 4.26 4.38 4.46 4.45 4.31 4.06 3.75 3.51 3.37 3.27 3.34 3.47 3.58 3.71 3.92 4.13 4.27 4.33 4.31 4.25 4.22 4.19 4.17 4.26 4.56 4.92 5.32 5.33 5.13 4.81 4.55 4.46 4.27 3.97 3.45 3.00 2.63 2.39 2.24 2.10 2.20 2.43 2.39 2.32 2.34 2.38 2.32 2.21 2.26 2.61 3.14 3.57 3.65 3.58 3.50 3.46 3.39 3.44 3.35 3.17 3.13 3.23 3.10 2.59 2.02 1.80 1.97 2.33 2.58 2.71 2.86 3.09 3.39 3.62 3.80 3.37 3.23 3.35 3.54 3.61
4.83 4.70 4.50 4.43 4.41 4.36 4.26 4.13 3.97 3.77 3.59 3.48 3.49 3.60 3.79 3.91 3.98 4.07 4.16 4.19 4.17 4.11 4.03 4.01 4.08 4.15 4.22 4.44 4.86 5.24 5.39 5.14 4.68 4.33 4.06 3.87 3.68 3.49 3.20 2.79 2.31 1.98 1.89 1.97 2.20 2.45 2.65 2.70 2.67 2.48 2.22 2.18 2.51 3.04 3.54 3.69 3.58 3.43 3.37 3.39 3.33 3.39 3.39 3.38 3.37 3.19 2.59 2.17 2.13 2.41 2.78 3.02 3.13 3.20 3.35 3.59 3.77 3.82 3.81 3.72 4.14 3.58 3.67 3.77
5.02 4.81 4.48 4.30 4.16 4.01 3.83 3.62 3.42 3.30 3.26 3.26 3.33 3.58 3.83 4.00 4.10 4.13 4.10 4.04 3.99 3.93 3.88 3.89 3.98 4.11 4.29 4.64 5.11 5.34 5.18 4.72 4.36 4.02 3.64 3.32 3.10 3.01 2.91 2.71 2.28 2.02 2.04 2.35 2.60 2.82 2.96 2.75 2.32 1.95 1.94 2.38 3.21 3.92 4.12 3.96 3.76 3.61 3.55 3.49 3.39 3.43 3.41 3.35 3.18 2.85 2.61 2.73 3.16 3.61 3.89 3.99 4.02 4.03 4.10 4.25 4.34 4.30 4.28 4.24 3.97 3.83 3.89 3.95
5.08 4.84 4.32 4.02 3.85 3.67 3.47 3.23 3.03 2.92 2.94 2.97 3.02 3.25 3.48 3.65 3.80 3.85 3.84 3.83 3.80 3.78 3.76 3.76 3.84 3.97 4.19 4.65 5.20 5.31 4.97 4.49 4.16 3.79 3.29 2.86 2.68 2.61 2.56 2.43 2.20 2.04 2.15 2.45 2.65 2.82 2.86 2.46 2.06 2.02 2.50 3.53 4.50 4.87 4.74 4.34 4.05 3.85 3.74 3.69 3.62 3.61 3.56 3.47 3.52 3.71 4.12 4.60 4.99 5.26 5.35 5.38 5.38 5.35 5.34 5.39 5.40 5.25 5.03 4.70 4.23 3.94 3.97 3.95
5.07 4.83 4.20 3.82 3.66 3.52 3.34 3.14 2.95 2.84 2.91 2.97 3.06 3.23 3.37 3.48 3.56 3.61 3.64 3.64 3.60 3.58 3.57 3.60 3.65 3.77 4.01 4.59 5.22 5.21 4.76 4.38 4.09 3.70 3.20 2.75 2.54 2.30 2.06 1.92 1.84 1.76 1.85 2.06 2.32 2.59 2.75 2.59 2.53 2.91 3.96 5.08 5.57 5.47 5.04 4.52 4.18 3.97 3.91 3.98 4.01 4.05 4.02 4.20 4.62 5.17 5.74 6.21 6.53 6.69 6.75 6.78 6.78 6.76 6.69 6.58 6.43 6.19 5.73 5.09 4.46 4.04 3.94 3.87
5.15 4.82 4.13 3.74 3.60 3.48 3.35 3.25 3.13 3.09 3.23 3.37 3.52 3.64 3.70 3.69 3.65 3.59 3.53 3.47 3.42 3.38 3.38 3.42 3.48 3.62 3.96 4.64 5.15 4.93 4.29 4.10 3.94 3.63 3.35 3.03 2.68 2.24 1.83 1.72 1.73 1.78 1.96 2.16 2.42 2.72 3.11 3.37 3.70 4.47 5.52 6.01 5.90 5.34 4.85 4.42 4.14 4.00 3.92 3.95 4.06 4.22 4.35 4.67 5.21 5.69 6.03 6.33 6.51 6.63 6.73 6.82 6.87 6.87 6.79 6.60 6.38 6.15 5.81 5.36 4.88 4.44 4.03 3.79
5.24 4.81 4.05 3.72 3.57 3.40 3.28 3.27 3.27 3.32 3.53 3.80 3.97 4.03 3.98 3.86 3.69 3.53 3.42 3.34 3.30 3.26 3.23 3.25 3.37 3.60 4.01 4.64 4.89 4.40 3.78 3.67 3.59 3.48 3.39 3.23 2.84 2.44 2.20 2.17 2.33 2.60 2.87 3.02 3.20 3.58 4.23 4.89 5.54 6.09 6.35 6.17 5.55 4.83 4.44 4.14 3.90 3.70 3.53 3.44 3.58 3.82 4.22 4.54 4.88 5.02 4.95 4.90 4.85 4.94 5.08 5.29 5.37 5.38 5.29 5.14 5.05 4.94 4.86 4.83 4.76 4.62 4.37 3.95
5.20 4.68 3.86 3.53 3.39 3.25 3.16 3.17 3.26 3.36 3.55 3.83 4.00 4.00 3.85 3.62 3.40 3.25 3.19 3.16 3.12 3.09 3.07 3.14 3.33 3.61 4.02 4.47 4.49 3.90 3.41 3.35 3.28 3.19 3.19 3.05 2.87 2.76 2.77 2.99 3.28 3.56 3.76 3.97 4.33 4.95 5.68 6.19 6.47 6.48 6.22 5.64 4.99 4.42 4.09 3.81 3.54 3.28 3.13 3.07 3.25 3.54 3.88 4.14 4.15 3.85 3.52 3.23 3.15 3.21 3.32 3.44 3.46 3.37 3.34 3.26 3.30 3.31 3.37 3.53 3.79 4.00 4.04 3.95
4.99 4.49 3.68 3.28 3.14 3.09 3.09 3.09 3.19 3.31 3.38 3.49 3.56 3.46 3.27 3.04 2.87 2.81 2.80 2.80 2.80 2.84 2.95 3.16 3.41 3.66 3.97 4.24 4.18 3.77 3.40 3.31 3.22 3.08 2.90 2.74 2.79 2.86 3.03 3.35 3.69 3.93 4.17 4.54 5.20 5.94 6.40 6.51 6.25 5.85 5.39 4.92 4.49 4.14 3.87 3.61 3.35 3.14 3.14 3.23 3.44 3.66 3.77 3.79 3.53 3.14 2.89 2.81 2.86 2.87 2.74 2.54 2.39 2.28 2.23 2.22 2.26 2.30 2.32 2.33 2.44 2.61 2.73 2.86
4.75 4.35 3.65 3.26 3.08 2.96 2.89 2.85 2.91 3.03 3.00 2.95 2.82 2.64 2.47 2.36 2.30 2.28 2.31 2.40 2.56 2.77 3.01 3.29 3.52 3.75 3.97 4.15 4.18 4.03 3.73 3.47 3.26 3.00 2.65 2.42 2.53 2.67 2.86 3.12 3.46 3.79 4.18 4.82 5.69 6.24 6.31 5.79 5.04 4.65 4.45 4.31 4.14 3.96 3.76 3.56 3.34 3.25 3.38 3.52 3.64 3.70 3.59 3.44 3.20 3.04 3.06 3.10 3.03 2.78 2.42 2.08 1.95 1.88 1.81 1.83 1.85 1.73 1.57 1.47 1.51 1.65 1.85 2.12
4.62 4.34 3.84 3.48 3.23 2.95 2.65 2.46 2.45 2.56 2.57 2.45 2.20 2.00 1.92 1.86 1.83 1.87 2.04 2.31 2.63 2.97 3.25 3.45 3.65 3.85 4.03 4.22 4.33 4.26 3.87 3.47 3.18 2.87 2.52 2.26 2.35 2.53 2.69 2.85 3.12 3.56 4.16 5.08 5.91 6.12 5.64 4.74 4.09 3.84 3.78 3.77 3.76 3.72 3.56 3.42 3.29 3.27 3.40 3.41 3.33 3.21 3.08 3.03 3.15 3.32 3.40 3.28 2.83 2.32 1.90 1.76 1.78 1.75 1.67 1.67 1.67 1.48 1.22 1.17 1.41 1.81 2.27 2.61
4.68 4.56 4.21 3.83 3.47 3.12 2.73 2.49 2.39 2.44 2.44 2.28 2.07 1.97 1.92 1.87 1.89 2.05 2.34 2.68 3.03 3.36 3.56 3.71 3.88 4.06 4.19 4.34 4.46 4.35 3.86 3.53 3.34 3.08 2.74 2.56 2.67 2.86 2.96 3.04 3.25 3.69 4.41 5.39 5.87 5.62 4.70 3.86 3.35 3.18 3.18 3.22 3.30 3.32 3.21 3.10 3.02 3.00 2.99 2.80 2.59 2.45 2.52 2.81 3.35 3.61 3.45 2.99 2.40 1.99 1.87 1.94 1.95 1.76 1.56 1.62 1.72 1.77 1.35 1.49 1.96 2.72 3.43 3.60
4.89 4.77 4.41 4.04 3.69 3.39 3.14 2.96 2.79 2.70 2.61 2.49 2.41 2.42 2.47 2.55 2.70 2.96 3.18 3.41 3.66 3.90 4.02 4.16 4.32 4.43 4.43 4.51 4.68 4.65 4.38 4.16 4.02 3.73 3.35 3.22 3.34 3.49 3.59 3.66 3.81 4.11 4.76 5.50 5.59 4.82 3.83 3.06 2.70 2.66 2.70 2.74 2.85 2.92 2.89 2.81 2.71 2.58 2.40 2.25 2.20 2.29 2.58 3.05 3.59 3.61 3.12 2.56 2.23 2.26 2.47 2.54 2.22 1.76 1.50 1.55 1.69 1.78 1.99 2.51 3.32 4.15 4.44 4.24
5.09 4.78 4.20 3.89 3.71 3.59 3.48 3.30 3.06 2.84 2.70 2.68 2.79 2.99 3.25 3.52 3.82 4.09 4.27 4.36 4.47 4.50 4.56 4.69 4.80 4.75 4.66 4.76 4.98 4.93 4.71 4.48 4.27 4.00 3.70 3.56 3.62 3.76 3.91 4.06 4.20 4.42 4.92 5.27 4.95 3.96 3.07 2.48 2.23 2.24 2.31 2.28 2.40 2.64 2.73 2.70 2.63 2.50 2.43 2.51 2.68 2.94 3.27 3.63 3.82 3.54 2.95 2.66 2.75 3.02 3.14 2.85 2.24 1.74 1.71 2.00 2.32 2.67 3.22 3.97 4.71 4.96 4.66 3.95
5.18 4.65 3.82 3.52 3.48 3.50 3.48 3.30 3.03 2.78 2.62 2.66 2.92 3.31 3.75 4.15 4.49 4.75 4.94 5.00 4.96 4.91 4.96 5.07 5.03 4.88 4.85 5.02 5.12 4.85 4.32 3.93 3.67 3.54 3.51 3.53 3.59 3.74 3.90 4.11 4.32 4.52 4.78 4.77 4.16 3.18 2.48 2.08 1.91 1.97 1.94 1.83 2.05 2.48 2.72 2.81 2.85 2.86 2.96 3.09 3.30 3.65 4.04 4.30 4.17 3.83 3.37 3.36 3.66 3.78 3.44 2.83 2.32 2.29 2.67 3.09 3.56 4.11 4.74 5.26 5.36 4.98 4.28 3.55
5.16 4.57 3.59 3.21 3.09 3.01 2.99 2.93 2.82 2.62 2.43 2.45 2.70 3.11 3.57 3.94 4.23 4.40 4.49 4.57 4.66 4.78 4.92 4.92 4.72 4.62 4.80 5.08 5.05 4.65 4.11 3.63 3.32 3.22 3.40 3.62 3.79 3.90 3.98 4.08 4.23 4.28 4.32 4.17 3.62 2.76 2.16 1.93 1.92 2.00 1.94 1.84 2.02 2.51 2.87 3.11 3.29 3.40 3.48 3.53 3.74 4.25 4.76 4.94 4.65 4.34 4.16 4.18 4.35 4.27 3.78 3.31 3.25 3.76 4.37 4.88 5.36 5.74 5.93 5.78 5.28 4.55 3.87 3.31
5.08 4.41 3.35 2.94 2.68 2.45 2.35 2.38 2.44 2.33 2.10 2.02 2.12 2.37 2.68 2.92 3.10 3.14 3.08 3.17 3.62 4.10 4.27 4.09 3.76 3.91 4.49 4.90 4.83 4.47 4.23 4.07 3.90 3.76 3.72 3.81 3.93 3.98 3.93 3.86 3.83 3.80 3.84 3.86 3.55 2.88 2.43 2.40 2.48 2.53 2.53 2.52 2.59 2.86 3.11 3.33 3.58 3.83 4.00 4.23 4.64 5.18 5.45 5.33 4.96 4.69 4.69 4.87 4.99 4.92 4.76 4.75 5.11 5.61 5.98 6.27 6.45 6.44 6.14 5.52 4.81 4.17 3.65 3.19
4.82 4.10 3.07 2.67 2.42 2.20 2.03 1.98 2.09 2.03 1.79 1.57 1.50 1.57 1.68 1.80 1.89 1.89 2.00 2.31 2.81 3.25 3.34 3.07 2.95 3.38 4.26 4.69 4.52 4.02 3.94 4.08 4.17 4.20 4.02 3.82 3.68 3.62 3.49 3.34 3.29 3.47 3.76 4.06 4.00 3.73 3.50 3.49 3.51 3.48 3.45 3.36 3.25 3.24 3.25 3.34 3.57 3.92 4.39 4.99 5.57 5.79 5.63 5.15 4.62 4.49 4.79 5.07 5.28 5.40 5.59 5.88 6.20 6.37 6.41 6.38 6.25 5.92 5.38 4.81 4.30 3.84 3.44 3.24
4.47 3.91 3.00 2.56 2.34 2.18 2.02 1.92 1.97 1.94 1.73 1.44 1.29 1.32 1.33 1.33 1.38 1.55 1.86 2.29 2.66 2.83 2.74 2.59 2.73 3.39 4.29 4.58 4.22 3.52 3.35 3.48 3.68 3.85 3.79 3.48 3.15 2.97 2.92 2.90 3.01 3.46 4.09 4.53 4.55 4.43 4.37 4.31 4.23 4.13 3.87 3.58 3.41 3.37 3.35 3.44 3.68 4.12 4.76 5.40 5.70 5.53 5.02 4.35 4.01 4.14 4.60 4.89 4.95 5.09 5.36 5.62 5.76 5.72 5.55 5.29 4.94 4.51 4.19 3.90 3.60 3.30 3.01 2.75
4.29 3.91 3.21 2.74 2.49 2.33 2.16 2.09 2.07 2.02 1.88 1.69 1.62 1.62 1.57 1.52 1.61 1.90 2.28 2.58 2.75 2.81 2.76 2.72 3.01 3.73 4.43 4.52 3.99 3.25 2.97 2.94 3.02 3.12 3.20 3.14 2.94 2.80 2.81 2.97 3.30 3.93 4.55 4.81 4.65 4.44 4.40 4.42 4.36 4.15 3.74 3.44 3.34 3.41 3.48 3.65 3.95 4.46 5.04 5.34 5.11 4.56 4.04 3.64 3.67 4.02 4.40 4.46 4.24 4.26 4.44 4.51 4.41 4.31 4.18 3.89 3.48 3.11 2.91 2.82 2.65 2.45 2.24 2.09
4.22 3.93 3.38 2.98 2.72 2.50 2.35 2.34 2.33 2.32 2.30 2.30 2.34 2.27 2.15 2.11 2.22 2.46 2.73 2.96 3.00 3.06 3.16 3.32 3.65 4.24 4.68 4.61 4.07 3.33 2.96 2.77 2.64 2.63 2.87 3.17 3.33 3.45 3.55 3.70 4.02 4.48 4.80 4.76 4.39 4.09 4.09 4.16 4.10 3.96 3.71 3.52 3.46 3.51 3.59 3.76 4.07 4.55 4.97 4.87 4.30 3.78 3.43 3.27 3.40 3.75 4.08 3.97 3.62 3.57 3.63 3.54 3.33 3.14 2.97 2.80 2.45 2.09 1.81 1.67 1.58 1.38 1.23 1.14
4.18 3.88 3.38 3.00 2.75 2.57 2.52 2.58 2.69 2.84 3.00 3.12 3.07 2.89 2.72 2.69 2.78 2.91 3.06 3.30 3.42 3.60 3.83 4.06 4.38 4.87 5.15 4.92 4.38 3.74 3.37 3.12 2.92 2.92 3.15 3.51 3.86 4.15 4.28 4.35 4.44 4.63 4.70 4.53 4.14 3.81 3.77 3.73 3.64 3.60 3.59 3.56 3.53 3.56 3.66 3.88 4.22 4.60 4.65 4.19 3.54 3.20 2.95 2.85 3.00 3.47 3.83 3.65 3.22 3.05 2.95 2.83 2.69 2.47 2.17 1.92 1.63 1.30 1.00 0.79 0.61 0.49 0.46 0.60
4.15 3.84 3.32 2.93 2.67 2.55 2.58 2.71 2.97 3.29 3.59 3.71 3.68 3.56 3.43 3.31 3.27 3.32 3.43 3.64 3.83 4.10 4.27 4.53 5.00 5.52 5.56 5.14 4.52 4.08 3.87 3.76 3.65 3.61 3.66 3.79 3.94 4.09 4.16 4.17 4.23 4.38 4.43 4.23 3.88 3.53 3.39 3.23 3.06 3.04 3.15 3.27 3.39 3.56 3.71 4.02 4.31 4.34 3.94 3.29 2.85 2.67 2.52 2.58 2.92 3.46 3.61 3.24 2.73 2.48 2.34 2.23 2.18 2.00 1.66 1.27 0.90 0.61 0.40 0.39 0.37 0.27 0.43 0.82
4.11 3.76 3.18 2.82 2.59 2.51 2.49 2.56 2.80 3.14 3.49 3.73 3.91 4.04 4.08 4.02 3.89 3.82 3.86 3.96 4.07 4.31 4.51 4.89 5.43 5.75 5.57 4.95 4.30 4.02 4.00 4.07 4.09 3.96 3.81 3.72 3.65 3.59 3.61 3.77 3.97 4.14 4.14 3.95 3.65 3.34 3.13 2.88 2.63 2.53 2.58 2.77 3.06 3.32 3.63 3.88 3.90 3.55 2.89 2.50 2.36 2.26 2.31 2.60 2.96 3.20 3.06 2.56 2.08 1.87 1.76 1.63 1.51 1.37 1.10 0.75 0.38 0.24 0.16 0.32 0.46 0.61 0.94 1.49
4.01 3.60 2.98 2.72 2.58 2.52 2.41 2.29 2.27 2.39 2.66 3.12 3.64 4.09 4.41 4.54 4.46 4.33 4.28 4.27 4.30 4.50 4.75 5.18 5.55 5.55 5.11 4.50 3.90 3.63 3.63 3.75 3.83 3.76 3.66 3.54 3.45 3.45 3.61 3.84 3.97 3.98 3.89 3.80 3.68 3.44 3.12 2.70 2.32 2.16 2.24 2.50 2.88 3.31 3.41 3.42 3.08 2.51 2.09 2.00 1.96 1.89 2.08 2.39 2.54 2.54 2.38 2.04 1.67 1.45 1.33 1.23 1.11 0.89 0.60 0.38 0.27 0.30 0.52 0.87 1.20 1.47 1.81 2.40
3.86 3.43 2.85 2.70 2.64 2.60 2.48 2.30 2.08 1.97 2.07 2.41 3.03 3.73 4.31 4.62 4.71 4.67 4.62 4.61 4.64 4.79 5.05 5.40 5.50 5.21 4.66 4.06 3.54 3.21 3.08 3.09 3.20 3.32 3.44 3.49 3.51 3.61 3.79 3.94 3.93 3.81 3.72 3.79 3.79 3.44 2.88 2.33 2.13 2.27 2.60 2.96 3.20 3.26 3.19 2.91 2.41 1.98 1.82 1.79 1.71 1.67 1.76 1.90 2.05 2.17 2.20 2.06 1.80 1.63 1.54 1.37 1.13 0.82 0.56 0.51 0.66 0.97 1.39 1.82 2.20 2.52 2.84 3.50
3.74 3.34 2.85 2.74 2.72 2.69 2.63 2.55 2.44 2.33 2.27 2.40 2.80 3.38 3.95 4.38 4.63 4.78 4.88 4.98 5.09 5.25 5.51 5.68 5.50 4.99 4.40 3.87 3.42 3.14 3.04 3.02 3.01 3.05 3.21 3.41 3.53 3.61 3.71 3.81 3.70 3.53 3.51 3.67 3.63 3.10 2.58 2.45 2.75 3.22 3.60 3.75 3.65 3.42 3.14 2.85 2.61 2.45 2.36 2.23 2.10 2.04 2.05 2.15 2.46 2.75 2.85 2.76 2.59 2.47 2.29 1.96 1.47 1.10 0.98 1.10 1.40 1.84 2.32 2.87 3.45 3.96 4.42 5.25
3.63 3.26 2.86 2.80 2.83 2.81 2.80 2.89 3.06 3.20 3.19 3.18 3.32 3.57 3.87 4.27 4.62 4.95 5.14 5.35 5.61 5.75 5.86 5.78 5.39 4.78 4.32 4.03 3.76 3.65 3.64 3.59 3.41 3.28 3.29 3.41 3.50 3.57 3.60 3.51 3.30 3.15 3.24 3.49 3.52 3.29 3.29 3.65 4.06 4.29 4.29 4.08 3.76 3.48 3.35 3.32 3.34 3.35 3.31 3.23 3.16 3.20 3.34 3.60 3.89 3.93 3.66 3.35 3.10 2.85 2.46 1.96 1.52 1.36 1.51 1.86 2.24 2.77 3.48 4.41 5.36 6.05 6.59 7.19
3.52 3.21 2.88 2.89 2.95 2.94 3.00 3.22 3.60 3.96 4.17 4.28 4.32 4.27 4.30 4.54 4.88 5.28 5.55 5.76 6.01 6.06 5.90 5.58 5.05 4.57 4.34 4.28 4.21 4.15 4.11 4.04 3.88 3.75 3.63 3.58 3.59 3.57 3.44 3.22 3.08 3.14 3.33 3.62 3.82 3.90 4.06 4.29 4.39 4.27 4.05 3.80 3.63 3.53 3.49 3.54 3.57 3.65 3.78 3.92 4.07 4.31 4.57 4.71 4.58 4.16 3.59 3.22 2.92 2.49 2.00 1.66 1.60 1.80 2.21 2.66 3.16 3.94 5.09 6.32 7.21 7.73 7.89 7.83
3.48 3.24 2.98 3.01 3.05 3.03 3.09 3.39 3.95 4.52 4.92 5.14 5.18 5.09 5.01 5.09 5.36 5.71 5.95 5.85 6.04 5.79 5.60 5.10 4.59 4.32 4.28 4.31 4.30 4.24 4.13 3.99 3.81 3.68 3.56 3.51 3.52 3.46 3.32 3.26 3.32 3.42 3.55 3.82 4.01 3.95 3.76 3.66 3.48 3.28 3.14 3.13 3.25 3.37 3.33 3.31 3.36 3.49 3.70 3.94 4.25 4.60 4.74 4.54 3.96 3.24 2.79 2.69 2.50 2.11 1.84 1.83 2.05 2.45 2.98 3.52 4.19 5.25 6.51 7.33 7.66 7.65 7.36 6.90
3.47 3.27 3.10 3.17 3.21 3.18 3.29 3.76 4.49 4.98 5.21 5.27 5.30 5.36 5.45 5.64 5.91 6.14 6.11 5.88 5.63 5.38 5.03 4.60 4.25 4.10 4.07 4.08 4.08 4.05 3.95 3.75 3.41 3.19 3.15 3.26 3.35 3.32 3.24 3.20 3.18 3.25 3.46 3.78 3.87 3.56 3.16 2.89 2.79 2.71 2.68 2.72 2.85 3.00 3.07 3.15 3.27 3.37 3.49 3.69 4.00 4.22 4.04 3.40 2.64 2.20 2.17 2.35 2.38 2.28 2.25 2.43 2.82 3.39 4.05 4.69 5.50 6.53 7.20 7.26 6.67 5.81 5.13 4.77
