project/data/elevation/US_DEM2016/US_DEM2016_point_10-30-2019_0528_30m_vel.asc
ncols	125
nrows	167
xllcorner	-2042055.000000
yllcorner	1465035.000000
cellsize	30.000000
NODATA_value	-9999.000000
[rows 114 to 151 of 167, columns 0 to 83 of 125]
5.72 5.69 5.72 5.77 5.88 6.04 6.05 5.72 5.24 4.78 4.36 4.00 3.77 3.69 3.84 4.19 4.69 5.21 5.62 5.92 6.07 5.97 5.68 5.63 5.94 6.29 6.58 6.81 6.90 6.81 6.65 6.25 5.62 5.14 5.02 5.16 5.46 5.76 5.96 6.08 6.22 6.38 6.46 6.38 6.09 5.78 5.72 5.77 5.83 5.97 6.14 6.17 6.12 5.88 5.40 5.04 4.99 5.21 5.48 5.65 5.68 5.60 5.50 5.43 5.42 5.45 5.53 5.53 5.44 5.35 5.30 5.27 5.27 5.27 5.23 5.17 5.13 5.13 5.23 5.40 5.29 4.86 4.47 4.24
5.84 5.84 5.85 5.82 5.77 5.67 5.41 5.00 4.58 4.20 3.88 3.66 3.52 3.66 4.16 4.89 5.55 6.09 6.48 6.62 6.41 5.96 5.34 5.06 5.24 5.51 5.85 6.25 6.51 6.69 6.91 7.04 6.78 6.07 5.35 5.15 5.47 5.91 6.19 6.32 6.42 6.49 6.47 6.31 5.95 5.47 5.20 5.26 5.46 5.74 6.14 6.41 6.54 6.45 5.98 5.26 4.81 4.76 4.94 5.18 5.40 5.55 5.66 5.71 5.73 5.68 5.57 5.48 5.38 5.30 5.29 5.32 5.36 5.33 5.24 5.17 5.20 5.27 5.38 5.48 5.33 4.90 4.53 4.24
5.90 5.93 5.93 5.83 5.65 5.35 4.99 4.72 4.68 4.75 4.79 4.75 4.84 5.21 5.80 6.42 6.87 7.02 6.93 6.65 6.29 5.96 5.43 4.78 4.54 4.59 5.00 5.59 5.96 6.11 6.34 6.78 7.10 7.01 6.53 6.22 6.22 6.36 6.42 6.41 6.35 6.28 6.22 6.15 5.98 5.60 5.13 5.00 5.22 5.57 5.97 6.40 6.74 6.92 6.84 6.50 6.01 5.55 5.27 5.24 5.35 5.44 5.51 5.60 5.69 5.69 5.60 5.50 5.37 5.19 5.12 5.17 5.26 5.31 5.28 5.27 5.31 5.41 5.56 5.76 5.79 5.51 5.28 5.16
5.86 5.86 5.83 5.74 5.55 5.26 4.99 4.90 5.06 5.39 5.74 6.12 6.53 6.93 7.21 7.29 7.19 6.90 6.51 6.11 5.92 6.02 5.97 5.41 4.71 4.44 4.58 5.09 5.48 5.49 5.40 5.68 6.38 6.97 7.13 6.98 6.70 6.41 6.19 6.01 5.90 5.87 5.90 5.97 6.06 5.95 5.45 5.00 5.05 5.33 5.59 5.91 6.37 6.81 7.07 7.13 7.04 6.79 6.37 5.94 5.70 5.52 5.39 5.33 5.35 5.39 5.40 5.40 5.34 5.19 5.06 5.04 5.12 5.23 5.33 5.41 5.49 5.58 5.74 6.05 6.32 6.37 6.32 6.31
5.77 5.71 5.66 5.62 5.53 5.39 5.28 5.23 5.27 5.48 5.93 6.52 7.03 7.25 7.20 6.87 6.34 5.91 5.67 5.47 5.47 5.75 6.07 5.99 5.51 5.02 4.81 4.92 5.30 5.34 4.96 4.77 5.16 5.99 6.55 6.65 6.42 6.10 5.86 5.71 5.65 5.69 5.75 5.79 5.91 6.05 5.80 5.18 4.92 4.96 5.08 5.30 5.69 6.21 6.65 6.88 6.99 7.03 6.93 6.59 6.14 5.73 5.39 5.11 4.93 4.87 4.89 5.08 5.30 5.38 5.33 5.26 5.24 5.31 5.42 5.52 5.63 5.73 5.89 6.15 6.43 6.63 6.71 6.67
5.68 5.61 5.55 5.55 5.55 5.53 5.51 5.47 5.48 5.66 6.07 6.47 6.63 6.52 6.22 5.86 5.56 5.33 5.14 5.02 5.00 5.13 5.44 5.69 5.62 5.32 5.08 5.10 5.43 5.67 5.43 4.86 4.64 4.91 5.53 5.92 5.98 5.88 5.83 5.78 5.74 5.71 5.65 5.59 5.67 5.94 5.99 5.54 5.01 4.79 4.75 4.92 5.27 5.76 6.24 6.51 6.54 6.52 6.56 6.53 6.28 5.86 5.44 5.07 4.74 4.59 4.72 5.06 5.41 5.63 5.69 5.65 5.56 5.48 5.46 5.50 5.57 5.65 5.77 5.92 6.09 6.18 6.16 6.06
5.63 5.57 5.53 5.55 5.55 5.59 5.65 5.70 5.79 6.02 6.27 6.32 6.13 5.82 5.53 5.35 5.27 5.14 4.95 4.79 4.68 4.66 4.85 5.15 5.24 5.13 5.10 5.23 5.53 5.88 5.96 5.56 4.94 4.66 4.81 5.23 5.54 5.69 5.81 5.86 5.82 5.74 5.59 5.45 5.47 5.68 5.92 5.74 5.20 4.81 4.67 4.81 5.16 5.57 6.00 6.29 6.27 6.07 5.97 6.01 5.99 5.79 5.52 5.26 5.08 5.10 5.28 5.48 5.62 5.72 5.77 5.79 5.72 5.58 5.42 5.31 5.28 5.36 5.48 5.61 5.75 5.77 5.66 5.52
5.68 5.64 5.59 5.55 5.54 5.61 5.76 5.94 6.14 6.32 6.31 6.12 5.86 5.64 5.49 5.38 5.23 5.07 5.01 5.02 5.04 5.08 5.15 5.19 5.15 5.06 5.09 5.20 5.39 5.72 6.02 6.00 5.64 5.17 4.89 4.95 5.23 5.47 5.63 5.72 5.74 5.70 5.53 5.34 5.22 5.29 5.56 5.58 5.18 4.75 4.60 4.68 4.92 5.18 5.51 5.89 6.07 5.96 5.76 5.67 5.69 5.68 5.65 5.64 5.69 5.78 5.82 5.80 5.75 5.70 5.65 5.66 5.67 5.60 5.45 5.29 5.22 5.29 5.40 5.47 5.54 5.55 5.46 5.40
5.74 5.68 5.57 5.50 5.51 5.59 5.76 6.05 6.39 6.45 6.25 5.94 5.71 5.54 5.43 5.30 5.17 5.18 5.36 5.57 5.68 5.67 5.57 5.45 5.32 5.17 5.07 5.06 5.17 5.48 5.83 5.99 5.89 5.63 5.37 5.26 5.33 5.43 5.46 5.52 5.54 5.45 5.22 4.98 4.80 4.83 5.14 5.32 5.09 4.65 4.35 4.23 4.27 4.45 4.78 5.25 5.69 5.86 5.79 5.69 5.66 5.67 5.69 5.72 5.73 5.74 5.74 5.77 5.82 5.84 5.76 5.66 5.63 5.59 5.48 5.38 5.34 5.31 5.26 5.23 5.26 5.21 5.12 5.11
5.66 5.56 5.41 5.38 5.45 5.56 5.68 5.87 6.07 6.08 5.91 5.65 5.39 5.16 4.99 4.99 5.16 5.37 5.51 5.54 5.46 5.38 5.39 5.52 5.60 5.51 5.19 4.97 4.98 5.23 5.57 5.73 5.67 5.57 5.58 5.63 5.63 5.53 5.59 5.39 5.25 4.91 4.55 4.38 4.31 4.41 4.75 5.10 5.06 4.65 4.18 3.82 3.63 3.71 4.05 4.55 5.12 5.50 5.62 5.61 5.63 5.66 5.66 5.57 5.47 5.47 5.56 5.66 5.80 5.93 5.95 5.83 5.68 5.52 5.34 5.24 5.13 4.97 4.83 4.87 4.99 4.97 4.81 4.69
5.65 5.56 5.44 5.41 5.44 5.51 5.53 5.51 5.43 5.32 5.25 5.18 4.98 4.71 4.62 4.85 5.10 5.18 5.03 4.78 4.67 4.79 5.07 5.40 5.68 5.80 5.60 5.22 5.01 5.05 5.37 5.61 5.59 5.49 5.49 5.54 5.55 5.46 5.30 5.16 4.83 4.41 4.25 4.30 4.36 4.41 4.60 4.96 5.08 4.87 4.53 4.20 3.87 3.67 3.74 4.12 4.66 5.08 5.29 5.41 5.54 5.64 5.71 5.77 5.79 5.80 5.77 5.70 5.67 5.73 5.83 5.83 5.67 5.39 5.16 4.99 4.81 4.68 4.67 4.83 5.00 4.97 4.70 4.42
5.84 5.87 5.80 5.60 5.44 5.37 5.30 5.17 4.99 4.85 5.12 4.93 4.83 4.62 4.60 4.69 4.65 4.53 4.36 4.22 4.29 4.61 5.00 5.34 5.61 5.83 5.87 5.64 5.31 5.13 5.31 5.61 5.66 5.45 5.20 5.04 5.04 5.06 5.01 4.84 4.59 4.54 4.80 5.10 5.23 5.15 5.10 5.20 5.29 5.22 5.02 4.79 4.56 4.32 4.18 4.25 4.53 4.95 5.27 5.45 5.55 5.63 5.76 5.96 6.03 5.96 5.79 5.65 5.57 5.55 5.58 5.63 5.54 5.31 5.08 4.85 4.67 4.60 4.69 4.91 5.10 5.05 4.78 4.54
5.90 5.95 5.87 5.57 5.30 5.16 5.09 4.97 4.84 4.80 4.85 4.86 4.77 4.60 4.42 4.21 4.03 4.03 4.14 4.28 4.53 4.83 5.12 5.35 5.51 5.63 5.74 5.73 5.53 5.31 5.32 5.59 5.70 5.43 4.98 4.74 4.76 4.89 4.94 4.90 4.94 5.24 5.62 5.85 5.99 6.03 5.99 5.90 5.77 5.57 5.28 4.97 4.79 4.72 4.64 4.57 4.67 5.04 5.39 5.54 5.50 5.52 5.59 5.64 5.55 5.42 5.35 5.41 5.55 5.64 5.59 5.53 5.42 5.27 5.09 4.85 4.57 4.34 4.31 4.56 4.99 5.21 5.15 5.02
5.62 5.51 5.27 5.10 4.99 4.97 4.97 4.91 4.82 4.75 5.05 4.52 4.53 4.48 4.27 4.05 4.04 4.24 4.59 5.03 5.35 5.47 5.42 5.27 5.15 5.18 5.31 5.41 5.38 5.28 5.31 5.56 5.78 5.69 5.32 5.08 5.10 5.19 5.26 5.31 5.47 5.66 5.77 5.87 6.08 6.34 6.54 6.59 6.45 6.13 5.76 5.39 5.09 4.91 4.83 4.77 4.82 5.05 5.34 5.45 5.37 5.32 5.28 5.16 5.04 5.04 5.15 5.36 5.59 5.73 5.70 5.53 5.37 5.22 5.10 5.01 4.84 4.53 4.24 4.29 4.80 5.34 5.53 5.41
5.34 5.02 4.67 4.64 4.72 4.85 4.94 4.90 4.78 5.25 4.41 4.32 4.47 4.67 4.75 4.79 4.96 5.28 5.68 6.02 6.16 6.02 5.65 5.22 4.93 4.89 4.96 5.03 5.07 5.08 5.15 5.40 5.77 5.94 5.85 5.70 5.63 5.56 5.50 5.47 5.45 5.42 5.53 5.76 6.07 6.41 6.73 6.99 7.08 6.92 6.55 6.16 5.77 5.41 5.15 4.98 4.88 4.90 5.11 5.31 5.26 5.20 5.12 5.01 4.99 5.15 5.33 5.45 5.48 5.50 5.46 5.40 5.30 5.18 5.08 5.11 5.22 5.24 5.02 4.81 4.97 5.33 5.51 5.40
5.53 5.21 4.85 4.86 4.97 5.02 5.00 4.94 4.82 5.26 4.56 4.60 4.84 5.19 5.53 5.81 6.10 6.30 6.36 6.30 6.11 5.85 5.57 5.32 5.06 4.93 4.91 4.95 5.01 5.03 5.05 5.20 5.58 5.92 5.97 5.84 5.66 5.52 5.42 5.32 5.21 5.24 5.46 5.76 6.10 6.40 6.64 6.87 7.13 7.19 6.93 6.48 6.05 5.73 5.48 5.27 5.04 4.86 4.92 5.16 5.26 5.24 5.21 5.18 5.24 5.38 5.41 5.30 5.12 5.02 5.05 5.13 5.18 5.21 5.18 5.09 5.11 5.35 5.56 5.56 5.46 5.43 5.40 5.38
5.87 5.74 5.61 5.68 5.69 5.49 5.19 5.03 4.98 4.92 4.88 4.98 5.25 5.61 5.94 6.17 6.28 6.24 6.06 5.75 5.35 5.06 5.07 5.16 5.11 5.04 5.06 5.19 5.30 5.33 5.27 5.29 5.53 5.86 5.92 5.66 5.37 5.25 5.27 5.29 5.31 5.43 5.66 5.86 6.03 6.12 6.15 6.24 6.46 6.71 6.67 6.38 6.09 5.88 5.70 5.53 5.34 5.16 5.03 5.14 5.32 5.38 5.39 5.41 5.46 5.44 5.28 5.04 4.86 4.84 4.93 5.07 5.16 5.26 5.38 5.34 5.14 5.04 5.24 5.58 5.76 5.85 5.95 6.14
5.99 5.99 6.02 6.05 6.01 5.83 5.48 5.18 5.08 5.08 5.10 5.18 5.37 5.61 5.79 5.81 5.70 5.53 5.32 4.99 4.62 4.44 4.57 4.87 5.03 5.11 5.23 5.42 5.59 5.69 5.74 5.80 5.93 6.11 6.20 6.00 5.62 5.37 5.33 5.47 5.68 5.91 6.04 6.00 5.87 5.67 5.48 5.47 5.71 6.13 6.38 6.35 6.23 6.06 5.85 5.69 5.57 5.48 5.35 5.33 5.40 5.48 5.54 5.57 5.53 5.34 5.08 4.90 4.89 4.99 5.12 5.25 5.31 5.31 5.37 5.47 5.49 5.30 5.16 5.34 5.81 6.32 6.74 7.02
5.96 5.99 6.01 5.95 5.91 5.94 5.85 5.54 5.30 5.25 5.24 5.20 5.19 5.23 5.26 5.28 5.24 5.06 4.81 4.59 4.45 4.47 4.67 4.93 5.08 5.16 5.28 5.44 5.61 5.77 5.99 6.20 6.37 6.51 6.64 6.58 6.25 5.83 5.56 5.62 5.87 6.06 6.04 5.88 5.62 5.32 5.08 5.04 5.30 5.81 6.25 6.40 6.34 6.17 5.97 5.82 5.72 5.66 5.57 5.47 5.46 5.53 5.59 5.60 5.52 5.28 4.99 4.88 4.98 5.16 5.31 5.39 5.44 5.44 5.35 5.33 5.52 5.74 5.79 5.82 6.08 6.45 6.75 6.84
5.98 6.10 6.22 6.18 6.10 6.08 6.12 6.06 5.82 5.58 5.37 5.13 4.91 4.80 4.88 5.04 5.09 4.97 4.86 4.91 5.06 5.18 5.23 5.27 5.30 5.28 5.31 5.42 5.57 5.73 5.88 6.06 6.29 6.54 6.81 6.97 6.88 6.53 6.06 5.80 5.81 5.80 5.77 5.69 5.48 5.23 5.05 5.05 5.25 5.68 6.16 6.45 6.51 6.38 6.19 6.00 5.83 5.71 5.58 5.48 5.44 5.44 5.46 5.47 5.46 5.34 5.16 5.10 5.19 5.36 5.49 5.50 5.45 5.44 5.45 5.45 5.54 5.83 6.22 6.45 6.45 6.29 6.09 6.00
6.04 6.29 6.61 6.63 6.44 6.19 6.16 6.24 6.16 5.83 5.43 5.10 4.84 4.73 4.81 4.92 4.96 5.03 5.21 5.48 5.69 5.71 5.64 5.58 5.55 5.50 5.45 5.47 5.58 5.72 5.79 5.82 5.92 6.23 6.70 7.12 7.36 7.30 6.89 6.29 5.90 5.70 5.65 5.56 5.36 5.19 5.14 5.22 5.41 5.73 6.12 6.49 6.70 6.66 6.44 6.17 5.93 5.73 5.56 5.49 5.43 5.66 5.32 5.34 5.40 5.42 5.42 5.48 5.57 5.66 5.73 5.71 5.58 5.43 5.46 5.66 5.88 6.13 6.53 6.83 6.73 6.27 5.74 5.43
5.95 6.14 6.44 6.58 6.52 6.24 6.04 5.99 5.96 5.75 5.42 5.16 5.00 4.91 4.84 4.74 4.81 5.09 5.43 5.65 5.72 5.71 5.69 5.70 5.71 5.65 5.52 5.45 5.49 5.63 5.76 5.79 5.83 6.05 6.45 6.89 7.26 7.48 7.43 6.98 6.28 5.75 5.39 5.16 5.03 5.03 5.16 5.31 5.51 5.79 6.11 6.45 6.73 6.79 6.63 6.35 6.05 5.80 5.60 5.55 5.55 5.51 5.42 5.37 5.43 5.54 5.64 5.75 5.88 5.97 6.01 6.02 5.94 5.78 5.66 5.80 6.23 6.73 7.10 7.21 7.06 6.69 6.09 5.54
5.68 5.62 5.59 5.75 5.94 5.93 5.74 5.61 5.64 5.66 5.59 5.53 5.49 5.39 5.11 4.83 4.80 5.01 5.21 5.31 5.43 5.57 5.67 5.75 5.77 5.69 5.50 5.33 5.30 5.40 5.54 5.70 5.83 5.95 6.06 6.24 6.50 6.81 7.03 6.93 6.34 5.60 5.01 4.72 4.75 4.90 5.08 5.25 5.51 5.81 6.05 6.28 6.52 6.70 6.68 6.48 6.19 5.91 5.67 5.63 5.69 5.71 5.62 5.51 5.49 5.60 5.75 5.88 6.02 6.17 6.34 6.49 6.55 6.52 6.43 6.44 6.70 7.08 7.29 7.26 7.23 7.19 6.86 6.27
5.42 5.16 4.71 4.52 4.66 4.92 5.09 5.26 5.53 5.83 6.04 6.16 6.19 6.01 5.60 5.17 4.91 4.82 4.79 4.87 5.14 5.44 5.63 5.74 5.79 5.77 5.60 5.32 5.12 5.09 5.13 5.24 5.39 5.49 5.46 5.47 5.59 5.77 5.95 5.98 5.76 5.32 4.89 4.69 4.77 4.94 5.07 5.27 5.59 5.85 5.97 6.08 6.27 6.48 6.61 6.54 6.33 6.08 5.85 5.79 5.83 5.84 5.78 5.67 5.57 5.61 5.78 5.96 6.13 6.33 6.62 6.97 7.28 7.52 7.65 7.63 7.52 7.37 7.16 7.01 7.19 7.57 7.72 7.49
5.31 4.93 4.26 3.94 3.89 4.12 4.51 4.92 5.33 5.79 6.16 6.30 6.24 6.03 5.71 5.34 5.02 4.82 4.78 4.93 5.16 5.37 5.52 5.66 5.80 5.89 5.85 5.59 5.20 4.96 4.84 4.78 4.77 4.83 4.87 4.87 4.89 4.96 5.05 5.14 5.19 5.13 5.01 4.97 5.12 5.31 5.49 5.72 5.92 5.96 5.95 6.01 6.15 6.33 6.49 6.55 6.50 6.42 6.34 6.27 6.17 6.03 5.91 5.80 5.75 5.76 5.85 6.02 6.23 6.50 6.87 7.30 7.77 8.14 8.34 8.27 7.96 7.50 7.04 6.90 7.21 7.76 8.27 8.47
5.45 5.06 4.43 4.19 4.20 4.38 4.63 4.84 5.05 5.36 5.69 5.83 5.72 5.54 5.42 5.28 5.11 5.01 5.06 5.24 5.40 5.51 5.56 5.64 5.78 5.92 6.02 5.99 5.74 5.32 5.00 4.77 4.65 4.59 4.56 4.50 4.44 4.47 4.62 4.82 4.99 5.10 5.22 5.40 5.63 5.87 6.11 6.23 6.17 6.01 5.94 6.00 6.12 6.25 6.38 6.51 6.62 6.70 6.75 6.67 6.40 6.09 5.89 5.84 5.91 5.97 5.98 6.06 6.28 6.63 7.03 7.38 7.66 7.84 7.89 7.80 7.53 7.15 6.83 6.79 7.04 7.50 8.09 8.54
5.87 5.62 5.33 5.31 5.36 5.35 5.23 5.09 5.03 5.08 5.19 5.28 5.23 5.16 5.16 5.19 5.19 5.18 5.25 5.42 5.57 5.70 5.71 5.70 5.73 5.83 5.99 6.13 6.12 5.87 5.42 5.06 4.79 4.56 4.39 4.31 4.26 4.30 4.49 4.75 4.99 5.23 5.51 5.78 5.99 6.14 6.24 6.19 6.02 5.86 5.83 5.88 5.97 6.06 6.18 6.32 6.46 6.54 6.50 6.30 6.04 5.85 5.75 5.77 5.86 5.98 6.03 6.06 6.20 6.51 6.83 6.98 6.94 6.82 6.71 6.64 6.59 6.52 6.46 6.47 6.51 6.75 7.29 7.82
6.19 6.19 6.27 6.42 6.51 6.39 5.99 5.67 5.47 5.28 5.06 4.91 4.91 4.98 5.09 5.20 5.28 5.33 5.44 5.60 5.75 5.83 5.78 5.70 5.66 5.70 5.83 6.00 6.10 6.04 5.74 5.33 4.95 4.61 4.37 4.32 4.38 4.45 4.58 4.81 5.16 5.58 5.95 6.12 6.16 6.11 6.02 5.87 5.70 5.62 5.63 5.64 5.66 5.76 5.91 6.02 6.07 6.05 5.90 5.66 5.56 5.56 5.61 5.67 5.71 5.80 5.90 5.97 6.03 6.15 6.25 6.16 5.96 5.79 5.69 5.72 5.88 6.07 6.14 6.12 6.10 6.21 6.53 6.92
6.14 6.27 6.44 6.54 6.66 6.75 6.71 6.46 6.09 5.65 5.22 4.92 4.86 4.99 5.19 5.36 5.48 5.58 5.69 5.77 5.78 5.72 5.60 5.52 5.51 5.55 5.63 5.75 5.83 5.84 5.73 5.47 5.16 4.85 4.63 4.58 4.65 4.72 4.83 5.11 5.60 6.06 6.28 6.27 6.13 5.96 5.83 5.69 5.54 5.48 5.48 5.47 5.44 5.58 5.75 5.81 5.71 5.55 5.38 5.25 5.24 5.35 5.46 5.51 5.51 5.56 5.68 5.82 5.95 5.99 5.88 5.65 5.49 5.44 5.47 5.61 5.87 6.10 6.16 6.09 6.09 6.15 6.26 6.49
5.95 6.06 6.18 6.14 6.11 6.21 6.48 6.52 6.27 5.84 5.45 5.20 5.11 5.19 5.37 5.57 5.73 5.83 5.84 5.72 5.53 5.36 5.30 5.33 5.39 5.43 5.45 5.44 5.50 5.60 5.62 5.51 5.35 5.16 5.02 4.99 5.05 5.12 5.27 5.64 6.03 6.17 6.09 5.93 5.81 5.76 5.73 5.65 5.53 5.44 5.44 5.45 5.49 5.58 5.68 5.73 5.58 5.25 4.99 4.90 4.96 5.13 5.27 5.30 5.31 5.40 5.55 5.71 5.87 5.94 5.88 5.75 5.66 5.63 5.65 5.83 6.15 6.42 6.51 6.41 6.31 6.26 6.27 6.51
5.84 5.94 6.08 6.07 5.85 5.56 5.54 5.71 5.81 5.74 5.56 5.40 5.34 5.38 5.49 5.66 5.80 5.83 5.69 5.43 5.18 5.03 5.05 5.22 5.39 5.49 5.50 5.46 5.52 5.62 5.66 5.59 5.46 5.36 5.32 5.38 5.53 5.69 5.82 5.95 5.94 5.76 5.58 5.49 5.51 5.61 5.70 5.67 5.54 5.44 5.43 5.48 5.50 5.54 5.64 5.78 5.80 5.60 5.29 5.07 5.01 5.05 5.12 5.18 5.26 5.40 5.55 5.67 5.71 5.72 5.79 5.88 5.84 5.74 5.72 5.93 6.32 6.65 6.80 6.73 6.51 6.34 6.31 6.52
5.82 5.87 5.92 5.87 5.66 5.22 4.87 4.84 5.07 5.29 5.36 5.35 5.36 5.40 5.45 5.51 5.53 5.43 5.18 4.93 4.76 4.71 4.83 5.11 5.43 5.65 5.78 5.80 5.84 5.86 5.83 5.69 5.53 5.45 5.46 5.58 5.78 5.95 5.93 5.74 5.48 5.32 5.31 5.40 5.51 5.59 5.64 5.63 5.54 5.43 5.40 5.39 5.34 5.39 5.60 5.88 6.13 6.20 6.02 5.79 5.54 5.26 5.14 5.17 5.27 5.41 5.57 5.67 5.68 5.66 5.76 5.91 5.93 5.92 6.02 6.31 6.60 6.74 6.79 6.75 6.53 6.36 6.32 6.36
5.79 5.74 5.47 5.05 4.77 4.56 4.43 4.42 4.58 4.82 5.05 5.21 5.30 5.34 5.36 5.32 5.19 5.02 4.84 4.73 4.70 4.76 4.95 5.22 5.45 5.67 5.86 5.94 5.91 5.86 5.86 5.77 5.63 5.54 5.53 5.61 5.72 5.79 5.72 5.51 5.29 5.21 5.32 5.51 5.60 5.57 5.50 5.44 5.42 5.40 5.32 5.23 5.22 5.36 5.62 5.91 6.22 6.47 6.55 6.46 6.18 5.69 5.33 5.26 5.33 5.46 5.62 5.77 5.90 6.01 6.07 6.07 6.14 6.35 6.65 6.84 6.83 6.66 6.60 6.64 6.53 6.39 6.31 6.14
5.64 5.55 5.27 4.65 4.12 4.07 4.23 4.39 4.56 4.79 5.04 5.21 5.27 5.31 5.34 5.31 5.21 5.20 5.29 5.37 5.39 5.41 5.46 5.44 5.41 5.44 5.59 5.66 5.52 5.41 5.55 5.68 5.67 5.61 5.61 5.65 5.71 5.78 5.81 5.75 5.53 5.33 5.34 5.47 5.53 5.47 5.34 5.23 5.19 5.17 5.13 5.13 5.24 5.44 5.64 5.86 6.14 6.42 6.62 6.67 6.56 6.22 5.77 5.56 5.55 5.58 5.66 5.82 5.99 6.10 6.08 6.07 6.26 6.62 6.90 6.86 6.61 6.31 6.27 6.45 6.53 6.40 6.19 5.97
5.58 5.56 5.61 5.36 4.89 4.62 4.56 4.54 4.59 4.81 5.06 5.19 5.23 5.29 5.38 5.46 5.56 5.72 5.89 5.91 5.76 5.60 5.51 5.41 5.27 5.15 5.15 5.12 4.94 4.84 5.01 5.30 5.55 5.65 5.71 5.76 5.86 6.02 6.15 6.15 5.91 5.54 5.29 5.23 5.27 5.28 5.22 5.11 5.01 4.94 4.96 5.12 5.32 5.46 5.56 5.74 6.00 6.26 6.44 6.56 6.64 6.60 6.32 5.99 5.77 5.66 5.62 5.64 5.67 5.68 5.73 5.98 6.37 6.66 6.61 6.31 6.01 5.80 5.76 5.96 6.17 6.10 5.79 5.65
5.67 5.75 5.98 5.98 5.66 5.34 5.07 4.87 4.76 4.80 4.90 5.02 5.16 5.31 5.47 5.66 5.84 5.94 5.88 5.71 5.53 5.36 5.30 5.33 5.26 5.04 4.80 4.66 4.60 4.58 4.70 5.00 5.38 5.66 5.82 5.92 6.04 6.17 6.24 6.23 6.08 5.73 5.31 5.03 4.97 5.09 5.18 5.10 4.97 4.95 5.03 5.19 5.33 5.38 5.42 5.54 5.77 6.03 6.22 6.35 6.48 6.58 6.47 6.11 5.76 5.57 5.49 5.41 5.37 5.43 5.68 6.11 6.43 6.35 5.99 5.64 5.51 5.45 5.37 5.40 5.60 5.66 5.37 5.14
5.75 5.84 6.08 6.18 5.94 5.64 5.57 5.56 5.47 5.20 4.96 4.92 5.09 5.32 5.55 5.76 5.90 5.90 5.82 5.81 5.89 5.90 5.79 5.67 5.49 5.21 4.90 4.76 4.78 4.83 4.89 5.04 5.32 5.61 5.84 5.99 6.06 6.04 5.98 5.97 5.98 5.84 5.48 5.08 4.92 5.01 5.14 5.12 5.07 5.11 5.21 5.29 5.31 5.29 5.28 5.35 5.50 5.70 5.92 6.09 6.23 6.34 6.31 6.02 5.62 5.39 5.32 5.31 5.36 5.54 5.85 6.09 6.00 5.62 5.29 5.20 5.27 5.33 5.29 5.24 5.33 5.45 5.25 4.95
5.70 5.73 5.95 6.31 6.40 6.24 6.13 6.00 5.70 5.26 4.89 4.87 5.08 5.31 5.50 5.65 5.77 5.90 6.16 6.53 6.83 6.88 6.67 6.35 5.99 5.67 5.44 5.37 5.41 5.41 5.34 5.29 5.35 5.50 5.65 5.72 5.69 5.67 5.67 5.74 5.86 5.90 5.74 5.43 5.19 5.10 5.07 5.12 5.18 5.23 5.31 5.39 5.38 5.33 5.27 5.27 5.33 5.43 5.62 5.86 6.03 6.12 6.12 5.90 5.46 5.18 5.17 5.28 5.42 5.57 5.69 5.62 5.31 5.05 4.94 4.97 5.10 5.25 5.31 5.28 5.29 5.33 5.19 4.95
