project/data/elevation/US_DEM2016/US_DEM2016_point_10-31-2019_1157_30m_vel.asc
ncols	125
nrows	167
xllcorner	-2042055.000000
yllcorner	1465035.000000
cellsize	30.000000
NODATA_value	-9999.000000
[rows 114 to 151 of 167, columns 0 to 83 of 125]
5.53 5.49 5.49 5.56 5.71 5.99 6.21 6.06 5.59 5.06 4.61 4.19 3.86 3.62 3.58 3.87 4.46 5.04 5.42 5.71 6.12 6.28 5.88 5.51 5.70 5.93 5.90 5.78 5.70 5.57 5.40 5.14 4.88 4.72 4.60 4.54 4.68 4.94 5.15 5.33 5.55 5.80 6.09 6.43 6.49 6.14 5.62 5.26 5.16 5.25 5.40 5.46 5.41 5.16 4.80 4.52 4.46 4.70 5.03 5.24 5.29 5.22 5.13 5.06 5.08 5.21 5.40 5.48 5.32 5.03 4.83 4.69 4.61 4.61 4.63 4.60 4.54 4.48 4.56 4.87 4.95 4.63 4.41 4.28
5.62 5.61 5.61 5.62 5.69 5.78 5.72 5.36 4.75 4.19 3.80 3.51 3.33 3.38 3.85 4.62 5.38 5.96 6.33 6.50 6.45 6.07 5.41 5.21 5.47 5.57 5.47 5.45 5.54 5.68 5.73 5.64 5.43 5.05 4.63 4.49 4.73 5.08 5.36 5.59 5.83 6.03 6.19 6.30 6.13 5.64 5.15 4.92 4.93 5.17 5.51 5.64 5.56 5.29 4.87 4.45 4.28 4.43 4.69 4.91 5.09 5.22 5.30 5.35 5.39 5.45 5.47 5.36 5.17 4.97 4.83 4.73 4.68 4.64 4.59 4.55 4.52 4.54 4.64 4.81 4.75 4.46 4.26 4.08
5.71 5.71 5.68 5.65 5.61 5.51 5.29 4.92 4.55 4.32 4.19 4.10 4.20 4.65 5.38 6.16 6.73 6.94 6.91 6.68 6.22 5.63 5.14 5.00 5.07 5.02 4.94 5.04 5.26 5.47 5.60 5.67 5.65 5.50 5.32 5.30 5.39 5.53 5.66 5.79 5.89 5.97 6.07 6.08 5.82 5.38 4.97 4.76 4.89 5.27 5.66 5.81 5.73 5.52 5.28 5.10 4.97 4.91 4.90 4.95 5.05 5.16 5.27 5.38 5.48 5.52 5.43 5.23 5.04 4.86 4.73 4.67 4.64 4.63 4.61 4.59 4.59 4.65 4.74 4.83 4.86 4.76 4.64 4.62
5.75 5.70 5.64 5.60 5.49 5.31 5.07 4.86 4.78 4.86 5.04 5.34 5.79 6.35 6.88 7.21 7.21 6.89 6.51 6.05 5.62 5.37 5.27 5.18 5.07 4.89 4.72 4.76 4.94 5.05 5.06 5.17 5.40 5.60 5.76 5.84 5.79 5.68 5.58 5.55 5.58 5.70 5.87 5.93 5.73 5.37 5.00 4.81 4.98 5.38 5.63 5.66 5.59 5.54 5.54 5.60 5.66 5.66 5.57 5.38 5.25 5.19 5.20 5.24 5.31 5.31 5.16 4.99 4.89 4.79 4.68 4.59 4.57 4.61 4.66 4.70 4.75 4.81 4.89 5.07 5.31 5.41 5.41 5.53
5.73 5.64 5.54 5.50 5.41 5.25 5.10 4.98 4.96 5.12 5.55 6.12 6.69 7.07 7.22 7.04 6.49 5.97 5.66 5.29 5.14 5.25 5.39 5.44 5.39 5.14 4.82 4.68 4.79 4.82 4.70 4.70 4.91 5.23 5.47 5.57 5.51 5.39 5.29 5.27 5.36 5.58 5.83 5.87 5.62 5.28 5.03 4.92 5.06 5.30 5.41 5.34 5.23 5.29 5.45 5.60 5.75 5.87 5.85 5.70 5.48 5.29 5.14 5.06 4.98 4.82 4.61 4.65 4.84 4.91 4.83 4.72 4.67 4.69 4.75 4.84 4.94 5.02 5.16 5.42 5.68 5.78 5.84 5.97
5.66 5.57 5.49 5.46 5.38 5.27 5.17 5.10 5.15 5.44 5.98 6.49 6.79 6.81 6.58 6.12 5.64 5.39 5.14 4.85 4.80 4.94 5.13 5.33 5.37 5.18 4.95 4.87 4.96 4.94 4.79 4.68 4.70 4.80 4.97 5.08 5.12 5.16 5.22 5.30 5.43 5.64 5.83 5.76 5.40 5.10 5.02 5.04 5.14 5.23 5.23 5.14 5.11 5.22 5.38 5.49 5.55 5.56 5.56 5.55 5.47 5.27 5.04 4.85 4.60 4.36 4.35 4.70 5.07 5.17 5.09 4.98 4.89 4.83 4.84 4.92 5.00 5.08 5.25 5.49 5.64 5.62 5.59 5.59
5.60 5.56 5.52 5.47 5.38 5.30 5.27 5.27 5.45 5.88 6.37 6.60 6.53 6.28 5.93 5.55 5.32 5.12 4.78 4.50 4.43 4.51 4.79 5.10 5.13 4.97 4.97 5.08 5.17 5.14 5.05 4.92 4.78 4.71 4.67 4.70 4.84 5.05 5.25 5.41 5.55 5.71 5.80 5.56 5.09 4.89 4.96 5.07 5.15 5.20 5.20 5.20 5.28 5.40 5.46 5.43 5.31 5.18 5.14 5.16 5.16 5.07 4.93 4.74 4.59 4.60 4.82 5.16 5.36 5.33 5.19 5.08 4.98 4.88 4.81 4.80 4.82 4.92 5.14 5.37 5.45 5.35 5.23 5.10
5.65 5.66 5.61 5.49 5.38 5.38 5.45 5.57 5.84 6.27 6.54 6.52 6.29 6.05 5.78 5.49 5.19 4.86 4.56 4.47 4.56 4.76 5.03 5.17 5.08 4.95 5.01 5.15 5.23 5.21 5.17 5.12 5.03 4.88 4.67 4.57 4.71 4.96 5.17 5.37 5.56 5.75 5.71 5.25 4.70 4.58 4.76 4.92 5.00 5.09 5.21 5.32 5.39 5.39 5.32 5.22 5.10 5.00 4.93 4.87 4.87 4.90 4.92 4.95 5.06 5.25 5.41 5.50 5.47 5.30 5.11 4.98 4.89 4.83 4.78 4.73 4.75 4.93 5.17 5.30 5.29 5.19 5.08 4.95
5.74 5.72 5.62 5.47 5.40 5.46 5.62 5.88 6.27 6.51 6.52 6.33 6.12 5.95 5.68 5.30 4.97 4.78 4.81 5.01 5.21 5.31 5.32 5.25 5.12 5.03 5.05 5.14 5.19 5.17 5.14 5.13 5.11 5.02 4.86 4.78 4.85 4.99 5.10 5.29 5.54 5.66 5.34 4.65 4.20 4.25 4.51 4.72 4.85 4.94 5.07 5.15 5.11 5.03 4.94 4.89 4.90 4.94 4.91 4.83 4.82 4.88 4.97 5.10 5.26 5.40 5.48 5.52 5.49 5.34 5.12 4.94 4.83 4.78 4.77 4.80 4.92 5.07 5.10 5.04 4.98 4.95 4.89 4.80
5.67 5.61 5.48 5.40 5.41 5.53 5.72 5.99 6.29 6.37 6.20 5.97 5.82 5.59 5.18 4.88 4.87 5.04 5.23 5.32 5.26 5.15 5.13 5.23 5.29 5.20 5.09 5.10 5.11 5.06 5.01 4.99 4.95 4.94 5.01 5.09 5.13 5.13 5.13 5.31 5.44 5.21 4.49 3.82 3.70 3.95 4.29 4.61 4.77 4.79 4.80 4.77 4.65 4.56 4.52 4.55 4.68 4.79 4.78 4.76 4.82 4.90 4.95 4.99 5.07 5.22 5.36 5.48 5.52 5.39 5.17 4.98 4.83 4.71 4.67 4.76 4.84 4.81 4.65 4.56 4.65 4.77 4.70 4.58
5.60 5.55 5.48 5.43 5.46 5.57 5.71 5.85 5.93 5.84 5.62 5.48 5.39 5.05 4.66 4.76 5.01 5.13 5.04 4.80 4.59 4.65 4.95 5.31 5.45 5.33 5.19 5.12 5.07 4.97 4.92 4.89 4.88 4.96 5.09 5.16 5.14 5.10 5.10 5.20 5.06 4.45 3.75 3.50 3.64 3.90 4.20 4.56 4.75 4.79 4.81 4.76 4.60 4.43 4.34 4.40 4.55 4.59 4.56 4.67 4.80 4.89 4.97 5.12 5.32 5.49 5.54 5.53 5.45 5.25 5.06 4.91 4.73 4.55 4.51 4.56 4.54 4.44 4.35 4.39 4.59 4.69 4.54 4.37
5.73 5.77 5.73 5.58 5.50 5.52 5.59 5.63 5.57 5.42 5.29 5.29 5.15 4.76 4.65 4.84 4.87 4.65 4.30 4.06 4.14 4.56 5.11 5.53 5.59 5.41 5.30 5.26 5.16 4.99 4.87 4.86 4.91 4.95 4.93 4.83 4.78 4.80 4.88 4.87 4.58 4.12 3.98 4.14 4.29 4.36 4.49 4.72 4.90 4.99 5.02 4.98 4.87 4.71 4.60 4.59 4.62 4.62 4.68 4.81 4.88 4.95 5.12 5.45 5.68 5.72 5.59 5.46 5.30 5.09 4.88 4.69 4.50 4.39 4.36 4.34 4.31 4.29 4.36 4.47 4.56 4.55 4.47 4.47
5.89 5.87 5.74 5.51 5.38 5.38 5.44 5.43 5.35 5.30 5.31 5.27 4.99 4.67 4.57 4.49 4.25 3.98 3.83 3.94 4.33 4.87 5.46 5.76 5.64 5.41 5.35 5.32 5.20 5.02 4.90 4.90 4.90 4.80 4.61 4.50 4.52 4.65 4.74 4.68 4.56 4.60 4.80 4.95 5.01 5.04 5.08 5.13 5.19 5.16 5.07 4.99 4.95 4.92 4.89 4.87 4.86 4.87 4.92 4.96 4.93 5.01 5.20 5.44 5.46 5.31 5.21 5.24 5.25 5.10 4.80 4.49 4.28 4.24 4.21 4.12 4.03 4.02 4.12 4.26 4.39 4.55 4.79 4.93
5.78 5.57 5.22 5.09 5.10 5.22 5.31 5.31 5.27 5.25 5.20 5.02 4.70 4.42 4.24 4.06 3.92 3.91 4.16 4.65 5.12 5.48 5.80 5.76 5.36 5.18 5.19 5.12 5.01 4.96 4.96 4.96 4.91 4.79 4.66 4.66 4.78 4.87 4.89 4.89 4.99 5.13 5.18 5.20 5.30 5.46 5.57 5.59 5.50 5.33 5.19 5.12 5.09 5.05 5.01 5.01 5.06 5.06 5.00 4.94 4.90 4.97 5.08 5.12 4.99 4.88 5.01 5.27 5.35 5.09 4.66 4.30 4.14 4.11 4.10 4.06 3.97 3.89 3.90 4.04 4.39 4.89 5.27 5.22
5.42 5.07 4.68 4.68 4.88 5.13 5.27 5.27 5.22 5.13 4.98 4.75 4.51 4.37 4.34 4.36 4.49 4.79 5.29 5.75 5.98 6.00 5.85 5.47 5.07 4.98 4.93 4.81 4.77 4.84 4.92 4.94 4.93 4.92 5.00 5.14 5.23 5.20 5.12 5.12 5.16 5.12 5.13 5.26 5.49 5.75 5.96 5.99 5.87 5.70 5.59 5.50 5.41 5.29 5.14 5.09 5.10 5.06 4.96 4.90 4.84 4.88 4.91 4.86 4.79 4.93 5.26 5.48 5.27 4.72 4.28 4.11 4.05 4.01 4.02 4.12 4.24 4.27 4.24 4.34 4.73 5.26 5.40 4.99
5.21 5.00 4.75 4.83 5.09 5.29 5.33 5.27 5.17 5.07 4.95 4.79 4.69 4.78 5.02 5.29 5.60 5.92 6.16 6.26 6.16 5.91 5.54 5.20 5.03 4.94 4.78 4.67 4.70 4.79 4.84 4.85 4.90 5.02 5.17 5.25 5.25 5.19 5.12 5.07 4.99 4.96 5.10 5.37 5.71 6.01 6.18 6.14 6.01 5.86 5.70 5.54 5.45 5.35 5.23 5.16 5.11 4.98 4.89 4.84 4.82 4.85 4.86 4.84 4.94 5.23 5.49 5.36 4.76 4.13 3.92 3.92 3.95 3.98 4.03 4.13 4.31 4.51 4.69 4.86 5.13 5.37 5.21 4.73
5.28 5.29 5.36 5.55 5.68 5.61 5.41 5.25 5.16 5.11 5.07 5.04 5.10 5.35 5.66 5.91 6.10 6.18 6.11 5.85 5.48 5.12 4.93 4.92 5.01 4.96 4.84 4.82 4.88 4.93 4.90 4.88 4.95 5.08 5.12 5.03 4.97 4.99 5.03 4.99 4.94 5.00 5.25 5.57 5.87 6.06 6.02 5.81 5.60 5.45 5.32 5.30 5.36 5.35 5.27 5.23 5.18 5.06 4.91 4.85 4.87 4.91 4.92 4.99 5.20 5.45 5.42 4.93 4.23 3.86 3.81 3.84 3.89 4.03 4.21 4.28 4.30 4.40 4.67 5.01 5.33 5.52 5.45 5.38
5.40 5.52 5.77 5.95 5.93 5.73 5.45 5.24 5.15 5.15 5.18 5.26 5.44 5.68 5.82 5.83 5.79 5.70 5.44 4.96 4.48 4.28 4.40 4.76 5.03 5.07 5.05 5.11 5.19 5.22 5.22 5.25 5.30 5.30 5.22 5.08 5.01 5.06 5.07 5.09 5.18 5.40 5.65 5.81 5.90 5.84 5.55 5.19 4.97 4.94 5.04 5.28 5.43 5.38 5.28 5.26 5.26 5.20 5.06 4.99 4.97 5.00 5.05 5.17 5.35 5.41 5.11 4.51 4.07 3.91 3.89 3.92 4.00 4.14 4.33 4.44 4.47 4.48 4.64 5.04 5.59 6.02 6.23 6.34
5.48 5.59 5.78 5.88 5.84 5.72 5.53 5.33 5.23 5.24 5.28 5.36 5.50 5.59 5.52 5.44 5.40 5.20 4.74 4.23 3.99 4.09 4.48 4.94 5.19 5.24 5.27 5.34 5.40 5.45 5.56 5.68 5.74 5.66 5.49 5.34 5.27 5.29 5.22 5.25 5.45 5.69 5.78 5.79 5.74 5.50 5.07 4.69 4.58 4.74 5.11 5.44 5.50 5.36 5.27 5.29 5.32 5.30 5.20 5.09 5.06 5.09 5.16 5.24 5.31 5.19 4.74 4.27 4.07 4.02 4.01 4.05 4.16 4.29 4.35 4.42 4.58 4.80 5.07 5.52 6.14 6.54 6.61 6.44
5.59 5.70 5.87 5.96 5.94 5.81 5.68 5.60 5.53 5.45 5.35 5.31 5.30 5.27 5.25 5.30 5.25 4.91 4.47 4.30 4.42 4.67 4.98 5.26 5.40 5.41 5.41 5.46 5.50 5.54 5.65 5.79 5.85 5.79 5.67 5.60 5.60 5.59 5.48 5.41 5.51 5.58 5.61 5.65 5.55 5.19 4.78 4.53 4.55 4.87 5.35 5.62 5.56 5.40 5.33 5.35 5.37 5.32 5.19 5.08 5.06 5.09 5.14 5.18 5.19 5.00 4.59 4.27 4.16 4.14 4.14 4.16 4.22 4.33 4.42 4.52 4.71 5.06 5.56 6.10 6.54 6.58 6.20 5.77
5.86 6.00 6.19 6.20 6.08 5.86 5.76 5.76 5.73 5.54 5.31 5.14 5.08 5.10 5.22 5.28 5.08 4.75 4.66 4.86 5.09 5.22 5.34 5.49 5.57 5.56 5.54 5.55 5.55 5.58 5.66 5.73 5.71 5.70 5.79 5.95 6.04 6.00 5.88 5.66 5.54 5.46 5.52 5.53 5.27 4.89 4.65 4.61 4.80 5.24 5.68 5.81 5.66 5.49 5.40 5.38 5.36 5.26 5.09 5.03 5.03 5.06 5.08 5.08 5.07 4.91 4.63 4.46 4.38 4.34 4.31 4.28 4.26 4.32 4.50 4.78 5.10 5.52 6.08 6.55 6.63 6.23 5.59 5.12
6.13 6.19 6.24 6.16 6.02 5.82 5.69 5.63 5.54 5.34 5.11 4.96 4.98 5.13 5.22 5.11 4.88 4.82 5.01 5.20 5.28 5.32 5.43 5.60 5.68 5.65 5.57 5.52 5.51 5.58 5.70 5.75 5.71 5.75 5.94 6.14 6.21 6.17 6.10 5.96 5.66 5.45 5.35 5.17 4.84 4.63 4.64 4.76 5.07 5.60 5.98 5.95 5.69 5.50 5.41 5.38 5.33 5.20 5.04 5.01 5.04 5.07 5.07 5.06 5.06 4.96 4.78 4.69 4.64 4.59 4.51 4.47 4.46 4.52 4.70 5.05 5.60 6.28 6.85 6.98 6.61 5.96 5.32 4.83
6.20 6.02 5.73 5.61 5.60 5.55 5.45 5.35 5.30 5.17 5.08 5.10 5.27 5.43 5.32 5.04 4.85 4.90 5.02 5.07 5.13 5.28 5.49 5.67 5.72 5.61 5.45 5.37 5.40 5.52 5.67 5.78 5.81 5.86 5.91 5.90 5.83 5.80 5.79 5.72 5.47 5.20 4.94 4.69 4.52 4.52 4.65 4.83 5.29 5.91 6.13 5.89 5.57 5.43 5.39 5.36 5.28 5.14 5.00 5.02 5.10 5.14 5.13 5.10 5.08 5.01 4.90 4.86 4.84 4.81 4.82 4.88 4.94 5.07 5.27 5.62 6.21 6.90 7.27 7.06 6.46 5.88 5.38 4.90
6.00 5.63 5.01 4.74 4.75 4.85 4.99 5.15 5.28 5.37 5.48 5.69 5.90 5.86 5.51 5.12 4.90 4.79 4.70 4.73 4.97 5.30 5.57 5.71 5.69 5.54 5.36 5.26 5.27 5.37 5.47 5.55 5.58 5.61 5.56 5.40 5.23 5.10 5.01 4.92 4.84 4.72 4.56 4.43 4.44 4.54 4.66 4.95 5.60 6.15 6.12 5.70 5.42 5.35 5.34 5.31 5.22 5.10 5.02 5.12 5.23 5.26 5.22 5.15 5.08 5.02 4.97 4.97 4.99 5.03 5.19 5.42 5.69 5.99 6.28 6.55 6.90 7.25 7.21 6.71 6.26 6.02 5.77 5.46
5.60 5.15 4.44 4.22 4.21 4.35 4.66 5.02 5.32 5.58 5.82 6.03 6.07 5.82 5.42 5.10 4.86 4.67 4.60 4.76 5.05 5.36 5.60 5.70 5.67 5.55 5.40 5.29 5.22 5.22 5.25 5.21 5.15 5.15 5.12 4.95 4.71 4.52 4.35 4.27 4.31 4.35 4.38 4.48 4.68 4.85 5.05 5.48 6.09 6.32 6.03 5.58 5.37 5.31 5.28 5.26 5.23 5.25 5.36 5.50 5.51 5.40 5.27 5.17 5.12 5.08 5.05 5.07 5.14 5.28 5.59 6.00 6.46 6.86 7.12 7.21 7.25 7.24 6.93 6.47 6.32 6.34 6.29 6.21
5.15 4.79 4.33 4.29 4.40 4.59 4.83 5.03 5.24 5.48 5.71 5.81 5.68 5.35 5.09 4.93 4.80 4.71 4.80 5.05 5.30 5.52 5.68 5.74 5.68 5.60 5.52 5.47 5.42 5.32 5.24 5.12 5.03 4.96 4.84 4.61 4.33 4.13 4.01 4.02 4.10 4.26 4.51 4.88 5.20 5.43 5.74 6.12 6.41 6.32 5.90 5.53 5.36 5.27 5.23 5.27 5.37 5.58 5.80 5.86 5.67 5.40 5.23 5.19 5.21 5.21 5.16 5.17 5.31 5.59 6.01 6.46 6.85 7.07 7.14 7.09 6.99 6.84 6.60 6.40 6.40 6.43 6.47 6.62
5.03 4.93 4.94 5.13 5.26 5.33 5.26 5.18 5.23 5.35 5.45 5.43 5.22 4.98 4.84 4.78 4.75 4.79 4.98 5.27 5.50 5.72 5.82 5.79 5.69 5.63 5.62 5.61 5.60 5.55 5.39 5.19 5.03 4.85 4.63 4.33 4.06 3.90 3.87 3.93 4.11 4.45 4.94 5.38 5.65 5.85 6.08 6.28 6.34 6.10 5.69 5.38 5.19 5.09 5.13 5.29 5.51 5.70 5.76 5.58 5.32 5.17 5.14 5.17 5.24 5.27 5.23 5.25 5.40 5.75 6.20 6.52 6.62 6.51 6.35 6.23 6.21 6.26 6.27 6.22 6.16 6.11 6.23 6.51
5.28 5.44 5.80 6.10 6.19 6.04 5.70 5.53 5.51 5.46 5.33 5.13 4.94 4.82 4.77 4.75 4.77 4.91 5.19 5.50 5.74 5.92 5.90 5.76 5.64 5.63 5.66 5.66 5.64 5.60 5.47 5.23 4.97 4.73 4.47 4.21 4.01 3.89 3.86 4.00 4.40 5.01 5.56 5.85 5.94 5.96 6.01 6.08 6.07 5.83 5.47 5.12 4.87 4.84 5.00 5.25 5.45 5.47 5.29 5.02 4.91 4.96 5.05 5.14 5.21 5.24 5.23 5.27 5.39 5.65 5.98 6.05 5.89 5.64 5.41 5.33 5.52 5.85 6.05 6.00 5.87 5.82 5.90 6.06
5.51 5.73 6.12 6.37 6.42 6.30 6.16 6.04 5.88 5.61 5.29 5.03 4.87 4.82 4.81 4.82 4.92 5.15 5.47 5.73 5.88 5.90 5.75 5.56 5.50 5.58 5.63 5.59 5.53 5.48 5.37 5.16 4.93 4.70 4.45 4.22 4.03 3.94 4.03 4.42 5.12 5.77 6.07 6.09 5.96 5.84 5.83 5.91 5.90 5.67 5.28 4.89 4.66 4.75 4.96 5.16 5.20 5.02 4.75 4.62 4.68 4.84 5.00 5.10 5.15 5.15 5.16 5.25 5.39 5.57 5.67 5.53 5.31 5.16 5.06 5.15 5.50 5.88 6.05 5.97 5.85 5.80 5.77 5.72
5.60 5.77 6.03 6.11 6.07 6.00 6.08 6.05 5.86 5.55 5.27 5.08 4.98 4.94 4.95 5.03 5.21 5.47 5.71 5.80 5.74 5.58 5.42 5.33 5.39 5.52 5.52 5.37 5.31 5.31 5.23 5.09 4.95 4.76 4.53 4.32 4.18 4.20 4.53 5.22 5.89 6.16 6.07 5.85 5.67 5.60 5.68 5.84 5.83 5.55 5.14 4.81 4.73 4.84 4.98 5.04 4.89 4.55 4.27 4.26 4.46 4.74 4.94 5.04 5.09 5.12 5.16 5.25 5.40 5.54 5.53 5.39 5.26 5.15 5.16 5.46 5.89 6.20 6.28 6.16 6.00 5.89 5.77 5.73
5.68 5.82 6.00 5.96 5.76 5.55 5.51 5.52 5.47 5.38 5.26 5.17 5.11 5.08 5.11 5.24 5.45 5.65 5.71 5.60 5.41 5.21 5.14 5.24 5.41 5.55 5.47 5.30 5.29 5.29 5.21 5.10 4.96 4.78 4.62 4.52 4.56 4.80 5.29 5.83 6.08 5.94 5.65 5.45 5.39 5.46 5.65 5.80 5.72 5.40 5.04 4.85 4.79 4.88 4.99 4.99 4.82 4.55 4.29 4.26 4.49 4.75 4.90 5.00 5.09 5.16 5.21 5.27 5.34 5.37 5.39 5.40 5.30 5.15 5.26 5.78 6.35 6.59 6.53 6.31 6.08 5.91 5.81 5.90
5.77 5.86 5.91 5.71 5.44 5.16 4.99 4.94 5.02 5.10 5.14 5.16 5.15 5.14 5.17 5.28 5.43 5.44 5.28 5.06 4.86 4.77 4.92 5.28 5.61 5.72 5.65 5.57 5.55 5.45 5.28 5.10 4.91 4.76 4.70 4.74 4.93 5.26 5.59 5.79 5.75 5.53 5.34 5.30 5.36 5.47 5.64 5.74 5.59 5.28 5.00 4.77 4.67 4.80 5.01 5.06 4.99 4.87 4.70 4.71 4.85 4.91 4.93 5.02 5.12 5.19 5.23 5.25 5.23 5.24 5.34 5.41 5.28 5.22 5.57 6.33 6.88 6.88 6.55 6.20 5.94 5.82 5.83 5.97
5.80 5.70 5.38 4.91 4.60 4.49 4.54 4.64 4.74 4.83 4.95 5.07 5.12 5.13 5.15 5.18 5.14 4.94 4.71 4.59 4.55 4.66 5.03 5.56 5.89 5.92 5.84 5.80 5.70 5.47 5.27 5.07 4.87 4.77 4.78 4.86 5.03 5.24 5.40 5.51 5.50 5.36 5.30 5.37 5.46 5.52 5.57 5.59 5.47 5.21 4.85 4.56 4.56 4.85 5.13 5.21 5.20 5.17 5.18 5.23 5.22 5.09 5.01 5.06 5.15 5.22 5.26 5.29 5.36 5.51 5.61 5.53 5.47 5.70 6.32 6.96 7.16 6.82 6.33 5.99 5.82 5.80 5.86 5.91
5.61 5.30 4.75 4.28 3.98 4.09 4.39 4.64 4.76 4.87 4.99 5.07 5.09 5.11 5.12 5.07 4.93 4.79 4.81 4.91 4.99 5.18 5.53 5.87 6.01 5.92 5.81 5.69 5.41 5.15 5.07 4.96 4.84 4.81 4.85 4.93 5.06 5.21 5.37 5.54 5.54 5.39 5.36 5.46 5.50 5.46 5.44 5.44 5.31 4.96 4.52 4.39 4.63 5.03 5.29 5.35 5.34 5.36 5.44 5.47 5.40 5.28 5.21 5.25 5.29 5.30 5.33 5.43 5.61 5.75 5.70 5.57 5.74 6.28 6.92 7.12 6.87 6.36 6.01 5.85 5.80 5.83 5.85 5.81
5.30 5.01 4.63 4.50 4.46 4.55 4.69 4.77 4.82 4.97 5.10 5.11 5.10 5.12 5.11 5.07 5.05 5.18 5.35 5.38 5.32 5.41 5.67 5.88 5.91 5.73 5.51 5.23 4.85 4.68 4.73 4.76 4.80 4.88 4.94 5.03 5.21 5.44 5.67 5.78 5.66 5.44 5.36 5.39 5.35 5.28 5.30 5.32 5.10 4.59 4.27 4.43 4.86 5.22 5.39 5.41 5.41 5.43 5.46 5.47 5.46 5.48 5.52 5.53 5.45 5.38 5.39 5.48 5.58 5.56 5.46 5.61 6.11 6.71 7.00 6.74 6.20 5.80 5.63 5.60 5.59 5.59 5.56 5.54
5.15 5.02 4.85 4.85 4.93 5.02 5.01 4.95 4.95 5.04 5.08 5.07 5.10 5.14 5.17 5.22 5.36 5.50 5.43 5.18 5.04 5.15 5.48 5.79 5.80 5.49 5.06 4.67 4.41 4.41 4.55 4.69 4.84 4.98 5.08 5.24 5.48 5.73 5.88 5.84 5.63 5.40 5.28 5.19 5.09 5.10 5.21 5.19 4.84 4.38 4.30 4.65 5.07 5.33 5.41 5.39 5.37 5.37 5.36 5.37 5.43 5.53 5.59 5.54 5.42 5.35 5.35 5.39 5.38 5.33 5.45 5.93 6.50 6.72 6.57 6.13 5.70 5.46 5.36 5.31 5.26 5.23 5.14 5.02
5.16 5.12 5.00 4.96 5.03 5.18 5.34 5.43 5.44 5.31 5.10 5.00 5.07 5.18 5.28 5.42 5.56 5.51 5.27 5.09 5.16 5.39 5.71 5.94 5.78 5.29 4.79 4.49 4.43 4.55 4.71 4.83 4.95 5.08 5.26 5.48 5.68 5.78 5.77 5.64 5.46 5.31 5.18 5.03 4.96 5.03 5.15 5.05 4.69 4.43 4.51 4.86 5.17 5.34 5.37 5.33 5.27 5.21 5.18 5.23 5.33 5.43 5.45 5.36 5.25 5.20 5.24 5.29 5.32 5.43 5.75 6.20 6.35 6.17 5.92 5.72 5.52 5.39 5.31 5.22 5.12 5.05 4.92 4.72
5.10 5.05 4.99 5.10 5.34 5.62 5.80 5.77 5.52 5.16 4.90 4.92 5.09 5.24 5.36 5.49 5.55 5.49 5.52 5.75 6.02 6.16 6.24 6.21 5.84 5.30 4.92 4.81 4.88 5.00 5.06 5.04 5.05 5.15 5.31 5.43 5.49 5.53 5.52 5.44 5.35 5.28 5.18 5.11 5.09 5.09 5.08 4.95 4.69 4.56 4.72 5.04 5.25 5.33 5.31 5.24 5.15 5.03 5.00 5.11 5.26 5.32 5.28 5.13 4.96 4.94 5.09 5.25 5.37 5.57 5.83 5.91 5.67 5.50 5.53 5.56 5.49 5.41 5.32 5.18 5.05 4.95 4.76 4.57
