project/data/elevation/US_DEM2016/US_DEM2016_point_10-30-2019_1134_30m_vel.asc
ncols	125
nrows	167
xllcorner	-2042055.000000
yllcorner	1465035.000000
cellsize	30.000000
NODATA_value	-9999.000000
[rows 35 to 69 of 167, columns 0 to 78 of 125]
11.58 12.01 12.48 12.13 11.24 9.96 9.14 8.73 8.48 8.57 9.21 10.28 11.08 11.30 10.96 10.31 9.89 9.67 9.69 10.04 10.49 10.93 11.31 11.50 11.57 11.36 10.97 10.53 10.06 9.68 9.47 9.22 8.87 8.47 8.18 8.35 9.03 9.75 10.59 11.10 10.98 10.14 8.64 7.10 6.78 7.39 8.36 9.37 10.01 10.22 10.19 10.19 10.13 10.26 10.22 10.24 10.23 10.45 10.40 10.56 10.64 10.54 10.16 9.40 8.71 8.15 7.86 8.10 8.70 9.22 9.55 9.92 10.18 10.66 11.24 12.33 13.99 15.05 15.03
12.57 13.16 13.66 13.23 12.41 11.26 10.18 9.29 8.58 8.04 7.95 8.57 9.69 10.48 10.61 10.14 9.81 9.91 10.48 11.39 12.17 12.91 13.53 13.94 13.92 13.58 13.02 12.27 11.35 10.45 9.78 9.45 9.42 9.66 9.94 10.03 10.29 10.90 11.64 11.95 11.73 10.86 9.61 9.03 9.53 10.51 11.51 12.02 12.00 11.20 10.52 10.02 9.98 10.10 10.24 10.33 10.32 10.57 10.70 11.18 11.35 11.09 10.33 9.10 8.01 7.37 7.33 7.71 8.28 8.74 9.10 9.46 9.78 9.89 10.42 11.22 12.50 14.16 15.43
12.96 13.29 13.25 12.66 11.89 11.01 10.29 9.51 8.61 7.78 7.42 7.59 8.24 9.24 9.86 9.88 9.69 9.89 10.74 11.88 12.80 13.53 14.09 14.49 14.54 14.37 14.07 13.57 12.75 11.73 10.69 9.94 9.80 10.26 10.80 11.27 11.77 12.32 12.78 13.29 13.63 13.34 12.95 12.51 12.74 13.42 13.77 13.29 12.45 11.45 10.58 10.14 9.94 10.09 10.25 10.31 10.36 10.78 11.12 11.62 11.71 11.39 10.70 9.62 8.48 7.79 7.62 7.79 8.06 8.38 8.59 8.75 9.14 9.47 9.92 10.52 11.44 12.75 14.64
13.03 12.66 11.86 11.16 10.41 9.94 9.53 8.87 8.05 7.32 7.06 7.14 7.55 8.29 9.04 9.37 9.36 9.49 10.13 11.06 11.59 11.82 11.98 12.31 12.73 13.05 13.40 13.68 13.39 12.72 11.89 11.15 10.72 10.65 11.00 11.86 12.80 13.30 13.76 14.53 15.23 15.33 15.15 14.88 14.69 14.47 13.64 12.15 11.07 10.28 9.96 9.95 9.96 10.06 10.27 10.42 10.56 11.05 11.36 11.54 11.38 10.68 10.20 9.66 8.99 8.39 7.79 7.58 7.68 7.94 8.04 8.12 8.44 9.10 9.57 10.02 10.55 11.61 12.94
12.79 11.76 10.30 9.58 8.97 8.69 8.39 7.97 7.58 7.27 7.24 7.43 7.79 8.19 8.58 8.86 9.00 9.12 9.29 9.44 9.29 9.12 9.17 9.65 10.61 11.68 12.53 13.31 13.62 13.40 12.85 12.21 11.75 11.69 12.34 13.50 14.25 14.63 14.88 15.33 15.78 15.65 15.43 15.09 14.68 14.08 12.92 11.59 10.64 9.86 9.72 10.03 10.24 10.15 10.41 10.72 11.05 11.48 11.33 10.86 10.03 8.95 8.08 7.84 7.74 7.59 7.13 6.89 7.06 7.37 7.56 7.75 8.17 8.78 9.22 9.48 9.71 10.38 11.34
12.22 11.04 9.40 8.65 8.36 8.22 8.17 8.18 8.26 8.42 8.68 8.99 9.03 8.77 8.53 8.53 8.71 8.81 8.57 8.09 7.84 7.90 8.35 9.09 10.23 11.19 11.97 12.71 13.27 13.55 13.52 13.23 13.16 13.70 14.66 15.66 16.28 16.54 16.15 15.60 15.41 14.56 13.91 13.86 13.68 13.71 13.37 12.98 12.39 11.87 11.28 11.09 10.98 10.53 10.57 10.77 11.06 11.26 10.77 9.85 8.74 7.44 6.12 5.66 5.68 5.89 6.22 6.51 6.76 6.91 6.99 7.38 8.10 8.74 9.05 9.14 9.19 9.52 10.20
11.85 10.96 9.73 9.21 9.14 9.17 9.15 9.18 9.40 9.81 10.27 10.47 10.08 9.33 8.81 8.71 8.86 8.89 8.60 8.22 8.22 8.61 9.18 9.72 10.19 10.67 11.00 11.47 12.30 13.06 13.85 14.10 14.64 15.51 16.39 17.05 17.33 17.01 16.29 15.30 14.38 13.41 12.53 12.12 12.44 12.68 13.06 13.26 13.43 13.47 13.23 12.33 11.49 10.70 10.32 10.23 10.13 9.92 9.46 8.84 8.03 6.95 5.78 5.37 5.59 6.00 6.40 6.60 6.60 6.62 6.75 7.10 7.81 8.54 8.76 8.66 8.83 9.38 9.99
11.81 11.33 10.62 10.33 10.23 10.13 9.96 9.97 10.35 10.90 11.25 11.13 10.34 9.74 9.52 9.56 9.65 9.67 9.64 9.70 9.97 10.33 10.68 10.98 11.20 11.18 11.07 11.18 11.81 12.60 13.88 14.96 16.07 16.96 17.22 16.85 16.28 15.49 14.54 13.67 12.90 12.15 11.25 10.84 10.95 11.28 11.74 11.94 12.30 12.58 12.66 12.11 11.32 10.42 9.96 9.83 9.56 9.10 8.75 8.80 8.50 7.94 7.38 7.34 7.65 7.62 7.25 6.86 6.86 7.03 7.01 6.92 7.17 7.62 7.63 7.42 8.05 9.16 9.81
11.77 11.45 11.02 10.83 10.73 10.67 10.73 11.04 11.53 11.90 11.88 11.37 10.49 10.13 10.09 10.21 10.42 10.57 10.83 11.26 11.77 12.15 12.36 12.43 12.40 12.13 11.93 11.94 12.28 12.73 13.89 15.16 16.29 16.97 16.65 15.68 14.48 13.40 12.44 11.93 11.64 11.14 10.32 9.66 9.69 10.11 10.40 10.11 9.58 9.10 9.20 9.80 10.14 10.02 9.94 10.22 10.29 10.18 10.19 10.27 10.04 9.77 9.68 9.75 9.24 8.43 8.01 8.05 8.16 7.72 6.92 6.31 6.34 6.53 6.36 6.33 7.10 8.45 9.12
11.73 11.53 11.33 11.31 11.53 11.96 12.43 12.78 12.93 12.83 12.35 11.53 10.70 10.33 10.29 10.54 10.87 11.20 11.63 12.19 12.72 13.01 13.05 12.85 12.55 12.18 12.06 12.18 12.63 13.21 14.40 15.16 15.57 15.42 14.91 14.36 13.60 12.64 11.35 10.56 10.26 10.04 9.50 8.81 8.62 9.05 8.81 8.20 7.33 6.84 7.08 7.81 8.60 9.21 10.00 10.90 11.42 11.67 11.73 11.49 11.22 11.06 10.73 10.24 9.30 8.94 9.23 9.29 8.53 7.06 6.07 5.84 6.04 6.17 6.14 6.34 7.13 8.11 8.61
12.06 12.10 12.22 12.46 12.81 13.27 13.66 13.81 13.67 13.24 12.52 11.68 11.08 10.82 10.99 11.27 11.51 11.82 12.21 12.52 12.63 12.53 12.31 12.08 11.97 11.82 11.78 12.05 12.88 13.87 14.94 14.69 14.16 13.43 12.99 13.06 12.80 12.19 10.86 9.73 8.99 8.73 8.40 7.79 7.68 7.94 7.86 7.83 7.86 7.94 7.87 7.66 7.70 8.48 9.89 11.24 11.68 11.70 11.57 11.52 11.33 11.31 10.84 10.35 10.14 10.28 9.99 8.89 7.30 6.29 6.18 6.63 6.95 7.00 7.03 7.43 8.16 8.71 8.83
12.52 12.66 12.95 13.24 13.37 13.40 13.35 13.25 13.05 12.65 12.11 11.53 11.43 11.67 12.11 12.34 12.42 12.48 12.49 12.36 12.06 11.68 11.33 11.24 11.44 11.61 11.80 12.34 13.40 14.35 14.73 14.01 12.80 12.03 11.61 11.40 11.29 11.16 10.52 9.44 8.27 7.69 7.56 7.58 7.81 8.06 8.53 8.86 9.01 8.60 7.85 7.37 7.78 9.03 10.45 11.25 11.38 11.26 11.22 11.40 11.27 11.28 11.13 11.00 10.84 10.35 8.83 7.63 7.22 7.50 8.10 8.48 8.61 8.63 8.79 9.16 9.56 9.70 9.64
12.68 12.67 12.79 12.94 12.82 12.50 12.12 11.79 11.51 11.32 11.02 10.81 10.99 11.61 12.21 12.56 12.65 12.50 12.20 11.85 11.52 11.19 10.91 10.85 11.05 11.36 11.77 12.60 13.66 14.18 13.80 12.70 11.85 11.16 10.54 10.08 9.89 10.03 10.07 9.62 8.42 7.78 7.89 8.55 8.93 9.20 9.36 8.92 8.10 7.07 6.70 7.29 9.14 11.18 12.06 11.94 11.76 11.63 11.61 11.68 11.48 11.46 11.24 10.94 10.37 9.36 8.50 8.54 9.34 10.22 10.77 10.93 10.95 10.93 10.93 11.09 11.26 11.19 11.11
12.61 12.48 12.13 12.03 11.87 11.45 10.97 10.54 10.26 10.05 9.84 9.78 9.97 10.57 11.18 11.56 11.80 11.81 11.61 11.34 11.06 10.81 10.60 10.50 10.57 10.84 11.26 12.21 13.42 13.73 13.17 12.21 11.52 10.78 9.85 9.04 8.86 9.07 9.35 9.23 8.48 7.90 7.94 8.45 8.80 9.05 9.03 8.04 7.10 6.78 7.50 9.67 12.29 13.77 14.02 13.16 12.53 12.14 12.02 12.14 12.10 12.00 11.66 11.18 11.03 11.23 11.97 12.97 13.82 14.39 14.53 14.52 14.45 14.36 14.22 14.18 14.14 13.83 13.36
12.64 12.49 11.80 11.34 11.20 11.01 10.62 10.21 9.93 9.60 9.50 9.55 9.80 10.27 10.66 10.94 11.12 11.23 11.18 10.94 10.60 10.30 10.12 10.06 10.10 10.28 10.65 11.74 13.16 13.34 12.79 12.21 11.69 10.99 10.00 8.90 8.50 8.24 8.09 7.93 7.54 7.05 6.85 6.99 7.49 8.07 8.54 8.20 7.99 8.63 10.79 13.52 15.18 15.57 14.95 13.72 12.84 12.44 12.42 12.87 13.07 13.16 12.92 13.04 13.73 14.85 16.13 17.26 18.02 18.34 18.42 18.37 18.29 18.18 17.94 17.61 17.25 16.77 15.74
12.80 12.56 11.78 11.17 10.98 10.97 10.91 10.70 10.43 10.21 10.41 10.72 11.05 11.37 11.52 11.51 11.40 11.22 10.96 10.62 10.24 9.89 9.68 9.63 9.72 9.99 10.52 11.80 12.95 12.77 11.81 11.71 11.49 11.07 10.68 9.95 9.08 8.09 7.32 7.10 7.00 6.89 6.94 7.15 7.64 8.27 9.28 9.94 10.63 12.24 14.63 16.11 16.44 15.54 14.50 13.38 12.73 12.55 12.44 12.62 12.93 13.38 13.62 14.06 15.14 16.28 17.08 17.86 18.30 18.52 18.68 18.84 18.90 18.87 18.61 18.17 17.74 17.36 16.64
12.91 12.46 11.62 11.28 11.07 10.97 11.02 11.07 10.99 10.98 11.52 12.17 12.54 12.68 12.59 12.25 11.79 11.28 10.83 10.49 10.19 9.84 9.48 9.31 9.47 9.98 10.71 11.86 12.41 11.60 10.72 10.68 10.63 10.72 10.82 10.75 9.83 8.74 8.12 8.10 8.40 8.87 9.31 9.53 9.82 10.58 12.10 13.71 15.30 16.58 17.21 17.06 15.96 14.38 13.43 12.59 12.07 11.73 11.36 11.11 11.38 11.85 12.81 13.38 14.14 14.54 14.33 14.15 13.99 14.20 14.61 15.18 15.41 15.45 15.23 14.97 14.93 14.80 14.69
12.75 11.96 10.97 10.76 10.72 10.69 10.81 10.98 11.12 11.30 11.87 12.62 12.95 12.98 12.68 12.11 11.44 10.90 10.55 10.29 10.01 9.69 9.33 9.15 9.40 10.00 10.74 11.54 11.51 10.40 9.81 9.85 9.81 9.88 10.29 10.34 10.06 9.77 9.76 10.23 10.78 11.26 11.59 11.99 12.70 13.96 15.59 16.96 17.81 17.98 17.51 16.28 14.85 13.39 12.55 11.81 11.20 10.56 10.24 10.05 10.30 10.77 11.32 11.86 11.98 11.22 10.22 9.21 8.93 9.21 9.73 10.32 10.60 10.52 10.50 10.42 10.65 10.75 10.89
12.30 11.41 10.25 9.86 9.87 10.11 10.50 10.81 11.08 11.30 11.57 11.90 12.09 11.90 11.47 10.90 10.41 10.07 9.83 9.61 9.36 9.16 9.15 9.37 9.74 10.16 10.68 11.13 10.91 10.16 9.78 9.80 9.73 9.67 9.58 9.62 9.87 10.08 10.47 11.18 11.90 12.25 12.66 13.34 14.60 16.03 17.09 17.55 17.28 16.61 15.75 14.80 13.79 12.86 12.12 11.45 10.88 10.40 10.39 10.47 10.78 10.99 10.93 10.87 10.25 9.22 8.28 7.84 7.93 8.10 7.94 7.57 7.39 7.35 7.34 7.38 7.68 7.97 8.07
11.87 11.16 10.15 9.71 9.55 9.55 9.78 10.21 10.51 10.71 10.68 10.55 10.27 9.79 9.31 9.09 8.96 8.77 8.66 8.73 8.92 9.10 9.41 9.84 10.13 10.43 10.78 11.07 11.14 11.07 10.79 10.41 10.05 9.65 9.17 8.99 9.23 9.52 9.87 10.43 11.20 11.83 12.48 13.63 15.26 16.32 16.50 15.58 14.10 13.52 13.43 13.41 13.11 12.67 12.08 11.50 11.06 10.90 11.18 11.32 11.36 11.26 10.71 10.25 9.55 9.04 8.96 8.99 8.89 8.42 7.45 6.22 5.58 5.33 5.25 5.33 5.66 5.90 5.86
11.78 11.38 10.85 10.50 10.09 9.51 8.95 8.92 9.23 9.50 9.52 9.19 8.51 7.78 7.40 7.35 7.38 7.40 7.63 8.24 9.05 9.75 10.20 10.37 10.55 10.81 11.11 11.44 11.64 11.79 11.29 10.54 9.89 9.30 8.82 8.52 8.68 9.03 9.22 9.52 10.09 10.96 11.98 13.63 15.18 15.59 14.56 12.94 11.96 11.72 11.85 12.14 12.30 12.33 11.84 11.41 11.10 11.09 11.36 11.19 10.75 10.23 9.73 9.47 9.56 9.75 10.06 10.03 9.09 7.82 6.35 5.37 4.93 4.63 4.28 4.00 3.91 3.80 3.61
12.16 12.22 12.16 11.79 11.13 10.25 9.11 8.65 8.68 8.96 9.01 8.56 7.90 7.40 7.11 6.99 7.09 7.37 7.90 8.74 9.73 10.67 11.08 11.24 11.42 11.68 11.80 11.92 12.08 12.07 11.28 10.64 10.26 9.79 9.18 8.96 9.33 9.72 9.79 9.89 10.27 11.00 12.13 13.89 14.79 14.29 12.46 11.08 10.37 10.24 10.46 10.87 11.31 11.43 11.10 10.81 10.58 10.46 10.34 9.70 8.95 8.45 8.49 8.90 9.90 10.51 10.37 9.75 8.33 7.08 6.27 6.11 6.06 5.46 4.43 3.60 3.23 3.06 3.17
12.70 12.96 13.04 12.69 12.07 11.29 10.44 9.92 9.61 9.52 9.39 9.08 8.81 8.73 8.78 8.88 9.08 9.46 9.79 10.29 11.03 11.80 12.24 12.55 12.86 13.03 12.77 12.62 12.86 13.06 12.80 12.43 12.18 11.67 10.75 10.47 10.97 11.37 11.53 11.58 11.73 11.92 12.75 14.03 14.10 12.57 10.74 9.43 8.90 8.94 9.28 9.74 10.30 10.38 10.27 10.06 9.71 9.25 8.69 8.18 7.96 8.12 8.77 9.50 10.43 10.54 9.85 8.79 7.77 7.55 7.93 8.19 7.54 6.27 4.98 4.37 4.34 4.53 5.08
12.98 12.90 12.66 12.53 12.42 12.21 11.76 11.25 10.64 10.10 9.82 9.86 10.17 10.62 11.15 11.51 11.90 12.28 12.56 12.74 13.08 13.25 13.51 13.92 14.25 14.07 13.67 13.49 13.81 13.97 13.89 13.56 13.21 12.67 11.85 11.44 11.68 12.09 12.49 12.79 12.88 12.84 13.21 13.55 12.65 10.65 9.03 8.09 7.73 7.74 8.14 8.56 9.07 9.52 9.69 9.56 9.25 8.84 8.61 8.85 9.27 9.96 10.73 11.19 11.29 10.68 9.58 8.95 8.91 9.42 9.86 9.46 8.05 6.49 5.81 5.96 6.47 7.18 8.44
13.01 12.38 11.69 11.69 12.03 12.36 12.33 11.76 10.91 10.13 9.78 10.01 10.74 11.65 12.48 13.06 13.50 13.93 14.33 14.49 14.40 14.23 14.33 14.64 14.68 14.39 14.14 14.11 14.23 13.89 12.95 12.19 11.72 11.52 11.40 11.42 11.54 11.91 12.36 12.89 13.26 13.21 13.06 12.39 10.76 8.71 7.42 6.83 6.58 6.71 6.90 7.20 7.99 8.94 9.52 9.67 9.64 9.64 9.93 10.27 10.85 11.75 12.59 13.06 12.72 12.07 10.89 10.59 11.06 11.41 10.80 9.50 8.13 7.62 7.95 8.68 9.66 10.87 12.44
12.99 12.19 11.11 10.84 10.95 11.19 11.39 11.17 10.54 9.82 9.41 9.47 10.05 10.96 11.80 12.33 12.69 12.94 13.10 13.21 13.34 13.52 13.74 13.74 13.40 13.25 13.46 13.86 13.93 13.48 12.50 11.28 10.51 10.34 10.85 11.50 12.03 12.31 12.50 12.69 12.84 12.47 11.92 11.02 9.51 7.66 6.47 6.07 6.15 6.36 6.43 6.72 7.59 8.82 9.79 10.40 10.79 11.05 11.21 11.24 11.73 12.96 14.09 14.59 14.27 13.87 13.22 12.61 12.70 12.62 11.51 10.36 9.99 10.76 11.89 13.00 14.15 15.17 15.89
12.85 11.86 10.50 10.06 9.64 9.47 9.64 9.79 9.59 9.07 8.51 8.20 8.27 8.63 9.11 9.44 9.62 9.47 8.98 8.87 9.81 10.91 11.26 10.83 10.18 10.63 11.87 12.79 13.08 13.11 13.03 12.67 12.10 11.68 11.62 12.01 12.46 12.61 12.41 12.05 11.67 11.20 10.66 10.32 9.53 8.20 7.26 7.26 7.52 7.64 7.70 8.03 8.58 9.38 10.18 10.92 11.62 12.27 12.57 12.95 13.77 14.94 15.44 15.26 14.85 14.67 14.50 14.41 14.41 14.27 13.85 13.68 14.29 15.26 16.07 16.76 17.31 17.53 17.16
12.34 11.14 9.66 9.25 8.94 8.67 8.53 8.58 8.54 8.04 7.26 6.54 6.05 5.83 5.87 6.08 6.20 5.89 5.56 5.72 6.58 7.65 7.97 7.57 7.60 8.75 10.79 11.93 12.18 11.98 12.39 12.94 13.18 13.13 12.60 12.19 11.91 11.76 11.29 10.72 10.34 10.48 10.65 11.05 11.03 10.85 10.39 10.33 10.42 10.43 10.47 10.43 10.25 10.22 10.39 10.80 11.46 12.39 13.42 14.59 15.72 16.02 15.47 14.36 13.30 13.37 14.22 14.74 15.31 15.75 16.16 16.68 17.31 17.77 17.57 17.63 17.48 16.96 15.91
11.87 10.92 9.57 8.97 8.74 8.57 8.34 8.14 7.97 7.53 6.70 5.75 4.94 4.46 4.31 4.33 4.46 4.85 5.27 5.60 5.85 6.04 6.04 6.16 6.99 8.69 10.84 11.71 11.49 10.67 10.72 11.34 12.10 12.58 12.26 11.35 10.39 9.82 9.64 9.47 9.59 10.44 11.44 12.36 12.73 13.04 13.09 12.84 12.67 12.54 12.05 11.46 10.96 10.70 10.66 10.90 11.48 12.53 13.84 14.99 15.44 14.88 13.62 12.07 11.34 11.71 12.89 13.88 14.54 15.32 15.94 16.36 16.60 16.48 16.07 15.50 14.77 13.83 13.17
11.88 11.35 10.42 9.69 9.25 8.98 8.66 8.32 8.11 7.84 7.33 6.67 6.05 5.42 4.94 4.73 4.99 5.92 6.97 7.36 7.07 6.62 6.47 6.75 7.85 9.74 11.43 11.82 11.06 9.88 9.40 9.48 10.12 10.68 10.83 10.39 9.58 8.97 8.94 9.46 10.23 11.44 12.35 12.94 13.11 13.32 13.45 13.50 13.36 12.89 11.81 11.07 10.81 10.88 11.03 11.31 11.91 13.01 13.99 14.28 13.60 12.25 11.05 10.27 10.35 11.07 11.87 12.38 12.74 13.32 13.73 13.75 13.41 13.11 12.87 12.35 11.46 10.53 9.99
11.96 11.64 11.09 10.60 10.13 9.63 9.16 8.96 8.94 8.99 8.99 8.86 8.53 7.86 7.05 6.52 6.63 7.33 8.21 8.97 8.96 8.63 8.48 8.82 9.74 11.29 12.27 12.34 11.53 10.12 9.25 8.70 8.59 8.97 9.71 10.36 10.57 10.69 10.89 11.29 12.00 12.72 12.89 12.73 12.43 12.41 12.66 12.92 12.87 12.54 11.73 11.15 10.96 11.07 11.25 11.49 12.05 12.98 13.58 13.02 11.78 10.63 9.88 9.58 9.73 10.28 10.79 10.95 11.09 11.42 11.64 11.47 10.93 10.38 9.98 9.82 9.15 8.14 7.22
11.95 11.66 11.21 10.81 10.44 10.00 9.76 9.89 10.28 10.79 11.19 11.26 10.74 9.92 9.02 8.31 8.09 8.36 8.87 9.85 10.48 10.86 11.10 11.29 11.79 12.82 13.53 13.40 12.71 11.46 10.52 9.71 9.14 9.29 10.04 11.09 12.08 12.85 13.13 13.13 13.09 13.06 12.68 12.17 11.73 11.53 11.66 11.69 11.71 11.77 11.69 11.43 11.23 11.22 11.45 11.80 12.42 13.11 12.97 11.79 10.46 9.74 9.28 8.98 9.05 9.69 10.29 10.35 10.11 10.14 10.08 9.95 9.65 8.93 8.02 7.54 7.18 6.40 5.39
12.02 11.69 11.19 10.67 10.25 9.98 10.07 10.50 11.24 12.07 12.73 12.83 12.50 11.88 11.10 10.25 9.57 9.39 9.69 10.50 11.33 12.22 12.48 12.73 13.40 14.49 14.78 14.24 13.40 12.65 12.15 11.66 11.21 11.10 11.30 11.82 12.41 12.87 13.02 12.83 12.58 12.43 12.07 11.51 11.01 10.53 10.36 10.16 10.05 10.33 10.76 10.98 11.09 11.23 11.67 12.24 12.76 12.71 11.65 10.16 9.30 8.96 8.71 8.85 9.32 10.07 10.22 9.66 9.00 8.76 8.63 8.52 8.49 8.04 7.04 6.12 5.55 5.05 4.12
12.07 11.64 10.96 10.39 9.92 9.70 9.75 10.00 10.55 11.32 12.13 12.74 13.13 13.24 13.02 12.43 11.54 10.83 10.77 11.11 11.56 12.43 12.97 13.55 14.51 15.30 15.13 14.01 12.95 12.64 12.74 12.86 12.80 12.35 11.96 11.82 11.70 11.53 11.48 11.70 11.89 11.92 11.59 10.94 10.31 9.81 9.48 9.09 8.82 8.81 9.12 9.63 10.24 10.79 11.46 11.93 11.91 11.07 9.52 8.62 8.39 8.33 8.56 9.24 9.80 9.87 9.23 8.06 7.16 6.77 6.68 6.40 6.24 6.34 6.00 5.20 4.38 3.83 3.31
11.93 11.36 10.42 10.00 9.69 9.46 9.25 8.95 8.71 8.78 9.31 10.55 11.98 13.16 13.88 13.93 13.36 12.52 11.93 11.82 11.95 12.57 13.21 14.25 14.91 15.06 14.26 13.03 11.84 11.49 11.75 12.21 12.45 12.14 11.76 11.44 11.13 11.04 11.35 11.81 11.94 11.76 11.30 10.84 10.49 10.13 9.65 8.86 7.99 7.50 7.63 8.37 9.44 10.23 10.77 10.74 9.97 8.63 7.63 7.40 7.32 7.22 7.77 8.52 8.63 8.26 7.56 6.62 5.71 4.97 4.60 4.47 4.47 4.50 4.47 4.21 3.85 3.66 3.72
