project/data/elevation/US_DEM2016/US_DEM2016_point_10-28-2019_1856_30m_ang.asc
ncols	125
nrows	167
xllcorner	-2042055.000000
yllcorner	1465035.000000
cellsize	30.000000
NODATA_value	-9999.000000
[rows 0 to 42 of 167, columns 0 to 95 of 125]
338 334 328 328 332 335 337 340 342 345 348 350 349 348 347 348 350 351 351 348 343 340 341 344 348 349 351 352 348 338 321 302 290 283 277 270 270 281 295 305 310 313 315 316 317 318 316 314 317 323 330 337 342 346 348 349 350 349 346 344 342 340 337 336 338 341 343 344 341 337 335 334 335 336 337 338 338 337 337 339 345 347 343 340 340 344 348 349 347 339 333 332 329 323 321 325
338 334 328 328 332 335 337 340 342 345 348 350 349 348 347 348 350 351 351 348 343 340 341 344 348 349 351 352 348 338 321 302 290 283 277 270 270 281 295 305 310 313 315 316 317 318 316 314 317 323 330 337 342 346 348 349 350 349 346 344 342 340 337 336 338 341 343 344 341 337 335 334 335 336 337 338 338 337 337 339 345 347 343 340 340 344 348 349 347 339 333 332 329 323 321 325
344 338 328 326 328 329 331 334 337 342 346 349 349 347 345 347 350 354 354 351 344 338 337 342 347 351 355 359 355 345 328 310 297 290 286 282 281 284 292 300 305 308 312 315 318 323 325 324 322 323 326 332 339 344 346 349 351 352 350 347 343 340 336 333 334 337 341 344 344 341 338 337 336 336 335 335 335 334 332 335 343 347 343 337 338 344 349 353 351 343 337 336 334 329 326 326
355 344 330 325 324 322 321 322 326 332 339 345 348 345 341 343 350 357 0 355 344 334 333 338 347 356 8 16 13 359 343 327 315 311 310 308 302 298 296 299 304 311 316 318 321 327 332 332 327 323 322 326 332 339 343 346 350 353 353 352 348 343 337 331 327 328 333 339 342 342 341 340 339 337 333 330 329 326 323 325 335 342 338 333 335 344 355 1 357 347 342 341 339 334 330 328
357 346 332 327 325 320 316 314 316 321 328 338 345 343 337 337 346 356 1 354 342 333 332 338 350 6 22 27 19 5 351 339 331 328 327 325 320 315 311 310 311 316 321 323 324 327 331 332 328 323 321 324 329 335 339 342 344 345 347 349 349 346 342 335 327 321 320 324 329 333 336 337 338 335 331 326 323 320 317 318 325 331 330 327 331 345 359 5 358 348 344 343 337 331 328 327
353 345 334 329 326 322 317 312 309 310 316 328 339 340 334 333 342 353 356 349 339 332 333 342 359 19 30 27 17 4 353 343 338 336 335 333 329 326 323 320 315 313 316 320 323 326 329 329 326 322 321 324 331 337 341 342 340 338 338 340 342 344 344 339 329 319 313 311 312 315 320 325 327 326 323 319 317 315 313 314 319 321 320 320 326 343 2 5 356 347 345 341 333 327 325 326
347 342 335 332 329 325 320 313 306 302 305 316 330 334 330 332 342 351 353 345 335 331 335 351 11 26 30 22 11 359 350 343 340 340 340 338 336 334 332 328 321 314 312 313 317 320 323 322 319 317 318 324 334 344 348 348 346 344 342 341 338 338 339 337 328 319 313 310 310 311 312 316 319 318 316 314 312 311 310 312 315 315 313 313 319 338 359 2 352 345 343 337 329 324 323 326
340 338 336 335 333 329 324 316 307 302 300 306 318 325 325 329 340 352 354 344 331 329 339 359 18 27 26 16 5 354 346 342 341 342 342 342 342 341 340 338 332 323 315 310 309 311 313 312 310 311 315 324 337 348 353 353 351 350 351 351 346 339 334 331 325 319 315 314 315 318 318 317 318 317 315 313 312 310 309 311 312 311 310 310 315 331 353 355 347 342 339 333 327 324 328 334
333 334 337 339 338 336 330 322 314 308 306 307 311 316 319 323 335 352 357 344 328 327 342 6 23 25 18 9 359 350 343 340 340 341 342 344 346 347 348 347 344 337 327 318 315 313 313 312 310 310 314 322 335 346 352 354 354 356 1 1 354 343 335 331 327 321 317 318 321 324 324 320 319 318 318 318 317 316 315 315 314 312 311 308 317 329 346 347 341 339 337 332 329 333 349 358
324 329 338 342 343 342 337 329 323 320 317 315 314 314 315 318 331 352 357 343 329 330 348 12 22 17 8 1 354 347 341 338 337 337 340 344 347 349 350 351 350 347 340 333 327 323 319 315 313 312 314 320 330 339 346 351 357 7 13 6 352 342 336 332 329 325 323 324 328 330 328 324 322 323 324 324 324 325 326 326 324 321 319 321 326 334 342 340 336 337 338 336 339 352 358 356
316 323 337 344 347 346 341 335 332 331 329 326 322 319 316 316 327 346 351 341 334 339 358 13 13 7 0 353 347 342 339 336 334 334 338 342 344 346 348 351 352 351 348 343 337 331 323 315 312 313 316 322 330 337 341 346 2 19 16 360 346 338 333 331 329 327 327 331 336 338 333 327 325 326 328 329 328 329 332 334 332 330 328 328 332 339 341 336 333 337 343 346 349 353 353 352
307 315 331 343 347 346 343 340 339 339 339 336 332 329 325 323 329 339 343 340 340 349 5 10 5 360 354 347 340 338 335 333 331 332 336 338 336 337 341 345 348 349 349 347 344 337 326 315 311 312 317 325 336 345 351 353 2 9 1 351 341 334 332 331 329 327 329 336 342 343 337 329 325 326 329 330 329 330 331 331 328 325 325 327 333 340 340 333 332 340 348 350 351 351 350 351
306 310 321 335 342 344 342 341 343 345 345 343 342 341 338 335 335 336 337 339 344 357 9 6 359 353 347 341 336 333 330 327 324 325 328 328 325 326 330 334 338 341 344 346 346 340 329 317 311 311 315 325 338 353 2 358 353 352 349 343 336 331 330 331 330 328 330 337 344 345 339 330 326 327 329 329 327 324 320 312 306 305 307 314 324 334 337 334 333 340 346 349 350 349 348 349
312 313 317 325 332 336 337 338 342 345 346 346 347 349 347 344 343 341 337 337 347 6 10 360 352 346 340 334 329 324 319 312 306 305 309 310 309 310 313 316 321 326 331 338 341 338 329 320 315 315 318 325 341 356 354 350 349 347 342 337 333 330 330 331 331 331 332 338 344 345 340 332 328 329 330 328 321 315 310 304 302 303 305 309 317 326 334 337 337 339 343 346 347 347 346 345
315 317 320 321 321 322 323 326 330 333 336 340 345 349 351 350 351 350 343 341 354 10 6 354 348 341 331 324 317 308 302 297 297 302 305 301 298 300 303 305 307 311 315 321 328 330 327 324 323 325 331 344 354 348 343 345 348 345 337 333 331 330 331 332 333 335 336 340 344 345 340 333 331 333 333 328 323 321 319 316 314 314 316 318 321 326 334 339 338 337 340 342 343 342 342 341
312 315 321 322 315 305 298 296 299 303 309 317 328 338 344 350 357 360 356 356 2 4 359 354 350 341 327 318 315 311 309 308 310 315 317 314 312 313 314 314 314 314 316 319 323 325 327 329 331 335 346 356 352 343 340 345 350 345 335 330 330 331 334 336 337 338 341 344 347 346 341 338 339 342 340 336 334 333 328 322 319 320 323 324 325 329 335 341 339 336 337 339 339 337 338 338
308 311 317 320 312 296 286 286 291 295 300 306 315 324 331 344 359 7 8 8 5 0 358 358 355 347 335 328 326 326 324 320 317 321 325 327 327 326 326 325 325 326 326 327 327 328 330 335 340 345 353 355 347 340 340 346 351 344 334 330 330 333 336 339 340 341 343 346 349 348 346 347 351 351 346 342 342 341 334 327 323 324 327 328 330 333 338 344 342 335 334 337 337 337 340 339
313 314 319 323 318 307 303 306 310 314 317 321 326 329 333 342 357 10 14 11 6 3 2 359 355 347 339 334 333 333 333 330 325 324 328 331 333 334 334 332 331 331 331 330 329 330 333 341 346 350 353 350 343 338 340 347 349 341 333 330 330 333 337 340 342 343 344 345 348 350 352 356 358 353 347 346 348 348 343 336 331 329 330 332 334 338 341 344 343 336 333 335 338 342 346 342
318 321 330 335 328 320 319 322 325 328 331 334 337 340 344 349 358 10 14 11 9 9 5 357 351 345 340 336 335 336 337 337 334 331 331 333 336 338 338 336 334 333 333 332 331 331 335 341 344 347 349 345 340 337 341 348 346 336 330 329 330 332 335 339 342 344 344 344 345 348 353 356 356 352 349 350 352 352 349 345 340 336 335 336 338 341 343 343 341 338 335 336 340 345 345 341
320 324 337 338 328 323 324 328 331 335 338 341 344 349 354 359 4 11 13 11 11 10 3 355 349 345 341 338 337 336 337 338 338 338 337 337 338 340 340 338 336 334 334 334 335 336 335 333 335 339 343 341 339 339 343 346 341 332 329 328 328 329 331 334 336 340 342 343 343 343 346 349 350 349 349 351 352 352 351 350 348 344 341 341 342 344 344 342 341 341 341 339 341 343 341 339
330 333 338 333 325 324 326 330 334 338 341 344 349 355 1 6 11 14 12 10 10 7 359 353 349 346 342 339 338 337 336 336 338 340 341 341 340 339 338 338 337 336 336 339 342 340 333 328 329 333 337 339 340 343 346 344 337 331 328 327 326 325 325 324 323 326 331 336 337 335 334 337 339 342 345 348 350 350 350 352 352 350 349 346 345 346 346 346 346 347 348 343 340 339 337 337
350 345 338 332 326 325 327 330 335 339 342 345 351 358 5 12 17 17 11 7 5 360 355 351 349 347 344 341 340 339 336 335 337 339 341 343 340 337 336 338 339 339 342 346 342 336 330 328 328 330 334 338 342 347 349 344 337 331 328 325 322 317 311 303 298 297 299 306 315 316 317 318 322 327 333 340 343 343 345 349 352 353 354 352 348 346 347 348 350 354 353 346 340 338 336 336
348 344 338 333 329 327 328 331 335 338 341 345 351 359 8 18 22 17 9 3 357 353 351 349 348 346 344 342 341 339 337 336 337 339 342 342 336 333 334 338 341 344 349 343 335 331 327 326 326 328 331 336 343 348 349 345 339 334 330 325 317 304 293 285 279 276 276 281 290 298 300 301 302 306 312 321 327 329 334 341 347 350 353 353 350 347 345 347 352 356 354 347 341 340 340 339
332 335 336 334 330 328 328 331 334 337 340 345 352 1 11 21 21 14 6 358 351 347 346 345 343 342 341 340 339 339 337 337 338 341 343 338 330 328 331 339 345 344 339 334 331 328 325 324 324 326 329 335 341 346 348 346 343 340 337 333 324 310 299 293 288 286 286 290 295 297 295 291 288 289 293 301 309 316 324 333 338 343 349 352 352 349 345 345 349 354 353 347 341 341 341 338
317 323 331 331 329 328 328 330 333 335 339 345 353 3 13 19 17 9 4 357 348 343 339 337 336 335 335 336 337 338 338 340 342 343 340 330 320 317 324 334 338 336 333 330 329 328 325 324 323 325 329 334 339 344 346 346 347 349 349 349 344 333 322 316 313 310 308 307 305 303 299 292 285 280 282 288 295 301 310 320 327 333 342 349 352 351 348 347 349 352 353 349 342 339 338 335
306 311 322 327 328 328 327 328 330 333 337 344 353 3 11 14 11 6 3 357 349 342 337 333 331 330 330 333 335 338 342 348 353 346 329 317 311 313 323 330 332 332 330 329 329 328 326 325 325 326 329 333 338 342 344 345 350 356 0 0 354 342 333 329 326 324 321 318 313 309 306 301 293 285 284 286 287 287 293 303 312 322 333 342 348 351 349 348 350 352 354 351 343 337 336 334
300 305 315 322 327 330 331 331 333 335 338 345 354 1 6 4 6 3 1 355 348 342 337 335 332 329 329 331 336 343 357 11 4 344 330 323 322 325 329 331 330 329 327 327 327 327 327 328 329 329 329 331 335 339 342 345 353 0 3 360 352 343 339 337 335 332 331 329 326 322 318 313 305 297 294 292 289 286 290 296 303 312 322 331 340 348 350 349 349 351 353 351 344 338 337 334
299 302 311 319 325 331 334 337 339 340 343 349 356 360 4 6 3 360 356 350 344 339 337 335 333 330 329 332 342 5 25 11 350 340 337 334 332 332 332 333 330 326 324 324 325 326 329 331 334 334 332 329 331 335 339 346 355 359 358 353 346 342 342 343 344 342 341 339 337 335 332 327 318 311 308 304 298 296 298 301 303 307 313 321 330 341 349 351 350 350 352 350 344 338 337 334
298 301 308 315 322 328 334 339 342 343 347 351 356 0 4 6 2 356 350 344 339 337 335 334 332 330 329 337 7 27 6 346 341 339 338 338 337 336 334 334 331 325 322 321 323 326 330 335 339 341 337 332 331 333 337 347 354 353 350 344 339 339 342 347 350 351 350 347 345 345 344 340 331 325 321 316 312 310 310 312 311 308 308 312 320 331 343 351 353 351 350 349 344 339 337 336
301 303 308 314 320 325 331 338 343 345 347 351 354 359 5 6 3 354 344 337 334 334 334 333 330 324 323 347 17 353 339 337 339 340 339 338 338 338 336 334 331 325 321 320 321 325 330 336 342 344 342 337 335 335 339 346 349 347 343 335 332 334 340 347 353 355 354 353 353 353 353 349 343 337 332 327 323 322 322 322 320 314 307 304 309 318 332 345 353 354 352 350 346 341 339 339
304 306 312 317 320 323 329 336 344 348 350 351 353 357 5 2 2 351 341 334 332 333 334 331 306 254 227 252 318 326 329 332 336 338 338 337 338 338 336 332 328 324 321 320 321 324 329 335 340 343 343 340 339 340 344 347 346 343 337 328 325 328 335 344 350 353 354 356 357 357 356 355 352 349 343 337 332 331 331 329 326 319 311 303 300 304 315 331 347 354 355 352 349 346 343 344
301 304 312 317 321 323 327 335 344 351 354 355 356 360 6 8 0 349 342 340 341 345 6 95 189 225 260 293 303 309 316 323 329 333 334 334 334 335 333 329 324 321 320 321 324 327 330 333 336 339 341 340 340 344 348 348 345 339 330 320 317 321 329 338 343 346 349 353 356 356 357 357 357 355 350 345 341 338 337 335 330 325 317 307 298 296 299 309 328 345 353 354 352 351 347 346
297 298 303 310 317 321 325 332 342 351 356 359 0 4 8 9 1 352 352 2 14 48 59 29 341 313 314 315 311 306 304 307 314 319 322 324 326 328 327 323 320 318 318 321 326 329 330 330 331 334 336 336 338 345 351 352 346 337 323 313 310 313 321 330 335 337 341 347 351 352 355 357 357 355 354 353 351 348 344 341 338 332 323 313 305 300 297 298 305 322 339 348 353 354 348 345
297 296 296 301 308 314 319 326 336 347 356 2 5 7 11 12 6 2 10 31 32 15 9 2 348 335 329 327 324 319 313 310 310 311 311 314 317 320 320 318 315 313 313 315 316 318 319 321 323 327 330 331 334 344 354 356 349 336 320 309 304 306 315 323 328 330 335 341 344 345 349 353 353 352 355 360 2 359 352 347 346 342 331 320 316 313 308 304 301 304 314 332 346 351 346 342
306 304 303 305 307 311 315 319 327 339 352 2 8 11 14 16 14 13 26 28 10 6 2 358 351 344 338 335 333 331 328 325 322 318 314 313 314 316 316 314 312 311 309 306 303 302 306 311 317 321 325 326 331 343 356 357 349 336 319 309 305 307 314 319 322 324 329 335 337 338 344 348 345 345 353 3 6 4 359 356 356 350 338 329 327 327 326 323 317 312 313 321 335 345 343 340
314 314 314 317 318 320 320 319 322 331 345 359 9 14 18 21 21 16 11 10 2 359 357 356 352 348 344 341 339 337 335 333 332 329 323 318 317 317 316 315 313 312 312 311 309 309 312 316 320 323 325 325 329 342 357 357 349 336 321 312 309 311 315 317 319 319 321 326 329 331 339 344 339 338 349 358 2 3 4 4 2 353 343 337 336 338 338 336 331 327 326 328 334 342 344 340
312 315 320 324 327 330 329 327 326 328 336 350 6 17 23 26 23 12 14 360 356 354 353 353 352 350 348 346 344 342 341 338 335 333 330 327 323 321 320 320 320 322 325 324 322 322 323 325 328 330 329 327 329 341 357 357 349 336 322 314 312 314 317 318 319 319 317 318 320 323 333 341 334 332 342 350 355 359 2 4 2 356 348 344 344 346 346 341 334 331 331 332 336 343 347 345
307 311 319 325 329 332 334 334 334 332 331 339 356 16 27 31 21 5 356 352 349 349 349 350 351 350 349 348 348 347 347 343 337 333 331 329 327 325 323 324 328 334 338 336 331 329 329 331 333 335 334 330 329 340 356 357 348 336 323 315 314 317 322 324 324 323 319 315 313 315 325 336 331 327 334 342 347 352 355 358 359 357 353 351 353 355 352 343 336 333 333 333 337 344 350 351
302 305 314 323 327 329 332 336 340 339 334 333 346 12 19 31 17 16 350 345 343 343 344 345 346 345 346 347 348 350 351 347 341 334 329 328 328 327 326 326 330 338 342 341 337 334 333 332 333 335 335 331 329 339 355 356 347 335 322 315 312 315 321 326 328 327 322 314 308 307 316 329 326 321 326 336 341 342 344 348 354 358 358 1 3 359 350 342 340 340 341 340 341 346 354 358
298 300 309 318 322 324 327 336 344 343 339 340 349 359 12 23 25 359 1 342 338 336 336 337 338 339 341 343 346 349 351 349 344 337 331 329 330 330 328 327 330 336 341 341 340 339 337 337 335 334 334 333 332 339 354 354 345 333 322 313 307 306 310 314 318 319 316 310 303 299 306 318 319 315 319 330 335 334 333 338 348 357 3 7 7 357 346 342 342 345 347 348 350 354 1 3
297 298 306 315 320 323 329 339 346 345 344 347 358 15 8 36 16 358 353 347 338 332 331 332 332 334 336 339 342 346 348 348 344 338 333 331 332 333 332 331 333 336 339 340 340 341 343 344 344 341 339 338 338 342 352 351 341 332 323 311 302 297 295 294 295 300 306 307 302 296 297 306 310 309 313 325 331 327 323 329 343 353 1 4 1 351 344 342 343 347 349 352 357 3 8 10
300 301 309 319 325 329 335 342 345 344 346 352 5 19 16 5 359 358 358 354 343 335 333 332 331 330 331 334 337 340 343 343 341 337 334 332 332 333 334 334 336 339 339 339 338 339 342 344 346 347 346 346 345 347 351 348 338 331 323 311 301 297 295 295 298 303 307 308 306 301 297 298 301 301 306 317 326 321 318 325 341 349 352 354 351 346 343 342 344 347 350 355 2 10 16 17
304 306 315 324 329 333 337 342 344 344 347 356 12 19 11 3 358 357 357 353 345 339 337 336 335 334 333 333 333 335 336 336 336 336 335 333 331 330 332 334 338 342 342 339 335 334 335 338 341 345 348 352 353 354 352 347 339 333 327 316 310 310 314 315 317 317 314 311 311 310 305 298 293 290 292 301 312 313 312 322 339 346 344 343 342 340 341 343 346 349 354 360 7 16 24 24
