project/data/elevation/US_DEM2016/US_DEM2016_point_10-28-2019_0139_30m_ang.asc
ncols	125
nrows	167
xllcorner	-2042055.000000
yllcorner	1465035.000000
cellsize	30.000000
NODATA_value	-9999.000000
[rows 0 to 56 of 167, columns 0 to 95 of 125]
28 30 31 21 10 5 3 4 7 10 12 10 6 8 11 13 13 12 10 9 9 9 10 11 12 13 15 16 17 19 21 23 25 29 32 30 22 16 13 12 12 12 12 14 16 19 19 16 14 14 13 14 14 13 13 14 16 17 19 19 19 16 12 10 10 13 16 19 22 22 22 20 18 17 16 16 15 11 9 12 13 11 12 15 16 15 14 14 14 13 13 13 14 14 12 11
28 30 31 21 10 5 3 4 7 10 12 10 6 8 11 13 13 12 10 9 9 9 10 11 12 13 15 16 17 19 21 23 25 29 32 30 22 16 13 12 12 12 12 14 16 19 19 16 14 14 13 14 14 13 13 14 16 17 19 19 19 16 12 10 10 13 16 19 22 22 22 20 18 17 16 16 15 11 9 12 13 11 12 15 16 15 14 14 14 13 13 13 14 14 12 11
36 35 30 18 4 358 357 360 5 10 13 11 6 8 13 16 16 13 10 9 9 9 10 12 14 16 18 20 21 22 24 25 27 31 32 28 21 15 11 11 12 12 13 14 16 17 17 14 13 13 14 14 14 14 13 14 16 18 19 20 19 16 11 8 10 14 18 20 21 20 19 18 17 17 16 17 14 9 7 12 14 11 11 16 17 15 14 15 14 12 12 12 13 13 11 9
44 40 29 14 356 344 342 348 359 9 15 13 7 9 17 21 19 15 12 9 8 9 11 15 18 22 26 27 26 26 27 28 29 29 28 24 19 14 9 7 8 10 12 13 14 14 14 13 12 13 14 16 16 16 15 16 18 20 21 22 20 16 11 8 10 15 20 22 22 20 19 19 19 19 18 17 13 7 5 12 15 10 8 15 18 17 16 15 13 11 10 11 11 11 7 6
46 41 29 15 360 344 333 335 347 3 13 14 10 10 20 25 22 15 11 9 8 11 14 18 23 28 30 29 27 25 26 26 26 25 24 22 19 16 9 2 0 4 7 9 10 11 12 13 13 14 16 18 18 18 18 19 21 22 22 22 22 19 16 14 15 18 21 23 24 24 24 24 24 23 21 18 14 10 7 10 11 5 3 12 20 22 19 15 12 10 9 9 9 6 4 6
46 41 28 16 4 352 339 331 334 349 5 13 11 10 19 25 22 13 7 7 9 14 19 23 27 31 31 28 24 23 23 23 23 23 23 22 21 18 13 3 356 356 360 4 8 10 10 12 14 16 18 19 20 21 22 22 21 20 20 21 23 24 23 22 23 23 24 25 28 30 31 31 31 28 24 20 16 12 9 7 5 360 358 9 22 25 21 15 11 9 8 7 5 3 4 12
43 39 27 16 8 1 351 340 331 333 349 4 7 6 14 22 21 14 6 5 10 18 24 27 29 31 30 25 21 20 20 21 22 23 23 22 20 19 16 10 0 353 353 358 5 9 11 12 15 18 20 20 21 22 21 19 17 16 17 19 23 28 30 29 28 27 26 26 27 29 31 32 32 29 26 22 19 15 9 5 3 358 356 5 21 26 22 15 10 8 6 4 3 4 12 25
39 34 24 16 12 8 2 354 342 331 333 347 355 358 7 18 22 18 11 8 13 21 27 28 29 29 27 24 20 18 18 20 21 21 20 18 18 18 17 15 9 1 354 353 360 8 13 15 17 18 19 19 19 20 20 19 17 18 19 22 26 30 31 30 29 29 29 26 24 26 27 28 28 27 25 23 21 16 9 5 2 357 357 3 15 21 19 12 8 6 4 3 5 14 27 39
32 28 21 17 16 13 10 4 355 344 337 337 340 346 358 14 22 22 18 14 16 23 28 30 30 27 23 21 19 17 16 17 17 15 13 13 14 16 17 17 15 12 6 359 358 4 10 13 15 16 17 18 19 20 21 22 23 24 27 29 30 30 29 28 28 29 29 25 22 23 24 25 26 25 23 20 18 15 10 6 3 359 359 352 6 12 12 8 6 5 3 5 13 27 37 42
23 22 21 19 19 17 14 8 1 355 350 344 338 338 348 7 21 24 21 18 19 23 27 30 28 24 20 18 17 15 13 12 11 9 8 10 13 15 17 17 17 17 15 10 3 1 5 10 13 15 18 21 22 23 26 30 32 34 35 34 32 31 28 25 24 26 26 23 21 20 20 22 21 19 17 15 13 11 10 8 5 3 2 1 2 5 5 2 2 4 6 12 24 32 34 33
15 18 21 22 20 18 14 9 5 1 359 355 349 343 345 359 15 20 19 18 20 22 25 26 24 20 17 16 14 12 10 8 7 7 8 10 13 15 16 17 17 18 19 17 11 3 3 8 13 16 21 25 26 27 31 36 39 39 37 34 32 30 27 21 17 20 22 23 22 18 15 16 15 13 11 10 9 10 11 11 9 7 5 4 3 3 1 358 0 6 12 18 23 25 24 24
7 14 21 22 20 16 12 9 7 6 5 3 360 356 352 356 6 10 12 16 20 23 23 22 19 17 15 12 9 8 7 6 7 10 13 14 14 14 15 16 17 18 20 20 18 10 6 9 15 19 24 27 28 30 33 37 39 37 33 31 30 27 23 17 11 14 20 23 22 17 11 11 11 10 9 8 10 13 17 17 15 11 9 8 6 4 359 355 359 7 12 14 16 17 17 18
12 14 17 18 17 15 13 11 11 11 10 9 8 6 2 359 1 3 6 14 21 25 24 20 16 14 12 9 6 6 8 10 14 20 21 18 15 16 17 17 17 17 19 21 21 18 12 13 18 24 28 31 33 35 36 35 32 28 27 27 26 23 19 15 10 10 17 21 21 17 11 9 9 9 9 12 16 22 28 29 26 19 11 8 6 2 356 353 356 2 5 7 10 11 12 12
20 17 11 10 13 15 15 15 16 16 15 14 13 12 9 5 3 2 4 13 23 28 26 20 16 13 11 10 11 12 17 23 31 34 30 23 21 22 22 20 18 18 19 22 23 22 18 18 22 28 31 35 39 39 36 30 24 21 20 21 21 20 17 14 10 9 12 17 19 17 12 9 9 11 16 22 28 32 33 32 28 20 9 3 360 355 352 350 352 356 359 2 5 7 7 6
20 17 13 9 10 17 21 23 22 20 19 17 15 14 14 11 8 7 8 15 26 29 26 22 19 18 17 20 24 28 31 34 36 35 32 29 29 28 26 24 22 21 21 23 24 23 21 21 25 29 32 35 35 33 28 23 19 15 14 15 16 17 15 12 9 7 8 12 16 16 14 12 13 19 27 31 32 30 27 25 22 16 8 0 354 350 349 349 348 351 355 357 360 3 4 3
18 19 19 16 17 24 33 35 31 27 21 17 15 13 13 15 14 13 14 19 25 26 25 25 26 26 26 28 30 32 31 28 27 27 27 27 26 22 19 20 20 18 18 17 17 18 20 23 28 32 33 31 28 24 21 18 15 12 10 9 10 12 12 10 8 5 6 9 13 15 16 16 21 27 30 28 26 23 20 19 18 14 8 360 353 350 350 349 347 347 351 353 355 360 4 6
22 23 24 25 28 34 40 39 32 24 17 11 8 4 5 12 17 18 19 20 21 22 24 28 29 28 26 24 25 26 26 22 19 21 22 22 21 17 14 14 14 13 10 8 8 12 19 25 30 33 32 27 23 19 17 15 13 9 6 4 4 6 9 10 9 6 5 6 10 14 18 22 25 25 23 21 19 19 17 16 15 12 7 0 356 354 353 351 347 344 347 351 354 1 9 14
27 27 26 29 31 32 30 24 17 11 7 4 2 359 359 7 16 19 20 19 19 21 25 29 29 26 23 20 20 21 22 20 16 15 15 17 17 16 12 10 9 8 6 4 5 10 19 27 32 33 30 25 20 17 15 13 10 7 3 0 360 2 6 10 11 10 7 4 6 13 20 23 22 19 16 14 14 15 14 14 13 10 6 2 0 359 357 353 347 343 344 349 354 3 11 14
27 27 27 28 28 25 19 13 7 4 3 3 3 3 2 5 12 17 19 18 20 23 26 28 27 24 21 19 16 17 18 18 14 11 10 12 14 14 11 7 5 5 5 5 7 14 24 30 33 32 29 24 18 15 13 12 8 4 1 359 359 1 5 10 14 14 10 4 2 9 17 19 18 14 12 11 11 12 12 13 13 12 9 6 5 4 0 354 347 342 343 348 354 1 6 7
29 31 31 27 22 17 12 7 5 4 4 5 7 8 8 8 10 15 17 17 20 23 25 26 25 22 20 17 14 12 13 13 11 8 6 7 10 11 9 6 5 5 7 11 16 23 29 31 31 29 25 20 17 15 14 11 6 2 1 1 2 3 6 10 14 16 14 8 2 3 10 14 14 12 11 10 9 10 11 14 16 17 15 11 9 6 2 355 348 345 345 348 351 355 359 3
38 38 34 23 14 10 7 6 6 6 8 9 11 12 12 12 12 14 15 16 19 21 22 23 22 20 18 15 12 8 7 7 7 6 5 6 8 9 9 7 8 10 15 22 27 29 29 26 23 21 19 16 15 16 15 10 5 4 4 6 8 9 9 11 15 17 17 13 4 357 1 7 10 11 12 11 10 10 12 16 20 23 22 17 11 6 2 358 354 351 350 349 349 350 354 2
41 37 25 14 8 6 6 7 9 10 12 12 13 15 15 16 16 15 13 14 15 16 17 18 19 17 15 12 9 5 2 2 4 5 6 7 9 10 11 13 16 21 28 32 31 27 22 18 15 13 13 13 15 17 16 12 8 8 10 14 17 19 20 19 20 23 23 19 7 352 349 357 5 9 12 13 12 12 14 18 23 27 27 22 14 7 4 2 1 358 354 351 350 351 355 3
31 24 14 9 7 7 9 11 12 14 14 14 14 15 17 19 18 14 11 10 10 10 12 14 15 14 12 10 7 4 1 1 3 7 10 11 12 15 19 23 28 33 36 33 27 21 16 12 9 8 9 11 15 17 17 16 15 16 19 24 28 32 35 35 34 34 30 21 4 342 332 339 353 4 9 13 14 14 15 17 23 29 30 27 20 13 9 7 6 3 356 351 351 353 357 2
16 13 10 10 10 12 14 15 15 15 16 15 15 16 18 19 17 13 9 8 6 7 9 11 12 12 10 8 6 5 4 4 8 14 17 17 19 24 31 35 38 37 34 27 21 16 12 8 5 5 8 11 14 17 19 20 22 23 26 30 34 37 38 36 32 27 20 11 0 347 331 322 328 349 0 5 7 10 12 13 19 27 32 32 28 21 15 9 6 3 357 352 352 354 356 359
1 3 9 12 16 18 19 18 17 16 16 16 15 16 17 17 14 10 9 9 8 8 8 9 9 9 9 8 8 8 10 14 20 25 26 26 31 38 41 40 36 31 25 20 16 12 9 7 5 5 8 10 13 16 20 23 26 28 30 33 35 34 31 27 22 16 11 7 4 360 349 333 323 329 342 345 350 360 6 7 14 24 32 35 33 27 18 11 6 3 358 353 352 352 353 357
348 354 6 14 20 23 23 21 19 18 17 16 15 14 14 13 11 9 10 11 11 9 8 6 5 6 8 10 12 16 22 28 33 36 37 38 41 42 40 34 27 23 19 15 10 8 7 8 8 8 8 10 12 15 19 23 27 29 31 32 32 29 25 20 16 11 9 9 9 7 2 355 348 344 341 332 328 338 350 354 4 16 27 33 33 30 23 15 8 4 0 355 352 352 353 357
342 347 1 13 21 25 25 22 19 18 16 15 14 12 10 6 7 7 9 10 9 7 5 3 3 6 10 15 20 27 34 39 40 39 38 37 35 33 31 26 20 17 14 10 6 4 6 9 12 13 11 10 9 11 15 21 25 28 29 28 26 22 19 16 13 11 10 11 10 8 6 6 4 1 355 346 337 334 333 335 346 2 16 27 32 32 28 20 12 6 2 357 353 353 355 357
340 345 357 8 18 25 26 23 20 17 15 13 12 10 7 6 4 4 6 7 6 4 3 4 6 10 17 24 30 37 41 40 37 33 31 30 27 25 25 21 17 13 10 6 3 2 5 11 16 19 17 11 6 5 10 18 24 26 25 23 19 16 13 13 12 12 12 11 10 10 11 12 10 6 3 360 354 348 341 335 335 344 1 18 29 32 31 26 16 9 3 357 353 354 356 359
345 347 353 2 12 22 26 25 22 18 16 13 11 10 9 6 3 1 2 3 3 4 5 9 14 20 27 34 39 40 38 34 30 27 25 24 22 20 20 19 15 10 6 3 0 1 5 12 19 22 21 14 4 359 4 14 20 21 20 17 14 11 10 12 14 15 15 12 12 13 15 14 12 9 7 5 1 356 352 349 343 339 346 3 20 29 31 29 21 13 5 358 354 354 357 1
353 352 353 357 5 17 25 26 24 21 18 15 12 11 10 7 4 1 360 0 4 8 14 20 27 34 40 43 40 34 28 25 23 22 20 20 19 17 17 17 14 9 5 2 0 1 5 11 17 21 22 17 8 359 360 7 14 16 16 13 10 8 9 13 16 18 18 16 15 15 15 14 13 12 10 7 3 1 360 360 357 349 342 349 6 21 28 29 25 18 10 1 355 355 358 3
356 357 359 358 360 9 20 25 26 24 21 17 13 11 11 5 4 1 0 3 11 21 30 39 46 52 54 49 36 25 20 18 18 18 17 17 17 16 15 15 13 9 6 4 3 2 3 6 12 18 21 20 13 2 358 1 8 12 13 12 10 8 8 12 16 19 20 19 17 15 14 14 16 16 13 9 7 7 8 9 8 2 354 346 351 6 19 26 26 22 15 6 359 356 359 4
353 357 3 4 1 3 13 22 26 25 23 19 15 12 11 8 4 2 5 12 25 37 47 54 57 58 55 47 32 20 16 16 16 16 16 16 16 16 16 14 12 10 8 7 7 6 3 1 5 12 18 21 17 8 360 359 5 11 14 14 13 10 7 8 12 17 19 19 18 16 14 15 17 18 16 14 13 14 16 17 15 11 6 360 351 350 3 17 23 22 19 12 5 359 359 2
353 358 5 6 2 360 6 17 24 26 25 22 19 15 12 9 5 6 13 24 34 46 51 50 49 46 43 38 29 20 18 18 17 16 17 17 18 17 16 15 13 11 9 10 10 10 6 360 358 5 14 20 20 13 4 1 5 12 16 18 18 12 5 3 5 11 16 18 19 18 16 17 19 20 20 20 22 23 22 19 17 16 16 12 3 355 353 359 11 18 18 15 10 3 358 359
7 7 6 3 0 357 359 10 20 25 27 26 24 19 15 11 8 12 20 31 35 35 38 38 36 34 33 31 27 20 17 18 17 16 17 18 17 16 15 15 15 15 14 14 15 15 11 360 352 357 7 18 21 17 9 5 7 13 19 23 24 15 3 356 356 4 12 16 19 20 18 17 20 23 25 26 28 28 24 21 20 22 20 15 9 3 360 357 359 4 10 14 12 4 357 356
22 17 7 2 359 356 355 0 12 22 27 28 27 22 18 14 13 16 24 28 26 28 29 29 28 27 28 28 25 20 15 15 15 14 14 14 14 14 14 15 18 20 22 23 21 18 10 358 347 345 357 13 22 20 12 7 8 14 21 26 26 18 4 353 349 356 8 15 18 21 19 15 20 24 27 28 30 29 27 23 23 23 19 14 9 5 4 4 2 359 0 4 5 1 355 353
24 18 8 5 3 2 358 357 3 15 24 28 29 26 21 18 16 16 16 19 20 21 22 23 23 23 25 26 25 22 17 14 14 14 13 12 11 11 12 14 19 24 27 26 20 11 4 357 348 343 348 6 20 21 13 8 9 14 21 26 26 19 9 358 350 351 1 10 15 20 19 14 17 24 24 24 28 29 28 25 22 20 17 13 9 8 8 9 7 2 359 358 357 357 354 352
19 15 9 8 8 8 6 3 3 10 19 26 30 29 25 21 17 13 16 12 14 14 16 17 18 20 22 25 26 25 20 15 12 12 12 11 9 8 9 12 17 23 26 22 14 6 1 358 355 349 347 357 15 20 14 8 9 14 20 24 25 22 14 7 359 352 354 1 8 17 19 13 15 22 20 18 23 28 28 24 20 18 17 15 13 13 14 14 10 4 359 356 355 355 355 353
14 13 11 11 13 14 13 11 9 11 16 22 28 30 29 25 18 9 6 7 8 9 11 13 16 18 21 24 26 27 24 18 12 9 10 10 9 7 6 7 12 18 20 17 11 5 3 2 2 358 351 352 7 17 14 9 10 14 19 23 25 23 19 14 9 1 354 353 359 11 17 13 14 20 17 12 17 23 25 22 19 18 20 21 20 20 19 16 10 3 359 356 354 355 356 355
11 12 14 16 17 18 18 17 16 15 12 18 22 28 25 26 18 16 3 3 5 8 10 13 15 18 20 23 26 27 26 21 14 9 7 7 7 5 4 4 6 11 16 17 14 10 8 8 7 3 356 350 360 13 13 9 10 14 19 24 27 27 23 20 16 10 2 353 351 3 14 12 11 17 14 7 10 17 21 20 18 20 25 28 28 24 18 12 7 4 1 358 356 356 358 359
11 14 18 20 20 21 21 21 19 16 13 13 17 18 20 23 23 12 12 4 7 10 12 13 15 16 18 20 24 26 26 23 17 11 6 4 4 4 4 2 1 5 12 18 19 17 14 12 10 6 358 351 354 7 10 8 9 13 20 28 33 33 30 27 24 19 12 359 346 352 8 8 5 11 12 5 3 11 18 19 17 22 29 32 30 23 14 8 6 6 5 4 3 2 3 3
14 17 21 22 21 21 20 19 16 13 11 11 15 21 15 29 22 15 12 10 11 12 12 11 12 13 15 18 21 24 25 23 18 11 4 1 1 2 4 5 2 2 9 19 24 23 18 15 13 9 2 355 354 3 7 6 7 13 22 33 40 41 38 36 32 26 18 7 352 345 355 359 357 4 10 4 360 4 14 18 15 18 27 30 28 22 14 9 8 8 9 9 10 10 8 7
18 20 21 20 19 18 17 16 13 10 9 11 15 19 18 16 16 17 17 14 11 10 9 9 9 11 13 16 18 21 23 21 16 9 3 0 359 1 5 8 8 4 7 18 26 27 22 17 14 12 9 3 359 2 6 6 8 15 26 37 43 45 42 37 31 23 17 11 3 354 348 345 344 354 5 4 357 358 8 15 13 13 20 24 24 22 18 13 11 12 13 14 15 15 14 13
20 20 19 18 17 17 16 13 10 9 9 12 16 17 16 15 16 17 16 12 9 7 7 7 8 10 12 14 15 17 19 17 12 7 5 3 360 359 5 12 14 11 9 18 29 31 27 19 16 15 14 12 7 4 5 7 11 16 25 36 41 42 37 29 22 18 16 13 8 3 356 344 333 339 357 359 350 348 360 11 11 9 12 16 21 23 22 18 14 14 16 17 17 18 19 18
20 20 18 17 17 16 14 11 9 8 10 14 16 25 14 15 15 15 14 10 6 5 5 6 7 9 11 12 13 14 14 13 10 7 7 8 6 2 4 12 18 17 13 19 30 34 31 24 19 19 19 17 13 6 3 5 10 14 20 29 35 37 33 26 21 19 17 13 9 8 7 359 340 327 334 341 333 331 345 2 5 4 6 10 18 25 26 22 17 16 17 19 20 21 22 21
20 19 17 16 14 13 11 10 9 9 12 16 16 24 14 14 13 13 12 8 4 3 5 6 8 9 11 12 11 11 10 10 9 7 8 12 13 10 6 10 18 22 20 22 32 38 37 31 26 22 19 17 13 4 358 1 6 11 16 24 31 34 32 28 24 20 16 14 14 17 16 10 359 346 338 333 323 317 324 342 351 355 0 7 15 25 29 27 22 18 19 22 24 25 24 22
17 16 14 13 12 11 10 11 11 12 15 17 16 14 13 12 12 12 11 8 4 3 5 7 9 10 11 11 10 8 7 9 11 9 8 12 17 18 14 12 18 26 27 27 34 41 41 34 26 20 17 14 8 358 351 354 1 8 14 22 30 34 34 31 25 20 18 20 23 22 16 10 5 360 353 344 333 325 310 326 334 342 353 3 11 22 30 30 26 20 18 20 25 27 25 22
13 13 12 12 11 11 11 12 14 16 18 18 15 12 10 11 11 11 11 10 8 6 6 8 9 10 10 10 7 5 5 10 15 12 7 10 18 23 22 19 21 27 29 28 33 39 38 32 24 21 20 15 4 351 344 347 357 7 13 20 29 34 35 31 26 23 25 25 22 17 11 8 5 2 358 353 346 339 333 329 316 333 343 356 6 17 27 30 27 20 16 17 22 26 24 22
10 10 11 12 12 13 13 14 16 20 21 19 22 12 9 10 11 12 13 13 11 9 8 7 8 9 9 8 5 4 6 13 18 16 8 8 16 24 27 26 25 26 26 25 29 34 36 33 28 26 23 13 359 348 343 345 354 4 11 18 27 33 35 32 30 28 25 20 14 10 8 6 5 3 1 358 354 349 343 339 335 333 335 347 1 12 22 28 27 22 18 19 21 22 22 20
10 9 8 11 14 15 16 16 18 21 22 19 15 13 10 10 11 14 15 15 14 12 9 8 8 9 9 7 5 4 7 13 19 20 13 8 13 23 30 31 29 26 25 25 28 34 37 37 32 25 16 4 355 350 348 348 353 1 9 16 24 31 33 32 28 23 16 10 7 6 6 5 5 4 3 1 359 356 352 348 344 336 332 337 353 7 17 25 28 26 23 24 23 20 18 16
10 9 7 9 13 17 18 17 17 19 20 18 15 13 11 10 10 13 16 18 17 15 12 10 10 10 10 7 4 3 5 11 18 22 20 12 11 21 32 37 35 31 30 29 30 35 38 36 28 17 6 359 355 354 353 353 354 359 6 12 19 26 29 28 22 16 10 7 6 6 6 6 5 5 5 5 4 3 2 359 354 345 335 333 343 0 13 23 29 30 28 27 23 16 13 11
9 9 9 9 11 15 18 18 17 16 15 14 13 12 10 9 9 13 17 20 20 18 15 12 11 11 10 8 5 2 1 6 16 23 23 17 13 21 34 39 38 34 31 29 28 30 32 29 20 9 1 358 358 359 359 357 355 358 3 8 15 22 26 25 19 14 10 8 7 7 7 8 7 7 8 9 10 10 9 8 5 358 347 338 338 351 8 21 30 33 31 28 22 15 12 12
7 9 11 10 10 13 17 18 17 12 9 10 11 12 11 10 10 13 18 21 22 20 18 15 12 11 10 9 7 3 358 1 12 21 24 21 18 22 29 33 31 28 25 23 22 21 20 17 11 6 3 2 3 3 3 0 357 359 3 8 13 21 26 26 22 17 13 12 10 9 9 10 10 11 12 14 16 17 15 14 13 9 2 353 346 349 2 19 31 34 32 29 23 18 19 20
8 10 12 12 10 11 15 18 17 9 4 5 10 13 13 13 13 15 19 23 24 23 21 18 14 10 11 13 13 6 357 356 4 16 23 24 22 20 22 24 23 21 20 18 16 12 10 8 7 8 9 9 8 7 6 4 0 2 7 11 15 20 27 30 29 25 21 18 14 11 10 11 14 15 17 20 24 24 21 18 17 15 11 3 1 333 360 16 30 32 30 27 24 22 22 21
13 13 13 12 10 8 11 17 17 9 12 6 10 15 18 18 18 18 21 25 27 26 24 20 15 11 11 16 17 11 359 353 355 7 20 26 23 19 18 19 19 18 17 15 11 7 5 4 7 12 16 17 14 11 9 7 4 5 8 11 14 19 27 33 36 33 27 21 16 11 8 9 14 18 21 24 29 30 27 23 21 20 18 14 10 346 5 13 25 26 23 22 22 20 17 15
18 17 14 12 9 6 7 14 17 11 2 9 12 21 24 25 24 23 24 27 27 25 23 20 17 13 12 16 17 13 3 356 353 359 16 25 24 19 17 18 18 18 16 12 7 4 3 5 9 16 21 22 18 14 12 9 6 6 8 9 12 18 27 35 38 36 28 21 17 15 15 15 16 21 26 29 34 38 35 32 30 27 20 13 10 9 9 12 15 16 16 16 16 13 12 10
21 18 14 11 9 6 5 11 15 12 5 14 17 28 31 33 29 28 27 25 24 23 21 20 18 15 13 15 16 13 7 2 357 357 10 21 22 19 18 18 19 18 15 10 5 3 4 7 11 16 23 25 22 17 15 12 8 6 7 10 14 20 29 37 39 35 28 22 21 23 25 26 25 27 32 35 43 48 46 40 359 20 9 3 330 4 7 8 7 9 10 11 10 10 9 6
19 16 12 11 11 9 7 8 12 11 6 23 29 29 31 30 30 28 24 21 19 19 19 19 17 15 14 14 15 13 9 5 1 359 4 12 16 17 17 18 18 17 13 8 5 4 6 9 11 15 23 27 25 21 19 15 10 8 10 15 20 26 32 37 37 34 29 26 27 28 27 24 23 25 28 28 34 33 38 30 18 6 358 358 341 1 4 4 3 5 6 6 7 7 5 1
