project/data/elevation/US_DEM2016/US_DEM2016_point_11-01-2019_0109_30m_vel.asc
ncols	125
nrows	167
xllcorner	-2042055.000000
yllcorner	1465035.000000
cellsize	30.000000
NODATA_value	-9999.000000
[rows 38 to 75 of 167, columns 0 to 83 of 125]
5.17 4.66 3.59 2.83 2.34 2.06 1.85 1.57 1.26 1.07 1.27 0.99 0.87 0.78 1.17 1.22 1.29 1.26 1.59 1.83 2.02 2.11 2.15 2.23 2.37 2.55 2.69 2.81 2.88 2.85 2.77 2.73 2.80 2.94 3.17 3.49 3.80 4.02 4.20 4.30 4.16 3.82 3.61 3.65 3.81 3.82 3.51 3.01 2.62 2.38 2.31 2.33 2.26 2.03 1.87 1.93 2.10 2.56 3.27 3.82 3.83 3.26 2.62 2.20 1.92 1.78 1.74 1.81 1.97 2.06 1.88 1.74 1.97 2.35 2.37 2.31 2.38 2.60 2.93 3.19 3.33 3.33 3.17 2.80
5.26 4.54 3.20 2.38 1.97 1.79 1.59 1.29 1.12 1.14 1.24 1.23 1.02 1.21 1.19 1.05 1.17 1.39 1.37 1.46 1.47 1.51 1.61 1.77 2.05 2.38 2.59 2.75 2.86 2.87 2.90 2.97 3.07 3.27 3.64 4.06 4.28 4.36 4.44 4.49 4.34 3.96 3.68 3.57 3.52 3.37 3.04 2.69 2.43 2.28 2.28 2.34 2.30 2.06 1.92 2.00 2.25 2.71 3.21 3.57 3.49 2.90 2.23 1.86 1.64 1.52 1.50 1.63 1.86 2.01 1.84 1.70 1.98 2.42 2.45 2.29 2.27 2.49 2.81 2.85 2.62 2.54 2.53 2.46
5.10 4.33 2.96 2.17 1.88 1.75 1.59 1.39 1.36 1.51 1.65 1.63 1.38 1.13 1.52 1.32 1.16 1.39 1.35 1.22 1.24 1.43 1.65 1.90 2.22 2.47 2.63 2.74 2.80 2.87 3.00 3.19 3.46 3.88 4.36 4.71 4.81 4.75 4.62 4.41 4.14 3.69 3.37 3.22 3.11 3.06 2.95 2.86 2.75 2.71 2.65 2.55 2.39 2.10 1.92 1.98 2.24 2.60 2.87 3.10 3.07 2.58 1.93 1.64 1.51 1.41 1.44 1.60 1.80 1.93 1.85 1.79 2.11 2.52 2.53 2.25 2.15 2.38 2.74 2.65 2.25 2.13 2.24 2.49
4.77 4.11 2.93 2.26 2.05 1.95 1.82 1.70 1.75 1.92 2.01 1.88 1.60 1.44 1.34 1.34 1.42 1.48 1.46 1.43 1.59 1.86 2.09 2.27 2.42 2.55 2.59 2.63 2.74 2.88 3.15 3.50 3.98 4.47 4.83 5.02 5.00 4.78 4.48 4.09 3.66 3.28 2.98 2.80 2.80 2.79 2.81 2.86 2.93 2.99 2.95 2.70 2.38 2.05 1.81 1.82 2.01 2.19 2.31 2.61 2.73 2.36 1.81 1.60 1.59 1.59 1.62 1.68 1.76 1.85 1.90 1.97 2.25 2.58 2.53 2.14 2.04 2.43 2.79 2.58 2.15 2.02 2.13 2.56
4.49 3.98 3.04 2.49 2.29 2.16 2.02 1.99 2.11 2.24 2.19 1.92 1.61 1.53 1.54 1.63 1.70 1.76 1.84 1.99 2.22 2.48 2.64 2.72 2.76 2.75 2.72 2.73 2.86 3.04 3.42 3.93 4.48 4.82 4.87 4.77 4.60 4.29 3.89 3.47 3.09 2.79 2.51 2.39 2.47 2.56 2.60 2.60 2.65 2.67 2.59 2.40 2.19 1.92 1.75 1.77 1.90 1.93 1.98 2.35 2.57 2.35 2.00 1.91 1.92 1.84 1.76 1.75 1.82 1.88 1.91 2.01 2.27 2.51 2.41 2.01 2.01 2.51 2.82 2.52 2.09 2.06 2.34 2.84
4.33 3.89 3.10 2.65 2.45 2.35 2.32 2.39 2.49 2.47 2.27 1.93 1.70 1.90 1.63 1.76 1.89 2.04 2.22 2.45 2.74 2.98 3.07 3.05 3.01 2.94 2.91 2.95 3.10 3.30 3.79 4.39 4.75 4.75 4.48 4.19 3.93 3.64 3.28 2.94 2.63 2.34 2.06 1.93 2.14 2.44 2.47 2.27 2.09 1.90 1.74 1.72 1.77 1.79 1.81 1.95 2.07 2.10 2.17 2.40 2.60 2.57 2.47 2.40 2.14 1.88 1.87 1.98 1.99 1.84 1.71 1.80 2.12 2.38 2.36 2.14 2.19 2.60 2.78 2.43 2.10 2.26 2.68 2.99
4.24 3.86 3.20 2.86 2.76 2.78 2.84 2.87 2.81 2.61 2.28 1.97 1.83 1.85 1.72 1.88 2.07 2.25 2.45 2.71 2.97 3.10 3.08 2.98 2.90 2.87 2.91 3.03 3.28 3.64 4.26 4.71 4.72 4.31 3.89 3.66 3.47 3.24 2.88 2.52 2.19 1.87 1.61 1.50 1.84 2.34 2.31 1.94 1.64 1.49 1.42 1.36 1.42 1.63 1.89 2.18 2.34 2.38 2.39 2.45 2.65 2.79 2.70 2.41 2.05 1.99 2.15 2.13 1.83 1.46 1.43 1.67 1.99 2.24 2.33 2.36 2.53 2.77 2.80 2.49 2.24 2.42 2.70 2.85
4.25 3.95 3.44 3.20 3.16 3.16 3.12 3.02 2.83 2.55 2.21 2.01 1.94 1.87 2.02 2.22 2.36 2.50 2.66 2.80 2.86 2.82 2.73 2.63 2.65 2.75 2.86 3.09 3.52 4.08 4.65 4.75 4.37 3.76 3.39 3.28 3.10 2.85 2.50 2.12 1.72 1.34 1.12 1.14 1.63 2.23 2.26 1.93 1.69 1.59 1.51 1.39 1.39 1.66 2.06 2.36 2.40 2.32 2.25 2.32 2.59 2.82 2.67 2.35 2.24 2.33 2.23 1.79 1.36 1.28 1.50 1.86 2.11 2.26 2.42 2.64 2.89 2.99 3.10 2.67 2.47 2.47 2.61 2.78
4.41 4.12 3.65 3.41 3.30 3.16 2.95 2.74 2.51 2.25 2.03 1.94 1.91 2.04 2.32 2.49 2.58 2.67 2.72 2.69 2.62 2.53 2.44 2.42 2.54 2.71 2.92 3.31 3.91 4.47 4.70 4.47 3.96 3.43 3.07 2.88 2.64 2.38 2.10 1.74 1.29 0.93 0.84 1.09 1.66 2.26 2.44 2.19 1.89 1.61 1.39 1.40 1.68 2.08 2.42 2.48 2.34 2.20 2.15 2.26 2.54 2.81 2.72 2.52 2.43 2.26 1.77 1.41 1.40 1.68 2.05 2.30 2.44 2.55 2.75 3.02 3.20 3.18 3.08 2.95 3.27 2.66 2.72 2.92
4.62 4.28 3.71 3.37 3.14 2.88 2.60 2.32 2.04 1.82 1.78 1.78 1.99 1.93 2.23 2.36 2.47 2.54 2.53 2.47 2.42 2.36 2.33 2.36 2.49 2.70 3.00 3.55 4.22 4.57 4.40 3.98 3.69 3.29 2.79 2.48 2.23 2.00 1.76 1.46 1.07 0.85 0.95 1.35 1.83 2.39 2.61 2.22 1.60 1.23 1.26 1.68 2.35 2.83 2.89 2.70 2.48 2.33 2.27 2.31 2.53 2.82 2.80 2.57 2.29 1.95 1.72 1.79 2.16 2.57 2.84 2.95 3.02 3.11 3.27 3.46 3.56 3.49 3.43 3.34 3.06 2.90 2.97 3.09
4.74 4.38 3.67 3.21 2.89 2.57 2.28 1.99 1.72 1.53 1.59 1.64 1.60 1.76 1.94 2.03 2.17 2.27 2.30 2.29 2.24 2.21 2.22 2.27 2.39 2.64 3.02 3.69 4.41 4.52 4.07 3.66 3.53 3.18 2.53 2.09 1.90 1.72 1.45 1.12 0.93 0.85 1.07 1.42 1.78 2.31 2.52 1.99 1.38 1.30 1.78 2.70 3.47 3.62 3.37 3.00 2.71 2.48 2.38 2.42 2.62 2.87 2.89 2.68 2.53 2.56 2.85 3.22 3.55 3.80 3.90 3.95 3.99 4.03 4.11 4.21 4.23 4.11 3.92 3.62 3.19 2.98 3.06 3.11
4.77 4.40 3.57 3.04 2.71 2.40 2.12 1.87 1.64 1.51 1.62 1.68 1.79 1.86 1.98 2.04 2.14 2.19 2.20 2.14 2.07 2.05 2.08 2.15 2.30 2.57 3.05 3.88 4.60 4.47 3.87 3.55 3.43 3.03 2.37 1.90 1.68 1.41 1.01 0.69 0.69 0.74 1.00 1.29 1.66 2.22 2.46 2.08 1.74 2.07 3.06 4.04 4.36 4.07 3.56 3.10 2.76 2.54 2.50 2.62 2.82 3.03 3.09 3.17 3.39 3.77 4.20 4.56 4.79 4.90 4.95 4.99 5.02 5.04 5.04 5.00 4.89 4.69 4.30 3.77 3.28 3.02 3.02 2.97
4.86 4.40 3.48 2.93 2.63 2.33 2.08 1.91 1.75 1.72 1.86 1.97 2.17 2.29 2.30 2.31 2.29 2.22 2.11 1.99 1.94 1.95 1.99 2.07 2.25 2.59 3.23 4.20 4.74 4.34 3.59 3.41 3.27 2.84 2.36 1.97 1.60 1.14 0.68 0.55 0.67 0.89 1.22 1.54 1.92 2.40 2.73 2.70 2.76 3.45 4.41 4.81 4.57 3.89 3.34 2.94 2.67 2.52 2.50 2.58 2.77 3.06 3.28 3.56 3.95 4.31 4.57 4.76 4.87 4.95 5.00 5.07 5.12 5.14 5.09 4.94 4.75 4.53 4.21 3.83 3.49 3.24 3.02 2.84
4.96 4.42 3.42 2.88 2.57 2.27 2.04 1.93 1.85 1.89 2.06 2.29 2.50 2.55 2.48 2.36 2.22 2.08 1.95 1.87 1.86 1.90 1.94 2.04 2.26 2.71 3.47 4.41 4.68 3.99 3.26 3.15 3.02 2.70 2.38 2.02 1.56 1.17 0.92 0.94 1.20 1.57 1.94 2.24 2.58 3.06 3.60 3.95 4.32 4.80 5.05 4.84 4.16 3.39 2.94 2.67 2.43 2.27 2.19 2.21 2.44 2.83 3.31 3.64 3.89 3.97 3.90 3.82 3.77 3.84 3.95 4.09 4.14 4.13 4.03 3.85 3.73 3.58 3.45 3.36 3.30 3.25 3.13 2.86
4.94 4.35 3.33 2.77 2.43 2.17 2.00 1.89 1.85 1.92 2.04 2.32 2.50 2.47 2.31 2.10 1.89 1.77 1.71 1.67 1.69 1.77 1.87 2.06 2.38 2.87 3.63 4.40 4.44 3.65 3.04 2.95 2.80 2.58 2.34 1.86 1.48 1.38 1.37 1.59 1.92 2.29 2.63 2.97 3.47 4.17 4.80 5.07 5.12 5.05 4.80 4.25 3.58 2.96 2.63 2.42 2.16 1.94 1.88 1.98 2.28 2.72 3.25 3.61 3.61 3.31 3.01 2.77 2.71 2.78 2.87 2.94 2.93 2.83 2.74 2.59 2.53 2.44 2.38 2.41 2.56 2.71 2.75 2.75
4.76 4.20 3.23 2.64 2.28 2.06 1.97 1.84 1.79 1.89 2.40 2.09 2.11 1.99 1.80 1.61 1.47 1.42 1.39 1.39 1.48 1.65 1.88 2.22 2.61 3.06 3.70 4.28 4.24 3.61 3.10 2.93 2.75 2.54 2.20 1.61 1.39 1.41 1.57 1.89 2.25 2.61 2.97 3.46 4.24 5.04 5.43 5.35 4.90 4.41 3.97 3.51 3.05 2.67 2.46 2.31 2.07 1.89 1.94 2.15 2.45 2.78 3.19 3.48 3.36 2.96 2.65 2.54 2.57 2.60 2.52 2.37 2.25 2.13 1.98 1.86 1.84 1.79 1.68 1.61 1.66 1.76 1.80 1.87
4.52 4.05 3.20 2.65 2.28 2.00 1.85 1.68 1.58 1.68 1.64 1.79 1.49 1.30 1.15 1.09 1.10 1.10 1.11 1.23 1.50 1.78 2.11 2.49 2.84 3.24 3.76 4.20 4.21 3.83 3.34 2.99 2.71 2.43 1.95 1.35 1.25 1.33 1.53 1.81 2.19 2.61 3.09 3.85 4.82 5.40 5.37 4.75 3.92 3.46 3.17 2.92 2.68 2.48 2.38 2.28 2.08 1.99 2.15 2.37 2.55 2.70 2.95 3.21 3.20 2.97 2.77 2.69 2.62 2.45 2.21 2.00 1.93 1.84 1.64 1.53 1.58 1.53 1.34 1.20 1.24 1.37 1.47 1.53
4.35 3.99 3.30 2.79 2.37 1.97 1.67 1.44 1.28 1.34 1.31 1.62 0.96 0.82 0.78 1.01 0.88 0.96 1.09 1.37 1.75 2.12 2.46 2.77 3.06 3.41 3.83 4.21 4.30 4.00 3.40 2.88 2.54 2.20 1.72 1.24 1.24 1.39 1.57 1.80 2.15 2.64 3.31 4.33 5.22 5.40 4.83 3.89 3.20 2.87 2.66 2.48 2.34 2.27 2.25 2.17 1.99 1.96 2.13 2.23 2.23 2.24 2.49 2.92 3.21 3.21 3.01 2.76 2.41 2.03 1.74 1.69 1.74 1.66 1.47 1.43 1.52 1.49 1.34 1.24 2.03 1.59 1.90 1.97
4.35 4.08 3.50 2.96 2.47 2.03 1.69 1.46 1.27 1.26 1.21 1.70 1.41 0.84 0.88 0.94 1.05 1.22 1.48 1.80 2.17 2.52 2.81 3.06 3.35 3.65 3.96 4.27 4.37 4.03 3.31 2.84 2.58 2.26 1.82 1.53 1.58 1.76 1.89 2.08 2.42 2.94 3.78 4.86 5.37 5.06 4.09 3.20 2.67 2.41 2.26 2.10 2.00 2.01 2.02 1.93 1.77 1.73 1.79 1.72 1.64 1.70 2.10 2.83 3.44 3.49 3.06 2.51 2.02 1.70 1.61 1.67 1.66 1.45 1.24 1.41 1.65 1.80 1.36 1.42 1.71 2.27 2.76 2.70
4.54 4.25 3.57 2.98 2.50 2.14 1.93 1.77 1.58 1.48 2.27 1.24 1.17 1.21 1.33 1.48 1.65 1.90 2.15 2.39 2.68 2.97 3.20 3.46 3.74 3.94 4.07 4.33 4.47 4.17 3.61 3.23 2.99 2.65 2.25 2.07 2.10 2.23 2.37 2.56 2.87 3.38 4.27 5.15 5.24 4.42 3.39 2.63 2.19 2.01 1.92 1.75 1.65 1.76 1.84 1.71 1.55 1.44 1.38 1.36 1.46 1.70 2.21 3.07 3.70 3.55 2.81 2.15 1.82 1.78 1.91 1.93 1.63 1.22 1.03 1.15 1.35 1.44 1.61 2.06 2.75 3.42 3.55 3.22
4.79 4.33 3.40 2.79 2.40 2.21 2.13 1.98 1.78 1.61 1.45 1.40 1.47 1.65 1.90 2.15 2.42 2.68 2.89 3.05 3.24 3.41 3.60 3.84 4.03 4.04 4.10 4.41 4.59 4.28 3.78 3.41 3.10 2.74 2.44 2.29 2.29 2.42 2.61 2.85 3.16 3.68 4.51 5.05 4.73 3.67 2.74 2.14 1.78 1.66 1.61 1.37 1.26 1.58 1.73 1.61 1.50 1.42 1.45 1.64 1.92 2.27 2.77 3.46 3.78 3.40 2.58 2.13 2.12 2.29 2.32 1.99 1.41 1.04 1.10 1.41 1.71 2.00 2.50 3.24 3.93 4.10 3.70 2.90
4.96 4.30 3.16 2.53 2.22 2.10 2.04 1.91 1.74 1.57 2.67 1.36 1.56 1.82 2.19 2.50 2.79 3.04 3.24 3.36 3.45 3.58 3.80 3.99 3.99 3.88 4.04 4.48 4.56 4.07 3.41 2.95 2.60 2.36 2.28 2.25 2.29 2.44 2.64 2.90 3.24 3.73 4.37 4.61 4.02 2.94 2.19 1.76 1.50 1.44 1.34 1.03 0.98 1.43 1.66 1.66 1.67 1.71 1.90 2.15 2.47 2.89 3.40 3.83 3.77 3.29 2.69 2.57 2.76 2.78 2.39 1.75 1.28 1.33 1.75 2.18 2.63 3.13 3.76 4.32 4.44 4.03 3.27 2.54
4.99 4.28 3.00 2.30 1.96 1.74 1.63 1.56 1.56 1.47 1.22 1.20 1.38 1.67 1.96 2.21 2.46 2.64 2.76 2.84 3.00 3.31 3.61 3.66 3.48 3.47 3.95 4.49 4.39 3.75 3.11 2.64 2.30 2.14 2.24 2.35 2.47 2.62 2.74 2.87 3.10 3.45 3.95 4.09 3.52 2.49 1.84 1.60 1.52 1.46 1.31 1.05 1.01 1.41 1.68 1.83 1.96 2.12 2.34 2.55 2.91 3.48 4.01 4.18 3.84 3.33 3.04 3.11 3.19 2.96 2.39 1.91 1.88 2.41 3.02 3.52 4.01 4.43 4.69 4.66 4.23 3.50 2.81 2.28
4.96 4.18 2.78 2.06 1.66 1.35 1.17 1.12 1.28 1.26 0.95 0.86 0.96 1.13 1.34 1.51 1.67 1.74 1.73 1.85 2.29 2.83 3.07 2.90 2.65 3.01 3.95 4.53 4.27 3.57 3.10 2.84 2.65 2.52 2.50 2.54 2.58 2.64 2.65 2.63 2.70 2.99 3.55 3.81 3.35 2.40 1.88 1.84 1.87 1.80 1.69 1.57 1.52 1.68 1.80 1.95 2.17 2.46 2.77 3.17 3.70 4.25 4.47 4.27 3.77 3.32 3.28 3.49 3.52 3.25 2.98 2.95 3.35 3.90 4.31 4.64 4.88 4.94 4.74 4.27 3.65 3.02 2.52 2.11
4.78 3.94 2.57 1.84 1.44 1.16 0.94 0.87 1.08 1.06 0.75 0.57 0.57 0.66 0.80 0.95 1.06 1.14 1.32 1.64 2.11 2.54 2.59 2.32 2.27 2.98 4.19 4.69 4.25 3.38 2.96 2.84 2.80 2.78 2.69 2.52 2.37 2.31 2.23 2.16 2.25 2.73 3.47 3.87 3.54 2.86 2.50 2.50 2.52 2.44 2.34 2.20 2.04 1.99 1.91 1.98 2.20 2.58 3.14 3.82 4.36 4.55 4.34 3.80 3.23 3.06 3.37 3.65 3.66 3.54 3.62 3.92 4.30 4.56 4.70 4.78 4.74 4.47 4.01 3.53 3.07 2.60 2.22 2.12
4.46 3.73 2.46 1.73 1.34 1.11 0.93 0.90 1.04 0.99 0.79 0.61 0.54 0.59 0.68 0.81 0.65 1.11 1.50 1.93 2.30 2.51 2.44 2.26 2.46 3.39 4.58 4.87 4.20 3.15 2.67 2.50 2.45 2.49 2.45 2.22 1.94 1.81 1.79 1.85 2.11 2.81 3.75 4.17 3.88 3.35 3.11 3.04 2.99 2.84 2.57 2.29 2.14 2.12 2.04 2.10 2.33 2.81 3.51 4.12 4.30 4.05 3.57 2.93 2.64 2.90 3.47 3.69 3.49 3.39 3.60 3.91 4.11 4.15 4.12 4.03 3.80 3.40 3.03 2.70 2.36 2.03 1.75 1.53
4.20 3.62 2.52 1.80 1.41 1.19 1.08 1.12 1.07 0.99 0.94 0.88 0.88 0.90 0.91 0.98 0.84 1.42 1.92 2.29 2.52 2.64 2.60 2.57 2.96 3.97 4.88 4.92 4.06 2.94 2.41 2.19 2.04 1.94 1.97 1.94 1.80 1.73 1.79 2.01 2.48 3.33 4.19 4.43 4.00 3.42 3.18 3.15 3.04 2.75 2.37 2.11 2.08 2.15 2.16 2.28 2.57 3.14 3.76 3.98 3.64 3.09 2.63 2.26 2.38 2.99 3.62 3.65 3.18 3.00 3.14 3.28 3.29 3.27 3.22 3.07 2.78 2.40 2.07 1.84 1.58 1.34 1.12 0.94
4.06 3.53 2.54 1.91 1.55 1.32 1.29 1.34 1.25 1.21 1.25 1.36 1.45 1.45 1.43 1.47 1.59 1.84 2.20 2.52 2.72 2.91 3.07 3.21 3.65 4.50 5.09 4.91 4.00 2.90 2.32 2.05 1.80 1.62 1.75 1.98 2.13 2.27 2.42 2.67 3.14 3.85 4.43 4.45 3.87 3.27 3.08 3.03 2.82 2.52 2.27 2.14 2.16 2.22 2.23 2.38 2.73 3.29 3.71 3.51 2.88 2.41 2.09 1.97 2.29 3.02 3.68 3.56 2.95 2.71 2.73 2.69 2.62 2.58 2.48 2.32 2.01 1.61 1.28 1.11 0.95 0.70 0.51 0.37
3.98 3.45 2.49 1.87 1.55 1.41 1.48 1.50 1.52 1.63 1.78 1.92 1.94 1.89 1.87 1.94 2.06 2.19 2.40 2.70 2.98 3.32 3.64 3.91 4.32 4.97 5.32 4.94 4.03 3.07 2.54 2.24 2.01 1.90 2.04 2.30 2.56 2.81 2.98 3.16 3.47 3.95 4.33 4.25 3.71 3.16 2.96 2.78 2.45 2.22 2.16 2.17 2.21 2.29 2.31 2.53 2.95 3.39 3.43 2.90 2.26 1.99 1.79 1.79 2.21 3.10 3.72 3.47 2.80 2.51 2.40 2.26 2.17 2.09 1.92 1.72 1.41 0.99 0.77 0.82 0.81 0.68 0.63 0.57
3.93 3.39 2.39 1.76 1.44 1.41 1.49 1.49 1.81 1.90 2.11 2.22 2.23 2.25 2.30 2.38 2.47 2.55 2.68 2.95 3.27 3.66 3.95 4.29 4.82 5.38 5.44 4.89 3.96 3.21 2.82 2.65 2.55 2.47 2.47 2.52 2.61 2.73 2.83 2.96 3.25 3.73 4.07 3.99 3.55 3.04 2.74 2.43 2.04 1.83 1.84 1.94 2.09 2.25 2.38 2.71 3.07 3.17 2.78 2.16 1.79 1.66 1.59 1.79 2.41 3.31 3.66 3.24 2.56 2.26 2.09 1.92 1.83 1.68 1.43 1.22 1.04 0.81 0.94 0.89 0.91 1.53 0.66 0.73
3.87 3.29 2.23 1.60 1.35 1.38 1.36 1.28 1.40 1.65 1.89 2.05 2.23 2.47 2.68 2.83 2.90 2.96 3.06 3.21 3.49 3.86 4.14 4.57 5.12 5.41 5.23 4.51 3.66 3.12 2.87 2.82 2.82 2.71 2.58 2.44 2.36 2.34 2.40 2.65 3.07 3.52 3.79 3.75 3.42 2.95 2.53 2.12 1.74 1.51 1.45 1.54 1.80 2.04 2.31 2.61 2.73 2.47 1.86 1.57 1.49 1.41 1.53 1.97 2.62 3.21 3.36 2.91 2.28 1.97 1.81 1.63 1.52 1.37 1.07 0.90 0.94 0.93 0.83 0.80 0.76 0.63 0.68 1.10
3.75 3.11 1.99 1.45 1.34 1.41 1.29 1.11 1.05 1.12 1.29 1.58 2.01 2.45 2.83 3.08 3.22 3.33 3.40 3.47 3.69 4.04 4.38 4.84 5.17 5.09 4.61 3.96 3.27 2.82 2.62 2.57 2.56 2.49 2.44 2.35 2.25 2.24 2.42 2.75 3.08 3.34 3.49 3.57 3.43 2.96 2.40 1.90 1.49 1.29 1.28 1.41 1.69 2.05 2.14 2.18 1.99 1.53 1.19 1.23 1.25 1.19 1.46 1.94 2.36 2.77 2.98 2.71 2.13 1.74 1.61 1.47 1.35 1.23 0.99 0.84 0.82 0.96 0.66 0.71 0.85 0.97 1.23 1.82
3.56 2.88 1.80 1.37 1.39 1.49 1.36 1.19 1.05 0.96 1.01 1.28 1.76 2.29 2.74 3.07 3.32 3.52 3.68 3.79 3.97 4.29 4.70 5.09 5.08 4.64 4.03 3.43 2.88 2.49 2.27 2.17 2.12 2.14 2.25 2.33 2.34 2.40 2.60 2.86 3.02 3.10 3.24 3.48 3.47 2.89 2.13 1.58 1.37 1.43 1.65 1.88 2.01 2.04 2.05 1.74 1.35 1.03 0.99 1.11 1.10 1.10 1.36 1.73 2.09 2.50 2.81 2.63 2.10 1.71 1.56 1.38 1.14 0.94 0.80 0.69 0.62 0.68 0.90 1.20 1.51 1.80 2.13 2.80
3.35 2.72 1.75 1.40 1.48 1.56 1.48 1.40 1.35 1.30 1.30 1.47 1.86 2.28 2.66 3.00 3.30 3.61 3.91 4.15 4.36 4.68 5.11 5.30 4.98 4.29 3.62 3.09 2.65 2.37 2.25 2.17 2.06 1.99 2.09 2.26 2.33 2.40 2.56 2.75 2.77 2.76 2.99 3.39 3.38 2.63 1.88 1.69 1.88 2.20 2.47 2.53 2.40 2.22 2.13 1.74 1.52 1.41 1.41 1.40 1.34 1.40 1.64 1.95 2.37 2.77 2.92 2.70 2.31 2.01 1.77 1.43 0.98 0.67 0.58 0.65 0.83 1.19 1.61 2.09 2.59 3.04 3.46 4.22
3.16 2.57 1.72 1.45 1.58 1.62 1.59 1.63 1.76 1.92 2.06 2.21 2.43 2.64 2.86 3.17 3.49 3.89 4.23 4.51 4.82 5.12 5.36 5.28 4.72 3.95 3.38 3.04 2.76 2.64 2.61 2.53 2.33 2.19 2.18 2.25 2.29 2.36 2.47 2.47 2.37 2.41 2.78 3.31 3.35 2.76 2.38 2.55 2.86 3.00 2.97 2.75 2.48 2.30 2.17 2.10 2.09 2.09 2.11 2.11 2.14 2.30 2.57 2.94 3.26 3.29 3.02 2.71 2.42 2.10 1.68 1.18 0.78 0.65 0.79 1.09 1.44 1.96 2.63 3.46 4.23 4.74 5.17 5.72
2.97 2.44 1.68 1.52 1.66 1.69 1.72 1.86 2.14 2.52 2.88 3.16 3.32 3.34 3.40 3.62 3.97 4.41 4.73 4.91 5.13 5.31 5.26 4.92 4.27 3.65 3.30 3.11 2.98 2.92 2.88 2.78 2.62 2.51 2.42 2.36 2.34 2.35 2.30 2.17 2.16 2.36 2.82 3.38 3.54 3.25 3.04 3.10 3.12 2.96 2.71 2.46 2.33 2.29 2.23 2.20 2.22 2.30 2.45 2.61 2.79 3.07 3.37 3.56 3.48 3.05 2.48 2.31 2.16 1.75 1.24 0.89 0.81 0.98 1.35 1.76 2.25 3.04 4.12 5.16 5.80 6.11 6.21 6.18
2.83 2.35 1.70 1.62 1.74 1.77 1.83 2.05 2.52 3.07 3.54 3.81 3.92 3.96 4.04 4.27 4.66 5.07 5.23 5.13 5.05 5.01 4.81 4.34 3.79 3.42 3.22 3.08 2.95 2.89 2.82 2.69 2.54 2.42 2.31 2.26 2.25 2.22 2.14 2.15 2.29 2.50 2.91 3.49 3.71 3.41 2.98 2.75 2.51 2.24 2.02 1.92 1.99 2.10 2.05 2.02 2.08 2.21 2.41 2.62 2.88 3.20 3.32 3.14 2.64 1.97 1.62 1.83 1.86 1.48 1.11 1.03 1.25 1.62 2.10 2.58 3.24 4.29 5.45 6.10 6.25 6.12 5.84 5.42
2.73 2.31 1.79 1.79 1.85 1.90 2.05 2.46 3.07 3.52 3.71 3.74 3.82 4.03 4.38 4.85 5.29 5.52 5.37 4.97 4.63 4.42 4.15 3.78 3.44 3.24 3.08 2.91 2.78 2.73 2.65 2.50 2.24 2.04 1.98 2.06 2.11 2.08 2.05 2.09 2.16 2.34 2.81 3.48 3.67 3.24 2.65 2.28 2.05 1.84 1.71 1.64 1.68 1.80 1.86 1.93 2.06 2.16 2.28 2.46 2.72 2.87 2.66 2.09 1.46 1.14 1.25 1.67 1.79 1.56 1.43 1.57 1.97 2.52 3.11 3.67 4.40 5.41 6.03 6.01 5.41 4.67 4.14 3.80
