project/data/elevation/US_DEM2016/US_DEM2016_point_10-31-2019_0147_30m_vel.asc
ncols	125
nrows	167
xllcorner	-2042055.000000
yllcorner	1465035.000000
cellsize	30.000000
NODATA_value	-9999.000000
[rows 76 to 113 of 167, columns 0 to 83 of 125]
6.77 6.60 6.52 6.66 6.81 7.10 7.68 8.30 8.54 8.31 7.90 7.70 8.01 8.73 9.44 10.10 10.47 10.36 9.79 9.14 8.71 8.35 7.96 7.60 7.35 7.19 7.01 7.00 7.19 7.40 7.45 7.23 6.67 6.25 6.23 6.36 6.38 6.16 5.81 5.54 5.45 5.66 6.01 6.10 6.00 5.83 5.73 5.53 5.37 5.36 5.37 5.33 5.27 5.41 5.76 6.10 6.31 6.33 6.38 6.51 6.54 6.16 5.33 4.57 4.19 4.15 4.45 4.79 5.27 5.84 6.27 6.69 7.48 8.46 9.41 10.40 11.34 11.80 11.43 10.35 8.68 6.62 5.61 5.32
6.82 6.63 6.60 6.74 6.95 7.49 7.92 7.94 7.44 6.68 6.26 6.51 7.29 8.32 9.24 9.85 9.96 9.57 8.92 8.30 7.87 7.60 7.40 7.26 7.17 7.08 6.90 6.87 6.97 7.25 7.55 7.66 7.47 7.32 7.22 7.03 6.67 6.16 5.73 5.58 5.72 5.93 6.00 5.79 5.60 5.48 5.46 5.35 5.17 5.08 5.02 5.00 5.02 5.31 5.79 6.21 6.47 6.58 6.66 6.61 6.19 5.40 4.79 4.70 5.00 5.44 5.74 6.05 6.65 7.63 8.36 9.16 10.20 11.14 11.81 12.33 12.47 12.03 10.97 9.84 8.67 7.12 5.97 5.33
6.73 6.36 6.23 6.41 6.59 6.93 6.95 6.59 6.25 6.04 6.28 6.87 7.79 8.83 9.54 9.78 9.52 8.97 8.37 7.82 7.40 7.11 6.94 6.84 6.74 6.65 6.54 6.61 6.71 6.87 7.24 7.64 7.82 7.79 7.59 7.24 6.74 6.18 5.90 5.81 5.74 5.56 5.32 5.08 4.89 4.70 4.44 4.19 4.12 4.13 4.25 4.53 5.03 5.60 6.10 6.43 6.69 6.77 6.65 6.28 5.66 5.08 5.01 5.45 6.21 6.79 7.29 8.03 9.01 9.62 10.15 10.83 11.57 12.10 12.17 12.03 11.51 10.49 9.66 9.30 9.13 8.60 7.71 6.80
6.50 5.97 5.77 6.04 6.17 6.23 6.25 6.32 6.58 7.00 7.51 8.16 9.04 9.78 10.02 9.75 9.17 8.52 7.96 7.48 7.04 6.71 6.50 6.37 6.22 6.05 5.95 6.01 5.98 6.02 6.19 6.75 7.17 7.29 7.16 6.90 6.54 6.07 5.76 5.43 5.07 4.73 4.57 4.61 4.54 4.33 4.04 3.94 4.15 4.53 5.00 5.58 6.17 6.52 6.61 6.57 6.44 6.14 5.64 5.08 4.75 4.83 5.27 6.12 7.11 8.04 9.07 9.93 10.25 10.37 10.46 10.68 11.00 10.95 10.60 10.07 9.34 8.59 8.22 8.36 8.76 8.98 8.77 8.17
6.22 5.80 5.75 6.18 6.40 6.47 6.63 7.00 7.54 8.03 8.61 9.36 10.09 10.27 9.93 9.23 8.45 7.80 7.31 6.90 6.53 6.27 6.08 5.91 5.75 5.59 5.38 5.13 4.80 4.72 4.76 5.20 5.81 6.29 6.47 6.46 6.44 6.15 5.91 5.59 5.32 5.21 5.23 5.36 5.31 5.18 5.02 5.10 5.43 5.95 6.48 6.86 7.03 6.99 6.69 6.43 6.05 5.59 5.19 4.91 4.93 5.29 5.95 6.96 8.07 9.22 10.03 10.13 9.81 9.53 9.43 9.38 9.21 8.77 8.39 8.16 7.93 7.68 7.43 7.29 7.58 8.21 8.59 8.53
6.09 5.94 6.07 6.57 6.90 7.06 7.24 7.59 8.11 8.68 9.37 10.00 10.22 9.85 9.09 8.24 7.49 6.81 6.34 5.99 5.75 5.67 5.65 5.53 5.44 5.33 5.02 4.37 3.83 3.60 3.53 3.76 4.31 5.06 5.64 6.09 6.29 6.53 6.60 6.61 6.69 6.81 6.91 6.84 6.69 6.58 6.50 6.61 6.87 6.98 6.95 6.83 6.71 6.57 6.50 6.45 6.40 6.51 6.61 6.61 6.64 6.86 7.36 8.20 9.07 9.66 9.53 8.77 8.30 8.33 8.41 8.31 8.05 7.59 7.38 7.30 7.35 7.42 7.30 6.95 6.84 7.10 7.70 8.12
6.36 6.36 6.43 6.58 6.82 7.14 7.50 7.94 8.50 9.11 9.68 9.89 9.55 8.78 7.94 7.27 6.68 6.11 5.60 5.28 5.13 5.06 4.98 5.05 5.15 5.17 4.99 4.46 3.66 3.31 3.29 3.53 3.87 4.23 4.87 5.69 6.13 6.60 6.92 7.26 7.59 7.80 7.82 7.61 7.42 7.36 7.37 7.40 7.39 7.10 6.73 6.62 6.73 6.83 6.78 6.76 6.95 7.23 7.47 7.66 7.85 8.11 8.52 9.01 9.42 9.22 8.38 7.71 7.63 7.90 7.99 7.78 7.42 7.09 7.00 6.95 7.00 7.15 7.19 7.03 6.74 6.58 6.71 7.27
6.65 6.72 6.69 6.55 6.66 7.09 7.61 8.19 8.77 9.24 9.46 9.22 8.58 7.80 7.14 6.62 6.13 5.68 5.26 4.92 4.67 4.46 4.35 4.48 4.80 5.06 5.25 5.23 4.78 4.46 4.50 4.69 4.66 4.61 4.94 5.57 5.90 6.36 6.84 7.34 7.63 7.63 7.49 7.28 7.20 7.32 7.46 7.48 7.43 7.27 7.28 7.42 7.47 7.34 7.07 6.99 7.14 7.14 7.33 7.70 8.14 8.51 8.84 9.02 8.93 8.38 7.76 7.70 7.86 7.91 7.72 7.26 6.69 6.29 6.10 6.16 6.28 6.41 6.55 6.64 6.54 6.26 5.98 6.29
6.65 6.72 6.79 6.80 6.97 7.37 7.86 8.40 8.82 9.02 8.89 8.39 7.71 7.08 6.56 6.08 5.61 5.23 4.91 4.57 4.23 4.01 4.02 4.28 4.79 5.33 5.87 6.38 6.76 6.89 6.81 6.51 6.10 5.75 5.57 5.79 6.23 6.73 7.24 7.42 7.20 6.87 6.74 6.85 6.98 7.22 7.51 7.78 8.05 8.25 8.21 8.03 7.71 7.39 7.12 7.09 7.15 7.28 7.58 7.90 8.24 8.47 8.57 8.51 8.20 7.76 7.58 7.79 7.85 7.64 7.22 6.64 5.91 5.28 4.85 4.84 4.99 5.16 5.40 5.65 5.82 5.78 5.48 5.50
6.57 6.63 6.83 7.11 7.44 7.81 8.14 8.40 8.59 8.56 8.24 7.67 7.06 6.51 6.03 5.55 5.03 4.58 4.28 4.06 3.97 4.09 4.43 4.94 5.57 6.13 6.69 7.28 7.87 8.23 8.23 7.84 7.26 6.77 6.55 6.61 7.06 7.54 7.50 7.07 6.53 6.36 6.59 6.89 7.05 7.35 7.84 8.28 8.66 8.87 8.72 8.26 7.82 7.51 7.21 7.18 7.37 7.58 7.73 7.78 7.83 7.84 7.87 7.88 7.65 7.40 7.29 7.37 7.24 7.02 6.76 6.41 5.89 5.22 4.50 4.22 4.04 3.90 3.94 4.17 4.56 4.95 4.95 4.97
6.64 6.76 7.04 7.38 7.74 7.96 8.00 8.00 8.10 8.06 7.71 7.17 6.58 6.04 5.53 4.99 4.41 3.96 3.92 3.87 4.14 4.62 5.22 5.82 6.40 6.85 7.17 7.43 7.73 8.00 8.11 8.10 7.86 7.45 7.17 7.15 7.34 7.35 6.82 6.24 6.03 6.17 6.35 6.51 6.70 7.16 7.72 8.02 8.25 8.46 8.53 8.38 8.14 7.84 7.46 7.30 7.67 7.23 7.23 7.10 6.99 6.96 7.14 7.35 7.31 7.12 6.92 6.78 6.61 6.56 6.57 6.65 6.70 6.50 5.74 4.90 4.23 3.73 3.39 3.80 3.51 3.82 4.08 4.24
6.74 6.87 7.11 7.34 7.46 7.42 7.38 7.52 7.77 7.79 7.37 6.80 6.20 5.58 4.92 4.33 4.03 4.06 4.33 4.58 4.83 5.16 5.62 6.18 6.70 7.01 7.08 7.04 7.02 7.04 7.27 7.66 7.96 7.98 7.77 7.38 7.61 6.38 5.92 5.81 5.81 5.77 5.65 5.72 6.15 6.72 7.06 6.99 6.93 7.07 7.22 7.42 7.56 7.61 7.52 7.32 7.08 6.79 6.66 6.67 6.65 6.78 7.04 7.22 7.18 6.98 6.79 6.61 6.43 6.49 6.71 7.00 7.31 7.61 7.65 7.00 6.20 5.43 4.84 4.41 4.05 3.83 3.87 4.11
6.77 6.84 6.94 6.98 6.91 6.89 7.15 7.65 7.92 7.70 7.08 6.39 5.73 5.02 4.41 5.11 4.47 5.09 5.46 5.63 5.68 5.76 6.02 6.37 6.62 6.68 6.56 6.47 6.54 6.62 6.81 7.15 7.62 7.96 8.01 7.57 6.72 6.07 5.72 5.74 5.67 5.54 5.52 5.71 6.07 6.37 6.32 5.82 5.35 5.13 5.20 5.38 5.71 6.17 6.53 6.75 6.78 6.75 6.80 6.90 7.03 7.15 7.18 7.12 7.03 6.89 6.75 6.63 6.53 6.65 6.94 7.11 7.33 7.79 8.33 8.53 8.35 7.98 7.50 6.91 6.19 5.63 5.58 5.51
6.76 6.80 6.87 6.89 6.91 7.17 7.67 8.03 7.92 7.35 6.53 5.67 4.90 4.26 4.09 4.37 4.96 5.46 5.78 6.01 6.17 6.29 6.42 6.41 6.20 5.93 5.78 5.91 6.27 6.60 6.77 6.85 6.96 7.26 7.54 7.52 6.91 6.36 5.98 5.90 5.90 6.01 6.10 6.15 6.21 6.20 5.90 5.16 4.42 4.13 4.09 4.17 4.41 4.98 5.69 6.28 6.64 6.87 7.04 7.20 7.29 7.15 6.91 6.76 6.74 6.68 6.56 6.56 6.60 6.72 6.88 6.92 6.94 7.16 7.62 8.21 8.60 8.78 8.80 8.65 8.34 8.02 7.72 7.36
6.76 6.80 6.92 7.09 7.32 7.73 8.06 7.95 7.36 6.47 5.51 4.50 3.67 3.32 4.70 3.75 4.10 4.47 5.02 5.54 6.01 6.31 6.30 5.94 5.46 5.19 5.26 5.54 5.80 5.99 6.13 6.18 6.21 6.41 6.87 7.24 7.04 6.64 6.33 6.34 6.44 6.56 6.58 6.60 6.60 6.53 6.27 5.76 5.22 4.88 4.85 5.11 5.64 6.22 6.65 6.82 6.90 6.98 7.03 7.03 6.92 6.62 6.40 6.39 6.45 6.36 6.20 6.30 6.44 6.48 6.48 6.48 6.30 6.09 6.21 6.59 7.15 7.65 8.10 8.47 8.65 8.69 8.62 8.37
6.77 6.82 6.97 7.24 7.61 7.93 7.87 7.29 6.34 5.24 4.28 3.51 3.11 2.98 2.97 2.98 3.12 3.49 4.03 4.65 5.20 5.58 5.57 5.35 5.22 5.25 5.36 5.41 5.25 5.07 5.09 5.23 5.46 5.76 6.24 6.78 6.92 6.65 6.47 6.62 6.73 6.81 6.93 7.23 7.37 7.37 7.24 7.08 7.01 6.95 6.85 7.16 7.60 7.82 7.73 7.31 7.00 6.85 6.68 6.44 6.21 6.02 5.94 6.05 6.15 6.02 5.85 5.99 6.09 6.06 6.01 5.95 5.65 5.29 5.17 5.29 5.56 5.90 6.33 6.84 7.33 7.66 7.80 7.92
6.80 6.88 7.08 7.39 7.69 7.68 7.15 6.21 5.14 4.20 3.59 3.35 3.35 3.43 3.45 3.39 3.41 3.57 3.86 4.24 4.64 4.88 5.03 5.28 5.59 5.81 5.90 5.79 5.58 5.44 5.40 5.47 5.66 5.79 5.89 6.23 6.55 6.54 6.56 6.78 6.94 7.13 7.44 7.91 8.08 8.07 7.97 7.94 8.07 8.31 8.46 8.45 8.22 7.75 7.24 6.94 6.78 6.58 6.25 5.85 5.52 5.39 5.46 5.70 5.93 5.96 5.91 5.94 5.88 5.79 5.73 5.65 5.38 4.99 4.69 4.53 4.61 4.67 4.77 5.03 5.43 5.85 6.03 6.13
6.83 6.91 7.10 7.33 7.33 6.88 6.00 4.98 4.12 3.61 3.47 3.57 3.79 4.07 4.33 4.54 4.63 4.67 4.83 5.13 5.43 5.60 5.74 5.93 6.06 6.26 6.63 6.94 7.10 7.13 7.05 7.00 6.94 6.73 6.18 6.01 6.30 6.60 6.92 7.23 7.44 7.71 8.07 8.37 8.32 8.14 8.03 8.06 8.26 8.54 8.67 8.54 8.07 7.35 6.85 6.81 6.77 6.51 6.06 5.58 5.24 5.14 5.37 5.80 6.21 6.37 6.34 6.20 5.94 5.79 5.69 5.61 5.37 4.88 4.28 3.78 3.61 3.49 3.39 3.56 3.91 4.28 4.38 4.38
6.85 6.87 6.89 6.78 6.33 5.51 4.54 3.78 3.38 3.33 3.54 3.90 4.27 4.67 5.20 5.79 6.25 6.56 6.85 7.15 7.32 7.30 7.10 6.76 6.48 6.61 7.16 7.59 7.78 7.74 7.62 7.46 7.22 6.86 6.27 6.09 6.36 6.88 7.41 7.76 7.97 8.15 8.27 8.25 7.98 7.76 7.73 7.90 8.17 8.37 8.28 8.15 8.09 8.01 7.74 7.36 6.99 6.63 6.30 6.02 5.86 5.84 6.05 6.41 6.67 6.67 6.46 6.26 6.06 6.04 6.04 5.86 5.43 4.65 3.75 3.04 2.79 2.60 2.50 2.68 2.90 3.01 3.13 3.32
6.85 6.85 6.68 6.20 5.39 4.49 3.78 3.37 3.33 3.61 4.05 4.57 5.13 5.71 6.36 7.11 7.73 8.27 8.64 8.72 8.47 8.01 7.41 6.92 6.71 6.91 7.24 7.15 6.78 6.51 6.29 6.15 6.06 5.95 5.95 6.23 6.67 7.20 7.71 7.97 8.02 7.96 7.75 7.48 7.33 7.26 7.34 7.54 7.80 8.01 7.93 7.84 7.89 8.00 7.93 7.51 7.05 6.69 6.47 6.37 6.39 6.54 6.74 6.95 6.96 6.73 6.34 6.21 6.31 6.61 6.66 6.28 5.62 4.70 3.68 3.05 2.81 2.62 2.51 2.62 2.73 2.70 2.69 3.02
6.87 6.80 6.51 6.01 5.43 4.94 4.59 4.38 4.38 4.64 5.04 5.55 6.19 6.91 7.63 8.25 8.74 9.03 8.98 8.59 7.92 7.17 6.68 6.61 6.88 7.27 7.32 6.80 6.13 5.77 5.64 5.67 5.83 5.87 6.03 6.47 6.96 7.36 7.66 7.75 7.64 7.37 7.00 6.70 6.64 6.72 6.80 6.90 6.99 6.93 6.91 6.95 7.00 7.00 6.92 6.85 6.68 6.47 6.29 6.18 6.27 6.61 6.96 7.21 7.14 6.86 6.56 6.51 6.71 6.99 6.94 6.45 5.89 5.38 4.63 4.05 3.64 3.28 3.20 3.31 3.32 3.24 3.28 3.74
6.79 6.64 6.28 6.14 5.95 5.83 5.75 5.77 5.93 6.10 6.28 6.64 7.26 8.01 8.66 8.99 8.99 8.65 7.98 7.10 6.32 5.86 5.90 6.32 6.91 7.53 7.69 7.51 7.26 7.16 7.15 7.13 6.99 6.73 6.59 6.78 7.04 7.26 7.36 7.29 6.99 6.60 6.30 6.20 6.20 6.30 6.42 6.38 6.03 5.52 5.25 5.33 5.55 5.65 5.73 5.94 6.14 6.19 6.18 6.18 6.34 6.71 7.00 7.08 6.90 6.65 6.56 6.63 6.69 6.74 6.63 6.26 6.17 6.26 6.07 5.49 4.89 4.32 4.48 4.70 4.65 4.52 4.73 5.46
6.62 6.41 6.17 6.30 6.28 6.41 6.62 6.92 7.27 7.52 7.69 7.94 8.41 8.92 9.10 8.91 8.35 7.52 6.60 5.84 5.43 5.41 5.76 6.30 6.96 7.74 8.07 8.27 8.40 8.43 8.35 8.13 7.80 7.39 7.05 6.98 7.04 7.07 7.00 6.72 6.26 5.92 5.88 6.04 6.19 6.43 6.60 6.43 5.77 5.03 4.61 4.49 4.40 4.55 4.98 5.54 6.01 6.25 6.31 6.39 6.58 6.85 6.89 6.74 6.47 6.28 6.22 6.23 6.20 6.24 6.16 6.11 6.52 7.08 7.39 7.25 6.75 6.29 6.59 6.78 6.67 6.58 6.84 7.24
6.54 6.40 6.31 6.45 6.73 7.15 7.64 8.04 8.32 8.51 8.68 8.88 9.05 9.02 8.65 7.97 7.14 6.29 5.62 5.31 5.50 5.96 6.47 6.91 7.45 7.93 7.96 7.85 7.86 7.85 7.75 7.64 7.56 7.45 7.15 6.96 6.89 6.74 6.44 6.07 5.86 6.00 6.26 6.47 6.66 6.94 7.03 6.86 6.46 6.07 5.74 5.40 4.95 5.04 5.48 5.96 6.32 6.55 6.69 6.78 6.86 6.94 6.87 6.72 6.54 6.35 6.16 6.07 6.12 6.25 6.27 6.39 6.89 7.44 7.95 8.30 8.48 8.54 8.70 8.76 8.62 8.42 8.29 7.97
6.59 6.53 6.47 6.64 7.05 7.56 7.99 8.28 8.43 8.53 8.65 8.76 8.70 8.29 7.56 6.73 5.95 5.32 4.97 5.07 5.71 6.43 6.96 7.35 7.73 7.82 7.37 6.80 6.49 6.38 6.39 6.59 6.89 7.11 7.02 6.82 6.59 6.27 5.93 5.86 6.22 6.77 7.00 7.06 7.13 7.27 7.25 7.09 6.96 7.07 7.13 7.00 6.73 6.49 6.43 6.40 6.49 6.74 7.04 7.19 7.22 7.27 7.20 7.10 6.95 6.75 6.60 6.64 6.83 6.86 6.77 6.78 6.97 7.19 7.57 8.22 8.88 9.29 9.42 9.32 8.99 8.62 8.15 7.43
6.57 6.54 6.46 6.57 6.87 7.19 7.34 7.42 7.48 7.61 7.78 7.83 7.63 7.14 6.44 5.67 5.02 4.75 4.85 5.28 5.93 6.46 6.87 7.17 7.34 7.12 6.46 5.83 5.38 5.15 5.24 5.53 5.92 6.27 6.54 6.60 6.44 6.25 6.27 6.63 7.13 7.34 7.32 7.26 7.28 7.30 7.16 6.88 6.79 6.93 7.13 7.31 7.38 7.17 6.67 6.34 6.42 6.75 7.09 7.33 7.51 7.68 7.67 7.55 7.36 7.19 7.12 7.18 7.25 7.08 6.92 6.88 6.84 6.86 7.11 7.59 8.12 8.47 8.57 8.54 8.34 7.95 7.35 6.61
6.54 6.55 6.57 6.61 6.62 6.55 6.44 6.32 6.36 6.58 6.80 6.76 6.40 5.83 5.16 4.64 4.60 5.03 5.79 6.43 6.74 6.92 7.04 7.11 6.98 6.43 5.58 4.91 4.47 4.30 4.36 4.50 4.67 5.04 5.53 5.99 6.36 6.67 7.01 7.28 7.36 7.28 7.13 7.09 7.14 7.11 6.90 6.53 6.25 6.07 6.08 6.32 6.65 6.70 6.41 6.23 6.38 6.73 7.07 7.40 7.75 8.00 7.99 7.83 7.60 7.39 7.21 7.05 6.86 6.57 6.55 6.63 6.69 6.74 6.87 6.96 7.04 7.03 7.13 7.45 7.71 7.71 7.46 7.19
6.74 6.88 7.06 6.97 6.70 6.32 6.04 5.86 5.90 6.08 6.09 5.74 5.10 4.40 3.87 3.96 4.75 5.92 6.83 7.33 7.56 7.61 7.55 7.45 7.23 6.77 5.90 5.00 4.46 4.31 4.27 4.26 4.35 4.58 4.99 5.62 6.30 6.77 6.91 6.82 6.68 6.63 6.65 6.73 6.85 6.83 6.60 6.15 5.64 5.25 5.09 5.13 5.34 5.68 5.89 6.07 6.29 6.64 7.00 7.38 7.77 8.02 7.96 7.78 7.56 7.35 7.10 6.82 6.54 6.29 6.26 6.37 6.50 6.53 6.51 6.57 6.44 6.22 6.12 6.38 6.85 7.32 7.72 8.02
7.05 7.22 7.34 7.16 6.83 6.45 6.15 6.00 5.90 5.66 5.11 4.35 3.60 3.09 3.02 3.49 4.53 5.74 6.59 7.20 7.57 7.72 7.71 7.71 7.71 7.50 7.05 6.43 6.00 5.91 5.91 5.78 5.78 5.82 5.97 6.27 6.56 6.63 6.44 6.22 6.07 6.07 6.30 6.52 6.70 6.68 6.42 5.98 5.50 5.14 4.89 4.54 4.29 4.40 4.87 5.52 6.11 6.57 6.93 7.28 7.62 7.72 7.62 7.43 7.33 7.29 7.20 7.02 6.80 6.51 6.31 6.30 6.35 6.36 6.44 6.52 6.33 6.07 5.76 5.60 5.69 6.04 6.56 7.10
7.03 7.01 6.91 6.76 6.56 6.31 6.09 5.85 5.42 4.70 3.74 3.04 2.76 2.87 3.26 3.85 4.52 5.14 5.72 6.37 6.79 7.05 7.35 7.72 7.90 7.83 7.86 8.01 8.12 8.15 8.09 8.01 7.86 7.58 7.34 7.14 6.89 6.63 6.40 6.21 6.07 6.08 6.38 6.64 6.76 6.68 6.45 6.20 5.96 5.65 5.18 4.49 3.90 3.97 4.58 5.44 6.22 6.71 7.02 7.32 7.45 7.33 7.16 7.15 7.23 7.33 7.37 7.29 7.11 6.77 6.53 6.47 6.45 6.40 6.34 6.25 6.17 6.08 5.85 5.46 5.02 4.76 4.82 5.10
6.75 6.49 6.26 6.25 6.17 6.01 5.79 5.27 4.63 3.98 3.54 3.39 3.60 4.19 5.21 6.11 6.18 5.97 5.87 5.92 6.12 6.49 7.17 7.75 7.83 7.76 8.00 8.43 8.78 8.97 8.94 8.81 8.59 8.20 7.79 7.39 7.01 6.72 6.49 6.26 6.23 6.44 6.74 6.83 6.75 6.59 6.44 6.37 6.29 5.93 5.29 4.64 4.54 5.03 5.70 6.21 6.57 6.83 7.10 7.23 7.09 6.89 6.92 7.13 7.30 7.37 7.39 7.40 7.36 7.21 6.97 6.82 6.62 6.29 5.91 5.73 5.83 5.99 5.95 5.64 5.15 4.79 4.70 4.77
6.57 6.32 6.07 6.06 6.08 6.05 5.80 5.36 4.90 4.68 4.89 5.38 6.01 6.97 8.06 8.74 8.91 8.41 7.64 7.20 7.14 7.42 7.92 8.02 7.76 7.53 7.53 7.65 7.84 8.09 8.20 8.18 8.11 7.94 7.73 7.44 7.13 6.85 6.52 6.30 6.46 6.86 7.06 6.85 6.56 6.38 6.30 6.32 6.38 6.22 5.88 5.75 6.07 6.60 6.81 6.70 6.60 6.74 6.93 6.91 6.74 6.70 6.88 7.06 7.14 7.10 7.07 7.14 7.31 7.46 7.33 7.07 6.69 6.21 5.80 5.62 5.72 5.90 5.97 5.95 5.95 6.06 6.13 5.98
6.61 6.45 6.25 6.23 6.35 6.50 6.57 6.50 6.44 6.59 7.15 7.96 8.87 9.64 10.09 10.20 10.19 9.98 9.65 9.34 9.13 9.03 8.84 8.32 7.75 7.39 7.16 6.96 6.77 6.69 6.73 6.83 6.93 7.05 7.17 7.24 7.20 6.98 6.69 6.56 6.72 6.81 6.66 6.39 6.24 6.29 6.36 6.49 6.76 7.06 7.23 7.35 7.49 7.51 7.16 6.70 6.64 6.80 6.86 6.79 6.72 6.76 6.76 6.71 6.65 6.53 6.44 6.57 6.83 7.11 7.19 7.05 6.73 6.38 6.08 5.92 5.90 5.94 6.02 6.17 6.43 6.70 6.82 6.76
6.73 6.69 6.60 6.59 6.72 6.94 7.21 7.52 7.94 8.50 9.19 9.87 10.31 10.41 10.17 9.76 9.43 9.50 9.63 9.61 9.49 9.25 8.83 8.19 7.60 7.28 7.10 6.95 6.69 6.32 5.98 5.88 5.93 6.10 6.37 6.67 6.87 6.88 6.75 6.59 6.35 6.01 5.70 5.75 6.18 6.57 6.80 6.98 7.28 7.76 8.17 8.34 8.32 8.12 7.75 7.39 7.33 7.29 7.14 6.98 6.84 6.67 6.51 6.40 6.30 6.11 5.99 6.06 6.27 6.54 6.77 6.82 6.67 6.46 6.28 6.16 6.04 5.95 5.99 6.14 6.29 6.39 6.45 6.50
6.87 6.90 6.87 6.88 6.99 7.17 7.44 7.93 8.68 9.42 9.90 10.02 9.78 9.28 8.65 8.07 7.76 7.85 7.99 8.14 8.26 8.24 8.05 7.69 7.35 7.13 7.02 6.97 6.87 6.72 6.52 6.38 6.41 6.47 6.47 6.47 6.52 6.61 6.57 6.29 5.89 5.61 5.67 6.13 6.76 7.15 7.32 7.41 7.54 7.86 8.23 8.47 8.57 8.62 8.63 8.48 8.27 7.93 7.52 7.16 6.84 6.54 6.38 6.31 6.15 5.91 5.82 5.90 6.07 6.27 6.46 6.53 6.48 6.39 6.31 6.23 6.09 5.99 6.03 6.11 6.21 6.31 6.34 6.34
6.89 6.85 6.83 6.96 7.17 7.44 7.84 8.40 9.02 9.33 9.27 8.89 8.32 7.68 7.12 6.73 6.55 6.55 6.60 6.81 7.12 7.29 7.35 7.25 7.15 7.06 6.93 6.73 6.59 6.70 6.92 7.12 7.23 7.20 7.03 6.75 6.55 6.52 6.46 6.32 6.25 6.36 6.63 7.10 7.51 7.67 7.64 7.57 7.51 7.56 7.74 7.99 8.27 8.57 8.83 8.88 8.63 8.22 7.70 7.19 6.80 6.54 6.39 6.19 5.90 5.77 5.89 6.07 6.21 6.27 6.27 6.27 6.29 6.29 6.21 6.10 5.99 5.97 6.02 6.11 6.26 6.40 6.43 6.42
6.75 6.65 6.67 6.94 7.27 7.70 8.24 8.67 8.80 8.52 8.01 7.52 7.06 6.61 6.18 5.86 5.70 5.77 6.00 6.30 6.62 6.96 7.07 6.97 6.97 7.12 7.07 6.83 6.59 6.50 6.53 6.61 6.69 6.76 6.80 6.76 6.67 6.60 6.59 6.71 6.89 7.05 7.28 7.68 7.94 7.90 7.66 7.41 7.23 7.17 7.19 7.31 7.48 7.70 7.98 8.15 8.09 7.85 7.50 7.13 6.81 6.55 6.25 5.94 5.76 5.85 6.10 6.31 6.36 6.23 6.06 6.03 6.09 6.09 6.01 5.87 5.74 5.70 5.79 5.97 6.13 6.20 6.16 6.17
6.67 6.59 6.65 6.89 7.20 7.64 8.08 8.15 7.81 7.25 6.70 6.20 5.81 5.46 5.14 5.00 5.22 5.64 6.04 6.39 6.82 7.19 7.09 6.83 6.99 7.31 7.34 7.24 7.12 6.84 6.46 6.02 5.77 5.82 6.09 6.35 6.51 6.58 6.70 6.90 7.09 7.25 7.51 7.85 7.92 7.68 7.32 7.03 6.89 6.87 6.84 6.79 6.71 6.62 6.55 6.68 6.82 6.89 6.95 6.94 6.80 6.52 6.18 5.93 5.94 6.12 6.33 6.43 6.33 6.06 5.86 5.80 5.81 5.85 5.86 5.76 5.61 5.50 5.56 5.78 5.87 5.75 5.59 5.53
