project/data/elevation/US_DEM2016/US_DEM2016_point_10-31-2019_1904_30m_ang.asc
ncols	125
nrows	167
xllcorner	-2042055.000000
yllcorner	1465035.000000
cellsize	30.000000
NODATA_value	-9999.000000
[rows 47 to 93 of 167, columns 0 to 95 of 125]
337 340 346 351 353 354 356 358 3 8 13 15 16 4 359 359 359 358 358 357 356 354 353 352 352 351 350 347 343 340 341 344 347 348 346 348 355 3 7 9 9 11 10 6 5 4 3 2 2 2 359 350 341 338 339 342 348 355 358 1 5 7 8 7 5 4 2 359 354 350 348 347 345 343 340 337 334 331 329 328 328 329 331 336 342 349 358 6 9 8 8 12 16 18 18 16
336 338 343 349 353 356 357 359 3 9 16 15 8 3 357 357 358 359 359 359 358 356 354 352 351 350 348 344 339 338 341 346 349 350 349 348 352 0 9 15 16 12 7 4 3 4 4 6 6 1 353 343 339 340 343 346 349 354 358 1 4 7 8 7 5 2 357 354 352 351 351 351 350 349 347 345 342 341 338 336 334 331 329 331 338 346 354 2 8 11 14 18 18 16 14 11
337 338 342 347 352 357 360 1 3 10 15 14 6 1 358 356 356 358 360 1 360 358 355 353 351 349 346 340 335 336 341 346 350 354 355 351 351 359 12 22 23 16 9 4 1 3 5 7 4 355 345 341 342 345 349 351 352 354 356 358 1 5 6 5 1 358 355 354 354 354 354 354 354 353 353 352 351 350 349 347 342 336 330 328 333 342 350 358 7 14 19 21 18 12 8 4
335 338 344 347 351 357 1 3 4 9 12 9 4 0 358 357 357 358 1 3 2 360 357 354 352 349 344 337 333 334 339 343 349 356 360 358 356 3 17 26 24 17 10 4 0 359 1 2 357 349 344 343 345 350 355 356 354 353 354 355 357 1 4 2 358 355 354 354 355 356 356 356 356 356 356 356 357 357 357 357 354 347 338 331 330 337 346 356 7 18 23 22 16 9 4 1
333 337 345 349 351 355 1 4 5 7 6 4 2 0 359 358 358 359 2 4 4 2 359 355 352 348 342 335 332 332 336 339 345 355 1 3 4 10 17 20 17 11 7 3 359 356 355 355 353 350 348 348 351 355 359 359 356 354 354 354 355 357 360 360 357 354 354 354 354 354 354 355 356 356 357 359 1 2 2 2 1 357 351 343 337 337 343 354 9 21 24 21 15 11 7 4
333 336 344 349 351 354 359 3 6 4 1 359 360 1 2 2 1 1 3 5 5 4 1 357 351 346 340 336 333 332 333 334 339 349 359 5 10 12 12 11 9 6 3 0 356 352 349 350 352 353 354 355 357 359 2 2 359 357 356 356 355 355 357 358 357 355 352 349 346 344 345 348 351 353 356 359 2 3 3 3 3 1 359 352 349 330 344 353 10 20 20 18 16 14 11 7
335 337 342 346 349 352 356 1 6 4 7 358 358 3 5 6 4 3 4 7 7 5 2 357 351 345 340 337 335 334 333 332 336 343 355 7 12 11 7 6 4 2 360 357 352 347 346 347 352 357 0 2 2 3 5 5 2 0 359 356 355 355 356 358 359 356 351 345 341 338 336 336 340 345 349 354 358 2 1 359 358 359 359 357 355 339 350 355 7 13 14 15 15 11 7 3
340 341 343 345 347 349 352 359 5 4 357 359 359 7 11 11 8 6 6 7 7 5 1 357 352 346 341 339 339 338 338 336 336 340 351 7 13 9 4 3 1 359 356 351 346 343 343 347 353 359 4 7 7 6 8 8 5 1 358 355 354 355 357 0 2 359 353 348 345 343 340 334 329 330 337 343 349 356 358 355 351 347 345 346 350 353 355 358 2 5 7 9 8 4 2 359
344 344 345 347 349 349 350 355 3 4 359 4 3 13 16 18 12 9 7 5 4 2 360 356 352 347 343 340 340 341 342 341 339 340 350 5 11 8 4 1 359 356 352 346 340 339 342 347 354 359 5 9 10 10 11 10 6 0 357 355 355 357 359 3 3 359 354 351 350 349 347 341 332 327 328 331 335 343 349 349 322 337 334 338 325 350 356 358 358 360 2 4 2 0 358 354
345 345 348 351 353 354 353 354 359 2 0 13 17 16 17 15 12 9 5 1 360 359 358 356 353 349 346 343 341 342 344 345 344 344 351 1 6 5 4 1 358 354 348 341 337 337 342 348 353 358 4 10 13 14 15 13 7 1 358 358 359 1 2 2 360 358 356 356 356 355 352 347 345 344 342 331 321 318 341 341 338 335 335 339 334 350 355 356 355 357 359 359 358 357 352 348
342 344 349 354 357 359 359 357 359 1 12 4 9 13 13 11 9 6 2 359 357 356 356 356 353 351 349 346 344 345 347 349 349 351 354 358 1 2 2 1 358 353 345 339 336 338 343 348 352 355 1 9 15 18 18 14 8 4 2 3 3 3 2 359 357 357 359 1 359 356 352 351 353 356 355 350 345 343 341 338 336 336 338 339 349 353 355 355 354 355 356 356 355 351 347 346
337 341 349 356 1 3 2 1 2 3 2 3 6 8 8 7 5 3 1 358 356 355 354 354 353 352 352 348 346 347 349 351 353 356 358 357 357 359 360 359 357 353 345 339 337 339 344 347 349 350 356 7 17 20 19 14 10 8 6 4 2 1 359 358 358 360 2 2 358 354 353 355 0 3 359 352 346 343 340 337 337 339 343 349 353 356 356 355 353 353 354 353 350 346 345 348
333 338 348 355 0 4 5 6 7 6 14 0 2 4 2 1 360 359 358 357 355 354 352 351 352 353 352 349 348 349 351 352 355 358 359 357 356 356 356 357 356 353 347 343 339 340 343 346 345 344 349 2 15 19 17 12 10 8 5 2 359 357 356 356 359 3 4 1 356 354 356 1 5 3 356 349 345 343 340 340 341 343 348 352 356 357 357 354 351 350 350 349 346 344 347 357
332 336 347 354 358 3 7 11 13 11 3 358 357 357 356 356 356 355 354 354 354 351 349 349 351 352 350 348 349 352 355 354 354 356 357 356 355 354 354 354 354 353 350 348 345 343 343 343 341 341 344 354 7 12 11 8 8 6 4 1 357 353 351 354 360 5 6 1 357 357 360 3 2 358 353 349 347 345 345 344 346 350 353 355 346 358 357 354 349 348 347 346 343 345 354 3
331 336 347 354 358 2 8 14 18 16 7 358 354 352 351 351 352 353 353 351 348 346 345 346 349 349 345 343 347 353 357 359 358 356 354 353 353 353 354 354 355 355 354 352 350 348 347 344 343 343 346 351 359 5 4 4 4 3 2 358 354 350 348 351 358 5 6 3 360 359 1 1 358 355 353 351 350 350 350 351 353 355 357 358 359 359 358 352 347 345 344 343 342 347 357 0
331 336 347 354 359 3 8 17 23 21 13 4 357 352 348 347 350 356 356 348 339 336 337 342 346 344 339 338 342 349 356 360 1 360 357 354 352 353 354 356 357 357 355 354 353 353 352 349 347 348 350 353 359 2 1 360 0 359 357 354 350 348 348 351 358 4 5 3 2 2 2 359 357 355 355 354 353 355 357 358 360 1 2 355 1 1 359 351 345 343 342 341 342 349 354 354
336 339 347 354 359 4 10 19 25 24 19 13 7 359 350 344 358 356 357 350 340 331 330 336 340 337 334 334 338 344 350 356 1 3 2 358 355 355 357 358 358 355 353 352 354 355 355 354 352 352 353 356 1 3 0 358 357 355 351 348 347 347 349 354 359 1 1 1 3 4 2 359 357 356 357 357 357 359 1 4 5 6 7 6 351 343 358 350 343 340 339 339 342 347 348 348
341 344 350 355 360 5 12 21 24 23 20 17 13 7 359 350 351 349 354 354 351 344 336 333 334 333 332 334 337 342 345 348 355 2 5 4 0 358 358 358 356 353 349 350 353 356 357 357 356 356 357 359 2 3 359 356 355 351 346 344 345 349 353 358 359 357 356 359 3 3 2 359 357 357 358 0 1 1 3 8 10 11 11 11 9 341 356 348 342 338 337 337 341 344 343 342
343 346 352 357 1 7 15 20 20 19 18 16 13 11 6 359 350 345 349 354 356 354 347 339 334 332 332 335 340 345 345 345 349 357 3 3 1 360 358 357 354 350 348 349 352 355 356 357 359 1 1 1 2 2 358 355 352 347 343 344 348 352 357 359 358 355 353 356 1 2 1 1 359 357 358 2 5 5 5 10 15 17 16 15 10 0 351 345 340 338 336 336 339 341 340 338
343 346 354 359 4 10 15 17 15 14 13 12 13 12 10 4 355 346 344 350 355 355 352 345 338 333 334 338 345 350 350 349 348 352 356 357 357 357 357 355 352 350 348 349 352 354 354 356 0 4 4 3 2 0 357 353 349 344 343 347 353 356 359 1 358 354 352 355 359 1 1 2 3 0 359 4 11 14 13 14 22 27 25 17 5 350 341 339 339 338 337 338 339 341 340 338
342 346 355 1 6 12 14 12 18 8 8 9 11 12 11 7 1 351 345 345 350 353 352 349 342 336 336 340 347 353 355 354 352 352 353 352 352 354 355 354 353 350 349 351 352 352 352 355 359 3 5 5 3 358 354 350 346 344 346 351 356 359 1 1 357 353 352 355 358 0 2 2 4 6 6 9 18 26 18 26 32 350 24 9 352 339 334 334 336 337 338 340 343 345 345 342
342 346 356 3 9 13 13 8 4 3 3 6 8 9 9 8 5 357 348 344 345 348 350 348 343 340 339 342 348 353 357 357 356 355 354 351 350 352 354 354 353 351 352 353 353 351 351 354 357 359 2 4 2 357 350 346 345 346 351 355 357 360 0 358 354 353 355 359 359 359 2 2 4 10 16 20 28 34 37 31 26 21 10 356 343 335 333 333 333 334 336 341 346 349 350 348
341 346 358 6 11 14 13 8 4 1 360 1 3 4 5 6 6 2 354 347 344 345 346 346 344 343 343 345 348 351 354 357 358 358 357 353 351 352 354 353 352 353 354 356 355 353 353 355 358 358 357 358 357 351 348 344 345 352 358 358 358 359 357 355 354 357 1 5 4 1 2 2 3 12 24 30 33 35 29 20 11 4 357 348 340 336 334 334 333 334 338 343 348 352 355 353
342 347 359 7 13 15 14 11 9 5 0 355 355 357 360 2 4 3 359 352 346 344 343 343 344 346 348 349 350 350 350 351 355 358 358 355 352 351 352 352 352 354 357 357 357 356 357 359 358 355 352 351 352 352 350 347 352 360 2 0 1 360 356 354 355 359 4 7 7 4 2 2 5 14 24 28 25 20 13 7 1 355 350 344 340 338 339 339 338 339 343 348 351 355 358 359
343 348 359 8 14 15 13 13 13 11 5 356 349 349 353 356 360 2 360 355 349 346 343 343 346 350 353 354 353 351 348 347 349 353 356 354 351 350 350 351 353 356 358 358 358 359 360 358 355 353 351 351 353 354 356 354 359 3 3 3 4 1 357 355 354 356 1 6 7 5 3 5 9 15 18 17 12 7 2 357 353 350 348 344 342 343 346 347 347 348 350 353 355 358 2 5
345 350 0 9 14 14 12 11 11 11 8 1 352 347 348 351 354 357 358 355 350 347 345 345 348 353 357 358 357 355 352 350 350 351 353 353 350 349 349 351 354 357 359 359 359 360 358 355 353 353 354 355 357 358 356 357 359 2 3 3 3 1 358 355 353 355 0 6 9 8 9 11 15 15 12 8 3 358 353 349 348 348 348 346 345 347 351 355 357 358 359 359 360 2 7 10
347 351 1 9 14 12 10 8 7 7 5 2 357 353 350 349 350 352 354 353 351 348 346 347 351 355 359 1 0 358 355 354 353 354 354 353 350 348 350 353 356 358 359 359 358 357 356 355 354 355 357 360 2 0 357 355 357 359 0 1 1 358 356 354 353 356 3 9 13 15 17 18 16 11 4 360 356 351 346 344 345 347 349 349 350 352 356 1 4 6 7 6 5 7 11 11
348 352 1 9 12 11 8 5 2 0 360 359 359 357 354 350 347 346 348 351 352 350 349 351 354 356 358 1 2 1 358 356 356 356 356 355 351 349 351 354 355 357 357 357 357 356 355 355 355 356 357 1 3 2 358 355 355 355 357 358 357 355 354 354 357 3 9 14 19 22 22 18 12 4 357 353 350 345 342 341 343 346 349 352 356 359 360 1 6 11 13 11 10 11 12 11
349 353 2 8 10 9 6 1 356 354 355 356 357 357 354 349 345 343 345 348 351 352 353 355 356 356 356 0 3 3 1 359 357 357 357 354 351 349 351 353 354 356 356 356 357 357 355 354 354 355 355 357 0 1 358 354 353 353 354 354 353 353 355 0 8 13 14 15 20 22 19 12 4 357 351 348 345 342 341 342 344 345 347 351 359 4 5 2 5 11 15 14 12 13 12 10
348 353 3 7 7 6 1 356 352 351 352 354 355 353 350 346 343 342 343 347 351 353 356 358 359 357 355 357 2 4 4 2 0 358 356 354 351 351 352 354 355 355 355 355 358 359 357 355 354 355 355 355 357 358 356 353 353 353 353 353 352 354 2 12 17 16 12 11 14 15 11 4 357 352 348 346 344 344 345 347 348 345 342 343 351 2 7 7 7 10 13 13 12 12 11 9
345 352 3 7 5 0 356 354 353 353 353 353 352 349 345 343 341 342 344 347 351 355 358 360 1 359 357 356 359 3 5 5 3 360 357 356 355 354 355 355 354 353 354 356 358 360 358 357 355 355 355 356 356 354 352 351 352 353 353 352 354 1 10 15 14 10 7 7 6 5 2 358 353 351 349 348 347 347 351 355 356 353 347 341 342 351 2 8 10 11 12 11 10 11 10 7
341 350 5 7 2 356 355 356 0 357 355 352 348 345 342 341 341 343 346 348 352 355 359 1 2 1 359 355 355 360 4 6 5 3 1 1 1 359 357 356 354 354 355 357 360 1 359 356 353 351 351 351 351 349 348 348 350 351 352 354 360 8 11 9 6 4 3 1 359 358 357 353 351 351 351 351 350 352 355 360 2 1 358 351 346 347 353 3 11 13 12 9 8 9 8 6
341 350 5 7 0 356 356 358 358 357 354 350 346 343 341 341 342 345 348 350 353 357 360 2 4 3 360 354 352 356 1 5 6 5 5 5 5 3 359 358 357 357 358 0 2 2 359 354 350 348 347 347 347 347 347 347 349 352 354 358 6 10 7 3 360 358 356 354 354 355 354 351 350 351 353 354 355 355 357 360 4 5 4 1 355 352 353 359 7 11 9 6 6 7 5 2
345 352 3 4 360 357 356 357 356 354 351 347 343 341 341 342 344 347 350 353 355 359 1 4 6 6 2 355 349 351 355 360 4 6 7 9 7 6 2 2 1 0 0 2 3 3 359 352 347 346 346 347 348 349 349 348 350 356 359 3 7 6 1 357 353 351 350 351 353 353 351 349 349 350 353 356 358 358 356 356 360 5 7 6 3 359 357 359 3 5 5 4 3 3 1 357
352 355 358 359 358 356 355 354 353 350 347 343 341 341 342 344 347 349 352 355 357 360 2 5 8 9 7 359 349 346 345 347 354 2 8 10 8 5 3 2 1 0 360 1 3 3 360 353 348 347 347 347 348 350 351 350 358 357 0 3 3 1 357 352 347 345 346 350 353 353 350 349 348 349 352 356 358 359 358 356 355 359 6 9 9 5 2 1 2 1 1 1 360 358 356 353
357 356 355 356 356 355 353 352 349 346 343 341 340 341 344 347 350 352 354 357 358 1 4 7 9 11 11 6 356 347 341 337 339 349 2 6 5 2 0 359 358 358 359 360 2 2 0 356 351 349 348 347 347 349 351 351 357 355 358 0 0 358 354 348 344 343 347 352 354 352 350 349 349 349 351 354 357 360 0 359 355 354 2 9 11 10 6 3 2 359 359 359 356 353 351 351
357 356 355 355 354 352 351 349 346 343 340 339 340 343 346 349 353 357 359 359 360 3 6 7 8 10 11 8 2 354 347 342 339 342 352 359 1 359 357 355 355 357 358 359 1 2 1 358 354 351 349 348 348 350 352 352 357 354 354 357 357 355 351 346 343 344 349 353 353 352 351 351 350 349 349 351 354 358 1 2 360 355 356 5 11 13 11 7 2 359 358 357 354 351 351 354
354 355 357 356 353 350 348 346 343 340 339 339 341 345 348 351 356 1 5 4 4 6 7 6 5 6 7 5 2 358 354 351 348 346 349 355 357 356 353 353 355 358 359 359 360 0 360 358 356 353 351 350 351 352 353 352 350 350 352 353 353 352 350 346 343 345 348 350 351 352 353 354 353 349 345 343 347 353 357 1 2 359 355 358 7 13 14 11 5 1 360 359 356 354 357 3
352 354 355 355 351 348 346 344 341 339 338 340 343 346 350 355 0 7 11 9 7 6 4 2 0 1 1 1 360 359 358 357 355 352 350 351 352 352 352 354 357 359 358 358 358 358 357 356 357 356 355 354 354 353 353 352 349 349 350 350 351 351 349 347 345 345 346 347 350 353 356 358 358 352 345 340 338 341 347 354 359 359 355 352 0 9 13 13 10 6 3 2 2 1 4 7
351 352 353 352 349 347 345 343 340 338 339 341 344 349 354 360 8 15 15 10 5 1 359 357 356 356 356 358 358 359 0 1 1 357 352 350 348 349 353 358 359 358 357 357 356 354 353 355 357 359 359 359 358 357 355 352 357 347 351 349 350 350 349 346 345 345 345 346 349 353 356 359 0 358 354 349 343 339 339 338 347 354 353 348 351 2 10 13 12 9 6 6 6 6 5 5
350 351 351 349 347 346 345 342 339 338 339 343 347 352 359 7 15 16 12 6 1 357 354 352 352 352 354 357 358 358 358 1 3 1 356 352 347 349 356 0 359 358 357 357 354 350 349 352 356 359 1 1 1 0 358 354 350 348 348 349 350 350 348 346 346 346 346 347 350 352 354 356 359 1 1 359 356 352 349 345 345 349 349 344 345 353 4 9 9 8 7 7 8 6 5 3
348 349 349 347 347 346 344 341 339 339 341 346 351 358 6 14 12 8 6 3 360 356 351 349 349 350 352 356 358 356 355 357 1 3 2 358 354 353 357 1 1 360 359 357 353 348 347 349 353 355 357 359 360 360 358 355 352 349 349 350 350 349 348 347 346 347 347 349 350 351 351 352 356 1 3 4 2 0 358 356 354 353 352 350 349 353 358 1 3 3 5 7 8 6 4 1
347 348 349 348 347 346 343 340 340 342 345 349 356 5 11 8 3 2 2 1 359 355 351 348 348 349 351 353 355 355 354 353 357 2 5 4 360 358 359 1 1 0 359 357 354 350 348 350 350 350 350 351 351 352 352 353 352 349 348 349 349 349 349 347 346 346 348 349 349 349 349 349 352 357 1 4 4 3 3 2 1 359 357 356 357 358 357 356 358 1 4 5 5 4 1 356
346 347 348 348 347 344 341 340 341 345 350 357 6 13 15 3 359 358 358 358 356 354 352 351 351 351 349 349 350 352 352 352 353 359 5 7 5 2 1 1 0 359 359 358 356 353 352 353 352 350 348 347 347 347 349 351 351 348 347 347 348 349 350 348 346 346 348 349 347 348 349 348 349 351 355 359 2 4 5 6 5 3 1 1 3 3 1 358 358 1 3 2 1 359 356 352
346 346 347 346 344 342 340 341 344 351 359 9 17 18 11 2 357 354 352 352 351 352 353 354 354 352 349 347 346 346 347 348 348 352 1 7 8 5 3 0 359 359 359 358 356 355 355 356 355 353 350 348 347 349 351 353 352 349 346 347 349 351 351 348 345 345 346 346 346 347 349 348 348 347 348 352 357 1 3 5 5 4 4 5 6 6 5 3 3 4 3 359 356 354 352 353
346 346 345 344 342 340 340 344 350 360 10 16 17 14 10 4 358 352 349 347 347 349 353 354 354 353 351 349 347 345 345 345 345 346 355 6 10 7 3 359 358 358 357 355 354 355 357 357 356 355 354 352 350 352 354 356 354 350 348 349 351 352 351 348 345 344 345 346 345 347 349 350 350 348 346 346 350 355 359 1 2 4 5 6 7 8 8 8 8 6 3 358 354 351 353 357
345 345 343 341 340 340 342 349 359 9 15 15 12 9 7 3 359 354 350 348 347 349 352 353 353 353 351 351 351 350 350 349 349 349 355 5 9 6 1 358 357 356 354 353 352 354 357 358 357 356 355 356 356 355 355 356 356 354 352 353 354 354 352 348 345 345 346 348 348 348 349 351 353 353 350 344 342 347 351 352 355 0 4 5 6 7 8 9 9 6 3 359 354 353 356 359
