project/data/elevation/US_DEM2016/US_DEM2016_point_10-30-2019_0326_30m_ang.asc
ncols	125
nrows	167
xllcorner	-2042055.000000
yllcorner	1465035.000000
cellsize	30.000000
NODATA_value	-9999.000000
[rows 106 to 158 of 167, columns 0 to 95 of 125]
90 90 91 91 90 90 90 96 94 89 82 79 77 78 82 88 95 100 100 99 97 96 95 95 94 90 86 85 85 85 85 86 86 87 88 91 95 104 113 102 95 94 96 96 96 93 88 84 80 79 77 76 79 85 91 96 103 114 126 123 112 102 96 93 92 90 87 84 82 83 88 95 104 109 104 94 87 83 82 82 83 84 88 91 93 93 93 91 90 88 86 88 93 96 96 95
90 91 92 91 87 82 81 83 83 80 78 78 81 85 89 92 93 93 94 94 95 97 97 96 94 92 90 90 89 88 87 86 86 86 86 88 90 94 99 98 96 96 96 96 95 93 90 85 81 76 73 74 80 88 93 97 103 113 124 125 115 105 99 95 94 92 89 85 83 82 85 91 99 105 103 95 88 84 82 80 80 81 85 88 91 92 93 93 92 92 94 98 101 101 99 95
91 91 91 89 84 77 75 76 77 79 83 86 89 93 95 95 93 91 91 93 95 97 98 96 93 91 90 90 91 90 89 88 88 88 87 88 89 88 87 97 100 99 96 93 93 93 92 88 81 75 73 76 82 88 91 94 99 109 119 124 118 109 102 97 94 92 90 88 85 83 84 88 93 97 98 94 90 85 82 81 82 85 87 87 89 91 92 93 93 95 99 102 101 100 97 93
91 91 90 88 84 81 80 81 83 87 91 95 98 98 97 96 94 93 94 94 96 97 97 94 91 89 89 89 88 88 88 88 88 89 89 90 89 86 86 98 99 96 93 91 91 93 93 90 83 78 77 79 83 85 87 90 95 103 111 119 120 112 104 98 94 92 90 89 88 86 85 86 89 91 93 93 90 86 83 83 85 88 90 89 88 89 91 92 93 95 99 101 99 96 93 91
90 90 89 89 87 86 87 89 92 95 99 101 101 99 96 94 94 95 95 95 96 97 96 93 89 88 89 89 86 85 85 85 85 86 88 90 89 85 85 92 92 90 90 91 92 93 93 90 86 83 82 83 83 83 84 87 92 97 104 112 118 112 104 99 94 90 89 90 90 89 87 86 87 88 90 92 89 86 83 84 86 88 90 89 87 87 88 89 91 93 97 101 99 95 92 91
89 89 90 91 91 90 91 95 100 102 102 101 100 97 95 92 92 94 94 95 95 96 96 92 88 87 89 89 87 86 86 86 86 86 86 87 86 83 80 84 87 88 91 93 94 94 93 91 89 87 87 86 86 85 84 85 88 92 97 104 112 112 106 99 93 88 88 90 91 91 88 85 86 87 89 91 90 86 84 84 86 89 90 89 88 87 87 88 89 91 95 99 99 96 93 91
90 90 91 94 96 98 98 101 104 104 102 99 97 95 93 90 90 92 93 94 94 95 96 93 88 87 87 86 86 87 88 90 91 90 88 87 85 82 79 84 88 91 93 95 96 95 93 91 89 89 89 89 88 87 86 86 86 88 91 97 106 110 105 98 92 88 89 90 91 90 87 86 86 87 88 90 90 87 85 85 87 90 91 91 91 89 88 89 90 90 90 92 94 93 91 90
90 91 92 95 101 105 105 104 103 102 100 97 95 93 89 87 87 90 92 92 93 95 96 93 90 89 87 85 84 84 85 88 91 92 91 88 86 84 84 89 91 93 94 96 97 96 92 90 89 89 89 90 89 88 88 88 87 88 91 95 100 104 100 95 91 90 90 91 90 89 87 87 86 86 87 88 88 87 86 86 88 89 91 93 93 92 91 91 91 90 88 87 87 87 87 90
90 91 92 95 102 109 107 103 100 98 96 94 91 88 85 85 88 91 93 93 94 94 94 95 95 93 89 86 84 83 82 82 85 89 89 88 86 85 86 91 93 94 95 95 96 95 92 90 89 88 88 88 87 86 87 88 88 89 93 96 98 100 97 93 92 92 92 91 90 88 87 86 86 85 86 86 86 85 86 87 87 88 90 91 92 92 93 92 92 91 89 86 85 85 87 89
90 91 91 94 100 108 107 101 95 91 89 87 86 84 85 88 92 96 97 97 95 92 91 97 101 97 92 87 86 86 84 82 81 82 84 84 84 83 86 93 96 96 95 94 92 92 92 91 90 90 89 88 85 83 82 83 85 89 93 96 98 101 100 96 93 93 92 90 89 88 87 86 86 85 84 85 84 84 85 86 85 85 86 87 88 91 93 93 93 92 90 89 89 89 89 89
90 90 91 93 98 105 106 99 91 84 82 82 83 86 90 95 98 100 101 100 94 88 87 94 102 102 94 89 87 89 88 85 82 80 80 83 85 87 93 98 99 98 96 93 89 88 90 92 94 94 93 90 86 82 80 79 81 85 90 93 96 101 104 100 96 94 92 89 87 87 88 88 87 85 84 84 84 84 85 84 84 84 84 84 87 92 94 93 94 93 93 93 94 93 91 90
90 91 92 93 95 100 101 96 90 85 83 85 88 93 97 99 100 99 98 96 91 86 84 88 97 102 98 90 88 88 90 90 86 83 82 84 88 94 99 100 99 98 97 93 89 86 87 92 98 100 97 93 88 84 81 80 81 83 86 89 92 98 104 103 98 94 90 87 86 86 87 87 87 86 84 83 84 85 85 84 84 84 84 85 88 92 93 93 94 95 94 95 96 95 93 92
90 91 92 93 94 95 95 93 91 91 93 94 97 99 100 99 98 96 94 92 90 87 85 85 90 97 97 91 87 86 88 93 93 88 85 84 87 92 97 98 98 98 97 95 91 86 84 90 100 103 100 95 90 86 84 83 84 84 84 85 89 94 100 102 98 93 89 87 86 86 86 86 86 86 84 84 85 86 86 87 86 86 86 88 89 90 91 92 93 94 95 96 97 97 95 92
90 91 92 93 93 93 92 91 92 96 99 101 102 101 99 96 94 94 93 92 91 90 88 87 88 92 97 93 88 85 85 90 94 94 89 86 86 89 93 96 97 98 98 96 91 85 83 86 96 103 101 97 93 89 87 85 86 86 85 85 87 91 94 96 94 89 87 88 88 87 86 85 85 85 85 87 88 88 89 89 88 87 88 89 89 88 89 90 90 91 95 97 99 98 96 93
91 92 93 94 94 93 92 91 93 98 102 104 103 101 98 95 93 93 91 89 89 90 89 89 89 91 97 96 90 85 84 85 90 94 93 89 88 90 94 97 97 98 97 95 89 84 83 85 91 100 102 99 96 93 90 86 85 85 86 87 87 88 88 87 87 87 88 89 89 88 87 86 85 84 85 88 89 89 90 90 89 88 88 88 88 88 89 89 89 89 91 95 98 99 98 95
92 93 94 95 94 95 96 95 95 98 102 103 102 100 97 94 92 90 86 84 86 89 90 90 89 90 96 98 93 88 85 84 85 89 91 90 89 91 96 99 98 98 96 92 86 84 84 84 88 96 102 103 101 98 93 88 85 84 85 86 86 85 84 84 86 89 90 90 89 88 87 86 85 83 84 86 88 90 91 90 88 87 87 87 86 87 89 90 89 88 89 91 95 99 100 98
92 93 95 95 95 97 102 104 100 99 100 101 101 100 97 93 90 87 85 86 88 90 90 89 88 89 95 100 97 91 86 85 85 86 87 87 88 92 98 101 101 99 96 89 84 84 85 85 87 93 100 105 105 102 96 90 86 84 84 84 84 84 84 87 91 93 92 91 89 87 86 86 84 83 83 85 89 92 91 89 88 87 88 88 87 87 89 90 90 89 89 91 94 98 101 99
91 92 95 96 96 98 104 112 108 102 98 98 99 100 96 91 88 88 91 93 93 91 89 88 87 88 92 100 100 92 88 86 85 86 86 87 89 93 91 105 103 100 93 85 83 85 86 85 86 89 95 101 105 104 99 93 88 86 85 84 84 84 84 88 91 93 93 91 90 88 85 85 84 83 84 88 91 92 90 87 86 87 88 89 90 90 90 90 91 91 91 92 94 97 100 99
90 91 94 96 97 98 103 111 112 105 98 96 97 96 93 91 92 93 95 95 93 90 90 89 88 87 88 94 98 94 88 86 85 87 89 91 91 93 100 106 102 95 86 80 81 85 86 86 86 87 90 94 98 100 100 95 90 87 85 84 84 83 83 86 91 93 93 92 90 88 86 84 83 83 84 88 90 89 87 86 86 86 87 88 90 91 91 91 91 92 92 93 94 96 96 95
90 91 93 95 97 98 101 108 111 107 92 96 95 94 94 96 97 94 91 89 89 91 92 92 91 88 86 89 94 94 88 85 85 87 90 92 92 93 98 102 97 87 79 77 80 83 86 86 86 87 89 91 92 95 97 97 93 88 86 86 85 85 86 91 94 95 94 92 90 88 86 84 82 81 82 85 88 88 87 86 85 84 85 88 90 90 89 90 92 93 94 95 95 96 94 92
91 91 92 94 96 98 100 104 108 107 103 98 94 93 96 97 94 90 86 85 89 93 95 95 93 90 89 89 91 92 89 86 84 85 88 89 90 91 94 94 89 83 81 82 82 83 85 86 86 87 88 90 91 93 95 98 95 90 87 87 88 90 94 97 97 95 94 91 89 88 85 82 80 79 79 81 84 87 89 86 83 83 85 89 90 89 88 91 94 96 97 97 98 98 96 94
91 91 92 93 95 97 99 101 105 108 91 101 94 91 90 90 87 85 84 88 91 94 95 95 93 92 92 91 91 92 91 87 84 83 84 86 88 89 89 89 89 89 89 88 87 86 86 86 86 85 86 87 90 93 95 97 97 94 89 88 90 93 97 98 96 93 93 92 91 87 83 80 78 77 76 76 78 82 86 86 85 86 88 89 88 85 87 92 97 99 99 99 99 101 101 99
90 91 91 91 93 96 98 99 104 85 107 101 93 86 84 84 84 86 90 94 95 95 93 91 91 92 92 91 91 93 93 88 84 83 84 86 89 90 91 94 97 97 94 91 91 90 89 87 84 83 84 86 88 91 93 94 96 97 92 90 91 93 95 95 92 92 93 94 91 86 81 80 78 75 75 77 78 79 82 85 88 89 89 88 84 83 88 94 98 100 99 98 98 101 103 101
90 90 90 90 92 95 97 98 100 84 105 99 90 85 85 87 89 92 96 98 99 95 91 88 89 91 90 90 90 92 92 90 86 84 85 87 90 92 94 97 99 97 94 94 94 94 93 89 85 83 83 84 87 89 90 91 93 96 95 91 90 91 91 91 91 93 95 94 90 85 83 81 76 72 74 78 82 82 83 85 88 89 88 85 83 85 91 94 96 97 97 96 96 98 101 102
90 90 90 92 93 95 96 96 96 98 100 98 94 92 92 94 96 97 97 97 97 94 89 87 88 89 89 88 88 88 90 89 87 86 85 86 89 92 94 95 95 92 93 95 98 98 96 91 86 83 82 84 86 87 88 89 90 92 93 91 89 89 89 89 92 96 96 92 88 84 82 77 73 72 75 78 82 85 86 87 88 88 87 85 86 90 92 93 94 95 95 94 94 96 99 103
90 91 92 94 94 93 94 94 93 94 97 101 103 101 98 97 98 98 95 93 90 89 88 88 89 90 90 89 88 88 88 89 88 86 84 84 86 91 94 94 92 92 95 98 99 99 96 91 86 83 82 84 86 86 87 88 89 90 91 91 90 89 89 90 94 96 95 90 86 82 77 72 72 75 78 79 80 83 87 89 90 90 89 89 90 92 92 91 91 93 95 95 94 95 98 102
90 91 92 94 95 93 91 91 92 93 96 102 108 106 102 98 97 96 92 87 84 85 88 89 90 91 93 93 92 92 92 91 90 87 84 82 84 88 92 94 97 98 98 99 99 99 95 90 86 84 84 85 85 85 86 88 89 90 91 91 90 90 90 92 93 93 91 88 84 78 74 72 74 77 80 82 82 83 86 90 94 94 93 92 91 92 91 89 89 92 94 95 95 96 97 101
90 90 90 92 94 94 91 90 91 93 95 100 106 108 104 100 97 93 87 83 83 86 89 90 90 92 94 95 95 95 96 95 92 88 84 82 83 85 89 94 100 102 99 98 98 96 91 87 86 86 87 86 85 84 85 87 89 90 91 91 91 92 93 93 91 90 88 85 80 75 72 73 77 79 81 83 85 87 88 92 95 95 94 92 91 89 88 87 87 90 94 97 98 98 98 101
90 90 90 91 92 94 93 91 90 92 93 95 98 103 105 102 97 90 85 85 86 88 90 90 90 91 94 96 96 96 97 97 95 91 87 85 84 83 84 89 97 101 100 98 95 92 88 86 87 89 89 87 84 83 83 86 88 89 90 90 91 83 95 94 91 88 85 81 76 72 72 74 77 80 83 85 87 90 92 93 93 92 91 91 89 87 85 85 86 89 93 98 100 99 99 100
91 92 92 91 90 92 94 92 90 90 90 90 91 97 103 103 97 91 89 89 89 90 90 90 90 90 93 96 97 98 98 98 97 94 91 89 86 83 82 84 90 98 101 98 93 89 88 88 90 92 92 89 85 82 82 84 86 88 88 88 88 89 92 93 91 88 85 81 75 72 72 73 76 80 85 88 91 94 96 95 91 88 87 87 86 85 84 84 86 89 92 96 98 97 96 97
92 93 94 93 91 92 93 94 91 88 87 88 90 94 99 101 99 96 94 92 91 91 91 90 89 89 91 94 97 100 101 100 98 97 95 92 89 86 83 83 85 93 99 97 92 89 89 90 92 94 94 90 86 83 82 84 85 86 86 86 86 87 89 91 91 89 86 82 77 74 73 74 77 81 85 90 94 97 98 96 89 84 82 82 82 83 83 84 86 89 91 93 96 96 94 93
91 92 94 94 94 93 94 96 93 90 89 90 92 94 95 97 99 98 94 92 92 92 92 91 89 88 88 91 96 100 103 103 101 99 97 94 91 88 86 84 84 88 91 91 89 89 90 92 95 96 94 90 87 85 83 83 83 83 83 85 87 88 88 89 90 89 87 83 78 76 76 78 80 83 86 90 94 98 98 95 89 83 80 79 80 82 83 83 85 88 90 93 95 96 94 92
90 90 91 92 93 93 95 98 98 95 93 94 95 94 93 94 95 95 93 92 93 94 93 91 89 87 86 88 92 97 101 103 102 99 97 95 93 90 88 86 84 83 83 86 88 89 91 95 97 96 93 90 88 85 84 83 82 81 83 85 87 88 88 88 88 88 87 83 80 79 81 84 86 88 90 91 93 95 96 95 90 85 81 79 81 82 82 82 84 85 89 94 96 96 95 94
88 88 88 89 90 91 93 97 100 101 98 97 96 94 92 91 91 91 92 93 94 94 94 92 90 88 87 86 88 92 96 100 101 100 97 95 93 91 88 84 81 79 82 87 90 92 95 97 97 95 92 90 87 85 83 83 82 83 85 88 88 88 88 88 87 86 86 85 84 84 87 91 94 94 94 93 92 92 94 95 95 89 84 82 84 83 82 82 83 84 87 92 94 95 94 94
88 87 87 89 90 91 92 94 98 102 102 98 96 94 92 90 88 90 93 94 95 95 94 93 91 89 88 87 87 89 92 95 98 99 97 94 91 89 85 80 78 81 86 92 94 96 98 99 97 94 91 89 87 84 84 85 86 87 89 90 89 89 89 89 88 87 87 87 89 91 95 97 98 96 95 93 91 91 92 96 98 94 89 87 87 86 85 85 84 85 86 87 90 92 93 92
88 89 90 92 93 92 91 92 95 99 102 100 97 94 92 89 86 89 93 95 96 96 94 92 91 91 90 89 88 88 90 92 94 96 96 92 89 85 81 78 81 87 92 95 97 99 99 98 96 93 91 88 86 84 85 87 89 90 90 90 90 90 89 89 90 90 89 89 91 95 98 99 97 94 92 90 89 90 92 95 98 97 93 89 88 89 91 90 88 87 85 84 85 89 91 92
90 90 92 94 95 93 91 91 93 96 98 98 97 95 91 86 86 90 94 97 98 97 94 92 91 91 92 91 90 89 89 90 91 93 92 89 84 80 78 82 88 93 96 97 97 98 98 97 96 93 90 87 85 85 86 88 89 89 88 88 89 89 90 92 93 93 92 91 92 95 96 96 94 91 89 89 89 90 91 94 98 98 95 90 87 88 92 95 93 88 85 84 84 86 88 90
91 91 92 94 97 96 93 91 91 92 94 95 95 93 90 86 88 92 96 98 98 96 93 91 90 91 91 92 91 90 89 89 90 90 88 83 78 77 82 89 95 97 97 97 96 96 96 96 95 93 90 86 84 85 87 87 87 86 85 85 87 89 92 95 96 95 94 93 94 95 93 92 91 89 89 91 92 91 91 92 96 99 95 90 87 86 88 94 95 90 85 84 84 85 86 88
91 91 91 92 94 97 97 94 92 91 92 93 93 93 92 92 93 96 98 99 98 95 93 91 90 90 90 90 90 89 88 88 89 88 84 79 78 81 88 94 98 98 98 96 96 96 96 95 94 92 89 86 85 86 87 86 84 82 81 82 86 90 93 96 97 96 94 94 96 95 92 91 89 88 89 94 96 93 91 90 94 97 96 93 89 86 85 88 92 91 86 84 83 85 87 88
90 91 91 91 91 94 97 97 95 93 93 94 94 94 95 97 98 98 97 96 95 93 92 92 92 91 90 90 90 89 87 87 87 86 83 80 82 86 91 94 97 98 97 95 95 96 96 94 93 91 89 86 85 87 87 85 83 80 79 81 85 89 92 94 96 95 94 93 93 92 92 90 88 87 91 96 99 97 92 89 90 94 97 96 92 88 84 83 87 90 88 85 83 85 88 89
89 89 88 89 89 91 94 96 97 95 94 94 94 95 96 98 97 95 92 90 90 90 92 95 95 93 92 92 92 91 88 86 86 85 84 83 86 88 90 92 95 97 97 95 95 97 97 95 93 91 88 85 85 88 88 87 84 82 80 82 84 86 89 92 94 94 93 92 91 92 92 91 89 90 94 97 99 98 92 88 88 92 97 97 94 89 84 81 83 87 89 85 83 84 86 88
87 85 84 85 87 89 92 95 97 96 94 93 94 95 95 94 92 88 86 87 88 90 93 96 97 97 94 93 94 93 90 87 85 84 84 84 86 87 88 90 92 96 98 98 97 97 97 96 94 91 86 83 85 89 90 89 87 85 83 83 83 84 87 90 92 93 94 95 96 97 95 92 93 96 98 97 97 96 92 88 87 91 98 97 93 89 84 82 82 85 87 85 83 83 85 87
86 83 81 82 85 88 91 94 96 96 95 95 95 95 94 91 88 87 88 88 89 91 94 95 96 97 96 93 93 93 92 89 86 84 83 84 87 88 89 89 90 93 98 101 99 97 96 96 94 89 84 83 88 91 92 91 89 87 85 84 83 83 86 90 92 93 96 101 103 101 96 94 97 100 100 96 93 93 93 90 88 90 97 97 92 87 85 84 83 84 85 84 83 83 84 86
86 83 81 81 84 87 90 92 94 97 98 97 96 96 94 91 91 92 91 89 88 90 93 94 95 95 94 91 89 90 92 91 88 85 84 86 89 91 91 89 88 89 94 98 99 96 94 93 91 85 82 86 90 93 94 93 91 88 86 85 84 84 85 88 92 94 97 102 104 101 97 98 101 101 99 95 92 92 93 92 89 89 93 95 90 87 87 86 85 83 83 83 82 82 84 86
87 85 82 81 83 87 89 91 93 96 97 97 97 96 96 96 95 94 90 86 86 88 91 93 93 92 90 87 85 87 90 92 91 89 88 90 93 93 92 90 87 87 89 93 96 96 93 91 88 83 82 87 91 94 95 94 93 90 87 86 85 85 85 87 91 94 97 100 101 101 101 102 102 100 97 95 92 91 92 93 90 88 89 92 91 89 89 88 86 84 82 82 82 82 83 86
88 86 83 82 83 87 91 93 93 94 95 95 96 98 101 101 98 94 89 88 88 89 90 91 90 88 85 84 84 86 89 92 93 93 93 94 94 93 92 90 88 86 86 88 93 96 94 91 87 83 84 88 91 92 93 93 92 90 88 87 86 86 86 86 88 91 94 97 101 104 104 102 98 96 95 95 94 92 92 92 90 88 87 89 91 91 91 90 87 84 82 82 83 84 84 85
89 88 86 85 85 86 88 90 90 90 91 94 96 99 104 105 101 97 96 95 93 91 90 89 87 85 84 85 86 88 89 90 92 94 95 94 93 93 93 91 89 86 85 87 91 96 95 91 87 84 87 90 90 90 91 91 91 90 88 88 88 87 86 84 84 88 93 97 101 105 104 100 95 93 94 95 95 93 92 91 90 88 87 87 90 92 92 91 88 85 82 82 84 85 85 85
90 90 90 90 88 84 82 82 83 85 90 95 98 98 101 105 104 103 102 100 96 93 91 88 86 85 86 87 88 89 89 90 91 92 93 92 92 93 93 92 90 88 87 88 91 95 96 91 87 87 91 92 91 90 90 90 91 90 89 90 89 87 84 81 81 87 93 97 101 104 102 99 95 93 93 93 94 93 92 91 90 89 87 87 90 93 93 91 89 86 83 82 84 85 84 84
90 92 93 93 89 84 80 78 79 83 88 94 97 97 99 103 106 106 103 100 96 94 92 89 87 87 88 88 89 89 89 89 90 92 93 93 93 93 93 93 91 89 88 89 90 93 92 88 86 89 93 93 92 91 89 90 91 92 91 91 89 87 83 80 82 87 93 97 100 101 100 98 97 95 94 93 93 92 91 90 88 88 88 89 91 92 92 91 88 84 82 82 83 84 84 85
92 94 95 93 89 85 82 79 79 81 84 89 93 96 97 100 105 105 102 99 97 94 92 89 88 88 88 89 88 88 88 89 90 91 94 96 94 92 92 91 90 90 89 89 89 88 85 83 86 91 95 95 93 92 90 89 91 93 93 91 90 88 84 82 84 87 91 95 98 99 98 97 98 97 95 93 92 91 89 88 87 88 88 90 91 91 90 88 86 83 81 83 85 85 85 85
94 95 94 91 89 87 86 83 81 81 81 83 87 93 95 97 101 104 102 100 98 95 91 89 88 88 89 89 88 87 87 88 90 92 94 96 96 93 91 89 89 89 90 89 88 85 82 84 88 92 95 96 95 93 91 90 91 92 93 92 91 89 87 86 87 87 89 92 95 96 96 96 97 97 95 92 91 90 89 88 88 88 89 89 90 89 88 87 85 84 83 86 88 88 87 84
93 94 93 91 90 89 88 87 85 83 81 80 82 88 94 96 98 100 101 100 98 94 91 89 88 89 89 89 89 88 87 87 89 91 93 96 96 95 92 89 88 88 89 89 87 86 86 88 90 92 94 95 95 94 93 92 92 92 93 93 92 90 90 91 90 89 88 89 91 93 95 95 96 95 93 91 90 89 89 90 90 89 88 88 89 89 87 86 85 85 86 89 90 90 87 84
91 92 92 90 89 89 89 89 88 86 83 80 79 83 90 94 95 96 98 98 96 92 90 90 89 89 89 90 90 89 88 87 88 90 92 94 96 95 92 89 88 88 88 88 88 88 88 90 91 92 92 92 92 94 95 94 93 93 94 94 92 91 92 93 93 91 88 86 87 91 94 95 94 93 91 89 88 88 89 91 91 89 88 88 89 89 87 86 86 86 88 89 89 88 87 85
