project/data/elevation/US_DEM2016/US_DEM2016_point_10-31-2019_0349_30m_vel.asc
ncols	125
nrows	167
xllcorner	-2042055.000000
yllcorner	1465035.000000
cellsize	30.000000
NODATA_value	-9999.000000
[rows 114 to 151 of 167, columns 0 to 83 of 125]
3.08 3.08 3.10 3.14 3.23 3.35 3.34 3.11 2.79 2.49 2.22 1.99 1.87 1.83 1.93 2.15 2.47 2.81 3.10 3.30 3.38 3.29 3.11 3.09 3.30 3.52 3.71 3.86 3.91 3.87 3.77 3.52 3.10 2.77 2.68 2.76 2.93 3.12 3.26 3.35 3.44 3.55 3.60 3.55 3.36 3.17 3.14 3.18 3.22 3.31 3.42 3.46 3.44 3.28 2.96 2.72 2.67 2.77 2.92 3.02 3.04 3.00 2.94 2.88 2.87 2.89 2.93 2.92 2.87 2.81 2.77 2.75 2.75 2.74 2.70 2.66 2.65 2.66 2.75 2.87 2.79 2.49 2.22 2.07
3.15 3.17 3.18 3.17 3.15 3.10 2.92 2.62 2.34 2.11 1.92 1.81 1.74 1.83 2.15 2.62 3.06 3.40 3.65 3.73 3.58 3.28 2.89 2.72 2.83 3.00 3.22 3.48 3.64 3.75 3.90 3.99 3.84 3.38 2.91 2.79 2.98 3.25 3.42 3.51 3.58 3.62 3.61 3.50 3.27 2.97 2.80 2.84 2.96 3.14 3.40 3.60 3.71 3.65 3.35 2.88 2.58 2.53 2.61 2.75 2.87 2.97 3.03 3.05 3.06 3.02 2.95 2.89 2.83 2.77 2.76 2.78 2.80 2.77 2.70 2.66 2.68 2.74 2.83 2.93 2.86 2.57 2.30 2.11
3.19 3.21 3.21 3.16 3.06 2.88 2.64 2.42 2.39 2.45 2.50 2.50 2.59 2.84 3.22 3.63 3.92 4.01 3.93 3.73 3.50 3.28 2.95 2.54 2.38 2.40 2.66 3.06 3.29 3.36 3.51 3.80 4.03 3.97 3.67 3.46 3.45 3.53 3.57 3.56 3.53 3.48 3.44 3.39 3.29 3.06 2.76 2.67 2.80 3.02 3.28 3.57 3.81 3.95 3.91 3.68 3.35 3.05 2.85 2.81 2.85 2.90 2.93 2.98 3.03 3.02 2.96 2.90 2.83 2.71 2.65 2.67 2.72 2.74 2.72 2.72 2.76 2.83 2.95 3.13 3.17 2.98 2.81 2.72
3.17 3.15 3.13 3.08 2.97 2.80 2.63 2.56 2.65 2.85 3.09 3.36 3.66 3.95 4.14 4.20 4.12 3.92 3.66 3.39 3.25 3.30 3.27 2.91 2.47 2.29 2.38 2.73 2.98 2.98 2.91 3.09 3.54 3.93 4.04 3.92 3.72 3.53 3.40 3.30 3.23 3.22 3.24 3.27 3.32 3.25 2.94 2.66 2.68 2.86 3.02 3.24 3.56 3.86 4.05 4.08 4.01 3.83 3.54 3.25 3.08 2.95 2.86 2.80 2.80 2.82 2.83 2.84 2.81 2.72 2.62 2.59 2.63 2.70 2.76 2.81 2.87 2.94 3.06 3.30 3.50 3.53 3.47 3.45
3.11 3.06 3.01 2.99 2.94 2.87 2.81 2.79 2.80 2.92 3.21 3.62 3.98 4.15 4.13 3.91 3.56 3.27 3.11 2.96 2.94 3.11 3.31 3.26 2.94 2.63 2.52 2.60 2.85 2.89 2.65 2.53 2.76 3.29 3.64 3.68 3.52 3.32 3.18 3.10 3.07 3.10 3.12 3.13 3.20 3.30 3.15 2.75 2.58 2.61 2.69 2.84 3.11 3.46 3.76 3.91 3.96 3.97 3.88 3.64 3.34 3.07 2.84 2.66 2.54 2.50 2.52 2.64 2.78 2.83 2.79 2.74 2.72 2.75 2.81 2.88 2.96 3.03 3.15 3.35 3.55 3.68 3.70 3.65
3.05 2.99 2.95 2.95 2.95 2.95 2.97 2.95 2.94 3.04 3.32 3.60 3.73 3.67 3.48 3.23 3.02 2.85 2.71 2.62 2.61 2.69 2.89 3.05 3.00 2.81 2.66 2.67 2.90 3.09 2.95 2.59 2.44 2.60 2.97 3.20 3.24 3.18 3.15 3.14 3.12 3.10 3.04 2.99 3.05 3.23 3.27 2.97 2.63 2.48 2.46 2.58 2.82 3.15 3.48 3.65 3.66 3.63 3.63 3.59 3.40 3.12 2.86 2.62 2.43 2.34 2.42 2.62 2.84 2.98 3.02 2.99 2.93 2.86 2.83 2.85 2.90 2.97 3.06 3.18 3.32 3.38 3.34 3.25
3.02 2.98 2.95 2.95 2.95 3.00 3.07 3.09 3.13 3.29 3.48 3.52 3.40 3.21 3.01 2.87 2.79 2.69 2.57 2.47 2.41 2.40 2.51 2.69 2.75 2.68 2.65 2.73 2.93 3.19 3.27 3.01 2.62 2.44 2.51 2.76 2.95 3.04 3.13 3.17 3.15 3.10 2.99 2.90 2.93 3.08 3.22 3.09 2.73 2.47 2.38 2.47 2.70 2.98 3.28 3.48 3.47 3.33 3.25 3.25 3.22 3.07 2.91 2.75 2.64 2.65 2.77 2.89 2.98 3.05 3.07 3.08 3.03 2.93 2.81 2.74 2.72 2.78 2.87 2.97 3.09 3.10 3.01 2.90
3.04 3.02 2.98 2.95 2.94 3.01 3.13 3.24 3.37 3.51 3.52 3.38 3.21 3.06 2.94 2.85 2.74 2.64 2.61 2.62 2.64 2.65 2.69 2.71 2.69 2.63 2.65 2.72 2.83 3.06 3.27 3.28 3.05 2.75 2.56 2.58 2.74 2.89 3.01 3.07 3.08 3.05 2.94 2.83 2.77 2.82 2.98 2.98 2.70 2.41 2.32 2.36 2.51 2.69 2.92 3.19 3.32 3.24 3.10 3.03 3.03 3.01 2.98 2.98 3.01 3.07 3.09 3.09 3.08 3.05 3.01 3.00 3.01 2.96 2.85 2.73 2.68 2.72 2.80 2.87 2.94 2.95 2.87 2.81
3.07 3.04 2.97 2.92 2.92 2.98 3.11 3.31 3.54 3.60 3.46 3.25 3.08 2.96 2.86 2.77 2.69 2.70 2.82 2.96 3.02 3.01 2.94 2.87 2.79 2.70 2.64 2.63 2.68 2.90 3.14 3.25 3.19 3.02 2.85 2.77 2.80 2.86 2.89 2.93 2.94 2.88 2.73 2.59 2.48 2.50 2.69 2.80 2.64 2.34 2.15 2.08 2.09 2.20 2.41 2.74 3.04 3.15 3.10 3.03 3.01 3.00 3.01 3.03 3.03 3.03 3.04 3.08 3.13 3.15 3.08 3.01 2.99 2.95 2.85 2.78 2.74 2.72 2.70 2.71 2.75 2.72 2.64 2.61
3.01 2.95 2.87 2.86 2.90 2.97 3.06 3.20 3.34 3.34 3.20 3.02 2.85 2.68 2.55 2.55 2.66 2.80 2.88 2.89 2.85 2.81 2.83 2.91 2.97 2.92 2.72 2.56 2.56 2.73 2.96 3.08 3.03 2.96 2.96 2.98 2.98 2.91 2.98 2.82 2.73 2.50 2.29 2.21 2.16 2.22 2.43 2.65 2.61 2.34 2.05 1.84 1.72 1.74 1.93 2.26 2.64 2.90 2.97 2.96 2.97 2.99 2.99 2.95 2.89 2.88 2.93 3.01 3.11 3.20 3.20 3.11 3.01 2.89 2.74 2.66 2.58 2.49 2.43 2.49 2.59 2.57 2.44 2.34
3.01 2.96 2.90 2.88 2.90 2.94 2.97 2.98 2.92 2.82 2.75 2.70 2.56 2.38 2.31 2.44 2.59 2.63 2.53 2.38 2.34 2.43 2.61 2.83 3.02 3.10 2.98 2.74 2.59 2.60 2.83 3.00 2.98 2.90 2.89 2.91 2.90 2.84 2.74 2.66 2.45 2.20 2.13 2.18 2.22 2.23 2.34 2.56 2.63 2.49 2.28 2.08 1.88 1.75 1.78 2.00 2.34 2.61 2.75 2.83 2.92 2.99 3.04 3.08 3.10 3.10 3.07 3.03 3.02 3.06 3.13 3.12 3.00 2.80 2.62 2.49 2.37 2.31 2.33 2.45 2.59 2.57 2.38 2.18
3.12 3.15 3.10 2.98 2.88 2.84 2.80 2.73 2.62 2.51 2.69 2.51 2.43 2.29 2.28 2.32 2.26 2.19 2.11 2.06 2.11 2.31 2.56 2.78 2.97 3.11 3.15 3.00 2.78 2.67 2.78 2.99 3.03 2.88 2.70 2.60 2.58 2.59 2.56 2.45 2.30 2.30 2.49 2.69 2.77 2.72 2.68 2.74 2.80 2.74 2.60 2.45 2.30 2.15 2.06 2.08 2.23 2.51 2.73 2.85 2.93 2.99 3.07 3.19 3.23 3.17 3.07 2.99 2.96 2.95 2.97 2.99 2.93 2.76 2.59 2.42 2.29 2.25 2.31 2.48 2.65 2.65 2.47 2.28
3.15 3.17 3.11 2.92 2.75 2.68 2.65 2.57 2.50 2.49 2.49 2.43 2.35 2.26 2.15 2.01 1.90 1.92 2.02 2.13 2.28 2.45 2.63 2.78 2.88 2.95 3.03 3.04 2.92 2.78 2.78 2.96 3.04 2.87 2.58 2.43 2.44 2.51 2.54 2.51 2.55 2.75 2.99 3.13 3.23 3.28 3.26 3.21 3.13 2.99 2.79 2.57 2.44 2.39 2.34 2.27 2.31 2.55 2.80 2.90 2.89 2.90 2.94 2.96 2.89 2.81 2.78 2.83 2.93 2.99 2.97 2.94 2.88 2.75 2.61 2.45 2.27 2.11 2.08 2.25 2.57 2.75 2.71 2.59
2.97 2.88 2.72 2.61 2.55 2.56 2.56 2.52 2.48 2.46 2.66 2.21 2.20 2.20 2.09 1.97 1.98 2.12 2.34 2.60 2.80 2.87 2.82 2.71 2.63 2.65 2.73 2.81 2.81 2.75 2.76 2.93 3.09 3.05 2.81 2.65 2.66 2.73 2.77 2.81 2.89 2.99 3.06 3.13 3.28 3.47 3.63 3.68 3.60 3.39 3.13 2.87 2.65 2.52 2.46 2.40 2.42 2.56 2.75 2.84 2.79 2.75 2.73 2.64 2.56 2.57 2.65 2.78 2.94 3.05 3.03 2.95 2.85 2.73 2.63 2.57 2.47 2.28 2.09 2.10 2.44 2.80 2.93 2.82
2.79 2.59 2.37 2.35 2.42 2.51 2.55 2.51 2.43 2.85 2.21 2.10 2.18 2.34 2.43 2.47 2.59 2.78 3.02 3.22 3.30 3.21 2.96 2.68 2.50 2.48 2.52 2.56 2.59 2.60 2.66 2.83 3.09 3.22 3.16 3.05 2.99 2.95 2.93 2.90 2.87 2.83 2.91 3.07 3.28 3.52 3.75 3.95 4.03 3.91 3.66 3.38 3.10 2.85 2.67 2.56 2.48 2.48 2.60 2.74 2.72 2.67 2.62 2.56 2.55 2.65 2.76 2.83 2.86 2.89 2.90 2.87 2.80 2.71 2.64 2.64 2.70 2.72 2.59 2.45 2.55 2.79 2.92 2.85
2.93 2.73 2.52 2.54 2.61 2.63 2.60 2.54 2.46 2.84 2.29 2.30 2.45 2.68 2.91 3.10 3.28 3.40 3.43 3.38 3.25 3.08 2.92 2.76 2.60 2.52 2.51 2.53 2.56 2.58 2.60 2.71 2.98 3.20 3.24 3.14 3.01 2.92 2.87 2.79 2.72 2.74 2.90 3.10 3.31 3.52 3.69 3.88 4.06 4.10 3.91 3.59 3.29 3.06 2.89 2.75 2.60 2.47 2.49 2.64 2.72 2.71 2.69 2.68 2.72 2.79 2.80 2.72 2.63 2.60 2.65 2.70 2.73 2.74 2.71 2.63 2.62 2.77 2.92 2.94 2.89 2.89 2.90 2.91
3.16 3.08 3.01 3.06 3.05 2.91 2.71 2.61 2.58 2.54 2.50 2.56 2.73 2.94 3.14 3.29 3.37 3.34 3.23 3.03 2.78 2.59 2.61 2.67 2.63 2.59 2.61 2.69 2.77 2.79 2.76 2.78 2.96 3.17 3.22 3.04 2.85 2.77 2.79 2.79 2.82 2.91 3.05 3.18 3.28 3.34 3.38 3.45 3.63 3.80 3.76 3.55 3.34 3.17 3.04 2.92 2.80 2.68 2.59 2.65 2.76 2.80 2.81 2.83 2.85 2.82 2.71 2.57 2.49 2.51 2.59 2.67 2.73 2.78 2.84 2.80 2.67 2.60 2.74 2.96 3.11 3.19 3.29 3.43
3.23 3.23 3.26 3.28 3.24 3.10 2.89 2.72 2.67 2.66 2.67 2.72 2.82 2.94 3.04 3.06 2.99 2.88 2.76 2.57 2.34 2.22 2.29 2.47 2.57 2.62 2.70 2.84 2.95 3.02 3.06 3.12 3.22 3.35 3.42 3.29 3.04 2.87 2.84 2.93 3.08 3.22 3.29 3.26 3.17 3.04 2.94 2.96 3.14 3.43 3.59 3.55 3.44 3.30 3.14 3.02 2.95 2.89 2.80 2.78 2.82 2.87 2.92 2.93 2.89 2.75 2.59 2.50 2.53 2.61 2.71 2.79 2.82 2.81 2.82 2.89 2.92 2.82 2.74 2.86 3.15 3.50 3.79 3.98
3.21 3.24 3.26 3.21 3.18 3.19 3.12 2.95 2.82 2.79 2.77 2.73 2.70 2.70 2.71 2.73 2.70 2.58 2.44 2.33 2.25 2.24 2.34 2.49 2.58 2.64 2.72 2.83 2.95 3.07 3.22 3.37 3.50 3.62 3.72 3.69 3.47 3.19 3.01 3.05 3.20 3.30 3.27 3.16 2.99 2.80 2.67 2.68 2.86 3.20 3.49 3.58 3.52 3.38 3.23 3.12 3.05 3.00 2.94 2.87 2.87 2.91 2.95 2.95 2.88 2.73 2.56 2.51 2.59 2.72 2.83 2.88 2.90 2.89 2.83 2.82 2.95 3.12 3.17 3.20 3.35 3.58 3.78 3.84
3.22 3.31 3.40 3.37 3.31 3.29 3.30 3.26 3.13 2.99 2.85 2.68 2.52 2.44 2.48 2.57 2.59 2.52 2.47 2.52 2.60 2.66 2.69 2.71 2.73 2.72 2.74 2.82 2.93 3.05 3.16 3.29 3.44 3.64 3.84 3.96 3.91 3.67 3.34 3.17 3.15 3.13 3.09 3.03 2.89 2.73 2.65 2.66 2.80 3.08 3.41 3.60 3.64 3.54 3.40 3.26 3.13 3.03 2.95 2.89 2.85 2.85 2.86 2.86 2.85 2.78 2.69 2.67 2.73 2.85 2.94 2.95 2.92 2.91 2.91 2.92 2.99 3.20 3.47 3.61 3.60 3.49 3.36 3.30
3.26 3.42 3.64 3.64 3.51 3.35 3.33 3.37 3.33 3.12 2.87 2.65 2.49 2.42 2.46 2.49 2.49 2.54 2.68 2.85 2.98 2.99 2.95 2.93 2.91 2.87 2.84 2.86 2.94 3.05 3.12 3.14 3.21 3.43 3.76 4.05 4.22 4.17 3.88 3.48 3.21 3.05 3.00 2.93 2.80 2.70 2.69 2.75 2.87 3.09 3.37 3.62 3.77 3.74 3.58 3.39 3.21 3.06 2.94 2.90 2.86 3.07 2.77 2.78 2.82 2.84 2.87 2.92 2.99 3.06 3.10 3.11 3.04 2.95 2.96 3.09 3.25 3.42 3.68 3.88 3.81 3.51 3.17 2.97
3.21 3.33 3.51 3.59 3.54 3.37 3.25 3.22 3.19 3.05 2.86 2.71 2.63 2.57 2.50 2.39 2.40 2.57 2.80 2.93 2.98 2.99 3.00 3.02 3.02 2.98 2.89 2.85 2.89 2.99 3.09 3.11 3.14 3.30 3.58 3.88 4.14 4.28 4.23 3.90 3.42 3.07 2.82 2.65 2.58 2.60 2.69 2.80 2.93 3.12 3.35 3.59 3.78 3.83 3.72 3.52 3.30 3.12 2.98 2.96 2.97 2.94 2.86 2.81 2.85 2.93 3.01 3.09 3.19 3.26 3.31 3.33 3.30 3.21 3.13 3.22 3.50 3.83 4.07 4.14 4.05 3.82 3.45 3.09
3.04 2.99 2.95 3.04 3.15 3.14 3.03 2.96 2.98 2.99 2.97 2.95 2.95 2.87 2.67 2.46 2.41 2.53 2.64 2.71 2.79 2.89 2.98 3.05 3.06 3.01 2.88 2.78 2.77 2.84 2.93 3.03 3.13 3.21 3.30 3.43 3.61 3.82 3.95 3.85 3.45 2.96 2.56 2.37 2.40 2.51 2.64 2.76 2.93 3.13 3.31 3.48 3.65 3.77 3.77 3.62 3.41 3.20 3.05 3.03 3.07 3.08 3.00 2.91 2.89 2.97 3.08 3.17 3.28 3.40 3.52 3.64 3.71 3.72 3.68 3.69 3.85 4.08 4.20 4.18 4.18 4.19 3.99 3.62
2.86 2.68 2.38 2.27 2.34 2.49 2.60 2.72 2.90 3.09 3.24 3.34 3.36 3.22 2.95 2.66 2.49 2.42 2.39 2.44 2.62 2.81 2.94 3.03 3.08 3.07 2.96 2.79 2.67 2.65 2.67 2.73 2.82 2.89 2.88 2.90 2.99 3.11 3.22 3.23 3.08 2.78 2.50 2.38 2.44 2.55 2.65 2.77 2.98 3.16 3.26 3.35 3.48 3.62 3.71 3.67 3.52 3.34 3.19 3.15 3.17 3.17 3.11 3.03 2.96 3.00 3.12 3.24 3.36 3.50 3.71 3.95 4.18 4.38 4.49 4.49 4.41 4.30 4.14 4.04 4.17 4.45 4.58 4.45
2.78 2.53 2.11 1.92 1.89 2.02 2.27 2.51 2.77 3.06 3.30 3.40 3.36 3.21 3.00 2.76 2.56 2.44 2.41 2.50 2.65 2.78 2.88 2.99 3.09 3.16 3.14 2.97 2.74 2.59 2.51 2.45 2.43 2.45 2.46 2.46 2.49 2.55 2.62 2.68 2.71 2.68 2.61 2.60 2.69 2.81 2.92 3.07 3.21 3.24 3.24 3.30 3.40 3.51 3.62 3.67 3.64 3.58 3.52 3.47 3.38 3.28 3.20 3.13 3.09 3.11 3.18 3.29 3.43 3.61 3.86 4.16 4.50 4.78 4.93 4.90 4.70 4.39 4.08 3.99 4.19 4.58 4.95 5.10
2.89 2.65 2.26 2.11 2.13 2.23 2.39 2.51 2.62 2.80 3.00 3.09 3.01 2.89 2.81 2.72 2.63 2.58 2.60 2.71 2.81 2.88 2.91 2.98 3.07 3.17 3.25 3.23 3.07 2.82 2.61 2.45 2.34 2.28 2.23 2.20 2.17 2.21 2.32 2.46 2.58 2.67 2.76 2.88 3.02 3.16 3.31 3.40 3.38 3.29 3.25 3.29 3.37 3.45 3.55 3.65 3.71 3.75 3.76 3.69 3.51 3.31 3.18 3.15 3.20 3.25 3.27 3.32 3.45 3.68 3.96 4.21 4.42 4.56 4.61 4.56 4.40 4.14 3.94 3.92 4.09 4.41 4.82 5.15
3.19 3.04 2.86 2.84 2.87 2.85 2.77 2.69 2.65 2.67 2.71 2.74 2.69 2.64 2.64 2.67 2.69 2.70 2.74 2.84 2.92 3.00 3.01 3.01 3.03 3.10 3.22 3.31 3.30 3.14 2.86 2.62 2.43 2.26 2.12 2.07 2.05 2.10 2.24 2.42 2.59 2.76 2.94 3.11 3.23 3.33 3.39 3.38 3.29 3.20 3.17 3.20 3.26 3.32 3.40 3.50 3.58 3.61 3.56 3.42 3.25 3.14 3.08 3.10 3.17 3.26 3.30 3.31 3.39 3.60 3.82 3.94 3.94 3.88 3.82 3.79 3.76 3.72 3.69 3.70 3.75 3.91 4.28 4.66
3.39 3.40 3.47 3.55 3.59 3.49 3.24 3.05 2.93 2.81 2.65 2.52 2.48 2.52 2.60 2.69 2.76 2.80 2.87 2.96 3.04 3.08 3.05 3.00 2.98 3.01 3.10 3.21 3.27 3.22 3.04 2.78 2.54 2.30 2.12 2.08 2.14 2.21 2.32 2.48 2.70 2.97 3.20 3.31 3.33 3.31 3.26 3.18 3.08 3.03 3.04 3.03 3.04 3.11 3.21 3.28 3.29 3.27 3.16 3.00 2.94 2.95 2.98 3.03 3.07 3.13 3.20 3.24 3.29 3.37 3.44 3.40 3.30 3.21 3.16 3.18 3.29 3.41 3.47 3.47 3.47 3.56 3.78 4.05
3.34 3.43 3.55 3.60 3.66 3.70 3.68 3.53 3.31 3.03 2.74 2.52 2.45 2.53 2.67 2.80 2.89 2.96 3.03 3.06 3.06 3.01 2.94 2.89 2.89 2.91 2.97 3.04 3.08 3.08 3.02 2.86 2.67 2.46 2.30 2.27 2.34 2.41 2.50 2.67 2.98 3.26 3.40 3.40 3.31 3.21 3.14 3.05 2.96 2.92 2.92 2.91 2.90 2.98 3.09 3.13 3.05 2.94 2.83 2.74 2.74 2.81 2.89 2.92 2.92 2.96 3.04 3.14 3.23 3.27 3.21 3.07 2.99 2.97 3.00 3.09 3.27 3.42 3.47 3.44 3.46 3.51 3.59 3.76
3.20 3.28 3.36 3.33 3.30 3.36 3.52 3.55 3.39 3.12 2.87 2.69 2.62 2.67 2.80 2.94 3.06 3.12 3.11 3.02 2.89 2.79 2.75 2.78 2.82 2.85 2.86 2.85 2.88 2.94 2.95 2.89 2.78 2.66 2.56 2.55 2.61 2.68 2.78 3.00 3.24 3.34 3.28 3.18 3.11 3.08 3.07 3.01 2.93 2.87 2.88 2.90 2.92 2.97 3.04 3.08 2.99 2.79 2.62 2.55 2.58 2.68 2.76 2.77 2.76 2.82 2.94 3.06 3.18 3.24 3.20 3.13 3.08 3.07 3.10 3.22 3.45 3.63 3.70 3.65 3.60 3.57 3.58 3.74
3.13 3.19 3.28 3.26 3.11 2.95 2.93 3.01 3.07 3.03 2.91 2.81 2.77 2.79 2.88 2.99 3.08 3.09 2.99 2.82 2.66 2.58 2.60 2.70 2.81 2.88 2.89 2.88 2.91 2.97 2.99 2.94 2.86 2.79 2.77 2.81 2.91 3.02 3.11 3.18 3.18 3.08 2.95 2.89 2.92 2.99 3.05 3.01 2.92 2.85 2.86 2.90 2.91 2.93 3.01 3.12 3.15 3.03 2.83 2.70 2.65 2.66 2.67 2.68 2.71 2.81 2.93 3.04 3.09 3.10 3.14 3.20 3.19 3.14 3.14 3.29 3.56 3.79 3.89 3.85 3.71 3.61 3.59 3.72
3.11 3.14 3.16 3.11 2.97 2.70 2.49 2.45 2.57 2.71 2.77 2.77 2.78 2.81 2.85 2.89 2.89 2.81 2.66 2.51 2.41 2.39 2.46 2.63 2.83 2.97 3.06 3.08 3.11 3.12 3.10 3.01 2.91 2.86 2.87 2.95 3.07 3.18 3.17 3.05 2.90 2.79 2.78 2.84 2.92 2.97 2.99 2.97 2.90 2.84 2.83 2.83 2.80 2.84 2.98 3.19 3.37 3.42 3.31 3.16 3.00 2.81 2.70 2.69 2.74 2.84 2.96 3.06 3.08 3.08 3.14 3.23 3.25 3.26 3.34 3.55 3.74 3.83 3.87 3.83 3.70 3.60 3.58 3.60
3.10 3.05 2.87 2.59 2.41 2.28 2.20 2.20 2.28 2.42 2.57 2.69 2.75 2.78 2.79 2.77 2.68 2.57 2.48 2.43 2.42 2.45 2.55 2.70 2.83 2.96 3.09 3.14 3.13 3.11 3.11 3.06 2.98 2.92 2.92 2.97 3.04 3.09 3.05 2.92 2.78 2.72 2.79 2.91 2.97 2.94 2.87 2.83 2.81 2.81 2.78 2.73 2.72 2.82 2.99 3.19 3.41 3.58 3.63 3.58 3.40 3.08 2.84 2.78 2.81 2.90 3.02 3.14 3.23 3.30 3.33 3.33 3.38 3.53 3.75 3.90 3.89 3.77 3.73 3.74 3.67 3.60 3.55 3.43
3.01 2.95 2.77 2.39 2.06 2.01 2.10 2.20 2.29 2.42 2.57 2.69 2.73 2.75 2.78 2.77 2.73 2.73 2.80 2.85 2.85 2.85 2.86 2.84 2.80 2.81 2.90 2.94 2.86 2.81 2.91 3.00 3.01 2.97 2.97 3.01 3.05 3.09 3.11 3.07 2.93 2.80 2.80 2.88 2.90 2.84 2.75 2.68 2.65 2.66 2.65 2.67 2.73 2.85 2.98 3.14 3.33 3.53 3.66 3.70 3.63 3.42 3.13 3.00 2.99 3.00 3.05 3.16 3.27 3.33 3.32 3.31 3.44 3.70 3.92 3.91 3.73 3.53 3.50 3.61 3.65 3.56 3.43 3.28
2.97 2.96 3.01 2.86 2.55 2.37 2.32 2.30 2.33 2.45 2.59 2.67 2.70 2.75 2.83 2.90 2.97 3.08 3.17 3.17 3.07 2.96 2.89 2.82 2.72 2.64 2.63 2.60 2.50 2.45 2.55 2.75 2.92 3.00 3.04 3.08 3.15 3.25 3.33 3.32 3.17 2.94 2.77 2.72 2.72 2.71 2.67 2.59 2.54 2.52 2.55 2.65 2.77 2.86 2.92 3.05 3.23 3.41 3.53 3.61 3.68 3.66 3.49 3.27 3.12 3.04 3.01 3.02 3.04 3.03 3.07 3.25 3.51 3.73 3.72 3.53 3.31 3.18 3.15 3.27 3.40 3.33 3.14 3.04
3.03 3.08 3.25 3.26 3.05 2.83 2.65 2.53 2.46 2.47 2.51 2.57 2.66 2.77 2.91 3.04 3.15 3.21 3.16 3.05 2.94 2.84 2.80 2.79 2.74 2.60 2.44 2.34 2.30 2.30 2.36 2.54 2.79 2.99 3.11 3.18 3.26 3.34 3.39 3.37 3.28 3.06 2.79 2.60 2.54 2.60 2.65 2.59 2.52 2.53 2.59 2.69 2.76 2.79 2.81 2.91 3.07 3.25 3.38 3.47 3.57 3.64 3.57 3.33 3.09 2.97 2.90 2.86 2.83 2.87 3.04 3.33 3.55 3.52 3.29 3.05 2.95 2.91 2.87 2.88 3.00 3.04 2.86 2.71
3.08 3.14 3.31 3.41 3.26 3.06 3.00 2.98 2.91 2.73 2.57 2.54 2.65 2.81 2.98 3.10 3.18 3.17 3.13 3.13 3.19 3.21 3.14 3.04 2.91 2.72 2.52 2.43 2.44 2.48 2.50 2.57 2.74 2.94 3.10 3.21 3.26 3.25 3.22 3.21 3.21 3.12 2.90 2.65 2.54 2.57 2.63 2.61 2.59 2.63 2.70 2.74 2.74 2.73 2.72 2.77 2.88 3.03 3.17 3.30 3.40 3.48 3.46 3.26 2.99 2.85 2.79 2.79 2.84 2.96 3.16 3.31 3.25 3.00 2.79 2.71 2.75 2.79 2.78 2.74 2.80 2.88 2.77 2.58
3.04 3.08 3.24 3.50 3.59 3.48 3.37 3.26 3.05 2.77 2.55 2.55 2.68 2.83 2.95 3.04 3.10 3.18 3.34 3.59 3.79 3.83 3.70 3.48 3.23 3.03 2.88 2.83 2.85 2.85 2.80 2.75 2.77 2.86 2.97 3.02 3.02 3.01 3.01 3.04 3.12 3.16 3.06 2.87 2.72 2.65 2.58 2.60 2.65 2.69 2.75 2.80 2.80 2.76 2.73 2.73 2.77 2.85 2.98 3.14 3.26 3.32 3.33 3.18 2.90 2.73 2.72 2.79 2.89 2.99 3.06 3.00 2.79 2.61 2.53 2.54 2.61 2.71 2.75 2.74 2.74 2.77 2.70 2.56
