project/data/elevation/US_DEM2016/US_DEM2016_point_10-31-2019_2307_30m_vel.asc
ncols	125
nrows	167
xllcorner	-2042055.000000
yllcorner	1465035.000000
cellsize	30.000000
NODATA_value	-9999.000000
[rows 0 to 37 of 167, columns 0 to 83 of 125]
2.10 2.13 2.26 2.36 2.31 2.26 2.31 2.46 2.63 2.80 3.02 3.16 2.92 2.68 2.83 3.13 3.40 3.31 2.69 2.11 1.98 2.23 2.61 2.87 3.03 3.12 2.99 2.46 1.85 1.54 1.52 1.62 1.69 1.71 1.64 1.58 1.62 1.66 1.65 1.62 1.59 1.59 1.63 1.70 1.74 1.72 1.65 1.65 1.76 2.02 2.39 2.78 3.11 3.38 3.41 3.35 3.26 3.02 2.84 2.71 2.59 2.41 2.26 2.28 2.34 2.39 2.42 2.41 2.33 2.31 2.34 2.39 2.40 2.38 2.37 2.37 2.32 2.25 2.39 2.64 2.64 2.25 2.05 2.40
2.10 2.13 2.26 2.36 2.31 2.26 2.31 2.46 2.63 2.80 3.02 3.16 2.92 2.68 2.83 3.13 3.40 3.31 2.69 2.11 1.98 2.23 2.61 2.87 3.03 3.12 2.99 2.46 1.85 1.54 1.52 1.62 1.69 1.71 1.64 1.58 1.62 1.66 1.65 1.62 1.59 1.59 1.63 1.70 1.74 1.72 1.65 1.65 1.76 2.02 2.39 2.78 3.11 3.38 3.41 3.35 3.26 3.02 2.84 2.71 2.59 2.41 2.26 2.28 2.34 2.39 2.42 2.41 2.33 2.31 2.34 2.39 2.40 2.38 2.37 2.37 2.32 2.25 2.39 2.64 2.64 2.25 2.05 2.40
2.05 2.14 2.33 2.40 2.33 2.35 2.44 2.58 2.70 2.77 2.83 2.82 2.64 2.60 2.81 2.95 2.98 2.82 2.37 1.97 2.05 2.45 2.77 2.82 2.76 2.67 2.33 1.78 1.39 1.30 1.42 1.58 1.70 1.74 1.66 1.56 1.58 1.63 1.61 1.57 1.55 1.57 1.60 1.71 1.81 1.78 1.70 1.71 1.91 2.29 2.67 2.88 2.97 3.05 3.06 2.98 2.85 2.71 2.58 2.48 2.38 2.24 2.20 2.27 2.33 2.33 2.31 2.28 2.30 2.33 2.38 2.40 2.36 2.30 2.26 2.25 2.21 2.25 2.45 2.59 2.33 1.98 2.06 2.59
2.09 2.28 2.51 2.51 2.44 2.48 2.59 2.67 2.70 2.67 2.56 2.31 2.15 2.26 2.66 2.68 2.35 2.05 1.82 1.79 2.21 2.78 2.94 2.65 2.25 1.83 1.28 0.88 0.79 1.01 1.30 1.54 1.73 1.81 1.75 1.64 1.64 1.66 1.58 1.49 1.53 1.60 1.67 1.82 1.98 1.96 1.89 1.96 2.26 2.72 3.03 2.99 2.75 2.54 2.43 2.28 2.12 2.09 2.09 2.09 2.10 2.11 2.13 2.17 2.18 2.18 2.14 2.13 2.19 2.28 2.32 2.28 2.18 2.08 2.05 2.07 2.11 2.24 2.42 2.39 1.97 1.81 2.21 2.85
2.30 2.48 2.67 2.59 2.49 2.52 2.58 2.60 2.57 2.53 2.41 2.10 1.82 1.89 2.41 2.53 2.08 1.65 1.56 1.78 2.39 2.88 2.84 2.35 1.76 1.20 0.73 0.54 0.65 0.97 1.31 1.60 1.83 1.92 1.87 1.78 1.77 1.79 1.67 1.57 1.66 1.76 1.84 2.01 2.13 2.10 2.03 2.15 2.50 2.93 3.12 2.95 2.59 2.25 2.00 1.74 1.60 1.63 1.73 1.84 1.93 1.99 2.01 1.97 1.97 2.00 2.01 2.04 2.08 2.08 2.04 1.95 1.85 1.82 1.87 1.99 2.10 2.19 2.27 2.20 1.98 2.01 2.42 2.88
2.49 2.59 2.69 2.61 2.48 2.47 2.50 2.42 2.40 2.42 2.33 2.02 1.68 1.75 2.30 2.51 2.07 1.58 1.56 1.87 2.45 2.76 2.55 1.93 1.28 0.79 0.53 0.52 0.72 1.06 1.43 1.76 1.96 1.97 1.88 1.83 1.87 1.91 1.83 1.74 1.77 1.85 1.93 2.09 2.20 2.14 2.09 2.28 2.64 3.01 3.12 2.87 2.46 2.02 1.67 1.46 1.46 1.58 1.68 1.72 1.76 1.77 1.72 1.67 1.75 1.87 1.95 1.98 1.99 1.93 1.83 1.72 1.64 1.69 1.82 1.97 2.08 2.15 2.21 2.18 2.13 2.23 2.51 2.73
2.66 2.71 2.69 2.58 2.45 2.37 2.29 2.20 2.19 2.26 2.25 2.01 1.68 1.80 2.34 2.52 2.12 1.64 1.57 1.80 2.31 2.53 2.19 1.52 0.95 0.62 0.52 0.62 0.87 1.22 1.59 1.89 2.00 1.95 1.88 1.91 1.99 2.02 1.94 1.84 1.82 1.88 1.97 2.09 2.16 2.07 2.04 2.27 2.72 3.08 3.15 2.83 2.29 1.85 1.62 1.54 1.65 1.75 1.74 1.65 1.60 1.57 1.50 1.49 1.63 1.82 1.95 1.99 1.96 1.86 1.76 1.67 1.65 1.75 1.89 2.01 2.08 2.17 2.26 2.27 2.25 2.35 2.47 2.45
2.79 2.79 2.69 2.50 2.35 2.18 2.02 1.95 2.07 2.21 2.21 2.00 1.81 1.97 2.40 2.48 2.08 1.58 1.40 1.59 2.13 2.30 1.90 1.26 0.78 0.56 0.58 0.77 1.05 1.37 1.70 1.94 2.03 2.01 2.02 2.11 2.16 2.13 2.04 1.94 1.89 1.92 2.00 2.03 1.99 1.94 1.99 2.28 2.82 3.28 3.26 2.81 2.21 1.83 1.71 1.74 1.79 1.76 1.60 1.43 1.37 1.40 1.43 1.49 1.64 1.85 2.01 2.06 1.97 1.81 1.70 1.69 1.73 1.83 1.97 2.05 2.12 2.26 2.37 2.34 2.31 2.35 2.34 2.19
2.93 2.84 2.63 2.37 2.16 1.99 1.83 1.87 2.11 2.24 2.20 2.08 2.03 2.15 2.34 2.34 1.95 1.40 1.17 1.46 2.05 2.13 1.64 1.05 0.66 0.58 0.73 0.99 1.26 1.51 1.80 2.03 2.18 2.30 2.39 2.40 2.32 2.22 2.14 2.05 1.98 1.99 2.05 2.02 1.91 1.90 2.08 2.51 3.12 3.49 3.34 2.72 2.08 1.73 1.62 1.61 1.56 1.40 1.18 1.09 1.18 1.34 1.46 1.52 1.67 1.94 2.18 2.19 1.97 1.70 1.60 1.68 1.80 1.94 2.07 2.15 2.27 2.45 2.50 2.39 2.30 2.30 2.24 2.31
3.01 2.87 2.49 2.19 1.98 1.85 1.79 1.98 2.27 2.36 2.27 2.22 2.23 2.24 2.20 2.11 1.75 1.22 1.11 1.53 2.06 1.96 1.37 0.87 0.66 0.73 0.93 1.19 1.44 1.71 2.01 2.26 2.51 2.66 2.61 2.42 2.25 2.16 2.12 2.06 2.02 2.06 2.13 2.13 2.03 2.04 2.27 2.81 3.38 3.55 3.21 2.45 1.82 1.43 1.32 1.32 1.24 1.02 0.90 0.99 1.19 1.40 1.52 1.56 1.72 2.09 2.39 2.32 1.94 1.55 1.49 1.71 1.98 2.18 2.29 2.37 2.54 2.71 2.66 2.47 2.33 2.30 2.30 2.20
3.19 2.88 2.36 2.07 1.91 1.86 1.98 2.31 2.53 2.49 2.37 2.33 2.31 2.19 2.02 1.85 1.56 1.23 1.28 1.73 2.04 1.76 1.18 0.83 0.81 0.95 1.13 1.37 1.68 2.01 2.30 2.56 2.75 2.71 2.37 2.01 1.93 2.03 2.07 2.02 2.00 2.05 2.12 2.15 2.12 2.14 2.38 3.02 3.51 3.46 2.87 2.11 1.54 1.22 1.11 1.10 1.04 0.90 0.90 1.08 1.31 1.53 1.67 1.70 1.86 2.27 2.51 2.30 1.85 1.48 1.50 1.90 2.32 2.52 2.59 2.67 2.81 2.84 2.65 2.42 2.33 2.34 2.33 2.23
3.35 2.96 2.38 2.10 2.02 2.09 2.35 2.61 2.68 2.52 2.39 2.35 2.29 2.09 1.86 1.72 1.55 1.42 1.54 1.87 1.96 1.58 1.07 0.89 1.01 1.18 1.38 1.69 2.05 2.33 2.49 2.63 2.63 2.35 1.84 1.58 1.76 1.98 1.98 1.91 1.91 1.97 2.07 2.16 2.13 2.14 2.47 3.17 3.52 3.25 2.49 1.85 1.40 1.09 0.94 0.92 0.94 0.92 1.01 1.22 1.48 1.76 1.94 1.97 2.09 2.36 2.47 2.21 1.83 1.61 1.68 2.16 2.61 2.78 2.80 2.80 2.77 2.61 2.26 2.08 2.10 2.15 2.13 2.02
3.34 3.03 2.54 2.27 2.23 2.35 2.56 2.64 2.54 2.36 2.27 2.24 2.17 1.97 1.82 1.75 1.66 1.60 1.67 1.84 1.78 1.34 0.96 0.98 1.19 1.40 1.67 1.98 2.20 2.31 2.35 2.32 2.16 1.80 1.47 1.52 1.82 1.91 1.78 1.76 1.81 1.88 2.03 2.13 2.13 2.20 2.56 3.21 3.39 2.90 2.17 1.64 1.22 0.94 0.85 0.89 0.95 0.99 1.13 1.40 1.74 2.06 2.22 2.23 2.24 2.33 2.36 2.17 1.93 1.80 1.92 2.41 2.85 2.91 2.75 2.55 2.33 2.02 1.77 1.79 1.95 2.02 2.00 1.88
3.25 3.08 2.72 2.47 2.37 2.42 2.48 2.42 2.21 2.05 2.03 2.03 1.96 1.84 1.81 1.80 1.72 1.62 1.61 1.66 1.50 1.07 0.91 1.09 1.30 1.48 1.72 1.88 1.91 1.90 1.88 1.80 1.70 1.52 1.44 1.64 1.80 1.72 1.62 1.69 1.74 1.80 1.94 2.00 2.06 2.27 2.67 3.10 3.13 2.57 1.90 1.36 1.01 0.92 0.96 1.06 1.05 1.05 1.26 1.62 2.01 2.32 2.41 2.37 2.31 2.32 2.32 2.21 2.06 1.97 2.16 2.67 2.93 2.73 2.32 1.97 1.76 1.62 1.60 1.81 2.06 2.14 2.09 1.90
3.22 3.11 2.73 2.45 2.31 2.32 2.29 2.09 1.87 1.80 1.84 1.84 1.75 1.67 1.69 1.72 1.64 1.50 1.45 1.39 1.17 0.93 0.99 1.19 1.28 1.37 1.50 1.55 1.55 1.57 1.54 1.54 1.60 1.58 1.60 1.71 1.74 1.66 1.65 1.73 1.75 1.77 1.85 1.92 2.07 2.44 2.78 2.95 2.79 2.31 1.65 1.12 0.94 1.08 1.29 1.33 1.15 1.13 1.44 1.85 2.23 2.50 2.57 2.53 2.48 2.45 2.39 2.26 2.13 2.13 2.42 2.78 2.70 2.17 1.72 1.59 1.60 1.55 1.63 1.96 2.31 2.42 2.27 2.06
3.36 3.12 2.57 2.19 2.00 2.02 2.07 1.94 1.79 1.78 1.84 1.78 1.63 1.53 1.58 1.59 1.44 1.32 1.23 1.09 0.97 0.99 1.13 1.22 1.23 1.24 1.33 1.43 1.50 1.54 1.52 1.55 1.68 1.76 1.77 1.82 1.84 1.79 1.78 1.83 1.85 1.87 1.94 2.08 2.33 2.71 2.86 2.76 2.45 1.99 1.45 1.08 1.12 1.46 1.67 1.54 1.23 1.26 1.69 2.15 2.49 2.72 2.76 2.71 2.69 2.65 2.52 2.34 2.22 2.32 2.59 2.61 2.13 1.61 1.50 1.65 1.73 1.67 1.78 2.17 2.56 2.63 2.43 2.34
3.47 3.07 2.36 1.88 1.64 1.78 1.98 1.96 1.86 1.92 1.96 1.86 1.72 1.65 1.65 1.53 1.26 1.11 1.03 0.97 1.01 1.12 1.19 1.22 1.22 1.25 1.38 1.52 1.61 1.67 1.67 1.67 1.78 1.88 1.92 1.98 2.05 2.00 1.95 1.98 2.07 2.18 2.31 2.49 2.72 2.87 2.76 2.43 2.12 1.83 1.43 1.25 1.47 1.81 1.93 1.67 1.36 1.55 2.10 2.57 2.88 3.02 2.97 2.86 2.80 2.72 2.59 2.42 2.33 2.39 2.47 2.21 1.66 1.49 1.71 1.93 1.90 1.80 1.95 2.37 2.72 2.77 2.68 2.69
3.30 2.92 2.13 1.57 1.46 1.73 2.03 2.12 2.14 2.22 2.23 2.14 2.06 1.93 1.77 1.49 1.16 0.97 0.93 1.00 1.09 1.12 1.16 1.24 1.31 1.40 1.55 1.67 1.72 1.78 1.82 1.81 1.89 2.02 2.07 2.15 2.22 2.18 2.11 2.20 2.39 2.54 2.69 2.82 2.85 2.72 2.38 2.02 1.91 1.81 1.56 1.53 1.81 2.11 2.11 1.75 1.58 1.97 2.60 3.03 3.22 3.20 3.00 2.81 2.68 2.57 2.48 2.37 2.30 2.29 2.24 2.00 1.72 1.86 2.20 2.27 2.12 2.03 2.21 2.56 2.84 2.93 2.92 2.86
3.11 2.72 1.84 1.33 1.47 2.02 2.44 2.59 2.64 2.64 2.59 2.49 2.35 2.09 1.75 1.41 1.13 0.94 0.90 0.98 1.03 1.03 1.14 1.34 1.47 1.58 1.70 1.79 1.82 1.87 1.95 2.02 2.12 2.22 2.27 2.33 2.40 2.38 2.38 2.51 2.69 2.81 2.83 2.74 2.50 2.13 1.76 1.66 1.85 1.89 1.79 1.90 2.19 2.38 2.22 1.79 1.83 2.44 3.02 3.27 3.26 3.06 2.78 2.56 2.44 2.35 2.32 2.26 2.17 2.12 2.16 2.15 2.19 2.43 2.64 2.61 2.48 2.47 2.60 2.76 2.93 3.02 2.97 2.73
2.92 2.43 1.54 1.28 1.78 2.51 2.92 3.03 3.01 2.88 2.70 2.51 2.27 1.94 1.63 1.39 1.17 0.97 0.91 0.95 0.96 1.01 1.24 1.51 1.65 1.72 1.82 1.94 1.97 2.00 2.15 2.32 2.45 2.52 2.55 2.60 2.60 2.57 2.63 2.74 2.80 2.76 2.57 2.24 1.82 1.47 1.38 1.58 1.95 2.08 2.11 2.28 2.48 2.47 2.18 1.89 2.16 2.82 3.17 3.18 2.97 2.68 2.42 2.27 2.24 2.22 2.18 2.11 2.02 2.04 2.24 2.38 2.52 2.69 2.76 2.70 2.66 2.70 2.73 2.73 2.79 2.88 2.76 2.44
2.46 2.06 1.52 1.60 2.36 3.07 3.31 3.22 3.01 2.74 2.47 2.23 1.98 1.70 1.50 1.34 1.16 0.98 0.93 0.96 1.00 1.15 1.45 1.70 1.83 1.90 2.02 2.15 2.18 2.24 2.45 2.69 2.80 2.82 2.78 2.69 2.63 2.67 2.73 2.67 2.53 2.31 1.97 1.55 1.26 1.22 1.42 1.81 2.19 2.40 2.51 2.63 2.63 2.42 2.13 2.11 2.52 2.94 3.05 2.84 2.55 2.27 2.05 1.97 2.09 2.12 1.99 1.84 1.80 1.93 2.19 2.44 2.60 2.65 2.59 2.50 2.46 2.50 2.52 2.45 2.52 2.59 2.45 2.20
2.04 1.96 1.93 2.33 3.02 3.44 3.41 3.09 2.71 2.37 2.13 1.93 1.70 1.49 1.32 1.17 1.04 0.95 0.97 1.06 1.20 1.46 1.74 1.92 2.05 2.16 2.29 2.41 2.48 2.59 2.83 3.01 2.97 2.84 2.62 2.40 2.43 2.58 2.53 2.24 1.92 1.66 1.34 1.12 1.16 1.38 1.78 2.24 2.55 2.78 2.85 2.76 2.56 2.32 2.16 2.30 2.62 2.78 2.69 2.40 2.12 1.90 1.69 1.72 1.92 1.96 1.82 1.71 1.67 1.77 2.07 2.37 2.51 2.46 2.29 2.13 1.99 2.04 2.11 2.05 2.21 2.39 2.31 2.18
2.18 2.32 2.60 2.95 3.31 3.43 3.17 2.74 2.32 2.05 1.88 1.71 1.51 1.31 1.11 0.95 0.90 0.93 1.05 1.23 1.51 1.78 1.97 2.11 2.24 2.40 2.54 2.67 2.77 2.90 3.03 3.01 2.76 2.43 2.05 1.89 2.19 2.35 2.09 1.65 1.32 1.18 1.08 1.16 1.44 1.78 2.23 2.63 2.92 3.07 2.97 2.69 2.39 2.18 2.15 2.29 2.44 2.42 2.22 1.99 1.79 1.60 1.51 1.65 1.85 1.88 1.83 1.84 1.83 1.85 2.04 2.30 2.43 2.33 2.08 1.86 1.77 1.94 2.00 1.90 2.04 2.27 2.31 2.23
2.57 2.65 2.82 3.02 3.18 3.11 2.77 2.39 2.05 1.88 1.75 1.57 1.37 1.17 0.95 0.81 0.84 0.98 1.15 1.35 1.61 1.80 1.96 2.13 2.31 2.52 2.68 2.81 2.88 2.88 2.81 2.55 2.13 1.77 1.52 1.64 1.96 1.94 1.56 1.23 1.08 1.10 1.23 1.53 1.84 2.17 2.62 2.97 3.17 3.12 2.81 2.43 2.16 2.01 2.03 2.14 2.16 2.05 1.85 1.67 1.53 1.46 1.53 1.71 1.83 1.85 1.94 2.09 2.12 2.04 2.07 2.20 2.30 2.22 1.94 1.74 1.85 2.09 2.03 1.85 2.00 2.20 2.27 2.22
2.93 2.83 2.74 2.84 2.90 2.75 2.45 2.14 1.92 1.79 1.66 1.46 1.25 1.04 0.86 0.79 0.88 1.03 1.16 1.32 1.51 1.65 1.84 2.07 2.35 2.63 2.78 2.79 2.69 2.50 2.21 1.81 1.42 1.24 1.28 1.49 1.64 1.54 1.31 1.17 1.16 1.33 1.64 1.94 2.21 2.55 2.92 3.19 3.20 2.95 2.56 2.23 2.00 1.87 1.89 1.98 1.96 1.79 1.59 1.44 1.38 1.49 1.75 1.97 2.03 2.05 2.22 2.32 2.21 2.08 2.06 2.12 2.15 2.10 1.92 1.84 2.03 2.19 1.98 1.80 1.93 2.06 2.14 2.20
3.23 2.93 2.61 2.66 2.66 2.53 2.30 2.05 1.86 1.73 1.58 1.39 1.16 0.98 0.89 0.88 0.97 1.07 1.16 1.32 1.53 1.74 2.00 2.29 2.58 2.80 2.80 2.59 2.28 1.95 1.54 1.19 1.00 1.05 1.23 1.39 1.46 1.44 1.35 1.32 1.44 1.71 2.02 2.32 2.60 2.89 3.14 3.21 3.03 2.69 2.35 2.08 1.85 1.73 1.79 1.90 1.84 1.61 1.42 1.33 1.43 1.75 2.09 2.25 2.27 2.33 2.41 2.29 2.09 2.05 2.10 2.03 1.98 2.02 2.00 2.00 2.14 2.17 1.96 1.85 1.90 1.93 1.98 2.17
3.36 3.00 2.58 2.55 2.53 2.44 2.28 2.05 1.86 1.73 1.58 1.38 1.18 1.07 1.02 1.10 1.10 1.16 1.28 1.53 1.82 2.13 2.42 2.65 2.77 2.77 2.58 2.21 1.79 1.40 1.05 0.91 0.95 1.13 1.33 1.42 1.48 1.54 1.58 1.61 1.74 2.01 2.36 2.70 2.97 3.16 3.19 3.04 2.74 2.41 2.12 1.90 1.73 1.65 1.76 1.85 1.68 1.46 1.39 1.49 1.78 2.16 2.42 2.49 2.50 2.49 2.37 2.18 2.12 2.19 2.13 1.93 1.84 2.00 2.11 2.07 2.13 2.17 2.10 2.02 1.97 1.92 1.95 2.13
3.45 3.09 2.63 2.51 2.45 2.43 2.33 2.10 1.90 1.79 1.66 1.45 1.31 1.27 1.23 1.21 1.21 1.27 1.48 1.82 2.18 2.47 2.62 2.63 2.54 2.37 2.14 1.75 1.28 0.94 0.86 0.97 1.16 1.37 1.51 1.59 1.65 1.72 1.82 1.88 1.99 2.28 2.71 3.06 3.25 3.26 3.06 2.73 2.41 2.14 1.96 1.86 1.76 1.71 1.77 1.71 1.46 1.43 1.55 1.86 2.30 2.64 2.77 2.75 2.64 2.53 2.36 2.24 2.30 2.28 2.02 1.78 1.86 2.14 2.19 2.06 2.12 2.29 2.30 2.20 2.08 1.99 1.99 2.08
3.51 3.14 2.67 2.46 2.37 2.46 2.41 2.19 1.98 1.84 1.71 1.52 1.41 1.37 1.32 1.27 1.24 1.33 1.62 2.04 2.34 2.43 2.35 2.15 1.97 1.82 1.66 1.33 0.92 0.80 0.97 1.28 1.51 1.61 1.70 1.78 1.82 1.88 2.00 2.07 2.21 2.57 3.06 3.35 3.40 3.17 2.76 2.37 2.10 1.97 1.97 1.97 1.89 1.80 1.69 1.47 1.39 1.59 1.85 2.33 2.83 3.02 2.94 2.76 2.59 2.46 2.40 2.40 2.33 2.11 1.85 1.79 2.05 2.27 2.19 2.12 2.31 2.52 2.50 2.31 2.13 2.02 2.00 2.01
3.46 3.18 2.73 2.47 2.35 2.42 2.43 2.27 2.05 1.84 1.65 1.47 1.36 1.28 1.18 1.18 1.15 1.33 1.71 2.09 2.19 2.04 1.79 1.57 1.46 1.41 1.30 1.08 0.88 0.95 1.36 1.66 1.75 1.79 1.85 1.94 2.00 2.03 2.10 2.23 2.46 2.88 3.31 3.51 3.32 2.88 2.38 2.05 1.92 1.94 2.06 2.15 2.03 1.86 1.64 1.46 1.55 1.84 2.17 2.78 3.20 3.19 2.89 2.56 2.34 2.30 2.36 2.36 2.24 2.04 1.95 2.05 2.29 2.33 2.20 2.29 2.59 2.73 2.57 2.29 2.05 1.94 1.90 1.95
3.46 3.23 2.79 2.52 2.41 2.40 2.42 2.30 2.07 1.82 1.62 1.46 1.35 1.22 1.07 1.15 1.09 1.36 1.75 1.92 1.78 1.49 1.26 1.15 1.15 1.20 1.16 1.05 1.06 1.36 1.74 1.87 1.86 1.87 1.93 2.04 2.09 2.07 2.15 2.37 2.71 3.10 3.42 3.41 3.05 2.51 2.12 1.89 1.86 2.00 2.14 2.24 2.16 1.92 1.70 1.58 1.70 1.99 2.42 3.11 3.36 3.06 2.54 2.21 2.08 2.16 2.26 2.24 2.20 2.20 2.23 2.27 2.33 2.34 2.35 2.55 2.73 2.66 2.37 2.02 1.80 1.76 1.80 1.88
3.61 3.29 2.78 2.54 2.43 2.42 2.39 2.28 2.06 1.83 1.65 1.51 1.40 1.24 1.07 1.01 1.12 1.39 1.60 1.48 1.23 1.08 0.99 0.96 1.05 1.21 1.24 1.23 1.37 1.66 1.88 1.88 1.82 1.82 1.90 2.02 2.02 2.02 2.16 2.48 2.91 3.27 3.41 3.19 2.76 2.34 2.04 1.87 1.86 1.98 2.16 2.30 2.25 1.93 1.69 1.55 1.65 1.97 2.56 3.25 3.36 2.83 2.26 1.96 1.92 2.11 2.25 2.17 2.15 2.22 2.25 2.23 2.25 2.33 2.46 2.61 2.57 2.31 1.96 1.71 1.64 1.65 1.69 1.77
3.69 3.33 2.81 2.58 2.45 2.39 2.30 2.18 2.02 1.84 1.67 1.52 1.38 1.20 1.06 1.02 1.10 1.26 1.22 0.96 0.86 0.74 0.88 0.96 1.09 1.34 1.52 1.60 1.66 1.76 1.84 1.82 1.73 1.71 1.77 1.88 1.93 1.99 2.22 2.63 3.08 3.39 3.33 2.94 2.49 2.17 1.94 1.84 1.85 1.92 2.09 2.36 2.30 1.86 1.53 1.37 1.47 1.87 2.64 3.33 3.31 2.68 2.10 1.90 1.95 2.15 2.23 2.08 2.03 2.07 2.02 1.96 2.08 2.29 2.37 2.32 2.14 1.90 1.74 1.67 1.63 1.54 1.53 1.72
3.52 3.30 2.97 2.76 2.54 2.28 2.08 2.01 1.92 1.79 1.63 1.47 1.30 1.12 0.99 0.95 0.96 0.98 0.84 0.58 0.66 0.96 1.08 1.16 1.31 1.56 1.78 1.90 1.90 1.85 1.85 1.82 1.72 1.66 1.70 1.82 1.96 2.08 2.34 2.78 3.20 3.38 3.14 2.59 2.08 1.85 1.78 1.76 1.78 1.88 2.05 2.35 2.31 1.76 1.29 1.17 1.30 1.82 2.65 3.31 3.30 2.65 2.15 2.01 2.07 2.18 2.13 1.92 1.89 1.94 1.76 1.65 1.92 2.24 2.19 1.94 1.80 1.77 1.78 1.73 1.51 1.35 1.50 1.84
3.31 3.28 3.13 2.90 2.58 2.20 1.99 1.91 1.81 1.70 1.59 1.43 1.25 1.07 0.94 0.86 0.80 0.76 0.65 0.57 0.98 1.17 1.32 1.41 1.55 1.76 1.97 2.08 2.08 2.01 1.94 1.85 1.75 1.69 1.75 1.90 2.05 2.20 2.47 2.87 3.22 3.24 2.81 2.15 1.80 1.81 1.87 1.88 1.91 1.94 2.04 2.27 2.24 1.69 1.13 1.08 1.29 1.86 2.64 3.26 3.27 2.77 2.32 2.15 2.10 2.01 1.87 1.71 1.76 1.88 1.67 1.54 1.86 2.19 1.94 1.64 1.70 1.83 1.85 1.63 1.30 1.32 1.75 2.13
3.37 3.38 3.24 2.92 2.58 2.20 1.99 1.88 1.75 1.62 1.50 1.39 1.24 1.04 0.86 0.77 0.72 0.73 0.82 0.93 1.23 1.43 1.57 1.67 1.78 1.93 2.07 2.16 2.16 2.07 1.93 1.81 1.74 1.75 1.87 2.03 2.19 2.34 2.60 2.93 3.13 3.00 2.50 1.99 1.86 2.02 2.19 2.28 2.24 2.11 2.03 2.14 2.16 1.70 1.13 1.09 1.33 1.87 2.58 3.19 3.27 2.92 2.41 2.12 1.93 1.75 1.64 1.61 1.74 1.89 1.69 1.55 1.87 2.15 1.79 1.55 1.71 1.90 1.87 1.58 1.37 1.65 2.18 2.46
3.57 3.49 3.18 2.78 2.42 2.11 1.93 1.80 1.64 1.48 1.38 1.32 1.23 1.01 0.77 0.67 0.68 0.82 0.85 1.26 1.51 1.68 1.80 1.87 1.91 2.00 2.10 2.17 2.18 2.08 1.89 1.76 1.76 1.85 2.02 2.18 2.34 2.52 2.75 2.94 2.97 2.75 2.36 2.16 2.29 2.49 2.63 2.62 2.46 2.16 1.97 1.96 2.07 1.72 1.18 1.12 1.35 1.89 2.58 3.20 3.33 2.95 2.38 2.00 1.73 1.56 1.53 1.62 1.77 1.92 1.74 1.54 1.85 2.11 1.79 1.61 1.75 1.92 1.94 1.79 1.77 2.07 2.45 2.58
3.79 3.55 2.97 2.49 2.14 1.88 1.75 1.61 1.42 1.27 1.25 1.26 1.20 0.99 0.69 0.58 0.69 0.93 1.18 1.44 1.66 1.78 1.83 1.84 1.86 1.96 2.04 2.11 2.16 2.11 1.90 1.77 1.82 1.98 2.14 2.32 2.50 2.72 2.92 3.01 2.91 2.63 2.46 2.51 2.72 2.84 2.81 2.59 2.29 2.01 1.84 1.82 1.93 1.71 1.20 1.14 1.40 1.96 2.68 3.29 3.35 2.91 2.31 1.92 1.66 1.54 1.56 1.65 1.77 1.93 1.77 1.50 1.76 2.10 1.89 1.68 1.77 1.96 2.11 2.08 2.06 2.20 2.40 2.35
