project/data/elevation/US_DEM2016/US_DEM2016_point_10-28-2019_1048_30m_vel.asc
ncols	125
nrows	167
xllcorner	-2042055.000000
yllcorner	1465035.000000
cellsize	30.000000
NODATA_value	-9999.000000
[rows 36 to 71 of 167, columns 0 to 81 of 125]
10.06 10.46 10.86 10.65 10.12 9.22 8.26 7.45 6.91 6.62 6.84 7.71 8.99 9.75 9.75 9.19 8.84 8.94 9.47 10.27 10.92 11.54 12.09 12.48 12.48 12.19 11.67 10.95 10.00 8.94 8.09 7.73 7.77 8.05 8.26 8.21 8.29 8.73 9.34 9.65 9.66 9.15 8.19 7.57 7.67 8.24 8.97 9.37 9.36 8.73 8.24 7.97 8.34 8.78 8.95 8.98 8.91 9.02 9.02 9.27 9.28 8.98 8.32 7.18 6.16 5.61 5.63 6.08 6.66 7.16 7.59 7.90 8.16 8.39 8.98 9.78 11.18 13.04 14.33 15.02 14.99 14.37
10.20 10.58 10.77 10.46 9.98 9.30 8.65 7.91 7.14 6.49 6.31 6.66 7.51 8.59 9.14 9.04 8.77 8.86 9.54 10.47 11.22 11.85 12.39 12.82 12.94 12.86 12.66 12.28 11.50 10.37 9.17 8.29 8.06 8.45 8.91 9.27 9.56 9.88 10.20 10.72 11.31 11.42 11.24 10.64 10.45 10.78 11.03 10.67 10.01 9.17 8.42 8.10 8.19 8.66 8.93 8.97 8.94 9.17 9.28 9.53 9.59 9.43 8.95 7.96 6.81 6.06 5.83 6.00 6.32 6.69 7.02 7.22 7.55 7.91 8.34 8.88 9.86 11.35 13.30 14.94 16.00 15.94
10.06 10.01 9.79 9.43 8.90 8.53 8.17 7.60 6.88 6.23 6.01 6.16 6.69 7.55 8.33 8.61 8.50 8.44 8.83 9.53 9.97 10.21 10.41 10.80 11.27 11.64 12.06 12.43 12.21 11.52 10.53 9.55 8.91 8.71 8.93 9.63 10.37 10.70 10.98 11.62 12.45 12.95 13.19 12.82 12.40 11.97 11.20 9.96 9.07 8.36 8.01 7.98 8.11 8.52 8.92 9.05 9.08 9.33 9.40 9.40 9.32 8.95 8.73 8.27 7.55 6.80 6.06 5.78 5.88 6.18 6.44 6.60 6.86 7.44 7.86 8.24 8.82 9.94 11.33 12.76 13.87 14.58
9.73 9.20 8.59 8.22 7.75 7.51 7.28 6.96 6.61 6.27 6.17 6.32 6.73 7.28 7.82 8.14 8.19 8.08 8.00 8.01 7.90 7.81 7.90 8.37 9.28 10.28 11.13 11.95 12.39 12.26 11.61 10.71 9.98 9.66 10.01 10.88 11.49 11.82 11.96 12.23 12.70 12.94 13.17 13.12 12.77 12.09 10.95 9.76 8.88 8.09 7.84 8.05 8.31 8.51 8.97 9.26 9.44 9.64 9.40 8.95 8.30 7.53 6.92 6.76 6.62 6.31 5.65 5.22 5.24 5.52 5.88 6.19 6.51 6.99 7.38 7.64 7.90 8.60 9.56 10.25 10.59 11.50
9.25 8.63 7.89 7.47 7.25 7.11 7.09 7.16 7.22 7.28 7.40 7.63 7.75 7.74 7.73 7.80 7.90 7.80 7.40 6.88 6.66 6.73 7.10 7.71 8.71 9.62 10.41 11.21 11.92 12.35 12.28 11.75 11.29 11.37 11.88 12.58 13.11 13.43 13.13 12.65 12.48 11.93 11.68 12.05 12.14 12.13 11.66 11.19 10.59 9.98 9.27 9.01 8.96 8.79 9.05 9.23 9.37 9.45 9.09 8.46 7.60 6.47 5.21 4.76 4.73 4.79 4.88 4.92 4.95 5.01 5.20 5.70 6.30 6.78 7.10 7.28 7.38 7.67 8.31 8.82 8.90 9.46
9.15 8.70 8.19 7.96 7.91 7.92 7.91 7.97 8.15 8.42 8.74 8.91 8.73 8.31 8.01 7.93 7.99 7.90 7.53 7.09 7.02 7.28 7.71 8.12 8.51 8.95 9.36 9.93 10.84 11.72 12.45 12.43 12.47 12.80 13.28 13.70 13.95 13.80 13.33 12.64 11.93 11.10 10.46 10.45 11.11 11.42 11.57 11.54 11.60 11.55 11.19 10.28 9.52 8.96 8.82 8.76 8.57 8.37 8.19 8.02 7.48 6.43 5.11 4.48 4.47 4.70 4.95 5.01 4.87 4.76 4.83 5.21 5.83 6.41 6.71 6.83 7.04 7.41 7.91 8.25 8.38 8.56
9.35 9.17 8.97 8.90 8.85 8.76 8.62 8.61 8.87 9.27 9.56 9.55 9.09 8.75 8.64 8.64 8.64 8.59 8.46 8.39 8.50 8.71 8.94 9.16 9.36 9.37 9.35 9.52 10.17 11.00 12.15 12.81 13.44 13.95 14.07 13.67 13.09 12.46 11.87 11.45 10.96 10.28 9.49 9.32 9.79 10.25 10.48 10.37 10.59 10.86 10.94 10.39 9.58 8.81 8.53 8.46 8.17 7.81 7.74 8.18 8.14 7.50 6.61 6.17 6.20 6.11 5.74 5.29 5.15 5.17 5.08 4.96 5.08 5.38 5.53 5.64 6.23 7.02 7.55 7.81 8.08 8.37
9.41 9.34 9.30 9.29 9.26 9.24 9.28 9.47 9.79 10.08 10.14 9.88 9.33 9.12 9.10 9.15 9.26 9.32 9.43 9.65 9.96 10.23 10.36 10.41 10.42 10.22 10.09 10.12 10.42 10.82 11.74 12.56 13.35 13.91 13.77 12.98 11.82 10.79 10.10 9.98 10.04 9.67 8.90 8.39 8.69 9.23 9.35 8.81 8.20 7.82 7.99 8.51 8.70 8.55 8.51 8.78 8.87 8.85 9.02 9.40 9.45 9.09 8.57 8.27 7.72 7.01 6.52 6.37 6.37 5.96 5.24 4.56 4.32 4.29 4.18 4.37 5.09 6.10 6.68 7.01 7.69 8.54
9.42 9.42 9.52 9.63 9.87 10.25 10.66 10.93 11.02 10.94 10.65 10.15 9.59 9.32 9.26 9.39 9.59 9.79 10.03 10.34 10.67 10.89 10.94 10.81 10.58 10.28 10.19 10.28 10.60 10.97 11.78 12.19 12.55 12.58 12.39 12.08 11.44 10.49 9.30 8.78 8.86 8.90 8.44 7.82 7.81 8.30 8.06 7.30 6.34 5.80 5.97 6.60 7.31 7.82 8.48 9.26 9.77 10.10 10.29 10.34 10.38 10.18 9.56 8.91 8.03 7.57 7.60 7.54 6.92 5.72 4.79 4.35 4.20 4.09 3.98 4.16 4.81 5.58 6.02 6.29 7.03 8.15
9.71 9.89 10.23 10.53 10.85 11.27 11.65 11.84 11.76 11.45 10.97 10.42 10.00 9.78 9.85 9.96 10.08 10.25 10.44 10.57 10.57 10.46 10.32 10.20 10.13 9.99 9.92 10.08 10.64 11.24 11.93 11.57 11.35 10.91 10.71 10.97 10.97 10.50 9.22 8.19 7.79 7.90 7.74 7.15 7.09 7.43 7.32 7.00 6.80 6.76 6.63 6.41 6.40 7.02 8.19 9.38 9.88 10.06 10.12 10.28 10.40 10.42 9.86 9.23 8.83 8.71 8.35 7.50 6.26 5.34 5.02 5.13 5.18 5.08 4.96 5.11 5.58 6.01 6.17 6.28 6.66 7.29
9.99 10.30 10.81 11.16 11.29 11.35 11.37 11.39 11.34 11.11 10.77 10.39 10.33 10.47 10.72 10.83 10.83 10.77 10.67 10.47 10.15 9.78 9.51 9.48 9.66 9.79 9.89 10.21 10.85 11.37 11.57 11.09 10.31 9.79 9.47 9.45 9.69 9.85 9.31 8.23 7.30 7.09 7.15 7.12 7.28 7.56 7.77 7.76 7.78 7.43 6.80 6.27 6.37 7.25 8.46 9.24 9.55 9.65 9.79 10.13 10.28 10.42 10.21 9.86 9.49 8.94 7.68 6.74 6.35 6.38 6.64 6.77 6.75 6.66 6.65 6.76 6.91 6.95 6.91 6.94 7.07 7.31
9.90 10.10 10.54 10.86 10.84 10.62 10.36 10.16 10.07 10.06 9.94 9.81 9.93 10.30 10.71 10.97 11.02 10.83 10.49 10.14 9.79 9.46 9.20 9.14 9.29 9.51 9.78 10.25 10.82 11.04 10.77 10.10 9.61 9.10 8.55 8.27 8.40 8.91 9.14 8.72 7.65 7.22 7.39 7.87 8.17 8.42 8.40 7.87 7.15 6.32 5.95 6.13 7.28 8.87 9.73 9.79 9.83 9.93 10.08 10.32 10.41 10.56 10.33 9.88 9.26 8.35 7.57 7.49 8.00 8.57 8.90 8.95 8.89 8.78 8.64 8.59 8.57 8.41 8.28 8.29 8.01 7.87
9.72 9.77 9.80 10.01 10.07 9.81 9.44 9.13 9.00 8.99 8.95 8.92 8.99 9.30 9.71 10.02 10.25 10.27 10.09 9.80 9.49 9.21 8.99 8.85 8.86 9.01 9.21 9.71 10.37 10.53 10.31 9.82 9.43 8.88 8.08 7.41 7.44 7.97 8.57 8.63 7.96 7.38 7.32 7.65 7.94 8.25 8.23 7.36 6.48 6.12 6.47 7.82 9.71 11.01 11.43 10.89 10.49 10.33 10.38 10.66 10.89 11.06 10.76 10.16 9.87 9.88 10.31 10.99 11.61 12.04 12.13 12.08 11.98 11.84 11.61 11.42 11.26 10.92 10.45 9.77 8.84 8.19
9.80 9.80 9.50 9.35 9.48 9.50 9.23 8.90 8.72 8.60 8.65 8.71 8.80 8.99 9.20 9.42 9.62 9.78 9.77 9.55 9.19 8.85 8.61 8.49 8.45 8.50 8.59 9.08 9.88 10.09 10.00 9.82 9.64 9.29 8.48 7.41 7.09 7.16 7.51 7.69 7.34 6.75 6.37 6.32 6.70 7.34 7.90 7.61 7.21 7.46 8.84 10.77 12.14 12.66 12.37 11.47 10.82 10.58 10.67 11.16 11.57 11.95 11.83 11.71 11.96 12.69 13.62 14.49 15.12 15.41 15.48 15.42 15.32 15.20 14.97 14.62 14.24 13.79 12.88 11.46 9.89 8.65
9.94 9.95 9.61 9.23 9.22 9.47 9.58 9.40 9.18 9.12 9.40 9.69 9.83 9.90 9.93 9.91 9.86 9.78 9.63 9.37 8.99 8.58 8.29 8.14 8.14 8.26 8.41 8.93 9.53 9.51 9.11 9.25 9.40 9.52 9.35 8.55 7.75 7.14 6.94 7.07 6.95 6.66 6.47 6.43 6.71 7.32 8.32 8.84 9.16 10.15 11.79 12.92 13.35 12.88 12.19 11.31 10.81 10.67 10.60 10.80 11.20 11.89 12.27 12.45 12.99 13.73 14.34 14.99 15.39 15.60 15.75 15.88 15.92 15.88 15.67 15.35 15.00 14.68 14.08 13.16 11.89 10.37
9.93 9.84 9.57 9.41 9.30 9.42 9.68 9.78 9.72 9.78 10.29 10.85 11.04 11.03 10.91 10.63 10.27 9.90 9.60 9.35 9.05 8.65 8.21 7.91 7.91 8.18 8.46 8.87 9.02 8.51 8.11 8.22 8.47 9.11 9.53 9.50 8.71 7.95 7.71 7.85 8.03 8.25 8.43 8.43 8.52 9.05 10.27 11.54 12.77 13.68 14.06 13.95 13.24 12.13 11.42 10.73 10.31 10.00 9.67 9.45 9.68 10.26 11.31 11.72 12.08 12.19 11.94 11.80 11.64 11.80 12.16 12.68 12.91 12.96 12.84 12.74 12.82 12.77 12.69 12.71 12.51 11.87
9.73 9.35 8.96 8.97 9.01 9.14 9.43 9.72 9.87 10.01 10.49 11.10 11.33 11.35 11.11 10.65 10.10 9.67 9.43 9.25 8.99 8.64 8.19 7.83 7.81 8.09 8.38 8.60 8.35 7.55 7.28 7.40 7.60 8.08 8.92 9.28 9.15 8.98 9.07 9.49 9.87 10.12 10.24 10.43 10.82 11.58 12.73 13.90 14.75 14.99 14.66 13.71 12.61 11.47 10.78 10.15 9.63 9.08 8.78 8.56 8.70 9.13 9.75 10.27 10.25 9.40 8.42 7.46 7.09 7.22 7.66 8.27 8.65 8.68 8.78 8.86 9.23 9.41 9.50 9.88 10.59 10.99
9.44 8.87 8.23 8.08 8.20 8.54 9.05 9.50 9.83 9.98 10.15 10.37 10.54 10.48 10.21 9.77 9.35 9.04 8.86 8.74 8.53 8.28 8.11 8.03 8.04 8.12 8.27 8.35 8.02 7.43 7.21 7.29 7.43 7.67 8.10 8.64 9.06 9.23 9.53 10.09 10.63 10.82 11.01 11.38 12.10 12.93 13.68 14.20 14.30 14.04 13.54 12.85 11.99 11.18 10.53 9.94 9.46 9.03 8.96 8.93 9.10 9.27 9.33 9.43 8.93 7.87 6.85 6.19 6.06 6.06 5.90 5.66 5.69 5.83 5.97 6.18 6.63 7.00 7.06 6.94 7.14 7.64
9.25 8.76 8.13 7.88 7.84 7.93 8.27 8.87 9.31 9.47 9.37 9.18 8.99 8.75 8.46 8.31 8.17 7.97 7.87 7.99 8.17 8.23 8.30 8.41 8.37 8.32 8.35 8.42 8.40 8.32 8.14 7.89 7.70 7.57 7.61 8.02 8.45 8.65 8.84 9.25 9.86 10.31 10.68 11.31 12.22 12.86 13.04 12.57 11.69 11.52 11.76 11.90 11.61 11.16 10.60 10.08 9.69 9.51 9.64 9.63 9.61 9.55 9.25 9.14 8.70 7.89 7.44 7.20 6.97 6.51 5.65 4.56 3.97 3.84 3.96 4.23 4.70 5.11 5.17 4.75 4.34 4.30
9.37 9.08 8.78 8.60 8.34 7.90 7.49 7.64 8.13 8.42 8.39 8.07 7.59 7.14 6.90 6.86 6.86 6.81 6.93 7.45 8.16 8.69 8.91 8.85 8.76 8.69 8.69 8.80 8.88 9.01 8.72 8.18 7.67 7.29 7.25 7.53 7.89 8.14 8.19 8.36 8.77 9.38 9.99 10.90 11.76 12.02 11.41 10.45 9.93 9.98 10.42 10.89 11.04 10.98 10.48 10.08 9.77 9.65 9.74 9.51 9.14 8.78 8.56 8.67 8.73 8.48 8.38 8.21 7.38 6.32 5.06 4.09 3.50 3.16 2.98 2.89 2.95 3.13 3.20 3.18 3.20 3.55
9.75 9.86 9.99 9.85 9.41 8.71 7.73 7.37 7.54 7.90 7.97 7.65 7.22 6.92 6.69 6.56 6.62 6.75 7.03 7.67 8.52 9.32 9.59 9.59 9.53 9.52 9.41 9.31 9.27 9.29 8.84 8.42 8.12 7.81 7.59 7.80 8.32 8.67 8.65 8.64 8.83 9.25 9.81 10.73 11.19 10.87 9.77 8.99 8.61 8.68 9.16 9.78 10.25 10.28 9.92 9.63 9.34 9.10 8.88 8.32 7.75 7.42 7.60 8.13 8.79 8.98 8.90 8.23 7.06 6.01 5.22 4.89 4.73 4.21 3.38 2.70 2.36 2.36 2.65 3.12 3.89 5.15
10.13 10.49 10.87 10.82 10.45 9.84 9.06 8.54 8.32 8.35 8.34 8.19 8.08 8.09 8.15 8.18 8.26 8.45 8.57 8.86 9.45 10.12 10.50 10.69 10.78 10.78 10.44 10.07 10.02 10.23 10.24 10.08 9.91 9.57 9.00 8.99 9.58 9.99 10.11 10.08 10.06 9.93 10.10 10.63 10.55 9.59 8.50 7.66 7.36 7.51 8.03 8.74 9.39 9.41 9.24 9.01 8.65 8.14 7.60 7.18 7.02 7.20 7.81 8.41 8.97 8.98 8.47 7.71 6.83 6.50 6.61 6.73 6.24 5.32 4.29 3.66 3.48 3.61 4.05 5.03 6.59 8.35
10.19 10.37 10.63 10.82 10.93 10.82 10.36 9.83 9.30 8.90 8.74 8.87 9.22 9.64 10.10 10.35 10.57 10.79 10.92 10.95 11.15 11.26 11.46 11.76 11.96 11.79 11.40 10.97 10.95 11.13 11.29 11.16 10.97 10.63 10.05 9.78 10.06 10.45 10.82 11.05 11.02 10.71 10.46 10.28 9.46 8.20 7.20 6.58 6.34 6.38 6.89 7.63 8.30 8.67 8.75 8.60 8.30 7.90 7.65 7.78 8.09 8.65 9.31 9.69 9.68 9.24 8.44 7.98 7.78 7.96 8.23 7.99 7.03 5.88 5.21 5.08 5.31 5.79 6.70 8.04 9.59 10.54
10.04 9.84 9.80 10.10 10.61 11.01 10.99 10.45 9.69 9.02 8.73 8.95 9.59 10.37 11.06 11.51 11.81 12.09 12.37 12.45 12.31 12.08 12.05 12.24 12.33 12.18 11.91 11.57 11.46 11.26 10.65 10.10 9.82 9.78 9.74 9.79 9.89 10.19 10.57 11.04 11.29 11.06 10.53 9.61 8.17 6.74 5.88 5.52 5.31 5.39 5.67 6.29 7.25 8.11 8.58 8.68 8.64 8.61 8.75 8.90 9.28 9.97 10.65 11.15 11.05 10.69 9.77 9.34 9.46 9.63 9.19 8.32 7.40 6.95 6.96 7.28 7.91 8.77 9.90 10.99 11.51 11.31
9.97 9.64 9.32 9.34 9.59 9.96 10.26 10.12 9.54 8.87 8.45 8.41 8.84 9.57 10.25 10.69 10.98 11.14 11.22 11.32 11.39 11.42 11.44 11.40 11.25 11.23 11.23 11.28 11.31 11.17 10.50 9.47 8.82 8.73 9.23 9.82 10.28 10.47 10.60 10.76 10.88 10.51 9.87 8.88 7.49 6.04 5.13 4.82 4.85 5.00 5.16 5.67 6.68 7.86 8.73 9.26 9.59 9.77 9.80 9.66 9.89 10.77 11.63 12.24 12.45 12.53 12.01 11.11 10.84 10.78 10.05 9.26 8.97 9.43 10.11 10.83 11.62 12.34 12.85 12.79 12.14 11.06
9.82 9.36 8.83 8.68 8.41 8.38 8.72 9.01 8.85 8.32 7.72 7.30 7.19 7.39 7.75 8.04 8.23 8.13 7.68 7.51 8.17 8.95 9.17 8.91 8.55 8.90 9.60 10.10 10.50 10.93 11.11 10.84 10.28 9.85 9.80 10.17 10.58 10.69 10.51 10.21 9.93 9.60 9.12 8.64 7.81 6.74 5.95 5.85 5.98 6.09 6.23 6.64 7.32 8.17 8.94 9.61 10.20 10.72 10.90 11.04 11.47 12.23 12.58 12.66 12.88 13.28 13.21 12.81 12.49 12.38 12.16 12.04 12.41 13.03 13.56 13.99 14.35 14.49 14.19 13.21 11.98 10.84
9.38 8.74 8.08 7.97 7.81 7.67 7.71 7.96 8.03 7.55 6.76 5.94 5.29 4.88 4.80 4.99 5.22 5.14 4.86 4.68 5.02 5.73 6.11 6.05 6.27 7.05 8.28 9.01 9.46 9.78 10.47 11.13 11.35 11.22 10.67 10.30 10.06 9.95 9.60 9.16 8.89 9.08 9.19 9.34 9.23 9.16 8.78 8.60 8.55 8.55 8.64 8.70 8.70 8.81 9.03 9.39 9.93 10.68 11.45 12.21 12.93 13.06 12.63 11.92 11.48 12.01 12.87 13.13 13.51 13.84 14.14 14.46 14.83 15.15 14.89 14.84 14.67 14.29 13.50 12.51 11.59 10.79
9.16 8.63 7.97 7.69 7.63 7.61 7.56 7.58 7.58 7.22 6.43 5.45 4.49 3.74 3.36 3.32 3.58 4.21 4.66 4.61 4.28 4.09 4.13 4.56 5.44 6.64 7.97 8.56 8.68 8.45 8.79 9.59 10.43 10.87 10.52 9.67 8.82 8.34 8.24 8.15 8.26 8.91 9.62 10.30 10.69 11.11 11.20 10.91 10.64 10.48 10.09 9.68 9.36 9.23 9.22 9.39 9.83 10.63 11.53 12.26 12.55 12.14 11.25 10.21 9.82 10.29 11.36 12.23 12.89 13.56 13.95 14.10 14.18 14.03 13.68 13.17 12.56 11.83 11.42 11.05 10.59 10.13
9.39 9.16 8.75 8.34 8.08 7.99 7.89 7.78 7.73 7.55 7.09 6.41 5.64 4.79 4.06 3.67 3.88 4.85 5.98 6.32 5.80 4.96 4.54 4.79 5.76 7.15 8.24 8.53 8.26 7.70 7.50 7.74 8.54 9.21 9.39 8.97 8.25 7.70 7.67 8.11 8.67 9.50 10.05 10.58 10.97 11.40 11.57 11.56 11.39 10.96 10.05 9.44 9.27 9.37 9.49 9.68 10.09 10.84 11.41 11.51 11.02 10.09 9.31 8.88 8.97 9.48 10.09 10.72 11.30 11.80 12.01 11.86 11.43 11.13 11.00 10.66 9.92 9.12 8.77 8.91 8.85 8.62
9.57 9.53 9.44 9.21 8.91 8.62 8.40 8.38 8.46 8.55 8.54 8.34 7.92 7.14 6.18 5.41 5.23 5.77 6.76 7.70 7.77 7.22 6.59 6.50 7.10 8.13 8.83 9.05 8.79 8.01 7.39 6.97 7.03 7.58 8.37 8.96 9.15 9.22 9.31 9.56 10.00 10.39 10.34 10.29 10.33 10.55 10.80 11.06 11.11 10.89 10.13 9.56 9.39 9.49 9.64 9.77 10.08 10.63 10.93 10.49 9.69 8.93 8.48 8.34 8.39 8.65 8.92 9.28 9.73 10.03 10.14 9.96 9.39 8.78 8.51 8.62 8.18 7.25 6.45 6.46 6.76 6.52
9.60 9.60 9.61 9.47 9.27 9.04 8.98 9.20 9.59 10.04 10.38 10.41 9.93 9.13 8.14 7.20 6.59 6.55 7.04 8.21 9.01 9.27 9.10 8.79 8.79 9.35 9.88 10.10 10.03 9.34 8.64 7.93 7.46 7.69 8.49 9.48 10.35 10.98 11.16 11.05 10.85 10.64 10.20 9.86 9.73 9.69 9.84 9.96 10.17 10.33 10.23 9.89 9.63 9.60 9.77 9.98 10.30 10.63 10.43 9.63 8.80 8.33 8.08 7.87 7.82 8.09 8.40 8.62 8.71 8.83 8.78 8.72 8.48 7.73 6.88 6.71 6.70 6.07 5.08 4.58 4.65 4.55
9.66 9.65 9.66 9.42 9.19 9.08 9.25 9.66 10.30 11.00 11.58 11.73 11.52 10.97 10.14 9.12 8.10 7.53 7.62 8.44 9.41 10.30 10.41 10.24 10.26 10.77 11.02 10.94 10.80 10.53 10.22 9.76 9.30 9.19 9.45 9.96 10.49 10.88 11.01 10.80 10.46 10.18 9.83 9.44 9.14 8.76 8.65 8.60 8.69 9.04 9.45 9.57 9.55 9.59 9.90 10.27 10.50 10.32 9.50 8.51 7.96 7.77 7.67 7.78 7.98 8.32 8.38 8.09 7.70 7.60 7.56 7.50 7.59 7.26 6.33 5.63 5.49 5.26 4.39 3.61 3.37 3.40
9.68 9.63 9.53 9.25 8.96 8.85 8.93 9.13 9.54 10.15 10.89 11.54 12.00 12.14 11.89 11.22 10.12 9.00 8.57 8.79 9.29 10.24 10.78 11.02 11.32 11.66 11.53 10.94 10.51 10.56 10.82 10.93 10.79 10.35 10.01 9.90 9.82 9.72 9.71 9.85 9.91 9.86 9.62 9.17 8.62 8.10 7.85 7.64 7.54 7.63 7.98 8.41 8.82 9.18 9.65 9.91 9.77 9.08 7.99 7.37 7.23 7.27 7.52 7.98 8.24 8.19 7.77 6.97 6.17 5.83 5.86 5.66 5.62 5.95 5.79 5.18 4.74 4.55 4.10 3.62 3.31 3.34
9.58 9.42 9.14 9.00 8.81 8.65 8.48 8.18 7.86 7.81 8.25 9.40 10.76 11.86 12.52 12.55 11.91 10.80 9.78 9.42 9.50 10.13 10.73 11.43 11.73 11.71 11.14 10.36 9.62 9.54 9.91 10.39 10.61 10.30 9.91 9.61 9.36 9.32 9.58 9.90 9.95 9.84 9.61 9.31 8.88 8.43 8.07 7.51 6.87 6.48 6.58 7.16 8.00 8.60 9.00 8.88 8.20 7.23 6.56 6.39 6.32 6.29 6.71 7.22 7.25 7.08 6.77 6.07 5.11 4.31 4.01 3.93 3.99 4.33 4.69 4.69 4.54 4.49 4.47 4.42 4.40 4.51
9.46 9.20 8.86 8.87 8.82 8.68 8.45 8.01 7.26 6.46 6.11 6.66 8.14 9.97 11.51 12.38 12.57 12.10 11.21 10.51 10.35 10.53 10.84 11.42 11.75 11.49 10.77 9.80 8.85 8.27 8.12 8.36 8.93 9.35 9.52 9.50 9.46 9.59 9.92 10.14 10.03 9.80 9.68 9.62 9.37 8.75 8.00 6.99 6.36 6.30 6.72 7.52 8.31 8.63 8.47 7.85 6.85 6.03 5.66 5.52 5.31 5.11 5.16 5.45 5.80 6.25 6.76 6.65 5.94 5.16 4.75 4.56 4.39 4.28 4.42 4.69 4.95 5.21 5.48 5.77 6.06 6.46
9.47 9.21 8.92 8.92 8.94 8.87 8.76 8.61 8.19 7.35 6.38 5.98 6.53 7.84 9.53 10.99 11.95 12.45 12.22 11.80 11.65 11.68 12.04 12.13 12.05 11.63 10.89 9.90 8.84 8.08 7.62 7.57 7.84 8.33 8.84 9.22 9.40 9.49 9.67 9.90 9.73 9.47 9.34 9.34 9.13 8.29 7.52 7.12 7.43 8.17 8.87 9.31 9.41 9.09 8.48 7.84 7.35 6.97 6.62 6.24 5.91 5.63 5.50 5.69 6.55 7.63 8.57 8.79 8.41 7.89 7.40 6.87 6.08 5.52 5.33 5.45 5.82 6.30 6.78 7.39 8.22 9.14
