project/data/elevation/US_DEM2016/US_DEM2016_point_10-30-2019_0932_30m_vel.asc
ncols	125
nrows	167
xllcorner	-2042055.000000
yllcorner	1465035.000000
cellsize	30.000000
NODATA_value	-9999.000000
[rows 0 to 34 of 167, columns 0 to 78 of 125]
9.67 8.51 7.22 7.94 9.94 12.34 14.46 15.82 16.22 16.36 16.72 17.64 18.32 17.61 16.63 16.23 15.96 15.77 15.51 15.26 14.90 14.75 14.96 15.40 15.81 15.83 15.50 14.38 12.78 11.00 9.24 7.59 6.28 5.41 5.03 5.22 6.02 7.31 8.66 9.53 10.00 10.31 10.54 10.51 9.94 9.00 8.25 8.33 9.08 10.16 11.07 12.04 12.90 13.85 14.31 14.55 14.25 12.94 11.69 10.88 10.52 10.67 11.23 12.19 12.83 12.99 12.67 11.64 9.93 8.79 8.45 8.71 9.32 10.04 10.61 10.96 11.31 12.00 12.84
9.67 8.51 7.22 7.94 9.94 12.34 14.46 15.82 16.22 16.36 16.72 17.64 18.32 17.61 16.63 16.23 15.96 15.77 15.51 15.26 14.90 14.75 14.96 15.40 15.81 15.83 15.50 14.38 12.78 11.00 9.24 7.59 6.28 5.41 5.03 5.22 6.02 7.31 8.66 9.53 10.00 10.31 10.54 10.51 9.94 9.00 8.25 8.33 9.08 10.16 11.07 12.04 12.90 13.85 14.31 14.55 14.25 12.94 11.69 10.88 10.52 10.67 11.23 12.19 12.83 12.99 12.67 11.64 9.93 8.79 8.45 8.71 9.32 10.04 10.61 10.96 11.31 12.00 12.84
9.81 8.68 7.50 8.02 9.42 11.27 13.02 14.22 14.85 15.16 15.64 16.44 16.81 16.46 15.80 15.57 15.54 15.57 15.33 14.76 14.42 14.28 14.45 14.77 14.99 14.90 14.26 13.11 11.78 10.33 8.91 7.61 6.56 5.84 5.43 5.43 5.88 6.69 7.67 8.53 8.99 9.27 9.53 9.86 10.03 9.91 9.64 9.52 9.93 10.56 11.18 11.81 12.46 13.00 13.34 13.60 13.72 13.37 12.50 11.40 10.55 10.19 10.53 11.15 11.62 11.88 12.00 11.85 11.31 10.43 9.87 9.69 9.73 9.88 10.07 10.31 10.69 11.29 11.82
10.80 9.54 8.36 8.53 9.18 9.98 10.86 11.41 11.69 12.25 13.16 13.71 13.77 13.56 13.60 13.74 13.91 14.31 14.30 13.92 13.73 13.62 13.54 13.40 13.22 12.91 12.23 11.42 10.58 9.74 8.91 8.19 7.65 7.31 7.00 6.64 6.37 6.35 6.59 7.14 8.01 8.68 9.21 9.81 10.55 11.15 11.48 11.43 11.31 11.26 11.36 11.41 11.49 11.37 11.33 11.22 11.48 12.10 12.41 12.22 11.52 10.68 10.10 9.81 9.52 9.57 10.17 11.06 11.66 11.83 11.63 11.10 10.42 9.77 9.37 9.34 9.60 9.89 9.94
11.56 10.36 9.28 9.22 9.36 9.59 9.69 9.72 9.59 9.84 10.55 11.15 11.30 11.24 11.47 11.72 11.89 12.28 12.93 13.48 13.66 13.27 12.77 12.10 11.47 11.16 11.04 10.80 10.50 10.19 9.88 9.62 9.48 9.34 9.06 8.50 7.82 7.31 7.05 7.30 8.21 9.25 10.17 10.92 11.30 11.68 12.05 12.28 12.21 11.90 11.67 11.37 10.91 10.31 9.74 8.76 8.30 8.66 9.82 11.10 11.65 11.43 10.66 9.55 8.68 8.15 8.10 8.61 9.42 10.06 10.33 10.22 9.85 9.34 8.91 8.72 8.73 8.74 8.65
11.61 10.67 9.85 9.83 9.68 9.54 9.26 8.70 8.34 8.34 8.68 9.32 9.85 10.12 10.67 11.20 11.44 11.50 12.14 12.97 13.20 12.64 11.85 10.89 10.23 10.26 10.52 10.70 10.83 10.96 11.07 11.09 10.97 10.66 10.23 9.69 9.11 8.56 8.13 7.96 8.17 8.71 9.66 10.71 11.33 11.66 11.95 12.27 12.29 12.08 11.82 11.56 11.19 10.19 8.93 7.77 7.28 7.36 7.94 8.83 9.84 10.42 10.21 9.27 8.32 7.61 7.16 7.00 7.12 7.41 7.77 8.05 8.20 8.21 8.10 7.96 7.89 7.91 7.97
11.67 11.10 10.51 10.53 10.25 9.73 9.00 7.99 7.31 7.16 7.38 7.98 8.71 9.55 10.51 11.28 11.88 11.87 11.70 11.69 11.74 11.45 10.87 10.19 9.96 10.12 10.36 10.51 10.76 11.23 11.65 11.85 11.62 11.29 10.96 10.67 10.38 9.98 9.37 8.65 8.15 8.07 8.44 9.22 9.99 10.32 10.50 10.74 11.09 11.25 11.43 11.59 11.47 11.12 10.38 9.54 9.33 9.23 9.01 8.76 8.66 8.82 8.83 8.44 7.78 7.11 6.63 6.43 6.46 6.63 6.84 7.04 7.17 7.22 7.19 7.07 6.94 6.95 7.20
11.63 11.53 11.56 11.45 11.05 9.98 8.74 7.48 6.81 6.77 6.82 6.98 7.76 8.93 9.97 10.68 11.44 11.58 10.92 10.22 9.99 10.04 10.06 10.08 10.13 10.24 10.39 10.41 10.52 11.00 11.63 12.04 12.14 12.22 12.41 12.71 12.74 12.33 11.53 10.47 9.29 8.32 7.89 7.79 7.86 8.19 8.40 8.67 9.36 10.32 10.97 11.49 11.86 12.36 12.60 12.49 11.95 11.34 10.55 9.60 8.69 8.13 7.98 7.81 7.39 6.80 6.34 6.29 6.54 6.79 6.92 6.91 6.83 6.76 6.74 6.69 6.59 6.58 6.83
11.84 12.08 12.64 12.46 11.79 10.63 9.16 8.01 7.54 7.30 7.07 6.98 7.46 8.40 9.09 9.52 10.11 10.40 9.97 9.32 9.02 9.06 9.23 9.57 9.83 10.05 10.47 10.84 10.95 11.07 11.61 12.32 13.02 13.91 14.90 15.61 15.74 15.28 14.47 13.37 11.94 10.31 8.87 7.95 7.53 7.64 8.28 8.88 9.69 10.42 10.79 10.81 10.97 11.53 12.16 12.38 11.96 11.17 10.23 9.33 8.51 7.93 7.70 7.72 7.68 7.38 7.01 6.92 6.99 7.04 7.02 6.95 6.91 7.06 7.36 7.62 7.77 7.93 8.01
11.85 12.55 13.33 13.13 12.39 11.50 10.22 9.45 9.28 9.17 8.61 8.07 8.03 8.26 8.37 8.50 8.88 9.33 9.47 9.25 8.99 8.68 8.57 8.89 9.34 9.73 10.26 10.91 11.39 11.69 12.26 13.07 14.12 15.20 16.02 16.40 16.41 16.23 15.97 15.52 14.66 13.30 11.68 10.13 9.04 8.98 9.43 10.14 10.72 10.85 10.58 9.62 8.88 8.24 8.65 9.45 9.78 9.48 9.00 8.50 8.00 7.59 7.42 7.70 8.37 8.67 8.60 8.40 7.91 7.40 7.30 7.49 7.88 8.50 9.14 9.65 10.07 10.41 10.47
11.88 12.39 13.39 13.52 13.03 12.52 12.02 11.93 11.97 11.71 11.06 10.17 9.30 8.62 8.08 7.77 8.13 8.97 9.67 9.90 9.72 9.26 8.91 9.00 9.38 9.72 10.03 10.58 11.53 12.59 13.41 14.08 14.58 14.75 14.49 13.98 13.97 14.60 15.29 15.72 15.73 15.15 14.01 12.43 10.98 10.20 10.03 10.48 10.92 10.84 10.10 8.97 7.84 6.94 6.71 7.07 7.71 8.11 8.16 7.99 7.73 7.51 7.53 8.01 9.00 9.91 10.23 9.87 9.08 8.19 8.09 8.69 9.48 10.25 11.00 11.65 12.16 12.38 12.26
11.20 11.34 12.44 13.58 14.07 14.23 14.41 14.65 14.76 14.23 13.36 12.38 11.23 9.77 8.44 7.90 8.16 9.12 10.11 10.61 10.56 10.20 9.80 9.62 9.77 10.15 10.59 11.26 12.29 13.33 13.79 13.84 13.42 12.59 11.46 10.74 10.97 11.90 12.88 13.70 14.41 14.90 14.83 14.08 12.78 11.43 10.70 10.65 10.61 10.25 9.33 8.78 8.26 7.45 6.72 6.41 6.77 7.44 7.87 7.96 7.93 8.05 8.40 8.97 9.79 10.54 10.95 10.84 10.26 9.69 9.45 9.92 10.53 11.28 11.97 12.42 12.45 12.10 11.33
10.19 9.85 10.47 12.43 14.01 14.95 15.40 15.55 15.62 15.29 14.65 13.88 12.94 11.41 9.86 9.04 8.98 9.40 10.01 10.43 10.55 10.43 10.15 9.91 10.05 10.57 11.25 11.90 12.33 12.43 12.13 11.38 10.28 9.13 8.53 8.70 9.21 9.60 9.81 10.44 11.44 12.57 13.64 14.17 13.86 12.73 11.54 10.92 10.15 9.04 8.18 7.96 7.57 6.98 6.38 6.15 6.48 7.22 7.96 8.45 8.74 9.05 9.49 9.93 10.28 10.51 10.86 11.28 11.35 11.12 10.94 11.03 11.52 12.04 12.13 11.63 10.59 9.27 8.16
10.50 10.03 9.89 10.66 12.01 13.18 13.70 13.81 13.72 13.73 13.81 13.74 13.49 12.79 11.74 10.67 10.01 9.68 9.56 9.50 9.59 9.75 9.78 9.73 9.85 10.18 10.47 10.44 9.96 9.25 8.46 7.44 6.50 5.96 6.14 6.80 7.13 7.07 7.10 7.54 8.25 9.24 10.47 11.77 12.71 12.68 11.95 11.09 10.15 8.80 7.69 6.82 6.31 6.13 6.07 6.26 6.77 7.50 8.33 9.18 9.78 10.11 10.30 10.50 10.64 10.79 11.18 11.80 12.18 12.12 11.98 12.09 12.29 12.01 10.97 9.29 7.64 6.72 6.39
11.22 11.32 10.69 9.95 9.46 9.66 9.87 9.71 9.48 9.83 10.51 11.30 11.90 12.32 12.31 11.74 10.84 10.03 9.37 8.83 8.62 8.88 9.14 9.18 9.05 8.78 8.29 7.55 6.68 5.99 5.56 5.39 5.38 5.38 5.37 5.30 5.22 5.43 5.71 5.92 6.13 6.52 7.20 8.38 10.01 11.66 11.90 11.52 10.76 9.68 8.20 6.97 6.47 6.54 6.85 7.24 7.62 8.06 8.72 9.70 10.72 11.21 11.42 11.58 11.78 12.11 12.48 12.84 13.08 12.97 12.75 12.68 12.12 10.62 8.78 7.36 6.73 6.58 6.78
11.21 11.29 10.79 9.62 7.78 6.54 5.87 5.49 5.47 5.69 6.27 7.06 8.17 9.47 10.77 11.37 11.13 10.34 9.46 8.74 8.43 8.55 8.69 8.54 8.08 7.40 6.68 6.16 5.79 5.41 5.26 5.61 6.31 6.70 6.52 6.18 5.94 6.01 6.32 6.56 6.57 6.64 7.06 8.15 9.74 11.57 12.24 12.08 11.27 10.01 8.87 8.18 7.88 8.05 8.38 8.66 8.72 8.83 9.39 10.55 11.75 12.69 13.22 13.42 13.59 13.98 14.33 14.58 14.71 14.52 13.95 12.94 11.18 9.40 8.37 8.01 8.00 7.94 8.03
10.44 9.95 9.37 8.68 6.95 5.35 4.40 4.15 4.26 4.68 5.19 5.67 6.39 7.55 8.94 10.23 10.77 10.49 9.79 9.19 8.89 8.77 8.61 8.26 7.74 7.24 6.94 6.94 7.03 6.92 6.58 6.47 6.98 7.88 8.36 8.44 8.27 8.04 8.03 8.33 8.75 9.24 9.83 10.84 12.01 12.77 12.82 12.56 11.80 10.74 9.80 9.39 9.31 9.49 9.83 10.16 10.14 10.29 10.97 12.13 13.45 14.54 15.23 15.46 15.37 15.37 15.62 15.98 16.32 16.05 15.12 13.55 11.27 10.20 10.16 10.38 10.34 9.99 9.76
10.44 9.74 8.85 8.08 7.23 6.35 5.88 6.08 6.63 7.37 7.98 8.32 8.68 8.96 9.23 9.60 10.16 10.44 10.24 9.88 9.50 9.14 8.77 8.41 8.12 7.98 8.02 8.17 8.43 8.64 8.48 7.94 7.85 8.55 9.49 10.18 10.39 10.24 10.01 10.26 11.07 11.83 12.56 13.17 13.40 12.97 12.42 12.26 12.02 11.53 10.78 10.30 10.29 10.66 11.09 11.40 11.66 11.90 12.75 13.94 14.98 15.59 15.91 16.05 15.90 15.61 15.45 15.55 16.05 16.29 16.04 15.45 14.06 13.44 13.69 14.02 13.99 13.49 13.09
10.92 10.55 9.59 8.64 8.29 8.48 9.00 9.76 10.64 11.40 11.98 12.29 12.22 11.58 10.63 9.98 9.99 10.34 10.48 10.33 10.00 9.62 9.25 8.95 8.82 8.84 8.88 8.99 9.32 9.88 10.24 10.16 9.97 10.04 10.61 11.51 12.27 12.48 12.50 12.75 13.26 13.74 13.90 13.55 12.56 11.18 10.27 10.50 11.30 11.54 11.55 11.37 11.49 11.84 12.14 12.21 12.48 13.05 14.01 14.78 15.02 14.82 14.54 14.55 14.73 14.79 14.67 14.39 14.38 15.00 16.16 16.94 17.52 17.56 17.66 18.16 18.49 18.37 17.94
10.73 10.20 9.32 8.75 9.27 10.30 11.64 12.94 13.94 14.42 14.56 14.45 14.07 13.12 12.00 11.06 10.60 10.55 10.61 10.56 10.42 10.27 10.10 9.93 9.73 9.61 9.65 9.81 10.10 10.69 11.53 12.27 12.78 13.12 13.42 13.87 14.23 14.32 14.49 14.73 14.72 14.32 13.51 12.22 10.54 8.96 8.25 8.71 10.27 11.40 12.12 12.50 12.73 12.77 12.73 12.61 12.99 13.75 14.19 14.23 13.56 12.65 11.98 11.87 12.36 13.03 13.41 13.30 12.85 13.10 14.61 16.39 17.76 18.43 18.93 19.76 20.32 20.39 20.02
9.98 9.31 8.64 8.96 10.33 12.12 13.58 14.58 15.12 15.07 14.71 14.34 13.97 13.43 12.85 12.15 11.44 10.93 10.79 10.82 10.90 11.07 11.29 11.39 11.26 11.00 11.05 11.20 11.41 11.91 12.88 14.09 15.10 15.81 16.13 15.94 15.52 15.19 15.08 14.90 14.22 13.00 11.48 9.88 8.61 7.94 7.86 8.69 10.37 11.86 13.14 13.98 14.24 13.96 13.51 13.36 13.63 13.73 13.57 12.71 11.44 10.21 9.26 8.75 9.14 9.70 10.29 10.60 10.57 10.76 11.55 13.04 14.62 15.73 16.61 17.41 17.93 18.07 18.23
10.89 10.25 10.01 11.09 12.64 13.93 14.52 14.64 14.41 13.72 13.18 12.88 12.65 12.67 12.64 12.32 11.76 11.19 11.06 11.32 11.78 12.41 13.03 13.42 13.50 13.33 13.25 13.33 13.56 14.04 14.88 15.73 16.26 16.41 16.12 15.52 14.95 14.35 13.85 13.02 11.78 10.41 9.03 7.96 7.65 8.01 8.83 10.18 11.42 12.84 14.04 14.71 15.03 15.14 14.69 14.23 13.83 13.25 12.32 10.76 9.21 7.87 6.49 5.71 5.59 5.62 5.74 6.28 7.02 7.48 8.41 9.24 10.05 10.72 11.35 12.09 12.17 12.47 13.10
12.11 12.50 13.49 14.28 14.70 14.79 14.25 13.46 12.59 12.01 11.73 11.50 11.34 11.43 11.61 11.66 11.49 11.28 11.44 11.96 12.77 13.66 14.42 15.00 15.20 15.22 15.24 15.39 15.70 16.13 16.41 16.25 15.65 14.73 13.64 12.84 12.68 12.25 11.37 10.09 8.79 8.00 7.53 7.58 8.08 8.83 9.98 11.18 12.35 13.47 14.06 14.46 14.77 15.11 15.13 14.58 13.61 12.37 10.77 9.13 7.56 5.92 4.60 3.88 3.55 3.39 3.44 3.85 4.63 5.51 6.27 6.90 7.20 7.34 7.40 7.81 8.33 9.10 9.89
12.49 13.59 15.04 15.33 15.04 14.30 13.19 12.24 11.29 10.97 10.92 10.70 10.52 10.50 10.66 10.95 11.14 11.32 11.64 11.98 12.37 12.84 13.49 14.33 14.92 15.37 15.76 16.13 16.39 16.38 15.83 14.63 13.02 11.70 10.84 10.44 10.14 9.46 8.45 7.66 7.13 7.00 7.35 8.23 9.05 9.89 10.90 11.81 12.73 13.20 13.13 13.00 13.21 13.72 14.12 13.95 13.12 11.81 10.15 8.67 7.26 5.75 4.64 4.02 3.78 3.79 4.07 4.67 5.29 5.54 5.66 5.76 5.72 5.62 5.57 5.88 6.80 7.96 8.67
12.46 13.33 14.43 14.57 14.06 12.99 11.98 11.26 10.72 10.45 10.29 10.02 9.89 9.89 10.11 10.51 10.95 11.24 11.34 11.15 10.88 10.73 11.01 11.80 13.04 14.11 14.93 15.33 15.22 14.51 13.20 11.48 9.79 8.82 8.42 8.16 7.51 6.82 6.48 6.60 6.98 7.60 8.47 9.27 10.23 11.26 11.90 12.47 12.69 12.43 12.05 11.90 12.02 12.31 12.70 12.94 12.75 12.05 10.74 9.29 8.08 7.14 6.54 6.31 6.22 6.18 6.53 6.83 6.58 6.06 5.59 5.39 5.09 4.68 4.57 5.04 5.91 6.64 7.01
12.40 12.23 12.53 13.02 12.69 12.19 11.27 10.43 10.05 9.82 9.54 9.33 9.21 9.28 9.70 10.28 10.84 11.11 11.07 10.79 10.54 10.48 10.78 11.51 12.60 13.44 13.78 13.59 12.86 11.71 10.28 8.95 7.72 6.91 6.44 6.21 6.05 6.01 6.17 6.76 7.78 8.93 9.70 10.54 11.58 12.47 12.97 13.03 12.52 11.76 11.20 11.00 11.02 11.30 11.85 12.35 12.73 12.68 11.98 10.78 9.78 9.23 9.02 8.97 8.92 8.97 8.97 8.43 7.42 6.72 6.40 5.81 5.04 4.49 4.45 4.78 5.10 5.22 5.45
12.33 11.70 11.20 11.66 12.23 12.32 11.85 10.87 10.21 9.90 9.56 9.36 9.24 9.32 9.71 10.30 10.93 11.39 11.64 11.72 11.94 12.43 13.09 13.62 13.71 13.29 12.49 11.49 10.40 9.39 8.34 7.48 6.91 6.57 6.26 6.10 6.37 6.93 7.32 7.74 8.61 9.58 10.55 11.67 12.69 13.43 13.64 13.29 12.43 11.32 10.32 9.75 9.88 10.47 11.30 12.13 12.75 13.17 13.20 12.78 12.27 12.00 11.97 11.98 11.89 11.53 10.86 10.06 9.27 8.83 8.14 7.07 5.80 5.22 5.14 5.01 4.85 4.84 5.10
12.32 11.58 10.70 10.87 11.60 12.40 12.77 12.35 11.67 11.31 11.07 10.72 10.63 10.66 10.77 10.91 11.30 11.92 12.51 12.98 13.49 14.03 14.30 14.06 13.26 12.02 10.70 9.46 8.38 7.69 7.35 7.14 7.09 7.39 7.59 7.60 7.71 8.22 8.80 9.01 9.33 9.96 11.11 12.33 13.31 13.84 13.78 13.23 12.39 11.22 9.84 9.05 9.24 10.03 10.92 11.64 12.25 13.11 13.75 14.10 14.47 14.94 15.50 15.87 15.50 14.67 13.49 12.52 12.12 11.52 10.08 8.35 7.26 6.97 6.70 6.00 5.52 5.58 5.81
11.91 10.96 9.90 9.95 10.54 11.83 12.83 13.14 12.79 12.47 12.29 11.98 11.93 12.01 12.03 11.84 11.71 11.98 12.58 13.17 13.57 13.55 12.95 11.83 10.63 9.55 8.63 7.81 7.17 7.00 7.26 7.84 8.35 8.66 9.03 9.30 9.40 9.61 10.09 10.20 10.25 10.66 11.73 12.69 13.42 13.56 13.17 12.70 12.34 11.75 10.66 9.61 9.44 9.88 10.28 10.81 11.67 12.86 13.77 14.60 15.41 16.27 17.12 17.63 18.00 17.60 16.62 15.66 14.70 13.54 12.04 10.45 9.64 9.18 8.57 7.82 7.51 7.60 7.55
11.51 10.82 9.91 9.66 9.94 10.81 12.10 12.98 13.08 12.67 12.10 11.60 11.53 11.71 11.91 11.88 11.60 11.56 11.89 12.16 12.02 11.25 10.04 8.79 7.81 7.11 6.69 6.60 6.75 7.17 8.12 9.22 9.85 10.17 10.37 10.64 10.93 11.08 11.14 11.26 11.43 11.79 12.23 12.71 12.78 12.36 11.74 11.65 12.17 12.47 12.16 11.40 10.50 10.31 10.35 10.85 11.83 12.99 13.68 14.39 14.92 15.75 16.47 16.95 17.71 18.12 18.08 17.78 17.07 16.09 15.29 14.48 13.45 12.04 10.73 10.17 10.20 10.32 9.77
11.98 11.77 11.05 10.38 10.25 10.50 11.40 12.51 13.08 12.91 12.13 11.35 10.96 10.86 10.93 10.96 11.00 11.09 11.15 10.71 9.66 8.29 7.06 6.14 5.42 4.93 4.73 5.11 6.11 7.57 9.09 10.12 10.87 11.34 11.60 11.80 11.91 11.86 11.76 11.83 12.17 12.37 12.56 12.43 11.81 10.73 10.34 10.64 11.46 12.57 12.96 12.67 12.02 11.45 11.27 11.49 11.99 12.73 13.24 13.60 13.64 13.53 13.15 13.36 14.47 15.97 17.11 17.98 18.56 18.56 18.55 18.20 17.17 15.65 14.01 13.24 12.90 12.30 11.12
12.25 11.88 11.34 10.88 10.65 10.65 11.00 11.94 12.95 13.46 13.26 12.50 11.83 11.23 10.80 10.51 10.58 10.70 10.29 9.13 7.54 6.18 5.20 4.56 4.24 4.06 3.92 4.10 5.06 6.64 8.23 9.25 10.07 10.82 11.42 11.81 11.77 11.70 11.62 11.76 12.06 12.37 12.58 12.30 11.66 10.65 10.11 10.19 10.70 11.58 12.61 12.90 12.86 12.39 11.96 11.57 11.56 11.76 12.13 12.11 11.88 11.26 10.60 10.57 11.27 12.67 14.52 16.19 17.49 18.30 18.90 19.23 18.82 18.07 17.15 16.09 14.66 12.86 10.89
11.35 10.42 9.63 9.83 10.11 10.23 10.33 10.91 12.11 13.23 13.71 13.32 12.59 11.86 11.27 10.76 10.56 10.23 9.34 7.99 6.83 6.01 5.38 4.95 4.79 4.85 4.88 4.81 4.98 5.51 6.15 6.86 7.58 8.39 9.21 9.87 10.33 10.64 10.95 11.37 11.56 11.81 11.88 11.61 11.23 10.63 9.91 9.71 9.90 10.42 11.29 12.29 12.62 12.46 11.92 11.11 10.76 10.63 10.81 10.64 10.17 9.35 8.89 9.24 10.04 10.90 11.93 13.03 14.15 15.07 15.85 16.63 17.39 17.74 17.73 17.28 15.50 12.84 10.80
9.85 8.87 8.01 8.30 8.66 8.67 8.63 9.15 10.20 11.69 12.80 13.05 12.57 11.89 11.40 10.93 10.55 9.94 9.07 8.28 7.77 7.50 7.25 7.00 6.86 6.98 6.98 6.81 6.45 6.16 6.15 6.20 6.28 6.53 7.04 7.86 8.92 9.60 10.25 10.81 10.89 10.81 10.30 9.39 8.44 8.07 8.04 8.13 8.40 9.21 10.08 11.06 11.75 11.76 11.17 10.45 10.05 10.04 9.99 9.75 9.08 8.12 8.04 8.49 9.28 9.93 10.30 10.56 10.97 11.54 11.64 12.35 13.72 15.12 16.22 16.87 16.31 14.38 12.29
9.68 9.16 8.75 8.66 8.15 7.69 7.60 7.82 8.46 9.72 11.26 12.30 12.47 11.97 11.40 10.83 10.38 9.94 9.56 9.37 9.46 9.55 9.63 9.55 9.44 9.38 9.30 8.93 8.46 8.08 7.85 7.56 7.13 6.73 6.74 7.33 8.28 9.01 9.72 10.26 10.28 9.80 8.64 6.84 5.81 5.75 6.21 6.83 7.63 8.41 9.25 10.04 10.64 10.88 10.45 10.15 10.03 10.10 9.91 9.68 9.17 8.55 8.51 8.50 8.59 8.50 8.52 8.84 9.30 9.69 9.84 10.12 10.99 12.30 13.42 15.03 16.29 16.09 14.58
