project/data/elevation/US_DEM2016/US_DEM2016_point_10-30-2019_0124_30m_vel.asc
ncols	125
nrows	167
xllcorner	-2042055.000000
yllcorner	1465035.000000
cellsize	30.000000
NODATA_value	-9999.000000
[rows 38 to 75 of 167, columns 0 to 83 of 125]
2.68 2.43 1.89 1.56 1.38 1.31 1.23 1.07 0.93 0.93 1.11 1.16 1.19 1.12 1.00 0.76 0.79 0.67 0.93 1.03 1.14 1.19 1.22 1.28 1.39 1.52 1.64 1.77 1.86 1.81 1.60 1.39 1.32 1.36 1.47 1.61 1.71 1.77 1.88 1.93 1.84 1.75 1.81 1.90 1.87 1.71 1.52 1.34 1.19 1.02 0.91 0.98 1.24 1.26 0.84 0.73 1.03 1.48 2.00 2.43 2.47 2.11 1.67 1.38 1.15 1.01 0.98 1.07 1.25 1.46 1.36 1.07 1.27 1.67 1.51 1.15 1.21 1.57 1.82 1.75 1.52 1.62 1.88 1.88
2.77 2.47 1.89 1.55 1.38 1.34 1.28 1.11 0.96 0.96 1.06 1.11 1.05 1.05 0.96 0.87 0.77 0.96 0.75 0.97 1.07 1.15 1.18 1.21 1.33 1.47 1.56 1.69 1.83 1.86 1.74 1.55 1.43 1.42 1.54 1.69 1.76 1.81 1.92 1.93 1.73 1.57 1.71 1.92 1.93 1.73 1.48 1.31 1.22 1.09 0.98 0.95 1.07 1.14 0.85 0.78 1.10 1.55 2.03 2.44 2.48 2.12 1.67 1.43 1.26 1.10 1.02 1.05 1.19 1.37 1.34 1.13 1.27 1.66 1.58 1.16 1.09 1.47 1.83 1.74 1.35 1.40 1.83 1.95
2.81 2.50 1.91 1.54 1.42 1.37 1.29 1.13 1.03 1.06 1.11 1.07 0.90 0.75 0.91 0.60 0.90 1.05 0.94 0.88 0.99 1.13 1.18 1.21 1.31 1.41 1.49 1.58 1.72 1.84 1.85 1.73 1.61 1.61 1.69 1.76 1.79 1.82 1.89 1.86 1.60 1.36 1.52 1.89 2.01 1.86 1.52 1.33 1.24 1.18 1.07 0.93 0.92 0.98 0.84 0.84 1.16 1.55 1.99 2.42 2.52 2.18 1.66 1.47 1.37 1.24 1.15 1.13 1.18 1.28 1.29 1.21 1.33 1.65 1.62 1.19 1.01 1.37 1.80 1.70 1.19 1.14 1.57 1.86
2.76 2.47 1.92 1.57 1.45 1.39 1.28 1.15 1.09 1.13 1.13 1.00 0.75 0.61 0.78 1.02 1.13 1.11 0.98 0.88 1.00 1.16 1.22 1.24 1.31 1.41 1.45 1.50 1.62 1.75 1.88 1.87 1.80 1.79 1.82 1.83 1.79 1.76 1.81 1.79 1.52 1.24 1.30 1.70 2.05 2.00 1.68 1.39 1.28 1.22 1.11 0.90 0.78 0.79 0.81 0.90 1.19 1.47 1.84 2.36 2.57 2.28 1.75 1.51 1.44 1.34 1.27 1.22 1.21 1.24 1.27 1.27 1.39 1.63 1.62 1.22 1.00 1.34 1.75 1.64 1.12 0.99 1.30 1.66
2.66 2.40 1.92 1.62 1.49 1.42 1.31 1.19 1.15 1.16 1.10 0.91 0.61 0.60 0.85 1.07 1.16 1.16 1.05 0.98 1.08 1.22 1.27 1.27 1.31 1.37 1.41 1.46 1.55 1.66 1.86 1.97 1.98 1.91 1.86 1.82 1.74 1.65 1.67 1.70 1.53 1.21 1.09 1.49 2.00 2.11 1.87 1.48 1.31 1.26 1.15 0.91 0.69 0.63 0.75 0.95 1.20 1.38 1.64 2.23 2.54 2.37 1.92 1.64 1.48 1.36 1.31 1.28 1.26 1.25 1.24 1.28 1.41 1.59 1.59 1.27 1.10 1.37 1.68 1.55 1.09 0.96 1.23 1.58
2.60 2.36 1.91 1.65 1.53 1.45 1.36 1.26 1.20 1.14 1.03 0.79 0.52 0.27 0.95 1.12 1.19 1.20 1.13 1.09 1.17 1.28 1.31 1.28 1.30 1.34 1.38 1.45 1.54 1.62 1.87 2.10 2.11 1.92 1.78 1.77 1.70 1.56 1.50 1.56 1.55 1.28 1.00 1.27 1.91 2.21 2.03 1.57 1.33 1.25 1.15 0.98 0.73 0.56 0.70 0.98 1.19 1.32 1.54 2.03 2.41 2.40 2.08 1.78 1.52 1.36 1.35 1.36 1.30 1.20 1.16 1.23 1.39 1.54 1.55 1.38 1.27 1.44 1.61 1.45 1.08 1.03 1.30 1.55
2.55 2.32 1.91 1.67 1.56 1.49 1.40 1.30 1.20 1.08 0.93 0.66 0.46 0.35 1.03 1.16 1.21 1.23 1.20 1.19 1.23 1.29 1.30 1.26 1.28 1.33 1.38 1.46 1.57 1.68 1.97 2.23 2.19 1.83 1.63 1.72 1.71 1.55 1.35 1.35 1.45 1.31 1.02 1.15 1.80 2.27 2.16 1.69 1.35 1.23 1.15 1.02 0.79 0.59 0.71 0.99 1.16 1.27 1.46 1.84 2.28 2.42 2.20 1.85 1.54 1.43 1.42 1.35 1.24 1.13 1.15 1.26 1.39 1.49 1.52 1.48 1.46 1.51 1.52 1.37 1.11 1.12 1.34 1.51
2.48 2.28 1.91 1.70 1.59 1.50 1.39 1.29 1.17 1.01 0.83 0.57 0.47 0.76 1.12 1.22 1.24 1.26 1.27 1.25 1.24 1.25 1.25 1.22 1.26 1.34 1.39 1.49 1.65 1.82 2.10 2.29 2.19 1.77 1.51 1.64 1.73 1.61 1.33 1.20 1.26 1.26 1.08 1.16 1.74 2.29 2.27 1.80 1.41 1.23 1.12 1.01 0.85 0.70 0.76 0.97 1.10 1.19 1.34 1.68 2.18 2.45 2.30 1.92 1.65 1.53 1.43 1.29 1.19 1.17 1.24 1.36 1.44 1.46 1.50 1.56 1.61 1.57 1.61 1.33 1.15 1.12 1.30 1.49
2.44 2.26 1.92 1.72 1.60 1.49 1.36 1.25 1.14 0.98 0.76 0.52 0.57 0.91 1.20 1.25 1.26 1.29 1.31 1.26 1.22 1.21 1.19 1.20 1.27 1.35 1.42 1.57 1.78 1.98 2.16 2.28 2.18 1.81 1.43 1.46 1.64 1.65 1.43 1.14 1.03 1.10 1.13 1.27 1.74 2.26 2.31 1.87 1.45 1.23 1.13 1.08 1.02 0.90 0.85 0.87 0.98 1.10 1.24 1.57 2.07 2.44 2.36 2.02 1.75 1.59 1.39 1.27 1.25 1.31 1.39 1.44 1.48 1.49 1.54 1.61 1.64 1.57 1.48 1.38 1.52 1.13 1.23 1.49
2.49 2.28 1.91 1.72 1.60 1.47 1.32 1.21 1.10 0.95 0.68 0.50 0.37 0.97 1.22 1.26 1.29 1.33 1.32 1.27 1.23 1.20 1.18 1.20 1.28 1.38 1.48 1.68 1.95 2.09 2.09 2.14 2.22 1.93 1.42 1.28 1.44 1.60 1.52 1.20 0.91 0.98 1.17 1.39 1.72 2.18 2.31 1.92 1.43 1.22 1.20 1.25 1.27 1.14 0.89 0.74 0.84 1.00 1.15 1.46 1.96 2.38 2.41 2.11 1.83 1.61 1.42 1.33 1.34 1.42 1.46 1.48 1.50 1.55 1.60 1.66 1.66 1.57 1.50 1.43 1.25 1.14 1.22 1.45
2.54 2.30 1.86 1.66 1.58 1.46 1.31 1.17 1.05 0.87 0.58 0.51 0.78 1.00 1.19 1.23 1.30 1.35 1.35 1.29 1.24 1.20 1.19 1.21 1.28 1.41 1.55 1.81 2.11 2.12 1.94 1.97 2.19 2.01 1.46 1.13 1.23 1.46 1.52 1.26 0.93 0.97 1.23 1.42 1.67 2.14 2.33 1.97 1.43 1.25 1.33 1.51 1.51 1.23 0.86 0.64 0.69 0.91 1.08 1.35 1.83 2.32 2.42 2.16 1.88 1.68 1.55 1.49 1.46 1.49 1.50 1.50 1.50 1.54 1.62 1.68 1.68 1.60 1.50 1.39 1.23 1.14 1.21 1.35
2.53 2.30 1.79 1.55 1.52 1.45 1.31 1.15 0.98 0.73 0.50 0.59 0.95 1.10 1.15 1.19 1.29 1.36 1.38 1.32 1.26 1.23 1.21 1.22 1.30 1.44 1.63 1.97 2.25 2.11 1.79 1.83 2.10 2.03 1.56 1.10 1.05 1.23 1.36 1.22 1.03 1.07 1.28 1.42 1.62 2.08 2.34 2.05 1.55 1.41 1.59 1.71 1.56 1.16 0.74 0.52 0.55 0.82 1.02 1.26 1.68 2.16 2.34 2.23 1.97 1.79 1.66 1.56 1.50 1.50 1.52 1.53 1.52 1.54 1.59 1.64 1.62 1.55 1.42 1.30 1.20 1.14 1.19 1.24
2.55 2.31 1.78 1.49 1.43 1.41 1.31 1.15 0.92 0.59 0.47 0.75 1.12 1.19 1.14 1.18 1.26 1.34 1.38 1.34 1.29 1.27 1.24 1.24 1.31 1.47 1.75 2.16 2.36 2.07 1.63 1.72 1.97 1.99 1.70 1.22 0.95 0.99 1.16 1.19 1.14 1.21 1.35 1.45 1.62 1.97 2.26 2.11 1.72 1.65 1.79 1.73 1.45 0.99 0.59 0.39 0.43 0.76 0.98 1.18 1.53 2.00 2.27 2.28 2.09 1.87 1.72 1.56 1.47 1.46 1.49 1.53 1.52 1.52 1.55 1.58 1.55 1.46 1.32 1.22 1.16 1.16 1.15 1.17
2.59 2.34 1.82 1.49 1.35 1.31 1.31 1.20 0.90 0.51 0.49 0.90 1.20 1.20 1.13 1.15 1.22 1.29 1.35 1.35 1.34 1.32 1.28 1.27 1.34 1.53 1.87 2.31 2.41 1.95 1.51 1.58 1.77 1.89 1.77 1.38 0.89 0.81 1.03 1.20 1.25 1.35 1.46 1.53 1.65 1.91 2.15 2.08 1.89 1.83 1.80 1.60 1.25 0.83 0.47 0.29 0.36 0.69 0.95 1.13 1.42 1.84 2.30 2.41 2.25 1.94 1.71 1.55 1.46 1.43 1.45 1.49 1.49 1.49 1.51 1.54 1.56 1.46 1.29 1.21 1.19 1.17 1.12 1.09
2.62 2.35 1.84 1.52 1.30 1.21 1.27 1.24 0.91 0.48 0.54 0.99 1.24 1.19 1.09 1.10 1.18 1.26 1.33 1.36 1.38 1.38 1.35 1.35 1.42 1.60 1.96 2.39 2.42 1.89 1.48 1.48 1.55 1.68 1.76 1.42 0.87 0.75 1.01 1.24 1.36 1.46 1.52 1.59 1.76 1.97 2.11 2.06 1.88 1.78 1.70 1.44 1.11 0.73 0.40 0.22 0.32 0.64 0.93 1.12 1.38 1.77 2.27 2.55 2.44 2.03 1.74 1.56 1.48 1.45 1.45 1.47 1.48 1.47 1.46 1.48 1.55 1.49 1.31 1.23 1.26 1.26 1.16 1.18
2.64 2.35 1.85 1.53 1.30 1.14 1.20 1.23 0.92 0.49 0.17 0.87 1.23 1.15 1.05 1.06 1.16 1.24 1.30 1.36 1.41 1.44 1.44 1.48 1.54 1.67 2.01 2.40 2.42 1.97 1.54 1.43 1.42 1.52 1.63 1.34 0.84 0.78 1.04 1.26 1.42 1.52 1.58 1.69 1.92 2.12 2.17 2.02 1.77 1.69 1.63 1.40 1.05 0.69 0.35 0.18 0.31 0.64 0.94 1.16 1.40 1.73 2.22 2.60 2.56 2.16 1.80 1.61 1.54 1.51 1.45 1.40 1.40 1.41 1.39 1.40 1.53 1.53 1.35 1.23 1.28 1.35 1.27 1.14
2.62 2.34 1.85 1.54 1.30 1.09 1.08 1.15 0.92 0.53 0.60 0.76 1.17 1.07 1.00 1.04 1.15 1.21 1.26 1.34 1.45 1.50 1.53 1.59 1.64 1.75 2.03 2.36 2.41 2.09 1.64 1.39 1.30 1.35 1.42 1.16 0.81 0.85 1.07 1.25 1.43 1.58 1.67 1.86 2.14 2.27 2.17 1.87 1.53 1.52 1.59 1.44 1.08 0.68 0.33 0.16 0.32 0.69 0.99 1.21 1.40 1.67 2.12 2.57 2.64 2.32 1.93 1.68 1.55 1.45 1.38 1.34 1.36 1.37 1.32 1.34 1.50 1.55 1.42 1.27 1.29 1.39 1.39 1.27
2.59 2.32 1.85 1.55 1.30 1.06 0.97 1.02 0.88 0.58 0.63 0.66 1.08 0.97 0.95 0.89 1.15 1.19 1.22 1.32 1.46 1.56 1.62 1.67 1.73 1.83 2.05 2.32 2.40 2.14 1.67 1.34 1.19 1.15 1.15 0.97 0.81 0.93 1.11 1.25 1.43 1.62 1.80 2.10 2.36 2.34 2.05 1.63 1.35 1.38 1.54 1.47 1.11 0.70 0.33 0.20 0.38 0.76 1.05 1.21 1.35 1.56 1.98 2.49 2.70 2.47 2.03 1.72 1.51 1.39 1.33 1.33 1.37 1.35 1.28 1.30 1.45 1.52 1.45 1.36 1.75 1.46 1.53 1.38
2.52 2.29 1.84 1.53 1.28 1.05 0.92 0.90 0.77 0.58 0.66 0.41 0.63 0.95 0.99 1.10 1.18 1.22 1.24 1.31 1.45 1.59 1.66 1.72 1.80 1.91 2.07 2.29 2.38 2.14 1.65 1.33 1.17 1.02 0.87 0.80 0.86 1.02 1.15 1.29 1.47 1.69 1.98 2.36 2.48 2.28 1.84 1.46 1.20 1.21 1.43 1.43 1.11 0.68 0.36 0.30 0.49 0.82 1.06 1.17 1.27 1.45 1.84 2.39 2.71 2.56 2.09 1.71 1.49 1.40 1.37 1.38 1.36 1.27 1.19 1.32 1.50 1.63 1.41 1.42 1.48 1.61 1.66 1.42
2.48 2.25 1.78 1.48 1.25 1.04 0.92 0.85 0.67 0.52 0.31 0.86 0.98 1.01 1.08 1.17 1.22 1.28 1.31 1.34 1.45 1.59 1.67 1.77 1.88 1.96 2.06 2.27 2.35 2.09 1.65 1.34 1.16 0.94 0.70 0.70 0.90 1.06 1.19 1.34 1.55 1.80 2.19 2.53 2.49 2.07 1.64 1.30 1.09 1.10 1.32 1.36 1.07 0.62 0.37 0.39 0.60 0.85 1.03 1.13 1.24 1.40 1.76 2.33 2.71 2.58 2.08 1.71 1.54 1.47 1.45 1.42 1.30 1.18 1.14 1.23 1.34 1.37 1.40 1.52 1.67 1.76 1.65 1.49
2.51 2.24 1.72 1.43 1.24 1.09 0.98 0.84 0.60 0.45 0.60 0.83 0.98 1.06 1.15 1.21 1.26 1.33 1.38 1.40 1.48 1.58 1.68 1.81 1.92 1.93 2.04 2.28 2.32 2.01 1.60 1.31 1.09 0.81 0.57 0.63 0.88 1.06 1.21 1.39 1.61 1.92 2.37 2.59 2.37 1.86 1.46 1.21 1.03 1.03 1.23 1.27 0.98 0.57 0.37 0.47 0.69 0.88 1.04 1.14 1.24 1.40 1.74 2.30 2.64 2.51 2.04 1.76 1.64 1.57 1.47 1.34 1.21 1.18 1.21 1.29 1.35 1.39 1.49 1.66 1.79 1.74 1.51 1.13
2.55 2.23 1.66 1.35 1.22 1.14 1.06 0.87 0.57 0.41 0.43 0.82 0.98 0.98 1.16 1.24 1.32 1.38 1.42 1.44 1.48 1.59 1.72 1.83 1.89 1.89 2.05 2.33 2.31 1.93 1.51 1.25 1.02 0.74 0.51 0.59 0.85 1.07 1.21 1.40 1.65 2.01 2.46 2.60 2.24 1.67 1.34 1.17 1.04 1.02 1.10 1.10 0.87 0.54 0.42 0.57 0.77 0.94 1.10 1.17 1.28 1.46 1.76 2.23 2.48 2.41 2.05 1.84 1.75 1.63 1.43 1.24 1.18 1.25 1.36 1.42 1.46 1.52 1.63 1.76 1.75 1.58 1.32 1.01
2.54 2.22 1.62 1.28 1.16 1.12 1.11 0.94 0.61 0.43 0.59 0.84 0.97 1.08 1.16 1.25 1.36 1.41 1.41 1.44 1.51 1.64 1.76 1.80 1.79 1.87 2.14 2.40 2.30 1.87 1.48 1.24 1.02 0.72 0.53 0.59 0.87 1.08 1.20 1.38 1.65 2.03 2.51 2.64 2.23 1.60 1.28 1.19 1.11 1.06 1.02 0.95 0.75 0.50 0.49 0.66 0.83 1.02 1.18 1.26 1.36 1.57 1.82 2.13 2.31 2.29 2.15 1.99 1.82 1.61 1.37 1.20 1.21 1.37 1.51 1.57 1.61 1.65 1.69 1.69 1.60 1.40 1.18 0.94
2.54 2.21 1.59 1.24 1.06 1.02 1.07 0.97 0.68 0.51 0.65 0.89 0.99 1.05 1.12 1.21 1.33 1.40 1.40 1.41 1.53 1.71 1.78 1.72 1.64 1.85 2.30 2.53 2.31 1.82 1.48 1.26 1.03 0.77 0.56 0.58 0.85 1.09 1.19 1.32 1.57 1.98 2.52 2.69 2.30 1.63 1.30 1.25 1.20 1.09 0.98 0.87 0.64 0.45 0.53 0.71 0.86 1.08 1.23 1.36 1.51 1.71 1.86 1.99 2.11 2.19 2.22 2.15 1.87 1.56 1.35 1.24 1.30 1.48 1.58 1.63 1.63 1.62 1.60 1.54 1.44 1.29 1.11 0.89
2.55 2.20 1.57 1.21 1.00 0.92 0.95 0.90 0.72 0.62 0.76 0.95 1.01 1.03 1.06 1.13 1.24 1.36 1.44 1.48 1.60 1.75 1.76 1.63 1.58 1.89 2.46 2.64 2.31 1.71 1.41 1.27 1.08 0.82 0.55 0.51 0.77 1.05 1.15 1.25 1.45 1.89 2.44 2.66 2.34 1.74 1.38 1.31 1.24 1.10 0.95 0.78 0.54 0.38 0.52 0.73 0.89 1.11 1.34 1.52 1.67 1.76 1.81 1.78 1.81 2.04 2.31 2.28 1.95 1.55 1.39 1.37 1.43 1.53 1.61 1.64 1.60 1.52 1.47 1.44 1.36 1.24 1.09 1.18
2.52 2.17 1.53 1.15 0.95 0.85 0.82 0.77 0.72 0.75 0.89 1.02 1.08 1.07 1.03 1.04 0.93 1.26 1.48 1.62 1.71 1.76 1.68 1.55 1.59 2.00 2.58 2.69 2.27 1.59 1.29 1.23 1.12 0.87 0.53 0.42 0.66 0.96 1.10 1.21 1.40 1.83 2.40 2.61 2.32 1.78 1.49 1.37 1.26 1.08 0.87 0.66 0.42 0.32 0.51 0.75 0.92 1.17 1.47 1.68 1.73 1.71 1.68 1.57 1.62 1.95 2.36 2.39 2.00 1.60 1.49 1.48 1.46 1.53 1.63 1.65 1.57 1.44 1.40 1.42 1.36 1.25 1.11 0.91
2.43 2.12 1.51 1.11 0.90 0.78 0.69 0.64 0.74 0.89 1.03 1.12 1.19 1.17 1.09 1.04 0.90 1.17 1.47 1.71 1.81 1.81 1.69 1.55 1.66 2.13 2.63 2.68 2.20 1.53 1.22 1.14 1.09 0.87 0.54 0.42 0.64 0.93 1.08 1.21 1.45 1.91 2.43 2.59 2.29 1.79 1.53 1.44 1.29 1.07 0.83 0.61 0.38 0.31 0.52 0.79 0.98 1.28 1.61 1.74 1.65 1.56 1.50 1.41 1.57 2.01 2.43 2.43 2.03 1.68 1.59 1.56 1.49 1.52 1.64 1.69 1.56 1.36 1.31 1.41 1.41 1.29 1.17 1.01
2.36 2.07 1.49 1.09 0.85 0.70 0.57 0.58 0.75 0.97 1.12 1.23 1.31 1.29 1.23 1.16 1.09 1.14 1.38 1.67 1.83 1.89 1.81 1.69 1.79 2.21 2.61 2.59 2.13 1.51 1.19 1.07 0.98 0.79 0.56 0.50 0.72 0.99 1.13 1.28 1.56 2.03 2.47 2.58 2.25 1.78 1.56 1.48 1.31 1.07 0.84 0.62 0.38 0.32 0.55 0.85 1.08 1.40 1.70 1.68 1.49 1.43 1.39 1.37 1.61 2.11 2.53 2.46 2.01 1.72 1.65 1.60 1.55 1.54 1.60 1.68 1.57 1.32 1.23 1.38 1.45 1.32 1.22 1.13
2.31 2.03 1.46 1.05 0.81 0.61 0.50 0.58 0.79 0.99 1.16 1.30 1.36 1.36 1.34 1.30 1.21 1.16 1.26 1.54 1.78 1.95 2.00 1.92 1.96 2.28 2.54 2.44 2.03 1.51 1.20 1.05 0.93 0.76 0.59 0.60 0.81 1.05 1.18 1.35 1.66 2.11 2.49 2.56 2.23 1.78 1.57 1.46 1.29 1.08 0.90 0.65 0.38 0.38 0.59 0.93 1.22 1.50 1.67 1.55 1.35 1.35 1.34 1.38 1.67 2.22 2.58 2.42 1.95 1.75 1.67 1.61 1.61 1.56 1.52 1.59 1.58 1.35 1.19 1.31 1.43 1.36 1.27 1.23
2.26 1.98 1.43 1.02 0.75 0.55 0.49 0.62 0.48 0.99 1.14 1.28 1.37 1.43 1.46 1.46 1.39 1.25 1.23 1.41 1.68 1.96 2.09 2.11 2.16 2.34 2.41 2.26 1.87 1.48 1.22 1.06 0.95 0.78 0.61 0.62 0.83 1.05 1.20 1.38 1.69 2.13 2.49 2.54 2.25 1.81 1.57 1.41 1.21 1.07 0.96 0.72 0.42 0.44 0.66 1.03 1.33 1.49 1.49 1.37 1.28 1.28 1.29 1.43 1.78 2.33 2.57 2.34 1.89 1.74 1.68 1.60 1.65 1.63 1.48 1.48 1.53 1.43 1.41 1.34 1.42 1.83 1.28 1.30
2.20 1.93 1.38 0.97 0.68 0.49 0.51 0.67 0.84 0.97 1.09 1.20 1.34 1.47 1.55 1.60 1.58 1.45 1.31 1.35 1.59 1.92 2.11 2.25 2.33 2.31 2.25 2.04 1.70 1.42 1.23 1.09 0.97 0.75 0.55 0.54 0.75 0.98 1.16 1.40 1.71 2.11 2.46 2.56 2.32 1.86 1.55 1.33 1.13 1.02 0.99 0.82 0.52 0.46 0.75 1.12 1.35 1.37 1.25 1.27 1.27 1.20 1.28 1.52 1.89 2.36 2.60 2.36 1.90 1.72 1.69 1.59 1.60 1.65 1.52 1.43 1.49 1.53 1.42 1.41 1.41 1.31 1.28 1.40
2.15 1.87 1.31 0.93 0.62 0.44 0.52 0.72 0.86 0.95 1.00 1.10 1.25 1.43 1.57 1.65 1.68 1.64 1.45 1.36 1.54 1.87 2.11 2.35 2.43 2.26 2.04 1.84 1.56 1.35 1.22 1.13 1.01 0.74 0.50 0.48 0.68 0.92 1.15 1.42 1.72 2.05 2.37 2.56 2.40 1.92 1.49 1.24 1.08 1.01 1.01 0.91 0.66 0.66 0.76 1.11 1.26 1.20 1.13 1.25 1.26 1.16 1.30 1.58 1.89 2.32 2.62 2.47 1.99 1.70 1.66 1.59 1.54 1.57 1.53 1.45 1.47 1.59 1.50 1.50 1.47 1.36 1.33 1.50
2.09 1.80 1.24 0.88 0.57 0.42 0.55 0.78 0.92 0.97 0.98 1.03 1.17 1.35 1.51 1.63 1.73 1.79 1.66 1.44 1.54 1.85 2.14 2.42 2.44 2.18 1.90 1.69 1.49 1.32 1.22 1.16 1.04 0.79 0.53 0.48 0.65 0.91 1.17 1.45 1.69 1.95 2.26 2.53 2.46 1.96 1.45 1.20 1.09 1.06 1.07 1.01 0.77 0.60 0.70 1.01 1.12 1.11 1.13 1.26 1.25 1.18 1.32 1.57 1.83 2.21 2.56 2.52 2.10 1.77 1.66 1.56 1.44 1.41 1.43 1.43 1.44 1.49 1.54 1.56 1.55 1.46 1.42 1.58
2.01 1.71 1.17 0.81 0.52 0.44 0.60 0.85 1.01 1.06 1.05 1.08 1.19 1.29 1.42 1.57 1.71 1.86 1.86 1.64 1.60 1.85 2.19 2.42 2.37 2.08 1.82 1.64 1.46 1.33 1.24 1.17 1.04 0.83 0.61 0.52 0.65 0.91 1.17 1.43 1.61 1.82 2.17 2.54 2.52 2.00 1.45 1.24 1.19 1.16 1.14 1.04 0.78 0.58 0.61 0.90 1.03 1.11 1.20 1.26 1.25 1.25 1.37 1.55 1.79 2.08 2.37 2.41 2.16 1.86 1.66 1.50 1.34 1.27 1.32 1.37 1.41 1.50 1.59 1.64 1.64 1.57 1.53 1.69
1.94 1.63 1.10 0.73 0.48 0.48 0.66 0.88 1.06 1.17 1.20 1.22 1.25 1.29 1.37 1.51 1.66 1.86 1.96 1.84 1.72 1.91 2.23 2.36 2.21 1.96 1.79 1.65 1.48 1.35 1.27 1.17 1.02 0.85 0.67 0.56 0.66 0.91 1.16 1.34 1.50 1.72 2.12 2.56 2.58 2.07 1.55 1.37 1.31 1.22 1.13 0.98 0.71 0.52 0.62 0.86 1.00 1.13 1.24 1.28 1.29 1.35 1.47 1.63 1.80 1.94 2.14 2.30 2.21 1.94 1.66 1.48 1.34 1.27 1.31 1.38 1.43 1.56 1.68 1.77 1.78 1.69 1.66 1.81
1.85 1.55 1.02 0.62 0.46 0.52 0.70 0.89 1.07 1.21 1.31 1.36 1.36 1.33 1.38 1.51 1.65 1.85 1.99 1.95 1.84 1.96 2.21 2.25 2.04 1.83 1.75 1.69 1.54 1.41 1.30 1.16 0.99 0.84 0.67 0.55 0.65 0.90 1.10 1.23 1.39 1.65 2.06 2.52 2.58 2.14 1.65 1.44 1.33 1.18 1.06 0.92 0.68 0.48 0.56 0.83 0.99 1.11 1.26 1.31 1.35 1.47 1.57 1.68 1.77 1.76 1.88 2.23 2.30 2.03 1.72 1.52 1.41 1.35 1.38 1.42 1.49 1.68 1.87 1.95 1.88 1.74 1.69 1.77
1.77 1.47 0.92 0.54 0.46 0.57 0.75 0.92 1.09 1.24 1.37 1.45 1.46 1.43 1.46 1.58 1.73 1.91 2.03 2.00 1.91 1.96 2.13 2.14 1.95 1.76 1.71 1.71 1.62 1.49 1.36 1.18 0.99 0.84 0.65 0.52 0.62 0.85 1.02 1.17 1.35 1.59 2.00 2.48 2.58 2.19 1.70 1.46 1.32 1.17 1.03 0.90 0.71 0.49 0.51 0.78 0.97 1.08 1.24 1.34 1.42 1.56 1.63 1.65 1.64 1.55 1.66 2.15 2.37 2.14 1.79 1.59 1.53 1.49 1.49 1.49 1.57 1.84 2.08 2.06 1.87 1.68 1.61 1.64
1.68 1.38 0.82 0.48 0.47 0.64 0.84 1.01 1.16 1.27 1.38 1.44 1.50 1.53 1.59 1.72 1.86 1.98 2.03 1.98 1.91 1.94 2.05 2.08 1.97 1.77 1.62 1.63 1.66 1.59 1.44 1.24 1.02 0.86 0.70 0.57 0.62 0.79 0.97 1.14 1.31 1.52 1.94 2.48 2.62 2.26 1.75 1.45 1.31 1.17 1.03 0.90 0.72 0.51 0.52 0.76 0.97 1.07 1.21 1.35 1.48 1.57 1.58 1.52 1.48 1.45 1.58 2.02 2.31 2.20 1.88 1.67 1.65 1.64 1.62 1.59 1.70 2.01 2.16 2.01 1.73 1.51 1.41 1.46
