project/data/elevation/US_DEM2016/US_DEM2016_point_11-01-2019_1422_30m_ang.asc
ncols	125
nrows	167
xllcorner	-2042055.000000
yllcorner	1465035.000000
cellsize	30.000000
NODATA_value	-9999.000000
[rows 59 to 117 of 167, columns 0 to 95 of 125]
357 359 4 7 9 9 8 6 5 5 8 12 15 15 15 15 14 13 11 10 12 14 13 11 13 16 20 14 357 350 356 358 0 2 2 3 6 10 12 14 17 22 16 5 351 359 2 5 7 9 14 18 19 18 17 17 19 19 19 17 17 19 23 31 27 14 13 20 15 9 7 11 19 23 18 10 5 1 358 353 351 351 355 359 0 0 1 2 4 5 5 4 3 359 358 4
354 358 4 6 9 11 12 11 10 9 9 10 10 9 9 9 10 9 7 8 10 11 9 6 9 15 20 12 359 355 360 0 1 0 360 2 6 8 9 11 15 21 19 6 359 4 1 3 2 3 6 11 14 14 14 16 18 19 19 17 15 16 18 23 22 17 16 17 10 7 10 15 16 12 8 4 1 358 356 353 353 356 360 1 1 1 1 2 3 4 3 2 360 358 2 11
353 357 4 6 8 12 15 15 15 13 12 11 8 5 4 4 7 8 8 8 8 8 6 4 7 17 21 11 359 359 4 5 2 358 356 358 3 7 8 9 13 22 25 16 9 10 3 358 356 356 357 0 5 8 10 12 14 17 18 17 14 11 11 13 17 21 21 15 8 9 12 14 10 4 2 1 359 358 358 357 358 2 3 3 2 2 2 2 2 2 2 360 357 358 4 11
352 357 5 6 9 11 15 18 20 19 18 17 12 7 3 2 6 14 19 16 11 7 3 3 9 22 24 8 357 1 7 8 6 1 357 356 1 5 8 10 15 24 29 22 11 7 4 359 356 355 354 356 359 4 6 9 12 14 15 14 9 5 4 5 13 24 24 15 15 10 10 9 6 11 19 1 1 2 4 4 5 7 7 6 4 3 3 1 0 0 360 358 355 356 2 7
355 359 4 6 8 10 14 20 24 26 27 27 23 16 7 0 5 19 29 26 20 13 357 358 10 24 23 3 354 0 5 9 8 5 1 359 1 5 10 13 17 25 30 20 6 2 4 1 359 357 356 357 360 3 5 7 10 11 11 8 3 360 1 5 15 27 25 15 10 11 9 7 5 4 3 4 6 9 11 11 12 12 11 10 7 5 4 2 359 358 357 356 354 355 359 3
359 1 4 4 6 8 14 21 27 30 31 31 28 24 15 2 1 15 26 28 25 18 1 352 4 22 19 359 352 359 1 5 7 7 6 5 6 10 13 16 18 24 27 16 3 2 4 3 2 1 360 360 1 3 5 7 8 8 7 3 359 359 3 9 19 27 24 16 11 12 10 9 8 8 10 11 12 14 17 19 19 17 17 15 12 8 5 2 358 356 355 354 353 353 355 358
1 2 4 4 5 7 14 21 26 29 29 29 28 26 21 10 359 5 18 24 25 22 12 359 359 359 14 357 351 358 358 358 1 4 6 7 10 13 14 15 16 23 23 12 3 4 5 4 6 6 4 2 1 2 4 7 7 6 3 360 358 2 6 12 22 29 24 15 11 12 13 13 12 13 16 18 18 19 21 25 26 25 24 23 19 12 5 360 356 354 353 352 350 350 351 354
0 3 5 5 6 9 15 19 22 24 25 26 27 26 23 16 2 357 7 17 23 23 17 7 2 10 6 356 354 360 360 357 355 357 1 4 7 10 11 12 15 21 21 11 3 4 6 7 10 10 7 4 2 2 4 7 7 3 0 359 1 5 10 17 27 31 22 11 10 14 16 17 17 16 19 23 25 25 27 32 36 35 35 35 28 15 2 354 352 353 353 352 349 348 349 351
359 2 5 6 8 11 14 16 17 18 20 23 25 26 25 20 10 357 357 7 17 20 19 13 6 2 357 354 357 2 3 360 356 354 355 358 3 6 9 11 15 21 21 12 3 4 6 9 11 12 10 7 3 2 3 5 4 1 359 1 5 9 15 22 28 28 20 11 11 17 19 21 21 21 23 27 31 34 36 44 49 49 46 41 30 11 353 345 346 349 352 353 351 349 350 352
358 1 6 8 9 12 13 13 12 13 15 18 21 24 25 23 17 4 354 359 10 17 20 17 5 354 352 354 359 3 5 2 359 356 355 355 359 4 8 11 15 22 23 16 5 3 6 8 10 12 11 9 5 1 1 2 2 1 3 7 8 11 18 21 25 25 21 16 17 21 23 26 27 28 28 31 39 44 48 53 54 50 41 31 17 2 349 344 342 344 348 352 353 353 353 354
357 0 6 9 11 13 14 14 12 11 11 12 16 20 22 23 21 12 359 355 3 12 21 359 2 350 352 356 1 4 6 4 2 0 357 355 359 4 9 11 15 21 25 20 8 1 5 8 11 12 11 8 3 359 358 0 2 5 10 12 10 12 17 19 22 29 30 28 27 32 35 36 35 34 35 40 46 50 49 46 41 34 25 15 5 355 349 346 342 341 345 351 355 357 357 356
356 0 7 10 12 14 16 18 19 15 10 7 8 13 17 21 22 18 7 356 360 11 22 18 359 349 354 359 2 4 5 4 4 3 360 357 359 3 8 10 13 19 26 23 10 2 8 11 13 11 7 2 358 356 358 2 8 12 16 18 16 15 19 20 24 35 40 37 32 33 32 31 30 31 38 43 44 42 38 32 27 20 13 4 357 352 350 347 344 343 347 353 358 360 0 0
356 360 6 10 13 15 18 21 24 22 16 8 2 4 11 17 21 4 13 0 0 12 351 3 355 351 358 2 5 5 3 1 1 1 360 358 358 2 6 8 12 18 27 26 15 9 14 13 9 4 359 357 356 357 0 7 13 18 20 21 20 20 21 24 25 31 36 33 25 22 21 19 20 25 32 35 34 31 26 18 13 9 5 359 354 352 352 352 352 351 352 356 0 2 3 5
356 360 6 10 14 16 17 20 23 23 20 13 4 359 4 12 18 9 19 7 2 13 355 2 354 356 2 6 6 4 2 359 357 357 356 356 357 1 4 7 12 19 31 32 20 13 12 6 2 359 358 358 358 359 2 8 13 17 19 19 19 19 19 19 17 18 26 28 35 18 20 20 23 25 27 26 25 22 16 8 2 1 1 357 353 353 357 0 2 1 360 0 3 5 7 11
356 360 6 10 14 15 16 17 19 20 19 16 9 3 3 8 13 6 20 11 4 9 7 359 356 1 6 9 7 4 2 0 359 357 355 356 357 360 4 8 14 21 32 33 20 9 7 3 2 1 2 2 3 2 2 6 10 14 16 16 16 16 13 11 10 12 22 28 25 22 25 28 29 26 21 18 17 15 8 359 355 355 358 358 356 357 2 7 10 10 7 6 7 8 11 14
357 360 6 10 13 15 15 15 15 15 16 14 11 9 8 8 10 359 14 332 3 334 354 360 359 3 10 12 10 6 4 3 1 360 358 357 356 359 5 10 14 19 30 30 18 6 5 4 5 5 6 6 6 4 3 5 8 11 13 14 14 12 8 7 9 14 24 33 33 31 32 33 30 23 15 11 10 8 359 352 350 354 359 1 3 5 7 9 13 15 14 11 10 12 14 16
357 359 5 9 12 15 15 13 9 8 9 10 11 12 12 10 8 356 4 2 3 6 8 6 2 3 10 14 14 10 7 6 4 2 1 358 356 359 5 9 12 17 26 28 18 7 6 6 7 7 6 6 5 4 4 5 7 8 11 12 12 9 7 10 17 23 30 38 39 36 34 30 24 15 7 4 5 2 353 347 349 355 2 7 11 12 10 8 12 16 17 15 14 14 15 16
356 359 4 7 10 13 12 9 4 2 4 7 10 12 12 9 338 346 352 358 4 9 13 12 8 4 6 14 17 14 11 9 7 4 0 357 355 358 4 10 14 17 25 28 21 10 7 6 5 5 3 3 2 2 3 4 6 8 11 13 10 7 10 20 27 29 32 37 37 35 30 24 16 8 1 359 359 356 352 350 352 357 3 8 12 14 13 11 10 13 15 16 15 15 15 16
353 357 3 6 7 8 7 5 3 1 2 7 9 10 11 6 324 353 354 0 6 11 16 17 13 7 4 10 16 17 13 10 8 4 0 358 357 360 6 12 14 15 22 28 23 12 8 8 6 5 4 3 1 359 360 3 6 9 11 11 9 9 16 25 28 28 29 30 30 29 26 18 8 1 358 356 356 359 12 359 1 4 2 0 1 7 13 14 13 13 14 16 16 15 15 15
348 354 4 6 3 3 4 6 8 7 7 9 10 9 8 1 353 351 355 2 7 11 17 20 17 10 5 7 13 16 15 12 10 6 2 1 2 3 7 12 13 14 19 28 27 18 13 13 9 7 5 3 358 354 355 359 4 7 8 9 11 14 19 23 24 25 24 22 21 22 21 11 8 26 34 359 3 359 4 8 10 11 6 360 356 358 6 13 16 16 16 16 15 15 15 14
345 352 4 6 3 2 5 10 12 12 10 10 10 8 2 355 351 353 357 3 8 13 18 23 22 16 8 6 10 14 15 14 12 9 6 5 7 7 9 13 15 16 20 31 33 26 19 15 8 3 360 356 353 351 352 356 2 6 8 11 16 20 19 19 20 19 17 13 13 16 16 6 24 357 3 5 23 4 7 12 15 15 11 5 1 358 360 7 14 17 17 15 13 13 13 13
345 351 2 5 4 4 7 11 12 11 10 9 6 2 356 353 352 354 359 5 10 15 19 26 28 22 11 6 9 13 14 14 14 12 9 9 10 11 13 16 19 20 23 31 35 29 19 10 2 357 354 352 351 351 352 355 1 8 14 17 19 19 16 15 16 12 7 6 9 14 14 4 356 360 8 11 9 7 8 11 16 18 16 12 8 4 1 2 8 13 14 12 10 11 11 9
348 352 358 2 5 6 7 9 9 9 9 7 0 356 354 355 355 356 1 8 12 15 19 27 32 27 16 10 10 10 12 11 12 12 12 11 11 12 15 18 19 20 21 27 31 27 16 7 1 355 352 351 351 352 353 355 2 10 15 16 16 15 13 13 11 3 359 2 10 17 15 5 357 1 10 14 13 9 11 10 13 18 21 19 16 12 7 3 4 7 10 8 7 7 7 5
353 353 355 359 4 6 6 8 7 6 6 3 358 353 354 358 360 359 3 10 14 14 17 27 35 32 25 19 14 8 8 2 360 5 10 10 9 11 13 15 16 16 17 21 29 27 15 7 4 357 352 351 350 351 352 355 360 6 12 13 14 14 13 11 5 357 355 3 13 20 17 6 7 2 9 15 15 11 18 11 10 14 22 23 21 18 13 7 3 4 6 5 4 3 2 1
355 354 355 358 3 4 5 6 5 4 4 360 355 354 357 2 4 4 6 11 14 15 18 27 35 37 32 25 17 8 2 356 351 353 360 5 8 10 11 11 11 13 14 18 28 29 18 10 9 0 353 351 350 351 352 353 357 3 8 11 12 13 13 9 1 354 356 6 13 20 18 7 359 3 8 13 15 14 13 13 12 10 16 24 23 20 16 10 4 2 3 2 1 0 1 2
354 355 357 359 2 3 3 4 3 2 1 357 355 356 359 4 7 8 10 14 17 20 24 30 37 40 35 22 12 7 2 359 355 351 351 357 4 8 8 7 7 11 14 19 28 31 23 11 7 2 356 353 353 353 352 352 355 0 5 7 9 11 13 9 359 352 356 4 11 18 19 22 5 7 6 8 14 16 16 16 15 12 11 19 23 21 18 13 7 3 2 1 0 1 5 10
353 354 357 360 2 2 1 3 2 1 359 356 355 357 1 6 11 14 17 19 21 24 27 30 34 37 32 16 7 7 6 5 3 357 351 351 357 3 4 5 7 12 15 19 26 31 23 8 1 2 359 357 356 355 353 352 354 358 2 4 5 9 14 11 0 352 354 1 8 17 21 35 14 11 5 2 11 16 16 18 18 14 10 14 20 20 18 15 11 7 4 3 4 7 12 17
352 354 356 358 1 1 1 2 2 360 358 356 356 359 4 11 17 22 24 24 22 22 23 26 28 30 24 11 4 7 8 9 8 3 355 349 350 357 3 7 10 12 14 17 24 28 18 6 1 4 4 2 0 358 355 352 352 355 359 2 4 8 16 15 3 352 351 358 8 15 24 25 19 12 9 5 9 13 13 16 16 14 12 13 16 18 18 18 15 11 8 6 8 11 14 17
352 353 355 356 358 360 1 3 3 358 356 356 359 2 8 17 26 30 28 24 20 18 19 23 23 22 18 11 6 6 9 12 11 7 359 351 348 353 3 9 12 13 14 18 25 26 16 6 5 7 7 6 4 2 359 354 352 355 358 2 5 9 16 15 6 355 350 357 7 15 25 25 18 12 11 10 11 11 9 8 10 11 12 10 8 12 18 19 16 12 9 9 10 13 15 16
350 352 354 355 358 0 2 5 1 355 354 358 2 7 14 22 26 26 24 21 19 17 17 19 19 17 16 14 9 5 7 11 12 9 3 357 352 355 4 11 15 16 17 19 27 27 15 7 9 10 9 8 7 5 1 356 354 356 360 3 6 9 14 15 9 358 351 356 6 15 22 22 15 11 11 18 13 11 9 8 9 9 7 5 3 7 12 13 11 9 9 10 12 14 15 14
349 351 354 356 359 2 3 3 358 354 355 1 7 12 18 21 21 20 19 19 19 16 14 15 15 16 18 15 9 5 4 6 10 10 7 3 359 360 6 12 17 18 18 20 29 29 16 9 12 9 8 7 4 1 358 354 353 356 359 2 5 7 12 17 12 0 352 356 4 13 20 19 12 9 12 15 15 13 11 12 11 9 6 6 6 6 5 4 4 5 8 10 12 13 13 10
349 351 354 357 0 2 1 359 356 355 359 6 14 19 21 21 19 17 16 17 17 15 11 13 18 21 21 13 7 5 4 4 8 11 10 6 4 4 8 13 17 17 17 21 31 31 18 10 12 7 4 1 357 353 352 351 352 354 358 0 3 6 12 19 15 2 353 356 2 11 20 19 10 6 12 17 18 16 15 15 14 11 8 8 9 8 4 2 1 3 6 7 9 10 9 5
350 351 354 356 359 0 359 357 357 359 6 14 21 26 26 24 21 17 15 15 14 12 11 16 24 27 21 11 5 5 5 4 4 7 9 9 8 7 9 12 15 16 17 21 32 31 18 7 8 6 3 359 354 352 353 353 353 354 356 359 3 6 12 20 17 4 354 355 360 9 21 21 11 3 10 17 20 18 17 17 17 14 11 11 12 10 8 6 5 4 4 4 4 5 5 4
350 351 353 355 357 358 358 358 1 7 14 20 25 29 30 28 23 18 16 14 11 10 12 20 27 28 22 11 4 3 1 359 358 358 3 9 11 10 10 13 15 15 16 19 29 28 16 4 4 5 4 360 356 355 356 356 355 354 356 0 4 8 13 22 21 6 354 354 357 7 22 23 13 4 8 12 18 18 17 18 20 18 15 14 15 14 13 12 10 7 4 2 1 2 5 10
351 351 353 353 354 356 358 2 8 15 21 23 25 28 28 26 22 17 15 12 10 9 13 20 26 27 21 11 3 360 359 357 356 355 359 7 12 11 11 13 14 13 14 16 23 25 16 4 1 4 3 2 1 359 357 356 356 356 359 4 8 12 15 24 23 7 354 355 356 5 22 25 16 8 9 11 16 19 18 18 21 21 19 17 17 17 17 16 13 9 5 3 2 3 8 14
351 351 352 353 353 356 1 9 15 20 23 24 24 24 23 22 20 17 12 9 7 7 11 18 24 25 16 6 2 2 1 360 359 359 1 6 10 10 10 12 11 11 11 13 18 23 18 7 0 3 3 4 5 3 360 358 357 359 2 8 12 14 17 25 22 5 354 357 358 4 19 25 19 13 15 16 19 22 21 20 21 23 21 17 16 17 16 15 13 9 6 4 4 6 10 13
351 352 353 354 357 2 8 15 20 21 20 21 20 19 18 18 17 13 7 4 4 6 11 19 24 24 12 1 1 4 5 3 2 2 2 4 6 7 8 10 9 8 9 11 17 23 20 8 1 3 5 6 6 5 4 2 1 1 4 8 12 15 18 24 20 4 354 358 358 2 15 23 22 20 24 24 20 22 25 21 17 20 21 17 13 11 10 10 10 8 6 6 6 6 8 11
352 352 354 358 3 8 12 17 20 18 16 15 15 15 15 14 12 7 3 2 4 7 14 20 26 24 10 358 2 6 6 3 1 359 358 359 2 4 6 7 6 6 9 13 17 25 22 8 1 5 8 9 8 8 8 7 5 4 5 8 11 14 18 22 18 5 356 358 357 359 9 20 25 27 28 26 20 20 21 13 7 10 13 10 4 1 3 5 7 7 6 6 6 6 8 11
352 352 356 1 7 11 14 16 17 15 12 10 11 13 11 8 6 2 1 4 9 13 18 21 25 22 8 358 3 5 4 2 0 357 354 354 358 2 4 5 5 6 10 16 20 28 25 8 1 8 11 11 11 11 11 9 8 6 6 9 10 13 17 20 17 7 1 0 357 356 4 17 27 31 29 25 21 18 14 7 2 2 2 360 356 356 360 3 5 5 5 5 5 6 8 10
352 353 357 2 7 11 14 14 15 13 10 8 9 8 5 3 2 2 5 11 17 20 21 21 24 19 6 0 3 4 5 5 3 360 355 354 355 359 2 4 6 9 14 21 25 32 27 7 1 11 11 11 11 10 8 7 8 8 8 9 10 12 16 19 17 9 5 4 358 354 360 12 24 30 28 23 20 16 9 4 2 360 358 356 356 358 0 2 3 4 4 4 4 4 5 9
353 354 357 0 5 8 11 11 11 10 10 8 6 3 1 1 3 7 12 17 20 21 21 20 21 13 2 0 4 6 7 8 6 3 358 355 354 358 2 6 10 14 17 23 27 32 24 5 1 10 11 10 6 1 360 2 5 7 9 9 9 13 17 21 19 11 7 5 358 353 357 7 17 25 26 23 18 12 6 4 3 1 358 357 360 2 2 2 2 2 3 4 4 3 4 8
356 356 357 358 360 3 5 7 7 8 9 8 3 360 359 2 8 13 18 20 19 19 19 19 17 8 360 0 4 7 10 10 8 5 1 357 355 358 4 9 12 14 17 22 27 28 19 5 3 9 10 11 5 357 356 359 3 5 7 9 10 14 19 23 21 13 5 2 358 354 355 2 10 19 24 22 17 10 7 7 5 2 1 2 5 5 2 1 1 2 3 5 6 5 5 8
358 358 357 356 355 357 360 2 4 6 7 6 3 0 2 7 15 20 23 21 17 17 17 19 17 6 359 2 6 9 11 11 10 7 4 359 357 360 6 9 11 13 15 20 26 26 16 6 5 9 11 11 8 2 358 359 1 2 5 8 10 15 19 22 22 15 4 358 358 356 355 358 6 15 21 21 16 11 10 11 9 6 6 9 10 5 0 359 0 2 4 7 8 9 8 10
1 360 357 355 353 353 356 359 3 6 7 6 3 3 6 14 21 23 21 19 16 16 17 21 20 7 359 6 10 10 9 9 8 6 4 1 358 360 4 6 8 11 13 18 25 25 15 5 5 10 12 12 10 7 3 0 359 0 3 6 9 14 17 19 20 16 5 359 0 358 355 356 3 11 19 22 17 13 13 14 13 11 11 13 10 4 359 358 359 2 5 8 10 11 11 12
3 1 358 356 354 354 356 359 3 5 6 5 6 9 13 18 20 18 16 16 15 15 17 24 23 10 2 11 14 11 6 3 2 1 360 357 355 356 0 3 5 10 13 18 25 25 16 7 7 12 13 13 12 11 7 2 358 358 360 3 7 11 14 16 19 18 9 2 2 360 354 353 359 8 18 23 20 13 12 14 14 14 14 13 10 5 2 0 1 3 5 8 10 10 11 14
1 360 359 358 358 358 359 1 3 4 5 9 14 20 23 18 13 12 11 12 12 13 17 23 21 11 8 14 13 8 4 1 358 356 354 351 350 352 357 3 6 10 14 18 25 25 18 10 10 12 11 12 14 13 9 2 357 356 357 360 3 8 12 16 20 20 14 7 4 1 355 352 355 4 15 22 21 15 11 13 14 15 16 15 12 9 7 5 4 4 6 8 10 10 11 14
357 358 0 1 1 1 2 3 4 6 11 19 26 29 27 18 7 5 6 7 9 11 16 19 5 11 12 14 9 5 4 3 360 357 354 352 350 351 356 3 8 11 15 18 24 24 19 14 12 12 11 14 18 13 4 357 353 352 354 357 360 5 11 17 20 20 17 11 6 3 357 352 353 359 10 21 24 20 13 11 14 18 19 16 13 12 11 9 6 6 6 8 9 10 11 13
353 356 1 2 3 5 6 6 8 13 19 25 26 25 20 14 6 1 3 4 6 10 16 15 12 12 14 12 8 6 5 4 2 359 358 355 353 353 356 3 9 13 16 17 21 23 20 16 15 14 16 20 19 8 355 349 347 348 351 354 357 2 10 17 18 18 17 14 10 5 360 355 354 357 5 20 27 24 15 11 16 19 17 12 9 10 11 9 7 6 6 7 7 7 9 11
353 355 360 3 5 8 10 12 13 17 20 20 19 17 13 9 5 5 7 7 7 11 16 11 7 11 14 10 7 8 8 7 5 3 1 360 357 355 357 3 8 11 14 15 19 21 19 17 18 18 22 23 16 5 355 349 345 343 346 351 356 1 8 15 16 15 16 17 14 8 3 358 356 358 5 17 27 26 18 13 15 14 11 7 4 5 7 7 6 5 5 6 5 5 7 11
356 356 359 2 6 10 12 13 14 15 14 13 13 10 6 3 4 8 10 10 9 11 11 6 4 12 16 9 6 10 11 10 8 7 6 3 1 359 360 3 6 9 12 15 20 20 16 16 19 21 24 23 15 7 1 353 344 340 342 347 354 360 6 13 15 14 17 19 16 10 5 2 359 1 6 15 25 26 21 14 12 11 9 7 5 3 4 4 4 4 5 5 6 6 7 11
358 358 358 2 5 8 10 11 12 11 8 7 6 5 3 0 2 8 9 9 9 10 8 4 6 15 17 10 6 10 11 11 11 10 8 5 3 3 2 3 6 8 12 18 23 20 11 11 18 22 25 22 14 9 6 358 348 342 341 345 351 358 4 11 14 14 18 21 16 10 7 5 2 3 7 14 22 26 24 16 11 9 8 8 8 6 4 2 2 3 4 5 7 8 9 13
358 358 359 1 4 6 8 9 8 6 3 2 1 1 1 1 2 6 8 9 10 9 7 6 10 18 18 10 8 10 10 9 9 8 5 3 4 4 3 5 8 12 16 21 23 16 5 5 15 20 24 22 13 8 7 2 355 349 345 346 350 357 4 9 12 15 21 23 15 9 8 7 5 5 8 13 19 26 26 18 11 9 8 8 9 8 5 2 2 2 3 5 7 9 11 14
357 358 359 0 2 5 6 6 3 0 359 359 0 2 3 3 4 7 9 12 12 10 7 8 14 20 18 11 9 11 9 7 6 6 5 3 3 4 5 8 12 15 18 21 19 11 1 2 12 19 23 20 13 8 7 4 0 356 352 350 351 356 2 7 12 18 24 22 12 7 9 9 7 6 8 12 18 25 26 20 11 8 7 7 8 8 6 4 2 3 4 6 7 9 11 15
355 357 358 359 1 2 3 2 359 357 357 359 2 4 5 6 8 10 11 14 16 10 4 7 15 22 20 12 9 10 8 7 7 8 7 5 4 4 6 10 12 14 18 19 14 6 1 2 10 17 22 20 13 10 8 7 5 2 358 355 353 356 1 8 14 20 24 19 9 6 9 9 8 8 9 12 17 23 27 23 12 7 7 7 8 9 9 6 3 4 5 7 8 9 12 15
355 356 357 357 359 360 360 359 357 356 358 1 4 7 9 11 12 12 13 17 18 8 360 3 13 20 20 14 9 9 9 9 10 10 8 7 7 5 5 9 11 14 18 17 9 2 1 4 10 17 23 22 15 10 10 10 9 7 3 359 357 357 2 10 16 20 22 16 8 7 8 8 8 8 9 13 17 22 27 25 14 7 8 7 9 12 10 7 5 5 6 7 9 10 13 15
358 357 356 356 356 357 358 357 357 359 3 6 9 12 15 16 14 12 13 18 16 6 357 1 9 15 18 17 13 10 10 10 10 8 7 7 7 5 4 7 10 13 18 16 6 359 2 6 11 17 24 24 16 10 11 13 12 8 4 1 360 359 3 11 16 20 20 15 8 7 8 8 8 8 10 13 18 22 28 26 16 10 9 9 11 11 8 6 5 6 7 8 9 11 13 15
359 358 356 355 354 355 357 360 2 6 10 14 16 17 17 15 11 8 9 13 12 6 359 358 3 10 17 19 16 11 11 12 10 8 5 3 2 2 3 7 9 12 17 15 6 359 2 7 11 17 23 23 16 11 11 13 10 6 2 0 360 0 3 10 15 18 19 15 9 7 7 8 8 8 10 14 18 23 29 28 19 13 12 10 9 5 3 4 5 6 6 8 9 10 12 15
359 358 357 356 355 355 358 3 7 11 14 16 17 15 13 9 4 2 3 7 12 12 7 358 357 4 14 21 18 12 11 14 14 11 6 1 358 358 0 5 8 10 16 16 9 3 2 4 9 14 19 20 17 14 12 11 8 4 359 357 357 359 2 7 13 17 19 16 11 7 7 8 8 9 11 14 18 22 29 30 22 14 12 9 5 360 359 1 3 5 6 7 8 9 12 16
358 358 358 357 356 357 359 4 8 11 12 14 13 10 6 2 359 358 1 5 14 19 15 3 355 357 9 21 21 13 10 14 16 14 10 4 360 358 359 3 8 11 15 16 13 9 5 2 4 10 15 17 18 17 14 10 8 6 1 357 356 359 1 4 10 15 19 19 14 8 6 7 7 8 11 14 17 21 28 30 22 12 9 7 3 360 359 0 2 4 6 6 7 8 11 15
