project/data/elevation/US_DEM2016/US_DEM2016_point_10-31-2019_1359_30m_vel.asc
ncols	125
nrows	167
xllcorner	-2042055.000000
yllcorner	1465035.000000
cellsize	30.000000
NODATA_value	-9999.000000
[rows 74 to 110 of 167, columns 0 to 83 of 125]
7.77 7.33 6.76 6.61 6.68 6.74 6.85 7.28 8.12 9.01 9.63 9.93 9.94 9.69 9.41 9.48 10.03 10.95 11.45 11.35 11.76 11.28 10.57 10.04 9.24 8.91 8.91 8.95 8.83 8.64 8.46 8.33 8.09 7.90 7.66 7.49 7.45 7.31 7.10 7.01 7.17 7.30 7.36 7.58 7.87 7.95 7.91 7.82 7.49 7.16 6.98 7.03 7.23 7.37 7.32 7.31 7.43 7.65 7.95 8.28 8.67 9.11 9.22 8.84 7.85 6.63 5.83 5.74 5.58 5.03 4.55 4.43 4.62 5.09 5.88 6.76 7.76 9.20 11.12 12.62 13.36 13.50 13.16 12.48
7.76 7.39 6.93 6.86 6.94 6.99 7.17 7.84 8.97 9.78 10.13 10.20 10.21 10.24 10.32 10.64 11.17 11.75 11.75 11.44 11.08 10.68 10.03 9.25 8.64 8.39 8.34 8.47 8.54 8.47 8.26 7.96 7.42 7.01 6.85 6.97 7.13 7.13 7.05 7.00 6.96 7.04 7.22 7.48 7.59 7.26 6.83 6.34 6.08 5.94 5.94 6.16 6.51 6.76 6.87 7.01 7.21 7.34 7.48 7.73 8.17 8.46 8.08 6.94 5.57 4.71 4.58 4.92 5.16 5.10 5.01 5.17 5.64 6.43 7.47 8.51 9.66 11.10 12.27 12.64 11.79 10.39 9.39 8.91
7.80 7.49 7.15 7.14 7.30 7.61 8.24 9.04 9.47 9.37 9.01 8.79 9.04 9.74 10.43 11.11 11.69 11.63 11.14 10.49 9.97 9.50 9.07 8.67 8.36 8.18 7.98 7.98 8.15 8.25 8.17 7.90 7.33 6.91 6.89 7.06 7.13 6.97 6.66 6.39 6.30 6.57 7.05 7.27 7.24 7.01 6.80 6.53 6.33 6.30 6.31 6.30 6.24 6.32 6.60 6.91 7.16 7.20 7.26 7.47 7.66 7.37 6.35 5.20 4.55 4.46 4.83 5.18 5.56 6.01 6.45 6.98 7.90 9.01 10.06 11.13 12.19 12.87 12.68 11.62 9.81 7.57 6.48 6.22
7.83 7.51 7.22 7.27 7.55 8.19 8.75 8.90 8.47 7.67 7.17 7.37 8.17 9.30 10.30 11.03 11.03 11.10 10.37 9.60 9.05 8.70 8.45 8.29 8.18 8.07 7.85 7.80 7.92 8.14 8.30 8.30 8.05 7.92 7.88 7.75 7.41 6.90 6.48 6.36 6.57 6.90 7.09 6.99 6.86 6.72 6.59 6.39 6.20 6.10 6.03 5.96 5.91 6.15 6.58 7.00 7.30 7.44 7.56 7.62 7.33 6.43 5.44 5.09 5.30 5.76 6.11 6.44 7.04 8.00 8.72 9.62 10.86 11.95 12.73 13.36 13.66 13.27 11.97 10.89 9.51 7.83 6.70 6.18
7.77 7.26 6.85 6.98 7.27 7.74 7.86 7.49 6.97 6.73 6.92 7.55 8.56 9.72 10.57 11.05 10.98 10.41 9.66 9.00 8.51 8.16 7.94 7.85 7.79 7.69 7.53 7.57 7.69 7.89 8.19 8.46 8.55 8.51 8.35 8.01 7.48 6.91 6.65 6.64 6.69 6.59 6.40 6.21 6.10 5.91 5.51 5.14 5.03 5.03 5.09 5.29 5.75 6.35 6.86 7.26 7.62 7.77 7.72 7.39 6.71 5.83 5.50 5.89 6.68 7.26 7.76 8.56 9.64 10.27 10.82 11.67 12.84 12.99 12.78 13.33 12.75 11.83 10.86 10.29 9.90 9.18 8.31 7.58
7.57 6.90 6.39 6.55 6.72 6.91 6.97 6.95 7.14 7.56 8.11 8.85 9.83 10.70 11.17 11.12 10.62 9.85 9.14 8.57 8.08 7.69 7.43 7.33 7.23 7.09 6.96 7.00 6.99 7.11 7.29 7.75 8.08 8.14 7.99 7.67 7.21 6.75 6.46 6.20 5.90 5.58 5.41 5.48 5.49 5.33 4.96 4.74 4.91 5.26 5.69 6.25 6.91 7.34 7.46 7.47 7.43 7.17 6.66 6.02 5.46 5.33 5.76 6.71 7.76 8.72 9.81 10.81 11.22 11.37 11.53 11.94 11.87 12.39 11.94 11.36 10.19 9.72 9.31 9.39 9.66 9.71 9.39 8.85
7.29 6.74 6.40 6.66 6.86 7.01 7.22 7.58 8.16 8.69 9.32 10.15 11.04 11.42 11.29 10.68 9.82 9.02 8.38 7.89 7.48 7.18 6.97 6.78 6.64 6.54 6.36 6.10 5.77 5.77 5.84 6.25 6.82 7.22 7.31 7.18 6.92 6.72 6.46 6.13 5.87 5.77 5.81 5.96 5.94 5.86 5.79 5.90 6.23 6.76 7.31 7.75 7.98 7.98 7.65 7.35 6.92 6.35 5.80 5.41 5.31 5.68 6.49 7.67 8.88 10.16 11.15 11.35 11.01 10.71 10.73 10.83 10.70 10.08 9.58 9.29 8.98 8.65 8.37 8.25 8.56 9.14 9.40 9.23
7.10 6.85 6.82 7.21 7.49 7.67 7.90 8.30 8.87 9.49 10.22 10.95 11.39 11.26 10.56 9.62 8.74 7.91 7.31 6.88 6.62 6.55 6.53 6.37 6.27 6.15 5.84 5.20 4.67 4.52 4.47 4.69 5.31 6.05 6.51 6.82 6.92 7.11 7.13 7.13 7.20 7.33 7.48 7.42 7.23 7.13 7.19 7.50 7.85 7.98 7.97 7.88 7.78 7.60 7.46 7.34 7.19 7.18 7.12 7.01 7.04 7.34 7.97 8.98 10.03 10.86 10.88 10.03 9.41 9.44 9.69 9.73 9.43 8.77 8.49 8.42 8.42 8.40 8.16 7.79 7.72 8.05 8.62 8.88
7.25 7.21 7.23 7.36 7.59 7.90 8.29 8.77 9.38 10.04 10.67 11.04 10.92 10.26 9.32 8.52 7.83 7.14 6.52 6.13 6.00 5.93 5.80 5.86 5.95 5.89 5.62 5.05 4.27 3.97 3.97 4.31 4.79 5.24 5.84 6.48 6.91 7.32 7.60 7.95 8.31 8.56 8.61 8.38 8.11 8.02 8.12 8.32 8.41 8.12 7.74 7.62 7.75 7.80 7.67 7.63 7.75 8.07 8.24 8.33 8.48 8.78 9.29 9.94 10.61 10.61 9.70 8.76 8.57 8.92 9.23 9.17 8.66 8.26 8.10 8.08 8.14 8.26 8.04 7.85 7.55 7.44 7.61 8.09
7.55 7.58 7.45 7.28 7.43 7.91 8.49 9.11 9.75 10.29 10.61 10.57 10.07 9.24 8.42 7.80 7.24 6.68 6.13 5.77 5.56 5.32 5.10 5.20 5.54 5.73 5.76 5.65 5.19 4.93 5.08 5.43 5.51 5.54 5.77 6.26 6.66 7.07 7.58 8.17 8.56 8.60 8.45 8.19 8.05 8.12 8.30 8.38 8.35 8.20 8.22 8.38 8.45 8.30 7.93 7.82 7.86 8.00 8.27 8.59 8.97 9.34 9.78 10.14 10.31 9.82 8.93 8.66 8.83 8.98 8.96 8.65 8.02 7.42 7.12 7.23 7.43 7.56 7.59 7.55 7.36 7.08 6.82 7.18
7.62 7.63 7.56 7.48 7.70 8.19 8.77 9.39 9.89 10.16 10.16 9.83 9.19 8.44 7.78 7.23 6.70 6.19 5.72 5.37 5.04 4.72 4.62 4.88 5.44 5.96 6.39 6.85 7.23 7.38 7.39 7.21 6.89 6.61 6.43 6.45 6.78 7.36 8.00 8.36 8.22 7.85 7.67 7.75 7.86 8.09 8.40 8.67 8.93 9.16 9.16 9.01 8.69 8.33 7.97 7.89 7.92 8.11 8.52 8.86 9.21 9.47 9.65 9.72 9.58 9.11 8.68 8.82 8.91 8.77 8.46 7.75 7.14 6.27 5.70 5.74 6.02 6.23 6.45 6.65 6.72 6.61 6.30 6.41
7.57 7.56 7.63 7.84 8.21 8.68 9.11 9.48 9.74 9.78 9.59 9.12 8.48 7.82 7.22 6.65 6.05 5.44 4.96 4.70 4.58 4.63 4.96 5.53 6.23 6.81 7.39 7.99 8.59 8.94 8.93 8.53 8.00 7.60 7.34 7.18 7.62 8.31 8.45 8.10 7.50 7.25 7.49 7.82 8.00 8.34 8.92 9.39 9.71 9.86 9.69 9.20 8.72 8.39 8.05 7.98 8.16 8.47 8.75 8.86 8.94 8.97 9.01 9.10 8.96 8.65 8.36 8.43 8.34 8.13 7.90 7.13 6.83 6.00 5.21 5.02 4.92 4.80 4.88 5.15 5.54 5.79 5.83 5.89
7.63 7.66 7.83 8.18 8.64 8.94 9.06 9.14 9.31 9.35 9.12 8.63 7.99 7.33 6.67 5.97 5.20 4.51 4.21 4.30 4.61 5.18 5.87 6.55 7.21 7.73 8.14 8.46 8.74 8.98 9.04 8.91 8.59 8.20 7.96 7.89 8.18 8.35 7.88 7.23 6.93 7.06 7.29 7.50 7.75 8.36 9.05 9.45 9.51 9.56 9.55 9.33 9.03 8.69 8.28 8.14 8.20 8.21 8.17 8.18 8.08 8.05 8.25 8.56 8.62 8.37 7.97 7.75 7.63 7.58 7.55 7.53 7.43 7.08 6.25 5.49 4.88 4.42 4.13 4.13 4.34 4.63 4.83 5.02
7.72 7.77 7.94 8.22 8.44 8.45 8.44 8.60 8.93 9.11 8.85 8.27 7.57 6.80 5.92 5.05 4.45 4.28 4.54 4.89 5.28 5.78 6.40 7.06 7.70 8.13 8.29 8.25 8.15 8.12 8.34 8.63 8.77 8.70 8.53 8.27 7.93 7.39 6.85 6.65 6.64 6.63 6.55 6.64 7.21 8.03 8.61 8.52 8.22 8.20 8.28 8.44 8.54 8.55 8.41 8.21 7.98 7.71 7.58 7.56 7.57 7.75 8.11 8.43 8.51 8.24 7.83 7.54 7.38 7.45 7.67 7.95 8.16 8.25 8.13 7.41 6.59 5.84 5.37 5.02 4.63 4.36 4.35 4.70
7.72 7.73 7.78 7.85 7.81 7.80 8.09 8.66 9.09 9.08 8.57 7.80 6.98 6.07 5.14 4.70 4.85 5.47 5.86 6.06 6.18 6.42 6.86 7.38 7.79 7.97 7.89 7.73 7.67 7.66 7.84 8.18 8.56 8.77 8.77 8.42 7.60 6.84 6.45 6.46 6.39 6.28 6.27 6.52 7.07 7.66 7.84 7.24 6.48 6.12 6.17 6.34 6.68 7.13 7.45 7.66 7.67 7.61 7.61 7.73 7.91 8.13 8.27 8.33 8.32 8.14 7.81 7.57 7.48 7.64 8.02 8.29 8.48 8.70 9.03 9.10 8.82 8.39 7.95 7.37 6.59 5.99 6.01 6.07
7.70 7.67 7.66 7.69 7.71 8.02 8.62 9.14 9.24 8.78 7.90 6.92 6.01 5.15 4.73 4.96 5.65 6.25 6.57 6.76 6.90 7.10 7.40 7.57 7.48 7.25 7.11 7.21 7.50 7.74 7.84 7.91 8.00 8.18 8.33 8.26 7.62 7.00 6.59 6.54 6.55 6.67 6.78 6.90 7.11 7.35 7.25 6.40 5.35 4.95 4.86 4.88 5.14 5.75 6.48 7.09 7.48 7.69 7.87 8.10 8.28 8.21 8.03 7.94 8.02 7.95 7.65 7.52 7.57 7.77 8.05 8.25 8.29 8.33 8.60 9.06 9.35 9.48 9.44 9.20 8.82 8.51 8.29 7.97
7.74 7.70 7.72 7.87 8.15 8.65 9.13 9.23 8.78 7.85 6.72 5.54 4.55 4.03 4.06 4.52 5.03 5.52 6.09 6.60 7.07 7.41 7.50 7.20 6.68 6.37 6.49 6.88 7.16 7.26 7.30 7.26 7.25 7.43 7.75 7.98 7.71 7.29 6.96 6.99 7.12 7.25 7.28 7.33 7.38 7.45 7.33 6.76 6.00 5.57 5.48 5.69 6.25 6.90 7.40 7.61 7.69 7.77 7.90 8.02 7.99 7.71 7.50 7.56 7.75 7.69 7.32 7.27 7.41 7.55 7.68 7.87 7.73 7.33 7.24 7.55 8.13 8.61 8.97 9.26 9.40 9.46 9.40 9.09
7.79 7.76 7.82 8.08 8.51 8.97 9.09 8.67 7.72 6.46 5.25 4.24 3.60 3.35 3.40 3.63 4.01 4.49 5.08 5.78 6.42 6.86 6.84 6.50 6.21 6.20 6.44 6.65 6.52 6.24 6.15 6.19 6.38 6.76 7.23 7.61 7.60 7.31 7.13 7.32 7.46 7.55 7.66 7.97 8.10 8.16 8.10 7.90 7.73 7.62 7.50 7.85 8.38 8.68 8.61 8.18 7.84 7.69 7.60 7.46 7.26 7.06 6.99 7.20 7.44 7.33 6.97 6.94 7.04 7.08 7.17 7.30 7.07 6.50 6.13 6.22 6.60 6.97 7.35 7.83 8.33 8.66 8.76 8.81
7.83 7.84 7.94 8.27 8.72 8.90 8.52 7.61 6.39 5.21 4.29 3.75 3.55 3.58 3.68 3.80 4.04 4.34 4.71 5.20 5.71 6.00 6.07 6.19 6.41 6.63 6.83 6.82 6.60 6.40 6.28 6.28 6.48 6.70 6.88 7.08 7.22 7.16 7.20 7.48 7.66 7.86 8.20 8.74 8.94 8.94 8.85 8.77 8.86 9.08 9.26 9.32 9.20 8.75 8.17 7.82 7.66 7.48 7.19 6.81 6.45 6.31 6.41 6.76 7.13 7.22 7.03 6.91 6.82 6.75 6.80 6.91 6.73 6.19 5.68 5.50 5.69 5.82 5.85 6.06 6.48 6.90 7.03 7.08
7.89 7.93 8.07 8.39 8.57 8.28 7.43 6.28 5.20 4.43 3.98 3.83 3.96 4.28 4.62 4.91 5.09 5.22 5.48 5.89 6.26 6.43 6.51 6.65 6.81 7.10 7.58 7.95 8.11 8.10 7.97 7.90 7.88 7.71 7.13 6.80 6.94 7.20 7.54 7.90 8.16 8.48 8.93 9.35 9.36 9.21 9.06 9.04 9.19 9.47 9.61 9.47 8.99 8.23 7.67 7.61 7.58 7.33 6.88 6.36 5.97 5.88 6.19 6.75 7.33 7.59 7.49 7.22 6.88 6.71 6.68 6.78 6.64 6.03 5.26 4.71 4.65 4.62 4.48 4.58 4.96 5.34 5.36 5.30
7.94 7.97 8.04 8.07 7.73 6.91 5.83 4.89 4.26 3.93 3.94 4.19 4.57 5.05 5.64 6.27 6.75 7.08 7.45 7.85 8.12 8.13 7.89 7.48 7.22 7.50 8.30 8.84 9.01 8.90 8.73 8.56 8.32 7.90 7.16 6.81 7.01 7.51 8.08 8.50 8.79 9.06 9.29 9.38 9.15 8.94 8.92 9.05 9.25 9.41 9.28 9.07 8.93 8.81 8.54 8.14 7.73 7.34 6.99 6.69 6.52 6.53 6.83 7.34 7.78 7.89 7.62 7.26 6.93 6.90 6.97 6.94 6.56 5.65 4.58 3.85 3.67 3.56 3.45 3.60 3.86 4.04 4.15 4.28
7.95 7.94 7.80 7.40 6.58 5.57 4.71 4.13 3.89 3.99 4.39 4.96 5.57 6.23 6.94 7.72 8.36 8.95 9.45 9.64 9.48 9.02 8.34 7.73 7.48 7.86 8.51 8.56 8.09 7.69 7.39 7.22 7.10 6.90 6.77 6.94 7.35 7.90 8.49 8.84 8.99 9.02 8.89 8.66 8.53 8.47 8.63 8.86 9.05 9.13 8.96 8.81 8.82 8.90 8.81 8.32 7.79 7.40 7.18 7.09 7.14 7.34 7.59 7.90 8.07 7.94 7.47 7.16 7.13 7.46 7.61 7.31 6.56 5.38 4.23 3.65 3.50 3.31 3.22 3.37 3.54 3.56 3.60 3.85
7.98 7.90 7.56 6.95 6.24 5.60 5.09 4.74 4.67 4.95 5.44 6.05 6.76 7.52 8.30 9.00 9.60 10.03 10.11 9.76 9.03 8.17 7.57 7.45 7.72 8.26 8.54 8.06 7.20 6.69 6.49 6.53 6.71 6.69 6.79 7.20 7.70 8.15 8.54 8.74 8.71 8.50 8.14 7.83 7.79 7.93 8.14 8.35 8.32 8.07 7.98 7.99 8.03 8.01 7.85 7.69 7.48 7.21 7.00 6.92 7.08 7.50 7.93 8.26 8.30 8.07 7.70 7.52 7.62 7.92 7.95 7.44 6.61 5.74 4.89 4.45 4.13 3.74 3.72 3.95 4.01 3.90 3.91 4.35
7.92 7.76 7.33 6.94 6.65 6.35 6.12 6.06 6.23 6.46 6.74 7.21 7.90 8.71 9.47 9.96 10.13 9.93 9.26 8.26 7.26 6.60 6.62 7.14 7.83 8.60 8.87 8.59 8.15 7.95 7.90 7.91 7.81 7.52 7.35 7.52 7.80 8.10 8.31 8.36 8.10 7.68 7.33 7.20 7.22 7.40 7.70 7.79 7.28 6.55 6.24 6.33 6.55 6.60 6.63 6.80 6.94 6.91 6.83 6.88 7.14 7.63 8.04 8.23 8.15 7.93 7.74 7.68 7.69 7.74 7.65 7.17 6.78 6.52 6.18 5.72 5.23 4.68 4.95 5.30 5.26 5.08 5.27 6.11
7.75 7.51 7.17 7.05 7.02 7.03 7.11 7.37 7.73 8.00 8.21 8.53 9.12 9.80 10.18 10.14 9.67 8.82 7.73 6.72 6.08 5.96 6.39 7.10 7.92 8.95 9.38 9.46 9.43 9.38 9.25 8.99 8.61 8.19 7.85 7.75 7.80 7.94 8.01 7.79 7.27 6.81 6.73 6.88 7.06 7.38 7.74 7.68 6.80 5.84 5.41 5.32 5.16 5.29 5.76 6.32 6.73 6.89 6.92 7.04 7.36 7.76 7.91 7.85 7.68 7.53 7.37 7.24 7.16 7.19 7.10 6.96 7.20 7.50 7.62 7.43 6.97 6.60 7.08 7.39 7.28 7.18 7.51 8.12
7.62 7.44 7.22 7.27 7.55 7.93 8.35 8.74 9.05 9.25 9.40 9.64 9.99 10.19 9.99 9.34 8.41 7.39 6.50 5.96 6.07 6.56 7.18 7.75 8.51 9.30 9.46 9.22 9.10 9.02 8.83 8.60 8.40 8.26 7.96 7.78 7.75 7.70 7.44 7.00 6.64 6.72 6.98 7.23 7.48 7.88 8.16 8.05 7.37 6.73 6.37 6.04 5.54 5.67 6.21 6.68 6.98 7.18 7.31 7.45 7.62 7.80 7.79 7.68 7.56 7.42 7.17 6.98 7.00 7.14 7.15 7.25 7.73 8.16 8.49 8.67 8.79 8.95 9.30 9.45 9.32 9.18 9.19 9.00
7.63 7.52 7.38 7.52 7.98 8.54 9.01 9.32 9.47 9.55 9.67 9.84 9.92 9.65 8.96 8.01 7.03 6.15 5.58 5.61 6.36 7.21 7.83 8.34 8.94 9.29 8.92 8.19 7.76 7.58 7.52 7.64 7.83 7.95 7.80 7.65 7.50 7.19 6.77 6.56 6.87 7.48 7.77 7.88 8.01 8.30 8.48 8.35 7.95 7.85 7.82 7.63 7.37 7.25 7.27 7.18 7.20 7.44 7.75 7.93 7.99 8.08 8.03 7.95 7.83 7.66 7.49 7.54 7.76 7.80 7.67 7.68 7.90 8.11 8.40 8.92 9.53 10.02 10.21 10.12 9.80 9.53 9.18 8.45
7.57 7.50 7.39 7.54 7.87 8.27 8.51 8.61 8.64 8.72 8.92 9.09 9.00 8.51 7.72 6.76 5.82 5.25 5.23 5.77 6.62 7.31 7.82 8.21 8.60 8.60 7.91 7.11 6.54 6.25 6.33 6.63 6.96 7.19 7.38 7.42 7.24 7.00 6.95 7.30 7.88 8.19 8.23 8.20 8.26 8.42 8.47 8.19 7.94 7.98 8.09 8.17 8.22 8.07 7.58 7.18 7.22 7.54 7.89 8.14 8.32 8.51 8.51 8.41 8.24 8.08 8.05 8.17 8.27 8.07 7.85 7.79 7.79 7.83 8.06 8.53 9.11 9.49 9.53 9.43 9.21 8.84 8.22 7.37
7.48 7.45 7.44 7.53 7.61 7.63 7.58 7.45 7.44 7.64 7.95 8.05 7.75 7.11 6.27 5.47 5.17 5.44 6.21 6.98 7.42 7.70 7.91 8.06 8.10 7.74 6.85 5.99 5.41 5.20 5.29 5.48 5.67 5.99 6.40 6.78 7.10 7.40 7.78 8.15 8.32 8.28 8.15 8.12 8.19 8.28 8.21 7.84 7.44 7.20 7.19 7.41 7.67 7.65 7.29 7.09 7.23 7.57 7.91 8.27 8.63 8.91 8.92 8.78 8.56 8.35 8.22 8.09 7.87 7.52 7.47 7.55 7.64 7.73 7.86 7.99 8.14 8.14 8.17 8.45 8.66 8.54 8.15 7.79
7.66 7.78 7.91 7.82 7.61 7.33 7.05 6.86 6.90 7.18 7.35 7.07 6.36 5.48 4.72 4.63 5.39 6.60 7.57 8.09 8.34 8.43 8.41 8.32 8.18 7.80 6.89 5.81 5.14 4.99 4.99 5.02 5.16 5.39 5.74 6.35 7.05 7.58 7.81 7.82 7.71 7.67 7.69 7.77 7.91 8.00 7.87 7.37 6.68 6.22 6.10 6.19 6.39 6.66 6.78 6.95 7.17 7.48 7.85 8.28 8.72 9.02 8.99 8.81 8.57 8.33 8.09 7.80 7.48 7.19 7.16 7.28 7.45 7.51 7.48 7.61 7.51 7.27 7.15 7.44 7.90 8.29 8.57 8.80
8.03 8.20 8.28 8.06 7.72 7.34 7.05 6.92 6.93 6.87 6.42 5.57 4.58 3.78 3.56 4.10 5.33 6.72 7.64 8.25 8.60 8.73 8.69 8.69 8.73 8.47 7.81 6.97 6.47 6.44 6.51 6.43 6.47 6.53 6.68 7.00 7.34 7.46 7.36 7.16 6.99 7.01 7.28 7.53 7.75 7.82 7.61 7.01 6.33 5.94 5.75 5.43 5.18 5.28 5.70 6.34 6.93 7.36 7.75 8.20 8.61 8.77 8.68 8.46 8.32 8.25 8.12 7.88 7.64 7.35 7.17 7.18 7.26 7.31 7.44 7.57 7.36 7.03 6.71 6.60 6.74 7.11 7.61 8.11
8.09 8.07 7.95 7.76 7.53 7.25 7.03 6.86 6.54 5.86 4.77 3.82 3.31 3.23 3.60 4.41 5.32 6.12 6.81 7.51 7.93 8.13 8.39 8.84 8.82 8.94 8.66 8.60 8.65 8.73 8.73 8.69 8.59 8.33 8.12 7.95 7.72 7.50 7.29 7.08 6.89 6.93 7.31 7.64 7.83 7.81 7.55 7.09 6.67 6.35 5.90 5.15 4.52 4.61 5.27 6.18 6.98 7.49 7.88 8.26 8.47 8.37 8.17 8.12 8.19 8.31 8.31 8.11 7.88 7.56 7.35 7.31 7.32 7.35 7.37 7.28 7.15 6.97 6.70 6.33 5.92 5.65 5.76 6.10
7.86 7.57 7.33 7.28 7.14 6.91 6.62 6.21 5.59 4.79 4.10 3.76 3.89 4.48 5.58 6.63 6.87 6.78 6.72 6.83 7.08 7.44 8.14 8.89 9.06 8.89 8.95 9.29 9.62 9.80 9.76 9.63 9.40 9.02 8.61 8.21 7.83 7.56 7.30 7.07 7.04 7.28 7.66 7.86 7.86 7.75 7.55 7.28 6.99 6.53 5.78 5.04 4.99 5.64 6.44 7.01 7.39 7.70 8.04 8.24 8.13 7.88 7.87 8.10 8.31 8.40 8.39 8.28 8.13 7.98 7.79 7.68 7.54 7.30 6.95 6.72 6.78 6.86 6.73 6.37 5.80 5.42 5.43 5.62
7.67 7.39 7.11 7.04 6.92 6.70 6.37 5.93 5.43 5.12 5.22 5.67 6.32 7.35 8.57 9.39 9.60 9.05 8.23 7.85 7.86 8.19 8.83 9.16 8.94 8.60 8.57 8.75 8.95 9.14 9.20 9.15 9.05 8.84 8.57 8.24 7.91 7.59 7.23 7.03 7.27 7.77 8.08 7.94 7.70 7.57 7.48 7.33 7.10 6.67 6.14 6.02 6.55 7.33 7.67 7.58 7.48 7.66 7.91 7.93 7.75 7.67 7.85 8.08 8.23 8.21 8.13 8.11 8.17 8.26 8.17 7.96 7.66 7.24 6.80 6.58 6.66 6.80 6.76 6.61 6.53 6.66 6.84 6.79
7.67 7.48 7.22 7.11 7.06 7.04 7.03 6.93 6.82 6.97 7.57 8.42 9.40 10.29 10.90 11.10 11.06 10.76 10.38 10.08 9.91 9.88 9.87 9.53 8.93 8.41 8.18 8.06 7.86 7.72 7.75 7.86 7.94 8.02 8.07 8.09 8.00 7.70 7.36 7.29 7.61 7.83 7.74 7.47 7.33 7.44 7.55 7.55 7.53 7.50 7.48 7.63 8.01 8.27 8.01 7.54 7.49 7.71 7.82 7.75 7.70 7.75 7.78 7.77 7.77 7.66 7.51 7.59 7.81 8.01 8.06 7.95 7.68 7.32 6.98 6.82 6.85 6.88 6.86 6.93 7.19 7.54 7.72 7.68
7.76 7.67 7.51 7.40 7.42 7.58 7.83 8.10 8.49 9.07 9.83 10.64 11.21 11.42 11.28 10.89 10.49 10.53 10.66 10.65 10.56 10.38 10.07 9.45 8.70 8.22 8.07 7.96 7.62 7.17 6.85 6.75 6.79 6.98 7.25 7.54 7.69 7.61 7.46 7.37 7.25 6.96 6.62 6.64 7.13 7.64 7.93 8.00 8.10 8.36 8.62 8.78 8.87 8.80 8.48 8.16 8.17 8.18 8.05 7.90 7.81 7.69 7.53 7.45 7.43 7.24 7.03 7.10 7.33 7.56 7.72 7.72 7.56 7.32 7.12 7.04 6.99 6.88 6.87 6.99 7.20 7.40 7.49 7.49
7.90 7.89 7.78 7.70 7.74 7.89 8.18 8.67 9.45 10.27 10.88 11.13 10.99 10.54 9.92 9.24 8.85 8.96 9.14 9.33 9.49 9.54 9.38 8.91 8.33 7.99 7.98 8.00 7.79 7.52 7.26 7.07 7.09 7.20 7.26 7.27 7.27 7.32 7.27 7.02 6.63 6.34 6.39 6.89 7.65 8.19 8.41 8.38 8.39 8.63 8.94 9.16 9.27 9.30 9.32 9.23 9.10 8.80 8.40 8.08 7.79 7.52 7.39 7.37 7.25 6.96 6.79 6.91 7.19 7.42 7.47 7.42 7.34 7.23 7.15 7.12 7.02 6.90 6.90 7.01 7.17 7.33 7.36 7.30
