project/data/elevation/US_DEM2016/US_DEM2016_point_10-31-2019_2307_30m_ang.asc
ncols	125
nrows	167
xllcorner	-2042055.000000
yllcorner	1465035.000000
cellsize	30.000000
NODATA_value	-9999.000000
[rows 0 to 41 of 167, columns 0 to 94 of 125]
305 306 308 312 314 313 311 312 315 319 325 330 331 322 320 325 332 335 333 322 308 305 311 320 327 330 332 331 317 295 278 270 269 270 271 267 263 264 266 267 266 265 266 268 272 276 276 273 276 287 302 314 324 330 333 334 334 331 327 324 322 320 315 312 312 314 316 318 316 314 314 315 316 316 315 315 316 314 311 314 322 324 311 308 317 327 332 331 321 303 291 285 277 270 270
305 306 308 312 314 313 311 312 315 319 325 330 331 322 320 325 332 335 333 322 308 305 311 320 327 330 332 331 317 295 278 270 269 270 271 267 263 264 266 267 266 265 266 268 272 276 276 273 276 287 302 314 324 330 333 334 334 331 327 324 322 320 315 312 312 314 316 318 316 314 314 315 316 316 315 315 316 314 311 314 322 324 311 308 317 327 332 331 321 303 291 285 277 270 270
304 304 306 311 314 315 313 312 312 315 320 327 331 323 316 320 328 335 337 328 312 307 309 316 323 327 331 331 316 293 279 273 272 273 274 273 271 271 272 271 269 268 269 272 277 281 284 285 288 293 301 310 320 327 331 332 333 331 327 324 321 319 315 312 310 310 313 315 316 315 315 315 316 316 314 313 313 313 310 311 318 324 315 307 312 323 331 333 325 308 297 292 286 282 284
305 304 305 310 315 316 314 311 308 307 309 318 328 321 309 309 319 333 343 335 317 308 307 310 315 320 326 329 311 291 282 279 279 280 283 285 285 285 284 282 281 282 284 285 287 291 296 298 299 298 300 304 311 319 324 326 328 327 325 321 319 318 316 312 307 304 305 307 310 313 314 314 314 314 311 308 308 309 307 304 310 321 316 306 306 317 331 339 332 316 307 303 299 299 301
305 305 306 310 314 316 314 311 307 303 302 309 322 318 303 299 309 329 343 333 316 307 305 306 309 313 321 326 310 296 289 287 288 289 291 292 293 293 295 296 295 295 296 295 295 297 299 300 300 299 298 301 306 311 315 317 316 315 315 315 315 315 316 312 306 300 298 299 300 303 305 306 307 307 306 305 304 304 302 301 306 315 313 305 302 310 328 341 331 317 312 310 306 305 305
302 304 306 309 313 315 314 311 307 302 299 303 316 317 302 297 304 326 339 328 313 305 302 303 306 309 318 323 312 302 297 295 295 295 295 295 296 297 301 304 303 300 299 298 298 298 300 300 299 297 297 299 303 307 308 308 309 309 309 309 307 306 308 307 302 297 295 294 293 292 293 293 294 296 298 299 300 301 301 302 305 310 309 302 297 302 322 338 327 316 316 314 310 306 304
300 302 306 309 312 313 313 312 306 301 298 300 311 314 304 298 303 322 334 324 308 300 298 300 306 313 319 318 313 306 301 299 298 298 298 298 299 300 303 306 307 304 301 299 297 296 296 296 295 294 295 298 303 307 310 312 314 314 313 311 304 298 296 297 296 295 294 294 294 292 290 289 291 292 294 295 297 298 299 302 305 306 305 300 295 297 316 332 323 316 317 315 308 304 298
298 301 306 310 311 311 310 308 305 302 300 301 308 311 305 299 301 316 330 319 303 297 296 299 308 318 318 314 312 307 302 300 299 301 303 305 305 305 306 308 309 308 304 301 296 293 291 291 292 293 295 299 306 312 316 317 317 317 316 313 304 295 291 291 291 292 294 296 298 297 294 291 292 292 293 294 295 296 299 302 304 304 303 300 296 298 313 324 318 316 316 312 305 299 288
297 300 306 309 310 309 307 305 304 304 304 304 308 309 305 299 299 309 322 312 300 296 295 298 307 316 316 314 312 309 305 302 303 307 311 312 312 311 310 311 311 310 308 306 303 299 295 294 294 295 296 300 307 313 313 312 311 310 308 303 298 294 293 292 290 290 293 298 302 302 297 293 292 293 295 296 298 299 301 304 305 303 302 300 303 305 316 320 315 315 315 309 300 289 277
295 297 303 307 308 308 307 306 306 307 309 309 311 310 306 299 297 304 313 307 299 297 298 300 306 313 315 313 312 310 309 307 308 310 313 315 314 312 312 313 313 311 310 311 312 310 303 298 297 297 297 298 303 306 304 298 295 292 289 288 290 293 294 295 294 292 295 300 304 305 300 295 295 298 300 302 303 305 307 309 309 308 307 309 312 315 321 319 314 314 313 305 293 285 284
291 293 299 303 306 308 309 309 310 312 313 313 313 313 310 302 298 305 310 305 300 300 305 311 312 314 314 313 312 312 312 311 309 309 310 311 308 307 309 311 312 311 309 310 314 315 308 299 297 297 296 296 298 300 297 288 280 276 279 284 288 291 295 299 300 297 297 300 305 308 305 300 300 303 306 308 308 308 311 313 313 312 312 313 317 323 325 318 312 312 310 303 298 299 301
289 290 295 302 307 311 313 313 315 317 318 317 316 316 315 310 307 310 311 306 302 304 312 318 316 316 316 315 313 312 311 309 306 303 303 301 300 301 303 305 307 307 306 306 310 314 309 300 296 295 295 295 296 297 293 284 277 276 281 285 289 293 298 303 306 302 298 299 304 310 310 304 303 306 309 311 309 307 306 306 305 306 307 309 315 324 326 317 311 311 314 313 313 312 311
289 291 296 303 308 312 313 314 316 319 320 319 319 320 320 319 318 316 312 305 301 304 312 316 316 316 315 314 312 309 306 301 296 292 290 293 295 296 296 297 299 301 301 302 304 307 306 299 295 293 293 292 290 285 284 286 288 287 287 289 292 296 300 305 308 305 300 300 305 311 312 307 305 307 310 309 304 297 290 286 287 291 295 299 306 318 324 320 315 316 321 322 320 319 318
292 294 299 304 306 307 308 309 312 315 316 317 319 322 323 324 325 321 313 304 299 299 304 307 310 311 309 307 304 299 293 286 280 278 282 287 289 288 288 289 292 294 295 296 297 299 301 298 294 292 291 286 278 276 284 294 299 299 295 294 295 297 301 305 308 308 305 304 306 310 311 308 307 307 306 300 292 285 281 280 284 289 294 298 304 313 324 327 323 321 323 325 323 320 320
293 295 301 305 304 300 297 298 300 302 304 308 313 318 320 322 328 327 316 304 296 294 298 300 302 302 298 293 290 286 283 278 277 280 285 286 285 285 286 287 289 290 290 290 291 294 297 297 295 293 289 283 279 285 294 301 307 307 301 299 298 299 302 306 309 312 312 311 310 310 310 308 307 303 295 289 287 287 287 287 290 295 299 303 308 315 325 332 329 322 322 324 322 318 318
291 293 298 301 298 290 284 281 283 286 290 295 301 308 311 315 326 332 322 308 298 297 298 298 297 295 291 288 287 288 288 288 287 289 291 292 293 295 296 295 295 296 296 297 298 297 297 296 294 290 287 287 292 297 301 307 314 313 305 303 303 304 306 310 313 316 318 319 316 312 309 307 304 297 291 292 294 296 294 293 294 298 302 307 312 318 326 335 333 324 321 323 320 315 313
289 290 292 292 286 279 276 277 280 284 288 292 298 304 308 310 321 331 329 319 310 304 301 298 298 297 296 295 295 295 297 298 296 295 297 299 301 304 306 304 304 305 307 308 307 303 299 295 290 287 288 293 298 301 305 311 319 316 309 309 309 310 311 313 315 318 322 325 322 315 309 306 303 300 300 302 303 303 300 297 297 300 305 311 316 320 328 337 337 327 321 322 320 313 308
290 290 290 285 278 278 281 286 291 296 299 303 308 313 315 314 318 328 332 325 317 309 302 298 300 302 302 302 302 301 301 303 302 301 302 303 304 308 311 311 310 311 313 312 310 305 299 291 286 285 290 297 301 303 308 316 322 316 312 312 313 314 314 315 315 317 322 326 326 318 310 309 311 311 310 311 313 312 308 304 302 304 308 313 318 322 327 336 338 330 322 321 320 317 313
291 291 291 284 280 286 292 298 304 308 312 315 318 321 325 325 324 328 331 324 318 311 303 300 302 304 305 305 306 306 305 307 309 309 308 308 308 311 314 315 314 313 313 312 309 302 293 284 282 285 292 298 303 306 310 319 321 314 312 312 314 315 315 313 312 314 318 324 327 321 314 314 318 318 317 320 322 321 317 312 308 307 310 314 318 321 324 330 335 333 327 323 324 325 321
289 288 286 285 289 294 300 306 311 315 318 321 322 326 332 336 336 336 331 324 319 314 306 303 304 306 306 307 309 310 309 310 313 315 316 315 313 313 315 317 315 313 311 308 303 294 285 282 285 289 296 302 305 308 312 319 318 312 311 311 312 312 313 311 308 309 313 320 327 323 316 315 317 318 319 323 326 325 321 317 312 309 310 313 316 319 322 327 332 337 335 328 327 327 322
288 286 285 292 298 301 305 310 314 318 320 322 324 328 335 342 347 346 335 326 322 316 311 308 308 309 309 310 312 315 313 313 315 318 320 319 316 313 313 315 313 309 305 298 290 286 287 290 294 297 302 306 308 310 314 317 315 311 309 308 308 307 307 305 301 301 303 310 319 320 314 310 311 312 315 319 322 321 319 317 310 305 305 309 314 321 327 330 334 342 343 333 327 325 319
298 297 299 304 305 305 307 311 314 316 317 319 322 328 335 346 355 352 338 329 325 320 316 313 312 313 314 314 316 318 317 316 316 317 319 318 313 309 308 308 306 299 291 283 284 290 296 300 302 304 307 309 310 312 314 315 313 309 306 303 300 297 295 292 289 288 288 292 302 308 307 304 302 303 305 309 312 311 311 312 306 300 300 306 314 321 327 331 335 345 348 336 327 323 318
307 308 309 309 308 307 307 309 311 312 314 317 321 326 334 348 359 352 339 330 326 322 319 316 314 314 315 316 318 319 318 316 315 314 314 312 306 302 299 296 290 282 278 283 291 298 301 304 306 307 308 309 310 312 312 311 309 306 301 295 289 284 281 281 280 278 278 282 290 299 301 299 296 295 297 299 301 302 305 310 305 299 297 300 307 314 319 323 330 342 347 337 327 325 322
304 307 310 309 307 305 305 305 307 309 311 314 320 326 335 350 356 347 337 328 321 318 315 314 312 311 313 315 316 317 316 314 311 307 304 301 297 292 285 279 275 276 283 293 299 302 303 305 306 307 307 308 309 310 308 305 303 301 296 289 282 277 278 281 283 283 284 289 294 299 300 297 292 289 291 294 297 299 303 309 306 300 295 293 296 303 309 317 326 337 344 338 327 325 325
297 301 305 303 301 299 299 301 303 306 308 312 318 326 338 350 349 341 334 324 315 311 309 308 308 307 308 311 312 311 310 306 300 294 291 289 284 278 273 273 279 287 295 301 304 305 305 305 306 307 307 308 309 309 305 300 298 297 293 286 280 281 285 289 292 294 296 297 299 300 300 297 292 287 288 292 295 295 299 305 304 301 295 289 290 297 307 316 326 335 342 340 328 323 322
292 295 299 297 294 293 293 296 298 301 304 308 315 325 339 348 343 338 332 323 315 312 311 310 309 307 305 306 305 303 298 291 282 278 280 279 276 275 279 286 292 298 301 304 307 308 307 306 306 306 307 308 310 309 304 299 297 295 292 288 288 290 293 296 299 301 302 301 299 298 300 300 296 291 290 293 293 291 294 300 302 302 298 292 289 293 302 311 322 331 340 341 330 321 320
289 292 296 295 292 289 290 294 297 300 303 309 316 326 340 342 342 337 332 324 319 317 316 314 311 307 303 300 297 291 280 271 272 278 283 284 285 287 291 297 301 302 303 306 309 309 308 306 305 305 306 307 310 310 306 302 299 296 295 296 298 300 301 303 304 305 305 304 302 302 302 301 298 295 295 296 294 292 295 300 302 303 302 297 291 290 294 303 316 326 336 340 331 321 319
289 291 296 296 293 290 290 294 299 303 308 314 322 331 341 348 344 337 330 323 319 317 316 313 309 303 297 292 286 274 265 270 281 289 293 295 297 298 299 302 305 304 304 306 309 310 309 306 303 301 302 305 310 313 309 305 302 300 301 303 306 308 310 312 312 311 310 310 309 308 305 302 299 298 299 298 297 297 300 304 306 306 305 301 295 290 291 297 309 321 332 337 331 321 318
289 291 296 299 297 292 290 293 299 304 310 317 324 332 342 350 346 335 325 318 315 314 311 307 301 295 288 280 270 264 271 285 293 298 300 301 303 304 303 304 306 306 305 306 308 310 310 308 303 300 300 304 311 316 314 311 307 305 306 306 308 311 315 317 318 317 316 315 314 311 308 305 303 302 302 301 301 302 306 310 311 310 307 303 298 293 290 293 304 315 326 334 330 321 317
290 292 297 301 302 297 292 292 296 301 306 312 319 327 340 347 346 332 320 313 309 306 302 296 289 282 274 266 263 275 289 296 300 302 304 304 305 308 306 305 306 306 305 305 307 310 311 310 306 302 301 303 311 319 322 320 313 310 308 306 306 310 315 318 320 318 317 318 318 317 316 313 309 306 306 305 306 308 311 313 315 313 308 303 300 297 293 293 299 310 320 330 331 324 318
291 293 298 303 306 302 296 293 294 298 303 308 314 323 336 340 341 327 315 308 302 295 287 279 270 265 263 264 274 289 297 300 303 304 304 304 305 307 307 305 304 304 304 304 306 308 312 314 311 306 302 302 309 321 330 329 317 311 307 303 302 306 312 317 318 315 314 317 321 323 323 321 315 311 311 310 310 311 313 313 312 312 309 304 300 297 295 293 296 304 316 326 332 330 322
289 291 296 302 307 307 302 297 296 298 304 310 315 324 338 347 337 322 311 303 292 279 271 265 262 264 270 279 288 293 296 298 300 301 301 301 301 303 303 302 302 302 303 304 306 309 314 317 314 308 303 301 305 319 334 334 320 309 303 298 297 301 309 316 317 312 310 314 319 322 324 324 318 314 313 312 311 310 308 307 307 308 308 304 299 297 295 294 294 298 309 320 329 334 327
286 287 290 296 304 308 306 302 298 298 302 308 315 325 339 347 335 318 307 296 283 273 267 275 276 279 285 292 297 297 293 293 294 294 294 293 294 296 298 299 299 300 301 303 306 308 312 317 316 311 305 299 301 315 335 338 321 307 298 293 291 295 305 314 316 310 308 312 313 315 320 322 317 312 311 311 307 304 303 305 306 305 302 300 300 299 297 295 294 294 300 309 322 334 328
286 286 288 292 298 304 307 304 301 298 298 302 310 321 337 347 334 316 306 317 286 288 290 293 294 294 295 298 302 304 301 297 296 295 292 290 291 294 296 296 296 296 297 298 298 298 301 309 313 312 307 299 298 309 332 339 322 305 295 289 287 291 302 313 316 311 307 309 307 306 313 318 311 306 306 306 302 300 303 305 305 301 297 298 301 303 301 299 297 294 294 299 312 327 326
290 290 293 296 299 303 306 305 303 300 298 298 304 317 334 347 339 322 334 310 303 303 303 304 304 302 300 301 304 309 310 307 304 302 298 296 295 295 296 295 293 293 292 290 288 288 293 301 310 315 311 301 296 303 329 338 322 305 294 287 286 291 301 311 316 312 307 307 303 301 309 316 307 301 304 305 300 300 302 304 303 300 299 301 305 308 309 307 304 301 299 301 309 323 326
294 296 300 303 305 307 309 308 306 303 300 297 300 311 331 348 347 331 320 316 312 311 311 311 310 307 304 303 305 309 313 313 310 307 304 301 300 299 298 295 293 290 288 287 289 293 298 305 312 319 317 305 296 301 327 336 322 306 294 288 288 292 300 308 313 313 307 305 302 299 306 316 305 299 304 309 303 299 300 304 308 307 305 306 310 313 314 311 309 309 309 310 315 326 330
294 297 303 306 309 311 312 312 311 306 300 297 296 303 325 349 348 332 334 319 316 315 315 314 312 309 306 304 304 307 313 315 312 310 308 306 305 304 302 299 296 293 292 294 298 303 308 312 317 323 323 312 300 302 326 335 320 306 296 291 290 293 298 304 310 313 310 305 301 298 303 315 305 297 305 312 307 301 301 308 316 314 309 310 313 315 312 307 306 308 312 315 320 328 336
291 294 300 305 307 308 309 312 313 307 299 295 293 298 318 345 341 327 322 318 315 315 314 313 311 308 305 303 302 305 311 316 314 311 309 308 307 307 305 304 303 302 301 302 305 309 312 315 318 324 326 318 304 304 326 334 319 306 298 293 291 293 297 302 308 315 315 309 302 297 301 313 305 297 304 313 310 304 303 309 317 315 309 308 309 310 307 304 306 309 312 315 320 329 339
287 289 295 299 301 301 302 306 309 307 305 296 294 296 312 332 328 332 318 314 310 308 307 305 304 302 301 300 300 303 309 314 316 313 309 308 308 309 308 308 309 310 308 306 307 310 311 311 313 318 324 321 310 307 325 333 319 307 298 293 291 291 295 300 306 312 315 311 303 297 299 310 306 297 301 313 314 306 302 306 314 312 304 299 300 304 307 309 312 316 319 321 324 332 343
285 285 289 293 294 295 295 299 304 307 306 305 304 311 316 317 327 317 324 311 303 299 298 299 300 300 300 300 299 301 305 312 315 315 313 312 312 311 310 309 313 315 311 305 303 306 308 309 309 313 319 323 317 312 326 331 318 307 297 290 286 286 288 291 295 301 306 308 303 297 297 305 305 297 299 312 316 306 299 301 310 310 299 294 297 305 311 314 317 322 325 327 330 337 349
283 283 285 289 291 293 295 300 307 310 312 315 319 324 327 346 317 314 315 312 303 299 300 302 303 302 302 302 300 299 302 308 313 315 315 315 316 315 312 310 314 318 312 303 298 300 307 312 314 316 320 326 324 320 326 327 315 305 295 286 281 279 281 282 284 289 297 303 304 299 296 301 302 297 298 310 318 307 297 298 309 313 303 298 301 306 311 315 318 321 324 328 333 341 354
285 284 286 291 294 297 301 306 311 313 316 320 329 341 331 316 312 313 317 319 313 308 308 309 307 304 302 301 300 299 301 305 311 314 315 316 317 316 313 310 313 318 315 303 294 294 302 311 316 319 322 328 331 328 327 321 310 301 291 281 276 276 278 281 286 291 297 301 303 302 300 300 300 296 296 305 316 308 298 298 311 317 308 303 302 303 307 312 316 318 319 323 330 342 358
