project/data/elevation/US_DEM2016/US_DEM2016_point_10-30-2019_1740_30m_vel.asc
ncols	125
nrows	167
xllcorner	-2042055.000000
yllcorner	1465035.000000
cellsize	30.000000
NODATA_value	-9999.000000
[rows 74 to 110 of 167, columns 0 to 81 of 125]
9.09 8.91 8.80 9.01 9.26 9.35 9.38 9.78 10.74 11.84 12.61 12.90 12.74 12.22 11.60 11.39 11.88 12.85 13.67 13.76 14.12 13.46 12.69 11.64 10.91 10.74 11.06 11.49 11.56 11.24 10.76 10.39 10.00 9.71 9.40 9.17 9.07 8.84 8.57 8.55 8.81 9.03 9.13 9.30 9.47 9.45 9.41 9.32 8.90 8.47 8.30 8.53 8.96 9.13 8.99 8.94 9.06 9.37 9.84 10.36 10.86 11.26 11.18 10.65 9.65 8.57 8.00 8.34 8.61 8.21 7.51 7.14 7.10 7.31 7.91 8.81 9.95 11.43 13.23 14.70 15.56 15.84
9.20 9.10 9.12 9.36 9.58 9.64 9.72 10.29 11.47 12.38 12.82 12.95 13.00 12.97 12.80 12.80 13.14 13.54 13.58 13.38 13.18 12.74 11.95 11.09 10.45 10.12 10.15 10.61 11.04 11.05 10.67 10.10 9.24 8.64 8.45 8.56 8.69 8.64 8.51 8.44 8.40 8.52 8.74 8.96 9.02 8.64 8.03 7.38 7.15 7.02 6.98 7.27 7.82 8.25 8.41 8.57 8.78 8.90 9.08 9.39 9.84 10.07 9.67 8.60 7.44 6.75 6.66 7.34 8.27 8.51 8.11 7.88 8.06 8.56 9.47 10.61 11.96 13.41 14.32 14.43 13.43 11.83
9.34 9.35 9.52 9.76 10.02 10.36 10.91 11.56 11.83 11.60 11.17 10.97 11.32 12.07 12.63 13.13 13.45 13.30 12.86 12.25 11.86 11.53 11.15 10.76 10.39 10.01 9.67 9.83 10.37 10.79 10.80 10.40 9.51 8.80 8.66 8.79 8.81 8.54 8.11 7.75 7.60 7.86 8.36 8.60 8.66 8.48 8.19 7.76 7.49 7.48 7.49 7.44 7.40 7.63 8.08 8.49 8.76 8.78 8.84 8.98 9.01 8.64 7.85 7.12 6.72 6.64 6.94 7.53 8.50 9.26 9.49 9.70 10.43 11.47 12.54 13.73 14.84 15.36 14.91 13.62 11.47 8.63
9.40 9.42 9.67 9.92 10.24 10.84 11.27 11.22 10.54 9.50 8.88 9.12 9.98 11.14 12.07 12.69 12.89 12.53 11.83 11.17 10.78 10.61 10.52 10.47 10.33 10.04 9.59 9.52 9.85 10.49 11.02 11.14 10.74 10.35 10.07 9.77 9.30 8.63 8.06 7.85 7.98 8.20 8.33 8.24 8.22 8.10 7.93 7.64 7.30 7.14 7.08 7.06 7.04 7.39 8.00 8.55 8.92 9.08 9.16 9.09 8.63 7.83 7.29 7.32 7.69 8.14 8.47 8.94 9.85 11.10 11.84 12.59 13.73 14.88 15.73 16.31 16.40 15.85 14.69 13.48 12.00 9.76
9.26 9.06 9.20 9.48 9.71 10.02 10.01 9.52 8.90 8.56 8.64 9.24 10.22 11.34 12.12 12.51 12.39 11.84 11.18 10.59 10.18 9.97 9.95 9.98 9.90 9.64 9.24 9.12 9.27 9.77 10.56 11.20 11.36 11.14 10.76 10.23 9.53 8.78 8.35 8.16 8.02 7.77 7.52 7.38 7.32 7.06 6.51 6.00 5.78 5.75 5.90 6.27 6.89 7.64 8.31 8.80 9.18 9.31 9.17 8.74 8.12 7.59 7.58 8.18 9.13 9.78 10.37 11.27 12.51 13.33 13.96 14.60 15.43 16.17 16.30 16.08 15.35 14.06 13.22 13.05 13.00 12.24
9.02 8.57 8.54 8.84 8.90 8.92 8.95 9.02 9.26 9.63 10.07 10.70 11.58 12.35 12.68 12.53 12.02 11.36 10.76 10.25 9.81 9.53 9.39 9.40 9.33 9.02 8.55 8.28 8.14 8.38 8.93 9.90 10.52 10.61 10.34 9.92 9.37 8.73 8.22 7.69 7.16 6.73 6.59 6.80 6.88 6.58 5.91 5.48 5.62 6.08 6.70 7.47 8.26 8.78 8.99 8.98 8.83 8.46 7.83 7.18 6.95 7.17 7.76 8.83 10.05 11.17 12.42 13.51 13.99 14.21 14.24 14.34 14.69 14.68 14.29 13.68 12.72 11.73 11.30 11.73 12.55 12.99
8.79 8.40 8.43 8.89 9.04 9.07 9.28 9.74 10.38 10.85 11.38 12.07 12.81 13.03 12.76 12.05 11.20 10.51 10.00 9.59 9.25 9.04 8.90 8.86 8.83 8.57 7.94 7.13 6.43 6.41 6.67 7.49 8.54 9.28 9.49 9.40 9.15 8.88 8.48 7.98 7.59 7.42 7.51 7.84 7.93 7.70 7.16 6.93 7.21 7.88 8.62 9.18 9.45 9.48 9.17 8.84 8.35 7.78 7.26 6.96 7.07 7.58 8.41 9.66 10.99 12.37 13.44 13.72 13.47 13.13 12.80 12.56 12.28 11.70 11.31 11.19 11.01 10.65 10.22 10.04 10.65 11.83
8.69 8.54 8.79 9.42 9.76 9.87 10.04 10.45 11.03 11.58 12.19 12.74 12.99 12.68 11.91 10.95 10.07 9.28 8.78 8.44 8.26 8.29 8.42 8.46 8.53 8.40 7.72 6.28 5.17 4.76 4.68 5.06 6.05 7.41 8.36 8.94 9.13 9.41 9.45 9.44 9.50 9.64 9.83 9.87 9.83 9.64 9.22 9.00 9.17 9.29 9.29 9.18 9.08 8.97 8.93 8.90 8.88 9.08 9.25 9.28 9.35 9.60 10.13 11.05 12.00 12.72 12.72 11.99 11.50 11.45 11.34 11.08 10.72 10.09 9.91 10.03 10.28 10.44 10.19 9.55 9.37 9.96
8.95 8.95 9.10 9.39 9.70 10.01 10.36 10.82 11.39 11.95 12.43 12.59 12.26 11.47 10.55 9.82 9.18 8.49 7.89 7.56 7.49 7.52 7.58 7.86 8.17 8.34 8.01 6.80 5.18 4.43 4.19 4.39 4.96 5.84 7.15 8.29 8.90 9.48 9.87 10.29 10.70 11.00 11.09 10.94 10.84 10.78 10.55 10.25 10.03 9.57 9.07 8.90 9.05 9.24 9.25 9.29 9.51 10.04 10.45 10.75 10.98 11.22 11.58 11.95 12.26 12.06 11.26 10.59 10.49 10.72 10.72 10.40 9.95 9.48 9.38 9.48 9.76 10.12 10.20 9.87 9.26 9.02
9.32 9.38 9.31 9.18 9.35 9.83 10.40 11.01 11.56 11.95 12.09 11.85 11.20 10.37 9.65 9.12 8.66 8.17 7.65 7.25 6.99 6.84 6.77 7.03 7.62 8.19 8.46 8.10 7.01 6.25 6.01 6.08 6.01 6.15 6.74 7.94 8.47 9.06 9.65 10.27 10.68 10.77 10.67 10.48 10.51 10.72 10.75 10.52 10.22 9.89 9.84 9.99 10.05 9.94 9.62 9.53 9.58 9.79 10.23 10.76 11.28 11.64 11.88 11.84 11.54 10.96 10.44 10.47 10.70 10.73 10.45 9.87 9.09 8.45 8.09 8.23 8.62 9.03 9.38 9.55 9.23 8.59
9.35 9.44 9.47 9.43 9.60 10.01 10.54 11.12 11.50 11.58 11.38 10.90 10.23 9.58 9.04 8.57 8.16 7.82 7.45 6.99 6.55 6.29 6.26 6.58 7.34 8.24 9.02 9.54 9.80 9.76 9.47 8.88 8.23 7.76 7.64 8.06 8.73 9.45 10.06 10.31 10.12 9.79 9.68 9.86 10.09 10.46 10.75 10.92 11.13 11.29 11.16 10.89 10.47 10.08 9.70 9.63 9.72 9.96 10.46 10.90 11.30 11.51 11.49 11.16 10.61 10.18 10.12 10.47 10.62 10.46 10.03 9.35 8.26 7.11 6.28 6.18 6.55 7.07 7.66 8.20 8.46 8.16
9.24 9.34 9.56 9.83 10.14 10.48 10.80 11.07 11.17 11.01 10.64 10.09 9.48 8.95 8.49 8.04 7.58 7.18 6.78 6.38 6.17 6.27 6.60 7.20 8.05 8.86 9.67 10.47 11.25 11.69 11.64 11.04 10.13 9.32 8.97 9.06 9.73 10.45 10.43 9.93 9.32 9.12 9.43 9.86 10.09 10.46 11.01 11.52 12.03 12.32 12.06 11.37 10.73 10.28 9.85 9.79 10.02 10.34 10.60 10.68 10.72 10.69 10.59 10.38 9.96 9.69 9.61 9.77 9.75 9.67 9.60 9.34 8.55 7.24 5.92 5.33 5.01 4.94 5.26 5.86 6.65 7.06
9.29 9.44 9.75 10.15 10.52 10.69 10.66 10.56 10.54 10.41 10.08 9.57 8.99 8.46 8.00 7.50 6.95 6.45 6.10 5.97 6.15 6.70 7.42 8.14 8.89 9.52 10.02 10.50 10.99 11.38 11.59 11.63 11.22 10.44 9.91 9.82 10.12 10.20 9.61 8.96 8.69 8.83 9.07 9.32 9.53 9.98 10.61 11.10 11.57 11.93 12.01 11.75 11.35 10.85 10.22 9.96 9.96 9.87 9.73 9.70 9.57 9.50 9.60 9.71 9.58 9.32 9.04 8.89 8.84 8.96 9.23 9.65 9.79 9.36 8.06 6.64 5.47 4.67 4.24 4.28 4.71 5.34
9.40 9.57 9.83 10.06 10.14 10.03 9.87 9.86 10.00 10.06 9.76 9.23 8.62 8.02 7.39 6.82 6.51 6.42 6.52 6.62 6.80 7.15 7.71 8.40 9.10 9.59 9.84 9.97 10.00 9.97 10.31 11.00 11.48 11.38 10.87 10.26 9.65 8.96 8.45 8.38 8.35 8.25 8.11 8.17 8.59 9.05 9.43 9.55 9.72 10.01 10.26 10.54 10.72 10.70 10.42 10.01 9.63 9.24 9.05 9.03 9.04 9.19 9.41 9.51 9.42 9.15 8.88 8.68 8.54 8.73 9.15 9.79 10.52 11.10 11.13 10.06 8.72 7.46 6.52 5.83 5.30 5.11
9.40 9.52 9.61 9.56 9.36 9.23 9.42 9.86 10.13 10.00 9.49 8.84 8.17 7.47 6.86 6.68 7.00 7.64 7.95 8.01 7.89 7.82 8.04 8.49 8.89 9.11 9.16 9.24 9.35 9.29 9.47 10.06 10.91 11.43 11.38 10.64 9.43 8.53 8.14 8.25 8.15 7.94 7.87 8.02 8.27 8.32 8.20 7.75 7.34 7.13 7.31 7.63 8.12 8.75 9.12 9.30 9.26 9.19 9.20 9.34 9.50 9.60 9.55 9.38 9.22 9.04 8.88 8.77 8.66 8.84 9.25 9.63 10.31 11.31 12.20 12.45 12.09 11.37 10.59 9.68 8.59 7.77
9.37 9.43 9.45 9.39 9.31 9.49 9.95 10.32 10.27 9.74 8.90 8.03 7.31 6.75 6.55 6.82 7.53 8.21 8.61 8.80 8.77 8.67 8.64 8.61 8.43 8.18 8.09 8.37 8.89 9.28 9.41 9.49 9.78 10.43 10.87 10.69 9.73 8.96 8.48 8.46 8.47 8.54 8.59 8.58 8.44 8.11 7.64 6.84 5.96 5.56 5.53 5.70 6.07 6.86 7.82 8.60 9.08 9.36 9.55 9.75 9.83 9.61 9.24 8.94 8.81 8.74 8.65 8.67 8.71 8.85 9.05 9.18 9.48 10.15 11.05 12.00 12.56 12.74 12.70 12.45 11.95 11.35
9.39 9.43 9.52 9.65 9.83 10.16 10.43 10.32 9.76 8.83 7.80 6.75 5.97 5.67 5.67 5.93 6.32 6.88 7.66 8.31 8.79 8.97 8.82 8.32 7.66 7.22 7.21 7.56 7.99 8.33 8.54 8.53 8.59 9.13 9.97 10.42 10.00 9.43 9.03 9.05 9.15 9.24 9.24 9.22 9.06 8.77 8.40 7.86 7.17 6.62 6.51 6.85 7.57 8.36 8.97 9.27 9.41 9.50 9.53 9.51 9.36 8.98 8.67 8.49 8.40 8.29 8.16 8.29 8.43 8.47 8.48 8.51 8.39 8.31 8.66 9.39 10.40 11.19 11.84 12.36 12.57 12.49
9.42 9.45 9.58 9.83 10.15 10.38 10.26 9.66 8.65 7.47 6.45 5.67 5.22 5.00 4.81 4.64 4.74 5.21 5.92 6.79 7.55 8.07 8.08 7.76 7.42 7.22 7.13 7.06 6.89 6.74 6.82 7.02 7.34 7.95 8.95 9.82 9.91 9.50 9.23 9.37 9.47 9.56 9.70 10.03 10.12 10.06 9.95 9.82 9.76 9.62 9.35 9.65 10.22 10.57 10.52 10.01 9.58 9.35 9.09 8.76 8.47 8.25 8.09 8.06 7.98 7.78 7.64 7.83 7.94 7.88 7.86 7.82 7.47 6.96 6.79 7.10 7.77 8.47 9.19 10.00 10.75 11.17
9.44 9.49 9.63 9.93 10.23 10.17 9.57 8.55 7.40 6.41 5.75 5.44 5.34 5.32 5.19 4.91 4.74 4.83 5.15 5.66 6.23 6.71 7.08 7.45 7.77 7.93 7.85 7.54 7.20 7.03 7.00 7.15 7.43 7.75 8.20 8.95 9.42 9.36 9.30 9.51 9.67 9.92 10.29 10.82 11.01 11.07 11.08 11.11 11.28 11.56 11.68 11.55 11.19 10.60 9.98 9.60 9.35 9.05 8.58 8.04 7.62 7.45 7.48 7.57 7.67 7.66 7.66 7.75 7.67 7.53 7.49 7.48 7.21 6.59 6.06 5.86 6.15 6.53 6.83 7.27 7.93 8.61
9.47 9.54 9.69 9.91 9.89 9.36 8.37 7.28 6.42 5.91 5.70 5.67 5.80 6.09 6.34 6.43 6.28 6.12 6.20 6.53 6.92 7.28 7.63 7.98 8.23 8.49 8.88 9.23 9.44 9.51 9.44 9.38 9.32 9.10 8.55 8.55 9.02 9.40 9.73 10.03 10.26 10.59 10.99 11.33 11.27 11.21 11.25 11.35 11.56 11.89 12.05 11.87 11.21 10.18 9.48 9.42 9.37 9.02 8.40 7.76 7.30 7.14 7.34 7.66 7.99 8.19 8.27 8.17 7.82 7.59 7.45 7.48 7.34 6.71 5.77 4.89 4.61 4.67 4.71 4.95 5.51 6.29
9.47 9.51 9.54 9.40 8.81 7.78 6.68 5.96 5.62 5.55 5.72 6.03 6.40 6.86 7.45 8.07 8.48 8.68 8.93 9.25 9.53 9.64 9.52 9.19 8.85 8.86 9.44 10.09 10.52 10.59 10.47 10.24 9.92 9.48 8.79 8.64 9.05 9.70 10.32 10.70 10.92 11.10 11.20 11.15 10.83 10.69 10.83 11.12 11.44 11.68 11.58 11.47 11.43 11.25 10.79 10.22 9.72 9.24 8.79 8.43 8.20 8.10 8.22 8.43 8.60 8.60 8.49 8.35 8.09 8.02 7.98 7.92 7.65 6.82 5.46 4.09 3.38 3.09 3.10 3.32 3.63 4.15
9.43 9.42 9.20 8.61 7.59 6.48 5.67 5.31 5.31 5.55 6.05 6.73 7.42 8.09 8.81 9.66 10.36 10.98 11.44 11.59 11.39 10.95 10.33 9.75 9.34 9.23 9.38 9.35 9.14 8.97 8.69 8.48 8.37 8.30 8.38 8.79 9.38 10.04 10.65 10.93 10.96 10.85 10.56 10.20 10.01 9.95 10.17 10.53 10.94 11.26 11.21 11.14 11.23 11.36 11.22 10.59 9.90 9.38 9.07 8.93 8.95 9.06 9.09 9.13 9.05 8.78 8.41 8.31 8.43 8.80 8.88 8.67 8.34 7.47 5.83 4.44 3.65 3.20 3.00 3.02 3.12 3.31
9.43 9.36 8.97 8.29 7.56 6.94 6.50 6.28 6.29 6.56 7.06 7.78 8.62 9.45 10.25 10.96 11.60 12.03 12.08 11.72 11.01 10.22 9.65 9.48 9.62 9.75 9.56 8.91 8.20 7.83 7.68 7.70 7.93 8.07 8.38 9.00 9.66 10.18 10.52 10.61 10.47 10.14 9.68 9.27 9.11 9.16 9.26 9.47 9.71 9.77 9.85 9.97 10.05 10.07 9.97 9.82 9.50 9.15 8.87 8.69 8.77 9.10 9.31 9.43 9.36 9.14 8.84 8.73 8.92 9.24 9.24 9.04 9.10 8.85 7.55 6.16 5.17 4.47 4.19 4.10 4.06 4.06
9.36 9.23 8.81 8.47 8.30 8.11 7.97 7.99 8.21 8.37 8.55 9.01 9.77 10.66 11.43 11.88 11.99 11.72 11.04 10.09 9.19 8.62 8.55 8.90 9.45 10.06 10.22 10.07 9.86 9.80 9.81 9.78 9.57 9.24 9.08 9.33 9.70 10.00 10.11 10.02 9.67 9.21 8.83 8.63 8.53 8.55 8.60 8.57 8.26 7.72 7.44 7.62 7.99 8.18 8.33 8.60 8.81 8.81 8.73 8.69 8.82 9.14 9.27 9.22 9.05 8.96 8.95 8.96 8.91 8.89 8.81 8.78 9.48 10.08 9.71 8.41 7.17 6.19 6.14 6.19 6.08 5.96
9.17 8.97 8.70 8.69 8.82 8.99 9.21 9.55 9.98 10.27 10.39 10.58 11.08 11.72 12.03 11.93 11.39 10.51 9.53 8.71 8.19 7.98 8.11 8.56 9.18 10.08 10.71 11.25 11.56 11.67 11.63 11.38 10.91 10.27 9.73 9.59 9.66 9.72 9.65 9.32 8.79 8.35 8.25 8.38 8.50 8.66 8.74 8.60 7.94 7.06 6.43 6.21 6.13 6.45 7.13 7.93 8.57 8.86 8.90 8.93 9.10 9.28 9.11 8.79 8.48 8.40 8.45 8.45 8.28 8.23 8.19 8.44 9.59 10.86 11.41 11.01 9.98 9.02 9.11 9.18 9.04 8.93
9.07 8.91 8.76 8.93 9.39 10.01 10.61 11.10 11.45 11.70 11.81 11.86 11.97 11.96 11.65 10.95 10.08 9.19 8.48 8.11 8.27 8.58 8.90 9.19 9.60 10.11 10.41 10.63 10.84 10.95 10.95 10.92 10.81 10.52 9.95 9.61 9.49 9.29 8.93 8.52 8.28 8.41 8.63 8.85 9.04 9.26 9.32 9.31 9.10 8.70 8.14 7.50 6.79 6.92 7.60 8.34 8.90 9.24 9.40 9.46 9.46 9.43 9.17 8.88 8.65 8.48 8.31 8.19 8.13 8.24 8.35 8.70 9.68 10.88 11.93 12.48 12.51 12.19 12.09 12.08 11.91 11.61
9.13 9.04 8.93 9.13 9.72 10.49 11.13 11.55 11.76 11.87 11.94 11.93 11.75 11.27 10.47 9.58 8.77 8.12 7.68 7.67 8.33 9.05 9.52 9.76 9.92 9.94 9.58 9.09 8.86 8.88 9.06 9.49 9.97 10.19 9.88 9.48 9.12 8.66 8.23 8.19 8.66 9.31 9.54 9.58 9.59 9.64 9.63 9.72 9.90 10.18 10.25 9.99 9.44 8.96 8.88 8.92 9.10 9.45 9.84 10.01 9.98 9.93 9.72 9.53 9.34 9.14 8.97 8.95 9.10 9.10 9.04 9.14 9.53 10.14 11.09 12.23 13.00 13.30 13.32 13.17 12.69 12.07
9.12 9.06 8.93 9.06 9.40 9.86 10.18 10.36 10.47 10.60 10.77 10.82 10.58 10.00 9.22 8.42 7.74 7.39 7.36 7.67 8.30 8.86 9.28 9.47 9.40 9.04 8.37 7.75 7.26 7.06 7.30 7.85 8.54 9.06 9.30 9.22 8.91 8.61 8.62 9.12 9.75 10.01 9.96 9.85 9.76 9.68 9.57 9.45 9.60 9.95 10.35 10.64 10.63 10.14 9.33 8.87 8.99 9.41 9.85 10.16 10.36 10.50 10.42 10.25 10.05 9.87 9.77 9.76 9.76 9.49 9.27 9.23 9.24 9.48 10.15 11.03 11.75 12.19 12.40 12.39 12.03 11.36
9.09 9.06 9.02 9.06 9.04 8.96 8.84 8.72 8.78 9.05 9.34 9.39 9.07 8.47 7.74 7.21 7.21 7.63 8.36 8.98 9.20 9.29 9.35 9.33 9.02 8.25 7.23 6.49 5.98 5.71 5.79 6.10 6.54 7.19 7.87 8.37 8.78 9.16 9.60 9.95 10.06 9.93 9.72 9.62 9.57 9.47 9.29 9.00 8.78 8.68 8.82 9.27 9.75 9.72 9.12 8.75 8.89 9.30 9.72 10.17 10.60 10.89 10.87 10.74 10.53 10.28 10.01 9.69 9.33 8.86 8.77 8.85 8.95 9.18 9.60 9.93 10.12 10.17 10.39 10.91 11.26 11.20
9.33 9.49 9.67 9.51 9.12 8.65 8.23 7.96 8.00 8.28 8.43 8.16 7.53 6.76 6.12 6.18 7.15 8.57 9.65 10.18 10.33 10.27 10.09 9.87 9.59 9.07 7.99 6.80 6.02 5.67 5.48 5.51 5.77 6.23 6.88 7.73 8.63 9.27 9.46 9.35 9.18 9.11 9.09 9.10 9.14 9.12 9.00 8.62 8.03 7.51 7.29 7.39 7.80 8.36 8.52 8.55 8.71 9.08 9.52 10.02 10.51 10.85 10.84 10.75 10.60 10.37 10.02 9.53 9.00 8.50 8.36 8.44 8.61 8.76 8.95 9.29 9.28 9.03 8.78 9.15 9.93 10.66
9.70 9.97 10.14 9.87 9.36 8.81 8.35 8.09 7.98 7.80 7.30 6.53 5.74 5.12 4.85 5.13 6.31 7.97 9.20 10.03 10.47 10.61 10.52 10.40 10.39 10.36 9.97 9.07 8.27 7.98 7.86 7.65 7.68 7.81 8.06 8.49 8.94 9.07 8.86 8.60 8.41 8.38 8.59 8.77 8.92 8.99 8.93 8.61 8.04 7.46 7.00 6.46 6.15 6.42 7.02 7.73 8.36 8.88 9.32 9.77 10.19 10.37 10.35 10.26 10.29 10.36 10.30 10.00 9.50 8.87 8.44 8.32 8.34 8.42 8.72 9.11 9.19 8.90 8.22 7.79 8.00 8.64
9.64 9.71 9.69 9.48 9.18 8.80 8.41 8.06 7.56 6.73 5.62 4.83 4.57 4.64 4.82 5.11 5.72 6.59 7.58 8.59 9.25 9.66 10.03 10.39 10.69 10.94 11.24 11.40 11.33 11.24 11.10 10.92 10.70 10.33 10.00 9.72 9.42 9.11 8.85 8.64 8.46 8.41 8.67 8.88 9.04 9.12 9.16 9.14 8.89 8.37 7.66 6.64 5.64 5.52 6.23 7.34 8.34 8.97 9.38 9.72 9.88 9.81 9.73 9.82 10.04 10.35 10.60 10.55 10.15 9.38 8.81 8.58 8.47 8.41 8.47 8.66 8.98 9.02 8.51 7.69 6.98 6.62
9.24 9.01 8.85 8.87 8.76 8.49 8.04 7.42 6.65 5.86 5.29 5.07 5.32 5.97 7.02 7.90 7.79 7.47 7.39 7.51 7.87 8.46 9.36 10.15 10.51 10.77 11.28 11.90 12.37 12.61 12.51 12.29 11.95 11.40 10.78 10.20 9.65 9.25 8.96 8.71 8.69 8.88 9.12 9.15 9.11 9.11 9.30 9.56 9.55 9.05 8.16 7.13 6.59 6.80 7.52 8.19 8.71 9.09 9.43 9.57 9.38 9.20 9.35 9.72 10.02 10.28 10.57 10.79 10.71 10.23 9.57 9.18 8.83 8.38 7.95 7.93 8.47 8.93 8.83 8.23 7.36 6.69
9.02 8.76 8.55 8.61 8.60 8.41 8.01 7.42 6.85 6.61 6.86 7.44 8.16 9.26 10.52 11.41 11.69 10.98 9.83 9.14 8.99 9.31 9.97 10.32 10.35 10.33 10.43 10.69 11.08 11.50 11.68 11.66 11.55 11.25 10.87 10.39 9.90 9.47 9.01 8.72 8.93 9.39 9.59 9.33 9.00 8.88 9.11 9.55 9.84 9.68 9.12 8.63 8.56 8.88 9.03 8.88 8.75 8.92 9.17 9.14 8.94 8.93 9.21 9.51 9.69 9.79 9.99 10.33 10.69 10.78 10.30 9.70 9.12 8.47 7.94 7.80 8.22 8.80 9.00 8.83 8.62 8.57
9.10 8.92 8.74 8.77 8.87 8.96 9.01 8.94 8.82 8.97 9.64 10.62 11.69 12.60 13.19 13.47 13.66 13.45 12.91 12.32 11.88 11.60 11.32 10.85 10.45 10.15 9.89 9.67 9.45 9.42 9.64 9.90 10.04 10.13 10.22 10.24 10.11 9.74 9.29 9.08 9.23 9.31 9.17 8.89 8.67 8.71 9.06 9.65 10.33 10.83 10.90 10.68 10.46 10.22 9.65 8.98 8.81 8.98 9.05 8.97 8.90 8.96 8.98 8.97 8.98 8.94 8.99 9.34 9.90 10.32 10.29 9.88 9.34 8.81 8.39 8.20 8.39 8.81 9.10 9.18 9.28 9.47
9.29 9.25 9.19 9.20 9.34 9.61 9.98 10.37 10.84 11.42 12.18 13.01 13.57 13.72 13.50 13.13 12.87 13.02 13.14 13.02 12.73 12.30 11.71 11.00 10.46 10.13 9.88 9.68 9.32 8.83 8.50 8.46 8.52 8.73 9.06 9.46 9.73 9.69 9.45 9.13 8.74 8.27 7.92 7.99 8.42 8.88 9.38 9.99 10.77 11.61 12.07 12.04 11.74 11.29 10.66 10.03 9.80 9.67 9.45 9.23 9.05 8.84 8.63 8.52 8.51 8.42 8.33 8.49 8.90 9.41 9.75 9.71 9.39 9.03 8.74 8.57 8.57 8.78 9.04 9.09 9.03 8.99
9.48 9.58 9.59 9.59 9.70 9.92 10.28 10.85 11.73 12.59 13.16 13.31 13.04 12.45 11.76 11.15 10.81 10.89 11.04 11.20 11.26 11.20 10.99 10.64 10.33 10.04 9.82 9.79 9.77 9.59 9.28 9.02 9.01 9.07 9.09 9.09 9.19 9.32 9.22 8.78 8.17 7.76 7.80 8.29 8.95 9.43 9.84 10.27 10.80 11.47 12.02 12.26 12.28 12.23 12.09 11.69 11.23 10.66 10.03 9.51 9.08 8.68 8.48 8.42 8.35 8.23 8.14 8.18 8.46 8.87 9.25 9.38 9.25 9.05 8.88 8.73 8.67 8.82 9.04 9.04 8.90 8.84
