project/data/elevation/US_DEM2016/US_DEM2016_point_10-31-2019_1500_30m_vel.asc
ncols	125
nrows	167
xllcorner	-2042055.000000
yllcorner	1465035.000000
cellsize	30.000000
NODATA_value	-9999.000000
[rows 0 to 37 of 167, columns 0 to 83 of 125]
5.92 5.50 5.24 5.88 6.90 7.96 8.88 9.51 9.71 9.85 10.21 10.88 11.11 10.44 9.93 10.01 10.21 10.19 9.66 8.99 8.46 8.43 8.86 9.36 9.76 9.86 9.63 8.77 7.51 6.20 5.04 4.09 3.47 3.21 3.21 3.35 3.72 4.33 4.95 5.28 5.41 5.48 5.56 5.53 5.23 4.83 4.54 4.61 5.05 5.87 6.79 7.75 8.58 9.38 9.64 9.66 9.40 8.55 7.79 7.32 7.10 7.10 7.25 7.65 7.91 7.94 7.78 7.29 6.43 5.89 5.80 6.02 6.39 6.76 7.04 7.20 7.37 7.67 8.08 8.44 8.75 8.73 8.04 7.75
5.92 5.50 5.24 5.88 6.90 7.96 8.88 9.51 9.71 9.85 10.21 10.88 11.11 10.44 9.93 10.01 10.21 10.19 9.66 8.99 8.46 8.43 8.86 9.36 9.76 9.86 9.63 8.77 7.51 6.20 5.04 4.09 3.47 3.21 3.21 3.35 3.72 4.33 4.95 5.28 5.41 5.48 5.56 5.53 5.23 4.83 4.54 4.61 5.05 5.87 6.79 7.75 8.58 9.38 9.64 9.66 9.40 8.55 7.79 7.32 7.10 7.10 7.25 7.65 7.91 7.94 7.78 7.29 6.43 5.89 5.80 6.02 6.39 6.76 7.04 7.20 7.37 7.67 8.08 8.44 8.75 8.73 8.04 7.75
5.70 5.38 5.33 5.96 6.75 7.64 8.42 8.95 9.18 9.27 9.53 10.04 10.20 9.88 9.49 9.49 9.63 9.68 9.34 8.70 8.35 8.41 8.74 9.01 9.12 9.02 8.52 7.65 6.67 5.63 4.69 3.97 3.54 3.39 3.40 3.52 3.81 4.24 4.66 4.95 5.02 5.06 5.15 5.29 5.39 5.37 5.30 5.32 5.70 6.33 7.06 7.72 8.27 8.69 8.90 8.94 8.85 8.52 7.96 7.36 6.93 6.72 6.89 7.19 7.38 7.40 7.37 7.25 7.03 6.67 6.49 6.49 6.56 6.64 6.71 6.81 7.00 7.35 7.69 7.87 7.92 7.94 7.83 7.85
5.81 5.57 5.73 6.24 6.74 7.21 7.68 7.89 7.85 7.87 8.09 8.29 8.37 8.29 8.28 8.25 8.26 8.45 8.41 8.17 8.17 8.38 8.46 8.21 7.80 7.33 6.71 6.14 5.57 4.99 4.46 4.13 4.04 4.10 4.15 4.14 4.17 4.31 4.43 4.55 4.80 5.03 5.25 5.54 5.93 6.24 6.44 6.51 6.67 7.00 7.40 7.59 7.57 7.42 7.38 7.21 7.21 7.45 7.54 7.39 7.06 6.77 6.60 6.52 6.35 6.26 6.40 6.74 7.08 7.26 7.25 7.04 6.73 6.42 6.22 6.22 6.41 6.69 6.85 6.70 6.57 6.93 7.51 7.96
6.12 5.97 6.20 6.51 6.76 7.02 7.13 7.12 6.89 6.76 6.80 6.88 6.90 6.88 6.99 7.00 6.99 7.18 7.52 7.88 8.21 8.28 8.01 7.30 6.52 5.98 5.74 5.56 5.34 5.12 4.96 4.95 5.08 5.19 5.17 4.98 4.79 4.74 4.74 4.84 5.22 5.65 6.05 6.43 6.64 6.82 6.96 7.12 7.28 7.45 7.57 7.45 7.05 6.57 6.15 5.50 5.18 5.37 5.99 6.65 6.93 6.91 6.67 6.20 5.79 5.49 5.39 5.57 5.94 6.25 6.37 6.31 6.13 5.94 5.83 5.84 5.96 6.09 6.11 6.00 6.05 6.59 7.31 7.65
6.21 6.16 6.44 6.72 6.78 6.85 6.82 6.50 6.25 6.12 6.01 6.00 6.10 6.24 6.52 6.67 6.70 6.76 7.17 7.72 8.05 7.86 7.27 6.32 5.55 5.32 5.38 5.48 5.55 5.62 5.74 5.89 5.97 5.90 5.70 5.46 5.30 5.24 5.22 5.26 5.43 5.70 6.13 6.64 6.92 7.02 7.12 7.33 7.49 7.61 7.62 7.38 6.93 6.17 5.34 4.66 4.46 4.64 5.05 5.51 5.94 6.19 6.13 5.74 5.35 5.04 4.85 4.77 4.78 4.82 4.89 4.97 5.05 5.15 5.25 5.35 5.47 5.60 5.71 5.80 5.99 6.40 6.84 6.85
6.38 6.46 6.72 6.95 6.89 6.70 6.40 5.92 5.60 5.54 5.53 5.50 5.60 6.04 6.61 6.80 6.90 6.93 6.98 7.10 7.26 7.06 6.43 5.64 5.27 5.22 5.29 5.40 5.62 5.95 6.25 6.43 6.36 6.21 6.03 5.92 5.90 5.85 5.70 5.51 5.43 5.52 5.78 6.17 6.46 6.47 6.50 6.69 7.04 7.30 7.46 7.34 6.88 6.40 5.90 5.49 5.53 5.64 5.61 5.45 5.29 5.24 5.18 5.02 4.78 4.55 4.44 4.43 4.43 4.41 4.39 4.39 4.45 4.55 4.67 4.79 4.90 5.07 5.33 5.62 5.88 6.13 6.24 5.98
6.56 6.79 7.20 7.24 7.06 6.51 5.89 5.34 5.19 5.31 5.32 5.18 5.32 5.93 6.53 6.62 6.65 6.65 6.43 6.21 6.25 6.19 5.80 5.45 5.32 5.30 5.33 5.39 5.60 6.01 6.42 6.65 6.69 6.75 6.87 7.08 7.14 6.98 6.65 6.24 5.82 5.57 5.56 5.59 5.50 5.44 5.42 5.65 6.27 7.05 7.39 7.34 7.09 7.08 7.10 7.09 6.91 6.65 6.21 5.66 5.12 4.75 4.60 4.49 4.31 4.16 4.18 4.36 4.51 4.50 4.39 4.26 4.20 4.24 4.38 4.52 4.63 4.86 5.20 5.46 5.61 5.67 5.62 5.35
6.93 7.17 7.62 7.52 7.14 6.50 5.73 5.32 5.41 5.52 5.43 5.27 5.40 5.87 6.19 6.12 5.97 5.88 5.69 5.55 5.67 5.62 5.29 5.12 5.12 5.21 5.45 5.71 5.92 6.16 6.56 6.97 7.36 7.91 8.52 8.88 8.85 8.51 8.06 7.54 6.90 6.26 5.83 5.58 5.31 5.15 5.37 5.82 6.62 7.32 7.45 7.02 6.66 6.72 6.90 6.96 6.73 6.27 5.69 5.17 4.76 4.49 4.38 4.36 4.30 4.29 4.49 4.75 4.79 4.60 4.34 4.16 4.18 4.41 4.73 4.98 5.20 5.53 5.78 5.77 5.58 5.36 5.24 5.20
7.15 7.46 7.76 7.59 7.16 6.67 6.04 5.91 6.20 6.35 6.10 5.83 5.83 5.92 5.86 5.64 5.39 5.26 5.30 5.40 5.56 5.34 4.89 4.74 4.87 5.10 5.48 5.92 6.28 6.60 7.08 7.62 8.29 9.01 9.47 9.54 9.34 9.07 8.85 8.58 8.12 7.49 6.87 6.38 5.96 5.90 6.11 6.65 7.34 7.64 7.30 6.24 5.44 4.92 4.98 5.24 5.28 5.01 4.70 4.46 4.26 4.16 4.22 4.44 4.76 5.00 5.31 5.48 5.18 4.69 4.40 4.43 4.80 5.36 5.84 6.17 6.49 6.84 6.97 6.76 6.34 6.01 5.87 5.79
7.44 7.45 7.62 7.58 7.30 7.07 6.98 7.27 7.57 7.53 7.21 6.80 6.43 6.06 5.64 5.25 5.05 5.18 5.50 5.77 5.84 5.49 5.02 4.85 4.97 5.20 5.48 5.91 6.56 7.30 7.93 8.45 8.87 9.00 8.74 8.23 8.06 8.33 8.63 8.77 8.69 8.35 7.80 7.20 6.78 6.57 6.58 7.06 7.62 7.63 6.79 5.60 4.68 4.11 3.91 3.91 4.01 4.09 4.09 4.04 4.00 4.08 4.37 4.83 5.39 5.90 6.16 6.03 5.56 4.97 4.84 5.23 5.90 6.54 7.05 7.45 7.79 7.94 7.82 7.52 7.25 7.07 6.88 6.63
7.49 7.16 7.21 7.65 7.90 8.12 8.47 8.84 9.01 8.69 8.21 7.74 7.19 6.43 5.68 5.28 5.19 5.48 5.95 6.24 6.19 5.83 5.41 5.23 5.30 5.56 5.93 6.49 7.28 8.02 8.40 8.54 8.35 7.75 6.85 6.28 6.47 7.05 7.51 7.83 8.12 8.27 8.18 7.86 7.42 7.04 6.93 7.29 7.53 7.18 6.08 5.26 4.73 4.23 3.79 3.51 3.53 3.75 3.91 3.99 4.15 4.51 5.01 5.56 6.12 6.50 6.57 6.35 5.99 5.73 5.66 6.10 6.70 7.32 7.78 8.04 8.02 7.69 7.07 6.60 6.43 6.40 6.39 6.35
7.11 6.73 6.65 7.39 8.16 8.78 9.20 9.38 9.36 9.07 8.68 8.29 7.81 6.97 6.21 5.84 5.74 5.84 6.09 6.24 6.11 5.79 5.50 5.41 5.59 5.99 6.53 7.12 7.55 7.73 7.62 7.22 6.49 5.58 5.03 5.20 5.69 5.96 5.96 6.21 6.70 7.24 7.70 7.91 7.78 7.41 7.20 7.38 7.16 6.27 5.22 4.65 4.16 3.71 3.37 3.29 3.48 3.78 4.08 4.37 4.75 5.26 5.79 6.21 6.50 6.62 6.59 6.57 6.54 6.51 6.56 6.87 7.44 7.88 7.91 7.53 6.78 5.78 4.93 4.49 4.40 4.58 4.88 5.14
7.03 6.86 6.74 6.95 7.48 8.05 8.35 8.37 8.18 8.09 8.12 8.07 7.91 7.49 6.99 6.56 6.26 6.05 5.94 5.78 5.52 5.29 5.24 5.34 5.60 5.98 6.33 6.47 6.31 5.97 5.50 4.81 4.11 3.65 3.77 4.35 4.70 4.64 4.57 4.80 5.18 5.69 6.27 6.76 7.09 7.18 7.18 7.21 6.83 5.77 4.71 3.82 3.22 3.03 3.11 3.43 3.79 4.11 4.51 5.02 5.53 5.99 6.35 6.59 6.72 6.79 6.87 6.98 7.06 7.05 7.16 7.58 7.94 7.76 6.97 5.80 4.68 3.98 3.68 3.68 3.95 4.36 4.66 4.73
7.25 7.36 7.07 6.68 6.33 6.29 6.25 5.99 5.75 5.93 6.32 6.73 7.00 7.17 7.16 6.94 6.56 6.14 5.74 5.32 4.90 4.78 4.91 5.08 5.21 5.26 5.12 4.77 4.35 4.04 3.74 3.45 3.28 3.29 3.46 3.64 3.71 3.80 3.90 4.03 4.18 4.41 4.71 5.16 5.81 6.70 7.08 7.17 6.73 5.81 4.60 3.61 3.20 3.32 3.74 4.17 4.38 4.57 4.95 5.59 6.26 6.69 7.01 7.24 7.40 7.58 7.68 7.67 7.59 7.51 7.65 7.96 7.69 6.53 5.14 4.21 3.89 3.79 3.87 4.23 4.78 5.31 5.49 5.44
7.35 7.26 6.79 6.14 5.20 4.50 4.00 3.63 3.59 3.78 4.17 4.56 5.09 5.72 6.35 6.64 6.53 6.13 5.61 5.08 4.71 4.63 4.70 4.72 4.60 4.36 4.04 3.79 3.65 3.55 3.50 3.59 3.85 4.03 4.02 3.99 4.03 4.16 4.28 4.36 4.40 4.49 4.72 5.24 6.01 6.98 7.36 7.23 6.56 5.51 4.62 4.16 4.08 4.40 4.84 5.09 5.05 5.07 5.51 6.35 7.11 7.68 8.03 8.25 8.45 8.71 8.81 8.73 8.55 8.37 8.27 7.87 6.67 5.23 4.49 4.42 4.57 4.56 4.64 5.03 5.69 6.16 6.29 6.49
7.03 6.53 5.80 5.19 4.18 3.41 3.04 2.98 3.09 3.45 3.81 4.04 4.39 4.96 5.60 6.08 6.22 6.03 5.61 5.18 4.91 4.76 4.64 4.46 4.27 4.10 4.05 4.15 4.23 4.20 4.12 4.15 4.41 4.81 5.01 5.10 5.16 5.19 5.20 5.30 5.52 5.86 6.26 6.88 7.55 7.92 7.72 7.20 6.39 5.57 5.02 4.88 5.04 5.42 5.82 6.00 5.86 5.98 6.61 7.53 8.41 9.01 9.31 9.40 9.41 9.48 9.60 9.64 9.59 9.26 8.67 7.70 6.18 5.43 5.52 5.82 5.87 5.67 5.62 5.96 6.50 6.93 7.27 7.69
6.76 6.24 5.34 4.48 3.80 3.48 3.66 4.05 4.49 4.99 5.37 5.54 5.73 5.87 5.89 5.85 5.89 5.91 5.73 5.46 5.18 4.90 4.64 4.45 4.39 4.48 4.67 4.87 5.04 5.11 5.04 4.89 4.99 5.39 5.80 6.11 6.25 6.27 6.23 6.39 6.87 7.34 7.86 8.32 8.49 8.10 7.39 6.73 6.22 5.84 5.52 5.49 5.79 6.29 6.68 6.75 6.78 7.06 7.88 8.86 9.60 9.91 9.91 9.78 9.60 9.48 9.48 9.52 9.64 9.48 8.99 8.40 7.55 7.32 7.69 7.98 7.90 7.55 7.42 7.49 7.67 7.94 8.31 8.59
6.75 6.35 5.41 4.53 4.24 4.70 5.52 6.24 6.85 7.29 7.57 7.70 7.61 7.19 6.56 6.05 5.84 5.85 5.81 5.64 5.36 5.06 4.81 4.72 4.83 5.02 5.19 5.39 5.64 5.87 5.98 6.01 6.10 6.29 6.61 6.99 7.32 7.43 7.53 7.81 8.21 8.55 8.71 8.55 7.92 6.87 5.89 5.56 5.76 5.86 6.01 6.24 6.68 7.15 7.35 7.23 7.38 7.98 8.91 9.59 9.82 9.63 9.26 8.99 8.89 8.88 8.95 8.92 8.87 8.95 9.19 9.41 9.72 9.90 10.13 10.43 10.52 10.37 10.14 9.77 9.43 9.19 9.07 8.80
6.43 5.81 4.87 4.51 5.04 6.15 7.34 8.26 8.83 9.02 8.98 8.80 8.46 7.81 7.13 6.56 6.19 5.98 5.88 5.74 5.55 5.39 5.30 5.32 5.39 5.50 5.65 5.88 6.15 6.46 6.83 7.24 7.63 7.94 8.18 8.40 8.49 8.47 8.67 8.98 9.10 8.91 8.42 7.55 6.35 5.15 4.50 4.62 5.44 6.07 6.60 7.08 7.51 7.70 7.64 7.49 7.85 8.67 9.23 9.40 8.99 8.34 7.78 7.53 7.65 7.94 8.17 8.21 8.05 8.13 8.78 9.58 10.30 10.73 11.04 11.47 11.73 11.72 11.44 11.04 10.49 9.96 9.34 8.53
5.51 4.91 4.43 4.91 6.20 7.70 8.77 9.34 9.51 9.32 8.97 8.61 8.24 7.80 7.43 7.03 6.58 6.17 5.96 5.88 5.84 5.90 6.06 6.19 6.24 6.26 6.44 6.67 6.92 7.27 7.82 8.48 9.08 9.52 9.72 9.56 9.25 9.07 9.13 9.11 8.72 7.95 6.93 5.75 4.74 4.25 4.28 4.91 5.93 6.79 7.57 8.16 8.39 8.22 7.94 7.96 8.41 8.79 8.91 8.42 7.58 6.76 6.14 5.81 6.01 6.25 6.45 6.60 6.72 6.98 7.49 8.24 9.04 9.57 9.93 10.28 10.55 10.62 10.61 10.49 10.21 9.72 9.13 8.35
5.72 5.48 5.63 6.62 7.98 9.06 9.46 9.36 8.99 8.42 7.99 7.70 7.42 7.31 7.22 7.01 6.65 6.26 6.11 6.20 6.43 6.80 7.17 7.39 7.49 7.53 7.66 7.85 8.12 8.55 9.14 9.66 9.95 9.98 9.72 9.25 8.94 8.71 8.48 7.91 7.03 6.05 5.02 4.20 4.00 4.34 5.08 6.11 6.94 7.80 8.50 8.81 8.84 8.74 8.47 8.42 8.53 8.45 7.98 6.98 5.98 5.16 4.39 4.08 4.16 4.16 4.08 4.32 4.83 5.27 5.98 6.51 6.87 7.07 7.21 7.42 7.40 7.57 7.87 8.09 8.62 8.94 8.90 8.72
6.76 7.16 7.99 8.72 9.30 9.57 9.19 8.50 7.78 7.32 7.08 6.87 6.68 6.62 6.60 6.54 6.42 6.30 6.37 6.69 7.20 7.75 8.19 8.49 8.59 8.68 8.83 9.06 9.39 9.80 10.11 10.07 9.65 8.95 8.13 7.59 7.65 7.50 6.87 5.89 4.91 4.26 3.82 3.88 4.39 5.10 6.05 6.99 7.84 8.56 8.84 8.87 8.74 8.68 8.62 8.45 8.17 7.64 6.67 5.59 4.61 3.64 3.04 3.00 3.11 3.07 3.08 3.39 3.87 4.41 4.96 5.43 5.58 5.47 5.26 5.21 5.36 5.84 6.27 6.60 7.13 7.85 8.42 8.65
7.48 8.14 9.04 9.35 9.39 9.01 8.25 7.51 6.86 6.63 6.55 6.37 6.20 6.09 6.05 6.12 6.20 6.34 6.56 6.84 7.19 7.55 7.95 8.41 8.70 8.97 9.29 9.64 9.91 10.01 9.75 9.01 7.92 6.94 6.29 6.14 6.14 5.69 4.82 4.09 3.62 3.51 3.79 4.53 5.25 5.97 6.83 7.64 8.37 8.65 8.44 8.09 7.91 7.95 8.02 7.90 7.50 6.82 5.82 4.84 3.90 3.04 2.70 2.85 3.05 3.16 3.43 3.96 4.40 4.56 4.70 4.85 4.88 4.71 4.42 4.36 4.82 5.51 5.82 5.91 6.30 6.79 7.39 7.77
7.93 8.31 8.78 8.84 8.57 7.92 7.23 6.72 6.40 6.26 6.13 5.92 5.80 5.71 5.75 5.91 6.13 6.31 6.42 6.41 6.39 6.44 6.71 7.22 7.93 8.54 9.08 9.38 9.32 8.86 7.99 6.82 5.67 5.02 4.81 4.79 4.44 3.85 3.39 3.33 3.53 3.99 4.73 5.45 6.20 6.96 7.56 8.17 8.47 8.27 7.80 7.44 7.26 7.21 7.24 7.21 7.00 6.52 5.67 4.71 3.93 3.53 3.61 3.94 4.16 4.30 4.70 5.02 4.93 4.70 4.59 4.60 4.49 4.24 4.02 4.16 4.68 5.09 5.08 5.12 5.44 5.73 6.21 6.80
8.29 7.99 7.78 7.85 7.37 7.07 6.55 6.11 5.92 5.80 5.63 5.47 5.34 5.34 5.54 5.83 6.12 6.25 6.24 6.13 6.11 6.23 6.57 7.13 7.86 8.41 8.61 8.42 7.83 6.96 5.88 4.91 4.11 3.69 3.58 3.55 3.35 3.17 3.24 3.64 4.29 5.07 5.72 6.43 7.22 7.86 8.29 8.48 8.26 7.74 7.23 6.92 6.71 6.67 6.80 6.90 6.89 6.61 6.02 5.26 4.78 4.77 5.10 5.42 5.60 5.81 5.95 5.65 5.07 4.82 4.85 4.61 4.24 4.05 4.05 4.20 4.43 4.51 4.43 4.58 4.85 5.05 5.43 6.20
8.48 7.90 7.20 7.14 7.07 6.86 6.58 6.17 5.89 5.76 5.58 5.42 5.31 5.37 5.61 5.92 6.22 6.43 6.55 6.64 6.90 7.37 7.94 8.41 8.59 8.41 7.85 7.04 6.12 5.21 4.30 3.66 3.38 3.34 3.35 3.39 3.53 3.80 4.09 4.49 5.10 5.75 6.47 7.33 8.12 8.66 8.85 8.54 7.94 7.21 6.58 6.18 6.11 6.28 6.60 6.88 6.90 6.80 6.62 6.42 6.36 6.59 6.93 7.17 7.26 7.16 6.78 6.26 5.84 5.76 5.47 4.88 4.27 4.22 4.37 4.33 4.30 4.38 4.46 4.56 4.72 4.86 5.15 5.69
8.63 8.01 7.13 6.89 6.86 6.88 6.91 6.76 6.54 6.45 6.36 6.15 6.09 6.13 6.24 6.32 6.49 6.79 7.13 7.48 7.96 8.49 8.80 8.75 8.31 7.54 6.58 5.56 4.59 3.83 3.39 3.29 3.48 3.87 4.10 4.23 4.41 4.72 5.06 5.32 5.69 6.22 7.08 8.02 8.76 9.10 8.92 8.32 7.55 6.76 6.06 5.75 5.86 6.20 6.55 6.68 6.64 6.86 7.15 7.48 8.00 8.59 9.08 9.35 9.14 8.66 7.99 7.47 7.32 7.00 6.11 5.13 4.75 4.95 4.97 4.62 4.51 4.75 4.92 4.92 4.88 4.89 5.06 5.31
8.51 7.78 6.86 6.59 6.56 6.81 7.00 7.08 7.03 7.00 6.96 6.81 6.81 6.88 6.93 6.85 6.77 6.93 7.35 7.84 8.25 8.38 8.08 7.38 6.57 5.79 5.05 4.26 3.55 3.23 3.34 3.86 4.39 4.74 5.02 5.23 5.41 5.60 5.87 6.01 6.26 6.78 7.71 8.53 9.05 9.03 8.52 7.84 7.24 6.70 6.22 5.97 6.06 6.28 6.32 6.26 6.43 6.98 7.52 8.23 9.06 9.77 10.21 10.22 10.35 10.00 9.48 9.08 8.57 7.80 6.82 5.98 5.84 5.92 5.68 5.34 5.43 5.74 5.77 5.51 5.21 5.02 5.00 5.03
8.16 7.67 6.93 6.58 6.50 6.61 6.84 7.05 7.09 6.98 6.75 6.54 6.57 6.72 6.83 6.82 6.69 6.74 7.10 7.47 7.50 7.04 6.21 5.34 4.64 4.10 3.65 3.32 3.21 3.47 4.20 5.00 5.45 5.69 5.86 6.05 6.28 6.45 6.52 6.64 6.94 7.51 8.18 8.73 8.78 8.29 7.58 7.17 7.10 7.02 6.87 6.75 6.58 6.55 6.40 6.39 6.72 7.34 7.84 8.60 9.28 9.87 10.09 9.99 10.09 10.16 10.08 10.02 9.62 9.00 8.50 8.09 7.74 7.19 6.59 6.47 6.81 7.07 6.76 6.13 5.48 5.01 4.73 4.75
8.27 8.04 7.45 7.00 6.83 6.74 6.80 6.98 7.05 6.94 6.62 6.33 6.25 6.26 6.27 6.25 6.30 6.48 6.74 6.66 6.05 5.07 4.16 3.50 2.96 2.56 2.34 2.52 3.18 4.20 5.25 5.89 6.27 6.50 6.65 6.80 6.89 6.89 6.90 7.04 7.46 7.94 8.42 8.55 8.15 7.25 6.76 6.68 6.89 7.27 7.34 7.28 7.23 7.07 6.88 6.85 7.01 7.43 7.90 8.55 8.88 8.83 8.30 8.10 8.44 9.07 9.60 10.03 10.34 10.37 10.39 10.17 9.57 8.82 8.16 8.06 8.12 7.84 7.09 6.02 5.21 4.75 4.54 4.47
8.52 8.12 7.52 7.19 7.09 7.01 6.90 6.93 7.06 7.15 7.10 6.85 6.64 6.40 6.17 5.98 6.06 6.26 6.19 5.54 4.44 3.40 2.65 2.20 1.93 1.80 1.87 2.34 3.21 4.28 5.24 5.77 6.13 6.44 6.72 6.93 6.89 6.85 6.87 7.13 7.58 8.11 8.49 8.33 7.79 7.06 6.64 6.56 6.69 6.98 7.33 7.40 7.52 7.44 7.21 6.92 6.87 7.02 7.50 7.96 8.05 7.54 6.86 6.66 6.90 7.55 8.41 9.18 9.85 10.33 10.68 10.79 10.42 9.97 9.64 9.33 8.68 7.62 6.42 5.43 4.92 4.68 4.45 4.19
8.24 7.53 6.75 6.71 6.84 6.87 6.71 6.62 6.81 7.10 7.27 7.15 6.90 6.62 6.36 6.11 6.04 5.93 5.43 4.48 3.55 2.85 2.42 2.22 2.20 2.31 2.61 3.04 3.56 4.05 4.44 4.77 5.05 5.36 5.69 5.97 6.17 6.34 6.60 7.06 7.50 8.02 8.21 7.85 7.34 6.85 6.43 6.34 6.40 6.55 6.82 7.21 7.36 7.33 7.08 6.60 6.40 6.41 6.87 7.26 7.15 6.46 5.96 6.05 6.45 6.88 7.28 7.69 8.17 8.65 9.05 9.40 9.69 9.81 9.78 9.50 8.47 7.01 6.00 5.52 5.21 4.73 4.21 4.08
7.33 6.77 6.21 6.22 6.22 6.03 5.82 5.85 6.04 6.45 6.81 6.90 6.74 6.51 6.36 6.16 5.98 5.62 4.99 4.31 3.83 3.57 3.45 3.42 3.47 3.66 3.88 4.12 4.30 4.39 4.45 4.45 4.44 4.50 4.65 4.97 5.49 5.88 6.35 6.88 7.28 7.56 7.34 6.51 5.64 5.30 5.33 5.48 5.66 6.06 6.39 6.74 6.93 6.82 6.51 6.14 5.93 6.06 6.38 6.67 6.49 5.83 5.64 5.85 6.26 6.54 6.54 6.44 6.53 6.78 6.82 7.14 7.82 8.51 8.90 8.92 8.37 7.40 6.59 6.13 5.39 4.58 4.21 4.42
6.71 6.67 6.63 6.48 5.98 5.49 5.30 5.28 5.35 5.66 6.14 6.49 6.57 6.44 6.28 6.03 5.79 5.47 5.09 4.82 4.77 4.80 4.87 4.91 4.96 5.05 5.16 5.18 5.20 5.24 5.20 5.01 4.74 4.52 4.50 4.81 5.30 5.71 6.21 6.68 6.95 6.88 6.13 4.79 4.07 4.10 4.46 4.90 5.38 5.78 6.15 6.39 6.38 6.24 6.00 5.89 5.89 6.09 6.23 6.40 6.33 6.07 6.00 6.00 6.00 5.80 5.56 5.51 5.66 5.85 5.94 6.08 6.52 7.14 7.47 7.92 8.30 8.18 7.57 6.62 5.46 4.90 5.08 5.56
7.11 7.39 7.66 7.38 6.81 6.04 5.57 5.31 5.13 5.12 5.37 5.84 6.23 6.36 6.21 5.87 5.64 5.49 5.45 5.62 5.86 6.10 6.31 6.41 6.46 6.38 6.21 6.03 5.85 5.72 5.63 5.48 5.27 5.05 4.93 5.08 5.48 5.89 6.38 6.71 6.70 6.25 5.32 4.35 4.19 4.61 5.20 5.79 6.14 6.22 6.18 6.16 6.02 5.96 5.88 5.91 5.95 6.16 6.23 6.45 6.58 6.53 6.26 5.82 5.39 5.03 4.82 4.91 5.25 5.55 5.72 5.91 6.08 6.35 6.57 7.08 7.89 8.40 8.35 7.75 6.85 6.62 6.94 7.26
7.69 8.01 8.24 7.91 7.38 6.69 6.08 5.59 5.19 4.85 4.73 4.98 5.52 5.91 6.00 5.76 5.59 5.64 5.95 6.45 6.90 7.32 7.65 7.86 7.83 7.62 7.31 6.92 6.48 6.08 5.77 5.59 5.56 5.68 5.86 5.96 6.18 6.56 6.99 7.15 7.00 6.46 5.69 5.36 5.74 6.38 6.98 7.29 7.26 6.77 6.35 6.05 5.97 5.92 5.93 5.96 5.98 6.20 6.37 6.76 6.92 6.73 6.23 5.55 4.95 4.57 4.54 4.75 5.07 5.34 5.51 5.67 5.89 5.95 6.18 6.58 7.22 8.04 8.69 9.18 9.31 9.11 8.88 8.72
7.98 8.11 7.97 7.53 7.02 6.48 6.08 5.66 5.17 4.68 4.44 4.50 4.80 5.28 5.59 5.62 5.54 5.68 6.19 6.86 7.39 7.80 8.09 8.29 8.27 8.14 7.93 7.63 7.19 6.70 6.20 5.83 5.80 6.07 6.37 6.65 6.98 7.36 7.65 7.92 8.05 7.78 7.48 7.31 7.61 8.08 8.29 7.98 7.45 6.86 6.36 6.09 5.95 5.95 5.95 5.97 6.02 6.34 6.65 7.07 7.15 6.87 6.36 5.74 5.14 4.80 4.74 4.85 4.99 5.20 5.28 5.32 5.55 5.76 5.98 6.28 6.76 7.42 8.42 9.46 10.21 10.19 9.68 9.04
