project/data/elevation/US_DEM2016/US_DEM2016_point_10-28-2019_1957_30m_ang.asc
ncols	125
nrows	167
xllcorner	-2042055.000000
yllcorner	1465035.000000
cellsize	30.000000
NODATA_value	-9999.000000
[rows 84 to 125 of 167, columns 0 to 94 of 125]
346 350 352 347 341 337 335 332 329 326 323 323 324 327 329 329 331 338 344 339 331 332 332 328 326 326 329 333 339 340 337 336 337 338 345 350 345 340 337 336 336 337 337 334 330 328 328 332 337 339 340 342 345 349 354 352 342 336 337 337 337 336 333 328 326 330 336 334 331 327 323 322 323 326 327 324 322 325 330 336 343 343 337 332 338 352 1 2 359 354 352 350 345 337 334
344 347 349 345 340 336 334 330 327 323 322 322 324 327 330 331 334 341 346 340 334 332 332 330 328 328 329 333 339 342 342 343 344 344 347 349 344 338 336 337 338 337 336 334 330 327 328 332 338 343 344 345 348 350 354 352 342 337 336 334 334 333 330 326 326 331 335 332 329 328 324 323 324 326 326 321 314 313 316 321 330 336 336 328 329 343 357 2 2 358 356 354 352 344 341
344 346 346 342 338 334 332 329 324 321 321 323 325 328 332 335 340 346 349 339 334 332 332 330 329 328 328 331 337 341 343 346 348 347 347 348 343 336 337 340 338 336 334 333 328 324 324 330 338 344 347 349 352 353 356 353 8 336 343 333 332 331 328 324 325 330 335 332 329 328 326 325 328 333 335 330 321 314 311 312 315 324 328 322 321 331 347 356 359 359 357 358 358 350 345
343 344 343 339 336 333 330 328 324 321 322 324 327 331 336 342 347 347 343 339 335 332 330 328 327 326 326 330 334 337 339 343 348 349 350 350 340 338 338 341 338 334 333 331 325 319 319 325 334 341 346 349 353 355 357 355 346 338 335 334 333 331 327 324 324 329 335 335 331 329 326 325 329 337 342 342 337 332 327 323 322 324 324 322 321 327 337 346 351 353 354 358 358 350 345
342 343 341 337 336 333 329 327 325 324 324 326 329 336 345 3 344 341 340 340 337 333 329 326 324 323 323 327 332 335 336 339 344 349 353 355 352 344 341 341 338 336 334 331 324 317 315 319 327 332 336 340 345 350 354 355 349 340 336 335 334 332 328 324 324 329 336 339 333 329 325 323 326 336 344 347 345 343 341 339 337 336 334 332 333 335 338 342 345 348 352 357 355 349 345
341 343 341 338 337 333 329 326 326 327 328 329 332 341 348 342 336 334 336 337 336 333 329 326 323 321 320 322 328 334 337 337 339 345 354 0 358 350 344 342 340 338 337 333 325 317 315 318 323 324 326 328 332 337 345 352 350 340 335 335 333 331 328 323 322 327 337 341 335 328 324 321 323 331 340 345 346 346 347 347 346 344 342 342 344 347 345 343 346 350 353 353 351 348 345
341 342 340 338 336 332 328 325 326 329 332 335 339 344 6 330 326 327 328 330 330 330 328 326 323 319 317 318 323 328 333 335 335 340 352 2 2 354 347 343 340 339 338 334 327 321 319 323 327 328 329 332 334 338 344 351 350 341 334 333 332 331 328 322 320 325 336 341 334 328 322 318 319 326 333 337 339 343 346 348 348 347 346 348 352 354 351 347 350 355 356 350 346 344 341
341 340 338 336 334 329 326 325 327 331 337 345 350 345 334 324 320 321 321 322 323 324 326 326 324 321 319 318 319 321 325 329 331 333 346 0 5 357 348 342 339 339 338 335 330 326 325 329 333 335 336 337 339 343 348 354 352 341 333 332 331 331 328 321 319 322 333 339 334 328 322 316 316 322 328 330 330 334 340 343 344 345 347 350 354 356 354 352 355 360 357 347 341 338 336
340 339 336 333 330 326 324 325 329 337 347 353 350 343 337 331 327 325 322 321 320 321 325 327 326 324 323 322 323 324 326 330 331 333 341 358 6 357 347 341 339 339 338 335 331 328 329 332 336 339 340 341 342 345 350 355 354 344 335 333 332 331 327 320 317 321 331 338 335 329 322 317 316 322 327 327 323 325 332 335 335 338 342 347 351 353 353 354 358 1 357 347 338 334 333
339 337 333 329 327 325 323 326 333 344 350 348 343 340 338 336 334 332 329 327 326 327 329 329 327 325 325 327 330 333 335 337 339 341 347 359 2 354 346 341 339 338 336 333 330 328 329 332 336 338 341 344 346 347 349 354 356 349 340 336 335 333 328 321 319 322 332 340 339 332 323 318 318 323 329 325 316 314 319 322 322 326 334 342 344 344 345 349 354 356 355 348 339 335 336
338 337 332 326 324 323 323 325 335 346 344 341 339 338 337 337 337 336 335 334 333 334 334 333 330 325 324 327 332 336 339 341 343 347 356 2 356 348 343 340 338 336 334 332 329 326 326 330 335 338 341 345 349 351 352 356 359 354 345 340 339 336 330 323 321 323 332 342 343 335 326 321 320 325 329 324 312 305 305 307 307 309 319 332 335 334 337 341 346 350 353 349 341 338 339
337 338 335 330 327 328 330 330 337 342 340 339 339 338 336 336 336 337 337 337 337 337 337 335 331 325 322 324 328 331 333 336 339 346 358 0 351 343 340 338 336 334 332 330 327 324 324 327 333 338 343 346 350 353 356 1 3 357 347 341 340 337 330 325 322 324 332 342 344 337 329 324 324 328 331 327 319 313 309 307 306 303 308 321 329 334 337 340 342 346 350 346 340 339 337
336 338 339 337 336 338 342 342 341 341 340 339 338 337 336 334 334 335 336 337 339 340 338 334 330 325 323 325 327 328 329 331 336 344 355 356 347 340 337 335 334 334 332 330 326 322 320 322 328 336 341 345 348 352 358 5 6 358 347 341 338 335 329 324 323 326 333 340 342 336 330 328 329 333 335 332 328 325 320 318 318 316 316 322 329 336 342 342 341 345 346 343 339 339 338
336 339 342 341 339 341 344 345 343 342 342 340 337 335 334 333 333 334 336 339 341 342 337 331 328 325 326 331 334 335 336 338 341 346 354 353 344 337 335 334 334 335 333 330 326 321 318 319 324 330 334 337 342 348 355 4 5 356 347 342 338 333 327 323 322 325 332 338 340 335 330 330 334 337 338 336 334 332 326 325 327 328 326 327 333 341 346 345 343 345 347 342 338 338 337
336 341 344 344 337 340 343 343 342 342 342 340 336 333 333 332 333 334 338 343 344 341 334 329 325 323 326 333 338 339 341 343 347 350 354 353 344 336 334 335 336 336 334 330 327 323 320 320 325 330 329 329 332 340 349 359 1 353 347 343 338 333 327 322 321 322 328 335 338 335 331 332 335 338 340 340 340 336 332 332 335 335 333 333 337 346 350 346 343 345 346 342 337 336 334
339 343 345 339 336 337 340 341 341 341 340 339 335 332 331 332 334 337 343 346 343 337 333 329 325 322 324 331 335 338 341 344 349 353 356 354 344 335 335 338 340 337 334 332 328 324 322 324 331 337 337 336 336 339 346 355 358 351 346 343 339 333 328 324 323 323 327 332 336 336 335 333 333 335 339 342 343 340 337 338 341 341 338 338 343 349 350 345 342 344 346 343 336 333 331
340 344 345 340 334 333 335 337 338 338 337 335 333 331 331 333 337 343 346 343 338 333 331 328 324 321 323 328 331 333 336 340 347 353 358 357 347 338 337 340 340 337 335 333 329 324 323 327 334 340 343 345 345 344 348 356 357 349 345 343 339 334 329 327 326 326 329 333 336 339 339 335 332 332 335 339 340 340 341 343 344 343 341 341 345 348 347 345 342 345 346 344 338 334 331
340 343 345 339 331 328 329 332 334 334 332 331 331 332 333 337 342 347 345 339 334 330 328 326 321 319 322 326 327 327 328 332 340 350 358 359 352 341 338 339 338 336 334 332 328 324 323 327 333 338 342 346 349 349 352 358 355 346 342 341 339 334 331 329 329 329 330 333 337 341 342 336 331 331 331 333 334 337 341 344 346 345 343 342 343 344 345 345 344 346 347 343 339 337 334
340 342 345 341 339 325 325 327 329 329 328 328 329 332 337 342 344 343 341 338 335 331 328 325 321 319 321 324 324 322 321 322 328 339 351 357 352 342 337 337 336 334 333 331 327 323 322 326 331 334 336 340 345 350 355 359 354 342 339 339 337 334 332 331 330 330 331 332 336 340 341 336 331 330 330 328 328 332 337 341 344 346 346 345 344 344 346 348 349 349 347 342 339 339 335
339 341 344 344 338 336 328 326 326 325 325 326 329 333 339 341 337 335 336 336 335 333 330 327 325 325 327 328 327 323 321 321 323 330 341 351 349 339 334 334 334 333 332 329 325 322 322 327 331 331 331 332 336 345 353 357 351 340 336 337 335 332 331 331 331 330 331 332 335 339 340 336 331 330 329 326 326 329 332 335 339 343 346 347 347 349 350 352 354 352 346 340 338 337 334
336 338 344 346 343 336 330 328 327 325 324 325 327 335 337 331 327 327 329 330 331 331 330 327 327 330 334 336 334 332 331 331 332 335 340 347 347 339 333 334 335 333 331 328 324 322 323 328 333 333 332 329 328 333 342 350 348 338 334 334 333 331 331 331 330 330 331 333 336 339 340 337 331 329 329 327 327 330 331 331 332 335 338 342 346 350 353 356 357 354 346 340 338 336 333
331 335 343 346 345 339 332 328 326 326 327 328 327 334 333 327 324 322 322 324 326 328 327 326 327 331 337 339 339 339 339 339 341 342 344 348 350 344 336 336 336 334 330 327 324 322 324 331 336 337 336 334 328 326 332 341 344 338 333 331 331 331 331 330 330 330 332 334 337 340 341 339 333 330 329 328 327 330 333 332 330 327 325 328 335 343 350 355 357 353 345 341 339 336 333
328 333 341 345 345 340 338 330 330 331 335 337 336 336 335 334 332 329 327 324 323 324 324 324 326 331 334 337 340 342 342 343 345 347 348 350 354 350 340 337 337 334 331 327 325 323 324 331 337 340 340 337 331 329 332 338 342 339 333 329 330 331 331 330 329 329 332 334 338 341 342 341 338 332 328 327 326 329 333 336 335 330 325 325 330 337 344 349 352 349 343 339 337 335 334
331 335 341 344 344 342 339 338 339 340 341 342 341 339 337 338 340 340 337 332 329 328 325 325 327 330 330 331 335 339 341 344 347 349 350 353 357 354 344 338 336 333 330 328 325 322 324 330 337 342 343 339 333 332 334 339 342 340 333 328 329 331 330 328 327 328 330 333 336 341 343 344 343 337 331 328 326 327 333 337 339 337 335 335 337 340 343 346 348 345 340 336 334 332 332
336 338 343 344 342 341 342 344 345 344 342 342 340 338 337 338 342 344 342 339 335 332 328 327 330 331 328 328 331 333 336 340 343 346 349 353 358 357 347 339 335 332 330 328 325 323 324 330 337 343 344 339 335 335 337 339 340 340 336 330 329 330 329 327 325 327 328 329 333 338 343 346 347 343 335 330 327 327 331 335 337 337 338 340 342 344 346 345 345 343 338 333 332 331 331
337 340 345 344 340 339 341 343 344 342 340 338 337 336 335 338 341 341 340 338 335 332 330 330 333 332 329 330 333 333 334 336 337 339 344 350 357 358 349 340 334 331 329 328 325 324 327 332 337 341 341 339 338 338 340 340 340 341 340 335 330 329 328 326 325 326 326 326 328 334 340 346 350 347 338 332 328 328 330 332 334 334 336 339 343 346 347 346 345 342 337 333 332 333 333
336 340 346 344 340 338 339 339 339 338 336 335 333 332 333 336 339 336 334 332 330 329 329 332 335 333 328 330 335 338 338 338 339 340 343 349 356 358 349 341 337 334 331 329 326 326 330 335 337 337 338 337 338 341 343 343 343 344 345 340 333 329 329 327 326 328 326 324 326 331 337 345 350 348 340 332 330 329 329 330 332 334 336 339 342 345 348 348 346 343 338 332 331 332 333
333 338 345 343 339 337 337 336 334 333 332 332 330 329 330 335 336 333 330 328 326 325 326 331 336 333 328 329 334 337 338 340 341 344 347 351 357 358 350 343 340 337 334 330 327 327 332 337 337 335 334 334 336 340 344 346 347 348 349 346 337 331 329 328 328 328 326 325 326 330 336 344 350 349 340 332 331 330 329 328 330 334 337 340 343 346 349 349 347 346 341 333 329 330 332
332 337 343 341 337 335 334 332 331 330 330 330 330 329 331 334 335 331 328 327 324 323 326 332 336 332 330 332 335 335 334 335 338 342 347 353 359 359 350 343 340 337 333 328 326 328 333 339 339 334 331 330 332 337 342 346 348 351 353 350 342 334 330 329 329 328 326 326 327 331 336 343 349 349 340 332 330 329 328 326 328 333 337 339 341 345 349 349 347 348 345 337 332 331 332
334 337 341 339 334 331 329 329 329 329 329 329 329 329 331 333 332 330 329 328 325 324 328 335 335 331 331 335 338 338 336 333 332 336 343 351 359 358 349 341 339 336 332 327 325 328 334 341 340 335 330 328 328 332 336 340 346 350 352 352 346 337 332 331 330 328 326 326 328 332 337 343 349 348 340 333 331 330 327 324 326 332 336 336 338 341 345 345 346 348 346 339 335 335 334
335 337 340 339 334 327 325 326 329 329 327 326 327 329 330 330 330 329 330 329 327 326 331 336 332 329 331 334 338 340 340 339 337 336 339 347 356 355 346 340 337 335 331 326 325 327 334 340 340 335 330 328 329 332 333 334 338 343 347 350 347 339 335 333 331 328 325 326 329 334 338 343 349 348 340 334 333 331 327 323 324 330 333 333 334 336 339 341 345 347 345 339 337 337 337
334 336 340 340 335 327 323 325 331 333 330 330 329 331 331 331 330 330 330 330 328 327 331 332 328 327 329 331 334 337 340 342 343 343 343 346 352 351 345 339 336 334 330 326 326 329 334 339 338 334 330 330 332 336 337 337 336 338 341 346 345 339 335 334 331 328 326 326 329 334 338 344 349 348 340 335 334 332 328 323 324 330 333 333 333 335 338 341 344 346 343 338 337 337 337
332 334 339 340 338 330 324 326 333 337 338 337 336 335 333 332 332 332 331 330 329 329 331 329 325 324 328 330 330 333 336 339 343 347 348 348 351 351 345 338 335 332 328 326 328 332 336 338 336 331 328 329 333 338 341 343 342 340 341 345 344 337 333 332 330 328 327 327 329 333 337 343 349 348 341 336 335 333 329 325 326 332 336 337 335 337 341 344 345 345 341 337 336 336 336
329 333 338 340 340 335 329 329 333 336 338 338 337 335 333 332 333 334 332 331 331 331 332 332 329 327 328 328 328 329 331 333 338 345 348 350 353 352 344 336 333 330 327 325 328 334 338 338 334 328 326 327 331 336 340 344 345 345 346 347 347 340 333 330 328 327 327 327 328 333 337 342 348 348 341 336 335 333 330 327 328 334 339 340 339 341 345 347 346 344 340 336 335 335 335
329 331 336 339 342 340 333 331 332 334 333 333 332 332 331 331 332 333 332 333 332 330 331 333 335 335 332 329 327 328 330 330 331 337 344 350 355 354 345 336 332 329 326 325 329 334 337 337 333 327 324 325 329 332 336 341 344 346 349 351 351 345 335 330 328 327 326 325 327 332 338 344 348 347 340 335 335 334 330 327 328 334 339 340 341 345 349 349 348 345 339 336 335 334 334
329 331 335 338 342 341 335 333 333 333 330 328 328 327 328 330 332 332 333 333 330 326 326 330 335 339 337 331 328 330 333 333 330 330 337 348 356 354 344 337 332 329 326 326 331 333 334 336 334 328 323 325 328 329 333 338 341 344 348 352 354 350 339 332 330 328 327 325 327 332 340 346 350 348 340 334 334 333 329 325 325 331 336 338 340 346 349 350 350 347 340 335 333 333 333
330 332 334 338 342 341 336 334 334 332 328 326 326 325 326 330 332 334 335 334 330 325 322 325 332 339 339 332 328 330 335 337 334 331 333 343 352 351 342 336 332 328 327 329 334 333 332 334 335 331 325 324 327 328 331 336 341 343 346 351 355 352 341 335 333 332 330 327 328 333 340 346 351 349 340 334 333 332 327 323 324 329 333 336 339 343 347 349 349 348 343 337 333 332 332
331 332 335 339 342 339 334 334 334 331 328 327 326 326 328 331 334 336 338 335 332 329 325 325 330 337 338 333 327 328 333 337 339 337 336 341 347 347 340 334 331 328 328 333 337 332 328 330 334 333 327 323 325 326 328 333 339 343 345 350 355 350 341 337 335 333 331 329 329 333 339 345 351 350 341 335 333 331 327 323 323 327 332 336 340 342 345 347 348 347 345 340 334 331 330
330 332 335 339 341 338 333 331 331 330 330 329 328 327 329 332 335 337 337 335 333 331 328 326 330 336 338 333 327 327 330 334 338 341 341 343 346 344 338 333 328 326 330 337 337 330 326 327 331 332 328 322 321 322 325 329 335 342 346 351 354 348 340 336 333 331 330 328 330 334 340 346 351 350 342 335 333 330 327 323 321 324 329 334 339 342 345 346 346 344 344 341 336 332 330
329 331 335 338 340 337 332 328 326 327 330 331 329 328 330 331 333 336 334 333 332 329 327 327 330 337 339 334 328 327 328 331 335 339 342 344 347 346 342 331 326 326 332 338 334 327 324 324 328 331 329 323 319 319 321 324 329 337 345 351 352 347 340 335 332 330 329 328 330 335 341 347 352 350 341 334 331 329 326 322 320 321 326 332 335 339 343 345 343 342 342 341 337 333 331
330 331 335 338 339 337 333 327 322 322 326 330 331 331 332 329 330 334 333 330 329 326 324 325 330 338 341 338 332 328 328 330 332 336 340 343 347 347 339 330 326 330 337 338 333 328 324 323 326 330 331 329 326 323 321 321 325 334 342 348 350 345 339 336 333 332 330 329 330 335 341 348 354 351 340 333 330 329 327 323 321 321 325 330 332 335 339 341 340 339 340 341 339 335 333
330 332 336 339 339 337 333 328 323 320 332 328 333 336 332 327 327 332 334 331 328 325 322 323 329 337 342 342 337 331 329 330 332 335 338 341 345 347 340 331 329 336 340 338 336 333 328 325 326 330 332 333 333 332 328 323 324 332 340 345 348 344 338 334 333 333 331 329 330 335 341 349 356 351 340 334 331 329 327 324 322 321 324 329 333 336 338 338 338 338 340 341 340 336 334
