project/data/elevation/US_DEM2016/US_DEM2016_point_10-29-2019_1212_30m_ang.asc
ncols	125
nrows	167
xllcorner	-2042055.000000
yllcorner	1465035.000000
cellsize	30.000000
NODATA_value	-9999.000000
[rows 84 to 125 of 167, columns 0 to 93 of 125]
135 140 149 148 139 134 132 130 127 125 122 119 117 116 116 114 112 111 113 113 111 109 109 108 105 103 103 107 114 118 120 122 125 129 134 143 148 142 135 131 127 122 119 115 110 107 109 114 120 126 131 134 138 144 152 158 155 148 141 137 133 129 125 121 120 123 130 128 123 116 109 108 106 113 120 120 117 115 115 116 118 123 127 122 116 117 126 138 147 146 142 140 139 134
133 140 150 148 138 133 131 128 125 122 120 118 116 115 114 113 110 108 108 109 109 110 112 112 110 108 108 111 117 121 123 125 127 131 138 148 151 142 135 130 126 123 120 117 112 108 109 114 121 127 131 135 138 143 151 157 156 148 142 136 132 127 121 118 118 123 131 129 123 116 108 109 104 109 115 117 114 112 112 112 112 116 123 123 117 116 123 133 143 145 141 139 137 134
133 139 149 146 137 132 129 125 123 121 119 117 115 114 113 111 107 103 104 107 111 114 116 115 114 112 110 111 115 119 121 123 126 131 138 149 151 142 134 129 125 123 120 117 113 109 110 112 118 125 130 135 139 144 151 157 155 148 141 135 130 125 119 116 116 121 131 130 124 118 110 105 106 110 114 115 112 110 109 110 110 111 116 119 118 116 120 126 134 138 139 138 139 138
132 138 147 143 135 129 126 123 121 120 118 116 114 113 111 107 102 102 106 111 115 117 118 117 116 113 110 110 112 116 119 120 123 129 138 148 151 144 135 129 125 122 119 116 113 110 108 110 114 120 125 130 136 142 149 156 155 149 141 135 130 125 119 115 114 119 130 134 127 120 114 109 107 110 116 117 116 114 113 113 113 111 112 116 118 118 119 123 128 133 136 138 142 141
131 137 144 141 133 128 125 122 121 120 118 116 113 111 109 106 106 109 112 115 117 119 119 118 116 113 110 108 111 116 120 122 123 126 135 147 152 150 140 130 124 121 119 117 113 109 107 107 111 115 118 122 127 133 142 152 155 151 143 137 132 126 120 115 113 117 129 136 130 123 116 111 109 110 115 117 120 121 121 121 120 119 119 120 122 122 123 125 129 133 136 140 143 142
130 135 141 140 134 129 125 123 121 119 118 115 111 107 106 109 112 113 114 115 117 118 119 117 114 111 109 108 110 115 121 124 124 124 130 144 155 155 145 133 126 123 122 118 112 108 106 106 108 111 113 116 120 126 136 147 154 152 145 138 132 126 119 114 112 115 127 137 133 124 117 112 109 111 115 117 119 120 122 124 125 126 126 126 128 129 129 130 133 135 137 142 146 143
130 134 140 139 135 129 125 122 119 117 115 111 106 102 104 108 111 112 112 114 115 116 116 114 111 108 108 108 110 113 117 122 124 123 127 140 156 159 148 135 128 125 123 119 112 108 107 108 110 112 115 119 124 130 137 147 154 152 145 137 131 125 119 113 111 113 124 137 134 124 116 110 108 111 116 118 116 116 118 121 123 125 127 128 131 135 135 136 138 139 140 144 147 143
130 133 138 138 134 128 123 119 116 113 109 105 101 100 102 106 108 109 111 113 113 113 112 110 109 108 108 108 109 111 113 118 123 125 127 137 156 161 149 136 129 126 125 120 114 110 110 112 115 118 121 126 132 136 141 149 154 152 144 137 130 125 118 111 109 112 122 134 134 126 115 108 107 110 118 120 115 113 115 117 117 118 122 126 130 134 136 137 140 141 141 144 145 140
129 132 136 136 132 126 121 116 112 108 104 102 101 102 104 107 109 111 112 112 112 112 111 111 110 109 109 110 111 113 116 119 124 128 131 139 156 159 147 135 130 128 127 123 116 112 111 113 117 121 125 130 134 137 141 148 153 151 144 136 130 125 118 111 108 111 121 133 136 128 115 107 105 109 118 121 115 112 114 116 114 113 115 120 123 126 129 132 136 139 140 141 141 136
128 131 135 134 129 123 117 112 108 104 102 102 105 107 108 110 113 115 115 116 116 117 116 115 113 110 111 113 116 119 122 125 129 134 139 146 156 156 145 135 132 130 128 123 117 111 109 112 117 121 125 129 132 135 139 146 152 152 146 137 130 125 119 112 110 113 121 132 138 131 117 107 105 107 115 119 114 110 110 113 112 109 110 114 117 118 120 124 129 134 137 139 138 134
127 129 132 130 126 120 114 108 105 103 103 106 109 112 113 115 118 121 123 123 123 123 121 118 114 112 113 115 117 119 122 126 129 135 144 154 157 152 143 136 132 130 127 122 116 111 108 110 115 120 124 128 132 137 141 147 153 154 150 140 133 128 121 114 111 113 121 131 139 134 120 109 104 104 108 112 111 107 106 109 110 107 106 109 114 117 120 122 126 131 134 137 137 136
125 128 130 127 122 117 112 108 105 106 110 114 116 118 119 121 123 126 127 127 126 125 122 118 114 113 113 115 115 115 116 119 123 131 145 156 157 150 141 135 131 128 124 120 116 111 108 109 113 118 123 127 131 136 141 149 155 156 152 143 135 129 122 115 112 113 119 130 139 136 122 110 103 100 102 106 109 107 105 107 109 107 105 108 114 120 124 126 128 130 133 136 137 137
124 127 129 127 123 118 115 113 112 114 119 121 122 123 124 125 125 126 126 125 123 121 119 116 114 113 113 115 114 113 114 116 122 131 145 156 155 147 139 133 130 126 122 118 115 110 107 108 111 115 119 123 127 132 138 147 154 156 152 142 134 128 122 116 112 112 118 128 138 137 125 112 102 98 100 105 108 108 107 108 111 110 108 111 118 126 130 130 130 131 133 135 137 137
123 126 129 129 126 123 121 120 120 122 125 127 127 126 126 126 125 123 122 119 117 115 116 116 114 112 113 117 118 119 120 122 126 135 146 155 155 146 137 132 128 124 120 117 114 110 107 107 109 112 114 117 121 126 133 142 150 154 151 142 133 126 120 115 111 110 115 124 135 136 127 116 104 100 102 106 109 109 109 112 115 115 115 118 124 132 134 132 132 132 133 136 137 137
122 125 130 131 130 127 126 127 127 127 129 131 130 128 126 124 122 119 117 115 112 113 115 116 115 113 114 118 121 122 123 125 129 136 146 155 154 145 136 131 126 123 120 117 114 111 109 109 109 110 112 114 118 123 130 140 149 153 150 142 133 125 119 114 110 109 112 120 130 134 131 123 112 106 106 109 112 113 115 118 121 123 123 125 130 136 136 134 133 133 134 135 137 137
123 126 131 134 134 132 131 130 130 130 130 130 129 126 124 121 118 115 113 112 113 115 117 118 116 114 114 117 120 120 121 122 125 134 145 154 154 145 136 131 127 124 121 119 116 112 110 110 111 113 114 117 120 125 133 142 150 153 149 141 133 125 118 114 111 111 112 118 126 134 136 130 121 112 109 110 115 119 121 124 127 129 128 128 132 137 137 134 134 133 134 134 135 134
124 126 131 135 137 135 132 130 129 129 127 126 125 124 121 118 115 111 110 112 115 117 118 118 116 114 114 115 117 117 117 117 121 129 142 152 154 146 137 133 131 127 124 120 117 112 110 110 112 115 117 121 125 130 137 146 152 153 149 141 133 125 119 115 113 113 114 119 126 135 140 136 126 117 110 109 114 119 122 125 127 128 127 126 129 134 135 134 134 134 134 134 133 132
124 126 131 134 136 134 130 128 126 125 123 122 121 120 118 115 111 108 109 114 117 117 117 115 113 112 112 113 114 115 115 115 117 124 137 149 154 149 141 137 133 129 125 120 116 112 109 109 111 114 116 119 124 130 138 148 152 151 148 141 133 126 120 116 114 113 115 119 125 134 142 138 129 121 114 111 111 114 117 120 122 124 123 122 125 130 134 135 135 134 134 134 133 131
124 126 130 133 134 132 129 125 124 122 121 118 117 116 114 111 109 110 115 118 120 119 117 114 111 110 110 110 111 112 112 113 114 119 130 143 152 150 144 138 133 128 124 120 115 111 109 109 111 112 113 115 118 124 135 147 150 150 147 141 133 126 121 117 114 112 113 117 122 131 140 139 132 124 117 112 110 111 113 115 118 121 121 122 126 131 135 136 136 136 135 134 133 131
125 127 130 133 134 132 129 126 124 122 119 116 112 109 107 109 113 117 119 120 121 120 117 115 112 110 110 110 110 110 111 112 114 118 126 138 148 149 143 137 132 126 122 119 114 110 107 107 109 110 111 113 114 118 128 142 147 148 146 141 133 126 121 117 113 111 111 114 119 128 136 139 134 127 119 112 109 109 112 114 116 118 121 124 128 133 137 138 138 137 136 135 134 131
124 126 130 132 133 132 130 127 124 121 116 111 105 101 102 108 115 118 119 120 120 119 117 114 112 111 111 112 114 115 117 118 120 124 130 139 147 149 143 136 131 126 122 119 114 109 106 106 107 109 111 112 111 113 121 134 143 146 145 141 133 126 121 117 113 111 111 113 117 125 133 138 135 129 122 113 108 108 111 114 115 116 117 120 123 129 134 137 138 137 136 135 133 130
121 123 128 130 131 131 129 126 122 117 111 104 100 98 102 109 116 118 118 118 118 117 116 114 119 111 112 115 119 121 123 125 128 130 134 141 148 150 146 138 132 126 122 119 115 110 107 106 107 109 110 109 108 111 118 130 141 145 144 140 134 127 121 117 115 112 111 111 115 122 131 136 136 132 124 114 107 106 109 113 114 113 113 114 117 122 128 133 135 136 137 136 134 130
119 121 125 127 128 128 126 123 118 112 108 105 104 107 112 118 122 123 121 119 118 118 117 115 114 113 113 115 118 122 124 127 129 132 135 140 148 152 149 142 134 127 123 119 115 111 107 105 106 107 106 105 108 114 122 132 140 144 143 139 134 129 123 119 116 113 111 110 113 120 128 135 136 133 127 116 108 105 107 111 113 113 113 115 118 122 126 130 133 135 136 136 133 130
120 122 125 127 128 127 125 121 118 116 115 116 119 123 125 128 130 130 128 124 123 122 120 117 116 115 114 113 115 117 119 122 125 129 132 139 147 152 151 144 135 127 122 118 114 110 107 106 105 105 105 107 112 118 125 133 139 143 143 139 135 131 125 120 116 114 112 110 111 116 124 133 136 134 129 119 110 106 106 110 114 116 117 120 123 126 129 131 132 134 135 134 131 128
122 124 127 128 129 129 127 126 125 126 127 129 131 131 130 131 133 133 131 129 127 125 122 118 117 116 113 113 114 115 115 116 119 123 128 136 146 153 153 145 134 127 121 116 113 111 110 109 107 107 110 113 116 120 125 131 136 141 142 141 137 133 127 120 115 113 112 110 109 113 119 129 135 135 131 122 112 106 105 109 114 118 119 121 125 129 132 132 132 133 133 131 128 125
123 126 129 131 132 131 130 130 131 132 133 133 132 131 129 129 131 130 128 127 125 123 120 117 117 115 113 113 114 115 114 115 116 119 125 133 143 153 153 143 132 124 119 115 113 113 114 114 112 111 113 115 118 121 125 130 134 140 144 143 139 134 127 120 115 112 111 110 109 111 116 125 133 135 132 124 114 108 105 108 113 116 118 120 123 128 132 132 131 132 132 130 127 124
122 125 131 133 134 133 132 131 132 133 132 131 129 126 124 124 127 126 123 121 120 118 117 116 116 115 112 112 114 115 117 118 119 122 126 133 143 152 151 142 131 124 120 118 115 115 117 119 118 115 114 114 116 120 125 130 135 141 145 144 140 135 129 122 116 112 111 110 110 112 115 122 130 134 131 124 116 109 106 107 111 116 118 120 122 126 132 132 131 131 131 129 127 124
121 124 130 133 135 135 133 131 131 130 129 127 124 121 119 120 122 122 120 118 116 116 116 116 116 114 112 112 113 114 116 119 122 124 127 134 144 152 150 141 132 127 123 120 117 116 119 123 122 117 114 112 113 117 123 129 134 140 145 145 142 137 130 123 117 113 111 111 112 113 115 120 127 132 130 124 118 111 106 107 111 116 119 121 123 126 131 132 131 131 130 129 127 124
121 123 128 132 135 135 133 130 129 127 125 123 121 118 117 117 118 119 119 117 115 115 117 118 118 114 112 112 114 114 114 116 119 121 125 133 145 152 150 142 134 129 124 121 118 117 119 124 124 118 114 111 111 114 118 123 129 137 143 144 143 138 131 123 118 115 112 112 113 114 116 119 125 130 128 123 118 112 106 106 109 115 118 121 122 125 129 130 130 131 130 129 127 125
121 123 127 131 135 134 130 127 126 124 122 120 118 115 113 113 115 118 120 119 116 116 119 123 121 116 112 112 115 116 115 115 116 119 123 130 143 151 150 141 134 129 123 120 118 117 119 123 125 119 114 111 110 111 114 117 123 130 138 141 142 139 132 125 120 117 113 112 113 114 116 119 124 128 127 122 118 113 108 106 108 113 116 118 120 122 125 128 129 130 130 129 128 126
122 124 127 130 133 132 128 124 122 121 118 116 114 111 110 113 117 120 123 122 118 117 120 125 123 117 113 111 113 115 116 116 118 120 123 129 140 148 148 140 133 129 123 118 116 116 118 122 125 120 114 111 111 111 112 114 118 124 132 137 140 139 135 128 122 118 114 112 112 114 116 119 124 127 127 123 118 114 109 105 106 110 113 115 118 121 124 127 129 130 130 130 129 128
122 124 127 130 132 131 126 122 120 118 115 114 113 113 115 119 122 125 125 123 118 114 117 123 123 119 113 110 110 113 115 116 118 121 125 130 139 147 147 140 133 128 122 116 114 115 118 123 125 121 115 112 111 112 113 115 117 122 128 134 138 139 136 129 123 119 114 111 111 113 116 120 124 127 127 123 119 115 109 105 105 108 112 114 117 122 127 128 129 130 131 130 130 129
120 123 126 129 130 130 126 122 121 120 119 119 120 122 124 126 127 127 126 122 116 111 113 120 123 121 116 111 109 112 114 115 116 120 126 133 141 148 147 139 132 127 120 115 112 114 118 124 127 123 117 112 110 111 113 117 120 124 128 134 137 138 136 130 123 118 113 110 110 112 116 120 124 127 127 124 121 116 110 106 106 110 114 117 121 126 130 131 130 131 130 130 130 129
119 121 125 127 129 129 127 125 124 124 124 125 127 128 128 127 127 126 124 121 116 110 111 116 122 124 121 113 109 110 114 115 115 117 123 132 142 149 146 137 130 125 120 115 112 112 116 124 128 124 118 114 110 110 112 116 121 125 130 136 138 137 135 130 123 117 112 108 108 112 116 120 124 128 127 125 122 118 112 107 108 112 117 120 123 128 133 133 131 131 130 130 130 129
119 120 123 126 128 130 129 127 126 126 126 127 128 127 126 124 123 122 121 120 117 111 110 113 120 127 126 117 110 109 113 116 117 116 119 127 139 147 145 136 129 125 120 115 112 110 113 121 127 125 119 115 112 110 110 114 119 124 129 135 139 138 134 130 123 116 111 107 108 112 117 121 125 129 129 126 123 119 113 109 109 112 117 120 123 128 133 133 131 131 130 130 130 130
119 120 122 125 128 130 130 129 128 128 127 126 125 123 121 120 119 119 119 119 117 112 108 110 116 125 129 121 112 110 112 117 119 117 117 122 134 143 143 136 129 124 120 116 113 109 110 117 125 125 120 116 114 112 111 113 117 121 126 132 137 137 133 129 123 116 112 110 110 113 118 122 127 130 130 127 124 120 114 109 108 110 114 117 119 124 130 131 131 131 130 130 130 130
119 120 123 126 128 130 132 131 129 128 127 126 123 121 118 118 118 119 119 118 116 113 109 109 113 122 130 124 114 110 111 115 119 120 118 120 129 139 142 136 129 123 120 117 115 110 108 112 121 125 122 119 117 115 112 112 115 119 123 128 134 135 132 128 124 120 116 113 112 114 118 122 126 130 130 126 124 120 114 109 107 108 112 114 117 121 127 130 130 131 130 130 130 131
119 121 124 126 129 131 133 133 130 127 126 125 123 120 119 118 118 118 119 119 118 115 111 110 112 120 128 126 117 111 110 113 118 121 121 122 127 136 140 135 128 122 119 118 117 111 107 108 115 122 123 121 119 116 113 111 112 116 121 127 131 133 132 129 126 122 118 114 113 114 117 121 125 129 129 126 124 120 114 109 106 107 110 114 116 120 125 128 129 130 130 129 130 130
118 120 124 127 129 131 133 134 130 126 125 124 123 121 120 118 117 118 121 122 120 117 112 110 112 119 126 128 120 112 109 111 115 120 123 124 128 134 138 134 127 121 118 117 116 111 106 106 111 118 121 121 119 117 114 111 110 114 120 126 130 131 131 129 125 122 118 114 113 114 117 121 125 128 128 126 123 120 114 108 104 105 109 113 116 119 124 128 128 129 129 129 129 129
117 119 123 127 129 130 132 133 129 125 123 123 122 121 120 118 117 119 122 122 119 115 111 110 112 118 124 127 123 114 109 109 112 118 123 126 129 134 137 133 126 120 115 113 114 111 107 105 108 114 118 119 119 118 115 112 110 112 118 125 129 131 130 127 124 121 118 114 113 114 117 121 124 126 126 124 121 118 112 106 103 104 107 111 115 118 122 126 128 128 129 129 129 129
116 118 123 127 129 129 131 131 128 123 121 121 121 121 120 119 118 119 120 119 116 113 110 110 113 117 122 126 126 118 111 108 111 116 122 125 128 132 134 131 124 118 114 113 114 113 109 106 107 112 116 119 120 120 118 115 112 112 116 123 128 131 130 127 124 123 119 115 113 114 116 119 123 125 124 122 119 116 111 106 103 104 106 110 114 117 121 124 126 128 129 129 129 129
116 118 123 127 129 128 129 129 127 123 121 120 120 122 122 120 118 117 117 116 116 114 112 112 113 117 120 124 127 122 113 109 110 115 120 123 125 129 131 129 123 119 118 119 118 115 111 108 109 112 116 119 121 122 122 119 114 113 117 123 128 130 131 127 124 123 119 114 113 114 116 118 121 122 121 119 118 116 112 107 103 102 105 111 116 119 121 124 126 128 129 130 130 129
