project/data/elevation/US_DEM2016/US_DEM2016_point_10-28-2019_1755_30m_ang.asc
ncols	125
nrows	167
xllcorner	-2042055.000000
yllcorner	1465035.000000
cellsize	30.000000
NODATA_value	-9999.000000
[rows 0 to 42 of 167, columns 0 to 95 of 125]
331 329 325 326 329 332 334 337 340 343 345 347 348 345 344 345 348 350 349 345 340 337 337 341 345 347 349 349 343 330 310 293 284 280 275 268 267 274 285 293 297 299 301 304 306 307 306 305 309 317 325 334 340 344 346 347 348 347 344 341 338 336 334 333 334 337 339 339 336 332 330 330 332 333 333 334 335 334 333 336 342 345 340 335 337 342 345 347 343 335 328 325 320 313 311 316
331 329 325 326 329 332 334 337 340 343 345 347 348 345 344 345 348 350 349 345 340 337 337 341 345 347 349 349 343 330 310 293 284 280 275 268 267 274 285 293 297 299 301 304 306 307 306 305 309 317 325 334 340 344 346 347 348 347 344 341 338 336 334 333 334 337 339 339 336 332 330 330 332 333 333 334 335 334 333 336 342 345 340 335 337 342 345 347 343 335 328 325 320 313 311 316
336 331 324 324 326 327 329 332 335 339 342 346 348 345 342 343 348 352 353 349 341 335 334 339 344 348 352 355 349 335 316 299 289 285 282 278 277 279 285 291 294 297 300 304 309 314 317 316 316 317 322 329 336 342 344 347 349 349 347 343 339 336 333 330 330 333 337 339 338 336 333 332 332 332 331 331 332 331 329 332 340 345 340 333 334 341 347 350 348 339 332 330 327 322 319 320
344 335 325 323 322 321 320 321 324 329 335 341 346 343 337 338 346 355 359 354 341 332 330 334 342 352 3 11 5 348 330 314 304 301 302 300 296 293 292 294 298 304 309 311 315 320 325 326 322 318 318 322 329 336 340 344 348 350 350 348 344 339 333 328 324 324 329 334 337 337 336 335 334 332 329 326 325 324 321 322 332 339 335 329 330 340 352 359 355 343 337 336 333 329 326 324
346 336 326 323 322 319 316 314 315 318 324 333 342 340 332 331 340 354 360 353 339 330 328 334 345 1 17 22 12 356 341 329 321 319 318 316 312 308 306 306 307 311 316 318 319 322 325 326 323 318 317 320 325 332 336 340 341 342 344 345 344 342 337 331 323 318 317 320 324 328 330 331 331 329 325 321 319 317 314 315 323 329 327 324 327 340 357 4 356 344 340 338 333 328 325 324
342 335 327 325 323 320 316 313 310 309 312 322 335 336 328 327 337 350 355 348 336 329 329 337 353 13 25 22 10 356 345 335 330 328 327 325 322 319 317 315 311 310 312 316 318 321 324 323 320 317 316 320 326 332 336 338 337 335 335 336 336 338 337 333 324 315 310 309 309 311 314 318 320 319 317 315 313 312 311 313 317 320 319 317 321 338 360 5 354 344 341 338 330 324 322 322
336 333 329 327 325 322 318 313 307 303 304 312 326 330 325 325 335 348 351 344 332 327 330 344 5 21 25 17 5 353 343 336 334 333 333 331 328 327 326 323 318 312 309 310 313 316 318 316 313 312 313 319 329 339 344 344 342 340 338 337 333 330 330 328 321 313 309 307 307 307 307 309 312 312 311 310 309 309 309 312 314 314 312 310 314 332 357 1 349 341 340 334 326 322 321 321
330 330 330 330 329 325 320 313 306 302 301 306 316 322 321 323 333 347 351 340 327 324 333 353 13 23 20 10 359 348 340 336 335 336 337 336 336 335 334 333 328 320 313 309 307 308 309 308 306 307 311 319 332 344 349 349 347 346 346 345 339 329 323 321 317 313 310 310 312 313 312 311 312 312 310 309 308 308 308 311 312 310 309 308 310 326 350 353 343 338 337 331 324 321 324 322
325 327 331 333 333 330 325 318 311 307 305 307 311 315 316 319 329 346 351 337 323 322 335 360 19 19 11 3 354 345 338 335 335 336 338 340 342 342 342 341 338 332 323 316 313 311 310 309 307 307 310 317 330 342 349 350 350 351 354 352 343 332 325 322 318 313 311 313 316 319 317 314 313 313 312 313 313 312 313 313 313 310 310 307 315 326 343 345 338 336 334 329 325 328 340 340
318 323 331 336 337 336 331 325 319 317 315 314 313 313 313 315 326 345 350 335 323 324 341 7 18 10 1 355 349 342 337 334 333 334 337 340 343 345 346 346 345 342 335 329 324 320 316 312 309 309 310 315 324 334 341 345 350 358 1 352 339 330 326 324 321 317 316 318 321 324 321 317 316 317 318 319 320 320 322 322 321 318 317 319 324 332 341 338 334 334 334 332 334 345 351 347
311 317 330 338 340 340 336 331 328 327 326 323 320 317 315 314 323 341 345 335 328 332 352 10 9 0 353 347 342 338 335 332 330 330 333 337 339 340 343 346 347 346 342 338 333 327 319 312 309 309 311 316 322 330 334 335 346 3 359 345 334 327 325 325 323 321 321 324 329 331 327 321 319 321 323 324 324 325 327 329 328 326 325 326 331 338 340 334 331 334 339 341 344 349 348 347
304 310 325 336 341 342 339 336 335 336 335 333 330 327 323 322 326 335 338 335 333 342 1 9 2 354 348 341 336 334 332 329 326 327 329 330 329 330 335 339 343 344 343 341 338 332 322 312 308 308 311 318 326 336 341 337 340 349 345 336 329 326 325 326 325 322 323 329 335 337 332 324 321 322 325 326 325 325 325 325 322 321 321 323 330 340 339 331 329 336 344 347 348 347 346 346
303 306 316 330 337 339 338 337 339 341 341 340 338 337 335 333 333 334 334 334 337 350 5 4 355 348 342 336 332 329 326 322 318 317 319 319 318 319 322 327 331 335 338 339 339 335 325 314 308 306 309 316 325 339 348 344 341 340 337 332 327 324 325 327 326 323 324 331 338 340 335 326 322 324 325 325 322 317 311 304 300 302 305 310 321 333 337 333 332 338 343 347 348 347 345 345
307 308 313 321 327 331 332 334 337 340 341 342 343 345 344 341 341 339 335 332 339 358 5 356 349 342 334 329 324 319 313 305 298 297 301 304 304 303 305 309 314 319 324 330 333 331 324 315 310 309 310 313 321 336 340 340 341 340 334 329 325 324 325 327 328 327 327 332 338 341 336 328 325 325 326 322 313 306 301 297 297 300 303 308 315 325 334 337 336 337 341 344 346 344 343 342
310 312 315 317 317 317 318 320 323 327 330 335 341 345 346 347 349 348 341 337 345 1 359 348 343 334 324 316 310 303 297 292 291 296 300 298 295 296 298 299 302 305 308 313 319 322 321 318 316 316 318 326 337 337 335 338 343 341 332 327 325 325 326 328 330 331 333 336 340 340 335 329 327 328 325 319 313 312 311 309 309 310 313 316 319 325 334 340 338 336 338 341 342 340 339 338
307 310 315 316 311 301 294 292 295 300 305 313 325 334 340 346 354 357 353 351 355 356 351 347 342 331 318 310 307 305 303 302 303 307 309 309 307 308 309 309 309 310 311 314 317 319 320 321 321 323 330 342 343 336 335 339 345 341 331 326 326 327 330 332 333 335 338 341 343 342 337 333 333 335 331 326 324 324 320 315 314 315 318 321 324 328 335 342 341 335 336 339 338 336 335 335
304 306 310 313 305 292 284 284 289 294 298 304 313 322 329 341 356 4 6 5 360 354 351 350 346 336 326 320 319 318 316 313 310 312 317 320 321 322 322 321 321 322 322 323 323 322 323 325 327 330 339 344 340 335 335 341 347 340 331 327 327 329 333 336 337 338 340 344 346 344 342 342 345 344 339 335 335 333 328 321 317 319 322 325 328 332 337 344 343 336 334 336 336 335 337 335
308 308 311 312 306 299 298 301 306 310 314 318 323 327 331 340 355 7 12 8 2 358 355 352 346 339 332 328 327 326 326 323 319 318 321 325 327 329 330 328 327 328 328 327 326 324 325 329 330 333 340 341 336 333 336 343 346 338 330 328 328 330 334 337 339 340 341 343 345 346 347 351 353 348 343 342 344 343 338 331 325 324 326 329 332 336 339 344 343 337 333 335 337 340 343 339
312 314 320 322 315 312 313 317 321 325 328 331 334 338 342 348 356 8 12 8 5 4 359 350 344 339 334 331 330 331 331 331 329 327 327 328 331 334 335 333 331 330 330 328 326 324 324 325 327 331 337 337 333 332 336 344 343 333 328 327 327 329 332 336 338 340 341 341 342 345 348 351 352 348 345 346 349 348 345 341 335 331 330 332 336 339 340 341 342 338 335 336 339 343 343 339
314 317 325 325 318 317 319 324 328 332 335 338 341 346 352 357 2 9 12 8 7 6 358 349 343 339 335 332 332 332 332 333 334 335 334 334 334 336 336 335 333 332 331 330 328 325 321 319 323 328 334 335 333 333 338 343 338 330 326 325 326 327 328 330 333 336 338 340 340 340 342 345 346 345 346 348 349 349 348 346 343 339 336 337 339 341 342 341 341 342 341 339 340 342 340 337
322 323 326 323 319 319 322 326 331 335 338 342 346 352 359 4 9 13 11 8 7 2 355 348 344 341 338 335 334 334 332 333 335 337 338 338 337 336 335 335 335 333 332 332 331 326 322 321 324 329 333 335 335 337 340 341 334 328 325 324 323 322 321 320 319 321 327 331 333 331 330 333 335 338 342 345 347 346 346 348 347 344 342 341 341 343 344 344 345 348 348 343 339 338 336 335
340 337 332 326 322 321 322 327 332 335 339 343 348 355 3 10 16 16 10 6 2 356 351 348 345 343 340 338 337 336 333 332 334 336 339 340 337 333 332 334 335 334 334 334 329 325 324 324 326 329 332 335 338 341 343 339 333 328 324 321 317 313 307 300 296 294 296 302 310 313 314 315 318 322 329 335 338 338 340 343 345 345 346 345 343 343 345 347 349 353 353 346 340 338 336 335
342 339 334 329 324 322 323 326 331 335 338 343 349 357 6 16 21 16 8 1 355 350 347 346 344 342 340 339 338 336 334 333 334 336 339 339 333 328 329 331 333 332 332 329 326 325 324 324 326 328 330 335 340 344 344 340 334 329 325 319 310 299 290 284 279 276 277 281 289 296 299 299 299 302 307 315 320 323 328 335 339 342 344 345 344 343 343 345 350 356 355 348 341 341 340 337
330 332 332 328 324 322 323 325 329 333 337 342 350 359 10 19 20 12 4 357 348 344 342 341 339 338 337 336 336 335 334 333 334 336 337 333 325 321 322 324 325 324 324 324 324 324 323 322 323 325 328 333 338 342 343 340 336 333 329 323 312 298 291 287 285 283 285 289 294 297 296 292 289 288 290 296 303 310 318 327 331 335 340 342 343 342 341 342 348 354 354 349 342 341 341 336
316 321 327 325 322 320 321 324 327 331 336 341 350 1 12 18 15 8 3 355 345 339 336 333 332 331 331 332 333 333 333 334 336 336 331 321 311 306 308 312 318 322 322 322 324 324 323 321 322 323 327 331 336 340 341 340 339 340 339 336 329 319 312 308 306 305 304 303 302 300 297 293 287 283 283 289 294 298 305 314 320 326 333 337 340 342 342 343 347 352 355 351 343 339 337 333
305 310 320 322 320 319 319 322 325 329 334 340 349 1 10 13 10 5 2 355 346 340 334 331 328 326 326 328 330 332 334 337 338 331 318 307 299 299 307 315 321 323 321 322 324 324 323 322 322 323 326 330 334 338 339 339 342 347 350 349 342 331 324 322 320 319 316 313 308 304 302 298 292 286 286 289 289 288 292 300 308 315 324 331 336 340 341 343 347 352 355 353 344 337 335 332
300 304 314 320 321 322 322 324 326 330 335 341 350 359 6 4 5 3 359 352 345 340 336 332 329 326 324 325 328 333 340 345 336 325 317 312 311 314 317 321 323 322 320 321 323 325 325 325 325 325 326 328 332 336 337 340 346 353 355 351 343 335 331 330 329 328 326 324 320 317 314 308 300 294 293 292 290 288 291 297 302 308 316 323 329 335 339 342 345 350 354 353 345 338 336 333
297 301 309 317 321 324 326 329 332 335 339 346 353 359 4 6 3 359 355 348 342 337 335 332 329 325 322 322 327 337 348 342 331 328 327 325 324 324 325 326 325 322 319 320 322 325 327 329 330 329 327 326 329 333 336 341 349 353 352 346 340 337 337 338 339 338 337 335 332 330 327 321 312 306 303 300 296 295 298 302 304 306 310 316 322 329 336 341 344 347 351 351 344 338 336 333
296 298 305 312 319 323 326 330 335 338 342 348 354 359 4 6 3 356 349 342 337 335 332 330 327 322 318 317 324 331 330 330 331 332 332 331 331 330 330 329 327 322 318 319 321 324 328 332 335 335 332 328 329 331 335 343 349 348 345 339 335 335 339 342 345 347 346 343 341 340 339 333 325 319 316 312 308 306 308 310 311 309 307 309 315 322 331 339 344 346 349 350 345 338 336 334
298 299 304 310 316 320 324 329 335 339 342 347 352 358 5 8 4 354 343 335 332 332 330 326 320 312 303 298 307 318 323 328 333 335 334 334 333 333 332 331 328 322 318 317 319 323 328 333 337 339 336 332 331 334 338 344 346 343 339 331 328 331 337 343 349 350 350 349 349 349 348 345 338 332 327 322 319 318 318 319 318 313 307 304 306 313 323 334 343 347 349 349 346 341 338 337
300 302 307 312 316 320 323 329 335 340 344 347 350 356 4 2 3 352 340 333 330 329 325 314 291 272 266 273 297 313 319 326 332 335 335 334 333 333 332 329 325 321 317 317 318 321 327 332 336 338 337 335 334 338 343 345 343 339 333 324 321 324 332 340 346 348 349 351 353 353 353 351 348 344 338 332 328 327 326 324 321 316 310 303 300 303 311 323 337 346 350 350 348 346 343 342
298 301 308 313 317 320 324 330 337 343 347 350 353 357 5 9 1 349 340 337 337 333 313 265 253 258 272 288 298 305 310 317 324 329 330 330 330 330 327 323 320 318 317 318 321 324 327 331 333 334 335 334 335 341 346 347 342 336 327 317 314 318 326 335 339 340 343 349 352 352 353 354 353 350 346 340 336 333 331 327 323 319 314 306 300 298 300 308 321 336 346 350 351 351 347 344
294 295 300 307 313 318 322 329 337 344 350 354 356 1 8 9 360 350 348 356 6 10 354 312 295 294 299 303 304 302 301 303 308 314 318 319 320 321 319 316 314 314 315 318 322 325 327 329 329 330 331 330 332 341 349 350 343 332 319 309 307 310 319 328 332 333 336 343 346 347 351 354 353 350 349 348 345 341 335 332 330 325 316 309 305 301 299 300 305 316 332 343 351 353 347 344
294 293 295 300 305 311 317 323 332 342 350 355 360 5 10 11 4 359 6 16 17 10 356 342 330 321 317 315 314 311 308 305 305 306 307 309 312 314 314 312 310 309 310 311 313 314 316 320 322 325 327 325 328 339 352 354 346 331 315 304 300 303 313 321 326 327 331 337 338 339 345 349 347 345 349 354 355 351 343 339 338 333 321 314 312 311 308 305 303 303 311 327 344 350 345 341
301 299 300 303 305 309 313 317 324 336 347 356 3 8 12 15 12 10 14 14 9 1 354 348 341 334 327 324 323 322 321 318 315 312 308 308 309 311 312 310 308 306 305 303 300 299 303 310 316 321 324 323 325 337 353 355 346 331 314 304 300 304 311 318 321 322 326 331 331 331 339 344 339 338 347 357 359 356 352 348 347 341 329 322 321 323 323 321 316 311 311 318 333 344 343 339
307 308 310 312 314 316 318 319 322 329 340 353 3 10 16 20 19 14 10 7 1 356 352 349 346 341 335 330 328 328 328 327 325 322 316 312 312 312 312 311 309 307 306 306 306 306 309 314 319 323 325 323 324 336 353 354 346 331 315 306 305 307 312 316 318 319 320 323 323 325 334 340 334 331 342 353 356 356 356 358 356 347 336 331 331 333 334 332 329 325 324 326 333 342 345 341
307 310 315 319 322 324 326 326 326 326 332 345 360 12 22 26 23 11 4 359 354 351 349 349 348 345 340 336 333 331 332 331 329 327 325 321 318 316 316 316 316 316 316 318 318 318 320 323 326 329 329 326 325 336 353 354 345 332 317 309 307 310 314 315 317 319 318 317 316 317 327 337 329 326 336 345 348 352 356 359 358 351 343 339 339 341 341 336 330 328 329 331 335 343 348 346
302 306 314 320 323 326 329 332 333 331 328 334 351 11 26 30 22 6 357 352 348 346 346 347 347 345 343 341 338 336 336 335 331 328 327 325 322 320 320 321 325 330 332 329 326 325 326 328 331 334 333 329 326 336 353 354 344 331 318 310 309 311 317 319 321 322 320 315 311 311 320 331 326 321 329 339 342 344 348 352 354 352 348 345 347 349 345 337 331 330 330 332 336 344 351 352
298 301 309 317 321 324 327 332 337 337 331 331 343 8 28 31 18 2 351 345 342 341 341 341 341 340 340 340 340 339 340 339 334 329 326 324 323 323 322 324 329 336 339 335 331 329 328 329 330 333 334 331 328 335 352 354 343 330 317 309 307 309 315 320 323 324 321 313 307 305 312 324 320 315 322 333 337 336 338 343 349 352 352 353 356 353 345 338 336 337 338 338 341 347 355 358
294 296 303 312 316 319 323 330 339 340 338 339 347 356 9 25 12 359 349 341 337 335 333 332 332 332 334 336 338 340 341 340 337 333 328 325 325 326 325 325 329 335 339 337 333 331 332 332 331 332 333 332 331 337 351 352 341 329 317 307 301 300 303 308 312 315 314 310 303 298 304 314 314 309 314 328 332 328 327 332 341 350 354 358 359 351 341 338 340 343 345 346 349 354 2 4
293 294 300 308 313 318 324 333 340 342 342 346 356 13 6 13 4 357 351 344 337 332 329 328 328 327 328 330 333 336 339 339 337 334 330 328 328 329 329 328 330 335 337 336 333 333 335 338 339 338 337 336 336 340 349 349 338 328 317 305 296 292 290 291 293 298 304 306 303 298 297 304 306 304 309 322 328 322 318 324 337 346 352 356 353 345 339 338 341 344 347 351 356 2 9 10
295 296 303 312 318 323 330 337 341 342 344 350 4 19 16 6 359 356 354 349 341 335 332 330 327 324 323 324 326 331 335 337 336 333 330 329 329 330 331 331 333 336 338 336 331 329 333 338 342 343 343 344 344 346 349 346 335 326 316 302 293 290 290 291 295 299 303 305 305 301 298 298 299 299 303 314 323 317 313 320 335 343 345 346 343 339 338 339 342 345 348 353 1 9 16 18
299 301 308 317 322 327 332 337 340 342 346 355 12 20 12 2 357 355 354 350 343 338 336 334 331 327 324 322 323 326 331 332 332 332 331 329 328 328 329 331 334 339 340 336 327 322 325 332 337 341 345 348 351 353 351 345 336 329 320 306 299 299 303 308 312 312 309 307 307 307 304 298 293 290 291 299 310 311 309 317 334 341 338 336 335 333 334 339 343 347 351 357 5 15 24 25
