project/data/elevation/US_DEM2016/US_DEM2016_point_10-28-2019_0038_30m_vel.asc
ncols	125
nrows	167
xllcorner	-2042055.000000
yllcorner	1465035.000000
cellsize	30.000000
NODATA_value	-9999.000000
[rows 74 to 110 of 167, columns 0 to 81 of 125]
9.05 9.03 9.15 9.45 9.76 9.89 9.89 10.17 11.02 12.08 12.84 13.10 12.87 12.21 11.32 10.77 11.02 11.93 12.87 13.45 13.55 13.02 12.16 11.53 11.13 11.04 11.49 12.13 12.25 11.75 10.98 10.35 9.79 9.42 9.02 8.69 8.52 8.27 8.13 8.32 8.76 9.22 9.77 10.48 10.76 10.31 9.70 9.38 8.88 8.40 8.22 8.53 8.95 8.96 8.71 8.63 8.79 9.15 9.73 10.33 10.79 11.02 10.82 10.36 9.76 9.16 9.09 10.30 11.25 10.88 9.72 8.96 8.60 8.38 8.52 9.07 9.92 10.91 11.99 13.00 13.80 14.22
9.13 9.18 9.40 9.70 9.97 10.12 10.18 10.50 11.37 12.07 12.47 12.71 12.89 12.84 12.46 12.09 12.03 12.17 12.29 12.50 12.66 12.41 11.89 11.49 11.08 10.53 10.38 11.09 11.79 11.80 11.17 10.30 9.21 8.50 8.21 8.15 8.18 8.12 8.09 8.15 8.28 8.61 9.20 10.00 10.42 9.82 8.55 7.55 7.24 7.03 6.87 7.14 7.71 8.07 8.14 8.24 8.42 8.56 8.82 9.20 9.58 9.76 9.54 8.95 8.39 7.98 8.03 9.30 10.93 11.29 10.38 9.54 9.22 9.16 9.49 10.23 11.23 12.23 12.77 12.73 11.87 10.47
9.21 9.41 9.79 10.06 10.32 10.69 11.12 11.41 11.36 10.98 10.62 10.62 11.05 11.66 11.96 12.12 12.10 11.83 11.46 11.33 11.45 11.50 11.49 11.50 11.33 10.67 9.85 10.02 10.96 11.61 11.53 10.87 9.72 8.78 8.45 8.39 8.32 8.08 7.76 7.56 7.56 7.93 8.69 9.58 10.21 9.96 9.00 8.05 7.55 7.45 7.35 7.21 7.15 7.34 7.73 8.10 8.36 8.41 8.52 8.69 8.73 8.58 8.36 8.28 8.23 8.15 8.38 9.24 10.71 11.59 11.37 10.91 10.98 11.39 11.95 12.73 13.52 13.90 13.59 12.59 10.65 7.85
9.15 9.45 9.97 10.17 10.40 10.88 11.10 10.85 10.09 9.12 8.64 8.94 9.68 10.51 11.08 11.38 11.35 11.03 10.64 10.42 10.48 10.72 11.02 11.33 11.43 10.97 9.95 9.54 10.11 11.16 11.81 11.81 11.13 10.45 9.91 9.45 8.91 8.30 7.84 7.73 7.86 8.12 8.55 9.22 9.92 9.79 8.98 8.11 7.45 7.13 6.99 6.88 6.75 6.98 7.52 8.07 8.47 8.67 8.79 8.79 8.55 8.21 8.20 8.61 9.10 9.43 9.66 10.21 11.29 12.50 12.93 13.08 13.52 14.21 14.77 15.06 14.98 14.55 13.91 13.22 11.96 9.65
8.86 9.03 9.53 9.71 9.73 9.83 9.73 9.33 9.07 8.61 8.64 9.05 9.74 10.49 10.90 11.05 10.92 10.62 10.31 10.06 10.00 10.16 10.51 10.89 11.11 10.84 9.89 9.12 9.23 10.14 11.25 11.92 11.89 11.40 10.77 10.10 9.35 8.60 8.20 8.03 7.90 7.76 7.90 8.63 9.40 9.19 7.90 6.67 6.08 5.82 5.81 6.04 6.47 7.04 7.65 8.17 8.61 8.80 8.74 8.53 8.37 8.30 8.46 9.14 10.05 10.57 11.09 11.87 12.99 13.79 14.28 14.41 14.70 15.22 15.34 15.08 14.32 13.26 12.90 13.18 13.38 12.63
8.55 8.47 8.85 9.13 8.97 8.79 8.84 9.10 9.41 9.67 9.91 10.26 10.80 11.22 11.29 11.08 10.77 10.45 10.17 9.93 9.78 9.82 10.02 10.40 10.75 10.58 9.55 8.37 7.94 8.46 9.34 10.52 11.14 11.06 10.57 10.01 9.41 8.70 8.17 7.72 7.34 7.08 7.28 8.32 9.30 9.12 7.59 6.20 5.82 5.96 6.35 6.95 7.58 7.99 8.20 8.24 8.20 8.01 7.59 7.29 7.53 7.95 8.41 9.30 10.36 11.33 12.38 13.29 13.76 14.08 14.08 13.87 13.81 13.73 13.57 13.21 12.39 11.47 11.17 11.83 12.95 13.58
8.35 8.22 8.57 9.12 9.19 9.07 9.24 9.73 10.31 10.62 10.90 11.27 11.66 11.64 11.34 10.84 10.29 9.91 9.67 9.49 9.40 9.46 9.61 9.96 10.48 10.51 9.42 7.53 6.25 6.32 6.79 7.80 9.05 9.83 9.92 9.65 9.40 9.00 8.61 8.24 8.02 7.95 8.27 9.26 10.18 10.14 8.84 7.47 7.05 7.38 7.93 8.39 8.62 8.65 8.36 8.10 7.80 7.56 7.34 7.28 7.62 8.10 8.67 9.60 10.65 11.72 12.59 12.96 12.97 12.80 12.50 12.14 11.65 11.01 10.86 11.12 11.17 10.79 10.22 9.94 10.70 12.30
8.35 8.28 8.64 9.37 9.73 9.78 9.86 10.17 10.62 11.00 11.36 11.60 11.56 11.19 10.69 10.15 9.59 9.00 8.68 8.56 8.59 8.81 9.17 9.60 10.26 10.64 9.82 7.26 5.23 4.67 4.63 4.98 6.13 7.78 8.80 9.22 9.28 9.54 9.61 9.69 9.84 10.03 10.39 10.94 11.60 11.68 10.78 9.49 8.83 8.62 8.52 8.38 8.27 8.19 8.17 8.20 8.44 8.85 9.27 9.45 9.56 9.70 9.95 10.49 11.03 11.46 11.49 11.21 11.15 11.26 11.17 10.93 10.43 9.60 9.50 9.99 10.56 10.78 10.42 9.47 9.09 9.96
8.70 8.66 8.80 9.12 9.46 9.75 10.00 10.33 10.71 11.05 11.28 11.20 10.78 10.21 9.71 9.40 9.10 8.58 8.05 7.84 7.90 8.08 8.39 9.01 9.86 10.72 10.56 8.57 5.75 4.57 4.12 3.98 4.44 5.61 7.29 8.45 8.93 9.49 9.89 10.33 10.79 11.17 11.44 11.69 12.20 12.52 12.07 10.95 9.90 9.05 8.44 8.16 8.24 8.44 8.51 8.61 9.05 9.59 10.21 10.68 10.92 11.02 11.09 11.03 10.92 10.67 10.28 10.13 10.28 10.58 10.70 10.53 9.96 9.14 8.91 9.29 9.95 10.49 10.61 10.12 9.08 8.67
9.04 9.08 9.07 8.96 9.06 9.43 9.88 10.32 10.65 10.79 10.72 10.38 9.90 9.46 9.14 8.94 8.84 8.59 8.08 7.64 7.46 7.49 7.65 8.20 9.22 10.43 11.03 10.20 8.05 6.62 5.98 5.64 5.27 5.46 6.50 7.78 8.38 8.95 9.50 10.07 10.53 10.81 10.95 11.08 11.62 12.31 12.31 11.51 10.42 9.58 9.26 9.24 9.23 9.15 8.92 8.88 9.18 9.29 9.74 10.44 11.01 11.26 11.26 10.87 10.27 9.79 9.75 10.04 10.35 10.53 10.61 10.38 9.50 8.32 7.59 7.85 8.63 9.32 9.82 10.02 9.44 8.35
9.01 9.12 9.26 9.25 9.30 9.53 9.88 10.25 10.42 10.29 9.96 9.53 9.18 8.95 8.76 8.58 8.51 8.47 8.15 7.57 7.20 7.14 7.26 7.74 8.75 10.06 11.12 11.33 10.86 10.23 9.56 8.65 7.71 7.06 7.03 7.69 8.51 9.20 9.70 9.91 9.90 9.87 10.01 10.40 10.99 11.84 12.23 11.95 11.46 11.09 10.65 10.23 9.78 9.38 9.03 9.00 9.11 9.32 9.82 10.34 10.80 10.99 10.88 10.38 9.66 9.26 9.36 9.81 10.09 10.29 10.51 10.42 9.25 7.29 5.83 5.60 6.28 7.18 7.99 8.69 8.95 8.31
8.87 9.00 9.29 9.57 9.77 9.92 10.02 10.05 9.97 9.69 9.30 8.91 8.66 8.53 8.42 8.27 8.15 8.09 7.80 7.28 7.05 7.19 7.52 8.13 9.06 10.07 11.04 11.70 12.06 12.14 11.94 11.19 9.99 8.87 8.37 8.56 9.30 9.97 9.93 9.57 9.23 9.25 9.65 10.18 10.69 11.45 12.08 12.27 12.33 12.29 11.78 10.95 10.23 9.69 9.20 9.13 9.34 9.59 9.83 9.95 10.05 10.11 10.06 9.85 9.34 8.89 8.72 8.96 9.17 9.58 10.33 10.85 10.13 7.93 5.78 4.85 4.57 4.79 5.38 6.19 7.17 7.48
8.92 9.10 9.45 9.77 9.97 9.99 9.81 9.52 9.32 9.10 8.85 8.60 8.39 8.24 8.13 8.02 7.91 7.78 7.62 7.14 7.05 7.38 7.96 8.64 9.40 10.13 10.80 11.33 11.63 11.80 11.99 12.05 11.48 10.32 9.42 9.22 9.47 9.57 9.20 8.86 8.73 8.86 9.10 9.45 9.86 10.54 11.24 11.61 11.86 12.07 12.02 11.60 11.06 10.41 9.64 9.27 9.64 9.08 9.15 8.98 8.93 8.99 9.17 9.30 9.16 8.66 8.17 8.09 8.31 8.88 9.92 11.16 11.48 10.54 8.51 6.71 5.39 4.58 4.17 4.45 4.90 5.71
9.01 9.21 9.45 9.55 9.48 9.29 9.09 8.96 8.88 8.79 8.62 8.47 8.28 8.06 7.80 7.71 7.87 8.02 8.04 7.83 7.61 7.59 7.91 8.50 9.17 9.75 10.28 10.68 10.68 10.36 10.56 11.36 11.90 11.55 10.60 9.67 9.70 8.39 8.23 8.44 8.43 8.31 8.19 8.35 8.87 9.42 9.90 10.02 10.06 10.24 10.42 10.58 10.64 10.48 9.98 9.38 8.94 8.56 8.40 8.44 8.51 8.70 8.97 9.15 9.15 8.68 8.10 7.92 8.02 8.57 9.49 10.78 11.86 12.37 12.05 10.70 9.19 7.78 6.63 5.74 5.28 5.30
9.01 9.14 9.18 9.02 8.78 8.65 8.75 9.00 9.08 8.85 8.53 8.30 8.13 7.90 7.67 8.77 8.25 8.91 9.11 9.02 8.64 8.20 8.05 8.29 8.66 9.03 9.48 9.95 10.09 9.67 9.47 10.06 11.15 11.73 11.43 10.30 8.95 8.16 8.00 8.32 8.33 8.17 8.12 8.30 8.63 8.88 8.94 8.46 7.79 7.37 7.50 7.74 8.15 8.66 8.80 8.77 8.65 8.56 8.58 8.74 8.91 9.04 9.08 9.09 9.09 8.74 8.22 8.03 8.07 8.51 9.22 10.03 11.16 12.34 13.17 13.32 12.86 12.02 11.04 9.91 8.73 7.89
8.95 9.05 9.06 8.93 8.82 8.93 9.18 9.32 9.19 8.81 8.29 7.83 7.60 7.49 7.50 7.72 8.25 8.85 9.25 9.44 9.33 8.96 8.54 8.28 8.18 8.19 8.44 8.94 9.42 9.55 9.31 9.21 9.69 10.70 11.15 10.67 9.49 8.73 8.38 8.52 8.65 8.78 8.87 8.94 9.02 9.08 8.86 7.91 6.53 5.81 5.63 5.68 5.95 6.59 7.37 8.02 8.44 8.69 8.85 9.04 9.14 9.03 8.88 8.80 8.78 8.55 8.10 7.96 8.01 8.34 8.83 9.34 9.97 10.75 11.68 12.70 13.31 13.45 13.33 13.03 12.41 11.60
8.91 8.98 9.08 9.16 9.25 9.42 9.47 9.24 8.79 8.26 7.69 7.05 6.69 6.65 8.02 6.51 6.66 7.12 7.89 8.51 8.94 9.02 8.70 8.18 7.78 7.63 7.69 7.95 8.21 8.41 8.47 8.25 8.30 9.17 10.24 10.56 9.92 9.30 8.95 9.06 9.22 9.38 9.48 9.63 9.82 9.97 9.81 9.04 7.80 6.83 6.43 6.56 7.10 7.75 8.29 8.58 8.72 8.79 8.78 8.76 8.68 8.50 8.47 8.50 8.45 8.18 7.68 7.56 7.64 7.86 8.28 8.77 8.85 8.60 8.84 9.66 10.90 11.81 12.53 13.10 13.25 12.97
8.89 8.93 9.05 9.22 9.40 9.45 9.20 8.69 8.07 7.47 6.97 6.58 6.41 6.32 5.95 5.42 5.20 5.44 6.00 6.74 7.42 7.97 8.12 8.01 7.95 7.97 7.84 7.55 7.13 6.75 6.72 6.78 6.92 7.64 8.98 9.95 9.94 9.46 9.17 9.33 9.45 9.61 9.84 10.33 10.76 11.15 11.23 10.88 10.35 9.80 9.18 9.15 9.52 9.84 9.83 9.36 8.91 8.65 8.37 8.08 7.92 7.91 8.00 8.20 8.19 7.79 7.17 7.03 7.07 7.26 7.78 8.37 8.22 7.25 6.65 6.97 8.01 8.99 9.78 10.62 11.45 11.83
8.88 8.92 9.05 9.24 9.29 9.04 8.51 7.89 7.36 6.97 6.77 6.72 6.77 6.81 6.59 6.06 5.51 5.24 5.32 5.66 6.15 6.76 7.37 7.90 8.37 8.72 8.72 8.27 7.61 7.05 6.77 6.76 6.84 7.11 7.88 8.97 9.49 9.38 9.26 9.43 9.59 9.86 10.23 10.81 11.29 11.85 12.19 12.10 11.85 11.75 11.57 11.13 10.57 10.00 9.47 9.10 8.78 8.44 7.97 7.51 7.23 7.23 7.45 7.82 8.02 7.73 7.17 6.91 6.80 6.89 7.48 8.32 8.34 7.17 5.89 5.46 6.07 6.88 7.22 7.64 8.50 9.36
8.88 8.91 8.97 9.00 8.73 8.15 7.51 7.05 6.81 6.76 6.84 6.95 7.12 7.38 7.59 7.55 7.13 6.63 6.45 6.57 6.89 7.36 7.91 8.39 8.73 9.11 9.53 9.72 9.67 9.46 9.15 8.90 8.70 8.43 8.09 8.42 9.04 9.39 9.64 9.86 10.05 10.34 10.67 11.00 11.20 11.70 12.25 12.37 12.17 12.08 12.02 11.74 10.97 9.83 9.07 8.97 8.88 8.53 7.95 7.42 7.08 7.01 7.33 7.86 8.26 8.18 7.79 7.41 7.04 6.96 7.39 8.42 8.73 7.73 5.94 4.53 4.36 4.90 5.04 5.14 5.85 7.01
8.87 8.84 8.67 8.28 7.61 6.81 6.23 6.11 6.28 6.51 6.76 7.08 7.41 7.79 8.31 8.84 9.09 9.04 9.03 9.16 9.35 9.55 9.64 9.56 9.36 9.30 9.60 10.05 10.45 10.53 10.31 9.94 9.51 9.03 8.41 8.42 8.92 9.56 10.09 10.37 10.53 10.64 10.67 10.68 10.65 11.02 11.68 12.07 12.07 11.92 11.63 11.51 11.42 11.11 10.47 9.82 9.32 8.86 8.46 8.19 8.06 7.98 8.11 8.45 8.71 8.55 8.11 7.73 7.39 7.38 7.78 8.75 9.24 8.38 6.32 4.29 3.41 3.40 3.51 3.46 3.74 4.69
8.85 8.80 8.49 7.81 6.90 6.16 5.82 5.84 6.17 6.53 6.89 7.45 8.08 8.64 9.22 9.94 10.51 10.94 11.20 11.27 11.13 10.84 10.47 10.16 9.91 9.63 9.31 9.02 9.00 9.07 8.83 8.47 8.19 7.99 8.05 8.50 9.11 9.73 10.24 10.45 10.46 10.32 10.05 9.82 9.90 10.21 10.82 11.32 11.53 11.59 11.41 11.27 11.29 11.34 11.10 10.37 9.62 9.09 8.78 8.69 8.77 8.87 8.85 8.98 9.13 8.87 8.17 7.75 7.70 8.04 8.48 9.33 10.11 9.63 7.41 5.33 4.09 3.61 3.47 3.18 3.06 3.46
8.87 8.81 8.50 7.98 7.48 7.19 7.08 7.09 7.21 7.37 7.61 8.14 8.90 9.63 10.27 10.79 11.27 11.57 11.60 11.38 10.94 10.44 10.03 9.91 10.09 10.16 9.68 8.81 8.23 8.07 7.93 7.72 7.68 7.70 7.99 8.61 9.27 9.73 9.99 10.06 9.95 9.71 9.39 9.13 9.16 9.45 9.83 10.16 10.28 10.16 10.16 10.22 10.20 10.15 10.02 9.79 9.36 8.93 8.62 8.46 8.56 8.84 8.96 9.15 9.45 9.44 8.84 8.23 8.09 8.32 8.66 9.54 10.99 11.35 9.65 7.51 5.88 4.97 4.63 4.25 3.91 3.93
8.82 8.73 8.43 8.39 8.36 8.48 8.60 8.73 8.93 8.96 8.88 9.09 9.71 10.47 11.07 11.34 11.36 11.14 10.69 10.12 9.64 9.33 9.16 9.23 9.67 10.31 10.45 10.19 9.93 9.89 9.88 9.70 9.28 8.80 8.60 8.84 9.21 9.46 9.53 9.47 9.25 9.02 8.85 8.76 8.78 9.01 9.29 9.34 8.93 8.21 7.80 7.90 8.18 8.32 8.44 8.64 8.74 8.66 8.53 8.47 8.57 8.80 8.84 8.89 9.15 9.42 9.18 8.60 8.09 7.94 8.14 9.08 11.11 12.46 12.01 10.09 8.18 6.79 6.50 6.21 5.86 5.71
8.70 8.55 8.35 8.60 8.74 9.18 9.60 9.97 10.37 10.62 10.58 10.51 10.74 11.14 11.32 11.20 10.81 10.25 9.67 9.27 9.08 8.94 8.78 8.80 9.12 9.94 10.65 11.22 11.51 11.65 11.67 11.45 10.87 9.99 9.29 9.09 9.12 9.12 9.06 8.89 8.63 8.46 8.48 8.66 8.89 9.23 9.51 9.49 8.82 7.76 6.88 6.42 6.19 6.49 7.14 7.88 8.47 8.72 8.71 8.69 8.80 8.92 8.75 8.63 8.70 8.92 8.80 8.26 7.57 7.31 7.46 8.35 10.50 12.63 13.44 12.85 11.32 9.79 9.40 9.10 8.79 8.58
8.70 8.57 8.45 8.63 9.13 9.86 10.58 11.08 11.43 11.69 11.77 11.63 11.39 11.13 10.78 10.32 9.86 9.44 9.10 8.95 9.19 9.37 9.35 9.27 9.31 9.59 9.96 10.36 10.71 10.96 11.15 11.27 11.11 10.52 9.64 9.14 8.94 8.69 8.42 8.30 8.34 8.60 8.84 9.11 9.39 9.77 10.04 10.23 10.08 9.56 8.75 7.77 6.77 6.73 7.34 8.10 8.70 9.05 9.17 9.17 9.13 9.12 8.97 8.91 8.97 9.01 8.73 8.12 7.49 7.32 7.50 8.20 9.78 11.79 13.45 14.17 13.96 13.08 12.41 12.09 11.79 11.33
8.84 8.74 8.58 8.69 9.20 9.93 10.59 11.06 11.33 11.52 11.60 11.46 11.06 10.46 9.81 9.31 9.00 8.83 8.65 8.56 8.97 9.43 9.67 9.64 9.49 9.36 9.09 8.81 8.73 8.95 9.35 9.93 10.41 10.41 9.74 9.06 8.60 8.15 7.90 8.08 8.65 9.30 9.59 9.74 9.86 10.07 10.31 10.60 10.81 11.01 10.96 10.50 9.57 8.71 8.48 8.57 8.82 9.16 9.51 9.67 9.64 9.65 9.57 9.59 9.66 9.68 9.44 8.92 8.50 8.18 8.11 8.34 9.08 10.32 12.00 13.54 14.19 14.08 13.79 13.49 12.86 12.06
8.89 8.78 8.52 8.45 8.64 9.00 9.30 9.59 9.87 10.13 10.29 10.24 9.95 9.47 8.97 8.59 8.43 8.49 8.52 8.50 8.69 8.98 9.27 9.32 9.11 8.75 8.24 7.73 7.27 7.14 7.50 8.15 8.92 9.36 9.30 8.92 8.49 8.21 8.33 8.87 9.47 9.77 9.88 9.95 10.03 10.16 10.32 10.34 10.39 10.66 11.06 11.31 11.06 10.16 9.06 8.54 8.62 8.98 9.39 9.74 9.99 10.19 10.22 10.27 10.33 10.37 10.22 9.80 9.29 8.70 8.36 8.32 8.54 9.24 10.51 11.82 12.59 12.90 13.09 13.08 12.56 11.73
8.90 8.80 8.61 8.43 8.28 7.99 7.90 7.95 8.20 8.54 8.80 8.85 8.68 8.33 7.93 7.79 8.09 8.66 9.24 9.54 9.47 9.38 9.36 9.35 9.18 8.56 7.59 6.84 6.26 5.89 5.87 6.20 6.73 7.37 7.86 8.15 8.39 8.70 9.12 9.47 9.62 9.64 9.62 9.71 9.87 10.10 10.26 10.03 9.59 9.34 9.47 9.93 10.36 10.11 9.10 8.43 8.43 8.76 9.15 9.62 10.09 10.46 10.60 10.71 10.80 10.78 10.54 9.93 9.09 8.24 7.91 7.94 8.16 8.73 9.64 10.46 10.90 10.97 11.16 11.70 12.01 11.86
9.12 9.19 9.27 9.03 8.48 7.90 7.47 7.31 7.41 7.62 7.76 7.72 7.51 7.15 6.79 6.87 7.70 8.92 9.87 10.32 10.41 10.30 10.12 10.01 10.04 9.84 8.83 7.51 6.55 5.95 5.51 5.42 5.68 6.10 6.65 7.36 8.10 8.65 8.82 8.78 8.75 8.86 9.02 9.20 9.49 9.89 10.21 9.95 9.10 8.33 7.95 7.94 8.36 8.89 8.69 8.27 8.20 8.44 8.83 9.30 9.81 10.27 10.49 10.70 10.89 10.96 10.76 10.10 9.03 8.00 7.55 7.53 7.75 8.20 8.86 9.79 10.25 10.06 9.56 9.79 10.59 11.34
9.35 9.61 9.81 9.56 8.98 8.31 7.79 7.54 7.36 7.06 6.71 6.46 6.31 6.20 5.97 5.73 6.25 7.58 8.78 9.67 10.19 10.44 10.48 10.48 10.72 11.15 11.08 10.07 8.94 8.29 7.86 7.44 7.36 7.41 7.58 7.91 8.27 8.39 8.22 8.09 8.07 8.19 8.52 8.80 9.20 9.75 10.28 10.26 9.48 8.53 7.78 7.03 6.65 6.89 7.16 7.42 7.77 8.14 8.49 8.88 9.31 9.67 9.98 10.25 10.60 10.97 11.15 10.81 9.85 8.60 7.75 7.44 7.43 7.74 8.49 9.58 10.37 10.28 9.19 8.32 8.42 9.11
9.17 9.34 9.45 9.28 8.93 8.44 7.94 7.49 6.95 6.31 5.72 5.53 5.67 5.98 6.04 5.60 5.33 5.79 6.79 7.93 8.74 9.35 9.87 10.28 10.72 11.47 12.22 12.37 11.98 11.56 11.15 10.77 10.41 9.94 9.50 9.11 8.75 8.45 8.23 8.16 8.16 8.22 8.50 8.74 9.10 9.70 10.45 10.88 10.55 9.69 8.72 7.54 6.31 5.84 6.06 6.78 7.57 8.10 8.42 8.67 8.86 9.06 9.38 9.81 10.25 10.81 11.37 11.50 10.84 9.42 8.31 7.78 7.58 7.60 8.03 9.02 10.28 10.67 9.85 8.44 7.38 7.00
8.72 8.64 8.65 8.71 8.60 8.28 7.85 7.07 6.44 6.08 6.00 6.07 6.38 6.96 7.73 8.12 7.47 6.81 6.72 6.95 7.42 8.10 9.03 9.83 10.34 10.98 11.85 12.53 12.88 12.96 12.72 12.36 11.92 11.26 10.48 9.73 9.08 8.65 8.37 8.25 8.39 8.63 8.84 8.88 9.02 9.49 10.34 11.13 11.29 10.69 9.65 8.42 7.42 6.88 6.95 7.33 7.76 8.09 8.35 8.43 8.33 8.43 8.94 9.57 10.04 10.53 11.17 11.75 11.65 10.65 9.32 8.52 8.01 7.56 7.39 8.11 9.64 10.63 10.47 9.37 8.03 7.18
8.56 8.38 8.30 8.44 8.54 8.48 8.14 7.61 7.17 7.12 7.54 8.13 8.74 9.60 10.57 11.24 11.44 10.75 9.61 8.92 8.69 8.87 9.40 9.85 10.14 10.40 10.71 11.03 11.40 11.85 12.05 11.99 11.79 11.37 10.82 10.14 9.47 8.95 8.52 8.31 8.56 8.99 9.22 9.09 8.97 9.15 9.84 10.81 11.53 11.56 10.91 10.09 9.34 8.80 8.38 8.02 7.78 7.85 8.02 8.00 7.91 8.09 8.61 9.19 9.61 9.96 10.49 11.21 11.73 11.53 10.40 9.28 8.48 7.80 7.44 7.78 9.04 10.32 10.73 10.23 9.46 9.07
8.74 8.56 8.43 8.58 8.82 9.09 9.28 9.30 9.23 9.33 9.89 10.73 11.61 12.31 12.71 12.95 13.32 13.31 12.81 12.15 11.56 11.07 10.66 10.38 10.32 10.27 10.20 10.05 9.77 9.76 10.07 10.34 10.38 10.35 10.30 10.15 9.82 9.35 8.91 8.67 8.72 8.80 8.85 8.85 8.83 8.95 9.46 10.45 11.66 12.51 12.58 12.03 11.23 10.30 9.23 8.31 7.89 7.87 7.90 7.86 7.88 8.03 8.24 8.57 8.92 9.15 9.46 10.11 10.91 11.25 10.74 9.76 8.96 8.38 8.03 8.09 8.92 10.07 10.75 10.62 10.13 9.89
8.97 8.90 8.86 8.96 9.19 9.55 10.00 10.46 10.91 11.35 11.89 12.47 12.86 12.93 12.76 12.54 12.46 12.69 12.83 12.67 12.28 11.74 11.16 10.72 10.52 10.37 10.28 10.23 9.87 9.31 8.97 8.91 8.88 8.92 9.09 9.36 9.53 9.43 9.14 8.72 8.28 7.94 7.88 8.19 8.69 9.04 9.50 10.34 11.57 12.79 13.36 13.20 12.61 11.73 10.58 9.55 8.96 8.60 8.35 8.15 8.00 7.89 7.87 8.10 8.49 8.71 8.82 9.15 9.75 10.29 10.35 9.85 9.24 8.78 8.49 8.46 8.93 9.84 10.57 10.53 9.93 9.41
9.15 9.23 9.25 9.27 9.42 9.68 10.05 10.57 11.31 11.98 12.33 12.31 11.99 11.50 11.07 10.73 10.46 10.47 10.60 10.78 10.79 10.67 10.57 10.57 10.58 10.42 10.25 10.34 10.42 10.24 9.84 9.47 9.33 9.22 9.04 8.93 9.02 9.15 8.99 8.49 7.97 7.73 7.91 8.44 9.03 9.42 9.76 10.32 11.15 12.13 12.87 13.20 13.19 12.89 12.32 11.46 10.61 9.79 9.07 8.51 8.09 7.79 7.74 7.95 8.35 8.64 8.69 8.75 9.09 9.53 9.81 9.67 9.28 8.91 8.68 8.63 8.95 9.71 10.46 10.50 9.89 9.31
