project/data/elevation/US_DEM2016/US_DEM2016_point_11-01-2019_1624_30m_vel.asc
ncols	125
nrows	167
xllcorner	-2042055.000000
yllcorner	1465035.000000
cellsize	30.000000
NODATA_value	-9999.000000
[rows 76 to 113 of 167, columns 0 to 83 of 125]
4.51 4.43 4.40 4.51 4.65 4.83 5.17 5.61 5.83 5.74 5.50 5.36 5.50 5.90 6.27 6.63 6.94 6.88 6.62 6.28 6.00 5.74 5.51 5.28 5.09 5.00 4.93 4.98 5.10 5.15 5.04 4.82 4.45 4.18 4.18 4.28 4.33 4.22 4.03 3.84 3.77 3.89 4.14 4.23 4.20 4.06 3.93 3.79 3.70 3.68 3.67 3.63 3.54 3.55 3.76 4.02 4.21 4.26 4.31 4.44 4.54 4.38 3.84 3.29 2.97 2.91 3.11 3.38 3.73 4.05 4.24 4.47 5.01 5.72 6.40 7.09 7.72 8.07 7.85 7.13 5.94 4.48 3.75 3.59
4.55 4.50 4.54 4.68 4.87 5.22 5.52 5.58 5.28 4.77 4.43 4.51 4.94 5.58 6.14 6.55 6.46 6.62 6.18 5.73 5.42 5.23 5.12 5.04 4.96 4.90 4.82 4.82 4.93 5.11 5.22 5.19 5.02 4.91 4.86 4.76 4.57 4.26 3.97 3.85 3.93 4.08 4.16 4.07 3.95 3.84 3.76 3.63 3.49 3.42 3.37 3.32 3.29 3.45 3.76 4.05 4.26 4.36 4.44 4.49 4.35 3.89 3.42 3.29 3.43 3.69 3.91 4.16 4.58 5.21 5.68 6.26 7.03 7.72 8.22 8.59 8.70 8.37 7.65 6.76 5.82 4.66 3.85 3.46
4.53 4.40 4.43 4.59 4.74 4.97 5.00 4.75 4.41 4.24 4.29 4.59 5.12 5.76 6.25 6.53 6.51 6.17 5.71 5.33 5.06 4.88 4.78 4.73 4.68 4.61 4.53 4.56 4.70 4.93 5.22 5.41 5.43 5.36 5.22 4.99 4.67 4.31 4.11 4.04 4.02 3.93 3.81 3.65 3.47 3.28 3.04 2.83 2.74 2.75 2.82 3.00 3.33 3.74 4.05 4.26 4.46 4.54 4.52 4.36 4.03 3.63 3.51 3.77 4.24 4.59 4.91 5.39 6.04 6.51 6.97 7.58 8.20 8.60 8.65 8.56 8.24 7.53 6.91 6.56 6.27 5.73 5.04 4.42
4.46 4.24 4.18 4.35 4.43 4.46 4.45 4.41 4.51 4.73 4.98 5.34 5.84 6.31 6.57 6.56 6.26 5.81 5.39 5.07 4.80 4.59 4.45 4.39 4.31 4.19 4.09 4.12 4.17 4.36 4.60 4.97 5.17 5.16 5.02 4.81 4.51 4.21 3.99 3.80 3.59 3.40 3.28 3.26 3.12 2.92 2.71 2.64 2.79 3.04 3.35 3.74 4.16 4.42 4.49 4.46 4.38 4.20 3.91 3.57 3.34 3.35 3.64 4.21 4.85 5.43 6.07 6.64 6.92 7.11 7.32 7.64 7.98 7.97 7.69 7.29 6.76 6.22 5.95 6.05 6.25 6.24 5.92 5.43
4.37 4.17 4.16 4.38 4.48 4.49 4.57 4.77 5.09 5.35 5.65 6.06 6.53 6.72 6.65 6.27 5.76 5.31 4.96 4.70 4.48 4.31 4.18 4.07 3.96 3.83 3.66 3.49 3.29 3.35 3.51 3.87 4.29 4.56 4.60 4.49 4.30 4.15 3.97 3.76 3.60 3.54 3.54 3.59 3.49 3.38 3.31 3.42 3.67 4.02 4.38 4.66 4.77 4.75 4.56 4.41 4.13 3.78 3.48 3.27 3.26 3.52 4.02 4.74 5.46 6.20 6.77 6.90 6.78 6.68 6.72 6.81 6.76 6.44 6.14 5.95 5.74 5.50 5.30 5.23 5.49 5.91 6.02 5.81
4.31 4.23 4.34 4.63 4.81 4.86 4.95 5.17 5.47 5.76 6.10 6.46 6.69 6.62 6.21 5.64 5.12 4.66 4.34 4.12 4.00 3.98 3.97 3.88 3.79 3.63 3.34 2.89 2.54 2.45 2.49 2.70 3.14 3.69 4.04 4.23 4.26 4.36 4.37 4.36 4.39 4.46 4.53 4.49 4.38 4.32 4.32 4.46 4.67 4.74 4.71 4.64 4.55 4.45 4.43 4.41 4.33 4.34 4.35 4.29 4.32 4.51 4.90 5.49 6.08 6.54 6.56 6.12 5.82 5.86 5.98 6.00 5.85 5.48 5.32 5.30 5.32 5.28 5.10 4.83 4.80 5.09 5.52 5.68
4.41 4.41 4.49 4.63 4.78 4.94 5.13 5.40 5.70 6.00 6.29 6.45 6.38 6.00 5.46 5.01 4.62 4.23 3.88 3.69 3.65 3.63 3.57 3.62 3.66 3.56 3.31 2.87 2.34 2.14 2.16 2.37 2.68 3.01 3.48 3.94 4.22 4.46 4.64 4.83 5.03 5.18 5.21 5.10 4.98 4.96 4.99 5.06 5.07 4.85 4.59 4.52 4.59 4.64 4.61 4.59 4.66 4.89 5.03 5.11 5.20 5.37 5.67 6.02 6.37 6.38 5.90 5.39 5.29 5.47 5.60 5.52 5.28 4.99 4.92 4.97 5.06 5.12 5.03 4.82 4.60 4.56 4.79 5.20
4.58 4.61 4.57 4.49 4.57 4.84 5.17 5.50 5.81 6.05 6.19 6.15 5.87 5.40 4.95 4.61 4.32 4.02 3.72 3.52 3.40 3.28 3.17 3.23 3.42 3.54 3.52 3.40 3.07 2.85 2.89 3.07 3.11 3.16 3.34 3.72 4.02 4.29 4.59 4.94 5.17 5.21 5.14 5.01 4.97 5.04 5.14 5.16 5.11 4.99 5.00 5.11 5.12 5.01 4.79 4.71 4.72 4.82 5.01 5.22 5.44 5.65 5.88 6.08 6.17 5.92 5.46 5.33 5.42 5.45 5.37 5.09 4.67 4.31 4.15 4.29 4.48 4.59 4.63 4.60 4.45 4.24 4.14 4.54
4.61 4.64 4.61 4.55 4.64 4.90 5.23 5.56 5.79 5.91 5.90 5.73 5.38 4.96 4.61 4.32 4.05 3.79 3.55 3.34 3.12 2.94 2.88 3.01 3.32 3.66 3.94 4.22 4.44 4.51 4.46 4.27 4.03 3.85 3.76 3.84 4.09 4.46 4.84 5.05 4.97 4.77 4.69 4.76 4.84 5.00 5.20 5.38 5.55 5.67 5.64 5.52 5.28 5.05 4.83 4.78 4.80 4.90 5.11 5.32 5.53 5.67 5.76 5.80 5.73 5.50 5.30 5.39 5.43 5.31 5.05 4.63 4.06 3.54 3.23 3.26 3.43 3.60 3.81 3.99 4.04 3.91 3.69 3.88
4.56 4.57 4.62 4.70 4.88 5.13 5.35 5.54 5.68 5.69 5.59 5.35 5.00 4.63 4.30 4.00 3.69 3.38 3.13 2.96 2.86 2.89 3.06 3.36 3.76 4.13 4.51 4.92 5.33 5.56 5.53 5.23 4.84 4.54 4.38 4.35 4.66 5.06 5.12 4.91 4.57 4.43 4.57 4.78 4.91 5.13 5.49 5.81 6.05 6.16 6.02 5.68 5.37 5.15 4.93 4.89 4.99 5.12 5.23 5.29 5.35 5.37 5.39 5.43 5.36 5.22 5.08 5.12 5.06 4.93 4.75 4.43 3.97 3.45 2.96 2.80 2.70 2.64 2.71 2.91 3.20 3.37 3.38 3.43
4.56 4.59 4.69 4.87 5.11 5.26 5.32 5.35 5.44 5.46 5.33 5.06 4.71 4.34 3.99 3.62 3.21 2.84 2.67 2.68 2.85 3.17 3.57 3.95 4.34 4.67 4.95 5.21 5.45 5.64 5.67 5.58 5.34 5.03 4.84 4.82 5.01 5.10 4.80 4.41 4.24 4.31 4.43 4.57 4.73 5.08 5.46 5.77 5.88 5.97 5.98 5.83 5.63 5.40 5.10 4.99 4.99 4.94 4.87 4.88 4.83 4.82 4.93 5.10 5.14 5.02 4.83 4.70 4.62 4.59 4.57 4.56 4.50 4.30 3.75 3.18 2.75 2.43 2.21 2.19 2.34 2.57 2.71 2.77
4.59 4.63 4.73 4.88 4.99 5.00 4.99 5.07 5.23 5.32 5.17 4.84 4.46 4.05 3.59 3.14 2.81 2.71 2.84 3.00 3.21 3.50 3.85 4.22 4.59 4.88 5.03 5.08 5.09 5.10 5.24 5.46 5.57 5.50 5.31 5.09 4.85 4.50 4.19 4.08 4.06 4.04 3.98 4.05 4.36 4.76 5.07 5.07 5.00 5.07 5.14 5.23 5.26 5.24 5.14 4.98 4.79 4.59 4.50 4.50 4.51 4.61 4.82 5.01 5.06 4.93 4.73 4.54 4.42 4.46 4.61 4.82 5.01 5.16 5.12 4.61 4.00 3.43 3.06 2.80 2.56 2.38 2.33 2.48
4.58 4.61 4.65 4.68 4.65 4.64 4.79 5.10 5.32 5.30 5.00 4.58 4.16 3.70 3.23 2.99 3.07 3.41 3.62 3.71 3.75 3.86 4.09 4.37 4.61 4.75 4.77 4.75 4.78 4.80 4.94 5.21 5.51 5.64 5.57 5.24 4.68 4.21 3.97 3.98 3.93 3.84 3.84 3.99 4.23 4.44 4.48 4.16 3.82 3.65 3.68 3.75 3.92 4.20 4.43 4.57 4.56 4.51 4.52 4.60 4.71 4.83 4.92 4.95 4.95 4.85 4.66 4.50 4.42 4.53 4.78 5.00 5.21 5.49 5.79 5.85 5.62 5.26 4.90 4.47 3.94 3.52 3.47 3.43
4.58 4.59 4.61 4.62 4.63 4.78 5.10 5.38 5.42 5.15 4.65 4.13 3.67 3.24 3.04 3.16 3.54 3.88 4.06 4.16 4.20 4.27 4.39 4.46 4.42 4.33 4.30 4.42 4.65 4.84 4.97 5.05 5.14 5.28 5.34 5.19 4.73 4.36 4.10 4.05 4.05 4.11 4.17 4.21 4.25 4.23 4.07 3.59 3.03 2.81 2.76 2.79 2.93 3.32 3.83 4.26 4.49 4.61 4.72 4.86 4.95 4.90 4.78 4.72 4.75 4.70 4.50 4.40 4.44 4.59 4.78 4.94 5.07 5.25 5.55 5.89 6.09 6.14 6.05 5.85 5.56 5.29 5.08 4.82
4.63 4.64 4.68 4.77 4.92 5.17 5.41 5.44 5.18 4.65 4.03 3.40 2.88 2.61 2.63 2.88 3.17 3.45 3.79 4.07 4.31 4.46 4.46 4.26 3.97 3.82 3.93 4.17 4.36 4.47 4.57 4.59 4.58 4.72 4.96 5.07 4.86 4.58 4.35 4.34 4.38 4.45 4.46 4.46 4.41 4.32 4.17 3.86 3.47 3.23 3.23 3.41 3.77 4.18 4.51 4.66 4.72 4.78 4.82 4.85 4.80 4.62 4.48 4.48 4.55 4.48 4.26 4.23 4.34 4.44 4.51 4.61 4.59 4.46 4.53 4.84 5.31 5.65 5.86 6.02 6.08 6.05 5.96 5.74
4.68 4.70 4.78 4.93 5.15 5.36 5.39 5.13 4.59 3.89 3.25 2.72 2.38 2.22 2.20 2.30 2.51 2.79 3.12 3.52 3.88 4.12 4.09 3.89 3.72 3.71 3.81 3.90 3.81 3.68 3.70 3.77 3.90 4.15 4.55 4.87 4.87 4.64 4.50 4.55 4.59 4.62 4.68 4.82 4.83 4.79 4.75 4.70 4.69 4.66 4.60 4.82 5.15 5.33 5.28 5.00 4.83 4.78 4.68 4.52 4.36 4.22 4.16 4.24 4.32 4.22 4.03 4.04 4.10 4.10 4.11 4.13 3.99 3.71 3.57 3.71 4.10 4.44 4.74 5.08 5.42 5.62 5.67 5.71
4.72 4.75 4.86 5.05 5.26 5.31 5.07 4.54 3.85 3.23 2.77 2.50 2.39 2.37 2.37 2.38 2.47 2.63 2.82 3.08 3.36 3.53 3.59 3.70 3.85 3.95 3.99 3.93 3.80 3.70 3.67 3.70 3.84 4.01 4.20 4.48 4.60 4.54 4.52 4.64 4.72 4.82 5.00 5.26 5.32 5.31 5.30 5.34 5.47 5.64 5.74 5.73 5.57 5.25 4.91 4.73 4.67 4.58 4.35 4.07 3.84 3.76 3.82 3.96 4.10 4.12 4.03 3.98 3.90 3.83 3.81 3.81 3.67 3.38 3.10 3.01 3.23 3.45 3.58 3.79 4.12 4.43 4.53 4.58
4.75 4.79 4.91 5.07 5.13 4.92 4.42 3.79 3.21 2.82 2.63 2.56 2.61 2.77 2.92 3.04 3.11 3.16 3.28 3.47 3.64 3.74 3.82 3.95 4.07 4.22 4.47 4.68 4.78 4.77 4.71 4.68 4.69 4.60 4.29 4.18 4.32 4.47 4.66 4.85 4.98 5.16 5.39 5.60 5.59 5.53 5.49 5.53 5.66 5.85 5.94 5.83 5.45 4.93 4.62 4.63 4.62 4.44 4.10 3.76 3.55 3.52 3.69 3.95 4.21 4.34 4.30 4.12 3.90 3.80 3.73 3.70 3.56 3.20 2.75 2.43 2.41 2.46 2.46 2.58 2.87 3.21 3.28 3.27
4.76 4.78 4.83 4.82 4.58 4.09 3.48 2.97 2.66 2.54 2.58 2.71 2.90 3.17 3.51 3.85 4.10 4.25 4.42 4.62 4.75 4.79 4.69 4.49 4.34 4.47 4.91 5.25 5.36 5.29 5.18 5.08 4.93 4.68 4.26 4.10 4.26 4.58 4.91 5.15 5.32 5.46 5.57 5.60 5.48 5.40 5.42 5.52 5.68 5.78 5.70 5.59 5.52 5.45 5.27 5.03 4.76 4.48 4.22 4.02 3.92 3.92 4.06 4.28 4.47 4.53 4.39 4.19 4.04 4.02 3.99 3.86 3.55 2.97 2.32 1.89 1.80 1.71 1.62 1.71 1.90 2.09 2.25 2.40
4.75 4.74 4.65 4.40 3.91 3.31 2.82 2.52 2.42 2.50 2.75 3.08 3.44 3.83 4.25 4.69 5.01 5.31 5.57 5.67 5.59 5.38 5.04 4.71 4.54 4.67 4.97 4.98 4.71 4.48 4.31 4.20 4.11 3.99 3.96 4.13 4.43 4.77 5.12 5.32 5.41 5.42 5.32 5.17 5.11 5.11 5.22 5.38 5.52 5.61 5.52 5.44 5.48 5.56 5.49 5.17 4.82 4.56 4.40 4.33 4.33 4.41 4.49 4.61 4.66 4.56 4.32 4.20 4.26 4.45 4.47 4.19 3.67 2.96 2.23 1.85 1.76 1.62 1.49 1.54 1.66 1.70 1.77 2.01
4.75 4.70 4.51 4.16 3.76 3.39 3.09 2.89 2.84 2.99 3.28 3.67 4.13 4.58 5.01 5.38 5.69 5.91 5.95 5.76 5.37 4.93 4.62 4.56 4.68 4.89 4.94 4.61 4.12 3.84 3.75 3.76 3.86 3.87 4.00 4.33 4.66 4.93 5.15 5.26 5.24 5.10 4.87 4.68 4.66 4.74 4.86 4.97 4.99 4.91 4.88 4.91 4.96 4.97 4.86 4.74 4.59 4.43 4.31 4.25 4.31 4.52 4.70 4.83 4.81 4.68 4.49 4.42 4.52 4.70 4.69 4.35 3.89 3.43 2.84 2.45 2.22 1.98 1.91 2.01 2.07 2.04 2.06 2.36
4.71 4.63 4.39 4.18 4.03 3.86 3.71 3.66 3.73 3.84 4.01 4.33 4.77 5.23 5.63 5.88 5.97 5.85 5.48 4.92 4.37 4.02 4.04 4.32 4.70 5.09 5.18 5.02 4.80 4.71 4.69 4.70 4.64 4.50 4.46 4.62 4.78 4.92 5.02 5.05 4.88 4.61 4.40 4.32 4.31 4.39 4.50 4.50 4.22 3.84 3.67 3.75 3.93 4.01 4.02 4.12 4.22 4.22 4.20 4.23 4.37 4.61 4.77 4.82 4.72 4.59 4.51 4.49 4.48 4.51 4.46 4.22 4.12 4.07 3.82 3.37 2.98 2.61 2.72 2.93 2.95 2.88 3.00 3.50
4.61 4.49 4.32 4.26 4.26 4.26 4.29 4.41 4.61 4.77 4.90 5.10 5.44 5.81 6.00 5.96 5.69 5.22 4.64 4.11 3.75 3.65 3.86 4.25 4.71 5.28 5.55 5.69 5.73 5.71 5.64 5.49 5.27 5.01 4.81 4.76 4.77 4.82 4.84 4.71 4.40 4.11 4.04 4.11 4.20 4.34 4.46 4.34 3.83 3.27 3.02 3.01 2.99 3.11 3.42 3.81 4.11 4.25 4.27 4.35 4.51 4.69 4.68 4.58 4.42 4.30 4.23 4.17 4.10 4.13 4.09 4.05 4.34 4.68 4.78 4.58 4.20 3.91 4.16 4.33 4.25 4.18 4.38 4.74
4.55 4.46 4.35 4.38 4.54 4.77 5.01 5.23 5.42 5.56 5.65 5.76 5.92 6.00 5.87 5.49 4.97 4.44 3.99 3.74 3.81 4.04 4.34 4.64 5.04 5.48 5.62 5.57 5.57 5.56 5.47 5.35 5.23 5.09 4.85 4.72 4.70 4.64 4.48 4.23 4.02 4.05 4.17 4.29 4.41 4.61 4.70 4.58 4.21 3.86 3.64 3.46 3.23 3.34 3.70 4.06 4.30 4.44 4.52 4.60 4.65 4.70 4.61 4.48 4.37 4.24 4.09 3.99 4.01 4.13 4.15 4.21 4.56 4.97 5.29 5.45 5.49 5.52 5.68 5.72 5.60 5.47 5.45 5.31
4.56 4.49 4.40 4.47 4.74 5.09 5.39 5.60 5.72 5.79 5.85 5.90 5.89 5.68 5.25 4.72 4.21 3.78 3.50 3.54 3.97 4.43 4.76 5.01 5.29 5.46 5.26 4.88 4.70 4.66 4.67 4.76 4.87 4.89 4.74 4.61 4.50 4.30 4.06 3.96 4.14 4.47 4.61 4.65 4.70 4.84 4.89 4.81 4.65 4.65 4.66 4.57 4.41 4.34 4.37 4.36 4.42 4.57 4.76 4.86 4.87 4.86 4.77 4.67 4.56 4.42 4.32 4.36 4.53 4.58 4.50 4.48 4.62 4.84 5.19 5.63 6.02 6.27 6.32 6.20 5.95 5.74 5.48 5.00
4.51 4.45 4.36 4.44 4.64 4.92 5.11 5.22 5.27 5.32 5.39 5.44 5.34 5.03 4.56 4.05 3.59 3.31 3.30 3.58 4.05 4.43 4.72 4.92 5.03 4.95 4.55 4.12 3.85 3.71 3.78 3.98 4.20 4.35 4.44 4.43 4.29 4.14 4.14 4.36 4.68 4.85 4.86 4.84 4.84 4.87 4.86 4.72 4.67 4.78 4.90 4.99 5.01 4.87 4.52 4.29 4.36 4.60 4.83 4.98 5.06 5.12 5.06 4.96 4.83 4.71 4.69 4.78 4.86 4.73 4.60 4.58 4.58 4.65 4.91 5.33 5.74 5.97 5.95 5.86 5.67 5.40 4.97 4.42
4.45 4.42 4.39 4.47 4.54 4.58 4.57 4.54 4.55 4.64 4.76 4.78 4.60 4.23 3.78 3.40 3.29 3.46 3.87 4.26 4.47 4.61 4.73 4.76 4.65 4.32 3.77 3.33 3.04 2.90 2.94 3.06 3.20 3.46 3.74 3.95 4.14 4.34 4.58 4.79 4.90 4.89 4.82 4.79 4.77 4.75 4.67 4.48 4.36 4.31 4.35 4.51 4.68 4.61 4.32 4.18 4.31 4.57 4.81 5.02 5.21 5.33 5.29 5.17 5.02 4.88 4.77 4.69 4.56 4.35 4.33 4.41 4.46 4.54 4.71 4.88 5.04 5.08 5.14 5.34 5.47 5.38 5.12 4.86
4.57 4.64 4.74 4.71 4.60 4.43 4.26 4.16 4.18 4.32 4.38 4.20 3.79 3.31 2.93 2.94 3.42 4.13 4.66 4.91 5.02 5.04 4.98 4.84 4.63 4.31 3.76 3.18 2.81 2.70 2.67 2.69 2.79 2.98 3.28 3.68 4.12 4.45 4.58 4.57 4.52 4.51 4.53 4.54 4.56 4.55 4.45 4.19 3.88 3.67 3.59 3.64 3.77 3.94 4.00 4.09 4.25 4.48 4.70 4.96 5.20 5.35 5.30 5.19 5.03 4.86 4.68 4.48 4.30 4.13 4.13 4.21 4.31 4.36 4.42 4.56 4.55 4.47 4.47 4.72 5.06 5.33 5.52 5.67
4.79 4.92 5.02 4.91 4.70 4.46 4.27 4.19 4.18 4.11 3.84 3.35 2.80 2.37 2.24 2.52 3.24 4.08 4.63 4.99 5.18 5.23 5.13 5.02 4.95 4.78 4.43 3.97 3.66 3.62 3.64 3.58 3.63 3.73 3.90 4.16 4.38 4.45 4.35 4.22 4.13 4.12 4.24 4.35 4.44 4.46 4.32 4.00 3.65 3.41 3.27 3.06 2.90 2.99 3.29 3.70 4.07 4.35 4.58 4.83 5.06 5.13 5.08 4.96 4.88 4.83 4.73 4.57 4.42 4.26 4.17 4.16 4.20 4.24 4.36 4.48 4.41 4.26 4.11 4.09 4.23 4.53 4.90 5.25
4.81 4.85 4.84 4.76 4.61 4.43 4.28 4.17 3.95 3.52 2.88 2.34 2.09 2.07 2.21 2.56 3.08 3.58 4.02 4.47 4.73 4.83 4.92 5.10 4.96 5.18 5.10 5.12 5.14 5.17 5.14 5.11 5.07 4.95 4.84 4.75 4.64 4.51 4.36 4.23 4.12 4.10 4.26 4.42 4.52 4.51 4.34 4.09 3.86 3.64 3.35 2.89 2.51 2.57 3.01 3.58 4.08 4.39 4.62 4.83 4.91 4.85 4.75 4.74 4.80 4.88 4.89 4.78 4.63 4.44 4.33 4.30 4.30 4.30 4.31 4.29 4.26 4.19 4.04 3.82 3.59 3.47 3.56 3.79
4.67 4.54 4.46 4.45 4.37 4.22 4.02 3.74 3.35 2.88 2.49 2.32 2.42 2.74 3.30 3.84 3.97 3.96 3.94 4.00 4.13 4.31 4.69 5.11 5.27 5.28 5.41 5.67 5.89 5.99 5.93 5.83 5.69 5.45 5.18 4.91 4.69 4.55 4.42 4.27 4.23 4.33 4.51 4.61 4.61 4.53 4.40 4.26 4.10 3.81 3.37 2.93 2.86 3.23 3.74 4.09 4.32 4.51 4.70 4.80 4.72 4.58 4.58 4.73 4.87 4.95 4.99 4.96 4.89 4.78 4.65 4.59 4.50 4.33 4.10 3.97 4.05 4.14 4.08 3.86 3.53 3.29 3.26 3.35
4.57 4.42 4.29 4.26 4.20 4.07 3.84 3.53 3.22 3.05 3.15 3.44 3.81 4.36 5.02 5.52 5.69 5.38 4.88 4.61 4.57 4.72 5.08 5.30 5.27 5.17 5.22 5.37 5.52 5.65 5.68 5.64 5.56 5.40 5.21 4.98 4.76 4.60 4.41 4.27 4.37 4.63 4.80 4.73 4.57 4.46 4.41 4.37 4.27 4.03 3.73 3.62 3.88 4.30 4.50 4.44 4.38 4.50 4.65 4.65 4.53 4.48 4.56 4.71 4.82 4.87 4.88 4.92 4.99 5.05 4.96 4.80 4.62 4.37 4.09 3.94 4.02 4.13 4.13 4.07 4.04 4.12 4.21 4.15
4.56 4.45 4.31 4.27 4.26 4.26 4.24 4.15 4.06 4.15 4.52 5.04 5.59 6.08 6.44 6.60 6.63 6.47 6.22 6.00 5.86 5.80 5.78 5.62 5.35 5.10 4.95 4.86 4.74 4.69 4.76 4.85 4.89 4.92 4.94 4.94 4.87 4.69 4.48 4.40 4.54 4.66 4.63 4.48 4.38 4.40 4.48 4.56 4.64 4.69 4.69 4.73 4.87 4.95 4.75 4.45 4.43 4.58 4.65 4.57 4.49 4.49 4.50 4.52 4.57 4.57 4.54 4.64 4.81 4.94 4.95 4.83 4.65 4.44 4.24 4.13 4.15 4.21 4.24 4.31 4.49 4.71 4.82 4.79
4.59 4.54 4.46 4.44 4.49 4.60 4.75 4.90 5.12 5.45 5.88 6.35 6.67 6.80 6.73 6.53 6.32 6.37 6.44 6.41 6.31 6.19 6.01 5.67 5.28 5.01 4.87 4.75 4.54 4.29 4.13 4.11 4.14 4.24 4.41 4.60 4.71 4.65 4.53 4.42 4.32 4.15 3.97 3.99 4.25 4.51 4.71 4.85 5.02 5.29 5.48 5.53 5.50 5.39 5.14 4.91 4.90 4.90 4.81 4.66 4.55 4.44 4.36 4.36 4.39 4.34 4.27 4.34 4.50 4.66 4.75 4.72 4.60 4.45 4.33 4.27 4.24 4.23 4.27 4.37 4.50 4.61 4.65 4.67
4.67 4.69 4.66 4.65 4.70 4.80 4.99 5.29 5.74 6.21 6.55 6.67 6.58 6.32 5.96 5.59 5.39 5.47 5.57 5.64 5.71 5.74 5.67 5.42 5.11 4.90 4.83 4.80 4.70 4.56 4.42 4.32 4.32 4.36 4.39 4.41 4.44 4.47 4.41 4.23 3.98 3.80 3.83 4.12 4.53 4.84 5.01 5.08 5.20 5.45 5.68 5.80 5.82 5.81 5.78 5.68 5.55 5.32 5.03 4.79 4.59 4.41 4.34 4.35 4.31 4.18 4.12 4.20 4.38 4.53 4.58 4.55 4.49 4.42 4.36 4.31 4.27 4.25 4.29 4.37 4.45 4.52 4.52 4.50
4.73 4.73 4.74 4.80 4.89 5.04 5.29 5.65 6.07 6.34 6.34 6.13 5.77 5.38 5.04 4.78 4.66 4.66 4.68 4.79 5.01 5.18 5.27 5.18 5.00 4.86 4.77 4.66 4.58 4.65 4.79 4.88 4.92 4.87 4.75 4.56 4.42 4.38 4.32 4.21 4.13 4.19 4.38 4.70 5.02 5.21 5.26 5.21 5.20 5.29 5.45 5.63 5.80 5.94 6.05 6.04 5.85 5.53 5.16 4.85 4.61 4.46 4.38 4.29 4.13 4.02 4.09 4.27 4.45 4.50 4.43 4.38 4.39 4.39 4.32 4.26 4.23 4.25 4.30 4.36 4.46 4.53 4.53 4.53
4.68 4.65 4.70 4.85 5.03 5.28 5.62 5.92 6.07 5.96 5.64 5.29 4.97 4.70 4.45 4.22 4.07 4.08 4.22 4.42 4.65 4.94 5.07 4.95 4.87 4.91 4.82 4.64 4.50 4.51 4.57 4.63 4.66 4.68 4.67 4.59 4.48 4.40 4.36 4.41 4.52 4.65 4.83 5.13 5.39 5.45 5.34 5.16 5.03 5.01 5.07 5.20 5.34 5.46 5.59 5.64 5.53 5.31 5.04 4.79 4.60 4.43 4.28 4.11 3.99 4.01 4.18 4.40 4.50 4.39 4.23 4.23 4.28 4.28 4.22 4.14 4.09 4.09 4.15 4.25 4.34 4.38 4.35 4.36
4.63 4.60 4.66 4.82 5.01 5.29 5.58 5.67 5.53 5.18 4.78 4.41 4.14 3.92 3.70 3.56 3.63 3.86 4.09 4.31 4.64 5.00 4.99 4.73 4.81 5.02 5.04 4.94 4.81 4.61 4.35 4.07 3.93 3.99 4.17 4.30 4.34 4.33 4.37 4.50 4.65 4.80 5.01 5.31 5.47 5.40 5.17 4.94 4.81 4.78 4.78 4.78 4.74 4.66 4.58 4.62 4.67 4.67 4.68 4.65 4.55 4.38 4.18 4.03 4.03 4.15 4.33 4.46 4.43 4.21 4.07 4.06 4.08 4.10 4.11 4.06 3.98 3.91 3.94 4.06 4.11 4.02 3.91 3.87
