project/data/elevation/US_DEM2016/US_DEM2016_point_10-30-2019_1942_30m_vel.asc
ncols	125
nrows	167
xllcorner	-2042055.000000
yllcorner	1465035.000000
cellsize	30.000000
NODATA_value	-9999.000000
[rows 74 to 110 of 167, columns 0 to 81 of 125]
9.15 8.97 8.86 9.06 9.33 9.47 9.52 9.90 10.86 11.99 12.81 13.13 13.02 12.54 11.91 11.64 12.11 13.06 13.79 14.13 14.24 13.81 12.78 11.72 11.03 10.88 11.17 11.59 11.65 11.32 10.83 10.46 10.06 9.76 9.43 9.21 9.12 8.88 8.60 8.59 8.85 9.06 9.15 9.34 9.52 9.52 9.47 9.37 8.95 8.53 8.36 8.61 9.05 9.23 9.07 9.01 9.13 9.43 9.90 10.42 10.91 11.28 11.15 10.56 9.52 8.40 7.82 8.19 8.57 8.25 7.54 7.17 7.16 7.38 7.99 8.89 10.02 11.49 13.29 14.76 15.61 15.89
9.25 9.15 9.16 9.39 9.62 9.75 9.89 10.45 11.61 12.44 12.80 12.91 13.01 13.08 13.01 13.08 13.41 13.70 13.59 13.34 13.18 12.76 11.97 11.17 10.61 10.28 10.25 10.69 11.12 11.14 10.75 10.17 9.30 8.69 8.49 8.60 8.73 8.67 8.54 8.47 8.44 8.55 8.74 8.94 9.03 8.67 8.07 7.42 7.18 7.05 7.03 7.34 7.90 8.31 8.46 8.61 8.81 8.93 9.10 9.42 9.84 10.02 9.56 8.47 7.34 6.66 6.55 7.25 8.27 8.62 8.24 7.97 8.12 8.62 9.54 10.68 12.01 13.46 14.37 14.48 13.46 11.84
9.38 9.38 9.55 9.79 10.04 10.42 11.04 11.66 11.84 11.48 10.96 10.76 11.16 12.00 12.69 13.28 13.59 13.40 12.76 12.14 11.82 11.52 11.16 10.83 10.55 10.19 9.78 9.90 10.43 10.87 10.89 10.48 9.58 8.86 8.72 8.84 8.85 8.57 8.13 7.77 7.64 7.90 8.36 8.55 8.63 8.50 8.24 7.81 7.53 7.52 7.53 7.49 7.45 7.67 8.11 8.53 8.79 8.81 8.86 9.00 9.01 8.62 7.83 7.16 6.80 6.71 6.99 7.56 8.55 9.39 9.67 9.86 10.54 11.54 12.61 13.79 14.90 15.41 14.96 13.67 11.51 8.65
9.43 9.45 9.69 9.91 10.20 10.82 11.24 11.14 10.39 9.33 8.73 9.02 9.94 11.13 12.12 12.74 12.84 12.41 11.71 11.09 10.73 10.59 10.52 10.50 10.43 10.19 9.72 9.60 9.90 10.55 11.10 11.23 10.82 10.43 10.15 9.83 9.34 8.66 8.09 7.87 8.00 8.22 8.30 8.16 8.15 8.09 7.96 7.67 7.33 7.16 7.10 7.07 7.05 7.41 8.04 8.60 8.97 9.13 9.21 9.14 8.66 7.86 7.36 7.43 7.84 8.29 8.60 9.05 9.96 11.27 12.06 12.80 13.89 14.98 15.80 16.37 16.46 15.90 14.73 13.52 12.05 9.81
9.28 9.06 9.20 9.45 9.63 9.93 9.86 9.36 8.93 8.54 8.72 9.34 10.36 11.51 12.27 12.54 12.30 11.74 11.13 10.57 10.16 9.97 9.94 9.97 9.93 9.74 9.36 9.22 9.34 9.82 10.62 11.27 11.44 11.22 10.83 10.29 9.59 8.81 8.39 8.20 8.03 7.75 7.47 7.31 7.26 7.05 6.52 6.01 5.80 5.76 5.91 6.28 6.90 7.65 8.33 8.84 9.23 9.36 9.22 8.78 8.16 7.66 7.67 8.28 9.24 9.90 10.51 11.43 12.69 13.52 14.15 14.76 15.54 16.24 16.35 16.13 15.40 14.10 13.26 13.09 13.04 12.29
9.00 8.54 8.55 8.89 8.92 8.89 8.88 9.01 9.33 9.77 10.26 10.92 11.83 12.60 12.83 12.54 11.95 11.31 10.75 10.25 9.80 9.52 9.39 9.38 9.33 9.09 8.65 8.37 8.21 8.43 8.97 9.96 10.59 10.67 10.40 9.98 9.45 8.77 8.26 7.74 7.21 6.75 6.58 6.81 6.91 6.64 5.95 5.51 5.66 6.13 6.75 7.52 8.31 8.81 9.00 9.00 8.86 8.51 7.89 7.24 7.04 7.29 7.85 8.89 10.11 11.27 12.55 13.63 14.09 14.30 14.31 14.38 14.69 14.67 14.32 13.72 12.76 11.76 11.35 11.77 12.59 13.04
8.73 8.33 8.43 8.99 9.18 9.17 9.35 9.84 10.51 11.02 11.59 12.33 13.06 13.19 12.80 12.01 11.15 10.48 10.00 9.59 9.23 9.02 8.88 8.82 8.81 8.63 8.05 7.22 6.50 6.44 6.69 7.52 8.58 9.33 9.56 9.47 9.33 8.94 8.54 8.06 7.69 7.51 7.59 7.94 8.08 7.87 7.30 7.00 7.26 7.93 8.66 9.22 9.48 9.50 9.16 8.83 8.37 7.84 7.36 7.07 7.20 7.71 8.50 9.70 11.03 12.42 13.46 13.70 13.42 13.06 12.74 12.50 12.24 11.71 11.34 11.23 11.07 10.71 10.28 10.09 10.69 11.88
8.63 8.47 8.73 9.44 9.84 9.96 10.12 10.52 11.12 11.72 12.40 12.98 13.13 12.67 11.83 10.90 10.04 9.28 8.80 8.46 8.26 8.26 8.36 8.38 8.48 8.45 7.86 6.39 5.21 4.77 4.69 5.08 6.07 7.44 8.40 8.99 9.18 9.47 9.53 9.53 9.60 9.74 9.93 9.99 9.99 9.84 9.42 9.12 9.23 9.33 9.32 9.20 9.09 8.97 8.92 8.89 8.93 9.15 9.36 9.40 9.46 9.69 10.18 11.08 12.01 12.67 12.60 11.84 11.39 11.36 11.25 11.01 10.70 10.13 9.95 10.07 10.33 10.49 10.25 9.60 9.40 9.99
8.98 8.96 9.10 9.36 9.68 10.02 10.40 10.88 11.47 12.08 12.61 12.72 12.25 11.37 10.47 9.78 9.17 8.53 7.94 7.59 7.47 7.46 7.50 7.76 8.09 8.36 8.14 6.95 5.22 4.44 4.20 4.41 4.97 5.83 7.14 8.34 8.92 9.53 9.93 10.35 10.77 11.08 11.17 11.03 10.94 10.92 10.71 10.37 10.09 9.61 9.10 8.92 9.09 9.27 9.28 9.32 9.64 10.09 10.51 10.83 11.06 11.29 11.62 11.97 12.25 11.99 11.16 10.53 10.45 10.68 10.65 10.34 9.94 9.53 9.43 9.51 9.79 10.16 10.25 9.94 9.31 9.04
9.36 9.44 9.42 9.25 9.37 9.85 10.44 11.08 11.66 12.07 12.19 11.83 11.07 10.25 9.58 9.07 8.63 8.19 7.69 7.23 6.91 6.74 6.70 6.95 7.53 8.16 8.55 8.25 7.10 6.28 6.03 6.10 6.01 6.11 6.85 7.93 8.50 9.09 9.69 10.31 10.72 10.81 10.72 10.53 10.55 10.79 10.86 10.63 10.30 9.94 9.88 10.03 10.10 10.00 9.69 9.61 9.83 9.89 10.22 10.79 11.35 11.72 11.95 11.89 11.55 10.93 10.45 10.49 10.69 10.67 10.36 9.80 9.08 8.48 8.13 8.27 8.65 9.06 9.40 9.58 9.28 8.64
9.35 9.47 9.58 9.57 9.71 10.11 10.64 11.21 11.60 11.67 11.39 10.77 10.05 9.44 8.95 8.50 8.08 7.78 7.44 6.92 6.45 6.23 6.25 6.58 7.31 8.24 9.10 9.67 9.93 9.84 9.51 8.90 8.23 7.74 7.63 8.09 8.78 9.48 10.09 10.32 10.12 9.81 9.72 9.89 10.11 10.50 10.83 11.03 11.22 11.37 11.22 10.95 10.52 10.12 9.77 9.73 9.82 10.01 10.47 10.92 11.35 11.57 11.55 11.21 10.63 10.19 10.16 10.50 10.58 10.36 9.91 9.27 8.25 7.13 6.31 6.20 6.56 7.08 7.66 8.20 8.47 8.20
9.23 9.36 9.64 9.97 10.30 10.63 10.92 11.12 11.21 11.03 10.57 9.92 9.30 8.81 8.39 7.95 7.48 7.12 6.76 6.35 6.15 6.29 6.68 7.28 8.11 8.93 9.76 10.58 11.36 11.78 11.71 11.09 10.15 9.34 8.99 9.12 9.80 10.48 10.42 9.90 9.29 9.13 9.44 9.84 10.06 10.45 11.04 11.58 12.10 12.38 12.12 11.43 10.79 10.34 9.91 9.86 10.10 10.38 10.60 10.67 10.71 10.69 10.61 10.42 9.99 9.72 9.66 9.80 9.71 9.58 9.48 9.28 8.57 7.28 5.94 5.32 4.99 4.92 5.25 5.84 6.64 7.13
9.30 9.50 9.88 10.29 10.64 10.78 10.70 10.56 10.51 10.36 9.95 9.39 8.81 8.32 7.88 7.41 6.89 6.47 6.33 6.09 6.26 6.80 7.51 8.23 8.97 9.58 10.07 10.54 11.04 11.44 11.65 11.68 11.27 10.48 9.94 9.86 10.14 10.19 9.58 8.93 8.67 8.79 9.00 9.22 9.41 9.87 10.54 11.07 11.57 11.96 12.06 11.81 11.41 10.91 10.29 10.02 10.41 9.90 9.89 9.70 9.55 9.48 9.61 9.72 9.59 9.35 9.13 8.97 8.85 8.93 9.20 9.66 9.86 9.45 8.11 6.67 5.49 4.66 4.19 4.64 4.70 5.37
9.42 9.63 9.94 10.16 10.20 10.04 9.88 9.89 10.03 9.99 9.58 9.04 8.47 7.89 7.27 6.76 6.57 6.62 6.81 6.92 7.04 7.31 7.81 8.47 9.12 9.56 9.78 9.93 10.02 10.01 10.35 11.04 11.52 11.42 10.90 10.25 10.35 8.92 8.44 8.39 8.35 8.22 8.03 8.08 8.49 8.92 9.31 9.47 9.70 10.03 10.30 10.59 10.77 10.76 10.49 10.09 9.71 9.31 9.12 9.10 9.08 9.20 9.43 9.53 9.45 9.21 8.99 8.79 8.62 8.77 9.18 9.81 10.56 11.18 11.21 10.13 8.81 7.54 6.54 5.82 5.34 5.17
9.43 9.57 9.68 9.63 9.44 9.31 9.52 9.99 10.22 9.95 9.32 8.66 8.04 7.39 6.83 7.71 7.10 7.84 8.21 8.31 8.17 8.04 8.18 8.53 8.83 8.97 9.00 9.14 9.34 9.33 9.49 10.08 10.94 11.47 11.44 10.66 9.42 8.54 8.17 8.27 8.17 7.96 7.87 8.03 8.25 8.28 8.14 7.72 7.36 7.15 7.35 7.68 8.17 8.80 9.17 9.36 9.34 9.27 9.29 9.42 9.56 9.65 9.60 9.43 9.28 9.12 8.98 8.88 8.75 8.92 9.29 9.60 10.27 11.32 12.25 12.52 12.19 11.51 10.70 9.75 8.65 7.83
9.40 9.49 9.55 9.50 9.44 9.66 10.13 10.45 10.29 9.66 8.78 7.89 7.15 6.63 6.52 6.84 7.51 8.16 8.58 8.83 8.88 8.80 8.71 8.55 8.27 7.96 7.88 8.21 8.80 9.24 9.38 9.48 9.79 10.46 10.92 10.75 9.78 9.01 8.53 8.48 8.50 8.60 8.67 8.65 8.50 8.16 7.68 6.88 5.99 5.59 5.56 5.73 6.10 6.89 7.84 8.64 9.13 9.42 9.61 9.80 9.88 9.66 9.30 8.99 8.87 8.82 8.75 8.80 8.81 8.92 9.07 9.13 9.41 10.11 11.05 12.01 12.59 12.80 12.77 12.54 12.03 11.42
9.39 9.46 9.59 9.75 9.97 10.33 10.58 10.36 9.67 8.71 7.68 6.60 5.78 5.51 6.99 5.79 6.11 6.60 7.37 8.06 8.60 8.83 8.66 8.12 7.46 7.06 7.05 7.40 7.84 8.22 8.48 8.51 8.60 9.14 9.99 10.47 10.06 9.48 9.06 9.08 9.18 9.30 9.33 9.32 9.18 8.90 8.52 7.95 7.22 6.66 6.54 6.88 7.59 8.39 9.01 9.31 9.45 9.54 9.58 9.56 9.40 9.02 8.71 8.53 8.45 8.35 8.26 8.42 8.54 8.54 8.50 8.47 8.34 8.29 8.67 9.38 10.36 11.16 11.87 12.44 12.65 12.57
9.40 9.46 9.63 9.91 10.27 10.51 10.31 9.59 8.52 7.36 6.37 5.61 5.21 5.05 4.84 4.58 4.57 4.98 5.66 6.50 7.23 7.75 7.79 7.54 7.32 7.23 7.16 7.05 6.82 6.66 6.79 7.04 7.38 7.97 8.96 9.85 9.97 9.55 9.27 9.42 9.52 9.62 9.78 10.14 10.26 10.23 10.11 9.95 9.84 9.68 9.40 9.69 10.27 10.62 10.57 10.06 9.62 9.39 9.13 8.80 8.50 8.28 8.13 8.09 8.03 7.84 7.72 7.92 8.02 7.97 7.90 7.79 7.44 6.99 6.89 7.16 7.78 8.47 9.22 10.04 10.80 11.24
9.41 9.49 9.71 10.04 10.30 10.15 9.44 8.36 7.24 6.32 5.76 5.56 5.55 5.59 5.46 5.13 4.87 4.89 5.15 5.61 6.13 6.57 6.97 7.41 7.82 8.04 8.01 7.70 7.31 7.09 7.06 7.21 7.49 7.78 8.23 9.00 9.48 9.43 9.37 9.59 9.75 9.99 10.37 10.93 11.13 11.19 11.21 11.23 11.38 11.64 11.75 11.61 11.24 10.65 10.03 9.64 9.39 9.09 8.61 8.07 7.63 7.47 7.50 7.60 7.71 7.72 7.74 7.83 7.76 7.63 7.56 7.51 7.23 6.67 6.18 5.93 6.16 6.52 6.81 7.26 7.94 8.65
9.44 9.52 9.71 9.91 9.79 9.14 8.08 7.00 6.19 5.78 5.71 5.83 6.05 6.35 6.62 6.72 6.59 6.40 6.44 6.73 7.11 7.46 7.82 8.17 8.39 8.61 9.01 9.37 9.57 9.60 9.51 9.43 9.37 9.14 8.59 8.60 9.09 9.47 9.82 10.13 10.35 10.67 11.07 11.40 11.31 11.23 11.30 11.44 11.65 11.96 12.11 11.93 11.27 10.23 9.52 9.46 9.42 9.06 8.44 7.79 7.32 7.16 7.37 7.70 8.05 8.26 8.34 8.25 7.92 7.70 7.55 7.57 7.41 6.79 5.83 4.90 4.59 4.63 4.68 4.92 5.49 6.29
9.44 9.46 9.43 9.19 8.51 7.44 6.34 5.62 5.37 5.45 5.73 6.14 6.56 7.02 7.64 8.32 8.79 9.03 9.28 9.57 9.81 9.89 9.76 9.41 9.03 8.98 9.50 10.11 10.54 10.62 10.51 10.28 9.96 9.51 8.80 8.66 9.09 9.77 10.40 10.78 11.00 11.17 11.24 11.16 10.81 10.64 10.80 11.15 11.50 11.74 11.62 11.51 11.47 11.30 10.84 10.28 9.78 9.29 8.84 8.48 8.25 8.15 8.28 8.50 8.66 8.67 8.56 8.41 8.16 8.10 8.07 8.00 7.74 6.90 5.49 4.09 3.41 3.14 3.13 3.33 3.64 4.13
9.42 9.41 9.16 8.49 7.41 6.29 5.51 5.16 5.26 5.64 6.17 6.85 7.55 8.24 8.99 9.89 10.64 11.28 11.72 11.82 11.58 11.08 10.43 9.85 9.46 9.34 9.41 9.30 9.09 8.97 8.75 8.54 8.42 8.32 8.38 8.81 9.42 10.10 10.72 10.99 11.02 10.88 10.55 10.16 9.95 9.88 10.09 10.49 10.95 11.29 11.24 11.17 11.26 11.40 11.27 10.64 9.95 9.44 9.12 8.98 9.00 9.12 9.15 9.19 9.11 8.84 8.46 8.37 8.49 8.86 8.93 8.72 8.39 7.53 5.87 4.47 3.70 3.27 3.06 3.06 3.16 3.30
9.43 9.37 9.02 8.37 7.65 7.07 6.70 6.51 6.54 6.83 7.28 7.95 8.78 9.65 10.49 11.21 11.82 12.20 12.20 11.80 11.06 10.24 9.65 9.49 9.67 9.83 9.61 8.91 8.20 7.87 7.75 7.76 7.98 8.11 8.42 9.05 9.73 10.25 10.58 10.66 10.49 10.14 9.64 9.21 9.05 9.07 9.14 9.38 9.68 9.78 9.87 9.99 10.08 10.09 10.00 9.86 9.55 9.20 8.91 8.73 8.82 9.15 9.38 9.50 9.43 9.22 8.91 8.81 8.99 9.31 9.30 9.08 9.13 8.90 7.60 6.21 5.21 4.51 4.23 4.14 4.09 4.06
9.34 9.20 8.81 8.64 8.46 8.36 8.31 8.37 8.56 8.71 8.84 9.25 10.00 10.91 11.69 12.07 12.09 11.72 11.00 10.04 9.19 8.67 8.60 8.93 9.49 10.11 10.28 10.14 9.92 9.86 9.87 9.83 9.61 9.28 9.13 9.41 9.78 10.06 10.15 10.04 9.67 9.21 8.82 8.61 8.50 8.49 8.52 8.50 8.25 7.74 7.46 7.63 8.00 8.21 8.36 8.64 8.85 8.85 8.77 8.73 8.87 9.20 9.33 9.28 9.11 9.03 9.02 9.02 8.97 8.95 8.88 8.84 9.54 10.15 9.79 8.50 7.25 6.22 6.16 6.22 6.11 5.98
9.13 8.93 8.68 8.86 8.91 9.16 9.48 9.87 10.30 10.60 10.73 10.90 11.38 11.95 12.17 11.96 11.34 10.42 9.43 8.65 8.22 8.10 8.27 8.68 9.26 10.11 10.70 11.26 11.59 11.71 11.67 11.43 10.96 10.33 9.80 9.68 9.73 9.76 9.66 9.33 8.80 8.39 8.30 8.41 8.52 8.68 8.76 8.61 7.99 7.13 6.48 6.25 6.16 6.49 7.17 7.97 8.62 8.91 8.95 8.98 9.15 9.34 9.17 8.86 8.55 8.47 8.51 8.49 8.31 8.26 8.24 8.51 9.65 10.94 11.51 11.15 10.13 9.13 9.18 9.24 9.09 8.96
9.06 8.92 8.82 9.02 9.46 10.09 10.77 11.29 11.64 11.89 12.05 12.15 12.19 12.05 11.59 10.83 9.94 9.07 8.40 8.10 8.33 8.71 9.07 9.35 9.71 10.12 10.34 10.57 10.82 10.96 10.98 10.96 10.87 10.59 10.02 9.68 9.56 9.33 8.94 8.55 8.34 8.51 8.75 8.96 9.14 9.35 9.40 9.39 9.19 8.80 8.24 7.58 6.86 6.98 7.66 8.40 8.96 9.30 9.45 9.51 9.50 9.48 9.24 8.97 8.75 8.57 8.39 8.24 8.16 8.26 8.38 8.73 9.72 10.92 12.00 12.58 12.67 12.36 12.22 12.17 11.98 11.66
9.16 9.09 9.00 9.21 9.77 10.48 11.09 11.51 11.74 11.87 11.98 11.99 11.76 11.16 10.29 9.39 8.61 8.03 7.68 7.71 8.38 9.11 9.59 9.84 9.98 9.92 9.49 9.03 8.84 8.88 9.09 9.53 10.02 10.25 9.94 9.53 9.17 8.71 8.29 8.27 8.77 9.44 9.71 9.75 9.74 9.77 9.73 9.81 9.99 10.29 10.36 10.10 9.52 9.02 8.93 8.97 9.15 9.50 9.88 10.05 10.02 9.97 9.77 9.60 9.43 9.24 9.06 9.02 9.15 9.13 9.06 9.15 9.54 10.13 11.08 12.24 13.07 13.39 13.41 13.25 12.75 12.13
9.15 9.10 8.96 9.05 9.39 9.80 10.03 10.20 10.35 10.53 10.70 10.70 10.40 9.79 9.01 8.23 7.62 7.41 7.48 7.80 8.40 8.91 9.32 9.50 9.41 9.01 8.34 7.75 7.28 7.08 7.33 7.88 8.58 9.11 9.37 9.29 8.98 8.70 8.73 9.24 9.87 10.14 10.12 10.03 9.94 9.83 9.69 9.55 9.70 10.04 10.43 10.72 10.71 10.21 9.39 8.92 9.02 9.45 9.89 10.21 10.40 10.54 10.45 10.30 10.10 9.94 9.84 9.83 9.81 9.53 9.30 9.24 9.23 9.45 10.08 10.96 11.71 12.18 12.41 12.43 12.08 11.41
9.12 9.10 9.06 9.06 9.02 8.85 8.70 8.60 8.70 8.99 9.24 9.20 8.83 8.22 7.52 7.05 7.14 7.70 8.53 9.17 9.37 9.43 9.47 9.43 9.08 8.28 7.28 6.55 6.04 5.77 5.84 6.14 6.57 7.23 7.92 8.46 8.87 9.25 9.69 10.05 10.15 10.05 9.86 9.78 9.75 9.64 9.44 9.14 8.90 8.76 8.88 9.33 9.81 9.79 9.18 8.79 8.92 9.34 9.77 10.21 10.65 10.93 10.90 10.75 10.54 10.30 10.05 9.74 9.37 8.89 8.80 8.88 8.97 9.17 9.55 9.84 10.03 10.12 10.38 10.93 11.31 11.26
9.37 9.54 9.75 9.59 9.15 8.61 8.18 7.93 7.97 8.19 8.22 7.87 7.24 6.51 5.96 6.09 7.09 8.54 9.67 10.25 10.45 10.41 10.22 10.00 9.70 9.18 8.12 6.93 6.12 5.75 5.56 5.56 5.81 6.26 6.93 7.80 8.69 9.32 9.50 9.40 9.24 9.19 9.20 9.26 9.33 9.31 9.17 8.78 8.16 7.60 7.36 7.45 7.85 8.40 8.56 8.58 8.74 9.13 9.58 10.07 10.55 10.88 10.85 10.73 10.56 10.36 10.05 9.58 9.03 8.52 8.39 8.49 8.67 8.80 8.96 9.24 9.23 9.01 8.82 9.21 9.99 10.73
9.73 10.01 10.21 9.97 9.46 8.87 8.40 8.14 7.96 7.61 6.97 6.17 5.46 5.00 4.83 5.13 6.26 7.84 9.04 9.90 10.39 10.58 10.53 10.44 10.46 10.46 10.13 9.26 8.46 8.13 7.97 7.73 7.74 7.86 8.12 8.56 8.98 9.10 8.87 8.61 8.44 8.44 8.68 8.90 9.09 9.14 9.07 8.78 8.20 7.57 7.08 6.52 6.19 6.44 7.03 7.74 8.39 8.92 9.36 9.81 10.23 10.39 10.37 10.26 10.27 10.33 10.31 10.04 9.55 8.92 8.49 8.39 8.41 8.50 8.79 9.14 9.21 8.97 8.33 7.91 8.08 8.71
9.64 9.73 9.72 9.54 9.24 8.82 8.41 8.01 7.40 6.48 5.37 4.65 4.46 4.68 4.97 5.26 5.79 6.55 7.46 8.45 9.12 9.56 9.96 10.37 10.67 10.95 11.34 11.58 11.54 11.42 11.23 11.03 10.80 10.41 10.07 9.78 9.45 9.13 8.85 8.63 8.47 8.45 8.73 8.96 9.11 9.16 9.23 9.28 9.05 8.49 7.74 6.69 5.67 5.54 6.24 7.36 8.38 9.01 9.41 9.76 9.91 9.84 9.76 9.85 10.05 10.32 10.56 10.56 10.20 9.44 8.88 8.65 8.56 8.51 8.56 8.74 9.07 9.14 8.66 7.81 7.06 6.69
9.22 9.00 8.85 8.88 8.77 8.49 8.10 7.33 6.50 5.76 5.31 5.18 5.47 6.18 7.32 8.23 8.07 7.67 7.53 7.62 7.96 8.54 9.43 10.18 10.48 10.74 11.32 11.99 12.48 12.71 12.61 12.39 12.05 11.49 10.85 10.24 9.68 9.29 8.97 8.72 8.71 8.92 9.16 9.18 9.09 9.04 9.24 9.59 9.66 9.17 8.24 7.18 6.63 6.84 7.54 8.23 8.75 9.13 9.46 9.60 9.41 9.23 9.39 9.75 10.03 10.25 10.52 10.77 10.73 10.29 9.64 9.24 8.89 8.42 7.98 7.98 8.55 9.05 8.98 8.35 7.43 6.76
9.01 8.75 8.54 8.60 8.65 8.56 8.19 7.57 6.99 6.77 7.09 7.73 8.50 9.64 10.92 11.79 12.04 11.35 10.21 9.51 9.34 9.63 10.22 10.43 10.38 10.34 10.45 10.68 11.06 11.50 11.71 11.71 11.61 11.32 10.94 10.45 9.93 9.50 9.05 8.77 8.97 9.41 9.60 9.30 8.92 8.74 8.95 9.45 9.86 9.79 9.26 8.78 8.69 8.95 9.07 8.92 8.79 8.96 9.19 9.16 8.96 8.95 9.24 9.55 9.72 9.80 9.99 10.35 10.72 10.83 10.36 9.76 9.14 8.47 7.94 7.83 8.25 8.86 9.11 8.95 8.70 8.63
9.11 8.93 8.74 8.79 8.97 9.18 9.29 9.23 9.13 9.29 9.98 10.99 12.10 13.02 13.54 13.75 13.93 13.76 13.25 12.69 12.24 11.92 11.54 10.94 10.48 10.18 9.91 9.65 9.43 9.42 9.63 9.88 10.02 10.15 10.25 10.29 10.14 9.77 9.34 9.13 9.25 9.30 9.12 8.81 8.57 8.58 8.87 9.48 10.27 10.90 11.08 10.91 10.66 10.34 9.71 9.03 8.84 9.00 9.07 9.00 8.93 8.99 9.02 9.02 9.02 8.99 9.04 9.40 9.95 10.39 10.34 9.92 9.38 8.85 8.43 8.24 8.40 8.81 9.16 9.28 9.37 9.53
9.30 9.27 9.21 9.25 9.44 9.76 10.16 10.58 11.10 11.74 12.52 13.32 13.85 13.93 13.65 13.23 12.96 13.12 13.26 13.15 12.85 12.39 11.75 11.01 10.47 10.14 9.88 9.71 9.40 8.90 8.51 8.44 8.51 8.72 9.06 9.49 9.76 9.73 9.50 9.17 8.76 8.26 7.89 7.97 8.43 8.85 9.29 9.89 10.70 11.63 12.18 12.22 11.92 11.44 10.74 10.09 9.84 9.70 9.49 9.27 9.09 8.88 8.68 8.58 8.56 8.47 8.39 8.55 8.96 9.47 9.80 9.75 9.44 9.07 8.79 8.61 8.57 8.77 9.07 9.18 9.12 9.06
9.49 9.58 9.59 9.61 9.76 10.01 10.38 10.98 11.89 12.77 13.32 13.40 13.06 12.41 11.68 11.08 10.75 10.82 10.96 11.12 11.18 11.08 10.86 10.55 10.31 10.04 9.80 9.79 9.81 9.65 9.34 9.09 9.08 9.12 9.11 9.12 9.24 9.39 9.28 8.83 8.23 7.82 7.88 8.39 9.05 9.50 9.87 10.28 10.78 11.44 12.02 12.31 12.37 12.33 12.18 11.76 11.29 10.71 10.09 9.57 9.13 8.73 8.53 8.46 8.39 8.28 8.19 8.23 8.50 8.92 9.30 9.42 9.28 9.07 8.89 8.74 8.66 8.80 9.05 9.11 8.99 8.91
