project/data/elevation/US_DEM2016/US_DEM2016_point_10-30-2019_0629_30m_vel.asc
ncols	125
nrows	167
xllcorner	-2042055.000000
yllcorner	1465035.000000
cellsize	30.000000
NODATA_value	-9999.000000
[rows 114 to 151 of 167, columns 0 to 83 of 125]
6.09 6.06 6.08 6.15 6.26 6.43 6.44 6.09 5.60 5.10 4.66 4.27 4.02 3.94 4.10 4.46 4.99 5.54 5.97 6.28 6.45 6.34 6.04 5.98 6.31 6.68 6.98 7.23 7.33 7.23 7.05 6.64 5.97 5.47 5.35 5.50 5.81 6.13 6.33 6.46 6.61 6.78 6.86 6.78 6.47 6.14 6.07 6.13 6.19 6.34 6.52 6.56 6.50 6.25 5.74 5.36 5.31 5.55 5.83 6.01 6.03 5.95 5.84 5.77 5.76 5.80 5.88 5.88 5.79 5.70 5.64 5.61 5.62 5.61 5.58 5.52 5.48 5.47 5.58 5.75 5.63 5.18 4.77 4.53
6.21 6.22 6.23 6.20 6.14 6.03 5.76 5.34 4.89 4.49 4.15 3.91 3.75 3.90 4.44 5.21 5.90 6.46 6.88 7.03 6.81 6.33 5.67 5.37 5.57 5.86 6.22 6.64 6.92 7.10 7.34 7.47 7.20 6.45 5.68 5.48 5.82 6.28 6.58 6.72 6.82 6.89 6.87 6.70 6.32 5.81 5.53 5.60 5.80 6.10 6.52 6.81 6.95 6.85 6.35 5.60 5.11 5.07 5.26 5.52 5.75 5.91 6.02 6.08 6.10 6.04 5.93 5.83 5.72 5.64 5.63 5.66 5.70 5.67 5.58 5.51 5.55 5.62 5.73 5.83 5.67 5.23 4.83 4.52
6.28 6.31 6.31 6.21 6.01 5.70 5.32 5.03 4.99 5.06 5.10 5.05 5.15 5.54 6.16 6.82 7.29 7.46 7.36 7.06 6.69 6.34 5.77 5.09 4.84 4.89 5.33 5.95 6.34 6.50 6.74 7.20 7.54 7.44 6.94 6.61 6.61 6.75 6.82 6.81 6.75 6.67 6.61 6.53 6.36 5.96 5.46 5.32 5.55 5.93 6.35 6.80 7.16 7.35 7.26 6.90 6.38 5.89 5.60 5.58 5.70 5.79 5.87 5.96 6.06 6.06 5.97 5.86 5.72 5.53 5.45 5.51 5.61 5.66 5.63 5.61 5.66 5.77 5.93 6.13 6.15 5.86 5.62 5.49
6.24 6.23 6.21 6.11 5.91 5.61 5.32 5.23 5.40 5.74 6.11 6.50 6.94 7.36 7.65 7.74 7.63 7.33 6.92 6.49 6.29 6.40 6.35 5.75 5.02 4.74 4.89 5.42 5.83 5.84 5.75 6.05 6.78 7.41 7.58 7.42 7.12 6.82 6.58 6.40 6.27 6.25 6.28 6.35 6.44 6.33 5.80 5.33 5.38 5.68 5.95 6.28 6.77 7.23 7.50 7.56 7.47 7.21 6.77 6.32 6.07 5.88 5.75 5.67 5.69 5.74 5.75 5.75 5.69 5.53 5.40 5.37 5.45 5.58 5.69 5.76 5.85 5.94 6.11 6.43 6.71 6.77 6.72 6.71
6.14 6.08 6.03 5.98 5.89 5.74 5.62 5.56 5.61 5.83 6.31 6.93 7.46 7.70 7.64 7.29 6.74 6.29 6.03 5.82 5.83 6.13 6.46 6.38 5.87 5.35 5.12 5.23 5.63 5.68 5.27 5.08 5.49 6.37 6.96 7.07 6.82 6.48 6.24 6.07 6.01 6.05 6.11 6.16 6.29 6.44 6.17 5.51 5.25 5.28 5.41 5.64 6.05 6.60 7.06 7.30 7.42 7.47 7.36 7.01 6.53 6.10 5.74 5.45 5.26 5.19 5.22 5.42 5.64 5.73 5.68 5.60 5.59 5.66 5.77 5.89 6.00 6.10 6.27 6.55 6.83 7.04 7.13 7.09
6.04 5.97 5.91 5.91 5.91 5.88 5.85 5.81 5.83 6.03 6.46 6.88 7.05 6.93 6.61 6.23 5.91 5.67 5.48 5.35 5.33 5.47 5.80 6.07 5.99 5.67 5.41 5.43 5.78 6.03 5.77 5.17 4.94 5.24 5.88 6.30 6.36 6.25 6.20 6.15 6.10 6.07 6.01 5.95 6.04 6.32 6.37 5.89 5.34 5.11 5.07 5.25 5.61 6.13 6.64 6.92 6.95 6.92 6.97 6.95 6.68 6.24 5.79 5.40 5.06 4.90 5.04 5.40 5.76 5.99 6.06 6.02 5.92 5.84 5.82 5.86 5.93 6.02 6.14 6.31 6.48 6.57 6.55 6.46
5.99 5.93 5.89 5.90 5.91 5.94 6.01 6.06 6.15 6.41 6.66 6.72 6.51 6.19 5.88 5.69 5.61 5.48 5.28 5.11 4.99 4.98 5.18 5.49 5.58 5.46 5.43 5.56 5.88 6.25 6.33 5.91 5.26 4.96 5.12 5.57 5.90 6.06 6.18 6.23 6.20 6.11 5.95 5.80 5.82 6.05 6.29 6.11 5.54 5.13 4.98 5.14 5.50 5.93 6.38 6.68 6.66 6.46 6.36 6.40 6.38 6.17 5.88 5.61 5.41 5.43 5.63 5.84 5.99 6.09 6.14 6.16 6.09 5.94 5.77 5.66 5.63 5.71 5.83 5.98 6.12 6.14 6.02 5.88
6.05 6.00 5.95 5.91 5.89 5.96 6.13 6.32 6.53 6.71 6.70 6.50 6.23 6.01 5.84 5.73 5.57 5.40 5.33 5.34 5.37 5.42 5.49 5.53 5.49 5.40 5.42 5.54 5.74 6.09 6.40 6.38 5.99 5.50 5.20 5.27 5.57 5.83 5.99 6.09 6.11 6.07 5.90 5.68 5.56 5.63 5.92 5.94 5.52 5.07 4.91 5.00 5.26 5.53 5.87 6.27 6.46 6.34 6.13 6.03 6.06 6.05 6.01 6.00 6.06 6.15 6.20 6.18 6.13 6.07 6.02 6.03 6.04 5.97 5.81 5.64 5.57 5.64 5.75 5.83 5.91 5.91 5.82 5.75
6.11 6.05 5.92 5.85 5.86 5.94 6.12 6.43 6.79 6.85 6.64 6.32 6.08 5.91 5.79 5.65 5.51 5.51 5.70 5.93 6.05 6.04 5.93 5.81 5.67 5.51 5.41 5.40 5.51 5.84 6.20 6.36 6.26 5.99 5.72 5.60 5.67 5.78 5.82 5.88 5.90 5.81 5.56 5.31 5.12 5.16 5.48 5.67 5.43 4.96 4.65 4.52 4.57 4.77 5.11 5.60 6.05 6.24 6.16 6.05 6.02 6.04 6.06 6.09 6.10 6.11 6.12 6.15 6.20 6.22 6.14 6.03 5.99 5.95 5.83 5.74 5.69 5.67 5.61 5.58 5.60 5.56 5.46 5.46
6.02 5.91 5.75 5.72 5.80 5.91 6.04 6.23 6.45 6.47 6.28 6.01 5.74 5.50 5.33 5.33 5.50 5.72 5.88 5.91 5.82 5.73 5.74 5.87 5.96 5.86 5.53 5.30 5.31 5.58 5.93 6.10 6.03 5.93 5.94 5.99 5.99 5.89 5.94 5.74 5.59 5.23 4.85 4.67 4.60 4.71 5.07 5.44 5.40 4.96 4.46 4.09 3.89 3.98 4.33 4.86 5.45 5.85 5.98 5.98 5.99 6.03 6.02 5.93 5.82 5.82 5.92 6.03 6.18 6.31 6.33 6.20 6.05 5.88 5.70 5.59 5.48 5.31 5.16 5.19 5.33 5.30 5.13 5.01
6.02 5.92 5.79 5.75 5.79 5.86 5.88 5.86 5.78 5.67 5.60 5.52 5.32 5.04 4.94 5.18 5.44 5.54 5.38 5.11 4.98 5.11 5.40 5.74 6.04 6.16 5.95 5.56 5.34 5.39 5.73 5.98 5.95 5.84 5.84 5.90 5.91 5.82 5.64 5.50 5.15 4.71 4.53 4.58 4.64 4.69 4.91 5.28 5.41 5.19 4.84 4.48 4.13 3.93 4.01 4.41 4.97 5.41 5.64 5.77 5.90 6.00 6.08 6.14 6.16 6.17 6.14 6.08 6.05 6.10 6.21 6.21 6.04 5.75 5.51 5.33 5.14 5.00 4.99 5.16 5.34 5.30 5.02 4.71
6.22 6.25 6.17 5.97 5.80 5.72 5.65 5.52 5.32 5.18 5.46 5.27 5.16 4.93 4.91 5.02 4.98 4.86 4.67 4.51 4.59 4.92 5.33 5.68 5.97 6.19 6.24 5.99 5.65 5.47 5.66 5.98 6.03 5.80 5.53 5.37 5.37 5.40 5.34 5.16 4.90 4.83 5.10 5.43 5.56 5.48 5.43 5.54 5.64 5.56 5.35 5.11 4.86 4.61 4.47 4.54 4.84 5.29 5.62 5.80 5.91 5.99 6.13 6.34 6.42 6.35 6.17 6.02 5.94 5.91 5.95 6.00 5.90 5.66 5.42 5.18 4.99 4.91 5.01 5.24 5.44 5.39 5.09 4.84
6.28 6.33 6.26 5.94 5.65 5.51 5.43 5.31 5.17 5.13 5.18 5.20 5.10 4.92 4.72 4.50 4.32 4.32 4.42 4.57 4.83 5.16 5.46 5.71 5.87 6.00 6.12 6.11 5.89 5.65 5.66 5.95 6.07 5.79 5.31 5.05 5.07 5.21 5.27 5.22 5.26 5.58 5.97 6.22 6.36 6.41 6.36 6.27 6.14 5.92 5.61 5.29 5.10 5.03 4.95 4.88 4.99 5.38 5.74 5.89 5.86 5.87 5.95 6.00 5.91 5.78 5.70 5.76 5.91 6.00 5.96 5.89 5.77 5.61 5.42 5.17 4.88 4.64 4.60 4.87 5.31 5.55 5.49 5.35
5.99 5.87 5.63 5.44 5.32 5.30 5.31 5.23 5.14 5.07 5.37 4.84 4.84 4.79 4.56 4.33 4.31 4.52 4.88 5.35 5.70 5.83 5.77 5.63 5.50 5.54 5.67 5.77 5.73 5.62 5.65 5.91 6.16 6.06 5.67 5.40 5.42 5.53 5.60 5.66 5.82 6.02 6.14 6.25 6.46 6.74 6.95 7.00 6.85 6.50 6.11 5.73 5.41 5.23 5.15 5.09 5.14 5.39 5.68 5.80 5.72 5.67 5.63 5.50 5.37 5.37 5.49 5.71 5.95 6.10 6.07 5.89 5.72 5.56 5.44 5.34 5.16 4.83 4.53 4.58 5.12 5.69 5.89 5.76
5.69 5.35 4.98 4.95 5.03 5.17 5.26 5.23 5.09 5.57 4.71 4.61 4.77 4.98 5.06 5.09 5.28 5.62 6.04 6.40 6.55 6.41 6.02 5.58 5.27 5.22 5.29 5.36 5.41 5.42 5.49 5.75 6.14 6.33 6.23 6.07 5.99 5.92 5.85 5.83 5.81 5.78 5.89 6.13 6.46 6.81 7.14 7.41 7.52 7.34 6.95 6.55 6.14 5.76 5.49 5.31 5.21 5.23 5.44 5.66 5.61 5.55 5.46 5.34 5.32 5.48 5.68 5.81 5.84 5.85 5.82 5.75 5.64 5.52 5.42 5.44 5.56 5.59 5.35 5.13 5.30 5.68 5.87 5.75
5.89 5.55 5.17 5.18 5.29 5.34 5.33 5.27 5.15 5.58 4.87 4.91 5.16 5.53 5.88 6.18 6.48 6.70 6.76 6.70 6.51 6.23 5.94 5.68 5.40 5.26 5.23 5.28 5.34 5.37 5.39 5.54 5.94 6.30 6.36 6.21 6.02 5.87 5.77 5.66 5.55 5.58 5.82 6.13 6.48 6.80 7.05 7.30 7.57 7.63 7.35 6.88 6.43 6.09 5.84 5.62 5.37 5.18 5.25 5.50 5.61 5.59 5.55 5.53 5.58 5.73 5.77 5.65 5.46 5.35 5.38 5.47 5.52 5.55 5.52 5.42 5.44 5.70 5.92 5.92 5.81 5.77 5.74 5.72
6.25 6.11 5.97 6.04 6.06 5.85 5.53 5.36 5.31 5.25 5.21 5.31 5.59 5.98 6.32 6.57 6.69 6.64 6.45 6.12 5.71 5.40 5.40 5.50 5.44 5.37 5.40 5.53 5.65 5.68 5.62 5.63 5.89 6.23 6.30 6.02 5.71 5.59 5.61 5.63 5.66 5.78 6.02 6.24 6.41 6.51 6.55 6.63 6.87 7.12 7.08 6.77 6.47 6.25 6.07 5.89 5.68 5.49 5.37 5.48 5.67 5.73 5.73 5.76 5.81 5.80 5.63 5.37 5.18 5.16 5.26 5.40 5.50 5.59 5.73 5.68 5.47 5.37 5.58 5.93 6.12 6.21 6.32 6.52
6.37 6.37 6.40 6.44 6.40 6.20 5.84 5.52 5.41 5.42 5.44 5.53 5.72 5.98 6.17 6.20 6.07 5.89 5.67 5.32 4.92 4.74 4.87 5.19 5.36 5.44 5.58 5.78 5.95 6.05 6.11 6.18 6.31 6.50 6.59 6.37 5.97 5.71 5.67 5.82 6.04 6.28 6.42 6.38 6.25 6.04 5.84 5.82 6.08 6.52 6.78 6.74 6.62 6.44 6.23 6.05 5.93 5.84 5.70 5.68 5.75 5.83 5.90 5.94 5.89 5.69 5.42 5.22 5.21 5.31 5.45 5.59 5.65 5.65 5.72 5.83 5.84 5.65 5.49 5.68 6.18 6.71 7.16 7.45
6.34 6.38 6.39 6.33 6.29 6.32 6.22 5.90 5.65 5.59 5.57 5.53 5.54 5.58 5.61 5.63 5.59 5.40 5.13 4.89 4.75 4.77 4.99 5.26 5.42 5.51 5.63 5.80 5.97 6.15 6.37 6.59 6.77 6.92 7.05 6.99 6.63 6.19 5.91 5.98 6.24 6.44 6.43 6.26 5.99 5.67 5.41 5.36 5.64 6.18 6.65 6.80 6.73 6.56 6.36 6.20 6.09 6.02 5.93 5.83 5.82 5.89 5.96 5.97 5.88 5.63 5.32 5.20 5.31 5.50 5.65 5.73 5.79 5.79 5.70 5.68 5.87 6.10 6.15 6.18 6.46 6.86 7.17 7.26
6.36 6.49 6.62 6.58 6.49 6.47 6.51 6.44 6.19 5.93 5.71 5.47 5.24 5.13 5.21 5.38 5.43 5.30 5.19 5.23 5.39 5.52 5.57 5.62 5.65 5.64 5.67 5.77 5.94 6.09 6.26 6.45 6.68 6.95 7.23 7.39 7.30 6.93 6.43 6.17 6.17 6.18 6.14 6.06 5.84 5.57 5.38 5.37 5.58 6.04 6.55 6.85 6.92 6.78 6.58 6.38 6.20 6.08 5.95 5.84 5.79 5.79 5.82 5.83 5.82 5.69 5.50 5.44 5.53 5.70 5.83 5.85 5.80 5.79 5.79 5.80 5.89 6.19 6.61 6.84 6.85 6.68 6.47 6.38
6.43 6.69 7.03 7.05 6.85 6.58 6.55 6.64 6.56 6.20 5.78 5.44 5.16 5.04 5.13 5.26 5.30 5.37 5.55 5.84 6.06 6.09 6.00 5.94 5.92 5.86 5.81 5.83 5.94 6.09 6.16 6.19 6.29 6.62 7.11 7.56 7.81 7.74 7.31 6.68 6.28 6.07 6.02 5.92 5.71 5.53 5.47 5.56 5.75 6.10 6.51 6.89 7.12 7.07 6.84 6.56 6.31 6.10 5.92 5.84 5.79 6.02 5.68 5.69 5.76 5.78 5.77 5.84 5.93 6.02 6.09 6.07 5.93 5.78 5.80 6.02 6.25 6.51 6.93 7.26 7.15 6.66 6.10 5.78
6.34 6.53 6.86 7.00 6.93 6.63 6.42 6.37 6.34 6.12 5.77 5.49 5.32 5.23 5.16 5.06 5.13 5.43 5.79 6.02 6.10 6.09 6.06 6.07 6.08 6.01 5.88 5.81 5.85 5.99 6.13 6.16 6.20 6.43 6.86 7.32 7.71 7.94 7.88 7.41 6.68 6.12 5.74 5.51 5.37 5.37 5.49 5.66 5.87 6.16 6.50 6.85 7.15 7.21 7.04 6.74 6.43 6.17 5.96 5.91 5.91 5.87 5.78 5.72 5.79 5.91 6.00 6.12 6.25 6.34 6.38 6.40 6.31 6.14 6.02 6.16 6.61 7.14 7.54 7.65 7.50 7.10 6.46 5.89
6.05 5.99 5.95 6.13 6.33 6.31 6.11 5.98 6.01 6.03 5.95 5.88 5.84 5.73 5.45 5.15 5.12 5.35 5.56 5.67 5.80 5.94 6.04 6.12 6.15 6.06 5.85 5.67 5.64 5.75 5.90 6.07 6.21 6.33 6.45 6.64 6.91 7.24 7.47 7.36 6.74 5.97 5.34 5.04 5.07 5.22 5.42 5.59 5.86 6.18 6.44 6.67 6.93 7.11 7.10 6.89 6.58 6.28 6.04 5.99 6.05 6.07 5.98 5.87 5.85 5.97 6.12 6.25 6.40 6.56 6.73 6.89 6.95 6.92 6.82 6.83 7.11 7.52 7.73 7.70 7.67 7.63 7.27 6.65
5.78 5.50 5.02 4.83 4.98 5.25 5.44 5.61 5.89 6.21 6.43 6.56 6.59 6.40 5.97 5.51 5.24 5.15 5.12 5.20 5.48 5.80 6.00 6.11 6.17 6.14 5.95 5.66 5.45 5.42 5.46 5.59 5.74 5.85 5.83 5.84 5.96 6.15 6.33 6.36 6.13 5.66 5.21 4.99 5.08 5.26 5.40 5.61 5.94 6.22 6.35 6.47 6.66 6.89 7.02 6.95 6.72 6.46 6.21 6.15 6.19 6.21 6.15 6.03 5.93 5.97 6.15 6.34 6.51 6.72 7.03 7.39 7.71 7.96 8.10 8.08 7.97 7.82 7.59 7.44 7.63 8.02 8.19 7.93
5.66 5.26 4.55 4.21 4.16 4.40 4.82 5.25 5.69 6.18 6.56 6.71 6.65 6.42 6.08 5.69 5.36 5.14 5.10 5.25 5.50 5.73 5.88 6.03 6.17 6.26 6.22 5.95 5.54 5.28 5.16 5.09 5.10 5.16 5.21 5.20 5.22 5.30 5.39 5.48 5.53 5.46 5.33 5.29 5.44 5.65 5.84 6.09 6.30 6.34 6.32 6.39 6.54 6.73 6.90 6.96 6.90 6.81 6.73 6.66 6.55 6.41 6.28 6.17 6.11 6.12 6.22 6.40 6.62 6.90 7.29 7.74 8.24 8.62 8.83 8.76 8.44 7.96 7.47 7.32 7.64 8.23 8.76 8.97
5.80 5.39 4.72 4.47 4.49 4.67 4.94 5.17 5.39 5.71 6.07 6.21 6.09 5.90 5.77 5.63 5.45 5.34 5.39 5.58 5.75 5.87 5.92 6.01 6.15 6.29 6.40 6.37 6.10 5.66 5.32 5.09 4.97 4.91 4.87 4.81 4.74 4.78 4.93 5.14 5.31 5.43 5.55 5.75 5.99 6.24 6.50 6.63 6.56 6.40 6.32 6.38 6.51 6.65 6.79 6.92 7.03 7.12 7.17 7.08 6.80 6.48 6.26 6.21 6.28 6.35 6.36 6.44 6.67 7.05 7.47 7.84 8.13 8.31 8.37 8.26 7.98 7.59 7.25 7.21 7.46 7.95 8.57 9.05
6.25 5.98 5.66 5.64 5.70 5.69 5.57 5.42 5.36 5.42 5.53 5.62 5.57 5.50 5.50 5.52 5.53 5.52 5.59 5.77 5.93 6.07 6.08 6.07 6.10 6.21 6.38 6.52 6.51 6.24 5.77 5.39 5.11 4.86 4.69 4.61 4.55 4.59 4.79 5.06 5.31 5.57 5.86 6.15 6.37 6.53 6.64 6.58 6.40 6.24 6.20 6.25 6.35 6.45 6.58 6.72 6.87 6.95 6.91 6.70 6.42 6.22 6.12 6.13 6.24 6.36 6.41 6.43 6.58 6.92 7.26 7.41 7.37 7.24 7.12 7.04 6.99 6.92 6.86 6.86 6.91 7.16 7.73 8.29
6.59 6.58 6.66 6.82 6.92 6.80 6.37 6.03 5.82 5.62 5.39 5.23 5.23 5.32 5.42 5.54 5.62 5.67 5.79 5.97 6.12 6.21 6.15 6.07 6.03 6.07 6.21 6.38 6.49 6.42 6.11 5.68 5.28 4.92 4.67 4.63 4.68 4.75 4.88 5.12 5.49 5.93 6.32 6.51 6.55 6.50 6.41 6.24 6.06 5.98 5.99 6.00 6.02 6.13 6.29 6.41 6.46 6.44 6.29 6.03 5.91 5.92 5.97 6.03 6.08 6.17 6.27 6.34 6.42 6.54 6.65 6.55 6.34 6.15 6.05 6.08 6.25 6.45 6.52 6.50 6.48 6.59 6.93 7.34
6.53 6.66 6.85 6.95 7.08 7.18 7.13 6.87 6.48 6.01 5.55 5.25 5.19 5.32 5.53 5.71 5.83 5.94 6.06 6.14 6.15 6.09 5.96 5.88 5.87 5.90 5.99 6.11 6.20 6.22 6.10 5.82 5.49 5.17 4.95 4.89 4.96 5.03 5.14 5.43 5.95 6.44 6.67 6.67 6.52 6.35 6.21 6.05 5.90 5.84 5.84 5.82 5.79 5.94 6.12 6.18 6.08 5.91 5.73 5.59 5.58 5.69 5.81 5.87 5.87 5.92 6.04 6.20 6.33 6.37 6.25 6.01 5.84 5.79 5.82 5.96 6.24 6.48 6.54 6.47 6.47 6.53 6.64 6.88
6.33 6.45 6.58 6.54 6.51 6.61 6.89 6.93 6.66 6.21 5.80 5.54 5.45 5.54 5.73 5.94 6.10 6.21 6.22 6.10 5.89 5.71 5.64 5.68 5.74 5.79 5.80 5.79 5.86 5.96 5.98 5.87 5.69 5.50 5.34 5.31 5.38 5.45 5.61 6.00 6.41 6.56 6.48 6.32 6.19 6.12 6.09 6.01 5.89 5.80 5.80 5.81 5.84 5.94 6.05 6.10 5.94 5.59 5.31 5.23 5.29 5.46 5.61 5.65 5.66 5.76 5.92 6.09 6.24 6.32 6.25 6.11 6.01 5.98 6.01 6.20 6.53 6.81 6.90 6.81 6.70 6.64 6.66 6.90
6.22 6.32 6.48 6.46 6.23 5.92 5.90 6.08 6.19 6.11 5.92 5.75 5.69 5.73 5.85 6.02 6.18 6.20 6.06 5.79 5.53 5.37 5.38 5.56 5.74 5.85 5.86 5.81 5.87 5.99 6.03 5.95 5.82 5.70 5.66 5.72 5.89 6.05 6.20 6.33 6.32 6.13 5.95 5.85 5.87 5.97 6.06 6.04 5.90 5.79 5.78 5.84 5.86 5.90 6.01 6.14 6.17 5.96 5.62 5.39 5.33 5.37 5.45 5.52 5.61 5.75 5.91 6.04 6.08 6.08 6.15 6.24 6.21 6.11 6.09 6.30 6.71 7.06 7.22 7.15 6.91 6.73 6.70 6.92
6.20 6.25 6.30 6.25 6.03 5.56 5.19 5.16 5.40 5.63 5.71 5.70 5.71 5.75 5.80 5.87 5.90 5.78 5.52 5.26 5.07 5.02 5.14 5.45 5.78 6.03 6.16 6.18 6.22 6.24 6.21 6.06 5.89 5.80 5.81 5.93 6.15 6.33 6.31 6.11 5.83 5.67 5.66 5.76 5.86 5.95 6.00 6.00 5.90 5.78 5.75 5.74 5.69 5.75 5.96 6.25 6.51 6.59 6.40 6.15 5.88 5.59 5.47 5.51 5.62 5.77 5.93 6.03 6.03 6.02 6.12 6.28 6.31 6.29 6.40 6.69 7.00 7.15 7.21 7.16 6.94 6.75 6.71 6.75
6.17 6.11 5.83 5.38 5.09 4.87 4.72 4.72 4.89 5.14 5.38 5.55 5.65 5.70 5.72 5.68 5.54 5.35 5.16 5.04 5.00 5.07 5.27 5.57 5.82 6.05 6.25 6.33 6.30 6.25 6.23 6.14 5.99 5.89 5.89 5.97 6.09 6.16 6.08 5.86 5.63 5.55 5.67 5.86 5.96 5.93 5.85 5.79 5.78 5.75 5.68 5.58 5.56 5.71 5.98 6.28 6.61 6.88 6.96 6.86 6.56 6.05 5.67 5.60 5.67 5.81 5.97 6.13 6.26 6.38 6.44 6.45 6.53 6.74 7.06 7.26 7.24 7.07 7.01 7.05 6.92 6.78 6.70 6.52
6.01 5.91 5.62 4.96 4.40 4.34 4.51 4.68 4.86 5.12 5.38 5.55 5.61 5.65 5.70 5.66 5.56 5.54 5.63 5.72 5.73 5.76 5.81 5.80 5.77 5.80 5.96 6.03 5.88 5.77 5.91 6.04 6.03 5.97 5.97 6.01 6.07 6.14 6.17 6.12 5.89 5.68 5.68 5.83 5.89 5.83 5.69 5.57 5.53 5.52 5.46 5.47 5.58 5.78 6.00 6.24 6.53 6.82 7.03 7.09 6.97 6.61 6.13 5.91 5.89 5.94 6.02 6.18 6.37 6.48 6.47 6.45 6.65 7.02 7.32 7.28 7.02 6.71 6.65 6.85 6.93 6.79 6.58 6.34
5.93 5.92 5.97 5.71 5.22 4.93 4.86 4.84 4.89 5.13 5.40 5.53 5.58 5.64 5.73 5.81 5.91 6.09 6.26 6.29 6.14 5.96 5.87 5.77 5.62 5.50 5.49 5.46 5.28 5.16 5.34 5.65 5.90 6.02 6.07 6.13 6.23 6.40 6.54 6.54 6.29 5.90 5.63 5.58 5.62 5.63 5.56 5.45 5.35 5.27 5.29 5.45 5.66 5.81 5.92 6.11 6.38 6.65 6.85 6.97 7.06 7.01 6.72 6.36 6.13 6.02 5.98 6.00 6.04 6.05 6.10 6.36 6.77 7.07 7.02 6.71 6.39 6.17 6.12 6.33 6.56 6.48 6.16 6.01
6.03 6.11 6.36 6.36 6.02 5.68 5.39 5.18 5.08 5.12 5.22 5.35 5.50 5.66 5.83 6.01 6.21 6.32 6.26 6.08 5.88 5.71 5.64 5.67 5.61 5.37 5.12 4.97 4.90 4.89 5.01 5.33 5.73 6.03 6.19 6.30 6.43 6.56 6.64 6.62 6.47 6.10 5.65 5.36 5.30 5.42 5.52 5.44 5.30 5.27 5.36 5.53 5.68 5.73 5.77 5.90 6.14 6.42 6.62 6.76 6.89 6.99 6.87 6.49 6.13 5.93 5.84 5.77 5.72 5.78 6.04 6.49 6.83 6.75 6.37 6.01 5.87 5.80 5.72 5.74 5.95 6.02 5.71 5.47
6.12 6.22 6.46 6.57 6.31 5.99 5.92 5.91 5.82 5.54 5.29 5.25 5.43 5.67 5.91 6.13 6.28 6.28 6.20 6.18 6.26 6.27 6.16 6.03 5.85 5.54 5.22 5.07 5.10 5.15 5.21 5.37 5.67 5.97 6.21 6.38 6.45 6.42 6.36 6.35 6.36 6.22 5.83 5.41 5.24 5.34 5.48 5.46 5.40 5.44 5.55 5.64 5.66 5.64 5.63 5.70 5.86 6.07 6.30 6.48 6.62 6.73 6.70 6.41 5.99 5.74 5.66 5.65 5.71 5.90 6.22 6.48 6.38 5.98 5.64 5.54 5.61 5.68 5.64 5.58 5.68 5.80 5.59 5.28
6.07 6.10 6.33 6.70 6.80 6.63 6.51 6.38 6.06 5.60 5.21 5.19 5.42 5.66 5.85 6.02 6.14 6.28 6.56 6.94 7.26 7.31 7.09 6.75 6.37 6.04 5.80 5.73 5.76 5.77 5.69 5.64 5.70 5.86 6.02 6.09 6.06 6.03 6.03 6.10 6.23 6.28 6.11 5.78 5.53 5.44 5.41 5.46 5.52 5.58 5.66 5.74 5.74 5.68 5.62 5.62 5.68 5.79 5.98 6.23 6.41 6.51 6.51 6.28 5.81 5.51 5.50 5.62 5.77 5.93 6.05 5.98 5.66 5.38 5.26 5.30 5.44 5.60 5.66 5.63 5.64 5.68 5.54 5.28
