project/data/elevation/US_DEM2016/US_DEM2016_point_10-30-2019_2144_30m_vel.asc
ncols	125
nrows	167
xllcorner	-2042055.000000
yllcorner	1465035.000000
cellsize	30.000000
NODATA_value	-9999.000000
[rows 0 to 36 of 167, columns 0 to 82 of 125]
7.42 6.47 5.40 5.86 7.36 9.32 11.14 12.37 12.79 12.95 13.25 13.93 14.41 13.92 13.21 12.93 12.67 12.37 12.00 11.78 11.64 11.66 11.88 12.23 12.48 12.38 11.98 10.90 9.48 8.03 6.74 5.66 4.86 4.24 3.79 3.72 4.23 5.25 6.36 7.10 7.51 7.79 8.00 8.04 7.69 7.06 6.48 6.55 7.19 8.08 8.83 9.56 10.18 10.84 11.15 11.33 11.13 10.13 9.14 8.43 8.04 8.03 8.43 9.27 9.86 10.04 9.83 9.06 7.78 6.92 6.64 6.80 7.19 7.64 8.02 8.27 8.53 9.11 9.88 10.39 10.81 11.06 10.55
7.42 6.47 5.40 5.86 7.36 9.32 11.14 12.37 12.79 12.95 13.25 13.93 14.41 13.92 13.21 12.93 12.67 12.37 12.00 11.78 11.64 11.66 11.88 12.23 12.48 12.38 11.98 10.90 9.48 8.03 6.74 5.66 4.86 4.24 3.79 3.72 4.23 5.25 6.36 7.10 7.51 7.79 8.00 8.04 7.69 7.06 6.48 6.55 7.19 8.08 8.83 9.56 10.18 10.84 11.15 11.33 11.13 10.13 9.14 8.43 8.04 8.03 8.43 9.27 9.86 10.04 9.83 9.06 7.78 6.92 6.64 6.80 7.19 7.64 8.02 8.27 8.53 9.11 9.88 10.39 10.81 11.06 10.55
7.57 6.68 5.71 5.99 6.99 8.48 9.98 11.05 11.63 11.91 12.31 12.93 13.19 12.94 12.45 12.30 12.27 12.20 11.88 11.42 11.27 11.26 11.41 11.63 11.76 11.60 10.97 9.91 8.74 7.61 6.62 5.76 5.07 4.54 4.13 3.98 4.24 4.83 5.60 6.30 6.73 7.03 7.29 7.59 7.80 7.78 7.61 7.54 7.87 8.38 8.86 9.32 9.77 10.13 10.34 10.50 10.59 10.34 9.69 8.83 8.12 7.75 7.97 8.45 8.85 9.08 9.21 9.13 8.77 8.13 7.71 7.54 7.51 7.54 7.60 7.74 8.02 8.52 9.02 9.41 9.71 10.00 10.05
8.41 7.45 6.50 6.54 6.94 7.56 8.28 8.75 9.00 9.42 10.17 10.67 10.75 10.55 10.53 10.66 10.84 11.15 11.13 10.85 10.76 10.68 10.56 10.38 10.23 9.95 9.37 8.67 7.96 7.34 6.81 6.31 5.90 5.67 5.42 5.12 4.86 4.76 4.85 5.26 6.02 6.66 7.15 7.66 8.25 8.75 9.04 9.03 8.95 8.91 8.94 8.89 8.91 8.79 8.69 8.51 8.66 9.14 9.44 9.36 8.90 8.28 7.78 7.44 7.12 7.11 7.58 8.31 8.85 9.03 8.90 8.48 7.95 7.41 7.04 6.96 7.15 7.41 7.45 7.40 7.72 8.42 9.15
9.00 8.11 7.26 7.14 7.19 7.33 7.41 7.43 7.30 7.45 7.99 8.54 8.76 8.71 8.80 9.02 9.21 9.54 10.08 10.53 10.68 10.33 9.86 9.30 8.81 8.56 8.46 8.28 8.04 7.83 7.63 7.46 7.37 7.29 7.09 6.68 6.16 5.73 5.42 5.53 6.24 7.07 7.83 8.45 8.77 9.07 9.36 9.57 9.56 9.34 9.11 8.82 8.43 7.93 7.44 6.64 6.23 6.46 7.31 8.34 8.85 8.76 8.19 7.25 6.44 5.93 5.85 6.24 6.88 7.40 7.64 7.56 7.28 6.91 6.60 6.48 6.50 6.51 6.39 6.29 6.65 7.50 8.37
9.03 8.35 7.71 7.63 7.49 7.35 7.11 6.67 6.37 6.29 6.46 7.00 7.54 7.81 8.18 8.63 8.90 8.97 9.45 10.07 10.22 9.73 9.08 8.35 7.85 7.86 8.09 8.25 8.36 8.48 8.60 8.67 8.62 8.39 8.07 7.67 7.24 6.82 6.41 6.17 6.24 6.60 7.30 8.14 8.62 8.87 9.09 9.39 9.45 9.32 9.12 8.93 8.66 7.90 6.92 6.03 5.66 5.69 6.04 6.61 7.31 7.77 7.63 6.91 6.14 5.54 5.18 5.03 5.07 5.26 5.52 5.74 5.86 5.92 5.93 5.92 5.92 5.91 5.92 6.02 6.33 6.87 7.33
9.07 8.67 8.24 8.21 7.96 7.50 6.91 6.15 5.65 5.49 5.51 5.91 6.58 7.32 8.05 8.66 9.21 9.26 9.09 9.04 8.98 8.69 8.25 7.80 7.64 7.78 8.01 8.17 8.36 8.71 9.07 9.28 9.15 8.92 8.67 8.46 8.24 7.93 7.44 6.81 6.31 6.16 6.37 6.91 7.48 7.72 7.88 8.10 8.41 8.57 8.73 8.90 8.89 8.72 8.22 7.61 7.45 7.32 7.05 6.69 6.42 6.40 6.41 6.19 5.79 5.38 5.05 4.86 4.80 4.81 4.90 5.06 5.24 5.37 5.44 5.42 5.34 5.35 5.54 5.82 6.12 6.41 6.46
9.03 9.01 9.07 8.95 8.58 7.69 6.73 5.83 5.36 5.32 5.25 5.25 5.87 6.84 7.63 8.13 8.77 8.96 8.46 7.87 7.58 7.53 7.57 7.66 7.74 7.89 8.07 8.14 8.23 8.57 9.05 9.39 9.50 9.62 9.81 10.07 10.10 9.79 9.16 8.32 7.34 6.51 6.08 5.89 5.89 6.13 6.32 6.58 7.14 7.87 8.35 8.75 9.09 9.57 9.84 9.80 9.37 8.84 8.16 7.33 6.49 5.94 5.82 5.81 5.67 5.37 5.08 5.00 5.09 5.16 5.18 5.22 5.28 5.33 5.35 5.33 5.25 5.25 5.44 5.64 5.80 5.93 5.82
9.20 9.44 9.92 9.75 9.17 8.23 7.12 6.32 6.01 5.81 5.57 5.45 5.82 6.50 6.93 7.14 7.62 7.96 7.69 7.15 6.84 6.76 6.89 7.22 7.48 7.74 8.13 8.48 8.58 8.65 9.04 9.58 10.17 10.91 11.70 12.26 12.37 12.04 11.45 10.61 9.49 8.18 6.98 6.16 5.78 5.85 6.38 6.89 7.53 8.02 8.21 8.18 8.28 8.71 9.22 9.41 9.08 8.44 7.69 6.99 6.41 6.02 5.87 5.94 5.98 5.86 5.63 5.50 5.45 5.43 5.43 5.43 5.48 5.62 5.85 6.06 6.21 6.36 6.37 6.19 5.96 5.74 5.55
9.18 9.76 10.42 10.27 9.68 8.99 8.05 7.53 7.43 7.30 6.83 6.41 6.39 6.48 6.38 6.27 6.53 7.04 7.28 7.14 6.88 6.55 6.45 6.73 7.14 7.52 7.98 8.51 8.90 9.15 9.58 10.21 11.02 11.82 12.42 12.69 12.71 12.62 12.49 12.20 11.58 10.55 9.28 8.01 7.08 7.00 7.35 7.90 8.34 8.36 8.04 7.26 6.68 6.15 6.37 6.93 7.19 6.98 6.66 6.36 6.13 5.98 5.89 6.04 6.52 6.82 6.84 6.63 6.13 5.69 5.66 5.89 6.25 6.73 7.20 7.60 7.97 8.28 8.28 7.92 7.35 6.90 6.62
9.17 9.54 10.35 10.56 10.25 9.92 9.60 9.58 9.59 9.33 8.77 8.06 7.37 6.76 6.20 5.74 5.91 6.69 7.40 7.66 7.49 7.08 6.83 6.93 7.27 7.60 7.85 8.25 9.00 9.83 10.46 10.95 11.27 11.32 11.03 10.61 10.64 11.17 11.76 12.17 12.26 11.88 11.06 9.85 8.66 7.99 7.82 8.15 8.43 8.28 7.63 6.78 5.94 5.23 4.94 5.07 5.53 5.92 6.10 6.13 6.07 6.01 6.04 6.31 7.00 7.74 8.05 7.78 7.10 6.35 6.30 6.84 7.53 8.13 8.69 9.16 9.53 9.67 9.53 9.18 8.79 8.44 8.11
8.63 8.66 9.49 10.49 11.04 11.29 11.48 11.66 11.72 11.28 10.60 9.82 8.87 7.65 6.55 6.01 6.09 6.85 7.69 8.11 8.07 7.81 7.55 7.48 7.65 7.97 8.30 8.78 9.54 10.29 10.59 10.56 10.15 9.44 8.56 8.03 8.24 8.97 9.75 10.43 11.03 11.47 11.52 11.02 10.04 8.94 8.36 8.29 8.14 7.74 7.00 6.60 6.22 5.59 4.97 4.65 4.89 5.49 5.99 6.22 6.31 6.45 6.73 7.09 7.64 8.19 8.54 8.51 8.08 7.60 7.41 7.83 8.36 8.95 9.43 9.68 9.59 9.20 8.50 7.95 7.62 7.44 7.35
7.84 7.53 7.95 9.50 10.83 11.64 12.03 12.13 12.18 11.94 11.48 10.91 10.19 9.00 7.78 7.08 6.93 7.16 7.54 7.83 7.93 7.90 7.76 7.68 7.84 8.22 8.70 9.13 9.38 9.37 9.08 8.43 7.53 6.67 6.26 6.42 6.82 7.10 7.27 7.81 8.61 9.52 10.41 10.93 10.78 9.95 9.05 8.52 7.79 6.79 6.09 5.92 5.63 5.22 4.84 4.70 4.95 5.52 6.16 6.63 6.95 7.24 7.59 7.88 8.07 8.19 8.45 8.83 8.96 8.79 8.64 8.75 9.13 9.44 9.38 8.85 7.93 6.81 5.91 5.30 4.91 4.85 5.13
8.12 7.77 7.64 8.15 9.10 10.01 10.43 10.50 10.44 10.47 10.57 10.58 10.47 10.02 9.28 8.45 7.85 7.44 7.16 6.99 7.06 7.26 7.37 7.40 7.54 7.72 7.86 7.77 7.33 6.73 6.10 5.33 4.67 4.36 4.52 5.01 5.20 5.12 5.16 5.55 6.13 6.92 7.90 8.97 9.80 9.88 9.38 8.68 7.84 6.70 5.79 5.08 4.70 4.65 4.74 4.99 5.38 5.88 6.50 7.21 7.75 8.05 8.21 8.34 8.43 8.50 8.77 9.27 9.63 9.62 9.52 9.59 9.63 9.25 8.31 6.96 5.66 4.98 4.79 4.72 4.66 4.68 4.87
8.70 8.79 8.29 7.62 7.13 7.17 7.30 7.18 7.01 7.28 7.83 8.49 9.00 9.42 9.52 9.18 8.51 7.75 7.04 6.43 6.22 6.53 6.82 6.87 6.73 6.44 6.04 5.49 4.87 4.34 4.00 3.92 4.03 4.17 4.21 4.08 3.91 4.03 4.27 4.45 4.62 4.92 5.46 6.39 7.70 9.06 9.32 9.01 8.35 7.48 6.30 5.32 4.96 5.12 5.50 5.84 6.06 6.34 6.85 7.64 8.47 8.90 9.11 9.23 9.38 9.62 9.87 10.12 10.32 10.31 10.17 10.00 9.37 8.08 6.68 5.67 5.24 5.16 5.37 5.75 6.06 6.24 6.24
8.64 8.67 8.25 7.32 5.85 4.81 4.24 3.97 4.00 4.20 4.65 5.24 6.06 7.02 8.07 8.67 8.62 8.01 7.19 6.44 6.15 6.37 6.59 6.48 6.06 5.50 4.96 4.63 4.44 4.21 4.09 4.35 4.93 5.34 5.28 5.00 4.75 4.76 4.98 5.16 5.17 5.20 5.51 6.35 7.59 9.01 9.52 9.37 8.73 7.78 6.91 6.37 6.21 6.46 6.77 6.93 6.89 6.94 7.41 8.35 9.30 10.09 10.56 10.73 10.85 11.12 11.34 11.48 11.59 11.50 11.06 10.15 8.66 7.27 6.55 6.37 6.43 6.39 6.46 6.78 7.23 7.50 7.52
8.00 7.57 7.10 6.59 5.26 4.03 3.33 3.18 3.32 3.69 4.08 4.42 4.90 5.72 6.70 7.63 8.13 8.04 7.53 7.04 6.83 6.79 6.71 6.45 6.07 5.67 5.42 5.44 5.56 5.53 5.30 5.17 5.52 6.23 6.68 6.81 6.69 6.48 6.43 6.64 6.96 7.34 7.77 8.53 9.40 9.90 9.86 9.63 9.13 8.41 7.72 7.42 7.42 7.63 7.88 8.05 7.97 8.11 8.70 9.63 10.66 11.49 12.03 12.23 12.17 12.13 12.26 12.50 12.76 12.57 11.86 10.65 8.89 8.09 8.13 8.34 8.30 8.02 7.85 8.00 8.29 8.59 8.90
8.04 7.48 6.77 6.18 5.58 4.98 4.73 4.92 5.38 5.98 6.46 6.70 6.93 7.06 7.13 7.19 7.55 7.88 7.89 7.75 7.53 7.22 6.89 6.64 6.47 6.38 6.38 6.46 6.65 6.86 6.79 6.37 6.25 6.75 7.50 8.09 8.31 8.20 7.99 8.15 8.78 9.37 9.90 10.29 10.35 9.91 9.41 9.30 9.27 9.03 8.53 8.18 8.20 8.49 8.79 8.96 9.15 9.41 10.13 11.04 11.77 12.15 12.34 12.45 12.37 12.16 12.01 12.06 12.42 12.60 12.49 12.16 11.19 10.79 11.03 11.29 11.23 10.82 10.52 10.30 10.12 10.08 10.33
8.44 8.15 7.41 6.70 6.50 6.77 7.29 7.92 8.63 9.23 9.65 9.85 9.73 9.16 8.32 7.63 7.50 7.79 8.03 8.04 7.88 7.59 7.27 7.07 7.01 7.04 7.06 7.12 7.36 7.79 8.14 8.14 7.98 7.99 8.39 9.09 9.72 9.93 9.94 10.09 10.43 10.76 10.80 10.43 9.54 8.38 7.68 7.91 8.66 9.03 9.15 9.04 9.14 9.38 9.54 9.55 9.78 10.31 11.08 11.58 11.64 11.36 11.07 11.05 11.23 11.36 11.32 11.10 11.06 11.53 12.50 13.28 13.86 13.99 14.11 14.51 14.77 14.68 14.35 13.74 12.99 12.16 11.58
8.29 7.88 7.23 6.83 7.33 8.28 9.40 10.41 11.15 11.48 11.52 11.37 11.01 10.26 9.40 8.61 8.15 8.05 8.14 8.17 8.12 8.05 7.95 7.86 7.73 7.64 7.67 7.79 8.00 8.44 9.13 9.78 10.21 10.46 10.63 10.93 11.22 11.31 11.44 11.55 11.44 11.02 10.29 9.23 7.92 6.73 6.23 6.63 7.90 8.91 9.59 9.95 10.14 10.11 10.01 9.87 10.20 10.82 11.09 10.98 10.33 9.57 9.02 8.89 9.26 9.83 10.20 10.16 9.84 10.03 11.22 12.69 13.87 14.45 14.88 15.56 16.03 16.10 15.83 15.45 14.79 13.84 12.54
7.73 7.24 6.75 7.07 8.28 9.75 10.85 11.53 11.86 11.74 11.40 11.07 10.77 10.37 9.98 9.45 8.89 8.47 8.36 8.41 8.50 8.68 8.90 9.03 8.96 8.76 8.79 8.91 9.05 9.42 10.18 11.15 11.95 12.46 12.64 12.44 12.09 11.82 11.70 11.49 10.88 9.84 8.60 7.38 6.51 6.09 6.08 6.75 8.06 9.29 10.35 11.07 11.28 11.04 10.67 10.52 10.74 10.73 10.45 9.64 8.60 7.64 6.89 6.45 6.70 7.11 7.59 7.91 7.95 8.14 8.76 9.92 11.20 12.10 12.81 13.48 13.92 14.06 14.19 14.29 14.32 13.92 13.09
8.48 8.03 7.94 8.90 10.17 11.08 11.39 11.35 11.10 10.52 10.08 9.84 9.66 9.68 9.70 9.51 9.12 8.72 8.63 8.85 9.25 9.79 10.30 10.61 10.70 10.60 10.55 10.62 10.79 11.13 11.73 12.32 12.66 12.69 12.42 11.92 11.45 10.95 10.51 9.81 8.84 7.78 6.76 6.04 5.89 6.25 6.92 7.97 8.95 10.06 10.98 11.48 11.72 11.86 11.57 11.23 10.87 10.26 9.37 8.07 6.84 5.80 4.73 4.10 3.97 3.95 4.03 4.48 5.12 5.56 6.32 6.94 7.55 8.06 8.57 9.19 9.31 9.54 10.02 10.56 11.74 12.84 13.16
9.44 9.83 10.73 11.39 11.66 11.59 11.01 10.33 9.64 9.18 8.96 8.77 8.63 8.68 8.82 8.93 8.88 8.78 8.93 9.34 10.01 10.71 11.29 11.75 11.93 12.01 12.08 12.21 12.43 12.69 12.79 12.53 11.95 11.16 10.31 9.69 9.54 9.15 8.43 7.47 6.51 5.98 5.74 5.87 6.33 6.96 7.85 8.77 9.67 10.48 10.85 11.08 11.30 11.64 11.76 11.39 10.59 9.51 8.17 6.84 5.61 4.36 3.39 2.85 2.59 2.45 2.48 2.80 3.43 4.16 4.77 5.21 5.36 5.39 5.42 5.78 6.21 6.83 7.47 8.15 9.25 10.89 12.28
9.72 10.63 11.81 12.02 11.72 11.08 10.13 9.38 8.63 8.37 8.31 8.14 7.99 7.96 8.06 8.33 8.58 8.81 9.08 9.30 9.58 9.92 10.41 11.08 11.57 11.99 12.34 12.63 12.76 12.66 12.13 11.08 9.74 8.70 8.05 7.75 7.49 6.92 6.19 5.68 5.37 5.36 5.70 6.45 7.13 7.79 8.58 9.27 9.91 10.16 9.99 9.84 9.99 10.42 10.81 10.75 10.14 9.11 7.80 6.64 5.55 4.42 3.64 3.22 3.02 3.00 3.22 3.66 4.13 4.32 4.40 4.46 4.33 4.08 3.96 4.23 4.97 5.86 6.43 6.86 7.64 8.81 10.39
9.69 10.31 11.12 11.21 10.80 9.97 9.20 8.64 8.19 7.96 7.82 7.60 7.49 7.48 7.65 7.99 8.42 8.73 8.84 8.67 8.39 8.24 8.47 9.12 10.10 10.92 11.51 11.77 11.60 10.99 9.92 8.55 7.22 6.45 6.14 5.93 5.43 4.98 4.85 5.02 5.39 5.94 6.67 7.31 8.05 8.86 9.39 9.79 9.85 9.52 9.13 9.01 9.10 9.33 9.63 9.86 9.81 9.36 8.38 7.28 6.38 5.69 5.28 5.13 5.04 4.99 5.25 5.42 5.19 4.77 4.40 4.23 3.95 3.54 3.35 3.69 4.35 4.83 5.09 5.49 6.10 6.83 8.25
9.67 9.47 9.59 9.92 9.85 9.38 8.72 8.05 7.72 7.52 7.29 7.12 7.01 7.08 7.43 7.89 8.38 8.65 8.68 8.48 8.26 8.21 8.48 9.06 9.86 10.39 10.50 10.25 9.64 8.74 7.63 6.63 5.71 5.11 4.76 4.56 4.46 4.55 4.80 5.29 6.10 7.02 7.66 8.32 9.12 9.83 10.21 10.19 9.69 9.01 8.51 8.33 8.35 8.57 8.98 9.37 9.74 9.84 9.42 8.55 7.81 7.42 7.27 7.22 7.17 7.20 7.15 6.66 5.83 5.29 5.05 4.57 3.99 3.56 3.46 3.69 3.94 3.92 3.98 4.46 4.97 5.52 6.60
9.64 9.11 8.63 8.89 9.31 9.51 9.28 8.54 8.00 7.72 7.43 7.30 7.24 7.31 7.62 8.12 8.54 8.91 9.14 9.25 9.45 9.83 10.32 10.66 10.62 10.16 9.40 8.56 7.72 6.97 6.24 5.66 5.30 5.10 4.90 4.77 4.97 5.45 5.82 6.14 6.79 7.54 8.30 9.17 9.96 10.53 10.63 10.28 9.57 8.69 7.89 7.43 7.52 7.98 8.59 9.21 9.72 10.17 10.34 10.13 9.79 9.63 9.65 9.64 9.52 9.20 8.64 7.96 7.33 6.97 6.40 5.56 4.63 4.21 4.10 4.00 3.89 3.81 3.95 4.29 4.61 4.97 5.68
9.59 9.00 8.28 8.33 8.84 9.53 9.97 9.75 9.23 8.92 8.71 8.46 8.45 8.51 8.58 8.64 8.86 9.27 9.76 10.18 10.60 10.95 11.05 10.76 10.03 8.98 7.90 6.96 6.20 5.77 5.65 5.59 5.64 5.93 6.12 6.13 6.19 6.56 7.01 7.19 7.39 7.85 8.72 9.66 10.39 10.73 10.58 10.11 9.50 8.67 7.63 7.02 7.14 7.70 8.30 8.83 9.33 10.10 10.72 11.11 11.49 11.91 12.39 12.69 12.39 11.73 10.78 10.00 9.66 9.13 7.95 6.61 5.81 5.61 5.35 4.79 4.45 4.49 4.64 4.73 4.78 4.86 5.21
9.26 8.55 7.75 7.72 8.09 9.03 9.89 10.28 10.07 9.79 9.63 9.38 9.36 9.45 9.46 9.27 9.09 9.24 9.71 10.20 10.46 10.34 9.75 8.80 7.82 6.95 6.25 5.71 5.36 5.37 5.68 6.25 6.72 6.97 7.25 7.48 7.54 7.66 8.02 8.11 8.13 8.41 9.21 9.92 10.41 10.42 10.02 9.63 9.43 9.11 8.38 7.59 7.40 7.66 7.85 8.23 8.97 9.96 10.72 11.44 12.13 12.81 13.45 13.89 14.21 13.99 13.30 12.55 11.75 10.77 9.55 8.34 7.75 7.38 6.84 6.25 6.04 6.10 6.01 5.66 5.25 5.01 4.96
9.01 8.52 7.84 7.58 7.70 8.25 9.23 10.03 10.21 9.91 9.43 8.99 8.88 8.98 9.14 9.16 8.91 8.89 9.13 9.26 9.01 8.32 7.34 6.36 5.60 5.06 4.77 4.81 5.06 5.53 6.40 7.31 7.84 8.09 8.25 8.46 8.69 8.81 8.82 8.89 9.01 9.28 9.60 9.91 9.85 9.43 8.90 8.83 9.29 9.65 9.54 9.03 8.31 8.08 8.04 8.38 9.16 10.08 10.64 11.22 11.62 12.20 12.69 13.10 13.77 14.19 14.21 14.14 13.63 12.85 12.23 11.62 10.83 9.69 8.59 8.15 8.18 8.21 7.68 6.82 5.87 5.15 4.69
9.38 9.22 8.68 8.14 7.98 8.06 8.65 9.55 10.14 10.12 9.53 8.86 8.47 8.31 8.35 8.57 8.47 8.57 8.54 8.01 7.04 5.95 5.04 4.37 3.86 3.55 3.50 3.80 4.56 5.76 7.02 7.82 8.40 8.79 9.03 9.21 9.33 9.31 9.22 9.26 9.52 9.71 9.83 9.65 9.07 8.20 7.88 8.10 8.74 9.65 10.06 9.94 9.50 9.02 8.86 8.98 9.29 9.83 10.25 10.54 10.51 10.33 10.04 10.25 11.13 12.31 13.29 14.09 14.65 14.73 14.77 14.51 13.74 12.59 11.28 10.63 10.28 9.68 8.64 7.19 5.99 5.19 4.67
9.53 9.18 8.73 8.40 8.23 8.18 8.35 9.03 9.92 10.48 10.43 9.85 9.26 8.72 8.37 8.18 8.23 8.25 7.77 6.70 5.45 4.51 3.90 3.51 3.25 3.14 3.16 3.31 3.89 4.98 6.13 6.89 7.52 8.13 8.63 8.98 8.99 9.00 8.98 9.12 9.38 9.65 9.76 9.48 8.94 8.16 7.75 7.80 8.16 8.82 9.66 10.00 10.07 9.73 9.40 9.06 8.94 9.02 9.31 9.29 9.05 8.56 8.11 8.13 8.65 9.70 11.13 12.48 13.60 14.32 14.84 15.11 14.85 14.37 13.73 12.84 11.58 10.02 8.42 7.02 6.13 5.55 4.98
8.78 7.96 7.25 7.41 7.69 7.82 7.84 8.21 9.16 10.13 10.64 10.43 9.85 9.24 8.78 8.38 8.16 7.77 6.94 5.91 5.16 4.76 4.23 4.07 3.89 3.94 4.08 4.03 4.00 4.19 4.51 4.98 5.53 6.16 6.81 7.34 7.73 8.05 8.37 8.77 8.95 9.11 9.08 8.81 8.50 8.06 7.52 7.39 7.54 7.92 8.59 9.43 9.77 9.69 9.28 8.64 8.30 8.15 8.27 8.10 7.68 7.09 6.80 7.09 7.70 8.32 9.08 9.95 10.87 11.64 12.29 12.93 13.52 13.87 13.94 13.62 12.20 10.06 8.45 7.58 6.97 6.16 5.22
7.57 6.79 6.07 6.28 6.59 6.64 6.57 6.87 7.64 8.79 9.73 10.07 9.79 9.27 8.87 8.45 8.01 7.41 6.75 6.64 6.02 6.00 5.90 5.72 5.58 5.67 5.71 5.60 5.24 4.85 4.72 4.69 4.74 4.89 5.26 5.90 6.72 7.28 7.83 8.31 8.39 8.25 7.73 6.97 6.23 5.97 6.01 6.16 6.41 7.03 7.67 8.39 8.98 9.05 8.63 8.09 7.77 7.73 7.68 7.44 6.91 6.21 6.19 6.56 7.17 7.57 7.79 8.02 8.36 8.85 8.99 9.56 10.57 11.62 12.50 13.13 12.84 11.43 9.77 8.74 7.68 6.58 5.77
7.52 7.16 6.86 6.79 6.40 6.02 5.87 5.94 6.31 7.22 8.42 9.35 9.64 9.33 8.86 8.36 7.88 7.45 7.58 7.21 7.50 7.67 7.78 7.74 7.64 7.57 7.51 7.23 6.84 6.46 6.20 5.93 5.57 5.24 5.23 5.67 6.37 6.92 7.47 7.89 7.90 7.48 6.50 5.10 4.34 4.33 4.76 5.33 5.98 6.57 7.10 7.58 8.07 8.35 8.09 7.89 7.78 7.81 7.65 7.46 7.07 6.60 6.58 6.59 6.67 6.50 6.41 6.66 7.02 7.36 7.54 7.78 8.40 9.36 10.26 11.61 12.75 12.76 11.66 9.97 8.31 7.44 7.21
8.47 8.59 8.77 8.56 7.98 7.08 6.41 6.04 5.86 6.09 6.91 8.14 9.05 9.29 8.90 8.26 7.85 7.73 7.92 8.35 8.84 9.26 9.62 9.79 9.79 9.55 9.14 8.65 8.05 7.44 7.01 6.78 6.62 6.39 6.11 6.09 6.52 7.04 7.61 7.98 7.89 7.25 6.22 5.16 4.85 5.18 5.83 6.53 6.96 7.12 7.10 7.16 7.50 7.97 8.03 8.01 7.93 7.98 7.84 7.86 7.76 7.48 7.09 6.44 5.91 5.51 5.33 5.66 6.23 6.72 7.07 7.38 7.53 8.01 8.75 9.92 11.60 12.79 12.94 12.09 10.64 9.99 9.85
9.05 9.44 9.80 9.57 9.09 8.30 7.43 6.63 6.00 5.61 5.71 6.48 7.72 8.59 8.71 8.20 7.84 7.96 8.46 9.26 9.89 10.50 11.04 11.43 11.46 11.21 10.78 10.18 9.34 8.34 7.45 7.02 7.05 7.34 7.58 7.53 7.55 7.88 8.41 8.74 8.76 8.33 7.50 6.97 7.11 7.66 8.32 8.62 8.53 7.87 7.38 7.07 7.31 7.78 8.04 8.06 7.98 8.06 8.05 8.30 8.33 8.06 7.44 6.41 5.50 4.96 4.89 5.20 5.68 6.09 6.56 6.95 7.12 7.29 7.91 8.71 9.96 11.67 13.05 13.88 13.94 13.42 12.67
