project/data/elevation/US_DEM2016/US_DEM2016_point_10-31-2019_0248_30m_ang.asc
ncols	125
nrows	167
xllcorner	-2042055.000000
yllcorner	1465035.000000
cellsize	30.000000
NODATA_value	-9999.000000
[rows 86 to 128 of 167, columns 0 to 95 of 125]
347 349 351 349 344 341 338 335 331 328 328 330 333 337 342 348 356 4 5 357 351 347 345 342 341 340 341 343 347 349 351 354 354 352 349 349 347 346 349 353 352 349 347 346 342 337 336 339 345 350 352 353 354 354 354 352 359 344 348 343 343 342 338 334 333 335 338 339 339 340 340 340 341 343 341 335 327 322 320 320 328 337 340 335 338 351 4 10 11 9 6 5 6 3 1 0
346 347 348 345 342 339 337 333 330 327 329 332 335 340 347 357 5 6 360 354 348 344 341 339 338 337 338 341 345 346 349 353 356 356 353 351 345 347 351 355 352 349 347 344 338 331 330 334 342 348 352 355 356 357 357 354 349 345 344 344 343 341 337 333 332 334 338 340 340 340 339 339 342 347 350 349 345 340 335 331 331 334 334 332 333 343 357 5 7 6 6 7 7 4 1 358
344 346 346 343 341 339 335 332 330 329 331 334 339 346 357 9 2 357 354 352 348 343 339 336 334 334 335 339 342 344 344 348 353 357 358 357 354 352 354 355 353 350 348 344 336 328 325 328 335 341 345 349 353 355 356 355 351 347 345 344 343 341 337 334 332 334 339 343 342 340 337 336 339 347 353 355 354 352 349 347 345 344 342 341 341 346 352 357 359 1 4 6 6 3 360 355
342 345 345 344 342 338 334 331 331 332 334 338 344 354 2 358 352 350 350 350 347 343 338 335 333 332 332 334 338 342 343 345 349 355 1 2 360 357 356 356 354 351 349 345 336 328 324 326 331 333 335 338 341 345 349 352 351 347 344 344 342 341 338 333 331 333 339 344 342 338 335 332 334 342 350 355 356 355 355 355 354 352 350 350 352 354 354 353 355 359 2 4 3 1 356 351
342 343 344 343 341 337 333 331 331 334 338 345 354 3 10 349 344 343 344 344 343 341 338 336 334 331 328 329 332 336 340 342 344 351 360 5 5 1 359 356 353 351 350 346 339 332 330 332 335 335 336 337 339 342 346 350 351 346 343 342 342 341 338 333 329 331 338 343 340 337 333 330 330 335 343 348 351 354 356 358 358 356 355 356 359 0 358 355 356 0 2 0 358 356 351 347
341 342 342 341 339 334 331 331 333 338 346 358 7 6 355 343 337 335 335 335 336 336 338 338 336 332 329 326 327 329 332 336 339 344 355 5 8 5 360 355 352 351 350 346 341 337 337 339 342 342 341 341 342 345 349 353 352 347 343 342 342 342 339 332 327 328 335 340 339 337 333 328 326 329 335 339 343 347 352 355 356 356 356 359 2 3 2 0 1 3 2 357 353 350 347 346
341 341 340 339 336 332 331 333 338 347 359 8 8 2 354 346 338 334 331 329 329 332 336 338 337 335 332 330 329 330 332 334 337 340 350 4 10 6 360 354 351 350 348 345 341 340 340 342 344 345 346 345 345 348 351 355 354 349 345 344 344 343 338 331 326 327 334 339 339 337 333 328 326 328 332 333 334 338 344 348 350 352 355 358 1 3 4 5 6 5 2 356 350 347 347 350
340 339 338 335 333 331 332 336 345 357 5 5 1 357 353 348 344 339 336 333 333 335 338 339 338 335 334 335 336 338 339 341 342 344 352 4 8 4 358 353 350 348 346 343 340 340 341 343 344 346 347 349 350 351 352 355 356 353 349 348 347 345 339 330 327 328 334 341 342 339 334 329 328 330 333 329 324 325 330 334 337 343 349 354 357 360 2 5 5 4 1 356 350 348 349 352
339 339 337 333 332 332 334 340 352 2 2 359 356 352 350 347 345 344 342 340 340 341 342 342 340 335 333 334 338 341 343 344 346 350 357 4 4 359 355 351 348 346 344 342 340 339 339 341 344 346 348 351 354 355 355 357 359 357 354 352 351 347 340 332 328 329 335 342 345 342 337 333 332 335 336 328 316 310 311 314 317 324 336 346 349 351 355 358 359 360 360 357 352 350 350 349
339 339 338 336 335 337 341 346 354 357 355 353 352 349 346 345 344 344 343 343 344 345 346 346 342 335 330 331 335 339 341 342 344 350 358 2 359 354 351 348 347 345 343 341 339 337 336 338 342 346 349 352 355 357 359 2 3 1 356 353 352 348 340 333 330 330 336 343 345 343 339 337 340 344 345 335 324 316 312 310 309 312 322 335 340 344 349 352 354 356 357 355 351 350 348 345
338 340 342 342 343 346 351 353 353 352 351 350 348 346 344 342 342 342 343 345 347 350 350 346 341 335 331 332 334 336 337 339 341 347 355 358 354 351 348 346 346 345 344 342 338 335 332 333 337 343 348 352 355 358 2 6 7 3 357 354 351 346 339 333 331 333 337 342 343 341 339 342 348 355 354 346 338 332 325 321 320 321 324 329 335 342 348 351 351 354 354 353 350 349 348 344
338 341 345 347 347 350 353 354 353 352 350 348 345 343 341 340 340 341 344 348 352 354 350 344 338 334 334 337 340 342 343 344 345 349 353 354 351 348 346 346 346 347 346 343 338 334 329 329 333 339 343 346 351 356 2 7 8 3 358 354 350 344 337 332 331 333 338 341 342 340 339 344 353 359 359 353 347 341 335 331 332 332 332 332 336 344 350 351 351 352 353 351 349 348 347 343
339 343 347 348 347 350 352 352 351 351 350 347 343 340 339 340 341 343 348 354 357 355 347 340 335 332 334 339 343 345 347 349 351 352 354 354 350 346 346 347 349 349 347 343 339 334 330 330 334 339 339 339 342 349 357 3 5 2 358 354 349 343 336 332 331 332 335 339 340 339 339 344 351 357 358 357 354 348 341 339 341 341 338 338 341 348 352 352 350 352 352 350 347 346 344 341
342 344 347 346 346 348 349 349 349 349 348 346 342 339 339 340 343 348 355 359 357 350 344 339 333 329 331 337 342 345 348 352 354 355 356 354 350 346 347 350 352 350 347 343 340 335 332 334 340 345 345 343 343 346 351 358 2 360 357 354 349 343 338 334 333 333 335 338 339 339 340 343 347 351 356 358 356 351 347 346 347 346 344 343 347 352 353 351 350 351 352 351 347 344 341 338
344 346 347 345 343 343 344 346 347 347 346 343 341 339 340 343 348 356 0 358 351 345 341 337 331 328 329 334 338 342 346 350 354 357 358 356 351 348 349 352 352 348 346 344 340 335 333 336 343 348 351 351 350 348 351 357 360 357 355 353 349 344 340 337 336 336 337 338 339 341 342 342 343 346 351 354 354 351 350 351 351 350 348 348 351 353 352 350 350 352 353 352 348 345 341 337
345 346 347 343 339 338 339 341 343 344 342 340 340 340 343 348 356 1 360 353 346 341 338 335 329 326 328 332 335 337 339 344 350 356 359 359 355 350 350 350 348 347 346 344 340 335 334 337 342 347 351 354 355 353 354 358 358 354 352 351 349 345 341 340 339 339 339 340 341 343 344 342 341 343 347 349 349 349 352 354 354 353 352 352 352 351 350 350 351 352 354 352 350 348 343 337
346 346 346 343 341 335 335 337 339 339 338 338 339 342 347 354 359 358 354 349 345 341 337 334 330 327 327 330 332 331 331 333 340 348 355 358 355 350 348 347 347 346 345 343 339 335 334 337 341 344 347 351 354 356 357 358 355 350 349 349 347 344 342 341 341 341 340 340 341 343 343 341 340 342 344 344 344 346 350 353 355 356 356 355 353 351 350 351 353 354 354 352 351 349 344 338
345 345 346 346 342 340 336 336 336 335 335 337 340 346 352 354 351 348 347 346 344 342 339 336 334 333 335 336 334 331 328 329 332 339 346 352 351 347 345 345 346 346 344 342 338 335 335 338 341 342 343 344 349 354 357 357 353 347 345 345 344 342 342 342 343 342 342 341 341 342 342 340 339 340 342 342 343 344 346 348 352 355 356 356 356 355 355 355 357 357 355 352 350 348 344 338
342 344 347 348 347 342 339 337 336 334 335 338 344 352 352 343 338 338 339 341 341 341 340 337 337 339 344 345 342 339 337 337 338 340 344 347 348 345 344 346 347 346 343 340 337 335 337 341 345 344 342 341 342 346 350 352 349 344 342 342 341 341 341 342 343 343 344 344 344 343 342 340 337 338 341 342 344 345 344 343 345 348 351 353 356 358 359 360 0 358 355 351 349 346 342 338
337 341 347 350 349 346 341 338 337 337 340 344 347 351 346 336 330 329 331 334 336 338 337 336 337 341 347 349 348 346 346 345 345 346 347 349 350 348 346 347 349 346 342 339 337 336 339 345 349 349 348 346 341 337 339 343 344 342 339 338 338 340 341 342 342 343 345 346 347 345 343 341 338 337 340 342 345 347 346 344 342 341 340 343 349 355 359 1 1 358 354 351 349 346 342 339
334 339 346 350 351 348 346 341 341 344 349 351 350 348 344 341 338 335 333 332 332 334 334 333 336 341 345 347 348 349 349 350 351 351 351 352 354 352 348 349 349 346 342 338 337 336 340 347 352 354 355 352 343 337 336 339 342 341 338 336 337 339 341 341 341 342 345 348 349 348 346 343 341 339 339 342 345 347 349 348 346 342 337 337 342 349 355 358 358 356 352 349 347 344 343 342
337 340 346 349 351 350 349 349 350 351 352 351 350 346 344 344 345 346 343 339 337 335 333 333 336 340 341 342 345 348 350 352 353 354 355 355 357 355 351 349 348 344 341 340 338 336 339 347 353 358 359 353 345 339 338 340 341 339 336 335 336 339 339 339 339 340 343 346 349 350 349 347 346 343 342 342 343 346 349 350 349 347 344 343 344 347 351 354 355 353 350 347 344 342 343 344
341 342 346 349 350 351 352 353 353 352 350 349 347 344 343 344 348 350 349 346 342 339 336 335 339 341 340 340 342 344 347 351 353 354 355 357 359 358 354 350 346 343 341 341 338 336 338 346 353 358 358 353 347 343 342 341 340 338 337 335 336 337 338 338 338 339 341 343 346 349 350 350 350 348 345 343 343 345 349 350 348 347 347 348 348 349 351 352 352 351 348 345 343 342 343 344
342 344 347 349 349 349 350 351 351 349 347 344 343 342 342 344 348 349 348 346 343 340 338 339 342 343 341 341 343 344 345 347 349 350 352 356 360 1 356 350 346 343 342 341 337 335 338 344 351 356 356 352 349 347 346 344 341 340 340 338 336 337 337 337 337 339 340 340 342 346 349 352 353 352 348 345 344 346 348 347 346 345 345 348 350 351 352 352 351 350 347 345 344 344 344 344
341 344 348 349 348 348 348 347 346 344 342 341 340 340 341 344 346 345 344 343 340 339 339 341 345 344 341 342 346 348 348 348 348 349 350 354 359 2 358 352 349 346 344 340 336 335 339 344 349 352 352 351 350 350 350 348 346 345 344 341 338 337 338 337 338 340 340 338 339 343 347 352 355 354 349 346 345 346 347 346 345 344 345 348 350 352 353 353 351 350 347 344 343 345 345 345
338 342 348 348 346 346 345 343 341 340 339 339 339 339 340 344 345 343 341 339 336 335 337 342 347 345 342 342 346 348 348 349 350 351 353 356 360 2 358 355 352 348 344 339 336 336 339 345 348 349 349 348 349 351 352 352 351 350 349 346 342 339 338 338 339 341 339 337 338 341 346 352 355 355 350 346 346 347 346 345 343 343 345 348 350 353 354 354 352 351 349 344 342 343 345 345
337 341 346 346 344 343 341 339 338 337 337 338 339 339 341 344 344 341 339 337 334 332 334 341 347 345 343 345 346 346 346 346 348 351 354 358 2 2 358 355 351 348 343 338 335 336 340 346 348 347 346 345 346 348 351 353 354 354 354 351 346 341 340 340 341 341 338 337 338 341 346 352 355 355 351 347 346 346 345 343 341 343 345 347 349 353 355 354 353 353 351 347 344 344 344 344
338 340 343 343 341 339 337 336 336 336 337 338 339 340 342 344 342 339 338 336 333 332 334 342 345 344 345 348 349 349 347 345 344 347 352 357 2 2 357 353 350 347 342 336 333 335 341 347 349 347 345 343 343 345 347 350 354 355 355 353 349 344 342 342 341 340 337 337 338 342 347 351 355 355 351 348 347 346 344 340 339 342 344 345 347 351 353 353 352 353 352 349 347 347 346 344
339 340 342 342 339 335 333 334 336 337 337 337 338 340 341 340 338 337 337 337 334 333 336 341 341 342 345 348 351 351 351 350 347 346 348 355 0 359 355 351 348 346 341 336 333 335 341 347 349 347 345 343 343 345 345 346 349 351 352 352 351 347 345 344 342 339 337 337 339 343 347 351 355 355 352 349 349 347 344 339 338 341 342 342 344 346 348 349 351 353 352 349 348 348 348 345
339 340 341 341 339 334 332 334 338 340 340 340 339 340 339 338 337 336 337 337 336 336 338 337 336 338 343 347 349 350 352 353 353 352 350 352 355 356 353 349 346 344 340 336 335 336 341 346 347 346 344 344 346 348 349 348 346 346 347 349 349 346 345 344 343 340 338 338 340 344 347 352 355 356 352 350 350 348 344 340 339 342 343 342 341 341 344 347 351 352 351 348 348 348 348 346
337 339 341 342 340 336 333 336 341 345 346 345 344 341 339 337 337 338 338 338 339 340 340 335 331 334 341 345 346 346 348 352 355 357 355 353 353 354 352 348 345 343 339 337 338 340 342 344 344 342 341 343 347 351 353 353 350 347 346 348 348 345 343 343 342 341 340 340 342 344 347 351 355 356 353 351 350 348 345 342 342 344 345 344 342 341 345 348 350 351 350 348 347 348 348 346
335 337 341 342 342 339 337 338 342 344 345 345 343 341 338 337 337 339 339 340 342 343 343 339 334 334 338 343 343 343 343 347 352 356 357 355 356 355 351 347 344 341 338 337 340 344 345 343 341 338 338 341 346 351 353 354 354 352 351 350 349 346 343 341 340 340 341 342 342 344 346 350 354 355 353 350 350 348 346 343 343 345 347 347 345 345 348 350 351 350 349 347 346 347 347 345
334 336 340 342 343 343 340 339 341 342 341 340 339 338 337 337 338 339 340 342 343 342 343 342 341 339 340 342 342 342 341 341 344 351 355 357 359 357 352 347 343 340 337 337 342 347 347 344 339 335 335 338 343 348 351 352 353 354 355 355 353 350 345 341 340 340 341 341 341 344 347 351 354 354 352 350 349 348 345 342 342 345 348 347 348 350 352 352 352 351 348 346 346 346 345 344
334 336 339 341 344 344 342 341 341 340 337 335 334 334 334 336 339 340 341 343 342 340 339 340 342 344 344 342 342 344 344 341 340 343 350 356 360 358 352 347 343 339 336 338 343 348 348 345 339 334 333 336 340 344 347 350 352 353 356 357 357 354 348 344 342 342 341 339 340 344 348 352 355 354 351 348 348 347 343 339 339 343 346 346 349 353 354 354 353 352 348 346 345 344 344 343
336 336 338 341 344 344 342 342 341 338 334 333 332 333 334 337 340 341 344 344 342 338 336 336 340 344 344 342 341 344 347 346 342 340 345 353 358 356 351 346 342 339 337 339 345 348 347 345 341 336 333 334 338 341 345 349 352 353 355 357 360 357 351 347 346 344 342 339 340 344 349 353 356 356 351 348 347 346 341 338 338 341 344 345 348 352 353 354 353 352 349 346 343 343 342 342
337 337 338 341 343 343 341 341 340 336 334 333 333 334 336 339 342 344 346 345 343 340 336 336 339 343 343 341 340 343 347 348 347 345 345 350 354 353 348 344 341 338 338 343 348 347 345 344 341 337 332 331 334 338 342 348 352 353 354 357 360 358 352 349 347 344 342 340 341 344 349 353 357 357 352 348 347 344 340 337 337 340 343 345 349 350 352 352 353 352 350 347 343 342 341 341
337 337 339 341 343 342 340 339 338 336 335 334 334 335 338 341 344 345 346 345 344 342 339 338 339 342 342 340 339 342 345 348 349 349 349 350 351 350 346 343 339 337 341 348 350 346 343 341 340 337 332 328 329 333 339 345 350 353 355 358 359 356 352 348 345 343 342 341 342 346 350 354 357 358 353 349 346 343 340 338 337 337 340 344 348 350 351 352 351 350 349 347 344 341 340 340
336 337 339 341 342 341 338 335 334 334 335 336 335 335 339 341 343 344 343 343 343 341 339 338 340 343 343 340 338 341 344 346 347 349 349 350 351 351 348 341 338 338 345 352 350 344 340 339 339 337 332 327 325 328 333 339 345 351 355 358 358 355 351 348 344 342 341 340 342 347 352 356 359 359 354 349 345 343 341 338 336 335 338 341 344 347 350 351 349 348 347 347 344 342 341 341
337 337 338 340 341 340 337 333 330 331 333 335 335 337 339 339 340 343 343 342 342 340 336 336 339 344 346 342 340 340 343 346 346 347 348 349 352 352 347 341 339 343 351 353 349 343 339 337 338 338 335 332 329 328 330 334 340 347 353 356 356 354 351 348 345 343 342 341 342 347 353 358 1 0 354 349 346 344 342 339 336 335 337 339 341 343 346 347 346 345 346 346 345 343 342 343
337 338 340 341 341 339 337 333 330 329 336 334 337 340 339 337 338 342 344 343 340 337 333 333 338 344 347 346 343 342 343 345 346 346 347 348 351 351 347 342 342 349 353 352 349 346 341 338 338 338 338 336 336 335 333 333 337 345 351 353 354 353 349 346 344 344 343 342 344 348 353 360 5 2 355 350 347 345 342 339 337 335 336 338 340 343 344 344 343 343 345 346 345 344 344 344
335 337 341 343 341 339 336 334 331 329 330 334 340 342 339 336 338 343 345 343 339 335 331 332 337 343 346 348 347 344 343 345 346 347 347 347 348 349 348 345 345 349 350 350 350 348 344 341 340 340 339 338 338 338 337 335 337 343 348 352 354 351 346 343 343 344 343 342 344 349 355 3 7 3 356 353 349 345 341 338 336 336 337 339 342 344 343 341 341 342 344 345 345 344 344 344
333 336 341 342 340 338 336 335 333 330 337 334 341 344 341 339 340 343 343 341 339 336 332 332 337 341 344 347 348 345 343 345 347 348 348 347 347 348 348 346 345 346 348 348 348 347 346 344 343 343 342 340 339 339 339 338 337 340 347 353 353 349 345 342 343 344 342 341 344 351 0 7 8 2 357 355 352 348 342 337 334 335 337 341 345 345 340 338 339 341 344 345 344 343 342 343
336 337 339 339 337 336 336 337 335 341 330 334 340 344 344 343 343 343 342 340 340 337 335 335 337 339 342 346 347 344 342 344 347 349 349 348 347 349 349 347 345 345 347 347 346 345 344 345 347 347 346 344 343 342 342 340 337 339 345 352 353 349 345 343 344 343 341 341 346 356 6 10 8 2 357 355 353 350 346 340 334 333 336 342 347 343 338 337 340 342 344 345 344 342 341 341
