project/data/elevation/US_DEM2016/US_DEM2016_point_10-30-2019_1033_30m_vel.asc
ncols	125
nrows	167
xllcorner	-2042055.000000
yllcorner	1465035.000000
cellsize	30.000000
NODATA_value	-9999.000000
[rows 70 to 104 of 167, columns 0 to 77 of 125]
11.94 11.43 10.72 10.62 10.53 10.35 10.06 9.53 8.65 7.76 7.43 8.14 9.94 12.11 13.93 14.95 15.18 14.73 13.90 13.29 13.19 13.44 13.88 14.64 15.03 14.63 13.63 12.33 11.09 10.34 10.13 10.39 11.04 11.54 11.78 11.80 11.76 11.92 12.34 12.63 12.46 12.07 11.75 11.61 11.39 10.72 9.78 8.49 7.72 7.72 8.33 9.39 10.38 10.77 10.56 9.77 8.45 7.34 6.86 6.69 6.42 6.20 6.30 6.69 7.07 7.42 7.81 7.63 6.89 6.08 5.67 5.45 5.18 4.86 4.80 5.02 5.34 5.70
11.91 11.42 10.81 10.69 10.66 10.58 10.43 10.23 9.72 8.76 7.73 7.40 8.20 9.80 11.75 13.41 14.50 15.12 15.04 14.80 14.78 14.90 15.35 15.56 15.33 14.60 13.55 12.28 10.96 10.05 9.54 9.51 9.81 10.35 10.96 11.45 11.69 11.82 12.06 12.33 12.06 11.60 11.30 11.24 11.02 10.01 9.08 8.64 9.14 10.15 11.09 11.65 11.75 11.29 10.51 9.67 8.97 8.45 8.02 7.56 7.15 6.85 6.75 7.03 8.09 9.31 10.23 10.37 9.94 9.42 8.91 8.24 7.18 6.35 5.99 6.10 6.60 7.30
11.91 11.40 10.87 10.79 10.84 10.87 10.93 11.19 11.47 11.38 10.68 9.79 9.49 9.90 10.86 12.41 13.85 15.20 15.81 16.10 16.47 16.54 16.60 16.16 15.54 14.67 13.96 13.26 12.29 11.78 11.54 11.28 10.79 10.58 10.82 11.21 11.47 11.63 11.71 11.49 11.06 10.69 10.59 10.63 10.66 10.57 10.94 11.89 12.86 13.46 13.60 13.21 12.48 11.62 11.18 11.17 11.23 11.25 11.06 10.74 10.50 10.54 10.80 11.44 12.28 12.76 12.66 12.31 11.90 11.06 10.18 9.06 7.84 7.24 7.22 7.63 8.24 9.11
11.83 11.35 10.89 10.89 11.09 11.23 11.42 11.93 12.75 13.49 13.71 13.49 13.00 12.38 12.22 12.90 14.11 15.69 16.81 17.40 17.87 17.75 16.96 16.08 15.13 14.56 14.43 14.33 13.94 13.51 13.23 13.03 12.55 12.16 11.90 11.74 11.71 11.62 11.29 10.77 10.53 10.76 10.94 11.16 11.51 12.11 12.97 13.79 14.13 13.91 13.54 13.05 12.52 11.98 11.82 12.05 12.24 12.54 12.88 13.18 13.43 13.81 14.17 14.36 14.06 13.30 12.30 11.83 11.28 10.31 9.21 8.29 7.74 7.72 8.23 9.13 10.17 11.60
11.83 11.46 11.08 11.15 11.38 11.49 11.57 12.13 13.37 14.77 15.76 16.19 16.08 15.52 14.85 14.68 15.37 16.65 17.60 17.68 18.22 17.44 16.23 15.25 14.22 13.94 14.22 14.55 14.47 14.04 13.56 13.23 12.81 12.49 12.09 11.81 11.69 11.43 11.10 11.02 11.29 11.53 11.61 11.78 12.02 12.12 12.18 12.11 11.63 11.16 10.96 11.19 11.60 11.81 11.67 11.62 11.79 12.15 12.67 13.24 13.83 14.36 14.35 13.70 12.31 10.70 9.76 9.95 10.04 9.38 8.56 8.20 8.24 8.63 9.56 10.81 12.28 14.21
11.92 11.64 11.40 11.53 11.75 11.85 12.03 12.86 14.43 15.60 16.15 16.31 16.39 16.42 16.34 16.51 17.06 17.67 17.69 17.38 17.06 16.50 15.50 14.35 13.48 13.08 13.12 13.63 13.99 13.87 13.40 12.79 11.82 11.13 10.85 10.98 11.19 11.18 11.05 10.95 10.88 10.99 11.20 11.43 11.47 11.01 10.39 9.63 9.31 9.15 9.17 9.61 10.30 10.78 10.95 11.11 11.37 11.53 11.75 12.14 12.74 13.08 12.53 10.96 9.19 8.10 7.91 8.62 9.50 9.65 9.27 9.15 9.51 10.35 11.69 13.24 14.95 16.88
12.06 11.89 11.81 11.97 12.30 12.78 13.59 14.54 14.97 14.68 14.10 13.81 14.26 15.31 16.19 16.99 17.55 17.42 16.70 15.88 15.32 14.80 14.28 13.74 13.25 12.82 12.45 12.65 13.23 13.56 13.43 12.91 11.88 11.06 10.92 11.11 11.21 10.96 10.48 10.02 9.84 10.16 10.79 11.00 10.95 10.70 10.46 10.02 9.72 9.72 9.78 9.78 9.76 9.97 10.44 10.91 11.26 11.29 11.37 11.61 11.78 11.36 10.11 8.81 8.06 7.87 8.27 8.93 9.92 10.78 11.21 11.66 12.72 14.15 15.59 17.17 18.70 19.56
12.15 11.98 11.98 12.17 12.61 13.49 14.13 14.14 13.30 11.97 11.15 11.47 12.66 14.27 15.61 16.54 16.53 16.48 15.52 14.56 13.93 13.61 13.41 13.29 13.09 12.76 12.28 12.23 12.61 13.25 13.71 13.75 13.24 12.83 12.59 12.30 11.76 10.97 10.32 10.07 10.26 10.62 10.78 10.54 10.35 10.20 10.14 9.89 9.56 9.41 9.34 9.26 9.19 9.59 10.31 10.98 11.45 11.67 11.82 11.83 11.33 10.18 9.12 8.91 9.26 9.83 10.27 10.83 11.90 13.44 14.42 15.49 17.07 18.62 19.74 20.60 20.92 20.31
12.03 11.57 11.41 11.68 12.01 12.52 12.55 11.91 11.11 10.70 10.88 11.73 13.12 14.69 15.81 16.39 16.27 15.55 14.62 13.79 13.17 12.81 12.66 12.63 12.51 12.22 11.81 11.77 11.99 12.56 13.40 14.02 14.13 13.89 13.50 12.91 12.06 11.13 10.66 10.50 10.39 10.09 9.71 9.38 9.15 8.83 8.31 7.82 7.63 7.61 7.75 8.12 8.82 9.76 10.63 11.32 11.90 12.13 12.01 11.49 10.59 9.60 9.35 10.02 11.19 12.01 12.77 13.95 15.59 16.60 17.36 18.30 19.78 20.30 20.18 20.60 19.66 18.20
11.73 10.99 10.62 10.93 11.03 11.11 11.16 11.21 11.55 12.11 12.79 13.73 14.99 16.09 16.61 16.47 15.80 14.87 14.01 13.28 12.64 12.17 11.91 11.85 11.72 11.35 10.90 10.76 10.68 11.01 11.63 12.69 13.34 13.38 13.05 12.53 11.81 11.02 10.43 9.85 9.23 8.65 8.35 8.48 8.42 8.02 7.38 7.04 7.28 7.85 8.58 9.49 10.52 11.23 11.53 11.60 11.56 11.14 10.34 9.42 8.85 8.91 9.58 10.96 12.53 13.98 15.62 17.08 17.70 17.96 18.03 18.32 18.34 18.96 18.45 17.66 16.04 15.11
11.39 10.75 10.54 11.02 11.23 11.31 11.60 12.20 13.07 13.77 14.57 15.61 16.69 17.06 16.77 15.87 14.72 13.72 12.96 12.35 11.83 11.47 11.22 11.07 10.94 10.62 10.01 9.29 8.60 8.64 8.96 9.89 11.08 11.88 12.05 11.86 11.45 11.09 10.59 9.98 9.50 9.27 9.33 9.66 9.62 9.30 8.85 8.81 9.26 10.11 11.04 11.78 12.20 12.28 11.87 11.44 10.82 10.03 9.24 8.70 8.71 9.34 10.46 12.13 13.89 15.74 17.19 17.55 17.15 16.66 16.38 16.25 16.02 15.26 14.71 14.47 14.12 13.58
11.17 10.89 11.04 11.76 12.19 12.37 12.63 13.20 14.00 14.81 15.73 16.59 17.00 16.68 15.69 14.41 13.21 12.11 11.38 10.85 10.54 10.50 10.56 10.48 10.45 10.23 9.48 8.02 6.88 6.50 6.45 6.93 8.15 9.72 10.72 11.30 11.46 11.75 11.77 11.74 11.81 11.97 12.21 12.21 12.01 11.70 11.35 11.41 11.81 12.03 12.07 11.99 11.89 11.71 11.59 11.48 11.37 11.50 11.54 11.45 11.51 11.89 12.66 13.96 15.31 16.39 16.43 15.37 14.61 14.55 14.55 14.37 13.97 13.19 12.94 13.03 13.23 13.28
11.45 11.41 11.53 11.85 12.23 12.64 13.14 13.79 14.60 15.43 16.18 16.50 16.15 15.17 13.93 12.90 11.99 11.06 10.23 9.74 9.57 9.52 9.47 9.68 9.95 10.00 9.55 8.28 6.54 5.75 5.53 5.97 6.83 7.91 9.36 10.63 11.35 11.99 12.42 12.93 13.46 13.86 13.96 13.69 13.40 13.20 13.00 12.89 12.85 12.39 11.79 11.60 11.81 12.01 11.95 11.97 12.24 12.84 13.25 13.50 13.73 14.06 14.60 15.24 15.88 15.77 14.64 13.56 13.32 13.65 13.76 13.48 12.86 12.40 12.28 12.41 12.71 13.04
11.93 12.00 11.87 11.66 11.87 12.52 13.31 14.16 14.96 15.57 15.85 15.62 14.83 13.72 12.70 11.92 11.25 10.54 9.81 9.26 8.91 8.62 8.41 8.62 9.22 9.77 9.97 9.61 8.49 7.67 7.54 7.85 7.94 8.19 8.91 10.04 10.82 11.48 12.21 13.05 13.63 13.76 13.59 13.24 13.11 13.23 13.25 13.10 12.93 12.65 12.62 12.85 12.97 12.84 12.38 12.27 12.36 12.62 13.13 13.72 14.32 14.78 15.19 15.34 15.22 14.52 13.61 13.45 13.66 13.71 13.42 12.76 11.83 11.07 10.67 10.91 11.40 11.82
12.02 12.11 12.10 12.00 12.25 12.85 13.61 14.42 14.99 15.19 15.01 14.44 13.54 12.61 11.84 11.16 10.55 9.97 9.38 8.79 8.22 7.81 7.70 8.05 8.94 9.95 10.79 11.45 11.89 11.93 11.68 11.12 10.46 10.00 9.88 10.21 10.93 11.86 12.74 13.20 13.01 12.55 12.34 12.48 12.65 12.98 13.28 13.53 13.92 14.27 14.21 13.95 13.47 12.96 12.47 12.37 12.45 12.77 13.43 13.99 14.50 14.79 14.85 14.59 14.07 13.50 13.22 13.55 13.67 13.41 12.83 11.74 10.60 9.30 8.34 8.29 8.83 9.44
11.91 12.01 12.24 12.55 13.00 13.53 14.02 14.42 14.63 14.50 14.09 13.39 12.55 11.77 11.09 10.41 9.71 9.01 8.39 7.87 7.62 7.72 8.17 8.94 9.99 10.97 11.91 12.89 13.90 14.49 14.43 13.69 12.66 11.83 11.41 11.33 12.15 13.23 13.36 12.80 11.96 11.64 11.98 12.47 12.70 13.11 13.80 14.49 15.15 15.54 15.27 14.46 13.69 13.14 12.61 12.52 12.80 13.28 13.70 13.84 13.91 13.89 13.78 13.61 13.15 12.80 12.60 12.77 12.67 12.44 12.17 11.28 10.60 9.15 7.68 7.08 6.79 6.75
11.99 12.15 12.51 13.02 13.57 13.85 13.86 13.79 13.86 13.77 13.39 12.72 11.91 11.12 10.38 9.58 8.68 7.85 7.36 7.27 7.59 8.36 9.33 10.30 11.25 12.04 12.66 13.23 13.85 14.39 14.61 14.52 13.94 13.08 12.53 12.42 12.88 13.15 12.47 11.56 11.11 11.24 11.51 11.79 12.03 12.68 13.52 14.26 14.79 15.17 15.24 14.90 14.38 13.77 13.03 12.75 12.81 12.81 12.71 12.67 12.48 12.38 12.54 12.75 12.64 12.33 11.93 11.69 11.55 11.57 11.69 11.95 11.98 11.46 9.96 8.36 7.04 6.13
12.13 12.31 12.62 12.95 13.13 13.01 12.85 12.92 13.20 13.36 13.00 12.28 11.41 10.48 9.44 8.47 7.86 7.66 7.86 8.13 8.49 9.06 9.86 10.79 11.69 12.31 12.59 12.68 12.72 12.77 13.23 13.95 14.34 14.15 13.63 13.07 12.45 11.64 10.95 10.74 10.64 10.51 10.28 10.32 10.92 11.67 12.32 12.49 12.60 12.91 13.20 13.54 13.73 13.69 13.34 12.90 12.48 12.03 11.79 11.73 11.71 11.91 12.27 12.52 12.47 12.13 11.73 11.42 11.21 11.34 11.73 12.36 13.05 13.60 13.56 12.25 10.66 9.16
12.11 12.22 12.32 12.32 12.12 11.99 12.29 12.97 13.43 13.33 12.65 11.71 10.72 9.62 8.57 8.15 8.48 9.33 9.80 9.96 9.93 9.99 10.40 11.02 11.55 11.80 11.79 11.78 11.87 11.86 12.17 12.91 13.84 14.31 14.24 13.48 12.06 10.90 10.39 10.46 10.30 10.03 9.93 10.16 10.58 10.85 10.84 10.26 9.65 9.37 9.62 10.05 10.66 11.40 11.82 12.05 12.02 11.90 11.88 12.03 12.26 12.47 12.50 12.36 12.20 11.97 11.71 11.51 11.37 11.57 12.04 12.44 13.10 14.11 15.04 15.28 14.77 13.90
12.05 12.08 12.10 12.07 12.01 12.34 13.05 13.64 13.65 12.98 11.82 10.55 9.43 8.47 8.08 8.41 9.34 10.21 10.71 10.97 11.03 11.05 11.18 11.22 10.99 10.61 10.44 10.75 11.38 11.87 12.07 12.25 12.62 13.26 13.64 13.43 12.27 11.28 10.68 10.63 10.62 10.74 10.83 10.86 10.78 10.51 10.01 8.97 7.81 7.32 7.28 7.47 7.94 8.92 10.09 11.08 11.70 12.03 12.28 12.59 12.77 12.56 12.14 11.79 11.69 11.61 11.44 11.42 11.46 11.66 11.91 12.04 12.31 12.99 13.95 14.97 15.56 15.75
12.09 12.08 12.16 12.36 12.69 13.25 13.73 13.70 12.99 11.73 10.23 8.68 7.45 6.89 6.90 7.35 7.92 8.62 9.58 10.41 11.07 11.41 11.33 10.74 9.89 9.31 9.34 9.87 10.43 10.83 11.08 11.12 11.24 11.82 12.65 13.07 12.55 11.85 11.35 11.37 11.49 11.64 11.66 11.65 11.49 11.16 10.69 9.96 9.08 8.43 8.29 8.66 9.55 10.58 11.42 11.83 12.01 12.14 12.29 12.40 12.27 11.80 11.38 11.20 11.19 11.09 10.87 10.97 11.15 11.24 11.25 11.27 11.08 10.88 11.20 12.01 13.16 14.07
12.14 12.14 12.27 12.62 13.15 13.60 13.57 12.85 11.51 9.82 8.28 7.03 6.27 5.92 5.75 5.71 5.98 6.61 7.52 8.64 9.63 10.30 10.31 9.87 9.43 9.24 9.26 9.31 9.12 8.90 8.99 9.23 9.65 10.45 11.58 12.45 12.46 11.96 11.63 11.83 11.96 12.08 12.26 12.70 12.79 12.68 12.46 12.24 12.15 11.99 11.69 12.13 12.93 13.45 13.43 12.82 12.29 12.02 11.81 11.51 11.16 10.84 10.61 10.61 10.64 10.45 10.21 10.37 10.51 10.51 10.46 10.36 9.91 9.27 9.03 9.38 10.17 10.96
12.18 12.21 12.38 12.83 13.33 13.38 12.68 11.34 9.71 8.23 7.16 6.58 6.36 6.32 6.25 6.06 6.02 6.24 6.70 7.39 8.15 8.70 9.07 9.47 9.87 10.10 10.10 9.80 9.39 9.15 9.10 9.25 9.64 10.14 10.75 11.50 11.89 11.77 11.72 12.02 12.23 12.54 13.03 13.77 14.00 13.98 13.87 13.83 14.05 14.43 14.63 14.59 14.32 13.67 12.85 12.33 12.05 11.72 11.20 10.55 9.97 9.72 9.73 9.91 10.15 10.22 10.21 10.26 10.17 10.04 9.96 9.87 9.48 8.78 8.21 7.97 8.33 8.74
12.24 12.32 12.53 12.89 12.98 12.37 11.07 9.51 8.18 7.32 6.89 6.78 6.96 7.36 7.75 7.97 7.94 7.86 8.06 8.56 9.09 9.48 9.84 10.23 10.51 10.84 11.38 11.85 12.12 12.17 12.05 11.98 11.98 11.79 11.13 10.97 11.40 11.80 12.22 12.65 12.97 13.42 14.01 14.52 14.44 14.26 14.16 14.21 14.50 14.97 15.21 15.02 14.25 13.00 12.09 12.02 11.98 11.57 10.84 10.01 9.36 9.15 9.45 9.94 10.48 10.83 10.95 10.80 10.36 10.08 9.89 9.84 9.56 8.77 7.68 6.69 6.45 6.53
12.27 12.33 12.41 12.31 11.63 10.31 8.76 7.59 6.93 6.68 6.82 7.23 7.76 8.40 9.22 10.09 10.72 11.08 11.49 12.00 12.38 12.48 12.26 11.75 11.27 11.37 12.25 13.10 13.59 13.64 13.48 13.23 12.88 12.31 11.32 10.97 11.41 12.19 12.99 13.52 13.87 14.19 14.40 14.39 13.96 13.68 13.74 14.03 14.44 14.79 14.67 14.49 14.37 14.15 13.62 12.94 12.30 11.70 11.16 10.70 10.39 10.30 10.53 10.90 11.24 11.34 11.21 10.96 10.56 10.49 10.48 10.32 9.80 8.61 6.97 5.47 4.85 4.60
12.24 12.25 12.02 11.32 10.00 8.47 7.27 6.61 6.45 6.69 7.34 8.23 9.15 10.07 11.07 12.21 13.16 14.02 14.71 14.96 14.73 14.12 13.22 12.37 11.83 11.86 12.30 12.34 11.98 11.69 11.37 11.12 10.98 10.80 10.74 11.14 11.85 12.69 13.51 13.94 14.07 14.00 13.69 13.21 12.93 12.80 13.02 13.44 13.94 14.34 14.24 14.11 14.20 14.38 14.21 13.40 12.51 11.87 11.51 11.37 11.41 11.59 11.69 11.80 11.77 11.50 11.04 10.84 10.90 11.39 11.56 11.18 10.39 8.96 6.98 5.53 4.83 4.38
12.27 12.19 11.72 10.83 9.80 8.88 8.19 7.79 7.75 8.12 8.80 9.73 10.83 11.93 13.04 14.01 14.87 15.49 15.62 15.16 14.18 13.04 12.21 11.97 12.17 12.49 12.43 11.65 10.63 10.07 9.86 9.92 10.26 10.40 10.72 11.45 12.29 12.97 13.47 13.67 13.56 13.17 12.55 11.98 11.76 11.80 11.94 12.25 12.56 12.59 12.65 12.78 12.91 12.93 12.76 12.52 12.10 11.62 11.25 11.08 11.24 11.72 12.09 12.30 12.22 11.92 11.52 11.40 11.60 12.04 12.09 11.63 11.12 10.33 8.71 7.34 6.37 5.56
12.18 12.01 11.47 10.97 10.64 10.28 10.02 10.00 10.26 10.51 10.80 11.44 12.44 13.62 14.69 15.33 15.54 15.22 14.31 12.98 11.68 10.82 10.74 11.27 12.07 12.92 13.16 12.89 12.48 12.30 12.28 12.29 12.12 11.74 11.56 11.89 12.36 12.80 13.03 13.02 12.59 11.96 11.41 11.09 10.94 10.96 11.10 11.14 10.73 10.00 9.67 9.93 10.41 10.64 10.78 11.08 11.27 11.19 11.02 11.02 11.29 11.82 12.11 12.15 11.97 11.77 11.67 11.69 11.67 11.70 11.62 11.33 11.62 11.86 11.25 9.90 8.66 7.52
11.91 11.63 11.25 11.18 11.26 11.39 11.60 12.02 12.57 12.95 13.17 13.50 14.25 15.13 15.59 15.49 14.81 13.63 12.22 10.96 10.17 9.91 10.23 10.96 11.88 13.12 13.86 14.40 14.67 14.74 14.64 14.30 13.70 12.99 12.40 12.24 12.31 12.48 12.52 12.16 11.41 10.76 10.56 10.68 10.81 11.04 11.24 11.08 10.12 8.94 8.25 8.08 7.99 8.37 9.22 10.19 10.90 11.17 11.18 11.28 11.61 11.97 11.88 11.58 11.23 11.06 11.03 10.98 10.83 10.83 10.78 10.94 11.98 13.12 13.54 13.05 11.96 10.93
11.75 11.53 11.31 11.49 12.02 12.73 13.45 14.06 14.52 14.84 15.02 15.21 15.48 15.57 15.17 14.25 13.03 11.73 10.64 10.03 10.20 10.71 11.30 11.84 12.55 13.36 13.70 13.83 14.03 14.12 14.03 13.84 13.60 13.27 12.66 12.31 12.22 12.07 11.65 11.05 10.61 10.72 11.00 11.28 11.53 11.87 12.02 11.94 11.42 10.75 10.09 9.41 8.58 8.79 9.71 10.62 11.23 11.61 11.81 11.93 12.01 12.08 11.83 11.52 11.24 10.99 10.71 10.55 10.54 10.74 10.89 11.27 12.34 13.54 14.52 15.00 15.05 14.84
11.80 11.68 11.52 11.79 12.53 13.46 14.22 14.73 14.99 15.14 15.27 15.36 15.25 14.69 13.64 12.38 11.15 10.12 9.43 9.44 10.38 11.41 12.13 12.60 13.04 13.23 12.75 12.05 11.71 11.68 11.83 12.23 12.68 12.88 12.52 12.13 11.82 11.29 10.69 10.48 11.00 11.87 12.23 12.31 12.35 12.49 12.54 12.55 12.52 12.71 12.73 12.36 11.74 11.32 11.35 11.37 11.52 11.95 12.44 12.66 12.65 12.62 12.38 12.16 11.92 11.62 11.39 11.44 11.75 11.82 11.73 11.83 12.28 12.88 13.79 14.96 15.90 16.39
11.75 11.66 11.50 11.70 12.18 12.77 13.14 13.35 13.45 13.61 13.85 13.99 13.73 13.00 11.92 10.71 9.61 8.99 8.95 9.49 10.46 11.27 11.89 12.25 12.37 12.08 11.22 10.36 9.71 9.41 9.71 10.36 11.10 11.62 11.88 11.82 11.46 11.07 11.04 11.62 12.46 12.88 12.88 12.78 12.70 12.65 12.54 12.32 12.39 12.76 13.14 13.38 13.34 12.85 11.96 11.37 11.48 12.00 12.54 12.93 13.17 13.34 13.23 13.02 12.74 12.47 12.36 12.48 12.61 12.33 12.03 11.95 11.97 12.17 12.79 13.74 14.64 15.25
11.65 11.60 11.55 11.64 11.69 11.65 11.53 11.36 11.39 11.71 12.10 12.20 11.78 10.93 9.85 8.96 8.78 9.27 10.29 11.22 11.64 11.85 12.01 12.04 11.76 10.91 9.65 8.65 7.94 7.62 7.77 8.18 8.70 9.45 10.21 10.79 11.25 11.70 12.29 12.82 13.04 12.94 12.70 12.58 12.54 12.44 12.20 11.79 11.47 11.31 11.47 11.99 12.49 12.39 11.66 11.22 11.42 11.93 12.46 13.03 13.55 13.91 13.87 13.67 13.36 13.01 12.69 12.39 12.05 11.52 11.42 11.53 11.67 11.89 12.25 12.52 12.72 12.82
11.95 12.13 12.34 12.16 11.76 11.23 10.74 10.41 10.45 10.82 11.01 10.61 9.69 8.55 7.60 7.61 8.83 10.65 12.07 12.80 13.08 13.09 12.92 12.66 12.29 11.62 10.25 8.72 7.70 7.30 7.16 7.25 7.60 8.16 8.90 9.94 11.06 11.89 12.24 12.21 12.02 11.94 11.92 11.96 12.05 12.03 11.79 11.18 10.35 9.70 9.51 9.72 10.21 10.77 10.91 11.01 11.25 11.68 12.26 12.91 13.53 13.97 13.93 13.74 13.45 13.10 12.64 12.07 11.51 10.99 10.90 11.07 11.32 11.46 11.56 11.82 11.68 11.37
12.48 12.81 13.01 12.67 12.06 11.39 10.85 10.56 10.46 10.23 9.53 8.38 7.13 6.15 5.81 6.37 8.06 10.20 11.72 12.74 13.31 13.51 13.42 13.31 13.31 13.12 12.42 11.21 10.24 9.95 9.89 9.69 9.77 9.94 10.27 10.85 11.43 11.64 11.50 11.20 10.93 10.91 11.22 11.50 11.75 11.80 11.56 10.93 10.07 9.39 8.95 8.40 8.07 8.36 9.05 9.95 10.77 11.39 11.99 12.64 13.22 13.45 13.39 13.17 13.08 13.06 12.89 12.47 11.96 11.34 10.94 10.88 10.96 11.10 11.42 11.74 11.60 11.14
