project/data/elevation/US_DEM2016/US_DEM2016_point_10-28-2019_1250_30m_vel.asc
ncols	125
nrows	167
xllcorner	-2042055.000000
yllcorner	1465035.000000
cellsize	30.000000
NODATA_value	-9999.000000
[rows 105 to 139 of 167, columns 0 to 79 of 125]
11.30 11.33 11.23 10.98 10.64 10.22 9.84 9.54 9.03 8.03 6.53 5.29 4.68 4.63 5.06 5.98 7.13 8.24 9.27 10.30 10.93 11.28 11.66 12.22 12.25 12.51 12.36 12.38 12.41 12.45 12.39 12.28 12.11 11.74 11.44 11.18 10.87 10.56 10.28 9.99 9.74 9.73 10.17 10.56 10.78 10.75 10.46 10.00 9.53 9.04 8.37 7.28 6.31 6.37 7.29 8.60 9.74 10.47 11.01 11.52 11.78 11.65 11.41 11.37 11.49 11.68 11.75 11.53 11.17 10.64 10.27 10.15 10.14 10.17 10.21 10.14 10.06 9.84 9.40 8.79
10.93 10.59 10.33 10.30 10.11 9.77 9.31 8.66 7.76 6.67 5.78 5.36 5.59 6.40 7.87 9.23 9.43 9.23 9.14 9.28 9.64 10.20 11.20 12.18 12.48 12.42 12.68 13.23 13.74 14.00 13.94 13.73 13.40 12.83 12.21 11.62 11.07 10.67 10.32 10.01 9.96 10.23 10.67 10.85 10.81 10.66 10.51 10.35 10.10 9.49 8.44 7.33 7.06 7.77 8.86 9.70 10.28 10.74 11.20 11.46 11.28 10.97 10.98 11.31 11.60 11.76 11.84 11.80 11.62 11.33 10.95 10.72 10.48 10.10 9.61 9.35 9.54 9.72 9.53 8.98
10.67 10.32 9.99 9.95 9.81 9.52 9.05 8.39 7.69 7.30 7.50 8.16 9.06 10.47 12.12 13.24 13.55 12.76 11.54 10.90 10.84 11.28 12.12 12.52 12.32 11.99 11.98 12.25 12.60 12.96 13.11 13.07 12.94 12.62 12.22 11.73 11.23 10.76 10.24 9.97 10.27 10.89 11.24 10.98 10.60 10.39 10.37 10.41 10.32 9.87 9.17 8.85 9.30 10.18 10.62 10.52 10.40 10.65 10.99 11.02 10.76 10.66 10.91 11.23 11.42 11.42 11.41 11.50 11.67 11.80 11.57 11.20 10.71 10.09 9.47 9.17 9.34 9.62 9.62 9.43
10.69 10.45 10.15 10.06 10.04 10.06 10.06 9.93 9.79 10.00 10.83 12.03 13.37 14.57 15.36 15.65 15.69 15.33 14.76 14.25 13.92 13.77 13.62 13.08 12.35 11.75 11.40 11.18 10.93 10.81 10.94 11.16 11.31 11.42 11.51 11.55 11.40 10.96 10.46 10.34 10.69 10.92 10.75 10.35 10.10 10.20 10.43 10.67 10.93 11.12 11.14 11.18 11.43 11.61 11.21 10.54 10.43 10.71 10.85 10.76 10.69 10.76 10.78 10.75 10.73 10.60 10.47 10.66 11.05 11.40 11.47 11.25 10.81 10.27 9.80 9.56 9.59 9.71 9.77 9.87
10.84 10.75 10.57 10.48 10.56 10.81 11.19 11.60 12.16 12.94 13.96 15.04 15.79 16.04 15.81 15.30 14.82 14.92 15.09 15.03 14.81 14.48 13.93 13.05 12.12 11.54 11.28 11.08 10.63 10.03 9.60 9.51 9.60 9.87 10.29 10.74 10.99 10.88 10.64 10.43 10.17 9.69 9.20 9.22 9.83 10.46 10.93 11.26 11.66 12.24 12.67 12.79 12.74 12.52 12.02 11.49 11.42 11.39 11.19 10.98 10.85 10.66 10.42 10.28 10.23 10.00 9.76 9.86 10.22 10.63 10.94 10.97 10.71 10.34 10.05 9.90 9.80 9.72 9.76 9.89
11.04 11.07 10.98 10.91 10.99 11.22 11.62 12.31 13.39 14.50 15.30 15.59 15.34 14.68 13.81 12.95 12.45 12.59 12.80 13.02 13.18 13.20 12.96 12.38 11.71 11.27 11.15 11.15 10.97 10.65 10.28 10.00 10.03 10.17 10.26 10.32 10.38 10.47 10.39 9.97 9.36 8.90 8.94 9.59 10.53 11.22 11.59 11.76 11.97 12.45 12.94 13.22 13.32 13.35 13.34 13.12 12.84 12.34 11.74 11.26 10.84 10.44 10.23 10.17 10.00 9.65 9.44 9.55 9.92 10.30 10.53 10.55 10.44 10.26 10.12 10.02 9.88 9.77 9.80 9.88
11.10 11.05 11.01 11.11 11.32 11.66 12.22 13.04 14.02 14.64 14.66 14.17 13.35 12.43 11.61 11.00 10.66 10.62 10.66 10.96 11.42 11.71 11.88 11.72 11.42 11.17 10.99 10.79 10.62 10.77 11.06 11.30 11.42 11.37 11.10 10.68 10.35 10.28 10.19 9.94 9.77 9.91 10.29 10.98 11.65 12.03 12.10 11.97 11.87 11.99 12.32 12.72 13.12 13.49 13.82 13.87 13.47 12.84 12.06 11.34 10.79 10.45 10.26 10.01 9.58 9.30 9.42 9.75 10.12 10.29 10.22 10.17 10.19 10.15 10.01 9.87 9.77 9.76 9.83 9.93
10.91 10.77 10.79 11.13 11.53 12.11 12.90 13.61 13.95 13.67 12.97 12.22 11.52 10.88 10.25 9.69 9.33 9.33 9.63 10.06 10.53 11.07 11.35 11.17 11.08 11.26 11.17 10.81 10.47 10.44 10.60 10.79 10.91 10.99 10.97 10.82 10.57 10.40 10.37 10.52 10.76 11.00 11.31 11.91 12.41 12.50 12.22 11.76 11.43 11.38 11.48 11.75 12.05 12.38 12.76 12.96 12.83 12.40 11.82 11.27 10.83 10.45 10.05 9.60 9.27 9.32 9.68 10.09 10.31 10.14 9.85 9.85 9.93 9.90 9.75 9.56 9.40 9.37 9.52 9.77
10.74 10.62 10.69 11.03 11.46 12.10 12.81 13.04 12.69 11.90 11.04 10.25 9.64 9.11 8.57 8.22 8.40 8.93 9.45 9.92 10.60 11.32 11.29 10.80 11.01 11.56 11.66 11.49 11.21 10.77 10.25 9.66 9.37 9.55 9.96 10.28 10.42 10.44 10.57 10.85 11.11 11.34 11.69 12.25 12.52 12.32 11.77 11.22 10.94 10.91 10.91 10.88 10.81 10.71 10.62 10.82 11.01 11.09 11.14 11.07 10.82 10.36 9.84 9.47 9.44 9.68 10.04 10.31 10.25 9.85 9.56 9.50 9.51 9.55 9.54 9.40 9.18 9.02 9.11 9.46
10.78 10.73 10.79 10.95 11.27 11.74 12.04 11.62 10.69 9.67 8.78 7.95 7.30 6.86 6.86 7.46 8.55 9.67 10.43 10.99 11.55 11.65 11.04 10.65 11.11 11.58 11.69 11.64 11.58 11.35 11.00 10.41 9.70 9.27 9.12 9.23 9.68 10.23 10.61 10.89 11.24 11.62 11.97 12.24 12.06 11.41 10.78 10.46 10.42 10.56 10.74 10.70 10.47 10.00 9.36 8.90 8.91 9.45 10.13 10.52 10.59 10.42 10.21 10.04 10.00 10.12 10.32 10.33 10.04 9.69 9.49 9.39 9.36 9.40 9.42 9.33 9.18 9.02 9.01 9.20
10.97 10.98 11.02 11.04 11.15 11.22 11.00 10.25 9.13 8.09 7.32 6.73 6.36 6.48 7.41 8.89 10.35 11.49 12.25 12.55 12.26 11.35 10.16 9.88 10.38 10.66 10.71 10.89 11.16 11.47 11.72 11.67 11.20 10.26 9.30 9.07 9.65 10.43 10.99 11.38 11.72 11.99 12.10 11.99 11.41 10.50 9.84 9.70 9.89 10.32 10.90 11.12 11.00 10.57 9.79 8.89 8.47 8.72 9.27 9.77 10.16 10.42 10.58 10.65 10.65 10.62 10.47 10.15 9.80 9.58 9.50 9.49 9.50 9.47 9.37 9.26 9.21 9.21 9.23 9.17
11.14 11.18 11.18 11.09 10.96 10.69 10.18 9.50 8.91 8.57 8.38 8.21 8.39 9.20 10.53 11.98 13.05 13.44 13.36 12.89 11.96 10.80 9.78 9.34 9.40 9.39 9.52 9.94 10.39 10.80 11.21 11.61 11.78 11.52 11.00 10.82 11.00 11.30 11.54 11.71 11.77 11.78 11.77 11.59 11.02 10.20 9.51 9.30 9.66 10.36 11.03 11.41 11.46 11.27 10.93 10.55 10.13 9.80 9.67 9.79 10.03 10.26 10.46 10.64 10.77 10.74 10.47 10.03 9.62 9.34 9.25 9.32 9.42 9.47 9.44 9.38 9.38 9.46 9.52 9.46
11.17 11.13 11.07 10.96 10.74 10.35 9.88 9.51 9.46 9.73 10.16 10.79 11.63 12.60 13.46 13.96 13.89 13.29 12.54 11.69 10.96 10.56 10.29 9.85 9.43 9.13 8.99 9.24 9.58 9.72 9.81 10.26 11.04 11.69 12.03 12.09 11.90 11.61 11.33 11.15 11.07 11.15 11.31 11.33 11.02 10.43 9.70 9.33 9.67 10.36 10.79 10.97 11.13 11.31 11.47 11.64 11.73 11.62 11.25 10.78 10.48 10.34 10.30 10.29 10.33 10.28 10.01 9.65 9.38 9.21 9.12 9.11 9.22 9.40 9.54 9.62 9.70 9.78 9.88 10.07
11.08 10.95 10.83 10.76 10.60 10.32 10.02 9.83 9.83 10.18 11.01 12.12 13.17 13.80 13.93 13.45 12.39 11.42 10.85 10.27 10.07 10.30 10.56 10.55 10.29 9.79 9.27 9.07 9.25 9.21 8.92 8.98 9.58 10.57 11.28 11.52 11.38 11.05 10.75 10.57 10.60 10.85 11.16 11.19 10.90 10.47 9.94 9.52 9.67 10.01 10.18 10.17 10.26 10.64 11.11 11.47 11.83 12.08 12.03 11.65 11.08 10.59 10.21 9.91 9.63 9.28 8.96 9.00 9.29 9.48 9.47 9.39 9.40 9.53 9.71 9.89 10.05 10.17 10.35 10.66
10.91 10.77 10.66 10.66 10.56 10.40 10.23 10.11 10.22 10.72 11.67 12.58 13.05 12.99 12.46 11.58 10.77 10.30 9.86 9.44 9.35 9.52 9.84 10.19 10.29 10.03 9.66 9.52 9.63 9.60 9.27 8.91 8.90 9.28 9.94 10.40 10.57 10.58 10.61 10.63 10.73 10.93 11.10 10.94 10.52 10.23 10.03 9.80 9.76 9.80 9.74 9.70 9.86 10.29 10.76 11.08 11.25 11.35 11.44 11.46 11.21 10.67 10.10 9.58 8.99 8.48 8.48 9.05 9.68 10.00 10.06 9.99 9.88 9.81 9.83 9.97 10.10 10.21 10.38 10.60
10.78 10.70 10.67 10.66 10.56 10.48 10.46 10.49 10.78 11.50 12.28 12.62 12.40 11.84 11.15 10.52 10.17 9.83 9.28 8.81 8.61 8.64 8.99 9.50 9.68 9.63 9.72 9.92 10.08 10.12 9.99 9.62 9.14 8.94 9.05 9.44 9.91 10.32 10.64 10.83 10.95 11.05 11.02 10.60 10.01 9.81 9.90 9.89 9.80 9.74 9.66 9.74 10.06 10.46 10.76 10.86 10.73 10.52 10.49 10.63 10.65 10.40 10.00 9.54 9.16 9.13 9.48 9.96 10.22 10.27 10.26 10.24 10.12 9.94 9.77 9.68 9.68 9.80 10.03 10.23
10.85 10.86 10.83 10.69 10.56 10.61 10.80 11.07 11.52 12.16 12.51 12.38 11.92 11.44 10.96 10.48 9.99 9.44 9.00 8.87 8.98 9.23 9.53 9.63 9.53 9.50 9.74 10.00 10.14 10.22 10.27 10.18 9.89 9.46 9.07 9.05 9.49 10.02 10.39 10.70 10.92 11.07 10.87 10.13 9.36 9.19 9.41 9.52 9.48 9.50 9.63 9.85 10.10 10.27 10.34 10.39 10.33 10.18 10.05 10.00 10.05 10.09 10.06 10.06 10.20 10.47 10.65 10.65 10.47 10.24 10.10 10.04 9.99 9.89 9.74 9.56 9.52 9.75 10.01 10.06
10.98 10.97 10.83 10.63 10.58 10.72 11.06 11.59 12.27 12.56 12.44 12.02 11.60 11.27 10.85 10.24 9.68 9.40 9.55 9.97 10.30 10.38 10.21 9.92 9.68 9.62 9.75 9.92 10.01 10.07 10.15 10.19 10.17 9.96 9.62 9.48 9.68 10.00 10.19 10.47 10.76 10.82 10.22 9.16 8.47 8.46 8.81 9.05 9.11 9.14 9.24 9.33 9.36 9.38 9.44 9.61 9.85 10.03 10.03 9.95 9.94 10.03 10.16 10.33 10.51 10.66 10.71 10.67 10.57 10.41 10.18 9.98 9.88 9.82 9.75 9.73 9.82 9.95 9.84 9.55
10.80 10.70 10.53 10.46 10.55 10.78 11.13 11.63 12.13 12.19 11.81 11.32 10.99 10.58 9.93 9.51 9.54 9.88 10.28 10.45 10.30 10.01 9.86 9.95 10.07 10.01 9.83 9.81 9.82 9.81 9.85 9.85 9.79 9.82 9.97 10.15 10.24 10.26 10.23 10.43 10.47 9.93 8.71 7.70 7.48 7.77 8.28 8.74 8.90 8.81 8.67 8.49 8.30 8.27 8.42 8.74 9.20 9.58 9.74 9.80 9.90 10.03 10.09 10.07 10.07 10.23 10.42 10.55 10.62 10.56 10.39 10.15 9.92 9.70 9.55 9.59 9.59 9.39 8.97 8.65
10.67 10.60 10.52 10.50 10.59 10.77 10.99 11.21 11.28 11.07 10.66 10.38 10.14 9.55 8.98 9.24 9.72 9.96 9.80 9.34 8.94 8.97 9.41 9.99 10.35 10.36 10.14 9.90 9.74 9.62 9.65 9.65 9.62 9.76 10.04 10.24 10.25 10.18 10.12 10.17 9.73 8.61 7.52 7.19 7.35 7.66 8.05 8.57 8.83 8.87 8.81 8.61 8.25 7.97 7.93 8.24 8.73 9.03 9.22 9.53 9.81 9.99 10.14 10.35 10.58 10.79 10.80 10.66 10.46 10.27 10.19 10.08 9.81 9.42 9.23 9.17 8.98 8.71 8.48 8.44
10.97 11.10 11.08 10.82 10.64 10.62 10.68 10.70 10.53 10.24 10.02 10.00 9.73 9.11 8.98 9.30 9.34 8.95 8.34 7.92 8.04 8.71 9.60 10.28 10.54 10.52 10.45 10.30 10.03 9.70 9.56 9.63 9.67 9.69 9.63 9.49 9.46 9.52 9.64 9.52 8.94 8.21 8.14 8.52 8.78 8.75 8.77 8.96 9.17 9.34 9.38 9.25 8.99 8.68 8.49 8.57 8.77 9.01 9.35 9.71 9.90 10.05 10.37 10.92 11.25 11.24 10.92 10.55 10.19 9.94 9.80 9.68 9.44 9.16 8.95 8.75 8.57 8.47 8.56 8.66
11.23 11.30 11.16 10.73 10.41 10.32 10.34 10.29 10.13 10.02 10.05 9.98 9.52 9.00 8.78 8.53 8.08 7.65 7.48 7.70 8.37 9.25 10.14 10.65 10.63 10.49 10.50 10.49 10.25 9.86 9.65 9.69 9.67 9.41 9.01 8.78 8.86 9.15 9.36 9.25 9.08 9.30 9.79 10.14 10.28 10.29 10.19 10.03 9.91 9.78 9.57 9.35 9.25 9.22 9.18 9.16 9.22 9.45 9.74 9.96 9.97 10.10 10.41 10.74 10.69 10.39 10.15 10.11 10.13 10.03 9.73 9.35 9.05 8.91 8.72 8.41 8.07 7.88 7.97 8.18
10.87 10.59 10.08 9.85 9.82 9.95 10.08 10.06 9.98 9.92 9.80 9.49 9.02 8.57 8.16 7.76 7.52 7.61 8.16 9.11 9.94 10.47 10.76 10.57 10.05 9.93 10.06 10.07 9.94 9.81 9.77 9.81 9.77 9.54 9.22 9.15 9.36 9.57 9.67 9.74 9.99 10.30 10.47 10.56 10.78 11.09 11.28 11.19 10.86 10.38 10.00 9.76 9.61 9.53 9.47 9.48 9.60 9.74 9.83 9.89 9.86 9.96 10.07 10.01 9.73 9.55 9.73 10.12 10.32 10.13 9.65 9.11 8.81 8.68 8.57 8.41 8.13 7.76 7.55 7.70
10.13 9.53 8.91 8.93 9.27 9.70 9.97 9.99 9.89 9.69 9.39 9.01 8.72 8.58 8.53 8.56 8.84 9.45 10.40 11.25 11.65 11.53 10.96 10.11 9.49 9.43 9.47 9.41 9.44 9.56 9.66 9.74 9.83 9.89 9.99 10.18 10.32 10.25 10.15 10.19 10.27 10.24 10.30 10.56 11.02 11.53 11.94 12.04 11.83 11.44 11.05 10.76 10.48 10.16 9.85 9.68 9.67 9.67 9.69 9.77 9.72 9.76 9.72 9.54 9.39 9.63 10.13 10.46 10.20 9.56 9.06 8.81 8.66 8.51 8.44 8.57 8.77 8.77 8.51 8.43
9.94 9.52 9.05 9.21 9.63 9.98 10.07 9.99 9.83 9.64 9.42 9.21 9.17 9.45 9.96 10.49 11.10 11.68 12.05 12.17 11.92 11.34 10.52 9.81 9.46 9.35 9.20 9.14 9.26 9.42 9.48 9.51 9.71 10.01 10.27 10.41 10.38 10.26 10.15 10.05 9.92 9.89 10.17 10.67 11.30 11.87 12.19 12.21 12.10 11.86 11.47 11.02 10.68 10.44 10.18 9.94 9.73 9.52 9.50 9.61 9.67 9.71 9.67 9.60 9.72 10.15 10.47 10.21 9.33 8.55 8.36 8.41 8.45 8.47 8.48 8.55 8.80 9.21 9.52 9.64
10.30 10.28 10.36 10.69 10.90 10.71 10.29 9.99 9.84 9.77 9.73 9.75 9.99 10.53 11.14 11.64 11.96 12.02 11.81 11.27 10.54 9.81 9.39 9.30 9.40 9.42 9.37 9.45 9.63 9.73 9.67 9.62 9.78 10.06 10.13 9.94 9.79 9.82 9.92 9.92 9.87 9.99 10.42 10.96 11.46 11.76 11.70 11.40 11.17 11.03 10.78 10.57 10.54 10.51 10.38 10.21 10.00 9.78 9.56 9.59 9.75 9.83 9.85 9.92 10.20 10.49 10.31 9.51 8.52 8.12 8.12 8.22 8.32 8.55 8.86 8.90 8.78 8.83 9.28 9.86
10.57 10.77 11.18 11.50 11.49 11.11 10.53 10.05 9.85 9.86 9.97 10.18 10.56 11.03 11.32 11.33 11.19 10.95 10.44 9.57 8.69 8.25 8.36 8.88 9.35 9.61 9.79 10.01 10.22 10.35 10.40 10.45 10.53 10.56 10.45 10.18 9.94 9.92 9.99 10.13 10.37 10.79 11.18 11.37 11.40 11.19 10.66 10.11 9.89 10.00 10.21 10.47 10.69 10.66 10.49 10.35 10.27 10.16 9.95 9.87 9.92 10.01 10.11 10.27 10.44 10.37 9.81 8.92 8.39 8.26 8.30 8.38 8.51 8.71 9.01 9.22 9.24 9.08 9.13 9.71
10.67 10.87 11.18 11.34 11.31 11.20 10.89 10.40 10.09 10.06 10.14 10.30 10.56 10.72 10.62 10.47 10.37 9.99 9.19 8.33 7.89 7.99 8.55 9.19 9.62 9.88 10.13 10.37 10.56 10.75 11.03 11.31 11.44 11.36 11.16 10.92 10.65 10.47 10.30 10.41 10.85 11.31 11.42 11.30 11.06 10.54 9.78 9.20 9.13 9.57 10.22 10.71 10.84 10.68 10.54 10.48 10.46 10.43 10.29 10.11 10.07 10.15 10.29 10.39 10.37 10.01 9.26 8.64 8.48 8.50 8.55 8.63 8.80 8.99 9.02 9.10 9.42 9.79 10.10 10.62
10.85 11.09 11.43 11.57 11.55 11.42 11.30 11.12 10.83 10.55 10.32 10.17 10.10 10.03 10.04 10.17 10.10 9.56 8.89 8.64 8.86 9.25 9.60 9.88 10.05 10.17 10.34 10.53 10.70 10.87 11.10 11.38 11.57 11.61 11.57 11.55 11.49 11.29 10.92 10.73 10.91 11.03 11.04 11.01 10.72 10.09 9.40 9.02 9.10 9.69 10.49 10.97 11.03 10.86 10.73 10.65 10.58 10.51 10.31 10.12 10.06 10.12 10.21 10.25 10.17 9.80 9.19 8.79 8.72 8.78 8.84 8.85 8.90 9.03 9.15 9.30 9.59 10.20 11.03 11.80
11.27 11.64 12.15 12.20 11.96 11.57 11.45 11.48 11.35 10.88 10.32 9.89 9.66 9.66 9.91 10.09 9.84 9.42 9.38 9.78 10.20 10.35 10.36 10.40 10.44 10.48 10.58 10.68 10.78 10.92 11.06 11.15 11.17 11.33 11.71 12.15 12.41 12.33 11.96 11.35 10.99 10.79 10.85 10.77 10.29 9.67 9.30 9.27 9.57 10.23 10.92 11.28 11.32 11.17 10.97 10.79 10.62 10.44 10.17 10.03 10.01 10.04 10.07 10.06 10.01 9.78 9.44 9.27 9.23 9.23 9.23 9.15 9.01 8.98 9.25 9.76 10.30 10.98 11.93 12.66
11.56 11.81 12.15 12.16 11.96 11.57 11.30 11.16 11.00 10.59 10.06 9.65 9.53 9.70 9.86 9.72 9.49 9.57 10.01 10.39 10.52 10.51 10.52 10.62 10.68 10.66 10.63 10.63 10.66 10.85 11.10 11.17 11.14 11.31 11.77 12.28 12.61 12.71 12.63 12.19 11.40 10.81 10.47 10.08 9.53 9.24 9.31 9.54 10.01 10.75 11.35 11.52 11.44 11.29 11.09 10.87 10.64 10.39 10.10 10.02 10.05 10.08 10.08 10.05 10.04 9.95 9.82 9.79 9.80 9.78 9.70 9.62 9.50 9.44 9.61 10.17 11.17 12.36 13.32 13.48
11.42 11.22 10.92 10.93 11.07 11.04 10.81 10.59 10.50 10.34 10.15 10.08 10.22 10.38 10.15 9.66 9.44 9.64 9.91 10.02 10.16 10.37 10.59 10.76 10.77 10.59 10.40 10.31 10.37 10.63 10.94 11.18 11.30 11.41 11.50 11.57 11.65 11.83 12.00 11.89 11.21 10.40 9.71 9.18 8.92 8.99 9.27 9.60 10.27 11.14 11.54 11.42 11.23 11.17 11.09 10.92 10.65 10.35 10.06 10.04 10.17 10.25 10.23 10.17 10.12 10.08 10.07 10.14 10.20 10.25 10.35 10.50 10.56 10.65 10.84 11.30 12.23 13.37 13.98 13.65
10.91 10.33 9.35 8.95 9.11 9.45 9.80 10.13 10.45 10.73 11.00 11.33 11.58 11.41 10.74 9.99 9.57 9.37 9.21 9.27 9.72 10.29 10.67 10.82 10.75 10.53 10.28 10.10 10.05 10.21 10.41 10.60 10.72 10.80 10.67 10.44 10.30 10.28 10.31 10.25 10.01 9.57 9.07 8.74 8.76 9.00 9.27 9.75 10.70 11.49 11.48 11.08 10.92 10.97 10.99 10.88 10.64 10.37 10.15 10.23 10.42 10.50 10.45 10.31 10.17 10.11 10.18 10.34 10.49 10.68 11.05 11.54 12.04 12.53 12.96 13.28 13.64 13.99 13.80 13.08
10.23 9.46 8.24 7.79 7.80 8.17 8.90 9.69 10.39 11.02 11.55 11.89 11.89 11.43 10.73 10.09 9.59 9.21 9.07 9.32 9.81 10.31 10.63 10.77 10.76 10.64 10.47 10.25 9.98 9.86 9.87 9.83 9.76 9.77 9.72 9.49 9.21 9.03 8.89 8.88 8.93 8.90 8.82 8.90 9.26 9.64 10.03 10.73 11.55 11.78 11.38 10.93 10.82 10.85 10.85 10.81 10.74 10.76 10.89 11.05 11.02 10.82 10.60 10.42 10.31 10.26 10.33 10.51 10.76 11.12 11.73 12.51 13.38 14.10 14.55 14.60 14.40 14.02 13.34 12.73
9.67 9.01 8.09 7.95 8.15 8.56 9.08 9.56 10.05 10.61 11.11 11.31 11.05 10.54 10.14 9.84 9.54 9.36 9.48 9.88 10.28 10.61 10.77 10.82 10.80 10.76 10.76 10.72 10.53 10.15 9.88 9.66 9.50 9.37 9.16 8.81 8.43 8.22 8.19 8.31 8.48 8.68 9.07 9.69 10.28 10.78 11.35 11.88 12.12 11.83 11.24 10.89 10.79 10.75 10.73 10.80 11.01 11.39 11.78 11.85 11.46 10.91 10.57 10.48 10.53 10.55 10.53 10.66 11.03 11.61 12.37 13.17 13.84 14.22 14.33 14.15 13.75 13.23 12.75 12.59
