project/data/elevation/US_DEM2016/US_DEM2016_point_10-28-2019_2259_30m_vel.asc
ncols	125
nrows	167
xllcorner	-2042055.000000
yllcorner	1465035.000000
cellsize	30.000000
NODATA_value	-9999.000000
[rows 76 to 113 of 167, columns 0 to 83 of 125]
1.54 1.50 1.49 1.53 1.56 1.62 1.76 1.88 1.91 1.82 1.69 1.63 1.70 1.86 2.01 2.15 2.22 2.18 2.05 1.91 1.84 1.77 1.70 1.63 1.60 1.58 1.53 1.53 1.56 1.62 1.65 1.62 1.50 1.42 1.43 1.48 1.49 1.43 1.34 1.28 1.27 1.32 1.40 1.42 1.39 1.35 1.34 1.30 1.27 1.26 1.26 1.24 1.21 1.24 1.33 1.42 1.47 1.46 1.46 1.48 1.48 1.38 1.18 1.02 0.95 0.96 1.04 1.12 1.22 1.34 1.43 1.51 1.65 1.83 2.02 2.21 2.40 2.47 2.39 2.15 1.81 1.38 1.18 1.14
1.55 1.51 1.51 1.55 1.59 1.71 1.80 1.78 1.64 1.44 1.34 1.40 1.57 1.78 1.96 2.08 2.08 1.99 1.86 1.74 1.67 1.62 1.59 1.57 1.57 1.56 1.52 1.52 1.53 1.58 1.67 1.72 1.69 1.68 1.67 1.63 1.56 1.44 1.33 1.30 1.35 1.40 1.41 1.36 1.31 1.29 1.30 1.27 1.23 1.20 1.18 1.17 1.17 1.24 1.35 1.45 1.51 1.52 1.53 1.51 1.40 1.21 1.08 1.08 1.17 1.29 1.35 1.40 1.52 1.71 1.84 1.99 2.18 2.35 2.48 2.59 2.61 2.51 2.28 2.06 1.85 1.53 1.29 1.16
1.52 1.44 1.42 1.47 1.50 1.57 1.55 1.45 1.39 1.33 1.39 1.51 1.69 1.90 2.03 2.06 1.98 1.86 1.75 1.65 1.57 1.52 1.50 1.49 1.48 1.47 1.46 1.49 1.50 1.51 1.59 1.69 1.76 1.76 1.73 1.66 1.56 1.43 1.38 1.37 1.36 1.31 1.26 1.20 1.16 1.11 1.05 0.99 0.96 0.96 0.99 1.06 1.19 1.32 1.43 1.50 1.55 1.56 1.52 1.43 1.28 1.15 1.15 1.28 1.46 1.57 1.66 1.80 1.99 2.10 2.19 2.31 2.44 2.54 2.54 2.50 2.39 2.17 2.00 1.94 1.95 1.87 1.70 1.51
1.47 1.34 1.32 1.39 1.42 1.42 1.40 1.42 1.48 1.57 1.67 1.79 1.96 2.10 2.13 2.05 1.92 1.79 1.69 1.60 1.51 1.46 1.42 1.40 1.38 1.35 1.34 1.37 1.36 1.35 1.37 1.49 1.59 1.63 1.61 1.57 1.50 1.40 1.34 1.27 1.18 1.10 1.07 1.09 1.08 1.03 0.97 0.94 0.99 1.08 1.19 1.33 1.46 1.53 1.54 1.52 1.48 1.40 1.28 1.14 1.07 1.11 1.23 1.42 1.62 1.81 2.01 2.17 2.22 2.23 2.23 2.26 2.30 2.28 2.20 2.08 1.94 1.79 1.71 1.75 1.86 1.93 1.91 1.80
1.40 1.30 1.31 1.43 1.49 1.49 1.51 1.59 1.70 1.79 1.89 2.03 2.17 2.19 2.09 1.94 1.78 1.66 1.58 1.50 1.43 1.39 1.35 1.32 1.29 1.27 1.24 1.19 1.11 1.08 1.07 1.16 1.29 1.40 1.45 1.47 1.50 1.42 1.38 1.30 1.24 1.23 1.24 1.27 1.26 1.23 1.20 1.22 1.29 1.41 1.53 1.61 1.64 1.62 1.53 1.47 1.38 1.28 1.19 1.13 1.14 1.23 1.38 1.59 1.80 2.03 2.19 2.18 2.10 2.02 1.99 1.96 1.92 1.83 1.75 1.69 1.66 1.62 1.57 1.54 1.61 1.73 1.83 1.85
1.37 1.33 1.38 1.52 1.60 1.62 1.65 1.71 1.80 1.90 2.03 2.15 2.18 2.07 1.90 1.73 1.59 1.47 1.39 1.33 1.29 1.28 1.28 1.26 1.25 1.24 1.19 1.04 0.90 0.84 0.81 0.86 0.97 1.13 1.26 1.39 1.44 1.52 1.54 1.55 1.57 1.60 1.61 1.59 1.56 1.53 1.51 1.54 1.60 1.61 1.59 1.55 1.51 1.48 1.47 1.46 1.46 1.51 1.54 1.55 1.55 1.59 1.68 1.84 2.00 2.10 2.04 1.86 1.76 1.78 1.79 1.75 1.69 1.60 1.56 1.53 1.55 1.58 1.57 1.50 1.48 1.52 1.62 1.74
1.45 1.45 1.47 1.50 1.55 1.61 1.68 1.76 1.86 1.98 2.08 2.11 2.01 1.83 1.67 1.54 1.44 1.33 1.25 1.19 1.17 1.16 1.15 1.17 1.21 1.22 1.20 1.09 0.89 0.80 0.79 0.83 0.90 0.96 1.09 1.30 1.39 1.52 1.60 1.67 1.74 1.79 1.78 1.73 1.69 1.68 1.68 1.68 1.67 1.60 1.51 1.48 1.51 1.54 1.54 1.53 1.59 1.65 1.71 1.75 1.79 1.84 1.91 1.99 2.05 1.98 1.78 1.64 1.63 1.71 1.72 1.66 1.58 1.51 1.50 1.48 1.48 1.53 1.56 1.54 1.48 1.45 1.45 1.56
1.52 1.55 1.54 1.49 1.50 1.59 1.69 1.80 1.91 1.99 2.02 1.95 1.79 1.63 1.52 1.42 1.33 1.26 1.19 1.13 1.08 1.03 1.01 1.06 1.14 1.20 1.25 1.26 1.16 1.09 1.10 1.13 1.10 1.06 1.14 1.29 1.34 1.46 1.57 1.67 1.72 1.71 1.68 1.63 1.61 1.64 1.67 1.67 1.65 1.62 1.63 1.67 1.69 1.67 1.61 1.58 1.64 1.61 1.63 1.71 1.81 1.89 1.95 1.96 1.92 1.78 1.66 1.66 1.71 1.72 1.68 1.57 1.45 1.36 1.33 1.34 1.34 1.37 1.41 1.45 1.45 1.41 1.35 1.37
1.51 1.53 1.55 1.56 1.58 1.65 1.73 1.84 1.92 1.94 1.89 1.76 1.62 1.50 1.41 1.32 1.23 1.17 1.13 1.07 0.99 0.94 0.95 1.02 1.14 1.26 1.37 1.49 1.59 1.62 1.61 1.54 1.44 1.35 1.29 1.34 1.45 1.56 1.66 1.68 1.62 1.53 1.50 1.53 1.56 1.61 1.67 1.72 1.78 1.84 1.83 1.79 1.73 1.67 1.61 1.61 1.63 1.65 1.70 1.75 1.83 1.87 1.88 1.85 1.76 1.67 1.65 1.70 1.71 1.66 1.57 1.45 1.29 1.17 1.08 1.08 1.10 1.12 1.18 1.24 1.30 1.32 1.26 1.23
1.48 1.49 1.55 1.62 1.68 1.74 1.80 1.84 1.86 1.84 1.75 1.62 1.49 1.40 1.32 1.23 1.12 1.04 1.00 0.97 0.95 0.99 1.08 1.20 1.34 1.45 1.55 1.67 1.79 1.87 1.87 1.80 1.67 1.57 1.53 1.55 1.66 1.75 1.71 1.59 1.45 1.43 1.49 1.56 1.59 1.65 1.75 1.83 1.91 1.96 1.93 1.83 1.74 1.69 1.63 1.63 1.68 1.72 1.73 1.73 1.73 1.72 1.73 1.72 1.66 1.61 1.60 1.62 1.58 1.53 1.48 1.41 1.31 1.18 1.02 0.96 0.91 0.88 0.89 0.93 1.03 1.15 1.15 1.15
1.49 1.53 1.60 1.67 1.74 1.77 1.76 1.74 1.75 1.73 1.64 1.52 1.41 1.32 1.23 1.13 1.01 0.93 0.97 0.95 1.03 1.15 1.28 1.41 1.52 1.60 1.64 1.68 1.73 1.78 1.80 1.81 1.77 1.69 1.64 1.65 1.69 1.67 1.52 1.39 1.35 1.41 1.46 1.49 1.52 1.61 1.72 1.76 1.80 1.85 1.88 1.86 1.82 1.77 1.69 1.65 1.82 1.62 1.63 1.57 1.54 1.52 1.57 1.62 1.60 1.56 1.53 1.50 1.46 1.44 1.45 1.48 1.51 1.48 1.32 1.13 0.98 0.87 0.79 0.97 0.81 0.88 0.95 1.00
1.52 1.55 1.61 1.65 1.66 1.64 1.62 1.64 1.69 1.68 1.58 1.46 1.35 1.24 1.12 1.01 0.96 1.00 1.09 1.16 1.21 1.27 1.36 1.47 1.57 1.61 1.60 1.57 1.56 1.55 1.60 1.68 1.77 1.79 1.76 1.67 1.85 1.43 1.32 1.31 1.33 1.32 1.29 1.31 1.40 1.52 1.57 1.53 1.52 1.56 1.59 1.64 1.69 1.71 1.71 1.66 1.59 1.52 1.49 1.50 1.49 1.51 1.57 1.60 1.58 1.54 1.51 1.47 1.43 1.44 1.49 1.55 1.62 1.70 1.73 1.61 1.44 1.28 1.15 1.05 0.97 0.91 0.93 0.99
1.53 1.55 1.57 1.57 1.54 1.53 1.58 1.69 1.74 1.68 1.54 1.40 1.28 1.15 1.04 1.40 1.10 1.28 1.38 1.41 1.40 1.40 1.44 1.50 1.53 1.52 1.48 1.44 1.46 1.47 1.50 1.57 1.67 1.76 1.80 1.71 1.51 1.37 1.30 1.32 1.31 1.28 1.27 1.32 1.40 1.45 1.42 1.29 1.20 1.15 1.15 1.19 1.26 1.37 1.47 1.52 1.53 1.53 1.55 1.57 1.59 1.61 1.61 1.59 1.56 1.53 1.51 1.49 1.46 1.49 1.54 1.56 1.59 1.69 1.83 1.90 1.88 1.81 1.72 1.60 1.46 1.34 1.33 1.32
1.53 1.55 1.57 1.57 1.56 1.61 1.72 1.79 1.75 1.62 1.45 1.28 1.12 1.00 1.00 1.09 1.25 1.36 1.41 1.46 1.49 1.51 1.52 1.49 1.42 1.34 1.30 1.32 1.41 1.48 1.51 1.52 1.53 1.59 1.67 1.70 1.57 1.46 1.38 1.36 1.37 1.40 1.42 1.43 1.43 1.41 1.33 1.17 1.00 0.93 0.92 0.94 0.98 1.11 1.28 1.42 1.50 1.57 1.61 1.65 1.66 1.62 1.55 1.52 1.51 1.49 1.48 1.49 1.49 1.51 1.53 1.52 1.50 1.54 1.65 1.79 1.88 1.93 1.95 1.93 1.89 1.84 1.79 1.71
1.53 1.55 1.59 1.62 1.66 1.74 1.80 1.76 1.62 1.44 1.25 1.05 0.87 0.80 1.38 0.95 1.03 1.09 1.21 1.32 1.42 1.48 1.47 1.36 1.24 1.18 1.19 1.25 1.30 1.34 1.38 1.38 1.38 1.41 1.51 1.63 1.60 1.52 1.46 1.47 1.49 1.52 1.52 1.52 1.51 1.48 1.42 1.31 1.20 1.12 1.12 1.18 1.31 1.44 1.53 1.56 1.58 1.60 1.61 1.60 1.57 1.50 1.45 1.45 1.46 1.43 1.40 1.44 1.47 1.46 1.45 1.44 1.38 1.33 1.36 1.45 1.55 1.65 1.77 1.86 1.91 1.93 1.93 1.89
1.53 1.55 1.59 1.65 1.72 1.78 1.75 1.61 1.41 1.19 1.00 0.85 0.77 0.76 0.77 0.77 0.78 0.85 0.97 1.10 1.21 1.29 1.28 1.22 1.20 1.22 1.24 1.24 1.18 1.13 1.14 1.17 1.23 1.28 1.37 1.51 1.57 1.51 1.48 1.52 1.54 1.56 1.58 1.64 1.67 1.66 1.64 1.60 1.60 1.59 1.57 1.64 1.75 1.80 1.77 1.67 1.60 1.57 1.53 1.46 1.41 1.37 1.36 1.39 1.40 1.36 1.32 1.37 1.40 1.38 1.36 1.34 1.26 1.18 1.19 1.21 1.23 1.29 1.40 1.52 1.61 1.69 1.73 1.76
1.53 1.56 1.62 1.69 1.74 1.72 1.58 1.38 1.16 0.98 0.87 0.84 0.87 0.91 0.92 0.89 0.87 0.90 0.95 1.01 1.08 1.12 1.15 1.22 1.31 1.36 1.38 1.33 1.27 1.24 1.23 1.25 1.29 1.31 1.30 1.38 1.47 1.48 1.50 1.55 1.58 1.61 1.68 1.78 1.80 1.80 1.78 1.77 1.80 1.86 1.89 1.89 1.84 1.73 1.62 1.57 1.53 1.49 1.42 1.33 1.26 1.24 1.27 1.32 1.36 1.35 1.34 1.36 1.35 1.33 1.31 1.29 1.23 1.15 1.10 1.07 1.07 1.06 1.09 1.16 1.23 1.31 1.35 1.37
1.53 1.56 1.61 1.66 1.64 1.52 1.33 1.12 0.95 0.86 0.85 0.91 0.99 1.06 1.12 1.16 1.17 1.16 1.18 1.23 1.28 1.30 1.33 1.38 1.42 1.46 1.53 1.60 1.63 1.64 1.63 1.61 1.60 1.54 1.39 1.34 1.41 1.50 1.59 1.65 1.69 1.74 1.81 1.87 1.84 1.79 1.76 1.77 1.81 1.87 1.90 1.88 1.78 1.62 1.53 1.54 1.54 1.48 1.38 1.28 1.21 1.20 1.26 1.35 1.43 1.45 1.45 1.43 1.37 1.33 1.31 1.30 1.26 1.16 1.04 0.92 0.87 0.82 0.80 0.85 0.92 0.99 1.02 1.01
1.53 1.54 1.54 1.50 1.39 1.20 1.00 0.85 0.78 0.80 0.88 0.99 1.08 1.17 1.28 1.40 1.50 1.55 1.60 1.66 1.69 1.69 1.65 1.57 1.50 1.52 1.63 1.72 1.76 1.76 1.73 1.69 1.64 1.56 1.42 1.37 1.44 1.57 1.70 1.76 1.80 1.82 1.84 1.83 1.76 1.70 1.69 1.72 1.77 1.82 1.80 1.78 1.79 1.79 1.75 1.68 1.60 1.52 1.45 1.40 1.37 1.37 1.42 1.49 1.53 1.52 1.47 1.44 1.40 1.40 1.40 1.36 1.28 1.12 0.93 0.76 0.69 0.63 0.61 0.65 0.71 0.72 0.74 0.78
1.54 1.54 1.50 1.38 1.19 1.00 0.86 0.78 0.80 0.89 1.01 1.13 1.25 1.37 1.51 1.65 1.77 1.88 1.95 1.96 1.91 1.81 1.68 1.58 1.53 1.57 1.62 1.58 1.49 1.43 1.39 1.36 1.35 1.33 1.34 1.41 1.52 1.65 1.76 1.80 1.79 1.76 1.71 1.65 1.62 1.60 1.61 1.64 1.70 1.75 1.74 1.72 1.74 1.78 1.78 1.71 1.61 1.54 1.50 1.48 1.49 1.53 1.56 1.60 1.59 1.52 1.44 1.42 1.46 1.54 1.54 1.45 1.32 1.13 0.92 0.79 0.73 0.68 0.64 0.66 0.68 0.66 0.65 0.73
1.54 1.54 1.48 1.38 1.26 1.16 1.11 1.07 1.08 1.15 1.23 1.33 1.46 1.61 1.75 1.86 1.95 2.00 1.98 1.89 1.75 1.60 1.49 1.49 1.56 1.64 1.63 1.50 1.34 1.27 1.25 1.27 1.31 1.33 1.37 1.47 1.59 1.68 1.74 1.74 1.69 1.62 1.54 1.48 1.48 1.49 1.50 1.51 1.53 1.53 1.52 1.53 1.54 1.55 1.54 1.54 1.51 1.48 1.45 1.42 1.44 1.52 1.59 1.64 1.62 1.55 1.49 1.49 1.55 1.62 1.59 1.47 1.36 1.26 1.13 1.03 0.95 0.86 0.85 0.86 0.85 0.82 0.82 0.93
1.53 1.49 1.42 1.42 1.40 1.39 1.39 1.40 1.43 1.46 1.48 1.55 1.67 1.82 1.94 1.99 1.97 1.88 1.73 1.55 1.39 1.31 1.33 1.44 1.57 1.69 1.71 1.67 1.62 1.61 1.62 1.63 1.60 1.54 1.51 1.55 1.61 1.65 1.66 1.63 1.55 1.46 1.40 1.39 1.40 1.42 1.43 1.42 1.35 1.24 1.17 1.19 1.24 1.26 1.27 1.32 1.38 1.41 1.42 1.43 1.46 1.54 1.59 1.60 1.55 1.49 1.48 1.51 1.53 1.54 1.51 1.41 1.40 1.43 1.41 1.31 1.20 1.09 1.12 1.17 1.16 1.13 1.17 1.34
1.49 1.44 1.40 1.46 1.45 1.50 1.56 1.63 1.69 1.74 1.77 1.81 1.90 1.99 2.01 1.94 1.81 1.62 1.43 1.29 1.22 1.23 1.32 1.44 1.57 1.73 1.79 1.84 1.88 1.89 1.88 1.84 1.77 1.69 1.61 1.59 1.61 1.61 1.57 1.50 1.39 1.32 1.32 1.37 1.41 1.46 1.49 1.45 1.31 1.14 1.05 1.02 1.00 1.03 1.12 1.25 1.36 1.43 1.46 1.47 1.51 1.56 1.56 1.51 1.44 1.40 1.40 1.42 1.41 1.42 1.40 1.38 1.47 1.59 1.67 1.65 1.55 1.48 1.55 1.59 1.57 1.56 1.62 1.70
1.48 1.45 1.44 1.48 1.55 1.65 1.76 1.84 1.89 1.92 1.95 1.99 2.01 1.98 1.88 1.72 1.55 1.37 1.25 1.20 1.26 1.39 1.51 1.59 1.69 1.76 1.75 1.72 1.73 1.73 1.71 1.69 1.69 1.69 1.63 1.58 1.56 1.52 1.44 1.36 1.31 1.36 1.43 1.48 1.52 1.58 1.59 1.55 1.48 1.40 1.34 1.26 1.16 1.17 1.27 1.37 1.46 1.51 1.54 1.56 1.56 1.58 1.55 1.51 1.46 1.42 1.39 1.38 1.39 1.42 1.42 1.44 1.55 1.66 1.77 1.84 1.88 1.91 1.95 1.97 1.95 1.92 1.89 1.82
1.50 1.49 1.48 1.52 1.61 1.73 1.81 1.86 1.88 1.89 1.91 1.93 1.91 1.80 1.63 1.46 1.31 1.19 1.13 1.16 1.33 1.50 1.61 1.68 1.74 1.73 1.61 1.49 1.42 1.40 1.40 1.45 1.54 1.61 1.60 1.55 1.49 1.41 1.33 1.32 1.42 1.55 1.60 1.61 1.62 1.65 1.63 1.60 1.58 1.62 1.65 1.63 1.58 1.52 1.50 1.48 1.49 1.55 1.61 1.64 1.64 1.64 1.62 1.59 1.56 1.52 1.49 1.51 1.56 1.56 1.53 1.54 1.57 1.60 1.67 1.80 1.94 2.03 2.06 2.05 1.99 1.92 1.82 1.67
1.50 1.49 1.48 1.49 1.56 1.63 1.64 1.65 1.66 1.69 1.72 1.72 1.66 1.55 1.41 1.25 1.13 1.09 1.13 1.24 1.38 1.49 1.57 1.62 1.64 1.57 1.42 1.29 1.20 1.15 1.17 1.23 1.32 1.42 1.49 1.51 1.47 1.43 1.43 1.53 1.64 1.68 1.66 1.64 1.65 1.65 1.61 1.54 1.52 1.56 1.61 1.66 1.70 1.66 1.53 1.45 1.46 1.54 1.61 1.66 1.69 1.72 1.71 1.68 1.64 1.61 1.60 1.62 1.64 1.61 1.57 1.56 1.54 1.53 1.57 1.66 1.77 1.83 1.85 1.85 1.82 1.75 1.62 1.47
1.49 1.50 1.51 1.51 1.51 1.48 1.44 1.41 1.43 1.48 1.52 1.50 1.41 1.29 1.16 1.06 1.06 1.19 1.38 1.52 1.57 1.59 1.60 1.60 1.56 1.42 1.23 1.09 1.01 0.98 0.99 1.02 1.05 1.13 1.25 1.37 1.46 1.54 1.62 1.68 1.68 1.64 1.60 1.60 1.61 1.60 1.55 1.46 1.40 1.36 1.35 1.41 1.50 1.53 1.47 1.42 1.45 1.53 1.60 1.67 1.74 1.78 1.77 1.73 1.68 1.64 1.61 1.58 1.54 1.48 1.48 1.50 1.51 1.51 1.53 1.54 1.54 1.53 1.55 1.62 1.68 1.70 1.66 1.61
1.54 1.58 1.63 1.61 1.54 1.44 1.37 1.33 1.34 1.39 1.37 1.28 1.14 1.00 0.89 0.93 1.13 1.42 1.62 1.71 1.74 1.73 1.71 1.68 1.62 1.52 1.33 1.13 1.03 1.00 0.99 0.99 0.99 1.04 1.13 1.28 1.44 1.56 1.58 1.54 1.50 1.49 1.50 1.52 1.55 1.54 1.49 1.39 1.28 1.19 1.15 1.16 1.21 1.30 1.36 1.39 1.43 1.51 1.59 1.66 1.74 1.78 1.76 1.71 1.66 1.62 1.58 1.52 1.47 1.42 1.41 1.44 1.47 1.47 1.46 1.46 1.42 1.38 1.35 1.40 1.51 1.62 1.72 1.80
1.60 1.65 1.68 1.65 1.58 1.49 1.42 1.39 1.37 1.29 1.15 0.98 0.82 0.73 0.72 0.83 1.08 1.34 1.52 1.64 1.71 1.73 1.72 1.72 1.71 1.68 1.59 1.46 1.38 1.38 1.38 1.35 1.35 1.35 1.38 1.45 1.51 1.52 1.46 1.40 1.37 1.37 1.43 1.48 1.52 1.51 1.45 1.36 1.27 1.19 1.14 1.06 0.99 1.01 1.12 1.27 1.40 1.51 1.58 1.64 1.70 1.71 1.68 1.63 1.61 1.61 1.60 1.57 1.54 1.48 1.44 1.43 1.45 1.44 1.46 1.47 1.42 1.37 1.30 1.26 1.27 1.34 1.45 1.57
1.59 1.58 1.56 1.53 1.50 1.45 1.41 1.35 1.24 1.06 0.84 0.70 0.65 0.70 0.81 0.93 1.06 1.17 1.28 1.42 1.51 1.55 1.61 1.69 1.73 1.72 1.74 1.80 1.83 1.85 1.84 1.83 1.81 1.75 1.69 1.64 1.58 1.51 1.45 1.41 1.38 1.39 1.46 1.52 1.54 1.51 1.46 1.41 1.38 1.33 1.23 1.07 0.92 0.93 1.06 1.26 1.44 1.54 1.60 1.65 1.66 1.63 1.58 1.58 1.60 1.62 1.64 1.63 1.61 1.54 1.49 1.48 1.48 1.46 1.44 1.42 1.40 1.39 1.35 1.26 1.15 1.07 1.08 1.13
1.52 1.45 1.40 1.40 1.40 1.37 1.34 1.21 1.05 0.91 0.83 0.82 0.88 1.02 1.24 1.41 1.41 1.35 1.32 1.32 1.35 1.42 1.56 1.69 1.70 1.68 1.75 1.86 1.94 1.98 1.98 1.96 1.92 1.85 1.76 1.68 1.60 1.53 1.48 1.43 1.42 1.48 1.55 1.56 1.53 1.48 1.45 1.44 1.44 1.37 1.24 1.10 1.09 1.20 1.35 1.45 1.51 1.56 1.61 1.63 1.58 1.53 1.54 1.59 1.63 1.64 1.64 1.65 1.65 1.64 1.59 1.57 1.52 1.43 1.34 1.30 1.33 1.38 1.38 1.32 1.21 1.12 1.10 1.10
1.48 1.42 1.36 1.37 1.39 1.41 1.36 1.25 1.15 1.10 1.16 1.28 1.41 1.60 1.81 1.95 1.98 1.89 1.72 1.61 1.58 1.63 1.73 1.74 1.67 1.63 1.63 1.66 1.70 1.76 1.79 1.79 1.79 1.77 1.73 1.68 1.62 1.57 1.50 1.44 1.48 1.58 1.62 1.56 1.48 1.43 1.40 1.40 1.42 1.40 1.35 1.34 1.43 1.55 1.58 1.54 1.50 1.52 1.56 1.55 1.50 1.50 1.54 1.59 1.60 1.58 1.57 1.59 1.64 1.69 1.67 1.61 1.52 1.40 1.31 1.28 1.32 1.36 1.39 1.39 1.41 1.44 1.46 1.42
1.49 1.46 1.41 1.42 1.46 1.52 1.55 1.53 1.51 1.54 1.65 1.80 1.98 2.13 2.20 2.22 2.23 2.19 2.13 2.06 2.01 1.99 1.93 1.80 1.67 1.60 1.55 1.50 1.47 1.45 1.46 1.49 1.52 1.56 1.60 1.63 1.63 1.60 1.54 1.51 1.55 1.57 1.52 1.45 1.40 1.40 1.40 1.42 1.49 1.57 1.63 1.67 1.70 1.71 1.62 1.51 1.50 1.53 1.54 1.52 1.50 1.52 1.52 1.51 1.49 1.46 1.44 1.47 1.53 1.60 1.62 1.60 1.53 1.45 1.39 1.36 1.37 1.37 1.39 1.44 1.51 1.57 1.60 1.58
1.53 1.52 1.50 1.51 1.55 1.61 1.67 1.73 1.81 1.92 2.05 2.17 2.25 2.25 2.19 2.10 2.03 2.05 2.08 2.08 2.06 2.00 1.91 1.76 1.64 1.59 1.55 1.52 1.48 1.40 1.32 1.29 1.30 1.34 1.41 1.48 1.54 1.57 1.55 1.52 1.46 1.37 1.29 1.30 1.39 1.47 1.50 1.54 1.60 1.71 1.81 1.85 1.85 1.81 1.73 1.66 1.65 1.65 1.61 1.58 1.54 1.50 1.46 1.44 1.42 1.37 1.35 1.37 1.41 1.46 1.52 1.54 1.52 1.48 1.45 1.43 1.40 1.37 1.38 1.42 1.45 1.47 1.47 1.49
1.56 1.57 1.56 1.57 1.60 1.64 1.69 1.78 1.93 2.08 2.16 2.17 2.10 1.97 1.83 1.72 1.66 1.69 1.72 1.75 1.77 1.76 1.72 1.65 1.60 1.56 1.55 1.54 1.53 1.51 1.47 1.44 1.45 1.46 1.46 1.45 1.47 1.50 1.50 1.44 1.35 1.28 1.30 1.40 1.54 1.60 1.63 1.64 1.66 1.73 1.81 1.86 1.88 1.89 1.91 1.89 1.86 1.79 1.70 1.62 1.54 1.47 1.44 1.43 1.39 1.34 1.33 1.34 1.37 1.41 1.46 1.48 1.48 1.47 1.46 1.45 1.41 1.38 1.39 1.42 1.44 1.46 1.46 1.46
1.56 1.55 1.55 1.58 1.63 1.69 1.77 1.87 1.99 2.03 1.99 1.89 1.76 1.63 1.51 1.44 1.42 1.42 1.43 1.47 1.54 1.57 1.58 1.56 1.56 1.55 1.53 1.48 1.45 1.49 1.56 1.61 1.64 1.64 1.60 1.53 1.49 1.49 1.47 1.45 1.44 1.47 1.53 1.63 1.70 1.71 1.69 1.68 1.67 1.66 1.70 1.74 1.80 1.86 1.94 1.96 1.92 1.85 1.75 1.63 1.54 1.48 1.45 1.41 1.34 1.32 1.36 1.39 1.41 1.42 1.42 1.43 1.44 1.45 1.44 1.42 1.39 1.39 1.40 1.42 1.45 1.49 1.49 1.48
1.52 1.50 1.50 1.57 1.65 1.74 1.85 1.92 1.92 1.83 1.71 1.61 1.51 1.42 1.34 1.28 1.25 1.26 1.32 1.39 1.45 1.52 1.54 1.52 1.54 1.57 1.57 1.51 1.46 1.45 1.45 1.47 1.49 1.51 1.52 1.53 1.52 1.51 1.51 1.54 1.58 1.62 1.66 1.74 1.77 1.74 1.69 1.65 1.61 1.58 1.58 1.60 1.62 1.67 1.74 1.79 1.79 1.76 1.70 1.62 1.55 1.49 1.42 1.35 1.32 1.35 1.42 1.46 1.46 1.42 1.38 1.38 1.39 1.40 1.39 1.37 1.34 1.33 1.35 1.39 1.43 1.44 1.42 1.42
1.50 1.48 1.50 1.55 1.62 1.71 1.80 1.78 1.69 1.56 1.44 1.35 1.27 1.20 1.13 1.11 1.16 1.26 1.36 1.43 1.52 1.60 1.57 1.52 1.56 1.63 1.63 1.61 1.60 1.54 1.45 1.34 1.28 1.29 1.35 1.42 1.47 1.50 1.53 1.58 1.62 1.65 1.69 1.76 1.75 1.68 1.61 1.57 1.54 1.53 1.52 1.50 1.47 1.45 1.44 1.47 1.51 1.54 1.56 1.58 1.55 1.49 1.41 1.36 1.37 1.42 1.47 1.49 1.46 1.39 1.34 1.33 1.34 1.35 1.36 1.34 1.31 1.28 1.30 1.36 1.38 1.34 1.29 1.28
