project/data/elevation/US_DEM2016/US_DEM2016_point_10-29-2019_2322_30m_vel.asc
ncols	125
nrows	167
xllcorner	-2042055.000000
yllcorner	1465035.000000
cellsize	30.000000
NODATA_value	-9999.000000
[rows 0 to 37 of 167, columns 0 to 83 of 125]
1.41 1.20 0.92 0.86 1.08 1.49 1.86 2.07 2.10 2.10 2.11 2.16 2.27 2.27 2.16 2.05 1.89 1.78 1.80 1.93 2.04 2.05 2.01 1.98 1.96 1.91 1.86 1.73 1.61 1.49 1.37 1.27 1.20 1.11 0.98 0.91 0.98 1.17 1.39 1.54 1.63 1.70 1.75 1.75 1.68 1.55 1.41 1.41 1.53 1.63 1.62 1.61 1.59 1.61 1.63 1.68 1.68 1.55 1.41 1.31 1.25 1.25 1.35 1.56 1.70 1.74 1.71 1.57 1.34 1.18 1.13 1.13 1.18 1.25 1.33 1.38 1.41 1.52 1.68 1.74 1.78 1.86 1.86 1.76
1.41 1.20 0.92 0.86 1.08 1.49 1.86 2.07 2.10 2.10 2.11 2.16 2.27 2.27 2.16 2.05 1.89 1.78 1.80 1.93 2.04 2.05 2.01 1.98 1.96 1.91 1.86 1.73 1.61 1.49 1.37 1.27 1.20 1.11 0.98 0.91 0.98 1.17 1.39 1.54 1.63 1.70 1.75 1.75 1.68 1.55 1.41 1.41 1.53 1.63 1.62 1.61 1.59 1.61 1.63 1.68 1.68 1.55 1.41 1.31 1.25 1.25 1.35 1.56 1.70 1.74 1.71 1.57 1.34 1.18 1.13 1.13 1.18 1.25 1.33 1.38 1.41 1.52 1.68 1.74 1.78 1.86 1.86 1.76
1.54 1.33 1.02 0.89 0.94 1.21 1.52 1.73 1.85 1.92 1.99 2.05 2.07 2.08 2.04 2.01 1.94 1.87 1.84 1.86 1.92 1.91 1.89 1.90 1.90 1.88 1.80 1.67 1.55 1.46 1.39 1.31 1.24 1.16 1.06 0.95 0.93 1.01 1.15 1.31 1.42 1.50 1.56 1.62 1.66 1.65 1.59 1.55 1.58 1.60 1.59 1.57 1.56 1.55 1.54 1.58 1.65 1.66 1.58 1.45 1.32 1.24 1.26 1.36 1.47 1.56 1.62 1.63 1.57 1.43 1.33 1.28 1.26 1.25 1.26 1.29 1.32 1.37 1.45 1.56 1.63 1.67 1.72 1.74
1.80 1.55 1.20 1.01 0.89 0.91 1.02 1.14 1.27 1.47 1.70 1.77 1.71 1.67 1.76 1.86 1.85 1.84 1.81 1.77 1.76 1.73 1.72 1.73 1.76 1.78 1.72 1.62 1.52 1.47 1.46 1.42 1.37 1.34 1.27 1.15 1.02 0.93 0.88 0.96 1.16 1.32 1.43 1.53 1.64 1.73 1.78 1.74 1.67 1.61 1.57 1.52 1.49 1.42 1.37 1.34 1.40 1.53 1.63 1.65 1.57 1.42 1.27 1.17 1.13 1.18 1.34 1.52 1.62 1.64 1.60 1.51 1.40 1.30 1.21 1.18 1.18 1.15 1.11 1.18 1.31 1.38 1.47 1.64
1.92 1.67 1.33 1.14 1.01 0.88 0.82 0.83 0.89 1.07 1.31 1.46 1.45 1.42 1.52 1.67 1.65 1.62 1.67 1.74 1.74 1.68 1.65 1.63 1.63 1.65 1.66 1.63 1.59 1.59 1.60 1.60 1.58 1.56 1.51 1.42 1.29 1.15 0.99 0.93 1.06 1.27 1.45 1.58 1.63 1.68 1.74 1.78 1.74 1.66 1.62 1.56 1.48 1.37 1.27 1.11 1.04 1.10 1.27 1.49 1.62 1.59 1.45 1.24 1.08 0.99 1.00 1.10 1.25 1.37 1.42 1.42 1.37 1.29 1.20 1.14 1.10 1.04 0.97 0.98 1.07 1.17 1.26 1.41
1.91 1.70 1.40 1.25 1.13 0.99 0.83 0.72 0.69 0.78 0.97 1.19 1.27 1.29 1.43 1.62 1.65 1.54 1.56 1.65 1.66 1.62 1.61 1.57 1.53 1.56 1.62 1.64 1.66 1.70 1.74 1.76 1.75 1.71 1.65 1.58 1.48 1.36 1.21 1.04 0.96 1.02 1.20 1.40 1.52 1.58 1.62 1.68 1.69 1.67 1.66 1.63 1.59 1.45 1.28 1.12 1.04 1.02 1.05 1.16 1.33 1.45 1.44 1.29 1.14 1.01 0.93 0.90 0.94 1.01 1.09 1.15 1.17 1.16 1.13 1.09 1.04 1.00 0.95 0.95 0.98 1.00 1.02 1.12
1.90 1.74 1.48 1.37 1.27 1.13 0.95 0.75 0.61 0.58 0.68 0.91 1.07 1.18 1.35 1.59 1.74 1.64 1.51 1.47 1.47 1.52 1.56 1.54 1.52 1.56 1.61 1.62 1.64 1.69 1.77 1.82 1.81 1.77 1.73 1.68 1.62 1.54 1.41 1.21 1.00 0.88 0.90 1.05 1.23 1.33 1.38 1.43 1.50 1.55 1.60 1.64 1.66 1.66 1.58 1.44 1.39 1.34 1.27 1.20 1.18 1.22 1.27 1.24 1.18 1.10 1.01 0.95 0.93 0.95 1.00 1.05 1.10 1.12 1.11 1.07 1.02 0.96 0.93 0.93 0.94 0.92 0.87 0.89
1.86 1.76 1.62 1.53 1.44 1.26 1.06 0.86 0.68 0.58 0.55 0.66 0.85 1.02 1.20 1.44 1.67 1.67 1.47 1.31 1.27 1.37 1.49 1.55 1.55 1.58 1.62 1.62 1.59 1.62 1.70 1.78 1.82 1.84 1.85 1.88 1.88 1.82 1.71 1.53 1.30 1.04 0.86 0.80 0.87 1.03 1.12 1.17 1.26 1.39 1.49 1.59 1.67 1.78 1.85 1.83 1.74 1.64 1.53 1.40 1.27 1.19 1.19 1.21 1.22 1.19 1.11 1.04 1.01 1.02 1.06 1.10 1.15 1.16 1.15 1.12 1.07 1.00 0.94 0.91 0.90 0.88 0.84 0.81
1.82 1.80 1.78 1.72 1.61 1.44 1.24 1.07 0.93 0.78 0.67 0.65 0.74 0.87 1.00 1.21 1.46 1.54 1.42 1.26 1.19 1.25 1.37 1.47 1.51 1.54 1.61 1.67 1.65 1.61 1.65 1.75 1.86 1.96 2.06 2.15 2.20 2.18 2.10 1.96 1.74 1.47 1.17 0.92 0.84 0.94 1.12 1.22 1.30 1.36 1.42 1.46 1.49 1.59 1.72 1.78 1.73 1.62 1.52 1.42 1.33 1.27 1.24 1.26 1.30 1.31 1.24 1.13 1.05 1.06 1.10 1.15 1.19 1.20 1.21 1.22 1.22 1.18 1.11 1.01 0.95 0.90 0.86 0.83
1.74 1.84 1.92 1.88 1.77 1.64 1.47 1.33 1.23 1.14 1.01 0.88 0.82 0.81 0.84 0.98 1.22 1.39 1.40 1.32 1.25 1.23 1.27 1.36 1.44 1.49 1.54 1.63 1.68 1.68 1.70 1.78 1.89 1.99 2.07 2.15 2.22 2.25 2.26 2.23 2.13 1.95 1.69 1.39 1.13 1.10 1.22 1.36 1.41 1.41 1.41 1.33 1.23 1.13 1.21 1.36 1.45 1.44 1.41 1.36 1.33 1.32 1.28 1.26 1.35 1.44 1.41 1.30 1.16 1.07 1.11 1.20 1.27 1.31 1.34 1.38 1.42 1.45 1.42 1.33 1.23 1.14 1.08 1.05
1.65 1.77 1.97 2.00 1.92 1.84 1.75 1.67 1.59 1.51 1.40 1.26 1.08 0.90 0.80 0.82 1.03 1.26 1.40 1.43 1.41 1.36 1.35 1.39 1.45 1.49 1.50 1.53 1.64 1.74 1.79 1.81 1.84 1.84 1.81 1.79 1.85 1.98 2.10 2.20 2.24 2.20 2.06 1.81 1.49 1.28 1.23 1.33 1.40 1.42 1.40 1.33 1.18 1.03 0.98 1.05 1.19 1.29 1.34 1.36 1.36 1.34 1.30 1.25 1.32 1.48 1.56 1.49 1.35 1.18 1.17 1.29 1.40 1.45 1.50 1.55 1.60 1.63 1.64 1.59 1.52 1.44 1.37 1.31
1.44 1.55 1.80 1.99 2.06 2.05 2.01 1.97 1.95 1.87 1.77 1.63 1.44 1.19 0.96 0.89 0.99 1.18 1.37 1.49 1.53 1.52 1.49 1.49 1.51 1.55 1.56 1.58 1.65 1.74 1.74 1.70 1.63 1.57 1.49 1.42 1.45 1.57 1.72 1.87 2.00 2.11 2.17 2.08 1.84 1.52 1.33 1.32 1.36 1.37 1.35 1.35 1.30 1.18 1.05 1.00 1.07 1.20 1.32 1.39 1.40 1.39 1.37 1.32 1.31 1.43 1.59 1.63 1.54 1.40 1.32 1.38 1.45 1.51 1.55 1.58 1.58 1.56 1.50 1.44 1.35 1.28 1.25 1.25
1.32 1.28 1.39 1.71 1.95 2.06 2.06 2.04 2.06 2.04 1.97 1.88 1.76 1.55 1.31 1.15 1.13 1.17 1.26 1.39 1.51 1.56 1.55 1.51 1.52 1.55 1.58 1.58 1.56 1.53 1.47 1.39 1.30 1.25 1.21 1.20 1.21 1.25 1.30 1.41 1.56 1.74 1.93 2.08 2.06 1.84 1.56 1.42 1.35 1.27 1.22 1.24 1.22 1.17 1.10 1.06 1.08 1.18 1.32 1.43 1.47 1.46 1.45 1.41 1.35 1.35 1.50 1.66 1.69 1.60 1.51 1.48 1.51 1.53 1.52 1.46 1.35 1.25 1.17 1.08 0.97 0.87 0.85 0.92
1.51 1.36 1.23 1.31 1.53 1.72 1.80 1.82 1.82 1.84 1.86 1.87 1.86 1.80 1.67 1.47 1.33 1.23 1.17 1.20 1.35 1.46 1.47 1.44 1.42 1.40 1.37 1.33 1.23 1.13 1.07 1.03 1.02 1.01 0.98 0.97 0.96 0.96 0.97 1.02 1.12 1.26 1.45 1.71 1.93 1.92 1.74 1.55 1.46 1.34 1.20 1.11 1.07 1.09 1.11 1.11 1.13 1.20 1.32 1.46 1.55 1.55 1.51 1.47 1.42 1.40 1.49 1.66 1.77 1.74 1.66 1.60 1.57 1.52 1.42 1.27 1.11 1.05 1.07 1.08 1.02 0.90 0.81 0.82
1.63 1.61 1.43 1.21 1.13 1.22 1.33 1.35 1.31 1.34 1.42 1.53 1.62 1.71 1.74 1.67 1.51 1.34 1.19 1.11 1.19 1.31 1.37 1.33 1.26 1.16 1.07 1.02 0.95 0.88 0.86 0.91 0.99 1.03 0.98 0.89 0.82 0.82 0.84 0.86 0.87 0.91 1.02 1.24 1.52 1.77 1.77 1.69 1.63 1.54 1.35 1.19 1.13 1.16 1.20 1.21 1.19 1.22 1.30 1.45 1.59 1.64 1.62 1.59 1.57 1.58 1.63 1.72 1.83 1.85 1.77 1.67 1.57 1.43 1.29 1.19 1.14 1.12 1.17 1.25 1.27 1.18 1.07 1.01
1.60 1.62 1.55 1.32 1.01 0.89 0.90 0.89 0.86 0.84 0.87 0.94 1.07 1.21 1.43 1.58 1.59 1.46 1.29 1.17 1.18 1.26 1.33 1.31 1.21 1.09 0.99 0.97 0.99 0.97 0.93 0.96 1.10 1.22 1.20 1.12 1.02 0.95 0.96 1.00 0.99 0.97 1.01 1.15 1.37 1.66 1.78 1.80 1.76 1.66 1.51 1.39 1.33 1.34 1.36 1.34 1.30 1.28 1.34 1.46 1.61 1.75 1.81 1.80 1.78 1.79 1.83 1.90 1.99 2.02 1.93 1.76 1.55 1.42 1.36 1.33 1.32 1.30 1.30 1.35 1.38 1.35 1.28 1.23
1.51 1.45 1.40 1.34 1.11 0.92 0.85 0.82 0.77 0.76 0.75 0.76 0.80 0.89 1.07 1.33 1.49 1.50 1.42 1.35 1.34 1.36 1.38 1.37 1.30 1.22 1.14 1.14 1.19 1.22 1.15 1.06 1.10 1.28 1.39 1.41 1.35 1.24 1.18 1.22 1.29 1.32 1.34 1.42 1.56 1.70 1.80 1.89 1.91 1.82 1.66 1.55 1.50 1.48 1.47 1.47 1.44 1.44 1.49 1.57 1.71 1.86 1.99 2.04 2.00 1.96 1.96 2.02 2.13 2.16 2.09 1.93 1.69 1.59 1.58 1.58 1.56 1.52 1.48 1.47 1.47 1.47 1.46 1.45
1.60 1.49 1.37 1.34 1.29 1.20 1.11 1.06 1.06 1.09 1.13 1.14 1.15 1.12 1.12 1.18 1.34 1.46 1.51 1.51 1.50 1.46 1.43 1.42 1.40 1.35 1.31 1.29 1.32 1.40 1.40 1.27 1.17 1.23 1.39 1.53 1.57 1.51 1.41 1.41 1.50 1.57 1.62 1.64 1.65 1.65 1.72 1.89 1.98 1.95 1.81 1.67 1.59 1.57 1.56 1.57 1.60 1.60 1.65 1.72 1.79 1.87 1.97 2.05 2.07 2.01 1.93 1.90 1.99 2.12 2.22 2.24 2.07 1.96 1.95 1.96 1.96 1.91 1.85 1.79 1.72 1.66 1.63 1.63
1.70 1.66 1.54 1.45 1.45 1.47 1.45 1.44 1.48 1.54 1.60 1.64 1.63 1.54 1.38 1.27 1.29 1.41 1.50 1.54 1.55 1.53 1.50 1.48 1.46 1.42 1.39 1.36 1.37 1.47 1.57 1.56 1.45 1.38 1.42 1.57 1.73 1.76 1.71 1.67 1.68 1.72 1.73 1.66 1.54 1.44 1.48 1.66 1.89 1.95 1.92 1.80 1.71 1.66 1.65 1.64 1.66 1.68 1.73 1.75 1.73 1.70 1.70 1.78 1.89 1.94 1.88 1.74 1.71 1.87 2.17 2.36 2.43 2.39 2.35 2.41 2.47 2.47 2.42 2.33 2.20 2.01 1.85 1.74
1.71 1.67 1.57 1.46 1.52 1.58 1.65 1.72 1.80 1.85 1.86 1.86 1.85 1.76 1.63 1.50 1.43 1.45 1.51 1.54 1.57 1.60 1.60 1.59 1.54 1.49 1.46 1.44 1.42 1.48 1.62 1.74 1.77 1.75 1.74 1.79 1.89 1.93 1.92 1.87 1.82 1.76 1.67 1.56 1.42 1.31 1.29 1.41 1.69 1.86 1.92 1.89 1.84 1.77 1.73 1.69 1.69 1.72 1.70 1.66 1.55 1.43 1.38 1.42 1.55 1.69 1.75 1.68 1.53 1.55 1.82 2.13 2.33 2.39 2.44 2.54 2.61 2.63 2.60 2.58 2.53 2.38 2.11 1.85
1.71 1.63 1.49 1.44 1.53 1.66 1.76 1.83 1.89 1.89 1.85 1.83 1.83 1.80 1.77 1.69 1.60 1.54 1.54 1.58 1.62 1.67 1.73 1.75 1.73 1.65 1.61 1.59 1.56 1.56 1.67 1.83 1.95 2.02 2.04 2.02 1.99 1.96 1.93 1.88 1.78 1.65 1.51 1.41 1.35 1.30 1.29 1.38 1.59 1.79 1.93 2.00 2.01 1.97 1.88 1.81 1.76 1.69 1.63 1.51 1.36 1.21 1.09 1.03 1.12 1.23 1.34 1.37 1.27 1.21 1.29 1.53 1.78 1.94 2.08 2.19 2.25 2.26 2.31 2.39 2.49 2.49 2.36 2.03
1.85 1.72 1.58 1.61 1.70 1.78 1.80 1.80 1.79 1.73 1.68 1.67 1.66 1.69 1.73 1.72 1.66 1.60 1.59 1.64 1.72 1.81 1.90 1.96 1.97 1.92 1.86 1.82 1.80 1.78 1.82 1.91 1.99 2.01 1.99 1.95 1.89 1.81 1.75 1.68 1.57 1.47 1.38 1.32 1.30 1.34 1.39 1.51 1.61 1.77 1.90 1.99 2.07 2.14 2.08 1.95 1.81 1.67 1.55 1.37 1.20 1.04 0.84 0.69 0.67 0.70 0.74 0.80 0.81 0.75 0.81 0.93 1.10 1.25 1.38 1.51 1.53 1.56 1.64 1.77 2.06 2.37 2.48 2.31
1.86 1.86 1.90 1.92 1.89 1.86 1.77 1.70 1.62 1.58 1.56 1.53 1.50 1.52 1.57 1.63 1.63 1.61 1.62 1.68 1.79 1.89 1.99 2.07 2.10 2.09 2.07 2.04 2.02 2.00 1.96 1.91 1.85 1.79 1.71 1.64 1.61 1.57 1.52 1.44 1.34 1.31 1.31 1.33 1.36 1.39 1.46 1.52 1.60 1.71 1.78 1.87 1.98 2.10 2.14 2.05 1.87 1.67 1.48 1.31 1.14 0.94 0.77 0.62 0.52 0.49 0.47 0.48 0.47 0.46 0.48 0.55 0.65 0.76 0.85 0.96 1.05 1.13 1.22 1.35 1.60 2.01 2.34 2.40
1.74 1.86 2.01 2.02 1.96 1.86 1.73 1.64 1.52 1.48 1.48 1.45 1.42 1.41 1.44 1.52 1.57 1.60 1.63 1.63 1.63 1.67 1.75 1.87 1.96 2.03 2.06 2.06 2.04 2.00 1.89 1.73 1.58 1.49 1.44 1.38 1.33 1.32 1.30 1.27 1.25 1.26 1.31 1.38 1.42 1.45 1.50 1.51 1.55 1.59 1.60 1.63 1.71 1.85 1.97 2.00 1.91 1.75 1.55 1.40 1.26 1.08 0.94 0.82 0.70 0.63 0.62 0.61 0.61 0.54 0.44 0.38 0.37 0.45 0.53 0.63 0.76 0.91 1.02 1.10 1.27 1.58 1.99 2.26
1.58 1.70 1.88 1.94 1.92 1.81 1.69 1.59 1.50 1.44 1.42 1.38 1.35 1.34 1.38 1.44 1.52 1.57 1.57 1.51 1.41 1.36 1.38 1.49 1.65 1.78 1.86 1.89 1.86 1.78 1.65 1.49 1.34 1.25 1.21 1.15 1.12 1.14 1.18 1.21 1.26 1.34 1.41 1.43 1.48 1.56 1.57 1.56 1.52 1.47 1.46 1.49 1.55 1.64 1.75 1.87 1.93 1.89 1.74 1.59 1.46 1.34 1.22 1.12 1.03 0.96 0.93 0.90 0.84 0.75 0.59 0.44 0.33 0.29 0.34 0.41 0.52 0.65 0.76 0.84 0.97 1.19 1.59 2.03
1.45 1.47 1.60 1.75 1.85 1.84 1.70 1.54 1.45 1.39 1.35 1.31 1.28 1.28 1.34 1.41 1.50 1.55 1.55 1.51 1.44 1.39 1.40 1.45 1.56 1.63 1.67 1.66 1.62 1.54 1.45 1.35 1.24 1.14 1.07 1.04 1.07 1.14 1.18 1.21 1.31 1.44 1.49 1.51 1.57 1.62 1.67 1.65 1.56 1.44 1.38 1.38 1.42 1.49 1.62 1.76 1.92 2.01 1.98 1.84 1.70 1.58 1.47 1.38 1.31 1.26 1.21 1.13 1.01 0.90 0.81 0.68 0.54 0.44 0.38 0.36 0.36 0.38 0.46 0.58 0.70 0.89 1.22 1.70
1.37 1.34 1.38 1.55 1.77 1.91 1.88 1.68 1.54 1.46 1.38 1.36 1.34 1.34 1.38 1.45 1.51 1.59 1.63 1.65 1.65 1.66 1.69 1.70 1.66 1.59 1.53 1.48 1.44 1.41 1.37 1.31 1.26 1.22 1.18 1.14 1.16 1.27 1.31 1.29 1.34 1.43 1.51 1.57 1.61 1.65 1.70 1.71 1.64 1.50 1.34 1.23 1.25 1.35 1.50 1.69 1.88 2.05 2.13 2.09 1.98 1.86 1.78 1.72 1.66 1.56 1.47 1.39 1.28 1.19 1.07 0.95 0.81 0.71 0.62 0.52 0.44 0.38 0.39 0.45 0.54 0.69 0.92 1.29
1.34 1.30 1.28 1.39 1.62 1.89 2.03 1.95 1.79 1.69 1.62 1.57 1.57 1.56 1.55 1.53 1.55 1.61 1.70 1.76 1.79 1.79 1.76 1.71 1.60 1.49 1.41 1.36 1.31 1.32 1.36 1.36 1.35 1.37 1.40 1.37 1.33 1.38 1.46 1.43 1.38 1.39 1.48 1.55 1.59 1.62 1.66 1.70 1.71 1.62 1.40 1.20 1.15 1.24 1.39 1.59 1.78 1.99 2.12 2.16 2.15 2.13 2.15 2.18 2.12 2.00 1.86 1.73 1.65 1.56 1.39 1.20 1.07 0.98 0.90 0.79 0.68 0.61 0.57 0.54 0.52 0.57 0.71 0.96
1.31 1.21 1.14 1.21 1.39 1.71 1.98 2.06 1.96 1.84 1.79 1.72 1.70 1.71 1.70 1.64 1.57 1.57 1.63 1.69 1.70 1.65 1.55 1.44 1.35 1.29 1.27 1.27 1.26 1.30 1.37 1.47 1.51 1.50 1.53 1.56 1.53 1.50 1.56 1.56 1.48 1.44 1.48 1.51 1.53 1.54 1.55 1.62 1.74 1.77 1.63 1.37 1.20 1.18 1.26 1.44 1.67 1.88 2.01 2.09 2.11 2.15 2.25 2.35 2.44 2.44 2.31 2.16 2.01 1.87 1.72 1.53 1.39 1.27 1.17 1.08 1.00 0.93 0.88 0.79 0.66 0.58 0.60 0.72
1.36 1.27 1.15 1.13 1.21 1.44 1.78 1.99 2.00 1.89 1.76 1.64 1.58 1.59 1.62 1.61 1.53 1.51 1.50 1.48 1.43 1.36 1.26 1.18 1.12 1.10 1.13 1.19 1.23 1.31 1.44 1.56 1.62 1.63 1.63 1.66 1.69 1.67 1.65 1.66 1.62 1.56 1.50 1.47 1.43 1.39 1.38 1.47 1.68 1.85 1.86 1.70 1.42 1.27 1.28 1.42 1.62 1.82 1.90 1.94 1.92 1.96 2.06 2.18 2.37 2.49 2.50 2.47 2.38 2.25 2.16 2.06 1.90 1.68 1.49 1.39 1.34 1.30 1.20 1.07 0.89 0.70 0.56 0.55
1.49 1.48 1.40 1.26 1.20 1.29 1.55 1.84 2.00 1.97 1.82 1.64 1.52 1.46 1.47 1.53 1.47 1.47 1.41 1.28 1.17 1.10 1.05 1.00 0.97 0.98 1.01 1.03 1.08 1.24 1.42 1.53 1.62 1.68 1.71 1.73 1.75 1.73 1.69 1.68 1.68 1.61 1.54 1.46 1.36 1.23 1.21 1.29 1.49 1.75 1.90 1.88 1.71 1.49 1.43 1.49 1.58 1.70 1.76 1.76 1.70 1.63 1.60 1.68 1.88 2.12 2.33 2.48 2.57 2.56 2.55 2.51 2.40 2.22 1.97 1.80 1.69 1.58 1.44 1.22 1.02 0.84 0.66 0.53
1.47 1.47 1.48 1.39 1.27 1.25 1.38 1.66 1.92 2.05 2.02 1.87 1.71 1.58 1.50 1.47 1.46 1.43 1.31 1.16 1.07 1.03 1.01 0.99 0.96 0.97 0.99 0.93 0.87 0.95 1.12 1.25 1.36 1.48 1.58 1.65 1.65 1.66 1.64 1.64 1.62 1.58 1.55 1.51 1.44 1.31 1.20 1.20 1.29 1.49 1.75 1.88 1.86 1.68 1.56 1.50 1.49 1.52 1.58 1.55 1.51 1.40 1.29 1.30 1.41 1.62 1.91 2.17 2.36 2.47 2.53 2.60 2.60 2.54 2.41 2.22 1.98 1.73 1.50 1.28 1.12 1.00 0.86 0.67
1.30 1.23 1.20 1.23 1.21 1.17 1.22 1.43 1.72 1.96 2.07 2.01 1.86 1.72 1.62 1.52 1.45 1.36 1.24 1.16 1.15 1.21 1.13 1.13 1.08 1.10 1.13 1.04 0.86 0.75 0.76 0.85 0.95 1.08 1.23 1.34 1.43 1.48 1.53 1.56 1.53 1.49 1.45 1.44 1.44 1.38 1.24 1.14 1.14 1.25 1.47 1.74 1.83 1.74 1.58 1.45 1.40 1.38 1.42 1.41 1.37 1.21 1.06 1.08 1.18 1.31 1.50 1.70 1.88 2.00 2.10 2.21 2.36 2.45 2.48 2.45 2.23 1.87 1.59 1.42 1.31 1.17 1.01 0.87
1.26 1.11 0.95 0.95 0.98 0.96 0.96 1.11 1.38 1.68 1.90 1.98 1.91 1.76 1.66 1.54 1.43 1.32 1.28 1.46 1.34 1.40 1.42 1.38 1.33 1.34 1.35 1.28 1.11 0.91 0.82 0.82 0.82 0.84 0.95 1.10 1.25 1.33 1.41 1.47 1.45 1.39 1.27 1.16 1.08 1.06 1.03 0.94 0.91 1.03 1.22 1.48 1.69 1.68 1.52 1.40 1.34 1.35 1.38 1.40 1.35 1.11 0.95 0.94 1.02 1.12 1.25 1.37 1.47 1.57 1.56 1.63 1.83 2.05 2.27 2.46 2.47 2.22 1.86 1.64 1.46 1.31 1.17 1.05
1.48 1.31 1.10 1.03 0.95 0.87 0.83 0.88 1.05 1.33 1.63 1.85 1.92 1.82 1.68 1.55 1.44 1.38 1.56 1.48 1.59 1.65 1.69 1.67 1.62 1.60 1.59 1.51 1.39 1.22 1.11 1.07 1.01 0.94 0.94 1.04 1.16 1.24 1.32 1.39 1.41 1.36 1.20 0.96 0.82 0.80 0.82 0.80 0.81 0.89 1.04 1.26 1.51 1.60 1.46 1.39 1.37 1.39 1.42 1.50 1.45 1.23 1.06 0.94 0.91 0.92 1.01 1.13 1.23 1.33 1.33 1.32 1.44 1.66 1.88 2.18 2.46 2.48 2.23 1.89 1.62 1.49 1.41 1.32
1.65 1.56 1.46 1.40 1.32 1.16 1.00 0.91 0.91 1.04 1.30 1.61 1.82 1.86 1.73 1.57 1.48 1.47 1.54 1.66 1.76 1.85 1.92 1.95 1.94 1.89 1.82 1.72 1.59 1.41 1.25 1.20 1.21 1.19 1.12 1.09 1.14 1.21 1.31 1.40 1.46 1.43 1.29 1.09 0.96 0.94 0.97 1.02 0.99 0.97 0.98 1.12 1.39 1.55 1.47 1.42 1.40 1.42 1.47 1.58 1.57 1.43 1.22 0.99 0.83 0.77 0.80 0.93 1.06 1.21 1.27 1.25 1.27 1.43 1.59 1.82 2.18 2.46 2.49 2.30 2.03 1.88 1.80 1.70
1.66 1.66 1.64 1.62 1.59 1.48 1.31 1.11 0.97 0.93 1.03 1.26 1.57 1.76 1.75 1.60 1.49 1.50 1.62 1.76 1.85 1.96 2.06 2.13 2.15 2.12 2.06 1.98 1.84 1.62 1.37 1.22 1.23 1.32 1.38 1.35 1.29 1.32 1.41 1.50 1.62 1.66 1.55 1.40 1.31 1.30 1.34 1.36 1.31 1.14 1.03 1.05 1.30 1.50 1.48 1.43 1.40 1.43 1.48 1.61 1.65 1.57 1.37 1.11 0.86 0.72 0.70 0.79 0.91 1.06 1.19 1.20 1.21 1.30 1.41 1.53 1.79 2.18 2.48 2.59 2.54 2.40 2.23 2.07
1.61 1.65 1.64 1.61 1.58 1.51 1.42 1.26 1.09 0.95 0.92 1.01 1.23 1.53 1.66 1.59 1.48 1.47 1.56 1.67 1.76 1.85 1.94 2.03 2.09 2.12 2.15 2.16 2.09 1.90 1.62 1.36 1.25 1.30 1.41 1.47 1.48 1.47 1.49 1.60 1.79 1.92 1.97 1.84 1.69 1.62 1.61 1.54 1.44 1.28 1.11 1.07 1.19 1.42 1.46 1.43 1.40 1.45 1.49 1.59 1.66 1.66 1.55 1.35 1.11 0.89 0.76 0.74 0.79 0.92 1.07 1.09 1.13 1.23 1.29 1.33 1.50 1.80 2.19 2.45 2.59 2.58 2.47 2.31
