project/data/elevation/US_DEM2016/US_DEM2016_point_11-01-2019_2028_30m_vel.asc
ncols	125
nrows	167
xllcorner	-2042055.000000
yllcorner	1465035.000000
cellsize	30.000000
NODATA_value	-9999.000000
[rows 38 to 75 of 167, columns 0 to 83 of 125]
5.57 5.32 4.82 4.44 4.06 3.82 3.65 3.37 3.02 2.70 2.86 2.54 2.65 2.95 3.63 3.66 3.76 3.64 4.03 4.33 4.52 4.61 4.70 4.89 5.13 5.35 5.56 5.77 5.77 5.59 5.24 4.85 4.62 4.58 4.72 5.10 5.52 5.78 5.98 6.23 6.44 6.47 6.46 6.40 6.33 6.17 5.71 4.98 4.48 4.17 4.08 4.11 4.01 3.99 4.18 4.30 4.36 4.56 4.70 4.75 4.60 4.25 4.04 3.80 3.51 3.24 2.97 2.90 2.97 2.97 2.94 3.08 3.33 3.62 3.83 4.06 4.33 4.80 5.42 6.14 6.71 7.00 6.94 6.57
5.46 4.92 4.13 3.74 3.45 3.31 3.18 3.02 2.91 2.87 2.92 2.94 2.87 3.32 3.51 3.41 3.53 3.72 3.58 3.56 3.45 3.41 3.50 3.78 4.24 4.75 5.15 5.53 5.76 5.81 5.68 5.40 5.15 5.09 5.36 5.87 6.22 6.40 6.49 6.57 6.64 6.54 6.46 6.35 6.20 5.94 5.40 4.82 4.40 4.08 4.05 4.19 4.17 4.04 4.21 4.39 4.55 4.73 4.65 4.38 3.93 3.41 3.04 2.91 2.84 2.77 2.61 2.59 2.73 2.78 2.71 2.85 3.20 3.51 3.66 3.82 3.97 4.25 4.65 4.94 5.08 5.42 6.00 6.38
5.19 4.60 3.77 3.42 3.30 3.24 3.23 3.26 3.35 3.51 3.67 3.71 3.54 3.32 3.86 3.54 3.47 3.63 3.42 3.08 2.95 3.05 3.29 3.65 4.15 4.57 4.92 5.25 5.52 5.75 5.87 5.84 5.80 6.02 6.44 6.87 7.12 7.18 6.97 6.65 6.47 6.07 5.77 5.71 5.66 5.71 5.61 5.48 5.26 5.05 4.80 4.64 4.48 4.19 4.19 4.32 4.47 4.56 4.34 3.89 3.34 2.76 2.21 2.00 2.00 2.09 2.29 2.49 2.64 2.66 2.56 2.72 3.17 3.48 3.55 3.62 3.70 3.88 4.13 4.25 4.25 4.48 5.22 6.21
4.99 4.56 3.97 3.75 3.73 3.75 3.75 3.80 3.94 4.15 4.30 4.24 4.00 3.79 3.70 3.69 3.73 3.73 3.58 3.39 3.40 3.60 3.85 4.06 4.23 4.41 4.53 4.74 5.10 5.46 5.90 6.15 6.47 6.86 7.21 7.42 7.46 7.26 6.89 6.42 6.00 5.59 5.20 4.95 5.05 5.19 5.39 5.51 5.62 5.68 5.57 5.13 4.65 4.23 4.04 4.04 4.04 3.96 3.75 3.45 3.09 2.64 2.16 2.01 2.12 2.30 2.48 2.59 2.62 2.63 2.62 2.76 3.13 3.38 3.35 3.29 3.46 3.81 4.01 4.00 4.02 4.11 4.53 5.55
4.95 4.71 4.37 4.25 4.22 4.18 4.14 4.21 4.41 4.61 4.64 4.44 4.10 4.01 4.06 4.13 4.14 4.15 4.17 4.22 4.34 4.51 4.66 4.75 4.79 4.73 4.65 4.69 4.96 5.30 5.87 6.38 6.96 7.39 7.44 7.22 6.88 6.46 6.00 5.61 5.32 5.04 4.64 4.40 4.37 4.51 4.73 4.81 4.96 5.11 5.15 4.92 4.55 4.13 3.95 3.94 3.88 3.69 3.53 3.52 3.42 3.22 2.98 2.95 3.06 3.02 2.87 2.74 2.78 2.83 2.78 2.79 2.96 3.06 2.89 2.76 3.13 3.71 3.91 3.80 3.87 4.06 4.46 5.21
4.93 4.77 4.55 4.48 4.47 4.49 4.58 4.76 4.94 5.00 4.86 4.57 4.25 4.32 4.23 4.33 4.43 4.54 4.69 4.87 5.11 5.31 5.38 5.36 5.30 5.15 5.04 5.04 5.19 5.39 5.91 6.48 6.98 7.22 7.05 6.61 6.07 5.57 5.12 4.84 4.72 4.55 4.22 3.89 3.81 3.97 4.10 3.98 3.75 3.54 3.54 3.79 3.96 3.96 4.01 4.19 4.27 4.23 4.22 4.23 4.15 4.08 4.02 3.98 3.72 3.37 3.22 3.26 3.26 3.01 2.68 2.53 2.65 2.75 2.63 2.57 2.93 3.51 3.66 3.50 3.71 4.19 4.68 5.01
4.93 4.83 4.74 4.76 4.91 5.13 5.37 5.51 5.50 5.34 5.04 4.72 4.47 4.34 4.33 4.47 4.63 4.79 4.96 5.18 5.41 5.52 5.49 5.37 5.23 5.09 5.05 5.11 5.32 5.61 6.17 6.46 6.56 6.42 6.21 6.00 5.69 5.28 4.71 4.29 4.07 4.00 3.82 3.50 3.35 3.50 3.41 3.21 2.89 2.69 2.71 2.91 3.27 3.64 4.06 4.50 4.73 4.83 4.84 4.73 4.64 4.61 4.46 4.19 3.77 3.64 3.75 3.70 3.28 2.63 2.31 2.36 2.54 2.66 2.69 2.78 3.14 3.54 3.61 3.42 3.57 4.12 4.49 4.61
5.10 5.11 5.16 5.29 5.46 5.65 5.78 5.80 5.68 5.43 5.10 4.84 4.69 4.61 4.75 4.90 5.00 5.09 5.19 5.26 5.24 5.12 4.99 4.90 4.90 4.89 4.91 5.05 5.44 5.91 6.39 6.27 5.88 5.53 5.37 5.40 5.30 5.06 4.50 3.94 3.50 3.36 3.30 3.08 3.02 3.08 3.07 3.11 3.15 3.16 3.08 2.96 3.04 3.47 4.12 4.65 4.78 4.77 4.71 4.69 4.64 4.66 4.49 4.27 4.17 4.20 4.01 3.45 2.76 2.41 2.48 2.76 2.94 3.01 3.09 3.29 3.61 3.82 3.98 3.65 3.67 3.89 4.17 4.35
5.31 5.34 5.43 5.55 5.59 5.56 5.47 5.37 5.26 5.10 4.92 4.75 4.75 4.93 5.19 5.32 5.35 5.33 5.26 5.14 4.93 4.71 4.56 4.54 4.67 4.79 4.91 5.19 5.68 6.12 6.23 5.81 5.23 4.91 4.78 4.69 4.58 4.53 4.30 3.80 3.19 2.91 2.93 3.02 3.13 3.22 3.40 3.53 3.57 3.37 3.07 2.97 3.28 3.89 4.49 4.72 4.66 4.58 4.57 4.65 4.61 4.65 4.62 4.56 4.46 4.18 3.49 3.01 2.92 3.14 3.47 3.64 3.70 3.73 3.84 4.02 4.18 4.21 4.15 4.11 4.60 4.08 4.23 4.44
5.39 5.33 5.30 5.33 5.25 5.09 4.88 4.69 4.54 4.49 4.48 4.43 4.65 4.75 5.01 5.13 5.20 5.17 5.04 4.87 4.71 4.55 4.43 4.41 4.51 4.66 4.87 5.28 5.78 5.99 5.73 5.19 4.80 4.53 4.32 4.12 3.96 3.96 4.02 3.85 3.31 3.01 3.08 3.39 3.57 3.69 3.74 3.51 3.12 2.71 2.66 3.07 3.98 4.85 5.18 5.06 4.89 4.79 4.78 4.81 4.73 4.75 4.69 4.56 4.28 3.82 3.49 3.59 4.03 4.49 4.77 4.83 4.82 4.81 4.82 4.90 4.93 4.85 4.80 4.78 4.54 4.44 4.55 4.65
5.37 5.27 5.04 4.93 4.83 4.64 4.43 4.21 4.06 4.00 4.06 4.11 4.15 4.32 4.44 4.53 4.67 4.76 4.74 4.66 4.52 4.38 4.29 4.25 4.29 4.42 4.63 5.09 5.64 5.72 5.40 5.00 4.71 4.40 4.01 3.65 3.51 3.50 3.60 3.64 3.41 3.11 3.09 3.28 3.43 3.56 3.58 3.17 2.79 2.73 3.18 4.25 5.38 5.95 5.97 5.59 5.28 5.05 4.98 5.03 5.04 5.04 4.94 4.78 4.74 4.86 5.24 5.72 6.13 6.42 6.52 6.53 6.50 6.45 6.39 6.36 6.31 6.11 5.82 5.41 4.88 4.58 4.67 4.68
5.40 5.29 4.92 4.66 4.55 4.47 4.33 4.16 4.01 3.94 4.05 4.16 4.30 4.31 4.39 4.43 4.52 4.58 4.59 4.50 4.33 4.17 4.08 4.05 4.08 4.19 4.39 4.92 5.52 5.52 5.25 5.05 4.81 4.48 4.06 3.58 3.34 3.12 3.02 3.12 3.09 2.86 2.69 2.69 2.91 3.20 3.45 3.39 3.34 3.70 4.77 5.98 6.63 6.69 6.35 5.82 5.42 5.19 5.16 5.35 5.45 5.53 5.52 5.66 6.01 6.54 7.12 7.63 7.98 8.14 8.20 8.21 8.19 8.16 8.06 7.90 7.71 7.43 6.88 6.09 5.30 4.77 4.65 4.54
5.47 5.31 4.90 4.60 4.47 4.44 4.45 4.41 4.30 4.30 4.51 4.72 4.90 4.94 4.89 4.85 4.77 4.66 4.53 4.38 4.22 4.07 3.95 3.89 3.93 4.09 4.39 4.99 5.41 5.23 4.84 4.81 4.67 4.46 4.32 4.03 3.60 3.08 2.77 2.88 2.97 2.91 2.89 2.94 3.14 3.45 3.92 4.29 4.66 5.46 6.53 7.09 7.11 6.63 6.14 5.63 5.33 5.21 5.13 5.20 5.32 5.54 5.73 6.01 6.52 7.01 7.39 7.73 7.95 8.07 8.16 8.25 8.29 8.29 8.19 7.99 7.76 7.54 7.19 6.70 6.11 5.47 4.85 4.46
5.51 5.24 4.78 4.61 4.48 4.39 4.43 4.52 4.55 4.62 4.92 5.27 5.44 5.43 5.32 5.10 4.85 4.60 4.41 4.29 4.19 4.06 3.90 3.80 3.85 4.11 4.50 5.00 5.14 4.70 4.34 4.33 4.27 4.25 4.34 4.35 3.97 3.53 3.32 3.41 3.63 3.84 4.03 4.12 4.26 4.61 5.30 6.06 6.82 7.40 7.60 7.41 6.84 6.09 5.64 5.25 5.00 4.82 4.63 4.51 4.61 4.83 5.24 5.54 5.87 6.04 5.97 5.91 5.86 5.97 6.15 6.41 6.51 6.54 6.45 6.30 6.27 6.20 6.17 6.19 6.12 5.92 5.49 4.83
5.42 5.00 4.46 4.33 4.28 4.25 4.29 4.42 4.58 4.67 4.93 5.31 5.44 5.41 5.22 4.89 4.54 4.28 4.16 4.08 4.00 3.91 3.82 3.76 3.86 4.14 4.50 4.84 4.74 4.20 3.96 3.99 3.94 3.91 4.08 4.15 4.12 4.06 4.09 4.34 4.62 4.86 5.04 5.23 5.57 6.16 6.88 7.46 7.83 7.87 7.60 7.00 6.33 5.66 5.26 4.91 4.61 4.32 4.16 4.08 4.19 4.39 4.59 4.78 4.80 4.51 4.14 3.75 3.63 3.72 3.91 4.14 4.26 4.22 4.21 4.14 4.23 4.28 4.35 4.54 4.90 5.16 5.20 5.00
5.19 4.75 4.16 3.93 3.91 4.01 4.14 4.27 4.48 4.61 5.12 4.90 4.84 4.74 4.56 4.30 4.02 3.82 3.72 3.68 3.66 3.66 3.73 3.86 4.03 4.22 4.48 4.67 4.51 4.16 4.01 4.01 3.94 3.84 3.72 3.78 4.01 4.12 4.30 4.62 4.96 5.18 5.40 5.75 6.36 7.03 7.46 7.59 7.41 7.08 6.71 6.31 5.87 5.43 5.10 4.81 4.53 4.30 4.29 4.32 4.44 4.50 4.44 4.35 4.05 3.66 3.36 3.20 3.21 3.24 3.13 2.94 2.84 2.79 2.75 2.73 2.82 2.92 2.99 2.98 3.08 3.28 3.47 3.71
4.98 4.66 4.17 3.94 3.84 3.81 3.82 3.92 4.10 4.26 4.22 4.34 3.88 3.72 3.58 3.52 3.44 3.29 3.20 3.31 3.52 3.70 3.89 4.10 4.24 4.37 4.55 4.69 4.67 4.59 4.46 4.26 4.06 3.79 3.45 3.42 3.69 3.84 3.98 4.21 4.56 4.88 5.23 5.82 6.60 7.07 7.08 6.61 5.94 5.67 5.63 5.65 5.55 5.34 5.09 4.86 4.64 4.54 4.64 4.68 4.66 4.58 4.31 4.09 3.82 3.63 3.64 3.65 3.57 3.30 2.86 2.37 2.14 2.00 1.87 1.84 1.90 1.92 1.92 1.82 1.76 1.84 2.12 2.55
4.96 4.79 4.54 4.36 4.15 3.85 3.54 3.41 3.50 3.67 3.67 3.96 3.10 2.95 2.91 3.22 2.95 2.90 2.93 3.21 3.64 4.03 4.28 4.39 4.48 4.59 4.74 4.88 4.93 4.92 4.66 4.30 3.99 3.64 3.29 3.22 3.49 3.71 3.79 3.90 4.14 4.52 5.03 5.84 6.55 6.67 6.18 5.42 4.98 4.85 4.88 5.04 5.15 5.14 4.94 4.77 4.60 4.55 4.61 4.50 4.29 4.05 3.84 3.75 3.84 3.97 4.08 4.00 3.53 2.95 2.38 2.06 1.93 1.77 1.56 1.45 1.38 1.24 1.15 1.22 2.03 1.91 2.53 3.04
5.14 5.17 5.13 4.95 4.65 4.25 3.75 3.46 3.39 3.48 3.49 3.91 3.61 2.98 3.00 2.98 3.01 3.08 3.25 3.58 4.02 4.46 4.70 4.82 4.92 5.04 5.11 5.16 5.16 5.05 4.68 4.42 4.25 3.98 3.64 3.59 3.89 4.14 4.17 4.20 4.34 4.65 5.18 5.99 6.33 6.01 5.18 4.57 4.28 4.19 4.23 4.42 4.67 4.72 4.57 4.42 4.29 4.19 4.08 3.78 3.48 3.29 3.33 3.55 4.02 4.27 4.19 3.81 3.18 2.68 2.44 2.44 2.41 2.09 1.67 1.47 1.42 1.46 1.28 1.56 2.14 3.02 3.91 4.24
5.39 5.47 5.46 5.30 5.06 4.78 4.43 4.15 3.92 3.84 4.65 3.65 3.57 3.66 3.78 3.85 3.92 4.06 4.20 4.38 4.67 5.01 5.25 5.43 5.60 5.68 5.59 5.51 5.52 5.51 5.39 5.25 5.13 4.87 4.49 4.41 4.64 4.85 4.93 4.96 5.02 5.12 5.50 6.01 5.96 5.19 4.39 3.82 3.59 3.57 3.63 3.83 4.15 4.26 4.21 4.07 3.92 3.70 3.43 3.23 3.17 3.27 3.56 3.92 4.30 4.29 3.90 3.43 3.04 3.03 3.24 3.32 2.97 2.40 1.96 1.82 1.87 1.97 2.22 2.84 3.80 4.77 5.19 5.06
5.53 5.43 5.23 5.14 5.13 5.13 4.98 4.71 4.38 4.11 3.97 3.98 4.15 4.41 4.72 4.94 5.13 5.31 5.44 5.50 5.61 5.69 5.82 6.01 6.16 6.09 5.93 5.85 5.92 5.89 5.82 5.66 5.49 5.25 4.94 4.79 4.88 5.06 5.26 5.42 5.48 5.50 5.66 5.71 5.22 4.33 3.60 3.17 2.99 2.97 3.06 3.20 3.52 3.86 3.98 3.92 3.82 3.65 3.55 3.65 3.85 4.15 4.50 4.74 4.74 4.39 3.89 3.65 3.68 3.93 4.08 3.82 3.16 2.55 2.38 2.54 2.80 3.13 3.73 4.61 5.48 5.82 5.61 4.97
5.57 5.22 4.78 4.70 4.82 5.00 5.04 4.82 4.46 4.09 5.21 3.95 4.26 4.68 5.10 5.42 5.67 5.88 6.06 6.13 6.09 6.03 6.09 6.20 6.18 6.05 5.99 6.02 6.03 5.80 5.36 4.99 4.77 4.71 4.70 4.73 4.80 4.96 5.16 5.40 5.57 5.57 5.49 5.15 4.35 3.46 2.87 2.59 2.48 2.53 2.53 2.54 2.95 3.54 3.90 4.04 4.08 4.09 4.21 4.34 4.57 4.97 5.39 5.60 5.42 5.12 4.64 4.54 4.74 4.83 4.47 3.85 3.31 3.19 3.44 3.80 4.27 4.85 5.56 6.19 6.35 5.99 5.30 4.62
5.56 5.13 4.51 4.30 4.27 4.31 4.43 4.43 4.26 3.96 3.67 3.64 3.85 4.20 4.56 4.83 5.04 5.16 5.23 5.29 5.39 5.52 5.64 5.62 5.45 5.39 5.57 5.80 5.80 5.59 5.20 4.70 4.36 4.30 4.55 4.83 5.05 5.16 5.22 5.28 5.32 5.16 4.90 4.47 3.80 3.01 2.50 2.35 2.41 2.51 2.50 2.49 2.83 3.49 4.01 4.35 4.57 4.71 4.80 4.83 5.04 5.59 6.10 6.27 6.08 5.95 5.76 5.53 5.52 5.40 4.87 4.37 4.29 4.75 5.32 5.84 6.37 6.82 7.06 6.93 6.38 5.61 4.92 4.40
5.47 4.95 4.21 3.96 3.73 3.56 3.59 3.73 3.79 3.58 3.23 3.02 2.97 3.08 3.27 3.42 3.52 3.46 3.25 3.25 3.72 4.24 4.40 4.22 3.98 4.25 4.87 5.27 5.35 5.37 5.41 5.33 5.14 4.96 4.94 5.09 5.20 5.21 5.10 4.93 4.76 4.56 4.36 4.21 3.88 3.34 2.97 3.00 3.15 3.24 3.28 3.33 3.49 3.85 4.20 4.53 4.86 5.18 5.39 5.63 6.03 6.52 6.67 6.48 6.23 6.20 6.25 6.28 6.28 6.21 6.07 6.04 6.38 6.87 7.23 7.51 7.72 7.74 7.46 6.79 6.01 5.31 4.79 4.32
5.20 4.60 3.84 3.62 3.46 3.29 3.16 3.21 3.34 3.20 2.82 2.43 2.11 1.94 1.92 2.00 2.06 1.96 1.88 2.02 2.44 2.90 3.01 2.84 2.93 3.54 4.49 4.93 4.94 4.83 5.03 5.33 5.51 5.54 5.32 5.07 4.86 4.72 4.51 4.28 4.16 4.27 4.41 4.61 4.64 4.59 4.44 4.43 4.47 4.49 4.49 4.42 4.31 4.29 4.32 4.46 4.76 5.19 5.73 6.34 6.83 6.90 6.56 5.97 5.49 5.54 5.98 6.30 6.61 6.84 7.07 7.35 7.64 7.79 7.78 7.71 7.57 7.24 6.69 6.09 5.55 5.07 4.65 4.31
4.95 4.49 3.82 3.52 3.40 3.32 3.19 3.12 3.19 3.15 2.86 2.40 1.94 1.61 1.43 1.39 1.46 1.66 1.96 2.22 2.35 2.41 2.37 2.41 2.81 3.65 4.60 4.87 4.66 4.28 4.27 4.51 4.87 5.13 5.04 4.62 4.17 3.90 3.82 3.78 3.89 4.31 4.80 5.21 5.37 5.54 5.59 5.50 5.40 5.30 5.02 4.71 4.53 4.49 4.47 4.54 4.80 5.29 5.92 6.43 6.55 6.23 5.64 4.95 4.66 4.83 5.33 5.77 6.11 6.50 6.80 7.00 7.09 7.01 6.81 6.53 6.16 5.69 5.35 5.06 4.75 4.47 4.19 3.88
4.93 4.67 4.21 3.87 3.67 3.56 3.44 3.37 3.35 3.33 3.22 2.93 2.61 2.25 1.95 1.78 1.57 2.26 2.81 3.09 3.04 2.83 2.72 2.82 3.32 4.20 4.90 4.95 4.52 3.98 3.76 3.75 3.93 4.16 4.30 4.21 3.94 3.73 3.72 3.93 4.26 4.82 5.25 5.44 5.46 5.55 5.62 5.66 5.60 5.35 4.84 4.49 4.43 4.53 4.62 4.75 5.02 5.54 5.97 6.00 5.59 4.97 4.48 4.18 4.24 4.55 4.85 5.05 5.22 5.50 5.69 5.70 5.54 5.39 5.26 5.02 4.61 4.17 3.87 3.77 3.63 3.47 3.29 3.14
4.96 4.78 4.50 4.27 4.07 3.87 3.76 3.80 3.81 3.85 3.89 3.86 3.74 3.43 3.05 2.76 2.70 2.93 3.33 3.72 3.83 3.77 3.70 3.80 4.21 4.88 5.30 5.21 4.77 4.14 3.77 3.51 3.37 3.46 3.85 4.26 4.50 4.61 4.69 4.83 5.10 5.42 5.47 5.31 5.10 5.07 5.17 5.30 5.30 5.17 4.84 4.59 4.53 4.61 4.70 4.83 5.11 5.53 5.73 5.35 4.72 4.22 3.92 3.84 3.94 4.18 4.36 4.39 4.45 4.60 4.69 4.63 4.40 4.15 3.92 3.80 3.49 3.04 2.58 2.39 2.38 2.23 2.08 1.99
4.95 4.78 4.53 4.34 4.18 4.05 4.08 4.22 4.42 4.65 4.83 4.90 4.73 4.39 3.98 3.64 3.44 3.43 3.61 4.05 4.42 4.71 4.87 4.95 5.16 5.63 5.88 5.70 5.31 4.78 4.41 4.07 3.79 3.81 4.18 4.71 5.16 5.48 5.59 5.57 5.54 5.52 5.32 5.01 4.76 4.67 4.72 4.72 4.71 4.75 4.77 4.71 4.64 4.71 4.79 4.99 5.29 5.55 5.35 4.71 4.12 3.82 3.65 3.58 3.64 3.93 4.13 4.07 3.95 3.96 3.94 3.87 3.75 3.45 3.01 2.72 2.51 2.17 1.67 1.31 1.22 1.17 1.08 1.14
4.98 4.79 4.51 4.27 4.08 4.02 4.13 4.35 4.70 5.08 5.37 5.48 5.40 5.21 4.92 4.55 4.19 3.98 4.02 4.35 4.76 5.24 5.45 5.63 5.94 6.38 6.40 6.03 5.58 5.28 5.12 4.98 4.80 4.72 4.81 5.00 5.17 5.32 5.37 5.31 5.23 5.18 4.99 4.67 4.43 4.24 4.17 4.05 3.94 4.00 4.23 4.40 4.49 4.68 4.88 5.19 5.38 5.24 4.64 3.94 3.59 3.49 3.44 3.53 3.74 4.04 4.02 3.68 3.39 3.29 3.22 3.14 3.12 2.94 2.49 1.99 1.68 1.51 1.20 0.77 0.66 1.27 0.91 1.16
4.99 4.76 4.40 4.15 3.96 3.89 3.90 3.99 4.22 4.55 4.91 5.21 5.48 5.66 5.70 5.53 5.14 4.73 4.59 4.69 4.90 5.33 5.64 5.99 6.42 6.67 6.46 5.85 5.32 5.17 5.26 5.38 5.38 5.21 5.01 4.86 4.75 4.67 4.66 4.79 4.91 4.93 4.75 4.42 4.14 3.95 3.80 3.59 3.39 3.33 3.45 3.71 4.04 4.35 4.74 4.97 4.86 4.35 3.60 3.22 3.15 3.18 3.33 3.63 3.86 3.84 3.49 2.95 2.58 2.40 2.34 2.21 2.09 2.08 1.92 1.55 1.21 1.13 1.03 0.92 0.92 1.09 1.41 1.89
4.92 4.62 4.17 4.01 3.91 3.84 3.72 3.56 3.42 3.40 3.60 4.14 4.84 5.46 5.90 6.06 5.93 5.59 5.24 5.08 5.13 5.44 5.76 6.19 6.50 6.45 6.00 5.40 4.82 4.61 4.69 4.90 5.04 4.98 4.85 4.69 4.56 4.52 4.67 4.88 4.95 4.85 4.61 4.39 4.23 4.07 3.84 3.47 3.08 2.88 2.93 3.27 3.76 4.26 4.41 4.30 3.81 3.15 2.75 2.69 2.69 2.70 2.96 3.27 3.29 3.10 2.77 2.39 2.04 1.75 1.59 1.51 1.42 1.29 1.29 1.29 1.25 1.03 1.44 1.62 1.82 2.04 2.37 2.94
4.81 4.47 4.03 3.95 3.95 3.94 3.82 3.61 3.27 2.90 2.74 3.01 3.74 4.62 5.39 5.89 6.13 6.10 5.90 5.68 5.64 5.78 6.03 6.36 6.42 6.12 5.60 4.99 4.41 4.04 3.90 3.95 4.17 4.40 4.58 4.66 4.69 4.74 4.90 5.03 4.95 4.75 4.56 4.48 4.40 4.10 3.68 3.17 2.94 3.04 3.36 3.79 4.14 4.24 4.23 3.70 3.03 2.56 2.44 2.42 2.31 2.27 2.36 2.51 2.64 2.73 2.81 2.74 2.50 2.23 2.09 1.96 1.74 1.46 1.35 1.47 1.68 1.96 2.28 2.61 2.93 3.28 3.64 4.27
4.76 4.44 4.07 4.00 4.05 4.08 4.03 3.98 3.81 3.47 3.05 2.91 3.24 3.86 4.61 5.30 5.81 6.17 6.33 6.35 6.37 6.47 6.66 6.74 6.49 6.03 5.51 4.95 4.40 4.03 3.85 3.82 3.87 4.02 4.28 4.54 4.68 4.73 4.80 4.88 4.72 4.49 4.33 4.30 4.20 3.77 3.45 3.37 3.70 4.21 4.63 4.80 4.75 4.53 4.35 3.82 3.50 3.31 3.18 3.01 2.83 2.73 2.73 2.86 3.25 3.67 3.93 3.93 3.78 3.58 3.35 3.02 2.53 2.17 2.03 2.14 2.42 2.80 3.21 3.72 4.32 4.94 5.46 6.25
4.72 4.42 4.09 4.07 4.18 4.22 4.26 4.36 4.52 4.57 4.37 4.06 3.96 4.12 4.48 5.07 5.65 6.25 6.65 6.91 7.15 7.23 7.19 6.95 6.46 5.96 5.63 5.35 4.99 4.81 4.73 4.62 4.40 4.29 4.35 4.50 4.61 4.66 4.66 4.51 4.28 4.09 4.05 4.08 4.10 4.10 4.32 4.77 5.23 5.50 5.52 5.31 4.99 4.70 4.54 4.50 4.51 4.53 4.49 4.40 4.32 4.35 4.48 4.74 5.02 5.10 4.89 4.64 4.40 4.12 3.71 3.20 2.71 2.53 2.64 2.91 3.24 3.71 4.39 5.38 6.44 7.26 7.86 8.43
4.67 4.39 4.11 4.14 4.29 4.37 4.47 4.68 5.04 5.43 5.66 5.69 5.55 5.31 5.23 5.47 5.96 6.62 7.13 7.43 7.69 7.67 7.26 6.73 6.16 5.81 5.73 5.72 5.63 5.48 5.36 5.26 5.06 4.91 4.79 4.71 4.70 4.65 4.45 4.20 4.08 4.16 4.22 4.33 4.50 4.77 5.14 5.48 5.60 5.46 5.24 5.03 4.88 4.75 4.68 4.73 4.77 4.90 5.09 5.28 5.44 5.64 5.80 5.84 5.63 5.18 4.59 4.28 4.04 3.66 3.21 2.87 2.75 2.87 3.21 3.66 4.18 4.94 6.09 7.40 8.43 9.07 9.28 9.21
4.65 4.43 4.20 4.26 4.41 4.49 4.55 4.80 5.36 6.02 6.53 6.76 6.76 6.60 6.37 6.35 6.70 7.22 7.53 7.62 7.65 7.46 6.91 6.23 5.72 5.53 5.58 5.70 5.70 5.58 5.39 5.23 5.04 4.89 4.73 4.63 4.61 4.51 4.33 4.28 4.39 4.47 4.49 4.58 4.69 4.71 4.71 4.68 4.45 4.20 4.07 4.15 4.37 4.50 4.44 4.43 4.50 4.66 4.90 5.17 5.47 5.72 5.70 5.35 4.68 3.93 3.47 3.45 3.47 3.28 3.04 2.99 3.15 3.46 3.94 4.53 5.26 6.29 7.53 8.41 8.83 8.90 8.66 8.19
4.69 4.52 4.38 4.46 4.58 4.67 4.80 5.20 5.91 6.40 6.60 6.63 6.69 6.81 6.94 7.17 7.50 7.70 7.55 7.25 7.04 6.77 6.29 5.75 5.38 5.22 5.19 5.28 5.39 5.39 5.26 5.02 4.60 4.29 4.21 4.31 4.40 4.36 4.27 4.22 4.19 4.21 4.31 4.42 4.42 4.21 3.97 3.70 3.56 3.47 3.44 3.55 3.79 4.01 4.12 4.25 4.39 4.46 4.55 4.72 4.97 5.07 4.77 4.05 3.30 2.86 2.78 3.01 3.35 3.52 3.51 3.58 3.87 4.36 5.02 5.75 6.59 7.58 8.20 8.25 7.60 6.66 5.98 5.63
