project/data/elevation/US_DEM2016/US_DEM2016_point_10-28-2019_2259_30m_ang.asc
ncols	125
nrows	167
xllcorner	-2042055.000000
yllcorner	1465035.000000
cellsize	30.000000
NODATA_value	-9999.000000
[rows 88 to 131 of 167, columns 0 to 95 of 125]
349 350 348 346 345 344 342 339 337 337 338 342 346 353 1 11 4 359 357 356 353 349 345 342 342 342 345 349 352 352 350 352 357 360 0 358 354 350 352 354 354 352 351 349 344 339 338 342 348 351 353 355 357 359 359 357 352 347 345 346 346 344 343 341 341 343 346 347 346 345 344 344 349 355 359 360 358 356 354 351 349 349 347 345 344 347 352 355 357 358 1 4 3 360 358 355
348 349 348 346 346 344 340 338 338 340 342 345 351 0 5 0 354 353 354 354 352 349 345 342 341 342 343 346 349 351 350 350 353 359 3 3 359 355 354 355 355 353 353 350 345 340 339 342 344 344 344 346 347 349 352 354 352 347 344 345 344 344 343 341 341 343 347 348 346 344 342 342 345 351 357 360 0 359 359 359 357 355 353 352 353 355 354 352 354 357 0 1 0 358 356 351
347 348 347 346 345 342 339 337 339 343 347 352 1 7 12 353 348 349 349 350 349 347 346 345 344 342 341 341 344 347 349 349 349 355 3 6 4 359 356 355 354 353 353 351 348 344 343 346 347 345 344 344 344 346 349 352 352 346 343 343 344 345 344 341 340 342 347 348 344 342 341 340 342 346 351 354 357 359 1 2 1 359 357 358 0 1 358 354 355 359 1 358 356 354 351 348
347 347 346 345 343 339 338 338 342 348 355 4 11 9 360 350 345 344 343 343 344 345 346 348 347 344 341 340 340 341 343 344 344 347 358 6 7 2 357 354 353 353 353 351 349 347 347 349 350 349 347 346 346 348 352 355 353 347 342 343 344 346 345 341 339 341 345 346 343 342 341 340 341 342 344 347 350 355 358 360 0 0 360 1 4 4 2 360 1 3 1 355 351 349 347 348
347 346 344 342 340 337 337 341 347 356 6 11 10 5 360 354 348 344 341 339 339 342 346 347 347 346 344 343 342 341 341 342 342 343 352 4 9 4 357 353 352 352 351 349 348 348 349 351 351 351 351 349 349 351 354 357 355 349 344 344 346 347 345 341 339 340 344 345 343 342 342 341 342 343 342 342 343 348 353 355 356 358 360 1 3 4 4 4 5 5 2 355 349 346 347 352
346 345 342 339 337 337 339 345 354 4 10 8 3 0 358 356 352 348 345 342 342 344 346 347 346 346 345 346 346 347 347 347 348 348 353 4 7 2 356 353 351 350 349 347 346 347 349 351 352 352 352 354 354 354 354 357 357 353 348 348 349 348 345 341 339 340 344 347 346 344 342 342 344 346 346 340 336 339 344 345 346 352 357 360 1 1 2 4 5 4 1 356 349 347 350 354
346 345 341 337 337 338 343 350 1 8 5 1 359 357 355 354 352 351 348 347 346 347 348 349 348 345 343 344 347 350 351 351 352 354 359 4 2 357 353 351 349 348 347 346 345 346 348 351 352 352 354 356 358 358 357 358 359 357 353 352 352 350 346 342 340 341 345 350 350 346 343 343 347 351 351 342 331 328 330 330 330 338 350 356 355 355 356 358 359 360 360 357 351 350 351 351
346 346 344 341 341 345 351 355 1 2 359 357 356 354 352 351 350 349 349 348 349 350 351 352 350 344 340 341 345 349 350 350 351 354 0 2 357 352 350 348 348 347 346 345 345 345 346 348 351 354 356 358 359 0 1 3 3 360 354 352 352 350 346 342 341 342 346 350 350 346 344 346 351 357 358 350 339 333 330 327 324 326 337 346 347 349 351 353 354 356 358 355 351 350 350 348
345 346 347 347 348 352 356 358 358 357 355 354 353 351 349 347 347 347 348 349 352 355 355 352 349 345 342 342 345 346 347 347 348 351 357 358 353 349 347 347 347 347 347 346 345 343 343 345 349 353 356 358 359 1 4 7 7 2 355 352 351 349 344 341 342 345 348 349 348 345 343 348 357 3 2 355 348 344 339 335 333 333 336 339 342 346 351 353 353 355 355 353 350 350 350 348
345 348 350 351 351 354 357 358 357 356 354 352 349 348 346 345 345 346 349 353 357 359 355 349 346 344 344 347 349 349 350 350 350 352 355 355 350 347 346 346 347 349 350 348 346 343 341 342 346 350 352 354 357 360 4 8 7 2 356 353 351 347 343 340 341 345 349 349 347 343 342 349 359 4 3 358 353 349 343 340 341 341 339 339 341 347 353 354 353 354 355 351 349 349 349 347
346 349 352 352 350 353 355 355 355 355 353 350 347 345 344 344 346 348 353 359 2 360 353 347 343 341 344 348 351 352 353 354 356 356 356 354 349 345 345 347 350 352 351 348 347 344 342 343 347 350 349 347 349 353 358 3 4 360 356 353 350 347 343 340 341 344 347 348 346 342 342 348 355 0 2 1 357 352 346 344 346 346 343 342 345 352 355 354 352 353 354 351 348 347 346 344
348 351 352 349 348 350 351 352 352 352 352 349 346 343 343 345 349 354 360 3 1 356 350 346 341 339 341 346 350 352 355 358 360 359 358 355 349 345 346 351 354 353 350 349 347 344 343 346 351 355 353 350 348 349 353 359 1 358 355 353 350 347 344 342 343 344 346 347 345 343 343 346 349 354 359 1 359 355 350 350 351 350 348 348 351 355 356 353 351 353 354 352 348 345 344 343
350 352 352 348 345 345 346 348 349 350 349 347 345 344 345 348 354 1 5 2 356 351 348 345 340 338 340 344 347 350 353 357 0 2 1 358 351 347 349 353 353 351 349 349 346 344 344 347 353 356 357 357 355 352 353 358 360 356 354 353 351 348 346 345 345 346 347 347 346 345 345 344 345 349 355 358 358 355 354 355 355 354 352 353 355 356 354 352 351 353 354 353 349 347 345 342
351 352 352 347 341 340 341 344 346 347 346 345 345 346 348 353 1 6 4 357 351 347 345 343 339 338 340 344 345 346 348 351 357 1 3 0 355 349 349 350 349 349 349 348 346 343 344 348 352 355 357 360 359 357 356 360 358 353 351 351 351 348 346 346 347 348 348 348 348 348 347 344 343 346 350 353 353 354 357 359 359 357 356 356 356 353 352 352 352 354 356 354 351 350 347 343
352 352 352 348 345 337 338 340 343 343 343 343 345 349 354 0 3 2 358 354 350 347 344 343 340 339 341 344 344 342 341 343 348 355 359 360 355 349 347 347 347 348 348 347 345 344 345 348 351 353 355 358 0 1 1 0 356 350 348 349 349 347 346 347 348 349 349 349 349 348 347 344 343 345 348 349 350 352 356 358 360 360 360 359 356 353 352 353 355 356 355 353 351 351 348 343
351 351 351 350 346 344 340 340 340 340 341 343 348 354 360 1 356 352 351 351 350 348 346 344 344 345 347 348 346 342 338 338 341 345 351 354 352 346 344 345 347 348 348 346 344 343 346 350 352 352 352 352 355 0 2 360 354 347 345 346 346 345 346 347 349 350 350 350 349 348 346 343 341 343 346 348 349 352 352 354 357 359 0 360 358 357 357 357 358 358 355 352 350 350 347 344
348 349 352 353 351 346 342 341 340 340 342 347 354 3 3 352 344 343 345 346 347 347 346 345 345 349 354 354 351 347 345 344 344 346 348 350 349 345 343 346 348 348 347 345 343 344 347 352 355 354 352 350 350 354 356 356 351 345 342 343 343 344 345 347 349 350 352 352 351 349 347 343 340 341 345 348 351 354 352 349 350 353 356 357 359 1 1 1 2 360 355 352 350 348 346 344
343 346 352 354 353 350 344 342 342 344 349 356 0 3 358 346 338 335 338 340 342 345 345 343 345 350 355 356 353 352 350 350 350 350 350 351 352 348 345 347 349 349 346 344 343 344 348 355 358 357 356 354 350 346 346 348 347 344 340 340 341 343 346 347 348 349 352 354 354 351 348 344 340 340 343 347 352 355 355 351 348 347 346 348 354 358 1 3 2 359 354 351 350 348 346 344
340 345 352 354 355 352 350 346 347 352 358 0 359 356 352 348 344 341 339 338 339 341 341 341 344 348 352 353 354 354 354 354 355 355 354 355 355 352 347 348 350 348 346 343 343 344 348 355 360 1 1 359 351 344 342 344 345 343 339 338 339 343 345 346 346 348 351 354 356 354 351 347 344 341 342 346 351 355 357 355 353 349 344 343 347 352 357 360 0 357 353 350 348 347 346 347
343 346 351 354 355 353 352 352 354 357 358 357 356 352 350 349 350 351 348 345 343 341 339 340 344 347 348 349 352 354 356 357 358 358 358 358 358 355 350 348 348 347 345 345 344 344 347 355 0 4 4 359 351 345 344 345 345 342 338 337 339 342 343 344 345 346 350 353 356 356 354 351 349 346 344 346 349 353 357 358 355 352 350 348 348 351 354 356 357 355 350 347 346 345 346 348
347 349 352 353 353 353 354 356 357 356 354 353 351 349 348 349 352 354 353 350 347 344 342 342 346 348 347 348 349 351 354 356 358 358 359 360 0 358 353 349 347 345 345 346 345 344 346 352 359 3 2 357 351 348 347 347 345 342 339 337 338 340 341 342 343 345 348 350 354 356 356 354 353 351 347 346 348 352 356 357 354 352 352 353 353 353 354 354 354 353 349 346 345 345 346 349
349 350 352 353 351 351 353 354 354 353 350 348 347 346 346 348 351 352 351 350 348 346 344 346 349 349 348 349 351 351 352 354 354 354 356 358 1 1 355 349 346 346 347 347 345 343 345 350 356 359 359 356 354 352 351 349 346 344 342 340 338 339 341 342 343 346 347 347 350 354 356 356 356 354 350 347 348 352 355 355 353 351 351 354 355 355 355 354 354 352 349 346 346 347 348 349
347 350 353 353 350 350 350 350 349 348 346 344 343 344 345 349 351 349 348 347 346 344 345 348 352 351 348 349 353 354 354 354 353 353 354 356 0 1 356 351 350 349 348 346 344 343 345 349 353 355 355 355 355 355 355 352 349 348 347 344 340 340 341 342 344 348 347 346 347 351 354 357 358 356 351 347 348 352 354 354 352 351 351 353 355 356 356 355 354 352 349 346 345 347 349 349
345 349 353 352 349 348 348 346 344 343 343 343 343 343 346 350 350 348 346 345 343 342 344 349 353 352 348 349 353 354 354 354 354 355 357 358 1 1 357 354 352 351 348 345 343 343 346 350 351 352 352 353 354 356 357 356 354 353 352 349 344 341 341 342 346 348 347 345 346 349 353 357 359 357 351 348 349 351 353 353 352 351 352 353 355 357 357 356 355 354 351 346 344 346 348 349
344 348 352 350 347 346 345 343 341 341 342 343 344 345 348 351 351 348 345 344 342 340 342 348 353 351 350 352 353 353 352 352 353 356 358 0 2 1 357 354 352 350 348 344 341 343 347 351 352 351 350 350 352 355 357 358 358 358 357 354 348 343 342 344 347 347 346 345 346 349 353 357 359 357 352 348 348 350 352 352 350 351 352 353 355 357 358 357 356 356 354 349 346 346 348 348
346 347 349 348 344 342 340 340 341 342 342 344 345 347 350 352 350 347 344 344 342 340 342 348 350 349 351 354 355 355 353 351 349 351 356 360 3 1 356 352 351 349 346 342 340 343 349 353 353 351 350 349 350 352 354 356 359 359 358 356 351 346 345 346 346 346 345 345 347 350 353 356 359 358 353 349 349 350 351 350 350 351 352 352 353 356 357 356 355 356 355 351 348 349 349 348
347 347 348 347 343 339 337 339 342 344 344 345 347 350 351 350 347 344 344 343 342 342 344 347 346 347 350 354 357 357 357 355 352 350 352 357 1 359 354 350 349 348 345 342 341 343 349 353 353 351 350 350 351 353 352 352 355 356 356 356 353 348 347 347 346 345 344 345 348 351 354 356 359 357 353 350 351 351 350 349 349 352 352 350 350 351 352 353 354 356 354 351 350 350 350 349
347 347 348 348 344 338 336 340 346 349 349 350 349 350 348 346 344 343 343 343 343 345 347 344 341 344 349 354 355 356 357 358 358 355 353 354 356 356 352 349 348 346 344 343 343 345 348 351 351 349 349 350 353 355 356 354 352 351 351 353 352 348 346 347 346 345 344 346 349 352 354 357 359 358 353 351 352 352 350 349 350 352 352 349 347 347 348 351 354 355 353 350 349 350 350 350
345 346 348 348 346 341 338 342 348 352 353 352 351 349 346 344 343 343 343 343 346 349 349 343 337 339 347 352 353 353 354 356 359 0 358 355 355 354 351 348 346 345 343 343 346 349 349 350 348 346 346 349 354 357 359 358 355 352 350 351 350 347 344 345 346 345 346 348 350 352 353 356 358 358 354 351 351 351 351 351 352 353 353 351 347 346 349 352 354 354 352 349 349 350 350 349
343 345 348 349 348 345 342 343 347 350 351 351 349 346 344 343 343 345 345 346 349 351 352 348 341 339 344 349 351 351 350 351 357 0 360 358 357 356 351 347 345 344 342 343 348 353 353 349 345 343 343 347 352 357 359 359 358 356 354 353 352 348 344 343 344 345 347 350 351 352 353 355 358 357 353 351 351 351 351 351 351 353 354 352 350 350 352 354 354 353 351 349 348 349 349 348
342 344 347 349 350 349 345 344 346 347 346 345 344 343 342 343 344 346 346 348 349 350 351 351 348 345 345 347 350 351 349 347 349 355 359 0 1 358 352 347 345 343 341 343 349 355 355 350 343 340 341 345 350 354 357 358 358 357 358 357 355 352 346 343 343 345 348 349 350 352 353 355 357 356 352 350 350 351 350 349 350 353 354 353 353 355 356 356 355 353 350 348 348 347 348 348
343 344 347 349 351 350 346 345 346 345 342 340 340 340 341 344 346 347 348 349 348 347 348 350 351 350 348 347 349 352 352 348 345 348 355 0 2 359 352 348 345 342 341 343 350 355 356 352 345 340 339 343 347 350 354 356 357 357 359 360 359 356 350 346 345 347 348 347 348 351 354 356 358 356 352 349 349 350 348 347 348 352 354 353 355 358 358 357 357 355 351 348 347 346 346 347
345 345 346 348 351 350 347 346 346 344 340 338 338 339 341 345 347 349 351 351 348 346 345 347 350 351 349 346 347 351 354 353 348 345 349 357 1 357 351 347 345 342 342 345 351 354 354 353 348 342 339 341 344 347 351 356 357 357 358 0 2 359 353 349 348 348 347 346 347 351 354 357 359 357 352 348 349 349 347 345 348 351 353 353 355 357 357 357 357 356 353 349 346 345 345 346
346 345 346 348 350 349 346 346 345 342 339 339 339 341 343 347 349 351 353 351 349 347 345 346 349 351 348 345 345 350 354 355 353 350 350 354 357 354 349 346 344 342 343 348 353 352 352 353 350 345 339 338 341 345 349 355 358 359 358 360 2 359 353 350 349 348 347 347 348 351 354 357 360 358 353 349 348 348 346 345 348 351 352 354 356 356 356 356 356 355 353 350 346 344 343 344
346 346 347 349 350 348 344 343 343 342 341 341 341 342 345 348 351 352 351 350 349 348 347 348 349 350 348 344 344 348 352 355 355 354 353 354 355 352 348 344 342 341 346 353 354 351 350 351 351 346 340 336 337 341 346 352 357 359 359 0 1 358 352 349 348 347 346 347 349 352 355 357 360 359 354 350 348 346 346 346 348 350 351 353 355 356 356 356 355 354 352 351 347 344 343 343
346 346 347 348 349 347 343 339 338 340 342 343 342 342 346 349 350 350 349 348 348 348 347 348 349 351 349 345 343 346 351 354 355 354 354 354 355 353 350 343 340 342 350 357 354 349 349 350 350 348 342 336 333 336 341 347 353 357 359 1 0 356 352 349 347 346 346 346 349 353 357 359 1 359 354 349 347 347 347 347 348 348 350 351 353 354 355 355 354 352 351 351 348 345 344 344
347 347 347 347 348 346 343 338 335 337 341 344 344 345 347 346 347 349 349 348 348 347 345 345 348 353 353 348 344 345 350 353 354 353 353 354 356 355 349 343 342 348 356 358 353 349 347 348 349 349 346 341 338 337 338 341 348 354 358 359 359 355 352 350 347 346 346 347 349 353 357 0 3 1 354 349 348 348 348 348 348 348 349 350 350 351 353 353 351 350 350 350 349 347 346 346
347 347 348 349 348 346 343 339 335 335 345 343 346 348 346 343 345 350 352 350 348 345 342 343 347 352 354 352 348 346 349 353 353 353 352 353 355 355 350 344 345 352 356 355 353 351 348 347 349 349 348 346 345 343 340 339 344 352 356 357 357 354 350 348 347 347 347 348 350 353 357 2 5 2 355 351 349 348 348 348 349 349 350 349 349 350 351 349 348 348 349 350 349 348 347 348
344 346 350 350 349 346 344 341 338 336 337 342 349 351 346 344 346 351 353 350 346 343 340 341 346 351 354 354 352 348 348 352 353 354 353 353 353 354 351 347 347 351 352 352 353 353 351 349 349 349 349 347 346 346 344 342 343 349 354 356 356 353 348 345 346 348 348 348 350 354 358 4 7 2 356 353 352 349 347 347 348 349 349 349 350 351 350 347 346 347 349 350 349 347 347 347
342 346 350 351 348 346 344 343 340 336 345 342 350 352 349 347 348 350 350 348 345 343 341 342 347 350 351 354 354 349 348 351 354 355 355 353 352 352 352 348 347 348 350 351 351 351 351 351 351 352 351 349 347 347 346 344 342 346 352 357 357 352 347 345 347 348 347 346 350 355 2 7 7 1 357 355 354 352 348 345 346 347 348 350 353 352 347 344 345 347 349 350 349 346 345 345
346 347 349 348 346 344 344 345 342 349 336 342 349 352 351 349 349 349 347 345 345 344 343 345 347 348 350 353 353 349 347 349 353 356 355 353 352 353 353 349 346 347 349 349 349 348 349 351 353 354 353 352 350 349 348 346 343 344 351 357 357 352 347 346 347 347 345 346 350 359 6 9 6 1 357 355 355 354 352 347 344 344 347 352 355 351 345 344 346 347 349 350 349 346 344 344
353 351 349 347 345 344 344 346 345 350 339 342 346 349 350 349 348 347 346 345 345 345 347 349 349 348 350 353 352 348 346 348 352 354 354 353 353 353 353 350 347 347 347 346 346 346 346 349 353 355 356 354 352 351 350 349 346 344 349 355 356 352 348 348 347 345 344 347 354 3 9 8 4 360 357 354 353 353 352 349 345 344 347 353 353 348 345 347 348 349 350 350 349 347 343 343
356 353 349 347 346 346 346 347 347 344 341 341 344 346 347 347 346 346 346 346 346 346 348 349 348 349 351 353 352 349 348 348 350 352 354 354 353 352 353 352 348 346 345 344 343 343 345 348 353 356 357 355 353 352 352 350 349 348 349 353 355 352 349 348 346 344 345 351 360 6 7 5 1 358 356 355 353 350 349 348 346 345 349 351 350 348 348 351 352 352 350 350 349 347 344 343
354 352 349 347 348 349 349 348 347 345 342 340 341 342 344 345 345 345 347 349 349 348 347 346 347 348 350 351 351 350 349 349 349 352 354 356 353 351 352 352 348 345 344 343 342 342 344 349 353 356 356 354 353 353 353 351 350 350 351 353 354 351 349 347 346 345 348 356 3 6 4 1 359 357 355 355 355 352 348 344 343 345 348 351 350 350 352 355 355 353 351 349 349 348 346 343
