project/data/elevation/US_DEM2016/US_DEM2016_point_10-29-2019_1818_30m_vel.asc
ncols	125
nrows	167
xllcorner	-2042055.000000
yllcorner	1465035.000000
cellsize	30.000000
NODATA_value	-9999.000000
[rows 76 to 113 of 167, columns 0 to 83 of 125]
2.30 2.08 1.73 1.56 1.61 1.71 1.99 2.37 2.59 2.59 2.47 2.37 2.43 2.68 2.99 3.32 3.57 3.64 3.47 3.17 2.92 2.74 2.59 2.45 2.37 2.35 2.27 2.18 2.16 2.15 2.09 1.98 1.81 1.70 1.70 1.73 1.73 1.70 1.63 1.57 1.58 1.73 2.02 2.30 2.39 2.23 2.01 1.84 1.75 1.72 1.70 1.69 1.64 1.59 1.61 1.68 1.77 1.82 1.87 2.00 2.18 2.15 1.73 1.20 0.91 0.90 1.11 1.28 1.34 1.43 1.61 1.85 2.23 2.64 2.98 3.32 3.70 3.97 3.88 3.46 2.86 2.23 1.95 1.88
2.31 2.07 1.73 1.60 1.70 1.97 2.26 2.39 2.27 2.04 1.89 1.96 2.25 2.67 3.08 3.39 3.53 3.44 3.16 2.86 2.64 2.48 2.37 2.31 2.31 2.32 2.23 2.13 2.11 2.13 2.12 2.06 1.98 1.96 1.99 1.94 1.80 1.64 1.52 1.53 1.68 1.88 2.06 2.20 2.28 2.19 2.00 1.84 1.75 1.71 1.65 1.57 1.52 1.53 1.61 1.71 1.81 1.90 1.98 2.08 2.09 1.75 1.24 0.98 1.04 1.30 1.51 1.64 1.83 2.14 2.41 2.78 3.23 3.56 3.78 4.00 4.13 4.03 3.60 3.07 2.56 2.07 1.83 1.78
2.29 1.99 1.61 1.54 1.65 1.89 2.02 1.93 1.78 1.68 1.80 2.08 2.48 2.92 3.28 3.47 3.43 3.20 2.90 2.63 2.45 2.30 2.20 2.17 2.21 2.24 2.16 2.08 2.09 2.13 2.16 2.15 2.15 2.17 2.15 2.03 1.81 1.62 1.57 1.65 1.76 1.79 1.81 1.93 2.09 2.06 1.80 1.56 1.46 1.41 1.35 1.34 1.44 1.57 1.69 1.83 1.97 2.07 2.10 2.06 1.83 1.37 1.12 1.23 1.56 1.83 2.05 2.35 2.72 2.93 3.14 3.50 3.82 3.97 3.95 3.93 3.81 3.47 3.11 2.84 2.60 2.33 2.14 2.02
2.19 1.86 1.45 1.39 1.47 1.62 1.70 1.68 1.74 1.93 2.20 2.54 2.96 3.31 3.51 3.50 3.30 2.99 2.68 2.46 2.28 2.12 2.02 2.00 2.04 2.09 2.04 1.97 1.96 2.01 2.02 2.05 2.08 2.09 2.06 1.92 1.69 1.56 1.48 1.48 1.48 1.45 1.48 1.68 1.93 1.95 1.69 1.47 1.41 1.44 1.49 1.61 1.81 1.93 1.91 1.93 1.96 1.89 1.75 1.56 1.29 1.10 1.21 1.61 2.03 2.39 2.79 3.16 3.28 3.30 3.40 3.62 3.77 3.68 3.49 3.28 3.03 2.79 2.66 2.60 2.56 2.49 2.39 2.30
2.05 1.77 1.45 1.41 1.49 1.63 1.75 1.87 2.09 2.34 2.64 3.01 3.39 3.58 3.55 3.32 3.02 2.70 2.42 2.21 2.04 1.92 1.85 1.81 1.85 1.93 1.91 1.77 1.67 1.70 1.72 1.74 1.82 1.88 1.87 1.75 1.50 1.49 1.42 1.39 1.39 1.43 1.53 1.73 1.92 1.98 1.89 1.81 1.82 1.92 2.04 2.16 2.24 2.21 2.04 1.91 1.75 1.53 1.34 1.21 1.14 1.23 1.56 2.05 2.53 3.00 3.36 3.40 3.21 3.09 3.21 3.35 3.29 3.03 2.80 2.65 2.52 2.42 2.36 2.31 2.33 2.40 2.41 2.36
1.90 1.75 1.61 1.66 1.75 1.86 1.98 2.16 2.39 2.66 2.98 3.32 3.55 3.54 3.29 2.95 2.65 2.35 2.08 1.87 1.74 1.71 1.69 1.64 1.69 1.79 1.75 1.53 1.37 1.37 1.36 1.38 1.50 1.63 1.67 1.64 1.59 1.61 1.62 1.67 1.76 1.87 1.97 2.03 2.10 2.19 2.25 2.29 2.34 2.34 2.30 2.25 2.21 2.11 1.99 1.89 1.82 1.71 1.66 1.62 1.66 1.83 2.14 2.58 3.03 3.38 3.36 2.97 2.68 2.72 2.98 3.09 2.95 2.64 2.46 2.38 2.34 2.31 2.24 2.15 2.13 2.19 2.26 2.25
1.87 1.82 1.75 1.77 1.85 1.98 2.16 2.36 2.62 2.91 3.19 3.40 3.44 3.23 2.88 2.58 2.34 2.09 1.80 1.59 1.54 1.53 1.45 1.45 1.55 1.66 1.63 1.44 1.21 1.16 1.18 1.29 1.41 1.48 1.56 1.57 1.66 1.73 1.81 1.96 2.14 2.26 2.30 2.26 2.27 2.37 2.48 2.53 2.49 2.34 2.18 2.13 2.16 2.13 2.02 1.97 1.97 2.05 2.08 2.09 2.16 2.34 2.62 2.96 3.31 3.35 2.92 2.47 2.39 2.61 2.90 2.96 2.77 2.49 2.36 2.31 2.30 2.30 2.23 2.12 2.06 2.05 2.04 2.05
1.96 1.92 1.79 1.72 1.82 2.03 2.28 2.53 2.81 3.05 3.23 3.30 3.19 2.89 2.57 2.33 2.13 1.90 1.62 1.45 1.41 1.34 1.21 1.25 1.44 1.57 1.64 1.57 1.37 1.31 1.42 1.57 1.57 1.56 1.49 1.46 1.59 1.66 1.82 2.09 2.28 2.30 2.23 2.16 2.22 2.37 2.51 2.52 2.41 2.29 2.28 2.34 2.35 2.26 2.07 2.00 1.98 2.04 2.14 2.22 2.36 2.55 2.80 3.08 3.26 3.07 2.58 2.38 2.49 2.66 2.83 2.81 2.59 2.29 2.13 2.13 2.17 2.18 2.13 2.06 1.99 1.92 1.83 1.85
2.02 1.95 1.82 1.77 1.91 2.16 2.42 2.68 2.90 3.05 3.13 3.10 2.91 2.62 2.35 2.13 1.94 1.72 1.45 1.30 1.21 1.06 1.02 1.18 1.44 1.66 1.86 1.95 1.94 1.98 2.05 2.02 1.91 1.81 1.71 1.53 1.54 1.73 2.01 2.23 2.20 2.05 1.97 2.03 2.16 2.37 2.56 2.61 2.57 2.55 2.55 2.51 2.39 2.24 2.08 2.00 1.99 2.08 2.23 2.36 2.49 2.64 2.79 2.97 3.04 2.81 2.49 2.47 2.55 2.60 2.63 2.58 2.34 1.98 1.75 1.75 1.85 1.90 1.90 1.89 1.84 1.77 1.68 1.71
2.03 1.94 1.87 1.91 2.10 2.35 2.57 2.76 2.89 2.96 2.98 2.89 2.68 2.41 2.15 1.92 1.71 1.44 1.18 1.04 0.97 0.96 1.11 1.41 1.72 1.97 2.21 2.35 2.40 2.46 2.44 2.32 2.17 2.05 1.90 1.69 1.79 2.11 2.27 2.18 1.94 1.82 1.92 2.08 2.23 2.48 2.76 2.86 2.82 2.76 2.66 2.50 2.33 2.21 2.09 2.03 2.07 2.22 2.35 2.42 2.47 2.52 2.61 2.77 2.83 2.66 2.41 2.38 2.38 2.37 2.39 2.36 2.18 1.84 1.55 1.52 1.57 1.56 1.53 1.56 1.60 1.55 1.58 1.62
2.05 1.95 1.91 2.04 2.29 2.48 2.58 2.68 2.80 2.87 2.86 2.73 2.50 2.24 1.95 1.66 1.33 1.01 0.82 0.86 0.94 1.15 1.46 1.78 2.07 2.30 2.48 2.53 2.50 2.49 2.44 2.37 2.26 2.16 2.06 1.97 2.08 2.22 2.10 1.84 1.70 1.78 1.90 2.01 2.19 2.59 2.93 2.96 2.80 2.68 2.61 2.51 2.40 2.27 2.13 2.08 2.03 2.18 2.14 2.20 2.20 2.23 2.39 2.62 2.73 2.59 2.30 2.16 2.14 2.15 2.23 2.30 2.26 2.04 1.70 1.51 1.44 1.36 1.31 1.05 1.33 1.34 1.32 1.37
2.09 1.99 1.96 2.09 2.27 2.34 2.38 2.53 2.72 2.83 2.78 2.58 2.32 2.04 1.66 1.22 0.86 0.75 0.86 1.02 1.19 1.43 1.71 2.02 2.29 2.48 2.56 2.49 2.37 2.28 2.28 2.30 2.29 2.26 2.21 2.15 1.71 1.94 1.71 1.58 1.61 1.67 1.68 1.77 2.11 2.66 2.97 2.83 2.50 2.35 2.31 2.32 2.31 2.27 2.20 2.13 2.06 2.00 1.96 1.95 1.99 2.12 2.36 2.60 2.70 2.57 2.26 2.08 2.02 2.10 2.26 2.45 2.49 2.35 2.14 1.90 1.70 1.54 1.48 1.42 1.29 1.19 1.17 1.27
2.09 1.97 1.93 1.99 2.05 2.11 2.28 2.57 2.79 2.83 2.68 2.39 2.09 1.73 1.25 0.68 0.87 1.09 1.29 1.40 1.51 1.69 1.94 2.20 2.39 2.49 2.47 2.37 2.26 2.20 2.21 2.25 2.29 2.30 2.26 2.17 1.93 1.67 1.51 1.49 1.50 1.53 1.59 1.76 2.16 2.68 2.86 2.55 2.08 1.83 1.78 1.77 1.81 1.90 1.96 1.99 1.97 1.94 1.93 1.97 2.09 2.26 2.42 2.56 2.65 2.56 2.26 2.06 2.03 2.17 2.41 2.64 2.68 2.52 2.42 2.35 2.26 2.18 2.11 1.94 1.66 1.50 1.57 1.63
2.07 1.95 1.87 1.92 1.99 2.18 2.49 2.78 2.88 2.75 2.44 2.08 1.74 1.34 1.01 0.97 1.25 1.51 1.62 1.67 1.77 1.95 2.16 2.31 2.34 2.30 2.28 2.29 2.31 2.29 2.27 2.24 2.20 2.16 2.13 2.07 1.85 1.64 1.51 1.49 1.54 1.64 1.74 1.88 2.20 2.61 2.69 2.29 1.75 1.51 1.41 1.32 1.34 1.49 1.67 1.82 1.90 1.95 2.01 2.12 2.24 2.29 2.32 2.43 2.58 2.54 2.24 2.03 2.05 2.23 2.47 2.70 2.72 2.55 2.42 2.41 2.44 2.50 2.51 2.39 2.24 2.20 2.21 2.11
2.08 1.97 1.91 1.97 2.14 2.43 2.72 2.85 2.76 2.45 2.04 1.59 1.21 0.92 0.71 0.96 1.22 1.44 1.60 1.74 1.93 2.13 2.23 2.18 2.06 2.03 2.14 2.29 2.33 2.25 2.17 2.09 2.02 2.00 2.01 1.99 1.85 1.72 1.62 1.64 1.74 1.83 1.88 1.99 2.26 2.56 2.59 2.26 1.84 1.60 1.49 1.48 1.61 1.80 1.93 1.96 1.94 1.96 2.04 2.14 2.17 2.11 2.11 2.32 2.54 2.51 2.18 1.98 2.02 2.17 2.37 2.63 2.64 2.38 2.14 2.09 2.20 2.34 2.39 2.39 2.42 2.50 2.52 2.38
2.10 2.02 1.97 2.06 2.29 2.59 2.76 2.71 2.42 1.97 1.50 1.06 0.74 0.58 0.62 0.82 1.07 1.26 1.43 1.64 1.88 2.05 2.03 1.89 1.82 1.93 2.13 2.26 2.19 2.02 1.90 1.80 1.78 1.86 1.93 1.93 1.82 1.73 1.67 1.76 1.87 1.93 2.00 2.18 2.43 2.65 2.66 2.47 2.26 2.13 2.05 2.14 2.31 2.40 2.35 2.16 2.01 1.96 1.97 1.98 1.93 1.87 1.92 2.21 2.48 2.44 2.12 1.93 1.91 1.98 2.19 2.47 2.49 2.19 1.86 1.78 1.88 1.99 2.03 2.08 2.18 2.30 2.35 2.33
2.12 2.06 2.02 2.15 2.43 2.64 2.63 2.37 1.93 1.47 1.06 0.70 0.51 0.54 0.71 0.92 1.14 1.29 1.42 1.59 1.77 1.85 1.78 1.74 1.82 2.00 2.19 2.25 2.16 2.01 1.89 1.79 1.80 1.85 1.88 1.82 1.72 1.67 1.68 1.82 1.94 2.03 2.19 2.46 2.67 2.78 2.77 2.67 2.58 2.56 2.59 2.61 2.58 2.43 2.21 2.05 1.97 1.91 1.85 1.75 1.64 1.60 1.73 2.09 2.42 2.43 2.17 1.94 1.85 1.84 2.03 2.33 2.36 2.08 1.74 1.62 1.70 1.77 1.74 1.72 1.79 1.89 1.92 1.91
2.17 2.13 2.13 2.29 2.50 2.53 2.30 1.90 1.48 1.12 0.79 0.57 0.58 0.78 1.00 1.22 1.39 1.50 1.63 1.80 1.92 1.93 1.87 1.86 1.92 2.11 2.38 2.52 2.51 2.43 2.32 2.25 2.22 2.14 1.94 1.71 1.64 1.67 1.79 1.97 2.10 2.25 2.47 2.70 2.80 2.80 2.76 2.71 2.67 2.68 2.70 2.62 2.42 2.17 1.99 1.95 1.91 1.82 1.69 1.53 1.42 1.44 1.66 2.12 2.51 2.55 2.32 2.06 1.86 1.79 1.93 2.25 2.30 2.01 1.62 1.42 1.47 1.53 1.46 1.41 1.48 1.57 1.53 1.47
2.21 2.18 2.21 2.31 2.32 2.12 1.76 1.39 1.10 0.85 0.67 0.68 0.87 1.12 1.38 1.65 1.86 2.02 2.19 2.35 2.43 2.38 2.22 2.06 2.02 2.28 2.68 2.84 2.80 2.69 2.58 2.49 2.39 2.20 1.89 1.66 1.66 1.78 1.98 2.19 2.34 2.49 2.64 2.73 2.72 2.70 2.72 2.73 2.71 2.67 2.58 2.46 2.35 2.28 2.21 2.08 1.91 1.76 1.66 1.57 1.55 1.63 1.88 2.31 2.64 2.64 2.38 2.07 1.83 1.81 1.98 2.23 2.21 1.85 1.39 1.18 1.22 1.25 1.19 1.18 1.25 1.30 1.28 1.23
2.23 2.19 2.14 2.06 1.84 1.55 1.27 1.02 0.85 0.77 0.82 1.02 1.28 1.57 1.86 2.15 2.38 2.61 2.81 2.88 2.80 2.58 2.28 2.04 2.07 2.47 2.84 2.83 2.57 2.35 2.20 2.10 2.01 1.89 1.74 1.68 1.77 1.93 2.16 2.34 2.44 2.51 2.53 2.51 2.51 2.59 2.72 2.77 2.72 2.62 2.48 2.38 2.35 2.35 2.31 2.13 1.92 1.78 1.72 1.70 1.76 1.90 2.14 2.46 2.68 2.61 2.31 2.02 1.87 1.97 2.16 2.24 2.05 1.61 1.20 1.08 1.11 1.08 1.07 1.12 1.16 1.16 1.12 1.09
2.26 2.20 2.03 1.78 1.52 1.31 1.13 0.98 0.95 1.06 1.23 1.46 1.74 2.04 2.34 2.61 2.83 2.98 3.00 2.86 2.57 2.20 1.93 1.91 2.17 2.62 2.83 2.60 2.23 2.01 1.89 1.87 1.87 1.78 1.72 1.76 1.90 2.05 2.22 2.35 2.39 2.36 2.27 2.22 2.30 2.47 2.67 2.74 2.62 2.39 2.25 2.19 2.18 2.15 2.06 1.96 1.85 1.73 1.66 1.65 1.75 1.98 2.28 2.57 2.70 2.59 2.34 2.13 2.06 2.15 2.25 2.15 1.83 1.47 1.25 1.23 1.18 1.05 1.13 1.26 1.24 1.16 1.11 1.19
2.28 2.18 1.96 1.69 1.55 1.40 1.30 1.30 1.43 1.57 1.70 1.89 2.16 2.47 2.76 2.96 3.03 2.96 2.70 2.31 1.90 1.60 1.60 1.87 2.26 2.73 2.85 2.62 2.37 2.26 2.22 2.21 2.15 1.98 1.87 1.86 1.93 2.06 2.18 2.26 2.21 2.08 1.97 2.01 2.12 2.34 2.62 2.68 2.39 1.99 1.81 1.79 1.79 1.76 1.72 1.72 1.70 1.63 1.59 1.63 1.78 2.06 2.37 2.58 2.63 2.53 2.36 2.21 2.13 2.14 2.14 1.95 1.70 1.56 1.53 1.52 1.39 1.24 1.44 1.61 1.53 1.39 1.43 1.74
2.23 2.10 1.90 1.71 1.67 1.61 1.63 1.76 1.93 2.06 2.16 2.33 2.59 2.87 3.03 3.04 2.88 2.57 2.16 1.71 1.39 1.34 1.59 1.95 2.40 2.90 3.00 2.87 2.75 2.69 2.62 2.51 2.34 2.16 2.02 1.93 1.93 2.03 2.13 2.09 1.90 1.73 1.75 1.90 2.06 2.35 2.66 2.63 2.18 1.71 1.55 1.51 1.39 1.35 1.43 1.55 1.60 1.60 1.60 1.67 1.87 2.13 2.33 2.44 2.47 2.42 2.28 2.10 1.99 1.97 1.93 1.83 1.80 1.86 1.93 1.91 1.78 1.75 2.04 2.17 2.05 1.97 2.13 2.42
2.15 2.05 1.88 1.81 1.86 1.96 2.11 2.28 2.41 2.48 2.55 2.70 2.91 3.04 3.00 2.78 2.45 2.06 1.66 1.34 1.31 1.57 1.93 2.24 2.68 3.10 3.11 2.88 2.72 2.63 2.51 2.36 2.24 2.16 2.05 1.96 1.96 2.00 1.97 1.79 1.63 1.66 1.83 2.01 2.19 2.50 2.74 2.63 2.21 1.83 1.69 1.59 1.40 1.42 1.55 1.63 1.64 1.67 1.73 1.82 1.96 2.14 2.27 2.34 2.38 2.37 2.22 2.03 1.95 1.95 1.93 1.92 2.04 2.15 2.21 2.22 2.26 2.42 2.64 2.69 2.59 2.56 2.65 2.66
2.12 2.05 1.94 1.92 2.05 2.25 2.44 2.57 2.62 2.63 2.68 2.80 2.92 2.89 2.68 2.35 1.95 1.55 1.24 1.18 1.47 1.89 2.21 2.50 2.91 3.16 2.99 2.63 2.39 2.25 2.15 2.12 2.11 2.08 1.99 1.94 1.92 1.84 1.69 1.57 1.65 1.92 2.10 2.21 2.36 2.63 2.80 2.66 2.33 2.15 2.09 1.98 1.87 1.89 1.90 1.80 1.73 1.79 1.90 2.00 2.08 2.20 2.30 2.37 2.40 2.38 2.28 2.21 2.22 2.18 2.09 2.07 2.15 2.21 2.23 2.31 2.53 2.76 2.86 2.79 2.67 2.63 2.61 2.39
2.07 2.03 1.97 1.99 2.08 2.23 2.36 2.40 2.38 2.38 2.48 2.63 2.67 2.54 2.27 1.88 1.43 1.11 1.06 1.29 1.69 2.03 2.27 2.52 2.87 2.98 2.69 2.32 2.05 1.89 1.86 1.91 1.95 1.93 1.91 1.88 1.79 1.70 1.67 1.78 2.02 2.19 2.26 2.31 2.44 2.67 2.79 2.62 2.37 2.26 2.23 2.18 2.16 2.15 1.99 1.80 1.77 1.87 1.98 2.08 2.18 2.33 2.42 2.46 2.45 2.43 2.42 2.43 2.41 2.28 2.14 2.10 2.13 2.16 2.20 2.33 2.55 2.68 2.63 2.51 2.43 2.36 2.21 1.91
2.01 1.99 1.98 2.00 2.05 2.08 2.09 2.05 2.01 2.07 2.25 2.38 2.33 2.12 1.77 1.35 1.09 1.10 1.40 1.75 2.00 2.18 2.33 2.50 2.71 2.69 2.35 1.97 1.69 1.57 1.59 1.63 1.64 1.66 1.69 1.70 1.73 1.81 1.96 2.14 2.24 2.25 2.24 2.29 2.43 2.62 2.70 2.53 2.27 2.11 2.05 2.05 2.06 2.01 1.86 1.78 1.81 1.90 2.01 2.14 2.30 2.47 2.54 2.53 2.48 2.45 2.45 2.41 2.29 2.11 2.04 2.03 2.08 2.14 2.19 2.28 2.41 2.39 2.28 2.26 2.27 2.21 2.06 1.92
2.06 2.09 2.11 2.06 2.00 1.97 1.89 1.84 1.86 2.02 2.18 2.15 1.92 1.58 1.23 1.05 1.19 1.61 1.97 2.18 2.31 2.40 2.46 2.55 2.65 2.55 2.20 1.78 1.52 1.47 1.48 1.48 1.49 1.49 1.49 1.59 1.74 1.90 2.03 2.08 2.06 2.06 2.09 2.19 2.35 2.52 2.57 2.37 2.03 1.82 1.77 1.75 1.76 1.77 1.74 1.77 1.82 1.89 2.01 2.18 2.37 2.53 2.56 2.51 2.44 2.40 2.37 2.29 2.14 2.00 1.95 1.96 2.03 2.07 2.07 2.19 2.26 2.16 2.05 2.07 2.14 2.19 2.23 2.29
2.23 2.25 2.23 2.12 2.00 1.89 1.81 1.81 1.91 2.02 1.97 1.69 1.31 0.99 0.89 1.01 1.39 1.86 2.16 2.33 2.45 2.51 2.53 2.63 2.73 2.60 2.27 1.95 1.78 1.80 1.82 1.80 1.79 1.76 1.74 1.80 1.85 1.88 1.90 1.86 1.80 1.83 1.97 2.14 2.32 2.46 2.45 2.20 1.86 1.69 1.64 1.52 1.43 1.42 1.48 1.62 1.75 1.84 1.98 2.18 2.38 2.48 2.46 2.38 2.34 2.35 2.33 2.26 2.16 2.03 1.94 1.92 1.95 1.99 2.06 2.17 2.16 2.04 1.94 1.90 1.90 1.97 2.09 2.21
2.32 2.25 2.13 2.06 1.97 1.87 1.81 1.83 1.85 1.71 1.37 1.05 0.83 0.79 0.96 1.29 1.61 1.86 2.04 2.22 2.33 2.37 2.46 2.71 2.82 2.65 2.43 2.36 2.39 2.44 2.44 2.42 2.38 2.27 2.19 2.11 1.99 1.91 1.87 1.79 1.73 1.79 2.01 2.22 2.37 2.44 2.37 2.13 1.88 1.75 1.59 1.33 1.18 1.25 1.40 1.61 1.78 1.90 2.06 2.24 2.37 2.36 2.28 2.26 2.31 2.36 2.35 2.27 2.18 2.07 1.97 1.94 1.95 2.00 2.05 2.05 2.02 1.97 1.91 1.80 1.66 1.58 1.63 1.72
2.27 2.11 1.97 1.93 1.85 1.74 1.64 1.61 1.49 1.23 0.98 0.88 0.91 1.12 1.56 1.97 2.08 2.06 2.03 2.06 2.12 2.20 2.47 2.82 2.84 2.62 2.55 2.63 2.71 2.74 2.72 2.67 2.57 2.44 2.30 2.16 2.03 1.92 1.83 1.76 1.75 1.90 2.14 2.31 2.38 2.40 2.32 2.12 1.93 1.73 1.42 1.19 1.28 1.57 1.82 1.92 1.97 2.04 2.17 2.28 2.28 2.19 2.17 2.27 2.38 2.42 2.37 2.29 2.22 2.16 2.10 2.05 2.02 1.98 1.90 1.83 1.88 1.93 1.89 1.73 1.51 1.43 1.51 1.57
2.18 2.06 1.92 1.84 1.71 1.56 1.45 1.37 1.26 1.16 1.20 1.39 1.65 2.06 2.52 2.79 2.80 2.58 2.36 2.29 2.33 2.46 2.77 2.95 2.79 2.53 2.50 2.58 2.60 2.59 2.56 2.50 2.44 2.35 2.25 2.14 2.01 1.88 1.74 1.70 1.83 2.10 2.29 2.32 2.31 2.33 2.28 2.11 1.90 1.63 1.39 1.44 1.80 2.15 2.24 2.13 2.04 2.08 2.16 2.19 2.14 2.10 2.18 2.31 2.40 2.40 2.31 2.25 2.24 2.24 2.20 2.13 2.06 1.95 1.80 1.74 1.83 1.92 1.88 1.76 1.66 1.73 1.86 1.86
2.15 2.07 1.94 1.82 1.69 1.60 1.58 1.59 1.60 1.71 1.97 2.30 2.67 3.03 3.27 3.29 3.16 3.00 2.92 2.90 2.91 2.99 3.08 3.02 2.71 2.43 2.39 2.42 2.34 2.22 2.17 2.15 2.14 2.14 2.13 2.11 2.04 1.88 1.75 1.77 1.98 2.16 2.19 2.13 2.17 2.32 2.32 2.16 1.97 1.79 1.77 1.98 2.28 2.42 2.29 2.08 2.05 2.12 2.14 2.11 2.10 2.13 2.18 2.23 2.28 2.25 2.15 2.15 2.19 2.21 2.19 2.12 2.03 1.91 1.78 1.76 1.87 1.92 1.89 1.88 1.93 2.07 2.16 2.13
2.16 2.10 1.99 1.88 1.79 1.80 1.89 2.00 2.17 2.43 2.75 3.07 3.30 3.40 3.37 3.18 2.94 2.91 2.99 3.05 3.08 3.10 3.07 2.89 2.54 2.31 2.32 2.35 2.20 2.01 1.90 1.84 1.82 1.86 1.93 1.98 1.97 1.86 1.79 1.81 1.88 1.86 1.79 1.85 2.14 2.42 2.44 2.28 2.11 2.07 2.17 2.36 2.50 2.49 2.33 2.22 2.24 2.24 2.17 2.11 2.11 2.11 2.08 2.12 2.18 2.11 2.01 2.04 2.12 2.17 2.14 2.05 1.97 1.86 1.77 1.79 1.88 1.89 1.89 1.95 2.02 2.10 2.13 2.08
2.22 2.17 2.06 1.96 1.91 1.94 2.04 2.25 2.56 2.89 3.16 3.28 3.26 3.13 2.93 2.64 2.44 2.47 2.55 2.64 2.76 2.83 2.82 2.65 2.35 2.19 2.29 2.35 2.20 2.04 1.95 1.88 1.86 1.90 1.92 1.89 1.82 1.76 1.73 1.68 1.62 1.60 1.68 1.95 2.35 2.61 2.57 2.36 2.21 2.22 2.34 2.48 2.57 2.57 2.53 2.51 2.50 2.38 2.24 2.16 2.09 2.03 2.02 2.09 2.11 1.98 1.92 2.02 2.16 2.22 2.12 1.96 1.88 1.81 1.77 1.80 1.85 1.85 1.90 1.99 2.06 2.11 2.09 2.00
2.25 2.17 2.08 2.03 2.01 2.07 2.24 2.53 2.85 3.07 3.12 3.01 2.83 2.63 2.44 2.23 2.08 2.09 2.13 2.26 2.47 2.60 2.64 2.48 2.21 2.13 2.26 2.27 2.13 2.08 2.13 2.17 2.18 2.16 2.07 1.93 1.78 1.70 1.67 1.63 1.65 1.77 1.98 2.30 2.63 2.78 2.66 2.40 2.22 2.22 2.31 2.46 2.58 2.62 2.63 2.63 2.57 2.43 2.27 2.14 2.05 2.00 2.01 2.03 1.95 1.85 1.91 2.11 2.27 2.27 2.07 1.89 1.83 1.77 1.74 1.76 1.80 1.82 1.90 2.04 2.15 2.18 2.11 2.03
2.22 2.13 2.07 2.08 2.11 2.23 2.49 2.79 2.97 2.94 2.78 2.59 2.41 2.27 2.12 1.92 1.79 1.81 1.92 2.11 2.34 2.55 2.59 2.33 2.08 2.14 2.26 2.19 2.06 2.05 2.11 2.16 2.17 2.14 2.07 1.96 1.81 1.71 1.70 1.75 1.88 2.03 2.24 2.57 2.85 2.88 2.66 2.33 2.13 2.11 2.21 2.37 2.49 2.50 2.48 2.46 2.41 2.29 2.17 2.09 2.03 1.97 1.93 1.87 1.80 1.82 2.00 2.22 2.34 2.22 1.97 1.85 1.80 1.72 1.68 1.68 1.70 1.72 1.83 2.07 2.21 2.18 2.08 2.04
2.17 2.11 2.08 2.11 2.16 2.32 2.58 2.78 2.75 2.56 2.35 2.16 2.00 1.86 1.70 1.56 1.58 1.74 1.90 2.08 2.38 2.67 2.57 2.18 2.09 2.26 2.32 2.24 2.14 2.06 2.00 1.92 1.88 1.91 1.91 1.87 1.79 1.74 1.77 1.86 1.99 2.12 2.36 2.72 2.93 2.85 2.54 2.18 2.00 2.01 2.11 2.26 2.32 2.25 2.15 2.10 2.06 2.03 2.04 2.05 2.00 1.90 1.80 1.76 1.79 1.91 2.13 2.31 2.31 2.11 1.89 1.80 1.71 1.65 1.62 1.62 1.62 1.62 1.76 2.08 2.21 2.08 1.96 1.92
