project/data/elevation/US_DEM2016/US_DEM2016_point_11-01-2019_1927_30m_ang.asc
ncols	125
nrows	167
xllcorner	-2042055.000000
yllcorner	1465035.000000
cellsize	30.000000
NODATA_value	-9999.000000
[rows 0 to 46 of 167, columns 0 to 95 of 125]
2 0 353 348 348 349 350 351 354 356 358 358 357 357 358 359 359 359 358 357 356 355 355 356 358 359 1 2 2 0 359 357 354 353 351 347 344 346 348 351 352 353 354 355 356 356 355 353 352 352 352 353 355 356 357 358 360 360 358 357 356 355 353 352 353 356 358 359 358 356 354 353 353 353 354 354 355 353 351 354 357 358 357 356 356 356 357 359 359 357 355 356 357 356 354 353
2 0 353 348 348 349 350 351 354 356 358 358 357 357 358 359 359 359 358 357 356 355 355 356 358 359 1 2 2 0 359 357 354 353 351 347 344 346 348 351 352 353 354 355 356 356 355 353 352 352 352 353 355 356 357 358 360 360 358 357 356 355 353 352 353 356 358 359 358 356 354 353 353 353 354 354 355 353 351 354 357 358 357 356 356 356 357 359 359 357 355 356 357 356 354 353
11 6 354 345 342 342 343 346 350 355 358 358 356 356 358 360 1 2 1 359 356 353 353 356 359 2 5 8 7 5 4 1 358 356 354 349 343 342 343 347 350 351 352 354 355 357 356 354 351 350 350 351 354 356 357 359 1 2 2 0 358 354 351 349 350 354 358 1 0 358 355 354 353 353 353 353 353 350 348 352 357 358 356 356 356 357 359 1 1 358 356 357 357 356 353 351
21 12 355 345 337 331 330 334 340 349 356 358 356 355 357 1 4 5 4 1 355 351 351 355 2 8 15 17 16 12 10 7 3 0 358 353 346 340 337 340 345 348 350 352 353 355 356 355 352 348 348 349 352 355 356 358 2 4 5 5 2 357 351 347 346 350 355 360 1 360 358 357 356 355 353 352 349 345 342 346 354 355 352 353 355 359 3 5 3 358 356 357 357 355 351 348
23 14 357 347 339 330 324 324 330 339 349 355 356 355 357 1 3 4 4 0 354 351 352 358 6 15 21 22 18 14 11 8 4 1 360 357 353 347 341 338 339 344 347 349 350 352 354 354 352 349 348 350 353 355 357 359 360 1 3 4 4 1 357 352 349 348 350 353 356 359 360 0 0 359 355 351 347 343 340 341 347 347 345 348 355 3 7 7 3 358 357 356 354 350 346 346
21 13 358 349 342 335 327 322 321 327 338 349 354 354 356 360 2 1 360 357 353 352 356 3 12 20 23 21 16 12 9 6 3 2 2 0 357 353 348 341 336 336 340 344 347 350 351 352 351 349 349 352 355 359 1 1 359 356 356 358 1 3 3 360 355 351 348 347 350 354 358 1 2 359 354 349 345 342 339 339 340 339 337 341 354 5 9 7 2 357 356 354 350 345 344 349
18 11 359 351 346 341 334 326 319 317 324 338 348 349 351 357 2 1 357 354 352 354 0 9 16 21 22 18 13 9 6 4 3 4 3 2 359 357 353 348 339 333 333 336 342 346 348 348 348 347 349 353 358 3 4 2 360 358 357 358 360 3 6 4 360 355 350 348 348 351 355 359 359 357 352 348 344 340 336 336 336 334 332 336 349 3 8 5 360 356 354 351 346 344 347 358
12 7 358 354 351 347 341 333 323 316 316 325 336 341 345 353 1 4 0 354 351 355 4 13 18 21 19 15 10 5 3 3 3 3 2 1 0 360 358 356 350 341 333 330 334 341 345 344 343 343 346 352 359 4 6 4 2 2 3 4 5 6 6 5 2 358 353 349 349 352 355 357 357 355 352 348 345 339 335 334 333 332 331 334 343 357 4 2 356 353 351 348 345 349 1 15
4 2 359 358 356 354 349 342 332 324 320 321 326 331 337 347 359 6 5 358 352 355 6 15 19 19 15 12 8 3 1 360 360 359 358 358 0 2 2 1 359 353 344 336 335 339 343 343 341 340 343 350 357 3 6 7 8 9 11 12 11 8 5 3 2 360 354 350 350 353 356 357 356 354 351 349 346 342 339 337 335 332 332 328 340 350 357 356 353 351 349 348 351 3 16 23
355 357 0 1 1 359 355 348 340 335 332 328 326 326 330 341 356 7 7 360 354 357 7 16 18 15 10 8 5 1 358 356 355 353 354 356 360 2 3 4 3 1 357 350 343 342 343 343 341 340 344 351 357 1 6 11 14 18 20 17 13 8 4 1 360 359 355 353 353 355 356 355 353 351 350 349 347 346 345 345 343 340 338 338 342 348 352 351 349 350 351 353 2 13 16 16
346 352 1 4 4 2 357 351 347 344 342 339 334 330 330 337 351 2 3 359 357 1 8 13 13 10 7 3 1 358 354 352 350 350 352 355 358 0 2 3 4 4 3 359 353 346 342 341 340 342 348 356 1 4 7 13 20 23 22 17 12 7 2 357 355 355 356 357 358 357 354 352 350 349 348 348 348 348 350 351 349 347 345 345 346 349 349 346 346 351 356 1 6 9 9 8
336 345 359 3 4 1 357 354 352 352 351 348 345 341 337 339 347 354 357 358 0 5 10 11 9 6 3 359 355 353 351 349 348 351 354 356 355 356 358 0 2 4 5 4 0 353 345 340 340 343 352 0 6 9 11 14 18 19 17 14 9 3 358 354 350 351 355 360 2 359 354 350 347 347 347 348 348 350 354 354 351 348 346 347 348 350 347 343 345 352 358 1 2 3 3 4
337 340 349 357 0 359 357 356 356 357 357 355 354 352 348 345 346 349 351 356 2 9 12 9 5 2 358 354 351 349 348 348 349 354 358 355 351 352 354 356 358 360 2 4 4 359 350 343 342 346 355 3 11 16 17 14 12 11 10 8 4 358 355 352 349 348 354 360 2 360 354 349 346 346 348 349 351 354 358 355 347 340 338 341 345 346 345 343 345 350 355 357 359 360 359 360
345 343 342 346 352 355 356 357 359 0 0 359 359 359 357 352 350 350 349 354 4 13 13 7 2 358 355 352 349 348 348 350 354 359 357 350 347 349 350 350 352 353 357 2 4 2 355 348 348 353 359 8 17 19 15 9 5 4 3 2 359 356 353 351 349 349 352 357 1 0 355 349 347 349 352 356 357 359 0 356 347 338 333 334 337 339 341 343 344 347 350 353 355 356 355 355
348 347 346 344 345 349 353 356 358 358 358 359 360 1 1 359 357 355 353 357 7 14 12 6 2 358 355 353 352 350 351 355 358 359 355 348 345 346 347 346 346 347 349 355 359 359 356 353 355 0 7 13 16 12 6 3 1 360 357 356 355 354 352 351 350 349 351 355 360 0 356 351 351 356 2 4 2 0 358 354 348 343 339 337 335 336 340 342 343 344 347 349 351 352 352 351
345 348 351 350 346 344 346 348 348 346 345 347 352 355 358 1 2 2 1 3 9 11 9 8 6 4 360 358 357 356 354 353 355 357 356 353 350 347 347 348 347 346 347 349 351 353 355 358 2 8 13 13 10 4 360 360 0 358 353 350 350 351 352 352 351 350 352 355 359 0 358 356 359 6 7 4 1 359 356 351 348 345 343 340 337 338 341 343 342 341 344 346 347 348 350 351
344 347 354 357 357 351 345 342 339 336 335 336 340 343 348 357 5 7 8 8 8 8 9 11 10 8 3 359 358 359 356 352 351 354 356 356 354 351 349 350 350 349 348 347 347 350 355 2 9 13 14 11 5 359 357 359 360 356 350 346 346 349 352 354 353 352 353 355 358 0 2 4 8 8 4 1 360 359 356 351 348 346 344 342 341 342 344 345 343 340 341 344 345 348 353 356
351 352 357 4 6 0 351 345 342 340 340 341 342 342 345 353 3 9 10 9 8 9 11 12 11 7 2 358 357 359 359 355 351 350 353 355 355 354 352 350 350 349 348 346 346 350 357 7 13 14 13 8 1 357 356 358 358 353 347 344 344 347 351 354 356 356 354 353 356 0 5 9 9 5 0 359 0 0 358 354 351 348 346 345 346 347 347 347 344 339 339 342 345 351 357 358
355 357 3 8 6 358 350 346 345 345 346 347 349 350 351 355 1 8 10 9 10 12 13 12 9 5 1 358 356 357 358 357 354 350 350 352 355 355 354 351 349 348 348 348 348 353 2 10 13 13 11 5 359 355 356 358 356 349 345 343 343 345 349 354 357 358 356 353 352 357 4 7 6 2 359 359 0 1 360 358 356 353 350 350 351 351 350 346 342 339 339 342 347 352 355 354
358 3 10 8 360 352 347 346 347 348 350 352 354 357 359 360 2 7 9 9 11 13 13 10 7 3 0 357 355 354 355 355 354 352 351 352 353 355 354 351 349 349 350 352 356 2 6 9 9 8 6 1 357 356 357 357 352 347 344 343 344 345 347 351 355 357 357 355 351 351 357 1 1 360 359 359 360 360 0 1 2 1 358 356 355 354 351 346 342 341 342 343 346 348 349 350
9 13 12 2 351 346 345 347 349 351 354 356 359 2 4 5 6 8 8 9 11 12 10 8 6 3 359 357 354 352 351 351 352 352 352 353 354 354 353 352 352 353 356 1 7 9 6 2 360 359 359 358 357 359 359 356 350 346 345 345 346 346 346 346 348 351 354 354 350 345 346 350 353 355 357 359 359 359 360 3 6 7 6 2 357 354 352 350 348 347 347 345 344 344 345 348
19 14 3 353 346 344 345 348 351 354 356 359 1 4 7 9 10 10 8 7 8 7 6 5 4 2 359 356 354 351 348 348 349 351 353 354 354 353 353 355 357 1 7 12 12 7 360 355 352 352 353 355 358 1 2 357 352 349 349 349 350 349 346 339 335 335 338 342 340 333 332 335 341 346 351 355 356 356 358 2 7 11 11 7 0 356 354 354 354 354 352 347 345 344 345 349
10 4 356 351 347 346 347 351 354 356 358 359 2 5 9 12 13 10 6 4 2 1 1 1 1 360 357 355 353 351 348 347 349 352 355 356 354 353 356 2 7 12 17 14 6 359 353 349 347 347 349 353 358 2 3 0 357 355 355 357 357 355 350 336 323 317 316 317 319 318 316 318 323 330 337 345 349 350 353 357 4 10 13 11 6 360 357 356 357 357 353 348 346 346 348 350
354 354 353 351 350 350 351 354 356 357 358 360 2 5 10 13 13 8 4 1 357 356 356 357 357 357 355 354 352 351 349 350 352 356 360 358 355 358 5 13 17 17 13 5 359 354 349 345 343 344 347 352 357 1 3 3 3 3 4 6 8 6 359 346 334 327 324 321 321 319 313 307 307 312 320 330 336 341 346 351 357 5 12 14 12 6 360 356 355 355 352 348 346 347 348 348
339 343 350 352 353 354 355 356 357 357 358 0 2 5 9 11 9 5 3 0 357 354 353 352 352 352 352 351 352 352 354 356 1 4 5 1 1 8 15 17 15 10 3 358 354 350 347 344 342 343 347 352 356 359 3 5 8 9 11 14 14 10 1 352 345 340 335 333 331 327 320 311 304 301 306 314 319 326 335 341 347 357 8 15 15 10 3 357 355 355 353 349 346 345 345 346
327 332 345 352 356 359 358 357 357 357 358 360 2 4 6 7 6 4 3 2 359 355 352 349 348 347 349 351 353 357 3 9 14 15 11 8 10 13 13 9 5 1 357 353 350 347 346 345 345 346 348 351 354 358 1 5 9 13 16 17 14 8 360 353 349 345 343 341 339 335 329 324 316 309 306 307 306 308 317 326 335 346 360 10 14 12 7 1 357 356 354 351 347 345 344 345
321 326 338 348 357 2 2 360 358 358 358 359 1 2 3 1 2 2 3 1 358 354 351 348 347 347 349 353 359 7 16 22 22 17 12 9 7 7 6 2 358 355 352 348 346 345 346 348 350 350 350 350 351 355 358 3 9 14 16 14 10 3 358 355 352 350 349 348 347 343 340 337 332 324 318 314 309 306 309 315 323 334 347 360 9 13 11 5 359 356 354 351 347 345 345 345
319 323 334 344 354 1 4 3 1 359 359 360 1 1 1 1 360 359 360 358 354 351 349 348 348 350 353 360 9 20 27 25 18 12 9 6 3 2 1 359 354 350 347 344 342 343 346 351 355 357 354 350 348 349 354 1 9 12 12 8 3 359 357 357 357 356 355 354 352 351 351 349 342 335 331 327 321 316 315 317 319 324 334 347 1 10 12 9 2 357 355 351 347 346 346 346
320 322 329 338 347 358 4 5 4 2 1 1 1 2 2 2 359 357 355 353 351 349 349 350 352 356 2 11 22 26 23 15 10 6 4 3 1 359 359 357 353 347 343 340 340 342 346 353 359 2 360 352 346 345 350 360 6 7 6 1 356 354 356 359 1 3 1 359 357 358 359 356 350 345 342 338 333 328 327 327 325 323 326 334 348 2 10 11 7 360 355 351 347 346 347 348
325 326 329 334 341 351 0 5 6 4 3 2 1 2 4 2 360 355 351 348 348 350 353 357 1 6 14 22 24 18 10 5 4 3 1 1 360 359 357 356 353 347 341 338 339 341 346 353 360 3 2 357 350 345 348 356 1 2 360 355 350 350 353 359 4 6 5 4 3 3 2 1 357 353 350 345 341 339 338 339 336 330 324 325 334 348 2 9 9 5 358 353 348 347 348 350
329 331 335 337 339 345 355 3 7 7 6 3 1 1 3 0 360 354 349 348 350 357 4 11 18 24 29 26 14 3 359 358 359 360 359 359 358 358 357 354 351 346 342 339 340 342 345 350 355 0 2 0 355 350 349 353 356 358 355 350 346 346 350 357 2 5 6 7 6 5 4 3 3 1 357 352 348 347 348 348 345 339 330 323 322 330 346 0 7 7 3 357 351 349 349 353
326 330 338 340 340 342 350 360 7 9 8 6 4 3 4 3 359 354 352 355 2 13 24 32 35 33 28 14 357 349 349 352 354 356 356 356 357 357 356 352 348 344 342 343 344 345 345 346 349 355 360 1 359 355 352 352 354 355 352 346 344 344 347 352 356 360 3 6 6 5 4 5 6 6 3 359 356 356 357 355 351 346 340 330 321 319 326 341 357 4 4 1 356 352 351 353
322 325 332 337 339 340 345 355 4 9 11 10 8 6 6 4 359 357 359 8 17 31 34 31 27 19 12 2 350 341 340 343 346 349 352 354 355 355 353 350 345 342 341 344 347 349 347 344 344 348 355 359 360 358 356 355 354 354 350 344 342 341 342 345 348 352 357 2 4 4 4 6 7 7 7 6 7 6 3 360 357 354 349 340 330 323 320 324 336 351 359 1 359 355 351 351
328 326 325 328 332 334 338 347 358 7 12 13 12 9 8 6 2 2 9 21 24 21 22 20 16 10 6 1 354 346 342 342 342 343 346 349 351 351 350 347 344 341 340 342 345 347 345 340 337 341 348 354 359 1 0 358 357 355 350 345 342 338 338 338 341 345 352 357 0 2 2 4 5 7 10 13 15 13 8 3 2 2 356 346 339 334 330 327 327 332 343 353 357 355 350 348
342 337 330 329 330 332 333 338 349 1 10 14 15 13 10 8 7 8 17 20 15 16 15 14 11 8 5 2 358 353 349 348 348 346 345 345 346 347 346 345 343 343 343 343 341 338 336 333 331 333 340 349 357 2 2 0 358 355 351 348 345 341 338 335 335 338 346 354 357 359 360 360 1 4 10 15 17 16 13 9 8 6 358 350 345 344 343 341 337 334 336 342 348 351 348 346
348 344 339 339 340 340 338 337 342 352 4 13 16 16 13 12 11 9 9 11 10 10 10 9 8 7 6 4 2 358 354 352 353 352 348 345 344 344 344 344 346 348 350 350 344 338 335 334 333 332 336 344 355 2 3 0 358 356 353 350 348 345 341 337 334 334 340 347 351 355 358 357 357 1 6 10 14 16 16 14 10 5 359 354 351 351 352 351 348 343 341 341 344 347 347 345
345 344 343 345 348 349 348 344 344 348 357 7 15 18 17 15 12 7 10 5 4 4 4 5 6 6 6 6 6 3 359 355 353 353 352 349 346 344 344 345 349 354 357 354 346 341 340 340 340 339 338 341 352 1 3 1 358 356 353 351 350 349 347 343 338 335 335 339 343 349 355 355 354 357 1 3 8 13 15 13 10 6 2 359 358 359 359 357 351 346 343 343 344 347 348 347
339 341 345 349 352 354 354 352 351 351 354 1 10 17 20 18 12 3 359 358 358 358 360 1 3 4 6 7 8 7 4 358 353 351 350 350 348 345 344 345 350 356 359 356 350 346 345 346 347 346 342 341 348 358 3 1 358 356 352 349 350 352 353 351 347 341 336 335 336 342 350 353 352 353 355 356 0 7 10 9 8 7 6 6 6 7 5 359 351 347 344 343 344 347 350 350
334 338 346 352 355 356 357 358 358 356 353 356 3 13 15 19 10 8 355 353 353 354 356 358 0 2 4 7 8 9 8 3 356 350 348 347 347 346 344 344 347 354 359 359 355 352 350 350 350 348 344 341 344 355 2 1 358 355 351 349 350 354 356 356 354 349 341 334 330 335 345 349 348 348 350 350 354 359 2 4 5 8 12 15 15 11 4 356 352 350 349 348 347 349 353 355
331 335 346 353 355 356 358 0 1 358 355 355 360 4 10 15 15 2 1 351 351 353 354 355 357 359 1 4 7 9 9 6 360 353 348 346 346 346 345 344 344 350 356 360 0 359 356 355 353 349 345 341 343 352 360 359 356 353 351 351 352 355 356 357 356 352 345 335 326 325 337 344 342 342 345 346 348 351 355 358 2 8 15 19 18 10 359 354 353 354 355 355 354 355 358 359
331 336 347 354 355 356 357 360 0 357 355 356 2 10 7 22 12 3 359 356 354 353 352 352 353 355 357 360 3 7 8 6 0 353 348 345 346 347 347 347 346 348 353 360 3 4 1 359 357 354 349 345 345 351 357 357 354 353 354 356 359 359 356 353 351 348 344 337 327 321 326 333 334 335 340 344 345 345 347 353 358 4 12 17 14 7 358 354 355 357 358 360 2 4 4 3
336 340 349 354 356 356 357 359 358 356 356 358 5 11 11 7 5 4 4 1 356 353 351 351 351 351 353 356 359 3 5 3 358 352 348 345 345 346 348 351 351 351 352 358 4 6 4 1 360 359 356 353 350 352 356 356 353 353 357 3 6 7 2 354 348 344 342 339 333 326 322 323 324 327 334 340 342 339 341 349 356 359 5 9 8 4 0 357 357 359 1 3 6 9 10 9
341 344 350 354 356 357 357 357 356 355 356 1 8 11 9 6 5 4 4 1 356 353 352 351 352 352 353 354 356 358 359 357 354 351 349 347 344 344 347 353 356 355 354 358 4 7 4 0 359 360 1 0 357 356 356 356 355 356 360 5 9 9 4 356 350 348 345 342 338 334 329 321 315 314 321 329 332 331 334 345 354 356 357 359 1 3 3 1 0 1 4 6 9 12 15 14
342 345 351 354 356 356 357 356 355 355 358 4 10 21 7 5 4 3 2 358 354 352 352 352 352 353 354 354 354 354 353 351 349 349 351 351 348 344 345 352 358 0 359 0 4 7 5 0 357 358 0 2 1 359 356 355 356 358 0 4 8 8 4 358 355 353 350 345 343 341 337 327 313 304 304 311 316 317 322 336 348 351 350 352 356 1 4 3 2 3 6 9 12 16 18 17
343 346 350 353 354 355 356 356 356 357 2 8 12 20 6 4 2 1 359 356 352 351 351 353 353 353 354 353 352 351 348 346 346 348 351 354 354 351 348 350 358 4 5 4 5 6 6 3 358 355 354 356 358 356 352 351 354 357 359 3 7 7 5 2 360 356 351 349 349 348 343 333 322 312 307 307 308 308 311 323 336 342 344 348 352 359 4 6 3 3 6 12 17 20 21 18
343 345 349 352 353 354 355 357 359 1 6 12 13 9 5 2 0 359 357 355 351 350 351 353 353 353 353 352 350 347 344 343 345 347 349 353 357 358 355 353 358 8 11 9 7 8 8 4 360 357 355 353 352 348 344 346 351 355 359 2 6 7 8 6 1 357 355 356 357 353 345 338 333 327 322 317 313 312 306 316 324 332 338 343 348 355 4 9 7 3 4 10 19 24 22 18
340 343 348 351 352 354 355 358 2 6 11 14 12 6 2 0 360 358 357 356 353 351 351 352 353 353 352 350 346 343 341 342 345 347 347 350 357 2 4 1 3 11 14 10 7 7 5 2 360 359 358 354 346 340 338 341 348 355 359 2 6 8 8 7 3 0 1 2 359 353 347 343 340 337 333 328 324 321 320 319 314 327 333 339 344 351 2 9 10 6 5 9 17 22 20 18
