project/data/elevation/US_DEM2016/US_DEM2016_point_10-29-2019_1111_30m_ang.asc
ncols	125
nrows	167
xllcorner	-2042055.000000
yllcorner	1465035.000000
cellsize	30.000000
NODATA_value	-9999.000000
[rows 0 to 54 of 167, columns 0 to 95 of 125]
56 61 68 63 48 34 28 30 34 38 40 36 29 33 41 45 47 45 36 30 32 36 41 42 42 43 42 40 38 39 41 44 48 52 53 48 42 37 34 32 30 30 30 34 39 44 43 40 38 45 53 55 54 53 51 50 52 56 59 59 57 52 45 40 40 43 47 53 60 64 65 64 59 54 51 50 47 41 40 44 42 34 39 49 57 58 53 46 39 37 36 36 36 35 34 38
56 61 68 63 48 34 28 30 34 38 40 36 29 33 41 45 47 45 36 30 32 36 41 42 42 43 42 40 38 39 41 44 48 52 53 48 42 37 34 32 30 30 30 34 39 44 43 40 38 45 53 55 54 53 51 50 52 56 59 59 57 52 45 40 40 43 47 53 60 64 65 64 59 54 51 50 47 41 40 44 42 34 39 49 57 58 53 46 39 37 36 36 36 35 34 38
59 63 67 63 49 35 29 31 37 41 41 36 29 35 43 45 43 39 32 30 34 40 43 42 41 42 41 39 39 41 43 46 50 53 53 49 45 41 36 33 32 32 33 37 41 43 42 40 41 49 55 54 51 51 50 49 49 50 52 54 55 52 46 43 43 46 48 50 53 56 58 58 56 53 52 50 47 43 44 46 42 34 40 50 53 50 46 40 36 36 37 36 35 36 36 40
64 65 66 61 50 39 35 39 45 46 44 38 32 41 48 47 41 35 29 30 39 46 45 41 41 41 40 38 40 43 46 48 51 52 52 50 49 47 43 38 37 37 38 41 43 42 41 42 48 56 56 51 48 49 49 49 48 47 47 47 48 49 47 47 49 51 51 50 49 48 49 49 49 50 51 50 48 48 51 50 43 37 45 51 48 41 36 32 33 36 37 35 35 38 40 42
65 65 64 59 52 46 45 48 52 52 49 43 38 45 53 52 45 35 29 32 42 47 45 42 42 42 40 38 39 42 45 47 49 50 50 49 50 50 47 41 38 38 38 40 42 41 40 43 51 56 54 48 47 49 50 53 55 54 51 48 46 46 45 47 50 54 55 54 52 50 49 48 48 48 49 51 52 53 54 52 47 44 49 52 48 41 34 31 33 37 37 36 37 40 40 40
66 65 62 57 52 49 50 54 58 58 54 48 42 47 55 53 45 33 28 34 44 47 45 43 43 42 40 38 38 40 43 46 48 50 49 49 50 50 48 44 41 39 38 39 40 40 39 43 50 53 50 46 45 47 51 56 59 58 55 52 49 47 46 46 50 55 59 60 59 56 54 53 51 51 52 54 56 56 55 53 51 51 53 54 51 44 36 31 34 38 38 37 40 41 40 41
65 64 60 53 49 47 48 54 63 65 59 52 46 47 53 51 44 33 28 35 46 49 46 43 41 40 39 38 37 39 42 46 49 49 48 49 49 49 48 46 45 44 41 40 42 41 41 45 51 53 50 46 43 44 47 50 51 51 50 49 50 50 48 49 52 58 62 63 62 60 58 56 55 55 57 58 60 61 60 57 56 56 57 58 54 47 38 33 37 40 39 38 41 42 43 47
63 62 56 49 45 45 46 53 62 68 65 57 50 50 53 51 44 36 32 39 50 51 46 42 39 38 38 38 38 39 42 46 48 47 46 46 46 46 45 45 45 46 46 46 47 46 48 52 58 58 53 45 42 40 41 41 41 41 41 43 47 50 51 52 55 60 64 65 63 59 57 57 57 58 59 60 62 63 64 63 62 61 61 59 55 48 40 36 39 41 39 39 43 44 48 54
60 58 50 44 42 42 44 50 57 62 63 61 56 53 54 52 47 41 38 44 52 52 46 42 39 38 37 39 40 40 43 45 45 44 41 39 39 40 41 42 43 45 48 49 49 50 51 57 64 61 53 46 43 41 41 40 40 39 41 44 48 52 53 53 55 59 63 64 60 55 54 56 57 58 58 58 59 61 61 61 62 64 64 60 54 47 40 38 41 40 38 40 44 48 52 57
56 52 45 41 41 42 44 48 50 51 51 54 55 54 53 52 48 43 42 48 53 51 45 43 41 39 38 39 40 41 43 44 43 39 34 32 34 37 38 38 40 43 46 47 47 47 50 58 62 58 51 49 48 48 47 46 45 44 45 47 51 54 54 52 52 56 59 59 54 50 50 53 56 56 55 55 55 55 54 52 54 57 58 55 49 43 39 38 40 39 38 42 47 50 52 53
51 48 43 41 42 43 45 45 44 41 41 42 46 48 50 51 48 43 44 49 51 46 42 41 40 39 39 40 41 41 42 41 40 36 30 30 34 37 36 36 38 41 43 45 44 43 49 59 59 54 49 50 50 51 53 53 51 49 49 50 53 55 55 51 48 53 55 53 49 46 46 51 54 54 53 51 50 48 45 44 44 45 45 44 41 37 36 37 39 39 40 45 48 48 48 49
50 48 45 42 42 42 41 39 37 35 35 36 38 40 44 47 45 42 43 47 46 41 38 38 39 39 40 40 39 39 39 38 38 35 34 36 40 40 37 37 37 39 41 43 43 43 50 59 58 53 49 49 47 47 50 53 53 51 50 51 53 55 54 50 47 51 52 49 46 44 44 50 55 54 50 46 45 44 44 44 45 45 44 42 39 34 33 36 39 40 41 43 44 44 44 45
54 54 50 45 42 39 37 36 34 33 33 33 34 36 37 39 40 39 41 44 43 39 38 38 39 39 39 38 38 38 39 40 42 43 43 44 46 44 43 42 40 39 41 42 43 45 52 60 59 55 52 50 49 49 51 53 52 49 48 49 52 54 54 51 48 49 50 48 45 44 44 50 54 50 45 43 45 48 51 53 55 56 55 51 45 38 33 34 36 38 37 37 39 40 41 40
57 57 54 48 44 42 40 39 38 37 36 35 34 34 35 34 34 35 39 43 43 41 40 41 40 39 40 40 41 43 46 50 53 55 54 54 53 52 51 51 48 45 44 43 45 49 56 59 58 55 54 53 53 54 55 54 50 46 45 47 51 54 54 51 48 48 47 46 45 45 46 50 49 45 44 48 53 56 57 58 60 62 62 58 52 44 34 29 31 33 33 32 34 37 37 34
55 54 50 48 50 51 50 49 48 47 45 42 38 36 36 34 31 32 37 42 44 44 43 44 43 43 45 48 52 55 57 58 59 60 61 63 62 59 59 59 58 55 53 50 50 54 57 56 52 51 51 51 53 55 56 53 46 42 43 46 50 53 53 51 47 44 42 43 44 46 49 49 46 45 50 55 58 58 57 57 59 59 57 53 49 41 29 21 23 29 31 29 31 34 34 30
54 52 47 47 54 61 63 63 63 62 60 54 48 42 39 37 32 31 35 41 44 45 46 47 47 48 51 55 57 60 60 59 57 57 58 61 62 61 59 59 59 58 57 54 54 56 55 50 47 48 48 48 50 53 53 49 42 39 42 46 50 52 52 48 44 39 36 38 41 46 48 47 45 49 53 55 55 54 53 55 57 56 52 47 42 33 23 16 17 25 29 28 29 33 34 34
57 55 51 50 54 63 69 70 69 68 66 62 57 49 43 39 35 32 35 39 42 45 48 50 50 51 52 53 55 57 58 58 55 53 53 54 56 56 55 53 53 53 52 51 50 50 48 45 45 48 48 48 49 51 50 44 37 36 41 46 49 49 45 41 38 34 30 31 36 42 44 44 45 48 50 50 50 49 49 52 55 54 50 44 36 29 22 15 14 20 26 27 28 34 38 43
58 57 53 50 52 59 64 65 63 60 56 53 49 43 38 37 35 34 34 38 41 44 48 50 51 51 51 51 51 52 54 55 54 52 50 51 52 52 50 49 49 49 48 45 43 43 44 44 46 48 48 48 49 50 47 39 34 36 42 46 44 41 38 36 36 33 29 27 31 38 41 42 43 44 45 43 42 41 42 46 51 51 46 39 32 28 24 18 14 16 23 26 29 34 40 45
56 54 49 47 51 55 58 56 53 48 44 40 36 32 30 31 33 33 34 37 40 43 47 50 51 51 51 50 48 48 50 50 50 49 48 48 49 49 47 46 45 45 42 38 38 41 44 46 49 50 49 49 50 48 44 36 34 39 43 41 37 35 35 37 37 35 31 27 26 34 40 41 39 38 36 34 34 35 36 40 45 46 41 35 31 30 28 23 15 12 18 25 28 32 36 40
56 55 50 47 51 55 55 50 43 38 34 32 30 29 27 26 28 31 34 37 39 42 46 49 50 50 50 49 47 45 46 46 46 45 42 43 45 46 45 40 38 38 36 35 39 44 48 51 52 51 50 50 50 46 41 36 38 43 42 36 34 37 40 42 42 39 36 31 26 31 38 38 36 34 31 29 29 30 32 36 40 40 37 35 33 33 31 25 15 7 12 22 26 27 31 35
60 59 54 50 53 56 51 42 36 32 31 31 30 29 27 25 25 29 33 36 38 40 43 47 48 48 48 48 46 43 43 44 43 38 35 36 40 42 39 34 33 35 37 40 45 48 51 52 52 52 51 50 46 42 40 39 42 43 38 35 39 44 48 51 50 48 44 39 34 34 39 40 39 36 33 31 30 31 33 36 39 39 38 37 34 30 27 22 14 7 10 20 24 24 28 34
61 59 54 52 54 51 44 36 34 34 34 34 33 31 28 26 26 28 32 34 35 37 40 43 45 46 46 46 45 41 40 40 36 31 29 32 38 40 36 33 36 40 44 47 49 50 50 51 52 52 49 44 40 39 39 40 42 39 38 41 47 52 58 63 64 63 60 56 51 51 52 52 50 46 43 40 39 40 39 40 42 43 42 38 33 28 25 22 19 14 12 18 24 25 30 37
58 56 51 49 47 42 38 37 37 38 38 37 35 33 31 29 28 28 29 31 31 33 36 39 41 43 44 44 42 37 33 32 30 29 30 34 40 41 40 40 44 48 49 50 50 50 51 53 53 49 44 38 36 37 39 40 40 38 42 49 54 60 66 72 76 76 75 73 71 72 73 69 64 59 55 52 51 51 48 46 48 48 45 41 35 31 30 29 27 21 16 18 25 28 31 37
52 49 44 42 40 42 38 40 40 40 40 38 36 33 32 31 29 28 28 29 30 32 34 36 39 42 42 40 36 31 29 29 31 34 37 41 46 47 47 48 51 52 52 51 51 51 54 55 52 45 39 36 36 38 40 42 41 41 46 52 57 62 67 72 75 75 74 74 74 76 81 81 76 69 64 60 58 55 51 49 51 52 49 45 41 38 36 34 30 24 18 18 25 28 30 35
44 41 39 40 40 41 43 43 42 41 41 39 36 33 32 30 29 28 29 31 34 36 37 39 42 43 41 36 32 30 31 34 39 43 46 49 53 55 54 53 52 51 50 50 50 53 57 56 49 42 38 37 38 40 43 44 44 43 47 52 56 59 62 64 65 64 65 65 65 69 76 81 81 79 75 71 67 63 58 55 56 57 55 51 47 42 38 33 28 23 19 18 25 29 30 35
37 38 41 43 55 46 46 45 44 44 43 41 38 34 31 29 29 29 31 35 39 41 43 44 45 44 40 36 34 35 39 42 47 51 55 57 59 59 57 54 51 49 49 50 50 54 55 51 44 40 39 39 40 42 44 46 44 43 45 50 53 54 56 56 54 53 54 56 57 61 66 71 76 80 81 80 80 76 70 64 62 60 58 54 50 45 39 34 29 25 20 19 25 30 32 36
34 38 45 48 48 48 47 46 45 45 43 41 38 34 29 27 27 28 31 36 39 41 41 41 41 40 39 38 39 42 45 48 52 55 57 59 58 57 55 53 49 48 49 50 51 52 42 44 40 40 42 43 43 42 44 44 43 43 45 47 48 50 51 49 45 44 45 47 50 52 53 56 64 71 75 78 81 81 79 75 69 63 59 57 52 47 42 38 32 27 23 20 24 31 33 37
33 37 45 49 50 49 46 44 42 41 39 36 33 29 26 23 23 26 30 35 37 37 36 36 36 38 40 42 44 46 49 52 54 54 54 55 54 53 53 52 49 49 51 53 50 47 42 40 40 43 46 47 44 40 41 42 42 43 44 45 47 47 45 40 39 40 40 40 42 43 45 49 55 60 63 66 72 76 79 79 76 68 62 59 56 51 46 41 36 30 25 21 24 30 34 38
38 42 50 51 51 50 47 43 40 37 35 33 30 26 23 20 21 24 29 34 36 34 34 35 38 42 44 46 47 48 50 52 52 52 51 51 50 50 50 50 50 51 55 54 47 40 37 39 42 44 48 48 43 37 37 40 42 43 44 46 46 41 36 52 34 37 37 36 37 38 40 44 49 52 53 55 60 64 67 69 70 68 66 62 59 54 49 45 39 32 27 22 23 29 34 38
46 49 53 52 51 52 49 45 41 38 36 34 31 27 24 21 21 25 30 35 36 35 37 41 46 49 50 49 48 48 49 50 49 49 48 48 48 47 48 49 50 54 57 53 44 37 37 40 43 45 47 46 40 32 31 35 39 42 44 48 45 36 30 31 34 37 44 34 34 35 38 41 45 46 46 48 51 52 51 52 55 62 68 68 63 58 53 47 41 35 30 25 23 27 33 37
46 46 46 46 47 50 51 47 43 40 38 37 33 29 26 24 24 28 33 37 39 42 47 51 56 59 60 56 51 48 47 47 46 44 44 45 45 45 46 48 52 57 57 51 42 40 40 40 42 45 46 45 39 28 23 27 36 41 46 50 45 35 32 36 39 39 38 35 33 32 33 35 39 41 42 43 43 42 42 44 50 57 65 71 71 66 58 51 44 39 33 28 23 23 30 36
44 43 42 42 43 47 49 48 44 41 38 36 33 29 26 25 26 31 36 40 46 52 58 62 65 66 67 64 58 53 50 47 44 42 41 42 43 43 46 49 55 58 53 45 40 40 39 38 41 44 46 45 40 28 19 21 33 42 50 53 48 40 39 42 45 46 42 37 34 31 30 32 36 39 39 37 37 38 42 46 49 53 59 67 74 75 68 59 50 43 37 32 25 21 27 34
47 48 48 46 45 46 49 49 46 43 39 36 33 29 26 25 27 33 39 44 50 56 61 63 64 65 66 66 66 63 59 55 50 45 43 43 43 44 47 52 58 57 49 42 40 40 39 37 39 43 47 47 42 30 21 19 31 43 54 57 52 46 46 46 48 49 46 42 39 35 33 35 38 40 38 35 37 41 45 46 47 49 56 64 70 73 73 68 59 50 43 37 30 23 26 31
55 57 58 56 53 53 52 51 49 46 42 39 35 31 27 25 28 34 39 44 49 53 56 58 59 59 60 62 65 65 63 61 58 54 49 47 47 47 49 55 59 56 49 46 47 48 47 44 43 44 49 49 44 34 24 22 32 45 57 60 57 55 53 50 49 49 48 46 46 44 41 42 45 44 40 38 40 44 46 45 45 48 54 60 62 62 64 65 64 59 51 43 35 27 25 28
60 60 61 60 60 59 55 53 51 49 46 42 38 33 29 26 28 34 38 41 45 47 49 51 53 54 55 58 61 61 58 57 57 56 55 52 51 51 52 57 60 57 54 57 59 59 58 56 51 46 48 50 47 39 28 26 34 45 58 62 60 57 54 50 50 51 50 50 50 49 45 44 50 48 42 41 44 45 44 43 43 47 51 53 52 50 49 51 54 56 54 48 39 31 25 26
61 59 55 52 50 50 50 50 50 50 48 45 41 36 30 27 29 33 35 38 40 41 42 43 45 48 52 55 58 58 55 53 52 52 53 54 54 52 54 58 60 58 57 60 60 60 59 56 49 40 42 50 50 43 30 27 34 45 58 62 60 55 50 49 53 54 54 54 54 52 47 44 51 50 44 43 46 45 44 41 41 43 46 47 43 39 39 42 46 48 47 43 37 29 23 24
58 55 48 43 41 40 41 43 45 48 49 48 44 39 34 29 29 31 32 34 35 35 36 36 38 42 47 51 55 56 54 51 49 48 47 50 52 52 54 57 57 56 55 55 55 53 49 45 39 32 34 46 50 44 31 28 35 46 58 61 58 51 47 47 52 55 56 55 56 55 49 44 51 52 46 44 46 46 44 39 36 38 40 39 37 35 38 43 47 46 42 37 31 24 19 20
55 52 44 40 39 39 39 39 40 45 49 49 47 43 37 32 30 29 29 30 31 31 31 32 34 38 43 47 51 53 52 50 49 47 45 46 48 51 54 55 51 48 49 51 49 44 40 37 34 31 30 39 47 43 32 28 36 46 57 60 56 49 44 43 46 48 51 54 55 55 51 46 52 54 48 42 45 47 44 37 34 36 37 37 36 37 41 45 46 43 38 33 27 20 15 17
53 50 44 42 41 41 41 40 41 45 49 50 47 43 38 34 33 31 28 28 30 31 31 31 34 38 41 45 49 51 51 50 49 47 45 45 48 51 54 51 43 41 44 45 43 39 37 37 37 36 33 35 42 41 32 29 37 47 57 59 56 49 45 43 43 42 45 52 56 56 52 48 54 56 50 40 43 48 46 39 35 37 40 40 41 42 44 44 41 36 32 28 22 16 13 16
54 52 47 45 44 45 45 44 44 46 49 48 44 40 38 36 36 35 32 30 33 35 35 35 37 39 41 43 47 49 49 49 47 44 43 46 49 52 53 47 35 34 40 43 41 38 38 39 40 39 35 31 34 37 31 29 37 47 57 60 58 53 51 49 47 45 48 56 61 59 54 51 56 58 51 41 43 50 50 44 38 41 44 45 45 45 44 39 33 29 26 24 20 16 14 17
55 54 50 48 48 49 48 45 44 45 45 42 37 36 37 38 40 40 37 34 37 41 41 39 39 40 41 42 44 46 48 49 46 43 44 47 47 45 46 40 29 30 39 44 44 41 37 36 37 36 33 26 26 31 29 29 37 47 56 59 59 57 58 59 58 55 56 60 64 64 59 55 56 57 52 43 42 52 54 48 40 42 47 46 46 47 41 32 28 27 27 25 23 21 17 18
56 55 52 49 48 47 46 43 42 42 39 35 31 32 36 39 42 42 40 37 39 42 42 41 41 42 42 43 43 45 47 49 50 47 44 41 38 38 38 35 30 30 38 47 48 45 39 35 35 34 30 24 21 26 29 31 40 47 55 59 60 61 62 64 63 61 60 61 63 65 64 61 59 57 53 46 42 51 54 49 40 40 46 47 48 46 38 30 29 31 32 31 29 26 22 22
56 54 50 46 45 45 44 42 41 39 35 30 28 30 35 39 41 41 40 37 38 41 42 42 41 43 44 45 44 45 47 38 45 43 37 34 31 32 35 36 35 33 36 48 52 50 44 39 37 36 33 29 24 24 28 34 43 49 54 58 60 62 61 59 57 55 57 59 61 61 62 65 67 65 60 53 48 53 54 48 39 39 45 48 50 47 40 33 32 33 34 33 31 29 27 27
55 53 49 46 45 45 44 42 38 34 30 28 26 29 35 38 39 40 39 37 37 38 39 39 39 41 43 44 45 46 48 45 46 35 31 33 34 35 39 41 40 37 36 47 56 55 50 44 45 44 42 36 30 25 27 35 41 45 49 54 58 60 58 54 51 51 53 55 53 53 56 64 72 75 72 67 64 62 57 49 40 39 44 48 52 51 45 38 35 34 34 33 31 29 29 30
56 54 50 47 45 43 41 37 33 29 27 27 26 29 35 38 39 40 39 37 35 35 36 36 37 39 42 43 45 47 52 45 43 30 32 37 39 38 40 43 44 41 39 46 57 58 55 52 53 54 50 44 36 28 25 31 37 40 43 50 56 57 55 51 50 51 50 48 47 50 57 63 68 73 75 75 76 75 66 54 42 40 44 49 53 53 49 43 40 40 38 36 34 31 30 32
55 53 49 45 42 39 35 33 30 27 26 26 26 30 36 39 39 40 39 37 35 34 35 35 37 40 42 45 47 49 52 46 42 35 37 41 41 40 40 43 45 45 43 48 59 62 60 56 53 49 46 44 40 30 22 26 32 36 40 46 54 57 55 51 50 48 46 46 48 53 56 59 61 62 65 68 71 72 68 58 47 42 46 50 54 55 51 47 43 43 42 40 37 34 33 34
52 50 45 41 38 35 34 32 30 29 28 25 25 30 35 37 38 39 39 37 36 35 35 37 39 41 43 46 50 51 51 49 45 41 39 43 45 43 41 40 43 45 47 50 59 64 61 55 49 45 45 46 43 30 16 18 28 34 39 45 54 57 55 51 49 48 47 49 50 51 52 53 53 54 55 58 59 60 59 56 47 39 43 50 53 54 52 48 43 38 34 32 33 35 35 34
51 49 45 40 38 36 36 35 34 33 30 26 26 31 34 36 36 38 39 38 37 36 36 38 40 42 44 48 52 52 50 50 50 47 42 45 47 46 44 40 39 43 46 50 56 59 59 55 50 48 49 49 44 27 9 7 21 31 37 44 53 57 56 52 51 50 49 47 45 45 45 46 46 47 48 50 50 49 48 45 38 30 35 46 51 51 51 49 44 36 30 28 29 33 35 34
53 51 46 42 40 40 39 38 37 35 31 29 30 34 35 36 37 39 40 39 39 38 38 40 41 43 47 52 56 52 46 50 52 50 45 44 46 48 46 42 40 43 47 50 53 57 58 57 53 51 50 47 38 21 6 2 14 27 35 41 51 56 56 54 52 50 46 41 38 39 40 40 41 41 43 43 42 39 37 35 32 27 29 40 48 50 50 50 45 37 32 30 30 32 32 31
53 51 46 43 43 42 40 38 37 34 31 32 36 37 37 38 39 40 42 42 41 40 40 42 43 46 51 58 59 51 43 49 51 49 44 41 42 47 48 46 45 48 53 55 56 59 60 59 53 49 46 41 31 18 7 3 9 23 32 37 46 53 55 54 50 44 38 32 30 31 33 33 33 33 34 34 32 31 30 30 31 29 28 34 45 50 51 51 47 41 35 32 31 29 28 27
52 49 44 43 44 42 40 37 34 30 27 32 38 39 37 38 39 40 42 43 43 43 42 44 46 48 55 62 60 50 44 49 51 48 44 38 37 43 48 50 51 53 56 58 59 61 61 59 53 47 41 33 24 17 11 6 8 20 29 34 42 50 53 51 45 37 35 29 29 30 31 31 30 30 31 31 31 30 29 30 30 30 30 32 40 49 52 53 50 44 38 35 32 29 30 31
51 48 44 41 41 40 40 37 32 25 23 31 37 37 34 34 36 38 41 43 44 45 46 47 47 49 57 63 61 53 49 51 52 50 45 39 33 38 45 48 49 51 53 54 56 59 60 56 48 39 33 27 23 20 15 9 9 19 29 35 42 50 54 51 43 36 36 37 37 38 38 37 36 35 36 37 37 36 34 33 33 31 30 30 35 44 51 52 49 44 40 38 35 35 38 43
52 50 46 42 40 39 40 38 32 21 19 29 35 33 30 31 34 37 40 43 44 46 48 49 49 50 58 63 62 58 55 54 53 51 48 41 33 33 39 43 45 46 48 50 52 56 55 46 37 33 31 27 25 22 17 12 12 21 31 39 46 52 57 54 48 45 49 54 56 56 54 51 49 49 49 49 48 45 42 40 38 36 34 33 33 38 46 50 48 44 42 40 39 40 43 46
53 53 50 46 42 40 40 38 31 20 17 28 34 32 30 32 36 38 40 43 46 48 49 50 50 52 59 63 63 60 58 55 52 51 49 42 33 32 36 40 42 45 46 48 52 52 45 35 31 34 34 32 28 23 18 14 15 24 33 41 47 52 58 58 54 53 62 62 63 63 64 64 62 60 58 57 55 52 49 49 49 47 45 41 38 37 40 46 46 44 41 39 38 39 39 41
55 55 52 49 45 40 39 38 32 22 19 28 35 35 35 38 41 42 42 44 47 49 50 51 52 55 60 64 63 59 53 49 46 48 47 42 35 34 38 41 43 46 48 51 53 48 38 32 35 40 40 37 31 25 19 16 17 25 33 40 45 49 57 59 62 57 59 58 57 57 62 69 73 72 69 66 63 59 56 57 61 62 60 54 45 39 38 41 42 42 38 35 35 35 35 37
