project/data/elevation/US_DEM2016/US_DEM2016_point_10-28-2019_0947_30m_vel.asc
ncols	125
nrows	167
xllcorner	-2042055.000000
yllcorner	1465035.000000
cellsize	30.000000
NODATA_value	-9999.000000
[rows 0 to 35 of 167, columns 0 to 81 of 125]
8.35 7.35 6.26 6.88 8.60 10.66 12.46 13.61 13.93 14.05 14.36 15.16 15.75 15.14 14.28 13.94 13.72 13.58 13.37 13.15 12.84 12.69 12.85 13.22 13.59 13.62 13.35 12.41 11.05 9.51 8.00 6.58 5.44 4.68 4.38 4.55 5.24 6.35 7.52 8.26 8.66 8.92 9.11 9.09 8.58 7.77 7.12 7.19 7.84 8.75 9.52 10.35 11.10 11.95 12.35 12.54 12.28 11.15 10.08 9.38 9.08 9.21 9.70 10.53 11.07 11.20 10.93 10.05 8.58 7.59 7.30 7.53 8.06 8.67 9.17 9.46 9.77 10.36 11.07 11.52 11.98 12.29
8.35 7.35 6.26 6.88 8.60 10.66 12.46 13.61 13.93 14.05 14.36 15.16 15.75 15.14 14.28 13.94 13.72 13.58 13.37 13.15 12.84 12.69 12.85 13.22 13.59 13.62 13.35 12.41 11.05 9.51 8.00 6.58 5.44 4.68 4.38 4.55 5.24 6.35 7.52 8.26 8.66 8.92 9.11 9.09 8.58 7.77 7.12 7.19 7.84 8.75 9.52 10.35 11.10 11.95 12.35 12.54 12.28 11.15 10.08 9.38 9.08 9.21 9.70 10.53 11.07 11.20 10.93 10.05 8.58 7.59 7.30 7.53 8.06 8.67 9.17 9.46 9.77 10.36 11.07 11.52 11.98 12.29
8.46 7.50 6.49 6.94 8.14 9.73 11.22 12.24 12.76 13.03 13.44 14.14 14.46 14.16 13.58 13.38 13.36 13.40 13.21 12.72 12.43 12.29 12.43 12.70 12.89 12.83 12.29 11.32 10.19 8.94 7.71 6.59 5.68 5.07 4.73 4.73 5.12 5.82 6.66 7.39 7.78 8.01 8.23 8.51 8.65 8.54 8.31 8.20 8.56 9.09 9.63 10.17 10.74 11.21 11.51 11.74 11.84 11.53 10.78 9.83 9.10 8.80 9.10 9.63 10.03 10.25 10.35 10.22 9.76 8.99 8.51 8.36 8.40 8.54 8.69 8.90 9.23 9.74 10.19 10.55 10.88 11.18
9.30 8.22 7.20 7.36 7.93 8.61 9.35 9.82 10.06 10.54 11.32 11.80 11.85 11.67 11.71 11.83 11.97 12.31 12.31 11.99 11.82 11.72 11.66 11.55 11.39 11.12 10.54 9.85 9.13 8.41 7.71 7.09 6.63 6.33 6.06 5.75 5.52 5.50 5.71 6.18 6.92 7.49 7.94 8.45 9.07 9.59 9.88 9.83 9.72 9.68 9.79 9.84 9.91 9.80 9.77 9.69 9.92 10.45 10.71 10.55 9.94 9.22 8.72 8.47 8.22 8.26 8.77 9.54 10.06 10.20 10.02 9.57 9.00 8.44 8.10 8.08 8.30 8.54 8.58 8.56 8.87 9.54
9.95 8.92 7.99 7.95 8.08 8.27 8.35 8.37 8.26 8.47 9.09 9.60 9.73 9.68 9.88 10.10 10.24 10.57 11.12 11.59 11.74 11.42 11.00 10.44 9.89 9.62 9.52 9.31 9.04 8.78 8.52 8.30 8.18 8.06 7.81 7.32 6.74 6.31 6.09 6.31 7.09 7.97 8.76 9.41 9.74 10.07 10.38 10.58 10.51 10.24 10.05 9.80 9.40 8.89 8.40 7.57 7.17 7.49 8.50 9.60 10.07 9.87 9.20 8.25 7.51 7.05 7.01 7.44 8.15 8.70 8.93 8.84 8.52 8.09 7.72 7.56 7.56 7.57 7.48 7.42 7.77 8.59
10.00 9.19 8.49 8.47 8.35 8.23 7.98 7.51 7.20 7.20 7.49 8.04 8.49 8.71 9.19 9.65 9.86 9.90 10.46 11.17 11.37 10.89 10.22 9.39 8.82 8.84 9.07 9.23 9.34 9.45 9.53 9.56 9.45 9.17 8.79 8.33 7.83 7.38 7.01 6.87 7.05 7.53 8.35 9.25 9.79 10.08 10.32 10.59 10.60 10.42 10.20 9.97 9.64 8.78 7.70 6.71 6.30 6.37 6.88 7.66 8.52 9.01 8.82 8.02 7.21 6.59 6.20 6.07 6.18 6.44 6.75 6.98 7.11 7.11 7.02 6.89 6.84 6.85 6.91 7.04 7.37 7.91
10.06 9.56 9.05 9.08 8.83 8.38 7.76 6.90 6.31 6.18 6.37 6.89 7.51 8.22 9.06 9.72 10.24 10.23 10.08 10.08 10.12 9.87 9.37 8.78 8.59 8.73 8.92 9.06 9.28 9.67 10.03 10.20 9.99 9.70 9.41 9.16 8.92 8.58 8.06 7.45 7.02 6.96 7.29 7.97 8.64 8.92 9.09 9.29 9.59 9.72 9.87 10.01 9.89 9.58 8.93 8.21 8.03 7.96 7.78 7.58 7.50 7.63 7.65 7.32 6.74 6.16 5.74 5.57 5.60 5.75 5.95 6.11 6.22 6.27 6.23 6.13 6.02 6.03 6.24 6.61 7.01 7.32
10.02 9.93 9.95 9.86 9.53 8.60 7.54 6.46 5.88 5.84 5.89 6.03 6.70 7.69 8.59 9.21 9.86 9.98 9.41 8.81 8.62 8.66 8.68 8.70 8.73 8.83 8.96 8.97 9.05 9.46 10.00 10.35 10.43 10.50 10.66 10.91 10.93 10.58 9.90 9.00 8.00 7.18 6.82 6.74 6.81 7.10 7.27 7.50 8.09 8.92 9.48 9.92 10.23 10.65 10.85 10.75 10.29 9.77 9.10 8.30 7.52 7.04 6.90 6.76 6.39 5.88 5.49 5.45 5.66 5.88 5.99 5.99 5.92 5.85 5.84 5.80 5.71 5.69 5.91 6.22 6.47 6.60
10.21 10.40 10.88 10.73 10.15 9.16 7.90 6.91 6.50 6.29 6.10 6.02 6.43 7.24 7.83 8.21 8.72 8.96 8.59 8.03 7.78 7.81 7.96 8.26 8.47 8.66 9.02 9.33 9.42 9.52 9.99 10.59 11.20 11.95 12.80 13.41 13.52 13.12 12.42 11.49 10.27 8.87 7.64 6.87 6.50 6.58 7.14 7.66 8.35 8.97 9.30 9.33 9.47 9.95 10.48 10.67 10.32 9.64 8.83 8.06 7.35 6.86 6.65 6.66 6.61 6.35 6.05 5.98 6.05 6.09 6.07 6.00 5.97 6.09 6.35 6.58 6.69 6.83 6.90 6.79 6.52 6.22
10.21 10.82 11.48 11.29 10.66 9.89 8.80 8.13 7.99 7.90 7.42 6.96 6.93 7.12 7.22 7.35 7.68 8.05 8.15 7.96 7.75 7.48 7.38 7.66 8.05 8.38 8.83 9.39 9.81 10.06 10.54 11.24 12.14 13.07 13.79 14.12 14.12 13.96 13.74 13.35 12.60 11.43 10.03 8.71 7.76 7.71 8.11 8.72 9.21 9.34 9.12 8.29 7.66 7.12 7.47 8.16 8.44 8.19 7.78 7.35 6.91 6.56 6.42 6.65 7.22 7.46 7.40 7.24 6.83 6.40 6.30 6.46 6.79 7.32 7.86 8.29 8.65 8.95 9.00 8.68 8.05 7.49
10.24 10.68 11.54 11.64 11.21 10.76 10.32 10.24 10.28 10.07 9.52 8.76 8.02 7.43 6.96 6.71 7.02 7.75 8.34 8.54 8.39 7.98 7.69 7.76 8.08 8.38 8.65 9.12 9.93 10.83 11.54 12.11 12.55 12.71 12.50 12.06 12.05 12.60 13.18 13.54 13.55 13.03 12.04 10.67 9.42 8.77 8.63 9.01 9.40 9.35 8.72 7.75 6.77 5.99 5.80 6.11 6.66 7.01 7.05 6.90 6.66 6.48 6.50 6.92 7.77 8.55 8.81 8.48 7.81 7.05 6.97 7.47 8.14 8.79 9.44 10.01 10.46 10.65 10.56 10.21 9.79 9.40
9.65 9.78 10.72 11.70 12.10 12.23 12.38 12.57 12.68 12.23 11.49 10.65 9.66 8.41 7.29 6.82 7.04 7.86 8.72 9.15 9.11 8.80 8.45 8.30 8.43 8.76 9.13 9.70 10.58 11.48 11.89 11.94 11.58 10.88 9.91 9.28 9.47 10.28 11.12 11.83 12.44 12.84 12.77 12.11 10.99 9.84 9.22 9.17 9.15 8.85 8.06 7.59 7.13 6.44 5.81 5.55 5.86 6.42 6.78 6.85 6.83 6.93 7.22 7.71 8.43 9.08 9.43 9.32 8.83 8.34 8.12 8.52 9.04 9.69 10.28 10.69 10.73 10.44 9.77 9.18 8.78 8.56
8.79 8.50 9.03 10.71 12.07 12.87 13.26 13.38 13.44 13.15 12.60 11.93 11.13 9.81 8.50 7.81 7.75 8.11 8.63 9.00 9.11 9.01 8.76 8.56 8.68 9.12 9.70 10.26 10.63 10.72 10.48 9.85 8.91 7.91 7.39 7.53 7.98 8.31 8.49 9.03 9.89 10.87 11.78 12.22 11.94 10.97 9.94 9.41 8.76 7.81 7.07 6.88 6.55 6.04 5.53 5.32 5.60 6.23 6.86 7.26 7.51 7.77 8.14 8.52 8.83 9.04 9.34 9.70 9.76 9.55 9.41 9.48 9.90 10.36 10.45 10.03 9.13 8.00 7.05 6.34 5.83 5.73
9.05 8.65 8.52 9.19 10.36 11.37 11.83 11.93 11.83 11.84 11.90 11.84 11.62 11.01 10.10 9.19 8.63 8.37 8.27 8.22 8.30 8.43 8.46 8.40 8.51 8.80 9.05 9.03 8.62 8.01 7.34 6.46 5.65 5.17 5.32 5.90 6.18 6.13 6.15 6.53 7.15 8.01 9.08 10.20 10.99 10.93 10.28 9.55 8.75 7.60 6.65 5.90 5.46 5.30 5.24 5.39 5.83 6.45 7.17 7.90 8.41 8.68 8.84 9.01 9.14 9.28 9.62 10.14 10.47 10.41 10.29 10.40 10.58 10.36 9.47 8.03 6.60 5.81 5.52 5.36 5.21 5.23
9.66 9.75 9.22 8.58 8.17 8.35 8.54 8.40 8.21 8.50 9.09 9.77 10.28 10.63 10.61 10.11 9.35 8.66 8.10 7.64 7.46 7.68 7.90 7.94 7.82 7.59 7.18 6.55 5.80 5.21 4.83 4.68 4.67 4.66 4.65 4.59 4.52 4.70 4.95 5.13 5.31 5.65 6.24 7.27 8.67 10.06 10.25 9.92 9.27 8.35 7.08 6.01 5.58 5.63 5.89 6.23 6.55 6.93 7.49 8.34 9.21 9.62 9.81 9.95 10.12 10.40 10.72 11.03 11.23 11.14 10.96 10.92 10.45 9.17 7.58 6.35 5.81 5.68 5.84 6.16 6.44 6.70
9.66 9.73 9.31 8.31 6.73 5.66 5.09 4.76 4.75 4.93 5.43 6.11 7.07 8.18 9.30 9.81 9.60 8.92 8.17 7.55 7.29 7.39 7.51 7.39 7.00 6.41 5.79 5.34 5.02 4.70 4.56 4.85 5.45 5.79 5.63 5.34 5.13 5.21 5.47 5.66 5.67 5.72 6.08 7.02 8.39 9.97 10.55 10.41 9.71 8.63 7.64 7.05 6.79 6.93 7.21 7.44 7.50 7.59 8.07 9.07 10.09 10.90 11.35 11.52 11.67 12.01 12.32 12.53 12.64 12.48 11.99 11.13 9.63 8.09 7.20 6.88 6.87 6.82 6.90 7.20 7.66 8.02
9.01 8.59 8.10 7.51 6.02 4.63 3.82 3.61 3.69 4.05 4.49 4.90 5.53 6.53 7.73 8.83 9.30 9.06 8.46 7.94 7.68 7.57 7.44 7.13 6.69 6.26 6.00 6.00 6.08 5.97 5.67 5.57 6.02 6.79 7.20 7.27 7.12 6.93 6.92 7.16 7.51 7.93 8.43 9.30 10.32 11.00 11.07 10.85 10.17 9.24 8.44 8.09 8.02 8.16 8.45 8.73 8.73 8.85 9.44 10.43 11.57 12.50 13.09 13.29 13.22 13.22 13.44 13.76 14.04 13.80 12.99 11.64 9.68 8.75 8.72 8.90 8.87 8.56 8.37 8.50 8.82 9.19
9.02 8.41 7.64 6.97 6.25 5.48 5.08 5.24 5.71 6.34 6.87 7.16 7.47 7.73 7.96 8.29 8.77 9.01 8.84 8.52 8.19 7.87 7.56 7.25 7.00 6.89 6.93 7.05 7.27 7.45 7.30 6.83 6.76 7.35 8.15 8.74 8.93 8.79 8.59 8.80 9.50 10.14 10.76 11.30 11.53 11.19 10.75 10.60 10.37 9.92 9.27 8.87 8.85 9.16 9.54 9.81 10.03 10.24 10.96 12.00 12.90 13.43 13.72 13.83 13.70 13.45 13.31 13.40 13.83 14.03 13.80 13.27 12.06 11.52 11.73 12.02 11.99 11.56 11.21 10.96 10.77 10.77
9.41 9.09 8.27 7.44 7.13 7.29 7.73 8.37 9.13 9.79 10.29 10.56 10.52 9.97 9.16 8.61 8.62 8.92 9.05 8.91 8.61 8.28 7.95 7.70 7.60 7.62 7.65 7.74 8.03 8.50 8.80 8.73 8.57 8.63 9.11 9.88 10.52 10.70 10.71 10.94 11.39 11.80 11.95 11.67 10.83 9.65 8.88 9.08 9.76 9.94 9.93 9.78 9.87 10.18 10.45 10.52 10.75 11.23 12.05 12.72 12.95 12.79 12.55 12.56 12.71 12.76 12.65 12.41 12.40 12.93 13.91 14.56 15.04 15.06 15.15 15.57 15.86 15.76 15.39 14.69 13.86 13.01
9.25 8.79 8.02 7.52 7.96 8.83 9.98 11.10 11.97 12.38 12.50 12.42 12.11 11.30 10.35 9.55 9.15 9.10 9.16 9.11 8.97 8.83 8.68 8.54 8.37 8.27 8.30 8.43 8.68 9.19 9.90 10.54 10.96 11.25 11.52 11.91 12.22 12.29 12.44 12.65 12.67 12.34 11.66 10.55 9.11 7.74 7.11 7.51 8.86 9.83 10.42 10.73 10.92 10.97 10.96 10.86 11.18 11.83 12.22 12.28 11.72 10.93 10.35 10.25 10.68 11.25 11.57 11.48 11.09 11.29 12.59 14.12 15.29 15.85 16.27 16.98 17.47 17.53 17.20 16.75 15.97 14.92
8.60 8.02 7.43 7.70 8.87 10.40 11.66 12.53 13.00 12.97 12.66 12.34 12.03 11.56 11.07 10.47 9.87 9.42 9.30 9.33 9.39 9.52 9.71 9.79 9.68 9.46 9.49 9.62 9.80 10.23 11.06 12.08 12.95 13.57 13.87 13.71 13.36 13.07 12.98 12.84 12.27 11.23 9.93 8.54 7.43 6.85 6.78 7.49 8.93 10.21 11.28 12.00 12.23 11.99 11.61 11.48 11.72 11.82 11.71 10.99 9.90 8.83 8.00 7.57 7.91 8.40 8.90 9.16 9.14 9.29 9.97 11.25 12.61 13.57 14.32 15.00 15.44 15.56 15.70 15.84 15.79 15.21
9.39 8.83 8.61 9.52 10.85 11.97 12.49 12.61 12.42 11.83 11.36 11.10 10.90 10.92 10.90 10.63 10.14 9.64 9.52 9.75 10.15 10.68 11.20 11.52 11.60 11.45 11.38 11.44 11.63 12.06 12.79 13.51 13.99 14.13 13.89 13.37 12.89 12.39 11.98 11.26 10.19 9.00 7.80 6.88 6.61 6.91 7.62 8.77 9.82 11.03 12.07 12.66 12.93 13.03 12.63 12.23 11.90 11.43 10.64 9.30 7.96 6.81 5.62 4.94 4.85 4.88 4.98 5.44 6.07 6.46 7.26 7.98 8.68 9.25 9.79 10.42 10.50 10.75 11.30 11.92 13.22 14.26
10.43 10.75 11.59 12.26 12.63 12.73 12.28 11.61 10.86 10.36 10.13 9.93 9.78 9.86 10.01 10.05 9.90 9.72 9.85 10.31 11.01 11.76 12.41 12.90 13.06 13.08 13.09 13.20 13.48 13.86 14.12 14.00 13.50 12.72 11.78 11.09 10.96 10.60 9.85 8.75 7.61 6.92 6.50 6.54 6.96 7.61 8.59 9.61 10.62 11.59 12.11 12.47 12.74 13.02 13.03 12.55 11.73 10.68 9.31 7.89 6.54 5.12 3.98 3.37 3.08 2.94 2.98 3.34 4.01 4.76 5.40 5.95 6.22 6.33 6.39 6.74 7.18 7.83 8.52 9.25 10.48 12.29
10.75 11.70 12.94 13.20 12.96 12.32 11.37 10.56 9.74 9.47 9.43 9.24 9.08 9.06 9.20 9.44 9.60 9.76 10.03 10.32 10.67 11.07 11.63 12.35 12.84 13.22 13.55 13.87 14.10 14.11 13.65 12.64 11.26 10.13 9.38 9.03 8.77 8.18 7.32 6.63 6.16 6.06 6.35 7.10 7.80 8.51 9.37 10.15 10.94 11.38 11.33 11.23 11.40 11.85 12.18 12.02 11.31 10.18 8.75 7.49 6.27 4.97 4.00 3.47 3.27 3.28 3.52 4.03 4.58 4.79 4.88 4.96 4.93 4.86 4.81 5.08 5.88 6.87 7.48 7.88 8.71 10.03
10.73 11.48 12.44 12.58 12.14 11.21 10.33 9.71 9.25 9.03 8.88 8.65 8.55 8.54 8.73 9.06 9.43 9.68 9.75 9.60 9.37 9.25 9.49 10.17 11.24 12.16 12.86 13.22 13.14 12.54 11.42 9.93 8.48 7.65 7.31 7.07 6.50 5.90 5.59 5.70 6.03 6.55 7.30 7.99 8.81 9.68 10.23 10.71 10.92 10.72 10.40 10.28 10.37 10.63 10.97 11.17 11.00 10.37 9.24 7.99 6.95 6.14 5.62 5.41 5.34 5.31 5.61 5.86 5.67 5.22 4.82 4.65 4.39 4.04 3.94 4.36 5.12 5.75 6.07 6.41 7.03 7.86
10.67 10.53 10.80 11.24 10.92 10.51 9.72 9.00 8.67 8.48 8.24 8.06 7.95 8.01 8.36 8.85 9.34 9.56 9.53 9.28 9.07 9.02 9.28 9.91 10.84 11.58 11.89 11.75 11.13 10.14 8.90 7.75 6.70 5.99 5.59 5.39 5.25 5.20 5.33 5.83 6.70 7.69 8.35 9.07 9.96 10.72 11.15 11.21 10.79 10.15 9.67 9.50 9.51 9.75 10.23 10.66 10.98 10.92 10.31 9.26 8.39 7.91 7.73 7.69 7.66 7.70 7.70 7.24 6.37 5.78 5.51 5.01 4.34 3.88 3.84 4.14 4.41 4.51 4.71 5.24 5.81 6.43
10.61 10.07 9.64 10.05 10.55 10.62 10.21 9.37 8.80 8.53 8.24 8.07 7.96 8.03 8.37 8.87 9.41 9.80 10.01 10.07 10.26 10.68 11.26 11.73 11.82 11.48 10.80 9.94 9.00 8.12 7.21 6.46 5.97 5.69 5.41 5.28 5.51 5.98 6.32 6.66 7.40 8.24 9.07 10.04 10.91 11.55 11.75 11.47 10.72 9.77 8.90 8.41 8.52 9.03 9.74 10.46 10.99 11.35 11.35 10.98 10.53 10.29 10.26 10.28 10.21 9.91 9.34 8.64 7.96 7.59 7.00 6.08 4.99 4.50 4.44 4.34 4.19 4.18 4.41 4.82 5.28 5.80
10.61 9.98 9.22 9.37 10.01 10.69 10.99 10.62 10.04 9.74 9.54 9.24 9.16 9.18 9.27 9.39 9.73 10.26 10.76 11.16 11.60 12.08 12.33 12.15 11.47 10.42 9.27 8.19 7.25 6.64 6.34 6.16 6.11 6.38 6.55 6.55 6.63 7.07 7.56 7.74 8.00 8.56 9.55 10.61 11.45 11.92 11.89 11.42 10.69 9.67 8.47 7.79 7.96 8.65 9.41 10.04 10.56 11.29 11.83 12.12 12.44 12.82 13.29 13.62 13.31 12.60 11.58 10.75 10.41 9.89 8.66 7.18 6.24 6.00 5.77 5.17 4.76 4.82 5.02 5.18 5.32 5.56
10.26 9.43 8.52 8.57 9.08 10.20 11.05 11.30 11.00 10.73 10.58 10.32 10.28 10.34 10.36 10.20 10.09 10.33 10.84 11.35 11.70 11.71 11.21 10.26 9.22 8.28 7.48 6.76 6.20 6.04 6.26 6.76 7.19 7.45 7.77 8.00 8.09 8.26 8.66 8.77 8.82 9.18 10.10 10.92 11.56 11.70 11.37 10.96 10.64 10.12 9.17 8.27 8.13 8.52 8.87 9.33 10.07 11.09 11.86 12.56 13.25 13.99 14.72 15.15 15.47 15.12 14.26 13.44 12.61 11.62 10.33 8.97 8.27 7.89 7.36 6.73 6.46 6.54 6.50 6.19 5.84 5.67
9.91 9.30 8.52 8.31 8.56 9.31 10.43 11.17 11.25 10.90 10.41 9.98 9.93 10.09 10.27 10.25 10.01 9.97 10.25 10.50 10.39 9.74 8.70 7.62 6.77 6.16 5.80 5.72 5.84 6.19 7.00 7.94 8.48 8.75 8.92 9.15 9.40 9.53 9.58 9.69 9.84 10.16 10.53 10.94 11.02 10.66 10.12 10.04 10.49 10.74 10.46 9.80 9.04 8.89 8.93 9.35 10.19 11.19 11.78 12.38 12.84 13.57 14.20 14.60 15.24 15.58 15.54 15.26 14.65 13.80 13.11 12.40 11.53 10.33 9.21 8.73 8.77 8.88 8.42 7.56 6.59 5.82
10.31 10.13 9.50 8.93 8.82 9.04 9.82 10.77 11.26 11.10 10.43 9.76 9.44 9.36 9.43 9.44 9.48 9.57 9.62 9.24 8.35 7.16 6.09 5.30 4.69 4.26 4.09 4.42 5.29 6.53 7.83 8.72 9.37 9.78 10.01 10.17 10.26 10.21 10.13 10.19 10.49 10.64 10.80 10.71 10.20 9.26 8.92 9.17 9.88 10.84 11.16 10.90 10.35 9.85 9.70 9.89 10.33 10.97 11.41 11.72 11.76 11.68 11.34 11.52 12.47 13.75 14.72 15.46 15.94 15.94 15.93 15.63 14.73 13.43 12.03 11.37 11.09 10.58 9.59 8.07 6.75 5.81
10.54 10.23 9.78 9.37 9.17 9.18 9.49 10.30 11.15 11.58 11.39 10.75 10.17 9.67 9.30 9.06 9.12 9.22 8.88 7.88 6.50 5.32 4.46 3.92 3.64 3.49 3.37 3.54 4.38 5.74 7.10 7.97 8.69 9.35 9.87 10.20 10.16 10.11 10.04 10.16 10.40 10.64 10.83 10.61 10.06 9.19 8.72 8.78 9.22 9.98 10.87 11.11 11.07 10.67 10.30 9.96 9.96 10.14 10.47 10.45 10.26 9.72 9.14 9.11 9.71 10.92 12.51 13.94 15.06 15.74 16.26 16.55 16.19 15.53 14.73 13.82 12.60 11.06 9.37 7.84 6.82 6.16
9.78 8.99 8.32 8.48 8.73 8.83 8.92 9.41 10.45 11.40 11.80 11.45 10.83 10.21 9.71 9.28 9.11 8.83 8.07 6.90 5.89 5.17 4.63 4.24 4.10 4.15 4.19 4.14 4.31 4.76 5.30 5.92 6.55 7.25 7.96 8.53 8.93 9.20 9.48 9.84 9.97 10.19 10.27 10.04 9.70 9.18 8.56 8.37 8.53 8.98 9.73 10.60 10.87 10.74 10.27 9.57 9.26 9.16 9.33 9.19 8.79 8.07 7.66 7.95 8.64 9.40 10.29 11.23 12.19 12.98 13.65 14.33 14.99 15.28 15.25 14.86 13.34 11.05 9.29 8.32 7.66 6.78
8.49 7.66 6.92 7.18 7.48 7.48 7.44 7.89 8.81 10.09 11.03 11.24 10.82 10.24 9.83 9.43 9.10 8.58 7.83 7.13 6.70 6.46 6.24 6.01 5.88 5.97 5.98 5.84 5.55 5.31 5.30 5.35 5.44 5.64 6.05 6.77 7.70 8.30 8.86 9.34 9.41 9.34 8.92 8.14 7.31 6.98 6.95 7.02 7.25 7.94 8.69 9.54 10.14 10.14 9.63 9.02 8.67 8.65 8.63 8.43 7.85 7.01 6.93 7.32 7.99 8.56 8.89 9.12 9.46 9.94 10.03 10.63 11.82 13.04 13.98 14.53 14.02 12.36 10.56 9.49 8.38 7.18
8.36 7.91 7.55 7.46 7.02 6.63 6.55 6.75 7.31 8.40 9.71 10.61 10.74 10.31 9.82 9.33 8.95 8.57 8.24 8.07 8.14 8.22 8.28 8.21 8.10 8.04 7.97 7.66 7.27 6.94 6.75 6.52 6.14 5.79 5.77 6.30 7.13 7.76 8.38 8.85 8.87 8.48 7.49 5.93 5.03 4.97 5.36 5.89 6.57 7.25 7.98 8.66 9.18 9.37 9.00 8.76 8.65 8.72 8.54 8.35 7.91 7.38 7.34 7.33 7.41 7.33 7.35 7.63 8.03 8.36 8.48 8.72 9.47 10.61 11.58 12.95 14.01 13.82 12.51 10.72 8.97 8.01
9.33 9.39 9.54 9.32 8.70 7.71 7.05 6.75 6.72 7.14 8.10 9.40 10.24 10.35 9.87 9.20 8.81 8.70 8.83 9.22 9.62 9.99 10.31 10.45 10.45 10.22 9.79 9.25 8.60 7.98 7.62 7.43 7.24 6.93 6.60 6.62 7.16 7.78 8.45 8.85 8.75 8.08 6.96 5.75 5.33 5.62 6.25 7.00 7.51 7.77 7.88 8.11 8.52 8.92 8.87 8.83 8.78 8.87 8.72 8.72 8.58 8.30 7.91 7.18 6.57 6.19 6.14 6.55 7.19 7.72 8.03 8.29 8.53 9.13 9.87 11.08 12.88 14.02 13.97 12.91 11.34 10.63
