project/data/elevation/US_DEM2016/US_DEM2016_point_11-01-2019_1018_30m_vel.asc
ncols	125
nrows	167
xllcorner	-2042055.000000
yllcorner	1465035.000000
cellsize	30.000000
NODATA_value	-9999.000000
[rows 76 to 113 of 167, columns 0 to 83 of 125]
1.76 1.70 1.59 1.52 1.54 1.60 1.64 1.64 1.61 1.60 1.65 1.78 1.89 1.95 1.93 1.83 2.03 1.88 1.81 1.82 1.89 1.97 2.07 2.24 2.37 2.23 1.84 1.71 1.93 2.14 2.13 1.93 1.63 1.39 1.23 1.07 1.01 1.03 1.09 1.19 1.30 1.45 1.76 2.23 2.66 2.65 2.17 1.71 1.49 1.40 1.30 1.17 1.07 1.01 1.01 1.07 1.17 1.24 1.31 1.40 1.47 1.55 1.65 1.75 1.82 1.85 1.93 2.16 2.55 2.73 2.55 2.28 2.17 2.06 1.86 1.68 1.62 1.76 1.95 1.97 1.71 1.29 1.10 1.09
1.64 1.65 1.61 1.52 1.51 1.57 1.61 1.59 1.53 1.49 1.53 1.65 1.77 1.84 1.83 1.77 2.27 1.67 1.64 1.68 1.78 1.90 2.03 2.21 2.39 2.36 1.97 1.64 1.73 2.01 2.14 2.09 1.87 1.65 1.44 1.24 1.11 1.08 1.14 1.23 1.33 1.45 1.74 2.19 2.64 2.70 2.26 1.78 1.50 1.35 1.27 1.17 1.03 0.94 0.94 1.02 1.14 1.23 1.30 1.38 1.48 1.56 1.64 1.77 1.88 1.94 1.98 2.12 2.39 2.60 2.58 2.46 2.38 2.31 2.20 2.01 1.84 1.84 1.90 2.12 2.02 1.67 1.37 1.15
1.48 1.53 1.55 1.45 1.38 1.41 1.48 1.51 1.49 1.48 1.50 1.59 1.72 1.79 1.78 1.76 1.75 1.72 1.67 1.66 1.73 1.83 1.95 2.12 2.34 2.43 2.10 1.62 1.55 1.79 1.99 2.06 1.99 1.82 1.61 1.40 1.23 1.15 1.18 1.26 1.34 1.44 1.71 2.18 2.67 2.75 2.23 1.67 1.40 1.25 1.15 1.08 0.99 0.88 0.87 0.96 1.10 1.19 1.25 1.36 1.49 1.56 1.62 1.77 1.90 1.95 2.04 2.17 2.32 2.44 2.51 2.48 2.03 2.04 2.26 2.04 1.91 1.85 1.93 2.10 2.20 2.14 1.92 1.60
1.36 1.41 1.45 1.37 1.26 1.26 1.40 1.49 1.50 1.49 1.50 1.58 1.69 1.74 1.75 1.77 1.77 1.73 1.68 1.67 1.73 1.81 1.91 2.07 2.32 2.48 2.22 1.63 1.39 1.54 1.68 1.82 1.89 1.83 1.66 1.46 1.30 1.21 1.20 1.26 1.35 1.43 1.67 2.19 2.73 2.82 2.29 1.67 1.38 1.25 1.15 1.10 1.04 0.93 0.87 0.91 1.02 1.10 1.15 1.27 1.40 1.46 1.53 1.69 1.83 1.90 1.97 2.10 2.20 2.26 2.31 2.34 2.24 2.05 1.95 1.96 1.92 1.86 1.82 1.89 2.05 2.22 2.26 2.10
1.31 1.33 1.37 1.35 1.27 1.25 1.36 1.47 1.49 1.46 1.48 1.54 1.64 1.68 1.73 1.79 1.78 1.71 1.65 1.66 1.72 1.79 1.89 2.04 2.31 2.55 2.38 1.71 1.24 1.29 1.36 1.46 1.63 1.72 1.64 1.45 1.31 1.28 1.29 1.34 1.43 1.51 1.71 2.18 2.71 2.85 2.48 1.87 1.47 1.31 1.22 1.17 1.12 1.02 0.90 0.89 0.98 1.09 1.18 1.25 1.33 1.38 1.44 1.61 1.74 1.78 1.82 1.92 2.02 2.07 2.15 2.28 2.19 1.83 1.71 1.85 1.97 1.96 1.82 1.63 1.63 1.92 2.20 2.31
1.29 1.28 1.29 1.33 1.33 1.31 1.35 1.44 1.49 1.47 1.46 1.48 1.60 1.66 1.74 1.80 1.79 1.68 1.57 1.57 1.64 1.74 1.86 1.99 2.26 2.61 2.58 1.85 1.22 1.15 1.15 1.15 1.26 1.46 1.52 1.40 1.31 1.35 1.40 1.47 1.55 1.64 1.78 2.12 2.59 2.83 2.68 2.16 1.66 1.39 1.25 1.16 1.10 0.99 0.89 0.91 1.02 1.20 1.33 1.37 1.39 1.42 1.47 1.58 1.65 1.68 1.70 1.75 1.85 1.97 2.15 2.35 2.24 1.74 1.54 1.70 1.91 2.02 1.91 1.64 1.40 1.51 1.91 2.25
1.31 1.25 1.20 1.25 1.32 1.36 1.39 1.45 1.50 1.50 1.47 1.48 1.56 1.66 1.71 1.76 1.80 1.71 1.54 1.50 1.58 1.68 1.78 1.93 2.18 2.61 2.75 2.22 1.41 1.18 1.13 1.05 1.01 1.12 1.28 1.28 1.25 1.32 1.42 1.51 1.60 1.69 1.81 2.05 2.42 2.76 2.82 2.44 1.87 1.48 1.28 1.17 1.09 1.00 0.93 0.94 1.02 1.20 1.38 1.46 1.49 1.51 1.55 1.57 1.60 1.62 1.62 1.67 1.78 1.92 2.18 2.42 2.16 1.76 1.46 1.57 1.80 1.96 1.95 1.84 1.50 1.31 1.55 2.02
1.35 1.26 1.18 1.19 1.26 1.35 1.41 1.45 1.48 1.48 1.47 1.51 1.61 1.68 1.69 1.72 1.80 1.77 1.60 1.50 1.55 1.63 1.72 1.87 2.14 2.50 2.80 2.58 1.87 1.46 1.33 1.20 1.01 0.93 1.01 1.10 1.14 1.22 1.34 1.47 1.57 1.65 1.76 1.95 2.25 2.64 2.85 2.64 2.08 1.61 1.39 1.29 1.20 1.08 0.97 0.96 1.00 1.13 1.31 1.44 1.51 1.53 1.57 1.59 1.61 1.59 1.54 1.59 1.73 1.89 2.21 2.50 2.35 1.75 1.33 1.38 1.63 1.80 1.90 1.90 1.70 1.35 1.27 1.69
1.36 1.28 1.19 1.19 1.24 1.31 1.38 1.42 1.45 1.46 1.47 1.54 1.64 1.68 1.68 1.69 1.76 1.79 1.69 1.57 1.57 1.62 1.68 1.83 2.05 2.33 2.67 2.70 2.34 1.98 1.79 1.56 1.28 1.04 0.93 0.97 1.08 1.19 1.29 1.39 1.49 1.57 1.69 1.88 2.13 2.50 2.82 2.78 2.35 1.89 1.60 1.43 1.30 1.15 1.00 0.97 1.01 1.11 1.26 1.39 1.48 1.53 1.58 1.66 1.71 1.58 1.41 1.48 1.65 1.86 2.24 2.56 2.44 1.72 1.19 1.16 1.37 1.56 1.68 1.77 1.76 1.52 1.20 1.35
1.36 1.27 1.19 1.21 1.24 1.29 1.34 1.39 1.43 1.46 1.50 1.58 1.65 1.67 1.67 1.68 1.74 1.79 1.73 1.63 1.60 1.62 1.67 1.81 1.99 2.17 2.44 2.60 2.45 2.21 2.11 1.97 1.67 1.32 1.05 0.97 1.07 1.20 1.26 1.33 1.43 1.52 1.64 1.82 2.05 2.37 2.68 2.75 2.48 2.12 1.83 1.59 1.42 1.24 1.05 0.98 1.01 1.09 1.20 1.30 1.39 1.47 1.55 1.72 1.82 1.60 1.29 1.34 1.54 1.80 2.23 2.79 2.64 1.94 1.30 1.16 1.21 1.31 1.41 1.49 1.61 1.56 1.27 1.18
1.36 1.27 1.19 1.21 1.25 1.29 1.33 1.36 1.41 1.46 1.52 1.59 1.64 1.65 1.65 1.68 1.74 1.79 1.77 1.68 1.61 1.60 1.67 1.78 1.92 2.05 2.25 2.44 2.35 2.12 2.06 2.08 1.96 1.63 1.24 1.02 1.02 1.13 1.22 1.31 1.39 1.47 1.55 1.71 1.95 2.26 2.62 2.62 2.38 2.10 1.92 1.74 1.58 1.40 1.15 1.00 0.97 1.01 1.09 1.19 1.30 1.41 1.52 1.73 1.89 1.68 1.25 1.21 1.43 1.72 2.11 2.58 2.76 2.44 1.79 1.45 1.32 1.29 1.28 1.26 1.32 1.41 1.28 1.12
1.36 1.28 1.20 1.19 1.23 1.28 1.34 1.38 1.41 1.47 1.52 1.58 1.64 1.65 1.63 1.66 1.74 1.82 1.84 1.78 1.68 1.62 1.65 1.73 1.85 1.98 2.17 2.34 2.28 1.99 1.82 1.91 2.00 1.88 1.50 1.13 0.99 1.01 1.17 1.32 1.38 1.43 1.48 1.60 1.89 2.28 2.56 2.52 2.16 1.89 1.76 1.66 1.58 1.48 1.26 1.04 0.96 0.96 1.04 1.16 1.27 1.39 1.52 1.73 1.93 1.77 1.31 1.16 1.35 1.64 1.95 2.35 2.66 2.66 2.38 2.05 1.80 1.64 1.51 1.35 1.27 1.31 1.27 1.15
1.35 1.29 1.20 1.17 1.19 1.28 1.36 1.41 1.45 1.49 1.51 1.55 1.62 1.65 1.62 1.64 1.76 1.88 1.91 1.90 1.82 1.73 1.68 1.71 1.81 1.96 2.14 2.29 2.28 2.02 1.72 1.65 1.82 1.91 1.72 1.31 1.05 1.01 1.13 1.31 1.42 1.47 1.50 1.62 1.93 2.39 2.68 2.46 1.91 1.57 1.46 1.36 1.33 1.33 1.20 1.03 0.96 0.96 1.05 1.17 1.28 1.38 1.53 1.74 1.95 1.86 1.40 1.13 1.27 1.56 1.84 2.17 2.48 2.56 2.47 2.27 2.27 2.16 2.02 1.82 1.62 1.52 1.50 1.39
1.33 1.29 1.22 1.19 1.22 1.30 1.38 1.43 1.48 1.52 1.51 1.50 1.57 1.61 1.58 1.59 1.68 1.80 1.88 1.93 1.92 1.86 1.78 1.74 1.82 1.96 2.09 2.20 2.21 2.05 1.77 1.54 1.54 1.75 1.75 1.47 1.17 1.08 1.13 1.31 1.47 1.54 1.56 1.69 2.02 2.51 2.79 2.44 1.76 1.41 1.26 1.14 1.09 1.08 1.02 0.95 0.94 0.97 1.04 1.15 1.25 1.36 1.53 1.74 1.96 1.92 1.45 1.09 1.18 1.49 1.79 2.13 2.34 2.29 2.16 2.19 2.26 2.28 2.27 2.22 2.12 1.97 1.86 1.75
1.30 1.27 1.22 1.21 1.23 1.30 1.37 1.44 1.50 1.53 1.50 1.46 1.48 1.52 1.48 1.43 1.47 1.57 1.71 1.81 1.88 1.91 1.87 1.82 1.86 1.98 2.07 2.14 2.09 1.92 1.73 1.48 1.35 1.51 1.65 1.52 1.25 1.14 1.16 1.30 1.46 1.54 1.57 1.73 2.05 2.54 2.83 2.57 1.94 1.53 1.30 1.18 1.14 1.12 1.06 0.98 0.95 0.96 1.01 1.09 1.19 1.31 1.52 1.76 1.99 1.96 1.48 1.05 1.09 1.39 1.76 2.15 2.30 2.04 1.73 1.71 1.92 2.07 2.13 2.18 2.21 2.15 2.06 1.99
1.29 1.25 1.21 1.19 1.20 1.26 1.35 1.45 1.51 1.52 1.49 1.46 1.46 1.48 1.45 1.37 1.34 1.39 1.50 1.64 1.77 1.87 1.90 1.87 1.91 2.04 2.15 2.17 2.03 1.77 1.58 1.38 1.21 1.25 1.44 1.46 1.28 1.17 1.15 1.24 1.38 1.48 1.55 1.72 1.99 2.45 2.80 2.71 2.28 1.90 1.61 1.42 1.33 1.30 1.23 1.08 0.98 0.95 0.96 1.02 1.12 1.26 1.48 1.79 2.05 2.02 1.50 1.02 0.99 1.27 1.72 2.19 2.34 1.93 1.39 1.31 1.59 1.79 1.82 1.85 1.98 2.05 1.99 1.94
1.29 1.25 1.19 1.17 1.17 1.22 1.33 1.46 1.51 1.51 1.49 1.48 1.50 1.53 1.53 1.48 1.39 1.34 1.38 1.50 1.67 1.80 1.85 1.85 1.92 2.09 2.26 2.27 2.10 1.81 1.56 1.38 1.20 1.09 1.18 1.30 1.26 1.19 1.15 1.21 1.32 1.43 1.53 1.69 1.88 2.28 2.69 2.77 2.47 2.15 1.93 1.70 1.47 1.34 1.24 1.11 0.99 0.94 0.93 0.99 1.06 1.18 1.43 1.82 2.12 2.08 1.57 1.03 0.92 1.16 1.65 2.21 2.43 2.02 1.30 1.08 1.36 1.60 1.57 1.53 1.67 1.85 1.81 1.67
1.30 1.25 1.17 1.14 1.14 1.19 1.32 1.46 1.51 1.50 1.48 1.48 1.50 1.55 1.62 1.62 1.54 1.42 1.40 1.48 1.62 1.75 1.80 1.83 1.90 2.08 2.27 2.32 2.21 2.00 1.76 1.57 1.40 1.22 1.12 1.17 1.22 1.22 1.22 1.25 1.32 1.41 1.53 1.67 1.81 2.12 2.55 2.75 2.53 2.20 2.01 1.86 1.62 1.39 1.22 1.11 1.02 0.97 0.97 1.01 1.07 1.13 1.38 1.79 2.12 2.12 1.69 1.14 0.94 1.11 1.56 2.18 2.48 2.17 1.44 1.04 1.16 1.40 1.38 1.30 1.42 1.65 1.65 1.46
1.33 1.26 1.16 1.11 1.12 1.19 1.29 1.42 1.48 1.46 1.43 1.43 1.47 1.53 1.62 1.70 1.67 1.58 1.54 1.57 1.65 1.75 1.81 1.86 1.95 2.09 2.22 2.24 2.18 2.05 1.87 1.70 1.53 1.33 1.14 1.12 1.19 1.24 1.29 1.32 1.36 1.42 1.51 1.64 1.79 2.03 2.41 2.66 2.55 2.21 1.98 1.87 1.75 1.60 1.41 1.23 1.11 1.05 1.05 1.11 1.16 1.21 1.37 1.73 2.06 2.13 1.76 1.24 0.99 1.10 1.52 2.13 2.50 2.32 1.64 1.15 1.11 1.24 1.26 1.19 1.24 1.42 1.49 1.37
1.36 1.29 1.18 1.14 1.17 1.23 1.30 1.38 1.44 1.42 1.36 1.37 1.45 1.56 1.65 1.74 1.75 1.73 1.71 1.71 1.73 1.78 1.81 1.88 2.00 2.17 2.24 2.14 2.01 1.92 1.79 1.63 1.46 1.23 1.09 1.10 1.17 1.25 1.31 1.34 1.38 1.42 1.48 1.60 1.79 1.99 2.30 2.56 2.51 2.20 1.97 1.84 1.75 1.67 1.55 1.36 1.20 1.12 1.10 1.15 1.23 1.31 1.43 1.68 2.02 2.16 1.81 1.26 1.00 1.10 1.49 2.06 2.53 2.53 1.92 1.42 1.23 1.21 1.25 1.21 1.16 1.22 1.32 1.30
1.41 1.33 1.24 1.22 1.27 1.34 1.38 1.43 1.47 1.43 1.34 1.32 1.41 1.58 1.68 1.73 1.75 1.74 1.72 1.72 1.75 1.79 1.79 1.84 2.00 2.27 2.37 2.17 1.92 1.85 1.77 1.61 1.41 1.17 1.04 1.06 1.14 1.23 1.29 1.33 1.37 1.44 1.50 1.60 1.78 1.98 2.27 2.52 2.41 2.03 1.82 1.74 1.65 1.57 1.48 1.36 1.23 1.13 1.10 1.12 1.21 1.34 1.49 1.67 1.99 2.19 1.95 1.37 1.02 1.05 1.40 1.94 2.52 2.74 2.36 1.84 1.47 1.30 1.34 1.32 1.19 1.15 1.21 1.25
1.45 1.38 1.29 1.28 1.36 1.44 1.48 1.51 1.55 1.54 1.43 1.34 1.37 1.52 1.65 1.68 1.69 1.69 1.69 1.68 1.71 1.76 1.76 1.78 1.90 2.24 2.44 2.29 2.03 1.96 1.93 1.81 1.58 1.29 1.10 1.04 1.09 1.17 1.24 1.29 1.36 1.45 1.55 1.64 1.81 2.02 2.32 2.55 2.33 1.83 1.58 1.51 1.46 1.38 1.32 1.26 1.19 1.13 1.10 1.13 1.22 1.35 1.51 1.66 1.92 2.17 2.03 1.51 1.06 0.97 1.25 1.73 2.33 2.75 2.72 2.30 1.81 1.49 1.49 1.45 1.30 1.21 1.23 1.28
1.48 1.40 1.29 1.29 1.37 1.48 1.56 1.59 1.64 1.67 1.62 1.51 1.45 1.50 1.57 1.63 1.66 1.70 1.71 1.70 1.73 1.75 1.74 1.75 1.83 2.14 2.36 2.29 2.10 2.04 2.04 2.01 1.84 1.50 1.20 1.06 1.05 1.11 1.19 1.27 1.36 1.47 1.57 1.68 1.85 2.06 2.38 2.63 2.36 1.84 1.56 1.38 1.20 1.15 1.15 1.14 1.15 1.14 1.13 1.15 1.25 1.39 1.53 1.68 1.91 2.14 2.03 1.58 1.11 0.92 1.06 1.44 2.00 2.52 2.77 2.71 2.33 1.93 1.81 1.68 1.54 1.44 1.43 1.43
1.52 1.43 1.29 1.26 1.34 1.48 1.60 1.66 1.70 1.75 1.76 1.69 1.58 1.52 1.54 1.60 1.67 1.72 1.72 1.70 1.75 1.79 1.79 1.80 1.88 2.11 2.23 2.10 1.94 1.91 1.94 2.00 1.95 1.67 1.30 1.09 1.03 1.05 1.14 1.26 1.37 1.50 1.60 1.70 1.87 2.08 2.39 2.65 2.48 2.12 1.86 1.58 1.27 1.14 1.11 1.11 1.14 1.17 1.18 1.22 1.30 1.46 1.60 1.73 1.94 2.15 2.08 1.67 1.22 0.95 0.95 1.22 1.66 2.13 2.54 2.76 2.71 2.45 2.19 2.01 1.89 1.77 1.68 1.59
1.56 1.45 1.28 1.21 1.25 1.38 1.51 1.60 1.65 1.70 1.72 1.70 1.62 1.56 1.56 1.59 1.65 1.70 1.70 1.66 1.72 1.78 1.82 1.86 1.99 2.16 2.15 1.92 1.74 1.70 1.74 1.84 1.89 1.75 1.40 1.13 1.02 1.02 1.10 1.24 1.38 1.52 1.62 1.71 1.87 2.10 2.39 2.58 2.45 2.25 2.13 1.96 1.68 1.38 1.20 1.13 1.14 1.18 1.22 1.28 1.38 1.53 1.67 1.79 1.96 2.19 2.20 1.87 1.44 1.10 0.97 1.09 1.42 1.78 2.17 2.50 2.62 2.54 2.39 2.24 2.09 1.94 1.81 1.67
1.59 1.48 1.29 1.17 1.14 1.20 1.31 1.41 1.49 1.55 1.60 1.62 1.62 1.60 1.58 1.59 1.63 1.69 1.69 1.65 1.68 1.76 1.82 1.89 2.09 2.24 2.13 1.84 1.62 1.53 1.56 1.64 1.73 1.67 1.43 1.17 1.04 1.04 1.13 1.25 1.38 1.50 1.60 1.71 1.86 2.13 2.43 2.50 2.29 2.11 2.08 2.06 1.94 1.67 1.31 1.12 1.11 1.14 1.19 1.29 1.42 1.58 1.70 1.82 1.96 2.16 2.26 2.05 1.64 1.23 0.99 1.03 1.27 1.58 1.91 2.20 2.37 2.39 2.34 2.27 2.15 2.02 1.89 1.74
1.62 1.52 1.33 1.20 1.11 1.08 1.15 1.25 1.34 1.42 1.50 1.58 1.62 1.60 1.57 1.56 1.62 1.70 1.72 1.72 1.74 1.80 1.86 1.96 2.20 2.37 2.15 1.78 1.55 1.44 1.41 1.44 1.47 1.45 1.30 1.11 1.03 1.06 1.14 1.24 1.34 1.45 1.56 1.68 1.85 2.16 2.48 2.50 2.20 1.94 1.87 1.87 1.91 1.78 1.39 1.11 1.06 1.08 1.13 1.24 1.40 1.57 1.69 1.81 1.92 2.10 2.27 2.15 1.72 1.25 0.98 0.96 1.15 1.44 1.76 2.07 2.28 2.28 2.15 2.12 2.12 2.10 2.04 1.91
1.61 1.55 1.43 1.31 1.19 1.11 1.12 1.20 1.28 1.35 1.44 1.55 1.61 1.60 1.53 1.46 1.52 1.64 1.71 1.74 1.79 1.86 1.92 2.01 2.27 2.49 2.32 1.88 1.62 1.48 1.38 1.32 1.31 1.25 1.11 0.99 0.95 0.98 1.05 1.14 1.25 1.38 1.51 1.65 1.84 2.16 2.50 2.54 2.21 1.90 1.75 1.65 1.67 1.69 1.45 1.13 1.02 1.00 1.04 1.14 1.31 1.50 1.65 1.78 1.90 2.08 2.29 2.24 1.82 1.32 0.99 0.90 1.03 1.30 1.60 2.00 2.30 2.30 2.03 1.88 1.93 2.00 2.04 2.02
1.58 1.55 1.50 1.43 1.32 1.21 1.17 1.21 1.27 1.32 1.40 1.52 1.61 1.61 1.51 1.32 1.26 1.40 1.55 1.66 1.76 1.86 1.95 2.00 2.20 2.49 2.52 2.23 1.94 1.76 1.61 1.47 1.39 1.29 1.14 1.00 0.92 0.92 0.98 1.09 1.21 1.34 1.49 1.64 1.82 2.15 2.51 2.61 2.35 2.03 1.81 1.58 1.47 1.49 1.34 1.09 0.95 0.93 0.96 1.04 1.21 1.41 1.59 1.74 1.87 2.05 2.29 2.34 2.03 1.51 1.10 0.90 0.94 1.15 1.47 1.92 2.31 2.41 2.11 1.75 1.65 1.71 1.78 1.84
1.53 1.51 1.49 1.45 1.38 1.28 1.22 1.22 1.27 1.33 1.40 1.49 1.57 1.61 1.55 1.34 1.12 1.12 1.28 1.47 1.63 1.76 1.90 1.99 2.47 2.31 2.49 2.45 2.29 2.12 1.97 1.83 1.71 1.55 1.35 1.14 0.98 0.94 0.98 1.09 1.23 1.37 1.52 1.65 1.80 2.11 2.48 2.65 2.53 2.26 2.00 1.73 1.49 1.39 1.22 1.00 0.88 0.87 0.91 0.98 1.12 1.33 1.54 1.69 1.82 1.98 2.21 2.39 2.25 1.75 1.27 1.00 0.94 1.04 1.33 1.77 2.24 2.48 2.32 1.89 1.57 1.49 1.50 1.52
1.49 1.46 1.42 1.40 1.37 1.32 1.26 1.23 1.27 1.36 1.44 1.51 1.56 1.62 1.67 1.55 1.29 1.14 1.18 1.34 1.51 1.64 1.81 2.00 2.06 2.11 2.25 2.34 2.31 2.24 2.15 2.04 1.93 1.76 1.53 1.28 1.07 0.98 0.98 1.07 1.23 1.41 1.55 1.66 1.79 2.03 2.36 2.57 2.60 2.45 2.19 1.93 1.71 1.50 1.26 1.02 0.86 0.83 0.86 0.92 1.03 1.23 1.47 1.64 1.76 1.91 2.09 2.33 2.38 2.05 1.53 1.17 1.02 1.02 1.19 1.57 2.08 2.43 2.48 2.16 1.72 1.55 1.50 1.42
1.50 1.44 1.37 1.37 1.37 1.37 1.35 1.34 1.34 1.39 1.51 1.61 1.67 1.76 1.84 1.82 1.71 1.56 1.45 1.48 1.56 1.63 1.78 1.99 2.05 1.99 2.07 2.17 2.14 2.09 2.07 2.03 1.96 1.83 1.65 1.41 1.17 1.02 0.99 1.04 1.19 1.37 1.55 1.68 1.80 1.97 2.21 2.41 2.56 2.57 2.39 2.19 2.00 1.73 1.41 1.12 0.89 0.79 0.79 0.86 0.97 1.14 1.37 1.56 1.71 1.83 1.97 2.18 2.36 2.28 1.83 1.36 1.14 1.08 1.17 1.45 1.91 2.32 2.51 2.35 1.98 1.80 1.75 1.59
1.55 1.46 1.36 1.36 1.39 1.43 1.48 1.51 1.49 1.48 1.58 1.70 1.80 1.88 1.94 1.93 1.91 1.88 1.82 1.76 1.75 1.75 1.83 1.99 2.01 1.94 2.04 2.16 2.05 1.90 1.89 1.88 1.82 1.75 1.63 1.47 1.27 1.11 1.04 1.05 1.15 1.31 1.51 1.69 1.85 1.98 2.10 2.22 2.41 2.56 2.55 2.44 2.29 1.98 1.57 1.23 0.97 0.80 0.76 0.82 0.93 1.07 1.27 1.48 1.66 1.77 1.83 2.00 2.24 2.30 2.01 1.56 1.29 1.20 1.22 1.41 1.80 2.19 2.45 2.42 2.12 1.90 1.86 1.78
1.59 1.49 1.38 1.37 1.40 1.44 1.52 1.59 1.60 1.58 1.60 1.67 1.75 1.81 1.87 1.87 1.80 1.80 1.84 1.84 1.82 1.82 1.88 2.01 2.00 1.93 2.05 2.22 2.12 1.92 1.84 1.79 1.70 1.62 1.52 1.40 1.28 1.17 1.10 1.07 1.14 1.28 1.47 1.67 1.87 2.00 2.04 2.06 2.19 2.39 2.49 2.53 2.51 2.28 1.84 1.46 1.17 0.93 0.82 0.82 0.90 1.02 1.19 1.42 1.64 1.75 1.77 1.87 2.08 2.20 2.05 1.68 1.41 1.29 1.28 1.42 1.74 2.08 2.37 2.43 2.17 1.89 1.81 1.79
1.60 1.53 1.42 1.38 1.39 1.42 1.49 1.54 1.58 1.58 1.55 1.55 1.58 1.64 1.74 1.76 1.66 1.62 1.66 1.74 1.80 1.83 1.91 2.01 1.99 1.95 2.06 2.21 2.18 2.06 1.99 1.89 1.79 1.68 1.52 1.35 1.23 1.18 1.14 1.12 1.17 1.30 1.47 1.67 1.86 1.99 1.99 1.91 1.96 2.13 2.26 2.41 2.56 2.47 2.15 1.80 1.48 1.16 0.95 0.87 0.90 1.00 1.16 1.39 1.63 1.76 1.78 1.84 2.00 2.09 1.98 1.73 1.50 1.34 1.31 1.43 1.68 1.98 2.30 2.45 2.25 1.94 1.78 1.74
1.58 1.53 1.43 1.37 1.36 1.40 1.46 1.49 1.49 1.48 1.47 1.47 1.49 1.55 1.66 1.69 1.61 1.56 1.59 1.68 1.80 1.85 1.91 1.96 1.97 2.00 2.12 2.19 2.13 2.07 2.04 1.97 1.89 1.80 1.66 1.44 1.24 1.17 1.17 1.19 1.24 1.35 1.49 1.66 1.83 1.96 1.94 1.79 1.78 1.92 2.05 2.23 2.43 2.44 2.28 2.05 1.74 1.42 1.15 0.98 0.94 1.01 1.14 1.35 1.60 1.77 1.82 1.88 1.99 2.02 1.90 1.73 1.54 1.38 1.34 1.43 1.61 1.87 2.20 2.45 2.34 2.01 1.78 1.70
1.54 1.49 1.40 1.33 1.30 1.35 1.41 1.43 1.40 1.38 1.39 1.42 1.46 1.52 1.61 1.66 1.61 1.56 1.57 1.66 1.80 1.87 1.86 1.85 1.88 2.01 2.18 2.26 2.14 2.03 1.97 1.87 1.77 1.74 1.68 1.52 1.30 1.19 1.20 1.25 1.31 1.39 1.50 1.65 1.80 1.94 1.91 1.70 1.66 1.80 1.95 2.13 2.31 2.31 2.19 2.05 1.83 1.57 1.32 1.12 1.02 1.03 1.14 1.33 1.54 1.72 1.83 1.92 2.00 1.96 1.82 1.70 1.54 1.40 1.37 1.43 1.55 1.76 2.09 2.41 2.40 2.04 1.75 1.64
1.54 1.47 1.36 1.28 1.23 1.24 1.30 1.34 1.34 1.33 1.34 1.36 1.40 1.47 1.56 1.63 1.62 1.59 1.58 1.65 1.82 1.92 1.81 1.64 1.72 1.94 2.17 2.30 2.27 2.16 2.07 1.87 1.65 1.56 1.55 1.47 1.31 1.22 1.21 1.27 1.34 1.43 1.54 1.68 1.79 1.89 1.85 1.64 1.57 1.74 1.94 2.14 2.30 2.23 2.00 1.85 1.73 1.57 1.38 1.22 1.10 1.08 1.16 1.32 1.50 1.67 1.83 1.95 2.02 1.94 1.77 1.65 1.51 1.40 1.38 1.45 1.55 1.71 2.00 2.38 2.43 2.05 1.69 1.55
