project/data/elevation/US_DEM2016/US_DEM2016_point_10-29-2019_0303_30m_ang.asc
ncols	125
nrows	167
xllcorner	-2042055.000000
yllcorner	1465035.000000
cellsize	30.000000
NODATA_value	-9999.000000
[rows 0 to 43 of 167, columns 0 to 95 of 125]
351 347 338 335 338 341 343 346 348 351 353 354 353 352 353 354 355 356 355 353 350 348 348 350 353 354 356 358 356 351 343 331 320 311 301 290 292 306 320 329 334 336 337 338 339 339 337 334 335 337 340 344 348 351 352 354 355 355 352 350 348 347 344 344 345 348 351 352 350 346 343 342 343 344 344 345 346 344 343 346 351 353 350 348 348 350 352 354 353 348 345 345 345 342 339 340
351 347 338 335 338 341 343 346 348 351 353 354 353 352 353 354 355 356 355 353 350 348 348 350 353 354 356 358 356 351 343 331 320 311 301 290 292 306 320 329 334 336 337 338 339 339 337 334 335 337 340 344 348 351 352 354 355 355 352 350 348 347 344 344 345 348 351 352 350 346 343 342 343 344 344 345 346 344 343 346 351 353 350 348 348 350 352 354 353 348 345 345 345 342 339 340
0 353 339 333 333 334 336 339 344 348 352 354 353 352 352 353 356 358 358 355 350 346 345 349 353 357 1 5 3 358 351 339 328 320 313 304 300 304 312 322 328 331 334 336 338 341 342 339 336 336 337 341 346 349 351 353 356 357 356 354 351 347 343 340 341 345 350 353 352 349 346 345 344 344 343 343 343 341 339 343 349 352 349 346 347 350 354 358 357 351 347 347 347 344 340 339
13 1 342 333 328 324 323 326 332 339 347 352 352 351 350 352 357 1 3 358 350 343 342 347 355 3 14 20 18 10 2 352 343 337 335 329 319 312 309 313 321 327 332 335 337 341 344 343 338 334 333 335 341 346 349 352 356 359 0 359 356 350 343 338 335 337 343 349 352 351 350 348 347 345 342 339 337 333 330 333 343 347 344 342 344 352 360 4 1 353 349 350 348 344 339 337
16 4 345 335 329 322 317 315 319 327 337 346 350 349 347 350 355 1 3 358 348 341 341 348 360 14 26 28 22 13 6 358 351 347 345 342 335 328 322 319 320 326 332 335 336 339 342 343 339 334 333 335 339 344 348 350 352 354 356 358 358 355 350 343 336 332 332 336 342 346 348 349 349 347 342 336 331 327 323 325 333 337 335 336 342 355 5 7 1 353 351 350 346 340 336 336
13 3 347 338 332 325 318 312 310 314 322 336 345 347 345 347 353 358 358 353 346 342 344 354 9 24 31 28 20 11 4 358 353 351 350 348 344 339 334 327 321 320 325 329 333 337 339 340 337 334 333 337 342 348 352 353 351 348 348 350 353 355 355 351 342 332 326 324 325 331 337 343 345 342 336 330 326 323 320 321 324 326 325 327 338 356 7 8 360 352 350 347 340 334 333 336
8 360 348 341 336 330 323 314 307 303 308 321 336 340 340 345 353 357 355 350 344 343 349 3 18 29 30 24 15 7 0 356 354 354 354 351 348 345 342 337 327 320 317 320 326 331 334 333 331 329 331 337 347 355 359 358 355 352 351 351 351 354 357 354 345 335 327 324 323 326 330 336 339 336 331 326 322 319 317 318 320 319 317 319 331 352 6 5 356 350 348 343 336 332 334 344
0 355 348 345 342 337 329 320 309 303 302 309 322 329 332 340 351 359 358 349 341 342 354 11 23 28 26 19 10 2 356 354 353 354 354 352 352 351 350 347 340 329 320 316 317 322 325 324 322 323 327 336 348 357 1 1 359 358 360 1 0 357 356 353 346 338 331 328 329 332 335 336 337 334 330 326 323 318 316 317 317 315 314 315 323 343 360 359 351 347 344 339 334 335 348 10
350 350 349 349 348 345 339 329 319 311 307 308 313 319 324 333 348 1 3 351 339 341 358 16 26 26 20 13 6 359 353 351 350 350 350 352 354 355 356 355 352 345 334 324 321 321 323 323 320 320 324 333 345 355 1 3 4 6 11 13 9 2 355 351 347 341 334 332 334 338 339 337 336 334 331 330 329 325 323 322 320 316 315 311 324 337 351 351 346 344 342 339 339 351 15 28
340 344 350 353 354 352 346 337 329 325 321 317 315 315 318 326 343 2 4 353 342 344 2 20 25 20 12 7 2 355 350 347 346 345 347 351 354 357 358 359 358 355 349 341 333 329 327 325 322 322 325 332 342 351 359 6 12 20 25 20 10 1 354 349 346 342 339 338 341 343 342 338 336 335 335 335 334 333 334 333 331 327 325 326 330 339 346 344 341 342 343 344 353 9 16 13
328 337 350 356 357 355 350 343 339 337 334 330 325 321 319 322 338 356 359 352 347 353 8 18 18 12 6 0 355 350 346 343 341 342 345 349 352 354 356 359 360 359 357 352 345 337 329 324 322 323 328 337 346 354 0 10 24 33 29 18 6 358 351 345 342 341 342 345 349 349 343 338 336 335 336 337 336 337 340 341 339 336 334 334 337 343 343 339 338 343 350 355 0 5 4 3
318 327 345 354 357 355 351 347 345 345 344 341 337 333 328 328 335 346 350 350 352 1 12 15 10 6 1 353 347 345 342 340 339 341 345 348 347 347 351 355 357 359 359 357 353 344 333 324 321 323 331 343 355 4 11 19 27 26 19 10 0 352 346 343 339 338 343 350 354 352 345 338 335 335 336 337 337 338 341 341 337 333 332 334 338 343 341 335 336 345 353 356 357 358 358 359
317 321 333 346 352 352 349 348 349 351 351 349 348 346 342 339 339 341 344 348 356 8 15 11 5 359 354 348 343 340 338 336 336 339 344 342 338 339 343 347 350 353 355 357 356 350 339 327 322 323 332 346 2 17 23 19 13 9 6 0 353 346 343 341 339 337 342 350 355 354 347 339 335 335 337 338 337 337 337 329 319 314 315 321 330 338 338 335 336 343 350 353 355 355 354 355
325 324 326 333 341 345 346 347 350 352 353 353 354 354 352 348 347 345 342 346 360 15 17 7 0 354 348 343 339 335 332 329 328 331 332 327 325 326 330 332 336 341 346 352 355 351 342 332 328 331 339 354 16 25 17 7 2 359 355 351 347 343 341 341 340 339 342 348 354 354 348 340 337 338 340 341 338 336 334 326 318 313 312 316 323 330 335 337 338 341 345 349 351 351 351 350
328 329 330 330 330 332 336 339 342 344 346 349 352 355 356 355 355 353 349 351 6 19 15 5 359 353 344 339 334 327 322 321 323 328 326 318 313 315 318 319 321 325 330 338 344 345 341 338 338 344 354 10 18 10 0 358 358 354 348 344 342 342 341 341 341 342 344 348 353 354 348 342 341 344 349 348 345 342 339 333 329 326 325 324 325 329 335 339 338 338 342 344 346 346 346 346
324 328 334 334 326 317 311 310 314 317 320 328 338 346 351 356 1 3 1 3 12 14 10 7 4 358 347 339 336 333 329 327 329 333 334 330 326 325 325 326 326 326 328 331 335 338 341 344 348 357 7 12 7 357 353 355 357 352 343 339 339 341 343 344 343 344 346 350 354 354 350 348 351 357 358 353 350 348 343 336 332 332 332 330 330 332 337 341 339 336 338 341 341 342 344 345
322 325 333 338 332 314 300 299 303 306 309 315 323 331 338 351 4 10 11 12 11 8 9 11 10 3 352 344 342 342 339 333 330 334 339 340 339 337 335 335 335 335 335 335 335 338 343 350 359 5 10 8 359 352 350 354 356 350 341 337 337 340 344 346 347 346 348 351 354 355 356 358 3 3 358 353 353 352 346 339 335 335 335 334 334 336 340 343 341 335 335 338 339 342 346 348
329 330 337 346 346 333 323 321 322 324 326 329 332 335 338 347 2 13 16 14 11 10 12 12 9 1 352 346 345 346 346 341 335 334 338 341 343 343 341 339 338 338 338 337 336 339 346 357 5 8 9 3 354 349 349 354 355 346 338 336 336 339 343 347 349 349 349 349 352 356 0 5 6 1 355 354 356 356 351 346 341 339 338 338 339 342 343 344 342 335 333 336 340 346 351 350
335 339 349 356 351 340 334 333 334 335 338 340 342 345 348 352 1 12 15 13 13 14 14 10 4 358 352 347 345 346 347 346 342 339 339 341 344 346 345 342 340 339 339 339 339 342 350 1 5 6 4 358 351 347 349 354 351 342 336 334 335 337 341 346 349 351 350 348 348 353 360 3 2 358 355 355 357 357 355 353 349 345 343 343 345 346 345 344 340 336 335 337 342 348 350 347
339 345 359 357 345 336 335 336 338 341 343 346 349 354 358 1 5 11 14 13 14 15 12 6 1 356 351 347 345 344 345 346 345 344 343 343 345 347 346 344 342 341 341 343 346 351 355 356 356 357 357 353 349 348 351 352 346 338 334 334 334 335 337 341 345 348 349 348 346 347 352 356 357 355 355 356 357 357 357 357 356 354 351 349 349 349 347 344 341 340 340 339 342 344 344 344
353 358 0 349 337 333 334 337 340 344 347 350 354 359 4 7 11 13 12 12 13 12 7 3 359 356 351 348 346 344 342 343 344 345 346 346 347 346 345 344 344 344 346 352 358 359 353 346 345 347 349 349 350 352 354 351 343 337 334 334 333 333 332 331 333 336 341 344 342 338 339 343 347 349 352 354 355 355 356 359 1 1 360 356 352 351 350 348 346 347 347 343 340 340 340 342
9 3 352 342 335 333 334 338 342 345 348 352 356 2 8 13 16 16 11 9 8 5 1 359 358 355 352 349 347 344 341 341 342 345 347 348 347 345 344 346 348 351 358 5 2 354 345 340 339 340 343 347 351 355 356 351 344 339 337 335 333 328 322 312 305 305 308 315 321 319 320 323 329 335 341 347 350 350 352 357 2 5 6 2 356 352 351 351 352 353 352 345 340 339 339 342
1 355 347 341 336 335 336 339 343 346 349 352 357 3 10 17 20 15 9 4 1 358 357 356 355 353 351 348 347 344 342 341 342 345 349 349 346 343 346 352 358 6 11 5 353 345 339 335 335 336 339 345 351 356 357 354 348 344 342 340 336 325 310 294 283 278 278 284 292 299 300 302 306 312 319 330 336 339 343 350 357 3 7 5 0 354 351 352 354 356 353 346 342 342 343 343
343 344 344 342 339 337 338 341 343 346 349 353 358 5 13 20 20 12 6 0 355 353 352 352 351 349 348 346 345 344 343 343 345 349 353 349 344 344 353 5 12 12 3 351 344 340 335 332 331 333 337 343 349 355 357 356 355 354 353 354 353 343 326 309 298 293 292 295 298 299 295 291 288 290 295 306 316 324 332 341 349 357 5 8 6 360 354 351 353 355 352 346 342 342 343 342
325 331 339 341 340 340 340 342 344 346 349 353 359 6 14 18 15 9 5 360 353 349 346 345 344 343 343 343 344 345 346 348 354 357 356 349 345 351 5 10 6 358 349 343 340 337 334 331 331 332 336 342 347 352 356 358 0 3 5 8 8 360 346 334 327 321 317 315 311 307 300 292 284 279 281 289 297 305 316 326 335 346 359 8 9 5 358 353 353 354 353 348 342 340 340 339
312 318 331 338 341 343 343 343 344 345 348 353 359 6 11 13 10 6 4 1 354 349 344 340 339 338 339 341 344 348 354 4 13 12 1 351 350 357 359 356 351 347 342 339 337 335 334 333 333 334 336 341 346 351 354 358 3 9 13 14 10 359 349 343 338 334 330 327 322 317 311 304 294 285 283 285 286 287 294 306 317 331 348 0 6 6 1 356 355 355 354 350 343 339 338 337
306 311 323 333 341 347 348 347 346 347 349 354 360 3 7 4 5 3 3 359 353 347 343 341 338 337 338 342 349 359 15 28 26 14 2 353 350 351 350 347 343 340 337 336 334 334 335 336 338 338 338 339 342 347 351 356 4 11 14 11 4 355 350 347 345 342 340 339 336 331 327 321 311 301 296 293 289 286 289 296 304 317 332 347 359 5 5 360 356 355 354 351 344 339 339 338
304 308 318 328 338 347 351 352 352 351 353 356 0 2 4 5 2 360 358 354 349 345 342 341 340 339 341 348 2 24 37 31 15 3 357 353 349 348 347 345 341 336 333 331 331 333 336 340 344 346 343 338 338 341 347 355 5 9 8 3 356 351 350 351 352 351 349 348 345 344 342 337 327 319 314 308 301 298 299 301 303 308 318 331 347 0 6 4 358 355 354 350 344 340 340 338
304 307 314 323 333 343 351 355 355 354 356 358 0 2 5 5 1 357 353 348 345 343 342 342 342 344 349 4 29 38 27 9 0 356 353 352 350 348 346 345 340 334 329 328 329 332 336 343 350 353 350 342 338 338 343 354 2 3 360 354 348 347 349 353 357 358 357 354 353 353 353 349 341 334 329 324 318 314 314 314 312 308 309 317 331 349 1 5 3 358 354 350 344 341 340 340
308 309 314 320 327 336 347 354 357 357 357 358 359 2 6 5 2 355 348 342 341 342 344 347 349 354 9 34 38 18 359 353 353 353 351 350 350 348 346 344 340 333 328 326 327 331 336 344 351 356 354 348 342 340 343 351 356 356 352 345 340 341 346 354 360 2 1 360 360 360 359 357 352 346 341 336 330 328 328 327 324 315 307 306 314 330 349 1 5 2 357 351 346 342 342 344
311 313 319 323 326 332 341 351 358 1 1 360 359 1 6 2 1 353 345 341 342 348 356 8 27 57 76 56 9 348 344 346 348 350 349 348 348 348 346 342 338 332 328 327 327 330 335 341 347 353 354 352 347 345 346 349 351 351 346 338 334 335 342 350 357 0 1 3 3 2 1 0 359 357 351 345 340 338 338 337 333 324 313 304 301 309 326 347 0 4 1 355 350 346 345 348
308 312 320 325 327 330 337 348 358 3 4 3 2 3 7 7 0 352 347 349 358 15 43 69 87 94 55 353 328 325 330 336 341 344 345 345 346 346 344 339 334 330 328 329 332 334 335 338 342 347 351 352 350 349 350 350 349 348 341 331 328 329 336 343 349 353 357 1 2 2 2 3 3 2 358 353 349 348 347 345 340 333 324 310 300 297 303 319 342 357 1 359 355 351 348 349
303 305 311 318 323 327 332 343 355 3 7 7 7 8 9 8 1 356 358 11 26 51 60 50 37 6 349 338 326 316 313 319 326 332 336 338 339 340 339 335 330 327 327 330 334 337 336 335 336 340 345 348 350 352 354 353 350 346 336 325 321 322 328 335 340 344 349 355 359 359 1 3 4 3 2 2 2 360 356 353 349 344 334 321 311 303 299 301 313 334 350 356 357 354 349 347
306 303 303 307 314 319 325 335 347 359 7 11 12 12 12 11 6 5 14 32 36 26 25 20 9 356 349 344 337 328 321 319 320 321 324 328 331 333 332 330 326 323 322 324 326 328 328 327 327 332 338 342 347 354 358 357 353 346 333 322 317 316 321 327 331 336 342 349 353 355 357 0 1 1 5 9 12 10 4 359 358 355 345 332 324 320 314 308 306 310 324 342 352 353 346 344
318 314 310 311 313 316 319 324 336 352 4 13 16 16 15 15 14 14 26 29 17 15 13 10 4 357 353 349 346 341 336 333 331 328 324 324 326 327 327 326 324 322 321 319 315 312 314 317 320 324 330 337 344 354 0 359 354 346 334 324 319 318 321 323 325 328 335 343 347 349 353 355 355 357 4 12 15 14 10 6 6 1 350 340 336 335 333 330 323 318 319 327 340 347 344 341
326 324 323 324 326 326 325 324 328 341 357 11 17 20 20 20 19 16 13 13 9 7 6 4 2 359 356 353 351 348 344 341 340 337 332 327 325 326 326 325 326 326 328 327 322 319 319 322 323 325 328 333 342 354 1 359 354 346 335 328 325 324 324 322 322 322 326 333 338 343 349 351 349 351 0 7 12 14 14 13 9 2 353 347 345 345 345 343 339 334 331 332 337 344 345 341
324 325 328 332 335 337 336 333 332 336 348 4 16 23 25 25 21 12 14 4 1 0 0 0 0 359 358 357 356 354 350 346 342 341 338 335 331 329 328 329 332 337 341 339 333 330 330 331 332 332 331 331 339 352 1 359 354 346 336 329 327 328 328 326 323 321 320 323 327 333 343 348 344 345 353 359 4 10 12 12 8 3 357 353 352 354 354 350 342 337 336 336 339 344 347 345
317 321 329 334 339 342 343 342 342 341 343 353 10 23 29 29 20 6 359 356 355 355 356 357 358 359 359 360 0 359 357 351 344 339 338 337 335 332 330 332 338 345 350 347 341 337 336 337 338 339 336 332 337 350 1 359 354 346 336 329 329 332 335 335 332 328 322 318 318 323 335 343 340 339 345 350 355 2 6 6 5 4 2 1 2 3 1 352 344 340 338 337 340 345 350 350
311 315 326 334 339 342 344 347 350 349 344 346 360 20 22 30 17 16 353 350 349 350 352 354 355 356 357 359 1 2 1 356 348 340 336 335 335 334 332 333 338 346 351 350 346 343 341 340 340 340 337 333 334 347 360 359 353 345 335 329 328 331 337 340 339 335 326 316 310 312 324 336 334 332 336 342 347 352 355 358 2 5 8 11 13 8 359 350 346 346 345 344 344 348 354 357
308 311 322 332 337 339 343 350 355 353 348 349 358 6 16 24 25 3 4 347 346 346 346 348 349 350 353 355 358 2 2 359 352 344 337 335 336 336 335 334 336 342 349 352 351 349 347 346 344 341 338 335 335 345 357 357 351 343 336 329 325 325 328 332 333 331 324 313 303 301 311 324 325 323 328 335 340 342 344 349 357 5 13 17 16 6 354 348 348 350 351 352 353 355 1 2
307 310 321 332 337 339 344 351 355 353 351 354 3 17 10 35 18 4 359 353 347 342 341 342 343 345 347 351 355 359 0 358 353 345 339 337 337 338 338 338 338 341 346 351 354 354 353 352 351 348 344 341 340 346 355 354 348 343 338 332 326 321 316 312 312 313 315 312 304 297 298 309 314 315 321 330 335 333 334 341 352 1 10 14 11 1 352 349 349 352 354 357 0 4 8 8
311 314 325 335 340 343 347 352 353 351 352 357 8 19 17 9 5 4 3 359 349 343 341 340 340 340 342 346 349 353 355 354 349 344 340 337 337 338 340 341 343 344 346 350 353 355 354 353 354 353 351 349 347 349 353 352 346 342 341 338 333 331 325 318 315 315 317 315 310 303 297 299 302 305 312 322 329 326 326 335 348 355 1 5 2 357 353 351 351 354 356 0 6 11 15 15
317 320 330 338 343 345 348 350 351 351 353 1 13 18 13 7 4 3 2 358 350 345 343 343 342 342 342 343 345 347 348 347 344 342 341 339 336 336 338 343 347 348 349 350 352 353 351 350 350 352 355 356 356 355 354 352 347 345 346 344 344 346 344 337 333 330 326 321 318 314 307 299 292 290 294 304 314 316 318 330 345 351 351 352 354 354 353 353 354 356 0 5 10 16 22 22
319 323 332 339 343 346 348 349 350 351 356 6 16 33 9 5 2 0 359 354 349 345 345 345 344 344 344 343 343 343 341 339 339 341 343 342 339 335 336 342 349 353 354 353 351 349 348 345 344 345 350 356 359 358 353 350 349 349 349 349 350 351 349 345 342 339 334 330 327 323 315 301 289 280 278 285 295 301 306 319 337 344 344 345 347 350 352 354 355 358 3 9 15 22 28 26
