project/data/elevation/US_DEM2016/US_DEM2016_point_10-31-2019_0753_30m_vel.asc
ncols	125
nrows	167
xllcorner	-2042055.000000
yllcorner	1465035.000000
cellsize	30.000000
NODATA_value	-9999.000000
[rows 114 to 151 of 167, columns 0 to 83 of 125]
7.33 7.30 7.33 7.41 7.58 7.82 7.88 7.46 6.82 6.19 5.64 5.15 4.81 4.64 4.76 5.18 5.85 6.55 7.07 7.45 7.73 7.68 7.31 7.20 7.59 8.03 8.32 8.49 8.50 8.30 8.03 7.54 6.86 6.39 6.29 6.47 6.87 7.28 7.56 7.73 7.92 8.13 8.23 8.19 7.91 7.52 7.31 7.27 7.28 7.41 7.59 7.59 7.48 7.19 6.71 6.38 6.40 6.73 7.11 7.34 7.37 7.25 7.09 6.97 6.93 6.99 7.10 7.09 6.93 6.75 6.67 6.63 6.63 6.63 6.61 6.54 6.46 6.40 6.47 6.59 6.46 6.05 5.71 5.50
7.48 7.48 7.50 7.47 7.45 7.37 7.08 6.53 5.91 5.36 4.92 4.60 4.43 4.54 5.15 6.09 7.00 7.76 8.30 8.51 8.28 7.67 6.86 6.61 6.90 7.20 7.50 7.89 8.16 8.34 8.53 8.55 8.16 7.32 6.52 6.36 6.84 7.45 7.85 8.07 8.22 8.31 8.29 8.10 7.65 7.03 6.65 6.68 6.87 7.16 7.62 7.89 7.94 7.73 7.16 6.43 6.01 6.08 6.40 6.75 7.04 7.22 7.33 7.38 7.37 7.32 7.21 7.04 6.84 6.69 6.66 6.69 6.72 6.69 6.59 6.51 6.52 6.58 6.65 6.64 6.37 5.92 5.57 5.27
7.55 7.59 7.58 7.49 7.31 6.99 6.55 6.15 5.99 5.97 5.97 5.91 6.02 6.47 7.25 8.14 8.83 9.11 9.06 8.75 8.21 7.59 6.85 6.22 6.08 6.13 6.49 7.08 7.49 7.72 8.02 8.45 8.68 8.48 7.95 7.69 7.80 8.06 8.20 8.22 8.16 8.08 8.02 7.91 7.59 7.03 6.48 6.35 6.62 7.06 7.55 8.01 8.30 8.34 8.13 7.75 7.27 6.87 6.66 6.71 6.89 7.06 7.19 7.30 7.40 7.38 7.25 7.03 6.77 6.54 6.47 6.54 6.64 6.69 6.66 6.63 6.67 6.76 6.88 6.95 6.82 6.50 6.29 6.17
7.51 7.50 7.46 7.37 7.18 6.85 6.51 6.35 6.48 6.82 7.20 7.65 8.16 8.71 9.18 9.43 9.39 9.04 8.54 8.00 7.63 7.55 7.36 6.72 6.09 5.85 5.96 6.45 6.84 6.88 6.86 7.27 8.05 8.65 8.83 8.72 8.50 8.24 7.97 7.75 7.61 7.59 7.65 7.73 7.71 7.42 6.79 6.34 6.48 6.88 7.22 7.57 8.01 8.37 8.54 8.58 8.52 8.31 7.92 7.49 7.25 7.14 7.07 7.02 7.04 7.05 6.98 6.86 6.68 6.48 6.36 6.35 6.46 6.63 6.75 6.82 6.90 6.98 7.12 7.34 7.52 7.55 7.52 7.57
7.41 7.33 7.26 7.23 7.13 6.97 6.81 6.72 6.75 7.00 7.56 8.28 8.95 9.34 9.39 9.04 8.36 7.75 7.36 7.02 6.96 7.22 7.47 7.33 6.86 6.39 6.13 6.22 6.57 6.57 6.20 6.16 6.72 7.67 8.27 8.40 8.19 7.86 7.57 7.37 7.30 7.37 7.49 7.58 7.64 7.61 7.19 6.52 6.37 6.51 6.68 6.87 7.23 7.75 8.17 8.41 8.61 8.72 8.63 8.27 7.79 7.37 7.03 6.75 6.52 6.36 6.29 6.43 6.60 6.67 6.63 6.57 6.59 6.72 6.87 7.00 7.12 7.21 7.35 7.58 7.82 8.02 8.17 8.21
7.29 7.20 7.14 7.16 7.15 7.12 7.07 7.00 7.02 7.27 7.81 8.35 8.65 8.62 8.28 7.76 7.28 6.93 6.62 6.40 6.35 6.49 6.79 7.02 6.96 6.70 6.45 6.46 6.75 6.90 6.61 6.12 6.03 6.45 7.15 7.57 7.65 7.56 7.50 7.45 7.41 7.40 7.40 7.36 7.36 7.48 7.40 6.91 6.48 6.35 6.31 6.43 6.74 7.25 7.75 8.04 8.14 8.20 8.28 8.26 7.98 7.50 7.01 6.58 6.15 5.88 5.97 6.37 6.77 7.01 7.10 7.07 6.98 6.92 6.92 6.99 7.07 7.15 7.25 7.40 7.52 7.61 7.67 7.63
7.22 7.15 7.13 7.16 7.17 7.20 7.25 7.27 7.39 7.74 8.13 8.28 8.14 7.79 7.37 7.03 6.83 6.60 6.29 6.05 5.90 5.88 6.09 6.41 6.52 6.47 6.51 6.68 6.97 7.24 7.23 6.80 6.24 6.06 6.31 6.77 7.11 7.31 7.47 7.54 7.51 7.44 7.32 7.12 7.01 7.15 7.32 7.13 6.67 6.37 6.23 6.36 6.71 7.17 7.60 7.84 7.78 7.60 7.56 7.65 7.64 7.38 7.04 6.70 6.44 6.43 6.66 6.92 7.09 7.20 7.28 7.29 7.20 7.03 6.87 6.76 6.73 6.80 6.94 7.08 7.17 7.15 7.06 6.92
7.29 7.26 7.22 7.17 7.15 7.24 7.42 7.61 7.84 8.13 8.24 8.11 7.82 7.52 7.23 6.97 6.69 6.42 6.27 6.25 6.27 6.34 6.45 6.49 6.42 6.37 6.51 6.70 6.92 7.22 7.42 7.33 6.96 6.52 6.25 6.33 6.67 6.99 7.22 7.36 7.41 7.41 7.24 6.87 6.58 6.65 6.92 6.92 6.56 6.27 6.21 6.37 6.64 6.91 7.21 7.50 7.55 7.38 7.21 7.17 7.21 7.20 7.16 7.13 7.20 7.33 7.40 7.37 7.29 7.21 7.16 7.15 7.13 7.06 6.91 6.72 6.63 6.72 6.86 6.93 6.95 6.90 6.81 6.74
7.37 7.33 7.22 7.12 7.12 7.23 7.47 7.83 8.24 8.36 8.21 7.90 7.62 7.38 7.14 6.83 6.56 6.48 6.68 6.96 7.12 7.11 6.97 6.78 6.57 6.45 6.48 6.58 6.73 7.01 7.28 7.37 7.26 6.99 6.68 6.56 6.69 6.90 6.99 7.12 7.21 7.18 6.84 6.32 5.99 6.05 6.40 6.58 6.38 6.08 5.94 5.95 6.05 6.22 6.48 6.86 7.19 7.29 7.21 7.13 7.11 7.14 7.21 7.27 7.31 7.35 7.35 7.37 7.39 7.37 7.25 7.10 7.06 7.03 6.93 6.83 6.79 6.78 6.69 6.59 6.54 6.46 6.41 6.46
7.25 7.15 6.99 6.97 7.05 7.21 7.42 7.71 8.00 8.03 7.78 7.44 7.15 6.86 6.54 6.42 6.52 6.75 6.97 7.04 6.94 6.80 6.75 6.82 6.89 6.81 6.58 6.47 6.50 6.71 6.99 7.10 7.01 6.91 6.92 7.00 7.05 7.02 6.93 7.00 6.91 6.52 5.90 5.46 5.34 5.49 5.92 6.30 6.28 5.94 5.59 5.34 5.23 5.31 5.61 6.08 6.60 6.93 7.02 7.02 7.05 7.13 7.16 7.07 6.97 7.00 7.12 7.25 7.38 7.48 7.44 7.27 7.09 6.90 6.72 6.64 6.54 6.35 6.11 6.04 6.10 6.09 6.01 5.99
7.19 7.10 6.98 6.96 7.03 7.15 7.23 7.29 7.27 7.16 6.96 6.77 6.51 6.13 5.93 6.21 6.53 6.62 6.45 6.15 5.97 6.06 6.36 6.73 7.04 7.15 6.95 6.63 6.44 6.48 6.77 6.93 6.87 6.82 6.90 7.00 7.01 6.93 6.80 6.73 6.36 5.72 5.31 5.27 5.35 5.47 5.73 6.12 6.25 6.08 5.83 5.54 5.23 5.04 5.11 5.52 6.08 6.45 6.63 6.80 6.98 7.13 7.22 7.29 7.33 7.39 7.38 7.30 7.21 7.21 7.29 7.25 7.03 6.70 6.45 6.29 6.11 5.94 5.86 5.95 6.07 6.01 5.78 5.58
7.41 7.46 7.40 7.19 7.03 6.97 6.91 6.81 6.64 6.49 6.44 6.43 6.22 5.88 5.87 6.07 6.06 5.83 5.52 5.31 5.42 5.84 6.36 6.80 7.10 7.27 7.26 7.02 6.73 6.55 6.66 6.89 6.91 6.75 6.57 6.43 6.40 6.42 6.42 6.28 5.94 5.70 5.90 6.28 6.45 6.38 6.33 6.40 6.47 6.46 6.35 6.15 5.88 5.61 5.49 5.63 5.95 6.33 6.64 6.88 7.02 7.14 7.32 7.60 7.74 7.68 7.46 7.22 7.03 6.94 6.94 6.94 6.79 6.54 6.30 6.06 5.87 5.80 5.90 6.08 6.16 6.00 5.72 5.60
7.53 7.60 7.53 7.17 6.86 6.70 6.62 6.49 6.34 6.30 6.37 6.36 6.15 5.88 5.69 5.45 5.18 5.10 5.15 5.33 5.70 6.16 6.62 6.96 7.12 7.18 7.24 7.21 7.00 6.75 6.70 6.89 6.93 6.65 6.19 5.94 5.97 6.16 6.27 6.22 6.24 6.57 7.00 7.28 7.44 7.48 7.40 7.23 7.05 6.86 6.61 6.34 6.15 6.07 6.03 6.03 6.19 6.53 6.85 7.02 7.00 7.04 7.17 7.31 7.24 7.05 6.91 6.90 6.98 7.00 6.88 6.73 6.57 6.42 6.24 5.98 5.66 5.42 5.42 5.67 6.00 6.12 6.11 6.16
7.23 7.10 6.82 6.59 6.44 6.43 6.45 6.41 6.32 6.27 6.17 6.02 5.90 5.74 5.45 5.14 5.05 5.26 5.71 6.33 6.80 7.00 7.02 6.88 6.70 6.72 6.85 6.91 6.84 6.72 6.72 6.90 7.03 6.85 6.46 6.24 6.33 6.48 6.58 6.68 6.90 7.14 7.27 7.38 7.61 7.90 8.10 8.10 7.88 7.47 7.07 6.73 6.47 6.33 6.28 6.28 6.41 6.65 6.87 6.94 6.86 6.83 6.81 6.70 6.53 6.47 6.59 6.82 7.01 7.06 6.92 6.66 6.47 6.33 6.22 6.12 5.90 5.54 5.23 5.30 5.84 6.40 6.68 6.66
6.81 6.42 5.99 5.95 6.04 6.23 6.39 6.42 6.35 6.20 5.96 5.78 5.81 5.93 5.96 5.96 6.15 6.57 7.17 7.69 7.90 7.75 7.27 6.70 6.33 6.31 6.40 6.44 6.46 6.47 6.54 6.74 7.03 7.15 7.09 7.03 7.03 6.98 6.93 6.94 6.96 6.94 7.05 7.29 7.65 8.04 8.40 8.64 8.66 8.39 7.96 7.57 7.21 6.87 6.60 6.45 6.42 6.51 6.67 6.80 6.71 6.64 6.55 6.41 6.34 6.52 6.78 6.91 6.84 6.70 6.58 6.48 6.38 6.27 6.18 6.23 6.37 6.37 6.11 5.90 6.11 6.53 6.73 6.60
6.91 6.53 6.10 6.12 6.29 6.43 6.48 6.46 6.37 6.22 6.07 6.03 6.20 6.55 6.94 7.29 7.67 8.01 8.17 8.17 7.96 7.59 7.13 6.70 6.38 6.26 6.21 6.23 6.29 6.32 6.35 6.49 6.84 7.17 7.29 7.24 7.12 7.00 6.90 6.80 6.69 6.72 6.98 7.33 7.73 8.11 8.39 8.60 8.78 8.74 8.39 7.90 7.48 7.17 6.91 6.67 6.46 6.33 6.42 6.60 6.65 6.62 6.58 6.55 6.62 6.82 6.89 6.68 6.31 6.08 6.10 6.19 6.24 6.29 6.27 6.20 6.26 6.54 6.79 6.81 6.71 6.61 6.51 6.45
7.29 7.14 7.02 7.16 7.23 7.05 6.72 6.53 6.45 6.40 6.38 6.46 6.72 7.16 7.58 7.92 8.12 8.10 7.88 7.47 6.98 6.57 6.45 6.45 6.39 6.33 6.30 6.39 6.51 6.58 6.53 6.55 6.80 7.13 7.21 6.99 6.75 6.69 6.75 6.78 6.80 6.92 7.19 7.48 7.73 7.87 7.88 7.89 8.01 8.15 8.01 7.69 7.44 7.28 7.12 6.91 6.69 6.51 6.39 6.50 6.68 6.75 6.78 6.83 6.92 6.95 6.72 6.30 5.93 5.86 5.97 6.12 6.22 6.36 6.54 6.50 6.28 6.18 6.46 6.87 7.05 7.06 7.08 7.33
7.46 7.49 7.61 7.73 7.72 7.49 7.05 6.66 6.50 6.53 6.61 6.75 7.00 7.32 7.53 7.57 7.46 7.24 6.90 6.39 5.87 5.62 5.75 6.07 6.29 6.41 6.54 6.71 6.88 7.01 7.09 7.16 7.29 7.46 7.51 7.29 6.95 6.78 6.80 6.99 7.23 7.49 7.67 7.69 7.59 7.36 7.06 6.91 7.04 7.38 7.58 7.58 7.53 7.42 7.23 7.05 6.92 6.82 6.67 6.65 6.76 6.88 6.97 7.03 7.02 6.82 6.43 6.06 5.95 6.01 6.15 6.30 6.40 6.44 6.55 6.68 6.69 6.49 6.37 6.63 7.18 7.74 8.21 8.59
7.48 7.53 7.62 7.64 7.62 7.63 7.47 7.06 6.73 6.69 6.75 6.79 6.86 6.94 6.93 6.89 6.83 6.57 6.16 5.77 5.54 5.58 5.86 6.17 6.37 6.52 6.69 6.88 7.05 7.22 7.46 7.71 7.88 7.98 8.04 7.94 7.61 7.26 7.04 7.16 7.48 7.74 7.73 7.55 7.27 6.87 6.45 6.27 6.46 6.96 7.42 7.62 7.61 7.47 7.31 7.18 7.08 7.03 6.93 6.83 6.82 6.90 7.01 7.05 6.97 6.66 6.23 6.00 6.06 6.23 6.37 6.47 6.56 6.60 6.52 6.52 6.76 7.04 7.13 7.22 7.62 8.14 8.52 8.65
7.52 7.66 7.83 7.85 7.83 7.82 7.84 7.71 7.39 7.11 6.90 6.67 6.48 6.40 6.48 6.63 6.63 6.40 6.16 6.14 6.31 6.48 6.56 6.62 6.65 6.68 6.79 6.95 7.13 7.29 7.46 7.67 7.90 8.11 8.29 8.40 8.32 8.01 7.57 7.36 7.41 7.44 7.40 7.30 7.03 6.64 6.32 6.22 6.39 6.85 7.38 7.70 7.77 7.66 7.50 7.35 7.21 7.12 6.98 6.85 6.81 6.83 6.89 6.91 6.86 6.65 6.37 6.25 6.32 6.48 6.61 6.63 6.60 6.61 6.63 6.67 6.82 7.21 7.69 8.02 8.16 8.07 7.87 7.74
7.67 7.96 8.36 8.39 8.22 7.97 7.94 8.01 7.89 7.47 7.00 6.60 6.31 6.23 6.37 6.51 6.47 6.42 6.59 6.91 7.17 7.20 7.09 7.01 6.97 6.95 6.98 7.07 7.22 7.37 7.45 7.47 7.54 7.82 8.26 8.71 8.97 8.91 8.51 7.88 7.48 7.26 7.24 7.12 6.81 6.52 6.41 6.46 6.65 7.02 7.46 7.82 8.03 7.97 7.77 7.52 7.31 7.13 6.93 6.84 6.80 6.79 6.77 6.77 6.78 6.73 6.66 6.69 6.78 6.87 6.92 6.88 6.74 6.59 6.67 6.98 7.30 7.63 8.14 8.57 8.50 7.95 7.29 6.93
7.67 7.93 8.33 8.46 8.36 8.05 7.83 7.76 7.68 7.38 6.95 6.59 6.41 6.38 6.36 6.25 6.25 6.52 6.92 7.19 7.25 7.22 7.17 7.17 7.17 7.13 7.09 7.09 7.16 7.32 7.47 7.47 7.48 7.70 8.14 8.63 9.02 9.24 9.17 8.67 7.89 7.30 6.92 6.61 6.35 6.30 6.44 6.61 6.84 7.20 7.60 7.94 8.18 8.18 7.99 7.70 7.41 7.16 6.94 6.87 6.88 6.87 6.82 6.78 6.82 6.88 6.95 7.06 7.19 7.27 7.28 7.26 7.16 6.99 6.93 7.19 7.75 8.41 8.94 9.11 8.85 8.24 7.45 6.81
7.41 7.38 7.39 7.58 7.77 7.73 7.50 7.34 7.32 7.25 7.09 6.98 6.97 6.93 6.67 6.33 6.26 6.49 6.70 6.80 6.92 7.08 7.19 7.27 7.27 7.17 7.03 6.93 6.94 7.10 7.29 7.47 7.59 7.71 7.82 8.00 8.24 8.54 8.73 8.58 7.91 7.09 6.41 6.03 5.99 6.13 6.36 6.57 6.90 7.33 7.67 7.90 8.09 8.18 8.10 7.87 7.55 7.24 6.97 6.92 7.01 7.06 7.02 6.94 6.90 6.97 7.11 7.27 7.43 7.57 7.72 7.87 7.92 7.89 7.83 7.92 8.31 8.90 9.27 9.22 9.01 8.72 8.16 7.41
7.06 6.76 6.25 6.08 6.27 6.55 6.75 6.95 7.22 7.48 7.66 7.82 7.90 7.73 7.25 6.73 6.43 6.28 6.19 6.26 6.59 6.97 7.18 7.29 7.31 7.23 7.06 6.84 6.69 6.75 6.90 7.07 7.20 7.27 7.19 7.13 7.18 7.30 7.42 7.41 7.15 6.65 6.16 5.91 5.99 6.19 6.36 6.63 7.09 7.49 7.64 7.72 7.89 8.06 8.10 7.96 7.70 7.40 7.12 7.08 7.18 7.27 7.25 7.13 7.00 7.00 7.17 7.39 7.59 7.80 8.11 8.49 8.84 9.13 9.30 9.32 9.30 9.30 9.13 8.89 8.93 9.14 9.13 8.74
6.78 6.31 5.52 5.19 5.17 5.45 5.96 6.50 7.02 7.54 7.93 8.12 8.09 7.81 7.37 6.91 6.53 6.26 6.18 6.34 6.65 6.92 7.09 7.23 7.34 7.38 7.29 7.04 6.68 6.52 6.53 6.53 6.51 6.52 6.51 6.43 6.33 6.31 6.32 6.37 6.40 6.32 6.19 6.19 6.41 6.67 6.91 7.25 7.60 7.71 7.65 7.65 7.78 7.94 8.02 7.98 7.88 7.78 7.72 7.70 7.63 7.51 7.39 7.28 7.20 7.18 7.28 7.49 7.73 8.02 8.45 8.97 9.54 10.00 10.27 10.22 9.91 9.44 8.93 8.72 8.97 9.46 9.87 9.98
6.74 6.25 5.51 5.27 5.32 5.57 5.93 6.28 6.64 7.08 7.50 7.67 7.53 7.24 7.01 6.80 6.59 6.47 6.53 6.75 6.96 7.10 7.15 7.24 7.36 7.45 7.52 7.46 7.21 6.81 6.55 6.38 6.29 6.22 6.13 5.96 5.76 5.70 5.78 5.94 6.10 6.24 6.42 6.73 7.08 7.40 7.74 7.95 7.96 7.80 7.65 7.64 7.73 7.84 7.91 7.95 8.04 8.20 8.35 8.33 8.04 7.65 7.40 7.34 7.39 7.43 7.45 7.55 7.81 8.24 8.74 9.20 9.58 9.83 9.92 9.81 9.48 9.01 8.62 8.57 8.82 9.26 9.82 10.24
7.14 6.83 6.50 6.54 6.65 6.70 6.58 6.44 6.49 6.70 6.95 7.07 6.95 6.77 6.69 6.67 6.65 6.66 6.78 7.00 7.18 7.34 7.36 7.34 7.35 7.42 7.56 7.69 7.66 7.40 6.94 6.57 6.34 6.16 5.93 5.69 5.49 5.44 5.58 5.82 6.07 6.39 6.82 7.26 7.58 7.81 7.97 7.97 7.81 7.60 7.48 7.46 7.51 7.58 7.68 7.80 7.99 8.16 8.21 8.02 7.69 7.43 7.28 7.27 7.36 7.47 7.52 7.56 7.74 8.16 8.60 8.82 8.82 8.68 8.52 8.40 8.30 8.18 8.11 8.12 8.17 8.41 8.99 9.56
7.60 7.59 7.73 8.00 8.17 8.04 7.53 7.13 6.97 6.89 6.77 6.63 6.55 6.54 6.60 6.69 6.75 6.82 7.01 7.25 7.42 7.53 7.47 7.35 7.28 7.32 7.46 7.63 7.70 7.61 7.28 6.83 6.43 6.11 5.83 5.65 5.56 5.56 5.66 5.88 6.29 6.87 7.43 7.76 7.87 7.84 7.76 7.60 7.43 7.29 7.20 7.12 7.08 7.18 7.36 7.51 7.64 7.68 7.55 7.26 7.10 7.07 7.10 7.14 7.20 7.28 7.38 7.46 7.55 7.74 7.93 7.85 7.59 7.33 7.14 7.11 7.28 7.51 7.63 7.65 7.63 7.77 8.14 8.56
7.65 7.80 8.07 8.33 8.53 8.61 8.49 8.16 7.74 7.29 6.85 6.55 6.45 6.52 6.68 6.84 6.97 7.13 7.33 7.46 7.50 7.43 7.26 7.11 7.07 7.12 7.25 7.39 7.46 7.44 7.28 6.96 6.59 6.24 5.97 5.83 5.79 5.80 5.91 6.26 6.93 7.61 7.97 8.02 7.88 7.69 7.54 7.40 7.25 7.12 6.99 6.85 6.77 6.95 7.14 7.22 7.16 7.01 6.82 6.67 6.64 6.73 6.86 6.95 6.96 7.00 7.12 7.30 7.45 7.53 7.44 7.15 6.91 6.80 6.76 6.88 7.18 7.47 7.57 7.56 7.63 7.71 7.81 8.01
7.50 7.65 7.84 7.91 7.97 8.08 8.35 8.36 8.01 7.47 7.01 6.74 6.65 6.71 6.88 7.09 7.30 7.46 7.52 7.42 7.21 6.99 6.86 6.82 6.86 6.92 6.97 6.99 7.08 7.16 7.12 6.96 6.75 6.50 6.30 6.22 6.21 6.24 6.46 7.02 7.65 7.95 7.89 7.67 7.49 7.42 7.40 7.36 7.25 7.07 6.91 6.80 6.82 6.96 7.06 7.06 6.85 6.47 6.16 6.07 6.16 6.38 6.59 6.69 6.73 6.83 7.00 7.20 7.39 7.49 7.40 7.20 7.06 6.98 6.97 7.18 7.57 7.87 7.96 7.91 7.89 7.85 7.83 8.03
7.43 7.56 7.77 7.79 7.60 7.32 7.33 7.52 7.57 7.39 7.12 6.94 6.87 6.90 7.02 7.23 7.43 7.49 7.35 7.05 6.74 6.53 6.50 6.65 6.81 6.90 6.92 6.89 6.98 7.09 7.10 7.00 6.85 6.70 6.61 6.65 6.81 7.00 7.26 7.58 7.73 7.59 7.35 7.16 7.13 7.23 7.37 7.37 7.21 7.03 6.89 6.87 6.86 6.93 7.02 7.08 7.00 6.73 6.35 6.10 6.09 6.24 6.42 6.55 6.68 6.84 7.02 7.18 7.24 7.24 7.29 7.35 7.27 7.10 7.05 7.35 7.87 8.25 8.37 8.29 8.12 7.96 7.93 8.15
7.43 7.53 7.63 7.57 7.35 6.88 6.52 6.51 6.75 6.95 6.97 6.93 6.90 6.91 6.97 7.08 7.13 7.01 6.69 6.36 6.12 6.03 6.16 6.52 6.90 7.12 7.22 7.25 7.32 7.33 7.25 7.07 6.88 6.77 6.77 6.91 7.18 7.44 7.52 7.42 7.24 7.08 7.01 7.04 7.12 7.22 7.32 7.32 7.17 6.98 6.87 6.77 6.68 6.75 6.97 7.19 7.37 7.41 7.21 6.95 6.71 6.47 6.43 6.55 6.72 6.89 7.07 7.19 7.19 7.16 7.26 7.42 7.39 7.31 7.44 7.89 8.36 8.54 8.48 8.33 8.10 7.97 7.99 8.08
7.43 7.37 7.04 6.53 6.20 5.97 5.86 5.91 6.13 6.39 6.60 6.71 6.78 6.83 6.87 6.83 6.68 6.44 6.18 6.01 5.96 6.04 6.29 6.71 7.06 7.29 7.46 7.53 7.51 7.43 7.33 7.15 6.95 6.84 6.87 6.99 7.16 7.29 7.26 7.08 6.93 6.87 6.99 7.18 7.29 7.27 7.19 7.13 7.06 6.94 6.75 6.55 6.51 6.70 7.01 7.30 7.60 7.85 7.96 7.87 7.54 6.97 6.60 6.60 6.77 6.95 7.14 7.31 7.46 7.60 7.67 7.64 7.68 7.91 8.32 8.67 8.77 8.59 8.38 8.25 8.08 8.03 8.04 7.90
7.24 7.05 6.57 5.80 5.22 5.21 5.46 5.74 6.00 6.27 6.49 6.60 6.67 6.76 6.81 6.76 6.63 6.59 6.67 6.77 6.79 6.85 6.96 7.04 7.10 7.17 7.30 7.34 7.17 7.03 7.08 7.09 7.00 6.94 6.98 7.06 7.15 7.25 7.30 7.28 7.10 6.95 7.04 7.25 7.33 7.23 7.06 6.92 6.81 6.65 6.45 6.38 6.51 6.79 7.09 7.37 7.67 7.97 8.19 8.25 8.08 7.63 7.11 6.95 7.00 7.09 7.22 7.41 7.64 7.78 7.74 7.67 7.89 8.37 8.80 8.83 8.56 8.18 8.05 8.13 8.14 8.08 7.95 7.75
7.12 6.97 6.81 6.46 6.00 5.78 5.79 5.82 5.92 6.19 6.48 6.61 6.66 6.75 6.85 6.93 7.04 7.24 7.44 7.45 7.28 7.11 7.07 7.03 6.95 6.85 6.84 6.74 6.47 6.34 6.50 6.74 6.92 7.02 7.11 7.20 7.34 7.55 7.72 7.74 7.49 7.14 6.99 7.05 7.10 7.04 6.92 6.78 6.57 6.31 6.22 6.38 6.65 6.89 7.08 7.32 7.60 7.88 8.09 8.20 8.25 8.16 7.85 7.52 7.31 7.20 7.20 7.26 7.32 7.32 7.33 7.61 8.13 8.56 8.60 8.26 7.83 7.54 7.48 7.66 7.80 7.72 7.46 7.33
7.19 7.17 7.23 7.14 6.83 6.58 6.34 6.12 6.01 6.10 6.30 6.48 6.62 6.78 6.97 7.20 7.43 7.56 7.46 7.20 6.95 6.77 6.77 6.89 6.88 6.64 6.33 6.07 5.90 5.87 6.06 6.43 6.81 7.09 7.27 7.43 7.62 7.81 7.92 7.88 7.67 7.29 6.91 6.70 6.67 6.76 6.81 6.68 6.42 6.23 6.27 6.49 6.73 6.90 7.02 7.18 7.41 7.67 7.87 8.00 8.13 8.21 8.09 7.72 7.36 7.16 7.08 7.01 6.96 7.01 7.30 7.86 8.34 8.34 7.96 7.49 7.22 7.09 7.03 7.07 7.20 7.20 6.89 6.61
7.28 7.30 7.39 7.36 7.08 6.87 6.90 6.93 6.85 6.59 6.35 6.34 6.53 6.81 7.09 7.36 7.54 7.52 7.37 7.30 7.36 7.37 7.31 7.26 7.08 6.69 6.25 5.99 5.92 5.98 6.16 6.45 6.79 7.10 7.38 7.60 7.73 7.75 7.69 7.64 7.56 7.34 6.95 6.55 6.41 6.56 6.71 6.62 6.44 6.40 6.48 6.62 6.75 6.83 6.90 7.00 7.15 7.32 7.53 7.72 7.87 7.97 7.92 7.62 7.21 6.97 6.90 6.90 6.96 7.18 7.59 7.97 7.92 7.50 7.11 6.95 6.94 6.94 6.91 6.89 6.94 6.94 6.68 6.32
7.20 7.18 7.28 7.53 7.60 7.56 7.62 7.56 7.23 6.71 6.25 6.20 6.49 6.83 7.10 7.29 7.42 7.54 7.82 8.25 8.60 8.65 8.41 8.05 7.58 7.10 6.74 6.60 6.60 6.63 6.65 6.70 6.84 7.04 7.22 7.33 7.33 7.33 7.33 7.37 7.44 7.40 7.17 6.83 6.64 6.63 6.64 6.61 6.56 6.57 6.65 6.76 6.82 6.81 6.80 6.83 6.89 6.99 7.18 7.44 7.65 7.76 7.74 7.46 6.96 6.64 6.67 6.86 7.06 7.28 7.48 7.42 7.03 6.70 6.59 6.66 6.78 6.90 6.94 6.91 6.89 6.81 6.57 6.32
