project/data/elevation/US_DEM2016/US_DEM2016_point_10-31-2019_1702_30m_vel.asc
ncols	125
nrows	167
xllcorner	-2042055.000000
yllcorner	1465035.000000
cellsize	30.000000
NODATA_value	-9999.000000
[rows 76 to 113 of 167, columns 0 to 83 of 125]
6.98 6.85 6.79 6.93 7.12 7.40 7.94 8.61 8.95 8.83 8.46 8.23 8.47 9.11 9.68 10.23 10.66 10.57 10.11 9.53 9.08 8.67 8.29 7.91 7.63 7.47 7.32 7.38 7.59 7.72 7.68 7.44 6.91 6.49 6.46 6.59 6.63 6.44 6.10 5.80 5.70 5.91 6.31 6.43 6.36 6.16 6.01 5.80 5.63 5.61 5.62 5.57 5.50 5.63 5.99 6.34 6.58 6.64 6.72 6.89 7.01 6.72 5.88 4.99 4.49 4.41 4.70 5.06 5.54 6.05 6.43 6.85 7.67 8.71 9.72 10.75 11.72 12.20 11.82 10.69 8.98 6.88 5.85 5.58
7.03 6.90 6.90 7.08 7.37 7.91 8.36 8.44 8.00 7.24 6.74 6.90 7.60 8.59 9.45 10.06 10.04 10.03 9.36 8.68 8.20 7.92 7.74 7.61 7.49 7.37 7.19 7.17 7.32 7.60 7.84 7.89 7.69 7.56 7.46 7.30 6.95 6.43 5.99 5.85 6.00 6.24 6.33 6.16 5.97 5.83 5.76 5.61 5.42 5.32 5.26 5.24 5.26 5.54 6.00 6.43 6.72 6.85 6.94 6.95 6.64 5.89 5.17 4.99 5.20 5.59 5.89 6.23 6.86 7.82 8.53 9.37 10.49 11.48 12.20 12.74 12.91 12.47 11.39 10.21 8.97 7.35 6.16 5.55
6.95 6.66 6.59 6.83 7.08 7.43 7.48 7.12 6.64 6.39 6.52 7.06 7.91 8.89 9.62 10.01 9.91 9.38 8.70 8.12 7.70 7.42 7.26 7.18 7.09 6.96 6.81 6.86 7.01 7.28 7.69 8.02 8.13 8.06 7.88 7.54 7.03 6.46 6.17 6.10 6.07 5.90 5.67 5.43 5.23 5.00 4.68 4.39 4.31 4.34 4.46 4.76 5.27 5.84 6.31 6.65 6.96 7.08 6.99 6.66 6.06 5.40 5.23 5.65 6.39 6.93 7.42 8.16 9.16 9.80 10.38 11.16 12.00 12.58 12.66 12.51 12.00 10.97 10.14 9.76 9.52 8.88 7.94 7.04
6.80 6.35 6.18 6.42 6.55 6.65 6.66 6.65 6.82 7.17 7.62 8.22 9.02 9.75 10.12 10.04 9.56 8.87 8.25 7.75 7.33 7.01 6.80 6.69 6.57 6.38 6.22 6.26 6.27 6.42 6.68 7.23 7.58 7.63 7.48 7.20 6.80 6.34 6.01 5.68 5.32 4.98 4.80 4.84 4.74 4.53 4.24 4.12 4.34 4.74 5.22 5.82 6.43 6.80 6.90 6.86 6.74 6.46 5.97 5.38 4.95 4.95 5.38 6.27 7.28 8.20 9.22 10.11 10.49 10.67 10.82 11.13 11.53 11.50 11.13 10.57 9.80 9.02 8.66 8.83 9.21 9.37 9.09 8.48
6.61 6.25 6.17 6.49 6.65 6.73 6.90 7.22 7.72 8.18 8.70 9.35 10.08 10.37 10.20 9.61 8.83 8.13 7.60 7.18 6.82 6.58 6.39 6.23 6.08 5.91 5.66 5.37 5.05 5.05 5.12 5.58 6.20 6.67 6.80 6.72 6.53 6.34 6.06 5.70 5.41 5.28 5.30 5.43 5.38 5.27 5.18 5.31 5.66 6.19 6.75 7.15 7.33 7.31 7.04 6.79 6.36 5.83 5.36 5.01 4.94 5.28 6.01 7.11 8.26 9.44 10.32 10.48 10.21 9.95 9.88 9.87 9.70 9.20 8.81 8.57 8.32 8.02 7.75 7.60 7.95 8.65 9.03 8.92
6.50 6.35 6.48 6.91 7.18 7.32 7.49 7.84 8.33 8.84 9.42 10.00 10.33 10.16 9.49 8.62 7.83 7.12 6.63 6.27 6.06 6.02 6.02 5.90 5.81 5.63 5.25 4.56 4.03 3.83 3.75 3.96 4.56 5.38 5.94 6.33 6.48 6.69 6.73 6.71 6.75 6.84 6.96 6.90 6.75 6.66 6.64 6.84 7.15 7.27 7.25 7.14 7.02 6.90 6.85 6.80 6.70 6.72 6.72 6.65 6.66 6.91 7.48 8.39 9.31 10.00 9.98 9.25 8.72 8.71 8.82 8.75 8.46 7.91 7.68 7.64 7.70 7.73 7.54 7.16 7.14 7.50 8.14 8.51
6.67 6.66 6.74 6.93 7.18 7.46 7.79 8.21 8.73 9.26 9.74 9.99 9.83 9.19 8.35 7.64 7.02 6.41 5.89 5.58 5.50 5.47 5.39 5.47 5.56 5.49 5.21 4.62 3.81 3.46 3.40 3.67 4.08 4.51 5.18 5.92 6.40 6.82 7.10 7.42 7.74 7.96 7.99 7.80 7.60 7.56 7.59 7.67 7.71 7.42 7.05 6.93 7.04 7.14 7.09 7.08 7.19 7.50 7.71 7.86 8.04 8.32 8.76 9.28 9.77 9.69 8.89 8.12 7.94 8.18 8.32 8.16 7.78 7.37 7.28 7.29 7.37 7.50 7.47 7.28 7.01 6.88 7.03 7.59
6.94 6.99 6.90 6.78 6.95 7.37 7.87 8.42 8.96 9.38 9.59 9.49 8.99 8.24 7.54 7.01 6.52 6.04 5.60 5.29 5.10 4.91 4.75 4.86 5.18 5.42 5.50 5.41 4.94 4.61 4.62 4.86 4.89 4.89 5.12 5.71 6.19 6.60 7.05 7.55 7.88 7.93 7.81 7.59 7.51 7.61 7.74 7.77 7.74 7.59 7.60 7.75 7.79 7.65 7.34 7.25 7.27 7.39 7.66 8.02 8.44 8.80 9.15 9.36 9.37 8.89 8.19 8.01 8.13 8.17 8.03 7.62 7.01 6.54 6.35 6.48 6.64 6.78 6.92 6.97 6.78 6.47 6.20 6.56
6.99 7.03 7.00 6.95 7.13 7.53 8.03 8.58 9.00 9.18 9.12 8.78 8.19 7.53 6.98 6.50 6.06 5.67 5.32 4.99 4.67 4.39 4.32 4.55 5.07 5.63 6.13 6.61 6.98 7.10 6.99 6.69 6.33 6.02 5.86 6.02 6.44 6.97 7.48 7.73 7.56 7.24 7.11 7.21 7.31 7.53 7.81 8.07 8.35 8.58 8.55 8.37 8.03 7.70 7.39 7.32 7.38 7.56 7.92 8.25 8.59 8.83 8.95 8.90 8.64 8.21 7.92 8.07 8.14 7.97 7.60 7.02 6.22 5.51 5.07 5.06 5.23 5.42 5.69 5.95 6.07 5.96 5.64 5.71
6.91 6.95 7.06 7.26 7.57 7.93 8.29 8.61 8.82 8.80 8.57 8.13 7.56 6.99 6.48 6.00 5.52 5.06 4.69 4.43 4.30 4.34 4.63 5.13 5.77 6.35 6.94 7.55 8.17 8.52 8.49 8.08 7.51 7.04 6.81 6.82 7.29 7.86 7.89 7.50 6.94 6.73 6.95 7.25 7.41 7.70 8.21 8.67 9.04 9.25 9.09 8.61 8.13 7.81 7.50 7.47 7.64 7.90 8.11 8.18 8.25 8.28 8.28 8.26 8.03 7.77 7.57 7.63 7.56 7.40 7.18 6.79 6.17 5.43 4.70 4.42 4.24 4.08 4.12 4.40 4.82 5.10 5.15 5.17
6.95 7.02 7.22 7.54 7.92 8.16 8.24 8.28 8.39 8.36 8.12 7.67 7.11 6.55 6.01 5.44 4.82 4.28 4.02 4.06 4.31 4.80 5.41 6.02 6.62 7.10 7.48 7.79 8.11 8.37 8.48 8.45 8.16 7.73 7.45 7.43 7.69 7.78 7.31 6.72 6.45 6.56 6.74 6.92 7.11 7.59 8.20 8.54 8.73 8.88 8.91 8.74 8.47 8.14 7.72 7.57 7.60 7.57 7.48 7.46 7.38 7.36 7.50 7.69 7.66 7.45 7.19 7.04 6.92 6.89 6.92 6.98 6.96 6.70 5.91 5.07 4.41 3.88 3.55 3.53 3.71 4.00 4.23 4.39
7.04 7.12 7.29 7.53 7.71 7.71 7.67 7.78 8.01 8.11 7.84 7.34 6.74 6.11 5.40 4.72 4.26 4.13 4.32 4.59 4.90 5.31 5.83 6.41 6.97 7.37 7.51 7.49 7.44 7.44 7.71 8.11 8.36 8.31 8.08 7.74 7.33 6.81 6.33 6.20 6.20 6.16 6.05 6.10 6.55 7.16 7.58 7.53 7.38 7.45 7.57 7.75 7.88 7.91 7.78 7.54 7.28 7.02 6.89 6.89 6.91 7.05 7.31 7.48 7.49 7.30 7.08 6.88 6.71 6.78 7.01 7.33 7.66 7.92 7.88 7.16 6.32 5.53 4.96 4.56 4.17 3.92 3.95 4.20
7.04 7.09 7.16 7.20 7.15 7.13 7.35 7.81 8.13 8.07 7.60 6.94 6.26 5.53 4.83 4.52 4.68 5.21 5.54 5.68 5.73 5.87 6.21 6.64 6.99 7.14 7.08 6.98 6.98 7.02 7.25 7.64 8.09 8.36 8.36 7.94 7.10 6.37 6.00 6.03 5.97 5.84 5.81 6.01 6.40 6.74 6.75 6.23 5.65 5.37 5.44 5.62 5.94 6.41 6.76 6.97 6.97 6.92 6.96 7.08 7.23 7.36 7.38 7.34 7.30 7.19 7.01 6.86 6.77 6.93 7.26 7.51 7.80 8.24 8.71 8.84 8.58 8.13 7.64 7.05 6.30 5.74 5.74 5.68
7.03 7.05 7.08 7.10 7.10 7.34 7.81 8.22 8.25 7.81 7.03 6.18 5.44 4.79 4.52 4.74 5.34 5.88 6.18 6.33 6.40 6.50 6.69 6.80 6.69 6.47 6.33 6.45 6.77 7.07 7.22 7.31 7.43 7.71 7.93 7.87 7.21 6.59 6.20 6.13 6.13 6.22 6.31 6.39 6.47 6.46 6.19 5.44 4.61 4.28 4.25 4.33 4.58 5.17 5.90 6.51 6.87 7.09 7.25 7.41 7.52 7.37 7.10 6.97 7.01 6.98 6.80 6.72 6.80 7.00 7.21 7.34 7.43 7.67 8.13 8.69 9.02 9.14 9.11 8.91 8.55 8.22 7.97 7.63
7.07 7.09 7.17 7.31 7.52 7.89 8.24 8.26 7.83 6.99 6.00 5.00 4.22 3.84 3.88 4.23 4.66 5.11 5.65 6.13 6.53 6.78 6.79 6.47 5.97 5.66 5.73 6.04 6.31 6.47 6.58 6.58 6.62 6.87 7.30 7.58 7.30 6.88 6.56 6.56 6.65 6.76 6.79 6.81 6.78 6.69 6.46 5.99 5.42 5.05 5.02 5.30 5.85 6.46 6.90 7.07 7.16 7.25 7.29 7.28 7.16 6.85 6.61 6.62 6.74 6.69 6.45 6.47 6.63 6.74 6.80 6.87 6.74 6.52 6.61 7.02 7.65 8.17 8.59 8.89 9.03 9.04 8.95 8.68
7.13 7.15 7.26 7.48 7.81 8.13 8.15 7.72 6.87 5.77 4.76 3.95 3.47 3.25 3.21 3.31 3.59 4.03 4.58 5.24 5.83 6.21 6.18 5.86 5.58 5.52 5.63 5.73 5.60 5.43 5.44 5.53 5.74 6.11 6.62 7.10 7.17 6.89 6.71 6.85 6.95 7.03 7.14 7.41 7.50 7.49 7.41 7.30 7.26 7.20 7.09 7.42 7.89 8.12 8.01 7.58 7.27 7.13 6.96 6.71 6.46 6.23 6.14 6.29 6.44 6.33 6.11 6.20 6.30 6.28 6.25 6.25 5.99 5.57 5.35 5.51 5.94 6.37 6.82 7.33 7.81 8.11 8.15 8.21
7.17 7.20 7.32 7.59 7.93 8.01 7.61 6.77 5.71 4.73 4.02 3.63 3.48 3.47 3.46 3.46 3.59 3.84 4.16 4.59 5.03 5.31 5.42 5.58 5.80 5.97 6.05 5.96 5.77 5.65 5.62 5.67 5.86 6.04 6.16 6.49 6.77 6.75 6.78 7.01 7.16 7.34 7.64 8.09 8.24 8.24 8.19 8.19 8.35 8.61 8.76 8.75 8.52 8.03 7.51 7.20 7.04 6.84 6.50 6.09 5.74 5.58 5.64 5.88 6.17 6.22 6.15 6.13 6.07 5.98 5.92 5.87 5.63 5.18 4.81 4.69 4.88 5.04 5.15 5.42 5.83 6.23 6.32 6.34
7.20 7.25 7.38 7.62 7.73 7.40 6.61 5.61 4.73 4.13 3.82 3.74 3.84 4.09 4.35 4.55 4.65 4.71 4.90 5.23 5.54 5.71 5.83 6.01 6.18 6.43 6.82 7.15 7.31 7.33 7.26 7.23 7.19 6.99 6.42 6.24 6.52 6.80 7.12 7.42 7.63 7.91 8.28 8.61 8.57 8.43 8.34 8.37 8.56 8.86 8.99 8.85 8.35 7.61 7.10 7.06 7.02 6.74 6.26 5.75 5.39 5.29 5.52 5.95 6.39 6.60 6.58 6.38 6.07 5.93 5.84 5.78 5.56 5.05 4.42 3.93 3.82 3.73 3.61 3.76 4.13 4.53 4.59 4.54
7.22 7.24 7.30 7.28 6.92 6.14 5.18 4.41 3.93 3.72 3.78 4.03 4.36 4.76 5.28 5.84 6.26 6.52 6.81 7.13 7.35 7.37 7.18 6.85 6.60 6.78 7.43 7.93 8.13 8.08 7.94 7.76 7.51 7.14 6.54 6.36 6.62 7.11 7.63 7.97 8.19 8.39 8.55 8.57 8.32 8.13 8.12 8.27 8.51 8.69 8.60 8.48 8.40 8.31 8.03 7.64 7.24 6.84 6.47 6.18 6.00 5.98 6.19 6.55 6.86 6.91 6.73 6.47 6.20 6.15 6.14 5.98 5.57 4.80 3.89 3.19 2.93 2.71 2.58 2.74 2.97 3.15 3.34 3.55
7.21 7.20 7.06 6.65 5.88 4.97 4.22 3.76 3.61 3.74 4.14 4.68 5.23 5.82 6.46 7.17 7.74 8.26 8.67 8.80 8.63 8.24 7.67 7.15 6.90 7.10 7.52 7.52 7.15 6.87 6.62 6.41 6.29 6.20 6.22 6.49 6.92 7.45 7.97 8.24 8.33 8.31 8.14 7.88 7.72 7.66 7.77 7.97 8.20 8.36 8.27 8.18 8.21 8.32 8.23 7.79 7.30 6.91 6.67 6.57 6.59 6.74 6.89 7.09 7.16 6.99 6.62 6.43 6.48 6.77 6.82 6.45 5.78 4.82 3.78 3.17 2.91 2.65 2.53 2.65 2.77 2.78 2.87 3.23
7.23 7.16 6.83 6.27 5.65 5.10 4.66 4.38 4.34 4.59 5.03 5.60 6.28 6.99 7.69 8.30 8.82 9.17 9.20 8.87 8.23 7.52 7.01 6.91 7.12 7.48 7.56 7.05 6.34 5.95 5.81 5.82 5.99 6.08 6.28 6.72 7.21 7.63 7.96 8.09 8.03 7.81 7.45 7.13 7.04 7.11 7.22 7.34 7.39 7.28 7.23 7.26 7.30 7.29 7.20 7.11 6.93 6.69 6.50 6.40 6.50 6.84 7.17 7.41 7.39 7.15 6.85 6.75 6.90 7.19 7.18 6.72 6.13 5.52 4.70 4.13 3.72 3.31 3.24 3.37 3.40 3.33 3.40 3.88
7.17 7.02 6.64 6.31 6.09 5.86 5.68 5.64 5.80 5.99 6.22 6.65 7.30 8.04 8.71 9.10 9.22 8.99 8.39 7.51 6.67 6.14 6.15 6.57 7.15 7.77 7.94 7.72 7.41 7.29 7.27 7.27 7.18 6.95 6.84 7.05 7.31 7.55 7.69 7.69 7.44 7.05 6.71 6.55 6.51 6.61 6.76 6.74 6.34 5.75 5.46 5.56 5.79 5.90 5.99 6.21 6.40 6.42 6.39 6.39 6.55 6.93 7.23 7.35 7.23 7.01 6.88 6.89 6.92 6.97 6.89 6.55 6.45 6.45 6.15 5.53 4.95 4.40 4.59 4.84 4.79 4.67 4.88 5.64
7.00 6.80 6.52 6.46 6.47 6.52 6.62 6.86 7.20 7.44 7.62 7.89 8.40 8.97 9.26 9.20 8.75 7.97 7.05 6.23 5.70 5.58 5.89 6.46 7.14 8.00 8.40 8.62 8.72 8.72 8.63 8.40 8.04 7.63 7.30 7.24 7.30 7.36 7.34 7.11 6.65 6.24 6.14 6.24 6.37 6.60 6.81 6.68 5.97 5.17 4.74 4.63 4.57 4.77 5.24 5.81 6.29 6.51 6.54 6.59 6.79 7.06 7.12 7.02 6.80 6.63 6.54 6.49 6.44 6.46 6.39 6.36 6.79 7.32 7.55 7.33 6.81 6.38 6.74 6.97 6.88 6.80 7.07 7.49
6.90 6.74 6.58 6.66 6.96 7.35 7.77 8.14 8.42 8.61 8.73 8.90 9.14 9.24 9.01 8.42 7.61 6.74 6.03 5.64 5.75 6.13 6.60 7.03 7.62 8.24 8.40 8.33 8.34 8.32 8.19 8.02 7.86 7.69 7.38 7.20 7.14 7.01 6.73 6.35 6.07 6.14 6.34 6.54 6.74 7.04 7.20 7.09 6.66 6.24 5.88 5.50 5.07 5.24 5.75 6.24 6.60 6.84 6.97 7.03 7.09 7.18 7.11 6.96 6.80 6.63 6.42 6.31 6.33 6.46 6.49 6.63 7.17 7.75 8.23 8.51 8.63 8.67 8.86 8.97 8.86 8.69 8.57 8.26
6.91 6.82 6.71 6.87 7.32 7.88 8.34 8.63 8.77 8.84 8.93 9.02 9.02 8.70 8.05 7.22 6.40 5.71 5.28 5.33 5.97 6.68 7.18 7.56 7.98 8.18 7.83 7.27 6.95 6.84 6.83 7.01 7.25 7.38 7.23 7.03 6.80 6.46 6.10 5.97 6.28 6.79 7.02 7.09 7.18 7.38 7.46 7.38 7.23 7.29 7.32 7.15 6.87 6.71 6.70 6.67 6.76 7.02 7.34 7.50 7.51 7.55 7.45 7.33 7.16 6.98 6.83 6.87 7.06 7.10 7.02 7.04 7.26 7.53 7.94 8.57 9.18 9.57 9.69 9.58 9.26 8.91 8.45 7.73
6.87 6.81 6.73 6.89 7.21 7.58 7.79 7.89 7.92 7.99 8.15 8.27 8.14 7.68 6.97 6.17 5.42 5.00 5.00 5.42 6.12 6.70 7.13 7.43 7.61 7.46 6.84 6.19 5.71 5.47 5.58 5.91 6.30 6.58 6.76 6.76 6.55 6.34 6.33 6.67 7.16 7.39 7.38 7.33 7.35 7.44 7.42 7.20 7.08 7.18 7.38 7.58 7.65 7.45 6.92 6.56 6.68 7.04 7.41 7.68 7.86 8.01 7.95 7.80 7.59 7.41 7.35 7.42 7.50 7.32 7.16 7.13 7.12 7.19 7.46 7.97 8.53 8.90 8.98 8.90 8.65 8.24 7.63 6.88
6.82 6.81 6.81 6.89 6.94 6.93 6.85 6.74 6.74 6.92 7.18 7.25 6.97 6.42 5.72 5.10 4.94 5.23 5.89 6.51 6.84 7.04 7.19 7.27 7.16 6.67 5.84 5.13 4.65 4.44 4.52 4.72 4.95 5.31 5.74 6.12 6.44 6.75 7.10 7.39 7.47 7.38 7.23 7.19 7.25 7.28 7.15 6.80 6.48 6.29 6.34 6.66 7.00 7.00 6.63 6.45 6.64 7.01 7.37 7.74 8.10 8.34 8.31 8.14 7.88 7.63 7.44 7.27 7.07 6.78 6.76 6.85 6.93 7.02 7.19 7.33 7.45 7.47 7.57 7.87 8.09 8.04 7.74 7.44
7.00 7.12 7.24 7.14 6.92 6.63 6.37 6.17 6.21 6.46 6.59 6.33 5.71 4.96 4.35 4.34 5.08 6.21 7.08 7.53 7.71 7.73 7.65 7.54 7.33 6.89 6.04 5.10 4.52 4.34 4.32 4.35 4.49 4.74 5.14 5.74 6.41 6.90 7.06 6.98 6.81 6.74 6.75 6.84 6.98 7.01 6.83 6.36 5.80 5.43 5.31 5.40 5.62 5.94 6.12 6.32 6.56 6.90 7.26 7.67 8.08 8.36 8.33 8.15 7.89 7.62 7.32 7.01 6.73 6.48 6.45 6.56 6.71 6.76 6.76 6.88 6.78 6.56 6.45 6.74 7.24 7.70 8.08 8.37
7.32 7.48 7.57 7.37 7.06 6.71 6.41 6.24 6.23 6.14 5.73 5.00 4.17 3.51 3.31 3.73 4.81 6.10 7.00 7.59 7.90 8.00 7.94 7.88 7.86 7.64 7.15 6.46 5.99 5.92 5.95 5.88 5.91 5.96 6.10 6.40 6.73 6.82 6.66 6.41 6.19 6.17 6.41 6.66 6.86 6.89 6.65 6.15 5.63 5.30 5.07 4.73 4.47 4.59 5.09 5.77 6.36 6.81 7.17 7.55 7.93 8.08 8.01 7.80 7.66 7.56 7.42 7.19 6.95 6.67 6.48 6.47 6.53 6.55 6.66 6.77 6.59 6.29 5.96 5.82 5.96 6.37 6.93 7.50
7.33 7.33 7.27 7.13 6.93 6.66 6.41 6.20 5.88 5.24 4.27 3.48 3.09 3.06 3.33 3.90 4.63 5.35 6.05 6.74 7.16 7.40 7.65 7.99 8.18 8.12 8.08 8.15 8.21 8.24 8.22 8.16 8.04 7.76 7.52 7.33 7.12 6.90 6.67 6.43 6.24 6.24 6.57 6.85 6.99 6.95 6.72 6.39 6.10 5.80 5.36 4.66 4.07 4.14 4.77 5.66 6.45 6.94 7.29 7.61 7.78 7.69 7.51 7.45 7.50 7.60 7.62 7.47 7.25 6.92 6.71 6.65 6.61 6.56 6.53 6.45 6.36 6.24 5.99 5.60 5.20 4.95 5.02 5.35
7.08 6.86 6.70 6.70 6.58 6.35 6.05 5.63 5.06 4.35 3.77 3.50 3.65 4.17 5.11 5.97 6.09 5.98 5.96 6.06 6.29 6.66 7.33 7.98 8.17 8.14 8.35 8.75 9.09 9.26 9.21 9.06 8.82 8.42 8.00 7.61 7.26 7.01 6.77 6.52 6.47 6.68 7.00 7.12 7.08 6.95 6.80 6.67 6.49 6.09 5.43 4.77 4.68 5.21 5.92 6.44 6.80 7.07 7.38 7.55 7.43 7.20 7.17 7.37 7.55 7.64 7.69 7.66 7.56 7.39 7.17 7.04 6.84 6.50 6.11 5.90 6.00 6.14 6.07 5.77 5.29 4.91 4.79 4.91
6.91 6.69 6.49 6.47 6.38 6.19 5.89 5.47 5.01 4.75 4.88 5.30 5.89 6.80 7.87 8.59 8.79 8.29 7.52 7.11 7.06 7.34 7.93 8.21 8.08 7.89 7.90 8.07 8.28 8.51 8.57 8.50 8.39 8.20 7.96 7.68 7.39 7.12 6.78 6.54 6.72 7.15 7.40 7.24 6.99 6.84 6.77 6.75 6.68 6.38 5.95 5.79 6.17 6.80 7.06 6.95 6.83 7.00 7.24 7.23 7.03 6.95 7.10 7.28 7.39 7.41 7.42 7.49 7.62 7.72 7.57 7.31 6.95 6.47 6.01 5.80 5.89 6.09 6.14 6.10 6.12 6.23 6.30 6.18
6.94 6.79 6.59 6.53 6.53 6.55 6.57 6.49 6.39 6.52 7.06 7.84 8.71 9.49 10.01 10.21 10.25 10.01 9.65 9.32 9.10 9.01 8.93 8.57 8.09 7.71 7.48 7.31 7.12 7.01 7.05 7.15 7.24 7.35 7.48 7.55 7.49 7.24 6.91 6.79 7.00 7.16 7.08 6.84 6.70 6.76 6.88 6.99 7.14 7.28 7.33 7.41 7.61 7.73 7.42 6.95 6.88 7.09 7.18 7.08 6.97 6.98 6.97 6.93 6.92 6.85 6.81 6.96 7.22 7.45 7.49 7.31 6.98 6.60 6.26 6.09 6.10 6.19 6.26 6.40 6.66 6.96 7.11 7.09
7.04 6.99 6.87 6.81 6.88 7.07 7.34 7.61 7.97 8.48 9.14 9.85 10.34 10.49 10.35 10.03 9.73 9.79 9.90 9.86 9.73 9.52 9.16 8.56 7.95 7.57 7.38 7.22 6.90 6.47 6.18 6.11 6.17 6.38 6.70 7.01 7.18 7.14 6.99 6.84 6.66 6.37 6.08 6.11 6.53 6.95 7.23 7.40 7.65 8.06 8.39 8.52 8.52 8.36 8.00 7.65 7.60 7.59 7.43 7.23 7.07 6.88 6.69 6.60 6.57 6.45 6.34 6.45 6.70 6.95 7.13 7.12 6.93 6.69 6.48 6.35 6.28 6.24 6.28 6.41 6.57 6.70 6.83 6.91
7.18 7.20 7.15 7.13 7.21 7.39 7.66 8.12 8.82 9.54 10.06 10.24 10.08 9.64 9.07 8.52 8.20 8.29 8.42 8.57 8.69 8.72 8.55 8.16 7.71 7.41 7.29 7.25 7.11 6.91 6.69 6.52 6.54 6.64 6.71 6.73 6.78 6.86 6.80 6.53 6.15 5.86 5.91 6.36 7.00 7.44 7.65 7.73 7.87 8.22 8.59 8.81 8.89 8.92 8.91 8.77 8.56 8.22 7.78 7.39 7.05 6.73 6.57 6.53 6.43 6.23 6.14 6.25 6.49 6.72 6.85 6.85 6.77 6.68 6.58 6.47 6.36 6.30 6.33 6.40 6.51 6.64 6.71 6.71
7.23 7.20 7.20 7.31 7.49 7.71 8.08 8.62 9.26 9.65 9.65 9.31 8.76 8.15 7.61 7.23 7.02 7.00 7.04 7.23 7.56 7.77 7.88 7.76 7.53 7.33 7.17 7.01 6.88 6.98 7.18 7.36 7.46 7.42 7.24 6.97 6.77 6.73 6.65 6.51 6.42 6.51 6.79 7.27 7.73 7.96 7.98 7.89 7.84 7.95 8.19 8.45 8.71 8.96 9.18 9.20 8.93 8.52 7.97 7.43 7.03 6.77 6.62 6.44 6.17 6.02 6.12 6.35 6.58 6.67 6.62 6.59 6.60 6.60 6.52 6.40 6.32 6.31 6.35 6.43 6.58 6.73 6.76 6.75
7.12 7.04 7.10 7.36 7.65 8.02 8.54 9.00 9.21 9.01 8.52 8.01 7.54 7.12 6.72 6.37 6.14 6.14 6.33 6.64 6.98 7.36 7.53 7.40 7.30 7.38 7.28 7.03 6.80 6.75 6.82 6.95 7.05 7.11 7.11 7.03 6.89 6.78 6.76 6.88 7.05 7.21 7.44 7.88 8.22 8.26 8.06 7.77 7.57 7.54 7.60 7.77 7.95 8.14 8.36 8.48 8.41 8.14 7.76 7.37 7.07 6.81 6.50 6.17 5.96 6.02 6.28 6.54 6.66 6.53 6.34 6.31 6.37 6.38 6.31 6.19 6.08 6.05 6.14 6.31 6.48 6.54 6.49 6.51
7.03 6.97 7.05 7.29 7.57 8.00 8.46 8.60 8.34 7.80 7.23 6.70 6.31 5.99 5.65 5.42 5.52 5.85 6.19 6.53 7.00 7.47 7.43 7.09 7.22 7.57 7.61 7.48 7.29 7.00 6.65 6.26 6.06 6.16 6.42 6.61 6.71 6.76 6.86 7.07 7.25 7.40 7.66 8.06 8.24 8.10 7.75 7.40 7.22 7.20 7.19 7.15 7.07 6.95 6.87 6.99 7.11 7.15 7.20 7.19 7.05 6.75 6.38 6.11 6.08 6.25 6.49 6.66 6.60 6.32 6.10 6.03 6.04 6.10 6.12 6.05 5.91 5.80 5.88 6.12 6.22 6.08 5.90 5.86
