project/data/elevation/US_DEM2016/US_DEM2016_point_10-27-2019_2236_30m_vel.asc
ncols	125
nrows	167
xllcorner	-2042055.000000
yllcorner	1465035.000000
cellsize	30.000000
NODATA_value	-9999.000000
[rows 114 to 151 of 167, columns 0 to 83 of 125]
3.57 3.51 3.45 3.41 3.37 3.39 3.35 3.21 3.03 2.86 2.71 2.60 2.61 2.74 2.94 3.12 3.26 3.41 3.60 3.82 4.06 4.09 3.78 3.58 3.88 4.41 4.98 5.37 5.44 5.30 5.15 4.80 4.14 3.56 3.35 3.37 3.48 3.62 3.71 3.76 3.87 4.02 4.16 4.24 4.11 3.95 3.96 3.93 3.94 4.22 4.66 4.96 5.07 4.83 4.26 3.76 3.53 3.46 3.43 3.42 3.37 3.28 3.25 3.34 3.49 3.69 4.00 4.21 4.21 4.06 3.88 3.74 3.62 3.51 3.44 3.48 3.61 3.84 4.34 4.96 4.88 4.09 3.43 3.02
3.65 3.61 3.54 3.45 3.30 3.13 2.95 2.84 2.77 2.69 2.60 2.57 2.54 2.68 2.95 3.28 3.53 3.74 3.95 4.14 4.29 4.31 3.79 3.17 3.19 3.67 4.35 4.96 5.19 5.19 5.28 5.38 5.11 4.38 3.63 3.35 3.46 3.69 3.84 3.89 3.95 4.04 4.16 4.32 4.27 3.92 3.60 3.53 3.62 3.93 4.54 5.06 5.35 5.30 4.81 4.03 3.43 3.15 3.05 3.11 3.20 3.26 3.33 3.48 3.66 3.81 4.02 4.24 4.25 4.04 3.87 3.76 3.67 3.56 3.46 3.48 3.65 3.91 4.40 5.05 5.05 4.30 3.60 3.10
3.68 3.67 3.61 3.48 3.26 2.97 2.73 2.72 2.90 3.09 3.23 3.24 3.27 3.41 3.64 3.91 4.12 4.21 4.18 4.16 4.34 4.59 4.20 3.17 2.64 2.83 3.57 4.42 4.82 4.77 4.76 5.10 5.40 5.23 4.59 4.09 3.92 3.94 3.95 3.90 3.87 3.87 4.01 4.31 4.50 4.24 3.64 3.27 3.32 3.64 4.21 4.89 5.41 5.65 5.51 5.01 4.35 3.74 3.30 3.15 3.16 3.17 3.20 3.33 3.59 3.83 4.07 4.33 4.33 4.03 3.75 3.63 3.59 3.55 3.50 3.53 3.69 3.96 4.48 5.20 5.37 4.76 4.13 3.74
3.63 3.61 3.56 3.45 3.26 3.00 2.82 2.86 3.09 3.40 3.70 3.95 4.13 4.26 4.32 4.31 4.27 4.19 4.05 3.95 4.17 4.69 4.76 3.97 2.92 2.59 2.99 3.89 4.51 4.44 4.06 4.17 4.78 5.22 5.12 4.71 4.27 3.96 3.77 3.63 3.58 3.61 3.78 4.17 4.59 4.66 4.07 3.27 3.06 3.30 3.76 4.37 5.02 5.51 5.68 5.51 5.16 4.73 4.18 3.68 3.43 3.26 3.13 3.11 3.31 3.64 3.99 4.33 4.42 4.11 3.72 3.53 3.47 3.48 3.52 3.61 3.76 4.01 4.50 5.22 5.57 5.29 4.78 4.49
3.57 3.53 3.46 3.39 3.30 3.17 3.07 3.07 3.15 3.31 3.59 3.93 4.20 4.30 4.27 4.12 3.89 3.72 3.67 3.66 3.83 4.36 4.83 4.64 3.81 3.05 2.96 3.51 4.33 4.46 3.87 3.43 3.67 4.38 4.74 4.60 4.17 3.79 3.57 3.45 3.42 3.48 3.64 3.96 4.43 4.82 4.57 3.57 2.92 2.90 3.27 3.79 4.37 4.97 5.35 5.35 5.17 4.98 4.71 4.27 3.81 3.46 3.18 3.00 3.03 3.33 3.70 4.14 4.40 4.24 3.91 3.67 3.53 3.49 3.53 3.64 3.81 4.04 4.47 5.09 5.49 5.43 5.07 4.75
3.54 3.47 3.38 3.34 3.32 3.29 3.25 3.23 3.25 3.32 3.48 3.67 3.78 3.78 3.73 3.67 3.58 3.47 3.41 3.40 3.48 3.83 4.36 4.57 4.16 3.46 3.13 3.41 4.24 4.70 4.38 3.57 3.14 3.39 3.95 4.15 3.96 3.70 3.57 3.50 3.47 3.48 3.55 3.76 4.17 4.73 4.87 4.15 3.12 2.74 2.90 3.35 3.84 4.43 4.95 5.09 4.89 4.67 4.54 4.36 4.02 3.64 3.31 3.06 2.99 3.18 3.53 4.00 4.34 4.34 4.15 3.96 3.76 3.59 3.51 3.56 3.70 3.93 4.30 4.83 5.23 5.17 4.80 4.46
3.55 3.46 3.35 3.32 3.32 3.32 3.33 3.36 3.40 3.46 3.49 3.48 3.44 3.40 3.41 3.45 3.47 3.43 3.38 3.32 3.31 3.50 3.92 4.24 4.05 3.47 3.14 3.33 4.05 4.72 4.84 4.28 3.44 3.08 3.28 3.62 3.68 3.57 3.53 3.52 3.51 3.51 3.53 3.67 3.94 4.46 4.90 4.59 3.58 2.84 2.72 3.05 3.49 4.01 4.59 4.91 4.79 4.43 4.17 4.07 3.94 3.70 3.47 3.31 3.29 3.45 3.74 4.09 4.33 4.35 4.20 4.07 3.91 3.69 3.50 3.42 3.48 3.69 4.07 4.61 5.04 4.98 4.57 4.21
3.64 3.52 3.36 3.31 3.29 3.28 3.34 3.46 3.58 3.60 3.49 3.36 3.31 3.34 3.42 3.49 3.49 3.48 3.48 3.49 3.55 3.71 4.00 4.21 4.04 3.52 3.13 3.19 3.74 4.46 4.88 4.75 4.15 3.52 3.26 3.32 3.41 3.38 3.38 3.40 3.43 3.49 3.56 3.64 3.74 4.09 4.68 4.71 3.94 3.01 2.63 2.73 3.08 3.51 4.07 4.60 4.74 4.46 4.07 3.85 3.79 3.70 3.61 3.60 3.66 3.79 3.98 4.23 4.39 4.34 4.13 3.99 3.92 3.76 3.57 3.45 3.44 3.60 3.99 4.51 4.95 4.93 4.53 4.19
3.74 3.59 3.36 3.27 3.25 3.22 3.25 3.41 3.64 3.67 3.52 3.34 3.24 3.27 3.38 3.47 3.53 3.58 3.64 3.75 3.88 4.03 4.24 4.39 4.19 3.65 3.15 3.02 3.38 4.13 4.69 4.81 4.50 4.00 3.64 3.48 3.42 3.32 3.23 3.22 3.25 3.32 3.45 3.51 3.48 3.72 4.36 4.68 4.19 3.22 2.57 2.34 2.47 2.85 3.40 4.04 4.47 4.46 4.16 3.89 3.78 3.70 3.65 3.63 3.64 3.71 3.89 4.20 4.44 4.45 4.24 4.02 3.91 3.79 3.63 3.53 3.51 3.58 3.88 4.42 4.87 4.83 4.39 4.00
3.77 3.58 3.29 3.18 3.18 3.18 3.13 3.17 3.29 3.40 3.40 3.27 3.10 3.04 3.12 3.29 3.51 3.61 3.61 3.62 3.70 3.88 4.17 4.44 4.39 3.99 3.37 2.97 3.09 3.76 4.43 4.68 4.46 4.05 3.82 3.72 3.61 3.40 3.36 3.10 3.04 3.03 3.17 3.25 3.21 3.40 4.02 4.57 4.38 3.55 2.74 2.20 2.00 2.19 2.69 3.36 3.98 4.22 4.08 3.86 3.75 3.69 3.63 3.55 3.49 3.54 3.75 4.08 4.37 4.49 4.41 4.19 3.97 3.78 3.57 3.44 3.39 3.42 3.67 4.26 4.80 4.79 4.28 3.74
3.86 3.66 3.35 3.19 3.14 3.12 3.02 2.88 2.78 2.85 3.01 3.07 2.95 2.84 2.89 3.11 3.33 3.41 3.29 3.17 3.24 3.53 3.92 4.26 4.37 4.26 3.86 3.28 3.05 3.43 4.18 4.61 4.49 4.05 3.75 3.64 3.56 3.39 3.13 2.96 2.85 2.92 3.11 3.24 3.28 3.38 3.82 4.42 4.48 3.93 3.24 2.68 2.26 2.09 2.25 2.78 3.47 3.88 3.86 3.72 3.68 3.66 3.66 3.70 3.71 3.73 3.85 4.07 4.26 4.33 4.35 4.26 4.04 3.77 3.51 3.33 3.26 3.32 3.59 4.21 4.80 4.86 4.34 3.64
4.00 3.90 3.64 3.34 3.14 3.02 2.88 2.67 2.50 2.51 3.04 2.92 2.96 2.85 2.82 2.89 2.98 3.06 3.01 2.92 3.00 3.31 3.71 4.04 4.20 4.25 4.16 3.76 3.34 3.36 3.96 4.56 4.59 4.13 3.61 3.34 3.25 3.16 2.98 2.81 2.82 3.07 3.39 3.65 3.80 3.86 4.07 4.47 4.59 4.24 3.71 3.25 2.88 2.58 2.44 2.60 3.13 3.66 3.79 3.70 3.65 3.63 3.65 3.75 3.82 3.83 3.88 4.06 4.22 4.21 4.16 4.17 4.04 3.80 3.55 3.35 3.26 3.29 3.54 4.17 4.85 5.02 4.53 3.79
4.00 3.96 3.78 3.42 3.09 2.90 2.77 2.60 2.45 2.46 2.62 2.84 2.98 2.89 2.70 2.61 2.68 2.85 2.94 2.96 3.05 3.29 3.61 3.88 4.00 4.04 4.07 3.94 3.62 3.46 3.80 4.44 4.68 4.29 3.61 3.21 3.08 3.06 2.99 2.93 3.07 3.41 3.73 3.97 4.19 4.40 4.62 4.84 4.84 4.53 4.03 3.52 3.15 2.93 2.76 2.71 2.98 3.50 3.77 3.73 3.59 3.51 3.46 3.46 3.49 3.54 3.65 3.91 4.19 4.25 4.17 4.13 4.04 3.84 3.66 3.49 3.34 3.20 3.26 3.83 4.72 5.13 4.79 4.10
3.86 3.76 3.50 3.23 2.96 2.81 2.73 2.62 2.49 2.41 2.90 2.59 2.85 2.90 2.74 2.63 2.74 2.95 3.12 3.28 3.43 3.58 3.74 3.79 3.74 3.71 3.75 3.77 3.62 3.46 3.65 4.27 4.73 4.60 4.00 3.47 3.28 3.25 3.22 3.23 3.35 3.54 3.69 3.86 4.13 4.48 4.89 5.23 5.29 4.99 4.51 3.97 3.46 3.11 2.94 2.85 2.93 3.29 3.64 3.67 3.49 3.35 3.23 3.16 3.21 3.34 3.51 3.79 4.11 4.30 4.29 4.19 4.05 3.86 3.74 3.70 3.65 3.47 3.30 3.54 4.38 5.01 4.92 4.36
3.90 3.60 3.20 3.01 2.85 2.74 2.71 2.65 2.50 3.06 2.27 2.43 2.76 3.04 3.12 3.12 3.24 3.43 3.59 3.70 3.82 3.93 4.02 3.94 3.66 3.50 3.50 3.51 3.43 3.32 3.45 4.00 4.64 4.82 4.46 3.94 3.63 3.48 3.38 3.29 3.26 3.31 3.47 3.69 3.99 4.35 4.83 5.37 5.71 5.62 5.18 4.65 4.09 3.58 3.23 3.06 2.95 3.04 3.38 3.57 3.43 3.28 3.17 3.13 3.20 3.37 3.54 3.74 3.97 4.16 4.21 4.15 4.03 3.88 3.77 3.77 3.89 4.00 3.90 3.83 4.23 4.79 4.86 4.46
4.24 3.86 3.33 3.15 3.01 2.85 2.76 2.72 2.60 3.09 2.40 2.57 2.89 3.26 3.51 3.65 3.79 3.90 3.89 3.81 3.76 3.89 4.19 4.22 3.86 3.54 3.45 3.45 3.38 3.29 3.33 3.71 4.37 4.76 4.60 4.13 3.72 3.47 3.32 3.18 3.10 3.18 3.37 3.59 3.84 4.16 4.57 5.12 5.70 5.90 5.64 5.09 4.49 3.95 3.57 3.35 3.14 2.97 3.15 3.42 3.44 3.33 3.28 3.29 3.34 3.44 3.53 3.65 3.79 3.88 3.95 3.98 3.95 3.93 3.88 3.76 3.74 4.00 4.25 4.33 4.49 4.76 4.80 4.49
4.52 4.22 3.78 3.61 3.49 3.23 2.94 2.82 2.78 2.68 2.63 2.76 3.02 3.34 3.60 3.73 3.79 3.79 3.73 3.58 3.42 3.52 4.00 4.25 4.00 3.64 3.52 3.56 3.55 3.49 3.48 3.67 4.15 4.62 4.62 4.16 3.63 3.33 3.22 3.18 3.20 3.30 3.45 3.56 3.67 3.84 4.13 4.58 5.19 5.70 5.72 5.27 4.70 4.19 3.83 3.63 3.44 3.23 3.17 3.34 3.45 3.43 3.41 3.44 3.46 3.45 3.49 3.60 3.69 3.77 3.85 3.91 3.92 3.94 4.01 3.97 3.80 3.74 3.96 4.32 4.67 4.96 5.01 4.81
4.55 4.35 4.02 3.82 3.72 3.57 3.27 2.99 2.88 2.84 2.80 2.82 2.95 3.17 3.38 3.46 3.41 3.38 3.39 3.32 3.18 3.23 3.65 4.05 3.97 3.66 3.54 3.61 3.68 3.70 3.76 3.93 4.25 4.66 4.83 4.53 3.94 3.45 3.26 3.30 3.43 3.57 3.64 3.60 3.53 3.52 3.67 4.04 4.64 5.34 5.63 5.36 4.89 4.43 4.03 3.82 3.68 3.52 3.40 3.41 3.47 3.49 3.50 3.54 3.53 3.45 3.46 3.57 3.71 3.83 3.93 3.99 4.00 3.95 3.95 4.04 4.08 3.97 3.88 4.07 4.54 5.01 5.22 5.18
4.48 4.34 4.06 3.81 3.67 3.69 3.63 3.35 3.07 2.96 2.90 2.80 2.75 2.82 2.98 3.12 3.18 3.18 3.21 3.24 3.19 3.25 3.60 3.96 3.95 3.65 3.46 3.51 3.61 3.67 3.82 4.08 4.40 4.79 5.08 5.01 4.53 3.89 3.42 3.37 3.48 3.60 3.62 3.55 3.43 3.38 3.46 3.72 4.24 4.97 5.46 5.39 5.02 4.61 4.22 3.99 3.83 3.68 3.56 3.50 3.49 3.50 3.51 3.56 3.60 3.55 3.50 3.57 3.72 3.89 4.00 4.04 4.05 4.03 3.93 3.91 4.06 4.26 4.30 4.28 4.47 4.79 5.02 5.04
4.40 4.38 4.27 4.04 3.82 3.77 3.84 3.79 3.52 3.23 3.03 2.80 2.58 2.52 2.67 2.92 3.10 3.20 3.30 3.44 3.54 3.63 3.83 4.06 4.04 3.72 3.42 3.39 3.49 3.57 3.64 3.84 4.22 4.69 5.11 5.28 5.09 4.55 3.86 3.48 3.40 3.40 3.45 3.48 3.44 3.43 3.49 3.67 4.04 4.65 5.20 5.37 5.19 4.85 4.48 4.20 3.97 3.75 3.61 3.53 3.47 3.41 3.40 3.47 3.62 3.70 3.68 3.70 3.80 3.95 4.08 4.10 4.06 4.03 4.00 3.97 3.99 4.19 4.49 4.63 4.63 4.61 4.59 4.58
4.29 4.40 4.52 4.43 4.15 3.86 3.83 3.93 3.86 3.52 3.17 2.91 2.66 2.50 2.55 2.76 3.00 3.23 3.46 3.68 3.84 3.93 4.07 4.21 4.20 3.91 3.52 3.37 3.42 3.50 3.53 3.60 3.83 4.30 4.85 5.25 5.41 5.22 4.64 3.92 3.51 3.34 3.36 3.44 3.46 3.47 3.55 3.70 3.99 4.47 4.96 5.27 5.32 5.12 4.78 4.44 4.14 3.84 3.63 3.57 3.49 3.60 3.30 3.37 3.60 3.79 3.86 3.92 4.01 4.11 4.21 4.26 4.19 4.05 3.98 4.05 4.14 4.24 4.49 4.81 4.93 4.80 4.51 4.31
4.06 4.17 4.37 4.47 4.35 4.00 3.76 3.75 3.80 3.62 3.31 3.08 2.90 2.70 2.56 2.60 2.85 3.17 3.46 3.67 3.79 3.91 4.11 4.29 4.31 4.08 3.65 3.35 3.30 3.36 3.46 3.54 3.66 3.96 4.44 4.90 5.25 5.41 5.22 4.62 3.92 3.44 3.20 3.22 3.31 3.38 3.50 3.67 3.95 4.34 4.74 5.08 5.30 5.29 5.04 4.70 4.34 3.98 3.71 3.64 3.60 3.52 3.40 3.39 3.60 3.85 3.96 4.04 4.16 4.28 4.39 4.48 4.47 4.30 4.08 4.03 4.21 4.44 4.67 4.97 5.29 5.33 4.96 4.50
3.85 3.79 3.76 3.91 4.03 3.90 3.62 3.50 3.61 3.64 3.51 3.39 3.29 3.08 2.82 2.68 2.76 2.99 3.21 3.40 3.58 3.78 4.06 4.29 4.35 4.20 3.77 3.33 3.14 3.13 3.23 3.41 3.58 3.75 3.99 4.33 4.65 4.94 5.05 4.81 4.19 3.52 3.06 3.00 3.14 3.25 3.37 3.54 3.84 4.22 4.54 4.82 5.09 5.25 5.18 4.93 4.57 4.15 3.82 3.71 3.71 3.68 3.58 3.51 3.61 3.84 3.98 4.05 4.18 4.36 4.56 4.76 4.85 4.79 4.58 4.39 4.36 4.50 4.68 4.95 5.44 5.80 5.66 5.14
3.88 3.64 3.25 3.10 3.18 3.26 3.22 3.22 3.44 3.70 3.79 3.78 3.74 3.58 3.28 2.98 2.83 2.83 2.92 3.09 3.34 3.61 3.95 4.24 4.37 4.33 4.00 3.47 3.06 2.89 2.87 3.01 3.21 3.39 3.54 3.75 3.99 4.22 4.37 4.32 4.01 3.54 3.16 3.04 3.13 3.22 3.30 3.46 3.76 4.11 4.38 4.59 4.82 5.07 5.18 5.07 4.79 4.39 4.02 3.83 3.79 3.78 3.72 3.65 3.67 3.80 3.94 4.05 4.19 4.40 4.66 4.95 5.20 5.34 5.32 5.16 4.90 4.68 4.60 4.77 5.29 5.98 6.28 6.07
4.14 3.79 3.16 2.79 2.65 2.68 2.78 2.89 3.14 3.52 3.77 3.82 3.79 3.70 3.50 3.21 2.96 2.86 2.92 3.08 3.27 3.48 3.80 4.12 4.34 4.43 4.29 3.83 3.26 2.87 2.69 2.66 2.74 2.91 3.14 3.33 3.49 3.67 3.79 3.81 3.73 3.55 3.36 3.25 3.30 3.39 3.48 3.63 3.86 4.11 4.31 4.46 4.65 4.90 5.10 5.13 4.98 4.70 4.40 4.18 4.02 3.92 3.83 3.78 3.80 3.87 3.92 4.02 4.19 4.41 4.68 4.98 5.30 5.55 5.67 5.60 5.35 4.98 4.66 4.63 5.07 5.86 6.51 6.71
4.55 4.15 3.43 3.00 2.80 2.74 2.76 2.76 2.82 3.04 3.34 3.50 3.50 3.47 3.41 3.27 3.10 3.03 3.08 3.22 3.35 3.52 3.75 4.02 4.24 4.40 4.43 4.24 3.81 3.27 2.89 2.69 2.64 2.72 2.92 3.09 3.19 3.33 3.49 3.57 3.60 3.57 3.50 3.48 3.53 3.64 3.76 3.85 3.98 4.15 4.29 4.38 4.54 4.78 5.00 5.11 5.06 4.89 4.69 4.49 4.25 4.01 3.84 3.80 3.90 4.00 3.97 3.97 4.12 4.39 4.64 4.83 5.02 5.19 5.30 5.34 5.27 5.04 4.69 4.47 4.70 5.39 6.15 6.64
4.89 4.58 4.02 3.65 3.47 3.32 3.13 2.94 2.78 2.77 2.91 3.12 3.23 3.26 3.27 3.26 3.21 3.16 3.17 3.27 3.41 3.59 3.79 3.99 4.14 4.27 4.35 4.35 4.20 3.85 3.33 2.97 2.78 2.72 2.82 3.00 3.09 3.20 3.35 3.48 3.56 3.60 3.60 3.62 3.66 3.72 3.76 3.79 3.92 4.11 4.22 4.26 4.37 4.61 4.84 4.94 4.90 4.75 4.54 4.31 4.10 3.92 3.76 3.72 3.83 3.98 3.99 3.92 3.98 4.17 4.36 4.43 4.45 4.49 4.55 4.67 4.84 4.84 4.56 4.22 4.18 4.60 5.34 5.99
4.94 4.80 4.52 4.28 4.17 4.05 3.72 3.40 3.13 2.93 2.81 2.85 3.01 3.14 3.21 3.26 3.28 3.25 3.26 3.34 3.46 3.63 3.82 3.98 4.08 4.13 4.17 4.21 4.23 4.10 3.73 3.30 3.01 2.85 2.85 3.01 3.17 3.26 3.34 3.44 3.56 3.67 3.74 3.75 3.73 3.68 3.64 3.63 3.77 3.98 4.09 4.08 4.13 4.36 4.64 4.72 4.62 4.45 4.22 3.97 3.83 3.75 3.67 3.63 3.68 3.81 3.86 3.83 3.81 3.85 3.90 3.88 3.86 3.89 3.97 4.15 4.44 4.61 4.40 4.00 3.84 4.04 4.58 5.27
4.70 4.70 4.59 4.34 4.23 4.30 4.29 4.04 3.67 3.29 3.00 2.88 2.95 3.10 3.24 3.35 3.40 3.40 3.39 3.40 3.44 3.56 3.72 3.91 4.01 4.01 3.98 3.98 4.03 4.03 3.86 3.55 3.28 3.12 3.07 3.17 3.33 3.41 3.43 3.49 3.64 3.79 3.86 3.83 3.74 3.64 3.58 3.58 3.70 3.87 3.98 3.97 3.94 4.16 4.49 4.60 4.43 4.19 3.96 3.75 3.64 3.60 3.55 3.50 3.51 3.60 3.66 3.68 3.72 3.73 3.69 3.63 3.63 3.72 3.83 4.02 4.34 4.57 4.43 4.01 3.79 3.87 4.22 4.88
4.45 4.50 4.46 4.16 3.87 3.89 4.13 4.19 3.96 3.58 3.26 3.11 3.10 3.18 3.31 3.44 3.53 3.53 3.47 3.38 3.32 3.37 3.56 3.80 3.95 3.95 3.84 3.76 3.80 3.89 3.85 3.67 3.50 3.40 3.37 3.44 3.58 3.64 3.61 3.64 3.72 3.76 3.73 3.66 3.59 3.56 3.57 3.62 3.70 3.83 3.94 3.94 3.93 4.09 4.41 4.61 4.47 4.11 3.77 3.58 3.46 3.42 3.39 3.33 3.34 3.44 3.52 3.55 3.61 3.68 3.75 3.76 3.75 3.82 3.90 4.03 4.33 4.64 4.66 4.30 3.94 3.88 4.11 4.71
4.33 4.38 4.41 4.23 3.80 3.44 3.45 3.66 3.76 3.64 3.43 3.28 3.24 3.27 3.33 3.42 3.51 3.50 3.41 3.28 3.19 3.23 3.40 3.66 3.89 3.97 3.89 3.76 3.76 3.87 3.90 3.77 3.63 3.58 3.58 3.67 3.84 3.93 3.85 3.72 3.61 3.51 3.46 3.42 3.42 3.46 3.56 3.68 3.75 3.83 3.89 3.92 3.90 4.02 4.35 4.66 4.70 4.43 4.04 3.75 3.52 3.33 3.25 3.22 3.27 3.38 3.46 3.48 3.48 3.52 3.70 3.84 3.87 3.89 3.92 3.95 4.18 4.60 4.83 4.64 4.17 3.93 4.02 4.50
4.29 4.32 4.34 4.21 3.87 3.36 3.03 3.03 3.24 3.37 3.34 3.27 3.25 3.26 3.25 3.26 3.29 3.28 3.20 3.10 3.04 3.08 3.22 3.47 3.76 4.00 4.05 3.94 3.90 3.98 4.02 3.89 3.72 3.66 3.66 3.74 3.91 4.04 3.93 3.65 3.38 3.27 3.30 3.37 3.40 3.42 3.49 3.67 3.80 3.83 3.84 3.83 3.79 3.90 4.26 4.64 4.88 4.85 4.59 4.29 3.94 3.50 3.26 3.20 3.24 3.35 3.44 3.47 3.47 3.50 3.63 3.83 3.94 4.01 4.05 4.06 4.13 4.44 4.80 4.77 4.34 3.98 3.94 4.24
4.23 4.32 4.28 3.90 3.49 3.13 2.85 2.73 2.83 3.01 3.12 3.17 3.20 3.21 3.19 3.14 3.11 3.13 3.14 3.11 3.09 3.13 3.24 3.39 3.58 3.85 4.04 4.00 3.91 3.94 4.06 4.01 3.84 3.73 3.67 3.70 3.82 3.94 3.91 3.68 3.36 3.19 3.25 3.39 3.44 3.40 3.40 3.54 3.74 3.80 3.78 3.74 3.72 3.84 4.15 4.52 4.82 4.98 4.93 4.78 4.49 3.93 3.44 3.26 3.26 3.33 3.43 3.51 3.61 3.70 3.79 3.89 4.02 4.16 4.30 4.31 4.23 4.31 4.63 4.80 4.49 4.06 3.90 4.02
4.10 4.36 4.51 3.94 3.23 2.89 2.75 2.67 2.72 2.89 3.05 3.14 3.17 3.17 3.18 3.18 3.20 3.31 3.46 3.54 3.51 3.50 3.52 3.50 3.46 3.55 3.77 3.83 3.68 3.62 3.84 3.98 3.90 3.78 3.70 3.70 3.79 3.94 4.03 3.94 3.62 3.29 3.19 3.29 3.36 3.36 3.34 3.41 3.58 3.66 3.68 3.69 3.71 3.80 4.03 4.34 4.63 4.82 4.92 4.94 4.85 4.47 3.86 3.48 3.39 3.38 3.41 3.47 3.58 3.68 3.76 3.85 3.98 4.12 4.28 4.34 4.25 4.14 4.33 4.67 4.62 4.16 3.83 3.88
3.99 4.38 4.86 4.59 3.84 3.25 2.95 2.76 2.68 2.80 2.99 3.10 3.13 3.14 3.20 3.31 3.44 3.60 3.77 3.86 3.78 3.65 3.60 3.56 3.42 3.32 3.42 3.53 3.39 3.25 3.41 3.69 3.81 3.79 3.75 3.75 3.85 4.04 4.22 4.25 4.01 3.54 3.16 3.07 3.16 3.27 3.33 3.38 3.47 3.53 3.56 3.63 3.70 3.75 3.88 4.12 4.39 4.60 4.74 4.84 4.94 4.84 4.39 3.85 3.54 3.42 3.34 3.28 3.28 3.35 3.50 3.72 3.90 3.97 4.02 4.11 4.09 3.92 3.93 4.25 4.45 4.12 3.62 3.66
3.93 4.34 5.01 5.06 4.49 3.83 3.36 3.04 2.80 2.73 2.81 2.95 3.04 3.12 3.23 3.40 3.56 3.67 3.74 3.78 3.75 3.64 3.58 3.59 3.50 3.31 3.24 3.30 3.24 3.09 3.11 3.35 3.61 3.74 3.78 3.82 3.90 4.06 4.23 4.35 4.27 3.87 3.32 2.97 2.94 3.13 3.35 3.44 3.48 3.52 3.55 3.61 3.64 3.66 3.72 3.88 4.11 4.33 4.52 4.67 4.80 4.86 4.63 4.08 3.60 3.38 3.24 3.10 3.05 3.15 3.39 3.65 3.79 3.75 3.72 3.82 3.89 3.78 3.65 3.78 4.08 3.99 3.47 3.31
3.87 4.21 4.91 5.22 4.85 4.17 3.76 3.54 3.33 3.04 2.85 2.85 2.96 3.09 3.23 3.38 3.52 3.63 3.73 3.89 4.03 4.07 3.98 3.85 3.72 3.54 3.39 3.38 3.37 3.26 3.17 3.24 3.44 3.61 3.72 3.79 3.86 3.94 4.05 4.21 4.29 4.11 3.65 3.15 2.92 3.02 3.31 3.51 3.56 3.58 3.61 3.63 3.62 3.59 3.60 3.67 3.81 4.01 4.25 4.45 4.59 4.70 4.64 4.21 3.63 3.30 3.15 3.05 3.04 3.16 3.36 3.51 3.50 3.42 3.44 3.57 3.72 3.73 3.61 3.60 3.84 3.92 3.55 3.24
3.79 4.02 4.63 5.21 5.20 4.65 4.17 3.89 3.61 3.25 2.90 2.81 2.92 3.03 3.13 3.24 3.39 3.60 3.90 4.24 4.53 4.68 4.62 4.40 4.15 3.95 3.81 3.76 3.74 3.64 3.46 3.35 3.37 3.44 3.52 3.56 3.61 3.71 3.86 4.04 4.21 4.23 3.99 3.54 3.15 3.04 3.23 3.51 3.61 3.60 3.63 3.69 3.69 3.65 3.60 3.58 3.63 3.75 3.97 4.23 4.41 4.54 4.59 4.30 3.70 3.25 3.08 3.04 3.05 3.10 3.16 3.20 3.22 3.26 3.31 3.38 3.52 3.64 3.62 3.59 3.74 3.86 3.63 3.31
