project/data/elevation/US_DEM2016/US_DEM2016_point_10-28-2019_1553_30m_ang.asc
ncols	125
nrows	167
xllcorner	-2042055.000000
yllcorner	1465035.000000
cellsize	30.000000
NODATA_value	-9999.000000
[rows 44 to 87 of 167, columns 0 to 95 of 125]
338 341 345 348 349 350 351 351 350 351 354 0 7 9 6 2 360 358 355 352 350 349 350 350 350 350 350 350 350 349 346 341 342 343 347 349 348 345 343 347 353 357 359 359 358 356 354 352 349 348 347 349 351 352 352 353 354 356 357 359 360 358 354 352 351 348 344 341 340 338 333 324 316 309 306 307 309 311 315 325 337 343 346 348 351 354 357 358 356 357 1 6 10 13 12 12
338 341 345 347 348 349 351 352 353 355 358 5 10 9 4 0 358 356 353 351 349 348 349 350 351 350 350 349 348 345 342 336 340 341 345 349 351 351 349 348 353 360 4 3 359 356 354 351 349 348 347 345 345 344 345 348 352 354 356 358 360 359 357 355 352 349 347 347 347 343 336 329 324 320 316 313 311 311 312 317 326 334 341 345 348 352 358 0 359 356 357 3 11 15 15 15
336 339 345 347 348 349 351 353 356 359 3 9 10 6 1 359 357 355 352 351 349 348 349 350 350 350 349 347 344 341 339 338 339 340 343 347 352 355 355 353 355 3 8 5 1 357 353 351 350 351 350 346 340 336 338 343 349 354 357 358 360 359 358 357 354 352 352 353 350 345 339 335 332 330 326 323 319 318 317 318 322 329 336 341 344 350 357 2 2 359 358 2 9 14 16 16
332 336 343 346 348 349 351 354 357 2 8 11 9 2 358 358 357 355 353 352 350 350 349 350 349 349 347 345 341 338 337 338 340 340 341 345 351 357 360 0 1 5 6 3 360 356 353 351 352 354 351 342 334 333 337 342 349 354 357 358 0 360 359 358 357 356 355 352 348 345 342 341 339 337 334 331 328 326 325 324 326 329 332 337 342 348 354 0 2 2 3 6 11 14 16 15
331 333 339 345 348 350 352 354 358 3 11 13 7 359 355 355 355 355 354 353 352 351 350 350 348 347 345 341 337 335 337 341 342 342 342 343 349 355 1 6 8 7 3 360 358 356 354 355 356 354 346 337 334 336 341 346 350 353 356 358 360 1 360 358 357 355 352 350 348 348 347 346 346 344 342 339 337 336 334 332 331 330 329 332 339 345 352 357 1 4 8 12 13 14 13 9
331 333 338 343 347 351 353 355 357 4 12 12 5 357 354 353 354 355 355 354 353 352 351 350 348 346 342 336 332 333 337 342 344 346 346 345 347 354 3 12 14 10 3 358 356 355 356 357 355 348 340 336 337 341 347 351 352 353 355 356 358 360 360 357 354 352 351 350 351 351 352 351 351 350 349 348 346 345 344 343 339 333 329 329 333 341 349 354 0 7 13 15 13 10 6 2
330 333 339 343 346 352 355 356 358 4 10 9 2 356 354 354 354 355 356 356 355 353 351 350 348 346 341 333 329 330 336 341 345 350 352 350 350 357 9 18 17 11 4 358 354 353 354 354 351 344 339 339 342 347 353 355 355 353 353 353 354 357 358 355 352 350 350 351 353 353 354 354 353 353 353 353 353 353 353 353 350 343 335 330 331 337 345 352 0 10 16 15 11 7 2 358
328 332 340 344 347 351 356 358 359 3 6 5 360 356 355 355 355 356 357 358 357 355 353 350 348 345 339 331 327 328 333 337 342 349 354 355 357 4 12 15 12 7 2 358 355 352 350 350 348 345 343 343 347 352 357 358 356 354 352 351 351 353 354 352 349 348 349 350 351 351 352 353 353 354 354 356 357 358 358 359 357 354 348 340 335 336 342 351 2 13 16 14 10 8 4 359
327 330 338 343 347 351 355 358 360 2 2 360 357 356 357 357 358 358 359 359 359 358 355 351 347 343 337 331 327 326 329 332 338 346 352 358 3 8 10 9 6 2 359 357 353 349 346 346 348 349 349 350 353 356 359 0 359 356 354 352 350 350 350 349 347 345 344 343 341 341 342 346 349 350 352 355 357 359 359 359 359 358 355 351 346 341 342 351 3 12 14 13 13 11 7 2
328 330 336 341 344 349 353 357 0 0 358 356 356 357 359 0 0 360 360 1 0 359 356 351 346 341 336 331 328 327 328 330 334 341 350 359 6 7 5 3 1 359 356 353 349 344 342 344 348 353 355 357 358 360 2 2 2 0 357 353 351 350 349 348 346 344 341 338 334 332 332 334 338 342 346 349 353 355 356 354 354 355 355 354 351 348 347 352 3 8 10 11 12 9 4 0
332 333 336 339 342 345 349 355 360 0 358 355 355 359 2 3 2 1 1 1 1 359 356 351 346 341 336 333 331 331 332 332 334 339 347 359 7 6 2 359 358 356 353 348 343 339 339 343 350 355 359 1 2 3 4 5 4 1 357 353 351 350 350 350 349 346 342 339 337 335 333 329 327 328 334 339 344 349 351 349 345 344 344 344 346 349 351 355 0 3 6 8 7 3 360 356
336 337 338 340 342 344 346 351 357 360 358 356 358 3 6 6 4 2 1 360 359 358 355 351 347 342 338 335 333 333 335 336 335 338 346 359 6 5 0 357 355 352 348 342 337 336 338 344 351 356 1 4 5 6 7 7 5 0 355 352 351 351 352 353 350 347 344 342 341 340 338 332 325 321 323 327 330 335 341 341 336 332 332 334 339 346 352 356 358 360 2 2 1 359 356 351
338 339 342 344 346 348 348 349 353 358 359 0 4 8 9 8 6 3 359 356 356 355 354 351 348 344 340 337 334 335 337 339 338 340 347 358 4 3 1 357 354 350 344 337 333 333 337 344 351 356 1 5 8 9 10 10 6 360 355 353 354 354 354 353 349 346 346 346 346 345 342 337 334 333 331 328 323 325 331 334 332 330 331 335 340 346 351 354 356 357 358 358 357 355 351 346
337 339 344 349 352 353 352 351 352 356 0 4 7 9 9 7 5 1 357 355 353 353 353 352 349 346 344 340 337 337 341 343 344 346 351 357 1 1 360 357 354 349 341 334 331 333 338 344 349 354 359 4 9 12 13 11 7 2 358 357 357 357 355 352 348 346 348 351 350 347 343 342 343 345 346 340 333 332 333 332 331 332 335 339 345 349 351 353 354 355 356 356 354 350 345 343
333 337 345 351 356 357 356 354 355 358 1 4 6 6 5 4 1 359 357 354 353 352 351 350 349 348 347 343 339 340 344 346 348 352 355 357 358 358 358 356 354 348 340 333 330 333 338 342 346 349 354 3 11 14 14 12 9 6 2 360 358 357 355 352 349 349 351 353 350 346 345 347 351 355 351 343 338 335 334 332 332 334 339 345 349 352 352 353 353 354 354 353 350 345 343 344
329 334 344 351 356 359 359 359 359 1 2 2 2 1 360 359 357 356 354 353 352 351 349 348 348 349 348 344 341 342 345 347 350 354 356 357 357 355 355 354 352 348 341 334 330 332 336 339 340 341 347 358 8 13 13 12 10 7 2 359 356 354 353 352 352 354 355 352 349 348 349 353 358 357 349 343 339 337 336 335 336 339 344 349 351 353 353 352 352 352 351 350 346 342 343 351
327 332 343 350 355 359 2 3 4 4 2 359 356 355 354 354 353 352 351 350 350 349 346 345 347 348 346 342 342 346 349 349 349 351 354 356 356 354 353 352 351 348 343 337 333 333 335 335 335 336 341 350 0 7 10 9 8 5 1 358 354 351 349 350 354 358 358 354 350 350 354 357 358 353 348 344 342 341 340 340 341 344 348 350 352 353 353 352 351 349 348 346 343 343 349 358
326 331 342 349 353 357 2 6 9 8 4 358 352 349 348 348 348 348 347 345 344 342 341 342 344 345 341 338 340 347 352 354 353 351 352 353 354 353 352 351 351 349 346 341 338 339 339 337 336 338 341 346 353 1 5 5 4 2 360 356 351 348 346 348 353 359 360 356 353 354 357 357 355 351 349 347 346 346 346 347 348 350 351 352 353 353 352 351 349 347 346 344 341 344 354 358
326 330 341 349 353 357 2 8 13 14 9 1 352 345 341 341 343 346 345 339 333 331 333 336 340 339 335 333 336 344 352 356 357 355 353 353 352 352 352 352 352 351 348 344 343 345 345 343 342 343 345 348 353 359 2 2 0 359 356 352 348 345 344 347 352 358 359 356 356 358 358 356 354 353 352 350 350 351 352 353 354 355 356 355 355 354 352 349 347 345 344 342 341 346 352 353
329 332 341 348 353 357 3 10 18 19 16 8 357 345 337 334 339 346 348 340 330 323 323 329 335 334 330 329 332 339 346 353 357 358 358 356 354 353 354 354 354 351 347 345 346 349 350 348 347 347 349 351 355 359 0 359 358 355 350 346 344 343 345 348 353 356 355 354 357 359 357 355 353 353 353 352 353 355 357 358 359 360 0 359 357 354 351 347 344 342 341 340 341 345 348 348
334 337 344 349 353 358 5 14 20 22 19 13 5 355 345 338 338 345 350 348 342 333 326 327 330 330 328 327 330 336 341 346 352 358 0 1 359 357 356 355 353 349 344 343 346 350 352 352 351 352 352 354 357 359 359 357 355 350 345 342 342 343 347 351 353 352 350 351 356 358 356 354 353 353 354 354 355 356 358 1 3 3 3 3 360 354 349 344 342 340 339 338 340 342 344 344
336 339 347 352 355 0 8 16 20 19 16 12 7 3 357 348 342 342 347 351 351 346 338 332 330 328 328 329 333 338 340 341 345 352 358 2 1 359 357 355 351 347 343 342 345 349 351 352 355 357 356 355 356 358 358 356 352 346 342 341 343 346 350 353 353 349 345 347 353 355 355 355 353 351 352 355 357 357 358 2 5 6 6 5 360 351 344 340 338 338 337 336 337 339 340 340
336 340 348 354 358 4 10 15 15 13 11 9 8 6 3 356 347 341 342 348 351 350 345 339 333 330 330 333 338 343 345 344 344 347 353 357 358 357 355 353 350 346 342 341 343 347 349 352 356 359 359 358 357 357 357 354 349 343 341 342 346 349 352 354 353 347 343 344 349 353 354 355 355 353 352 355 359 1 360 2 7 10 9 5 355 342 335 333 335 336 337 337 337 338 338 339
336 340 349 356 1 6 10 11 9 6 6 7 8 8 5 1 353 345 341 343 348 349 347 342 336 332 332 336 342 348 350 349 347 347 350 353 354 353 353 352 349 346 343 341 342 344 346 350 355 358 0 360 358 357 355 351 346 342 342 346 349 351 355 355 352 345 342 344 347 351 353 354 356 357 356 356 3 9 10 10 13 15 11 359 343 331 327 329 332 334 336 338 340 340 340 341
335 340 351 358 3 8 10 8 3 1 1 3 5 6 5 3 358 350 343 341 343 346 346 343 338 334 334 338 344 349 352 353 351 350 350 351 351 352 352 351 349 346 344 343 342 342 344 348 352 355 358 358 357 355 352 348 344 343 346 349 350 353 355 353 349 345 343 344 345 347 350 352 354 359 2 4 10 20 25 21 13 8 0 348 336 328 326 328 330 331 335 339 343 344 344 344
335 340 352 0 5 9 10 7 2 357 356 357 360 2 2 3 1 355 348 343 341 342 343 340 338 336 337 340 343 347 351 353 353 353 352 351 351 352 352 351 349 348 347 346 344 343 346 349 352 352 352 352 352 351 349 346 344 347 350 350 350 352 352 349 347 346 346 345 345 344 344 346 349 356 6 14 21 26 23 12 1 354 349 342 334 329 329 330 330 331 336 341 345 347 348 348
336 341 353 1 7 11 12 10 5 359 353 350 351 354 357 359 0 358 353 346 343 342 341 339 338 339 341 343 344 345 346 348 351 353 353 352 352 352 351 350 348 349 349 348 346 346 349 352 352 350 347 345 347 349 349 348 349 352 353 352 351 351 348 346 346 348 350 350 350 348 346 347 350 357 9 17 18 14 7 359 353 348 344 339 335 333 334 335 335 337 341 346 349 350 352 353
337 343 354 2 9 12 13 12 10 5 357 348 344 345 350 354 357 356 354 349 345 343 338 338 339 342 346 347 346 345 343 343 345 349 351 352 351 351 349 348 349 350 351 349 347 348 352 352 350 348 346 346 347 350 353 354 357 358 357 356 356 354 350 347 347 349 353 355 355 354 352 354 357 3 9 9 7 2 356 351 347 345 343 340 338 340 343 344 345 345 349 351 352 353 355 358
339 344 355 4 10 13 12 11 9 7 3 355 346 343 345 349 352 353 353 350 346 344 340 340 341 346 351 351 350 348 346 345 345 346 348 350 351 350 348 348 350 352 352 349 348 350 351 350 349 349 349 350 352 354 356 357 359 360 360 359 358 357 354 351 348 349 354 358 358 358 358 1 5 6 5 1 357 353 348 345 344 345 345 343 342 344 348 353 355 356 356 356 356 357 360 3
341 345 356 5 10 12 10 7 5 4 2 358 353 348 346 346 348 348 351 349 347 345 342 342 344 349 353 355 354 352 350 349 349 349 349 350 350 349 349 350 352 353 353 350 348 348 350 350 350 351 353 355 357 357 357 357 357 358 359 358 358 355 352 350 349 351 357 1 2 3 6 9 8 4 358 354 351 346 342 340 342 345 346 347 347 349 353 358 2 4 4 2 1 2 4 7
343 347 356 5 10 11 8 3 360 359 358 356 355 353 350 347 345 344 346 344 348 343 343 344 346 350 353 356 356 355 352 351 351 351 351 351 350 349 350 351 352 353 352 350 347 346 348 349 350 351 353 356 358 358 357 356 355 355 355 356 355 352 350 349 351 356 1 5 8 11 12 10 4 357 350 347 345 341 338 338 341 344 347 350 353 356 356 358 4 9 10 7 5 6 8 9
344 348 357 5 9 10 5 359 354 352 352 353 354 354 351 347 343 341 342 344 347 348 348 348 348 349 351 355 358 357 355 354 352 351 351 350 350 350 351 351 351 351 351 348 346 346 346 347 348 349 350 352 355 357 357 355 354 353 353 352 351 349 349 353 359 4 5 7 10 13 11 5 357 350 345 343 341 338 337 338 340 343 345 349 355 360 1 359 2 9 12 10 8 9 9 9
344 349 358 4 8 6 0 354 350 348 349 350 351 351 348 344 339 338 339 342 346 348 350 351 350 349 349 353 358 359 358 357 355 352 350 349 349 351 352 352 352 351 349 347 346 347 347 347 348 349 349 350 352 355 355 354 353 352 352 351 349 349 354 3 8 8 4 5 8 8 4 358 352 347 344 342 341 340 341 342 343 340 338 340 348 358 3 3 4 7 10 10 10 10 9 7
342 348 359 4 4 360 355 351 349 348 348 349 348 346 343 341 336 338 340 343 346 349 352 353 352 350 349 352 355 358 360 360 358 355 352 351 352 353 354 354 352 350 349 348 347 347 348 348 348 348 349 350 350 350 351 352 353 352 352 350 350 353 2 8 8 4 2 2 2 0 358 353 348 347 346 344 343 344 347 350 351 347 342 337 339 347 358 5 7 8 9 9 9 9 8 5
339 347 360 4 1 355 352 352 353 352 350 348 345 342 340 338 338 339 341 344 347 350 352 354 353 351 350 350 352 356 360 1 0 358 356 356 357 357 356 354 351 349 349 348 347 346 345 346 345 344 344 345 345 345 347 350 351 351 351 351 354 1 5 5 3 0 359 357 355 355 353 349 348 347 348 347 347 348 351 355 358 357 352 346 342 343 351 1 8 11 9 8 8 8 7 3
338 346 0 3 358 354 353 354 355 353 350 347 344 340 338 337 338 340 343 346 348 351 353 355 354 352 349 348 348 352 357 1 1 0 359 360 2 1 358 355 353 351 351 350 349 346 344 342 341 341 341 342 342 344 346 348 350 351 351 353 359 4 3 360 357 355 353 351 351 352 350 347 345 347 349 351 351 351 352 356 0 1 359 355 350 348 350 356 5 9 8 6 6 6 4 0
340 347 359 1 358 355 354 355 354 351 348 345 341 339 338 338 339 342 345 348 350 352 354 356 356 353 350 346 344 346 350 355 359 1 1 3 5 4 1 359 357 355 354 354 353 350 346 342 340 340 341 343 344 345 347 349 351 354 356 358 1 2 358 354 351 348 347 348 349 350 347 344 344 346 349 352 353 352 351 353 358 2 3 1 358 355 354 356 1 4 3 3 3 2 360 355
346 349 355 358 357 355 354 353 351 348 345 342 339 338 338 339 341 342 346 349 352 353 355 358 358 356 352 347 341 339 340 343 349 357 1 5 5 4 2 0 358 357 356 356 356 353 349 344 341 341 342 343 344 345 348 350 353 357 359 0 0 358 354 349 345 343 343 346 349 348 344 342 342 345 348 352 354 354 353 351 352 357 3 5 4 1 358 358 0 0 359 359 359 358 354 351
351 351 352 355 355 354 352 350 348 345 342 339 337 337 339 341 343 345 347 351 352 353 356 359 360 359 357 352 344 337 333 331 335 345 356 2 3 2 0 358 356 355 355 356 356 354 351 347 344 343 343 343 343 345 348 351 353 355 358 359 358 355 351 346 341 340 343 348 350 347 343 341 341 344 347 351 353 354 355 354 351 352 360 6 7 5 2 1 360 358 356 356 356 353 350 348
352 351 353 354 354 351 349 347 345 342 339 337 336 338 340 343 346 348 351 353 353 355 357 359 359 0 359 356 351 345 339 334 333 338 347 357 1 360 357 354 353 354 355 355 355 354 351 349 347 345 344 344 344 346 349 351 351 353 355 356 355 353 349 343 339 339 345 349 349 347 344 341 341 342 344 347 350 353 356 356 354 352 355 3 7 8 7 4 360 357 355 354 353 350 348 349
349 351 354 355 352 349 347 345 342 339 337 336 337 339 342 345 348 352 355 356 356 358 359 358 358 358 358 356 354 351 347 343 341 340 344 352 357 357 353 351 352 354 355 355 354 353 351 349 348 347 347 346 347 348 350 351 351 352 352 353 352 350 347 342 338 339 344 347 348 348 346 343 341 340 338 338 342 348 353 356 356 354 353 357 4 8 10 8 3 358 356 354 352 351 352 356
348 350 354 354 351 347 345 342 340 338 336 336 337 340 344 347 351 356 359 359 359 359 358 356 355 355 354 353 353 353 352 351 349 346 345 349 353 352 351 351 353 355 354 354 353 352 349 348 350 351 351 350 350 350 350 351 350 350 350 350 349 348 346 342 338 339 342 345 347 348 349 348 346 342 337 333 331 335 342 348 353 354 352 351 358 5 9 9 7 2 359 356 356 357 360 2
347 349 352 352 348 346 343 341 338 336 336 337 339 342 346 351 357 3 3 0 358 356 354 352 351 351 350 350 351 353 355 356 355 351 348 348 348 349 351 355 355 354 353 352 351 348 345 347 350 354 355 355 354 353 352 350 349 348 348 348 348 347 346 342 339 339 341 344 347 348 350 351 351 349 346 341 335 331 331 334 340 347 348 345 349 358 6 9 9 5 1 359 0 2 3 3
346 348 351 349 346 344 343 340 337 336 336 338 341 345 350 358 6 7 3 358 355 352 350 349 348 347 348 349 350 351 353 356 358 356 352 349 347 349 354 357 356 354 352 351 348 343 341 343 349 353 356 357 358 357 355 351 349 348 348 348 348 347 345 342 339 339 341 345 347 348 349 350 351 354 355 353 349 345 341 338 338 341 342 339 341 350 0 6 6 3 2 2 3 4 3 1
