project/data/elevation/US_DEM2016/US_DEM2016_point_11-01-2019_1927_30m_ang.asc
ncols	125
nrows	167
xllcorner	-2042055.000000
yllcorner	1465035.000000
cellsize	30.000000
NODATA_value	-9999.000000
[rows 47 to 93 of 167, columns 0 to 95 of 125]
336 339 346 350 352 354 356 359 3 9 15 16 18 4 359 359 359 359 358 358 356 354 352 352 351 351 350 347 342 339 340 343 346 347 346 348 355 3 8 10 11 12 11 7 5 5 4 3 3 3 359 350 341 338 339 342 348 354 358 2 5 8 9 8 6 5 3 359 354 351 348 347 345 343 340 336 333 330 328 327 328 329 330 334 341 349 358 6 10 9 9 13 18 19 18 16
334 336 342 348 353 356 358 360 4 11 17 16 9 3 357 357 358 359 360 359 358 356 353 352 351 349 347 343 338 337 341 345 348 350 349 348 352 1 10 17 18 13 7 4 3 4 5 7 6 2 352 343 339 340 343 346 349 353 358 1 4 7 8 8 6 2 358 354 352 352 351 351 350 349 347 344 342 340 338 336 334 331 328 329 337 346 354 2 9 12 15 20 20 17 14 11
335 337 341 346 352 357 360 1 4 11 16 14 6 2 358 357 356 358 0 1 1 358 355 353 351 348 345 339 334 335 341 346 350 354 355 352 352 360 13 24 24 17 9 4 2 3 6 8 4 355 345 341 341 345 349 351 351 353 356 358 1 5 7 5 1 358 355 354 354 354 354 354 354 353 352 352 350 350 349 346 342 336 329 327 331 341 350 358 8 16 21 23 19 12 8 4
334 337 343 347 350 356 1 3 5 10 12 9 4 1 359 357 356 358 1 3 3 0 357 353 351 348 343 336 332 333 338 342 348 356 0 358 357 4 19 28 26 18 10 4 360 359 1 2 358 349 344 343 345 350 355 356 354 353 354 355 358 2 4 2 359 356 355 355 355 355 356 356 356 355 355 356 356 357 357 357 354 347 338 331 329 335 346 356 9 20 25 24 17 9 5 1
332 336 344 348 351 355 1 4 6 7 7 4 2 1 360 358 358 359 2 5 5 2 359 355 351 347 341 334 331 331 335 338 344 354 1 3 5 11 18 21 17 12 7 3 359 356 355 354 353 350 348 348 351 355 359 359 356 354 354 354 355 357 0 360 357 354 354 354 353 354 354 355 356 356 357 359 1 2 2 2 1 357 351 343 336 336 342 354 10 23 26 23 17 11 8 5
331 335 343 348 351 354 359 4 7 5 1 359 360 2 2 2 1 1 3 6 6 4 2 357 351 345 339 334 332 331 332 333 338 348 359 6 11 13 13 12 9 6 3 360 356 352 349 350 352 353 354 355 357 360 2 2 359 357 356 356 355 355 357 358 357 354 351 348 345 343 344 347 350 352 355 358 1 3 3 2 2 1 358 351 349 327 343 353 12 22 22 20 17 15 11 7
334 336 341 346 349 352 355 2 7 4 9 358 359 4 6 7 5 3 5 7 8 5 2 357 351 344 338 335 334 333 332 331 334 342 355 8 14 11 8 6 4 2 360 356 351 347 345 347 352 357 0 2 2 3 5 5 2 0 359 357 355 355 356 358 359 357 351 345 340 336 334 334 338 343 348 352 357 1 1 359 358 358 358 357 355 336 350 355 9 14 15 15 15 12 7 3
339 339 342 345 347 349 351 359 6 5 357 0 359 8 12 12 9 7 7 8 7 5 1 356 351 345 339 337 338 338 337 336 335 339 351 8 14 9 4 3 1 359 356 351 345 342 342 346 352 359 4 7 7 7 9 8 5 1 358 355 354 355 357 1 3 359 353 348 345 342 338 332 326 326 333 339 347 354 357 354 349 345 343 345 349 353 356 359 3 5 7 10 9 5 2 359
343 343 345 347 349 349 350 355 3 5 359 6 4 15 18 20 13 10 8 5 4 2 359 356 352 347 342 339 339 340 341 341 339 339 349 6 12 8 4 1 359 356 352 345 340 338 341 347 353 359 5 9 11 11 12 11 6 0 357 355 356 357 360 3 3 359 355 351 350 349 346 339 329 323 324 325 329 338 345 345 314 333 332 337 319 350 356 358 358 359 2 4 2 0 358 354
344 344 347 350 353 355 354 355 0 4 0 16 20 18 19 16 13 10 5 1 359 359 358 356 353 349 345 342 341 342 344 345 344 344 351 1 6 5 3 1 358 354 347 340 336 336 341 347 353 358 4 10 13 15 16 13 7 0 358 358 360 1 2 2 0 358 357 356 356 355 352 347 345 343 340 326 312 308 338 338 336 333 334 339 331 350 355 356 355 356 359 359 358 356 352 348
341 343 349 354 358 360 359 358 0 2 15 3 9 14 14 12 10 6 2 359 357 356 356 355 353 351 349 345 343 344 347 349 349 351 355 358 1 2 2 0 358 352 345 338 335 337 342 347 351 355 1 10 16 19 19 15 8 4 3 3 4 3 2 359 357 358 0 1 360 356 353 351 353 356 356 349 344 342 340 337 335 335 338 338 350 354 355 354 353 354 356 356 354 351 347 346
336 340 348 355 1 3 3 2 4 4 1 3 6 8 8 7 5 3 0 358 356 354 354 353 352 352 351 348 346 346 349 351 353 357 358 357 357 358 359 359 357 352 345 338 335 338 343 346 348 349 356 8 18 22 20 15 10 8 6 4 2 1 359 358 358 0 3 3 359 354 353 356 1 4 359 351 346 342 339 337 336 338 342 348 353 356 357 354 352 352 353 353 350 346 345 348
332 336 347 355 0 4 6 7 9 7 17 360 2 5 2 1 360 359 357 357 355 353 351 351 351 353 352 349 347 349 351 352 355 359 360 357 356 356 356 357 356 352 347 342 338 339 342 344 344 343 348 2 17 21 18 13 10 9 5 2 359 357 355 356 360 4 5 1 357 355 356 1 6 3 356 349 345 342 340 339 340 343 347 352 356 358 357 354 350 349 350 349 346 343 347 357
330 335 346 354 358 3 8 12 15 12 4 357 357 357 356 356 356 355 354 354 353 351 348 348 350 352 350 347 348 352 355 355 355 357 357 356 355 354 354 354 354 353 350 347 344 342 342 342 340 340 343 354 8 14 11 8 8 6 4 0 357 353 351 353 360 6 6 2 357 357 1 4 3 358 353 349 347 345 344 344 346 349 352 355 343 359 358 353 348 346 346 345 343 344 354 3
329 334 347 354 358 3 9 16 21 18 8 358 354 353 351 351 352 353 353 351 348 345 344 346 349 349 344 343 346 353 357 359 358 357 355 353 353 353 353 354 355 355 354 352 350 348 346 344 342 343 346 351 0 6 4 3 4 3 1 358 354 350 348 351 358 6 7 3 0 0 2 1 358 355 353 351 350 350 350 351 353 355 357 358 359 0 358 352 346 344 343 342 341 347 357 360
330 335 346 354 359 4 10 19 25 23 14 4 358 353 348 347 351 357 357 348 338 334 336 341 345 342 337 337 341 349 356 360 1 0 357 354 352 353 354 356 357 357 355 353 353 353 352 349 347 348 350 354 360 3 1 359 360 359 357 353 350 348 347 351 358 4 5 4 3 3 2 360 357 355 355 354 353 354 357 358 360 1 2 353 2 2 359 351 343 341 340 339 341 348 354 353
335 338 347 354 360 5 12 21 27 25 19 14 8 0 352 344 1 356 357 349 338 330 328 333 338 335 332 333 337 343 349 356 1 3 3 359 355 354 356 358 358 355 352 352 354 355 356 354 352 352 353 357 2 4 0 357 357 355 351 347 346 347 349 354 359 1 1 2 4 4 2 359 357 356 357 357 357 358 1 4 6 7 7 7 348 339 359 350 342 338 338 338 341 346 347 347
340 343 349 355 0 6 14 23 25 23 21 18 14 8 1 351 352 348 352 353 350 343 335 332 332 331 331 332 336 341 344 348 355 2 6 4 0 358 358 358 356 352 349 350 353 356 357 357 356 357 358 360 3 4 359 356 354 350 346 344 345 349 353 358 359 357 356 359 3 4 2 360 357 357 358 0 1 1 3 8 11 12 12 12 10 337 357 348 340 336 335 336 340 343 342 341
342 345 352 358 2 8 17 22 21 20 18 16 14 11 7 359 349 344 347 353 355 353 346 338 332 330 331 334 339 344 345 344 348 357 3 3 1 359 358 356 354 350 347 348 352 355 356 357 359 2 2 1 3 2 358 354 351 346 343 344 348 352 357 360 359 355 353 357 1 2 2 1 359 357 358 2 6 6 6 11 16 18 18 17 12 1 351 344 339 336 334 334 338 340 338 337
342 346 354 360 5 11 17 17 15 14 13 12 13 13 10 4 355 346 343 348 354 354 351 345 337 332 332 337 344 349 350 349 349 352 356 357 357 357 356 355 352 349 347 349 352 353 354 356 0 4 5 4 3 1 357 352 348 344 342 347 353 356 360 1 358 354 352 355 359 1 1 2 3 1 359 4 12 16 15 16 25 31 28 19 5 349 341 339 338 337 336 336 339 341 339 337
341 346 355 1 7 13 15 12 20 8 8 9 12 13 11 8 1 351 344 344 348 352 352 348 341 335 335 339 347 353 355 354 353 352 353 352 352 353 354 354 352 350 349 350 352 352 352 355 359 3 5 6 4 359 354 349 346 344 345 351 356 359 1 1 357 352 352 356 359 0 2 2 5 7 7 11 21 31 19 30 37 340 27 9 351 338 333 334 336 336 336 339 342 345 345 342
341 346 356 4 10 15 14 8 4 3 4 6 9 10 9 8 5 357 348 343 344 347 349 348 343 339 338 342 348 353 356 357 356 356 354 351 350 352 354 354 353 351 351 353 353 351 351 354 357 360 3 5 3 357 350 345 344 346 352 356 358 0 1 358 354 353 355 360 360 0 3 3 5 12 18 23 33 39 42 34 29 23 11 355 342 334 332 333 333 333 336 340 345 350 351 348
340 346 358 7 13 16 14 9 5 2 0 1 3 5 5 6 6 2 354 347 343 344 345 345 343 342 343 344 347 351 354 356 358 359 358 354 350 352 354 353 352 353 354 356 355 353 354 356 358 358 357 358 358 351 348 343 344 352 358 358 359 0 358 355 354 357 2 6 5 3 3 3 5 15 29 35 37 39 32 21 12 4 357 348 340 335 334 334 332 333 337 343 348 353 355 354
341 347 359 8 14 17 14 12 10 6 1 356 355 357 360 2 4 3 359 351 346 343 342 342 344 346 347 348 349 349 349 351 355 358 359 355 351 351 352 352 352 354 357 357 357 356 358 359 359 356 352 352 353 352 350 346 352 0 3 1 1 0 356 353 355 359 5 9 9 6 4 4 8 17 28 31 27 21 14 8 1 355 350 344 340 338 338 339 338 339 343 348 351 355 359 360
343 348 360 9 15 16 14 13 13 12 6 356 349 349 353 356 359 1 359 354 349 345 343 342 345 350 353 354 353 351 348 347 349 354 356 354 351 349 350 350 352 356 358 358 359 360 0 358 355 353 351 352 354 355 356 354 359 3 4 4 4 2 357 354 354 356 2 6 8 6 5 6 11 17 20 18 13 8 3 357 353 350 347 344 342 343 346 347 347 348 351 353 355 358 3 6
345 350 1 10 16 15 12 11 12 11 8 1 352 347 348 351 354 357 357 355 350 346 344 344 347 353 357 358 357 355 352 350 350 352 353 353 350 348 348 351 354 357 359 359 360 0 359 355 353 353 354 356 358 358 356 356 359 2 3 4 3 1 358 355 353 355 1 7 10 10 10 13 17 17 13 8 4 359 353 349 348 348 347 346 345 346 351 355 357 358 359 360 0 3 8 11
346 351 1 11 15 13 10 8 7 7 5 2 357 353 350 348 349 351 353 353 351 347 346 347 350 355 359 1 0 358 355 354 354 354 354 353 350 348 349 353 356 358 359 359 358 358 356 355 354 355 357 0 3 1 357 355 356 358 0 1 1 358 356 354 353 356 3 10 14 17 19 20 18 12 5 0 356 351 346 344 345 347 348 349 350 352 356 1 5 7 7 6 6 8 12 12
348 352 2 10 12 11 8 5 2 0 360 359 358 357 353 349 346 346 348 351 351 350 349 350 353 356 358 1 3 1 359 357 356 356 357 355 350 348 350 353 355 356 357 357 357 356 355 355 355 356 358 1 4 2 358 354 354 355 357 358 357 355 354 354 358 4 10 15 20 24 23 19 13 5 357 353 349 345 341 341 343 346 349 352 356 359 360 1 7 12 14 12 11 12 13 11
349 353 3 9 10 9 6 0 356 354 354 356 357 356 353 349 345 343 344 348 351 352 353 355 356 356 356 0 4 4 2 359 358 357 357 355 350 349 351 353 354 355 356 356 357 357 355 353 354 355 355 357 1 2 358 354 353 353 354 354 353 353 355 1 9 15 15 16 21 23 20 13 5 357 351 347 345 342 341 341 343 345 346 351 358 4 5 3 5 12 16 15 14 14 13 10
348 353 3 8 7 6 1 355 352 351 352 354 355 353 349 346 343 342 343 346 350 353 356 358 359 357 355 358 2 5 4 3 1 358 356 354 352 350 352 353 354 355 354 355 358 359 357 355 354 355 355 356 358 359 355 352 352 353 353 352 352 355 3 13 18 17 13 12 15 16 12 5 358 352 348 346 344 343 345 347 348 344 341 342 350 2 7 8 7 11 14 14 13 13 12 9
345 352 4 8 5 360 356 354 353 353 353 353 351 348 345 342 341 341 343 347 351 355 358 360 1 360 357 356 359 3 6 6 4 1 358 357 356 354 354 355 354 353 354 356 359 360 359 357 355 355 355 356 356 354 351 350 351 352 352 352 355 2 11 16 14 11 8 7 7 5 3 358 353 350 349 348 346 347 351 355 356 353 347 341 342 350 2 9 11 13 13 12 11 11 11 8
341 350 5 8 2 356 355 356 1 357 355 352 348 344 341 340 341 343 345 348 352 356 359 1 2 2 359 355 355 360 5 7 6 3 1 1 1 359 357 355 354 354 355 358 0 1 359 356 353 351 351 351 351 349 347 347 349 351 352 354 0 9 12 9 6 4 3 1 358 358 357 353 351 350 351 351 350 351 355 360 2 2 358 352 346 346 353 4 12 15 13 9 9 9 9 6
340 350 6 7 0 356 356 358 358 356 353 349 345 342 340 340 342 345 348 350 353 357 0 2 4 4 0 354 352 355 1 5 7 6 5 6 6 3 359 358 357 357 358 0 3 3 360 354 350 348 347 347 347 348 347 346 348 351 354 359 7 10 7 2 360 358 356 354 354 355 353 351 350 351 352 354 355 355 356 360 4 5 5 1 356 353 353 360 8 12 10 7 6 7 6 2
345 353 3 4 360 357 356 356 356 353 350 346 343 341 341 342 344 347 350 353 356 359 2 4 7 7 3 355 349 350 354 360 4 7 8 10 7 6 2 2 1 1 0 2 4 4 360 353 348 346 346 347 348 349 349 348 350 355 360 4 7 6 1 356 353 350 349 350 353 353 351 349 349 350 353 356 358 358 356 356 360 5 7 7 3 359 358 0 4 6 5 4 3 3 1 357
353 355 358 359 358 356 355 354 352 350 346 343 340 340 342 344 346 349 352 355 358 0 3 6 9 10 8 359 349 345 344 346 353 2 9 11 9 5 3 2 1 0 360 1 3 4 0 354 348 347 346 347 348 350 351 349 359 356 0 3 3 1 357 351 347 345 346 350 353 353 350 348 348 349 351 355 358 359 358 356 354 359 7 10 9 6 2 2 3 1 1 1 359 358 356 353
358 357 355 355 355 354 353 351 349 346 343 340 339 340 343 346 350 352 355 357 359 1 5 8 10 12 12 7 356 348 340 335 338 349 3 7 5 2 0 359 358 358 359 360 2 3 1 356 352 349 348 347 347 349 351 350 358 354 357 0 0 358 353 348 343 343 347 352 354 352 349 349 349 349 351 353 357 359 0 359 355 354 2 9 12 11 7 4 2 360 359 359 356 353 351 351
357 356 356 355 354 352 350 348 345 342 340 338 340 342 345 349 353 357 360 360 0 4 7 8 9 12 12 10 3 355 347 342 339 342 352 359 1 358 356 355 355 357 359 360 1 2 1 358 354 351 349 348 348 350 352 352 358 354 354 357 357 355 351 346 342 343 349 352 352 351 350 350 350 349 348 350 354 357 0 2 360 355 356 5 12 14 12 8 3 359 358 358 355 351 351 354
354 355 357 356 352 350 348 345 342 339 338 338 341 344 348 351 356 2 6 5 4 7 8 7 6 7 8 6 2 358 354 351 348 346 350 355 356 355 353 353 355 358 360 360 360 0 360 358 356 353 351 350 351 352 353 352 350 349 351 353 353 352 350 346 343 344 348 350 351 352 353 354 353 348 344 342 346 352 357 1 3 360 355 358 7 14 15 12 6 2 0 360 357 354 357 4
352 354 355 354 351 348 346 343 340 338 337 339 342 346 350 355 1 8 12 10 7 6 4 2 1 1 1 1 0 359 359 358 356 352 350 352 352 351 352 354 357 359 359 358 358 358 357 357 357 357 355 354 354 354 354 352 349 348 349 350 350 351 349 346 344 345 346 347 349 353 356 358 358 352 345 339 337 340 346 353 359 359 355 352 0 10 14 14 11 7 4 3 3 2 4 8
351 352 352 351 348 346 344 342 339 337 338 340 344 348 354 0 9 17 17 11 5 1 359 357 356 356 357 358 359 359 0 2 1 357 353 350 348 349 353 358 359 358 357 357 356 354 353 355 357 359 359 359 358 357 356 352 358 346 351 348 349 350 348 346 345 345 345 346 349 353 356 359 0 359 354 349 342 338 338 335 346 353 353 347 350 2 11 14 13 10 8 7 7 6 5 5
350 350 350 348 346 345 344 342 338 337 339 343 347 352 359 9 17 18 13 7 1 357 354 352 351 352 354 357 358 358 358 1 3 2 357 352 346 349 356 1 360 358 357 357 354 350 349 352 356 359 0 1 1 1 359 354 349 347 348 349 350 350 348 346 346 346 346 347 349 352 354 356 359 2 1 359 356 352 349 345 345 348 348 344 344 353 4 10 11 9 8 9 9 6 4 3
348 349 349 347 346 345 343 340 339 338 341 345 351 359 8 15 13 9 6 4 0 355 351 349 348 349 352 356 358 356 355 357 1 3 2 359 354 353 357 1 1 0 359 357 353 348 347 349 353 355 357 358 360 0 359 356 352 348 348 349 349 349 348 346 346 346 347 348 349 351 351 352 356 1 3 4 3 1 359 356 354 353 352 350 350 353 359 2 3 4 6 8 8 6 4 0
347 348 348 347 347 345 342 339 339 341 344 349 357 7 12 9 4 2 2 2 359 355 351 348 348 349 351 353 355 355 354 353 357 2 6 5 1 358 359 1 1 0 359 357 353 349 348 349 350 349 349 350 351 351 352 353 352 348 347 348 348 348 348 347 346 346 348 349 349 349 349 349 352 356 1 4 4 4 3 3 2 359 357 357 358 359 358 357 358 2 5 6 5 4 1 356
346 347 347 347 346 343 340 339 341 345 350 357 8 16 17 4 359 358 358 358 356 354 352 351 351 350 349 348 349 351 352 352 353 359 6 8 5 2 1 1 0 359 359 358 355 353 352 353 353 350 347 347 346 347 349 351 351 348 346 347 347 349 350 347 345 345 348 348 347 347 348 348 348 351 355 359 2 4 5 6 5 3 1 2 4 4 1 358 359 2 4 2 1 359 355 352
346 346 346 345 344 341 339 340 344 351 360 11 19 20 13 3 357 354 352 351 351 352 353 354 354 352 349 346 345 345 347 347 347 352 1 8 9 5 2 0 359 359 359 357 356 355 355 356 355 353 350 348 347 349 352 354 353 348 345 346 348 350 351 348 345 344 346 346 345 346 348 348 347 347 348 351 356 1 3 5 5 5 4 5 7 7 5 4 4 5 4 359 356 354 352 352
345 345 344 343 341 339 339 343 350 0 12 18 19 16 11 5 358 352 348 346 346 349 353 354 354 353 351 349 347 345 344 345 344 346 355 7 11 7 3 359 358 358 357 355 354 355 357 357 357 355 354 352 350 352 355 357 355 350 347 348 350 352 351 347 344 344 345 345 345 346 348 349 349 348 345 345 349 355 359 1 2 4 5 6 8 8 8 9 9 7 4 359 353 351 353 357
345 344 342 340 339 339 342 349 359 10 17 16 13 10 7 4 359 354 350 347 347 349 352 353 353 352 351 351 350 350 349 349 349 350 355 5 9 6 1 358 356 356 354 352 352 354 357 358 357 356 355 356 356 355 355 356 356 354 352 353 354 354 351 347 344 344 346 348 348 347 348 350 352 352 349 343 340 346 351 351 354 0 4 5 6 7 9 10 9 7 4 359 354 352 356 359
