project/data/elevation/US_DEM2016/US_DEM2016_point_10-28-2019_1654_30m_ang.asc
ncols	125
nrows	167
xllcorner	-2042055.000000
yllcorner	1465035.000000
cellsize	30.000000
NODATA_value	-9999.000000
[rows 0 to 42 of 167, columns 0 to 95 of 125]
343 340 335 333 336 339 341 342 344 347 349 350 350 348 348 349 350 352 351 349 346 344 343 346 349 350 352 353 350 345 338 331 323 318 316 317 319 323 328 332 333 334 335 335 335 334 331 330 332 334 337 340 344 347 348 350 351 350 347 345 343 342 341 340 341 343 345 346 343 340 338 337 338 340 340 341 342 341 340 343 347 349 346 343 343 346 348 350 349 345 341 340 338 336 335 336
343 340 335 333 336 339 341 342 344 347 349 350 350 348 348 349 350 352 351 349 346 344 343 346 349 350 352 353 350 345 338 331 323 318 316 317 319 323 328 332 333 334 335 335 335 334 331 330 332 334 337 340 344 347 348 350 351 350 347 345 343 342 341 340 341 343 345 346 343 340 338 337 338 340 340 341 342 341 340 343 347 349 346 343 343 346 348 350 349 345 341 340 338 336 335 336
348 343 334 331 332 333 335 337 340 344 347 349 350 348 347 348 351 354 354 351 347 342 341 344 348 352 355 357 355 349 342 335 327 321 319 319 319 321 324 328 331 332 333 335 336 337 336 335 334 333 334 337 342 346 348 350 352 352 350 348 345 342 339 337 338 341 344 347 346 343 340 339 339 339 339 339 340 339 337 340 346 349 346 342 342 346 350 353 352 347 343 343 342 340 337 336
357 348 335 330 328 326 325 327 331 336 342 346 349 347 344 346 351 356 359 355 347 340 338 342 349 356 3 7 4 358 350 342 335 330 327 325 322 319 320 323 328 332 334 335 338 339 340 339 336 332 330 332 337 342 346 349 352 354 353 352 349 344 339 335 333 335 340 344 346 345 344 342 341 340 338 336 335 334 332 334 341 346 343 340 341 347 354 358 356 350 346 346 346 343 339 336
359 349 336 332 328 324 320 320 322 327 334 341 346 346 342 342 349 356 359 354 345 339 338 343 352 2 10 12 9 3 354 346 341 337 336 333 329 324 322 323 327 332 335 337 337 339 340 340 337 332 330 331 336 340 344 346 347 348 349 351 350 347 343 338 334 331 332 335 339 341 343 343 342 340 337 334 331 330 328 329 335 338 337 336 340 349 358 1 356 350 347 347 345 340 337 335
356 348 338 333 330 326 321 317 316 318 324 333 341 343 339 340 346 353 354 350 343 338 339 346 358 8 13 13 9 2 354 348 344 342 341 339 335 330 327 325 324 326 330 333 335 337 339 339 336 332 330 332 338 343 345 346 344 342 342 343 345 347 346 342 336 331 328 327 329 332 335 338 338 336 333 330 327 326 325 326 329 331 330 331 337 349 360 1 354 348 347 346 341 336 334 335
352 347 339 335 333 330 325 320 314 311 314 324 334 338 336 339 346 351 351 346 340 338 342 352 3 10 13 10 5 358 352 348 345 345 344 343 339 336 333 329 325 322 323 326 330 333 335 334 332 329 329 333 341 348 350 349 347 345 344 343 343 343 344 342 337 332 328 325 326 328 330 333 333 331 328 325 323 322 321 323 325 325 324 325 332 346 358 359 351 346 346 343 336 333 333 338
347 344 340 339 337 333 329 323 315 310 310 316 326 330 331 335 344 352 352 344 337 337 344 357 7 11 11 7 360 354 350 348 347 347 346 346 344 342 340 337 332 325 320 319 321 326 328 327 325 325 327 333 342 351 354 353 351 350 351 350 347 344 343 340 337 332 327 325 327 330 332 332 332 329 326 323 321 319 319 320 321 320 320 322 327 340 353 354 347 344 342 339 334 333 338 345
341 341 342 343 342 339 335 328 320 315 313 315 319 323 325 330 341 352 354 345 335 335 346 359 8 9 7 2 356 351 348 346 346 346 346 347 348 348 347 345 342 336 328 322 321 324 327 326 324 323 325 332 342 350 354 355 355 356 357 356 351 347 343 340 338 333 328 326 329 333 335 333 331 329 327 326 324 322 322 322 322 320 320 322 327 337 348 349 343 341 340 337 335 339 348 352
335 338 343 346 346 344 340 333 327 324 322 321 320 320 322 327 338 351 354 345 336 337 348 1 7 5 1 358 353 349 346 344 343 342 343 346 349 350 350 350 349 346 339 333 329 329 329 327 324 323 325 332 340 346 350 354 358 2 2 358 352 346 342 340 340 336 331 331 333 336 336 334 331 330 330 330 329 328 329 330 329 327 326 326 330 337 344 344 340 339 339 338 341 348 352 354
328 333 344 348 349 348 344 338 334 333 332 330 326 324 323 326 335 348 351 344 340 343 353 1 3 360 356 353 349 346 343 341 339 339 341 344 347 348 349 351 352 350 347 342 337 333 330 325 323 323 327 334 341 345 347 351 358 4 3 356 349 344 340 338 338 336 335 336 339 340 338 334 331 331 332 333 333 333 334 336 336 334 333 332 334 339 343 340 338 339 342 344 347 350 351 353
319 327 340 348 350 348 345 342 340 341 340 338 335 333 330 329 334 342 345 344 343 349 357 1 359 356 352 348 344 342 340 338 336 337 339 342 342 342 344 347 350 351 350 347 343 338 331 324 322 323 329 338 346 350 351 352 356 359 358 353 347 341 338 337 336 335 337 341 344 344 340 334 331 331 333 334 334 335 336 336 334 332 332 333 335 340 341 338 337 341 346 348 349 350 350 351
317 321 331 342 347 347 345 344 345 346 347 345 343 342 339 336 337 339 341 342 346 354 0 360 355 352 347 343 339 337 336 334 332 333 337 338 336 336 338 341 344 346 348 348 347 343 334 325 322 323 330 340 349 355 356 353 351 353 352 349 343 338 336 336 335 334 336 342 346 346 342 335 331 331 333 334 334 333 332 327 321 319 321 325 331 336 338 337 338 342 346 348 349 349 349 349
323 323 326 333 339 342 342 343 346 348 349 348 348 349 347 344 342 341 339 341 347 357 1 357 351 346 341 337 334 332 329 327 325 326 329 330 329 329 331 333 335 338 341 345 347 344 336 328 325 327 333 342 352 355 352 349 348 349 348 344 340 337 335 335 335 335 337 342 346 346 342 336 333 334 336 335 332 330 328 323 318 316 317 321 325 330 335 338 339 341 343 346 347 347 346 346
326 327 328 330 331 332 334 337 339 341 343 345 348 350 350 350 349 346 343 343 350 358 358 353 348 342 336 331 327 323 321 322 322 323 323 321 320 322 325 326 326 328 330 335 341 341 336 332 331 334 341 350 355 351 346 345 347 348 343 340 338 336 336 336 336 337 339 343 347 347 342 337 336 338 340 337 333 331 330 327 324 322 323 324 325 328 334 339 339 339 341 343 343 343 343 342
324 327 331 332 328 323 319 318 319 321 324 330 337 343 346 350 354 353 350 350 354 356 355 352 347 341 335 329 325 322 321 323 327 328 327 325 323 324 327 328 328 327 329 332 336 338 337 336 337 341 348 354 352 346 343 344 348 347 340 337 336 337 338 338 338 339 342 346 349 348 343 340 342 346 345 340 337 336 333 329 326 326 327 328 328 331 336 340 340 338 339 340 340 339 339 339
322 324 330 334 331 320 311 309 310 312 314 319 325 331 337 346 354 358 358 357 357 355 355 353 350 344 338 334 332 330 327 326 328 331 333 334 332 331 332 333 334 334 334 335 336 337 339 341 344 348 352 353 349 343 342 345 349 346 339 335 335 337 340 341 341 342 344 347 350 350 348 348 351 351 346 343 342 341 337 332 328 328 329 331 332 335 338 341 341 338 337 338 338 338 341 341
326 327 332 338 337 328 321 320 321 323 325 328 331 333 337 343 353 0 2 1 359 358 358 355 351 346 340 337 336 336 334 331 330 331 335 337 338 337 337 336 336 337 336 336 336 337 341 347 350 351 353 351 345 341 342 347 349 343 337 335 335 337 341 343 344 344 345 346 349 351 353 355 356 352 347 346 348 348 344 338 334 332 332 334 336 339 341 342 341 337 336 337 339 342 346 345
331 333 340 345 341 333 328 328 330 333 335 337 339 342 344 347 353 360 3 3 3 3 1 355 350 345 341 338 338 339 339 338 335 333 335 338 340 341 340 338 337 337 337 336 336 338 343 349 351 352 351 347 342 340 342 348 347 340 335 333 334 336 340 343 345 346 345 344 346 349 353 355 355 352 349 349 351 352 350 346 342 338 337 338 341 342 342 341 339 337 337 338 341 345 347 345
333 338 347 347 339 332 330 332 335 338 341 343 346 349 352 353 356 0 3 4 5 5 1 355 349 345 342 339 338 339 340 340 339 339 339 340 342 343 341 340 338 338 337 338 339 341 344 346 348 348 348 345 341 341 344 347 343 336 333 333 333 335 337 340 343 345 345 345 344 345 347 350 351 350 350 351 352 352 352 351 349 346 343 343 344 344 343 340 338 339 340 341 342 344 343 342
342 345 348 342 333 330 331 334 338 342 344 347 350 354 357 359 1 3 3 4 6 4 359 354 350 347 344 341 340 340 340 340 340 341 341 343 343 342 341 340 339 339 340 341 345 346 344 343 343 344 344 343 343 344 346 345 340 335 333 332 332 332 333 333 334 336 339 341 340 338 338 340 343 345 347 349 350 350 351 353 353 352 351 348 346 345 345 344 343 344 345 343 341 340 339 339
356 352 344 338 332 330 331 335 340 344 346 349 352 356 0 3 6 6 4 4 3 360 356 353 351 348 345 343 341 340 339 339 339 340 342 344 343 341 339 340 341 342 344 347 348 346 342 339 339 340 341 342 345 348 348 345 339 335 334 333 331 329 325 320 316 316 318 323 326 325 324 325 328 332 337 342 344 344 346 350 353 355 355 353 349 347 347 347 349 351 349 345 342 340 339 340
354 349 342 338 333 332 333 337 341 344 346 349 352 357 2 7 9 6 3 0 357 354 352 351 350 348 345 343 342 340 339 338 339 340 343 344 341 338 338 341 343 346 349 349 345 342 338 336 335 336 338 341 346 349 350 346 341 338 337 335 331 326 318 309 301 298 298 300 305 310 311 311 312 316 320 327 332 334 337 343 348 353 355 355 353 349 347 347 350 352 351 346 342 342 342 342
341 342 341 338 335 334 335 338 341 344 346 349 353 357 3 8 9 5 0 356 352 349 347 347 346 345 344 342 341 340 339 338 340 342 344 342 338 337 339 343 347 349 348 345 342 339 335 333 332 333 336 340 345 349 350 348 345 343 342 341 339 332 321 312 306 303 303 304 307 308 307 303 301 303 307 314 320 325 329 335 340 346 352 355 356 352 347 346 348 350 350 346 343 343 343 341
328 332 338 338 336 334 336 339 341 343 345 349 353 357 3 7 6 2 359 354 349 344 341 340 340 340 340 339 339 339 339 340 342 343 343 340 336 336 340 345 348 347 344 341 340 337 334 331 330 331 335 340 344 347 350 350 349 349 350 351 349 342 332 325 321 318 316 316 315 313 309 304 299 296 299 305 310 314 320 326 331 337 346 353 356 354 349 347 348 349 350 347 343 341 340 338
317 322 332 336 336 336 336 338 340 342 344 348 352 357 1 3 2 1 359 355 349 344 339 337 336 335 335 336 337 339 342 345 347 344 340 337 337 338 340 343 344 344 341 339 337 336 334 332 331 332 334 338 343 347 349 350 352 355 358 358 354 345 337 332 330 328 326 324 321 318 314 311 305 299 298 300 301 302 307 315 321 329 338 347 353 354 351 349 349 350 350 347 342 340 339 337
311 316 326 333 337 339 339 339 341 342 344 347 352 355 358 359 359 360 359 355 349 344 340 337 335 334 333 335 338 342 347 351 350 345 340 338 339 341 341 341 341 340 337 336 335 335 333 334 334 334 334 336 340 345 348 350 354 359 1 359 353 345 340 338 336 335 334 332 330 327 324 321 314 308 305 303 300 299 302 308 314 322 330 338 346 351 353 351 349 349 349 347 343 340 339 337
309 313 322 330 336 341 342 343 344 345 346 349 353 355 357 357 357 358 357 352 347 342 339 337 335 334 334 336 341 349 354 354 349 346 344 342 341 342 342 340 338 336 334 332 332 333 335 337 338 338 336 334 336 340 344 349 356 359 359 355 349 345 344 344 344 343 342 340 338 337 336 331 323 317 315 312 308 305 307 310 313 317 323 329 338 347 352 353 350 348 348 347 343 340 339 337
308 311 317 326 333 339 343 345 346 347 349 351 354 356 358 358 357 355 352 348 343 339 337 336 335 334 335 338 347 354 355 350 347 345 345 345 343 343 343 341 338 334 330 329 330 332 336 340 344 344 340 335 334 336 341 349 355 356 354 349 344 342 344 348 350 351 349 347 345 345 345 341 333 327 325 322 317 316 316 318 318 318 318 322 329 339 348 352 352 349 348 346 343 340 339 338
311 312 316 323 330 336 341 345 347 349 350 352 353 356 358 360 357 353 348 342 339 337 336 335 334 334 335 342 350 352 349 347 346 346 345 345 344 344 343 341 338 333 328 327 328 331 336 341 346 348 345 340 336 336 341 348 352 351 349 342 338 338 343 349 354 355 354 353 352 352 352 349 343 338 334 330 327 325 326 327 326 323 318 316 320 328 339 348 353 352 349 346 343 341 340 341
314 316 320 324 329 333 339 344 349 351 352 352 352 354 358 360 357 351 344 339 337 336 336 335 333 331 330 336 344 345 343 344 345 346 346 345 344 344 343 340 336 332 328 326 327 330 334 340 345 347 347 344 340 340 343 347 348 348 343 336 332 333 339 346 352 354 355 356 356 355 355 354 352 348 342 337 335 334 334 333 331 327 321 316 314 317 326 338 349 353 352 349 345 343 343 344
312 315 322 326 329 332 337 343 350 354 355 355 354 355 358 359 355 349 344 341 340 340 338 334 331 327 323 326 331 334 335 338 340 343 344 344 343 343 342 338 334 330 328 328 330 332 334 337 341 344 345 345 343 343 346 348 347 344 338 330 327 328 335 342 346 349 352 355 356 356 356 357 356 354 350 345 342 341 341 338 335 331 326 319 312 310 314 322 336 347 351 351 349 347 345 346
308 310 316 322 326 329 334 341 349 355 357 358 358 359 360 359 355 349 347 348 350 350 346 340 337 333 329 326 324 324 324 326 330 334 337 339 340 340 339 335 330 327 326 329 333 334 334 334 336 339 342 343 343 346 349 350 347 343 334 325 321 323 329 336 339 342 345 350 353 353 355 357 357 356 354 352 351 349 345 342 340 337 330 323 317 313 311 313 320 332 343 348 350 349 347 345
309 308 309 314 319 324 328 335 344 353 358 1 1 1 1 0 356 353 355 358 360 358 353 348 344 340 336 332 329 325 323 322 324 326 329 332 335 336 335 332 328 324 323 325 328 329 329 328 329 332 337 339 341 347 352 353 349 342 332 323 318 318 323 329 332 335 339 344 347 348 351 354 354 354 356 359 0 357 351 346 346 343 335 327 323 321 318 316 315 318 326 337 345 348 345 343
317 315 313 315 316 320 324 328 337 347 356 2 4 3 2 2 360 359 2 3 2 359 355 352 348 345 341 338 335 333 331 330 328 327 327 329 331 332 332 330 326 323 321 321 319 317 318 320 323 326 331 334 339 347 354 354 350 342 332 323 319 319 323 326 327 329 334 340 342 343 346 349 349 349 355 2 4 2 357 353 352 348 339 332 330 331 330 329 325 322 323 328 337 342 343 341
324 323 322 324 326 327 327 328 332 340 350 359 4 5 5 4 3 2 3 3 359 357 355 353 351 349 346 343 340 337 336 335 335 334 331 328 329 330 330 329 327 325 324 324 322 319 319 322 324 327 330 331 337 346 354 354 350 342 333 326 323 322 325 326 325 326 329 333 336 338 342 346 344 344 351 358 2 2 2 0 358 351 342 338 337 339 340 339 335 332 330 331 335 340 342 341
323 324 327 330 334 336 336 335 335 337 343 353 1 5 7 7 4 2 1 358 355 354 353 352 352 351 350 348 345 342 339 338 337 337 336 333 331 331 331 332 332 332 332 331 328 327 328 329 331 332 333 332 335 345 354 354 350 343 334 327 325 325 328 328 327 326 326 328 330 332 338 343 340 340 345 351 356 360 2 2 360 354 348 344 344 347 347 343 338 334 333 334 337 341 343 343
319 322 328 333 337 340 340 341 341 340 340 345 354 3 8 9 4 359 355 352 350 349 349 350 350 351 351 351 350 347 344 341 338 337 336 335 334 332 332 333 336 341 342 339 334 332 333 335 337 338 337 334 335 343 353 354 349 342 333 327 326 328 333 334 333 330 327 325 325 327 332 338 337 335 340 345 350 354 357 358 358 356 353 351 352 354 352 345 338 335 334 334 337 341 346 347
314 318 327 334 337 340 342 343 345 344 340 341 348 358 6 8 3 355 350 346 344 343 344 345 346 348 350 352 352 351 349 345 341 337 334 334 334 334 332 333 337 342 345 343 339 337 337 337 338 338 337 335 334 342 353 355 349 341 332 326 324 327 334 338 338 335 330 325 322 322 327 333 332 330 334 340 344 347 348 351 354 357 358 359 1 358 351 344 341 341 341 340 341 344 349 352
311 314 324 332 336 338 340 344 347 345 342 342 347 355 3 5 0 352 346 341 339 339 339 340 342 344 347 349 352 353 351 348 344 339 335 334 335 336 334 333 335 340 345 345 343 342 341 341 339 338 336 335 335 342 352 353 348 340 332 325 322 323 328 333 334 334 329 323 318 316 321 327 327 324 327 334 338 339 340 342 348 356 1 4 4 357 347 343 344 346 347 348 349 351 355 356
310 313 323 331 335 337 340 344 347 346 344 346 351 357 2 2 357 350 344 340 337 337 337 338 340 341 343 346 350 352 352 349 345 339 336 335 336 338 337 335 336 339 342 344 344 345 345 346 345 343 340 338 338 342 350 351 345 339 333 327 322 320 321 322 322 323 323 321 317 313 314 320 322 320 323 330 335 333 332 336 344 352 359 3 1 353 346 344 346 348 350 352 356 359 1 0
313 316 325 333 337 339 341 345 346 346 345 348 355 3 4 0 355 350 346 343 340 338 338 338 338 338 339 342 345 349 350 348 343 339 336 335 336 337 338 338 339 341 342 343 343 344 345 347 348 348 346 344 343 345 349 349 343 339 336 330 325 322 322 321 321 321 322 322 319 315 312 314 315 314 318 325 331 328 326 331 342 348 353 356 355 350 346 346 347 349 352 355 359 4 7 5
317 320 329 336 339 341 343 344 345 345 347 352 1 6 4 359 354 350 348 345 342 340 339 339 339 339 339 340 342 345 346 344 340 339 338 336 334 335 337 340 342 344 344 343 341 341 342 344 346 348 350 350 349 349 350 348 344 341 340 336 331 329 329 329 329 328 326 323 322 320 317 313 309 306 308 315 322 321 321 328 340 346 345 346 347 346 346 347 349 352 355 358 1 7 11 10
