project/data/elevation/US_DEM2016/US_DEM2016_point_10-31-2019_1258_30m_vel.asc
ncols	125
nrows	167
xllcorner	-2042055.000000
yllcorner	1465035.000000
cellsize	30.000000
NODATA_value	-9999.000000
[rows 0 to 37 of 167, columns 0 to 83 of 125]
5.00 4.64 4.44 4.97 5.80 6.66 7.40 7.92 8.06 8.18 8.47 9.05 9.25 8.69 8.25 8.32 8.50 8.51 8.12 7.56 7.10 7.07 7.41 7.82 8.17 8.27 8.11 7.43 6.39 5.30 4.33 3.53 3.01 2.78 2.77 2.89 3.20 3.70 4.20 4.48 4.59 4.65 4.71 4.69 4.43 4.08 3.84 3.89 4.26 4.92 5.64 6.43 7.12 7.79 8.02 8.06 7.88 7.18 6.56 6.18 6.01 6.01 6.14 6.46 6.65 6.67 6.53 6.13 5.42 4.97 4.90 5.09 5.39 5.70 5.92 6.05 6.18 6.42 6.74 7.02 7.28 7.28 6.69 6.42
5.00 4.64 4.44 4.97 5.80 6.66 7.40 7.92 8.06 8.18 8.47 9.05 9.25 8.69 8.25 8.32 8.50 8.51 8.12 7.56 7.10 7.07 7.41 7.82 8.17 8.27 8.11 7.43 6.39 5.30 4.33 3.53 3.01 2.78 2.77 2.89 3.20 3.70 4.20 4.48 4.59 4.65 4.71 4.69 4.43 4.08 3.84 3.89 4.26 4.92 5.64 6.43 7.12 7.79 8.02 8.06 7.88 7.18 6.56 6.18 6.01 6.01 6.14 6.46 6.65 6.67 6.53 6.13 5.42 4.97 4.90 5.09 5.39 5.70 5.92 6.05 6.18 6.42 6.74 7.02 7.28 7.28 6.69 6.42
4.82 4.55 4.50 5.03 5.68 6.41 7.04 7.46 7.64 7.71 7.93 8.36 8.50 8.23 7.90 7.90 8.03 8.10 7.83 7.30 7.00 7.04 7.31 7.54 7.65 7.59 7.19 6.49 5.69 4.81 4.03 3.42 3.04 2.91 2.91 3.01 3.25 3.61 3.96 4.21 4.27 4.30 4.37 4.49 4.56 4.53 4.47 4.48 4.78 5.28 5.87 6.42 6.88 7.24 7.42 7.46 7.41 7.16 6.71 6.21 5.86 5.69 5.82 6.07 6.22 6.23 6.20 6.10 5.91 5.62 5.47 5.47 5.53 5.60 5.65 5.73 5.89 6.17 6.44 6.57 6.62 6.64 6.53 6.52
4.90 4.71 4.84 5.26 5.68 6.06 6.45 6.60 6.56 6.58 6.76 6.92 6.98 6.91 6.91 6.89 6.91 7.09 7.05 6.85 6.84 7.01 7.09 6.90 6.56 6.18 5.68 5.22 4.76 4.26 3.82 3.53 3.44 3.48 3.52 3.51 3.54 3.65 3.76 3.88 4.09 4.27 4.45 4.69 5.02 5.27 5.41 5.46 5.57 5.82 6.17 6.35 6.34 6.22 6.19 6.06 6.07 6.27 6.36 6.24 5.97 5.72 5.57 5.51 5.37 5.30 5.42 5.71 5.98 6.12 6.11 5.93 5.67 5.41 5.25 5.25 5.40 5.63 5.75 5.62 5.51 5.80 6.26 6.65
5.16 5.05 5.26 5.52 5.71 5.92 6.01 5.99 5.79 5.67 5.70 5.76 5.77 5.75 5.85 5.87 5.86 6.03 6.33 6.64 6.90 6.95 6.74 6.16 5.50 5.05 4.86 4.72 4.55 4.36 4.21 4.19 4.29 4.39 4.37 4.21 4.05 4.02 4.03 4.12 4.44 4.79 5.12 5.43 5.59 5.74 5.86 5.98 6.09 6.22 6.35 6.28 5.95 5.55 5.20 4.66 4.40 4.55 5.07 5.61 5.85 5.83 5.64 5.25 4.91 4.66 4.57 4.73 5.05 5.29 5.39 5.33 5.19 5.02 4.92 4.92 5.01 5.11 5.13 5.04 5.07 5.50 6.11 6.42
5.23 5.20 5.46 5.70 5.74 5.80 5.76 5.48 5.26 5.14 5.06 5.05 5.13 5.24 5.48 5.62 5.65 5.69 6.03 6.50 6.77 6.63 6.14 5.35 4.70 4.50 4.55 4.63 4.69 4.75 4.84 4.96 5.03 4.97 4.80 4.60 4.47 4.43 4.43 4.48 4.61 4.83 5.19 5.60 5.82 5.92 6.01 6.17 6.29 6.39 6.42 6.24 5.88 5.24 4.54 3.95 3.77 3.93 4.28 4.67 5.04 5.25 5.21 4.88 4.55 4.29 4.12 4.05 4.07 4.10 4.16 4.22 4.29 4.37 4.44 4.51 4.60 4.70 4.79 4.87 5.02 5.35 5.73 5.77
5.38 5.45 5.68 5.89 5.85 5.70 5.44 5.00 4.71 4.64 4.65 4.63 4.73 5.09 5.58 5.75 5.83 5.84 5.88 5.98 6.12 5.97 5.46 4.79 4.46 4.42 4.47 4.56 4.74 5.01 5.26 5.41 5.34 5.21 5.07 4.98 4.97 4.94 4.83 4.67 4.60 4.67 4.89 5.21 5.45 5.46 5.48 5.63 5.92 6.14 6.29 6.21 5.83 5.44 5.00 4.65 4.67 4.77 4.75 4.64 4.51 4.48 4.43 4.28 4.07 3.87 3.77 3.76 3.77 3.76 3.73 3.74 3.78 3.86 3.95 4.04 4.12 4.26 4.47 4.71 4.93 5.14 5.25 5.06
5.52 5.72 6.08 6.13 6.01 5.57 5.04 4.54 4.37 4.46 4.47 4.36 4.49 5.01 5.54 5.62 5.64 5.62 5.42 5.24 5.30 5.25 4.94 4.62 4.50 4.48 4.50 4.54 4.72 5.06 5.40 5.59 5.62 5.66 5.76 5.94 6.00 5.87 5.60 5.26 4.92 4.71 4.71 4.72 4.64 4.59 4.56 4.74 5.25 5.90 6.22 6.20 5.99 5.97 5.99 5.98 5.83 5.62 5.27 4.82 4.37 4.07 3.94 3.84 3.68 3.53 3.55 3.71 3.84 3.84 3.74 3.63 3.56 3.59 3.69 3.80 3.89 4.09 4.36 4.57 4.70 4.77 4.75 4.53
5.83 6.03 6.42 6.36 6.07 5.55 4.91 4.52 4.56 4.64 4.57 4.44 4.56 4.96 5.25 5.21 5.09 5.00 4.82 4.70 4.81 4.79 4.52 4.36 4.34 4.41 4.60 4.82 4.99 5.18 5.51 5.84 6.17 6.63 7.14 7.45 7.43 7.14 6.75 6.32 5.80 5.28 4.92 4.71 4.48 4.35 4.52 4.87 5.52 6.13 6.28 5.95 5.63 5.68 5.82 5.87 5.70 5.33 4.85 4.41 4.06 3.83 3.74 3.72 3.67 3.64 3.81 4.04 4.08 3.93 3.71 3.55 3.54 3.73 3.99 4.19 4.37 4.65 4.86 4.86 4.70 4.53 4.44 4.41
6.02 6.28 6.53 6.39 6.05 5.65 5.12 4.97 5.19 5.34 5.14 4.92 4.93 5.02 4.98 4.80 4.58 4.48 4.50 4.58 4.72 4.56 4.19 4.05 4.14 4.33 4.63 4.99 5.28 5.54 5.93 6.38 6.95 7.56 7.96 8.03 7.86 7.63 7.43 7.18 6.79 6.27 5.77 5.38 5.04 4.98 5.14 5.57 6.14 6.43 6.19 5.31 4.65 4.20 4.26 4.48 4.52 4.29 4.02 3.81 3.64 3.55 3.59 3.77 4.03 4.24 4.50 4.66 4.43 4.02 3.77 3.78 4.06 4.52 4.91 5.18 5.45 5.75 5.87 5.70 5.35 5.08 4.97 4.91
6.27 6.28 6.42 6.36 6.12 5.91 5.82 6.04 6.31 6.30 6.06 5.74 5.44 5.16 4.82 4.49 4.31 4.41 4.66 4.89 4.96 4.69 4.29 4.14 4.23 4.41 4.63 4.98 5.52 6.13 6.65 7.10 7.46 7.59 7.38 6.97 6.82 7.03 7.27 7.37 7.28 6.98 6.53 6.04 5.71 5.54 5.53 5.92 6.40 6.45 5.78 4.78 4.02 3.55 3.38 3.37 3.45 3.50 3.50 3.44 3.40 3.47 3.71 4.09 4.56 4.98 5.22 5.14 4.77 4.26 4.13 4.43 4.96 5.49 5.92 6.25 6.54 6.68 6.59 6.33 6.11 5.95 5.80 5.61
6.30 6.04 6.08 6.42 6.59 6.73 7.01 7.34 7.52 7.29 6.90 6.53 6.09 5.47 4.84 4.51 4.44 4.68 5.06 5.30 5.26 4.97 4.61 4.44 4.50 4.71 5.00 5.47 6.13 6.75 7.08 7.21 7.06 6.57 5.81 5.33 5.48 5.96 6.36 6.62 6.84 6.96 6.86 6.59 6.22 5.92 5.82 6.12 6.34 6.09 5.19 4.50 4.06 3.63 3.26 3.02 3.03 3.21 3.34 3.40 3.51 3.80 4.23 4.70 5.18 5.50 5.57 5.39 5.10 4.88 4.79 5.12 5.61 6.13 6.53 6.77 6.77 6.51 6.00 5.60 5.44 5.42 5.41 5.37
5.99 5.67 5.60 6.21 6.82 7.30 7.65 7.82 7.84 7.62 7.31 7.00 6.61 5.92 5.27 4.95 4.88 4.97 5.19 5.32 5.21 4.93 4.67 4.58 4.72 5.06 5.52 6.01 6.38 6.54 6.45 6.12 5.51 4.75 4.27 4.40 4.81 5.04 5.05 5.25 5.67 6.12 6.49 6.66 6.54 6.22 6.04 6.19 6.04 5.34 4.48 4.02 3.60 3.20 2.90 2.84 2.99 3.23 3.48 3.70 4.00 4.42 4.87 5.24 5.50 5.61 5.59 5.55 5.50 5.46 5.50 5.74 6.22 6.61 6.67 6.38 5.77 4.94 4.23 3.86 3.78 3.91 4.16 4.37
5.91 5.77 5.67 5.86 6.29 6.75 6.99 7.00 6.86 6.80 6.82 6.80 6.67 6.33 5.92 5.57 5.33 5.14 5.05 4.93 4.71 4.50 4.45 4.53 4.75 5.06 5.36 5.48 5.35 5.07 4.68 4.10 3.51 3.11 3.20 3.69 3.98 3.93 3.87 4.06 4.38 4.81 5.30 5.71 5.99 6.04 6.02 6.05 5.78 4.92 4.07 3.33 2.82 2.63 2.69 2.95 3.25 3.51 3.81 4.22 4.63 5.02 5.32 5.54 5.67 5.74 5.80 5.87 5.90 5.88 5.97 6.33 6.66 6.55 5.91 4.95 4.02 3.43 3.17 3.17 3.39 3.71 3.95 4.00
6.10 6.19 5.96 5.65 5.35 5.31 5.26 5.03 4.83 4.97 5.30 5.65 5.89 6.04 6.05 5.87 5.57 5.23 4.90 4.54 4.18 4.08 4.18 4.33 4.43 4.48 4.36 4.06 3.70 3.43 3.19 2.94 2.81 2.81 2.94 3.08 3.15 3.22 3.30 3.41 3.53 3.72 3.98 4.36 4.90 5.63 5.94 6.03 5.71 4.99 3.99 3.16 2.79 2.86 3.20 3.55 3.74 3.88 4.17 4.69 5.24 5.59 5.85 6.05 6.20 6.36 6.46 6.43 6.33 6.23 6.35 6.64 6.48 5.56 4.40 3.62 3.34 3.25 3.31 3.61 4.05 4.49 4.63 4.57
6.19 6.13 5.75 5.21 4.39 3.80 3.38 3.06 3.02 3.18 3.51 3.85 4.29 4.83 5.37 5.62 5.53 5.21 4.79 4.34 4.02 3.95 4.00 4.01 3.92 3.72 3.45 3.22 3.10 3.01 2.97 3.06 3.26 3.41 3.39 3.36 3.39 3.50 3.60 3.66 3.69 3.76 3.95 4.39 5.03 5.85 6.18 6.12 5.59 4.74 3.98 3.58 3.48 3.73 4.10 4.32 4.28 4.29 4.64 5.33 5.95 6.40 6.69 6.86 7.04 7.26 7.35 7.28 7.12 6.94 6.86 6.59 5.65 4.47 3.85 3.78 3.90 3.88 3.93 4.24 4.78 5.19 5.29 5.45
5.93 5.53 4.93 4.41 3.54 2.88 2.56 2.49 2.59 2.91 3.22 3.43 3.72 4.21 4.75 5.16 5.28 5.12 4.77 4.41 4.17 4.05 3.94 3.79 3.63 3.48 3.44 3.51 3.57 3.54 3.48 3.50 3.72 4.04 4.20 4.27 4.31 4.34 4.36 4.45 4.63 4.91 5.24 5.76 6.33 6.66 6.52 6.11 5.44 4.75 4.26 4.11 4.23 4.55 4.91 5.08 4.95 5.03 5.54 6.29 7.00 7.50 7.75 7.82 7.82 7.89 7.98 8.02 7.98 7.71 7.24 6.47 5.21 4.60 4.66 4.92 4.96 4.78 4.73 5.01 5.45 5.81 6.09 6.46
5.71 5.28 4.53 3.81 3.22 2.93 3.05 3.38 3.75 4.19 4.53 4.68 4.87 4.98 5.01 4.98 5.01 5.02 4.87 4.63 4.39 4.16 3.93 3.77 3.73 3.79 3.94 4.10 4.24 4.29 4.23 4.10 4.18 4.51 4.86 5.12 5.23 5.24 5.22 5.37 5.76 6.16 6.60 6.99 7.15 6.84 6.26 5.72 5.28 4.93 4.63 4.58 4.83 5.26 5.62 5.69 5.71 5.91 6.56 7.36 7.99 8.27 8.29 8.18 8.03 7.91 7.90 7.93 8.04 7.92 7.53 7.03 6.30 6.09 6.40 6.66 6.59 6.31 6.20 6.25 6.41 6.63 6.97 7.23
5.70 5.38 4.58 3.83 3.57 3.92 4.57 5.17 5.70 6.10 6.36 6.49 6.44 6.10 5.58 5.15 4.98 4.97 4.93 4.78 4.55 4.29 4.07 3.99 4.07 4.22 4.36 4.52 4.74 4.93 5.01 5.02 5.09 5.27 5.54 5.86 6.13 6.22 6.30 6.54 6.88 7.17 7.32 7.22 6.71 5.83 5.01 4.73 4.88 4.93 5.02 5.19 5.55 5.97 6.17 6.07 6.17 6.64 7.39 7.99 8.22 8.09 7.79 7.57 7.48 7.45 7.48 7.44 7.41 7.49 7.69 7.84 8.06 8.19 8.40 8.65 8.71 8.58 8.39 8.09 7.81 7.64 7.61 7.44
5.44 4.92 4.12 3.79 4.21 5.08 6.06 6.85 7.37 7.56 7.55 7.42 7.15 6.61 6.03 5.55 5.25 5.08 4.98 4.85 4.69 4.55 4.46 4.46 4.51 4.60 4.73 4.93 5.17 5.43 5.74 6.06 6.37 6.63 6.84 7.03 7.10 7.09 7.25 7.53 7.64 7.50 7.11 6.40 5.40 4.39 3.83 3.92 4.59 5.09 5.51 5.89 6.24 6.43 6.40 6.26 6.54 7.19 7.68 7.87 7.57 7.04 6.57 6.37 6.46 6.67 6.84 6.86 6.73 6.80 7.34 7.98 8.56 8.91 9.16 9.51 9.72 9.70 9.48 9.16 8.71 8.30 7.83 7.21
4.66 4.15 3.74 4.11 5.13 6.34 7.26 7.78 7.97 7.84 7.56 7.26 6.96 6.58 6.26 5.92 5.55 5.21 5.04 4.95 4.91 4.95 5.07 5.17 5.21 5.23 5.38 5.57 5.79 6.09 6.54 7.09 7.58 7.96 8.13 8.01 7.76 7.62 7.68 7.68 7.37 6.73 5.89 4.89 4.04 3.61 3.62 4.13 4.98 5.68 6.31 6.80 7.00 6.87 6.63 6.62 6.98 7.33 7.47 7.10 6.41 5.72 5.20 4.92 5.08 5.26 5.42 5.54 5.64 5.85 6.26 6.88 7.54 7.97 8.27 8.54 8.77 8.83 8.84 8.77 8.56 8.16 7.65 7.00
4.81 4.60 4.70 5.49 6.58 7.49 7.88 7.85 7.56 7.08 6.72 6.48 6.25 6.16 6.08 5.89 5.59 5.27 5.15 5.22 5.40 5.70 6.01 6.18 6.26 6.29 6.39 6.54 6.76 7.12 7.62 8.08 8.34 8.39 8.19 7.81 7.54 7.35 7.17 6.71 5.97 5.16 4.28 3.57 3.38 3.66 4.27 5.12 5.81 6.52 7.10 7.37 7.40 7.31 7.06 7.00 7.12 7.09 6.74 5.92 5.10 4.41 3.75 3.46 3.51 3.50 3.45 3.66 4.08 4.44 5.02 5.45 5.75 5.91 6.01 6.18 6.16 6.32 6.58 6.79 7.26 7.52 7.45 7.25
5.66 5.97 6.63 7.22 7.71 7.98 7.71 7.14 6.53 6.14 5.93 5.76 5.61 5.57 5.55 5.50 5.39 5.29 5.35 5.62 6.05 6.51 6.87 7.12 7.19 7.25 7.37 7.55 7.82 8.18 8.47 8.46 8.14 7.57 6.90 6.44 6.48 6.35 5.83 5.00 4.17 3.62 3.25 3.29 3.70 4.29 5.08 5.86 6.56 7.17 7.41 7.45 7.35 7.29 7.22 7.08 6.86 6.44 5.67 4.78 3.97 3.16 2.63 2.55 2.62 2.59 2.60 2.87 3.29 3.73 4.18 4.57 4.70 4.60 4.43 4.38 4.52 4.92 5.27 5.55 5.99 6.60 7.07 7.22
6.26 6.80 7.53 7.80 7.85 7.55 6.95 6.32 5.77 5.57 5.50 5.34 5.20 5.12 5.09 5.15 5.22 5.32 5.52 5.75 6.04 6.34 6.67 7.06 7.30 7.52 7.78 8.07 8.32 8.41 8.21 7.61 6.71 5.89 5.34 5.22 5.22 4.85 4.11 3.49 3.08 2.96 3.19 3.81 4.40 5.00 5.72 6.40 7.01 7.27 7.11 6.83 6.67 6.71 6.76 6.65 6.33 5.78 4.95 4.14 3.35 2.62 2.33 2.43 2.58 2.67 2.91 3.37 3.75 3.87 3.97 4.10 4.12 3.97 3.73 3.69 4.06 4.64 4.90 4.99 5.30 5.71 6.22 6.53
6.65 6.98 7.38 7.43 7.21 6.68 6.09 5.67 5.39 5.27 5.17 4.99 4.88 4.81 4.84 4.98 5.16 5.32 5.41 5.40 5.38 5.42 5.64 6.06 6.66 7.17 7.63 7.90 7.87 7.50 6.77 5.78 4.81 4.26 4.08 4.07 3.79 3.30 2.91 2.85 3.00 3.37 3.97 4.57 5.19 5.83 6.33 6.84 7.11 6.97 6.58 6.28 6.13 6.08 6.10 6.08 5.91 5.52 4.81 4.01 3.35 2.99 3.03 3.30 3.49 3.63 3.99 4.29 4.23 4.03 3.91 3.90 3.80 3.58 3.39 3.51 3.94 4.27 4.27 4.31 4.59 4.83 5.24 5.73
6.95 6.70 6.56 6.63 6.14 5.96 5.51 5.15 5.01 4.92 4.78 4.63 4.52 4.52 4.68 4.92 5.16 5.27 5.26 5.17 5.14 5.24 5.52 5.99 6.59 7.07 7.25 7.12 6.64 5.90 4.99 4.18 3.49 3.13 3.03 3.00 2.84 2.70 2.76 3.10 3.63 4.27 4.80 5.41 6.07 6.59 6.94 7.11 6.95 6.52 6.10 5.84 5.66 5.62 5.73 5.83 5.82 5.59 5.08 4.43 4.02 3.99 4.25 4.53 4.71 4.92 5.09 4.87 4.38 4.16 4.17 3.95 3.61 3.41 3.40 3.54 3.73 3.79 3.73 3.87 4.10 4.28 4.59 5.25
7.08 6.59 6.03 6.00 5.96 5.79 5.54 5.20 4.98 4.88 4.74 4.61 4.51 4.55 4.75 5.00 5.25 5.42 5.52 5.59 5.80 6.19 6.66 7.06 7.22 7.08 6.64 5.98 5.21 4.44 3.68 3.13 2.88 2.84 2.83 2.86 2.99 3.20 3.45 3.78 4.29 4.83 5.43 6.15 6.80 7.25 7.43 7.18 6.69 6.07 5.55 5.21 5.15 5.30 5.58 5.82 5.84 5.74 5.56 5.36 5.29 5.46 5.75 5.99 6.12 6.07 5.80 5.37 5.01 4.95 4.72 4.21 3.65 3.56 3.67 3.63 3.60 3.67 3.74 3.86 4.01 4.14 4.38 4.83
7.20 6.68 5.95 5.78 5.78 5.82 5.85 5.72 5.52 5.45 5.38 5.20 5.15 5.19 5.28 5.34 5.48 5.73 6.01 6.30 6.69 7.13 7.39 7.36 7.01 6.38 5.60 4.75 3.93 3.30 2.91 2.81 2.96 3.27 3.46 3.56 3.71 3.97 4.26 4.48 4.79 5.23 5.94 6.71 7.32 7.61 7.50 7.02 6.38 5.71 5.11 4.85 4.95 5.24 5.53 5.65 5.61 5.78 5.99 6.23 6.63 7.12 7.55 7.82 7.67 7.29 6.74 6.30 6.19 5.95 5.23 4.39 4.02 4.17 4.18 3.87 3.78 3.98 4.13 4.16 4.16 4.18 4.33 4.53
7.11 6.49 5.72 5.52 5.52 5.77 5.95 6.00 5.94 5.91 5.89 5.75 5.75 5.81 5.85 5.78 5.71 5.84 6.18 6.59 6.94 7.05 6.82 6.25 5.58 4.94 4.32 3.65 3.05 2.78 2.87 3.28 3.71 3.99 4.22 4.40 4.55 4.72 4.95 5.06 5.26 5.69 6.46 7.13 7.58 7.59 7.18 6.62 6.12 5.65 5.23 5.03 5.11 5.31 5.34 5.28 5.42 5.88 6.31 6.87 7.54 8.14 8.53 8.51 8.66 8.34 7.89 7.57 7.17 6.57 5.76 5.04 4.90 4.96 4.75 4.46 4.54 4.83 4.89 4.70 4.47 4.31 4.27 4.29
6.82 6.39 5.78 5.50 5.46 5.58 5.80 5.98 6.01 5.91 5.71 5.54 5.57 5.68 5.77 5.76 5.64 5.68 5.98 6.29 6.33 5.96 5.28 4.56 3.98 3.53 3.15 2.86 2.76 2.96 3.56 4.22 4.59 4.79 4.93 5.10 5.29 5.44 5.49 5.59 5.83 6.29 6.83 7.31 7.38 7.00 6.40 6.05 5.99 5.91 5.77 5.68 5.55 5.53 5.41 5.39 5.67 6.18 6.58 7.19 7.76 8.27 8.48 8.39 8.47 8.50 8.44 8.33 7.99 7.46 7.03 6.69 6.41 5.99 5.50 5.39 5.70 5.97 5.76 5.25 4.72 4.32 4.05 4.06
6.89 6.70 6.21 5.86 5.74 5.68 5.76 5.92 5.98 5.87 5.60 5.36 5.30 5.30 5.32 5.30 5.33 5.48 5.70 5.64 5.14 4.33 3.57 3.00 2.55 2.21 2.02 2.17 2.72 3.56 4.42 4.96 5.29 5.47 5.61 5.73 5.80 5.81 5.81 5.92 6.26 6.64 7.04 7.18 6.86 6.11 5.69 5.62 5.79 6.11 6.17 6.12 6.09 5.97 5.82 5.79 5.92 6.26 6.64 7.15 7.43 7.40 6.96 6.79 7.08 7.64 8.06 8.38 8.59 8.58 8.57 8.39 7.92 7.31 6.78 6.72 6.84 6.68 6.10 5.22 4.52 4.11 3.92 3.86
7.09 6.77 6.29 6.04 5.96 5.90 5.82 5.87 5.98 6.06 6.00 5.79 5.62 5.43 5.23 5.08 5.13 5.31 5.26 4.72 3.81 2.93 2.27 1.88 1.66 1.55 1.61 1.99 2.71 3.62 4.43 4.88 5.19 5.45 5.69 5.86 5.82 5.77 5.78 5.99 6.36 6.79 7.11 7.00 6.56 5.93 5.58 5.51 5.63 5.88 6.18 6.24 6.34 6.28 6.08 5.84 5.80 5.92 6.29 6.65 6.73 6.31 5.73 5.55 5.76 6.32 7.06 7.70 8.23 8.60 8.88 8.97 8.67 8.29 8.03 7.83 7.37 6.57 5.60 4.76 4.32 4.09 3.87 3.62
6.85 6.28 5.65 5.64 5.75 5.77 5.66 5.59 5.77 6.02 6.16 6.05 5.83 5.59 5.38 5.16 5.12 5.04 4.63 3.83 3.04 2.44 2.06 1.89 1.86 1.96 2.19 2.55 2.98 3.41 3.75 4.05 4.29 4.56 4.84 5.07 5.23 5.34 5.55 5.92 6.28 6.72 6.91 6.62 6.18 5.77 5.41 5.33 5.40 5.54 5.77 6.10 6.22 6.18 5.96 5.57 5.41 5.41 5.76 6.06 5.97 5.40 4.98 5.06 5.40 5.74 6.08 6.42 6.84 7.24 7.57 7.85 8.11 8.22 8.23 8.04 7.22 6.04 5.21 4.81 4.56 4.14 3.66 3.50
6.10 5.65 5.19 5.22 5.23 5.09 4.92 4.96 5.12 5.47 5.77 5.83 5.68 5.50 5.37 5.21 5.07 4.78 4.25 3.67 3.25 3.02 2.90 2.87 2.91 3.06 3.24 3.45 3.62 3.70 3.77 3.78 3.78 3.83 3.96 4.22 4.64 4.96 5.35 5.78 6.10 6.36 6.21 5.52 4.78 4.48 4.50 4.63 4.78 5.12 5.41 5.70 5.87 5.76 5.48 5.16 5.00 5.11 5.35 5.57 5.42 4.87 4.71 4.89 5.24 5.48 5.47 5.39 5.46 5.68 5.70 5.96 6.56 7.17 7.53 7.57 7.09 6.25 5.61 5.27 4.67 3.97 3.62 3.76
5.61 5.58 5.56 5.46 5.05 4.65 4.50 4.49 4.55 4.81 5.20 5.49 5.54 5.44 5.31 5.11 4.92 4.65 4.32 4.08 4.02 4.04 4.08 4.11 4.15 4.22 4.32 4.34 4.38 4.44 4.43 4.27 4.03 3.83 3.81 4.06 4.47 4.82 5.24 5.62 5.84 5.80 5.20 4.07 3.45 3.47 3.78 4.15 4.54 4.88 5.20 5.42 5.41 5.29 5.05 4.94 4.94 5.11 5.21 5.34 5.29 5.07 5.01 5.01 5.03 4.89 4.70 4.64 4.77 4.92 4.98 5.10 5.48 6.01 6.30 6.68 6.98 6.83 6.33 5.59 4.64 4.16 4.26 4.66
5.95 6.19 6.44 6.23 5.77 5.13 4.73 4.53 4.38 4.36 4.57 4.96 5.27 5.37 5.25 4.97 4.78 4.65 4.61 4.74 4.93 5.13 5.29 5.39 5.43 5.36 5.21 5.07 4.93 4.84 4.79 4.66 4.47 4.27 4.15 4.27 4.61 4.97 5.38 5.65 5.65 5.30 4.53 3.69 3.53 3.88 4.38 4.89 5.19 5.26 5.23 5.22 5.11 5.05 4.97 4.99 5.02 5.19 5.22 5.38 5.51 5.50 5.28 4.90 4.54 4.25 4.09 4.16 4.44 4.68 4.81 4.97 5.13 5.36 5.53 5.93 6.61 7.02 6.93 6.42 5.68 5.47 5.73 6.03
6.45 6.73 6.94 6.69 6.25 5.68 5.18 4.77 4.43 4.13 4.03 4.24 4.68 4.99 5.06 4.87 4.73 4.77 5.03 5.44 5.81 6.15 6.42 6.60 6.58 6.41 6.15 5.82 5.45 5.13 4.89 4.75 4.72 4.81 4.93 5.00 5.18 5.51 5.88 6.01 5.90 5.47 4.82 4.53 4.82 5.36 5.87 6.13 6.13 5.73 5.38 5.11 5.04 5.00 5.00 5.04 5.06 5.24 5.36 5.68 5.84 5.73 5.31 4.72 4.20 3.87 3.85 4.03 4.30 4.52 4.65 4.78 4.97 5.02 5.19 5.50 6.04 6.72 7.21 7.56 7.65 7.48 7.31 7.25
6.69 6.82 6.72 6.37 5.96 5.51 5.18 4.83 4.40 3.98 3.79 3.83 4.07 4.46 4.71 4.73 4.67 4.79 5.22 5.78 6.21 6.56 6.82 6.98 6.98 6.87 6.69 6.43 6.04 5.63 5.22 4.93 4.89 5.12 5.36 5.59 5.86 6.17 6.41 6.64 6.76 6.54 6.25 6.07 6.32 6.74 6.95 6.71 6.29 5.80 5.38 5.15 5.03 5.03 5.02 5.04 5.09 5.35 5.60 5.94 6.04 5.85 5.43 4.90 4.38 4.08 4.03 4.11 4.23 4.40 4.46 4.49 4.68 4.85 5.01 5.25 5.65 6.19 6.99 7.82 8.43 8.42 8.04 7.56
