project/data/elevation/US_DEM2016/US_DEM2016_point_10-29-2019_0909_30m_ang.asc
ncols	125
nrows	167
xllcorner	-2042055.000000
yllcorner	1465035.000000
cellsize	30.000000
NODATA_value	-9999.000000
[rows 45 to 89 of 167, columns 0 to 95 of 125]
237 198 190 204 204 202 191 269 285 291 298 73 103 99 91 90 82 56 98 109 114 118 108 91 16 319 358 346 242 182 92 57 319 292 2 35 347 271 227 164 88 68 126 123 102 89 253 232 193 176 174 150 116 103 96 92 84 75 74 86 96 131 241 251 226 216 243 288 75 133 145 158 165 164 160 172 180 170 220 314 92 83 64 66 67 55 16 284 248 189 142 120 111 113 117 313
286 337 308 270 277 298 336 339 329 321 338 102 108 95 78 80 85 108 113 114 117 124 119 75 340 321 335 338 41 110 71 28 315 277 277 48 28 319 252 211 142 113 121 123 108 128 222 238 224 207 190 171 153 131 104 98 101 90 55 80 91 100 248 253 253 279 305 129 133 145 150 154 162 167 168 177 191 198 201 191 127 110 98 78 68 59 40 319 250 221 193 149 125 115 54 310
300 350 9 340 323 323 338 345 351 2 96 115 112 81 68 69 72 89 94 98 109 125 151 281 316 324 332 327 48 54 31 19 310 263 237 104 59 21 294 235 163 137 132 125 101 107 231 254 250 203 166 170 176 177 120 93 95 105 89 83 86 90 248 255 260 297 32 128 122 125 134 143 153 159 163 174 189 198 198 198 153 110 96 80 66 56 48 21 284 256 236 164 131 129 321 324
276 310 15 359 346 328 317 335 56 99 112 116 115 52 67 76 76 81 86 91 97 109 180 260 285 311 335 356 42 354 350 46 37 250 232 165 83 46 351 237 156 143 143 134 92 73 240 240 218 173 161 173 196 215 167 86 80 81 133 94 81 89 176 227 222 197 181 178 167 159 162 168 172 171 172 180 192 203 208 209 188 116 91 81 67 56 53 36 336 293 273 118 115 279 302 332
261 254 276 3 24 358 252 211 148 115 106 109 138 163 123 123 135 123 103 97 91 89 148 247 261 284 322 106 314 315 336 57 49 267 240 207 132 75 57 124 131 128 140 146 97 84 141 206 205 179 172 192 223 249 261 82 74 61 67 87 75 85 130 191 205 208 212 207 192 168 164 178 185 180 182 201 219 227 227 216 201 167 120 110 89 73 62 39 353 313 57 102 113 255 265 220
266 262 257 234 79 52 262 220 177 117 101 112 150 162 161 156 155 139 114 103 93 86 96 241 254 265 190 104 303 303 343 54 43 341 260 233 190 128 108 113 114 110 121 144 129 118 137 175 188 182 192 223 254 278 344 90 81 53 47 67 67 77 93 155 235 261 280 323 349 9 16 5 357 359 359 337 307 289 272 246 220 207 183 168 141 98 75 46 357 321 107 108 126 220 227 186
277 284 283 268 62 51 49 244 209 113 101 114 132 151 167 176 157 112 100 95 91 90 90 254 258 256 145 318 293 293 22 58 48 27 309 258 215 150 125 115 111 111 121 136 131 130 144 165 182 199 229 258 275 289 92 110 114 52 28 54 67 72 67 33 304 299 317 346 8 19 20 14 9 8 11 8 354 339 330 324 289 247 224 203 180 136 77 44 3 22 109 107 104 202 224 194
277 290 313 323 1 55 64 29 244 111 101 101 101 95 351 314 2 79 78 76 77 77 65 315 270 249 150 262 268 259 136 76 60 46 357 285 230 148 129 119 116 119 125 127 126 128 138 172 252 281 285 280 280 278 106 121 148 243 334 51 69 68 63 24 316 298 314 34 69 47 39 34 29 29 30 30 18 359 354 9 4 334 295 257 219 201 62 39 29 84 102 91 50 4 300 269
272 275 296 352 49 80 72 47 315 113 99 92 74 28 349 353 114 114 82 68 65 59 38 349 285 236 157 225 239 232 198 127 73 57 24 317 210 144 127 116 114 118 120 119 117 112 72 331 332 342 325 295 280 270 106 118 170 264 306 50 69 64 73 36 297 279 102 156 163 181 60 59 55 51 51 52 39 16 1 33 37 22 11 352 302 291 11 53 73 91 94 80 23 345 333 321
264 254 209 187 157 121 86 61 37 76 94 100 90 87 175 148 141 144 125 67 57 51 35 14 336 177 152 182 217 229 225 204 98 69 43 20 134 140 125 110 109 113 116 114 105 62 338 329 351 13 356 316 284 192 105 105 216 273 290 52 72 72 74 48 95 247 207 201 218 239 157 97 91 88 85 81 65 45 55 115 120 107 97 40 324 320 30 88 93 93 95 101 335 303 292 143
254 233 204 198 186 166 120 87 62 78 101 109 114 139 150 133 123 126 133 26 52 59 55 57 97 135 143 150 203 236 242 226 161 95 71 67 84 110 125 113 109 109 113 114 88 340 314 318 16 49 31 344 295 133 103 94 275 264 246 139 93 82 74 69 205 224 236 254 275 290 151 128 120 114 105 103 104 111 130 145 152 140 140 195 266 294 93 100 98 93 94 100 239 225 149 137
237 222 215 214 207 194 158 139 117 108 108 107 105 71 47 62 71 79 332 347 78 82 81 81 87 118 139 145 198 240 240 215 195 147 100 84 82 96 118 115 110 113 112 108 343 314 308 308 70 80 57 7 318 107 104 101 256 241 199 164 128 90 75 95 143 242 84 289 303 119 139 148 149 141 119 117 124 135 141 146 154 156 171 221 252 246 100 93 91 88 86 79 224 156 129 110
253 256 257 246 226 208 185 177 163 129 111 98 80 6 32 67 83 109 169 159 128 111 101 95 113 131 144 156 200 239 241 225 225 208 127 105 97 100 107 108 105 115 113 73 310 308 310 303 100 88 63 26 1 97 98 96 270 217 159 151 133 83 80 99 123 142 281 309 128 147 159 174 173 147 130 129 133 140 144 144 150 173 215 259 277 283 86 83 82 84 82 75 106 108 78 351
304 310 314 315 277 229 204 202 189 143 117 92 74 108 127 115 117 130 143 149 145 133 124 117 116 124 134 155 215 253 264 269 273 271 107 104 101 99 100 101 98 104 107 305 299 306 325 353 109 96 74 47 43 79 75 41 332 24 67 73 93 99 96 100 138 83 256 165 151 162 183 210 181 131 137 142 142 141 143 153 171 212 264 293 307 333 72 78 80 84 85 86 92 68 12 331
287 302 330 359 6 354 267 235 202 153 146 127 106 121 129 111 96 93 94 99 109 114 115 103 92 88 98 128 248 269 280 297 312 14 84 94 98 97 97 96 96 93 77 265 287 305 67 113 115 103 84 64 61 69 59 16 341 14 41 73 110 129 108 99 133 228 223 182 181 191 221 240 154 139 142 141 142 144 152 173 212 264 294 311 330 25 76 83 87 86 86 89 86 20 327 95
271 275 295 351 32 38 22 327 171 150 177 194 152 129 140 143 75 46 36 42 47 52 58 75 69 61 72 50 294 280 270 251 207 123 101 100 97 92 91 90 95 86 59 277 262 193 141 139 133 121 104 87 80 77 61 6 337 19 75 107 132 133 118 89 85 211 207 197 207 220 240 222 137 150 159 160 164 170 176 209 255 279 292 299 342 88 96 97 94 87 82 82 68 331 316 68
269 273 291 314 70 62 46 46 103 128 169 187 166 148 155 181 197 243 325 22 39 45 50 84 84 76 72 21 315 302 295 254 222 188 125 112 104 90 82 77 86 85 85 233 228 193 164 158 155 151 142 127 104 91 78 4 327 60 89 113 128 121 99 65 49 56 160 214 231 230 214 177 159 167 175 177 187 211 237 269 277 274 259 239 185 134 110 107 97 85 78 71 30 313 300 66
266 268 281 196 105 90 85 94 106 106 111 145 142 136 141 163 195 216 219 195 122 117 133 158 127 99 81 348 317 328 354 341 286 244 148 115 116 112 92 75 75 85 101 183 219 212 190 184 180 177 174 167 117 89 83 48 293 93 96 104 99 71 36 22 33 53 52 301 128 251 221 189 165 70 104 284 316 322 327 313 296 275 255 229 199 163 119 111 100 85 71 54 7 319 303 87
260 253 222 160 135 128 117 115 112 49 22 44 58 58 91 126 182 225 241 152 119 122 136 176 139 101 76 312 308 341 27 24 0 329 39 94 104 121 111 92 80 90 99 142 241 239 218 213 213 213 220 235 81 77 71 59 154 105 92 79 48 11 360 10 43 64 45 351 306 297 303 329 359 352 336 333 336 349 359 346 327 306 279 243 220 180 124 112 103 82 60 36 360 344 21 66
259 248 222 182 152 138 127 123 64 338 8 39 43 41 62 84 140 232 259 82 97 105 111 170 131 106 125 266 268 272 71 58 35 19 41 73 79 79 90 99 100 98 91 54 292 280 270 262 258 256 263 293 69 74 68 69 115 111 82 49 10 349 347 56 77 73 46 357 325 327 336 345 357 4 0 345 329 356 29 20 5 346 321 265 233 188 132 112 101 71 52 30 356 358 29 46
263 256 239 205 159 133 124 126 315 333 28 71 81 68 54 57 75 210 236 151 87 95 105 124 122 109 149 236 242 219 159 111 75 56 64 68 63 62 84 101 96 92 84 21 304 308 323 314 307 291 271 260 89 79 73 77 98 108 85 17 347 345 6 76 76 75 45 344 322 332 341 347 340 8 26 7 336 326 86 68 50 57 99 200 204 189 156 127 111 93 92 89 295 338 53 48
267 265 256 216 148 122 114 291 301 339 73 90 94 95 71 49 61 114 199 206 104 106 119 126 119 114 145 245 250 231 200 168 148 111 88 75 63 68 81 88 83 83 75 355 294 303 334 338 349 339 303 271 94 81 78 77 84 82 40 323 306 349 110 90 76 75 35 321 315 335 353 10 339 299 63 44 2 343 111 107 109 127 161 186 195 192 182 167 145 127 132 160 202 198 154 147
271 270 259 191 132 122 145 250 260 259 85 87 92 101 111 87 68 92 147 196 154 120 127 137 137 135 227 287 280 260 227 197 195 175 108 84 71 70 71 67 68 82 71 347 284 281 319 357 15 18 355 319 31 76 77 73 68 45 359 318 258 140 131 116 83 70 13 313 304 346 9 29 12 324 122 83 65 120 126 119 116 127 160 188 195 191 198 207 164 119 125 155 199 200 167 164
271 269 249 166 127 130 168 219 223 208 160 103 97 101 109 117 106 99 115 172 172 133 133 145 158 197 286 310 318 317 307 252 245 241 109 81 77 78 71 55 59 83 79 1 265 258 252 338 39 45 27 7 49 74 73 66 49 18 349 330 155 128 117 122 95 65 355 294 274 16 34 46 40 25 81 127 149 157 147 121 95 82 84 97 144 175 209 230 158 115 108 121 203 208 160 154
267 261 230 147 117 123 177 229 212 198 186 151 121 104 93 103 114 118 122 144 158 138 132 144 179 246 282 304 330 358 12 357 329 314 34 74 81 82 77 60 72 86 84 95 256 256 251 247 96 82 74 80 93 86 75 62 37 2 112 135 153 153 124 113 110 81 329 264 241 166 137 116 98 87 100 129 161 175 169 153 112 66 45 63 109 152 204 224 161 134 100 68 26 216 136 134
261 252 214 129 108 103 276 292 328 304 159 140 141 165 154 100 110 122 130 138 142 132 125 138 205 254 267 276 298 34 42 32 19 11 41 76 84 83 78 81 100 90 83 71 275 270 262 173 142 143 145 154 148 111 94 86 87 162 133 122 141 168 136 103 119 119 159 207 210 188 176 171 155 133 108 109 140 169 162 160 160 153 123 124 141 162 183 200 201 199 30 37 40 80 118 122
261 254 210 121 103 80 306 302 332 3 44 93 123 165 203 145 111 119 130 134 138 129 116 123 250 262 256 245 216 169 134 118 99 76 78 87 86 84 82 88 98 93 82 57 294 273 214 161 158 167 179 197 199 133 117 120 134 142 123 108 108 161 108 112 139 134 130 176 210 215 205 204 189 159 126 105 93 98 121 142 152 151 151 152 164 187 208 223 237 255 333 33 59 90 112 113
263 259 190 112 97 23 302 294 309 351 50 88 113 154 193 165 128 118 128 142 150 140 115 162 302 283 261 233 209 197 187 179 171 164 129 99 90 85 93 107 103 100 89 78 264 241 201 183 182 198 224 246 245 126 115 119 123 118 107 101 104 137 146 115 112 95 85 104 242 249 244 235 199 166 157 154 136 131 140 155 165 164 159 168 200 247 281 295 290 288 331 56 81 96 102 88
266 262 149 107 89 322 299 285 276 262 105 111 127 164 167 152 143 123 114 124 142 131 103 329 312 312 301 248 224 220 220 218 206 202 177 104 91 93 100 118 129 112 95 98 241 249 245 250 290 317 323 308 296 88 93 98 104 98 87 90 103 119 135 81 44 31 57 46 328 282 266 198 175 172 172 172 162 152 151 163 188 192 105 154 275 295 330 348 340 334 356 80 95 99 91 42
268 259 130 109 67 305 292 264 231 176 123 113 127 155 144 134 137 128 98 221 41 226 23 321 303 317 357 356 274 251 250 252 255 262 239 97 94 99 100 103 113 105 87 77 295 278 292 316 337 354 1 355 356 56 74 82 90 90 78 78 83 83 58 305 60 105 87 48 6 269 220 171 170 176 174 168 157 153 164 208 288 345 22 8 331 305 323 13 23 26 43 85 99 98 72 349
259 236 134 95 325 297 278 218 188 168 137 106 104 126 126 121 122 109 64 26 12 23 18 334 289 282 12 32 4 285 259 252 262 282 123 106 102 99 95 89 87 87 76 60 326 277 279 296 320 90 80 56 45 63 76 81 87 104 118 97 87 67 32 323 167 157 145 77 86 188 202 178 169 171 168 159 148 156 195 265 300 4 42 35 13 331 284 221 95 78 79 92 97 78 11 335
251 233 165 54 325 281 219 166 162 166 160 124 101 107 109 104 90 220 216 334 11 29 31 1 285 259 248 61 41 339 256 234 211 183 172 135 113 104 97 90 82 75 67 63 344 271 263 253 231 214 223 95 72 81 87 87 91 112 145 123 107 108 136 114 79 59 32 80 96 134 171 167 165 169 172 168 156 173 250 270 268 124 106 90 53 4 329 293 147 103 96 98 88 20 343 333
261 256 240 69 10 230 170 134 135 159 182 130 123 143 123 97 214 334 336 2 17 29 37 33 317 264 247 102 61 34 290 242 217 204 204 178 120 111 108 95 87 78 67 67 7 290 286 294 315 343 343 47 89 95 93 90 93 107 132 129 107 111 160 267 6 9 59 93 103 128 149 160 170 185 186 185 227 124 116 283 250 178 143 117 70 25 15 8 22 85 94 96 80 327 324 337
272 266 226 156 162 182 165 111 85 93 223 127 132 152 146 115 326 308 313 1 21 27 41 46 11 283 262 239 65 44 8 309 255 239 240 221 117 111 114 99 93 88 87 73 7 295 294 325 12 49 82 113 128 111 96 87 86 91 104 116 106 79 357 317 323 101 125 130 119 118 130 152 212 102 122 344 91 327 337 321 276 199 186 184 162 107 72 54 53 77 89 94 104 276 292 54
263 251 183 171 184 157 159 120 73 119 161 138 131 137 143 306 305 299 303 350 32 43 55 52 29 305 268 246 77 50 28 10 343 297 273 247 109 104 107 105 97 95 104 86 18 265 248 193 159 154 151 155 167 137 93 82 79 81 83 86 73 14 341 315 156 133 123 113 100 94 93 31 130 323 355 357 123 320 340 360 13 30 212 220 216 202 157 103 91 90 91 94 115 253 251 123
254 237 166 161 188 149 148 173 133 130 135 131 122 105 343 311 299 290 284 332 66 66 66 63 49 323 270 246 108 68 46 35 23 346 298 251 102 94 92 100 97 98 104 95 135 217 224 205 186 185 184 191 213 182 88 86 87 85 80 62 31 358 357 126 129 125 99 54 63 77 65 342 304 323 23 17 337 290 283 24 46 42 22 263 243 232 206 141 112 102 95 90 89 238 202 134
252 236 188 174 183 130 132 142 129 121 121 116 100 1 325 312 291 269 244 172 120 92 71 68 63 353 269 246 140 106 89 77 53 16 334 43 94 89 89 92 94 104 113 106 123 175 213 222 214 219 230 259 278 92 94 95 97 88 74 51 27 34 93 120 114 93 342 347 62 80 67 317 282 292 51 42 11 292 219 183 93 68 45 353 270 243 218 159 117 107 98 85 75 154 156 125
264 250 234 275 334 70 102 100 101 111 111 97 37 325 316 314 287 261 233 162 130 135 123 84 75 67 250 235 165 142 129 118 88 43 20 66 87 89 91 86 85 93 99 100 105 140 213 236 238 246 249 236 230 158 104 97 93 85 73 67 73 88 103 110 94 358 321 336 95 90 74 304 195 269 83 60 30 335 145 217 154 110 71 38 316 257 231 167 120 112 104 89 82 102 132 133
283 292 299 289 311 66 66 52 82 101 95 62 345 312 305 313 297 271 238 153 123 137 147 133 96 96 201 215 189 167 161 164 161 127 94 94 92 89 89 84 76 73 70 78 90 100 203 234 232 230 219 214 223 202 105 93 89 85 80 75 73 78 96 98 29 313 316 67 87 83 61 308 279 257 118 76 42 9 325 245 195 143 96 57 12 291 248 191 136 121 114 106 105 119 148 156
281 303 327 286 268 66 16 27 86 90 72 18 326 303 295 311 310 278 225 156 129 135 144 138 112 107 153 203 205 190 190 196 201 193 140 115 110 100 86 78 77 70 61 68 82 88 150 224 231 227 226 232 244 235 100 89 88 86 81 75 63 61 84 82 322 285 272 74 67 66 43 153 275 240 142 113 74 51 33 5 230 178 111 67 35 338 276 225 167 127 116 119 127 137 150 142
276 289 3 256 213 318 328 26 88 84 55 348 312 299 296 303 298 252 194 154 134 134 144 129 111 104 121 211 231 214 212 220 223 217 167 119 120 124 103 82 82 78 69 69 78 85 97 254 259 254 250 245 241 227 118 92 88 85 78 72 54 40 75 71 293 264 247 70 58 53 44 175 250 211 165 153 116 99 81 70 56 326 96 80 54 14 334 302 203 120 112 114 122 137 66 3
274 279 94 189 232 285 292 27 91 84 30 333 311 299 288 270 216 190 172 151 136 134 139 122 107 92 78 308 284 300 307 270 244 228 194 126 122 143 165 160 89 75 69 68 79 77 42 317 300 298 293 278 256 240 180 99 87 81 76 71 57 356 71 65 327 262 235 119 78 62 73 89 228 222 194 178 145 134 147 119 92 76 127 101 69 28 12 19 48 88 101 99 91 14 324 333
268 261 106 171 244 257 254 169 103 68 343 326 313 294 264 190 171 167 159 151 145 140 132 120 106 83 51 340 301 314 350 353 293 241 220 147 129 141 169 192 154 70 57 68 89 72 13 328 323 336 342 340 320 291 274 83 80 79 80 86 82 52 68 61 14 268 227 156 112 108 94 80 275 249 225 196 175 174 180 164 142 155 153 138 106 54 61 66 68 74 82 79 49 340 309 299
256 231 131 169 214 209 210 155 106 356 320 317 307 280 212 153 156 151 141 146 155 150 133 116 98 74 45 354 290 273 304 37 22 300 257 170 132 137 153 206 205 31 34 74 96 82 333 318 334 13 24 23 13 350 355 66 80 84 88 95 98 93 89 87 81 258 242 148 110 106 90 64 354 299 276 225 186 195 202 193 177 172 176 183 182 145 118 107 98 83 75 64 36 330 271 193
252 232 152 162 185 177 164 137 37 313 304 307 304 270 164 131 139 135 115 116 138 143 130 101 71 60 52 9 300 277 266 33 37 4 310 195 118 119 345 283 244 296 25 87 99 118 260 275 316 88 81 76 70 71 101 99 95 94 93 93 96 161 139 104 102 265 266 71 83 91 84 56 345 317 330 14 27 304 244 217 200 193 197 209 203 180 161 147 142 120 88 72 57 84 152 150
