project/data/elevation/US_DEM2016/US_DEM2016_point_10-30-2019_1841_30m_ang.asc
ncols	125
nrows	167
xllcorner	-2042055.000000
yllcorner	1465035.000000
cellsize	30.000000
NODATA_value	-9999.000000
[rows 0 to 51 of 167, columns 0 to 95 of 125]
8 7 1 354 353 353 353 355 357 360 1 1 359 359 1 2 2 2 1 0 360 358 358 360 1 2 4 5 5 5 5 5 4 4 2 359 356 355 356 357 358 359 359 0 2 3 2 359 358 358 357 358 359 360 0 2 3 3 3 2 1 359 357 356 357 360 3 4 3 2 360 359 358 358 359 360 359 357 356 358 1 1 1 1 0 360 0 2 2 1 0 1 2 1 359 359
8 7 1 354 353 353 353 355 357 360 1 1 359 359 1 2 2 2 1 0 360 358 358 360 1 2 4 5 5 5 5 5 4 4 2 359 356 355 356 357 358 359 359 0 2 3 2 359 358 358 357 358 359 360 0 2 3 3 3 2 1 359 357 356 357 360 3 4 3 2 360 359 358 358 359 360 359 357 356 358 1 1 1 1 0 360 0 2 2 1 0 1 2 1 359 359
16 13 2 352 347 346 347 350 354 359 2 1 359 359 1 3 4 4 3 1 359 357 357 360 3 5 8 10 10 9 9 8 7 6 4 359 354 351 352 354 357 358 359 0 2 3 2 359 358 356 356 357 359 360 0 2 4 5 5 4 2 359 356 354 355 359 3 5 5 3 1 359 358 358 358 359 358 355 353 357 1 1 0 1 1 0 2 4 4 2 0 1 2 1 358 356
26 19 3 350 341 335 334 338 345 354 1 2 359 359 2 6 7 7 6 3 359 356 356 360 5 11 16 18 17 16 15 13 11 8 5 0 354 349 346 348 352 355 357 358 359 1 1 360 357 355 354 355 358 360 1 2 5 8 8 8 6 1 355 352 352 356 1 5 6 5 3 2 1 360 359 357 355 351 348 353 359 359 357 358 1 3 5 7 6 2 0 1 1 359 355 353
29 20 3 352 343 334 328 329 335 346 355 0 360 360 3 7 7 6 6 3 358 356 357 2 10 17 22 22 20 17 16 13 10 8 6 4 359 354 348 345 346 350 353 355 356 358 359 359 358 355 355 356 358 0 2 3 5 6 7 8 8 5 1 357 355 355 358 1 3 5 6 6 5 4 0 357 353 350 347 349 353 352 350 354 1 7 9 8 5 2 0 0 358 355 351 352
27 20 4 354 347 339 330 326 327 335 346 356 358 359 2 6 6 3 1 360 357 358 1 7 15 21 23 21 18 15 13 11 9 8 7 6 3 359 353 346 342 342 346 350 353 355 357 357 357 356 357 358 1 4 5 5 4 2 1 3 6 8 7 4 1 358 357 357 359 3 6 8 8 6 1 357 353 349 347 347 347 345 343 349 1 10 11 8 4 1 360 358 354 350 350 354
24 17 4 356 351 345 339 330 324 323 333 346 353 355 358 4 6 4 359 357 357 0 6 12 18 22 22 19 15 12 10 9 8 8 8 7 5 2 359 353 344 339 338 342 348 353 355 355 355 355 357 359 3 7 8 6 3 1 1 2 5 9 10 9 6 2 359 357 358 1 4 7 7 5 1 357 353 349 345 344 343 341 339 344 358 9 11 7 3 360 358 355 350 349 353 4
18 13 4 359 355 351 347 339 329 321 322 333 343 347 351 360 6 6 2 358 357 2 9 15 19 21 20 17 13 9 7 7 8 8 7 5 5 4 3 360 354 345 338 336 341 349 353 353 352 352 354 358 3 7 9 7 6 5 6 7 9 10 11 11 9 6 2 358 357 360 3 5 6 4 1 358 354 348 343 341 340 339 338 342 351 3 7 5 0 358 355 352 351 355 6 19
11 8 4 2 0 358 354 347 338 329 325 327 331 337 344 355 5 9 7 2 358 2 10 17 20 19 17 14 11 7 5 5 5 3 2 2 4 5 6 5 3 358 349 342 341 346 351 352 350 349 352 357 2 7 9 10 11 11 14 15 14 12 11 10 10 8 3 358 357 360 3 5 4 2 359 357 354 350 346 343 341 339 339 337 347 355 1 360 357 355 353 353 357 8 20 26
3 4 5 5 5 3 359 353 345 340 336 332 330 331 337 349 3 10 10 4 0 3 10 17 19 16 13 11 8 5 2 1 359 358 357 360 3 5 7 7 7 5 1 355 348 347 350 351 349 349 352 358 3 6 10 15 17 20 21 20 17 14 10 7 7 6 3 359 358 360 2 3 1 358 356 355 354 352 351 350 348 346 344 344 346 352 356 355 354 354 355 358 7 17 20 20
354 359 6 8 7 5 1 356 351 348 346 343 338 334 335 344 358 6 7 4 3 5 10 15 15 12 10 7 4 2 359 356 355 355 356 359 2 4 5 7 7 8 7 4 357 350 348 348 348 350 356 2 6 8 11 17 23 25 24 20 17 13 8 3 1 2 2 3 3 1 360 359 357 355 354 354 353 354 355 356 354 352 350 349 350 352 353 351 351 355 0 5 10 13 13 12
344 353 4 8 8 5 1 357 356 355 354 351 348 345 341 344 352 359 1 3 5 8 12 13 11 9 6 2 359 357 355 353 353 355 359 1 0 0 2 4 6 7 9 8 4 357 351 348 348 352 359 6 10 12 14 18 22 22 21 18 15 10 4 359 355 357 1 5 6 3 358 356 354 352 352 353 354 356 359 360 357 354 353 352 353 353 350 348 350 357 2 5 6 7 7 8
345 348 356 3 4 3 1 359 360 1 0 359 357 355 351 348 350 353 356 1 6 12 14 11 8 5 2 358 355 353 353 353 355 0 3 1 358 358 360 1 2 4 7 8 8 4 356 351 351 355 3 9 15 18 19 18 16 15 15 14 10 5 1 357 354 354 359 5 6 4 359 354 352 352 353 354 357 1 5 4 358 351 348 348 350 350 348 347 350 355 358 1 3 3 3 3
354 351 349 353 358 1 1 2 3 4 4 3 2 2 359 355 353 352 354 359 8 15 15 10 6 2 359 356 354 353 354 358 3 7 5 359 356 357 358 358 358 359 2 7 9 7 1 356 356 1 6 13 21 23 19 13 9 9 9 8 5 2 359 356 354 353 357 2 5 4 360 354 353 354 358 2 5 8 9 6 359 349 343 342 344 344 344 345 348 351 354 356 359 359 359 358
356 355 352 350 351 356 1 3 5 4 4 4 4 4 4 1 358 357 357 1 11 16 15 10 6 3 360 360 360 359 0 5 8 9 5 359 356 357 357 356 355 355 358 2 6 5 2 0 2 6 12 17 20 17 11 7 5 4 3 1 1 360 358 356 354 353 355 359 4 4 0 356 356 1 8 10 9 8 6 3 357 351 346 343 340 340 342 344 346 348 351 352 354 355 355 354
354 356 358 357 354 355 359 2 1 358 356 356 358 0 2 4 4 3 3 6 12 14 13 12 10 8 6 5 5 4 3 2 4 6 5 2 359 356 355 356 356 355 355 357 358 0 2 4 8 13 16 17 14 9 5 3 3 2 358 356 356 357 357 357 355 354 355 359 2 4 2 1 4 10 13 10 7 5 2 359 355 352 348 344 341 341 343 345 345 345 348 349 350 352 354 355
354 357 2 4 5 4 2 359 354 349 346 345 347 349 353 1 7 8 8 10 11 12 13 14 14 12 8 5 5 5 3 360 359 2 3 3 1 358 356 356 357 356 354 353 353 356 1 8 14 17 17 14 9 4 2 2 3 360 355 351 351 353 356 358 357 356 355 358 1 4 6 8 12 12 9 5 4 4 1 357 354 352 349 346 344 345 346 346 345 343 345 347 349 352 357 1
0 1 4 10 13 10 2 356 351 348 347 346 346 346 348 356 5 10 11 11 11 13 15 16 15 11 7 4 3 5 5 2 358 357 359 1 1 360 357 356 355 354 353 351 351 355 3 12 17 18 17 12 6 2 360 1 1 357 352 349 348 351 355 358 360 359 357 356 358 4 9 12 12 8 4 2 3 4 2 359 356 353 350 349 349 350 349 348 345 342 343 346 349 355 1 3
3 5 9 13 12 6 358 353 350 349 350 351 352 352 353 357 3 9 11 11 13 15 17 16 13 9 6 3 1 2 4 3 359 356 355 358 360 0 358 355 353 353 352 352 353 358 7 15 18 18 15 10 3 360 359 1 359 353 349 348 348 349 353 358 1 2 359 355 355 1 7 10 8 5 2 2 3 3 3 2 0 357 354 353 354 354 352 348 343 341 342 346 350 355 359 358
6 10 15 13 6 359 354 351 351 352 353 355 357 359 360 0 3 8 10 12 14 16 16 14 11 8 5 2 360 359 0 0 359 357 355 356 358 359 358 355 353 353 354 357 1 7 12 15 15 13 11 6 2 0 1 0 356 351 348 348 349 350 352 356 0 2 1 358 354 355 0 4 4 3 2 2 2 2 3 4 5 4 1 359 358 357 353 348 344 342 344 346 349 352 353 354
17 19 18 8 358 352 351 351 353 355 357 359 2 4 5 5 6 8 10 11 13 14 13 12 10 7 4 1 359 356 355 356 356 356 356 356 357 358 357 356 356 357 0 6 12 14 12 9 6 5 4 2 2 2 3 359 354 351 350 350 352 352 352 353 355 358 0 359 354 349 350 355 358 359 1 2 1 1 3 6 9 10 9 5 360 357 354 352 349 348 348 348 348 347 348 352
24 20 9 359 352 350 350 353 356 358 0 2 4 6 8 9 10 10 9 10 10 10 9 8 8 6 3 0 358 355 352 352 353 355 356 358 358 357 357 359 1 5 11 17 17 13 6 1 359 358 358 360 2 5 5 1 356 353 354 355 357 357 354 350 347 348 351 352 347 340 338 342 347 352 356 360 0 0 2 6 11 14 15 10 3 358 356 356 356 354 352 349 348 347 349 353
15 9 1 356 352 351 353 356 359 1 2 3 5 7 10 12 13 10 8 6 5 4 4 5 5 3 1 359 357 354 351 351 353 356 359 360 359 359 2 6 11 17 21 19 12 6 360 355 353 353 354 358 2 6 6 4 1 359 1 3 5 5 2 352 341 337 334 332 330 326 323 326 332 340 346 353 356 357 358 2 8 14 16 14 9 3 359 359 359 358 354 350 349 350 352 354
0 359 358 356 355 355 357 359 1 2 3 3 5 7 10 13 12 9 6 3 0 359 360 0 1 1 359 357 356 354 353 353 356 1 4 3 1 4 11 17 21 22 18 11 5 0 355 351 349 350 353 357 1 5 7 8 7 7 9 11 14 15 10 359 348 342 337 332 329 325 319 315 316 324 333 341 346 349 353 356 2 10 16 18 16 9 3 359 357 356 353 350 349 350 352 352
346 349 355 358 359 0 1 2 2 2 3 4 5 7 10 11 10 7 5 3 360 358 357 356 357 357 356 356 356 356 357 0 5 9 9 7 9 15 21 22 20 16 10 4 360 356 353 350 348 349 352 356 360 4 7 10 12 13 15 18 19 17 9 0 354 348 343 341 338 334 326 318 312 312 318 325 330 336 343 348 354 3 14 20 19 14 6 0 357 356 354 351 349 349 349 350
334 339 351 358 3 5 5 3 3 2 2 3 5 6 7 8 7 6 6 5 2 359 356 354 352 352 353 355 358 1 7 12 17 19 16 15 17 21 20 16 11 7 3 359 355 353 352 351 350 351 353 355 359 2 6 9 13 16 19 20 19 13 6 360 355 351 348 347 346 342 336 331 324 318 316 316 316 319 327 335 343 354 6 16 18 16 10 3 359 357 355 352 350 348 348 349
327 332 345 355 4 8 8 5 3 2 2 3 3 3 3 2 4 4 5 4 1 358 355 352 351 351 354 358 4 11 19 25 25 22 19 16 15 14 12 8 4 1 358 354 351 350 351 353 355 356 355 355 356 359 3 7 13 17 19 18 14 8 3 360 357 355 353 353 352 349 346 344 339 332 326 321 317 314 317 322 331 342 354 7 15 17 14 8 1 358 356 353 350 349 349 350
325 330 341 351 1 8 10 8 5 3 2 2 3 2 1 1 1 2 2 1 358 355 353 352 353 355 359 5 13 22 29 28 23 17 15 12 9 8 8 5 0 356 353 350 348 348 351 356 0 2 359 355 352 354 358 5 12 15 15 12 7 3 1 1 0 360 359 357 356 355 355 354 349 343 339 335 329 323 322 322 325 331 342 355 8 15 16 13 5 359 356 353 350 349 350 350
327 329 336 345 355 4 10 10 8 5 4 3 3 3 3 2 0 359 358 356 354 353 353 355 357 1 7 15 24 28 26 20 15 12 10 9 7 5 5 3 359 354 349 346 345 347 351 358 4 7 5 357 350 349 354 3 10 11 9 5 1 358 359 2 4 5 4 1 0 1 2 1 355 350 347 345 339 335 333 332 330 329 333 343 356 9 15 15 9 2 357 353 350 349 351 352
333 333 336 341 348 358 7 11 10 8 6 5 3 3 4 3 1 358 354 352 352 355 358 2 6 12 18 25 26 22 15 11 9 8 7 6 5 3 3 2 358 353 347 344 344 346 351 357 4 8 7 2 354 348 351 359 5 6 4 359 355 354 357 2 7 9 8 6 5 5 5 4 1 357 354 350 346 344 343 343 341 335 331 333 343 357 9 13 13 7 0 354 350 349 352 354
337 338 342 343 345 352 2 9 12 11 9 6 3 2 4 2 1 357 353 352 355 2 9 16 22 28 32 28 19 9 5 4 4 5 4 4 3 3 2 0 357 352 348 345 345 347 350 354 360 5 7 5 359 352 351 355 360 2 360 355 352 352 355 1 6 9 9 9 8 7 6 6 6 4 0 355 352 352 352 352 350 344 336 330 331 340 355 7 12 10 5 358 352 351 353 356
334 338 345 347 346 348 356 6 12 13 11 8 5 4 4 4 0 357 356 359 7 17 27 34 37 37 33 21 6 358 357 358 360 1 2 2 2 2 1 358 355 351 349 349 350 350 349 350 354 359 4 6 3 357 354 354 357 359 357 353 351 351 352 356 0 4 7 9 9 8 7 7 9 9 6 2 360 0 1 0 356 351 346 337 329 327 336 351 4 9 8 3 357 354 354 356
331 334 342 345 345 345 351 1 9 13 14 12 9 7 6 4 1 359 2 11 20 31 35 34 31 27 21 11 359 351 349 352 354 356 359 0 1 1 360 357 353 349 348 350 353 354 352 348 348 353 360 4 4 1 358 357 357 359 357 353 351 349 349 351 353 357 2 6 8 7 7 8 10 10 10 9 10 9 7 4 1 359 355 347 337 330 329 334 346 358 4 4 1 357 354 355
338 337 336 337 340 341 344 354 4 11 15 15 13 10 8 6 3 4 10 21 25 25 25 24 21 17 14 9 1 353 350 350 350 352 355 358 359 358 357 355 352 349 348 350 353 354 352 346 342 346 353 0 4 5 2 360 360 360 358 355 352 348 344 343 345 351 357 2 5 7 6 7 9 10 13 16 18 16 11 6 6 6 2 353 345 341 337 334 336 342 351 358 0 357 353 352
354 347 339 337 337 338 339 345 355 6 14 17 17 13 10 8 7 9 17 20 18 19 19 18 15 13 11 9 5 359 355 355 355 353 353 354 355 355 354 353 352 352 352 353 352 349 345 339 335 337 345 355 3 6 4 2 1 0 359 358 356 350 344 340 340 344 353 360 3 5 4 3 6 9 13 18 20 19 15 11 11 9 3 355 350 348 348 346 343 341 343 348 353 353 351 350
359 353 346 345 346 345 343 343 348 358 9 16 18 17 13 11 10 10 12 14 13 13 13 13 12 11 11 10 7 3 359 358 358 358 355 353 352 352 352 353 354 357 360 359 353 346 342 339 337 336 340 350 1 7 5 3 1 1 0 360 358 353 348 343 339 340 347 354 358 2 3 1 2 6 10 13 17 19 18 16 13 9 3 358 355 354 355 355 352 348 346 346 347 349 349 349
354 352 350 351 353 353 352 349 349 354 3 11 17 19 17 14 12 9 11 7 7 7 7 8 9 10 10 11 11 8 3 359 358 359 358 356 352 351 351 353 357 2 4 0 353 347 345 344 343 341 341 346 358 5 5 3 2 1 0 359 359 357 353 349 343 340 341 347 351 357 1 360 360 3 5 6 11 16 17 15 12 8 5 2 1 2 3 1 356 350 347 346 347 348 349 349
349 350 352 355 357 359 358 356 355 356 360 6 13 18 19 17 12 5 2 1 1 1 3 4 6 8 10 12 13 12 8 3 358 356 356 356 354 351 350 351 356 2 5 1 355 350 349 349 350 349 345 345 354 3 5 3 2 1 359 358 359 360 359 356 352 346 342 342 345 351 357 358 358 0 0 360 4 10 13 12 10 9 9 9 9 10 8 3 356 351 348 346 346 348 351 352
344 347 354 358 0 2 2 2 2 0 358 2 7 15 16 18 12 8 358 356 357 358 359 2 4 6 8 11 13 14 12 7 1 356 353 353 353 351 349 349 352 359 3 3 360 356 354 354 354 352 347 344 349 359 4 3 1 360 358 358 360 2 3 2 359 354 346 340 339 345 353 355 354 356 356 355 358 3 7 7 8 11 14 17 18 14 7 360 355 353 352 350 349 350 354 355
342 346 355 1 2 2 4 5 5 2 360 360 3 7 12 15 15 4 2 355 356 357 358 360 2 3 5 8 11 14 13 10 4 358 353 351 351 351 350 348 349 353 0 4 5 3 0 358 357 353 348 344 347 356 2 2 360 358 359 0 3 5 5 5 3 359 352 342 334 336 346 351 349 351 352 351 352 357 0 3 5 11 18 21 20 13 3 357 356 357 357 357 356 356 358 359
343 347 357 1 2 2 3 4 4 1 359 359 3 10 10 20 13 6 2 359 358 358 358 357 358 360 2 4 8 12 13 10 5 358 352 349 350 351 352 351 350 351 357 4 8 8 5 2 1 357 352 347 347 354 360 360 358 358 1 6 10 11 7 5 2 358 352 344 335 331 336 343 343 344 349 350 350 351 355 359 2 7 15 19 17 10 2 358 358 359 1 2 3 4 4 3
348 351 357 1 2 2 2 2 1 359 358 0 5 11 12 10 8 7 6 3 360 358 356 356 356 357 359 1 4 8 10 8 2 356 352 349 349 350 352 355 355 354 356 4 10 11 8 4 3 2 359 355 352 355 359 359 357 359 5 12 16 17 12 5 358 354 350 346 341 334 331 332 333 337 344 348 347 346 349 356 360 2 8 13 12 8 4 1 0 2 4 6 8 9 10 8
352 354 358 0 1 2 2 1 359 358 359 2 8 12 11 9 8 7 6 3 360 357 356 356 356 357 358 360 1 3 5 3 358 355 353 351 348 348 352 357 0 359 358 3 10 13 10 5 3 3 4 2 359 358 359 360 359 1 7 14 18 18 12 3 357 355 352 349 345 341 336 330 324 324 333 339 340 338 342 352 358 0 1 3 6 8 7 5 3 4 6 8 10 12 14 13
353 355 358 360 1 1 1 359 358 358 0 5 10 18 10 8 7 6 4 1 358 356 356 356 357 358 359 359 359 360 359 357 354 354 355 355 353 349 350 357 3 4 2 5 11 14 12 6 3 3 5 5 3 0 358 359 0 2 6 11 15 15 10 4 0 359 356 351 349 347 344 336 323 314 315 323 324 325 331 344 353 355 355 357 2 7 9 8 5 6 8 11 13 15 17 16
353 355 357 359 359 360 360 359 359 360 3 8 12 18 9 7 5 4 2 359 356 355 355 356 357 358 358 358 358 356 354 352 352 353 356 358 359 356 352 355 3 8 8 8 12 15 15 10 5 2 0 1 1 358 355 355 358 1 4 8 13 14 11 8 5 1 357 355 355 355 351 343 332 322 317 316 315 314 318 330 341 347 349 353 358 5 10 11 7 6 9 13 17 19 19 17
352 354 356 357 358 358 359 0 1 3 6 11 13 11 7 5 4 2 1 358 355 354 355 357 358 358 358 357 355 352 350 350 351 352 354 358 2 3 360 358 3 12 14 13 14 17 17 11 6 2 360 358 355 351 348 350 355 359 3 7 12 14 14 11 6 2 360 1 3 0 354 347 341 336 330 324 320 317 311 321 329 336 344 349 354 2 11 14 11 7 6 11 18 22 21 19
349 351 355 357 357 358 359 1 4 7 11 14 13 8 5 3 3 2 0 359 357 355 356 357 357 357 357 355 352 348 347 349 353 353 352 355 2 7 8 5 6 14 17 15 14 16 14 9 5 4 3 359 351 343 341 344 352 358 3 7 11 14 15 12 8 5 6 7 5 359 353 349 346 344 340 335 330 326 324 323 319 330 337 345 350 358 8 14 13 9 6 9 16 21 20 19
345 348 353 356 358 359 0 2 6 10 14 15 16 6 2 2 2 2 2 1 359 358 357 356 356 356 355 353 348 346 346 350 355 355 351 353 0 8 12 13 13 14 15 12 11 12 12 10 9 8 5 356 345 340 340 344 351 357 2 6 11 14 15 13 11 10 8 4 359 355 353 352 350 348 345 342 338 335 332 330 330 331 333 339 347 355 4 11 13 11 10 13 17 19 19 17
344 345 349 355 358 1 2 3 6 12 16 16 10 5 1 1 1 3 3 3 2 360 358 357 356 355 353 349 345 344 347 352 356 357 354 353 357 6 14 19 19 16 12 9 9 12 13 15 12 8 359 349 343 342 344 347 351 356 1 5 9 13 14 14 11 7 2 358 356 355 355 354 354 353 351 349 346 344 342 339 336 333 330 333 342 352 360 8 13 14 15 19 19 17 15 12
345 346 349 353 358 2 4 5 6 11 16 15 9 4 1 360 0 2 4 5 4 2 359 357 356 355 352 346 342 342 347 352 357 1 1 356 356 4 17 25 25 20 14 11 9 12 14 15 10 1 351 345 345 347 350 352 353 356 359 2 6 11 12 11 6 2 359 357 357 357 357 357 357 356 356 355 354 353 352 350 345 338 332 330 336 347 356 4 12 18 21 22 18 13 9 6
344 346 351 353 356 1 5 6 7 10 12 11 7 3 1 360 0 2 5 7 7 4 1 359 357 355 351 344 340 340 344 349 355 3 6 2 0 7 21 29 28 22 16 11 8 8 10 9 3 354 348 347 348 352 356 356 355 355 357 359 2 7 10 8 3 360 358 358 358 358 359 359 359 359 359 359 360 360 0 360 357 350 340 333 333 341 352 2 13 21 24 22 17 10 6 4
342 345 352 354 356 360 5 7 7 8 7 6 4 3 2 1 1 3 6 8 8 7 4 0 357 354 349 343 339 339 341 344 351 1 7 7 7 13 20 23 21 16 12 8 5 3 2 0 357 354 351 351 354 357 360 359 357 356 357 358 359 3 7 6 3 360 358 358 358 358 358 359 360 360 1 3 5 6 6 5 4 0 354 345 339 341 348 0 14 23 25 22 17 13 10 8
