project/data/elevation/US_DEM2016/US_DEM2016_point_11-01-2019_1119_30m_ang.asc
ncols	125
nrows	167
xllcorner	-2042055.000000
yllcorner	1465035.000000
cellsize	30.000000
NODATA_value	-9999.000000
[rows 42 to 83 of 167, columns 0 to 93 of 125]
271 270 268 267 267 268 268 268 270 273 275 275 270 260 258 262 265 267 269 272 274 276 277 278 277 277 275 274 273 271 270 274 277 280 283 286 289 291 288 281 276 277 280 277 271 268 268 272 276 276 275 278 284 286 281 278 277 274 269 265 263 263 266 270 274 277 277 279 281 285 287 289 290 288 283 282 289 292 286 280 277 279 280 278 275 272 272 273 275 275 274 273 272 269
271 270 269 268 267 267 268 269 272 275 275 273 264 257 260 264 266 268 270 274 277 278 278 279 278 277 276 276 276 275 275 277 280 284 284 283 283 285 285 280 274 272 274 274 271 269 268 271 275 276 275 275 278 283 281 277 274 272 268 265 263 263 266 271 273 274 275 278 281 283 283 283 285 285 282 282 288 292 289 283 282 285 286 284 280 274 271 270 272 274 272 269 266 263
271 271 269 268 268 268 270 272 274 275 274 268 257 255 262 266 268 270 273 277 280 281 280 280 279 278 277 277 278 280 280 279 282 284 283 279 276 277 280 279 273 269 267 270 270 269 267 267 270 273 274 275 277 282 285 281 277 274 270 266 264 264 266 269 271 272 276 279 279 277 275 276 279 281 280 281 287 292 291 288 289 292 290 287 282 276 271 267 269 272 272 268 262 256
272 271 270 270 271 272 273 274 274 274 271 262 250 255 263 267 269 271 274 278 281 282 281 280 278 278 278 279 281 283 284 276 280 280 281 279 274 271 272 274 272 266 262 264 268 267 266 267 270 272 273 274 277 284 291 288 282 276 271 267 265 265 266 267 270 274 276 275 271 269 271 274 276 278 279 282 286 291 293 293 296 297 293 289 285 279 271 265 264 267 270 268 260 252
273 273 272 273 274 275 276 276 274 271 266 255 249 260 267 269 271 273 275 277 279 280 280 279 278 278 278 280 283 286 285 282 277 276 280 280 275 269 267 268 268 263 259 261 264 266 267 270 271 271 269 269 274 286 297 296 286 278 272 268 266 265 266 267 270 273 272 268 266 268 272 274 276 277 278 281 285 289 292 296 301 303 298 292 287 281 273 266 263 263 265 264 255 250
274 274 275 275 275 275 275 275 273 269 261 250 255 266 271 272 273 274 275 276 277 278 279 279 279 279 280 282 285 286 284 280 275 274 277 280 276 270 265 263 261 259 259 263 265 266 268 270 269 266 263 267 276 288 301 304 291 280 274 269 266 266 266 267 268 268 267 267 269 272 274 275 276 277 278 280 283 287 291 296 303 308 305 296 288 283 276 269 265 263 261 255 247 246
274 275 277 277 275 273 273 272 271 267 256 249 260 270 274 275 274 273 273 274 275 276 278 279 279 279 281 283 285 285 284 279 274 271 272 277 277 272 266 260 255 257 262 266 268 267 267 266 264 262 264 272 282 291 303 312 300 284 276 271 267 265 265 265 265 266 268 271 274 276 276 276 277 277 277 279 282 285 289 294 300 307 308 301 291 284 279 274 268 263 256 248 243 242
273 274 276 277 274 271 270 269 269 264 250 250 263 270 274 274 273 272 271 271 272 274 276 278 278 279 280 283 285 286 285 281 275 270 268 273 276 272 265 257 253 256 263 267 269 267 265 263 262 263 272 281 287 293 304 316 306 288 280 275 269 265 263 264 266 268 272 277 280 282 281 281 281 281 281 281 282 284 286 288 293 300 305 304 295 286 281 276 270 262 252 246 245 247
272 272 273 275 275 272 269 268 267 261 248 254 264 269 272 272 272 271 269 268 269 271 274 276 277 278 279 282 285 286 287 285 278 271 267 268 271 268 260 254 253 258 264 267 269 267 265 264 264 269 280 286 289 293 301 314 308 291 284 280 274 269 266 266 269 273 277 282 286 287 287 286 287 287 286 284 283 283 282 282 283 289 297 301 298 290 283 277 270 260 250 248 251 255
272 272 272 274 275 274 270 267 266 260 253 261 267 270 271 272 272 270 267 266 267 268 271 274 277 278 279 281 283 285 288 287 282 274 268 266 264 258 254 253 256 261 265 268 270 270 269 269 270 276 282 286 287 289 295 308 305 291 285 281 278 274 271 270 272 276 280 283 287 289 290 289 289 288 287 285 282 280 280 279 278 279 285 293 296 293 285 277 269 258 252 252 254 255
272 272 273 274 275 275 272 268 266 263 264 270 272 272 272 272 271 269 266 266 266 267 268 272 277 280 280 279 280 283 288 289 286 279 271 265 258 252 253 257 261 265 268 270 272 275 277 278 279 280 281 280 280 282 288 297 295 285 280 279 278 276 274 272 272 274 277 280 283 287 289 289 287 286 285 283 280 278 278 279 277 276 277 281 287 290 287 277 267 258 254 254 252 253
272 272 273 274 276 277 275 270 267 266 272 275 274 273 270 268 268 267 266 264 264 265 268 272 277 280 280 277 277 280 287 291 290 284 275 266 256 253 258 263 266 268 271 274 278 282 285 286 285 282 277 274 273 274 278 283 281 278 277 278 278 277 274 271 269 270 273 277 281 285 288 289 287 285 283 282 279 276 275 276 276 274 273 275 279 283 284 277 268 261 258 254 252 257
272 272 272 274 276 279 278 273 269 268 273 276 273 269 266 264 265 265 264 263 263 265 268 272 276 279 279 276 275 278 285 290 292 287 278 268 258 258 264 268 269 271 274 278 283 286 287 287 285 281 275 270 267 267 267 266 270 275 278 279 279 276 273 269 266 267 271 276 280 283 284 285 284 283 282 281 278 274 271 270 270 269 271 275 279 280 280 276 270 266 262 258 258 265
273 272 272 273 274 277 278 275 270 268 271 272 269 264 262 261 262 263 264 264 265 266 269 272 275 277 278 277 276 278 282 287 290 288 280 270 262 263 267 270 272 273 276 281 285 286 284 283 282 280 274 269 265 262 259 256 265 276 280 280 278 275 270 267 266 267 271 276 278 279 278 278 280 282 282 280 276 271 267 264 264 267 272 279 283 283 280 276 273 270 267 266 268 271
273 273 273 272 272 273 274 274 272 269 268 266 263 260 259 260 261 263 266 268 269 269 270 272 274 276 276 276 276 278 280 283 286 288 283 273 266 266 268 271 273 275 279 283 285 285 283 281 281 280 275 270 264 259 254 253 265 276 278 277 274 271 268 267 267 269 274 274 274 273 273 275 278 279 278 275 272 268 264 262 265 272 279 284 288 287 283 279 276 275 273 273 273 275
273 273 273 271 269 268 269 272 273 270 265 260 258 257 258 260 263 266 270 272 272 272 272 272 273 274 274 274 276 278 280 282 284 287 287 279 272 270 270 272 274 276 280 283 284 283 281 279 280 281 277 271 264 257 251 253 264 272 273 272 270 269 268 268 270 271 271 270 269 269 272 276 276 274 271 269 268 266 264 266 273 282 287 289 290 289 286 282 280 278 277 277 278 281
273 273 273 271 268 265 266 269 271 268 262 258 258 258 259 261 264 268 271 273 274 274 273 274 274 273 272 273 276 279 281 283 283 285 287 284 279 276 274 274 274 276 279 281 282 280 278 277 279 281 278 272 264 257 251 253 261 267 270 271 272 272 271 270 270 270 268 266 267 271 275 275 271 266 264 265 266 267 269 275 284 288 290 290 289 288 287 284 282 280 280 282 284 285
272 272 272 272 270 267 267 267 266 264 261 262 263 264 264 265 268 271 273 274 275 275 276 276 275 274 274 275 276 278 280 281 282 282 285 285 282 279 278 276 276 276 277 277 277 277 276 275 277 281 280 274 266 259 254 256 261 267 271 274 276 277 276 272 269 266 264 265 269 272 274 270 263 260 262 265 268 271 278 285 289 290 289 287 287 287 286 284 282 282 283 286 287 285
271 271 270 272 272 270 267 265 261 258 260 267 270 271 271 270 271 273 275 275 276 277 278 277 274 274 275 277 277 276 275 276 278 282 287 288 283 281 281 279 277 276 274 272 272 273 273 272 275 279 280 277 272 266 261 262 266 269 273 276 280 281 281 277 270 264 261 263 268 270 269 264 259 260 264 268 273 278 285 288 289 288 286 284 284 284 284 284 283 283 286 289 287 283
271 270 269 271 272 271 268 263 258 254 259 268 273 275 274 272 271 270 271 272 275 277 277 274 270 271 275 277 277 276 274 273 275 281 290 294 288 283 282 279 276 273 270 269 268 268 269 271 275 277 279 280 279 275 271 271 272 274 276 279 282 285 285 281 274 266 262 264 267 267 264 260 261 265 270 274 280 284 287 287 285 283 281 281 281 282 282 283 284 285 286 289 287 282
271 270 270 270 269 269 267 262 254 250 256 264 270 273 273 271 267 263 264 268 274 276 275 270 268 270 275 277 278 279 278 275 275 278 287 296 290 284 280 277 274 271 269 268 267 267 268 271 275 279 281 283 283 282 279 278 278 279 280 283 286 287 286 282 276 270 268 267 267 265 264 265 269 278 276 280 284 287 286 284 282 279 277 276 276 277 279 281 284 285 287 288 286 283
271 271 270 269 268 267 264 258 249 246 251 259 265 269 272 271 267 261 261 266 273 276 275 272 271 273 276 277 279 281 283 280 277 276 282 290 287 281 277 275 274 273 272 271 270 269 269 270 274 278 282 283 284 285 283 282 283 284 285 287 287 286 282 277 274 273 273 271 269 267 268 272 278 281 281 282 284 285 284 281 278 275 272 270 270 272 276 280 283 286 287 287 286 286
272 271 270 269 267 265 259 249 242 243 248 255 262 268 272 274 272 266 263 264 268 273 278 280 279 278 278 277 278 281 284 284 280 278 278 281 280 277 276 276 277 278 277 275 273 271 271 272 274 276 279 281 284 286 286 286 287 287 288 287 285 281 276 273 273 276 276 273 270 269 272 275 280 282 281 279 279 281 282 278 274 272 268 265 264 267 274 279 283 285 287 287 286 288
272 271 269 268 266 261 251 240 237 241 247 254 261 267 271 275 280 278 270 266 266 270 277 286 288 284 280 278 277 279 281 283 283 281 280 280 279 277 278 280 281 281 279 276 274 273 275 275 274 273 274 278 284 289 289 288 288 289 287 285 281 277 274 272 274 276 276 273 270 271 273 273 275 279 280 277 275 276 278 274 270 268 264 259 258 264 272 279 282 284 285 285 285 288
271 270 269 266 263 256 243 235 236 242 247 254 259 264 269 275 282 286 281 272 268 269 275 284 290 288 284 281 278 277 278 280 282 284 287 290 286 283 283 283 283 281 279 275 273 274 276 276 274 272 272 275 283 292 292 290 290 290 286 282 277 274 271 270 273 275 275 274 271 271 272 272 273 275 278 276 272 271 271 270 267 262 258 255 257 264 273 281 284 284 284 284 285 287
271 270 267 265 260 251 238 235 240 246 250 253 255 259 264 272 280 287 288 282 274 271 274 280 286 289 287 284 280 278 276 277 281 286 295 299 294 288 285 283 282 280 277 274 272 273 275 276 275 274 272 273 281 293 295 292 290 288 284 278 274 272 269 270 273 275 274 272 271 271 272 273 272 271 272 273 269 265 263 263 262 258 253 253 259 268 276 284 287 287 286 285 284 286
271 270 266 262 257 246 238 242 250 255 255 254 253 255 259 266 275 283 290 289 282 276 275 277 283 287 288 286 283 280 278 278 280 286 295 301 295 288 283 281 280 278 275 272 270 272 274 275 275 275 273 274 280 293 297 293 289 284 279 275 274 272 270 272 274 274 271 269 269 271 272 272 272 269 268 267 263 258 255 256 258 255 252 255 265 274 280 285 289 290 291 288 285 285
271 269 265 260 253 241 238 246 255 261 261 258 255 255 258 263 269 277 285 290 287 281 278 278 280 284 286 284 283 282 281 280 280 283 292 299 295 287 283 281 279 277 273 270 269 271 273 273 272 272 273 275 282 293 296 291 285 278 274 274 273 272 272 273 272 269 267 265 267 270 270 271 272 269 265 260 256 252 251 254 255 255 254 260 270 278 282 286 290 295 296 294 288 284
271 268 264 258 249 237 237 246 254 261 265 265 263 261 262 264 267 272 279 287 288 284 281 279 279 280 281 280 279 280 282 282 280 281 288 297 297 290 285 282 279 275 272 270 270 270 270 268 268 269 273 278 284 293 293 285 278 272 271 272 271 271 271 271 269 266 264 264 265 267 269 270 269 267 261 255 251 250 251 253 255 255 259 268 277 283 286 289 293 299 301 298 290 285
271 268 263 257 246 234 236 245 252 258 265 272 274 271 269 269 269 271 274 282 287 284 285 282 279 277 275 274 274 275 277 280 281 282 286 295 297 292 286 282 278 274 271 270 269 267 265 265 268 272 276 280 286 291 288 279 272 269 269 270 269 270 272 272 271 269 267 264 264 266 268 267 265 261 256 253 250 249 252 256 260 263 269 279 287 291 292 293 295 299 302 298 290 285
271 269 264 256 242 233 238 246 251 255 263 276 283 282 278 276 275 273 274 277 283 284 284 281 280 276 272 270 269 271 274 278 280 283 287 295 297 292 286 281 276 272 270 269 268 266 266 269 273 277 279 280 283 288 286 279 273 270 268 268 268 271 276 279 280 276 271 266 265 265 265 262 259 255 253 252 251 252 256 264 271 276 282 289 293 296 296 295 293 295 299 295 287 282
271 269 264 253 239 235 242 250 254 257 264 276 284 287 285 282 281 279 278 278 282 285 284 282 279 276 272 269 268 269 273 276 278 282 287 295 297 291 285 279 274 272 270 269 268 269 271 274 277 279 280 278 279 286 288 283 278 274 272 270 270 274 280 284 283 279 272 267 265 263 260 257 255 254 254 254 253 257 266 276 284 290 294 294 293 294 296 293 288 287 289 288 283 278
272 270 263 250 237 237 247 256 261 264 270 277 283 285 286 286 286 285 284 274 284 276 275 279 276 276 274 271 268 269 271 274 277 280 284 292 296 290 284 279 276 274 272 271 270 271 273 275 277 278 279 277 277 283 288 284 281 279 277 275 275 278 281 281 278 272 268 265 263 260 257 256 256 257 258 259 259 266 277 285 291 297 300 296 290 286 288 289 285 280 279 279 278 274
272 269 262 249 237 241 253 263 270 274 276 279 281 284 286 287 289 288 288 286 283 282 280 276 273 273 275 273 270 268 269 271 274 277 280 288 293 290 284 281 278 276 274 273 271 270 271 274 275 276 277 279 279 282 286 285 283 281 279 277 278 279 278 274 267 264 264 264 261 258 257 257 259 262 265 266 268 274 281 287 292 296 297 294 286 280 278 282 282 277 273 273 272 270
271 268 260 248 239 249 264 273 278 279 278 278 280 283 286 288 286 286 285 283 281 278 275 272 270 271 274 275 272 268 267 267 269 272 277 285 291 289 283 279 277 277 276 273 270 268 269 272 274 275 277 279 281 284 287 286 283 281 279 278 278 277 271 263 260 261 264 263 260 259 259 260 264 268 271 274 278 281 283 283 284 285 286 287 285 279 275 275 277 276 273 270 269 267
270 267 259 248 246 264 274 277 277 276 274 275 279 283 286 288 279 288 286 283 279 276 274 271 269 269 272 276 275 271 267 265 266 270 275 282 287 285 279 277 277 278 277 273 270 268 269 271 274 276 277 278 281 287 291 289 285 282 281 279 277 272 263 259 260 263 265 265 264 263 262 264 269 275 279 282 285 285 280 278 275 275 278 283 285 284 279 275 273 273 271 269 267 266
271 267 258 251 258 271 274 273 272 272 274 277 281 284 286 287 287 285 283 281 278 275 273 271 269 268 270 276 278 275 270 267 267 269 273 277 280 280 278 278 278 277 275 272 269 268 269 271 273 274 275 277 281 290 297 295 289 286 283 280 274 266 260 261 265 267 268 269 270 269 268 271 284 282 276 286 285 285 282 277 272 269 270 276 282 285 283 278 272 268 267 268 268 267
271 267 259 256 264 271 271 270 271 274 278 281 284 285 287 286 285 283 281 278 276 273 272 270 268 267 268 274 280 278 274 271 269 269 270 271 272 273 275 276 275 274 272 269 267 267 268 271 273 274 277 280 285 294 303 301 291 285 282 276 269 264 264 268 271 273 275 277 277 275 275 278 275 286 286 284 276 280 280 278 274 269 268 270 275 280 282 280 274 267 268 270 270 271
272 269 263 261 266 271 272 273 276 279 282 285 286 287 287 285 282 280 278 275 273 272 270 269 267 266 267 272 279 279 277 275 271 269 268 267 266 268 270 270 270 270 269 266 265 265 268 272 275 279 282 285 288 294 304 302 290 281 275 272 268 268 272 276 278 280 282 282 279 278 278 279 281 283 283 280 276 275 276 279 279 274 270 268 269 273 277 278 276 272 272 274 275 276
275 273 271 269 271 274 276 278 280 283 285 287 287 287 284 281 278 276 274 272 271 270 269 268 266 265 264 268 275 277 277 277 276 272 269 266 265 267 269 269 270 270 269 266 264 264 267 272 278 282 284 287 288 293 303 304 292 280 275 272 272 274 278 281 284 285 285 281 278 277 277 277 277 280 282 279 276 274 273 276 281 280 273 268 266 266 270 273 275 275 276 278 281 283
279 279 279 277 276 277 279 281 283 285 287 287 286 284 281 277 274 273 271 270 270 269 267 267 266 264 262 263 269 273 274 278 281 279 273 270 271 272 273 273 273 273 271 268 266 265 266 270 276 280 283 285 288 293 303 308 299 287 280 277 277 279 281 284 286 286 283 279 277 277 277 275 274 278 282 281 277 275 270 272 277 282 278 270 265 263 264 267 272 276 278 281 285 288
280 282 283 280 279 280 282 284 285 287 287 286 284 281 278 275 272 270 268 268 269 267 265 266 266 264 261 261 264 268 272 277 282 284 281 278 276 277 277 278 277 275 273 270 268 266 267 269 273 277 281 284 288 294 304 311 304 293 285 282 281 282 283 284 285 285 283 281 280 279 276 274 273 275 282 282 279 276 273 270 272 279 282 275 268 264 261 261 268 275 278 281 286 288
