project/data/elevation/US_DEM2016/US_DEM2016_point_10-28-2019_2259_30m_ang.asc
ncols	125
nrows	167
xllcorner	-2042055.000000
yllcorner	1465035.000000
cellsize	30.000000
NODATA_value	-9999.000000
[rows 44 to 87 of 167, columns 0 to 95 of 125]
338 341 346 349 351 351 352 352 353 355 359 5 9 19 358 356 355 355 354 352 348 347 348 350 350 350 350 350 348 347 344 342 342 345 348 350 350 348 344 345 353 359 0 357 354 354 356 355 352 350 349 353 357 355 349 347 349 351 353 354 356 356 355 353 353 350 347 346 347 347 343 336 326 317 313 313 313 312 314 324 336 340 340 342 345 349 356 359 357 356 360 6 12 17 18 12
338 341 346 349 350 351 352 354 356 359 3 9 10 3 357 355 354 354 353 351 348 346 347 349 350 349 349 348 346 343 340 339 341 344 346 349 352 354 351 348 352 1 5 1 355 354 355 355 354 352 351 351 350 347 342 342 346 350 352 354 356 356 357 357 354 350 349 351 352 349 343 337 333 330 325 321 319 317 307 319 326 331 336 339 341 346 355 1 0 356 356 2 13 19 17 12
336 339 345 348 349 351 352 355 359 3 8 12 8 359 354 354 354 353 353 352 349 347 347 349 349 349 348 346 343 339 337 338 341 343 344 346 351 357 359 356 357 3 6 1 355 354 353 353 354 354 354 351 345 341 338 339 344 350 353 354 355 356 358 357 354 353 354 356 353 347 343 340 338 336 333 329 326 325 324 324 314 328 332 336 339 344 353 1 3 0 359 3 12 17 14 10
332 336 343 347 350 351 353 355 359 5 12 13 18 357 351 352 353 353 354 353 352 350 348 348 347 347 346 344 339 336 336 339 341 343 343 344 349 356 2 5 6 5 2 357 355 353 353 354 356 357 354 346 339 338 339 341 345 350 353 354 356 357 358 358 357 356 356 353 348 345 344 343 342 340 338 335 333 332 330 330 331 331 330 333 337 343 350 358 2 3 4 9 14 13 11 8
332 334 340 346 350 353 354 356 359 6 14 13 2 356 350 350 350 352 354 355 354 351 349 348 347 345 344 340 335 334 338 341 343 345 345 345 346 353 3 11 13 6 358 354 353 353 353 357 359 355 347 339 337 340 344 346 347 349 353 354 356 357 358 359 358 355 352 349 348 347 348 348 347 346 344 342 340 339 338 337 336 333 329 329 334 341 347 354 1 6 10 16 16 11 7 4
333 335 340 344 349 353 356 358 0 7 13 9 359 355 351 350 349 351 354 356 356 353 350 348 346 344 341 336 332 333 339 342 344 348 351 348 346 351 4 17 18 8 358 353 351 351 354 358 357 350 341 338 340 344 350 351 350 349 351 353 354 356 358 357 355 352 351 350 351 351 351 351 351 351 350 349 348 348 347 346 343 337 331 327 330 337 344 350 359 8 16 20 14 5 1 358
332 336 342 345 348 353 358 360 1 6 9 4 358 355 353 351 350 351 354 357 357 355 351 349 347 344 340 333 330 332 337 339 343 350 356 354 353 357 10 20 17 8 360 354 350 349 352 354 352 345 341 341 344 350 355 356 353 349 349 350 350 353 355 355 353 351 351 352 353 353 353 354 354 353 353 353 354 355 356 355 353 347 339 332 329 333 340 347 359 12 20 20 11 1 356 353
330 334 343 347 348 352 357 0 3 5 3 358 356 356 355 353 351 352 355 358 358 356 354 350 347 343 338 332 330 331 334 335 339 348 356 359 1 6 11 12 9 4 359 356 352 349 349 349 349 346 345 346 350 355 359 359 354 350 349 349 348 349 351 352 351 350 350 351 351 351 352 353 353 353 354 356 358 359 0 0 359 356 351 343 336 335 337 345 0 15 20 17 9 3 358 355
329 333 342 347 349 351 354 360 4 3 357 353 354 356 357 356 354 353 355 358 359 357 355 352 346 341 337 332 330 331 332 331 335 343 353 1 8 9 6 4 2 359 357 355 352 348 345 346 348 350 351 354 356 359 2 2 357 352 351 350 348 347 347 348 349 348 346 344 341 340 341 345 348 349 351 354 357 359 360 360 360 359 357 350 349 321 339 344 2 14 16 13 10 6 2 359
331 334 340 344 347 349 351 357 4 2 10 353 352 358 1 1 357 355 356 359 359 358 355 352 346 341 336 333 333 333 333 331 332 338 348 3 10 7 1 359 358 356 354 352 348 343 342 344 349 354 358 0 1 2 5 5 360 355 353 350 348 347 346 347 349 348 344 340 337 335 333 333 336 340 344 347 351 356 357 355 354 354 355 355 355 331 347 348 360 6 7 9 9 5 1 358
336 337 340 343 345 346 347 354 3 3 353 356 351 1 6 5 0 357 357 359 359 357 354 351 347 342 337 335 335 337 337 336 334 335 345 3 10 4 357 355 354 353 351 347 342 339 340 344 350 355 1 4 5 5 8 7 2 356 352 349 348 348 348 349 351 350 346 344 342 341 338 331 325 325 331 335 339 347 351 348 343 339 338 341 348 352 353 354 356 357 0 4 3 359 357 355
339 340 343 345 347 347 346 351 360 3 354 2 354 8 10 14 3 0 358 356 355 355 353 351 348 343 338 336 337 338 341 341 338 337 345 1 7 1 356 354 352 350 346 341 337 336 339 345 351 355 1 6 8 9 11 10 2 354 350 349 349 349 349 351 351 350 348 347 346 346 343 337 328 324 324 324 324 331 336 338 307 330 330 336 312 348 354 355 352 353 356 359 357 355 353 350
341 342 345 348 351 352 351 351 357 0 355 15 16 10 10 6 3 1 357 353 352 353 352 351 349 345 341 338 337 339 343 344 343 343 348 357 1 359 357 355 352 348 342 337 334 335 340 346 351 354 359 6 10 12 15 11 2 354 350 350 352 352 351 350 349 348 349 350 350 349 346 343 341 340 338 322 309 304 332 334 333 331 333 339 326 350 354 353 350 351 354 355 353 352 348 344
338 341 347 352 355 357 357 355 358 359 15 356 1 6 6 4 2 360 356 353 351 351 351 351 349 347 345 342 340 342 345 348 349 351 354 355 356 357 357 355 352 347 340 335 333 336 342 347 350 352 356 5 12 17 18 11 2 356 355 355 355 354 352 349 347 348 351 353 352 349 346 346 348 351 350 343 339 338 337 334 333 334 337 336 350 354 355 352 349 349 352 353 351 347 343 342
334 338 347 353 358 1 0 360 2 1 356 356 359 1 1 1 359 358 356 354 351 350 350 349 348 348 347 344 342 344 348 350 353 356 358 354 352 353 354 354 352 347 340 335 334 337 343 346 347 347 350 2 14 20 18 10 3 0 359 357 355 354 352 349 348 350 354 354 351 347 347 350 355 357 352 345 341 339 337 335 335 337 342 349 354 356 356 352 348 348 350 350 347 342 341 345
330 335 345 352 358 1 3 4 7 5 17 353 354 359 356 356 355 354 353 352 351 349 347 346 347 349 348 344 344 346 349 351 354 358 359 355 351 350 351 351 350 347 341 338 336 338 341 344 343 341 343 356 12 19 14 7 3 1 358 356 354 352 350 349 351 355 356 353 349 348 350 355 359 356 349 344 341 339 338 337 339 343 347 352 356 358 357 352 347 345 347 346 343 340 343 354
329 334 345 351 355 359 4 9 12 9 358 349 349 350 350 350 349 349 349 349 349 346 344 344 346 347 345 342 344 349 353 352 353 356 356 353 350 349 349 349 348 346 343 341 339 339 340 340 339 338 339 348 4 11 7 2 1 360 358 355 352 349 346 347 353 358 359 354 351 351 355 358 357 352 348 345 343 342 342 342 345 348 351 354 338 359 357 352 345 343 344 343 340 341 351 0
328 333 345 352 354 357 3 11 17 14 0 348 345 345 344 344 345 345 346 344 342 339 338 341 344 343 339 338 342 350 355 357 356 356 354 351 349 348 348 348 348 347 345 343 343 344 344 342 341 342 344 349 358 3 359 357 358 357 356 354 350 346 343 345 352 358 360 356 354 355 357 357 354 351 349 348 347 347 348 349 351 353 355 357 359 0 358 350 343 341 341 340 339 345 355 357
328 333 344 352 356 358 3 13 21 18 5 352 346 342 339 338 341 347 347 340 332 329 331 336 340 337 333 333 338 346 353 358 360 359 357 352 348 347 349 349 350 349 346 345 346 349 349 347 345 347 349 353 359 2 357 353 354 354 352 349 346 344 343 345 351 356 357 356 357 358 358 356 353 352 351 351 351 352 354 356 357 358 359 348 1 2 360 350 341 338 338 337 339 347 352 349
332 336 344 351 356 0 5 15 21 17 8 1 354 348 342 336 356 347 349 343 334 327 325 330 334 332 330 330 335 341 347 353 359 2 2 358 351 349 350 351 351 348 345 345 348 351 352 352 350 350 353 357 2 3 357 352 352 350 346 343 342 343 344 348 352 352 352 354 358 360 358 356 353 353 353 354 354 356 358 0 2 3 4 4 341 332 360 349 340 337 336 336 340 346 346 343
337 340 347 352 357 2 9 18 18 13 9 6 2 358 352 345 348 344 348 349 347 340 334 331 330 330 329 330 335 340 342 345 353 1 5 3 357 352 352 352 350 346 342 343 348 352 354 354 354 355 357 359 3 3 356 351 350 346 341 339 341 343 347 352 352 348 346 351 357 359 358 355 353 353 354 356 357 357 358 2 5 6 7 8 8 329 357 348 339 335 334 335 340 343 340 338
339 342 350 355 359 4 13 17 13 10 9 7 5 3 0 354 346 342 344 349 352 350 344 337 331 329 329 332 338 343 344 343 346 355 2 0 357 355 353 351 348 344 341 342 347 351 353 354 357 360 1 1 3 2 355 350 347 342 338 339 343 346 350 353 350 345 343 347 354 357 356 356 355 351 352 356 0 360 358 1 6 9 9 9 7 359 351 345 340 336 334 334 338 341 338 334
339 343 351 357 1 8 13 12 8 6 5 5 6 6 4 359 352 344 341 345 350 351 349 343 336 331 331 335 342 348 349 348 348 351 355 354 353 352 352 350 347 343 341 342 347 350 351 353 357 2 3 3 4 360 354 348 344 340 338 342 348 350 353 353 349 343 341 346 352 355 355 356 357 354 351 355 3 7 2 358 5 12 11 4 355 345 341 340 340 338 336 337 340 343 340 335
338 343 352 358 4 10 12 6 18 1 2 3 5 6 5 2 357 349 342 342 346 349 349 346 339 334 334 338 345 351 353 353 352 352 352 350 348 349 349 349 347 343 341 343 346 347 348 351 355 360 3 5 4 357 351 345 341 339 340 346 350 352 354 352 347 342 342 347 351 353 355 355 357 359 357 357 6 15 356 359 2 317 5 353 343 336 334 337 338 337 337 340 343 347 346 340
337 343 353 1 7 12 10 1 356 355 356 359 2 3 4 3 1 354 346 341 341 344 346 345 341 338 337 340 346 351 355 356 356 356 355 350 346 347 349 348 346 344 343 345 346 346 347 350 353 356 359 3 3 356 346 340 339 341 346 349 351 353 353 349 345 342 343 348 349 349 352 351 351 358 4 6 11 14 16 4 359 360 355 345 337 333 332 335 336 335 337 341 345 350 351 347
337 342 355 3 9 13 9 1 355 353 352 354 357 358 360 1 1 358 352 345 341 341 342 342 341 340 341 343 345 349 352 355 357 359 358 353 348 347 348 347 346 345 346 347 347 348 350 352 354 354 353 355 356 348 345 337 338 346 352 350 350 352 349 345 343 344 346 350 349 347 346 345 345 353 7 14 14 10 9 0 355 352 347 341 336 333 333 335 334 335 338 343 347 352 355 352
337 343 355 5 11 14 9 3 1 357 352 348 348 351 354 357 359 359 356 349 344 341 339 339 341 343 345 346 346 346 346 348 353 358 359 355 349 347 347 346 345 346 348 348 349 351 353 355 354 352 349 349 352 351 348 341 345 353 355 352 352 351 345 343 343 345 349 353 354 352 349 350 351 357 7 10 8 3 358 354 350 347 344 340 336 336 337 338 338 339 343 347 350 353 357 358
339 344 356 6 13 13 7 5 5 3 358 349 343 343 348 351 354 357 356 352 347 343 340 339 342 346 350 350 350 348 345 344 347 352 356 354 348 345 345 345 346 348 349 348 349 352 355 354 352 350 349 350 353 354 355 349 353 357 357 356 356 353 348 345 345 347 351 354 356 355 354 356 359 4 5 2 359 355 352 349 346 345 344 341 339 341 344 346 346 347 351 353 353 355 0 4
340 346 357 7 13 11 6 4 5 5 3 356 348 343 344 347 350 353 354 352 348 344 341 341 344 350 354 355 354 352 349 348 348 351 353 352 348 344 344 345 347 349 349 348 349 353 354 352 350 350 352 354 358 358 354 352 354 356 357 358 358 356 353 350 347 348 352 356 359 359 0 3 6 5 1 357 354 350 346 344 343 345 345 344 343 345 350 354 356 358 359 359 358 360 5 7
342 347 358 8 12 8 4 2 1 2 1 359 355 350 347 345 346 348 350 350 348 344 342 343 347 351 355 357 357 355 353 352 352 353 355 353 348 344 345 347 349 350 349 348 349 351 352 352 352 353 355 359 2 0 355 351 351 353 355 356 356 354 351 349 348 350 354 358 2 5 7 9 7 1 355 352 349 345 342 340 342 345 347 347 348 350 354 359 3 6 7 5 3 4 8 7
344 348 359 8 9 6 2 359 357 356 356 356 356 354 351 347 344 343 345 348 348 346 344 346 349 351 354 357 358 358 356 354 354 355 357 355 348 344 346 348 349 349 349 348 348 350 351 352 352 353 355 359 3 2 355 350 349 350 351 352 352 350 348 348 351 356 359 1 6 11 11 8 1 355 350 347 345 341 338 339 342 345 348 350 354 358 357 359 4 10 12 10 7 8 9 5
345 350 0 7 6 4 1 355 351 350 350 353 354 353 351 346 342 340 341 344 347 347 347 349 352 351 351 355 359 359 358 356 355 355 356 354 348 345 346 347 348 348 347 346 347 350 350 349 350 352 352 355 360 1 356 350 348 348 348 348 347 347 349 353 0 4 3 1 6 11 9 2 356 350 345 343 341 339 339 340 342 343 345 348 356 2 3 360 1 8 13 12 9 9 8 4
344 350 1 6 4 1 356 351 348 347 348 351 351 349 346 343 341 339 340 343 346 348 350 352 353 353 351 352 357 359 360 359 358 356 355 353 350 347 346 347 347 347 346 345 347 351 352 351 351 353 353 354 357 358 353 348 347 348 348 346 345 348 356 5 9 6 1 359 3 5 2 357 351 347 345 343 341 341 343 346 346 342 338 338 346 358 4 5 5 8 11 10 8 8 7 3
342 349 3 6 2 355 352 350 349 349 350 349 347 345 341 339 338 339 340 343 346 349 351 353 354 354 353 351 353 357 1 2 0 358 356 356 354 351 349 349 347 346 345 345 347 350 352 353 352 352 353 355 356 354 349 346 347 348 347 346 348 355 5 7 5 2 359 358 358 358 356 352 348 347 346 345 344 345 349 353 354 350 344 337 337 345 357 6 9 11 11 7 5 6 5 2
338 348 4 7 359 351 350 351 359 353 351 348 345 342 339 337 338 340 342 344 346 349 352 353 354 355 354 351 350 354 360 3 2 360 359 0 0 356 351 349 347 346 346 346 347 349 350 350 349 347 348 350 351 349 346 344 345 347 347 348 353 3 5 2 359 358 357 355 353 353 352 349 347 348 349 349 348 349 353 357 360 359 354 348 343 342 348 359 9 12 9 4 3 4 4 1
338 348 5 6 357 351 351 354 354 353 350 347 343 340 338 338 340 342 344 346 348 350 352 353 354 356 354 350 347 350 356 1 2 2 3 5 4 360 353 350 349 348 348 348 348 348 348 346 345 344 345 346 347 348 347 344 344 347 349 352 0 4 0 356 353 353 351 350 350 350 349 347 347 348 350 352 352 352 353 357 1 2 1 357 352 350 350 356 4 8 5 1 1 2 1 358
343 352 2 1 356 353 352 353 352 350 348 344 341 339 339 340 341 344 346 348 349 351 353 354 356 356 354 349 344 345 348 354 358 2 5 8 4 2 356 355 354 352 352 351 351 351 349 346 343 343 345 346 348 350 350 346 346 351 354 357 1 360 355 351 348 346 345 346 348 348 346 345 345 347 349 352 355 355 353 353 356 1 3 3 359 356 355 358 2 2 360 358 358 359 357 353
353 355 357 356 355 353 351 350 349 347 344 341 338 338 339 342 343 346 347 349 350 352 354 355 357 357 357 351 344 339 338 339 346 357 5 10 7 0 357 356 355 354 353 353 353 353 351 347 344 344 345 346 348 351 351 348 359 352 355 358 359 357 352 348 343 341 342 346 349 347 344 343 345 346 348 351 355 356 356 352 351 354 1 5 4 1 359 0 1 358 356 356 355 354 351 348
358 356 354 353 352 351 350 348 346 343 340 338 337 338 341 343 346 348 350 350 350 352 355 356 356 358 359 357 350 342 334 330 332 343 359 4 2 357 354 353 353 353 353 353 353 354 352 350 347 346 346 346 347 350 352 350 358 350 353 356 356 354 350 344 340 340 344 348 348 346 343 343 345 347 348 350 353 356 357 357 352 350 355 3 6 6 3 2 0 356 355 355 352 348 346 346
357 356 355 353 351 349 348 346 343 340 337 336 337 340 342 344 348 352 354 353 351 353 356 355 355 357 359 359 355 349 342 338 336 339 348 356 357 353 351 349 349 351 352 352 352 353 352 351 350 348 347 347 348 351 354 352 359 351 349 352 353 351 347 342 339 340 347 349 347 345 343 344 346 347 346 347 349 353 357 359 357 351 350 358 5 8 8 5 0 356 355 354 350 346 345 348
353 355 356 354 350 347 345 343 340 337 335 336 338 341 344 346 350 356 360 357 354 356 357 354 353 354 356 356 356 353 350 347 346 345 349 354 353 350 348 347 349 352 353 352 351 351 351 351 351 350 349 349 350 353 354 353 348 346 347 348 349 348 345 342 339 342 346 346 345 345 345 346 347 344 341 339 341 347 352 356 359 356 350 350 359 7 10 8 3 359 357 356 352 348 350 356
352 353 355 353 349 346 344 341 338 336 335 336 339 343 346 349 354 1 5 1 357 356 354 351 350 351 352 353 354 355 354 354 353 351 350 351 350 347 347 348 351 352 352 351 350 349 349 350 353 354 353 353 353 354 355 353 347 345 345 345 346 346 344 342 340 342 344 343 344 346 347 350 350 347 341 335 332 334 339 346 353 355 351 345 351 3 9 10 7 3 1 0 359 356 357 0
351 352 352 350 347 344 343 340 337 334 335 338 341 345 349 354 1 8 8 1 355 352 350 349 348 348 348 351 353 355 356 358 358 355 352 350 347 345 348 353 353 351 350 350 348 345 346 349 353 357 357 358 358 357 356 353 2 344 349 344 345 345 343 341 341 343 343 343 344 346 348 351 353 353 350 345 338 332 331 328 338 347 347 340 341 353 4 8 9 6 4 3 4 1 358 359
350 350 349 347 345 344 342 340 337 334 336 340 343 348 353 1 8 8 3 358 352 349 346 345 344 345 346 350 353 353 354 357 360 359 355 352 344 346 351 355 353 350 350 349 346 341 341 346 352 356 358 360 0 1 359 355 349 345 345 345 345 345 343 341 341 343 344 344 345 346 346 348 352 356 357 355 351 347 343 339 339 342 342 337 337 345 356 3 4 3 3 5 5 1 358 357
