project/data/elevation/US_DEM2016/US_DEM2016_point_10-31-2019_0955_30m_vel.asc
ncols	125
nrows	167
xllcorner	-2042055.000000
yllcorner	1465035.000000
cellsize	30.000000
NODATA_value	-9999.000000
[rows 0 to 37 of 167, columns 0 to 83 of 125]
6.22 5.76 5.49 6.15 7.17 8.24 9.20 9.88 10.11 10.29 10.68 11.42 11.68 10.98 10.45 10.53 10.76 10.78 10.25 9.52 8.95 8.91 9.34 9.88 10.33 10.47 10.28 9.41 8.08 6.66 5.39 4.34 3.65 3.35 3.32 3.46 3.82 4.44 5.07 5.42 5.56 5.64 5.75 5.75 5.47 5.04 4.70 4.74 5.22 6.12 7.09 8.08 8.94 9.79 10.10 10.16 9.92 9.05 8.25 7.76 7.52 7.51 7.65 8.06 8.32 8.36 8.20 7.70 6.79 6.21 6.10 6.33 6.70 7.09 7.36 7.51 7.67 7.96 8.38 8.75 9.08 9.07 8.37 8.06
6.22 5.76 5.49 6.15 7.17 8.24 9.20 9.88 10.11 10.29 10.68 11.42 11.68 10.98 10.45 10.53 10.76 10.78 10.25 9.52 8.95 8.91 9.34 9.88 10.33 10.47 10.28 9.41 8.08 6.66 5.39 4.34 3.65 3.35 3.32 3.46 3.82 4.44 5.07 5.42 5.56 5.64 5.75 5.75 5.47 5.04 4.70 4.74 5.22 6.12 7.09 8.08 8.94 9.79 10.10 10.16 9.92 9.05 8.25 7.76 7.52 7.51 7.65 8.06 8.32 8.36 8.20 7.70 6.79 6.21 6.10 6.33 6.70 7.09 7.36 7.51 7.67 7.96 8.38 8.75 9.08 9.07 8.37 8.06
6.00 5.65 5.58 6.23 7.03 7.94 8.75 9.31 9.57 9.68 9.97 10.52 10.71 10.39 9.99 9.99 10.15 10.23 9.88 9.21 8.83 8.87 9.22 9.52 9.68 9.61 9.11 8.21 7.16 6.03 5.00 4.20 3.71 3.53 3.52 3.63 3.92 4.36 4.79 5.08 5.15 5.21 5.32 5.50 5.63 5.62 5.54 5.55 5.96 6.63 7.39 8.06 8.63 9.09 9.33 9.40 9.34 9.01 8.43 7.79 7.34 7.11 7.26 7.58 7.77 7.79 7.77 7.64 7.40 7.02 6.83 6.82 6.89 6.96 7.01 7.10 7.28 7.63 7.98 8.16 8.21 8.24 8.13 8.17
6.12 5.86 6.01 6.53 7.05 7.53 8.02 8.24 8.20 8.22 8.47 8.69 8.78 8.71 8.71 8.68 8.71 8.93 8.88 8.63 8.63 8.84 8.93 8.70 8.31 7.83 7.18 6.56 5.95 5.31 4.72 4.34 4.23 4.28 4.32 4.30 4.33 4.47 4.59 4.70 4.96 5.21 5.47 5.80 6.23 6.55 6.77 6.87 7.05 7.37 7.76 7.94 7.93 7.79 7.75 7.60 7.63 7.88 7.98 7.82 7.48 7.16 6.97 6.88 6.69 6.59 6.73 7.10 7.45 7.65 7.63 7.41 7.08 6.73 6.50 6.48 6.66 6.94 7.10 6.94 6.80 7.18 7.79 8.30
6.45 6.30 6.53 6.85 7.10 7.36 7.47 7.47 7.22 7.08 7.11 7.20 7.24 7.24 7.36 7.38 7.38 7.59 7.96 8.34 8.68 8.75 8.47 7.77 6.95 6.38 6.11 5.90 5.66 5.41 5.22 5.19 5.32 5.44 5.40 5.19 5.00 4.95 4.95 5.05 5.46 5.91 6.34 6.75 6.96 7.15 7.31 7.51 7.70 7.85 7.96 7.82 7.43 6.94 6.51 5.84 5.50 5.69 6.35 7.03 7.34 7.31 7.06 6.55 6.10 5.78 5.66 5.84 6.24 6.57 6.70 6.64 6.44 6.22 6.08 6.08 6.19 6.31 6.34 6.23 6.29 6.85 7.62 8.00
6.54 6.50 6.81 7.10 7.14 7.20 7.17 6.84 6.59 6.44 6.31 6.29 6.40 6.55 6.87 7.04 7.08 7.14 7.58 8.18 8.52 8.32 7.71 6.73 5.91 5.65 5.69 5.78 5.84 5.90 6.01 6.17 6.27 6.19 5.97 5.71 5.56 5.51 5.49 5.54 5.72 6.00 6.44 6.96 7.25 7.37 7.49 7.73 7.91 8.03 8.02 7.80 7.36 6.56 5.69 4.95 4.73 4.91 5.34 5.83 6.29 6.55 6.48 6.06 5.63 5.30 5.09 5.01 5.02 5.07 5.15 5.23 5.30 5.39 5.48 5.57 5.70 5.83 5.95 6.05 6.25 6.68 7.16 7.19
6.72 6.81 7.10 7.37 7.30 7.09 6.77 6.25 5.91 5.84 5.83 5.77 5.88 6.35 6.96 7.17 7.29 7.33 7.38 7.52 7.69 7.49 6.84 6.01 5.59 5.52 5.57 5.67 5.88 6.21 6.52 6.73 6.67 6.51 6.32 6.22 6.23 6.19 6.04 5.84 5.75 5.84 6.10 6.49 6.78 6.79 6.82 7.03 7.39 7.67 7.85 7.76 7.32 6.81 6.26 5.82 5.85 5.97 5.94 5.78 5.60 5.54 5.47 5.29 5.02 4.78 4.66 4.66 4.67 4.65 4.62 4.62 4.66 4.76 4.87 4.99 5.11 5.28 5.56 5.87 6.15 6.43 6.56 6.30
6.89 7.14 7.60 7.68 7.53 6.96 6.29 5.67 5.48 5.61 5.63 5.47 5.63 6.27 6.90 6.99 7.03 7.02 6.79 6.56 6.62 6.56 6.17 5.78 5.62 5.58 5.60 5.64 5.83 6.24 6.66 6.93 7.02 7.10 7.26 7.51 7.60 7.44 7.08 6.63 6.19 5.91 5.90 5.91 5.79 5.69 5.66 5.91 6.58 7.38 7.75 7.74 7.51 7.50 7.51 7.49 7.30 7.04 6.59 6.00 5.42 5.01 4.84 4.71 4.52 4.35 4.39 4.60 4.76 4.75 4.62 4.46 4.38 4.42 4.56 4.70 4.82 5.07 5.44 5.72 5.89 5.97 5.93 5.66
7.30 7.55 8.05 7.98 7.61 6.97 6.16 5.68 5.73 5.83 5.75 5.60 5.75 6.24 6.57 6.49 6.32 6.21 6.00 5.86 5.99 5.96 5.62 5.42 5.39 5.47 5.71 5.97 6.17 6.40 6.82 7.28 7.74 8.37 9.04 9.45 9.43 9.08 8.60 8.03 7.35 6.68 6.20 5.92 5.61 5.43 5.64 6.12 6.98 7.68 7.82 7.39 7.02 7.09 7.29 7.35 7.12 6.64 6.03 5.47 5.02 4.72 4.59 4.56 4.50 4.49 4.72 5.03 5.08 4.87 4.57 4.35 4.36 4.60 4.94 5.20 5.44 5.80 6.08 6.09 5.89 5.67 5.55 5.52
7.55 7.88 8.21 8.03 7.60 7.10 6.44 6.28 6.56 6.74 6.48 6.20 6.21 6.32 6.25 6.01 5.72 5.57 5.60 5.71 5.89 5.67 5.19 5.01 5.12 5.34 5.71 6.17 6.55 6.90 7.41 8.03 8.77 9.54 10.05 10.13 9.93 9.65 9.42 9.13 8.65 8.00 7.33 6.80 6.33 6.24 6.44 7.01 7.73 8.03 7.68 6.57 5.73 5.17 5.26 5.54 5.59 5.30 4.96 4.68 4.45 4.34 4.41 4.63 4.96 5.24 5.60 5.80 5.51 4.97 4.63 4.63 5.01 5.60 6.11 6.47 6.82 7.21 7.36 7.14 6.70 6.35 6.21 6.13
7.86 7.87 8.05 8.00 7.70 7.44 7.32 7.62 7.97 7.97 7.66 7.24 6.86 6.48 6.04 5.62 5.37 5.49 5.82 6.12 6.20 5.84 5.32 5.12 5.22 5.44 5.71 6.16 6.86 7.67 8.38 8.97 9.42 9.56 9.26 8.72 8.54 8.82 9.14 9.29 9.22 8.87 8.30 7.66 7.19 6.94 6.94 7.45 8.02 8.03 7.17 5.93 4.95 4.33 4.12 4.11 4.21 4.28 4.27 4.20 4.14 4.22 4.52 5.02 5.64 6.20 6.51 6.40 5.91 5.25 5.08 5.46 6.16 6.84 7.39 7.82 8.20 8.38 8.25 7.92 7.63 7.44 7.25 7.00
7.90 7.54 7.58 8.03 8.27 8.47 8.82 9.23 9.46 9.17 8.69 8.22 7.66 6.86 6.07 5.64 5.53 5.82 6.31 6.63 6.58 6.20 5.73 5.51 5.57 5.83 6.21 6.81 7.65 8.47 8.91 9.09 8.89 8.24 7.27 6.67 6.85 7.45 7.94 8.27 8.57 8.75 8.66 8.33 7.86 7.45 7.33 7.71 7.94 7.58 6.44 5.59 5.02 4.47 3.99 3.68 3.68 3.89 4.04 4.11 4.27 4.66 5.19 5.79 6.42 6.86 6.96 6.72 6.31 6.01 5.91 6.37 7.01 7.68 8.17 8.46 8.45 8.12 7.47 6.97 6.76 6.72 6.73 6.69
7.48 7.07 6.97 7.73 8.52 9.13 9.57 9.78 9.81 9.54 9.16 8.77 8.29 7.42 6.62 6.22 6.11 6.21 6.48 6.63 6.50 6.15 5.82 5.70 5.87 6.29 6.87 7.50 7.98 8.18 8.08 7.66 6.90 5.92 5.32 5.49 6.00 6.28 6.28 6.54 7.05 7.61 8.11 8.36 8.23 7.85 7.64 7.81 7.58 6.65 5.56 4.96 4.43 3.93 3.55 3.45 3.61 3.90 4.19 4.48 4.88 5.44 6.03 6.51 6.86 7.00 6.98 6.92 6.85 6.79 6.85 7.19 7.82 8.29 8.35 7.96 7.18 6.12 5.22 4.75 4.66 4.84 5.16 5.44
7.37 7.19 7.06 7.28 7.81 8.38 8.69 8.72 8.55 8.47 8.52 8.51 8.36 7.94 7.42 6.97 6.66 6.44 6.33 6.16 5.88 5.61 5.54 5.63 5.89 6.28 6.65 6.81 6.65 6.30 5.81 5.08 4.34 3.83 3.95 4.57 4.92 4.84 4.76 4.99 5.38 5.91 6.53 7.07 7.45 7.57 7.61 7.64 7.26 6.15 5.05 4.10 3.43 3.19 3.26 3.58 3.93 4.24 4.63 5.15 5.70 6.23 6.64 6.92 7.10 7.19 7.26 7.34 7.38 7.36 7.50 7.97 8.38 8.22 7.40 6.17 4.98 4.23 3.90 3.89 4.19 4.63 4.96 5.02
7.62 7.73 7.43 7.01 6.63 6.56 6.50 6.24 6.01 6.19 6.61 7.06 7.37 7.58 7.58 7.36 6.97 6.54 6.12 5.67 5.21 5.07 5.19 5.35 5.47 5.50 5.36 4.98 4.54 4.21 3.90 3.58 3.41 3.42 3.60 3.78 3.85 3.92 4.02 4.15 4.29 4.51 4.83 5.30 6.02 7.02 7.47 7.59 7.17 6.23 4.96 3.88 3.39 3.49 3.91 4.34 4.54 4.70 5.09 5.76 6.52 7.01 7.35 7.60 7.80 8.00 8.10 8.06 7.94 7.85 8.02 8.39 8.16 6.98 5.51 4.51 4.16 4.04 4.11 4.49 5.07 5.64 5.84 5.78
7.73 7.65 7.17 6.48 5.46 4.71 4.20 3.82 3.78 3.98 4.39 4.80 5.37 6.05 6.73 7.05 6.95 6.53 5.98 5.41 5.00 4.90 4.96 4.96 4.82 4.54 4.18 3.92 3.77 3.66 3.60 3.70 3.96 4.17 4.16 4.13 4.17 4.29 4.41 4.48 4.52 4.62 4.85 5.41 6.27 7.33 7.77 7.67 7.00 5.92 4.96 4.43 4.29 4.61 5.07 5.32 5.24 5.25 5.71 6.62 7.47 8.10 8.46 8.66 8.87 9.15 9.25 9.15 8.96 8.78 8.69 8.33 7.11 5.61 4.82 4.73 4.88 4.86 4.93 5.34 6.03 6.54 6.68 6.88
7.40 6.90 6.16 5.50 4.41 3.59 3.22 3.17 3.29 3.67 4.06 4.31 4.68 5.29 5.96 6.47 6.62 6.42 5.97 5.50 5.20 5.03 4.88 4.68 4.45 4.25 4.18 4.28 4.37 4.33 4.25 4.27 4.53 4.94 5.16 5.29 5.36 5.39 5.39 5.49 5.73 6.11 6.57 7.25 7.99 8.39 8.18 7.64 6.80 5.94 5.30 5.12 5.27 5.68 6.12 6.29 6.11 6.24 6.93 7.94 8.90 9.53 9.82 9.88 9.87 9.94 10.06 10.10 10.06 9.73 9.15 8.16 6.55 5.78 5.87 6.20 6.23 6.00 5.94 6.30 6.87 7.33 7.68 8.12
7.14 6.61 5.66 4.74 4.02 3.68 3.87 4.31 4.78 5.33 5.73 5.91 6.12 6.27 6.30 6.24 6.27 6.28 6.08 5.78 5.47 5.15 4.85 4.63 4.56 4.63 4.83 5.04 5.20 5.27 5.21 5.05 5.14 5.55 5.99 6.35 6.54 6.57 6.52 6.71 7.24 7.78 8.36 8.86 9.04 8.61 7.84 7.13 6.59 6.16 5.77 5.72 6.04 6.60 7.02 7.07 7.10 7.41 8.32 9.39 10.16 10.47 10.44 10.29 10.09 9.94 9.92 9.96 10.09 9.94 9.47 8.86 7.96 7.72 8.12 8.44 8.33 7.97 7.83 7.91 8.10 8.38 8.79 9.11
7.13 6.72 5.71 4.75 4.43 4.92 5.79 6.57 7.23 7.72 8.04 8.18 8.11 7.67 7.01 6.46 6.21 6.20 6.15 5.95 5.64 5.31 5.02 4.90 5.00 5.19 5.37 5.57 5.83 6.07 6.21 6.27 6.38 6.58 6.91 7.34 7.72 7.86 7.99 8.31 8.76 9.12 9.29 9.12 8.44 7.30 6.23 5.86 6.06 6.14 6.27 6.50 6.98 7.50 7.72 7.59 7.74 8.40 9.40 10.14 10.36 10.14 9.73 9.45 9.33 9.31 9.35 9.31 9.26 9.35 9.63 9.85 10.18 10.37 10.64 10.95 11.02 10.89 10.69 10.32 9.95 9.69 9.61 9.38
6.79 6.12 5.10 4.68 5.22 6.38 7.65 8.64 9.28 9.50 9.49 9.32 8.99 8.31 7.58 6.96 6.55 6.32 6.19 6.03 5.81 5.63 5.51 5.51 5.58 5.68 5.85 6.09 6.37 6.70 7.13 7.63 8.09 8.44 8.70 8.94 9.04 9.03 9.25 9.60 9.73 9.52 8.99 8.05 6.75 5.43 4.71 4.81 5.66 6.33 6.89 7.40 7.86 8.08 8.02 7.86 8.25 9.12 9.72 9.89 9.46 8.77 8.17 7.90 8.00 8.28 8.50 8.55 8.39 8.48 9.16 9.98 10.73 11.19 11.52 11.97 12.25 12.27 12.03 11.65 11.08 10.53 9.90 9.10
5.80 5.15 4.61 5.08 6.43 8.01 9.15 9.77 9.98 9.80 9.45 9.10 8.72 8.26 7.87 7.43 6.94 6.49 6.26 6.15 6.09 6.14 6.30 6.44 6.50 6.53 6.72 6.97 7.23 7.61 8.24 9.01 9.68 10.18 10.40 10.23 9.89 9.70 9.75 9.73 9.32 8.50 7.40 6.11 5.00 4.43 4.43 5.08 6.17 7.09 7.93 8.57 8.83 8.65 8.34 8.35 8.83 9.25 9.38 8.86 7.99 7.11 6.45 6.09 6.27 6.50 6.70 6.85 6.99 7.28 7.80 8.56 9.38 9.94 10.33 10.71 11.01 11.09 11.10 11.02 10.79 10.30 9.67 8.83
6.01 5.74 5.87 6.90 8.34 9.48 9.91 9.82 9.45 8.84 8.40 8.10 7.82 7.69 7.60 7.37 6.99 6.57 6.40 6.48 6.72 7.10 7.50 7.76 7.89 7.95 8.09 8.31 8.60 9.08 9.75 10.33 10.64 10.68 10.41 9.92 9.56 9.31 9.05 8.44 7.51 6.46 5.32 4.41 4.16 4.49 5.26 6.37 7.27 8.19 8.93 9.27 9.31 9.20 8.89 8.84 8.97 8.91 8.42 7.38 6.33 5.46 4.64 4.30 4.37 4.34 4.27 4.52 5.04 5.49 6.23 6.76 7.12 7.32 7.47 7.70 7.67 7.87 8.19 8.45 9.06 9.43 9.38 9.13
7.10 7.51 8.38 9.15 9.76 10.05 9.66 8.93 8.17 7.68 7.43 7.22 7.02 6.96 6.93 6.87 6.74 6.60 6.67 7.00 7.53 8.13 8.60 8.95 9.08 9.20 9.38 9.64 10.01 10.48 10.84 10.80 10.34 9.60 8.71 8.13 8.18 8.01 7.33 6.28 5.21 4.49 3.99 4.02 4.53 5.28 6.31 7.35 8.26 9.02 9.29 9.32 9.20 9.14 9.08 8.90 8.60 8.08 7.08 5.96 4.93 3.90 3.25 3.19 3.29 3.23 3.24 3.57 4.08 4.63 5.19 5.67 5.81 5.68 5.47 5.40 5.54 6.05 6.51 6.87 7.44 8.23 8.84 9.06
7.87 8.56 9.52 9.86 9.89 9.48 8.69 7.90 7.21 6.97 6.89 6.69 6.52 6.41 6.36 6.42 6.50 6.64 6.87 7.16 7.51 7.90 8.33 8.84 9.17 9.50 9.88 10.28 10.59 10.72 10.46 9.68 8.51 7.46 6.74 6.56 6.56 6.06 5.11 4.31 3.78 3.62 3.90 4.65 5.42 6.22 7.18 8.07 8.83 9.11 8.87 8.50 8.32 8.38 8.46 8.33 7.93 7.24 6.19 5.18 4.20 3.28 2.91 3.05 3.26 3.36 3.63 4.18 4.65 4.80 4.93 5.09 5.11 4.93 4.62 4.55 5.01 5.72 6.05 6.16 6.57 7.08 7.75 8.16
8.35 8.75 9.25 9.33 9.06 8.38 7.63 7.09 6.74 6.60 6.46 6.24 6.11 6.02 6.04 6.20 6.43 6.61 6.71 6.69 6.66 6.71 7.00 7.56 8.34 9.04 9.65 10.00 9.97 9.51 8.60 7.34 6.10 5.37 5.12 5.08 4.68 4.03 3.51 3.42 3.61 4.09 4.85 5.63 6.45 7.32 8.02 8.66 8.94 8.72 8.21 7.83 7.64 7.59 7.63 7.62 7.42 6.91 6.02 5.02 4.20 3.79 3.86 4.21 4.46 4.60 5.00 5.34 5.25 4.99 4.84 4.84 4.73 4.46 4.23 4.38 4.91 5.32 5.32 5.37 5.70 5.99 6.48 7.13
8.73 8.41 8.20 8.29 7.80 7.50 6.95 6.47 6.27 6.15 5.97 5.79 5.66 5.64 5.83 6.12 6.42 6.55 6.53 6.42 6.39 6.53 6.91 7.54 8.34 8.95 9.17 9.00 8.40 7.49 6.33 5.26 4.37 3.89 3.76 3.70 3.46 3.25 3.30 3.69 4.36 5.19 5.91 6.71 7.60 8.33 8.81 8.99 8.73 8.17 7.63 7.29 7.06 7.01 7.16 7.28 7.29 7.00 6.36 5.54 5.02 5.02 5.38 5.74 5.95 6.18 6.35 6.06 5.46 5.18 5.17 4.90 4.48 4.25 4.26 4.45 4.69 4.75 4.66 4.83 5.10 5.30 5.68 6.49
8.92 8.30 7.58 7.53 7.49 7.29 7.00 6.56 6.26 6.12 5.94 5.77 5.63 5.67 5.91 6.22 6.53 6.74 6.87 6.98 7.28 7.81 8.45 8.98 9.18 8.99 8.40 7.55 6.56 5.58 4.59 3.87 3.53 3.47 3.45 3.47 3.61 3.86 4.16 4.56 5.20 5.92 6.75 7.73 8.60 9.19 9.37 9.03 8.39 7.62 6.94 6.51 6.43 6.61 6.95 7.24 7.28 7.17 6.97 6.73 6.65 6.88 7.25 7.52 7.65 7.58 7.24 6.72 6.28 6.20 5.90 5.26 4.56 4.46 4.62 4.59 4.55 4.61 4.69 4.82 4.98 5.12 5.41 5.96
9.07 8.41 7.49 7.26 7.25 7.31 7.36 7.20 6.95 6.86 6.76 6.53 6.44 6.47 6.58 6.65 6.83 7.14 7.50 7.90 8.44 9.04 9.40 9.37 8.89 8.06 7.04 5.94 4.87 4.03 3.54 3.41 3.58 3.96 4.20 4.32 4.50 4.81 5.17 5.47 5.86 6.47 7.46 8.50 9.29 9.64 9.44 8.81 7.99 7.15 6.39 6.05 6.17 6.53 6.89 7.03 6.99 7.22 7.51 7.85 8.39 9.00 9.51 9.80 9.58 9.12 8.45 7.93 7.79 7.49 6.59 5.55 5.10 5.28 5.30 4.91 4.77 5.00 5.19 5.21 5.18 5.19 5.35 5.59
8.93 8.17 7.20 6.93 6.92 7.23 7.46 7.54 7.47 7.43 7.39 7.21 7.19 7.26 7.30 7.22 7.14 7.31 7.75 8.29 8.77 8.95 8.65 7.91 7.03 6.19 5.37 4.48 3.69 3.33 3.43 3.95 4.50 4.86 5.16 5.40 5.58 5.79 6.09 6.26 6.56 7.17 8.20 9.05 9.58 9.55 9.01 8.30 7.66 7.09 6.56 6.29 6.38 6.61 6.65 6.59 6.77 7.34 7.91 8.64 9.50 10.24 10.72 10.71 10.86 10.48 9.94 9.54 9.05 8.30 7.29 6.39 6.23 6.31 6.06 5.70 5.75 6.07 6.13 5.87 5.55 5.36 5.32 5.34
8.56 8.04 7.27 6.92 6.85 6.97 7.25 7.48 7.53 7.40 7.15 6.92 6.95 7.10 7.22 7.20 7.07 7.13 7.52 7.92 7.98 7.52 6.66 5.72 4.94 4.32 3.81 3.42 3.27 3.53 4.28 5.12 5.61 5.89 6.09 6.32 6.58 6.76 6.84 7.01 7.38 8.02 8.73 9.28 9.29 8.77 8.01 7.57 7.49 7.42 7.26 7.13 6.95 6.91 6.76 6.74 7.09 7.73 8.25 9.02 9.72 10.32 10.57 10.50 10.61 10.66 10.59 10.50 10.10 9.47 8.95 8.52 8.16 7.61 6.99 6.85 7.20 7.50 7.22 6.57 5.88 5.38 5.07 5.08
8.66 8.42 7.80 7.35 7.19 7.10 7.18 7.39 7.48 7.35 7.01 6.70 6.61 6.63 6.65 6.62 6.67 6.86 7.15 7.07 6.43 5.39 4.39 3.64 3.04 2.59 2.35 2.52 3.19 4.25 5.36 6.05 6.49 6.77 6.96 7.14 7.26 7.28 7.31 7.50 7.99 8.49 8.98 9.07 8.61 7.66 7.12 7.02 7.24 7.65 7.74 7.69 7.64 7.48 7.28 7.25 7.41 7.83 8.31 8.94 9.26 9.19 8.68 8.48 8.85 9.53 10.07 10.51 10.83 10.85 10.86 10.65 10.05 9.28 8.59 8.47 8.57 8.35 7.64 6.53 5.65 5.14 4.89 4.80
8.92 8.50 7.87 7.54 7.45 7.38 7.28 7.32 7.47 7.59 7.52 7.25 7.03 6.78 6.53 6.33 6.41 6.62 6.56 5.86 4.69 3.55 2.71 2.20 1.89 1.73 1.81 2.29 3.20 4.32 5.32 5.90 6.32 6.69 7.02 7.26 7.24 7.23 7.30 7.63 8.12 8.65 9.00 8.80 8.22 7.44 6.98 6.89 7.02 7.33 7.71 7.80 7.95 7.87 7.62 7.31 7.27 7.42 7.87 8.29 8.35 7.84 7.15 6.94 7.22 7.90 8.81 9.61 10.30 10.78 11.16 11.29 10.92 10.46 10.13 9.84 9.23 8.21 7.01 5.97 5.40 5.10 4.82 4.51
8.61 7.87 7.06 7.03 7.19 7.23 7.09 7.00 7.21 7.53 7.72 7.58 7.31 7.00 6.72 6.45 6.39 6.27 5.73 4.71 3.70 2.96 2.47 2.24 2.18 2.26 2.57 3.04 3.59 4.10 4.49 4.84 5.17 5.51 5.88 6.19 6.42 6.63 6.99 7.53 8.00 8.50 8.66 8.27 7.73 7.20 6.75 6.65 6.72 6.88 7.16 7.59 7.76 7.73 7.45 6.95 6.74 6.75 7.19 7.54 7.39 6.71 6.21 6.32 6.75 7.20 7.62 8.04 8.54 9.02 9.45 9.83 10.16 10.30 10.31 10.09 9.07 7.59 6.54 6.04 5.72 5.19 4.59 4.40
7.65 7.08 6.51 6.54 6.56 6.39 6.18 6.20 6.40 6.83 7.22 7.31 7.13 6.88 6.71 6.50 6.31 5.93 5.24 4.51 3.98 3.70 3.55 3.51 3.53 3.71 3.94 4.21 4.42 4.52 4.58 4.58 4.59 4.62 4.75 5.11 5.68 6.13 6.69 7.30 7.72 7.97 7.73 6.87 5.95 5.57 5.59 5.76 5.96 6.38 6.73 7.09 7.31 7.18 6.85 6.45 6.23 6.35 6.65 6.92 6.71 6.05 5.88 6.12 6.56 6.86 6.85 6.75 6.82 7.08 7.12 7.45 8.18 8.93 9.39 9.47 8.92 7.91 7.09 6.64 5.89 5.02 4.58 4.77
7.03 7.00 6.99 6.86 6.35 5.85 5.64 5.62 5.68 5.99 6.49 6.86 6.94 6.80 6.61 6.35 6.09 5.74 5.33 5.03 4.96 4.98 5.04 5.09 5.15 5.24 5.36 5.39 5.44 5.49 5.46 5.24 4.93 4.68 4.64 4.96 5.48 5.95 6.53 7.08 7.35 7.24 6.47 5.08 4.31 4.33 4.70 5.16 5.67 6.10 6.49 6.75 6.73 6.58 6.31 6.19 6.19 6.38 6.51 6.65 6.56 6.31 6.26 6.27 6.29 6.10 5.84 5.76 5.91 6.10 6.19 6.34 6.80 7.46 7.83 8.35 8.77 8.63 8.02 7.09 5.90 5.28 5.43 5.94
7.46 7.78 8.09 7.84 7.25 6.43 5.92 5.65 5.46 5.43 5.67 6.16 6.57 6.69 6.52 6.16 5.91 5.74 5.68 5.85 6.10 6.36 6.59 6.73 6.81 6.75 6.58 6.39 6.20 6.05 5.95 5.77 5.51 5.27 5.14 5.29 5.72 6.17 6.73 7.13 7.10 6.61 5.65 4.63 4.44 4.86 5.48 6.11 6.49 6.57 6.54 6.52 6.36 6.29 6.18 6.20 6.25 6.46 6.52 6.73 6.87 6.84 6.58 6.11 5.65 5.28 5.07 5.14 5.48 5.78 5.95 6.15 6.34 6.62 6.86 7.40 8.27 8.81 8.75 8.14 7.23 6.98 7.30 7.67
8.08 8.44 8.71 8.40 7.85 7.11 6.46 5.94 5.52 5.15 5.00 5.24 5.80 6.21 6.29 6.04 5.85 5.89 6.20 6.72 7.20 7.66 8.05 8.31 8.31 8.14 7.84 7.42 6.93 6.48 6.13 5.91 5.84 5.97 6.17 6.30 6.53 6.95 7.45 7.64 7.45 6.85 6.04 5.69 6.06 6.72 7.36 7.68 7.68 7.16 6.73 6.41 6.30 6.24 6.23 6.26 6.27 6.49 6.66 7.06 7.26 7.11 6.61 5.86 5.21 4.80 4.77 4.98 5.29 5.56 5.73 5.90 6.13 6.19 6.42 6.83 7.52 8.38 9.03 9.52 9.67 9.50 9.29 9.19
8.39 8.55 8.44 8.00 7.47 6.89 6.46 6.01 5.48 4.96 4.70 4.74 5.05 5.54 5.87 5.89 5.79 5.92 6.45 7.14 7.71 8.17 8.52 8.76 8.79 8.69 8.49 8.18 7.71 7.16 6.60 6.18 6.11 6.40 6.74 7.08 7.46 7.89 8.22 8.47 8.55 8.23 7.91 7.69 7.96 8.47 8.72 8.41 7.88 7.26 6.73 6.45 6.28 6.26 6.25 6.27 6.32 6.64 6.95 7.38 7.49 7.25 6.74 6.07 5.41 5.04 4.96 5.06 5.21 5.41 5.49 5.52 5.76 5.96 6.17 6.50 7.01 7.70 8.73 9.79 10.58 10.60 10.14 9.54
