project/data/elevation/US_DEM2016/US_DEM2016_point_10-31-2019_0652_30m_vel.asc
ncols	125
nrows	167
xllcorner	-2042055.000000
yllcorner	1465035.000000
cellsize	30.000000
NODATA_value	-9999.000000
[rows 76 to 113 of 167, columns 0 to 83 of 125]
6.63 6.47 6.39 6.52 6.67 6.96 7.53 8.14 8.38 8.14 7.74 7.54 7.85 8.56 9.26 9.90 10.27 10.16 9.60 8.96 8.53 8.19 7.80 7.44 7.20 7.05 6.86 6.86 7.04 7.25 7.30 7.08 6.54 6.12 6.10 6.23 6.25 6.03 5.69 5.42 5.34 5.54 5.89 5.97 5.87 5.70 5.61 5.42 5.26 5.25 5.25 5.21 5.16 5.30 5.64 5.97 6.18 6.20 6.25 6.37 6.40 6.03 5.21 4.47 4.10 4.07 4.35 4.69 5.16 5.72 6.15 6.56 7.33 8.30 9.23 10.20 11.13 11.58 11.22 10.15 8.51 6.50 5.50 5.21
6.68 6.50 6.47 6.60 6.81 7.34 7.76 7.78 7.29 6.54 6.13 6.38 7.15 8.16 9.06 9.66 9.76 9.38 8.74 8.14 7.72 7.45 7.25 7.12 7.02 6.93 6.76 6.73 6.83 7.10 7.40 7.51 7.32 7.17 7.07 6.89 6.54 6.04 5.61 5.46 5.60 5.80 5.87 5.67 5.48 5.36 5.35 5.23 5.06 4.97 4.91 4.89 4.91 5.20 5.67 6.08 6.34 6.45 6.52 6.48 6.06 5.28 4.69 4.60 4.90 5.33 5.63 5.93 6.52 7.48 8.20 8.98 10.01 10.93 11.59 12.09 12.23 11.80 10.76 9.65 8.51 6.98 5.85 5.23
6.59 6.22 6.10 6.28 6.46 6.79 6.81 6.45 6.13 5.92 6.16 6.74 7.64 8.66 9.36 9.59 9.34 8.79 8.20 7.67 7.25 6.97 6.80 6.70 6.61 6.51 6.41 6.48 6.57 6.73 7.09 7.48 7.67 7.63 7.44 7.09 6.60 6.06 5.77 5.69 5.62 5.44 5.21 4.97 4.78 4.59 4.34 4.10 4.03 4.04 4.16 4.44 4.92 5.49 5.97 6.30 6.56 6.63 6.51 6.15 5.54 4.98 4.90 5.34 6.09 6.65 7.15 7.87 8.83 9.44 9.96 10.62 11.35 11.87 11.94 11.80 11.30 10.29 9.48 9.12 8.95 8.43 7.56 6.67
6.36 5.85 5.66 5.92 6.04 6.11 6.12 6.19 6.45 6.86 7.36 8.00 8.87 9.60 9.83 9.56 8.99 8.35 7.81 7.33 6.90 6.58 6.37 6.24 6.09 5.93 5.82 5.89 5.86 5.90 6.06 6.61 7.02 7.14 7.02 6.76 6.41 5.95 5.64 5.32 4.96 4.63 4.47 4.51 4.44 4.24 3.95 3.85 4.06 4.44 4.90 5.46 6.05 6.38 6.48 6.44 6.30 6.01 5.52 4.97 4.65 4.73 5.17 5.99 6.96 7.88 8.89 9.73 10.05 10.17 10.25 10.47 10.79 10.74 10.40 9.88 9.16 8.43 8.06 8.20 8.59 8.81 8.60 8.01
6.09 5.68 5.63 6.06 6.27 6.34 6.50 6.86 7.39 7.87 8.44 9.18 9.90 10.07 9.74 9.05 8.28 7.64 7.17 6.76 6.40 6.14 5.96 5.79 5.63 5.47 5.27 5.02 4.70 4.62 4.65 5.09 5.69 6.16 6.34 6.33 6.31 6.02 5.79 5.47 5.21 5.10 5.12 5.25 5.20 5.07 4.91 4.99 5.32 5.83 6.35 6.72 6.88 6.84 6.55 6.30 5.93 5.48 5.08 4.81 4.83 5.18 5.83 6.82 7.91 9.03 9.83 9.93 9.62 9.34 9.25 9.19 9.03 8.60 8.23 8.00 7.78 7.53 7.28 7.15 7.43 8.04 8.42 8.36
5.96 5.81 5.95 6.44 6.76 6.92 7.09 7.44 7.95 8.51 9.19 9.81 10.02 9.66 8.91 8.08 7.34 6.67 6.22 5.87 5.63 5.55 5.53 5.41 5.33 5.22 4.91 4.28 3.75 3.52 3.46 3.68 4.22 4.96 5.52 5.96 6.16 6.39 6.47 6.48 6.55 6.67 6.77 6.70 6.56 6.44 6.37 6.48 6.73 6.84 6.81 6.69 6.57 6.44 6.37 6.32 6.27 6.38 6.48 6.47 6.51 6.73 7.21 8.04 8.89 9.47 9.34 8.59 8.14 8.17 8.25 8.15 7.89 7.44 7.23 7.16 7.21 7.28 7.15 6.81 6.71 6.96 7.54 7.96
6.23 6.23 6.30 6.45 6.69 6.99 7.35 7.78 8.33 8.93 9.49 9.70 9.36 8.61 7.78 7.12 6.55 5.98 5.49 5.17 5.02 4.95 4.87 4.94 5.04 5.06 4.89 4.37 3.58 3.24 3.22 3.45 3.78 4.14 4.77 5.57 6.00 6.47 6.78 7.11 7.43 7.64 7.66 7.46 7.27 7.22 7.22 7.25 7.24 6.95 6.60 6.49 6.60 6.69 6.64 6.63 6.81 7.08 7.32 7.50 7.69 7.95 8.36 8.83 9.24 9.04 8.22 7.56 7.48 7.74 7.84 7.62 7.28 6.95 6.86 6.81 6.86 7.01 7.04 6.89 6.60 6.45 6.58 7.13
6.51 6.58 6.56 6.42 6.53 6.95 7.46 8.03 8.60 9.06 9.27 9.04 8.41 7.65 7.00 6.48 6.01 5.56 5.15 4.82 4.57 4.36 4.26 4.38 4.70 4.95 5.14 5.12 4.68 4.37 4.40 4.60 4.57 4.51 4.84 5.46 5.78 6.23 6.70 7.19 7.47 7.47 7.33 7.13 7.06 7.17 7.31 7.33 7.28 7.13 7.13 7.27 7.32 7.20 6.93 6.84 7.00 6.99 7.18 7.54 7.98 8.34 8.67 8.84 8.76 8.21 7.61 7.54 7.71 7.76 7.57 7.11 6.56 6.16 5.97 6.04 6.15 6.28 6.41 6.50 6.40 6.14 5.86 6.16
6.51 6.58 6.65 6.66 6.83 7.22 7.70 8.23 8.65 8.84 8.72 8.22 7.56 6.93 6.43 5.96 5.49 5.12 4.81 4.47 4.14 3.92 3.93 4.19 4.68 5.22 5.75 6.25 6.63 6.75 6.68 6.38 5.97 5.63 5.46 5.68 6.10 6.60 7.09 7.27 7.06 6.73 6.61 6.71 6.84 7.07 7.35 7.62 7.89 8.08 8.04 7.87 7.55 7.24 6.98 6.94 7.00 7.13 7.43 7.74 8.08 8.30 8.40 8.34 8.04 7.61 7.43 7.64 7.69 7.49 7.08 6.51 5.79 5.17 4.75 4.74 4.89 5.05 5.28 5.53 5.70 5.66 5.36 5.38
6.43 6.50 6.69 6.96 7.30 7.66 7.98 8.24 8.42 8.40 8.08 7.52 6.91 6.38 5.91 5.43 4.92 4.48 4.18 3.97 3.88 4.00 4.34 4.84 5.45 6.01 6.56 7.13 7.72 8.07 8.06 7.68 7.11 6.64 6.42 6.48 6.92 7.39 7.35 6.92 6.39 6.23 6.46 6.75 6.91 7.20 7.68 8.11 8.48 8.69 8.55 8.10 7.66 7.36 7.07 7.04 7.22 7.42 7.57 7.63 7.67 7.68 7.71 7.72 7.50 7.25 7.14 7.22 7.10 6.88 6.62 6.28 5.77 5.11 4.41 4.14 3.96 3.81 3.86 4.08 4.47 4.85 4.85 4.87
6.50 6.62 6.90 7.24 7.59 7.80 7.84 7.84 7.94 7.90 7.56 7.02 6.45 5.91 5.41 4.88 4.31 3.87 3.84 3.79 4.05 4.52 5.11 5.70 6.27 6.71 7.03 7.28 7.57 7.83 7.94 7.94 7.71 7.30 7.03 7.00 7.19 7.20 6.68 6.11 5.91 6.04 6.22 6.38 6.56 7.02 7.56 7.86 8.08 8.29 8.36 8.22 7.98 7.69 7.31 7.16 7.53 7.08 7.08 6.95 6.85 6.82 7.00 7.21 7.17 6.98 6.78 6.64 6.48 6.43 6.44 6.52 6.56 6.37 5.62 4.80 4.15 3.66 3.32 3.73 3.44 3.73 3.99 4.15
6.60 6.73 6.97 7.19 7.31 7.27 7.23 7.37 7.61 7.63 7.22 6.66 6.07 5.46 4.82 4.24 3.94 3.97 4.24 4.48 4.73 5.06 5.50 6.05 6.56 6.87 6.94 6.89 6.87 6.89 7.12 7.51 7.80 7.82 7.61 7.23 7.47 6.25 5.80 5.69 5.69 5.65 5.54 5.60 6.03 6.58 6.92 6.85 6.79 6.93 7.08 7.27 7.41 7.46 7.37 7.17 6.93 6.65 6.53 6.53 6.52 6.64 6.90 7.07 7.03 6.84 6.66 6.48 6.30 6.36 6.58 6.86 7.17 7.46 7.50 6.86 6.08 5.32 4.74 4.32 3.97 3.75 3.79 4.02
6.63 6.70 6.80 6.84 6.77 6.75 7.01 7.50 7.76 7.54 6.94 6.26 5.60 4.92 4.31 5.02 4.37 4.98 5.35 5.52 5.56 5.64 5.89 6.24 6.48 6.54 6.43 6.34 6.40 6.48 6.67 7.01 7.47 7.80 7.85 7.42 6.58 5.94 5.60 5.62 5.55 5.43 5.41 5.59 5.95 6.24 6.19 5.70 5.24 5.02 5.09 5.27 5.59 6.05 6.39 6.61 6.64 6.62 6.66 6.76 6.89 7.00 7.03 6.98 6.89 6.75 6.61 6.50 6.40 6.52 6.80 6.97 7.19 7.63 8.16 8.36 8.19 7.82 7.36 6.77 6.07 5.52 5.47 5.40
6.62 6.66 6.73 6.75 6.77 7.03 7.52 7.87 7.76 7.20 6.39 5.55 4.79 4.17 4.00 4.28 4.85 5.35 5.66 5.88 6.04 6.16 6.29 6.27 6.07 5.80 5.66 5.79 6.14 6.46 6.63 6.71 6.82 7.11 7.39 7.37 6.77 6.23 5.86 5.78 5.78 5.89 5.97 6.02 6.08 6.07 5.77 5.06 4.33 4.04 4.00 4.08 4.32 4.88 5.58 6.15 6.51 6.73 6.90 7.05 7.14 7.00 6.77 6.62 6.61 6.54 6.42 6.43 6.47 6.59 6.74 6.78 6.80 7.01 7.47 8.04 8.43 8.61 8.62 8.48 8.18 7.86 7.57 7.21
6.62 6.66 6.78 6.94 7.18 7.58 7.90 7.80 7.21 6.33 5.39 4.40 3.59 3.25 4.62 3.67 4.01 4.37 4.91 5.42 5.89 6.17 6.16 5.82 5.35 5.08 5.15 5.43 5.68 5.86 6.01 6.05 6.08 6.28 6.73 7.09 6.90 6.51 6.20 6.21 6.31 6.42 6.44 6.46 6.47 6.39 6.14 5.64 5.11 4.78 4.75 5.00 5.53 6.10 6.51 6.68 6.77 6.84 6.88 6.88 6.78 6.49 6.27 6.26 6.32 6.23 6.07 6.18 6.31 6.35 6.35 6.35 6.17 5.97 6.09 6.46 7.00 7.49 7.94 8.30 8.48 8.51 8.45 8.20
6.63 6.68 6.83 7.09 7.45 7.77 7.71 7.14 6.20 5.13 4.18 3.43 3.04 2.92 2.90 2.91 3.04 3.41 3.93 4.55 5.09 5.46 5.45 5.24 5.11 5.14 5.25 5.29 5.14 4.96 4.98 5.12 5.35 5.64 6.11 6.65 6.78 6.51 6.34 6.48 6.59 6.67 6.79 7.08 7.22 7.22 7.10 6.93 6.87 6.81 6.72 7.01 7.45 7.67 7.57 7.16 6.85 6.71 6.54 6.31 6.08 5.89 5.81 5.93 6.02 5.89 5.72 5.86 5.97 5.93 5.89 5.82 5.53 5.18 5.07 5.18 5.44 5.77 6.20 6.70 7.18 7.51 7.64 7.76
6.66 6.73 6.93 7.24 7.54 7.52 7.00 6.08 5.03 4.11 3.51 3.28 3.28 3.36 3.38 3.32 3.33 3.49 3.77 4.15 4.54 4.78 4.92 5.17 5.47 5.69 5.78 5.68 5.46 5.33 5.29 5.36 5.54 5.67 5.76 6.10 6.41 6.41 6.43 6.65 6.80 6.98 7.29 7.75 7.92 7.91 7.81 7.78 7.91 8.15 8.29 8.28 8.06 7.59 7.09 6.80 6.64 6.44 6.12 5.73 5.40 5.27 5.34 5.58 5.81 5.84 5.79 5.82 5.76 5.67 5.61 5.53 5.27 4.89 4.59 4.44 4.51 4.57 4.66 4.92 5.32 5.73 5.91 6.00
6.69 6.77 6.95 7.18 7.18 6.73 5.88 4.88 4.03 3.53 3.39 3.49 3.71 3.98 4.24 4.45 4.54 4.57 4.73 5.03 5.32 5.49 5.62 5.81 5.94 6.14 6.49 6.80 6.96 6.98 6.91 6.86 6.80 6.60 6.05 5.89 6.17 6.46 6.79 7.08 7.29 7.56 7.91 8.21 8.15 7.98 7.87 7.90 8.10 8.37 8.50 8.37 7.91 7.20 6.71 6.67 6.64 6.38 5.93 5.46 5.13 5.03 5.25 5.68 6.08 6.24 6.21 6.08 5.82 5.67 5.57 5.50 5.26 4.77 4.19 3.69 3.53 3.41 3.31 3.48 3.82 4.19 4.29 4.28
6.71 6.73 6.75 6.64 6.19 5.39 4.44 3.70 3.30 3.26 3.47 3.81 4.18 4.57 5.09 5.67 6.13 6.43 6.72 7.01 7.18 7.16 6.96 6.62 6.35 6.48 7.02 7.44 7.62 7.58 7.46 7.31 7.07 6.72 6.14 5.96 6.23 6.74 7.26 7.60 7.81 7.99 8.10 8.08 7.82 7.60 7.58 7.74 8.00 8.20 8.11 7.99 7.93 7.85 7.58 7.21 6.85 6.50 6.17 5.90 5.74 5.72 5.93 6.28 6.53 6.53 6.33 6.13 5.94 5.92 5.91 5.74 5.31 4.55 3.67 2.97 2.72 2.54 2.45 2.61 2.83 2.94 3.06 3.24
6.71 6.71 6.54 6.07 5.27 4.39 3.69 3.29 3.26 3.53 3.96 4.48 5.02 5.59 6.23 6.96 7.58 8.11 8.47 8.54 8.31 7.85 7.26 6.78 6.57 6.77 7.09 7.00 6.64 6.38 6.16 6.02 5.94 5.83 5.82 6.10 6.54 7.06 7.56 7.81 7.86 7.80 7.60 7.33 7.18 7.11 7.20 7.39 7.65 7.85 7.77 7.69 7.73 7.84 7.77 7.36 6.91 6.56 6.34 6.24 6.26 6.41 6.60 6.80 6.82 6.59 6.21 6.08 6.19 6.48 6.52 6.15 5.50 4.60 3.60 2.98 2.75 2.56 2.45 2.56 2.67 2.63 2.63 2.95
6.73 6.66 6.38 5.88 5.32 4.83 4.49 4.29 4.29 4.55 4.94 5.43 6.07 6.77 7.48 8.09 8.57 8.85 8.80 8.42 7.76 7.03 6.54 6.47 6.74 7.12 7.17 6.66 6.00 5.65 5.53 5.56 5.71 5.75 5.91 6.34 6.82 7.22 7.51 7.60 7.48 7.22 6.85 6.56 6.51 6.58 6.66 6.76 6.85 6.79 6.77 6.81 6.86 6.86 6.78 6.71 6.55 6.34 6.16 6.05 6.14 6.47 6.82 7.06 6.99 6.72 6.43 6.38 6.58 6.85 6.80 6.32 5.77 5.26 4.53 3.96 3.56 3.21 3.14 3.24 3.25 3.17 3.21 3.66
6.65 6.50 6.15 6.01 5.83 5.71 5.63 5.66 5.81 5.97 6.15 6.51 7.11 7.86 8.49 8.81 8.81 8.48 7.82 6.96 6.19 5.74 5.78 6.19 6.77 7.38 7.54 7.36 7.12 7.02 7.01 6.99 6.85 6.59 6.45 6.64 6.90 7.12 7.21 7.15 6.85 6.46 6.17 6.07 6.07 6.17 6.29 6.25 5.91 5.41 5.14 5.22 5.43 5.53 5.61 5.82 6.01 6.07 6.06 6.06 6.21 6.57 6.85 6.94 6.76 6.52 6.43 6.50 6.56 6.60 6.50 6.13 6.05 6.13 5.94 5.37 4.78 4.23 4.39 4.60 4.55 4.43 4.63 5.35
6.48 6.28 6.04 6.17 6.15 6.28 6.49 6.79 7.12 7.37 7.54 7.78 8.24 8.74 8.92 8.73 8.19 7.36 6.46 5.72 5.32 5.30 5.64 6.18 6.82 7.58 7.90 8.10 8.23 8.26 8.19 7.97 7.64 7.24 6.90 6.84 6.89 6.93 6.86 6.58 6.14 5.80 5.76 5.91 6.07 6.30 6.46 6.30 5.65 4.92 4.51 4.39 4.30 4.45 4.88 5.43 5.89 6.12 6.19 6.26 6.45 6.71 6.75 6.60 6.33 6.15 6.09 6.10 6.08 6.11 6.04 5.99 6.39 6.93 7.24 7.10 6.61 6.16 6.46 6.65 6.54 6.45 6.70 7.09
6.41 6.27 6.18 6.31 6.59 7.01 7.49 7.88 8.15 8.34 8.50 8.70 8.88 8.84 8.47 7.81 6.99 6.16 5.51 5.20 5.39 5.84 6.34 6.77 7.30 7.77 7.80 7.69 7.70 7.69 7.59 7.48 7.41 7.30 7.00 6.82 6.75 6.61 6.30 5.95 5.73 5.88 6.13 6.34 6.53 6.80 6.89 6.72 6.32 5.95 5.63 5.29 4.85 4.93 5.37 5.83 6.20 6.42 6.55 6.65 6.72 6.80 6.73 6.59 6.40 6.22 6.03 5.95 5.99 6.12 6.15 6.26 6.75 7.29 7.80 8.13 8.31 8.37 8.53 8.59 8.44 8.26 8.13 7.81
6.46 6.40 6.34 6.50 6.91 7.41 7.83 8.12 8.26 8.36 8.47 8.59 8.52 8.12 7.41 6.59 5.82 5.21 4.87 4.96 5.59 6.30 6.82 7.20 7.58 7.66 7.22 6.66 6.35 6.24 6.25 6.45 6.75 6.97 6.87 6.68 6.45 6.14 5.81 5.74 6.09 6.63 6.86 6.92 6.98 7.12 7.10 6.94 6.82 6.92 6.98 6.86 6.59 6.36 6.30 6.27 6.36 6.60 6.89 7.05 7.08 7.12 7.05 6.96 6.81 6.62 6.47 6.51 6.69 6.72 6.63 6.64 6.83 7.04 7.42 8.06 8.71 9.11 9.24 9.14 8.81 8.45 7.99 7.28
6.44 6.41 6.33 6.44 6.73 7.04 7.19 7.26 7.33 7.46 7.62 7.68 7.47 6.99 6.31 5.56 4.92 4.65 4.75 5.17 5.80 6.33 6.74 7.02 7.19 6.98 6.32 5.71 5.27 5.05 5.13 5.41 5.79 6.14 6.40 6.46 6.31 6.12 6.14 6.50 6.98 7.20 7.17 7.12 7.13 7.15 7.02 6.73 6.65 6.79 6.98 7.16 7.23 7.03 6.53 6.21 6.29 6.61 6.95 7.19 7.36 7.53 7.52 7.40 7.22 7.04 6.97 7.04 7.11 6.93 6.78 6.74 6.70 6.72 6.96 7.44 7.96 8.31 8.40 8.37 8.17 7.79 7.20 6.48
6.40 6.42 6.43 6.47 6.49 6.42 6.31 6.19 6.23 6.45 6.66 6.62 6.27 5.71 5.05 4.54 4.50 4.93 5.67 6.30 6.61 6.78 6.90 6.97 6.84 6.30 5.46 4.80 4.38 4.21 4.26 4.40 4.57 4.93 5.42 5.87 6.23 6.54 6.87 7.13 7.21 7.13 6.98 6.95 6.99 6.97 6.76 6.40 6.12 5.95 5.95 6.19 6.51 6.56 6.28 6.10 6.25 6.59 6.92 7.25 7.59 7.84 7.83 7.67 7.45 7.24 7.07 6.91 6.72 6.44 6.42 6.50 6.55 6.61 6.73 6.82 6.90 6.89 6.98 7.30 7.56 7.55 7.31 7.05
6.60 6.74 6.92 6.83 6.56 6.19 5.92 5.74 5.78 5.96 5.96 5.62 4.99 4.30 3.79 3.87 4.64 5.79 6.69 7.18 7.41 7.46 7.40 7.30 7.09 6.63 5.78 4.90 4.37 4.22 4.18 4.18 4.26 4.48 4.89 5.50 6.17 6.64 6.77 6.68 6.54 6.50 6.51 6.60 6.71 6.69 6.46 6.03 5.52 5.14 4.98 5.02 5.22 5.56 5.77 5.94 6.16 6.50 6.86 7.23 7.61 7.86 7.81 7.63 7.41 7.20 6.96 6.68 6.41 6.16 6.13 6.24 6.37 6.39 6.38 6.44 6.31 6.09 5.99 6.25 6.71 7.18 7.56 7.86
6.90 7.08 7.19 7.02 6.69 6.32 6.03 5.88 5.78 5.54 5.00 4.25 3.52 3.02 2.96 3.41 4.44 5.62 6.45 7.05 7.42 7.57 7.56 7.56 7.55 7.35 6.90 6.30 5.88 5.80 5.79 5.67 5.66 5.70 5.85 6.14 6.43 6.50 6.31 6.09 5.95 5.95 6.17 6.39 6.57 6.54 6.29 5.85 5.39 5.03 4.78 4.44 4.19 4.31 4.77 5.40 5.98 6.44 6.79 7.14 7.47 7.57 7.46 7.28 7.19 7.14 7.06 6.88 6.66 6.37 6.18 6.18 6.22 6.23 6.31 6.38 6.20 5.94 5.64 5.48 5.57 5.91 6.42 6.95
6.89 6.87 6.76 6.62 6.43 6.18 5.96 5.73 5.30 4.60 3.66 2.97 2.69 2.81 3.19 3.77 4.43 5.03 5.60 6.23 6.65 6.91 7.20 7.57 7.74 7.67 7.70 7.85 7.96 7.99 7.93 7.85 7.71 7.43 7.19 6.99 6.75 6.50 6.27 6.08 5.94 5.96 6.25 6.50 6.62 6.54 6.31 6.07 5.84 5.53 5.07 4.39 3.82 3.88 4.48 5.33 6.09 6.57 6.88 7.17 7.30 7.18 7.02 7.00 7.09 7.19 7.23 7.14 6.96 6.64 6.40 6.34 6.32 6.27 6.21 6.12 6.04 5.96 5.73 5.34 4.91 4.66 4.72 4.99
6.61 6.35 6.13 6.12 6.04 5.88 5.67 5.16 4.53 3.90 3.46 3.32 3.52 4.11 5.11 5.99 6.06 5.85 5.75 5.80 6.00 6.36 7.02 7.60 7.67 7.60 7.84 8.26 8.61 8.79 8.77 8.64 8.42 8.04 7.63 7.24 6.86 6.59 6.36 6.13 6.11 6.31 6.60 6.69 6.61 6.46 6.31 6.24 6.16 5.81 5.18 4.55 4.45 4.93 5.59 6.08 6.43 6.70 6.96 7.09 6.95 6.75 6.78 6.99 7.16 7.22 7.24 7.25 7.21 7.07 6.83 6.68 6.49 6.17 5.79 5.61 5.71 5.87 5.82 5.52 5.04 4.70 4.60 4.68
6.44 6.19 5.94 5.93 5.96 5.92 5.69 5.25 4.80 4.59 4.79 5.27 5.89 6.84 7.90 8.57 8.74 8.25 7.49 7.06 7.00 7.27 7.76 7.86 7.61 7.38 7.38 7.50 7.68 7.93 8.04 8.02 7.95 7.79 7.57 7.29 6.98 6.71 6.39 6.17 6.33 6.72 6.92 6.71 6.43 6.25 6.17 6.19 6.24 6.10 5.76 5.63 5.95 6.46 6.67 6.56 6.46 6.60 6.79 6.77 6.60 6.57 6.74 6.92 6.99 6.96 6.92 7.00 7.16 7.31 7.18 6.93 6.55 6.08 5.68 5.50 5.60 5.78 5.85 5.82 5.83 5.94 6.01 5.86
6.47 6.32 6.12 6.10 6.22 6.37 6.43 6.37 6.31 6.46 7.01 7.80 8.70 9.46 9.90 10.00 9.99 9.79 9.46 9.16 8.95 8.85 8.67 8.15 7.59 7.24 7.02 6.82 6.64 6.56 6.59 6.69 6.79 6.91 7.03 7.10 7.05 6.84 6.55 6.43 6.58 6.67 6.53 6.26 6.12 6.16 6.22 6.35 6.62 6.91 7.09 7.20 7.34 7.36 7.02 6.57 6.50 6.66 6.72 6.65 6.58 6.62 6.63 6.58 6.52 6.39 6.31 6.43 6.69 6.96 7.04 6.90 6.60 6.25 5.95 5.79 5.78 5.82 5.90 6.05 6.30 6.56 6.68 6.62
6.60 6.55 6.46 6.46 6.59 6.80 7.07 7.37 7.78 8.34 9.01 9.68 10.12 10.21 9.98 9.57 9.24 9.31 9.44 9.42 9.30 9.07 8.65 8.02 7.45 7.13 6.96 6.81 6.56 6.19 5.86 5.76 5.81 5.97 6.24 6.53 6.73 6.74 6.62 6.45 6.22 5.89 5.58 5.63 6.05 6.43 6.66 6.84 7.13 7.60 8.01 8.18 8.16 7.96 7.59 7.24 7.18 7.14 7.00 6.84 6.70 6.54 6.37 6.27 6.17 5.99 5.86 5.94 6.14 6.40 6.63 6.68 6.54 6.33 6.15 6.03 5.92 5.82 5.87 6.01 6.16 6.26 6.31 6.37
6.73 6.75 6.72 6.74 6.85 7.02 7.29 7.77 8.51 9.24 9.71 9.83 9.59 9.10 8.48 7.91 7.61 7.69 7.83 7.98 8.09 8.08 7.89 7.54 7.20 6.99 6.88 6.83 6.73 6.58 6.39 6.25 6.28 6.33 6.34 6.33 6.38 6.48 6.43 6.17 5.77 5.50 5.56 6.01 6.62 7.01 7.17 7.26 7.39 7.70 8.06 8.30 8.41 8.45 8.46 8.31 8.10 7.77 7.37 7.01 6.70 6.40 6.25 6.18 6.02 5.79 5.70 5.78 5.94 6.14 6.33 6.40 6.34 6.26 6.18 6.10 5.96 5.87 5.90 5.98 6.08 6.18 6.21 6.21
6.75 6.71 6.69 6.81 7.03 7.29 7.68 8.23 8.84 9.15 9.09 8.71 8.15 7.53 6.97 6.59 6.42 6.42 6.47 6.67 6.97 7.14 7.20 7.10 7.00 6.92 6.79 6.59 6.45 6.56 6.78 6.97 7.08 7.06 6.88 6.61 6.42 6.39 6.33 6.19 6.12 6.23 6.49 6.95 7.36 7.52 7.49 7.42 7.36 7.41 7.59 7.84 8.11 8.40 8.66 8.71 8.46 8.05 7.55 7.05 6.66 6.41 6.26 6.06 5.78 5.65 5.77 5.94 6.08 6.14 6.14 6.14 6.16 6.16 6.08 5.97 5.87 5.84 5.89 5.98 6.13 6.27 6.29 6.29
6.61 6.51 6.54 6.80 7.12 7.54 8.07 8.50 8.62 8.35 7.85 7.37 6.92 6.48 6.05 5.74 5.58 5.65 5.87 6.18 6.49 6.82 6.93 6.83 6.83 6.98 6.93 6.69 6.45 6.37 6.39 6.47 6.55 6.62 6.66 6.63 6.54 6.47 6.46 6.57 6.75 6.91 7.13 7.52 7.78 7.74 7.51 7.27 7.08 7.02 7.04 7.17 7.33 7.55 7.82 7.98 7.93 7.69 7.35 6.99 6.67 6.42 6.12 5.82 5.64 5.73 5.98 6.18 6.23 6.10 5.93 5.91 5.96 5.97 5.88 5.75 5.62 5.58 5.66 5.85 6.00 6.07 6.03 6.04
6.53 6.46 6.51 6.75 7.06 7.49 7.92 7.98 7.66 7.10 6.56 6.08 5.69 5.35 5.03 4.89 5.11 5.53 5.92 6.26 6.69 7.05 6.95 6.69 6.85 7.16 7.19 7.09 6.97 6.70 6.33 5.90 5.65 5.70 5.96 6.22 6.38 6.45 6.56 6.76 6.95 7.11 7.36 7.70 7.77 7.52 7.17 6.89 6.76 6.73 6.70 6.66 6.57 6.48 6.42 6.54 6.68 6.75 6.81 6.80 6.66 6.39 6.05 5.81 5.82 5.99 6.20 6.30 6.20 5.93 5.74 5.68 5.69 5.73 5.74 5.64 5.49 5.38 5.44 5.66 5.75 5.62 5.47 5.42
