project/data/elevation/US_DEM2016/US_DEM2016_point_10-28-2019_0038_30m_vel.asc
ncols	125
nrows	167
xllcorner	-2042055.000000
yllcorner	1465035.000000
cellsize	30.000000
NODATA_value	-9999.000000
[rows 37 to 73 of 167, columns 0 to 81 of 125]
9.61 9.87 9.93 9.69 9.35 8.80 8.13 7.24 6.37 5.74 5.67 6.25 7.49 8.98 9.60 9.30 8.83 8.79 9.35 10.19 10.89 11.52 12.15 12.74 13.06 13.20 13.25 13.14 12.53 11.24 9.51 8.07 7.56 7.91 8.44 8.78 8.89 8.96 9.19 9.85 10.84 11.53 11.72 10.99 10.20 9.91 9.83 9.40 8.72 7.82 7.00 6.81 7.36 8.40 8.73 8.65 8.57 8.82 9.02 9.46 9.71 9.55 8.85 7.59 6.12 5.02 4.52 4.60 4.99 5.64 6.29 6.49 6.87 7.53 7.95 8.36 9.55 11.58 14.00 15.71 16.66 16.63
9.27 9.32 9.29 9.01 8.52 8.19 7.84 7.23 6.47 5.79 5.82 5.70 6.37 7.51 8.70 8.81 8.62 8.19 8.37 8.83 9.22 9.51 9.85 10.44 11.14 11.75 12.42 13.09 13.19 12.61 11.30 9.73 8.60 8.12 8.23 8.85 9.51 9.76 9.92 10.39 11.33 12.40 13.08 12.96 12.28 11.35 10.27 9.02 8.14 7.35 6.85 6.76 7.03 7.97 8.62 8.71 8.67 8.90 9.03 9.22 9.42 9.17 8.82 8.18 7.19 6.02 4.86 4.33 4.36 4.81 5.43 5.73 6.08 6.90 7.27 7.42 8.10 9.58 11.37 12.94 14.04 15.00
8.92 8.69 8.48 8.17 7.67 7.40 7.21 6.92 6.55 6.20 6.06 6.12 6.39 7.38 8.10 8.24 8.31 8.04 7.54 7.22 7.11 7.17 7.41 8.03 9.08 10.25 11.27 12.31 13.11 13.31 12.63 11.26 9.94 9.14 9.12 9.77 10.39 10.80 10.90 10.85 11.12 11.72 12.60 13.08 12.93 12.11 10.67 9.39 8.41 7.42 6.90 6.92 7.13 7.74 8.52 8.80 8.90 9.10 9.06 9.04 8.81 8.09 7.14 6.79 6.44 5.82 4.79 3.96 3.69 3.87 4.57 5.10 5.50 6.16 6.60 6.67 6.94 7.85 9.16 10.06 10.43 11.68
8.67 8.41 8.09 7.73 7.46 7.26 7.23 7.29 7.31 7.33 7.37 7.45 7.46 7.54 8.34 8.28 8.09 7.91 7.18 6.39 6.17 6.35 6.73 7.31 8.30 9.30 10.25 11.26 12.29 13.12 13.24 12.45 11.38 10.82 10.81 11.22 11.73 12.11 11.95 11.43 11.03 10.60 10.78 11.85 12.53 12.62 11.83 11.15 10.45 9.61 8.57 7.95 7.77 7.85 8.36 8.56 8.66 8.84 8.96 9.15 8.91 7.70 5.84 5.07 4.83 4.59 4.37 4.00 3.58 3.35 3.60 4.30 4.97 5.54 6.05 6.18 6.27 6.65 7.57 8.36 8.51 9.32
8.92 8.74 8.53 8.32 8.22 8.14 8.07 8.11 8.24 8.39 8.53 8.55 8.43 8.36 8.33 8.27 8.27 8.14 7.64 7.01 6.85 7.05 7.37 7.68 8.01 8.49 9.01 9.77 10.93 12.11 13.08 12.94 12.45 12.14 12.11 12.14 12.21 12.16 11.96 11.62 11.00 10.09 9.61 10.16 11.55 12.14 11.92 11.48 11.39 11.24 10.66 9.44 8.43 7.98 8.04 8.05 7.88 7.90 8.39 9.30 9.51 8.39 6.33 5.14 4.71 4.55 4.53 4.35 3.91 3.44 3.26 3.58 4.17 4.73 5.31 5.56 5.76 6.10 6.77 7.56 7.93 8.22
9.32 9.28 9.24 9.19 9.09 8.96 8.79 8.73 8.87 9.10 9.20 9.11 8.84 8.85 8.98 9.01 8.96 8.90 8.70 8.45 8.37 8.47 8.61 8.74 8.90 8.95 9.01 9.29 10.05 11.01 12.30 12.71 12.89 13.00 12.82 12.18 11.33 10.64 10.41 10.62 10.51 9.73 8.87 9.02 10.22 11.10 11.02 10.21 10.13 10.41 10.49 9.84 8.79 7.98 7.85 7.91 7.75 7.65 8.14 9.58 10.33 9.73 8.06 6.80 6.26 5.89 5.40 4.83 4.47 4.19 3.79 3.43 3.31 3.37 3.77 4.19 4.73 5.33 5.94 6.83 7.52 7.87
9.41 9.43 9.49 9.50 9.48 9.47 9.48 9.54 9.66 9.76 9.73 9.56 9.23 9.43 9.30 9.39 9.47 9.53 9.54 9.51 9.62 9.80 9.88 9.86 9.85 9.74 9.69 9.76 10.07 10.48 11.39 11.97 12.37 12.64 12.57 11.92 10.68 9.44 8.86 9.23 9.82 9.53 8.61 8.23 9.16 10.22 10.17 8.94 7.90 7.47 7.63 8.08 8.11 7.85 7.88 8.29 8.57 8.77 9.31 10.44 11.29 11.09 9.91 8.79 7.80 6.98 6.37 5.95 5.66 5.13 4.38 3.53 2.81 2.38 2.31 2.78 3.40 4.11 4.62 5.60 6.75 7.67
9.42 9.48 9.65 9.78 10.02 10.37 10.69 10.83 10.74 10.53 10.29 10.04 9.69 9.55 9.44 9.55 9.70 9.84 9.92 9.92 10.01 10.12 10.16 10.06 9.89 9.69 9.67 9.77 10.03 10.29 10.95 11.17 11.32 11.23 11.32 11.38 10.95 9.84 8.46 8.08 8.64 9.03 8.53 7.90 8.37 9.47 9.32 8.03 6.60 5.81 5.72 6.13 6.72 7.14 7.75 8.58 9.25 9.79 10.30 10.95 11.78 11.88 10.94 9.66 8.42 7.72 7.41 7.07 6.38 5.31 4.48 3.89 3.31 2.77 2.49 2.58 2.99 3.48 3.74 4.38 5.55 6.80
9.57 9.80 10.20 10.49 10.74 11.04 11.33 11.47 11.37 11.06 10.73 10.45 10.19 10.00 10.09 10.15 10.17 10.20 10.17 10.01 9.72 9.45 9.36 9.38 9.44 9.39 9.37 9.48 9.84 10.16 10.61 10.52 10.26 9.87 9.72 10.27 10.73 10.46 8.99 7.76 7.56 8.16 8.16 7.59 7.90 8.93 8.99 8.02 7.21 6.81 6.44 6.05 5.91 6.34 7.36 8.44 9.08 9.54 9.93 10.62 11.50 12.01 11.46 10.31 9.33 8.76 8.16 7.33 6.32 5.49 5.05 4.88 4.66 4.32 3.94 3.72 3.77 3.92 4.04 4.18 4.84 5.64
9.50 9.88 10.49 10.81 10.87 10.84 10.79 10.83 10.90 10.84 10.68 10.44 10.43 10.56 10.78 10.85 10.78 10.59 10.31 9.93 9.39 8.88 8.65 8.74 9.00 9.18 9.28 9.44 9.75 9.88 9.96 9.78 9.55 9.05 8.51 8.66 9.43 10.13 9.68 8.29 7.29 7.42 7.74 7.77 8.21 9.09 9.29 8.61 8.04 7.51 6.88 6.29 6.05 6.51 7.49 8.18 8.65 9.08 9.55 10.34 11.20 11.95 11.85 11.04 10.06 9.16 7.93 7.16 6.79 6.67 6.65 6.53 6.34 6.09 5.86 5.60 5.33 5.06 4.87 4.88 5.62 5.55
9.09 9.34 9.88 10.29 10.33 10.13 9.85 9.67 9.72 9.93 9.99 9.88 10.16 10.14 10.36 10.56 10.64 10.48 10.13 9.71 9.25 8.79 8.49 8.44 8.59 8.81 8.99 9.24 9.41 9.30 9.11 9.01 9.17 8.69 7.79 7.51 8.02 9.12 9.73 9.26 8.00 7.61 7.87 8.37 8.87 9.59 9.68 8.76 7.59 6.72 6.38 6.30 6.77 7.79 8.52 8.69 8.91 9.31 9.78 10.40 11.19 12.01 11.99 11.22 10.20 9.05 8.17 7.93 8.23 8.60 8.77 8.69 8.52 8.28 7.96 7.64 7.28 6.81 6.44 6.27 6.03 6.06
8.85 8.84 8.93 9.33 9.64 9.54 9.21 8.89 8.82 9.00 9.15 9.17 9.10 9.16 9.20 9.39 9.69 9.88 9.83 9.55 9.13 8.70 8.36 8.17 8.14 8.24 8.32 8.50 8.71 8.67 8.75 8.94 9.19 8.86 7.72 6.79 6.93 7.93 9.11 9.43 8.67 7.89 7.69 7.94 8.39 9.28 9.68 8.73 7.35 6.75 6.84 7.55 8.68 9.60 10.07 9.78 9.56 9.62 9.97 10.61 11.47 12.40 12.45 11.71 11.01 10.62 10.64 10.98 11.40 11.74 11.82 11.74 11.58 11.38 11.05 10.67 10.27 9.68 8.91 8.00 7.01 6.40
9.05 8.99 8.66 8.64 9.06 9.39 9.27 8.92 8.72 8.74 8.99 9.15 9.17 8.97 8.90 8.98 9.22 9.51 9.66 9.49 9.04 8.53 8.12 7.89 7.79 7.80 7.73 7.77 8.00 8.10 8.41 8.84 9.38 9.54 8.65 7.07 6.59 6.97 8.00 8.71 8.41 7.57 6.95 6.75 7.20 8.41 9.54 9.26 8.23 7.92 8.64 9.82 10.75 11.20 11.09 10.43 9.92 9.81 10.10 10.84 11.76 12.90 13.27 13.07 12.74 12.92 13.38 13.92 14.43 14.71 14.81 14.77 14.66 14.53 14.28 13.90 13.42 12.84 11.81 10.26 8.53 7.06
9.16 9.26 9.00 8.59 8.72 9.29 9.68 9.56 9.28 9.31 9.73 10.11 10.21 10.01 9.79 9.65 9.60 9.62 9.64 9.51 9.12 8.56 8.02 7.68 7.57 7.62 7.58 7.53 7.50 7.40 7.42 7.96 8.80 9.76 9.82 8.59 7.49 7.11 7.58 8.27 8.24 7.75 7.32 7.08 7.29 8.22 9.66 10.10 9.81 10.08 10.97 11.59 11.91 11.63 11.12 10.37 9.96 9.84 9.84 10.18 10.93 12.26 13.21 13.35 13.30 13.38 13.64 14.02 14.33 14.55 14.74 14.89 14.93 14.88 14.74 14.52 14.25 13.94 13.38 12.50 11.12 9.26
9.00 9.13 9.08 8.87 8.73 9.03 9.63 9.93 9.83 9.84 10.40 11.02 11.18 11.02 10.74 10.33 9.95 9.72 9.65 9.59 9.34 8.84 8.20 7.63 7.41 7.52 7.57 7.48 7.12 6.47 6.33 6.65 7.45 8.98 9.93 9.82 8.84 8.30 8.49 8.98 9.18 9.21 9.19 9.00 8.96 9.48 10.72 11.76 12.59 13.04 13.02 12.69 12.10 11.19 10.59 9.92 9.52 9.19 8.90 8.79 9.20 10.21 11.77 12.33 12.23 11.67 11.09 10.80 10.51 10.59 10.93 11.50 11.75 11.86 11.85 11.95 12.23 12.27 12.19 12.24 12.02 11.23
8.78 8.59 8.43 8.42 8.41 8.61 9.16 9.76 9.96 9.88 10.26 10.87 11.15 11.15 10.87 10.35 9.76 9.43 9.41 9.44 9.28 8.92 8.39 7.76 7.36 7.32 7.41 7.40 6.90 5.85 5.49 5.65 6.22 7.41 9.05 9.73 9.57 9.46 9.72 10.26 10.62 10.74 10.69 10.70 10.86 11.28 12.07 13.07 13.88 14.14 13.86 12.98 11.97 10.87 10.17 9.52 9.00 8.47 8.23 8.08 8.29 8.94 10.02 10.90 10.77 9.42 8.03 6.85 6.20 6.04 6.32 7.01 7.55 7.74 7.99 8.27 8.91 9.21 9.15 9.40 10.11 10.47
8.74 8.26 7.73 7.54 7.58 7.91 8.54 9.33 9.81 9.73 10.28 9.98 10.07 10.19 10.05 9.67 9.18 8.82 8.79 8.94 8.92 8.68 8.42 8.08 7.64 7.32 7.29 7.44 7.12 6.17 5.53 5.48 5.79 6.51 7.81 8.97 9.48 9.56 9.81 10.38 10.92 11.04 11.07 11.22 11.54 11.83 12.23 12.67 13.03 13.24 13.21 12.74 11.81 10.86 10.13 9.53 9.04 8.62 8.57 8.53 8.68 9.02 9.60 10.35 10.16 8.71 7.04 5.90 5.31 4.89 4.48 4.27 4.54 4.90 5.24 5.64 6.40 6.97 6.90 6.56 6.69 7.18
8.95 8.44 7.76 7.42 7.24 7.23 7.57 8.44 9.11 9.17 8.86 8.92 8.45 8.61 8.56 8.49 8.30 7.98 7.92 8.28 8.67 8.73 8.64 8.48 8.07 7.64 7.48 7.71 7.77 7.32 6.68 6.20 6.00 6.12 6.88 8.09 8.75 8.85 8.91 9.27 9.86 10.24 10.44 10.69 11.00 11.15 11.18 11.00 10.61 10.95 11.73 12.15 11.75 11.05 10.38 9.84 9.41 9.16 9.20 9.11 9.09 9.24 9.58 10.38 10.45 9.28 7.91 6.98 6.32 5.61 4.66 3.54 2.96 2.93 3.24 3.66 4.43 5.16 5.27 4.73 4.28 4.21
9.31 8.94 8.51 8.25 7.90 7.34 6.86 7.13 7.81 8.08 7.92 8.23 7.29 7.40 7.41 7.83 7.42 7.27 7.24 7.74 8.54 9.08 9.19 8.94 8.59 8.19 7.98 8.13 8.24 8.08 7.50 6.82 6.21 5.88 6.32 7.36 8.09 8.36 8.31 8.40 8.75 9.23 9.54 9.86 10.05 10.01 9.73 9.25 9.12 9.50 10.42 11.26 11.35 11.01 10.36 9.91 9.50 9.22 9.14 8.87 8.63 8.60 9.06 10.12 10.64 9.95 8.87 8.03 6.96 5.92 4.83 3.88 3.06 2.54 2.43 2.55 2.96 3.53 3.75 3.71 3.13 3.69
9.64 9.63 9.69 9.61 9.22 8.50 7.46 7.05 7.26 7.60 7.64 8.29 8.14 7.51 7.54 7.44 7.45 7.43 7.44 7.84 8.64 9.47 9.76 9.68 9.44 9.18 8.92 8.78 8.62 8.42 7.87 7.43 7.02 6.67 6.76 7.50 8.41 8.89 8.86 8.78 8.85 9.05 9.15 9.33 9.24 8.88 8.32 8.05 7.90 8.18 9.07 10.11 10.61 10.39 9.84 9.45 9.05 8.63 8.30 7.85 7.56 7.60 8.30 9.52 10.41 10.20 9.34 8.36 7.19 6.24 5.49 5.04 4.68 4.06 3.34 2.68 2.40 2.52 3.40 3.73 4.17 4.86
9.71 10.04 10.48 10.65 10.50 9.99 9.14 8.45 8.13 8.15 9.29 8.19 8.37 8.70 8.94 8.99 8.96 8.99 8.87 8.90 9.35 10.02 10.46 10.66 10.66 10.53 10.18 9.74 9.40 9.34 9.31 9.18 8.98 8.65 8.34 8.61 9.40 9.96 10.15 10.12 10.02 9.66 9.31 9.06 8.62 7.89 7.39 6.87 6.66 6.90 7.74 8.92 9.73 9.59 9.23 8.89 8.45 7.89 7.40 7.14 7.19 7.55 8.46 9.53 10.26 10.09 9.30 8.37 7.45 7.01 6.87 6.75 6.26 5.56 4.76 4.21 4.04 4.14 4.45 5.09 6.11 7.26
9.45 9.72 10.19 10.63 11.02 11.07 10.58 9.86 9.18 8.74 8.61 8.84 9.38 9.97 10.54 10.80 10.95 11.05 11.04 10.87 10.88 10.95 11.16 11.45 11.63 11.50 11.21 10.70 10.30 10.17 10.29 10.19 10.05 9.82 9.39 9.24 9.57 10.07 10.56 10.87 10.84 10.40 9.72 8.93 7.84 6.97 6.36 5.89 5.62 5.62 6.34 7.58 8.53 8.85 8.80 8.61 8.31 7.96 7.75 7.89 8.19 8.76 9.62 10.46 10.85 10.50 9.63 8.96 8.48 8.27 8.25 8.01 7.34 6.53 5.91 5.61 5.60 5.85 6.45 7.38 8.40 8.97
9.10 9.11 9.36 9.80 10.47 11.05 11.13 10.57 9.71 8.93 10.13 8.71 9.40 10.26 10.93 11.40 11.68 11.88 12.06 12.06 11.83 11.54 11.42 11.53 11.69 11.70 11.54 11.14 10.81 10.44 9.81 9.24 9.02 9.09 9.09 9.15 9.29 9.63 10.08 10.61 10.93 10.70 10.09 9.02 7.34 5.95 5.25 4.98 4.67 4.58 4.94 5.95 7.23 8.14 8.59 8.76 8.79 8.78 8.86 8.86 9.12 9.72 10.50 11.49 12.06 12.20 11.20 10.36 10.01 9.77 9.22 8.61 8.05 7.73 7.55 7.53 7.82 8.36 9.11 9.79 10.01 9.74
8.96 8.89 8.92 8.97 9.23 9.72 10.25 10.30 9.75 8.93 8.25 8.03 8.33 8.96 9.59 10.03 10.35 10.45 10.48 10.59 10.69 10.60 10.47 10.44 10.52 10.69 10.67 10.64 10.70 10.67 10.08 9.01 8.28 8.15 8.61 9.19 9.63 9.82 9.93 10.14 10.39 10.25 9.99 9.24 7.61 5.77 4.81 4.50 4.37 4.35 4.51 5.17 6.40 7.69 8.61 9.22 9.62 9.84 9.83 9.54 9.55 10.19 10.99 11.97 13.04 13.89 13.60 12.25 11.36 11.01 10.35 9.75 9.60 9.98 10.37 10.73 11.18 11.57 11.75 11.45 10.76 9.90
8.74 8.61 8.51 8.39 8.10 8.10 8.64 9.22 9.18 8.50 7.61 6.90 6.55 6.60 6.90 7.21 7.51 7.54 7.15 6.92 7.42 7.98 8.13 8.08 8.10 8.53 9.01 9.31 9.76 10.41 10.80 10.63 9.97 9.33 9.15 9.45 9.76 9.85 9.70 9.53 9.52 9.66 9.85 9.70 8.59 6.97 5.96 5.66 5.60 5.64 5.79 6.20 6.95 7.89 8.66 9.32 9.95 10.52 10.73 10.76 10.88 11.28 11.46 11.83 12.91 14.23 14.56 13.96 13.12 12.77 12.61 12.48 12.70 13.10 13.36 13.49 13.56 13.49 13.09 12.14 11.08 10.17
8.42 8.10 7.81 7.78 7.64 7.52 7.69 8.20 8.46 7.98 7.02 5.95 5.03 4.42 4.20 4.38 4.88 5.30 5.26 4.81 4.58 4.90 5.33 5.65 6.10 6.76 7.63 8.08 8.45 8.90 9.85 10.74 11.02 10.75 9.99 9.46 9.11 9.03 8.82 8.60 8.66 9.29 9.97 10.37 10.07 9.54 8.91 8.48 8.17 8.05 8.10 8.17 8.27 8.47 8.65 8.95 9.48 10.22 10.93 11.50 11.88 11.76 11.32 10.98 11.29 12.54 13.79 14.05 14.13 14.23 14.42 14.51 14.58 14.55 14.36 14.04 13.69 13.26 12.64 11.89 11.15 10.48
8.57 8.19 7.72 7.52 7.55 7.63 7.69 7.93 8.19 8.01 7.25 6.16 5.01 4.00 3.29 3.03 3.81 4.61 5.43 5.27 4.46 3.79 3.67 4.19 5.07 6.06 7.07 7.48 7.52 7.33 7.79 8.81 9.88 10.36 9.88 8.91 8.03 7.64 7.72 7.84 8.13 8.96 9.98 10.82 11.14 11.34 11.28 10.81 10.26 9.87 9.38 9.00 8.83 8.83 8.81 8.90 9.27 9.96 10.63 11.03 11.13 10.79 10.24 9.72 9.79 10.57 11.85 12.85 13.44 13.85 13.95 13.76 13.50 13.25 12.94 12.46 11.80 11.10 10.89 10.80 10.50 10.08
9.05 8.87 8.55 8.20 8.05 8.10 8.20 8.34 8.47 8.47 8.16 7.48 6.61 5.52 4.45 3.66 3.53 4.81 6.39 7.05 6.55 5.34 4.29 4.08 4.80 6.06 7.09 7.41 7.20 6.66 6.44 6.75 7.74 8.56 8.79 8.42 7.81 7.39 7.44 7.90 8.44 9.23 9.88 10.61 11.07 11.40 11.46 11.37 11.06 10.47 9.47 8.82 8.72 8.91 9.02 9.11 9.38 9.92 10.18 10.04 9.63 9.12 8.84 8.80 9.01 9.54 10.32 11.22 11.83 12.02 11.93 11.52 10.82 10.43 10.48 10.39 9.71 8.79 8.50 8.95 9.09 8.81
9.27 9.30 9.30 9.13 8.91 8.78 8.85 9.11 9.30 9.49 9.58 9.41 8.97 8.07 6.88 5.69 4.92 5.21 6.53 8.06 8.51 7.90 6.61 5.59 5.65 6.52 7.42 7.90 7.89 7.23 6.54 6.06 6.17 6.84 7.76 8.48 8.83 8.99 9.06 9.19 9.49 9.81 9.89 10.13 10.34 10.39 10.46 10.69 10.82 10.65 9.83 9.11 8.88 8.97 9.08 9.12 9.27 9.53 9.52 9.12 8.69 8.34 8.27 8.34 8.43 8.74 9.19 9.81 10.23 10.26 10.17 9.93 9.25 8.44 8.22 8.70 8.47 7.40 6.47 6.73 7.30 7.03
9.27 9.37 9.51 9.42 9.30 9.26 9.47 9.88 10.36 10.87 11.25 11.37 10.99 10.18 9.02 7.72 6.45 5.78 6.23 7.91 9.28 9.75 9.26 8.17 7.34 7.50 8.10 8.74 9.17 8.81 8.11 7.31 6.78 6.99 7.86 8.93 9.79 10.41 10.55 10.36 10.11 9.96 9.79 9.82 9.78 9.46 9.37 9.50 9.83 10.12 10.02 9.53 9.12 9.06 9.14 9.25 9.37 9.34 9.00 8.55 8.21 8.02 8.04 7.98 7.97 8.30 8.76 9.10 9.08 9.06 8.93 8.86 8.71 7.85 6.90 7.04 7.44 6.82 5.54 5.10 5.52 5.54
9.25 9.40 9.61 9.42 9.25 9.30 9.60 10.07 10.78 11.43 12.07 12.40 12.41 11.99 11.13 9.87 8.32 6.95 6.58 7.54 9.03 10.34 10.52 9.94 9.12 8.85 8.98 9.33 9.84 10.00 9.83 9.36 8.76 8.50 8.73 9.18 9.58 9.93 10.12 9.99 9.75 9.63 9.64 9.68 9.40 8.60 8.23 8.17 8.26 8.64 9.15 9.20 8.97 8.95 9.15 9.38 9.35 8.92 8.24 7.79 7.64 7.67 7.79 7.93 8.06 8.45 8.81 8.70 8.10 7.91 7.85 7.69 7.96 7.84 6.85 6.25 6.52 6.50 5.34 4.65 4.66 4.06
9.17 9.36 9.57 9.37 9.11 9.04 9.12 9.26 9.56 10.12 10.90 11.74 12.49 12.86 12.74 12.07 10.69 8.84 7.61 7.59 8.35 9.75 10.62 10.72 10.32 9.90 9.51 9.31 9.40 9.81 10.26 10.43 10.19 9.62 9.17 8.93 8.77 8.74 8.88 9.14 9.31 9.48 9.72 9.78 9.22 8.15 7.55 7.27 7.12 7.16 7.56 7.98 8.18 8.35 8.73 8.80 8.45 7.83 7.16 6.93 6.99 7.18 7.51 7.88 8.10 8.41 8.71 8.26 7.03 6.41 6.45 6.14 6.14 6.81 6.82 6.24 6.10 6.17 5.74 5.15 4.86 4.78
9.01 9.15 9.25 9.23 9.06 8.90 8.72 8.35 7.89 7.68 8.04 9.22 10.78 12.11 12.96 13.17 12.58 11.13 9.25 8.26 8.30 9.22 10.10 10.72 10.74 10.24 9.57 9.05 8.57 8.60 9.07 9.62 9.88 9.57 9.09 8.68 8.43 8.46 8.84 9.20 9.37 9.60 9.95 10.19 9.70 8.66 7.89 7.26 6.67 6.24 6.25 6.75 7.36 7.88 8.04 7.65 6.95 6.42 6.19 6.16 6.19 6.21 6.58 7.02 7.27 7.90 8.59 8.26 6.75 5.49 5.17 4.93 4.85 5.43 6.11 6.23 6.21 6.05 6.34 6.16 5.92 5.67
8.93 8.97 9.01 9.14 9.15 9.04 8.84 8.45 7.68 6.73 6.12 6.41 7.81 9.75 11.46 12.57 13.02 12.60 11.21 9.65 9.20 9.46 9.87 10.50 10.80 10.51 9.85 9.03 8.16 7.52 7.28 7.50 8.14 8.61 8.73 8.67 8.62 8.73 9.07 9.34 9.42 9.64 10.12 10.54 10.28 9.22 8.14 7.11 6.52 6.35 6.55 7.10 7.66 7.83 7.74 6.90 6.15 5.85 5.76 5.71 5.58 5.34 5.28 5.64 6.34 7.51 8.87 9.10 7.96 6.59 5.93 5.61 5.36 5.49 5.96 6.35 6.66 6.97 7.18 7.25 7.22 7.19
8.99 9.00 9.05 9.20 9.31 9.30 9.23 9.18 8.89 8.03 6.78 5.91 6.05 7.26 9.11 10.80 12.05 12.80 12.43 11.31 10.63 10.59 10.70 10.92 11.09 11.06 10.63 9.74 8.65 7.76 7.08 6.87 7.10 7.59 8.08 8.42 8.57 8.59 8.73 9.02 9.14 9.37 9.83 10.35 10.29 9.21 8.07 7.49 7.60 8.09 8.56 8.76 8.72 8.42 8.11 7.40 7.24 7.20 7.03 6.76 6.48 6.11 5.87 6.07 7.02 8.39 9.96 10.66 10.23 9.22 8.35 7.73 7.07 6.73 6.77 6.96 7.29 7.71 8.03 8.34 8.75 9.29
9.04 8.99 9.08 9.28 9.49 9.55 9.60 9.87 10.25 10.25 9.47 8.18 7.20 7.10 7.94 9.48 10.94 12.35 12.90 12.58 12.11 11.87 11.69 11.50 11.36 11.47 11.51 11.11 10.20 9.52 8.97 8.49 8.02 7.84 7.98 8.25 8.41 8.43 8.44 8.43 8.55 8.85 9.42 10.07 10.30 9.83 9.44 9.66 10.05 10.31 10.33 10.01 9.46 8.89 8.64 8.75 9.02 9.31 9.39 9.25 9.05 8.94 8.92 9.16 9.63 10.28 11.12 11.80 11.64 10.73 9.71 8.81 7.98 7.55 7.56 7.78 8.07 8.52 9.10 10.01 11.26 12.45
9.02 8.95 9.04 9.33 9.65 9.77 9.89 10.25 10.94 11.62 11.76 11.29 10.38 9.38 9.01 9.48 10.50 11.96 13.10 13.42 13.30 12.81 12.13 11.65 11.36 11.50 11.91 12.11 11.76 11.12 10.50 10.04 9.54 9.15 8.83 8.66 8.59 8.41 8.19 8.10 8.32 8.90 9.58 10.35 10.68 10.58 10.58 10.79 10.78 10.47 10.21 10.00 9.67 9.19 9.02 9.17 9.40 9.85 10.38 10.77 10.96 11.09 11.06 10.96 10.75 10.55 10.70 11.49 11.64 10.82 9.67 8.79 8.22 7.92 8.00 8.42 9.00 9.73 10.71 12.12 13.64 14.85
