project/data/elevation/US_DEM2016/US_DEM2016_point_11-01-2019_0008_30m_ang.asc
ncols	125
nrows	167
xllcorner	-2042055.000000
yllcorner	1465035.000000
cellsize	30.000000
NODATA_value	-9999.000000
[rows 0 to 41 of 167, columns 0 to 93 of 125]
273 280 290 294 288 271 258 256 260 268 278 285 275 263 269 284 299 304 289 259 247 252 264 276 286 291 293 284 262 248 243 245 249 254 255 250 243 239 235 232 230 228 229 232 238 244 245 242 243 252 267 282 296 305 307 306 305 303 300 299 296 290 280 270 267 269 275 282 287 289 291 292 291 288 284 282 280 274 268 273 280 270 257 266 285 303 308 299 273 252 245 241 237 234
273 280 290 294 288 271 258 256 260 268 278 285 275 263 269 284 299 304 289 259 247 252 264 276 286 291 293 284 262 248 243 245 249 254 255 250 243 239 235 232 230 228 229 232 238 244 245 242 243 252 267 282 296 305 307 306 305 303 300 299 296 290 280 270 267 269 275 282 287 289 291 292 291 288 284 282 280 274 268 273 280 270 257 266 285 303 308 299 273 252 245 241 237 234
271 277 286 293 294 285 273 267 267 269 274 278 275 267 270 277 287 293 283 261 254 260 268 274 279 282 281 268 253 245 245 247 251 254 256 254 250 247 242 237 235 234 234 238 242 245 246 247 250 259 270 280 291 300 303 301 298 294 291 291 290 288 283 276 272 271 272 274 278 282 286 288 289 287 284 281 279 277 275 274 275 269 264 269 279 293 300 291 267 253 248 242 239 239
271 275 282 290 300 304 298 287 278 272 269 269 274 271 269 269 271 272 266 263 267 270 272 271 268 263 252 239 238 243 247 250 253 255 257 259 261 261 258 251 247 246 246 248 250 250 250 254 260 267 272 277 282 288 292 292 287 281 276 274 276 281 284 283 278 274 270 268 269 271 274 277 279 281 280 278 278 280 280 276 271 273 275 273 273 276 278 266 256 256 252 246 245 250
272 275 281 287 296 306 307 299 287 277 270 268 272 271 268 266 266 265 261 264 270 272 271 267 260 249 236 229 234 242 247 250 254 256 257 258 262 266 268 267 262 256 254 254 255 255 254 256 263 268 271 273 276 279 281 282 281 278 273 269 267 270 276 278 277 274 272 271 269 268 267 267 268 270 273 275 277 279 279 277 277 281 282 276 270 265 258 249 252 257 255 252 255 261
271 274 280 284 290 299 307 305 296 283 274 270 271 272 268 265 264 264 266 268 271 270 267 262 252 240 230 228 234 242 248 252 256 257 256 257 260 264 269 275 276 270 263 260 258 257 256 259 264 267 269 270 270 270 271 272 275 278 278 273 267 264 265 268 270 272 273 272 271 268 266 264 263 265 269 273 276 278 279 280 281 286 286 278 268 259 250 245 254 260 259 260 266 270
270 273 277 280 284 290 297 303 300 292 282 275 275 276 271 266 261 261 268 271 270 267 263 255 243 233 230 232 238 245 250 254 256 256 256 257 260 263 266 272 279 281 277 270 264 260 259 262 265 268 269 268 266 262 261 264 270 274 276 273 267 262 259 261 265 270 273 275 274 270 267 264 264 266 269 273 276 279 282 284 286 287 287 280 269 259 250 247 258 263 264 268 272 272
269 271 274 275 277 280 284 291 296 296 292 286 284 282 276 268 261 257 261 269 269 266 259 249 237 230 232 238 245 250 253 255 256 256 257 258 259 260 261 265 272 281 285 282 273 265 263 266 269 271 271 269 265 258 255 257 261 264 264 262 261 259 258 259 263 268 273 277 277 274 268 266 267 269 271 273 275 279 284 287 289 288 287 282 273 264 254 253 263 267 269 272 272 266
268 268 268 268 268 269 271 277 286 293 296 296 296 291 281 270 262 255 254 265 270 267 258 246 234 231 235 242 249 254 257 257 258 258 259 257 255 254 255 257 262 269 279 285 283 274 269 270 274 275 274 272 267 260 254 253 253 252 250 250 254 258 260 260 261 265 271 277 279 275 268 266 267 269 270 271 273 277 281 285 288 288 288 285 281 272 263 261 267 270 271 270 265 255
266 264 262 260 259 260 262 269 277 285 291 297 301 299 287 272 262 253 252 263 269 267 257 244 236 237 242 247 252 257 261 262 262 263 261 256 252 251 251 251 253 258 265 275 284 283 275 273 275 276 274 272 269 266 259 253 249 245 243 246 253 260 263 263 261 263 269 274 276 272 266 265 267 270 271 272 273 276 278 280 282 284 286 289 289 283 273 270 271 271 269 264 256 250
264 261 256 254 254 255 259 267 273 277 281 287 295 300 293 277 264 255 256 263 266 264 254 243 242 245 250 254 258 262 265 266 266 265 260 253 251 251 251 249 249 252 256 263 274 283 280 276 276 275 272 267 265 264 261 254 248 243 243 249 255 261 265 266 265 265 266 268 269 267 265 266 269 273 274 275 275 275 275 274 275 277 280 283 288 289 281 275 272 268 262 258 255 254
265 262 257 254 253 255 260 266 268 270 272 276 282 290 293 285 272 263 261 263 262 257 248 243 247 251 256 261 265 266 267 267 266 262 255 252 254 256 254 251 249 249 252 256 262 272 279 278 276 275 269 263 258 255 254 252 248 245 247 251 257 262 266 270 271 269 265 263 262 263 266 270 273 276 278 278 276 272 268 267 269 272 273 274 278 285 285 277 270 265 261 260 259 259
268 269 266 261 257 258 262 264 263 262 263 266 270 274 283 288 283 273 267 263 259 251 243 245 252 256 260 265 267 267 266 265 261 256 252 255 260 260 257 255 253 252 252 253 255 262 273 276 275 273 268 262 254 249 250 253 253 250 250 253 258 264 268 272 274 272 266 262 260 261 266 272 275 277 278 276 272 266 261 262 266 271 274 274 275 282 292 284 273 268 266 263 261 261
269 272 275 274 268 264 264 263 261 259 259 260 260 261 267 279 285 279 270 263 255 246 242 248 254 258 262 265 265 264 263 260 258 257 258 262 264 262 260 261 260 259 257 254 254 258 267 273 272 270 266 259 251 249 254 259 258 254 253 256 260 265 269 272 274 274 269 264 261 261 267 273 276 275 272 268 264 261 259 261 266 272 277 279 281 289 301 300 282 273 270 266 263 263
268 269 273 278 277 270 266 264 263 262 262 260 258 256 257 264 275 276 268 260 251 244 246 251 255 258 261 262 263 264 263 260 259 262 266 269 269 267 267 268 268 267 265 261 259 260 265 269 268 264 259 252 249 253 260 263 259 255 257 260 262 265 268 271 273 275 272 266 261 261 268 273 273 268 262 261 262 261 260 263 267 272 277 280 285 294 306 314 295 277 272 270 267 265
267 267 267 270 273 271 267 266 266 268 269 269 266 262 258 258 260 263 261 254 248 248 252 254 256 258 261 263 265 267 268 267 264 264 267 270 272 274 274 272 272 273 273 271 268 266 265 264 261 257 252 247 250 258 264 264 258 257 263 266 267 267 268 270 272 274 272 266 260 261 266 269 266 259 257 260 262 262 262 264 268 272 275 279 287 294 305 321 309 283 275 274 271 268
268 267 265 262 261 263 265 266 268 271 273 275 276 276 270 260 252 248 250 249 251 254 255 257 258 261 263 266 266 267 270 272 269 266 265 268 271 275 277 274 273 275 277 277 274 269 264 258 254 252 249 248 254 262 266 263 257 261 268 273 274 272 269 268 269 271 271 266 260 259 260 260 256 254 257 260 261 259 261 265 269 271 274 280 286 291 299 320 321 293 280 276 273 267
268 267 262 254 251 257 263 267 270 273 275 277 280 284 281 266 250 242 242 248 253 254 254 257 259 263 265 267 266 265 267 271 273 271 268 267 268 271 275 276 275 276 277 278 275 268 260 252 250 249 249 251 258 264 266 262 258 266 274 278 279 277 271 267 265 266 269 269 263 257 254 252 250 253 258 259 257 256 259 263 267 271 275 279 283 284 289 309 326 304 284 277 272 265
266 264 257 248 249 257 265 270 273 276 277 277 278 280 281 269 252 240 239 245 249 250 253 257 261 264 266 268 268 266 265 267 272 275 273 270 268 269 272 275 276 276 275 274 270 263 254 249 249 250 251 255 262 267 267 261 262 272 277 280 281 280 274 267 263 262 266 272 270 260 254 251 250 254 258 256 253 253 255 258 262 266 271 274 275 275 277 292 319 318 295 280 274 268
264 260 251 247 254 263 269 273 275 276 275 273 270 267 266 263 250 238 238 242 245 247 253 258 261 264 266 269 270 269 267 267 270 273 274 272 269 267 270 273 274 272 270 266 260 254 251 252 254 254 256 260 264 267 265 262 268 275 279 280 280 280 277 271 266 263 263 267 276 270 261 257 256 257 257 255 252 252 253 254 255 259 263 265 266 266 271 283 308 328 313 286 279 276
263 259 253 254 264 271 274 275 275 273 271 267 262 256 252 247 236 232 238 242 244 248 254 258 261 264 267 269 271 273 272 271 271 271 271 269 266 266 268 269 268 265 260 254 250 251 255 260 261 261 262 263 264 263 261 264 272 276 277 277 277 277 277 274 270 267 265 266 275 280 274 268 265 263 260 257 256 255 255 253 253 253 254 256 259 263 269 279 293 325 329 291 281 279
264 263 261 266 272 275 276 275 272 270 267 265 259 252 245 234 221 225 238 243 246 251 255 257 259 262 266 269 271 275 276 274 272 270 267 263 263 265 265 262 259 255 250 248 250 255 262 266 268 268 267 265 262 258 257 263 271 274 273 272 271 271 273 274 274 272 269 270 277 286 285 279 274 271 267 263 262 262 261 258 255 253 251 251 255 261 267 271 275 295 328 290 279 278
266 266 266 270 273 274 274 272 269 267 265 263 260 252 242 228 216 225 238 245 251 255 256 256 258 261 264 268 270 274 276 274 269 264 259 257 261 263 259 254 249 248 247 251 257 263 268 272 274 273 271 266 260 255 255 259 265 267 266 265 264 264 266 271 274 272 272 275 282 291 294 287 280 276 273 269 267 268 269 266 261 256 252 250 251 256 262 266 267 274 305 288 278 276
266 266 266 267 269 270 269 267 266 265 263 262 259 251 239 224 219 230 241 249 255 258 258 258 259 261 264 267 269 270 271 268 262 255 252 255 260 259 253 248 247 249 253 259 264 269 273 276 278 277 273 267 261 256 255 256 258 259 259 257 256 257 262 269 273 273 275 279 286 293 297 294 286 280 277 275 274 274 274 273 268 262 256 251 250 252 258 264 269 276 297 290 276 274
266 264 263 263 264 264 263 262 262 263 262 260 256 249 235 223 225 236 244 252 258 261 264 265 265 265 266 267 266 265 262 257 252 249 251 255 257 255 252 250 251 255 261 266 269 272 275 278 279 278 273 268 263 258 255 254 254 253 251 250 250 254 260 267 271 274 277 281 283 288 293 295 290 285 283 284 282 280 278 278 275 269 261 254 250 250 254 259 266 274 292 293 277 274
265 264 262 260 259 258 259 260 260 261 261 259 256 249 237 227 233 241 248 256 262 266 271 273 273 271 268 265 262 257 252 247 245 248 254 257 257 256 257 257 258 261 266 270 274 276 276 276 276 276 273 269 264 259 256 254 251 248 245 245 248 255 261 265 269 272 276 276 276 279 285 290 290 288 288 291 290 286 284 284 282 275 267 258 253 250 252 255 260 267 283 295 280 276
266 265 264 261 257 255 255 257 258 259 260 259 256 253 246 245 238 243 250 258 265 270 273 275 274 271 267 262 256 249 243 242 246 253 259 261 261 261 262 264 266 267 270 274 277 279 276 273 271 270 271 271 267 262 258 255 250 244 243 245 251 257 262 264 266 269 270 269 270 273 277 279 281 284 288 291 291 290 292 294 291 284 276 266 257 252 250 252 256 263 275 292 283 276
267 267 267 264 259 255 253 253 254 256 256 255 254 253 251 241 240 244 252 261 267 271 272 271 269 265 261 255 248 241 240 245 253 258 261 263 265 264 264 267 270 272 274 277 280 280 276 269 264 263 266 271 274 270 262 255 247 244 245 249 256 261 262 262 262 262 262 264 266 268 267 267 271 278 282 285 287 290 296 301 301 295 285 275 264 256 251 250 253 259 269 284 281 274
268 270 273 270 264 258 254 252 252 253 253 251 249 247 241 228 233 245 256 264 268 269 268 265 261 258 254 248 241 239 245 253 258 261 262 263 265 266 265 267 271 276 278 281 282 281 275 266 259 257 260 268 278 279 267 255 249 249 251 257 263 266 264 260 256 254 255 258 260 258 256 258 266 272 275 276 281 287 294 301 306 304 295 284 273 262 254 250 250 254 262 276 279 272
268 271 275 277 272 264 257 253 252 251 251 250 249 245 234 227 227 249 262 267 267 264 260 257 254 252 249 244 240 245 254 258 259 260 261 262 263 265 266 266 270 276 280 282 283 282 276 266 258 255 257 263 273 282 275 258 254 255 258 265 269 270 267 260 254 251 252 253 252 250 249 253 259 264 267 271 277 283 289 294 301 304 300 292 281 271 260 253 249 249 255 269 282 274
267 268 271 277 278 271 262 256 252 250 250 250 251 248 237 241 234 255 265 266 262 257 253 251 251 251 251 249 249 255 260 260 258 257 258 260 261 262 264 266 270 275 279 281 282 281 279 271 262 258 257 259 265 276 281 266 259 260 264 270 272 273 272 266 259 255 253 251 248 247 247 248 252 255 260 267 273 277 279 282 287 295 299 296 289 281 270 260 252 248 250 260 277 276
266 266 267 272 279 277 268 260 253 249 248 248 248 246 237 228 242 257 262 259 254 252 252 252 253 256 260 264 267 267 265 262 259 256 256 257 258 259 262 266 271 275 277 277 277 279 282 280 270 263 259 258 260 266 276 268 261 263 267 271 272 273 275 274 269 264 260 254 250 249 248 246 248 250 254 260 264 266 267 269 274 281 289 293 292 289 282 272 260 252 250 252 260 266
266 267 268 271 277 281 274 264 256 250 247 246 245 242 233 225 241 252 252 247 247 247 251 257 259 262 267 273 279 279 274 270 266 261 258 257 257 259 262 267 272 276 277 276 273 272 277 283 280 270 263 261 260 260 261 259 261 264 269 271 271 272 278 282 278 272 267 262 257 256 253 249 249 251 252 252 252 255 258 262 266 269 274 282 288 291 289 284 274 263 255 252 252 254
268 269 273 276 279 283 281 271 262 254 248 245 243 240 231 220 231 241 240 239 241 251 255 258 261 264 267 272 278 284 282 278 275 271 266 263 261 262 265 269 272 275 276 275 271 269 272 282 288 281 271 264 261 257 250 248 259 265 269 269 269 272 281 291 290 279 271 266 263 262 260 256 256 256 252 247 245 248 253 258 258 257 263 273 281 286 288 288 284 277 268 261 257 255
270 272 276 280 283 286 286 280 270 259 251 246 243 239 231 219 223 232 232 233 247 251 254 257 260 262 265 269 274 280 283 280 278 277 275 271 268 267 268 270 271 272 272 271 269 270 275 284 295 297 282 269 262 257 247 245 258 266 268 267 267 271 280 294 298 287 275 269 265 264 265 264 263 261 255 246 244 245 248 250 248 251 260 269 275 279 281 282 283 283 279 274 271 271
271 273 276 278 280 283 286 286 278 267 257 249 244 239 231 218 218 229 236 240 248 251 253 255 257 259 262 265 269 275 280 279 275 275 276 276 275 272 271 271 270 269 267 266 268 273 279 286 297 306 296 275 264 258 249 246 258 265 267 266 267 269 276 288 299 294 280 272 268 266 266 268 267 264 258 250 247 246 245 243 241 249 259 266 270 272 271 271 274 279 282 283 284 289
270 271 274 273 272 273 278 283 281 271 261 254 247 241 232 218 217 231 230 245 248 250 250 251 252 254 257 260 264 269 275 278 275 273 272 274 277 276 274 272 268 265 263 264 269 276 281 286 293 306 305 282 267 260 252 248 259 265 267 267 267 267 270 278 291 297 290 279 273 269 268 271 269 266 262 258 254 250 246 242 240 247 256 261 263 261 258 261 267 274 279 283 286 294
268 269 269 268 265 264 267 272 274 268 262 257 251 244 233 220 223 237 244 248 250 249 248 247 247 249 252 254 258 262 267 274 277 275 273 273 275 277 277 274 268 262 260 263 269 276 279 281 284 293 304 288 270 262 253 250 260 266 269 269 268 266 265 268 278 293 297 288 278 272 271 274 270 267 267 266 261 256 252 247 244 246 251 254 253 250 250 257 265 271 276 279 283 291
267 266 265 263 261 260 260 262 262 263 271 260 254 245 242 225 234 229 251 252 252 250 248 247 248 249 250 251 254 257 261 267 274 277 277 275 275 277 277 277 272 264 259 260 265 270 273 273 274 281 294 292 274 264 254 253 263 268 270 270 268 265 262 262 266 279 293 293 283 274 272 276 274 270 270 273 268 263 260 256 249 247 248 247 245 245 252 261 266 269 271 275 280 285
266 265 262 260 259 259 259 257 257 263 268 267 259 259 248 233 232 253 252 256 254 254 254 254 254 254 253 252 252 253 257 263 270 276 279 279 279 277 277 278 278 270 261 259 259 261 263 264 267 273 285 294 281 267 257 255 265 269 269 268 267 265 264 262 262 267 280 291 289 280 274 276 277 273 273 279 278 269 266 263 256 249 247 245 243 248 258 265 266 265 265 266 268 267
266 264 261 259 259 260 260 257 257 263 269 269 260 242 258 227 244 257 260 259 260 261 263 263 262 260 257 254 252 252 255 260 267 274 280 282 281 278 275 275 277 275 265 259 257 256 256 258 260 266 277 291 286 269 256 257 265 267 266 264 263 263 264 265 265 268 275 286 292 287 280 279 279 276 274 281 284 275 269 266 261 253 249 246 246 253 261 265 265 262 260 257 252 244
266 264 260 258 259 260 259 258 259 263 266 264 251 234 241 252 256 259 261 265 269 270 271 271 269 266 262 259 256 254 255 260 267 274 279 282 282 278 273 269 269 272 268 261 257 256 255 256 257 259 264 274 284 269 255 257 265 265 262 260 260 260 262 265 268 272 277 282 289 292 290 287 284 278 275 278 285 280 273 269 264 259 255 253 253 257 260 262 262 261 259 255 247 235
