project/data/elevation/US_DEM2016/US_DEM2016_point_10-31-2019_1500_30m_ang.asc
ncols	125
nrows	167
xllcorner	-2042055.000000
yllcorner	1465035.000000
cellsize	30.000000
NODATA_value	-9999.000000
[rows 43 to 85 of 167, columns 0 to 95 of 125]
329 332 338 342 344 345 346 346 345 346 347 353 1 6 4 0 358 356 354 351 349 347 346 346 346 346 346 347 347 347 346 341 341 341 343 342 339 337 339 343 347 349 350 351 350 349 347 346 346 348 350 352 352 352 353 352 351 351 351 350 349 346 343 340 339 338 334 331 330 328 325 319 313 308 308 313 319 322 324 333 343 348 347 347 349 350 350 350 352 354 357 1 3 6 7 7
330 333 338 342 344 345 347 347 347 348 351 357 5 7 3 359 356 354 352 349 347 346 346 347 347 346 346 346 346 344 342 336 337 339 343 345 343 341 339 342 347 352 354 353 350 346 345 344 343 341 342 344 348 350 351 350 351 351 352 352 351 348 345 344 344 341 337 336 335 333 327 320 313 307 304 305 308 311 314 323 334 341 342 344 345 347 349 351 350 352 357 2 7 10 10 10
331 334 339 342 343 345 347 348 350 351 355 3 8 7 1 357 355 352 350 347 346 345 345 347 347 346 346 345 343 341 338 331 335 337 341 344 346 346 344 343 347 354 359 357 351 345 343 342 343 342 341 341 341 342 344 346 348 351 352 352 352 349 348 347 346 343 341 341 340 336 329 324 320 316 313 310 309 309 311 316 324 333 338 341 342 345 349 352 352 351 352 358 8 13 13 12
330 333 339 342 343 345 347 349 352 355 0 7 9 4 359 356 354 351 349 347 346 345 345 346 346 346 345 343 340 337 334 333 333 335 338 342 347 349 350 348 350 357 2 359 352 346 343 342 344 345 344 341 336 334 336 341 347 350 352 353 352 350 349 348 347 345 345 345 343 338 333 330 327 325 322 319 316 315 315 316 321 328 334 338 340 343 349 354 355 354 354 358 7 12 14 14
326 330 337 341 343 345 347 349 353 358 5 10 7 359 355 354 353 351 349 348 347 346 346 346 345 345 343 340 336 333 333 333 333 334 336 340 346 350 353 354 356 0 1 357 352 347 343 343 345 346 343 336 331 331 335 341 347 351 353 354 353 351 349 349 349 349 348 345 342 339 338 336 335 333 330 326 324 323 322 322 324 328 331 335 338 342 348 353 356 357 359 4 9 12 14 13
325 328 334 340 343 345 347 349 353 359 8 11 4 355 352 352 352 351 350 349 348 347 346 346 344 343 340 336 332 331 333 335 335 335 336 339 344 349 354 359 3 2 358 353 351 347 344 344 347 345 339 332 331 334 339 344 348 351 353 354 354 353 350 350 350 349 347 345 344 344 343 343 342 341 338 336 334 332 331 329 329 328 328 331 335 341 346 350 355 359 5 10 12 12 11 7
325 327 333 338 343 346 348 350 353 0 10 10 1 353 350 350 350 351 350 350 349 348 347 346 344 341 337 332 328 328 333 337 338 339 340 340 342 348 356 5 9 4 356 351 348 345 344 346 347 342 335 333 335 339 345 349 351 352 352 352 353 353 352 350 348 348 347 347 348 348 349 348 348 347 346 345 343 342 341 339 336 331 327 327 331 337 343 348 353 1 10 12 11 8 4 359
324 327 334 338 342 347 350 351 354 1 8 7 359 352 350 350 350 351 351 351 350 349 347 345 344 341 336 328 325 326 332 336 339 342 345 345 346 352 2 11 11 4 356 350 346 344 344 345 344 339 335 335 339 345 351 353 353 352 351 350 350 351 351 349 346 346 347 348 350 350 351 351 350 350 350 350 350 350 350 350 347 340 333 328 328 334 340 345 353 5 13 12 8 4 359 354
322 326 334 339 342 347 351 353 355 1 5 2 356 353 352 352 352 352 353 353 352 350 348 345 343 340 334 326 323 324 329 333 336 343 347 349 353 360 7 10 7 1 356 352 348 345 344 344 344 341 339 340 344 350 355 356 355 352 350 348 347 347 348 346 343 343 344 347 348 348 349 350 350 350 351 352 353 354 355 355 354 350 344 337 333 333 338 345 354 8 12 11 8 5 360 354
321 324 333 338 342 347 351 353 356 360 0 357 354 353 353 354 354 354 354 354 354 352 350 346 342 338 332 325 321 322 326 329 333 339 345 352 359 4 6 4 1 357 354 352 348 344 341 342 344 345 345 347 350 354 357 358 358 355 352 349 346 345 343 341 339 338 339 338 337 337 338 342 344 346 348 350 352 353 354 355 355 354 352 348 343 338 339 345 357 7 10 9 10 8 3 357
322 324 330 335 340 345 349 352 356 358 357 353 352 353 355 356 356 355 355 355 355 353 350 346 341 336 331 325 322 322 324 327 331 336 343 353 2 4 2 359 357 354 352 349 344 340 338 340 345 349 351 353 355 357 359 1 1 358 354 350 347 344 342 339 337 335 335 331 329 328 328 330 334 337 341 344 346 348 349 349 349 350 350 350 347 344 343 348 357 4 6 8 9 6 1 357
325 326 330 334 337 341 345 350 355 358 356 352 351 354 358 359 358 356 356 356 355 353 350 345 340 336 331 327 325 325 328 329 331 335 342 354 3 2 358 355 353 351 348 344 339 335 335 339 346 351 354 357 359 0 2 4 3 359 354 350 347 345 343 341 339 335 335 333 332 331 329 325 323 324 329 334 337 340 343 341 338 336 336 338 341 345 347 351 356 359 2 5 4 360 357 353
329 330 333 335 338 340 342 346 353 357 356 353 354 358 1 0 359 357 355 354 354 352 349 345 341 336 332 329 327 328 331 332 332 334 341 354 3 1 356 353 350 347 344 338 333 331 334 339 346 352 355 359 1 3 5 6 4 358 352 349 347 346 345 343 339 336 336 336 335 334 330 325 319 316 318 321 323 326 330 330 327 324 325 329 335 342 348 352 354 356 359 360 358 356 353 348
331 333 336 339 342 344 344 344 349 355 357 357 360 3 4 2 360 357 353 351 351 350 348 346 342 338 335 331 328 329 332 335 335 336 343 355 1 359 356 352 349 345 339 333 329 329 333 340 346 352 355 359 3 6 8 8 4 357 352 349 348 348 346 343 338 336 339 339 339 337 333 329 327 326 324 320 315 315 321 324 324 324 326 331 337 343 348 351 353 354 355 356 354 352 347 343
330 333 339 344 347 349 348 347 349 354 358 1 4 5 4 2 360 356 353 350 349 348 348 346 344 341 339 334 331 332 336 339 340 343 348 355 358 358 356 353 349 344 336 329 327 328 334 339 345 349 353 358 4 9 11 10 5 359 354 352 351 350 348 343 338 337 339 342 341 339 336 335 336 337 336 330 324 323 325 325 326 328 331 336 342 347 349 350 352 353 353 353 351 347 342 340
327 331 339 346 351 353 352 351 352 355 359 2 3 3 2 360 357 355 353 350 349 348 347 346 344 344 342 337 333 335 340 343 345 349 353 355 355 355 354 352 349 343 335 328 325 329 334 338 341 344 348 356 5 11 12 11 7 2 358 355 353 352 349 344 340 339 342 344 342 340 339 341 345 347 342 335 331 329 329 328 329 331 336 342 347 349 350 350 351 351 351 351 347 342 339 340
323 327 338 346 352 355 355 355 356 359 360 360 359 358 357 356 354 352 351 350 349 347 345 343 344 345 343 338 335 337 341 343 346 351 354 356 354 352 351 350 348 343 335 328 325 327 331 334 336 337 342 352 3 10 11 10 8 3 358 354 352 350 348 346 344 344 346 345 343 342 343 348 352 350 342 337 334 333 332 332 333 336 341 346 349 350 351 350 350 349 348 347 343 339 339 346
322 326 337 345 350 355 357 359 1 2 0 357 354 352 351 350 349 348 347 347 346 345 342 341 342 344 341 337 336 340 344 344 345 348 352 354 353 351 349 348 346 342 335 329 326 327 328 329 330 332 336 345 356 5 8 8 6 2 358 354 350 347 345 345 347 351 351 347 344 345 349 353 353 348 343 340 339 338 337 337 338 341 345 347 349 351 351 350 349 347 346 344 340 339 345 354
320 325 337 344 349 353 357 2 6 6 2 355 349 345 344 344 343 343 341 340 339 337 336 336 338 339 335 332 334 341 347 349 349 348 349 352 352 350 349 347 346 343 337 331 329 331 331 330 331 333 337 342 351 359 3 3 2 359 356 353 348 344 342 343 348 353 354 350 348 350 353 354 351 348 345 344 343 343 343 343 344 346 348 349 350 351 350 349 347 345 344 341 338 341 350 354
320 324 335 344 348 352 357 4 10 11 6 357 347 339 336 336 337 338 336 331 326 325 326 330 334 333 328 326 330 339 347 351 353 352 351 351 350 349 349 348 347 345 339 335 335 338 340 338 337 339 341 345 351 357 0 360 358 356 353 349 344 342 341 342 347 353 353 350 351 353 354 353 350 350 349 347 346 347 349 349 350 351 352 352 352 352 350 347 345 343 341 339 338 342 349 350
323 326 335 343 348 353 358 6 14 16 12 2 350 338 330 328 332 337 338 331 322 316 316 322 329 328 324 323 326 335 342 349 353 355 355 354 352 350 350 350 348 345 340 337 338 343 345 344 343 344 345 349 353 358 359 357 355 352 347 343 340 340 340 344 347 350 348 348 351 354 354 351 350 349 349 348 349 350 352 353 355 355 356 356 354 352 349 345 342 340 339 338 338 342 345 345
327 330 338 344 349 354 1 11 18 19 15 7 358 347 338 332 332 339 343 340 333 325 320 321 325 325 322 321 325 332 337 342 348 354 358 359 357 353 352 351 348 343 338 336 339 344 347 347 347 348 349 351 355 358 358 356 352 347 342 338 338 339 342 346 348 346 343 344 349 353 352 350 349 348 349 349 349 350 353 355 357 358 358 358 356 351 346 342 339 337 336 336 337 340 341 341
330 333 341 347 351 357 5 14 18 16 12 7 2 356 350 343 337 337 342 345 343 338 331 327 326 323 323 323 327 333 336 337 341 349 356 0 359 356 353 351 347 342 337 335 338 343 346 347 350 353 353 353 355 357 357 354 349 343 338 337 339 341 344 347 347 342 338 339 345 349 349 349 347 346 346 348 350 350 351 354 357 358 359 359 355 348 341 337 336 335 335 334 334 336 337 337
330 334 343 349 354 0 8 13 13 11 7 5 4 1 357 350 342 337 338 343 345 343 339 334 329 325 325 327 332 338 340 339 340 344 351 356 357 354 352 349 345 341 336 334 336 341 344 347 352 355 356 355 355 356 356 352 347 340 337 338 342 344 347 349 346 340 335 336 342 346 347 349 348 346 344 346 350 352 351 351 355 358 358 355 347 337 331 331 333 334 334 334 334 335 335 336
330 334 344 351 357 4 9 10 7 4 3 3 4 3 1 355 348 340 337 339 342 343 341 337 331 328 327 331 337 343 346 345 344 344 348 351 352 351 350 348 345 340 336 334 335 338 341 345 350 354 356 356 356 355 354 349 344 339 338 341 344 346 349 349 345 338 334 335 340 343 346 347 348 348 347 346 351 356 357 354 354 357 356 347 334 326 323 326 330 332 334 336 336 337 337 338
329 334 345 353 359 6 8 6 1 358 358 0 2 2 1 358 353 345 339 338 339 340 341 338 333 330 330 333 339 345 348 349 348 347 349 349 349 349 349 347 344 341 337 335 334 335 339 343 347 350 353 355 355 353 350 346 341 340 342 344 344 347 349 347 343 337 334 333 336 338 341 343 344 348 350 351 356 4 8 2 354 351 347 338 328 323 323 325 328 329 332 336 339 341 341 342
329 334 346 355 2 7 9 5 359 353 352 354 356 358 358 358 356 351 344 339 337 338 338 335 333 332 333 335 339 343 347 349 350 351 351 350 350 350 349 347 344 342 340 337 335 336 340 343 346 347 347 348 349 349 347 343 341 342 345 344 344 346 346 343 340 337 333 331 332 332 332 334 336 342 350 359 6 11 8 357 348 344 341 334 327 324 325 327 328 330 334 339 342 345 346 346
329 335 347 357 4 9 10 8 2 354 348 346 347 350 353 355 356 353 348 342 339 337 336 334 333 334 336 338 339 341 342 344 347 350 351 351 351 350 348 346 344 343 342 339 337 338 343 345 345 344 342 342 344 347 347 345 345 346 346 344 344 344 341 338 337 337 336 336 336 336 335 336 339 343 353 3 6 2 356 349 344 341 338 334 330 329 331 333 333 335 339 343 346 348 349 350
331 336 348 358 6 11 11 10 6 0 352 343 339 341 345 350 352 351 349 345 342 339 334 333 334 337 340 341 341 340 339 339 342 346 349 350 350 348 346 344 344 344 343 340 338 340 344 345 344 343 342 343 345 349 351 351 353 353 351 349 348 347 343 339 339 340 343 344 344 344 344 345 348 353 357 359 357 353 348 344 341 340 339 336 335 337 340 342 342 343 346 348 350 351 353 355
333 338 349 360 8 11 11 8 6 3 358 350 342 338 340 344 348 348 349 345 343 340 336 335 336 341 345 346 345 344 342 341 342 343 346 348 349 348 345 344 345 346 344 340 338 341 345 345 345 345 346 347 349 352 354 355 356 356 355 354 353 351 348 345 343 343 347 349 352 349 350 353 356 358 356 353 350 346 342 340 340 341 342 340 339 341 346 350 352 353 353 354 354 355 357 1
335 339 350 1 9 10 8 5 3 1 358 354 349 344 342 342 344 344 346 345 343 341 338 337 339 344 348 349 349 347 345 345 346 346 346 348 349 347 346 346 347 347 346 341 339 341 344 346 346 348 349 352 354 355 355 354 354 355 355 354 354 351 348 345 344 345 350 353 352 353 357 359 359 355 350 347 345 341 338 337 339 342 344 344 344 346 351 356 359 1 1 360 359 359 2 5
336 341 352 2 8 9 6 1 357 356 354 353 352 350 347 343 341 340 342 340 344 339 338 339 341 344 348 351 351 350 348 348 348 348 349 349 349 347 347 348 348 347 346 342 339 339 342 345 346 347 349 353 355 356 355 354 352 352 352 352 351 348 345 344 345 349 354 355 356 359 1 0 355 349 344 342 340 337 334 335 338 342 345 347 349 352 353 355 1 6 7 5 3 3 6 7
338 342 353 2 8 8 3 356 352 350 349 350 351 350 347 343 340 337 339 340 343 343 343 342 342 343 346 351 353 352 350 349 349 348 349 348 348 348 348 347 347 346 345 341 338 338 340 341 343 344 346 348 352 355 355 353 351 350 349 348 347 345 344 347 351 355 356 356 358 1 0 356 350 344 340 339 338 335 334 335 338 340 342 346 351 356 357 355 358 5 9 8 6 6 7 7
338 343 354 2 6 5 358 351 347 345 346 347 348 347 344 341 335 335 336 338 341 344 345 345 344 343 344 349 353 353 353 352 351 349 347 347 347 348 349 348 347 345 343 339 337 338 340 342 343 344 346 347 349 353 354 352 350 349 348 346 344 344 348 356 0 359 355 355 357 358 356 351 346 342 340 339 338 337 337 339 339 337 334 336 344 354 359 360 0 3 7 8 7 8 8 5
337 343 355 3 3 358 352 349 346 345 344 344 343 342 339 337 332 335 336 339 341 344 346 347 345 344 344 347 351 353 355 355 354 352 349 349 350 351 352 350 347 345 342 339 337 337 340 343 343 344 345 346 347 348 350 351 350 349 348 346 345 348 356 2 1 357 355 354 354 353 351 348 344 343 342 341 340 341 343 346 346 343 337 333 335 343 354 1 4 5 6 7 7 8 7 3
334 342 356 2 359 353 349 348 349 348 346 344 341 338 336 334 334 335 337 340 342 344 347 347 346 344 344 346 348 351 355 357 356 354 353 353 355 355 354 350 347 344 342 339 335 334 336 338 339 339 340 342 342 343 346 348 349 348 348 347 349 355 0 360 357 355 353 351 350 350 349 345 344 346 347 344 344 344 347 351 353 352 347 341 337 339 347 357 5 8 7 6 6 6 5 1
334 342 357 1 356 351 350 351 351 349 346 343 340 337 335 334 334 336 339 341 343 345 347 348 346 344 342 343 344 347 352 356 357 356 356 357 360 359 355 351 347 345 343 340 335 332 332 333 334 335 337 339 340 342 345 347 348 348 348 348 353 358 358 355 352 350 349 347 347 347 346 343 343 344 346 347 348 346 348 352 356 357 355 350 346 344 346 353 2 7 6 4 4 4 2 358
336 344 355 359 356 352 351 351 350 348 345 341 338 335 334 334 335 337 340 343 345 347 348 349 348 344 341 340 340 341 345 350 354 356 358 0 3 2 358 354 351 349 347 344 341 337 335 334 334 335 337 339 341 343 346 348 349 351 352 353 356 357 354 350 347 344 343 344 345 345 342 339 339 342 346 348 348 347 347 349 353 357 358 356 353 350 350 353 359 2 2 1 2 1 358 353
342 346 352 356 355 352 350 349 348 345 342 338 335 334 334 335 336 338 341 344 346 347 349 350 349 345 342 339 336 334 334 337 344 352 357 2 3 2 359 357 354 352 350 349 346 343 340 337 337 337 338 339 341 343 347 349 352 355 356 357 357 354 350 345 342 339 339 342 345 343 339 336 336 340 345 347 349 348 348 347 348 353 358 360 359 356 354 355 358 359 358 358 358 357 353 348
348 348 350 353 353 351 349 347 345 342 339 336 333 333 334 336 338 339 342 345 346 347 349 351 350 348 345 342 336 331 326 326 331 341 352 359 1 360 357 355 352 351 350 350 349 346 342 340 340 339 339 339 340 342 347 350 352 353 355 356 355 352 348 342 338 336 339 344 345 342 338 335 336 339 344 347 348 349 350 349 347 348 355 360 1 0 358 357 357 356 355 355 354 352 348 346
349 349 351 353 351 348 346 344 341 338 336 333 332 333 335 338 340 342 346 347 347 348 350 350 350 349 347 346 343 338 332 329 329 334 344 354 359 357 354 351 349 350 350 349 349 346 343 341 341 341 340 340 341 344 347 350 351 351 353 353 352 349 345 340 335 335 341 345 344 342 338 334 334 338 341 344 346 348 350 351 350 348 350 357 1 3 3 1 357 355 353 353 351 348 346 346
346 349 353 353 350 346 344 342 339 336 333 332 332 334 337 339 342 346 349 350 349 351 351 349 348 349 348 347 347 345 342 339 337 337 341 349 355 355 351 348 348 350 350 349 348 346 343 341 343 343 343 343 344 345 348 349 350 350 350 350 349 347 343 338 334 335 341 343 343 342 339 336 333 334 335 335 338 342 347 350 351 349 348 352 358 3 5 5 0 356 354 352 350 348 349 351
345 348 353 353 348 345 342 339 336 334 332 332 333 335 338 341 345 349 353 352 351 352 351 348 347 347 346 345 347 348 347 346 345 342 342 347 351 351 348 348 350 350 350 348 347 345 342 342 344 347 347 347 347 347 348 349 349 349 348 347 346 345 342 337 334 335 339 341 342 342 341 338 336 334 332 329 327 329 336 342 346 348 347 347 352 360 5 6 4 0 356 354 353 354 356 358
