project/data/elevation/US_DEM2016/US_DEM2016_point_10-31-2019_1056_30m_vel.asc
ncols	125
nrows	167
xllcorner	-2042055.000000
yllcorner	1465035.000000
cellsize	30.000000
NODATA_value	-9999.000000
[rows 38 to 75 of 167, columns 0 to 83 of 125]
6.84 6.49 5.74 5.20 4.77 4.53 4.36 4.06 3.70 3.39 3.31 3.32 3.37 3.47 3.58 3.64 3.69 3.86 4.24 4.71 4.97 5.08 5.13 5.23 5.37 5.47 5.56 5.61 5.47 5.26 5.04 4.88 4.83 4.89 5.12 5.58 6.03 6.29 6.55 6.90 7.05 6.77 6.67 6.40 6.54 6.63 6.32 5.66 5.17 4.81 4.68 4.68 4.68 4.55 4.36 4.37 4.54 4.97 5.43 5.85 5.88 5.38 4.84 4.48 4.22 4.09 3.96 3.91 3.96 4.11 4.08 3.95 4.08 4.46 4.58 4.64 4.77 5.13 5.60 6.07 6.37 6.49 6.31 5.80
6.88 6.21 5.08 4.49 4.15 4.02 3.87 3.62 3.40 3.29 3.34 3.44 3.52 3.52 3.47 3.46 3.57 3.77 4.00 4.16 4.13 4.06 4.08 4.25 4.62 5.04 5.33 5.56 5.57 5.41 5.26 5.17 5.16 5.31 5.77 6.36 6.67 6.79 6.97 7.28 7.41 7.08 6.74 6.53 6.41 6.22 5.76 5.22 4.86 4.57 4.56 4.71 4.79 4.61 4.47 4.55 4.81 5.23 5.46 5.58 5.38 4.75 4.07 3.82 3.74 3.73 3.65 3.63 3.77 3.95 3.95 3.86 4.02 4.42 4.59 4.52 4.51 4.81 5.26 5.38 5.21 5.25 5.46 5.38
6.73 5.96 4.70 4.07 3.88 3.82 3.76 3.66 3.63 3.72 3.90 4.06 4.01 3.72 3.43 3.35 3.49 3.67 3.71 3.58 3.52 3.57 3.78 4.11 4.60 4.99 5.26 5.47 5.54 5.50 5.48 5.52 5.72 6.18 6.79 7.29 7.52 7.60 7.45 7.29 7.19 6.66 6.25 6.10 5.92 5.87 5.72 5.58 5.37 5.26 5.13 5.11 5.07 4.75 4.59 4.64 4.89 5.17 5.15 5.02 4.75 4.15 3.37 3.09 3.06 3.14 3.31 3.50 3.68 3.81 3.81 3.83 4.10 4.50 4.65 4.47 4.35 4.55 4.95 4.99 4.61 4.54 4.91 5.38
6.48 5.83 4.78 4.26 4.16 4.15 4.10 4.03 4.08 4.30 4.56 4.64 4.34 3.82 3.47 3.43 3.57 3.69 3.65 3.55 3.62 3.86 4.16 4.42 4.66 4.89 5.00 5.10 5.31 5.45 5.71 5.92 6.38 6.98 7.55 7.94 8.07 7.87 7.53 7.06 6.56 6.06 5.64 5.39 5.43 5.43 5.57 5.66 5.74 5.78 5.77 5.49 5.18 4.78 4.49 4.45 4.55 4.59 4.45 4.36 4.23 3.80 3.18 3.00 3.12 3.29 3.45 3.56 3.61 3.70 3.78 3.86 4.14 4.55 4.62 4.34 4.26 4.58 4.98 4.87 4.42 4.26 4.53 5.25
6.28 5.84 5.07 4.70 4.58 4.50 4.37 4.33 4.51 4.79 4.97 4.85 4.30 3.86 3.72 3.79 3.90 3.98 4.02 4.11 4.30 4.55 4.77 4.93 5.05 5.07 5.02 5.02 5.23 5.46 5.95 6.65 7.23 7.70 7.92 7.88 7.71 7.35 6.84 6.30 5.80 5.40 5.00 4.84 4.86 4.94 5.13 5.25 5.39 5.45 5.44 5.22 4.96 4.57 4.31 4.26 4.25 4.11 3.95 4.05 4.08 3.94 3.71 3.75 3.92 3.89 3.75 3.64 3.71 3.84 3.87 3.83 3.98 4.29 4.27 3.94 4.06 4.64 5.02 4.78 4.34 4.29 4.68 5.38
6.17 5.80 5.21 4.91 4.77 4.69 4.66 4.79 5.04 5.22 5.19 4.82 4.21 3.96 3.95 4.08 4.23 4.35 4.52 4.78 5.09 5.32 5.46 5.51 5.52 5.42 5.33 5.32 5.47 5.68 6.24 7.01 7.56 7.87 7.66 7.24 6.81 6.38 5.89 5.51 5.20 4.86 4.49 4.26 4.35 4.59 4.72 4.58 4.38 4.14 4.09 4.27 4.40 4.33 4.27 4.39 4.44 4.40 4.39 4.43 4.41 4.45 4.57 4.66 4.43 4.07 3.97 4.10 4.20 4.02 3.69 3.51 3.66 3.86 3.81 3.64 3.86 4.52 4.87 4.60 4.36 4.63 5.14 5.50
6.08 5.78 5.31 5.10 5.09 5.21 5.37 5.52 5.61 5.58 5.29 4.72 4.20 4.00 4.05 4.25 4.45 4.65 4.91 5.26 5.57 5.74 5.78 5.70 5.58 5.45 5.41 5.47 5.70 6.02 6.68 7.31 7.50 7.32 6.86 6.51 6.20 5.85 5.30 4.88 4.59 4.31 3.98 3.77 3.88 4.27 4.19 3.86 3.48 3.30 3.39 3.63 3.85 4.02 4.34 4.72 4.92 4.99 4.98 4.86 4.79 4.89 4.94 4.77 4.30 4.20 4.44 4.53 4.19 3.53 3.17 3.23 3.49 3.65 3.67 3.74 4.05 4.51 4.74 4.55 4.43 4.81 5.16 5.28
6.13 5.95 5.66 5.59 5.67 5.83 5.94 5.95 5.87 5.65 5.21 4.64 4.28 4.19 4.36 4.58 4.76 4.97 5.24 5.49 5.61 5.62 5.52 5.38 5.33 5.30 5.31 5.48 5.94 6.50 7.14 7.27 6.98 6.45 6.03 5.95 5.75 5.44 4.91 4.45 4.04 3.69 3.38 3.20 3.42 3.83 3.89 3.80 3.71 3.71 3.68 3.59 3.55 3.83 4.41 4.97 5.10 5.04 4.92 4.87 4.83 4.98 4.91 4.70 4.61 4.76 4.69 4.17 3.41 3.01 3.10 3.47 3.73 3.83 3.93 4.19 4.57 4.82 4.83 4.69 4.57 4.67 4.92 5.10
6.34 6.21 6.01 5.98 6.00 5.98 5.88 5.75 5.58 5.29 4.90 4.49 4.41 4.58 4.89 5.06 5.17 5.30 5.43 5.45 5.39 5.27 5.11 5.03 5.11 5.22 5.35 5.70 6.33 6.94 7.26 7.02 6.42 5.88 5.49 5.29 5.10 4.87 4.55 4.13 3.59 3.16 2.94 3.04 3.37 3.79 4.19 4.27 4.17 3.89 3.54 3.38 3.66 4.21 4.78 5.05 5.00 4.85 4.75 4.81 4.79 4.95 4.97 4.92 4.89 4.72 4.01 3.39 3.21 3.44 3.84 4.12 4.25 4.33 4.50 4.80 5.09 5.19 5.14 5.06 4.91 4.82 4.95 5.22
6.56 6.35 6.06 5.94 5.83 5.63 5.39 5.16 4.92 4.67 4.35 4.17 4.28 4.68 5.06 5.24 5.33 5.36 5.32 5.24 5.14 5.02 4.91 4.88 4.99 5.17 5.43 5.96 6.64 7.05 6.93 6.41 5.99 5.54 5.05 4.72 4.53 4.40 4.25 3.98 3.42 3.07 3.10 3.50 3.81 4.21 4.52 4.30 3.72 3.14 2.97 3.39 4.36 5.25 5.51 5.33 5.15 4.98 4.90 4.90 4.83 4.97 5.00 4.89 4.60 4.12 3.70 3.70 4.09 4.56 4.88 5.01 5.08 5.13 5.24 5.46 5.64 5.67 5.68 5.69 5.39 5.15 5.23 5.45
6.63 6.39 5.89 5.64 5.44 5.16 4.88 4.62 4.38 4.10 3.80 3.73 3.92 4.38 4.76 4.95 5.06 5.10 5.07 5.00 4.92 4.84 4.77 4.75 4.83 5.03 5.34 5.98 6.74 6.97 6.60 6.02 5.73 5.33 4.71 4.24 4.12 4.07 3.95 3.66 3.23 3.04 3.21 3.58 3.84 4.17 4.35 3.83 3.17 2.94 3.36 4.54 5.80 6.36 6.30 5.79 5.44 5.20 5.07 5.08 5.05 5.08 5.06 4.88 4.75 4.78 5.10 5.55 5.93 6.21 6.29 6.32 6.34 6.34 6.38 6.51 6.61 6.55 6.44 6.17 5.67 5.30 5.36 5.47
6.60 6.38 5.75 5.36 5.15 4.92 4.66 4.43 4.20 3.86 3.62 3.62 3.88 4.31 4.59 4.73 4.82 4.87 4.87 4.79 4.69 4.61 4.56 4.56 4.64 4.82 5.17 5.95 6.83 6.90 6.39 5.93 5.67 5.26 4.65 4.11 3.92 3.72 3.39 2.97 2.70 2.64 2.81 3.06 3.40 3.79 4.05 3.76 3.48 3.77 4.93 6.31 7.03 7.03 6.57 5.94 5.52 5.32 5.28 5.44 5.49 5.49 5.41 5.54 5.87 6.35 6.91 7.40 7.72 7.86 7.88 7.87 7.85 7.84 7.80 7.74 7.67 7.53 7.13 6.50 5.85 5.40 5.34 5.32
6.67 6.37 5.69 5.25 5.05 4.87 4.71 4.56 4.35 4.05 4.00 4.12 4.42 4.76 4.92 4.94 4.91 4.85 4.73 4.58 4.46 4.38 4.35 4.37 4.48 4.71 5.18 6.14 6.91 6.73 5.95 5.76 5.59 5.17 4.79 4.41 4.00 3.46 2.86 2.48 2.41 2.56 2.83 3.10 3.45 3.83 4.28 4.46 4.64 5.43 6.71 7.45 7.49 6.86 6.26 5.72 5.43 5.38 5.37 5.47 5.60 5.71 5.77 6.06 6.66 7.19 7.50 7.82 7.98 8.05 8.10 8.18 8.21 8.22 8.12 7.94 7.75 7.58 7.23 6.75 6.28 5.87 5.46 5.21
6.80 6.38 5.61 5.27 5.07 4.88 4.74 4.67 4.53 4.37 4.53 4.82 5.13 5.32 5.34 5.22 5.04 4.82 4.61 4.46 4.36 4.27 4.21 4.23 4.39 4.75 5.34 6.29 6.77 6.22 5.48 5.38 5.29 5.07 4.85 4.62 4.07 3.44 2.98 2.87 3.07 3.43 3.79 4.01 4.27 4.74 5.45 6.08 6.71 7.36 7.80 7.76 7.11 6.22 5.71 5.33 5.13 5.05 4.96 4.92 5.09 5.31 5.73 6.08 6.56 6.77 6.60 6.45 6.36 6.45 6.61 6.83 6.92 6.92 6.80 6.64 6.55 6.43 6.31 6.26 6.20 6.09 5.86 5.43
6.82 6.26 5.41 5.09 4.93 4.77 4.69 4.66 4.58 4.55 4.79 5.18 5.43 5.51 5.38 5.14 4.86 4.62 4.44 4.33 4.23 4.13 4.07 4.14 4.42 4.85 5.45 6.22 6.40 5.69 5.14 5.09 4.98 4.84 4.75 4.41 3.98 3.72 3.65 3.87 4.19 4.53 4.79 5.07 5.54 6.28 7.12 7.67 7.92 7.96 7.77 7.18 6.42 5.67 5.25 4.94 4.70 4.48 4.43 4.44 4.66 4.99 5.37 5.77 5.92 5.55 5.04 4.58 4.50 4.66 4.87 5.06 5.10 5.01 4.93 4.82 4.84 4.81 4.82 4.98 5.26 5.49 5.56 5.42
6.64 6.07 5.19 4.80 4.64 4.59 4.64 4.64 4.59 4.61 4.77 5.03 5.19 5.09 4.85 4.57 4.37 4.24 4.12 4.00 3.90 3.86 3.96 4.24 4.61 5.00 5.49 6.03 6.08 5.60 5.19 5.10 4.98 4.82 4.56 4.11 3.84 3.87 4.09 4.45 4.83 5.09 5.38 5.82 6.60 7.48 8.07 8.20 7.86 7.35 6.83 6.29 5.77 5.31 4.98 4.71 4.48 4.31 4.40 4.57 4.85 5.10 5.25 5.43 5.28 4.78 4.24 4.15 4.26 4.40 4.32 4.11 3.97 3.88 3.78 3.72 3.77 3.80 3.77 3.73 3.83 4.01 4.14 4.34
6.39 5.91 5.15 4.77 4.57 4.43 4.44 4.47 4.39 4.40 4.45 4.52 4.46 4.17 3.85 3.74 3.72 3.66 3.60 3.60 3.67 3.82 4.10 4.47 4.79 5.13 5.53 5.91 6.05 5.92 5.59 5.31 5.07 4.80 4.38 3.84 3.60 3.73 4.00 4.33 4.73 5.09 5.50 6.21 7.24 7.93 8.05 7.44 6.46 5.98 5.76 5.57 5.31 5.10 4.86 4.64 4.48 4.49 4.74 4.95 5.11 5.18 5.08 5.05 4.72 4.67 4.59 4.63 4.63 4.47 4.07 3.55 3.31 3.21 3.08 3.03 3.11 3.09 2.93 2.72 2.64 2.69 2.93 3.42
6.22 5.89 5.37 5.04 4.75 4.42 4.11 4.01 3.95 3.94 3.98 3.93 3.65 3.21 2.97 2.95 3.00 3.04 3.17 3.43 3.76 4.12 4.45 4.70 4.96 5.28 5.61 5.97 6.18 6.18 5.73 5.25 4.91 4.58 4.17 3.62 3.44 3.61 3.82 4.06 4.41 4.89 5.51 6.54 7.55 7.86 7.21 6.16 5.41 5.16 5.07 5.00 4.89 4.86 4.67 4.53 4.46 4.59 4.88 4.94 4.84 4.68 4.55 4.56 4.78 4.97 5.07 5.01 4.61 4.08 3.45 3.11 3.05 2.98 2.75 2.54 2.52 2.41 2.15 2.05 2.22 2.60 3.25 3.90
6.26 6.13 5.80 5.44 5.03 4.58 4.09 3.89 3.78 3.76 3.74 3.54 3.20 2.89 2.73 2.71 2.80 2.98 3.30 3.71 4.14 4.57 4.83 5.02 5.28 5.57 5.78 6.04 6.31 6.26 5.63 5.18 4.97 4.69 4.21 3.80 3.77 3.93 4.05 4.22 4.53 5.02 5.79 6.96 7.62 7.39 6.24 5.24 4.69 4.52 4.52 4.51 4.48 4.45 4.34 4.26 4.24 4.36 4.47 4.28 3.98 3.78 3.89 4.26 4.97 5.37 4.93 4.77 4.10 3.55 3.27 3.31 3.37 3.13 2.62 2.26 2.19 2.11 2.01 2.16 2.70 3.60 4.61 5.08
6.47 6.39 6.06 5.65 5.22 4.81 4.48 4.32 4.15 3.99 3.84 3.64 3.44 3.34 3.34 3.42 3.56 3.81 4.08 4.41 4.78 5.13 5.34 5.56 5.83 6.02 6.01 6.20 6.55 6.57 6.15 5.79 5.62 5.31 4.73 4.43 4.52 4.66 4.77 4.89 5.13 5.47 6.23 7.26 7.43 6.56 5.36 4.51 4.11 4.05 4.12 4.11 4.07 4.00 3.98 3.94 3.89 3.82 3.70 3.52 3.44 3.52 3.89 4.51 5.29 5.41 4.93 4.19 3.68 3.61 3.87 4.06 3.76 3.11 2.49 2.31 2.41 2.48 2.65 3.23 4.26 5.40 5.99 5.82
6.68 6.41 5.85 5.48 5.22 5.04 4.90 4.76 4.49 4.18 3.99 3.93 4.00 4.16 4.37 4.55 4.78 5.02 5.24 5.43 5.66 5.78 5.94 6.20 6.42 6.35 6.25 6.46 6.86 6.84 6.52 6.18 5.92 5.55 5.07 4.82 4.90 5.06 5.24 5.43 5.62 5.88 6.55 7.16 6.85 5.59 4.54 3.94 3.68 3.65 3.76 3.70 3.58 3.65 3.73 3.70 3.64 3.56 3.54 3.70 3.93 4.26 4.68 5.14 5.52 5.29 4.60 4.08 4.09 4.40 4.63 4.41 3.63 2.82 2.55 2.76 3.07 3.40 3.98 4.91 5.99 6.57 6.46 5.73
6.81 6.27 5.46 5.15 5.08 5.09 5.07 4.85 4.48 4.13 3.97 4.07 4.37 4.74 5.09 5.37 5.62 5.88 6.12 6.24 6.25 6.25 6.40 6.64 6.66 6.49 6.45 6.74 6.99 6.72 6.06 5.59 5.26 5.00 4.84 4.81 4.88 5.08 5.30 5.58 5.85 6.08 6.52 6.59 5.93 4.64 3.83 3.44 3.27 3.31 3.34 3.23 3.23 3.47 3.68 3.74 3.76 3.83 4.07 4.32 4.64 5.11 5.57 5.88 5.82 5.51 4.84 4.68 5.01 5.23 4.91 4.14 3.29 3.05 3.35 3.80 4.31 4.92 5.73 6.56 6.99 6.81 6.08 5.24
6.83 6.23 5.24 4.85 4.74 4.70 4.68 4.51 4.20 3.92 3.82 3.93 4.25 4.67 5.04 5.29 5.51 5.70 5.82 5.87 5.95 6.12 6.35 6.41 6.19 6.08 6.34 6.80 6.86 6.38 5.70 5.12 4.72 4.54 4.66 4.88 5.12 5.30 5.45 5.59 5.77 5.82 5.99 5.95 5.26 4.08 3.38 3.16 3.17 3.23 3.19 3.14 3.23 3.54 3.87 4.09 4.26 4.43 4.61 4.77 5.13 5.80 6.39 6.63 6.33 5.89 5.48 5.41 5.65 5.60 4.94 4.20 3.92 4.32 4.97 5.58 6.20 6.79 7.26 7.40 7.09 6.34 5.52 4.93
6.84 6.13 4.99 4.53 4.24 4.06 4.01 3.90 3.71 3.52 3.40 3.44 3.63 3.87 4.11 4.27 4.39 4.38 4.23 4.23 4.71 5.29 5.51 5.28 4.87 5.09 5.94 6.60 6.61 6.15 5.78 5.50 5.24 5.08 5.01 5.15 5.35 5.48 5.46 5.36 5.27 5.21 5.32 5.48 5.08 4.13 3.58 3.61 3.73 3.73 3.67 3.70 3.75 3.89 4.13 4.41 4.70 5.01 5.23 5.54 6.09 6.79 7.14 7.05 6.62 6.15 5.93 6.08 6.21 6.04 5.64 5.43 5.72 6.27 6.79 7.24 7.63 7.84 7.78 7.30 6.61 5.86 5.26 4.79
6.69 5.89 4.70 4.21 3.93 3.73 3.56 3.37 3.19 2.98 2.78 2.70 2.72 2.79 2.87 2.97 3.01 2.86 2.81 3.08 3.65 4.23 4.35 3.99 3.85 4.49 5.76 6.50 6.41 5.77 5.57 5.59 5.60 5.58 5.38 5.24 5.17 5.16 4.99 4.76 4.62 4.81 5.16 5.57 5.48 5.04 4.68 4.71 4.81 4.79 4.73 4.64 4.43 4.28 4.29 4.46 4.75 5.20 5.74 6.41 7.10 7.39 7.23 6.69 5.99 5.73 6.04 6.35 6.45 6.49 6.55 6.79 7.17 7.54 7.45 7.77 7.81 7.63 7.16 6.58 6.02 5.49 5.06 4.61
6.45 5.76 4.65 4.09 3.82 3.63 3.40 3.10 2.84 2.62 2.37 2.18 2.12 2.18 2.25 2.28 2.26 2.31 2.54 2.97 3.42 3.71 3.67 3.49 3.72 4.66 6.00 6.57 6.22 5.32 5.04 5.09 5.22 5.32 5.17 4.83 4.49 4.31 4.23 4.16 4.26 4.79 5.49 6.06 6.09 5.84 5.67 5.61 5.60 5.55 5.30 4.98 4.66 4.46 4.43 4.55 4.85 5.41 6.15 6.86 7.18 6.99 6.41 5.57 5.12 5.25 5.86 6.27 6.27 6.35 6.63 6.93 7.16 7.22 7.14 6.97 6.70 6.26 5.91 5.59 5.24 4.91 4.61 4.27
6.28 5.80 4.90 4.31 3.97 3.71 3.39 3.02 2.77 2.61 2.45 2.32 2.30 2.32 2.33 2.35 2.42 2.68 3.05 3.36 3.58 3.74 3.78 3.78 4.22 5.25 6.32 6.64 6.01 5.00 4.57 4.48 4.56 4.60 4.54 4.33 4.03 3.84 3.86 4.12 4.57 5.33 6.04 6.43 6.30 5.99 5.85 5.86 5.80 5.58 5.10 4.75 4.56 4.54 4.60 4.77 5.13 5.77 6.43 6.73 6.47 5.81 5.17 4.65 4.69 5.20 5.77 5.90 5.67 5.70 5.92 6.05 6.02 5.98 5.89 5.67 5.27 4.84 4.55 4.40 4.20 4.02 3.81 3.62
6.20 5.80 5.08 4.59 4.24 3.87 3.45 3.16 3.05 3.02 3.04 3.09 3.12 3.03 2.90 2.89 3.07 3.36 3.62 3.88 4.01 4.17 4.40 4.64 5.13 6.03 6.68 6.76 6.10 5.03 4.48 4.19 4.04 4.00 4.13 4.31 4.38 4.48 4.64 4.93 5.41 6.00 6.40 6.46 6.10 5.70 5.66 5.70 5.56 5.31 4.96 4.73 4.62 4.64 4.72 4.89 5.27 5.90 6.40 6.24 5.59 4.99 4.54 4.30 4.48 5.03 5.59 5.55 5.17 5.10 5.20 5.14 5.00 4.90 4.75 4.62 4.27 3.80 3.39 3.20 3.11 2.90 2.72 2.60
6.15 5.75 5.07 4.61 4.28 3.91 3.61 3.54 3.63 3.82 4.01 4.09 3.95 3.72 3.52 3.47 3.64 3.88 4.07 4.38 4.61 4.91 5.26 5.59 6.05 6.74 7.22 7.08 6.40 5.43 4.87 4.51 4.24 4.20 4.36 4.71 5.10 5.46 5.65 5.78 5.97 6.23 6.36 6.25 5.86 5.44 5.37 5.27 5.08 4.95 4.88 4.80 4.73 4.73 4.85 5.08 5.53 6.07 6.19 5.62 4.88 4.50 4.19 4.02 4.22 4.90 5.50 5.44 4.91 4.71 4.65 4.56 4.47 4.28 3.97 3.71 3.40 2.95 2.52 2.24 2.07 1.85 1.67 1.68
6.15 5.73 4.99 4.48 4.12 3.82 3.74 3.86 4.16 4.53 4.82 4.83 4.67 4.45 4.26 4.16 4.18 4.34 4.54 4.86 5.15 5.56 5.79 6.14 6.75 7.49 7.71 7.31 6.51 5.79 5.40 5.16 5.01 4.94 4.93 5.10 5.37 5.60 5.71 5.72 5.79 5.98 6.08 5.95 5.60 5.15 4.93 4.70 4.46 4.44 4.53 4.60 4.68 4.77 5.01 5.38 5.80 5.98 5.56 4.79 4.29 4.08 3.87 3.96 4.42 5.18 5.49 5.14 4.52 4.24 4.14 4.05 4.00 3.81 3.43 3.05 2.65 2.22 1.77 1.47 1.33 1.22 1.23 1.48
6.15 5.67 4.83 4.28 3.91 3.67 3.64 3.76 4.07 4.46 4.79 4.96 5.04 5.07 5.05 4.96 4.87 4.90 5.06 5.26 5.47 5.84 6.09 6.53 7.26 7.81 7.78 7.08 6.24 5.77 5.60 5.59 5.59 5.41 5.20 5.13 5.10 5.06 5.08 5.26 5.50 5.73 5.79 5.63 5.34 4.95 4.63 4.29 4.01 3.91 3.96 4.12 4.38 4.66 5.02 5.37 5.55 5.27 4.51 4.04 3.91 3.77 3.81 4.25 4.76 5.14 5.07 4.48 3.85 3.59 3.48 3.30 3.19 3.11 2.84 2.44 1.94 1.46 1.13 1.10 1.19 1.27 1.49 2.03
6.07 5.52 4.54 4.05 3.75 3.55 3.43 3.37 3.40 3.57 3.83 4.29 4.80 5.22 5.51 5.59 5.52 5.47 5.53 5.62 5.75 6.06 6.34 7.06 7.46 7.65 7.23 6.49 5.72 5.35 5.29 5.38 5.43 5.26 5.09 4.97 4.85 4.82 5.00 5.31 5.52 5.59 5.51 5.45 5.38 5.07 4.62 4.12 3.64 3.40 3.45 3.73 4.15 4.50 4.80 4.92 4.71 4.11 3.58 3.52 3.48 3.35 3.62 4.11 4.36 4.41 4.30 3.91 3.37 2.98 2.83 2.70 2.63 2.49 2.16 1.73 1.35 1.12 1.16 1.45 1.77 2.01 2.33 2.99
5.94 5.32 4.34 3.92 3.68 3.52 3.37 3.18 2.99 2.88 2.95 3.33 4.03 4.77 5.39 5.73 5.85 5.88 5.94 6.05 6.16 6.35 6.64 7.15 7.45 7.22 6.60 5.86 5.19 4.76 4.61 4.62 4.73 4.80 4.87 4.89 4.89 4.99 5.25 5.49 5.54 5.43 5.32 5.42 5.49 5.06 4.33 3.63 3.28 3.33 3.66 4.14 4.48 4.57 4.51 4.27 3.75 3.21 3.02 3.04 2.93 2.82 3.00 3.33 3.60 3.78 3.95 3.87 3.51 3.18 3.06 2.93 2.69 2.31 1.83 1.49 1.41 1.57 1.91 2.31 2.70 3.09 3.48 4.21
5.81 5.23 4.32 3.90 3.67 3.56 3.47 3.36 3.20 3.01 2.92 3.12 3.64 4.27 4.90 5.44 5.78 6.14 6.27 6.52 6.70 6.87 7.50 7.66 7.51 6.92 6.17 5.51 4.91 4.54 4.38 4.37 4.38 4.45 4.60 4.77 4.88 4.99 5.20 5.42 5.33 5.12 5.04 5.25 5.29 4.62 3.86 3.60 3.85 4.32 4.78 5.05 5.03 4.74 4.37 4.00 3.65 3.39 3.28 3.17 3.01 2.96 3.08 3.35 3.87 4.35 4.56 4.48 4.29 4.12 3.94 3.62 3.01 2.41 1.99 1.88 2.03 2.38 2.83 3.39 4.04 4.63 5.14 6.03
5.72 5.14 4.30 3.89 3.70 3.64 3.65 3.73 3.82 3.85 3.81 3.86 4.14 4.48 4.83 5.33 5.78 6.31 6.58 6.92 7.28 7.48 7.91 7.77 7.46 6.66 6.00 5.57 5.15 5.01 5.01 4.96 4.73 4.58 4.61 4.71 4.81 4.94 5.09 5.06 4.84 4.64 4.66 4.97 5.11 4.75 4.59 4.94 5.39 5.65 5.71 5.55 5.19 4.77 4.53 4.47 4.43 4.38 4.29 4.19 4.12 4.22 4.49 4.94 5.45 5.63 5.35 5.00 4.69 4.51 4.08 3.49 2.82 2.42 2.36 2.55 2.83 3.32 4.06 5.09 6.12 6.85 7.40 8.12
5.59 5.05 4.27 3.87 3.77 3.79 3.89 4.11 4.43 4.75 4.98 5.16 5.30 5.32 5.39 5.72 6.19 6.81 7.17 7.47 7.81 7.96 7.90 7.65 7.05 6.41 6.01 5.79 5.60 5.53 5.53 5.48 5.27 5.12 5.01 4.92 4.91 4.95 4.87 4.63 4.48 4.57 4.73 5.09 5.41 5.47 5.54 5.80 5.94 5.83 5.62 5.33 5.05 4.82 4.75 4.84 4.89 4.97 5.06 5.17 5.30 5.58 5.93 6.21 6.19 5.77 5.07 4.69 4.43 3.96 3.32 2.80 2.54 2.60 2.90 3.32 3.79 4.60 5.86 7.26 8.26 8.83 9.03 9.07
5.48 5.01 4.28 3.95 3.91 3.92 4.01 4.33 4.91 5.54 6.05 6.36 6.45 6.38 6.32 6.49 6.92 7.56 7.85 7.77 8.02 7.77 7.35 7.10 6.47 6.09 5.94 5.86 5.73 5.63 5.56 5.47 5.31 5.18 5.02 4.90 4.89 4.84 4.71 4.66 4.78 4.90 5.04 5.37 5.69 5.65 5.43 5.29 5.04 4.80 4.63 4.59 4.64 4.71 4.69 4.70 4.81 4.97 5.17 5.38 5.67 6.05 6.23 6.04 5.37 4.46 3.86 3.84 3.73 3.24 2.79 2.65 2.81 3.17 3.70 4.27 4.96 6.06 7.53 8.61 9.08 9.12 8.88 8.41
5.41 4.98 4.34 4.10 4.08 4.09 4.25 4.79 5.63 6.25 6.56 6.65 6.69 6.77 6.94 7.29 7.75 8.22 8.20 7.94 7.63 7.34 6.95 6.44 6.00 5.76 5.62 5.58 5.54 5.49 5.37 5.21 4.88 4.61 4.51 4.58 4.69 4.70 4.66 4.66 4.67 4.76 4.99 5.37 5.57 5.28 4.82 4.43 4.21 4.07 4.02 4.10 4.23 4.34 4.42 4.54 4.71 4.83 4.95 5.14 5.48 5.75 5.54 4.73 3.72 3.06 2.99 3.26 3.33 3.15 3.02 3.14 3.52 4.13 4.84 5.54 6.36 7.49 8.46 8.79 8.22 7.24 6.55 6.18
