project/data/elevation/US_DEM2016/US_DEM2016_point_11-01-2019_1321_30m_ang.asc
ncols	125
nrows	167
xllcorner	-2042055.000000
yllcorner	1465035.000000
cellsize	30.000000
NODATA_value	-9999.000000
[rows 44 to 87 of 167, columns 0 to 95 of 125]
338 340 345 347 349 350 351 351 350 350 353 359 7 9 6 2 360 358 355 353 351 350 350 350 350 350 351 351 351 349 347 341 342 343 347 349 348 345 343 347 353 357 358 359 359 356 354 352 350 348 348 349 351 353 353 353 354 355 356 358 359 357 353 350 350 347 343 341 341 340 335 328 319 313 309 309 311 314 317 327 338 344 346 348 351 354 356 356 355 356 360 5 9 12 12 12
338 341 345 347 348 349 351 352 353 354 357 4 9 9 4 1 358 356 353 351 349 348 349 351 351 350 350 350 348 346 343 336 340 341 345 349 351 351 348 348 352 359 3 3 360 357 354 351 349 348 347 346 345 345 346 348 351 354 356 358 360 358 355 353 351 348 346 347 347 344 338 331 326 322 318 314 312 312 313 318 327 335 341 345 347 351 356 358 357 355 356 2 10 14 15 14
337 340 345 347 348 349 351 353 355 358 2 8 10 6 2 359 357 355 353 351 349 348 349 350 351 350 350 348 345 341 339 339 339 340 342 347 352 355 355 352 355 2 7 5 1 357 353 350 350 350 350 347 340 337 338 343 349 354 356 358 360 359 356 354 352 351 351 352 350 345 340 336 334 331 328 324 320 318 317 318 323 330 337 342 345 349 356 360 360 358 357 1 9 14 15 16
333 337 343 346 348 349 351 353 357 1 6 11 8 2 359 358 357 355 353 352 351 350 350 350 350 349 348 345 341 338 338 339 340 340 341 345 351 356 358 359 0 5 6 3 0 357 352 351 352 353 351 343 335 333 336 342 349 354 357 358 0 359 357 355 355 355 354 352 348 345 343 341 340 338 335 331 328 326 324 324 325 329 333 338 342 347 353 359 1 0 1 5 10 14 16 15
332 334 340 345 348 350 351 353 357 2 10 12 6 359 356 355 356 355 354 353 352 351 350 350 349 348 345 342 337 335 338 341 342 341 341 343 348 355 0 4 7 6 3 360 358 356 354 353 355 353 347 338 335 336 340 345 349 353 356 358 0 1 358 356 356 355 352 349 348 348 347 347 346 345 343 340 337 336 334 332 330 329 330 333 339 345 351 356 360 3 7 11 13 14 13 9
332 334 338 343 348 351 353 354 356 3 11 12 4 357 354 354 354 355 355 355 353 352 351 350 349 347 343 338 333 333 337 342 344 345 345 344 346 353 2 10 13 9 3 358 356 355 355 355 354 349 341 337 338 341 346 350 352 354 355 356 358 0 359 356 354 352 351 350 351 351 351 351 351 350 350 348 346 345 344 342 338 333 329 329 334 342 348 353 359 5 12 14 13 10 7 2
331 334 339 343 347 352 355 355 357 3 10 9 2 356 354 354 354 355 356 356 355 353 351 350 349 347 342 335 330 331 336 340 344 349 351 349 350 356 8 16 17 11 4 358 354 354 354 353 350 344 339 339 342 347 352 354 354 353 353 353 355 358 358 355 351 350 351 351 352 353 354 354 353 353 353 353 353 353 353 353 350 343 335 330 331 337 345 351 358 9 15 14 10 6 2 358
329 333 340 344 347 351 355 356 358 3 6 4 360 356 355 355 355 356 358 358 357 355 353 351 348 346 340 333 328 328 333 337 342 349 353 354 356 3 11 15 12 7 2 358 355 352 350 349 348 345 343 343 347 352 356 357 356 354 353 352 352 354 356 353 349 348 349 351 351 352 352 353 353 354 354 356 357 357 358 358 357 353 347 339 335 336 342 350 360 11 15 13 10 7 4 359
328 331 339 344 347 351 355 357 359 1 1 360 357 356 356 357 358 358 359 359 359 358 355 351 347 344 339 332 328 327 330 333 338 345 351 357 2 7 9 8 6 2 359 357 353 349 346 346 348 349 349 350 352 356 358 359 358 357 355 353 351 351 352 350 347 345 345 344 343 342 343 346 349 351 353 355 357 358 358 359 359 357 355 351 345 341 342 350 2 11 13 12 12 11 7 2
330 332 337 341 345 349 353 356 359 360 358 356 355 357 358 360 0 360 360 1 1 359 357 352 347 342 338 333 329 327 328 330 335 341 349 358 5 7 5 3 1 359 357 354 349 345 343 344 348 353 355 356 357 359 0 2 2 0 357 354 352 351 351 349 347 344 344 339 336 334 334 336 340 343 347 351 354 355 355 355 355 355 355 354 351 347 346 352 1 7 9 11 12 9 4 1
333 334 337 340 342 345 349 354 358 360 357 355 355 358 2 3 2 1 1 1 1 360 356 351 347 342 338 334 332 331 332 332 334 339 347 358 6 5 1 359 358 356 354 349 344 340 340 343 349 355 359 0 1 2 3 4 4 1 357 353 352 351 352 351 352 346 343 340 338 336 335 332 330 331 337 342 347 350 352 350 347 345 344 344 345 348 351 354 359 3 5 7 6 3 360 357
337 337 339 341 343 344 346 350 356 359 358 356 358 3 5 5 4 3 1 360 360 358 355 351 347 343 339 336 334 333 335 336 336 338 346 358 6 4 0 357 355 353 349 343 338 336 338 343 350 356 360 2 4 5 6 7 5 0 356 353 352 352 353 354 351 346 344 343 342 341 339 334 328 325 327 332 335 339 344 344 339 334 333 334 338 345 351 355 357 359 1 2 1 359 356 352
339 339 342 344 346 348 347 348 353 357 359 0 4 8 9 8 6 3 359 357 356 356 355 352 348 344 341 338 335 334 337 339 338 339 347 358 4 3 0 357 354 350 345 338 334 334 338 344 350 356 360 3 6 8 9 9 5 359 355 354 354 354 355 354 350 346 351 346 346 345 342 338 336 334 334 332 328 330 336 337 334 331 331 335 340 346 351 354 356 357 358 358 357 355 351 346
337 339 344 348 351 353 352 350 352 356 0 4 7 9 9 7 5 2 358 355 354 354 354 352 349 347 345 341 337 337 340 343 343 345 350 357 1 1 360 358 354 349 342 335 332 333 339 344 349 353 358 2 7 11 12 11 6 2 358 357 357 357 356 353 348 346 347 350 350 347 343 342 343 345 346 341 336 334 335 333 332 332 335 339 345 349 351 353 354 355 356 356 354 351 346 343
333 337 345 351 355 357 355 354 354 357 1 4 6 6 5 4 2 359 357 355 353 352 352 351 350 349 348 343 339 339 343 346 348 351 354 357 358 358 358 357 354 350 341 334 331 334 340 343 346 349 353 1 8 12 13 12 9 5 2 360 358 357 356 353 349 349 350 352 349 346 345 346 351 354 352 345 339 337 335 333 333 335 339 344 349 351 352 353 354 354 354 353 350 346 343 344
330 334 344 351 356 358 358 358 358 0 2 2 2 1 0 359 358 356 355 354 353 352 350 348 349 350 350 345 341 342 345 347 350 353 356 357 356 355 355 354 353 349 342 336 332 334 338 341 342 342 347 357 6 11 12 12 10 7 2 359 357 355 353 353 352 352 353 352 348 347 348 353 358 357 350 344 341 338 337 336 336 339 344 348 351 353 353 353 353 352 351 350 346 343 343 350
328 332 342 350 354 358 1 2 3 4 2 359 357 355 354 354 353 352 351 351 351 349 347 346 347 349 348 343 342 345 348 348 349 351 354 356 356 354 353 352 351 349 344 338 334 335 336 336 336 337 341 349 360 6 9 9 8 5 2 358 354 351 350 351 354 357 357 353 349 349 353 357 358 353 349 345 343 342 341 340 341 344 348 350 352 353 353 352 351 350 349 347 343 343 349 358
327 331 342 349 353 357 1 5 8 8 4 358 353 350 348 348 348 348 347 346 345 343 342 342 345 346 343 339 340 346 351 353 352 350 351 353 354 353 352 351 351 351 347 341 338 339 339 337 336 337 340 345 353 1 4 5 4 2 0 357 352 348 346 348 354 359 359 355 352 353 356 357 355 352 350 348 346 346 346 346 348 350 351 352 353 354 353 351 350 348 347 344 342 344 353 358
326 331 341 348 353 356 1 7 12 13 9 1 353 345 342 342 344 347 346 340 334 332 333 337 342 341 337 334 336 344 351 355 355 354 353 352 352 352 352 352 353 352 349 344 342 344 345 343 341 342 344 347 352 358 1 1 0 359 356 352 348 345 345 347 352 359 359 356 356 356 357 356 354 354 354 350 350 350 352 353 354 355 355 355 355 355 353 350 348 346 345 343 341 346 352 353
330 333 341 347 352 356 2 9 17 19 15 8 358 346 338 336 340 347 349 341 331 324 323 330 337 336 332 330 332 340 347 352 356 357 357 355 354 353 354 355 354 352 348 345 345 347 349 348 346 346 348 351 355 359 0 359 358 355 351 347 344 344 345 348 353 356 355 354 356 358 357 355 354 353 353 352 352 354 356 358 359 359 360 359 357 355 352 349 346 343 342 341 341 345 348 348
334 337 343 348 352 357 4 13 20 21 18 13 5 355 346 339 339 346 351 350 343 334 327 328 331 332 329 328 331 337 341 346 352 357 360 0 359 357 356 356 354 350 346 344 345 349 351 351 351 351 352 353 356 359 359 358 355 351 346 342 342 343 347 351 354 353 351 351 355 357 356 354 353 353 353 354 354 355 357 0 2 3 3 3 0 356 351 346 343 341 340 339 340 342 344 344
336 339 346 351 354 359 7 15 19 19 16 12 7 3 357 349 342 342 348 352 352 347 339 333 331 329 329 329 333 338 340 341 345 352 358 2 1 359 357 355 352 348 344 342 344 349 351 352 354 356 355 355 356 358 358 356 352 347 342 341 343 346 350 353 353 350 346 347 352 355 355 354 353 351 352 355 356 356 357 1 4 5 5 5 1 353 346 342 340 339 338 337 338 339 340 340
336 340 347 353 357 2 10 14 15 13 11 9 8 7 3 356 347 341 343 349 352 351 346 340 334 330 330 332 338 343 344 343 343 347 353 358 358 357 356 353 350 347 344 342 343 347 349 351 356 358 358 357 357 357 357 355 350 344 341 342 346 349 353 355 354 349 344 345 349 353 354 355 354 352 351 354 358 359 359 1 6 9 9 6 357 345 337 335 336 338 338 337 337 338 338 339
336 340 348 354 359 5 10 11 9 7 6 7 8 8 6 1 353 345 341 344 348 350 348 343 337 332 332 335 342 347 349 348 346 346 350 353 354 354 353 352 350 347 344 342 342 344 346 350 354 358 359 359 358 356 355 352 347 343 342 345 349 351 355 356 353 347 344 344 348 351 353 354 355 356 354 355 1 6 7 9 12 14 11 1 346 334 329 330 332 335 337 339 340 340 340 341
335 340 350 357 2 7 9 7 3 1 1 3 6 6 6 3 358 350 343 342 344 346 347 344 338 335 334 338 343 349 352 352 350 349 350 351 351 352 353 352 350 348 346 344 342 342 344 348 352 355 357 358 356 354 352 348 345 344 346 349 350 353 355 353 350 346 344 344 346 348 351 352 354 357 359 1 7 16 22 20 14 9 1 349 336 329 327 328 330 331 335 339 342 344 344 344
335 340 351 359 4 8 10 7 2 357 356 358 0 2 3 3 1 356 348 343 342 343 344 341 339 336 337 340 344 347 351 352 353 353 352 351 351 353 353 351 349 349 349 347 344 343 346 349 351 352 352 352 352 351 349 346 344 346 350 350 350 352 352 350 348 347 347 346 345 344 345 346 348 354 3 11 18 23 22 12 3 356 350 342 333 329 328 330 330 331 335 341 345 347 348 348
335 340 351 360 6 10 12 10 6 359 353 351 351 355 358 360 1 358 353 346 343 343 342 340 338 339 341 342 344 345 347 348 351 353 353 352 352 352 351 350 349 350 351 349 346 345 349 351 351 349 347 346 347 349 349 348 349 352 353 351 351 351 349 347 347 349 350 350 349 347 345 346 349 355 6 15 17 14 8 1 355 350 345 339 335 333 334 335 335 336 340 345 348 350 352 352
337 341 352 1 8 12 13 12 10 5 358 349 344 345 350 354 358 356 354 349 346 344 339 339 339 342 345 346 346 345 344 343 346 349 351 352 352 351 349 349 349 351 352 350 347 348 351 351 349 347 346 346 347 350 352 354 357 358 357 356 355 354 350 348 347 349 353 354 354 352 351 352 355 1 7 9 7 3 358 353 349 346 344 340 338 339 342 344 344 344 347 349 352 353 355 358
338 343 353 2 9 12 12 11 10 8 3 355 346 343 345 349 353 353 354 350 347 345 340 340 341 346 350 351 350 348 346 345 345 346 348 350 351 350 348 348 350 352 353 351 348 349 350 349 348 348 349 350 351 354 356 357 359 360 360 359 358 357 354 351 348 349 354 357 357 356 357 359 3 5 5 2 359 355 350 346 345 346 345 344 342 343 348 352 353 354 354 355 356 357 360 3
340 344 354 3 10 11 10 7 6 5 3 358 353 348 346 347 348 349 351 350 347 345 343 342 344 349 353 354 353 351 349 348 348 348 348 350 350 349 349 350 352 354 354 351 348 347 349 350 350 351 352 354 356 356 356 356 357 358 358 358 358 355 352 349 349 350 356 0 1 2 4 7 7 3 358 355 353 348 344 342 343 345 347 347 347 348 353 357 0 2 2 1 0 1 4 7
341 345 355 4 9 10 8 3 1 359 358 357 355 353 350 347 345 344 347 343 348 342 343 344 346 349 353 356 356 354 352 351 351 351 351 351 350 349 350 352 352 353 354 351 347 346 348 349 350 351 353 356 358 358 357 355 355 355 355 356 355 352 349 348 350 355 0 4 6 8 10 9 4 357 351 349 347 343 339 339 342 345 348 350 352 355 355 357 2 7 8 6 4 5 7 9
342 346 356 4 9 10 5 359 355 353 353 354 355 354 351 347 344 341 343 345 347 348 348 348 348 348 351 356 358 356 354 353 352 351 351 350 349 350 351 351 352 352 352 350 347 346 346 347 348 349 350 352 355 357 357 355 354 353 353 352 351 349 349 352 358 3 4 6 9 11 9 4 358 351 346 344 343 340 338 338 341 344 346 350 355 359 359 357 0 7 10 9 7 8 9 9
342 347 357 4 7 6 0 354 350 349 349 351 352 351 348 345 339 338 339 343 346 349 351 351 350 349 349 354 358 358 357 356 354 352 350 349 349 350 352 352 352 351 350 349 347 347 347 347 348 349 349 350 352 354 355 354 353 352 352 351 348 349 353 2 7 7 3 4 7 7 3 358 352 347 345 343 342 341 341 343 344 342 340 341 349 357 1 2 1 5 8 9 9 9 9 7
340 346 357 4 4 360 355 352 350 349 348 349 348 346 344 341 335 339 340 343 346 349 352 353 352 350 349 351 355 358 359 359 357 354 352 351 352 353 354 354 352 350 349 349 348 347 348 349 349 349 349 350 350 350 352 353 352 352 351 350 349 353 1 8 8 4 2 1 1 0 357 353 349 347 346 345 344 345 349 350 351 348 343 338 339 347 357 3 5 6 7 8 8 9 8 6
337 345 358 3 0 355 353 352 353 352 350 348 346 343 340 339 338 339 341 344 347 350 353 355 354 351 349 350 352 356 359 0 359 357 355 355 356 357 356 354 351 350 349 350 348 346 346 346 346 345 345 346 345 345 348 350 351 351 351 351 353 360 5 5 3 0 359 357 355 355 354 350 349 351 352 348 348 348 352 355 357 356 352 346 342 343 350 359 6 9 8 7 7 8 7 3
336 344 359 3 358 354 353 355 355 354 351 348 344 341 339 338 338 340 343 346 348 351 354 355 355 352 349 348 349 352 357 360 1 359 358 359 1 1 358 355 353 351 351 351 349 346 344 343 341 341 341 342 342 343 346 348 350 351 351 353 358 3 3 360 357 355 353 351 351 352 351 347 348 347 350 351 353 351 352 356 360 1 359 354 350 347 348 355 3 8 7 6 6 6 4 1
339 346 357 1 358 355 354 355 354 352 349 345 342 339 338 338 339 341 345 348 350 352 354 357 357 354 349 346 345 347 351 355 359 0 0 2 4 4 1 359 357 355 354 354 353 349 345 342 340 340 341 342 343 345 347 349 351 354 356 358 1 1 358 354 351 349 347 348 349 350 348 345 343 346 350 353 353 352 351 353 357 2 2 360 356 353 352 354 360 3 4 3 3 3 360 356
345 348 354 358 357 355 354 353 351 349 346 342 339 338 338 339 341 342 345 349 351 353 355 358 359 356 352 347 342 340 341 344 350 356 1 3 5 4 2 0 358 357 356 356 356 353 348 344 342 341 342 342 343 345 348 350 354 357 359 0 0 358 354 350 346 343 343 346 349 349 346 342 342 345 349 353 354 353 353 351 352 357 3 4 2 359 356 356 359 0 360 360 360 358 355 351
350 350 352 355 355 354 352 351 348 345 343 340 338 337 339 341 343 344 347 350 352 353 356 359 0 359 356 351 344 338 334 332 336 345 356 1 3 2 0 358 356 356 355 356 357 355 350 347 345 344 343 342 342 344 348 351 353 355 358 359 358 356 352 346 342 340 343 348 350 349 345 342 343 344 349 352 354 354 355 353 351 352 359 4 5 3 1 359 358 358 357 357 356 354 350 348
351 351 352 354 354 351 350 348 345 342 340 338 337 338 340 343 345 348 351 353 353 355 357 359 360 1 358 355 351 344 338 335 334 338 347 356 0 359 357 354 353 354 355 355 356 355 351 348 347 345 344 343 344 345 348 351 352 353 355 356 356 353 349 344 340 339 345 349 349 348 345 342 341 343 346 349 351 353 355 356 354 351 354 2 5 6 5 2 359 356 355 355 353 350 349 350
349 351 354 355 353 349 347 345 342 340 338 337 337 339 342 345 348 351 355 355 356 358 359 358 358 359 358 355 353 350 347 343 341 340 343 351 357 357 353 351 352 354 355 355 355 354 351 348 347 347 346 346 346 347 349 350 351 352 353 353 352 351 348 343 339 339 344 347 348 349 347 345 342 341 340 340 344 349 353 356 356 354 352 356 2 6 7 6 2 358 356 354 353 351 352 356
347 350 354 354 351 348 345 343 341 338 337 336 337 340 344 347 351 355 359 359 359 359 358 356 355 356 354 352 352 353 352 350 348 345 345 348 352 353 351 351 353 355 355 354 354 353 350 348 349 350 350 349 349 349 349 350 350 350 350 350 350 349 347 343 339 339 342 345 347 349 350 348 345 342 338 335 334 338 344 349 353 354 352 351 357 4 7 8 5 2 358 356 356 357 0 3
346 349 352 352 349 346 344 342 339 337 336 337 339 342 346 351 357 2 3 360 358 356 355 353 352 352 351 350 351 353 354 355 354 350 347 347 348 349 351 354 355 354 353 353 352 350 346 346 350 353 354 354 353 352 351 350 349 349 349 348 348 348 347 343 340 339 341 344 347 349 351 351 350 348 345 341 336 333 333 336 342 347 348 346 349 357 4 8 7 4 1 359 0 3 4 4
345 348 350 349 346 345 343 341 338 336 337 338 341 344 350 358 5 6 3 358 355 352 350 349 348 348 348 349 350 351 353 356 357 355 351 348 347 348 354 357 356 354 353 352 349 345 342 344 349 354 356 357 357 356 354 351 349 349 349 349 349 348 346 343 340 339 341 345 347 349 350 350 351 352 353 352 349 345 340 338 339 341 342 340 341 349 359 4 5 3 1 1 3 4 4 2
