project/data/elevation/US_DEM2016/US_DEM2016_point_10-29-2019_1717_30m_vel.asc
ncols	125
nrows	167
xllcorner	-2042055.000000
yllcorner	1465035.000000
cellsize	30.000000
NODATA_value	-9999.000000
[rows 38 to 75 of 167, columns 0 to 83 of 125]
5.93 5.50 4.61 3.96 3.49 3.22 2.99 2.64 2.27 1.99 1.88 1.87 1.94 2.07 2.18 2.19 2.14 2.22 2.52 2.95 3.23 3.34 3.37 3.44 3.58 3.75 3.88 3.98 3.96 3.84 3.67 3.56 3.59 3.74 3.98 4.32 4.64 4.83 5.03 5.19 5.12 4.85 4.70 4.74 4.91 5.00 4.78 4.30 3.89 3.55 3.36 3.27 3.28 3.19 2.93 2.85 2.97 3.40 4.04 4.65 4.73 4.18 3.61 3.25 3.00 2.89 2.81 2.77 2.81 2.98 2.96 2.79 2.91 3.31 3.44 3.42 3.48 3.73 4.12 4.56 4.87 4.93 4.74 4.32
5.98 5.31 4.09 3.38 3.00 2.79 2.53 2.20 1.94 1.79 1.73 1.78 1.92 2.08 2.13 2.08 2.04 2.15 2.37 2.53 2.57 2.57 2.63 2.81 3.17 3.58 3.84 4.01 4.05 3.99 3.92 3.87 3.92 4.12 4.51 4.99 5.20 5.27 5.37 5.44 5.36 5.05 4.79 4.67 4.66 4.59 4.28 3.87 3.56 3.30 3.22 3.25 3.34 3.24 3.03 3.00 3.18 3.60 4.05 4.43 4.35 3.72 3.09 2.82 2.68 2.64 2.58 2.54 2.61 2.80 2.85 2.73 2.85 3.28 3.44 3.28 3.24 3.51 3.92 4.13 4.03 3.95 3.99 3.90
5.81 5.07 3.79 3.05 2.76 2.57 2.36 2.15 2.04 2.05 2.13 2.25 2.29 2.21 1.53 1.97 1.95 2.06 2.13 2.10 2.14 2.29 2.54 2.87 3.36 3.72 3.90 4.00 4.02 4.05 4.15 4.28 4.49 4.90 5.40 5.76 5.85 5.80 5.62 5.38 5.20 4.78 4.42 4.29 4.23 4.27 4.20 4.10 3.90 3.76 3.62 3.56 3.52 3.32 3.14 3.10 3.27 3.58 3.80 3.96 3.84 3.27 2.64 2.36 2.24 2.24 2.30 2.40 2.53 2.67 2.74 2.72 2.89 3.31 3.48 3.22 3.07 3.30 3.77 3.89 3.57 3.38 3.53 3.85
5.49 4.87 3.79 3.17 2.93 2.78 2.61 2.46 2.43 2.55 2.73 2.83 2.65 2.25 1.98 1.93 1.98 2.05 2.07 2.11 2.33 2.67 3.00 3.32 3.61 3.81 3.84 3.83 3.94 4.07 4.37 4.70 5.18 5.66 6.02 6.18 6.16 5.91 5.55 5.11 4.71 4.34 4.01 3.82 3.90 3.94 4.07 4.18 4.24 4.25 4.18 3.89 3.61 3.31 3.05 2.96 3.03 3.15 3.23 3.41 3.40 2.99 2.45 2.25 2.23 2.26 2.33 2.40 2.46 2.57 2.69 2.72 2.92 3.34 3.51 3.20 2.99 3.29 3.80 3.79 3.34 3.13 3.27 3.79
5.24 4.79 3.97 3.48 3.23 3.05 2.85 2.74 2.83 3.03 3.17 3.11 2.69 2.30 2.14 2.14 2.21 2.29 2.42 2.67 3.04 3.39 3.68 3.89 4.01 4.00 3.93 3.89 4.02 4.20 4.61 5.12 5.73 6.09 6.11 5.97 5.80 5.46 4.99 4.52 4.13 3.82 3.49 3.37 3.48 3.61 3.76 3.88 4.00 4.02 3.97 3.74 3.48 3.15 2.90 2.83 2.84 2.84 2.84 3.12 3.23 3.02 2.73 2.67 2.70 2.59 2.48 2.43 2.49 2.63 2.72 2.69 2.82 3.20 3.32 3.00 2.94 3.39 3.85 3.71 3.22 3.10 3.41 4.00
5.10 4.71 4.04 3.63 3.38 3.21 3.10 3.15 3.33 3.48 3.45 3.15 2.65 2.44 2.36 2.38 2.51 2.70 2.99 3.39 3.80 4.12 4.32 4.38 4.37 4.26 4.16 4.15 4.27 4.43 4.91 5.49 5.91 5.96 5.69 5.36 5.09 4.78 4.35 3.96 3.65 3.33 2.98 2.82 3.06 3.42 3.51 3.35 3.15 2.94 2.90 3.03 3.10 2.97 2.87 2.94 3.03 3.08 3.14 3.29 3.37 3.34 3.33 3.32 3.04 2.70 2.63 2.74 2.83 2.76 2.59 2.50 2.64 2.91 3.00 2.87 2.94 3.43 3.84 3.65 3.25 3.34 3.80 4.17
5.00 4.67 4.12 3.79 3.67 3.67 3.73 3.82 3.89 3.84 3.58 3.11 2.69 2.52 2.47 2.59 2.84 3.15 3.53 3.94 4.28 4.48 4.54 4.46 4.37 4.27 4.22 4.28 4.48 4.75 5.33 5.70 5.74 5.43 5.06 4.81 4.59 4.32 3.86 3.45 3.12 2.80 2.48 2.35 2.70 3.26 3.17 2.77 2.40 2.24 2.31 2.52 2.67 2.73 2.89 3.17 3.38 3.48 3.49 3.44 3.49 3.62 3.60 3.36 2.93 2.83 3.04 3.12 2.88 2.44 2.22 2.32 2.56 2.75 2.87 2.96 3.16 3.52 3.83 3.69 3.38 3.54 3.84 3.99
5.03 4.80 4.41 4.21 4.19 4.26 4.31 4.31 4.21 3.98 3.58 3.11 2.81 2.71 2.77 2.99 3.28 3.61 3.98 4.24 4.36 4.36 4.29 4.17 4.15 4.17 4.19 4.35 4.74 5.20 5.68 5.65 5.29 4.83 4.55 4.43 4.20 3.90 3.43 3.01 2.63 2.27 2.00 1.94 2.43 3.03 2.99 2.68 2.51 2.49 2.46 2.39 2.37 2.51 2.89 3.35 3.51 3.45 3.32 3.29 3.42 3.66 3.55 3.27 3.19 3.34 3.29 2.88 2.32 2.03 2.12 2.46 2.73 2.87 3.02 3.27 3.56 3.78 3.68 3.77 3.54 3.54 3.70 3.82
5.23 5.03 4.71 4.56 4.49 4.44 4.36 4.25 4.05 3.76 3.42 3.10 3.01 3.06 3.28 3.52 3.74 3.99 4.18 4.22 4.16 4.07 3.97 3.93 4.03 4.14 4.27 4.59 5.13 5.57 5.69 5.38 4.86 4.44 4.15 3.91 3.64 3.38 3.05 2.66 2.24 1.88 1.74 1.90 2.46 3.02 3.20 3.05 2.88 2.65 2.35 2.20 2.39 2.76 3.16 3.45 3.46 3.28 3.15 3.20 3.39 3.65 3.59 3.46 3.46 3.35 2.79 2.29 2.14 2.33 2.70 3.00 3.17 3.26 3.45 3.73 3.97 4.06 4.07 4.00 3.80 3.66 3.74 3.92
5.47 5.22 4.80 4.55 4.36 4.18 3.99 3.78 3.55 3.32 3.09 2.99 2.99 3.17 3.47 3.71 3.89 4.01 4.03 3.98 3.92 3.87 3.82 3.84 3.96 4.14 4.37 4.86 5.45 5.66 5.38 4.90 4.60 4.22 3.77 3.40 3.14 2.93 2.72 2.45 2.02 1.78 1.85 2.29 2.77 3.23 3.41 3.11 2.62 2.18 2.00 2.30 3.04 3.69 3.83 3.72 3.57 3.39 3.28 3.28 3.41 3.68 3.64 3.47 3.27 2.93 2.61 2.61 2.94 3.35 3.66 3.82 3.91 3.96 4.08 4.31 4.50 4.51 4.50 4.49 4.17 3.87 3.87 4.07
5.60 5.32 4.72 4.32 4.07 3.81 3.56 3.29 3.07 2.88 2.72 2.70 2.69 2.89 3.21 3.44 3.61 3.72 3.75 3.73 3.72 3.71 3.70 3.73 3.85 4.05 4.36 4.98 5.62 5.61 5.10 4.62 4.41 4.03 3.42 2.94 2.75 2.61 2.43 2.16 1.84 1.72 1.95 2.41 2.78 3.17 3.28 2.80 2.27 2.09 2.41 3.39 4.40 4.75 4.56 4.07 3.77 3.56 3.44 3.44 3.55 3.76 3.75 3.56 3.47 3.56 3.90 4.32 4.69 4.96 5.04 5.09 5.13 5.14 5.17 5.30 5.36 5.27 5.15 4.89 4.43 3.99 3.92 4.03
5.62 5.33 4.59 4.10 3.84 3.60 3.32 3.06 2.83 2.59 2.50 2.52 2.54 2.78 3.05 3.25 3.40 3.49 3.55 3.54 3.53 3.53 3.54 3.59 3.71 3.91 4.29 5.07 5.74 5.53 4.90 4.54 4.32 3.88 3.25 2.75 2.54 2.34 2.06 1.73 1.50 1.49 1.77 2.15 2.54 2.97 3.15 2.82 2.54 2.80 3.82 5.02 5.58 5.42 4.85 4.20 3.83 3.66 3.61 3.72 3.85 4.04 4.08 4.23 4.53 4.99 5.51 5.97 6.27 6.42 6.47 6.49 6.50 6.49 6.45 6.37 6.26 6.06 5.68 5.11 4.51 4.05 3.90 3.89
5.71 5.32 4.51 3.99 3.75 3.53 3.29 3.09 2.86 2.61 2.64 2.75 2.89 3.14 3.33 3.44 3.47 3.46 3.42 3.37 3.36 3.37 3.39 3.45 3.58 3.83 4.36 5.28 5.76 5.31 4.53 4.37 4.19 3.74 3.30 2.93 2.57 2.16 1.73 1.47 1.40 1.56 1.95 2.33 2.68 3.08 3.42 3.50 3.63 4.34 5.47 6.07 5.97 5.29 4.64 4.11 3.82 3.71 3.66 3.73 3.90 4.20 4.40 4.72 5.23 5.71 6.04 6.30 6.44 6.53 6.61 6.70 6.75 6.75 6.66 6.48 6.29 6.10 5.73 5.23 4.74 4.33 3.94 3.74
5.82 5.34 4.45 3.99 3.73 3.49 3.28 3.14 2.96 2.79 2.95 3.20 3.43 3.61 3.67 3.64 3.54 3.39 3.27 3.23 3.25 3.27 3.28 3.34 3.51 3.85 4.51 5.38 5.56 4.84 4.14 4.02 3.88 3.60 3.34 3.09 2.62 2.13 1.82 1.76 1.98 2.41 2.84 3.11 3.38 3.84 4.46 4.95 5.47 6.03 6.38 6.28 5.59 4.71 4.21 3.85 3.62 3.44 3.32 3.29 3.54 3.97 4.47 4.76 5.10 5.30 5.26 5.15 5.10 5.17 5.32 5.51 5.59 5.57 5.46 5.30 5.22 5.10 4.94 4.79 4.65 4.46 4.19 3.81
5.82 5.27 4.35 3.88 3.61 3.36 3.19 3.09 2.95 2.88 3.09 3.40 3.63 3.72 3.65 3.48 3.28 3.12 3.04 3.04 3.08 3.11 3.14 3.27 3.53 3.93 4.58 5.25 5.18 4.38 3.84 3.73 3.58 3.37 3.23 2.92 2.55 2.30 2.26 2.52 2.93 3.36 3.69 3.99 4.46 5.18 5.86 6.21 6.36 6.38 6.21 5.67 4.92 4.21 3.81 3.50 3.24 3.00 2.92 2.96 3.29 3.81 4.31 4.61 4.61 4.32 3.98 3.62 3.56 3.69 3.85 3.98 3.98 3.86 3.78 3.69 3.70 3.68 3.66 3.73 3.90 4.03 4.05 3.78
5.63 5.10 4.21 3.69 3.39 3.18 3.11 3.08 2.98 2.92 3.03 3.23 3.40 3.36 3.18 2.94 2.76 2.68 2.68 2.73 2.80 2.90 3.07 3.36 3.69 4.03 4.57 5.02 4.86 4.25 3.83 3.69 3.51 3.30 3.06 2.69 2.44 2.41 2.57 2.94 3.39 3.77 4.13 4.59 5.39 6.19 6.58 6.55 6.17 5.73 5.30 4.81 4.30 3.85 3.51 3.20 2.97 2.81 2.88 3.13 3.51 3.89 4.21 4.38 4.15 3.70 3.36 3.20 3.27 3.36 3.29 3.11 2.96 2.85 2.79 2.75 2.82 2.88 2.83 2.77 2.83 2.98 3.07 3.15
5.37 4.93 4.14 3.62 3.29 3.02 2.94 2.97 2.91 2.85 2.82 2.82 2.82 2.65 2.41 2.25 2.18 2.18 2.26 2.43 2.67 2.92 3.22 3.58 3.86 4.16 4.57 4.88 4.80 4.48 4.10 3.82 3.57 3.30 2.95 2.50 2.30 2.32 2.50 2.82 3.26 3.73 4.23 5.01 6.02 6.55 6.51 5.89 5.06 4.61 4.36 4.13 3.85 3.61 3.34 3.06 2.90 2.89 3.12 3.43 3.68 3.83 3.95 4.04 3.88 3.63 3.51 3.48 3.44 3.27 2.95 2.57 2.40 2.36 2.34 2.36 2.44 2.45 2.26 2.02 1.92 1.92 2.06 2.45
5.17 4.84 4.22 3.72 3.31 2.92 2.62 2.56 2.55 2.51 2.47 2.37 2.16 1.88 1.70 1.65 1.68 1.80 2.07 2.44 2.83 3.20 3.53 3.78 4.01 4.28 4.62 4.88 4.89 4.68 4.19 3.75 3.42 3.14 2.81 2.36 2.19 2.23 2.39 2.67 3.08 3.64 4.37 5.48 6.38 6.51 5.91 4.94 4.25 3.92 3.75 3.59 3.45 3.38 3.20 3.01 2.92 2.97 3.21 3.34 3.33 3.30 3.42 3.66 3.87 3.94 3.86 3.70 3.32 2.83 2.36 2.13 2.12 2.15 2.10 2.02 2.05 1.97 1.66 1.48 1.55 1.77 2.22 2.76
5.18 4.97 4.47 3.94 3.41 2.90 2.46 2.30 2.23 2.22 2.22 2.06 1.80 1.59 1.52 1.56 1.71 2.03 2.46 2.88 3.25 3.60 3.83 4.03 4.26 4.51 4.73 4.94 4.97 4.71 4.09 3.66 3.41 3.16 2.79 2.47 2.40 2.48 2.64 2.89 3.29 3.89 4.81 5.97 6.44 6.08 5.07 4.20 3.62 3.33 3.24 3.15 3.08 3.05 2.95 2.86 2.80 2.80 2.86 2.74 2.55 2.53 2.87 3.49 4.12 4.24 3.92 3.43 2.83 2.35 2.14 2.16 2.21 2.12 1.87 1.60 1.55 1.35 1.52 1.54 1.90 2.56 3.37 3.76
5.38 5.17 4.62 4.06 3.50 2.99 2.65 2.50 2.35 2.25 2.22 2.11 1.96 1.93 2.06 2.28 2.57 2.97 3.31 3.58 3.83 4.06 4.22 4.43 4.68 4.84 4.89 5.03 5.12 4.92 4.49 4.15 3.95 3.64 3.15 2.91 2.98 3.10 3.27 3.50 3.86 4.40 5.33 6.20 6.22 5.32 4.29 3.51 3.02 2.84 2.85 2.82 2.77 2.71 2.66 2.61 2.51 2.39 2.27 2.14 2.12 2.33 2.86 3.72 4.37 4.26 3.56 2.90 2.46 2.38 2.55 2.68 2.45 2.03 1.66 1.62 1.76 1.83 1.95 2.41 3.24 4.17 4.62 4.27
5.61 5.22 4.44 3.93 3.51 3.18 2.97 2.82 2.59 2.35 2.26 2.30 2.38 2.59 2.94 3.33 3.73 4.07 4.29 4.41 4.54 4.60 4.70 4.89 5.06 5.03 5.02 5.21 5.34 5.13 4.81 4.53 4.28 3.93 3.47 3.25 3.30 3.45 3.66 3.92 4.27 4.78 5.57 6.00 5.58 4.51 3.62 2.99 2.58 2.48 2.55 2.54 2.49 2.48 2.46 2.43 2.33 2.20 2.17 2.29 2.53 2.94 3.51 4.20 4.50 4.12 3.29 2.81 2.79 3.02 3.20 2.99 2.39 1.82 1.69 1.93 2.26 2.59 3.09 3.85 4.73 5.18 4.99 4.25
5.75 5.13 4.11 3.62 3.41 3.29 3.18 2.95 2.61 2.30 2.22 2.34 2.64 3.06 3.54 3.97 4.34 4.63 4.81 4.88 4.89 4.93 5.05 5.17 5.12 4.97 5.07 5.36 5.37 4.97 4.44 4.07 3.78 3.55 3.36 3.28 3.30 3.48 3.72 4.02 4.40 4.85 5.39 5.47 4.79 3.79 3.07 2.58 2.27 2.21 2.23 2.23 2.29 2.38 2.45 2.46 2.43 2.43 2.60 2.83 3.17 3.71 4.31 4.76 4.62 4.15 3.51 3.40 3.66 3.80 3.51 2.88 2.22 2.09 2.44 2.89 3.39 3.95 4.61 5.23 5.52 5.29 4.51 3.69
5.75 5.07 3.90 3.32 3.13 3.04 2.97 2.77 2.45 2.19 2.13 2.23 2.54 3.02 3.47 3.79 4.07 4.26 4.35 4.41 4.55 4.77 4.96 4.94 4.72 4.64 5.01 5.39 5.22 4.67 4.11 3.62 3.28 3.12 3.13 3.27 3.47 3.66 3.85 4.03 4.28 4.55 4.89 4.86 4.27 3.34 2.66 2.32 2.15 2.08 2.02 2.07 2.20 2.40 2.61 2.73 2.83 2.95 3.11 3.29 3.68 4.42 5.08 5.26 4.84 4.34 4.10 4.17 4.35 4.23 3.68 3.09 2.89 3.35 4.01 4.58 5.10 5.53 5.85 5.86 5.51 4.78 3.93 3.38
5.69 4.93 3.65 3.04 2.72 2.56 2.49 2.37 2.17 2.00 1.90 1.90 2.10 2.44 2.75 2.97 3.13 3.18 3.13 3.26 3.76 4.28 4.42 4.16 3.81 4.09 4.91 5.34 5.05 4.51 4.18 3.91 3.65 3.45 3.33 3.43 3.65 3.79 3.82 3.78 3.81 4.03 4.42 4.55 4.13 3.27 2.68 2.55 2.50 2.37 2.27 2.33 2.44 2.57 2.79 3.00 3.20 3.45 3.69 4.06 4.67 5.38 5.68 5.47 4.93 4.51 4.53 4.78 4.87 4.68 4.38 4.27 4.60 5.17 5.66 6.03 6.28 6.34 6.15 5.64 4.97 4.25 3.64 3.21
5.45 4.63 3.38 2.78 2.47 2.25 2.07 1.95 1.83 1.65 1.47 1.35 1.45 1.68 1.90 2.06 2.14 2.16 2.35 2.75 3.33 3.78 3.75 3.33 3.14 3.78 4.93 5.32 4.92 4.25 4.07 4.06 4.00 3.92 3.71 3.58 3.54 3.53 3.40 3.24 3.25 3.72 4.36 4.69 4.41 3.84 3.45 3.39 3.36 3.24 3.14 3.07 2.93 2.83 2.90 3.04 3.25 3.65 4.21 4.95 5.63 5.90 5.70 5.14 4.53 4.37 4.72 5.00 5.10 5.07 5.17 5.48 5.87 6.13 6.28 6.33 6.26 5.99 5.49 4.91 4.38 3.86 3.41 2.81
5.06 4.40 3.27 2.66 2.33 2.07 1.85 1.69 1.53 1.38 1.13 0.95 1.05 1.34 1.62 1.69 1.66 1.83 2.30 2.87 3.34 3.55 3.33 2.97 3.04 3.94 5.12 5.33 4.75 3.93 3.68 3.70 3.78 3.83 3.70 3.41 3.11 2.91 2.82 2.80 3.02 3.78 4.69 5.08 4.84 4.44 4.26 4.17 4.11 4.00 3.76 3.49 3.21 3.02 3.01 3.11 3.36 3.90 4.68 5.43 5.73 5.53 5.00 4.30 4.00 4.26 4.78 4.97 4.83 4.89 5.18 5.50 5.71 5.74 5.64 5.44 5.11 4.70 4.36 4.03 3.70 3.37 3.07 2.77
4.78 4.30 3.40 2.75 2.35 2.06 1.79 1.54 1.46 1.38 1.17 1.11 1.32 1.60 1.81 1.85 1.86 2.13 2.65 3.07 3.33 3.44 3.31 3.14 3.40 4.39 5.30 5.30 4.55 3.68 3.27 3.18 3.28 3.33 3.27 3.08 2.80 2.60 2.63 2.89 3.39 4.33 5.17 5.35 4.95 4.55 4.43 4.42 4.34 4.09 3.69 3.40 3.21 3.13 3.16 3.31 3.65 4.29 5.01 5.36 5.10 4.52 3.99 3.59 3.74 4.35 4.84 4.73 4.29 4.29 4.53 4.65 4.58 4.51 4.41 4.15 3.74 3.36 3.14 3.05 2.89 2.71 2.50 2.35
4.64 4.24 3.49 2.91 2.48 2.13 1.78 1.59 1.61 1.61 1.65 1.84 2.12 2.27 2.30 2.33 2.44 2.69 3.00 3.28 3.38 3.49 3.60 3.72 4.09 4.91 5.50 5.30 4.53 3.63 3.13 2.88 2.78 2.79 2.87 2.98 3.01 3.09 3.29 3.61 4.15 4.90 5.40 5.35 4.81 4.37 4.31 4.33 4.16 3.87 3.57 3.37 3.24 3.20 3.26 3.42 3.80 4.46 5.02 4.92 4.31 3.77 3.39 3.28 3.61 4.27 4.73 4.43 3.85 3.78 3.88 3.79 3.60 3.43 3.29 3.16 2.84 2.48 2.19 2.10 2.05 1.88 1.73 1.63
4.55 4.16 3.45 2.89 2.49 2.15 1.87 1.84 1.95 2.14 2.43 2.72 2.84 2.83 2.76 2.79 2.95 3.13 3.31 3.52 3.66 3.89 4.19 4.45 4.84 5.49 5.83 5.47 4.71 3.87 3.36 3.01 2.80 2.80 2.91 3.18 3.51 3.83 4.06 4.26 4.56 5.01 5.30 5.16 4.65 4.23 4.12 4.00 3.78 3.62 3.53 3.40 3.29 3.27 3.36 3.54 3.97 4.56 4.75 4.27 3.58 3.24 3.01 3.01 3.38 4.14 4.59 4.25 3.63 3.45 3.37 3.20 3.03 2.81 2.56 2.41 2.20 1.89 1.60 1.41 1.28 1.10 0.93 0.92
4.48 4.08 3.36 2.80 2.41 2.15 2.05 2.13 2.34 2.68 3.08 3.31 3.39 3.38 3.34 3.33 3.40 3.55 3.68 3.85 4.02 4.34 4.57 4.92 5.46 6.07 6.12 5.60 4.80 4.17 3.78 3.50 3.36 3.32 3.31 3.48 3.73 3.95 4.05 4.10 4.30 4.74 5.03 4.90 4.48 4.04 3.79 3.51 3.28 3.25 3.27 3.25 3.25 3.22 3.45 3.73 4.14 4.38 4.05 3.37 2.94 2.78 2.68 2.88 3.43 4.20 4.42 3.96 3.35 3.11 2.94 2.74 2.63 2.43 2.16 1.92 1.66 1.36 1.01 0.82 0.77 0.65 0.58 0.79
4.41 3.96 3.20 2.64 2.29 2.11 2.08 2.14 2.33 2.70 3.09 3.37 3.60 3.78 3.91 3.96 3.96 4.02 4.11 4.16 4.28 4.57 4.82 5.27 5.87 6.22 6.06 5.37 4.63 4.22 4.04 3.97 3.93 3.75 3.57 3.55 3.57 3.54 3.54 3.70 4.05 4.49 4.76 4.67 4.32 3.89 3.52 3.14 2.87 2.76 2.77 2.87 3.04 3.21 3.42 3.69 3.91 3.74 3.09 2.65 2.52 2.43 2.52 2.96 3.53 4.00 4.01 3.49 2.92 2.63 2.44 2.20 2.04 1.97 1.76 1.45 1.11 0.67 0.51 0.58 0.72 0.71 0.81 1.29
4.27 3.79 2.96 2.48 2.20 2.04 1.98 1.91 1.94 2.18 2.51 2.95 3.41 3.84 4.19 4.39 4.44 4.46 4.46 4.44 4.53 4.81 5.11 5.60 5.97 5.94 5.52 4.90 4.27 3.95 3.87 3.91 3.92 3.73 3.53 3.43 3.35 3.32 3.46 3.75 4.03 4.30 4.47 4.53 4.36 3.95 3.45 2.92 2.47 2.23 2.27 2.50 2.83 2.95 3.25 3.34 3.24 2.79 2.32 2.20 2.17 2.09 2.35 2.82 3.16 3.41 3.46 3.15 2.60 2.17 1.96 1.75 1.63 1.54 1.26 0.89 0.61 0.46 0.46 0.72 1.07 1.30 1.59 2.22
4.09 3.58 2.79 2.41 2.19 2.05 1.99 1.88 1.79 1.87 2.10 2.48 3.00 3.60 4.12 4.45 4.62 4.69 4.74 4.78 4.88 5.12 5.49 5.88 5.89 5.50 4.97 4.39 3.84 3.46 3.28 3.28 3.38 3.40 3.39 3.35 3.33 3.39 3.60 3.84 3.98 4.08 4.27 4.50 4.44 3.90 3.15 2.45 2.11 2.11 2.34 2.72 3.02 3.08 3.00 2.80 2.43 2.03 1.85 1.85 1.80 1.80 2.06 2.45 2.75 3.01 3.22 3.07 2.58 2.17 1.98 1.77 1.53 1.27 0.91 0.61 0.50 0.63 1.03 1.53 1.99 2.35 2.67 3.34
3.91 3.43 2.73 2.40 2.22 2.14 2.12 2.08 2.09 2.17 2.31 2.54 2.91 3.41 3.90 4.29 4.55 4.77 5.01 5.19 5.33 5.58 5.98 6.13 5.80 5.17 4.59 4.07 3.56 3.21 3.03 3.01 3.03 3.08 3.18 3.24 3.28 3.35 3.53 3.74 3.76 3.78 4.06 4.41 4.31 3.52 2.74 2.42 2.54 2.88 3.23 3.46 3.44 3.16 2.84 2.53 2.27 2.08 2.02 1.99 1.95 2.05 2.29 2.62 3.04 3.37 3.51 3.36 3.00 2.71 2.48 2.13 1.62 1.18 0.90 0.82 0.99 1.44 2.00 2.64 3.24 3.72 4.15 5.00
3.75 3.29 2.69 2.41 2.30 2.26 2.27 2.39 2.67 2.95 3.14 3.26 3.43 3.68 3.98 4.34 4.64 5.00 5.33 5.63 5.90 6.13 6.31 6.20 5.60 4.90 4.41 4.08 3.72 3.54 3.50 3.42 3.21 3.09 3.13 3.14 3.17 3.28 3.44 3.46 3.36 3.41 3.81 4.28 4.22 3.64 3.33 3.55 3.88 4.06 4.09 3.93 3.59 3.18 2.96 2.91 2.88 2.87 2.87 2.88 2.94 3.14 3.43 3.82 4.16 4.18 3.93 3.64 3.32 3.01 2.59 2.04 1.51 1.24 1.26 1.50 1.85 2.45 3.26 4.26 5.18 5.79 6.28 6.95
3.59 3.19 2.68 2.47 2.44 2.44 2.47 2.75 3.24 3.74 4.08 4.28 4.37 4.37 4.44 4.70 5.01 5.44 5.77 5.95 6.20 6.37 6.27 5.88 5.25 4.72 4.43 4.25 4.07 3.98 3.95 3.86 3.64 3.51 3.42 3.30 3.25 3.30 3.28 3.15 3.12 3.35 3.83 4.35 4.46 4.24 4.17 4.33 4.41 4.31 4.12 3.83 3.52 3.25 3.19 3.27 3.32 3.40 3.53 3.71 3.93 4.25 4.54 4.69 4.57 4.15 3.61 3.37 3.11 2.64 2.08 1.62 1.42 1.51 1.87 2.32 2.83 3.69 4.96 6.27 7.14 7.60 7.75 7.74
3.48 3.15 2.72 2.57 2.58 2.57 2.63 3.05 3.74 4.40 4.84 5.05 5.12 5.09 5.09 5.28 5.63 6.03 6.15 6.18 5.99 6.14 5.80 5.33 4.83 4.55 4.40 4.27 4.14 4.07 4.01 3.90 3.74 3.62 3.48 3.34 3.29 3.25 3.17 3.16 3.31 3.56 3.98 4.48 4.64 4.39 4.08 3.92 3.69 3.48 3.35 3.29 3.27 3.26 3.23 3.22 3.28 3.42 3.62 3.85 4.17 4.52 4.62 4.38 3.81 3.12 2.75 2.83 2.70 2.20 1.77 1.63 1.77 2.14 2.70 3.25 3.92 5.06 6.50 7.44 7.77 7.74 7.45 7.01
3.40 3.12 2.77 2.68 2.71 2.72 2.91 3.56 4.40 4.89 5.05 5.05 5.10 5.26 5.51 5.87 6.24 6.41 6.21 5.80 5.51 5.36 5.13 4.77 4.49 4.34 4.19 4.05 3.96 3.93 3.85 3.68 3.40 3.18 3.07 3.08 3.13 3.13 3.10 3.11 3.16 3.38 3.87 4.46 4.56 4.11 3.59 3.20 2.97 2.83 2.80 2.89 2.99 3.03 3.03 3.05 3.15 3.28 3.42 3.61 3.92 4.13 3.90 3.25 2.55 2.16 2.23 2.56 2.53 2.23 2.05 2.14 2.54 3.14 3.83 4.47 5.26 6.41 7.32 7.53 6.95 6.08 5.41 5.04
