project/data/elevation/US_DEM2016/US_DEM2016_point_10-30-2019_0528_30m_vel.asc
ncols	125
nrows	167
xllcorner	-2042055.000000
yllcorner	1465035.000000
cellsize	30.000000
NODATA_value	-9999.000000
[rows 38 to 75 of 167, columns 0 to 83 of 125]
5.90 5.87 5.76 5.54 5.20 4.96 4.76 4.41 3.95 3.52 3.62 3.37 3.70 4.33 5.18 5.25 5.23 4.99 5.25 5.57 5.80 5.95 6.12 6.45 6.84 7.18 7.54 7.90 7.94 7.62 6.94 6.13 5.57 5.35 5.44 5.86 6.32 6.55 6.70 7.02 7.51 7.96 8.22 8.14 7.83 7.40 6.76 5.91 5.32 4.89 4.68 4.67 4.66 5.00 5.41 5.52 5.52 5.64 5.63 5.59 5.56 5.38 5.24 4.93 4.42 3.86 3.28 3.04 3.05 3.14 3.38 3.64 3.89 4.28 4.57 4.83 5.24 6.03 7.03 8.05 8.81 9.35 9.53 9.27
5.66 5.37 5.06 4.85 4.54 4.38 4.26 4.11 3.93 3.78 3.75 3.78 3.85 4.50 4.89 4.88 4.98 4.97 4.70 4.54 4.42 4.41 4.55 4.93 5.57 6.27 6.87 7.47 7.90 8.01 7.69 7.01 6.36 6.00 6.12 6.63 7.04 7.29 7.35 7.38 7.56 7.76 8.04 8.15 8.01 7.57 6.77 5.98 5.39 4.87 4.69 4.78 4.82 4.96 5.38 5.60 5.69 5.79 5.61 5.32 4.94 4.48 4.03 3.89 3.75 3.50 3.03 2.72 2.68 2.71 2.90 3.25 3.59 3.92 4.20 4.41 4.61 5.06 5.72 6.25 6.54 7.23 8.46 9.25
5.39 5.07 4.73 4.52 4.39 4.30 4.31 4.38 4.46 4.56 4.66 4.72 4.64 4.57 5.19 5.00 4.86 4.86 4.47 3.98 3.80 3.90 4.17 4.57 5.21 5.81 6.35 6.91 7.46 7.90 8.01 7.68 7.24 7.13 7.34 7.72 8.04 8.21 8.02 7.65 7.45 7.11 7.00 7.34 7.57 7.65 7.33 7.02 6.65 6.23 5.71 5.41 5.24 5.11 5.31 5.46 5.55 5.60 5.42 5.13 4.71 3.99 3.06 2.69 2.61 2.60 2.66 2.65 2.59 2.49 2.48 2.85 3.36 3.67 3.90 4.09 4.21 4.41 4.80 5.20 5.36 5.83 7.22 8.86
5.42 5.22 5.03 4.94 4.92 4.92 4.92 4.99 5.13 5.30 5.43 5.42 5.27 5.15 5.09 5.05 5.06 5.00 4.74 4.39 4.32 4.47 4.72 4.94 5.14 5.40 5.66 6.06 6.70 7.34 7.94 8.00 7.98 8.06 8.23 8.36 8.41 8.28 8.00 7.61 7.19 6.67 6.27 6.30 6.85 7.17 7.23 7.15 7.19 7.17 6.91 6.23 5.59 5.18 5.11 5.11 5.02 4.93 4.92 5.02 4.89 4.27 3.27 2.73 2.62 2.69 2.82 2.82 2.69 2.52 2.44 2.64 3.05 3.32 3.49 3.65 3.89 4.16 4.42 4.74 5.01 5.20 5.95 7.53
5.61 5.56 5.54 5.54 5.52 5.47 5.41 5.45 5.62 5.82 5.87 5.74 5.48 5.45 5.53 5.56 5.53 5.51 5.45 5.38 5.40 5.51 5.63 5.72 5.78 5.76 5.73 5.85 6.28 6.82 7.59 7.99 8.37 8.65 8.62 8.26 7.76 7.29 6.94 6.80 6.64 6.24 5.72 5.59 5.97 6.39 6.49 6.26 6.33 6.53 6.60 6.25 5.67 5.14 5.00 5.01 4.88 4.71 4.77 5.24 5.45 5.15 4.40 3.91 3.77 3.63 3.37 3.08 2.98 2.92 2.74 2.62 2.66 2.66 2.64 2.81 3.30 3.82 4.06 4.36 4.77 5.04 5.52 6.55
5.67 5.68 5.73 5.78 5.80 5.84 5.91 6.05 6.20 6.27 6.19 5.99 5.72 5.85 5.73 5.80 5.88 5.95 6.04 6.12 6.27 6.43 6.49 6.47 6.42 6.28 6.20 6.22 6.40 6.65 7.23 7.72 8.14 8.41 8.32 7.84 7.08 6.35 5.90 5.88 6.06 5.91 5.41 5.05 5.28 5.72 5.79 5.30 4.81 4.55 4.63 4.96 5.09 5.01 5.05 5.29 5.41 5.45 5.62 6.00 6.25 6.14 5.67 5.23 4.74 4.26 3.94 3.80 3.69 3.36 2.90 2.48 2.28 2.17 2.02 2.18 2.70 3.28 3.48 3.74 4.38 5.02 5.52 5.94
5.69 5.75 5.90 6.04 6.24 6.52 6.79 6.94 6.91 6.74 6.51 6.27 6.02 5.90 5.83 5.93 6.06 6.19 6.30 6.41 6.57 6.65 6.64 6.54 6.39 6.23 6.20 6.26 6.44 6.67 7.17 7.36 7.48 7.45 7.41 7.31 6.98 6.36 5.56 5.18 5.28 5.43 5.18 4.75 4.75 5.16 5.08 4.53 3.86 3.47 3.45 3.74 4.19 4.57 5.03 5.56 5.92 6.16 6.34 6.50 6.72 6.72 6.29 5.69 5.03 4.69 4.63 4.47 3.98 3.22 2.71 2.49 2.36 2.23 2.16 2.27 2.68 3.11 3.21 3.30 3.86 4.64 5.09 5.29
5.87 6.04 6.34 6.59 6.81 7.04 7.24 7.32 7.24 7.00 6.72 6.50 6.33 6.21 6.30 6.39 6.44 6.48 6.52 6.48 6.35 6.17 6.06 6.02 6.04 6.01 6.00 6.09 6.41 6.76 7.13 6.97 6.68 6.44 6.36 6.57 6.69 6.48 5.66 4.91 4.59 4.77 4.77 4.42 4.41 4.73 4.75 4.47 4.24 4.12 3.94 3.74 3.76 4.19 4.93 5.60 5.88 6.04 6.15 6.36 6.62 6.79 6.51 6.00 5.59 5.38 5.05 4.45 3.70 3.19 3.03 3.09 3.09 3.00 2.92 2.96 3.21 3.42 3.58 3.43 3.69 4.11 4.53 4.84
5.97 6.20 6.59 6.83 6.91 6.90 6.86 6.84 6.83 6.74 6.61 6.45 6.45 6.59 6.79 6.87 6.85 6.75 6.60 6.38 6.06 5.74 5.57 5.59 5.75 5.87 5.95 6.14 6.48 6.73 6.77 6.43 6.04 5.76 5.58 5.60 5.82 6.08 5.82 5.06 4.36 4.28 4.42 4.45 4.60 4.88 5.03 4.90 4.77 4.49 4.11 3.83 3.94 4.48 5.19 5.55 5.67 5.78 5.94 6.25 6.50 6.76 6.72 6.43 6.02 5.53 4.70 4.17 3.98 4.04 4.19 4.22 4.17 4.08 4.05 4.06 4.06 4.02 3.95 3.95 4.55 4.20 4.46 4.79
5.83 5.96 6.27 6.50 6.51 6.37 6.18 6.03 6.00 6.08 6.12 6.07 6.30 6.31 6.50 6.64 6.70 6.61 6.40 6.16 5.89 5.63 5.45 5.41 5.51 5.65 5.81 6.08 6.36 6.40 6.18 5.82 5.65 5.39 5.06 4.88 4.97 5.39 5.69 5.47 4.73 4.42 4.54 4.86 5.08 5.33 5.35 4.94 4.36 3.84 3.69 3.87 4.56 5.47 5.94 5.94 5.91 5.99 6.15 6.38 6.58 6.85 6.81 6.49 5.98 5.32 4.82 4.79 5.14 5.52 5.72 5.71 5.63 5.52 5.39 5.30 5.19 5.00 4.86 4.82 4.63 4.59 4.74 4.90
5.70 5.73 5.76 5.92 6.02 5.92 5.71 5.50 5.42 5.48 5.60 5.64 5.62 5.71 5.75 5.86 6.04 6.15 6.13 5.98 5.75 5.50 5.32 5.22 5.21 5.30 5.40 5.65 5.97 5.99 5.88 5.73 5.63 5.38 4.86 4.38 4.34 4.70 5.24 5.45 5.06 4.59 4.46 4.62 4.82 5.15 5.28 4.77 4.12 3.87 4.12 4.94 6.01 6.72 6.94 6.64 6.38 6.26 6.34 6.59 6.87 7.17 7.13 6.79 6.54 6.47 6.69 7.09 7.47 7.75 7.83 7.80 7.71 7.60 7.43 7.26 7.07 6.75 6.33 5.79 5.16 4.79 4.86 4.87
5.79 5.79 5.61 5.53 5.66 5.77 5.69 5.50 5.36 5.37 5.54 5.67 5.73 5.63 5.63 5.66 5.78 5.92 5.99 5.88 5.62 5.33 5.12 5.00 4.96 4.99 5.01 5.23 5.58 5.65 5.70 5.76 5.79 5.71 5.24 4.45 4.15 4.16 4.53 4.92 4.80 4.33 3.95 3.83 4.07 4.60 5.16 5.09 4.74 4.81 5.63 6.73 7.46 7.71 7.52 7.00 6.60 6.42 6.49 6.85 7.22 7.65 7.77 7.78 7.85 8.22 8.73 9.22 9.60 9.79 9.86 9.84 9.79 9.72 9.56 9.32 9.04 8.67 8.00 7.00 5.94 5.13 4.86 4.71
5.87 5.90 5.73 5.49 5.50 5.73 5.92 5.88 5.75 5.79 6.07 6.32 6.43 6.36 6.24 6.16 6.08 6.02 5.95 5.82 5.59 5.29 5.01 4.84 4.79 4.86 4.92 5.12 5.29 5.23 5.13 5.32 5.52 5.80 5.82 5.27 4.65 4.24 4.28 4.63 4.68 4.43 4.19 4.08 4.22 4.67 5.45 5.87 6.01 6.55 7.45 7.99 8.15 7.84 7.42 6.88 6.57 6.44 6.39 6.53 6.84 7.41 7.85 8.03 8.30 8.62 8.93 9.28 9.52 9.67 9.79 9.89 9.93 9.91 9.80 9.60 9.38 9.15 8.76 8.18 7.34 6.31 5.31 4.72
5.81 5.79 5.69 5.61 5.52 5.61 5.88 6.08 6.09 6.16 6.54 6.95 7.07 7.00 6.83 6.55 6.26 6.03 5.90 5.81 5.66 5.39 5.05 4.76 4.68 4.81 4.94 5.04 4.95 4.60 4.47 4.59 4.81 5.39 5.87 5.91 5.40 4.98 4.94 5.18 5.36 5.45 5.51 5.45 5.46 5.79 6.60 7.44 8.21 8.70 8.80 8.59 8.09 7.40 6.96 6.51 6.23 6.00 5.77 5.63 5.80 6.23 6.98 7.33 7.48 7.39 7.16 7.04 6.92 7.01 7.24 7.59 7.74 7.80 7.75 7.70 7.79 7.79 7.76 7.80 7.69 7.28 6.51 5.44
5.65 5.44 5.24 5.27 5.30 5.39 5.63 5.96 6.16 6.20 6.48 6.90 7.05 7.04 6.83 6.45 6.03 5.75 5.67 5.64 5.53 5.33 5.07 4.78 4.65 4.73 4.84 4.87 4.61 4.09 3.96 4.05 4.21 4.63 5.38 5.77 5.78 5.71 5.81 6.13 6.40 6.55 6.60 6.68 6.88 7.31 7.98 8.69 9.23 9.37 9.12 8.49 7.79 7.06 6.60 6.18 5.83 5.47 5.26 5.13 5.22 5.50 5.91 6.29 6.27 5.64 4.96 4.32 4.02 4.02 4.23 4.62 4.89 4.94 5.05 5.12 5.41 5.58 5.63 5.83 6.29 6.57 6.50 6.04
5.50 5.17 4.80 4.70 4.78 5.00 5.32 5.70 6.04 6.11 6.63 6.34 6.31 6.31 6.17 5.88 5.54 5.28 5.20 5.23 5.20 5.10 5.02 4.93 4.82 4.75 4.77 4.78 4.55 4.16 4.00 4.02 4.10 4.28 4.71 5.29 5.68 5.78 5.95 6.31 6.67 6.80 6.91 7.12 7.52 7.95 8.33 8.60 8.68 8.61 8.41 8.05 7.50 6.95 6.51 6.13 5.80 5.51 5.46 5.43 5.50 5.60 5.67 5.82 5.59 4.88 4.13 3.63 3.42 3.29 3.08 2.91 2.94 3.05 3.17 3.33 3.66 3.96 4.01 3.88 3.98 4.27 4.50 4.70
5.48 5.19 4.83 4.66 4.61 4.64 4.79 5.17 5.56 5.70 5.56 5.66 5.17 5.17 5.09 5.03 4.90 4.68 4.60 4.78 5.03 5.13 5.17 5.19 5.07 4.93 4.87 4.91 4.91 4.82 4.65 4.44 4.28 4.15 4.23 4.77 5.23 5.34 5.42 5.65 6.03 6.31 6.55 6.91 7.39 7.67 7.70 7.44 6.99 6.99 7.28 7.49 7.32 6.97 6.60 6.29 6.00 5.84 5.89 5.84 5.78 5.74 5.63 5.73 5.61 5.08 4.61 4.30 4.02 3.61 3.01 2.30 1.91 1.80 1.86 2.02 2.32 2.65 2.75 2.51 2.28 2.26 2.52 3.01
5.64 5.48 5.34 5.23 5.05 4.72 4.39 4.41 4.75 4.97 4.91 5.21 4.32 4.31 4.31 4.67 4.31 4.21 4.20 4.52 5.03 5.43 5.57 5.51 5.39 5.25 5.17 5.22 5.27 5.29 5.06 4.70 4.33 4.02 3.98 4.40 4.87 5.08 5.08 5.15 5.37 5.71 6.05 6.54 6.93 6.98 6.66 6.14 5.93 6.01 6.38 6.82 6.96 6.85 6.51 6.26 6.01 5.86 5.84 5.65 5.41 5.23 5.22 5.49 5.69 5.50 5.20 4.89 4.26 3.56 2.83 2.26 1.84 1.52 1.36 1.31 1.36 1.53 1.65 1.71 1.81 2.07 2.63 3.26
5.90 5.99 6.13 6.09 5.84 5.40 4.75 4.44 4.50 4.69 4.71 5.24 5.01 4.38 4.42 4.36 4.36 4.37 4.44 4.75 5.26 5.79 6.01 6.02 5.95 5.87 5.75 5.65 5.56 5.50 5.22 5.00 4.80 4.54 4.40 4.68 5.19 5.50 5.49 5.45 5.51 5.68 5.93 6.34 6.45 6.17 5.59 5.25 5.10 5.18 5.53 6.05 6.43 6.40 6.12 5.89 5.67 5.44 5.22 4.87 4.58 4.47 4.69 5.16 5.66 5.73 5.44 4.94 4.19 3.57 3.15 2.97 2.82 2.41 1.89 1.41 1.10 1.09 1.58 1.90 2.40 3.18 4.11 4.63
6.07 6.33 6.63 6.69 6.56 6.26 5.77 5.36 5.13 5.10 6.04 5.00 5.02 5.20 5.35 5.40 5.41 5.47 5.48 5.58 5.87 6.28 6.56 6.72 6.78 6.75 6.53 6.24 6.09 6.13 6.17 6.12 6.02 5.79 5.49 5.56 5.97 6.28 6.38 6.36 6.31 6.15 6.10 6.18 5.98 5.36 4.84 4.42 4.28 4.36 4.70 5.28 5.82 5.85 5.69 5.50 5.25 4.90 4.54 4.32 4.29 4.45 4.89 5.34 5.72 5.68 5.30 4.78 4.24 4.07 4.13 4.13 3.78 3.23 2.69 2.36 2.27 2.35 2.61 3.18 4.09 5.07 5.62 5.61
6.03 6.17 6.40 6.61 6.80 6.86 6.61 6.20 5.78 5.47 5.35 5.43 5.71 6.07 6.45 6.65 6.80 6.91 6.96 6.92 6.96 7.00 7.14 7.32 7.44 7.35 7.13 6.82 6.68 6.69 6.79 6.72 6.61 6.43 6.13 5.99 6.15 6.42 6.70 6.88 6.85 6.61 6.30 5.92 5.26 4.57 4.05 3.71 3.56 3.56 3.85 4.43 5.03 5.36 5.41 5.31 5.14 4.90 4.75 4.84 5.03 5.38 5.83 6.15 6.22 5.94 5.46 5.14 4.98 5.04 5.13 4.91 4.34 3.72 3.37 3.31 3.42 3.69 4.23 5.05 5.90 6.30 6.24 5.80
5.90 5.81 5.85 6.06 6.42 6.76 6.83 6.52 6.02 5.54 6.69 5.36 5.77 6.32 6.78 7.12 7.34 7.52 7.67 7.69 7.57 7.41 7.37 7.44 7.48 7.41 7.28 7.07 6.94 6.77 6.38 6.01 5.84 5.87 5.89 5.93 6.01 6.20 6.46 6.76 6.92 6.75 6.32 5.61 4.59 3.74 3.25 3.04 2.91 2.92 3.05 3.46 4.23 4.92 5.29 5.43 5.46 5.45 5.51 5.56 5.76 6.17 6.63 7.04 7.13 7.08 6.52 6.16 6.13 6.10 5.73 5.20 4.72 4.53 4.56 4.72 5.07 5.58 6.24 6.81 6.97 6.69 6.13 5.55
5.84 5.68 5.54 5.54 5.65 5.88 6.16 6.21 5.94 5.47 5.05 4.93 5.14 5.55 5.96 6.26 6.47 6.56 6.61 6.68 6.75 6.75 6.74 6.70 6.64 6.67 6.68 6.72 6.77 6.76 6.41 5.78 5.36 5.31 5.64 6.01 6.27 6.38 6.44 6.52 6.59 6.35 5.96 5.33 4.41 3.45 2.91 2.74 2.76 2.84 2.91 3.16 3.85 4.71 5.35 5.77 6.02 6.17 6.19 6.07 6.16 6.66 7.20 7.61 7.92 8.24 8.06 7.42 7.07 6.91 6.41 5.94 5.84 6.21 6.64 7.04 7.48 7.86 8.04 7.84 7.28 6.56 5.92 5.40
5.70 5.46 5.22 5.14 4.94 4.87 5.10 5.43 5.47 5.10 4.56 4.16 3.98 4.03 4.23 4.41 4.56 4.52 4.25 4.15 4.56 5.02 5.13 5.02 4.93 5.19 5.58 5.84 6.13 6.54 6.80 6.74 6.42 6.12 6.06 6.25 6.41 6.42 6.28 6.10 5.96 5.82 5.63 5.41 4.89 4.15 3.64 3.56 3.65 3.76 3.86 4.05 4.44 4.99 5.47 5.89 6.29 6.66 6.83 6.95 7.18 7.56 7.68 7.70 7.99 8.52 8.69 8.46 8.17 8.03 7.93 7.88 8.13 8.52 8.79 8.98 9.10 9.07 8.76 8.04 7.22 6.53 5.99 5.44
5.42 5.07 4.76 4.73 4.64 4.52 4.53 4.77 4.95 4.71 4.13 3.48 2.93 2.58 2.46 2.55 2.75 2.84 2.75 2.59 2.66 3.00 3.22 3.30 3.55 4.05 4.72 5.08 5.36 5.67 6.23 6.77 7.01 6.95 6.57 6.24 5.98 5.84 5.63 5.41 5.33 5.54 5.73 5.93 5.92 5.84 5.59 5.43 5.36 5.35 5.40 5.40 5.39 5.46 5.53 5.72 6.06 6.55 7.08 7.59 7.97 7.94 7.58 7.13 7.00 7.52 8.21 8.47 8.71 8.93 9.15 9.32 9.49 9.54 9.44 9.26 9.05 8.72 8.19 7.59 7.03 6.54 6.06 5.46
5.35 5.07 4.73 4.60 4.59 4.60 4.56 4.62 4.77 4.69 4.24 3.56 2.84 2.24 1.84 1.68 2.09 2.42 2.85 2.83 2.49 2.20 2.16 2.47 3.05 3.77 4.49 4.77 4.84 4.79 5.04 5.58 6.21 6.57 6.36 5.78 5.20 4.88 4.85 4.86 4.99 5.43 5.94 6.43 6.74 7.04 7.10 6.89 6.64 6.46 6.15 5.86 5.71 5.70 5.68 5.74 6.00 6.49 7.04 7.43 7.52 7.21 6.69 6.14 6.01 6.36 7.05 7.67 8.16 8.59 8.79 8.82 8.76 8.60 8.35 8.00 7.56 7.06 6.81 6.63 6.37 6.07 5.74 5.29
5.58 5.47 5.28 5.06 4.94 4.92 4.91 4.93 4.97 4.97 4.78 4.35 3.82 3.18 2.58 2.17 2.00 2.83 3.67 4.02 3.74 3.10 2.65 2.69 3.23 4.05 4.66 4.79 4.66 4.38 4.27 4.40 4.89 5.35 5.55 5.37 5.00 4.71 4.70 4.96 5.30 5.79 6.12 6.47 6.75 7.05 7.17 7.17 7.04 6.71 6.08 5.66 5.61 5.75 5.83 5.92 6.15 6.59 6.87 6.80 6.43 5.91 5.55 5.40 5.49 5.76 6.12 6.59 7.03 7.32 7.39 7.23 6.88 6.64 6.57 6.40 5.93 5.38 5.12 5.25 5.24 5.06 4.84 4.59
5.71 5.73 5.74 5.64 5.48 5.35 5.34 5.46 5.54 5.63 5.67 5.57 5.32 4.79 4.12 3.50 3.16 3.37 4.02 4.77 4.97 4.67 4.12 3.82 4.06 4.63 5.06 5.20 5.11 4.70 4.33 4.04 4.01 4.34 4.92 5.43 5.69 5.79 5.84 5.94 6.13 6.31 6.23 6.19 6.26 6.39 6.52 6.69 6.78 6.68 6.22 5.83 5.73 5.81 5.89 5.97 6.15 6.43 6.47 6.10 5.62 5.23 5.06 5.05 5.09 5.20 5.34 5.64 5.98 6.13 6.16 6.03 5.65 5.19 4.97 5.09 4.87 4.26 3.67 3.66 3.90 3.74 3.51 3.34
5.73 5.77 5.85 5.79 5.70 5.64 5.75 5.99 6.27 6.58 6.80 6.87 6.62 6.12 5.44 4.74 4.13 3.86 4.09 4.90 5.60 5.90 5.78 5.40 5.20 5.44 5.72 5.89 5.96 5.67 5.28 4.83 4.50 4.60 5.15 5.85 6.40 6.78 6.87 6.76 6.59 6.40 6.10 5.91 5.86 5.80 5.84 5.93 6.09 6.25 6.25 6.05 5.88 5.90 5.97 6.09 6.27 6.35 6.06 5.55 5.14 4.91 4.84 4.77 4.74 4.84 5.00 5.16 5.24 5.30 5.25 5.20 5.09 4.59 3.98 3.88 3.98 3.62 2.86 2.48 2.62 2.64 2.43 2.32
5.76 5.81 5.89 5.77 5.64 5.64 5.82 6.12 6.58 7.01 7.39 7.56 7.52 7.25 6.75 6.04 5.23 4.58 4.46 4.96 5.69 6.40 6.56 6.42 6.26 6.38 6.41 6.36 6.41 6.41 6.32 6.10 5.80 5.67 5.82 6.09 6.32 6.51 6.59 6.47 6.27 6.09 5.86 5.67 5.51 5.22 5.10 5.06 5.08 5.28 5.62 5.76 5.73 5.84 6.01 6.25 6.30 6.02 5.41 4.87 4.65 4.62 4.64 4.72 4.79 4.92 4.95 4.81 4.55 4.47 4.44 4.35 4.46 4.33 3.73 3.24 3.24 3.21 2.54 2.08 2.05 1.78 2.18 2.18
5.76 5.79 5.83 5.70 5.52 5.47 5.51 5.61 5.84 6.21 6.69 7.16 7.58 7.81 7.77 7.40 6.64 5.70 5.15 5.18 5.53 6.22 6.69 6.89 6.96 6.94 6.69 6.31 6.14 6.28 6.55 6.70 6.64 6.35 6.09 5.92 5.79 5.71 5.74 5.87 5.93 5.90 5.78 5.59 5.28 4.87 4.64 4.48 4.36 4.36 4.59 4.91 5.18 5.43 5.78 5.90 5.66 5.13 4.47 4.18 4.18 4.28 4.48 4.74 4.84 4.79 4.64 4.26 3.69 3.39 3.40 3.24 3.18 3.49 3.48 3.09 2.90 2.92 2.71 2.38 2.25 2.30 2.48 2.74
5.68 5.65 5.60 5.57 5.48 5.39 5.26 5.03 4.77 4.66 4.90 5.62 6.58 7.40 7.94 8.10 7.79 7.03 6.12 5.66 5.66 6.10 6.55 6.97 7.14 6.95 6.50 6.02 5.58 5.52 5.77 6.11 6.32 6.20 5.96 5.73 5.56 5.53 5.72 5.94 5.97 5.92 5.85 5.77 5.52 5.14 4.82 4.43 4.03 3.78 3.82 4.20 4.72 5.21 5.34 5.10 4.52 3.95 3.67 3.61 3.62 3.65 3.90 4.17 4.19 4.21 4.26 4.00 3.32 2.70 2.50 2.39 2.32 2.56 2.92 3.01 3.00 2.82 3.14 3.12 3.09 3.10 3.29 3.71
5.61 5.53 5.45 5.52 5.55 5.50 5.36 5.10 4.61 4.04 3.70 3.94 4.84 6.03 7.07 7.76 8.05 7.86 7.21 6.51 6.29 6.39 6.62 6.97 7.11 6.90 6.43 5.83 5.22 4.82 4.67 4.79 5.18 5.52 5.68 5.72 5.71 5.76 5.94 6.06 6.00 5.92 5.93 5.98 5.84 5.38 4.86 4.24 3.91 3.91 4.17 4.63 5.04 5.17 5.14 4.50 3.82 3.45 3.35 3.29 3.19 3.08 3.07 3.21 3.48 3.90 4.46 4.57 4.08 3.44 3.12 2.95 2.77 2.73 2.92 3.16 3.38 3.63 3.85 4.01 4.14 4.32 4.55 5.04
5.64 5.55 5.50 5.57 5.67 5.68 5.63 5.57 5.36 4.84 4.12 3.68 3.88 4.65 5.74 6.74 7.49 7.95 7.88 7.48 7.23 7.21 7.28 7.35 7.29 7.10 6.72 6.12 5.43 4.92 4.58 4.51 4.64 4.93 5.28 5.56 5.69 5.71 5.76 5.87 5.79 5.70 5.72 5.81 5.74 5.22 4.73 4.51 4.73 5.21 5.62 5.80 5.78 5.56 5.36 4.77 4.52 4.39 4.25 4.04 3.83 3.63 3.50 3.58 4.10 4.80 5.54 5.86 5.67 5.21 4.77 4.39 3.92 3.63 3.59 3.72 3.98 4.31 4.61 4.98 5.45 6.00 6.47 7.16
5.67 5.56 5.53 5.65 5.80 5.85 5.88 6.03 6.25 6.26 5.84 5.15 4.70 4.73 5.22 6.11 6.96 7.80 8.21 8.24 8.20 8.12 7.96 7.72 7.42 7.26 7.15 6.89 6.37 6.03 5.79 5.56 5.29 5.18 5.29 5.48 5.59 5.61 5.57 5.46 5.34 5.32 5.42 5.58 5.68 5.64 5.71 6.07 6.47 6.73 6.76 6.53 6.18 5.83 5.65 5.65 5.75 5.85 5.85 5.75 5.63 5.58 5.61 5.80 6.09 6.36 6.57 6.71 6.57 6.10 5.52 4.95 4.40 4.15 4.20 4.41 4.68 5.06 5.61 6.47 7.52 8.44 9.09 9.60
5.66 5.55 5.54 5.70 5.92 6.01 6.10 6.34 6.77 7.23 7.39 7.20 6.76 6.24 6.04 6.33 6.95 7.83 8.53 8.83 8.93 8.72 8.18 7.68 7.30 7.23 7.38 7.48 7.32 7.00 6.71 6.50 6.23 6.02 5.84 5.75 5.71 5.59 5.38 5.18 5.18 5.39 5.60 5.84 6.05 6.26 6.55 6.85 6.92 6.74 6.55 6.37 6.20 5.96 5.86 5.93 6.02 6.25 6.54 6.79 6.94 7.07 7.11 7.07 6.86 6.55 6.31 6.44 6.40 5.93 5.29 4.79 4.52 4.45 4.64 5.02 5.50 6.14 7.09 8.34 9.48 10.30 10.62 10.56
5.69 5.63 5.64 5.81 6.02 6.12 6.14 6.37 6.97 7.70 8.24 8.45 8.35 8.00 7.53 7.29 7.54 8.14 8.64 8.92 9.00 8.68 8.02 7.39 7.00 6.92 7.14 7.46 7.53 7.29 6.90 6.59 6.30 6.09 5.87 5.71 5.64 5.47 5.29 5.32 5.52 5.69 5.82 6.03 6.17 6.08 5.95 5.86 5.57 5.27 5.16 5.33 5.63 5.72 5.60 5.56 5.64 5.85 6.18 6.54 6.86 7.07 6.95 6.58 6.00 5.41 5.15 5.58 5.98 5.80 5.24 4.92 4.85 4.90 5.18 5.70 6.40 7.28 8.32 9.19 9.75 9.96 9.82 9.46
5.76 5.75 5.84 6.03 6.19 6.30 6.38 6.69 7.38 7.88 8.12 8.22 8.30 8.34 8.25 8.21 8.35 8.49 8.43 8.36 8.32 8.08 7.60 7.15 6.81 6.56 6.51 6.84 7.18 7.20 6.90 6.46 5.84 5.42 5.29 5.33 5.39 5.34 5.25 5.22 5.23 5.33 5.51 5.74 5.86 5.60 5.09 4.62 4.46 4.36 4.31 4.48 4.85 5.12 5.22 5.32 5.44 5.52 5.65 5.86 6.12 6.22 5.97 5.38 4.80 4.45 4.41 4.98 5.80 6.08 5.73 5.42 5.42 5.63 6.10 6.77 7.59 8.46 8.96 8.99 8.35 7.35 6.63 6.43
