project/data/elevation/US_DEM2016/US_DEM2016_point_10-30-2019_1740_30m_vel.asc
ncols	125
nrows	167
xllcorner	-2042055.000000
yllcorner	1465035.000000
cellsize	30.000000
NODATA_value	-9999.000000
[rows 111 to 147 of 167, columns 0 to 81 of 125]
9.50 9.54 9.59 9.71 9.94 10.26 10.73 11.34 12.06 12.50 12.47 12.03 11.32 10.56 9.95 9.57 9.32 9.21 9.18 9.37 9.67 9.86 10.06 10.19 10.22 10.03 9.71 9.50 9.46 9.65 9.89 10.08 10.19 10.15 9.90 9.50 9.22 9.18 9.09 8.87 8.69 8.75 8.98 9.41 9.81 10.07 10.23 10.38 10.56 10.83 11.19 11.56 11.93 12.29 12.57 12.49 11.97 11.28 10.46 9.68 9.10 8.75 8.54 8.31 8.09 8.09 8.23 8.37 8.55 8.75 8.94 9.05 9.05 8.97 8.80 8.62 8.58 8.77 9.02 9.06 8.97 8.96
9.30 9.23 9.33 9.66 10.05 10.57 11.18 11.66 11.83 11.55 10.95 10.37 9.83 9.34 8.90 8.55 8.25 8.13 8.26 8.56 8.84 9.16 9.45 9.68 9.92 10.10 9.97 9.68 9.37 9.26 9.28 9.38 9.50 9.64 9.73 9.65 9.46 9.32 9.28 9.40 9.56 9.68 9.81 10.11 10.34 10.43 10.38 10.25 10.14 10.19 10.28 10.47 10.74 11.08 11.46 11.64 11.47 11.00 10.38 9.76 9.24 8.84 8.42 8.05 7.93 8.14 8.43 8.63 8.70 8.66 8.64 8.72 8.78 8.74 8.57 8.35 8.24 8.35 8.65 8.84 8.80 8.70
9.16 9.08 9.18 9.50 9.89 10.41 10.91 11.00 10.65 10.00 9.32 8.71 8.27 7.92 7.59 7.37 7.45 7.74 8.06 8.41 8.86 9.28 9.32 9.26 9.68 10.24 10.45 10.41 10.17 9.70 9.12 8.44 8.07 8.22 8.69 9.11 9.30 9.33 9.42 9.63 9.80 9.92 10.07 10.28 10.30 10.22 10.06 9.86 9.73 9.75 9.74 9.66 9.56 9.46 9.38 9.59 9.81 9.83 9.78 9.63 9.33 8.89 8.41 8.11 8.15 8.39 8.63 8.75 8.68 8.49 8.36 8.36 8.41 8.43 8.39 8.24 8.07 8.01 8.22 8.49 8.44 8.14
9.23 9.20 9.25 9.39 9.63 9.96 10.10 9.70 8.95 8.16 7.45 6.81 6.32 6.06 6.16 6.63 7.42 8.26 8.87 9.31 9.63 9.58 9.14 8.99 9.49 10.05 10.39 10.56 10.57 10.36 10.05 9.47 8.65 8.08 7.95 8.16 8.63 9.12 9.44 9.64 9.86 10.10 10.24 10.21 9.87 9.40 9.17 9.16 9.21 9.39 9.59 9.55 9.36 8.95 8.30 7.86 7.86 8.28 8.77 9.09 9.15 9.02 8.85 8.72 8.67 8.71 8.78 8.74 8.55 8.38 8.30 8.27 8.31 8.34 8.32 8.23 8.13 8.06 8.11 8.22 8.05 7.53
9.41 9.42 9.45 9.44 9.46 9.45 9.19 8.58 7.75 6.97 6.37 5.90 5.62 5.73 6.49 7.65 8.78 9.70 10.35 10.59 10.28 9.50 8.50 8.18 8.58 9.01 9.38 9.82 10.13 10.37 10.67 10.76 10.32 9.31 8.33 8.10 8.63 9.34 9.80 10.04 10.21 10.32 10.28 10.03 9.46 8.71 8.28 8.34 8.63 9.06 9.63 9.92 9.96 9.69 9.00 8.07 7.54 7.59 7.95 8.37 8.73 8.98 9.14 9.20 9.19 9.09 8.87 8.61 8.39 8.29 8.30 8.38 8.44 8.42 8.31 8.20 8.21 8.28 8.33 8.29 7.97 7.48
9.53 9.58 9.57 9.46 9.28 8.98 8.54 8.05 7.72 7.56 7.47 7.35 7.46 8.02 9.01 10.14 10.99 11.32 11.25 10.87 10.21 9.41 8.47 7.72 7.58 7.68 8.13 8.84 9.32 9.61 10.02 10.59 10.91 10.70 10.09 9.76 9.83 10.08 10.22 10.23 10.15 10.05 9.95 9.78 9.37 8.68 8.03 7.90 8.29 8.91 9.54 10.07 10.39 10.45 10.25 9.84 9.27 8.73 8.42 8.44 8.63 8.81 8.95 9.08 9.19 9.13 8.90 8.60 8.32 8.10 8.07 8.19 8.33 8.41 8.38 8.33 8.37 8.49 8.61 8.68 8.60 8.33
9.50 9.49 9.44 9.32 9.09 8.74 8.36 8.14 8.23 8.58 9.01 9.54 10.17 10.84 11.41 11.71 11.63 11.19 10.59 9.96 9.54 9.44 9.19 8.45 7.71 7.40 7.50 8.06 8.53 8.58 8.56 9.06 10.04 10.81 11.06 10.94 10.62 10.26 9.94 9.67 9.49 9.46 9.54 9.61 9.55 9.17 8.42 7.92 8.14 8.68 9.12 9.52 10.01 10.46 10.71 10.83 10.81 10.55 10.04 9.47 9.14 8.93 8.79 8.71 8.71 8.70 8.58 8.44 8.27 8.09 7.98 7.99 8.13 8.33 8.48 8.55 8.64 8.74 8.90 9.18 9.49 9.67
9.38 9.29 9.19 9.13 8.99 8.78 8.57 8.47 8.53 8.87 9.58 10.46 11.27 11.70 11.70 11.23 10.37 9.64 9.22 8.87 8.81 9.12 9.44 9.28 8.73 8.14 7.77 7.82 8.21 8.19 7.72 7.64 8.30 9.46 10.22 10.41 10.17 9.77 9.43 9.19 9.10 9.20 9.38 9.49 9.52 9.43 8.91 8.14 7.99 8.19 8.42 8.65 9.08 9.69 10.22 10.53 10.78 10.93 10.84 10.41 9.79 9.24 8.77 8.39 8.10 7.89 7.80 7.98 8.25 8.39 8.36 8.29 8.31 8.45 8.61 8.77 8.91 9.03 9.20 9.48 9.81 10.14
9.24 9.12 9.02 9.02 8.98 8.89 8.81 8.75 8.84 9.22 9.93 10.61 10.95 10.85 10.38 9.70 9.12 8.76 8.45 8.21 8.14 8.29 8.64 8.93 8.87 8.53 8.20 8.17 8.48 8.63 8.25 7.60 7.44 7.87 8.71 9.28 9.45 9.38 9.32 9.27 9.24 9.27 9.29 9.24 9.20 9.28 9.15 8.57 8.08 7.92 7.90 8.08 8.50 9.12 9.71 10.03 10.11 10.15 10.27 10.28 9.97 9.39 8.80 8.26 7.73 7.38 7.47 7.97 8.49 8.80 8.91 8.88 8.77 8.70 8.70 8.79 8.89 8.98 9.11 9.26 9.39 9.49
9.13 9.05 9.01 9.01 8.98 8.97 9.01 9.08 9.30 9.79 10.30 10.52 10.31 9.84 9.30 8.90 8.70 8.46 8.07 7.73 7.54 7.51 7.78 8.18 8.32 8.25 8.29 8.49 8.80 9.10 9.07 8.51 7.78 7.48 7.70 8.28 8.78 9.09 9.32 9.42 9.41 9.36 9.22 8.96 8.77 8.88 9.04 8.79 8.25 7.90 7.75 7.94 8.42 8.99 9.50 9.77 9.68 9.44 9.37 9.48 9.49 9.23 8.84 8.42 8.10 8.07 8.34 8.66 8.85 8.96 9.05 9.09 9.00 8.82 8.64 8.51 8.47 8.56 8.71 8.85 8.91 8.86
9.20 9.17 9.11 9.02 8.97 9.06 9.26 9.52 9.86 10.26 10.42 10.26 9.91 9.55 9.23 8.95 8.63 8.25 7.97 7.88 7.92 8.05 8.22 8.26 8.19 8.15 8.30 8.52 8.76 9.09 9.31 9.21 8.76 8.19 7.81 7.88 8.31 8.75 9.04 9.24 9.32 9.33 9.12 8.66 8.27 8.28 8.54 8.52 8.10 7.75 7.65 7.82 8.17 8.53 8.90 9.28 9.41 9.25 9.01 8.92 8.98 9.00 8.96 8.93 9.01 9.17 9.26 9.21 9.07 8.94 8.88 8.89 8.90 8.83 8.64 8.42 8.32 8.44 8.61 8.66 8.61 8.52
9.29 9.23 9.08 8.95 8.96 9.09 9.39 9.85 10.37 10.52 10.33 9.95 9.63 9.42 9.20 8.86 8.49 8.32 8.47 8.79 9.03 9.07 8.90 8.64 8.39 8.27 8.29 8.39 8.54 8.84 9.14 9.25 9.13 8.82 8.46 8.31 8.47 8.71 8.83 8.97 9.09 9.04 8.64 8.02 7.60 7.60 7.95 8.13 7.88 7.49 7.27 7.20 7.26 7.47 7.84 8.38 8.88 9.10 9.04 8.92 8.90 8.95 9.02 9.08 9.15 9.21 9.23 9.21 9.19 9.15 9.02 8.86 8.82 8.79 8.67 8.56 8.53 8.54 8.43 8.27 8.12 7.99
9.13 9.01 8.82 8.78 8.88 9.06 9.34 9.72 10.09 10.11 9.80 9.38 9.07 8.79 8.46 8.30 8.39 8.68 8.99 9.11 9.01 8.80 8.68 8.74 8.83 8.72 8.43 8.27 8.28 8.50 8.81 8.91 8.80 8.71 8.78 8.91 8.97 8.93 8.81 8.86 8.73 8.27 7.50 6.96 6.80 6.95 7.41 7.82 7.76 7.35 6.89 6.51 6.29 6.33 6.71 7.32 8.03 8.55 8.75 8.80 8.83 8.91 8.94 8.84 8.73 8.79 8.94 9.07 9.19 9.29 9.27 9.09 8.88 8.68 8.48 8.39 8.27 8.04 7.74 7.60 7.62 7.56
9.06 8.96 8.84 8.81 8.87 8.98 9.10 9.21 9.20 9.05 8.80 8.58 8.33 7.92 7.65 7.98 8.42 8.62 8.48 8.13 7.87 7.91 8.22 8.66 9.02 9.14 8.89 8.47 8.23 8.24 8.55 8.72 8.64 8.60 8.72 8.86 8.89 8.80 8.63 8.53 8.07 7.28 6.72 6.62 6.70 6.84 7.15 7.58 7.73 7.56 7.26 6.89 6.45 6.17 6.22 6.71 7.39 7.91 8.23 8.49 8.69 8.85 8.99 9.12 9.20 9.27 9.24 9.11 8.99 8.98 9.09 9.08 8.83 8.45 8.20 8.02 7.78 7.54 7.42 7.50 7.61 7.51
9.34 9.43 9.36 9.09 8.87 8.78 8.74 8.65 8.47 8.28 8.21 8.23 8.02 7.61 7.58 7.86 7.94 7.70 7.27 6.97 7.07 7.56 8.18 8.70 9.05 9.25 9.26 8.97 8.58 8.33 8.45 8.71 8.73 8.53 8.30 8.12 8.10 8.14 8.14 7.98 7.54 7.19 7.38 7.79 7.97 7.88 7.81 7.90 8.02 8.04 7.92 7.67 7.36 7.03 6.86 6.97 7.29 7.77 8.23 8.55 8.73 8.87 9.12 9.50 9.66 9.57 9.27 8.98 8.77 8.68 8.70 8.74 8.58 8.28 8.01 7.74 7.50 7.39 7.50 7.69 7.74 7.53
9.49 9.57 9.46 9.01 8.64 8.47 8.40 8.28 8.11 8.05 8.14 8.16 7.89 7.53 7.32 7.11 6.82 6.63 6.61 6.77 7.23 7.83 8.42 8.83 9.00 9.08 9.18 9.15 8.89 8.56 8.51 8.74 8.79 8.42 7.87 7.57 7.60 7.82 7.97 7.90 7.86 8.22 8.74 9.09 9.26 9.27 9.14 8.93 8.73 8.51 8.21 7.88 7.68 7.61 7.54 7.48 7.58 8.02 8.47 8.72 8.71 8.78 8.96 9.11 9.00 8.76 8.59 8.59 8.71 8.79 8.70 8.55 8.36 8.18 7.95 7.59 7.17 6.88 6.91 7.21 7.59 7.75
9.09 8.90 8.50 8.26 8.13 8.17 8.21 8.13 8.00 7.91 7.82 7.67 7.47 7.20 6.86 6.54 6.44 6.62 7.12 7.86 8.46 8.78 8.84 8.67 8.42 8.44 8.60 8.71 8.66 8.55 8.57 8.79 8.94 8.73 8.26 8.01 8.10 8.26 8.37 8.46 8.69 8.99 9.18 9.32 9.57 9.90 10.09 10.05 9.75 9.25 8.80 8.41 8.10 7.92 7.84 7.78 7.87 8.15 8.47 8.62 8.54 8.54 8.53 8.38 8.15 8.09 8.26 8.55 8.82 8.93 8.79 8.47 8.24 8.07 7.91 7.72 7.39 6.93 6.61 6.74 7.43 8.16
8.54 8.04 7.51 7.50 7.70 7.97 8.13 8.10 7.96 7.75 7.48 7.28 7.27 7.35 7.39 7.44 7.69 8.19 8.93 9.56 9.86 9.70 9.13 8.42 7.96 7.93 8.03 8.09 8.18 8.27 8.40 8.63 8.97 9.12 9.05 8.97 8.95 8.86 8.78 8.79 8.82 8.80 8.92 9.21 9.65 10.12 10.54 10.77 10.73 10.39 9.91 9.49 9.06 8.63 8.29 8.08 7.98 8.02 8.22 8.45 8.40 8.35 8.26 8.09 8.00 8.24 8.57 8.76 8.68 8.52 8.37 8.24 8.10 7.94 7.82 7.87 8.03 8.01 7.68 7.44 7.76 8.34
8.64 8.21 7.74 7.82 8.06 8.22 8.22 8.12 7.98 7.80 7.62 7.56 7.74 8.15 8.66 9.12 9.60 10.00 10.22 10.25 10.04 9.58 8.97 8.44 8.06 7.91 7.87 7.92 8.04 8.15 8.21 8.35 8.76 9.14 9.25 9.17 9.01 8.84 8.71 8.59 8.47 8.48 8.76 9.20 9.74 10.23 10.57 10.79 10.93 10.84 10.43 9.88 9.40 9.03 8.74 8.46 8.17 7.92 7.96 8.23 8.38 8.40 8.36 8.31 8.40 8.65 8.75 8.51 8.06 7.75 7.74 7.84 7.90 7.94 7.90 7.84 7.98 8.36 8.63 8.62 8.51 8.46
9.12 9.00 8.93 9.12 9.19 8.92 8.48 8.20 8.07 7.99 7.97 8.08 8.42 8.95 9.47 9.87 10.12 10.12 9.90 9.46 8.89 8.36 8.16 8.14 8.09 8.05 8.09 8.25 8.43 8.50 8.43 8.43 8.72 9.09 9.15 8.83 8.53 8.45 8.50 8.52 8.52 8.65 8.98 9.36 9.70 9.93 9.98 9.98 10.08 10.19 9.99 9.63 9.37 9.20 9.03 8.80 8.54 8.29 8.09 8.22 8.47 8.58 8.61 8.65 8.77 8.81 8.54 8.03 7.56 7.45 7.55 7.71 7.83 8.00 8.23 8.20 7.97 7.92 8.29 8.77 8.99 9.06
9.33 9.41 9.60 9.74 9.69 9.38 8.84 8.37 8.17 8.15 8.23 8.42 8.76 9.14 9.37 9.38 9.26 9.06 8.70 8.09 7.46 7.16 7.31 7.71 7.99 8.18 8.39 8.66 8.89 9.04 9.12 9.20 9.35 9.51 9.53 9.24 8.80 8.59 8.59 8.77 9.04 9.37 9.61 9.64 9.55 9.32 9.01 8.83 8.98 9.35 9.55 9.56 9.54 9.42 9.21 9.01 8.86 8.74 8.55 8.50 8.61 8.73 8.84 8.92 8.91 8.65 8.18 7.73 7.58 7.65 7.80 7.94 8.02 8.10 8.28 8.45 8.45 8.21 8.08 8.45 9.18 9.92
9.34 9.43 9.56 9.56 9.51 9.52 9.33 8.86 8.50 8.43 8.44 8.46 8.57 8.67 8.64 8.57 8.51 8.24 7.74 7.23 6.95 7.02 7.41 7.83 8.11 8.31 8.54 8.79 9.03 9.28 9.60 9.92 10.12 10.20 10.24 10.08 9.64 9.20 8.91 9.02 9.40 9.73 9.76 9.55 9.24 8.81 8.32 8.08 8.30 8.89 9.45 9.70 9.69 9.54 9.34 9.18 9.06 9.00 8.88 8.73 8.71 8.81 8.93 8.97 8.86 8.48 7.94 7.66 7.73 7.92 8.07 8.16 8.25 8.31 8.24 8.27 8.56 8.87 8.98 9.15 9.72 10.34
9.41 9.60 9.83 9.84 9.78 9.73 9.75 9.62 9.28 8.94 8.65 8.35 8.13 8.03 8.12 8.30 8.30 7.99 7.67 7.63 7.85 8.10 8.26 8.37 8.45 8.51 8.63 8.81 9.04 9.28 9.54 9.84 10.13 10.38 10.60 10.70 10.56 10.13 9.58 9.30 9.38 9.43 9.39 9.29 9.00 8.56 8.15 7.99 8.21 8.79 9.45 9.85 9.93 9.80 9.59 9.39 9.20 9.07 8.89 8.74 8.69 8.73 8.79 8.80 8.73 8.48 8.12 7.96 8.04 8.21 8.34 8.33 8.27 8.29 8.35 8.42 8.62 9.10 9.71 10.16 10.32 10.13
9.63 9.99 10.46 10.49 10.25 9.89 9.83 9.92 9.80 9.31 8.73 8.25 7.92 7.83 8.00 8.18 8.11 8.01 8.17 8.58 8.94 9.00 8.90 8.83 8.81 8.80 8.83 8.92 9.08 9.28 9.43 9.52 9.64 10.01 10.57 11.09 11.37 11.25 10.73 9.97 9.50 9.24 9.21 9.08 8.71 8.34 8.17 8.24 8.52 9.02 9.57 10.02 10.25 10.18 9.91 9.58 9.29 9.06 8.83 8.74 8.71 8.67 8.63 8.61 8.63 8.57 8.48 8.49 8.57 8.65 8.68 8.59 8.38 8.22 8.37 8.77 9.17 9.62 10.30 10.83 10.68 9.89
9.64 9.91 10.33 10.47 10.35 9.95 9.66 9.56 9.47 9.14 8.64 8.25 8.06 8.02 7.98 7.86 7.85 8.14 8.63 8.99 9.10 9.07 9.00 9.01 9.03 8.98 8.91 8.89 8.96 9.17 9.40 9.47 9.52 9.81 10.36 10.93 11.39 11.62 11.52 10.93 10.01 9.33 8.88 8.52 8.18 8.07 8.22 8.45 8.77 9.24 9.72 10.11 10.35 10.35 10.11 9.75 9.40 9.12 8.86 8.81 8.83 8.80 8.70 8.64 8.68 8.76 8.84 8.96 9.08 9.14 9.12 9.06 8.89 8.68 8.65 9.01 9.77 10.65 11.33 11.48 11.07 10.26
9.31 9.21 9.11 9.27 9.49 9.46 9.20 9.00 9.00 8.97 8.86 8.79 8.79 8.71 8.36 7.94 7.85 8.13 8.41 8.55 8.71 8.90 9.02 9.11 9.11 8.99 8.79 8.65 8.66 8.86 9.11 9.35 9.54 9.71 9.87 10.07 10.36 10.71 10.96 10.82 10.04 9.10 8.32 7.87 7.78 7.91 8.17 8.43 8.85 9.38 9.75 9.94 10.11 10.21 10.13 9.87 9.55 9.23 8.93 8.88 8.98 9.02 8.94 8.82 8.78 8.88 9.05 9.22 9.39 9.53 9.69 9.85 9.87 9.81 9.76 9.93 10.52 11.32 11.76 11.63 11.28 10.90
8.86 8.43 7.69 7.38 7.56 7.92 8.22 8.51 8.88 9.28 9.59 9.82 9.91 9.66 9.05 8.40 8.02 7.87 7.77 7.86 8.27 8.75 9.03 9.15 9.15 9.06 8.84 8.56 8.35 8.38 8.49 8.67 8.86 9.01 8.98 8.94 9.03 9.22 9.39 9.41 9.12 8.55 7.97 7.65 7.71 7.93 8.14 8.47 9.05 9.53 9.66 9.64 9.74 9.93 10.02 9.92 9.68 9.40 9.12 9.08 9.18 9.24 9.19 9.05 8.90 8.92 9.13 9.39 9.61 9.85 10.24 10.70 11.10 11.42 11.64 11.71 11.74 11.78 11.57 11.23 11.24 11.50
8.49 7.89 6.85 6.38 6.33 6.68 7.33 8.02 8.67 9.33 9.86 10.10 10.03 9.66 9.14 8.59 8.13 7.82 7.72 7.93 8.33 8.69 8.92 9.08 9.19 9.23 9.14 8.85 8.39 8.11 8.00 7.92 7.90 7.97 8.04 8.00 7.97 8.03 8.08 8.16 8.20 8.08 7.90 7.88 8.12 8.44 8.75 9.19 9.63 9.74 9.61 9.52 9.59 9.77 9.90 9.91 9.85 9.81 9.81 9.82 9.71 9.54 9.37 9.23 9.14 9.14 9.29 9.54 9.82 10.18 10.72 11.37 12.07 12.63 12.94 12.87 12.48 11.92 11.29 11.01 11.32 11.95
8.44 7.85 6.95 6.68 6.76 7.06 7.50 7.88 8.26 8.75 9.24 9.42 9.21 8.88 8.64 8.42 8.19 8.05 8.14 8.43 8.72 8.92 8.99 9.10 9.21 9.33 9.43 9.39 9.10 8.56 8.15 7.85 7.68 7.58 7.50 7.36 7.21 7.22 7.36 7.58 7.77 7.91 8.12 8.52 8.95 9.35 9.77 10.05 10.04 9.80 9.55 9.49 9.59 9.72 9.81 9.88 10.03 10.27 10.48 10.47 10.11 9.64 9.34 9.29 9.37 9.45 9.48 9.64 9.98 10.51 11.12 11.71 12.22 12.53 12.62 12.42 11.95 11.36 10.88 10.82 11.16 11.73
8.95 8.60 8.28 8.38 8.54 8.58 8.41 8.21 8.19 8.33 8.52 8.60 8.46 8.29 8.24 8.25 8.25 8.27 8.44 8.74 9.00 9.22 9.25 9.22 9.22 9.30 9.47 9.65 9.65 9.33 8.71 8.20 7.83 7.51 7.21 6.97 6.80 6.81 7.02 7.34 7.68 8.10 8.66 9.23 9.62 9.90 10.10 10.08 9.85 9.52 9.31 9.29 9.36 9.46 9.57 9.72 9.95 10.16 10.21 9.95 9.56 9.28 9.15 9.19 9.34 9.48 9.54 9.63 9.91 10.46 11.02 11.34 11.37 11.19 10.96 10.75 10.55 10.37 10.28 10.31 10.39 10.71
9.52 9.56 9.80 10.18 10.38 10.20 9.57 9.10 8.84 8.61 8.31 8.05 7.97 8.02 8.14 8.27 8.37 8.50 8.75 9.07 9.31 9.49 9.41 9.26 9.15 9.18 9.34 9.54 9.65 9.55 9.14 8.55 8.00 7.52 7.15 6.95 6.89 6.92 7.07 7.42 8.01 8.79 9.50 9.88 10.01 9.96 9.85 9.63 9.36 9.14 9.00 8.91 8.87 9.00 9.20 9.38 9.51 9.54 9.34 8.97 8.81 8.84 8.94 9.06 9.14 9.25 9.38 9.51 9.67 9.95 10.24 10.20 9.91 9.55 9.28 9.20 9.37 9.63 9.76 9.78 9.77 9.92
9.58 9.80 10.16 10.44 10.67 10.77 10.66 10.29 9.76 9.12 8.49 8.04 7.91 8.05 8.28 8.50 8.68 8.90 9.17 9.35 9.43 9.38 9.17 8.99 8.92 8.96 9.09 9.23 9.30 9.28 9.10 8.71 8.25 7.80 7.44 7.27 7.24 7.26 7.44 7.97 8.88 9.73 10.15 10.17 9.97 9.73 9.55 9.34 9.12 8.94 8.78 8.65 8.54 8.74 8.95 9.04 8.93 8.72 8.45 8.27 8.29 8.48 8.71 8.85 8.87 8.92 9.10 9.33 9.54 9.67 9.61 9.29 8.99 8.83 8.77 8.92 9.31 9.66 9.76 9.73 9.76 9.83
9.40 9.57 9.80 9.82 9.85 9.98 10.34 10.36 9.96 9.32 8.75 8.41 8.28 8.36 8.58 8.85 9.11 9.33 9.43 9.32 9.08 8.81 8.66 8.64 8.69 8.75 8.77 8.74 8.80 8.91 8.90 8.73 8.48 8.17 7.91 7.81 7.81 7.88 8.20 8.95 9.71 10.02 9.91 9.64 9.43 9.33 9.31 9.24 9.08 8.87 8.71 8.62 8.66 8.78 8.87 8.85 8.57 8.07 7.68 7.61 7.79 8.14 8.45 8.57 8.61 8.73 8.95 9.20 9.46 9.61 9.53 9.28 9.08 8.97 8.99 9.30 9.82 10.20 10.29 10.18 10.06 9.96
9.28 9.43 9.65 9.65 9.39 8.99 8.95 9.16 9.27 9.14 8.87 8.68 8.61 8.65 8.81 9.06 9.30 9.39 9.24 8.88 8.49 8.23 8.20 8.42 8.64 8.75 8.75 8.68 8.76 8.90 8.93 8.82 8.62 8.42 8.32 8.38 8.58 8.84 9.18 9.54 9.63 9.39 9.09 8.92 8.92 9.05 9.20 9.20 9.00 8.78 8.65 8.67 8.69 8.76 8.84 8.89 8.78 8.45 8.00 7.74 7.78 8.01 8.24 8.39 8.54 8.73 8.95 9.14 9.24 9.27 9.34 9.41 9.28 9.08 9.08 9.53 10.24 10.70 10.79 10.62 10.31 10.05
9.27 9.34 9.41 9.31 9.02 8.42 7.93 7.87 8.20 8.51 8.62 8.63 8.64 8.68 8.77 8.90 8.97 8.82 8.43 8.01 7.70 7.59 7.79 8.27 8.74 9.02 9.14 9.18 9.24 9.25 9.15 8.94 8.69 8.54 8.54 8.71 9.02 9.32 9.39 9.21 8.88 8.65 8.60 8.69 8.84 8.98 9.10 9.11 8.92 8.70 8.59 8.52 8.45 8.54 8.80 9.06 9.27 9.33 9.08 8.79 8.53 8.27 8.22 8.34 8.54 8.75 8.97 9.10 9.09 9.07 9.21 9.42 9.39 9.32 9.53 10.18 10.80 10.98 10.84 10.59 10.26 10.06
9.24 9.11 8.62 7.96 7.56 7.32 7.19 7.25 7.51 7.86 8.18 8.40 8.52 8.60 8.66 8.62 8.43 8.10 7.76 7.53 7.46 7.58 7.95 8.49 8.90 9.18 9.39 9.47 9.42 9.30 9.20 9.03 8.79 8.66 8.68 8.80 8.97 9.09 9.00 8.75 8.52 8.43 8.56 8.80 8.96 8.98 8.91 8.84 8.77 8.65 8.46 8.26 8.24 8.50 8.89 9.24 9.58 9.87 9.97 9.86 9.46 8.82 8.41 8.41 8.59 8.81 9.02 9.19 9.35 9.55 9.67 9.66 9.73 10.04 10.59 11.06 11.18 10.88 10.57 10.41 10.20 10.11
9.01 8.74 8.09 7.12 6.44 6.49 6.85 7.19 7.49 7.83 8.16 8.36 8.46 8.55 8.61 8.53 8.35 8.25 8.34 8.45 8.50 8.59 8.77 8.86 8.89 8.94 9.09 9.11 8.86 8.67 8.78 8.88 8.84 8.77 8.80 8.87 8.95 9.03 9.06 9.02 8.79 8.57 8.61 8.82 8.93 8.86 8.70 8.56 8.46 8.30 8.09 8.06 8.26 8.65 9.03 9.36 9.68 9.99 10.23 10.26 10.04 9.53 8.98 8.83 8.89 8.98 9.11 9.34 9.64 9.85 9.82 9.74 10.00 10.59 11.14 11.16 10.77 10.23 10.05 10.18 10.22 10.14
