project/data/elevation/US_DEM2016/US_DEM2016_point_10-28-2019_1048_30m_ang.asc
ncols	125
nrows	167
xllcorner	-2042055.000000
yllcorner	1465035.000000
cellsize	30.000000
NODATA_value	-9999.000000
[rows 0 to 52 of 167, columns 0 to 95 of 125]
8 7 1 354 353 353 354 355 357 360 1 1 359 360 1 2 2 2 1 0 360 359 359 360 1 2 4 5 5 5 6 6 5 3 1 357 355 355 356 357 358 359 359 1 2 3 1 359 358 358 358 358 359 360 0 2 3 3 2 1 0 359 358 357 358 0 3 4 3 1 360 358 358 358 359 359 359 358 356 359 1 1 1 1 0 359 0 2 2 1 1 1 2 1 360 359
8 7 1 354 353 353 354 355 357 360 1 1 359 360 1 2 2 2 1 0 360 359 359 360 1 2 4 5 5 5 6 6 5 3 1 357 355 355 356 357 358 359 359 1 2 3 1 359 358 358 358 358 359 360 0 2 3 3 2 1 0 359 358 357 358 0 3 4 3 1 360 358 358 358 359 359 359 358 356 359 1 1 1 1 0 359 0 2 2 1 1 1 2 1 360 359
16 12 1 351 347 347 348 350 354 359 2 1 359 359 2 3 4 3 2 1 0 358 358 359 2 5 7 9 9 9 10 10 8 6 2 357 353 351 352 355 357 358 359 0 2 3 2 359 358 357 356 356 358 359 0 2 4 5 5 4 1 359 356 354 356 359 3 5 5 3 0 359 357 357 358 359 358 356 354 357 1 1 1 1 0 360 1 3 4 2 1 2 3 2 359 357
26 18 1 349 340 336 336 340 347 355 1 1 359 360 3 5 6 6 5 4 0 357 356 359 4 10 15 16 16 17 17 15 12 8 4 358 353 347 345 348 353 356 358 359 1 2 2 0 358 356 354 354 357 359 0 3 6 8 8 8 5 0 355 352 353 357 2 5 6 4 3 1 360 358 358 357 356 352 350 354 359 359 359 360 1 2 4 6 6 3 2 2 2 0 356 353
28 20 2 351 342 334 330 331 338 348 356 360 359 1 4 7 6 5 5 4 360 357 357 1 8 15 19 20 20 19 18 14 11 7 5 2 358 352 346 344 347 352 355 357 358 359 360 0 359 356 355 355 357 359 2 4 6 7 8 8 7 4 360 356 355 356 359 2 4 5 5 5 4 2 359 356 354 351 349 351 354 354 353 356 1 6 7 7 6 4 2 2 360 356 352 352
27 19 3 353 346 338 331 328 330 338 349 356 358 0 4 6 5 2 1 1 359 358 360 5 13 18 21 20 19 17 15 12 9 8 7 6 2 357 351 345 342 344 348 352 355 357 358 359 358 357 356 357 359 2 5 6 5 3 2 4 6 7 5 2 359 358 358 359 1 4 6 7 6 4 1 357 353 351 349 348 349 348 347 351 1 8 9 7 5 3 2 360 355 351 350 354
23 17 3 355 349 344 338 331 327 328 337 348 354 357 360 4 5 2 359 358 358 0 4 10 15 19 20 19 17 14 12 10 9 9 8 7 4 1 357 351 343 339 340 344 350 354 356 356 357 357 356 358 2 5 7 6 3 1 0 1 4 8 9 7 5 3 0 359 359 1 4 6 6 5 2 358 353 349 346 345 345 344 343 347 358 7 9 7 4 2 360 357 352 349 353 2
18 13 3 357 354 350 346 339 329 324 326 336 345 350 354 1 5 5 1 359 359 2 7 12 16 18 20 18 14 10 9 9 9 8 7 5 4 3 2 358 353 344 338 336 342 350 354 355 354 354 354 357 2 6 8 7 5 4 4 5 7 9 10 10 9 7 2 358 357 359 3 6 6 5 2 358 354 348 343 341 340 341 341 344 353 2 6 5 2 359 357 353 351 354 3 15
11 8 3 0 359 357 354 347 338 329 326 328 334 341 348 356 4 7 6 2 359 1 8 14 17 18 18 16 12 8 6 6 6 4 2 2 3 5 5 4 1 356 348 340 340 347 353 354 352 350 352 356 2 6 9 10 9 9 11 12 12 11 11 11 11 10 3 357 355 358 3 6 6 3 360 357 355 350 345 342 341 340 340 342 347 356 1 2 359 357 354 353 356 5 17 24
4 4 4 4 3 2 359 353 345 339 335 332 331 333 341 352 2 8 9 5 1 1 7 14 17 16 14 12 10 6 4 2 0 358 358 360 3 5 6 6 6 4 0 353 347 347 351 353 351 349 351 357 2 6 10 14 15 17 18 17 16 14 11 8 9 8 3 358 356 359 3 5 3 359 357 356 354 352 350 349 347 345 343 343 345 351 356 357 356 355 355 358 6 15 19 20
355 360 6 7 6 5 1 355 350 347 345 342 337 335 338 347 359 6 7 5 2 3 7 12 15 14 11 9 6 3 360 357 355 355 356 359 2 4 5 6 7 7 6 3 356 350 350 350 350 350 354 1 4 6 9 15 20 22 22 21 18 14 8 3 2 3 2 1 0 0 1 1 358 355 354 354 354 353 354 355 354 352 350 348 348 350 353 353 354 356 360 5 11 13 14 14
346 354 4 7 7 5 1 357 355 354 353 351 347 344 342 345 353 360 3 3 4 6 9 11 12 11 8 4 0 358 356 354 353 355 358 0 1 1 2 4 6 7 8 7 3 357 352 349 349 351 358 4 8 9 11 15 20 22 22 21 17 11 4 359 356 358 2 4 4 2 359 357 355 353 352 352 353 356 358 359 357 355 353 352 351 351 350 351 353 358 3 6 8 8 8 9
346 349 357 3 5 3 1 359 359 360 359 358 356 354 350 347 350 354 358 2 5 9 12 11 9 7 3 359 356 354 353 353 355 359 2 1 359 358 360 1 3 4 7 8 7 4 357 352 351 354 0 7 12 15 16 16 16 17 18 16 12 6 1 356 354 355 360 4 5 3 359 356 353 351 352 354 356 0 4 4 359 353 349 349 350 349 347 348 353 358 0 3 4 4 4 4
355 351 350 354 359 1 1 1 3 4 3 2 2 1 358 353 351 352 355 0 7 13 14 11 7 3 359 357 355 353 354 357 1 5 4 359 356 357 358 359 359 360 3 7 9 7 2 356 355 358 4 11 18 21 18 12 10 11 11 10 7 3 359 356 354 354 357 2 5 4 0 355 353 353 356 360 3 7 9 7 360 350 344 343 344 343 342 346 351 355 356 358 1 1 360 359
356 355 352 350 353 357 1 3 5 5 4 4 4 4 3 360 356 355 357 1 9 14 14 11 6 2 360 359 358 357 358 3 8 8 3 359 356 356 357 357 356 356 358 3 7 7 3 360 360 3 9 15 19 17 12 6 5 6 5 4 3 1 358 356 354 353 355 360 4 4 0 356 355 360 6 9 8 7 7 4 358 350 345 343 340 338 340 344 348 352 354 355 356 357 356 355
354 356 357 356 354 356 1 4 3 0 358 358 359 1 3 3 1 360 1 5 10 14 14 12 9 7 5 5 4 2 1 2 5 6 5 2 358 355 356 357 357 355 355 358 0 2 2 3 5 10 14 16 14 10 5 2 3 3 0 358 358 358 358 356 354 353 355 359 3 4 2 360 2 9 12 9 6 4 3 360 355 350 347 344 340 339 341 343 346 349 351 352 352 353 354 355
354 356 0 3 4 5 4 2 357 352 349 348 348 350 355 1 4 4 5 8 11 13 15 15 13 11 9 6 6 5 3 360 1 3 4 3 1 357 356 357 358 356 355 354 355 357 2 6 11 15 16 14 10 5 1 1 2 1 356 353 353 355 357 357 356 355 355 357 2 5 5 6 10 12 9 5 4 3 2 358 354 351 348 345 343 343 344 345 345 346 349 350 351 353 358 1
360 360 3 9 13 11 4 357 352 348 347 346 346 346 349 357 4 7 8 10 12 15 17 17 15 11 8 5 4 5 5 2 358 358 0 2 2 360 357 356 356 355 353 352 352 356 3 11 16 17 16 12 7 2 359 0 1 358 353 350 349 352 355 358 359 358 356 356 359 4 9 11 11 8 4 2 3 4 2 359 355 352 349 348 347 348 348 346 344 344 346 349 351 356 2 3
3 4 7 12 13 8 359 353 350 349 349 350 350 351 351 355 2 7 10 12 14 17 18 17 13 10 6 3 2 3 5 3 359 356 356 359 1 0 358 355 354 353 352 352 353 358 6 14 18 18 15 10 4 359 358 0 359 355 350 348 348 350 354 358 1 1 358 355 355 1 8 10 9 5 2 1 3 3 3 2 360 356 353 352 352 353 352 347 342 342 345 349 353 358 1 360
5 9 14 13 8 0 354 351 351 351 353 354 356 357 357 358 1 6 10 13 16 18 17 15 12 8 6 2 360 360 1 1 359 357 356 356 359 360 358 355 353 353 354 356 359 6 12 15 15 14 11 6 2 359 359 360 357 352 349 348 348 350 353 357 1 2 1 357 354 356 1 4 4 3 2 2 2 2 3 4 5 3 359 357 356 356 353 347 342 342 345 349 352 354 355 356
16 18 17 9 360 354 351 351 353 354 356 358 1 2 3 2 3 7 11 14 16 16 15 13 11 8 5 2 359 357 356 357 356 356 355 356 358 358 357 355 355 356 359 4 10 14 13 10 8 7 5 3 1 1 1 359 355 351 350 350 351 352 353 355 357 359 0 359 354 350 352 356 358 360 1 2 1 1 3 6 9 9 8 3 359 356 354 351 348 346 348 350 351 350 350 353
24 20 10 0 353 350 350 352 355 358 360 1 3 5 6 6 7 9 11 13 13 11 10 10 9 6 3 1 358 355 353 353 354 354 356 358 359 358 357 358 360 4 9 15 16 13 8 3 0 359 359 360 2 4 4 0 356 353 353 354 356 356 355 352 351 352 353 353 349 342 341 345 349 353 357 0 1 1 2 6 11 13 13 9 2 357 355 355 354 353 352 351 351 350 351 355
16 10 2 357 353 351 352 355 358 0 1 2 4 6 8 10 10 10 10 9 7 5 5 6 6 4 2 359 357 354 352 351 353 355 358 360 359 359 0 4 9 14 19 18 13 7 1 357 354 354 355 358 2 5 6 4 360 358 359 1 3 4 2 353 345 343 341 336 332 329 328 331 337 343 348 354 358 358 359 2 9 14 15 13 7 2 358 358 358 356 353 352 352 352 354 356
2 1 359 357 355 355 356 359 0 1 2 2 3 6 8 11 11 9 8 5 2 1 1 1 2 2 360 358 356 354 353 353 356 360 3 2 1 3 8 14 19 21 19 13 7 2 357 352 350 350 353 357 1 5 7 7 6 5 6 9 13 15 10 359 349 344 339 334 330 326 322 320 323 330 337 345 350 352 354 357 3 10 16 17 14 8 2 358 356 355 353 351 352 353 354 354
348 351 357 358 359 359 0 1 1 1 2 3 4 5 8 9 9 8 7 5 2 359 357 357 358 358 357 356 355 355 356 359 3 7 8 6 7 12 18 20 20 17 11 5 1 358 354 350 348 349 352 356 0 4 8 10 10 11 13 16 19 17 9 360 353 348 343 340 338 333 326 319 317 318 324 331 336 341 346 350 356 4 14 19 18 12 4 359 356 354 353 352 352 352 352 352
336 341 353 359 3 4 3 3 2 2 2 2 3 4 5 6 7 8 8 6 3 0 357 354 353 353 354 355 357 360 4 9 14 15 14 13 16 19 19 16 12 9 4 0 357 354 353 351 350 350 352 355 359 3 7 10 12 15 18 20 19 13 6 359 354 350 347 346 345 341 335 330 325 320 318 319 321 325 333 340 347 356 8 16 18 14 8 2 358 355 353 352 352 352 351 351
329 334 347 357 4 7 7 4 2 1 1 1 2 2 1 2 5 7 7 6 3 359 356 353 352 352 354 357 1 8 15 21 22 21 18 16 15 15 13 9 5 3 359 356 352 351 351 353 354 354 354 354 356 0 4 8 12 16 19 18 14 8 3 359 356 354 352 352 351 348 345 343 339 332 325 321 318 316 320 327 336 346 357 8 15 16 12 6 360 356 354 352 352 352 352 352
326 331 342 353 2 8 9 6 4 2 1 1 1 0 359 360 2 4 5 3 359 356 354 353 353 354 358 3 10 18 25 26 23 18 15 13 10 9 9 5 1 358 354 351 349 349 351 356 359 0 358 354 352 355 360 6 12 15 16 13 8 3 1 360 360 359 358 356 355 354 354 353 349 342 337 333 328 323 321 323 328 336 346 358 9 15 15 11 3 357 354 352 351 352 353 353
328 330 338 347 357 6 9 9 6 3 2 2 2 1 0 360 1 1 0 358 356 354 353 354 357 0 5 11 19 25 26 21 16 13 11 10 7 6 6 4 360 355 350 347 346 347 351 358 3 6 3 356 349 349 355 4 10 12 10 7 2 359 359 4 4 5 3 0 359 360 1 0 355 349 346 344 339 333 331 330 330 332 338 347 359 10 14 13 8 360 355 352 350 352 353 354
334 334 336 342 350 0 8 10 8 6 5 3 2 1 2 2 1 360 357 354 353 354 356 360 4 8 14 20 24 23 17 13 11 9 8 7 6 4 3 3 359 354 348 345 344 346 351 358 4 8 6 0 352 348 352 0 6 7 5 1 356 355 357 2 7 8 9 5 4 4 5 3 0 356 353 350 345 342 341 341 339 336 334 338 347 359 9 13 11 5 358 353 350 351 354 356
338 339 342 343 347 354 4 9 10 9 7 4 2 0 1 2 2 359 355 353 355 360 5 11 17 22 25 24 19 12 8 6 6 6 5 5 4 3 2 1 358 353 348 345 344 346 349 355 1 5 7 4 357 351 351 356 1 3 2 357 353 352 355 1 6 9 9 9 8 6 5 5 5 4 359 354 351 350 350 351 348 343 337 334 336 345 357 7 11 9 4 357 351 351 354 358
336 339 345 347 347 350 358 6 11 12 10 6 3 1 1 2 2 359 357 358 4 13 21 27 31 34 30 19 7 1 359 360 1 2 3 3 3 3 2 359 356 352 349 348 349 349 349 351 355 1 5 5 1 355 353 355 358 1 359 355 352 350 353 357 2 5 8 9 8 7 6 7 9 8 5 1 358 358 359 358 355 350 345 338 332 332 340 354 5 8 7 2 356 353 355 358
332 336 343 346 346 347 353 2 9 12 12 10 7 4 3 2 2 1 2 8 17 25 30 31 30 28 22 11 358 351 351 353 355 357 359 1 3 3 1 358 354 350 348 349 352 353 351 349 350 355 1 4 3 359 356 357 359 1 359 354 351 349 349 352 355 359 3 6 7 7 7 8 10 10 9 8 8 7 5 2 359 357 354 346 337 331 331 337 349 360 4 3 360 356 356 357
338 338 337 339 341 343 347 356 5 11 14 13 11 8 5 3 3 5 10 17 23 26 26 24 21 19 15 8 360 352 349 350 351 352 355 359 0 0 359 356 353 350 348 349 352 353 351 346 344 348 356 1 4 3 0 360 1 1 359 356 352 347 344 344 348 353 359 3 6 6 5 7 9 10 12 14 16 15 9 5 4 5 1 352 344 339 336 335 338 345 353 358 359 357 355 355
354 348 339 337 337 339 342 348 357 7 13 15 14 11 7 5 6 9 14 19 21 21 20 18 16 14 12 8 3 357 354 354 354 353 353 355 356 357 356 355 353 351 351 352 351 349 344 339 336 339 348 357 3 5 3 2 2 2 1 359 355 349 344 341 341 347 355 1 4 5 3 3 7 9 12 17 19 18 14 10 10 9 3 354 349 347 346 345 343 342 344 348 352 352 352 353
359 353 345 344 345 344 343 344 350 0 9 15 16 14 10 8 8 11 14 16 15 15 14 14 13 12 11 9 7 2 357 357 359 358 356 353 353 354 354 354 355 356 357 357 352 346 341 338 336 336 342 352 2 5 4 3 3 2 2 1 358 352 347 342 340 342 350 357 1 3 2 1 3 6 9 13 17 18 17 14 12 8 3 357 353 353 354 354 352 348 345 345 346 347 349 351
356 353 350 350 352 352 350 348 350 356 4 11 16 16 14 10 9 10 11 10 9 9 9 9 10 10 10 11 10 6 1 358 359 360 359 356 353 352 352 354 358 1 2 359 352 347 344 343 342 340 342 349 359 4 4 3 3 3 2 1 358 355 352 347 343 341 344 351 356 359 0 360 1 4 4 6 12 16 17 15 11 8 4 1 359 360 1 0 355 350 346 345 345 346 347 350
350 351 352 354 357 358 356 354 354 357 1 7 13 16 15 13 10 8 6 4 3 3 4 5 7 8 10 12 12 11 7 2 358 357 357 356 354 352 351 353 357 2 4 1 354 349 348 348 349 347 345 348 356 2 4 4 3 2 1 360 359 358 357 355 350 345 342 345 350 354 357 357 359 1 0 0 5 11 13 12 10 9 8 7 7 8 8 3 356 350 347 345 345 346 348 351
346 348 354 358 360 0 0 360 359 360 1 3 8 12 15 14 11 6 1 359 359 359 0 2 4 6 9 11 13 13 11 6 0 356 354 354 353 352 350 350 353 359 2 3 359 354 353 353 353 350 347 347 352 359 3 4 3 1 0 359 359 0 1 1 357 351 345 343 345 350 354 355 356 358 357 355 359 5 7 7 7 10 14 16 16 14 7 0 355 353 351 349 347 348 351 353
343 347 355 360 1 2 2 3 3 1 0 0 3 8 13 15 12 6 359 356 357 358 359 1 2 4 6 8 12 14 13 9 4 358 353 351 352 352 351 348 348 354 1 4 4 1 359 357 355 352 347 345 349 357 2 3 1 360 0 1 2 2 3 3 1 357 350 343 340 343 349 352 353 354 353 351 354 359 2 3 4 10 17 21 20 13 3 357 356 356 356 355 354 354 355 357
343 348 356 1 2 2 2 3 3 1 359 358 0 6 12 14 12 7 2 358 358 359 359 359 359 0 2 5 9 12 13 10 4 358 352 350 350 352 352 351 349 351 358 5 8 7 3 1 359 356 351 346 348 355 0 1 359 359 2 6 8 8 5 3 1 357 351 344 338 336 342 347 348 349 350 349 351 354 357 359 1 7 16 19 18 10 1 357 357 359 360 0 2 2 1 0
348 351 357 0 1 1 1 2 1 359 358 358 1 8 13 13 11 8 5 2 0 359 358 357 357 357 359 2 5 9 10 8 2 356 352 349 349 351 353 355 354 353 356 5 10 10 6 3 2 0 357 353 351 354 360 1 359 360 6 12 15 14 9 3 358 353 349 345 340 335 334 338 341 343 346 348 349 350 352 356 359 3 9 14 13 9 3 359 359 1 2 4 6 7 7 5
352 354 358 360 0 1 1 0 359 357 357 359 4 11 13 12 10 9 6 3 1 359 357 357 357 358 359 0 2 4 6 2 359 355 353 351 348 348 352 357 359 358 358 4 11 12 8 3 2 3 3 1 357 356 0 2 1 3 8 14 17 16 10 2 356 353 351 348 343 339 335 333 332 333 338 343 343 343 346 352 358 1 3 5 8 8 6 3 2 3 5 7 8 9 11 10
353 355 358 359 0 1 1 359 357 356 358 1 8 12 12 11 9 7 5 2 359 358 357 357 357 358 359 360 0 1 0 357 355 353 355 355 352 349 351 357 2 3 1 5 12 13 10 5 2 3 4 3 1 359 360 1 3 4 7 12 15 14 8 2 359 357 354 350 347 345 343 337 327 321 323 328 330 331 336 346 354 357 357 359 4 8 8 6 4 5 7 9 11 12 13 14
354 355 357 359 359 359 359 358 357 357 360 5 10 13 12 9 7 6 3 359 357 356 357 357 358 358 359 359 359 358 356 352 352 352 355 358 358 354 352 356 3 7 7 8 13 14 13 8 4 2 360 359 359 357 357 358 0 3 5 9 14 13 9 5 3 360 355 353 353 353 350 343 333 324 320 318 318 318 322 334 344 349 352 355 0 6 9 9 5 5 8 11 15 16 16 16
353 355 356 357 357 358 358 359 360 0 3 9 13 13 10 7 5 4 1 358 356 355 356 358 358 358 359 358 357 354 352 348 351 351 354 358 1 1 358 357 3 10 13 13 16 17 15 9 4 0 358 356 353 350 350 353 357 1 4 8 13 14 12 9 5 0 358 359 1 360 354 347 341 336 331 325 320 317 318 323 331 340 347 352 357 3 10 12 9 5 5 9 16 19 19 19
350 352 356 357 357 357 358 0 2 4 8 12 13 11 7 6 4 2 0 359 357 356 356 358 358 358 358 356 353 350 348 350 352 352 351 356 2 6 6 2 5 13 17 16 16 17 13 7 3 2 1 358 349 342 341 346 354 0 4 8 12 14 13 10 6 3 4 6 4 359 353 349 346 344 340 335 330 326 323 322 326 333 341 348 353 0 8 12 11 7 4 7 14 19 20 20
347 349 354 356 357 358 359 1 4 7 11 14 12 7 5 4 4 3 1 0 359 358 357 357 357 357 357 354 350 347 347 351 354 353 351 353 1 8 10 9 9 14 16 13 13 13 11 8 6 7 5 356 344 339 339 344 352 359 3 7 12 14 14 11 9 9 7 4 359 355 353 351 350 348 345 342 338 335 331 329 328 331 336 343 350 357 5 11 12 9 7 10 14 18 20 19
346 347 350 355 358 360 0 2 4 9 14 15 11 5 2 2 3 3 3 2 1 360 359 358 357 356 354 351 347 345 348 353 356 356 353 352 358 6 12 15 16 15 14 11 11 13 13 12 11 7 360 349 342 341 343 347 352 358 2 6 10 14 14 12 9 6 2 358 356 355 355 354 353 352 351 348 346 343 341 338 335 332 332 337 346 354 1 7 11 12 13 15 17 17 17 14
346 347 349 353 358 1 2 3 4 9 15 16 10 4 1 1 2 3 4 4 3 1 360 359 357 356 353 348 343 343 347 353 357 360 358 354 356 4 14 21 23 20 16 12 11 13 14 14 9 1 351 345 344 346 349 351 354 357 0 3 7 11 13 10 5 1 358 357 356 357 357 357 357 356 356 355 353 352 351 349 344 337 332 332 339 350 358 5 11 15 18 18 17 14 11 7
345 347 351 353 356 1 4 4 4 8 13 13 8 3 1 1 2 3 5 6 5 4 1 360 358 356 352 346 341 340 344 350 356 3 4 359 358 6 19 27 27 22 17 13 10 10 11 9 3 354 348 346 347 351 354 355 356 357 358 360 3 8 10 8 2 359 358 358 358 359 359 359 359 359 359 359 359 359 359 359 356 349 339 333 335 344 355 3 11 18 21 19 15 11 8 4
343 346 352 354 356 360 4 5 5 7 9 8 6 3 2 2 2 4 7 8 8 6 4 1 358 356 351 345 340 338 342 346 353 2 5 4 4 11 20 24 22 17 13 10 7 5 3 1 357 353 351 350 353 356 358 358 358 357 358 359 0 4 8 7 2 358 358 358 358 359 359 360 360 0 1 3 4 5 5 5 3 360 353 344 339 342 351 1 12 20 21 19 16 14 12 9
342 345 351 354 356 359 3 5 5 5 4 4 3 3 3 4 5 6 8 9 9 9 7 3 358 354 350 345 341 338 338 341 347 357 4 8 10 13 16 16 14 11 9 6 3 359 355 355 356 356 357 357 358 0 1 1 0 0 1 1 1 2 6 6 4 0 358 356 354 352 353 355 358 360 2 5 7 8 7 7 6 5 1 357 351 347 350 0 13 19 19 19 19 18 15 12
