project/data/elevation/US_DEM2016/US_DEM2016_point_10-28-2019_0240_30m_vel.asc
ncols	125
nrows	167
xllcorner	-2042055.000000
yllcorner	1465035.000000
cellsize	30.000000
NODATA_value	-9999.000000
[rows 74 to 110 of 167, columns 0 to 82 of 125]
8.40 8.38 8.50 8.78 9.07 9.19 9.19 9.45 10.25 11.23 11.94 12.19 11.98 11.36 10.54 10.02 10.25 11.09 11.97 12.52 12.61 12.11 11.30 10.72 10.34 10.26 10.68 11.27 11.39 10.92 10.20 9.61 9.10 8.74 8.38 8.07 7.91 7.67 7.54 7.72 8.13 8.56 9.08 9.74 10.00 9.58 9.01 8.70 8.24 7.79 7.62 7.91 8.30 8.32 8.08 8.01 8.15 8.49 9.03 9.59 10.02 10.24 10.05 9.62 9.07 8.51 8.44 9.57 10.46 10.12 9.04 8.34 8.00 7.80 7.93 8.44 9.23 10.16 11.17 12.11 12.85 13.24 13.20
8.48 8.52 8.74 9.01 9.26 9.41 9.46 9.76 10.57 11.23 11.60 11.82 11.98 11.94 11.59 11.25 11.20 11.32 11.43 11.63 11.78 11.54 11.05 10.68 10.30 9.79 9.65 10.30 10.95 10.96 10.38 9.57 8.55 7.89 7.62 7.57 7.59 7.54 7.50 7.56 7.68 7.99 8.54 9.29 9.68 9.12 7.94 7.01 6.72 6.51 6.37 6.61 7.15 7.48 7.55 7.64 7.81 7.94 8.18 8.54 8.89 9.06 8.86 8.31 7.79 7.41 7.46 8.64 10.16 10.51 9.66 8.88 8.58 8.53 8.84 9.52 10.45 11.39 11.90 11.85 11.04 9.74 8.85
8.55 8.74 9.10 9.35 9.59 9.94 10.34 10.61 10.56 10.20 9.87 9.86 10.27 10.84 11.12 11.28 11.25 11.00 10.65 10.53 10.65 10.69 10.68 10.69 10.54 9.92 9.15 9.30 10.18 10.79 10.72 10.11 9.04 8.16 7.85 7.80 7.73 7.50 7.20 7.01 7.01 7.35 8.07 8.89 9.49 9.25 8.36 7.47 7.01 6.91 6.81 6.68 6.63 6.80 7.17 7.52 7.76 7.80 7.90 8.07 8.10 7.96 7.76 7.69 7.65 7.57 7.79 8.59 9.96 10.79 10.59 10.16 10.22 10.61 11.13 11.86 12.59 12.94 12.65 11.72 9.90 7.30 5.90
8.50 8.78 9.26 9.45 9.66 10.11 10.31 10.08 9.37 8.47 8.02 8.31 8.99 9.77 10.30 10.58 10.55 10.25 9.89 9.69 9.74 9.96 10.24 10.53 10.62 10.20 9.24 8.86 9.39 10.37 10.98 10.98 10.35 9.71 9.22 8.78 8.28 7.70 7.27 7.17 7.29 7.54 7.93 8.56 9.22 9.10 8.34 7.53 6.90 6.61 6.48 6.38 6.26 6.47 6.97 7.49 7.86 8.04 8.15 8.16 7.93 7.62 7.61 8.00 8.46 8.76 8.98 9.49 10.50 11.63 12.04 12.18 12.59 13.24 13.75 14.03 13.95 13.55 12.94 12.31 11.13 8.98 7.05
8.23 8.38 8.85 9.02 9.04 9.13 9.03 8.67 8.44 8.00 8.03 8.41 9.06 9.75 10.14 10.28 10.15 9.87 9.58 9.35 9.29 9.44 9.77 10.12 10.32 10.08 9.19 8.47 8.57 9.42 10.45 11.08 11.06 10.59 10.01 9.39 8.69 7.98 7.61 7.45 7.33 7.19 7.33 8.01 8.74 8.54 7.33 6.19 5.64 5.39 5.38 5.60 6.01 6.54 7.11 7.58 7.99 8.16 8.11 7.91 7.76 7.70 7.86 8.49 9.33 9.83 10.31 11.04 12.08 12.84 13.30 13.41 13.69 14.17 14.29 14.04 13.33 12.34 12.00 12.26 12.45 11.76 10.23
7.94 7.85 8.21 8.48 8.34 8.16 8.21 8.45 8.75 9.00 9.22 9.54 10.05 10.44 10.50 10.31 10.01 9.71 9.46 9.23 9.09 9.12 9.31 9.66 9.99 9.83 8.87 7.77 7.37 7.85 8.67 9.76 10.35 10.27 9.82 9.30 8.74 8.08 7.58 7.16 6.81 6.57 6.76 7.72 8.65 8.48 7.05 5.76 5.40 5.53 5.90 6.46 7.05 7.42 7.61 7.65 7.60 7.42 7.03 6.76 6.99 7.38 7.81 8.64 9.63 10.54 11.52 12.36 12.80 13.10 13.10 12.91 12.85 12.78 12.63 12.29 11.53 10.66 10.38 11.00 12.04 12.64 12.31
7.75 7.63 7.96 8.48 8.55 8.43 8.58 9.04 9.58 9.87 10.14 10.49 10.85 10.82 10.55 10.08 9.57 9.21 8.98 8.81 8.74 8.79 8.92 9.25 9.74 9.77 8.75 6.99 5.79 5.85 6.29 7.23 8.39 9.12 9.21 8.96 8.73 8.36 7.99 7.65 7.45 7.38 7.68 8.60 9.47 9.43 8.23 6.95 6.55 6.86 7.37 7.80 8.01 8.03 7.76 7.52 7.24 7.01 6.81 6.77 7.08 7.53 8.05 8.92 9.90 10.90 11.71 12.05 12.06 11.90 11.62 11.29 10.83 10.24 10.09 10.33 10.38 10.03 9.50 9.24 9.94 11.44 12.37
7.74 7.68 8.02 8.70 9.05 9.09 9.16 9.45 9.88 10.23 10.57 10.79 10.75 10.41 9.93 9.43 8.91 8.36 8.06 7.95 7.98 8.18 8.52 8.92 9.53 9.89 9.13 6.74 4.85 4.32 4.27 4.60 5.68 7.21 8.16 8.56 8.62 8.86 8.93 9.00 9.15 9.32 9.66 10.17 10.78 10.87 10.03 8.83 8.20 8.00 7.91 7.78 7.67 7.60 7.58 7.61 7.84 8.21 8.62 8.79 8.89 9.02 9.25 9.75 10.25 10.65 10.68 10.41 10.37 10.47 10.39 10.16 9.69 8.92 8.82 9.28 9.81 10.02 9.69 8.81 8.44 9.25 10.97
8.08 8.04 8.17 8.47 8.78 9.05 9.30 9.59 9.95 10.27 10.49 10.42 10.03 9.49 9.02 8.73 8.45 7.97 7.48 7.28 7.33 7.50 7.79 8.37 9.17 9.97 9.82 7.97 5.34 4.24 3.81 3.68 4.10 5.19 6.75 7.84 8.28 8.81 9.19 9.60 10.02 10.38 10.63 10.86 11.34 11.65 11.23 10.19 9.20 8.41 7.83 7.58 7.65 7.84 7.90 7.99 8.40 8.90 9.48 9.92 10.15 10.24 10.31 10.26 10.15 9.91 9.55 9.42 9.56 9.83 9.94 9.79 9.25 8.49 8.27 8.62 9.24 9.74 9.85 9.41 8.44 8.06 9.02
8.39 8.44 8.43 8.32 8.41 8.76 9.17 9.59 9.90 10.03 9.97 9.65 9.19 8.79 8.49 8.30 8.21 7.97 7.50 7.09 6.92 6.94 7.10 7.61 8.57 9.70 10.26 9.49 7.49 6.16 5.56 5.24 4.89 5.06 6.02 7.22 7.77 8.31 8.82 9.35 9.78 10.04 10.17 10.29 10.80 11.45 11.46 10.70 9.69 8.90 8.61 8.59 8.58 8.50 8.29 8.25 8.53 8.63 9.04 9.69 10.23 10.46 10.47 10.11 9.54 9.10 9.06 9.33 9.62 9.78 9.86 9.65 8.82 7.72 7.04 7.28 8.00 8.65 9.11 9.30 8.77 7.75 7.49
8.36 8.47 8.60 8.59 8.64 8.86 9.18 9.53 9.68 9.57 9.26 8.85 8.52 8.31 8.13 7.96 7.90 7.87 7.56 7.03 6.67 6.62 6.73 7.18 8.13 9.35 10.34 10.54 10.11 9.52 8.89 8.04 7.17 6.56 6.53 7.15 7.91 8.55 9.01 9.20 9.19 9.17 9.30 9.66 10.21 11.01 11.38 11.12 10.66 10.32 9.90 9.51 9.09 8.71 8.39 8.37 8.47 8.66 9.12 9.60 10.03 10.21 10.11 9.64 8.97 8.60 8.69 9.11 9.37 9.56 9.76 9.68 8.60 6.77 5.40 5.19 5.81 6.65 7.41 8.06 8.31 7.71 6.77
8.24 8.35 8.62 8.89 9.07 9.21 9.31 9.34 9.27 9.01 8.63 8.27 8.04 7.92 7.82 7.67 7.56 7.51 7.24 6.76 6.54 6.67 6.98 7.54 8.41 9.35 10.26 10.88 11.22 11.30 11.10 10.41 9.29 8.25 7.78 7.96 8.65 9.26 9.22 8.88 8.57 8.59 8.96 9.45 9.93 10.64 11.24 11.42 11.47 11.43 10.96 10.18 9.51 9.00 8.55 8.48 8.68 8.91 9.13 9.23 9.33 9.39 9.34 9.14 8.68 8.26 8.10 8.32 8.52 8.90 9.60 10.09 9.42 7.37 5.37 4.50 4.23 4.43 4.98 5.73 6.64 6.94 6.34
8.28 8.45 8.78 9.08 9.27 9.28 9.11 8.85 8.65 8.45 8.21 7.98 7.78 7.64 7.54 7.44 7.34 7.23 7.09 6.63 6.55 6.85 7.39 8.02 8.73 9.41 10.04 10.53 10.81 10.97 11.14 11.20 10.68 9.59 8.76 8.58 8.81 8.88 8.54 8.22 8.10 8.22 8.45 8.77 9.16 9.79 10.45 10.79 11.02 11.21 11.17 10.78 10.28 9.68 8.96 8.62 8.99 8.43 8.50 8.33 8.28 8.35 8.51 8.64 8.51 8.04 7.59 7.51 7.71 8.25 9.22 10.38 10.68 9.80 7.91 6.23 5.00 4.25 3.86 4.13 4.53 5.28 5.35
8.37 8.55 8.78 8.87 8.81 8.63 8.44 8.32 8.25 8.16 7.99 7.85 7.68 7.48 7.23 7.15 7.31 7.45 7.47 7.28 7.07 7.04 7.34 7.89 8.51 9.06 9.55 9.92 9.93 9.62 9.81 10.56 11.06 10.74 9.85 8.98 9.04 7.79 7.63 7.83 7.82 7.71 7.60 7.75 8.23 8.75 9.20 9.31 9.34 9.50 9.67 9.83 9.88 9.73 9.27 8.72 8.31 7.95 7.80 7.84 7.90 8.08 8.32 8.49 8.49 8.06 7.52 7.35 7.45 7.96 8.82 10.02 11.03 11.51 11.21 9.95 8.55 7.24 6.16 5.33 4.90 4.92 4.91
8.36 8.49 8.53 8.38 8.15 8.03 8.12 8.36 8.43 8.22 7.91 7.69 7.54 7.33 7.12 8.20 7.66 8.28 8.47 8.38 8.03 7.61 7.47 7.69 8.03 8.38 8.80 9.24 9.38 8.98 8.79 9.34 10.36 10.91 10.63 9.57 8.31 7.57 7.43 7.72 7.73 7.58 7.53 7.71 8.01 8.25 8.30 7.86 7.23 6.84 6.95 7.17 7.55 8.03 8.17 8.14 8.04 7.95 7.97 8.12 8.27 8.39 8.43 8.44 8.44 8.12 7.63 7.46 7.49 7.90 8.56 9.32 10.37 11.47 12.25 12.39 11.96 11.19 10.27 9.22 8.12 7.34 7.12
8.31 8.40 8.42 8.30 8.19 8.30 8.53 8.66 8.53 8.17 7.69 7.26 7.04 6.95 6.96 7.16 7.65 8.21 8.59 8.76 8.66 8.32 7.93 7.68 7.59 7.59 7.83 8.30 8.75 8.87 8.65 8.55 9.00 9.93 10.36 9.91 8.82 8.12 7.78 7.91 8.03 8.16 8.24 8.30 8.38 8.43 8.24 7.35 6.07 5.38 5.22 5.27 5.51 6.11 6.84 7.45 7.84 8.07 8.22 8.40 8.48 8.38 8.24 8.16 8.15 7.94 7.52 7.39 7.43 7.74 8.19 8.67 9.26 9.99 10.86 11.81 12.38 12.51 12.40 12.12 11.54 10.79 10.14
8.27 8.34 8.43 8.51 8.60 8.75 8.80 8.57 8.15 7.66 7.13 6.53 6.20 6.16 7.52 6.03 6.16 6.59 7.31 7.89 8.29 8.37 8.07 7.58 7.21 7.07 7.13 7.37 7.62 7.80 7.86 7.66 7.70 8.51 9.51 9.81 9.22 8.64 8.31 8.41 8.56 8.71 8.80 8.95 9.12 9.27 9.12 8.40 7.25 6.34 5.98 6.10 6.60 7.20 7.70 7.97 8.10 8.17 8.16 8.13 8.05 7.89 7.85 7.88 7.84 7.59 7.12 7.01 7.09 7.29 7.68 8.14 8.22 7.98 8.21 8.97 10.12 10.97 11.64 12.18 12.32 12.06 11.70
8.26 8.29 8.40 8.57 8.73 8.78 8.54 8.06 7.48 6.92 6.46 6.10 5.95 5.86 5.52 5.02 4.81 5.04 5.55 6.24 6.87 7.39 7.53 7.43 7.37 7.39 7.28 7.01 6.62 6.26 6.23 6.29 6.42 7.08 8.33 9.24 9.23 8.79 8.51 8.66 8.78 8.93 9.14 9.59 10.00 10.37 10.45 10.12 9.62 9.12 8.54 8.51 8.86 9.15 9.13 8.69 8.28 8.04 7.77 7.50 7.35 7.33 7.42 7.60 7.60 7.22 6.65 6.52 6.56 6.73 7.22 7.77 7.63 6.72 6.17 6.46 7.43 8.34 9.08 9.86 10.64 10.99 10.96
8.24 8.29 8.41 8.59 8.63 8.39 7.89 7.31 6.81 6.46 6.28 6.24 6.29 6.32 6.12 5.62 5.11 4.86 4.93 5.24 5.70 6.26 6.83 7.33 7.76 8.09 8.10 7.68 7.07 6.55 6.29 6.28 6.35 6.60 7.30 8.32 8.81 8.72 8.60 8.75 8.91 9.16 9.51 10.05 10.49 11.02 11.34 11.26 11.02 10.93 10.77 10.35 9.83 9.29 8.80 8.45 8.15 7.84 7.40 6.96 6.70 6.70 6.91 7.25 7.44 7.17 6.66 6.41 6.31 6.39 6.93 7.72 7.74 6.66 5.46 5.05 5.62 6.37 6.69 7.08 7.88 8.69 8.82
8.25 8.27 8.33 8.35 8.10 7.56 6.95 6.52 6.31 6.27 6.35 6.45 6.61 6.85 7.05 7.01 6.63 6.16 5.99 6.10 6.40 6.84 7.34 7.79 8.11 8.46 8.85 9.03 8.99 8.79 8.51 8.27 8.09 7.83 7.51 7.81 8.39 8.73 8.95 9.17 9.34 9.61 9.91 10.22 10.41 10.88 11.39 11.50 11.32 11.23 11.18 10.91 10.19 9.13 8.42 8.33 8.25 7.92 7.38 6.88 6.57 6.50 6.80 7.29 7.66 7.59 7.23 6.87 6.53 6.45 6.85 7.81 8.11 7.17 5.51 4.19 4.02 4.52 4.66 4.75 5.41 6.49 6.78
8.24 8.20 8.04 7.68 7.04 6.30 5.76 5.65 5.81 6.04 6.27 6.57 6.88 7.23 7.71 8.22 8.45 8.41 8.40 8.51 8.69 8.87 8.96 8.88 8.69 8.64 8.92 9.33 9.71 9.78 9.58 9.23 8.83 8.38 7.81 7.82 8.29 8.88 9.38 9.64 9.79 9.88 9.92 9.92 9.90 10.24 10.86 11.23 11.23 11.08 10.81 10.70 10.62 10.33 9.73 9.13 8.66 8.23 7.86 7.61 7.48 7.40 7.53 7.84 8.08 7.94 7.53 7.17 6.86 6.85 7.22 8.12 8.58 7.78 5.86 3.97 3.15 3.13 3.23 3.18 3.44 4.33 5.07
8.22 8.17 7.87 7.24 6.39 5.70 5.38 5.41 5.72 6.06 6.40 6.92 7.50 8.02 8.56 9.24 9.77 10.17 10.41 10.48 10.34 10.07 9.72 9.44 9.21 8.95 8.65 8.38 8.35 8.42 8.19 7.86 7.60 7.42 7.47 7.90 8.46 9.04 9.52 9.71 9.72 9.59 9.34 9.12 9.20 9.49 10.05 10.52 10.72 10.77 10.61 10.47 10.49 10.53 10.32 9.64 8.94 8.44 8.16 8.07 8.14 8.23 8.21 8.33 8.47 8.23 7.59 7.20 7.15 7.46 7.87 8.66 9.40 8.95 6.88 4.94 3.79 3.34 3.21 2.93 2.82 3.19 3.91
8.23 8.18 7.89 7.41 6.94 6.67 6.57 6.58 6.69 6.85 7.07 7.56 8.27 8.95 9.54 10.03 10.48 10.76 10.78 10.58 10.17 9.69 9.31 9.20 9.37 9.43 8.99 8.18 7.64 7.49 7.37 7.17 7.13 7.14 7.42 8.00 8.62 9.04 9.28 9.34 9.24 9.02 8.72 8.48 8.50 8.77 9.14 9.44 9.55 9.44 9.43 9.49 9.47 9.42 9.30 9.09 8.69 8.29 8.00 7.85 7.94 8.20 8.31 8.49 8.77 8.76 8.21 7.64 7.51 7.73 8.04 8.86 10.22 10.56 8.98 6.98 5.47 4.61 4.30 3.94 3.63 3.64 4.03
8.18 8.10 7.82 7.78 7.76 7.88 7.99 8.12 8.30 8.33 8.25 8.45 9.02 9.73 10.30 10.54 10.56 10.35 9.93 9.40 8.95 8.67 8.51 8.57 8.98 9.58 9.72 9.47 9.23 9.20 9.19 9.02 8.62 8.18 7.99 8.22 8.55 8.79 8.85 8.79 8.58 8.37 8.21 8.13 8.15 8.37 8.63 8.68 8.30 7.62 7.24 7.33 7.58 7.72 7.83 8.02 8.11 8.03 7.92 7.86 7.95 8.17 8.20 8.24 8.49 8.74 8.52 7.98 7.51 7.37 7.55 8.42 10.33 11.59 11.17 9.39 7.60 6.31 6.04 5.77 5.45 5.30 5.51
8.07 7.93 7.75 7.98 8.11 8.52 8.92 9.27 9.64 9.87 9.84 9.77 9.99 10.36 10.52 10.41 10.04 9.52 8.98 8.61 8.43 8.30 8.15 8.17 8.47 9.23 9.90 10.43 10.70 10.83 10.85 10.65 10.10 9.29 8.63 8.44 8.48 8.47 8.41 8.25 8.01 7.85 7.87 8.04 8.26 8.58 8.84 8.82 8.19 7.21 6.39 5.96 5.74 6.01 6.62 7.31 7.87 8.10 8.09 8.07 8.17 8.28 8.12 8.00 8.07 8.28 8.17 7.67 7.03 6.79 6.92 7.74 9.75 11.75 12.51 11.96 10.53 9.11 8.74 8.47 8.18 7.98 8.02
8.07 7.95 7.85 8.01 8.47 9.15 9.83 10.30 10.62 10.87 10.94 10.81 10.59 10.34 10.01 9.59 9.16 8.76 8.45 8.32 8.54 8.70 8.69 8.61 8.64 8.91 9.25 9.63 9.95 10.18 10.35 10.47 10.32 9.77 8.95 8.49 8.31 8.07 7.81 7.70 7.74 7.99 8.22 8.46 8.72 9.08 9.33 9.51 9.37 8.89 8.13 7.22 6.29 6.25 6.82 7.52 8.09 8.41 8.52 8.52 8.48 8.46 8.33 8.27 8.33 8.37 8.11 7.54 6.96 6.80 6.96 7.61 9.08 10.96 12.52 13.19 12.99 12.17 11.55 11.25 10.96 10.54 10.07
8.21 8.11 7.97 8.07 8.54 9.22 9.83 10.27 10.53 10.70 10.78 10.65 10.28 9.71 9.11 8.64 8.36 8.20 8.04 7.96 8.33 8.76 8.98 8.95 8.81 8.69 8.44 8.18 8.10 8.30 8.67 9.21 9.67 9.67 9.05 8.41 7.98 7.57 7.33 7.50 8.04 8.64 8.91 9.05 9.16 9.36 9.58 9.86 10.05 10.24 10.19 9.76 8.90 8.10 7.87 7.96 8.19 8.51 8.83 8.98 8.96 8.96 8.89 8.91 8.97 8.99 8.77 8.29 7.90 7.60 7.53 7.74 8.43 9.59 11.16 12.60 13.21 13.11 12.84 12.55 11.96 11.22 10.40
8.25 8.15 7.91 7.84 8.02 8.35 8.63 8.90 9.16 9.41 9.55 9.51 9.24 8.79 8.32 7.97 7.82 7.89 7.92 7.90 8.08 8.34 8.61 8.66 8.46 8.13 7.65 7.17 6.74 6.62 6.95 7.56 8.28 8.68 8.64 8.29 7.89 7.63 7.73 8.24 8.80 9.08 9.18 9.25 9.31 9.44 9.59 9.61 9.66 9.91 10.27 10.50 10.28 9.44 8.41 7.93 8.00 8.34 8.72 9.05 9.28 9.46 9.50 9.54 9.60 9.64 9.50 9.10 8.63 8.08 7.76 7.73 7.93 8.58 9.77 11.00 11.71 12.00 12.17 12.16 11.68 10.90 10.03
8.27 8.17 7.99 7.83 7.69 7.41 7.33 7.37 7.60 7.93 8.16 8.21 8.05 7.72 7.36 7.23 7.51 8.05 8.59 8.87 8.80 8.71 8.70 8.69 8.53 7.96 7.05 6.35 5.81 5.46 5.44 5.74 6.23 6.83 7.29 7.56 7.80 8.08 8.47 8.79 8.93 8.94 8.93 9.02 9.17 9.38 9.53 9.32 8.91 8.67 8.79 9.21 9.61 9.39 8.45 7.83 7.83 8.13 8.50 8.93 9.38 9.72 9.84 9.95 10.03 10.02 9.80 9.22 8.45 7.65 7.34 7.37 7.57 8.10 8.95 9.72 10.13 10.20 10.38 10.87 11.16 11.02 10.63
8.47 8.54 8.62 8.39 7.87 7.33 6.93 6.77 6.87 7.07 7.19 7.15 6.96 6.63 6.30 6.37 7.14 8.28 9.17 9.59 9.68 9.58 9.41 9.31 9.33 9.14 8.20 6.98 6.08 5.52 5.11 5.03 5.26 5.65 6.17 6.84 7.53 8.04 8.19 8.15 8.12 8.22 8.37 8.54 8.81 9.19 9.49 9.25 8.46 7.73 7.38 7.36 7.75 8.24 8.06 7.68 7.61 7.84 8.20 8.64 9.11 9.54 9.75 9.94 10.12 10.19 10.00 9.39 8.39 7.43 7.01 6.99 7.20 7.61 8.22 9.10 9.53 9.35 8.88 9.09 9.84 10.53 11.00
8.68 8.92 9.11 8.88 8.34 7.71 7.23 6.99 6.82 6.54 6.21 5.98 5.84 5.76 5.54 5.31 5.79 7.03 8.14 8.98 9.47 9.70 9.73 9.74 9.97 10.37 10.30 9.37 8.31 7.71 7.31 6.92 6.84 6.89 7.05 7.36 7.68 7.79 7.63 7.50 7.48 7.60 7.90 8.17 8.54 9.06 9.55 9.54 8.81 7.93 7.23 6.52 6.16 6.38 6.64 6.88 7.22 7.56 7.89 8.25 8.65 8.98 9.27 9.52 9.85 10.19 10.37 10.06 9.16 7.99 7.20 6.91 6.90 7.18 7.87 8.90 9.63 9.55 8.54 7.72 7.81 8.46 9.22
8.51 8.67 8.77 8.61 8.29 7.83 7.36 6.94 6.44 5.84 5.29 5.12 5.25 5.55 5.61 5.20 4.94 5.36 6.29 7.35 8.11 8.68 9.16 9.55 9.96 10.66 11.37 11.51 11.15 10.76 10.38 10.02 9.69 9.25 8.83 8.47 8.13 7.85 7.64 7.57 7.57 7.63 7.89 8.11 8.45 9.01 9.71 10.12 9.81 9.01 8.11 7.00 5.86 5.42 5.62 6.29 7.04 7.53 7.82 8.06 8.23 8.41 8.71 9.11 9.52 10.05 10.57 10.69 10.08 8.76 7.72 7.23 7.04 7.06 7.45 8.38 9.55 9.92 9.15 7.84 6.85 6.49 6.55
8.09 8.01 8.02 8.07 7.97 7.68 7.28 6.55 5.96 5.63 5.56 5.64 5.93 6.47 7.19 7.55 6.95 6.33 6.24 6.45 6.89 7.52 8.38 9.13 9.61 10.20 11.01 11.66 11.98 12.05 11.83 11.50 11.09 10.47 9.74 9.04 8.44 8.04 7.77 7.65 7.79 8.01 8.21 8.24 8.37 8.81 9.61 10.35 10.50 9.94 8.97 7.83 6.89 6.39 6.46 6.81 7.22 7.51 7.76 7.82 7.73 7.82 8.30 8.88 9.33 9.78 10.39 10.92 10.84 9.90 8.66 7.92 7.44 7.01 6.85 7.52 8.95 9.88 9.73 8.72 7.47 6.67 6.18
7.95 7.78 7.70 7.83 7.92 7.87 7.56 7.06 6.65 6.61 7.00 7.55 8.13 8.93 9.84 10.45 10.64 10.00 8.94 8.29 8.08 8.25 8.74 9.16 9.42 9.66 9.96 10.25 10.60 11.01 11.20 11.15 10.96 10.57 10.06 9.43 8.80 8.32 7.92 7.72 7.94 8.35 8.56 8.44 8.33 8.49 9.14 10.05 10.72 10.75 10.15 9.39 8.69 8.18 7.79 7.45 7.23 7.29 7.45 7.43 7.34 7.51 7.99 8.53 8.92 9.25 9.74 10.42 10.91 10.72 9.67 8.62 7.87 7.24 6.90 7.22 8.40 9.59 9.97 9.51 8.80 8.44 8.17
8.11 7.94 7.83 7.96 8.19 8.45 8.62 8.64 8.58 8.67 9.20 9.98 10.81 11.45 11.82 12.05 12.39 12.38 11.92 11.30 10.75 10.29 9.91 9.65 9.60 9.54 9.48 9.34 9.08 9.07 9.36 9.61 9.64 9.62 9.57 9.43 9.13 8.69 8.28 8.05 8.09 8.17 8.21 8.21 8.19 8.31 8.78 9.70 10.84 11.64 11.71 11.20 10.45 9.59 8.58 7.72 7.33 7.32 7.34 7.30 7.31 7.45 7.65 7.95 8.28 8.50 8.79 9.39 10.13 10.46 9.98 9.07 8.32 7.78 7.45 7.51 8.28 9.35 9.99 9.87 9.42 9.19 9.16
8.33 8.26 8.23 8.32 8.54 8.87 9.30 9.72 10.15 10.56 11.06 11.60 11.97 12.03 11.87 11.66 11.59 11.80 11.93 11.78 11.42 10.91 10.37 9.97 9.78 9.63 9.55 9.51 9.18 8.65 8.33 8.27 8.25 8.29 8.44 8.69 8.85 8.76 8.49 8.09 7.68 7.37 7.31 7.60 8.07 8.40 8.82 9.60 10.76 11.90 12.43 12.29 11.74 10.91 9.84 8.88 8.33 8.00 7.76 7.57 7.43 7.32 7.30 7.51 7.88 8.09 8.18 8.49 9.06 9.57 9.62 9.15 8.59 8.15 7.88 7.85 8.29 9.14 9.82 9.79 9.23 8.74 8.66
8.49 8.57 8.59 8.61 8.75 8.99 9.34 9.82 10.51 11.14 11.47 11.45 11.15 10.69 10.29 9.98 9.72 9.73 9.85 10.02 10.03 9.91 9.82 9.82 9.84 9.68 9.53 9.61 9.69 9.52 9.14 8.80 8.68 8.57 8.40 8.30 8.38 8.50 8.35 7.89 7.40 7.18 7.35 7.83 8.39 8.75 9.07 9.59 10.37 11.27 11.97 12.28 12.27 11.99 11.46 10.66 9.87 9.10 8.43 7.91 7.51 7.23 7.18 7.37 7.75 8.02 8.06 8.12 8.44 8.85 9.11 8.98 8.62 8.27 8.06 8.01 8.30 9.02 9.71 9.76 9.19 8.65 8.43
