project/data/elevation/US_DEM2016/US_DEM2016_point_10-31-2019_1056_30m_ang.asc
ncols	125
nrows	167
xllcorner	-2042055.000000
yllcorner	1465035.000000
cellsize	30.000000
NODATA_value	-9999.000000
[rows 84 to 125 of 167, columns 0 to 94 of 125]
340 344 349 350 345 341 338 336 332 329 327 325 324 325 327 328 330 333 337 338 335 336 335 332 331 330 328 328 332 333 331 329 329 331 335 345 352 350 345 342 341 341 341 338 335 331 327 327 330 334 336 337 338 341 345 348 348 347 346 345 343 341 336 330 326 328 334 336 335 332 327 322 319 323 326 326 328 331 335 337 339 339 339 341 344 349 355 357 355 352 349 347 345 343 342
338 343 349 349 344 339 336 333 330 327 325 324 324 325 328 330 332 335 338 338 337 337 336 333 332 331 330 330 334 337 338 337 336 335 338 344 348 346 343 342 342 342 340 338 335 331 328 328 332 337 339 340 341 342 345 348 348 346 344 343 341 338 335 329 325 327 333 334 334 332 328 321 320 321 322 320 318 319 323 328 333 336 337 337 339 346 354 358 358 355 351 348 348 348 349
338 342 348 347 342 337 334 331 328 325 324 324 324 326 329 332 335 337 337 336 336 336 336 334 332 331 330 329 333 337 340 341 341 339 340 343 344 343 343 344 344 341 339 337 333 328 325 327 333 339 343 344 345 345 346 347 346 344 343 341 339 337 333 328 324 326 331 334 334 332 329 326 324 325 327 324 318 314 313 316 321 327 330 330 332 339 350 356 358 356 352 351 352 354 355
337 341 346 343 339 335 333 329 326 324 324 325 326 328 332 337 341 341 338 336 335 334 333 332 330 329 328 328 331 334 338 341 343 343 343 343 343 343 345 347 344 340 338 335 330 323 321 324 331 338 342 346 347 348 348 348 347 345 343 341 339 336 332 327 324 325 331 335 335 333 330 328 327 331 335 335 331 326 322 320 320 321 322 323 325 332 343 351 354 353 352 353 356 357 356
335 340 344 341 337 334 331 328 326 324 325 326 328 331 337 344 344 342 340 338 336 333 331 329 328 327 326 327 328 331 334 339 343 344 346 347 347 348 349 348 344 341 338 335 327 319 316 318 325 332 336 340 344 346 347 348 348 346 344 342 339 336 332 327 324 325 331 338 337 334 330 327 327 333 339 344 342 339 336 334 332 330 329 328 329 333 339 344 347 349 351 354 358 358 355
334 338 342 341 338 334 331 328 326 325 326 328 330 335 342 344 341 339 339 339 337 334 330 328 326 324 323 324 326 329 332 336 340 344 347 350 352 353 352 349 346 343 340 336 327 318 313 314 319 323 326 330 333 336 340 344 347 347 344 342 339 336 332 327 323 323 331 338 338 333 329 325 324 330 339 344 345 344 343 343 342 340 337 337 338 340 340 341 343 347 350 355 358 357 352
334 337 341 341 338 334 329 327 325 325 327 330 333 337 339 337 334 333 335 336 335 333 330 328 325 322 320 320 322 326 330 334 338 342 347 352 356 358 355 351 346 344 342 337 329 320 315 316 321 323 325 328 330 333 337 342 346 346 343 341 338 336 332 326 322 322 329 337 337 333 328 322 320 324 334 340 342 343 345 347 347 344 343 344 347 348 346 344 345 347 350 353 355 353 347
333 336 340 340 337 332 328 326 325 326 329 333 337 336 332 328 325 325 326 328 329 329 328 328 326 322 318 316 317 319 323 327 332 337 344 352 360 1 357 350 346 344 342 338 332 325 321 322 326 329 330 332 334 337 340 344 346 345 343 340 338 336 332 325 320 320 326 334 335 333 327 320 316 319 328 334 335 337 341 345 345 344 345 347 351 352 351 350 350 349 350 351 350 347 343
333 335 338 338 334 330 327 325 326 329 333 339 341 338 333 327 323 321 321 321 321 322 325 328 328 325 320 317 317 318 321 324 328 333 341 352 2 3 356 349 345 344 342 338 334 329 326 326 330 333 335 336 337 339 343 346 347 346 344 341 339 337 332 324 319 318 324 332 336 334 327 319 315 317 325 329 329 330 334 338 339 340 342 346 349 352 353 353 353 351 349 348 347 343 341
332 334 336 335 331 328 326 326 329 333 339 343 342 340 337 332 329 326 324 323 323 324 327 329 329 327 324 323 324 326 328 330 332 336 342 354 2 1 354 348 344 343 340 337 334 331 328 328 330 334 337 339 341 341 342 345 348 348 347 345 342 339 332 324 319 319 324 333 338 336 329 320 316 317 324 325 322 322 324 328 330 332 335 339 343 346 349 352 352 350 348 347 346 344 343
331 333 334 332 329 327 326 327 331 336 341 343 342 340 338 336 334 333 331 330 330 332 333 334 331 326 324 325 328 331 333 335 337 340 347 356 0 358 351 346 343 341 338 335 333 331 328 328 330 334 337 341 344 345 345 347 350 351 351 349 346 342 334 326 320 320 325 334 340 339 332 323 318 318 322 320 314 311 312 315 317 320 326 331 335 339 343 346 348 348 347 347 347 346 345
330 332 333 332 330 328 327 329 332 336 340 342 341 339 337 336 336 335 335 335 335 336 338 338 333 326 322 322 325 328 330 332 335 340 348 355 357 353 348 344 341 339 336 334 331 329 327 326 329 334 339 342 345 347 349 351 353 354 353 351 348 343 335 327 322 320 325 334 340 339 334 328 323 321 321 319 314 310 308 308 310 312 317 323 329 334 339 342 344 345 346 347 347 346 344
330 332 334 335 335 335 335 337 338 338 339 341 340 338 336 335 335 335 335 336 337 339 341 339 334 326 321 321 323 325 326 327 331 337 346 352 353 350 345 342 340 338 336 333 330 327 324 322 326 333 339 342 345 348 351 354 356 356 354 351 347 341 334 328 324 322 325 333 338 338 334 332 330 328 326 323 320 317 313 311 312 314 316 319 325 332 338 341 342 343 344 345 346 346 344
329 332 336 339 341 342 342 343 342 341 340 340 338 337 335 334 333 333 334 337 339 341 340 336 332 326 323 325 328 330 330 331 333 338 344 349 350 347 343 341 339 338 336 333 329 325 320 318 321 328 333 336 341 346 350 354 357 357 355 351 346 339 332 327 324 323 326 332 337 336 334 335 337 336 333 329 327 325 320 318 320 322 322 323 327 334 339 341 341 342 343 344 345 345 343
329 332 337 341 344 345 345 345 343 342 342 340 337 335 334 333 333 334 336 340 342 341 337 333 329 325 325 329 333 335 336 337 338 341 345 348 348 345 342 341 340 339 337 333 330 325 320 317 319 325 326 328 333 339 345 351 355 357 356 351 344 337 331 326 323 321 324 330 334 334 335 337 340 340 339 337 335 332 328 327 329 331 330 329 332 339 342 341 341 342 343 344 344 343 341
330 333 337 341 344 345 345 344 343 343 342 339 336 333 332 332 333 335 339 344 344 340 335 332 327 323 323 328 333 336 338 340 341 343 346 348 348 345 343 343 343 341 337 335 331 327 322 320 324 329 330 329 331 334 340 347 354 357 355 350 344 337 331 327 324 321 322 327 330 333 336 339 339 340 341 341 340 337 334 334 336 337 335 334 338 343 343 342 342 342 343 343 343 341 338
332 334 337 340 341 342 341 341 341 341 340 338 335 332 331 332 335 339 343 344 341 337 334 331 325 321 321 325 330 333 336 339 341 344 347 348 348 346 345 346 345 341 339 336 332 327 323 323 328 334 336 337 337 337 340 347 353 355 353 349 344 338 333 329 326 324 323 326 330 334 338 339 338 338 340 341 340 339 338 340 340 339 338 338 342 344 343 341 342 342 343 344 343 341 337
334 335 336 337 337 337 336 337 338 338 337 334 333 332 332 335 340 343 344 341 336 333 331 328 322 319 319 323 326 329 331 334 338 342 347 349 349 348 348 346 343 341 339 337 333 327 323 324 329 334 338 341 341 341 343 349 351 352 351 348 344 339 335 332 330 327 326 327 331 336 339 339 337 336 337 337 336 337 339 342 342 341 339 340 341 341 341 341 342 343 344 345 345 343 338
335 335 336 336 335 334 333 333 334 334 332 331 330 331 333 338 344 345 342 339 335 332 330 326 321 316 316 319 322 322 323 325 330 336 342 347 349 349 347 344 342 340 338 336 332 327 323 323 327 332 336 339 342 343 346 348 349 349 348 346 343 339 336 334 332 330 327 327 330 335 338 339 337 336 335 333 331 332 337 341 343 343 342 342 342 341 341 341 342 344 345 346 346 344 339
335 336 336 337 336 335 333 332 332 331 329 328 329 330 333 338 342 341 340 338 336 334 331 328 323 320 319 320 320 319 318 319 322 328 335 341 345 346 344 342 341 339 337 335 331 326 323 322 326 328 330 334 337 341 345 347 347 346 345 344 340 337 336 335 334 332 328 327 329 333 336 337 336 336 335 332 329 329 332 336 340 343 344 345 345 345 345 344 345 345 346 347 346 343 339
334 335 338 339 338 337 335 333 331 329 328 327 327 327 327 328 331 333 334 335 335 334 332 330 327 326 327 328 327 325 324 324 326 329 333 338 342 344 343 342 341 339 336 333 330 326 323 323 325 327 327 329 331 334 339 342 343 343 343 341 338 336 335 335 334 333 330 329 330 332 335 335 335 335 335 333 330 328 328 330 334 338 341 343 345 347 348 348 347 347 347 347 345 341 337
330 333 338 340 340 339 337 334 331 328 326 324 324 325 324 321 322 324 326 329 330 331 331 329 325 330 332 334 334 333 333 333 334 335 337 339 342 344 345 345 343 340 335 332 330 327 325 326 328 329 330 329 327 325 328 334 339 340 340 338 336 335 335 334 334 333 333 331 331 332 334 335 335 335 335 333 331 329 328 328 330 330 331 333 338 344 348 349 348 347 347 347 345 341 336
327 331 337 339 340 341 339 335 332 331 330 330 331 331 330 329 327 326 325 324 325 327 327 326 327 331 333 335 336 338 338 339 339 340 340 342 344 346 346 347 345 340 335 331 329 328 327 329 331 332 333 331 326 324 326 331 336 338 338 337 335 335 335 334 333 333 334 334 333 334 335 336 336 335 335 334 332 330 329 329 330 328 325 326 331 338 344 347 347 347 346 345 343 340 337
328 331 336 339 341 342 341 339 338 338 340 340 339 337 335 335 336 337 334 330 328 328 326 325 327 330 331 331 334 337 339 340 342 342 343 345 346 348 348 348 344 339 335 332 330 327 328 331 334 336 338 334 329 327 329 332 335 335 336 335 336 336 334 333 332 332 333 334 334 335 336 338 338 338 337 336 333 331 330 331 333 333 331 330 332 336 341 344 345 345 345 343 340 337 336
331 332 336 339 342 344 345 344 345 344 343 342 341 338 336 337 340 343 341 338 335 332 329 327 328 331 330 328 329 332 336 338 340 342 343 346 348 351 351 348 342 337 334 332 329 326 327 332 337 341 342 337 331 330 331 333 333 333 334 335 336 336 334 332 330 330 331 332 333 334 336 339 341 341 341 338 334 332 331 331 333 334 334 335 336 338 341 342 343 343 343 341 339 336 335
332 334 337 340 343 345 345 346 346 344 342 340 338 336 335 337 340 342 341 339 336 334 331 329 331 333 331 328 329 330 332 334 336 338 340 345 349 353 353 348 341 336 333 331 328 325 327 333 339 343 343 338 334 333 334 334 334 334 335 336 336 336 334 331 329 329 330 330 330 331 335 340 342 343 343 339 335 333 331 330 331 332 333 336 338 340 342 341 341 341 341 341 339 338 336
332 334 338 341 343 344 344 343 342 340 338 337 335 334 333 335 338 338 337 335 333 332 330 331 333 334 331 329 331 333 333 334 335 336 338 342 349 354 354 349 343 338 335 331 328 326 327 333 339 341 341 339 336 336 337 338 337 338 338 338 337 336 335 332 330 330 330 329 327 329 333 340 343 344 343 340 337 335 332 329 329 331 333 335 338 340 342 341 340 340 340 340 339 338 338
330 333 338 341 343 344 342 340 337 336 335 334 333 332 332 334 336 335 333 331 329 328 328 331 336 335 330 329 331 334 335 336 337 338 340 343 349 354 354 351 346 341 337 332 328 326 328 334 339 340 339 337 336 337 339 341 341 342 342 340 339 338 336 333 331 331 330 328 326 328 333 339 343 345 344 340 338 336 333 329 328 330 333 336 338 341 343 342 340 340 340 339 338 338 338
329 332 337 339 341 342 339 336 334 333 333 332 332 332 332 333 334 333 331 329 326 324 326 331 337 335 331 330 331 332 333 334 336 339 341 345 351 354 354 351 347 342 337 331 328 327 330 336 339 339 337 334 333 335 339 341 343 345 345 343 341 339 337 334 333 331 329 327 326 328 333 338 342 345 344 340 338 336 333 328 326 329 333 336 338 341 344 342 341 341 341 340 339 338 337
330 331 334 337 339 339 336 333 332 332 331 331 331 331 331 332 332 331 330 328 325 323 325 333 336 335 334 333 333 333 332 331 332 335 339 345 352 355 353 350 345 341 336 330 326 326 330 337 340 339 335 331 329 330 334 338 343 345 346 344 343 341 339 336 335 332 329 326 326 328 333 337 342 344 344 341 339 337 332 326 324 328 331 334 336 340 342 342 341 341 342 341 341 340 339
331 332 333 335 336 335 332 330 330 330 329 329 328 327 328 328 329 330 330 330 326 324 326 333 334 334 335 335 336 335 334 333 332 333 336 343 350 353 352 348 344 340 335 329 325 325 330 337 341 339 335 331 328 328 330 333 337 341 343 344 344 343 342 339 336 333 329 326 326 329 333 337 341 344 344 342 341 338 333 325 322 326 328 330 333 336 338 339 341 342 342 342 342 342 340
331 332 333 334 335 333 331 330 330 331 329 328 328 327 328 329 329 330 332 332 328 325 326 329 330 331 334 335 335 336 337 338 337 336 336 340 345 349 350 347 343 339 334 329 325 325 329 336 340 339 335 333 331 330 331 332 333 334 337 340 343 343 342 340 337 334 330 327 326 329 333 337 341 344 344 343 342 339 333 325 322 324 327 328 329 331 335 338 340 342 342 342 343 342 341
330 331 333 334 334 333 332 332 334 336 336 335 335 333 332 331 331 332 333 333 331 328 326 325 325 328 332 333 333 333 336 339 340 341 340 341 344 348 348 345 341 338 334 329 326 326 328 334 338 337 334 333 334 334 335 336 336 334 335 338 341 342 341 339 337 334 331 328 327 328 332 337 341 344 345 344 342 340 335 327 323 325 329 330 330 331 335 338 340 341 342 342 342 342 341
329 330 333 334 334 334 334 335 337 339 339 339 338 335 333 331 331 332 332 333 334 332 328 326 325 327 331 332 330 329 331 336 340 342 343 343 346 348 347 343 340 336 332 330 329 329 329 332 335 334 332 332 334 336 336 338 339 339 339 340 341 341 340 338 336 333 332 330 327 327 331 336 340 344 345 344 343 340 336 330 326 328 332 333 333 335 338 340 340 341 341 341 342 342 341
328 329 332 333 335 336 337 337 338 338 338 336 335 333 331 330 330 331 331 333 334 333 330 328 328 331 334 333 329 326 327 330 334 339 341 344 347 349 347 343 339 335 331 330 331 332 331 331 332 331 330 330 333 335 336 337 339 340 342 343 343 342 341 338 335 332 332 329 327 328 331 336 340 343 345 344 343 341 337 331 328 329 333 335 336 339 342 341 340 341 341 341 341 341 340
328 329 331 333 335 337 338 339 338 337 335 333 331 330 329 329 330 330 331 334 334 331 329 327 328 333 337 336 331 328 327 328 330 333 337 342 347 349 348 343 339 334 330 329 333 335 332 330 330 329 328 329 332 334 334 335 337 339 343 345 346 345 342 339 336 333 331 328 327 328 333 337 340 343 344 343 342 340 336 330 327 328 332 334 336 341 343 342 341 341 341 340 340 341 340
328 329 331 333 335 337 339 340 338 335 332 330 330 329 328 329 330 331 333 334 333 330 326 324 326 332 337 336 333 331 330 329 329 330 333 339 345 348 346 343 338 333 330 330 334 336 333 330 329 329 328 329 331 333 334 334 336 338 341 345 348 347 344 342 339 336 333 329 327 329 334 338 342 344 344 342 341 339 334 328 325 326 329 332 335 339 342 342 341 341 340 340 339 340 339
329 329 331 333 336 337 339 340 338 333 331 330 330 329 330 331 332 333 335 335 334 331 327 324 325 330 335 336 333 332 332 331 332 332 333 337 342 344 344 341 337 333 330 332 336 336 332 328 328 328 328 328 329 331 333 334 336 337 340 344 347 347 346 344 341 338 334 330 328 329 333 338 342 345 344 342 341 337 333 328 325 325 327 331 335 337 340 341 341 341 340 339 339 338 337
329 329 331 334 335 336 338 339 336 333 330 330 330 330 331 333 333 334 336 337 336 333 329 326 325 329 333 334 333 332 332 332 333 334 335 337 339 342 343 340 335 332 331 334 338 335 330 327 325 326 325 325 326 329 331 334 335 337 339 344 346 346 346 343 340 337 334 331 329 330 334 339 342 345 345 343 340 336 332 328 324 322 325 330 334 337 339 341 340 340 339 339 338 338 336
328 329 331 333 335 335 336 336 334 331 331 330 329 329 332 334 334 335 336 336 335 333 330 326 326 329 332 333 333 332 332 331 332 334 336 337 339 341 342 339 334 331 332 337 337 333 329 325 323 324 323 321 322 324 328 331 333 335 339 344 345 346 345 342 338 335 333 331 330 332 336 340 343 345 345 342 339 335 332 327 322 320 323 328 332 335 338 340 340 339 338 338 338 337 336
328 328 330 333 334 334 334 333 331 330 330 329 328 329 332 333 333 334 334 335 334 332 328 326 326 330 333 333 333 333 333 331 331 332 335 337 339 341 341 338 333 333 336 338 336 332 328 323 322 323 323 322 322 323 326 329 330 333 337 342 344 345 345 342 338 336 334 331 330 332 337 341 345 346 344 341 338 335 333 328 322 319 321 325 328 332 336 338 338 337 337 338 338 338 337
328 329 331 333 334 333 332 331 330 329 329 329 328 331 333 332 331 332 333 334 333 330 326 325 327 331 334 334 335 334 333 332 330 331 333 336 338 340 340 337 336 338 341 341 339 335 330 324 323 323 325 325 326 326 327 328 330 332 336 340 342 344 344 341 338 336 335 332 330 332 336 342 347 347 344 341 338 336 334 329 323 319 319 323 327 331 334 335 335 336 336 337 338 338 339
