project/data/elevation/US_DEM2016/US_DEM2016_point_11-01-2019_1018_30m_vel.asc
ncols	125
nrows	167
xllcorner	-2042055.000000
yllcorner	1465035.000000
cellsize	30.000000
NODATA_value	-9999.000000
[rows 114 to 151 of 167, columns 0 to 83 of 125]
1.58 1.49 1.36 1.26 1.17 1.14 1.21 1.29 1.31 1.32 1.33 1.32 1.33 1.39 1.48 1.56 1.60 1.60 1.59 1.64 1.84 1.99 1.79 1.48 1.55 1.80 2.04 2.24 2.30 2.26 2.24 2.12 1.84 1.56 1.42 1.33 1.23 1.19 1.20 1.26 1.35 1.45 1.58 1.76 1.86 1.83 1.72 1.56 1.49 1.67 1.93 2.17 2.36 2.30 1.98 1.69 1.54 1.44 1.32 1.22 1.15 1.13 1.21 1.35 1.49 1.64 1.83 2.00 2.04 1.94 1.78 1.64 1.50 1.40 1.39 1.46 1.56 1.70 1.97 2.38 2.47 2.06 1.69 1.49
1.62 1.53 1.40 1.29 1.17 1.10 1.16 1.27 1.32 1.35 1.37 1.35 1.33 1.35 1.41 1.48 1.55 1.58 1.57 1.62 1.83 2.06 1.85 1.39 1.35 1.59 1.85 2.10 2.22 2.20 2.20 2.23 2.15 1.85 1.51 1.28 1.16 1.16 1.20 1.27 1.35 1.45 1.58 1.82 1.98 1.86 1.62 1.45 1.40 1.56 1.85 2.14 2.38 2.43 2.20 1.81 1.52 1.36 1.22 1.14 1.12 1.13 1.19 1.33 1.49 1.63 1.82 2.02 2.07 1.94 1.77 1.64 1.51 1.42 1.40 1.46 1.56 1.71 1.98 2.41 2.53 2.14 1.76 1.52
1.63 1.57 1.45 1.34 1.22 1.13 1.16 1.26 1.34 1.42 1.48 1.48 1.43 1.42 1.43 1.46 1.51 1.57 1.56 1.58 1.79 2.11 2.05 1.52 1.24 1.33 1.62 1.94 2.14 2.12 2.01 2.07 2.20 2.13 1.82 1.49 1.26 1.19 1.21 1.26 1.33 1.42 1.56 1.84 2.06 2.00 1.65 1.36 1.31 1.47 1.73 2.03 2.30 2.45 2.40 2.13 1.80 1.53 1.28 1.11 1.08 1.09 1.13 1.25 1.44 1.62 1.81 2.03 2.11 1.96 1.74 1.59 1.49 1.42 1.42 1.46 1.55 1.70 1.98 2.43 2.61 2.29 1.91 1.70
1.62 1.57 1.47 1.38 1.28 1.20 1.19 1.25 1.33 1.43 1.53 1.56 1.54 1.53 1.52 1.49 1.50 1.53 1.55 1.55 1.69 2.04 2.20 1.91 1.37 1.18 1.36 1.76 2.11 2.13 1.85 1.76 1.97 2.11 2.02 1.74 1.42 1.23 1.18 1.22 1.29 1.40 1.54 1.79 2.05 2.12 1.85 1.38 1.21 1.37 1.62 1.87 2.12 2.32 2.41 2.29 2.06 1.83 1.55 1.26 1.13 1.11 1.11 1.18 1.35 1.57 1.76 2.00 2.14 2.01 1.74 1.55 1.43 1.39 1.41 1.47 1.55 1.68 1.94 2.34 2.60 2.46 2.10 1.91
1.62 1.57 1.48 1.40 1.32 1.26 1.24 1.26 1.31 1.37 1.46 1.51 1.51 1.51 1.52 1.52 1.50 1.49 1.52 1.53 1.59 1.85 2.16 2.16 1.74 1.27 1.22 1.57 2.06 2.21 1.88 1.56 1.60 1.86 1.96 1.81 1.49 1.26 1.18 1.21 1.29 1.39 1.53 1.72 1.94 2.14 2.07 1.57 1.20 1.24 1.50 1.73 1.92 2.12 2.28 2.26 2.10 1.94 1.77 1.50 1.26 1.18 1.16 1.17 1.31 1.52 1.70 1.94 2.13 2.06 1.80 1.57 1.41 1.36 1.39 1.46 1.54 1.66 1.88 2.22 2.50 2.48 2.21 1.99
1.64 1.58 1.48 1.40 1.33 1.29 1.27 1.28 1.32 1.35 1.39 1.42 1.43 1.45 1.50 1.54 1.53 1.51 1.50 1.48 1.52 1.71 2.00 2.18 1.96 1.46 1.21 1.44 1.95 2.26 2.12 1.69 1.45 1.54 1.75 1.74 1.50 1.28 1.21 1.24 1.32 1.41 1.54 1.67 1.80 2.03 2.18 1.89 1.35 1.20 1.39 1.60 1.76 1.95 2.16 2.21 2.07 1.90 1.77 1.62 1.41 1.28 1.23 1.23 1.33 1.51 1.68 1.89 2.08 2.07 1.87 1.65 1.47 1.36 1.36 1.42 1.49 1.61 1.82 2.14 2.42 2.43 2.18 1.97
1.68 1.60 1.48 1.40 1.33 1.29 1.28 1.30 1.34 1.37 1.37 1.38 1.40 1.44 1.51 1.55 1.56 1.54 1.52 1.49 1.52 1.66 1.91 2.12 2.01 1.54 1.21 1.34 1.80 2.18 2.27 2.01 1.60 1.43 1.52 1.59 1.47 1.28 1.22 1.25 1.33 1.44 1.56 1.64 1.69 1.89 2.17 2.13 1.64 1.26 1.30 1.48 1.62 1.79 2.03 2.16 2.09 1.89 1.71 1.58 1.47 1.36 1.31 1.32 1.40 1.54 1.69 1.89 2.06 2.04 1.86 1.69 1.53 1.40 1.36 1.38 1.44 1.55 1.78 2.10 2.40 2.42 2.18 1.96
1.73 1.63 1.48 1.38 1.32 1.28 1.26 1.30 1.37 1.40 1.38 1.38 1.40 1.46 1.53 1.56 1.57 1.57 1.55 1.55 1.58 1.70 1.92 2.12 2.04 1.63 1.23 1.25 1.62 2.01 2.24 2.21 1.90 1.58 1.47 1.47 1.40 1.26 1.17 1.21 1.31 1.45 1.59 1.62 1.61 1.76 2.10 2.23 1.91 1.41 1.27 1.36 1.48 1.62 1.85 2.07 2.11 1.96 1.72 1.53 1.44 1.39 1.36 1.39 1.46 1.55 1.68 1.88 2.07 2.04 1.84 1.67 1.56 1.44 1.39 1.40 1.43 1.54 1.77 2.08 2.38 2.44 2.22 1.99
1.79 1.67 1.47 1.36 1.29 1.25 1.22 1.24 1.36 1.43 1.42 1.40 1.40 1.45 1.52 1.57 1.59 1.59 1.56 1.57 1.62 1.73 1.95 2.15 2.11 1.72 1.28 1.18 1.45 1.85 2.14 2.24 2.08 1.79 1.58 1.48 1.38 1.25 1.15 1.17 1.28 1.43 1.58 1.59 1.54 1.67 2.01 2.25 2.10 1.61 1.31 1.26 1.32 1.45 1.65 1.89 2.05 2.01 1.78 1.54 1.43 1.40 1.38 1.39 1.44 1.51 1.63 1.85 2.06 2.07 1.88 1.68 1.55 1.47 1.43 1.43 1.46 1.54 1.74 2.07 2.37 2.45 2.23 1.95
1.85 1.71 1.46 1.32 1.26 1.24 1.17 1.14 1.25 1.41 1.46 1.43 1.40 1.42 1.47 1.54 1.59 1.57 1.52 1.52 1.57 1.70 1.91 2.13 2.17 1.89 1.43 1.19 1.30 1.68 2.02 2.21 2.14 1.86 1.65 1.53 1.42 1.29 1.17 1.17 1.27 1.42 1.55 1.56 1.51 1.60 1.91 2.22 2.21 1.84 1.45 1.25 1.19 1.26 1.44 1.68 1.91 1.97 1.81 1.57 1.44 1.39 1.38 1.40 1.44 1.49 1.60 1.81 2.01 2.05 1.92 1.73 1.57 1.48 1.44 1.44 1.46 1.53 1.71 2.04 2.37 2.48 2.24 1.89
1.92 1.77 1.50 1.32 1.24 1.23 1.17 1.09 1.14 1.32 1.44 1.47 1.44 1.39 1.39 1.48 1.54 1.53 1.48 1.45 1.51 1.66 1.85 2.05 2.14 2.00 1.66 1.32 1.24 1.51 1.89 2.17 2.18 1.91 1.65 1.52 1.43 1.32 1.18 1.17 1.28 1.42 1.53 1.56 1.54 1.61 1.85 2.18 2.27 2.03 1.67 1.40 1.21 1.17 1.26 1.48 1.76 1.89 1.78 1.56 1.43 1.38 1.38 1.44 1.49 1.53 1.61 1.79 1.97 1.99 1.89 1.77 1.62 1.51 1.46 1.44 1.47 1.54 1.71 2.01 2.37 2.51 2.30 1.89
1.95 1.84 1.60 1.39 1.27 1.23 1.18 1.09 1.08 1.22 1.37 1.47 1.48 1.39 1.36 1.43 1.49 1.50 1.46 1.43 1.47 1.63 1.82 1.99 2.06 1.99 1.82 1.54 1.31 1.40 1.75 2.10 2.21 1.99 1.65 1.46 1.38 1.28 1.19 1.18 1.29 1.42 1.53 1.60 1.66 1.72 1.88 2.15 2.28 2.14 1.86 1.59 1.38 1.24 1.22 1.35 1.62 1.82 1.76 1.57 1.42 1.36 1.36 1.43 1.51 1.54 1.60 1.79 1.97 1.95 1.83 1.75 1.64 1.55 1.51 1.48 1.49 1.53 1.67 1.97 2.35 2.57 2.39 1.98
1.93 1.86 1.69 1.47 1.31 1.24 1.20 1.12 1.08 1.15 1.30 1.45 1.50 1.42 1.35 1.37 1.43 1.46 1.45 1.44 1.48 1.60 1.80 1.96 1.97 1.90 1.83 1.67 1.44 1.40 1.63 2.00 2.23 2.10 1.71 1.44 1.32 1.25 1.20 1.21 1.30 1.42 1.52 1.61 1.71 1.82 1.98 2.19 2.31 2.23 1.99 1.73 1.50 1.34 1.26 1.31 1.49 1.71 1.74 1.58 1.43 1.36 1.33 1.38 1.46 1.52 1.58 1.75 1.95 1.95 1.81 1.73 1.66 1.59 1.56 1.55 1.54 1.52 1.58 1.84 2.29 2.59 2.49 2.09
1.94 1.85 1.66 1.49 1.35 1.26 1.21 1.16 1.10 1.12 1.23 1.38 1.47 1.45 1.40 1.38 1.42 1.45 1.46 1.48 1.53 1.64 1.83 1.96 1.90 1.80 1.75 1.67 1.51 1.42 1.55 1.88 2.19 2.21 1.89 1.54 1.36 1.27 1.22 1.23 1.31 1.39 1.46 1.54 1.65 1.79 1.98 2.21 2.38 2.38 2.17 1.89 1.62 1.41 1.31 1.31 1.40 1.57 1.68 1.59 1.43 1.35 1.32 1.35 1.43 1.50 1.58 1.72 1.89 1.92 1.83 1.74 1.68 1.63 1.61 1.62 1.65 1.63 1.60 1.73 2.12 2.49 2.50 2.18
2.03 1.85 1.60 1.47 1.36 1.26 1.21 1.17 1.13 1.12 1.19 1.30 1.41 1.48 1.49 1.47 1.48 1.51 1.51 1.51 1.56 1.69 1.91 2.03 1.91 1.76 1.68 1.61 1.51 1.43 1.49 1.75 2.09 2.25 2.08 1.72 1.46 1.32 1.24 1.22 1.27 1.33 1.40 1.48 1.58 1.71 1.88 2.12 2.38 2.50 2.36 2.10 1.83 1.57 1.39 1.35 1.36 1.43 1.57 1.57 1.44 1.37 1.35 1.36 1.41 1.50 1.59 1.70 1.82 1.85 1.80 1.74 1.70 1.66 1.63 1.63 1.70 1.77 1.77 1.79 2.01 2.36 2.45 2.20
2.14 1.93 1.61 1.49 1.41 1.29 1.20 1.17 1.15 1.15 1.19 1.26 1.36 1.47 1.54 1.55 1.55 1.55 1.53 1.51 1.52 1.66 1.94 2.10 1.99 1.78 1.66 1.59 1.52 1.45 1.47 1.65 1.95 2.18 2.14 1.84 1.54 1.34 1.23 1.19 1.23 1.28 1.35 1.42 1.50 1.61 1.76 1.96 2.24 2.47 2.48 2.28 2.01 1.72 1.50 1.45 1.41 1.35 1.44 1.51 1.45 1.40 1.40 1.41 1.43 1.49 1.59 1.70 1.76 1.75 1.73 1.71 1.69 1.68 1.67 1.63 1.63 1.75 1.87 1.93 2.06 2.32 2.42 2.16
2.18 2.00 1.71 1.58 1.52 1.39 1.24 1.17 1.16 1.16 1.19 1.23 1.30 1.41 1.50 1.52 1.52 1.52 1.52 1.50 1.49 1.60 1.88 2.10 2.05 1.81 1.65 1.60 1.55 1.50 1.50 1.61 1.85 2.10 2.16 1.92 1.56 1.33 1.21 1.18 1.22 1.29 1.34 1.38 1.42 1.51 1.65 1.83 2.08 2.37 2.50 2.40 2.13 1.83 1.61 1.55 1.50 1.40 1.37 1.43 1.45 1.43 1.43 1.44 1.47 1.52 1.60 1.69 1.70 1.69 1.69 1.69 1.67 1.67 1.70 1.70 1.66 1.67 1.78 1.95 2.14 2.37 2.44 2.22
2.16 2.02 1.78 1.63 1.57 1.50 1.36 1.23 1.17 1.16 1.17 1.19 1.23 1.32 1.41 1.45 1.46 1.48 1.50 1.50 1.49 1.58 1.80 2.06 2.06 1.82 1.62 1.59 1.56 1.52 1.54 1.64 1.81 2.05 2.21 2.07 1.71 1.38 1.19 1.16 1.23 1.32 1.38 1.39 1.41 1.45 1.56 1.73 1.98 2.26 2.46 2.45 2.23 1.92 1.70 1.63 1.58 1.47 1.39 1.39 1.42 1.43 1.43 1.47 1.52 1.57 1.62 1.65 1.66 1.67 1.68 1.69 1.68 1.67 1.68 1.72 1.75 1.75 1.76 1.86 2.08 2.31 2.40 2.27
2.12 2.02 1.83 1.66 1.55 1.53 1.50 1.40 1.26 1.17 1.16 1.15 1.16 1.22 1.32 1.39 1.44 1.48 1.50 1.52 1.52 1.60 1.79 2.03 2.07 1.82 1.58 1.53 1.52 1.48 1.50 1.62 1.77 1.98 2.20 2.22 1.96 1.56 1.21 1.12 1.18 1.30 1.38 1.43 1.44 1.46 1.52 1.65 1.89 2.15 2.38 2.47 2.30 2.01 1.78 1.70 1.64 1.52 1.43 1.39 1.40 1.40 1.41 1.46 1.56 1.63 1.61 1.60 1.63 1.65 1.67 1.68 1.70 1.70 1.67 1.67 1.72 1.81 1.86 1.91 2.02 2.17 2.24 2.19
2.06 2.02 1.92 1.76 1.58 1.50 1.54 1.56 1.45 1.27 1.19 1.16 1.13 1.15 1.24 1.35 1.43 1.48 1.52 1.56 1.60 1.67 1.82 2.03 2.10 1.87 1.57 1.48 1.48 1.44 1.44 1.52 1.67 1.86 2.08 2.23 2.17 1.85 1.38 1.13 1.12 1.23 1.35 1.45 1.49 1.50 1.53 1.62 1.81 2.03 2.29 2.45 2.35 2.09 1.89 1.79 1.70 1.55 1.44 1.40 1.39 1.38 1.38 1.44 1.58 1.68 1.63 1.59 1.61 1.64 1.67 1.69 1.69 1.70 1.69 1.68 1.68 1.75 1.89 1.99 2.09 2.15 2.11 2.04
1.98 1.99 1.97 1.89 1.70 1.50 1.48 1.58 1.60 1.43 1.28 1.22 1.17 1.12 1.16 1.29 1.39 1.44 1.51 1.59 1.64 1.72 1.85 2.03 2.14 1.97 1.62 1.46 1.44 1.42 1.41 1.47 1.57 1.72 1.92 2.11 2.20 2.09 1.72 1.30 1.15 1.18 1.32 1.46 1.51 1.53 1.55 1.60 1.75 1.95 2.19 2.38 2.36 2.19 2.01 1.89 1.77 1.59 1.45 1.42 1.40 1.38 1.37 1.41 1.57 1.69 1.65 1.61 1.62 1.65 1.69 1.72 1.72 1.69 1.67 1.69 1.72 1.74 1.82 2.01 2.21 2.28 2.11 1.94
1.91 1.89 1.89 1.90 1.81 1.58 1.43 1.50 1.61 1.55 1.39 1.32 1.26 1.16 1.12 1.20 1.30 1.37 1.46 1.55 1.61 1.70 1.84 2.02 2.15 2.05 1.71 1.46 1.39 1.37 1.40 1.46 1.52 1.61 1.76 1.92 2.06 2.12 1.98 1.63 1.31 1.21 1.28 1.42 1.48 1.49 1.51 1.57 1.72 1.93 2.13 2.27 2.29 2.24 2.13 2.00 1.85 1.64 1.47 1.43 1.42 1.40 1.39 1.41 1.55 1.67 1.65 1.61 1.63 1.66 1.71 1.76 1.78 1.74 1.67 1.65 1.71 1.76 1.79 1.96 2.25 2.42 2.27 1.99
1.94 1.85 1.72 1.75 1.77 1.63 1.45 1.42 1.56 1.59 1.50 1.45 1.42 1.30 1.17 1.16 1.22 1.29 1.37 1.46 1.55 1.66 1.82 1.99 2.14 2.11 1.81 1.48 1.34 1.31 1.34 1.42 1.48 1.54 1.65 1.78 1.88 1.98 1.99 1.82 1.53 1.32 1.28 1.36 1.43 1.44 1.46 1.52 1.70 1.93 2.08 2.13 2.16 2.21 2.20 2.11 1.95 1.71 1.51 1.45 1.44 1.43 1.42 1.43 1.52 1.62 1.62 1.60 1.62 1.67 1.73 1.79 1.83 1.82 1.77 1.70 1.70 1.76 1.79 1.87 2.14 2.45 2.47 2.21
2.06 1.90 1.63 1.55 1.57 1.52 1.40 1.36 1.46 1.56 1.56 1.54 1.55 1.48 1.31 1.22 1.21 1.24 1.29 1.39 1.49 1.61 1.78 1.96 2.12 2.15 1.93 1.57 1.33 1.25 1.24 1.30 1.38 1.47 1.59 1.70 1.77 1.83 1.86 1.79 1.62 1.45 1.35 1.36 1.40 1.41 1.41 1.49 1.69 1.92 2.03 2.01 2.02 2.12 2.20 2.19 2.06 1.82 1.60 1.50 1.46 1.44 1.44 1.46 1.53 1.59 1.58 1.57 1.60 1.66 1.72 1.79 1.85 1.89 1.90 1.88 1.84 1.84 1.82 1.80 1.98 2.36 2.57 2.51
2.21 2.00 1.65 1.50 1.44 1.37 1.30 1.25 1.31 1.43 1.50 1.52 1.56 1.54 1.43 1.31 1.25 1.25 1.29 1.38 1.47 1.57 1.74 1.92 2.07 2.15 2.05 1.76 1.45 1.26 1.19 1.20 1.26 1.37 1.52 1.62 1.67 1.72 1.74 1.70 1.63 1.53 1.44 1.40 1.41 1.42 1.43 1.50 1.70 1.91 1.99 1.94 1.92 2.02 2.15 2.21 2.14 1.94 1.74 1.61 1.52 1.47 1.46 1.49 1.55 1.59 1.55 1.54 1.57 1.63 1.70 1.76 1.83 1.88 1.93 1.96 1.97 1.99 1.90 1.75 1.84 2.17 2.47 2.61
2.33 2.13 1.76 1.55 1.45 1.35 1.25 1.18 1.17 1.24 1.35 1.44 1.49 1.50 1.44 1.36 1.31 1.29 1.31 1.39 1.48 1.58 1.73 1.88 2.00 2.10 2.09 1.94 1.70 1.42 1.24 1.18 1.22 1.31 1.46 1.56 1.60 1.64 1.66 1.65 1.62 1.56 1.49 1.46 1.45 1.45 1.47 1.54 1.71 1.90 1.95 1.88 1.86 1.94 2.08 2.18 2.16 2.03 1.85 1.73 1.61 1.52 1.48 1.49 1.56 1.60 1.54 1.50 1.52 1.59 1.66 1.68 1.73 1.78 1.82 1.86 1.96 2.07 1.95 1.69 1.67 1.93 2.21 2.44
2.36 2.22 1.92 1.69 1.57 1.47 1.34 1.22 1.13 1.12 1.22 1.36 1.44 1.45 1.42 1.38 1.34 1.31 1.33 1.39 1.47 1.59 1.73 1.86 1.95 2.02 2.04 1.99 1.87 1.67 1.40 1.24 1.23 1.29 1.42 1.53 1.57 1.59 1.61 1.61 1.61 1.57 1.53 1.49 1.47 1.46 1.47 1.56 1.74 1.90 1.91 1.83 1.81 1.89 2.02 2.11 2.11 2.01 1.86 1.73 1.63 1.55 1.49 1.47 1.53 1.58 1.53 1.46 1.45 1.52 1.57 1.58 1.60 1.65 1.70 1.79 1.93 2.07 1.96 1.64 1.49 1.65 1.91 2.19
2.26 2.20 2.04 1.83 1.72 1.65 1.53 1.39 1.24 1.14 1.16 1.28 1.38 1.41 1.40 1.38 1.36 1.34 1.35 1.39 1.46 1.57 1.72 1.85 1.93 1.97 1.96 1.92 1.89 1.81 1.60 1.37 1.29 1.32 1.40 1.51 1.57 1.58 1.58 1.59 1.60 1.59 1.56 1.52 1.48 1.46 1.48 1.58 1.75 1.88 1.87 1.78 1.75 1.84 1.99 2.06 2.04 1.95 1.81 1.67 1.60 1.54 1.49 1.45 1.48 1.53 1.51 1.44 1.41 1.44 1.50 1.51 1.53 1.58 1.65 1.78 1.95 2.08 1.98 1.62 1.37 1.46 1.70 2.04
2.11 2.13 2.07 1.87 1.71 1.69 1.70 1.62 1.46 1.28 1.21 1.25 1.33 1.37 1.38 1.39 1.38 1.38 1.38 1.40 1.45 1.55 1.68 1.81 1.91 1.96 1.91 1.84 1.82 1.82 1.70 1.50 1.38 1.38 1.43 1.51 1.57 1.59 1.58 1.57 1.58 1.59 1.56 1.52 1.48 1.46 1.51 1.62 1.76 1.86 1.83 1.74 1.68 1.79 1.98 2.08 2.04 1.91 1.76 1.64 1.56 1.51 1.46 1.43 1.45 1.48 1.46 1.41 1.39 1.44 1.50 1.52 1.54 1.59 1.65 1.77 1.95 2.11 2.06 1.67 1.36 1.38 1.60 1.96
2.01 2.07 2.09 1.88 1.60 1.53 1.64 1.70 1.62 1.44 1.31 1.29 1.33 1.35 1.36 1.38 1.41 1.42 1.42 1.41 1.44 1.52 1.64 1.77 1.90 1.98 1.90 1.77 1.75 1.78 1.72 1.57 1.46 1.44 1.47 1.54 1.61 1.63 1.61 1.58 1.57 1.55 1.52 1.49 1.46 1.45 1.52 1.66 1.78 1.83 1.80 1.70 1.65 1.75 1.96 2.11 2.09 1.91 1.71 1.60 1.52 1.45 1.42 1.41 1.42 1.44 1.43 1.38 1.37 1.44 1.54 1.57 1.57 1.60 1.65 1.74 1.90 2.10 2.15 1.82 1.41 1.34 1.52 1.86
1.97 2.03 2.09 1.95 1.63 1.40 1.43 1.57 1.63 1.53 1.38 1.33 1.34 1.34 1.34 1.36 1.40 1.43 1.43 1.44 1.45 1.51 1.61 1.72 1.87 2.00 1.94 1.78 1.73 1.75 1.73 1.62 1.50 1.47 1.49 1.56 1.65 1.70 1.67 1.62 1.56 1.49 1.46 1.46 1.44 1.44 1.53 1.69 1.80 1.82 1.76 1.68 1.63 1.72 1.92 2.12 2.17 2.02 1.81 1.67 1.56 1.43 1.37 1.38 1.40 1.42 1.40 1.37 1.35 1.41 1.52 1.59 1.58 1.60 1.65 1.71 1.80 2.00 2.15 1.96 1.53 1.33 1.42 1.72
1.96 2.02 2.07 1.97 1.73 1.45 1.35 1.40 1.50 1.50 1.40 1.34 1.34 1.33 1.32 1.32 1.36 1.42 1.44 1.45 1.46 1.49 1.58 1.67 1.81 1.97 1.97 1.83 1.74 1.74 1.76 1.66 1.53 1.48 1.50 1.54 1.64 1.72 1.74 1.68 1.56 1.45 1.43 1.45 1.44 1.43 1.51 1.69 1.81 1.79 1.72 1.65 1.62 1.69 1.87 2.06 2.17 2.14 1.99 1.88 1.73 1.49 1.35 1.33 1.36 1.38 1.38 1.36 1.36 1.40 1.49 1.57 1.58 1.61 1.67 1.73 1.75 1.87 2.07 2.03 1.67 1.36 1.35 1.62
1.95 2.04 2.11 1.95 1.68 1.48 1.35 1.32 1.36 1.41 1.38 1.33 1.32 1.32 1.30 1.30 1.34 1.41 1.47 1.48 1.48 1.51 1.58 1.66 1.74 1.87 1.92 1.85 1.73 1.70 1.76 1.71 1.57 1.51 1.50 1.51 1.59 1.71 1.79 1.77 1.60 1.42 1.38 1.43 1.44 1.43 1.50 1.66 1.79 1.77 1.69 1.64 1.63 1.69 1.83 1.97 2.09 2.13 2.08 2.04 1.95 1.69 1.41 1.30 1.32 1.35 1.35 1.36 1.38 1.43 1.50 1.55 1.58 1.62 1.69 1.75 1.77 1.78 1.95 2.05 1.80 1.43 1.33 1.56
1.89 2.07 2.24 2.02 1.64 1.46 1.37 1.30 1.29 1.34 1.35 1.31 1.29 1.30 1.30 1.32 1.36 1.44 1.53 1.57 1.57 1.58 1.64 1.71 1.73 1.74 1.80 1.81 1.68 1.61 1.70 1.72 1.61 1.53 1.50 1.50 1.57 1.71 1.85 1.89 1.71 1.44 1.33 1.39 1.43 1.45 1.51 1.64 1.74 1.73 1.65 1.63 1.65 1.70 1.78 1.89 1.97 2.01 2.02 2.05 2.07 1.92 1.59 1.36 1.30 1.32 1.32 1.32 1.35 1.41 1.48 1.53 1.56 1.59 1.67 1.78 1.81 1.74 1.81 1.98 1.91 1.54 1.33 1.53
1.78 2.03 2.33 2.24 1.87 1.58 1.44 1.32 1.22 1.25 1.31 1.29 1.27 1.28 1.30 1.33 1.39 1.47 1.56 1.62 1.64 1.64 1.69 1.76 1.75 1.67 1.68 1.72 1.62 1.50 1.57 1.63 1.59 1.53 1.50 1.50 1.57 1.70 1.86 1.96 1.86 1.55 1.33 1.31 1.37 1.44 1.54 1.64 1.70 1.66 1.61 1.63 1.66 1.69 1.74 1.81 1.86 1.90 1.93 1.98 2.06 2.06 1.85 1.52 1.34 1.31 1.29 1.27 1.28 1.34 1.41 1.49 1.53 1.56 1.66 1.82 1.86 1.74 1.69 1.83 1.91 1.66 1.34 1.47
1.65 1.91 2.30 2.38 2.14 1.81 1.57 1.40 1.24 1.18 1.22 1.25 1.25 1.26 1.28 1.32 1.39 1.45 1.52 1.61 1.67 1.70 1.74 1.80 1.79 1.67 1.61 1.64 1.58 1.47 1.45 1.50 1.52 1.51 1.49 1.50 1.55 1.66 1.81 1.95 1.95 1.72 1.43 1.28 1.29 1.39 1.54 1.66 1.68 1.62 1.60 1.64 1.68 1.69 1.70 1.73 1.77 1.81 1.85 1.91 1.98 2.06 1.99 1.69 1.40 1.30 1.28 1.24 1.23 1.27 1.35 1.45 1.50 1.56 1.68 1.82 1.87 1.77 1.65 1.70 1.84 1.73 1.40 1.37
1.54 1.76 2.17 2.41 2.31 1.98 1.71 1.53 1.39 1.24 1.18 1.19 1.21 1.22 1.24 1.28 1.35 1.43 1.51 1.62 1.74 1.83 1.88 1.89 1.83 1.71 1.63 1.64 1.62 1.51 1.42 1.41 1.45 1.46 1.46 1.48 1.53 1.63 1.76 1.89 1.96 1.86 1.61 1.34 1.23 1.31 1.52 1.66 1.66 1.60 1.61 1.67 1.70 1.70 1.68 1.67 1.68 1.71 1.77 1.84 1.91 2.00 2.02 1.82 1.49 1.31 1.26 1.24 1.21 1.22 1.30 1.42 1.50 1.58 1.70 1.79 1.84 1.80 1.69 1.65 1.76 1.75 1.51 1.37
1.47 1.63 1.99 2.35 2.42 2.15 1.83 1.64 1.50 1.37 1.22 1.14 1.15 1.17 1.18 1.22 1.30 1.39 1.50 1.63 1.78 1.91 2.02 2.03 1.93 1.80 1.73 1.71 1.71 1.63 1.48 1.39 1.40 1.42 1.42 1.44 1.49 1.60 1.72 1.83 1.91 1.92 1.78 1.52 1.29 1.26 1.46 1.63 1.63 1.59 1.63 1.70 1.73 1.74 1.70 1.64 1.61 1.61 1.67 1.78 1.87 1.96 2.03 1.92 1.60 1.34 1.24 1.21 1.19 1.18 1.24 1.38 1.52 1.63 1.72 1.77 1.79 1.78 1.72 1.65 1.71 1.76 1.60 1.41
