project/data/elevation/US_DEM2016/US_DEM2016_point_10-30-2019_1437_30m_ang.asc
ncols	125
nrows	167
xllcorner	-2042055.000000
yllcorner	1465035.000000
cellsize	30.000000
NODATA_value	-9999.000000
[rows 42 to 83 of 167, columns 0 to 94 of 125]
320 323 330 335 337 339 341 342 342 342 342 346 354 2 2 358 354 352 350 348 346 343 341 341 340 340 340 341 343 345 346 341 340 339 338 336 335 335 337 339 341 342 343 344 344 343 343 344 345 347 348 348 347 347 350 349 344 341 340 336 332 330 329 328 327 327 326 323 321 320 318 318 317 315 317 323 329 329 328 332 342 348 348 348 347 346 345 345 347 349 351 354 357 1 4
322 325 331 336 338 340 341 342 342 342 344 350 359 4 1 357 354 351 350 348 346 344 343 343 342 342 342 342 342 342 340 336 336 337 339 338 335 333 335 338 342 344 346 346 343 340 340 340 341 342 345 348 349 350 351 349 347 346 345 342 339 336 334 334 333 333 330 327 326 325 322 316 310 305 304 310 316 319 320 327 339 344 343 342 343 343 343 345 347 350 354 357 0 4 6
323 326 332 336 338 340 342 343 343 344 347 355 4 5 360 355 352 350 348 345 344 343 343 343 343 342 342 342 341 340 337 332 333 335 339 340 339 336 335 338 342 346 349 348 343 337 335 336 336 335 336 339 344 348 348 347 347 347 347 345 342 339 337 337 337 335 332 332 331 329 323 316 309 304 302 302 306 309 312 320 331 338 339 339 340 340 342 344 345 347 352 358 4 8 9
325 327 333 336 338 340 343 345 346 348 352 0 7 5 358 353 351 348 346 344 342 342 342 343 343 342 341 340 339 337 333 327 330 332 337 340 341 341 339 338 342 348 353 351 342 335 332 334 336 337 336 336 337 340 342 343 345 347 347 346 344 340 338 339 339 337 336 336 335 331 324 319 316 313 310 307 307 308 310 314 322 330 334 336 337 338 342 345 346 346 348 355 5 11 11
323 327 333 337 339 340 343 345 348 352 357 5 8 2 355 352 350 347 345 343 342 341 341 342 343 342 341 339 336 333 330 328 328 330 334 338 341 343 344 343 345 351 356 352 344 335 333 334 338 339 339 335 331 331 335 339 344 347 348 347 345 341 340 340 340 339 339 339 337 332 328 325 323 321 319 316 314 313 313 315 320 326 331 334 335 337 342 346 349 349 350 355 5 10 12
320 324 332 336 338 340 342 345 349 354 2 8 5 357 352 351 349 347 345 344 343 342 342 342 341 340 339 336 332 329 328 328 327 328 331 336 340 344 347 349 351 355 355 350 345 338 334 335 338 339 337 331 327 329 334 340 345 348 349 348 346 342 340 340 341 341 341 339 337 335 333 332 331 329 326 323 321 320 320 320 323 327 329 331 334 337 341 346 349 352 356 2 7 11 12
319 322 329 335 338 340 342 345 349 355 6 9 1 352 348 348 348 347 346 344 343 343 342 342 340 338 336 332 328 326 328 330 329 328 331 334 338 343 348 353 358 357 352 347 343 338 334 335 339 338 333 328 328 332 338 344 347 349 350 349 348 344 342 341 342 343 341 341 340 340 340 339 338 337 335 332 330 329 328 327 327 327 327 328 332 336 340 344 348 354 1 8 10 11 10
319 322 328 333 337 341 343 345 349 357 8 8 358 349 346 346 346 346 346 345 344 343 342 341 339 337 333 327 324 324 329 332 332 332 334 335 337 342 349 359 3 358 349 343 339 335 334 336 339 336 330 329 332 337 344 349 350 350 349 349 348 346 344 342 342 343 343 343 344 345 345 345 345 344 343 341 340 339 339 337 334 329 326 326 328 333 338 341 346 356 7 10 9 7 3
318 322 329 333 337 341 345 347 350 359 7 5 355 349 346 346 347 347 347 346 345 344 342 341 339 336 331 324 320 322 328 331 332 335 338 339 341 347 356 4 5 357 348 343 338 335 335 337 338 335 332 332 336 343 350 353 353 350 348 346 345 345 344 342 340 341 343 345 346 347 348 347 347 347 346 346 346 346 347 347 344 338 331 326 326 331 336 339 346 359 10 10 6 2 357
316 320 329 334 337 342 346 348 351 359 4 360 353 349 348 348 348 348 348 348 347 345 343 340 338 335 329 321 318 320 326 328 331 336 340 344 349 356 2 4 1 355 349 346 342 338 337 338 339 338 336 337 342 348 353 356 355 351 347 345 342 341 341 338 337 338 340 342 343 344 345 346 346 346 347 348 349 350 351 352 351 347 342 335 330 331 334 339 347 2 9 8 5 2 356
316 319 327 333 337 342 346 348 352 358 359 355 351 349 350 350 350 350 350 349 348 346 344 340 337 333 327 320 316 317 322 325 329 333 338 346 355 1 2 359 356 352 349 346 343 338 336 338 340 342 342 343 347 352 356 358 357 353 349 345 341 339 336 333 332 332 333 332 331 332 334 337 339 340 342 344 346 347 349 350 351 350 348 345 340 335 335 339 351 2 6 6 7 5 359
317 318 324 330 335 340 344 347 352 356 355 351 348 349 351 353 352 351 350 350 349 347 344 340 335 331 325 320 316 317 321 323 327 331 337 347 358 1 358 355 352 349 347 344 339 335 334 336 341 345 347 349 351 355 358 0 0 357 351 346 342 339 335 331 328 327 328 325 324 323 324 325 328 331 334 337 339 341 342 343 343 344 345 345 344 341 339 343 352 359 2 5 7 3 357
319 320 325 328 332 337 341 346 352 356 354 349 347 350 353 354 353 351 350 350 349 347 343 339 335 330 325 321 319 320 324 326 328 331 336 348 359 359 354 350 348 346 343 339 334 331 331 335 341 346 349 352 354 358 1 3 3 358 351 346 342 340 336 332 329 327 328 327 327 326 324 320 317 317 322 326 329 331 333 332 329 327 328 332 336 341 344 347 351 355 359 2 1 357 353
323 324 327 330 333 336 338 342 349 354 354 350 350 353 356 355 353 350 348 347 347 346 343 339 335 331 327 323 321 323 326 329 329 331 337 349 359 357 351 348 344 342 338 333 328 327 329 335 342 347 350 353 357 1 4 6 3 357 349 345 342 340 337 333 329 328 329 331 330 328 325 319 313 311 312 314 314 315 318 319 316 316 318 324 331 338 345 349 351 353 356 357 355 352 349
325 327 331 335 338 340 340 341 346 352 354 354 356 358 358 356 353 350 346 345 345 344 343 340 336 333 329 325 323 324 328 331 331 333 340 351 357 356 352 348 343 339 333 328 325 325 328 335 342 347 349 353 358 4 7 8 3 355 348 345 343 341 338 333 329 328 333 333 333 330 326 323 322 320 318 313 307 306 309 313 316 318 322 328 334 340 345 348 350 351 353 353 351 349 344
324 327 334 339 343 345 345 344 346 352 356 359 0 1 360 357 354 351 347 345 344 343 343 341 338 336 333 328 325 327 332 336 337 340 346 352 355 354 352 349 344 338 330 325 322 324 329 334 340 344 347 352 359 6 10 9 3 356 350 347 345 344 340 333 329 328 331 335 334 332 330 330 331 331 329 322 316 316 317 319 321 324 328 333 340 344 347 348 349 350 351 351 348 344 339
321 325 334 342 347 350 349 348 349 354 358 360 360 359 358 356 353 351 349 346 344 343 342 341 339 338 336 331 328 330 336 340 342 346 351 353 353 352 351 348 345 338 329 323 321 324 329 332 336 339 342 350 0 8 11 9 5 359 354 350 348 346 342 336 331 331 333 336 335 334 334 336 339 340 335 328 325 324 324 324 325 328 333 339 344 347 348 348 349 348 349 348 344 339 336
317 321 333 342 348 351 352 352 354 357 358 358 356 355 354 352 350 348 347 346 345 343 341 339 339 340 338 332 330 332 337 340 343 348 353 354 352 349 348 346 343 338 329 323 319 322 325 328 330 332 336 346 358 7 10 9 6 0 354 350 347 345 342 339 337 336 338 338 336 336 338 342 346 343 336 332 330 329 329 329 330 333 337 343 346 348 349 348 348 346 346 345 340 336 335
316 320 331 340 346 351 353 356 359 0 359 355 351 349 347 347 345 344 343 343 342 340 337 336 337 338 335 331 330 335 339 340 342 345 350 353 351 348 346 344 341 336 329 322 319 321 322 323 324 327 331 340 352 2 6 6 3 359 354 349 345 342 340 339 341 343 344 340 338 340 344 347 347 343 339 336 335 334 334 334 335 338 341 344 347 349 349 348 346 344 343 341 337 335 341
315 319 331 339 344 349 353 358 3 4 360 352 346 341 340 339 338 337 335 334 333 332 331 331 333 333 329 326 328 336 343 345 345 345 348 350 350 347 345 343 341 337 329 323 322 325 326 325 326 329 333 338 347 357 2 2 360 356 353 349 344 340 338 338 342 347 347 343 342 344 348 349 347 344 342 341 340 340 340 340 341 343 345 346 348 349 348 346 344 342 341 339 335 337 346
314 318 329 338 344 348 353 0 7 9 3 352 342 334 330 330 330 330 327 322 319 319 320 323 327 326 322 320 324 334 342 347 349 349 350 350 348 346 345 344 342 338 331 327 327 332 334 333 333 335 338 342 348 355 359 358 356 353 349 345 341 338 337 338 342 346 345 343 345 348 350 349 347 346 346 343 343 344 345 346 346 347 348 349 349 349 348 344 342 340 338 336 335 339 346
317 320 329 337 343 349 354 3 12 14 8 356 342 330 323 322 324 328 327 321 315 310 310 316 322 321 318 317 321 330 338 344 349 352 353 353 350 347 346 345 343 338 332 330 332 337 340 340 339 340 343 346 351 356 358 356 353 349 344 339 337 336 336 339 342 343 341 340 345 349 349 347 346 346 345 344 344 346 348 349 350 351 352 352 351 349 346 342 339 337 336 335 335 339 343
321 324 332 340 345 350 358 8 16 17 10 1 350 340 331 326 326 332 334 332 325 318 314 316 320 319 317 316 319 327 333 337 344 350 356 357 355 350 348 346 343 337 331 329 332 339 342 343 343 345 346 349 353 357 357 354 350 344 338 335 334 335 337 341 342 339 335 336 342 347 347 345 344 344 344 343 344 345 347 350 351 352 353 354 352 348 343 339 336 334 333 332 334 337 338
323 327 336 343 348 354 3 12 16 14 8 2 356 350 344 337 332 332 335 337 335 330 325 323 322 319 318 318 322 329 332 333 337 345 354 358 357 353 350 347 342 336 330 328 331 338 341 343 346 349 350 350 353 356 356 352 347 340 335 333 334 336 339 342 341 335 330 331 338 342 343 343 342 340 340 342 343 343 344 346 349 351 351 352 349 342 337 334 333 332 331 330 331 333 335
323 327 337 345 351 358 7 12 12 8 4 1 359 356 351 344 337 333 334 337 339 337 333 329 325 321 320 322 328 334 336 336 336 341 349 354 354 352 349 346 341 335 330 327 330 335 338 341 347 351 352 352 354 355 354 350 344 337 333 334 337 339 342 343 340 332 327 328 334 339 340 342 341 339 337 338 341 343 342 341 343 345 346 344 338 330 326 327 330 331 331 331 331 332 333
324 328 338 347 354 2 8 9 5 1 359 360 360 359 355 350 342 336 334 335 337 337 335 332 327 324 324 326 332 339 342 342 341 342 347 350 350 348 347 344 340 335 329 327 328 332 335 339 345 349 352 353 354 354 352 347 341 336 334 336 339 341 343 343 338 331 326 327 332 336 338 339 340 340 338 337 339 344 344 339 334 337 338 332 324 320 320 323 327 330 331 333 333 334 334
323 328 340 349 357 4 7 5 359 355 355 357 358 358 356 353 347 341 336 334 334 335 335 332 328 326 326 329 334 340 344 346 345 345 347 348 348 347 346 343 339 334 330 327 326 329 333 337 342 346 349 351 352 351 348 343 338 336 337 338 339 342 344 341 336 329 325 324 326 329 332 333 334 337 339 340 341 346 348 341 333 333 333 327 321 318 319 323 325 327 330 334 337 338 339
323 328 341 351 359 6 8 3 356 350 348 350 352 353 354 353 351 345 340 336 334 333 332 330 328 328 329 331 334 339 343 345 346 348 349 349 348 348 346 343 339 335 332 329 327 329 334 338 341 342 342 344 346 347 345 341 337 337 339 338 338 340 340 337 332 327 322 319 320 321 320 322 325 329 336 343 348 351 349 341 335 334 332 327 322 320 322 324 326 328 332 337 340 342 343
324 329 342 353 1 8 9 5 358 349 343 341 342 345 348 350 350 348 343 339 336 333 331 329 328 329 331 333 334 336 338 340 343 347 349 350 349 347 345 342 339 337 335 331 329 331 337 339 340 338 337 338 342 345 345 342 340 341 340 337 336 336 334 330 328 326 324 323 325 325 324 326 328 331 338 347 351 348 343 338 335 334 332 328 325 326 328 330 331 333 337 341 344 346 347
325 330 343 354 4 10 10 7 2 355 346 338 334 336 340 344 347 346 344 341 338 335 330 329 329 332 335 336 336 335 334 335 338 343 347 349 349 346 343 341 339 338 336 331 329 332 337 339 339 339 339 340 343 347 349 349 348 348 345 342 341 340 336 332 331 332 333 334 335 336 336 337 339 343 346 347 347 343 339 336 335 335 335 332 331 333 337 340 340 341 344 347 348 349 350
327 332 345 356 6 10 9 6 3 359 353 345 337 334 336 340 343 343 343 341 339 336 332 331 332 336 339 340 340 339 338 337 338 341 343 347 348 345 342 340 340 339 336 331 329 333 339 340 341 342 343 344 347 351 353 353 352 352 351 349 348 346 343 340 337 337 339 341 343 341 343 345 347 349 348 345 342 339 336 334 335 338 339 337 336 338 344 348 350 351 352 352 352 353 355
329 334 346 359 7 9 6 2 359 357 354 350 344 340 338 338 339 340 342 341 340 337 334 332 334 339 342 344 344 343 341 342 343 343 344 347 347 345 343 342 342 341 338 333 330 334 339 341 342 344 346 349 351 353 354 352 352 352 351 350 349 347 344 341 339 340 343 344 343 344 347 350 350 347 343 341 339 336 333 333 336 339 341 341 341 343 348 353 357 359 360 359 357 357 0
331 336 348 0 7 8 4 358 354 352 351 349 348 346 343 339 337 336 338 336 340 336 334 334 336 339 343 346 346 345 344 344 345 345 347 348 347 345 344 344 343 342 339 334 331 332 337 340 341 343 346 349 352 354 354 352 350 349 348 348 347 344 341 339 340 343 346 344 344 347 350 350 346 341 338 337 336 332 330 332 335 339 342 344 346 348 350 352 358 4 6 4 1 2 4
333 337 350 1 6 7 1 353 349 347 346 347 347 347 344 340 336 334 335 336 338 339 338 337 336 338 341 345 347 347 345 345 345 345 346 346 346 346 345 344 343 341 338 333 329 330 333 335 337 339 341 344 349 353 354 351 348 346 345 344 342 340 340 341 344 347 346 344 346 349 350 347 342 337 335 335 334 331 330 332 335 337 339 342 347 351 353 352 356 3 7 7 5 5 6
333 339 351 1 5 3 355 348 344 342 342 343 343 343 340 337 332 332 332 334 337 338 339 339 338 337 339 344 347 348 347 347 347 345 344 345 346 347 346 344 342 340 336 332 329 330 333 336 338 339 341 343 346 350 352 350 348 346 344 342 339 339 342 348 352 350 346 345 346 348 347 344 340 337 336 336 335 334 334 335 336 333 330 331 338 348 355 357 358 2 5 6 6 6 6
332 339 353 1 2 356 349 345 343 341 340 339 339 337 335 333 329 331 333 334 337 339 340 340 339 337 339 342 345 347 349 350 350 348 346 347 348 350 349 346 343 339 336 331 328 328 333 336 338 339 341 342 344 346 348 349 347 346 344 342 340 343 350 355 354 350 347 346 346 346 345 342 340 339 339 338 338 338 340 342 342 339 333 328 330 338 350 358 2 4 5 5 6 6 5
330 338 354 1 358 350 346 345 344 343 341 339 336 334 332 331 330 331 334 336 337 339 341 341 339 337 338 341 343 345 349 352 352 350 350 351 353 354 351 346 342 339 335 330 325 324 327 331 332 333 335 337 339 341 345 347 346 345 344 342 344 350 355 354 351 349 348 346 345 344 343 340 340 342 343 341 341 341 343 347 349 348 343 337 333 335 342 353 2 6 6 5 5 5 3
330 338 354 359 355 348 346 347 347 345 342 339 335 333 331 330 331 333 335 337 339 340 341 341 339 336 336 338 339 341 346 351 352 352 352 355 358 357 352 347 342 339 335 330 324 321 323 326 328 330 333 335 337 340 344 345 345 345 344 344 347 353 353 350 347 346 344 343 343 343 341 338 339 340 342 343 343 342 343 347 351 352 350 346 342 340 342 349 360 5 4 3 3 3 0
334 340 353 357 354 349 347 347 346 344 341 337 334 332 331 330 331 333 336 338 340 341 342 342 339 335 333 334 334 335 339 344 349 352 354 358 1 360 355 350 346 342 340 335 330 326 326 327 329 331 334 336 338 341 345 346 347 348 347 348 350 352 349 345 342 340 339 340 341 341 337 334 334 338 341 343 343 342 342 344 349 353 353 351 349 347 346 350 357 1 0 360 0 359 356
340 343 350 354 353 349 347 346 344 342 338 335 331 330 330 331 331 333 336 339 341 341 342 343 340 335 332 331 329 327 327 331 338 346 353 359 2 360 356 353 349 347 344 342 338 334 332 331 332 334 335 337 338 341 346 348 350 352 352 353 352 350 346 341 338 335 336 338 340 338 333 330 331 336 340 342 343 343 342 342 344 349 353 354 354 352 351 352 356 357 356 356 357 355 351
345 346 348 352 351 348 346 344 341 338 335 332 330 329 330 331 332 334 338 340 341 341 343 343 341 337 334 332 329 323 320 320 326 335 348 356 359 358 355 351 348 347 346 344 341 338 335 334 335 336 336 336 337 340 346 349 351 351 352 353 352 349 344 338 334 333 335 339 340 337 332 328 330 335 340 342 343 343 344 344 342 344 350 354 356 356 355 355 356 355 353 353 353 350 345
346 347 349 351 349 346 343 341 338 335 332 330 328 329 331 333 334 337 340 342 341 342 343 342 340 338 336 335 335 331 326 325 325 331 340 351 357 355 351 348 346 346 345 344 342 338 335 335 336 337 337 338 339 342 346 349 350 349 350 351 349 346 341 336 331 331 337 341 340 336 331 328 328 332 337 338 340 342 344 345 345 343 346 351 355 358 359 359 356 353 352 351 349 346 343
