project/data/elevation/US_DEM2016/US_DEM2016_point_10-31-2019_1904_30m_ang.asc
ncols	125
nrows	167
xllcorner	-2042055.000000
yllcorner	1465035.000000
cellsize	30.000000
NODATA_value	-9999.000000
[rows 0 to 46 of 167, columns 0 to 95 of 125]
2 0 353 348 348 349 350 351 354 356 358 358 357 356 358 359 359 359 358 357 356 355 355 356 358 359 1 2 1 0 359 357 355 353 351 348 345 346 349 351 353 353 354 355 356 356 355 353 352 352 352 353 355 356 357 358 360 359 358 357 356 355 353 352 353 356 358 359 358 356 354 353 353 353 354 355 355 353 352 354 357 358 357 356 356 356 357 359 359 357 355 356 357 356 354 353
2 0 353 348 348 349 350 351 354 356 358 358 357 356 358 359 359 359 358 357 356 355 355 356 358 359 1 2 1 0 359 357 355 353 351 348 345 346 349 351 353 353 354 355 356 356 355 353 352 352 352 353 355 356 357 358 360 359 358 357 356 355 353 352 353 356 358 359 358 356 354 353 353 353 354 355 355 353 352 354 357 358 357 356 356 356 357 359 359 357 355 356 357 356 354 353
10 5 354 346 342 342 344 346 350 355 358 358 356 356 358 360 1 1 0 358 356 353 353 356 359 2 5 7 6 5 3 1 358 356 353 349 344 342 344 348 350 352 353 354 355 357 356 354 352 350 350 351 354 356 357 359 1 2 1 360 357 354 351 349 350 354 358 0 0 358 355 354 353 353 353 354 353 350 348 352 357 358 356 356 356 356 359 1 1 358 356 357 357 356 353 351
20 12 355 344 337 332 331 335 341 349 356 358 356 355 357 1 3 4 4 1 356 351 351 355 1 8 14 16 15 12 10 7 3 0 357 352 346 341 338 341 346 349 351 352 353 355 356 355 352 349 348 349 353 355 357 359 2 4 4 4 2 357 351 347 347 350 355 360 0 360 358 357 356 355 353 352 350 346 343 347 354 355 353 353 355 359 3 5 3 359 357 357 357 355 351 348
22 13 356 346 339 331 325 325 331 340 349 355 356 356 357 1 3 4 4 0 355 351 352 357 6 14 20 20 17 14 11 8 4 1 359 357 353 347 342 339 341 345 348 350 351 352 354 354 352 349 348 350 353 355 357 359 360 1 2 4 3 1 356 352 349 348 350 353 356 359 360 0 360 358 355 351 347 344 341 343 347 348 346 348 355 3 6 6 3 359 357 357 355 350 347 347
20 12 357 348 342 335 328 323 323 329 339 350 354 355 356 360 1 1 359 357 353 352 355 2 11 19 22 20 16 12 9 6 3 2 2 0 357 353 348 341 337 337 341 345 348 350 352 352 351 350 350 352 355 358 0 0 358 356 356 358 1 3 2 359 355 351 349 348 350 354 358 1 1 359 354 350 346 343 340 340 341 340 338 342 354 5 8 6 2 358 356 355 350 345 345 349
17 10 358 351 346 341 335 327 321 319 326 340 348 350 352 357 1 1 357 354 352 354 360 8 15 20 21 17 13 9 6 4 3 3 3 2 359 356 353 348 340 334 334 337 342 347 349 349 348 348 349 353 358 2 4 2 359 357 356 357 359 3 5 3 359 355 351 348 349 352 355 359 359 357 353 349 345 341 338 337 337 336 334 337 350 3 7 5 360 356 355 351 346 344 348 358
11 6 358 354 351 347 342 334 324 318 318 327 338 342 346 353 1 3 360 354 351 355 3 11 16 19 18 15 10 5 3 3 3 3 2 1 360 359 358 355 349 341 333 331 335 342 346 345 344 344 346 352 358 3 5 4 2 1 2 3 4 4 5 4 2 358 353 349 349 352 355 357 357 355 352 349 345 340 336 335 334 333 332 335 344 357 3 2 357 354 352 348 346 349 360 13
4 2 358 357 356 353 349 342 333 325 321 323 327 333 338 348 359 6 4 358 352 355 5 13 18 17 15 11 7 3 1 0 360 359 358 358 360 1 2 1 358 353 345 337 335 340 344 344 342 341 344 350 357 2 6 7 7 8 10 11 9 7 4 3 2 360 354 350 349 353 356 357 356 354 351 349 347 343 339 337 335 333 333 331 341 350 357 357 353 352 350 348 351 2 14 21
355 357 360 1 0 359 355 348 340 336 332 329 327 327 332 343 356 6 6 360 354 356 5 14 16 14 10 7 5 1 358 356 355 353 354 356 359 2 3 3 3 1 357 350 344 342 344 344 342 341 345 351 357 1 6 10 13 16 18 15 12 8 4 1 0 359 355 352 352 354 356 356 354 351 350 349 348 346 346 345 343 340 338 339 342 348 352 351 350 350 351 353 2 12 15 15
347 352 1 4 3 1 357 351 347 344 342 339 334 331 331 338 352 2 3 359 357 360 7 12 12 10 6 3 1 358 355 352 350 350 352 355 358 360 2 3 4 4 3 359 353 346 343 342 341 342 348 356 0 3 5 11 18 21 20 16 11 7 2 357 355 355 356 356 357 356 355 353 351 349 348 348 348 349 350 351 350 348 346 345 346 349 350 347 347 351 356 1 5 8 8 8
337 346 359 3 4 1 357 354 352 352 351 348 345 341 338 340 347 354 357 358 360 4 9 10 8 6 3 359 355 353 351 349 349 351 354 356 355 356 358 0 2 4 5 4 360 353 346 341 341 344 352 360 5 7 9 12 16 18 16 13 9 3 358 353 350 351 355 359 1 358 354 350 348 347 347 348 349 351 354 354 352 349 347 347 349 350 348 344 346 353 359 1 2 3 3 4
337 340 349 357 0 359 357 356 356 357 357 355 353 352 348 345 346 349 352 356 2 8 11 8 5 2 358 354 351 349 348 348 349 354 357 355 352 352 354 356 358 360 2 4 3 359 351 344 343 346 354 3 9 14 14 12 10 10 10 8 4 358 354 352 349 349 354 359 2 359 354 349 346 347 348 349 351 354 358 356 349 342 340 342 345 347 345 343 346 351 355 358 359 360 359 360
346 343 343 347 353 356 356 357 359 0 0 359 359 359 356 352 350 349 350 354 3 12 12 7 2 358 355 352 349 348 348 350 354 358 357 351 348 349 351 351 352 353 356 1 4 1 355 349 348 352 359 7 15 17 13 7 4 4 4 2 359 356 353 351 349 349 352 357 0 360 355 350 348 349 352 355 357 359 0 356 348 340 335 336 338 340 341 343 345 348 351 354 356 356 356 355
348 348 346 344 345 349 354 357 358 359 358 359 360 1 0 358 356 354 353 356 6 13 11 6 2 358 354 353 352 350 351 354 358 359 355 349 346 347 347 347 346 347 350 355 359 359 356 353 355 359 5 12 15 11 5 2 1 360 358 356 355 354 352 351 350 349 351 355 359 360 356 351 351 356 1 3 1 360 358 354 349 343 340 337 336 336 340 343 344 345 348 350 351 352 352 351
345 348 351 350 347 345 347 350 349 347 347 348 352 356 358 0 2 1 360 2 8 10 9 7 5 2 359 357 357 355 354 354 355 357 356 354 350 348 347 348 348 347 347 350 352 354 355 357 1 7 11 12 9 3 359 359 360 358 354 351 351 352 352 352 351 350 352 355 359 360 358 356 359 5 7 3 0 358 356 351 348 345 343 340 338 338 341 344 343 343 345 347 347 348 350 351
345 348 354 357 357 352 347 344 341 338 336 337 340 343 348 357 4 6 6 7 8 8 9 10 9 7 2 359 358 358 356 352 352 354 356 356 354 351 350 350 351 350 349 348 348 350 355 2 8 12 13 10 4 359 357 358 359 356 351 347 347 349 352 354 353 352 352 355 358 0 2 4 7 7 4 0 359 359 356 351 347 346 344 342 341 342 344 345 344 341 342 345 346 348 353 356
351 352 357 3 6 0 351 346 342 341 341 341 342 343 345 353 2 8 9 9 8 9 11 12 10 6 2 358 358 359 359 355 351 351 353 355 356 354 352 351 350 350 348 347 347 350 357 6 12 13 12 8 1 356 355 358 358 353 348 345 345 347 351 354 356 356 354 353 356 0 5 8 8 5 0 359 360 0 358 354 351 348 346 345 346 347 347 346 344 340 340 343 346 352 358 358
355 357 3 7 6 358 350 346 345 345 346 347 348 350 351 354 0 7 9 9 10 12 13 11 8 4 1 358 356 357 359 357 354 351 350 353 355 355 354 351 349 348 348 348 349 353 1 9 13 13 10 5 358 355 355 358 356 350 345 344 344 346 349 354 357 358 356 353 352 357 4 6 5 2 359 359 0 0 360 358 356 353 350 349 351 351 350 346 342 340 340 343 347 353 356 355
358 3 10 8 0 352 348 346 347 348 350 352 354 357 358 359 1 6 8 9 11 13 12 10 6 3 0 357 355 354 355 356 354 352 351 352 354 355 354 351 350 349 350 352 356 1 6 8 8 8 5 1 357 356 357 357 352 347 344 344 344 346 348 351 355 357 357 355 351 352 357 0 1 359 359 359 360 360 0 1 2 0 357 355 354 354 351 346 342 342 343 344 347 349 350 351
9 12 11 2 351 346 346 347 349 352 354 356 359 1 3 4 5 7 8 9 11 11 10 8 6 3 359 357 354 352 351 352 352 352 352 353 354 354 353 352 352 353 355 1 6 9 6 2 360 359 359 358 357 358 359 356 350 346 345 346 346 347 347 347 349 352 354 355 350 345 346 351 353 355 357 359 359 358 360 3 5 6 5 1 357 354 352 350 348 347 347 346 345 345 346 349
18 13 3 353 347 345 346 348 352 355 357 359 1 4 6 8 9 9 8 8 8 7 5 5 4 2 359 356 354 351 349 348 350 351 353 354 354 353 353 354 357 0 6 12 11 7 0 355 353 352 353 355 358 1 1 357 352 349 349 350 350 349 347 341 337 338 340 343 341 335 333 336 341 346 351 355 356 356 358 2 7 10 11 7 360 355 354 354 354 354 351 348 346 345 346 350
10 4 356 351 347 346 348 351 354 356 358 359 2 4 8 11 12 9 6 4 2 1 1 1 1 360 358 355 353 351 348 348 349 352 355 356 354 353 356 1 6 11 15 13 6 359 354 350 347 348 350 353 358 2 3 0 356 355 355 356 357 356 351 338 326 322 320 320 322 320 319 320 325 332 338 346 350 351 353 357 3 9 12 10 5 360 356 356 357 356 353 348 346 347 349 351
355 354 353 352 350 350 352 354 356 357 358 360 2 5 9 12 12 8 4 1 358 356 356 357 357 357 355 354 352 351 350 350 352 356 359 358 355 357 4 11 16 16 13 5 359 354 349 346 344 345 348 352 357 1 3 3 3 2 3 5 7 6 359 346 335 329 326 323 323 320 315 310 310 316 324 332 338 342 346 351 357 4 11 13 12 5 359 356 355 355 352 348 347 348 349 349
340 344 350 353 353 354 355 357 357 357 358 360 2 5 8 10 9 5 3 0 357 354 353 352 352 352 352 352 352 352 353 356 0 4 4 1 1 7 14 16 14 10 4 358 354 351 347 344 343 344 347 352 356 359 3 5 7 9 10 13 13 9 0 351 345 340 336 334 332 328 321 313 307 305 310 318 323 329 336 342 348 356 8 14 15 10 2 357 355 354 353 349 347 346 346 346
328 334 345 352 356 359 358 357 357 357 358 359 1 4 5 6 5 4 3 2 359 355 352 349 348 348 349 351 353 357 2 8 13 13 9 6 9 12 12 9 5 1 357 353 350 348 346 346 345 346 348 351 354 358 1 5 9 12 15 16 14 7 359 353 349 345 343 341 340 335 330 325 318 311 309 310 310 312 320 329 336 347 359 9 13 12 6 360 357 355 354 351 347 346 345 346
322 327 339 349 357 2 2 359 358 357 357 359 1 1 2 1 2 2 3 1 358 354 351 349 347 347 349 353 358 6 14 20 20 16 11 8 7 7 5 2 358 355 352 349 346 345 346 348 350 350 350 350 352 355 358 3 9 13 15 14 9 3 358 354 352 350 348 348 346 343 340 338 333 325 320 316 311 309 312 317 325 336 347 360 9 12 10 4 358 356 354 351 348 346 346 346
320 325 335 344 354 1 4 3 0 359 358 359 0 0 360 0 360 360 360 358 355 351 349 349 349 350 353 359 8 18 25 23 17 11 8 6 3 2 1 359 355 351 347 345 343 343 346 351 355 357 354 350 348 350 354 1 8 12 11 8 3 359 357 357 357 356 355 353 352 351 351 349 343 336 332 328 322 318 317 318 321 327 336 348 1 9 11 8 1 356 354 351 348 347 347 347
322 324 330 339 348 358 4 5 3 1 0 0 1 1 1 1 359 357 355 353 351 349 349 350 352 355 1 9 19 24 22 15 9 6 4 3 1 360 359 358 354 348 344 341 341 342 347 353 359 2 359 352 346 345 350 359 6 7 5 1 356 354 356 358 1 2 1 358 357 358 358 356 350 344 342 339 333 329 328 328 326 325 328 336 349 2 9 10 6 359 354 351 348 347 348 348
327 327 330 335 342 352 1 5 5 4 2 2 1 1 3 2 360 356 352 349 348 350 353 356 360 4 11 19 22 17 10 5 4 3 2 1 360 359 358 356 353 347 342 339 339 342 347 353 359 3 2 357 350 345 348 356 1 2 360 355 351 350 354 359 4 5 5 3 2 2 2 0 357 353 349 345 341 339 339 339 337 331 326 327 336 349 2 8 8 4 358 352 348 347 348 351
330 332 336 338 340 346 356 3 7 7 5 3 1 0 2 0 360 355 350 348 350 356 3 9 15 20 24 22 12 3 359 358 359 360 360 359 358 358 357 355 351 346 342 340 340 342 345 350 356 0 2 0 355 350 349 353 356 358 355 350 347 347 351 357 2 5 6 6 6 4 3 3 3 1 356 351 348 347 348 348 345 339 331 325 325 332 347 0 7 7 2 356 351 349 350 353
328 331 339 341 341 343 350 360 6 9 8 5 3 2 2 2 359 354 352 354 1 11 20 28 30 29 24 12 357 350 350 352 354 356 357 357 357 357 356 353 349 345 343 343 345 345 345 347 350 355 360 1 358 354 352 352 354 355 352 347 344 345 348 352 356 360 3 5 6 5 4 5 6 6 2 358 356 356 356 355 351 346 340 332 323 321 328 342 357 4 4 0 355 352 351 353
323 327 334 339 340 341 345 355 4 9 10 9 7 5 4 3 359 357 359 7 15 28 31 28 24 18 11 2 350 342 341 344 347 350 352 354 355 355 354 350 346 343 342 344 348 349 348 345 345 349 355 358 359 358 356 355 355 354 350 345 342 342 343 346 349 353 357 1 4 4 4 5 7 7 6 6 6 5 2 359 356 354 349 340 331 324 322 326 338 351 359 0 359 355 352 352
329 328 327 330 333 336 339 348 358 6 11 12 11 8 6 4 2 2 7 19 22 21 21 19 15 10 6 1 354 346 343 342 343 344 347 350 352 352 350 348 344 342 341 343 346 348 346 341 338 342 348 354 359 1 360 358 357 355 350 345 342 339 338 339 341 346 352 357 0 2 2 3 5 6 9 12 14 12 7 2 2 1 355 346 339 335 331 328 329 334 344 353 357 355 351 349
344 338 331 330 331 333 334 339 349 1 9 13 14 11 9 7 6 7 15 18 15 15 15 13 11 8 5 2 358 353 350 349 348 347 346 346 348 348 347 346 344 343 344 344 342 339 337 334 332 334 341 349 357 2 2 0 358 356 352 348 346 341 338 336 336 339 347 354 357 359 360 360 1 4 9 14 16 15 12 8 7 5 358 349 345 343 343 341 338 335 337 342 348 351 348 347
349 345 339 339 340 340 339 338 343 353 4 12 15 14 12 10 9 9 9 11 10 10 9 9 8 7 5 4 2 358 354 352 353 352 349 346 345 345 345 345 346 348 350 350 344 338 336 334 333 333 337 345 355 2 3 0 358 356 353 351 349 345 342 338 335 336 341 348 352 356 358 357 357 0 5 10 14 15 15 13 10 5 358 353 350 351 351 351 348 344 341 342 344 347 347 346
346 345 344 346 348 349 348 345 344 349 357 7 14 16 16 13 11 7 9 5 4 4 4 5 5 6 6 6 5 3 358 355 353 353 352 350 347 345 345 346 350 354 357 353 346 342 340 340 340 339 338 342 352 0 3 1 358 356 353 351 350 349 347 343 339 336 337 341 345 350 355 356 354 357 0 2 7 12 14 13 9 5 1 358 357 358 359 356 351 346 343 343 344 346 348 347
340 342 346 350 353 354 354 352 351 352 354 0 9 15 18 16 11 3 360 359 358 358 360 1 3 4 5 7 8 7 4 358 353 351 351 350 348 346 344 346 351 356 359 356 350 346 345 346 347 346 342 342 349 358 2 1 358 356 352 350 350 352 353 351 347 342 337 337 339 344 351 353 352 353 355 356 0 6 9 9 7 6 6 5 6 6 4 358 351 347 344 343 344 347 350 350
335 339 347 352 355 356 357 357 357 356 353 356 2 11 14 17 10 7 355 353 353 354 356 358 0 2 4 6 8 9 7 3 356 351 349 348 348 346 344 344 348 354 359 358 355 351 350 350 350 348 345 342 345 355 1 1 358 355 351 349 351 354 356 356 354 349 342 336 333 337 346 350 349 349 350 351 354 358 2 3 5 7 11 14 15 11 3 356 352 350 349 347 347 349 353 354
332 337 347 354 356 356 358 360 0 358 355 355 359 4 10 13 13 1 359 351 352 353 354 355 357 359 1 3 6 9 9 5 360 353 348 346 346 347 346 344 345 350 356 360 0 358 356 354 352 349 345 341 343 352 359 359 356 354 352 351 353 355 356 357 356 353 346 336 329 329 339 345 343 343 346 347 348 351 355 358 1 7 14 18 17 9 359 354 353 354 355 354 354 355 357 358
333 337 348 354 356 356 357 359 360 357 355 356 0 8 7 19 10 3 359 355 354 353 353 352 353 355 357 360 3 7 8 6 0 354 348 346 346 347 348 347 346 348 353 359 3 3 1 359 357 354 349 345 345 351 357 357 354 353 354 356 358 359 356 353 352 349 345 338 329 325 329 336 337 337 342 345 346 346 348 353 357 3 12 16 14 6 358 354 355 357 358 359 1 3 3 2
338 341 349 354 356 356 357 358 358 356 355 357 3 10 10 7 5 4 3 360 356 353 352 351 351 352 354 356 359 3 5 3 358 352 348 345 345 346 348 351 352 351 352 358 4 6 3 1 360 358 356 352 350 352 356 356 353 353 357 2 5 5 1 353 348 345 343 340 334 328 325 326 327 329 336 342 343 341 343 350 355 359 4 9 8 4 0 357 357 359 1 3 6 8 9 8
342 345 351 354 356 356 357 357 356 355 356 360 6 10 9 6 4 4 3 0 356 353 352 352 352 353 353 355 356 358 360 357 354 351 349 347 345 344 347 353 356 355 354 358 4 6 4 360 359 360 0 360 357 356 356 356 355 356 360 5 8 8 3 355 350 348 346 342 338 335 330 324 318 318 324 332 334 333 336 346 354 356 357 359 1 3 2 1 360 1 3 6 8 11 14 13
344 346 351 354 356 356 356 355 354 355 357 3 9 18 7 5 4 3 1 358 355 353 352 352 353 353 354 354 354 355 354 351 349 350 351 351 348 345 346 352 358 360 359 360 4 6 5 0 357 358 0 2 1 358 356 355 356 358 0 4 7 7 3 357 354 353 349 345 343 342 338 329 317 308 308 315 319 320 325 338 349 352 351 352 356 1 3 3 2 2 5 9 11 14 17 15
344 346 350 353 354 355 356 356 356 357 0 7 11 18 6 4 2 1 359 356 352 351 352 353 353 353 354 354 353 351 349 346 346 348 351 354 354 351 348 350 358 4 5 4 5 6 6 2 358 355 354 356 358 356 352 352 354 357 359 3 6 6 4 1 359 355 351 349 349 348 344 335 324 315 310 310 310 311 314 325 337 343 345 348 352 358 4 6 3 2 5 11 16 19 19 17
344 346 350 352 353 354 355 357 358 1 5 10 12 9 5 2 0 359 357 355 352 350 351 353 354 354 353 352 350 347 345 344 345 347 349 353 357 358 355 353 358 7 11 8 7 7 7 3 359 356 354 353 351 348 345 347 351 356 359 2 6 7 7 5 0 356 354 355 357 353 346 339 334 329 323 318 315 313 308 318 326 333 340 344 348 355 4 8 6 3 3 8 17 22 20 17
341 344 349 351 353 354 355 358 1 5 9 13 12 6 2 0 360 358 357 355 353 352 352 353 353 353 353 350 347 343 342 343 346 347 347 350 357 2 3 0 2 10 13 10 7 6 5 2 359 359 358 354 346 340 339 342 349 355 359 2 5 7 8 6 2 359 0 1 359 353 347 343 340 337 334 329 325 322 321 320 317 328 334 340 345 352 2 8 9 5 4 7 15 20 19 17
