project/data/elevation/US_DEM2016/US_DEM2016_point_10-30-2019_1134_30m_vel.asc
ncols	125
nrows	167
xllcorner	-2042055.000000
yllcorner	1465035.000000
cellsize	30.000000
NODATA_value	-9999.000000
[rows 0 to 34 of 167, columns 0 to 78 of 125]
9.90 8.99 8.26 9.26 11.11 13.13 14.92 16.15 16.55 16.79 17.33 18.43 18.93 17.93 17.02 16.98 17.11 17.02 16.36 15.49 14.74 14.68 15.25 15.99 16.60 16.70 16.32 14.93 12.89 10.73 8.75 7.06 5.87 5.25 5.11 5.35 6.04 7.17 8.34 9.03 9.35 9.54 9.71 9.69 9.18 8.41 7.83 7.94 8.71 10.04 11.42 12.84 14.08 15.30 15.77 15.92 15.55 14.14 12.84 12.01 11.62 11.65 12.02 12.80 13.32 13.42 13.12 12.21 10.65 9.63 9.39 9.73 10.34 11.00 11.50 11.79 12.08 12.66 13.42
9.90 8.99 8.26 9.26 11.11 13.13 14.92 16.15 16.55 16.79 17.33 18.43 18.93 17.93 17.02 16.98 17.11 17.02 16.36 15.49 14.74 14.68 15.25 15.99 16.60 16.70 16.32 14.93 12.89 10.73 8.75 7.06 5.87 5.25 5.11 5.35 6.04 7.17 8.34 9.03 9.35 9.54 9.71 9.69 9.18 8.41 7.83 7.94 8.71 10.04 11.42 12.84 14.08 15.30 15.77 15.92 15.55 14.14 12.84 12.01 11.62 11.65 12.02 12.80 13.32 13.42 13.12 12.21 10.65 9.63 9.39 9.73 10.34 11.00 11.50 11.79 12.08 12.66 13.42
9.69 8.92 8.45 9.39 10.79 12.44 13.93 14.97 15.47 15.68 16.16 17.04 17.37 16.89 16.20 16.12 16.30 16.39 15.91 14.97 14.45 14.47 14.91 15.34 15.56 15.42 14.62 13.21 11.60 9.86 8.25 6.94 6.04 5.59 5.46 5.62 6.11 6.89 7.71 8.34 8.58 8.73 8.94 9.23 9.42 9.37 9.21 9.20 9.76 10.69 11.74 12.70 13.55 14.24 14.61 14.75 14.72 14.24 13.32 12.24 11.44 11.08 11.37 11.92 12.29 12.40 12.41 12.22 11.78 11.07 10.67 10.60 10.68 10.81 10.93 11.11 11.46 12.07 12.65
10.16 9.43 9.23 9.91 10.73 11.56 12.41 12.84 12.87 13.04 13.62 14.08 14.23 14.05 13.98 13.98 14.14 14.56 14.51 14.09 14.02 14.18 14.22 13.88 13.39 12.76 11.84 10.92 9.96 8.96 8.03 7.36 7.03 6.95 6.89 6.79 6.74 6.90 7.14 7.49 8.07 8.58 9.03 9.58 10.28 10.84 11.18 11.25 11.39 11.73 12.18 12.39 12.42 12.26 12.20 11.98 12.08 12.56 12.78 12.55 11.94 11.31 10.90 10.69 10.38 10.28 10.64 11.34 11.93 12.20 12.12 11.69 11.09 10.49 10.12 10.10 10.41 10.85 11.04
10.77 10.18 10.13 10.52 10.85 11.24 11.42 11.42 11.09 10.97 11.22 11.55 11.68 11.64 11.76 11.83 11.95 12.39 13.05 13.65 14.05 13.94 13.41 12.38 11.29 10.60 10.31 10.03 9.68 9.29 8.96 8.83 8.90 8.97 8.84 8.44 7.99 7.78 7.72 7.95 8.71 9.54 10.31 10.99 11.34 11.68 11.96 12.23 12.40 12.47 12.48 12.23 11.66 10.93 10.27 9.21 8.67 8.99 10.08 11.26 11.79 11.69 11.16 10.23 9.44 8.88 8.73 9.11 9.81 10.37 10.60 10.49 10.16 9.76 9.48 9.43 9.56 9.73 9.73
10.85 10.49 10.61 10.98 11.01 11.05 10.93 10.37 9.95 9.76 9.71 9.91 10.26 10.52 10.98 11.31 11.49 11.64 12.34 13.25 13.68 13.22 12.24 10.85 9.78 9.54 9.70 9.87 9.99 10.10 10.26 10.41 10.46 10.27 9.90 9.44 9.06 8.82 8.68 8.70 8.97 9.45 10.23 11.14 11.64 11.87 12.08 12.44 12.62 12.66 12.56 12.23 11.65 10.48 9.11 7.91 7.49 7.72 8.36 9.17 10.00 10.48 10.35 9.57 8.78 8.16 7.77 7.62 7.66 7.79 7.98 8.17 8.32 8.45 8.52 8.59 8.72 8.88 9.04
11.06 10.98 11.15 11.48 11.34 10.97 10.37 9.46 8.85 8.72 8.76 8.90 9.31 10.11 11.06 11.52 11.87 11.96 11.95 12.08 12.24 11.86 10.93 9.84 9.36 9.38 9.54 9.71 10.03 10.56 11.04 11.30 11.14 10.85 10.55 10.34 10.22 10.04 9.68 9.22 8.96 9.03 9.42 10.09 10.65 10.75 10.83 11.12 11.63 11.96 12.20 12.18 11.71 11.10 10.30 9.54 9.48 9.55 9.41 9.12 8.87 8.84 8.76 8.44 7.92 7.42 7.13 7.05 7.06 7.08 7.11 7.17 7.28 7.42 7.54 7.65 7.75 7.96 8.35
11.25 11.52 12.08 12.14 11.83 10.86 9.73 8.64 8.21 8.35 8.38 8.24 8.67 9.79 10.84 11.14 11.43 11.51 11.04 10.54 10.47 10.35 9.93 9.57 9.47 9.50 9.59 9.65 9.93 10.55 11.22 11.62 11.70 11.81 12.05 12.43 12.53 12.19 11.53 10.68 9.80 9.18 9.01 8.98 8.87 8.86 8.88 9.21 10.15 11.34 11.96 12.13 12.06 12.27 12.40 12.36 11.96 11.43 10.64 9.65 8.69 8.05 7.81 7.62 7.26 6.85 6.73 6.96 7.23 7.30 7.20 7.03 6.91 6.93 7.08 7.22 7.34 7.62 8.12
11.77 12.17 12.95 12.81 12.18 11.08 9.71 8.81 8.74 8.78 8.60 8.38 8.70 9.57 10.16 10.18 10.19 10.22 9.87 9.46 9.44 9.37 9.07 9.03 9.14 9.34 9.75 10.18 10.45 10.75 11.39 12.08 12.79 13.77 14.83 15.50 15.51 14.96 14.16 13.17 11.95 10.66 9.65 9.04 8.58 8.41 8.84 9.54 10.73 11.74 11.99 11.55 11.24 11.52 11.95 12.08 11.69 10.89 9.90 8.98 8.21 7.68 7.47 7.47 7.38 7.24 7.33 7.64 7.74 7.55 7.23 6.98 6.96 7.28 7.76 8.15 8.46 8.91 9.25
12.06 12.68 13.34 13.10 12.39 11.55 10.41 9.97 10.23 10.39 9.92 9.42 9.42 9.63 9.57 9.29 9.08 9.13 9.25 9.27 9.32 8.95 8.42 8.39 8.69 9.10 9.71 10.43 11.01 11.48 12.21 13.13 14.27 15.47 16.28 16.47 16.24 15.87 15.53 15.08 14.27 13.09 11.81 10.71 9.88 9.78 10.14 10.97 11.93 12.28 11.78 10.28 9.16 8.35 8.54 9.09 9.25 8.85 8.33 7.87 7.46 7.20 7.21 7.56 8.17 8.55 8.88 9.03 8.55 7.82 7.46 7.54 8.07 8.93 9.71 10.27 10.80 11.33 11.50
12.43 12.61 13.16 13.19 12.74 12.32 12.04 12.34 12.72 12.61 12.04 11.26 10.56 9.92 9.25 8.64 8.46 8.90 9.52 9.91 9.90 9.34 8.71 8.57 8.84 9.21 9.63 10.30 11.37 12.60 13.61 14.46 15.09 15.27 14.85 14.09 13.88 14.38 14.97 15.29 15.23 14.65 13.65 12.43 11.46 10.97 10.90 11.56 12.30 12.24 11.03 9.32 7.93 6.99 6.66 6.75 7.07 7.31 7.34 7.22 7.07 7.09 7.43 8.14 9.14 10.04 10.47 10.22 9.45 8.47 8.29 8.91 9.92 10.92 11.77 12.45 13.01 13.25 13.06
12.25 11.90 12.33 13.25 13.73 14.05 14.51 15.03 15.31 14.81 13.98 13.11 12.11 10.73 9.40 8.73 8.69 9.35 10.22 10.69 10.59 10.06 9.47 9.19 9.33 9.76 10.33 11.21 12.46 13.66 14.26 14.43 14.04 13.03 11.59 10.71 10.99 11.96 12.83 13.48 14.05 14.40 14.29 13.68 12.76 11.88 11.52 11.88 12.06 11.51 9.96 8.87 8.11 7.26 6.50 6.05 6.19 6.69 7.05 7.17 7.32 7.77 8.48 9.35 10.30 11.00 11.21 10.92 10.34 9.87 9.70 10.31 11.19 12.16 12.92 13.37 13.34 12.83 11.84
11.43 10.88 11.01 12.53 13.96 14.97 15.61 15.88 15.94 15.55 14.92 14.24 13.40 11.92 10.48 9.75 9.61 9.87 10.35 10.63 10.49 10.08 9.67 9.48 9.72 10.36 11.22 12.13 12.76 12.98 12.73 11.98 10.74 9.29 8.47 8.71 9.44 9.89 9.97 10.47 11.38 12.38 13.28 13.72 13.50 12.72 12.10 12.04 11.46 10.04 8.60 7.91 7.23 6.51 5.91 5.75 6.07 6.68 7.29 7.79 8.30 8.99 9.78 10.45 10.94 11.15 11.20 11.29 11.29 11.18 11.19 11.56 12.37 13.03 13.10 12.48 11.25 9.64 8.27
11.40 11.08 10.94 11.46 12.48 13.48 13.98 14.04 13.84 13.78 13.87 13.85 13.63 12.95 12.02 11.17 10.58 10.19 9.99 9.75 9.45 9.25 9.23 9.32 9.66 10.19 10.68 10.81 10.46 9.82 8.99 7.82 6.66 5.94 6.17 7.09 7.59 7.49 7.42 7.84 8.53 9.46 10.54 11.55 12.28 12.41 12.19 11.88 11.07 9.40 7.88 6.61 5.76 5.46 5.53 5.98 6.58 7.19 7.92 8.77 9.55 10.20 10.69 11.06 11.30 11.45 11.65 11.95 12.14 12.11 12.21 12.72 13.18 12.87 11.60 9.68 7.83 6.70 6.23
11.93 12.10 11.60 10.91 10.32 10.27 10.23 9.88 9.56 9.89 10.61 11.39 11.94 12.34 12.36 11.93 11.20 10.42 9.70 8.98 8.41 8.38 8.62 8.82 8.92 8.86 8.52 7.83 7.03 6.43 5.94 5.54 5.33 5.35 5.56 5.75 5.82 5.99 6.21 6.44 6.68 7.06 7.65 8.55 9.87 11.49 12.03 11.98 11.20 9.82 7.99 6.47 5.84 5.98 6.55 7.19 7.58 7.94 8.58 9.63 10.74 11.39 11.83 12.17 12.46 12.79 13.04 13.11 13.06 12.91 12.99 13.31 12.81 11.00 8.79 7.24 6.64 6.49 6.66
12.03 11.97 11.29 10.16 8.43 7.16 6.31 5.75 5.74 6.07 6.72 7.47 8.47 9.67 10.86 11.41 11.23 10.51 9.59 8.71 8.15 8.11 8.22 8.17 7.87 7.35 6.72 6.23 5.92 5.67 5.59 5.84 6.36 6.71 6.63 6.48 6.45 6.65 6.90 7.08 7.12 7.24 7.64 8.63 10.07 11.81 12.47 12.25 11.20 9.62 8.26 7.52 7.32 7.74 8.36 8.75 8.73 8.80 9.49 10.84 12.11 13.08 13.66 13.96 14.26 14.69 14.93 14.90 14.73 14.44 14.09 13.30 11.36 9.14 7.96 7.75 7.94 7.92 8.02
11.35 10.64 9.65 8.73 6.96 5.47 4.69 4.57 4.80 5.41 6.03 6.48 7.14 8.20 9.40 10.38 10.74 10.44 9.72 9.00 8.57 8.35 8.13 7.79 7.38 7.00 6.84 6.95 7.08 7.00 6.82 6.82 7.29 8.05 8.45 8.60 8.60 8.57 8.61 8.83 9.23 9.79 10.46 11.54 12.71 13.35 13.08 12.36 11.19 9.94 9.01 8.72 8.88 9.37 9.98 10.33 10.18 10.36 11.31 12.74 14.18 15.23 15.78 15.95 15.92 16.00 16.21 16.38 16.45 15.98 14.99 13.37 10.89 9.71 9.79 10.24 10.28 9.94 9.80
11.04 10.23 8.95 7.73 6.65 5.94 5.99 6.57 7.33 8.20 8.86 9.18 9.54 9.78 9.88 9.94 10.17 10.28 10.02 9.57 9.11 8.66 8.21 7.85 7.68 7.73 7.96 8.25 8.53 8.69 8.55 8.20 8.29 8.99 9.80 10.40 10.64 10.62 10.51 10.80 11.64 12.46 13.32 14.03 14.26 13.61 12.54 11.69 11.06 10.48 9.88 9.68 10.02 10.73 11.37 11.60 11.74 12.13 13.33 14.84 16.02 16.56 16.63 16.52 16.27 16.02 15.96 16.06 16.38 16.29 15.68 14.85 13.46 13.01 13.53 13.98 13.87 13.31 13.02
11.22 10.67 9.32 8.03 7.57 8.14 9.28 10.43 11.47 12.29 12.82 13.07 12.95 12.22 11.16 10.33 10.08 10.19 10.20 9.94 9.51 9.03 8.60 8.37 8.44 8.67 8.87 9.14 9.57 10.03 10.29 10.29 10.33 10.60 11.16 11.92 12.55 12.76 12.91 13.32 13.94 14.49 14.70 14.37 13.27 11.55 10.07 9.75 10.25 10.47 10.67 10.87 11.42 12.11 12.47 12.39 12.65 13.51 14.89 15.92 16.24 15.93 15.39 15.07 15.01 15.02 15.06 14.95 14.91 15.23 15.92 16.47 17.07 17.31 17.63 18.15 18.36 18.15 17.74
10.79 9.93 8.63 8.05 8.83 10.44 12.29 13.83 14.87 15.28 15.30 15.06 14.54 13.45 12.27 11.27 10.67 10.42 10.32 10.14 9.87 9.63 9.45 9.39 9.40 9.48 9.68 10.01 10.45 11.04 11.76 12.50 13.12 13.61 13.98 14.37 14.59 14.60 14.89 15.32 15.42 15.03 14.15 12.68 10.73 8.80 7.80 8.08 9.52 10.65 11.55 12.24 12.82 13.06 13.00 12.79 13.33 14.49 15.26 15.44 14.74 13.70 12.83 12.49 12.75 13.29 13.69 13.73 13.43 13.63 14.89 16.39 17.70 18.43 18.97 19.77 20.27 20.29 19.86
9.47 8.60 7.90 8.58 10.52 12.84 14.57 15.58 15.99 15.77 15.27 14.74 14.20 13.51 12.87 12.15 11.39 10.76 10.47 10.38 10.36 10.48 10.74 10.91 10.93 10.88 11.10 11.42 11.79 12.39 13.37 14.56 15.60 16.34 16.65 16.39 15.88 15.55 15.56 15.46 14.75 13.42 11.71 9.78 8.21 7.41 7.40 8.41 10.16 11.68 13.03 14.02 14.38 14.08 13.60 13.56 14.15 14.60 14.64 13.76 12.38 11.05 10.02 9.45 9.76 10.19 10.64 10.95 11.13 11.52 12.35 13.67 15.11 16.09 16.81 17.51 18.02 18.16 18.22
10.07 9.60 9.75 11.30 13.36 15.00 15.64 15.58 15.09 14.20 13.53 13.10 12.74 12.63 12.53 12.16 11.56 10.94 10.73 10.92 11.36 12.00 12.65 13.03 13.17 13.17 13.30 13.55 13.95 14.61 15.58 16.45 16.94 17.00 16.59 15.84 15.26 14.76 14.30 13.34 11.91 10.32 8.66 7.35 7.01 7.53 8.67 10.33 11.74 13.22 14.43 15.01 15.15 15.07 14.60 14.37 14.36 14.04 13.15 11.48 9.83 8.43 7.08 6.45 6.47 6.44 6.42 6.92 7.79 8.48 9.60 10.45 11.10 11.52 11.88 12.39 12.41 12.72 13.28
11.73 12.35 13.68 14.79 15.56 15.86 15.22 14.15 13.03 12.31 11.94 11.64 11.39 11.38 11.44 11.40 11.20 10.99 11.14 11.69 12.57 13.52 14.28 14.83 15.00 15.13 15.32 15.65 16.14 16.76 17.19 17.05 16.32 15.18 13.87 12.97 12.94 12.57 11.53 9.97 8.41 7.40 6.76 6.86 7.62 8.72 10.22 11.74 13.13 14.32 14.80 14.94 14.90 14.96 14.92 14.54 13.86 12.80 11.14 9.35 7.70 6.03 4.88 4.57 4.60 4.51 4.56 5.08 5.94 6.87 7.76 8.49 8.72 8.60 8.38 8.45 8.81 9.61 10.38
12.73 13.86 15.40 15.83 15.73 15.04 13.79 12.60 11.54 11.17 11.05 10.78 10.55 10.44 10.48 10.67 10.84 11.06 11.43 11.86 12.39 12.95 13.62 14.44 14.99 15.47 16.00 16.53 16.92 17.01 16.50 15.22 13.38 11.80 10.76 10.44 10.31 9.52 8.16 7.07 6.36 6.18 6.63 7.81 8.96 10.10 11.46 12.73 13.86 14.31 14.00 13.54 13.41 13.65 13.87 13.67 12.93 11.70 9.98 8.36 6.82 5.31 4.51 4.47 4.67 4.82 5.25 6.07 6.80 7.07 7.28 7.48 7.48 7.20 6.83 6.86 7.67 8.84 9.45
13.25 13.97 14.85 14.93 14.41 13.30 12.19 11.38 10.83 10.58 10.38 10.06 9.88 9.81 9.95 10.29 10.70 11.02 11.17 11.09 10.96 10.95 11.34 12.20 13.44 14.52 15.40 15.87 15.75 14.97 13.51 11.57 9.66 8.56 8.17 8.04 7.40 6.48 5.86 5.86 6.24 6.98 8.14 9.27 10.48 11.74 12.70 13.57 13.95 13.59 12.90 12.44 12.29 12.32 12.47 12.53 12.24 11.46 10.07 8.50 7.22 6.43 6.30 6.63 6.89 7.05 7.63 8.09 7.91 7.45 7.14 7.07 6.83 6.39 6.08 6.39 7.26 7.93 8.05
13.67 13.24 13.07 13.27 12.64 12.05 11.16 10.40 10.08 9.89 9.61 9.35 9.17 9.20 9.59 10.13 10.67 10.91 10.89 10.67 10.55 10.68 11.18 12.08 13.26 14.15 14.43 14.12 13.19 11.79 10.06 8.50 7.14 6.35 6.04 5.89 5.61 5.40 5.58 6.29 7.42 8.71 9.75 10.89 12.18 13.25 13.91 14.09 13.61 12.74 11.97 11.55 11.33 11.38 11.70 11.98 12.10 11.81 10.94 9.68 8.80 8.59 8.88 9.25 9.48 9.74 9.92 9.40 8.39 7.85 7.75 7.26 6.53 6.09 6.08 6.39 6.78 6.89 6.85
13.85 12.96 11.97 12.01 12.10 11.89 11.44 10.66 10.14 9.90 9.59 9.36 9.20 9.29 9.71 10.27 10.83 11.23 11.45 11.60 11.98 12.69 13.57 14.28 14.48 14.07 13.09 11.81 10.38 9.00 7.61 6.58 6.05 5.85 5.72 5.70 5.98 6.49 6.99 7.63 8.65 9.74 10.92 12.32 13.59 14.48 14.69 14.18 13.17 11.97 10.93 10.30 10.28 10.69 11.33 11.91 12.14 12.19 12.03 11.66 11.41 11.56 11.93 12.23 12.33 12.11 11.51 10.66 9.91 9.66 9.12 8.06 6.86 6.55 6.70 6.62 6.54 6.62 6.78
13.99 13.03 11.71 11.48 11.68 11.97 12.17 11.89 11.42 11.20 11.03 10.68 10.58 10.66 10.82 10.94 11.27 11.83 12.42 12.99 13.71 14.49 14.92 14.74 13.92 12.56 10.98 9.40 7.94 6.87 6.27 6.05 6.22 6.77 7.10 7.26 7.51 8.06 8.67 9.07 9.61 10.44 11.83 13.33 14.52 15.06 14.80 13.90 12.72 11.43 10.17 9.59 9.81 10.48 11.15 11.52 11.68 12.23 12.79 13.28 14.00 14.84 15.60 16.03 15.67 14.87 13.73 12.83 12.55 12.02 10.54 8.82 7.95 8.05 7.97 7.32 7.02 7.28 7.55
13.69 12.55 11.16 10.86 11.00 11.70 12.28 12.52 12.37 12.23 12.14 11.86 11.85 11.97 12.02 11.86 11.71 11.98 12.66 13.42 14.01 14.13 13.54 12.34 10.97 9.68 8.49 7.32 6.34 5.96 6.17 6.94 7.72 8.25 8.70 9.05 9.30 9.61 10.09 10.29 10.60 11.34 12.78 14.04 14.88 14.88 14.14 13.18 12.37 11.56 10.64 10.03 10.12 10.54 10.70 10.78 11.26 12.30 13.22 14.31 15.54 16.64 17.43 17.65 17.91 17.39 16.46 15.70 14.82 13.61 12.00 10.49 10.02 9.95 9.47 8.80 8.76 9.14 9.17
13.15 12.38 11.26 10.77 10.76 11.14 11.84 12.40 12.52 12.27 11.82 11.42 11.44 11.65 11.85 11.83 11.58 11.60 12.11 12.61 12.56 11.74 10.37 8.93 7.77 6.88 6.20 5.82 5.80 6.25 7.41 8.72 9.48 9.88 10.16 10.48 10.85 11.12 11.22 11.39 11.79 12.56 13.48 14.27 14.33 13.62 12.60 12.08 12.17 12.19 11.92 11.55 11.08 11.00 10.85 10.98 11.69 12.77 13.57 14.65 15.60 16.53 17.02 17.11 17.51 17.72 17.65 17.47 16.80 15.78 14.95 14.21 13.45 12.35 11.23 10.87 11.24 11.60 11.09
13.42 13.09 12.19 11.48 11.26 11.21 11.56 12.14 12.47 12.31 11.70 11.10 10.87 10.83 10.89 10.87 10.94 11.16 11.45 11.17 10.07 8.45 6.97 5.87 4.97 4.30 3.98 4.36 5.50 7.19 8.93 10.04 10.77 11.20 11.47 11.71 11.87 11.88 11.84 12.02 12.63 13.25 13.86 13.94 13.24 11.86 11.18 11.19 11.69 12.50 12.72 12.58 12.33 12.00 11.75 11.77 12.09 12.78 13.47 14.28 14.62 14.50 13.82 13.69 14.48 15.73 16.72 17.53 18.10 18.13 18.15 17.79 16.77 15.41 14.08 13.69 13.66 13.18 11.97
13.78 13.18 12.31 11.82 11.66 11.58 11.55 11.88 12.40 12.74 12.64 12.11 11.62 11.14 10.73 10.42 10.52 10.77 10.52 9.33 7.50 5.80 4.56 3.79 3.36 3.11 3.12 3.76 5.16 6.97 8.62 9.60 10.31 10.93 11.46 11.82 11.77 11.70 11.70 12.06 12.70 13.43 13.89 13.59 12.76 11.59 10.95 10.90 11.23 11.85 12.58 12.77 12.93 12.73 12.34 11.87 11.77 11.96 12.57 13.01 12.99 12.24 11.32 11.10 11.61 12.82 14.43 15.90 17.11 17.94 18.55 18.78 18.24 17.49 16.82 16.12 14.92 13.17 11.17
13.12 11.98 10.80 10.86 11.16 11.27 11.13 11.18 11.81 12.57 12.97 12.71 12.18 11.59 11.08 10.62 10.48 10.22 9.31 7.74 6.26 5.16 4.40 4.00 3.90 4.03 4.36 4.86 5.57 6.34 7.01 7.63 8.21 8.84 9.49 10.03 10.41 10.69 11.12 11.81 12.40 13.06 13.27 12.76 12.06 11.32 10.62 10.48 10.65 11.00 11.58 12.33 12.62 12.59 12.13 11.31 10.94 10.86 11.35 11.64 11.31 10.34 9.72 9.99 10.72 11.45 12.22 13.05 13.99 14.86 15.62 16.29 16.88 17.14 17.15 16.74 15.00 12.47 10.65
11.49 10.54 9.64 9.80 9.97 9.81 9.58 9.75 10.29 11.26 12.06 12.27 11.94 11.46 11.12 10.74 10.39 9.76 8.72 7.67 6.95 6.55 6.29 6.15 6.15 6.40 6.63 6.87 6.99 7.01 7.09 7.10 7.12 7.24 7.55 8.19 9.14 9.83 10.61 11.41 11.89 12.13 11.68 10.45 9.17 8.66 8.71 8.96 9.30 10.03 10.70 11.36 11.81 11.72 11.19 10.51 10.13 10.24 10.51 10.64 10.16 9.19 9.05 9.50 10.26 10.77 10.83 10.80 11.01 11.50 11.63 12.26 13.47 14.71 15.56 15.90 15.14 13.39 11.78
10.69 10.52 10.44 10.30 9.59 8.90 8.65 8.68 8.93 9.67 10.74 11.52 11.69 11.40 11.03 10.56 10.12 9.59 9.03 8.66 8.63 8.70 8.80 8.82 8.84 8.90 8.98 8.87 8.76 8.71 8.61 8.28 7.78 7.35 7.31 7.86 8.75 9.49 10.31 11.02 11.28 10.97 9.72 7.64 6.49 6.52 7.12 7.89 8.74 9.48 10.16 10.64 10.79 10.76 10.37 10.13 10.06 10.27 10.30 10.30 10.01 9.60 9.62 9.66 9.73 9.47 9.16 9.18 9.48 9.80 9.98 10.29 11.05 12.15 12.92 14.07 14.98 14.80 13.63
