project/data/elevation/US_DEM2016/US_DEM2016_point_10-28-2019_0846_30m_vel.asc
ncols	125
nrows	167
xllcorner	-2042055.000000
yllcorner	1465035.000000
cellsize	30.000000
NODATA_value	-9999.000000
[rows 111 to 147 of 167, columns 0 to 82 of 125]
9.29 9.33 9.37 9.46 9.67 9.97 10.39 10.97 11.68 12.14 12.16 11.77 11.11 10.38 9.78 9.39 9.12 9.01 8.99 9.17 9.46 9.63 9.84 9.96 9.99 9.81 9.52 9.33 9.30 9.50 9.70 9.83 9.90 9.84 9.58 9.19 8.93 8.91 8.84 8.63 8.46 8.52 8.74 9.14 9.52 9.76 9.94 10.09 10.26 10.54 10.91 11.29 11.63 11.93 12.17 12.07 11.58 10.91 10.14 9.43 8.92 8.63 8.46 8.25 8.03 7.99 8.10 8.26 8.49 8.71 8.86 8.94 8.92 8.83 8.67 8.53 8.50 8.68 8.95 8.98 8.87 8.86 8.87
9.09 9.04 9.13 9.43 9.78 10.25 10.82 11.29 11.49 11.24 10.69 10.15 9.63 9.15 8.70 8.31 7.97 7.85 8.00 8.30 8.58 8.90 9.21 9.43 9.67 9.87 9.75 9.47 9.19 9.15 9.23 9.34 9.44 9.54 9.55 9.42 9.19 9.06 9.04 9.16 9.32 9.42 9.54 9.81 10.03 10.14 10.11 9.97 9.85 9.92 10.03 10.25 10.54 10.89 11.27 11.42 11.23 10.74 10.11 9.51 9.06 8.70 8.34 7.98 7.81 7.96 8.24 8.46 8.58 8.56 8.53 8.63 8.69 8.65 8.49 8.31 8.19 8.29 8.60 8.78 8.72 8.66 8.63
8.94 8.86 8.95 9.24 9.59 10.08 10.56 10.66 10.36 9.76 9.10 8.50 8.06 7.70 7.34 7.09 7.14 7.41 7.75 8.11 8.57 9.01 9.08 9.03 9.44 10.00 10.23 10.21 9.96 9.51 8.98 8.36 8.02 8.19 8.64 8.99 9.14 9.14 9.21 9.39 9.54 9.65 9.80 10.01 10.04 9.98 9.84 9.61 9.45 9.48 9.48 9.42 9.36 9.33 9.32 9.53 9.72 9.72 9.62 9.44 9.14 8.71 8.25 7.96 7.96 8.18 8.44 8.60 8.56 8.37 8.27 8.28 8.32 8.34 8.31 8.19 8.02 7.96 8.16 8.43 8.39 8.14 7.93
8.99 8.93 8.96 9.09 9.32 9.65 9.80 9.42 8.70 7.93 7.23 6.58 6.09 5.82 5.89 6.33 7.09 7.91 8.52 8.99 9.36 9.36 8.97 8.85 9.31 9.84 10.20 10.40 10.40 10.14 9.80 9.21 8.41 7.89 7.81 8.02 8.48 8.96 9.23 9.37 9.57 9.83 10.00 10.00 9.70 9.27 9.02 8.97 8.99 9.13 9.32 9.30 9.13 8.76 8.17 7.77 7.80 8.23 8.72 8.99 9.00 8.83 8.65 8.51 8.46 8.52 8.64 8.65 8.48 8.31 8.23 8.18 8.19 8.21 8.19 8.12 8.04 7.97 8.04 8.16 8.00 7.51 7.11
9.16 9.15 9.15 9.13 9.18 9.18 8.95 8.36 7.54 6.75 6.13 5.66 5.36 5.45 6.17 7.29 8.41 9.33 10.00 10.29 10.06 9.35 8.41 8.11 8.48 8.86 9.23 9.70 10.01 10.23 10.46 10.47 9.99 8.98 8.02 7.80 8.34 9.04 9.51 9.74 9.92 10.07 10.09 9.87 9.35 8.63 8.20 8.23 8.47 8.85 9.38 9.67 9.70 9.42 8.72 7.81 7.32 7.44 7.85 8.28 8.61 8.81 8.95 9.02 9.02 8.95 8.80 8.60 8.38 8.25 8.24 8.28 8.31 8.28 8.17 8.08 8.09 8.14 8.22 8.19 7.87 7.35 6.96
9.28 9.32 9.30 9.19 9.03 8.76 8.33 7.85 7.50 7.32 7.21 7.07 7.15 7.67 8.62 9.72 10.59 10.97 10.97 10.65 10.03 9.28 8.37 7.63 7.49 7.59 8.03 8.72 9.21 9.49 9.86 10.37 10.63 10.34 9.67 9.32 9.43 9.72 9.90 9.95 9.91 9.85 9.78 9.64 9.26 8.59 7.95 7.81 8.16 8.73 9.31 9.84 10.16 10.18 9.91 9.45 8.87 8.38 8.14 8.22 8.44 8.64 8.80 8.96 9.09 9.07 8.90 8.63 8.32 8.07 8.01 8.11 8.23 8.28 8.26 8.22 8.24 8.34 8.47 8.53 8.39 8.06 7.86
9.26 9.25 9.22 9.10 8.88 8.53 8.14 7.91 7.98 8.30 8.70 9.19 9.79 10.43 10.98 11.30 11.29 10.92 10.39 9.80 9.39 9.29 9.04 8.29 7.55 7.27 7.40 7.96 8.41 8.45 8.42 8.91 9.83 10.52 10.69 10.55 10.28 9.98 9.68 9.44 9.30 9.28 9.36 9.44 9.41 9.06 8.31 7.79 8.00 8.53 8.94 9.33 9.83 10.25 10.43 10.47 10.41 10.13 9.64 9.12 8.83 8.71 8.65 8.62 8.66 8.69 8.61 8.45 8.22 7.98 7.85 7.87 8.01 8.20 8.35 8.45 8.51 8.59 8.74 9.01 9.24 9.34 9.38
9.15 9.08 9.01 8.94 8.80 8.57 8.33 8.21 8.25 8.56 9.20 10.04 10.81 11.26 11.31 10.92 10.15 9.47 9.06 8.71 8.66 8.97 9.26 9.08 8.51 7.94 7.62 7.71 8.08 8.04 7.58 7.51 8.17 9.31 10.03 10.18 9.94 9.55 9.20 8.96 8.90 9.01 9.18 9.29 9.37 9.31 8.79 8.02 7.87 8.07 8.29 8.51 8.93 9.53 10.02 10.28 10.50 10.63 10.50 10.05 9.45 8.98 8.62 8.31 8.04 7.84 7.75 7.90 8.11 8.19 8.15 8.08 8.11 8.26 8.46 8.65 8.79 8.88 9.04 9.34 9.64 9.92 10.15
9.01 8.91 8.84 8.84 8.78 8.67 8.56 8.48 8.55 8.87 9.52 10.17 10.52 10.47 10.09 9.51 8.98 8.63 8.30 8.05 7.98 8.12 8.46 8.73 8.65 8.33 8.04 8.04 8.34 8.45 8.05 7.44 7.33 7.85 8.70 9.20 9.29 9.18 9.10 9.04 9.03 9.06 9.09 9.06 9.06 9.19 9.06 8.46 7.97 7.83 7.83 8.00 8.37 8.97 9.54 9.85 9.94 9.99 10.07 10.03 9.71 9.16 8.62 8.11 7.58 7.22 7.31 7.79 8.28 8.58 8.68 8.64 8.54 8.49 8.53 8.67 8.79 8.86 8.97 9.14 9.30 9.41 9.51
8.90 8.83 8.80 8.82 8.78 8.75 8.76 8.80 8.98 9.42 9.91 10.13 9.96 9.56 9.11 8.75 8.56 8.31 7.92 7.58 7.37 7.33 7.59 7.99 8.12 8.06 8.12 8.32 8.62 8.89 8.85 8.30 7.61 7.40 7.71 8.27 8.67 8.91 9.10 9.19 9.20 9.15 9.03 8.81 8.66 8.80 8.97 8.71 8.17 7.82 7.71 7.91 8.35 8.88 9.37 9.63 9.52 9.28 9.23 9.34 9.32 9.03 8.62 8.20 7.86 7.82 8.10 8.42 8.63 8.78 8.88 8.91 8.81 8.63 8.48 8.39 8.39 8.47 8.61 8.77 8.86 8.83 8.74
8.98 8.94 8.90 8.83 8.78 8.84 9.01 9.24 9.54 9.91 10.08 9.95 9.65 9.34 9.05 8.79 8.47 8.07 7.79 7.70 7.74 7.86 8.02 8.07 7.99 7.93 8.07 8.29 8.56 8.90 9.13 8.99 8.53 8.00 7.69 7.79 8.19 8.57 8.83 9.02 9.12 9.14 8.96 8.53 8.17 8.20 8.48 8.46 8.03 7.68 7.63 7.84 8.19 8.52 8.87 9.20 9.25 9.05 8.84 8.79 8.83 8.81 8.72 8.67 8.74 8.91 9.00 8.96 8.86 8.77 8.74 8.75 8.75 8.67 8.51 8.32 8.24 8.36 8.55 8.62 8.60 8.52 8.43
9.08 9.03 8.91 8.79 8.78 8.89 9.15 9.60 10.10 10.24 10.08 9.73 9.44 9.24 9.03 8.68 8.29 8.11 8.25 8.57 8.82 8.85 8.68 8.42 8.16 8.01 8.02 8.14 8.34 8.67 8.99 9.08 8.94 8.62 8.24 8.09 8.25 8.50 8.61 8.78 8.91 8.89 8.50 7.87 7.45 7.48 7.86 8.04 7.79 7.43 7.26 7.26 7.39 7.62 7.95 8.43 8.83 8.96 8.87 8.76 8.72 8.74 8.79 8.86 8.93 8.98 8.99 8.99 9.00 8.97 8.86 8.73 8.69 8.67 8.58 8.49 8.46 8.48 8.39 8.25 8.13 8.00 7.93
8.94 8.82 8.65 8.63 8.72 8.89 9.14 9.52 9.89 9.92 9.63 9.24 8.94 8.65 8.30 8.10 8.17 8.44 8.74 8.87 8.77 8.56 8.42 8.47 8.55 8.43 8.15 8.04 8.08 8.34 8.67 8.79 8.67 8.56 8.58 8.68 8.73 8.72 8.64 8.73 8.63 8.19 7.41 6.82 6.63 6.80 7.26 7.68 7.65 7.24 6.81 6.49 6.36 6.50 6.90 7.49 8.13 8.53 8.65 8.63 8.65 8.72 8.74 8.65 8.54 8.59 8.73 8.88 9.04 9.16 9.14 8.97 8.79 8.60 8.42 8.36 8.26 8.03 7.71 7.58 7.61 7.56 7.44
8.86 8.76 8.64 8.64 8.72 8.84 8.97 9.09 9.10 8.95 8.71 8.49 8.24 7.82 7.51 7.80 8.19 8.36 8.22 7.88 7.63 7.66 7.94 8.36 8.72 8.83 8.58 8.20 8.00 8.06 8.41 8.60 8.52 8.47 8.60 8.75 8.76 8.68 8.56 8.50 8.08 7.28 6.67 6.51 6.55 6.67 6.97 7.42 7.58 7.40 7.09 6.74 6.37 6.16 6.28 6.82 7.51 7.93 8.14 8.34 8.52 8.66 8.78 8.91 8.99 9.08 9.09 8.99 8.90 8.91 9.02 9.02 8.79 8.42 8.16 7.99 7.77 7.54 7.40 7.45 7.56 7.47 7.16
9.14 9.21 9.16 8.92 8.74 8.68 8.67 8.61 8.44 8.24 8.15 8.17 7.96 7.55 7.49 7.74 7.77 7.49 7.03 6.73 6.83 7.30 7.91 8.42 8.78 8.99 8.96 8.68 8.34 8.12 8.27 8.56 8.59 8.42 8.23 8.09 8.07 8.10 8.13 7.98 7.54 7.13 7.24 7.61 7.78 7.69 7.62 7.72 7.84 7.85 7.73 7.50 7.19 6.88 6.75 6.94 7.34 7.78 8.13 8.42 8.58 8.69 8.93 9.32 9.53 9.50 9.25 8.96 8.74 8.65 8.68 8.71 8.55 8.26 7.98 7.71 7.48 7.36 7.44 7.61 7.65 7.42 7.08
9.30 9.40 9.33 8.92 8.57 8.41 8.36 8.27 8.12 8.06 8.16 8.18 7.91 7.55 7.32 7.07 6.73 6.49 6.42 6.56 7.00 7.58 8.17 8.60 8.82 8.91 8.98 8.93 8.67 8.35 8.31 8.56 8.63 8.28 7.76 7.46 7.49 7.71 7.86 7.79 7.74 8.04 8.51 8.85 9.03 9.05 8.93 8.74 8.53 8.31 8.03 7.72 7.53 7.44 7.40 7.41 7.60 8.03 8.40 8.61 8.62 8.70 8.89 9.07 9.02 8.81 8.63 8.62 8.72 8.77 8.66 8.48 8.28 8.12 7.89 7.54 7.14 6.83 6.83 7.10 7.44 7.57 7.56
8.94 8.80 8.48 8.25 8.09 8.09 8.14 8.11 8.03 7.98 7.93 7.80 7.57 7.26 6.86 6.49 6.34 6.48 6.96 7.66 8.24 8.57 8.66 8.52 8.33 8.37 8.53 8.60 8.52 8.37 8.38 8.60 8.74 8.51 8.04 7.78 7.86 8.01 8.11 8.22 8.49 8.80 8.97 9.09 9.32 9.63 9.84 9.82 9.52 9.03 8.58 8.22 7.92 7.76 7.70 7.70 7.86 8.17 8.44 8.56 8.52 8.55 8.56 8.44 8.23 8.12 8.25 8.56 8.84 8.92 8.74 8.38 8.12 7.96 7.81 7.63 7.33 6.85 6.50 6.59 7.22 7.91 8.26
8.42 7.95 7.47 7.44 7.58 7.83 8.02 8.06 7.99 7.84 7.61 7.41 7.33 7.30 7.25 7.24 7.47 7.97 8.71 9.36 9.67 9.54 9.01 8.33 7.88 7.87 7.98 8.04 8.09 8.13 8.20 8.42 8.74 8.85 8.76 8.70 8.68 8.60 8.53 8.58 8.68 8.69 8.77 9.00 9.40 9.84 10.26 10.52 10.51 10.18 9.69 9.27 8.85 8.44 8.12 7.92 7.91 8.04 8.27 8.45 8.38 8.36 8.28 8.09 7.97 8.16 8.50 8.76 8.74 8.57 8.37 8.19 8.01 7.82 7.68 7.73 7.89 7.86 7.50 7.24 7.52 8.05 8.33
8.50 8.06 7.56 7.60 7.82 8.01 8.08 8.06 7.97 7.83 7.67 7.57 7.67 7.99 8.41 8.83 9.31 9.75 10.01 10.09 9.91 9.48 8.89 8.35 7.95 7.80 7.75 7.78 7.88 7.95 7.98 8.12 8.51 8.88 8.99 8.93 8.79 8.64 8.54 8.47 8.38 8.38 8.60 8.98 9.49 9.96 10.30 10.55 10.77 10.71 10.30 9.71 9.20 8.83 8.53 8.25 8.01 7.88 8.03 8.27 8.34 8.33 8.27 8.19 8.25 8.52 8.71 8.57 8.16 7.83 7.80 7.83 7.81 7.78 7.73 7.65 7.77 8.13 8.39 8.37 8.24 8.15 8.03
8.94 8.78 8.66 8.83 8.92 8.71 8.33 8.09 8.00 7.94 7.92 8.00 8.29 8.79 9.29 9.69 9.95 9.97 9.78 9.38 8.83 8.30 8.08 8.03 7.96 7.89 7.87 7.98 8.13 8.21 8.16 8.17 8.44 8.81 8.88 8.60 8.33 8.27 8.34 8.36 8.36 8.46 8.76 9.13 9.48 9.72 9.77 9.78 9.94 10.09 9.89 9.48 9.17 8.99 8.81 8.59 8.34 8.14 8.03 8.19 8.38 8.44 8.44 8.48 8.63 8.75 8.60 8.15 7.65 7.50 7.55 7.61 7.65 7.79 8.02 7.98 7.73 7.65 8.00 8.47 8.67 8.67 8.69
9.15 9.19 9.35 9.50 9.48 9.20 8.68 8.21 8.00 8.00 8.09 8.32 8.69 9.09 9.34 9.38 9.26 9.06 8.69 8.07 7.41 7.09 7.21 7.57 7.84 8.00 8.17 8.39 8.59 8.73 8.82 8.90 9.03 9.19 9.22 8.94 8.54 8.35 8.36 8.52 8.77 9.12 9.38 9.45 9.39 9.20 8.88 8.68 8.80 9.19 9.39 9.36 9.31 9.19 8.98 8.79 8.65 8.54 8.38 8.38 8.48 8.58 8.66 8.76 8.82 8.67 8.29 7.83 7.63 7.61 7.65 7.71 7.77 7.86 8.05 8.22 8.20 7.94 7.79 8.12 8.81 9.50 10.07
9.17 9.24 9.35 9.37 9.34 9.35 9.14 8.64 8.24 8.16 8.25 8.40 8.61 8.74 8.71 8.64 8.59 8.33 7.81 7.23 6.88 6.91 7.28 7.68 7.93 8.12 8.36 8.61 8.82 9.03 9.31 9.60 9.78 9.87 9.89 9.71 9.29 8.88 8.61 8.73 9.13 9.51 9.58 9.42 9.15 8.74 8.25 7.97 8.13 8.67 9.21 9.45 9.44 9.28 9.09 8.95 8.86 8.82 8.71 8.59 8.59 8.67 8.78 8.85 8.78 8.47 7.97 7.68 7.69 7.78 7.84 7.88 7.98 8.06 8.01 8.03 8.30 8.58 8.65 8.78 9.33 9.98 10.44
9.23 9.40 9.60 9.61 9.58 9.56 9.57 9.40 9.00 8.66 8.46 8.30 8.18 8.12 8.20 8.37 8.39 8.09 7.72 7.60 7.74 7.96 8.10 8.19 8.24 8.30 8.46 8.66 8.88 9.08 9.30 9.55 9.82 10.06 10.25 10.31 10.14 9.75 9.24 9.00 9.12 9.24 9.25 9.20 8.95 8.51 8.07 7.88 8.04 8.55 9.17 9.55 9.64 9.50 9.32 9.15 9.01 8.93 8.77 8.62 8.58 8.62 8.69 8.72 8.66 8.40 8.02 7.82 7.84 7.96 8.07 8.08 8.05 8.08 8.12 8.17 8.34 8.77 9.33 9.75 9.94 9.86 9.61
9.43 9.78 10.24 10.27 10.06 9.74 9.70 9.76 9.60 9.11 8.57 8.12 7.83 7.78 8.02 8.26 8.21 8.06 8.14 8.49 8.81 8.86 8.74 8.64 8.59 8.59 8.65 8.76 8.91 9.10 9.22 9.28 9.38 9.72 10.24 10.72 10.97 10.85 10.35 9.64 9.22 9.03 9.08 9.01 8.66 8.25 8.04 8.08 8.31 8.75 9.27 9.70 9.93 9.86 9.62 9.35 9.11 8.93 8.70 8.58 8.53 8.54 8.55 8.56 8.55 8.45 8.28 8.21 8.23 8.32 8.40 8.37 8.19 8.02 8.12 8.49 8.85 9.24 9.87 10.40 10.32 9.65 8.86
9.45 9.75 10.21 10.35 10.23 9.84 9.58 9.49 9.39 9.02 8.48 8.01 7.77 7.80 7.91 7.93 7.93 8.14 8.56 8.88 8.99 8.96 8.86 8.83 8.83 8.79 8.74 8.73 8.79 8.99 9.22 9.29 9.31 9.56 10.07 10.64 11.08 11.27 11.16 10.59 9.72 9.11 8.76 8.44 8.06 7.90 8.01 8.21 8.51 8.95 9.42 9.81 10.07 10.07 9.85 9.54 9.22 8.95 8.68 8.58 8.56 8.56 8.56 8.54 8.58 8.62 8.61 8.64 8.70 8.77 8.82 8.81 8.65 8.42 8.35 8.68 9.39 10.23 10.91 11.10 10.76 9.99 9.02
9.14 9.09 9.08 9.28 9.50 9.46 9.19 9.00 8.98 8.86 8.64 8.46 8.42 8.41 8.21 7.92 7.87 8.11 8.36 8.49 8.62 8.78 8.87 8.94 8.93 8.81 8.62 8.49 8.51 8.73 9.01 9.26 9.41 9.54 9.66 9.86 10.15 10.49 10.71 10.55 9.80 8.91 8.19 7.74 7.57 7.65 7.89 8.12 8.52 9.05 9.45 9.71 9.93 10.04 9.95 9.70 9.35 9.02 8.69 8.60 8.65 8.71 8.70 8.66 8.65 8.73 8.83 8.95 9.05 9.17 9.35 9.53 9.54 9.47 9.40 9.55 10.10 10.89 11.38 11.33 11.02 10.60 9.88
8.71 8.33 7.68 7.46 7.69 8.03 8.29 8.54 8.86 9.16 9.35 9.52 9.61 9.42 8.88 8.31 7.98 7.84 7.74 7.80 8.16 8.59 8.85 8.97 8.97 8.86 8.64 8.37 8.21 8.29 8.47 8.68 8.85 8.95 8.89 8.83 8.91 9.08 9.25 9.24 8.94 8.37 7.79 7.45 7.46 7.64 7.83 8.13 8.70 9.20 9.38 9.47 9.66 9.87 9.91 9.76 9.47 9.14 8.81 8.74 8.84 8.92 8.91 8.83 8.73 8.74 8.90 9.12 9.30 9.50 9.85 10.30 10.68 11.01 11.23 11.31 11.33 11.38 11.23 10.95 10.97 11.17 11.09
8.36 7.78 6.80 6.39 6.37 6.71 7.34 8.00 8.64 9.25 9.72 9.94 9.90 9.59 9.06 8.51 8.05 7.74 7.65 7.82 8.16 8.49 8.70 8.88 9.00 9.02 8.92 8.62 8.19 7.97 7.95 7.95 7.95 8.01 8.06 8.01 7.95 7.99 8.02 8.07 8.04 7.87 7.66 7.62 7.85 8.14 8.42 8.85 9.30 9.44 9.37 9.37 9.53 9.72 9.80 9.74 9.62 9.52 9.47 9.45 9.37 9.23 9.08 8.97 8.89 8.87 8.98 9.23 9.52 9.82 10.29 10.91 11.60 12.17 12.51 12.48 12.12 11.59 10.99 10.70 11.00 11.59 12.06
8.29 7.70 6.79 6.50 6.57 6.86 7.30 7.71 8.15 8.70 9.20 9.41 9.25 8.95 8.67 8.39 8.09 7.92 7.99 8.25 8.51 8.69 8.77 8.88 9.02 9.13 9.21 9.14 8.83 8.32 7.98 7.79 7.71 7.67 7.62 7.48 7.32 7.31 7.40 7.53 7.61 7.66 7.82 8.20 8.62 9.01 9.43 9.72 9.75 9.55 9.37 9.36 9.48 9.62 9.69 9.72 9.82 10.02 10.21 10.20 9.86 9.40 9.10 9.03 9.08 9.11 9.12 9.30 9.65 10.13 10.68 11.23 11.73 12.06 12.20 12.07 11.68 11.11 10.62 10.53 10.84 11.39 12.05
8.77 8.40 8.01 8.06 8.19 8.24 8.09 7.91 7.95 8.20 8.51 8.68 8.58 8.41 8.31 8.23 8.12 8.09 8.24 8.52 8.77 8.99 9.02 9.02 9.03 9.13 9.29 9.43 9.39 9.06 8.49 8.06 7.81 7.61 7.38 7.15 6.97 6.94 7.07 7.27 7.48 7.81 8.32 8.87 9.27 9.56 9.78 9.79 9.59 9.32 9.17 9.16 9.22 9.32 9.44 9.58 9.80 10.00 10.07 9.85 9.46 9.15 8.98 8.96 9.07 9.19 9.23 9.31 9.58 10.07 10.59 10.89 10.91 10.76 10.58 10.44 10.30 10.14 10.03 10.06 10.15 10.43 11.10
9.32 9.32 9.50 9.84 10.04 9.87 9.24 8.74 8.52 8.41 8.27 8.16 8.13 8.15 8.19 8.20 8.19 8.26 8.50 8.81 9.08 9.27 9.21 9.07 8.99 9.02 9.19 9.39 9.47 9.35 8.95 8.41 7.94 7.59 7.31 7.12 7.00 6.94 7.00 7.23 7.72 8.43 9.12 9.53 9.68 9.67 9.58 9.39 9.16 8.97 8.86 8.77 8.72 8.85 9.07 9.26 9.41 9.46 9.30 8.97 8.80 8.77 8.78 8.83 8.92 9.05 9.16 9.24 9.36 9.60 9.87 9.82 9.53 9.19 8.94 8.89 9.07 9.32 9.47 9.53 9.53 9.67 10.08
9.39 9.58 9.92 10.23 10.47 10.56 10.41 9.98 9.47 8.92 8.40 8.08 8.02 8.12 8.24 8.32 8.42 8.62 8.89 9.11 9.24 9.21 9.02 8.84 8.77 8.82 8.97 9.14 9.22 9.18 8.99 8.59 8.17 7.80 7.52 7.34 7.19 7.09 7.19 7.66 8.51 9.35 9.81 9.88 9.72 9.52 9.35 9.15 8.95 8.80 8.64 8.48 8.38 8.59 8.82 8.91 8.84 8.66 8.44 8.29 8.29 8.42 8.57 8.69 8.75 8.81 8.92 9.08 9.23 9.34 9.27 8.95 8.65 8.50 8.44 8.57 8.93 9.27 9.40 9.40 9.45 9.54 9.67
9.22 9.39 9.63 9.70 9.77 9.91 10.23 10.23 9.81 9.16 8.61 8.32 8.25 8.30 8.44 8.63 8.85 9.07 9.22 9.19 9.01 8.75 8.57 8.52 8.54 8.60 8.65 8.66 8.75 8.85 8.81 8.62 8.39 8.13 7.89 7.72 7.61 7.58 7.86 8.60 9.39 9.77 9.73 9.49 9.28 9.18 9.16 9.09 8.94 8.74 8.56 8.43 8.46 8.61 8.72 8.71 8.46 8.00 7.65 7.57 7.71 8.02 8.33 8.52 8.60 8.67 8.79 8.95 9.15 9.28 9.19 8.93 8.73 8.63 8.64 8.90 9.38 9.75 9.87 9.79 9.71 9.67 9.68
9.13 9.29 9.54 9.55 9.33 8.98 9.00 9.23 9.29 9.08 8.77 8.57 8.50 8.52 8.64 8.88 9.14 9.28 9.21 8.93 8.56 8.25 8.15 8.31 8.50 8.60 8.60 8.54 8.65 8.79 8.80 8.70 8.53 8.34 8.20 8.19 8.33 8.53 8.86 9.28 9.47 9.33 9.08 8.88 8.84 8.93 9.08 9.08 8.90 8.69 8.53 8.51 8.51 8.59 8.68 8.73 8.63 8.30 7.85 7.57 7.59 7.82 8.11 8.34 8.52 8.67 8.80 8.91 8.96 8.96 9.00 9.05 8.93 8.74 8.71 9.10 9.76 10.23 10.36 10.23 9.97 9.76 9.73
9.14 9.25 9.36 9.29 9.02 8.46 8.03 8.02 8.33 8.58 8.63 8.60 8.57 8.59 8.67 8.82 8.95 8.88 8.55 8.13 7.78 7.60 7.71 8.14 8.61 8.88 8.98 9.01 9.09 9.11 9.01 8.80 8.57 8.42 8.38 8.52 8.81 9.09 9.18 9.07 8.85 8.69 8.64 8.68 8.78 8.90 9.02 9.03 8.86 8.64 8.52 8.41 8.30 8.38 8.63 8.88 9.07 9.10 8.84 8.55 8.29 8.06 8.04 8.21 8.44 8.64 8.80 8.87 8.83 8.77 8.87 9.07 9.05 8.98 9.15 9.73 10.34 10.57 10.48 10.25 9.93 9.73 9.74
9.13 9.04 8.63 8.01 7.62 7.36 7.23 7.31 7.61 7.94 8.20 8.38 8.49 8.55 8.59 8.58 8.44 8.13 7.76 7.48 7.37 7.45 7.79 8.33 8.78 9.08 9.27 9.36 9.33 9.24 9.12 8.89 8.63 8.50 8.51 8.62 8.80 8.92 8.85 8.65 8.47 8.41 8.55 8.79 8.94 8.95 8.89 8.83 8.75 8.62 8.40 8.15 8.09 8.31 8.68 9.02 9.35 9.62 9.72 9.62 9.23 8.59 8.17 8.16 8.39 8.63 8.80 8.94 9.08 9.25 9.37 9.36 9.43 9.70 10.19 10.64 10.79 10.56 10.29 10.12 9.88 9.77 9.77
8.90 8.66 8.05 7.12 6.43 6.43 6.76 7.13 7.47 7.82 8.10 8.28 8.39 8.49 8.53 8.44 8.23 8.09 8.13 8.22 8.26 8.38 8.59 8.72 8.81 8.91 9.07 9.11 8.90 8.73 8.81 8.81 8.68 8.58 8.60 8.67 8.76 8.86 8.90 8.87 8.67 8.49 8.57 8.83 8.97 8.90 8.74 8.59 8.48 8.30 8.03 7.93 8.08 8.43 8.79 9.11 9.45 9.77 10.01 10.05 9.81 9.28 8.70 8.51 8.59 8.71 8.85 9.08 9.38 9.59 9.57 9.49 9.72 10.25 10.76 10.81 10.48 10.01 9.85 9.95 9.96 9.87 9.74
