project/data/elevation/US_DEM2016/US_DEM2016_point_10-28-2019_2158_30m_ang.asc
ncols	125
nrows	167
xllcorner	-2042055.000000
yllcorner	1465035.000000
cellsize	30.000000
NODATA_value	-9999.000000
[rows 84 to 125 of 167, columns 0 to 93 of 125]
309 316 327 321 311 307 306 305 303 301 298 295 293 291 290 288 285 284 285 285 282 280 281 282 281 279 279 281 288 294 297 300 304 309 316 324 321 312 307 304 300 296 292 290 286 283 283 287 294 301 307 311 316 324 337 341 328 316 311 308 307 304 301 297 296 300 306 303 298 292 286 282 281 287 296 296 291 288 287 287 290 298 303 295 287 287 295 310 325 325 320 316 312 302
307 314 325 320 311 307 306 303 301 298 296 293 291 290 289 286 282 279 279 281 281 283 285 287 286 285 285 286 291 296 298 300 304 310 320 331 327 314 308 303 298 295 294 292 288 285 286 289 295 302 307 311 316 323 336 342 330 319 313 308 304 301 297 294 293 299 307 304 298 292 285 280 278 284 291 293 289 286 285 284 284 289 298 297 289 286 290 301 314 320 317 314 310 301
306 314 323 318 310 306 304 301 298 295 294 292 290 289 287 283 278 274 279 282 286 289 291 291 291 289 288 288 290 294 295 296 300 307 318 332 329 314 304 300 297 296 295 293 289 287 287 289 293 299 304 310 315 323 334 341 358 319 319 306 302 298 295 292 291 297 308 306 298 293 286 281 280 283 289 291 289 286 285 288 284 285 290 293 290 287 287 291 297 306 309 312 313 307
306 313 320 316 309 303 300 299 297 295 293 291 289 287 285 279 275 277 284 289 292 294 294 293 292 291 288 287 288 292 294 295 297 303 315 330 329 315 303 299 297 295 293 291 289 287 286 287 290 295 298 304 310 318 331 340 334 321 312 307 302 299 295 292 290 295 307 309 301 295 290 285 283 284 289 291 292 291 290 290 290 288 289 293 294 292 289 288 292 299 305 311 314 310
306 311 317 313 307 302 299 299 298 296 293 291 287 285 281 304 280 286 290 292 294 296 296 294 292 290 287 285 286 290 295 297 296 299 310 327 334 323 308 300 297 294 293 292 289 286 284 284 287 290 292 295 299 306 320 335 335 323 314 309 305 301 296 292 290 293 305 313 305 297 292 288 285 285 288 292 294 295 296 296 297 296 296 298 299 299 297 297 300 303 306 311 314 311
306 311 315 312 308 304 301 299 297 296 293 290 284 279 278 283 287 288 289 291 293 295 295 294 290 287 284 284 286 290 295 299 298 296 303 322 336 330 314 302 298 297 296 293 289 285 283 282 285 287 289 291 294 300 312 329 335 325 315 310 306 301 295 290 288 291 304 316 308 299 293 288 286 286 289 291 292 294 296 297 299 301 301 302 304 307 307 308 311 312 311 313 315 313
306 310 313 312 309 305 301 298 295 293 290 284 276 272 312 282 285 285 286 288 290 291 292 290 287 284 283 284 286 288 292 297 299 296 298 316 337 333 316 305 301 299 298 294 288 284 283 283 285 289 292 297 302 308 317 331 337 327 315 309 305 299 293 289 287 290 301 316 310 299 292 287 285 287 292 293 290 290 293 294 295 298 301 302 306 311 312 313 318 320 318 316 316 313
306 309 311 311 308 303 299 295 292 288 283 276 271 273 278 281 283 284 285 286 287 288 287 286 285 284 284 285 285 287 289 294 298 298 298 311 336 333 316 306 302 300 299 295 290 286 285 286 290 294 298 304 310 315 321 333 338 327 314 307 302 298 293 288 286 288 299 314 311 300 291 285 283 286 295 296 290 288 290 292 291 292 296 298 302 307 309 311 318 322 321 316 314 310
306 308 310 310 307 301 296 291 286 281 276 273 276 280 283 285 287 289 289 289 288 287 286 286 287 286 285 286 287 289 292 296 301 304 305 313 334 329 315 307 303 302 301 298 293 288 286 287 291 296 301 306 311 314 319 330 336 327 314 306 301 297 292 287 285 287 298 312 313 303 291 284 281 285 295 298 291 287 288 290 288 286 289 293 295 298 299 301 308 316 318 315 311 305
304 306 308 306 303 298 291 285 279 275 273 277 282 284 286 288 291 294 294 294 294 293 292 291 289 287 287 289 292 295 299 303 307 311 316 324 331 324 314 308 305 304 303 300 294 289 286 287 290 296 300 304 308 311 317 327 336 330 316 307 301 298 293 288 286 289 298 312 316 306 292 284 281 283 291 296 290 284 284 287 286 283 283 287 289 290 290 291 298 308 314 314 309 304
303 305 305 301 297 292 285 278 274 274 277 282 286 288 290 292 295 298 300 300 300 299 297 294 290 289 290 292 293 295 298 302 306 312 324 335 330 321 314 309 307 305 303 299 294 289 286 286 289 294 298 301 306 312 320 329 339 335 321 310 305 301 296 290 288 289 297 310 319 309 295 285 281 279 283 289 287 282 281 283 284 280 278 281 285 287 289 292 297 304 310 312 309 306
302 305 305 300 294 288 283 278 278 282 287 289 291 293 295 297 299 301 303 303 302 300 297 292 289 289 290 291 291 290 291 294 298 307 326 340 329 319 312 308 306 303 300 296 292 289 286 285 288 293 297 300 305 310 318 330 341 337 323 312 306 302 297 292 289 289 295 309 320 313 298 287 280 275 276 282 286 284 282 284 285 281 278 281 288 295 298 299 300 303 307 310 309 308
301 304 306 302 297 293 292 289 289 292 296 297 298 298 299 300 301 302 302 301 299 296 292 290 289 288 289 291 290 288 289 292 298 308 328 340 329 317 311 306 303 300 297 293 291 288 285 285 287 290 294 296 300 304 311 325 338 335 322 311 305 301 297 293 289 288 293 306 319 314 301 289 278 272 274 281 286 287 286 287 290 288 285 288 297 305 307 305 303 305 307 309 309 309
299 302 305 305 300 298 298 298 297 298 302 303 302 302 302 302 301 300 298 295 291 289 289 291 291 289 289 292 294 294 295 298 303 313 329 340 329 315 309 305 301 297 294 292 290 287 285 284 285 287 289 290 294 298 304 317 331 329 321 311 305 301 296 292 288 286 290 301 315 314 303 291 279 274 276 281 285 287 288 291 294 295 294 297 304 312 314 309 307 308 310 310 309 309
298 301 306 308 301 300 301 302 302 302 305 306 305 303 302 300 298 295 291 287 285 287 290 293 292 291 291 294 297 298 299 300 304 314 329 339 330 315 307 303 299 295 293 292 290 288 286 285 284 285 287 289 292 296 303 317 328 326 320 312 306 300 295 291 287 285 288 296 309 312 306 296 286 280 280 282 285 289 292 295 299 301 301 303 308 316 317 311 308 310 311 310 308 308
299 303 309 308 304 303 304 305 304 304 304 305 305 302 300 297 293 289 286 284 286 290 293 295 294 292 292 293 295 296 295 295 299 310 326 338 330 315 306 302 298 297 296 294 292 289 287 286 286 287 290 293 296 302 310 323 331 326 319 313 306 299 294 291 288 286 287 293 304 313 312 304 295 288 284 284 287 292 296 300 303 305 304 305 309 316 316 311 309 309 311 309 307 305
300 304 310 310 308 305 304 304 303 302 301 301 301 299 296 292 288 284 282 285 290 293 294 295 293 292 291 292 293 292 291 291 294 303 321 336 331 316 307 304 302 301 299 296 293 290 287 286 287 289 292 296 302 308 317 329 333 326 319 312 306 299 295 292 289 287 288 294 303 314 319 311 301 293 287 285 288 292 296 298 301 302 302 301 304 311 313 312 309 309 310 309 306 304
299 303 309 310 308 304 302 301 300 299 298 296 296 294 292 288 283 280 284 290 293 294 293 293 291 289 289 289 290 289 288 288 290 296 313 333 334 320 311 309 306 303 299 296 293 289 287 286 287 289 290 293 298 306 317 332 333 324 318 312 306 300 296 293 290 288 289 294 301 313 322 315 304 296 290 287 288 290 291 293 295 297 296 295 298 306 312 313 311 309 309 308 306 304
299 302 309 311 312 303 300 298 297 296 295 293 291 289 286 282 280 285 291 295 297 295 294 292 288 286 286 287 287 287 287 287 287 291 304 325 333 323 314 310 306 302 298 295 292 288 285 285 286 287 287 288 291 297 312 331 332 322 317 313 307 301 297 293 290 289 288 291 298 309 319 317 306 299 293 288 286 286 288 289 291 293 294 295 300 307 314 316 315 312 309 307 306 305
300 303 309 313 310 308 301 298 297 295 293 290 286 282 279 281 286 292 296 297 297 296 294 292 288 286 285 286 286 287 288 289 289 292 302 320 329 322 313 307 303 299 297 294 291 287 284 283 284 285 286 287 287 290 302 325 329 321 317 313 307 301 297 293 290 288 287 288 294 305 316 317 309 301 294 287 284 284 287 289 290 291 294 297 302 308 314 317 317 314 309 306 305 304
299 302 307 311 311 307 302 299 297 294 290 284 277 273 276 284 292 294 295 295 296 295 293 291 289 287 286 287 289 292 294 296 298 301 308 321 329 324 312 306 302 298 296 294 291 286 283 281 282 284 286 287 285 285 294 314 325 321 317 313 307 301 296 293 290 287 286 287 292 301 313 317 311 304 296 289 283 282 286 289 290 290 291 293 296 301 307 313 317 315 310 307 305 304
295 298 303 306 307 305 301 298 294 290 283 277 273 274 281 289 295 296 295 294 293 293 291 291 290 289 287 289 293 297 299 302 305 308 312 322 332 329 316 308 303 299 297 295 292 287 283 281 281 283 284 284 283 286 294 310 323 322 318 313 308 302 296 293 291 289 287 286 289 298 309 316 314 307 299 290 283 281 284 288 290 288 287 288 290 293 298 306 312 313 311 309 307 305
293 295 299 302 303 302 301 295 291 286 283 282 283 287 292 297 301 302 300 296 294 293 292 292 291 290 289 291 294 296 299 302 305 307 311 320 333 334 321 311 304 300 298 295 292 287 283 281 280 280 279 279 284 291 300 312 323 324 318 313 308 303 297 294 292 290 288 286 287 294 305 314 315 309 300 291 283 280 282 285 289 289 289 291 293 295 298 303 308 311 310 309 307 304
295 297 300 301 303 302 300 297 295 293 293 295 297 299 301 303 306 308 305 301 299 298 296 293 292 291 290 290 291 293 294 296 299 303 308 317 331 336 325 313 306 301 298 294 291 287 284 281 279 278 278 281 288 295 303 312 321 324 319 312 308 305 299 295 292 290 288 286 286 290 299 311 315 310 302 293 285 281 281 283 289 293 294 297 300 302 304 305 307 309 307 306 304 301
297 300 303 304 304 304 303 302 303 303 304 305 306 306 305 306 308 308 307 305 303 302 299 295 293 292 289 288 289 290 290 290 293 297 303 312 327 337 328 315 307 301 296 292 289 287 286 284 281 280 282 286 291 296 302 308 316 323 322 315 310 306 301 295 291 289 288 286 285 287 293 305 314 312 305 296 288 282 280 283 289 293 295 297 302 306 309 308 307 308 305 303 300 298
298 302 307 307 306 305 304 305 306 308 309 309 308 306 304 304 306 305 304 302 301 299 297 294 293 291 288 288 289 290 289 289 290 293 299 308 322 334 328 314 305 298 292 290 289 289 290 289 287 285 287 289 291 294 300 306 313 322 325 320 312 307 301 295 290 288 287 286 285 286 290 300 311 313 306 298 290 283 281 282 287 291 293 294 298 304 310 309 307 307 305 302 299 297
297 301 308 309 307 306 305 306 307 308 308 307 304 301 298 298 300 299 298 296 295 294 293 292 292 290 288 288 288 290 291 292 294 296 301 309 322 332 325 312 303 297 294 293 292 292 294 295 293 290 289 289 290 293 299 306 312 321 328 324 315 307 302 296 291 288 287 286 286 287 289 296 306 311 306 298 291 285 281 282 286 291 294 295 296 302 310 310 308 308 305 301 298 297
295 299 306 309 308 307 306 306 307 306 304 302 299 295 293 293 295 295 294 292 292 291 291 291 291 289 288 287 287 288 290 294 297 299 303 310 325 333 323 311 304 300 298 296 294 293 295 299 297 292 290 288 289 291 296 303 309 318 327 327 318 309 303 297 291 288 287 287 288 288 290 294 303 309 304 297 292 286 282 282 286 291 295 297 298 301 309 310 308 308 305 300 297 296
295 298 304 308 308 307 306 305 305 303 300 298 295 292 290 289 290 292 293 292 291 291 293 293 292 289 287 287 288 289 289 291 293 295 299 308 325 334 323 312 306 303 299 297 295 294 295 300 299 293 290 288 287 289 292 297 303 313 323 326 321 311 303 297 292 289 288 288 289 289 291 294 300 306 301 295 291 287 282 281 285 290 294 296 297 299 304 307 307 308 307 302 299 297
296 299 304 307 308 306 304 302 301 299 296 294 291 288 286 286 289 292 294 294 292 292 295 299 296 291 288 287 289 290 289 289 291 293 296 304 322 332 322 312 306 303 299 296 295 294 294 300 300 294 289 287 286 287 289 292 296 304 315 322 321 313 305 298 294 292 289 289 289 289 291 293 299 304 300 295 291 288 283 282 283 288 292 294 294 295 299 303 305 308 308 304 301 300
297 300 305 308 308 304 300 298 296 294 290 288 287 285 284 287 292 296 298 298 295 293 296 302 299 293 288 286 287 289 290 290 292 295 298 304 319 327 321 311 306 303 298 294 293 293 294 298 300 295 289 287 286 286 287 289 292 298 307 315 318 313 307 301 297 293 290 288 288 289 291 294 300 303 300 295 291 288 284 282 282 285 289 291 292 295 299 302 305 307 307 304 303 302
297 300 305 308 308 304 298 294 293 291 288 287 287 288 291 295 298 300 301 300 295 290 292 300 299 294 288 284 284 287 289 290 292 296 300 307 320 327 321 312 307 303 298 293 291 291 294 299 301 296 291 288 286 286 287 289 292 297 304 312 315 312 308 302 297 294 290 287 286 288 291 295 300 304 300 295 292 289 285 281 281 284 288 290 294 300 304 305 305 307 306 304 303 302
295 298 303 307 307 303 297 293 294 295 294 294 296 299 301 302 303 303 302 299 292 286 287 295 298 295 290 285 284 286 289 289 289 293 300 310 322 330 322 312 306 302 296 291 288 289 294 301 302 298 293 289 286 285 287 290 295 300 306 314 316 312 308 303 297 293 289 285 285 287 291 295 300 303 300 296 293 290 286 281 281 285 290 293 298 304 309 309 307 307 305 303 302 301
294 296 301 304 306 304 299 296 297 299 300 301 303 304 304 304 304 303 300 297 291 286 286 292 299 300 295 288 284 285 290 291 289 290 297 307 321 330 321 309 304 300 295 291 287 287 291 301 304 299 294 289 286 284 286 290 295 300 307 316 319 313 307 302 297 292 287 284 283 286 291 295 301 303 300 297 295 292 287 283 283 287 293 297 300 306 312 311 308 307 304 303 302 301
293 295 299 302 306 306 303 300 300 300 301 302 303 303 302 301 300 298 296 295 292 287 286 288 297 304 302 291 285 284 289 293 292 290 292 300 315 326 319 308 303 299 295 291 287 284 287 297 305 300 294 290 287 285 285 288 293 298 304 313 320 316 307 301 296 290 286 283 283 287 292 297 303 306 302 298 296 293 289 286 285 287 292 296 298 303 310 311 310 308 304 302 302 302
293 295 298 302 306 307 305 303 302 302 302 302 301 299 297 295 295 294 293 293 291 288 285 286 292 303 306 296 287 285 288 293 295 293 290 295 309 321 317 308 303 299 295 292 288 283 284 292 302 302 295 291 290 287 286 287 291 295 299 307 317 316 307 301 296 290 287 286 286 288 293 298 305 308 304 299 297 294 290 286 284 286 289 292 294 298 306 309 310 310 305 302 302 303
294 296 299 302 306 307 306 305 304 303 302 301 299 296 294 293 293 293 293 292 291 288 285 285 289 299 306 299 290 285 286 291 296 296 293 293 304 316 315 308 302 298 295 293 290 285 283 287 297 302 298 294 293 290 287 287 289 292 296 302 310 312 306 300 297 294 292 290 288 289 293 298 304 308 304 298 296 294 290 286 283 284 287 289 292 295 302 307 309 310 308 303 302 303
294 296 300 303 306 307 306 306 304 303 302 300 298 295 294 293 293 292 293 294 293 291 288 286 288 296 306 302 291 286 284 287 293 298 297 296 303 312 313 307 302 297 294 293 291 286 282 284 291 300 300 296 294 292 288 285 286 290 295 301 307 308 305 302 300 298 294 291 288 289 292 296 302 306 303 299 297 295 290 286 282 282 286 289 291 295 301 305 306 308 309 306 303 303
293 296 300 304 306 306 306 306 304 302 301 300 298 296 294 292 292 293 296 297 296 293 289 286 287 295 304 304 294 287 284 285 289 296 299 301 305 311 312 306 300 296 292 291 289 286 282 282 287 296 299 297 294 291 288 284 284 287 294 302 307 307 304 301 299 297 294 290 288 289 292 296 301 304 302 298 297 295 290 284 281 281 284 288 291 295 300 305 305 306 307 307 304 303
292 294 300 304 306 306 306 305 302 299 299 299 298 295 293 291 292 295 297 296 294 290 287 286 288 294 302 304 297 289 284 283 286 292 298 302 307 311 314 304 298 293 288 285 286 286 283 282 284 291 296 297 295 292 289 285 284 286 291 300 306 306 303 300 298 296 293 290 289 289 291 295 301 302 299 297 295 292 287 282 280 280 283 287 290 293 297 302 304 304 306 307 305 302
291 294 299 305 307 306 306 305 300 296 295 296 297 296 294 292 293 294 294 291 289 287 287 287 289 293 299 304 301 292 285 283 285 291 297 301 305 309 309 302 296 290 286 286 288 288 285 283 284 288 294 298 298 297 294 289 286 286 290 298 305 306 304 300 299 298 295 291 288 288 290 293 298 299 296 294 292 290 286 282 280 280 282 286 290 293 296 300 303 304 306 307 305 303
291 294 299 305 307 306 305 304 300 295 299 294 296 297 296 293 291 290 290 289 289 289 288 288 289 292 297 302 304 297 288 284 284 289 295 298 301 306 306 300 294 292 293 294 293 291 288 285 285 288 293 297 300 302 300 294 289 287 291 299 305 306 304 301 299 298 294 290 288 288 290 291 294 295 293 292 290 289 287 283 280 279 281 287 293 295 297 301 304 305 306 307 306 304
