project/data/elevation/US_DEM2016/US_DEM2016_point_10-28-2019_0139_30m_vel.asc
ncols	125
nrows	167
xllcorner	-2042055.000000
yllcorner	1465035.000000
cellsize	30.000000
NODATA_value	-9999.000000
[rows 76 to 113 of 167, columns 0 to 83 of 125]
4.66 4.78 5.01 5.17 5.31 5.52 5.78 5.94 5.90 5.69 5.49 5.50 5.73 6.06 6.26 6.37 6.36 6.21 5.99 5.91 5.98 6.00 5.99 5.99 5.90 5.55 5.09 5.15 5.64 6.01 5.98 5.63 5.01 4.50 4.32 4.30 4.24 4.08 3.88 3.76 3.76 3.96 4.38 4.89 5.26 5.11 4.56 4.03 3.75 3.68 3.62 3.53 3.49 3.61 3.85 4.06 4.19 4.22 4.29 4.39 4.40 4.31 4.23 4.23 4.23 4.21 4.33 4.80 5.62 6.14 6.06 5.81 5.85 6.09 6.41 6.84 7.26 7.44 7.25 6.67 5.59 4.08 3.28 3.09
4.64 4.80 5.10 5.22 5.33 5.60 5.74 5.60 5.18 4.67 4.44 4.62 5.01 5.45 5.77 5.95 5.93 5.75 5.53 5.42 5.45 5.58 5.73 5.88 5.94 5.69 5.14 4.90 5.19 5.76 6.13 6.14 5.78 5.42 5.13 4.86 4.55 4.20 3.93 3.86 3.93 4.06 4.30 4.70 5.10 5.02 4.54 4.03 3.66 3.48 3.40 3.35 3.31 3.45 3.76 4.06 4.26 4.37 4.43 4.42 4.29 4.12 4.16 4.41 4.69 4.88 5.01 5.31 5.92 6.61 6.89 7.00 7.25 7.63 7.94 8.10 8.03 7.77 7.39 7.00 6.31 5.05 3.92 3.15
4.50 4.57 4.85 4.95 4.96 5.02 4.97 4.77 4.72 4.42 4.46 4.69 5.07 5.47 5.70 5.78 5.70 5.53 5.35 5.22 5.19 5.27 5.45 5.64 5.75 5.61 5.09 4.65 4.70 5.18 5.78 6.15 6.15 5.89 5.55 5.17 4.75 4.33 4.10 4.00 3.93 3.86 3.96 4.40 4.85 4.73 3.99 3.29 2.95 2.80 2.81 2.97 3.24 3.55 3.87 4.12 4.32 4.41 4.37 4.26 4.18 4.18 4.30 4.67 5.17 5.48 5.78 6.22 6.83 7.30 7.59 7.69 7.86 8.15 8.21 8.05 7.62 7.03 6.81 6.95 7.07 6.68 5.78 4.72
4.32 4.26 4.48 4.65 4.59 4.49 4.51 4.66 4.85 5.01 5.16 5.35 5.65 5.90 5.94 5.80 5.61 5.43 5.28 5.14 5.06 5.08 5.18 5.37 5.56 5.47 4.89 4.22 3.98 4.24 4.70 5.34 5.69 5.66 5.40 5.09 4.77 4.38 4.09 3.85 3.65 3.53 3.66 4.24 4.82 4.75 3.89 3.10 2.87 2.95 3.18 3.51 3.87 4.08 4.18 4.17 4.10 3.98 3.75 3.61 3.78 4.02 4.27 4.74 5.32 5.87 6.47 6.97 7.24 7.42 7.44 7.34 7.31 7.27 7.18 6.97 6.52 6.02 5.84 6.19 6.79 7.16 6.99 6.29
4.19 4.11 4.32 4.67 4.74 4.67 4.75 5.01 5.33 5.51 5.69 5.91 6.13 6.12 5.95 5.66 5.35 5.13 5.00 4.90 4.85 4.88 4.96 5.14 5.43 5.46 4.84 3.77 3.06 3.07 3.30 3.84 4.52 4.95 5.02 4.88 4.80 4.56 4.35 4.16 4.06 4.04 4.21 4.75 5.30 5.32 4.62 3.83 3.57 3.74 4.03 4.27 4.38 4.38 4.22 4.10 3.92 3.78 3.69 3.68 3.88 4.13 4.42 4.92 5.49 6.08 6.57 6.79 6.80 6.71 6.55 6.36 6.09 5.75 5.66 5.79 5.82 5.62 5.32 5.16 5.56 6.41 6.98 6.95
4.18 4.15 4.35 4.77 5.00 5.04 5.08 5.25 5.50 5.72 5.95 6.10 6.07 5.85 5.56 5.27 4.96 4.64 4.46 4.38 4.40 4.52 4.72 4.95 5.32 5.54 5.09 3.68 2.55 2.21 2.15 2.34 2.94 3.82 4.39 4.64 4.69 4.84 4.90 4.95 5.05 5.16 5.35 5.65 6.05 6.15 5.68 4.94 4.52 4.38 4.32 4.23 4.16 4.12 4.11 4.14 4.28 4.48 4.75 4.87 4.94 5.00 5.13 5.42 5.72 5.95 5.97 5.83 5.81 5.87 5.82 5.68 5.39 4.95 4.89 5.14 5.44 5.57 5.40 4.92 4.70 5.13 6.13 6.78
4.40 4.39 4.46 4.62 4.81 4.98 5.13 5.32 5.54 5.76 5.91 5.87 5.62 5.29 5.01 4.84 4.68 4.40 4.10 3.97 3.99 4.10 4.28 4.63 5.11 5.60 5.52 4.44 2.90 2.24 1.98 1.88 2.09 2.67 3.56 4.22 4.47 4.81 5.04 5.29 5.54 5.75 5.90 6.05 6.36 6.59 6.37 5.74 5.11 4.61 4.28 4.14 4.18 4.28 4.33 4.37 4.62 4.86 5.20 5.49 5.64 5.71 5.75 5.72 5.67 5.52 5.32 5.25 5.35 5.50 5.54 5.44 5.11 4.67 4.53 4.72 5.07 5.37 5.45 5.22 4.68 4.44 4.99 6.03
4.58 4.63 4.64 4.56 4.60 4.81 5.06 5.31 5.51 5.61 5.59 5.39 5.10 4.86 4.68 4.56 4.51 4.38 4.11 3.84 3.72 3.75 3.87 4.18 4.75 5.43 5.78 5.35 4.18 3.40 3.04 2.84 2.62 2.68 3.23 3.91 4.21 4.54 4.84 5.14 5.39 5.54 5.63 5.72 6.05 6.46 6.49 6.05 5.42 4.93 4.75 4.75 4.73 4.67 4.56 4.53 4.74 4.73 4.93 5.33 5.67 5.83 5.84 5.62 5.29 5.03 5.02 5.20 5.37 5.46 5.49 5.35 4.86 4.20 3.80 3.93 4.33 4.70 4.98 5.11 4.83 4.25 4.09 4.94
4.55 4.62 4.72 4.74 4.76 4.88 5.07 5.28 5.39 5.34 5.15 4.90 4.69 4.56 4.45 4.34 4.30 4.30 4.14 3.80 3.58 3.56 3.64 3.92 4.48 5.20 5.81 5.94 5.69 5.34 4.97 4.47 3.96 3.59 3.55 3.92 4.36 4.72 4.97 5.06 5.05 5.04 5.13 5.35 5.70 6.20 6.44 6.30 6.02 5.78 5.52 5.27 5.01 4.80 4.62 4.62 4.69 4.78 5.01 5.29 5.56 5.67 5.61 5.34 4.95 4.73 4.80 5.06 5.21 5.32 5.44 5.38 4.75 3.67 2.89 2.75 3.07 3.53 3.97 4.35 4.52 4.20 3.66 3.88
4.47 4.54 4.72 4.90 5.02 5.10 5.16 5.18 5.14 4.99 4.76 4.53 4.39 4.31 4.24 4.15 4.09 4.08 3.95 3.66 3.52 3.59 3.78 4.11 4.62 5.19 5.74 6.11 6.30 6.33 6.22 5.82 5.18 4.56 4.30 4.44 4.83 5.13 5.07 4.85 4.67 4.70 4.93 5.22 5.52 5.96 6.33 6.44 6.46 6.41 6.12 5.66 5.26 4.97 4.72 4.69 4.82 4.92 5.01 5.06 5.13 5.17 5.15 5.04 4.78 4.55 4.47 4.59 4.70 4.93 5.35 5.64 5.26 4.07 2.91 2.40 2.20 2.27 2.56 2.98 3.51 3.71 3.37 3.22
4.50 4.61 4.82 5.01 5.12 5.14 5.04 4.89 4.76 4.62 4.47 4.32 4.21 4.13 4.07 4.02 3.98 3.94 3.93 3.62 3.54 3.69 3.99 4.35 4.77 5.19 5.59 5.89 6.04 6.11 6.20 6.25 5.97 5.34 4.87 4.77 4.88 4.87 4.64 4.45 4.39 4.47 4.61 4.81 5.05 5.44 5.84 6.03 6.15 6.25 6.21 5.99 5.70 5.35 4.95 4.76 5.10 4.62 4.68 4.54 4.51 4.56 4.66 4.73 4.66 4.41 4.18 4.13 4.23 4.54 5.12 5.82 6.01 5.51 4.41 3.44 2.71 2.26 2.01 2.20 2.32 2.76 2.80 2.63
4.56 4.67 4.82 4.89 4.85 4.75 4.64 4.58 4.53 4.45 4.32 4.23 4.14 4.03 3.90 3.87 4.00 4.11 4.13 4.01 3.86 3.81 3.96 4.26 4.62 4.95 5.27 5.51 5.51 5.32 5.42 5.85 6.16 6.01 5.50 4.97 5.19 4.23 4.12 4.23 4.24 4.18 4.13 4.23 4.52 4.83 5.09 5.15 5.14 5.22 5.31 5.38 5.42 5.34 5.09 4.79 4.56 4.35 4.26 4.28 4.30 4.40 4.54 4.63 4.64 4.40 4.11 4.02 4.06 4.35 4.87 5.59 6.21 6.49 6.32 5.59 4.79 4.04 3.41 2.90 2.64 2.64 2.64 2.54
4.57 4.65 4.68 4.61 4.49 4.42 4.47 4.61 4.64 4.49 4.27 4.13 4.04 3.94 3.85 4.79 4.19 4.55 4.67 4.62 4.40 4.15 4.04 4.15 4.34 4.54 4.80 5.08 5.18 4.96 4.83 5.14 5.73 6.07 5.92 5.29 4.55 4.13 4.02 4.19 4.20 4.12 4.10 4.21 4.40 4.55 4.58 4.32 3.93 3.68 3.72 3.82 4.03 4.31 4.42 4.44 4.39 4.36 4.37 4.45 4.52 4.58 4.59 4.60 4.60 4.42 4.15 4.06 4.06 4.30 4.69 5.15 5.78 6.43 6.89 6.98 6.75 6.32 5.79 5.17 4.54 4.09 3.96 3.73
4.55 4.62 4.65 4.59 4.52 4.58 4.71 4.77 4.67 4.44 4.14 3.88 3.75 3.72 3.74 3.85 4.12 4.43 4.66 4.77 4.73 4.54 4.30 4.14 4.09 4.10 4.23 4.51 4.78 4.86 4.74 4.68 4.93 5.47 5.74 5.48 4.86 4.47 4.26 4.32 4.39 4.47 4.52 4.55 4.61 4.67 4.58 4.07 3.30 2.87 2.76 2.78 2.92 3.27 3.72 4.08 4.31 4.45 4.52 4.60 4.63 4.56 4.47 4.42 4.42 4.31 4.08 4.01 4.03 4.20 4.47 4.76 5.11 5.53 6.04 6.61 6.96 7.06 7.01 6.84 6.50 6.07 5.69 5.35
4.53 4.58 4.66 4.71 4.75 4.84 4.86 4.70 4.42 4.12 3.81 3.46 3.28 3.27 4.48 3.16 3.22 3.46 3.87 4.21 4.46 4.52 4.35 4.07 3.88 3.82 3.85 3.98 4.11 4.22 4.25 4.14 4.17 4.62 5.21 5.41 5.08 4.76 4.56 4.60 4.69 4.79 4.85 4.93 5.05 5.17 5.11 4.71 4.02 3.47 3.26 3.35 3.65 3.99 4.27 4.41 4.48 4.52 4.49 4.43 4.36 4.26 4.24 4.25 4.23 4.09 3.84 3.78 3.82 3.92 4.16 4.44 4.49 4.36 4.49 4.94 5.61 6.12 6.52 6.83 6.91 6.76 6.55 6.37
4.51 4.55 4.63 4.74 4.83 4.85 4.69 4.37 4.01 3.69 3.44 3.25 3.19 3.15 2.94 2.62 2.49 2.60 2.89 3.26 3.62 3.93 4.02 3.99 3.98 4.01 3.95 3.80 3.57 3.35 3.33 3.37 3.45 3.80 4.50 5.06 5.08 4.82 4.66 4.74 4.81 4.91 5.04 5.30 5.56 5.80 5.89 5.71 5.41 5.10 4.78 4.76 4.96 5.10 5.07 4.80 4.56 4.43 4.25 4.05 3.94 3.92 3.98 4.09 4.09 3.88 3.56 3.50 3.52 3.59 3.87 4.21 4.14 3.62 3.31 3.47 4.01 4.55 4.99 5.43 5.87 6.08 6.07 6.14
4.50 4.54 4.64 4.75 4.76 4.59 4.26 3.89 3.60 3.42 3.36 3.36 3.40 3.43 3.31 3.01 2.71 2.56 2.59 2.75 3.00 3.32 3.65 3.95 4.22 4.41 4.43 4.21 3.86 3.57 3.43 3.42 3.46 3.57 3.92 4.51 4.82 4.78 4.72 4.81 4.91 5.06 5.26 5.57 5.85 6.19 6.41 6.37 6.22 6.16 6.05 5.80 5.47 5.13 4.83 4.63 4.46 4.27 4.00 3.73 3.57 3.56 3.68 3.88 4.00 3.85 3.57 3.44 3.38 3.40 3.71 4.18 4.20 3.57 2.87 2.63 2.94 3.36 3.57 3.81 4.26 4.71 4.78 4.76
4.49 4.51 4.56 4.58 4.40 4.05 3.66 3.40 3.29 3.30 3.38 3.47 3.57 3.71 3.83 3.81 3.60 3.34 3.24 3.29 3.45 3.70 3.99 4.24 4.42 4.63 4.86 4.98 4.97 4.86 4.70 4.57 4.45 4.28 4.07 4.24 4.59 4.80 4.94 5.06 5.17 5.33 5.51 5.68 5.81 6.11 6.43 6.51 6.38 6.31 6.27 6.10 5.66 5.05 4.65 4.58 4.53 4.32 4.00 3.69 3.52 3.47 3.63 3.91 4.13 4.10 3.90 3.70 3.49 3.43 3.65 4.24 4.43 3.88 2.89 2.13 2.00 2.27 2.36 2.43 2.81 3.42 3.58 3.43
4.48 4.46 4.35 4.11 3.72 3.27 2.95 2.87 3.01 3.18 3.33 3.51 3.70 3.91 4.19 4.50 4.65 4.65 4.65 4.70 4.79 4.88 4.93 4.88 4.76 4.73 4.89 5.13 5.35 5.38 5.26 5.05 4.81 4.55 4.24 4.27 4.55 4.91 5.20 5.35 5.43 5.48 5.50 5.51 5.51 5.73 6.10 6.33 6.31 6.21 6.04 5.97 5.92 5.75 5.41 5.06 4.78 4.52 4.28 4.12 4.04 3.99 4.05 4.23 4.38 4.30 4.07 3.87 3.70 3.67 3.86 4.42 4.72 4.26 3.14 2.04 1.54 1.50 1.55 1.51 1.65 2.14 2.57 2.65
4.48 4.45 4.26 3.86 3.34 2.95 2.76 2.77 2.99 3.23 3.42 3.71 4.05 4.37 4.70 5.10 5.43 5.67 5.81 5.83 5.74 5.56 5.35 5.18 5.06 4.91 4.73 4.56 4.54 4.57 4.42 4.23 4.08 3.99 4.05 4.32 4.66 5.00 5.27 5.38 5.37 5.29 5.15 5.04 5.09 5.27 5.61 5.89 5.99 6.01 5.90 5.82 5.82 5.83 5.70 5.32 4.92 4.63 4.45 4.38 4.40 4.45 4.44 4.52 4.61 4.49 4.12 3.90 3.89 4.06 4.26 4.74 5.21 4.98 3.79 2.67 1.98 1.69 1.60 1.43 1.33 1.50 1.90 2.24
4.48 4.45 4.27 3.98 3.71 3.56 3.52 3.53 3.61 3.71 3.83 4.10 4.52 4.93 5.29 5.59 5.85 6.00 6.01 5.87 5.63 5.35 5.11 5.04 5.14 5.19 4.94 4.48 4.17 4.09 4.01 3.89 3.87 3.88 4.05 4.39 4.75 5.00 5.13 5.15 5.08 4.95 4.79 4.66 4.69 4.85 5.07 5.25 5.29 5.21 5.19 5.20 5.18 5.14 5.07 4.96 4.74 4.52 4.36 4.25 4.28 4.43 4.50 4.60 4.78 4.79 4.48 4.14 4.08 4.20 4.37 4.87 5.71 5.94 5.05 3.89 2.99 2.47 2.28 2.07 1.87 1.84 2.05 2.40
4.44 4.38 4.20 4.21 4.18 4.27 4.36 4.45 4.56 4.60 4.55 4.66 4.99 5.41 5.74 5.89 5.88 5.75 5.49 5.18 4.94 4.78 4.67 4.69 4.92 5.28 5.38 5.26 5.13 5.12 5.11 5.01 4.77 4.51 4.40 4.54 4.73 4.85 4.86 4.82 4.69 4.57 4.49 4.46 4.49 4.63 4.79 4.81 4.57 4.16 3.91 3.94 4.07 4.14 4.20 4.32 4.39 4.37 4.33 4.27 4.30 4.42 4.44 4.46 4.61 4.76 4.64 4.32 4.06 3.98 4.08 4.60 5.76 6.55 6.34 5.31 4.25 3.47 3.31 3.15 2.96 2.87 2.98 3.34
4.37 4.28 4.16 4.34 4.37 4.63 4.89 5.12 5.36 5.51 5.51 5.47 5.59 5.79 5.87 5.79 5.55 5.24 4.94 4.73 4.65 4.59 4.49 4.48 4.65 5.09 5.49 5.80 5.97 6.05 6.06 5.94 5.62 5.14 4.76 4.66 4.69 4.66 4.59 4.49 4.35 4.28 4.31 4.42 4.55 4.74 4.90 4.90 4.54 3.96 3.46 3.19 3.06 3.20 3.53 3.94 4.27 4.41 4.43 4.41 4.44 4.49 4.41 4.34 4.38 4.51 4.45 4.16 3.81 3.68 3.74 4.21 5.40 6.62 7.12 6.82 5.97 5.13 4.92 4.74 4.56 4.43 4.45 4.54
4.38 4.31 4.25 4.34 4.59 4.99 5.42 5.72 5.92 6.07 6.14 6.07 5.93 5.76 5.54 5.28 5.03 4.80 4.64 4.57 4.70 4.80 4.79 4.74 4.75 4.89 5.09 5.31 5.49 5.63 5.72 5.79 5.72 5.39 4.93 4.66 4.56 4.40 4.23 4.16 4.20 4.37 4.52 4.66 4.82 5.03 5.19 5.30 5.22 4.95 4.51 3.97 3.43 3.40 3.70 4.09 4.42 4.61 4.68 4.68 4.64 4.62 4.55 4.52 4.55 4.58 4.45 4.12 3.80 3.71 3.79 4.14 5.00 6.15 7.12 7.54 7.43 6.95 6.58 6.37 6.18 5.90 5.61 5.26
4.46 4.41 4.33 4.39 4.65 5.05 5.40 5.67 5.83 5.94 6.00 5.93 5.71 5.36 4.99 4.72 4.57 4.51 4.42 4.37 4.57 4.81 4.95 4.93 4.84 4.75 4.60 4.45 4.40 4.51 4.71 5.02 5.30 5.31 4.97 4.60 4.34 4.10 3.96 4.08 4.40 4.74 4.91 4.99 5.06 5.19 5.33 5.50 5.60 5.70 5.68 5.44 4.93 4.46 4.31 4.35 4.48 4.66 4.85 4.94 4.93 4.93 4.89 4.91 4.95 4.97 4.85 4.58 4.34 4.17 4.13 4.25 4.64 5.34 6.31 7.18 7.54 7.49 7.32 7.11 6.74 6.28 5.78 5.23
4.48 4.44 4.31 4.27 4.38 4.57 4.71 4.86 5.02 5.17 5.26 5.23 5.07 4.81 4.53 4.33 4.28 4.35 4.38 4.35 4.43 4.57 4.73 4.76 4.64 4.44 4.15 3.87 3.61 3.53 3.70 4.03 4.45 4.70 4.70 4.52 4.31 4.17 4.22 4.52 4.84 4.99 5.05 5.10 5.15 5.23 5.33 5.35 5.35 5.47 5.67 5.81 5.68 5.19 4.59 4.31 4.36 4.56 4.78 4.97 5.12 5.22 5.25 5.29 5.33 5.36 5.28 5.04 4.75 4.43 4.26 4.25 4.35 4.74 5.47 6.22 6.64 6.80 6.89 6.86 6.57 6.11 5.59 5.03
4.49 4.46 4.39 4.29 4.21 4.03 3.95 3.97 4.11 4.30 4.44 4.45 4.36 4.17 3.98 3.92 4.10 4.43 4.76 4.92 4.87 4.81 4.80 4.80 4.71 4.39 3.86 3.43 3.10 2.89 2.86 3.01 3.29 3.63 3.91 4.10 4.26 4.44 4.65 4.82 4.89 4.89 4.89 4.96 5.06 5.19 5.30 5.18 4.91 4.74 4.78 5.00 5.24 5.11 4.59 4.25 4.25 4.44 4.66 4.91 5.17 5.37 5.45 5.52 5.57 5.57 5.44 5.10 4.63 4.17 4.01 4.03 4.14 4.45 4.97 5.44 5.70 5.73 5.81 6.08 6.25 6.18 5.96 5.64
4.61 4.67 4.75 4.63 4.31 3.98 3.72 3.61 3.67 3.77 3.83 3.81 3.71 3.55 3.39 3.43 3.86 4.52 5.05 5.31 5.37 5.31 5.21 5.16 5.19 5.10 4.57 3.85 3.32 2.99 2.74 2.69 2.80 3.02 3.33 3.72 4.12 4.42 4.48 4.43 4.41 4.46 4.56 4.67 4.83 5.08 5.28 5.16 4.68 4.22 3.98 3.93 4.15 4.43 4.35 4.14 4.12 4.28 4.50 4.74 5.02 5.26 5.39 5.51 5.62 5.67 5.57 5.21 4.62 4.07 3.82 3.81 3.92 4.15 4.52 5.05 5.33 5.23 4.94 5.03 5.45 5.85 6.13 6.26
4.73 4.87 4.99 4.87 4.56 4.19 3.90 3.75 3.63 3.43 3.23 3.13 3.10 3.10 2.99 2.84 3.07 3.75 4.40 4.90 5.21 5.36 5.38 5.39 5.55 5.80 5.78 5.25 4.65 4.29 4.06 3.83 3.78 3.79 3.88 4.06 4.24 4.29 4.16 4.06 4.05 4.11 4.29 4.44 4.67 4.99 5.33 5.35 4.92 4.38 3.94 3.49 3.25 3.37 3.53 3.70 3.93 4.16 4.35 4.54 4.76 4.95 5.12 5.26 5.46 5.67 5.79 5.62 5.09 4.40 3.94 3.77 3.76 3.89 4.29 4.91 5.37 5.34 4.75 4.24 4.26 4.60 5.04 5.45
4.63 4.71 4.75 4.66 4.48 4.22 3.94 3.68 3.36 3.01 2.73 2.69 2.79 2.99 3.05 2.81 2.62 2.83 3.34 3.96 4.41 4.75 5.04 5.27 5.53 5.96 6.40 6.50 6.30 6.08 5.85 5.63 5.43 5.16 4.91 4.70 4.50 4.32 4.17 4.11 4.11 4.15 4.29 4.42 4.62 4.96 5.41 5.69 5.52 5.03 4.48 3.81 3.14 2.89 3.01 3.42 3.87 4.16 4.33 4.45 4.53 4.62 4.79 5.02 5.27 5.59 5.90 5.98 5.63 4.85 4.25 3.98 3.85 3.83 4.04 4.59 5.31 5.55 5.11 4.32 3.72 3.49 3.50 3.70
4.39 4.32 4.31 4.33 4.28 4.12 3.91 3.45 3.10 2.93 2.93 3.02 3.19 3.51 3.95 4.18 3.83 3.46 3.40 3.52 3.76 4.11 4.60 5.04 5.32 5.70 6.19 6.58 6.77 6.81 6.68 6.47 6.22 5.85 5.42 5.02 4.67 4.42 4.26 4.17 4.23 4.37 4.49 4.50 4.57 4.84 5.34 5.80 5.92 5.59 5.01 4.34 3.80 3.51 3.55 3.75 3.98 4.15 4.29 4.32 4.24 4.28 4.55 4.89 5.16 5.43 5.79 6.11 6.07 5.52 4.80 4.37 4.08 3.80 3.69 4.09 4.94 5.51 5.45 4.85 4.12 3.65 3.35 3.22
4.31 4.20 4.14 4.21 4.28 4.28 4.11 3.82 3.59 3.56 3.80 4.14 4.49 4.97 5.51 5.88 5.99 5.63 5.03 4.64 4.51 4.59 4.85 5.08 5.24 5.38 5.57 5.75 5.94 6.17 6.27 6.23 6.11 5.89 5.59 5.23 4.87 4.59 4.36 4.22 4.32 4.54 4.67 4.61 4.55 4.65 5.04 5.60 6.03 6.07 5.72 5.28 4.88 4.56 4.31 4.10 3.97 4.02 4.11 4.08 4.01 4.10 4.37 4.68 4.91 5.11 5.41 5.81 6.10 5.99 5.38 4.75 4.30 3.91 3.70 3.90 4.61 5.34 5.58 5.32 4.90 4.68 4.51 4.17
4.40 4.31 4.25 4.32 4.47 4.64 4.75 4.77 4.75 4.81 5.11 5.59 6.09 6.48 6.69 6.83 7.01 7.00 6.74 6.38 6.06 5.79 5.55 5.39 5.35 5.31 5.28 5.21 5.06 5.03 5.18 5.31 5.33 5.31 5.28 5.20 5.03 4.79 4.55 4.40 4.40 4.43 4.45 4.47 4.48 4.55 4.83 5.38 6.08 6.58 6.64 6.35 5.92 5.39 4.76 4.26 4.05 4.04 4.05 4.02 4.00 4.06 4.16 4.33 4.52 4.66 4.84 5.20 5.63 5.82 5.54 4.99 4.54 4.22 4.02 4.05 4.52 5.18 5.58 5.52 5.24 5.08 5.05 4.93
4.53 4.50 4.49 4.55 4.68 4.87 5.12 5.39 5.66 5.92 6.23 6.56 6.78 6.82 6.72 6.59 6.53 6.64 6.72 6.63 6.41 6.11 5.80 5.57 5.47 5.38 5.33 5.31 5.12 4.81 4.61 4.56 4.53 4.54 4.63 4.77 4.86 4.81 4.66 4.42 4.17 3.98 3.95 4.13 4.41 4.61 4.87 5.33 6.02 6.72 7.06 6.99 6.68 6.18 5.52 4.96 4.64 4.45 4.31 4.18 4.07 3.98 3.95 4.06 4.27 4.40 4.47 4.66 5.00 5.30 5.31 5.03 4.70 4.45 4.28 4.25 4.51 5.04 5.47 5.46 5.12 4.81 4.74 4.81
4.62 4.67 4.70 4.72 4.81 4.95 5.15 5.45 5.88 6.27 6.47 6.46 6.28 6.00 5.76 5.58 5.42 5.42 5.49 5.58 5.58 5.50 5.45 5.47 5.50 5.41 5.32 5.37 5.41 5.30 5.09 4.90 4.82 4.75 4.64 4.57 4.61 4.67 4.58 4.32 4.03 3.90 4.00 4.28 4.61 4.83 5.03 5.34 5.80 6.34 6.78 6.98 6.99 6.82 6.48 6.00 5.53 5.08 4.68 4.36 4.11 3.91 3.87 3.97 4.18 4.36 4.39 4.43 4.62 4.87 5.01 4.93 4.72 4.52 4.38 4.34 4.51 4.96 5.39 5.43 5.10 4.76 4.61 4.65
4.59 4.64 4.68 4.73 4.86 5.05 5.29 5.54 5.80 5.93 5.89 5.67 5.34 5.03 4.85 4.77 4.63 4.53 4.51 4.61 4.75 4.79 4.94 5.22 5.45 5.46 5.32 5.23 5.23 5.33 5.39 5.40 5.39 5.33 5.13 4.83 4.64 4.61 4.56 4.44 4.38 4.45 4.56 4.74 4.91 5.07 5.19 5.33 5.52 5.80 6.12 6.45 6.71 6.85 6.84 6.58 6.09 5.55 5.01 4.52 4.18 3.98 3.89 3.90 4.06 4.31 4.43 4.46 4.54 4.66 4.77 4.78 4.67 4.53 4.37 4.29 4.42 4.82 5.30 5.44 5.16 4.82 4.67 4.65
4.46 4.45 4.51 4.64 4.82 5.08 5.36 5.51 5.48 5.27 5.01 4.80 4.62 4.46 4.36 4.28 4.14 4.01 4.05 4.22 4.37 4.44 4.57 4.90 5.25 5.50 5.55 5.47 5.27 5.12 5.04 4.96 4.94 5.01 5.04 4.94 4.78 4.68 4.66 4.71 4.80 4.87 4.92 4.97 5.03 5.16 5.25 5.24 5.25 5.38 5.54 5.75 5.98 6.15 6.26 6.22 5.98 5.56 5.09 4.66 4.31 4.06 3.87 3.81 3.98 4.27 4.48 4.56 4.58 4.58 4.58 4.59 4.54 4.44 4.29 4.18 4.22 4.51 5.02 5.31 5.10 4.70 4.48 4.42
4.40 4.36 4.39 4.49 4.63 4.85 5.03 4.98 4.77 4.47 4.20 3.99 3.88 3.83 3.82 3.82 3.83 3.88 3.99 4.20 4.43 4.52 4.49 4.62 5.01 5.44 5.76 5.90 5.79 5.49 5.11 4.61 4.23 4.21 4.44 4.64 4.69 4.67 4.69 4.79 4.88 4.95 5.01 5.01 4.93 4.98 5.09 5.05 5.00 5.12 5.25 5.33 5.38 5.31 5.14 5.14 5.16 5.02 4.84 4.65 4.42 4.16 3.94 3.90 4.05 4.29 4.52 4.62 4.61 4.54 4.44 4.39 4.35 4.29 4.22 4.16 4.16 4.31 4.72 5.12 4.98 4.47 4.10 3.94
