project/data/elevation/US_DEM2016/US_DEM2016_point_11-01-2019_0008_30m_vel.asc
ncols	125
nrows	167
xllcorner	-2042055.000000
yllcorner	1465035.000000
cellsize	30.000000
NODATA_value	-9999.000000
[rows 38 to 75 of 167, columns 0 to 83 of 125]
4.09 3.69 2.84 2.27 1.95 1.83 1.70 1.40 1.12 1.06 1.28 1.40 1.50 1.50 1.35 1.11 1.01 0.83 1.04 1.23 1.46 1.59 1.70 1.85 2.07 2.33 2.56 2.79 2.93 2.79 2.35 1.88 1.67 1.72 1.92 2.16 2.31 2.39 2.54 2.59 2.48 2.47 2.65 2.80 2.73 2.42 2.07 1.79 1.53 1.19 0.93 0.97 1.44 1.62 1.00 0.81 1.27 2.04 2.94 3.67 3.79 3.24 2.52 2.03 1.58 1.22 1.10 1.19 1.45 1.82 1.73 1.28 1.58 2.27 2.01 1.38 1.50 2.17 2.67 2.60 2.27 2.53 3.06 3.13
4.23 3.77 2.86 2.27 1.98 1.88 1.77 1.48 1.20 1.12 1.22 1.28 1.24 1.24 1.19 1.17 1.02 1.10 0.79 1.08 1.31 1.49 1.57 1.67 1.90 2.19 2.38 2.62 2.89 2.94 2.66 2.23 1.92 1.84 2.00 2.22 2.34 2.42 2.58 2.57 2.23 2.04 2.42 2.87 2.96 2.62 2.13 1.83 1.62 1.33 1.04 0.91 1.11 1.34 0.95 0.86 1.37 2.13 2.99 3.71 3.86 3.27 2.49 2.08 1.76 1.44 1.22 1.20 1.37 1.65 1.66 1.35 1.55 2.21 2.11 1.38 1.25 1.93 2.58 2.48 1.88 2.08 2.94 3.29
4.31 3.82 2.88 2.27 2.03 1.92 1.77 1.51 1.29 1.25 1.27 1.20 1.00 0.88 1.02 0.83 1.14 1.24 1.04 0.96 1.17 1.44 1.53 1.59 1.79 2.02 2.19 2.39 2.68 2.92 2.89 2.59 2.25 2.14 2.19 2.28 2.31 2.38 2.55 2.52 2.05 1.66 2.02 2.78 3.13 2.91 2.31 1.92 1.72 1.51 1.22 0.89 0.86 1.03 0.89 0.92 1.44 2.13 2.93 3.73 3.98 3.40 2.49 2.10 1.89 1.64 1.44 1.35 1.39 1.51 1.55 1.42 1.61 2.15 2.17 1.44 1.13 1.71 2.49 2.38 1.58 1.56 2.42 3.07
4.24 3.78 2.89 2.31 2.08 1.95 1.75 1.50 1.35 1.35 1.32 1.13 0.83 0.73 0.94 1.24 1.39 1.36 1.13 0.97 1.16 1.44 1.54 1.58 1.72 1.92 2.05 2.19 2.44 2.74 2.95 2.84 2.57 2.41 2.38 2.34 2.27 2.25 2.42 2.48 2.05 1.51 1.63 2.43 3.16 3.16 2.59 2.05 1.82 1.67 1.41 0.95 0.68 0.72 0.83 1.00 1.48 2.01 2.72 3.70 4.11 3.61 2.67 2.18 1.97 1.76 1.61 1.51 1.45 1.47 1.50 1.49 1.67 2.09 2.14 1.50 1.11 1.62 2.36 2.26 1.43 1.24 1.84 2.59
4.09 3.67 2.88 2.37 2.14 2.00 1.79 1.55 1.42 1.39 1.31 1.06 0.74 0.77 1.04 1.31 1.44 1.44 1.26 1.11 1.25 1.49 1.58 1.58 1.68 1.83 1.94 2.06 2.26 2.51 2.86 2.97 2.84 2.60 2.47 2.38 2.24 2.09 2.18 2.36 2.15 1.57 1.35 2.06 3.04 3.32 2.89 2.16 1.83 1.73 1.56 1.15 0.66 0.50 0.73 1.08 1.51 1.87 2.41 3.48 4.08 3.78 2.97 2.39 2.06 1.81 1.69 1.61 1.55 1.50 1.48 1.51 1.69 1.98 2.04 1.55 1.24 1.63 2.19 2.07 1.34 1.14 1.61 2.25
3.98 3.58 2.85 2.41 2.19 2.05 1.86 1.65 1.49 1.37 1.25 0.96 0.71 0.64 1.19 1.40 1.50 1.51 1.39 1.28 1.37 1.55 1.61 1.58 1.65 1.78 1.88 2.01 2.19 2.38 2.79 3.11 3.02 2.63 2.40 2.42 2.29 2.01 1.90 2.09 2.18 1.76 1.28 1.74 2.86 3.46 3.16 2.34 1.85 1.67 1.53 1.26 0.81 0.45 0.63 1.12 1.51 1.78 2.24 3.16 3.88 3.84 3.23 2.65 2.16 1.86 1.78 1.73 1.61 1.47 1.41 1.49 1.70 1.90 1.94 1.68 1.50 1.70 1.99 1.83 1.25 1.17 1.62 2.08
3.88 3.50 2.82 2.41 2.21 2.06 1.89 1.72 1.53 1.34 1.17 0.87 0.71 0.71 1.29 1.47 1.53 1.56 1.50 1.43 1.45 1.55 1.61 1.56 1.62 1.77 1.88 2.02 2.21 2.41 2.87 3.26 3.15 2.52 2.21 2.40 2.44 2.11 1.73 1.73 1.99 1.85 1.38 1.59 2.69 3.54 3.38 2.55 1.90 1.63 1.47 1.24 0.85 0.48 0.60 1.08 1.44 1.70 2.09 2.84 3.65 3.88 3.47 2.83 2.27 2.01 1.91 1.77 1.60 1.44 1.44 1.56 1.73 1.85 1.90 1.82 1.77 1.81 1.82 1.61 1.21 1.22 1.61 1.96
3.74 3.41 2.80 2.43 2.22 2.06 1.88 1.74 1.57 1.34 1.12 0.85 0.77 0.98 1.41 1.54 1.55 1.60 1.60 1.53 1.48 1.50 1.54 1.54 1.63 1.78 1.90 2.07 2.31 2.57 3.00 3.33 3.19 2.45 2.00 2.24 2.49 2.33 1.82 1.53 1.65 1.75 1.53 1.64 2.60 3.58 3.56 2.73 2.01 1.66 1.45 1.23 0.89 0.57 0.60 0.95 1.29 1.56 1.90 2.56 3.46 3.93 3.68 3.00 2.46 2.17 1.98 1.78 1.63 1.55 1.58 1.72 1.82 1.84 1.88 1.95 1.99 1.92 1.93 1.55 1.26 1.20 1.51 1.90
3.64 3.34 2.79 2.45 2.24 2.05 1.84 1.70 1.57 1.37 1.09 0.89 0.90 1.18 1.53 1.60 1.61 1.66 1.67 1.58 1.50 1.46 1.46 1.50 1.64 1.81 1.94 2.17 2.49 2.78 3.06 3.30 3.22 2.56 1.88 1.91 2.30 2.44 2.10 1.54 1.36 1.52 1.62 1.83 2.59 3.52 3.60 2.85 2.10 1.71 1.52 1.37 1.13 0.82 0.68 0.71 1.05 1.39 1.73 2.36 3.27 3.91 3.78 3.18 2.65 2.33 2.02 1.81 1.72 1.71 1.77 1.84 1.89 1.90 1.95 2.05 2.08 1.94 1.79 1.62 1.74 1.21 1.37 1.84
3.69 3.34 2.75 2.44 2.26 2.04 1.81 1.63 1.50 1.33 1.01 0.88 0.77 1.24 1.57 1.64 1.70 1.75 1.74 1.64 1.54 1.47 1.44 1.49 1.64 1.84 2.03 2.34 2.72 2.92 2.94 3.09 3.29 2.81 1.88 1.60 1.93 2.32 2.28 1.76 1.28 1.37 1.67 2.00 2.57 3.40 3.62 2.96 2.10 1.72 1.65 1.61 1.50 1.14 0.72 0.50 0.75 1.21 1.57 2.17 3.08 3.82 3.85 3.33 2.83 2.43 2.09 1.86 1.79 1.84 1.89 1.90 1.93 1.98 2.05 2.13 2.13 1.97 1.82 1.69 1.42 1.26 1.32 1.71
3.79 3.36 2.62 2.32 2.23 2.05 1.81 1.57 1.38 1.17 0.87 0.80 1.00 1.23 1.49 1.58 1.73 1.83 1.82 1.71 1.60 1.52 1.47 1.51 1.65 1.88 2.13 2.54 2.97 2.96 2.69 2.82 3.25 3.00 2.01 1.39 1.55 2.02 2.24 1.90 1.40 1.39 1.71 2.02 2.48 3.32 3.69 3.07 2.14 1.78 1.80 1.94 1.85 1.32 0.67 0.36 0.45 1.02 1.43 1.98 2.87 3.71 3.87 3.43 2.92 2.51 2.20 1.99 1.91 1.93 1.94 1.93 1.94 1.99 2.10 2.19 2.17 2.02 1.85 1.66 1.38 1.25 1.32 1.50
3.82 3.40 2.54 2.14 2.12 2.05 1.83 1.55 1.28 0.96 0.75 0.80 1.15 1.34 1.38 1.47 1.66 1.81 1.87 1.78 1.66 1.58 1.52 1.54 1.67 1.93 2.28 2.80 3.19 2.94 2.42 2.55 3.10 3.07 2.27 1.41 1.27 1.62 1.96 1.85 1.55 1.53 1.78 1.99 2.36 3.19 3.68 3.21 2.31 1.96 2.09 2.22 1.95 1.29 0.53 0.23 0.22 0.84 1.29 1.79 2.60 3.46 3.77 3.53 3.00 2.60 2.31 2.07 1.94 1.93 1.97 1.98 1.97 2.00 2.09 2.17 2.13 2.00 1.81 1.60 1.37 1.23 1.30 1.35
3.84 3.44 2.57 2.04 1.94 1.96 1.86 1.60 1.22 0.79 0.70 0.96 1.39 1.46 1.36 1.42 1.58 1.76 1.88 1.84 1.75 1.67 1.58 1.58 1.71 2.00 2.46 3.10 3.38 2.86 2.15 2.30 2.83 3.00 2.58 1.70 1.17 1.27 1.65 1.76 1.68 1.72 1.89 2.04 2.32 2.96 3.49 3.22 2.51 2.25 2.37 2.27 1.83 1.12 0.39 0.11 0.09 0.71 1.18 1.59 2.28 3.14 3.65 3.61 3.17 2.72 2.40 2.10 1.92 1.89 1.94 2.00 1.99 2.00 2.07 2.16 2.16 2.01 1.80 1.62 1.45 1.31 1.23 1.26
3.88 3.48 2.65 2.08 1.81 1.76 1.83 1.70 1.23 0.71 0.70 1.14 1.56 1.52 1.39 1.42 1.55 1.72 1.87 1.89 1.86 1.79 1.69 1.65 1.77 2.09 2.66 3.37 3.49 2.70 1.96 2.05 2.41 2.74 2.68 2.04 1.22 1.12 1.50 1.77 1.83 1.93 2.06 2.16 2.36 2.80 3.20 3.07 2.66 2.49 2.44 2.16 1.64 0.98 0.32 0.13 0.14 0.63 1.11 1.48 2.03 2.82 3.62 3.81 3.48 2.89 2.44 2.13 1.92 1.85 1.88 1.96 1.98 1.98 2.03 2.13 2.22 2.10 1.83 1.69 1.63 1.51 1.28 1.15
3.92 3.49 2.68 2.13 1.75 1.57 1.71 1.75 1.26 0.67 0.69 1.23 1.62 1.56 1.41 1.43 1.55 1.72 1.87 1.94 1.96 1.93 1.85 1.81 1.89 2.19 2.82 3.53 3.56 2.65 1.91 1.86 2.01 2.31 2.58 2.12 1.30 1.14 1.48 1.83 1.98 2.10 2.17 2.27 2.51 2.82 3.02 2.90 2.60 2.48 2.42 2.06 1.54 0.92 0.33 0.22 0.23 0.61 1.11 1.47 1.93 2.62 3.52 4.03 3.83 3.10 2.54 2.18 2.00 1.91 1.87 1.90 1.93 1.94 1.95 2.02 2.20 2.15 1.83 1.66 1.72 1.72 1.51 1.41
3.97 3.50 2.69 2.15 1.72 1.42 1.53 1.68 1.26 0.65 0.32 1.02 1.60 1.53 1.41 1.44 1.58 1.71 1.85 1.97 2.05 2.06 2.02 2.03 2.08 2.31 2.89 3.55 3.59 2.80 2.02 1.77 1.73 1.95 2.27 1.93 1.26 1.18 1.49 1.83 2.06 2.20 2.27 2.41 2.73 3.00 3.04 2.78 2.42 2.39 2.43 2.13 1.57 0.94 0.39 0.31 0.31 0.66 1.14 1.52 1.93 2.53 3.42 4.11 4.08 3.37 2.68 2.30 2.13 2.03 1.91 1.81 1.81 1.84 1.81 1.86 2.12 2.18 1.87 1.63 1.69 1.80 1.67 1.44
3.98 3.52 2.70 2.17 1.72 1.30 1.29 1.49 1.23 0.69 0.68 0.82 1.49 1.43 1.38 1.45 1.58 1.68 1.78 1.95 2.12 2.17 2.17 2.23 2.28 2.44 2.91 3.48 3.57 3.00 2.20 1.72 1.53 1.61 1.84 1.58 1.16 1.18 1.47 1.75 2.05 2.28 2.41 2.65 3.05 3.21 3.04 2.56 2.07 2.13 2.37 2.23 1.67 1.00 0.50 0.42 0.39 0.74 1.21 1.57 1.92 2.42 3.26 4.08 4.24 3.67 2.92 2.44 2.18 2.00 1.86 1.76 1.77 1.77 1.69 1.73 2.01 2.16 1.96 1.69 1.68 1.81 1.79 1.57
3.95 3.50 2.71 2.19 1.74 1.28 1.10 1.20 1.08 0.70 0.71 0.64 1.38 1.29 1.30 1.20 1.57 1.63 1.70 1.88 2.12 2.26 2.31 2.37 2.45 2.59 2.94 3.39 3.54 3.10 2.29 1.69 1.38 1.29 1.35 1.21 1.07 1.22 1.48 1.71 2.01 2.33 2.59 3.01 3.38 3.34 2.89 2.24 1.78 1.86 2.23 2.24 1.73 1.07 0.62 0.54 0.50 0.85 1.28 1.57 1.85 2.26 3.05 3.97 4.34 3.92 3.12 2.54 2.19 1.97 1.83 1.80 1.82 1.76 1.62 1.64 1.89 2.06 1.97 1.81 2.29 1.90 1.95 1.69
3.85 3.44 2.69 2.18 1.76 1.33 1.04 1.00 0.84 0.63 0.72 0.35 0.76 1.28 1.33 1.47 1.59 1.66 1.69 1.81 2.05 2.28 2.40 2.48 2.58 2.73 2.97 3.34 3.50 3.11 2.28 1.71 1.36 1.08 0.88 0.88 1.05 1.30 1.52 1.75 2.05 2.41 2.86 3.41 3.59 3.26 2.59 1.97 1.53 1.56 2.01 2.13 1.70 1.05 0.69 0.63 0.62 0.94 1.31 1.53 1.77 2.12 2.82 3.80 4.33 4.05 3.25 2.59 2.22 2.02 1.92 1.88 1.82 1.68 1.52 1.69 1.95 2.15 1.88 1.88 1.93 2.08 2.11 1.74
3.77 3.37 2.61 2.15 1.79 1.41 1.14 0.95 0.67 0.52 0.16 1.03 1.27 1.36 1.47 1.59 1.66 1.75 1.77 1.81 2.00 2.24 2.41 2.56 2.70 2.81 2.98 3.33 3.46 3.02 2.26 1.72 1.37 0.95 0.57 0.64 1.03 1.35 1.59 1.84 2.17 2.59 3.19 3.71 3.64 2.99 2.30 1.74 1.34 1.34 1.78 1.97 1.59 0.96 0.71 0.67 0.73 1.02 1.30 1.49 1.73 2.04 2.68 3.68 4.31 4.08 3.27 2.64 2.32 2.13 2.02 1.92 1.77 1.61 1.51 1.58 1.72 1.76 1.81 1.97 2.15 2.27 2.10 1.83
3.78 3.35 2.51 2.07 1.81 1.55 1.32 1.04 0.66 0.49 0.67 1.02 1.30 1.45 1.58 1.68 1.75 1.84 1.88 1.88 2.00 2.20 2.39 2.60 2.76 2.80 2.99 3.39 3.43 2.90 2.19 1.69 1.33 0.83 0.40 0.51 0.95 1.33 1.61 1.92 2.29 2.80 3.50 3.86 3.51 2.68 2.04 1.60 1.25 1.21 1.55 1.73 1.40 0.87 0.68 0.67 0.83 1.09 1.33 1.50 1.72 2.03 2.63 3.60 4.18 3.99 3.23 2.71 2.45 2.24 2.05 1.86 1.71 1.67 1.64 1.68 1.74 1.78 1.89 2.12 2.31 2.25 1.92 1.35
3.83 3.32 2.41 1.92 1.74 1.64 1.53 1.23 0.78 0.57 0.41 0.99 1.27 1.34 1.59 1.72 1.84 1.90 1.94 1.97 2.04 2.21 2.41 2.59 2.71 2.76 3.04 3.49 3.45 2.82 2.10 1.65 1.26 0.77 0.37 0.48 0.89 1.29 1.57 1.92 2.37 2.98 3.72 3.98 3.39 2.43 1.84 1.54 1.27 1.18 1.30 1.38 1.15 0.77 0.64 0.70 0.92 1.19 1.43 1.55 1.75 2.06 2.60 3.44 3.93 3.86 3.26 2.82 2.58 2.34 2.05 1.80 1.72 1.77 1.83 1.86 1.87 1.93 2.06 2.25 2.28 2.07 1.69 1.21
3.82 3.31 2.36 1.78 1.56 1.56 1.61 1.42 0.95 0.68 0.73 0.98 1.20 1.38 1.52 1.69 1.87 1.93 1.93 1.98 2.11 2.31 2.47 2.53 2.56 2.75 3.20 3.63 3.47 2.77 2.12 1.67 1.24 0.70 0.33 0.42 0.88 1.27 1.52 1.85 2.35 3.05 3.87 4.14 3.46 2.35 1.76 1.55 1.38 1.23 1.14 1.06 0.84 0.60 0.60 0.77 1.01 1.31 1.55 1.67 1.84 2.16 2.60 3.18 3.62 3.70 3.46 3.09 2.72 2.37 2.03 1.79 1.74 1.88 2.02 2.05 2.06 2.09 2.15 2.20 2.13 1.87 1.53 1.13
3.82 3.30 2.31 1.72 1.40 1.33 1.48 1.44 1.09 0.83 0.83 1.03 1.16 1.27 1.40 1.58 1.81 1.95 1.95 1.97 2.16 2.41 2.52 2.43 2.38 2.74 3.46 3.83 3.46 2.66 2.13 1.76 1.32 0.77 0.31 0.33 0.82 1.27 1.48 1.76 2.23 3.00 3.94 4.26 3.61 2.44 1.81 1.64 1.49 1.27 1.06 0.86 0.54 0.35 0.51 0.78 1.06 1.41 1.66 1.82 2.01 2.30 2.56 2.85 3.21 3.50 3.59 3.42 2.90 2.36 2.02 1.81 1.79 1.98 2.12 2.16 2.14 2.11 2.11 2.09 2.00 1.79 1.48 1.10
3.85 3.27 2.26 1.65 1.31 1.17 1.26 1.29 1.13 0.96 0.96 1.12 1.19 1.21 1.27 1.41 1.65 1.91 2.05 2.09 2.23 2.45 2.47 2.31 2.29 2.81 3.72 4.01 3.43 2.42 1.95 1.77 1.46 0.95 0.34 0.23 0.69 1.21 1.45 1.67 2.08 2.88 3.84 4.22 3.67 2.63 1.97 1.75 1.57 1.27 0.98 0.71 0.32 0.16 0.41 0.76 1.06 1.44 1.79 2.03 2.20 2.33 2.44 2.48 2.69 3.20 3.69 3.65 3.09 2.40 2.08 1.93 1.92 2.07 2.21 2.25 2.18 2.08 2.06 2.06 1.97 1.78 1.53 1.53
3.84 3.25 2.19 1.55 1.22 1.08 1.08 1.11 1.11 1.08 1.14 1.26 1.31 1.28 1.22 1.25 1.18 1.75 2.14 2.32 2.40 2.46 2.33 2.15 2.27 2.97 3.91 4.09 3.36 2.21 1.68 1.59 1.49 1.10 0.48 0.23 0.57 1.09 1.39 1.63 2.00 2.76 3.73 4.09 3.61 2.70 2.16 1.93 1.67 1.32 0.95 0.60 0.21 0.14 0.35 0.74 1.05 1.47 1.94 2.22 2.27 2.26 2.27 2.18 2.36 2.98 3.70 3.78 3.17 2.49 2.22 2.09 2.00 2.11 2.30 2.36 2.24 2.02 1.99 2.09 2.02 1.84 1.64 1.29
3.72 3.19 2.18 1.50 1.15 1.00 0.95 0.99 1.12 1.26 1.39 1.49 1.55 1.47 1.32 1.24 1.10 1.56 2.13 2.49 2.61 2.56 2.33 2.11 2.32 3.12 3.95 4.06 3.27 2.13 1.53 1.37 1.32 1.05 0.58 0.35 0.59 1.05 1.33 1.61 2.05 2.83 3.71 4.02 3.53 2.71 2.25 2.08 1.82 1.41 0.99 0.60 0.20 0.15 0.34 0.76 1.09 1.59 2.10 2.29 2.16 2.07 2.05 1.99 2.28 3.02 3.75 3.81 3.16 2.56 2.36 2.25 2.09 2.11 2.33 2.47 2.29 1.93 1.84 2.06 2.10 1.91 1.72 1.48
3.59 3.11 2.16 1.50 1.13 0.94 0.89 0.96 1.14 1.40 1.60 1.74 1.82 1.74 1.57 1.41 1.29 1.43 1.92 2.46 2.73 2.77 2.55 2.30 2.47 3.19 3.88 3.89 3.15 2.12 1.51 1.25 1.08 0.82 0.51 0.42 0.70 1.13 1.39 1.66 2.18 2.97 3.74 3.98 3.46 2.66 2.26 2.13 1.88 1.50 1.09 0.66 0.19 0.11 0.36 0.84 1.22 1.72 2.20 2.21 1.95 1.92 1.91 1.93 2.34 3.17 3.89 3.81 3.08 2.59 2.43 2.35 2.23 2.16 2.26 2.46 2.36 1.92 1.70 1.95 2.12 1.94 1.76 1.61
3.50 3.03 2.13 1.47 1.12 0.92 0.90 0.99 1.20 1.47 1.72 1.91 2.00 1.96 1.85 1.71 1.49 1.41 1.64 2.20 2.68 2.93 2.91 2.68 2.70 3.22 3.70 3.60 2.96 2.13 1.57 1.23 0.99 0.69 0.39 0.41 0.78 1.21 1.45 1.76 2.31 3.08 3.78 3.94 3.41 2.64 2.25 2.07 1.80 1.52 1.24 0.76 0.22 0.07 0.39 0.94 1.40 1.83 2.13 2.02 1.77 1.81 1.84 1.95 2.44 3.35 3.98 3.72 2.95 2.61 2.46 2.37 2.37 2.26 2.16 2.32 2.37 2.01 1.69 1.83 2.05 1.95 1.79 1.68
3.39 2.95 2.08 1.44 1.07 0.90 0.93 1.03 1.04 1.47 1.70 1.95 2.11 2.18 2.15 2.06 1.84 1.56 1.54 1.89 2.46 2.95 3.11 3.04 3.03 3.28 3.45 3.26 2.68 2.08 1.64 1.29 1.02 0.68 0.35 0.35 0.74 1.18 1.49 1.84 2.38 3.13 3.78 3.94 3.46 2.69 2.24 1.97 1.64 1.43 1.31 0.91 0.34 0.15 0.46 1.07 1.56 1.83 1.87 1.79 1.70 1.71 1.78 2.04 2.63 3.53 3.99 3.63 2.85 2.58 2.48 2.32 2.42 2.43 2.17 2.16 2.29 2.17 2.02 1.89 1.99 2.48 1.78 1.76
3.28 2.85 2.02 1.40 1.01 0.88 0.93 1.02 1.18 1.37 1.59 1.85 2.11 2.30 2.38 2.39 2.25 1.90 1.62 1.73 2.22 2.83 3.15 3.32 3.35 3.28 3.19 2.88 2.38 1.96 1.65 1.39 1.13 0.70 0.27 0.23 0.63 1.08 1.45 1.88 2.43 3.13 3.74 3.98 3.59 2.80 2.22 1.83 1.50 1.31 1.27 1.01 0.47 0.20 0.57 1.17 1.59 1.69 1.59 1.67 1.69 1.61 1.76 2.16 2.79 3.60 4.06 3.70 2.88 2.53 2.47 2.28 2.31 2.45 2.29 2.12 2.22 2.28 2.09 2.00 1.96 1.80 1.73 1.86
3.18 2.74 1.91 1.36 0.96 0.84 0.88 0.99 1.11 1.23 1.35 1.59 1.92 2.24 2.44 2.54 2.54 2.33 1.89 1.71 2.07 2.67 3.11 3.49 3.56 3.26 2.91 2.58 2.16 1.81 1.59 1.46 1.26 0.78 0.26 0.16 0.50 0.98 1.43 1.90 2.43 3.03 3.62 3.99 3.75 2.93 2.18 1.72 1.43 1.28 1.23 1.04 0.57 0.43 0.56 1.15 1.48 1.48 1.45 1.65 1.67 1.54 1.77 2.24 2.78 3.57 4.14 3.92 3.07 2.52 2.42 2.27 2.18 2.28 2.27 2.17 2.17 2.34 2.19 2.13 2.05 1.84 1.75 1.99
3.08 2.60 1.78 1.29 0.93 0.83 0.86 1.04 1.18 1.22 1.22 1.33 1.64 2.01 2.30 2.51 2.67 2.69 2.33 1.87 2.03 2.57 3.09 3.56 3.61 3.20 2.76 2.41 2.07 1.76 1.55 1.43 1.25 0.87 0.37 0.16 0.43 0.93 1.43 1.92 2.37 2.87 3.46 3.98 3.88 3.06 2.16 1.69 1.46 1.33 1.27 1.10 0.67 0.34 0.47 1.02 1.30 1.37 1.44 1.64 1.64 1.55 1.77 2.20 2.68 3.38 4.05 4.00 3.28 2.65 2.42 2.24 2.05 2.03 2.09 2.11 2.11 2.17 2.22 2.22 2.16 1.97 1.86 2.08
2.94 2.47 1.67 1.19 0.90 0.83 0.90 1.16 1.37 1.41 1.33 1.35 1.53 1.76 2.06 2.34 2.62 2.85 2.74 2.23 2.10 2.55 3.12 3.51 3.47 3.08 2.70 2.39 2.07 1.80 1.58 1.41 1.19 0.86 0.46 0.22 0.41 0.89 1.39 1.86 2.24 2.69 3.34 4.00 4.02 3.15 2.18 1.75 1.56 1.42 1.34 1.15 0.69 0.31 0.34 0.88 1.18 1.37 1.53 1.65 1.64 1.64 1.83 2.16 2.59 3.13 3.70 3.82 3.41 2.86 2.48 2.21 1.97 1.87 1.93 2.00 2.04 2.15 2.26 2.30 2.27 2.10 1.99 2.21
2.80 2.32 1.56 1.07 0.86 0.84 0.95 1.24 1.52 1.65 1.64 1.58 1.59 1.67 1.84 2.15 2.45 2.80 2.92 2.60 2.30 2.61 3.15 3.40 3.22 2.90 2.68 2.46 2.15 1.89 1.66 1.43 1.14 0.85 0.51 0.28 0.41 0.86 1.35 1.71 2.06 2.53 3.26 4.03 4.11 3.25 2.31 1.89 1.69 1.49 1.35 1.14 0.65 0.25 0.39 0.82 1.14 1.41 1.63 1.70 1.70 1.80 1.98 2.24 2.54 2.83 3.27 3.64 3.54 3.07 2.59 2.27 2.03 1.89 1.91 1.97 2.02 2.19 2.35 2.43 2.37 2.19 2.12 2.34
2.64 2.18 1.42 0.94 0.84 0.86 0.99 1.25 1.53 1.76 1.87 1.87 1.79 1.70 1.79 2.05 2.33 2.68 2.93 2.80 2.52 2.67 3.12 3.26 2.99 2.70 2.62 2.54 2.28 2.02 1.78 1.48 1.15 0.86 0.52 0.26 0.38 0.83 1.25 1.55 1.90 2.40 3.16 3.97 4.07 3.32 2.45 2.00 1.77 1.51 1.32 1.14 0.72 0.26 0.33 0.77 1.11 1.39 1.66 1.77 1.81 1.97 2.12 2.30 2.46 2.52 2.86 3.55 3.72 3.29 2.74 2.37 2.15 1.97 1.94 1.97 2.06 2.31 2.55 2.60 2.42 2.18 2.11 2.30
2.49 2.05 1.26 0.84 0.82 0.87 1.02 1.25 1.49 1.74 1.95 2.03 2.01 1.90 1.91 2.11 2.35 2.64 2.87 2.85 2.67 2.73 3.04 3.15 2.88 2.57 2.49 2.54 2.44 2.22 1.95 1.59 1.22 0.93 0.58 0.25 0.36 0.76 1.13 1.46 1.81 2.28 3.06 3.90 4.07 3.41 2.52 2.06 1.80 1.52 1.28 1.09 0.79 0.37 0.33 0.72 1.05 1.31 1.61 1.79 1.91 2.09 2.21 2.27 2.31 2.26 2.53 3.43 3.85 3.49 2.86 2.46 2.27 2.11 2.03 2.00 2.11 2.50 2.82 2.73 2.40 2.09 1.99 2.16
2.35 1.90 1.11 0.76 0.79 0.91 1.11 1.30 1.48 1.68 1.88 2.02 2.12 2.13 2.16 2.31 2.49 2.66 2.78 2.77 2.70 2.77 2.99 3.11 2.95 2.58 2.30 2.36 2.49 2.42 2.14 1.75 1.32 1.01 0.69 0.35 0.36 0.67 1.05 1.40 1.73 2.16 2.94 3.88 4.16 3.57 2.62 2.05 1.79 1.53 1.25 1.01 0.73 0.40 0.36 0.69 1.03 1.24 1.51 1.78 1.98 2.12 2.16 2.14 2.16 2.16 2.40 3.19 3.74 3.57 2.99 2.55 2.40 2.31 2.18 2.08 2.22 2.71 2.96 2.73 2.30 1.93 1.78 1.90
