project/data/elevation/US_DEM2016/US_DEM2016_point_10-29-2019_1717_30m_vel.asc
ncols	125
nrows	167
xllcorner	-2042055.000000
yllcorner	1465035.000000
cellsize	30.000000
NODATA_value	-9999.000000
[rows 0 to 37 of 167, columns 0 to 83 of 125]
3.33 3.22 3.35 3.81 4.25 4.63 5.04 5.48 5.77 6.02 6.32 6.68 6.63 6.17 6.04 6.27 6.49 6.45 5.95 5.22 4.65 4.69 5.19 5.66 5.93 5.94 5.66 4.89 3.93 3.01 2.28 1.84 1.73 1.85 1.95 1.98 2.07 2.22 2.37 2.44 2.46 2.50 2.58 2.68 2.68 2.61 2.49 2.50 2.78 3.44 4.23 4.93 5.48 5.98 6.14 6.12 5.88 5.30 4.82 4.55 4.42 4.36 4.32 4.40 4.50 4.53 4.43 4.16 3.73 3.47 3.44 3.59 3.82 4.03 4.17 4.26 4.33 4.42 4.69 5.06 5.24 5.00 4.58 4.70
3.33 3.22 3.35 3.81 4.25 4.63 5.04 5.48 5.77 6.02 6.32 6.68 6.63 6.17 6.04 6.27 6.49 6.45 5.95 5.22 4.65 4.69 5.19 5.66 5.93 5.94 5.66 4.89 3.93 3.01 2.28 1.84 1.73 1.85 1.95 1.98 2.07 2.22 2.37 2.44 2.46 2.50 2.58 2.68 2.68 2.61 2.49 2.50 2.78 3.44 4.23 4.93 5.48 5.98 6.14 6.12 5.88 5.30 4.82 4.55 4.42 4.36 4.32 4.40 4.50 4.53 4.43 4.16 3.73 3.47 3.44 3.59 3.82 4.03 4.17 4.26 4.33 4.42 4.69 5.06 5.24 5.00 4.58 4.70
3.12 3.12 3.38 3.87 4.26 4.62 4.97 5.30 5.52 5.64 5.80 6.03 6.02 5.84 5.75 5.86 5.98 5.96 5.60 5.00 4.66 4.83 5.24 5.46 5.47 5.30 4.78 4.03 3.29 2.54 1.93 1.66 1.69 1.89 2.03 2.08 2.19 2.33 2.40 2.41 2.40 2.44 2.53 2.68 2.82 2.84 2.82 2.87 3.19 3.80 4.43 4.87 5.20 5.49 5.62 5.59 5.45 5.16 4.79 4.42 4.19 4.05 4.08 4.21 4.29 4.28 4.21 4.09 3.96 3.80 3.75 3.80 3.87 3.93 3.98 4.03 4.12 4.30 4.58 4.76 4.67 4.52 4.50 4.82
3.02 3.15 3.60 4.01 4.30 4.54 4.80 4.92 4.90 4.86 4.88 4.88 4.85 4.86 4.98 4.99 4.95 4.95 4.79 4.57 4.64 5.03 5.21 4.96 4.52 4.01 3.39 2.88 2.42 1.94 1.59 1.58 1.85 2.15 2.30 2.34 2.43 2.55 2.54 2.46 2.52 2.67 2.81 3.00 3.23 3.34 3.44 3.58 3.89 4.36 4.70 4.74 4.66 4.60 4.55 4.40 4.34 4.39 4.35 4.19 3.99 3.85 3.82 3.87 3.82 3.75 3.73 3.81 3.95 4.07 4.10 4.02 3.87 3.74 3.68 3.70 3.81 4.02 4.23 4.17 3.88 3.95 4.42 4.96
3.18 3.39 3.89 4.13 4.25 4.42 4.53 4.56 4.44 4.34 4.27 4.13 3.96 3.93 4.16 4.24 4.12 4.04 4.12 4.30 4.64 4.98 4.89 4.29 3.56 2.99 2.66 2.42 2.16 1.92 1.83 2.05 2.42 2.68 2.74 2.68 2.69 2.80 2.82 2.79 2.97 3.17 3.34 3.55 3.67 3.74 3.79 3.98 4.32 4.66 4.77 4.61 4.32 3.99 3.64 3.22 3.00 3.07 3.37 3.66 3.77 3.77 3.72 3.57 3.44 3.32 3.23 3.28 3.44 3.57 3.62 3.59 3.51 3.45 3.44 3.48 3.59 3.75 3.86 3.81 3.69 3.89 4.41 4.82
3.31 3.53 4.00 4.19 4.19 4.27 4.33 4.20 4.11 4.06 3.93 3.70 3.47 3.47 3.81 3.99 3.85 3.67 3.81 4.15 4.53 4.65 4.30 3.50 2.77 2.46 2.36 2.28 2.23 2.21 2.37 2.70 3.00 3.08 2.99 2.90 2.93 3.03 3.11 3.19 3.32 3.42 3.51 3.71 3.84 3.84 3.86 4.08 4.41 4.69 4.74 4.53 4.17 3.59 2.97 2.50 2.36 2.49 2.73 2.97 3.20 3.34 3.34 3.20 3.06 2.93 2.85 2.85 2.87 2.87 2.87 2.90 2.96 3.03 3.09 3.18 3.34 3.52 3.63 3.67 3.73 3.95 4.29 4.41
3.52 3.74 4.09 4.23 4.19 4.15 4.03 3.78 3.68 3.72 3.70 3.50 3.25 3.38 3.87 4.05 3.90 3.67 3.61 3.74 4.04 4.11 3.66 2.90 2.44 2.30 2.23 2.20 2.28 2.50 2.82 3.15 3.32 3.30 3.19 3.18 3.27 3.34 3.34 3.34 3.37 3.42 3.49 3.59 3.66 3.55 3.52 3.77 4.25 4.61 4.71 4.50 4.02 3.50 3.05 2.76 2.78 2.88 2.89 2.84 2.81 2.84 2.81 2.71 2.57 2.46 2.48 2.57 2.62 2.62 2.59 2.56 2.57 2.61 2.69 2.85 3.06 3.28 3.43 3.58 3.75 3.89 4.01 3.91
3.73 3.96 4.27 4.27 4.18 3.94 3.62 3.34 3.37 3.54 3.58 3.42 3.26 3.49 3.94 4.01 3.75 3.44 3.19 3.14 3.42 3.54 3.16 2.64 2.37 2.25 2.18 2.17 2.34 2.69 3.07 3.40 3.59 3.69 3.78 3.94 4.01 3.93 3.77 3.58 3.43 3.39 3.46 3.47 3.29 3.10 3.08 3.42 4.12 4.74 4.82 4.51 4.07 3.81 3.67 3.60 3.49 3.35 3.10 2.81 2.59 2.47 2.37 2.23 2.08 2.09 2.31 2.55 2.66 2.61 2.47 2.33 2.28 2.35 2.51 2.72 2.95 3.22 3.44 3.60 3.66 3.62 3.58 3.44
4.07 4.20 4.40 4.28 4.06 3.73 3.34 3.20 3.42 3.59 3.58 3.44 3.37 3.60 3.84 3.75 3.39 2.98 2.69 2.70 3.05 3.16 2.77 2.39 2.22 2.15 2.22 2.38 2.61 2.89 3.29 3.70 4.09 4.51 4.85 4.99 4.91 4.70 4.45 4.15 3.82 3.58 3.51 3.43 3.20 3.01 3.16 3.70 4.54 5.03 4.91 4.33 3.81 3.61 3.57 3.51 3.36 3.09 2.74 2.43 2.22 2.09 2.02 1.94 1.90 2.10 2.54 2.86 2.87 2.63 2.31 2.13 2.21 2.47 2.76 3.00 3.25 3.56 3.77 3.76 3.59 3.37 3.28 2.93
4.29 4.36 4.36 4.19 3.93 3.65 3.34 3.43 3.78 3.96 3.84 3.67 3.62 3.68 3.65 3.45 3.05 2.62 2.43 2.58 2.95 2.91 2.45 2.14 2.04 2.06 2.25 2.56 2.89 3.24 3.73 4.26 4.83 5.27 5.41 5.30 5.09 4.92 4.79 4.61 4.37 4.10 3.88 3.71 3.47 3.42 3.65 4.31 5.03 5.18 4.73 3.81 3.06 2.54 2.46 2.56 2.54 2.35 2.12 1.92 1.76 1.73 1.85 1.98 2.17 2.53 3.03 3.25 3.03 2.59 2.26 2.24 2.60 3.09 3.45 3.69 3.94 4.21 4.30 4.10 3.79 3.59 3.50 3.42
4.62 4.43 4.21 4.09 3.96 3.83 3.85 4.19 4.50 4.51 4.33 4.12 3.94 3.73 3.46 3.16 2.84 2.57 2.55 2.80 3.03 2.81 2.35 2.06 1.96 2.03 2.23 2.60 3.13 3.78 4.41 4.94 5.31 5.32 4.95 4.52 4.40 4.52 4.63 4.64 4.58 4.43 4.21 3.99 3.84 3.78 3.97 4.68 5.22 5.05 4.23 3.24 2.46 1.97 1.82 1.82 1.82 1.75 1.62 1.50 1.49 1.70 2.07 2.40 2.71 3.18 3.53 3.48 3.12 2.64 2.46 2.75 3.36 3.88 4.22 4.46 4.68 4.78 4.65 4.36 4.16 4.07 3.97 3.83
4.91 4.51 4.11 4.15 4.29 4.47 4.79 5.13 5.26 5.04 4.74 4.48 4.21 3.78 3.31 3.03 2.84 2.76 2.89 3.11 3.12 2.78 2.33 2.04 1.98 2.13 2.45 2.98 3.67 4.35 4.80 5.06 5.02 4.57 3.84 3.45 3.62 3.94 4.09 4.15 4.21 4.26 4.24 4.17 4.06 4.01 4.24 4.89 5.14 4.66 3.64 2.88 2.34 1.93 1.67 1.53 1.46 1.41 1.34 1.36 1.63 2.11 2.63 3.03 3.36 3.67 3.79 3.58 3.27 3.03 2.94 3.36 3.99 4.47 4.73 4.85 4.82 4.60 4.18 3.86 3.76 3.76 3.75 3.72
4.83 4.51 4.12 4.20 4.50 4.87 5.22 5.39 5.36 5.14 4.89 4.66 4.36 3.83 3.34 3.11 3.00 2.96 3.05 3.13 3.00 2.60 2.21 2.03 2.10 2.41 2.91 3.51 3.99 4.28 4.36 4.23 3.86 3.26 2.79 2.86 3.25 3.42 3.31 3.34 3.50 3.71 3.94 4.09 4.12 4.16 4.43 4.92 4.84 4.04 3.10 2.51 1.99 1.57 1.33 1.27 1.29 1.30 1.39 1.65 2.13 2.72 3.22 3.54 3.72 3.83 3.81 3.66 3.53 3.45 3.50 3.94 4.55 4.85 4.82 4.55 4.09 3.49 2.99 2.79 2.84 2.98 3.12 3.19
4.68 4.56 4.32 4.18 4.28 4.54 4.74 4.76 4.62 4.55 4.55 4.50 4.32 3.95 3.57 3.32 3.16 3.04 2.97 2.88 2.65 2.29 2.08 2.07 2.27 2.63 3.05 3.35 3.43 3.36 3.19 2.86 2.52 2.25 2.23 2.58 2.85 2.77 2.59 2.63 2.78 3.03 3.32 3.52 3.74 4.05 4.43 4.69 4.43 3.58 2.72 1.99 1.41 1.13 1.12 1.30 1.43 1.52 1.76 2.20 2.76 3.31 3.67 3.85 3.93 3.98 3.98 3.90 3.81 3.76 3.94 4.47 4.89 4.76 4.19 3.45 2.82 2.40 2.20 2.30 2.62 2.94 3.09 3.00
4.72 4.70 4.38 4.04 3.80 3.77 3.73 3.55 3.37 3.44 3.64 3.81 3.85 3.79 3.66 3.49 3.26 3.02 2.81 2.61 2.31 2.03 1.94 2.03 2.24 2.45 2.55 2.51 2.41 2.36 2.25 2.09 2.03 2.08 2.22 2.42 2.52 2.42 2.29 2.30 2.41 2.55 2.73 2.91 3.25 3.92 4.35 4.42 4.03 3.31 2.41 1.64 1.24 1.25 1.52 1.79 1.86 1.91 2.21 2.76 3.39 3.86 4.15 4.31 4.40 4.48 4.48 4.33 4.13 4.07 4.35 4.77 4.67 3.88 2.93 2.39 2.22 2.13 2.17 2.51 3.04 3.44 3.48 3.34
4.82 4.60 4.07 3.61 3.16 2.90 2.76 2.58 2.50 2.57 2.71 2.80 2.92 3.11 3.34 3.40 3.26 2.96 2.66 2.39 2.10 1.85 1.76 1.81 1.90 1.93 1.88 1.85 1.90 2.00 2.04 2.04 2.13 2.28 2.37 2.48 2.55 2.50 2.40 2.42 2.55 2.70 2.85 3.12 3.58 4.18 4.34 4.12 3.59 2.88 2.17 1.74 1.66 1.92 2.29 2.47 2.35 2.35 2.78 3.50 4.14 4.63 4.89 5.00 5.09 5.18 5.15 4.97 4.73 4.63 4.76 4.65 3.85 2.82 2.33 2.35 2.50 2.50 2.60 3.01 3.60 3.94 3.90 3.92
4.67 4.22 3.49 2.94 2.40 2.19 2.27 2.35 2.37 2.52 2.63 2.61 2.64 2.75 2.99 3.20 3.15 2.89 2.56 2.22 1.94 1.75 1.63 1.58 1.58 1.62 1.71 1.85 1.98 2.11 2.22 2.28 2.39 2.57 2.68 2.80 2.91 2.89 2.82 2.91 3.15 3.45 3.74 4.12 4.47 4.58 4.27 3.75 3.21 2.71 2.27 2.11 2.27 2.64 3.02 3.10 2.92 3.06 3.69 4.50 5.19 5.60 5.71 5.68 5.63 5.62 5.62 5.53 5.40 5.21 4.94 4.35 3.31 2.78 2.90 3.19 3.23 3.10 3.15 3.57 4.09 4.40 4.54 4.74
4.38 3.97 3.16 2.39 1.92 1.99 2.41 2.75 2.99 3.22 3.34 3.30 3.28 3.21 3.12 3.09 3.01 2.83 2.53 2.19 1.92 1.74 1.60 1.54 1.61 1.78 2.02 2.23 2.38 2.51 2.62 2.66 2.76 2.98 3.19 3.38 3.53 3.56 3.51 3.66 4.05 4.42 4.76 4.95 4.91 4.54 3.91 3.31 2.98 2.78 2.54 2.55 2.85 3.31 3.65 3.61 3.54 3.88 4.70 5.53 6.05 6.19 6.04 5.82 5.63 5.53 5.53 5.53 5.53 5.36 5.02 4.60 4.10 4.05 4.40 4.58 4.45 4.20 4.20 4.43 4.75 5.02 5.26 5.36
4.20 3.81 2.94 2.19 2.05 2.70 3.46 3.94 4.27 4.45 4.50 4.44 4.25 3.87 3.42 3.11 2.94 2.80 2.58 2.32 2.07 1.88 1.75 1.76 1.96 2.20 2.43 2.66 2.87 3.04 3.19 3.33 3.51 3.68 3.87 4.09 4.30 4.37 4.46 4.68 4.98 5.18 5.19 4.96 4.48 3.79 3.09 2.75 2.82 2.85 2.93 3.16 3.56 3.98 4.11 3.93 4.01 4.65 5.52 6.06 6.20 5.99 5.60 5.29 5.13 5.09 5.16 5.17 5.08 5.06 5.13 5.22 5.45 5.70 5.94 6.05 6.02 5.94 5.88 5.77 5.71 5.70 5.68 5.42
3.87 3.31 2.40 2.14 2.69 3.78 4.69 5.21 5.48 5.50 5.35 5.10 4.74 4.19 3.66 3.27 3.02 2.83 2.64 2.47 2.28 2.14 2.11 2.25 2.46 2.67 2.89 3.15 3.36 3.55 3.86 4.25 4.62 4.85 4.97 5.07 5.11 5.10 5.23 5.40 5.43 5.25 4.84 4.23 3.50 2.79 2.42 2.47 2.87 3.15 3.46 3.86 4.22 4.38 4.27 4.11 4.43 5.22 5.76 5.89 5.61 5.15 4.71 4.46 4.45 4.56 4.68 4.67 4.53 4.59 4.97 5.40 5.85 6.20 6.41 6.61 6.75 6.78 6.66 6.44 6.13 5.89 5.59 5.07
3.09 2.61 2.16 2.53 3.68 4.90 5.62 5.87 5.86 5.65 5.34 4.99 4.61 4.20 3.84 3.48 3.14 2.84 2.67 2.58 2.49 2.50 2.69 2.95 3.17 3.32 3.55 3.79 3.98 4.22 4.69 5.24 5.63 5.83 5.85 5.68 5.49 5.40 5.40 5.31 5.02 4.53 3.88 3.14 2.54 2.27 2.36 2.78 3.34 3.78 4.22 4.59 4.73 4.60 4.38 4.41 4.86 5.32 5.47 5.16 4.64 4.12 3.69 3.46 3.58 3.71 3.78 3.79 3.81 3.97 4.32 4.77 5.24 5.56 5.73 5.90 6.05 6.10 6.09 5.92 5.71 5.43 5.11 4.71
2.90 2.82 3.02 3.83 4.98 5.80 6.03 5.83 5.44 5.00 4.65 4.36 4.09 3.92 3.74 3.47 3.15 2.85 2.73 2.75 2.85 3.11 3.50 3.82 4.05 4.24 4.43 4.65 4.90 5.24 5.69 6.02 6.06 5.92 5.64 5.31 5.16 5.06 4.85 4.43 3.92 3.36 2.73 2.22 2.12 2.37 2.88 3.53 4.05 4.54 4.87 4.94 4.84 4.70 4.57 4.67 4.93 5.02 4.75 4.18 3.60 3.10 2.66 2.55 2.70 2.75 2.71 2.78 2.96 3.18 3.60 3.98 4.25 4.33 4.31 4.33 4.25 4.37 4.52 4.54 4.71 4.80 4.73 4.69
3.58 3.92 4.60 5.25 5.81 6.06 5.80 5.21 4.60 4.23 3.98 3.76 3.58 3.48 3.38 3.23 3.05 2.90 2.89 3.05 3.39 3.81 4.20 4.49 4.69 4.91 5.17 5.46 5.77 6.09 6.27 6.14 5.70 5.12 4.55 4.26 4.43 4.36 3.88 3.22 2.65 2.28 1.98 2.04 2.42 2.90 3.54 4.18 4.71 5.08 5.09 4.91 4.68 4.55 4.54 4.58 4.57 4.35 3.82 3.22 2.68 2.14 1.90 2.04 2.26 2.28 2.28 2.45 2.64 2.85 3.17 3.50 3.67 3.62 3.39 3.18 3.13 3.42 3.69 3.77 3.96 4.24 4.44 4.54
4.21 4.60 5.20 5.55 5.73 5.63 5.13 4.52 3.99 3.76 3.61 3.39 3.20 3.07 3.03 3.01 2.97 2.98 3.08 3.26 3.54 3.83 4.11 4.42 4.69 5.02 5.41 5.75 5.97 6.04 5.86 5.34 4.56 3.90 3.50 3.52 3.67 3.39 2.74 2.20 1.89 1.83 2.02 2.51 2.99 3.49 4.13 4.72 5.13 5.17 4.87 4.49 4.25 4.16 4.15 4.13 3.98 3.64 3.09 2.53 1.99 1.61 1.64 1.93 2.15 2.22 2.38 2.70 2.90 2.95 3.06 3.19 3.31 3.29 3.06 2.83 2.96 3.39 3.55 3.48 3.62 3.81 3.95 4.00
4.70 4.81 4.99 5.12 5.12 4.85 4.42 3.98 3.68 3.51 3.33 3.10 2.92 2.82 2.83 2.90 2.95 3.02 3.07 3.09 3.16 3.29 3.50 3.84 4.37 4.90 5.33 5.53 5.46 5.17 4.63 3.91 3.21 2.84 2.78 2.88 2.78 2.39 1.97 1.80 1.87 2.16 2.66 3.13 3.60 4.14 4.67 5.08 5.18 4.93 4.52 4.20 3.97 3.80 3.72 3.67 3.53 3.21 2.71 2.16 1.73 1.68 2.00 2.37 2.56 2.66 2.95 3.19 3.12 2.99 2.99 3.03 3.03 3.03 2.93 2.88 3.12 3.40 3.32 3.14 3.24 3.32 3.38 3.45
5.17 4.89 4.60 4.62 4.52 4.25 3.94 3.60 3.39 3.23 3.01 2.81 2.67 2.61 2.68 2.82 2.91 2.95 2.94 2.91 2.99 3.20 3.54 4.02 4.61 5.08 5.22 5.02 4.58 3.99 3.30 2.68 2.25 2.14 2.23 2.28 2.16 1.99 1.93 2.05 2.37 2.83 3.29 3.77 4.27 4.75 5.09 5.15 4.91 4.54 4.20 3.93 3.70 3.54 3.53 3.50 3.36 3.07 2.67 2.27 2.14 2.41 2.84 3.14 3.28 3.44 3.60 3.45 3.12 3.02 3.09 2.98 2.81 2.83 2.94 3.00 3.14 3.27 3.10 2.94 2.98 3.02 3.05 3.25
5.49 5.07 4.53 4.39 4.23 4.02 3.82 3.55 3.32 3.13 2.90 2.71 2.58 2.58 2.67 2.72 2.89 2.99 3.05 3.19 3.49 3.94 4.45 4.89 5.15 5.15 4.84 4.28 3.59 2.92 2.29 1.91 1.84 1.97 2.10 2.17 2.17 2.22 2.36 2.56 2.88 3.28 3.81 4.41 4.92 5.25 5.16 4.94 4.51 4.11 3.78 3.53 3.39 3.36 3.45 3.51 3.33 3.09 2.94 2.95 3.17 3.58 3.94 4.12 4.18 4.17 3.97 3.62 3.39 3.41 3.29 2.96 2.70 2.84 3.06 3.04 3.07 3.19 3.15 3.03 3.01 2.99 3.04 3.20
5.73 5.27 4.63 4.40 4.20 4.02 3.91 3.77 3.58 3.42 3.24 3.01 2.92 2.91 2.93 2.90 2.98 3.18 3.40 3.73 4.22 4.71 5.02 5.09 4.93 4.57 4.04 3.35 2.59 1.99 1.69 1.72 1.97 2.26 2.42 2.49 2.54 2.63 2.83 3.02 3.26 3.67 4.33 4.98 5.40 5.49 5.19 4.65 4.14 3.72 3.41 3.27 3.26 3.35 3.47 3.40 3.17 3.16 3.36 3.78 4.37 4.90 5.19 5.29 5.16 4.92 4.52 4.19 4.12 3.95 3.42 2.86 2.81 3.14 3.25 3.08 3.10 3.31 3.34 3.23 3.11 3.05 3.08 3.15
5.78 5.31 4.67 4.38 4.18 4.09 3.99 3.91 3.80 3.68 3.54 3.37 3.32 3.32 3.28 3.16 3.11 3.25 3.54 4.00 4.47 4.70 4.60 4.26 3.88 3.50 3.06 2.46 1.86 1.58 1.71 2.15 2.53 2.73 2.83 2.90 2.96 3.06 3.25 3.41 3.66 4.15 4.89 5.41 5.61 5.41 4.93 4.37 3.90 3.57 3.41 3.37 3.38 3.43 3.37 3.16 3.09 3.37 3.80 4.50 5.25 5.70 5.83 5.76 5.64 5.44 5.20 5.03 4.76 4.26 3.62 3.18 3.32 3.57 3.49 3.32 3.49 3.76 3.75 3.52 3.28 3.12 3.06 3.05
5.62 5.32 4.80 4.45 4.22 4.10 4.02 3.95 3.83 3.65 3.43 3.25 3.24 3.28 3.26 3.20 3.10 3.13 3.40 3.83 4.06 3.91 3.50 3.07 2.75 2.51 2.24 1.89 1.63 1.78 2.33 2.84 3.08 3.18 3.21 3.27 3.40 3.52 3.62 3.81 4.14 4.69 5.25 5.55 5.41 4.95 4.40 4.01 3.81 3.69 3.70 3.77 3.70 3.61 3.41 3.25 3.35 3.73 4.19 4.97 5.57 5.85 5.80 5.56 5.42 5.38 5.39 5.42 5.23 4.86 4.56 4.40 4.37 4.15 3.82 3.84 4.17 4.41 4.21 3.78 3.35 3.05 2.89 2.93
5.65 5.45 4.98 4.60 4.37 4.23 4.12 3.99 3.78 3.54 3.29 3.10 3.04 2.99 2.96 2.76 2.91 2.98 3.23 3.40 3.20 2.73 2.26 1.95 1.77 1.73 1.72 1.70 1.87 2.39 2.98 3.29 3.41 3.45 3.49 3.60 3.70 3.75 3.86 4.09 4.53 5.02 5.37 5.33 4.93 4.31 3.92 3.73 3.71 3.84 3.92 4.00 4.03 3.89 3.67 3.55 3.63 3.93 4.41 5.15 5.49 5.36 4.94 4.70 4.71 4.93 5.16 5.38 5.57 5.63 5.66 5.56 5.27 4.90 4.59 4.67 4.85 4.72 4.25 3.58 3.06 2.81 2.75 2.80
5.89 5.54 4.97 4.65 4.49 4.41 4.24 4.00 3.74 3.57 3.43 3.27 3.15 2.98 2.82 2.69 2.72 2.86 2.95 2.72 2.17 1.61 1.25 1.15 1.24 1.47 1.71 1.93 2.25 2.69 3.11 3.27 3.29 3.32 3.43 3.59 3.63 3.68 3.85 4.21 4.72 5.16 5.29 5.01 4.56 4.10 3.81 3.68 3.67 3.77 3.92 4.04 4.14 4.05 3.82 3.60 3.60 3.79 4.33 5.00 5.17 4.76 4.26 4.06 4.12 4.42 4.79 5.08 5.40 5.68 5.85 5.82 5.58 5.37 5.32 5.29 5.02 4.43 3.68 3.09 2.79 2.67 2.63 2.61
5.92 5.43 4.76 4.53 4.43 4.34 4.14 3.85 3.64 3.55 3.50 3.38 3.22 3.02 2.85 2.67 2.65 2.67 2.48 1.97 1.41 1.01 0.88 1.02 1.32 1.71 2.07 2.34 2.57 2.75 2.87 2.89 2.83 2.84 2.98 3.15 3.29 3.44 3.75 4.26 4.76 5.08 5.00 4.60 4.20 3.88 3.63 3.59 3.62 3.64 3.73 3.95 4.02 3.91 3.68 3.39 3.28 3.42 4.08 4.75 4.80 4.27 3.84 3.77 3.96 4.23 4.39 4.45 4.63 4.84 4.97 5.07 5.14 5.20 5.23 5.12 4.59 3.81 3.25 3.00 2.85 2.59 2.39 2.48
5.47 5.15 4.72 4.51 4.26 3.94 3.63 3.45 3.32 3.31 3.33 3.26 3.09 2.92 2.81 2.68 2.61 2.46 2.11 1.67 1.35 1.24 1.31 1.56 1.89 2.27 2.54 2.72 2.82 2.85 2.83 2.72 2.58 2.54 2.63 2.82 3.10 3.35 3.72 4.24 4.65 4.75 4.43 3.85 3.32 3.08 3.07 3.19 3.32 3.48 3.60 3.77 3.82 3.59 3.29 3.05 2.93 3.15 3.83 4.48 4.52 4.01 3.72 3.73 3.93 4.10 4.01 3.80 3.77 3.88 3.84 3.94 4.25 4.57 4.67 4.56 4.22 3.77 3.45 3.24 2.80 2.34 2.27 2.62
4.92 4.96 4.90 4.64 4.15 3.61 3.26 3.10 2.97 2.96 3.06 3.07 2.96 2.84 2.72 2.58 2.48 2.32 2.07 1.86 1.84 1.98 2.22 2.45 2.69 2.91 3.05 3.08 3.11 3.11 3.02 2.83 2.63 2.57 2.66 2.88 3.15 3.42 3.77 4.20 4.44 4.29 3.72 2.96 2.58 2.59 2.78 3.00 3.23 3.39 3.55 3.67 3.59 3.29 2.95 2.83 2.85 3.14 3.74 4.32 4.40 4.14 3.94 3.84 3.80 3.67 3.45 3.26 3.28 3.40 3.41 3.44 3.67 4.00 4.01 4.04 4.14 4.12 3.90 3.40 2.67 2.36 2.69 3.23
4.96 5.16 5.25 4.88 4.34 3.69 3.26 3.00 2.77 2.64 2.64 2.72 2.76 2.74 2.62 2.43 2.33 2.26 2.21 2.27 2.51 2.83 3.14 3.36 3.49 3.50 3.45 3.39 3.34 3.30 3.20 3.02 2.83 2.77 2.89 3.08 3.34 3.59 3.93 4.24 4.23 3.84 3.18 2.60 2.54 2.83 3.19 3.53 3.70 3.64 3.58 3.58 3.45 3.17 2.88 2.83 2.89 3.18 3.69 4.27 4.48 4.38 4.08 3.72 3.39 3.13 2.97 2.91 3.05 3.25 3.28 3.31 3.50 3.71 3.66 3.76 4.07 4.27 4.22 3.89 3.37 3.36 3.81 4.20
5.35 5.48 5.41 4.95 4.39 3.81 3.37 3.01 2.70 2.44 2.28 2.30 2.43 2.51 2.47 2.34 2.25 2.28 2.43 2.75 3.17 3.56 3.86 4.05 4.06 3.99 3.87 3.72 3.57 3.43 3.27 3.13 3.05 3.12 3.33 3.54 3.73 3.98 4.28 4.40 4.21 3.73 3.21 3.04 3.35 3.80 4.19 4.38 4.34 3.96 3.64 3.45 3.38 3.16 2.91 2.86 2.92 3.21 3.73 4.41 4.66 4.46 3.98 3.46 3.04 2.77 2.71 2.79 2.96 3.16 3.17 3.12 3.35 3.53 3.52 3.60 3.85 4.13 4.38 4.63 4.78 4.86 4.97 5.00
5.69 5.59 5.14 4.58 4.05 3.60 3.29 2.96 2.59 2.28 2.13 2.10 2.14 2.24 2.31 2.28 2.22 2.28 2.58 3.05 3.50 3.82 4.00 4.10 4.10 4.10 4.05 3.94 3.82 3.66 3.43 3.27 3.28 3.47 3.72 3.97 4.21 4.46 4.68 4.77 4.61 4.24 4.05 4.11 4.44 4.80 4.95 4.78 4.43 3.99 3.61 3.38 3.30 3.17 2.91 2.84 2.92 3.28 3.90 4.59 4.77 4.43 3.86 3.36 2.98 2.79 2.77 2.83 2.93 3.11 3.09 2.94 3.12 3.39 3.45 3.50 3.66 3.89 4.33 4.89 5.36 5.45 5.30 4.99
