project/data/elevation/US_DEM2016/US_DEM2016_point_10-29-2019_1515_30m_vel.asc
ncols	125
nrows	167
xllcorner	-2042055.000000
yllcorner	1465035.000000
cellsize	30.000000
NODATA_value	-9999.000000
[rows 0 to 37 of 167, columns 0 to 83 of 125]
4.04 3.69 3.43 3.85 4.59 5.41 6.13 6.62 6.76 6.84 7.05 7.45 7.59 7.20 6.87 6.86 6.86 6.78 6.48 6.11 5.85 5.88 6.12 6.36 6.54 6.52 6.35 5.81 5.03 4.20 3.46 2.84 2.42 2.20 2.14 2.20 2.46 2.90 3.36 3.62 3.74 3.81 3.88 3.92 3.78 3.51 3.23 3.24 3.57 4.22 4.88 5.43 5.84 6.24 6.38 6.40 6.25 5.72 5.20 4.85 4.68 4.68 4.81 5.11 5.31 5.36 5.26 4.92 4.30 3.90 3.80 3.96 4.23 4.50 4.72 4.86 4.99 5.24 5.58 5.81 6.00 6.02 5.64 5.46
4.04 3.69 3.43 3.85 4.59 5.41 6.13 6.62 6.76 6.84 7.05 7.45 7.59 7.20 6.87 6.86 6.86 6.78 6.48 6.11 5.85 5.88 6.12 6.36 6.54 6.52 6.35 5.81 5.03 4.20 3.46 2.84 2.42 2.20 2.14 2.20 2.46 2.90 3.36 3.62 3.74 3.81 3.88 3.92 3.78 3.51 3.23 3.24 3.57 4.22 4.88 5.43 5.84 6.24 6.38 6.40 6.25 5.72 5.20 4.85 4.68 4.68 4.81 5.11 5.31 5.36 5.26 4.92 4.30 3.90 3.80 3.96 4.23 4.50 4.72 4.86 4.99 5.24 5.58 5.81 6.00 6.02 5.64 5.46
3.93 3.64 3.48 3.87 4.44 5.12 5.73 6.15 6.33 6.39 6.56 6.88 6.98 6.79 6.52 6.49 6.54 6.55 6.33 5.96 5.78 5.82 5.96 6.07 6.12 6.04 5.70 5.15 4.53 3.88 3.28 2.81 2.50 2.34 2.27 2.31 2.50 2.81 3.14 3.37 3.47 3.54 3.63 3.78 3.90 3.89 3.82 3.80 4.06 4.51 4.95 5.28 5.57 5.81 5.92 5.95 5.91 5.71 5.35 4.93 4.61 4.47 4.58 4.80 4.94 4.98 4.98 4.92 4.76 4.49 4.33 4.33 4.39 4.46 4.52 4.59 4.73 5.00 5.24 5.36 5.42 5.50 5.49 5.48
4.08 3.80 3.73 4.03 4.38 4.73 5.07 5.25 5.27 5.31 5.52 5.71 5.78 5.71 5.63 5.62 5.72 5.86 5.81 5.66 5.65 5.70 5.64 5.45 5.27 5.05 4.67 4.28 3.91 3.55 3.22 2.99 2.88 2.85 2.81 2.77 2.77 2.84 2.93 3.06 3.31 3.53 3.73 3.97 4.25 4.48 4.62 4.67 4.79 4.96 5.05 5.01 5.02 4.99 4.97 4.87 4.87 5.03 5.10 5.01 4.79 4.58 4.44 4.37 4.24 4.18 4.30 4.58 4.83 4.94 4.92 4.77 4.56 4.35 4.21 4.19 4.31 4.51 4.58 4.46 4.45 4.79 5.20 5.42
4.31 4.06 4.03 4.21 4.38 4.54 4.61 4.63 4.54 4.50 4.58 4.72 4.80 4.79 4.77 4.77 4.84 4.99 5.22 5.46 5.64 5.55 5.28 4.88 4.50 4.24 4.11 3.99 3.85 3.72 3.62 3.59 3.62 3.65 3.59 3.43 3.25 3.16 3.12 3.22 3.56 3.91 4.22 4.49 4.62 4.75 4.87 5.02 5.17 5.19 5.08 4.88 4.67 4.43 4.18 3.76 3.53 3.65 4.06 4.51 4.73 4.72 4.55 4.19 3.86 3.64 3.58 3.73 3.99 4.22 4.32 4.28 4.17 4.03 3.94 3.94 4.02 4.11 4.09 3.98 4.08 4.52 5.00 5.11
4.36 4.17 4.18 4.33 4.37 4.41 4.39 4.20 4.08 4.01 3.96 4.02 4.17 4.28 4.43 4.51 4.58 4.65 4.92 5.29 5.45 5.22 4.81 4.34 3.95 3.85 3.91 3.98 4.03 4.08 4.16 4.24 4.28 4.20 4.04 3.83 3.64 3.52 3.45 3.49 3.63 3.84 4.15 4.50 4.67 4.73 4.82 5.00 5.12 5.11 5.00 4.85 4.65 4.21 3.67 3.20 3.04 3.13 3.40 3.72 4.04 4.24 4.20 3.90 3.60 3.38 3.25 3.20 3.20 3.24 3.31 3.38 3.44 3.50 3.55 3.63 3.72 3.80 3.84 3.89 4.05 4.37 4.63 4.55
4.46 4.37 4.39 4.50 4.44 4.32 4.12 3.81 3.62 3.56 3.54 3.57 3.75 4.08 4.41 4.54 4.68 4.75 4.75 4.82 4.87 4.68 4.32 3.97 3.80 3.80 3.87 3.94 4.07 4.28 4.48 4.60 4.56 4.44 4.29 4.17 4.08 3.96 3.79 3.64 3.59 3.65 3.79 4.04 4.25 4.27 4.31 4.45 4.68 4.77 4.82 4.81 4.67 4.45 4.14 3.84 3.82 3.85 3.81 3.71 3.60 3.57 3.54 3.43 3.27 3.12 3.05 3.02 3.01 3.01 3.01 3.02 3.06 3.12 3.19 3.27 3.35 3.44 3.58 3.78 3.99 4.17 4.19 3.95
4.54 4.61 4.79 4.77 4.60 4.20 3.78 3.42 3.30 3.35 3.33 3.28 3.50 3.95 4.31 4.37 4.50 4.58 4.41 4.23 4.19 4.10 3.94 3.85 3.84 3.86 3.90 3.94 4.06 4.29 4.55 4.72 4.77 4.82 4.92 5.06 5.06 4.88 4.56 4.19 3.85 3.64 3.59 3.57 3.55 3.57 3.60 3.77 4.20 4.62 4.75 4.79 4.80 4.90 4.97 4.96 4.80 4.58 4.28 3.91 3.54 3.28 3.18 3.12 3.01 2.90 2.87 2.96 3.06 3.09 3.04 2.97 2.93 2.94 3.01 3.07 3.12 3.24 3.44 3.63 3.77 3.83 3.76 3.54
4.76 4.91 5.19 5.06 4.74 4.25 3.71 3.41 3.42 3.44 3.39 3.36 3.52 3.86 4.03 3.97 4.00 4.09 3.98 3.83 3.82 3.75 3.62 3.64 3.71 3.80 3.97 4.15 4.27 4.38 4.63 4.92 5.20 5.60 6.00 6.23 6.23 6.03 5.73 5.30 4.75 4.20 3.81 3.60 3.45 3.43 3.65 4.00 4.54 4.82 4.77 4.57 4.49 4.60 4.77 4.83 4.67 4.35 3.97 3.64 3.36 3.17 3.08 3.07 3.04 2.99 3.01 3.14 3.19 3.13 3.01 2.92 2.91 3.03 3.20 3.34 3.44 3.61 3.76 3.78 3.70 3.56 3.48 3.46
4.85 5.12 5.40 5.26 4.91 4.50 4.02 3.85 3.96 4.03 3.89 3.76 3.79 3.86 3.80 3.63 3.56 3.64 3.74 3.78 3.80 3.61 3.40 3.41 3.54 3.71 3.96 4.25 4.49 4.69 5.00 5.36 5.78 6.18 6.42 6.45 6.38 6.30 6.25 6.12 5.81 5.31 4.75 4.28 3.96 3.96 4.15 4.56 4.96 4.95 4.64 4.10 3.71 3.38 3.44 3.63 3.70 3.56 3.37 3.21 3.08 2.99 2.99 3.09 3.30 3.43 3.54 3.58 3.40 3.12 3.00 3.06 3.28 3.62 3.91 4.13 4.33 4.51 4.57 4.44 4.20 4.00 3.90 3.87
4.96 5.06 5.35 5.41 5.22 5.01 4.84 4.91 5.01 4.94 4.73 4.46 4.19 3.93 3.66 3.41 3.34 3.54 3.84 4.03 4.01 3.75 3.52 3.49 3.60 3.75 3.93 4.20 4.64 5.14 5.54 5.82 5.98 5.95 5.72 5.45 5.42 5.65 5.92 6.11 6.16 5.98 5.57 5.04 4.60 4.39 4.41 4.76 4.99 4.83 4.33 3.75 3.24 2.88 2.75 2.77 2.90 3.00 3.01 2.97 2.92 2.93 3.06 3.29 3.64 3.99 4.14 4.01 3.68 3.29 3.23 3.53 4.00 4.43 4.77 5.03 5.24 5.30 5.20 5.00 4.83 4.72 4.61 4.46
4.89 4.77 5.00 5.44 5.71 5.87 6.01 6.14 6.17 5.93 5.57 5.19 4.74 4.19 3.69 3.46 3.47 3.74 4.09 4.27 4.20 4.00 3.81 3.73 3.79 3.97 4.21 4.57 5.05 5.49 5.66 5.66 5.44 5.00 4.49 4.23 4.39 4.75 5.07 5.34 5.59 5.76 5.77 5.57 5.18 4.78 4.68 4.87 4.84 4.52 3.94 3.59 3.31 2.99 2.71 2.54 2.58 2.77 2.89 2.94 3.00 3.19 3.45 3.76 4.10 4.37 4.44 4.30 4.04 3.85 3.79 4.12 4.56 4.97 5.26 5.39 5.33 5.10 4.70 4.40 4.28 4.25 4.26 4.24
4.59 4.38 4.45 5.09 5.72 6.17 6.44 6.52 6.51 6.32 6.02 5.67 5.27 4.67 4.13 3.87 3.84 3.95 4.12 4.18 4.11 3.99 3.89 3.85 3.96 4.22 4.55 4.88 5.09 5.11 4.96 4.63 4.16 3.65 3.42 3.55 3.83 3.97 3.99 4.19 4.52 4.90 5.29 5.52 5.48 5.19 4.97 4.93 4.59 3.95 3.43 3.21 2.95 2.68 2.48 2.42 2.53 2.74 2.97 3.17 3.39 3.67 3.97 4.21 4.39 4.47 4.47 4.50 4.50 4.46 4.49 4.72 5.08 5.30 5.26 4.97 4.46 3.82 3.29 2.98 2.87 2.94 3.13 3.33
4.59 4.48 4.44 4.64 5.03 5.45 5.69 5.75 5.68 5.63 5.64 5.59 5.45 5.15 4.78 4.44 4.21 4.06 3.98 3.86 3.73 3.69 3.72 3.79 3.94 4.14 4.31 4.32 4.14 3.86 3.53 3.10 2.70 2.48 2.63 3.01 3.16 3.07 3.02 3.19 3.46 3.82 4.23 4.61 4.96 5.11 5.08 4.89 4.43 3.71 3.13 2.65 2.33 2.23 2.29 2.47 2.69 2.92 3.20 3.55 3.88 4.13 4.31 4.45 4.55 4.62 4.69 4.83 4.94 4.95 5.01 5.25 5.38 5.17 4.62 3.84 3.12 2.70 2.52 2.47 2.55 2.73 2.92 2.99
4.78 4.86 4.67 4.40 4.17 4.16 4.18 4.09 3.99 4.11 4.39 4.68 4.87 4.98 4.96 4.77 4.46 4.15 3.88 3.59 3.37 3.38 3.49 3.59 3.64 3.61 3.46 3.18 2.87 2.63 2.44 2.30 2.26 2.31 2.43 2.50 2.49 2.52 2.59 2.68 2.77 2.93 3.15 3.49 4.02 4.77 5.03 4.90 4.44 3.84 3.10 2.52 2.30 2.37 2.60 2.86 3.02 3.17 3.43 3.87 4.34 4.61 4.75 4.87 5.01 5.17 5.29 5.37 5.41 5.39 5.42 5.48 5.16 4.36 3.48 2.87 2.63 2.59 2.66 2.85 3.10 3.35 3.44 3.43
4.82 4.79 4.52 4.09 3.45 2.98 2.67 2.48 2.49 2.62 2.87 3.14 3.52 3.95 4.37 4.57 4.50 4.22 3.87 3.52 3.31 3.31 3.36 3.35 3.24 3.03 2.79 2.61 2.50 2.39 2.35 2.47 2.70 2.85 2.83 2.76 2.72 2.77 2.88 2.96 2.97 3.02 3.17 3.57 4.18 4.89 5.07 4.88 4.40 3.74 3.18 2.89 2.84 3.02 3.26 3.41 3.41 3.46 3.76 4.34 4.91 5.36 5.60 5.68 5.78 5.97 6.09 6.12 6.11 6.03 5.85 5.40 4.49 3.57 3.10 2.99 3.05 3.07 3.14 3.35 3.66 3.90 3.98 4.15
4.54 4.26 3.88 3.54 2.85 2.29 2.02 1.99 2.08 2.30 2.52 2.67 2.92 3.34 3.80 4.17 4.31 4.21 3.94 3.67 3.51 3.43 3.35 3.22 3.06 2.91 2.85 2.90 2.95 2.92 2.85 2.87 3.06 3.34 3.50 3.56 3.55 3.51 3.52 3.61 3.79 4.03 4.31 4.75 5.19 5.35 5.12 4.78 4.41 3.96 3.56 3.43 3.50 3.68 3.91 4.04 3.99 4.09 4.54 5.19 5.83 6.27 6.47 6.53 6.51 6.54 6.62 6.70 6.74 6.53 6.07 5.33 4.27 3.77 3.78 3.92 3.93 3.81 3.76 3.89 4.14 4.40 4.67 5.00
4.42 4.11 3.62 3.13 2.70 2.43 2.45 2.66 2.95 3.27 3.51 3.62 3.76 3.89 3.97 3.99 4.07 4.14 4.05 3.89 3.72 3.55 3.37 3.24 3.18 3.21 3.30 3.40 3.50 3.57 3.53 3.39 3.41 3.66 3.97 4.22 4.35 4.34 4.26 4.37 4.74 5.10 5.45 5.67 5.67 5.32 4.81 4.49 4.38 4.27 4.05 3.95 4.05 4.29 4.52 4.61 4.68 4.91 5.50 6.15 6.58 6.70 6.69 6.69 6.65 6.58 6.55 6.56 6.65 6.55 6.27 5.97 5.43 5.24 5.40 5.53 5.46 5.21 5.04 4.96 4.99 5.16 5.45 5.64
4.50 4.30 3.78 3.26 3.08 3.30 3.72 4.14 4.52 4.81 4.99 5.07 5.02 4.78 4.42 4.13 4.04 4.09 4.11 4.03 3.87 3.68 3.52 3.45 3.49 3.58 3.66 3.75 3.89 4.07 4.18 4.20 4.20 4.26 4.47 4.80 5.11 5.24 5.31 5.45 5.67 5.87 5.89 5.67 5.18 4.49 3.93 3.84 4.11 4.32 4.45 4.51 4.68 4.91 5.04 5.02 5.15 5.62 6.22 6.55 6.55 6.33 6.11 6.04 6.11 6.18 6.21 6.14 6.07 6.14 6.41 6.68 6.99 7.11 7.19 7.35 7.44 7.35 7.14 6.83 6.52 6.25 6.08 5.84
4.37 4.04 3.53 3.28 3.62 4.30 5.02 5.59 5.94 6.06 6.03 5.90 5.69 5.29 4.86 4.50 4.28 4.19 4.15 4.10 4.01 3.92 3.86 3.86 3.87 3.90 3.97 4.08 4.22 4.43 4.73 5.08 5.38 5.57 5.67 5.81 5.94 5.99 6.12 6.22 6.17 5.94 5.52 4.92 4.21 3.52 3.17 3.31 3.90 4.40 4.81 5.11 5.31 5.36 5.32 5.25 5.53 6.07 6.30 6.22 5.86 5.46 5.16 5.05 5.20 5.47 5.67 5.67 5.51 5.56 6.03 6.63 7.18 7.48 7.69 8.03 8.25 8.27 8.09 7.85 7.49 7.05 6.44 5.77
3.86 3.53 3.25 3.51 4.35 5.34 6.00 6.34 6.46 6.33 6.10 5.88 5.67 5.40 5.16 4.88 4.59 4.34 4.23 4.20 4.20 4.27 4.38 4.47 4.49 4.46 4.53 4.64 4.75 4.97 5.40 5.95 6.38 6.64 6.69 6.55 6.36 6.24 6.19 6.09 5.77 5.23 4.55 3.86 3.32 3.05 3.08 3.49 4.19 4.82 5.43 5.86 5.97 5.82 5.63 5.64 5.92 6.03 5.90 5.45 4.94 4.46 4.09 3.89 4.04 4.23 4.42 4.55 4.59 4.72 5.03 5.54 6.09 6.46 6.78 7.10 7.32 7.37 7.38 7.30 7.21 6.93 6.52 5.85
4.08 3.90 3.99 4.68 5.59 6.20 6.37 6.30 6.12 5.77 5.51 5.34 5.19 5.13 5.07 4.91 4.68 4.44 4.36 4.44 4.62 4.88 5.15 5.33 5.40 5.41 5.44 5.54 5.71 5.96 6.35 6.64 6.74 6.68 6.48 6.20 5.97 5.75 5.50 5.13 4.64 4.08 3.48 3.02 2.92 3.14 3.58 4.24 4.83 5.45 5.92 6.11 6.15 6.17 6.05 5.99 5.94 5.67 5.20 4.53 3.93 3.43 2.94 2.71 2.72 2.69 2.65 2.84 3.20 3.50 3.96 4.29 4.53 4.67 4.82 5.07 5.09 5.20 5.39 5.53 5.93 6.33 6.46 6.30
4.80 5.09 5.69 6.15 6.40 6.42 6.11 5.73 5.34 5.08 4.96 4.84 4.71 4.67 4.67 4.65 4.57 4.50 4.55 4.75 5.09 5.46 5.75 5.97 6.05 6.14 6.26 6.42 6.61 6.81 6.88 6.71 6.31 5.82 5.34 5.05 5.05 4.86 4.43 3.89 3.37 3.01 2.79 2.85 3.17 3.61 4.20 4.81 5.38 5.81 5.91 5.88 5.87 5.98 6.05 5.93 5.61 5.09 4.39 3.70 3.06 2.43 2.01 1.90 1.90 1.84 1.83 2.01 2.37 2.81 3.19 3.47 3.54 3.47 3.37 3.46 3.65 3.98 4.27 4.52 4.92 5.50 6.04 6.27
5.19 5.66 6.29 6.43 6.30 6.04 5.54 5.16 4.78 4.66 4.64 4.52 4.40 4.32 4.32 4.39 4.46 4.54 4.67 4.82 5.00 5.19 5.42 5.71 5.93 6.16 6.42 6.63 6.73 6.69 6.43 5.89 5.17 4.60 4.27 4.18 4.11 3.76 3.24 2.85 2.61 2.56 2.76 3.24 3.69 4.15 4.71 5.23 5.62 5.69 5.46 5.24 5.21 5.33 5.47 5.43 5.14 4.64 3.94 3.27 2.64 2.04 1.73 1.70 1.76 1.83 2.01 2.35 2.66 2.82 2.93 3.01 3.00 2.90 2.79 2.84 3.21 3.69 3.91 4.02 4.32 4.71 5.22 5.61
5.29 5.52 5.81 5.84 5.66 5.29 4.93 4.67 4.48 4.40 4.34 4.21 4.12 4.07 4.11 4.23 4.38 4.50 4.56 4.51 4.45 4.42 4.53 4.84 5.34 5.76 6.07 6.17 6.07 5.75 5.23 4.55 3.87 3.49 3.37 3.32 3.04 2.66 2.42 2.42 2.58 2.90 3.37 3.81 4.28 4.81 5.26 5.58 5.60 5.34 5.03 4.87 4.83 4.85 4.89 4.92 4.84 4.56 3.99 3.31 2.76 2.42 2.33 2.42 2.50 2.59 2.86 3.07 3.01 2.86 2.78 2.80 2.75 2.61 2.55 2.72 3.09 3.34 3.36 3.43 3.66 3.88 4.33 4.90
5.41 5.21 5.09 5.15 5.28 4.81 4.51 4.22 4.10 4.03 3.93 3.85 3.79 3.81 3.95 4.14 4.34 4.43 4.44 4.37 4.33 4.38 4.57 4.92 5.38 5.66 5.66 5.45 5.08 4.59 3.99 3.45 2.97 2.70 2.60 2.52 2.38 2.29 2.35 2.61 3.05 3.58 3.99 4.43 4.95 5.44 5.74 5.73 5.42 5.04 4.75 4.59 4.51 4.54 4.64 4.71 4.76 4.68 4.36 3.83 3.44 3.34 3.42 3.54 3.60 3.70 3.77 3.54 3.12 2.93 2.92 2.79 2.60 2.49 2.53 2.69 2.86 2.86 2.82 2.98 3.16 3.31 3.67 4.34
5.49 5.19 4.81 4.76 4.77 4.72 4.58 4.25 4.02 3.92 3.82 3.77 3.74 3.79 3.96 4.17 4.39 4.54 4.65 4.73 4.90 5.18 5.51 5.77 5.80 5.56 5.12 4.62 4.10 3.60 3.10 2.74 2.56 2.52 2.48 2.46 2.53 2.72 2.91 3.13 3.52 3.94 4.43 5.02 5.55 5.91 5.87 5.61 5.20 4.79 4.42 4.18 4.16 4.30 4.51 4.67 4.73 4.81 4.83 4.73 4.64 4.72 4.86 4.91 4.87 4.75 4.47 4.08 3.75 3.64 3.41 3.02 2.65 2.61 2.69 2.69 2.68 2.68 2.73 2.85 2.99 3.13 3.39 3.86
5.53 5.20 4.73 4.60 4.62 4.70 4.80 4.70 4.48 4.38 4.32 4.23 4.23 4.27 4.34 4.40 4.54 4.76 5.00 5.24 5.53 5.80 5.92 5.81 5.45 4.91 4.30 3.72 3.20 2.82 2.62 2.57 2.65 2.88 3.01 3.05 3.12 3.31 3.54 3.69 3.87 4.21 4.81 5.46 5.91 6.05 5.81 5.38 5.00 4.59 4.15 3.93 4.01 4.23 4.44 4.54 4.58 4.85 5.15 5.45 5.84 6.23 6.52 6.61 6.40 6.04 5.51 5.07 4.90 4.63 3.97 3.27 2.99 3.07 3.03 2.81 2.76 2.90 2.99 3.02 3.02 3.10 3.28 3.52
5.43 5.05 4.57 4.42 4.40 4.58 4.80 4.95 4.90 4.82 4.79 4.71 4.71 4.76 4.78 4.73 4.69 4.81 5.08 5.38 5.58 5.57 5.29 4.81 4.30 3.83 3.38 2.94 2.59 2.48 2.61 2.95 3.26 3.45 3.62 3.74 3.80 3.89 4.09 4.18 4.30 4.62 5.25 5.74 5.98 5.86 5.48 5.11 4.86 4.64 4.35 4.10 4.11 4.25 4.28 4.31 4.51 4.94 5.36 5.88 6.43 6.84 7.11 7.34 7.31 7.15 6.78 6.39 5.94 5.34 4.61 3.97 3.80 3.78 3.56 3.33 3.39 3.57 3.57 3.42 3.26 3.18 3.20 3.27
5.29 5.05 4.66 4.43 4.36 4.42 4.64 4.90 4.98 4.87 4.70 4.54 4.53 4.63 4.72 4.72 4.63 4.67 4.88 5.05 4.97 4.61 4.09 3.57 3.14 2.81 2.55 2.41 2.42 2.63 3.12 3.65 3.94 4.08 4.17 4.28 4.42 4.52 4.57 4.66 4.85 5.20 5.58 5.80 5.68 5.35 4.96 4.77 4.82 4.88 4.83 4.70 4.47 4.42 4.37 4.44 4.72 5.16 5.51 5.98 6.30 6.55 6.68 6.79 7.02 7.18 7.20 7.20 6.90 6.43 6.07 5.76 5.39 4.85 4.33 4.21 4.39 4.53 4.31 3.92 3.51 3.20 3.03 3.06
5.42 5.32 4.99 4.69 4.56 4.48 4.54 4.75 4.92 4.90 4.64 4.38 4.29 4.30 4.35 4.36 4.40 4.52 4.63 4.47 4.01 3.40 2.87 2.47 2.12 1.88 1.77 1.92 2.36 3.03 3.70 4.11 4.37 4.52 4.61 4.70 4.79 4.82 4.84 4.95 5.24 5.55 5.74 5.62 5.25 4.74 4.52 4.53 4.70 4.99 5.09 5.06 4.96 4.81 4.72 4.74 4.86 5.14 5.45 5.78 5.82 5.66 5.44 5.46 5.79 6.27 6.71 7.12 7.42 7.48 7.50 7.33 6.90 6.29 5.66 5.45 5.39 5.14 4.63 3.92 3.35 3.03 2.90 2.86
5.55 5.31 4.97 4.78 4.70 4.63 4.55 4.63 4.85 5.04 5.01 4.77 4.57 4.42 4.31 4.21 4.26 4.37 4.25 3.76 3.06 2.44 1.98 1.69 1.51 1.43 1.48 1.75 2.28 2.93 3.52 3.85 4.09 4.31 4.52 4.68 4.68 4.70 4.77 4.96 5.29 5.60 5.67 5.43 5.10 4.69 4.47 4.47 4.56 4.74 4.98 5.08 5.17 5.11 4.96 4.78 4.73 4.80 5.09 5.26 5.19 4.91 4.65 4.61 4.80 5.21 5.77 6.35 6.89 7.27 7.50 7.57 7.40 7.17 6.90 6.50 5.90 5.10 4.25 3.55 3.16 2.97 2.80 2.60
5.31 4.86 4.37 4.36 4.47 4.52 4.43 4.39 4.61 4.93 5.12 5.03 4.83 4.62 4.46 4.30 4.25 4.14 3.77 3.15 2.59 2.17 1.88 1.72 1.69 1.77 1.95 2.15 2.40 2.64 2.83 3.04 3.24 3.46 3.72 3.96 4.14 4.30 4.52 4.87 5.16 5.34 5.26 5.03 4.83 4.60 4.35 4.29 4.33 4.42 4.61 4.89 5.01 5.04 4.88 4.55 4.43 4.40 4.64 4.75 4.58 4.26 4.09 4.23 4.50 4.72 4.96 5.25 5.61 5.95 6.27 6.55 6.76 6.91 6.94 6.74 5.95 4.82 4.03 3.64 3.38 3.00 2.60 2.47
4.68 4.28 3.88 3.92 4.00 3.97 3.85 3.87 4.05 4.41 4.75 4.90 4.80 4.61 4.47 4.32 4.18 3.92 3.51 3.12 2.85 2.71 2.60 2.54 2.54 2.67 2.77 2.83 2.84 2.82 2.81 2.81 2.82 2.87 3.01 3.30 3.72 4.01 4.32 4.70 4.90 4.86 4.54 4.10 3.69 3.54 3.57 3.67 3.79 4.06 4.30 4.50 4.67 4.69 4.50 4.24 4.13 4.20 4.34 4.39 4.17 3.83 3.85 4.03 4.31 4.44 4.40 4.40 4.49 4.71 4.82 5.09 5.49 5.88 6.18 6.35 6.09 5.36 4.60 4.14 3.57 2.96 2.64 2.72
4.30 4.21 4.14 4.08 3.85 3.60 3.48 3.46 3.55 3.84 4.26 4.60 4.71 4.61 4.44 4.22 4.04 3.83 3.61 3.49 3.51 3.55 3.59 3.59 3.59 3.61 3.61 3.53 3.45 3.43 3.39 3.27 3.09 2.95 2.97 3.23 3.59 3.88 4.19 4.50 4.57 4.34 3.79 3.03 2.61 2.63 2.88 3.21 3.57 3.84 4.08 4.21 4.26 4.32 4.22 4.14 4.12 4.23 4.28 4.28 4.11 3.97 4.05 4.07 4.08 3.92 3.77 3.80 3.92 4.07 4.20 4.35 4.58 4.91 5.17 5.65 6.07 6.06 5.55 4.67 3.74 3.28 3.31 3.56
4.62 4.75 4.89 4.74 4.43 3.97 3.66 3.47 3.39 3.45 3.69 4.09 4.44 4.56 4.42 4.13 3.96 3.86 3.88 4.04 4.24 4.43 4.59 4.67 4.69 4.59 4.40 4.20 3.99 3.82 3.73 3.63 3.51 3.39 3.32 3.40 3.67 3.95 4.28 4.51 4.42 3.98 3.35 2.79 2.67 2.92 3.31 3.73 4.01 4.10 4.09 4.07 4.05 4.16 4.20 4.23 4.22 4.30 4.33 4.40 4.34 4.28 4.19 3.91 3.64 3.41 3.30 3.43 3.67 3.87 4.03 4.20 4.26 4.38 4.63 5.09 5.69 6.15 6.19 5.76 4.98 4.69 4.76 4.86
4.99 5.20 5.35 5.16 4.86 4.45 4.05 3.71 3.47 3.29 3.25 3.46 3.88 4.22 4.29 4.10 3.96 3.99 4.21 4.57 4.89 5.19 5.42 5.59 5.57 5.44 5.24 4.96 4.57 4.17 3.87 3.72 3.71 3.84 3.99 4.05 4.15 4.37 4.69 4.86 4.73 4.30 3.77 3.54 3.75 4.15 4.56 4.77 4.77 4.47 4.23 4.06 4.04 4.11 4.21 4.26 4.25 4.35 4.45 4.62 4.59 4.46 4.20 3.74 3.34 3.10 3.11 3.28 3.50 3.67 3.83 4.01 4.13 4.16 4.40 4.72 5.16 5.76 6.34 6.77 6.86 6.66 6.36 6.07
5.12 5.25 5.23 5.00 4.71 4.37 4.09 3.81 3.50 3.22 3.08 3.13 3.35 3.75 4.02 4.03 3.95 4.02 4.34 4.77 5.11 5.36 5.55 5.68 5.69 5.66 5.59 5.45 5.17 4.74 4.26 3.93 3.87 4.08 4.34 4.55 4.75 4.96 5.18 5.40 5.48 5.33 5.25 5.12 5.17 5.40 5.52 5.33 4.99 4.61 4.28 4.14 4.04 4.10 4.19 4.22 4.25 4.43 4.59 4.75 4.70 4.56 4.34 3.94 3.53 3.29 3.23 3.30 3.40 3.51 3.61 3.72 3.89 4.02 4.21 4.45 4.79 5.27 6.02 6.81 7.36 7.37 7.01 6.49
