project/data/elevation/US_DEM2016/US_DEM2016_point_10-30-2019_1437_30m_vel.asc
ncols	125
nrows	167
xllcorner	-2042055.000000
yllcorner	1465035.000000
cellsize	30.000000
NODATA_value	-9999.000000
[rows 0 to 36 of 167, columns 0 to 83 of 125]
7.34 6.92 6.77 7.58 8.69 9.79 10.79 11.55 11.82 12.05 12.54 13.38 13.56 12.70 12.16 12.39 12.74 12.71 11.93 10.91 10.17 10.23 10.90 11.60 12.12 12.26 11.95 10.79 9.12 7.43 6.00 4.92 4.30 4.11 4.14 4.27 4.63 5.26 5.89 6.21 6.31 6.37 6.47 6.47 6.19 5.79 5.50 5.55 6.08 7.16 8.42 9.70 10.77 11.77 12.08 12.10 11.80 10.77 9.86 9.30 9.00 8.94 9.04 9.46 9.73 9.77 9.59 9.07 8.11 7.52 7.43 7.70 8.12 8.53 8.81 8.97 9.13 9.42 9.90 10.40 10.76 10.61 9.71 9.50
7.34 6.92 6.77 7.58 8.69 9.79 10.79 11.55 11.82 12.05 12.54 13.38 13.56 12.70 12.16 12.39 12.74 12.71 11.93 10.91 10.17 10.23 10.90 11.60 12.12 12.26 11.95 10.79 9.12 7.43 6.00 4.92 4.30 4.11 4.14 4.27 4.63 5.26 5.89 6.21 6.31 6.37 6.47 6.47 6.19 5.79 5.50 5.55 6.08 7.16 8.42 9.70 10.77 11.77 12.08 12.10 11.80 10.77 9.86 9.30 9.00 8.94 9.04 9.46 9.73 9.77 9.59 9.07 8.11 7.52 7.43 7.70 8.12 8.53 8.81 8.97 9.13 9.42 9.90 10.40 10.76 10.61 9.71 9.50
7.00 6.74 6.88 7.70 8.58 9.55 10.40 11.02 11.29 11.38 11.70 12.30 12.45 12.05 11.64 11.70 11.92 11.95 11.42 10.52 10.09 10.29 10.81 11.17 11.28 11.13 10.43 9.27 7.99 6.66 5.52 4.72 4.33 4.27 4.34 4.47 4.79 5.26 5.68 5.93 5.95 5.97 6.08 6.27 6.42 6.43 6.37 6.42 6.91 7.80 8.83 9.69 10.37 10.89 11.14 11.15 11.00 10.59 9.93 9.23 8.73 8.46 8.62 8.96 9.17 9.16 9.09 8.94 8.71 8.35 8.19 8.22 8.30 8.36 8.41 8.50 8.71 9.11 9.55 9.76 9.74 9.66 9.51 9.67
7.00 6.93 7.39 8.06 8.64 9.18 9.75 9.98 9.89 9.81 9.97 10.14 10.21 10.15 10.18 10.12 10.07 10.27 10.16 9.86 9.97 10.39 10.54 10.16 9.53 8.82 7.95 7.21 6.49 5.76 5.14 4.83 4.86 5.05 5.16 5.19 5.27 5.46 5.58 5.65 5.86 6.09 6.35 6.70 7.18 7.53 7.75 7.87 8.19 8.76 9.37 9.61 9.51 9.29 9.21 8.96 8.90 9.13 9.23 9.06 8.72 8.44 8.26 8.20 8.01 7.87 7.96 8.31 8.70 8.95 8.97 8.74 8.38 8.01 7.79 7.79 8.02 8.40 8.65 8.43 8.11 8.47 9.23 9.91
7.36 7.43 7.99 8.41 8.69 9.01 9.18 9.16 8.85 8.60 8.51 8.47 8.44 8.43 8.63 8.62 8.51 8.68 9.09 9.56 10.10 10.32 10.00 8.99 7.84 7.02 6.63 6.39 6.13 5.85 5.70 5.80 6.09 6.32 6.33 6.14 5.98 6.01 6.03 6.11 6.52 6.96 7.40 7.84 8.09 8.29 8.42 8.64 8.98 9.36 9.61 9.45 8.89 8.22 7.65 6.83 6.42 6.62 7.34 8.09 8.44 8.46 8.26 7.75 7.29 6.94 6.80 6.98 7.39 7.70 7.82 7.73 7.53 7.33 7.25 7.31 7.48 7.68 7.75 7.59 7.55 8.16 9.12 9.63
7.51 7.65 8.25 8.63 8.68 8.80 8.79 8.39 8.09 7.90 7.67 7.50 7.50 7.66 8.08 8.26 8.20 8.20 8.68 9.40 9.93 9.80 9.03 7.70 6.57 6.15 6.14 6.24 6.32 6.44 6.66 6.95 7.16 7.14 6.92 6.66 6.55 6.58 6.61 6.68 6.87 7.17 7.62 8.19 8.49 8.58 8.67 8.97 9.28 9.56 9.64 9.32 8.68 7.67 6.61 5.74 5.53 5.80 6.29 6.79 7.26 7.54 7.49 7.08 6.67 6.36 6.16 6.08 6.07 6.05 6.06 6.11 6.20 6.36 6.53 6.72 6.93 7.12 7.27 7.37 7.56 8.06 8.67 8.73
7.80 8.05 8.53 8.84 8.77 8.57 8.23 7.64 7.27 7.22 7.17 6.99 6.98 7.49 8.25 8.45 8.44 8.40 8.46 8.68 8.98 8.79 7.91 6.76 6.15 6.00 6.03 6.16 6.45 6.90 7.34 7.64 7.63 7.48 7.28 7.19 7.25 7.28 7.15 6.96 6.90 7.03 7.33 7.75 8.04 7.97 7.97 8.26 8.80 9.23 9.46 9.22 8.52 7.83 7.20 6.72 6.81 6.99 6.96 6.75 6.51 6.40 6.30 6.13 5.91 5.73 5.67 5.69 5.69 5.61 5.50 5.45 5.51 5.66 5.86 6.08 6.28 6.53 6.87 7.20 7.50 7.83 8.01 7.71
8.09 8.46 9.05 9.09 8.90 8.26 7.52 6.88 6.76 6.97 6.97 6.70 6.74 7.46 8.27 8.30 8.14 8.02 7.76 7.59 7.79 7.71 7.07 6.43 6.15 6.07 6.07 6.17 6.50 7.06 7.61 7.94 8.02 8.12 8.30 8.60 8.72 8.56 8.18 7.73 7.30 7.08 7.13 7.16 7.00 6.83 6.76 7.10 8.01 9.06 9.45 9.21 8.71 8.55 8.54 8.56 8.39 8.10 7.56 6.88 6.23 5.79 5.59 5.46 5.30 5.22 5.38 5.67 5.81 5.72 5.50 5.30 5.23 5.33 5.56 5.79 6.00 6.35 6.79 7.08 7.25 7.34 7.28 6.93
8.62 8.91 9.44 9.30 8.85 8.11 7.22 6.78 7.01 7.21 7.09 6.85 6.95 7.51 7.91 7.75 7.36 7.08 6.83 6.77 7.08 7.03 6.43 6.01 5.90 5.98 6.26 6.61 6.95 7.32 7.86 8.37 8.88 9.60 10.36 10.77 10.70 10.27 9.73 9.14 8.45 7.80 7.39 7.14 6.79 6.54 6.76 7.39 8.56 9.51 9.60 8.86 8.19 8.11 8.25 8.29 8.03 7.49 6.77 6.15 5.69 5.41 5.32 5.30 5.25 5.37 5.78 6.17 6.16 5.82 5.42 5.18 5.24 5.59 6.03 6.38 6.70 7.18 7.52 7.50 7.25 7.00 6.85 6.74
8.95 9.25 9.49 9.23 8.73 8.18 7.47 7.43 7.90 8.15 7.85 7.52 7.53 7.65 7.55 7.17 6.64 6.31 6.34 6.59 6.95 6.68 5.94 5.57 5.62 5.90 6.38 6.94 7.44 7.91 8.55 9.26 10.14 11.04 11.57 11.56 11.23 10.86 10.57 10.25 9.74 9.09 8.48 8.02 7.56 7.46 7.70 8.47 9.49 9.92 9.41 7.90 6.76 6.03 6.02 6.24 6.22 5.85 5.46 5.20 5.03 5.00 5.15 5.41 5.80 6.21 6.77 7.02 6.59 5.88 5.47 5.52 6.04 6.80 7.40 7.82 8.26 8.74 8.91 8.62 8.10 7.74 7.59 7.45
9.41 9.26 9.22 9.10 8.79 8.55 8.52 9.01 9.49 9.47 9.09 8.63 8.23 7.81 7.27 6.71 6.27 6.24 6.59 7.04 7.23 6.77 6.04 5.71 5.80 6.07 6.45 7.01 7.86 8.84 9.69 10.40 10.96 11.10 10.68 9.96 9.69 9.97 10.30 10.43 10.33 9.96 9.41 8.84 8.45 8.25 8.31 9.04 9.86 9.87 8.69 7.02 5.79 5.07 4.79 4.69 4.68 4.68 4.68 4.66 4.70 4.94 5.40 5.98 6.64 7.33 7.74 7.61 6.99 6.19 6.00 6.53 7.44 8.29 8.92 9.39 9.81 10.00 9.81 9.39 9.07 8.88 8.67 8.38
9.62 9.04 8.78 9.17 9.45 9.75 10.28 10.85 11.12 10.74 10.17 9.66 9.05 8.15 7.22 6.70 6.50 6.72 7.23 7.62 7.58 7.05 6.43 6.14 6.22 6.56 7.06 7.83 8.86 9.83 10.34 10.57 10.35 9.56 8.33 7.59 7.83 8.55 9.06 9.37 9.65 9.82 9.74 9.45 9.05 8.72 8.73 9.38 9.77 9.28 7.72 6.50 5.74 5.08 4.54 4.17 4.11 4.30 4.48 4.61 4.91 5.51 6.25 6.98 7.66 8.13 8.20 7.87 7.39 7.07 6.99 7.61 8.47 9.28 9.83 10.12 10.06 9.62 8.79 8.20 8.01 8.01 8.01 7.93
9.24 8.69 8.35 9.01 9.84 10.57 11.16 11.42 11.40 11.05 10.60 10.19 9.66 8.67 7.75 7.31 7.16 7.23 7.50 7.65 7.42 6.89 6.44 6.33 6.59 7.13 7.87 8.69 9.29 9.55 9.45 8.97 8.07 6.87 6.10 6.30 6.98 7.33 7.28 7.52 8.07 8.67 9.19 9.46 9.35 9.05 9.01 9.48 9.31 8.11 6.62 5.74 5.00 4.38 3.97 3.91 4.11 4.40 4.73 5.13 5.72 6.50 7.26 7.82 8.20 8.33 8.22 8.06 7.97 7.94 8.05 8.57 9.41 9.96 9.96 9.46 8.51 7.23 6.15 5.66 5.66 5.93 6.29 6.53
9.05 8.84 8.62 8.74 9.22 9.82 10.16 10.15 9.87 9.74 9.79 9.79 9.61 9.13 8.58 8.13 7.78 7.48 7.31 7.09 6.65 6.20 6.10 6.28 6.67 7.20 7.70 7.95 7.81 7.44 6.89 6.05 5.18 4.57 4.68 5.44 5.91 5.81 5.69 5.95 6.39 6.97 7.62 8.13 8.50 8.71 8.96 9.21 8.81 7.40 5.94 4.71 3.83 3.55 3.70 4.16 4.58 4.89 5.32 5.99 6.72 7.44 7.98 8.29 8.46 8.54 8.57 8.57 8.57 8.56 8.79 9.48 10.01 9.75 8.71 7.25 5.89 5.01 4.63 4.72 5.20 5.76 6.11 6.12
9.26 9.37 8.97 8.46 8.00 7.88 7.73 7.33 6.99 7.17 7.65 8.14 8.44 8.64 8.67 8.46 8.06 7.54 7.05 6.48 5.85 5.59 5.74 6.01 6.25 6.39 6.29 5.91 5.44 5.13 4.78 4.39 4.17 4.18 4.42 4.71 4.84 4.90 4.98 5.15 5.33 5.58 5.93 6.38 7.08 8.20 8.83 9.06 8.53 7.32 5.70 4.36 3.79 3.97 4.58 5.14 5.35 5.50 5.97 6.79 7.70 8.32 8.77 9.07 9.27 9.47 9.54 9.42 9.21 9.10 9.39 9.92 9.62 8.13 6.36 5.25 4.90 4.76 4.87 5.40 6.21 6.92 7.09 6.97
9.42 9.24 8.52 7.70 6.57 5.78 5.20 4.71 4.61 4.85 5.31 5.73 6.27 6.96 7.68 8.02 7.90 7.43 6.81 6.12 5.59 5.44 5.52 5.58 5.52 5.30 4.96 4.69 4.58 4.52 4.49 4.56 4.81 5.03 5.05 5.09 5.19 5.34 5.45 5.53 5.60 5.72 5.99 6.59 7.49 8.66 9.16 9.01 8.14 6.78 5.56 4.92 4.84 5.36 6.00 6.29 6.15 6.15 6.75 7.86 8.83 9.56 10.00 10.25 10.50 10.79 10.85 10.64 10.34 10.12 10.11 9.74 8.24 6.39 5.48 5.48 5.72 5.69 5.80 6.39 7.33 7.96 8.05 8.26
9.11 8.40 7.29 6.41 5.19 4.39 4.12 4.07 4.19 4.64 5.06 5.29 5.64 6.25 6.92 7.39 7.47 7.23 6.72 6.16 5.79 5.60 5.44 5.26 5.08 4.93 4.93 5.10 5.22 5.24 5.21 5.25 5.53 5.96 6.18 6.33 6.47 6.54 6.55 6.66 6.93 7.36 7.87 8.64 9.46 9.87 9.54 8.78 7.71 6.67 5.93 5.75 6.04 6.64 7.22 7.40 7.12 7.28 8.17 9.38 10.48 11.19 11.49 11.55 11.55 11.63 11.73 11.70 11.56 11.15 10.51 9.36 7.45 6.54 6.72 7.19 7.25 7.00 6.99 7.55 8.33 8.88 9.25 9.74
8.69 7.98 6.66 5.43 4.56 4.34 4.78 5.33 5.88 6.50 6.94 7.10 7.31 7.41 7.36 7.19 7.10 7.04 6.80 6.45 6.09 5.74 5.42 5.23 5.23 5.40 5.69 5.98 6.18 6.27 6.22 6.10 6.25 6.73 7.19 7.55 7.75 7.81 7.78 8.00 8.60 9.21 9.87 10.44 10.62 10.08 9.04 8.03 7.32 6.86 6.47 6.50 7.00 7.74 8.26 8.26 8.23 8.64 9.78 11.06 11.97 12.30 12.19 11.94 11.68 11.53 11.53 11.56 11.65 11.39 10.75 10.00 8.99 8.79 9.36 9.75 9.61 9.18 9.09 9.32 9.67 10.06 10.50 10.80
8.56 7.97 6.59 5.36 5.02 5.81 7.01 7.96 8.71 9.24 9.55 9.66 9.52 8.95 8.13 7.42 7.06 6.97 6.87 6.63 6.27 5.89 5.60 5.56 5.77 6.08 6.34 6.62 6.95 7.20 7.32 7.40 7.58 7.87 8.25 8.68 9.05 9.20 9.36 9.74 10.25 10.68 10.88 10.67 9.86 8.48 7.12 6.54 6.71 6.84 7.07 7.46 8.15 8.83 9.05 8.80 8.95 9.82 11.10 12.00 12.27 11.98 11.42 10.99 10.79 10.75 10.85 10.85 10.77 10.80 10.98 11.17 11.56 11.88 12.25 12.61 12.65 12.46 12.22 11.87 11.57 11.40 11.32 10.96
8.09 7.18 5.78 5.29 6.09 7.68 9.26 10.40 11.08 11.26 11.16 10.88 10.42 9.56 8.68 7.95 7.44 7.12 6.93 6.72 6.46 6.25 6.17 6.28 6.47 6.67 6.91 7.26 7.62 7.99 8.42 8.93 9.45 9.86 10.15 10.39 10.47 10.44 10.72 11.14 11.29 11.05 10.42 9.31 7.79 6.24 5.38 5.47 6.43 7.20 7.90 8.59 9.21 9.48 9.35 9.09 9.58 10.73 11.52 11.75 11.24 10.41 9.67 9.30 9.35 9.63 9.89 9.96 9.80 9.90 10.62 11.49 12.34 12.89 13.28 13.76 14.05 14.03 13.71 13.24 12.62 12.09 11.42 10.47
6.80 5.96 5.27 5.91 7.69 9.68 11.04 11.68 11.82 11.51 11.02 10.53 10.01 9.42 8.93 8.42 7.84 7.31 7.01 6.86 6.79 6.87 7.11 7.34 7.50 7.61 7.89 8.23 8.57 9.01 9.68 10.51 11.24 11.76 11.97 11.74 11.35 11.16 11.26 11.25 10.75 9.78 8.48 6.96 5.66 5.02 5.09 5.93 7.21 8.26 9.23 9.98 10.28 10.04 9.64 9.67 10.33 10.93 11.13 10.52 9.48 8.47 7.69 7.27 7.49 7.72 7.90 8.05 8.24 8.61 9.24 10.11 11.01 11.60 11.96 12.33 12.64 12.73 12.71 12.52 12.17 11.60 10.93 10.07
6.82 6.58 6.86 8.19 10.00 11.40 11.86 11.64 11.08 10.30 9.72 9.32 8.94 8.75 8.60 8.30 7.85 7.37 7.17 7.26 7.54 8.02 8.52 8.84 9.01 9.14 9.38 9.67 10.04 10.59 11.34 11.99 12.31 12.29 11.92 11.30 10.92 10.70 10.43 9.69 8.57 7.34 6.01 4.93 4.67 5.14 6.15 7.52 8.60 9.67 10.49 10.80 10.75 10.54 10.19 10.21 10.50 10.50 9.95 8.73 7.53 6.52 5.60 5.28 5.43 5.41 5.28 5.54 6.13 6.69 7.60 8.26 8.66 8.81 8.85 9.01 8.94 9.17 9.51 9.72 10.27 10.56 10.49 10.36
8.15 8.71 9.83 10.81 11.62 11.98 11.47 10.50 9.52 8.89 8.56 8.28 8.01 7.88 7.81 7.70 7.53 7.38 7.48 7.88 8.55 9.27 9.83 10.21 10.36 10.53 10.79 11.14 11.58 12.13 12.54 12.48 11.90 10.98 9.91 9.22 9.36 9.21 8.40 7.11 5.85 5.01 4.43 4.52 5.22 6.20 7.49 8.76 9.85 10.71 10.97 10.87 10.58 10.41 10.33 10.21 9.99 9.44 8.28 6.98 5.80 4.66 4.01 4.07 4.30 4.28 4.27 4.64 5.20 5.81 6.50 7.12 7.29 7.08 6.74 6.55 6.68 7.27 7.77 8.09 8.62 9.33 9.91 10.19
9.23 10.01 11.10 11.53 11.64 11.22 10.24 9.22 8.37 8.05 7.91 7.65 7.40 7.23 7.14 7.19 7.28 7.45 7.75 8.13 8.61 9.10 9.61 10.18 10.55 10.93 11.39 11.86 12.22 12.35 12.03 11.10 9.69 8.43 7.59 7.45 7.55 7.00 5.83 4.83 4.19 4.02 4.40 5.40 6.38 7.38 8.58 9.69 10.60 10.89 10.51 9.94 9.60 9.56 9.60 9.48 9.08 8.32 7.10 5.92 4.79 3.82 3.58 3.93 4.26 4.40 4.75 5.40 5.92 6.07 6.24 6.46 6.52 6.26 5.81 5.65 6.15 7.00 7.33 7.38 7.79 8.24 8.77 9.12
9.94 10.33 10.79 10.85 10.56 9.79 8.90 8.22 7.79 7.60 7.42 7.12 6.92 6.78 6.78 6.95 7.22 7.46 7.61 7.65 7.70 7.83 8.21 8.86 9.75 10.52 11.19 11.55 11.46 10.87 9.77 8.28 6.82 5.99 5.75 5.81 5.46 4.73 4.07 3.90 4.10 4.69 5.67 6.66 7.66 8.69 9.57 10.39 10.75 10.42 9.72 9.17 8.86 8.70 8.66 8.62 8.37 7.78 6.76 5.60 4.68 4.31 4.63 5.21 5.55 5.74 6.26 6.67 6.55 6.26 6.13 6.16 6.04 5.74 5.41 5.52 6.14 6.62 6.52 6.50 6.87 7.14 7.51 7.99
10.54 10.07 9.66 9.68 9.08 8.67 8.02 7.47 7.23 7.09 6.86 6.60 6.40 6.36 6.57 6.91 7.24 7.40 7.40 7.33 7.38 7.62 8.13 8.88 9.80 10.47 10.68 10.39 9.60 8.46 7.06 5.81 4.80 4.32 4.28 4.30 4.07 3.84 3.91 4.37 5.14 6.12 7.01 8.00 9.05 9.90 10.49 10.73 10.43 9.72 9.02 8.55 8.21 8.07 8.18 8.26 8.17 7.76 7.01 6.10 5.61 5.80 6.40 6.91 7.19 7.48 7.70 7.34 6.63 6.37 6.44 6.15 5.69 5.47 5.48 5.66 5.97 6.06 5.87 5.97 6.25 6.42 6.73 7.43
10.83 10.04 9.05 8.87 8.68 8.35 8.01 7.53 7.22 7.06 6.82 6.58 6.40 6.45 6.72 7.07 7.41 7.63 7.79 7.97 8.37 9.04 9.82 10.45 10.69 10.47 9.74 8.68 7.44 6.23 5.01 4.16 3.84 3.89 4.00 4.12 4.28 4.58 4.97 5.49 6.24 7.07 8.05 9.21 10.24 10.92 11.13 10.69 9.90 8.98 8.20 7.68 7.53 7.66 8.00 8.27 8.17 7.90 7.63 7.42 7.50 7.96 8.52 8.89 9.06 8.97 8.56 7.93 7.46 7.42 7.11 6.39 5.66 5.65 5.88 5.83 5.82 5.91 5.96 6.04 6.19 6.30 6.55 7.04
11.06 10.22 9.03 8.64 8.48 8.38 8.37 8.20 7.95 7.85 7.73 7.44 7.33 7.39 7.52 7.58 7.76 8.10 8.53 9.03 9.71 10.44 10.86 10.81 10.27 9.31 8.12 6.79 5.48 4.42 3.78 3.66 3.99 4.56 4.90 5.12 5.37 5.75 6.19 6.57 7.06 7.77 8.92 10.15 11.08 11.45 11.16 10.32 9.31 8.33 7.53 7.20 7.31 7.65 8.01 8.05 7.83 7.98 8.30 8.78 9.56 10.42 11.07 11.40 11.13 10.59 9.82 9.23 9.12 8.79 7.72 6.53 6.15 6.50 6.57 6.14 6.05 6.36 6.54 6.52 6.44 6.41 6.56 6.76
10.96 10.02 8.79 8.36 8.20 8.38 8.49 8.54 8.48 8.46 8.40 8.19 8.18 8.27 8.31 8.20 8.09 8.29 8.83 9.51 10.10 10.31 9.95 9.08 8.07 7.11 6.15 5.07 4.06 3.59 3.72 4.44 5.18 5.67 6.04 6.33 6.59 6.86 7.21 7.42 7.80 8.55 9.82 10.88 11.50 11.38 10.63 9.66 8.82 8.13 7.63 7.45 7.59 7.82 7.78 7.54 7.60 8.23 8.90 9.88 11.05 11.96 12.43 12.33 12.43 11.98 11.41 11.01 10.46 9.56 8.36 7.39 7.37 7.59 7.33 6.92 7.10 7.54 7.59 7.24 6.85 6.58 6.50 6.49
10.54 9.90 8.91 8.40 8.21 8.24 8.37 8.50 8.52 8.39 8.10 7.86 7.90 8.05 8.16 8.13 7.98 8.07 8.58 9.14 9.23 8.65 7.63 6.55 5.68 5.00 4.38 3.83 3.58 3.89 4.87 5.94 6.52 6.85 7.08 7.35 7.66 7.91 8.01 8.19 8.65 9.49 10.46 11.19 11.19 10.48 9.47 8.82 8.61 8.46 8.34 8.34 8.21 8.15 7.89 7.74 8.06 8.80 9.46 10.55 11.51 12.20 12.32 12.06 12.05 12.08 12.01 11.98 11.52 10.76 10.17 9.76 9.48 8.94 8.28 8.19 8.70 9.09 8.70 7.90 7.10 6.53 6.18 6.22
10.61 10.27 9.46 8.88 8.65 8.47 8.42 8.47 8.46 8.28 7.92 7.61 7.53 7.52 7.51 7.46 7.52 7.79 8.21 8.19 7.46 6.23 5.08 4.24 3.58 3.10 2.82 2.95 3.67 4.95 6.30 7.11 7.57 7.83 8.03 8.24 8.39 8.41 8.45 8.69 9.34 10.07 10.78 10.95 10.37 9.16 8.46 8.25 8.39 8.79 8.87 8.89 8.91 8.73 8.46 8.35 8.49 9.01 9.68 10.65 11.14 10.99 10.21 9.85 10.15 10.84 11.43 11.92 12.27 12.30 12.33 12.10 11.44 10.65 9.97 9.99 10.19 9.89 8.98 7.66 6.68 6.16 5.96 5.93
10.94 10.35 9.49 9.07 8.94 8.84 8.61 8.47 8.45 8.50 8.45 8.19 7.97 7.68 7.38 7.14 7.24 7.54 7.54 6.78 5.41 4.09 3.14 2.60 2.30 2.19 2.36 2.95 3.99 5.31 6.49 7.11 7.50 7.82 8.15 8.41 8.36 8.32 8.39 8.83 9.55 10.34 10.84 10.58 9.83 8.85 8.29 8.13 8.24 8.54 8.90 9.01 9.20 9.11 8.80 8.42 8.35 8.57 9.28 10.04 10.20 9.47 8.52 8.19 8.42 9.16 10.12 10.95 11.68 12.24 12.66 12.75 12.31 11.84 11.58 11.37 10.70 9.48 8.04 6.86 6.29 6.05 5.82 5.56
10.67 9.75 8.66 8.54 8.66 8.67 8.43 8.17 8.21 8.43 8.60 8.47 8.21 7.87 7.56 7.25 7.21 7.13 6.54 5.34 4.14 3.26 2.74 2.56 2.59 2.79 3.26 3.90 4.59 5.22 5.71 6.08 6.35 6.65 7.00 7.31 7.52 7.71 8.10 8.80 9.53 10.27 10.49 9.93 9.18 8.52 7.99 7.89 7.97 8.13 8.40 8.84 8.99 8.90 8.56 7.98 7.76 7.86 8.59 9.28 9.16 8.20 7.49 7.56 8.01 8.49 8.89 9.26 9.76 10.31 10.77 11.13 11.44 11.61 11.65 11.38 10.20 8.52 7.40 6.89 6.58 6.03 5.45 5.37
9.59 8.91 8.19 8.12 8.03 7.72 7.41 7.35 7.41 7.70 8.01 8.08 7.91 7.67 7.51 7.29 7.10 6.68 5.87 4.98 4.34 4.02 3.91 3.95 4.08 4.39 4.77 5.20 5.54 5.69 5.78 5.77 5.73 5.74 5.87 6.20 6.78 7.26 7.90 8.67 9.32 9.75 9.44 8.30 7.13 6.66 6.69 6.90 7.13 7.61 7.98 8.35 8.50 8.24 7.79 7.33 7.14 7.41 8.03 8.60 8.43 7.52 7.18 7.40 7.88 8.20 8.09 7.85 7.89 8.18 8.21 8.55 9.33 10.14 10.54 10.48 9.79 8.72 7.95 7.53 6.69 5.71 5.35 5.75
8.74 8.76 8.75 8.52 7.83 7.13 6.82 6.74 6.70 6.88 7.27 7.58 7.65 7.55 7.39 7.12 6.84 6.42 5.90 5.52 5.44 5.51 5.64 5.75 5.88 6.06 6.30 6.45 6.59 6.71 6.68 6.41 6.05 5.77 5.74 6.10 6.66 7.17 7.84 8.51 8.96 8.91 7.94 6.20 5.28 5.34 5.80 6.33 6.89 7.35 7.76 8.01 7.88 7.55 7.15 7.00 7.04 7.41 7.82 8.24 8.23 7.84 7.66 7.62 7.62 7.36 6.98 6.79 6.93 7.15 7.22 7.37 7.91 8.61 8.85 9.21 9.56 9.46 8.91 7.95 6.61 5.97 6.32 7.06
9.16 9.57 9.92 9.51 8.74 7.73 7.12 6.78 6.49 6.33 6.46 6.87 7.24 7.39 7.26 6.89 6.62 6.40 6.31 6.49 6.80 7.13 7.42 7.59 7.70 7.65 7.53 7.41 7.31 7.24 7.16 6.93 6.61 6.33 6.23 6.46 6.97 7.47 8.12 8.59 8.63 8.10 6.89 5.62 5.43 6.00 6.76 7.49 7.89 7.93 7.83 7.76 7.48 7.23 7.03 7.06 7.15 7.52 7.79 8.25 8.50 8.42 7.99 7.42 6.89 6.42 6.12 6.15 6.52 6.87 7.01 7.21 7.46 7.76 7.87 8.31 9.14 9.69 9.66 9.04 8.07 7.90 8.47 9.02
9.91 10.29 10.49 9.98 9.24 8.36 7.63 7.04 6.51 6.02 5.77 5.93 6.42 6.82 6.94 6.71 6.53 6.58 6.94 7.56 8.14 8.66 9.07 9.34 9.31 9.10 8.78 8.38 7.95 7.56 7.24 7.03 6.95 7.08 7.31 7.48 7.81 8.31 8.87 9.09 8.89 8.18 7.19 6.80 7.33 8.16 8.92 9.27 9.21 8.57 8.02 7.60 7.40 7.18 7.08 7.13 7.22 7.59 7.97 8.64 8.94 8.68 7.95 7.06 6.32 5.84 5.79 6.01 6.38 6.69 6.81 6.95 7.27 7.34 7.50 7.88 8.54 9.35 10.03 10.60 10.84 10.74 10.65 10.61
