project/data/elevation/US_DEM2016/US_DEM2016_point_10-31-2019_0349_30m_vel.asc
ncols	125
nrows	167
xllcorner	-2042055.000000
yllcorner	1465035.000000
cellsize	30.000000
NODATA_value	-9999.000000
[rows 0 to 37 of 167, columns 0 to 83 of 125]
2.64 2.21 1.65 1.74 2.34 3.29 4.27 5.01 5.32 5.43 5.52 5.73 5.96 5.83 5.54 5.32 5.10 4.88 4.72 4.70 4.75 4.80 4.87 4.98 5.03 4.90 4.63 4.09 3.46 2.85 2.32 1.92 1.65 1.38 1.11 0.97 1.11 1.53 2.04 2.43 2.69 2.87 3.00 3.04 2.92 2.68 2.43 2.45 2.72 3.05 3.31 3.55 3.77 4.00 4.15 4.24 4.14 3.72 3.28 2.94 2.73 2.68 2.85 3.27 3.62 3.75 3.64 3.27 2.72 2.35 2.21 2.23 2.34 2.50 2.66 2.77 2.88 3.16 3.60 3.91 4.08 4.18 4.09 3.90
2.64 2.21 1.65 1.74 2.34 3.29 4.27 5.01 5.32 5.43 5.52 5.73 5.96 5.83 5.54 5.32 5.10 4.88 4.72 4.70 4.75 4.80 4.87 4.98 5.03 4.90 4.63 4.09 3.46 2.85 2.32 1.92 1.65 1.38 1.11 0.97 1.11 1.53 2.04 2.43 2.69 2.87 3.00 3.04 2.92 2.68 2.43 2.45 2.72 3.05 3.31 3.55 3.77 4.00 4.15 4.24 4.14 3.72 3.28 2.94 2.73 2.68 2.85 3.27 3.62 3.75 3.64 3.27 2.72 2.35 2.21 2.23 2.34 2.50 2.66 2.77 2.88 3.16 3.60 3.91 4.08 4.18 4.09 3.90
2.83 2.39 1.83 1.81 2.19 2.87 3.66 4.30 4.70 4.90 5.06 5.28 5.39 5.34 5.16 5.05 4.96 4.86 4.69 4.55 4.54 4.56 4.62 4.70 4.72 4.59 4.24 3.72 3.19 2.73 2.36 2.04 1.76 1.52 1.29 1.12 1.14 1.35 1.69 2.04 2.30 2.50 2.67 2.83 2.94 2.97 2.91 2.87 2.98 3.14 3.29 3.43 3.59 3.71 3.78 3.87 3.93 3.82 3.54 3.15 2.81 2.62 2.68 2.89 3.11 3.27 3.35 3.32 3.14 2.86 2.65 2.54 2.48 2.46 2.47 2.53 2.65 2.88 3.16 3.42 3.56 3.69 3.80 3.85
3.38 2.88 2.24 2.08 2.19 2.48 2.84 3.13 3.36 3.64 4.02 4.24 4.25 4.20 4.24 4.32 4.36 4.44 4.41 4.30 4.26 4.22 4.17 4.11 4.05 3.93 3.66 3.31 2.98 2.73 2.55 2.34 2.14 2.01 1.87 1.68 1.49 1.39 1.38 1.55 1.92 2.27 2.55 2.80 3.08 3.33 3.48 3.47 3.39 3.31 3.26 3.22 3.20 3.14 3.08 3.00 3.08 3.32 3.46 3.43 3.22 2.91 2.65 2.45 2.30 2.32 2.55 2.90 3.16 3.22 3.13 2.92 2.66 2.41 2.23 2.18 2.25 2.36 2.39 2.43 2.63 2.94 3.30 3.64
3.74 3.24 2.60 2.36 2.32 2.39 2.48 2.53 2.51 2.62 2.92 3.21 3.30 3.30 3.41 3.56 3.62 3.73 3.95 4.13 4.17 4.01 3.81 3.60 3.44 3.37 3.33 3.22 3.09 3.00 2.93 2.85 2.79 2.72 2.61 2.40 2.15 1.91 1.69 1.69 1.97 2.36 2.74 3.05 3.23 3.38 3.53 3.63 3.60 3.46 3.33 3.19 3.02 2.80 2.57 2.25 2.09 2.19 2.54 2.98 3.21 3.15 2.84 2.39 2.00 1.76 1.73 1.91 2.21 2.46 2.56 2.51 2.37 2.19 2.04 1.96 1.96 1.95 1.91 1.90 2.10 2.49 2.87 3.14
3.79 3.38 2.83 2.61 2.48 2.39 2.32 2.22 2.13 2.07 2.13 2.41 2.66 2.81 3.04 3.32 3.44 3.44 3.62 3.87 3.91 3.71 3.45 3.20 3.04 3.09 3.19 3.23 3.25 3.29 3.36 3.39 3.37 3.25 3.09 2.91 2.70 2.48 2.23 2.03 1.99 2.11 2.41 2.80 3.07 3.22 3.33 3.47 3.51 3.45 3.36 3.28 3.16 2.84 2.44 2.10 1.94 1.91 2.00 2.20 2.49 2.68 2.60 2.26 1.90 1.61 1.44 1.37 1.40 1.51 1.66 1.75 1.78 1.78 1.76 1.75 1.74 1.72 1.72 1.78 1.92 2.17 2.37 2.43
3.77 3.49 3.10 2.93 2.74 2.47 2.20 1.97 1.86 1.82 1.74 1.85 2.17 2.51 2.86 3.25 3.53 3.51 3.40 3.35 3.31 3.21 3.10 2.98 2.95 3.04 3.14 3.19 3.24 3.37 3.54 3.65 3.63 3.54 3.43 3.33 3.22 3.05 2.78 2.43 2.12 2.00 2.05 2.25 2.50 2.64 2.75 2.86 3.00 3.08 3.17 3.27 3.32 3.28 3.09 2.83 2.73 2.62 2.44 2.24 2.09 2.07 2.08 2.00 1.83 1.65 1.50 1.38 1.33 1.33 1.39 1.49 1.58 1.63 1.65 1.63 1.58 1.56 1.63 1.74 1.84 1.95 1.98 1.85
3.67 3.58 3.46 3.32 3.07 2.62 2.17 1.84 1.73 1.76 1.71 1.64 1.88 2.27 2.61 2.92 3.28 3.36 3.09 2.80 2.65 2.67 2.80 2.91 2.97 3.06 3.14 3.17 3.17 3.28 3.49 3.67 3.78 3.87 3.97 4.09 4.10 3.95 3.65 3.22 2.72 2.27 2.03 1.90 1.86 1.95 2.07 2.20 2.42 2.71 2.94 3.17 3.40 3.67 3.81 3.76 3.53 3.25 2.92 2.54 2.16 1.92 1.87 1.89 1.87 1.78 1.64 1.54 1.51 1.52 1.54 1.60 1.69 1.73 1.73 1.70 1.64 1.60 1.65 1.70 1.73 1.79 1.74 1.57
3.60 3.69 3.85 3.73 3.43 2.97 2.47 2.12 1.98 1.91 1.83 1.80 1.94 2.16 2.29 2.42 2.71 2.90 2.75 2.48 2.30 2.30 2.47 2.69 2.83 2.94 3.11 3.27 3.31 3.30 3.46 3.73 4.04 4.39 4.77 5.04 5.12 5.00 4.74 4.34 3.79 3.15 2.54 2.10 1.90 1.90 2.11 2.33 2.55 2.72 2.82 2.86 2.96 3.21 3.49 3.56 3.39 3.07 2.74 2.44 2.21 2.05 1.98 2.01 2.06 2.04 1.92 1.78 1.69 1.67 1.71 1.76 1.82 1.88 1.95 2.03 2.08 2.11 2.06 1.93 1.83 1.78 1.69 1.81
3.49 3.78 4.10 4.04 3.77 3.43 3.02 2.77 2.67 2.55 2.33 2.17 2.17 2.16 2.07 1.99 2.17 2.47 2.58 2.48 2.32 2.21 2.26 2.45 2.65 2.80 2.99 3.22 3.41 3.51 3.68 3.97 4.35 4.72 5.00 5.17 5.24 5.25 5.21 5.08 4.79 4.30 3.68 3.01 2.51 2.41 2.51 2.72 2.86 2.85 2.72 2.43 2.21 2.06 2.20 2.47 2.59 2.52 2.39 2.26 2.18 2.14 2.08 2.10 2.28 2.45 2.45 2.28 2.01 1.82 1.84 1.98 2.14 2.32 2.50 2.66 2.82 2.95 2.90 2.68 2.43 2.25 2.13 2.06
3.41 3.65 4.11 4.23 4.11 3.96 3.81 3.77 3.70 3.51 3.20 2.86 2.54 2.25 2.00 1.76 1.83 2.24 2.59 2.70 2.61 2.46 2.42 2.52 2.67 2.81 2.90 3.06 3.38 3.75 4.02 4.23 4.39 4.43 4.32 4.17 4.23 4.49 4.79 5.01 5.07 4.92 4.54 3.94 3.28 2.86 2.72 2.80 2.88 2.81 2.58 2.28 1.95 1.67 1.56 1.65 1.91 2.11 2.20 2.23 2.23 2.21 2.18 2.20 2.44 2.81 2.98 2.85 2.50 2.16 2.13 2.39 2.69 2.92 3.13 3.31 3.46 3.51 3.43 3.24 3.03 2.86 2.71 2.53
3.09 3.18 3.67 4.18 4.47 4.59 4.67 4.72 4.67 4.42 4.07 3.66 3.18 2.62 2.16 1.91 1.90 2.23 2.64 2.87 2.88 2.81 2.74 2.73 2.81 2.94 3.06 3.23 3.53 3.85 3.98 3.97 3.82 3.55 3.19 2.96 3.06 3.40 3.78 4.12 4.43 4.67 4.72 4.49 3.98 3.36 3.00 2.87 2.75 2.57 2.34 2.23 2.10 1.84 1.59 1.49 1.63 1.90 2.15 2.31 2.37 2.41 2.48 2.54 2.69 2.95 3.19 3.25 3.06 2.78 2.66 2.85 3.07 3.29 3.45 3.52 3.45 3.26 2.95 2.69 2.52 2.41 2.34 2.30
2.73 2.63 2.88 3.64 4.30 4.69 4.86 4.90 4.88 4.74 4.50 4.19 3.80 3.25 2.73 2.41 2.30 2.36 2.52 2.69 2.82 2.86 2.82 2.79 2.85 2.98 3.14 3.29 3.36 3.34 3.22 2.97 2.63 2.31 2.15 2.18 2.32 2.46 2.59 2.86 3.23 3.67 4.14 4.41 4.33 3.88 3.37 3.00 2.63 2.22 1.98 1.94 1.88 1.77 1.65 1.59 1.67 1.91 2.21 2.47 2.63 2.75 2.86 2.92 2.93 2.97 3.15 3.43 3.54 3.42 3.28 3.30 3.41 3.48 3.40 3.13 2.72 2.26 1.90 1.63 1.42 1.35 1.43 1.59
2.88 2.72 2.66 2.90 3.38 3.84 4.06 4.09 4.06 4.06 4.08 4.05 3.97 3.76 3.43 3.02 2.72 2.50 2.35 2.29 2.43 2.59 2.62 2.60 2.62 2.64 2.67 2.62 2.41 2.15 1.92 1.65 1.46 1.39 1.40 1.51 1.56 1.55 1.60 1.78 2.04 2.40 2.89 3.45 3.86 3.86 3.56 3.15 2.74 2.28 1.92 1.68 1.60 1.63 1.68 1.75 1.86 2.05 2.34 2.69 2.96 3.09 3.14 3.17 3.18 3.19 3.33 3.62 3.85 3.86 3.77 3.72 3.64 3.40 2.97 2.40 1.89 1.64 1.58 1.53 1.45 1.37 1.41 1.51
3.16 3.17 2.91 2.59 2.39 2.46 2.57 2.57 2.50 2.60 2.82 3.10 3.31 3.49 3.53 3.37 3.03 2.67 2.32 2.04 2.04 2.24 2.36 2.33 2.21 2.04 1.86 1.67 1.45 1.24 1.12 1.13 1.24 1.35 1.33 1.20 1.09 1.12 1.22 1.30 1.38 1.52 1.77 2.23 2.85 3.44 3.53 3.35 3.05 2.71 2.25 1.91 1.80 1.86 2.01 2.11 2.15 2.24 2.48 2.86 3.25 3.48 3.57 3.60 3.65 3.75 3.85 3.99 4.15 4.20 4.10 3.92 3.56 2.99 2.44 2.08 1.90 1.84 1.92 2.07 2.17 2.15 2.08 2.06
3.10 3.11 2.92 2.47 1.84 1.42 1.23 1.17 1.19 1.26 1.44 1.68 2.02 2.40 2.84 3.13 3.12 2.84 2.44 2.10 2.02 2.16 2.28 2.22 2.01 1.75 1.51 1.41 1.38 1.31 1.24 1.31 1.56 1.78 1.80 1.68 1.54 1.49 1.56 1.64 1.67 1.70 1.82 2.16 2.71 3.34 3.60 3.56 3.33 3.00 2.66 2.43 2.36 2.46 2.56 2.57 2.52 2.53 2.75 3.15 3.60 4.00 4.23 4.30 4.33 4.42 4.51 4.60 4.71 4.73 4.51 4.03 3.37 2.84 2.58 2.51 2.51 2.46 2.47 2.58 2.73 2.77 2.71 2.77
2.82 2.66 2.46 2.24 1.72 1.24 0.98 0.92 0.97 1.09 1.23 1.38 1.57 1.87 2.24 2.63 2.88 2.88 2.67 2.46 2.39 2.40 2.39 2.32 2.16 1.97 1.81 1.79 1.86 1.88 1.77 1.67 1.78 2.09 2.34 2.45 2.41 2.29 2.22 2.30 2.45 2.62 2.79 3.08 3.44 3.69 3.76 3.76 3.62 3.38 3.10 2.93 2.91 2.98 3.04 3.06 3.01 3.08 3.35 3.74 4.18 4.56 4.84 4.97 4.94 4.88 4.91 5.04 5.21 5.20 4.93 4.40 3.68 3.37 3.39 3.45 3.41 3.27 3.16 3.19 3.25 3.31 3.39 3.52
2.91 2.68 2.39 2.19 2.01 1.80 1.68 1.71 1.87 2.10 2.27 2.38 2.46 2.48 2.47 2.43 2.59 2.80 2.86 2.84 2.78 2.66 2.53 2.45 2.39 2.31 2.25 2.24 2.30 2.43 2.44 2.25 2.14 2.32 2.67 2.98 3.12 3.08 2.95 2.99 3.24 3.49 3.70 3.83 3.83 3.68 3.57 3.66 3.76 3.71 3.49 3.31 3.27 3.34 3.42 3.46 3.53 3.67 3.99 4.34 4.61 4.77 4.91 5.02 5.01 4.89 4.78 4.81 5.01 5.19 5.25 5.19 4.82 4.64 4.74 4.84 4.82 4.65 4.50 4.35 4.20 4.09 4.11 4.11
3.14 3.02 2.74 2.48 2.44 2.58 2.78 3.01 3.29 3.53 3.69 3.75 3.67 3.40 3.00 2.67 2.59 2.76 2.92 2.97 2.95 2.85 2.74 2.67 2.63 2.60 2.57 2.55 2.62 2.83 3.05 3.09 3.01 2.97 3.10 3.42 3.74 3.86 3.85 3.87 3.98 4.09 4.08 3.89 3.49 3.04 2.85 3.08 3.50 3.71 3.76 3.67 3.65 3.69 3.72 3.72 3.82 4.05 4.33 4.49 4.47 4.35 4.26 4.31 4.45 4.51 4.45 4.33 4.33 4.62 5.21 5.69 6.00 6.08 6.14 6.32 6.45 6.45 6.33 6.03 5.64 5.16 4.75 4.39
3.11 3.00 2.76 2.58 2.78 3.20 3.67 4.07 4.37 4.49 4.50 4.41 4.22 3.89 3.51 3.15 2.93 2.90 2.97 3.02 3.05 3.07 3.07 3.05 2.98 2.90 2.88 2.90 2.95 3.13 3.48 3.83 4.05 4.13 4.16 4.27 4.41 4.48 4.52 4.52 4.43 4.21 3.87 3.40 2.86 2.42 2.28 2.49 3.07 3.57 3.89 4.02 4.07 4.01 3.93 3.87 3.99 4.20 4.25 4.14 3.83 3.49 3.27 3.26 3.47 3.75 3.91 3.86 3.71 3.84 4.49 5.30 5.92 6.24 6.47 6.77 7.01 7.09 7.02 6.88 6.57 6.06 5.31 4.55
3.06 2.89 2.65 2.70 3.19 3.79 4.24 4.52 4.64 4.58 4.42 4.26 4.12 3.96 3.79 3.56 3.31 3.13 3.10 3.16 3.24 3.36 3.50 3.59 3.57 3.45 3.43 3.46 3.49 3.62 3.96 4.42 4.79 5.01 5.07 4.97 4.81 4.69 4.61 4.49 4.18 3.71 3.18 2.69 2.37 2.22 2.21 2.47 3.01 3.59 4.08 4.40 4.50 4.41 4.24 4.15 4.18 4.10 3.89 3.50 3.02 2.59 2.27 2.10 2.23 2.43 2.65 2.78 2.77 2.88 3.24 3.85 4.52 5.03 5.41 5.75 5.96 6.05 6.16 6.25 6.37 6.20 5.74 4.89
3.44 3.25 3.15 3.49 3.98 4.31 4.42 4.39 4.27 4.03 3.84 3.72 3.64 3.65 3.67 3.60 3.44 3.28 3.25 3.37 3.58 3.85 4.11 4.28 4.35 4.31 4.27 4.28 4.34 4.45 4.68 4.92 5.06 5.07 4.95 4.72 4.49 4.27 4.06 3.74 3.31 2.86 2.48 2.25 2.18 2.28 2.51 2.90 3.30 3.79 4.22 4.49 4.64 4.74 4.64 4.45 4.21 3.86 3.40 2.80 2.25 1.78 1.34 1.07 1.00 0.99 1.03 1.22 1.48 1.68 2.02 2.33 2.67 3.00 3.31 3.65 3.70 3.84 4.11 4.41 5.10 5.73 5.88 5.51
3.72 3.89 4.27 4.52 4.58 4.49 4.22 3.92 3.64 3.45 3.35 3.26 3.20 3.21 3.27 3.35 3.35 3.32 3.38 3.56 3.87 4.21 4.50 4.74 4.87 4.94 4.97 5.01 5.08 5.15 5.14 4.99 4.72 4.38 4.00 3.71 3.61 3.43 3.14 2.75 2.38 2.20 2.14 2.18 2.31 2.52 2.84 3.19 3.54 3.88 4.08 4.23 4.40 4.61 4.70 4.51 4.10 3.55 2.95 2.36 1.82 1.29 0.91 0.64 0.47 0.42 0.45 0.58 0.83 1.16 1.42 1.57 1.60 1.63 1.66 1.88 2.08 2.39 2.73 3.09 3.78 4.74 5.47 5.59
3.69 4.13 4.70 4.79 4.60 4.27 3.85 3.52 3.20 3.08 3.04 2.97 2.92 2.91 2.95 3.08 3.21 3.31 3.42 3.50 3.62 3.79 4.04 4.37 4.65 4.88 5.04 5.15 5.19 5.10 4.83 4.34 3.74 3.29 2.98 2.81 2.67 2.46 2.23 2.08 1.99 2.00 2.11 2.34 2.59 2.83 3.11 3.36 3.60 3.71 3.67 3.67 3.80 4.04 4.25 4.24 3.95 3.47 2.91 2.43 1.99 1.54 1.21 0.95 0.77 0.70 0.76 0.90 1.07 1.18 1.28 1.36 1.30 1.12 1.02 1.10 1.41 1.81 2.10 2.35 2.83 3.58 4.50 5.05
3.62 3.93 4.35 4.42 4.23 3.86 3.49 3.22 3.00 2.88 2.80 2.71 2.67 2.68 2.75 2.92 3.11 3.26 3.32 3.24 3.10 3.04 3.16 3.47 3.92 4.32 4.60 4.72 4.63 4.34 3.85 3.24 2.66 2.33 2.16 2.02 1.82 1.74 1.76 1.83 1.97 2.16 2.42 2.65 2.93 3.25 3.46 3.58 3.57 3.43 3.30 3.29 3.37 3.52 3.70 3.86 3.88 3.69 3.29 2.87 2.52 2.23 2.01 1.84 1.69 1.60 1.64 1.63 1.48 1.30 1.19 1.21 1.19 1.04 0.91 0.99 1.18 1.32 1.44 1.65 1.99 2.47 3.34 4.31
3.64 3.57 3.67 3.86 3.87 3.68 3.36 3.03 2.84 2.70 2.59 2.52 2.47 2.51 2.66 2.87 3.09 3.24 3.28 3.20 3.10 3.08 3.19 3.44 3.78 4.02 4.08 3.99 3.73 3.35 2.87 2.45 2.09 1.84 1.66 1.55 1.54 1.63 1.74 1.87 2.15 2.52 2.78 3.03 3.35 3.64 3.80 3.77 3.53 3.24 3.04 2.98 3.02 3.16 3.38 3.62 3.86 3.97 3.84 3.52 3.23 3.05 2.93 2.83 2.72 2.64 2.52 2.22 1.82 1.58 1.43 1.23 1.07 0.98 0.96 1.06 1.17 1.09 1.03 1.19 1.39 1.70 2.37 3.44
3.66 3.42 3.23 3.39 3.65 3.81 3.69 3.32 3.03 2.85 2.71 2.65 2.63 2.66 2.79 3.01 3.17 3.35 3.48 3.55 3.64 3.80 3.99 4.11 4.07 3.86 3.54 3.20 2.87 2.60 2.36 2.17 2.01 1.90 1.79 1.70 1.74 1.94 2.08 2.17 2.38 2.69 3.02 3.37 3.68 3.92 3.97 3.83 3.53 3.14 2.79 2.60 2.66 2.88 3.18 3.51 3.83 4.12 4.26 4.22 4.10 4.02 4.00 3.95 3.84 3.64 3.31 2.94 2.64 2.42 2.09 1.68 1.31 1.16 1.11 1.11 1.13 1.10 1.13 1.21 1.25 1.35 1.73 2.51
3.62 3.35 3.05 3.10 3.41 3.83 4.06 3.93 3.64 3.44 3.31 3.21 3.21 3.22 3.23 3.24 3.31 3.47 3.69 3.91 4.10 4.24 4.26 4.11 3.77 3.30 2.85 2.50 2.24 2.16 2.20 2.19 2.16 2.21 2.27 2.26 2.24 2.36 2.55 2.60 2.64 2.81 3.17 3.54 3.84 3.99 3.95 3.80 3.58 3.22 2.75 2.46 2.49 2.72 3.01 3.32 3.65 4.05 4.38 4.58 4.75 4.93 5.15 5.29 5.17 4.86 4.41 4.03 3.83 3.51 2.93 2.30 1.93 1.79 1.62 1.39 1.28 1.30 1.35 1.37 1.35 1.33 1.43 1.80
3.43 3.14 2.82 2.82 3.02 3.54 4.02 4.20 4.06 3.86 3.73 3.60 3.58 3.61 3.60 3.49 3.39 3.43 3.62 3.86 3.97 3.90 3.62 3.21 2.80 2.44 2.17 2.02 1.96 2.01 2.15 2.36 2.53 2.60 2.71 2.81 2.82 2.82 2.96 3.02 3.00 3.08 3.36 3.62 3.81 3.83 3.70 3.61 3.61 3.51 3.18 2.77 2.61 2.69 2.79 3.04 3.46 3.93 4.28 4.59 4.88 5.19 5.54 5.81 6.00 5.94 5.64 5.28 4.89 4.41 3.83 3.28 2.97 2.71 2.37 2.08 1.97 1.94 1.84 1.65 1.47 1.39 1.36 1.39
3.29 3.11 2.83 2.73 2.79 3.10 3.66 4.09 4.16 3.95 3.68 3.43 3.34 3.36 3.41 3.40 3.27 3.27 3.35 3.37 3.25 2.96 2.55 2.16 1.87 1.68 1.64 1.72 1.80 1.96 2.29 2.65 2.90 3.03 3.10 3.20 3.30 3.32 3.32 3.36 3.39 3.44 3.52 3.60 3.56 3.39 3.21 3.25 3.52 3.77 3.75 3.45 3.06 2.90 2.89 3.08 3.47 3.89 4.15 4.37 4.53 4.81 5.11 5.40 5.79 6.05 6.10 6.06 5.83 5.50 5.22 4.93 4.53 3.92 3.31 3.06 2.99 2.88 2.54 2.11 1.67 1.40 1.26 1.21
3.45 3.39 3.16 2.93 2.86 2.94 3.30 3.83 4.15 4.11 3.79 3.43 3.19 3.06 3.05 3.19 3.09 3.12 3.05 2.77 2.34 1.94 1.64 1.44 1.32 1.28 1.33 1.36 1.45 1.84 2.34 2.71 3.00 3.22 3.36 3.46 3.54 3.55 3.51 3.51 3.58 3.60 3.60 3.47 3.21 2.88 2.77 2.90 3.22 3.70 3.97 3.92 3.63 3.36 3.28 3.34 3.49 3.73 3.90 3.99 3.97 3.95 3.92 4.10 4.57 5.16 5.66 6.05 6.32 6.40 6.44 6.34 5.99 5.42 4.73 4.31 4.01 3.59 3.01 2.32 1.77 1.43 1.23 1.13
3.53 3.37 3.15 3.00 2.93 2.93 3.09 3.52 4.03 4.30 4.24 3.92 3.58 3.27 3.08 3.01 3.00 2.95 2.68 2.20 1.75 1.51 1.43 1.37 1.28 1.24 1.24 1.13 1.08 1.36 1.80 2.15 2.48 2.80 3.07 3.26 3.32 3.36 3.38 3.42 3.49 3.54 3.55 3.41 3.17 2.86 2.69 2.73 2.91 3.26 3.71 3.94 3.92 3.70 3.51 3.38 3.32 3.36 3.44 3.39 3.29 3.13 3.02 3.08 3.37 3.90 4.61 5.28 5.83 6.18 6.45 6.61 6.55 6.34 5.97 5.43 4.71 3.87 3.05 2.40 1.96 1.66 1.38 1.12
3.18 2.81 2.47 2.52 2.64 2.72 2.79 3.06 3.61 4.11 4.34 4.22 3.88 3.54 3.29 3.09 2.95 2.71 2.33 1.98 1.81 1.88 1.69 1.64 1.48 1.43 1.46 1.36 1.15 1.06 1.12 1.30 1.57 1.88 2.21 2.48 2.69 2.87 3.05 3.20 3.25 3.26 3.22 3.11 2.98 2.79 2.56 2.50 2.59 2.79 3.16 3.61 3.78 3.69 3.45 3.18 3.02 2.95 2.97 2.86 2.68 2.46 2.38 2.54 2.84 3.18 3.60 4.06 4.52 4.89 5.21 5.55 5.89 6.11 6.13 5.91 5.19 4.12 3.27 2.80 2.46 2.03 1.60 1.34
2.63 2.29 1.96 2.02 2.16 2.22 2.21 2.38 2.83 3.44 3.91 4.08 3.91 3.59 3.34 3.10 2.84 2.54 2.31 2.56 2.24 2.30 2.31 2.23 2.10 2.10 2.10 2.01 1.75 1.45 1.31 1.28 1.30 1.38 1.57 1.87 2.23 2.50 2.75 2.95 2.96 2.86 2.60 2.29 2.00 1.88 1.89 1.97 2.12 2.38 2.69 3.09 3.40 3.40 3.20 2.97 2.82 2.76 2.71 2.58 2.33 2.05 2.07 2.26 2.55 2.76 2.92 3.08 3.28 3.53 3.61 3.90 4.43 4.99 5.45 5.78 5.68 4.99 4.08 3.45 2.90 2.40 2.02 1.82
2.67 2.49 2.31 2.24 2.10 1.97 1.90 1.92 2.13 2.62 3.25 3.72 3.85 3.64 3.35 3.07 2.81 2.61 2.88 2.66 2.85 2.99 3.08 3.07 3.00 2.95 2.90 2.75 2.51 2.23 2.02 1.88 1.74 1.62 1.63 1.81 2.09 2.33 2.57 2.74 2.74 2.55 2.12 1.58 1.29 1.27 1.43 1.69 1.97 2.22 2.42 2.66 2.97 3.10 2.98 2.90 2.84 2.82 2.73 2.63 2.44 2.19 2.15 2.20 2.28 2.25 2.24 2.37 2.55 2.75 2.84 2.95 3.29 3.84 4.36 5.09 5.70 5.72 5.13 4.20 3.37 2.96 2.81 2.72
3.10 3.11 3.13 3.01 2.75 2.38 2.10 1.94 1.86 2.00 2.46 3.10 3.56 3.63 3.38 3.06 2.85 2.79 2.91 3.13 3.41 3.65 3.86 3.97 3.98 3.87 3.69 3.45 3.14 2.77 2.46 2.30 2.25 2.18 2.07 2.05 2.19 2.40 2.64 2.80 2.79 2.56 2.17 1.74 1.59 1.70 1.95 2.22 2.37 2.43 2.42 2.44 2.69 2.94 2.95 2.92 2.88 2.87 2.82 2.84 2.78 2.58 2.34 2.07 1.89 1.76 1.69 1.82 2.07 2.34 2.52 2.65 2.77 3.11 3.53 4.16 5.08 5.74 5.83 5.36 4.61 4.27 4.13 3.93
3.30 3.45 3.56 3.45 3.22 2.88 2.50 2.15 1.88 1.71 1.81 2.25 2.89 3.31 3.33 3.06 2.85 2.88 3.11 3.47 3.80 4.13 4.43 4.65 4.70 4.63 4.46 4.20 3.81 3.29 2.77 2.49 2.47 2.61 2.74 2.72 2.70 2.81 3.01 3.17 3.22 3.13 2.87 2.62 2.61 2.78 3.01 3.09 3.00 2.70 2.51 2.41 2.56 2.84 2.96 2.93 2.87 2.88 2.89 3.01 3.02 2.86 2.50 2.03 1.66 1.48 1.45 1.54 1.73 1.93 2.19 2.38 2.49 2.66 3.00 3.43 4.14 5.12 5.87 6.25 6.24 5.96 5.53 5.08
3.29 3.42 3.45 3.30 3.09 2.82 2.56 2.25 1.91 1.61 1.50 1.66 2.12 2.73 3.05 2.99 2.81 2.82 3.06 3.40 3.72 4.02 4.30 4.54 4.68 4.74 4.74 4.67 4.43 3.97 3.37 2.85 2.65 2.78 2.98 3.14 3.23 3.31 3.41 3.60 3.85 4.03 4.10 3.93 3.78 3.76 3.73 3.50 3.18 2.82 2.56 2.48 2.46 2.72 2.91 2.92 2.88 2.93 2.96 3.05 3.09 3.03 2.77 2.34 1.87 1.57 1.46 1.47 1.55 1.64 1.84 2.02 2.17 2.37 2.62 2.92 3.41 4.20 5.21 6.01 6.52 6.54 6.19 5.65
