project/data/elevation/US_DEM2016/US_DEM2016_point_10-30-2019_1134_30m_vel.asc
ncols	125
nrows	167
xllcorner	-2042055.000000
yllcorner	1465035.000000
cellsize	30.000000
NODATA_value	-9999.000000
[rows 70 to 104 of 167, columns 0 to 78 of 125]
11.74 11.05 10.06 9.82 9.68 9.49 9.20 8.70 7.93 7.20 6.99 7.74 9.44 11.42 13.05 13.92 14.09 13.74 13.21 12.91 12.91 13.17 13.64 14.46 14.87 14.44 13.38 12.04 10.79 10.03 9.80 10.01 10.56 11.00 11.24 11.28 11.24 11.41 11.84 12.15 12.01 11.59 11.20 11.06 10.93 10.30 9.31 8.03 7.30 7.35 8.00 9.05 10.00 10.34 10.14 9.40 8.11 6.97 6.49 6.37 6.10 5.89 6.07 6.50 6.86 7.09 7.29 7.05 6.42 5.77 5.46 5.25 4.91 4.43 4.10 4.15 4.41 4.79 5.35
11.65 11.00 10.13 9.88 9.79 9.69 9.54 9.34 8.85 8.03 7.23 7.12 8.02 9.53 11.24 12.68 13.59 14.17 14.20 14.22 14.34 14.52 15.24 15.40 15.11 14.23 13.06 11.80 10.54 9.70 9.26 9.25 9.49 9.93 10.48 10.95 11.19 11.34 11.60 11.89 11.60 11.08 10.73 10.68 10.51 9.50 8.54 8.14 8.68 9.72 10.67 11.23 11.30 10.81 10.03 9.19 8.46 7.91 7.52 7.11 6.72 6.47 6.46 6.80 7.83 8.91 9.59 9.59 9.18 8.78 8.38 7.73 6.63 5.70 5.22 5.28 5.79 6.53 7.35
11.61 10.95 10.19 9.96 9.95 9.96 10.02 10.26 10.52 10.46 9.90 9.28 9.24 9.74 10.60 11.93 13.16 14.35 14.96 15.40 15.92 16.09 16.32 15.92 15.22 14.13 13.26 12.55 11.66 11.24 11.08 10.89 10.42 10.19 10.39 10.75 10.98 11.17 11.29 11.07 10.59 10.15 10.01 10.08 10.14 9.99 10.34 11.30 12.30 12.89 13.02 12.64 11.92 11.07 10.62 10.57 10.58 10.55 10.35 10.04 9.84 9.93 10.26 10.97 11.83 12.23 11.91 11.36 10.79 10.20 9.38 8.26 7.03 6.43 6.43 6.89 7.53 8.47 9.85
11.50 10.88 10.21 10.06 10.19 10.31 10.52 11.03 11.81 12.51 12.77 12.68 12.40 11.96 11.87 12.51 13.62 15.08 16.07 16.67 17.23 17.24 16.59 15.75 14.68 13.92 13.63 13.46 13.11 12.78 12.60 12.46 12.01 11.66 11.41 11.25 11.22 11.16 10.86 10.31 10.02 10.19 10.33 10.58 10.98 11.56 12.36 13.16 13.51 13.29 12.90 12.38 11.86 11.36 11.22 11.43 11.59 11.84 12.11 12.39 12.65 13.08 13.53 13.79 13.51 12.69 11.49 10.79 10.19 9.27 8.21 7.32 6.83 6.91 7.53 8.48 9.55 11.04 13.36
11.46 10.97 10.37 10.31 10.48 10.58 10.70 11.30 12.53 13.87 14.84 15.27 15.22 14.76 14.23 14.20 14.96 16.23 17.06 17.05 17.56 16.87 15.75 14.79 13.69 13.32 13.46 13.65 13.54 13.20 12.83 12.58 12.20 11.91 11.54 11.28 11.19 10.96 10.63 10.52 10.76 10.96 11.01 11.22 11.52 11.65 11.69 11.60 11.13 10.67 10.45 10.61 10.97 11.18 11.07 11.04 11.21 11.55 12.02 12.55 13.13 13.71 13.78 13.17 11.73 10.02 8.96 8.93 8.83 8.14 7.44 7.20 7.37 7.93 8.99 10.27 11.74 13.76 16.41
11.51 11.11 10.66 10.68 10.85 10.94 11.16 12.07 13.68 14.85 15.37 15.49 15.53 15.58 15.62 15.96 16.65 17.34 17.31 16.89 16.46 15.88 14.90 13.74 12.86 12.50 12.50 12.84 13.07 12.97 12.59 12.08 11.22 10.58 10.34 10.49 10.71 10.71 10.57 10.47 10.40 10.49 10.70 10.96 11.02 10.56 10.00 9.29 8.96 8.79 8.81 9.19 9.79 10.22 10.39 10.57 10.84 11.01 11.22 11.60 12.21 12.58 12.02 10.39 8.50 7.33 7.13 7.68 8.26 8.32 8.12 8.21 8.76 9.78 11.22 12.76 14.46 16.47 18.02
11.61 11.31 11.03 11.11 11.39 11.84 12.72 13.78 14.30 14.07 13.51 13.19 13.60 14.64 15.61 16.53 17.23 17.13 16.39 15.47 14.79 14.19 13.59 13.01 12.53 12.21 11.91 12.01 12.40 12.64 12.53 12.10 11.18 10.48 10.41 10.62 10.72 10.47 10.01 9.57 9.40 9.74 10.37 10.58 10.49 10.21 9.99 9.62 9.35 9.34 9.39 9.39 9.34 9.50 9.94 10.40 10.76 10.80 10.88 11.14 11.36 10.92 9.54 8.06 7.21 7.04 7.51 8.07 8.81 9.58 10.15 10.80 12.03 13.57 15.05 16.63 18.17 19.08 18.72
11.70 11.37 11.15 11.29 11.72 12.61 13.34 13.45 12.71 11.46 10.70 11.00 12.18 13.82 15.24 16.25 16.29 16.23 15.21 14.16 13.44 13.01 12.71 12.51 12.31 12.08 11.72 11.67 11.94 12.40 12.76 12.80 12.38 12.10 11.95 11.71 11.20 10.43 9.80 9.57 9.81 10.21 10.40 10.14 9.90 9.72 9.67 9.45 9.18 9.04 8.96 8.88 8.81 9.20 9.87 10.51 10.96 11.17 11.33 11.36 10.89 9.65 8.40 8.04 8.36 8.99 9.46 9.98 10.94 12.42 13.45 14.66 16.36 17.92 19.04 19.93 20.30 19.71 17.94
11.59 10.98 10.59 10.83 11.20 11.79 11.89 11.29 10.52 10.15 10.39 11.29 12.73 14.37 15.57 16.19 16.05 15.26 14.25 13.34 12.67 12.21 11.96 11.85 11.73 11.50 11.22 11.26 11.46 11.87 12.51 13.03 13.17 13.03 12.74 12.20 11.40 10.52 10.09 9.99 9.95 9.72 9.36 8.99 8.72 8.43 7.97 7.53 7.38 7.38 7.50 7.84 8.53 9.44 10.24 10.88 11.42 11.64 11.54 11.02 10.06 8.93 8.57 9.19 10.34 11.19 11.95 13.12 14.72 15.69 16.46 17.54 19.09 19.52 19.36 19.86 19.00 17.57 16.28
11.30 10.43 9.87 10.14 10.31 10.49 10.55 10.57 10.88 11.47 12.23 13.25 14.62 15.81 16.40 16.27 15.54 14.51 13.57 12.78 12.09 11.56 11.22 11.08 10.91 10.61 10.32 10.34 10.31 10.55 10.97 11.84 12.42 12.50 12.24 11.76 11.08 10.35 9.83 9.34 8.80 8.27 7.97 8.02 7.93 7.61 7.12 6.87 7.14 7.69 8.37 9.24 10.23 10.89 11.13 11.18 11.11 10.70 9.92 8.99 8.29 8.23 8.88 10.26 11.82 13.25 14.88 16.33 16.93 17.14 17.27 17.69 17.74 18.34 17.77 16.95 15.35 14.49 13.93
10.92 10.19 9.84 10.27 10.51 10.67 10.96 11.53 12.38 13.13 14.01 15.15 16.35 16.80 16.54 15.61 14.41 13.33 12.48 11.82 11.25 10.83 10.54 10.30 10.10 9.83 9.42 8.94 8.39 8.41 8.61 9.36 10.37 11.07 11.24 11.07 10.68 10.36 9.92 9.36 8.93 8.73 8.78 9.02 8.93 8.70 8.48 8.61 9.10 9.91 10.78 11.46 11.84 11.89 11.44 11.01 10.38 9.56 8.76 8.20 8.13 8.72 9.87 11.56 13.34 15.20 16.64 16.94 16.47 15.99 15.83 15.82 15.62 14.82 14.18 13.84 13.44 12.94 12.50
10.66 10.34 10.40 11.04 11.46 11.68 11.97 12.56 13.37 14.24 15.25 16.22 16.74 16.46 15.44 14.10 12.86 11.71 10.92 10.33 9.97 9.88 9.88 9.71 9.58 9.34 8.75 7.64 6.76 6.46 6.39 6.80 7.84 9.15 10.00 10.52 10.69 10.97 11.00 10.98 11.06 11.24 11.46 11.40 11.13 10.88 10.77 11.05 11.54 11.75 11.76 11.66 11.54 11.32 11.17 11.02 10.86 10.90 10.88 10.75 10.81 11.22 12.07 13.45 14.90 16.04 16.05 14.88 14.03 14.00 14.15 14.07 13.67 12.83 12.51 12.48 12.58 12.60 12.24
10.91 10.87 10.94 11.20 11.55 11.97 12.51 13.19 14.05 14.96 15.80 16.23 15.95 14.95 13.64 12.54 11.58 10.62 9.76 9.22 9.03 8.94 8.81 8.93 9.10 9.04 8.62 7.66 6.31 5.71 5.60 6.08 6.85 7.69 8.84 9.95 10.63 11.24 11.66 12.17 12.69 13.07 13.15 12.84 12.47 12.29 12.26 12.37 12.45 12.03 11.45 11.28 11.48 11.62 11.50 11.48 11.70 12.22 12.54 12.74 12.97 13.35 14.00 14.80 15.60 15.52 14.28 13.05 12.79 13.19 13.43 13.21 12.55 12.06 11.90 11.94 12.11 12.36 12.15
11.38 11.43 11.28 11.04 11.26 11.93 12.74 13.63 14.51 15.21 15.58 15.43 14.64 13.47 12.37 11.52 10.77 10.01 9.25 8.71 8.37 8.04 7.77 7.93 8.44 8.82 8.96 8.77 7.95 7.37 7.40 7.83 7.93 8.08 8.59 9.50 10.19 10.81 11.54 12.38 12.95 13.04 12.83 12.45 12.26 12.35 12.48 12.49 12.43 12.20 12.21 12.45 12.57 12.39 11.90 11.77 11.84 12.06 12.51 13.03 13.61 14.11 14.63 14.98 15.03 14.31 13.21 12.93 13.16 13.26 13.07 12.47 11.55 10.79 10.41 10.60 10.97 11.26 11.42
11.47 11.53 11.47 11.37 11.64 12.31 13.11 13.97 14.62 14.92 14.83 14.28 13.35 12.33 11.47 10.72 10.02 9.35 8.73 8.17 7.64 7.20 7.07 7.42 8.25 9.12 9.87 10.58 11.12 11.27 11.16 10.75 10.19 9.76 9.57 9.74 10.34 11.22 12.11 12.60 12.39 11.88 11.63 11.75 11.88 12.18 12.54 12.89 13.32 13.69 13.68 13.45 12.98 12.47 11.98 11.86 11.93 12.23 12.84 13.37 13.87 14.20 14.35 14.27 13.90 13.27 12.84 13.11 13.22 12.96 12.39 11.32 10.28 9.10 8.26 8.26 8.69 9.13 9.60
11.38 11.43 11.60 11.90 12.40 13.01 13.57 14.03 14.33 14.30 13.94 13.24 12.34 11.46 10.68 9.92 9.12 8.33 7.67 7.22 7.00 7.10 7.56 8.36 9.39 10.30 11.19 12.13 13.09 13.66 13.63 12.98 12.09 11.38 10.99 10.84 11.56 12.60 12.75 12.20 11.34 10.99 11.32 11.79 12.01 12.43 13.18 13.88 14.48 14.81 14.57 13.84 13.11 12.60 12.10 12.01 12.27 12.74 13.15 13.29 13.37 13.37 13.34 13.31 12.98 12.59 12.31 12.43 12.30 12.01 11.65 10.67 10.07 8.85 7.59 7.14 6.91 6.80 7.02
11.46 11.57 11.87 12.39 12.99 13.36 13.44 13.47 13.63 13.61 13.24 12.54 11.66 10.77 9.92 9.00 7.98 7.06 6.60 6.62 7.01 7.82 8.81 9.79 10.75 11.52 12.11 12.61 13.14 13.61 13.76 13.64 13.13 12.44 11.99 11.89 12.33 12.58 11.89 10.94 10.49 10.64 10.94 11.21 11.49 12.22 13.13 13.78 14.13 14.39 14.44 14.13 13.67 13.14 12.47 12.23 12.31 12.31 12.23 12.20 12.03 11.95 12.17 12.49 12.46 12.15 11.69 11.41 11.23 11.18 11.18 11.27 11.24 10.80 9.49 8.13 7.02 6.22 5.77
11.60 11.73 12.01 12.38 12.63 12.57 12.48 12.64 13.03 13.23 12.84 12.05 11.09 10.06 8.90 7.78 7.02 6.80 7.09 7.49 7.96 8.62 9.47 10.42 11.32 11.93 12.16 12.15 12.11 12.14 12.55 13.13 13.45 13.32 12.96 12.49 11.92 11.13 10.38 10.11 10.05 9.97 9.78 9.86 10.54 11.48 12.20 12.23 12.10 12.27 12.49 12.80 12.99 12.97 12.72 12.36 11.98 11.56 11.34 11.29 11.28 11.50 11.94 12.27 12.29 11.94 11.49 11.13 10.89 10.99 11.32 11.81 12.32 12.71 12.64 11.47 10.08 8.78 7.92
11.60 11.66 11.75 11.79 11.66 11.59 11.96 12.72 13.26 13.18 12.45 11.41 10.32 9.10 7.90 7.37 7.63 8.50 9.02 9.26 9.35 9.56 10.08 10.77 11.32 11.55 11.46 11.32 11.33 11.35 11.66 12.29 13.04 13.43 13.42 12.79 11.49 10.36 9.81 9.84 9.70 9.48 9.41 9.70 10.28 10.81 10.92 10.20 9.39 9.02 9.19 9.55 10.10 10.80 11.25 11.53 11.53 11.42 11.41 11.56 11.81 12.06 12.17 12.12 12.02 11.79 11.45 11.20 11.05 11.25 11.73 12.11 12.56 13.25 13.98 14.17 13.73 13.00 12.23
11.55 11.54 11.54 11.55 11.55 11.93 12.73 13.41 13.47 12.78 11.55 10.19 8.96 7.84 7.35 7.68 8.63 9.50 9.99 10.26 10.40 10.58 10.86 11.00 10.80 10.43 10.21 10.43 10.97 11.41 11.61 11.76 12.02 12.47 12.78 12.64 11.61 10.66 10.07 9.99 9.98 10.12 10.25 10.34 10.42 10.43 10.08 8.97 7.69 7.18 7.10 7.23 7.65 8.58 9.70 10.64 11.23 11.55 11.80 12.12 12.33 12.16 11.80 11.54 11.53 11.46 11.19 11.10 11.16 11.39 11.69 11.86 12.00 12.39 13.09 13.94 14.46 14.66 14.61
11.59 11.56 11.62 11.84 12.20 12.86 13.45 13.49 12.79 11.47 9.89 8.24 6.90 6.24 6.26 6.82 7.47 8.17 9.06 9.86 10.53 10.95 10.98 10.47 9.66 9.13 9.22 9.76 10.25 10.54 10.71 10.73 10.79 11.20 11.86 12.25 11.81 11.16 10.67 10.69 10.83 11.00 11.03 11.05 10.99 10.85 10.51 9.75 8.83 8.21 8.08 8.43 9.27 10.26 11.04 11.39 11.54 11.66 11.83 11.96 11.86 11.41 11.03 10.96 11.09 11.00 10.66 10.70 10.90 11.02 11.08 11.18 10.96 10.61 10.72 11.36 12.34 13.15 13.79
11.65 11.64 11.75 12.12 12.70 13.26 13.32 12.64 11.26 9.49 7.84 6.47 5.62 5.26 5.20 5.35 5.76 6.43 7.31 8.38 9.34 9.99 9.98 9.51 9.08 8.98 9.15 9.33 9.15 8.86 8.86 9.02 9.39 10.05 10.95 11.67 11.68 11.22 10.93 11.15 11.32 11.44 11.61 12.05 12.20 12.16 12.00 11.76 11.63 11.49 11.25 11.72 12.51 12.98 12.92 12.30 11.79 11.54 11.37 11.11 10.77 10.45 10.26 10.40 10.57 10.42 10.08 10.17 10.31 10.32 10.31 10.30 9.89 9.20 8.86 9.10 9.74 10.38 11.07
11.70 11.73 11.89 12.36 12.94 13.09 12.45 11.09 9.37 7.77 6.57 5.89 5.64 5.63 5.66 5.66 5.82 6.17 6.67 7.37 8.11 8.59 8.81 9.10 9.47 9.73 9.86 9.71 9.37 9.12 9.03 9.12 9.46 9.88 10.30 10.82 11.12 11.03 11.02 11.37 11.61 11.90 12.40 13.16 13.42 13.39 13.25 13.19 13.39 13.75 13.98 14.00 13.78 13.13 12.30 11.79 11.53 11.24 10.75 10.15 9.59 9.35 9.41 9.73 10.11 10.23 10.13 10.09 9.98 9.86 9.80 9.76 9.41 8.72 8.13 7.89 8.18 8.44 8.61
11.78 11.85 12.06 12.47 12.65 12.13 10.83 9.20 7.74 6.75 6.21 6.06 6.24 6.68 7.11 7.44 7.57 7.63 7.93 8.49 9.02 9.33 9.56 9.85 10.10 10.45 11.07 11.58 11.84 11.87 11.73 11.65 11.64 11.43 10.68 10.36 10.68 11.06 11.52 12.00 12.34 12.81 13.42 13.98 13.94 13.70 13.52 13.53 13.80 14.26 14.49 14.30 13.57 12.41 11.55 11.48 11.43 11.05 10.35 9.55 8.95 8.77 9.12 9.76 10.44 10.82 10.83 10.58 10.12 9.85 9.69 9.67 9.38 8.58 7.55 6.69 6.51 6.50 6.40
11.82 11.88 11.98 11.95 11.36 10.09 8.51 7.23 6.43 6.07 6.16 6.55 7.10 7.77 8.61 9.51 10.19 10.63 11.12 11.67 12.05 12.09 11.79 11.23 10.78 11.02 12.03 12.85 13.21 13.17 12.98 12.74 12.40 11.82 10.80 10.37 10.73 11.48 12.30 12.87 13.26 13.61 13.88 13.92 13.52 13.19 13.17 13.40 13.78 14.09 13.95 13.72 13.58 13.40 12.94 12.32 11.70 11.12 10.60 10.14 9.86 9.81 10.14 10.69 11.16 11.29 11.05 10.69 10.26 10.20 10.22 10.05 9.46 8.22 6.68 5.45 5.02 4.81 4.71
11.82 11.82 11.61 10.96 9.70 8.19 6.95 6.19 5.93 6.13 6.76 7.63 8.54 9.47 10.50 11.65 12.61 13.48 14.19 14.44 14.19 13.54 12.58 11.70 11.24 11.53 12.21 12.26 11.75 11.32 10.94 10.71 10.56 10.35 10.23 10.56 11.20 12.02 12.85 13.32 13.49 13.47 13.21 12.79 12.53 12.40 12.59 12.95 13.36 13.65 13.50 13.33 13.40 13.56 13.42 12.67 11.84 11.24 10.90 10.76 10.81 11.05 11.28 11.55 11.64 11.39 10.85 10.56 10.58 11.06 11.24 10.77 9.78 8.20 6.42 5.32 4.90 4.54 4.34
11.86 11.76 11.27 10.38 9.35 8.42 7.70 7.25 7.17 7.56 8.27 9.19 10.25 11.37 12.50 13.50 14.37 14.98 15.08 14.59 13.55 12.35 11.49 11.28 11.58 12.13 12.29 11.56 10.44 9.79 9.55 9.62 9.93 10.01 10.24 10.90 11.68 12.34 12.87 13.11 13.03 12.66 12.08 11.56 11.40 11.50 11.69 11.98 12.14 12.01 11.98 12.06 12.17 12.18 11.99 11.77 11.41 10.98 10.64 10.50 10.68 11.22 11.72 12.06 12.03 11.69 11.24 11.09 11.29 11.73 11.76 11.11 10.21 9.18 7.78 6.82 6.14 5.45 5.29
11.77 11.57 10.98 10.45 10.08 9.68 9.37 9.32 9.59 9.88 10.24 10.90 11.91 13.10 14.19 14.86 15.07 14.73 13.78 12.37 10.99 10.09 10.07 10.70 11.60 12.58 12.89 12.57 12.07 11.84 11.79 11.82 11.67 11.28 11.06 11.35 11.79 12.22 12.48 12.50 12.09 11.46 10.92 10.66 10.58 10.70 10.96 11.04 10.49 9.62 9.23 9.43 9.84 10.02 10.12 10.40 10.60 10.54 10.40 10.44 10.75 11.36 11.81 11.96 11.78 11.50 11.33 11.35 11.37 11.42 11.31 10.79 10.61 10.55 10.02 9.04 8.11 7.15 7.35
11.50 11.19 10.76 10.64 10.66 10.72 10.89 11.30 11.84 12.23 12.50 12.91 13.72 14.65 15.14 15.04 14.33 13.10 11.61 10.24 9.38 9.16 9.64 10.52 11.59 12.94 13.61 13.95 14.09 14.09 13.95 13.60 13.04 12.38 11.84 11.69 11.76 11.95 12.01 11.65 10.89 10.23 10.06 10.23 10.42 10.75 11.08 10.94 9.85 8.57 7.93 7.81 7.66 7.95 8.73 9.61 10.27 10.53 10.54 10.68 11.08 11.54 11.60 11.39 11.06 10.85 10.74 10.66 10.56 10.59 10.51 10.47 11.13 11.91 12.23 11.86 11.01 10.24 10.72
11.33 11.09 10.83 10.96 11.42 12.05 12.72 13.31 13.77 14.07 14.28 14.56 14.95 15.12 14.76 13.80 12.51 11.11 9.92 9.23 9.38 10.00 10.75 11.45 12.36 13.32 13.59 13.48 13.50 13.50 13.32 13.06 12.81 12.56 12.04 11.74 11.68 11.56 11.16 10.53 10.05 10.16 10.48 10.80 11.10 11.54 11.79 11.65 10.92 10.14 9.57 9.01 8.25 8.45 9.30 10.09 10.62 10.95 11.15 11.31 11.47 11.63 11.49 11.24 11.00 10.76 10.45 10.27 10.30 10.52 10.61 10.86 11.72 12.61 13.33 13.71 13.83 13.85 14.15
11.35 11.22 11.05 11.29 11.99 12.86 13.58 14.06 14.29 14.43 14.58 14.75 14.75 14.26 13.22 11.90 10.56 9.40 8.64 8.67 9.68 10.82 11.64 12.25 12.92 13.25 12.72 11.85 11.37 11.23 11.25 11.54 11.91 12.12 11.85 11.56 11.29 10.80 10.20 9.94 10.42 11.29 11.68 11.79 11.89 12.15 12.28 12.17 11.89 11.95 11.95 11.64 11.14 10.84 10.88 10.83 10.92 11.31 11.78 12.03 12.06 12.11 11.95 11.78 11.55 11.26 11.03 11.12 11.46 11.53 11.41 11.45 11.83 12.24 12.88 13.82 14.74 15.35 15.57
11.28 11.20 11.05 11.26 11.74 12.32 12.67 12.84 12.91 13.04 13.31 13.49 13.29 12.57 11.45 10.14 8.90 8.18 8.15 8.81 9.92 10.83 11.51 11.98 12.33 12.15 11.22 10.23 9.50 9.14 9.34 9.88 10.49 10.94 11.22 11.23 10.93 10.56 10.51 11.05 11.89 12.32 12.34 12.26 12.25 12.31 12.26 11.94 11.82 12.04 12.33 12.52 12.53 12.18 11.40 10.82 10.91 11.41 11.93 12.31 12.56 12.78 12.73 12.54 12.26 11.99 11.92 12.08 12.24 11.98 11.68 11.59 11.59 11.70 12.13 12.92 13.77 14.36 14.52
11.17 11.13 11.11 11.23 11.31 11.30 11.19 11.01 11.00 11.30 11.72 11.83 11.39 10.50 9.34 8.32 8.02 8.47 9.54 10.57 11.11 11.43 11.66 11.78 11.65 10.94 9.67 8.57 7.80 7.50 7.64 7.98 8.37 8.98 9.68 10.26 10.72 11.16 11.74 12.27 12.50 12.41 12.18 12.09 12.11 12.09 11.89 11.40 10.98 10.74 10.82 11.24 11.68 11.63 11.03 10.68 10.89 11.39 11.91 12.45 12.98 13.36 13.34 13.12 12.79 12.45 12.19 11.96 11.66 11.17 11.09 11.21 11.33 11.49 11.73 11.91 12.09 12.14 12.33
11.45 11.64 11.85 11.69 11.34 10.87 10.42 10.11 10.15 10.53 10.74 10.32 9.33 8.10 7.08 7.03 8.20 10.00 11.42 12.17 12.50 12.58 12.48 12.29 11.99 11.35 10.00 8.48 7.50 7.20 7.14 7.21 7.48 7.93 8.57 9.53 10.60 11.39 11.74 11.72 11.53 11.45 11.45 11.52 11.65 11.67 11.42 10.75 9.87 9.23 9.05 9.22 9.61 10.10 10.28 10.47 10.77 11.21 11.77 12.41 13.04 13.47 13.42 13.17 12.84 12.47 12.05 11.58 11.11 10.66 10.61 10.78 11.03 11.12 11.12 11.29 11.11 10.78 10.63
12.00 12.28 12.44 12.11 11.56 10.96 10.47 10.23 10.18 10.01 9.31 8.10 6.74 5.65 5.34 6.03 7.79 9.87 11.30 12.26 12.80 12.99 12.92 12.88 12.89 12.59 11.77 10.59 9.76 9.60 9.63 9.47 9.54 9.66 9.94 10.46 11.00 11.19 11.04 10.74 10.47 10.46 10.80 11.12 11.39 11.43 11.12 10.36 9.47 8.87 8.52 8.02 7.68 7.90 8.58 9.52 10.36 10.99 11.57 12.22 12.81 13.03 12.91 12.63 12.47 12.39 12.21 11.84 11.44 10.95 10.63 10.61 10.71 10.80 11.03 11.23 10.96 10.47 9.93
