project/data/elevation/US_DEM2016/US_DEM2016_point_11-01-2019_1220_30m_vel.asc
ncols	125
nrows	167
xllcorner	-2042055.000000
yllcorner	1465035.000000
cellsize	30.000000
NODATA_value	-9999.000000
[rows 38 to 75 of 167, columns 0 to 83 of 125]
6.11 5.90 5.45 5.09 4.73 4.52 4.35 4.06 3.70 3.38 3.27 3.30 3.44 3.69 3.95 4.07 4.08 4.19 4.52 4.95 5.19 5.29 5.35 5.47 5.63 5.74 5.85 5.91 5.72 5.42 5.12 4.88 4.76 4.77 4.94 5.32 5.73 5.96 6.17 6.54 6.85 6.77 6.78 6.48 6.49 6.49 6.17 5.52 5.05 4.70 4.56 4.56 4.57 4.55 4.56 4.60 4.69 4.96 5.18 5.37 5.36 4.99 4.68 4.41 4.14 3.94 3.73 3.65 3.68 3.81 3.83 3.81 3.93 4.24 4.42 4.57 4.76 5.19 5.74 6.34 6.79 7.00 6.84 6.36
6.05 5.54 4.76 4.38 4.10 3.98 3.84 3.63 3.44 3.31 3.31 3.40 3.55 3.68 3.77 3.86 3.93 4.04 4.18 4.29 4.24 4.16 4.18 4.36 4.76 5.19 5.53 5.81 5.87 5.71 5.47 5.27 5.15 5.19 5.52 6.04 6.35 6.49 6.63 6.92 7.15 7.01 6.83 6.66 6.49 6.24 5.76 5.19 4.80 4.48 4.44 4.59 4.70 4.61 4.64 4.76 4.93 5.17 5.19 5.09 4.79 4.28 3.81 3.67 3.62 3.59 3.43 3.35 3.43 3.59 3.66 3.68 3.84 4.14 4.33 4.39 4.44 4.73 5.16 5.38 5.38 5.60 6.02 6.09
5.84 5.24 4.36 3.94 3.80 3.74 3.71 3.68 3.70 3.78 3.91 4.06 4.07 3.91 3.74 3.71 3.81 3.90 3.85 3.68 3.59 3.62 3.81 4.13 4.62 5.03 5.34 5.63 5.80 5.83 5.77 5.67 5.72 6.03 6.50 6.97 7.24 7.37 7.20 7.03 6.98 6.56 6.24 6.18 6.04 6.01 5.86 5.70 5.46 5.28 5.08 5.04 5.01 4.77 4.74 4.81 4.97 5.10 4.93 4.60 4.18 3.62 2.98 2.76 2.76 2.87 3.03 3.18 3.31 3.40 3.44 3.56 3.86 4.17 4.32 4.28 4.25 4.39 4.71 4.83 4.66 4.74 5.34 6.06
5.65 5.17 4.46 4.15 4.10 4.11 4.09 4.08 4.17 4.36 4.59 4.69 4.49 4.10 3.83 3.78 3.87 3.91 3.82 3.68 3.69 3.87 4.14 4.39 4.60 4.83 4.96 5.15 5.45 5.71 5.98 6.06 6.33 6.78 7.25 7.62 7.79 7.65 7.34 6.91 6.48 6.02 5.61 5.41 5.51 5.57 5.74 5.84 5.91 5.93 5.87 5.53 5.21 4.85 4.64 4.60 4.59 4.53 4.32 4.06 3.75 3.29 2.77 2.61 2.73 2.93 3.12 3.21 3.24 3.28 3.35 3.48 3.78 4.13 4.22 4.10 4.12 4.37 4.67 4.65 4.45 4.40 4.78 5.66
5.57 5.27 4.81 4.62 4.56 4.50 4.41 4.40 4.57 4.83 5.02 4.96 4.56 4.23 4.11 4.14 4.20 4.23 4.23 4.28 4.40 4.58 4.75 4.89 5.00 5.01 4.96 5.00 5.27 5.57 6.08 6.69 7.12 7.50 7.69 7.61 7.42 7.09 6.65 6.20 5.79 5.43 5.03 4.86 4.89 5.00 5.21 5.34 5.50 5.59 5.62 5.39 5.08 4.69 4.47 4.41 4.30 4.11 3.92 3.93 3.79 3.56 3.37 3.42 3.60 3.60 3.45 3.30 3.33 3.44 3.45 3.41 3.52 3.76 3.76 3.59 3.81 4.32 4.64 4.53 4.35 4.39 4.76 5.49
5.51 5.29 4.98 4.83 4.76 4.71 4.72 4.85 5.09 5.28 5.28 5.03 4.57 4.37 4.35 4.43 4.54 4.61 4.73 4.94 5.18 5.36 5.47 5.51 5.52 5.41 5.31 5.31 5.46 5.66 6.18 6.82 7.32 7.67 7.52 7.09 6.59 6.12 5.68 5.41 5.21 4.95 4.59 4.31 4.34 4.54 4.68 4.57 4.36 4.15 4.16 4.41 4.55 4.49 4.44 4.55 4.57 4.50 4.49 4.49 4.35 4.26 4.32 4.43 4.23 3.88 3.73 3.80 3.88 3.70 3.36 3.11 3.15 3.27 3.20 3.14 3.44 4.05 4.37 4.26 4.28 4.64 5.09 5.42
5.46 5.30 5.09 5.02 5.08 5.24 5.45 5.61 5.70 5.68 5.45 5.03 4.62 4.45 4.45 4.58 4.74 4.89 5.10 5.37 5.63 5.78 5.81 5.73 5.61 5.45 5.40 5.44 5.64 5.90 6.44 6.92 7.14 7.09 6.76 6.45 6.11 5.70 5.14 4.77 4.60 4.44 4.18 3.91 3.88 4.12 4.02 3.75 3.37 3.17 3.28 3.60 3.90 4.14 4.47 4.86 5.06 5.15 5.15 5.01 4.85 4.81 4.75 4.61 4.20 4.07 4.25 4.31 3.98 3.32 2.90 2.84 2.98 3.07 3.06 3.14 3.47 3.92 4.15 4.09 4.19 4.66 5.00 5.12
5.57 5.52 5.47 5.52 5.65 5.85 6.02 6.08 6.02 5.84 5.49 5.05 4.76 4.65 4.75 4.89 5.01 5.17 5.37 5.55 5.64 5.63 5.54 5.42 5.37 5.30 5.28 5.40 5.79 6.25 6.77 6.73 6.57 6.18 5.89 5.88 5.72 5.43 4.86 4.38 4.04 3.85 3.66 3.42 3.44 3.61 3.60 3.59 3.59 3.63 3.61 3.53 3.53 3.84 4.46 5.04 5.21 5.19 5.10 5.05 4.94 4.94 4.77 4.60 4.55 4.66 4.55 4.05 3.32 2.87 2.86 3.11 3.29 3.34 3.39 3.59 3.94 4.19 4.24 4.19 4.20 4.40 4.70 4.88
5.79 5.80 5.83 5.91 5.97 5.98 5.94 5.88 5.77 5.56 5.27 4.96 4.91 5.03 5.25 5.36 5.42 5.48 5.53 5.51 5.41 5.28 5.12 5.06 5.14 5.21 5.29 5.55 6.06 6.54 6.77 6.52 5.98 5.56 5.30 5.16 5.06 4.94 4.64 4.20 3.69 3.38 3.26 3.29 3.43 3.60 3.88 4.05 4.09 3.89 3.55 3.35 3.55 4.11 4.73 5.07 5.09 5.00 4.95 5.00 4.92 4.93 4.88 4.86 4.83 4.65 3.95 3.37 3.17 3.32 3.63 3.83 3.92 3.95 4.05 4.27 4.50 4.59 4.58 4.55 4.50 4.50 4.68 4.94
5.93 5.86 5.82 5.84 5.77 5.62 5.43 5.27 5.11 4.96 4.77 4.65 4.74 5.06 5.36 5.52 5.57 5.53 5.43 5.30 5.18 5.05 4.93 4.90 4.99 5.13 5.33 5.72 6.24 6.53 6.41 5.92 5.53 5.18 4.83 4.58 4.46 4.46 4.42 4.21 3.68 3.38 3.42 3.74 3.92 4.10 4.25 4.08 3.67 3.16 2.98 3.28 4.15 5.07 5.44 5.35 5.24 5.14 5.11 5.11 4.99 4.99 4.92 4.81 4.56 4.09 3.69 3.70 4.06 4.47 4.74 4.83 4.86 4.87 4.91 5.04 5.17 5.17 5.18 5.21 4.99 4.83 4.92 5.12
5.93 5.81 5.57 5.48 5.37 5.15 4.91 4.71 4.55 4.40 4.24 4.20 4.32 4.65 4.97 5.14 5.24 5.25 5.18 5.08 4.98 4.88 4.80 4.76 4.80 4.94 5.15 5.61 6.20 6.39 6.13 5.64 5.32 4.97 4.50 4.12 4.04 4.08 4.12 3.99 3.64 3.42 3.49 3.76 3.94 4.07 4.09 3.62 3.14 2.96 3.30 4.33 5.53 6.19 6.27 5.86 5.56 5.37 5.28 5.31 5.25 5.18 5.04 4.84 4.75 4.80 5.12 5.58 5.97 6.22 6.29 6.29 6.28 6.26 6.23 6.28 6.32 6.24 6.09 5.81 5.34 4.98 5.03 5.12
5.92 5.81 5.42 5.17 5.06 4.93 4.73 4.53 4.39 4.18 4.07 4.08 4.23 4.52 4.74 4.86 4.94 4.99 4.97 4.88 4.75 4.65 4.58 4.57 4.60 4.70 4.90 5.45 6.16 6.28 5.97 5.62 5.35 5.00 4.52 4.04 3.87 3.73 3.57 3.37 3.17 3.02 3.02 3.14 3.40 3.66 3.82 3.60 3.46 3.75 4.76 6.04 6.80 6.94 6.64 6.08 5.69 5.50 5.48 5.65 5.71 5.68 5.52 5.58 5.90 6.40 6.99 7.52 7.86 7.99 8.01 7.99 7.95 7.91 7.83 7.72 7.62 7.44 7.02 6.36 5.66 5.14 5.02 4.98
5.99 5.83 5.39 5.08 4.96 4.90 4.83 4.72 4.58 4.42 4.46 4.58 4.75 4.95 5.06 5.07 5.03 4.97 4.85 4.71 4.55 4.44 4.38 4.37 4.43 4.57 4.85 5.51 6.14 6.08 5.53 5.42 5.28 5.01 4.76 4.44 4.07 3.60 3.16 2.95 2.90 2.91 3.01 3.16 3.42 3.69 4.08 4.31 4.59 5.34 6.49 7.21 7.35 6.90 6.41 5.91 5.63 5.56 5.52 5.61 5.73 5.87 5.90 6.10 6.64 7.20 7.57 7.94 8.13 8.21 8.26 8.33 8.36 8.35 8.24 8.05 7.86 7.68 7.35 6.87 6.32 5.77 5.22 4.91
6.07 5.80 5.32 5.12 5.00 4.92 4.88 4.87 4.81 4.76 4.97 5.24 5.43 5.52 5.52 5.40 5.21 4.99 4.79 4.63 4.51 4.37 4.25 4.21 4.32 4.58 4.95 5.58 5.94 5.56 5.04 4.99 4.94 4.89 4.83 4.74 4.31 3.78 3.43 3.37 3.51 3.77 4.01 4.13 4.29 4.63 5.27 5.94 6.65 7.28 7.65 7.63 7.11 6.35 5.91 5.55 5.34 5.21 5.09 5.00 5.13 5.32 5.72 5.99 6.40 6.63 6.53 6.43 6.36 6.45 6.63 6.86 6.96 6.97 6.87 6.74 6.69 6.60 6.53 6.50 6.42 6.22 5.84 5.25
6.04 5.63 5.07 4.92 4.86 4.81 4.81 4.85 4.87 4.92 5.17 5.51 5.68 5.72 5.61 5.37 5.08 4.84 4.67 4.55 4.43 4.29 4.15 4.13 4.31 4.62 4.99 5.46 5.55 5.02 4.66 4.65 4.60 4.57 4.65 4.55 4.35 4.19 4.15 4.34 4.60 4.83 5.00 5.20 5.53 6.10 6.85 7.48 7.86 7.95 7.77 7.22 6.54 5.87 5.50 5.19 4.93 4.68 4.58 4.52 4.65 4.89 5.17 5.47 5.58 5.25 4.78 4.33 4.22 4.36 4.59 4.83 4.93 4.87 4.84 4.79 4.87 4.89 4.94 5.12 5.45 5.67 5.70 5.46
5.85 5.40 4.77 4.54 4.51 4.57 4.71 4.80 4.86 4.95 5.09 5.27 5.38 5.30 5.10 4.84 4.63 4.49 4.37 4.26 4.14 4.05 4.07 4.22 4.46 4.70 4.98 5.27 5.25 4.90 4.66 4.64 4.59 4.51 4.39 4.25 4.25 4.33 4.52 4.84 5.16 5.33 5.53 5.85 6.44 7.14 7.69 7.92 7.77 7.39 6.94 6.48 6.01 5.60 5.29 5.01 4.77 4.57 4.60 4.67 4.84 4.98 4.99 5.03 4.82 4.36 3.89 3.75 3.83 3.95 3.89 3.70 3.60 3.56 3.52 3.52 3.63 3.72 3.75 3.72 3.82 4.03 4.20 4.41
5.63 5.26 4.71 4.48 4.38 4.35 4.43 4.57 4.64 4.71 4.73 4.71 4.61 4.38 4.12 4.02 3.98 3.92 3.86 3.87 3.93 4.01 4.18 4.42 4.60 4.80 5.01 5.20 5.29 5.26 5.09 4.90 4.71 4.51 4.23 3.99 3.99 4.12 4.32 4.59 4.94 5.23 5.53 6.08 6.88 7.45 7.60 7.15 6.36 6.02 5.91 5.83 5.66 5.48 5.24 5.00 4.83 4.79 4.95 5.05 5.11 5.11 4.88 4.71 4.35 4.22 4.19 4.24 4.25 4.08 3.66 3.11 2.83 2.72 2.66 2.66 2.79 2.86 2.79 2.59 2.45 2.45 2.69 3.22
5.53 5.30 4.98 4.79 4.59 4.33 4.07 4.03 4.12 4.21 4.23 4.12 3.82 3.45 3.24 3.22 3.25 3.28 3.40 3.66 3.99 4.29 4.51 4.63 4.76 4.93 5.11 5.33 5.46 5.55 5.28 4.91 4.61 4.33 4.06 3.79 3.78 3.93 4.05 4.22 4.50 4.90 5.38 6.18 6.98 7.25 6.73 5.91 5.35 5.20 5.22 5.27 5.29 5.30 5.11 4.95 4.84 4.88 5.06 5.03 4.87 4.66 4.44 4.31 4.36 4.49 4.67 4.70 4.31 3.77 3.11 2.69 2.54 2.43 2.25 2.08 2.04 1.97 1.81 1.76 1.88 2.21 2.83 3.53
5.65 5.62 5.50 5.29 4.98 4.59 4.10 3.90 3.89 3.98 3.99 3.80 3.48 3.21 3.06 3.01 3.07 3.22 3.49 3.87 4.30 4.70 4.88 4.96 5.09 5.26 5.34 5.45 5.62 5.65 5.23 4.89 4.73 4.51 4.18 3.98 4.07 4.23 4.28 4.36 4.56 4.93 5.49 6.39 6.91 6.74 5.80 5.04 4.65 4.55 4.63 4.75 4.87 4.91 4.79 4.69 4.62 4.63 4.64 4.39 4.06 3.83 3.84 4.03 4.52 4.86 4.71 4.53 3.89 3.33 2.98 2.94 2.96 2.72 2.23 1.84 1.69 1.60 1.58 1.80 2.32 3.17 4.18 4.74
5.88 5.93 5.86 5.63 5.31 4.95 4.60 4.42 4.28 4.22 4.14 3.97 3.81 3.74 3.74 3.79 3.89 4.08 4.27 4.52 4.86 5.20 5.38 5.52 5.68 5.78 5.67 5.69 5.92 6.04 5.84 5.62 5.50 5.27 4.81 4.63 4.80 4.96 5.02 5.06 5.17 5.31 5.79 6.54 6.67 5.97 5.00 4.33 4.04 4.03 4.16 4.29 4.44 4.45 4.42 4.36 4.24 4.09 3.88 3.67 3.57 3.62 3.90 4.25 4.77 4.88 4.57 4.01 3.53 3.43 3.63 3.79 3.50 2.91 2.29 2.03 2.04 2.10 2.31 2.90 3.89 4.98 5.61 5.59
6.03 5.93 5.70 5.55 5.43 5.30 5.13 4.95 4.70 4.45 4.31 4.30 4.41 4.58 4.79 4.94 5.11 5.29 5.44 5.55 5.74 5.82 5.94 6.15 6.30 6.21 6.03 6.03 6.31 6.41 6.29 6.09 5.91 5.64 5.25 5.05 5.14 5.31 5.47 5.60 5.67 5.71 6.03 6.40 6.09 5.07 4.23 3.76 3.56 3.55 3.71 3.81 3.93 4.09 4.17 4.13 4.01 3.86 3.78 3.89 4.08 4.37 4.71 4.94 5.07 4.85 4.33 3.97 3.96 4.22 4.44 4.25 3.56 2.81 2.49 2.58 2.82 3.14 3.72 4.60 5.61 6.19 6.18 5.63
6.08 5.73 5.29 5.21 5.29 5.39 5.38 5.14 4.79 4.45 4.30 4.41 4.72 5.11 5.46 5.70 5.90 6.10 6.28 6.37 6.35 6.30 6.37 6.56 6.58 6.44 6.31 6.37 6.52 6.37 5.88 5.51 5.26 5.13 5.04 5.04 5.10 5.26 5.46 5.70 5.88 5.91 6.01 5.86 5.23 4.17 3.52 3.21 3.08 3.14 3.21 3.27 3.50 3.87 4.11 4.16 4.15 4.17 4.32 4.50 4.77 5.17 5.54 5.73 5.58 5.29 4.74 4.61 4.87 5.06 4.79 4.14 3.42 3.16 3.34 3.69 4.15 4.74 5.51 6.26 6.65 6.53 5.93 5.23
6.08 5.66 5.04 4.87 4.88 4.95 4.99 4.87 4.59 4.30 4.15 4.22 4.51 4.92 5.29 5.52 5.69 5.82 5.90 5.94 6.01 6.12 6.25 6.27 6.10 6.01 6.12 6.37 6.44 6.15 5.63 5.07 4.72 4.62 4.82 5.08 5.32 5.45 5.55 5.65 5.75 5.64 5.52 5.26 4.60 3.65 3.07 2.88 2.91 3.00 3.01 3.10 3.39 3.86 4.25 4.50 4.66 4.77 4.86 4.91 5.16 5.73 6.24 6.46 6.26 5.97 5.60 5.40 5.55 5.53 4.98 4.39 4.16 4.48 5.02 5.57 6.15 6.69 7.11 7.20 6.88 6.21 5.50 4.98
6.05 5.53 4.79 4.54 4.33 4.22 4.26 4.26 4.15 3.95 3.76 3.70 3.79 3.99 4.22 4.37 4.45 4.39 4.18 4.15 4.58 5.10 5.28 5.07 4.71 4.88 5.49 6.00 6.13 5.98 5.81 5.59 5.34 5.19 5.16 5.33 5.53 5.61 5.55 5.41 5.26 5.07 4.91 4.84 4.48 3.79 3.34 3.36 3.48 3.53 3.54 3.66 3.85 4.14 4.46 4.77 5.06 5.33 5.47 5.65 6.04 6.62 6.90 6.85 6.61 6.36 6.17 6.16 6.23 6.16 5.89 5.76 6.02 6.48 6.91 7.31 7.65 7.83 7.74 7.25 6.56 5.87 5.33 4.89
5.86 5.24 4.44 4.18 4.01 3.87 3.78 3.73 3.66 3.45 3.17 2.94 2.82 2.79 2.83 2.93 2.97 2.80 2.65 2.78 3.22 3.73 3.89 3.65 3.58 4.08 5.07 5.70 5.79 5.52 5.56 5.72 5.79 5.78 5.58 5.42 5.31 5.27 5.08 4.83 4.65 4.72 4.82 5.04 5.01 4.84 4.60 4.61 4.69 4.70 4.70 4.68 4.56 4.51 4.57 4.74 5.03 5.43 5.89 6.42 6.97 7.17 6.99 6.51 5.96 5.88 6.21 6.44 6.62 6.76 6.90 7.14 7.47 7.80 7.66 7.87 7.88 7.69 7.23 6.67 6.13 5.64 5.23 4.78
5.64 5.14 4.40 4.05 3.91 3.81 3.67 3.51 3.37 3.16 2.83 2.49 2.23 2.12 2.12 2.15 2.18 2.29 2.44 2.65 2.87 3.02 3.04 3.01 3.28 4.06 5.14 5.66 5.52 4.98 4.90 5.11 5.38 5.55 5.41 5.04 4.65 4.42 4.33 4.25 4.30 4.70 5.16 5.60 5.74 5.77 5.73 5.65 5.62 5.58 5.37 5.10 4.86 4.72 4.69 4.80 5.06 5.54 6.15 6.71 6.97 6.76 6.20 5.46 5.08 5.22 5.78 6.21 6.39 6.65 6.94 7.18 7.37 7.38 7.25 7.04 6.75 6.34 6.03 5.74 5.43 5.14 4.86 4.52
5.59 5.27 4.73 4.34 4.11 3.96 3.76 3.53 3.38 3.24 3.02 2.78 2.58 2.40 2.27 2.24 2.36 2.71 3.10 3.27 3.23 3.14 3.14 3.23 3.66 4.54 5.43 5.71 5.30 4.62 4.35 4.35 4.58 4.76 4.79 4.59 4.24 3.99 3.98 4.21 4.57 5.15 5.61 5.94 5.99 5.95 5.94 5.95 5.90 5.70 5.25 4.92 4.79 4.80 4.86 4.99 5.27 5.79 6.29 6.48 6.22 5.61 5.03 4.62 4.64 5.02 5.45 5.65 5.69 5.89 6.10 6.17 6.08 6.00 5.90 5.67 5.28 4.86 4.61 4.54 4.40 4.26 4.07 3.91
5.58 5.36 4.99 4.71 4.46 4.20 3.92 3.77 3.72 3.71 3.71 3.67 3.57 3.34 3.06 2.91 3.04 3.34 3.67 3.94 3.91 3.82 3.87 4.09 4.53 5.23 5.79 5.88 5.44 4.69 4.27 4.01 3.94 4.05 4.32 4.56 4.63 4.69 4.78 4.99 5.35 5.73 5.90 5.91 5.74 5.61 5.67 5.76 5.70 5.52 5.17 4.93 4.84 4.89 4.97 5.08 5.35 5.82 6.17 5.97 5.41 4.87 4.48 4.30 4.39 4.72 5.07 5.12 5.04 5.13 5.24 5.18 4.98 4.79 4.64 4.55 4.24 3.79 3.37 3.24 3.24 3.07 2.93 2.84
5.56 5.35 5.02 4.77 4.57 4.33 4.16 4.17 4.31 4.51 4.67 4.70 4.49 4.16 3.83 3.62 3.63 3.80 4.01 4.38 4.57 4.74 4.95 5.16 5.46 5.98 6.35 6.29 5.88 5.20 4.76 4.41 4.16 4.20 4.49 4.91 5.32 5.65 5.78 5.82 5.86 5.92 5.85 5.69 5.46 5.27 5.29 5.27 5.21 5.19 5.14 5.03 4.96 4.96 5.07 5.23 5.55 5.93 5.94 5.42 4.78 4.44 4.19 4.03 4.10 4.49 4.89 4.91 4.68 4.62 4.59 4.52 4.41 4.14 3.78 3.55 3.34 2.96 2.51 2.21 2.07 1.91 1.76 1.76
5.58 5.35 5.00 4.70 4.47 4.30 4.30 4.47 4.78 5.14 5.41 5.43 5.26 4.99 4.69 4.40 4.21 4.22 4.39 4.72 5.02 5.41 5.57 5.76 6.16 6.72 6.90 6.65 6.15 5.68 5.41 5.19 5.01 4.97 5.04 5.26 5.52 5.73 5.80 5.74 5.67 5.67 5.59 5.40 5.15 4.87 4.76 4.62 4.52 4.60 4.76 4.85 4.92 4.99 5.19 5.47 5.75 5.80 5.37 4.67 4.24 4.06 3.91 3.97 4.24 4.70 4.87 4.62 4.22 4.06 3.99 3.93 3.91 3.70 3.28 2.88 2.57 2.26 1.82 1.42 1.21 1.15 1.20 1.40
5.60 5.32 4.87 4.55 4.30 4.17 4.17 4.30 4.57 4.92 5.27 5.50 5.62 5.63 5.53 5.29 4.97 4.79 4.86 5.04 5.21 5.59 5.81 6.10 6.63 7.10 7.08 6.55 5.95 5.70 5.67 5.69 5.69 5.50 5.33 5.27 5.23 5.16 5.15 5.26 5.38 5.44 5.35 5.11 4.84 4.58 4.39 4.17 4.01 3.98 4.10 4.30 4.57 4.82 5.14 5.38 5.44 5.10 4.40 3.97 3.85 3.79 3.86 4.20 4.52 4.65 4.44 3.90 3.43 3.24 3.18 3.04 2.96 2.95 2.76 2.37 1.92 1.55 1.25 1.09 1.05 1.17 1.42 1.86
5.54 5.20 4.62 4.36 4.18 4.05 3.95 3.85 3.79 3.88 4.12 4.65 5.23 5.69 5.96 5.95 5.71 5.43 5.32 5.35 5.43 5.70 5.95 6.55 6.83 7.01 6.67 6.07 5.46 5.24 5.30 5.47 5.56 5.41 5.24 5.11 4.98 4.93 5.07 5.30 5.39 5.35 5.17 5.00 4.89 4.71 4.44 4.05 3.63 3.42 3.47 3.79 4.25 4.60 4.86 4.89 4.59 4.00 3.53 3.44 3.40 3.33 3.58 3.96 4.06 3.94 3.66 3.23 2.80 2.47 2.31 2.24 2.22 2.18 2.03 1.78 1.51 1.33 1.33 1.47 1.68 1.92 2.24 2.79
5.45 5.05 4.45 4.26 4.15 4.04 3.90 3.69 3.39 3.13 3.09 3.45 4.20 5.03 5.70 6.04 6.07 5.93 5.80 5.79 5.82 5.94 6.12 6.54 6.83 6.69 6.19 5.55 4.96 4.60 4.49 4.56 4.77 4.92 5.01 5.03 5.02 5.10 5.30 5.46 5.42 5.26 5.08 5.06 5.06 4.75 4.23 3.62 3.28 3.31 3.62 4.10 4.50 4.65 4.57 4.28 3.72 3.19 2.97 2.95 2.83 2.73 2.85 3.09 3.26 3.34 3.39 3.27 3.00 2.74 2.63 2.53 2.36 2.07 1.77 1.65 1.69 1.82 2.05 2.34 2.66 3.02 3.39 4.01
5.38 5.00 4.47 4.28 4.18 4.11 4.03 3.93 3.71 3.38 3.11 3.16 3.62 4.29 5.01 5.59 5.94 6.23 6.20 6.29 6.40 6.47 7.06 7.04 6.96 6.53 5.92 5.33 4.76 4.40 4.23 4.23 4.31 4.48 4.70 4.90 5.00 5.08 5.22 5.38 5.25 5.01 4.85 4.89 4.86 4.35 3.82 3.61 3.84 4.31 4.75 5.03 5.06 4.83 4.49 4.11 3.76 3.49 3.33 3.17 3.00 2.91 2.94 3.12 3.58 4.04 4.28 4.23 4.05 3.92 3.78 3.49 2.96 2.47 2.17 2.13 2.31 2.60 2.95 3.42 3.99 4.56 5.07 5.85
5.34 4.96 4.48 4.29 4.24 4.23 4.24 4.33 4.41 4.37 4.18 4.02 4.12 4.40 4.76 5.32 5.82 6.27 6.50 6.72 6.99 7.10 7.42 7.23 7.02 6.42 5.91 5.54 5.14 4.98 4.95 4.89 4.69 4.58 4.67 4.82 4.92 5.02 5.10 5.02 4.80 4.58 4.50 4.59 4.65 4.50 4.57 4.98 5.42 5.70 5.77 5.62 5.31 4.92 4.71 4.67 4.64 4.59 4.49 4.35 4.26 4.31 4.49 4.83 5.26 5.45 5.27 4.98 4.72 4.49 4.13 3.61 3.00 2.68 2.65 2.83 3.09 3.49 4.11 5.05 6.06 6.82 7.39 8.01
5.28 4.92 4.48 4.32 4.33 4.38 4.47 4.69 5.01 5.30 5.43 5.45 5.40 5.27 5.27 5.57 6.05 6.68 7.02 7.29 7.57 7.64 7.49 7.23 6.75 6.29 6.04 5.89 5.71 5.60 5.57 5.53 5.34 5.20 5.10 5.03 5.02 5.02 4.89 4.64 4.50 4.56 4.61 4.76 4.99 5.21 5.50 5.84 6.01 5.93 5.75 5.50 5.25 5.04 4.97 5.06 5.12 5.20 5.29 5.39 5.49 5.70 5.94 6.12 6.05 5.69 5.12 4.75 4.47 4.03 3.51 3.07 2.82 2.85 3.13 3.55 4.01 4.68 5.75 7.08 8.16 8.82 9.06 9.06
5.23 4.94 4.54 4.42 4.46 4.50 4.56 4.84 5.39 5.98 6.41 6.63 6.62 6.43 6.23 6.27 6.62 7.26 7.59 7.46 7.85 7.44 6.97 6.79 6.25 6.01 5.99 6.00 5.90 5.77 5.66 5.58 5.42 5.30 5.15 5.04 5.01 4.92 4.77 4.72 4.81 4.90 4.93 5.08 5.28 5.34 5.31 5.26 5.05 4.84 4.72 4.74 4.86 4.95 4.92 4.92 5.00 5.14 5.34 5.55 5.80 6.09 6.17 5.94 5.30 4.50 3.97 3.92 3.81 3.40 3.05 2.94 3.04 3.32 3.81 4.38 5.03 5.95 7.23 8.29 8.86 9.02 8.84 8.42
5.23 4.97 4.65 4.59 4.63 4.66 4.77 5.21 5.95 6.50 6.77 6.84 6.85 6.85 6.86 7.04 7.38 7.80 7.83 7.67 7.45 7.18 6.77 6.25 5.82 5.63 5.59 5.69 5.73 5.67 5.52 5.34 4.99 4.72 4.62 4.69 4.80 4.80 4.75 4.71 4.69 4.74 4.85 5.03 5.11 4.91 4.62 4.29 4.11 4.02 4.01 4.16 4.39 4.55 4.63 4.72 4.86 4.94 5.03 5.20 5.49 5.69 5.46 4.70 3.78 3.20 3.11 3.34 3.48 3.39 3.30 3.38 3.67 4.18 4.84 5.53 6.28 7.23 8.07 8.42 7.94 7.02 6.36 6.05
