project/data/elevation/US_DEM2016/US_DEM2016_point_10-30-2019_0528_30m_vel.asc
ncols	125
nrows	167
xllcorner	-2042055.000000
yllcorner	1465035.000000
cellsize	30.000000
NODATA_value	-9999.000000
[rows 0 to 37 of 167, columns 0 to 83 of 125]
5.06 4.35 3.45 3.64 4.68 6.15 7.55 8.50 8.82 8.93 9.09 9.49 9.86 9.60 9.11 8.82 8.52 8.26 8.07 8.07 8.11 8.13 8.20 8.35 8.46 8.35 8.04 7.32 6.42 5.50 4.68 3.99 3.48 3.03 2.65 2.52 2.85 3.58 4.40 4.97 5.31 5.55 5.72 5.76 5.52 5.07 4.63 4.66 5.10 5.64 6.02 6.41 6.73 7.11 7.31 7.45 7.33 6.67 5.99 5.50 5.21 5.20 5.51 6.16 6.63 6.79 6.65 6.10 5.18 4.56 4.35 4.43 4.66 4.96 5.22 5.41 5.59 6.03 6.62 6.98 7.26 7.47 7.22 6.85
5.06 4.35 3.45 3.64 4.68 6.15 7.55 8.50 8.82 8.93 9.09 9.49 9.86 9.60 9.11 8.82 8.52 8.26 8.07 8.07 8.11 8.13 8.20 8.35 8.46 8.35 8.04 7.32 6.42 5.50 4.68 3.99 3.48 3.03 2.65 2.52 2.85 3.58 4.40 4.97 5.31 5.55 5.72 5.76 5.52 5.07 4.63 4.66 5.10 5.64 6.02 6.41 6.73 7.11 7.31 7.45 7.33 6.67 5.99 5.50 5.21 5.20 5.51 6.16 6.63 6.79 6.65 6.10 5.18 4.56 4.35 4.43 4.66 4.96 5.22 5.41 5.59 6.03 6.62 6.98 7.26 7.47 7.22 6.85
5.28 4.58 3.72 3.73 4.37 5.45 6.59 7.43 7.91 8.16 8.44 8.82 9.00 8.87 8.57 8.43 8.33 8.23 8.05 7.83 7.80 7.78 7.83 7.94 8.01 7.89 7.45 6.74 5.98 5.28 4.67 4.12 3.65 3.26 2.92 2.72 2.84 3.22 3.77 4.32 4.69 4.95 5.16 5.38 5.53 5.53 5.40 5.31 5.50 5.78 6.01 6.23 6.47 6.66 6.78 6.92 7.02 6.87 6.44 5.84 5.33 5.05 5.20 5.55 5.86 6.08 6.21 6.17 5.90 5.43 5.09 4.94 4.90 4.90 4.93 5.03 5.23 5.57 5.92 6.26 6.50 6.73 6.82 6.80
6.02 5.24 4.31 4.13 4.30 4.71 5.22 5.60 5.88 6.30 6.93 7.29 7.30 7.16 7.22 7.36 7.45 7.62 7.60 7.43 7.36 7.27 7.17 7.09 7.04 6.90 6.53 6.05 5.56 5.18 4.88 4.55 4.24 4.04 3.82 3.53 3.27 3.13 3.14 3.45 4.05 4.56 4.94 5.31 5.73 6.11 6.32 6.29 6.16 6.05 6.00 5.93 5.92 5.81 5.72 5.60 5.74 6.12 6.36 6.33 5.99 5.51 5.11 4.83 4.60 4.63 5.02 5.58 5.97 6.07 5.94 5.63 5.25 4.86 4.58 4.51 4.62 4.74 4.74 4.78 5.11 5.59 6.09 6.54
6.50 5.74 4.85 4.58 4.52 4.54 4.57 4.60 4.57 4.79 5.31 5.77 5.92 5.88 6.01 6.25 6.37 6.54 6.89 7.19 7.25 6.99 6.69 6.38 6.13 6.03 5.99 5.86 5.69 5.57 5.46 5.33 5.24 5.15 4.98 4.65 4.24 3.86 3.55 3.58 4.08 4.71 5.30 5.78 6.01 6.24 6.46 6.61 6.55 6.32 6.12 5.91 5.64 5.29 4.95 4.39 4.12 4.30 4.91 5.65 6.02 5.93 5.47 4.75 4.16 3.79 3.76 4.06 4.54 4.93 5.10 5.05 4.85 4.57 4.33 4.20 4.18 4.13 4.02 3.98 4.29 4.87 5.43 5.81
6.54 5.92 5.20 4.96 4.78 4.61 4.39 4.09 3.90 3.89 4.11 4.61 5.03 5.22 5.56 5.97 6.16 6.14 6.44 6.84 6.91 6.57 6.19 5.79 5.52 5.58 5.76 5.87 5.94 6.03 6.12 6.16 6.11 5.93 5.69 5.39 5.05 4.69 4.31 4.04 4.03 4.27 4.80 5.44 5.83 6.03 6.20 6.40 6.43 6.31 6.16 6.04 5.88 5.37 4.70 4.10 3.84 3.82 4.02 4.41 4.92 5.26 5.16 4.62 4.04 3.59 3.31 3.21 3.26 3.45 3.67 3.84 3.92 3.92 3.89 3.84 3.79 3.75 3.72 3.78 3.99 4.34 4.62 4.72
6.54 6.13 5.59 5.44 5.18 4.80 4.33 3.79 3.44 3.33 3.36 3.74 4.29 4.81 5.37 5.94 6.38 6.35 6.16 6.07 6.02 5.87 5.69 5.46 5.40 5.53 5.70 5.80 5.92 6.15 6.40 6.55 6.47 6.32 6.14 5.97 5.78 5.52 5.11 4.57 4.11 3.94 4.06 4.46 4.92 5.15 5.30 5.45 5.65 5.76 5.88 6.04 6.10 6.03 5.69 5.24 5.10 4.97 4.74 4.47 4.29 4.31 4.34 4.20 3.92 3.60 3.33 3.16 3.10 3.14 3.25 3.40 3.53 3.61 3.63 3.57 3.47 3.41 3.49 3.66 3.83 3.98 3.99 3.81
6.44 6.32 6.19 6.03 5.71 5.04 4.32 3.67 3.30 3.23 3.17 3.21 3.71 4.40 4.96 5.47 6.05 6.18 5.74 5.27 5.04 5.08 5.25 5.40 5.47 5.59 5.74 5.78 5.80 5.99 6.32 6.58 6.69 6.78 6.91 7.07 7.08 6.85 6.38 5.73 4.96 4.26 3.87 3.71 3.74 4.00 4.20 4.38 4.73 5.21 5.56 5.91 6.23 6.62 6.83 6.78 6.44 6.04 5.56 4.99 4.41 4.04 3.97 3.99 3.92 3.71 3.46 3.32 3.33 3.39 3.45 3.53 3.62 3.65 3.64 3.59 3.48 3.39 3.45 3.54 3.62 3.68 3.59 3.36
6.45 6.57 6.83 6.67 6.23 5.54 4.74 4.13 3.82 3.61 3.42 3.36 3.64 4.10 4.41 4.69 5.19 5.49 5.26 4.83 4.55 4.54 4.76 5.07 5.28 5.46 5.74 5.98 6.02 6.02 6.27 6.67 7.09 7.59 8.14 8.54 8.65 8.45 8.04 7.43 6.59 5.60 4.64 3.97 3.69 3.79 4.21 4.56 4.93 5.22 5.39 5.45 5.60 5.96 6.37 6.51 6.28 5.83 5.32 4.84 4.45 4.18 4.07 4.11 4.17 4.10 3.88 3.68 3.58 3.59 3.65 3.72 3.78 3.85 3.96 4.08 4.14 4.17 4.09 3.91 3.74 3.60 3.46 3.56
6.33 6.76 7.24 7.13 6.71 6.19 5.50 5.07 4.90 4.73 4.36 4.06 4.02 4.06 4.00 4.02 4.38 4.83 5.00 4.85 4.62 4.42 4.44 4.71 5.02 5.27 5.58 5.94 6.21 6.34 6.61 7.03 7.58 8.11 8.53 8.76 8.85 8.85 8.78 8.59 8.14 7.39 6.42 5.41 4.66 4.58 4.84 5.20 5.44 5.42 5.26 4.82 4.47 4.14 4.34 4.78 5.01 4.90 4.69 4.49 4.34 4.23 4.14 4.20 4.53 4.75 4.71 4.47 4.08 3.79 3.82 4.02 4.27 4.54 4.82 5.07 5.31 5.49 5.44 5.16 4.76 4.44 4.22 4.12
6.22 6.56 7.24 7.41 7.19 6.93 6.66 6.55 6.48 6.23 5.80 5.26 4.73 4.27 3.89 3.62 3.87 4.53 5.06 5.22 5.09 4.84 4.72 4.84 5.09 5.32 5.46 5.71 6.20 6.75 7.14 7.44 7.64 7.68 7.51 7.27 7.35 7.77 8.22 8.54 8.62 8.37 7.78 6.85 5.86 5.28 5.13 5.31 5.47 5.38 5.04 4.57 4.03 3.53 3.34 3.49 3.89 4.20 4.35 4.38 4.34 4.28 4.24 4.34 4.77 5.32 5.54 5.32 4.81 4.27 4.24 4.64 5.08 5.45 5.80 6.10 6.35 6.44 6.35 6.10 5.81 5.53 5.28 5.01
5.70 5.85 6.59 7.35 7.75 7.89 7.96 8.01 7.99 7.66 7.16 6.57 5.86 4.98 4.21 3.84 3.95 4.53 5.17 5.50 5.52 5.38 5.24 5.22 5.34 5.55 5.74 6.01 6.48 6.96 7.14 7.09 6.82 6.38 5.84 5.50 5.63 6.14 6.72 7.24 7.70 8.05 8.12 7.75 6.96 6.04 5.52 5.38 5.25 5.04 4.67 4.51 4.28 3.85 3.42 3.23 3.44 3.89 4.27 4.46 4.51 4.56 4.67 4.82 5.11 5.52 5.85 5.90 5.59 5.19 5.02 5.29 5.62 5.98 6.27 6.42 6.36 6.11 5.67 5.30 5.03 4.86 4.77 4.72
5.13 4.96 5.35 6.52 7.50 8.06 8.29 8.33 8.35 8.18 7.85 7.43 6.89 6.04 5.17 4.66 4.55 4.71 4.98 5.25 5.42 5.48 5.41 5.34 5.43 5.66 5.93 6.16 6.27 6.23 6.02 5.59 5.03 4.52 4.28 4.35 4.58 4.77 4.93 5.34 5.91 6.58 7.27 7.68 7.56 6.88 6.09 5.60 5.07 4.46 4.10 4.06 3.92 3.68 3.43 3.32 3.47 3.88 4.36 4.72 4.92 5.06 5.22 5.34 5.39 5.47 5.75 6.14 6.26 6.08 5.90 5.91 6.11 6.28 6.21 5.85 5.24 4.54 3.98 3.56 3.22 3.09 3.22 3.52
5.45 5.15 5.00 5.39 6.13 6.82 7.13 7.19 7.16 7.18 7.24 7.24 7.15 6.84 6.30 5.67 5.22 4.92 4.71 4.63 4.81 5.06 5.13 5.11 5.15 5.21 5.26 5.16 4.82 4.39 3.99 3.53 3.18 3.02 3.09 3.33 3.41 3.37 3.43 3.70 4.11 4.68 5.41 6.25 6.89 6.90 6.43 5.83 5.24 4.53 3.95 3.53 3.34 3.35 3.41 3.52 3.74 4.08 4.55 5.07 5.43 5.59 5.63 5.66 5.68 5.71 5.95 6.40 6.71 6.69 6.54 6.49 6.45 6.17 5.55 4.68 3.84 3.43 3.34 3.28 3.15 3.01 3.04 3.19
5.88 5.91 5.49 4.97 4.64 4.74 4.91 4.88 4.77 4.94 5.32 5.77 6.13 6.42 6.50 6.24 5.73 5.18 4.66 4.26 4.22 4.52 4.73 4.72 4.55 4.29 3.99 3.63 3.23 2.86 2.66 2.66 2.81 2.94 2.91 2.73 2.56 2.64 2.80 2.92 3.04 3.25 3.65 4.38 5.37 6.32 6.43 6.16 5.72 5.19 4.42 3.78 3.56 3.67 3.89 4.07 4.18 4.36 4.72 5.28 5.87 6.16 6.25 6.29 6.36 6.51 6.70 6.94 7.18 7.20 7.03 6.80 6.33 5.49 4.61 3.98 3.68 3.62 3.77 4.01 4.16 4.15 4.05 4.00
5.81 5.85 5.57 4.87 3.82 3.13 2.82 2.68 2.68 2.77 3.06 3.46 4.03 4.69 5.44 5.90 5.87 5.43 4.84 4.33 4.19 4.40 4.58 4.49 4.15 3.73 3.34 3.14 3.05 2.89 2.78 2.95 3.39 3.71 3.67 3.45 3.21 3.17 3.31 3.44 3.44 3.45 3.67 4.26 5.15 6.17 6.55 6.48 6.11 5.55 4.96 4.57 4.43 4.56 4.72 4.79 4.74 4.76 5.07 5.69 6.34 6.91 7.25 7.34 7.39 7.54 7.71 7.87 8.03 8.02 7.68 6.99 5.98 5.12 4.67 4.53 4.53 4.48 4.52 4.71 4.95 5.04 4.99 5.08
5.37 5.11 4.84 4.52 3.62 2.78 2.31 2.19 2.22 2.40 2.62 2.84 3.17 3.72 4.41 5.12 5.53 5.50 5.16 4.83 4.71 4.72 4.69 4.53 4.26 3.96 3.74 3.73 3.82 3.83 3.63 3.49 3.72 4.25 4.60 4.70 4.59 4.38 4.31 4.46 4.69 4.92 5.19 5.68 6.28 6.68 6.77 6.75 6.52 6.07 5.58 5.32 5.26 5.34 5.45 5.53 5.48 5.57 5.93 6.51 7.19 7.79 8.22 8.39 8.34 8.27 8.35 8.55 8.80 8.74 8.30 7.48 6.31 5.79 5.80 5.90 5.85 5.64 5.49 5.54 5.67 5.81 5.96 6.19
5.50 5.12 4.67 4.35 4.00 3.59 3.34 3.37 3.61 3.97 4.27 4.43 4.58 4.65 4.69 4.76 5.08 5.39 5.44 5.38 5.25 5.06 4.85 4.70 4.58 4.47 4.42 4.43 4.55 4.72 4.69 4.36 4.21 4.53 5.09 5.54 5.70 5.59 5.39 5.48 5.90 6.29 6.61 6.83 6.87 6.64 6.47 6.59 6.69 6.56 6.18 5.86 5.78 5.90 6.04 6.15 6.28 6.44 6.86 7.42 7.88 8.16 8.36 8.51 8.50 8.34 8.19 8.20 8.50 8.73 8.78 8.64 7.97 7.65 7.78 7.93 7.91 7.63 7.40 7.19 6.99 6.88 6.97 7.07
5.84 5.66 5.20 4.77 4.66 4.81 5.05 5.38 5.81 6.20 6.49 6.63 6.55 6.16 5.57 5.09 5.04 5.31 5.53 5.58 5.51 5.34 5.14 5.01 4.94 4.91 4.88 4.87 5.00 5.32 5.62 5.62 5.45 5.39 5.64 6.16 6.65 6.80 6.77 6.81 7.01 7.21 7.22 6.95 6.35 5.64 5.32 5.65 6.28 6.56 6.60 6.43 6.39 6.47 6.54 6.55 6.70 7.00 7.43 7.71 7.72 7.54 7.40 7.48 7.69 7.80 7.73 7.51 7.48 7.89 8.74 9.38 9.79 9.84 9.89 10.16 10.38 10.34 10.12 9.68 9.11 8.43 7.91 7.49
5.79 5.57 5.17 4.88 5.18 5.74 6.41 7.03 7.51 7.74 7.78 7.69 7.47 6.98 6.39 5.85 5.53 5.50 5.61 5.68 5.68 5.67 5.63 5.56 5.44 5.33 5.30 5.34 5.43 5.72 6.24 6.71 6.99 7.11 7.20 7.41 7.66 7.75 7.80 7.81 7.70 7.40 6.91 6.21 5.37 4.65 4.38 4.72 5.66 6.38 6.82 6.99 7.05 6.97 6.88 6.77 6.95 7.28 7.38 7.26 6.81 6.29 5.94 5.92 6.24 6.69 6.95 6.87 6.60 6.73 7.67 8.82 9.68 10.10 10.40 10.88 11.22 11.30 11.14 10.91 10.47 9.77 8.75 7.72
5.57 5.26 4.88 4.99 5.71 6.62 7.31 7.76 7.99 7.93 7.71 7.51 7.33 7.09 6.84 6.49 6.11 5.83 5.78 5.86 5.96 6.10 6.28 6.37 6.30 6.11 6.07 6.12 6.17 6.38 6.91 7.58 8.14 8.48 8.60 8.47 8.25 8.07 7.96 7.78 7.35 6.65 5.84 5.09 4.57 4.32 4.30 4.73 5.62 6.48 7.21 7.67 7.80 7.64 7.37 7.23 7.29 7.18 6.93 6.35 5.64 4.98 4.47 4.18 4.38 4.70 5.08 5.29 5.25 5.33 5.78 6.67 7.64 8.32 8.87 9.37 9.68 9.78 9.92 10.06 10.19 9.96 9.34 8.16
6.13 5.78 5.61 6.13 6.89 7.44 7.63 7.62 7.48 7.13 6.84 6.69 6.58 6.62 6.66 6.56 6.30 6.03 5.98 6.15 6.46 6.84 7.20 7.44 7.51 7.40 7.32 7.32 7.38 7.56 7.94 8.33 8.58 8.62 8.45 8.12 7.79 7.44 7.14 6.67 6.04 5.35 4.73 4.30 4.22 4.42 4.81 5.46 6.09 6.84 7.49 7.86 8.09 8.23 8.04 7.73 7.38 6.88 6.23 5.34 4.50 3.78 3.03 2.55 2.43 2.43 2.51 2.83 3.23 3.46 3.95 4.39 4.89 5.34 5.77 6.28 6.36 6.53 6.91 7.36 8.33 9.26 9.51 9.00
6.64 6.86 7.41 7.78 7.88 7.77 7.38 6.96 6.52 6.24 6.10 5.97 5.88 5.93 6.05 6.16 6.15 6.08 6.18 6.46 6.92 7.41 7.82 8.16 8.30 8.36 8.37 8.41 8.51 8.63 8.64 8.44 8.06 7.57 7.02 6.60 6.47 6.20 5.76 5.17 4.57 4.27 4.15 4.22 4.47 4.82 5.35 5.90 6.45 7.00 7.29 7.52 7.76 8.07 8.18 7.89 7.26 6.46 5.54 4.65 3.81 2.95 2.27 1.80 1.50 1.38 1.39 1.58 1.97 2.43 2.80 3.07 3.20 3.30 3.39 3.74 4.08 4.52 4.99 5.51 6.44 7.80 8.90 9.12
6.64 7.27 8.09 8.21 7.95 7.49 6.86 6.38 5.87 5.69 5.66 5.54 5.44 5.43 5.52 5.74 5.93 6.09 6.26 6.39 6.55 6.78 7.12 7.60 7.98 8.27 8.50 8.65 8.71 8.60 8.21 7.48 6.59 5.93 5.51 5.28 5.07 4.73 4.33 4.05 3.89 3.91 4.12 4.56 4.94 5.32 5.76 6.14 6.52 6.71 6.65 6.63 6.81 7.19 7.51 7.50 7.07 6.34 5.44 4.68 3.96 3.19 2.61 2.20 1.93 1.84 1.93 2.17 2.43 2.53 2.54 2.55 2.44 2.28 2.27 2.52 3.07 3.72 4.15 4.49 5.14 6.15 7.49 8.34
6.47 6.94 7.57 7.68 7.41 6.86 6.32 5.92 5.60 5.42 5.32 5.17 5.10 5.10 5.23 5.48 5.79 6.01 6.08 5.94 5.71 5.58 5.73 6.18 6.87 7.45 7.85 8.01 7.89 7.47 6.76 5.85 4.97 4.47 4.25 4.06 3.74 3.53 3.51 3.65 3.90 4.25 4.69 5.05 5.49 5.98 6.27 6.47 6.46 6.24 6.05 6.04 6.17 6.40 6.68 6.91 6.93 6.65 5.99 5.26 4.65 4.16 3.79 3.55 3.38 3.26 3.35 3.40 3.20 2.90 2.59 2.42 2.21 1.92 1.82 2.08 2.53 2.88 3.14 3.46 3.94 4.60 5.84 7.27
6.35 6.27 6.47 6.80 6.85 6.58 6.10 5.58 5.31 5.14 4.97 4.86 4.79 4.83 5.08 5.40 5.75 5.95 5.98 5.84 5.66 5.58 5.73 6.11 6.63 7.00 7.09 6.95 6.57 6.00 5.30 4.66 4.07 3.66 3.39 3.24 3.21 3.33 3.50 3.78 4.28 4.89 5.27 5.64 6.12 6.56 6.80 6.77 6.41 5.95 5.63 5.56 5.63 5.84 6.19 6.54 6.90 7.05 6.80 6.22 5.69 5.35 5.15 5.01 4.89 4.82 4.72 4.33 3.74 3.33 3.10 2.74 2.32 2.01 1.92 2.07 2.22 2.17 2.26 2.65 3.05 3.53 4.49 6.06
6.28 5.97 5.75 6.05 6.50 6.75 6.59 6.01 5.56 5.33 5.11 5.01 4.97 5.02 5.22 5.57 5.86 6.13 6.30 6.38 6.49 6.70 6.98 7.18 7.12 6.80 6.32 5.81 5.31 4.89 4.47 4.12 3.87 3.72 3.56 3.44 3.56 3.90 4.13 4.28 4.66 5.14 5.62 6.15 6.62 6.98 7.07 6.88 6.43 5.84 5.26 4.94 5.02 5.38 5.86 6.37 6.85 7.27 7.46 7.32 7.04 6.85 6.78 6.70 6.55 6.28 5.85 5.37 4.91 4.60 4.14 3.53 2.89 2.56 2.42 2.32 2.22 2.12 2.23 2.48 2.72 3.03 3.64 4.77
6.21 5.85 5.44 5.59 6.09 6.75 7.12 6.93 6.48 6.21 6.03 5.85 5.84 5.87 5.89 5.92 6.07 6.35 6.69 6.98 7.23 7.42 7.45 7.22 6.72 6.03 5.35 4.80 4.36 4.16 4.15 4.13 4.12 4.28 4.38 4.37 4.36 4.58 4.88 4.95 5.02 5.28 5.82 6.40 6.85 7.08 7.03 6.81 6.48 5.94 5.18 4.68 4.72 5.12 5.60 6.08 6.56 7.18 7.65 7.91 8.11 8.33 8.62 8.82 8.61 8.14 7.46 6.90 6.62 6.21 5.37 4.42 3.82 3.60 3.36 2.96 2.69 2.65 2.73 2.78 2.81 2.88 3.17 3.77
5.96 5.50 5.02 5.08 5.45 6.29 7.03 7.33 7.12 6.85 6.68 6.49 6.46 6.51 6.50 6.35 6.20 6.29 6.60 6.92 7.06 6.94 6.52 5.88 5.25 4.72 4.32 4.04 3.89 3.94 4.17 4.53 4.81 4.93 5.11 5.25 5.26 5.30 5.53 5.59 5.53 5.64 6.09 6.49 6.79 6.82 6.63 6.50 6.50 6.35 5.82 5.15 4.91 5.06 5.25 5.63 6.26 6.99 7.53 7.98 8.37 8.79 9.27 9.64 9.92 9.81 9.33 8.76 8.17 7.48 6.64 5.78 5.29 4.93 4.50 4.05 3.85 3.80 3.70 3.43 3.13 2.97 2.96 3.12
5.83 5.51 5.07 4.93 5.08 5.60 6.47 7.13 7.26 6.97 6.58 6.22 6.10 6.16 6.26 6.26 6.06 6.04 6.16 6.19 6.00 5.54 4.90 4.28 3.81 3.51 3.40 3.50 3.68 4.00 4.56 5.15 5.49 5.65 5.74 5.89 6.04 6.08 6.07 6.11 6.13 6.21 6.31 6.43 6.38 6.13 5.86 5.93 6.38 6.74 6.68 6.23 5.59 5.37 5.37 5.68 6.30 6.97 7.35 7.67 7.87 8.25 8.65 9.05 9.61 9.98 10.02 9.96 9.59 9.06 8.63 8.19 7.58 6.70 5.86 5.48 5.41 5.33 4.92 4.31 3.63 3.11 2.78 2.73
6.13 6.05 5.71 5.33 5.22 5.35 5.93 6.73 7.22 7.19 6.71 6.17 5.84 5.68 5.69 5.88 5.76 5.81 5.72 5.29 4.64 3.98 3.45 3.06 2.78 2.63 2.66 2.82 3.22 3.98 4.80 5.35 5.77 6.06 6.23 6.36 6.45 6.42 6.34 6.33 6.45 6.47 6.45 6.27 5.88 5.33 5.17 5.39 5.92 6.66 7.03 6.93 6.50 6.07 5.95 6.06 6.32 6.72 6.99 7.10 7.03 6.90 6.77 7.00 7.70 8.61 9.35 9.94 10.35 10.41 10.43 10.26 9.73 8.89 7.89 7.32 6.96 6.46 5.70 4.68 3.83 3.23 2.81 2.56
6.21 6.02 5.77 5.54 5.39 5.36 5.60 6.27 7.03 7.47 7.40 6.92 6.43 6.00 5.73 5.60 5.62 5.58 5.19 4.45 3.67 3.16 2.87 2.67 2.51 2.46 2.48 2.45 2.63 3.25 4.01 4.55 5.02 5.48 5.87 6.13 6.16 6.18 6.16 6.21 6.30 6.38 6.40 6.21 5.87 5.36 5.07 5.12 5.42 5.97 6.67 6.98 6.97 6.62 6.35 6.12 6.05 6.11 6.28 6.19 6.00 5.67 5.40 5.45 5.87 6.68 7.75 8.76 9.58 10.09 10.46 10.68 10.55 10.23 9.72 8.99 8.00 6.85 5.70 4.70 4.04 3.58 3.13 2.62
5.63 5.11 4.68 4.82 4.99 5.08 5.16 5.57 6.40 7.18 7.56 7.38 6.90 6.41 6.06 5.76 5.57 5.25 4.68 4.05 3.66 3.53 3.19 3.11 2.95 2.96 3.03 2.88 2.66 2.64 2.80 3.14 3.55 4.03 4.53 4.94 5.25 5.49 5.71 5.92 5.96 5.97 5.92 5.77 5.62 5.33 4.94 4.81 4.92 5.23 5.80 6.51 6.77 6.65 6.30 5.85 5.62 5.50 5.54 5.37 5.07 4.65 4.44 4.65 5.10 5.59 6.22 6.90 7.60 8.15 8.62 9.10 9.58 9.87 9.92 9.68 8.67 7.11 5.89 5.21 4.72 4.12 3.44 2.96
4.88 4.32 3.79 3.93 4.16 4.23 4.21 4.53 5.22 6.16 6.90 7.17 6.93 6.48 6.14 5.80 5.46 5.03 4.63 4.76 4.33 4.38 4.33 4.20 4.05 4.08 4.09 3.94 3.56 3.15 2.98 2.96 3.00 3.12 3.43 3.92 4.51 4.91 5.28 5.56 5.55 5.39 5.00 4.51 4.06 3.90 3.91 3.95 4.11 4.55 5.06 5.69 6.20 6.24 5.90 5.52 5.29 5.24 5.17 4.98 4.59 4.04 3.98 4.22 4.64 4.97 5.23 5.47 5.77 6.15 6.23 6.63 7.40 8.22 8.92 9.45 9.30 8.28 6.97 6.12 5.34 4.57 3.96 3.63
5.05 4.69 4.35 4.27 4.03 3.80 3.72 3.80 4.16 4.94 5.91 6.64 6.85 6.56 6.16 5.76 5.40 5.11 5.35 5.08 5.35 5.50 5.60 5.56 5.45 5.38 5.32 5.07 4.71 4.33 4.07 3.88 3.64 3.42 3.42 3.74 4.23 4.60 4.97 5.24 5.23 4.93 4.27 3.33 2.81 2.77 3.03 3.37 3.79 4.20 4.60 5.03 5.53 5.77 5.55 5.40 5.31 5.32 5.20 5.08 4.78 4.35 4.24 4.20 4.25 4.17 4.20 4.46 4.76 5.04 5.16 5.30 5.77 6.56 7.30 8.36 9.28 9.30 8.44 7.12 5.90 5.28 5.04 4.92
5.74 5.73 5.74 5.59 5.21 4.60 4.13 3.86 3.77 4.03 4.74 5.72 6.42 6.57 6.22 5.73 5.42 5.35 5.52 5.86 6.24 6.56 6.83 6.96 6.96 6.78 6.48 6.10 5.62 5.08 4.68 4.50 4.42 4.29 4.08 4.03 4.30 4.64 5.03 5.29 5.28 4.91 4.26 3.52 3.24 3.38 3.77 4.20 4.45 4.55 4.56 4.68 5.10 5.51 5.50 5.46 5.40 5.42 5.34 5.39 5.29 4.99 4.62 4.11 3.73 3.47 3.40 3.68 4.12 4.53 4.78 4.96 5.09 5.53 6.14 7.04 8.36 9.30 9.42 8.75 7.64 7.14 6.95 6.72
6.08 6.30 6.49 6.36 6.06 5.53 4.91 4.33 3.89 3.64 3.81 4.46 5.44 6.09 6.14 5.73 5.43 5.50 5.87 6.44 6.89 7.34 7.75 8.05 8.09 7.94 7.64 7.22 6.61 5.82 5.08 4.70 4.71 4.94 5.12 5.06 5.02 5.22 5.58 5.83 5.94 5.76 5.25 4.82 4.80 5.09 5.48 5.66 5.56 5.08 4.75 4.60 4.92 5.36 5.52 5.50 5.42 5.46 5.47 5.66 5.68 5.44 4.92 4.15 3.48 3.10 3.05 3.28 3.64 3.99 4.38 4.63 4.75 4.95 5.44 6.04 7.02 8.40 9.47 10.04 10.02 9.59 8.98 8.39
6.06 6.27 6.37 6.18 5.90 5.50 5.11 4.61 4.05 3.57 3.40 3.64 4.31 5.22 5.69 5.61 5.38 5.42 5.82 6.37 6.82 7.23 7.60 7.93 8.09 8.13 8.10 7.97 7.57 6.85 5.92 5.16 4.92 5.15 5.47 5.70 5.84 5.97 6.15 6.50 6.94 7.16 7.21 6.86 6.61 6.65 6.67 6.37 5.91 5.35 4.87 4.70 4.75 5.19 5.47 5.48 5.43 5.55 5.59 5.73 5.81 5.73 5.40 4.74 3.96 3.42 3.18 3.20 3.34 3.56 3.89 4.13 4.34 4.61 4.95 5.34 6.02 7.10 8.54 9.72 10.45 10.45 9.93 9.19
