project/data/elevation/US_DEM2016/US_DEM2016_point_11-01-2019_1018_30m_ang.asc
ncols	125
nrows	167
xllcorner	-2042055.000000
yllcorner	1465035.000000
cellsize	30.000000
NODATA_value	-9999.000000
[rows 0 to 41 of 167, columns 0 to 93 of 125]
242 248 259 260 246 228 218 217 219 223 226 225 217 217 223 229 235 236 227 218 216 218 223 227 230 233 234 231 228 227 227 229 231 235 238 237 231 226 221 219 217 216 217 218 221 225 226 224 222 223 227 234 241 245 245 243 244 245 246 248 248 244 236 229 227 228 231 236 242 246 249 249 247 243 241 239 237 231 227 231 231 223 221 228 238 248 249 242 232 226 223 220 219 218
242 248 259 260 246 228 218 217 219 223 226 225 217 217 223 229 235 236 227 218 216 218 223 227 230 233 234 231 228 227 227 229 231 235 238 237 231 226 221 219 217 216 217 218 221 225 226 224 222 223 227 234 241 245 245 243 244 245 246 248 248 244 236 229 227 228 231 236 242 246 249 249 247 243 241 239 237 231 227 231 231 223 221 228 238 248 249 242 232 226 223 220 219 218
245 249 256 258 248 232 221 220 223 227 229 225 216 218 226 231 233 229 220 216 217 221 226 230 231 232 230 227 226 226 228 230 233 236 239 237 234 230 225 221 220 219 219 220 222 224 224 222 223 226 231 237 241 243 243 241 239 238 239 242 243 241 236 232 231 232 233 235 236 239 242 243 243 242 241 240 238 233 232 234 232 223 221 230 238 241 239 233 227 224 222 219 218 218
248 249 253 253 251 244 237 233 234 235 234 227 218 221 233 236 232 222 213 213 219 227 233 235 233 229 225 221 222 224 228 231 234 236 237 236 236 235 232 227 223 222 222 222 223 222 221 221 222 228 236 241 241 239 239 237 236 234 234 234 234 234 234 235 238 239 239 236 235 235 235 236 237 238 240 241 239 238 240 241 235 226 225 235 239 235 226 221 219 221 220 218 217 217
249 250 251 249 248 249 251 249 245 242 238 232 223 223 236 239 233 221 211 213 222 232 237 236 232 227 223 220 220 222 226 230 231 233 233 233 234 235 235 231 226 222 221 222 223 222 221 221 223 230 237 241 240 237 236 236 237 238 236 234 232 231 232 235 240 243 244 243 242 240 238 238 237 238 240 241 241 241 243 244 239 232 233 241 241 234 223 217 217 220 219 218 218 219
249 249 248 246 244 244 250 253 251 248 244 237 228 225 236 239 233 219 209 214 226 235 238 234 229 225 222 219 218 220 225 228 229 229 230 230 232 234 235 233 230 226 224 224 224 224 223 223 227 234 239 240 237 234 232 231 233 236 237 236 235 234 233 235 239 242 244 246 247 246 244 242 241 240 241 242 242 243 244 245 242 240 242 247 243 235 224 216 218 220 219 218 219 223
248 247 245 241 239 239 242 248 253 254 249 242 232 228 237 238 233 221 210 216 230 237 237 232 226 223 221 219 217 219 223 226 228 228 229 230 232 233 234 234 233 233 233 231 229 228 227 229 233 239 242 241 235 230 226 224 225 228 230 233 236 237 237 237 238 241 243 246 247 246 244 242 241 241 242 243 244 246 247 246 245 244 247 249 245 236 226 217 218 220 219 219 224 229
245 244 239 236 234 234 236 241 248 254 253 246 237 233 239 240 234 224 215 220 234 239 237 230 224 221 220 219 218 218 221 224 227 227 227 226 227 228 230 231 232 235 239 240 237 234 233 236 240 244 245 242 234 228 224 222 223 224 226 229 232 236 237 237 237 240 244 246 246 243 241 240 240 241 242 243 244 247 249 248 247 247 248 248 245 238 227 219 220 221 220 223 230 234
241 239 234 231 230 229 230 233 239 246 250 248 241 238 241 241 236 228 221 225 236 240 236 229 223 220 218 218 219 219 221 224 226 224 221 220 221 222 224 225 227 230 235 240 238 235 234 238 242 246 247 243 235 229 227 227 227 227 227 229 231 234 235 235 235 239 244 246 245 241 238 237 238 240 240 240 241 243 244 245 245 246 247 246 243 236 226 220 221 222 223 228 234 235
237 235 231 228 227 226 225 227 231 234 237 240 241 241 241 241 237 229 224 228 236 239 234 228 223 220 218 218 219 220 221 222 223 222 220 218 219 220 221 221 222 224 228 232 232 230 232 237 243 248 248 243 237 235 235 234 233 231 230 230 232 234 236 235 234 237 242 244 243 239 235 235 237 238 237 236 235 236 236 236 236 237 239 240 238 232 224 220 223 225 228 232 235 233
234 233 230 227 225 222 221 223 224 224 225 228 232 236 238 239 235 228 224 228 234 235 229 224 221 220 219 219 220 220 220 220 223 224 223 221 221 222 222 221 220 222 224 228 229 228 231 238 245 249 247 240 236 235 237 238 236 233 231 231 233 236 238 236 233 234 238 240 239 235 231 233 235 235 234 232 232 233 232 231 230 231 233 234 233 227 221 221 225 227 229 231 231 229
235 235 233 228 224 221 220 221 221 220 220 221 224 226 229 232 231 225 223 228 232 231 225 221 220 219 219 219 220 221 221 223 227 229 226 224 225 226 225 223 222 222 224 226 227 227 230 239 247 249 245 239 234 233 234 236 235 232 230 231 234 236 238 237 232 232 235 236 235 231 227 229 234 234 233 233 234 235 235 235 236 237 237 236 232 226 221 222 226 226 225 225 225 224
241 241 237 231 226 224 224 224 223 221 221 221 221 221 221 224 224 222 223 229 232 229 223 220 219 219 218 219 221 224 227 230 234 233 230 228 230 231 230 228 226 225 225 226 227 227 229 239 247 249 245 239 235 234 234 235 233 230 228 230 233 236 237 236 233 232 234 234 232 228 224 227 232 235 235 236 238 240 240 242 245 248 247 243 236 228 222 221 222 221 219 218 219 219
242 242 239 236 233 232 232 231 229 227 226 225 223 221 220 220 220 221 224 231 233 229 224 222 221 221 223 226 229 233 236 238 239 238 236 236 238 239 238 236 233 231 230 229 228 228 231 238 244 245 243 239 236 235 236 236 232 226 225 228 232 235 236 235 232 231 231 231 229 226 224 227 233 236 237 239 241 240 240 241 244 247 248 245 239 232 223 216 215 215 214 214 214 214
239 238 237 238 240 241 241 239 237 235 234 231 227 224 222 222 219 220 224 229 231 228 226 225 225 227 231 235 238 241 241 240 240 240 240 243 246 245 243 242 241 240 239 237 233 232 233 238 241 241 238 235 233 234 235 235 229 223 223 226 230 232 233 232 230 228 226 226 225 225 226 230 235 237 237 239 240 238 236 237 240 242 242 239 235 230 221 210 208 212 212 211 212 213
240 239 237 236 240 246 248 247 245 245 244 241 236 230 226 225 221 220 222 226 228 227 227 228 229 232 235 238 240 242 242 238 236 237 239 243 246 246 243 242 242 243 242 240 236 234 236 238 239 238 235 231 229 232 234 232 226 221 223 225 226 228 228 227 226 224 221 220 220 222 227 232 236 235 235 237 237 234 233 235 239 240 238 234 231 226 217 206 204 208 211 210 212 216
244 243 239 236 237 243 248 249 248 248 248 246 241 234 229 227 223 220 220 222 224 225 227 229 231 233 234 235 236 238 239 238 236 235 235 237 241 243 241 239 239 239 237 234 232 234 236 237 236 235 232 228 227 229 231 229 221 219 222 222 221 222 224 225 224 222 219 216 216 221 227 231 232 230 231 232 232 230 229 232 236 237 235 231 228 223 216 206 201 204 209 210 213 220
244 243 237 233 233 237 242 243 242 240 239 236 233 229 226 225 223 220 219 219 221 223 226 229 231 232 233 233 233 234 235 237 238 237 235 234 236 237 236 234 233 232 230 228 229 232 235 234 234 233 231 228 228 229 229 224 217 217 219 219 220 223 225 226 226 224 220 215 214 220 226 227 225 222 223 223 223 223 223 226 231 233 232 229 225 221 215 207 200 200 207 210 214 218
241 239 233 229 229 233 236 235 232 229 227 225 223 221 219 219 219 219 218 218 219 222 226 230 231 231 232 233 232 231 233 234 236 237 235 232 231 230 228 225 224 225 227 229 231 232 233 233 233 233 231 229 228 229 227 221 216 217 219 223 226 228 229 229 229 227 224 218 214 219 223 223 220 217 217 216 215 214 215 218 223 227 228 227 224 220 216 210 200 197 202 208 211 212
241 239 233 227 228 231 231 230 227 225 223 222 221 219 216 214 214 215 216 216 218 221 226 231 233 233 233 234 233 231 230 229 228 226 226 226 226 225 222 220 221 224 228 231 231 231 232 233 234 233 231 228 228 228 226 220 216 219 225 230 233 233 233 233 233 231 228 223 217 217 222 223 220 219 219 216 213 212 213 215 221 226 227 225 222 218 214 210 201 194 197 204 206 207
244 242 235 229 228 229 230 230 228 226 225 224 222 219 216 213 211 212 214 215 216 220 225 229 232 233 234 235 234 230 226 223 221 219 218 219 220 222 223 223 224 227 230 231 230 231 232 234 234 232 229 226 226 226 224 220 218 224 232 236 237 237 237 238 240 239 236 231 226 223 228 229 228 227 225 221 217 216 217 219 225 229 228 225 220 215 211 209 204 195 194 201 204 206
244 241 233 226 225 229 233 233 231 229 227 225 223 220 217 214 211 210 211 212 214 218 222 224 226 227 228 229 228 224 220 219 219 219 219 218 221 225 228 228 228 229 231 231 231 231 233 233 232 230 228 227 226 225 223 221 223 230 236 239 239 240 242 246 250 250 248 245 241 240 242 243 241 239 235 230 227 226 227 228 231 232 230 226 221 216 213 212 209 201 196 200 205 209
237 232 224 221 226 232 236 234 232 230 228 225 223 221 218 214 211 210 209 209 210 213 218 219 220 221 221 221 221 220 218 219 221 223 222 221 225 230 232 231 230 231 231 232 232 233 234 233 231 230 231 231 229 226 224 224 228 234 237 239 240 242 245 251 255 255 255 256 256 257 259 259 255 251 247 241 237 237 236 234 235 235 233 230 225 221 219 219 215 207 199 200 206 209
230 226 222 224 230 233 236 233 231 230 228 225 222 220 217 214 211 209 208 208 209 212 216 219 220 220 219 220 221 222 223 224 225 226 225 225 230 234 234 232 232 232 233 232 232 233 235 235 234 234 235 234 231 228 227 228 232 234 235 236 237 239 244 250 253 254 254 256 257 258 263 266 264 259 254 249 245 244 241 237 238 239 237 234 230 226 222 220 216 209 201 200 206 208
227 226 226 230 234 236 235 232 231 229 228 225 222 219 215 212 211 209 209 211 214 218 221 223 223 223 224 225 227 228 228 227 227 229 230 232 236 238 237 234 232 232 233 234 233 233 233 235 237 238 237 233 230 228 228 231 232 232 232 233 234 236 241 245 246 247 248 249 251 253 258 264 265 263 259 255 254 251 247 242 243 243 241 237 233 229 223 219 214 210 203 200 205 209
226 226 229 233 228 235 233 232 231 229 227 225 222 218 213 210 209 209 211 214 218 221 224 225 225 227 229 231 231 231 230 229 230 233 236 238 240 240 239 235 232 233 235 235 233 231 231 234 238 238 235 232 229 226 228 230 231 231 230 230 231 234 237 237 236 235 237 240 243 246 251 255 258 260 261 261 263 261 256 251 249 247 243 240 235 231 227 221 216 212 206 201 205 210
226 225 228 232 234 233 232 230 228 227 225 222 220 216 211 207 207 208 210 214 218 220 222 223 226 230 234 234 233 232 231 231 233 236 239 241 240 240 240 237 235 235 237 236 233 230 235 235 237 236 234 231 227 224 226 229 229 228 227 227 228 229 229 228 227 226 228 231 234 237 240 242 246 251 256 259 262 264 263 260 256 251 246 243 239 235 231 225 219 215 208 202 205 212
228 228 229 232 233 233 232 229 226 224 221 218 216 213 208 204 203 205 208 212 214 218 221 225 230 234 237 236 233 231 232 233 235 237 239 240 241 240 240 239 237 239 239 237 234 232 234 235 235 234 233 231 227 222 225 227 227 225 224 224 223 222 221 221 220 220 222 223 226 228 231 233 236 242 246 250 254 258 261 262 261 256 251 247 242 238 234 228 221 217 211 205 206 212
232 232 231 232 233 235 234 231 227 224 221 218 215 213 208 203 201 203 207 211 215 220 225 230 234 236 238 236 232 230 232 234 235 236 236 237 236 235 236 237 236 239 240 239 238 237 235 233 232 231 231 231 226 221 222 223 223 223 223 222 222 221 221 205 220 219 219 219 220 223 225 226 229 233 236 238 242 247 251 255 258 259 255 251 246 241 236 231 225 219 214 208 207 212
234 232 231 232 234 236 236 233 230 226 223 220 217 214 209 204 202 204 208 214 221 227 230 233 237 239 239 236 231 229 230 231 231 230 230 230 229 228 229 232 233 235 238 241 241 239 234 230 229 228 229 229 226 218 214 216 219 221 222 224 227 228 228 225 222 221 215 220 218 218 217 217 220 225 227 229 232 236 239 242 247 252 256 255 251 245 239 234 229 223 217 211 208 211
232 231 230 232 234 236 237 235 232 228 224 221 219 215 210 205 203 206 212 221 228 232 235 237 240 242 243 239 233 230 230 229 227 225 225 224 224 223 224 227 229 231 235 240 241 237 231 226 225 227 228 229 226 216 206 208 215 221 224 231 236 238 233 229 226 226 226 223 220 217 214 214 217 220 221 223 226 229 232 235 239 244 252 256 256 252 246 239 232 227 221 215 210 209
232 233 233 234 234 236 237 236 233 229 225 221 218 214 209 205 204 209 217 226 231 235 238 241 243 245 246 246 242 237 234 232 228 226 224 224 223 223 224 227 229 231 237 240 238 234 229 224 224 226 229 230 229 219 204 203 214 223 230 238 243 241 234 229 227 230 230 227 224 220 218 216 218 220 220 222 225 228 230 232 235 238 243 251 258 259 254 247 239 231 226 220 214 209
236 239 241 240 238 236 236 236 234 230 227 224 220 215 209 204 205 212 221 227 231 235 239 241 242 244 246 249 249 248 246 242 237 232 229 227 226 225 226 229 232 238 243 242 238 233 229 225 224 227 230 232 231 223 207 203 214 226 235 244 247 243 235 229 228 233 234 231 229 227 223 220 221 223 224 225 227 228 229 229 230 232 236 244 251 256 258 254 247 239 231 226 220 211
243 246 249 248 244 239 237 237 235 233 230 227 223 218 211 206 207 214 220 224 228 232 235 236 237 239 242 245 248 250 250 247 243 238 234 232 229 228 230 232 237 244 248 247 242 239 236 233 228 228 230 235 234 226 211 205 213 227 237 245 247 243 236 231 230 235 236 234 233 233 228 223 225 229 231 229 227 227 227 227 228 229 233 239 244 247 250 253 251 246 240 233 226 215
246 247 247 246 244 240 238 238 237 235 232 229 226 220 214 209 210 214 217 220 224 227 229 231 232 235 238 240 242 243 244 242 239 238 237 235 233 233 235 237 242 246 248 246 245 244 243 240 234 229 231 237 237 229 213 206 213 226 236 242 244 242 236 233 231 235 237 235 235 236 231 225 230 235 234 229 227 226 226 226 225 226 230 234 236 236 236 238 241 242 241 237 229 218
245 243 240 237 235 234 234 235 236 235 233 231 228 223 217 211 211 212 214 216 220 222 224 225 228 231 234 236 237 239 239 237 234 233 236 238 238 238 240 241 243 245 245 242 241 241 240 238 234 227 227 236 237 230 215 207 214 226 234 240 242 241 236 233 232 234 236 235 235 237 233 226 233 238 233 227 227 228 227 224 220 221 224 228 228 227 227 228 229 231 232 230 225 216
242 241 236 233 230 229 229 230 231 233 233 233 231 226 220 214 211 210 210 212 215 216 218 220 223 226 228 230 234 237 238 236 232 230 232 236 238 239 240 239 239 239 239 237 235 234 232 231 229 223 221 229 234 230 216 208 215 226 233 239 242 240 235 232 232 233 235 236 237 239 235 228 234 238 232 226 227 229 228 224 218 217 220 224 225 224 224 226 228 228 226 223 220 213
241 240 236 233 230 229 229 228 228 229 231 233 232 229 223 216 212 210 208 209 211 212 214 216 219 221 224 226 230 234 236 235 232 229 231 235 236 236 236 234 232 231 229 229 229 229 228 228 226 222 216 220 230 229 218 210 216 226 234 241 243 241 234 230 229 230 234 237 238 241 238 231 234 238 234 227 227 230 229 225 219 218 222 226 226 224 224 225 227 226 224 221 217 211
242 240 236 233 232 231 231 229 228 228 229 231 231 229 224 218 215 213 210 211 213 214 216 217 220 221 223 224 228 231 233 233 231 230 233 236 235 232 231 230 228 226 231 226 228 228 228 228 227 224 217 215 226 227 218 211 217 227 236 243 245 243 237 232 230 230 234 238 240 243 241 234 234 239 236 228 226 230 232 229 223 222 227 229 227 225 222 222 221 219 217 216 213 207
242 241 237 234 233 233 232 230 227 226 227 228 228 226 222 219 218 217 215 216 219 221 222 223 223 223 223 224 226 229 231 231 229 228 229 230 227 225 226 229 228 223 224 228 231 230 227 226 225 223 219 213 219 224 217 212 218 228 237 244 247 246 242 239 236 235 237 240 243 245 243 237 235 241 240 231 225 232 236 234 227 226 229 229 226 223 220 218 218 217 215 214 211 207
243 241 237 233 232 232 230 227 224 222 222 223 222 220 219 219 220 221 221 220 223 226 227 226 225 225 224 224 225 227 229 229 227 225 223 221 220 221 224 229 227 222 226 232 233 231 227 223 221 220 217 212 212 218 215 213 219 228 236 243 247 248 246 245 244 242 240 241 244 248 247 241 238 243 243 234 226 233 239 237 228 224 228 227 225 223 222 221 221 220 219 217 215 210
244 241 235 231 229 228 227 224 221 220 220 220 217 214 216 219 221 223 224 222 224 227 229 227 227 228 227 226 225 226 227 227 224 221 221 221 221 222 227 231 228 222 223 232 235 235 230 225 223 220 218 214 210 213 215 216 223 230 236 242 245 246 245 244 244 243 241 240 242 247 250 247 244 246 245 237 228 233 241 238 227 222 226 227 226 227 228 226 224 223 222 221 218 213
