project/data/elevation/US_DEM2016/US_DEM2016_point_10-29-2019_0000_30m_vel.asc
ncols	125
nrows	167
xllcorner	-2042055.000000
yllcorner	1465035.000000
cellsize	30.000000
NODATA_value	-9999.000000
[rows 0 to 37 of 167, columns 0 to 83 of 125]
1.79 1.56 1.35 1.54 1.96 2.52 3.08 3.48 3.65 3.73 3.86 4.07 4.17 3.96 3.76 3.75 3.76 3.64 3.37 3.14 3.02 3.08 3.27 3.49 3.63 3.64 3.49 3.03 2.40 1.82 1.35 1.05 0.88 0.74 0.62 0.58 0.70 0.97 1.29 1.50 1.61 1.68 1.74 1.75 1.67 1.52 1.39 1.40 1.61 1.95 2.33 2.71 3.02 3.29 3.42 3.44 3.32 2.97 2.62 2.37 2.22 2.16 2.23 2.49 2.71 2.78 2.70 2.45 2.08 1.85 1.80 1.85 1.96 2.07 2.17 2.24 2.28 2.44 2.71 2.95 3.08 3.03 2.78 2.66
1.79 1.56 1.35 1.54 1.96 2.52 3.08 3.48 3.65 3.73 3.86 4.07 4.17 3.96 3.76 3.75 3.76 3.64 3.37 3.14 3.02 3.08 3.27 3.49 3.63 3.64 3.49 3.03 2.40 1.82 1.35 1.05 0.88 0.74 0.62 0.58 0.70 0.97 1.29 1.50 1.61 1.68 1.74 1.75 1.67 1.52 1.39 1.40 1.61 1.95 2.33 2.71 3.02 3.29 3.42 3.44 3.32 2.97 2.62 2.37 2.22 2.16 2.23 2.49 2.71 2.78 2.70 2.45 2.08 1.85 1.80 1.85 1.96 2.07 2.17 2.24 2.28 2.44 2.71 2.95 3.08 3.03 2.78 2.66
1.79 1.60 1.46 1.61 1.90 2.33 2.80 3.14 3.32 3.39 3.50 3.70 3.77 3.66 3.50 3.49 3.53 3.49 3.28 3.04 2.95 3.01 3.16 3.28 3.34 3.28 3.03 2.56 2.08 1.64 1.32 1.09 0.94 0.83 0.73 0.70 0.79 0.96 1.14 1.29 1.39 1.47 1.54 1.64 1.72 1.76 1.76 1.77 1.91 2.14 2.41 2.64 2.84 2.99 3.08 3.11 3.10 2.97 2.72 2.42 2.18 2.06 2.11 2.26 2.39 2.46 2.48 2.43 2.34 2.20 2.10 2.06 2.04 2.02 2.01 2.03 2.10 2.27 2.48 2.63 2.66 2.66 2.65 2.68
2.03 1.83 1.73 1.82 1.96 2.18 2.43 2.58 2.63 2.66 2.78 2.92 2.98 2.92 2.86 2.86 2.92 3.01 2.98 2.87 2.86 2.93 2.94 2.86 2.75 2.58 2.31 2.03 1.75 1.54 1.39 1.28 1.21 1.19 1.16 1.12 1.08 1.08 1.08 1.12 1.28 1.47 1.62 1.77 1.96 2.13 2.27 2.31 2.34 2.42 2.49 2.49 2.47 2.44 2.42 2.36 2.37 2.49 2.55 2.49 2.34 2.18 2.06 1.97 1.87 1.83 1.92 2.13 2.33 2.43 2.41 2.28 2.09 1.91 1.78 1.75 1.83 1.96 2.03 1.98 1.98 2.18 2.46 2.68
2.22 2.05 1.97 2.00 2.05 2.14 2.23 2.25 2.18 2.14 2.17 2.26 2.33 2.31 2.27 2.27 2.33 2.46 2.64 2.78 2.89 2.87 2.72 2.46 2.21 2.04 1.96 1.88 1.78 1.71 1.68 1.67 1.71 1.72 1.68 1.59 1.49 1.40 1.31 1.32 1.50 1.73 1.95 2.13 2.23 2.30 2.38 2.48 2.55 2.57 2.53 2.41 2.25 2.08 1.90 1.65 1.52 1.58 1.82 2.12 2.29 2.28 2.12 1.84 1.59 1.43 1.40 1.50 1.68 1.84 1.90 1.86 1.76 1.65 1.58 1.59 1.65 1.70 1.69 1.63 1.69 1.97 2.32 2.49
2.22 2.11 2.09 2.12 2.12 2.11 2.10 2.02 1.94 1.87 1.79 1.81 1.93 2.01 2.08 2.14 2.21 2.29 2.47 2.68 2.78 2.65 2.39 2.07 1.82 1.77 1.83 1.87 1.90 1.95 2.03 2.09 2.12 2.06 1.96 1.86 1.79 1.72 1.64 1.58 1.60 1.68 1.85 2.10 2.24 2.29 2.33 2.44 2.53 2.55 2.50 2.40 2.24 1.96 1.64 1.40 1.32 1.35 1.45 1.58 1.74 1.86 1.82 1.61 1.40 1.26 1.19 1.15 1.15 1.15 1.18 1.20 1.22 1.26 1.33 1.41 1.48 1.52 1.55 1.58 1.66 1.87 2.09 2.10
2.21 2.20 2.23 2.26 2.21 2.10 1.94 1.77 1.71 1.70 1.62 1.56 1.67 1.89 2.11 2.21 2.32 2.36 2.36 2.37 2.38 2.26 2.03 1.80 1.71 1.74 1.81 1.85 1.92 2.05 2.20 2.28 2.26 2.20 2.13 2.11 2.10 2.05 1.94 1.79 1.67 1.64 1.69 1.81 1.93 1.94 1.97 2.06 2.20 2.31 2.37 2.36 2.28 2.16 2.02 1.89 1.89 1.87 1.76 1.59 1.44 1.36 1.33 1.29 1.24 1.19 1.16 1.13 1.09 1.04 0.99 0.99 1.05 1.13 1.23 1.29 1.33 1.39 1.50 1.60 1.68 1.80 1.86 1.73
2.23 2.31 2.44 2.43 2.32 2.06 1.78 1.58 1.56 1.64 1.62 1.49 1.56 1.83 2.07 2.12 2.20 2.25 2.13 1.97 1.92 1.87 1.77 1.73 1.73 1.77 1.83 1.86 1.92 2.04 2.20 2.31 2.36 2.42 2.52 2.64 2.68 2.59 2.43 2.22 1.97 1.77 1.68 1.61 1.52 1.48 1.51 1.64 1.90 2.18 2.31 2.34 2.37 2.47 2.56 2.57 2.47 2.30 2.04 1.72 1.40 1.19 1.13 1.16 1.18 1.19 1.20 1.22 1.22 1.17 1.10 1.09 1.14 1.20 1.27 1.31 1.34 1.42 1.55 1.60 1.64 1.70 1.66 1.49
2.33 2.46 2.65 2.60 2.40 2.12 1.81 1.66 1.69 1.72 1.67 1.61 1.68 1.85 1.95 1.89 1.86 1.90 1.82 1.70 1.68 1.62 1.54 1.57 1.63 1.71 1.85 1.99 2.07 2.12 2.24 2.40 2.61 2.90 3.19 3.37 3.37 3.25 3.07 2.84 2.55 2.22 1.93 1.70 1.55 1.49 1.60 1.83 2.13 2.33 2.33 2.20 2.14 2.23 2.36 2.39 2.26 2.02 1.74 1.49 1.32 1.22 1.20 1.24 1.29 1.33 1.38 1.40 1.35 1.26 1.20 1.20 1.25 1.35 1.47 1.57 1.67 1.79 1.83 1.75 1.68 1.64 1.57 1.66
2.42 2.57 2.73 2.66 2.48 2.27 2.07 2.03 2.11 2.11 1.97 1.87 1.89 1.90 1.82 1.65 1.53 1.58 1.66 1.67 1.67 1.53 1.38 1.41 1.53 1.66 1.83 2.03 2.19 2.31 2.47 2.69 2.98 3.28 3.47 3.51 3.46 3.39 3.34 3.27 3.11 2.85 2.53 2.21 1.95 1.89 1.98 2.20 2.43 2.46 2.25 1.86 1.59 1.42 1.44 1.53 1.54 1.43 1.32 1.24 1.22 1.24 1.27 1.34 1.49 1.64 1.75 1.72 1.52 1.32 1.28 1.37 1.55 1.75 1.93 2.08 2.25 2.39 2.39 2.24 2.06 1.94 1.86 1.79
2.55 2.56 2.65 2.67 2.60 2.55 2.55 2.67 2.75 2.68 2.50 2.30 2.12 1.93 1.72 1.48 1.34 1.48 1.72 1.86 1.83 1.65 1.50 1.51 1.61 1.73 1.84 1.99 2.26 2.58 2.82 3.02 3.16 3.17 3.02 2.82 2.77 2.90 3.08 3.22 3.26 3.17 2.96 2.67 2.38 2.20 2.17 2.34 2.49 2.40 2.04 1.60 1.28 1.06 0.94 0.90 0.96 1.06 1.13 1.18 1.23 1.29 1.37 1.50 1.72 1.98 2.10 2.00 1.74 1.51 1.51 1.73 2.01 2.25 2.43 2.59 2.74 2.79 2.71 2.58 2.46 2.38 2.28 2.13
2.54 2.37 2.41 2.66 2.86 3.01 3.17 3.30 3.33 3.19 2.98 2.76 2.47 2.09 1.75 1.53 1.44 1.60 1.87 2.03 1.99 1.84 1.72 1.71 1.77 1.90 2.04 2.24 2.54 2.80 2.93 2.96 2.84 2.55 2.19 1.96 2.02 2.26 2.49 2.67 2.85 2.99 3.02 2.91 2.68 2.43 2.34 2.41 2.40 2.17 1.76 1.49 1.31 1.10 0.88 0.74 0.77 0.94 1.11 1.24 1.36 1.50 1.67 1.83 2.01 2.17 2.21 2.13 2.01 1.90 1.91 2.10 2.34 2.55 2.69 2.76 2.72 2.54 2.24 2.05 2.00 1.99 1.97 1.92
2.27 2.12 2.10 2.47 2.88 3.18 3.36 3.42 3.41 3.31 3.17 3.01 2.78 2.41 2.06 1.85 1.76 1.78 1.87 1.95 1.92 1.83 1.76 1.76 1.86 2.02 2.23 2.43 2.55 2.56 2.46 2.26 1.94 1.58 1.37 1.43 1.62 1.73 1.75 1.89 2.11 2.37 2.66 2.83 2.80 2.63 2.49 2.44 2.22 1.79 1.40 1.22 1.07 0.92 0.82 0.80 0.87 1.03 1.23 1.44 1.63 1.82 2.00 2.12 2.18 2.19 2.17 2.21 2.27 2.28 2.30 2.43 2.61 2.70 2.64 2.42 2.07 1.63 1.26 1.09 1.10 1.19 1.29 1.37
2.20 2.15 2.12 2.23 2.46 2.72 2.86 2.88 2.83 2.82 2.84 2.84 2.80 2.67 2.47 2.24 2.05 1.89 1.77 1.67 1.59 1.58 1.60 1.66 1.76 1.86 1.97 1.98 1.86 1.67 1.46 1.18 0.91 0.77 0.82 1.02 1.14 1.09 1.08 1.21 1.39 1.62 1.90 2.20 2.43 2.51 2.50 2.40 2.10 1.63 1.21 0.90 0.75 0.76 0.84 0.97 1.10 1.23 1.43 1.70 1.93 2.10 2.21 2.27 2.30 2.31 2.32 2.39 2.48 2.52 2.58 2.72 2.76 2.57 2.16 1.65 1.21 0.96 0.88 0.92 1.05 1.18 1.28 1.30
2.37 2.40 2.27 2.08 1.94 1.91 1.90 1.83 1.75 1.82 1.99 2.18 2.33 2.45 2.49 2.41 2.21 1.95 1.70 1.44 1.26 1.31 1.42 1.48 1.47 1.41 1.33 1.18 1.00 0.86 0.73 0.66 0.67 0.73 0.81 0.83 0.80 0.80 0.86 0.94 1.01 1.09 1.23 1.44 1.80 2.23 2.43 2.40 2.13 1.74 1.28 0.95 0.88 0.99 1.19 1.33 1.38 1.45 1.63 1.91 2.19 2.38 2.48 2.55 2.61 2.69 2.71 2.70 2.70 2.73 2.79 2.81 2.57 2.02 1.47 1.16 1.05 1.06 1.16 1.36 1.57 1.72 1.72 1.69
2.41 2.36 2.16 1.85 1.45 1.16 0.97 0.85 0.85 0.94 1.10 1.27 1.46 1.71 2.00 2.18 2.17 1.98 1.68 1.37 1.22 1.29 1.38 1.37 1.24 1.08 0.95 0.88 0.85 0.82 0.80 0.87 1.02 1.16 1.19 1.14 1.11 1.13 1.18 1.23 1.24 1.27 1.37 1.58 1.94 2.35 2.51 2.41 2.10 1.73 1.44 1.32 1.35 1.51 1.67 1.71 1.66 1.70 1.90 2.23 2.55 2.80 2.96 3.03 3.08 3.15 3.17 3.14 3.11 3.10 3.01 2.73 2.16 1.64 1.42 1.43 1.51 1.53 1.60 1.77 1.99 2.10 2.12 2.22
2.20 2.00 1.72 1.46 1.05 0.76 0.65 0.66 0.75 0.90 1.04 1.13 1.23 1.43 1.66 1.84 1.95 1.93 1.76 1.57 1.49 1.49 1.46 1.38 1.28 1.18 1.15 1.19 1.25 1.27 1.23 1.22 1.31 1.48 1.63 1.73 1.75 1.72 1.70 1.74 1.84 1.98 2.14 2.39 2.65 2.75 2.63 2.40 2.11 1.86 1.70 1.69 1.78 1.94 2.04 2.05 2.02 2.12 2.40 2.76 3.09 3.32 3.44 3.49 3.47 3.44 3.45 3.48 3.51 3.42 3.16 2.71 2.16 1.95 2.04 2.16 2.16 2.08 2.07 2.19 2.33 2.43 2.56 2.74
2.08 1.89 1.54 1.24 1.04 0.97 1.06 1.23 1.43 1.64 1.77 1.84 1.89 1.89 1.85 1.74 1.74 1.83 1.85 1.82 1.76 1.64 1.51 1.44 1.44 1.46 1.51 1.56 1.62 1.69 1.69 1.62 1.61 1.73 1.94 2.13 2.22 2.23 2.19 2.25 2.44 2.65 2.85 2.98 2.97 2.75 2.43 2.21 2.10 2.03 1.96 1.97 2.08 2.24 2.33 2.33 2.39 2.58 2.93 3.28 3.51 3.58 3.56 3.53 3.47 3.38 3.33 3.35 3.43 3.42 3.28 3.13 2.90 2.87 3.02 3.11 3.07 2.95 2.90 2.88 2.87 2.89 2.99 3.06
2.16 2.01 1.65 1.37 1.35 1.60 1.95 2.25 2.51 2.69 2.79 2.82 2.75 2.51 2.17 1.87 1.74 1.79 1.87 1.89 1.84 1.74 1.63 1.60 1.64 1.70 1.75 1.79 1.86 1.97 2.09 2.16 2.18 2.20 2.29 2.46 2.63 2.72 2.77 2.86 2.99 3.10 3.11 2.97 2.63 2.17 1.79 1.72 1.88 2.03 2.17 2.26 2.41 2.53 2.55 2.51 2.63 2.93 3.27 3.46 3.47 3.33 3.17 3.07 3.06 3.07 3.07 3.05 3.05 3.12 3.32 3.55 3.79 3.90 3.98 4.09 4.15 4.13 4.06 3.87 3.65 3.45 3.30 3.11
2.04 1.82 1.52 1.44 1.71 2.21 2.69 3.05 3.28 3.35 3.32 3.22 3.04 2.76 2.45 2.17 1.97 1.89 1.90 1.91 1.89 1.87 1.86 1.88 1.90 1.91 1.95 2.01 2.09 2.21 2.42 2.67 2.87 2.98 3.03 3.08 3.12 3.15 3.23 3.31 3.30 3.15 2.88 2.47 1.96 1.49 1.27 1.34 1.69 2.07 2.39 2.63 2.77 2.76 2.66 2.63 2.82 3.13 3.28 3.23 3.00 2.73 2.52 2.43 2.48 2.62 2.74 2.76 2.69 2.74 3.05 3.47 3.86 4.09 4.23 4.42 4.56 4.60 4.52 4.37 4.11 3.80 3.42 3.01
1.73 1.55 1.43 1.65 2.22 2.83 3.20 3.39 3.43 3.34 3.18 3.02 2.87 2.72 2.59 2.42 2.21 2.05 1.99 1.99 2.02 2.09 2.20 2.27 2.29 2.28 2.31 2.38 2.46 2.58 2.83 3.15 3.41 3.59 3.64 3.55 3.39 3.30 3.30 3.26 3.04 2.67 2.19 1.71 1.36 1.21 1.23 1.49 1.93 2.36 2.75 3.03 3.10 3.00 2.85 2.86 3.03 3.11 3.02 2.73 2.37 2.05 1.82 1.70 1.75 1.86 1.97 2.06 2.12 2.23 2.43 2.76 3.13 3.41 3.60 3.79 3.93 3.96 3.97 3.94 3.87 3.68 3.41 3.01
1.99 1.91 2.00 2.45 2.98 3.31 3.37 3.27 3.11 2.87 2.69 2.58 2.49 2.47 2.46 2.40 2.27 2.13 2.08 2.14 2.28 2.49 2.67 2.78 2.83 2.85 2.88 2.94 3.03 3.17 3.39 3.57 3.65 3.63 3.51 3.30 3.12 3.00 2.88 2.63 2.26 1.85 1.44 1.18 1.14 1.30 1.62 2.04 2.40 2.77 3.07 3.21 3.23 3.20 3.12 3.08 3.05 2.88 2.56 2.11 1.69 1.36 1.08 0.97 1.01 1.01 0.98 1.06 1.28 1.50 1.78 2.00 2.17 2.29 2.39 2.53 2.53 2.58 2.70 2.82 3.07 3.28 3.34 3.25
2.41 2.62 3.02 3.31 3.45 3.41 3.16 2.86 2.58 2.40 2.30 2.22 2.16 2.14 2.15 2.18 2.17 2.14 2.19 2.32 2.57 2.84 3.02 3.14 3.21 3.28 3.36 3.44 3.55 3.67 3.74 3.65 3.41 3.09 2.75 2.52 2.49 2.40 2.13 1.75 1.39 1.17 1.07 1.13 1.34 1.66 2.05 2.42 2.75 3.01 3.09 3.07 3.05 3.10 3.15 3.07 2.85 2.50 2.04 1.57 1.15 0.79 0.58 0.60 0.71 0.73 0.75 0.83 0.99 1.22 1.44 1.61 1.64 1.59 1.52 1.52 1.58 1.75 1.95 2.13 2.38 2.75 3.09 3.21
2.63 2.96 3.38 3.46 3.36 3.13 2.77 2.47 2.21 2.11 2.07 2.01 1.95 1.90 1.90 1.97 2.06 2.15 2.24 2.33 2.46 2.59 2.74 2.93 3.10 3.26 3.41 3.55 3.64 3.63 3.48 3.12 2.63 2.22 1.95 1.86 1.82 1.61 1.29 1.06 0.95 0.96 1.10 1.40 1.73 2.04 2.37 2.67 2.91 2.96 2.82 2.68 2.64 2.72 2.80 2.78 2.57 2.22 1.79 1.39 1.03 0.74 0.62 0.65 0.72 0.78 0.90 1.08 1.21 1.28 1.37 1.47 1.46 1.32 1.16 1.12 1.29 1.55 1.70 1.80 1.98 2.23 2.57 2.79
2.80 2.93 3.11 3.10 2.93 2.65 2.37 2.17 2.02 1.94 1.89 1.81 1.77 1.74 1.76 1.86 2.01 2.12 2.17 2.13 2.06 2.04 2.13 2.35 2.66 2.95 3.17 3.28 3.24 3.04 2.67 2.19 1.69 1.40 1.27 1.22 1.06 0.86 0.78 0.83 0.97 1.20 1.52 1.83 2.13 2.45 2.70 2.88 2.90 2.74 2.53 2.41 2.37 2.38 2.41 2.43 2.39 2.21 1.89 1.55 1.30 1.18 1.20 1.27 1.32 1.37 1.50 1.57 1.47 1.34 1.30 1.34 1.34 1.24 1.11 1.11 1.29 1.41 1.40 1.46 1.60 1.75 2.01 2.35
2.98 2.81 2.67 2.65 2.54 2.33 2.12 1.94 1.84 1.77 1.71 1.65 1.60 1.61 1.72 1.86 2.01 2.11 2.13 2.08 2.05 2.07 2.21 2.43 2.70 2.88 2.91 2.80 2.57 2.23 1.80 1.41 1.09 0.90 0.80 0.74 0.69 0.70 0.81 1.00 1.30 1.65 1.95 2.24 2.55 2.82 2.99 2.97 2.78 2.51 2.29 2.18 2.14 2.15 2.20 2.27 2.34 2.32 2.18 1.95 1.80 1.80 1.87 1.95 1.99 2.04 2.04 1.84 1.56 1.44 1.41 1.30 1.20 1.16 1.15 1.21 1.32 1.30 1.20 1.25 1.34 1.43 1.62 2.01
3.07 2.78 2.44 2.38 2.35 2.31 2.22 2.05 1.90 1.83 1.75 1.71 1.69 1.72 1.82 1.99 2.10 2.20 2.29 2.36 2.48 2.67 2.88 3.02 3.02 2.86 2.56 2.22 1.88 1.55 1.24 1.04 0.93 0.89 0.87 0.86 0.93 1.09 1.25 1.41 1.63 1.91 2.23 2.58 2.89 3.11 3.11 2.94 2.63 2.30 2.04 1.89 1.89 1.99 2.13 2.25 2.33 2.41 2.46 2.47 2.49 2.56 2.65 2.68 2.67 2.59 2.40 2.15 1.98 1.92 1.75 1.47 1.25 1.23 1.25 1.25 1.28 1.29 1.30 1.33 1.34 1.34 1.45 1.72
3.07 2.77 2.39 2.28 2.27 2.33 2.41 2.38 2.27 2.20 2.15 2.09 2.10 2.13 2.16 2.17 2.22 2.33 2.50 2.70 2.91 3.08 3.15 3.06 2.80 2.42 2.00 1.62 1.29 1.10 1.04 1.02 1.07 1.21 1.33 1.39 1.44 1.54 1.69 1.80 1.90 2.10 2.45 2.81 3.10 3.20 3.08 2.81 2.49 2.17 1.87 1.75 1.81 1.96 2.10 2.17 2.23 2.40 2.62 2.85 3.09 3.33 3.53 3.61 3.51 3.27 2.98 2.76 2.68 2.50 2.11 1.70 1.55 1.59 1.53 1.38 1.35 1.43 1.48 1.47 1.44 1.40 1.42 1.52
2.91 2.64 2.29 2.17 2.15 2.25 2.40 2.50 2.49 2.44 2.41 2.36 2.38 2.42 2.43 2.36 2.29 2.33 2.51 2.74 2.90 2.90 2.70 2.37 2.02 1.69 1.38 1.11 0.97 0.97 1.04 1.26 1.49 1.63 1.75 1.85 1.90 1.94 2.03 2.10 2.19 2.37 2.69 2.98 3.15 3.10 2.86 2.60 2.40 2.23 2.04 1.91 1.92 2.00 2.00 2.01 2.16 2.42 2.70 3.03 3.40 3.71 3.92 4.01 4.03 3.91 3.69 3.49 3.23 2.88 2.49 2.20 2.12 2.08 1.91 1.76 1.79 1.88 1.83 1.67 1.52 1.45 1.42 1.39
2.74 2.57 2.30 2.16 2.11 2.14 2.27 2.43 2.48 2.41 2.29 2.19 2.17 2.22 2.28 2.29 2.21 2.23 2.36 2.48 2.44 2.21 1.86 1.50 1.21 0.98 0.82 0.78 0.84 1.01 1.35 1.71 1.91 2.02 2.08 2.16 2.24 2.30 2.31 2.36 2.48 2.67 2.88 3.02 2.97 2.74 2.47 2.34 2.35 2.40 2.40 2.31 2.19 2.14 2.08 2.09 2.28 2.55 2.77 3.08 3.35 3.57 3.68 3.72 3.85 3.93 3.93 3.90 3.72 3.47 3.30 3.17 2.99 2.68 2.38 2.32 2.42 2.45 2.26 1.94 1.61 1.42 1.33 1.31
2.83 2.74 2.49 2.30 2.23 2.17 2.20 2.33 2.45 2.43 2.28 2.13 2.03 1.99 2.00 2.13 2.07 2.14 2.20 2.07 1.75 1.34 1.00 0.74 0.54 0.42 0.42 0.49 0.70 1.18 1.66 1.94 2.11 2.23 2.31 2.37 2.42 2.42 2.42 2.47 2.63 2.81 2.94 2.89 2.64 2.30 2.14 2.14 2.25 2.46 2.57 2.57 2.51 2.40 2.34 2.33 2.39 2.54 2.73 2.96 3.05 3.02 2.89 2.88 3.06 3.34 3.60 3.83 4.01 4.07 4.11 4.04 3.78 3.44 3.13 3.03 2.97 2.77 2.39 1.91 1.53 1.33 1.25 1.24
2.97 2.77 2.48 2.33 2.30 2.28 2.23 2.28 2.42 2.55 2.56 2.43 2.28 2.12 2.02 1.99 2.02 2.05 1.92 1.55 1.08 0.74 0.57 0.48 0.39 0.32 0.35 0.44 0.69 1.09 1.45 1.65 1.82 1.99 2.14 2.25 2.26 2.27 2.31 2.42 2.61 2.81 2.90 2.76 2.51 2.23 2.07 2.06 2.14 2.29 2.47 2.57 2.63 2.58 2.49 2.37 2.30 2.32 2.46 2.62 2.61 2.45 2.29 2.25 2.36 2.60 2.97 3.36 3.70 3.95 4.13 4.19 4.07 3.93 3.78 3.56 3.18 2.66 2.13 1.72 1.49 1.37 1.25 1.15
2.81 2.45 2.07 2.05 2.14 2.21 2.17 2.14 2.28 2.48 2.61 2.58 2.43 2.27 2.15 2.05 1.99 1.86 1.55 1.18 0.94 0.87 0.69 0.68 0.60 0.63 0.77 0.88 0.94 1.01 1.06 1.12 1.23 1.38 1.55 1.69 1.80 1.94 2.11 2.32 2.51 2.66 2.68 2.52 2.34 2.15 1.96 1.94 2.00 2.08 2.21 2.40 2.50 2.52 2.41 2.21 2.08 2.03 2.15 2.25 2.17 1.97 1.86 1.93 2.10 2.25 2.44 2.67 2.91 3.13 3.34 3.51 3.64 3.73 3.76 3.63 3.14 2.49 2.05 1.85 1.71 1.47 1.23 1.17
2.29 2.06 1.83 1.84 1.89 1.89 1.83 1.83 1.94 2.14 2.34 2.43 2.37 2.24 2.15 2.04 1.89 1.66 1.42 1.49 1.20 1.23 1.25 1.24 1.24 1.31 1.39 1.42 1.37 1.27 1.19 1.12 1.09 1.09 1.15 1.31 1.54 1.75 1.99 2.21 2.36 2.38 2.21 1.90 1.60 1.45 1.46 1.58 1.71 1.87 2.01 2.15 2.25 2.26 2.16 2.01 1.90 1.89 1.97 2.00 1.86 1.68 1.69 1.83 2.03 2.11 2.11 2.13 2.17 2.27 2.35 2.51 2.75 3.02 3.25 3.36 3.21 2.82 2.42 2.17 1.85 1.53 1.37 1.42
2.07 2.06 2.05 2.00 1.86 1.70 1.63 1.60 1.62 1.76 2.01 2.22 2.30 2.24 2.13 2.00 1.83 1.65 1.77 1.57 1.71 1.80 1.89 1.93 1.93 1.93 1.92 1.88 1.82 1.74 1.64 1.51 1.37 1.27 1.26 1.37 1.55 1.73 1.94 2.12 2.19 2.07 1.71 1.23 1.00 1.02 1.19 1.42 1.66 1.83 1.93 1.97 1.99 2.00 1.96 1.92 1.90 1.92 1.95 1.92 1.83 1.76 1.79 1.86 1.93 1.85 1.73 1.71 1.75 1.80 1.87 1.96 2.11 2.35 2.59 2.92 3.19 3.20 2.92 2.45 1.99 1.80 1.86 1.99
2.32 2.46 2.59 2.47 2.23 1.92 1.73 1.62 1.52 1.48 1.62 1.90 2.13 2.21 2.12 1.96 1.83 1.77 1.82 1.96 2.17 2.34 2.48 2.56 2.57 2.50 2.39 2.26 2.12 1.99 1.86 1.75 1.69 1.64 1.60 1.62 1.72 1.87 2.05 2.19 2.15 1.89 1.48 1.17 1.16 1.36 1.61 1.85 1.99 2.02 1.97 1.90 1.84 1.89 1.93 1.95 1.94 1.97 1.98 2.02 2.02 1.99 1.89 1.75 1.64 1.52 1.39 1.40 1.52 1.61 1.71 1.83 1.87 1.96 2.16 2.48 2.89 3.20 3.24 3.03 2.69 2.60 2.67 2.72
2.55 2.71 2.84 2.70 2.49 2.21 1.94 1.71 1.51 1.33 1.28 1.43 1.74 1.99 2.06 1.94 1.83 1.86 2.01 2.29 2.53 2.75 2.92 3.03 3.04 2.96 2.83 2.65 2.43 2.18 1.95 1.81 1.81 1.91 2.02 2.06 2.10 2.21 2.36 2.45 2.37 2.13 1.86 1.77 1.94 2.21 2.45 2.53 2.45 2.20 2.02 1.90 1.82 1.86 1.95 1.96 1.94 1.99 2.05 2.18 2.21 2.12 1.91 1.63 1.40 1.28 1.25 1.30 1.40 1.47 1.57 1.72 1.75 1.76 1.93 2.18 2.49 2.91 3.29 3.59 3.71 3.63 3.47 3.30
2.67 2.72 2.67 2.50 2.29 2.08 1.91 1.71 1.46 1.21 1.09 1.11 1.29 1.62 1.85 1.87 1.79 1.85 2.07 2.34 2.58 2.76 2.90 2.99 3.02 3.01 2.96 2.88 2.72 2.49 2.21 1.99 1.93 2.04 2.20 2.33 2.45 2.58 2.69 2.80 2.84 2.79 2.76 2.71 2.78 2.91 2.93 2.77 2.49 2.21 2.01 1.93 1.83 1.84 1.93 1.95 1.95 2.04 2.16 2.29 2.29 2.20 2.02 1.76 1.48 1.32 1.29 1.33 1.37 1.38 1.42 1.53 1.61 1.66 1.81 2.00 2.22 2.53 3.03 3.55 3.95 3.97 3.73 3.39
