project/data/elevation/US_DEM2016/US_DEM2016_point_10-31-2019_2005_30m_vel.asc
ncols	125
nrows	167
xllcorner	-2042055.000000
yllcorner	1465035.000000
cellsize	30.000000
NODATA_value	-9999.000000
[rows 38 to 75 of 167, columns 0 to 83 of 125]
6.70 6.42 5.86 5.44 5.01 4.73 4.53 4.20 3.78 3.40 3.55 3.22 3.35 3.70 4.45 4.51 4.63 4.51 4.97 5.35 5.57 5.67 5.77 5.98 6.26 6.50 6.74 6.97 6.95 6.71 6.29 5.84 5.57 5.53 5.70 6.14 6.65 6.95 7.20 7.52 7.78 7.82 7.79 7.71 7.63 7.45 6.92 6.06 5.48 5.11 4.99 5.02 4.92 4.90 5.11 5.25 5.33 5.57 5.74 5.78 5.61 5.20 4.96 4.69 4.35 4.04 3.71 3.62 3.68 3.70 3.69 3.84 4.12 4.46 4.70 4.97 5.27 5.81 6.53 7.36 8.02 8.35 8.26 7.84
6.56 5.94 5.04 4.62 4.28 4.12 3.96 3.78 3.64 3.58 3.63 3.66 3.61 4.10 4.31 4.22 4.35 4.58 4.45 4.44 4.30 4.25 4.34 4.66 5.21 5.80 6.26 6.70 6.95 6.98 6.81 6.48 6.19 6.12 6.44 7.05 7.47 7.70 7.81 7.92 8.02 7.90 7.80 7.67 7.48 7.18 6.56 5.87 5.37 4.99 4.95 5.11 5.11 4.96 5.16 5.37 5.56 5.77 5.68 5.36 4.83 4.22 3.78 3.64 3.56 3.49 3.29 3.25 3.40 3.46 3.40 3.57 3.97 4.32 4.51 4.69 4.86 5.19 5.65 5.97 6.12 6.50 7.17 7.60
6.24 5.56 4.63 4.22 4.08 4.02 4.00 4.03 4.14 4.32 4.50 4.56 4.38 4.13 4.68 4.32 4.29 4.47 4.23 3.84 3.69 3.79 4.07 4.49 5.09 5.58 5.99 6.38 6.68 6.93 7.06 7.01 6.96 7.22 7.72 8.24 8.54 8.63 8.38 8.01 7.81 7.34 6.98 6.91 6.86 6.93 6.81 6.65 6.38 6.14 5.83 5.66 5.48 5.15 5.15 5.30 5.48 5.59 5.32 4.78 4.14 3.46 2.79 2.55 2.55 2.67 2.90 3.13 3.29 3.31 3.20 3.41 3.93 4.28 4.38 4.46 4.55 4.76 5.04 5.18 5.17 5.42 6.28 7.41
6.03 5.53 4.86 4.61 4.59 4.61 4.61 4.66 4.83 5.07 5.26 5.21 4.92 4.66 4.53 4.51 4.58 4.57 4.40 4.17 4.18 4.41 4.70 4.96 5.17 5.37 5.51 5.76 6.19 6.61 7.12 7.39 7.76 8.22 8.64 8.90 8.96 8.73 8.29 7.74 7.26 6.77 6.30 6.01 6.14 6.31 6.55 6.68 6.81 6.88 6.76 6.25 5.70 5.20 4.98 4.97 4.97 4.87 4.61 4.27 3.86 3.32 2.74 2.56 2.69 2.90 3.12 3.25 3.27 3.26 3.25 3.43 3.85 4.16 4.14 4.08 4.27 4.67 4.91 4.90 4.92 5.01 5.50 6.68
6.00 5.73 5.35 5.20 5.16 5.12 5.07 5.14 5.38 5.63 5.68 5.46 5.05 4.91 4.95 5.03 5.05 5.06 5.08 5.13 5.27 5.47 5.65 5.76 5.81 5.74 5.65 5.69 6.01 6.41 7.10 7.68 8.37 8.87 8.94 8.67 8.28 7.78 7.24 6.79 6.44 6.12 5.65 5.37 5.34 5.51 5.78 5.87 6.04 6.22 6.27 6.00 5.58 5.08 4.86 4.85 4.76 4.54 4.35 4.35 4.23 3.99 3.70 3.67 3.82 3.78 3.59 3.42 3.46 3.52 3.46 3.45 3.62 3.74 3.57 3.43 3.87 4.54 4.79 4.67 4.75 4.95 5.41 6.30
5.97 5.79 5.55 5.47 5.45 5.47 5.57 5.78 6.00 6.09 5.94 5.60 5.21 5.23 5.16 5.28 5.40 5.53 5.69 5.91 6.19 6.42 6.51 6.49 6.42 6.24 6.12 6.11 6.28 6.52 7.14 7.80 8.39 8.67 8.48 7.96 7.32 6.73 6.20 5.88 5.74 5.54 5.15 4.76 4.68 4.88 5.05 4.90 4.62 4.36 4.37 4.68 4.88 4.88 4.92 5.13 5.21 5.17 5.16 5.18 5.09 5.00 4.94 4.91 4.60 4.18 4.00 4.05 4.05 3.77 3.36 3.15 3.25 3.35 3.20 3.13 3.58 4.28 4.47 4.30 4.55 5.12 5.69 6.07
5.97 5.87 5.77 5.79 5.96 6.22 6.49 6.66 6.66 6.49 6.14 5.76 5.44 5.27 5.28 5.45 5.64 5.83 6.03 6.29 6.56 6.69 6.65 6.52 6.35 6.18 6.13 6.20 6.45 6.78 7.44 7.78 7.90 7.73 7.49 7.23 6.88 6.39 5.71 5.22 4.98 4.90 4.68 4.31 4.15 4.33 4.23 3.98 3.59 3.34 3.37 3.64 4.06 4.48 4.97 5.49 5.77 5.89 5.91 5.77 5.66 5.62 5.45 5.14 4.64 4.49 4.63 4.58 4.10 3.32 2.92 2.94 3.13 3.25 3.26 3.36 3.79 4.27 4.37 4.17 4.37 5.04 5.47 5.61
6.17 6.19 6.27 6.42 6.61 6.83 6.99 7.02 6.89 6.60 6.21 5.88 5.69 5.60 5.75 5.94 6.06 6.17 6.30 6.39 6.38 6.24 6.08 5.97 5.97 5.95 5.96 6.13 6.59 7.14 7.70 7.55 7.10 6.68 6.50 6.53 6.41 6.13 5.47 4.81 4.30 4.15 4.07 3.81 3.74 3.83 3.81 3.86 3.90 3.92 3.83 3.69 3.76 4.26 5.04 5.67 5.83 5.82 5.75 5.73 5.66 5.69 5.48 5.22 5.11 5.16 4.94 4.29 3.47 3.04 3.10 3.41 3.61 3.68 3.74 3.97 4.36 4.60 4.76 4.43 4.47 4.75 5.09 5.30
6.41 6.46 6.58 6.73 6.77 6.73 6.63 6.52 6.40 6.21 5.98 5.77 5.78 5.99 6.29 6.44 6.47 6.46 6.39 6.24 6.01 5.76 5.57 5.56 5.71 5.84 5.97 6.29 6.88 7.38 7.51 7.02 6.33 5.95 5.80 5.68 5.57 5.52 5.25 4.67 3.95 3.62 3.63 3.74 3.88 3.99 4.21 4.36 4.42 4.19 3.82 3.68 4.02 4.74 5.46 5.75 5.69 5.60 5.58 5.68 5.63 5.67 5.63 5.57 5.45 5.14 4.31 3.73 3.61 3.86 4.23 4.44 4.50 4.53 4.65 4.86 5.05 5.08 5.01 4.96 5.47 4.96 5.14 5.40
6.50 6.44 6.43 6.46 6.37 6.19 5.95 5.72 5.56 5.49 5.45 5.39 5.63 5.79 6.10 6.25 6.33 6.29 6.13 5.94 5.75 5.56 5.42 5.40 5.51 5.69 5.93 6.40 6.99 7.22 6.92 6.28 5.84 5.52 5.26 5.02 4.84 4.85 4.92 4.74 4.09 3.74 3.82 4.20 4.41 4.55 4.61 4.35 3.88 3.38 3.31 3.78 4.83 5.87 6.27 6.14 5.96 5.85 5.83 5.86 5.77 5.79 5.71 5.55 5.22 4.67 4.27 4.38 4.89 5.42 5.74 5.81 5.81 5.80 5.81 5.89 5.94 5.85 5.79 5.77 5.51 5.38 5.51 5.63
6.47 6.37 6.10 5.98 5.87 5.66 5.41 5.16 4.98 4.90 4.94 4.99 5.05 5.28 5.45 5.56 5.72 5.81 5.78 5.68 5.52 5.36 5.25 5.21 5.25 5.40 5.64 6.18 6.83 6.91 6.54 6.07 5.73 5.36 4.91 4.48 4.31 4.31 4.44 4.48 4.19 3.86 3.84 4.08 4.25 4.41 4.43 3.93 3.47 3.38 3.89 5.14 6.48 7.17 7.22 6.77 6.40 6.14 6.06 6.12 6.12 6.12 6.00 5.79 5.74 5.86 6.30 6.87 7.35 7.68 7.79 7.80 7.76 7.71 7.63 7.60 7.55 7.32 7.00 6.53 5.92 5.56 5.65 5.66
6.50 6.39 5.96 5.66 5.54 5.45 5.29 5.09 4.92 4.81 4.91 5.03 5.20 5.25 5.36 5.42 5.52 5.59 5.60 5.49 5.29 5.11 5.00 4.97 5.00 5.12 5.35 5.97 6.67 6.68 6.37 6.13 5.85 5.48 4.98 4.41 4.14 3.87 3.75 3.83 3.79 3.53 3.35 3.36 3.61 3.96 4.26 4.16 4.10 4.51 5.75 7.17 7.95 8.05 7.67 7.04 6.57 6.31 6.27 6.50 6.62 6.70 6.67 6.84 7.24 7.84 8.52 9.11 9.51 9.70 9.76 9.77 9.74 9.70 9.58 9.40 9.18 8.88 8.26 7.35 6.43 5.78 5.62 5.51
6.59 6.41 5.94 5.59 5.45 5.42 5.44 5.38 5.25 5.23 5.46 5.70 5.91 5.98 5.95 5.90 5.81 5.68 5.52 5.34 5.16 4.98 4.84 4.77 4.82 5.01 5.35 6.05 6.55 6.35 5.88 5.86 5.69 5.45 5.29 4.95 4.45 3.84 3.45 3.53 3.62 3.57 3.55 3.63 3.87 4.23 4.79 5.21 5.63 6.55 7.81 8.48 8.52 7.97 7.40 6.82 6.47 6.33 6.25 6.32 6.48 6.73 6.94 7.26 7.85 8.42 8.85 9.24 9.49 9.63 9.73 9.82 9.87 9.87 9.74 9.50 9.25 9.01 8.62 8.07 7.38 6.62 5.89 5.43
6.63 6.32 5.80 5.61 5.47 5.38 5.42 5.52 5.54 5.62 5.97 6.37 6.57 6.58 6.45 6.20 5.91 5.62 5.40 5.25 5.13 4.97 4.78 4.66 4.73 5.02 5.47 6.06 6.23 5.72 5.29 5.29 5.21 5.21 5.31 5.33 4.88 4.35 4.07 4.17 4.42 4.67 4.90 5.01 5.17 5.58 6.40 7.28 8.16 8.83 9.07 8.87 8.20 7.33 6.81 6.36 6.07 5.87 5.65 5.51 5.64 5.89 6.38 6.72 7.10 7.29 7.20 7.13 7.06 7.18 7.38 7.68 7.80 7.83 7.72 7.55 7.52 7.45 7.42 7.46 7.40 7.16 6.66 5.88
6.52 6.05 5.43 5.28 5.24 5.21 5.27 5.41 5.58 5.70 6.00 6.45 6.60 6.56 6.35 5.97 5.56 5.27 5.11 5.02 4.92 4.81 4.68 4.61 4.73 5.05 5.47 5.86 5.76 5.12 4.84 4.87 4.82 4.80 5.00 5.08 5.03 4.95 4.99 5.28 5.61 5.89 6.09 6.32 6.71 7.40 8.25 8.92 9.34 9.39 9.08 8.38 7.61 6.82 6.36 5.96 5.61 5.28 5.09 4.99 5.13 5.37 5.60 5.83 5.86 5.49 5.05 4.57 4.43 4.54 4.76 5.03 5.17 5.13 5.11 5.04 5.15 5.21 5.30 5.53 5.96 6.28 6.34 6.09
6.26 5.75 5.07 4.82 4.81 4.92 5.09 5.24 5.48 5.63 6.17 5.97 5.92 5.79 5.58 5.27 4.96 4.74 4.61 4.56 4.52 4.51 4.58 4.73 4.92 5.14 5.44 5.66 5.48 5.07 4.89 4.89 4.82 4.71 4.59 4.65 4.91 5.05 5.26 5.64 6.04 6.28 6.54 6.94 7.65 8.43 8.92 9.07 8.86 8.48 8.04 7.58 7.06 6.56 6.18 5.83 5.51 5.25 5.24 5.29 5.44 5.51 5.43 5.33 4.98 4.50 4.13 3.92 3.94 3.98 3.85 3.62 3.50 3.44 3.40 3.39 3.50 3.64 3.71 3.71 3.83 4.08 4.32 4.60
6.03 5.65 5.09 4.83 4.72 4.68 4.72 4.84 5.05 5.24 5.20 5.31 4.81 4.60 4.42 4.35 4.26 4.09 4.00 4.11 4.35 4.54 4.76 5.01 5.16 5.31 5.52 5.68 5.68 5.59 5.43 5.21 4.97 4.67 4.28 4.23 4.53 4.72 4.89 5.16 5.57 5.94 6.35 7.03 7.94 8.46 8.46 7.91 7.13 6.81 6.76 6.80 6.69 6.46 6.17 5.89 5.64 5.53 5.66 5.71 5.70 5.60 5.29 5.03 4.71 4.48 4.48 4.49 4.39 4.09 3.56 2.96 2.66 2.49 2.36 2.34 2.42 2.48 2.48 2.35 2.26 2.33 2.67 3.20
6.00 5.80 5.53 5.32 5.08 4.73 4.37 4.23 4.34 4.53 4.55 4.81 3.88 3.66 3.59 3.91 3.65 3.60 3.65 3.98 4.48 4.92 5.21 5.34 5.44 5.57 5.74 5.91 5.98 5.98 5.67 5.26 4.89 4.49 4.10 4.00 4.29 4.55 4.64 4.77 5.06 5.51 6.10 7.05 7.86 7.98 7.40 6.51 6.02 5.87 5.90 6.09 6.23 6.24 6.00 5.80 5.61 5.56 5.65 5.52 5.26 4.98 4.73 4.62 4.73 4.89 5.02 4.94 4.39 3.70 3.00 2.60 2.43 2.22 1.97 1.84 1.76 1.62 1.52 1.60 2.40 2.37 3.10 3.74
6.22 6.26 6.22 6.02 5.67 5.21 4.60 4.28 4.20 4.31 4.33 4.71 4.35 3.67 3.68 3.66 3.69 3.79 4.00 4.40 4.91 5.43 5.70 5.83 5.94 6.09 6.17 6.24 6.24 6.13 5.70 5.39 5.19 4.87 4.48 4.42 4.75 5.04 5.07 5.11 5.28 5.65 6.28 7.21 7.59 7.21 6.23 5.53 5.20 5.10 5.15 5.37 5.66 5.73 5.56 5.39 5.25 5.15 5.03 4.67 4.30 4.08 4.12 4.38 4.95 5.24 5.15 4.72 3.97 3.37 3.06 3.06 3.02 2.65 2.13 1.84 1.74 1.75 1.63 1.96 2.64 3.68 4.75 5.19
6.51 6.62 6.62 6.44 6.16 5.82 5.41 5.07 4.82 4.73 5.55 4.50 4.40 4.48 4.61 4.69 4.77 4.95 5.10 5.33 5.67 6.07 6.34 6.55 6.74 6.84 6.74 6.65 6.67 6.67 6.53 6.37 6.23 5.93 5.48 5.37 5.64 5.89 5.99 6.02 6.09 6.20 6.65 7.24 7.17 6.26 5.32 4.66 4.39 4.37 4.46 4.69 5.06 5.18 5.12 4.98 4.80 4.55 4.24 3.99 3.92 4.03 4.39 4.81 5.27 5.26 4.81 4.26 3.78 3.77 4.02 4.12 3.71 3.04 2.48 2.29 2.33 2.44 2.75 3.47 4.60 5.77 6.30 6.17
6.66 6.56 6.35 6.26 6.25 6.24 6.06 5.75 5.36 5.05 4.90 4.90 5.10 5.40 5.75 5.99 6.22 6.43 6.58 6.65 6.79 6.88 7.02 7.24 7.41 7.34 7.15 7.05 7.13 7.11 7.04 6.86 6.66 6.38 6.01 5.83 5.94 6.15 6.39 6.57 6.64 6.65 6.84 6.90 6.30 5.25 4.41 3.90 3.70 3.68 3.80 3.97 4.33 4.71 4.86 4.80 4.67 4.47 4.35 4.48 4.71 5.07 5.49 5.77 5.78 5.38 4.78 4.49 4.52 4.82 5.01 4.71 3.94 3.20 2.97 3.15 3.44 3.83 4.53 5.56 6.60 7.03 6.81 6.09
6.69 6.29 5.81 5.74 5.89 6.11 6.16 5.89 5.46 5.03 6.15 4.88 5.26 5.75 6.25 6.60 6.88 7.13 7.34 7.41 7.36 7.29 7.36 7.48 7.47 7.31 7.23 7.25 7.26 7.01 6.50 6.06 5.80 5.73 5.72 5.76 5.84 6.04 6.27 6.56 6.76 6.75 6.65 6.24 5.29 4.24 3.55 3.22 3.09 3.15 3.17 3.21 3.67 4.35 4.77 4.93 4.97 4.98 5.13 5.30 5.57 6.04 6.53 6.78 6.57 6.22 5.64 5.51 5.75 5.88 5.46 4.73 4.08 3.92 4.20 4.62 5.16 5.83 6.68 7.42 7.63 7.25 6.46 5.67
6.67 6.19 5.50 5.27 5.25 5.31 5.44 5.43 5.23 4.87 4.56 4.53 4.79 5.22 5.65 5.95 6.17 6.31 6.39 6.46 6.57 6.71 6.85 6.82 6.62 6.56 6.74 7.00 7.00 6.77 6.31 5.70 5.31 5.23 5.52 5.87 6.13 6.27 6.34 6.41 6.46 6.27 5.97 5.46 4.66 3.72 3.12 2.93 3.01 3.12 3.11 3.12 3.53 4.29 4.90 5.31 5.56 5.73 5.83 5.85 6.10 6.76 7.36 7.55 7.33 7.17 6.94 6.67 6.65 6.53 5.91 5.31 5.20 5.73 6.39 7.00 7.62 8.15 8.45 8.31 7.70 6.80 6.01 5.40
6.57 5.97 5.14 4.87 4.61 4.42 4.46 4.61 4.66 4.42 4.04 3.81 3.77 3.90 4.13 4.30 4.40 4.32 4.07 4.05 4.60 5.22 5.40 5.17 4.89 5.20 5.93 6.39 6.48 6.52 6.56 6.45 6.23 6.02 6.00 6.17 6.32 6.34 6.21 6.00 5.80 5.57 5.33 5.16 4.76 4.11 3.66 3.70 3.88 3.98 4.02 4.09 4.29 4.71 5.13 5.53 5.92 6.29 6.53 6.79 7.25 7.84 8.01 7.80 7.51 7.47 7.52 7.55 7.55 7.47 7.29 7.24 7.64 8.20 8.62 8.95 9.20 9.24 8.93 8.17 7.26 6.46 5.85 5.31
6.26 5.57 4.70 4.46 4.28 4.09 3.95 3.99 4.11 3.95 3.52 3.08 2.72 2.52 2.50 2.60 2.67 2.54 2.42 2.57 3.06 3.60 3.73 3.53 3.63 4.34 5.46 5.97 5.99 5.87 6.11 6.47 6.67 6.71 6.45 6.17 5.92 5.77 5.52 5.25 5.10 5.23 5.38 5.63 5.65 5.60 5.41 5.39 5.44 5.46 5.47 5.39 5.26 5.24 5.27 5.45 5.79 6.31 6.93 7.63 8.20 8.28 7.89 7.20 6.63 6.69 7.21 7.57 7.94 8.22 8.48 8.79 9.13 9.29 9.28 9.19 9.04 8.67 8.04 7.35 6.72 6.18 5.71 5.29
5.99 5.46 4.69 4.36 4.22 4.12 3.96 3.86 3.92 3.86 3.51 2.98 2.45 2.08 1.88 1.84 1.92 2.16 2.50 2.77 2.91 2.97 2.92 2.99 3.46 4.45 5.57 5.90 5.66 5.22 5.21 5.50 5.93 6.25 6.13 5.65 5.11 4.80 4.70 4.65 4.77 5.27 5.85 6.33 6.52 6.71 6.78 6.66 6.55 6.43 6.11 5.75 5.53 5.47 5.44 5.53 5.83 6.41 7.15 7.73 7.89 7.51 6.81 5.99 5.65 5.86 6.45 6.97 7.37 7.82 8.18 8.40 8.50 8.39 8.16 7.84 7.41 6.86 6.47 6.15 5.81 5.49 5.18 4.81
5.98 5.69 5.17 4.77 4.54 4.40 4.25 4.14 4.11 4.08 3.92 3.59 3.22 2.82 2.46 2.27 2.07 2.86 3.50 3.81 3.72 3.46 3.32 3.45 4.05 5.09 5.92 5.99 5.49 4.86 4.60 4.59 4.83 5.10 5.27 5.15 4.82 4.56 4.55 4.80 5.21 5.87 6.37 6.59 6.61 6.72 6.81 6.86 6.79 6.50 5.90 5.50 5.42 5.53 5.63 5.78 6.09 6.70 7.21 7.25 6.77 6.04 5.45 5.09 5.17 5.54 5.90 6.13 6.33 6.65 6.87 6.88 6.69 6.51 6.36 6.08 5.61 5.09 4.75 4.65 4.50 4.32 4.12 3.95
6.01 5.83 5.51 5.25 5.01 4.77 4.62 4.64 4.66 4.70 4.74 4.70 4.55 4.20 3.74 3.41 3.35 3.65 4.12 4.58 4.68 4.57 4.48 4.60 5.09 5.88 6.38 6.30 5.80 5.06 4.62 4.31 4.15 4.26 4.72 5.20 5.46 5.60 5.69 5.86 6.19 6.57 6.63 6.44 6.18 6.16 6.28 6.43 6.44 6.29 5.90 5.60 5.53 5.62 5.73 5.88 6.20 6.70 6.93 6.49 5.76 5.16 4.80 4.71 4.83 5.12 5.33 5.36 5.43 5.60 5.72 5.65 5.38 5.08 4.81 4.67 4.31 3.78 3.26 3.05 3.05 2.87 2.69 2.60
6.01 5.83 5.55 5.33 5.14 4.97 4.98 5.15 5.38 5.65 5.86 5.93 5.72 5.31 4.83 4.43 4.21 4.22 4.44 4.96 5.38 5.69 5.87 5.96 6.21 6.76 7.06 6.88 6.44 5.82 5.38 4.97 4.64 4.66 5.09 5.71 6.25 6.64 6.77 6.75 6.71 6.68 6.44 6.08 5.79 5.68 5.74 5.75 5.74 5.79 5.82 5.74 5.66 5.74 5.84 6.06 6.42 6.72 6.50 5.76 5.05 4.70 4.50 4.41 4.49 4.83 5.06 5.00 4.85 4.87 4.85 4.77 4.63 4.27 3.77 3.42 3.18 2.79 2.21 1.79 1.67 1.60 1.49 1.55
6.04 5.84 5.53 5.25 5.02 4.94 5.06 5.32 5.71 6.19 6.53 6.63 6.53 6.28 5.93 5.49 5.08 4.84 4.90 5.31 5.79 6.34 6.57 6.76 7.13 7.65 7.68 7.27 6.76 6.41 6.22 6.05 5.83 5.74 5.84 6.07 6.28 6.46 6.53 6.45 6.35 6.29 6.06 5.69 5.40 5.18 5.09 4.96 4.83 4.92 5.19 5.39 5.50 5.70 5.94 6.30 6.53 6.37 5.67 4.84 4.43 4.31 4.25 4.36 4.62 4.97 4.95 4.56 4.21 4.10 4.02 3.93 3.91 3.70 3.17 2.59 2.23 2.00 1.64 1.12 0.96 1.54 1.24 1.54
6.06 5.80 5.40 5.10 4.87 4.78 4.79 4.91 5.20 5.59 6.01 6.35 6.65 6.84 6.86 6.64 6.18 5.71 5.56 5.69 5.93 6.43 6.79 7.19 7.69 8.00 7.77 7.07 6.46 6.29 6.39 6.53 6.53 6.32 6.09 5.93 5.81 5.70 5.69 5.84 5.98 6.00 5.78 5.40 5.07 4.84 4.66 4.42 4.20 4.13 4.28 4.58 4.97 5.33 5.78 6.05 5.92 5.33 4.45 4.00 3.93 3.96 4.14 4.50 4.77 4.75 4.34 3.70 3.26 3.05 2.99 2.83 2.69 2.70 2.52 2.08 1.66 1.52 1.37 1.25 1.24 1.43 1.80 2.37
5.98 5.64 5.12 4.93 4.80 4.71 4.58 4.40 4.24 4.22 4.46 5.10 5.91 6.62 7.13 7.29 7.10 6.69 6.29 6.13 6.18 6.54 6.92 7.42 7.80 7.75 7.23 6.54 5.86 5.62 5.73 5.97 6.15 6.06 5.91 5.73 5.57 5.52 5.69 5.95 6.03 5.91 5.63 5.36 5.18 5.00 4.73 4.29 3.83 3.58 3.64 4.04 4.62 5.20 5.39 5.27 4.71 3.93 3.46 3.38 3.38 3.38 3.70 4.07 4.10 3.87 3.50 3.04 2.61 2.25 2.07 1.98 1.88 1.76 1.75 1.72 1.65 1.40 1.83 2.05 2.29 2.54 2.92 3.60
5.86 5.47 4.95 4.85 4.84 4.81 4.67 4.43 4.03 3.59 3.40 3.73 4.60 5.65 6.54 7.11 7.35 7.30 7.05 6.80 6.76 6.92 7.23 7.63 7.72 7.37 6.77 6.05 5.37 4.93 4.77 4.83 5.11 5.38 5.59 5.68 5.71 5.77 5.97 6.13 6.03 5.79 5.57 5.48 5.39 5.04 4.55 3.93 3.63 3.74 4.11 4.64 5.06 5.19 5.17 4.57 3.78 3.22 3.06 3.03 2.91 2.85 2.95 3.15 3.31 3.42 3.53 3.44 3.15 2.82 2.66 2.51 2.26 1.93 1.78 1.90 2.14 2.45 2.82 3.21 3.59 4.00 4.41 5.14
5.80 5.44 4.99 4.91 4.95 4.98 4.92 4.85 4.64 4.23 3.74 3.59 3.99 4.73 5.62 6.41 6.99 7.40 7.56 7.58 7.61 7.72 7.96 8.07 7.80 7.26 6.66 6.01 5.35 4.92 4.69 4.66 4.72 4.91 5.22 5.53 5.70 5.76 5.85 5.95 5.76 5.49 5.31 5.28 5.16 4.66 4.25 4.14 4.51 5.12 5.62 5.84 5.78 5.52 5.28 4.67 4.29 4.06 3.91 3.71 3.50 3.37 3.36 3.51 4.01 4.52 4.84 4.85 4.66 4.43 4.17 3.78 3.20 2.74 2.57 2.67 3.00 3.44 3.92 4.50 5.21 5.92 6.52 7.43
5.77 5.41 5.03 4.98 5.09 5.14 5.18 5.31 5.49 5.53 5.27 4.91 4.80 4.99 5.42 6.13 6.80 7.50 7.95 8.25 8.53 8.63 8.58 8.32 7.76 7.17 6.79 6.47 6.05 5.83 5.74 5.62 5.36 5.22 5.30 5.49 5.61 5.68 5.68 5.52 5.24 5.02 4.97 5.01 5.04 5.02 5.27 5.81 6.36 6.67 6.70 6.45 6.07 5.71 5.52 5.48 5.49 5.51 5.45 5.34 5.25 5.28 5.43 5.75 6.11 6.22 5.99 5.69 5.41 5.08 4.60 3.99 3.40 3.17 3.27 3.58 3.96 4.50 5.29 6.43 7.67 8.62 9.31 9.97
5.70 5.38 5.05 5.06 5.23 5.32 5.43 5.68 6.11 6.56 6.80 6.81 6.65 6.37 6.27 6.57 7.15 7.93 8.51 8.86 9.17 9.15 8.68 8.07 7.41 7.01 6.91 6.91 6.80 6.63 6.50 6.39 6.16 5.98 5.83 5.74 5.73 5.66 5.44 5.15 5.01 5.10 5.18 5.31 5.51 5.82 6.26 6.67 6.81 6.64 6.39 6.14 5.95 5.79 5.72 5.78 5.84 5.98 6.20 6.41 6.60 6.83 7.02 7.07 6.84 6.31 5.62 5.26 4.97 4.52 3.98 3.57 3.41 3.54 3.93 4.46 5.06 5.93 7.25 8.78 9.99 10.73 10.97 10.88
5.69 5.43 5.15 5.20 5.36 5.46 5.53 5.82 6.48 7.25 7.82 8.09 8.08 7.88 7.62 7.59 7.99 8.61 8.98 9.09 9.13 8.92 8.28 7.48 6.89 6.68 6.75 6.89 6.89 6.75 6.53 6.36 6.14 5.96 5.77 5.65 5.63 5.50 5.30 5.25 5.38 5.47 5.49 5.60 5.74 5.76 5.77 5.72 5.45 5.16 5.01 5.11 5.37 5.52 5.46 5.44 5.52 5.71 5.99 6.30 6.65 6.95 6.92 6.52 5.72 4.83 4.27 4.25 4.27 4.03 3.73 3.67 3.86 4.21 4.78 5.47 6.31 7.49 8.92 9.96 10.46 10.53 10.25 9.69
5.73 5.52 5.35 5.44 5.56 5.66 5.81 6.29 7.12 7.70 7.92 7.96 8.02 8.15 8.29 8.54 8.92 9.17 9.01 8.67 8.42 8.10 7.54 6.91 6.49 6.31 6.27 6.39 6.53 6.54 6.38 6.10 5.61 5.25 5.15 5.27 5.38 5.34 5.24 5.18 5.15 5.18 5.29 5.42 5.42 5.17 4.89 4.55 4.38 4.28 4.26 4.40 4.69 4.95 5.08 5.22 5.38 5.47 5.57 5.77 6.07 6.19 5.83 4.97 4.07 3.53 3.44 3.72 4.11 4.29 4.26 4.34 4.68 5.24 6.02 6.87 7.84 8.99 9.71 9.78 9.03 7.92 7.11 6.70
