project/data/elevation/US_DEM2016/US_DEM2016_point_10-27-2019_2337_30m_vel.asc
ncols	125
nrows	167
xllcorner	-2042055.000000
yllcorner	1465035.000000
cellsize	30.000000
NODATA_value	-9999.000000
[rows 38 to 75 of 167, columns 0 to 83 of 125]
6.32 6.35 6.32 6.11 5.77 5.54 5.30 4.88 4.35 3.87 3.95 3.78 4.23 5.04 5.94 5.99 5.88 5.55 5.68 5.98 6.24 6.45 6.70 7.12 7.63 8.07 8.55 9.04 9.14 8.76 7.85 6.73 5.92 5.57 5.64 6.07 6.53 6.71 6.81 7.13 7.78 8.53 9.02 8.96 8.49 7.83 7.06 6.16 5.54 5.00 4.66 4.61 4.75 5.40 5.88 5.95 5.93 6.08 6.16 6.30 6.44 6.27 6.00 5.55 4.85 4.04 3.23 2.85 2.85 3.12 3.57 3.81 4.07 4.65 4.91 5.04 5.52 6.58 7.86 8.98 9.77 10.46 10.88 10.73
6.08 5.92 5.76 5.54 5.18 5.00 4.87 4.67 4.42 4.20 4.12 4.15 4.28 5.03 5.54 5.57 5.65 5.48 5.11 4.84 4.76 4.82 5.00 5.45 6.19 7.02 7.74 8.48 9.06 9.23 8.78 7.82 6.88 6.30 6.28 6.73 7.16 7.44 7.50 7.46 7.64 8.05 8.67 9.02 8.92 8.35 7.34 6.45 5.76 5.07 4.73 4.73 4.85 5.25 5.80 6.00 6.08 6.22 6.19 6.17 6.02 5.51 4.83 4.57 4.32 3.88 3.17 2.60 2.40 2.47 2.94 3.34 3.65 4.11 4.44 4.51 4.70 5.34 6.27 6.92 7.20 8.10 9.79 10.86
5.91 5.73 5.51 5.26 5.07 4.93 4.91 4.96 4.98 5.01 5.05 5.10 5.08 5.10 5.78 5.70 5.51 5.40 4.88 4.30 4.14 4.27 4.55 4.96 5.65 6.36 7.03 7.74 8.47 9.07 9.18 8.64 7.89 7.48 7.46 7.74 8.09 8.34 8.23 7.87 7.58 7.28 7.40 8.14 8.63 8.69 8.15 7.68 7.20 6.62 5.90 5.45 5.29 5.32 5.67 5.82 5.89 6.02 6.11 6.25 6.10 5.26 3.95 3.39 3.21 3.03 2.89 2.65 2.34 2.15 2.28 2.76 3.26 3.66 4.04 4.15 4.22 4.48 5.13 5.70 5.83 6.41 8.26 10.31
6.09 5.97 5.83 5.69 5.62 5.57 5.52 5.55 5.65 5.76 5.85 5.84 5.75 5.72 5.71 5.66 5.66 5.57 5.23 4.79 4.67 4.81 5.03 5.24 5.47 5.80 6.17 6.70 7.51 8.34 9.04 8.96 8.62 8.41 8.37 8.38 8.41 8.37 8.23 7.99 7.56 6.93 6.58 6.96 7.93 8.35 8.20 7.89 7.84 7.74 7.34 6.48 5.74 5.40 5.43 5.44 5.34 5.37 5.72 6.36 6.54 5.77 4.33 3.48 3.17 3.05 3.03 2.91 2.60 2.27 2.11 2.32 2.73 3.09 3.48 3.68 3.84 4.09 4.54 5.11 5.39 5.61 6.61 8.55
6.37 6.35 6.33 6.30 6.23 6.14 6.03 6.00 6.10 6.26 6.31 6.22 6.02 6.06 6.17 6.19 6.15 6.12 6.00 5.83 5.76 5.83 5.92 6.01 6.11 6.14 6.17 6.37 6.90 7.57 8.47 8.77 8.90 8.98 8.85 8.40 7.79 7.31 7.14 7.28 7.21 6.68 6.07 6.16 6.99 7.61 7.55 6.98 6.92 7.12 7.17 6.72 5.98 5.40 5.31 5.36 5.26 5.21 5.56 6.57 7.12 6.74 5.56 4.66 4.26 3.99 3.64 3.25 3.01 2.82 2.52 2.26 2.17 2.16 2.40 2.71 3.12 3.55 3.95 4.58 5.09 5.36 5.90 7.12
6.43 6.45 6.50 6.51 6.51 6.51 6.53 6.58 6.66 6.72 6.67 6.54 6.31 6.51 6.37 6.44 6.50 6.55 6.58 6.56 6.62 6.75 6.80 6.79 6.77 6.68 6.64 6.69 6.91 7.20 7.83 8.25 8.53 8.72 8.67 8.21 7.34 6.47 6.06 6.31 6.72 6.53 5.90 5.62 6.25 6.99 6.95 6.09 5.36 5.05 5.15 5.46 5.49 5.31 5.35 5.64 5.84 5.99 6.38 7.16 7.79 7.68 6.86 6.05 5.34 4.75 4.33 4.04 3.82 3.44 2.92 2.33 1.83 1.53 1.45 1.78 2.24 2.74 3.05 3.72 4.54 5.20 5.71 6.23
6.43 6.48 6.61 6.72 6.90 7.15 7.38 7.48 7.41 7.24 7.06 6.89 6.65 6.57 6.47 6.55 6.66 6.76 6.82 6.82 6.87 6.94 6.96 6.88 6.77 6.63 6.62 6.70 6.87 7.06 7.52 7.68 7.78 7.72 7.78 7.83 7.53 6.76 5.80 5.51 5.89 6.17 5.83 5.38 5.71 6.47 6.37 5.47 4.48 3.94 3.85 4.12 4.52 4.83 5.27 5.84 6.31 6.69 7.05 7.52 8.12 8.23 7.58 6.67 5.78 5.29 5.06 4.80 4.30 3.54 2.97 2.59 2.21 1.83 1.65 1.72 2.04 2.38 2.52 2.90 3.71 4.59 5.10 5.42
6.53 6.70 7.00 7.21 7.40 7.61 7.81 7.90 7.83 7.60 7.36 7.17 7.01 6.88 6.95 7.00 7.02 7.03 7.00 6.87 6.65 6.44 6.37 6.39 6.44 6.41 6.40 6.49 6.74 6.96 7.28 7.21 7.03 6.76 6.66 7.04 7.37 7.19 6.17 5.30 5.14 5.55 5.56 5.17 5.39 6.11 6.17 5.49 4.93 4.64 4.37 4.08 4.00 4.32 5.03 5.76 6.18 6.50 6.79 7.28 7.92 8.30 7.94 7.13 6.44 6.01 5.57 4.97 4.25 3.69 3.40 3.30 3.15 2.93 2.68 2.54 2.59 2.71 2.82 2.84 3.27 3.81 4.38 4.84
6.48 6.75 7.18 7.42 7.47 7.44 7.40 7.42 7.47 7.42 7.32 7.16 7.15 7.26 7.42 7.48 7.43 7.29 7.09 6.81 6.41 6.05 5.88 5.94 6.13 6.26 6.33 6.46 6.67 6.77 6.82 6.69 6.53 6.18 5.82 5.92 6.45 6.94 6.64 5.67 4.95 5.04 5.26 5.29 5.60 6.23 6.38 5.90 5.48 5.10 4.66 4.27 4.15 4.49 5.16 5.60 5.89 6.18 6.52 7.08 7.70 8.25 8.20 7.64 6.95 6.29 5.41 4.87 4.63 4.56 4.56 4.47 4.34 4.17 4.01 3.84 3.66 3.48 3.35 3.35 4.00 3.79 4.15 4.64
6.20 6.37 6.75 7.04 7.07 6.93 6.73 6.59 6.63 6.78 6.84 6.76 7.01 6.93 7.08 7.22 7.28 7.18 6.95 6.66 6.32 6.00 5.78 5.74 5.84 5.99 6.13 6.30 6.43 6.35 6.22 6.15 6.26 5.93 5.32 5.12 5.46 6.22 6.66 6.34 5.46 5.16 5.34 5.69 6.05 6.57 6.64 6.00 5.16 4.55 4.32 4.30 4.67 5.40 5.89 5.98 6.09 6.35 6.69 7.14 7.70 8.30 8.31 7.78 7.05 6.24 5.63 5.47 5.68 5.96 6.09 6.02 5.90 5.72 5.49 5.27 5.02 4.69 4.44 4.32 4.14 4.15 4.34 4.61
6.03 6.03 6.09 6.37 6.58 6.52 6.29 6.07 6.02 6.15 6.28 6.30 6.24 6.27 6.25 6.37 6.59 6.74 6.74 6.55 6.25 5.93 5.69 5.55 5.53 5.60 5.65 5.78 5.92 5.89 5.95 6.10 6.28 6.06 5.28 4.62 4.70 5.38 6.21 6.46 5.93 5.37 5.21 5.38 5.70 6.34 6.64 5.99 5.02 4.60 4.68 5.20 6.01 6.64 6.94 6.74 6.56 6.59 6.83 7.28 7.90 8.58 8.63 8.13 7.65 7.38 7.39 7.64 7.93 8.18 8.23 8.18 8.06 7.91 7.68 7.42 7.13 6.70 6.16 5.50 4.81 4.39 4.43 4.46
6.17 6.13 5.91 5.89 6.19 6.42 6.35 6.11 5.96 5.99 6.19 6.32 6.34 6.16 6.10 6.12 6.29 6.50 6.62 6.51 6.20 5.82 5.52 5.35 5.28 5.29 5.24 5.27 5.42 5.49 5.72 6.03 6.41 6.53 5.92 4.82 4.46 4.71 5.43 5.97 5.77 5.17 4.72 4.57 4.88 5.74 6.55 6.39 5.67 5.45 5.97 6.81 7.45 7.74 7.64 7.18 6.82 6.73 6.92 7.44 8.10 8.91 9.20 9.08 8.86 8.98 9.31 9.70 10.05 10.25 10.32 10.30 10.23 10.13 9.96 9.69 9.34 8.92 8.17 7.07 5.85 4.86 4.47 4.29
6.25 6.32 6.15 5.86 5.95 6.34 6.63 6.57 6.37 6.40 6.72 7.00 7.07 6.92 6.74 6.63 6.58 6.59 6.61 6.53 6.26 5.87 5.47 5.22 5.13 5.16 5.13 5.10 5.07 5.00 5.02 5.40 6.00 6.67 6.73 5.88 5.09 4.81 5.15 5.67 5.68 5.32 5.01 4.83 4.97 5.62 6.64 6.98 6.80 6.99 7.62 8.04 8.23 8.02 7.66 7.13 6.84 6.74 6.74 6.98 7.51 8.46 9.14 9.25 9.22 9.28 9.46 9.72 9.94 10.10 10.23 10.35 10.38 10.35 10.25 10.10 9.90 9.66 9.25 8.62 7.65 6.36 5.09 4.37
6.14 6.22 6.19 6.05 5.95 6.15 6.58 6.82 6.76 6.76 7.16 7.61 7.73 7.61 7.40 7.09 6.81 6.64 6.60 6.57 6.41 6.06 5.60 5.20 5.02 5.09 5.13 5.06 4.80 4.35 4.26 4.48 5.03 6.11 6.79 6.73 6.05 5.67 5.81 6.17 6.33 6.35 6.33 6.19 6.16 6.52 7.39 8.14 8.75 9.06 9.05 8.79 8.35 7.71 7.28 6.81 6.53 6.30 6.08 6.01 6.30 7.01 8.11 8.51 8.44 8.04 7.63 7.42 7.21 7.28 7.52 7.92 8.10 8.18 8.17 8.23 8.42 8.44 8.39 8.41 8.25 7.70 6.68 5.36
5.98 5.84 5.73 5.73 5.72 5.85 6.23 6.68 6.84 6.78 7.04 7.48 7.68 7.68 7.48 7.09 6.65 6.41 6.41 6.45 6.34 6.09 5.73 5.29 5.00 4.96 5.01 5.00 4.66 3.94 3.69 3.79 4.18 5.01 6.17 6.66 6.57 6.49 6.67 7.05 7.31 7.40 7.37 7.38 7.49 7.78 8.34 9.05 9.63 9.81 9.61 8.98 8.26 7.48 6.98 6.53 6.16 5.79 5.61 5.51 5.66 6.12 6.88 7.50 7.41 6.46 5.48 4.65 4.19 4.07 4.26 4.74 5.11 5.23 5.42 5.61 6.05 6.27 6.23 6.39 6.88 7.13 6.96 6.29
5.95 5.62 5.24 5.11 5.14 5.37 5.79 6.35 6.72 6.67 7.17 6.85 6.88 6.98 6.88 6.60 6.24 5.97 5.95 6.07 6.07 5.92 5.75 5.51 5.20 4.96 4.93 5.04 4.82 4.18 3.74 3.70 3.89 4.37 5.28 6.12 6.49 6.54 6.71 7.11 7.49 7.58 7.61 7.72 7.94 8.15 8.44 8.76 9.01 9.16 9.13 8.80 8.14 7.47 6.97 6.54 6.19 5.90 5.86 5.82 5.93 6.17 6.58 7.11 6.99 5.97 4.81 4.01 3.58 3.27 2.97 2.81 2.99 3.23 3.47 3.75 4.27 4.67 4.64 4.38 4.46 4.79 4.98 5.10
6.10 5.75 5.28 5.04 4.92 4.90 5.11 5.71 6.19 6.25 6.03 6.14 5.71 5.85 5.83 5.79 5.63 5.39 5.34 5.61 5.90 5.96 5.90 5.79 5.51 5.19 5.07 5.23 5.28 4.98 4.54 4.20 4.04 4.09 4.60 5.48 5.96 6.03 6.07 6.33 6.74 7.01 7.15 7.34 7.56 7.67 7.70 7.57 7.30 7.54 8.09 8.38 8.10 7.60 7.14 6.77 6.46 6.28 6.30 6.23 6.21 6.32 6.57 7.14 7.20 6.39 5.42 4.76 4.29 3.77 3.09 2.31 1.89 1.86 2.07 2.34 2.86 3.38 3.45 3.08 2.78 2.73 2.87 3.24
6.36 6.11 5.82 5.64 5.40 5.00 4.65 4.81 5.28 5.48 5.36 5.71 4.89 5.02 5.06 5.45 5.07 4.95 4.91 5.25 5.82 6.21 6.30 6.13 5.88 5.60 5.43 5.54 5.62 5.51 5.11 4.64 4.20 3.95 4.21 4.96 5.51 5.71 5.68 5.75 5.98 6.30 6.52 6.76 6.89 6.86 6.66 6.33 6.24 6.50 7.15 7.75 7.81 7.55 7.11 6.80 6.51 6.30 6.24 6.05 5.88 5.87 6.21 6.97 7.34 6.86 6.09 5.47 4.71 3.98 3.23 2.58 2.01 1.63 1.54 1.60 1.86 2.27 2.42 2.40 1.96 2.42 2.75 3.27
6.59 6.60 6.65 6.60 6.33 5.83 5.11 4.80 4.93 5.15 5.17 5.82 5.70 5.12 5.18 5.12 5.12 5.10 5.09 5.35 5.90 6.48 6.70 6.65 6.49 6.31 6.11 6.00 5.90 5.76 5.37 5.08 4.81 4.54 4.58 5.09 5.75 6.10 6.08 6.03 6.07 6.19 6.26 6.38 6.31 6.06 5.66 5.47 5.37 5.57 6.19 6.92 7.28 7.12 6.73 6.45 6.17 5.87 5.63 5.32 5.14 5.17 5.68 6.54 7.17 7.03 6.41 5.70 4.87 4.22 3.71 3.42 3.17 2.72 2.21 1.70 1.45 1.50 2.24 2.46 2.79 3.30 4.03 4.54
6.64 6.87 7.19 7.32 7.22 6.88 6.30 5.82 5.57 5.56 6.60 5.56 5.70 5.96 6.15 6.19 6.17 6.19 6.10 6.11 6.41 6.87 7.19 7.34 7.34 7.26 7.01 6.69 6.45 6.40 6.38 6.31 6.17 5.94 5.72 5.90 6.44 6.84 6.98 6.96 6.88 6.63 6.37 6.19 5.86 5.35 5.00 4.64 4.50 4.66 5.23 6.07 6.65 6.56 6.31 6.06 5.76 5.37 5.02 4.85 4.90 5.15 5.78 6.54 7.07 6.96 6.39 5.73 5.08 4.78 4.69 4.61 4.26 3.77 3.22 2.85 2.73 2.80 3.01 3.46 4.17 4.97 5.48 5.49
6.45 6.64 6.97 7.28 7.56 7.62 7.30 6.80 6.31 5.98 5.87 6.02 6.39 6.82 7.24 7.44 7.55 7.62 7.61 7.49 7.48 7.52 7.68 7.88 8.01 7.92 7.72 7.37 7.08 6.99 7.06 6.99 6.89 6.73 6.44 6.33 6.55 6.90 7.25 7.47 7.45 7.14 6.66 6.09 5.31 4.70 4.27 3.95 3.76 3.75 4.23 5.10 5.79 6.04 6.01 5.88 5.68 5.44 5.29 5.38 5.59 5.99 6.58 7.19 7.48 7.25 6.64 6.17 5.83 5.68 5.66 5.47 5.00 4.44 4.03 3.83 3.83 4.01 4.43 5.09 5.79 6.16 6.18 5.88
6.21 6.22 6.39 6.68 7.15 7.56 7.64 7.26 6.66 6.10 7.29 5.91 6.39 7.00 7.46 7.82 8.03 8.17 8.30 8.29 8.13 7.92 7.85 7.92 8.03 8.03 7.93 7.67 7.44 7.18 6.72 6.31 6.16 6.21 6.22 6.26 6.35 6.59 6.90 7.28 7.50 7.34 6.91 6.15 4.97 4.00 3.50 3.31 3.10 3.03 3.26 3.94 4.86 5.52 5.86 5.99 6.02 6.02 6.07 6.07 6.24 6.66 7.21 7.91 8.33 8.45 7.76 7.18 6.93 6.74 6.34 5.90 5.52 5.31 5.20 5.20 5.40 5.79 6.31 6.77 6.90 6.67 6.23 5.74
6.11 6.06 6.07 6.10 6.26 6.59 6.98 7.04 6.68 6.10 5.60 5.42 5.62 6.05 6.48 6.81 7.04 7.13 7.15 7.23 7.30 7.24 7.15 7.13 7.19 7.31 7.31 7.30 7.35 7.33 6.92 6.18 5.68 5.59 5.91 6.31 6.60 6.73 6.81 6.95 7.12 7.03 6.85 6.32 5.18 3.89 3.22 3.01 2.92 2.92 3.02 3.44 4.29 5.21 5.87 6.31 6.59 6.75 6.75 6.56 6.56 7.01 7.57 8.26 9.03 9.64 9.45 8.52 7.90 7.63 7.16 6.73 6.63 6.92 7.21 7.47 7.78 8.05 8.15 7.91 7.40 6.77 6.19 5.68
5.96 5.86 5.78 5.70 5.49 5.47 5.84 6.26 6.26 5.78 5.13 4.61 4.36 4.39 4.59 4.81 5.04 5.07 4.81 4.66 5.00 5.39 5.49 5.47 5.49 5.80 6.13 6.35 6.67 7.13 7.41 7.31 6.87 6.43 6.30 6.51 6.69 6.74 6.63 6.52 6.51 6.61 6.76 6.66 5.90 4.76 4.05 3.85 3.82 3.87 3.98 4.24 4.74 5.38 5.91 6.37 6.81 7.21 7.38 7.41 7.51 7.78 7.90 8.16 8.93 9.87 10.12 9.71 9.13 8.87 8.77 8.68 8.84 9.14 9.32 9.41 9.44 9.37 9.06 8.37 7.61 6.97 6.41 5.81
5.73 5.50 5.30 5.28 5.18 5.09 5.19 5.55 5.76 5.44 4.75 3.98 3.32 2.90 2.74 2.86 3.21 3.53 3.52 3.22 3.06 3.26 3.55 3.77 4.09 4.56 5.16 5.48 5.74 6.06 6.72 7.35 7.57 7.40 6.87 6.49 6.22 6.14 5.99 5.85 5.91 6.35 6.84 7.14 6.95 6.58 6.14 5.84 5.63 5.55 5.59 5.63 5.69 5.81 5.92 6.12 6.48 7.00 7.52 7.93 8.20 8.11 7.80 7.56 7.78 8.67 9.56 9.76 9.82 9.89 10.03 10.09 10.14 10.12 9.99 9.75 9.49 9.17 8.72 8.18 7.65 7.16 6.65 5.86
5.83 5.57 5.24 5.11 5.13 5.18 5.22 5.38 5.58 5.48 4.97 4.20 3.39 2.68 2.18 1.97 2.58 3.06 3.64 3.55 3.01 2.54 2.44 2.78 3.38 4.06 4.77 5.05 5.09 4.96 5.27 5.98 6.73 7.08 6.75 6.08 5.46 5.18 5.23 5.32 5.53 6.12 6.84 7.44 7.68 7.83 7.78 7.45 7.07 6.78 6.44 6.16 6.05 6.06 6.04 6.09 6.34 6.83 7.31 7.59 7.66 7.42 7.04 6.68 6.73 7.28 8.19 8.89 9.30 9.59 9.66 9.53 9.35 9.17 8.94 8.59 8.12 7.62 7.46 7.39 7.17 6.85 6.48 5.92
6.18 6.05 5.83 5.59 5.49 5.53 5.59 5.70 5.79 5.81 5.61 5.14 4.54 3.77 3.02 2.45 2.31 3.19 4.28 4.77 4.46 3.64 2.91 2.73 3.20 4.06 4.78 5.01 4.87 4.50 4.35 4.56 5.22 5.79 5.96 5.73 5.33 5.04 5.08 5.39 5.76 6.31 6.77 7.29 7.61 7.84 7.88 7.82 7.60 7.18 6.47 6.01 5.96 6.10 6.18 6.24 6.43 6.81 6.99 6.89 6.59 6.24 6.06 6.03 6.18 6.55 7.10 7.73 8.15 8.29 8.22 7.93 7.45 7.17 7.19 7.12 6.64 5.99 5.77 6.08 6.16 5.95 5.67 5.34
6.33 6.35 6.35 6.23 6.09 6.00 6.07 6.26 6.39 6.52 6.59 6.48 6.18 5.56 4.73 3.90 3.33 3.49 4.37 5.44 5.79 5.41 4.53 3.80 3.81 4.40 5.02 5.36 5.36 4.92 4.45 4.11 4.16 4.62 5.26 5.78 6.06 6.18 6.23 6.31 6.50 6.72 6.78 6.95 7.10 7.12 7.16 7.32 7.41 7.29 6.73 6.23 6.08 6.14 6.21 6.25 6.36 6.54 6.52 6.22 5.93 5.68 5.64 5.70 5.76 5.98 6.30 6.74 7.03 7.04 6.97 6.80 6.32 5.75 5.59 5.92 5.77 5.01 4.34 4.50 4.90 4.70 4.40 4.16
6.33 6.40 6.50 6.44 6.36 6.34 6.51 6.80 7.14 7.50 7.76 7.85 7.60 7.05 6.24 5.33 4.42 3.91 4.18 5.33 6.31 6.68 6.37 5.61 5.01 5.10 5.51 5.96 6.26 6.03 5.56 5.01 4.64 4.77 5.38 6.13 6.73 7.15 7.25 7.12 6.94 6.82 6.71 6.74 6.70 6.47 6.40 6.48 6.70 6.91 6.85 6.52 6.24 6.21 6.26 6.34 6.43 6.40 6.13 5.81 5.58 5.45 5.48 5.44 5.43 5.66 5.99 6.23 6.21 6.18 6.09 6.03 5.93 5.33 4.66 4.75 5.03 4.61 3.69 3.36 3.66 3.68 3.38 3.17
6.31 6.42 6.57 6.44 6.32 6.36 6.58 6.91 7.43 7.87 8.31 8.56 8.58 8.30 7.71 6.84 5.74 4.75 4.45 5.09 6.13 7.07 7.23 6.84 6.27 6.06 6.14 6.37 6.73 6.85 6.75 6.45 6.04 5.85 6.00 6.31 6.56 6.79 6.92 6.84 6.67 6.59 6.60 6.63 6.43 5.87 5.61 5.55 5.60 5.85 6.21 6.27 6.11 6.13 6.27 6.44 6.41 6.09 5.59 5.27 5.17 5.21 5.29 5.40 5.48 5.75 6.02 5.94 5.51 5.36 5.32 5.19 5.39 5.31 4.63 4.20 4.39 4.40 3.53 3.06 3.10 2.56 3.13 3.00
6.26 6.39 6.54 6.40 6.22 6.17 6.22 6.31 6.52 6.91 7.46 8.05 8.59 8.88 8.83 8.38 7.42 6.10 5.20 5.16 5.68 6.65 7.28 7.38 7.11 6.80 6.51 6.35 6.41 6.70 7.02 7.15 7.00 6.61 6.29 6.10 5.98 5.95 6.05 6.24 6.37 6.49 6.66 6.71 6.32 5.57 5.14 4.93 4.80 4.82 5.09 5.39 5.54 5.68 5.97 6.02 5.75 5.30 4.83 4.67 4.72 4.85 5.09 5.35 5.50 5.72 5.95 5.65 4.78 4.33 4.35 4.12 4.11 4.59 4.61 4.21 4.11 4.17 3.88 3.45 3.27 3.24 3.31 3.44
6.15 6.25 6.32 6.31 6.19 6.08 5.95 5.68 5.36 5.21 5.46 6.28 7.38 8.33 8.95 9.12 8.74 7.73 6.40 5.66 5.67 6.31 6.92 7.37 7.39 7.04 6.56 6.17 5.83 5.84 6.15 6.54 6.74 6.55 6.21 5.93 5.75 5.76 6.02 6.29 6.41 6.57 6.83 7.00 6.67 5.93 5.38 4.92 4.50 4.21 4.21 4.56 5.00 5.39 5.49 5.19 4.66 4.28 4.14 4.13 4.16 4.18 4.43 4.73 4.92 5.39 5.89 5.68 4.64 3.75 3.53 3.34 3.26 3.65 4.13 4.22 4.21 4.06 4.34 4.21 4.05 3.88 3.93 4.23
6.09 6.13 6.16 6.26 6.27 6.20 6.05 5.78 5.25 4.59 4.16 4.35 5.31 6.67 7.87 8.67 9.02 8.76 7.79 6.67 6.33 6.49 6.78 7.22 7.43 7.22 6.76 6.17 5.56 5.10 4.92 5.07 5.51 5.86 5.96 5.93 5.90 5.97 6.20 6.38 6.44 6.60 6.94 7.25 7.07 6.32 5.55 4.84 4.44 4.33 4.48 4.87 5.24 5.35 5.30 4.65 4.10 3.92 3.88 3.85 3.76 3.60 3.56 3.80 4.29 5.13 6.10 6.28 5.50 4.54 4.09 3.85 3.66 3.73 4.05 4.32 4.54 4.78 4.94 5.00 4.98 4.97 5.04 5.40
6.14 6.14 6.19 6.30 6.39 6.39 6.33 6.31 6.12 5.53 4.66 4.03 4.12 4.94 6.22 7.42 8.32 8.87 8.63 7.85 7.35 7.31 7.38 7.52 7.64 7.62 7.32 6.69 5.93 5.31 4.83 4.69 4.84 5.17 5.52 5.76 5.87 5.88 5.96 6.16 6.24 6.40 6.74 7.11 7.08 6.32 5.53 5.13 5.23 5.58 5.91 6.04 6.00 5.77 5.60 5.05 4.92 4.91 4.81 4.63 4.43 4.18 4.01 4.14 4.78 5.74 6.85 7.37 7.08 6.37 5.74 5.30 4.84 4.61 4.63 4.78 5.01 5.31 5.54 5.78 6.08 6.46 6.82 7.36
6.17 6.14 6.20 6.36 6.52 6.56 6.60 6.78 7.06 7.08 6.55 5.65 4.95 4.87 5.44 6.51 7.53 8.53 8.95 8.74 8.41 8.22 8.08 7.93 7.83 7.91 7.94 7.67 7.04 6.56 6.17 5.83 5.51 5.38 5.48 5.66 5.77 5.77 5.75 5.75 5.83 6.04 6.44 6.92 7.09 6.78 6.50 6.65 6.92 7.10 7.11 6.88 6.50 6.12 5.94 5.99 6.18 6.39 6.46 6.38 6.24 6.16 6.13 6.29 6.61 7.05 7.65 8.14 8.05 7.41 6.67 6.04 5.47 5.17 5.18 5.35 5.57 5.89 6.31 6.96 7.85 8.70 9.31 9.74
6.16 6.11 6.18 6.39 6.63 6.72 6.80 7.05 7.53 8.02 8.15 7.84 7.21 6.50 6.23 6.54 7.24 8.26 9.08 9.32 9.24 8.88 8.38 8.04 7.83 7.92 8.22 8.37 8.13 7.68 7.24 6.91 6.56 6.29 6.07 5.95 5.89 5.75 5.58 5.51 5.67 6.08 6.56 7.11 7.36 7.29 7.28 7.40 7.39 7.16 6.97 6.83 6.62 6.30 6.17 6.26 6.41 6.73 7.11 7.40 7.55 7.63 7.60 7.53 7.38 7.23 7.34 7.92 8.05 7.47 6.66 6.04 5.65 5.45 5.51 5.81 6.22 6.75 7.46 8.47 9.53 10.38 10.76 10.75
6.18 6.17 6.26 6.48 6.71 6.81 6.81 7.00 7.60 8.34 8.90 9.09 8.94 8.47 7.86 7.47 7.63 8.26 8.92 9.33 9.40 9.02 8.40 7.96 7.67 7.60 7.90 8.35 8.45 8.10 7.56 7.11 6.71 6.44 6.17 5.94 5.83 5.64 5.52 5.66 5.97 6.29 6.69 7.20 7.41 7.08 6.64 6.40 6.04 5.69 5.56 5.77 6.07 6.09 5.91 5.86 5.96 6.22 6.63 7.06 7.39 7.56 7.41 7.09 6.68 6.27 6.24 7.10 7.79 7.55 6.72 6.19 5.95 5.80 5.89 6.28 6.88 7.60 8.38 9.09 9.64 9.92 9.88 9.69
6.24 6.28 6.45 6.66 6.85 6.97 7.02 7.25 7.86 8.34 8.62 8.79 8.91 8.89 8.64 8.39 8.36 8.44 8.51 8.65 8.77 8.58 8.21 7.93 7.65 7.26 7.14 7.62 8.11 8.12 7.69 7.07 6.31 5.80 5.61 5.57 5.59 5.53 5.49 5.53 5.63 5.86 6.28 6.86 7.17 6.74 5.84 5.14 4.92 4.76 4.64 4.80 5.20 5.45 5.51 5.59 5.72 5.82 6.00 6.27 6.54 6.66 6.51 6.11 5.74 5.47 5.52 6.41 7.57 7.86 7.22 6.62 6.40 6.37 6.60 7.11 7.82 8.54 8.92 8.87 8.25 7.27 6.60 6.58
