project/data/elevation/US_DEM2016/US_DEM2016_point_11-01-2019_0008_30m_vel.asc
ncols	125
nrows	167
xllcorner	-2042055.000000
yllcorner	1465035.000000
cellsize	30.000000
NODATA_value	-9999.000000
[rows 0 to 37 of 167, columns 0 to 83 of 125]
2.34 2.31 2.32 2.18 1.88 1.75 1.88 2.06 2.16 2.23 2.23 2.01 1.69 1.99 2.29 2.36 2.35 2.16 1.63 1.64 2.08 2.28 2.32 2.24 2.16 2.16 2.02 1.70 1.72 2.01 2.22 2.31 2.29 2.22 2.09 2.01 2.09 2.22 2.32 2.41 2.48 2.55 2.61 2.64 2.58 2.42 2.24 2.22 2.32 2.38 2.37 2.39 2.42 2.45 2.38 2.33 2.32 2.28 2.29 2.26 2.16 2.00 1.88 1.94 2.03 2.11 2.15 2.17 2.17 2.18 2.20 2.18 2.12 2.05 2.04 2.06 1.98 1.88 2.03 2.25 2.04 1.64 1.97 2.38
2.34 2.31 2.32 2.18 1.88 1.75 1.88 2.06 2.16 2.23 2.23 2.01 1.69 1.99 2.29 2.36 2.35 2.16 1.63 1.64 2.08 2.28 2.32 2.24 2.16 2.16 2.02 1.70 1.72 2.01 2.22 2.31 2.29 2.22 2.09 2.01 2.09 2.22 2.32 2.41 2.48 2.55 2.61 2.64 2.58 2.42 2.24 2.22 2.32 2.38 2.37 2.39 2.42 2.45 2.38 2.33 2.32 2.28 2.29 2.26 2.16 2.00 1.88 1.94 2.03 2.11 2.15 2.17 2.17 2.18 2.20 2.18 2.12 2.05 2.04 2.06 1.98 1.88 2.03 2.25 2.04 1.64 1.97 2.38
2.56 2.51 2.43 2.19 1.82 1.63 1.71 1.94 2.19 2.34 2.32 1.94 1.50 1.89 2.46 2.50 2.19 1.77 1.29 1.36 1.92 2.33 2.48 2.34 2.13 2.00 1.69 1.40 1.57 1.92 2.17 2.31 2.34 2.29 2.12 1.94 1.91 1.96 2.01 2.12 2.24 2.31 2.37 2.48 2.54 2.44 2.24 2.14 2.25 2.47 2.62 2.58 2.43 2.27 2.17 2.09 2.01 2.00 2.05 2.09 2.04 1.87 1.78 1.87 2.01 2.13 2.19 2.18 2.17 2.16 2.16 2.13 2.05 1.97 1.97 2.01 1.93 1.85 2.05 2.29 1.94 1.46 1.82 2.56
2.98 2.88 2.64 2.25 1.83 1.65 1.68 1.86 2.16 2.43 2.46 1.93 1.33 1.71 2.66 2.78 2.13 1.38 0.88 1.08 1.83 2.50 2.69 2.43 2.09 1.83 1.45 1.28 1.47 1.82 2.13 2.33 2.42 2.41 2.22 1.96 1.81 1.74 1.62 1.61 1.81 1.97 2.07 2.26 2.43 2.40 2.25 2.17 2.34 2.74 2.99 2.86 2.47 2.09 1.87 1.71 1.61 1.67 1.82 1.91 1.91 1.78 1.69 1.77 1.92 2.09 2.19 2.24 2.25 2.22 2.16 2.07 1.94 1.85 1.86 1.92 1.90 1.89 2.07 2.22 1.81 1.37 1.80 2.76
3.32 3.14 2.78 2.33 1.92 1.74 1.74 1.80 1.98 2.25 2.38 1.98 1.33 1.56 2.64 2.94 2.18 1.21 0.77 1.12 1.97 2.62 2.70 2.33 1.95 1.68 1.45 1.36 1.50 1.82 2.13 2.35 2.48 2.47 2.34 2.14 1.98 1.85 1.56 1.37 1.51 1.74 1.92 2.15 2.32 2.30 2.23 2.30 2.55 2.95 3.15 2.95 2.49 2.06 1.76 1.53 1.46 1.55 1.69 1.85 1.95 1.88 1.72 1.69 1.82 1.99 2.09 2.19 2.28 2.27 2.20 2.09 1.95 1.85 1.86 1.91 1.96 1.99 2.05 2.04 1.78 1.56 1.92 2.73
3.55 3.30 2.81 2.37 1.98 1.78 1.74 1.70 1.77 2.01 2.19 1.96 1.38 1.47 2.52 2.96 2.29 1.17 0.73 1.21 2.11 2.66 2.63 2.15 1.72 1.52 1.43 1.39 1.53 1.82 2.13 2.39 2.51 2.47 2.36 2.26 2.17 2.04 1.73 1.41 1.36 1.52 1.73 2.01 2.23 2.22 2.18 2.37 2.73 3.12 3.25 2.98 2.50 2.05 1.74 1.53 1.49 1.56 1.62 1.72 1.91 1.97 1.83 1.71 1.81 1.98 2.09 2.16 2.22 2.23 2.19 2.10 2.00 1.97 1.99 2.02 2.03 2.04 2.05 1.99 1.85 1.79 2.04 2.54
3.67 3.39 2.81 2.36 2.01 1.80 1.66 1.59 1.65 1.80 1.94 1.82 1.40 1.48 2.35 2.85 2.41 1.35 0.78 1.20 2.14 2.66 2.52 1.98 1.56 1.42 1.40 1.40 1.50 1.78 2.13 2.42 2.52 2.45 2.36 2.33 2.30 2.20 1.95 1.60 1.40 1.42 1.56 1.79 2.06 2.13 2.14 2.39 2.88 3.29 3.35 2.99 2.44 2.04 1.80 1.61 1.57 1.59 1.56 1.56 1.72 1.91 1.92 1.85 1.92 2.07 2.16 2.17 2.15 2.12 2.10 2.07 2.04 2.08 2.14 2.16 2.13 2.13 2.13 2.04 1.93 1.95 2.07 2.25
3.67 3.38 2.79 2.31 2.02 1.79 1.61 1.53 1.63 1.75 1.77 1.64 1.42 1.56 2.20 2.67 2.41 1.57 0.92 1.23 2.11 2.55 2.34 1.86 1.48 1.36 1.40 1.44 1.50 1.72 2.09 2.40 2.51 2.44 2.35 2.36 2.36 2.30 2.14 1.87 1.61 1.50 1.54 1.62 1.75 1.96 2.14 2.45 2.99 3.44 3.40 2.91 2.29 1.95 1.85 1.77 1.69 1.62 1.51 1.47 1.60 1.80 1.92 1.97 2.08 2.23 2.29 2.22 2.07 1.95 1.96 2.04 2.09 2.15 2.24 2.25 2.23 2.27 2.25 2.10 1.99 2.02 2.03 1.98
3.60 3.31 2.74 2.30 2.02 1.82 1.65 1.61 1.73 1.78 1.72 1.60 1.51 1.62 2.01 2.38 2.26 1.64 1.13 1.38 2.11 2.36 2.06 1.69 1.43 1.34 1.40 1.52 1.59 1.71 2.02 2.31 2.46 2.42 2.30 2.30 2.35 2.37 2.31 2.15 1.94 1.78 1.69 1.59 1.54 1.71 2.09 2.58 3.16 3.52 3.37 2.73 2.05 1.77 1.83 1.92 1.86 1.72 1.60 1.58 1.66 1.81 1.91 1.99 2.17 2.43 2.51 2.32 1.98 1.74 1.79 2.01 2.14 2.22 2.28 2.30 2.33 2.40 2.33 2.11 1.99 2.01 1.97 2.06
3.43 3.25 2.75 2.37 2.11 1.95 1.79 1.80 1.89 1.83 1.70 1.63 1.60 1.60 1.72 2.01 1.99 1.57 1.32 1.63 2.17 2.15 1.71 1.45 1.36 1.33 1.37 1.53 1.69 1.80 2.00 2.22 2.39 2.38 2.20 2.13 2.23 2.36 2.39 2.31 2.21 2.14 2.05 1.80 1.52 1.57 2.02 2.73 3.32 3.50 3.22 2.52 1.87 1.52 1.60 1.87 1.94 1.82 1.73 1.75 1.83 1.92 1.94 1.91 2.12 2.54 2.72 2.44 1.92 1.54 1.63 1.98 2.22 2.30 2.31 2.32 2.42 2.49 2.34 2.09 1.94 1.94 1.94 1.79
3.37 3.19 2.84 2.52 2.27 2.09 2.00 2.05 2.04 1.87 1.70 1.64 1.60 1.51 1.45 1.59 1.65 1.46 1.45 1.86 2.20 1.97 1.45 1.25 1.29 1.34 1.36 1.50 1.72 1.90 2.03 2.19 2.36 2.33 2.04 1.89 2.06 2.29 2.36 2.33 2.33 2.39 2.39 2.18 1.76 1.57 1.96 2.85 3.44 3.44 2.97 2.33 1.77 1.42 1.40 1.64 1.84 1.83 1.81 1.89 1.99 2.08 2.04 1.88 1.99 2.51 2.79 2.49 1.93 1.48 1.52 1.98 2.35 2.40 2.34 2.34 2.45 2.47 2.27 2.02 1.91 1.88 1.86 1.72
3.31 3.14 2.85 2.62 2.40 2.23 2.18 2.21 2.12 1.89 1.73 1.67 1.59 1.40 1.26 1.28 1.33 1.32 1.49 1.95 2.18 1.86 1.36 1.19 1.28 1.37 1.42 1.54 1.75 1.95 2.07 2.20 2.32 2.22 1.89 1.78 1.97 2.16 2.20 2.21 2.27 2.42 2.58 2.55 2.20 1.78 2.05 2.96 3.48 3.30 2.69 2.19 1.78 1.46 1.35 1.46 1.64 1.75 1.85 1.99 2.13 2.22 2.19 1.96 1.91 2.33 2.70 2.54 2.05 1.61 1.54 2.03 2.46 2.49 2.36 2.30 2.36 2.36 2.16 2.03 2.00 1.95 1.87 1.71
3.37 3.09 2.65 2.46 2.41 2.35 2.33 2.29 2.14 1.94 1.82 1.73 1.63 1.40 1.21 1.14 1.11 1.17 1.41 1.87 2.08 1.78 1.41 1.29 1.33 1.40 1.52 1.66 1.79 1.94 2.07 2.19 2.24 2.09 1.85 1.83 2.00 2.06 2.00 2.04 2.12 2.26 2.53 2.69 2.60 2.31 2.36 3.09 3.44 3.08 2.44 2.03 1.74 1.55 1.43 1.41 1.46 1.58 1.81 2.06 2.27 2.39 2.34 2.12 1.94 2.12 2.47 2.50 2.20 1.82 1.70 2.14 2.55 2.51 2.31 2.19 2.20 2.19 2.14 2.20 2.25 2.14 1.98 1.76
3.51 3.16 2.55 2.24 2.26 2.39 2.45 2.35 2.13 1.98 1.93 1.86 1.70 1.49 1.33 1.15 1.00 1.02 1.27 1.67 1.87 1.69 1.52 1.47 1.42 1.45 1.60 1.73 1.78 1.87 1.99 2.10 2.14 2.00 1.86 1.92 2.02 1.97 1.90 1.95 1.98 2.06 2.30 2.55 2.73 2.77 2.81 3.16 3.32 2.88 2.28 1.85 1.65 1.61 1.55 1.46 1.34 1.38 1.69 2.08 2.40 2.58 2.48 2.24 2.02 2.00 2.18 2.32 2.25 2.02 1.95 2.33 2.56 2.40 2.17 2.08 2.08 2.07 2.13 2.34 2.46 2.32 2.06 1.76
3.50 3.25 2.59 2.15 2.09 2.33 2.48 2.34 2.08 1.98 1.99 1.92 1.74 1.57 1.52 1.34 0.97 0.87 1.11 1.44 1.61 1.60 1.60 1.62 1.53 1.50 1.63 1.74 1.78 1.82 1.85 1.96 2.10 2.05 1.94 1.99 1.99 1.90 1.88 1.94 1.94 1.95 2.09 2.31 2.62 2.97 3.12 3.18 3.11 2.77 2.21 1.77 1.62 1.68 1.71 1.54 1.25 1.23 1.60 2.04 2.45 2.67 2.59 2.35 2.12 1.97 1.96 2.06 2.17 2.18 2.26 2.49 2.46 2.21 2.08 2.08 2.08 2.00 2.07 2.38 2.60 2.49 2.13 1.77
3.58 3.33 2.69 2.16 1.98 2.19 2.43 2.34 2.12 2.05 2.04 1.90 1.66 1.49 1.58 1.53 1.09 0.81 0.97 1.23 1.41 1.54 1.64 1.68 1.60 1.56 1.64 1.77 1.84 1.84 1.78 1.83 2.05 2.16 2.10 2.08 2.03 1.89 1.85 1.93 1.95 1.94 2.00 2.16 2.46 2.93 3.16 3.14 3.01 2.72 2.24 1.83 1.72 1.85 1.87 1.59 1.20 1.20 1.62 2.04 2.38 2.64 2.62 2.41 2.20 1.98 1.81 1.80 2.01 2.30 2.54 2.53 2.26 2.07 2.08 2.15 2.12 1.98 2.06 2.42 2.71 2.61 2.21 1.88
3.79 3.39 2.69 2.23 2.03 2.21 2.45 2.39 2.19 2.14 2.09 1.90 1.64 1.42 1.43 1.49 1.21 0.91 0.91 1.09 1.31 1.51 1.66 1.71 1.66 1.62 1.69 1.79 1.88 1.94 1.86 1.78 1.93 2.14 2.18 2.19 2.16 1.96 1.81 1.90 2.01 2.03 2.04 2.14 2.38 2.75 2.98 3.03 3.01 2.81 2.34 1.97 1.92 2.03 1.97 1.59 1.19 1.32 1.78 2.11 2.34 2.53 2.55 2.43 2.26 1.99 1.70 1.58 1.81 2.30 2.64 2.54 2.15 2.03 2.13 2.20 2.11 2.00 2.11 2.48 2.75 2.66 2.34 2.05
3.78 3.34 2.54 2.16 2.17 2.36 2.53 2.45 2.29 2.20 2.10 1.91 1.68 1.41 1.23 1.19 1.15 1.01 0.96 1.09 1.30 1.49 1.67 1.79 1.76 1.72 1.77 1.81 1.86 1.99 2.02 1.88 1.88 2.02 2.12 2.24 2.28 2.09 1.84 1.88 2.07 2.12 2.13 2.17 2.29 2.49 2.68 2.87 3.05 2.96 2.52 2.18 2.14 2.20 2.03 1.53 1.25 1.55 2.03 2.27 2.35 2.38 2.37 2.37 2.31 2.07 1.70 1.40 1.52 2.12 2.62 2.63 2.25 2.14 2.26 2.22 2.09 2.06 2.23 2.55 2.77 2.69 2.43 2.13
3.64 3.24 2.39 2.06 2.26 2.62 2.73 2.57 2.36 2.18 2.01 1.84 1.64 1.34 1.02 0.87 0.92 0.97 1.02 1.18 1.33 1.48 1.70 1.88 1.88 1.83 1.85 1.86 1.82 1.92 2.10 2.07 1.98 1.97 2.01 2.17 2.31 2.22 1.99 1.96 2.09 2.17 2.17 2.14 2.09 2.14 2.29 2.62 3.03 3.04 2.72 2.45 2.38 2.33 2.04 1.49 1.36 1.85 2.29 2.40 2.33 2.20 2.11 2.18 2.29 2.18 1.85 1.39 1.22 1.70 2.38 2.54 2.39 2.33 2.34 2.19 2.08 2.15 2.36 2.62 2.84 2.79 2.49 2.10
3.52 3.14 2.35 2.03 2.34 2.78 2.86 2.65 2.38 2.11 1.89 1.72 1.55 1.26 0.92 0.68 0.67 0.82 1.01 1.22 1.36 1.51 1.77 1.98 1.99 1.92 1.93 1.94 1.83 1.82 2.05 2.19 2.14 2.02 1.95 2.06 2.23 2.25 2.14 2.05 2.08 2.13 2.10 2.00 1.90 1.89 2.04 2.39 2.87 2.98 2.79 2.62 2.54 2.36 1.99 1.53 1.59 2.15 2.44 2.42 2.25 2.04 1.89 1.96 2.17 2.21 2.01 1.56 1.12 1.30 1.98 2.34 2.39 2.41 2.37 2.16 2.02 2.13 2.34 2.59 2.91 3.00 2.64 2.13
3.34 2.98 2.35 2.10 2.47 2.90 2.91 2.63 2.29 2.01 1.78 1.63 1.48 1.26 0.98 0.69 0.56 0.69 0.96 1.20 1.35 1.55 1.85 2.07 2.12 2.03 2.02 2.05 1.90 1.79 1.98 2.22 2.22 2.08 1.95 1.95 2.11 2.28 2.25 2.10 2.03 2.04 1.98 1.88 1.84 1.87 2.02 2.31 2.67 2.82 2.78 2.70 2.60 2.37 2.00 1.73 1.90 2.29 2.46 2.35 2.15 1.94 1.76 1.78 2.06 2.17 2.03 1.68 1.23 1.20 1.67 2.12 2.33 2.39 2.33 2.14 1.95 2.03 2.25 2.49 2.98 3.25 3.00 2.37
3.01 2.78 2.38 2.32 2.69 2.97 2.87 2.52 2.18 1.91 1.73 1.57 1.40 1.23 1.04 0.78 0.61 0.67 0.92 1.16 1.32 1.57 1.87 2.10 2.21 2.17 2.13 2.12 2.00 1.87 1.99 2.18 2.19 2.06 1.89 1.85 2.10 2.34 2.30 2.07 1.96 1.98 1.92 1.85 1.87 1.93 2.13 2.39 2.57 2.72 2.69 2.59 2.50 2.37 2.15 2.01 2.13 2.33 2.39 2.27 2.11 1.94 1.72 1.75 2.00 2.09 1.95 1.77 1.48 1.34 1.59 2.00 2.26 2.28 2.15 2.01 1.83 1.91 2.05 2.16 2.78 3.38 3.35 2.80
2.76 2.63 2.48 2.57 2.81 2.92 2.74 2.39 2.05 1.85 1.70 1.50 1.29 1.13 0.99 0.82 0.69 0.71 0.90 1.11 1.31 1.55 1.82 2.06 2.24 2.30 2.25 2.21 2.12 2.01 2.03 2.08 2.04 1.94 1.77 1.78 2.16 2.39 2.28 2.03 1.91 1.93 1.89 1.91 1.98 2.05 2.29 2.49 2.60 2.68 2.59 2.43 2.35 2.32 2.31 2.32 2.33 2.35 2.32 2.25 2.15 1.98 1.83 1.88 2.04 2.07 1.98 1.91 1.75 1.57 1.65 1.94 2.20 2.18 1.98 1.84 1.80 1.94 1.94 1.87 2.39 3.13 3.43 3.20
2.64 2.55 2.52 2.69 2.88 2.88 2.63 2.32 1.99 1.81 1.68 1.45 1.20 1.01 0.88 0.79 0.73 0.76 0.89 1.09 1.31 1.50 1.72 1.97 2.21 2.39 2.39 2.31 2.21 2.10 2.02 1.93 1.81 1.79 1.74 1.85 2.19 2.32 2.16 1.99 1.90 1.91 1.94 2.03 2.10 2.22 2.48 2.64 2.67 2.61 2.41 2.19 2.10 2.16 2.35 2.52 2.53 2.42 2.31 2.26 2.20 2.10 2.03 2.06 2.08 2.04 2.05 2.09 1.98 1.78 1.75 1.87 2.04 2.06 1.82 1.66 1.79 2.02 1.89 1.68 2.08 2.71 3.26 3.45
2.61 2.53 2.55 2.82 3.01 2.93 2.63 2.32 2.02 1.82 1.67 1.43 1.15 0.92 0.77 0.72 0.74 0.81 0.90 1.11 1.34 1.48 1.66 1.88 2.17 2.45 2.50 2.37 2.23 2.10 1.96 1.80 1.69 1.70 1.79 1.96 2.18 2.21 2.06 1.95 1.92 1.96 2.07 2.14 2.21 2.39 2.63 2.77 2.69 2.45 2.18 1.98 1.89 1.96 2.26 2.57 2.65 2.54 2.39 2.32 2.28 2.26 2.30 2.30 2.19 2.08 2.13 2.16 2.01 1.86 1.81 1.84 1.91 1.93 1.77 1.66 1.84 2.03 1.80 1.59 1.85 2.28 2.87 3.43
2.64 2.48 2.50 2.86 3.12 3.08 2.77 2.38 2.09 1.87 1.67 1.42 1.13 0.85 0.65 0.60 0.71 0.83 0.95 1.17 1.39 1.53 1.71 1.91 2.16 2.43 2.51 2.35 2.18 2.05 1.91 1.78 1.71 1.74 1.84 1.99 2.13 2.16 2.02 1.89 1.91 2.06 2.20 2.28 2.34 2.50 2.72 2.80 2.63 2.30 1.99 1.81 1.70 1.76 2.10 2.47 2.62 2.59 2.53 2.44 2.40 2.46 2.53 2.46 2.30 2.21 2.19 2.10 1.96 1.90 1.88 1.79 1.78 1.87 1.84 1.79 1.92 1.97 1.76 1.61 1.72 1.93 2.35 3.07
2.65 2.44 2.37 2.72 3.10 3.23 3.00 2.52 2.17 1.93 1.69 1.40 1.11 0.82 0.54 0.53 0.63 0.83 1.02 1.28 1.50 1.67 1.83 1.99 2.15 2.34 2.41 2.25 2.06 1.97 1.88 1.82 1.80 1.86 1.95 1.98 2.03 2.11 2.08 1.92 1.91 2.11 2.34 2.46 2.49 2.58 2.69 2.71 2.55 2.24 1.91 1.66 1.50 1.54 1.89 2.26 2.43 2.54 2.59 2.56 2.56 2.63 2.65 2.54 2.42 2.30 2.15 2.02 1.98 1.99 1.89 1.72 1.69 1.86 1.93 1.86 1.93 1.97 1.86 1.72 1.68 1.72 1.96 2.55
2.72 2.48 2.28 2.48 2.86 3.23 3.21 2.77 2.30 1.99 1.73 1.39 1.11 0.85 0.53 0.36 0.52 0.79 1.08 1.40 1.65 1.80 1.91 2.00 2.10 2.22 2.29 2.14 1.90 1.83 1.89 1.93 1.94 1.99 2.05 2.04 1.99 2.06 2.15 2.05 1.97 2.17 2.49 2.64 2.62 2.55 2.51 2.51 2.48 2.30 2.00 1.68 1.40 1.34 1.66 1.96 2.13 2.37 2.50 2.58 2.68 2.70 2.65 2.53 2.41 2.35 2.19 2.03 2.02 2.03 1.89 1.73 1.77 1.97 1.97 1.84 1.91 2.05 2.00 1.84 1.69 1.63 1.76 2.13
2.91 2.59 2.22 2.20 2.46 3.04 3.28 3.02 2.53 2.12 1.80 1.45 1.16 0.93 0.62 0.38 0.45 0.74 1.13 1.53 1.78 1.86 1.87 1.90 1.98 2.09 2.16 2.03 1.80 1.77 1.92 2.08 2.10 2.05 2.08 2.12 2.05 2.02 2.18 2.18 2.12 2.33 2.68 2.80 2.69 2.43 2.20 2.21 2.36 2.42 2.27 1.91 1.45 1.20 1.31 1.55 1.84 2.17 2.36 2.60 2.75 2.67 2.51 2.40 2.40 2.43 2.34 2.18 2.08 2.02 1.95 1.88 1.98 2.07 1.96 1.89 2.01 2.14 2.06 1.85 1.68 1.59 1.64 1.83
3.09 2.75 2.27 2.04 2.13 2.65 3.12 3.12 2.77 2.32 1.93 1.56 1.25 1.00 0.72 0.54 0.51 0.76 1.19 1.61 1.81 1.81 1.77 1.79 1.88 1.98 2.03 1.94 1.79 1.80 2.02 2.16 2.14 2.10 2.10 2.17 2.16 2.08 2.15 2.28 2.36 2.57 2.86 2.91 2.64 2.21 1.85 1.83 2.12 2.42 2.51 2.28 1.66 1.13 0.97 1.17 1.64 2.03 2.31 2.73 2.90 2.67 2.34 2.22 2.30 2.49 2.53 2.38 2.20 2.08 2.03 2.10 2.26 2.21 2.01 2.00 2.16 2.18 1.98 1.74 1.55 1.50 1.53 1.66
3.15 2.89 2.40 2.05 1.96 2.27 2.77 3.02 2.89 2.53 2.09 1.68 1.34 1.01 0.71 0.60 0.58 0.87 1.29 1.59 1.71 1.71 1.69 1.72 1.81 1.92 1.89 1.78 1.74 1.87 2.08 2.12 2.10 2.12 2.15 2.22 2.23 2.13 2.17 2.38 2.60 2.80 2.99 2.91 2.51 1.97 1.58 1.47 1.75 2.24 2.58 2.57 2.03 1.19 0.73 0.86 1.46 1.95 2.39 2.98 3.11 2.64 2.05 1.84 1.98 2.36 2.59 2.51 2.33 2.18 2.10 2.21 2.44 2.45 2.24 2.20 2.24 2.12 1.88 1.62 1.46 1.42 1.47 1.58
3.22 2.98 2.56 2.20 1.94 2.01 2.38 2.73 2.83 2.66 2.29 1.86 1.47 1.06 0.67 0.49 0.62 1.00 1.33 1.48 1.57 1.66 1.65 1.64 1.75 1.92 1.90 1.73 1.68 1.84 2.02 2.01 1.97 2.03 2.15 2.26 2.26 2.21 2.28 2.51 2.80 3.01 3.05 2.80 2.35 1.88 1.47 1.27 1.45 1.92 2.45 2.72 2.39 1.40 0.64 0.63 1.26 1.90 2.57 3.25 3.30 2.59 1.85 1.52 1.65 2.13 2.45 2.41 2.31 2.23 2.11 2.20 2.52 2.69 2.58 2.45 2.34 2.14 1.89 1.67 1.53 1.45 1.45 1.55
3.33 3.11 2.72 2.40 2.06 1.89 2.01 2.33 2.59 2.65 2.47 2.09 1.66 1.20 0.76 0.53 0.68 1.06 1.30 1.37 1.51 1.51 1.67 1.66 1.75 1.98 2.07 1.94 1.78 1.77 1.88 1.89 1.82 1.86 2.02 2.21 2.29 2.28 2.40 2.70 3.02 3.19 3.04 2.63 2.20 1.86 1.49 1.22 1.26 1.62 2.16 2.74 2.61 1.66 0.68 0.52 1.10 1.85 2.76 3.51 3.45 2.60 1.76 1.40 1.51 1.96 2.21 2.13 2.17 2.17 1.97 2.01 2.43 2.78 2.82 2.74 2.63 2.37 2.06 1.81 1.64 1.53 1.51 1.64
3.51 3.29 2.91 2.59 2.23 1.85 1.69 1.90 2.17 2.43 2.50 2.29 1.87 1.36 0.89 0.63 0.76 1.09 1.26 1.11 1.49 1.75 1.83 1.81 1.85 2.08 2.25 2.21 1.98 1.77 1.77 1.79 1.70 1.69 1.83 2.06 2.24 2.30 2.49 2.86 3.23 3.33 3.02 2.46 2.02 1.83 1.63 1.34 1.21 1.38 1.86 2.57 2.68 1.85 0.80 0.55 1.02 1.85 2.88 3.66 3.63 2.70 1.84 1.44 1.45 1.80 2.00 1.89 2.03 2.14 1.75 1.65 2.22 2.75 2.86 2.91 2.99 2.77 2.34 1.98 1.73 1.63 1.70 1.85
3.66 3.45 3.03 2.66 2.27 1.84 1.58 1.59 1.76 2.03 2.29 2.34 2.07 1.55 1.02 0.71 0.78 1.06 1.00 1.33 1.65 1.82 1.94 1.95 2.00 2.19 2.38 2.41 2.21 1.89 1.71 1.69 1.64 1.61 1.73 1.94 2.14 2.29 2.54 2.96 3.35 3.39 2.96 2.29 1.94 1.89 1.83 1.59 1.35 1.28 1.57 2.30 2.61 1.96 0.89 0.62 1.03 1.88 2.93 3.74 3.73 2.90 2.04 1.57 1.42 1.50 1.68 1.69 1.91 2.12 1.68 1.41 2.06 2.64 2.54 2.63 3.06 3.13 2.78 2.23 1.82 1.79 1.99 2.11
3.79 3.52 3.00 2.56 2.18 1.79 1.55 1.46 1.46 1.63 1.88 2.15 2.16 1.77 1.18 0.79 0.77 0.99 1.23 1.43 1.69 1.86 1.99 2.06 2.14 2.31 2.47 2.53 2.40 2.06 1.69 1.56 1.60 1.64 1.75 1.92 2.09 2.27 2.56 2.97 3.33 3.34 2.89 2.31 2.03 2.01 2.00 1.87 1.58 1.31 1.31 1.93 2.44 2.00 0.96 0.69 1.09 1.90 2.89 3.70 3.74 3.11 2.22 1.66 1.37 1.25 1.38 1.53 1.81 2.10 1.73 1.34 1.95 2.50 2.16 2.10 2.74 3.20 3.14 2.61 2.09 2.07 2.32 2.33
3.86 3.56 2.90 2.40 2.04 1.73 1.51 1.35 1.27 1.34 1.54 1.81 2.02 1.85 1.35 0.90 0.80 0.95 1.03 1.44 1.67 1.83 1.98 2.11 2.21 2.38 2.56 2.66 2.59 2.28 1.79 1.50 1.54 1.69 1.87 2.00 2.09 2.26 2.55 2.87 3.14 3.16 2.84 2.47 2.29 2.20 2.11 1.94 1.63 1.24 1.12 1.48 2.17 1.94 1.00 0.73 1.15 1.92 2.84 3.64 3.78 3.22 2.36 1.76 1.34 1.13 1.17 1.41 1.72 2.03 1.77 1.32 1.87 2.38 1.94 1.71 2.25 2.92 3.16 2.86 2.43 2.42 2.59 2.49
3.95 3.61 2.84 2.30 1.99 1.77 1.57 1.32 1.13 1.13 1.33 1.56 1.75 1.74 1.39 1.02 0.88 0.96 1.11 1.36 1.59 1.73 1.87 2.02 2.18 2.40 2.61 2.78 2.82 2.56 2.03 1.59 1.52 1.70 1.92 2.10 2.20 2.33 2.53 2.71 2.83 2.84 2.80 2.68 2.53 2.32 2.10 1.85 1.53 1.15 0.96 1.15 1.81 1.82 1.01 0.76 1.20 1.97 2.86 3.63 3.76 3.26 2.47 1.89 1.41 1.13 1.12 1.29 1.59 1.94 1.77 1.28 1.72 2.31 1.91 1.49 1.84 2.49 2.91 2.79 2.50 2.61 2.86 2.76
