project/data/elevation/US_DEM2016/US_DEM2016_point_10-29-2019_1818_30m_vel.asc
ncols	125
nrows	167
xllcorner	-2042055.000000
yllcorner	1465035.000000
cellsize	30.000000
NODATA_value	-9999.000000
[rows 114 to 151 of 167, columns 0 to 83 of 125]
2.15 2.13 2.12 2.13 2.17 2.31 2.49 2.51 2.31 2.04 1.82 1.62 1.45 1.33 1.30 1.41 1.68 1.96 2.13 2.31 2.60 2.74 2.47 2.15 2.21 2.36 2.35 2.25 2.19 2.13 2.05 1.94 1.86 1.81 1.72 1.63 1.63 1.70 1.78 1.88 2.03 2.21 2.46 2.75 2.83 2.64 2.31 2.02 1.88 1.92 2.06 2.20 2.21 2.07 1.90 1.75 1.67 1.74 1.88 1.97 1.94 1.87 1.83 1.84 1.90 2.03 2.22 2.32 2.24 2.04 1.88 1.76 1.67 1.61 1.58 1.58 1.57 1.58 1.74 2.08 2.14 1.91 1.78 1.68
2.19 2.18 2.17 2.17 2.19 2.25 2.29 2.17 1.87 1.58 1.38 1.25 1.18 1.22 1.43 1.80 2.18 2.44 2.58 2.69 2.73 2.59 2.25 2.08 2.19 2.26 2.18 2.12 2.15 2.21 2.22 2.15 2.04 1.87 1.66 1.56 1.61 1.72 1.85 2.01 2.18 2.33 2.50 2.66 2.62 2.39 2.11 1.88 1.78 1.89 2.12 2.25 2.21 2.06 1.86 1.65 1.56 1.63 1.75 1.83 1.86 1.88 1.92 1.97 2.05 2.16 2.25 2.25 2.16 2.01 1.88 1.79 1.70 1.62 1.56 1.54 1.54 1.59 1.76 2.04 2.04 1.83 1.68 1.54
2.25 2.23 2.21 2.20 2.19 2.16 2.08 1.90 1.66 1.49 1.42 1.41 1.51 1.77 2.17 2.59 2.87 2.93 2.89 2.77 2.56 2.30 2.09 2.03 2.07 2.04 1.96 1.96 2.08 2.19 2.22 2.18 2.12 2.03 1.94 1.92 1.92 1.94 2.01 2.13 2.23 2.32 2.44 2.52 2.42 2.23 2.01 1.80 1.78 1.98 2.23 2.33 2.26 2.12 1.99 1.88 1.82 1.81 1.81 1.82 1.83 1.85 1.92 2.00 2.10 2.19 2.20 2.15 2.07 1.96 1.85 1.77 1.70 1.63 1.56 1.54 1.56 1.64 1.80 2.01 2.06 1.94 1.80 1.74
2.29 2.24 2.20 2.19 2.15 2.06 1.92 1.79 1.69 1.69 1.78 1.98 2.26 2.59 2.91 3.11 3.09 2.87 2.66 2.43 2.19 2.10 2.09 2.09 2.05 1.94 1.82 1.83 1.97 2.06 2.02 2.02 2.08 2.12 2.18 2.21 2.16 2.08 2.02 2.02 2.09 2.19 2.35 2.45 2.35 2.17 2.00 1.83 1.86 2.09 2.28 2.31 2.22 2.13 2.11 2.12 2.14 2.14 2.08 1.97 1.89 1.86 1.90 1.95 2.03 2.09 2.04 1.98 1.98 1.93 1.82 1.73 1.67 1.62 1.58 1.58 1.63 1.71 1.86 2.08 2.24 2.22 2.12 2.17
2.29 2.23 2.17 2.16 2.11 1.99 1.86 1.77 1.76 1.85 2.08 2.40 2.72 2.96 3.08 3.00 2.69 2.40 2.24 2.04 1.93 2.02 2.13 2.19 2.17 1.99 1.79 1.76 1.90 1.95 1.89 1.88 1.94 2.03 2.09 2.11 2.05 1.96 1.89 1.88 1.98 2.16 2.37 2.44 2.30 2.10 1.98 1.90 1.94 2.09 2.20 2.18 2.08 2.05 2.11 2.16 2.22 2.26 2.22 2.11 1.99 1.91 1.86 1.86 1.88 1.85 1.75 1.82 1.98 1.98 1.86 1.76 1.69 1.64 1.62 1.65 1.73 1.81 1.97 2.23 2.41 2.40 2.36 2.42
2.26 2.21 2.16 2.15 2.09 1.97 1.84 1.79 1.86 2.05 2.36 2.65 2.81 2.86 2.78 2.54 2.27 2.14 2.01 1.83 1.79 1.90 2.05 2.19 2.20 2.01 1.82 1.82 1.94 1.96 1.91 1.87 1.86 1.88 1.92 1.92 1.87 1.84 1.84 1.89 2.02 2.21 2.40 2.40 2.17 1.96 1.94 1.97 2.01 2.07 2.11 2.08 2.03 2.05 2.12 2.16 2.17 2.15 2.11 2.07 2.01 1.91 1.80 1.72 1.65 1.58 1.62 1.89 2.11 2.09 1.97 1.86 1.78 1.69 1.66 1.71 1.78 1.85 2.02 2.27 2.42 2.36 2.29 2.27
2.23 2.21 2.19 2.16 2.09 1.98 1.87 1.87 2.01 2.30 2.60 2.74 2.71 2.61 2.46 2.25 2.11 2.02 1.82 1.62 1.60 1.72 1.95 2.17 2.15 1.95 1.85 1.90 2.01 2.03 2.00 1.95 1.86 1.82 1.81 1.78 1.77 1.80 1.86 1.95 2.09 2.26 2.40 2.30 1.96 1.80 1.90 2.01 2.05 2.07 2.09 2.10 2.13 2.17 2.19 2.15 2.07 1.98 1.94 1.92 1.89 1.81 1.70 1.60 1.56 1.64 1.85 2.13 2.25 2.16 2.02 1.92 1.82 1.71 1.65 1.66 1.69 1.78 1.99 2.24 2.35 2.27 2.15 2.05
2.26 2.27 2.24 2.17 2.09 2.02 1.99 2.03 2.21 2.51 2.70 2.70 2.59 2.48 2.35 2.19 2.04 1.85 1.63 1.55 1.63 1.83 2.09 2.23 2.14 1.96 1.88 1.93 2.03 2.07 2.06 2.02 1.95 1.86 1.77 1.70 1.71 1.76 1.82 1.94 2.10 2.29 2.37 2.12 1.71 1.64 1.82 1.97 2.03 2.05 2.11 2.19 2.23 2.23 2.17 2.07 1.97 1.89 1.84 1.78 1.74 1.71 1.67 1.67 1.78 1.95 2.14 2.27 2.27 2.15 2.00 1.88 1.78 1.68 1.62 1.60 1.64 1.79 2.03 2.22 2.29 2.22 2.10 1.97
2.32 2.31 2.25 2.16 2.11 2.09 2.12 2.23 2.45 2.64 2.69 2.59 2.50 2.44 2.31 2.08 1.89 1.75 1.70 1.80 1.96 2.10 2.20 2.23 2.14 2.01 1.93 1.96 2.02 2.05 2.04 2.03 2.00 1.91 1.80 1.75 1.77 1.78 1.81 1.92 2.13 2.31 2.22 1.79 1.45 1.48 1.72 1.93 2.00 2.02 2.08 2.16 2.17 2.12 2.03 1.94 1.90 1.89 1.84 1.74 1.70 1.68 1.69 1.78 1.92 2.06 2.17 2.25 2.26 2.15 1.98 1.85 1.75 1.66 1.62 1.64 1.74 1.89 2.01 2.09 2.14 2.13 2.04 1.92
2.31 2.26 2.18 2.13 2.11 2.14 2.20 2.34 2.52 2.61 2.53 2.41 2.37 2.30 2.05 1.83 1.80 1.88 1.97 2.03 2.03 2.01 2.07 2.19 2.20 2.08 1.98 1.98 1.98 1.98 1.97 1.98 1.95 1.87 1.87 1.90 1.92 1.89 1.78 1.98 2.16 2.16 1.80 1.34 1.21 1.36 1.64 1.92 2.00 1.97 1.98 2.00 1.97 1.91 1.83 1.79 1.82 1.86 1.79 1.71 1.69 1.68 1.68 1.73 1.85 1.99 2.11 2.23 2.27 2.16 1.99 1.85 1.74 1.64 1.59 1.64 1.74 1.78 1.76 1.83 2.00 2.08 1.99 1.86
2.26 2.23 2.18 2.13 2.13 2.16 2.22 2.32 2.40 2.39 2.26 2.20 2.21 2.03 1.75 1.74 1.92 2.02 1.98 1.84 1.72 1.76 2.00 2.26 2.27 2.12 2.01 1.95 1.91 1.90 1.92 1.93 1.91 1.91 1.96 2.00 1.97 1.90 1.88 1.97 2.00 1.73 1.31 1.10 1.16 1.36 1.64 1.93 2.02 1.98 1.98 1.96 1.88 1.79 1.70 1.68 1.76 1.78 1.69 1.67 1.69 1.67 1.68 1.79 1.97 2.12 2.20 2.26 2.25 2.10 1.94 1.83 1.70 1.57 1.53 1.57 1.60 1.58 1.58 1.74 1.98 2.06 1.94 1.79
2.33 2.34 2.29 2.20 2.15 2.16 2.20 2.24 2.24 2.18 2.05 2.13 2.11 1.86 1.74 1.86 1.95 1.85 1.62 1.44 1.47 1.75 2.14 2.40 2.35 2.15 2.05 2.00 1.93 1.87 1.86 1.89 1.92 1.94 1.93 1.88 1.82 1.79 1.81 1.82 1.69 1.41 1.26 1.33 1.45 1.57 1.77 2.00 2.10 2.09 2.08 2.03 1.95 1.84 1.75 1.74 1.79 1.78 1.75 1.75 1.73 1.71 1.78 1.99 2.20 2.26 2.22 2.20 2.15 2.01 1.87 1.73 1.58 1.48 1.45 1.46 1.49 1.52 1.59 1.75 1.94 1.98 1.91 1.85
2.45 2.41 2.30 2.17 2.11 2.12 2.16 2.17 2.12 2.08 2.10 2.14 2.03 1.82 1.74 1.74 1.65 1.48 1.33 1.34 1.57 1.96 2.38 2.55 2.38 2.16 2.11 2.08 1.96 1.84 1.83 1.89 1.92 1.87 1.77 1.69 1.68 1.72 1.74 1.66 1.55 1.54 1.63 1.73 1.79 1.88 1.99 2.14 2.22 2.18 2.09 2.02 1.98 1.94 1.89 1.87 1.88 1.89 1.87 1.83 1.79 1.79 1.89 2.07 2.14 2.08 2.03 2.09 2.12 2.01 1.81 1.60 1.45 1.39 1.35 1.32 1.33 1.39 1.49 1.63 1.81 1.98 2.08 2.09
2.45 2.31 2.08 1.99 1.99 2.05 2.11 2.12 2.08 2.06 1.99 2.05 1.87 1.67 1.55 1.46 1.39 1.36 1.45 1.70 1.98 2.27 2.55 2.53 2.24 2.09 2.09 2.03 1.89 1.82 1.84 1.90 1.91 1.84 1.75 1.73 1.77 1.80 1.75 1.69 1.74 1.83 1.86 1.88 1.94 2.05 2.18 2.30 2.31 2.21 2.11 2.05 2.03 2.00 1.95 1.94 1.97 1.97 1.92 1.86 1.82 1.83 1.89 1.95 1.91 1.85 1.94 2.13 2.19 2.00 1.70 1.47 1.36 1.30 1.27 1.25 1.26 1.31 1.41 1.55 1.83 2.18 2.35 2.22
2.25 2.07 1.83 1.80 1.89 2.02 2.10 2.12 2.09 1.87 1.98 1.88 1.70 1.55 1.51 1.51 1.58 1.76 2.03 2.28 2.42 2.50 2.52 2.33 2.08 2.01 1.99 1.89 1.80 1.78 1.82 1.87 1.89 1.89 1.91 1.96 1.98 1.95 1.88 1.85 1.88 1.88 1.87 1.92 2.05 2.21 2.36 2.44 2.39 2.29 2.23 2.20 2.16 2.09 1.99 1.97 1.98 1.96 1.92 1.88 1.81 1.80 1.81 1.79 1.76 1.85 2.09 2.27 2.16 1.81 1.51 1.39 1.31 1.23 1.22 1.29 1.39 1.47 1.54 1.69 2.04 2.40 2.42 2.07
2.07 1.97 1.83 1.86 2.00 2.11 2.13 2.12 2.06 1.83 1.92 1.81 1.68 1.68 1.81 1.95 2.13 2.35 2.51 2.56 2.51 2.41 2.29 2.14 2.05 2.00 1.90 1.80 1.75 1.75 1.77 1.81 1.87 1.95 2.02 2.04 2.02 1.98 1.93 1.88 1.83 1.79 1.84 1.98 2.18 2.37 2.49 2.48 2.38 2.30 2.25 2.21 2.17 2.10 2.00 1.98 1.97 1.91 1.89 1.85 1.79 1.76 1.74 1.73 1.81 2.01 2.23 2.22 1.89 1.52 1.36 1.31 1.23 1.18 1.22 1.32 1.46 1.60 1.75 1.93 2.22 2.45 2.30 1.89
2.06 2.06 2.10 2.20 2.28 2.25 2.15 2.08 2.01 1.94 1.91 1.85 1.85 1.99 2.18 2.31 2.42 2.50 2.49 2.36 2.17 2.00 1.95 2.00 2.06 2.00 1.88 1.82 1.80 1.77 1.76 1.80 1.90 2.00 2.01 1.93 1.89 1.90 1.91 1.84 1.76 1.75 1.88 2.09 2.29 2.44 2.45 2.33 2.17 2.09 2.07 2.10 2.13 2.09 2.01 1.99 1.98 1.91 1.86 1.83 1.80 1.77 1.74 1.79 1.95 2.17 2.23 1.99 1.59 1.37 1.28 1.20 1.15 1.20 1.32 1.41 1.48 1.59 1.78 2.02 2.29 2.46 2.35 2.17
2.12 2.18 2.31 2.41 2.39 2.28 2.13 2.03 1.97 1.93 1.92 1.96 2.06 2.22 2.31 2.30 2.30 2.29 2.18 1.92 1.65 1.55 1.70 1.99 2.12 2.06 1.98 1.95 1.93 1.89 1.89 1.96 2.06 2.10 2.03 1.92 1.90 1.93 1.92 1.86 1.82 1.93 2.10 2.24 2.34 2.36 2.24 2.03 1.88 1.87 1.98 2.12 2.18 2.10 2.00 2.00 2.02 1.97 1.90 1.87 1.84 1.80 1.80 1.89 2.06 2.18 2.07 1.74 1.46 1.32 1.22 1.15 1.17 1.28 1.42 1.50 1.56 1.65 1.82 2.09 2.43 2.66 2.68 2.65
2.18 2.23 2.32 2.37 2.34 2.24 2.13 2.03 1.99 1.97 1.98 2.04 2.16 2.23 2.19 2.12 2.13 2.07 1.82 1.52 1.37 1.44 1.78 2.13 2.23 2.16 2.09 2.07 2.05 2.03 2.08 2.17 2.25 2.22 2.11 2.02 2.00 2.02 1.97 1.92 1.97 2.11 2.20 2.25 2.30 2.21 1.98 1.75 1.68 1.81 2.08 2.24 2.20 2.07 1.99 2.02 2.05 2.02 1.97 1.92 1.87 1.83 1.85 1.94 2.05 2.05 1.84 1.59 1.41 1.29 1.20 1.20 1.28 1.39 1.46 1.52 1.64 1.80 2.03 2.35 2.74 2.92 2.84 2.68
2.25 2.29 2.36 2.40 2.36 2.27 2.19 2.14 2.11 2.07 2.03 2.04 2.09 2.10 2.07 2.09 2.09 1.89 1.60 1.47 1.54 1.73 2.04 2.29 2.33 2.25 2.17 2.15 2.13 2.11 2.15 2.25 2.30 2.24 2.15 2.12 2.14 2.13 2.05 2.00 2.04 2.09 2.12 2.21 2.23 2.04 1.78 1.63 1.66 1.92 2.24 2.33 2.21 2.08 2.01 2.04 2.08 2.04 1.98 1.91 1.88 1.86 1.89 1.93 1.98 1.92 1.71 1.52 1.38 1.28 1.25 1.27 1.35 1.44 1.51 1.60 1.74 1.96 2.28 2.67 2.95 2.92 2.64 2.38
2.41 2.45 2.51 2.49 2.41 2.29 2.22 2.21 2.20 2.12 2.01 1.95 1.95 1.98 2.05 2.11 1.99 1.74 1.62 1.72 1.87 2.00 2.20 2.37 2.39 2.32 2.25 2.20 2.17 2.14 2.17 2.24 2.24 2.20 2.22 2.29 2.32 2.28 2.19 2.10 2.05 2.02 2.09 2.18 2.08 1.83 1.66 1.63 1.79 2.15 2.42 2.41 2.24 2.10 2.04 2.05 2.07 2.01 1.92 1.87 1.87 1.69 1.89 1.89 1.92 1.86 1.69 1.52 1.40 1.34 1.32 1.33 1.37 1.46 1.59 1.76 1.96 2.22 2.59 2.89 2.92 2.67 2.32 2.07
2.60 2.60 2.56 2.47 2.37 2.27 2.19 2.14 2.10 2.01 1.89 1.83 1.86 1.96 2.04 2.01 1.85 1.74 1.80 1.92 1.97 2.04 2.23 2.39 2.41 2.35 2.27 2.20 2.16 2.16 2.21 2.26 2.24 2.25 2.34 2.42 2.41 2.35 2.29 2.21 2.08 2.01 2.04 2.03 1.85 1.67 1.63 1.70 1.95 2.37 2.59 2.48 2.25 2.10 2.04 2.05 2.05 1.97 1.86 1.84 1.84 1.85 1.86 1.87 1.89 1.86 1.73 1.60 1.51 1.45 1.42 1.42 1.47 1.58 1.74 1.94 2.24 2.64 2.98 3.03 2.77 2.42 2.12 1.89
2.71 2.59 2.38 2.27 2.23 2.18 2.09 2.02 1.98 1.92 1.86 1.88 2.01 2.12 2.08 1.94 1.81 1.80 1.86 1.88 1.91 2.03 2.26 2.41 2.40 2.32 2.21 2.14 2.12 2.17 2.24 2.30 2.31 2.33 2.37 2.36 2.28 2.22 2.18 2.12 2.01 1.91 1.86 1.78 1.66 1.60 1.64 1.75 2.11 2.56 2.68 2.45 2.19 2.07 2.03 2.04 2.01 1.91 1.82 1.81 1.85 1.87 1.86 1.87 1.89 1.87 1.78 1.69 1.62 1.58 1.57 1.62 1.72 1.86 2.03 2.25 2.59 2.98 3.17 2.98 2.58 2.29 2.07 1.84
2.65 2.44 2.08 1.93 1.91 1.91 1.92 1.95 1.99 2.01 2.06 2.19 2.34 2.34 2.15 1.94 1.81 1.75 1.71 1.73 1.85 2.06 2.30 2.41 2.37 2.27 2.15 2.08 2.08 2.13 2.19 2.23 2.23 2.24 2.24 2.18 2.06 1.97 1.89 1.81 1.74 1.69 1.63 1.57 1.57 1.60 1.65 1.85 2.33 2.72 2.66 2.33 2.11 2.03 2.01 2.01 1.96 1.85 1.79 1.85 1.92 1.94 1.91 1.87 1.88 1.87 1.80 1.73 1.69 1.70 1.77 1.91 2.09 2.30 2.49 2.69 2.94 3.16 3.12 2.76 2.44 2.30 2.18 2.05
2.44 2.19 1.81 1.68 1.66 1.69 1.79 1.92 2.04 2.14 2.25 2.37 2.43 2.30 2.09 1.91 1.77 1.67 1.64 1.75 1.92 2.12 2.32 2.40 2.35 2.26 2.15 2.07 2.04 2.06 2.08 2.07 2.04 2.03 2.06 2.00 1.87 1.75 1.65 1.56 1.50 1.47 1.47 1.53 1.65 1.74 1.85 2.17 2.62 2.80 2.59 2.26 2.07 2.00 1.97 1.96 1.93 1.90 1.94 2.04 2.06 2.02 1.92 1.86 1.87 1.88 1.83 1.77 1.77 1.83 1.98 2.22 2.50 2.73 2.88 2.98 3.07 3.11 2.94 2.62 2.46 2.44 2.39 2.37
2.13 1.94 1.71 1.68 1.71 1.78 1.87 1.93 2.02 2.13 2.23 2.30 2.25 2.08 1.93 1.82 1.70 1.65 1.72 1.89 2.05 2.21 2.36 2.41 2.35 2.27 2.20 2.13 2.10 2.08 2.05 2.00 1.96 1.94 1.93 1.84 1.70 1.59 1.48 1.39 1.35 1.38 1.52 1.74 1.92 2.03 2.21 2.51 2.77 2.76 2.49 2.21 2.04 1.94 1.93 1.96 2.00 2.09 2.21 2.26 2.17 2.03 1.92 1.87 1.89 1.91 1.86 1.82 1.87 2.00 2.22 2.50 2.75 2.88 2.90 2.89 2.87 2.85 2.75 2.59 2.53 2.51 2.48 2.56
1.95 1.93 1.96 2.03 2.08 2.10 2.04 1.99 2.02 2.08 2.14 2.15 2.05 1.92 1.82 1.73 1.65 1.67 1.81 2.00 2.15 2.30 2.43 2.42 2.35 2.29 2.25 2.20 2.17 2.16 2.10 2.00 1.93 1.88 1.82 1.70 1.55 1.44 1.34 1.27 1.31 1.50 1.79 2.05 2.18 2.26 2.40 2.58 2.72 2.62 2.36 2.13 1.94 1.84 1.88 2.00 2.12 2.23 2.26 2.17 2.03 1.95 1.90 1.87 1.91 1.94 1.90 1.87 1.93 2.11 2.38 2.60 2.69 2.65 2.55 2.47 2.49 2.59 2.62 2.53 2.44 2.38 2.40 2.53
2.04 2.16 2.38 2.50 2.51 2.40 2.22 2.15 2.15 2.13 2.09 2.02 1.92 1.85 1.77 1.67 1.63 1.73 1.92 2.12 2.27 2.41 2.45 2.39 2.32 2.30 2.28 2.23 2.20 2.19 2.14 2.01 1.89 1.81 1.72 1.60 1.47 1.35 1.25 1.27 1.50 1.86 2.18 2.32 2.34 2.33 2.38 2.50 2.58 2.48 2.25 2.00 1.78 1.73 1.86 2.04 2.17 2.18 2.07 1.92 1.85 1.86 1.85 1.85 1.91 1.97 1.93 1.89 1.94 2.10 2.33 2.42 2.36 2.23 2.10 2.06 2.22 2.47 2.56 2.45 2.31 2.24 2.27 2.36
2.18 2.32 2.55 2.65 2.62 2.51 2.41 2.37 2.31 2.19 2.05 1.95 1.89 1.83 1.74 1.66 1.69 1.86 2.08 2.25 2.35 2.40 2.35 2.27 2.26 2.30 2.29 2.23 2.18 2.16 2.10 1.97 1.86 1.78 1.67 1.52 1.37 1.27 1.28 1.52 1.95 2.31 2.45 2.43 2.33 2.27 2.30 2.43 2.50 2.39 2.15 1.85 1.66 1.69 1.87 2.04 2.09 1.99 1.82 1.72 1.74 1.79 1.82 1.86 1.93 1.96 1.93 1.90 1.94 2.07 2.19 2.16 2.06 1.98 1.91 1.98 2.26 2.54 2.59 2.45 2.30 2.23 2.20 2.21
2.27 2.37 2.51 2.53 2.45 2.37 2.38 2.37 2.28 2.14 2.01 1.94 1.90 1.84 1.76 1.74 1.85 2.04 2.22 2.31 2.31 2.25 2.17 2.15 2.21 2.28 2.25 2.14 2.09 2.09 2.03 1.94 1.87 1.78 1.64 1.47 1.34 1.35 1.58 2.01 2.40 2.53 2.44 2.30 2.18 2.14 2.23 2.40 2.46 2.31 2.04 1.78 1.67 1.73 1.90 2.00 1.93 1.73 1.55 1.52 1.62 1.74 1.83 1.90 1.96 1.98 1.94 1.91 1.97 2.08 2.11 2.05 1.99 1.94 1.95 2.16 2.48 2.69 2.68 2.53 2.36 2.25 2.18 2.20
2.34 2.41 2.50 2.45 2.30 2.17 2.15 2.15 2.12 2.06 2.00 1.97 1.93 1.88 1.84 1.89 2.03 2.19 2.27 2.25 2.16 2.06 2.03 2.11 2.23 2.29 2.21 2.10 2.07 2.06 2.00 1.94 1.87 1.76 1.61 1.49 1.51 1.69 2.04 2.38 2.52 2.43 2.25 2.12 2.06 2.08 2.21 2.37 2.38 2.20 1.96 1.78 1.69 1.76 1.91 1.95 1.84 1.66 1.50 1.49 1.64 1.78 1.85 1.91 1.97 1.99 1.96 1.93 1.96 2.00 2.03 2.03 1.98 1.91 2.03 2.38 2.73 2.84 2.76 2.58 2.40 2.24 2.17 2.28
2.40 2.45 2.47 2.35 2.15 2.00 1.93 1.92 1.95 1.98 1.99 1.99 1.96 1.91 1.90 1.96 2.08 2.14 2.09 1.99 1.89 1.83 1.93 2.16 2.35 2.37 2.28 2.22 2.19 2.11 2.02 1.94 1.83 1.72 1.62 1.59 1.72 1.97 2.22 2.38 2.37 2.24 2.10 2.04 2.04 2.10 2.22 2.33 2.30 2.12 1.93 1.74 1.65 1.74 1.91 1.95 1.87 1.76 1.66 1.70 1.83 1.87 1.88 1.91 1.96 1.98 1.94 1.90 1.88 1.91 1.98 2.02 1.94 1.93 2.24 2.74 3.01 2.96 2.73 2.51 2.33 2.19 2.17 2.33
2.42 2.37 2.23 2.00 1.79 1.71 1.73 1.79 1.85 1.88 1.92 1.95 1.94 1.92 1.91 1.93 1.95 1.88 1.77 1.71 1.69 1.76 2.02 2.35 2.51 2.47 2.39 2.36 2.28 2.13 2.02 1.91 1.79 1.71 1.66 1.67 1.80 1.99 2.14 2.24 2.26 2.16 2.06 2.06 2.09 2.13 2.20 2.27 2.25 2.10 1.85 1.63 1.60 1.78 1.97 2.01 1.97 1.91 1.89 1.94 1.98 1.93 1.90 1.92 1.95 1.96 1.93 1.89 1.91 2.02 2.11 2.06 2.02 2.20 2.67 3.08 3.14 2.90 2.60 2.40 2.27 2.18 2.19 2.31
2.28 2.14 1.89 1.69 1.54 1.56 1.68 1.80 1.86 1.88 1.92 1.93 1.93 1.91 1.88 1.85 1.78 1.72 1.74 1.81 1.86 2.00 2.28 2.52 2.59 2.50 2.42 2.35 2.19 2.02 1.95 1.87 1.77 1.71 1.69 1.71 1.82 1.97 2.12 2.26 2.27 2.16 2.10 2.13 2.14 2.13 2.16 2.22 2.20 1.99 1.66 1.51 1.64 1.90 2.07 2.11 2.07 2.01 2.01 2.03 2.01 1.98 1.97 1.99 1.99 1.98 1.96 1.98 2.08 2.19 2.17 2.09 2.18 2.54 2.99 3.14 2.96 2.64 2.43 2.32 2.28 2.24 2.23 2.28
2.04 1.92 1.79 1.75 1.72 1.76 1.84 1.87 1.88 1.92 1.97 1.97 1.96 1.92 1.86 1.80 1.79 1.87 2.00 2.04 2.03 2.13 2.35 2.54 2.55 2.43 2.30 2.15 1.93 1.81 1.80 1.79 1.76 1.73 1.71 1.75 1.89 2.08 2.26 2.35 2.28 2.16 2.12 2.13 2.09 2.04 2.09 2.17 2.10 1.77 1.49 1.53 1.80 2.04 2.15 2.15 2.10 2.05 2.02 2.01 2.02 2.06 2.11 2.12 2.07 2.02 2.01 2.07 2.15 2.14 2.06 2.12 2.41 2.82 3.05 2.94 2.63 2.37 2.25 2.23 2.21 2.18 2.13 2.15
1.88 1.86 1.85 1.90 1.94 1.98 1.97 1.93 1.92 1.96 1.98 1.99 1.98 1.92 1.86 1.86 1.95 2.06 2.06 1.94 1.89 2.03 2.30 2.51 2.49 2.30 2.07 1.85 1.69 1.65 1.71 1.76 1.78 1.76 1.76 1.86 2.04 2.24 2.36 2.34 2.23 2.12 2.07 2.03 1.95 1.94 2.04 2.09 1.92 1.58 1.46 1.66 1.96 2.14 2.19 2.17 2.10 2.04 2.00 1.98 2.01 2.08 2.14 2.13 2.08 2.04 2.04 2.06 2.06 2.01 2.05 2.31 2.68 2.87 2.84 2.64 2.39 2.22 2.14 2.11 2.09 2.03 1.95 1.89
1.86 1.87 1.89 1.94 2.01 2.06 2.12 2.14 2.15 2.09 2.00 1.95 1.96 1.93 1.92 1.98 2.09 2.09 1.95 1.86 1.94 2.15 2.42 2.57 2.44 2.15 1.87 1.69 1.64 1.69 1.78 1.83 1.83 1.83 1.89 2.03 2.18 2.28 2.30 2.24 2.14 2.06 2.00 1.92 1.85 1.89 1.99 2.00 1.78 1.53 1.55 1.80 2.05 2.17 2.19 2.15 2.07 1.99 1.92 1.92 1.98 2.04 2.08 2.05 2.01 1.99 2.01 2.01 1.99 2.02 2.21 2.50 2.65 2.60 2.53 2.44 2.31 2.19 2.12 2.05 2.01 1.96 1.86 1.73
1.83 1.82 1.87 2.01 2.17 2.29 2.36 2.34 2.21 2.03 1.90 1.89 1.95 1.98 2.00 2.07 2.11 2.06 2.03 2.16 2.35 2.51 2.64 2.63 2.39 2.07 1.85 1.78 1.82 1.90 1.94 1.92 1.89 1.91 1.98 2.06 2.11 2.17 2.19 2.15 2.09 2.03 1.98 1.93 1.89 1.90 1.95 1.93 1.73 1.58 1.67 1.93 2.10 2.15 2.14 2.09 2.00 1.90 1.84 1.89 1.97 2.02 2.02 1.95 1.86 1.86 1.94 1.97 2.00 2.10 2.29 2.40 2.31 2.27 2.35 2.37 2.29 2.21 2.13 2.02 1.96 1.92 1.80 1.65
