project/data/elevation/US_DEM2016/US_DEM2016_point_10-30-2019_2144_30m_vel.asc
ncols	125
nrows	167
xllcorner	-2042055.000000
yllcorner	1465035.000000
cellsize	30.000000
NODATA_value	-9999.000000
[rows 74 to 110 of 167, columns 0 to 82 of 125]
8.44 8.27 8.17 8.36 8.61 8.74 8.79 9.14 10.03 11.08 11.84 12.14 12.04 11.60 11.01 10.76 11.20 12.07 12.74 13.07 13.16 12.76 11.81 10.83 10.18 10.04 10.31 10.69 10.76 10.45 10.00 9.65 9.28 9.00 8.70 8.49 8.41 8.19 7.93 7.92 8.16 8.35 8.44 8.61 8.78 8.77 8.73 8.64 8.25 7.85 7.70 7.93 8.34 8.51 8.36 8.30 8.41 8.69 9.12 9.61 10.07 10.41 10.28 9.74 8.77 7.74 7.20 7.55 7.91 7.61 6.96 6.62 6.62 6.82 7.39 8.22 9.27 10.63 12.30 13.66 14.45 14.71 14.43
8.53 8.43 8.45 8.66 8.88 9.00 9.13 9.66 10.72 11.49 11.82 11.92 12.02 12.09 12.03 12.09 12.41 12.67 12.56 12.33 12.18 11.79 11.05 10.31 9.79 9.49 9.46 9.86 10.26 10.28 9.92 9.39 8.57 8.01 7.83 7.93 8.05 7.99 7.87 7.81 7.78 7.87 8.05 8.24 8.32 7.99 7.44 6.84 6.62 6.49 6.47 6.76 7.27 7.65 7.79 7.93 8.12 8.23 8.39 8.69 9.08 9.23 8.81 7.80 6.77 6.13 6.03 6.68 7.63 7.96 7.61 7.36 7.50 7.97 8.82 9.88 11.12 12.46 13.31 13.40 12.45 10.95 9.87
8.65 8.65 8.81 9.04 9.27 9.62 10.20 10.78 10.94 10.60 10.12 9.93 10.31 11.08 11.72 12.28 12.57 12.39 11.79 11.22 10.91 10.64 10.30 10.00 9.74 9.41 9.03 9.13 9.63 10.03 10.06 9.68 8.85 8.18 8.05 8.16 8.16 7.90 7.49 7.16 7.04 7.28 7.70 7.88 7.95 7.84 7.59 7.19 6.94 6.93 6.94 6.89 6.86 7.06 7.47 7.86 8.11 8.12 8.17 8.30 8.30 7.94 7.21 6.60 6.28 6.19 6.45 6.98 7.89 8.68 8.94 9.12 9.75 10.68 11.67 12.76 13.79 14.26 13.84 12.64 10.64 7.99 6.63
8.70 8.71 8.94 9.15 9.41 9.99 10.38 10.28 9.58 8.60 8.06 8.33 9.18 10.28 11.20 11.78 11.87 11.47 10.81 10.24 9.91 9.78 9.71 9.69 9.63 9.40 8.97 8.86 9.14 9.74 10.25 10.37 9.99 9.63 9.37 9.08 8.62 7.99 7.46 7.26 7.37 7.57 7.65 7.51 7.50 7.45 7.33 7.06 6.74 6.59 6.53 6.50 6.49 6.83 7.41 7.94 8.27 8.42 8.50 8.43 7.97 7.24 6.78 6.85 7.23 7.65 7.94 8.36 9.20 10.41 11.15 11.85 12.85 13.87 14.62 15.15 15.23 14.71 13.63 12.50 11.14 9.06 7.37
8.56 8.36 8.49 8.72 8.88 9.16 9.10 8.63 8.25 7.89 8.05 8.63 9.57 10.64 11.35 11.60 11.37 10.85 10.28 9.76 9.38 9.20 9.18 9.20 9.16 8.99 8.64 8.50 8.61 9.06 9.80 10.41 10.56 10.36 10.00 9.50 8.84 8.13 7.73 7.55 7.40 7.13 6.88 6.72 6.68 6.49 6.00 5.53 5.33 5.30 5.44 5.79 6.37 7.06 7.69 8.15 8.51 8.63 8.49 8.08 7.51 7.06 7.07 7.64 8.52 9.14 9.71 10.56 11.73 12.50 13.08 13.66 14.38 15.02 15.13 14.92 14.24 13.04 12.25 12.10 12.06 11.37 10.04
8.30 7.87 7.88 8.20 8.24 8.20 8.20 8.32 8.62 9.02 9.48 10.09 10.94 11.66 11.87 11.59 11.04 10.44 9.93 9.46 9.05 8.78 8.66 8.65 8.60 8.38 7.98 7.72 7.56 7.76 8.26 9.18 9.77 9.84 9.60 9.21 8.71 8.09 7.61 7.13 6.64 6.21 6.06 6.27 6.37 6.11 5.47 5.07 5.21 5.65 6.22 6.94 7.67 8.13 8.31 8.30 8.17 7.83 7.26 6.67 6.48 6.72 7.24 8.20 9.33 10.41 11.60 12.60 13.03 13.22 13.23 13.30 13.58 13.56 13.24 12.68 11.79 10.87 10.48 10.87 11.63 12.05 11.73
8.04 7.68 7.77 8.30 8.48 8.47 8.64 9.09 9.71 10.18 10.71 11.40 12.08 12.20 11.83 11.09 10.29 9.68 9.23 8.85 8.52 8.32 8.19 8.14 8.13 7.96 7.42 6.65 5.98 5.93 6.15 6.92 7.90 8.60 8.81 8.74 8.61 8.24 7.88 7.44 7.09 6.93 7.00 7.32 7.45 7.26 6.73 6.45 6.70 7.32 8.00 8.51 8.75 8.76 8.44 8.14 7.72 7.23 6.78 6.52 6.65 7.12 7.84 8.95 10.18 11.47 12.44 12.66 12.39 12.06 11.77 11.55 11.31 10.82 10.48 10.38 10.22 9.89 9.50 9.32 9.87 10.97 11.63
7.95 7.81 8.05 8.71 9.08 9.20 9.35 9.72 10.27 10.83 11.47 12.01 12.14 11.71 10.92 10.06 9.27 8.56 8.12 7.80 7.62 7.61 7.70 7.72 7.82 7.79 7.24 5.88 4.79 4.38 4.31 4.66 5.58 6.85 7.74 8.28 8.47 8.73 8.79 8.80 8.87 8.99 9.17 9.22 9.22 9.08 8.70 8.42 8.52 8.61 8.60 8.49 8.38 8.27 8.23 8.20 8.23 8.44 8.64 8.68 8.74 8.95 9.41 10.23 11.09 11.71 11.64 10.94 10.52 10.50 10.39 10.17 9.88 9.36 9.19 9.29 9.53 9.69 9.47 8.87 8.68 9.22 10.38
8.28 8.27 8.39 8.63 8.93 9.25 9.60 10.05 10.60 11.17 11.66 11.76 11.32 10.50 9.67 9.02 8.46 7.86 7.32 6.99 6.88 6.87 6.91 7.15 7.46 7.71 7.51 6.41 4.80 4.09 3.87 4.06 4.57 5.36 6.56 7.68 8.22 8.79 9.16 9.55 9.94 10.23 10.31 10.18 10.10 10.08 9.89 9.58 9.31 8.87 8.39 8.23 8.38 8.55 8.57 8.60 8.90 9.30 9.70 10.00 10.21 10.43 10.74 11.06 11.31 11.07 10.30 9.72 9.66 9.87 9.83 9.55 9.18 8.79 8.70 8.78 9.03 9.37 9.46 9.18 8.60 8.34 8.82
8.63 8.71 8.69 8.54 8.65 9.09 9.64 10.23 10.77 11.15 11.26 10.93 10.22 9.46 8.84 8.36 7.95 7.55 7.08 6.66 6.36 6.20 6.17 6.40 6.94 7.53 7.89 7.61 6.55 5.79 5.56 5.63 5.54 5.63 6.31 7.32 7.83 8.39 8.94 9.51 9.89 9.97 9.89 9.71 9.74 9.96 10.03 9.82 9.51 9.18 9.12 9.26 9.32 9.23 8.94 8.86 9.08 9.12 9.43 9.95 10.48 10.82 11.04 10.98 10.66 10.09 9.64 9.69 9.87 9.85 9.56 9.04 8.38 7.82 7.50 7.63 7.97 8.34 8.67 8.84 8.57 7.98 7.65
8.62 8.74 8.84 8.84 8.97 9.33 9.82 10.36 10.71 10.78 10.52 9.94 9.27 8.70 8.25 7.83 7.45 7.17 6.85 6.37 5.93 5.73 5.75 6.06 6.74 7.60 8.40 8.93 9.17 9.09 8.78 8.22 7.59 7.14 7.03 7.47 8.11 8.75 9.32 9.52 9.33 9.04 8.96 9.13 9.33 9.69 10.00 10.19 10.37 10.50 10.36 10.11 9.71 9.34 9.02 8.98 9.06 9.24 9.66 10.08 10.48 10.69 10.67 10.35 9.82 9.40 9.38 9.69 9.77 9.56 9.14 8.55 7.60 6.58 5.81 5.71 6.04 6.51 7.05 7.55 7.81 7.57 6.97
8.51 8.63 8.90 9.20 9.51 9.82 10.08 10.27 10.35 10.19 9.76 9.15 8.58 8.12 7.73 7.32 6.89 6.55 6.23 5.85 5.66 5.80 6.15 6.71 7.48 8.24 9.01 9.77 10.49 10.88 10.82 10.24 9.37 8.62 8.30 8.42 9.05 9.68 9.62 9.13 8.57 8.41 8.71 9.08 9.28 9.64 10.19 10.70 11.18 11.44 11.19 10.56 9.96 9.55 9.15 9.11 9.32 9.58 9.78 9.85 9.88 9.87 9.79 9.62 9.22 8.97 8.91 9.05 8.96 8.84 8.75 8.56 7.91 6.72 5.48 4.90 4.59 4.52 4.82 5.37 6.10 6.57 6.39
8.58 8.76 9.12 9.50 9.82 9.95 9.88 9.75 9.71 9.56 9.18 8.65 8.12 7.66 7.26 6.82 6.34 5.96 5.85 5.61 5.77 6.26 6.92 7.59 8.27 8.84 9.29 9.73 10.20 10.56 10.75 10.79 10.41 9.67 9.17 9.10 9.36 9.40 8.83 8.23 7.99 8.11 8.30 8.50 8.68 9.10 9.73 10.22 10.68 11.04 11.13 10.90 10.53 10.08 9.50 9.25 9.64 9.13 9.13 8.95 8.80 8.74 8.86 8.97 8.85 8.63 8.42 8.28 8.16 8.24 8.49 8.91 9.10 8.73 7.49 6.16 5.06 4.30 3.85 4.30 4.32 4.94 5.23
8.69 8.88 9.17 9.38 9.41 9.27 9.12 9.13 9.26 9.22 8.83 8.33 7.80 7.26 6.69 6.22 6.06 6.11 6.29 6.39 6.49 6.74 7.19 7.80 8.41 8.82 9.02 9.16 9.24 9.24 9.55 10.19 10.64 10.55 10.07 9.46 9.59 8.22 7.77 7.73 7.70 7.58 7.40 7.44 7.82 8.23 8.58 8.73 8.94 9.25 9.50 9.76 9.93 9.93 9.68 9.31 8.96 8.59 8.41 8.40 8.37 8.49 8.70 8.79 8.72 8.50 8.29 8.11 7.95 8.09 8.47 9.06 9.75 10.32 10.35 9.36 8.14 6.97 6.04 5.37 4.93 4.77 4.81
8.70 8.83 8.93 8.89 8.71 8.60 8.79 9.23 9.44 9.18 8.59 7.98 7.40 6.80 6.29 7.16 6.55 7.23 7.58 7.67 7.54 7.42 7.54 7.86 8.14 8.26 8.30 8.42 8.61 8.60 8.76 9.30 10.10 10.59 10.56 9.84 8.69 7.87 7.53 7.63 7.54 7.34 7.26 7.40 7.61 7.63 7.50 7.11 6.78 6.59 6.77 7.07 7.52 8.11 8.46 8.63 8.62 8.56 8.58 8.69 8.82 8.91 8.85 8.70 8.56 8.41 8.29 8.19 8.08 8.23 8.57 8.86 9.48 10.45 11.31 11.57 11.26 10.64 9.89 9.01 8.00 7.23 7.10
8.67 8.75 8.81 8.77 8.72 8.92 9.36 9.65 9.49 8.91 8.08 7.26 6.58 6.09 6.00 6.30 6.92 7.52 7.90 8.14 8.19 8.12 8.03 7.88 7.61 7.33 7.25 7.56 8.11 8.52 8.66 8.74 9.03 9.65 10.08 9.93 9.03 8.32 7.87 7.82 7.84 7.93 8.00 7.98 7.84 7.53 7.08 6.34 5.52 5.15 5.12 5.28 5.62 6.35 7.24 7.97 8.43 8.69 8.87 9.05 9.12 8.91 8.57 8.29 8.18 8.13 8.07 8.12 8.13 8.23 8.37 8.42 8.68 9.33 10.19 11.09 11.63 11.83 11.80 11.59 11.12 10.55 10.05
8.66 8.72 8.85 9.01 9.20 9.54 9.77 9.56 8.92 8.02 7.07 6.07 5.31 5.06 6.52 5.32 5.61 6.06 6.77 7.41 7.91 8.13 7.98 7.47 6.87 6.49 6.49 6.81 7.21 7.57 7.81 7.84 7.93 8.43 9.22 9.66 9.29 8.75 8.36 8.37 8.47 8.59 8.61 8.60 8.47 8.21 7.86 7.33 6.66 6.14 6.04 6.35 7.01 7.75 8.32 8.60 8.73 8.81 8.84 8.81 8.67 8.31 8.02 7.86 7.79 7.70 7.61 7.76 7.88 7.88 7.84 7.81 7.68 7.64 8.00 8.66 9.56 10.30 10.96 11.48 11.69 11.61 11.42
8.67 8.72 8.89 9.15 9.48 9.70 9.51 8.84 7.85 6.77 5.86 5.16 4.80 4.65 4.45 4.20 4.19 4.57 5.20 5.97 6.65 7.13 7.17 6.94 6.74 6.66 6.60 6.49 6.28 6.13 6.25 6.49 6.80 7.34 8.26 9.09 9.20 8.82 8.55 8.69 8.78 8.88 9.03 9.36 9.47 9.44 9.33 9.18 9.09 8.94 8.69 8.95 9.48 9.81 9.76 9.28 8.88 8.66 8.42 8.11 7.84 7.63 7.49 7.46 7.40 7.22 7.12 7.30 7.40 7.35 7.28 7.18 6.85 6.44 6.35 6.60 7.17 7.81 8.50 9.26 9.96 10.37 10.49
8.68 8.76 8.96 9.27 9.51 9.36 8.70 7.70 6.65 5.81 5.29 5.12 5.12 5.16 5.03 4.72 4.48 4.50 4.74 5.16 5.63 6.05 6.42 6.83 7.21 7.42 7.39 7.10 6.74 6.54 6.51 6.66 6.91 7.18 7.58 8.29 8.75 8.70 8.65 8.85 8.99 9.22 9.57 10.09 10.27 10.34 10.36 10.38 10.51 10.75 10.86 10.72 10.38 9.83 9.25 8.90 8.66 8.38 7.94 7.43 7.03 6.88 6.90 7.00 7.11 7.11 7.13 7.22 7.15 7.03 6.97 6.91 6.66 6.14 5.69 5.46 5.66 5.99 6.27 6.68 7.31 7.97 8.22
8.70 8.78 8.95 9.14 9.02 8.42 7.44 6.43 5.69 5.31 5.25 5.37 5.58 5.86 6.11 6.20 6.08 5.90 5.94 6.21 6.56 6.88 7.21 7.54 7.74 7.95 8.31 8.65 8.84 8.87 8.78 8.70 8.64 8.43 7.92 7.92 8.38 8.74 9.07 9.35 9.55 9.86 10.22 10.52 10.44 10.37 10.43 10.57 10.76 11.05 11.18 11.02 10.41 9.44 8.78 8.73 8.69 8.36 7.78 7.18 6.75 6.60 6.79 7.10 7.42 7.61 7.69 7.61 7.30 7.10 6.96 6.97 6.82 6.25 5.36 4.50 4.21 4.24 4.29 4.51 5.04 5.78 6.05
8.70 8.72 8.69 8.46 7.83 6.84 5.81 5.15 4.93 5.01 5.27 5.66 6.05 6.48 7.05 7.68 8.12 8.34 8.57 8.84 9.06 9.13 9.01 8.69 8.33 8.29 8.77 9.33 9.72 9.80 9.69 9.49 9.19 8.77 8.11 7.98 8.39 9.02 9.61 9.95 10.15 10.31 10.38 10.30 9.98 9.82 9.97 10.30 10.62 10.84 10.73 10.63 10.59 10.44 10.01 9.49 9.03 8.57 8.15 7.82 7.61 7.52 7.63 7.83 7.99 7.99 7.89 7.76 7.52 7.47 7.43 7.37 7.13 6.35 5.05 3.75 3.12 2.86 2.86 3.05 3.33 3.78 4.30
8.68 8.68 8.44 7.81 6.81 5.78 5.06 4.74 4.84 5.20 5.69 6.31 6.96 7.60 8.30 9.13 9.83 10.43 10.83 10.92 10.69 10.23 9.62 9.08 8.73 8.62 8.68 8.57 8.38 8.27 8.06 7.87 7.76 7.67 7.73 8.12 8.69 9.33 9.90 10.15 10.17 10.04 9.74 9.37 9.18 9.11 9.31 9.68 10.10 10.42 10.38 10.31 10.39 10.52 10.40 9.82 9.18 8.71 8.42 8.29 8.30 8.41 8.44 8.48 8.40 8.16 7.80 7.72 7.83 8.17 8.23 8.03 7.73 6.94 5.41 4.11 3.40 3.00 2.81 2.81 2.89 3.02 3.40
8.69 8.64 8.31 7.71 7.05 6.52 6.18 6.01 6.04 6.30 6.72 7.33 8.10 8.90 9.69 10.36 10.92 11.27 11.26 10.89 10.21 9.45 8.89 8.75 8.92 9.07 8.87 8.22 7.56 7.26 7.15 7.16 7.36 7.48 7.76 8.35 8.98 9.46 9.77 9.84 9.68 9.35 8.89 8.49 8.35 8.36 8.43 8.65 8.93 9.02 9.10 9.21 9.29 9.30 9.22 9.09 8.81 8.48 8.22 8.05 8.13 8.44 8.65 8.76 8.70 8.50 8.21 8.12 8.30 8.59 8.58 8.37 8.42 8.21 7.01 5.73 4.80 4.16 3.90 3.81 3.77 3.74 3.94
8.61 8.48 8.12 7.97 7.80 7.71 7.68 7.73 7.91 8.04 8.17 8.54 9.23 10.08 10.80 11.15 11.16 10.82 10.15 9.26 8.47 8.00 7.94 8.23 8.75 9.33 9.49 9.36 9.16 9.10 9.12 9.08 8.88 8.57 8.43 8.68 9.03 9.28 9.36 9.26 8.91 8.49 8.13 7.93 7.83 7.83 7.85 7.84 7.60 7.14 6.87 7.03 7.37 7.56 7.70 7.96 8.16 8.16 8.09 8.05 8.18 8.48 8.60 8.56 8.40 8.33 8.31 8.32 8.27 8.26 8.19 8.15 8.80 9.37 9.04 7.85 6.69 5.74 5.69 5.74 5.64 5.52 5.76
8.42 8.23 7.99 8.17 8.21 8.46 8.75 9.11 9.52 9.79 9.91 10.08 10.51 11.04 11.24 11.04 10.46 9.61 8.70 7.97 7.58 7.47 7.63 8.01 8.54 9.33 9.88 10.39 10.70 10.82 10.78 10.56 10.12 9.54 9.05 8.93 8.98 9.00 8.91 8.60 8.11 7.74 7.65 7.76 7.86 8.01 8.08 7.94 7.37 6.57 5.97 5.75 5.68 5.98 6.60 7.35 7.95 8.22 8.26 8.29 8.44 8.61 8.46 8.17 7.88 7.80 7.84 7.82 7.66 7.62 7.60 7.84 8.90 10.10 10.63 10.31 9.36 8.43 8.48 8.54 8.39 8.28 8.49
8.35 8.22 8.13 8.32 8.72 9.31 9.94 10.42 10.76 10.99 11.13 11.23 11.26 11.13 10.69 9.99 9.17 8.36 7.75 7.47 7.68 8.04 8.37 8.63 8.96 9.34 9.54 9.75 9.99 10.11 10.13 10.12 10.03 9.78 9.25 8.94 8.82 8.60 8.24 7.88 7.69 7.85 8.08 8.27 8.43 8.63 8.67 8.66 8.48 8.13 7.60 7.00 6.33 6.44 7.06 7.75 8.27 8.58 8.72 8.78 8.77 8.75 8.52 8.27 8.07 7.91 7.74 7.60 7.53 7.62 7.73 8.05 8.96 10.08 11.09 11.63 11.71 11.43 11.30 11.25 11.07 10.77 10.47
8.44 8.38 8.30 8.49 9.01 9.67 10.23 10.63 10.83 10.96 11.06 11.07 10.86 10.30 9.49 8.65 7.93 7.40 7.08 7.11 7.73 8.40 8.85 9.08 9.21 9.15 8.75 8.33 8.14 8.18 8.37 8.78 9.24 9.46 9.18 8.79 8.46 8.03 7.64 7.63 8.09 8.72 8.96 9.00 8.99 9.02 8.98 9.05 9.22 9.49 9.56 9.32 8.79 8.33 8.24 8.28 8.45 8.77 9.12 9.28 9.25 9.20 9.01 8.86 8.70 8.53 8.36 8.33 8.44 8.43 8.36 8.44 8.80 9.35 10.23 11.31 12.08 12.38 12.39 12.24 11.78 11.20 10.51
8.44 8.39 8.27 8.35 8.66 9.03 9.25 9.40 9.54 9.71 9.87 9.87 9.59 9.03 8.30 7.58 7.02 6.83 6.90 7.20 7.75 8.22 8.60 8.77 8.68 8.31 7.68 7.14 6.70 6.51 6.74 7.25 7.90 8.40 8.64 8.57 8.29 8.02 8.06 8.53 9.11 9.36 9.33 9.25 9.17 9.07 8.93 8.81 8.94 9.26 9.62 9.89 9.88 9.42 8.66 8.23 8.32 8.71 9.12 9.42 9.60 9.73 9.65 9.51 9.33 9.17 9.09 9.07 9.05 8.79 8.58 8.52 8.52 8.71 9.30 10.12 10.82 11.25 11.46 11.48 11.15 10.54 9.72
8.41 8.39 8.36 8.36 8.32 8.16 8.02 7.92 8.01 8.29 8.52 8.48 8.13 7.57 6.92 6.50 6.58 7.11 7.87 8.46 8.65 8.71 8.74 8.70 8.38 7.64 6.70 6.04 5.56 5.31 5.37 5.64 6.04 6.66 7.30 7.80 8.18 8.53 8.94 9.27 9.37 9.27 9.09 9.02 8.99 8.89 8.71 8.43 8.20 8.07 8.17 8.59 9.04 9.02 8.46 8.10 8.22 8.61 9.02 9.43 9.83 10.09 10.06 9.92 9.73 9.51 9.28 8.98 8.64 8.20 8.11 8.19 8.27 8.46 8.81 9.08 9.26 9.34 9.58 10.09 10.44 10.39 10.05
8.64 8.80 9.00 8.85 8.44 7.94 7.54 7.31 7.35 7.54 7.57 7.25 6.66 5.99 5.48 5.60 6.53 7.88 8.93 9.46 9.65 9.61 9.44 9.23 8.95 8.47 7.49 6.39 5.65 5.30 5.12 5.13 5.35 5.77 6.39 7.19 8.02 8.61 8.77 8.66 8.51 8.47 8.48 8.54 8.61 8.58 8.46 8.10 7.52 7.00 6.77 6.85 7.22 7.74 7.89 7.91 8.06 8.42 8.84 9.29 9.74 10.04 10.02 9.90 9.75 9.56 9.27 8.84 8.34 7.86 7.74 7.84 7.99 8.12 8.26 8.52 8.51 8.32 8.14 8.50 9.22 9.90 10.41
8.97 9.23 9.43 9.20 8.73 8.18 7.74 7.50 7.33 7.00 6.40 5.67 5.01 4.60 4.45 4.72 5.76 7.22 8.33 9.13 9.59 9.77 9.71 9.64 9.66 9.66 9.35 8.55 7.81 7.51 7.36 7.14 7.15 7.25 7.50 7.90 8.29 8.40 8.18 7.93 7.78 7.78 8.00 8.21 8.38 8.43 8.37 8.10 7.56 6.98 6.52 6.00 5.69 5.92 6.47 7.13 7.74 8.24 8.64 9.06 9.44 9.59 9.57 9.47 9.48 9.53 9.51 9.27 8.82 8.23 7.83 7.74 7.76 7.84 8.11 8.43 8.49 8.27 7.68 7.29 7.45 8.03 8.77
8.89 8.97 8.96 8.79 8.51 8.13 7.75 7.37 6.80 5.95 4.93 4.27 4.10 4.31 4.59 4.85 5.33 6.04 6.87 7.79 8.41 8.81 9.19 9.57 9.84 10.11 10.48 10.70 10.66 10.56 10.38 10.20 9.98 9.62 9.30 9.03 8.73 8.43 8.16 7.96 7.81 7.79 8.05 8.26 8.40 8.45 8.51 8.56 8.35 7.83 7.14 6.16 5.22 5.10 5.75 6.79 7.74 8.32 8.69 9.01 9.15 9.08 9.00 9.09 9.27 9.52 9.75 9.75 9.41 8.72 8.20 7.99 7.90 7.85 7.89 8.05 8.36 8.43 7.99 7.20 6.51 6.16 6.24
8.50 8.29 8.16 8.18 8.08 7.82 7.46 6.75 5.98 5.30 4.89 4.77 5.04 5.71 6.76 7.60 7.46 7.08 6.95 7.03 7.34 7.88 8.70 9.40 9.67 9.92 10.45 11.08 11.53 11.74 11.66 11.45 11.14 10.61 10.02 9.45 8.94 8.57 8.28 8.04 8.03 8.22 8.45 8.46 8.38 8.33 8.52 8.85 8.92 8.46 7.60 6.63 6.12 6.31 6.96 7.59 8.08 8.43 8.74 8.86 8.69 8.52 8.66 9.00 9.26 9.46 9.71 9.94 9.91 9.50 8.90 8.53 8.20 7.76 7.35 7.36 7.88 8.34 8.29 7.70 6.86 6.23 5.93
8.31 8.07 7.87 7.92 7.97 7.90 7.56 6.99 6.44 6.25 6.55 7.14 7.85 8.91 10.10 10.90 11.13 10.50 9.44 8.80 8.63 8.90 9.44 9.63 9.58 9.55 9.64 9.86 10.21 10.62 10.82 10.81 10.71 10.45 10.10 9.65 9.17 8.77 8.35 8.09 8.27 8.68 8.85 8.57 8.22 8.06 8.24 8.71 9.09 9.04 8.56 8.11 8.02 8.27 8.37 8.23 8.11 8.26 8.48 8.45 8.26 8.26 8.52 8.81 8.97 9.04 9.22 9.55 9.90 10.00 9.56 9.01 8.44 7.80 7.31 7.21 7.61 8.16 8.40 8.26 8.03 7.97 7.91
8.40 8.23 8.05 8.10 8.28 8.48 8.58 8.52 8.44 8.59 9.23 10.16 11.19 12.04 12.53 12.71 12.88 12.72 12.25 11.73 11.31 11.01 10.66 10.10 9.67 9.40 9.14 8.91 8.71 8.69 8.88 9.11 9.25 9.36 9.46 9.50 9.36 9.02 8.62 8.43 8.53 8.58 8.41 8.12 7.90 7.91 8.18 8.74 9.47 10.07 10.24 10.08 9.85 9.55 8.97 8.33 8.16 8.31 8.38 8.30 8.24 8.30 8.32 8.31 8.32 8.29 8.34 8.67 9.18 9.58 9.55 9.15 8.65 8.16 7.77 7.59 7.74 8.12 8.45 8.56 8.64 8.80 8.89
8.58 8.54 8.49 8.53 8.71 9.01 9.38 9.77 10.26 10.85 11.58 12.32 12.80 12.88 12.62 12.23 11.98 12.12 12.25 12.15 11.87 11.45 10.86 10.16 9.66 9.36 9.12 8.96 8.68 8.21 7.85 7.78 7.85 8.04 8.36 8.75 9.00 8.98 8.77 8.46 8.08 7.61 7.28 7.35 7.77 8.16 8.57 9.12 9.88 10.74 11.26 11.29 11.02 10.57 9.92 9.32 9.09 8.96 8.76 8.56 8.39 8.19 8.00 7.91 7.89 7.80 7.73 7.88 8.27 8.74 9.04 9.00 8.70 8.37 8.10 7.94 7.90 8.08 8.36 8.47 8.41 8.35 8.40
8.75 8.83 8.85 8.87 9.01 9.24 9.58 10.14 10.99 11.81 12.31 12.39 12.07 11.46 10.79 10.23 9.92 9.99 10.12 10.27 10.32 10.23 10.02 9.74 9.52 9.27 9.04 9.03 9.05 8.91 8.62 8.39 8.38 8.42 8.41 8.42 8.53 8.67 8.57 8.15 7.59 7.22 7.26 7.74 8.35 8.77 9.11 9.49 9.96 10.57 11.10 11.37 11.44 11.40 11.26 10.87 10.43 9.89 9.32 8.84 8.42 8.05 7.87 7.80 7.74 7.63 7.55 7.59 7.84 8.22 8.58 8.69 8.55 8.36 8.20 8.06 7.98 8.11 8.35 8.40 8.29 8.22 8.21
