project/data/elevation/US_DEM2016/US_DEM2016_point_10-28-2019_0341_30m_vel.asc
ncols	125
nrows	167
xllcorner	-2042055.000000
yllcorner	1465035.000000
cellsize	30.000000
NODATA_value	-9999.000000
[rows 111 to 147 of 167, columns 0 to 83 of 125]
8.34 8.39 8.45 8.56 8.79 9.10 9.52 10.01 10.56 10.85 10.77 10.34 9.72 9.06 8.58 8.32 8.12 8.00 7.97 8.12 8.36 8.48 8.67 8.92 9.14 9.05 8.76 8.57 8.58 8.79 9.00 9.13 9.20 9.15 8.89 8.51 8.25 8.22 8.14 7.94 7.80 7.87 8.06 8.39 8.68 8.88 9.06 9.26 9.45 9.72 10.08 10.47 10.85 11.19 11.40 11.24 10.67 9.97 9.19 8.45 7.92 7.60 7.41 7.26 7.19 7.32 7.45 7.53 7.66 7.87 8.09 8.18 8.14 8.02 7.82 7.65 7.66 7.95 8.35 8.46 8.28 8.12 8.07 8.11
8.13 8.10 8.20 8.46 8.81 9.27 9.79 10.12 10.15 9.82 9.28 8.82 8.39 7.98 7.64 7.41 7.19 7.07 7.18 7.44 7.68 7.90 8.14 8.49 8.87 9.12 9.06 8.85 8.58 8.45 8.42 8.45 8.52 8.65 8.74 8.66 8.47 8.34 8.31 8.41 8.56 8.66 8.75 8.92 9.04 9.13 9.17 9.12 9.05 9.10 9.20 9.40 9.69 10.05 10.40 10.52 10.31 9.82 9.19 8.57 8.06 7.68 7.32 7.07 7.07 7.33 7.60 7.73 7.78 7.78 7.80 7.88 7.92 7.84 7.65 7.44 7.36 7.54 7.97 8.24 8.11 7.89 7.77 7.78
8.03 7.96 8.04 8.28 8.59 9.02 9.39 9.36 8.99 8.41 7.84 7.35 7.01 6.76 6.56 6.47 6.59 6.83 7.11 7.43 7.82 8.08 8.09 8.18 8.65 9.17 9.46 9.55 9.39 8.97 8.41 7.72 7.26 7.34 7.78 8.17 8.33 8.34 8.41 8.58 8.73 8.84 8.95 9.02 8.92 8.87 8.87 8.76 8.67 8.71 8.73 8.69 8.66 8.62 8.52 8.68 8.85 8.82 8.69 8.49 8.17 7.76 7.35 7.14 7.24 7.50 7.75 7.85 7.80 7.66 7.57 7.57 7.60 7.59 7.52 7.38 7.25 7.26 7.56 7.90 7.81 7.41 7.08 6.96
8.11 8.07 8.09 8.17 8.33 8.55 8.58 8.14 7.50 6.85 6.27 5.75 5.41 5.29 5.49 5.96 6.63 7.34 7.90 8.30 8.54 8.42 8.02 7.94 8.38 8.87 9.27 9.58 9.70 9.56 9.32 8.78 7.92 7.27 7.12 7.32 7.73 8.14 8.41 8.57 8.77 8.99 9.09 8.99 8.60 8.17 8.08 8.15 8.22 8.41 8.65 8.69 8.61 8.27 7.61 7.13 7.08 7.41 7.78 8.01 8.04 7.92 7.78 7.69 7.68 7.74 7.85 7.85 7.73 7.61 7.54 7.50 7.50 7.50 7.46 7.39 7.34 7.33 7.46 7.68 7.52 6.94 6.42 6.11
8.27 8.27 8.28 8.24 8.17 8.04 7.71 7.17 6.57 6.03 5.57 5.25 5.03 5.21 5.91 6.90 7.81 8.55 9.10 9.30 9.03 8.41 7.54 7.15 7.42 7.82 8.29 8.83 9.20 9.43 9.73 9.88 9.51 8.53 7.53 7.25 7.71 8.32 8.71 8.90 9.04 9.14 9.11 8.89 8.40 7.73 7.37 7.46 7.72 8.10 8.65 9.02 9.19 9.05 8.39 7.42 6.80 6.75 7.02 7.36 7.67 7.88 8.02 8.11 8.13 8.07 7.93 7.80 7.65 7.54 7.52 7.57 7.62 7.58 7.47 7.39 7.43 7.53 7.66 7.78 7.56 6.98 6.47 6.06
8.36 8.40 8.39 8.26 8.01 7.62 7.14 6.78 6.70 6.76 6.79 6.72 6.83 7.33 8.14 9.00 9.63 9.86 9.75 9.38 8.89 8.43 7.68 6.78 6.46 6.55 7.13 7.94 8.44 8.65 8.97 9.56 9.98 9.84 9.17 8.73 8.73 8.93 9.04 9.03 8.95 8.86 8.77 8.68 8.44 7.91 7.26 7.08 7.38 7.89 8.44 9.02 9.49 9.71 9.58 9.11 8.43 7.81 7.44 7.42 7.59 7.73 7.83 7.96 8.10 8.11 7.99 7.84 7.64 7.40 7.30 7.37 7.50 7.57 7.54 7.52 7.58 7.72 7.92 8.17 8.17 7.79 7.48 7.30
8.31 8.31 8.27 8.15 7.89 7.50 7.13 7.01 7.21 7.64 8.11 8.61 9.16 9.70 10.09 10.21 10.09 9.70 9.18 8.64 8.38 8.51 8.43 7.63 6.69 6.34 6.55 7.24 7.77 7.78 7.66 8.07 9.02 9.82 10.03 9.82 9.43 9.05 8.75 8.50 8.34 8.31 8.35 8.45 8.57 8.40 7.71 7.09 7.17 7.57 7.93 8.37 8.99 9.58 9.91 9.99 9.87 9.53 8.96 8.38 8.05 7.83 7.68 7.59 7.63 7.70 7.71 7.70 7.61 7.39 7.22 7.19 7.30 7.47 7.61 7.71 7.81 7.93 8.16 8.56 8.91 8.98 8.91 8.91
8.19 8.12 8.04 7.98 7.86 7.66 7.49 7.42 7.48 7.77 8.39 9.19 9.87 10.18 10.11 9.66 8.94 8.35 8.02 7.76 7.77 8.16 8.59 8.47 7.80 7.13 6.84 7.00 7.51 7.56 7.02 6.78 7.33 8.48 9.25 9.38 9.06 8.63 8.30 8.08 7.99 8.04 8.14 8.22 8.40 8.57 8.20 7.33 7.00 7.06 7.24 7.54 8.07 8.77 9.36 9.66 9.82 9.89 9.75 9.28 8.66 8.12 7.67 7.31 7.06 6.97 7.01 7.26 7.54 7.64 7.58 7.47 7.46 7.56 7.72 7.87 8.02 8.15 8.37 8.72 9.08 9.35 9.47 9.43
8.06 7.96 7.88 7.89 7.88 7.84 7.78 7.73 7.77 8.03 8.58 9.12 9.35 9.20 8.79 8.29 7.88 7.57 7.32 7.16 7.13 7.32 7.75 8.08 7.97 7.55 7.23 7.25 7.71 8.01 7.66 6.88 6.60 7.00 7.86 8.39 8.47 8.32 8.24 8.17 8.11 8.08 8.01 7.95 8.07 8.42 8.47 7.83 7.12 6.84 6.80 7.03 7.51 8.17 8.82 9.17 9.21 9.19 9.26 9.23 8.88 8.31 7.74 7.23 6.78 6.57 6.75 7.22 7.70 7.99 8.08 8.02 7.89 7.79 7.77 7.84 7.94 8.05 8.21 8.42 8.63 8.74 8.74 8.62
7.99 7.90 7.86 7.88 7.88 7.91 7.99 8.04 8.18 8.51 8.84 8.92 8.67 8.25 7.85 7.60 7.50 7.33 7.06 6.84 6.68 6.67 6.93 7.34 7.45 7.30 7.26 7.44 7.85 8.32 8.41 7.84 7.00 6.63 6.86 7.45 7.88 8.08 8.23 8.29 8.25 8.14 7.95 7.76 7.77 8.07 8.37 8.12 7.38 6.86 6.69 6.89 7.37 7.93 8.51 8.89 8.85 8.58 8.46 8.53 8.50 8.22 7.85 7.48 7.22 7.25 7.51 7.79 7.99 8.12 8.19 8.21 8.12 7.92 7.71 7.57 7.55 7.65 7.81 7.99 8.17 8.19 8.04 7.86
8.06 8.00 7.93 7.88 7.86 7.95 8.15 8.39 8.66 8.90 8.90 8.65 8.31 8.03 7.82 7.66 7.45 7.22 7.12 7.12 7.16 7.23 7.34 7.39 7.34 7.21 7.25 7.40 7.68 8.14 8.53 8.48 7.96 7.32 6.95 7.05 7.44 7.77 7.98 8.11 8.15 8.10 7.88 7.60 7.43 7.53 7.90 7.92 7.36 6.78 6.59 6.73 7.07 7.43 7.87 8.37 8.60 8.43 8.16 8.05 8.08 8.07 8.01 8.00 8.06 8.19 8.26 8.24 8.17 8.09 8.04 8.04 8.05 7.96 7.76 7.55 7.46 7.55 7.71 7.81 7.91 7.90 7.78 7.69
8.15 8.07 7.91 7.81 7.83 7.93 8.16 8.56 9.02 9.09 8.83 8.43 8.12 7.91 7.77 7.58 7.39 7.37 7.59 7.89 8.06 8.05 7.92 7.76 7.56 7.35 7.22 7.22 7.39 7.83 8.28 8.48 8.33 7.97 7.61 7.45 7.56 7.70 7.75 7.85 7.89 7.78 7.46 7.11 6.86 6.91 7.33 7.58 7.25 6.65 6.25 6.10 6.19 6.45 6.89 7.52 8.10 8.32 8.21 8.07 8.03 8.05 8.08 8.12 8.14 8.16 8.16 8.21 8.27 8.29 8.18 8.04 8.00 7.94 7.80 7.69 7.63 7.60 7.52 7.49 7.51 7.44 7.31 7.32
8.04 7.89 7.68 7.64 7.75 7.89 8.05 8.31 8.60 8.63 8.38 8.03 7.69 7.39 7.17 7.16 7.37 7.65 7.86 7.91 7.81 7.68 7.68 7.84 7.95 7.80 7.38 7.11 7.13 7.48 7.94 8.14 8.05 7.90 7.91 7.98 7.98 7.86 7.89 7.69 7.50 7.05 6.55 6.28 6.17 6.32 6.80 7.28 7.21 6.64 6.00 5.51 5.28 5.41 5.88 6.57 7.33 7.83 7.98 7.97 7.98 8.03 8.03 7.91 7.77 7.78 7.90 8.06 8.24 8.42 8.44 8.27 8.07 7.86 7.63 7.51 7.36 7.14 6.94 6.98 7.14 7.11 6.89 6.74
8.03 7.89 7.72 7.67 7.73 7.82 7.85 7.83 7.73 7.60 7.51 7.40 7.13 6.77 6.64 6.96 7.31 7.44 7.25 6.91 6.73 6.87 7.24 7.67 8.05 8.19 7.91 7.41 7.14 7.22 7.68 7.99 7.94 7.80 7.80 7.89 7.89 7.78 7.56 7.38 6.95 6.36 6.10 6.14 6.20 6.28 6.58 7.07 7.22 6.93 6.47 6.00 5.55 5.30 5.42 5.96 6.70 7.26 7.54 7.71 7.87 7.99 8.09 8.18 8.21 8.23 8.19 8.12 8.08 8.15 8.29 8.29 8.07 7.70 7.40 7.18 6.93 6.75 6.72 6.93 7.16 7.10 6.73 6.34
8.29 8.33 8.23 7.96 7.74 7.64 7.56 7.39 7.15 6.97 7.28 7.08 6.94 6.64 6.61 6.77 6.75 6.58 6.31 6.09 6.18 6.62 7.15 7.60 7.97 8.26 8.30 7.97 7.54 7.32 7.57 7.98 8.04 7.75 7.41 7.21 7.20 7.23 7.17 6.95 6.60 6.48 6.81 7.22 7.40 7.30 7.23 7.38 7.50 7.41 7.14 6.82 6.49 6.16 5.99 6.11 6.52 7.10 7.52 7.75 7.88 7.98 8.17 8.46 8.56 8.48 8.25 8.05 7.94 7.90 7.95 8.02 7.89 7.58 7.28 6.97 6.73 6.63 6.76 7.05 7.29 7.20 6.82 6.49
8.37 8.45 8.36 7.94 7.57 7.38 7.27 7.12 6.94 6.89 6.98 7.01 6.88 6.63 6.38 6.11 5.87 5.84 5.94 6.12 6.47 6.91 7.32 7.65 7.87 8.03 8.17 8.15 7.86 7.55 7.57 7.95 8.10 7.72 7.10 6.77 6.78 6.97 7.06 6.99 7.03 7.44 7.95 8.28 8.46 8.52 8.45 8.33 8.15 7.87 7.48 7.06 6.81 6.71 6.62 6.55 6.71 7.23 7.69 7.87 7.83 7.85 7.96 8.04 7.93 7.76 7.65 7.72 7.91 8.02 7.96 7.87 7.71 7.51 7.26 6.94 6.56 6.25 6.22 6.56 7.12 7.41 7.32 7.15
8.00 7.86 7.54 7.30 7.13 7.11 7.11 7.02 6.90 6.81 7.13 6.56 6.56 6.45 6.14 5.83 5.80 6.05 6.52 7.13 7.59 7.78 7.72 7.54 7.39 7.44 7.61 7.73 7.68 7.53 7.56 7.91 8.21 8.07 7.55 7.20 7.22 7.35 7.44 7.53 7.76 8.03 8.19 8.34 8.61 8.96 9.23 9.28 9.08 8.62 8.11 7.62 7.22 6.99 6.88 6.82 6.91 7.24 7.62 7.76 7.66 7.61 7.55 7.39 7.23 7.22 7.37 7.65 7.96 8.16 8.10 7.85 7.63 7.43 7.28 7.15 6.91 6.47 6.09 6.17 6.88 7.61 7.86 7.70
7.61 7.16 6.68 6.63 6.74 6.91 7.04 7.01 6.85 7.33 6.37 6.27 6.45 6.68 6.75 6.78 7.03 7.47 8.04 8.51 8.72 8.55 8.05 7.47 7.08 7.02 7.11 7.20 7.26 7.27 7.36 7.69 8.19 8.42 8.28 8.07 7.97 7.87 7.79 7.77 7.76 7.74 7.89 8.18 8.60 9.05 9.48 9.82 9.95 9.71 9.20 8.68 8.16 7.67 7.32 7.10 6.98 7.03 7.32 7.59 7.52 7.45 7.33 7.18 7.14 7.34 7.61 7.78 7.83 7.84 7.79 7.68 7.54 7.38 7.25 7.28 7.44 7.46 7.15 6.87 7.09 7.59 7.84 7.68
7.85 7.41 6.90 6.91 7.05 7.13 7.12 7.05 6.91 7.35 6.57 6.61 6.92 7.38 7.83 8.22 8.61 8.91 9.01 8.94 8.70 8.34 7.96 7.60 7.23 7.05 7.02 7.08 7.16 7.20 7.22 7.42 7.93 8.38 8.45 8.27 8.03 7.83 7.69 7.56 7.44 7.48 7.77 8.16 8.62 9.04 9.36 9.68 10.02 10.09 9.73 9.13 8.54 8.10 7.77 7.49 7.18 6.95 7.06 7.38 7.51 7.49 7.43 7.40 7.47 7.66 7.73 7.58 7.33 7.18 7.22 7.32 7.38 7.41 7.36 7.24 7.29 7.63 7.91 7.89 7.75 7.69 7.65 7.61
8.32 8.14 7.94 8.04 8.06 7.79 7.38 7.16 7.09 7.03 6.98 7.12 7.47 7.98 8.43 8.76 8.92 8.86 8.62 8.20 7.67 7.26 7.26 7.37 7.29 7.18 7.21 7.38 7.53 7.58 7.50 7.52 7.86 8.29 8.37 8.01 7.62 7.46 7.49 7.52 7.55 7.70 8.00 8.29 8.53 8.67 8.72 8.82 9.12 9.45 9.38 8.98 8.59 8.31 8.08 7.84 7.58 7.34 7.19 7.35 7.58 7.65 7.66 7.70 7.77 7.76 7.55 7.22 6.96 6.92 7.05 7.22 7.33 7.46 7.64 7.58 7.31 7.18 7.47 7.92 8.15 8.25 8.37 8.64
8.49 8.47 8.51 8.57 8.52 8.27 7.78 7.35 7.21 7.22 7.26 7.39 7.66 8.01 8.26 8.29 8.13 7.91 7.61 7.14 6.62 6.38 6.56 6.96 7.18 7.28 7.45 7.71 7.92 8.06 8.14 8.22 8.39 8.63 8.74 8.46 7.93 7.59 7.55 7.74 8.02 8.34 8.52 8.49 8.33 8.06 7.81 7.78 8.10 8.66 8.99 8.93 8.77 8.55 8.28 8.06 7.90 7.78 7.61 7.58 7.69 7.79 7.87 7.93 7.89 7.64 7.29 7.02 7.00 7.11 7.28 7.44 7.52 7.53 7.63 7.78 7.78 7.52 7.32 7.58 8.22 8.91 9.48 9.86
8.45 8.49 8.50 8.43 8.38 8.42 8.29 7.85 7.50 7.42 7.42 7.40 7.43 7.51 7.54 7.56 7.51 7.26 6.90 6.57 6.37 6.39 6.70 7.05 7.27 7.37 7.53 7.76 7.98 8.19 8.48 8.77 8.99 9.18 9.34 9.25 8.78 8.21 7.84 7.93 8.28 8.57 8.57 8.35 8.01 7.60 7.25 7.18 7.52 8.21 8.82 9.01 8.92 8.70 8.44 8.24 8.10 8.03 7.91 7.78 7.77 7.86 7.95 7.97 7.87 7.55 7.14 6.98 7.12 7.34 7.52 7.62 7.70 7.71 7.60 7.58 7.83 8.11 8.17 8.21 8.58 9.11 9.51 9.64
8.48 8.64 8.80 8.74 8.64 8.61 8.67 8.57 8.22 7.87 7.60 7.31 7.04 6.92 7.03 7.25 7.31 7.14 6.97 7.01 7.20 7.37 7.46 7.52 7.56 7.54 7.58 7.72 7.94 8.14 8.34 8.59 8.89 9.23 9.58 9.78 9.65 9.16 8.51 8.18 8.20 8.23 8.20 8.10 7.82 7.47 7.21 7.18 7.45 8.03 8.69 9.08 9.16 8.98 8.72 8.48 8.26 8.10 7.93 7.80 7.74 7.74 7.78 7.81 7.79 7.62 7.36 7.27 7.38 7.59 7.76 7.77 7.71 7.70 7.71 7.72 7.83 8.23 8.76 9.06 9.08 8.87 8.61 8.49
8.57 8.91 9.35 9.37 9.11 8.76 8.72 8.84 8.72 8.25 7.70 7.25 6.90 6.76 6.90 7.09 7.14 7.21 7.44 7.80 8.09 8.13 8.02 7.94 7.90 7.83 7.76 7.80 7.94 8.12 8.22 8.26 8.39 8.81 9.43 10.00 10.32 10.22 9.65 8.84 8.34 8.08 8.04 7.93 7.65 7.41 7.32 7.42 7.68 8.12 8.65 9.14 9.43 9.36 9.06 8.70 8.38 8.13 7.89 7.80 7.73 7.97 7.61 7.63 7.71 7.73 7.71 7.77 7.88 8.00 8.08 8.05 7.87 7.67 7.71 7.99 8.29 8.63 9.17 9.60 9.47 8.83 8.10 7.69
8.45 8.71 9.14 9.33 9.24 8.84 8.56 8.50 8.46 8.16 7.69 7.30 7.08 6.97 6.90 6.82 6.92 7.29 7.76 8.06 8.16 8.14 8.09 8.10 8.12 8.03 7.86 7.77 7.81 8.00 8.18 8.22 8.27 8.57 9.12 9.71 10.21 10.50 10.42 9.81 8.87 8.16 7.70 7.40 7.21 7.20 7.35 7.56 7.83 8.21 8.64 9.10 9.47 9.55 9.32 8.94 8.54 8.22 7.94 7.86 7.86 7.82 7.72 7.66 7.75 7.90 8.01 8.15 8.31 8.42 8.46 8.47 8.35 8.12 7.97 8.16 8.74 9.44 9.96 10.11 9.91 9.38 8.54 7.79
8.07 8.00 7.97 8.21 8.47 8.45 8.18 8.00 8.04 8.05 7.93 7.81 7.75 7.62 7.28 6.91 6.89 7.19 7.47 7.62 7.78 7.95 8.07 8.17 8.20 8.08 7.82 7.58 7.54 7.68 7.89 8.12 8.30 8.45 8.60 8.84 9.19 9.61 9.91 9.76 8.96 7.98 7.18 6.80 6.82 7.00 7.25 7.47 7.82 8.24 8.57 8.88 9.21 9.43 9.40 9.13 8.73 8.35 8.02 7.95 8.03 8.05 7.96 7.84 7.83 7.97 8.16 8.33 8.51 8.71 8.92 9.12 9.18 9.12 8.99 9.01 9.37 9.92 10.21 10.18 10.14 10.06 9.58 8.75
7.72 7.36 6.74 6.51 6.72 7.07 7.31 7.53 7.89 8.29 8.56 8.72 8.76 8.51 7.96 7.37 7.04 6.93 6.88 7.00 7.36 7.77 8.02 8.16 8.22 8.18 7.94 7.56 7.28 7.25 7.32 7.50 7.70 7.83 7.80 7.81 7.97 8.22 8.45 8.49 8.18 7.58 6.99 6.70 6.80 7.03 7.22 7.48 7.92 8.29 8.46 8.61 8.86 9.15 9.31 9.21 8.91 8.56 8.23 8.15 8.21 8.24 8.18 8.04 7.92 7.97 8.19 8.44 8.66 8.93 9.32 9.77 10.18 10.48 10.64 10.62 10.48 10.30 10.03 9.83 10.08 10.57 10.76 10.41
7.57 7.04 6.11 5.67 5.62 5.93 6.47 7.04 7.62 8.26 8.75 8.94 8.87 8.57 8.13 7.62 7.19 6.91 6.85 7.05 7.37 7.66 7.86 8.06 8.24 8.34 8.27 7.92 7.39 7.05 6.91 6.84 6.85 6.94 7.01 7.01 7.03 7.13 7.24 7.35 7.40 7.29 7.11 7.05 7.25 7.52 7.78 8.11 8.39 8.44 8.42 8.52 8.71 8.96 9.16 9.22 9.14 9.01 8.90 8.82 8.68 8.51 8.34 8.21 8.14 8.15 8.28 8.51 8.80 9.16 9.65 10.24 10.86 11.35 11.62 11.53 11.11 10.49 9.86 9.67 10.08 10.84 11.51 11.76
7.74 7.20 6.31 5.97 5.99 6.23 6.58 6.89 7.20 7.65 8.12 8.30 8.15 7.91 7.74 7.54 7.30 7.16 7.22 7.46 7.69 7.85 7.91 8.03 8.21 8.39 8.53 8.47 8.11 7.53 7.09 6.82 6.68 6.61 6.57 6.51 6.42 6.47 6.66 6.90 7.10 7.23 7.37 7.64 7.96 8.29 8.63 8.81 8.73 8.52 8.42 8.50 8.67 8.85 9.02 9.17 9.30 9.43 9.50 9.40 9.04 8.61 8.33 8.27 8.35 8.43 8.44 8.56 8.87 9.35 9.89 10.36 10.74 10.98 11.05 10.91 10.54 10.02 9.57 9.52 9.85 10.48 11.28 11.88
8.32 7.96 7.53 7.49 7.57 7.56 7.40 7.20 7.13 7.23 7.41 7.55 7.49 7.40 7.38 7.41 7.39 7.37 7.47 7.70 7.92 8.10 8.12 8.11 8.15 8.29 8.50 8.68 8.65 8.30 7.68 7.20 6.86 6.56 6.35 6.24 6.17 6.21 6.46 6.78 7.08 7.40 7.78 8.17 8.47 8.69 8.83 8.75 8.52 8.31 8.26 8.33 8.46 8.59 8.75 8.93 9.12 9.23 9.20 8.93 8.57 8.30 8.16 8.17 8.30 8.45 8.51 8.55 8.76 9.19 9.63 9.83 9.77 9.60 9.44 9.34 9.26 9.16 9.07 9.07 9.13 9.46 10.20 10.91
8.76 8.75 8.83 9.05 9.19 9.03 8.46 8.00 7.73 7.48 7.22 7.04 7.06 7.16 7.29 7.42 7.50 7.56 7.72 7.96 8.16 8.29 8.22 8.11 8.06 8.12 8.29 8.51 8.65 8.55 8.14 7.58 7.07 6.63 6.33 6.27 6.32 6.39 6.55 6.84 7.31 7.89 8.40 8.66 8.72 8.66 8.54 8.32 8.08 7.98 7.99 8.00 8.03 8.18 8.39 8.54 8.61 8.59 8.41 8.07 7.92 7.91 7.97 8.04 8.10 8.22 8.35 8.44 8.53 8.70 8.85 8.72 8.44 8.18 8.04 8.07 8.29 8.54 8.62 8.59 8.57 8.72 9.16 9.68
8.70 8.86 9.09 9.24 9.42 9.55 9.48 9.12 8.60 8.00 7.42 7.05 6.99 7.17 7.41 7.62 7.77 7.91 8.07 8.18 8.21 8.15 7.98 7.88 7.86 7.90 8.01 8.17 8.29 8.31 8.15 7.77 7.34 6.95 6.67 6.60 6.66 6.72 6.85 7.24 7.92 8.56 8.88 8.88 8.69 8.47 8.28 8.08 7.88 7.80 7.80 7.77 7.73 7.93 8.16 8.24 8.11 7.90 7.67 7.49 7.48 7.61 7.76 7.83 7.85 7.92 8.07 8.26 8.42 8.47 8.33 8.01 7.78 7.70 7.73 7.90 8.26 8.58 8.64 8.54 8.55 8.63 8.79 9.10
8.44 8.59 8.76 8.71 8.68 8.82 9.18 9.23 8.87 8.27 7.74 7.41 7.31 7.42 7.66 7.91 8.13 8.27 8.29 8.14 7.89 7.66 7.57 7.61 7.69 7.74 7.76 7.75 7.84 7.98 7.99 7.84 7.61 7.36 7.17 7.12 7.18 7.26 7.46 7.98 8.53 8.75 8.65 8.43 8.26 8.17 8.13 8.03 7.87 7.76 7.75 7.75 7.80 7.94 8.08 8.13 7.91 7.46 7.09 6.98 7.07 7.29 7.50 7.57 7.60 7.73 7.92 8.12 8.31 8.41 8.32 8.13 7.99 7.95 7.98 8.21 8.65 9.01 9.12 8.99 8.84 8.78 8.81 9.12
8.29 8.43 8.63 8.61 8.31 7.92 7.90 8.14 8.28 8.16 7.90 7.69 7.61 7.67 7.82 8.04 8.24 8.28 8.11 7.77 7.43 7.22 7.23 7.45 7.68 7.81 7.82 7.76 7.84 8.00 8.05 7.95 7.78 7.63 7.56 7.64 7.85 8.05 8.24 8.43 8.43 8.20 7.96 7.83 7.85 7.96 8.09 8.06 7.88 7.75 7.73 7.79 7.82 7.89 8.02 8.18 8.20 7.91 7.47 7.17 7.08 7.16 7.28 7.40 7.53 7.71 7.91 8.05 8.10 8.10 8.19 8.30 8.24 8.11 8.08 8.35 8.89 9.34 9.54 9.44 9.13 8.89 8.86 9.15
8.26 8.34 8.41 8.35 8.07 7.46 6.98 6.95 7.27 7.57 7.66 7.64 7.65 7.69 7.76 7.86 7.90 7.77 7.43 7.08 6.83 6.74 6.90 7.30 7.74 8.05 8.21 8.23 8.28 8.32 8.28 8.09 7.87 7.75 7.76 7.92 8.20 8.43 8.41 8.15 7.80 7.59 7.59 7.70 7.83 7.93 8.01 8.01 7.88 7.74 7.70 7.67 7.61 7.68 7.96 8.32 8.64 8.74 8.49 8.16 7.81 7.43 7.30 7.37 7.53 7.72 7.92 8.03 8.02 8.00 8.13 8.35 8.37 8.35 8.47 8.86 9.27 9.47 9.54 9.47 9.16 8.91 8.87 8.94
8.23 8.16 7.80 7.22 6.83 6.55 6.36 6.36 6.60 6.93 7.23 7.44 7.57 7.63 7.66 7.61 7.44 7.18 6.93 6.75 6.70 6.78 7.05 7.45 7.78 8.10 8.36 8.45 8.41 8.35 8.33 8.20 7.99 7.86 7.86 7.97 8.12 8.21 8.11 7.82 7.53 7.42 7.58 7.84 7.96 7.93 7.83 7.76 7.74 7.70 7.60 7.46 7.44 7.63 7.99 8.37 8.79 9.13 9.23 9.10 8.71 8.03 7.54 7.45 7.57 7.75 7.96 8.14 8.31 8.47 8.56 8.56 8.66 8.94 9.34 9.59 9.59 9.37 9.30 9.33 9.15 8.96 8.86 8.65
8.02 7.90 7.51 6.63 5.90 5.83 6.06 6.29 6.54 6.88 7.21 7.42 7.51 7.57 7.62 7.57 7.43 7.39 7.51 7.61 7.64 7.68 7.76 7.75 7.72 7.79 8.00 8.09 7.90 7.76 7.93 8.08 8.05 7.96 7.96 8.02 8.09 8.18 8.22 8.14 7.85 7.58 7.60 7.80 7.89 7.81 7.63 7.49 7.44 7.41 7.32 7.32 7.45 7.72 8.02 8.33 8.70 9.08 9.34 9.41 9.25 8.76 8.13 7.84 7.83 7.90 8.02 8.22 8.46 8.62 8.61 8.58 8.83 9.31 9.69 9.64 9.30 8.90 8.84 9.09 9.18 9.00 8.73 8.44
