project/data/elevation/US_DEM2016/US_DEM2016_point_10-29-2019_1313_30m_vel.asc
ncols	125
nrows	167
xllcorner	-2042055.000000
yllcorner	1465035.000000
cellsize	30.000000
NODATA_value	-9999.000000
[rows 114 to 151 of 167, columns 0 to 83 of 125]
2.43 2.42 2.44 2.47 2.53 2.64 2.73 2.62 2.38 2.17 2.01 1.85 1.73 1.65 1.65 1.81 2.10 2.40 2.61 2.81 2.95 2.86 2.56 2.42 2.54 2.63 2.54 2.42 2.41 2.43 2.42 2.36 2.26 2.16 2.05 1.99 2.04 2.16 2.26 2.37 2.50 2.65 2.87 3.01 2.88 2.58 2.35 2.25 2.25 2.34 2.47 2.51 2.42 2.26 2.12 2.01 1.95 2.02 2.18 2.30 2.34 2.33 2.31 2.33 2.39 2.49 2.57 2.52 2.35 2.20 2.11 2.06 2.03 2.02 2.04 2.04 2.03 2.04 2.16 2.29 2.20 2.01 1.94 1.90
2.48 2.48 2.49 2.48 2.50 2.53 2.50 2.33 2.08 1.89 1.76 1.65 1.58 1.62 1.86 2.25 2.60 2.84 2.98 3.03 2.94 2.68 2.36 2.33 2.45 2.46 2.35 2.28 2.30 2.37 2.45 2.48 2.45 2.32 2.13 2.03 2.10 2.24 2.36 2.48 2.61 2.73 2.87 2.90 2.69 2.41 2.23 2.16 2.19 2.33 2.52 2.56 2.47 2.36 2.23 2.07 1.97 2.01 2.11 2.20 2.27 2.32 2.38 2.43 2.48 2.55 2.56 2.44 2.28 2.16 2.11 2.08 2.05 2.03 2.02 2.02 2.03 2.07 2.20 2.29 2.16 2.00 1.95 1.90
2.52 2.52 2.49 2.47 2.45 2.41 2.31 2.16 2.02 1.96 1.94 1.94 2.02 2.25 2.61 2.97 3.14 3.14 3.06 2.92 2.70 2.48 2.32 2.29 2.32 2.25 2.17 2.20 2.25 2.30 2.35 2.38 2.42 2.42 2.39 2.37 2.39 2.43 2.48 2.55 2.62 2.68 2.78 2.76 2.56 2.35 2.22 2.15 2.22 2.40 2.57 2.58 2.47 2.41 2.38 2.34 2.29 2.26 2.25 2.24 2.26 2.30 2.36 2.42 2.48 2.51 2.47 2.34 2.21 2.12 2.08 2.05 2.03 2.02 2.03 2.04 2.06 2.13 2.26 2.34 2.30 2.21 2.17 2.17
2.53 2.49 2.44 2.43 2.40 2.33 2.24 2.16 2.14 2.18 2.30 2.48 2.74 3.00 3.21 3.28 3.17 2.96 2.78 2.58 2.43 2.39 2.39 2.37 2.32 2.22 2.13 2.17 2.22 2.21 2.18 2.21 2.27 2.37 2.48 2.54 2.53 2.48 2.44 2.44 2.48 2.58 2.69 2.67 2.49 2.34 2.24 2.20 2.29 2.46 2.55 2.50 2.40 2.35 2.40 2.47 2.52 2.54 2.49 2.41 2.34 2.31 2.32 2.35 2.38 2.37 2.30 2.22 2.17 2.12 2.08 2.04 2.00 2.01 2.05 2.09 2.13 2.20 2.32 2.46 2.49 2.47 2.48 2.52
2.51 2.45 2.40 2.39 2.37 2.31 2.26 2.23 2.23 2.31 2.52 2.82 3.08 3.20 3.20 3.03 2.72 2.51 2.40 2.28 2.26 2.34 2.39 2.40 2.39 2.30 2.19 2.18 2.22 2.18 2.12 2.13 2.16 2.22 2.30 2.36 2.38 2.35 2.31 2.33 2.42 2.56 2.67 2.61 2.40 2.27 2.24 2.25 2.33 2.43 2.46 2.39 2.31 2.29 2.33 2.41 2.49 2.54 2.54 2.49 2.41 2.34 2.29 2.25 2.23 2.16 2.10 2.15 2.21 2.19 2.15 2.10 2.06 2.06 2.10 2.15 2.21 2.27 2.40 2.55 2.57 2.52 2.55 2.60
2.47 2.44 2.40 2.40 2.37 2.33 2.31 2.30 2.33 2.46 2.73 2.97 3.04 2.98 2.82 2.57 2.36 2.27 2.18 2.09 2.12 2.23 2.29 2.32 2.33 2.28 2.22 2.24 2.28 2.25 2.22 2.19 2.15 2.10 2.10 2.13 2.20 2.25 2.29 2.36 2.47 2.60 2.64 2.51 2.28 2.18 2.23 2.29 2.35 2.39 2.39 2.34 2.30 2.32 2.34 2.35 2.37 2.37 2.37 2.39 2.38 2.31 2.23 2.16 2.08 2.01 2.08 2.27 2.34 2.28 2.22 2.18 2.15 2.13 2.13 2.18 2.22 2.27 2.41 2.55 2.51 2.39 2.37 2.38
2.47 2.46 2.45 2.42 2.38 2.36 2.36 2.37 2.46 2.67 2.91 2.97 2.87 2.72 2.54 2.35 2.25 2.18 2.07 1.99 2.02 2.12 2.26 2.31 2.24 2.19 2.22 2.29 2.34 2.32 2.30 2.26 2.19 2.11 2.04 2.03 2.10 2.21 2.31 2.41 2.52 2.61 2.60 2.40 2.17 2.13 2.22 2.28 2.33 2.37 2.38 2.37 2.38 2.41 2.37 2.31 2.27 2.23 2.21 2.22 2.23 2.22 2.17 2.12 2.09 2.16 2.34 2.49 2.45 2.31 2.22 2.20 2.17 2.13 2.13 2.14 2.15 2.21 2.38 2.51 2.45 2.30 2.24 2.21
2.50 2.51 2.49 2.43 2.40 2.41 2.44 2.48 2.61 2.85 2.95 2.87 2.73 2.60 2.46 2.32 2.22 2.12 2.05 2.06 2.14 2.28 2.42 2.40 2.26 2.19 2.23 2.31 2.35 2.32 2.28 2.28 2.27 2.22 2.13 2.06 2.09 2.19 2.29 2.41 2.52 2.59 2.50 2.25 2.04 2.06 2.17 2.21 2.25 2.31 2.37 2.41 2.42 2.39 2.30 2.22 2.18 2.17 2.15 2.13 2.12 2.14 2.16 2.20 2.29 2.43 2.55 2.57 2.44 2.29 2.20 2.15 2.13 2.12 2.12 2.11 2.13 2.23 2.40 2.48 2.38 2.25 2.19 2.16
2.54 2.52 2.47 2.41 2.41 2.44 2.49 2.59 2.79 2.91 2.87 2.74 2.64 2.55 2.39 2.25 2.16 2.13 2.18 2.29 2.38 2.46 2.50 2.44 2.31 2.24 2.26 2.31 2.33 2.29 2.25 2.24 2.27 2.26 2.21 2.17 2.19 2.23 2.28 2.39 2.51 2.51 2.30 1.99 1.86 1.95 2.10 2.18 2.20 2.22 2.28 2.33 2.32 2.25 2.17 2.10 2.09 2.12 2.14 2.12 2.10 2.12 2.18 2.26 2.36 2.46 2.52 2.51 2.42 2.30 2.21 2.14 2.11 2.10 2.10 2.12 2.19 2.28 2.34 2.34 2.27 2.16 2.11 2.09
2.50 2.47 2.41 2.40 2.42 2.46 2.52 2.63 2.79 2.81 2.69 2.58 2.53 2.41 2.21 2.13 2.17 2.24 2.31 2.33 2.32 2.34 2.40 2.44 2.39 2.32 2.29 2.30 2.30 2.27 2.23 2.20 2.18 2.19 2.23 2.28 2.30 2.29 2.29 2.38 2.44 2.30 1.95 1.69 1.69 1.85 2.05 2.18 2.18 2.15 2.19 2.23 2.19 2.12 2.06 2.03 2.04 2.06 2.07 2.08 2.09 2.13 2.17 2.23 2.31 2.41 2.48 2.49 2.40 2.28 2.20 2.15 2.10 2.05 2.04 2.09 2.14 2.15 2.13 2.16 2.19 2.14 2.06 2.02
2.48 2.47 2.44 2.43 2.43 2.46 2.50 2.58 2.63 2.58 2.47 2.43 2.38 2.21 2.06 2.14 2.25 2.25 2.18 2.08 2.04 2.14 2.36 2.50 2.44 2.35 2.33 2.31 2.27 2.24 2.22 2.19 2.16 2.18 2.23 2.27 2.26 2.24 2.25 2.31 2.25 1.97 1.68 1.62 1.73 1.88 2.07 2.22 2.21 2.19 2.25 2.26 2.20 2.10 2.04 2.04 2.05 2.01 1.99 2.03 2.10 2.15 2.20 2.30 2.43 2.52 2.54 2.50 2.36 2.20 2.14 2.10 2.04 1.96 1.96 2.00 2.02 2.00 2.01 2.12 2.21 2.15 2.04 1.99
2.55 2.57 2.55 2.48 2.43 2.43 2.45 2.48 2.46 2.41 2.36 2.37 2.28 2.11 2.10 2.20 2.18 2.04 1.89 1.83 1.93 2.19 2.50 2.60 2.45 2.34 2.33 2.33 2.29 2.25 2.23 2.21 2.19 2.18 2.17 2.13 2.10 2.10 2.15 2.16 2.04 1.85 1.82 1.93 2.03 2.10 2.22 2.34 2.34 2.33 2.35 2.34 2.28 2.21 2.16 2.16 2.12 2.05 2.05 2.10 2.14 2.18 2.27 2.43 2.53 2.53 2.49 2.42 2.29 2.15 2.08 2.01 1.92 1.89 1.90 1.91 1.93 1.95 2.02 2.13 2.19 2.13 2.07 2.08
2.61 2.59 2.51 2.41 2.36 2.37 2.39 2.40 2.37 2.37 2.38 2.34 2.20 2.08 2.08 2.05 1.92 1.80 1.77 1.86 2.09 2.41 2.68 2.65 2.42 2.27 2.28 2.31 2.29 2.25 2.24 2.23 2.19 2.13 2.07 2.03 2.03 2.08 2.12 2.10 2.05 2.08 2.18 2.26 2.31 2.37 2.45 2.52 2.51 2.45 2.38 2.32 2.29 2.27 2.27 2.25 2.21 2.17 2.16 2.16 2.16 2.20 2.31 2.42 2.40 2.33 2.32 2.33 2.27 2.17 2.05 1.93 1.84 1.83 1.85 1.84 1.83 1.85 1.91 2.01 2.12 2.20 2.25 2.27
2.54 2.44 2.27 2.22 2.25 2.32 2.37 2.37 2.35 2.36 2.34 2.23 2.09 2.00 1.97 1.89 1.83 1.86 2.00 2.24 2.47 2.68 2.77 2.58 2.27 2.17 2.20 2.21 2.20 2.21 2.23 2.24 2.20 2.15 2.12 2.13 2.17 2.19 2.20 2.20 2.24 2.30 2.31 2.33 2.40 2.51 2.61 2.69 2.67 2.54 2.43 2.36 2.33 2.32 2.29 2.28 2.27 2.24 2.18 2.15 2.15 2.19 2.25 2.28 2.22 2.20 2.30 2.38 2.30 2.14 1.98 1.85 1.80 1.80 1.82 1.82 1.82 1.83 1.84 1.93 2.17 2.39 2.45 2.34
2.39 2.24 2.08 2.10 2.21 2.32 2.37 2.36 2.34 2.31 2.26 2.14 2.04 2.03 2.06 2.08 2.15 2.29 2.51 2.69 2.77 2.80 2.68 2.39 2.18 2.16 2.17 2.13 2.11 2.15 2.20 2.23 2.22 2.21 2.25 2.31 2.34 2.32 2.28 2.28 2.30 2.27 2.28 2.36 2.49 2.62 2.73 2.77 2.71 2.60 2.52 2.48 2.44 2.39 2.33 2.30 2.28 2.23 2.16 2.14 2.13 2.16 2.19 2.18 2.18 2.29 2.43 2.43 2.24 1.98 1.81 1.76 1.76 1.77 1.80 1.86 1.93 1.98 2.00 2.09 2.36 2.55 2.45 2.20
2.30 2.23 2.16 2.22 2.34 2.41 2.39 2.35 2.32 2.30 2.25 2.19 2.15 2.22 2.35 2.47 2.60 2.72 2.79 2.77 2.70 2.61 2.45 2.26 2.21 2.23 2.19 2.13 2.12 2.14 2.17 2.20 2.22 2.25 2.29 2.32 2.31 2.29 2.27 2.25 2.22 2.21 2.30 2.44 2.60 2.72 2.76 2.70 2.58 2.48 2.45 2.45 2.43 2.40 2.35 2.32 2.28 2.22 2.16 2.13 2.13 2.16 2.18 2.20 2.28 2.43 2.48 2.33 2.02 1.75 1.67 1.68 1.71 1.76 1.81 1.88 1.95 2.05 2.18 2.34 2.55 2.61 2.38 2.14
2.35 2.38 2.44 2.54 2.58 2.52 2.41 2.34 2.32 2.32 2.31 2.29 2.33 2.45 2.57 2.66 2.72 2.72 2.64 2.50 2.35 2.24 2.19 2.20 2.25 2.27 2.23 2.21 2.21 2.22 2.21 2.24 2.30 2.34 2.29 2.21 2.20 2.22 2.24 2.24 2.22 2.27 2.40 2.55 2.67 2.71 2.64 2.49 2.34 2.26 2.27 2.35 2.40 2.39 2.36 2.33 2.31 2.27 2.20 2.16 2.17 2.20 2.22 2.28 2.40 2.48 2.39 2.12 1.82 1.67 1.66 1.68 1.72 1.80 1.90 1.94 1.96 2.03 2.19 2.41 2.64 2.71 2.58 2.50
2.42 2.49 2.61 2.68 2.65 2.54 2.42 2.35 2.33 2.34 2.35 2.38 2.45 2.54 2.58 2.55 2.52 2.47 2.33 2.14 1.99 1.95 2.07 2.24 2.31 2.30 2.30 2.30 2.31 2.31 2.34 2.40 2.49 2.47 2.36 2.26 2.25 2.28 2.28 2.29 2.33 2.45 2.56 2.62 2.64 2.56 2.39 2.22 2.13 2.16 2.27 2.38 2.42 2.39 2.34 2.33 2.34 2.33 2.27 2.22 2.21 2.23 2.27 2.35 2.44 2.41 2.22 1.94 1.76 1.71 1.72 1.74 1.79 1.86 1.95 2.00 2.05 2.11 2.22 2.45 2.74 2.89 2.86 2.83
2.48 2.53 2.62 2.63 2.59 2.53 2.47 2.42 2.39 2.39 2.40 2.42 2.46 2.47 2.42 2.38 2.36 2.27 2.07 1.90 1.85 1.94 2.20 2.40 2.41 2.35 2.34 2.33 2.33 2.38 2.47 2.56 2.61 2.55 2.44 2.40 2.40 2.39 2.34 2.35 2.44 2.54 2.58 2.57 2.53 2.37 2.18 2.05 2.05 2.23 2.42 2.46 2.41 2.36 2.33 2.35 2.37 2.35 2.31 2.25 2.23 2.25 2.30 2.36 2.39 2.29 2.06 1.86 1.78 1.77 1.78 1.80 1.87 1.93 1.96 2.00 2.12 2.27 2.45 2.69 2.97 2.99 2.81 2.67
2.56 2.60 2.67 2.67 2.63 2.57 2.54 2.53 2.52 2.48 2.42 2.39 2.38 2.35 2.33 2.35 2.30 2.14 1.98 1.96 2.07 2.22 2.44 2.56 2.50 2.41 2.37 2.36 2.38 2.43 2.52 2.59 2.59 2.52 2.47 2.51 2.55 2.53 2.46 2.43 2.46 2.47 2.48 2.50 2.42 2.24 2.09 2.04 2.13 2.38 2.57 2.51 2.41 2.37 2.36 2.38 2.38 2.36 2.29 2.23 2.22 2.25 2.29 2.32 2.32 2.20 2.01 1.89 1.84 1.83 1.84 1.86 1.90 1.95 1.99 2.07 2.21 2.40 2.70 3.01 3.12 2.90 2.54 2.35
2.67 2.70 2.74 2.73 2.67 2.58 2.54 2.56 2.56 2.48 2.39 2.32 2.29 2.30 2.34 2.34 2.22 2.07 2.07 2.21 2.33 2.43 2.58 2.65 2.56 2.47 2.43 2.43 2.44 2.48 2.54 2.56 2.53 2.49 2.53 2.60 2.64 2.65 2.62 2.53 2.46 2.41 2.44 2.44 2.30 2.14 2.09 2.13 2.27 2.55 2.66 2.54 2.44 2.41 2.39 2.39 2.37 2.33 2.25 2.21 2.23 2.25 2.27 2.28 2.26 2.16 2.03 1.96 1.94 1.92 1.91 1.91 1.93 1.96 2.05 2.21 2.39 2.62 2.97 3.19 3.05 2.68 2.35 2.18
2.74 2.72 2.67 2.62 2.59 2.53 2.49 2.47 2.44 2.37 2.30 2.27 2.29 2.35 2.36 2.27 2.14 2.12 2.22 2.32 2.36 2.44 2.60 2.66 2.56 2.47 2.45 2.44 2.45 2.50 2.56 2.57 2.55 2.56 2.60 2.60 2.57 2.59 2.62 2.60 2.47 2.38 2.36 2.27 2.11 2.06 2.12 2.20 2.41 2.68 2.72 2.55 2.42 2.39 2.39 2.38 2.35 2.29 2.22 2.22 2.25 2.27 2.27 2.27 2.25 2.16 2.07 2.05 2.04 2.03 2.00 1.99 2.01 2.07 2.18 2.36 2.62 2.96 3.23 3.18 2.86 2.54 2.31 2.16
2.74 2.63 2.46 2.38 2.38 2.38 2.36 2.34 2.33 2.31 2.32 2.38 2.46 2.49 2.40 2.25 2.16 2.17 2.22 2.24 2.29 2.42 2.61 2.65 2.53 2.44 2.41 2.39 2.41 2.48 2.54 2.57 2.58 2.60 2.58 2.48 2.38 2.37 2.41 2.42 2.34 2.25 2.17 2.06 2.00 2.05 2.14 2.24 2.52 2.78 2.73 2.49 2.36 2.34 2.35 2.35 2.32 2.27 2.22 2.24 2.29 2.31 2.30 2.28 2.24 2.17 2.12 2.11 2.12 2.12 2.12 2.16 2.23 2.34 2.47 2.66 2.94 3.22 3.27 3.00 2.67 2.51 2.41 2.27
2.65 2.50 2.23 2.09 2.06 2.09 2.16 2.25 2.33 2.39 2.49 2.61 2.68 2.61 2.45 2.28 2.19 2.14 2.09 2.11 2.25 2.45 2.63 2.64 2.52 2.43 2.39 2.36 2.37 2.42 2.46 2.48 2.48 2.48 2.43 2.32 2.20 2.13 2.08 2.06 2.07 2.06 2.02 1.98 2.02 2.11 2.17 2.33 2.68 2.86 2.68 2.41 2.31 2.30 2.31 2.32 2.30 2.26 2.25 2.31 2.36 2.35 2.32 2.29 2.25 2.19 2.16 2.17 2.18 2.21 2.28 2.41 2.58 2.77 2.94 3.11 3.29 3.35 3.15 2.81 2.61 2.59 2.60 2.56
2.48 2.32 2.05 1.95 1.92 1.95 2.08 2.24 2.35 2.45 2.57 2.66 2.64 2.51 2.36 2.25 2.17 2.09 2.07 2.17 2.33 2.50 2.64 2.63 2.52 2.45 2.42 2.39 2.38 2.38 2.38 2.35 2.31 2.29 2.26 2.15 2.03 1.93 1.84 1.81 1.87 1.93 1.98 2.06 2.19 2.28 2.36 2.59 2.88 2.87 2.59 2.37 2.29 2.27 2.27 2.29 2.31 2.35 2.41 2.48 2.46 2.39 2.33 2.30 2.28 2.25 2.23 2.24 2.26 2.31 2.46 2.67 2.91 3.09 3.21 3.29 3.33 3.22 2.99 2.78 2.72 2.73 2.75 2.84
2.31 2.19 2.03 2.03 2.06 2.13 2.22 2.29 2.35 2.42 2.49 2.50 2.41 2.28 2.20 2.17 2.13 2.12 2.19 2.33 2.46 2.58 2.68 2.65 2.53 2.46 2.45 2.46 2.47 2.44 2.38 2.31 2.25 2.22 2.15 2.02 1.88 1.79 1.73 1.74 1.81 1.92 2.08 2.28 2.44 2.53 2.65 2.85 2.96 2.79 2.51 2.35 2.28 2.25 2.25 2.29 2.36 2.47 2.56 2.58 2.48 2.36 2.30 2.31 2.33 2.32 2.29 2.29 2.33 2.44 2.64 2.86 3.03 3.07 3.06 3.04 2.99 2.88 2.80 2.77 2.78 2.76 2.77 2.88
2.27 2.27 2.32 2.41 2.46 2.47 2.43 2.37 2.38 2.41 2.42 2.36 2.24 2.14 2.11 2.11 2.12 2.17 2.29 2.43 2.54 2.66 2.72 2.65 2.53 2.47 2.47 2.50 2.52 2.51 2.42 2.33 2.25 2.17 2.06 1.92 1.79 1.72 1.71 1.75 1.86 2.06 2.32 2.53 2.63 2.67 2.76 2.88 2.86 2.65 2.43 2.31 2.24 2.21 2.23 2.29 2.37 2.45 2.48 2.40 2.30 2.25 2.27 2.31 2.33 2.32 2.30 2.31 2.36 2.50 2.71 2.85 2.85 2.76 2.66 2.62 2.62 2.65 2.68 2.69 2.67 2.64 2.67 2.73
2.41 2.51 2.68 2.80 2.81 2.74 2.60 2.53 2.51 2.48 2.39 2.27 2.16 2.11 2.10 2.10 2.14 2.23 2.39 2.53 2.62 2.71 2.70 2.60 2.51 2.47 2.46 2.46 2.47 2.47 2.42 2.33 2.23 2.13 2.01 1.88 1.79 1.75 1.75 1.84 2.07 2.38 2.62 2.70 2.69 2.67 2.71 2.77 2.72 2.53 2.35 2.22 2.15 2.17 2.23 2.28 2.31 2.32 2.26 2.15 2.12 2.16 2.23 2.29 2.31 2.29 2.28 2.29 2.34 2.46 2.61 2.62 2.52 2.42 2.35 2.36 2.50 2.65 2.66 2.61 2.56 2.55 2.57 2.56
2.54 2.64 2.77 2.83 2.82 2.77 2.74 2.72 2.65 2.53 2.38 2.24 2.16 2.13 2.13 2.14 2.22 2.36 2.52 2.61 2.65 2.64 2.58 2.51 2.48 2.46 2.43 2.40 2.39 2.38 2.35 2.29 2.21 2.12 2.01 1.90 1.83 1.81 1.87 2.09 2.43 2.69 2.76 2.70 2.62 2.58 2.62 2.70 2.65 2.46 2.27 2.13 2.07 2.16 2.25 2.27 2.23 2.16 2.06 2.00 2.03 2.11 2.20 2.27 2.28 2.25 2.24 2.27 2.34 2.44 2.50 2.43 2.35 2.31 2.30 2.39 2.63 2.79 2.73 2.62 2.59 2.58 2.54 2.52
2.61 2.65 2.70 2.68 2.64 2.60 2.65 2.65 2.59 2.48 2.37 2.28 2.23 2.20 2.19 2.24 2.35 2.50 2.59 2.59 2.54 2.47 2.43 2.45 2.48 2.46 2.41 2.35 2.32 2.32 2.29 2.25 2.20 2.13 2.04 1.95 1.91 1.96 2.15 2.47 2.72 2.75 2.63 2.52 2.47 2.48 2.57 2.66 2.60 2.41 2.21 2.09 2.09 2.20 2.28 2.26 2.16 2.02 1.90 1.90 1.98 2.11 2.20 2.25 2.25 2.23 2.23 2.28 2.37 2.46 2.47 2.41 2.38 2.36 2.39 2.58 2.85 2.94 2.83 2.71 2.66 2.61 2.56 2.59
2.66 2.66 2.66 2.61 2.52 2.42 2.40 2.39 2.37 2.36 2.32 2.30 2.27 2.26 2.26 2.33 2.45 2.53 2.53 2.45 2.37 2.32 2.34 2.47 2.55 2.51 2.44 2.38 2.37 2.35 2.30 2.24 2.19 2.13 2.07 2.04 2.08 2.24 2.49 2.69 2.71 2.57 2.42 2.36 2.39 2.46 2.57 2.64 2.54 2.34 2.17 2.10 2.11 2.21 2.29 2.26 2.16 2.06 1.97 1.96 2.07 2.17 2.22 2.24 2.24 2.24 2.26 2.31 2.37 2.40 2.42 2.44 2.41 2.37 2.46 2.77 3.03 3.02 2.84 2.72 2.67 2.60 2.58 2.68
2.68 2.65 2.57 2.46 2.36 2.26 2.20 2.17 2.17 2.21 2.24 2.27 2.28 2.27 2.29 2.35 2.40 2.39 2.30 2.23 2.18 2.19 2.31 2.54 2.64 2.57 2.50 2.49 2.48 2.41 2.33 2.25 2.17 2.12 2.10 2.13 2.24 2.43 2.58 2.62 2.53 2.42 2.35 2.36 2.41 2.49 2.58 2.60 2.46 2.27 2.14 2.07 2.08 2.20 2.31 2.29 2.23 2.21 2.19 2.22 2.27 2.26 2.24 2.24 2.25 2.26 2.30 2.33 2.35 2.37 2.43 2.46 2.41 2.42 2.67 3.05 3.19 3.03 2.77 2.64 2.59 2.58 2.61 2.70
2.66 2.56 2.35 2.14 2.03 2.00 2.05 2.09 2.11 2.14 2.19 2.24 2.26 2.26 2.28 2.29 2.27 2.19 2.12 2.11 2.13 2.20 2.43 2.68 2.71 2.59 2.52 2.52 2.48 2.37 2.31 2.24 2.16 2.13 2.14 2.19 2.29 2.43 2.50 2.50 2.47 2.40 2.38 2.42 2.46 2.49 2.53 2.50 2.37 2.22 2.08 2.01 2.08 2.25 2.37 2.34 2.29 2.30 2.35 2.42 2.41 2.33 2.27 2.27 2.29 2.31 2.35 2.38 2.42 2.49 2.54 2.50 2.49 2.67 3.03 3.26 3.19 2.92 2.67 2.54 2.53 2.58 2.63 2.65
2.55 2.39 2.14 1.97 1.86 1.91 2.04 2.14 2.18 2.20 2.23 2.24 2.24 2.25 2.25 2.24 2.21 2.19 2.23 2.29 2.33 2.43 2.64 2.77 2.70 2.55 2.48 2.43 2.31 2.23 2.22 2.18 2.14 2.15 2.18 2.22 2.31 2.44 2.53 2.57 2.52 2.44 2.42 2.44 2.45 2.44 2.45 2.41 2.28 2.11 1.97 1.98 2.15 2.36 2.43 2.38 2.31 2.31 2.37 2.42 2.43 2.39 2.36 2.37 2.38 2.38 2.39 2.44 2.51 2.56 2.54 2.49 2.62 2.95 3.24 3.19 2.93 2.70 2.56 2.48 2.49 2.55 2.57 2.55
2.39 2.29 2.16 2.12 2.11 2.14 2.20 2.22 2.22 2.24 2.27 2.26 2.25 2.26 2.26 2.27 2.30 2.38 2.45 2.44 2.42 2.49 2.66 2.73 2.63 2.48 2.38 2.24 2.10 2.06 2.09 2.09 2.11 2.16 2.21 2.27 2.39 2.55 2.66 2.65 2.55 2.44 2.40 2.40 2.37 2.36 2.38 2.34 2.19 1.98 1.90 2.03 2.28 2.44 2.44 2.37 2.31 2.30 2.33 2.36 2.41 2.46 2.48 2.48 2.44 2.41 2.40 2.44 2.47 2.45 2.41 2.51 2.81 3.12 3.18 2.93 2.62 2.47 2.43 2.40 2.39 2.41 2.40 2.40
2.30 2.29 2.27 2.28 2.31 2.34 2.33 2.29 2.27 2.28 2.27 2.25 2.26 2.28 2.31 2.35 2.43 2.48 2.43 2.31 2.29 2.41 2.61 2.70 2.59 2.41 2.24 2.07 1.97 1.99 2.04 2.06 2.11 2.18 2.26 2.35 2.50 2.64 2.68 2.60 2.48 2.40 2.35 2.31 2.27 2.30 2.34 2.28 2.10 1.93 1.94 2.16 2.38 2.45 2.40 2.33 2.29 2.29 2.30 2.33 2.39 2.44 2.47 2.45 2.41 2.37 2.38 2.39 2.38 2.36 2.43 2.68 2.96 3.04 2.92 2.65 2.42 2.34 2.34 2.32 2.26 2.25 2.22 2.18
2.28 2.30 2.31 2.33 2.36 2.42 2.48 2.48 2.46 2.39 2.29 2.25 2.27 2.32 2.37 2.43 2.49 2.45 2.34 2.30 2.40 2.59 2.78 2.80 2.61 2.37 2.18 2.06 2.04 2.09 2.13 2.14 2.17 2.23 2.33 2.44 2.55 2.61 2.57 2.47 2.39 2.35 2.31 2.26 2.25 2.29 2.31 2.22 2.05 1.96 2.05 2.28 2.44 2.43 2.36 2.30 2.26 2.24 2.25 2.31 2.36 2.38 2.37 2.34 2.31 2.30 2.33 2.35 2.37 2.43 2.59 2.79 2.85 2.75 2.63 2.50 2.37 2.32 2.31 2.29 2.24 2.19 2.14 2.08
2.24 2.25 2.30 2.42 2.53 2.60 2.63 2.58 2.45 2.31 2.22 2.24 2.30 2.35 2.40 2.45 2.47 2.44 2.46 2.59 2.76 2.91 2.96 2.86 2.62 2.39 2.26 2.24 2.27 2.30 2.29 2.25 2.24 2.28 2.34 2.41 2.46 2.49 2.47 2.40 2.35 2.33 2.32 2.31 2.32 2.32 2.28 2.18 2.05 2.02 2.16 2.38 2.47 2.41 2.33 2.27 2.22 2.19 2.21 2.30 2.35 2.33 2.29 2.24 2.19 2.21 2.29 2.36 2.42 2.51 2.62 2.65 2.53 2.49 2.54 2.49 2.38 2.33 2.32 2.30 2.25 2.18 2.09 2.05
