project/data/elevation/US_DEM2016/US_DEM2016_point_10-31-2019_1803_30m_vel.asc
ncols	125
nrows	167
xllcorner	-2042055.000000
yllcorner	1465035.000000
cellsize	30.000000
NODATA_value	-9999.000000
[rows 0 to 37 of 167, columns 0 to 83 of 125]
5.23 4.70 4.24 4.70 5.65 6.85 8.01 8.86 9.21 9.40 9.72 10.28 10.51 10.02 9.57 9.57 9.60 9.42 8.87 8.37 8.09 8.18 8.55 8.96 9.24 9.20 8.85 7.87 6.57 5.31 4.28 3.54 3.08 2.74 2.49 2.43 2.73 3.35 4.04 4.47 4.70 4.86 5.01 5.08 4.91 4.57 4.23 4.27 4.75 5.54 6.36 7.14 7.78 8.40 8.63 8.71 8.53 7.77 7.02 6.49 6.16 6.06 6.22 6.73 7.10 7.22 7.10 6.62 5.80 5.26 5.13 5.27 5.52 5.78 5.99 6.13 6.28 6.64 7.19 7.60 7.90 7.93 7.43 7.20
5.23 4.70 4.24 4.70 5.65 6.85 8.01 8.86 9.21 9.40 9.72 10.28 10.51 10.02 9.57 9.57 9.60 9.42 8.87 8.37 8.09 8.18 8.55 8.96 9.24 9.20 8.85 7.87 6.57 5.31 4.28 3.54 3.08 2.74 2.49 2.43 2.73 3.35 4.04 4.47 4.70 4.86 5.01 5.08 4.91 4.57 4.23 4.27 4.75 5.54 6.36 7.14 7.78 8.40 8.63 8.71 8.53 7.77 7.02 6.49 6.16 6.06 6.22 6.73 7.10 7.22 7.10 6.62 5.80 5.26 5.13 5.27 5.52 5.78 5.99 6.13 6.28 6.64 7.19 7.60 7.90 7.93 7.43 7.20
5.15 4.71 4.43 4.83 5.51 6.48 7.44 8.14 8.51 8.68 8.96 9.44 9.61 9.37 9.03 8.99 9.07 9.03 8.65 8.12 7.93 8.04 8.29 8.50 8.59 8.44 7.85 6.90 5.87 4.92 4.16 3.58 3.17 2.90 2.71 2.66 2.87 3.27 3.72 4.09 4.29 4.46 4.63 4.86 5.05 5.09 5.03 5.04 5.37 5.92 6.50 6.99 7.43 7.77 7.93 7.99 7.96 7.70 7.20 6.58 6.09 5.82 5.94 6.24 6.48 6.58 6.61 6.54 6.34 5.99 5.78 5.71 5.69 5.68 5.68 5.73 5.91 6.29 6.69 6.93 7.04 7.15 7.16 7.24
5.47 5.08 4.95 5.23 5.61 6.07 6.59 6.87 6.93 7.03 7.36 7.67 7.79 7.69 7.62 7.62 7.72 7.94 7.90 7.70 7.72 7.83 7.78 7.53 7.24 6.86 6.27 5.68 5.10 4.61 4.22 3.89 3.70 3.64 3.58 3.48 3.43 3.46 3.51 3.69 4.08 4.46 4.77 5.12 5.54 5.89 6.12 6.20 6.31 6.50 6.68 6.70 6.68 6.59 6.52 6.33 6.33 6.59 6.74 6.66 6.38 6.06 5.80 5.60 5.35 5.25 5.44 5.86 6.25 6.43 6.39 6.15 5.81 5.45 5.20 5.15 5.32 5.60 5.72 5.58 5.60 6.09 6.72 7.18
5.83 5.52 5.45 5.60 5.76 5.96 6.08 6.09 5.91 5.81 5.92 6.15 6.31 6.31 6.32 6.34 6.45 6.71 7.10 7.47 7.72 7.62 7.23 6.61 6.01 5.61 5.43 5.27 5.09 4.93 4.79 4.72 4.77 4.81 4.73 4.52 4.29 4.13 4.00 4.07 4.51 4.99 5.46 5.87 6.09 6.28 6.45 6.65 6.80 6.84 6.78 6.56 6.23 5.82 5.43 4.83 4.50 4.64 5.18 5.84 6.19 6.19 5.90 5.31 4.77 4.40 4.30 4.50 4.88 5.20 5.34 5.28 5.09 4.88 4.76 4.78 4.89 4.99 4.98 4.85 4.99 5.62 6.37 6.68
5.86 5.69 5.72 5.88 5.88 5.90 5.83 5.54 5.31 5.17 5.04 5.13 5.43 5.65 5.88 6.05 6.20 6.32 6.71 7.21 7.42 7.10 6.49 5.73 5.15 5.01 5.12 5.25 5.34 5.43 5.54 5.67 5.72 5.61 5.40 5.16 4.97 4.82 4.67 4.60 4.70 4.92 5.33 5.85 6.13 6.24 6.37 6.61 6.78 6.82 6.73 6.53 6.23 5.61 4.87 4.26 4.06 4.14 4.39 4.72 5.09 5.34 5.27 4.83 4.37 4.04 3.84 3.74 3.72 3.74 3.82 3.90 3.96 4.07 4.21 4.36 4.49 4.57 4.64 4.71 4.91 5.35 5.79 5.76
5.96 5.95 6.05 6.19 6.09 5.85 5.52 5.06 4.77 4.69 4.58 4.55 4.84 5.38 5.90 6.14 6.37 6.47 6.46 6.50 6.51 6.23 5.68 5.14 4.90 4.94 5.08 5.22 5.40 5.68 5.98 6.18 6.13 5.98 5.82 5.72 5.66 5.55 5.31 5.01 4.79 4.76 4.91 5.23 5.50 5.53 5.59 5.81 6.14 6.34 6.46 6.45 6.26 6.01 5.64 5.28 5.26 5.24 5.06 4.76 4.46 4.31 4.24 4.13 3.98 3.83 3.72 3.65 3.58 3.49 3.43 3.44 3.55 3.72 3.90 4.03 4.10 4.23 4.46 4.68 4.88 5.13 5.23 4.91
6.06 6.25 6.57 6.57 6.36 5.78 5.17 4.65 4.49 4.58 4.51 4.32 4.55 5.22 5.77 5.87 6.04 6.15 5.92 5.61 5.49 5.33 5.08 4.94 4.93 5.01 5.14 5.24 5.39 5.69 6.06 6.31 6.40 6.51 6.69 6.93 6.98 6.79 6.41 5.92 5.38 4.96 4.79 4.68 4.56 4.54 4.59 4.86 5.43 6.05 6.32 6.39 6.39 6.57 6.71 6.72 6.49 6.14 5.63 5.00 4.37 3.92 3.79 3.80 3.80 3.74 3.71 3.78 3.82 3.75 3.64 3.60 3.65 3.76 3.88 3.97 4.03 4.20 4.48 4.65 4.75 4.85 4.77 4.40
6.36 6.61 7.06 6.95 6.56 5.92 5.21 4.80 4.82 4.85 4.71 4.57 4.74 5.18 5.41 5.29 5.25 5.35 5.23 5.01 4.93 4.77 4.56 4.59 4.72 4.92 5.23 5.53 5.70 5.84 6.16 6.56 7.00 7.58 8.20 8.57 8.58 8.30 7.89 7.35 6.66 5.91 5.28 4.84 4.54 4.46 4.74 5.19 5.87 6.33 6.34 6.03 5.85 5.99 6.24 6.31 6.07 5.60 5.02 4.51 4.14 3.92 3.87 3.92 3.97 3.99 4.06 4.15 4.10 3.94 3.80 3.76 3.82 4.01 4.26 4.48 4.68 4.94 5.07 4.99 4.83 4.71 4.56 4.66
6.52 6.86 7.24 7.11 6.71 6.25 5.69 5.53 5.70 5.75 5.46 5.21 5.22 5.26 5.10 4.75 4.53 4.66 4.86 4.92 4.90 4.59 4.25 4.27 4.52 4.82 5.22 5.63 5.98 6.26 6.67 7.18 7.81 8.44 8.83 8.91 8.81 8.66 8.53 8.33 7.94 7.32 6.60 5.93 5.39 5.32 5.53 6.01 6.51 6.59 6.18 5.31 4.69 4.23 4.25 4.48 4.54 4.33 4.09 3.93 3.87 3.88 3.93 4.08 4.40 4.67 4.88 4.88 4.51 4.08 3.95 4.09 4.43 4.88 5.28 5.60 5.95 6.26 6.30 6.03 5.65 5.38 5.22 5.09
6.72 6.76 7.05 7.15 6.97 6.82 6.74 6.94 7.14 7.02 6.65 6.22 5.82 5.40 4.93 4.41 4.17 4.50 5.00 5.28 5.23 4.85 4.51 4.48 4.70 4.98 5.22 5.57 6.17 6.87 7.43 7.87 8.16 8.16 7.84 7.40 7.33 7.65 8.02 8.27 8.32 8.09 7.59 6.93 6.33 5.99 5.95 6.31 6.64 6.47 5.71 4.78 4.04 3.51 3.24 3.17 3.30 3.49 3.64 3.75 3.82 3.92 4.10 4.41 4.91 5.45 5.71 5.53 5.03 4.47 4.42 4.86 5.47 6.02 6.46 6.82 7.11 7.20 7.03 6.73 6.47 6.27 6.08 5.82
6.61 6.33 6.50 7.09 7.51 7.80 8.11 8.40 8.51 8.20 7.74 7.25 6.65 5.83 5.05 4.58 4.43 4.79 5.34 5.63 5.54 5.23 4.97 4.91 5.06 5.33 5.63 6.08 6.74 7.35 7.63 7.66 7.37 6.75 5.95 5.51 5.69 6.22 6.70 7.10 7.47 7.75 7.78 7.52 7.02 6.49 6.29 6.47 6.44 5.98 5.08 4.49 4.09 3.62 3.16 2.86 2.91 3.26 3.62 3.84 4.03 4.32 4.70 5.10 5.56 5.93 6.05 5.90 5.59 5.31 5.26 5.69 6.23 6.74 7.09 7.25 7.13 6.74 6.09 5.66 5.50 5.46 5.43 5.37
6.13 5.79 5.80 6.65 7.51 8.14 8.53 8.67 8.68 8.47 8.16 7.81 7.34 6.53 5.74 5.28 5.10 5.17 5.36 5.46 5.36 5.17 5.04 5.05 5.25 5.59 6.02 6.45 6.72 6.76 6.57 6.11 5.38 4.59 4.19 4.38 4.79 5.00 5.05 5.36 5.88 6.45 7.03 7.37 7.31 6.94 6.64 6.55 6.09 5.16 4.32 3.93 3.56 3.20 2.96 2.92 3.10 3.46 3.86 4.23 4.59 5.01 5.43 5.75 5.96 6.03 6.04 6.12 6.18 6.13 6.15 6.43 6.87 7.12 7.02 6.56 5.79 4.82 4.03 3.64 3.57 3.72 3.98 4.21
6.13 5.97 5.88 6.10 6.58 7.12 7.41 7.44 7.32 7.30 7.37 7.40 7.33 7.04 6.60 6.12 5.72 5.39 5.13 4.88 4.68 4.64 4.71 4.85 5.07 5.29 5.49 5.51 5.25 4.84 4.38 3.75 3.17 2.85 3.02 3.52 3.75 3.64 3.63 3.91 4.31 4.82 5.43 6.04 6.55 6.73 6.70 6.49 5.89 4.86 3.96 3.25 2.81 2.75 2.92 3.23 3.55 3.86 4.26 4.80 5.29 5.68 5.95 6.13 6.24 6.29 6.37 6.54 6.69 6.72 6.81 7.09 7.22 6.88 6.05 4.94 3.93 3.34 3.14 3.18 3.41 3.69 3.93 4.02
6.44 6.52 6.22 5.79 5.40 5.30 5.24 5.04 4.86 5.05 5.45 5.90 6.23 6.51 6.60 6.45 6.06 5.53 4.98 4.42 4.03 4.10 4.35 4.49 4.48 4.36 4.16 3.82 3.41 3.08 2.81 2.64 2.64 2.76 2.92 2.98 2.92 2.96 3.11 3.28 3.41 3.62 3.94 4.44 5.23 6.22 6.59 6.51 5.96 5.13 4.11 3.29 3.00 3.19 3.62 3.97 4.12 4.29 4.67 5.28 5.94 6.36 6.61 6.78 6.94 7.11 7.22 7.23 7.24 7.23 7.30 7.37 6.91 5.77 4.55 3.78 3.51 3.47 3.62 4.00 4.44 4.78 4.87 4.85
6.46 6.38 5.96 5.32 4.36 3.64 3.15 2.86 2.89 3.10 3.47 3.84 4.32 4.92 5.59 5.99 5.97 5.57 4.96 4.31 3.97 4.07 4.25 4.21 3.96 3.63 3.31 3.13 3.03 2.92 2.88 3.04 3.39 3.65 3.67 3.57 3.50 3.57 3.72 3.82 3.84 3.90 4.11 4.66 5.48 6.44 6.76 6.56 5.93 5.07 4.37 4.00 3.97 4.30 4.67 4.82 4.74 4.79 5.22 5.99 6.73 7.32 7.67 7.84 7.98 8.18 8.27 8.23 8.17 8.08 7.88 7.30 6.10 4.89 4.31 4.27 4.41 4.41 4.50 4.85 5.35 5.68 5.75 5.94
6.05 5.60 5.01 4.50 3.56 2.82 2.47 2.45 2.63 2.98 3.31 3.52 3.79 4.29 4.86 5.30 5.53 5.46 5.09 4.69 4.50 4.45 4.36 4.17 3.94 3.72 3.63 3.71 3.82 3.83 3.74 3.73 3.96 4.38 4.66 4.80 4.82 4.78 4.77 4.88 5.11 5.42 5.78 6.36 6.97 7.23 6.97 6.51 5.92 5.31 4.87 4.76 4.93 5.26 5.55 5.65 5.53 5.69 6.29 7.13 7.93 8.49 8.78 8.87 8.85 8.86 8.92 8.99 9.04 8.81 8.27 7.34 5.99 5.40 5.52 5.78 5.79 5.58 5.51 5.78 6.17 6.47 6.75 7.13
5.88 5.41 4.66 4.00 3.48 3.22 3.35 3.70 4.15 4.64 4.99 5.15 5.29 5.34 5.28 5.10 5.11 5.27 5.28 5.18 5.02 4.76 4.47 4.28 4.22 4.25 4.35 4.48 4.63 4.75 4.73 4.55 4.56 4.91 5.37 5.75 5.93 5.93 5.85 6.00 6.47 6.93 7.36 7.67 7.69 7.22 6.53 6.07 5.84 5.65 5.42 5.36 5.60 5.99 6.26 6.31 6.41 6.73 7.49 8.32 8.89 9.09 9.06 8.99 8.88 8.75 8.69 8.72 8.89 8.85 8.56 8.21 7.55 7.38 7.71 7.94 7.86 7.54 7.39 7.37 7.41 7.52 7.78 7.97
5.98 5.66 4.91 4.23 4.08 4.53 5.25 5.92 6.51 6.96 7.22 7.32 7.19 6.73 6.04 5.41 5.14 5.22 5.34 5.35 5.21 4.96 4.70 4.59 4.65 4.77 4.88 5.00 5.20 5.47 5.69 5.77 5.79 5.89 6.16 6.58 6.98 7.14 7.22 7.41 7.72 7.98 8.01 7.71 6.98 5.95 5.12 5.00 5.38 5.66 5.89 6.06 6.38 6.71 6.82 6.74 6.94 7.54 8.32 8.80 8.84 8.55 8.18 7.99 7.99 8.05 8.11 8.05 8.02 8.18 8.63 9.08 9.53 9.76 9.96 10.25 10.39 10.30 10.10 9.71 9.27 8.84 8.55 8.20
5.73 5.24 4.56 4.31 4.86 5.90 6.97 7.80 8.33 8.51 8.47 8.27 7.93 7.31 6.65 6.05 5.62 5.44 5.44 5.42 5.34 5.26 5.18 5.18 5.20 5.24 5.35 5.53 5.74 6.05 6.51 7.00 7.40 7.64 7.79 7.97 8.10 8.14 8.29 8.45 8.42 8.10 7.51 6.62 5.52 4.48 3.99 4.18 5.03 5.78 6.39 6.85 7.17 7.23 7.11 6.99 7.36 8.04 8.39 8.34 7.84 7.21 6.72 6.50 6.63 6.96 7.23 7.30 7.16 7.27 7.98 8.90 9.72 10.21 10.54 11.00 11.32 11.37 11.16 10.84 10.33 9.72 8.93 8.05
5.03 4.58 4.24 4.70 5.93 7.28 8.18 8.65 8.79 8.59 8.25 7.91 7.59 7.23 6.92 6.55 6.12 5.75 5.61 5.60 5.63 5.73 5.92 6.06 6.10 6.06 6.18 6.37 6.56 6.87 7.44 8.15 8.73 9.09 9.21 9.02 8.71 8.51 8.47 8.34 7.87 7.05 6.02 4.97 4.20 3.86 3.92 4.50 5.49 6.39 7.21 7.79 7.97 7.78 7.50 7.49 7.85 8.02 7.88 7.26 6.45 5.71 5.14 4.82 4.94 5.14 5.40 5.63 5.79 6.05 6.52 7.26 8.10 8.68 9.11 9.54 9.85 9.95 9.99 9.95 9.84 9.47 8.93 8.05
5.44 5.23 5.40 6.37 7.59 8.40 8.61 8.46 8.12 7.59 7.20 6.94 6.73 6.66 6.63 6.49 6.21 5.91 5.82 5.94 6.22 6.62 7.01 7.26 7.37 7.40 7.49 7.63 7.85 8.18 8.70 9.13 9.31 9.25 8.97 8.53 8.17 7.86 7.54 6.96 6.16 5.26 4.37 3.75 3.68 4.05 4.71 5.64 6.44 7.26 7.90 8.19 8.24 8.23 8.03 7.95 7.90 7.57 6.92 5.92 4.99 4.23 3.51 3.19 3.20 3.16 3.11 3.37 3.91 4.36 5.01 5.47 5.82 6.04 6.25 6.57 6.61 6.79 7.10 7.38 8.01 8.56 8.72 8.51
6.39 6.81 7.67 8.32 8.69 8.71 8.22 7.58 6.95 6.53 6.32 6.14 5.98 5.94 5.97 6.01 5.98 5.94 6.06 6.36 6.87 7.41 7.83 8.14 8.30 8.44 8.61 8.81 9.05 9.33 9.47 9.27 8.74 8.04 7.29 6.80 6.76 6.50 5.86 5.01 4.20 3.71 3.47 3.62 4.12 4.77 5.61 6.46 7.21 7.79 7.96 7.95 7.91 8.01 8.08 7.93 7.51 6.80 5.80 4.78 3.86 2.99 2.42 2.31 2.37 2.34 2.36 2.60 3.06 3.60 4.11 4.48 4.55 4.41 4.23 4.29 4.52 4.98 5.41 5.80 6.41 7.28 8.06 8.36
6.94 7.61 8.50 8.73 8.59 8.14 7.37 6.72 6.12 5.90 5.82 5.66 5.51 5.42 5.42 5.57 5.76 5.97 6.19 6.39 6.66 6.95 7.32 7.79 8.15 8.49 8.84 9.13 9.30 9.26 8.89 8.07 6.96 6.05 5.49 5.32 5.22 4.73 3.98 3.46 3.19 3.19 3.53 4.24 4.91 5.57 6.33 7.01 7.55 7.68 7.40 7.09 7.02 7.18 7.37 7.32 6.92 6.21 5.25 4.35 3.52 2.77 2.42 2.43 2.53 2.61 2.85 3.28 3.65 3.79 3.91 4.03 3.97 3.68 3.39 3.40 3.88 4.50 4.82 5.03 5.48 6.05 6.82 7.40
7.24 7.58 8.01 8.04 7.72 7.10 6.49 6.04 5.72 5.55 5.43 5.24 5.13 5.08 5.14 5.35 5.67 5.94 6.05 5.97 5.85 5.81 6.04 6.55 7.28 7.89 8.35 8.55 8.41 7.92 7.07 5.96 4.87 4.24 4.01 3.94 3.57 3.09 2.85 2.95 3.26 3.76 4.44 5.09 5.77 6.49 7.04 7.46 7.54 7.22 6.77 6.50 6.43 6.46 6.55 6.61 6.50 6.13 5.40 4.57 3.91 3.54 3.52 3.69 3.81 3.90 4.20 4.41 4.26 4.01 3.85 3.83 3.69 3.39 3.14 3.28 3.75 4.04 4.05 4.22 4.58 4.91 5.51 6.35
7.51 7.21 7.01 7.06 6.86 6.43 5.98 5.55 5.34 5.21 5.04 4.90 4.79 4.81 5.04 5.35 5.69 5.90 5.94 5.84 5.76 5.82 6.12 6.65 7.29 7.69 7.72 7.43 6.86 6.06 5.09 4.24 3.51 3.11 2.95 2.87 2.73 2.71 2.92 3.34 3.99 4.74 5.36 6.00 6.72 7.34 7.69 7.70 7.32 6.75 6.28 6.03 5.92 5.96 6.13 6.27 6.39 6.32 5.94 5.33 4.89 4.82 4.99 5.17 5.27 5.40 5.46 5.10 4.50 4.22 4.17 3.90 3.56 3.35 3.29 3.44 3.67 3.62 3.50 3.71 3.98 4.19 4.64 5.56
7.64 7.11 6.48 6.41 6.41 6.36 6.20 5.80 5.49 5.33 5.15 5.03 4.97 5.03 5.25 5.61 5.87 6.11 6.28 6.41 6.65 7.05 7.52 7.85 7.87 7.52 6.86 6.07 5.25 4.50 3.78 3.30 3.09 3.06 3.04 3.03 3.19 3.51 3.83 4.17 4.71 5.32 6.01 6.80 7.50 7.97 8.00 7.65 7.03 6.35 5.75 5.40 5.39 5.62 5.95 6.23 6.37 6.50 6.55 6.47 6.41 6.54 6.76 6.88 6.88 6.73 6.35 5.84 5.41 5.25 4.91 4.32 3.75 3.63 3.67 3.64 3.63 3.61 3.65 3.79 3.91 4.01 4.29 4.88
7.68 7.12 6.36 6.17 6.20 6.38 6.58 6.51 6.26 6.12 6.01 5.84 5.83 5.90 5.97 6.01 6.14 6.40 6.76 7.14 7.56 7.94 8.08 7.88 7.32 6.49 5.56 4.67 3.90 3.40 3.20 3.20 3.40 3.74 3.96 4.07 4.19 4.45 4.78 5.01 5.28 5.74 6.52 7.35 7.97 8.20 7.95 7.38 6.75 6.08 5.43 5.11 5.23 5.56 5.87 6.03 6.14 6.53 6.95 7.35 7.84 8.35 8.79 9.01 8.79 8.33 7.68 7.16 6.97 6.61 5.74 4.79 4.36 4.43 4.36 4.01 3.89 4.04 4.17 4.18 4.13 4.08 4.19 4.42
7.48 6.87 6.12 5.91 5.91 6.21 6.56 6.78 6.74 6.65 6.58 6.43 6.43 6.51 6.55 6.43 6.30 6.41 6.80 7.25 7.54 7.50 7.07 6.32 5.52 4.79 4.11 3.49 3.09 3.04 3.28 3.82 4.31 4.60 4.85 5.06 5.19 5.32 5.58 5.71 5.87 6.28 7.07 7.71 8.08 7.98 7.48 6.93 6.53 6.19 5.78 5.47 5.48 5.66 5.65 5.67 5.99 6.61 7.18 7.85 8.59 9.20 9.62 9.82 9.93 9.72 9.27 8.84 8.30 7.55 6.64 5.83 5.60 5.52 5.20 4.84 4.86 5.07 5.04 4.76 4.43 4.22 4.14 4.11
7.23 6.83 6.23 5.92 5.84 5.94 6.26 6.62 6.76 6.63 6.36 6.10 6.06 6.15 6.26 6.29 6.13 6.19 6.46 6.66 6.50 5.95 5.15 4.34 3.69 3.18 2.81 2.68 2.83 3.25 4.02 4.79 5.23 5.46 5.62 5.81 6.02 6.16 6.20 6.30 6.54 6.98 7.46 7.79 7.70 7.22 6.63 6.35 6.43 6.54 6.50 6.34 6.07 5.97 5.84 5.88 6.28 6.89 7.36 7.99 8.50 8.95 9.17 9.26 9.55 9.76 9.78 9.79 9.44 8.88 8.43 8.05 7.63 6.95 6.26 6.07 6.27 6.40 6.02 5.37 4.69 4.23 3.93 3.89
7.39 7.20 6.69 6.28 6.13 6.02 6.10 6.41 6.68 6.68 6.35 5.98 5.78 5.68 5.69 5.90 5.81 5.97 6.06 5.73 4.97 4.05 3.25 2.66 2.19 1.87 1.79 2.03 2.68 3.71 4.72 5.33 5.72 5.99 6.18 6.36 6.48 6.50 6.49 6.60 6.96 7.33 7.62 7.55 7.06 6.27 5.90 5.91 6.19 6.67 6.87 6.86 6.76 6.56 6.41 6.40 6.52 6.87 7.27 7.74 7.87 7.72 7.37 7.35 7.81 8.50 9.11 9.66 10.06 10.16 10.22 10.04 9.50 8.75 7.99 7.72 7.60 7.20 6.42 5.36 4.54 4.08 3.83 3.71
7.57 7.17 6.62 6.35 6.29 6.23 6.12 6.23 6.57 6.87 6.90 6.60 6.28 5.95 5.71 5.60 5.66 5.74 5.44 4.62 3.57 2.75 2.21 1.85 1.61 1.52 1.64 1.98 2.63 3.53 4.35 4.83 5.21 5.58 5.92 6.18 6.21 6.24 6.31 6.55 6.95 7.35 7.54 7.28 6.78 6.14 5.79 5.77 5.94 6.27 6.69 6.88 7.03 6.93 6.73 6.46 6.33 6.38 6.74 6.98 6.90 6.47 6.04 5.96 6.25 6.88 7.75 8.59 9.35 9.89 10.27 10.42 10.17 9.83 9.51 9.05 8.23 7.12 5.95 4.98 4.45 4.16 3.87 3.57
7.17 6.46 5.70 5.72 5.92 6.01 5.90 5.85 6.17 6.64 6.96 6.89 6.59 6.23 5.96 5.71 5.59 5.33 4.68 3.81 3.15 2.75 2.31 2.27 2.17 2.27 2.52 2.76 3.00 3.26 3.47 3.72 4.01 4.36 4.73 5.06 5.32 5.58 5.92 6.38 6.74 7.05 7.05 6.70 6.31 5.91 5.55 5.50 5.61 5.78 6.10 6.55 6.76 6.77 6.55 6.11 5.87 5.78 6.06 6.19 5.95 5.43 5.16 5.34 5.75 6.12 6.52 6.99 7.54 8.06 8.51 8.90 9.24 9.45 9.50 9.27 8.26 6.79 5.75 5.24 4.89 4.37 3.82 3.61
6.23 5.69 5.16 5.20 5.30 5.25 5.08 5.09 5.32 5.82 6.31 6.54 6.43 6.16 5.95 5.70 5.40 4.94 4.37 4.25 3.66 3.66 3.59 3.52 3.50 3.64 3.79 3.90 3.87 3.75 3.68 3.62 3.60 3.64 3.81 4.18 4.72 5.15 5.64 6.14 6.41 6.45 6.07 5.34 4.64 4.37 4.45 4.67 4.92 5.32 5.65 5.97 6.22 6.22 5.99 5.65 5.44 5.48 5.63 5.66 5.35 4.86 4.85 5.12 5.54 5.75 5.73 5.73 5.87 6.16 6.26 6.63 7.27 7.93 8.40 8.66 8.36 7.46 6.53 5.96 5.23 4.45 4.02 4.08
5.82 5.76 5.72 5.63 5.25 4.85 4.65 4.58 4.61 4.93 5.49 6.00 6.22 6.12 5.90 5.59 5.24 4.88 4.94 4.54 4.78 4.90 5.00 5.02 5.01 5.04 5.08 5.01 4.91 4.79 4.66 4.43 4.15 3.92 3.91 4.20 4.66 5.05 5.51 5.93 6.06 5.80 5.02 3.89 3.31 3.35 3.75 4.24 4.75 5.15 5.43 5.57 5.62 5.66 5.54 5.45 5.42 5.53 5.55 5.53 5.34 5.12 5.16 5.21 5.27 5.07 4.81 4.80 4.96 5.15 5.28 5.48 5.87 6.43 6.87 7.59 8.23 8.26 7.65 6.63 5.49 4.94 4.98 5.27
6.36 6.62 6.89 6.67 6.17 5.45 4.96 4.66 4.41 4.33 4.62 5.23 5.77 6.00 5.85 5.47 5.19 5.08 5.17 5.43 5.80 6.11 6.38 6.53 6.57 6.44 6.21 5.95 5.66 5.38 5.17 4.98 4.81 4.66 4.53 4.59 4.92 5.28 5.71 6.02 5.95 5.42 4.55 3.76 3.65 4.06 4.64 5.21 5.53 5.60 5.51 5.39 5.30 5.41 5.48 5.52 5.52 5.62 5.62 5.72 5.73 5.64 5.43 5.04 4.69 4.35 4.10 4.18 4.51 4.77 4.97 5.23 5.36 5.58 5.94 6.63 7.59 8.29 8.40 7.91 7.02 6.71 6.86 6.99
6.88 7.20 7.43 7.15 6.69 6.07 5.47 4.94 4.46 4.05 3.92 4.23 4.90 5.46 5.64 5.38 5.17 5.27 5.58 6.18 6.64 7.10 7.47 7.74 7.75 7.58 7.30 6.91 6.41 5.86 5.38 5.12 5.12 5.31 5.51 5.57 5.68 5.97 6.36 6.57 6.43 5.93 5.25 4.97 5.30 5.87 6.42 6.66 6.57 6.06 5.66 5.37 5.26 5.35 5.50 5.56 5.54 5.67 5.78 6.05 6.11 5.92 5.49 4.84 4.26 3.90 3.83 3.98 4.26 4.45 4.67 4.96 5.11 5.15 5.49 6.01 6.72 7.67 8.52 9.15 9.33 9.12 8.76 8.44
7.08 7.20 7.08 6.70 6.25 5.77 5.39 4.95 4.40 3.86 3.58 3.62 4.00 4.68 5.15 5.20 5.10 5.26 5.74 6.32 6.81 7.20 7.52 7.76 7.83 7.80 7.70 7.51 7.13 6.59 5.95 5.45 5.36 5.63 5.96 6.23 6.49 6.79 7.05 7.32 7.46 7.30 7.16 6.98 7.12 7.44 7.55 7.21 6.68 6.11 5.66 5.44 5.24 5.30 5.47 5.54 5.56 5.79 6.00 6.26 6.25 6.03 5.66 5.09 4.49 4.10 3.97 4.03 4.13 4.21 4.33 4.52 4.76 4.93 5.22 5.60 6.11 6.84 7.97 9.10 9.90 9.94 9.46 8.80
