project/data/elevation/US_DEM2016/US_DEM2016_point_10-29-2019_1111_30m_ang.asc
ncols	125
nrows	167
xllcorner	-2042055.000000
yllcorner	1465035.000000
cellsize	30.000000
NODATA_value	-9999.000000
[rows 110 to 164 of 167, columns 0 to 95 of 125]
35 33 29 29 30 32 34 36 36 34 32 32 33 35 36 34 33 37 40 43 45 46 45 45 45 50 52 49 45 46 47 47 46 44 39 31 25 21 21 28 38 46 52 57 60 58 49 43 43 45 48 48 45 40 36 31 26 18 13 14 21 31 40 47 50 51 54 57 53 48 43 37 32 31 35 43 50 54 55 53 51 48 46 44 41 38 33 32 33 33 34 36 39 41 43 46
34 32 29 28 29 30 33 35 34 32 31 31 33 36 38 37 38 42 45 49 51 51 49 46 46 51 53 49 46 45 44 42 40 39 35 29 24 21 23 30 39 46 51 57 59 54 45 39 42 46 49 48 44 39 36 32 28 22 17 16 20 29 38 45 50 53 57 58 54 48 44 38 34 32 36 42 48 53 55 54 52 48 45 43 41 38 34 33 33 34 35 38 40 42 44 47
33 32 30 28 28 29 32 34 32 31 31 33 36 39 40 41 43 47 49 53 56 56 51 46 47 52 53 50 47 46 44 41 40 39 35 29 23 20 23 30 38 44 51 56 56 50 42 37 40 47 51 50 47 42 38 35 31 27 22 20 21 27 37 45 50 55 58 57 53 48 44 39 35 33 36 42 47 51 55 56 53 48 44 41 40 38 36 34 34 35 36 39 41 43 46 48
34 33 31 29 28 29 33 34 32 32 35 38 41 43 45 47 49 52 54 58 60 57 49 43 47 51 51 48 45 46 47 47 47 44 38 32 25 21 22 30 37 43 51 56 54 47 41 37 39 47 53 54 52 48 44 41 38 32 27 25 24 27 35 45 51 55 58 56 52 48 44 40 37 34 36 42 47 51 56 58 55 49 46 43 42 41 39 36 35 35 36 38 40 43 46 49
37 35 32 30 28 29 34 36 37 40 44 48 50 52 53 54 55 55 56 58 59 55 46 41 46 49 49 47 45 45 46 48 49 47 42 35 28 23 23 30 37 43 52 55 52 45 41 39 40 47 54 56 54 51 50 49 45 39 33 28 26 27 34 43 50 55 57 55 51 47 44 41 37 35 37 42 46 51 57 60 57 51 49 48 48 45 41 38 36 36 36 38 39 41 44 48
39 36 33 31 29 30 35 39 42 46 52 55 57 57 58 58 57 54 52 52 53 51 47 43 46 49 49 49 46 44 43 44 44 43 40 35 28 22 22 30 37 43 51 54 51 47 44 42 42 48 54 55 52 50 50 50 48 43 37 31 28 28 32 40 47 53 55 55 51 47 43 40 37 35 37 42 46 50 57 60 58 54 52 52 51 47 41 37 36 35 35 36 37 39 42 47
39 37 33 31 30 31 36 40 42 45 49 51 53 54 55 55 51 46 44 44 48 50 51 50 50 50 51 52 50 46 43 43 42 40 36 30 23 18 20 29 36 43 51 53 51 48 46 43 43 48 52 52 50 48 47 45 44 41 37 30 27 28 31 38 46 50 53 53 51 47 44 41 37 35 37 41 45 50 56 60 59 55 52 50 48 42 36 35 35 35 35 36 36 38 41 47
38 36 34 32 32 32 36 39 41 42 44 46 47 47 47 46 42 39 40 41 47 51 52 51 49 48 50 54 55 51 48 46 44 41 36 29 21 17 20 29 38 45 51 52 50 48 47 44 44 49 52 52 49 48 45 42 40 37 33 27 25 28 31 37 44 49 52 53 52 49 45 42 38 35 37 40 44 49 55 59 58 52 47 44 41 36 32 32 33 34 35 36 36 37 40 46
38 37 35 34 33 33 35 38 40 41 42 44 44 43 42 40 37 38 41 42 47 52 52 50 45 41 45 54 56 54 53 52 49 44 40 33 25 21 22 31 40 46 51 50 48 48 49 46 45 49 52 52 52 50 47 43 40 36 33 28 25 27 32 37 44 50 53 55 55 50 44 41 37 35 36 39 43 47 53 57 55 49 43 41 39 35 31 32 33 35 36 36 36 36 40 46
39 38 37 36 34 34 35 37 39 40 43 44 43 42 41 40 39 40 42 43 49 54 55 52 46 39 39 50 55 54 54 53 51 48 43 37 30 25 25 32 41 47 50 48 46 49 51 49 45 48 52 53 53 52 50 46 41 38 35 31 27 28 33 38 45 52 56 59 56 49 42 39 35 33 35 38 42 46 53 57 55 49 45 43 41 38 34 33 34 35 36 36 36 36 39 45
41 41 39 36 35 34 35 36 39 42 44 43 42 42 42 41 41 42 43 46 52 58 59 56 49 41 37 45 52 53 52 50 49 48 45 41 34 28 26 32 42 47 48 45 44 49 53 51 47 48 51 52 52 52 50 47 43 41 37 34 31 31 34 39 45 51 56 58 55 47 41 38 35 33 35 39 42 47 54 58 57 52 48 47 45 42 37 35 35 35 36 37 37 37 39 44
44 42 39 37 35 35 34 35 39 43 43 41 40 42 41 40 42 43 46 49 53 57 60 58 52 44 38 42 50 52 51 48 46 45 45 43 38 31 28 33 42 46 46 42 43 51 55 54 51 49 50 51 51 51 50 48 45 42 39 36 34 33 35 39 43 48 53 55 52 47 42 38 36 34 35 39 43 47 54 58 57 53 50 48 46 43 39 36 36 36 37 37 37 37 39 43
46 43 39 37 36 35 32 32 38 41 40 38 39 40 40 41 44 45 46 46 49 53 57 57 53 46 40 40 48 52 51 49 45 42 42 41 38 32 29 35 42 45 44 42 44 52 57 57 54 50 50 53 53 52 51 50 48 44 40 36 34 34 35 38 43 47 52 53 50 46 41 38 36 34 35 39 43 47 53 57 58 55 52 49 46 43 40 37 37 37 37 37 37 37 39 43
47 45 41 38 37 35 32 31 37 40 40 40 41 41 41 44 46 45 43 43 46 51 56 57 53 46 41 39 45 51 53 51 48 43 40 39 36 32 30 35 42 44 45 46 49 54 58 59 57 53 54 57 59 57 55 53 51 46 41 37 34 34 36 40 45 49 52 53 49 44 40 38 36 35 36 39 43 47 53 59 60 58 55 51 48 45 42 39 38 38 37 37 37 38 40 42
49 47 43 39 37 35 33 32 37 42 43 44 44 43 44 47 47 45 43 43 47 53 58 58 52 45 42 40 42 49 53 53 50 45 40 38 36 32 31 35 42 45 47 50 53 56 60 61 59 56 55 57 58 58 57 56 53 49 43 38 35 35 36 41 45 48 51 52 49 44 41 38 36 36 38 41 45 48 53 59 61 60 57 54 51 49 45 42 40 39 38 37 37 38 40 42
49 47 42 38 36 36 35 35 38 43 46 47 46 44 45 48 48 47 47 48 51 57 60 58 50 43 42 40 40 46 53 54 51 46 42 40 38 34 33 37 42 44 46 48 51 55 60 62 60 57 54 53 52 53 54 54 53 50 44 39 35 35 36 40 43 44 48 51 49 44 41 40 37 38 40 43 46 48 52 57 60 60 59 57 52 49 46 44 42 39 37 36 36 38 39 41
47 45 41 38 37 37 38 37 39 43 46 46 45 44 46 49 50 51 51 52 55 59 61 57 48 43 42 41 39 43 51 54 52 49 45 43 40 37 36 38 41 42 42 44 47 51 56 60 60 57 54 52 50 49 49 50 50 48 44 38 35 35 37 40 43 45 49 51 49 44 41 40 39 39 42 45 48 50 53 56 60 61 60 55 49 46 47 46 41 38 36 35 35 36 38 40
48 47 44 42 40 40 40 39 40 42 45 46 45 46 49 51 52 53 53 52 54 58 59 55 47 44 44 42 41 42 48 52 53 50 47 44 40 37 35 36 37 38 39 42 45 48 53 57 58 55 53 51 49 47 46 46 47 47 44 38 35 36 38 42 44 48 51 52 47 42 40 40 40 41 43 45 49 52 55 58 61 62 59 52 46 46 49 47 40 35 34 34 35 36 37 39
51 51 49 47 46 44 42 40 40 42 45 46 46 47 50 50 51 50 49 48 49 53 55 52 48 47 47 45 43 43 46 51 53 51 46 42 38 34 33 33 35 37 39 41 44 47 50 53 53 50 48 47 46 45 44 45 45 45 43 40 37 38 40 43 46 50 52 49 45 42 41 41 41 43 44 45 47 51 54 58 62 62 57 51 48 48 50 46 37 33 33 34 35 36 37 38
54 53 52 50 48 45 41 40 40 42 43 44 45 47 47 46 45 45 43 42 43 48 52 51 50 50 49 47 45 45 47 51 53 52 47 42 38 34 32 32 34 37 39 42 44 46 48 49 49 47 46 46 46 44 42 43 44 44 43 41 38 39 41 44 47 50 49 47 45 43 43 43 42 43 45 46 47 49 52 56 61 63 58 52 50 50 47 41 34 31 32 34 36 36 36 37
54 53 50 48 46 42 40 39 40 41 42 42 43 44 44 42 41 41 41 40 42 48 53 54 52 50 49 48 45 44 46 51 54 54 50 44 41 37 32 32 34 38 40 42 44 45 46 47 48 49 49 49 48 44 42 42 43 42 42 41 39 39 41 44 47 48 47 45 44 44 44 44 44 44 45 47 48 50 52 56 60 62 59 52 48 45 42 37 33 32 32 34 35 36 35 36
55 53 49 46 43 41 40 40 40 41 41 40 40 41 42 41 41 41 42 43 46 51 57 58 55 51 48 45 43 42 44 48 53 54 50 45 43 39 33 30 32 36 40 42 44 44 44 47 50 53 54 52 48 44 41 42 42 41 40 40 39 39 41 44 46 46 45 44 44 44 44 44 45 45 45 46 48 51 54 57 60 60 54 46 43 41 39 37 36 35 34 34 35 35 35 35
55 53 49 45 42 40 40 41 41 40 40 39 39 40 42 43 43 43 44 47 50 54 59 61 57 51 46 42 40 40 42 46 49 50 48 46 44 40 32 28 29 35 39 42 43 42 44 47 52 57 58 54 47 44 42 42 42 40 38 38 38 38 40 43 46 45 43 43 43 44 44 45 45 46 46 47 48 51 54 58 60 56 47 42 42 42 41 40 40 39 37 35 34 34 34 35
54 52 48 45 41 39 39 41 41 38 38 39 40 41 42 43 43 42 44 47 50 53 59 61 57 51 44 40 39 40 42 44 46 46 46 46 44 39 32 26 27 33 39 42 42 41 44 48 53 59 59 53 47 44 42 42 42 40 38 37 37 38 40 43 45 44 42 42 43 44 44 45 46 46 46 48 49 51 55 60 60 53 46 44 45 45 44 44 45 44 40 35 33 33 33 34
52 49 45 42 40 37 38 40 40 37 37 40 42 42 42 43 42 41 43 46 47 51 57 60 56 49 43 39 39 41 42 44 45 46 46 45 41 37 33 27 26 31 38 42 41 42 45 49 54 59 58 51 46 44 42 42 42 40 38 37 38 39 41 43 45 44 40 40 42 43 44 45 47 47 47 48 49 51 56 59 56 50 48 49 50 48 47 48 48 46 42 36 33 33 33 35
49 47 43 41 39 37 37 40 41 38 39 43 45 44 41 41 40 40 42 44 45 50 57 58 54 48 44 40 40 41 43 43 44 45 46 43 40 37 34 29 26 30 38 42 42 43 46 49 54 58 56 49 45 44 43 42 42 40 38 38 39 39 40 42 44 42 39 39 40 41 43 45 47 49 49 49 49 51 54 53 49 47 49 52 53 53 51 50 50 47 43 38 34 33 33 35
49 48 46 44 42 39 38 40 42 41 42 45 46 42 38 38 39 40 41 43 46 50 56 57 52 48 45 41 40 42 42 43 43 44 46 44 41 39 36 33 30 32 38 43 44 46 47 49 55 58 54 48 45 45 44 43 42 41 39 39 39 39 39 42 43 41 38 37 39 40 41 43 46 48 49 50 51 52 49 45 45 47 50 52 54 53 51 50 50 48 43 39 33 31 32 34
51 51 51 51 48 44 41 41 42 42 42 43 42 38 34 35 37 40 42 45 48 51 56 56 52 48 47 44 43 43 43 43 44 45 47 46 45 43 41 38 36 37 41 44 47 48 48 51 57 57 52 46 46 46 45 43 43 42 41 40 39 37 38 40 42 40 37 37 38 38 39 41 44 46 47 49 52 51 45 41 44 47 49 50 51 50 47 48 49 47 43 39 32 28 29 31
54 55 56 56 54 50 46 44 43 42 41 40 38 35 33 34 37 40 43 46 49 52 56 56 52 49 47 46 45 44 44 44 46 48 49 48 47 46 45 42 41 42 43 46 48 48 48 52 57 55 48 44 45 46 46 45 44 43 41 39 36 35 36 40 41 39 36 35 36 37 38 40 42 43 44 46 48 46 41 40 43 46 47 48 47 44 43 46 47 45 41 36 30 26 27 29
57 57 58 58 56 53 50 46 44 42 42 40 38 36 35 35 37 40 43 46 49 53 56 55 52 48 47 45 44 44 43 44 46 48 49 48 47 47 46 45 45 45 46 47 47 45 46 51 54 51 46 43 44 46 47 46 44 42 39 37 34 34 36 39 41 38 35 34 34 35 37 39 40 40 40 43 45 43 41 38 40 44 46 47 43 38 38 40 41 40 37 32 27 25 25 27
58 58 57 55 52 50 48 46 45 43 43 41 39 38 37 37 38 40 43 46 48 52 55 54 51 48 46 44 44 43 41 42 44 47 48 48 48 48 47 47 47 48 48 47 45 43 45 50 52 49 45 43 44 47 49 47 44 41 39 37 36 35 37 40 40 38 34 32 32 34 37 39 39 40 41 44 47 47 44 39 38 42 46 46 42 36 35 37 37 37 35 31 27 25 25 27
57 56 54 49 45 43 44 44 43 41 41 41 40 39 38 38 39 41 44 46 47 50 52 52 51 49 46 44 43 42 41 40 42 45 47 47 48 48 48 49 50 50 48 44 42 41 45 50 52 48 45 43 45 49 51 49 45 43 41 39 38 38 38 40 40 37 34 32 32 35 39 40 41 43 45 49 53 54 49 41 37 41 46 48 46 41 39 39 39 39 37 34 31 27 26 26
57 55 52 46 41 39 41 41 39 37 38 39 40 39 38 39 40 43 45 45 46 48 51 52 52 50 46 44 44 43 41 39 40 42 45 46 48 49 49 50 50 48 43 40 39 41 45 51 52 48 45 44 45 50 53 51 48 45 44 42 40 40 39 40 39 37 34 33 33 37 41 43 44 47 49 52 57 58 52 42 37 40 45 50 51 49 45 44 44 43 42 39 35 31 28 27
57 55 51 46 41 39 40 40 38 36 36 38 39 39 38 39 41 43 44 44 44 47 50 53 54 51 47 46 46 45 43 40 39 40 42 45 47 49 50 50 47 43 39 38 39 42 47 51 51 47 44 43 45 50 53 52 50 48 47 46 44 42 41 40 39 37 35 34 35 38 42 44 46 48 50 54 58 57 51 41 35 36 42 50 52 50 46 45 46 47 46 43 39 34 30 29
57 55 50 46 42 40 42 42 39 37 35 37 38 38 37 38 41 42 42 42 43 47 51 55 56 52 48 47 47 46 44 40 38 39 40 43 45 48 50 48 44 40 39 40 42 44 48 51 49 46 43 42 45 50 53 53 50 48 48 48 48 44 41 41 39 37 35 35 36 39 42 45 46 48 52 56 57 54 47 39 34 32 39 49 51 48 44 43 45 48 48 45 41 36 32 31
55 53 49 46 43 42 44 44 43 40 37 37 37 37 37 38 40 42 43 44 46 49 54 57 56 51 47 46 45 44 43 41 38 38 40 41 44 48 49 48 44 41 41 43 44 45 48 50 48 45 42 43 46 50 53 52 49 47 47 48 48 44 41 40 39 37 36 36 38 40 43 45 46 48 54 57 54 49 44 40 36 32 38 48 50 47 45 44 44 47 48 46 43 38 34 33
53 52 50 50 48 47 47 47 46 43 40 37 37 36 36 38 41 43 46 49 50 52 57 58 55 49 45 44 42 41 42 41 38 38 39 41 44 49 51 50 46 43 42 44 44 45 48 49 47 43 42 44 48 51 53 50 47 45 45 46 46 43 41 40 39 37 37 37 38 40 42 44 45 49 55 54 49 44 44 42 38 34 37 47 49 48 48 47 45 45 46 47 45 40 35 34
50 51 53 55 55 54 52 49 46 44 41 38 36 36 37 39 42 45 48 49 49 51 56 57 53 48 45 44 41 41 43 42 39 38 39 41 45 51 53 51 47 43 42 43 43 45 48 49 46 43 43 46 50 52 52 49 45 43 43 44 45 44 41 39 37 36 36 36 36 38 40 43 45 50 53 50 44 42 45 44 41 34 34 44 48 48 50 49 46 43 43 46 46 42 36 33
46 50 54 55 55 54 52 49 46 43 40 37 36 36 37 39 42 44 45 45 47 50 55 56 52 48 47 45 43 44 45 43 40 39 39 41 46 51 52 50 45 42 40 41 42 45 48 48 46 43 44 48 51 52 50 46 43 42 43 44 45 44 42 37 35 35 36 36 36 38 40 43 47 51 52 48 44 43 46 46 43 37 34 42 48 50 52 50 46 42 41 44 47 44 37 33
42 49 54 55 53 51 50 48 46 43 40 37 36 36 37 38 40 41 42 45 48 53 58 58 52 48 48 48 47 47 46 43 40 39 39 41 45 49 50 47 44 42 41 41 43 46 49 48 45 43 45 50 53 51 48 44 43 42 44 46 46 45 42 38 35 35 36 36 37 38 40 44 47 50 50 49 46 45 47 48 46 42 37 41 48 52 53 50 46 43 41 43 47 46 39 34
39 46 53 55 54 51 48 44 42 39 37 37 36 35 36 37 38 40 41 45 49 55 59 57 51 47 48 50 50 48 45 42 40 39 40 41 44 48 48 46 45 43 42 42 43 46 48 47 44 43 46 52 53 50 46 44 43 43 45 47 48 46 44 40 37 36 37 38 38 38 40 44 47 50 52 50 48 46 46 48 48 45 41 42 48 53 53 50 47 44 42 44 48 47 41 35
39 45 52 56 55 50 44 41 39 39 38 37 36 34 34 36 37 38 40 42 46 52 54 52 47 45 47 49 49 47 43 40 40 40 40 41 45 48 49 47 46 45 44 43 42 44 47 46 43 42 47 53 53 50 46 44 43 44 46 48 49 47 45 43 41 40 40 39 39 38 40 44 48 53 55 53 49 46 46 47 49 47 43 42 49 54 53 50 48 45 43 44 48 48 43 37
41 45 53 56 52 46 42 41 42 43 43 39 35 33 34 35 36 37 37 39 43 48 50 46 43 43 45 46 46 44 40 38 39 40 41 43 46 49 48 47 46 45 45 43 40 40 45 45 42 43 49 53 52 48 46 44 43 44 47 49 49 47 46 46 46 45 42 39 38 39 41 44 49 55 58 54 48 47 46 47 49 48 44 43 49 54 53 51 48 45 44 45 49 49 45 39
43 46 52 52 47 42 41 42 43 45 45 39 32 31 32 34 35 36 37 38 43 49 50 46 43 42 43 44 43 42 39 38 39 41 41 43 47 49 47 45 45 46 45 43 39 38 42 45 44 45 51 53 51 48 45 44 43 44 47 49 48 46 46 47 48 47 42 37 37 38 42 45 49 55 56 51 47 47 47 48 49 49 45 43 49 53 52 50 48 46 45 47 50 50 46 40
43 45 48 48 43 41 40 39 40 41 41 36 30 29 31 33 34 36 38 40 45 52 52 49 45 43 43 43 43 42 40 39 39 41 41 43 47 48 46 44 46 47 46 43 39 38 42 45 46 49 52 52 49 47 46 44 43 43 46 48 47 46 46 48 49 48 41 35 35 38 42 45 50 55 54 49 46 47 47 48 50 50 46 44 49 52 51 49 48 46 46 49 51 50 46 41
39 42 45 44 41 40 39 38 38 39 39 36 31 29 30 32 34 36 38 40 45 52 53 50 47 44 44 44 45 44 42 40 39 40 41 42 46 47 45 44 47 49 48 45 40 39 42 46 49 51 52 50 48 47 46 45 42 42 45 47 46 45 46 49 50 48 41 34 33 37 42 47 52 56 55 50 46 46 47 49 51 51 47 45 50 52 50 48 48 47 48 50 51 49 45 40
37 41 44 43 42 41 40 39 39 40 39 38 35 31 30 31 33 36 38 40 45 51 52 51 48 46 45 46 46 45 43 40 40 40 41 43 46 47 45 44 48 51 50 46 42 39 41 46 50 51 50 48 47 47 47 45 42 41 45 47 46 45 46 49 50 47 41 33 32 36 42 47 53 56 55 51 48 47 47 49 51 50 47 46 50 52 50 48 47 47 49 50 49 46 44 40
37 41 44 45 45 44 42 42 42 42 41 40 38 33 29 29 32 35 38 40 45 50 53 52 49 46 46 46 46 45 43 41 40 41 42 44 46 47 45 44 48 51 51 48 42 39 40 46 50 50 47 46 48 48 47 46 43 41 44 47 46 46 47 49 49 46 41 35 33 36 41 47 52 55 54 52 50 49 48 49 51 50 48 46 49 51 49 47 46 47 49 50 48 46 45 43
38 40 43 46 48 47 45 44 44 44 43 42 40 37 30 27 30 34 37 40 45 50 54 54 50 46 46 47 46 45 44 42 40 41 43 45 46 46 45 45 49 52 52 48 42 39 41 47 50 48 45 46 49 50 49 47 44 42 44 46 46 47 50 51 50 47 43 38 36 38 41 47 52 55 54 52 50 50 50 50 50 49 47 45 48 50 49 47 46 47 50 51 50 49 47 45
39 39 41 46 49 49 46 46 45 45 45 44 42 39 32 27 28 33 37 40 44 50 55 54 50 47 46 47 46 45 44 43 41 42 43 45 46 45 45 46 49 52 52 48 41 38 41 47 49 47 45 48 52 53 52 50 48 44 44 45 46 49 52 52 52 49 45 40 38 39 42 47 52 54 53 51 51 51 51 50 49 48 47 46 48 50 50 48 47 48 50 51 50 48 46 45
37 38 40 45 49 48 46 45 45 45 46 46 44 40 35 30 28 32 37 39 42 49 53 53 50 48 47 47 46 46 45 44 43 42 44 45 46 45 45 47 49 52 52 48 41 38 41 47 48 47 47 51 55 55 53 52 50 46 44 45 48 51 53 53 53 50 46 42 40 41 44 48 53 54 52 51 50 50 50 48 47 48 48 47 48 51 51 49 48 48 50 50 49 46 45 45
34 36 40 45 49 48 45 44 43 44 46 47 47 43 39 34 31 33 37 39 42 47 52 52 50 49 49 49 49 47 46 45 44 43 44 46 46 46 46 47 49 51 52 48 42 39 42 47 49 49 50 54 55 53 51 49 48 45 43 45 49 52 54 54 53 51 47 44 43 44 46 49 53 54 52 50 49 49 48 47 46 47 48 48 50 51 51 49 48 48 49 49 47 46 45 45
31 35 41 47 49 48 45 44 43 44 47 49 49 46 41 37 35 36 39 41 42 47 52 52 51 49 49 50 50 48 47 46 45 45 45 46 46 46 47 48 49 51 51 49 44 41 44 48 51 51 53 55 54 51 48 47 46 45 42 43 48 52 53 53 53 51 48 45 45 46 48 51 53 53 51 49 49 48 48 47 47 47 47 49 51 51 50 48 47 47 48 48 48 47 46 47
31 36 43 48 49 48 45 44 43 43 46 50 50 46 41 38 38 39 41 43 45 48 53 54 51 49 48 48 48 48 47 46 46 46 47 47 47 47 48 49 49 51 52 49 45 43 45 49 51 53 54 54 52 48 46 45 45 45 42 42 47 52 53 53 52 50 47 45 45 47 48 50 52 51 50 49 48 48 47 47 46 45 46 49 51 50 49 48 47 47 48 48 48 48 48 48
30 36 45 49 50 48 47 46 44 43 46 50 49 45 40 39 40 42 44 46 47 50 55 55 51 48 47 47 46 46 46 46 47 47 48 48 48 49 49 50 51 52 52 51 47 45 47 50 52 53 53 51 49 47 46 45 45 45 44 43 48 53 54 52 50 48 46 44 45 47 49 50 50 50 49 49 48 47 47 45 44 44 46 49 51 50 49 48 48 48 49 49 49 49 48 48
