project/data/elevation/US_DEM2016/US_DEM2016_point_10-29-2019_2322_30m_ang.asc
ncols	125
nrows	167
xllcorner	-2042055.000000
yllcorner	1465035.000000
cellsize	30.000000
NODATA_value	-9999.000000
[rows 57 to 113 of 167, columns 0 to 95 of 125]
23 21 18 18 18 18 16 15 15 13 23 11 19 24 26 26 25 24 22 19 18 19 20 20 20 20 20 22 23 20 16 13 11 9 8 8 10 14 16 18 19 20 19 18 18 19 21 21 19 20 28 33 32 28 24 18 13 14 19 23 26 28 30 35 37 37 34 32 31 27 23 21 23 27 29 28 28 28 24 18 12 7 6 360 10 10 10 8 6 7 8 8 8 8 7 8
19 19 18 19 20 19 18 17 16 12 6 9 15 18 19 20 19 19 18 16 15 15 16 17 18 18 20 22 22 19 15 13 13 13 9 5 6 11 14 16 18 20 21 22 23 23 23 23 20 18 26 33 34 31 25 18 16 19 21 22 22 22 24 30 35 37 35 31 27 21 19 21 25 29 27 23 20 16 12 7 5 5 7 11 12 12 11 8 4 5 6 5 5 5 8 13
18 18 18 19 20 21 21 21 20 15 23 5 10 16 13 14 14 14 14 14 13 13 13 14 16 18 20 22 22 20 18 16 16 15 10 4 5 8 11 14 17 20 24 28 28 26 25 25 22 18 21 31 34 31 22 16 16 19 19 18 18 18 19 25 31 33 31 27 22 19 20 23 26 25 21 16 12 9 5 4 5 9 11 13 14 13 12 8 3 3 3 2 3 6 13 22
17 17 19 19 19 21 24 26 25 19 8 4 7 9 10 11 13 13 13 14 14 13 13 14 17 19 21 23 24 22 21 19 17 14 7 2 4 7 9 12 17 22 29 34 33 28 26 26 21 16 15 22 28 24 15 12 14 17 18 18 16 14 14 19 27 30 29 25 21 19 21 22 20 17 14 11 8 6 6 6 10 14 14 15 353 14 12 7 1 1 1 0 2 9 18 23
17 18 20 20 20 22 27 30 30 24 14 7 9 11 12 13 16 20 23 22 19 16 17 19 22 23 24 26 26 23 21 20 16 12 4 359 1 6 9 12 18 25 33 36 33 27 22 19 15 12 10 12 17 14 8 7 11 14 16 15 13 10 10 15 23 28 28 26 22 19 18 16 13 12 11 10 8 8 10 13 15 17 17 17 16 15 14 7 360 359 360 359 3 12 17 16
19 21 22 21 21 22 26 32 33 29 21 17 20 24 24 23 27 35 39 38 33 28 27 28 27 26 27 28 26 22 21 21 19 15 7 0 1 6 11 15 20 26 32 33 30 22 17 14 11 9 8 10 12 11 5 4 9 12 12 11 9 8 10 15 22 27 29 28 24 20 17 14 12 12 13 13 13 14 17 19 21 21 21 8 18 18 16 8 359 358 359 359 5 11 10 9
24 23 21 20 21 22 26 31 32 29 26 27 31 34 36 35 42 36 36 36 38 40 38 31 26 25 27 29 26 20 17 19 21 19 14 7 4 9 15 19 22 25 28 29 27 21 17 15 13 10 10 12 14 11 5 3 7 9 8 7 8 10 14 19 23 28 30 30 27 22 19 16 14 15 18 19 20 21 23 26 26 26 26 24 359 346 18 9 360 357 358 0 6 7 3 3
25 23 20 18 19 21 25 29 28 26 27 29 32 33 34 31 38 23 25 29 33 36 34 26 19 21 25 28 26 20 15 15 20 22 19 13 10 13 16 18 20 21 25 28 27 22 20 19 17 15 15 14 14 11 4 3 5 5 5 7 10 15 20 22 24 27 31 33 30 26 24 22 20 20 24 27 28 27 28 32 33 32 31 30 29 347 19 10 2 358 358 0 6 4 359 359
24 23 20 18 18 20 24 25 23 23 26 28 29 31 31 28 20 14 17 24 28 31 30 21 13 16 22 25 23 19 15 12 15 19 17 10 9 11 13 14 16 19 24 29 29 24 22 21 21 20 18 16 13 9 4 2 4 3 5 10 15 19 23 23 25 30 35 36 32 29 28 27 27 26 28 33 35 34 34 38 41 41 40 39 35 27 18 10 4 360 358 360 4 4 358 357
23 22 20 18 19 21 22 19 17 19 21 24 27 29 30 29 23 14 11 18 23 27 26 22 14 13 17 20 20 19 15 13 12 11 8 3 4 8 10 11 14 19 26 31 30 25 23 22 22 23 22 18 14 7 3 2 2 2 7 14 19 22 24 25 27 32 37 37 34 32 31 31 32 32 32 37 42 42 42 47 51 52 50 45 37 25 14 7 4 0 359 1 5 6 2 358
22 21 20 19 20 21 19 14 26 14 17 20 24 27 28 29 27 19 10 11 17 22 24 23 17 12 13 17 19 18 16 14 11 8 2 357 359 5 9 13 16 22 28 33 32 27 24 24 23 24 24 21 16 5 0 359 1 4 11 19 22 23 24 25 27 31 37 39 36 35 35 34 35 37 38 43 48 50 42 53 57 19 49 40 31 19 10 4 1 358 358 2 6 9 7 2
20 20 21 21 21 21 17 11 9 11 13 17 21 23 25 27 28 24 14 8 12 18 21 22 18 14 13 16 18 18 17 16 14 11 5 358 358 4 11 15 18 23 30 35 34 29 25 24 23 23 24 24 17 6 357 356 2 11 19 23 25 24 23 22 26 33 41 45 42 41 42 40 41 43 45 48 52 52 52 49 49 45 37 29 22 14 8 2 357 354 355 0 6 11 11 5
19 20 22 22 22 21 17 13 13 15 15 15 17 19 21 24 26 26 19 11 10 15 18 20 19 17 17 17 18 17 17 17 17 15 10 2 358 4 10 13 17 24 30 35 34 29 25 24 25 24 23 21 15 359 357 355 7 21 27 28 28 26 23 24 30 40 47 50 48 48 49 48 48 51 52 51 50 50 44 40 37 32 25 21 17 11 6 1 354 351 354 359 6 11 13 10
19 20 22 23 23 20 17 17 20 23 22 18 15 16 18 20 23 25 23 15 11 13 15 18 20 20 20 20 20 18 16 17 17 16 12 4 358 1 7 11 16 23 30 34 34 31 27 26 25 22 17 14 10 3 1 2 17 29 32 32 33 31 29 32 37 43 46 47 45 42 41 41 42 46 49 46 41 37 34 31 28 23 18 14 11 7 3 359 355 353 356 1 6 11 15 15
19 20 21 23 22 19 16 18 23 26 26 22 16 15 16 18 21 24 24 18 12 11 13 16 19 21 22 22 21 19 15 13 13 13 12 4 357 359 5 11 16 23 30 35 36 34 29 24 19 14 11 10 9 6 7 6 17 23 26 28 30 28 28 30 31 32 35 37 36 33 31 31 34 37 38 35 31 29 27 24 20 16 11 8 6 4 3 2 1 0 2 5 8 13 18 21
19 20 21 22 21 17 15 17 21 24 25 23 18 14 14 15 17 20 22 19 12 10 13 16 19 22 23 23 21 18 14 12 10 10 9 3 357 358 4 11 18 25 31 37 38 33 24 18 13 11 11 13 13 8 4 5 11 16 19 21 22 21 20 20 19 21 27 33 35 33 32 33 35 34 31 28 25 23 20 16 11 8 7 6 5 5 6 9 10 10 9 9 11 16 21 23
19 20 20 21 19 15 14 15 17 20 21 20 18 14 12 12 13 15 18 17 12 10 13 18 21 22 23 23 21 19 16 13 11 10 9 4 357 357 5 13 19 23 29 34 35 29 22 16 14 14 15 17 17 10 4 3 7 11 15 17 17 16 15 16 17 20 27 35 39 40 39 38 36 31 26 22 19 16 12 8 5 4 5 8 10 10 12 15 18 18 16 14 15 19 22 20
19 19 19 19 16 14 14 14 14 14 15 16 16 15 13 11 9 9 12 15 14 13 16 21 23 22 22 24 24 22 20 16 14 13 12 6 358 358 5 11 15 19 26 32 33 30 24 21 20 19 19 20 19 13 5 3 6 9 12 14 15 15 15 18 23 28 33 40 44 45 42 38 33 27 22 17 13 10 7 4 3 4 7 12 18 20 17 18 20 22 21 19 18 21 21 17
18 18 18 16 13 13 14 12 9 8 10 14 15 15 13 10 7 6 9 13 16 17 20 25 26 24 21 23 26 25 23 19 17 16 14 7 359 358 4 9 14 19 25 32 36 34 28 25 24 23 20 19 19 14 6 3 5 8 11 14 14 16 20 27 34 38 39 42 44 44 40 34 29 23 16 11 7 6 6 6 6 7 10 16 24 26 23 19 19 22 24 22 21 21 19 16
15 16 17 14 10 11 11 8 6 7 11 16 17 15 12 9 6 6 9 13 17 20 23 27 28 26 21 20 25 27 25 22 19 16 13 7 1 359 4 11 16 20 25 33 37 36 30 24 22 21 19 17 17 12 4 2 5 8 11 13 16 20 28 35 38 38 37 38 39 38 34 28 22 16 11 6 4 6 9 12 13 13 13 15 22 27 26 22 18 19 22 21 19 18 17 15
11 14 17 13 8 7 8 9 11 14 18 19 17 14 10 8 7 8 10 14 18 22 25 28 30 29 23 18 21 26 26 24 20 16 12 9 5 2 6 12 15 17 24 34 39 38 33 27 24 22 20 19 16 9 0 359 3 7 9 13 19 26 31 33 33 31 30 30 30 29 26 21 15 11 9 6 5 8 13 18 19 17 16 14 15 20 24 23 21 20 20 18 16 16 16 15
5 12 18 15 8 6 10 15 23 19 18 17 14 11 9 8 9 10 12 14 18 22 26 29 32 32 27 18 18 24 26 25 22 18 16 13 10 6 7 11 15 19 27 37 43 44 39 33 29 25 22 18 13 5 356 355 1 6 9 15 23 28 28 26 25 25 24 22 20 20 19 16 12 10 10 11 11 14 18 21 22 20 18 16 13 12 15 20 22 21 19 14 13 14 15 15
3 11 19 16 9 8 13 17 17 16 15 13 11 8 7 9 10 12 13 15 19 22 26 30 34 36 32 21 17 22 26 26 25 23 21 18 14 10 10 15 21 26 31 39 45 47 43 35 27 21 15 10 7 3 356 354 0 8 14 22 29 28 24 21 20 19 16 15 15 16 18 17 14 12 15 18 19 20 21 22 23 23 22 20 16 13 12 14 18 18 16 12 11 12 13 12
5 12 17 13 9 10 12 14 14 13 11 9 7 7 8 11 13 14 15 17 20 23 27 31 36 39 36 26 19 23 26 26 26 26 25 22 13 13 13 18 23 25 27 33 39 41 38 29 19 13 9 6 6 5 359 355 1 11 19 25 27 24 20 17 15 12 10 12 15 17 20 21 19 16 18 22 24 24 23 20 20 23 25 25 21 16 14 12 12 12 11 10 8 9 9 8
12 13 10 8 8 9 10 11 11 10 8 6 6 8 11 15 17 17 17 19 22 25 28 32 37 40 40 34 26 27 28 24 25 27 27 23 16 12 12 15 18 19 21 26 32 35 33 25 16 11 8 7 8 7 1 356 11 8 14 17 19 18 15 13 10 8 9 13 18 21 24 26 23 18 18 23 26 26 25 20 16 19 26 28 26 21 16 13 9 7 9 8 5 5 5 5
16 12 6 4 7 9 9 9 8 7 6 5 8 12 15 18 21 21 20 20 23 26 29 32 37 41 41 38 32 29 27 21 17 20 25 19 12 9 10 12 14 16 18 22 28 32 31 26 19 13 11 9 7 5 1 356 8 4 9 13 15 14 13 10 8 9 12 16 19 22 26 28 26 20 17 21 26 27 26 24 18 14 22 29 29 26 20 14 9 6 7 7 3 1 3 6
15 11 6 5 6 8 8 8 6 5 5 7 12 15 17 20 24 25 23 22 25 28 31 34 37 40 41 37 30 24 21 16 11 10 12 11 8 6 8 9 11 15 18 21 27 32 32 29 22 15 10 7 6 5 2 357 8 4 5 10 12 12 12 11 11 11 13 14 17 21 27 31 30 23 17 19 25 27 28 27 24 16 16 27 31 29 24 17 9 6 7 7 3 1 6 14
13 10 6 5 6 7 7 6 5 5 6 10 15 18 19 22 26 29 27 26 28 31 32 34 35 37 37 33 26 20 17 15 12 9 8 6 3 3 5 7 11 16 19 22 26 31 32 29 22 15 10 8 8 7 4 358 354 357 2 6 8 10 12 14 15 13 10 11 15 22 30 35 35 27 19 18 24 28 29 29 29 23 15 20 30 31 27 21 13 9 10 11 8 8 15 25
12 9 4 3 5 6 6 6 5 6 8 13 17 20 22 24 29 33 33 31 30 29 28 29 29 31 32 29 24 20 18 18 16 11 6 0 357 360 4 9 14 17 18 20 24 29 30 28 22 18 14 12 11 8 4 358 353 355 359 3 7 11 14 17 19 15 7 8 15 23 32 36 36 30 22 20 25 29 31 31 32 27 20 16 27 31 29 24 19 15 15 16 15 15 18 23
12 7 1 1 3 5 6 7 7 7 11 15 19 21 24 27 33 37 37 33 28 24 23 23 24 26 28 28 25 21 21 21 20 15 7 358 353 358 6 13 16 16 17 20 25 29 30 29 25 21 18 16 14 11 7 359 9 353 4 3 8 13 16 20 22 17 7 7 15 23 31 35 34 29 22 21 23 27 31 17 31 31 25 17 21 29 29 27 23 20 19 19 19 16 15 17
10 6 359 359 3 6 8 10 9 9 12 17 21 24 26 31 35 36 33 28 24 21 20 21 22 24 28 30 28 24 21 22 22 19 12 2 350 357 8 15 16 18 20 23 27 31 33 32 28 24 22 20 18 16 11 3 355 354 359 4 9 13 16 20 23 20 9 6 13 21 27 32 32 28 23 21 20 21 22 22 22 25 24 18 17 22 25 26 24 21 20 20 18 14 14 15
9 5 360 359 4 8 9 9 9 10 13 18 22 27 29 29 29 27 25 24 22 20 19 19 22 25 29 32 30 26 20 19 21 21 17 10 2 359 7 15 18 21 22 24 28 34 38 36 31 28 26 24 21 19 14 6 358 355 358 3 7 11 15 20 24 22 12 6 11 19 24 30 32 29 25 22 21 20 19 17 17 17 17 16 15 17 19 19 18 17 18 19 16 13 14 14
8 5 1 0 4 7 7 8 10 13 16 20 26 31 30 25 22 22 23 22 22 21 19 20 24 28 32 33 31 26 21 17 18 22 22 16 7 2 6 14 18 19 20 23 29 36 40 39 34 30 27 23 20 16 11 6 359 354 356 1 5 10 16 22 25 24 15 6 8 16 24 30 32 29 25 24 23 22 21 19 18 16 15 15 15 15 14 11 11 14 17 15 12 12 12 10
7 5 1 1 3 5 6 8 13 18 22 27 34 37 30 26 24 25 24 23 22 22 22 24 29 33 34 34 31 27 24 18 16 21 24 21 12 5 8 13 16 17 19 22 28 34 37 35 30 24 20 14 10 8 6 4 359 353 354 360 5 11 18 24 27 26 17 7 6 15 25 32 34 29 24 24 26 26 25 23 22 20 18 18 18 16 14 10 10 14 16 11 7 8 8 7
7 4 0 359 1 3 6 11 18 24 30 35 39 39 36 34 34 32 28 25 25 25 27 29 30 32 34 34 33 30 26 20 14 15 21 22 15 8 9 12 15 17 18 21 25 30 32 30 24 19 14 9 6 6 7 6 1 354 354 360 6 12 19 25 29 28 19 7 4 13 26 35 37 31 21 21 27 30 28 26 26 25 23 21 21 19 17 15 14 17 16 8 3 4 7 11
7 4 359 358 359 3 9 17 25 31 36 36 35 34 34 34 34 32 30 28 28 29 29 28 27 29 32 33 31 27 22 18 12 9 14 20 17 11 10 12 14 15 16 18 22 27 29 28 23 18 14 11 8 9 10 9 4 357 356 2 9 14 20 27 31 29 20 8 3 11 26 36 38 33 22 18 27 33 31 28 30 31 28 25 25 23 22 21 21 20 17 9 3 4 11 19
8 4 358 356 359 6 14 24 32 36 36 33 30 29 30 30 29 27 25 24 23 24 24 23 24 27 29 28 25 21 18 15 12 9 11 16 15 10 10 11 12 13 13 15 20 26 29 29 24 19 17 15 14 12 11 9 6 1 0 6 12 16 21 27 30 27 20 11 5 9 23 35 38 35 27 21 27 36 36 31 32 35 34 31 30 28 27 26 24 21 18 12 5 7 14 19
9 6 0 358 4 13 23 32 38 38 33 28 27 26 26 25 24 21 19 17 17 17 18 20 23 26 26 24 23 21 19 17 15 13 13 13 10 7 7 9 10 10 12 15 20 26 30 30 26 21 19 18 17 14 12 10 8 5 3 7 12 15 18 24 28 26 21 14 7 8 19 33 38 38 34 31 35 42 43 37 35 39 40 36 31 27 25 24 22 20 18 13 8 7 11 13
9 8 4 4 11 21 30 35 36 33 27 23 23 22 21 20 18 16 15 14 15 16 18 21 24 26 27 25 25 26 25 22 19 16 13 10 4 3 5 7 9 10 13 17 22 27 30 31 28 23 21 20 19 17 16 14 12 7 4 6 11 14 16 21 26 27 23 15 6 5 15 29 37 40 38 36 35 37 39 37 35 37 39 34 26 20 18 18 18 19 18 13 8 7 10 12
10 9 8 9 13 20 25 27 28 25 21 19 18 18 16 15 14 13 13 15 18 20 21 22 24 27 28 27 27 28 26 23 18 13 10 5 360 0 3 6 9 13 17 20 24 29 33 33 30 26 24 23 21 20 20 19 16 10 5 7 11 14 16 20 25 27 24 15 5 2 12 26 36 39 38 34 31 29 30 29 26 25 26 23 15 11 13 15 15 17 15 11 7 7 10 12
11 11 11 11 12 16 19 21 21 21 18 15 14 13 12 12 12 14 17 20 25 26 24 22 23 26 27 25 22 21 20 18 15 11 7 1 357 358 3 7 11 16 20 23 26 31 35 35 32 29 27 26 24 23 22 21 18 10 6 8 11 14 16 20 26 29 26 17 6 1 8 22 33 36 36 33 28 25 23 22 18 16 14 12 9 8 12 14 14 14 14 9 6 6 8 10
13 14 12 10 9 13 16 16 16 17 15 12 10 10 10 12 15 19 23 26 29 29 25 22 22 24 25 22 20 19 19 19 18 13 8 0 355 357 3 9 15 20 23 24 27 30 34 35 33 30 29 27 23 21 20 19 15 9 6 8 11 14 18 23 28 31 28 20 9 1 4 15 26 31 32 30 26 21 18 16 13 11 9 9 9 10 13 13 12 13 13 10 5 4 6 9
15 15 12 6 5 8 10 11 12 13 13 11 9 9 11 15 20 25 28 28 27 25 22 21 21 23 24 22 21 21 22 23 22 18 11 3 355 356 4 12 18 20 21 22 24 28 31 32 30 27 25 22 18 15 13 13 11 7 6 8 11 15 19 23 27 30 28 22 12 2 1 8 17 25 28 28 25 20 17 15 13 12 11 12 12 13 13 12 11 13 13 11 6 5 7 12
17 16 12 5 1 2 5 8 10 11 12 12 11 12 15 20 25 30 31 28 24 22 21 20 21 24 25 24 23 24 25 26 25 22 15 7 358 358 6 13 15 15 17 20 23 27 30 31 28 25 23 21 17 13 10 10 9 5 5 8 12 15 19 22 25 28 27 22 13 5 360 2 11 20 26 27 25 22 19 18 17 16 16 17 17 14 12 11 11 13 13 12 9 8 10 13
18 17 13 5 357 357 2 6 9 11 12 14 15 17 20 24 29 33 31 26 22 21 21 22 25 28 29 28 26 26 26 27 27 24 19 11 3 360 4 8 10 12 16 19 22 27 31 31 28 25 25 24 21 17 13 11 7 2 2 7 11 14 17 21 24 26 26 22 15 8 1 360 7 16 24 27 26 25 24 24 22 21 22 22 19 14 10 10 11 14 15 13 10 11 12 13
19 17 13 7 3 356 0 6 9 11 13 17 20 23 26 29 30 28 25 22 20 20 21 23 28 32 33 32 30 28 27 27 27 25 21 13 4 358 360 3 7 12 16 19 23 28 32 33 29 27 27 26 26 23 18 12 6 359 359 4 9 13 16 20 23 26 26 24 19 11 2 358 4 13 21 27 30 30 28 27 25 24 24 22 18 13 10 10 12 14 14 11 10 12 13 13
18 15 12 9 4 4 3 6 9 11 15 21 27 32 34 31 24 19 18 18 18 18 20 23 28 31 32 32 30 28 25 24 24 22 17 11 2 355 356 3 8 13 17 20 24 29 34 34 32 31 30 28 28 27 22 14 5 357 356 1 6 11 15 19 23 26 28 27 22 14 4 357 0 10 19 28 33 33 29 27 26 25 24 21 18 15 13 13 15 16 13 10 9 11 12 13
14 13 12 12 9 5 4 6 9 13 21 30 37 42 41 32 20 15 15 16 17 18 20 22 25 28 29 28 25 22 19 17 16 14 10 6 360 354 356 4 10 15 18 20 24 29 34 36 34 32 31 29 29 30 24 14 4 355 353 357 3 10 15 20 23 26 28 28 24 16 7 358 357 5 16 26 33 34 31 27 26 25 24 23 22 20 19 18 18 17 13 9 9 11 12 14
10 11 14 15 13 10 7 8 14 22 33 41 43 42 39 31 21 15 15 16 17 19 21 22 24 26 27 25 21 18 16 14 13 12 9 6 2 356 356 4 11 15 18 19 22 28 33 35 33 31 30 31 31 28 20 10 1 354 351 354 0 8 15 20 22 25 27 28 26 19 10 1 357 0 12 24 33 35 33 29 27 27 28 27 26 24 22 21 20 16 11 8 9 10 11 15
9 12 15 16 16 13 13 15 22 30 35 37 35 31 27 23 18 14 14 17 19 19 20 22 23 24 24 23 21 19 18 17 16 15 13 10 6 0 357 2 10 14 16 18 22 28 32 34 34 33 33 32 29 22 13 5 359 354 350 351 358 7 14 18 20 23 26 28 27 22 14 6 1 1 9 22 32 35 34 31 27 27 26 24 23 22 21 20 19 15 9 7 7 9 12 16
12 13 15 16 16 14 15 19 23 26 26 25 23 20 17 16 15 14 14 16 16 15 16 20 22 22 24 24 24 23 22 21 20 19 17 14 10 4 358 1 8 12 15 19 24 28 31 33 34 34 32 29 25 18 11 6 0 354 349 350 357 4 11 16 20 23 25 28 28 25 18 10 6 5 8 18 29 34 35 32 26 23 22 20 18 17 16 17 17 13 8 6 7 10 14 19
16 15 15 15 13 12 14 17 19 18 17 15 13 12 12 12 12 14 14 14 13 13 14 19 22 22 25 27 26 25 26 25 24 22 20 17 13 7 1 1 6 11 17 22 26 28 29 30 31 31 28 26 23 19 14 9 2 355 350 350 354 1 8 16 21 24 26 28 29 28 23 16 11 9 8 15 26 33 34 32 26 22 22 21 19 16 14 15 15 13 9 7 9 13 17 21
17 15 14 12 10 9 12 14 14 12 10 8 7 8 11 12 12 13 14 14 14 14 17 21 22 22 25 27 27 26 27 27 26 23 21 17 15 10 3 3 8 15 21 25 27 27 26 24 25 26 25 24 24 21 17 11 4 358 353 351 353 359 7 15 22 25 26 28 30 30 26 19 15 11 9 13 23 31 34 33 28 24 23 23 22 18 15 15 15 13 9 8 11 14 17 19
15 14 13 11 8 7 9 10 9 7 6 6 7 9 14 16 15 14 15 17 18 18 20 23 24 23 26 27 27 26 25 24 23 21 19 16 14 10 6 6 12 18 21 23 24 24 22 20 20 22 23 25 25 23 19 13 8 3 358 355 353 358 6 14 22 26 27 28 30 30 27 22 18 13 10 13 21 28 33 33 30 26 23 23 23 19 15 15 15 14 11 9 10 14 17 18
13 14 14 10 6 5 7 6 5 4 6 7 10 14 18 20 19 17 18 20 21 21 22 23 24 25 27 28 28 26 25 22 21 20 19 17 14 10 7 8 13 16 18 19 20 22 20 17 17 20 23 25 26 25 21 17 13 9 5 1 357 358 5 13 22 26 27 27 28 28 26 23 20 15 11 13 19 26 32 34 31 26 23 22 22 20 17 16 16 15 13 10 10 13 17 19
13 14 14 9 4 3 4 4 4 5 8 11 14 18 22 24 23 21 20 22 23 22 21 21 22 25 27 28 27 26 26 24 22 22 22 19 15 10 7 8 11 14 16 17 18 21 20 17 16 20 24 27 29 27 24 22 19 15 11 7 1 359 5 14 21 24 26 27 28 27 25 24 21 16 13 14 19 25 31 35 33 28 24 22 22 21 19 18 17 17 15 12 10 13 17 19
14 14 13 9 2 359 1 4 7 9 12 16 19 23 27 28 26 22 20 20 22 22 19 17 19 22 26 28 27 26 27 26 24 23 22 20 16 11 6 6 10 13 16 17 19 21 21 18 16 20 25 29 31 31 28 25 23 19 15 11 6 2 6 13 18 21 24 27 28 27 25 24 22 17 14 15 19 24 31 35 35 30 27 24 23 22 21 19 17 17 16 12 11 13 16 18
