project/data/elevation/US_DEM2016/US_DEM2016_point_10-30-2019_1942_30m_vel.asc
ncols	125
nrows	167
xllcorner	-2042055.000000
yllcorner	1465035.000000
cellsize	30.000000
NODATA_value	-9999.000000
[rows 37 to 73 of 167, columns 0 to 81 of 125]
9.89 10.22 10.34 10.00 9.52 8.88 8.27 7.54 6.71 5.96 5.67 5.93 6.80 8.04 8.75 8.69 8.41 8.53 9.20 10.08 10.79 11.40 11.93 12.37 12.53 12.52 12.40 12.13 11.49 10.44 9.20 8.22 7.95 8.33 8.81 9.17 9.44 9.73 10.05 10.56 11.09 11.24 11.18 10.70 10.50 10.73 10.86 10.42 9.71 8.87 8.15 7.84 7.79 8.27 8.66 8.71 8.66 8.88 8.98 9.19 9.24 9.10 8.65 7.71 6.61 5.85 5.55 5.61 5.82 6.10 6.48 6.82 7.14 7.46 7.97 8.55 9.48 10.92 12.91 14.66 15.80 15.80
9.73 9.59 9.28 8.91 8.36 7.99 7.66 7.13 6.44 5.79 5.84 5.57 6.01 6.85 8.00 8.16 8.18 7.94 8.43 9.00 9.36 9.56 9.77 10.19 10.71 11.14 11.61 12.07 12.03 11.53 10.60 9.56 8.87 8.63 8.81 9.47 10.22 10.61 10.91 11.44 12.13 12.62 12.85 12.68 12.30 11.79 10.90 9.60 8.71 8.05 7.76 7.75 7.73 8.08 8.61 8.79 8.80 9.04 9.06 8.98 8.85 8.48 8.29 7.87 7.20 6.46 5.69 5.38 5.42 5.56 5.81 6.13 6.49 7.05 7.48 7.90 8.46 9.52 10.88 12.33 13.46 14.15
9.39 8.80 8.11 7.74 7.27 7.02 6.83 6.57 6.30 6.08 6.04 6.12 6.26 7.07 7.60 7.66 7.80 7.85 7.59 7.46 7.27 7.20 7.35 7.88 8.81 9.83 10.68 11.51 12.04 12.11 11.63 10.76 9.97 9.59 9.89 10.74 11.40 11.78 11.92 12.04 12.32 12.48 12.70 12.71 12.45 11.85 10.71 9.54 8.66 7.91 7.69 7.89 7.98 8.07 8.61 8.95 9.13 9.32 9.02 8.48 7.78 7.02 6.40 6.23 6.09 5.81 5.22 4.85 4.88 4.97 5.20 5.64 6.14 6.61 6.99 7.32 7.62 8.22 9.10 9.79 10.17 11.05
8.91 8.26 7.51 7.14 6.95 6.83 6.83 6.93 7.06 7.22 7.41 7.54 7.44 7.28 7.95 7.68 7.61 7.65 7.15 6.49 6.23 6.34 6.74 7.38 8.36 9.23 9.99 10.77 11.47 12.02 12.14 11.74 11.27 11.32 11.82 12.50 13.02 13.26 12.94 12.38 12.10 11.51 11.19 11.48 11.67 11.80 11.42 11.01 10.47 9.90 9.21 8.84 8.63 8.34 8.58 8.81 8.97 9.04 8.64 7.97 7.14 6.06 4.81 4.34 4.30 4.39 4.57 4.67 4.69 4.62 4.62 5.14 5.89 6.35 6.64 6.90 7.08 7.35 7.86 8.34 8.51 9.10
8.84 8.41 7.94 7.75 7.74 7.77 7.77 7.87 8.09 8.39 8.65 8.67 8.39 8.08 7.90 7.84 7.89 7.82 7.45 6.98 6.91 7.17 7.58 7.96 8.29 8.67 9.00 9.54 10.43 11.31 12.16 12.32 12.48 12.82 13.25 13.55 13.66 13.42 12.89 12.20 11.53 10.75 10.08 9.93 10.56 10.98 11.20 11.19 11.30 11.31 10.98 10.04 9.14 8.49 8.30 8.28 8.14 7.95 7.76 7.59 7.16 6.23 4.93 4.31 4.30 4.52 4.79 4.88 4.75 4.58 4.52 4.84 5.47 5.93 6.13 6.29 6.62 7.06 7.45 7.78 8.06 8.28
9.06 8.90 8.74 8.70 8.67 8.60 8.51 8.57 8.88 9.23 9.36 9.17 8.70 8.53 8.57 8.62 8.60 8.58 8.51 8.46 8.55 8.76 8.97 9.14 9.26 9.21 9.13 9.27 9.89 10.65 11.81 12.49 13.24 13.82 13.84 13.34 12.65 11.91 11.27 10.87 10.52 9.94 9.17 8.88 9.22 9.74 10.02 9.87 10.06 10.36 10.47 9.98 9.18 8.38 8.10 8.07 7.85 7.52 7.44 7.86 7.95 7.47 6.59 6.12 6.12 5.99 5.62 5.22 5.12 5.10 4.92 4.78 4.88 4.98 4.91 5.05 5.78 6.64 7.03 7.29 7.75 8.12
9.12 9.07 9.07 9.09 9.10 9.13 9.24 9.49 9.79 9.96 9.85 9.50 9.01 9.03 8.93 9.04 9.17 9.30 9.46 9.66 9.97 10.24 10.35 10.34 10.27 10.03 9.88 9.89 10.17 10.54 11.46 12.28 13.04 13.50 13.32 12.54 11.42 10.37 9.63 9.44 9.55 9.29 8.59 8.00 8.16 8.71 8.89 8.36 7.72 7.31 7.44 7.97 8.23 8.13 8.17 8.49 8.63 8.62 8.77 9.12 9.27 9.06 8.56 8.18 7.57 6.86 6.43 6.30 6.23 5.76 5.05 4.45 4.25 4.16 3.92 4.09 4.87 5.87 6.23 6.45 7.25 8.21
9.15 9.19 9.34 9.51 9.80 10.22 10.63 10.89 10.89 10.69 10.30 9.85 9.39 9.13 9.08 9.26 9.49 9.72 9.95 10.21 10.52 10.69 10.67 10.50 10.25 9.97 9.90 9.99 10.31 10.71 11.56 11.90 12.11 12.01 11.86 11.61 11.07 10.17 8.99 8.37 8.36 8.48 8.12 7.46 7.33 7.81 7.67 7.00 6.10 5.56 5.61 6.13 6.84 7.44 8.16 8.97 9.48 9.79 9.97 10.00 10.10 10.03 9.49 8.77 7.86 7.44 7.47 7.33 6.62 5.42 4.61 4.30 4.23 4.13 4.03 4.20 4.85 5.58 5.80 5.87 6.60 7.77
9.46 9.67 10.07 10.41 10.74 11.11 11.42 11.54 11.41 11.04 10.56 10.13 9.82 9.62 9.76 9.94 10.06 10.18 10.30 10.35 10.24 10.02 9.83 9.72 9.72 9.64 9.61 9.79 10.35 10.99 11.65 11.39 10.85 10.42 10.25 10.48 10.53 10.17 8.97 7.86 7.30 7.42 7.37 6.85 6.74 7.05 7.04 6.82 6.64 6.57 6.38 6.11 6.16 6.85 8.03 9.09 9.50 9.65 9.71 9.88 10.02 10.16 9.74 9.10 8.66 8.51 8.10 7.17 5.96 5.16 4.97 5.16 5.25 5.16 5.07 5.23 5.69 6.06 6.25 6.07 6.40 7.01
9.70 9.99 10.51 10.86 10.97 10.96 10.90 10.85 10.78 10.59 10.33 10.03 10.03 10.25 10.58 10.73 10.72 10.62 10.45 10.17 9.75 9.31 9.04 9.05 9.28 9.45 9.58 9.92 10.56 11.07 11.18 10.55 9.77 9.32 9.07 9.02 9.20 9.44 9.03 7.96 6.89 6.63 6.78 6.83 7.01 7.28 7.54 7.55 7.53 7.16 6.55 6.14 6.37 7.31 8.46 9.06 9.20 9.26 9.40 9.74 9.89 10.11 10.04 9.72 9.27 8.65 7.38 6.52 6.23 6.37 6.70 6.86 6.84 6.76 6.76 6.86 6.98 6.96 6.87 6.85 7.52 7.18
9.58 9.73 10.11 10.40 10.36 10.14 9.85 9.60 9.49 9.54 9.53 9.43 9.72 9.91 10.28 10.51 10.58 10.44 10.13 9.77 9.41 9.05 8.80 8.76 8.91 9.14 9.41 9.92 10.50 10.66 10.27 9.53 9.10 8.68 8.24 7.93 7.94 8.40 8.76 8.44 7.36 6.86 7.02 7.54 7.84 8.10 8.12 7.60 6.83 6.04 5.79 6.15 7.40 8.92 9.68 9.65 9.57 9.60 9.75 9.96 10.05 10.27 10.15 9.75 9.09 8.13 7.40 7.41 8.01 8.65 9.02 9.06 8.99 8.87 8.75 8.69 8.62 8.41 8.24 8.21 7.90 7.80
9.42 9.43 9.39 9.53 9.58 9.38 9.04 8.71 8.55 8.57 8.66 8.71 8.75 8.98 9.20 9.39 9.64 9.75 9.66 9.43 9.12 8.81 8.58 8.45 8.46 8.62 8.83 9.36 10.02 10.09 9.79 9.35 9.02 8.57 7.85 7.14 7.03 7.42 8.06 8.28 7.72 7.09 6.95 7.24 7.51 7.84 7.93 7.16 6.29 5.98 6.46 7.93 9.78 10.94 11.26 10.71 10.27 10.03 10.06 10.33 10.55 10.77 10.62 10.15 9.88 9.89 10.35 11.06 11.70 12.16 12.27 12.24 12.14 12.00 11.79 11.60 11.40 10.98 10.41 9.64 8.71 8.11
9.52 9.50 9.15 8.94 9.03 9.11 8.94 8.64 8.43 8.36 8.54 8.69 8.83 8.82 8.92 9.03 9.21 9.36 9.40 9.22 8.85 8.48 8.22 8.10 8.07 8.14 8.27 8.79 9.53 9.62 9.52 9.43 9.27 8.98 8.27 7.20 6.77 6.65 6.97 7.36 7.19 6.57 6.10 5.99 6.34 7.00 7.68 7.56 7.21 7.49 8.95 10.85 12.07 12.46 12.12 11.24 10.58 10.28 10.34 10.81 11.19 11.61 11.66 11.73 12.04 12.75 13.63 14.46 15.07 15.36 15.44 15.42 15.34 15.24 15.01 14.67 14.27 13.77 12.81 11.35 9.78 8.57
9.64 9.63 9.27 8.88 8.83 9.06 9.26 9.18 8.98 8.99 9.36 9.72 9.92 9.92 9.82 9.74 9.62 9.48 9.32 9.08 8.74 8.34 7.99 7.80 7.79 7.93 8.14 8.68 9.15 9.03 8.70 8.86 8.94 9.09 9.05 8.33 7.47 6.75 6.54 6.87 6.92 6.63 6.38 6.32 6.58 7.18 8.25 8.89 9.28 10.32 11.91 12.87 13.13 12.58 11.87 11.01 10.51 10.33 10.21 10.39 10.77 11.44 11.93 12.26 12.86 13.51 14.07 14.64 15.01 15.23 15.40 15.54 15.59 15.56 15.37 15.05 14.70 14.39 13.83 12.97 11.75 10.27
9.61 9.47 9.16 9.02 8.89 8.96 9.25 9.48 9.50 9.60 10.16 10.77 10.99 10.93 10.72 10.33 9.90 9.51 9.24 9.04 8.81 8.44 7.99 7.64 7.61 7.88 8.21 8.60 8.62 8.04 7.72 7.83 7.99 8.58 9.12 9.20 8.45 7.73 7.52 7.76 8.04 8.26 8.43 8.43 8.52 9.05 10.30 11.63 12.89 13.74 14.00 13.74 12.93 11.79 11.10 10.40 9.95 9.61 9.25 9.03 9.26 9.79 10.76 11.27 11.64 11.68 11.42 11.27 11.10 11.25 11.59 12.10 12.33 12.40 12.27 12.15 12.25 12.22 12.19 12.29 12.16 11.61
9.38 8.96 8.51 8.51 8.55 8.64 8.93 9.32 9.59 9.72 10.19 10.82 11.04 11.00 10.70 10.14 9.52 9.09 8.91 8.80 8.61 8.33 7.96 7.61 7.54 7.79 8.10 8.30 7.98 7.16 6.92 7.04 7.17 7.58 8.46 8.92 8.90 8.79 8.91 9.37 9.80 10.08 10.22 10.41 10.81 11.60 12.73 13.82 14.61 14.78 14.39 13.41 12.31 11.17 10.48 9.84 9.30 8.74 8.43 8.23 8.38 8.75 9.24 9.70 9.71 8.90 7.98 7.06 6.69 6.77 7.13 7.68 8.04 8.08 8.17 8.21 8.57 8.78 8.89 9.27 10.01 10.47
9.09 8.51 7.85 7.67 7.78 8.09 8.53 9.01 9.46 9.63 10.23 10.02 10.00 9.91 9.65 9.20 8.71 8.35 8.20 8.17 8.08 7.93 7.86 7.82 7.81 7.85 8.00 8.07 7.73 7.15 6.94 6.99 7.05 7.19 7.57 8.21 8.76 8.95 9.23 9.79 10.37 10.60 10.83 11.24 12.00 12.83 13.47 13.84 13.83 13.56 13.13 12.53 11.73 10.91 10.27 9.70 9.20 8.76 8.71 8.69 8.83 8.94 8.89 8.94 8.50 7.53 6.58 5.96 5.80 5.71 5.46 5.16 5.13 5.22 5.34 5.50 5.92 6.31 6.42 6.31 6.50 6.96
8.94 8.47 7.87 7.61 7.53 7.58 7.79 8.29 8.79 9.03 8.88 8.93 8.30 8.13 7.93 7.82 7.65 7.37 7.24 7.46 7.78 7.95 8.08 8.22 8.17 8.11 8.13 8.21 8.20 8.10 7.90 7.61 7.34 7.09 6.98 7.51 8.11 8.34 8.50 8.89 9.48 9.94 10.37 11.07 12.01 12.56 12.59 12.03 11.18 11.02 11.30 11.55 11.35 10.91 10.37 9.88 9.47 9.25 9.37 9.34 9.27 9.15 8.79 8.68 8.35 7.70 7.28 7.01 6.71 6.16 5.26 4.17 3.58 3.37 3.40 3.58 3.98 4.37 4.49 4.15 3.83 3.83
9.09 8.86 8.62 8.44 8.15 7.66 7.16 7.15 7.58 7.91 7.88 8.09 6.94 6.71 6.61 6.97 6.62 6.51 6.56 7.07 7.83 8.44 8.72 8.69 8.61 8.53 8.53 8.65 8.73 8.80 8.47 7.91 7.36 6.87 6.66 7.02 7.59 7.93 7.96 8.10 8.47 9.06 9.70 10.67 11.48 11.58 10.96 10.00 9.54 9.56 9.95 10.50 10.75 10.69 10.21 9.83 9.50 9.33 9.37 9.09 8.69 8.32 8.10 8.22 8.44 8.35 8.20 7.92 7.01 5.92 4.75 3.89 3.32 2.90 2.63 2.51 2.50 2.59 2.69 2.80 3.10 3.48
9.50 9.65 9.83 9.71 9.28 8.59 7.60 7.14 7.20 7.49 7.54 7.93 7.51 6.73 6.70 6.59 6.62 6.69 6.91 7.46 8.27 9.08 9.42 9.47 9.43 9.42 9.34 9.26 9.16 9.10 8.64 8.25 7.95 7.55 7.23 7.48 8.14 8.58 8.57 8.53 8.68 9.06 9.62 10.52 10.84 10.37 9.28 8.60 8.28 8.31 8.69 9.35 9.90 9.95 9.58 9.27 8.98 8.70 8.42 7.84 7.31 7.03 7.23 7.75 8.51 8.77 8.51 7.86 6.71 5.73 5.07 4.85 4.68 4.07 3.24 2.55 2.12 2.07 2.53 3.06 3.95 5.30
9.84 10.21 10.59 10.58 10.30 9.79 9.05 8.47 8.14 8.09 9.06 7.88 7.83 8.00 8.17 8.24 8.29 8.45 8.54 8.78 9.29 9.93 10.33 10.57 10.71 10.73 10.43 10.07 9.94 10.04 10.05 9.93 9.76 9.39 8.84 8.85 9.42 9.85 9.99 9.97 9.94 9.81 9.98 10.37 10.14 9.05 8.04 7.28 7.00 7.11 7.52 8.24 8.99 9.09 8.91 8.65 8.29 7.79 7.24 6.85 6.74 6.95 7.57 8.17 8.73 8.71 8.17 7.41 6.61 6.41 6.60 6.68 6.11 5.18 4.26 3.74 3.63 3.76 4.21 5.20 6.77 8.45
9.87 10.01 10.22 10.44 10.64 10.66 10.28 9.71 9.10 8.65 8.46 8.55 8.94 9.44 9.98 10.28 10.54 10.76 10.88 10.88 11.01 11.09 11.30 11.58 11.79 11.64 11.30 10.89 10.80 10.87 10.99 10.85 10.65 10.34 9.82 9.58 9.81 10.19 10.58 10.84 10.82 10.54 10.27 9.92 8.94 7.70 6.76 6.16 5.93 5.94 6.34 7.03 7.83 8.34 8.47 8.34 8.07 7.70 7.46 7.62 7.94 8.49 9.15 9.55 9.56 9.06 8.31 7.85 7.71 7.94 8.17 7.84 6.85 5.77 5.22 5.20 5.46 5.94 6.87 8.24 9.70 10.44
9.74 9.48 9.37 9.62 10.11 10.57 10.65 10.17 9.43 8.73 9.86 8.51 9.15 9.96 10.68 11.18 11.53 11.83 12.09 12.15 11.99 11.77 11.75 11.88 11.91 11.75 11.54 11.29 11.16 10.90 10.27 9.69 9.41 9.41 9.42 9.48 9.60 9.91 10.28 10.73 10.99 10.75 10.19 9.23 7.69 6.31 5.48 5.12 4.92 4.98 5.16 5.66 6.69 7.72 8.30 8.50 8.53 8.51 8.65 8.79 9.15 9.82 10.52 11.03 10.96 10.71 9.82 9.39 9.51 9.59 9.04 8.13 7.27 6.93 7.05 7.43 8.08 8.95 10.08 11.09 11.42 11.01
9.66 9.28 8.88 8.83 8.99 9.30 9.65 9.65 9.22 8.56 8.02 7.90 8.28 8.94 9.60 10.04 10.34 10.49 10.56 10.67 10.79 10.85 10.88 10.82 10.65 10.63 10.69 10.80 10.85 10.77 10.18 9.20 8.57 8.49 9.00 9.58 10.01 10.19 10.29 10.40 10.48 10.09 9.44 8.48 7.14 5.73 4.87 4.59 4.65 4.81 4.90 5.24 6.20 7.47 8.44 9.06 9.44 9.66 9.71 9.59 9.80 10.66 11.52 12.03 12.19 12.41 12.10 11.28 10.94 10.75 9.93 9.14 8.96 9.56 10.31 11.04 11.83 12.52 12.90 12.68 11.85 10.68
9.47 8.96 8.37 8.20 7.90 7.77 8.05 8.44 8.46 7.96 7.25 6.74 6.56 6.69 7.02 7.29 7.46 7.34 6.90 6.77 7.48 8.27 8.47 8.22 7.95 8.37 9.09 9.56 9.93 10.44 10.75 10.62 10.16 9.74 9.67 9.98 10.26 10.29 10.08 9.77 9.49 9.16 8.72 8.35 7.64 6.62 5.88 5.81 5.99 6.15 6.28 6.57 7.12 7.94 8.67 9.32 9.93 10.50 10.75 10.97 11.44 12.14 12.36 12.27 12.39 12.90 13.07 12.83 12.54 12.39 12.18 12.09 12.55 13.22 13.70 14.07 14.36 14.38 13.95 12.85 11.57 10.46
9.01 8.34 7.65 7.55 7.39 7.20 7.16 7.42 7.63 7.26 6.46 5.57 4.83 4.37 4.25 4.40 4.61 4.58 4.36 4.23 4.57 5.22 5.53 5.51 5.82 6.67 7.90 8.53 8.89 9.22 9.97 10.72 11.06 11.01 10.48 10.02 9.64 9.44 9.08 8.68 8.48 8.70 8.87 9.16 9.19 9.16 8.81 8.64 8.59 8.60 8.66 8.66 8.60 8.68 8.81 9.10 9.63 10.39 11.22 12.07 12.76 12.78 12.20 11.38 10.93 11.47 12.42 12.86 13.32 13.73 14.09 14.42 14.77 14.89 14.78 14.56 14.28 13.79 12.95 11.99 11.11 10.35
8.80 8.28 7.62 7.35 7.30 7.26 7.17 7.18 7.32 7.13 6.44 5.45 4.43 3.63 3.14 2.99 3.38 3.90 4.47 4.51 4.18 3.91 3.87 4.28 5.17 6.39 7.69 8.16 8.17 7.96 8.26 9.01 9.89 10.43 10.15 9.30 8.42 7.92 7.82 7.78 7.93 8.62 9.37 10.09 10.54 11.01 11.14 10.85 10.55 10.34 9.88 9.41 9.13 9.06 9.03 9.15 9.57 10.37 11.30 11.98 12.16 11.65 10.72 9.72 9.40 9.83 10.81 11.73 12.49 13.21 13.61 13.75 13.74 13.52 13.14 12.62 11.96 11.18 10.74 10.41 9.98 9.55
9.06 8.84 8.46 8.06 7.82 7.74 7.64 7.59 7.60 7.52 7.18 6.54 5.79 4.93 4.14 3.64 3.50 4.72 5.90 6.35 5.91 5.05 4.53 4.72 5.64 7.02 8.07 8.24 7.90 7.35 7.12 7.27 7.95 8.61 8.89 8.61 8.00 7.52 7.50 7.91 8.46 9.29 9.82 10.27 10.61 11.06 11.27 11.29 11.14 10.69 9.74 9.10 8.98 9.16 9.30 9.47 9.86 10.62 11.15 11.10 10.48 9.54 8.84 8.49 8.61 9.05 9.56 10.17 10.79 11.31 11.50 11.34 10.88 10.53 10.38 10.06 9.35 8.52 8.11 8.22 8.16 7.93
9.24 9.20 9.13 8.92 8.65 8.38 8.25 8.35 8.44 8.54 8.57 8.42 8.05 7.30 6.36 5.55 5.25 5.69 6.64 7.61 7.78 7.31 6.67 6.50 7.04 8.05 8.73 8.83 8.53 7.78 7.16 6.70 6.64 7.08 7.92 8.67 9.02 9.16 9.26 9.46 9.83 10.18 10.07 9.91 9.89 10.09 10.33 10.60 10.70 10.54 9.86 9.31 9.16 9.29 9.42 9.57 9.90 10.44 10.60 10.00 9.13 8.40 8.02 7.96 8.04 8.26 8.43 8.76 9.23 9.53 9.63 9.47 8.93 8.30 7.94 8.00 7.59 6.69 5.84 5.75 6.03 5.79
9.26 9.26 9.27 9.13 8.95 8.78 8.85 9.15 9.57 10.03 10.36 10.44 10.02 9.26 8.29 7.35 6.65 6.47 6.87 7.99 8.86 9.25 9.17 8.84 8.80 9.34 9.77 9.86 9.77 9.17 8.53 7.84 7.33 7.48 8.28 9.30 10.16 10.77 10.94 10.81 10.59 10.35 9.84 9.42 9.26 9.22 9.33 9.44 9.64 9.86 9.86 9.61 9.39 9.42 9.55 9.78 10.13 10.38 9.99 9.08 8.28 7.85 7.66 7.52 7.50 7.72 7.94 8.10 8.20 8.31 8.26 8.18 7.98 7.26 6.38 6.10 6.09 5.52 4.48 3.87 3.95 3.93
9.32 9.31 9.31 9.07 8.83 8.78 9.01 9.45 10.10 10.82 11.39 11.59 11.44 10.97 10.21 9.23 8.19 7.49 7.46 8.23 9.20 10.16 10.38 10.30 10.34 10.77 10.84 10.61 10.44 10.27 10.08 9.73 9.29 9.13 9.35 9.78 10.16 10.46 10.57 10.38 10.09 9.81 9.40 8.98 8.69 8.33 8.19 8.11 8.13 8.43 8.93 9.15 9.18 9.34 9.66 10.05 10.22 9.88 8.90 7.91 7.46 7.36 7.33 7.45 7.64 7.89 7.86 7.53 7.16 7.05 6.99 6.88 6.98 6.73 5.83 5.03 4.84 4.70 3.84 3.06 2.88 2.76
9.33 9.28 9.18 8.92 8.62 8.53 8.59 8.76 9.15 9.75 10.46 11.11 11.65 11.91 11.81 11.25 10.20 9.02 8.46 8.61 9.08 10.02 10.64 11.01 11.34 11.54 11.21 10.48 10.02 10.11 10.45 10.67 10.59 10.18 9.81 9.59 9.40 9.25 9.25 9.43 9.53 9.46 9.17 8.73 8.25 7.76 7.49 7.23 7.04 7.04 7.38 7.87 8.35 8.77 9.33 9.59 9.29 8.44 7.30 6.76 6.71 6.83 7.13 7.58 7.78 7.65 7.20 6.46 5.71 5.33 5.33 5.10 5.00 5.34 5.24 4.62 4.19 4.11 3.79 3.35 3.14 3.25
9.22 9.06 8.79 8.69 8.53 8.39 8.20 7.87 7.52 7.40 7.77 8.87 10.26 11.44 12.21 12.38 11.89 10.86 9.76 9.27 9.30 9.93 10.57 11.24 11.60 11.43 10.73 9.90 9.13 8.99 9.33 9.83 10.12 9.94 9.61 9.29 9.01 8.95 9.23 9.57 9.60 9.44 9.15 8.89 8.55 8.13 7.74 7.14 6.49 6.08 6.16 6.78 7.65 8.41 8.68 8.40 7.54 6.53 5.95 5.83 5.82 5.86 6.29 6.76 6.75 6.54 6.29 5.75 4.85 4.04 3.74 3.61 3.56 3.80 4.21 4.30 4.22 3.98 4.37 4.43 4.50 4.63
9.10 8.85 8.54 8.58 8.59 8.52 8.30 7.89 7.15 6.32 5.88 6.32 7.73 9.52 11.06 12.00 12.35 12.05 11.22 10.43 10.21 10.40 10.78 11.34 11.55 11.18 10.41 9.43 8.47 7.85 7.63 7.82 8.40 8.88 9.15 9.22 9.21 9.30 9.60 9.79 9.65 9.39 9.23 9.20 9.01 8.42 7.68 6.72 6.18 6.21 6.66 7.45 8.16 8.40 8.31 7.41 6.30 5.59 5.35 5.24 5.06 4.90 4.92 5.17 5.50 5.93 6.50 6.55 5.91 5.10 4.69 4.47 4.21 4.03 4.17 4.48 4.82 5.20 5.57 5.92 6.25 6.65
9.12 8.87 8.62 8.66 8.75 8.77 8.68 8.56 8.19 7.40 6.40 5.88 6.33 7.55 9.16 10.60 11.61 12.24 12.20 11.80 11.59 11.64 11.82 11.96 11.77 11.32 10.64 9.69 8.64 7.89 7.42 7.34 7.55 7.98 8.51 8.96 9.17 9.22 9.34 9.50 9.30 9.03 8.90 8.92 8.77 8.03 7.34 7.04 7.45 8.26 8.96 9.29 9.29 8.93 8.52 7.67 7.20 6.91 6.65 6.30 5.97 5.67 5.51 5.67 6.49 7.50 8.41 8.73 8.44 7.87 7.33 6.76 5.97 5.43 5.26 5.42 5.84 6.39 6.93 7.58 8.42 9.35
9.15 8.87 8.68 8.77 8.95 9.02 9.08 9.29 9.59 9.57 8.96 8.04 7.53 7.69 8.45 9.74 10.97 12.17 12.77 12.95 13.08 13.05 12.86 12.49 11.91 11.46 11.15 10.71 9.96 9.50 9.21 8.93 8.52 8.35 8.52 8.82 9.02 9.08 9.06 8.85 8.57 8.39 8.41 8.51 8.61 8.62 8.89 9.57 10.29 10.73 10.79 10.44 9.88 9.30 9.00 9.00 9.11 9.20 9.14 8.94 8.75 8.72 8.83 9.21 9.74 10.09 10.17 10.13 9.81 9.19 8.39 7.50 6.61 6.21 6.26 6.61 7.06 7.71 8.65 10.11 11.84 13.28
9.11 8.85 8.70 8.87 9.15 9.28 9.43 9.81 10.48 11.14 11.36 11.13 10.59 9.92 9.68 10.15 11.10 12.42 13.41 13.88 14.17 13.95 13.15 12.33 11.62 11.37 11.48 11.57 11.34 10.94 10.59 10.35 9.95 9.64 9.38 9.25 9.21 9.07 8.74 8.37 8.27 8.52 8.72 8.96 9.26 9.70 10.31 10.88 11.07 10.82 10.51 10.19 9.88 9.53 9.40 9.52 9.66 9.96 10.33 10.66 10.89 11.15 11.31 11.30 10.96 10.38 9.75 9.64 9.41 8.70 7.79 7.07 6.68 6.66 7.03 7.69 8.48 9.55 11.17 13.25 15.08 16.32
