project/data/elevation/US_DEM2016/US_DEM2016_point_10-31-2019_0046_30m_vel.asc
ncols	125
nrows	167
xllcorner	-2042055.000000
yllcorner	1465035.000000
cellsize	30.000000
NODATA_value	-9999.000000
[rows 37 to 73 of 167, columns 0 to 82 of 125]
9.93 10.11 9.97 9.47 8.87 8.21 7.68 7.08 6.33 5.60 5.23 5.30 5.81 6.71 7.33 7.39 7.26 7.47 8.14 8.97 9.64 10.19 10.61 10.93 11.01 10.95 10.79 10.50 9.96 9.20 8.34 7.68 7.55 7.92 8.36 8.73 9.10 9.51 9.89 10.28 10.49 10.27 10.05 9.79 9.97 10.42 10.60 10.14 9.43 8.65 8.02 7.71 7.45 7.53 7.76 7.85 7.88 8.20 8.49 8.85 8.84 8.55 8.05 7.26 6.42 5.88 5.69 5.77 5.92 6.07 6.23 6.47 6.79 7.02 7.41 7.92 8.62 9.60 11.12 12.65 13.74 13.78 13.13
9.96 9.58 8.83 8.26 7.65 7.26 6.96 6.48 5.87 5.31 5.41 5.07 5.29 5.81 6.77 6.90 7.04 6.94 7.59 8.18 8.51 8.66 8.79 9.07 9.46 9.78 10.10 10.41 10.33 9.96 9.33 8.69 8.32 8.25 8.50 9.15 9.90 10.34 10.70 11.21 11.63 11.68 11.62 11.48 11.36 11.12 10.37 9.15 8.30 7.74 7.55 7.58 7.47 7.47 7.75 7.93 8.04 8.41 8.65 8.72 8.49 7.89 7.55 7.17 6.68 6.23 5.74 5.58 5.66 5.72 5.73 5.92 6.29 6.80 7.15 7.52 7.95 8.73 9.74 10.91 11.85 12.31 12.17
9.75 8.88 7.64 7.05 6.57 6.34 6.13 5.84 5.62 5.50 5.55 5.63 5.63 6.24 6.54 6.49 6.67 6.96 6.85 6.87 6.68 6.57 6.68 7.11 7.90 8.75 9.42 10.04 10.38 10.37 10.08 9.59 9.18 9.09 9.56 10.47 11.09 11.42 11.61 11.81 11.98 11.81 11.66 11.45 11.18 10.75 9.85 8.83 8.10 7.52 7.45 7.69 7.73 7.55 7.82 8.12 8.39 8.72 8.58 8.12 7.36 6.49 5.84 5.64 5.56 5.46 5.15 5.05 5.23 5.34 5.33 5.57 6.09 6.59 6.86 7.11 7.34 7.82 8.48 8.94 9.14 9.66 10.61
9.30 8.34 7.03 6.45 6.26 6.16 6.13 6.18 6.31 6.54 6.80 6.93 6.73 6.39 6.94 6.52 6.55 6.78 6.46 5.94 5.72 5.83 6.23 6.83 7.70 8.43 9.01 9.57 10.01 10.34 10.48 10.37 10.30 10.69 11.44 12.21 12.66 12.81 12.47 11.93 11.68 10.99 10.46 10.37 10.28 10.39 10.21 9.96 9.56 9.19 8.74 8.50 8.28 7.82 7.84 8.05 8.31 8.47 8.07 7.30 6.38 5.37 4.38 4.03 4.05 4.23 4.55 4.85 5.06 5.09 4.99 5.31 6.03 6.53 6.69 6.80 6.92 7.19 7.62 7.83 7.79 8.12 9.34
9.01 8.31 7.37 7.00 6.97 7.01 7.01 7.07 7.29 7.64 7.94 7.92 7.52 7.07 6.82 6.79 6.90 6.90 6.65 6.32 6.34 6.66 7.09 7.48 7.79 8.10 8.30 8.66 9.29 9.90 10.62 10.97 11.49 12.17 12.79 13.20 13.31 12.98 12.35 11.55 10.85 10.15 9.46 9.05 9.25 9.50 9.85 10.03 10.21 10.30 10.13 9.40 8.63 7.93 7.60 7.58 7.56 7.41 7.04 6.55 5.94 5.15 4.29 4.01 4.19 4.51 4.84 5.01 5.03 5.01 5.01 5.27 5.87 6.34 6.36 6.28 6.54 7.07 7.44 7.45 7.45 7.54 8.24
8.99 8.62 8.08 7.88 7.81 7.75 7.66 7.74 8.08 8.46 8.58 8.30 7.69 7.42 7.43 7.53 7.57 7.60 7.60 7.67 7.87 8.16 8.42 8.60 8.69 8.61 8.48 8.54 9.01 9.60 10.60 11.42 12.41 13.15 13.26 12.88 12.33 11.63 10.84 10.17 9.66 9.18 8.50 8.11 8.08 8.35 8.74 8.87 9.13 9.38 9.46 9.07 8.46 7.74 7.41 7.36 7.21 6.88 6.60 6.63 6.46 6.09 5.67 5.63 5.85 5.81 5.53 5.26 5.29 5.39 5.31 5.26 5.48 5.68 5.48 5.31 5.93 6.88 7.27 7.13 7.21 7.48 8.14
8.96 8.71 8.39 8.26 8.22 8.23 8.35 8.64 8.98 9.15 8.97 8.50 7.90 7.82 7.78 7.93 8.11 8.28 8.51 8.83 9.24 9.56 9.69 9.68 9.59 9.34 9.16 9.16 9.41 9.75 10.66 11.61 12.48 12.90 12.62 11.87 10.94 10.09 9.31 8.85 8.65 8.35 7.78 7.22 7.14 7.44 7.69 7.47 7.05 6.66 6.69 7.16 7.46 7.44 7.48 7.76 7.87 7.80 7.79 7.83 7.70 7.56 7.47 7.46 7.03 6.41 6.13 6.19 6.21 5.81 5.20 4.83 4.91 5.03 4.80 4.74 5.40 6.44 6.78 6.57 6.92 7.74 8.56
8.96 8.81 8.68 8.71 8.93 9.30 9.68 9.94 9.97 9.75 9.28 8.70 8.19 7.89 7.93 8.17 8.46 8.73 9.03 9.42 9.82 10.01 9.97 9.78 9.54 9.27 9.20 9.30 9.66 10.14 11.10 11.59 11.78 11.54 11.18 10.81 10.28 9.58 8.58 7.88 7.56 7.44 7.12 6.57 6.35 6.64 6.49 6.10 5.50 5.12 5.21 5.64 6.26 6.85 7.54 8.29 8.69 8.88 8.91 8.71 8.54 8.48 8.23 7.79 7.07 6.83 7.05 7.01 6.34 5.19 4.55 4.51 4.74 4.87 4.85 5.00 5.62 6.35 6.55 6.32 6.65 7.62 8.25
9.24 9.28 9.40 9.61 9.89 10.21 10.45 10.51 10.34 9.94 9.37 8.85 8.52 8.37 8.59 8.86 9.04 9.22 9.43 9.59 9.59 9.42 9.19 9.03 9.00 8.96 8.96 9.19 9.86 10.66 11.48 11.27 10.61 10.02 9.74 9.79 9.61 9.21 8.24 7.30 6.58 6.36 6.22 5.83 5.74 5.89 5.86 5.91 5.96 6.00 5.88 5.68 5.77 6.47 7.59 8.55 8.81 8.80 8.70 8.66 8.55 8.59 8.28 7.89 7.73 7.81 7.52 6.60 5.39 4.72 4.76 5.19 5.46 5.53 5.59 5.90 6.46 6.84 7.01 6.64 6.74 7.16 7.67
9.58 9.67 9.87 10.08 10.15 10.11 9.98 9.84 9.67 9.38 9.03 8.69 8.68 8.97 9.40 9.61 9.66 9.65 9.57 9.39 9.07 8.72 8.44 8.41 8.62 8.80 8.98 9.43 10.27 11.00 11.21 10.50 9.50 8.95 8.71 8.54 8.39 8.33 7.93 7.09 6.07 5.58 5.58 5.71 5.93 6.10 6.44 6.67 6.76 6.43 5.87 5.62 6.07 7.09 8.17 8.64 8.60 8.46 8.44 8.59 8.51 8.56 8.49 8.39 8.23 7.79 6.59 5.73 5.52 5.84 6.37 6.67 6.77 6.80 6.95 7.23 7.51 7.56 7.47 7.40 7.94 7.44 7.72
9.69 9.63 9.64 9.71 9.58 9.32 8.99 8.68 8.44 8.33 8.23 8.13 8.41 8.74 9.21 9.43 9.53 9.45 9.21 8.94 8.67 8.40 8.19 8.16 8.33 8.58 8.92 9.60 10.44 10.79 10.37 9.44 8.79 8.32 7.93 7.58 7.33 7.37 7.48 7.20 6.26 5.75 5.87 6.43 6.74 6.95 7.05 6.66 5.99 5.23 5.07 5.70 7.21 8.75 9.37 9.20 8.97 8.82 8.79 8.83 8.69 8.72 8.58 8.35 7.88 7.07 6.46 6.59 7.31 8.05 8.51 8.63 8.63 8.61 8.62 8.74 8.82 8.72 8.62 8.62 8.24 8.04 8.22
9.64 9.51 9.15 8.99 8.84 8.55 8.19 7.83 7.58 7.44 7.43 7.48 7.60 7.98 8.29 8.47 8.69 8.78 8.71 8.55 8.32 8.10 7.95 7.88 7.94 8.16 8.50 9.28 10.22 10.36 9.83 9.14 8.64 8.10 7.44 6.80 6.57 6.60 6.80 6.83 6.38 5.91 5.91 6.28 6.53 6.75 6.77 6.03 5.32 5.16 5.86 7.65 9.62 10.67 10.79 10.12 9.60 9.24 9.12 9.21 9.20 9.17 8.98 8.66 8.57 8.74 9.37 10.18 10.86 11.33 11.47 11.48 11.43 11.35 11.25 11.21 11.14 10.84 10.39 9.74 8.87 8.31 8.42
9.68 9.54 8.93 8.51 8.36 8.24 8.00 7.71 7.46 7.27 7.34 7.49 7.74 7.89 8.10 8.21 8.35 8.44 8.44 8.28 7.99 7.73 7.59 7.54 7.59 7.75 8.08 8.97 10.00 10.01 9.57 9.21 8.81 8.27 7.55 6.71 6.33 5.97 5.80 5.85 5.74 5.37 5.14 5.19 5.56 6.05 6.48 6.31 6.19 6.76 8.53 10.61 11.78 11.97 11.45 10.52 9.83 9.47 9.43 9.77 9.92 10.03 9.97 10.18 10.76 11.62 12.59 13.45 14.03 14.29 14.37 14.35 14.31 14.24 14.07 13.80 13.50 13.09 12.23 10.94 9.60 8.64 8.39
9.80 9.57 8.91 8.42 8.23 8.20 8.21 8.12 7.93 7.85 8.14 8.46 8.77 8.92 8.92 8.86 8.73 8.54 8.32 8.06 7.78 7.52 7.33 7.25 7.32 7.57 8.05 9.06 9.81 9.54 8.85 8.82 8.59 8.24 8.01 7.51 6.80 5.93 5.32 5.37 5.46 5.39 5.39 5.51 5.88 6.39 7.20 7.79 8.38 9.70 11.53 12.53 12.64 11.87 11.05 10.20 9.70 9.52 9.40 9.52 9.75 10.11 10.38 10.82 11.68 12.50 13.10 13.66 14.00 14.19 14.33 14.46 14.51 14.50 14.31 13.97 13.62 13.32 12.78 12.00 11.00 9.90 8.81
9.85 9.44 8.73 8.47 8.28 8.16 8.21 8.34 8.35 8.43 8.92 9.49 9.79 9.83 9.67 9.33 8.91 8.50 8.17 7.94 7.75 7.51 7.24 7.07 7.17 7.59 8.21 9.08 9.35 8.62 8.00 8.00 7.90 7.91 8.05 8.07 7.41 6.61 6.18 6.28 6.62 6.99 7.33 7.49 7.72 8.32 9.52 10.80 12.05 13.01 13.38 13.13 12.19 10.94 10.20 9.55 9.13 8.84 8.53 8.32 8.53 8.89 9.60 10.08 10.63 10.90 10.74 10.62 10.51 10.66 10.97 11.39 11.57 11.61 11.44 11.21 11.18 11.10 11.05 11.13 11.06 10.71 9.98
9.70 9.04 8.19 8.01 7.95 7.92 8.00 8.20 8.41 8.58 9.03 9.66 9.89 9.84 9.54 9.02 8.44 8.03 7.80 7.65 7.49 7.31 7.10 6.98 7.15 7.62 8.22 8.80 8.66 7.74 7.33 7.37 7.30 7.29 7.60 7.71 7.61 7.47 7.51 7.93 8.41 8.81 9.09 9.40 9.97 10.98 12.21 13.18 13.79 13.86 13.43 12.44 11.32 10.19 9.53 8.96 8.46 7.97 7.71 7.57 7.77 8.12 8.47 8.80 8.84 8.29 7.61 6.89 6.67 6.84 7.18 7.59 7.79 7.73 7.71 7.61 7.77 7.86 8.00 8.37 9.02 9.49 9.57
9.34 8.62 7.67 7.33 7.32 7.50 7.76 7.99 8.30 8.52 9.13 9.00 8.97 8.78 8.45 8.01 7.58 7.28 7.11 7.01 6.92 6.88 6.96 7.16 7.43 7.74 8.17 8.49 8.25 7.64 7.38 7.38 7.29 7.16 7.01 7.08 7.43 7.64 7.95 8.50 9.09 9.42 9.78 10.35 11.37 12.48 13.19 13.40 13.10 12.56 11.93 11.26 10.53 9.80 9.24 8.74 8.28 7.91 7.91 7.99 8.21 8.33 8.22 8.09 7.57 6.85 6.26 5.94 5.98 6.04 5.86 5.53 5.35 5.28 5.23 5.23 5.42 5.64 5.75 5.74 5.93 6.31 6.67
9.01 8.47 7.68 7.32 7.17 7.13 7.21 7.43 7.71 7.96 7.92 8.01 7.40 7.06 6.77 6.66 6.55 6.33 6.21 6.35 6.65 6.90 7.20 7.55 7.77 7.99 8.27 8.51 8.52 8.41 8.18 7.86 7.53 7.12 6.59 6.51 6.90 7.16 7.43 7.84 8.43 8.95 9.53 10.50 11.79 12.53 12.52 11.72 10.59 10.13 10.08 10.14 9.99 9.67 9.23 8.82 8.47 8.32 8.53 8.62 8.61 8.48 8.02 7.64 7.18 6.82 6.82 6.83 6.70 6.26 5.48 4.57 4.09 3.85 3.69 3.69 3.87 3.98 3.98 3.76 3.59 3.68 4.15
8.98 8.70 8.31 8.02 7.68 7.19 6.68 6.51 6.69 6.95 6.99 7.19 6.05 5.64 5.50 5.83 5.57 5.53 5.63 6.12 6.83 7.45 7.85 8.01 8.15 8.34 8.58 8.84 8.96 8.98 8.55 7.95 7.43 6.87 6.34 6.17 6.52 6.88 7.03 7.23 7.65 8.32 9.16 10.51 11.67 11.83 10.99 9.70 9.00 8.79 8.84 9.12 9.33 9.36 9.00 8.71 8.45 8.40 8.56 8.38 8.00 7.59 7.22 7.04 7.21 7.43 7.63 7.53 6.73 5.73 4.67 4.04 3.75 3.45 3.10 2.90 2.80 2.62 2.48 2.57 3.42 3.60 4.67
9.31 9.37 9.34 9.05 8.55 7.87 6.98 6.52 6.44 6.62 6.66 6.94 6.41 5.60 5.56 5.51 5.57 5.73 6.07 6.67 7.42 8.18 8.55 8.72 8.87 9.08 9.20 9.31 9.33 9.20 8.57 8.12 7.83 7.39 6.84 6.72 7.16 7.56 7.61 7.67 7.93 8.48 9.38 10.74 11.29 10.73 9.31 8.30 7.81 7.68 7.77 8.09 8.51 8.62 8.37 8.14 7.95 7.82 7.67 7.14 6.59 6.25 6.32 6.69 7.52 7.96 7.83 7.24 6.14 5.24 4.75 4.72 4.67 4.13 3.35 2.84 2.61 2.57 2.52 3.01 4.00 5.49 7.11
9.72 9.89 9.93 9.68 9.26 8.75 8.13 7.66 7.32 7.20 8.03 6.86 6.70 6.77 6.92 7.02 7.15 7.42 7.65 7.99 8.51 9.10 9.48 9.76 10.03 10.18 10.02 9.89 9.94 9.98 9.78 9.54 9.35 8.92 8.24 8.07 8.47 8.81 8.95 9.00 9.11 9.27 9.92 10.78 10.68 9.36 8.00 7.03 6.65 6.65 6.80 7.13 7.66 7.81 7.73 7.54 7.28 6.92 6.47 6.10 5.98 6.14 6.67 7.28 7.97 7.97 7.33 6.54 5.83 5.79 6.14 6.31 5.72 4.74 3.86 3.52 3.55 3.71 4.14 5.20 6.87 8.60 9.45
9.92 9.80 9.53 9.43 9.42 9.38 9.10 8.65 8.11 7.67 7.45 7.46 7.73 8.16 8.65 8.98 9.30 9.60 9.81 9.93 10.14 10.26 10.47 10.78 11.03 10.92 10.64 10.49 10.63 10.64 10.54 10.28 10.00 9.60 9.04 8.76 8.93 9.25 9.58 9.84 9.93 9.94 10.21 10.30 9.43 7.90 6.68 5.95 5.67 5.67 5.87 6.13 6.62 7.13 7.33 7.25 7.05 6.76 6.59 6.79 7.13 7.66 8.28 8.68 8.71 8.13 7.26 6.82 6.86 7.30 7.60 7.20 6.07 4.94 4.55 4.77 5.19 5.75 6.76 8.23 9.78 10.48 10.24
9.95 9.40 8.75 8.69 8.94 9.24 9.30 8.90 8.26 7.65 8.75 7.47 8.03 8.75 9.45 9.95 10.33 10.68 10.98 11.08 11.01 10.90 10.98 11.17 11.15 10.92 10.79 10.82 10.83 10.49 9.75 9.13 8.76 8.65 8.61 8.67 8.79 9.08 9.42 9.84 10.13 10.11 9.96 9.37 7.96 6.43 5.45 4.98 4.79 4.89 4.94 5.04 5.69 6.62 7.21 7.42 7.47 7.48 7.71 7.96 8.38 9.07 9.76 10.14 9.85 9.34 8.47 8.27 8.63 8.83 8.25 7.20 6.21 5.93 6.29 6.90 7.68 8.65 9.88 10.98 11.33 10.84 9.74
9.92 9.24 8.30 8.01 8.01 8.13 8.32 8.27 7.92 7.40 6.99 6.98 7.38 8.03 8.65 9.07 9.38 9.57 9.67 9.77 9.92 10.11 10.29 10.25 9.97 9.87 10.12 10.47 10.47 10.14 9.46 8.56 7.98 7.86 8.29 8.80 9.20 9.40 9.52 9.63 9.71 9.43 8.98 8.24 7.07 5.70 4.81 4.53 4.62 4.79 4.79 4.86 5.46 6.54 7.41 7.98 8.34 8.58 8.72 8.75 9.11 10.07 10.95 11.25 10.93 10.69 10.34 9.93 9.92 9.77 8.85 7.97 7.78 8.52 9.45 10.33 11.23 12.01 12.46 12.31 11.48 10.22 9.08
9.78 8.94 7.79 7.42 7.06 6.83 6.89 7.09 7.10 6.75 6.24 5.94 5.91 6.12 6.46 6.71 6.84 6.70 6.32 6.29 7.08 7.97 8.22 7.88 7.44 7.89 8.93 9.59 9.72 9.79 9.84 9.67 9.32 9.01 8.97 9.24 9.48 9.53 9.35 9.05 8.75 8.42 8.04 7.80 7.22 6.26 5.58 5.61 5.86 6.00 6.05 6.19 6.51 7.13 7.75 8.32 8.88 9.43 9.74 10.11 10.77 11.63 11.91 11.61 11.19 11.13 11.18 11.22 11.22 11.10 10.81 10.72 11.28 12.08 12.68 13.16 13.53 13.61 13.20 12.14 10.86 9.71 8.84
9.34 8.36 7.16 6.83 6.57 6.31 6.12 6.17 6.29 6.03 5.43 4.81 4.32 4.07 4.05 4.19 4.28 4.07 3.88 4.06 4.76 5.56 5.75 5.45 5.57 6.59 8.21 8.96 9.01 8.85 9.22 9.73 10.01 10.05 9.66 9.28 8.94 8.75 8.37 7.97 7.73 7.91 8.12 8.48 8.51 8.42 8.12 8.08 8.16 8.18 8.19 8.09 7.91 7.87 7.95 8.21 8.72 9.46 10.34 11.33 12.17 12.30 11.74 10.75 9.92 10.01 10.76 11.26 11.79 12.18 12.55 12.99 13.47 13.70 13.68 13.56 13.35 12.84 11.97 10.98 10.09 9.33 8.65
8.96 8.21 7.14 6.67 6.48 6.34 6.11 5.95 5.98 5.83 5.30 4.54 3.81 3.32 3.07 3.01 3.13 3.48 3.94 4.29 4.46 4.54 4.47 4.58 5.28 6.70 8.34 8.84 8.53 7.89 7.90 8.34 8.96 9.42 9.24 8.53 7.76 7.30 7.17 7.08 7.23 7.96 8.80 9.50 9.77 10.04 10.13 9.96 9.80 9.65 9.19 8.68 8.34 8.22 8.19 8.33 8.77 9.61 10.66 11.51 11.74 11.20 10.18 9.00 8.49 8.79 9.66 10.41 10.98 11.65 12.15 12.47 12.61 12.45 12.11 11.65 11.04 10.26 9.72 9.27 8.80 8.37 7.93
8.97 8.57 7.84 7.28 6.94 6.74 6.50 6.30 6.23 6.14 5.87 5.38 4.86 4.32 3.83 3.57 3.41 4.48 5.39 5.79 5.62 5.21 5.00 5.20 6.08 7.61 8.84 8.96 8.28 7.38 6.99 6.98 7.37 7.78 8.00 7.79 7.28 6.87 6.86 7.25 7.84 8.82 9.53 9.87 9.90 10.08 10.21 10.27 10.18 9.79 8.92 8.32 8.18 8.32 8.47 8.68 9.14 10.02 10.75 10.83 10.15 9.08 8.21 7.68 7.79 8.34 8.87 9.20 9.49 9.97 10.29 10.29 10.01 9.75 9.53 9.14 8.46 7.71 7.23 7.12 6.93 6.70 6.43
9.03 8.78 8.35 7.98 7.62 7.26 6.99 6.98 6.99 7.06 7.09 7.02 6.80 6.28 5.63 5.16 5.13 5.60 6.30 6.94 7.04 6.84 6.68 6.87 7.59 8.75 9.51 9.42 8.72 7.66 7.00 6.54 6.34 6.53 7.18 7.85 8.18 8.36 8.51 8.77 9.27 9.82 9.90 9.64 9.29 9.26 9.45 9.67 9.67 9.46 8.89 8.46 8.34 8.46 8.62 8.83 9.29 10.01 10.36 9.75 8.69 7.82 7.29 7.15 7.32 7.75 8.07 8.09 8.21 8.47 8.63 8.53 8.13 7.70 7.32 7.13 6.62 5.85 5.09 4.82 4.85 4.60 4.35
9.02 8.78 8.42 8.10 7.82 7.54 7.51 7.72 8.06 8.45 8.76 8.85 8.51 7.89 7.18 6.61 6.33 6.40 6.75 7.52 8.09 8.50 8.73 8.85 9.21 10.02 10.48 10.25 9.66 8.76 8.09 7.48 7.00 7.04 7.67 8.55 9.33 9.91 10.11 10.09 10.04 10.01 9.65 9.13 8.72 8.57 8.66 8.67 8.67 8.76 8.78 8.66 8.54 8.62 8.78 9.09 9.60 10.06 9.76 8.71 7.68 7.16 6.86 6.72 6.83 7.33 7.68 7.60 7.40 7.43 7.39 7.28 7.08 6.55 5.82 5.35 5.01 4.44 3.62 3.01 2.84 2.72 2.56
9.08 8.80 8.39 7.98 7.65 7.50 7.66 8.04 8.58 9.30 9.81 9.93 9.73 9.33 8.78 8.13 7.55 7.27 7.40 8.01 8.69 9.46 9.76 10.01 10.54 11.32 11.39 10.83 10.13 9.62 9.34 9.05 8.72 8.60 8.75 9.09 9.44 9.71 9.81 9.69 9.54 9.45 9.12 8.58 8.16 7.82 7.70 7.51 7.36 7.52 7.91 8.17 8.32 8.58 8.93 9.43 9.77 9.58 8.59 7.39 6.79 6.61 6.50 6.65 7.04 7.57 7.55 7.00 6.50 6.33 6.21 6.10 6.08 5.77 5.00 4.19 3.67 3.32 2.75 2.00 1.73 2.24 2.09
9.10 8.75 8.20 7.77 7.41 7.27 7.30 7.49 7.91 8.50 9.11 9.59 9.98 10.20 10.16 9.80 9.13 8.48 8.30 8.51 8.86 9.58 10.08 10.64 11.37 11.84 11.54 10.56 9.69 9.46 9.61 9.80 9.80 9.47 9.15 8.95 8.78 8.62 8.59 8.80 9.00 9.03 8.72 8.16 7.68 7.33 7.08 6.73 6.44 6.36 6.58 7.02 7.57 8.08 8.71 9.09 8.93 8.10 6.83 6.18 6.07 6.10 6.36 6.90 7.30 7.29 6.70 5.77 5.11 4.80 4.71 4.49 4.31 4.35 4.08 3.44 2.82 2.55 2.28 2.07 2.02 2.28 2.82
8.99 8.52 7.79 7.49 7.29 7.14 6.97 6.72 6.50 6.49 6.85 7.78 8.94 9.95 10.63 10.81 10.49 9.87 9.31 9.11 9.19 9.72 10.27 11.00 11.55 11.51 10.78 9.79 8.82 8.50 8.66 9.04 9.28 9.14 8.90 8.65 8.40 8.33 8.59 8.97 9.07 8.89 8.49 8.11 7.85 7.58 7.21 6.57 5.89 5.51 5.60 6.19 7.05 7.84 8.15 8.01 7.22 6.10 5.39 5.28 5.26 5.25 5.72 6.29 6.34 6.00 5.46 4.78 4.13 3.58 3.31 3.19 3.08 2.96 2.93 2.84 2.70 2.38 2.86 3.17 3.52 3.88 4.43
8.83 8.27 7.53 7.38 7.33 7.26 7.06 6.70 6.11 5.49 5.24 5.74 7.02 8.55 9.83 10.61 10.90 10.76 10.38 10.05 10.01 10.25 10.69 11.29 11.45 10.98 10.12 9.08 8.09 7.46 7.24 7.35 7.77 8.16 8.44 8.56 8.59 8.69 8.99 9.22 9.09 8.73 8.41 8.29 8.17 7.68 6.95 6.01 5.54 5.67 6.21 7.00 7.65 7.86 7.79 6.98 5.86 5.02 4.76 4.71 4.53 4.41 4.56 4.86 5.11 5.29 5.46 5.33 4.87 4.38 4.15 3.95 3.61 3.15 2.90 3.04 3.36 3.78 4.29 4.85 5.40 5.98 6.56
8.75 8.24 7.59 7.45 7.47 7.48 7.39 7.27 6.95 6.34 5.65 5.45 6.06 7.17 8.47 9.61 10.40 10.94 11.14 11.16 11.21 11.39 11.74 11.92 11.57 10.81 9.95 9.00 8.04 7.40 7.07 7.03 7.14 7.44 7.89 8.33 8.56 8.65 8.81 8.98 8.70 8.30 8.05 8.01 7.85 7.10 6.47 6.27 6.79 7.67 8.40 8.74 8.69 8.30 7.89 7.06 6.50 6.14 5.91 5.62 5.30 5.10 5.08 5.32 6.08 6.87 7.37 7.38 7.09 6.76 6.40 5.85 4.99 4.30 4.00 4.12 4.57 5.21 5.88 6.71 7.71 8.72 9.57
8.71 8.20 7.65 7.55 7.65 7.71 7.78 7.96 8.21 8.24 7.84 7.31 7.18 7.48 8.12 9.15 10.12 11.11 11.73 12.15 12.56 12.70 12.66 12.31 11.52 10.69 10.13 9.68 9.05 8.73 8.60 8.42 8.04 7.85 7.97 8.24 8.43 8.54 8.56 8.34 7.94 7.62 7.54 7.61 7.65 7.61 7.96 8.74 9.53 9.98 10.03 9.68 9.12 8.56 8.27 8.22 8.24 8.26 8.16 7.98 7.84 7.89 8.11 8.60 9.17 9.37 9.05 8.61 8.20 7.73 7.05 6.18 5.28 4.90 5.01 5.43 5.96 6.73 7.84 9.48 11.25 12.62 13.60
8.62 8.15 7.67 7.65 7.85 7.97 8.14 8.51 9.13 9.76 10.06 10.05 9.81 9.42 9.29 9.74 10.58 11.72 12.56 13.05 13.50 13.48 12.82 11.96 11.03 10.47 10.33 10.32 10.14 9.90 9.72 9.58 9.24 8.97 8.75 8.62 8.61 8.52 8.22 7.79 7.59 7.73 7.85 8.04 8.34 8.78 9.42 10.02 10.24 10.00 9.66 9.28 8.98 8.72 8.62 8.72 8.81 9.03 9.31 9.60 9.86 10.20 10.49 10.59 10.26 9.53 8.54 7.99 7.57 6.91 6.12 5.49 5.23 5.40 5.95 6.71 7.55 8.78 10.65 12.86 14.60 15.67 16.01
