project/data/elevation/US_DEM2016/US_DEM2016_point_10-27-2019_2236_30m_ang.asc
ncols	125
nrows	167
xllcorner	-2042055.000000
yllcorner	1465035.000000
cellsize	30.000000
NODATA_value	-9999.000000
[rows 56 to 111 of 167, columns 0 to 95 of 125]
36 32 25 22 20 17 14 15 17 13 8 27 33 34 36 36 36 36 33 30 29 29 29 30 30 29 30 32 34 32 24 18 11 8 12 17 19 21 24 26 28 28 27 26 24 23 22 21 20 24 32 34 30 24 20 15 10 11 16 23 30 37 43 49 50 48 43 40 41 42 43 42 42 46 51 55 65 62 55 47 36 23 14 10 344 6 8 7 6 8 9 9 11 12 11 9
32 28 23 21 21 19 16 15 14 11 21 12 21 27 29 30 30 30 27 25 24 25 26 26 27 27 28 30 32 28 21 16 12 9 7 7 12 17 20 23 26 27 29 29 28 26 25 23 20 22 31 35 33 28 23 17 14 17 24 30 34 37 40 46 49 49 46 43 41 38 35 33 35 39 41 42 42 40 35 26 18 11 8 359 8 6 6 4 3 5 6 6 7 8 7 9
28 25 22 21 22 21 19 17 15 10 6 9 17 20 22 23 23 23 22 20 20 20 21 23 24 25 27 30 30 26 20 16 14 11 7 4 7 13 17 21 24 28 31 34 34 31 29 26 22 21 29 35 35 31 24 18 17 22 26 28 29 30 33 40 45 47 45 41 36 32 29 30 34 37 36 32 28 24 17 12 9 8 8 9 9 7 6 3 0 2 3 3 3 5 8 14
26 24 22 21 21 21 22 21 19 13 21 6 12 18 17 18 18 18 18 18 18 18 19 21 23 24 27 30 30 26 22 18 16 14 8 3 5 10 15 19 24 29 35 40 41 36 33 31 26 21 25 33 35 30 21 16 18 22 24 23 24 25 27 34 39 41 39 35 31 28 28 30 32 31 27 22 17 13 9 7 8 10 12 12 11 8 7 3 358 359 359 359 1 5 13 23
24 24 22 21 20 22 25 26 24 18 8 5 9 13 14 16 18 19 19 20 20 20 20 22 24 27 29 32 31 28 24 21 17 12 5 1 3 8 12 17 24 32 40 45 45 40 36 33 27 19 17 23 27 22 14 12 15 19 22 22 22 21 21 27 34 36 35 33 29 26 26 26 25 22 18 15 11 9 8 9 12 16 15 14 352 10 7 2 356 356 356 356 359 7 17 23
24 24 24 22 21 23 28 31 30 24 15 10 13 16 18 20 24 29 31 32 29 27 27 29 30 32 35 37 34 28 25 22 17 10 2 357 1 7 12 18 25 35 44 47 45 36 30 25 19 13 10 11 14 12 7 8 12 17 19 19 18 16 17 22 30 34 34 32 28 24 22 20 16 15 14 12 11 11 12 15 18 20 19 17 14 12 9 1 354 354 354 354 359 8 15 16
28 28 26 24 23 24 28 33 34 30 24 22 27 33 35 35 39 46 50 51 49 45 43 41 38 39 41 41 36 27 24 22 19 14 5 358 360 8 15 21 28 36 43 44 40 30 23 19 14 10 7 8 10 8 3 4 10 14 16 15 13 13 16 21 29 34 36 34 30 24 20 17 14 14 15 15 15 16 19 22 24 24 23 10 17 15 12 2 352 351 352 352 359 6 8 8
32 30 26 23 22 23 27 32 34 31 30 33 39 46 51 52 54 49 49 50 54 59 57 48 40 41 43 43 37 26 21 21 21 18 12 4 3 11 19 25 29 35 40 40 36 28 22 19 16 11 9 9 10 7 3 3 7 11 12 12 12 15 20 25 30 36 38 37 33 27 23 20 17 18 21 22 23 24 26 29 30 30 29 26 0 345 14 4 353 349 350 352 359 1 359 2
33 31 25 21 20 22 26 30 30 29 32 35 39 42 44 44 52 35 36 40 44 50 51 44 36 37 41 42 37 27 18 17 19 20 16 10 9 14 20 24 27 32 37 39 35 28 24 22 19 16 14 12 10 7 2 2 5 7 9 12 15 20 25 29 32 38 42 41 37 31 28 26 25 25 28 32 33 32 33 37 38 37 36 34 30 346 16 5 354 349 348 351 357 357 353 357
32 30 24 20 19 21 24 25 25 26 29 32 34 36 37 35 29 23 26 32 37 40 40 34 27 30 36 37 34 26 18 13 14 16 14 8 8 12 16 19 23 29 36 39 37 30 26 24 23 21 18 13 9 5 1 1 3 5 9 15 19 25 29 31 35 42 47 46 40 36 34 33 33 34 36 40 42 42 43 47 49 48 47 44 39 29 16 4 356 350 348 350 355 355 350 352
31 28 23 20 19 20 21 20 19 22 24 27 31 33 35 34 29 20 18 25 31 34 33 29 23 24 29 30 28 24 18 13 10 8 4 1 3 8 12 16 22 29 38 41 39 32 28 26 25 24 21 16 10 4 360 360 2 4 11 18 24 28 31 33 38 45 50 49 43 40 39 39 40 41 44 49 51 52 54 59 62 61 59 54 44 28 12 1 355 351 349 352 355 357 353 351
29 27 23 20 20 20 18 14 26 17 20 23 27 31 32 33 31 24 16 18 24 29 30 29 24 20 22 25 25 23 19 15 11 6 359 355 358 5 12 17 24 32 40 44 42 35 31 28 26 25 24 20 12 2 357 357 1 7 15 23 28 30 32 34 39 46 51 51 47 46 46 45 45 47 50 56 60 61 56 66 69 41 59 50 39 24 8 357 352 349 349 353 358 1 360 356
27 26 23 22 21 20 16 12 12 14 17 21 25 27 29 31 32 28 18 13 18 25 28 28 25 21 21 23 23 22 19 17 13 8 1 354 355 4 13 20 26 34 41 45 44 39 33 30 27 25 25 22 14 2 354 354 2 13 23 29 31 31 32 34 40 49 55 57 55 55 55 54 55 56 57 60 64 62 62 62 62 57 48 39 30 18 7 355 348 344 346 352 359 4 5 0
25 25 24 23 22 20 16 14 16 18 19 20 22 24 26 28 30 29 23 15 15 21 25 27 27 25 24 24 23 21 19 18 16 12 5 358 355 3 12 19 26 34 41 45 45 40 33 30 29 27 24 20 11 356 353 354 8 24 32 35 36 35 34 38 45 54 60 61 61 63 64 64 65 65 64 62 60 60 55 51 48 42 34 28 22 14 5 355 346 342 346 352 360 6 8 6
25 24 24 23 22 19 17 18 23 26 26 23 21 22 24 26 28 29 27 19 15 18 22 26 27 27 26 26 25 22 19 18 17 14 8 360 355 0 9 17 24 33 40 45 45 41 35 32 30 24 18 13 7 359 357 360 17 31 37 40 42 40 41 46 51 55 58 58 57 56 56 57 58 60 60 56 51 47 44 41 37 30 23 17 13 8 2 356 350 347 350 355 1 7 11 12
24 23 23 22 21 18 16 20 25 29 30 27 23 21 22 24 26 28 28 22 15 16 19 23 26 27 28 27 26 23 18 14 12 10 7 360 354 358 7 16 24 33 41 46 47 43 36 30 23 17 12 9 6 2 3 5 17 26 30 35 37 37 38 41 43 45 47 48 47 45 44 45 47 48 48 45 40 37 35 31 26 19 14 9 7 5 3 1 359 356 357 360 4 9 15 18
23 23 22 21 20 16 15 18 23 26 28 26 22 19 19 21 23 25 26 22 16 14 18 22 25 27 28 28 25 22 18 13 10 7 5 359 354 356 6 16 25 34 42 48 48 42 31 23 17 13 12 12 10 5 1 4 11 18 23 26 27 27 27 27 28 32 38 43 44 43 43 43 44 42 39 36 32 29 26 20 14 10 8 6 6 5 5 7 8 7 5 5 8 13 19 21
23 22 20 20 18 15 14 16 19 22 23 22 20 17 16 17 18 20 22 21 16 14 18 23 26 27 28 28 26 23 19 15 11 8 5 360 354 356 6 17 25 32 40 46 46 39 29 21 17 15 15 16 14 7 1 2 7 13 18 20 21 21 21 22 25 29 37 44 48 48 47 46 43 38 33 29 25 21 16 10 6 5 6 8 10 10 11 13 15 15 13 11 12 16 20 19
22 20 19 17 15 14 14 15 15 16 17 18 18 17 16 15 13 13 17 18 17 17 21 27 28 27 27 28 28 26 23 18 14 11 8 2 355 356 5 15 21 28 37 44 45 40 32 26 24 21 20 19 17 9 2 1 5 10 15 18 19 20 21 24 30 36 42 49 52 52 49 45 40 34 28 22 17 13 10 6 4 4 7 12 17 19 17 16 18 19 19 17 16 19 19 17
20 18 16 14 12 13 14 13 10 10 13 17 18 18 16 13 10 9 13 17 19 21 25 30 31 29 26 27 29 29 26 22 18 15 11 3 356 356 4 13 21 28 37 45 47 45 37 32 29 26 21 18 16 10 2 0 4 9 14 18 19 22 26 33 40 45 48 51 52 51 47 41 35 29 21 14 10 9 9 8 7 8 10 16 24 26 22 17 17 20 21 20 19 19 18 16
15 15 15 12 9 10 11 9 8 9 14 19 20 19 16 13 10 9 12 17 21 25 29 32 34 32 26 25 29 31 29 25 21 16 11 4 358 357 5 15 23 29 38 46 49 47 40 33 28 25 20 16 13 8 0 358 3 8 12 17 21 27 34 40 44 46 46 47 47 45 41 34 27 20 14 9 6 8 11 14 15 15 16 19 25 28 26 21 17 17 19 19 18 17 16 15
9 11 14 11 7 7 9 10 12 16 20 22 21 18 15 12 11 11 13 18 22 27 31 34 36 35 29 23 26 30 29 26 22 17 12 7 2 1 6 15 21 27 37 47 51 50 43 36 31 27 22 18 12 3 355 355 1 7 11 16 24 31 36 39 39 39 38 38 38 35 32 26 19 14 11 8 7 10 16 20 21 20 19 18 19 21 23 22 19 17 17 16 14 15 15 15
1 8 15 12 5 5 11 16 23 21 21 21 19 16 13 12 12 13 14 18 23 27 32 36 39 39 33 24 23 28 29 28 24 20 15 12 8 5 8 16 22 29 39 50 55 56 51 44 38 31 24 16 8 359 350 350 358 5 10 19 28 33 32 32 32 32 31 29 26 26 24 21 16 13 12 12 13 16 20 23 24 23 22 20 16 14 15 18 19 18 16 13 12 13 14 14
357 5 15 12 6 7 13 18 19 18 17 16 14 12 11 12 13 14 16 19 24 28 33 38 42 44 39 28 23 28 30 29 27 24 21 17 12 10 11 19 28 35 42 51 57 58 55 47 37 27 17 9 3 357 350 348 357 6 15 25 33 32 29 27 27 25 22 20 20 21 23 21 18 15 17 20 21 22 24 24 25 26 25 24 20 15 12 12 15 15 13 10 9 11 12 12
359 5 11 9 7 8 12 14 15 15 14 12 11 10 12 14 16 17 18 21 25 30 34 39 45 47 45 36 28 31 32 30 29 28 25 20 12 13 14 21 28 32 37 44 50 52 50 41 29 19 11 5 2 359 352 349 356 9 19 27 30 28 25 23 21 17 16 17 20 23 26 27 23 19 21 25 27 27 26 23 23 26 28 28 25 19 14 10 9 9 9 8 6 8 8 8
5 6 5 4 5 8 10 11 12 12 11 9 10 11 15 18 20 20 21 23 27 31 35 41 46 49 49 44 37 38 38 32 29 29 27 22 15 11 14 19 23 25 29 35 42 45 43 36 25 16 10 6 3 360 354 350 5 6 14 19 21 21 20 17 15 13 14 18 23 27 31 32 29 22 22 27 29 29 28 24 20 23 29 31 29 24 17 11 7 4 6 6 3 3 4 4
9 6 1 0 4 7 9 9 10 9 8 9 11 15 18 21 24 25 24 26 30 34 37 42 47 50 51 48 42 40 38 31 23 22 25 17 11 8 11 15 18 21 24 30 37 41 41 36 27 18 12 7 3 359 354 350 2 2 9 14 17 17 16 15 13 14 16 20 25 29 34 36 33 25 21 25 30 30 30 27 21 18 26 32 32 28 21 13 6 3 4 4 0 359 2 5
8 5 0 360 3 6 7 8 7 7 8 10 15 18 21 24 28 29 28 28 33 37 40 44 48 50 50 46 39 32 29 24 15 10 11 9 6 5 9 12 16 20 24 29 36 41 41 38 29 19 12 7 3 359 356 351 2 360 4 11 14 15 16 16 16 16 16 19 23 30 37 40 38 30 23 25 30 32 32 31 27 20 21 31 34 32 26 17 7 3 4 4 0 359 5 13
6 4 1 0 2 4 5 6 6 7 9 13 18 21 23 26 30 33 32 33 36 40 42 45 47 48 47 42 34 26 23 20 15 8 5 3 1 2 5 9 15 21 26 30 36 41 42 38 30 20 13 8 5 2 357 352 349 353 0 6 11 14 17 20 21 18 14 16 22 30 39 44 43 36 28 28 33 35 34 34 33 27 20 26 34 33 28 21 12 6 7 7 5 5 14 25
5 2 358 359 1 3 4 5 6 8 12 16 21 23 26 29 34 38 39 39 39 38 39 40 42 42 42 38 31 25 23 22 18 11 3 356 355 359 4 10 17 22 25 29 35 40 40 36 29 22 16 12 9 4 358 352 348 351 357 3 9 15 20 24 26 20 11 13 22 32 41 45 45 39 32 32 38 41 41 40 38 32 25 22 31 34 30 24 18 13 12 12 12 13 18 24
4 0 355 356 359 2 4 7 8 10 14 19 23 25 28 33 38 43 43 41 38 35 34 35 36 38 39 37 32 27 25 24 22 16 5 354 350 356 6 15 19 22 25 30 36 41 42 38 31 25 21 17 13 8 1 353 2 349 360 3 10 17 23 27 29 23 11 11 21 32 40 44 42 37 30 29 34 40 44 31 42 39 31 24 27 32 30 26 22 19 16 17 16 15 15 19
2 358 353 354 358 3 6 9 10 11 15 20 25 28 31 36 41 42 41 38 34 32 32 33 34 36 38 38 35 29 25 25 24 20 11 358 347 354 7 17 21 25 29 33 39 45 46 43 35 29 25 21 17 13 6 356 349 349 355 3 10 17 23 28 31 26 13 10 19 30 37 41 40 35 29 26 27 29 31 32 32 34 31 25 23 26 27 26 23 19 18 18 16 14 14 17
0 357 353 353 359 4 7 9 11 13 16 21 27 31 34 33 36 35 34 33 32 31 31 32 34 37 40 41 38 32 25 22 23 22 17 7 358 357 6 17 23 27 30 34 41 49 52 49 41 35 31 25 20 16 8 359 352 350 354 1 8 15 22 29 33 29 16 9 16 27 35 40 40 35 29 26 25 25 24 23 22 23 23 21 19 19 19 19 17 16 17 17 15 13 14 15
359 357 354 355 359 4 6 8 11 15 19 24 31 36 36 32 31 31 32 31 31 31 30 32 37 41 44 43 39 33 26 20 20 23 22 14 4 0 6 16 23 26 28 33 42 50 54 52 45 39 34 26 19 12 5 358 352 349 352 359 6 14 23 31 35 32 20 9 13 25 35 42 41 35 30 28 27 26 25 23 22 20 19 19 18 16 14 11 10 12 15 14 11 11 12 10
358 356 354 355 358 2 4 8 14 20 25 32 39 43 36 36 36 36 35 33 32 32 33 36 41 45 47 46 42 35 29 22 18 21 23 19 9 4 7 15 20 23 26 31 40 47 50 47 41 33 26 17 10 5 1 357 352 348 350 358 6 15 25 34 38 35 23 10 11 24 37 45 45 38 31 29 30 30 28 26 25 23 21 20 19 17 14 10 9 12 13 9 6 7 8 9
358 356 353 354 356 0 5 12 20 27 34 40 44 46 45 46 47 46 42 38 37 37 38 40 42 45 47 47 45 40 33 24 16 15 20 20 13 7 9 14 19 22 25 29 36 42 43 40 34 26 19 11 6 4 2 360 355 349 349 357 7 17 27 37 41 39 27 10 8 22 39 48 49 42 31 29 34 36 33 30 29 28 25 23 22 19 17 15 13 15 13 7 2 3 7 13
358 356 352 352 355 360 8 18 27 35 40 42 41 42 43 45 47 46 44 42 42 42 41 39 38 41 44 45 42 37 29 22 13 8 12 17 14 10 10 14 18 20 22 26 32 37 39 37 31 24 19 13 8 7 6 3 358 351 352 360 10 19 29 39 44 41 28 12 7 19 39 50 51 46 34 30 37 41 38 35 35 35 32 28 26 24 22 21 19 18 14 7 1 3 11 21
359 356 351 350 354 2 14 26 35 41 41 38 37 37 38 39 39 37 36 35 35 35 34 33 35 38 40 38 34 29 23 18 13 8 8 13 12 9 10 13 15 17 19 23 29 36 38 37 31 25 21 18 14 11 7 4 0 356 356 3 12 20 29 39 42 39 28 15 8 15 36 49 51 48 41 37 45 50 49 43 42 43 40 35 32 30 28 26 23 19 16 9 4 5 14 20
0 358 353 352 358 9 23 34 41 42 38 34 34 34 33 32 31 28 26 24 24 24 26 29 33 37 38 35 31 28 24 20 15 11 9 9 7 6 8 10 13 15 18 23 30 36 39 38 33 27 23 20 18 14 9 6 4 0 359 5 13 19 26 35 40 38 29 18 9 13 31 46 50 50 47 48 57 63 62 57 54 52 48 42 35 30 27 24 21 19 16 11 6 6 12 15
2 360 357 358 5 19 30 37 40 38 32 29 29 28 27 25 24 21 19 19 20 22 24 28 33 37 39 37 34 33 30 25 20 13 9 6 2 2 5 8 12 15 20 26 32 38 41 40 35 29 25 22 19 17 14 11 8 4 1 5 12 18 24 32 38 38 30 19 9 9 25 41 48 50 49 50 53 57 59 59 57 55 51 41 30 22 18 18 17 17 16 11 6 6 10 14
3 2 2 4 10 18 25 29 31 30 26 23 23 22 21 20 18 18 18 19 23 26 28 29 33 37 39 37 36 35 32 27 19 11 5 1 357 358 3 8 12 18 23 30 35 41 45 44 39 32 28 25 22 20 18 16 12 6 3 6 12 18 24 30 36 37 32 20 7 5 19 36 45 47 47 46 45 44 46 47 43 40 37 29 18 12 12 14 13 15 13 9 5 6 11 15
4 4 5 6 9 15 19 22 23 23 21 18 17 17 16 16 17 18 21 25 29 32 32 31 33 37 37 33 29 27 25 22 17 9 3 357 353 356 2 8 14 21 27 33 38 44 48 48 43 37 34 30 26 22 20 18 14 7 4 7 13 18 25 31 37 38 34 22 8 3 14 30 40 43 43 42 39 36 35 33 29 24 20 16 10 8 10 12 12 12 12 7 4 5 9 13
7 7 6 6 6 11 15 16 17 18 17 15 13 13 14 16 19 23 27 31 34 35 34 32 33 36 34 30 25 24 23 22 19 12 4 356 351 354 2 10 18 25 30 34 38 43 47 47 43 39 36 33 26 21 18 15 12 6 4 8 13 19 26 33 39 40 36 26 12 3 8 21 33 38 39 37 34 29 26 24 19 16 13 12 10 8 10 11 10 11 10 7 3 3 7 13
10 9 6 2 2 6 9 11 13 14 15 13 12 12 15 19 24 29 32 33 33 33 32 31 33 35 34 30 26 25 26 26 24 17 7 358 351 353 3 13 20 25 28 32 36 41 44 44 40 35 32 28 21 15 11 9 8 4 4 8 13 20 27 33 37 39 37 28 15 4 2 12 24 32 35 35 31 27 23 20 17 15 14 14 13 11 10 9 8 10 10 9 5 4 8 15
12 10 6 360 357 359 4 7 10 13 14 14 14 15 19 24 30 34 36 34 31 31 31 31 34 36 36 33 30 29 29 29 27 21 12 2 354 354 4 13 17 21 25 29 34 39 43 42 37 32 29 26 21 13 8 6 5 2 3 8 13 20 26 31 34 37 35 28 17 6 0 5 16 27 33 34 31 27 25 23 21 19 19 20 18 13 10 8 8 10 11 10 8 8 11 17
14 12 7 360 353 353 359 5 10 13 15 17 19 21 24 29 34 38 37 34 31 31 31 33 38 41 40 37 35 33 32 31 29 24 16 7 358 356 2 8 12 17 23 28 34 40 43 42 37 32 30 28 25 19 11 7 3 359 360 6 12 18 24 28 32 34 34 29 20 9 1 1 11 23 31 34 34 31 29 28 26 25 25 25 20 13 8 7 8 11 12 11 10 11 14 17
15 13 8 1 358 351 356 4 9 13 17 21 25 28 31 34 35 34 32 29 28 29 31 34 40 44 45 42 40 38 35 33 30 26 18 8 359 354 357 3 10 16 23 29 35 41 44 43 39 35 34 31 29 25 16 8 2 355 356 3 10 16 22 27 31 34 34 31 24 13 2 359 7 19 29 36 38 37 34 31 29 28 27 25 19 13 8 8 9 11 12 10 10 12 14 17
14 12 8 4 359 359 359 4 9 13 19 27 33 38 40 37 31 27 25 25 25 27 29 33 38 41 42 41 39 37 34 31 28 22 13 5 356 350 354 2 10 18 24 30 36 42 45 45 42 40 38 35 33 30 22 10 1 353 352 359 7 14 21 26 31 34 36 34 28 16 4 357 2 15 27 37 42 41 37 33 31 29 27 24 20 16 12 11 12 13 11 9 9 12 15 18
10 9 8 7 5 1 0 4 9 16 26 36 43 48 47 40 29 24 23 24 24 26 29 32 35 37 37 35 32 29 25 22 19 14 8 1 354 349 353 2 12 20 26 31 36 42 46 46 43 41 40 38 36 34 24 11 359 350 348 354 3 12 20 26 31 34 36 35 30 20 8 358 358 9 23 36 42 43 40 36 33 31 29 26 24 21 18 16 16 14 11 8 9 11 14 19
6 7 9 10 9 6 4 6 14 25 38 47 49 48 46 40 32 25 24 25 26 27 30 32 33 34 34 31 27 23 21 18 15 13 8 2 356 352 353 2 12 20 25 30 35 41 44 44 42 40 39 39 38 34 22 7 356 348 346 350 359 10 20 26 30 33 35 35 32 24 12 2 358 3 19 34 42 44 42 38 36 36 35 32 29 26 22 20 18 14 10 7 9 11 14 19
4 7 11 12 12 10 11 14 23 32 39 42 41 37 33 29 24 21 22 25 27 28 29 31 32 31 31 29 26 24 22 20 18 16 12 6 1 356 353 1 11 19 24 29 34 40 43 43 42 41 40 39 36 28 16 3 353 347 344 346 355 7 18 24 28 31 33 35 34 27 17 6 1 3 14 31 42 44 43 40 36 35 35 31 27 24 21 19 17 13 8 6 7 10 14 21
7 9 11 12 12 12 14 19 24 27 29 28 26 23 20 19 17 17 18 21 23 23 25 29 30 29 31 31 29 27 25 24 22 20 16 11 5 359 355 360 9 17 23 29 35 40 42 42 41 41 39 36 32 25 15 5 355 347 342 344 353 3 14 22 28 31 33 35 35 31 22 12 7 7 13 27 39 44 44 40 34 31 29 26 22 19 17 16 15 12 7 5 7 11 17 24
11 10 10 10 9 10 13 17 19 19 18 17 15 14 14 14 14 16 17 18 18 19 22 27 29 29 32 34 33 31 30 29 26 23 19 15 9 3 358 360 7 16 24 31 37 40 39 38 38 37 34 32 30 25 18 8 357 348 343 343 350 359 11 22 29 32 34 36 36 34 27 18 12 11 12 22 36 42 43 40 34 30 28 27 22 18 14 14 14 11 7 7 10 15 20 25
13 11 9 8 6 7 10 12 13 12 10 9 9 10 13 14 14 15 17 18 19 20 24 27 29 29 33 35 34 32 32 32 29 25 21 16 11 6 1 2 9 19 28 34 37 38 35 33 32 32 31 31 30 27 20 11 2 352 347 345 348 357 8 21 30 34 35 37 38 36 31 22 16 13 13 20 32 40 43 42 37 32 30 28 25 20 15 14 13 11 8 7 11 16 20 24
12 10 9 7 4 5 7 8 8 7 6 6 8 11 16 18 17 17 20 22 23 25 27 29 30 30 34 35 34 32 31 29 27 24 19 15 11 7 3 5 13 22 28 31 34 34 31 27 27 28 30 31 31 28 22 15 7 359 353 349 349 355 6 19 29 34 36 38 39 37 32 25 20 15 14 19 29 38 42 43 39 34 30 28 26 21 16 14 14 12 9 8 11 16 20 23
9 9 9 6 2 3 5 5 3 4 5 8 11 16 21 23 22 22 24 27 29 29 29 29 30 32 35 36 34 32 30 27 25 23 20 16 11 7 5 8 14 20 24 27 29 31 28 23 23 27 30 32 33 30 25 19 14 7 1 356 352 355 5 17 28 34 36 37 38 36 32 27 22 17 15 19 27 36 42 44 41 35 30 28 26 22 17 16 15 14 12 10 11 16 20 24
