project/data/elevation/US_DEM2016/US_DEM2016_point_10-28-2019_0341_30m_vel.asc
ncols	125
nrows	167
xllcorner	-2042055.000000
yllcorner	1465035.000000
cellsize	30.000000
NODATA_value	-9999.000000
[rows 74 to 110 of 167, columns 0 to 83 of 125]
8.08 7.99 8.00 8.23 8.50 8.62 8.65 8.96 9.78 10.78 11.49 11.76 11.62 11.14 10.49 10.15 10.50 11.33 12.04 12.43 12.53 12.10 11.20 10.36 9.83 9.73 10.05 10.49 10.58 10.23 9.71 9.31 8.91 8.62 8.32 8.09 7.99 7.76 7.53 7.57 7.85 8.09 8.27 8.55 8.73 8.62 8.46 8.32 7.93 7.54 7.39 7.64 8.04 8.16 8.00 7.94 8.05 8.34 8.78 9.27 9.70 9.98 9.83 9.32 8.52 7.68 7.31 7.89 8.41 8.13 7.37 6.93 6.81 6.87 7.26 7.97 8.91 10.09 11.50 12.70 13.47 13.77 13.58 13.10
8.18 8.15 8.26 8.51 8.73 8.86 8.96 9.38 10.33 11.04 11.36 11.49 11.61 11.64 11.48 11.41 11.59 11.80 11.75 11.66 11.61 11.28 10.63 10.02 9.56 9.21 9.17 9.64 10.11 10.13 9.72 9.12 8.27 7.70 7.50 7.56 7.65 7.59 7.49 7.45 7.46 7.60 7.85 8.16 8.32 7.95 7.26 6.60 6.38 6.25 6.20 6.46 6.97 7.35 7.47 7.59 7.76 7.86 8.04 8.33 8.69 8.83 8.48 7.65 6.83 6.31 6.25 7.03 8.14 8.48 7.99 7.58 7.56 7.84 8.49 9.41 10.52 11.69 12.39 12.44 11.59 10.20 9.22 8.95
8.29 8.38 8.63 8.86 9.09 9.43 9.93 10.38 10.46 10.12 9.69 9.56 9.93 10.61 11.12 11.53 11.70 11.51 11.00 10.58 10.42 10.26 10.03 9.82 9.60 9.19 8.72 8.85 9.45 9.91 9.91 9.48 8.60 7.90 7.72 7.78 7.77 7.52 7.15 6.86 6.77 7.01 7.47 7.78 8.01 7.89 7.49 6.98 6.68 6.65 6.64 6.58 6.55 6.74 7.14 7.50 7.73 7.75 7.81 7.93 7.93 7.63 7.11 6.70 6.49 6.40 6.62 7.21 8.25 9.03 9.14 9.11 9.54 10.27 11.09 12.05 12.95 13.36 12.98 11.91 10.03 7.48 6.14 5.81
8.32 8.44 8.77 8.97 9.21 9.72 10.03 9.88 9.19 8.26 7.76 8.02 8.78 9.73 10.50 10.96 11.01 10.66 10.12 9.68 9.48 9.46 9.49 9.56 9.55 9.27 8.71 8.53 8.88 9.58 10.12 10.21 9.78 9.34 9.02 8.70 8.24 7.65 7.15 6.97 7.07 7.26 7.39 7.45 7.63 7.58 7.31 6.90 6.52 6.34 6.27 6.24 6.20 6.50 7.04 7.54 7.87 8.02 8.10 8.04 7.66 7.09 6.80 6.98 7.37 7.73 7.98 8.40 9.27 10.42 11.03 11.53 12.32 13.20 13.86 14.30 14.32 13.85 12.94 12.01 10.75 8.71 6.98 5.88
8.15 8.08 8.34 8.55 8.66 8.86 8.78 8.35 8.03 7.64 7.75 8.24 9.05 9.96 10.53 10.74 10.55 10.14 9.67 9.26 8.99 8.92 8.99 9.11 9.14 8.95 8.47 8.18 8.28 8.84 9.66 10.27 10.37 10.10 9.68 9.16 8.51 7.82 7.44 7.25 7.10 6.86 6.70 6.77 6.94 6.76 6.10 5.46 5.18 5.09 5.20 5.52 6.04 6.67 7.27 7.71 8.07 8.19 8.08 7.74 7.32 7.02 7.08 7.65 8.48 9.03 9.55 10.33 11.42 12.16 12.68 13.09 13.66 14.25 14.36 14.15 13.48 12.37 11.75 11.74 11.78 11.11 9.75 8.24
7.90 7.60 7.74 8.04 8.01 7.93 7.93 8.08 8.37 8.71 9.07 9.56 10.26 10.84 10.99 10.75 10.30 9.82 9.41 9.03 8.71 8.55 8.53 8.62 8.67 8.47 7.92 7.43 7.21 7.49 8.08 9.04 9.62 9.65 9.35 8.94 8.44 7.82 7.35 6.89 6.43 6.06 6.00 6.39 6.72 6.50 5.65 5.01 5.01 5.36 5.88 6.54 7.22 7.65 7.83 7.83 7.72 7.44 6.93 6.44 6.40 6.70 7.17 8.05 9.09 10.07 11.16 12.08 12.50 12.71 12.71 12.69 12.87 12.86 12.59 12.11 11.29 10.42 10.07 10.53 11.37 11.84 11.53 10.53
7.67 7.40 7.58 8.10 8.24 8.19 8.33 8.77 9.34 9.73 10.16 10.71 11.26 11.32 10.98 10.35 9.67 9.17 8.81 8.51 8.26 8.15 8.10 8.16 8.29 8.18 7.50 6.47 5.67 5.65 5.94 6.75 7.77 8.46 8.64 8.52 8.38 8.02 7.66 7.24 6.94 6.80 6.92 7.39 7.71 7.57 6.84 6.29 6.36 6.89 7.51 7.99 8.23 8.25 7.96 7.69 7.31 6.92 6.55 6.36 6.55 7.00 7.63 8.62 9.72 10.88 11.76 12.01 11.85 11.57 11.26 11.00 10.72 10.24 9.97 9.97 9.89 9.56 9.14 8.96 9.55 10.75 11.48 11.39
7.62 7.51 7.79 8.43 8.79 8.87 8.98 9.31 9.80 10.27 10.78 11.20 11.26 10.86 10.19 9.47 8.79 8.17 7.79 7.55 7.44 7.50 7.67 7.80 8.03 8.11 7.51 5.88 4.58 4.14 4.07 4.42 5.37 6.70 7.60 8.11 8.25 8.50 8.55 8.57 8.65 8.77 8.99 9.16 9.32 9.24 8.72 8.17 8.08 8.10 8.08 7.97 7.87 7.79 7.76 7.75 7.85 8.09 8.35 8.43 8.50 8.67 9.04 9.72 10.43 10.95 10.91 10.37 10.08 10.07 9.94 9.70 9.39 8.86 8.73 8.93 9.25 9.43 9.18 8.53 8.30 8.91 10.21 11.05
7.95 7.93 8.06 8.31 8.60 8.89 9.19 9.56 10.03 10.50 10.88 10.91 10.48 9.76 9.07 8.56 8.11 7.59 7.09 6.82 6.75 6.80 6.92 7.25 7.69 8.09 7.92 6.62 4.75 3.92 3.63 3.72 4.20 5.08 6.39 7.48 7.98 8.52 8.87 9.25 9.63 9.93 10.05 10.01 10.09 10.15 9.89 9.37 8.91 8.39 7.92 7.74 7.86 8.05 8.08 8.13 8.46 8.88 9.31 9.65 9.86 10.02 10.23 10.41 10.53 10.29 9.68 9.26 9.26 9.45 9.42 9.16 8.78 8.34 8.23 8.39 8.74 9.13 9.23 8.91 8.24 7.96 8.57 9.89
8.27 8.35 8.34 8.20 8.30 8.69 9.17 9.68 10.12 10.40 10.44 10.10 9.48 8.86 8.37 8.00 7.71 7.38 6.95 6.55 6.28 6.18 6.21 6.52 7.15 7.89 8.31 7.89 6.58 5.66 5.31 5.26 5.10 5.23 6.00 7.05 7.56 8.10 8.61 9.15 9.52 9.65 9.63 9.53 9.68 10.01 10.04 9.68 9.19 8.76 8.64 8.73 8.77 8.70 8.45 8.39 8.62 8.67 9.00 9.54 10.05 10.34 10.47 10.29 9.89 9.38 9.10 9.23 9.42 9.42 9.21 8.78 8.11 7.45 7.05 7.21 7.65 8.11 8.48 8.66 8.32 7.62 7.33 8.32
8.26 8.37 8.49 8.49 8.58 8.87 9.28 9.74 10.01 10.00 9.72 9.20 8.65 8.22 7.88 7.55 7.28 7.11 6.83 6.34 5.93 5.78 5.83 6.15 6.88 7.81 8.65 9.07 9.12 8.89 8.49 7.86 7.18 6.70 6.64 7.13 7.79 8.42 8.92 9.10 8.97 8.76 8.74 8.95 9.23 9.68 9.99 10.04 10.06 10.07 9.86 9.58 9.20 8.85 8.54 8.51 8.60 8.77 9.18 9.59 9.99 10.17 10.10 9.72 9.14 8.78 8.83 9.16 9.28 9.16 8.91 8.46 7.52 6.32 5.42 5.29 5.68 6.26 6.87 7.41 7.67 7.33 6.65 6.88
8.14 8.26 8.53 8.81 9.06 9.30 9.50 9.62 9.63 9.43 9.01 8.49 8.04 7.71 7.44 7.13 6.81 6.59 6.31 5.91 5.72 5.84 6.17 6.68 7.44 8.22 9.01 9.71 10.32 10.62 10.53 9.94 9.02 8.21 7.87 8.02 8.65 9.24 9.18 8.75 8.27 8.17 8.47 8.85 9.10 9.53 10.06 10.47 10.84 11.03 10.74 10.09 9.49 9.07 8.67 8.63 8.83 9.07 9.26 9.33 9.37 9.36 9.28 9.07 8.65 8.39 8.35 8.50 8.48 8.49 8.61 8.62 7.99 6.60 5.19 4.54 4.22 4.22 4.61 5.22 6.01 6.43 6.12 5.99
8.19 8.37 8.72 9.06 9.33 9.41 9.30 9.11 9.01 8.83 8.50 8.07 7.66 7.33 7.05 6.74 6.41 6.14 6.03 5.72 5.78 6.20 6.78 7.40 8.05 8.62 9.11 9.57 9.99 10.30 10.49 10.54 10.14 9.32 8.75 8.66 8.90 8.94 8.45 7.95 7.75 7.85 8.04 8.26 8.46 8.88 9.47 9.94 10.37 10.70 10.76 10.50 10.11 9.63 9.03 8.76 9.13 8.62 8.64 8.45 8.33 8.30 8.40 8.48 8.35 8.09 7.86 7.74 7.71 7.90 8.33 8.96 9.19 8.70 7.32 5.92 4.78 4.02 3.60 4.00 4.14 4.81 5.04 4.96
8.30 8.49 8.76 8.92 8.92 8.75 8.58 8.54 8.58 8.52 8.20 7.83 7.43 7.03 6.60 6.29 6.24 6.32 6.43 6.43 6.42 6.56 6.93 7.49 8.06 8.49 8.77 8.99 9.08 9.00 9.28 9.94 10.41 10.26 9.68 9.02 9.14 7.82 7.47 7.50 7.47 7.34 7.18 7.24 7.59 7.94 8.28 8.46 8.69 8.98 9.21 9.45 9.59 9.55 9.24 8.83 8.47 8.11 7.95 7.94 7.93 8.04 8.23 8.31 8.24 7.99 7.74 7.58 7.49 7.71 8.19 8.93 9.73 10.29 10.25 9.21 7.96 6.77 5.81 5.10 4.68 4.58 4.62 4.67
8.31 8.44 8.52 8.45 8.25 8.12 8.26 8.61 8.76 8.51 8.03 7.56 7.13 6.69 6.32 7.28 6.67 7.30 7.59 7.61 7.40 7.17 7.19 7.45 7.72 7.90 8.04 8.28 8.48 8.37 8.43 8.97 9.82 10.33 10.24 9.45 8.30 7.53 7.25 7.40 7.34 7.14 7.06 7.19 7.37 7.35 7.25 6.92 6.59 6.38 6.55 6.83 7.27 7.81 8.09 8.21 8.17 8.10 8.11 8.22 8.35 8.42 8.36 8.23 8.11 7.95 7.77 7.67 7.59 7.78 8.17 8.57 9.32 10.36 11.21 11.43 11.10 10.44 9.66 8.75 7.74 6.99 6.83 6.59
8.27 8.36 8.41 8.35 8.27 8.41 8.76 8.98 8.82 8.32 7.64 6.97 6.46 6.13 6.09 6.35 6.90 7.45 7.82 8.03 8.02 7.85 7.65 7.46 7.23 7.03 7.04 7.40 7.93 8.27 8.31 8.36 8.69 9.41 9.84 9.61 8.68 7.99 7.59 7.60 7.63 7.72 7.78 7.76 7.63 7.34 6.95 6.25 5.39 4.96 4.91 5.05 5.37 6.05 6.88 7.56 7.98 8.23 8.39 8.55 8.61 8.42 8.13 7.87 7.76 7.69 7.59 7.61 7.62 7.74 7.92 8.05 8.42 9.14 10.03 10.93 11.47 11.63 11.59 11.36 10.88 10.27 9.73 9.23
8.26 8.32 8.45 8.57 8.71 8.97 9.11 8.89 8.32 7.58 6.80 5.97 5.39 5.22 6.64 5.32 5.54 5.96 6.65 7.26 7.71 7.87 7.66 7.16 6.63 6.31 6.31 6.59 6.96 7.29 7.50 7.49 7.56 8.15 9.00 9.41 8.98 8.45 8.09 8.12 8.21 8.33 8.36 8.38 8.29 8.09 7.80 7.27 6.52 5.93 5.77 6.03 6.64 7.31 7.86 8.14 8.26 8.34 8.35 8.31 8.18 7.88 7.65 7.49 7.39 7.28 7.15 7.25 7.35 7.37 7.40 7.46 7.41 7.38 7.74 8.43 9.39 10.14 10.79 11.31 11.49 11.36 11.12 10.83
8.25 8.31 8.45 8.68 8.93 9.07 8.86 8.25 7.41 6.54 5.81 5.26 4.99 4.86 4.61 4.26 4.16 4.47 5.04 5.77 6.40 6.88 6.95 6.77 6.61 6.53 6.42 6.25 6.01 5.84 5.95 6.16 6.42 6.99 8.00 8.85 8.93 8.54 8.27 8.40 8.48 8.59 8.75 9.08 9.23 9.28 9.23 9.06 8.88 8.65 8.32 8.51 8.97 9.28 9.25 8.81 8.42 8.20 7.95 7.65 7.41 7.26 7.16 7.13 7.04 6.83 6.66 6.79 6.87 6.85 6.89 6.92 6.66 6.18 6.01 6.28 6.94 7.66 8.36 9.12 9.82 10.20 10.28 10.44
8.25 8.32 8.50 8.76 8.91 8.72 8.11 7.26 6.42 5.77 5.40 5.29 5.31 5.34 5.17 4.79 4.44 4.36 4.53 4.90 5.34 5.79 6.23 6.67 7.04 7.26 7.22 6.88 6.46 6.21 6.14 6.26 6.48 6.74 7.23 8.03 8.50 8.44 8.36 8.53 8.66 8.88 9.21 9.70 9.92 10.09 10.20 10.21 10.26 10.42 10.45 10.24 9.86 9.34 8.81 8.48 8.23 7.95 7.52 7.04 6.69 6.57 6.62 6.72 6.79 6.73 6.67 6.70 6.63 6.55 6.61 6.74 6.57 5.94 5.34 5.08 5.37 5.83 6.14 6.54 7.20 7.88 8.10 8.18
8.26 8.32 8.46 8.59 8.42 7.83 6.98 6.18 5.64 5.40 5.41 5.52 5.70 5.95 6.16 6.20 5.98 5.71 5.68 5.88 6.19 6.54 6.93 7.29 7.50 7.73 8.07 8.35 8.48 8.47 8.35 8.25 8.16 7.95 7.52 7.63 8.12 8.47 8.74 8.98 9.16 9.44 9.76 10.03 10.01 10.08 10.28 10.42 10.51 10.70 10.79 10.61 9.99 9.04 8.39 8.33 8.28 7.96 7.41 6.85 6.46 6.33 6.51 6.79 7.06 7.19 7.21 7.10 6.80 6.63 6.59 6.82 6.81 6.19 5.14 4.18 3.90 4.06 4.16 4.35 4.91 5.74 6.03 5.94
8.26 8.26 8.19 7.92 7.29 6.39 5.53 5.07 4.99 5.14 5.39 5.74 6.09 6.47 6.99 7.54 7.90 8.03 8.18 8.39 8.59 8.69 8.64 8.40 8.09 8.00 8.38 8.89 9.30 9.40 9.29 9.06 8.75 8.35 7.76 7.69 8.10 8.70 9.23 9.53 9.70 9.82 9.86 9.79 9.54 9.51 9.80 10.14 10.39 10.51 10.38 10.29 10.26 10.07 9.61 9.08 8.63 8.20 7.80 7.50 7.31 7.21 7.29 7.45 7.58 7.55 7.43 7.29 7.06 7.01 7.04 7.21 7.18 6.47 5.05 3.60 2.88 2.67 2.71 2.84 3.11 3.70 4.32 4.60
8.23 8.22 7.97 7.35 6.42 5.51 4.93 4.74 4.91 5.27 5.70 6.27 6.88 7.45 8.07 8.82 9.45 9.97 10.31 10.39 10.19 9.81 9.30 8.85 8.52 8.31 8.22 8.08 7.97 7.94 7.75 7.55 7.42 7.33 7.41 7.81 8.36 8.95 9.47 9.68 9.68 9.54 9.25 8.92 8.79 8.80 9.09 9.49 9.87 10.14 10.08 10.01 10.08 10.19 10.05 9.46 8.82 8.35 8.07 7.95 7.97 8.05 8.03 8.04 7.99 7.76 7.40 7.27 7.35 7.67 7.79 7.85 7.88 7.26 5.63 4.16 3.29 2.85 2.67 2.58 2.60 2.81 3.33 3.93
8.24 8.19 7.89 7.35 6.76 6.32 6.07 5.96 6.01 6.24 6.58 7.14 7.86 8.59 9.29 9.88 10.39 10.70 10.71 10.40 9.82 9.18 8.70 8.56 8.69 8.75 8.45 7.79 7.22 6.99 6.89 6.86 7.01 7.12 7.41 7.99 8.59 9.03 9.30 9.35 9.21 8.91 8.50 8.14 8.02 8.07 8.19 8.44 8.71 8.80 8.87 8.98 9.03 9.03 8.95 8.80 8.50 8.16 7.89 7.73 7.80 8.06 8.20 8.28 8.29 8.17 7.85 7.66 7.76 8.02 8.07 8.16 8.63 8.64 7.37 5.88 4.77 4.08 3.78 3.59 3.48 3.47 3.74 4.36
8.17 8.07 7.74 7.64 7.52 7.50 7.51 7.59 7.76 7.85 7.91 8.21 8.84 9.61 10.25 10.56 10.56 10.27 9.70 8.96 8.31 7.92 7.81 8.01 8.45 8.96 9.10 8.98 8.81 8.77 8.79 8.72 8.48 8.16 8.02 8.26 8.59 8.83 8.90 8.80 8.50 8.14 7.85 7.67 7.57 7.59 7.64 7.64 7.43 6.98 6.71 6.85 7.17 7.35 7.48 7.72 7.88 7.86 7.78 7.73 7.83 8.07 8.12 8.06 8.01 8.05 8.01 7.90 7.75 7.69 7.68 7.90 8.93 9.73 9.39 8.03 6.70 5.67 5.54 5.47 5.32 5.21 5.44 6.18
8.01 7.85 7.65 7.84 7.90 8.19 8.51 8.86 9.24 9.49 9.56 9.64 9.99 10.44 10.61 10.44 9.94 9.21 8.46 7.88 7.58 7.45 7.48 7.71 8.13 8.84 9.43 9.98 10.30 10.43 10.42 10.22 9.77 9.15 8.63 8.50 8.54 8.55 8.46 8.20 7.80 7.49 7.43 7.53 7.63 7.77 7.85 7.76 7.26 6.47 5.84 5.56 5.46 5.76 6.38 7.09 7.67 7.92 7.94 7.95 8.07 8.19 8.00 7.73 7.53 7.55 7.58 7.46 7.19 7.10 7.11 7.52 8.84 10.25 10.85 10.46 9.39 8.33 8.24 8.18 8.02 7.89 8.03 8.35
7.97 7.85 7.77 7.95 8.36 8.96 9.58 10.05 10.36 10.59 10.70 10.72 10.66 10.48 10.09 9.48 8.81 8.16 7.68 7.47 7.68 7.95 8.13 8.25 8.44 8.74 8.99 9.30 9.59 9.76 9.84 9.87 9.78 9.45 8.87 8.52 8.38 8.16 7.83 7.55 7.44 7.61 7.81 8.00 8.16 8.34 8.41 8.48 8.38 8.04 7.46 6.78 6.07 6.15 6.74 7.42 7.95 8.26 8.38 8.41 8.38 8.33 8.10 7.89 7.75 7.65 7.48 7.26 7.07 7.10 7.23 7.63 8.67 9.99 11.14 11.72 11.71 11.26 10.98 10.86 10.66 10.33 9.98 9.51
8.07 8.00 7.92 8.08 8.57 9.22 9.78 10.17 10.38 10.51 10.59 10.55 10.28 9.73 9.01 8.31 7.76 7.38 7.12 7.12 7.63 8.19 8.53 8.65 8.65 8.54 8.22 7.91 7.79 7.89 8.14 8.59 9.05 9.21 8.85 8.40 8.04 7.63 7.29 7.33 7.80 8.38 8.61 8.66 8.65 8.68 8.70 8.86 9.09 9.36 9.41 9.13 8.52 7.98 7.85 7.91 8.10 8.41 8.74 8.88 8.84 8.79 8.62 8.49 8.39 8.27 8.11 7.97 7.95 7.88 7.82 7.94 8.37 9.08 10.15 11.32 12.01 12.17 12.10 11.92 11.44 10.83 10.11 9.24
8.08 8.03 7.88 7.92 8.18 8.53 8.74 8.92 9.09 9.27 9.42 9.39 9.11 8.60 7.98 7.41 7.02 6.92 6.97 7.15 7.54 7.91 8.23 8.33 8.17 7.79 7.25 6.79 6.40 6.25 6.52 7.05 7.72 8.20 8.36 8.21 7.91 7.65 7.70 8.16 8.71 8.94 8.94 8.88 8.82 8.74 8.68 8.63 8.79 9.10 9.47 9.74 9.67 9.11 8.29 7.87 7.96 8.32 8.71 9.00 9.18 9.30 9.23 9.13 9.01 8.92 8.82 8.71 8.58 8.26 8.04 8.00 8.04 8.35 9.09 10.01 10.69 11.07 11.28 11.30 10.94 10.29 9.48 8.57
8.07 8.03 7.97 7.92 7.85 7.65 7.52 7.46 7.59 7.87 8.08 8.06 7.77 7.31 6.79 6.49 6.65 7.16 7.82 8.28 8.37 8.36 8.35 8.30 7.98 7.29 6.42 5.80 5.34 5.08 5.12 5.41 5.84 6.46 7.05 7.47 7.80 8.13 8.51 8.82 8.91 8.84 8.70 8.67 8.66 8.61 8.51 8.29 8.06 7.92 8.04 8.46 8.90 8.83 8.18 7.76 7.84 8.19 8.57 8.97 9.36 9.61 9.61 9.54 9.42 9.27 9.04 8.68 8.24 7.74 7.61 7.67 7.77 8.04 8.51 8.91 9.14 9.23 9.46 9.97 10.30 10.23 9.89 9.45
8.28 8.41 8.58 8.42 7.98 7.48 7.08 6.87 6.92 7.10 7.14 6.90 6.46 5.93 5.51 5.63 6.48 7.72 8.68 9.16 9.30 9.23 9.05 8.85 8.64 8.26 7.34 6.26 5.50 5.09 4.85 4.84 5.08 5.50 6.10 6.85 7.61 8.15 8.30 8.22 8.10 8.09 8.13 8.19 8.28 8.35 8.35 8.06 7.47 6.92 6.66 6.72 7.10 7.62 7.68 7.58 7.66 7.97 8.36 8.78 9.22 9.53 9.56 9.53 9.47 9.36 9.11 8.64 8.02 7.45 7.25 7.31 7.47 7.66 7.93 8.34 8.45 8.28 8.03 8.35 9.07 9.75 10.24 10.52
8.56 8.81 9.01 8.79 8.32 7.76 7.31 7.07 6.89 6.57 6.06 5.50 5.04 4.77 4.60 4.69 5.52 6.87 7.94 8.73 9.19 9.37 9.33 9.26 9.32 9.45 9.26 8.46 7.65 7.26 7.04 6.79 6.78 6.87 7.10 7.47 7.83 7.94 7.75 7.53 7.42 7.44 7.66 7.85 8.05 8.21 8.32 8.18 7.63 6.97 6.46 5.90 5.59 5.83 6.29 6.82 7.33 7.76 8.13 8.51 8.88 9.06 9.11 9.12 9.21 9.35 9.39 9.13 8.58 7.85 7.37 7.23 7.23 7.35 7.72 8.22 8.48 8.32 7.62 7.11 7.25 7.84 8.58 9.29
8.45 8.56 8.60 8.44 8.15 7.75 7.36 6.96 6.42 5.65 4.81 4.34 4.28 4.52 4.70 4.71 4.94 5.54 6.39 7.32 7.97 8.41 8.80 9.14 9.44 9.86 10.35 10.56 10.43 10.24 10.01 9.78 9.54 9.17 8.84 8.56 8.27 7.98 7.74 7.58 7.47 7.46 7.69 7.87 8.04 8.21 8.48 8.68 8.48 7.89 7.15 6.17 5.19 4.97 5.48 6.40 7.27 7.82 8.14 8.42 8.55 8.55 8.57 8.74 8.98 9.30 9.62 9.66 9.26 8.41 7.77 7.49 7.37 7.32 7.45 7.82 8.38 8.54 8.01 7.09 6.32 5.98 6.05 6.45
8.06 7.91 7.83 7.86 7.77 7.51 7.14 6.43 5.72 5.17 4.89 4.85 5.11 5.71 6.62 7.27 6.98 6.55 6.44 6.54 6.87 7.42 8.22 8.88 9.22 9.60 10.22 10.84 11.25 11.43 11.31 11.07 10.74 10.21 9.60 9.02 8.51 8.14 7.86 7.66 7.69 7.86 8.05 8.04 8.00 8.08 8.46 8.94 9.07 8.61 7.75 6.75 6.11 6.07 6.54 7.09 7.55 7.87 8.15 8.25 8.09 8.00 8.22 8.61 8.90 9.17 9.53 9.86 9.83 9.28 8.51 8.06 7.69 7.26 6.93 7.11 7.88 8.47 8.40 7.70 6.77 6.10 5.73 5.70
7.89 7.68 7.54 7.62 7.69 7.63 7.30 6.76 6.27 6.13 6.45 7.01 7.65 8.59 9.65 10.37 10.59 9.98 8.95 8.30 8.11 8.33 8.81 9.05 9.11 9.19 9.34 9.58 9.94 10.36 10.55 10.55 10.43 10.14 9.75 9.27 8.77 8.36 7.96 7.72 7.89 8.27 8.42 8.17 7.88 7.80 8.14 8.76 9.26 9.25 8.76 8.21 7.92 7.91 7.88 7.71 7.57 7.69 7.89 7.86 7.70 7.74 8.05 8.38 8.58 8.73 9.00 9.44 9.83 9.85 9.26 8.58 7.97 7.35 6.92 6.92 7.52 8.26 8.55 8.33 7.97 7.81 7.68 7.30
8.00 7.85 7.71 7.79 7.98 8.19 8.31 8.28 8.20 8.33 8.90 9.76 10.69 11.44 11.87 12.08 12.30 12.20 11.74 11.19 10.73 10.37 10.00 9.53 9.25 9.07 8.86 8.66 8.46 8.46 8.70 8.94 9.05 9.12 9.18 9.17 9.00 8.64 8.25 8.04 8.11 8.14 8.02 7.81 7.63 7.65 7.99 8.68 9.55 10.21 10.35 10.07 9.66 9.20 8.52 7.86 7.63 7.73 7.79 7.72 7.68 7.75 7.81 7.87 7.95 7.99 8.12 8.53 9.11 9.49 9.34 8.81 8.25 7.76 7.39 7.27 7.58 8.16 8.58 8.64 8.56 8.58 8.64 8.52
8.19 8.16 8.12 8.19 8.38 8.68 9.05 9.44 9.89 10.41 11.03 11.69 12.11 12.18 11.95 11.64 11.46 11.62 11.74 11.61 11.30 10.85 10.28 9.69 9.32 9.08 8.88 8.76 8.48 8.02 7.69 7.64 7.68 7.83 8.10 8.44 8.67 8.63 8.41 8.08 7.68 7.25 7.00 7.11 7.51 7.84 8.27 8.91 9.79 10.72 11.24 11.20 10.84 10.29 9.55 8.86 8.55 8.37 8.17 7.98 7.81 7.64 7.49 7.47 7.54 7.55 7.53 7.72 8.15 8.64 8.88 8.73 8.37 8.02 7.75 7.62 7.70 8.07 8.47 8.53 8.32 8.14 8.15 8.30
8.36 8.44 8.47 8.50 8.64 8.87 9.20 9.71 10.48 11.21 11.64 11.68 11.37 10.81 10.24 9.79 9.52 9.56 9.66 9.80 9.82 9.72 9.55 9.37 9.25 9.04 8.82 8.84 8.89 8.76 8.46 8.21 8.17 8.17 8.12 8.10 8.21 8.34 8.23 7.80 7.27 6.94 7.01 7.44 7.99 8.36 8.71 9.16 9.72 10.41 10.98 11.25 11.28 11.18 10.93 10.44 9.91 9.33 8.74 8.26 7.86 7.52 7.37 7.36 7.41 7.42 7.37 7.41 7.67 8.06 8.41 8.48 8.29 8.06 7.88 7.76 7.77 8.06 8.42 8.47 8.22 8.02 7.96 8.05
