project/data/elevation/US_DEM2016/US_DEM2016_point_10-28-2019_0745_30m_ang.asc
ncols	125
nrows	167
xllcorner	-2042055.000000
yllcorner	1465035.000000
cellsize	30.000000
NODATA_value	-9999.000000
[rows 58 to 115 of 167, columns 0 to 95 of 125]
354 356 0 4 8 9 8 6 5 5 5 7 11 13 13 13 11 10 8 6 4 3 4 4 3 4 4 3 359 357 357 358 359 0 1 1 2 5 6 7 7 5 0 355 352 353 357 359 360 1 8 17 22 22 19 16 14 14 13 12 12 11 12 14 15 16 16 15 11 6 3 5 11 16 15 8 3 359 354 350 347 347 349 354 357 359 360 359 358 358 358 358 356 353 353 357
350 353 359 4 8 10 11 10 10 8 14 4 7 8 8 7 7 5 5 4 3 2 1 1 2 4 5 3 1 359 359 360 1 3 2 1 1 2 3 4 5 5 3 1 357 356 357 360 358 357 2 13 20 21 18 15 14 14 12 9 8 6 7 10 14 16 16 13 8 5 5 10 15 15 9 2 357 353 350 348 348 350 354 358 360 0 1 359 357 356 356 354 352 352 356 6
348 352 359 3 6 10 13 15 15 12 6 2 2 3 3 3 3 3 2 2 2 1 359 359 2 4 4 2 2 3 3 2 1 1 359 359 360 0 1 2 4 7 8 8 5 0 359 358 355 353 356 4 13 15 13 12 12 12 10 8 5 2 2 6 12 16 16 12 7 6 8 11 12 8 3 359 355 353 352 352 353 356 359 0 1 1 1 358 355 354 353 351 350 353 2 10
348 352 360 4 6 9 14 19 21 18 10 4 1 1 0 1 3 5 5 4 1 359 358 360 3 4 2 1 1 3 5 6 3 360 357 356 357 359 0 2 5 9 13 13 10 4 0 357 353 352 353 358 4 7 7 7 8 9 8 6 2 358 358 2 9 16 17 13 8 7 8 8 5 2 0 358 357 356 357 358 360 2 3 2 2 2 1 358 353 352 351 349 349 355 4 7
349 353 0 4 7 10 15 21 25 23 17 12 8 5 2 2 7 14 16 10 1 356 357 2 4 2 359 358 358 0 4 7 7 3 359 356 356 359 2 4 7 11 14 13 10 5 1 358 355 353 354 357 1 4 4 4 5 5 4 1 357 356 357 1 8 15 17 14 11 9 8 6 3 2 1 1 0 1 3 5 6 7 7 6 5 4 2 357 352 350 349 347 349 355 359 360
354 356 0 4 7 10 15 22 27 26 24 21 19 15 9 4 8 15 17 13 6 358 356 359 359 357 355 355 355 356 359 4 7 7 4 0 359 1 5 7 9 9 10 10 8 6 4 1 359 357 357 359 3 4 3 2 2 1 358 355 354 356 359 4 10 14 15 14 13 11 9 6 4 4 5 5 5 6 9 11 12 13 13 11 9 6 2 357 351 348 347 346 349 352 353 354
359 359 1 3 6 10 16 23 26 26 26 25 23 20 14 7 3 5 10 12 11 7 359 353 351 351 352 353 354 354 355 358 3 7 8 6 5 5 7 8 7 6 6 7 7 6 5 4 3 2 1 2 3 4 2 0 360 357 354 353 354 358 3 8 11 12 13 14 14 12 10 8 6 6 8 10 11 10 13 17 19 19 18 17 14 8 2 356 350 346 345 345 348 349 348 349
360 1 3 5 7 11 17 22 23 23 23 22 21 20 17 11 2 357 2 8 12 11 4 354 348 348 350 353 355 356 354 353 357 3 6 6 6 6 5 5 4 3 4 6 7 6 5 5 6 7 6 4 3 3 1 359 357 354 352 353 358 3 7 10 11 12 13 14 14 13 11 11 10 9 11 15 17 16 17 23 26 26 25 24 19 9 359 353 348 345 344 344 346 347 345 345
359 1 4 6 8 13 17 18 18 18 18 18 19 20 19 15 6 357 355 2 8 9 6 359 350 347 349 353 357 359 358 355 355 357 359 0 1 2 3 2 2 3 5 7 7 5 5 6 8 10 9 6 3 2 360 358 355 352 352 357 2 6 10 12 13 13 13 13 13 13 13 14 14 13 14 19 24 25 25 31 37 38 36 32 22 6 352 347 346 345 345 345 346 347 345 345
358 0 4 7 10 14 15 13 12 12 12 15 17 19 19 17 11 1 354 356 2 6 6 2 354 348 348 353 358 1 1 359 357 355 355 355 356 359 1 2 3 4 7 9 8 5 4 6 8 10 11 9 5 1 357 355 353 352 355 2 6 9 11 12 12 12 13 14 14 15 16 16 18 20 20 25 32 36 38 44 49 47 41 31 15 357 345 342 342 343 344 347 349 350 349 349
356 360 5 9 12 15 14 10 8 7 8 11 14 16 17 17 14 7 357 353 356 1 4 2 356 351 350 354 358 2 3 2 360 358 355 354 354 358 1 3 4 6 9 12 11 6 4 6 7 8 10 9 5 359 354 351 352 355 1 6 8 10 11 10 10 13 17 20 18 19 20 21 23 27 29 33 40 46 48 48 46 40 30 17 3 350 343 340 339 339 342 347 351 354 355 353
356 359 7 11 14 15 14 12 9 7 6 7 10 12 13 14 15 12 3 355 354 357 360 0 357 354 354 356 358 0 2 3 3 1 358 355 355 358 1 2 3 7 11 14 13 8 6 7 8 8 7 5 1 356 352 350 354 2 9 10 10 11 9 8 11 18 25 29 27 26 28 29 30 35 39 42 45 46 44 37 30 22 14 5 356 348 343 341 338 337 341 348 353 357 359 358
356 360 7 12 15 16 15 15 15 13 9 5 4 6 8 11 13 13 8 360 355 356 356 357 358 358 358 359 360 360 359 0 2 2 0 357 355 356 359 0 3 7 12 15 14 11 9 10 9 6 1 358 357 355 354 354 2 10 14 14 15 13 11 11 15 22 27 29 28 24 24 25 27 34 40 41 38 34 28 23 16 9 3 357 351 347 346 344 342 342 345 351 356 359 2 3
357 0 7 12 16 16 15 16 18 18 14 6 360 359 3 6 9 11 10 3 358 356 355 356 358 1 3 3 3 1 358 356 357 359 359 357 354 355 357 359 3 8 14 17 17 15 12 9 5 1 358 357 357 357 357 0 7 11 13 14 15 14 11 11 12 14 19 22 22 19 17 19 23 28 31 29 26 21 17 11 6 1 357 353 350 349 350 351 351 350 352 356 359 2 6 9
358 1 7 13 16 15 14 15 16 17 15 10 2 357 358 1 4 7 8 4 359 356 356 356 359 4 7 7 6 3 360 357 356 356 356 355 354 354 356 360 5 10 15 18 18 15 9 4 1 359 360 0 1 0 360 1 5 8 10 11 12 10 8 6 5 7 14 20 22 20 20 22 26 26 23 19 16 11 7 1 357 356 355 353 351 352 355 359 1 0 0 1 3 6 11 13
359 1 7 13 15 14 13 12 12 13 12 10 5 1 359 358 359 1 3 3 359 357 357 358 1 5 8 9 8 5 2 360 358 357 357 355 353 353 356 1 6 10 14 17 16 11 6 3 2 2 3 5 5 3 360 359 2 5 7 8 8 6 4 3 3 7 15 22 26 28 28 29 27 22 16 11 8 3 357 353 352 353 354 355 356 357 0 5 8 9 8 7 8 10 13 14
359 2 7 12 13 13 12 9 7 6 6 6 6 4 1 358 356 356 358 0 0 359 359 2 4 6 8 10 10 8 5 2 1 0 359 357 354 354 357 1 5 8 12 15 14 10 6 4 5 4 5 7 7 4 0 359 360 1 3 5 5 3 2 3 8 15 21 28 32 35 33 29 24 16 9 4 0 356 351 349 350 352 355 358 2 5 5 6 11 14 14 13 12 13 15 14
359 2 7 10 11 12 10 5 1 360 1 3 5 4 2 358 354 352 354 357 0 2 4 6 7 6 6 9 12 11 8 6 3 2 1 357 354 354 357 0 3 7 11 15 16 13 8 6 6 5 4 4 5 4 1 358 359 359 1 2 2 2 5 11 20 25 27 30 34 34 31 24 17 9 2 357 354 351 350 349 351 352 355 359 7 11 10 7 9 14 17 16 15 15 15 14
357 1 7 9 9 9 6 1 358 357 360 3 3 2 359 356 352 351 352 356 0 4 7 10 10 8 5 7 11 13 11 9 7 4 1 357 355 355 358 2 4 6 9 14 17 16 11 7 5 4 3 2 2 2 359 357 358 359 0 1 1 5 12 22 28 28 25 26 28 28 23 16 9 3 358 354 352 352 353 354 355 354 353 355 3 11 13 11 9 12 15 15 15 14 14 12
354 359 7 8 7 4 1 360 360 0 2 3 1 358 355 353 351 351 353 356 1 5 9 12 13 11 6 5 9 12 13 12 9 6 2 359 358 358 0 3 4 5 8 15 19 19 14 10 7 5 4 3 1 358 355 355 357 358 359 1 4 11 19 24 24 21 19 19 19 17 14 8 2 359 357 354 353 354 358 2 3 1 357 353 354 2 10 13 13 12 13 14 13 13 13 11
349 357 8 9 4 0 1 3 5 5 4 2 359 355 352 351 350 352 354 358 2 6 10 14 15 14 9 4 5 10 13 13 11 8 5 4 3 2 2 3 4 5 10 18 24 23 18 13 8 4 2 360 357 353 351 351 355 357 359 2 9 16 19 18 16 15 13 11 9 9 8 3 359 358 358 358 357 359 3 7 8 8 5 360 355 355 1 9 13 14 13 12 11 11 11 9
347 356 8 9 3 1 3 5 6 5 2 359 356 352 350 350 351 353 356 360 3 7 11 15 18 18 12 5 3 7 11 13 13 12 9 8 8 6 5 6 8 10 14 21 27 28 22 13 6 0 357 354 352 351 349 350 354 358 2 7 15 17 15 12 10 8 5 3 3 5 5 2 359 359 1 3 3 3 5 7 10 11 10 7 2 359 359 4 10 13 12 9 9 9 8 6
350 357 6 6 4 2 3 4 3 1 359 355 353 351 350 351 353 355 358 2 5 9 13 17 21 21 17 8 2 4 8 11 13 14 13 12 11 9 8 9 11 12 14 19 24 25 20 9 0 355 353 352 352 352 351 351 355 2 7 12 15 14 10 6 3 360 358 359 2 4 4 2 360 360 3 6 7 7 5 5 8 12 13 12 9 5 2 2 5 8 8 7 6 6 4 2
356 358 1 2 2 2 1 1 360 358 355 352 350 350 351 354 356 358 0 4 8 11 14 19 23 25 23 14 5 3 4 4 7 12 14 13 10 8 8 9 9 9 10 14 19 20 16 8 359 355 353 352 352 353 352 352 356 2 6 9 10 9 5 1 357 354 355 359 3 5 5 4 1 360 3 7 9 9 7 4 2 7 14 16 15 11 6 4 4 4 4 4 3 2 359 357
1 359 357 359 0 0 359 358 357 354 352 350 349 351 353 357 0 2 3 7 10 12 16 20 24 27 27 22 12 6 2 355 354 1 9 10 7 6 5 6 6 6 8 11 16 18 16 9 2 357 355 352 351 351 352 352 354 359 3 6 6 5 2 357 353 352 356 1 5 6 6 5 3 0 2 6 9 9 9 7 2 2 10 17 18 16 11 6 3 2 2 2 360 357 356 356
1 359 358 358 358 358 357 356 353 351 350 349 350 353 356 360 4 7 8 9 12 15 18 21 24 27 28 23 15 7 2 355 350 352 359 4 4 3 2 2 3 5 7 10 15 17 16 12 5 359 356 353 352 352 353 353 353 356 360 3 3 2 360 356 353 353 357 1 3 6 8 8 6 2 0 3 7 10 10 10 7 2 5 15 19 19 16 10 4 1 1 1 358 355 356 1
359 359 359 359 357 356 355 353 351 350 349 350 352 355 358 2 7 11 13 14 15 19 20 21 22 24 23 20 13 7 3 360 356 353 353 357 0 0 359 359 2 6 8 10 13 16 16 12 6 1 357 355 354 354 354 353 352 354 357 359 0 360 359 357 355 354 356 358 1 6 10 12 10 4 358 358 3 8 10 12 11 7 3 9 17 20 18 14 8 3 2 2 360 359 3 11
357 357 358 357 356 354 353 351 350 349 349 351 354 357 1 6 11 17 20 19 19 19 17 16 16 17 17 15 11 7 6 5 2 357 354 353 355 356 357 360 4 7 8 9 12 14 13 10 6 4 1 359 358 356 354 352 351 352 354 356 358 359 360 359 357 354 353 356 0 7 13 16 15 8 360 356 358 3 7 10 12 10 5 4 12 18 18 16 13 8 6 5 5 6 10 14
356 356 356 355 354 353 352 350 349 349 350 352 356 360 4 10 18 24 25 22 17 14 12 11 11 12 12 11 9 7 8 8 7 3 356 351 350 353 358 4 6 6 6 8 10 12 11 9 7 7 5 4 2 359 356 353 350 350 352 355 357 359 0 0 359 356 352 354 360 6 13 17 16 11 5 1 0 1 3 4 7 9 7 2 5 12 17 17 16 12 9 9 9 10 11 11
355 355 354 352 352 352 352 351 349 349 351 355 359 3 9 17 24 26 23 18 13 9 7 6 7 8 10 11 10 7 7 9 10 7 1 354 350 352 1 7 7 7 8 9 10 10 10 9 8 8 8 7 6 3 360 355 351 351 353 355 358 359 360 0 0 358 353 354 360 5 10 14 15 13 10 7 6 5 3 1 2 5 5 360 358 5 12 15 14 12 10 10 11 10 10 9
353 354 353 351 352 353 352 350 349 350 352 357 2 9 16 20 21 18 16 14 11 8 5 3 4 6 9 11 11 7 4 5 9 9 7 0 355 356 2 7 9 9 10 10 10 10 11 10 9 8 8 8 7 5 2 357 353 352 353 355 357 358 359 1 2 359 355 355 359 4 7 10 12 12 12 11 10 8 6 4 3 3 2 360 359 2 6 8 8 8 9 10 11 10 9 7
352 353 353 352 353 353 351 349 350 352 355 1 8 16 19 17 13 12 12 12 10 7 4 2 4 7 10 11 10 7 3 2 5 10 10 7 2 0 3 7 9 9 9 10 11 12 13 12 9 7 5 4 2 360 357 355 353 352 352 354 355 357 0 2 2 0 356 355 357 2 6 8 10 10 11 12 12 11 10 9 8 5 4 3 3 3 3 2 2 5 7 8 9 8 6 2
351 352 352 352 352 351 349 349 352 356 1 8 17 23 21 15 12 11 11 10 9 7 5 5 8 10 10 9 7 5 4 2 2 7 11 10 6 4 5 7 8 8 9 10 11 13 14 12 8 4 1 357 355 353 353 353 352 351 351 353 355 358 2 4 3 1 357 354 355 360 6 9 9 7 8 11 13 13 12 13 11 9 7 7 8 7 4 2 2 4 6 5 5 4 1 358
351 351 351 351 350 349 349 351 355 3 11 19 25 28 25 20 15 12 9 7 6 7 8 10 11 12 11 9 6 3 2 360 357 1 8 11 10 7 6 6 6 7 8 8 10 12 13 11 7 3 359 355 353 353 354 355 353 351 350 353 356 360 3 5 5 2 357 353 353 358 6 10 10 5 3 6 11 13 13 14 14 12 10 10 11 10 8 7 6 6 5 3 0 359 358 359
351 350 349 349 348 347 350 355 2 12 20 25 26 25 24 21 16 10 7 4 4 7 9 10 10 11 11 10 6 2 358 356 353 354 1 10 12 9 6 5 5 6 6 5 7 11 12 11 7 4 1 358 355 356 357 358 355 353 352 355 359 2 4 6 6 2 356 352 352 357 6 12 12 7 1 1 7 11 12 12 14 15 13 12 12 13 13 13 11 9 6 2 358 357 360 5
351 350 348 346 346 348 353 1 11 19 24 24 22 21 19 17 13 9 5 3 2 4 6 7 9 10 10 8 5 2 359 357 355 355 359 7 10 8 6 4 4 3 3 3 5 9 12 11 8 5 3 2 1 359 358 358 357 356 356 359 2 4 5 6 5 2 357 354 353 357 5 12 14 11 4 360 3 9 11 10 12 16 16 13 13 15 15 15 13 10 6 3 359 359 3 7
351 350 348 346 347 351 359 9 19 23 22 19 18 16 14 12 9 6 3 1 1 2 4 7 9 9 6 4 4 3 2 0 359 359 2 6 7 5 3 2 1 1 0 1 5 9 12 12 9 6 5 5 5 3 0 359 360 359 360 2 4 5 4 5 4 2 358 356 356 358 4 11 16 16 13 6 4 9 11 8 9 15 16 14 12 12 12 12 10 8 6 4 1 1 2 3
351 351 350 350 352 359 7 15 20 20 16 14 12 10 8 6 4 2 1 0 1 3 6 9 10 8 4 2 3 5 5 3 1 1 2 3 2 1 360 359 360 360 0 2 5 9 11 11 9 7 7 6 6 5 5 4 3 2 1 2 4 4 3 3 4 3 360 357 355 356 1 10 18 22 21 16 10 11 12 7 4 8 12 10 6 5 5 6 6 6 5 3 1 0 1 1
352 352 353 355 359 4 9 13 15 13 10 8 7 5 3 1 360 359 360 1 4 8 10 10 10 8 5 3 4 5 5 2 359 358 359 359 358 357 357 358 359 1 3 5 7 10 11 11 9 8 8 8 8 8 8 9 7 5 3 3 4 3 2 2 4 5 2 357 353 353 358 10 21 26 25 19 14 12 11 5 1 1 4 2 357 356 360 2 3 4 3 2 0 0 1 1
352 353 356 358 1 5 8 10 10 9 6 4 2 0 359 358 358 359 2 6 11 14 13 10 8 7 6 4 4 4 4 2 359 357 356 355 355 355 356 358 0 3 6 8 9 11 12 11 9 9 9 9 8 9 10 10 9 6 4 3 3 2 1 2 4 6 4 359 353 351 356 8 20 25 25 20 15 12 7 2 359 358 357 354 351 353 358 1 2 2 2 0 359 359 360 359
354 355 357 358 360 4 6 6 6 6 4 1 358 356 356 357 359 3 8 13 17 17 13 8 5 4 4 4 4 4 4 4 3 360 357 354 353 353 356 359 3 7 9 9 10 11 11 11 10 10 8 6 5 6 7 8 7 6 4 3 2 1 1 3 5 7 5 1 354 350 353 3 14 20 21 20 16 11 5 1 359 358 356 353 353 356 359 0 1 1 1 360 358 357 357 357
356 357 357 356 357 360 1 2 2 3 2 360 356 355 356 359 3 9 14 17 17 14 10 6 3 1 1 2 3 5 7 8 7 4 360 356 353 353 357 2 7 8 8 8 9 10 10 11 11 11 9 5 2 359 0 3 4 4 4 3 2 2 3 4 6 7 6 1 354 350 351 358 6 14 18 19 16 11 5 3 2 0 358 357 358 359 360 360 360 1 1 360 358 356 356 357
358 358 357 354 353 354 356 358 359 0 0 359 357 356 358 3 9 16 19 18 13 9 7 4 2 0 360 1 3 6 8 10 10 7 3 358 354 354 359 4 6 5 6 7 8 9 10 10 11 10 10 8 4 359 357 0 2 2 2 2 2 3 3 5 6 8 6 2 356 351 351 354 360 8 14 17 15 11 8 7 6 4 2 3 3 2 359 359 359 1 1 1 360 358 357 357
360 359 357 353 349 349 351 354 357 359 359 359 359 360 3 8 16 21 21 16 10 7 5 4 2 1 2 3 4 5 7 8 9 9 6 1 357 356 359 1 1 2 4 6 8 9 10 10 10 10 11 11 8 3 360 0 0 359 359 1 2 2 3 5 7 8 7 3 358 354 352 352 356 3 11 14 13 12 11 11 10 8 8 8 6 1 358 357 359 1 2 2 2 1 360 357
1 360 357 353 351 347 348 352 355 357 358 359 1 4 9 15 19 19 15 11 7 5 4 4 5 5 5 5 6 5 5 5 7 7 5 2 358 355 356 357 359 1 4 6 8 10 11 11 10 10 11 12 11 9 4 1 358 356 356 358 359 1 3 5 7 9 8 5 0 356 352 351 354 0 7 12 14 13 13 13 13 12 11 10 6 1 358 357 359 2 3 3 2 2 0 357
1 359 357 355 352 351 350 352 354 355 357 1 7 12 17 16 13 10 8 6 5 5 4 5 7 8 9 8 8 5 2 1 1 1 360 357 354 352 353 356 359 2 4 6 8 11 13 13 12 12 12 12 12 12 8 1 356 353 353 354 356 359 2 5 8 10 10 8 3 357 351 349 351 357 5 12 15 14 13 12 13 13 12 10 8 4 1 1 2 3 3 3 2 1 360 358
357 357 358 358 356 354 352 353 354 355 360 7 16 24 23 14 4 1 2 3 3 4 5 5 7 9 11 11 8 4 1 359 357 356 355 353 351 350 352 356 0 3 4 5 7 11 14 16 15 14 12 12 12 12 8 0 354 351 349 351 353 357 1 5 8 11 12 10 6 359 353 348 348 354 2 11 16 17 13 10 10 11 11 11 10 8 7 5 5 4 4 3 2 0 359 358
353 355 359 0 360 358 356 355 356 1 10 19 25 26 21 9 358 354 356 358 0 3 4 4 5 8 11 11 8 5 3 1 359 358 356 354 352 351 352 357 2 4 4 4 6 10 15 17 17 15 15 15 14 9 1 354 350 348 347 347 350 355 1 5 7 10 12 12 9 2 355 350 348 351 359 9 17 19 16 11 9 10 10 10 10 10 9 8 7 5 3 2 1 360 358 359
351 354 359 1 2 1 0 360 3 10 17 20 20 17 11 5 359 355 354 356 358 0 1 2 3 7 9 9 8 6 5 4 3 1 360 358 356 353 353 358 2 3 3 3 5 9 14 17 18 18 19 20 14 4 355 349 347 346 345 345 348 354 360 3 5 8 11 13 12 7 359 353 350 351 356 7 17 19 18 15 12 11 8 5 5 6 7 7 6 4 2 0 359 359 359 1
353 355 359 1 2 3 4 6 8 11 13 12 10 6 3 1 1 1 0 359 359 358 358 359 2 5 7 8 8 8 8 7 7 5 4 2 359 356 355 358 0 1 2 3 6 9 13 16 19 21 22 19 11 2 355 351 347 343 342 344 347 352 357 1 4 6 9 12 13 10 3 357 354 354 357 5 15 19 19 17 13 10 7 3 1 1 3 4 4 3 1 359 358 358 0 3
357 357 358 0 2 3 5 7 8 7 6 4 2 360 358 359 1 3 3 2 0 359 358 360 3 6 8 8 7 8 9 10 9 7 6 5 2 360 358 358 358 360 2 6 8 8 10 13 17 20 19 16 10 3 358 353 347 343 341 343 346 350 355 360 4 6 9 12 13 12 7 2 358 358 359 4 12 18 20 17 12 8 7 6 3 1 1 2 3 2 360 358 358 359 1 5
358 358 358 360 360 1 3 4 4 2 360 358 357 356 357 358 1 2 3 2 1 0 0 2 5 7 9 9 8 8 9 10 9 7 5 5 4 3 0 358 359 1 5 8 8 6 6 9 13 16 16 14 11 7 2 356 350 345 343 343 346 349 353 359 4 7 9 11 12 11 9 5 2 1 1 3 10 17 19 18 13 8 7 7 6 3 2 2 2 1 359 358 360 1 3 5
357 358 359 359 359 359 360 360 358 357 355 354 354 355 358 0 1 1 2 2 2 1 2 4 7 9 9 10 10 10 10 9 7 6 4 3 4 4 2 1 3 5 6 6 5 3 3 5 9 12 13 13 12 9 5 0 355 350 347 346 346 349 353 358 4 8 10 10 10 9 9 7 5 3 2 4 9 15 19 18 13 9 7 7 7 5 3 2 2 1 359 358 360 2 4 5
355 357 359 358 357 357 357 355 353 352 353 353 355 357 0 3 3 2 3 3 2 1 2 5 9 11 10 10 11 11 10 8 7 6 5 4 4 4 3 4 5 5 5 3 2 1 1 2 6 9 12 13 12 11 8 5 1 357 353 350 349 350 353 358 4 9 10 9 8 7 8 8 7 4 3 4 8 14 18 18 14 9 7 7 7 6 4 3 3 2 1 359 359 1 4 5
354 356 358 357 355 355 354 352 351 351 353 355 357 360 3 6 6 4 3 3 2 0 360 4 9 11 11 11 11 10 9 8 7 7 7 6 5 4 3 3 4 4 3 1 0 0 1 2 5 8 11 12 12 11 10 8 6 2 359 355 352 351 354 359 4 8 9 8 7 7 8 8 8 6 4 5 7 13 18 19 15 9 7 6 7 7 6 4 3 3 2 1 0 2 4 5
355 356 356 355 352 351 350 350 351 352 354 357 0 4 8 9 8 4 2 2 2 359 358 1 6 9 11 12 12 11 10 9 7 6 7 7 7 4 2 2 2 3 2 1 359 360 2 4 5 8 12 13 13 12 11 10 9 6 2 359 355 354 356 0 4 6 8 7 7 7 8 8 8 7 5 6 8 12 18 19 16 11 8 7 7 7 7 5 4 4 3 2 2 3 4 5
357 356 355 354 351 348 348 350 353 356 359 2 5 9 11 9 5 1 360 360 0 360 359 359 1 5 10 13 13 12 12 11 8 5 5 6 6 3 1 0 1 1 2 1 360 0 3 4 5 8 12 13 14 13 12 10 9 6 2 360 358 356 357 0 3 5 7 8 8 8 8 8 8 7 5 7 9 13 17 19 18 14 10 7 6 5 4 3 4 4 3 2 2 3 4 5
357 356 355 354 351 347 348 352 357 2 5 7 9 9 7 3 359 357 357 358 0 3 2 357 356 2 9 14 14 13 12 13 11 8 4 2 1 360 359 359 359 360 1 2 3 3 3 4 4 7 10 13 14 14 13 10 7 3 359 358 357 356 357 360 2 4 6 9 9 9 8 8 8 7 6 7 10 12 16 20 20 16 11 8 4 360 359 1 3 3 2 2 2 2 4 5
