project/data/elevation/US_DEM2016/US_DEM2016_point_11-01-2019_1927_30m_vel.asc
ncols	125
nrows	167
xllcorner	-2042055.000000
yllcorner	1465035.000000
cellsize	30.000000
NODATA_value	-9999.000000
[rows 0 to 37 of 167, columns 0 to 83 of 125]
4.24 3.74 3.21 3.53 4.37 5.49 6.58 7.37 7.68 7.84 8.06 8.49 8.73 8.39 7.98 7.89 7.82 7.63 7.25 6.96 6.82 6.88 7.12 7.40 7.59 7.52 7.21 6.42 5.39 4.40 3.57 2.95 2.54 2.21 1.94 1.85 2.11 2.69 3.33 3.76 4.00 4.16 4.30 4.36 4.20 3.89 3.57 3.61 4.01 4.61 5.19 5.75 6.22 6.69 6.88 6.96 6.81 6.19 5.56 5.10 4.83 4.75 4.93 5.41 5.78 5.90 5.79 5.36 4.62 4.14 4.01 4.10 4.30 4.52 4.72 4.84 4.98 5.33 5.82 6.17 6.43 6.51 6.16 5.93
4.24 3.74 3.21 3.53 4.37 5.49 6.58 7.37 7.68 7.84 8.06 8.49 8.73 8.39 7.98 7.89 7.82 7.63 7.25 6.96 6.82 6.88 7.12 7.40 7.59 7.52 7.21 6.42 5.39 4.40 3.57 2.95 2.54 2.21 1.94 1.85 2.11 2.69 3.33 3.76 4.00 4.16 4.30 4.36 4.20 3.89 3.57 3.61 4.01 4.61 5.19 5.75 6.22 6.69 6.88 6.96 6.81 6.19 5.56 5.10 4.83 4.75 4.93 5.41 5.78 5.90 5.79 5.36 4.62 4.14 4.01 4.10 4.30 4.52 4.72 4.84 4.98 5.33 5.82 6.17 6.43 6.51 6.16 5.93
4.26 3.81 3.39 3.64 4.22 5.09 5.98 6.64 7.01 7.19 7.43 7.81 7.96 7.79 7.50 7.44 7.45 7.40 7.13 6.76 6.64 6.69 6.85 7.01 7.08 6.94 6.47 5.70 4.88 4.13 3.52 3.03 2.66 2.38 2.15 2.06 2.22 2.55 2.97 3.35 3.58 3.76 3.92 4.12 4.28 4.32 4.26 4.24 4.48 4.86 5.26 5.61 5.93 6.19 6.32 6.40 6.40 6.21 5.79 5.26 4.82 4.59 4.69 4.97 5.19 5.31 5.37 5.32 5.13 4.79 4.57 4.49 4.46 4.44 4.45 4.50 4.67 4.99 5.33 5.57 5.71 5.85 5.89 5.93
4.67 4.21 3.86 3.99 4.27 4.66 5.11 5.39 5.51 5.67 6.05 6.34 6.43 6.33 6.28 6.32 6.42 6.60 6.57 6.41 6.40 6.41 6.35 6.19 6.02 5.76 5.32 4.83 4.35 3.96 3.65 3.36 3.14 3.04 2.93 2.80 2.70 2.67 2.70 2.89 3.28 3.65 3.94 4.25 4.62 4.93 5.14 5.18 5.20 5.26 5.34 5.34 5.33 5.26 5.20 5.06 5.09 5.35 5.50 5.44 5.18 4.86 4.60 4.39 4.17 4.11 4.33 4.73 5.07 5.21 5.15 4.92 4.61 4.30 4.07 4.02 4.15 4.35 4.43 4.36 4.47 4.91 5.42 5.80
5.02 4.61 4.30 4.32 4.42 4.56 4.64 4.66 4.55 4.54 4.74 5.01 5.17 5.16 5.17 5.25 5.37 5.58 5.91 6.20 6.35 6.20 5.88 5.45 5.05 4.80 4.70 4.56 4.40 4.27 4.15 4.06 4.04 4.03 3.93 3.72 3.48 3.28 3.12 3.17 3.56 4.01 4.44 4.82 5.02 5.19 5.35 5.51 5.58 5.52 5.42 5.23 4.98 4.66 4.35 3.86 3.59 3.71 4.19 4.78 5.08 5.05 4.75 4.20 3.70 3.38 3.30 3.50 3.85 4.15 4.28 4.24 4.08 3.88 3.74 3.72 3.78 3.83 3.79 3.71 3.89 4.44 5.02 5.29
5.04 4.75 4.56 4.59 4.56 4.53 4.44 4.21 4.03 3.93 3.89 4.08 4.39 4.58 4.78 4.99 5.15 5.24 5.56 5.94 6.06 5.77 5.30 4.77 4.38 4.34 4.46 4.56 4.63 4.69 4.77 4.84 4.85 4.73 4.54 4.32 4.12 3.93 3.74 3.62 3.67 3.86 4.23 4.71 4.98 5.10 5.22 5.42 5.52 5.49 5.39 5.25 5.04 4.56 3.96 3.46 3.28 3.31 3.50 3.78 4.12 4.35 4.28 3.87 3.43 3.11 2.91 2.82 2.82 2.88 2.99 3.09 3.14 3.21 3.29 3.37 3.44 3.48 3.53 3.58 3.76 4.13 4.47 4.45
5.07 4.95 4.86 4.91 4.79 4.55 4.24 3.85 3.61 3.53 3.44 3.51 3.83 4.30 4.73 5.02 5.30 5.37 5.32 5.31 5.27 5.04 4.68 4.34 4.21 4.28 4.41 4.52 4.65 4.87 5.10 5.25 5.20 5.07 4.93 4.83 4.74 4.60 4.35 4.02 3.76 3.69 3.81 4.09 4.35 4.44 4.52 4.68 4.91 5.05 5.15 5.20 5.14 4.99 4.70 4.38 4.32 4.26 4.08 3.82 3.57 3.47 3.44 3.35 3.18 3.00 2.86 2.77 2.71 2.66 2.65 2.70 2.81 2.94 3.05 3.12 3.14 3.21 3.37 3.55 3.71 3.90 3.96 3.71
5.09 5.17 5.33 5.30 5.09 4.57 4.03 3.57 3.40 3.44 3.38 3.26 3.52 4.09 4.54 4.72 5.00 5.13 4.88 4.56 4.39 4.29 4.21 4.21 4.25 4.34 4.46 4.53 4.61 4.82 5.11 5.33 5.42 5.52 5.66 5.85 5.88 5.70 5.35 4.89 4.36 3.92 3.71 3.59 3.51 3.56 3.64 3.84 4.24 4.72 4.97 5.13 5.25 5.49 5.63 5.62 5.39 5.06 4.63 4.10 3.56 3.18 3.08 3.10 3.09 3.00 2.92 2.91 2.93 2.90 2.85 2.85 2.92 3.00 3.07 3.11 3.12 3.19 3.39 3.51 3.59 3.67 3.59 3.30
5.25 5.45 5.80 5.70 5.36 4.80 4.17 3.78 3.72 3.69 3.57 3.47 3.64 4.00 4.19 4.17 4.29 4.46 4.34 4.08 3.92 3.81 3.78 3.91 4.07 4.24 4.50 4.74 4.84 4.92 5.16 5.50 5.87 6.36 6.88 7.21 7.24 7.03 6.68 6.20 5.57 4.85 4.21 3.77 3.51 3.48 3.74 4.08 4.55 4.88 4.93 4.79 4.75 4.95 5.21 5.29 5.08 4.68 4.20 3.77 3.45 3.24 3.18 3.22 3.27 3.25 3.22 3.22 3.17 3.08 3.02 3.02 3.08 3.20 3.38 3.54 3.67 3.83 3.89 3.80 3.67 3.57 3.44 3.55
5.32 5.65 6.03 5.94 5.59 5.18 4.68 4.47 4.52 4.50 4.24 4.03 4.02 4.05 3.91 3.68 3.64 3.87 4.05 4.03 3.92 3.67 3.51 3.63 3.88 4.13 4.43 4.77 5.05 5.24 5.55 5.96 6.48 6.99 7.34 7.46 7.43 7.35 7.26 7.10 6.74 6.18 5.48 4.80 4.27 4.20 4.38 4.73 5.06 5.08 4.79 4.19 3.76 3.42 3.49 3.74 3.84 3.69 3.50 3.36 3.28 3.26 3.26 3.36 3.63 3.83 3.93 3.86 3.55 3.23 3.17 3.31 3.57 3.90 4.21 4.46 4.73 4.97 4.97 4.74 4.41 4.17 4.02 3.92
5.40 5.53 5.92 6.04 5.89 5.73 5.62 5.71 5.80 5.66 5.32 4.92 4.54 4.17 3.79 3.38 3.30 3.69 4.13 4.34 4.25 3.96 3.76 3.80 4.00 4.22 4.41 4.67 5.15 5.70 6.13 6.46 6.68 6.70 6.47 6.15 6.14 6.44 6.79 7.03 7.09 6.88 6.43 5.78 5.15 4.79 4.71 4.93 5.13 4.99 4.46 3.82 3.26 2.84 2.62 2.62 2.81 3.02 3.16 3.23 3.27 3.30 3.39 3.59 4.00 4.45 4.65 4.48 4.06 3.61 3.58 3.93 4.40 4.82 5.17 5.46 5.70 5.77 5.64 5.40 5.16 4.98 4.80 4.57
5.19 5.07 5.40 5.98 6.35 6.58 6.78 6.96 7.01 6.74 6.33 5.87 5.32 4.60 3.95 3.56 3.48 3.85 4.35 4.60 4.55 4.34 4.18 4.15 4.27 4.49 4.71 5.04 5.54 6.02 6.22 6.23 5.98 5.50 4.90 4.55 4.69 5.14 5.58 5.96 6.31 6.58 6.62 6.37 5.85 5.29 5.02 5.04 4.95 4.61 4.00 3.64 3.36 2.98 2.61 2.38 2.46 2.80 3.12 3.32 3.44 3.61 3.86 4.12 4.47 4.78 4.94 4.88 4.63 4.36 4.29 4.61 5.00 5.39 5.67 5.80 5.70 5.39 4.89 4.53 4.37 4.30 4.27 4.22
4.75 4.52 4.64 5.48 6.27 6.81 7.10 7.20 7.20 7.03 6.76 6.43 6.00 5.30 4.61 4.21 4.06 4.12 4.30 4.42 4.42 4.34 4.26 4.26 4.41 4.66 4.97 5.26 5.44 5.45 5.27 4.89 4.31 3.71 3.43 3.56 3.85 4.03 4.10 4.40 4.87 5.39 5.92 6.24 6.17 5.77 5.37 5.14 4.69 3.97 3.40 3.19 2.96 2.71 2.51 2.46 2.61 2.93 3.30 3.61 3.87 4.15 4.43 4.65 4.78 4.84 4.92 5.09 5.17 5.10 5.06 5.22 5.51 5.70 5.61 5.23 4.60 3.83 3.22 2.87 2.74 2.81 3.00 3.22
4.82 4.67 4.60 4.84 5.34 5.85 6.11 6.15 6.07 6.07 6.13 6.14 6.07 5.82 5.42 4.96 4.61 4.32 4.10 3.92 3.86 3.92 3.99 4.06 4.19 4.33 4.44 4.42 4.16 3.81 3.42 2.93 2.49 2.28 2.40 2.75 2.90 2.83 2.85 3.09 3.44 3.90 4.45 5.05 5.53 5.64 5.48 5.16 4.63 3.83 3.17 2.67 2.39 2.38 2.50 2.71 2.95 3.23 3.59 4.04 4.42 4.69 4.85 4.97 5.04 5.08 5.19 5.41 5.60 5.63 5.63 5.77 5.81 5.52 4.86 3.96 3.14 2.69 2.55 2.55 2.64 2.78 2.95 3.05
5.13 5.19 4.93 4.55 4.23 4.19 4.20 4.09 3.96 4.12 4.46 4.85 5.15 5.39 5.47 5.31 4.95 4.47 4.00 3.55 3.31 3.46 3.66 3.73 3.66 3.51 3.30 3.01 2.66 2.36 2.14 2.05 2.09 2.22 2.31 2.28 2.19 2.24 2.38 2.51 2.63 2.81 3.10 3.60 4.33 5.16 5.40 5.26 4.81 4.19 3.41 2.80 2.59 2.73 3.04 3.29 3.41 3.56 3.88 4.38 4.92 5.24 5.42 5.53 5.65 5.80 5.90 5.98 6.06 6.07 6.06 6.01 5.59 4.69 3.74 3.12 2.89 2.85 2.98 3.26 3.54 3.74 3.78 3.77
5.11 5.08 4.78 4.23 3.40 2.77 2.38 2.18 2.21 2.38 2.68 3.02 3.46 3.98 4.57 4.94 4.93 4.58 4.05 3.51 3.28 3.40 3.57 3.51 3.26 2.94 2.65 2.49 2.41 2.30 2.25 2.39 2.71 2.96 2.97 2.85 2.74 2.78 2.90 3.00 3.01 3.05 3.24 3.71 4.43 5.24 5.53 5.39 4.92 4.29 3.75 3.45 3.40 3.63 3.88 3.98 3.93 3.96 4.30 4.91 5.52 6.02 6.32 6.45 6.55 6.71 6.81 6.83 6.84 6.79 6.57 6.02 5.04 4.11 3.65 3.59 3.67 3.66 3.72 3.96 4.30 4.51 4.56 4.71
4.73 4.42 4.02 3.66 2.87 2.20 1.84 1.80 1.95 2.22 2.49 2.68 2.93 3.37 3.88 4.32 4.57 4.53 4.23 3.90 3.76 3.74 3.68 3.53 3.31 3.10 2.98 3.02 3.10 3.11 3.01 2.96 3.15 3.54 3.81 3.93 3.91 3.83 3.81 3.91 4.10 4.35 4.64 5.10 5.61 5.85 5.72 5.45 5.05 4.60 4.23 4.11 4.19 4.40 4.59 4.67 4.60 4.72 5.17 5.81 6.46 6.95 7.23 7.35 7.32 7.30 7.36 7.46 7.56 7.41 6.97 6.20 5.11 4.63 4.70 4.88 4.86 4.68 4.59 4.74 4.99 5.20 5.42 5.71
4.67 4.31 3.79 3.34 2.95 2.69 2.68 2.90 3.24 3.64 3.93 4.08 4.19 4.24 4.22 4.10 4.19 4.39 4.42 4.36 4.23 4.03 3.79 3.64 3.57 3.55 3.59 3.66 3.78 3.90 3.88 3.69 3.65 3.94 4.36 4.71 4.87 4.84 4.74 4.85 5.23 5.60 5.94 6.17 6.18 5.83 5.38 5.16 5.07 4.94 4.72 4.61 4.72 4.97 5.16 5.23 5.33 5.57 6.13 6.76 7.20 7.39 7.43 7.44 7.37 7.26 7.18 7.21 7.39 7.43 7.28 7.05 6.50 6.32 6.54 6.72 6.66 6.40 6.25 6.16 6.11 6.13 6.31 6.45
4.84 4.62 4.10 3.61 3.49 3.79 4.27 4.76 5.24 5.61 5.85 5.94 5.84 5.46 4.90 4.39 4.21 4.33 4.48 4.51 4.42 4.23 4.02 3.91 3.92 3.98 4.03 4.09 4.24 4.48 4.70 4.76 4.73 4.77 4.99 5.37 5.74 5.88 5.92 6.04 6.27 6.47 6.48 6.22 5.62 4.82 4.26 4.29 4.70 4.95 5.11 5.16 5.33 5.54 5.62 5.59 5.76 6.19 6.75 7.09 7.11 6.90 6.64 6.55 6.62 6.69 6.70 6.61 6.59 6.80 7.31 7.76 8.16 8.31 8.45 8.69 8.84 8.79 8.60 8.24 7.81 7.35 7.02 6.69
4.68 4.37 3.91 3.70 4.09 4.84 5.66 6.32 6.77 6.94 6.92 6.78 6.52 6.03 5.49 4.99 4.65 4.52 4.56 4.58 4.55 4.50 4.44 4.42 4.39 4.38 4.43 4.54 4.68 4.94 5.36 5.78 6.10 6.28 6.38 6.54 6.68 6.73 6.83 6.92 6.86 6.59 6.10 5.38 4.51 3.72 3.36 3.56 4.31 4.95 5.44 5.77 5.97 5.98 5.88 5.80 6.07 6.54 6.76 6.69 6.26 5.76 5.37 5.24 5.40 5.72 5.96 5.98 5.84 5.95 6.62 7.49 8.22 8.63 8.92 9.33 9.62 9.68 9.51 9.26 8.82 8.25 7.49 6.68
4.25 3.93 3.66 3.96 4.87 5.90 6.62 7.02 7.17 7.03 6.77 6.51 6.28 6.01 5.77 5.46 5.10 4.81 4.72 4.75 4.79 4.90 5.05 5.16 5.16 5.08 5.14 5.26 5.38 5.62 6.10 6.70 7.19 7.50 7.59 7.44 7.20 7.03 6.96 6.84 6.44 5.76 4.93 4.12 3.54 3.28 3.31 3.75 4.56 5.32 6.01 6.48 6.63 6.48 6.25 6.21 6.43 6.48 6.31 5.79 5.12 4.51 4.04 3.77 3.89 4.09 4.35 4.56 4.65 4.83 5.23 5.91 6.68 7.23 7.64 8.05 8.32 8.40 8.47 8.48 8.46 8.17 7.67 6.82
4.69 4.48 4.55 5.25 6.16 6.78 6.95 6.86 6.63 6.23 5.92 5.73 5.57 5.55 5.55 5.44 5.22 4.98 4.91 5.03 5.28 5.61 5.94 6.15 6.24 6.23 6.25 6.34 6.48 6.73 7.12 7.47 7.64 7.62 7.40 7.05 6.74 6.46 6.18 5.71 5.07 4.36 3.67 3.22 3.16 3.42 3.91 4.61 5.25 5.93 6.48 6.76 6.86 6.90 6.74 6.61 6.47 6.12 5.54 4.71 3.93 3.29 2.68 2.37 2.33 2.30 2.30 2.55 2.98 3.34 3.85 4.23 4.57 4.83 5.08 5.42 5.48 5.63 5.92 6.21 6.86 7.44 7.60 7.33
5.37 5.70 6.36 6.84 7.07 7.03 6.64 6.16 5.68 5.36 5.20 5.07 4.95 4.94 4.99 5.06 5.05 5.01 5.10 5.35 5.77 6.22 6.58 6.85 6.99 7.10 7.21 7.33 7.50 7.69 7.76 7.58 7.16 6.61 6.02 5.61 5.54 5.30 4.81 4.16 3.53 3.17 3.02 3.13 3.48 3.94 4.57 5.20 5.78 6.27 6.45 6.51 6.57 6.72 6.80 6.63 6.20 5.55 4.70 3.85 3.08 2.34 1.82 1.63 1.60 1.56 1.58 1.79 2.17 2.63 3.03 3.31 3.36 3.30 3.22 3.35 3.58 3.97 4.36 4.74 5.36 6.26 7.04 7.27
5.69 6.26 7.02 7.18 7.02 6.61 5.99 5.49 5.01 4.84 4.79 4.66 4.56 4.50 4.53 4.69 4.86 5.02 5.20 5.34 5.54 5.77 6.07 6.47 6.80 7.09 7.36 7.57 7.68 7.63 7.29 6.61 5.71 4.99 4.54 4.37 4.24 3.84 3.31 2.96 2.78 2.80 3.05 3.57 4.06 4.54 5.09 5.58 6.00 6.12 5.95 5.77 5.78 5.99 6.19 6.16 5.80 5.17 4.37 3.64 2.96 2.31 1.94 1.82 1.81 1.84 2.02 2.34 2.64 2.76 2.85 2.93 2.86 2.63 2.43 2.50 2.92 3.45 3.76 3.99 4.43 5.05 5.90 6.49
5.82 6.15 6.58 6.62 6.35 5.83 5.33 4.97 4.70 4.56 4.46 4.31 4.24 4.21 4.29 4.49 4.76 4.98 5.06 4.97 4.83 4.77 4.95 5.37 5.98 6.50 6.87 7.03 6.92 6.51 5.82 4.92 4.04 3.53 3.33 3.22 2.89 2.56 2.45 2.56 2.82 3.21 3.72 4.19 4.71 5.25 5.64 5.93 5.97 5.73 5.42 5.27 5.27 5.36 5.48 5.58 5.52 5.23 4.63 3.96 3.42 3.06 2.93 2.95 2.97 2.99 3.19 3.31 3.18 2.96 2.81 2.77 2.65 2.39 2.20 2.35 2.73 2.97 3.04 3.23 3.57 3.93 4.65 5.56
5.96 5.77 5.69 5.80 5.69 5.36 4.97 4.59 4.40 4.27 4.13 4.03 3.96 3.99 4.19 4.46 4.76 4.94 4.98 4.88 4.78 4.79 5.01 5.41 5.92 6.24 6.28 6.07 5.63 5.02 4.26 3.59 3.02 2.66 2.48 2.37 2.28 2.32 2.50 2.83 3.34 3.94 4.40 4.87 5.42 5.90 6.17 6.16 5.83 5.38 5.02 4.86 4.83 4.91 5.10 5.28 5.45 5.47 5.20 4.69 4.29 4.14 4.17 4.23 4.25 4.31 4.30 3.97 3.46 3.19 3.10 2.86 2.57 2.38 2.33 2.46 2.63 2.58 2.51 2.72 2.98 3.22 3.75 4.73
6.03 5.64 5.20 5.22 5.33 5.37 5.25 4.86 4.56 4.41 4.24 4.16 4.13 4.18 4.37 4.68 4.90 5.11 5.26 5.36 5.53 5.81 6.16 6.40 6.38 6.08 5.55 4.94 4.34 3.79 3.28 2.92 2.73 2.66 2.59 2.55 2.67 2.95 3.20 3.44 3.85 4.34 4.87 5.47 6.01 6.39 6.42 6.16 5.67 5.11 4.62 4.33 4.35 4.59 4.90 5.20 5.43 5.64 5.74 5.67 5.55 5.57 5.67 5.72 5.67 5.50 5.15 4.71 4.33 4.15 3.81 3.30 2.81 2.67 2.66 2.63 2.61 2.57 2.62 2.76 2.87 2.99 3.30 3.95
6.04 5.61 5.04 4.96 5.10 5.39 5.62 5.53 5.27 5.12 5.01 4.87 4.88 4.92 4.97 5.00 5.11 5.34 5.64 5.94 6.25 6.52 6.60 6.41 5.94 5.25 4.51 3.84 3.29 2.98 2.89 2.88 2.98 3.21 3.36 3.42 3.49 3.69 3.96 4.11 4.29 4.62 5.22 5.86 6.35 6.54 6.38 5.98 5.52 4.99 4.41 4.10 4.18 4.49 4.79 5.01 5.22 5.63 6.02 6.33 6.67 7.02 7.36 7.55 7.37 6.96 6.39 5.93 5.74 5.40 4.65 3.84 3.43 3.40 3.29 2.99 2.86 2.95 3.05 3.07 3.03 3.01 3.13 3.40
5.84 5.37 4.80 4.69 4.77 5.16 5.57 5.80 5.73 5.60 5.52 5.38 5.38 5.45 5.47 5.36 5.24 5.32 5.62 5.97 6.18 6.11 5.73 5.11 4.47 3.88 3.37 2.96 2.72 2.73 2.93 3.33 3.68 3.88 4.08 4.24 4.31 4.39 4.60 4.70 4.79 5.05 5.61 6.09 6.39 6.34 6.00 5.64 5.41 5.17 4.80 4.44 4.39 4.54 4.58 4.69 5.06 5.62 6.10 6.61 7.15 7.62 8.02 8.25 8.40 8.25 7.86 7.45 6.96 6.33 5.56 4.85 4.57 4.41 4.10 3.76 3.73 3.83 3.79 3.55 3.28 3.12 3.07 3.07
5.64 5.33 4.87 4.66 4.65 4.82 5.24 5.65 5.77 5.63 5.36 5.12 5.06 5.13 5.22 5.24 5.09 5.11 5.30 5.41 5.25 4.80 4.15 3.50 2.99 2.60 2.37 2.35 2.52 2.85 3.44 4.04 4.38 4.57 4.69 4.84 5.01 5.10 5.12 5.19 5.33 5.61 5.90 6.12 6.05 5.71 5.29 5.15 5.32 5.49 5.46 5.24 4.92 4.81 4.73 4.84 5.24 5.77 6.14 6.58 6.93 7.31 7.57 7.75 8.09 8.32 8.35 8.34 8.04 7.57 7.19 6.84 6.42 5.76 5.12 4.90 4.98 5.02 4.68 4.13 3.55 3.15 2.90 2.85
5.81 5.68 5.30 4.97 4.85 4.81 5.00 5.41 5.71 5.72 5.40 5.04 4.83 4.72 4.73 4.92 4.82 4.92 4.93 4.60 3.96 3.24 2.64 2.20 1.85 1.64 1.62 1.80 2.26 3.06 3.87 4.37 4.72 4.97 5.13 5.28 5.38 5.39 5.36 5.42 5.65 5.86 6.02 5.93 5.54 4.94 4.69 4.76 5.07 5.55 5.77 5.74 5.56 5.34 5.23 5.25 5.38 5.68 5.97 6.26 6.32 6.23 6.01 6.08 6.55 7.20 7.77 8.26 8.62 8.70 8.75 8.60 8.13 7.45 6.72 6.39 6.19 5.80 5.11 4.21 3.51 3.09 2.84 2.70
5.94 5.66 5.26 5.05 4.98 4.94 4.93 5.18 5.60 5.91 5.91 5.61 5.28 4.97 4.76 4.66 4.70 4.71 4.41 3.71 2.89 2.29 1.93 1.70 1.51 1.43 1.49 1.66 2.06 2.73 3.40 3.83 4.19 4.55 4.86 5.09 5.12 5.15 5.20 5.34 5.59 5.83 5.95 5.75 5.37 4.87 4.60 4.61 4.78 5.12 5.56 5.76 5.84 5.71 5.53 5.31 5.20 5.23 5.45 5.55 5.46 5.15 4.86 4.84 5.13 5.72 6.52 7.30 7.98 8.45 8.78 8.94 8.76 8.47 8.13 7.63 6.85 5.86 4.85 4.01 3.51 3.22 2.94 2.64
5.55 4.98 4.41 4.46 4.65 4.74 4.69 4.77 5.19 5.69 5.99 5.90 5.59 5.25 5.00 4.78 4.64 4.38 3.83 3.16 2.70 2.48 2.13 2.09 1.96 1.99 2.15 2.23 2.29 2.42 2.57 2.79 3.08 3.42 3.78 4.09 4.33 4.56 4.83 5.15 5.36 5.53 5.52 5.28 5.02 4.72 4.41 4.36 4.46 4.64 4.97 5.42 5.62 5.62 5.41 5.03 4.81 4.70 4.84 4.84 4.62 4.25 4.08 4.25 4.62 4.97 5.38 5.85 6.37 6.83 7.23 7.60 7.93 8.14 8.18 7.96 7.08 5.77 4.82 4.32 3.97 3.50 2.99 2.75
4.76 4.30 3.86 3.93 4.06 4.07 3.97 4.04 4.36 4.92 5.42 5.64 5.52 5.24 5.02 4.77 4.48 4.08 3.65 3.69 3.21 3.23 3.18 3.10 3.03 3.10 3.18 3.19 3.06 2.87 2.77 2.73 2.72 2.78 2.96 3.30 3.78 4.15 4.54 4.90 5.04 5.00 4.68 4.14 3.62 3.43 3.48 3.64 3.85 4.19 4.51 4.85 5.14 5.18 4.97 4.68 4.49 4.47 4.49 4.41 4.12 3.74 3.76 4.01 4.37 4.58 4.63 4.71 4.87 5.15 5.24 5.57 6.15 6.76 7.24 7.55 7.34 6.53 5.60 5.01 4.36 3.69 3.27 3.21
4.54 4.43 4.35 4.28 4.00 3.72 3.58 3.55 3.66 4.05 4.66 5.17 5.37 5.23 4.99 4.70 4.38 4.08 4.24 3.91 4.14 4.25 4.34 4.34 4.30 4.28 4.27 4.16 3.99 3.82 3.66 3.47 3.24 3.05 3.05 3.30 3.68 4.01 4.37 4.67 4.73 4.49 3.86 2.98 2.51 2.53 2.84 3.25 3.68 4.02 4.27 4.44 4.60 4.72 4.62 4.53 4.48 4.52 4.45 4.36 4.15 3.96 4.00 4.05 4.11 3.96 3.81 3.87 4.05 4.23 4.35 4.51 4.87 5.41 5.90 6.63 7.27 7.29 6.69 5.71 4.71 4.21 4.16 4.27
5.04 5.21 5.40 5.23 4.84 4.27 3.86 3.62 3.44 3.45 3.81 4.45 4.98 5.16 4.98 4.63 4.37 4.28 4.39 4.64 4.96 5.24 5.48 5.61 5.62 5.50 5.27 5.00 4.69 4.38 4.14 3.97 3.86 3.74 3.61 3.63 3.88 4.17 4.51 4.75 4.69 4.27 3.60 2.96 2.85 3.13 3.58 4.04 4.30 4.38 4.32 4.25 4.30 4.50 4.56 4.58 4.55 4.59 4.53 4.56 4.53 4.42 4.24 3.90 3.62 3.35 3.17 3.28 3.59 3.84 4.05 4.26 4.36 4.61 5.01 5.69 6.63 7.31 7.41 6.94 6.11 5.78 5.80 5.79
5.43 5.70 5.91 5.72 5.37 4.87 4.36 3.89 3.49 3.17 3.14 3.51 4.19 4.72 4.84 4.58 4.37 4.44 4.72 5.22 5.62 6.01 6.35 6.59 6.62 6.48 6.23 5.88 5.41 4.87 4.38 4.12 4.12 4.30 4.47 4.49 4.54 4.75 5.06 5.23 5.17 4.83 4.31 4.04 4.24 4.66 5.09 5.27 5.19 4.78 4.46 4.24 4.24 4.42 4.58 4.61 4.56 4.63 4.66 4.82 4.85 4.70 4.34 3.77 3.28 2.98 2.92 3.05 3.30 3.49 3.74 4.00 4.10 4.17 4.54 5.03 5.73 6.68 7.49 8.03 8.13 7.88 7.49 7.11
5.55 5.69 5.66 5.40 5.06 4.67 4.35 3.96 3.50 3.04 2.82 2.91 3.33 4.01 4.44 4.44 4.31 4.41 4.79 5.27 5.67 6.01 6.31 6.54 6.64 6.64 6.58 6.43 6.11 5.59 4.96 4.46 4.33 4.55 4.83 5.05 5.24 5.44 5.63 5.87 6.06 6.04 5.98 5.79 5.80 5.99 6.06 5.78 5.34 4.86 4.48 4.32 4.19 4.35 4.55 4.60 4.58 4.72 4.82 4.97 4.98 4.85 4.57 4.07 3.52 3.16 3.03 3.06 3.15 3.23 3.39 3.60 3.78 3.94 4.23 4.59 5.08 5.81 6.89 7.89 8.58 8.60 8.17 7.56
