project/data/elevation/US_DEM2016/US_DEM2016_point_10-29-2019_0101_30m_ang.asc
ncols	125
nrows	167
xllcorner	-2042055.000000
yllcorner	1465035.000000
cellsize	30.000000
NODATA_value	-9999.000000
[rows 0 to 41 of 167, columns 0 to 93 of 125]
188 187 181 173 172 174 175 175 177 180 181 180 179 180 181 182 182 181 180 180 180 179 179 180 181 182 183 184 184 185 186 188 188 183 177 175 174 175 176 178 179 179 179 181 183 184 181 179 179 178 177 178 179 179 180 182 183 183 182 181 179 179 178 177 178 180 183 184 184 182 179 177 177 177 178 179 180 178 177 179 181 181 182 182 180 179 179 181 182 182 182 182 183 182
188 187 181 173 172 174 175 175 177 180 181 180 179 180 181 182 182 181 180 180 180 179 179 180 181 182 183 184 184 185 186 188 188 183 177 175 174 175 176 178 179 179 179 181 183 184 181 179 179 178 177 178 179 179 180 182 183 183 182 181 179 179 178 177 178 180 183 184 184 182 179 177 177 177 178 179 180 178 177 179 181 181 182 182 180 179 179 181 182 182 182 182 183 182
196 192 181 170 166 168 170 172 175 179 182 181 179 180 182 183 183 182 181 182 181 179 178 179 182 184 186 187 187 190 192 194 191 185 177 173 171 170 172 176 178 179 179 181 184 184 182 179 178 177 176 176 178 179 180 182 184 185 185 183 180 178 176 175 176 180 183 186 185 183 180 178 176 176 177 179 178 177 175 178 181 182 182 182 180 179 179 182 183 184 183 183 184 182
207 199 180 167 159 156 159 163 169 177 181 180 179 181 183 185 185 184 184 185 182 178 176 179 183 188 191 192 195 200 202 199 193 187 180 175 169 164 164 169 176 178 179 181 183 183 182 181 178 176 174 174 176 178 179 182 185 187 188 187 184 179 174 172 174 178 183 186 186 184 182 180 178 176 176 177 176 174 172 175 179 181 181 180 181 180 181 183 186 186 184 184 184 182
210 200 180 168 160 153 151 155 163 171 178 179 179 182 185 186 184 183 185 186 182 177 176 180 186 192 195 196 201 204 202 196 191 187 184 181 176 169 162 163 170 175 177 179 180 180 181 181 179 176 175 175 176 178 180 183 185 187 188 188 187 184 178 174 174 176 180 183 185 185 185 184 182 180 177 176 175 173 172 173 175 176 176 177 181 184 183 185 187 186 185 184 182 177
208 199 181 171 164 156 150 150 155 164 172 176 178 182 186 186 183 180 180 183 181 178 179 183 189 194 196 199 202 201 197 193 190 187 186 185 182 175 168 162 162 167 172 175 177 178 179 180 179 177 176 177 178 180 183 186 185 182 182 184 187 186 183 179 178 178 180 181 183 185 186 186 184 183 180 177 174 172 171 171 171 171 171 174 181 186 185 185 187 186 184 182 177 172
204 197 181 173 168 162 156 151 149 154 162 171 176 180 182 184 184 180 177 179 180 181 183 186 190 194 197 200 200 197 194 192 190 188 188 187 184 180 175 168 161 159 162 167 172 176 178 178 178 177 176 178 181 184 186 186 183 179 178 179 183 186 187 185 183 183 182 180 180 182 185 185 185 185 183 179 174 169 167 166 166 167 167 171 179 185 186 187 186 184 182 179 173 170
199 193 181 176 172 168 164 158 148 145 149 159 170 175 177 182 185 182 179 180 181 182 185 189 191 194 200 201 197 193 191 191 190 188 187 185 184 183 181 177 170 162 156 157 164 173 177 178 176 174 174 177 181 185 187 186 183 181 181 181 183 186 189 191 192 190 184 177 175 178 183 187 188 187 184 180 174 168 162 159 159 163 164 167 174 181 185 187 185 182 179 175 172 173
192 188 182 179 177 175 173 167 157 147 144 148 158 166 172 179 184 184 184 183 181 181 185 190 192 196 200 198 194 190 188 188 187 184 182 182 183 185 185 183 181 175 166 158 159 169 177 177 173 171 172 176 180 185 188 189 188 186 187 187 188 189 191 194 196 193 184 174 171 175 184 190 189 185 181 178 175 169 164 160 158 160 160 171 168 175 181 185 183 179 176 174 176 183
184 184 183 182 182 181 179 173 164 157 153 150 151 156 166 176 182 186 188 186 181 180 184 189 194 197 197 195 191 188 185 183 181 178 177 179 183 185 186 186 186 184 179 171 165 168 175 176 172 170 172 175 180 183 189 192 193 193 193 194 195 195 192 191 192 191 183 175 172 176 185 189 185 180 177 176 175 172 168 167 167 166 163 160 162 168 176 181 180 176 175 178 186 194
176 180 185 186 185 185 182 175 169 165 164 161 156 154 160 170 180 186 188 186 182 181 183 188 195 197 194 191 188 184 181 178 176 174 175 179 182 184 185 186 187 187 186 182 174 170 172 173 171 171 174 179 182 182 186 192 197 198 199 201 201 197 189 184 184 185 183 179 177 179 183 184 180 175 174 174 174 173 173 173 174 172 170 167 164 165 172 177 177 177 180 186 192 195
166 175 185 187 187 185 181 177 174 173 172 170 166 162 161 165 174 182 185 184 183 184 185 189 194 194 190 185 182 179 176 174 173 174 178 181 182 181 182 184 186 188 189 187 183 176 173 171 170 171 177 182 185 185 186 191 197 201 204 205 200 192 184 177 176 179 182 183 182 181 181 179 176 172 171 172 173 175 177 178 177 176 174 172 169 166 168 174 178 181 185 189 190 190
167 170 177 184 185 184 181 179 179 179 179 177 174 172 168 165 168 176 181 183 185 187 189 191 192 189 185 180 177 175 173 173 174 177 182 183 179 178 179 181 183 185 187 188 187 184 177 172 171 173 178 184 188 191 192 193 195 200 203 201 195 187 180 175 172 175 180 185 185 182 180 177 173 171 171 172 175 179 183 184 182 176 172 170 169 165 164 171 179 183 184 186 187 186
176 172 169 174 180 182 182 181 183 184 183 182 181 180 177 170 167 171 177 182 186 190 193 193 189 184 180 177 174 173 173 176 180 182 182 180 177 177 178 179 180 180 183 186 189 188 182 176 174 176 180 187 194 199 197 191 189 194 196 194 190 184 178 174 172 173 177 182 184 184 180 176 172 172 175 178 182 186 189 190 183 173 166 164 163 159 158 165 177 181 181 182 184 183
178 176 171 170 173 179 182 184 185 185 185 184 184 184 182 178 171 170 176 182 187 192 195 193 187 182 180 178 176 174 175 182 188 186 181 177 175 175 177 177 177 176 179 184 188 188 183 179 179 181 185 192 198 198 192 184 183 188 189 187 185 182 178 175 173 172 175 180 184 185 180 175 174 178 185 188 187 188 188 186 179 169 164 163 159 155 155 161 171 178 178 179 180 179
175 176 177 175 174 177 182 184 184 182 181 181 180 182 184 182 177 173 177 183 189 195 196 193 188 185 185 185 182 178 176 182 188 188 184 180 176 173 175 178 177 175 176 179 182 183 182 182 184 187 191 194 195 191 184 179 181 184 183 180 179 179 178 176 174 172 174 178 183 185 182 178 181 188 192 189 185 184 184 181 175 168 165 163 159 157 157 159 167 175 177 176 176 175
175 176 179 182 183 187 188 186 181 176 172 171 168 171 178 182 181 178 180 185 192 198 199 196 192 190 189 188 186 184 180 179 183 186 186 184 180 176 176 178 179 177 175 175 176 178 181 186 190 193 194 193 191 186 179 178 181 182 179 175 174 175 177 178 176 174 174 177 182 185 185 186 189 191 189 184 183 183 182 178 173 169 166 163 161 161 161 160 164 171 175 175 174 175
181 180 181 187 194 194 187 179 173 169 168 167 164 164 169 177 181 182 184 189 196 200 201 199 195 191 188 185 185 186 185 181 179 180 182 184 182 180 177 177 177 176 174 172 173 176 182 190 195 196 195 192 187 181 177 178 181 179 174 171 170 172 176 179 179 178 175 175 179 185 189 191 191 188 184 181 182 183 182 179 175 170 167 165 165 166 166 162 161 167 173 174 175 179
183 183 185 192 195 190 180 173 170 168 168 169 168 167 168 172 179 183 188 194 199 201 201 199 194 189 186 183 182 184 186 184 180 177 177 180 182 181 178 176 175 174 172 172 173 178 186 194 198 198 195 190 184 178 176 179 180 176 171 169 168 170 174 179 182 181 178 173 175 182 188 190 188 185 182 181 182 183 183 181 179 175 171 169 170 171 170 164 158 161 169 174 177 181
184 188 193 194 190 182 175 171 170 171 172 173 174 174 173 173 177 183 190 197 201 201 200 197 192 188 185 182 180 180 183 183 180 177 176 177 180 180 178 175 174 173 174 175 178 185 192 196 196 195 191 186 181 178 178 179 177 172 169 168 169 170 173 178 182 182 180 177 174 177 182 185 184 183 182 181 182 182 183 184 184 182 178 175 175 174 172 165 159 159 166 174 178 179
194 197 198 191 181 174 171 171 172 174 175 177 179 180 179 177 178 184 193 199 200 199 197 194 191 188 185 182 179 177 178 178 177 176 176 177 179 179 176 175 175 176 178 182 189 194 195 191 189 188 185 183 181 180 180 179 174 171 170 170 171 172 173 176 179 180 180 179 174 172 175 178 179 180 181 182 181 181 183 186 188 189 186 182 177 175 172 168 165 163 166 174 177 175
205 200 190 181 174 171 170 172 175 178 179 180 182 183 183 181 181 186 195 198 197 194 192 191 189 187 184 181 178 175 174 174 174 174 176 178 180 178 176 177 179 182 187 193 197 195 190 184 182 180 179 180 182 183 183 180 175 172 173 174 174 175 174 173 174 175 176 174 170 166 167 169 172 175 178 180 181 181 182 186 190 193 192 187 180 176 174 173 172 170 169 174 176 174
198 191 182 177 173 171 172 175 178 180 180 181 182 183 184 185 185 189 194 194 191 187 186 186 186 185 182 179 177 174 172 172 173 175 178 181 180 178 179 182 186 192 197 199 196 189 183 178 175 174 175 178 182 185 186 183 179 177 178 180 181 184 181 175 170 169 167 160 154 152 154 159 163 167 170 176 180 180 179 182 189 193 194 191 186 180 176 176 175 173 171 175 177 176
183 181 179 177 176 175 176 178 180 180 181 181 181 183 185 186 187 191 191 189 186 182 181 182 183 183 180 178 175 174 172 173 175 179 183 183 181 181 185 191 197 200 200 195 189 183 178 173 170 170 173 177 181 185 187 187 185 184 184 187 192 196 192 180 170 167 163 155 149 145 143 146 152 158 163 170 175 175 175 178 183 190 195 195 193 186 180 176 174 171 171 174 177 178
169 173 178 179 179 179 179 181 181 180 180 180 181 182 184 185 188 191 190 188 185 181 178 177 179 179 177 175 175 175 175 177 181 185 187 186 186 189 194 199 200 198 193 188 183 179 175 171 168 168 172 176 180 185 189 190 190 190 191 195 199 198 190 179 171 167 163 159 156 151 143 139 141 145 151 158 164 166 169 173 178 185 194 198 197 190 182 177 173 171 169 172 176 177
157 163 175 181 183 183 183 182 181 180 180 180 180 181 181 183 188 192 191 189 186 181 177 175 174 174 174 174 176 178 182 186 190 192 191 192 195 198 198 196 194 191 187 182 178 175 173 171 170 169 171 175 179 184 188 190 191 194 197 199 199 193 185 178 173 169 165 164 164 159 152 146 143 139 137 142 147 152 159 166 172 180 189 196 197 193 186 179 175 171 169 170 175 177
151 156 169 179 185 187 186 183 181 180 179 179 179 178 177 182 187 192 192 189 185 180 177 174 172 172 174 176 179 184 191 197 199 199 197 195 196 197 194 189 187 185 182 177 173 172 172 173 174 173 172 173 176 182 186 188 192 196 199 198 194 188 182 178 175 172 171 171 170 166 163 161 157 149 141 138 137 137 142 152 163 173 181 189 194 194 191 184 177 172 169 170 174 177
148 153 165 175 184 189 189 186 182 180 179 179 178 177 174 175 183 189 189 186 181 177 174 173 173 174 177 180 185 193 202 206 203 199 196 194 191 191 190 186 182 180 176 172 169 169 172 176 179 179 176 171 171 176 181 186 192 196 197 193 188 183 180 179 179 178 177 175 173 172 173 173 168 160 155 151 146 140 137 141 151 163 172 181 189 194 194 189 181 174 169 169 173 176
149 151 158 169 179 187 190 188 184 182 181 180 179 177 175 175 181 186 185 182 177 174 173 174 176 179 182 186 193 202 207 204 198 194 193 191 188 187 187 185 181 176 171 168 166 168 172 178 183 185 182 174 167 169 176 185 192 193 192 187 181 178 179 181 183 184 183 179 177 178 181 180 174 167 164 163 157 152 148 146 147 155 164 173 181 190 194 192 186 177 171 168 171 175
156 155 156 163 173 183 189 190 187 184 183 181 179 178 177 179 182 184 181 177 174 174 175 178 181 184 188 194 201 204 201 196 192 190 189 189 187 185 185 184 180 174 169 165 164 166 171 178 185 188 186 179 169 165 172 182 188 188 186 181 176 174 177 182 187 188 187 185 183 183 184 183 179 175 172 169 164 160 159 158 155 154 158 164 173 182 189 192 190 183 175 169 168 172
161 161 162 163 168 177 185 189 190 188 185 182 179 177 176 184 184 184 179 175 175 177 182 185 190 194 196 198 200 196 191 188 187 187 187 187 185 184 184 182 179 173 168 165 164 165 168 175 182 186 187 183 176 168 170 178 184 185 183 177 173 171 175 181 186 189 189 188 187 185 185 185 185 183 178 173 169 168 168 168 165 160 156 157 162 171 180 188 190 188 182 174 168 170
158 161 167 167 167 172 180 187 191 191 188 184 180 177 175 178 184 183 179 177 181 189 195 197 203 209 206 194 187 185 182 181 182 183 185 185 185 184 183 181 177 172 169 168 168 167 167 171 177 182 186 185 181 173 171 176 181 183 181 175 172 170 172 177 183 186 188 188 188 186 186 187 188 188 184 179 176 176 177 176 173 167 162 156 154 157 165 177 186 188 186 179 172 171
154 158 165 167 167 169 175 184 190 192 191 187 183 180 178 179 183 183 182 186 195 196 202 206 207 210 203 187 173 171 172 173 175 178 181 184 185 184 182 179 174 170 168 170 172 172 169 168 172 178 183 185 183 177 174 177 181 183 180 175 172 169 169 172 177 181 183 185 187 187 186 188 190 190 188 187 186 186 184 180 177 175 172 164 155 150 152 160 172 182 184 181 177 175
160 159 158 160 162 164 170 179 186 192 193 191 187 183 180 179 183 185 189 188 199 209 207 203 202 201 196 187 176 168 167 169 169 172 177 181 183 183 181 178 173 170 168 169 172 172 170 165 165 172 179 183 183 181 178 180 184 184 181 177 173 166 163 164 169 175 180 184 187 186 184 187 189 190 191 193 195 193 188 183 182 184 181 171 162 157 154 153 158 167 175 178 177 175
177 170 159 157 157 159 163 171 180 188 193 193 191 186 182 180 183 188 188 196 205 204 201 199 197 195 193 189 182 174 172 173 174 173 174 177 179 179 178 176 174 172 170 170 170 168 164 158 156 162 172 179 183 183 181 183 185 185 182 180 176 168 163 160 162 170 178 183 187 185 181 183 188 188 191 196 198 197 192 188 188 188 182 173 167 164 164 163 161 162 164 167 169 170
183 175 165 163 163 162 162 166 173 182 189 194 194 190 185 181 183 191 199 200 200 197 196 195 194 193 192 190 186 179 175 176 179 180 177 175 175 176 176 176 176 176 177 177 172 165 160 156 153 156 165 176 182 184 182 184 186 185 184 182 178 172 166 161 158 164 174 181 185 183 180 180 185 186 187 192 196 197 196 193 191 187 181 175 171 170 171 172 171 167 163 163 163 162
178 175 170 169 171 170 168 167 170 177 185 191 194 192 188 183 185 193 191 196 193 191 190 190 191 191 191 191 190 185 179 176 180 182 182 179 175 174 174 176 179 181 182 179 172 166 163 161 159 158 163 173 181 183 182 185 186 185 184 182 179 175 171 166 160 160 167 177 181 181 178 179 182 184 183 186 192 196 196 194 190 187 183 179 177 178 180 180 175 169 164 163 162 160
173 173 173 174 176 176 174 172 172 176 182 188 192 192 189 186 188 193 192 189 186 185 185 186 187 189 191 193 193 190 185 180 178 179 180 179 176 173 172 174 178 182 184 180 173 168 166 166 166 164 164 171 179 181 182 185 186 184 183 181 179 178 176 173 167 161 161 170 178 179 176 176 180 182 180 180 186 191 193 191 189 188 187 186 185 187 188 184 176 169 165 163 162 161
168 170 174 177 179 179 178 176 176 177 184 185 188 189 193 189 192 181 186 182 181 180 181 183 185 187 189 192 194 193 190 185 180 177 176 176 175 173 171 170 173 179 183 183 178 173 171 171 170 168 166 170 176 180 182 186 186 183 182 180 180 180 180 179 175 168 161 164 173 177 175 174 178 180 177 175 181 186 187 186 186 190 193 195 195 193 188 180 174 171 170 167 165 164
165 168 175 179 180 181 181 180 179 179 180 181 181 189 194 194 187 189 174 178 178 180 181 182 183 185 187 189 192 194 193 189 184 178 174 173 173 173 171 169 168 174 181 185 184 181 177 176 173 169 165 166 171 177 182 185 184 182 182 182 182 181 181 181 179 174 166 161 166 172 173 174 177 177 174 171 176 182 183 182 182 190 197 200 199 193 182 176 175 175 175 174 172 170
166 169 176 180 180 181 181 181 181 180 178 175 174 179 199 182 189 188 181 177 179 181 181 180 180 181 183 185 189 193 193 190 184 178 173 171 171 173 173 171 169 171 178 186 188 186 182 180 178 174 168 164 168 175 181 183 182 181 183 187 188 186 182 181 179 175 168 161 158 162 168 173 176 175 172 169 173 179 180 178 178 187 195 199 197 190 180 176 176 178 178 179 180 179
170 172 177 180 180 180 179 180 180 179 176 173 174 182 195 201 196 190 183 180 181 181 180 179 178 178 180 182 186 190 191 188 182 176 172 170 170 171 173 175 174 172 177 186 190 190 185 182 181 179 175 170 168 174 181 184 182 182 187 193 195 193 187 181 176 171 166 162 156 154 157 165 172 172 170 169 172 176 176 175 177 184 191 194 193 188 183 179 178 180 181 183 184 184
