project/data/elevation/US_DEM2016/US_DEM2016_point_11-01-2019_1119_30m_vel.asc
ncols	125
nrows	167
xllcorner	-2042055.000000
yllcorner	1465035.000000
cellsize	30.000000
NODATA_value	-9999.000000
[rows 114 to 151 of 167, columns 0 to 83 of 125]
2.39 2.23 2.01 1.84 1.70 1.79 2.09 2.26 2.22 2.15 2.14 2.11 2.10 2.16 2.25 2.33 2.41 2.49 2.53 2.70 3.18 3.50 3.03 2.32 2.42 2.82 3.06 3.17 3.11 3.01 2.98 2.86 2.57 2.25 1.96 1.56 1.08 0.85 0.93 1.24 1.63 2.01 2.55 3.18 3.46 3.26 2.77 2.18 1.92 2.29 2.84 3.30 3.56 3.40 2.92 2.47 2.11 1.82 1.58 1.41 1.32 1.34 1.51 1.83 2.17 2.54 3.00 3.30 3.27 2.93 2.52 2.17 1.81 1.58 1.59 1.79 2.01 2.30 2.89 3.73 3.88 3.18 2.60 2.32
2.44 2.29 2.06 1.91 1.79 1.83 2.04 2.14 2.06 2.02 2.06 2.06 2.05 2.11 2.25 2.43 2.57 2.61 2.62 2.77 3.18 3.46 3.01 2.35 2.37 2.66 2.85 3.05 3.11 3.03 2.94 2.88 2.73 2.37 1.94 1.53 1.13 0.92 1.00 1.32 1.70 2.07 2.59 3.22 3.47 3.17 2.59 2.06 1.85 2.18 2.78 3.24 3.48 3.42 3.04 2.52 2.15 1.93 1.67 1.45 1.34 1.33 1.45 1.78 2.16 2.55 2.97 3.28 3.26 2.91 2.51 2.16 1.82 1.59 1.57 1.73 1.95 2.26 2.86 3.73 3.93 3.27 2.68 2.34
2.49 2.34 2.11 1.98 1.87 1.83 1.92 1.96 1.91 1.92 2.01 2.04 2.06 2.17 2.37 2.61 2.74 2.73 2.70 2.76 3.00 3.32 3.16 2.58 2.35 2.39 2.56 2.89 3.15 3.11 2.86 2.76 2.76 2.54 2.11 1.68 1.24 0.97 1.06 1.40 1.75 2.11 2.61 3.16 3.41 3.18 2.58 2.00 1.83 2.18 2.72 3.14 3.34 3.36 3.15 2.74 2.33 2.07 1.78 1.48 1.35 1.34 1.44 1.73 2.15 2.54 2.90 3.21 3.26 2.94 2.51 2.13 1.81 1.59 1.56 1.69 1.90 2.22 2.81 3.63 3.93 3.42 2.77 2.47
2.53 2.38 2.16 2.03 1.91 1.80 1.80 1.82 1.81 1.85 1.96 2.07 2.17 2.34 2.59 2.79 2.82 2.72 2.66 2.59 2.67 3.07 3.26 2.96 2.44 2.18 2.24 2.68 3.18 3.23 2.84 2.59 2.63 2.59 2.33 1.88 1.34 1.01 1.11 1.43 1.76 2.14 2.61 3.05 3.27 3.20 2.75 2.09 1.89 2.24 2.69 3.00 3.14 3.22 3.19 2.92 2.54 2.26 1.92 1.53 1.35 1.35 1.46 1.70 2.10 2.49 2.78 3.11 3.28 3.02 2.53 2.11 1.78 1.57 1.54 1.67 1.87 2.18 2.71 3.47 3.87 3.57 2.91 2.62
2.55 2.41 2.21 2.07 1.92 1.78 1.73 1.75 1.77 1.83 2.00 2.20 2.37 2.56 2.76 2.85 2.72 2.57 2.53 2.39 2.42 2.83 3.24 3.23 2.72 2.12 1.96 2.39 3.12 3.34 2.93 2.52 2.45 2.52 2.43 2.04 1.43 1.05 1.12 1.43 1.79 2.19 2.63 2.95 3.06 3.12 2.97 2.37 2.03 2.25 2.63 2.85 2.94 3.07 3.18 3.02 2.68 2.38 2.05 1.63 1.36 1.35 1.47 1.69 2.05 2.39 2.64 3.02 3.29 3.10 2.59 2.12 1.76 1.54 1.52 1.66 1.86 2.14 2.65 3.38 3.82 3.64 3.07 2.76
2.58 2.46 2.26 2.10 1.92 1.77 1.70 1.72 1.79 1.92 2.15 2.39 2.55 2.70 2.80 2.76 2.58 2.48 2.41 2.25 2.33 2.70 3.17 3.36 2.98 2.19 1.80 2.18 2.96 3.33 3.12 2.63 2.38 2.38 2.39 2.11 1.54 1.14 1.15 1.45 1.84 2.26 2.67 2.84 2.79 2.92 3.11 2.80 2.27 2.25 2.52 2.71 2.77 2.94 3.14 3.07 2.77 2.42 2.09 1.74 1.42 1.34 1.47 1.68 1.96 2.25 2.53 2.97 3.28 3.12 2.63 2.16 1.79 1.53 1.50 1.67 1.85 2.12 2.67 3.38 3.83 3.68 3.17 2.84
2.63 2.52 2.31 2.11 1.91 1.76 1.69 1.71 1.85 2.09 2.34 2.52 2.61 2.69 2.73 2.64 2.52 2.43 2.29 2.19 2.31 2.63 3.12 3.43 3.13 2.30 1.77 2.05 2.76 3.20 3.22 2.89 2.46 2.29 2.28 2.09 1.65 1.26 1.22 1.49 1.90 2.32 2.68 2.71 2.50 2.68 3.14 3.14 2.61 2.30 2.42 2.60 2.69 2.84 3.04 3.07 2.83 2.46 2.10 1.77 1.48 1.37 1.47 1.65 1.88 2.16 2.51 2.98 3.27 3.11 2.62 2.18 1.82 1.53 1.52 1.68 1.83 2.12 2.70 3.39 3.83 3.72 3.25 2.88
2.74 2.60 2.33 2.10 1.90 1.79 1.71 1.72 1.94 2.27 2.48 2.56 2.56 2.62 2.63 2.55 2.46 2.34 2.19 2.16 2.31 2.61 3.12 3.44 3.21 2.48 1.86 1.97 2.56 3.02 3.21 3.07 2.67 2.32 2.17 2.02 1.72 1.38 1.29 1.54 1.95 2.38 2.66 2.51 2.23 2.49 3.10 3.34 2.96 2.45 2.41 2.56 2.64 2.73 2.89 2.99 2.87 2.55 2.15 1.75 1.49 1.43 1.48 1.63 1.87 2.16 2.53 2.98 3.25 3.09 2.60 2.16 1.83 1.57 1.55 1.68 1.83 2.15 2.73 3.38 3.81 3.76 3.32 2.88
2.86 2.68 2.33 2.07 1.91 1.84 1.76 1.75 2.07 2.40 2.55 2.53 2.51 2.56 2.52 2.42 2.37 2.27 2.16 2.18 2.33 2.64 3.09 3.41 3.27 2.64 2.01 1.93 2.35 2.84 3.12 3.15 2.87 2.44 2.16 2.00 1.78 1.50 1.36 1.58 2.02 2.42 2.54 2.27 2.05 2.38 3.04 3.45 3.26 2.70 2.50 2.54 2.56 2.60 2.70 2.83 2.86 2.67 2.24 1.75 1.51 1.48 1.51 1.68 1.94 2.21 2.53 2.94 3.20 3.06 2.60 2.14 1.82 1.61 1.58 1.70 1.90 2.22 2.72 3.32 3.80 3.84 3.41 2.87
2.97 2.75 2.34 2.06 1.93 1.91 1.85 1.84 2.14 2.46 2.54 2.49 2.48 2.47 2.34 2.28 2.32 2.27 2.20 2.20 2.32 2.61 3.03 3.37 3.33 2.82 2.19 1.96 2.17 2.62 3.00 3.18 3.00 2.55 2.22 2.04 1.84 1.58 1.42 1.64 2.08 2.35 2.30 2.09 2.03 2.35 2.95 3.48 3.47 2.98 2.63 2.54 2.47 2.44 2.49 2.64 2.81 2.73 2.30 1.79 1.56 1.51 1.55 1.75 2.01 2.25 2.52 2.91 3.15 3.00 2.59 2.16 1.81 1.64 1.62 1.75 1.98 2.24 2.63 3.22 3.79 3.93 3.49 2.88
3.05 2.82 2.39 2.08 1.96 1.97 1.95 1.94 2.13 2.38 2.45 2.46 2.47 2.32 2.12 2.21 2.34 2.31 2.22 2.16 2.25 2.57 3.01 3.36 3.35 2.92 2.41 2.06 2.03 2.38 2.84 3.15 3.11 2.69 2.31 2.08 1.87 1.64 1.50 1.70 2.04 2.14 2.05 2.03 2.11 2.38 2.89 3.47 3.58 3.21 2.81 2.60 2.44 2.33 2.30 2.46 2.73 2.73 2.33 1.87 1.62 1.54 1.58 1.80 2.08 2.28 2.51 2.88 3.10 2.92 2.55 2.18 1.81 1.65 1.68 1.81 2.01 2.21 2.52 3.10 3.75 3.98 3.59 2.95
3.07 2.89 2.48 2.14 2.00 2.02 2.04 2.01 2.07 2.22 2.33 2.46 2.44 2.16 2.04 2.22 2.34 2.30 2.17 2.09 2.21 2.57 3.06 3.39 3.31 2.91 2.56 2.23 1.99 2.16 2.63 3.07 3.19 2.86 2.37 2.06 1.87 1.68 1.58 1.69 1.88 1.89 1.90 2.00 2.17 2.42 2.88 3.43 3.61 3.36 2.99 2.70 2.47 2.28 2.21 2.34 2.60 2.66 2.38 1.96 1.67 1.57 1.61 1.88 2.17 2.31 2.48 2.83 3.05 2.86 2.47 2.12 1.80 1.69 1.76 1.87 2.03 2.18 2.44 2.99 3.68 4.02 3.73 3.10
3.11 2.93 2.54 2.20 2.04 2.05 2.08 2.04 2.00 2.08 2.25 2.42 2.36 2.12 2.07 2.20 2.25 2.20 2.11 2.10 2.27 2.65 3.17 3.42 3.20 2.83 2.62 2.35 2.02 2.03 2.42 2.94 3.23 3.01 2.44 2.06 1.87 1.72 1.62 1.62 1.69 1.77 1.84 1.96 2.14 2.43 2.86 3.36 3.59 3.45 3.12 2.80 2.53 2.30 2.20 2.27 2.44 2.55 2.40 2.02 1.72 1.63 1.69 1.96 2.20 2.29 2.44 2.78 3.00 2.81 2.37 2.02 1.81 1.76 1.82 1.93 2.08 2.22 2.40 2.84 3.55 4.00 3.87 3.28
3.20 2.97 2.54 2.26 2.11 2.10 2.11 2.05 1.98 2.02 2.18 2.31 2.25 2.11 2.10 2.13 2.14 2.13 2.13 2.21 2.38 2.75 3.28 3.42 3.07 2.76 2.62 2.37 2.06 1.99 2.28 2.79 3.17 3.11 2.62 2.18 1.95 1.77 1.62 1.56 1.64 1.74 1.82 1.92 2.10 2.39 2.79 3.25 3.53 3.50 3.24 2.92 2.62 2.35 2.21 2.23 2.32 2.41 2.37 2.06 1.76 1.69 1.79 1.99 2.15 2.24 2.44 2.76 2.93 2.69 2.24 1.94 1.84 1.82 1.86 1.95 2.13 2.30 2.43 2.73 3.38 3.93 3.93 3.35
3.29 2.99 2.53 2.32 2.23 2.18 2.14 2.06 1.98 1.99 2.09 2.15 2.11 2.09 2.12 2.11 2.12 2.17 2.26 2.34 2.47 2.81 3.27 3.37 3.03 2.75 2.58 2.33 2.10 2.03 2.20 2.61 3.03 3.15 2.85 2.38 2.04 1.81 1.62 1.56 1.63 1.71 1.78 1.91 2.10 2.38 2.73 3.10 3.41 3.52 3.36 3.06 2.75 2.43 2.21 2.23 2.28 2.28 2.28 2.08 1.80 1.75 1.85 1.97 2.06 2.23 2.52 2.79 2.80 2.48 2.12 1.94 1.87 1.87 1.91 1.97 2.12 2.34 2.51 2.77 3.34 3.93 3.94 3.30
3.28 3.00 2.56 2.41 2.37 2.28 2.15 2.05 1.98 1.96 2.01 2.01 1.98 2.05 2.15 2.16 2.19 2.29 2.40 2.44 2.49 2.76 3.17 3.31 3.10 2.79 2.52 2.29 2.14 2.08 2.16 2.46 2.88 3.13 3.01 2.56 2.13 1.84 1.64 1.55 1.59 1.66 1.79 1.96 2.14 2.40 2.70 2.97 3.26 3.48 3.45 3.21 2.89 2.52 2.23 2.24 2.27 2.16 2.15 2.05 1.84 1.79 1.86 1.95 2.07 2.31 2.62 2.76 2.58 2.23 2.03 1.94 1.88 1.89 1.98 2.03 2.11 2.31 2.56 2.89 3.42 3.94 3.90 3.20
3.23 3.02 2.66 2.53 2.48 2.33 2.14 2.02 1.96 1.95 1.96 1.92 1.91 2.06 2.20 2.24 2.29 2.40 2.48 2.45 2.41 2.60 3.01 3.30 3.22 2.82 2.47 2.29 2.18 2.11 2.15 2.37 2.74 3.08 3.10 2.69 2.21 1.90 1.66 1.52 1.52 1.65 1.84 2.03 2.22 2.45 2.67 2.85 3.09 3.39 3.52 3.38 3.06 2.62 2.27 2.26 2.28 2.13 2.02 1.97 1.87 1.82 1.86 1.96 2.16 2.44 2.64 2.59 2.30 2.08 1.99 1.94 1.89 1.92 2.03 2.11 2.17 2.32 2.58 2.95 3.45 3.87 3.80 3.25
3.20 3.04 2.76 2.60 2.48 2.32 2.15 2.02 1.96 1.94 1.94 1.91 1.93 2.10 2.24 2.27 2.32 2.41 2.42 2.33 2.26 2.43 2.87 3.33 3.33 2.87 2.44 2.30 2.22 2.11 2.13 2.34 2.64 2.97 3.09 2.83 2.40 2.01 1.69 1.49 1.50 1.70 1.93 2.11 2.29 2.46 2.56 2.66 2.90 3.26 3.53 3.53 3.21 2.70 2.33 2.30 2.31 2.13 1.96 1.91 1.86 1.83 1.86 2.01 2.28 2.51 2.54 2.33 2.11 2.01 1.97 1.93 1.93 1.98 2.05 2.12 2.23 2.40 2.66 3.02 3.46 3.77 3.71 3.34
3.20 3.07 2.84 2.64 2.42 2.26 2.16 2.07 2.00 1.95 1.94 1.95 1.99 2.10 2.19 2.24 2.31 2.33 2.25 2.17 2.18 2.36 2.84 3.34 3.40 2.94 2.45 2.31 2.24 2.11 2.12 2.32 2.57 2.82 2.98 2.91 2.62 2.20 1.72 1.48 1.52 1.75 1.97 2.16 2.33 2.40 2.39 2.44 2.71 3.11 3.51 3.63 3.29 2.76 2.40 2.37 2.35 2.14 1.95 1.87 1.85 1.85 1.87 2.03 2.34 2.50 2.34 2.10 2.00 1.96 1.94 1.93 1.98 2.06 2.08 2.11 2.24 2.47 2.79 3.17 3.56 3.75 3.64 3.33
3.18 3.08 2.90 2.70 2.40 2.18 2.12 2.15 2.11 1.99 1.95 1.99 2.02 2.04 2.10 2.20 2.26 2.17 2.07 2.09 2.19 2.41 2.86 3.33 3.44 3.03 2.50 2.30 2.23 2.12 2.14 2.31 2.51 2.66 2.81 2.90 2.80 2.43 1.86 1.53 1.54 1.71 1.94 2.20 2.32 2.28 2.21 2.27 2.56 3.02 3.51 3.67 3.32 2.82 2.51 2.44 2.40 2.15 1.93 1.85 1.85 1.86 1.88 2.02 2.33 2.43 2.19 1.97 1.92 1.91 1.92 1.95 2.03 2.10 2.11 2.15 2.28 2.52 2.89 3.32 3.69 3.78 3.52 3.19
3.18 3.09 2.94 2.75 2.45 2.13 2.04 2.15 2.21 2.05 1.95 2.00 2.03 2.01 2.06 2.16 2.14 1.98 1.95 2.09 2.24 2.46 2.89 3.31 3.46 3.14 2.59 2.30 2.20 2.14 2.17 2.31 2.43 2.52 2.66 2.82 2.84 2.61 2.10 1.65 1.53 1.62 1.91 2.21 2.24 2.13 2.08 2.17 2.51 3.05 3.52 3.62 3.29 2.89 2.62 2.54 2.45 2.17 1.90 1.85 1.87 1.87 1.88 1.98 2.26 2.34 2.08 1.89 1.87 1.86 1.89 1.98 2.10 2.15 2.16 2.22 2.38 2.62 2.96 3.39 3.73 3.74 3.38 3.03
3.28 3.15 2.92 2.74 2.50 2.17 1.99 2.09 2.23 2.11 1.95 1.99 2.08 2.08 2.06 2.05 1.97 1.86 1.93 2.11 2.24 2.46 2.90 3.30 3.47 3.24 2.69 2.30 2.18 2.15 2.20 2.30 2.36 2.43 2.61 2.76 2.78 2.64 2.31 1.85 1.56 1.59 1.88 2.14 2.12 2.02 2.03 2.14 2.55 3.16 3.54 3.50 3.19 2.92 2.74 2.65 2.52 2.19 1.90 1.87 1.90 1.89 1.88 1.95 2.17 2.24 2.01 1.83 1.81 1.81 1.85 2.00 2.16 2.24 2.27 2.33 2.52 2.81 3.09 3.37 3.60 3.63 3.34 2.97
3.48 3.25 2.85 2.66 2.52 2.25 2.01 2.02 2.17 2.12 1.97 2.02 2.18 2.19 2.03 1.90 1.84 1.82 1.92 2.07 2.22 2.46 2.92 3.30 3.46 3.30 2.80 2.34 2.19 2.16 2.20 2.28 2.33 2.42 2.61 2.72 2.68 2.59 2.38 2.02 1.67 1.63 1.83 2.01 2.02 1.98 2.01 2.16 2.66 3.30 3.53 3.31 3.02 2.90 2.83 2.76 2.59 2.24 1.94 1.91 1.93 1.90 1.87 1.93 2.09 2.14 1.94 1.78 1.75 1.75 1.81 2.00 2.19 2.33 2.41 2.50 2.72 3.03 3.22 3.23 3.27 3.44 3.36 3.01
3.63 3.31 2.76 2.55 2.47 2.27 2.06 2.00 2.09 2.11 2.04 2.11 2.29 2.25 1.98 1.79 1.77 1.79 1.85 2.01 2.21 2.50 2.95 3.28 3.40 3.32 2.94 2.46 2.23 2.19 2.20 2.24 2.29 2.42 2.59 2.65 2.59 2.51 2.34 2.05 1.80 1.73 1.82 1.92 1.99 2.00 2.01 2.22 2.83 3.41 3.47 3.10 2.84 2.83 2.86 2.84 2.68 2.32 2.03 1.99 1.96 1.90 1.86 1.91 2.04 2.06 1.89 1.73 1.68 1.69 1.78 1.98 2.21 2.40 2.53 2.67 2.91 3.21 3.24 2.94 2.86 3.17 3.30 3.13
3.68 3.32 2.74 2.53 2.44 2.30 2.15 2.04 2.03 2.08 2.12 2.21 2.32 2.21 1.92 1.75 1.72 1.73 1.80 2.01 2.26 2.55 2.96 3.24 3.33 3.29 3.03 2.64 2.35 2.24 2.20 2.18 2.20 2.33 2.51 2.55 2.47 2.40 2.25 2.04 1.90 1.85 1.87 1.94 2.02 2.02 2.04 2.37 3.01 3.44 3.34 2.92 2.69 2.73 2.83 2.88 2.75 2.44 2.19 2.10 1.99 1.87 1.83 1.87 2.01 2.03 1.84 1.68 1.62 1.67 1.81 2.00 2.25 2.46 2.60 2.76 3.04 3.30 3.16 2.68 2.57 2.88 3.08 3.14
3.62 3.32 2.83 2.61 2.49 2.38 2.25 2.09 2.02 2.05 2.15 2.26 2.27 2.11 1.88 1.75 1.70 1.69 1.81 2.07 2.32 2.59 2.96 3.19 3.26 3.22 3.06 2.79 2.54 2.35 2.22 2.12 2.12 2.25 2.41 2.44 2.35 2.28 2.16 2.03 1.96 1.95 1.98 2.05 2.09 2.07 2.16 2.55 3.12 3.40 3.19 2.79 2.58 2.62 2.78 2.88 2.81 2.58 2.34 2.18 2.00 1.84 1.81 1.85 1.99 2.02 1.82 1.64 1.59 1.69 1.90 2.11 2.35 2.54 2.66 2.81 3.11 3.35 3.12 2.56 2.40 2.63 2.82 3.05
3.44 3.29 2.99 2.74 2.59 2.47 2.30 2.14 2.06 2.04 2.13 2.22 2.17 2.01 1.85 1.75 1.69 1.71 1.88 2.14 2.35 2.61 2.94 3.14 3.19 3.17 3.05 2.86 2.67 2.50 2.26 2.08 2.06 2.16 2.29 2.32 2.24 2.18 2.09 2.02 2.02 2.08 2.14 2.18 2.17 2.16 2.29 2.68 3.16 3.31 3.05 2.67 2.45 2.52 2.75 2.90 2.87 2.69 2.42 2.16 1.96 1.85 1.82 1.84 1.97 2.01 1.82 1.63 1.59 1.76 2.05 2.27 2.45 2.58 2.67 2.83 3.13 3.37 3.17 2.58 2.28 2.39 2.62 3.03
3.23 3.22 3.11 2.85 2.63 2.49 2.32 2.21 2.13 2.05 2.06 2.11 2.07 1.95 1.83 1.74 1.71 1.78 1.99 2.21 2.38 2.64 2.91 3.07 3.14 3.15 3.05 2.87 2.72 2.60 2.35 2.08 2.00 2.08 2.15 2.18 2.16 2.11 2.05 2.02 2.11 2.24 2.31 2.29 2.23 2.22 2.38 2.75 3.14 3.22 2.95 2.55 2.30 2.43 2.78 2.97 2.94 2.73 2.40 2.10 1.96 1.90 1.87 1.87 1.96 1.99 1.83 1.65 1.62 1.84 2.19 2.36 2.45 2.54 2.60 2.78 3.13 3.42 3.27 2.65 2.17 2.19 2.51 3.01
3.14 3.21 3.22 2.94 2.60 2.40 2.35 2.31 2.20 2.04 1.97 1.99 1.98 1.90 1.79 1.73 1.75 1.89 2.11 2.27 2.42 2.64 2.84 2.99 3.13 3.20 3.07 2.82 2.70 2.63 2.42 2.11 1.97 1.99 2.03 2.06 2.09 2.08 2.06 2.10 2.27 2.42 2.43 2.35 2.24 2.21 2.40 2.78 3.10 3.12 2.83 2.41 2.16 2.37 2.82 3.06 2.99 2.71 2.35 2.10 2.00 1.96 1.93 1.92 1.96 1.95 1.82 1.67 1.66 1.93 2.26 2.37 2.39 2.46 2.52 2.71 3.11 3.46 3.38 2.73 2.11 2.07 2.37 2.88
3.14 3.25 3.30 3.01 2.52 2.26 2.31 2.35 2.24 2.04 1.90 1.90 1.91 1.85 1.76 1.72 1.82 2.01 2.21 2.32 2.43 2.57 2.74 2.91 3.13 3.26 3.08 2.76 2.64 2.61 2.44 2.15 1.96 1.92 1.92 1.95 2.03 2.11 2.17 2.31 2.49 2.54 2.45 2.31 2.19 2.18 2.41 2.81 3.06 2.99 2.68 2.30 2.12 2.35 2.83 3.11 3.02 2.67 2.31 2.14 2.08 2.03 1.98 1.95 1.95 1.92 1.81 1.70 1.72 1.96 2.24 2.32 2.33 2.38 2.49 2.74 3.10 3.44 3.44 2.86 2.13 1.96 2.19 2.68
3.19 3.29 3.34 3.05 2.50 2.18 2.21 2.30 2.25 2.07 1.90 1.86 1.87 1.82 1.74 1.75 1.91 2.12 2.27 2.33 2.38 2.48 2.64 2.85 3.12 3.28 3.08 2.73 2.60 2.57 2.44 2.18 1.95 1.85 1.83 1.85 2.00 2.20 2.39 2.56 2.63 2.53 2.36 2.24 2.15 2.17 2.43 2.84 3.01 2.86 2.53 2.24 2.10 2.34 2.80 3.07 3.02 2.70 2.35 2.24 2.23 2.12 2.01 1.96 1.94 1.90 1.81 1.74 1.77 1.94 2.17 2.29 2.27 2.32 2.55 2.88 3.16 3.40 3.43 2.97 2.22 1.88 2.01 2.55
3.25 3.33 3.35 3.04 2.55 2.19 2.14 2.20 2.21 2.10 1.93 1.86 1.85 1.81 1.75 1.79 1.97 2.16 2.26 2.30 2.32 2.40 2.61 2.87 3.13 3.25 3.08 2.77 2.59 2.49 2.41 2.20 1.91 1.80 1.77 1.80 2.01 2.33 2.60 2.74 2.67 2.44 2.25 2.18 2.16 2.20 2.45 2.82 2.94 2.73 2.42 2.16 2.09 2.36 2.77 2.99 2.96 2.73 2.44 2.41 2.43 2.23 2.02 1.95 1.94 1.89 1.82 1.76 1.78 1.91 2.12 2.24 2.20 2.27 2.67 3.11 3.29 3.33 3.33 3.01 2.34 1.85 1.91 2.52
3.25 3.34 3.36 3.01 2.54 2.25 2.16 2.16 2.15 2.10 1.98 1.88 1.83 1.80 1.78 1.83 1.96 2.10 2.20 2.26 2.28 2.38 2.66 2.98 3.16 3.18 3.04 2.82 2.55 2.35 2.36 2.21 1.90 1.77 1.76 1.80 2.04 2.41 2.72 2.86 2.70 2.36 2.16 2.16 2.19 2.25 2.46 2.76 2.85 2.63 2.29 2.08 2.13 2.43 2.75 2.89 2.86 2.69 2.51 2.55 2.60 2.38 2.08 1.95 1.93 1.89 1.82 1.76 1.78 1.93 2.10 2.16 2.14 2.31 2.85 3.31 3.36 3.18 3.12 2.99 2.51 1.93 1.91 2.49
3.11 3.27 3.39 3.08 2.57 2.34 2.27 2.20 2.11 2.08 2.03 1.89 1.81 1.79 1.78 1.81 1.89 2.01 2.17 2.27 2.30 2.44 2.79 3.11 3.20 3.08 2.97 2.82 2.47 2.20 2.28 2.20 1.92 1.79 1.78 1.82 2.06 2.43 2.76 2.94 2.77 2.34 2.11 2.16 2.21 2.26 2.45 2.70 2.76 2.49 2.13 2.05 2.24 2.52 2.73 2.81 2.75 2.62 2.53 2.59 2.67 2.56 2.24 2.01 1.93 1.89 1.82 1.77 1.82 1.95 2.05 2.08 2.17 2.49 3.06 3.42 3.33 2.97 2.86 2.91 2.69 2.12 1.92 2.43
2.74 3.03 3.38 3.27 2.83 2.51 2.39 2.26 2.10 2.07 2.04 1.89 1.79 1.78 1.75 1.76 1.83 1.98 2.16 2.28 2.35 2.55 2.91 3.21 3.22 2.99 2.85 2.74 2.38 2.13 2.18 2.15 1.95 1.83 1.80 1.85 2.08 2.43 2.77 2.98 2.84 2.42 2.14 2.13 2.15 2.22 2.44 2.66 2.64 2.29 2.01 2.11 2.39 2.61 2.72 2.74 2.66 2.56 2.51 2.55 2.66 2.69 2.49 2.15 1.94 1.88 1.84 1.80 1.85 1.91 1.95 2.07 2.34 2.76 3.22 3.44 3.24 2.86 2.68 2.80 2.78 2.33 1.97 2.31
2.29 2.68 3.25 3.38 3.09 2.73 2.50 2.33 2.16 2.06 1.99 1.88 1.80 1.77 1.71 1.72 1.84 2.00 2.11 2.20 2.37 2.66 3.02 3.28 3.21 2.90 2.69 2.59 2.36 2.15 2.12 2.09 1.97 1.86 1.82 1.89 2.13 2.46 2.77 2.95 2.87 2.55 2.23 2.09 2.05 2.15 2.44 2.62 2.48 2.11 2.00 2.25 2.53 2.68 2.73 2.67 2.57 2.48 2.46 2.51 2.62 2.74 2.67 2.31 1.96 1.86 1.85 1.84 1.83 1.82 1.91 2.20 2.58 2.93 3.23 3.35 3.18 2.86 2.64 2.70 2.78 2.50 2.06 2.08
2.00 2.39 3.03 3.39 3.32 2.94 2.63 2.41 2.25 2.07 1.92 1.85 1.81 1.75 1.69 1.72 1.86 1.96 1.99 2.10 2.38 2.75 3.12 3.31 3.15 2.79 2.54 2.47 2.39 2.26 2.13 2.04 1.96 1.87 1.85 1.96 2.20 2.51 2.76 2.87 2.84 2.66 2.38 2.11 1.97 2.08 2.40 2.55 2.32 2.01 2.07 2.39 2.64 2.75 2.73 2.62 2.49 2.37 2.37 2.48 2.62 2.75 2.77 2.47 2.04 1.87 1.88 1.87 1.82 1.80 1.98 2.38 2.71 2.95 3.17 3.24 3.13 2.89 2.67 2.63 2.71 2.58 2.16 1.93
1.88 2.17 2.77 3.30 3.45 3.16 2.76 2.47 2.25 2.06 1.90 1.85 1.82 1.75 1.69 1.73 1.83 1.85 1.87 2.07 2.38 2.76 3.15 3.29 3.05 2.67 2.46 2.43 2.45 2.39 2.19 2.00 1.93 1.89 1.90 2.02 2.24 2.53 2.72 2.77 2.76 2.70 2.51 2.23 2.01 2.02 2.31 2.44 2.19 1.98 2.17 2.51 2.72 2.80 2.74 2.57 2.39 2.26 2.28 2.47 2.63 2.73 2.78 2.59 2.19 1.94 1.92 1.89 1.84 1.87 2.08 2.41 2.64 2.88 3.14 3.20 3.07 2.90 2.70 2.56 2.60 2.59 2.22 1.87
