project/data/elevation/US_DEM2016/US_DEM2016_point_10-29-2019_2322_30m_vel.asc
ncols	125
nrows	167
xllcorner	-2042055.000000
yllcorner	1465035.000000
cellsize	30.000000
NODATA_value	-9999.000000
[rows 114 to 151 of 167, columns 0 to 83 of 125]
1.48 1.46 1.44 1.42 1.38 1.38 1.36 1.31 1.25 1.18 1.11 1.06 1.05 1.09 1.15 1.22 1.28 1.35 1.42 1.48 1.55 1.54 1.45 1.40 1.48 1.60 1.74 1.86 1.90 1.87 1.84 1.74 1.53 1.36 1.31 1.35 1.40 1.45 1.48 1.49 1.53 1.57 1.60 1.59 1.53 1.48 1.49 1.49 1.49 1.54 1.63 1.69 1.72 1.66 1.50 1.37 1.34 1.37 1.40 1.42 1.41 1.37 1.36 1.37 1.40 1.44 1.50 1.55 1.55 1.53 1.49 1.46 1.44 1.41 1.38 1.37 1.39 1.42 1.52 1.66 1.65 1.47 1.31 1.20
1.52 1.50 1.48 1.45 1.37 1.29 1.22 1.19 1.17 1.14 1.09 1.07 1.04 1.09 1.19 1.32 1.41 1.49 1.56 1.60 1.61 1.59 1.42 1.24 1.25 1.37 1.54 1.71 1.80 1.82 1.88 1.94 1.87 1.65 1.42 1.34 1.39 1.48 1.54 1.55 1.56 1.58 1.59 1.61 1.57 1.46 1.37 1.36 1.39 1.47 1.62 1.75 1.84 1.84 1.70 1.47 1.31 1.25 1.25 1.29 1.34 1.36 1.39 1.43 1.47 1.48 1.50 1.55 1.56 1.52 1.49 1.48 1.47 1.44 1.39 1.38 1.41 1.46 1.55 1.69 1.69 1.51 1.35 1.23
1.52 1.52 1.51 1.47 1.37 1.24 1.15 1.16 1.24 1.32 1.36 1.35 1.35 1.40 1.49 1.58 1.65 1.67 1.63 1.59 1.60 1.66 1.54 1.22 1.05 1.10 1.31 1.55 1.67 1.68 1.70 1.83 1.96 1.93 1.76 1.61 1.57 1.58 1.58 1.55 1.53 1.51 1.53 1.59 1.64 1.57 1.38 1.28 1.31 1.40 1.54 1.71 1.87 1.96 1.94 1.82 1.64 1.47 1.34 1.31 1.32 1.32 1.33 1.37 1.44 1.48 1.52 1.57 1.58 1.50 1.44 1.43 1.44 1.43 1.41 1.40 1.43 1.48 1.59 1.75 1.79 1.66 1.53 1.46
1.50 1.50 1.49 1.46 1.39 1.28 1.20 1.22 1.32 1.44 1.55 1.63 1.68 1.72 1.74 1.72 1.69 1.65 1.57 1.50 1.54 1.69 1.73 1.50 1.16 1.05 1.15 1.40 1.58 1.56 1.46 1.51 1.73 1.91 1.92 1.83 1.70 1.58 1.50 1.45 1.42 1.42 1.45 1.54 1.66 1.70 1.53 1.29 1.24 1.31 1.41 1.56 1.74 1.91 1.99 1.98 1.91 1.81 1.66 1.51 1.42 1.36 1.30 1.29 1.33 1.41 1.49 1.57 1.60 1.52 1.43 1.39 1.40 1.41 1.42 1.44 1.47 1.51 1.61 1.78 1.88 1.85 1.77 1.73
1.47 1.46 1.45 1.44 1.41 1.36 1.31 1.32 1.35 1.40 1.50 1.61 1.69 1.72 1.69 1.62 1.52 1.45 1.42 1.40 1.44 1.59 1.75 1.73 1.49 1.25 1.20 1.32 1.54 1.58 1.39 1.26 1.35 1.62 1.78 1.77 1.65 1.52 1.44 1.39 1.37 1.38 1.41 1.47 1.60 1.73 1.68 1.38 1.20 1.18 1.26 1.38 1.55 1.73 1.86 1.90 1.88 1.87 1.82 1.71 1.57 1.44 1.32 1.24 1.23 1.29 1.38 1.50 1.58 1.57 1.51 1.46 1.43 1.42 1.43 1.46 1.49 1.54 1.62 1.75 1.87 1.90 1.85 1.80
1.46 1.44 1.42 1.42 1.42 1.41 1.39 1.38 1.38 1.40 1.45 1.51 1.53 1.50 1.47 1.44 1.40 1.36 1.33 1.31 1.32 1.40 1.57 1.67 1.59 1.39 1.28 1.32 1.54 1.68 1.59 1.33 1.20 1.29 1.50 1.62 1.58 1.50 1.45 1.42 1.40 1.39 1.38 1.42 1.52 1.69 1.76 1.56 1.27 1.14 1.17 1.28 1.41 1.58 1.74 1.81 1.77 1.73 1.74 1.72 1.63 1.50 1.37 1.27 1.22 1.25 1.33 1.46 1.58 1.62 1.60 1.56 1.51 1.46 1.43 1.44 1.46 1.50 1.57 1.67 1.77 1.78 1.72 1.66
1.46 1.44 1.41 1.42 1.42 1.42 1.42 1.43 1.45 1.46 1.46 1.44 1.40 1.36 1.35 1.36 1.37 1.35 1.32 1.29 1.27 1.29 1.40 1.52 1.52 1.38 1.28 1.32 1.50 1.70 1.76 1.60 1.33 1.20 1.28 1.43 1.49 1.46 1.45 1.45 1.43 1.41 1.39 1.40 1.47 1.61 1.75 1.69 1.41 1.19 1.14 1.22 1.34 1.48 1.65 1.76 1.75 1.65 1.60 1.60 1.58 1.51 1.43 1.36 1.34 1.38 1.45 1.53 1.60 1.62 1.61 1.59 1.56 1.50 1.42 1.38 1.39 1.43 1.49 1.59 1.70 1.71 1.63 1.56
1.50 1.46 1.42 1.41 1.41 1.41 1.43 1.47 1.51 1.52 1.46 1.40 1.36 1.35 1.37 1.39 1.39 1.38 1.38 1.38 1.38 1.40 1.46 1.52 1.50 1.39 1.29 1.30 1.41 1.61 1.75 1.75 1.59 1.39 1.30 1.34 1.40 1.41 1.40 1.41 1.41 1.40 1.40 1.41 1.43 1.50 1.66 1.69 1.50 1.24 1.13 1.15 1.24 1.35 1.49 1.66 1.73 1.67 1.57 1.52 1.52 1.50 1.48 1.47 1.49 1.52 1.55 1.59 1.62 1.61 1.57 1.55 1.56 1.52 1.45 1.40 1.38 1.41 1.47 1.56 1.67 1.69 1.62 1.57
1.53 1.48 1.42 1.40 1.40 1.39 1.39 1.45 1.54 1.54 1.48 1.41 1.36 1.35 1.37 1.40 1.41 1.43 1.46 1.50 1.52 1.54 1.57 1.59 1.55 1.43 1.29 1.24 1.31 1.50 1.68 1.74 1.69 1.57 1.47 1.42 1.42 1.39 1.35 1.35 1.34 1.34 1.36 1.37 1.34 1.38 1.54 1.66 1.55 1.29 1.10 1.02 1.04 1.14 1.29 1.49 1.65 1.68 1.61 1.55 1.53 1.51 1.49 1.48 1.48 1.48 1.50 1.57 1.63 1.65 1.60 1.56 1.54 1.52 1.47 1.43 1.41 1.41 1.44 1.53 1.63 1.64 1.55 1.50
1.52 1.47 1.38 1.36 1.38 1.38 1.35 1.35 1.40 1.45 1.45 1.40 1.32 1.28 1.30 1.35 1.42 1.46 1.46 1.45 1.45 1.47 1.53 1.61 1.63 1.55 1.36 1.22 1.23 1.40 1.59 1.68 1.64 1.56 1.53 1.52 1.50 1.43 1.42 1.31 1.27 1.23 1.25 1.27 1.24 1.27 1.43 1.60 1.58 1.37 1.14 0.95 0.87 0.92 1.07 1.28 1.49 1.60 1.59 1.55 1.52 1.50 1.48 1.44 1.40 1.40 1.45 1.52 1.61 1.66 1.66 1.61 1.56 1.51 1.44 1.39 1.36 1.34 1.36 1.47 1.60 1.60 1.50 1.40
1.55 1.49 1.40 1.37 1.37 1.37 1.32 1.25 1.21 1.24 1.31 1.33 1.28 1.23 1.23 1.30 1.38 1.40 1.34 1.27 1.27 1.34 1.44 1.55 1.63 1.64 1.53 1.34 1.24 1.32 1.52 1.65 1.64 1.54 1.49 1.49 1.49 1.43 1.33 1.25 1.19 1.18 1.23 1.27 1.26 1.27 1.37 1.55 1.59 1.48 1.30 1.14 1.00 0.92 0.96 1.12 1.34 1.49 1.52 1.50 1.50 1.50 1.50 1.51 1.49 1.49 1.50 1.53 1.57 1.60 1.63 1.63 1.58 1.49 1.40 1.34 1.30 1.29 1.34 1.47 1.61 1.62 1.51 1.35
1.59 1.58 1.52 1.43 1.37 1.34 1.29 1.19 1.12 1.12 1.35 1.28 1.29 1.25 1.23 1.24 1.25 1.26 1.23 1.19 1.20 1.28 1.40 1.50 1.57 1.63 1.63 1.51 1.36 1.32 1.47 1.65 1.67 1.56 1.43 1.36 1.36 1.34 1.27 1.20 1.18 1.25 1.37 1.45 1.48 1.46 1.48 1.57 1.62 1.56 1.45 1.34 1.25 1.15 1.08 1.11 1.26 1.44 1.51 1.50 1.50 1.49 1.50 1.53 1.54 1.53 1.51 1.53 1.56 1.56 1.56 1.59 1.57 1.49 1.41 1.34 1.30 1.29 1.35 1.48 1.64 1.67 1.56 1.40
1.59 1.60 1.57 1.46 1.36 1.30 1.26 1.19 1.12 1.12 1.18 1.26 1.31 1.27 1.19 1.13 1.13 1.18 1.22 1.22 1.25 1.31 1.38 1.46 1.52 1.55 1.59 1.57 1.46 1.38 1.44 1.61 1.69 1.59 1.41 1.31 1.29 1.30 1.28 1.25 1.29 1.41 1.52 1.59 1.63 1.66 1.68 1.71 1.70 1.63 1.52 1.40 1.32 1.27 1.22 1.18 1.24 1.41 1.52 1.52 1.48 1.45 1.43 1.42 1.41 1.40 1.41 1.47 1.56 1.59 1.57 1.58 1.55 1.50 1.44 1.37 1.30 1.24 1.24 1.37 1.60 1.72 1.64 1.50
1.52 1.50 1.44 1.38 1.31 1.27 1.25 1.21 1.15 1.11 1.33 1.16 1.26 1.27 1.20 1.14 1.17 1.24 1.31 1.37 1.42 1.44 1.44 1.44 1.42 1.43 1.46 1.49 1.44 1.38 1.41 1.57 1.71 1.69 1.54 1.41 1.37 1.38 1.38 1.37 1.41 1.47 1.50 1.53 1.60 1.68 1.77 1.84 1.84 1.76 1.64 1.51 1.39 1.31 1.27 1.23 1.24 1.35 1.48 1.51 1.44 1.38 1.34 1.30 1.30 1.33 1.38 1.45 1.54 1.61 1.63 1.60 1.55 1.49 1.46 1.45 1.42 1.33 1.24 1.27 1.50 1.69 1.70 1.59
1.51 1.41 1.31 1.27 1.25 1.24 1.25 1.23 1.16 1.42 1.04 1.10 1.23 1.34 1.36 1.35 1.39 1.45 1.51 1.55 1.57 1.56 1.53 1.48 1.40 1.36 1.37 1.39 1.37 1.33 1.35 1.49 1.68 1.76 1.68 1.57 1.50 1.47 1.43 1.39 1.37 1.36 1.41 1.47 1.55 1.64 1.75 1.88 1.97 1.95 1.85 1.72 1.59 1.45 1.36 1.31 1.25 1.27 1.39 1.47 1.42 1.36 1.32 1.29 1.31 1.37 1.41 1.46 1.51 1.57 1.59 1.58 1.54 1.50 1.46 1.47 1.51 1.54 1.47 1.40 1.48 1.62 1.66 1.60
1.61 1.50 1.35 1.32 1.31 1.28 1.26 1.25 1.21 1.44 1.11 1.17 1.30 1.43 1.52 1.57 1.61 1.64 1.62 1.57 1.53 1.52 1.57 1.57 1.47 1.38 1.37 1.38 1.36 1.32 1.32 1.40 1.59 1.72 1.71 1.61 1.51 1.45 1.40 1.34 1.29 1.31 1.38 1.45 1.52 1.59 1.68 1.80 1.95 2.02 1.96 1.82 1.68 1.55 1.46 1.40 1.32 1.25 1.31 1.42 1.43 1.39 1.36 1.36 1.38 1.41 1.42 1.43 1.45 1.46 1.48 1.50 1.51 1.51 1.50 1.45 1.44 1.52 1.60 1.60 1.58 1.62 1.63 1.58
1.70 1.62 1.52 1.50 1.48 1.41 1.32 1.28 1.28 1.24 1.21 1.25 1.35 1.46 1.55 1.59 1.59 1.58 1.54 1.46 1.37 1.36 1.48 1.56 1.51 1.43 1.41 1.44 1.44 1.42 1.38 1.41 1.53 1.67 1.69 1.58 1.45 1.37 1.35 1.34 1.33 1.37 1.42 1.45 1.46 1.49 1.53 1.62 1.77 1.91 1.93 1.83 1.70 1.60 1.53 1.48 1.43 1.36 1.33 1.39 1.44 1.43 1.42 1.42 1.43 1.41 1.39 1.40 1.41 1.42 1.45 1.48 1.50 1.51 1.54 1.52 1.45 1.40 1.47 1.57 1.64 1.70 1.72 1.72
1.70 1.66 1.59 1.56 1.55 1.52 1.43 1.34 1.31 1.30 1.28 1.28 1.32 1.39 1.46 1.47 1.43 1.41 1.39 1.34 1.27 1.25 1.36 1.49 1.49 1.44 1.43 1.48 1.50 1.50 1.50 1.53 1.59 1.70 1.76 1.69 1.53 1.40 1.35 1.38 1.43 1.48 1.50 1.47 1.42 1.37 1.37 1.44 1.59 1.78 1.88 1.83 1.74 1.65 1.57 1.52 1.50 1.46 1.42 1.42 1.44 1.45 1.45 1.46 1.44 1.40 1.37 1.39 1.42 1.46 1.50 1.53 1.54 1.52 1.51 1.55 1.55 1.49 1.43 1.46 1.60 1.75 1.84 1.87
1.67 1.64 1.58 1.53 1.50 1.54 1.54 1.46 1.37 1.34 1.31 1.26 1.23 1.25 1.29 1.34 1.35 1.33 1.31 1.31 1.28 1.28 1.36 1.47 1.49 1.44 1.41 1.44 1.47 1.49 1.53 1.60 1.67 1.76 1.84 1.84 1.71 1.54 1.40 1.39 1.44 1.48 1.48 1.44 1.37 1.32 1.31 1.36 1.48 1.68 1.83 1.84 1.77 1.69 1.61 1.56 1.53 1.50 1.47 1.45 1.45 1.45 1.45 1.46 1.46 1.42 1.38 1.38 1.43 1.49 1.54 1.55 1.56 1.54 1.50 1.48 1.53 1.59 1.59 1.55 1.59 1.69 1.77 1.80
1.65 1.66 1.65 1.60 1.55 1.55 1.60 1.60 1.52 1.43 1.35 1.26 1.17 1.13 1.18 1.27 1.32 1.34 1.36 1.40 1.43 1.45 1.48 1.52 1.53 1.46 1.40 1.40 1.43 1.45 1.47 1.51 1.61 1.73 1.85 1.91 1.88 1.74 1.55 1.43 1.40 1.39 1.40 1.40 1.37 1.34 1.34 1.37 1.45 1.60 1.76 1.83 1.82 1.76 1.67 1.61 1.56 1.51 1.48 1.45 1.43 1.41 1.40 1.42 1.46 1.47 1.45 1.44 1.47 1.52 1.56 1.56 1.54 1.53 1.52 1.50 1.49 1.55 1.65 1.68 1.65 1.62 1.60 1.60
1.62 1.68 1.74 1.73 1.66 1.58 1.58 1.63 1.63 1.52 1.40 1.30 1.20 1.13 1.15 1.22 1.29 1.37 1.44 1.51 1.56 1.56 1.57 1.58 1.59 1.53 1.44 1.40 1.42 1.44 1.44 1.43 1.48 1.61 1.78 1.91 1.97 1.95 1.80 1.58 1.43 1.37 1.38 1.39 1.39 1.38 1.38 1.41 1.47 1.57 1.70 1.81 1.86 1.84 1.76 1.67 1.59 1.52 1.47 1.46 1.43 1.50 1.35 1.37 1.44 1.49 1.51 1.53 1.56 1.58 1.61 1.61 1.58 1.52 1.50 1.52 1.55 1.57 1.64 1.73 1.73 1.66 1.54 1.48
1.55 1.60 1.68 1.74 1.73 1.62 1.54 1.55 1.58 1.53 1.43 1.36 1.30 1.22 1.15 1.15 1.24 1.36 1.46 1.52 1.53 1.54 1.57 1.60 1.62 1.58 1.48 1.40 1.38 1.40 1.43 1.43 1.45 1.53 1.66 1.80 1.92 2.00 1.98 1.82 1.59 1.41 1.31 1.31 1.34 1.36 1.38 1.43 1.48 1.55 1.65 1.76 1.85 1.87 1.82 1.73 1.64 1.55 1.49 1.48 1.48 1.44 1.39 1.37 1.43 1.52 1.55 1.57 1.61 1.64 1.66 1.68 1.66 1.59 1.52 1.50 1.57 1.65 1.71 1.78 1.83 1.82 1.68 1.53
1.47 1.46 1.46 1.54 1.61 1.59 1.49 1.45 1.50 1.53 1.50 1.46 1.44 1.37 1.26 1.19 1.21 1.29 1.36 1.41 1.45 1.50 1.55 1.60 1.63 1.61 1.50 1.39 1.33 1.33 1.35 1.41 1.45 1.48 1.53 1.62 1.72 1.83 1.91 1.87 1.68 1.43 1.25 1.22 1.28 1.32 1.35 1.39 1.45 1.53 1.60 1.68 1.78 1.84 1.85 1.79 1.70 1.60 1.51 1.50 1.51 1.51 1.46 1.41 1.43 1.51 1.56 1.57 1.61 1.66 1.71 1.77 1.78 1.75 1.68 1.62 1.62 1.66 1.71 1.76 1.87 1.96 1.90 1.74
1.46 1.39 1.27 1.23 1.28 1.34 1.35 1.35 1.44 1.55 1.59 1.60 1.60 1.55 1.44 1.31 1.24 1.23 1.25 1.29 1.37 1.45 1.52 1.59 1.64 1.64 1.57 1.42 1.30 1.24 1.23 1.27 1.33 1.37 1.39 1.44 1.51 1.59 1.66 1.67 1.59 1.43 1.29 1.25 1.28 1.32 1.34 1.37 1.44 1.51 1.57 1.62 1.69 1.77 1.82 1.82 1.75 1.66 1.57 1.53 1.53 1.54 1.51 1.47 1.46 1.49 1.54 1.57 1.61 1.67 1.75 1.83 1.90 1.94 1.93 1.88 1.79 1.71 1.66 1.68 1.82 2.01 2.09 2.03
1.52 1.42 1.23 1.12 1.09 1.13 1.18 1.24 1.34 1.48 1.59 1.61 1.60 1.57 1.51 1.40 1.29 1.24 1.25 1.31 1.36 1.41 1.47 1.56 1.63 1.67 1.66 1.54 1.37 1.24 1.17 1.15 1.16 1.21 1.27 1.31 1.35 1.40 1.45 1.48 1.48 1.43 1.37 1.34 1.37 1.40 1.43 1.46 1.49 1.52 1.56 1.60 1.64 1.72 1.79 1.82 1.81 1.75 1.70 1.65 1.61 1.58 1.54 1.51 1.51 1.53 1.54 1.57 1.61 1.68 1.76 1.85 1.94 2.01 2.04 2.01 1.92 1.80 1.68 1.65 1.77 1.98 2.17 2.23
1.63 1.52 1.31 1.20 1.17 1.17 1.20 1.21 1.23 1.31 1.42 1.47 1.47 1.47 1.46 1.41 1.34 1.31 1.33 1.37 1.41 1.44 1.47 1.53 1.60 1.66 1.70 1.67 1.56 1.39 1.26 1.17 1.14 1.16 1.20 1.24 1.26 1.29 1.35 1.40 1.44 1.45 1.44 1.44 1.47 1.51 1.54 1.55 1.54 1.55 1.57 1.60 1.63 1.69 1.76 1.81 1.83 1.82 1.79 1.75 1.68 1.60 1.54 1.52 1.56 1.59 1.57 1.56 1.60 1.68 1.76 1.80 1.84 1.87 1.89 1.89 1.86 1.79 1.68 1.61 1.67 1.85 2.06 2.20
1.75 1.66 1.52 1.45 1.43 1.40 1.35 1.29 1.23 1.21 1.26 1.33 1.37 1.38 1.39 1.39 1.38 1.36 1.36 1.39 1.43 1.47 1.50 1.53 1.57 1.62 1.66 1.70 1.69 1.59 1.42 1.29 1.21 1.16 1.17 1.22 1.24 1.26 1.32 1.39 1.44 1.47 1.48 1.50 1.51 1.53 1.54 1.52 1.51 1.54 1.56 1.57 1.60 1.65 1.71 1.75 1.77 1.76 1.72 1.66 1.60 1.55 1.50 1.49 1.53 1.59 1.58 1.55 1.55 1.61 1.66 1.67 1.64 1.63 1.62 1.64 1.68 1.69 1.63 1.54 1.52 1.61 1.80 1.98
1.78 1.75 1.70 1.68 1.68 1.66 1.56 1.45 1.37 1.28 1.22 1.23 1.29 1.34 1.37 1.39 1.40 1.39 1.40 1.42 1.45 1.49 1.51 1.53 1.55 1.57 1.60 1.64 1.67 1.66 1.55 1.40 1.29 1.21 1.18 1.23 1.28 1.31 1.34 1.39 1.45 1.51 1.54 1.54 1.53 1.51 1.48 1.44 1.45 1.50 1.53 1.53 1.53 1.58 1.64 1.67 1.67 1.64 1.59 1.52 1.49 1.49 1.47 1.46 1.48 1.52 1.54 1.52 1.50 1.50 1.50 1.47 1.44 1.43 1.44 1.47 1.55 1.62 1.58 1.47 1.42 1.45 1.58 1.75
1.70 1.72 1.71 1.68 1.68 1.74 1.75 1.68 1.56 1.43 1.31 1.25 1.27 1.33 1.38 1.42 1.45 1.45 1.45 1.44 1.45 1.46 1.48 1.51 1.53 1.53 1.53 1.55 1.58 1.60 1.57 1.48 1.38 1.31 1.27 1.29 1.35 1.39 1.40 1.43 1.50 1.56 1.59 1.57 1.53 1.48 1.45 1.42 1.43 1.47 1.50 1.50 1.48 1.53 1.61 1.64 1.60 1.55 1.49 1.45 1.43 1.44 1.43 1.42 1.42 1.45 1.47 1.47 1.48 1.47 1.44 1.39 1.38 1.39 1.42 1.46 1.55 1.62 1.60 1.49 1.43 1.44 1.50 1.65
1.62 1.64 1.65 1.59 1.54 1.57 1.68 1.71 1.65 1.53 1.41 1.35 1.34 1.36 1.41 1.46 1.50 1.50 1.47 1.43 1.39 1.38 1.42 1.48 1.51 1.51 1.49 1.47 1.49 1.53 1.54 1.50 1.45 1.41 1.38 1.40 1.45 1.48 1.47 1.50 1.54 1.55 1.53 1.50 1.47 1.45 1.44 1.44 1.44 1.47 1.50 1.51 1.50 1.52 1.59 1.64 1.61 1.51 1.42 1.38 1.37 1.38 1.38 1.36 1.36 1.39 1.42 1.43 1.45 1.47 1.48 1.47 1.45 1.46 1.47 1.50 1.58 1.68 1.69 1.60 1.50 1.46 1.50 1.63
1.58 1.60 1.64 1.62 1.52 1.40 1.41 1.50 1.56 1.54 1.47 1.42 1.40 1.40 1.42 1.45 1.48 1.48 1.43 1.37 1.33 1.32 1.37 1.44 1.51 1.54 1.52 1.48 1.49 1.53 1.56 1.53 1.49 1.47 1.46 1.49 1.55 1.59 1.57 1.53 1.49 1.45 1.42 1.40 1.40 1.42 1.45 1.47 1.47 1.48 1.50 1.51 1.50 1.51 1.58 1.67 1.69 1.63 1.52 1.44 1.39 1.35 1.33 1.33 1.34 1.38 1.41 1.42 1.41 1.42 1.47 1.51 1.51 1.50 1.49 1.48 1.55 1.68 1.76 1.72 1.59 1.50 1.50 1.60
1.57 1.59 1.62 1.62 1.55 1.38 1.26 1.26 1.36 1.43 1.43 1.41 1.40 1.40 1.39 1.38 1.39 1.38 1.34 1.29 1.26 1.26 1.31 1.39 1.48 1.56 1.59 1.57 1.56 1.59 1.60 1.56 1.51 1.49 1.48 1.51 1.57 1.62 1.58 1.49 1.39 1.35 1.36 1.39 1.40 1.41 1.43 1.47 1.49 1.49 1.49 1.49 1.46 1.48 1.56 1.68 1.77 1.79 1.72 1.64 1.54 1.41 1.34 1.33 1.34 1.38 1.41 1.42 1.42 1.42 1.46 1.52 1.54 1.55 1.54 1.53 1.55 1.64 1.74 1.76 1.64 1.53 1.50 1.54
1.56 1.58 1.56 1.46 1.37 1.28 1.19 1.16 1.21 1.29 1.34 1.37 1.38 1.38 1.36 1.33 1.31 1.31 1.30 1.29 1.28 1.29 1.33 1.38 1.43 1.52 1.60 1.60 1.57 1.57 1.61 1.60 1.55 1.51 1.49 1.49 1.53 1.56 1.55 1.47 1.38 1.33 1.36 1.41 1.43 1.41 1.39 1.42 1.47 1.49 1.48 1.46 1.44 1.47 1.55 1.65 1.76 1.83 1.83 1.80 1.72 1.55 1.41 1.36 1.36 1.39 1.42 1.45 1.48 1.51 1.53 1.55 1.58 1.62 1.66 1.65 1.60 1.60 1.69 1.76 1.69 1.57 1.51 1.48
1.51 1.57 1.61 1.43 1.23 1.17 1.16 1.16 1.19 1.26 1.33 1.37 1.37 1.36 1.36 1.35 1.35 1.38 1.44 1.46 1.46 1.45 1.45 1.42 1.40 1.42 1.50 1.53 1.47 1.45 1.53 1.59 1.57 1.53 1.50 1.49 1.51 1.55 1.58 1.57 1.47 1.37 1.34 1.38 1.40 1.39 1.36 1.37 1.42 1.45 1.45 1.45 1.45 1.47 1.53 1.61 1.70 1.77 1.82 1.83 1.82 1.72 1.55 1.44 1.42 1.42 1.42 1.45 1.48 1.51 1.53 1.54 1.58 1.62 1.66 1.66 1.61 1.56 1.60 1.72 1.74 1.61 1.50 1.46
1.49 1.58 1.72 1.65 1.45 1.31 1.24 1.20 1.18 1.23 1.32 1.36 1.36 1.36 1.37 1.40 1.45 1.50 1.56 1.58 1.54 1.49 1.46 1.43 1.38 1.34 1.37 1.41 1.36 1.31 1.36 1.47 1.54 1.54 1.52 1.52 1.54 1.60 1.65 1.67 1.61 1.46 1.33 1.29 1.32 1.35 1.36 1.36 1.38 1.40 1.41 1.44 1.46 1.47 1.49 1.55 1.63 1.70 1.75 1.79 1.83 1.83 1.72 1.57 1.48 1.44 1.40 1.37 1.36 1.38 1.43 1.50 1.56 1.58 1.56 1.56 1.55 1.49 1.48 1.58 1.68 1.59 1.43 1.40
1.50 1.59 1.77 1.79 1.65 1.49 1.38 1.29 1.22 1.20 1.24 1.29 1.33 1.35 1.38 1.44 1.49 1.52 1.52 1.52 1.49 1.44 1.41 1.42 1.40 1.33 1.30 1.32 1.30 1.26 1.26 1.36 1.46 1.52 1.54 1.55 1.57 1.61 1.65 1.70 1.69 1.57 1.38 1.26 1.24 1.31 1.37 1.39 1.39 1.41 1.42 1.44 1.45 1.44 1.44 1.48 1.55 1.62 1.68 1.72 1.78 1.82 1.78 1.63 1.49 1.42 1.37 1.31 1.28 1.32 1.40 1.50 1.54 1.50 1.45 1.46 1.48 1.45 1.40 1.43 1.54 1.54 1.37 1.30
1.50 1.57 1.75 1.83 1.73 1.57 1.49 1.46 1.42 1.33 1.25 1.26 1.30 1.34 1.38 1.43 1.47 1.49 1.51 1.55 1.59 1.59 1.54 1.50 1.47 1.41 1.36 1.35 1.36 1.34 1.31 1.34 1.41 1.48 1.52 1.54 1.55 1.56 1.58 1.63 1.67 1.64 1.50 1.32 1.24 1.27 1.37 1.42 1.44 1.45 1.46 1.46 1.44 1.42 1.41 1.42 1.46 1.52 1.59 1.65 1.70 1.75 1.76 1.65 1.49 1.39 1.34 1.31 1.30 1.35 1.42 1.47 1.44 1.37 1.35 1.38 1.44 1.45 1.41 1.39 1.47 1.52 1.41 1.29
1.47 1.52 1.66 1.82 1.82 1.70 1.60 1.55 1.49 1.38 1.26 1.24 1.28 1.31 1.34 1.37 1.42 1.49 1.58 1.69 1.78 1.81 1.76 1.69 1.62 1.56 1.52 1.51 1.52 1.50 1.44 1.40 1.39 1.42 1.44 1.45 1.45 1.47 1.50 1.56 1.63 1.66 1.61 1.47 1.34 1.29 1.34 1.43 1.46 1.47 1.47 1.48 1.48 1.45 1.43 1.41 1.42 1.45 1.51 1.59 1.64 1.69 1.72 1.66 1.49 1.36 1.31 1.31 1.32 1.34 1.35 1.35 1.33 1.31 1.31 1.33 1.38 1.44 1.44 1.42 1.46 1.51 1.45 1.34
