project/data/elevation/US_DEM2016/US_DEM2016_point_10-29-2019_1313_30m_vel.asc
ncols	125
nrows	167
xllcorner	-2042055.000000
yllcorner	1465035.000000
cellsize	30.000000
NODATA_value	-9999.000000
[rows 38 to 75 of 167, columns 0 to 83 of 125]
3.06 2.88 2.53 2.31 2.12 2.01 1.95 1.84 1.72 1.62 1.60 1.59 1.57 1.59 1.64 1.70 1.74 1.84 2.00 2.18 2.26 2.27 2.26 2.28 2.35 2.42 2.49 2.57 2.60 2.54 2.42 2.31 2.28 2.32 2.42 2.62 2.85 3.02 3.19 3.30 3.23 3.09 2.80 3.05 3.12 3.10 2.91 2.59 2.38 2.25 2.22 2.24 2.21 2.10 2.04 2.07 2.17 2.40 2.65 2.77 2.62 2.33 2.19 2.09 2.01 1.97 1.90 1.90 1.94 1.98 1.93 1.91 2.04 2.18 2.18 2.21 2.27 2.40 2.51 2.65 2.81 2.87 2.84 2.74
3.05 2.76 2.27 2.02 1.87 1.81 1.76 1.68 1.62 1.61 1.65 1.68 1.67 1.63 1.61 1.63 1.71 1.82 1.90 1.93 1.88 1.83 1.83 1.91 2.07 2.27 2.41 2.53 2.60 2.59 2.54 2.48 2.45 2.50 2.69 3.00 3.21 3.35 3.44 3.42 3.30 3.14 3.03 2.95 2.92 2.88 2.70 2.46 2.30 2.17 2.17 2.23 2.24 2.13 2.07 2.13 2.27 2.49 2.62 2.61 2.38 2.05 1.83 1.76 1.74 1.75 1.74 1.78 1.87 1.93 1.88 1.88 2.03 2.18 2.17 2.15 2.19 2.31 2.41 2.42 2.37 2.38 2.45 2.53
2.96 2.66 2.15 1.89 1.82 1.81 1.79 1.76 1.77 1.84 1.92 1.96 1.90 1.75 1.63 1.61 1.70 1.80 1.79 1.70 1.65 1.69 1.78 1.92 2.12 2.29 2.39 2.47 2.52 2.56 2.63 2.69 2.76 2.96 3.26 3.52 3.63 3.61 3.53 3.29 3.15 2.95 2.77 2.66 2.60 2.65 2.66 2.63 2.56 2.52 2.44 2.40 2.34 2.17 2.10 2.15 2.29 2.43 2.45 2.35 2.13 1.83 1.56 1.47 1.46 1.50 1.62 1.75 1.85 1.88 1.85 1.88 2.06 2.20 2.17 2.11 2.12 2.22 2.33 2.28 2.16 2.16 2.29 2.51
2.87 2.64 2.25 2.04 2.00 2.00 1.99 1.97 2.02 2.12 2.20 2.19 2.03 1.81 1.67 1.67 1.76 1.81 1.78 1.71 1.76 1.88 2.00 2.11 2.21 2.29 2.31 2.33 2.42 2.51 2.72 2.95 3.24 3.51 3.69 3.75 3.69 3.54 3.29 3.01 2.83 2.71 2.56 2.44 2.40 2.39 2.50 2.58 2.65 2.69 2.69 2.55 2.38 2.18 2.05 2.05 2.12 2.16 2.12 2.08 1.96 1.74 1.52 1.47 1.53 1.61 1.71 1.79 1.81 1.84 1.86 1.91 2.07 2.20 2.15 2.03 2.04 2.21 2.32 2.21 2.08 2.07 2.17 2.47
2.81 2.66 2.39 2.23 2.17 2.15 2.12 2.14 2.23 2.33 2.34 2.24 1.99 1.82 1.78 1.84 1.90 1.94 1.95 1.99 2.11 2.24 2.33 2.41 2.44 2.42 2.39 2.38 2.44 2.56 2.83 2.87 3.40 3.70 3.65 3.50 3.33 3.12 2.84 2.60 2.47 2.41 2.28 2.22 2.20 2.18 2.26 2.33 2.41 2.44 2.45 2.38 2.28 2.11 2.00 1.99 2.02 1.98 1.92 1.99 1.98 1.86 1.75 1.79 1.88 1.90 1.86 1.82 1.85 1.90 1.90 1.91 1.99 2.09 2.01 1.84 1.94 2.20 2.29 2.12 2.00 2.06 2.26 2.56
2.77 2.65 2.43 2.31 2.26 2.26 2.29 2.36 2.45 2.48 2.40 2.21 1.96 1.86 1.88 1.96 2.04 2.10 2.19 2.32 2.48 2.58 2.64 2.66 2.64 2.57 2.53 2.54 2.62 2.70 2.98 3.17 3.48 3.40 3.24 3.08 2.94 2.79 2.58 2.37 2.24 2.15 2.06 1.99 2.04 2.08 2.08 2.04 1.99 1.87 1.84 1.94 2.02 2.02 2.02 2.10 2.15 2.14 2.14 2.18 2.18 2.15 2.15 2.21 2.14 2.00 1.98 2.03 2.04 1.95 1.82 1.76 1.84 1.90 1.81 1.70 1.82 2.11 2.19 2.02 1.98 2.17 2.43 2.58
2.76 2.67 2.52 2.44 2.47 2.53 2.60 2.64 2.64 2.56 2.40 2.18 1.96 1.88 1.93 2.04 2.15 2.25 2.38 2.54 2.67 2.71 2.70 2.64 2.58 2.54 2.53 2.58 2.72 2.89 3.26 3.24 3.23 2.95 2.85 2.79 2.72 2.61 2.42 2.21 2.03 1.92 1.85 1.79 1.85 1.97 1.87 1.77 1.67 1.60 1.61 1.69 1.81 1.91 2.06 2.24 2.33 2.36 2.36 2.33 2.34 2.38 2.38 2.30 2.13 2.11 2.20 2.19 1.99 1.70 1.57 1.61 1.72 1.76 1.71 1.71 1.86 2.06 2.12 2.02 2.01 2.21 2.38 2.44
2.81 2.77 2.69 2.67 2.70 2.74 2.75 2.72 2.65 2.53 2.36 2.15 2.00 1.97 2.09 2.22 2.32 2.42 2.53 2.62 2.63 2.58 2.50 2.43 2.44 2.46 2.49 2.59 2.84 3.12 3.40 3.30 2.92 2.68 2.63 2.60 2.50 2.41 2.25 2.07 1.85 1.68 1.59 1.55 1.70 1.86 1.80 1.78 1.80 1.81 1.77 1.72 1.72 1.85 2.09 2.32 2.36 2.32 2.27 2.28 2.34 2.43 2.36 2.26 2.28 2.36 2.27 1.96 1.60 1.44 1.50 1.65 1.74 1.73 1.73 1.86 2.05 2.15 2.14 2.09 2.08 2.16 2.27 2.36
2.88 2.83 2.76 2.74 2.71 2.67 2.62 2.54 2.44 2.34 2.22 2.07 2.05 2.15 2.33 2.44 2.49 2.54 2.57 2.55 2.48 2.39 2.31 2.30 2.37 2.44 2.53 2.72 3.04 3.28 3.32 3.05 2.67 2.48 2.43 2.35 2.23 2.14 2.06 1.93 1.69 1.48 1.42 1.51 1.75 1.94 2.00 1.99 1.97 1.85 1.70 1.64 1.78 2.02 2.25 2.36 2.32 2.24 2.20 2.25 2.33 2.41 2.36 2.31 2.32 2.21 1.80 1.51 1.45 1.56 1.76 1.88 1.89 1.85 1.91 2.07 2.21 2.25 2.25 2.26 2.26 2.24 2.31 2.44
2.93 2.85 2.72 2.63 2.55 2.48 2.40 2.28 2.16 2.08 1.99 1.93 1.99 2.19 2.36 2.44 2.48 2.49 2.46 2.40 2.34 2.28 2.24 2.26 2.32 2.42 2.56 2.84 3.18 3.26 3.08 2.79 2.58 2.40 2.27 2.16 2.04 1.94 1.89 1.83 1.61 1.47 1.51 1.73 1.94 2.10 2.14 1.98 1.74 1.49 1.44 1.63 2.06 2.45 2.56 2.49 2.41 2.33 2.30 2.31 2.35 2.43 2.35 2.23 2.06 1.74 1.51 1.53 1.74 1.99 2.19 2.25 2.24 2.21 2.24 2.33 2.40 2.41 2.48 2.57 2.48 2.39 2.44 2.55
2.95 2.88 2.66 2.49 2.41 2.33 2.23 2.10 2.00 1.89 1.78 1.76 1.86 2.06 2.20 2.26 2.31 2.33 2.32 2.28 2.24 2.20 2.18 2.20 2.25 2.35 2.51 2.86 3.22 3.16 2.88 2.68 2.56 2.36 2.15 1.98 1.89 1.82 1.74 1.66 1.53 1.47 1.56 1.74 1.87 2.01 2.04 1.79 1.52 1.44 1.62 2.12 2.67 2.91 2.89 2.67 2.53 2.43 2.38 2.40 2.44 2.49 2.43 2.26 2.12 2.05 2.19 2.47 2.73 2.92 3.00 2.99 2.95 2.92 2.91 2.94 2.94 2.92 2.93 2.85 2.63 2.46 2.49 2.55
2.96 2.89 2.63 2.43 2.34 2.26 2.17 2.07 1.98 1.83 1.74 1.76 1.90 2.09 2.18 2.23 2.26 2.27 2.26 2.21 2.16 2.11 2.09 2.13 2.18 2.27 2.46 2.88 3.22 3.04 2.76 2.67 2.55 2.34 2.12 1.93 1.84 1.71 1.53 1.38 1.31 1.32 1.40 1.51 1.66 1.85 1.96 1.80 1.68 1.82 2.33 2.92 3.21 3.20 3.00 2.73 2.54 2.47 2.47 2.55 2.59 2.65 2.64 2.68 2.76 2.93 3.21 3.51 3.70 3.75 3.74 3.70 3.66 3.64 3.63 3.61 3.60 3.58 3.42 3.10 2.76 2.53 2.50 2.50
2.98 2.87 2.58 2.43 2.35 2.25 2.18 2.13 2.07 1.95 1.93 2.01 2.21 2.37 2.42 2.41 2.36 2.30 2.22 2.15 2.10 2.06 2.04 2.07 2.13 2.25 2.52 2.99 3.17 2.89 2.59 2.60 2.50 2.28 2.15 2.05 1.89 1.65 1.37 1.23 1.23 1.32 1.45 1.58 1.73 1.93 2.13 2.18 2.25 2.63 3.17 3.44 3.41 3.11 2.85 2.63 2.50 2.49 2.49 2.52 2.58 2.69 2.75 2.85 3.07 3.28 3.49 3.61 3.68 3.68 3.67 3.67 3.67 3.68 3.66 3.64 3.63 3.62 3.47 3.23 2.98 2.78 2.59 2.47
3.01 2.84 2.52 2.40 2.34 2.23 2.16 2.16 2.14 2.09 2.15 2.32 2.50 2.58 2.56 2.48 2.37 2.26 2.16 2.10 2.06 2.04 2.03 2.04 2.10 2.27 2.62 3.03 3.05 2.68 2.44 2.44 2.38 2.25 2.15 2.09 1.92 1.66 1.47 1.45 1.56 1.75 1.92 2.03 2.16 2.41 2.78 3.04 3.28 3.51 3.61 3.51 3.20 2.82 2.61 2.46 2.37 2.34 2.29 2.25 2.35 2.48 2.67 2.71 2.81 2.91 2.92 2.91 2.89 2.91 2.94 3.00 3.03 3.05 3.03 3.00 3.02 3.00 2.96 2.93 2.90 2.86 2.77 2.58
2.99 2.77 2.42 2.30 2.24 2.18 2.14 2.14 2.14 2.15 2.25 2.43 2.53 2.50 2.41 2.30 2.19 2.11 2.05 2.01 1.98 1.97 1.98 2.01 2.11 2.30 2.65 2.96 2.87 2.49 2.32 2.32 2.27 2.18 2.10 1.97 1.85 1.77 1.76 1.90 2.07 2.25 2.39 2.52 2.78 3.19 3.51 3.60 3.62 3.59 3.46 3.18 2.89 2.60 2.42 2.29 2.18 2.10 2.07 2.08 2.20 2.36 2.53 2.55 2.45 2.34 2.29 2.18 2.17 2.21 2.27 2.32 2.32 2.29 2.29 2.26 2.27 2.26 2.26 2.31 2.42 2.53 2.58 2.54
2.91 2.69 2.36 2.19 2.13 2.13 2.14 2.12 2.12 2.15 2.22 2.32 2.33 2.21 2.09 2.01 1.95 1.92 1.88 1.84 1.83 1.85 1.93 2.05 2.18 2.35 2.65 2.86 2.75 2.48 2.36 2.34 2.28 2.19 2.02 1.82 1.79 1.83 1.94 2.12 2.31 2.45 2.61 2.84 3.25 3.61 3.67 3.51 3.27 3.11 2.94 2.77 2.61 2.45 2.31 2.18 2.08 2.03 2.09 2.19 2.33 2.42 2.51 2.49 2.23 2.06 2.12 2.05 2.09 2.11 2.07 1.97 1.88 1.84 1.82 1.81 1.82 1.81 1.79 1.78 1.81 1.86 1.93 2.03
2.82 2.66 2.39 2.23 2.15 2.10 2.07 2.04 2.00 2.03 2.06 2.08 2.00 1.83 1.72 1.71 1.72 1.69 1.67 1.69 1.77 1.87 2.00 2.16 2.28 2.44 2.67 2.85 2.80 2.66 2.54 2.43 2.33 2.20 1.96 1.72 1.68 1.77 1.90 2.05 2.23 2.41 2.63 3.00 3.46 3.59 3.38 3.00 2.67 2.52 2.45 2.44 2.41 2.36 2.26 2.16 2.09 2.11 2.25 2.36 2.41 2.42 2.42 2.36 2.35 2.12 2.22 2.25 2.23 2.13 1.97 1.78 1.69 1.64 1.58 1.55 1.55 1.50 1.42 1.35 1.32 1.34 1.45 1.64
2.79 2.69 2.51 2.37 2.26 2.11 1.95 1.87 1.81 1.82 1.84 1.81 1.67 1.48 1.41 1.45 1.49 1.49 1.54 1.67 1.85 2.04 2.18 2.28 2.40 2.53 2.72 2.86 2.89 2.78 2.59 2.41 2.27 2.12 1.91 1.66 1.61 1.73 1.84 1.94 2.10 2.34 2.67 3.19 3.51 3.39 3.06 2.58 2.38 2.28 2.20 2.19 2.21 2.24 2.16 2.11 2.09 2.16 2.29 2.29 2.21 2.14 2.14 2.18 2.26 2.35 2.39 2.35 2.15 1.92 1.71 1.62 1.61 1.56 1.45 1.35 1.30 1.21 1.08 1.04 1.11 1.30 1.61 1.89
2.84 2.81 2.69 2.55 2.38 2.19 1.97 1.86 1.78 1.76 1.76 1.68 1.53 1.41 1.39 1.42 1.47 1.54 1.67 1.85 2.05 2.24 2.37 2.47 2.57 2.70 2.86 3.00 2.96 2.81 2.55 2.40 2.32 2.19 1.96 1.78 1.80 1.91 1.98 2.07 2.21 2.46 2.87 3.37 3.41 3.08 2.60 2.29 2.12 2.07 2.01 1.97 2.01 2.04 2.00 1.97 1.98 2.04 2.08 1.97 1.83 1.77 1.86 2.15 2.47 2.51 2.65 2.19 1.92 1.74 1.68 1.73 1.76 1.63 1.40 1.22 1.14 1.05 0.99 1.06 1.30 1.74 2.22 2.43
2.92 2.89 2.75 2.60 2.45 2.29 2.15 2.07 1.97 1.89 1.83 1.75 1.68 1.67 1.71 1.77 1.84 1.95 2.06 2.19 2.34 2.50 2.61 2.73 2.88 2.98 3.06 3.10 3.07 2.95 2.79 2.68 2.60 2.47 2.22 2.10 2.16 2.24 2.32 2.39 2.52 2.72 3.12 3.38 3.25 2.71 2.31 2.00 1.88 1.88 1.86 1.80 1.83 1.84 1.84 1.83 1.82 1.81 1.76 1.68 1.67 1.75 1.96 2.35 2.64 2.55 2.16 1.94 1.79 1.85 2.00 2.05 1.88 1.58 1.30 1.19 1.18 1.16 1.21 1.49 2.01 2.57 2.83 2.74
2.97 2.85 2.60 2.47 2.39 2.36 2.31 2.24 2.11 1.98 1.90 1.89 1.94 2.04 2.17 2.28 2.39 2.51 2.60 2.66 2.76 2.82 2.89 2.99 3.11 3.13 3.15 3.20 3.17 3.03 2.91 2.79 2.68 2.54 2.36 2.26 2.30 2.39 2.49 2.61 2.72 2.92 3.21 3.20 2.84 2.39 2.02 1.79 1.71 1.73 1.74 1.66 1.63 1.71 1.76 1.76 1.76 1.74 1.75 1.84 1.96 2.14 2.38 2.69 2.76 2.52 2.08 1.98 2.03 2.20 2.29 2.13 1.74 1.35 1.20 1.22 1.31 1.46 1.76 2.29 2.85 3.10 3.01 2.67
3.01 2.78 2.43 2.29 2.25 2.27 2.30 2.22 2.08 1.94 1.88 1.94 2.08 2.26 2.42 2.55 2.67 2.79 2.88 2.92 2.94 2.97 3.04 3.09 3.07 3.00 3.08 3.18 3.09 2.89 2.67 2.49 2.36 2.28 2.24 2.24 2.28 2.39 2.50 2.63 2.77 2.94 3.06 2.97 2.48 2.08 1.77 1.62 1.57 1.61 1.59 1.49 1.49 1.64 1.76 1.81 1.84 1.90 2.03 2.15 2.29 2.52 2.79 3.02 2.90 2.62 2.30 2.32 2.47 2.52 2.30 1.89 1.49 1.32 1.37 1.53 1.80 2.18 2.70 3.16 3.33 3.19 2.81 2.44
3.00 2.75 2.35 2.16 2.09 2.05 2.06 2.02 1.93 1.83 1.79 1.86 2.01 2.18 2.32 2.40 2.48 2.54 2.56 2.60 2.67 2.78 2.87 2.85 2.74 2.73 2.94 3.04 2.88 2.70 2.54 2.33 2.18 2.11 2.17 2.27 2.39 2.49 2.55 2.60 2.67 2.75 2.76 2.58 2.27 1.92 1.63 1.54 1.56 1.60 1.56 1.50 1.53 1.69 1.85 1.97 2.07 2.18 2.29 2.36 2.52 2.85 3.14 3.21 2.96 2.73 2.69 2.73 2.76 2.64 2.24 1.85 1.71 1.87 2.16 2.52 2.93 3.32 3.59 3.61 3.37 2.98 2.61 2.35
2.97 2.69 2.23 2.05 1.93 1.83 1.78 1.74 1.70 1.65 1.61 1.64 1.72 1.82 1.90 1.94 1.96 1.93 1.85 1.87 2.12 2.39 2.44 2.30 2.15 2.37 2.83 2.92 2.72 2.59 2.56 2.51 2.45 2.38 2.34 2.39 2.48 2.54 2.51 2.45 2.42 2.47 2.54 2.50 2.33 2.02 1.77 1.77 1.84 1.85 1.82 1.81 1.82 1.88 1.98 2.10 2.25 2.42 2.54 2.72 3.00 3.30 3.35 3.17 2.87 2.71 2.80 2.94 2.95 2.84 2.64 2.54 2.72 3.02 3.27 3.55 3.79 3.90 3.82 3.52 3.15 2.82 2.56 2.33
2.88 2.58 2.12 1.93 1.83 1.74 1.63 1.53 1.48 1.43 1.37 1.34 1.35 1.37 1.40 1.42 1.42 1.36 1.36 1.49 1.76 2.01 1.98 1.78 1.75 2.18 2.82 2.89 2.64 2.42 2.42 2.49 2.54 2.58 2.50 2.42 2.37 2.36 2.27 2.18 2.16 2.33 2.57 2.69 2.59 2.45 2.30 2.29 2.32 2.31 2.28 2.23 2.13 2.06 2.05 2.12 2.26 2.48 2.76 3.10 3.36 3.38 3.20 2.86 2.56 2.54 2.72 2.82 2.98 2.99 3.07 3.23 3.44 3.50 3.86 3.72 3.73 3.63 3.40 3.13 2.90 2.69 2.49 2.27
2.78 2.55 2.15 1.92 1.81 1.71 1.59 1.46 1.36 1.29 1.22 1.17 1.15 1.15 1.16 1.14 1.12 1.18 1.33 1.53 1.71 1.81 1.69 1.58 1.72 2.29 2.91 2.89 2.59 2.30 2.22 2.24 2.31 2.40 2.37 2.23 2.08 2.00 1.98 1.97 2.05 2.38 2.80 2.91 2.77 2.70 2.70 2.67 2.65 2.62 2.49 2.33 2.20 2.12 2.10 2.17 2.31 2.58 2.93 3.20 3.22 3.03 2.74 2.40 2.30 2.47 2.65 2.65 2.65 2.79 2.96 3.12 3.20 3.22 3.22 3.20 3.11 2.94 2.79 2.67 2.55 2.42 2.28 2.13
2.74 2.59 2.28 2.04 1.89 1.77 1.63 1.47 1.36 1.31 1.28 1.25 1.25 1.25 1.23 1.20 1.21 1.37 1.60 1.75 1.81 1.80 1.72 1.69 1.93 2.56 3.05 2.94 2.58 2.24 2.09 2.04 2.04 2.05 2.06 2.02 1.92 1.86 1.90 2.03 2.25 2.68 3.03 2.96 2.68 2.61 2.65 2.67 2.67 2.59 2.38 2.21 2.14 2.14 2.18 2.27 2.45 2.75 3.02 3.05 2.80 2.48 2.24 2.10 2.22 2.52 2.65 2.51 2.35 2.43 2.55 2.63 2.63 2.63 2.63 2.60 2.49 2.34 2.23 2.17 2.08 1.98 1.89 1.81
2.72 2.59 2.34 2.14 1.99 1.84 1.67 1.55 1.50 1.51 1.56 1.61 1.64 1.59 1.51 1.48 1.52 1.64 1.80 1.94 1.97 1.95 1.98 2.09 2.35 2.75 3.22 3.03 2.67 2.30 2.09 1.97 1.86 1.83 1.91 2.03 2.10 2.19 2.29 2.42 2.65 2.97 3.11 2.88 2.53 2.42 2.46 2.51 2.50 2.44 2.31 2.22 2.18 2.19 2.24 2.33 2.54 2.82 2.97 2.77 2.41 2.16 2.01 2.00 2.18 2.50 2.61 2.38 2.18 2.21 2.29 2.30 2.28 2.26 2.21 2.15 2.03 1.89 1.74 1.65 1.58 1.45 1.37 1.31
2.70 2.56 2.31 2.12 1.98 1.84 1.74 1.70 1.76 1.87 2.00 2.06 2.01 1.90 1.79 1.76 1.79 1.85 1.94 2.09 2.19 2.30 2.47 2.65 2.91 3.31 3.42 3.15 2.81 2.49 2.29 2.14 2.01 1.99 2.07 2.22 2.40 2.58 2.68 2.74 2.85 3.02 3.01 2.74 2.45 2.34 2.35 2.33 2.27 2.24 2.25 2.24 2.23 2.24 2.30 2.42 2.65 2.86 2.80 2.46 2.14 2.00 1.92 1.93 2.12 2.47 2.57 2.33 2.10 2.08 2.09 2.07 2.04 2.00 1.90 1.79 1.66 1.50 1.33 1.21 1.10 0.96 0.87 0.87
2.70 2.55 2.27 2.07 1.91 1.80 1.77 1.83 1.98 2.16 2.31 2.32 2.27 2.20 2.13 2.07 2.04 2.06 2.11 2.25 2.41 2.62 2.83 3.07 3.37 3.64 3.54 3.18 2.82 2.61 2.51 2.45 2.38 2.34 2.33 2.39 2.49 2.59 2.63 2.64 2.71 2.86 2.85 2.61 2.37 2.26 2.22 2.13 2.02 2.00 2.06 2.12 2.19 2.25 2.37 2.54 2.72 2.72 2.45 2.10 1.93 1.88 1.85 1.96 2.23 2.55 2.52 2.21 1.99 1.93 1.88 1.84 1.82 1.76 1.64 1.49 1.32 1.14 0.96 0.83 0.73 0.62 0.61 0.71
2.70 2.51 2.19 1.98 1.83 1.74 1.72 1.78 1.92 2.08 2.21 2.27 2.34 2.40 2.44 2.43 2.38 2.33 2.33 2.41 2.53 2.75 2.98 3.29 3.57 3.64 3.44 3.02 2.68 2.54 2.54 2.58 2.59 2.51 2.43 2.39 2.37 2.34 2.35 2.44 2.58 2.73 2.73 2.53 2.32 2.21 2.13 1.99 1.85 1.80 1.81 1.90 2.05 2.19 2.37 2.51 2.54 2.35 1.98 1.81 1.78 1.76 1.85 2.08 2.33 2.46 2.32 1.98 1.75 1.66 1.60 1.53 1.47 1.44 1.34 1.18 1.00 0.80 0.63 0.58 0.55 0.55 0.60 0.80
2.66 2.44 2.06 1.89 1.78 1.70 1.65 1.62 1.64 1.70 1.78 1.96 2.17 2.38 2.56 2.66 2.67 2.64 2.59 2.56 2.63 2.85 3.13 3.22 3.55 3.41 3.13 2.81 2.49 2.36 2.35 2.40 2.44 2.40 2.35 2.31 2.26 2.26 2.36 2.51 2.61 2.65 2.62 2.52 2.38 2.26 2.13 1.92 1.72 1.62 1.64 1.77 1.98 2.14 2.26 2.30 2.16 1.85 1.64 1.64 1.63 1.60 1.77 1.99 2.10 2.12 2.02 1.78 1.52 1.38 1.33 1.30 1.28 1.19 1.04 0.88 0.74 0.62 0.57 0.57 0.59 0.67 0.83 1.09
2.60 2.36 1.99 1.85 1.76 1.70 1.65 1.58 1.52 1.46 1.46 1.59 1.85 2.15 2.44 2.64 2.76 2.83 2.84 2.80 2.84 3.03 3.37 3.59 3.44 3.15 2.89 2.60 2.34 2.17 2.10 2.08 2.13 2.19 2.24 2.28 2.30 2.35 2.48 2.59 2.60 2.55 2.55 2.54 2.42 2.21 1.99 1.73 1.62 1.67 1.82 2.02 2.15 2.18 2.14 2.02 1.78 1.54 1.48 1.50 1.44 1.42 1.53 1.67 1.77 1.89 1.97 1.82 1.58 1.47 1.47 1.43 1.31 1.12 0.92 0.79 0.75 0.74 0.76 0.79 0.87 1.04 1.25 1.57
2.55 2.33 2.00 1.85 1.77 1.73 1.70 1.68 1.64 1.57 1.51 1.54 1.71 1.95 2.23 2.49 2.69 2.72 3.05 3.11 3.17 3.37 3.18 3.54 3.31 2.97 2.74 2.51 2.29 2.16 2.09 2.08 2.06 2.07 2.14 2.24 2.30 2.36 2.45 2.53 2.47 2.40 2.44 2.47 2.33 2.03 1.84 1.78 1.94 2.17 2.35 2.42 2.38 2.24 2.08 1.92 1.78 1.69 1.67 1.62 1.54 1.53 1.61 1.75 1.97 2.19 2.28 2.16 1.99 1.92 1.89 1.74 1.44 1.18 1.01 0.97 1.00 1.06 1.13 1.28 1.52 1.82 2.10 2.56
2.52 2.30 2.00 1.86 1.80 1.77 1.78 1.84 1.92 1.96 1.93 1.91 1.98 2.09 2.25 2.50 2.73 2.91 3.26 3.45 3.62 3.77 3.54 3.59 3.09 2.80 2.67 2.59 2.47 2.42 2.41 2.38 2.26 2.18 2.19 2.23 2.27 2.33 2.39 2.36 2.26 2.21 2.33 2.43 2.34 2.19 2.22 2.40 2.59 2.68 2.68 2.58 2.42 2.24 2.15 2.13 2.13 2.14 2.13 2.11 2.10 2.17 2.30 2.49 2.66 2.66 2.52 2.33 2.19 2.10 1.94 1.65 1.35 1.21 1.20 1.27 1.34 1.49 1.75 2.20 2.74 3.16 3.51 3.91
2.47 2.27 1.98 1.86 1.84 1.84 1.89 2.02 2.19 2.36 2.48 2.58 2.61 2.57 2.58 2.73 2.96 3.18 3.52 3.64 3.78 3.85 3.63 3.24 2.85 2.66 2.63 2.66 2.66 2.63 2.61 2.58 2.48 2.41 2.36 2.31 2.30 2.32 2.29 2.19 2.15 2.23 2.40 2.55 2.52 2.48 2.56 2.67 2.70 2.61 2.50 2.40 2.32 2.24 2.21 2.26 2.30 2.35 2.42 2.51 2.61 2.76 2.87 2.90 2.80 2.55 2.25 2.10 1.97 1.80 1.57 1.36 1.28 1.33 1.46 1.62 1.79 2.13 2.69 3.36 3.88 4.23 4.39 4.41
2.43 2.26 2.00 1.90 1.90 1.90 1.95 2.12 2.41 2.70 2.94 3.07 3.11 3.08 3.07 3.15 3.38 3.50 3.68 3.84 3.49 3.74 3.60 2.91 2.65 2.56 2.58 2.61 2.61 2.60 2.56 2.52 2.44 2.38 2.32 2.28 2.28 2.26 2.22 2.21 2.28 2.36 2.50 2.62 2.58 2.46 2.40 2.34 2.22 2.12 2.06 2.06 2.12 2.16 2.15 2.17 2.24 2.32 2.42 2.52 2.68 2.83 2.83 2.66 2.32 1.93 1.72 1.77 1.71 1.52 1.39 1.36 1.44 1.59 1.81 2.04 2.35 2.87 3.52 3.94 4.12 4.18 4.10 3.89
2.42 2.27 2.06 1.98 1.98 1.98 2.08 2.35 2.73 2.94 3.01 3.01 3.04 3.16 3.31 3.52 3.75 3.75 3.63 3.32 3.15 3.07 2.91 2.68 2.53 2.52 2.50 2.46 2.44 2.46 2.46 2.40 2.25 2.13 2.10 2.15 2.20 2.20 2.18 2.19 2.20 2.26 2.42 2.57 2.49 2.28 2.15 2.01 1.95 1.91 1.89 1.91 1.96 2.00 2.04 2.11 2.21 2.27 2.32 2.40 2.54 2.58 2.40 2.03 1.64 1.42 1.44 1.62 1.64 1.56 1.52 1.57 1.70 1.94 2.26 2.61 3.05 3.60 3.90 3.89 3.62 3.28 3.02 2.86
