project/data/elevation/US_DEM2016/US_DEM2016_point_10-29-2019_1818_30m_vel.asc
ncols	125
nrows	167
xllcorner	-2042055.000000
yllcorner	1465035.000000
cellsize	30.000000
NODATA_value	-9999.000000
[rows 0 to 37 of 167, columns 0 to 83 of 125]
1.87 1.80 1.87 2.16 2.43 2.60 2.76 2.94 3.07 3.18 3.37 3.61 3.57 3.26 3.17 3.33 3.51 3.51 3.21 2.77 2.43 2.48 2.80 3.10 3.30 3.40 3.35 2.99 2.44 1.88 1.40 1.06 0.96 1.06 1.14 1.18 1.23 1.32 1.40 1.42 1.41 1.39 1.40 1.39 1.33 1.28 1.26 1.26 1.37 1.69 2.15 2.61 2.98 3.31 3.42 3.41 3.26 2.92 2.66 2.53 2.48 2.46 2.43 2.48 2.56 2.57 2.51 2.34 2.09 1.93 1.92 2.01 2.16 2.30 2.38 2.43 2.45 2.45 2.56 2.79 2.92 2.73 2.38 2.40
1.87 1.80 1.87 2.16 2.43 2.60 2.76 2.94 3.07 3.18 3.37 3.61 3.57 3.26 3.17 3.33 3.51 3.51 3.21 2.77 2.43 2.48 2.80 3.10 3.30 3.40 3.35 2.99 2.44 1.88 1.40 1.06 0.96 1.06 1.14 1.18 1.23 1.32 1.40 1.42 1.41 1.39 1.40 1.39 1.33 1.28 1.26 1.26 1.37 1.69 2.15 2.61 2.98 3.31 3.42 3.41 3.26 2.92 2.66 2.53 2.48 2.46 2.43 2.48 2.56 2.57 2.51 2.34 2.09 1.93 1.92 2.01 2.16 2.30 2.38 2.43 2.45 2.45 2.56 2.79 2.92 2.73 2.38 2.40
1.73 1.73 1.88 2.17 2.41 2.59 2.75 2.90 2.98 3.02 3.12 3.28 3.26 3.11 3.05 3.13 3.23 3.23 3.01 2.64 2.45 2.58 2.85 3.00 3.05 3.02 2.82 2.44 2.02 1.55 1.15 0.93 0.95 1.10 1.20 1.23 1.30 1.39 1.42 1.39 1.33 1.30 1.33 1.38 1.41 1.43 1.44 1.47 1.63 1.96 2.36 2.65 2.86 3.04 3.12 3.11 3.04 2.88 2.66 2.45 2.32 2.26 2.28 2.37 2.43 2.43 2.38 2.31 2.24 2.16 2.13 2.16 2.20 2.24 2.26 2.28 2.32 2.39 2.54 2.66 2.60 2.44 2.35 2.50
1.68 1.76 2.03 2.25 2.41 2.54 2.69 2.77 2.74 2.68 2.68 2.68 2.66 2.62 2.68 2.70 2.68 2.67 2.56 2.41 2.46 2.75 2.89 2.77 2.53 2.27 1.96 1.69 1.43 1.13 0.90 0.92 1.09 1.27 1.36 1.37 1.42 1.50 1.49 1.41 1.37 1.39 1.46 1.56 1.67 1.76 1.81 1.88 2.07 2.38 2.63 2.68 2.62 2.55 2.52 2.47 2.44 2.47 2.44 2.35 2.23 2.15 2.13 2.17 2.16 2.13 2.12 2.17 2.27 2.36 2.39 2.33 2.23 2.12 2.07 2.07 2.12 2.24 2.36 2.34 2.15 2.13 2.35 2.67
1.78 1.91 2.21 2.35 2.40 2.50 2.56 2.57 2.49 2.41 2.36 2.28 2.17 2.12 2.24 2.30 2.22 2.18 2.21 2.31 2.55 2.80 2.77 2.44 2.03 1.69 1.49 1.35 1.21 1.09 1.08 1.23 1.43 1.56 1.59 1.54 1.52 1.59 1.61 1.58 1.62 1.71 1.82 1.92 1.99 2.03 2.04 2.13 2.34 2.59 2.72 2.64 2.44 2.22 2.02 1.77 1.64 1.69 1.88 2.08 2.16 2.16 2.12 2.03 1.95 1.89 1.85 1.88 1.99 2.07 2.09 2.06 2.00 1.95 1.92 1.93 1.99 2.07 2.12 2.09 2.02 2.12 2.42 2.68
1.85 1.98 2.27 2.38 2.38 2.42 2.44 2.33 2.27 2.23 2.17 2.06 1.92 1.88 2.06 2.18 2.10 2.00 2.09 2.31 2.57 2.67 2.48 2.03 1.60 1.37 1.29 1.24 1.23 1.26 1.39 1.55 1.69 1.73 1.68 1.61 1.62 1.69 1.74 1.75 1.79 1.86 1.96 2.10 2.19 2.19 2.19 2.29 2.47 2.66 2.72 2.59 2.34 1.97 1.61 1.32 1.26 1.37 1.54 1.69 1.83 1.92 1.92 1.83 1.76 1.69 1.64 1.64 1.64 1.63 1.62 1.62 1.65 1.68 1.71 1.76 1.84 1.92 1.97 2.00 2.04 2.17 2.38 2.49
1.96 2.10 2.32 2.39 2.37 2.34 2.24 2.07 1.99 2.01 2.04 1.96 1.81 1.86 2.13 2.25 2.17 2.06 2.05 2.13 2.33 2.38 2.13 1.70 1.40 1.27 1.19 1.18 1.26 1.43 1.60 1.74 1.79 1.78 1.73 1.73 1.80 1.85 1.84 1.81 1.82 1.88 1.96 2.07 2.13 2.07 2.04 2.14 2.37 2.59 2.69 2.57 2.25 1.92 1.66 1.51 1.57 1.66 1.68 1.64 1.62 1.63 1.60 1.54 1.47 1.41 1.42 1.46 1.49 1.47 1.44 1.41 1.40 1.40 1.45 1.53 1.64 1.74 1.83 1.93 2.04 2.14 2.22 2.20
2.09 2.22 2.42 2.42 2.36 2.20 1.97 1.78 1.80 1.90 1.95 1.86 1.76 1.90 2.19 2.25 2.12 1.98 1.85 1.82 2.00 2.09 1.88 1.56 1.37 1.25 1.16 1.16 1.29 1.52 1.73 1.85 1.91 1.96 2.03 2.15 2.20 2.16 2.06 1.95 1.88 1.88 1.94 1.97 1.90 1.77 1.71 1.85 2.24 2.64 2.76 2.59 2.32 2.16 2.09 2.09 2.08 2.02 1.87 1.67 1.52 1.42 1.35 1.25 1.17 1.18 1.32 1.45 1.51 1.47 1.37 1.26 1.20 1.23 1.32 1.43 1.55 1.69 1.83 1.93 1.98 1.97 1.97 1.93
2.28 2.37 2.50 2.43 2.29 2.08 1.80 1.69 1.83 1.94 1.93 1.85 1.81 1.96 2.13 2.12 1.96 1.75 1.57 1.57 1.81 1.91 1.68 1.42 1.27 1.19 1.21 1.31 1.46 1.64 1.85 2.03 2.20 2.44 2.68 2.78 2.73 2.58 2.42 2.26 2.10 1.99 1.96 1.94 1.83 1.70 1.72 1.99 2.49 2.85 2.84 2.53 2.23 2.12 2.10 2.09 2.02 1.87 1.64 1.45 1.30 1.20 1.15 1.10 1.08 1.21 1.47 1.66 1.64 1.48 1.26 1.13 1.17 1.34 1.51 1.63 1.76 1.95 2.08 2.07 1.96 1.85 1.83 1.64
2.45 2.49 2.46 2.34 2.18 1.99 1.80 1.85 2.07 2.18 2.10 1.99 1.97 2.02 2.04 1.97 1.79 1.53 1.41 1.52 1.78 1.77 1.48 1.25 1.14 1.14 1.26 1.45 1.65 1.85 2.09 2.34 2.64 2.95 3.08 3.02 2.85 2.70 2.61 2.52 2.39 2.25 2.15 2.09 1.99 1.93 2.00 2.34 2.80 2.98 2.77 2.26 1.82 1.55 1.51 1.55 1.52 1.38 1.23 1.10 1.00 0.98 1.05 1.13 1.26 1.48 1.79 1.91 1.75 1.45 1.23 1.23 1.46 1.76 1.96 2.09 2.23 2.40 2.46 2.35 2.15 2.03 2.00 1.97
2.67 2.54 2.37 2.26 2.13 2.04 2.06 2.29 2.50 2.51 2.40 2.27 2.17 2.06 1.92 1.80 1.65 1.49 1.49 1.67 1.85 1.71 1.41 1.20 1.12 1.16 1.29 1.52 1.82 2.17 2.48 2.74 2.97 3.03 2.86 2.56 2.41 2.45 2.53 2.56 2.52 2.43 2.31 2.22 2.17 2.13 2.19 2.55 2.93 2.94 2.53 1.94 1.47 1.23 1.15 1.12 1.08 1.01 0.91 0.82 0.82 0.96 1.19 1.39 1.59 1.87 2.08 2.03 1.78 1.49 1.40 1.58 1.93 2.22 2.41 2.55 2.69 2.77 2.72 2.56 2.45 2.40 2.34 2.25
2.83 2.56 2.30 2.29 2.31 2.39 2.60 2.83 2.94 2.82 2.64 2.50 2.36 2.11 1.84 1.72 1.65 1.62 1.72 1.89 1.93 1.73 1.44 1.24 1.20 1.30 1.51 1.82 2.20 2.55 2.76 2.89 2.87 2.63 2.17 1.87 1.92 2.15 2.27 2.30 2.34 2.37 2.35 2.32 2.27 2.23 2.33 2.69 2.93 2.77 2.22 1.74 1.41 1.19 1.03 0.91 0.85 0.80 0.75 0.75 0.92 1.22 1.53 1.77 1.98 2.15 2.18 2.03 1.82 1.70 1.69 1.93 2.27 2.53 2.69 2.79 2.80 2.69 2.46 2.26 2.19 2.18 2.19 2.17
2.74 2.53 2.30 2.34 2.50 2.71 2.92 3.03 3.02 2.88 2.73 2.61 2.46 2.16 1.90 1.80 1.77 1.77 1.85 1.94 1.89 1.66 1.41 1.28 1.33 1.53 1.85 2.21 2.46 2.59 2.59 2.48 2.25 1.87 1.53 1.52 1.77 1.92 1.87 1.87 1.98 2.09 2.24 2.32 2.29 2.26 2.39 2.72 2.78 2.42 1.88 1.50 1.20 0.95 0.78 0.73 0.74 0.75 0.80 0.96 1.25 1.59 1.87 2.05 2.17 2.21 2.14 2.02 1.94 1.92 1.99 2.24 2.58 2.76 2.77 2.63 2.37 2.00 1.67 1.51 1.52 1.61 1.72 1.78
2.58 2.54 2.41 2.36 2.45 2.60 2.71 2.73 2.63 2.55 2.54 2.52 2.44 2.25 2.08 1.98 1.90 1.83 1.82 1.81 1.68 1.45 1.31 1.31 1.45 1.69 1.94 2.10 2.11 2.04 1.91 1.66 1.41 1.21 1.16 1.35 1.55 1.53 1.46 1.50 1.60 1.72 1.88 1.98 2.03 2.13 2.36 2.60 2.56 2.13 1.61 1.15 0.80 0.64 0.64 0.78 0.85 0.89 1.03 1.29 1.60 1.90 2.10 2.19 2.22 2.23 2.20 2.14 2.09 2.08 2.20 2.53 2.78 2.72 2.40 1.95 1.56 1.29 1.13 1.16 1.34 1.55 1.65 1.62
2.63 2.64 2.48 2.30 2.19 2.18 2.16 2.04 1.91 1.91 2.02 2.13 2.19 2.19 2.15 2.07 1.96 1.83 1.72 1.63 1.45 1.26 1.21 1.29 1.45 1.58 1.59 1.51 1.42 1.39 1.30 1.15 1.04 1.04 1.11 1.23 1.31 1.30 1.29 1.32 1.37 1.43 1.51 1.57 1.70 2.04 2.36 2.52 2.38 1.98 1.40 0.90 0.68 0.71 0.91 1.10 1.12 1.14 1.30 1.60 1.92 2.16 2.31 2.40 2.44 2.47 2.46 2.37 2.26 2.22 2.39 2.68 2.64 2.17 1.60 1.27 1.17 1.10 1.10 1.30 1.63 1.90 1.92 1.81
2.75 2.64 2.35 2.06 1.77 1.61 1.51 1.37 1.28 1.31 1.42 1.52 1.65 1.80 1.94 1.99 1.93 1.79 1.63 1.47 1.29 1.14 1.09 1.15 1.23 1.23 1.14 1.08 1.11 1.17 1.16 1.11 1.11 1.16 1.22 1.29 1.37 1.40 1.39 1.40 1.43 1.49 1.57 1.70 1.93 2.29 2.49 2.44 2.15 1.70 1.22 0.95 0.93 1.13 1.37 1.47 1.38 1.38 1.60 1.97 2.29 2.54 2.67 2.72 2.78 2.84 2.82 2.71 2.58 2.52 2.62 2.59 2.12 1.50 1.22 1.25 1.34 1.33 1.37 1.61 1.99 2.21 2.19 2.20
2.71 2.46 2.03 1.66 1.28 1.14 1.16 1.16 1.14 1.24 1.33 1.37 1.48 1.61 1.75 1.87 1.87 1.74 1.55 1.35 1.17 1.05 0.99 0.99 1.01 1.01 1.05 1.13 1.21 1.25 1.28 1.28 1.32 1.41 1.48 1.56 1.65 1.68 1.66 1.68 1.77 1.91 2.10 2.34 2.57 2.71 2.59 2.27 1.89 1.54 1.25 1.16 1.29 1.54 1.77 1.79 1.67 1.73 2.07 2.48 2.84 3.05 3.10 3.08 3.06 3.08 3.08 3.03 2.94 2.83 2.68 2.34 1.74 1.45 1.56 1.75 1.77 1.69 1.73 1.98 2.29 2.46 2.53 2.65
2.52 2.29 1.78 1.28 0.97 0.99 1.22 1.40 1.52 1.68 1.77 1.79 1.86 1.88 1.83 1.82 1.79 1.69 1.53 1.31 1.13 1.02 0.97 0.96 1.02 1.13 1.27 1.40 1.47 1.50 1.51 1.51 1.57 1.70 1.80 1.90 1.98 2.01 2.00 2.07 2.26 2.47 2.70 2.89 2.95 2.78 2.39 1.95 1.67 1.51 1.38 1.41 1.63 1.92 2.11 2.03 1.98 2.15 2.59 3.03 3.33 3.40 3.30 3.18 3.08 3.02 3.02 3.02 3.00 2.89 2.66 2.39 2.12 2.13 2.36 2.47 2.40 2.28 2.30 2.44 2.62 2.76 2.89 2.96
2.44 2.21 1.63 1.13 1.02 1.37 1.84 2.13 2.33 2.46 2.52 2.52 2.47 2.28 2.01 1.82 1.73 1.65 1.53 1.36 1.19 1.08 1.03 1.09 1.23 1.37 1.49 1.61 1.71 1.76 1.78 1.83 1.94 2.05 2.15 2.25 2.33 2.38 2.45 2.60 2.78 2.93 3.00 2.95 2.71 2.28 1.78 1.47 1.44 1.47 1.55 1.73 2.02 2.29 2.34 2.18 2.21 2.56 3.04 3.35 3.43 3.33 3.12 2.94 2.84 2.79 2.82 2.83 2.78 2.73 2.72 2.75 2.89 3.04 3.18 3.25 3.22 3.17 3.14 3.09 3.06 3.08 3.09 2.98
2.28 1.92 1.30 1.08 1.37 1.99 2.53 2.85 3.02 3.05 3.00 2.90 2.73 2.44 2.13 1.90 1.76 1.64 1.51 1.39 1.28 1.22 1.24 1.34 1.47 1.57 1.67 1.81 1.92 2.01 2.11 2.27 2.47 2.62 2.71 2.76 2.75 2.74 2.86 3.03 3.09 3.03 2.85 2.51 2.02 1.50 1.18 1.17 1.42 1.64 1.86 2.13 2.38 2.48 2.38 2.25 2.43 2.89 3.20 3.28 3.14 2.90 2.66 2.51 2.49 2.54 2.59 2.60 2.53 2.54 2.72 2.93 3.17 3.36 3.48 3.59 3.65 3.65 3.57 3.45 3.28 3.17 3.02 2.75
1.80 1.47 1.14 1.33 1.96 2.66 3.09 3.25 3.24 3.13 2.97 2.80 2.61 2.39 2.20 2.01 1.81 1.62 1.49 1.42 1.39 1.42 1.54 1.67 1.77 1.85 1.97 2.09 2.20 2.33 2.53 2.78 3.01 3.17 3.23 3.13 2.99 2.96 3.04 3.05 2.90 2.63 2.25 1.75 1.27 1.01 1.05 1.36 1.75 2.06 2.36 2.61 2.69 2.59 2.42 2.42 2.70 2.99 3.08 2.92 2.65 2.36 2.13 2.00 2.06 2.14 2.17 2.16 2.18 2.26 2.45 2.69 2.93 3.08 3.16 3.24 3.30 3.32 3.30 3.21 3.07 2.92 2.74 2.51
1.60 1.54 1.65 2.10 2.74 3.21 3.35 3.23 3.01 2.76 2.57 2.43 2.30 2.22 2.13 1.99 1.80 1.60 1.52 1.53 1.61 1.79 1.98 2.11 2.19 2.27 2.39 2.51 2.64 2.83 3.07 3.27 3.35 3.33 3.18 2.95 2.83 2.85 2.82 2.59 2.24 1.87 1.44 1.04 0.89 1.02 1.41 1.89 2.25 2.59 2.84 2.91 2.83 2.69 2.56 2.60 2.77 2.85 2.71 2.40 2.08 1.79 1.54 1.47 1.55 1.58 1.54 1.57 1.68 1.80 2.06 2.29 2.44 2.48 2.45 2.43 2.35 2.38 2.46 2.48 2.55 2.58 2.54 2.53
2.00 2.20 2.58 2.92 3.22 3.37 3.21 2.87 2.53 2.32 2.20 2.11 2.02 1.97 1.91 1.82 1.70 1.60 1.60 1.73 1.95 2.21 2.41 2.53 2.59 2.67 2.79 2.93 3.10 3.30 3.45 3.45 3.26 2.95 2.58 2.33 2.42 2.47 2.25 1.85 1.43 1.11 0.86 0.83 1.05 1.42 1.90 2.34 2.71 2.99 3.04 2.93 2.76 2.65 2.59 2.59 2.59 2.49 2.19 1.85 1.52 1.21 1.06 1.13 1.24 1.25 1.25 1.36 1.48 1.60 1.79 2.01 2.11 2.08 1.97 1.81 1.75 1.91 2.06 2.11 2.19 2.32 2.41 2.48
2.42 2.65 2.97 3.11 3.18 3.11 2.81 2.45 2.18 2.07 2.01 1.93 1.84 1.76 1.71 1.67 1.63 1.62 1.69 1.85 2.04 2.23 2.40 2.56 2.67 2.80 2.97 3.16 3.30 3.36 3.30 3.04 2.62 2.22 1.91 1.87 1.98 1.89 1.51 1.12 0.84 0.73 0.81 1.12 1.49 1.87 2.30 2.71 3.01 3.09 2.92 2.67 2.50 2.42 2.38 2.34 2.27 2.09 1.76 1.43 1.09 0.85 0.87 1.06 1.18 1.21 1.31 1.52 1.65 1.68 1.73 1.81 1.89 1.88 1.73 1.59 1.66 1.92 2.02 1.97 2.03 2.13 2.18 2.19
2.75 2.79 2.85 2.87 2.83 2.66 2.39 2.14 1.99 1.93 1.87 1.78 1.69 1.62 1.59 1.60 1.61 1.63 1.66 1.71 1.79 1.90 2.04 2.23 2.48 2.73 2.98 3.12 3.10 2.94 2.63 2.20 1.76 1.48 1.39 1.43 1.39 1.20 0.93 0.76 0.74 0.90 1.23 1.60 1.94 2.31 2.67 2.97 3.08 2.95 2.68 2.45 2.30 2.18 2.11 2.08 2.02 1.84 1.53 1.18 0.92 0.89 1.11 1.37 1.49 1.55 1.72 1.87 1.81 1.71 1.70 1.71 1.71 1.68 1.59 1.55 1.72 1.91 1.87 1.77 1.83 1.88 1.90 1.91
3.03 2.82 2.59 2.56 2.47 2.30 2.10 1.90 1.82 1.76 1.69 1.60 1.50 1.45 1.48 1.55 1.60 1.61 1.59 1.59 1.68 1.83 2.04 2.29 2.58 2.82 2.92 2.84 2.60 2.26 1.84 1.43 1.09 0.94 0.95 0.99 0.93 0.85 0.82 0.87 1.06 1.37 1.70 2.06 2.41 2.72 2.96 3.05 2.94 2.70 2.46 2.27 2.11 2.00 1.98 2.00 1.95 1.75 1.47 1.22 1.15 1.33 1.63 1.84 1.93 2.02 2.11 2.01 1.79 1.72 1.76 1.68 1.55 1.54 1.57 1.59 1.68 1.76 1.70 1.64 1.68 1.71 1.73 1.82
3.18 2.88 2.49 2.38 2.29 2.16 2.02 1.86 1.76 1.70 1.63 1.52 1.41 1.39 1.46 1.50 1.61 1.67 1.70 1.78 1.98 2.25 2.55 2.80 2.91 2.88 2.69 2.38 1.99 1.58 1.15 0.81 0.68 0.70 0.80 0.88 0.90 0.96 1.08 1.24 1.46 1.72 2.08 2.48 2.82 3.07 3.11 2.97 2.71 2.43 2.20 2.03 1.93 1.89 1.95 2.02 1.92 1.73 1.58 1.56 1.70 1.96 2.21 2.34 2.39 2.39 2.27 2.07 1.95 1.98 1.91 1.68 1.47 1.54 1.66 1.62 1.62 1.70 1.69 1.65 1.67 1.68 1.73 1.82
3.28 2.96 2.51 2.35 2.23 2.14 2.08 2.01 1.93 1.89 1.84 1.71 1.63 1.62 1.65 1.66 1.71 1.83 1.96 2.14 2.43 2.73 2.93 2.95 2.81 2.54 2.21 1.83 1.39 0.96 0.62 0.52 0.63 0.82 0.97 1.08 1.17 1.29 1.43 1.57 1.75 2.00 2.41 2.84 3.15 3.25 3.12 2.81 2.46 2.15 1.94 1.86 1.85 1.90 2.00 1.97 1.80 1.73 1.80 2.02 2.38 2.72 2.93 2.99 2.90 2.74 2.51 2.35 2.36 2.30 1.98 1.63 1.57 1.75 1.81 1.67 1.66 1.78 1.82 1.78 1.73 1.71 1.76 1.81
3.25 2.93 2.49 2.28 2.17 2.15 2.13 2.11 2.09 2.08 2.04 1.95 1.93 1.94 1.93 1.88 1.85 1.93 2.10 2.36 2.64 2.79 2.72 2.49 2.19 1.91 1.64 1.29 0.85 0.55 0.49 0.70 0.98 1.17 1.30 1.41 1.52 1.63 1.73 1.82 1.99 2.30 2.76 3.14 3.33 3.25 2.95 2.58 2.24 1.99 1.88 1.89 1.92 1.96 1.94 1.81 1.71 1.83 2.06 2.46 2.94 3.27 3.37 3.32 3.23 3.05 2.87 2.78 2.66 2.39 2.03 1.78 1.87 2.02 1.95 1.84 1.93 2.10 2.10 1.99 1.85 1.76 1.74 1.75
3.08 2.87 2.52 2.29 2.17 2.16 2.15 2.14 2.11 2.05 1.95 1.88 1.91 1.97 1.99 1.91 1.86 1.87 2.06 2.34 2.50 2.39 2.09 1.78 1.52 1.33 1.14 0.86 0.58 0.54 0.84 1.21 1.43 1.55 1.62 1.71 1.82 1.91 1.96 2.06 2.27 2.62 3.02 3.29 3.25 2.97 2.61 2.32 2.15 2.05 2.05 2.10 2.09 2.04 1.92 1.82 1.85 2.07 2.32 2.79 3.20 3.40 3.36 3.20 3.11 3.04 3.02 3.01 2.87 2.64 2.47 2.40 2.40 2.31 2.13 2.14 2.35 2.51 2.41 2.16 1.92 1.72 1.63 1.67
3.07 2.94 2.64 2.41 2.30 2.24 2.21 2.17 2.09 1.97 1.85 1.78 1.78 1.81 1.80 1.62 1.70 1.77 1.99 2.15 2.04 1.70 1.35 1.11 0.91 0.77 0.70 0.60 0.62 0.96 1.41 1.69 1.83 1.89 1.93 1.99 2.04 2.06 2.10 2.23 2.50 2.84 3.14 3.20 2.97 2.57 2.30 2.15 2.11 2.17 2.20 2.24 2.28 2.19 2.04 1.96 2.01 2.19 2.47 2.93 3.18 3.12 2.82 2.63 2.61 2.73 2.87 2.99 3.06 3.07 3.09 3.03 2.86 2.66 2.52 2.61 2.75 2.70 2.43 2.05 1.75 1.58 1.54 1.57
3.24 3.01 2.67 2.49 2.40 2.36 2.30 2.21 2.10 2.03 1.97 1.91 1.87 1.80 1.70 1.57 1.57 1.71 1.85 1.75 1.37 0.95 0.68 0.60 0.53 0.53 0.63 0.71 0.88 1.26 1.64 1.84 1.92 1.97 2.04 2.09 2.07 2.05 2.10 2.31 2.64 2.98 3.16 3.04 2.75 2.43 2.23 2.12 2.11 2.16 2.23 2.28 2.35 2.30 2.13 1.98 1.98 2.10 2.41 2.84 2.98 2.74 2.38 2.20 2.19 2.36 2.60 2.79 2.94 3.08 3.18 3.17 3.03 2.92 2.92 2.94 2.82 2.49 2.07 1.73 1.56 1.50 1.46 1.43
3.25 2.93 2.53 2.43 2.41 2.38 2.29 2.17 2.09 2.06 2.04 2.00 1.93 1.82 1.70 1.59 1.59 1.63 1.56 1.22 0.79 0.61 0.51 0.49 0.51 0.57 0.76 1.00 1.21 1.40 1.56 1.66 1.68 1.70 1.76 1.82 1.85 1.90 2.05 2.36 2.71 3.01 3.07 2.84 2.56 2.34 2.16 2.07 2.06 2.09 2.14 2.26 2.31 2.26 2.07 1.85 1.79 1.88 2.26 2.69 2.74 2.41 2.10 2.03 2.10 2.24 2.37 2.41 2.47 2.59 2.70 2.75 2.79 2.86 2.91 2.84 2.51 2.07 1.78 1.67 1.60 1.45 1.31 1.34
2.90 2.70 2.46 2.39 2.30 2.15 2.02 1.98 1.94 1.92 1.93 1.90 1.83 1.75 1.69 1.63 1.61 1.54 1.30 0.89 0.75 0.53 0.60 0.72 0.80 0.94 1.12 1.33 1.48 1.56 1.59 1.58 1.53 1.49 1.48 1.54 1.67 1.82 2.05 2.38 2.71 2.89 2.79 2.42 2.03 1.85 1.81 1.82 1.85 1.95 2.05 2.18 2.23 2.09 1.85 1.65 1.59 1.73 2.12 2.52 2.54 2.23 2.01 2.01 2.11 2.21 2.18 2.05 2.00 2.06 2.10 2.14 2.30 2.52 2.62 2.51 2.26 1.99 1.86 1.80 1.57 1.28 1.24 1.45
2.51 2.55 2.56 2.45 2.21 1.94 1.81 1.78 1.76 1.76 1.80 1.80 1.75 1.70 1.65 1.58 1.53 1.43 1.10 1.08 0.92 0.98 1.09 1.19 1.28 1.39 1.51 1.62 1.71 1.78 1.77 1.67 1.55 1.47 1.45 1.55 1.70 1.86 2.10 2.39 2.62 2.64 2.34 1.80 1.49 1.48 1.57 1.67 1.78 1.87 1.99 2.11 2.08 1.89 1.64 1.54 1.55 1.74 2.07 2.39 2.44 2.28 2.13 2.08 2.06 1.99 1.87 1.75 1.73 1.82 1.85 1.83 1.96 2.20 2.22 2.17 2.17 2.16 2.07 1.82 1.45 1.31 1.53 1.84
2.56 2.72 2.83 2.65 2.36 2.03 1.84 1.73 1.67 1.64 1.63 1.65 1.67 1.66 1.60 1.50 1.43 1.33 1.25 1.28 1.36 1.48 1.59 1.67 1.74 1.78 1.81 1.84 1.86 1.88 1.86 1.77 1.64 1.55 1.57 1.69 1.85 2.00 2.23 2.42 2.48 2.34 1.94 1.52 1.43 1.59 1.79 1.97 2.07 2.03 2.01 2.02 1.95 1.78 1.59 1.55 1.59 1.77 2.04 2.35 2.48 2.42 2.21 2.01 1.84 1.69 1.59 1.56 1.63 1.78 1.82 1.78 1.86 2.02 1.99 1.98 2.10 2.22 2.21 2.02 1.79 1.85 2.13 2.37
2.82 2.94 2.98 2.77 2.48 2.17 1.95 1.78 1.64 1.53 1.44 1.44 1.50 1.53 1.51 1.45 1.39 1.35 1.46 1.60 1.81 1.99 2.12 2.19 2.19 2.16 2.11 2.03 1.96 1.91 1.85 1.78 1.72 1.73 1.82 1.94 2.09 2.27 2.45 2.53 2.45 2.22 1.90 1.76 1.93 2.19 2.41 2.51 2.47 2.24 2.05 1.93 1.89 1.77 1.60 1.57 1.61 1.80 2.08 2.44 2.59 2.48 2.17 1.87 1.64 1.49 1.46 1.51 1.61 1.76 1.79 1.72 1.81 1.93 1.92 1.91 2.02 2.17 2.30 2.44 2.55 2.62 2.70 2.77
3.04 3.02 2.84 2.58 2.31 2.08 1.93 1.78 1.59 1.42 1.34 1.33 1.35 1.38 1.41 1.41 1.35 1.38 1.57 1.86 2.12 2.30 2.39 2.42 2.39 2.34 2.26 2.16 2.06 1.99 1.90 1.82 1.82 1.91 2.02 2.17 2.36 2.56 2.70 2.78 2.73 2.52 2.38 2.38 2.57 2.78 2.86 2.75 2.53 2.26 2.03 1.89 1.86 1.80 1.63 1.57 1.63 1.87 2.21 2.56 2.66 2.49 2.15 1.85 1.62 1.51 1.52 1.56 1.61 1.74 1.77 1.65 1.71 1.86 1.89 1.90 1.98 2.11 2.35 2.65 2.90 2.94 2.86 2.71
