project/data/elevation/US_DEM2016/US_DEM2016_point_11-01-2019_0008_30m_ang.asc
ncols	125
nrows	167
xllcorner	-2042055.000000
yllcorner	1465035.000000
cellsize	30.000000
NODATA_value	-9999.000000
[rows 84 to 125 of 167, columns 0 to 93 of 125]
260 256 242 256 265 270 273 275 277 278 277 274 270 267 263 260 256 252 248 249 252 253 255 259 261 260 258 257 256 258 263 269 274 281 285 275 257 261 266 265 261 257 257 258 260 261 262 263 264 265 269 273 276 285 337 21 301 274 268 267 268 270 272 274 275 276 275 272 270 268 265 263 263 268 278 279 272 267 262 259 258 264 272 265 257 250 242 234 227 237 248 249 250 251
259 253 242 259 269 273 275 276 276 276 274 272 268 265 261 257 253 248 245 249 253 256 260 263 264 263 262 261 259 258 258 260 263 270 283 311 283 267 265 261 256 257 259 261 262 263 264 264 264 263 264 266 269 277 318 22 317 279 271 268 268 268 270 271 273 276 280 276 271 267 264 261 260 263 271 277 276 273 269 265 260 262 269 271 262 253 243 235 227 227 237 242 242 244
260 256 251 263 269 272 273 275 275 274 272 269 266 262 258 253 248 245 250 254 259 262 265 267 267 267 265 263 261 258 256 255 256 260 269 309 301 264 257 252 255 260 262 262 264 266 267 266 264 261 260 260 261 267 294 16 43 280 278 269 267 268 269 270 271 275 283 279 272 268 265 261 259 258 259 266 271 272 272 276 268 265 268 273 270 259 248 237 229 227 233 237 235 242
260 256 256 266 270 270 271 274 275 274 271 267 263 259 253 246 245 249 255 261 265 268 270 270 270 269 266 264 262 261 259 256 253 255 259 274 321 253 249 251 258 262 263 264 267 270 270 268 266 263 261 258 255 255 264 3 343 283 274 272 270 270 271 270 270 272 282 282 274 270 268 264 260 256 252 253 258 263 267 270 271 269 271 275 276 269 255 243 236 235 237 236 235 246
260 256 258 268 270 271 272 275 276 274 270 265 260 254 245 257 247 254 258 261 265 270 273 273 271 269 266 263 262 263 265 262 256 254 253 250 231 245 250 255 260 262 264 267 270 271 271 269 268 267 265 262 258 255 259 304 349 289 277 274 273 272 271 270 269 271 279 285 276 273 271 268 264 258 251 249 250 254 257 260 263 265 268 271 274 271 263 255 250 246 242 237 239 251
260 259 262 269 272 273 276 276 275 272 267 261 254 246 241 246 252 255 256 258 263 268 272 272 270 268 266 264 264 264 266 267 262 255 251 244 216 233 252 258 261 264 265 267 269 270 269 268 267 268 269 267 267 268 275 305 350 296 279 275 274 271 269 269 269 271 278 288 280 275 272 270 267 262 256 251 251 251 252 251 252 257 261 262 262 261 263 267 266 257 246 241 245 256
260 260 265 270 274 276 276 275 272 267 262 254 247 243 269 253 257 258 258 259 262 265 268 268 266 266 267 268 267 266 266 268 267 259 251 242 211 216 249 259 263 264 265 266 267 268 267 265 264 265 267 269 273 278 286 314 356 306 280 275 272 269 267 268 269 271 277 290 284 276 272 270 269 268 265 261 257 255 253 250 250 252 255 254 249 247 253 262 266 259 250 248 251 260
260 262 267 272 276 277 275 272 267 261 253 245 243 247 254 260 263 265 265 264 264 265 264 263 264 266 268 270 270 270 270 271 273 267 255 242 208 213 248 261 264 265 265 266 267 266 265 263 262 262 265 270 276 279 282 303 358 305 278 272 268 266 267 268 269 271 277 291 288 277 272 269 268 270 275 272 265 262 260 256 253 254 254 250 245 241 244 248 248 247 249 253 256 263
262 264 270 275 277 275 271 266 260 252 245 242 246 253 259 265 269 272 273 272 271 269 266 264 265 266 268 269 270 271 272 275 278 278 266 242 208 221 254 264 267 267 268 269 268 266 264 262 261 261 262 266 271 272 271 276 335 294 272 268 266 266 267 268 269 270 276 291 292 279 272 268 267 269 276 279 272 267 265 263 260 258 257 254 249 246 244 242 238 239 248 255 260 264
263 265 270 274 275 271 265 259 252 245 242 245 251 256 260 264 269 274 276 277 276 274 270 268 267 267 267 268 269 270 271 273 276 280 273 238 214 237 260 267 269 270 271 271 269 266 263 262 262 262 262 262 262 264 268 274 310 286 267 265 266 268 269 270 270 271 275 287 293 280 272 268 266 266 271 280 276 269 268 268 266 262 259 258 255 253 249 245 242 244 250 256 262 264
264 265 267 269 268 265 259 253 248 245 247 251 256 259 262 265 268 272 275 276 275 273 269 267 266 268 270 270 269 267 266 267 269 270 266 218 225 252 265 269 270 271 272 271 269 266 264 263 262 262 262 260 257 257 261 266 282 267 262 263 266 269 271 271 271 271 274 282 292 282 273 268 264 262 263 272 276 272 270 272 271 266 260 258 258 257 255 253 251 252 253 258 263 264
265 266 268 266 262 259 256 253 252 254 256 258 260 263 266 268 270 272 273 272 270 267 263 261 264 269 272 273 270 266 265 265 266 267 260 196 242 262 268 270 270 270 270 269 268 267 266 264 263 262 260 258 256 254 251 244 210 225 255 261 264 269 272 272 270 270 272 280 293 285 273 266 261 256 256 263 271 273 272 275 276 271 264 262 265 267 265 261 258 257 257 260 265 267
265 265 265 262 259 259 258 258 259 262 264 264 265 268 270 272 272 272 271 268 263 258 257 260 264 268 271 272 269 267 266 267 269 270 273 151 260 266 269 269 268 267 266 267 268 268 268 267 266 263 261 258 256 253 246 233 206 215 251 261 265 269 272 272 270 268 268 276 293 289 274 264 256 252 252 258 264 268 270 274 276 274 270 270 276 280 275 267 264 262 263 264 267 269
264 262 258 259 257 258 259 260 262 265 268 270 271 272 273 273 272 270 266 260 255 254 258 263 267 269 269 269 267 266 266 266 268 271 282 10 279 268 269 268 266 263 264 266 268 269 269 268 267 265 264 262 260 255 247 233 214 225 252 263 267 271 273 272 269 266 266 272 288 290 275 262 254 250 250 254 257 260 266 270 273 273 273 277 282 284 278 270 268 267 267 268 269 270
263 261 257 260 256 257 259 261 263 265 268 273 275 275 274 272 268 264 257 251 250 256 263 269 271 272 270 267 266 264 263 262 262 264 272 359 293 270 267 264 261 261 264 267 268 269 269 268 265 263 265 267 266 262 256 244 227 238 256 266 270 272 273 271 269 266 266 269 282 290 278 264 255 252 251 251 252 256 263 267 268 269 273 277 280 278 273 270 270 270 270 269 269 271
263 263 262 261 258 258 260 262 263 263 266 271 274 274 272 267 262 256 250 247 252 260 267 272 274 274 272 269 266 263 260 257 256 256 260 316 289 268 264 260 260 264 267 269 269 270 269 267 262 259 260 264 267 269 270 262 240 245 258 267 270 271 271 270 268 267 266 269 278 291 287 270 262 256 253 251 251 255 261 263 263 265 270 272 271 267 268 269 269 268 269 267 269 271
264 265 266 267 265 263 262 262 262 262 264 267 270 270 266 261 255 250 248 251 258 265 269 272 274 275 273 271 268 265 261 257 255 253 253 267 281 265 262 262 265 268 269 269 270 270 269 266 261 257 256 256 260 267 272 266 241 251 261 266 269 270 270 269 268 266 266 268 275 288 294 280 268 262 257 254 254 257 258 258 258 261 264 264 261 261 267 270 268 265 266 265 268 270
265 266 269 271 272 269 266 263 262 263 264 266 266 265 261 254 249 248 252 259 266 269 270 272 273 273 272 270 269 267 264 261 258 254 251 251 281 269 267 268 270 270 269 268 269 269 268 265 262 258 255 252 253 258 262 255 245 261 265 267 268 269 269 268 267 265 265 267 272 282 297 286 273 266 262 260 260 259 257 255 255 257 259 258 258 262 270 272 268 263 261 263 266 270
265 266 271 275 280 272 269 266 265 266 267 266 263 260 255 248 247 252 259 265 269 271 271 271 271 270 270 269 268 269 269 267 263 259 256 257 284 276 271 270 269 268 267 268 269 268 267 265 263 261 258 254 252 252 253 253 269 272 271 270 270 269 268 267 265 264 264 265 269 278 294 291 277 269 265 263 263 262 259 255 254 254 255 255 257 262 269 272 268 261 260 262 265 268
266 267 270 274 276 275 271 269 269 269 268 264 260 255 251 250 254 260 263 266 268 269 270 270 268 266 265 265 266 269 271 271 270 268 269 279 306 286 272 268 266 266 267 268 269 268 266 263 262 262 262 261 257 253 252 255 284 284 279 275 272 270 268 265 263 262 262 263 266 274 290 296 282 272 267 264 263 262 262 260 257 254 253 253 254 256 259 262 261 259 260 263 266 269
265 265 264 266 269 271 271 271 271 270 265 260 255 252 254 261 268 268 266 266 267 267 267 268 267 264 260 259 262 266 269 271 272 273 276 290 321 298 271 265 265 266 268 270 269 267 264 261 259 260 262 263 262 259 258 266 295 297 289 282 276 272 268 265 263 262 261 261 263 269 283 297 288 276 269 265 262 260 263 265 264 260 257 256 254 251 250 250 252 257 262 265 268 271
263 261 258 258 260 263 267 268 268 265 261 257 255 256 262 271 279 279 274 270 269 267 267 268 268 263 258 257 259 262 264 266 268 270 273 283 318 311 272 265 265 268 270 271 270 267 263 259 256 257 258 258 261 265 270 281 306 308 296 288 280 272 267 265 264 263 261 259 260 264 275 292 293 281 271 265 260 259 260 264 266 266 266 264 260 255 250 248 250 258 265 268 270 272
262 260 256 255 256 259 265 265 264 261 259 260 261 264 269 274 281 285 282 277 274 272 271 271 269 264 261 259 259 259 259 260 261 262 265 270 298 328 277 265 266 269 272 272 270 267 262 257 254 253 252 253 259 268 276 288 310 318 302 290 281 273 268 267 266 264 261 258 257 259 267 282 290 282 272 265 261 259 258 260 262 266 269 271 269 264 256 252 254 260 266 269 271 271
263 262 258 256 257 260 264 265 265 263 263 265 268 271 273 274 274 277 279 278 278 278 276 273 269 265 264 263 261 259 258 257 256 256 258 260 272 323 280 267 269 271 271 270 269 267 263 257 253 250 248 252 261 269 276 284 303 320 310 292 282 276 271 269 267 265 262 259 257 257 260 270 280 276 270 265 262 260 258 257 259 263 266 270 272 270 264 259 259 261 264 267 269 269
265 265 262 259 259 261 262 263 265 267 269 271 273 274 275 273 270 267 269 272 275 277 276 273 268 265 264 265 265 263 260 258 256 256 256 255 254 264 270 269 271 271 269 267 267 267 264 259 253 249 249 254 261 266 270 276 291 315 318 299 285 279 274 270 268 266 263 261 259 257 258 262 268 270 268 266 264 260 258 258 259 262 264 264 266 268 267 264 263 263 264 265 267 267
266 265 264 262 261 261 262 262 265 270 273 275 275 274 273 270 266 264 265 268 270 271 271 269 265 264 264 264 264 264 263 261 260 260 260 257 250 230 253 268 270 269 267 266 268 269 267 262 255 251 251 255 259 262 264 269 280 304 322 309 289 280 274 270 267 265 264 263 262 260 258 258 261 265 266 265 264 260 258 259 261 264 264 262 262 264 266 266 266 267 266 265 265 265
264 264 262 262 263 263 264 267 270 273 275 275 273 271 268 265 262 264 265 266 268 268 268 265 262 262 264 264 261 260 261 262 263 263 264 262 253 228 248 264 267 268 268 270 271 271 270 266 259 255 255 257 258 259 259 263 271 288 315 315 293 280 274 271 267 264 264 265 265 263 260 257 256 259 263 264 263 260 259 260 262 265 266 264 262 262 265 267 268 268 268 266 265 264
263 262 260 263 264 265 268 272 275 275 273 271 269 266 264 261 261 263 265 267 268 269 268 264 260 261 264 264 260 259 259 260 261 261 261 260 252 229 248 261 266 269 271 273 273 272 271 267 262 259 259 260 259 258 257 258 262 271 292 309 295 281 274 270 266 264 265 266 266 265 262 257 254 255 260 262 261 260 259 260 263 265 266 264 262 261 261 265 267 268 267 267 266 265
263 262 262 265 267 268 271 274 275 273 270 267 265 263 261 259 260 264 267 269 270 271 271 266 261 262 263 262 261 261 261 261 260 259 257 254 245 226 248 261 267 269 271 274 274 272 269 266 262 261 262 263 262 260 258 257 257 260 270 290 293 281 274 269 266 265 266 267 268 266 262 258 254 253 257 261 261 260 259 261 263 265 265 264 262 259 257 261 265 266 267 267 267 266
265 265 267 270 271 272 273 274 272 269 267 265 262 260 259 259 262 268 271 272 272 274 274 270 265 264 262 260 259 260 261 263 264 263 259 254 240 225 252 264 267 270 272 274 274 272 268 264 262 262 263 264 264 263 262 260 257 255 260 272 284 279 273 269 268 267 267 268 267 265 262 258 255 253 256 259 260 260 261 263 264 265 265 265 263 259 257 260 263 265 266 268 268 267
266 267 271 273 275 275 273 272 268 265 264 263 262 261 261 264 269 273 275 275 274 273 273 273 270 266 261 258 257 257 258 260 263 266 265 260 248 239 258 267 269 271 272 273 273 271 267 263 262 263 264 264 264 263 263 263 261 259 261 266 273 275 271 269 269 269 268 267 266 263 261 259 255 254 256 258 258 260 262 264 264 264 265 266 265 264 264 264 264 263 265 267 267 266
266 268 271 274 277 276 271 267 264 263 263 264 265 267 270 274 276 277 277 275 272 269 269 274 274 268 262 258 257 257 256 256 257 260 264 265 265 265 267 269 271 272 272 271 270 269 268 266 264 265 265 264 262 260 260 261 263 265 268 270 272 273 271 269 268 268 267 265 264 262 261 258 255 253 256 257 258 259 262 263 263 263 263 265 268 272 273 269 265 263 265 266 265 265
266 266 269 273 276 274 269 265 263 263 265 266 270 275 278 279 279 278 275 272 266 263 263 272 278 272 264 260 259 260 259 256 254 253 256 262 269 276 271 270 271 271 271 269 266 266 268 270 270 269 267 264 260 257 256 256 259 264 271 277 278 274 272 269 267 267 265 263 262 262 261 259 255 252 254 257 258 260 261 262 262 262 262 264 270 276 277 272 266 265 265 265 264 263
265 265 266 270 273 272 269 266 265 265 266 269 273 277 279 280 279 275 272 268 263 260 261 267 277 278 269 263 262 263 264 261 256 253 253 256 258 260 267 269 270 271 271 268 263 261 264 272 276 273 270 265 260 256 255 255 256 259 264 273 280 276 272 270 268 265 263 261 261 262 262 261 257 253 255 257 259 260 261 262 262 262 261 263 267 271 273 270 267 265 265 265 265 264
265 265 266 268 271 272 271 269 268 268 270 273 276 277 277 276 273 270 269 265 262 261 261 263 270 278 274 266 263 263 266 268 265 258 255 254 251 250 263 269 271 272 272 268 262 258 260 269 279 277 272 267 262 259 257 257 256 256 257 260 270 272 270 269 268 265 262 261 262 262 262 261 259 257 257 258 260 261 262 263 263 262 261 262 264 263 264 267 267 266 265 266 266 266
265 266 267 269 270 272 272 271 271 272 276 277 277 275 273 270 267 267 265 262 263 264 263 263 266 272 273 267 264 262 264 269 272 266 260 255 251 252 264 270 272 273 272 268 261 256 258 264 277 281 275 270 266 262 260 259 258 257 255 254 255 261 266 267 267 265 264 265 265 263 261 260 259 258 258 260 260 261 264 265 264 262 262 262 262 259 259 262 266 268 267 266 267 268
267 268 270 271 271 272 273 272 273 276 279 278 276 273 270 267 265 264 262 262 264 266 265 265 265 268 272 269 265 262 261 264 270 271 265 259 254 257 267 271 272 272 271 267 260 257 258 262 271 280 278 273 269 266 262 259 258 258 256 253 249 253 261 265 266 267 267 267 266 264 261 258 256 255 258 261 261 262 265 265 264 263 262 263 262 260 259 261 264 268 269 268 268 270
268 269 272 272 272 273 274 273 275 278 280 278 274 271 268 266 264 262 262 264 266 267 267 266 266 268 274 272 266 261 259 260 263 269 268 263 261 265 271 272 272 272 270 265 258 258 259 261 267 277 280 276 272 268 263 259 257 257 257 254 249 252 260 264 266 268 268 267 266 263 261 258 254 253 257 261 263 265 266 265 263 262 263 262 261 261 262 262 263 267 271 272 271 272
268 269 272 272 273 274 275 275 276 277 277 276 273 270 266 263 262 262 264 266 266 266 266 265 265 268 275 275 267 262 259 259 260 263 265 266 267 270 273 273 272 271 266 259 255 259 261 262 265 273 280 280 275 270 264 259 257 256 256 253 251 255 260 264 266 267 267 266 264 262 260 257 253 252 255 260 263 266 265 264 263 263 263 263 261 261 261 263 264 267 271 273 272 272
268 269 272 274 275 276 278 278 276 274 273 274 273 270 264 261 263 264 265 264 263 263 264 264 265 266 271 275 270 263 260 259 259 261 263 266 267 269 277 272 272 267 260 254 256 261 262 263 264 269 277 281 280 275 268 262 259 258 255 252 253 257 261 264 267 269 268 267 264 261 258 255 251 249 254 259 262 263 263 263 263 263 264 264 264 262 261 262 265 269 271 273 272 272
267 269 272 275 277 278 280 280 277 272 270 271 272 270 265 264 265 265 263 260 260 263 265 267 266 264 267 274 274 266 261 259 260 262 264 264 264 265 268 270 268 262 256 256 261 265 265 265 265 267 273 279 282 281 275 268 263 260 257 255 257 260 262 265 269 270 268 267 265 261 257 252 246 246 253 258 261 261 261 262 263 263 264 265 266 266 264 265 268 271 273 273 273 271
267 268 270 274 277 278 280 281 277 272 274 270 270 268 267 267 265 262 261 261 264 267 269 269 267 264 264 269 273 268 262 260 260 262 264 264 263 264 267 268 264 260 259 261 263 265 266 266 266 267 270 274 279 282 281 274 267 262 260 259 259 261 264 267 268 267 266 265 264 261 257 250 243 245 253 257 259 260 261 262 262 262 263 266 268 268 267 270 274 275 275 274 272 271
