project/data/elevation/US_DEM2016/US_DEM2016_point_10-30-2019_0730_30m_ang.asc
ncols	125
nrows	167
xllcorner	-2042055.000000
yllcorner	1465035.000000
cellsize	30.000000
NODATA_value	-9999.000000
[rows 0 to 43 of 167, columns 0 to 95 of 125]
355 353 346 343 344 345 346 348 350 353 355 355 354 354 354 355 356 356 356 354 353 351 351 353 355 356 358 359 358 355 352 348 344 341 338 335 335 337 341 344 346 347 348 348 349 349 347 345 345 346 347 349 351 353 354 355 357 356 354 353 351 350 349 348 349 351 354 355 353 350 348 347 348 348 349 350 350 349 348 350 354 355 353 352 351 352 354 355 355 352 351 351 351 350 348 348
355 353 346 343 344 345 346 348 350 353 355 355 354 354 354 355 356 356 356 354 353 351 351 353 355 356 358 359 358 355 352 348 344 341 338 335 335 337 341 344 346 347 348 348 349 349 347 345 345 346 347 349 351 353 354 355 357 356 354 353 351 350 349 348 349 351 354 355 353 350 348 347 348 348 349 350 350 349 348 350 354 355 353 352 351 352 354 355 355 352 351 351 351 350 348 348
3 358 347 340 339 339 340 343 347 351 354 355 354 353 354 356 358 359 358 356 353 349 349 352 355 358 2 4 3 0 357 353 348 345 342 338 334 334 336 341 344 345 346 348 349 350 350 348 346 345 344 346 350 352 353 356 358 358 358 356 353 350 347 345 346 349 353 356 355 353 350 349 348 348 348 349 349 346 344 348 353 355 353 351 351 353 356 358 358 354 352 352 353 351 348 346
13 4 348 339 334 330 329 332 337 344 351 354 354 352 353 356 359 2 2 359 352 347 347 351 357 4 11 14 12 8 4 359 354 351 348 344 338 333 331 334 339 343 345 347 348 350 351 350 347 343 341 343 347 350 353 355 359 1 1 0 357 352 347 343 342 345 350 354 355 355 353 352 351 350 348 346 345 341 338 342 349 352 349 348 350 355 360 2 0 355 353 354 353 351 346 344
15 5 349 341 335 329 324 324 328 335 344 350 353 352 352 355 358 1 2 358 351 347 347 352 1 11 17 18 15 10 6 2 357 354 352 350 346 340 336 334 336 339 343 345 346 347 349 350 347 343 342 343 346 350 353 355 356 357 358 359 359 356 352 348 344 342 343 346 350 352 354 354 354 352 349 345 342 338 336 337 342 344 342 343 349 358 4 4 0 355 353 353 351 346 343 342
13 5 350 343 338 332 326 322 321 325 334 344 350 350 350 353 357 358 358 355 350 347 350 357 7 16 19 18 13 9 5 1 357 356 355 354 351 346 342 337 333 333 336 340 343 345 347 347 346 343 342 345 349 353 355 356 354 351 351 353 356 357 357 354 349 344 341 340 342 346 350 353 353 351 347 343 340 337 335 335 337 336 334 337 347 359 5 4 359 354 353 352 346 341 340 343
9 2 351 346 341 337 332 325 319 317 322 334 344 346 346 351 356 358 355 351 348 349 354 3 11 17 18 15 10 5 2 359 358 358 358 356 353 351 348 343 336 330 329 332 337 341 343 343 342 341 341 345 352 357 359 358 355 353 352 353 354 357 359 357 352 347 343 340 340 343 347 350 351 348 345 341 338 334 332 332 333 332 330 332 343 357 4 2 357 353 351 348 342 340 342 351
4 359 352 349 346 342 338 330 321 315 315 323 333 338 340 347 356 359 357 351 346 349 357 7 13 16 16 12 6 2 359 358 358 358 357 356 355 355 353 350 345 336 329 327 330 336 339 338 337 336 338 344 353 359 1 0 358 358 358 359 359 358 358 357 354 349 344 341 341 344 347 349 349 347 344 340 337 333 329 329 330 329 328 330 337 351 359 359 354 350 348 344 341 343 353 5
356 355 353 352 351 349 345 337 328 322 319 320 324 329 334 342 353 1 1 353 346 348 359 9 15 15 12 8 4 359 356 355 355 354 354 355 356 357 358 357 354 348 340 332 331 334 338 338 335 334 336 343 352 358 2 3 3 4 6 6 4 1 358 357 355 351 345 342 343 346 349 350 348 346 343 342 339 336 333 332 331 329 328 326 335 345 354 354 350 348 346 344 346 355 8 14
348 351 354 356 356 354 350 343 336 332 329 326 324 325 329 337 350 1 2 355 348 350 360 10 13 11 7 4 1 357 354 352 350 350 350 353 356 358 359 360 359 357 352 345 339 338 339 338 336 335 337 343 351 356 1 5 8 12 13 10 6 1 357 354 354 352 347 345 346 349 350 349 347 344 343 343 342 341 340 340 339 336 334 335 338 344 349 349 347 347 347 348 356 5 10 9
340 346 355 359 359 357 353 347 342 340 339 336 332 328 328 334 346 357 359 354 351 354 2 8 9 7 3 360 357 354 351 348 346 346 348 351 354 356 358 359 0 0 359 355 348 342 339 337 335 336 340 347 353 357 360 5 12 16 15 10 5 360 355 351 349 349 349 350 351 352 350 347 344 343 343 343 343 344 345 346 345 343 342 341 342 346 347 345 344 347 352 356 0 4 4 3
330 339 353 358 359 357 353 350 348 348 347 345 342 338 335 336 343 350 353 353 354 359 5 7 5 3 360 355 351 349 347 345 344 346 349 351 350 351 353 356 358 360 0 359 355 349 342 336 334 336 343 352 358 2 4 7 11 13 11 8 2 356 351 347 345 346 349 353 356 354 350 346 342 341 342 343 344 346 348 349 346 343 342 343 345 347 345 342 343 349 355 357 359 359 359 0
330 333 343 352 356 355 353 352 353 354 353 352 350 348 345 342 343 346 348 351 356 3 7 5 1 359 355 351 347 345 344 343 343 347 351 349 346 346 348 350 352 355 357 359 359 354 346 338 335 338 345 354 2 8 9 7 6 6 5 3 358 352 348 346 344 344 348 354 357 355 351 345 342 341 342 344 345 348 349 346 340 334 333 336 341 344 343 341 343 349 352 355 356 357 356 357
338 336 337 342 348 351 352 353 355 356 356 356 356 355 353 349 347 347 346 350 358 7 8 3 358 354 351 347 344 342 341 342 344 348 347 342 340 341 342 343 345 347 350 355 358 356 349 342 340 343 350 359 8 11 7 2 360 0 359 357 354 350 347 345 344 344 347 352 356 356 351 345 343 343 346 348 349 350 350 345 337 331 328 330 333 336 339 341 343 346 349 351 353 353 353 352
341 341 340 339 340 343 347 350 352 353 353 354 356 357 357 355 353 352 350 352 1 8 7 1 357 353 349 346 344 342 341 344 346 348 344 339 335 337 338 338 338 339 342 347 353 353 349 346 347 351 357 5 8 5 359 356 357 357 354 352 350 349 347 345 344 345 347 351 355 356 351 346 346 349 354 355 353 352 350 346 340 335 333 333 332 333 337 340 342 344 346 348 349 349 349 348
338 341 345 344 340 336 336 338 339 338 338 342 347 351 354 357 359 358 357 358 3 5 4 2 360 357 352 349 348 346 345 345 347 348 348 345 341 340 340 341 341 340 340 343 346 347 349 350 354 359 4 6 4 358 354 354 356 355 350 347 346 347 348 347 346 346 348 352 355 356 353 351 353 358 360 356 353 352 350 345 340 337 336 335 334 335 339 342 342 341 343 345 345 345 347 347
337 339 346 350 348 340 332 330 329 328 328 330 334 339 344 353 1 3 3 4 4 4 4 5 4 1 355 352 351 351 349 345 344 347 349 349 348 345 344 345 345 344 344 343 343 345 349 355 1 5 7 5 359 354 352 353 356 353 347 344 343 346 348 349 349 348 349 352 355 357 357 358 2 2 358 355 354 354 351 346 341 339 338 337 337 339 342 344 343 340 341 343 343 345 349 351
343 343 349 356 357 350 340 336 334 334 335 336 338 339 342 349 359 5 7 6 5 5 6 7 5 1 356 352 352 353 352 349 345 345 347 349 350 349 348 346 346 345 344 343 343 345 351 0 6 7 7 3 356 351 351 354 356 351 345 342 341 344 348 351 352 351 350 350 353 357 1 4 5 1 356 355 356 356 354 350 345 342 340 340 341 344 345 345 343 339 339 341 344 349 354 354
347 350 356 1 359 350 343 340 339 340 342 344 345 346 348 351 358 4 7 6 7 8 9 6 3 359 355 352 351 352 353 352 349 346 346 348 350 351 350 347 345 345 344 344 344 347 355 3 6 7 5 360 354 350 350 354 353 347 342 340 340 342 346 350 353 353 351 349 349 354 0 3 3 359 356 356 357 358 357 354 352 348 345 345 346 348 348 344 341 339 339 342 346 351 353 351
350 355 3 2 353 345 342 341 343 345 347 349 351 354 355 356 359 4 6 7 8 10 8 5 1 358 355 352 350 350 351 351 350 349 348 348 350 351 350 348 346 345 346 347 350 355 359 1 1 2 0 356 352 350 352 354 350 344 341 340 341 342 345 348 351 353 352 350 349 350 354 358 358 357 356 356 357 357 357 358 358 355 352 350 350 350 348 344 341 341 342 343 345 348 348 348
0 4 5 356 346 341 340 342 345 348 350 353 356 359 1 1 3 6 6 7 8 8 6 3 1 358 355 352 350 348 347 348 348 349 349 350 350 350 349 348 348 348 351 355 360 2 359 355 354 354 354 353 353 353 354 353 348 343 341 341 342 342 343 344 345 347 349 350 347 344 344 348 351 352 354 355 355 355 357 359 2 2 360 356 353 351 350 348 346 346 346 345 344 344 343 345
11 7 358 349 342 339 340 343 348 351 353 355 358 1 4 6 8 8 6 6 6 4 2 1 360 358 355 352 350 348 345 345 346 348 349 351 351 349 349 350 352 355 0 5 5 360 353 349 348 348 349 351 354 357 357 353 348 345 344 344 344 343 340 335 333 333 335 338 337 333 332 334 338 342 347 350 352 352 354 358 3 5 5 1 356 353 352 352 352 352 351 347 344 343 343 346
5 359 352 347 343 341 342 346 350 353 354 356 358 2 6 9 11 8 4 2 360 358 358 358 357 356 354 352 350 347 345 344 346 348 351 352 350 348 351 355 360 4 9 6 360 353 348 345 343 344 346 349 354 358 359 356 352 349 348 348 348 346 339 328 320 317 316 316 318 319 319 320 323 328 333 340 345 346 348 353 359 4 6 5 1 356 353 353 355 355 352 348 345 345 347 348
351 350 349 347 345 344 346 349 351 353 354 356 359 2 6 10 10 6 2 359 355 353 353 354 354 353 351 350 349 347 346 346 348 352 355 353 349 351 357 4 9 9 6 359 353 349 344 341 339 341 343 348 353 357 359 359 357 355 355 356 356 354 345 332 323 320 318 316 316 316 313 310 310 314 320 327 334 337 341 346 352 359 5 7 6 1 356 352 353 353 351 348 345 346 347 346
336 340 346 348 348 347 349 351 352 353 354 356 359 2 6 9 7 4 1 358 354 351 349 348 348 348 348 347 348 348 349 352 355 358 358 354 352 357 5 8 7 3 357 352 349 346 342 339 338 339 343 347 351 356 359 0 1 2 3 5 5 1 351 342 335 331 329 327 325 321 315 309 305 304 307 314 319 325 331 337 343 351 1 8 9 5 358 354 353 353 351 348 345 345 344 344
324 329 341 347 350 351 352 352 352 352 354 355 358 1 4 5 4 2 2 359 355 351 348 345 344 343 344 346 348 352 356 2 6 5 1 357 358 2 3 1 359 355 351 348 345 343 342 340 340 341 343 346 350 354 357 360 3 7 10 11 8 1 352 346 342 339 336 335 333 328 323 317 311 306 304 307 307 309 316 325 332 341 353 3 7 6 2 357 354 353 352 349 346 344 343 343
318 322 334 344 350 354 355 354 353 353 353 355 357 359 0 1 1 1 1 359 355 351 348 345 343 342 344 347 352 359 8 14 13 8 2 359 358 359 358 355 352 350 347 344 342 341 342 343 344 345 344 345 347 351 354 358 4 9 11 10 5 358 353 349 346 344 342 342 340 337 334 331 324 317 312 310 307 305 308 314 322 332 342 353 2 6 5 0 356 353 352 350 346 344 344 343
315 319 329 339 348 355 358 357 356 354 354 356 358 358 358 359 358 359 358 356 352 348 346 345 344 345 347 352 1 12 19 17 10 4 1 359 356 356 355 353 349 345 342 340 339 339 342 346 349 351 348 344 343 346 350 357 4 8 8 4 359 355 353 352 352 351 350 348 346 345 345 343 336 328 324 321 316 312 313 315 318 324 332 342 353 3 6 4 358 354 352 349 346 344 344 344
316 318 325 333 342 351 357 359 358 357 357 358 358 359 359 359 358 356 354 351 348 346 345 346 347 349 353 1 13 18 16 8 3 360 359 358 356 354 354 352 348 343 339 336 336 338 342 348 354 357 354 347 342 342 347 356 2 3 2 358 353 351 352 354 357 358 356 353 352 353 354 351 345 338 335 332 327 323 323 324 323 323 325 332 342 355 3 5 2 356 352 349 346 344 345 345
321 321 325 330 337 346 354 359 0 359 359 358 358 359 0 0 359 354 350 346 345 346 348 350 352 356 2 11 15 11 3 359 358 357 357 356 355 354 353 351 348 342 337 334 334 337 342 348 355 358 357 352 345 342 346 353 358 358 357 351 347 346 350 355 360 1 1 359 358 358 359 357 353 348 344 340 335 333 333 334 333 328 324 324 331 342 355 2 4 0 355 350 346 345 346 347
324 326 330 333 336 341 349 357 1 2 1 359 357 358 0 1 358 353 347 345 346 350 356 0 4 8 12 11 4 357 353 353 354 355 355 354 354 353 352 350 347 342 337 335 335 337 341 346 352 356 358 355 350 346 347 351 354 354 352 346 343 342 346 352 358 1 2 2 2 1 0 0 359 357 352 347 343 342 343 343 341 335 328 322 321 327 340 353 1 3 359 354 349 347 348 350
322 325 333 336 337 338 345 354 1 4 4 2 360 359 0 1 357 352 349 350 355 3 12 18 19 15 9 358 348 343 344 346 349 351 352 352 352 352 351 348 344 340 338 337 339 340 341 343 347 351 355 356 353 350 350 351 352 352 349 342 339 339 342 347 352 356 359 1 2 1 1 2 3 2 358 354 351 350 351 350 346 342 336 327 319 317 322 335 350 359 0 357 353 350 350 351
318 320 327 332 335 336 341 349 358 4 6 5 3 2 2 1 357 354 355 2 10 22 24 20 15 7 359 351 341 335 334 337 340 343 346 348 350 350 348 345 341 338 337 338 342 343 343 342 342 346 351 354 354 354 354 353 352 351 346 339 336 335 338 342 346 349 352 356 359 360 1 3 4 3 2 1 1 360 357 354 351 348 343 334 326 320 318 321 331 345 354 356 356 353 350 350
322 320 320 323 328 331 335 343 353 1 6 8 7 6 5 3 360 359 4 16 18 15 15 13 8 2 357 352 346 340 336 336 336 337 340 343 345 346 344 342 338 336 335 336 339 341 340 337 336 339 345 350 353 356 357 357 354 351 345 338 334 331 333 335 338 342 347 352 355 357 358 0 2 2 4 7 9 8 2 358 357 356 349 339 333 330 327 323 323 328 338 348 353 353 349 347
335 330 324 324 326 328 330 335 344 355 4 9 10 9 7 6 4 5 13 16 11 11 10 8 5 1 358 355 351 347 344 343 342 340 339 339 341 342 341 339 337 336 335 335 334 332 330 329 329 332 338 345 351 357 360 358 356 352 346 341 336 332 332 331 333 336 342 349 352 353 354 355 357 359 4 10 12 11 8 4 3 0 352 344 340 339 339 337 333 330 332 337 345 348 346 345
341 337 334 334 335 336 335 334 338 347 358 7 11 12 10 9 8 7 7 9 7 6 6 5 3 2 360 358 355 352 348 348 348 347 343 340 339 340 339 339 339 339 340 340 336 331 329 329 329 331 335 341 349 357 0 359 356 352 347 343 340 336 334 332 331 332 337 344 347 349 352 353 352 355 0 6 10 11 11 9 6 1 354 348 346 347 347 347 343 339 337 338 341 344 345 344
338 338 338 341 343 345 344 341 341 344 352 1 9 13 13 12 9 5 7 2 1 1 1 1 2 1 1 1 360 357 353 350 349 349 347 344 341 340 340 340 343 346 348 346 340 336 335 335 336 336 337 339 347 356 0 359 356 352 348 344 342 340 339 336 333 331 333 338 341 344 348 351 349 351 355 358 3 8 10 9 6 2 357 354 353 355 355 352 346 342 340 340 341 344 346 346
333 335 340 344 347 350 349 348 347 347 349 355 4 12 15 14 9 1 358 356 355 355 356 358 359 0 1 2 3 1 358 354 349 347 346 345 343 341 340 341 345 351 354 351 345 341 340 341 342 342 341 340 345 354 360 359 356 352 347 344 343 343 344 343 339 335 333 334 336 339 344 348 346 347 350 352 356 2 5 5 4 3 2 1 2 3 1 354 347 342 341 340 341 345 348 349
328 331 340 346 349 351 352 352 353 352 349 351 358 7 14 14 8 5 353 351 350 351 352 354 356 358 360 2 3 4 2 358 352 347 344 343 343 342 340 340 344 350 355 354 350 346 345 345 345 344 342 340 342 351 359 359 355 351 346 343 343 345 348 349 346 342 336 333 331 334 340 344 343 343 345 347 350 354 357 359 1 4 7 10 11 7 359 352 348 347 346 345 345 347 351 353
325 328 339 347 349 350 352 354 356 353 350 350 355 3 11 11 11 359 357 348 348 348 349 351 353 354 356 359 2 4 4 1 355 349 344 342 342 343 342 340 341 346 353 356 355 352 350 349 347 345 342 340 341 349 357 357 353 350 347 344 343 344 347 348 348 345 339 333 327 327 334 340 339 338 340 343 345 347 349 352 357 3 10 14 14 5 355 350 350 351 352 352 352 353 356 358
324 328 339 347 349 349 351 354 355 353 351 352 357 4 9 16 8 359 355 352 349 348 348 348 349 350 352 355 358 2 3 1 356 350 344 342 342 344 344 343 342 344 350 355 358 357 355 354 352 350 346 343 343 349 355 355 351 349 348 348 347 345 344 343 342 340 337 333 327 323 326 332 333 332 336 340 342 341 342 347 353 359 7 12 10 2 354 350 352 354 355 357 359 1 2 2
329 332 341 347 349 350 351 354 354 352 352 354 0 7 8 4 2 1 359 357 352 349 348 347 347 347 349 351 354 358 360 358 354 348 344 342 342 343 345 346 347 346 349 354 358 359 357 355 355 354 353 350 348 350 354 354 349 348 351 353 352 350 346 341 338 337 335 333 329 324 322 324 325 326 330 337 340 337 337 343 351 356 0 5 4 359 355 353 353 355 358 0 4 7 8 7
333 336 343 348 350 351 352 353 352 351 352 357 4 9 7 3 1 1 0 357 353 350 348 348 348 348 349 350 351 353 355 353 349 347 346 343 341 341 344 348 351 350 350 354 358 359 357 354 354 356 357 357 355 354 354 354 351 350 353 356 356 354 350 345 342 341 339 335 331 329 326 322 317 315 319 327 331 329 331 340 350 353 353 355 357 357 357 356 356 358 0 3 6 9 13 12
335 338 344 348 350 351 352 351 351 352 354 0 7 17 5 2 1 360 358 355 352 350 349 349 349 349 350 350 350 350 349 347 345 346 347 347 343 340 342 347 353 355 354 355 358 358 356 353 352 354 356 358 358 356 355 353 353 354 355 357 358 357 352 348 347 346 343 339 336 335 332 324 313 305 305 311 316 317 321 332 344 348 347 348 351 355 357 358 358 359 3 6 9 13 16 14
