project/data/elevation/US_DEM2016/US_DEM2016_point_10-27-2019_2337_30m_vel.asc
ncols	125
nrows	167
xllcorner	-2042055.000000
yllcorner	1465035.000000
cellsize	30.000000
NODATA_value	-9999.000000
[rows 114 to 151 of 167, columns 0 to 83 of 125]
6.05 5.98 5.95 5.95 5.99 6.09 6.06 5.77 5.39 5.00 4.65 4.35 4.20 4.24 4.47 4.78 5.13 5.53 5.89 6.19 6.41 6.36 6.02 5.90 6.29 6.85 7.42 7.84 7.95 7.79 7.59 7.12 6.30 5.63 5.45 5.59 5.85 6.12 6.29 6.38 6.53 6.71 6.80 6.74 6.45 6.19 6.21 6.27 6.31 6.57 6.93 7.12 7.16 6.87 6.22 5.71 5.57 5.69 5.84 5.93 5.90 5.78 5.71 5.72 5.79 5.92 6.13 6.26 6.22 6.10 5.99 5.90 5.84 5.78 5.71 5.70 5.75 5.87 6.23 6.69 6.56 5.81 5.16 4.78
6.17 6.14 6.09 6.00 5.86 5.69 5.42 5.13 4.84 4.56 4.30 4.13 4.01 4.17 4.64 5.26 5.80 6.26 6.64 6.84 6.79 6.53 5.83 5.26 5.39 5.89 6.57 7.24 7.57 7.67 7.87 8.00 7.67 6.75 5.82 5.51 5.79 6.22 6.49 6.60 6.69 6.77 6.81 6.76 6.49 5.98 5.66 5.69 5.88 6.24 6.86 7.35 7.62 7.55 6.94 6.01 5.35 5.15 5.22 5.42 5.62 5.75 5.86 6.00 6.11 6.14 6.19 6.27 6.23 6.07 5.98 5.95 5.93 5.85 5.73 5.70 5.82 6.02 6.36 6.80 6.70 5.96 5.29 4.80
6.22 6.24 6.19 6.04 5.78 5.41 5.05 4.90 5.01 5.17 5.27 5.24 5.29 5.57 6.04 6.57 6.98 7.14 7.08 6.90 6.80 6.77 6.19 5.07 4.59 4.76 5.54 6.48 6.97 7.03 7.18 7.69 8.09 7.91 7.19 6.66 6.54 6.64 6.70 6.66 6.59 6.53 6.55 6.68 6.70 6.31 5.64 5.34 5.52 5.94 6.53 7.24 7.81 8.09 7.95 7.42 6.68 6.00 5.54 5.45 5.54 5.62 5.68 5.83 6.05 6.18 6.27 6.37 6.29 6.00 5.79 5.78 5.82 5.83 5.79 5.80 5.92 6.13 6.53 7.08 7.19 6.61 6.08 5.77
6.16 6.16 6.12 5.98 5.74 5.40 5.12 5.10 5.37 5.76 6.16 6.52 6.86 7.15 7.33 7.36 7.28 7.07 6.76 6.46 6.50 6.91 6.91 6.00 4.87 4.52 4.89 5.80 6.46 6.41 6.10 6.38 7.24 7.90 7.93 7.56 7.10 6.72 6.45 6.25 6.13 6.12 6.21 6.50 6.85 6.84 6.14 5.34 5.24 5.56 5.99 6.60 7.34 7.95 8.21 8.14 7.86 7.43 6.81 6.22 5.92 5.72 5.56 5.51 5.64 5.88 6.11 6.33 6.35 6.05 5.73 5.61 5.64 5.74 5.83 5.93 6.07 6.26 6.65 7.26 7.63 7.49 7.15 6.97
6.06 6.01 5.95 5.87 5.76 5.59 5.45 5.43 5.52 5.75 6.19 6.74 7.18 7.36 7.29 6.99 6.55 6.19 6.02 5.91 6.03 6.54 7.04 6.84 5.98 5.20 5.03 5.46 6.23 6.33 5.67 5.28 5.72 6.74 7.35 7.32 6.90 6.44 6.14 5.95 5.87 5.91 6.02 6.26 6.68 7.05 6.72 5.64 5.06 5.05 5.36 5.84 6.49 7.22 7.74 7.89 7.84 7.76 7.54 7.04 6.46 5.99 5.60 5.31 5.21 5.36 5.62 6.02 6.30 6.25 6.02 5.83 5.74 5.78 5.89 6.03 6.19 6.38 6.72 7.23 7.63 7.73 7.58 7.37
5.98 5.90 5.82 5.80 5.79 5.75 5.70 5.67 5.70 5.85 6.17 6.50 6.65 6.57 6.36 6.12 5.90 5.70 5.56 5.49 5.51 5.79 6.33 6.62 6.30 5.68 5.34 5.53 6.26 6.69 6.32 5.41 5.01 5.39 6.19 6.59 6.51 6.26 6.12 6.03 5.96 5.92 5.91 6.02 6.38 6.94 7.05 6.25 5.23 4.84 4.93 5.34 5.89 6.58 7.23 7.49 7.39 7.25 7.22 7.10 6.72 6.21 5.73 5.34 5.08 5.10 5.40 5.89 6.31 6.46 6.40 6.26 6.08 5.94 5.90 5.96 6.08 6.25 6.52 6.91 7.25 7.29 7.07 6.82
5.96 5.86 5.78 5.78 5.79 5.81 5.85 5.89 5.98 6.14 6.27 6.28 6.12 5.91 5.75 5.70 5.68 5.58 5.44 5.31 5.21 5.30 5.66 6.05 5.99 5.57 5.37 5.56 6.20 6.86 6.98 6.34 5.40 5.01 5.28 5.82 6.05 6.06 6.09 6.10 6.05 5.97 5.88 5.88 6.11 6.60 7.03 6.68 5.65 4.93 4.77 5.08 5.59 6.19 6.85 7.25 7.17 6.83 6.62 6.60 6.51 6.23 5.90 5.63 5.49 5.59 5.87 6.18 6.42 6.51 6.48 6.43 6.29 6.07 5.86 5.75 5.77 5.92 6.19 6.57 6.92 6.92 6.61 6.32
6.05 5.93 5.81 5.77 5.76 5.80 5.92 6.11 6.30 6.39 6.28 6.09 5.90 5.80 5.77 5.76 5.69 5.59 5.56 5.56 5.60 5.70 5.89 6.04 5.92 5.56 5.34 5.45 5.92 6.61 7.07 6.96 6.33 5.62 5.30 5.43 5.67 5.80 5.87 5.93 5.95 5.94 5.88 5.83 5.85 6.12 6.66 6.68 5.88 5.00 4.66 4.80 5.19 5.64 6.22 6.82 7.04 6.79 6.42 6.24 6.22 6.16 6.07 6.06 6.12 6.23 6.35 6.47 6.54 6.50 6.37 6.30 6.27 6.14 5.93 5.75 5.69 5.81 6.08 6.42 6.75 6.76 6.46 6.24
6.14 6.00 5.79 5.71 5.72 5.75 5.86 6.14 6.47 6.50 6.28 5.98 5.79 5.72 5.74 5.74 5.70 5.73 5.87 6.07 6.21 6.27 6.33 6.34 6.13 5.69 5.33 5.25 5.55 6.25 6.84 7.01 6.73 6.25 5.87 5.70 5.72 5.72 5.67 5.70 5.71 5.69 5.64 5.57 5.45 5.61 6.20 6.50 6.00 5.07 4.45 4.24 4.37 4.76 5.34 6.08 6.65 6.75 6.51 6.28 6.19 6.15 6.13 6.12 6.12 6.16 6.25 6.44 6.63 6.67 6.51 6.32 6.24 6.15 5.99 5.87 5.81 5.81 5.93 6.24 6.54 6.50 6.15 5.94
6.11 5.92 5.64 5.57 5.63 5.69 5.73 5.85 6.05 6.13 6.02 5.78 5.51 5.35 5.33 5.46 5.69 5.87 5.96 5.98 5.98 6.02 6.19 6.42 6.44 6.12 5.54 5.16 5.25 5.85 6.51 6.78 6.59 6.27 6.13 6.10 6.03 5.84 5.82 5.55 5.41 5.20 5.10 5.07 4.99 5.14 5.73 6.28 6.10 5.28 4.43 3.85 3.63 3.84 4.42 5.21 5.98 6.38 6.37 6.23 6.16 6.13 6.09 5.98 5.86 5.87 6.04 6.30 6.57 6.76 6.75 6.54 6.32 6.12 5.88 5.74 5.61 5.50 5.54 5.94 6.35 6.31 5.89 5.50
6.17 5.97 5.69 5.58 5.58 5.61 5.55 5.44 5.33 5.32 5.40 5.38 5.17 4.95 4.95 5.25 5.54 5.64 5.48 5.25 5.21 5.44 5.82 6.21 6.47 6.49 6.11 5.50 5.23 5.52 6.23 6.66 6.56 6.20 6.02 6.00 5.97 5.81 5.54 5.33 5.05 4.84 4.89 5.01 5.03 5.10 5.49 6.08 6.17 5.67 4.98 4.39 3.92 3.72 3.91 4.53 5.35 5.89 6.03 6.01 6.05 6.09 6.14 6.19 6.19 6.19 6.23 6.32 6.43 6.54 6.65 6.61 6.38 6.04 5.74 5.52 5.35 5.28 5.43 5.89 6.36 6.36 5.86 5.24
6.38 6.33 6.11 5.81 5.59 5.46 5.33 5.11 4.89 4.83 5.31 5.16 5.11 4.92 4.90 5.01 5.06 5.04 4.89 4.73 4.81 5.17 5.62 6.01 6.31 6.52 6.49 6.08 5.60 5.52 6.05 6.63 6.67 6.23 5.75 5.50 5.46 5.42 5.27 5.05 4.90 5.03 5.40 5.74 5.90 5.86 5.94 6.24 6.35 6.08 5.61 5.16 4.78 4.45 4.29 4.47 5.03 5.67 5.95 6.01 6.03 6.06 6.15 6.34 6.41 6.37 6.28 6.30 6.36 6.35 6.37 6.44 6.32 6.02 5.72 5.44 5.27 5.22 5.42 5.92 6.45 6.53 6.02 5.38
6.39 6.42 6.28 5.87 5.49 5.28 5.14 4.95 4.78 4.77 4.92 5.09 5.12 4.96 4.72 4.52 4.47 4.58 4.70 4.78 4.96 5.26 5.59 5.90 6.14 6.29 6.38 6.29 5.95 5.71 5.95 6.54 6.76 6.33 5.61 5.20 5.14 5.21 5.21 5.15 5.27 5.68 6.11 6.41 6.63 6.76 6.84 6.90 6.80 6.47 5.97 5.46 5.12 4.94 4.80 4.74 5.02 5.62 6.01 6.08 5.97 5.93 5.93 5.95 5.92 5.87 5.88 6.07 6.34 6.45 6.39 6.36 6.24 6.02 5.79 5.52 5.23 4.98 4.98 5.48 6.31 6.70 6.39 5.85
6.12 6.02 5.75 5.47 5.22 5.09 5.03 4.93 4.79 4.70 5.14 4.73 4.92 4.90 4.64 4.42 4.49 4.74 5.06 5.42 5.69 5.83 5.84 5.80 5.76 5.80 5.92 6.00 5.88 5.71 5.85 6.40 6.85 6.71 6.07 5.57 5.45 5.49 5.52 5.58 5.77 6.01 6.19 6.36 6.64 7.01 7.36 7.59 7.52 7.12 6.58 6.01 5.50 5.18 5.04 4.96 5.07 5.47 5.90 6.00 5.83 5.71 5.60 5.47 5.43 5.51 5.67 5.95 6.31 6.55 6.56 6.40 6.21 6.00 5.85 5.76 5.60 5.26 4.94 5.11 5.96 6.67 6.69 6.28
5.99 5.61 5.16 5.01 4.94 4.95 4.99 4.95 4.78 5.32 4.42 4.50 4.82 5.11 5.17 5.18 5.36 5.68 6.02 6.29 6.44 6.41 6.20 5.90 5.58 5.46 5.53 5.60 5.58 5.52 5.62 6.12 6.78 7.01 6.70 6.26 6.01 5.87 5.77 5.72 5.71 5.73 5.90 6.17 6.53 6.94 7.42 7.92 8.20 8.03 7.51 6.93 6.34 5.80 5.43 5.22 5.10 5.21 5.59 5.85 5.73 5.59 5.46 5.36 5.38 5.58 5.78 5.98 6.17 6.35 6.39 6.31 6.16 5.99 5.85 5.86 6.00 6.06 5.83 5.61 5.92 6.46 6.62 6.36
6.35 5.89 5.32 5.20 5.16 5.09 5.04 5.00 4.88 5.36 4.60 4.75 5.11 5.56 5.91 6.16 6.42 6.60 6.63 6.55 6.40 6.30 6.31 6.19 5.79 5.50 5.45 5.50 5.50 5.45 5.48 5.81 6.48 6.94 6.86 6.47 6.10 5.86 5.70 5.56 5.46 5.53 5.77 6.07 6.43 6.79 7.18 7.69 8.23 8.41 8.07 7.44 6.79 6.25 5.87 5.59 5.31 5.12 5.32 5.66 5.73 5.64 5.58 5.57 5.62 5.75 5.82 5.83 5.86 5.91 5.98 6.04 6.04 6.04 5.98 5.83 5.82 6.13 6.40 6.40 6.37 6.47 6.50 6.36
6.74 6.46 6.07 6.00 5.92 5.64 5.28 5.11 5.06 4.98 4.94 5.09 5.43 5.87 6.23 6.45 6.54 6.50 6.35 6.07 5.73 5.60 5.90 6.12 5.91 5.62 5.58 5.69 5.77 5.76 5.71 5.83 6.29 6.80 6.84 6.37 5.86 5.59 5.54 5.54 5.57 5.70 5.91 6.09 6.25 6.40 6.60 6.95 7.51 8.00 7.99 7.50 6.94 6.50 6.18 5.94 5.70 5.46 5.38 5.58 5.77 5.78 5.77 5.80 5.83 5.79 5.71 5.67 5.66 5.72 5.84 5.95 6.00 6.06 6.18 6.11 5.86 5.74 5.99 6.39 6.67 6.86 6.96 6.99
6.83 6.68 6.47 6.37 6.29 6.10 5.69 5.32 5.17 5.16 5.16 5.24 5.46 5.75 6.00 6.05 5.95 5.81 5.68 5.44 5.12 5.04 5.38 5.80 5.83 5.68 5.70 5.87 6.02 6.10 6.19 6.32 6.58 6.96 7.14 6.82 6.20 5.72 5.57 5.70 5.91 6.15 6.26 6.21 6.06 5.92 5.90 6.14 6.70 7.42 7.75 7.53 7.14 6.76 6.40 6.17 6.00 5.85 5.71 5.72 5.82 5.88 5.92 5.96 5.92 5.74 5.60 5.60 5.71 5.85 5.99 6.10 6.13 6.09 6.12 6.24 6.26 6.04 5.85 6.03 6.58 7.17 7.58 7.76
6.76 6.67 6.49 6.29 6.19 6.26 6.17 5.79 5.43 5.33 5.29 5.22 5.21 5.29 5.41 5.51 5.52 5.41 5.28 5.17 5.05 5.08 5.39 5.74 5.83 5.70 5.68 5.82 5.99 6.15 6.37 6.66 6.96 7.29 7.57 7.49 6.96 6.27 5.80 5.81 6.05 6.26 6.27 6.11 5.86 5.64 5.54 5.70 6.20 6.97 7.54 7.56 7.29 6.95 6.60 6.36 6.19 6.07 5.96 5.86 5.86 5.91 5.96 5.99 5.96 5.78 5.58 5.59 5.77 5.98 6.14 6.20 6.23 6.21 6.09 6.05 6.25 6.48 6.49 6.43 6.64 7.09 7.46 7.58
6.70 6.76 6.76 6.58 6.41 6.39 6.49 6.41 6.06 5.70 5.45 5.19 4.92 4.82 4.98 5.24 5.39 5.39 5.41 5.51 5.65 5.76 5.87 6.01 6.01 5.81 5.67 5.73 5.90 6.04 6.18 6.41 6.79 7.26 7.70 7.90 7.71 7.13 6.39 5.99 5.95 5.98 6.00 5.96 5.80 5.64 5.58 5.68 6.03 6.66 7.28 7.56 7.51 7.23 6.89 6.60 6.35 6.16 6.00 5.89 5.83 5.80 5.81 5.86 5.94 5.92 5.81 5.81 5.94 6.13 6.29 6.30 6.24 6.20 6.18 6.14 6.19 6.46 6.85 7.01 6.96 6.85 6.78 6.78
6.65 6.88 7.18 7.13 6.85 6.52 6.50 6.63 6.52 6.08 5.61 5.23 4.90 4.73 4.83 5.07 5.27 5.47 5.73 6.03 6.23 6.28 6.27 6.29 6.27 6.06 5.80 5.74 5.85 5.99 6.05 6.09 6.30 6.81 7.46 7.98 8.22 8.06 7.43 6.59 6.10 5.87 5.87 5.87 5.76 5.67 5.68 5.82 6.10 6.55 7.07 7.52 7.72 7.59 7.24 6.86 6.52 6.23 6.00 5.91 5.83 6.01 5.66 5.72 5.90 6.04 6.09 6.17 6.29 6.41 6.52 6.53 6.39 6.18 6.15 6.30 6.46 6.64 6.99 7.34 7.35 7.00 6.52 6.25
6.41 6.61 6.98 7.16 7.06 6.66 6.38 6.36 6.38 6.13 5.71 5.37 5.13 4.93 4.82 4.84 5.08 5.47 5.87 6.13 6.23 6.27 6.33 6.41 6.43 6.26 5.93 5.72 5.71 5.84 5.98 6.05 6.15 6.47 7.03 7.60 8.07 8.32 8.16 7.50 6.62 5.98 5.62 5.51 5.49 5.53 5.67 5.86 6.12 6.47 6.90 7.37 7.73 7.78 7.53 7.13 6.73 6.36 6.07 5.99 5.96 5.89 5.77 5.74 5.92 6.16 6.30 6.42 6.57 6.70 6.80 6.86 6.78 6.54 6.30 6.33 6.68 7.10 7.43 7.68 7.82 7.65 7.05 6.43
6.07 6.03 6.05 6.30 6.52 6.43 6.13 5.97 6.07 6.10 5.96 5.81 5.69 5.47 5.16 4.93 5.01 5.30 5.56 5.75 5.92 6.11 6.29 6.45 6.51 6.37 5.99 5.62 5.48 5.54 5.70 5.92 6.11 6.28 6.49 6.83 7.22 7.63 7.85 7.64 6.87 5.97 5.31 5.10 5.21 5.36 5.53 5.72 6.01 6.37 6.73 7.11 7.49 7.72 7.66 7.37 6.96 6.54 6.18 6.07 6.09 6.09 5.99 5.90 5.96 6.19 6.38 6.51 6.68 6.88 7.11 7.32 7.38 7.29 7.06 6.91 7.01 7.30 7.54 7.73 8.07 8.30 8.00 7.29
5.92 5.64 5.16 4.99 5.17 5.40 5.49 5.59 5.90 6.25 6.42 6.47 6.44 6.22 5.79 5.35 5.11 5.07 5.11 5.26 5.57 5.90 6.19 6.42 6.54 6.51 6.21 5.69 5.30 5.18 5.21 5.38 5.60 5.77 5.85 6.00 6.26 6.54 6.77 6.77 6.43 5.84 5.30 5.10 5.20 5.35 5.47 5.66 5.98 6.31 6.59 6.86 7.17 7.48 7.62 7.51 7.20 6.79 6.40 6.23 6.22 6.24 6.18 6.08 6.04 6.16 6.35 6.55 6.75 7.00 7.34 7.72 8.04 8.23 8.26 8.11 7.83 7.57 7.40 7.47 7.98 8.66 8.94 8.64
6.06 5.62 4.83 4.40 4.29 4.47 4.79 5.12 5.56 6.10 6.48 6.59 6.53 6.35 6.04 5.63 5.27 5.08 5.09 5.27 5.51 5.75 6.00 6.29 6.53 6.66 6.55 6.10 5.47 5.06 4.89 4.85 4.91 5.07 5.25 5.39 5.52 5.71 5.86 5.94 5.91 5.73 5.49 5.38 5.49 5.67 5.84 6.04 6.23 6.37 6.55 6.75 6.99 7.28 7.51 7.56 7.43 7.19 6.94 6.75 6.58 6.45 6.33 6.24 6.23 6.27 6.37 6.56 6.80 7.11 7.49 7.92 8.38 8.73 8.90 8.80 8.41 7.87 7.39 7.33 7.82 8.69 9.42 9.66
6.46 5.97 5.10 4.65 4.53 4.61 4.78 4.94 5.13 5.49 5.91 6.09 6.03 5.93 5.82 5.65 5.43 5.30 5.36 5.54 5.70 5.85 5.99 6.21 6.46 6.66 6.75 6.62 6.17 5.55 5.10 4.86 4.77 4.80 4.93 5.03 5.07 5.21 5.41 5.59 5.69 5.71 5.70 5.78 5.95 6.16 6.38 6.47 6.45 6.46 6.56 6.71 6.91 7.16 7.39 7.52 7.55 7.49 7.39 7.22 6.91 6.57 6.34 6.29 6.39 6.48 6.48 6.54 6.78 7.16 7.54 7.84 8.11 8.31 8.40 8.35 8.12 7.72 7.30 7.16 7.47 8.21 9.07 9.65
6.98 6.60 6.01 5.75 5.67 5.58 5.39 5.18 5.06 5.10 5.29 5.51 5.58 5.57 5.58 5.58 5.53 5.48 5.52 5.67 5.83 6.01 6.12 6.24 6.37 6.53 6.69 6.79 6.69 6.29 5.67 5.22 4.95 4.79 4.78 4.87 4.91 5.01 5.23 5.46 5.64 5.78 5.92 6.09 6.25 6.38 6.45 6.39 6.32 6.36 6.47 6.56 6.72 6.94 7.16 7.29 7.35 7.31 7.17 6.91 6.62 6.39 6.22 6.19 6.32 6.48 6.52 6.50 6.62 6.93 7.22 7.32 7.29 7.23 7.20 7.22 7.28 7.22 6.99 6.79 6.80 7.24 8.05 8.78
7.20 7.08 6.90 6.84 6.86 6.73 6.27 5.85 5.54 5.31 5.13 5.11 5.25 5.39 5.50 5.59 5.63 5.63 5.68 5.81 5.97 6.12 6.19 6.25 6.30 6.36 6.47 6.62 6.70 6.58 6.16 5.62 5.20 4.91 4.80 4.90 5.04 5.13 5.25 5.45 5.71 6.02 6.27 6.39 6.40 6.34 6.24 6.09 6.04 6.15 6.27 6.31 6.38 6.60 6.86 6.97 6.92 6.82 6.62 6.32 6.17 6.11 6.07 6.07 6.13 6.27 6.37 6.38 6.40 6.49 6.56 6.46 6.32 6.23 6.21 6.33 6.59 6.79 6.68 6.43 6.33 6.54 7.08 7.76
6.99 7.05 7.06 6.97 7.01 7.15 7.13 6.79 6.31 5.79 5.35 5.14 5.18 5.36 5.57 5.73 5.82 5.87 5.91 5.94 5.97 6.00 6.03 6.11 6.16 6.18 6.22 6.31 6.42 6.44 6.26 5.89 5.52 5.24 5.11 5.16 5.30 5.38 5.43 5.63 6.01 6.37 6.55 6.54 6.40 6.23 6.09 5.96 5.92 6.02 6.13 6.15 6.13 6.36 6.66 6.75 6.58 6.35 6.12 5.92 5.84 5.87 5.90 5.90 5.91 6.00 6.11 6.20 6.28 6.30 6.19 5.99 5.89 5.92 6.00 6.18 6.51 6.77 6.70 6.41 6.29 6.39 6.69 7.25
6.69 6.78 6.82 6.61 6.44 6.55 6.89 6.96 6.65 6.13 5.69 5.45 5.42 5.53 5.72 5.92 6.06 6.10 6.05 5.91 5.75 5.68 5.76 5.92 6.04 6.05 6.01 5.97 6.05 6.19 6.18 6.00 5.80 5.63 5.53 5.57 5.70 5.76 5.80 6.02 6.30 6.42 6.36 6.24 6.12 6.05 6.02 5.97 5.94 5.99 6.10 6.13 6.15 6.31 6.56 6.70 6.53 6.11 5.75 5.57 5.52 5.59 5.67 5.67 5.69 5.81 5.94 6.05 6.16 6.25 6.25 6.16 6.09 6.10 6.16 6.31 6.65 6.99 7.07 6.80 6.52 6.47 6.64 7.16
6.53 6.61 6.73 6.63 6.24 5.85 5.86 6.14 6.28 6.15 5.88 5.69 5.64 5.69 5.79 5.95 6.09 6.09 5.94 5.69 5.48 5.40 5.51 5.76 5.99 6.10 6.07 5.97 6.02 6.18 6.24 6.13 5.97 5.87 5.86 5.96 6.17 6.30 6.28 6.24 6.16 6.01 5.89 5.82 5.83 5.90 6.00 6.03 5.99 6.01 6.07 6.14 6.15 6.24 6.50 6.77 6.82 6.53 6.09 5.75 5.54 5.45 5.47 5.52 5.61 5.77 5.90 5.97 5.98 6.01 6.16 6.30 6.29 6.23 6.21 6.29 6.63 7.11 7.38 7.23 6.82 6.56 6.62 7.04
6.47 6.53 6.59 6.52 6.21 5.61 5.18 5.19 5.49 5.72 5.73 5.67 5.66 5.69 5.72 5.76 5.79 5.71 5.51 5.28 5.12 5.10 5.24 5.55 5.92 6.22 6.35 6.31 6.31 6.40 6.43 6.28 6.07 5.99 6.00 6.12 6.35 6.51 6.40 6.07 5.73 5.58 5.63 5.73 5.81 5.85 5.92 6.01 6.04 6.02 6.04 6.04 5.99 6.07 6.41 6.82 7.14 7.18 6.90 6.55 6.13 5.66 5.46 5.47 5.59 5.74 5.89 5.96 5.95 5.95 6.09 6.31 6.40 6.43 6.46 6.55 6.75 7.06 7.37 7.36 6.96 6.62 6.57 6.77
6.42 6.46 6.30 5.83 5.41 5.05 4.77 4.71 4.90 5.18 5.39 5.51 5.59 5.63 5.63 5.57 5.46 5.36 5.25 5.14 5.09 5.14 5.30 5.54 5.80 6.15 6.41 6.45 6.38 6.40 6.49 6.41 6.21 6.08 6.05 6.11 6.24 6.33 6.25 5.94 5.60 5.45 5.59 5.80 5.89 5.84 5.78 5.83 5.95 6.01 5.97 5.90 5.86 6.00 6.34 6.76 7.17 7.44 7.46 7.29 6.90 6.22 5.68 5.52 5.59 5.73 5.89 6.03 6.16 6.28 6.37 6.45 6.59 6.78 6.98 7.03 6.96 6.95 7.18 7.34 7.07 6.70 6.54 6.50
6.24 6.40 6.36 5.61 4.80 4.55 4.55 4.61 4.78 5.07 5.33 5.48 5.54 5.58 5.60 5.58 5.53 5.58 5.73 5.81 5.79 5.79 5.79 5.73 5.68 5.81 6.07 6.18 6.02 5.94 6.17 6.34 6.28 6.16 6.11 6.12 6.20 6.32 6.38 6.26 5.91 5.58 5.54 5.71 5.81 5.77 5.66 5.63 5.72 5.80 5.80 5.81 5.86 6.01 6.27 6.62 7.00 7.31 7.50 7.53 7.40 6.92 6.22 5.84 5.78 5.82 5.90 6.03 6.21 6.34 6.39 6.45 6.62 6.88 7.08 7.07 6.88 6.67 6.80 7.16 7.18 6.79 6.45 6.33
6.17 6.44 6.82 6.48 5.66 5.09 4.87 4.74 4.74 4.98 5.28 5.44 5.49 5.54 5.63 5.74 5.88 6.08 6.29 6.36 6.22 6.00 5.87 5.74 5.57 5.46 5.56 5.66 5.49 5.34 5.55 5.93 6.15 6.19 6.19 6.21 6.32 6.52 6.70 6.72 6.42 5.88 5.48 5.42 5.52 5.61 5.59 5.54 5.56 5.58 5.63 5.76 5.89 5.98 6.13 6.41 6.76 7.06 7.27 7.41 7.51 7.40 6.92 6.35 6.02 5.89 5.83 5.81 5.84 5.90 6.03 6.30 6.62 6.77 6.72 6.60 6.45 6.24 6.23 6.59 6.87 6.61 6.09 6.01
6.22 6.54 7.14 7.16 6.56 5.91 5.44 5.11 4.90 4.89 5.04 5.24 5.39 5.53 5.70 5.91 6.13 6.26 6.27 6.20 6.06 5.83 5.70 5.69 5.60 5.38 5.22 5.22 5.16 5.05 5.15 5.52 5.93 6.17 6.28 6.35 6.46 6.62 6.76 6.84 6.71 6.23 5.60 5.21 5.18 5.39 5.57 5.58 5.55 5.59 5.66 5.77 5.85 5.87 5.94 6.13 6.44 6.75 7.00 7.17 7.33 7.41 7.18 6.60 6.07 5.82 5.69 5.57 5.51 5.61 5.91 6.31 6.55 6.44 6.18 6.05 6.05 5.95 5.83 5.94 6.28 6.27 5.73 5.48
6.25 6.52 7.12 7.38 6.95 6.30 5.99 5.86 5.68 5.34 5.09 5.09 5.27 5.49 5.73 5.96 6.14 6.22 6.25 6.34 6.46 6.44 6.25 6.06 5.89 5.64 5.39 5.33 5.34 5.29 5.28 5.45 5.77 6.05 6.25 6.38 6.44 6.46 6.50 6.61 6.68 6.47 5.93 5.34 5.10 5.25 5.53 5.66 5.67 5.73 5.80 5.83 5.80 5.77 5.77 5.88 6.08 6.35 6.64 6.87 7.03 7.16 7.10 6.65 6.03 5.67 5.53 5.46 5.49 5.67 5.98 6.20 6.11 5.80 5.60 5.65 5.81 5.86 5.77 5.75 5.98 6.10 5.73 5.35
6.18 6.34 6.86 7.43 7.45 6.96 6.59 6.37 6.03 5.54 5.08 5.00 5.20 5.43 5.62 5.80 5.98 6.21 6.56 7.00 7.35 7.45 7.23 6.87 6.51 6.22 6.02 5.95 5.95 5.88 5.73 5.65 5.72 5.87 6.01 6.07 6.06 6.10 6.19 6.36 6.56 6.60 6.32 5.81 5.41 5.30 5.44 5.67 5.79 5.82 5.87 5.91 5.89 5.82 5.76 5.76 5.85 6.01 6.27 6.58 6.80 6.93 6.96 6.65 5.98 5.48 5.36 5.41 5.51 5.63 5.73 5.71 5.53 5.37 5.31 5.38 5.58 5.77 5.81 5.79 5.90 6.00 5.77 5.41
