project/data/elevation/US_DEM2016/US_DEM2016_point_11-01-2019_0210_30m_ang.asc
ncols	125
nrows	167
xllcorner	-2042055.000000
yllcorner	1465035.000000
cellsize	30.000000
NODATA_value	-9999.000000
[rows 84 to 125 of 167, columns 0 to 93 of 125]
271 273 278 276 276 278 280 282 283 283 281 278 275 271 268 265 261 257 253 254 256 256 258 262 263 262 260 260 260 263 269 274 279 287 295 298 278 273 275 273 268 263 262 263 264 264 265 266 268 271 276 281 287 299 343 8 321 288 279 276 276 277 277 278 279 281 282 278 275 272 268 266 266 271 281 282 276 270 266 263 263 270 278 270 261 254 247 242 242 261 268 266 266 262
270 270 273 278 279 280 282 282 281 281 279 276 272 269 265 261 257 252 249 252 256 259 263 266 267 266 265 264 263 263 264 266 270 278 295 326 306 280 275 269 263 263 264 265 266 266 267 268 268 269 272 275 280 291 332 8 331 295 283 278 275 274 275 275 276 281 287 282 276 271 266 263 262 265 274 280 278 275 272 268 264 266 274 275 266 257 249 241 236 241 253 257 255 253
270 272 280 281 280 280 280 280 279 278 276 274 270 267 262 257 251 248 253 257 262 265 268 270 270 270 269 267 265 264 262 261 262 268 282 326 324 279 267 260 262 265 267 267 268 269 270 270 269 267 267 269 273 282 318 4 31 297 292 277 274 273 273 274 274 279 289 285 277 272 268 264 261 261 263 269 273 274 274 278 270 268 271 277 273 264 253 243 236 236 244 250 248 252
270 272 280 282 279 277 277 279 280 278 275 271 268 264 257 250 247 251 258 264 269 272 273 274 273 272 270 267 266 266 265 262 260 262 271 305 328 275 259 259 264 267 267 268 271 272 272 271 270 268 267 266 265 269 293 357 346 301 285 280 276 275 275 274 273 276 287 289 279 274 271 267 263 260 257 258 263 267 270 273 274 272 273 278 279 273 260 248 243 243 247 247 247 256
270 271 278 281 279 277 278 280 280 279 275 269 264 258 250 262 250 257 262 265 269 274 276 276 275 272 269 266 265 267 270 268 262 260 263 276 324 278 261 262 265 267 269 271 273 273 273 272 271 271 270 268 265 265 277 332 350 308 289 283 280 278 275 274 273 275 285 292 282 277 274 271 267 261 256 254 256 260 263 265 268 270 272 276 279 276 269 262 258 256 252 248 251 261
271 273 279 282 280 280 281 281 280 277 272 266 259 250 245 249 256 260 261 263 267 272 276 276 273 271 269 267 267 268 271 273 268 262 258 260 281 276 265 265 267 269 270 271 272 272 271 270 270 271 272 271 271 274 286 322 350 314 291 284 281 277 274 272 272 274 283 295 286 279 276 273 270 266 261 257 256 257 258 257 259 264 268 269 269 269 272 276 276 269 259 254 258 267
271 274 280 282 282 282 282 280 277 272 266 259 250 245 274 256 260 261 261 263 266 269 271 271 269 269 269 270 270 270 271 274 273 265 258 254 240 248 263 267 269 270 270 270 270 270 269 267 267 268 271 274 279 285 295 325 353 320 293 284 279 274 272 271 272 274 282 297 290 280 275 273 271 271 270 266 262 260 259 256 256 259 262 261 258 257 264 274 280 276 266 263 266 271
272 275 280 283 284 283 280 276 271 265 257 249 245 249 256 262 266 267 267 267 268 268 267 266 267 269 271 272 272 272 273 275 278 273 263 253 223 231 262 269 271 271 271 271 270 269 268 266 266 267 270 277 284 289 295 322 354 321 291 281 276 272 271 271 272 273 281 297 294 281 275 271 270 273 278 277 269 266 264 261 259 259 260 257 253 251 254 259 262 265 267 269 271 274
273 276 282 285 284 281 276 271 264 256 248 244 248 255 262 267 271 274 275 275 274 272 269 268 268 269 270 271 272 274 276 278 283 284 275 255 218 237 266 272 273 273 274 274 272 269 267 266 266 267 269 274 280 283 285 304 346 319 287 277 273 271 271 271 271 273 280 296 298 283 275 270 269 271 279 283 275 270 269 267 264 262 262 260 256 253 252 250 248 252 264 270 273 273
273 275 280 283 282 277 270 263 255 248 245 248 254 259 263 268 273 277 279 280 279 277 274 272 270 270 270 271 272 274 276 279 283 288 286 261 228 254 272 276 276 276 277 276 273 269 266 265 266 267 268 269 270 274 281 298 338 322 285 275 273 273 273 272 272 274 279 293 300 286 275 270 268 268 274 282 278 272 270 271 269 265 263 262 261 258 255 251 249 254 263 270 273 272
273 275 277 277 275 270 263 256 251 248 250 254 259 263 266 269 272 276 279 280 280 278 274 271 270 271 273 274 273 272 272 274 276 280 287 269 251 269 276 278 278 278 277 276 273 269 267 266 266 267 268 267 265 268 276 293 338 326 284 274 273 275 275 274 273 274 278 288 300 288 276 270 266 264 265 274 277 274 272 274 273 268 263 261 261 262 260 259 258 261 265 271 274 273
273 275 277 274 269 264 260 256 255 257 259 262 264 268 271 273 275 277 279 278 276 273 268 266 268 272 275 276 273 270 269 270 272 275 286 334 278 278 279 278 277 276 275 274 272 270 269 267 267 267 266 265 264 264 265 271 316 316 279 273 272 275 276 275 273 273 275 286 301 292 278 269 263 258 258 265 273 274 273 276 277 272 266 264 269 272 271 268 266 266 267 272 275 276
272 274 275 271 266 264 263 262 263 266 269 270 271 273 275 277 278 278 277 274 269 264 262 264 268 271 274 275 273 270 269 271 274 279 299 357 296 281 279 278 275 273 272 271 271 271 270 269 269 268 266 264 263 262 258 251 236 268 273 272 273 275 276 275 273 271 272 282 300 296 279 268 259 254 254 260 267 270 272 275 278 276 272 273 280 285 282 275 272 271 273 275 277 278
271 271 269 269 264 264 265 266 267 270 274 276 277 278 279 279 278 276 272 266 260 258 262 267 271 272 272 272 272 271 270 272 275 280 305 359 312 282 278 276 273 269 269 270 271 271 271 271 270 269 268 267 265 262 256 246 233 255 272 273 275 276 277 275 272 269 270 277 295 297 281 267 257 253 253 257 261 264 269 273 276 276 276 280 286 291 288 279 276 276 277 278 279 279
270 269 268 271 264 264 266 268 270 271 275 280 281 281 280 278 274 269 263 256 254 259 267 272 275 275 273 272 271 270 269 268 269 274 296 354 320 284 276 272 268 267 269 271 272 272 272 270 268 266 268 270 270 268 265 260 253 263 274 276 277 277 276 274 272 269 269 274 288 297 285 269 259 255 254 255 256 260 268 272 273 275 279 283 286 289 286 281 279 279 280 279 279 280
270 271 274 272 268 267 269 271 271 271 273 278 281 280 277 273 267 261 255 252 256 264 271 275 277 277 276 273 271 269 266 263 263 266 281 343 322 284 274 268 266 269 272 273 273 273 272 270 265 262 264 268 271 276 280 283 281 272 275 277 277 276 275 273 271 270 269 273 283 297 294 277 267 260 257 255 255 260 267 270 270 273 277 279 279 279 281 280 278 278 279 278 278 279
271 273 277 279 276 273 271 271 270 270 271 274 276 276 272 267 260 254 252 255 263 269 273 276 277 277 276 274 272 269 266 262 261 261 269 324 325 282 272 270 271 274 274 273 273 273 272 269 264 261 261 262 266 275 284 297 297 280 277 277 276 275 274 273 271 269 269 272 280 295 303 288 274 267 261 258 259 262 264 264 265 268 271 271 269 272 279 281 278 276 277 276 276 278
271 273 279 282 282 278 273 271 269 269 270 271 272 270 266 259 253 251 256 263 270 273 274 275 276 276 274 273 272 271 268 265 262 260 263 295 329 289 278 277 277 276 274 273 273 272 271 268 265 263 260 258 259 266 275 297 305 287 281 277 276 275 274 272 270 269 268 271 277 290 306 295 279 271 266 264 264 264 262 260 261 263 265 264 264 271 281 283 279 274 272 273 275 277
271 273 280 285 290 280 276 272 271 271 272 271 268 265 259 252 250 256 263 270 274 275 275 274 274 273 272 271 271 272 272 270 267 264 265 283 324 297 284 280 277 274 272 272 272 271 270 268 266 265 262 259 257 259 264 290 314 295 286 280 277 275 273 271 269 268 268 269 274 285 303 300 283 275 269 267 266 266 263 260 259 260 260 260 264 271 280 284 281 274 271 272 273 276
272 274 279 285 285 285 278 275 274 274 272 268 264 259 254 253 258 264 268 271 273 274 274 273 271 269 268 268 269 271 274 274 273 272 276 294 324 305 284 277 273 272 272 272 272 270 268 266 265 265 265 264 261 258 259 278 313 302 293 285 280 276 273 270 267 266 266 267 270 280 298 303 289 278 271 268 266 265 266 265 262 260 259 259 262 265 271 276 276 273 271 272 274 276
271 272 274 277 280 280 278 277 276 274 270 263 257 254 256 264 271 272 271 271 272 272 271 272 271 267 263 263 265 269 273 275 276 278 283 302 330 314 284 275 272 272 273 273 272 270 267 264 262 263 265 266 265 263 264 278 311 309 300 291 283 277 273 269 267 265 264 264 267 275 291 304 295 282 273 268 265 263 266 269 268 265 262 261 260 259 260 263 267 271 273 274 276 278
269 268 267 268 270 272 274 274 273 269 264 259 257 258 264 274 282 283 278 274 273 271 271 272 271 267 262 261 264 267 270 273 275 277 282 296 330 327 289 275 272 273 275 275 273 270 265 261 259 260 261 261 264 268 274 289 314 316 305 296 287 278 272 270 268 267 264 263 264 269 282 300 299 288 276 268 263 262 263 267 270 269 269 268 265 261 258 257 263 271 276 277 278 279
268 266 264 264 265 267 272 270 268 264 262 263 264 267 273 278 285 288 285 281 278 276 275 275 273 268 265 264 264 265 266 267 269 271 275 285 320 340 297 277 273 275 276 276 274 270 265 260 257 256 255 256 262 271 281 294 316 323 310 298 289 280 274 272 271 268 265 262 261 264 274 291 298 289 278 269 264 261 261 263 266 269 272 274 273 269 264 261 265 271 276 278 279 278
269 268 266 264 265 268 270 270 269 268 268 270 273 276 279 280 281 283 285 283 282 282 280 277 273 269 268 267 266 264 264 263 263 264 267 274 301 340 304 280 276 276 276 274 272 270 266 260 256 253 251 255 264 273 281 291 310 324 315 299 289 282 277 273 272 269 266 263 261 261 267 279 290 285 276 270 265 262 261 260 263 267 271 274 277 276 272 268 269 272 274 276 277 275
271 272 270 268 267 269 270 270 271 274 276 278 280 281 281 280 278 276 277 279 280 282 280 276 272 269 268 268 268 267 265 262 262 262 264 267 278 323 301 282 279 276 273 271 270 270 268 262 256 252 252 258 265 271 276 283 299 320 322 306 292 285 279 274 271 269 267 265 263 261 263 270 280 281 276 271 267 263 261 261 263 267 269 269 272 276 276 274 273 273 273 274 274 273
271 273 273 272 270 270 270 270 273 278 281 283 283 281 279 277 274 272 273 274 276 277 276 273 270 268 268 268 268 268 266 265 265 265 266 267 270 284 287 281 277 274 271 270 271 272 271 266 259 255 256 260 264 267 270 276 289 311 326 315 297 287 280 274 271 269 267 267 265 264 263 265 271 276 274 271 267 263 261 262 265 268 268 267 268 271 276 276 275 276 275 273 272 271
270 271 273 273 272 272 272 275 278 281 282 282 280 277 274 271 270 270 271 271 272 273 272 270 267 267 268 267 265 264 265 266 267 269 270 272 273 271 275 276 274 273 272 273 274 275 274 270 264 260 260 261 263 264 265 271 280 298 322 321 302 287 280 275 271 267 267 268 268 266 264 263 265 270 271 270 267 263 262 263 265 269 270 269 267 269 274 277 277 277 276 274 271 270
269 269 270 274 275 275 276 280 282 282 280 278 275 272 269 266 266 269 270 271 272 273 272 269 265 265 268 267 264 263 264 265 267 267 268 270 274 275 270 272 273 274 275 277 277 276 275 273 267 264 263 264 264 263 263 266 272 283 307 319 305 289 281 275 270 267 268 269 270 269 266 263 263 266 269 268 266 263 262 263 266 269 270 270 268 268 271 275 276 277 276 274 272 270
269 269 271 275 277 278 279 281 282 280 277 273 270 268 265 263 265 268 271 272 273 275 275 271 266 266 267 266 265 265 265 266 266 265 264 264 266 273 270 272 274 275 276 278 278 276 274 272 269 266 266 266 266 265 263 263 265 270 286 306 304 291 280 274 270 269 269 271 271 270 266 263 262 262 265 266 265 263 262 264 266 269 270 270 268 265 265 270 274 275 276 274 273 272
271 272 275 279 280 280 280 280 279 276 273 270 267 265 263 262 266 272 275 276 276 277 278 275 270 268 266 264 263 264 265 267 268 268 265 263 258 260 273 274 275 276 276 278 278 276 272 270 268 267 267 268 267 266 266 265 263 264 272 289 298 290 280 274 272 271 271 271 271 269 266 264 262 261 264 265 264 264 264 265 267 268 269 270 268 264 264 268 272 274 275 275 274 273
272 274 278 282 284 282 280 277 274 271 268 267 266 264 264 268 273 277 279 279 277 276 277 278 275 270 265 262 261 262 263 264 267 271 271 268 265 269 277 277 277 277 277 277 277 275 272 270 268 268 267 267 267 266 267 267 266 266 270 280 288 286 280 275 274 273 271 270 269 267 265 264 263 262 263 264 263 264 265 266 266 267 268 269 269 269 270 271 272 273 274 275 274 273
272 274 278 283 285 283 277 273 269 268 267 268 268 270 273 277 280 282 282 280 276 272 273 279 279 273 266 261 260 261 261 260 262 266 270 273 282 293 285 280 279 278 276 274 273 273 273 272 271 270 269 267 265 263 263 265 267 271 276 282 285 284 280 275 273 272 271 268 267 266 265 264 262 262 263 263 263 263 265 265 265 265 267 268 272 277 279 276 273 273 274 274 273 272
271 272 276 280 284 281 275 270 268 268 269 271 274 279 282 284 284 283 281 277 271 266 267 276 282 277 268 263 263 264 263 261 258 259 263 271 286 305 290 280 278 277 275 272 270 269 272 276 276 274 271 268 264 261 260 261 264 270 278 287 290 285 281 276 273 271 269 266 265 266 266 264 262 261 262 263 263 264 264 264 264 265 266 268 274 281 284 280 275 274 273 273 272 270
270 271 273 277 281 280 276 272 271 271 272 275 279 283 285 285 284 281 278 273 267 263 264 270 281 282 274 266 265 266 268 266 261 258 259 265 275 294 286 279 277 276 275 271 267 265 268 277 282 278 274 269 264 260 259 260 261 265 272 284 294 287 281 277 273 270 266 264 264 265 266 266 264 262 262 264 264 265 265 265 265 265 266 268 273 278 282 280 277 274 273 273 272 271
270 270 272 275 279 280 278 276 275 274 276 279 282 282 282 281 279 276 274 270 267 265 264 266 274 283 279 270 266 266 270 272 269 263 260 261 265 277 281 278 277 277 276 272 265 261 263 273 284 282 276 271 266 262 261 261 262 263 265 272 285 285 279 276 273 269 265 264 265 266 267 267 267 266 265 265 265 265 266 266 266 265 265 268 269 270 274 277 277 275 274 273 274 273
270 271 273 276 278 280 280 278 277 278 281 282 282 280 278 275 272 272 270 267 267 267 266 266 270 277 280 272 267 265 267 273 276 271 264 261 261 271 280 279 278 278 276 272 265 260 261 268 282 285 278 273 269 266 264 263 263 263 262 263 269 276 275 274 272 269 267 268 268 267 266 266 267 268 267 266 266 266 267 268 267 266 266 267 267 266 267 272 276 277 275 273 274 275
271 273 275 277 279 280 280 279 279 282 284 283 281 277 274 272 270 269 267 267 268 269 268 268 269 273 279 274 268 265 264 267 274 275 270 264 263 272 281 280 278 277 276 272 264 261 262 265 276 285 282 276 273 269 265 263 262 263 263 261 260 265 270 271 272 271 271 271 269 268 266 264 264 265 267 267 267 267 268 268 267 266 266 267 266 266 267 270 274 278 278 276 276 277
273 274 277 278 280 281 281 281 281 283 285 283 279 276 273 270 269 267 267 268 270 271 270 269 269 272 281 278 270 265 262 263 268 273 273 269 269 277 283 280 278 276 274 270 263 261 262 264 270 281 284 280 276 272 267 262 261 261 263 262 259 263 268 271 272 273 272 271 269 267 265 264 262 262 265 267 268 270 269 268 266 265 266 266 266 266 268 270 272 276 280 279 278 279
272 274 277 279 280 282 283 283 282 282 282 281 279 275 271 268 266 267 269 271 271 270 269 268 268 272 280 281 272 266 263 262 264 268 271 272 274 280 284 281 278 275 271 264 260 262 263 264 268 277 284 283 279 274 268 263 260 260 261 261 260 264 268 271 272 273 272 270 268 266 264 263 261 260 263 266 269 270 269 267 265 265 266 266 266 266 268 271 272 275 279 281 280 279
272 273 277 280 282 283 285 285 282 279 279 279 278 275 269 266 267 269 270 270 268 267 267 267 268 270 277 281 275 267 263 262 263 265 269 272 275 279 288 280 277 272 264 258 260 264 265 265 267 272 280 284 283 278 271 266 263 261 260 260 262 266 269 271 273 273 272 270 268 265 262 260 258 258 261 265 268 268 267 265 265 266 267 267 267 267 267 269 273 276 279 280 280 278
271 273 277 282 284 285 286 287 282 277 275 276 277 275 270 269 270 270 268 265 264 266 268 269 269 269 272 280 279 270 264 262 263 266 269 271 272 275 278 277 274 267 260 260 265 268 268 267 267 270 276 282 285 284 278 271 266 264 262 262 265 269 270 272 274 275 273 270 268 265 261 258 253 253 259 264 265 265 265 265 265 265 266 268 270 270 270 272 275 278 280 281 280 278
271 272 276 280 284 285 286 286 283 277 279 274 275 274 272 271 269 266 265 266 267 270 272 272 270 268 269 275 279 273 266 263 263 266 269 270 270 273 276 275 270 265 264 266 268 269 269 269 268 270 273 278 283 286 284 278 270 265 264 265 268 270 272 273 274 273 271 269 267 265 261 256 249 251 258 262 264 264 265 264 264 264 265 269 272 272 272 276 280 281 282 281 280 278
