project/data/elevation/US_DEM2016/US_DEM2016_point_11-01-2019_1220_30m_vel.asc
ncols	125
nrows	167
xllcorner	-2042055.000000
yllcorner	1465035.000000
cellsize	30.000000
NODATA_value	-9999.000000
[rows 76 to 113 of 167, columns 0 to 83 of 125]
5.24 5.03 4.79 4.77 4.88 5.08 5.49 6.01 6.31 6.27 6.06 5.93 6.09 6.54 6.96 7.38 7.79 7.71 7.42 7.03 6.70 6.38 6.11 5.84 5.61 5.47 5.33 5.34 5.47 5.53 5.45 5.27 4.90 4.63 4.62 4.74 4.80 4.69 4.50 4.32 4.25 4.43 4.74 4.89 4.88 4.74 4.59 4.41 4.27 4.26 4.27 4.26 4.22 4.27 4.45 4.65 4.82 4.84 4.88 5.02 5.16 4.98 4.31 3.54 3.09 3.01 3.25 3.47 3.71 3.97 4.21 4.53 5.12 5.84 6.51 7.23 7.95 8.46 8.43 7.81 6.63 5.12 4.38 4.21
5.27 5.05 4.83 4.86 5.05 5.48 5.85 5.95 5.68 5.16 4.82 4.96 5.47 6.21 6.85 7.33 7.26 7.45 6.97 6.46 6.09 5.85 5.68 5.58 5.49 5.41 5.24 5.20 5.30 5.45 5.55 5.53 5.36 5.27 5.26 5.19 4.98 4.65 4.37 4.29 4.43 4.65 4.78 4.72 4.65 4.57 4.48 4.34 4.22 4.15 4.10 4.05 4.00 4.15 4.43 4.70 4.90 5.00 5.07 5.12 4.95 4.36 3.69 3.44 3.56 3.85 4.07 4.28 4.65 5.24 5.66 6.22 7.04 7.79 8.32 8.75 9.00 8.78 7.91 7.34 6.41 5.27 4.52 4.18
5.23 4.88 4.59 4.68 4.87 5.18 5.26 5.02 4.68 4.51 4.62 5.03 5.69 6.44 6.99 7.35 7.35 6.99 6.49 6.04 5.72 5.49 5.35 5.29 5.25 5.17 5.04 5.06 5.15 5.29 5.50 5.66 5.71 5.67 5.58 5.37 5.03 4.65 4.48 4.48 4.51 4.46 4.34 4.22 4.16 4.05 3.79 3.53 3.45 3.44 3.47 3.59 3.89 4.28 4.62 4.88 5.12 5.22 5.20 4.99 4.55 3.96 3.72 3.96 4.46 4.82 5.13 5.64 6.33 6.72 7.05 7.61 8.53 8.46 8.22 8.86 8.45 7.93 7.31 6.95 6.66 6.15 5.56 5.10
5.10 4.65 4.29 4.39 4.51 4.63 4.67 4.65 4.77 5.03 5.39 5.87 6.49 7.06 7.40 7.43 7.13 6.62 6.14 5.75 5.43 5.17 5.01 4.95 4.89 4.79 4.69 4.69 4.69 4.79 4.91 5.22 5.43 5.46 5.35 5.14 4.84 4.54 4.35 4.18 3.99 3.78 3.67 3.71 3.73 3.65 3.41 3.24 3.33 3.55 3.83 4.20 4.64 4.92 5.01 5.02 5.00 4.83 4.50 4.07 3.69 3.60 3.87 4.48 5.16 5.76 6.47 7.13 7.39 7.49 7.60 7.91 7.67 8.29 7.99 7.62 6.69 6.53 6.26 6.33 6.50 6.51 6.28 5.92
4.92 4.54 4.30 4.47 4.59 4.68 4.82 5.05 5.42 5.77 6.18 6.71 7.29 7.57 7.53 7.17 6.61 6.07 5.63 5.30 5.04 4.84 4.71 4.59 4.50 4.44 4.31 4.12 3.89 3.91 3.97 4.24 4.61 4.87 4.92 4.82 4.64 4.51 4.34 4.11 3.94 3.87 3.90 4.00 3.99 3.95 3.92 3.99 4.18 4.52 4.89 5.18 5.34 5.35 5.14 4.94 4.66 4.28 3.90 3.63 3.56 3.80 4.33 5.09 5.87 6.70 7.37 7.52 7.32 7.11 7.13 7.24 7.18 6.74 6.40 6.22 6.02 5.79 5.60 5.54 5.75 6.15 6.31 6.18
4.79 4.61 4.59 4.83 5.01 5.12 5.26 5.52 5.90 6.29 6.76 7.23 7.55 7.51 7.09 6.48 5.89 5.33 4.92 4.63 4.47 4.43 4.43 4.33 4.26 4.19 3.99 3.56 3.19 3.09 3.05 3.20 3.61 4.11 4.40 4.59 4.65 4.77 4.78 4.76 4.80 4.89 4.99 4.95 4.82 4.75 4.80 5.01 5.24 5.33 5.34 5.29 5.23 5.11 5.01 4.93 4.83 4.81 4.76 4.68 4.69 4.88 5.29 5.94 6.62 7.18 7.23 6.69 6.27 6.28 6.44 6.50 6.30 5.84 5.66 5.62 5.64 5.63 5.44 5.21 5.16 5.40 5.80 5.97
4.89 4.86 4.86 4.94 5.08 5.28 5.52 5.84 6.23 6.66 7.06 7.32 7.28 6.88 6.28 5.75 5.29 4.82 4.40 4.15 4.07 4.03 3.95 4.00 4.06 4.02 3.84 3.47 2.94 2.72 2.71 2.94 3.27 3.57 3.96 4.38 4.65 4.91 5.09 5.32 5.55 5.72 5.75 5.61 5.42 5.34 5.41 5.55 5.62 5.44 5.19 5.11 5.19 5.23 5.14 5.11 5.19 5.40 5.50 5.56 5.65 5.83 6.16 6.57 7.02 7.05 6.48 5.85 5.71 5.93 6.14 6.13 5.73 5.49 5.38 5.39 5.46 5.54 5.34 5.23 5.03 4.97 5.11 5.44
5.09 5.11 5.01 4.89 4.98 5.29 5.65 6.06 6.48 6.82 7.04 7.04 6.75 6.22 5.68 5.26 4.90 4.53 4.16 3.92 3.79 3.63 3.47 3.55 3.77 3.90 3.91 3.83 3.52 3.33 3.42 3.66 3.73 3.77 3.92 4.23 4.48 4.75 5.08 5.47 5.73 5.77 5.68 5.50 5.39 5.42 5.52 5.57 5.56 5.47 5.48 5.59 5.64 5.55 5.31 5.24 5.26 5.35 5.53 5.74 5.98 6.21 6.48 6.72 6.85 6.56 5.97 5.78 5.89 5.98 6.00 5.82 5.39 4.95 4.74 4.83 4.99 5.09 5.10 5.05 4.92 4.73 4.58 4.84
5.13 5.14 5.08 5.02 5.15 5.46 5.84 6.24 6.57 6.75 6.77 6.58 6.19 5.69 5.25 4.89 4.56 4.21 3.89 3.66 3.44 3.22 3.14 3.30 3.67 4.02 4.28 4.57 4.81 4.90 4.92 4.82 4.63 4.47 4.35 4.35 4.56 4.95 5.36 5.60 5.52 5.29 5.17 5.21 5.26 5.39 5.56 5.72 5.90 6.07 6.08 6.00 5.80 5.57 5.34 5.28 5.31 5.43 5.70 5.92 6.15 6.31 6.42 6.47 6.40 6.09 5.80 5.89 5.95 5.87 5.69 5.16 4.82 4.23 3.85 3.87 4.06 4.21 4.36 4.49 4.53 4.45 4.25 4.33
5.10 5.09 5.12 5.25 5.48 5.78 6.07 6.31 6.49 6.52 6.41 6.13 5.72 5.29 4.89 4.52 4.12 3.71 3.39 3.21 3.13 3.15 3.35 3.72 4.17 4.55 4.92 5.33 5.72 5.94 5.94 5.68 5.35 5.10 4.94 4.83 5.12 5.58 5.67 5.45 5.06 4.89 5.04 5.25 5.35 5.55 5.91 6.23 6.44 6.54 6.43 6.13 5.82 5.61 5.39 5.35 5.46 5.67 5.86 5.93 5.98 6.00 6.02 6.07 5.99 5.79 5.60 5.64 5.58 5.46 5.32 4.68 4.61 4.08 3.55 3.40 3.33 3.26 3.32 3.51 3.78 3.94 3.96 3.99
5.13 5.14 5.24 5.48 5.77 5.97 6.05 6.10 6.21 6.24 6.11 5.81 5.41 4.97 4.53 4.06 3.55 3.08 2.88 2.93 3.14 3.50 3.95 4.39 4.81 5.16 5.45 5.69 5.87 6.02 6.05 5.96 5.73 5.48 5.33 5.30 5.49 5.61 5.31 4.88 4.68 4.76 4.91 5.04 5.19 5.58 6.02 6.34 6.37 6.38 6.36 6.22 6.02 5.81 5.53 5.44 5.48 5.50 5.48 5.49 5.42 5.40 5.52 5.72 5.77 5.61 5.33 5.19 5.12 5.09 5.07 5.06 5.00 4.78 4.23 3.72 3.31 3.00 2.82 2.83 2.98 3.19 3.31 3.43
5.19 5.22 5.32 5.50 5.65 5.66 5.64 5.74 5.96 6.10 5.95 5.59 5.14 4.63 4.04 3.45 3.04 2.92 3.08 3.31 3.56 3.89 4.29 4.72 5.14 5.44 5.58 5.56 5.49 5.46 5.61 5.79 5.86 5.81 5.71 5.55 5.33 4.98 4.63 4.49 4.48 4.47 4.41 4.47 4.82 5.35 5.76 5.76 5.54 5.51 5.55 5.65 5.72 5.72 5.63 5.50 5.35 5.17 5.08 5.07 5.08 5.19 5.42 5.64 5.70 5.52 5.24 5.04 4.94 4.99 5.12 5.33 5.49 5.55 5.44 4.96 4.40 3.91 3.63 3.42 3.17 2.99 2.98 3.20
5.19 5.19 5.22 5.26 5.23 5.22 5.40 5.77 6.07 6.10 5.79 5.29 4.75 4.14 3.52 3.22 3.31 3.71 3.95 4.07 4.15 4.30 4.58 4.93 5.21 5.35 5.31 5.21 5.16 5.13 5.24 5.48 5.73 5.86 5.86 5.64 5.11 4.60 4.35 4.36 4.31 4.23 4.21 4.38 4.71 5.09 5.26 4.91 4.39 4.14 4.18 4.30 4.52 4.81 5.01 5.14 5.15 5.10 5.10 5.18 5.30 5.43 5.53 5.57 5.57 5.46 5.23 5.07 5.01 5.11 5.35 5.55 5.71 5.85 6.03 6.05 5.85 5.56 5.29 4.93 4.42 4.03 4.05 4.09
5.18 5.15 5.14 5.15 5.17 5.36 5.74 6.10 6.19 5.93 5.36 4.71 4.10 3.53 3.25 3.40 3.84 4.23 4.44 4.56 4.63 4.75 4.95 5.08 5.03 4.88 4.78 4.85 5.05 5.19 5.25 5.29 5.36 5.49 5.58 5.53 5.10 4.69 4.43 4.40 4.40 4.47 4.54 4.62 4.74 4.89 4.87 4.35 3.64 3.37 3.31 3.32 3.49 3.89 4.37 4.77 5.02 5.16 5.28 5.43 5.55 5.50 5.38 5.32 5.37 5.34 5.14 5.04 5.07 5.20 5.37 5.52 5.57 5.60 5.76 6.04 6.23 6.31 6.27 6.11 5.85 5.65 5.52 5.32
5.20 5.18 5.19 5.28 5.45 5.77 6.09 6.17 5.92 5.33 4.58 3.79 3.14 2.79 2.81 3.11 3.45 3.76 4.14 4.47 4.77 4.99 5.05 4.86 4.51 4.29 4.36 4.63 4.83 4.90 4.91 4.88 4.87 4.99 5.20 5.34 5.16 4.89 4.68 4.70 4.77 4.85 4.87 4.89 4.91 4.94 4.90 4.56 4.06 3.77 3.70 3.83 4.19 4.62 4.96 5.10 5.16 5.22 5.31 5.39 5.37 5.19 5.05 5.07 5.20 5.17 4.93 4.88 4.97 5.06 5.14 5.26 5.19 4.92 4.84 5.05 5.45 5.77 6.00 6.18 6.26 6.29 6.26 6.06
5.24 5.22 5.26 5.42 5.69 5.99 6.08 5.84 5.24 4.41 3.61 2.92 2.49 2.32 2.34 2.50 2.75 3.07 3.45 3.91 4.34 4.64 4.63 4.40 4.18 4.15 4.31 4.47 4.40 4.22 4.15 4.17 4.29 4.55 4.86 5.10 5.09 4.90 4.79 4.91 4.99 5.05 5.12 5.32 5.37 5.39 5.38 5.28 5.17 5.09 5.00 5.22 5.58 5.79 5.76 5.48 5.26 5.16 5.11 5.03 4.90 4.77 4.71 4.83 4.99 4.94 4.69 4.66 4.72 4.75 4.80 4.89 4.76 4.37 4.11 4.17 4.43 4.69 4.94 5.27 5.60 5.81 5.87 5.89
5.27 5.27 5.33 5.54 5.84 5.97 5.74 5.16 4.36 3.58 2.96 2.58 2.44 2.44 2.50 2.57 2.73 2.93 3.17 3.50 3.84 4.05 4.10 4.16 4.29 4.42 4.55 4.55 4.41 4.28 4.21 4.21 4.34 4.50 4.62 4.75 4.83 4.80 4.82 5.00 5.12 5.25 5.47 5.82 5.93 5.93 5.89 5.86 5.90 6.03 6.14 6.19 6.13 5.86 5.48 5.25 5.15 5.03 4.84 4.60 4.36 4.26 4.33 4.53 4.77 4.84 4.73 4.63 4.57 4.54 4.56 4.64 4.54 4.19 3.83 3.71 3.85 3.94 3.96 4.10 4.39 4.67 4.74 4.76
5.30 5.33 5.42 5.63 5.76 5.58 5.04 4.29 3.58 3.05 2.73 2.62 2.69 2.89 3.10 3.28 3.39 3.48 3.65 3.93 4.18 4.29 4.34 4.43 4.54 4.73 5.04 5.29 5.40 5.40 5.32 5.27 5.26 5.16 4.79 4.56 4.65 4.81 5.04 5.27 5.44 5.65 5.94 6.23 6.24 6.15 6.07 6.05 6.13 6.29 6.38 6.30 6.00 5.51 5.14 5.10 5.09 4.94 4.64 4.29 4.03 3.96 4.16 4.50 4.87 5.07 5.03 4.84 4.62 4.51 4.48 4.56 4.49 4.10 3.58 3.20 3.16 3.15 3.06 3.13 3.38 3.64 3.65 3.60
5.33 5.35 5.41 5.43 5.21 4.68 3.98 3.36 2.93 2.70 2.69 2.84 3.08 3.39 3.77 4.17 4.47 4.68 4.92 5.20 5.39 5.41 5.25 4.98 4.81 4.99 5.52 5.90 6.02 5.95 5.84 5.72 5.57 5.30 4.81 4.57 4.70 5.02 5.39 5.67 5.86 6.04 6.20 6.26 6.12 5.99 5.98 6.06 6.17 6.26 6.18 6.04 5.95 5.87 5.70 5.45 5.18 4.93 4.70 4.50 4.38 4.38 4.56 4.86 5.16 5.27 5.12 4.88 4.66 4.64 4.68 4.68 4.45 3.87 3.15 2.65 2.52 2.45 2.38 2.48 2.66 2.79 2.87 2.95
5.34 5.34 5.26 4.99 4.45 3.79 3.21 2.82 2.65 2.71 2.97 3.34 3.73 4.16 4.62 5.12 5.52 5.91 6.26 6.40 6.31 6.03 5.58 5.17 4.98 5.22 5.66 5.74 5.44 5.17 4.97 4.86 4.78 4.65 4.55 4.66 4.93 5.29 5.67 5.90 6.00 6.03 5.96 5.80 5.72 5.67 5.78 5.94 6.06 6.10 5.98 5.88 5.88 5.94 5.88 5.57 5.22 4.96 4.82 4.76 4.79 4.91 5.06 5.24 5.36 5.31 5.03 4.82 4.79 5.01 5.12 4.93 4.47 3.70 2.92 2.53 2.42 2.29 2.22 2.32 2.44 2.46 2.49 2.65
5.37 5.32 5.10 4.70 4.22 3.79 3.44 3.20 3.14 3.32 3.64 4.04 4.50 4.99 5.50 5.96 6.36 6.67 6.75 6.54 6.06 5.50 5.09 5.00 5.14 5.47 5.67 5.39 4.83 4.48 4.35 4.39 4.51 4.50 4.56 4.83 5.16 5.46 5.72 5.85 5.84 5.71 5.47 5.27 5.23 5.30 5.45 5.63 5.63 5.44 5.36 5.35 5.39 5.38 5.27 5.16 5.02 4.84 4.70 4.65 4.75 5.02 5.29 5.49 5.53 5.42 5.19 5.05 5.11 5.31 5.34 5.03 4.50 3.92 3.34 3.05 2.85 2.57 2.55 2.70 2.74 2.67 2.67 2.95
5.33 5.23 4.94 4.68 4.48 4.28 4.11 4.06 4.16 4.30 4.49 4.80 5.25 5.78 6.28 6.62 6.76 6.66 6.24 5.58 4.90 4.46 4.45 4.78 5.21 5.70 5.90 5.73 5.43 5.28 5.25 5.27 5.22 5.03 4.92 5.04 5.22 5.43 5.57 5.61 5.45 5.18 4.94 4.85 4.84 4.94 5.14 5.26 4.94 4.43 4.21 4.28 4.42 4.46 4.47 4.58 4.66 4.64 4.59 4.62 4.79 5.10 5.36 5.49 5.46 5.35 5.23 5.17 5.17 5.20 5.15 4.84 4.60 4.41 4.15 3.85 3.56 3.19 3.34 3.58 3.56 3.43 3.54 4.09
5.22 5.06 4.83 4.75 4.72 4.72 4.76 4.91 5.14 5.31 5.45 5.67 6.06 6.51 6.78 6.79 6.51 5.96 5.24 4.55 4.12 4.02 4.28 4.73 5.26 5.95 6.26 6.32 6.28 6.24 6.16 6.00 5.75 5.48 5.25 5.19 5.22 5.33 5.38 5.24 4.90 4.60 4.53 4.61 4.72 4.90 5.14 5.16 4.60 3.92 3.64 3.60 3.50 3.58 3.89 4.25 4.52 4.62 4.63 4.71 4.93 5.19 5.28 5.25 5.15 5.08 4.98 4.88 4.82 4.85 4.78 4.69 4.85 5.04 5.08 4.93 4.63 4.39 4.70 4.92 4.86 4.79 4.99 5.41
5.14 5.01 4.86 4.89 5.07 5.32 5.58 5.83 6.03 6.16 6.26 6.41 6.65 6.81 6.71 6.30 5.69 5.01 4.40 4.04 4.10 4.41 4.79 5.15 5.64 6.19 6.34 6.19 6.10 6.05 5.93 5.77 5.63 5.53 5.33 5.21 5.20 5.17 5.00 4.71 4.47 4.52 4.67 4.82 4.97 5.22 5.43 5.42 4.97 4.49 4.26 4.06 3.73 3.82 4.17 4.48 4.68 4.80 4.89 4.98 5.09 5.21 5.20 5.12 5.05 4.97 4.82 4.69 4.71 4.80 4.81 4.88 5.19 5.48 5.68 5.75 5.78 5.88 6.13 6.25 6.18 6.09 6.12 6.02
5.14 5.06 4.96 5.05 5.35 5.73 6.03 6.24 6.34 6.39 6.47 6.59 6.66 6.50 6.05 5.43 4.77 4.18 3.78 3.79 4.28 4.83 5.22 5.54 5.94 6.20 5.99 5.52 5.24 5.12 5.07 5.15 5.27 5.33 5.23 5.14 5.04 4.83 4.56 4.41 4.60 5.00 5.19 5.25 5.33 5.52 5.68 5.64 5.36 5.26 5.23 5.10 4.92 4.84 4.87 4.81 4.83 4.98 5.18 5.29 5.33 5.39 5.35 5.29 5.20 5.10 5.00 5.04 5.20 5.22 5.14 5.15 5.30 5.45 5.65 5.97 6.33 6.63 6.76 6.72 6.52 6.36 6.14 5.68
5.10 5.05 4.97 5.07 5.30 5.56 5.72 5.79 5.81 5.86 6.00 6.13 6.08 5.77 5.24 4.60 3.96 3.56 3.53 3.87 4.43 4.88 5.21 5.46 5.72 5.75 5.34 4.81 4.42 4.22 4.28 4.49 4.71 4.85 4.96 4.99 4.87 4.70 4.66 4.89 5.27 5.47 5.50 5.48 5.51 5.62 5.69 5.55 5.38 5.39 5.45 5.48 5.49 5.40 5.08 4.81 4.84 5.05 5.27 5.44 5.55 5.66 5.66 5.59 5.48 5.38 5.38 5.46 5.53 5.40 5.26 5.23 5.23 5.26 5.42 5.74 6.11 6.35 6.37 6.31 6.16 5.92 5.52 4.96
5.04 5.02 5.00 5.06 5.12 5.14 5.11 5.02 5.01 5.15 5.36 5.44 5.26 4.84 4.27 3.73 3.51 3.67 4.15 4.65 4.94 5.12 5.26 5.35 5.39 5.20 4.63 4.05 3.66 3.52 3.58 3.72 3.85 4.07 4.33 4.57 4.77 4.97 5.21 5.46 5.58 5.55 5.46 5.44 5.48 5.55 5.53 5.31 5.04 4.88 4.87 5.01 5.17 5.15 4.90 4.76 4.85 5.07 5.29 5.53 5.76 5.94 5.94 5.86 5.72 5.60 5.52 5.44 5.29 5.06 5.02 5.07 5.13 5.19 5.27 5.36 5.47 5.48 5.50 5.68 5.80 5.72 5.45 5.19
5.15 5.22 5.31 5.25 5.12 4.93 4.75 4.62 4.65 4.85 4.97 4.80 4.33 3.74 3.22 3.15 3.64 4.41 5.04 5.37 5.54 5.60 5.58 5.51 5.43 5.22 4.64 3.91 3.46 3.36 3.37 3.41 3.51 3.66 3.89 4.27 4.74 5.09 5.25 5.25 5.18 5.16 5.17 5.22 5.30 5.37 5.31 5.00 4.53 4.21 4.14 4.20 4.34 4.51 4.57 4.67 4.82 5.02 5.26 5.54 5.82 6.03 6.01 5.91 5.75 5.60 5.44 5.25 5.04 4.84 4.81 4.89 5.01 5.04 5.02 5.11 5.05 4.90 4.82 5.00 5.31 5.56 5.72 5.85
5.39 5.50 5.55 5.41 5.19 4.94 4.75 4.66 4.67 4.63 4.35 3.80 3.13 2.57 2.40 2.75 3.55 4.45 5.08 5.49 5.72 5.81 5.78 5.78 5.81 5.67 5.22 4.64 4.30 4.29 4.35 4.31 4.35 4.39 4.48 4.70 4.93 5.01 4.95 4.82 4.71 4.72 4.90 5.06 5.19 5.25 5.14 4.75 4.28 4.02 3.90 3.69 3.53 3.59 3.86 4.28 4.66 4.94 5.20 5.49 5.76 5.87 5.82 5.68 5.59 5.54 5.46 5.30 5.14 4.94 4.82 4.82 4.88 4.91 5.00 5.09 4.96 4.74 4.52 4.44 4.54 4.78 5.10 5.43
5.44 5.42 5.35 5.23 5.07 4.88 4.73 4.62 4.41 3.96 3.23 2.59 2.23 2.15 2.37 2.89 3.49 4.03 4.52 5.00 5.28 5.43 5.60 5.90 5.80 6.00 5.78 5.70 5.72 5.78 5.79 5.77 5.72 5.56 5.43 5.32 5.18 5.04 4.90 4.76 4.64 4.66 4.91 5.12 5.24 5.24 5.09 4.78 4.50 4.29 4.00 3.50 3.07 3.13 3.56 4.16 4.69 5.03 5.28 5.53 5.67 5.60 5.48 5.44 5.49 5.58 5.59 5.46 5.29 5.08 4.93 4.91 4.92 4.93 4.95 4.91 4.83 4.70 4.51 4.26 3.99 3.81 3.88 4.12
5.29 5.10 4.94 4.91 4.81 4.65 4.45 4.18 3.77 3.23 2.75 2.50 2.56 2.92 3.62 4.31 4.49 4.45 4.44 4.54 4.71 4.94 5.41 5.90 6.05 5.96 5.99 6.20 6.41 6.53 6.50 6.41 6.27 6.02 5.76 5.50 5.26 5.08 4.91 4.75 4.73 4.89 5.14 5.26 5.27 5.20 5.09 4.92 4.72 4.42 3.91 3.40 3.35 3.78 4.32 4.71 4.96 5.17 5.39 5.52 5.45 5.29 5.27 5.43 5.57 5.64 5.65 5.58 5.46 5.35 5.22 5.15 5.06 4.91 4.68 4.54 4.58 4.63 4.53 4.29 3.90 3.63 3.65 3.79
5.17 4.98 4.79 4.75 4.66 4.50 4.28 3.98 3.64 3.42 3.46 3.72 4.13 4.78 5.58 6.15 6.31 5.95 5.42 5.18 5.19 5.40 5.82 6.07 5.96 5.75 5.73 5.87 6.02 6.13 6.18 6.14 6.07 5.93 5.74 5.53 5.31 5.10 4.86 4.73 4.89 5.21 5.41 5.32 5.17 5.09 5.05 4.96 4.80 4.49 4.12 4.01 4.35 4.89 5.13 5.09 5.02 5.14 5.31 5.33 5.21 5.15 5.26 5.42 5.52 5.52 5.48 5.47 5.49 5.54 5.47 5.34 5.15 4.88 4.59 4.44 4.50 4.60 4.56 4.45 4.37 4.45 4.58 4.56
5.16 5.03 4.86 4.78 4.74 4.72 4.70 4.62 4.53 4.61 4.98 5.52 6.15 6.74 7.17 7.34 7.33 7.13 6.86 6.65 6.54 6.52 6.53 6.35 5.98 5.62 5.47 5.42 5.30 5.20 5.23 5.31 5.36 5.40 5.42 5.42 5.37 5.17 4.94 4.90 5.11 5.26 5.20 5.02 4.92 4.99 5.09 5.10 5.08 5.02 4.97 5.04 5.30 5.51 5.37 5.07 5.03 5.18 5.25 5.20 5.17 5.20 5.22 5.22 5.23 5.16 5.07 5.12 5.26 5.39 5.41 5.34 5.16 4.92 4.70 4.60 4.62 4.65 4.64 4.66 4.82 5.04 5.17 5.15
5.22 5.16 5.04 4.97 4.98 5.07 5.23 5.39 5.63 5.99 6.47 7.00 7.40 7.57 7.51 7.28 7.02 7.04 7.11 7.09 7.02 6.91 6.72 6.34 5.84 5.50 5.41 5.35 5.12 4.82 4.61 4.55 4.58 4.70 4.88 5.07 5.16 5.11 5.01 4.95 4.87 4.68 4.46 4.46 4.77 5.10 5.31 5.38 5.44 5.59 5.72 5.80 5.87 5.86 5.67 5.46 5.46 5.48 5.39 5.30 5.24 5.16 5.06 5.01 5.00 4.89 4.75 4.79 4.95 5.10 5.20 5.19 5.08 4.92 4.79 4.74 4.71 4.65 4.64 4.71 4.84 4.97 5.04 5.05
5.31 5.30 5.22 5.16 5.19 5.28 5.46 5.77 6.26 6.79 7.20 7.38 7.32 7.06 6.67 6.24 5.97 6.03 6.15 6.26 6.36 6.40 6.30 5.99 5.59 5.36 5.36 5.38 5.24 5.04 4.86 4.73 4.74 4.82 4.87 4.89 4.88 4.91 4.88 4.71 4.46 4.25 4.28 4.59 5.08 5.45 5.63 5.62 5.62 5.77 5.96 6.10 6.18 6.20 6.21 6.15 6.07 5.88 5.62 5.41 5.23 5.05 4.97 4.96 4.89 4.70 4.58 4.65 4.85 5.01 5.04 4.99 4.94 4.87 4.82 4.80 4.74 4.66 4.65 4.72 4.82 4.93 4.96 4.92
5.34 5.29 5.24 5.27 5.36 5.50 5.76 6.15 6.64 6.96 7.01 6.80 6.44 6.03 5.65 5.32 5.14 5.13 5.17 5.33 5.57 5.73 5.79 5.65 5.42 5.29 5.27 5.21 5.07 5.11 5.24 5.34 5.39 5.36 5.23 5.03 4.86 4.82 4.77 4.67 4.60 4.67 4.87 5.24 5.61 5.85 5.87 5.72 5.60 5.63 5.79 5.99 6.19 6.32 6.43 6.47 6.32 6.06 5.73 5.43 5.19 5.05 4.98 4.88 4.67 4.50 4.54 4.74 4.97 5.04 4.91 4.82 4.82 4.81 4.77 4.73 4.68 4.66 4.68 4.76 4.90 5.01 5.02 4.98
5.27 5.18 5.16 5.31 5.48 5.74 6.12 6.48 6.68 6.59 6.28 5.93 5.60 5.30 5.00 4.70 4.51 4.53 4.69 4.91 5.15 5.45 5.57 5.38 5.24 5.33 5.32 5.16 4.99 4.99 5.09 5.17 5.21 5.21 5.17 5.08 4.95 4.87 4.86 4.93 5.05 5.18 5.36 5.70 6.01 6.09 5.91 5.61 5.40 5.38 5.45 5.62 5.78 5.89 6.01 6.08 6.01 5.83 5.60 5.38 5.20 5.04 4.87 4.66 4.49 4.48 4.67 4.92 5.08 4.96 4.74 4.69 4.70 4.69 4.64 4.58 4.51 4.49 4.56 4.71 4.88 4.94 4.90 4.91
5.19 5.12 5.13 5.27 5.47 5.77 6.13 6.28 6.14 5.78 5.38 5.01 4.72 4.47 4.19 3.99 4.07 4.33 4.59 4.81 5.17 5.58 5.55 5.21 5.24 5.50 5.54 5.43 5.29 5.09 4.88 4.64 4.52 4.59 4.74 4.84 4.88 4.89 4.95 5.09 5.23 5.36 5.56 5.90 6.11 6.04 5.70 5.35 5.18 5.17 5.19 5.23 5.23 5.17 5.10 5.14 5.20 5.23 5.27 5.27 5.18 4.98 4.74 4.56 4.54 4.66 4.86 5.05 5.05 4.81 4.60 4.54 4.52 4.53 4.54 4.49 4.39 4.32 4.37 4.60 4.76 4.68 4.56 4.53
