project/data/elevation/US_DEM2016/US_DEM2016_point_10-31-2019_0248_30m_vel.asc
ncols	125
nrows	167
xllcorner	-2042055.000000
yllcorner	1465035.000000
cellsize	30.000000
NODATA_value	-9999.000000
[rows 76 to 113 of 167, columns 0 to 83 of 125]
4.24 4.07 3.95 4.04 4.14 4.35 4.79 5.25 5.45 5.31 5.04 4.91 5.14 5.68 6.26 6.80 7.10 7.02 6.59 6.08 5.72 5.44 5.14 4.84 4.65 4.56 4.46 4.41 4.47 4.57 4.59 4.46 4.11 3.86 3.86 3.96 3.96 3.79 3.55 3.37 3.33 3.48 3.77 3.88 3.80 3.62 3.52 3.39 3.28 3.26 3.25 3.20 3.15 3.25 3.50 3.75 3.90 3.93 3.97 4.06 4.08 3.80 3.18 2.63 2.37 2.37 2.60 2.83 3.09 3.47 3.83 4.21 4.84 5.59 6.30 7.01 7.70 8.06 7.79 6.99 5.81 4.45 3.79 3.59
4.27 4.08 4.00 4.10 4.22 4.61 4.95 5.00 4.69 4.21 3.97 4.17 4.74 5.50 6.20 6.67 6.75 6.45 5.96 5.49 5.14 4.90 4.70 4.57 4.49 4.44 4.35 4.33 4.37 4.50 4.66 4.72 4.62 4.55 4.50 4.38 4.13 3.78 3.48 3.40 3.51 3.67 3.75 3.66 3.53 3.40 3.33 3.24 3.12 3.06 3.01 2.99 3.02 3.23 3.56 3.85 4.02 4.10 4.15 4.12 3.82 3.23 2.78 2.71 2.93 3.27 3.51 3.73 4.13 4.81 5.36 5.99 6.78 7.46 7.95 8.33 8.46 8.16 7.37 6.50 5.65 4.63 3.91 3.53
4.21 3.90 3.76 3.87 4.00 4.25 4.30 4.09 3.90 3.80 4.02 4.48 5.17 5.95 6.49 6.66 6.45 6.01 5.53 5.11 4.78 4.53 4.36 4.26 4.18 4.12 4.07 4.15 4.23 4.29 4.45 4.67 4.81 4.82 4.71 4.47 4.12 3.76 3.57 3.53 3.51 3.42 3.29 3.18 3.08 2.93 2.72 2.54 2.48 2.49 2.57 2.76 3.10 3.49 3.80 4.01 4.16 4.20 4.12 3.87 3.42 2.99 2.93 3.24 3.79 4.22 4.60 5.12 5.80 6.23 6.64 7.19 7.76 8.13 8.18 8.09 7.75 7.04 6.40 6.05 5.86 5.49 4.93 4.38
4.03 3.63 3.47 3.65 3.76 3.83 3.86 3.93 4.14 4.47 4.88 5.40 6.10 6.67 6.85 6.63 6.17 5.65 5.20 4.83 4.49 4.22 4.05 3.92 3.80 3.69 3.66 3.75 3.76 3.76 3.79 4.10 4.35 4.44 4.37 4.20 3.97 3.66 3.48 3.29 3.06 2.87 2.79 2.85 2.84 2.72 2.51 2.44 2.57 2.82 3.12 3.50 3.89 4.11 4.15 4.11 3.99 3.78 3.45 3.06 2.80 2.85 3.16 3.75 4.46 5.13 5.86 6.48 6.70 6.77 6.89 7.13 7.39 7.35 7.09 6.70 6.19 5.67 5.38 5.40 5.59 5.69 5.55 5.18
3.79 3.49 3.45 3.77 3.95 4.02 4.15 4.41 4.81 5.20 5.67 6.28 6.86 7.01 6.76 6.23 5.63 5.11 4.71 4.39 4.10 3.88 3.73 3.58 3.44 3.35 3.26 3.16 2.99 2.94 2.91 3.14 3.48 3.76 3.88 3.89 3.93 3.72 3.58 3.39 3.23 3.18 3.21 3.29 3.28 3.21 3.14 3.22 3.45 3.79 4.12 4.36 4.45 4.39 4.18 4.01 3.76 3.45 3.18 2.99 2.98 3.22 3.69 4.41 5.21 6.04 6.60 6.66 6.41 6.24 6.26 6.29 6.19 5.86 5.57 5.36 5.17 4.98 4.82 4.73 4.86 5.18 5.38 5.34
3.69 3.58 3.67 4.02 4.27 4.42 4.57 4.84 5.24 5.70 6.25 6.77 6.97 6.70 6.12 5.48 4.91 4.39 4.02 3.73 3.54 3.45 3.40 3.29 3.21 3.13 2.96 2.63 2.36 2.24 2.20 2.32 2.60 2.99 3.33 3.64 3.80 3.96 4.03 4.06 4.13 4.23 4.29 4.24 4.14 4.09 4.09 4.21 4.40 4.47 4.43 4.33 4.23 4.12 4.05 4.02 3.98 4.05 4.12 4.13 4.16 4.32 4.71 5.35 6.01 6.43 6.31 5.74 5.40 5.46 5.61 5.60 5.39 5.04 4.86 4.76 4.74 4.75 4.68 4.49 4.42 4.52 4.81 5.03
3.90 3.90 3.94 4.03 4.21 4.46 4.75 5.10 5.54 6.04 6.51 6.71 6.49 5.91 5.27 4.75 4.29 3.84 3.45 3.20 3.08 3.01 2.93 2.95 3.00 2.99 2.87 2.60 2.20 2.06 2.11 2.27 2.43 2.56 2.86 3.40 3.68 4.01 4.25 4.49 4.73 4.87 4.86 4.72 4.60 4.59 4.65 4.72 4.73 4.53 4.28 4.21 4.26 4.30 4.25 4.22 4.35 4.51 4.67 4.80 4.96 5.18 5.53 5.95 6.30 6.16 5.51 5.00 4.96 5.20 5.34 5.23 4.95 4.67 4.57 4.52 4.49 4.54 4.54 4.44 4.30 4.21 4.22 4.48
4.10 4.15 4.14 4.04 4.14 4.46 4.85 5.30 5.77 6.17 6.39 6.25 5.78 5.18 4.66 4.25 3.85 3.48 3.15 2.91 2.73 2.57 2.48 2.57 2.78 2.93 3.03 3.07 2.87 2.75 2.85 2.99 2.96 2.86 3.02 3.39 3.57 3.89 4.23 4.57 4.76 4.74 4.63 4.50 4.47 4.58 4.72 4.78 4.75 4.65 4.65 4.75 4.76 4.64 4.45 4.38 4.51 4.47 4.57 4.83 5.17 5.47 5.75 5.96 5.97 5.55 5.04 4.98 5.13 5.21 5.14 4.85 4.43 4.11 3.97 4.01 4.04 4.06 4.09 4.13 4.08 3.95 3.77 3.88
4.09 4.13 4.20 4.23 4.38 4.68 5.06 5.49 5.86 6.06 6.01 5.65 5.14 4.63 4.20 3.81 3.42 3.09 2.84 2.62 2.41 2.25 2.27 2.47 2.83 3.18 3.51 3.87 4.15 4.28 4.29 4.12 3.85 3.60 3.44 3.57 3.85 4.19 4.53 4.65 4.48 4.23 4.14 4.23 4.36 4.56 4.79 4.99 5.16 5.29 5.26 5.13 4.89 4.67 4.49 4.47 4.52 4.60 4.78 5.00 5.26 5.45 5.58 5.62 5.47 5.12 4.93 5.07 5.12 5.00 4.75 4.36 3.86 3.44 3.19 3.21 3.29 3.31 3.38 3.47 3.56 3.56 3.41 3.40
4.03 4.06 4.21 4.43 4.71 5.01 5.28 5.52 5.72 5.75 5.54 5.11 4.63 4.18 3.77 3.38 2.94 2.58 2.37 2.25 2.23 2.32 2.58 2.96 3.41 3.79 4.17 4.54 4.91 5.15 5.16 4.91 4.55 4.24 4.10 4.15 4.44 4.73 4.69 4.38 4.01 3.89 4.05 4.27 4.43 4.69 5.06 5.35 5.56 5.67 5.56 5.25 4.95 4.74 4.55 4.54 4.67 4.80 4.89 4.94 4.98 5.03 5.10 5.19 5.09 4.88 4.76 4.81 4.72 4.57 4.38 4.11 3.75 3.35 2.93 2.81 2.73 2.61 2.55 2.60 2.76 3.01 3.03 3.07
4.08 4.16 4.35 4.62 4.91 5.12 5.20 5.26 5.39 5.40 5.13 4.70 4.24 3.80 3.37 2.92 2.46 2.13 2.17 2.16 2.39 2.73 3.15 3.59 4.01 4.34 4.57 4.71 4.85 5.00 5.05 5.04 4.90 4.66 4.50 4.49 4.59 4.57 4.20 3.79 3.66 3.77 3.90 4.03 4.22 4.65 5.08 5.24 5.29 5.36 5.39 5.29 5.13 4.94 4.70 4.60 4.95 4.54 4.57 4.48 4.43 4.43 4.62 4.84 4.84 4.68 4.52 4.42 4.30 4.25 4.24 4.25 4.23 4.07 3.60 3.12 2.77 2.50 2.28 2.63 2.22 2.32 2.48 2.64
4.16 4.24 4.41 4.60 4.73 4.76 4.79 4.95 5.18 5.20 4.86 4.39 3.91 3.41 2.89 2.43 2.20 2.24 2.46 2.68 2.90 3.15 3.48 3.89 4.27 4.50 4.55 4.47 4.41 4.41 4.54 4.77 4.95 4.99 4.88 4.62 4.92 3.91 3.58 3.49 3.52 3.51 3.46 3.53 3.92 4.47 4.75 4.62 4.44 4.45 4.51 4.61 4.70 4.74 4.71 4.60 4.44 4.26 4.19 4.21 4.21 4.33 4.57 4.74 4.74 4.57 4.40 4.27 4.15 4.19 4.36 4.54 4.67 4.77 4.75 4.35 3.89 3.45 3.10 2.84 2.59 2.41 2.44 2.61
4.19 4.24 4.31 4.38 4.39 4.43 4.66 5.06 5.28 5.10 4.61 4.06 3.52 2.96 2.49 3.14 2.50 2.94 3.23 3.37 3.45 3.56 3.79 4.08 4.26 4.31 4.21 4.10 4.10 4.16 4.30 4.49 4.75 4.96 5.00 4.71 4.16 3.72 3.47 3.47 3.44 3.38 3.38 3.56 3.93 4.30 4.33 3.90 3.44 3.22 3.22 3.29 3.47 3.78 4.04 4.22 4.25 4.24 4.29 4.37 4.46 4.57 4.64 4.66 4.63 4.51 4.36 4.25 4.20 4.31 4.54 4.69 4.76 4.92 5.19 5.30 5.21 5.00 4.71 4.34 3.89 3.54 3.52 3.47
4.20 4.23 4.30 4.35 4.40 4.63 5.03 5.32 5.24 4.80 4.16 3.50 2.89 2.38 2.23 2.43 2.84 3.18 3.40 3.59 3.75 3.91 4.07 4.10 3.98 3.82 3.72 3.77 3.96 4.16 4.28 4.33 4.36 4.49 4.65 4.65 4.28 3.93 3.66 3.59 3.61 3.70 3.78 3.86 4.03 4.19 4.04 3.45 2.85 2.63 2.58 2.59 2.73 3.09 3.56 3.94 4.18 4.33 4.45 4.56 4.63 4.56 4.44 4.41 4.45 4.38 4.22 4.20 4.25 4.37 4.53 4.62 4.59 4.60 4.79 5.12 5.37 5.49 5.51 5.39 5.21 5.03 4.86 4.61
4.20 4.24 4.35 4.48 4.68 5.02 5.30 5.24 4.80 4.12 3.40 2.63 1.99 1.71 2.94 2.05 2.31 2.56 2.92 3.29 3.65 3.91 3.95 3.74 3.45 3.34 3.43 3.63 3.75 3.82 3.88 3.90 3.90 3.96 4.20 4.46 4.36 4.10 3.89 3.89 3.97 4.07 4.10 4.15 4.26 4.33 4.17 3.75 3.32 3.10 3.09 3.26 3.61 3.98 4.23 4.32 4.37 4.42 4.44 4.44 4.37 4.18 4.07 4.16 4.27 4.19 3.98 4.02 4.14 4.21 4.27 4.34 4.22 3.99 3.97 4.16 4.47 4.77 5.04 5.25 5.36 5.41 5.38 5.21
4.21 4.25 4.39 4.59 4.87 5.16 5.15 4.74 4.03 3.21 2.48 1.89 1.60 1.53 1.56 1.63 1.76 2.02 2.39 2.81 3.19 3.46 3.44 3.30 3.26 3.36 3.52 3.60 3.48 3.33 3.28 3.33 3.46 3.59 3.81 4.15 4.27 4.09 3.97 4.08 4.18 4.25 4.35 4.58 4.75 4.81 4.72 4.55 4.46 4.42 4.39 4.61 4.90 5.01 4.90 4.61 4.40 4.31 4.19 4.03 3.87 3.75 3.74 3.93 4.08 3.98 3.76 3.83 3.91 3.92 3.94 3.98 3.80 3.50 3.35 3.38 3.51 3.68 3.92 4.21 4.49 4.71 4.81 4.87
4.23 4.30 4.47 4.70 4.94 4.97 4.62 3.93 3.13 2.41 1.93 1.76 1.78 1.86 1.91 1.94 2.02 2.19 2.41 2.68 2.94 3.08 3.13 3.28 3.52 3.72 3.85 3.82 3.69 3.59 3.53 3.54 3.64 3.66 3.62 3.79 4.01 4.01 4.04 4.21 4.35 4.49 4.72 5.07 5.24 5.25 5.17 5.10 5.16 5.31 5.42 5.42 5.25 4.91 4.55 4.34 4.23 4.10 3.88 3.62 3.41 3.33 3.43 3.71 3.96 3.96 3.83 3.80 3.76 3.72 3.74 3.76 3.59 3.26 3.00 2.89 2.94 2.92 2.93 3.08 3.31 3.54 3.64 3.68
4.25 4.31 4.46 4.65 4.67 4.38 3.77 3.02 2.34 1.92 1.82 1.91 2.09 2.29 2.50 2.70 2.85 2.95 3.10 3.34 3.53 3.61 3.65 3.76 3.86 4.04 4.32 4.53 4.63 4.63 4.56 4.50 4.44 4.25 3.83 3.67 3.86 4.07 4.31 4.54 4.71 4.91 5.18 5.42 5.42 5.31 5.21 5.20 5.30 5.47 5.54 5.44 5.10 4.62 4.30 4.26 4.23 4.05 3.74 3.43 3.22 3.17 3.37 3.79 4.15 4.23 4.11 3.95 3.76 3.68 3.68 3.69 3.51 3.10 2.66 2.38 2.32 2.20 2.07 2.17 2.39 2.57 2.56 2.53
4.27 4.28 4.30 4.24 3.94 3.39 2.73 2.15 1.79 1.74 1.90 2.16 2.43 2.73 3.12 3.57 3.94 4.20 4.44 4.66 4.75 4.70 4.52 4.28 4.12 4.30 4.73 4.99 5.05 4.97 4.85 4.72 4.54 4.27 3.88 3.76 3.93 4.28 4.66 4.92 5.08 5.22 5.33 5.34 5.20 5.06 5.03 5.11 5.25 5.36 5.29 5.17 5.10 5.04 4.87 4.62 4.37 4.13 3.90 3.71 3.61 3.62 3.83 4.20 4.45 4.43 4.18 3.97 3.83 3.84 3.88 3.80 3.46 2.84 2.22 1.86 1.80 1.72 1.62 1.71 1.85 1.85 1.79 1.85
4.28 4.27 4.16 3.83 3.28 2.68 2.18 1.87 1.81 2.01 2.31 2.66 3.05 3.48 3.98 4.53 4.98 5.37 5.62 5.65 5.45 5.09 4.65 4.32 4.24 4.52 4.83 4.75 4.41 4.15 3.96 3.84 3.76 3.67 3.66 3.86 4.14 4.51 4.87 5.06 5.11 5.09 4.97 4.81 4.75 4.74 4.82 4.91 5.03 5.11 5.03 4.94 4.95 5.00 4.95 4.68 4.39 4.15 3.99 3.92 3.94 4.08 4.30 4.56 4.64 4.45 4.09 3.93 4.01 4.23 4.28 4.01 3.46 2.72 2.08 1.79 1.75 1.68 1.64 1.74 1.81 1.74 1.62 1.75
4.29 4.23 4.03 3.69 3.30 2.96 2.72 2.57 2.57 2.77 3.03 3.38 3.84 4.36 4.91 5.37 5.71 5.89 5.82 5.51 5.00 4.45 4.10 4.09 4.36 4.76 4.88 4.51 4.00 3.72 3.60 3.60 3.66 3.64 3.73 4.02 4.34 4.62 4.84 4.91 4.85 4.67 4.43 4.27 4.28 4.40 4.52 4.57 4.55 4.42 4.34 4.32 4.33 4.31 4.25 4.20 4.11 3.98 3.87 3.80 3.87 4.13 4.47 4.74 4.73 4.49 4.21 4.13 4.27 4.47 4.44 4.05 3.51 3.05 2.61 2.35 2.18 2.00 2.02 2.14 2.14 2.07 2.06 2.34
4.24 4.10 3.83 3.76 3.62 3.54 3.49 3.51 3.63 3.77 3.91 4.18 4.63 5.19 5.66 5.89 5.88 5.60 5.08 4.43 3.86 3.54 3.60 3.96 4.44 4.97 5.10 4.92 4.71 4.62 4.59 4.56 4.43 4.22 4.12 4.24 4.41 4.57 4.64 4.60 4.40 4.13 3.94 3.92 3.98 4.14 4.31 4.29 3.96 3.52 3.28 3.29 3.39 3.41 3.45 3.59 3.74 3.79 3.81 3.81 3.93 4.22 4.52 4.67 4.56 4.34 4.20 4.21 4.26 4.31 4.23 3.90 3.67 3.61 3.51 3.24 2.92 2.62 2.81 3.00 2.95 2.87 3.02 3.52
4.12 3.95 3.76 3.87 3.83 3.93 4.08 4.31 4.56 4.75 4.91 5.11 5.48 5.85 5.97 5.82 5.39 4.76 4.07 3.51 3.22 3.24 3.56 4.02 4.58 5.20 5.38 5.41 5.43 5.42 5.34 5.16 4.91 4.63 4.41 4.37 4.41 4.44 4.38 4.19 3.88 3.66 3.67 3.82 3.98 4.22 4.42 4.28 3.73 3.16 2.88 2.80 2.70 2.75 2.99 3.35 3.67 3.83 3.90 3.96 4.11 4.35 4.47 4.45 4.28 4.12 4.01 3.97 3.96 4.00 3.93 3.82 3.97 4.23 4.41 4.36 4.10 3.89 4.19 4.33 4.24 4.19 4.40 4.67
4.06 3.95 3.88 3.97 4.15 4.43 4.78 5.08 5.28 5.42 5.56 5.75 5.91 5.91 5.63 5.12 4.49 3.84 3.34 3.12 3.26 3.65 4.10 4.48 4.98 5.40 5.36 5.16 5.08 5.01 4.89 4.77 4.69 4.63 4.45 4.34 4.29 4.19 3.98 3.74 3.59 3.71 3.93 4.11 4.29 4.56 4.68 4.50 4.08 3.75 3.55 3.34 3.07 3.11 3.37 3.65 3.89 4.05 4.15 4.23 4.31 4.43 4.46 4.41 4.30 4.16 3.99 3.90 3.93 4.02 4.01 4.04 4.31 4.60 4.87 5.08 5.24 5.38 5.57 5.61 5.49 5.37 5.32 5.09
4.08 4.04 4.00 4.12 4.40 4.75 5.04 5.24 5.34 5.41 5.52 5.65 5.63 5.36 4.83 4.22 3.62 3.14 2.89 2.97 3.45 4.02 4.46 4.81 5.20 5.33 4.97 4.47 4.18 4.04 3.98 4.06 4.23 4.37 4.35 4.24 4.08 3.87 3.65 3.61 3.86 4.24 4.43 4.50 4.60 4.78 4.80 4.61 4.37 4.36 4.39 4.31 4.16 4.04 3.98 3.94 4.00 4.17 4.38 4.51 4.56 4.65 4.67 4.64 4.54 4.40 4.27 4.27 4.39 4.40 4.33 4.33 4.44 4.54 4.72 5.11 5.57 5.91 6.02 5.93 5.70 5.47 5.17 4.67
4.08 4.06 4.01 4.09 4.32 4.54 4.63 4.67 4.71 4.81 4.95 5.01 4.87 4.52 4.01 3.43 2.94 2.74 2.84 3.18 3.68 4.11 4.45 4.73 4.96 4.86 4.34 3.81 3.45 3.26 3.26 3.40 3.60 3.80 4.00 4.08 4.00 3.89 3.90 4.15 4.48 4.64 4.63 4.62 4.69 4.79 4.72 4.44 4.27 4.28 4.36 4.46 4.52 4.41 4.10 3.90 3.96 4.19 4.43 4.61 4.76 4.93 4.96 4.90 4.78 4.65 4.59 4.62 4.65 4.52 4.41 4.41 4.38 4.37 4.49 4.79 5.15 5.39 5.41 5.35 5.22 4.98 4.60 4.10
4.06 4.08 4.10 4.14 4.16 4.13 4.05 3.97 4.00 4.16 4.32 4.29 4.02 3.60 3.10 2.70 2.65 2.97 3.52 4.01 4.29 4.46 4.61 4.71 4.70 4.37 3.72 3.18 2.86 2.74 2.77 2.83 2.87 3.04 3.35 3.68 3.95 4.18 4.41 4.58 4.63 4.58 4.49 4.50 4.61 4.66 4.52 4.19 3.91 3.73 3.68 3.80 3.99 4.04 3.90 3.82 3.93 4.18 4.43 4.68 4.94 5.15 5.17 5.06 4.90 4.75 4.63 4.52 4.37 4.17 4.17 4.24 4.28 4.31 4.37 4.43 4.49 4.45 4.46 4.62 4.78 4.78 4.63 4.47
4.21 4.30 4.43 4.38 4.21 3.95 3.78 3.67 3.71 3.85 3.84 3.57 3.10 2.58 2.20 2.25 2.80 3.62 4.27 4.64 4.84 4.92 4.94 4.92 4.80 4.46 3.82 3.18 2.84 2.77 2.78 2.77 2.77 2.85 3.08 3.48 3.92 4.24 4.33 4.26 4.16 4.14 4.17 4.28 4.42 4.46 4.28 3.90 3.49 3.20 3.08 3.08 3.18 3.37 3.54 3.70 3.88 4.15 4.41 4.68 4.98 5.18 5.15 5.02 4.85 4.70 4.53 4.34 4.16 4.00 3.99 4.07 4.17 4.17 4.14 4.17 4.08 3.91 3.82 3.96 4.23 4.51 4.76 4.98
4.42 4.52 4.58 4.46 4.26 4.03 3.85 3.76 3.71 3.54 3.15 2.60 2.06 1.70 1.68 2.06 2.79 3.59 4.16 4.58 4.85 4.99 5.01 5.06 5.06 4.84 4.44 4.03 3.79 3.79 3.80 3.73 3.71 3.70 3.78 3.95 4.12 4.16 4.02 3.86 3.77 3.78 3.95 4.16 4.33 4.34 4.11 3.72 3.34 3.11 2.95 2.74 2.56 2.61 2.92 3.38 3.81 4.16 4.41 4.66 4.91 4.99 4.92 4.77 4.69 4.64 4.57 4.44 4.30 4.13 4.02 4.03 4.08 4.06 4.09 4.12 3.96 3.75 3.58 3.49 3.52 3.70 4.01 4.35
4.43 4.38 4.26 4.15 4.03 3.88 3.77 3.62 3.33 2.85 2.20 1.72 1.52 1.59 1.93 2.44 2.93 3.34 3.70 4.12 4.40 4.57 4.79 5.09 5.18 5.03 4.95 5.05 5.16 5.21 5.18 5.13 5.02 4.82 4.65 4.51 4.34 4.15 3.99 3.85 3.76 3.80 4.03 4.26 4.37 4.31 4.08 3.79 3.58 3.38 3.08 2.65 2.35 2.45 2.85 3.42 3.95 4.29 4.51 4.71 4.81 4.73 4.61 4.58 4.63 4.68 4.67 4.58 4.46 4.27 4.15 4.14 4.14 4.09 4.02 3.93 3.81 3.71 3.58 3.36 3.10 2.94 2.98 3.14
4.25 4.03 3.82 3.79 3.74 3.66 3.55 3.21 2.79 2.35 2.06 1.97 2.13 2.56 3.32 3.98 4.06 3.95 3.90 3.94 4.06 4.29 4.76 5.16 5.16 5.01 5.11 5.37 5.60 5.71 5.70 5.61 5.44 5.18 4.91 4.65 4.40 4.21 4.05 3.89 3.86 4.04 4.29 4.39 4.36 4.24 4.06 3.88 3.75 3.50 3.08 2.72 2.77 3.20 3.66 3.97 4.19 4.37 4.56 4.66 4.57 4.43 4.44 4.59 4.70 4.72 4.68 4.63 4.58 4.51 4.40 4.34 4.22 4.00 3.73 3.58 3.59 3.63 3.59 3.42 3.15 2.98 2.97 3.02
4.11 3.92 3.71 3.69 3.71 3.72 3.59 3.30 3.00 2.85 2.99 3.34 3.80 4.51 5.29 5.75 5.85 5.53 5.05 4.80 4.77 4.97 5.34 5.38 5.12 4.89 4.86 4.92 5.01 5.13 5.18 5.14 5.07 4.97 4.84 4.66 4.47 4.29 4.08 3.92 4.03 4.33 4.49 4.38 4.21 4.10 3.98 3.86 3.80 3.65 3.45 3.45 3.80 4.23 4.38 4.28 4.21 4.31 4.45 4.45 4.33 4.31 4.43 4.56 4.60 4.55 4.48 4.47 4.54 4.63 4.59 4.45 4.20 3.88 3.61 3.49 3.53 3.59 3.59 3.59 3.64 3.77 3.85 3.77
4.12 4.01 3.85 3.83 3.92 4.04 4.10 4.07 4.04 4.17 4.57 5.14 5.80 6.37 6.69 6.74 6.68 6.51 6.31 6.14 6.05 6.03 5.94 5.55 5.08 4.78 4.63 4.49 4.35 4.26 4.23 4.25 4.29 4.37 4.45 4.50 4.48 4.36 4.17 4.08 4.21 4.30 4.21 4.04 3.98 4.05 4.04 4.01 4.08 4.22 4.37 4.55 4.75 4.81 4.58 4.28 4.26 4.37 4.41 4.36 4.31 4.34 4.36 4.33 4.28 4.17 4.08 4.13 4.25 4.40 4.46 4.38 4.18 3.95 3.76 3.66 3.64 3.62 3.62 3.73 3.95 4.16 4.24 4.20
4.21 4.17 4.09 4.09 4.19 4.34 4.53 4.75 5.06 5.49 6.00 6.50 6.83 6.91 6.75 6.42 6.14 6.16 6.25 6.27 6.23 6.12 5.85 5.39 4.93 4.68 4.58 4.46 4.27 4.01 3.76 3.66 3.68 3.78 3.94 4.13 4.25 4.26 4.19 4.10 3.97 3.77 3.57 3.63 3.97 4.27 4.37 4.39 4.49 4.75 5.04 5.23 5.28 5.18 4.94 4.73 4.72 4.70 4.60 4.48 4.38 4.27 4.16 4.10 4.03 3.88 3.78 3.83 3.93 4.05 4.18 4.20 4.11 3.98 3.88 3.81 3.73 3.62 3.61 3.72 3.86 3.96 4.00 4.01
4.31 4.31 4.27 4.29 4.39 4.51 4.71 5.06 5.61 6.16 6.52 6.62 6.47 6.12 5.68 5.24 4.99 5.05 5.16 5.28 5.40 5.41 5.27 4.99 4.70 4.56 4.52 4.46 4.33 4.20 4.08 4.00 4.02 4.05 4.04 4.02 4.03 4.09 4.06 3.90 3.66 3.50 3.58 3.93 4.42 4.70 4.76 4.73 4.74 4.90 5.15 5.34 5.44 5.48 5.50 5.43 5.31 5.10 4.82 4.57 4.36 4.16 4.06 4.03 3.91 3.72 3.67 3.75 3.84 3.92 3.99 3.99 3.95 3.91 3.88 3.85 3.74 3.64 3.64 3.72 3.82 3.92 3.94 3.91
4.33 4.28 4.25 4.35 4.52 4.72 5.01 5.44 5.89 6.13 6.09 5.83 5.44 5.00 4.59 4.28 4.14 4.17 4.23 4.40 4.65 4.80 4.81 4.67 4.53 4.48 4.44 4.28 4.12 4.16 4.31 4.45 4.53 4.51 4.38 4.19 4.06 4.04 3.99 3.92 3.89 3.99 4.22 4.61 4.96 5.07 4.98 4.85 4.76 4.76 4.89 5.07 5.25 5.44 5.60 5.65 5.50 5.24 4.91 4.57 4.31 4.15 4.06 3.93 3.72 3.62 3.72 3.87 3.95 3.94 3.87 3.81 3.81 3.82 3.80 3.74 3.67 3.62 3.64 3.72 3.87 3.98 3.98 3.95
4.25 4.16 4.16 4.35 4.60 4.91 5.31 5.64 5.75 5.56 5.20 4.86 4.53 4.22 3.90 3.65 3.55 3.64 3.83 4.08 4.36 4.62 4.66 4.49 4.41 4.52 4.51 4.32 4.13 4.06 4.07 4.11 4.15 4.17 4.18 4.16 4.12 4.09 4.08 4.17 4.32 4.46 4.67 5.03 5.27 5.22 4.97 4.73 4.58 4.53 4.55 4.65 4.76 4.87 5.02 5.12 5.09 4.93 4.73 4.51 4.31 4.15 3.95 3.74 3.62 3.68 3.88 4.04 4.06 3.92 3.72 3.65 3.65 3.66 3.63 3.57 3.48 3.44 3.49 3.65 3.80 3.84 3.79 3.77
4.20 4.13 4.16 4.33 4.56 4.88 5.22 5.28 5.04 4.65 4.28 3.94 3.66 3.41 3.18 3.08 3.26 3.60 3.92 4.19 4.53 4.81 4.68 4.40 4.46 4.67 4.66 4.55 4.45 4.27 4.03 3.76 3.59 3.58 3.72 3.87 3.99 4.05 4.15 4.31 4.47 4.61 4.85 5.17 5.27 5.06 4.72 4.46 4.35 4.33 4.33 4.33 4.27 4.18 4.11 4.16 4.23 4.26 4.32 4.35 4.28 4.11 3.89 3.73 3.74 3.88 4.05 4.13 4.03 3.79 3.58 3.49 3.48 3.50 3.52 3.47 3.37 3.30 3.36 3.55 3.64 3.53 3.39 3.35
