project/data/elevation/US_DEM2016/US_DEM2016_point_10-31-2019_1500_30m_vel.asc
ncols	125
nrows	167
xllcorner	-2042055.000000
yllcorner	1465035.000000
cellsize	30.000000
NODATA_value	-9999.000000
[rows 38 to 75 of 167, columns 0 to 83 of 125]
8.10 7.79 7.15 6.64 6.15 5.85 5.61 5.24 4.77 4.35 4.22 4.26 4.46 4.81 5.16 5.33 5.35 5.49 5.92 6.50 6.81 6.93 7.00 7.15 7.34 7.48 7.63 7.74 7.53 7.18 6.80 6.47 6.30 6.33 6.55 7.05 7.59 7.90 8.20 8.68 9.05 8.97 8.95 8.67 8.67 8.62 8.14 7.23 6.58 6.13 5.97 5.97 5.96 5.94 5.97 6.04 6.16 6.53 6.84 7.10 7.04 6.52 6.10 5.75 5.39 5.12 4.85 4.75 4.80 4.98 5.01 5.00 5.18 5.60 5.85 6.07 6.34 6.91 7.65 8.46 9.08 9.34 9.09 8.44
8.03 7.32 6.24 5.68 5.29 5.13 4.94 4.67 4.44 4.28 4.29 4.42 4.60 4.77 4.92 5.05 5.15 5.30 5.48 5.62 5.54 5.43 5.44 5.69 6.21 6.78 7.23 7.62 7.73 7.56 7.29 7.03 6.85 6.89 7.32 8.01 8.44 8.65 8.84 9.18 9.45 9.26 9.02 8.79 8.55 8.21 7.56 6.79 6.26 5.85 5.82 6.01 6.14 6.01 6.07 6.24 6.47 6.81 6.84 6.71 6.29 5.57 4.93 4.75 4.69 4.64 4.44 4.34 4.47 4.69 4.77 4.80 5.04 5.46 5.71 5.80 5.89 6.29 6.87 7.18 7.20 7.48 8.01 8.16
7.73 6.90 5.69 5.11 4.92 4.84 4.80 4.78 4.81 4.93 5.11 5.30 5.30 5.09 4.88 4.85 4.99 5.11 5.05 4.82 4.70 4.73 4.99 5.41 6.06 6.60 7.01 7.40 7.64 7.72 7.68 7.58 7.65 8.04 8.66 9.28 9.63 9.79 9.57 9.30 9.21 8.65 8.21 8.09 7.90 7.88 7.72 7.52 7.20 6.96 6.69 6.62 6.57 6.24 6.19 6.30 6.51 6.70 6.48 6.01 5.43 4.63 3.79 3.52 3.53 3.66 3.89 4.11 4.31 4.44 4.48 4.64 5.05 5.48 5.67 5.65 5.62 5.83 6.28 6.45 6.24 6.35 7.14 8.12
7.44 6.79 5.84 5.42 5.36 5.37 5.34 5.34 5.47 5.73 6.03 6.13 5.86 5.35 5.00 4.95 5.07 5.14 5.02 4.84 4.86 5.11 5.47 5.79 6.06 6.35 6.54 6.78 7.19 7.54 7.93 8.09 8.50 9.11 9.70 10.14 10.33 10.13 9.69 9.09 8.52 7.92 7.39 7.09 7.20 7.29 7.54 7.70 7.82 7.86 7.76 7.30 6.84 6.34 6.06 6.01 6.01 5.93 5.64 5.27 4.80 4.17 3.49 3.31 3.48 3.74 4.00 4.15 4.19 4.26 4.36 4.54 4.96 5.43 5.56 5.42 5.46 5.81 6.21 6.19 5.92 5.86 6.36 7.56
7.33 6.93 6.32 6.06 5.98 5.91 5.79 5.79 6.03 6.37 6.58 6.47 5.94 5.53 5.38 5.44 5.52 5.57 5.57 5.64 5.82 6.06 6.30 6.48 6.61 6.61 6.55 6.60 6.96 7.37 8.06 8.86 9.48 10.02 10.23 10.08 9.80 9.34 8.73 8.12 7.59 7.13 6.60 6.35 6.37 6.53 6.84 7.02 7.26 7.39 7.41 7.10 6.68 6.15 5.85 5.78 5.65 5.39 5.13 5.09 4.88 4.58 4.33 4.39 4.60 4.59 4.40 4.24 4.30 4.45 4.48 4.45 4.63 4.95 4.95 4.73 5.04 5.74 6.15 5.99 5.76 5.83 6.33 7.31
7.26 6.97 6.54 6.35 6.26 6.21 6.24 6.43 6.73 6.95 6.91 6.55 5.96 5.72 5.70 5.81 5.97 6.07 6.25 6.53 6.86 7.10 7.23 7.29 7.29 7.13 7.01 7.01 7.22 7.50 8.20 9.07 9.73 10.15 9.92 9.34 8.68 8.07 7.47 7.08 6.81 6.48 6.01 5.63 5.66 5.91 6.12 5.99 5.71 5.42 5.43 5.77 5.97 5.90 5.84 5.98 6.00 5.92 5.88 5.85 5.67 5.58 5.65 5.73 5.42 4.94 4.76 4.87 4.98 4.75 4.31 4.03 4.12 4.30 4.21 4.12 4.53 5.35 5.77 5.61 5.63 6.12 6.74 7.19
7.20 6.99 6.72 6.63 6.73 6.96 7.23 7.45 7.54 7.46 7.14 6.58 6.05 5.82 5.83 6.01 6.23 6.44 6.72 7.10 7.45 7.63 7.65 7.54 7.38 7.18 7.11 7.18 7.45 7.82 8.57 9.19 9.45 9.33 8.89 8.49 8.04 7.51 6.77 6.26 6.00 5.78 5.45 5.09 5.03 5.34 5.20 4.85 4.38 4.12 4.27 4.69 5.11 5.43 5.88 6.39 6.65 6.76 6.75 6.56 6.36 6.33 6.21 5.94 5.37 5.21 5.47 5.53 5.07 4.21 3.69 3.67 3.89 4.03 4.04 4.15 4.61 5.17 5.44 5.33 5.47 6.11 6.57 6.73
7.36 7.30 7.24 7.32 7.51 7.77 7.98 8.04 7.94 7.67 7.19 6.62 6.25 6.11 6.24 6.44 6.61 6.82 7.09 7.33 7.44 7.40 7.27 7.11 7.04 6.97 6.96 7.14 7.65 8.28 8.99 8.94 8.66 8.14 7.77 7.74 7.51 7.13 6.39 5.75 5.27 5.00 4.74 4.42 4.45 4.68 4.64 4.64 4.66 4.72 4.70 4.58 4.59 5.02 5.84 6.61 6.83 6.80 6.68 6.60 6.46 6.47 6.23 5.97 5.89 6.03 5.87 5.16 4.19 3.64 3.66 4.02 4.27 4.36 4.46 4.74 5.21 5.51 5.52 5.44 5.48 5.74 6.11 6.35
7.65 7.65 7.69 7.81 7.89 7.90 7.83 7.73 7.56 7.28 6.91 6.52 6.45 6.62 6.91 7.07 7.15 7.22 7.28 7.25 7.11 6.91 6.70 6.62 6.74 6.85 6.98 7.34 8.03 8.68 8.98 8.61 7.86 7.32 6.99 6.80 6.63 6.45 6.06 5.48 4.79 4.37 4.23 4.27 4.47 4.70 5.05 5.25 5.30 5.03 4.59 4.35 4.65 5.38 6.19 6.62 6.65 6.53 6.46 6.54 6.43 6.46 6.40 6.36 6.31 6.03 5.07 4.31 4.08 4.31 4.73 5.00 5.11 5.16 5.33 5.62 5.91 6.01 5.96 5.94 5.87 5.84 6.05 6.42
7.83 7.73 7.66 7.68 7.59 7.38 7.13 6.89 6.67 6.49 6.26 6.11 6.23 6.65 7.05 7.26 7.32 7.27 7.13 6.96 6.78 6.60 6.45 6.41 6.54 6.75 7.02 7.57 8.29 8.69 8.50 7.82 7.28 6.81 6.36 6.02 5.83 5.79 5.73 5.46 4.77 4.38 4.44 4.86 5.12 5.35 5.53 5.27 4.71 4.06 3.85 4.30 5.47 6.67 7.13 6.99 6.84 6.72 6.67 6.69 6.55 6.56 6.47 6.32 5.96 5.34 4.82 4.86 5.37 5.94 6.29 6.40 6.43 6.43 6.47 6.63 6.77 6.76 6.76 6.80 6.49 6.24 6.38 6.67
7.84 7.69 7.35 7.20 7.04 6.75 6.44 6.15 5.94 5.75 5.56 5.52 5.67 6.11 6.52 6.75 6.88 6.89 6.79 6.65 6.51 6.37 6.27 6.23 6.30 6.50 6.80 7.45 8.26 8.49 8.10 7.44 6.99 6.51 5.89 5.38 5.25 5.29 5.32 5.16 4.72 4.42 4.52 4.88 5.11 5.29 5.30 4.67 4.05 3.87 4.38 5.78 7.37 8.18 8.23 7.67 7.27 7.01 6.91 6.96 6.91 6.84 6.67 6.42 6.35 6.48 6.96 7.57 8.08 8.43 8.51 8.49 8.45 8.39 8.33 8.34 8.35 8.20 7.97 7.56 6.91 6.46 6.57 6.70
7.84 7.69 7.16 6.82 6.65 6.46 6.19 5.93 5.72 5.46 5.34 5.37 5.57 5.94 6.22 6.39 6.49 6.55 6.52 6.40 6.22 6.07 5.99 5.98 6.04 6.19 6.48 7.25 8.20 8.31 7.85 7.38 7.01 6.52 5.87 5.24 5.02 4.82 4.61 4.37 4.13 3.92 3.92 4.09 4.43 4.76 4.97 4.69 4.55 5.00 6.43 8.13 9.08 9.19 8.73 7.96 7.42 7.18 7.16 7.41 7.50 7.51 7.36 7.51 8.01 8.74 9.55 10.24 10.67 10.85 10.86 10.82 10.75 10.67 10.53 10.33 10.12 9.84 9.23 8.31 7.35 6.69 6.56 6.50
7.95 7.72 7.13 6.71 6.53 6.43 6.32 6.18 5.99 5.80 5.87 6.04 6.28 6.54 6.67 6.67 6.62 6.52 6.36 6.16 5.96 5.81 5.73 5.73 5.82 6.02 6.43 7.35 8.16 8.01 7.27 7.11 6.91 6.52 6.19 5.77 5.28 4.65 4.09 3.85 3.79 3.82 3.95 4.17 4.50 4.87 5.40 5.75 6.17 7.22 8.77 9.65 9.75 9.10 8.43 7.74 7.35 7.26 7.22 7.35 7.52 7.73 7.84 8.18 8.95 9.71 10.22 10.69 10.94 11.05 11.12 11.20 11.22 11.18 11.00 10.71 10.41 10.14 9.68 9.03 8.31 7.56 6.82 6.41
8.06 7.69 7.03 6.76 6.58 6.44 6.38 6.37 6.30 6.26 6.54 6.91 7.17 7.29 7.27 7.09 6.83 6.53 6.26 6.06 5.89 5.73 5.58 5.54 5.68 6.04 6.57 7.43 7.88 7.32 6.61 6.54 6.46 6.38 6.30 6.19 5.62 4.93 4.48 4.42 4.63 4.98 5.31 5.49 5.70 6.17 7.08 8.04 9.01 9.83 10.25 10.12 9.36 8.35 7.77 7.28 6.99 6.83 6.66 6.55 6.72 6.99 7.54 7.94 8.51 8.82 8.70 8.56 8.47 8.60 8.83 9.15 9.27 9.26 9.09 8.88 8.79 8.68 8.58 8.56 8.45 8.19 7.68 6.90
8.01 7.44 6.68 6.47 6.38 6.29 6.29 6.33 6.38 6.47 6.79 7.24 7.47 7.51 7.34 7.01 6.63 6.30 6.08 5.93 5.78 5.61 5.45 5.43 5.67 6.10 6.63 7.27 7.36 6.60 6.10 6.08 6.02 5.98 6.08 5.96 5.71 5.49 5.44 5.72 6.07 6.41 6.65 6.92 7.38 8.19 9.24 10.07 10.55 10.61 10.29 9.49 8.59 7.72 7.23 6.82 6.48 6.14 6.00 5.92 6.11 6.43 6.80 7.19 7.33 6.91 6.32 5.72 5.57 5.75 6.05 6.38 6.52 6.43 6.38 6.29 6.37 6.41 6.49 6.74 7.16 7.46 7.52 7.21
7.74 7.13 6.28 5.95 5.90 5.97 6.15 6.26 6.36 6.49 6.66 6.90 7.03 6.91 6.63 6.30 6.02 5.83 5.68 5.53 5.39 5.30 5.33 5.55 5.88 6.22 6.61 7.00 6.94 6.44 6.11 6.08 5.99 5.89 5.72 5.56 5.59 5.70 5.94 6.37 6.81 7.06 7.34 7.79 8.61 9.58 10.28 10.55 10.28 9.75 9.13 8.50 7.89 7.37 6.96 6.59 6.26 6.00 6.03 6.13 6.37 6.55 6.57 6.60 6.29 5.69 5.16 4.95 5.03 5.16 5.06 4.81 4.69 4.63 4.59 4.58 4.71 4.84 4.89 4.87 5.00 5.29 5.52 5.79
7.43 6.94 6.20 5.85 5.71 5.66 5.76 5.94 6.04 6.15 6.16 6.14 5.99 5.68 5.35 5.22 5.17 5.09 5.02 5.04 5.14 5.26 5.50 5.84 6.09 6.35 6.65 6.90 6.99 6.91 6.67 6.41 6.15 5.86 5.48 5.19 5.23 5.42 5.68 6.05 6.52 6.92 7.34 8.10 9.20 9.95 10.08 9.44 8.41 7.94 7.76 7.65 7.43 7.21 6.91 6.59 6.34 6.29 6.50 6.64 6.72 6.70 6.40 6.15 5.71 5.50 5.50 5.56 5.53 5.28 4.71 4.00 3.64 3.50 3.41 3.42 3.58 3.66 3.58 3.35 3.18 3.21 3.52 4.20
7.29 6.98 6.54 6.25 5.97 5.61 5.26 5.21 5.33 5.46 5.49 5.33 4.94 4.46 4.21 4.20 4.24 4.28 4.44 4.80 5.25 5.66 5.97 6.14 6.30 6.53 6.78 7.07 7.22 7.28 6.89 6.40 6.01 5.62 5.25 4.92 4.94 5.17 5.34 5.57 5.95 6.49 7.16 8.28 9.36 9.66 8.95 7.81 7.09 6.86 6.85 6.92 6.96 7.00 6.75 6.52 6.36 6.41 6.64 6.60 6.38 6.09 5.80 5.63 5.71 5.89 6.08 6.05 5.50 4.76 3.93 3.40 3.22 3.08 2.84 2.64 2.60 2.50 2.31 2.27 2.45 2.91 3.73 4.64
7.44 7.40 7.22 6.90 6.47 5.95 5.30 5.05 5.03 5.15 5.17 4.91 4.50 4.17 3.99 3.95 4.04 4.25 4.61 5.13 5.70 6.23 6.48 6.59 6.76 6.97 7.10 7.25 7.44 7.40 6.82 6.39 6.17 5.87 5.43 5.19 5.33 5.56 5.64 5.76 6.04 6.54 7.34 8.58 9.25 8.95 7.68 6.68 6.15 6.00 6.07 6.23 6.43 6.50 6.34 6.18 6.06 6.07 6.08 5.75 5.31 5.01 5.02 5.28 5.97 6.37 6.23 5.74 4.87 4.14 3.73 3.70 3.70 3.37 2.77 2.32 2.18 2.08 2.07 2.38 3.10 4.24 5.55 6.23
7.74 7.80 7.67 7.34 6.92 6.45 6.00 5.75 5.56 5.47 5.37 5.15 4.95 4.88 4.92 5.00 5.15 5.40 5.66 6.01 6.46 6.91 7.14 7.33 7.55 7.69 7.56 7.58 7.83 7.92 7.65 7.38 7.22 6.90 6.30 6.06 6.31 6.52 6.62 6.69 6.85 7.08 7.77 8.78 8.91 7.89 6.60 5.70 5.32 5.31 5.45 5.63 5.87 5.90 5.85 5.75 5.59 5.37 5.10 4.82 4.69 4.76 5.13 5.62 6.31 6.37 5.81 5.03 4.41 4.33 4.60 4.77 4.35 3.58 2.86 2.61 2.68 2.81 3.10 3.89 5.23 6.66 7.42 7.33
7.95 7.79 7.45 7.23 7.08 6.93 6.72 6.47 6.12 5.79 5.60 5.60 5.75 5.99 6.30 6.52 6.77 7.01 7.21 7.37 7.61 7.72 7.87 8.14 8.36 8.26 8.04 8.05 8.37 8.45 8.30 8.04 7.79 7.42 6.89 6.62 6.74 6.98 7.21 7.39 7.50 7.60 8.08 8.54 8.07 6.69 5.56 4.92 4.66 4.65 4.83 4.97 5.16 5.41 5.51 5.44 5.30 5.09 4.99 5.14 5.40 5.78 6.23 6.55 6.69 6.31 5.52 5.05 5.08 5.43 5.68 5.38 4.46 3.53 3.22 3.44 3.81 4.26 5.03 6.20 7.52 8.22 8.13 7.34
8.02 7.53 6.92 6.79 6.90 7.04 7.02 6.70 6.23 5.79 5.60 5.74 6.16 6.69 7.16 7.50 7.77 8.04 8.29 8.40 8.37 8.31 8.41 8.64 8.67 8.48 8.36 8.47 8.63 8.39 7.75 7.26 6.93 6.74 6.63 6.62 6.69 6.92 7.19 7.50 7.76 7.84 7.99 7.78 6.84 5.44 4.57 4.17 4.00 4.06 4.14 4.22 4.57 5.09 5.42 5.49 5.48 5.51 5.72 5.95 6.31 6.85 7.34 7.60 7.36 6.92 6.19 6.06 6.41 6.61 6.17 5.29 4.41 4.16 4.48 5.00 5.65 6.43 7.43 8.39 8.83 8.58 7.73 6.80
8.02 7.45 6.62 6.37 6.36 6.43 6.49 6.33 5.97 5.59 5.40 5.49 5.87 6.42 6.91 7.22 7.44 7.61 7.72 7.78 7.87 8.01 8.20 8.23 8.00 7.89 8.08 8.44 8.48 8.08 7.40 6.68 6.21 6.07 6.34 6.69 6.99 7.17 7.31 7.44 7.57 7.43 7.26 6.85 5.93 4.70 3.95 3.71 3.75 3.86 3.88 3.98 4.40 5.06 5.61 5.93 6.14 6.31 6.44 6.52 6.85 7.61 8.28 8.55 8.24 7.86 7.47 7.25 7.38 7.28 6.53 5.78 5.56 6.11 6.88 7.61 8.34 9.01 9.48 9.51 9.01 8.05 7.12 6.46
7.98 7.28 6.27 5.92 5.64 5.49 5.52 5.54 5.39 5.12 4.87 4.78 4.92 5.18 5.48 5.68 5.79 5.72 5.45 5.41 5.99 6.67 6.91 6.63 6.18 6.44 7.30 7.96 8.07 7.85 7.64 7.38 7.05 6.83 6.79 7.00 7.27 7.38 7.29 7.10 6.90 6.66 6.43 6.30 5.79 4.89 4.32 4.35 4.51 4.57 4.59 4.75 5.02 5.42 5.86 6.27 6.66 7.04 7.23 7.49 8.04 8.80 9.14 9.03 8.66 8.36 8.22 8.26 8.32 8.20 7.91 7.81 8.23 8.90 9.46 9.92 10.28 10.42 10.19 9.45 8.49 7.57 6.89 6.35
7.71 6.89 5.81 5.45 5.22 5.03 4.90 4.84 4.76 4.49 4.10 3.80 3.64 3.61 3.68 3.81 3.87 3.65 3.47 3.66 4.26 4.94 5.13 4.81 4.74 5.44 6.80 7.59 7.64 7.27 7.33 7.54 7.64 7.63 7.35 7.13 6.98 6.92 6.66 6.32 6.09 6.19 6.34 6.62 6.56 6.34 6.05 6.05 6.14 6.15 6.16 6.13 5.99 5.92 6.01 6.25 6.63 7.18 7.80 8.53 9.26 9.49 9.22 8.55 7.81 7.71 8.18 8.52 8.85 9.08 9.34 9.71 10.15 10.50 10.36 10.49 10.42 10.09 9.42 8.62 7.90 7.27 6.75 6.21
7.40 6.73 5.74 5.28 5.08 4.93 4.75 4.55 4.39 4.13 3.70 3.25 2.91 2.78 2.78 2.83 2.87 3.01 3.22 3.52 3.85 4.07 4.08 4.05 4.45 5.49 6.92 7.53 7.28 6.55 6.44 6.71 7.07 7.31 7.13 6.62 6.10 5.79 5.68 5.57 5.64 6.18 6.82 7.40 7.55 7.60 7.59 7.47 7.40 7.34 7.05 6.69 6.36 6.19 6.17 6.32 6.68 7.33 8.15 8.90 9.21 8.90 8.14 7.16 6.67 6.88 7.60 8.16 8.47 8.89 9.33 9.66 9.88 9.83 9.59 9.25 8.82 8.25 7.81 7.41 6.99 6.63 6.28 5.86
7.32 6.90 6.17 5.65 5.34 5.13 4.88 4.59 4.42 4.25 3.98 3.67 3.42 3.19 3.03 2.99 3.15 3.60 4.12 4.36 4.33 4.24 4.25 4.38 4.98 6.13 7.25 7.55 6.97 6.06 5.70 5.69 5.99 6.24 6.29 6.02 5.56 5.23 5.23 5.54 6.02 6.81 7.46 7.85 7.85 7.82 7.84 7.86 7.78 7.50 6.88 6.44 6.26 6.29 6.39 6.57 6.96 7.67 8.32 8.56 8.17 7.34 6.57 6.04 6.09 6.61 7.18 7.45 7.51 7.82 8.12 8.19 8.05 7.90 7.74 7.40 6.86 6.31 5.97 5.84 5.66 5.48 5.25 5.05
7.31 7.01 6.51 6.15 5.82 5.47 5.12 4.92 4.87 4.88 4.89 4.86 4.73 4.43 4.09 3.90 4.05 4.45 4.88 5.24 5.22 5.15 5.23 5.51 6.07 7.13 7.69 7.76 7.12 6.12 5.57 5.24 5.14 5.29 5.67 6.00 6.10 6.18 6.31 6.59 7.07 7.61 7.85 7.82 7.54 7.38 7.47 7.59 7.50 7.26 6.80 6.48 6.37 6.42 6.53 6.69 7.06 7.70 8.14 7.84 7.06 6.33 5.83 5.61 5.75 6.21 6.68 6.73 6.64 6.78 6.93 6.83 6.54 6.27 6.03 5.90 5.47 4.88 4.35 4.15 4.14 3.94 3.75 3.64
7.28 7.00 6.57 6.25 5.99 5.67 5.46 5.47 5.66 5.94 6.17 6.21 5.93 5.52 5.09 4.82 4.82 5.04 5.31 5.79 6.07 6.31 6.57 6.82 7.22 7.92 8.41 8.29 7.68 6.78 6.21 5.76 5.44 5.49 5.89 6.47 7.02 7.46 7.63 7.69 7.75 7.85 7.76 7.52 7.17 6.94 6.98 6.95 6.87 6.83 6.77 6.64 6.55 6.54 6.67 6.89 7.31 7.81 7.79 7.07 6.22 5.77 5.45 5.25 5.36 5.92 6.45 6.45 6.13 6.08 6.03 5.93 5.76 5.38 4.87 4.55 4.25 3.77 3.19 2.78 2.61 2.44 2.26 2.28
7.31 7.00 6.53 6.15 5.85 5.63 5.65 5.87 6.29 6.77 7.13 7.15 6.93 6.58 6.19 5.81 5.55 5.57 5.79 6.23 6.64 7.14 7.33 7.59 8.15 8.91 9.12 8.72 8.02 7.42 7.08 6.81 6.59 6.54 6.63 6.92 7.27 7.55 7.65 7.56 7.48 7.49 7.39 7.12 6.78 6.42 6.28 6.10 5.95 6.05 6.26 6.39 6.48 6.57 6.83 7.20 7.57 7.62 7.01 6.07 5.51 5.29 5.09 5.18 5.56 6.20 6.41 6.04 5.50 5.29 5.20 5.12 5.05 4.77 4.20 3.65 3.22 2.83 2.28 1.77 1.52 1.49 1.60 1.87
7.33 6.96 6.37 5.95 5.63 5.46 5.48 5.64 6.00 6.47 6.92 7.21 7.37 7.40 7.27 6.97 6.57 6.32 6.39 6.63 6.88 7.37 7.67 8.10 8.81 9.38 9.30 8.55 7.76 7.45 7.44 7.50 7.49 7.24 7.01 6.92 6.86 6.78 6.77 6.92 7.08 7.17 7.06 6.74 6.37 6.03 5.78 5.48 5.25 5.21 5.36 5.64 6.01 6.34 6.76 7.08 7.14 6.68 5.74 5.16 5.01 4.92 5.02 5.48 5.92 6.10 5.81 5.06 4.43 4.16 4.09 3.89 3.75 3.73 3.47 2.97 2.39 1.94 1.60 1.40 1.38 1.57 1.95 2.57
7.25 6.79 6.03 5.70 5.48 5.32 5.19 5.05 4.99 5.12 5.45 6.14 6.88 7.49 7.86 7.85 7.55 7.20 7.03 7.06 7.16 7.53 7.89 8.67 9.06 9.23 8.73 7.94 7.14 6.85 6.95 7.18 7.29 7.10 6.88 6.71 6.53 6.47 6.66 6.97 7.10 7.05 6.82 6.60 6.43 6.17 5.81 5.28 4.72 4.44 4.52 4.94 5.56 6.04 6.38 6.42 6.01 5.21 4.59 4.47 4.43 4.33 4.66 5.17 5.31 5.13 4.73 4.13 3.55 3.12 2.91 2.79 2.75 2.68 2.51 2.22 1.91 1.74 1.80 2.04 2.36 2.70 3.15 3.88
7.11 6.58 5.81 5.58 5.45 5.33 5.15 4.86 4.48 4.17 4.16 4.65 5.62 6.68 7.55 7.99 8.05 7.88 7.70 7.67 7.71 7.88 8.17 8.72 9.04 8.78 8.10 7.27 6.50 6.02 5.88 5.97 6.24 6.45 6.59 6.62 6.59 6.69 6.96 7.18 7.14 6.91 6.69 6.65 6.61 6.17 5.49 4.70 4.26 4.33 4.75 5.38 5.91 6.10 5.99 5.60 4.86 4.15 3.87 3.84 3.69 3.58 3.73 4.05 4.27 4.36 4.40 4.20 3.81 3.46 3.31 3.17 2.94 2.57 2.22 2.12 2.23 2.48 2.87 3.32 3.78 4.28 4.76 5.56
7.02 6.52 5.84 5.61 5.51 5.43 5.33 5.20 4.93 4.53 4.20 4.29 4.89 5.75 6.68 7.44 7.89 8.25 8.24 8.37 8.50 8.62 9.36 9.34 9.16 8.55 7.75 6.99 6.24 5.77 5.56 5.56 5.65 5.87 6.17 6.44 6.57 6.67 6.86 7.06 6.89 6.57 6.37 6.40 6.31 5.60 4.95 4.73 5.08 5.72 6.30 6.64 6.66 6.36 5.90 5.40 4.94 4.59 4.37 4.16 3.94 3.84 3.90 4.14 4.72 5.29 5.58 5.49 5.24 5.05 4.84 4.45 3.77 3.15 2.81 2.83 3.14 3.61 4.14 4.81 5.61 6.39 7.03 8.01
6.97 6.48 5.87 5.65 5.59 5.58 5.61 5.74 5.87 5.84 5.60 5.40 5.53 5.90 6.38 7.09 7.73 8.41 8.69 9.00 9.36 9.50 9.85 9.59 9.20 8.39 7.75 7.28 6.77 6.57 6.54 6.46 6.17 6.03 6.13 6.33 6.46 6.58 6.69 6.58 6.28 5.99 5.91 6.02 6.07 5.88 6.02 6.60 7.22 7.57 7.64 7.41 6.99 6.49 6.21 6.15 6.11 6.06 5.93 5.75 5.64 5.72 5.96 6.41 6.95 7.16 6.87 6.46 6.15 5.80 5.30 4.61 3.85 3.49 3.51 3.82 4.24 4.84 5.72 7.01 8.36 9.37 10.08 10.83
6.88 6.42 5.86 5.68 5.72 5.79 5.92 6.22 6.66 7.06 7.22 7.23 7.19 7.05 7.05 7.43 8.04 8.90 9.40 9.77 10.13 10.20 9.94 9.50 8.81 8.21 7.91 7.74 7.54 7.41 7.36 7.29 7.04 6.85 6.71 6.61 6.59 6.58 6.42 6.08 5.89 5.98 6.07 6.29 6.58 6.88 7.31 7.78 7.98 7.83 7.57 7.23 6.92 6.64 6.53 6.64 6.72 6.85 6.98 7.12 7.27 7.54 7.85 8.06 7.92 7.42 6.63 6.14 5.76 5.19 4.50 3.94 3.67 3.78 4.21 4.81 5.47 6.44 7.94 9.72 11.09 11.90 12.15 12.08
6.82 6.44 5.95 5.83 5.90 5.95 6.04 6.43 7.17 7.95 8.49 8.76 8.76 8.54 8.30 8.36 8.84 9.67 10.12 10.01 10.40 9.95 9.32 8.88 8.17 7.86 7.85 7.89 7.79 7.62 7.46 7.34 7.13 6.97 6.77 6.61 6.57 6.45 6.25 6.17 6.31 6.43 6.50 6.71 6.98 7.05 7.02 6.95 6.65 6.35 6.18 6.22 6.40 6.52 6.46 6.44 6.55 6.75 7.01 7.30 7.64 8.01 8.10 7.76 6.90 5.83 5.15 5.08 4.93 4.43 3.99 3.88 4.06 4.47 5.16 5.95 6.86 8.16 9.89 11.24 11.90 12.02 11.71 11.09
6.82 6.50 6.11 6.06 6.14 6.17 6.33 6.93 7.92 8.63 8.94 9.00 9.00 9.03 9.10 9.37 9.85 10.38 10.38 10.11 9.80 9.44 8.87 8.18 7.65 7.43 7.39 7.49 7.54 7.47 7.28 7.02 6.55 6.18 6.04 6.14 6.28 6.28 6.20 6.16 6.13 6.21 6.38 6.64 6.74 6.45 6.07 5.64 5.42 5.29 5.27 5.45 5.74 5.97 6.08 6.20 6.38 6.49 6.61 6.83 7.21 7.45 7.13 6.12 4.92 4.17 4.07 4.37 4.58 4.51 4.42 4.55 4.97 5.67 6.58 7.52 8.55 9.86 10.90 11.24 10.49 9.26 8.38 7.93
