project/data/elevation/US_DEM2016/US_DEM2016_point_10-30-2019_0831_30m_vel.asc
ncols	125
nrows	167
xllcorner	-2042055.000000
yllcorner	1465035.000000
cellsize	30.000000
NODATA_value	-9999.000000
[rows 105 to 139 of 167, columns 0 to 79 of 125]
10.99 11.01 10.91 10.66 10.32 9.90 9.47 9.06 8.43 7.41 6.06 5.05 4.67 4.81 5.21 5.82 6.69 7.69 8.74 9.83 10.51 10.92 11.32 11.80 12.13 12.24 12.36 12.46 12.42 12.38 12.25 12.11 11.92 11.55 11.25 11.01 10.71 10.40 10.12 9.85 9.59 9.54 9.90 10.21 10.40 10.40 10.28 10.07 9.70 9.17 8.43 7.30 6.25 6.21 7.06 8.35 9.50 10.25 10.75 11.19 11.42 11.32 11.14 11.14 11.31 11.56 11.73 11.59 11.19 10.52 10.05 9.90 9.85 9.86 9.93 9.99 10.11 9.98 9.45 8.69
10.54 10.21 9.95 9.92 9.79 9.51 9.03 8.29 7.36 6.41 5.75 5.51 5.79 6.59 7.93 9.10 9.12 8.81 8.71 8.83 9.18 9.76 10.76 11.69 12.03 12.16 12.58 13.20 13.72 13.99 13.91 13.68 13.33 12.74 12.11 11.52 10.97 10.56 10.21 9.91 9.85 10.06 10.39 10.48 10.41 10.30 10.33 10.46 10.36 9.78 8.73 7.55 7.07 7.53 8.49 9.35 9.99 10.46 10.88 11.08 10.91 10.65 10.72 11.07 11.37 11.58 11.78 11.88 11.74 11.33 10.81 10.51 10.24 9.83 9.36 9.21 9.59 9.90 9.71 9.06
10.27 9.94 9.64 9.66 9.64 9.48 9.07 8.40 7.72 7.41 7.71 8.38 9.23 10.54 12.07 13.12 13.44 12.67 11.43 10.70 10.54 10.91 11.68 12.04 11.93 11.76 11.81 12.07 12.48 12.91 13.11 13.09 12.96 12.62 12.20 11.70 11.17 10.69 10.18 9.89 10.13 10.66 10.92 10.62 10.22 10.01 10.13 10.46 10.62 10.33 9.64 9.16 9.30 9.91 10.26 10.18 10.08 10.31 10.61 10.61 10.39 10.35 10.63 10.96 11.13 11.18 11.29 11.54 11.80 11.90 11.54 11.05 10.50 9.85 9.26 9.03 9.33 9.77 9.86 9.63
10.34 10.13 9.90 9.91 10.02 10.15 10.23 10.15 10.03 10.21 10.98 12.10 13.39 14.51 15.22 15.51 15.66 15.39 14.82 14.22 13.79 13.53 13.26 12.66 12.02 11.56 11.23 10.97 10.73 10.69 10.91 11.17 11.32 11.43 11.51 11.53 11.37 10.92 10.43 10.26 10.49 10.61 10.43 10.05 9.79 9.84 10.15 10.63 11.17 11.58 11.64 11.50 11.46 11.42 10.94 10.27 10.13 10.37 10.49 10.40 10.35 10.42 10.44 10.43 10.41 10.32 10.30 10.60 11.09 11.47 11.49 11.18 10.66 10.11 9.64 9.42 9.53 9.81 9.99 10.06
10.55 10.51 10.43 10.45 10.60 10.88 11.27 11.72 12.29 13.01 13.93 14.93 15.63 15.83 15.59 15.12 14.76 14.89 15.04 14.93 14.65 14.21 13.57 12.70 11.92 11.44 11.15 10.92 10.50 9.94 9.53 9.47 9.57 9.83 10.23 10.67 10.93 10.85 10.59 10.29 9.93 9.43 8.99 9.02 9.54 10.09 10.60 11.11 11.76 12.55 13.04 13.07 12.84 12.47 11.88 11.29 11.15 11.09 10.89 10.68 10.53 10.31 10.07 9.95 9.91 9.74 9.58 9.71 10.12 10.60 10.94 10.95 10.66 10.27 9.96 9.78 9.71 9.78 9.93 10.02
10.78 10.87 10.88 10.89 11.02 11.24 11.61 12.28 13.32 14.37 15.09 15.32 15.04 14.37 13.54 12.78 12.35 12.45 12.62 12.80 12.90 12.85 12.60 12.12 11.63 11.25 11.04 11.02 10.92 10.65 10.26 9.96 9.98 10.10 10.17 10.22 10.31 10.44 10.32 9.85 9.22 8.79 8.86 9.43 10.23 10.80 11.19 11.52 11.94 12.57 13.13 13.41 13.45 13.42 13.33 13.01 12.64 12.11 11.49 10.99 10.55 10.11 9.89 9.83 9.71 9.46 9.29 9.36 9.70 10.13 10.47 10.56 10.44 10.25 10.07 9.93 9.81 9.83 9.95 9.97
10.82 10.84 10.88 11.04 11.32 11.65 12.15 12.89 13.78 14.33 14.33 13.85 13.03 12.13 11.37 10.83 10.51 10.42 10.43 10.68 11.07 11.31 11.52 11.52 11.39 11.16 10.88 10.66 10.57 10.77 11.04 11.26 11.37 11.31 11.03 10.60 10.30 10.26 10.17 9.93 9.77 9.89 10.22 10.77 11.27 11.56 11.68 11.73 11.80 12.00 12.36 12.76 13.16 13.56 13.89 13.88 13.41 12.72 11.90 11.13 10.55 10.18 9.95 9.69 9.35 9.19 9.30 9.53 9.83 10.05 10.13 10.17 10.19 10.13 9.97 9.81 9.73 9.80 9.95 10.00
10.60 10.51 10.61 11.00 11.45 12.01 12.71 13.32 13.56 13.25 12.57 11.88 11.22 10.60 10.01 9.51 9.14 9.08 9.32 9.72 10.11 10.56 10.87 10.93 11.02 11.21 11.09 10.76 10.45 10.40 10.52 10.67 10.80 10.90 10.91 10.78 10.55 10.40 10.39 10.54 10.77 10.96 11.16 11.59 11.93 12.01 11.85 11.58 11.36 11.34 11.42 11.64 11.96 12.37 12.82 13.04 12.87 12.40 11.75 11.14 10.66 10.25 9.80 9.35 9.10 9.20 9.51 9.81 9.97 9.89 9.75 9.81 9.89 9.85 9.68 9.48 9.33 9.35 9.56 9.76
10.43 10.33 10.43 10.79 11.21 11.81 12.44 12.59 12.19 11.42 10.61 9.87 9.30 8.82 8.35 8.06 8.21 8.66 9.13 9.57 10.17 10.75 10.76 10.52 10.86 11.44 11.62 11.54 11.27 10.80 10.21 9.55 9.20 9.38 9.85 10.22 10.39 10.43 10.57 10.83 11.07 11.25 11.49 11.84 11.95 11.81 11.47 11.09 10.88 10.85 10.81 10.73 10.66 10.62 10.61 10.86 11.08 11.13 11.11 10.97 10.67 10.19 9.67 9.30 9.28 9.51 9.80 9.99 9.93 9.64 9.44 9.43 9.45 9.46 9.42 9.28 9.08 8.95 9.10 9.39
10.48 10.43 10.47 10.62 10.88 11.28 11.52 11.07 10.16 9.20 8.36 7.59 7.00 6.64 6.69 7.27 8.31 9.37 10.12 10.68 11.14 11.13 10.59 10.36 10.86 11.38 11.62 11.71 11.69 11.44 11.08 10.44 9.63 9.09 8.95 9.13 9.63 10.21 10.60 10.86 11.17 11.50 11.73 11.81 11.51 10.92 10.47 10.30 10.32 10.47 10.64 10.58 10.37 9.94 9.31 8.87 8.91 9.44 10.07 10.42 10.45 10.28 10.10 9.93 9.85 9.91 10.05 10.04 9.79 9.52 9.38 9.30 9.28 9.30 9.29 9.21 9.08 8.96 8.98 9.11
10.67 10.67 10.68 10.66 10.69 10.69 10.42 9.69 8.68 7.77 7.07 6.53 6.20 6.32 7.21 8.62 10.02 11.13 11.89 12.20 11.88 10.98 9.86 9.58 10.04 10.38 10.58 10.91 11.23 11.52 11.79 11.80 11.30 10.25 9.20 8.96 9.57 10.39 10.98 11.33 11.61 11.79 11.82 11.61 10.98 10.10 9.52 9.48 9.73 10.16 10.75 11.01 10.97 10.62 9.85 8.89 8.40 8.61 9.13 9.63 10.03 10.29 10.45 10.50 10.48 10.40 10.21 9.91 9.60 9.42 9.38 9.40 9.42 9.38 9.27 9.17 9.16 9.19 9.22 9.13
10.81 10.85 10.83 10.71 10.51 10.18 9.64 9.03 8.61 8.43 8.32 8.18 8.33 9.03 10.25 11.62 12.64 13.04 12.99 12.53 11.68 10.66 9.66 9.05 9.00 9.02 9.30 9.88 10.36 10.73 11.16 11.67 11.93 11.66 11.03 10.76 10.92 11.25 11.48 11.59 11.57 11.51 11.44 11.25 10.72 9.94 9.24 9.06 9.44 10.10 10.76 11.24 11.46 11.41 11.11 10.67 10.13 9.69 9.50 9.61 9.87 10.11 10.29 10.43 10.55 10.51 10.25 9.85 9.46 9.19 9.12 9.21 9.33 9.40 9.38 9.34 9.36 9.46 9.54 9.51
10.80 10.78 10.73 10.60 10.34 9.93 9.48 9.18 9.24 9.60 10.07 10.67 11.46 12.33 13.09 13.51 13.44 12.92 12.22 11.44 10.82 10.54 10.28 9.65 9.03 8.71 8.69 9.10 9.49 9.58 9.62 10.14 11.07 11.82 12.12 12.10 11.87 11.56 11.23 10.98 10.84 10.84 10.95 11.00 10.81 10.34 9.56 9.10 9.38 9.99 10.42 10.72 11.10 11.45 11.67 11.80 11.82 11.61 11.15 10.62 10.31 10.16 10.09 10.04 10.06 10.02 9.81 9.53 9.28 9.07 8.97 8.98 9.12 9.34 9.51 9.60 9.69 9.78 9.89 10.10
10.69 10.59 10.49 10.43 10.27 10.01 9.76 9.61 9.63 9.95 10.72 11.78 12.78 13.38 13.48 13.00 12.00 11.12 10.60 10.11 9.95 10.20 10.48 10.38 9.95 9.39 8.94 8.87 9.15 9.09 8.70 8.71 9.39 10.55 11.34 11.58 11.40 11.04 10.69 10.45 10.40 10.56 10.79 10.85 10.74 10.51 9.97 9.34 9.33 9.58 9.75 9.86 10.15 10.69 11.22 11.57 11.90 12.11 12.02 11.57 10.95 10.43 10.00 9.65 9.33 9.03 8.79 8.90 9.17 9.33 9.33 9.25 9.29 9.47 9.68 9.87 10.03 10.13 10.28 10.56
10.53 10.41 10.33 10.34 10.28 10.18 10.06 9.95 10.01 10.40 11.25 12.10 12.55 12.49 12.01 11.23 10.51 10.06 9.64 9.28 9.18 9.31 9.61 9.93 9.98 9.68 9.33 9.26 9.48 9.54 9.17 8.65 8.59 9.07 9.90 10.45 10.63 10.61 10.60 10.57 10.55 10.64 10.72 10.60 10.38 10.31 10.16 9.72 9.42 9.35 9.29 9.35 9.63 10.19 10.76 11.10 11.27 11.35 11.46 11.45 11.13 10.54 9.93 9.38 8.78 8.32 8.35 8.89 9.48 9.82 9.94 9.89 9.80 9.75 9.79 9.90 10.01 10.10 10.23 10.40
10.41 10.34 10.32 10.35 10.32 10.31 10.32 10.34 10.55 11.14 11.81 12.12 11.91 11.39 10.77 10.25 9.96 9.63 9.11 8.68 8.47 8.43 8.71 9.16 9.34 9.31 9.42 9.64 9.88 10.06 9.99 9.50 8.88 8.66 8.89 9.42 9.93 10.33 10.62 10.74 10.76 10.76 10.65 10.29 9.90 9.87 10.00 9.86 9.53 9.31 9.19 9.32 9.73 10.22 10.66 10.86 10.75 10.52 10.49 10.63 10.62 10.32 9.89 9.43 9.07 9.03 9.35 9.74 9.97 10.08 10.16 10.18 10.09 9.91 9.73 9.61 9.56 9.64 9.82 9.99
10.49 10.48 10.47 10.39 10.34 10.43 10.63 10.87 11.24 11.77 12.04 11.90 11.49 11.06 10.64 10.24 9.80 9.29 8.92 8.81 8.89 9.06 9.25 9.29 9.20 9.19 9.43 9.69 9.89 10.11 10.27 10.17 9.78 9.27 8.89 8.95 9.43 9.96 10.30 10.53 10.66 10.73 10.50 9.86 9.27 9.20 9.44 9.48 9.25 9.09 9.13 9.35 9.67 9.93 10.15 10.37 10.39 10.21 10.04 10.00 10.06 10.06 10.01 9.98 10.10 10.32 10.45 10.39 10.22 10.07 10.01 10.01 10.00 9.93 9.76 9.53 9.41 9.56 9.77 9.80
10.61 10.59 10.47 10.34 10.34 10.50 10.82 11.32 11.92 12.15 12.00 11.58 11.20 10.91 10.56 10.04 9.53 9.30 9.48 9.87 10.15 10.17 9.96 9.64 9.39 9.31 9.41 9.58 9.71 9.90 10.11 10.21 10.14 9.86 9.48 9.34 9.54 9.86 10.01 10.21 10.42 10.42 9.87 8.97 8.40 8.40 8.76 8.99 8.90 8.74 8.70 8.75 8.84 8.97 9.18 9.53 9.89 10.07 10.05 9.96 9.94 10.02 10.12 10.22 10.33 10.43 10.44 10.40 10.36 10.29 10.13 9.97 9.90 9.86 9.76 9.68 9.68 9.73 9.59 9.31
10.43 10.33 10.18 10.16 10.28 10.50 10.83 11.28 11.73 11.77 11.40 10.93 10.58 10.20 9.67 9.33 9.38 9.72 10.09 10.23 10.07 9.78 9.60 9.68 9.81 9.75 9.53 9.47 9.48 9.58 9.77 9.85 9.78 9.75 9.85 10.00 10.08 10.05 9.97 10.11 10.07 9.51 8.45 7.64 7.45 7.69 8.18 8.63 8.70 8.45 8.15 7.89 7.72 7.78 8.07 8.56 9.15 9.59 9.76 9.80 9.87 9.99 10.04 9.96 9.89 9.98 10.15 10.29 10.41 10.47 10.39 10.18 9.95 9.70 9.49 9.45 9.39 9.15 8.75 8.48
10.32 10.24 10.16 10.17 10.27 10.44 10.63 10.81 10.84 10.64 10.28 10.02 9.75 9.20 8.73 9.01 9.46 9.67 9.49 9.04 8.70 8.73 9.11 9.64 10.04 10.15 9.93 9.60 9.40 9.33 9.51 9.62 9.59 9.66 9.88 10.06 10.07 9.97 9.84 9.81 9.33 8.30 7.46 7.27 7.42 7.64 7.97 8.43 8.63 8.57 8.39 8.10 7.72 7.46 7.49 7.94 8.56 8.96 9.21 9.50 9.75 9.93 10.09 10.26 10.42 10.56 10.57 10.43 10.25 10.17 10.20 10.15 9.88 9.43 9.14 8.97 8.74 8.49 8.31 8.31
10.63 10.75 10.74 10.49 10.30 10.25 10.28 10.26 10.08 9.80 9.63 9.62 9.36 8.81 8.69 8.97 8.97 8.59 8.04 7.66 7.80 8.43 9.21 9.83 10.17 10.32 10.29 10.06 9.73 9.43 9.41 9.58 9.64 9.57 9.44 9.28 9.26 9.30 9.34 9.17 8.63 8.10 8.23 8.68 8.93 8.85 8.77 8.85 8.98 9.08 9.05 8.86 8.56 8.23 8.06 8.19 8.49 8.86 9.26 9.63 9.84 9.99 10.29 10.77 11.05 11.02 10.70 10.34 10.02 9.83 9.78 9.73 9.50 9.17 8.88 8.59 8.36 8.25 8.36 8.50
10.85 10.95 10.87 10.43 10.08 9.94 9.93 9.85 9.69 9.59 9.64 9.59 9.18 8.70 8.43 8.14 7.70 7.37 7.29 7.52 8.13 8.90 9.66 10.14 10.25 10.25 10.31 10.29 10.03 9.65 9.51 9.64 9.66 9.35 8.86 8.58 8.64 8.90 9.07 8.98 8.91 9.26 9.82 10.19 10.35 10.37 10.23 10.00 9.79 9.60 9.33 9.05 8.89 8.83 8.78 8.76 8.88 9.24 9.61 9.87 9.90 10.02 10.27 10.52 10.45 10.17 9.94 9.90 9.95 9.94 9.72 9.42 9.13 8.95 8.72 8.37 7.97 7.69 7.72 7.97
10.46 10.25 9.84 9.59 9.50 9.58 9.67 9.65 9.56 9.49 9.37 9.09 8.71 8.29 7.84 7.42 7.23 7.40 8.00 8.92 9.68 10.11 10.27 10.06 9.68 9.65 9.82 9.88 9.78 9.64 9.62 9.73 9.78 9.55 9.14 8.96 9.12 9.32 9.44 9.55 9.83 10.16 10.32 10.43 10.68 11.03 11.26 11.20 10.87 10.34 9.88 9.54 9.29 9.16 9.09 9.08 9.23 9.48 9.70 9.81 9.78 9.85 9.90 9.79 9.52 9.36 9.52 9.87 10.11 10.07 9.72 9.25 8.94 8.77 8.64 8.49 8.20 7.75 7.42 7.51
9.78 9.23 8.66 8.67 8.92 9.29 9.55 9.59 9.49 9.29 8.97 8.64 8.44 8.36 8.34 8.36 8.64 9.27 10.20 11.00 11.37 11.21 10.56 9.71 9.14 9.11 9.21 9.23 9.27 9.35 9.45 9.59 9.81 9.92 9.94 10.01 10.09 10.03 9.96 10.01 10.05 9.99 10.07 10.36 10.83 11.34 11.79 12.01 11.92 11.53 11.05 10.64 10.25 9.86 9.52 9.32 9.30 9.38 9.52 9.67 9.62 9.62 9.56 9.36 9.22 9.45 9.88 10.16 9.98 9.55 9.19 8.97 8.81 8.64 8.54 8.64 8.85 8.86 8.55 8.34
9.74 9.29 8.79 8.91 9.25 9.54 9.63 9.58 9.45 9.26 9.05 8.88 8.92 9.26 9.78 10.31 10.90 11.44 11.78 11.86 11.61 11.03 10.23 9.55 9.16 9.04 8.95 8.94 9.05 9.16 9.22 9.31 9.62 9.98 10.20 10.26 10.19 10.07 9.97 9.88 9.75 9.71 9.97 10.44 11.03 11.58 11.93 12.08 12.14 12.00 11.58 11.02 10.55 10.22 9.92 9.65 9.40 9.22 9.29 9.48 9.56 9.58 9.52 9.45 9.55 9.91 10.15 9.89 9.18 8.59 8.47 8.53 8.58 8.64 8.63 8.61 8.76 9.16 9.50 9.58
10.18 10.09 10.08 10.36 10.51 10.31 9.89 9.60 9.47 9.39 9.36 9.43 9.73 10.28 10.88 11.37 11.69 11.73 11.48 10.95 10.25 9.55 9.18 9.10 9.13 9.13 9.11 9.21 9.39 9.48 9.43 9.41 9.64 9.98 10.07 9.84 9.63 9.62 9.74 9.79 9.79 9.90 10.25 10.69 11.11 11.37 11.36 11.20 11.15 11.17 10.96 10.64 10.45 10.34 10.19 9.97 9.73 9.50 9.33 9.43 9.62 9.71 9.71 9.77 9.98 10.17 9.95 9.25 8.47 8.17 8.22 8.36 8.49 8.71 9.01 9.00 8.78 8.71 9.12 9.68
10.44 10.58 10.89 11.14 11.13 10.79 10.21 9.70 9.48 9.48 9.59 9.84 10.24 10.70 10.98 11.01 10.88 10.62 10.13 9.33 8.52 8.11 8.19 8.63 9.03 9.28 9.48 9.72 9.95 10.11 10.20 10.26 10.38 10.48 10.45 10.17 9.83 9.72 9.80 10.01 10.30 10.68 10.98 11.07 11.02 10.76 10.29 9.89 9.84 10.11 10.34 10.49 10.60 10.53 10.34 10.16 10.04 9.92 9.72 9.68 9.77 9.87 9.96 10.09 10.19 10.03 9.48 8.75 8.37 8.32 8.43 8.59 8.73 8.85 9.08 9.28 9.30 9.07 8.98 9.41
10.50 10.66 10.89 10.98 10.96 10.93 10.66 10.13 9.74 9.68 9.78 9.94 10.19 10.33 10.26 10.14 10.05 9.69 8.98 8.25 7.87 7.93 8.37 8.87 9.23 9.49 9.76 10.03 10.26 10.50 10.80 11.09 11.26 11.27 11.19 11.00 10.64 10.32 10.11 10.26 10.70 11.11 11.18 10.99 10.67 10.13 9.44 9.00 9.08 9.61 10.24 10.63 10.73 10.59 10.42 10.31 10.25 10.22 10.08 9.92 9.89 9.98 10.11 10.19 10.11 9.72 9.02 8.51 8.45 8.57 8.71 8.83 9.00 9.11 9.06 9.08 9.42 9.80 9.98 10.28
10.63 10.86 11.16 11.24 11.23 11.17 11.12 10.93 10.55 10.22 9.99 9.82 9.70 9.63 9.67 9.81 9.77 9.32 8.80 8.66 8.89 9.19 9.39 9.54 9.63 9.73 9.93 10.15 10.37 10.59 10.83 11.11 11.34 11.49 11.60 11.65 11.55 11.23 10.77 10.54 10.68 10.79 10.78 10.69 10.34 9.74 9.14 8.87 9.02 9.61 10.34 10.81 10.93 10.81 10.65 10.51 10.40 10.32 10.12 9.94 9.88 9.93 10.01 10.04 9.93 9.57 9.03 8.73 8.74 8.89 9.04 9.07 9.07 9.13 9.20 9.30 9.54 10.09 10.83 11.47
10.95 11.35 11.88 11.94 11.71 11.35 11.26 11.30 11.15 10.64 10.05 9.57 9.28 9.25 9.48 9.68 9.52 9.25 9.32 9.75 10.14 10.22 10.12 10.06 10.03 10.05 10.17 10.29 10.44 10.63 10.78 10.85 10.90 11.15 11.64 12.16 12.46 12.38 11.91 11.19 10.75 10.52 10.53 10.41 9.93 9.39 9.12 9.14 9.42 9.98 10.61 11.05 11.25 11.17 10.94 10.69 10.48 10.28 10.02 9.88 9.84 9.84 9.86 9.84 9.79 9.59 9.35 9.29 9.35 9.44 9.49 9.42 9.24 9.09 9.27 9.74 10.22 10.77 11.61 12.30
11.10 11.40 11.85 11.95 11.79 11.39 11.10 10.98 10.84 10.44 9.86 9.38 9.18 9.27 9.37 9.29 9.18 9.38 9.86 10.22 10.31 10.28 10.23 10.26 10.28 10.25 10.24 10.26 10.33 10.55 10.80 10.87 10.85 11.07 11.58 12.16 12.59 12.79 12.69 12.13 11.19 10.49 10.07 9.66 9.17 8.99 9.13 9.37 9.75 10.35 10.91 11.25 11.41 11.36 11.14 10.85 10.55 10.27 9.98 9.87 9.87 9.88 9.86 9.83 9.82 9.78 9.74 9.82 9.95 10.02 9.99 9.94 9.80 9.62 9.65 10.10 10.98 12.04 12.92 13.09
10.84 10.71 10.57 10.70 10.91 10.88 10.62 10.40 10.35 10.21 10.00 9.87 9.90 9.94 9.68 9.24 9.11 9.36 9.63 9.74 9.88 10.08 10.26 10.38 10.37 10.24 10.07 9.98 10.04 10.29 10.60 10.86 11.00 11.13 11.22 11.35 11.56 11.85 12.08 11.93 11.11 10.12 9.29 8.77 8.61 8.76 9.06 9.35 9.91 10.64 11.05 11.16 11.23 11.28 11.20 10.97 10.64 10.30 9.97 9.90 9.99 10.05 10.03 9.96 9.91 9.92 10.00 10.15 10.32 10.45 10.60 10.77 10.83 10.85 10.90 11.19 11.94 12.95 13.50 13.25
10.33 9.83 8.99 8.66 8.87 9.25 9.59 9.90 10.25 10.57 10.83 11.09 11.26 11.04 10.37 9.65 9.24 9.06 8.91 8.97 9.42 9.96 10.30 10.43 10.39 10.25 10.03 9.81 9.69 9.82 10.02 10.24 10.39 10.49 10.37 10.20 10.16 10.25 10.37 10.33 10.02 9.43 8.83 8.48 8.55 8.82 9.07 9.48 10.27 10.93 11.02 10.88 10.93 11.08 11.14 10.99 10.71 10.39 10.08 10.08 10.22 10.31 10.27 10.14 9.99 9.95 10.10 10.35 10.57 10.80 11.20 11.71 12.20 12.64 12.99 13.20 13.38 13.54 13.30 12.74
9.77 9.07 7.92 7.46 7.46 7.85 8.59 9.37 10.09 10.76 11.30 11.59 11.56 11.15 10.49 9.85 9.34 8.97 8.84 9.07 9.52 9.95 10.21 10.37 10.43 10.41 10.29 10.02 9.64 9.46 9.46 9.43 9.39 9.42 9.42 9.27 9.08 9.00 8.96 8.99 9.01 8.91 8.76 8.79 9.10 9.47 9.84 10.43 11.07 11.23 10.97 10.76 10.80 10.94 11.00 10.95 10.85 10.80 10.83 10.89 10.83 10.65 10.45 10.29 10.18 10.14 10.26 10.52 10.81 11.18 11.78 12.53 13.37 14.06 14.48 14.50 14.18 13.65 12.92 12.46
9.46 8.80 7.84 7.62 7.76 8.15 8.67 9.15 9.64 10.23 10.77 10.99 10.77 10.34 10.00 9.70 9.40 9.21 9.30 9.64 9.98 10.23 10.34 10.41 10.47 10.53 10.59 10.55 10.28 9.81 9.48 9.25 9.12 9.03 8.89 8.62 8.33 8.21 8.25 8.41 8.57 8.73 9.04 9.55 10.07 10.54 11.08 11.50 11.61 11.32 10.91 10.75 10.78 10.83 10.86 10.92 11.09 11.39 11.69 11.72 11.34 10.80 10.45 10.36 10.42 10.47 10.51 10.68 11.03 11.60 12.31 13.03 13.64 14.01 14.13 13.95 13.50 12.90 12.40 12.31
