project/data/elevation/US_DEM2016/US_DEM2016_point_11-01-2019_1220_30m_vel.asc
ncols	125
nrows	167
xllcorner	-2042055.000000
yllcorner	1465035.000000
cellsize	30.000000
NODATA_value	-9999.000000
[rows 114 to 151 of 167, columns 0 to 83 of 125]
5.20 5.17 5.18 5.25 5.40 5.64 5.81 5.64 5.21 4.72 4.30 3.91 3.60 3.38 3.35 3.62 4.14 4.67 5.02 5.28 5.61 5.74 5.43 5.16 5.35 5.57 5.58 5.52 5.45 5.32 5.15 4.88 4.61 4.45 4.37 4.37 4.54 4.80 4.98 5.13 5.31 5.50 5.70 5.92 5.94 5.64 5.25 5.00 4.94 5.01 5.10 5.12 5.04 4.82 4.51 4.28 4.25 4.50 4.83 5.02 5.05 4.98 4.88 4.80 4.80 4.87 5.01 5.05 4.93 4.71 4.57 4.49 4.44 4.46 4.47 4.43 4.36 4.29 4.32 4.50 4.53 4.29 4.11 4.00
5.29 5.28 5.29 5.30 5.36 5.42 5.35 5.00 4.45 3.93 3.56 3.28 3.10 3.15 3.57 4.27 4.96 5.51 5.87 6.03 5.96 5.58 5.00 4.84 5.08 5.19 5.15 5.19 5.30 5.43 5.50 5.43 5.21 4.82 4.41 4.29 4.55 4.91 5.17 5.36 5.55 5.69 5.79 5.82 5.62 5.19 4.80 4.65 4.70 4.91 5.20 5.31 5.23 5.00 4.62 4.21 4.05 4.19 4.46 4.68 4.86 4.98 5.05 5.09 5.10 5.11 5.08 4.96 4.80 4.66 4.57 4.53 4.51 4.49 4.44 4.39 4.36 4.36 4.40 4.44 4.35 4.12 3.96 3.81
5.37 5.37 5.36 5.33 5.28 5.17 4.95 4.62 4.31 4.11 3.99 3.89 3.97 4.35 5.00 5.70 6.23 6.44 6.43 6.23 5.81 5.25 4.76 4.60 4.65 4.63 4.61 4.77 4.98 5.18 5.34 5.46 5.47 5.32 5.12 5.08 5.17 5.32 5.44 5.54 5.60 5.63 5.67 5.64 5.39 4.98 4.62 4.48 4.63 4.97 5.31 5.47 5.44 5.28 5.07 4.90 4.75 4.65 4.64 4.70 4.80 4.91 5.01 5.10 5.17 5.18 5.07 4.88 4.69 4.55 4.47 4.46 4.48 4.49 4.47 4.44 4.43 4.47 4.51 4.51 4.49 4.42 4.35 4.34
5.39 5.36 5.32 5.28 5.18 5.00 4.78 4.59 4.54 4.63 4.81 5.08 5.47 5.94 6.40 6.68 6.69 6.43 6.08 5.67 5.29 5.07 4.94 4.79 4.66 4.50 4.39 4.46 4.62 4.72 4.75 4.91 5.20 5.43 5.58 5.64 5.58 5.47 5.36 5.30 5.29 5.36 5.47 5.51 5.34 5.03 4.68 4.51 4.68 5.02 5.25 5.31 5.31 5.32 5.34 5.40 5.45 5.43 5.31 5.13 5.00 4.94 4.94 4.96 5.00 4.99 4.85 4.68 4.56 4.48 4.41 4.37 4.39 4.46 4.51 4.54 4.58 4.62 4.67 4.76 4.94 5.06 5.11 5.23
5.36 5.29 5.22 5.19 5.10 4.96 4.82 4.72 4.71 4.86 5.25 5.76 6.26 6.60 6.71 6.53 6.04 5.58 5.29 4.98 4.85 4.96 5.08 5.09 5.00 4.78 4.51 4.38 4.48 4.48 4.36 4.38 4.62 5.00 5.28 5.39 5.34 5.21 5.09 5.03 5.07 5.23 5.42 5.46 5.27 5.00 4.75 4.60 4.71 4.91 5.00 4.97 4.94 5.05 5.23 5.37 5.53 5.65 5.63 5.48 5.25 5.05 4.89 4.78 4.68 4.52 4.34 4.36 4.51 4.59 4.55 4.49 4.48 4.52 4.59 4.67 4.76 4.81 4.91 5.09 5.29 5.43 5.54 5.66
5.29 5.22 5.16 5.14 5.08 4.99 4.91 4.84 4.89 5.13 5.60 6.05 6.31 6.32 6.10 5.68 5.27 5.04 4.82 4.58 4.53 4.63 4.79 4.96 5.00 4.86 4.66 4.59 4.64 4.62 4.46 4.34 4.36 4.51 4.75 4.91 4.97 4.99 5.02 5.06 5.13 5.28 5.41 5.35 5.09 4.87 4.77 4.72 4.77 4.83 4.82 4.77 4.78 4.93 5.12 5.24 5.31 5.34 5.37 5.37 5.28 5.06 4.82 4.60 4.35 4.10 4.08 4.37 4.70 4.84 4.82 4.75 4.69 4.66 4.67 4.73 4.80 4.86 4.97 5.13 5.24 5.25 5.27 5.29
5.23 5.20 5.17 5.15 5.08 5.03 5.00 5.01 5.15 5.52 5.92 6.12 6.05 5.82 5.49 5.17 4.98 4.81 4.51 4.25 4.17 4.20 4.41 4.69 4.75 4.67 4.69 4.79 4.86 4.84 4.76 4.61 4.45 4.38 4.40 4.51 4.68 4.88 5.05 5.16 5.25 5.34 5.39 5.18 4.83 4.68 4.71 4.76 4.79 4.80 4.79 4.80 4.92 5.06 5.16 5.17 5.08 4.97 4.95 4.99 5.00 4.90 4.74 4.54 4.37 4.35 4.53 4.79 4.97 4.98 4.92 4.87 4.79 4.70 4.64 4.62 4.62 4.70 4.84 4.98 5.03 4.97 4.90 4.81
5.27 5.28 5.25 5.17 5.09 5.09 5.17 5.28 5.51 5.85 6.07 6.05 5.84 5.62 5.38 5.13 4.88 4.58 4.32 4.24 4.30 4.44 4.64 4.74 4.69 4.63 4.71 4.85 4.91 4.91 4.89 4.84 4.74 4.58 4.40 4.35 4.51 4.76 4.95 5.11 5.25 5.37 5.32 4.93 4.49 4.38 4.51 4.60 4.64 4.70 4.79 4.90 4.98 5.02 5.01 4.96 4.89 4.80 4.75 4.71 4.72 4.75 4.75 4.76 4.83 4.98 5.08 5.13 5.09 4.96 4.85 4.78 4.72 4.67 4.62 4.55 4.55 4.68 4.85 4.92 4.88 4.80 4.74 4.66
5.34 5.34 5.26 5.15 5.10 5.16 5.31 5.56 5.89 6.07 6.06 5.89 5.69 5.54 5.31 4.99 4.69 4.53 4.57 4.76 4.92 4.99 4.95 4.84 4.73 4.68 4.73 4.82 4.87 4.86 4.86 4.86 4.85 4.76 4.61 4.54 4.62 4.77 4.87 5.02 5.20 5.28 5.00 4.42 4.04 4.05 4.25 4.40 4.48 4.55 4.64 4.69 4.68 4.65 4.62 4.63 4.68 4.74 4.74 4.68 4.68 4.73 4.80 4.89 5.00 5.10 5.15 5.16 5.13 5.02 4.87 4.74 4.67 4.64 4.62 4.63 4.70 4.80 4.79 4.69 4.58 4.54 4.53 4.51
5.27 5.22 5.12 5.07 5.10 5.21 5.38 5.63 5.88 5.93 5.77 5.55 5.40 5.20 4.85 4.61 4.61 4.76 4.95 5.03 4.97 4.85 4.79 4.84 4.90 4.85 4.77 4.78 4.78 4.75 4.73 4.72 4.69 4.69 4.76 4.85 4.90 4.90 4.90 5.03 5.10 4.87 4.24 3.67 3.57 3.75 4.02 4.27 4.38 4.39 4.36 4.31 4.20 4.15 4.17 4.27 4.43 4.57 4.60 4.61 4.66 4.74 4.77 4.78 4.82 4.92 5.03 5.12 5.16 5.09 4.94 4.80 4.69 4.58 4.53 4.58 4.62 4.56 4.38 4.24 4.26 4.34 4.32 4.27
5.19 5.16 5.11 5.09 5.13 5.23 5.35 5.47 5.52 5.43 5.22 5.09 4.99 4.69 4.37 4.48 4.71 4.83 4.75 4.53 4.35 4.37 4.59 4.89 5.05 5.00 4.89 4.81 4.74 4.66 4.64 4.62 4.61 4.69 4.83 4.92 4.91 4.88 4.86 4.92 4.75 4.20 3.60 3.39 3.49 3.68 3.90 4.19 4.34 4.38 4.39 4.32 4.17 4.02 3.97 4.07 4.26 4.35 4.38 4.50 4.64 4.72 4.79 4.90 5.05 5.18 5.20 5.17 5.10 4.96 4.85 4.76 4.62 4.44 4.38 4.39 4.34 4.22 4.12 4.11 4.21 4.26 4.15 4.03
5.32 5.38 5.36 5.24 5.16 5.17 5.22 5.24 5.17 5.02 4.91 4.90 4.78 4.45 4.37 4.53 4.56 4.37 4.06 3.84 3.90 4.24 4.70 5.06 5.17 5.09 5.01 4.96 4.86 4.69 4.60 4.60 4.63 4.67 4.66 4.58 4.55 4.58 4.65 4.62 4.34 3.94 3.85 4.00 4.12 4.13 4.19 4.34 4.47 4.57 4.61 4.58 4.47 4.32 4.23 4.24 4.30 4.35 4.46 4.61 4.70 4.76 4.92 5.20 5.38 5.40 5.27 5.12 4.96 4.81 4.68 4.56 4.41 4.30 4.24 4.19 4.13 4.10 4.14 4.20 4.21 4.14 4.06 4.10
5.47 5.48 5.39 5.19 5.05 5.04 5.06 5.04 4.97 4.92 4.93 4.90 4.67 4.39 4.29 4.20 3.97 3.74 3.63 3.72 4.05 4.50 4.98 5.26 5.23 5.09 5.06 5.04 4.93 4.75 4.64 4.64 4.63 4.53 4.35 4.25 4.28 4.41 4.50 4.45 4.35 4.42 4.62 4.76 4.81 4.82 4.80 4.77 4.77 4.75 4.67 4.60 4.56 4.55 4.53 4.51 4.51 4.58 4.67 4.75 4.74 4.81 4.97 5.16 5.16 5.02 4.91 4.91 4.92 4.83 4.62 4.38 4.22 4.17 4.12 4.00 3.87 3.82 3.88 3.99 4.06 4.15 4.34 4.52
5.34 5.18 4.90 4.79 4.78 4.87 4.94 4.94 4.89 4.87 4.83 4.68 4.42 4.17 3.98 3.80 3.67 3.68 3.92 4.37 4.77 5.06 5.29 5.25 4.96 4.86 4.88 4.85 4.77 4.72 4.70 4.70 4.66 4.54 4.40 4.40 4.51 4.60 4.64 4.66 4.77 4.90 4.96 4.99 5.08 5.21 5.30 5.26 5.13 4.95 4.82 4.75 4.71 4.68 4.65 4.65 4.70 4.74 4.74 4.73 4.70 4.76 4.84 4.84 4.71 4.61 4.71 4.93 5.02 4.86 4.54 4.24 4.10 4.06 4.03 3.96 3.85 3.71 3.66 3.76 4.05 4.46 4.80 4.82
4.99 4.69 4.37 4.37 4.54 4.76 4.89 4.90 4.85 4.77 4.63 4.44 4.25 4.13 4.10 4.11 4.22 4.51 4.97 5.39 5.59 5.58 5.38 5.01 4.69 4.63 4.62 4.55 4.53 4.60 4.66 4.68 4.68 4.68 4.74 4.86 4.95 4.92 4.86 4.88 4.92 4.89 4.91 5.02 5.23 5.46 5.65 5.68 5.55 5.38 5.25 5.16 5.06 4.93 4.80 4.74 4.75 4.74 4.69 4.68 4.64 4.67 4.67 4.60 4.53 4.64 4.92 5.11 4.97 4.55 4.22 4.09 4.02 3.96 3.94 4.03 4.12 4.12 4.03 4.05 4.34 4.76 4.91 4.64
4.84 4.64 4.42 4.49 4.71 4.89 4.94 4.89 4.82 4.73 4.62 4.49 4.43 4.52 4.75 4.99 5.28 5.57 5.78 5.87 5.78 5.52 5.15 4.81 4.65 4.58 4.48 4.41 4.45 4.53 4.56 4.57 4.64 4.76 4.89 4.97 4.97 4.93 4.87 4.83 4.76 4.73 4.86 5.10 5.40 5.67 5.83 5.82 5.73 5.60 5.42 5.24 5.12 5.02 4.91 4.83 4.76 4.66 4.61 4.61 4.62 4.64 4.63 4.60 4.67 4.91 5.11 5.01 4.52 4.03 3.89 3.90 3.92 3.93 3.95 4.02 4.16 4.35 4.49 4.58 4.71 4.85 4.73 4.41
4.95 4.95 5.00 5.17 5.28 5.21 5.03 4.89 4.81 4.77 4.74 4.72 4.81 5.05 5.34 5.57 5.74 5.80 5.73 5.49 5.14 4.80 4.60 4.57 4.63 4.61 4.53 4.53 4.61 4.66 4.63 4.60 4.67 4.79 4.83 4.76 4.70 4.73 4.77 4.75 4.71 4.76 4.98 5.25 5.51 5.68 5.65 5.49 5.35 5.23 5.08 5.01 5.04 5.04 4.98 4.92 4.85 4.75 4.63 4.61 4.66 4.69 4.70 4.74 4.90 5.10 5.06 4.64 4.07 3.80 3.77 3.81 3.85 3.97 4.13 4.17 4.15 4.20 4.42 4.71 4.92 5.02 4.98 5.01
5.07 5.17 5.39 5.55 5.54 5.36 5.10 4.89 4.80 4.80 4.84 4.93 5.11 5.34 5.47 5.48 5.44 5.34 5.10 4.67 4.23 4.02 4.09 4.38 4.62 4.70 4.73 4.81 4.90 4.95 4.96 4.97 5.00 5.00 4.94 4.82 4.75 4.78 4.80 4.84 4.94 5.14 5.34 5.46 5.52 5.45 5.19 4.89 4.73 4.73 4.81 4.96 5.10 5.08 5.00 4.97 4.95 4.90 4.79 4.74 4.74 4.78 4.82 4.91 5.03 5.06 4.79 4.30 3.96 3.85 3.85 3.87 3.94 4.06 4.21 4.31 4.32 4.28 4.36 4.68 5.14 5.52 5.76 5.93
5.13 5.23 5.39 5.48 5.46 5.38 5.22 5.01 4.89 4.88 4.93 5.02 5.15 5.23 5.17 5.10 5.06 4.88 4.47 4.02 3.79 3.85 4.16 4.51 4.74 4.84 4.92 5.02 5.09 5.16 5.27 5.38 5.44 5.38 5.24 5.10 5.02 5.00 4.94 4.98 5.18 5.40 5.47 5.45 5.37 5.15 4.76 4.44 4.36 4.52 4.82 5.10 5.17 5.07 5.01 5.01 5.02 5.01 4.94 4.84 4.82 4.85 4.92 4.98 5.00 4.87 4.48 4.12 3.98 3.95 3.96 3.99 4.08 4.19 4.23 4.27 4.41 4.59 4.77 5.09 5.60 5.99 6.12 6.04
5.22 5.32 5.48 5.56 5.56 5.48 5.39 5.29 5.19 5.10 5.02 4.96 4.94 4.91 4.91 4.96 4.92 4.64 4.27 4.11 4.21 4.41 4.62 4.81 4.93 4.98 5.04 5.12 5.18 5.23 5.34 5.47 5.54 5.52 5.44 5.38 5.35 5.32 5.20 5.13 5.22 5.28 5.30 5.32 5.21 4.89 4.53 4.31 4.33 4.59 5.00 5.25 5.24 5.13 5.07 5.07 5.07 5.04 4.93 4.84 4.82 4.85 4.89 4.92 4.90 4.73 4.39 4.15 4.07 4.07 4.08 4.09 4.13 4.21 4.28 4.36 4.51 4.81 5.21 5.62 5.96 6.01 5.72 5.40
5.44 5.60 5.81 5.83 5.73 5.55 5.47 5.47 5.42 5.23 5.00 4.82 4.73 4.74 4.86 4.93 4.78 4.53 4.47 4.64 4.85 4.93 4.97 5.04 5.10 5.13 5.16 5.19 5.21 5.26 5.33 5.39 5.38 5.41 5.54 5.70 5.79 5.76 5.62 5.39 5.25 5.17 5.22 5.21 4.97 4.65 4.44 4.41 4.55 4.89 5.26 5.42 5.36 5.24 5.16 5.12 5.08 4.99 4.86 4.80 4.79 4.81 4.83 4.83 4.81 4.68 4.46 4.34 4.29 4.26 4.24 4.21 4.17 4.18 4.33 4.58 4.85 5.19 5.65 6.03 6.08 5.72 5.16 4.77
5.65 5.74 5.86 5.82 5.71 5.54 5.41 5.35 5.26 5.07 4.83 4.66 4.64 4.75 4.84 4.76 4.61 4.59 4.78 4.96 5.02 5.02 5.05 5.15 5.22 5.21 5.18 5.16 5.17 5.25 5.36 5.40 5.37 5.43 5.63 5.84 5.95 5.94 5.89 5.73 5.41 5.18 5.05 4.88 4.59 4.42 4.44 4.54 4.78 5.19 5.51 5.55 5.41 5.28 5.19 5.14 5.06 4.95 4.81 4.78 4.80 4.82 4.82 4.81 4.81 4.74 4.62 4.57 4.54 4.51 4.45 4.40 4.36 4.37 4.49 4.79 5.28 5.86 6.34 6.46 6.14 5.56 4.97 4.52
5.66 5.53 5.34 5.29 5.31 5.29 5.18 5.09 5.03 4.93 4.82 4.80 4.92 5.04 4.95 4.71 4.58 4.65 4.77 4.82 4.87 4.98 5.11 5.23 5.27 5.18 5.07 5.02 5.06 5.17 5.31 5.42 5.46 5.51 5.55 5.57 5.56 5.58 5.61 5.55 5.29 4.97 4.69 4.45 4.30 4.31 4.43 4.58 4.94 5.42 5.64 5.52 5.32 5.23 5.18 5.13 5.04 4.91 4.78 4.78 4.85 4.89 4.88 4.86 4.84 4.79 4.74 4.74 4.74 4.73 4.75 4.80 4.83 4.89 5.02 5.30 5.79 6.38 6.73 6.58 6.09 5.59 5.11 4.64
5.45 5.14 4.62 4.41 4.45 4.58 4.73 4.89 5.01 5.11 5.21 5.37 5.53 5.49 5.19 4.83 4.63 4.53 4.46 4.48 4.69 4.97 5.17 5.28 5.25 5.14 4.99 4.92 4.91 5.00 5.09 5.17 5.21 5.25 5.20 5.07 4.95 4.89 4.85 4.79 4.71 4.55 4.36 4.21 4.22 4.31 4.42 4.67 5.17 5.62 5.63 5.35 5.18 5.15 5.14 5.10 5.01 4.89 4.80 4.87 4.97 5.00 4.97 4.91 4.85 4.81 4.80 4.84 4.88 4.94 5.09 5.30 5.52 5.76 5.99 6.18 6.42 6.69 6.67 6.29 5.96 5.78 5.55 5.26
5.09 4.70 4.08 3.87 3.87 4.03 4.36 4.71 5.01 5.28 5.51 5.69 5.71 5.49 5.15 4.85 4.62 4.44 4.37 4.49 4.74 5.00 5.18 5.26 5.25 5.17 5.05 4.96 4.86 4.84 4.86 4.83 4.78 4.78 4.77 4.64 4.46 4.32 4.21 4.17 4.20 4.21 4.20 4.27 4.43 4.60 4.77 5.13 5.60 5.78 5.57 5.26 5.14 5.12 5.09 5.06 5.03 5.04 5.13 5.24 5.24 5.15 5.04 4.95 4.90 4.87 4.88 4.93 5.01 5.16 5.44 5.80 6.20 6.55 6.77 6.82 6.79 6.72 6.44 6.08 6.01 6.09 6.09 6.03
4.74 4.41 3.97 3.93 4.03 4.22 4.46 4.67 4.89 5.14 5.37 5.47 5.35 5.08 4.86 4.71 4.57 4.49 4.55 4.76 4.96 5.14 5.24 5.29 5.27 5.22 5.18 5.14 5.08 4.95 4.85 4.74 4.67 4.61 4.51 4.32 4.10 3.96 3.89 3.91 3.99 4.11 4.31 4.62 4.90 5.13 5.41 5.70 5.89 5.81 5.49 5.23 5.13 5.08 5.05 5.07 5.16 5.35 5.55 5.60 5.43 5.18 5.02 4.98 4.99 5.00 4.97 5.01 5.15 5.42 5.79 6.18 6.52 6.71 6.78 6.72 6.58 6.39 6.15 6.01 6.05 6.14 6.25 6.40
4.71 4.60 4.58 4.74 4.86 4.93 4.87 4.80 4.85 4.97 5.09 5.10 4.94 4.75 4.64 4.58 4.54 4.57 4.71 4.95 5.14 5.32 5.38 5.35 5.29 5.25 5.27 5.28 5.28 5.21 5.02 4.83 4.68 4.53 4.33 4.08 3.86 3.75 3.74 3.81 3.97 4.26 4.68 5.07 5.32 5.51 5.70 5.83 5.83 5.62 5.31 5.10 4.97 4.91 4.94 5.07 5.26 5.44 5.50 5.36 5.12 4.98 4.93 4.96 5.02 5.06 5.04 5.07 5.21 5.53 5.91 6.18 6.25 6.15 6.00 5.89 5.84 5.83 5.83 5.82 5.79 5.79 5.96 6.24
4.99 5.10 5.40 5.69 5.79 5.67 5.34 5.16 5.12 5.08 4.97 4.82 4.68 4.60 4.56 4.55 4.56 4.66 4.89 5.15 5.35 5.50 5.47 5.34 5.24 5.24 5.29 5.32 5.32 5.28 5.14 4.91 4.66 4.44 4.21 3.99 3.83 3.74 3.73 3.86 4.20 4.73 5.22 5.50 5.59 5.60 5.62 5.64 5.58 5.38 5.11 4.86 4.68 4.66 4.79 5.00 5.17 5.20 5.06 4.84 4.74 4.78 4.85 4.91 4.98 5.02 5.03 5.07 5.17 5.39 5.66 5.70 5.54 5.30 5.10 5.01 5.14 5.40 5.58 5.59 5.52 5.49 5.60 5.75
5.17 5.36 5.70 5.94 6.03 5.96 5.84 5.69 5.51 5.26 4.97 4.73 4.62 4.59 4.60 4.62 4.70 4.88 5.14 5.36 5.48 5.49 5.34 5.17 5.11 5.17 5.25 5.25 5.22 5.17 5.08 4.89 4.67 4.45 4.23 4.03 3.88 3.80 3.87 4.21 4.82 5.41 5.70 5.73 5.62 5.50 5.46 5.48 5.43 5.24 4.95 4.66 4.48 4.56 4.72 4.87 4.90 4.76 4.56 4.45 4.51 4.64 4.78 4.87 4.91 4.92 4.95 5.04 5.16 5.29 5.35 5.20 5.00 4.85 4.76 4.83 5.10 5.40 5.57 5.55 5.49 5.47 5.44 5.42
5.22 5.37 5.59 5.69 5.69 5.67 5.76 5.74 5.55 5.25 4.98 4.81 4.72 4.70 4.73 4.81 4.96 5.17 5.36 5.42 5.36 5.20 5.05 4.96 4.99 5.10 5.12 5.02 4.99 5.00 4.95 4.83 4.71 4.54 4.34 4.16 4.04 4.04 4.32 4.91 5.50 5.76 5.70 5.51 5.35 5.28 5.32 5.41 5.38 5.15 4.84 4.60 4.55 4.63 4.73 4.75 4.61 4.33 4.09 4.09 4.26 4.51 4.70 4.80 4.85 4.88 4.93 5.02 5.16 5.27 5.24 5.09 4.96 4.86 4.86 5.09 5.45 5.70 5.80 5.73 5.63 5.55 5.46 5.43
5.26 5.39 5.56 5.55 5.41 5.22 5.20 5.23 5.21 5.12 4.99 4.90 4.85 4.84 4.87 4.99 5.17 5.33 5.36 5.25 5.05 4.87 4.78 4.86 5.00 5.11 5.07 4.95 4.96 4.98 4.93 4.85 4.74 4.59 4.45 4.38 4.42 4.60 4.99 5.44 5.66 5.56 5.32 5.13 5.08 5.14 5.28 5.38 5.29 5.04 4.77 4.64 4.60 4.66 4.73 4.71 4.58 4.35 4.12 4.07 4.25 4.48 4.64 4.75 4.84 4.91 4.97 5.03 5.08 5.10 5.11 5.12 5.01 4.87 4.93 5.35 5.84 6.07 6.06 5.90 5.73 5.59 5.50 5.58
5.33 5.42 5.47 5.34 5.13 4.87 4.69 4.65 4.75 4.85 4.89 4.91 4.89 4.88 4.92 5.02 5.14 5.13 4.97 4.75 4.55 4.46 4.56 4.86 5.16 5.28 5.25 5.21 5.21 5.14 5.01 4.87 4.71 4.59 4.54 4.59 4.75 5.01 5.24 5.39 5.34 5.17 5.03 4.99 5.05 5.14 5.27 5.33 5.20 4.95 4.74 4.57 4.48 4.58 4.74 4.80 4.77 4.69 4.55 4.51 4.59 4.62 4.65 4.74 4.85 4.93 4.98 5.00 4.99 4.98 5.05 5.12 5.02 4.95 5.20 5.82 6.31 6.35 6.10 5.82 5.62 5.52 5.52 5.62
5.35 5.27 4.99 4.58 4.32 4.23 4.25 4.34 4.45 4.57 4.70 4.81 4.86 4.87 4.89 4.92 4.86 4.67 4.44 4.30 4.26 4.34 4.64 5.09 5.40 5.47 5.44 5.43 5.36 5.19 5.03 4.86 4.69 4.61 4.61 4.69 4.82 4.97 5.06 5.11 5.10 5.00 4.98 5.06 5.14 5.18 5.20 5.20 5.10 4.90 4.63 4.39 4.37 4.60 4.84 4.94 4.97 4.99 5.01 5.03 4.97 4.81 4.71 4.76 4.86 4.95 5.00 5.04 5.11 5.23 5.31 5.24 5.21 5.39 5.87 6.39 6.58 6.32 5.92 5.65 5.51 5.51 5.55 5.55
5.19 4.92 4.42 3.96 3.69 3.79 4.07 4.30 4.45 4.57 4.71 4.79 4.83 4.85 4.87 4.81 4.67 4.55 4.55 4.63 4.69 4.84 5.10 5.36 5.49 5.45 5.39 5.32 5.10 4.90 4.84 4.77 4.67 4.64 4.68 4.74 4.83 4.93 5.03 5.15 5.14 5.03 5.03 5.13 5.17 5.14 5.09 5.07 4.96 4.68 4.34 4.23 4.41 4.74 4.97 5.07 5.11 5.17 5.26 5.28 5.19 5.02 4.92 4.94 4.99 5.02 5.06 5.16 5.33 5.45 5.40 5.30 5.44 5.88 6.39 6.55 6.34 5.91 5.63 5.53 5.50 5.54 5.54 5.46
4.97 4.70 4.37 4.22 4.15 4.21 4.34 4.41 4.48 4.64 4.79 4.83 4.83 4.85 4.86 4.82 4.81 4.92 5.07 5.09 5.02 5.05 5.22 5.37 5.39 5.26 5.10 4.88 4.57 4.44 4.50 4.57 4.63 4.70 4.76 4.83 4.96 5.14 5.32 5.40 5.28 5.09 5.02 5.05 5.03 4.97 4.97 4.95 4.77 4.36 4.12 4.25 4.60 4.90 5.05 5.11 5.15 5.21 5.26 5.28 5.26 5.25 5.24 5.22 5.15 5.08 5.09 5.19 5.28 5.26 5.18 5.31 5.74 6.22 6.43 6.19 5.73 5.39 5.26 5.27 5.30 5.31 5.26 5.22
4.89 4.77 4.61 4.58 4.61 4.67 4.64 4.58 4.59 4.68 4.74 4.77 4.82 4.87 4.91 4.97 5.10 5.22 5.15 4.93 4.77 4.79 5.02 5.27 5.29 5.04 4.68 4.36 4.15 4.16 4.30 4.47 4.65 4.78 4.88 5.01 5.20 5.41 5.53 5.48 5.29 5.08 4.94 4.85 4.78 4.80 4.88 4.84 4.55 4.20 4.15 4.42 4.76 4.98 5.07 5.08 5.10 5.14 5.16 5.18 5.22 5.29 5.33 5.26 5.14 5.06 5.05 5.09 5.08 5.04 5.16 5.58 6.05 6.21 6.03 5.63 5.27 5.08 5.00 4.97 4.96 4.95 4.86 4.73
4.94 4.89 4.77 4.70 4.71 4.82 4.97 5.05 5.08 4.95 4.77 4.70 4.78 4.90 5.01 5.15 5.28 5.24 5.03 4.87 4.90 5.03 5.24 5.41 5.30 4.89 4.46 4.21 4.15 4.27 4.44 4.58 4.72 4.87 5.03 5.22 5.38 5.45 5.42 5.30 5.15 5.01 4.87 4.71 4.64 4.72 4.82 4.73 4.45 4.26 4.33 4.59 4.83 4.97 5.02 5.00 4.98 4.96 4.97 5.02 5.11 5.19 5.19 5.10 4.98 4.92 4.94 4.99 5.01 5.12 5.41 5.79 5.89 5.68 5.43 5.24 5.10 5.00 4.95 4.88 4.82 4.77 4.66 4.47
4.89 4.83 4.76 4.83 5.00 5.24 5.42 5.41 5.18 4.86 4.60 4.61 4.78 4.94 5.07 5.19 5.25 5.23 5.28 5.49 5.72 5.80 5.80 5.73 5.41 4.96 4.63 4.53 4.59 4.70 4.76 4.77 4.80 4.91 5.05 5.16 5.19 5.20 5.18 5.12 5.05 4.99 4.89 4.80 4.77 4.77 4.76 4.66 4.48 4.39 4.51 4.74 4.90 4.96 4.95 4.91 4.86 4.79 4.78 4.90 5.03 5.08 5.04 4.89 4.71 4.66 4.78 4.93 5.05 5.23 5.45 5.50 5.26 5.06 5.05 5.08 5.06 5.02 4.97 4.86 4.76 4.68 4.52 4.34
