project/data/elevation/US_DEM2016/US_DEM2016_point_10-31-2019_0349_30m_ang.asc
ncols	125
nrows	167
xllcorner	-2042055.000000
yllcorner	1465035.000000
cellsize	30.000000
NODATA_value	-9999.000000
[rows 0 to 54 of 167, columns 0 to 95 of 125]
17 17 12 2 357 355 356 357 360 3 4 3 1 2 4 6 6 5 4 3 2 2 2 3 5 6 7 9 10 11 12 12 14 17 20 16 8 3 2 3 4 4 4 5 7 9 8 5 3 3 2 3 3 3 3 5 7 8 8 8 7 5 2 0 1 4 7 10 10 9 7 6 5 4 4 5 4 1 359 2 5 4 4 6 5 4 5 6 6 5 4 5 6 5 3 2
17 17 12 2 357 355 356 357 360 3 4 3 1 2 4 6 6 5 4 3 2 2 2 3 5 6 7 9 10 11 12 12 14 17 20 16 8 3 2 3 4 4 4 5 7 9 8 5 3 3 2 3 3 3 3 5 7 8 8 8 7 5 2 0 1 4 7 10 10 9 7 6 5 4 4 5 4 1 359 2 5 4 4 6 5 4 5 6 6 5 4 5 6 5 3 2
27 24 13 359 350 347 348 351 357 2 5 4 1 1 5 7 8 7 5 3 2 1 1 3 6 9 12 15 16 16 16 16 17 20 21 15 5 358 357 359 2 3 4 5 7 8 7 4 2 1 1 2 3 4 4 5 8 10 11 11 9 5 360 357 359 3 8 11 11 10 8 6 5 4 4 4 3 358 356 1 5 4 3 5 6 5 6 8 7 5 3 4 6 5 2 360
37 31 15 358 342 333 331 336 346 357 4 5 1 1 7 11 12 10 8 5 1 359 0 5 10 16 22 25 24 22 21 21 20 19 17 12 3 355 350 350 354 358 0 2 3 5 5 3 1 359 360 1 3 4 4 6 10 13 14 14 13 7 0 356 357 1 8 11 12 11 10 9 8 7 5 3 359 353 350 356 3 0 359 3 7 9 10 11 8 4 3 3 4 2 358 356
40 33 16 360 345 331 322 322 331 346 358 3 2 2 9 14 13 10 8 4 1 360 2 8 16 24 30 30 25 22 21 20 18 16 15 12 7 1 353 346 345 350 355 357 359 1 3 3 2 0 1 3 5 6 8 9 11 13 14 15 14 12 7 3 2 2 5 8 11 13 14 14 14 13 9 3 357 351 347 350 355 352 350 358 7 13 14 12 8 3 2 2 0 357 354 355
40 33 17 2 351 339 326 318 318 328 345 358 0 0 7 14 13 8 4 1 0 3 8 14 23 30 32 28 22 19 18 17 15 15 15 13 10 6 359 349 340 340 346 351 356 359 0 1 2 2 3 5 8 11 13 13 12 10 9 11 14 16 15 14 11 8 6 6 10 14 18 21 21 17 11 3 357 352 347 346 346 343 341 350 7 17 17 12 6 2 1 359 355 352 352 359
37 30 16 5 356 347 336 324 314 313 324 343 352 354 1 10 13 8 2 359 1 7 14 21 27 31 30 25 19 16 15 14 15 15 15 13 11 8 5 357 346 337 336 341 350 356 358 359 1 2 4 6 11 14 15 13 10 9 9 10 14 20 23 22 18 14 10 8 9 13 18 21 21 16 10 4 358 352 345 342 341 337 334 342 3 16 17 10 4 0 359 355 352 352 359 15
31 25 14 7 2 356 348 336 322 312 311 323 337 344 352 5 13 12 6 1 2 10 18 25 28 29 27 22 17 13 12 12 13 13 12 10 9 9 8 5 358 347 338 334 340 350 356 357 357 359 1 5 10 13 15 13 12 12 14 17 20 24 25 23 20 17 14 10 8 11 15 16 16 14 9 6 1 353 345 341 339 334 333 338 353 9 12 7 1 358 355 353 353 0 18 36
22 18 12 9 7 4 358 349 337 325 318 319 323 330 342 358 11 16 13 6 4 11 20 27 29 27 22 19 15 11 9 9 9 7 5 6 8 9 10 10 7 2 353 343 341 346 352 354 354 355 358 3 8 12 15 17 18 20 24 27 27 25 22 20 19 18 15 10 8 10 12 13 13 11 7 4 1 356 350 346 342 337 336 328 346 358 4 0 357 355 354 354 1 19 34 42
11 12 12 12 12 9 5 356 348 341 335 329 324 324 331 349 8 18 16 10 7 12 21 28 28 22 17 15 12 9 5 4 3 1 1 3 7 9 11 11 11 9 6 359 350 347 349 352 353 354 359 5 10 14 20 24 28 32 34 33 28 25 21 16 14 15 13 11 10 10 9 9 8 5 2 0 358 357 356 354 351 347 344 345 347 353 356 353 352 354 356 2 15 27 30 29
359 5 13 15 14 11 6 360 355 351 348 343 336 330 330 341 2 12 12 10 10 15 21 24 22 18 14 10 8 4 1 359 358 358 360 3 6 8 10 11 12 12 12 9 1 352 348 350 353 356 3 12 16 20 26 33 38 40 37 31 27 23 19 11 6 8 11 12 13 10 5 3 2 360 358 357 357 358 360 360 357 354 352 351 352 353 352 347 349 355 3 10 16 19 19 18
349 359 11 14 13 10 5 1 359 358 357 354 350 345 340 342 353 1 4 8 12 17 21 20 16 13 10 5 1 359 358 356 357 0 4 6 5 6 8 10 11 13 14 13 10 1 353 350 353 359 8 17 22 26 30 36 39 36 31 27 23 18 13 6 0 2 9 14 15 10 2 359 358 357 356 356 357 0 5 5 1 356 353 353 354 354 349 343 346 356 4 7 9 10 11 11
351 355 2 8 9 7 4 3 3 4 3 2 360 358 353 350 351 353 357 6 14 20 22 18 12 9 5 1 357 357 357 358 2 8 12 8 4 4 7 8 9 10 13 14 14 9 0 356 358 5 14 22 29 34 36 34 29 25 22 20 17 12 8 3 359 358 6 12 14 10 2 358 356 356 357 359 3 9 15 14 5 353 346 347 350 350 346 342 344 352 357 1 3 5 5 5
2 358 354 356 2 5 5 6 7 7 7 6 6 5 2 358 355 354 355 4 17 25 24 16 11 7 3 1 359 360 3 9 18 23 18 8 4 7 8 7 6 7 10 14 16 13 7 3 5 13 20 29 38 39 33 26 19 15 13 12 11 8 5 2 359 358 1 8 11 9 4 358 357 359 4 10 16 21 22 18 9 355 343 340 341 342 342 342 342 347 351 355 359 0 0 360
3 2 358 354 354 1 6 9 9 8 7 7 7 7 7 5 3 1 360 7 21 27 23 17 14 11 8 9 12 14 18 22 25 24 18 11 9 9 7 5 4 4 6 11 13 12 10 8 12 19 26 32 34 29 21 17 13 8 6 5 5 5 3 1 358 357 359 4 8 9 5 1 2 9 17 22 22 19 16 12 6 359 351 344 340 338 340 342 340 343 347 350 353 355 356 356
0 3 5 3 359 2 10 13 9 4 359 358 1 2 5 8 9 9 9 14 22 23 21 21 21 21 17 17 19 20 18 14 13 14 14 12 8 4 1 2 1 0 0 2 3 6 9 12 18 25 29 28 23 17 13 11 9 5 360 358 358 1 2 1 358 357 358 2 6 8 7 7 12 19 22 20 17 13 10 6 3 360 354 347 342 340 342 343 340 339 342 346 348 351 355 358
3 6 10 14 16 16 18 14 4 355 349 347 349 349 353 4 12 15 16 18 18 18 20 24 25 23 18 13 14 15 13 7 4 7 9 9 7 3 360 359 360 358 357 355 355 0 8 16 23 28 28 23 16 11 9 9 7 2 356 352 353 356 359 1 0 359 358 0 4 8 11 15 19 19 16 12 12 11 8 4 2 359 355 349 346 345 346 345 341 337 338 342 345 351 360 4
11 11 15 21 24 21 14 6 358 353 351 350 349 348 349 358 10 17 18 17 16 18 22 25 25 20 14 10 9 11 11 7 1 0 2 5 6 4 1 358 357 356 354 353 354 359 9 20 26 28 26 20 13 8 7 7 4 358 352 349 349 352 357 1 3 2 360 358 0 7 14 18 17 13 9 8 8 9 7 5 2 359 356 353 351 351 349 347 342 336 336 340 346 354 3 4
14 15 19 22 20 13 5 359 355 353 353 354 355 356 356 360 7 15 17 16 17 20 23 24 21 16 12 9 6 6 8 7 2 358 358 0 3 3 1 357 355 354 354 355 357 3 15 24 27 27 23 16 10 6 5 5 1 355 350 348 348 351 355 1 5 6 3 357 356 3 11 14 13 9 6 5 6 7 6 6 6 3 360 358 357 356 353 347 342 337 336 340 346 353 358 359
17 21 25 21 12 4 359 356 355 355 356 358 0 3 4 5 8 13 15 15 17 20 21 20 18 14 11 7 4 2 2 3 1 359 357 358 0 2 0 357 355 355 357 1 7 15 21 24 23 21 17 12 8 6 6 4 358 352 350 349 350 351 354 358 3 6 5 0 355 356 4 8 8 6 5 5 5 5 6 8 10 10 8 4 2 360 355 349 343 340 340 341 345 348 352 355
29 31 27 14 2 356 355 355 356 358 359 2 4 7 9 10 11 13 13 13 16 18 17 17 15 12 9 5 2 358 357 357 358 358 357 358 360 1 360 359 359 1 6 13 20 23 20 16 13 11 9 7 7 8 8 3 357 353 352 353 354 354 354 355 359 2 4 2 354 348 351 358 1 3 4 5 4 4 6 10 14 17 16 11 5 0 357 353 349 347 346 344 343 344 347 353
34 29 16 3 355 353 354 356 358 1 3 5 7 10 12 14 15 14 11 11 12 12 12 12 12 10 6 3 0 356 353 353 355 357 358 360 1 1 2 3 7 12 21 27 25 19 12 6 3 2 2 4 7 10 10 5 359 357 358 0 2 2 359 352 347 350 353 353 345 334 333 340 349 355 360 3 4 4 7 11 17 21 22 17 9 2 359 357 356 354 351 346 343 343 346 353
23 16 5 359 355 354 356 359 1 4 5 6 8 10 14 18 18 13 9 7 6 6 6 8 8 7 4 2 359 356 353 352 355 358 2 4 3 4 8 14 21 28 31 28 19 11 4 359 356 356 358 2 7 10 11 9 6 5 8 12 16 18 18 5 342 328 321 319 317 312 309 313 324 336 345 355 359 1 3 8 16 22 24 22 15 7 2 0 0 358 353 346 344 346 349 353
5 3 1 360 359 359 1 3 4 5 6 7 9 11 15 18 17 11 6 4 1 1 2 4 5 4 2 0 358 356 355 356 359 5 9 9 8 14 23 30 34 33 28 18 10 4 359 354 351 352 356 1 6 10 12 13 14 15 18 23 28 30 28 18 4 350 338 329 323 315 304 296 295 304 317 331 342 350 356 1 10 19 25 26 23 16 8 2 360 358 353 346 344 346 348 351
346 351 358 2 4 6 7 7 7 7 7 8 10 12 15 16 13 8 6 4 1 0 360 360 360 360 359 359 359 359 1 6 12 18 19 18 22 32 38 36 31 24 16 9 3 359 355 352 351 352 355 360 4 8 12 16 19 22 24 28 30 28 22 14 6 357 350 345 339 332 318 302 290 285 291 302 313 327 340 348 359 13 25 29 28 22 13 5 0 358 354 348 345 344 345 348
332 338 353 2 8 12 12 10 9 8 8 9 10 11 11 12 9 6 6 6 4 1 358 356 355 355 357 359 3 7 14 22 30 33 32 32 35 38 35 27 19 13 7 2 358 355 354 354 354 354 356 359 2 6 11 16 21 24 27 28 27 22 15 9 4 359 355 354 352 345 337 326 311 299 295 294 293 295 309 324 340 360 17 26 28 25 18 9 3 360 356 350 345 344 345 347
324 330 346 359 10 16 16 13 10 9 8 8 9 8 7 3 4 4 5 5 3 359 356 354 353 354 358 4 11 20 31 38 39 36 33 30 27 26 22 16 9 5 1 357 353 352 354 357 360 1 359 358 359 2 7 13 20 24 25 24 20 14 10 6 4 1 0 0 359 355 351 348 339 328 318 309 300 295 298 305 317 339 0 17 25 27 23 15 7 1 357 352 346 345 346 347
322 327 340 353 6 15 17 15 12 10 8 7 8 6 5 4 1 1 2 1 359 356 354 355 356 359 6 15 25 36 42 40 34 27 24 21 17 16 15 11 4 359 355 352 349 349 353 360 6 8 6 359 355 355 2 11 18 21 20 17 12 8 6 5 6 5 5 3 2 2 2 0 354 346 341 334 323 315 312 311 312 320 339 1 18 26 26 21 11 3 358 352 346 345 347 348
325 327 335 345 358 11 17 17 15 11 10 8 7 7 6 5 1 358 357 356 356 355 356 359 3 10 19 30 39 41 38 29 23 19 17 15 13 11 10 8 3 356 351 348 347 348 353 1 10 14 12 3 354 350 356 7 15 16 14 10 5 2 3 6 8 10 9 7 6 7 8 6 1 356 353 348 341 335 332 329 323 317 322 340 4 19 25 23 17 8 0 353 347 346 348 350
331 331 335 340 349 3 14 18 17 15 12 10 8 7 8 5 1 357 354 352 355 359 4 11 19 28 39 45 42 33 23 17 15 14 12 11 10 8 7 6 2 355 349 346 345 348 353 0 9 14 14 8 358 350 352 1 8 10 8 4 359 358 0 6 10 12 12 11 10 10 10 8 6 4 360 355 350 347 346 345 341 329 318 321 341 4 18 22 20 13 5 356 349 347 349 354
335 337 341 343 345 354 7 16 19 18 15 12 9 7 8 2 1 356 353 354 0 11 24 36 48 57 61 53 35 18 11 9 10 10 9 8 8 7 6 4 0 355 350 348 347 348 351 356 3 10 13 11 4 356 353 356 2 5 4 0 357 355 357 3 9 12 14 14 12 11 10 10 10 10 6 1 357 357 357 357 354 345 330 318 319 337 1 15 19 17 11 2 353 350 351 356
332 336 345 347 346 348 360 12 18 20 18 15 11 9 9 7 1 357 357 4 18 35 49 60 65 65 60 46 23 6 3 4 5 6 7 7 7 7 5 2 359 354 352 352 353 353 351 351 355 3 10 12 9 1 355 355 359 3 3 359 356 354 354 358 3 8 12 13 13 11 10 11 13 14 11 8 6 6 8 7 4 357 348 334 318 315 329 354 10 15 13 7 360 354 352 355
328 332 341 345 345 344 352 5 15 20 20 18 16 13 11 7 2 1 8 21 33 49 55 53 50 44 37 28 13 359 356 359 1 3 5 6 6 6 4 1 357 354 352 354 356 357 354 349 348 355 4 10 11 6 0 358 359 3 3 0 357 352 349 350 354 360 6 10 12 11 11 12 14 15 15 15 16 17 15 12 9 7 2 352 337 324 319 325 345 2 8 8 4 358 352 352
339 337 334 335 337 338 342 356 9 18 22 23 21 17 14 10 6 8 17 32 36 34 36 36 31 26 23 20 12 2 356 356 356 357 0 3 3 2 1 359 357 355 353 354 357 358 354 345 339 345 356 6 11 10 5 1 2 4 5 4 1 352 344 341 343 351 360 6 10 12 11 11 14 16 19 22 24 24 19 15 15 15 10 0 351 344 337 331 330 336 350 1 3 358 350 348
359 352 341 337 336 336 337 343 358 12 21 25 24 21 17 14 12 14 25 28 23 24 26 25 22 19 18 17 13 7 1 359 359 357 355 356 357 357 357 357 358 360 1 1 358 353 346 338 332 333 344 360 10 13 8 4 3 5 7 8 6 357 345 337 336 341 353 2 7 11 10 8 12 17 20 24 26 26 23 20 19 17 11 3 357 354 352 350 344 338 340 347 353 353 347 345
5 358 350 348 348 347 343 341 348 3 16 24 26 25 21 18 16 15 14 17 16 17 17 17 16 16 16 16 15 11 5 2 1 360 356 353 353 354 354 356 1 7 11 10 1 351 345 340 336 333 337 352 8 13 9 4 3 5 7 10 8 1 351 341 335 334 343 354 0 7 9 5 8 14 17 20 24 26 25 22 19 15 10 4 1 360 360 359 356 350 346 345 347 349 348 344
0 357 354 354 356 357 355 350 349 357 9 20 27 28 26 22 18 11 15 9 9 10 11 12 13 14 15 17 17 16 10 4 1 360 359 356 353 352 353 356 2 10 14 10 360 352 348 347 345 341 338 345 2 11 9 4 3 5 7 8 8 5 359 351 342 335 334 341 349 0 6 3 4 11 12 12 18 23 24 21 17 13 11 8 7 7 8 6 359 353 348 347 347 349 349 347
353 354 356 358 1 3 3 1 359 0 5 14 23 29 29 26 18 7 2 2 3 4 6 8 11 12 15 17 19 19 15 8 1 357 357 357 355 352 351 353 360 7 11 8 1 355 352 352 352 349 343 342 355 8 9 5 4 5 6 7 8 9 6 2 356 346 336 333 337 350 1 1 1 7 6 4 10 17 20 17 15 14 15 15 15 16 14 8 0 354 350 347 347 349 352 351
347 351 358 2 5 7 8 8 8 7 2 8 16 27 24 27 17 16 358 357 359 2 4 7 9 12 14 17 19 20 19 13 4 357 354 354 354 352 351 351 355 2 8 8 5 1 358 358 357 353 347 341 348 3 8 5 3 4 5 7 10 12 11 9 5 357 345 332 326 337 354 357 355 1 1 357 1 9 13 13 13 16 21 24 25 20 12 4 359 357 355 352 350 352 355 356
345 350 0 6 8 9 11 13 12 9 5 5 11 13 18 23 24 7 8 357 359 2 4 6 7 9 11 14 17 20 19 15 8 360 354 351 352 352 352 351 351 356 4 10 11 9 6 4 1 356 349 342 345 358 5 3 2 3 6 12 17 18 15 14 11 5 354 335 318 318 339 348 346 351 355 352 352 360 7 10 11 17 25 28 27 19 8 1 360 360 359 359 358 358 1 1
348 353 3 9 10 10 10 11 10 6 3 5 11 20 12 31 21 11 7 3 2 2 2 1 2 4 7 10 14 17 18 16 9 1 353 350 350 352 354 354 352 353 1 10 15 15 11 8 6 1 355 348 347 355 2 1 360 3 10 20 27 30 26 21 16 8 357 342 323 311 318 330 333 339 348 349 347 350 359 6 7 13 22 26 23 16 7 2 1 2 3 4 6 7 7 6
355 358 5 8 9 8 8 8 6 3 3 6 13 18 17 12 11 12 12 8 2 359 359 358 358 0 3 7 10 13 15 13 7 359 354 350 349 351 355 358 359 357 359 9 17 19 14 10 8 5 2 357 353 355 360 360 360 4 15 27 35 37 33 25 15 4 356 348 337 323 313 312 316 324 338 344 342 341 350 1 4 7 14 19 18 15 10 5 4 5 7 9 11 13 14 13
359 1 5 7 8 8 7 6 3 2 3 8 14 16 13 11 11 12 11 6 1 358 357 357 358 360 2 4 6 8 10 7 2 358 355 353 350 349 354 1 5 3 1 9 19 22 18 11 7 7 7 6 2 359 359 0 2 7 16 27 33 35 30 19 11 5 0 354 347 339 328 313 302 301 314 326 328 329 338 354 1 2 5 9 13 15 14 10 7 8 10 13 14 17 20 19
0 2 5 6 7 7 5 3 2 2 5 11 15 28 11 11 10 9 8 3 359 356 357 357 358 360 2 2 3 4 4 1 358 357 358 358 356 351 352 0 8 9 7 11 21 25 22 14 9 8 9 9 7 2 357 358 2 6 12 20 27 29 25 17 12 9 5 358 354 350 344 326 302 287 286 297 305 309 319 340 352 355 357 1 9 15 17 14 10 10 12 16 18 21 24 22
0 1 3 4 4 4 3 3 3 4 8 14 16 26 10 9 8 7 5 1 356 355 356 358 359 0 1 2 1 360 358 356 356 356 359 2 3 359 355 359 9 15 15 16 24 29 28 22 14 10 7 6 5 359 352 353 359 4 9 16 23 26 24 20 16 11 6 2 2 1 354 340 322 304 296 296 298 298 302 318 334 343 349 356 4 14 19 19 15 12 14 19 23 26 26 23
358 359 1 2 2 2 2 4 5 8 12 17 16 12 9 7 6 5 4 1 356 355 357 359 360 1 1 0 358 355 353 354 356 356 357 2 7 8 5 2 9 20 23 22 26 33 33 25 16 11 7 3 358 350 344 347 354 2 8 15 22 26 27 23 17 11 9 10 13 9 358 348 340 332 323 315 309 306 295 309 318 329 340 350 358 10 20 23 20 14 13 18 26 29 27 23
353 355 359 0 1 1 2 5 8 12 16 19 15 9 6 5 5 5 4 3 360 357 357 359 360 0 0 358 355 351 350 354 359 358 355 358 7 14 15 12 15 23 26 23 25 30 29 22 15 13 11 4 353 342 338 341 351 0 7 14 21 26 27 24 18 15 17 18 13 6 358 353 349 344 339 332 326 321 317 315 306 322 331 342 352 4 17 23 22 16 13 16 24 27 25 22
348 350 356 359 1 3 4 6 11 16 20 20 24 9 4 4 5 6 6 6 3 1 359 358 358 359 358 355 351 348 350 356 1 1 355 356 5 15 21 22 22 23 22 19 21 25 26 24 20 18 13 360 347 340 338 341 348 358 5 12 20 25 27 25 22 21 18 12 5 0 357 355 353 351 347 343 339 334 329 327 325 325 326 334 347 359 11 20 22 18 16 19 23 23 22 20
347 348 351 357 2 5 7 8 12 18 22 20 13 10 4 4 5 7 9 8 7 4 1 359 358 357 356 352 347 346 350 357 3 5 0 357 2 14 24 29 28 24 20 18 20 25 28 29 24 16 4 351 344 343 344 345 349 356 3 9 17 23 25 25 21 15 9 3 360 359 358 357 357 355 353 351 349 346 342 338 334 329 324 326 339 354 5 16 21 21 22 25 24 20 18 14
347 348 351 355 1 7 10 11 12 17 20 17 11 8 5 3 3 6 9 11 10 7 3 0 359 357 354 348 344 344 349 356 4 9 9 2 1 12 28 37 35 29 24 22 21 25 28 28 20 6 354 347 346 347 350 351 351 355 1 6 12 19 22 20 14 8 3 0 359 359 359 359 359 358 358 357 356 355 354 351 346 336 327 324 330 346 0 12 22 26 28 29 24 16 12 9
346 348 353 355 359 6 11 12 13 14 14 12 9 7 5 3 3 6 10 14 14 10 6 2 360 357 353 345 341 341 345 352 1 11 14 9 7 16 32 39 37 30 25 20 17 18 20 18 10 358 351 349 350 353 356 355 353 354 358 2 8 15 18 16 10 5 2 0 360 0 1 1 1 0 1 1 2 2 3 2 359 350 339 330 327 337 353 10 23 30 32 31 23 14 10 8
343 347 354 357 358 3 10 13 13 11 8 7 7 7 6 4 4 7 12 15 16 13 10 5 0 356 351 345 341 339 341 345 355 9 15 14 14 20 27 30 28 22 18 14 10 8 7 5 1 357 354 353 355 358 1 359 356 355 358 2 6 12 16 16 12 6 3 1 360 359 360 1 1 2 3 5 8 8 8 7 6 2 355 345 336 337 347 7 25 34 34 31 23 17 16 16
343 347 354 357 358 1 7 12 14 8 2 1 5 8 9 9 8 9 13 17 18 16 13 8 1 354 350 347 344 340 337 337 346 1 13 18 19 19 20 20 18 15 12 9 5 0 357 357 358 359 0 1 2 3 4 3 359 358 1 4 6 10 15 18 16 11 6 1 355 352 351 355 359 1 4 8 12 13 11 9 9 7 4 354 352 320 347 3 26 33 31 27 23 21 19 16
348 349 353 356 357 358 2 10 14 8 14 3 5 11 14 15 14 13 16 20 21 19 15 9 2 354 350 350 350 345 338 335 338 350 8 19 21 17 15 14 13 11 9 5 360 354 352 353 358 4 8 9 8 7 8 7 3 2 3 4 5 8 15 21 23 19 11 2 354 347 341 340 346 353 359 5 13 17 14 10 8 7 6 2 1 332 355 3 21 24 22 21 20 17 12 9
354 354 355 355 355 355 357 6 13 9 359 6 7 18 23 23 21 19 20 22 21 18 14 9 3 356 351 352 353 350 345 340 338 343 2 19 22 16 12 12 11 9 6 0 354 350 349 353 359 6 13 15 13 11 11 10 6 3 3 3 4 8 16 24 28 24 14 5 360 356 350 339 329 330 342 354 9 20 20 14 6 359 353 351 355 359 1 5 9 11 12 14 13 9 6 4
