project/data/elevation/US_DEM2016/US_DEM2016_point_10-28-2019_1654_30m_vel.asc
ncols	125
nrows	167
xllcorner	-2042055.000000
yllcorner	1465035.000000
cellsize	30.000000
NODATA_value	-9999.000000
[rows 0 to 37 of 167, columns 0 to 83 of 125]
4.47 4.21 4.10 4.55 5.24 6.03 6.82 7.49 7.81 8.01 8.34 8.87 8.97 8.42 8.10 8.26 8.48 8.42 7.78 7.07 6.60 6.66 7.13 7.59 7.87 7.84 7.51 6.62 5.44 4.32 3.45 2.87 2.55 2.46 2.49 2.55 2.71 3.11 3.55 3.79 3.88 3.94 4.01 4.00 3.81 3.56 3.40 3.46 3.82 4.55 5.40 6.24 6.94 7.60 7.82 7.83 7.62 6.94 6.29 5.83 5.55 5.41 5.45 5.78 6.05 6.13 6.02 5.63 4.99 4.60 4.54 4.71 4.96 5.16 5.30 5.41 5.56 5.84 6.24 6.61 6.86 6.78 6.30 6.27
4.47 4.21 4.10 4.55 5.24 6.03 6.82 7.49 7.81 8.01 8.34 8.87 8.97 8.42 8.10 8.26 8.48 8.42 7.78 7.07 6.60 6.66 7.13 7.59 7.87 7.84 7.51 6.62 5.44 4.32 3.45 2.87 2.55 2.46 2.49 2.55 2.71 3.11 3.55 3.79 3.88 3.94 4.01 4.00 3.81 3.56 3.40 3.46 3.82 4.55 5.40 6.24 6.94 7.60 7.82 7.83 7.62 6.94 6.29 5.83 5.55 5.41 5.45 5.78 6.05 6.13 6.02 5.63 4.99 4.60 4.54 4.71 4.96 5.16 5.30 5.41 5.56 5.84 6.24 6.61 6.86 6.78 6.30 6.27
4.28 4.12 4.19 4.64 5.18 5.86 6.52 7.05 7.35 7.47 7.70 8.08 8.16 7.93 7.70 7.75 7.88 7.86 7.45 6.84 6.56 6.70 7.05 7.26 7.27 7.07 6.49 5.60 4.69 3.84 3.19 2.77 2.58 2.56 2.60 2.66 2.82 3.12 3.40 3.58 3.63 3.68 3.75 3.88 3.96 3.97 3.95 4.00 4.34 4.94 5.61 6.18 6.62 6.98 7.13 7.12 7.01 6.72 6.25 5.76 5.37 5.15 5.24 5.47 5.63 5.67 5.64 5.53 5.37 5.12 5.01 5.02 5.06 5.06 5.07 5.14 5.33 5.67 6.02 6.19 6.19 6.19 6.18 6.38
4.32 4.29 4.56 4.92 5.27 5.63 6.02 6.24 6.26 6.26 6.41 6.53 6.57 6.58 6.62 6.59 6.56 6.65 6.57 6.38 6.46 6.73 6.80 6.50 6.05 5.53 4.87 4.28 3.76 3.32 3.01 2.87 2.90 3.00 3.06 3.08 3.14 3.26 3.32 3.38 3.55 3.71 3.88 4.13 4.44 4.67 4.82 4.91 5.13 5.51 5.89 6.04 5.98 5.83 5.74 5.55 5.48 5.61 5.67 5.56 5.36 5.19 5.07 4.97 4.80 4.70 4.77 5.02 5.30 5.47 5.48 5.32 5.08 4.83 4.72 4.78 4.98 5.28 5.46 5.31 5.14 5.44 6.02 6.50
4.55 4.60 4.94 5.16 5.32 5.51 5.60 5.62 5.49 5.37 5.31 5.29 5.30 5.36 5.51 5.50 5.41 5.49 5.76 6.08 6.46 6.59 6.32 5.63 4.89 4.34 4.04 3.84 3.65 3.49 3.42 3.48 3.64 3.76 3.76 3.64 3.55 3.56 3.57 3.65 3.89 4.18 4.50 4.82 4.99 5.14 5.23 5.38 5.61 5.87 6.03 5.92 5.54 5.08 4.67 4.13 3.86 3.96 4.37 4.84 5.10 5.13 4.99 4.60 4.24 3.99 3.91 4.05 4.34 4.59 4.69 4.64 4.49 4.36 4.39 4.54 4.72 4.85 4.88 4.78 4.80 5.26 5.92 6.24
4.63 4.73 5.08 5.28 5.31 5.37 5.34 5.15 5.02 4.90 4.68 4.51 4.53 4.71 5.05 5.15 5.07 5.06 5.39 5.88 6.24 6.12 5.57 4.70 3.99 3.71 3.71 3.79 3.86 3.93 4.06 4.22 4.33 4.28 4.13 3.96 3.89 3.92 3.95 3.99 4.10 4.30 4.61 4.99 5.20 5.27 5.35 5.56 5.79 6.00 6.06 5.85 5.42 4.74 4.04 3.51 3.38 3.50 3.74 3.99 4.22 4.36 4.30 4.03 3.79 3.63 3.54 3.51 3.49 3.49 3.52 3.53 3.56 3.70 3.93 4.18 4.36 4.46 4.55 4.63 4.78 5.13 5.51 5.51
4.80 4.97 5.28 5.43 5.37 5.23 5.01 4.72 4.57 4.54 4.41 4.16 4.13 4.54 5.08 5.18 5.14 5.11 5.16 5.31 5.50 5.31 4.71 4.00 3.63 3.55 3.60 3.72 3.94 4.23 4.51 4.68 4.65 4.53 4.38 4.31 4.34 4.37 4.31 4.21 4.19 4.30 4.45 4.67 4.87 4.86 4.90 5.14 5.53 5.82 5.96 5.79 5.32 4.88 4.49 4.21 4.28 4.34 4.21 3.96 3.69 3.51 3.39 3.36 3.35 3.36 3.38 3.40 3.34 3.23 3.13 3.08 3.17 3.38 3.62 3.84 3.99 4.13 4.37 4.55 4.67 4.86 4.91 4.63
4.99 5.25 5.64 5.63 5.46 5.03 4.60 4.29 4.29 4.43 4.37 4.09 4.08 4.58 5.07 5.00 4.84 4.80 4.66 4.54 4.62 4.49 4.06 3.69 3.56 3.56 3.61 3.73 3.98 4.35 4.69 4.89 4.93 4.96 5.05 5.22 5.30 5.21 4.99 4.71 4.46 4.34 4.34 4.32 4.23 4.15 4.17 4.45 5.06 5.73 5.94 5.74 5.38 5.29 5.31 5.33 5.20 4.93 4.50 3.98 3.49 3.14 3.02 3.04 3.07 3.12 3.27 3.46 3.49 3.36 3.19 3.12 3.19 3.35 3.55 3.71 3.85 4.09 4.38 4.47 4.47 4.50 4.37 4.05
5.34 5.55 5.89 5.77 5.46 4.98 4.45 4.26 4.45 4.58 4.48 4.30 4.40 4.71 4.84 4.57 4.23 4.11 4.03 4.00 4.15 4.01 3.57 3.35 3.36 3.49 3.74 4.03 4.28 4.53 4.87 5.18 5.48 5.90 6.36 6.62 6.60 6.35 6.02 5.63 5.17 4.75 4.51 4.36 4.16 4.03 4.19 4.63 5.40 5.98 5.98 5.44 4.93 4.85 4.95 4.96 4.73 4.30 3.80 3.40 3.16 3.06 3.07 3.11 3.13 3.24 3.52 3.75 3.68 3.43 3.22 3.18 3.29 3.53 3.82 4.03 4.24 4.54 4.71 4.62 4.44 4.30 4.13 4.00
5.54 5.73 5.87 5.73 5.44 5.10 4.71 4.74 5.05 5.20 4.99 4.79 4.82 4.83 4.60 4.18 3.73 3.56 3.69 3.90 4.08 3.79 3.27 3.08 3.19 3.45 3.82 4.23 4.59 4.91 5.32 5.74 6.25 6.80 7.13 7.15 6.97 6.77 6.60 6.38 6.04 5.60 5.21 4.93 4.66 4.61 4.75 5.26 5.93 6.16 5.76 4.74 3.91 3.40 3.34 3.40 3.36 3.12 2.91 2.84 2.89 3.01 3.15 3.29 3.49 3.79 4.17 4.30 3.92 3.42 3.25 3.40 3.79 4.25 4.62 4.86 5.13 5.40 5.44 5.20 4.89 4.68 4.57 4.47
5.85 5.73 5.70 5.67 5.53 5.44 5.48 5.80 6.10 6.07 5.80 5.48 5.21 4.86 4.41 3.92 3.50 3.50 3.85 4.19 4.25 3.85 3.38 3.24 3.36 3.60 3.88 4.27 4.83 5.47 6.00 6.41 6.74 6.83 6.59 6.18 6.05 6.25 6.46 6.54 6.46 6.22 5.84 5.46 5.21 5.08 5.12 5.63 6.13 6.05 5.21 4.08 3.23 2.73 2.48 2.33 2.32 2.39 2.53 2.68 2.85 3.08 3.36 3.65 4.03 4.53 4.83 4.70 4.21 3.64 3.58 4.04 4.70 5.24 5.60 5.85 6.06 6.11 5.91 5.57 5.35 5.25 5.14 4.94
6.05 5.66 5.47 5.73 5.97 6.24 6.61 6.97 7.12 6.88 6.49 6.11 5.68 5.04 4.38 3.96 3.73 3.84 4.22 4.48 4.39 4.01 3.66 3.56 3.66 3.91 4.25 4.77 5.43 6.04 6.35 6.48 6.34 5.87 5.13 4.70 4.89 5.37 5.69 5.89 6.06 6.16 6.08 5.87 5.60 5.37 5.41 5.86 6.05 5.62 4.54 3.69 3.15 2.71 2.33 2.07 2.04 2.26 2.54 2.79 3.07 3.47 3.91 4.30 4.71 5.05 5.12 4.88 4.53 4.30 4.28 4.77 5.38 5.88 6.15 6.25 6.13 5.76 5.14 4.71 4.61 4.63 4.64 4.60
5.85 5.48 5.21 5.62 6.19 6.70 7.09 7.26 7.24 6.99 6.69 6.39 6.04 5.40 4.80 4.45 4.26 4.22 4.34 4.39 4.20 3.86 3.65 3.67 3.88 4.22 4.71 5.26 5.66 5.82 5.74 5.45 4.93 4.23 3.79 3.93 4.37 4.60 4.57 4.71 5.05 5.42 5.76 5.91 5.82 5.62 5.62 5.91 5.71 4.83 3.81 3.17 2.66 2.28 2.09 2.10 2.26 2.50 2.80 3.15 3.60 4.12 4.57 4.89 5.11 5.21 5.13 5.00 4.94 4.93 5.04 5.44 5.97 6.22 6.08 5.64 4.98 4.15 3.45 3.19 3.29 3.49 3.71 3.87
5.70 5.56 5.36 5.40 5.70 6.09 6.32 6.32 6.14 6.02 6.03 6.04 5.95 5.66 5.34 5.03 4.69 4.39 4.19 3.96 3.63 3.37 3.38 3.55 3.82 4.15 4.50 4.69 4.64 4.44 4.13 3.66 3.17 2.85 2.95 3.44 3.73 3.66 3.55 3.69 3.96 4.36 4.79 5.11 5.34 5.47 5.61 5.72 5.35 4.36 3.36 2.53 2.00 1.89 2.10 2.44 2.71 2.91 3.22 3.72 4.25 4.72 5.04 5.23 5.35 5.41 5.39 5.36 5.37 5.39 5.60 6.06 6.30 5.99 5.17 4.16 3.33 2.85 2.68 2.83 3.20 3.57 3.79 3.80
5.80 5.83 5.51 5.14 4.83 4.74 4.65 4.40 4.17 4.26 4.58 4.91 5.09 5.20 5.25 5.14 4.84 4.43 4.01 3.53 3.07 2.95 3.11 3.32 3.46 3.55 3.54 3.38 3.16 3.01 2.83 2.63 2.54 2.61 2.80 2.99 3.06 3.06 3.07 3.16 3.29 3.48 3.72 4.01 4.44 5.14 5.50 5.56 5.13 4.30 3.24 2.41 2.13 2.32 2.76 3.10 3.21 3.32 3.68 4.26 4.87 5.28 5.56 5.75 5.92 6.05 6.06 5.95 5.82 5.79 6.02 6.29 5.96 4.89 3.73 3.05 2.88 2.88 3.05 3.46 3.98 4.38 4.45 4.37
5.89 5.72 5.19 4.60 3.87 3.40 3.07 2.80 2.76 2.90 3.16 3.38 3.66 4.04 4.46 4.69 4.68 4.38 3.89 3.32 2.95 2.93 3.05 3.10 3.03 2.89 2.76 2.71 2.69 2.68 2.67 2.73 2.91 3.10 3.15 3.17 3.20 3.26 3.31 3.37 3.44 3.54 3.72 4.08 4.62 5.33 5.60 5.45 4.86 3.98 3.23 2.88 2.92 3.31 3.70 3.81 3.70 3.77 4.24 4.97 5.63 6.12 6.41 6.56 6.73 6.91 6.92 6.77 6.57 6.46 6.44 6.10 5.05 3.88 3.35 3.39 3.57 3.60 3.74 4.15 4.71 5.03 5.07 5.21
5.65 5.17 4.40 3.77 3.00 2.61 2.54 2.57 2.68 2.94 3.15 3.20 3.36 3.71 4.04 4.23 4.30 4.22 3.90 3.52 3.29 3.21 3.12 2.98 2.85 2.78 2.85 3.00 3.09 3.10 3.11 3.20 3.39 3.64 3.77 3.85 3.91 3.93 3.94 4.02 4.22 4.50 4.81 5.27 5.76 6.01 5.78 5.29 4.62 3.98 3.56 3.51 3.77 4.19 4.51 4.54 4.38 4.57 5.23 6.07 6.81 7.26 7.42 7.42 7.40 7.44 7.47 7.45 7.37 7.11 6.67 5.87 4.67 4.15 4.33 4.65 4.69 4.52 4.53 4.88 5.34 5.66 5.90 6.22
5.34 4.87 3.98 3.16 2.68 2.69 3.07 3.46 3.84 4.23 4.45 4.49 4.55 4.55 4.41 4.13 3.99 4.03 3.99 3.85 3.66 3.41 3.15 2.99 3.01 3.15 3.37 3.57 3.70 3.78 3.81 3.78 3.88 4.13 4.36 4.57 4.69 4.73 4.71 4.85 5.22 5.59 6.00 6.35 6.46 6.13 5.51 4.89 4.46 4.19 3.99 4.06 4.42 4.89 5.17 5.13 5.16 5.54 6.40 7.27 7.85 7.99 7.85 7.65 7.47 7.33 7.29 7.32 7.40 7.25 6.87 6.42 5.82 5.76 6.17 6.43 6.34 6.05 5.96 6.06 6.26 6.50 6.78 6.92
5.24 4.84 3.91 3.15 3.05 3.68 4.55 5.22 5.72 6.04 6.18 6.17 6.00 5.54 4.92 4.34 4.02 3.97 4.01 3.98 3.81 3.53 3.29 3.25 3.42 3.65 3.86 4.07 4.29 4.47 4.58 4.63 4.73 4.86 5.04 5.28 5.51 5.62 5.74 5.96 6.26 6.52 6.63 6.51 6.02 5.19 4.38 4.05 4.16 4.25 4.39 4.65 5.10 5.54 5.65 5.51 5.69 6.39 7.29 7.85 7.95 7.69 7.30 7.00 6.85 6.79 6.83 6.83 6.79 6.85 7.08 7.31 7.64 7.89 8.14 8.35 8.40 8.29 8.12 7.86 7.63 7.47 7.34 7.01
4.93 4.34 3.45 3.19 3.80 4.95 6.04 6.79 7.19 7.25 7.12 6.86 6.50 5.90 5.30 4.79 4.40 4.15 4.07 4.03 3.91 3.79 3.76 3.86 4.01 4.16 4.36 4.60 4.82 5.03 5.31 5.65 5.97 6.18 6.29 6.39 6.42 6.43 6.62 6.87 6.94 6.77 6.38 5.70 4.78 3.85 3.34 3.42 4.01 4.48 4.91 5.35 5.75 5.91 5.83 5.74 6.16 6.97 7.46 7.51 7.10 6.54 6.04 5.79 5.82 6.01 6.19 6.23 6.13 6.25 6.84 7.51 8.13 8.54 8.80 9.11 9.32 9.35 9.17 8.86 8.42 7.99 7.45 6.73
4.12 3.61 3.20 3.65 4.91 6.30 7.18 7.54 7.54 7.25 6.87 6.50 6.14 5.76 5.47 5.14 4.76 4.41 4.23 4.16 4.16 4.27 4.49 4.69 4.81 4.89 5.08 5.29 5.47 5.71 6.15 6.70 7.14 7.42 7.48 7.28 7.01 6.89 6.97 6.95 6.63 6.02 5.21 4.28 3.50 3.13 3.19 3.69 4.46 5.09 5.72 6.22 6.40 6.24 6.02 6.12 6.62 6.99 7.00 6.50 5.79 5.11 4.60 4.32 4.48 4.65 4.80 4.92 5.06 5.33 5.80 6.42 7.07 7.50 7.79 8.07 8.27 8.35 8.38 8.24 8.02 7.63 7.15 6.52
4.18 4.04 4.26 5.20 6.48 7.38 7.62 7.38 6.91 6.34 5.94 5.67 5.41 5.27 5.20 5.05 4.78 4.52 4.42 4.48 4.70 5.06 5.45 5.69 5.82 5.91 6.05 6.22 6.44 6.78 7.26 7.64 7.79 7.73 7.44 7.03 6.78 6.63 6.46 6.00 5.31 4.54 3.72 3.07 2.93 3.22 3.83 4.64 5.28 5.95 6.49 6.70 6.67 6.55 6.37 6.43 6.62 6.55 6.06 5.21 4.40 3.76 3.19 3.01 3.12 3.14 3.08 3.25 3.63 3.99 4.60 5.05 5.32 5.44 5.50 5.65 5.58 5.73 6.00 6.13 6.54 6.80 6.79 6.69
5.04 5.42 6.20 6.91 7.47 7.65 7.25 6.55 5.83 5.40 5.19 4.99 4.79 4.68 4.64 4.64 4.60 4.55 4.64 4.90 5.34 5.83 6.22 6.49 6.61 6.74 6.91 7.13 7.43 7.77 7.99 7.90 7.49 6.87 6.18 5.74 5.81 5.72 5.22 4.42 3.64 3.13 2.78 2.84 3.26 3.85 4.61 5.38 6.06 6.62 6.80 6.74 6.56 6.46 6.42 6.35 6.18 5.73 4.93 4.06 3.32 2.65 2.28 2.34 2.52 2.56 2.58 2.80 3.09 3.43 3.84 4.25 4.36 4.20 3.93 3.80 3.86 4.27 4.62 4.84 5.26 5.80 6.23 6.43
5.71 6.24 6.99 7.30 7.36 7.08 6.39 5.68 5.08 4.86 4.76 4.57 4.40 4.27 4.20 4.29 4.44 4.60 4.80 5.02 5.32 5.63 5.97 6.36 6.63 6.91 7.23 7.55 7.78 7.85 7.62 7.00 6.10 5.30 4.76 4.66 4.72 4.38 3.65 3.01 2.62 2.52 2.77 3.37 3.95 4.53 5.26 5.95 6.55 6.76 6.55 6.19 5.97 5.92 5.94 5.84 5.52 4.98 4.19 3.45 2.79 2.23 2.09 2.30 2.53 2.67 2.91 3.29 3.55 3.59 3.68 3.87 3.94 3.74 3.40 3.24 3.53 4.06 4.26 4.28 4.59 4.92 5.30 5.58
6.16 6.41 6.73 6.79 6.60 6.11 5.51 5.02 4.70 4.56 4.42 4.22 4.10 4.00 3.98 4.11 4.36 4.58 4.69 4.68 4.69 4.77 5.00 5.44 6.06 6.61 7.07 7.32 7.26 6.88 6.18 5.24 4.33 3.82 3.66 3.68 3.46 2.99 2.56 2.44 2.56 2.93 3.54 4.13 4.70 5.31 5.86 6.40 6.66 6.47 6.04 5.70 5.51 5.40 5.36 5.29 5.08 4.67 4.02 3.33 2.81 2.62 2.83 3.17 3.37 3.51 3.85 4.06 3.92 3.71 3.63 3.70 3.71 3.55 3.29 3.31 3.67 3.92 3.79 3.76 3.99 4.14 4.39 4.76
6.59 6.31 6.05 6.06 5.84 5.42 4.96 4.56 4.37 4.24 4.08 3.94 3.83 3.80 3.91 4.12 4.38 4.53 4.54 4.47 4.50 4.63 4.96 5.47 6.11 6.59 6.76 6.59 6.09 5.35 4.47 3.69 3.07 2.79 2.77 2.77 2.61 2.43 2.45 2.71 3.20 3.80 4.33 4.91 5.53 6.06 6.44 6.62 6.45 6.01 5.58 5.29 5.09 5.01 5.06 5.07 4.98 4.71 4.24 3.70 3.43 3.59 4.00 4.33 4.49 4.66 4.76 4.47 3.97 3.80 3.82 3.66 3.49 3.42 3.39 3.52 3.73 3.70 3.49 3.51 3.64 3.69 3.87 4.33
6.86 6.38 5.76 5.62 5.47 5.22 4.97 4.63 4.40 4.29 4.14 4.03 3.95 3.98 4.13 4.33 4.55 4.69 4.78 4.88 5.12 5.55 6.08 6.52 6.73 6.63 6.20 5.53 4.73 3.93 3.16 2.65 2.48 2.52 2.59 2.63 2.70 2.85 3.07 3.37 3.84 4.35 4.94 5.66 6.30 6.75 6.89 6.60 6.10 5.52 5.03 4.72 4.62 4.70 4.92 5.08 5.00 4.86 4.72 4.63 4.70 5.01 5.38 5.61 5.69 5.63 5.35 4.91 4.58 4.52 4.26 3.80 3.44 3.51 3.63 3.64 3.66 3.67 3.66 3.67 3.68 3.67 3.79 4.08
7.08 6.56 5.79 5.52 5.35 5.23 5.20 5.08 4.92 4.86 4.79 4.64 4.60 4.63 4.69 4.72 4.82 4.99 5.24 5.54 5.98 6.48 6.80 6.81 6.51 5.93 5.19 4.33 3.46 2.79 2.40 2.35 2.58 2.92 3.10 3.20 3.33 3.53 3.77 4.00 4.30 4.75 5.48 6.28 6.90 7.14 6.94 6.40 5.73 5.10 4.59 4.38 4.44 4.65 4.87 4.93 4.83 4.96 5.19 5.55 6.08 6.64 7.04 7.21 7.03 6.68 6.19 5.81 5.71 5.45 4.72 3.96 3.77 4.02 4.04 3.79 3.78 3.98 4.08 4.02 3.89 3.82 3.87 3.94
7.07 6.47 5.66 5.33 5.15 5.21 5.27 5.31 5.28 5.25 5.21 5.07 5.04 5.08 5.11 5.05 4.97 5.08 5.40 5.84 6.26 6.45 6.27 5.77 5.17 4.57 3.94 3.22 2.55 2.26 2.37 2.84 3.28 3.55 3.76 3.91 4.04 4.16 4.37 4.51 4.76 5.25 6.07 6.78 7.19 7.11 6.63 6.01 5.45 5.00 4.68 4.56 4.64 4.76 4.72 4.60 4.69 5.12 5.57 6.23 7.02 7.62 7.90 7.93 7.88 7.62 7.26 6.98 6.59 5.97 5.21 4.60 4.60 4.75 4.55 4.31 4.45 4.71 4.70 4.44 4.13 3.95 3.88 3.81
6.81 6.40 5.72 5.33 5.17 5.14 5.23 5.32 5.31 5.19 4.99 4.79 4.74 4.80 4.89 4.90 4.83 4.92 5.24 5.59 5.70 5.43 4.86 4.22 3.68 3.24 2.83 2.45 2.24 2.45 3.08 3.72 4.04 4.22 4.34 4.48 4.65 4.79 4.87 5.01 5.32 5.86 6.49 6.98 6.98 6.52 5.88 5.47 5.33 5.24 5.17 5.16 5.06 4.99 4.82 4.73 4.95 5.45 5.90 6.63 7.30 7.77 7.85 7.69 7.71 7.72 7.67 7.63 7.32 6.84 6.49 6.23 6.03 5.66 5.23 5.19 5.49 5.66 5.35 4.80 4.25 3.89 3.69 3.69
6.83 6.60 6.04 5.63 5.46 5.36 5.33 5.35 5.31 5.16 4.89 4.64 4.51 4.46 4.46 4.47 4.54 4.75 5.01 4.99 4.60 3.93 3.28 2.77 2.36 2.06 1.88 1.91 2.32 3.11 3.92 4.39 4.65 4.79 4.88 4.99 5.09 5.14 5.18 5.35 5.76 6.24 6.70 6.80 6.41 5.64 5.20 5.08 5.18 5.45 5.54 5.57 5.56 5.40 5.21 5.14 5.21 5.53 5.99 6.69 7.07 7.01 6.54 6.33 6.54 6.98 7.33 7.64 7.89 7.94 7.97 7.81 7.37 6.82 6.38 6.37 6.43 6.15 5.50 4.63 3.98 3.66 3.56 3.55
7.07 6.67 6.06 5.76 5.68 5.64 5.50 5.40 5.36 5.34 5.26 5.05 4.86 4.65 4.48 4.37 4.44 4.62 4.58 4.10 3.35 2.61 2.06 1.72 1.53 1.49 1.61 1.94 2.54 3.31 3.99 4.35 4.58 4.77 4.95 5.12 5.12 5.12 5.18 5.45 5.90 6.41 6.72 6.53 6.01 5.38 5.02 4.95 5.05 5.27 5.55 5.66 5.76 5.66 5.45 5.20 5.10 5.22 5.72 6.29 6.45 6.01 5.43 5.27 5.44 5.93 6.55 7.09 7.60 7.98 8.22 8.24 7.93 7.62 7.43 7.22 6.70 5.85 4.91 4.16 3.77 3.61 3.48 3.37
6.97 6.36 5.60 5.45 5.51 5.53 5.35 5.14 5.14 5.26 5.33 5.23 5.03 4.81 4.63 4.50 4.46 4.34 3.92 3.20 2.54 2.05 1.74 1.64 1.67 1.84 2.15 2.53 2.91 3.22 3.45 3.67 3.84 4.03 4.27 4.49 4.66 4.79 5.02 5.44 5.87 6.33 6.44 6.05 5.55 5.11 4.78 4.72 4.80 4.95 5.17 5.48 5.58 5.50 5.25 4.86 4.72 4.79 5.30 5.80 5.76 5.17 4.70 4.77 5.11 5.45 5.74 6.01 6.38 6.73 7.00 7.20 7.38 7.46 7.44 7.21 6.38 5.27 4.56 4.24 4.01 3.63 3.30 3.33
6.32 5.88 5.34 5.21 5.11 4.87 4.56 4.43 4.44 4.64 4.85 4.90 4.79 4.65 4.58 4.47 4.32 4.00 3.49 2.99 2.65 2.48 2.42 2.45 2.55 2.79 3.01 3.23 3.38 3.41 3.42 3.44 3.44 3.47 3.59 3.84 4.24 4.53 4.89 5.34 5.72 5.95 5.72 4.97 4.22 3.93 3.96 4.09 4.25 4.57 4.84 5.09 5.19 5.02 4.71 4.41 4.33 4.54 4.97 5.35 5.26 4.72 4.49 4.63 4.95 5.15 5.09 4.96 5.02 5.24 5.27 5.51 6.00 6.50 6.73 6.68 6.24 5.52 4.99 4.69 4.12 3.51 3.35 3.66
5.75 5.76 5.68 5.44 4.95 4.40 4.06 3.88 3.80 3.93 4.20 4.44 4.55 4.54 4.47 4.31 4.10 3.82 3.52 3.34 3.33 3.38 3.46 3.54 3.63 3.73 3.83 3.88 3.96 4.01 3.97 3.82 3.63 3.50 3.52 3.78 4.14 4.44 4.82 5.20 5.44 5.38 4.75 3.67 3.11 3.19 3.49 3.83 4.18 4.44 4.68 4.82 4.72 4.51 4.29 4.23 4.28 4.53 4.82 5.11 5.11 4.89 4.77 4.74 4.74 4.52 4.24 4.13 4.24 4.42 4.50 4.63 4.99 5.49 5.68 5.96 6.22 6.15 5.73 5.01 4.12 3.75 4.04 4.55
5.96 6.22 6.37 6.01 5.44 4.71 4.18 3.85 3.61 3.50 3.59 3.92 4.26 4.44 4.38 4.16 3.96 3.82 3.78 3.93 4.14 4.35 4.52 4.64 4.70 4.64 4.52 4.43 4.39 4.35 4.29 4.14 3.96 3.82 3.79 3.96 4.28 4.58 4.96 5.21 5.21 4.85 4.11 3.37 3.30 3.71 4.22 4.66 4.87 4.84 4.75 4.66 4.43 4.27 4.23 4.29 4.34 4.55 4.76 5.11 5.29 5.24 4.94 4.54 4.21 3.88 3.65 3.66 3.90 4.13 4.24 4.40 4.64 4.91 5.04 5.40 5.97 6.34 6.31 5.87 5.19 5.09 5.49 5.85
6.42 6.62 6.64 6.21 5.67 5.03 4.47 4.01 3.64 3.31 3.14 3.29 3.69 4.03 4.16 4.03 3.92 3.94 4.17 4.57 4.93 5.26 5.52 5.68 5.65 5.50 5.29 5.04 4.79 4.55 4.35 4.21 4.17 4.25 4.40 4.54 4.76 5.07 5.40 5.51 5.37 4.94 4.36 4.18 4.59 5.17 5.65 5.83 5.70 5.23 4.88 4.62 4.42 4.25 4.26 4.32 4.35 4.56 4.86 5.36 5.57 5.39 4.88 4.28 3.80 3.48 3.45 3.56 3.77 3.93 3.99 4.15 4.45 4.60 4.74 5.03 5.50 6.08 6.57 6.98 7.15 7.08 6.99 6.91
6.70 6.66 6.26 5.73 5.19 4.67 4.30 3.94 3.54 3.14 2.90 2.89 3.08 3.45 3.75 3.85 3.86 4.01 4.40 4.92 5.34 5.67 5.89 6.02 5.99 5.89 5.74 5.53 5.25 4.96 4.65 4.42 4.41 4.60 4.83 5.08 5.37 5.67 5.89 6.08 6.14 5.89 5.68 5.64 5.99 6.40 6.51 6.20 5.71 5.21 4.84 4.68 4.47 4.31 4.29 4.32 4.36 4.66 5.08 5.60 5.71 5.40 4.87 4.34 3.88 3.60 3.55 3.63 3.71 3.80 3.80 3.85 4.14 4.38 4.52 4.74 5.12 5.63 6.42 7.27 7.89 7.91 7.55 7.04
