project/data/elevation/US_DEM2016/US_DEM2016_point_10-29-2019_1616_30m_ang.asc
ncols	125
nrows	167
xllcorner	-2042055.000000
yllcorner	1465035.000000
cellsize	30.000000
NODATA_value	-9999.000000
[rows 0 to 41 of 167, columns 0 to 93 of 125]
201 202 198 188 182 180 180 182 184 187 188 187 185 186 188 190 189 188 187 186 187 186 187 188 189 190 191 192 193 194 196 198 200 201 200 196 192 189 188 188 188 188 189 190 192 194 194 191 190 188 188 188 188 188 188 190 192 193 193 192 191 189 187 185 186 189 193 195 196 195 193 191 189 189 189 189 188 185 184 187 189 188 188 190 191 189 188 189 189 189 189 190 191 191
201 202 198 188 182 180 180 182 184 187 188 187 185 186 188 190 189 188 187 186 187 186 187 188 189 190 191 192 193 194 196 198 200 201 200 196 192 189 188 188 188 188 189 190 192 194 194 191 190 188 188 188 188 188 188 190 192 193 193 192 191 189 187 185 186 189 193 195 196 195 193 191 189 189 189 189 188 185 184 187 189 188 188 190 191 189 188 189 189 189 189 190 191 191
210 208 199 183 175 173 174 177 182 187 190 188 185 186 190 192 191 190 188 187 187 186 187 189 191 193 194 195 196 198 200 202 203 203 200 195 189 186 185 186 188 188 189 190 192 193 192 190 189 188 187 187 188 188 188 191 193 194 195 194 192 188 185 184 185 189 194 196 196 194 192 189 188 188 188 188 187 184 182 186 189 188 188 191 192 190 188 189 190 189 189 190 191 190
220 215 200 180 165 160 160 166 176 186 191 190 186 187 193 196 194 192 190 189 187 186 188 191 195 198 201 201 202 203 205 205 204 202 199 193 188 183 181 182 185 187 188 189 190 191 191 189 188 187 187 188 188 188 189 191 194 197 198 197 194 189 184 182 184 189 194 196 196 194 192 190 189 188 188 187 185 181 180 185 189 187 186 190 193 192 190 191 191 190 188 189 189 188
223 217 200 182 165 155 150 154 165 179 188 190 188 189 196 200 197 192 190 189 187 188 190 194 199 203 204 204 204 204 204 203 202 200 198 195 191 186 179 177 179 182 184 186 187 188 189 189 188 187 189 190 189 189 191 193 196 198 199 198 196 193 188 186 187 190 193 195 196 196 195 194 193 191 189 187 185 182 180 182 184 182 181 187 194 196 193 192 192 189 188 188 187 184
223 217 201 185 171 158 149 147 153 166 180 188 188 189 197 201 198 190 186 187 188 190 194 197 201 205 206 204 203 202 201 200 199 199 198 197 194 189 182 174 171 174 178 181 184 186 187 187 187 189 191 192 192 193 195 196 196 195 195 195 197 196 194 192 192 192 193 194 196 198 198 198 197 195 192 188 185 182 180 180 180 177 176 184 196 199 196 193 191 189 187 186 184 181
220 215 201 188 177 166 156 148 146 150 165 179 184 186 194 200 199 190 184 185 189 194 198 201 203 204 205 203 201 199 198 198 198 199 199 198 196 192 187 179 171 168 170 175 181 185 186 187 188 190 192 193 194 196 197 195 193 191 191 192 196 198 199 197 197 196 195 194 194 196 198 199 198 197 194 190 187 183 179 176 175 174 174 181 194 199 197 192 189 187 186 184 182 183
216 210 198 190 183 176 167 157 146 142 148 163 174 180 188 198 200 194 188 187 190 196 201 202 203 203 204 203 199 196 196 196 197 197 196 195 194 193 191 186 180 172 167 168 175 184 188 188 188 189 190 192 194 196 197 195 193 192 193 194 197 200 201 201 201 201 199 194 192 193 197 199 200 198 196 193 189 184 177 172 170 171 173 178 188 194 194 190 187 185 184 182 184 190
209 205 197 192 188 185 180 171 159 147 144 150 160 169 181 194 200 198 194 191 192 196 201 203 203 202 202 200 197 195 194 194 194 192 190 190 192 193 193 191 188 184 176 169 171 180 186 187 186 186 188 189 192 196 198 199 198 198 199 200 201 202 201 201 203 203 200 194 189 191 196 201 200 198 195 193 190 185 179 173 170 169 170 173 180 186 188 186 185 183 183 184 191 202
201 200 197 195 193 191 187 180 171 162 156 152 153 159 171 188 198 200 197 195 194 196 200 203 203 201 199 197 195 193 191 189 188 186 186 187 190 192 193 193 192 191 188 181 174 176 182 184 184 185 188 190 193 197 202 205 206 206 206 205 205 204 202 200 200 201 199 194 189 189 195 198 197 193 191 189 187 185 182 179 176 173 171 171 172 177 181 183 182 182 185 191 201 209
192 195 198 198 196 193 190 184 178 173 169 164 159 158 165 181 193 197 196 195 195 197 198 200 201 199 196 194 192 190 187 184 183 184 185 187 190 191 192 193 193 193 193 190 183 177 178 181 183 186 191 194 196 198 203 208 211 211 210 209 207 205 202 196 194 196 198 196 193 190 190 192 190 188 186 185 185 185 185 184 181 178 176 174 172 172 176 178 181 184 191 198 204 206
183 190 197 198 196 193 189 185 182 180 178 175 172 168 168 176 185 190 192 194 196 198 198 199 198 196 194 190 187 185 183 182 183 186 188 190 189 190 191 192 192 194 195 195 191 184 179 180 184 189 194 198 199 200 203 208 211 211 210 209 207 203 198 192 188 191 196 198 196 191 187 186 185 183 183 183 185 188 189 189 185 181 178 177 174 171 171 174 181 188 194 197 199 199
184 186 190 194 194 192 189 187 187 186 185 183 181 179 176 175 179 184 187 193 198 200 200 198 195 193 189 186 183 182 183 184 187 192 194 192 189 189 190 191 191 192 194 196 195 191 185 184 187 193 197 200 204 207 208 208 207 207 207 206 203 199 194 189 186 187 194 197 196 192 187 184 182 181 182 185 190 195 199 199 193 184 177 174 173 168 166 171 180 187 189 191 193 193
191 187 183 186 190 191 191 191 191 190 190 189 188 187 185 180 178 181 185 192 199 203 202 198 194 190 187 186 185 185 188 192 197 200 198 193 191 193 194 192 191 191 192 196 197 195 191 190 193 197 200 205 211 213 211 205 200 200 201 200 199 197 192 188 185 185 189 193 195 192 187 183 182 183 187 194 200 205 206 205 200 187 175 170 167 162 159 165 176 182 183 185 188 189
191 189 184 182 185 191 194 195 195 193 192 191 190 190 190 187 183 183 187 193 200 203 202 198 194 191 190 192 194 195 197 200 203 203 200 197 197 197 196 195 193 192 193 196 197 195 194 194 197 201 204 208 210 209 203 197 194 194 195 195 195 194 191 187 183 182 185 189 193 192 188 185 186 191 200 205 207 205 204 202 197 188 178 170 163 158 156 161 170 177 180 180 183 184
190 190 190 187 188 194 201 202 199 195 193 191 190 189 191 191 189 188 190 195 200 202 202 200 198 197 198 199 200 200 198 197 199 200 200 199 198 195 193 193 193 192 192 192 191 191 194 198 202 205 207 206 204 200 195 191 190 190 189 188 188 189 189 186 182 180 182 186 190 192 191 191 194 202 206 205 202 200 198 197 194 188 180 171 163 159 158 159 165 173 177 177 178 181
193 194 195 196 199 206 211 208 200 194 189 184 182 181 184 190 192 192 193 196 199 201 203 203 202 202 201 199 199 199 197 194 194 196 197 197 196 193 190 190 190 189 187 185 184 187 193 200 206 208 207 203 199 195 191 188 188 186 183 181 181 184 187 187 184 181 180 183 188 192 195 198 201 202 200 197 196 196 195 193 191 187 179 171 166 163 161 160 162 169 174 175 176 181
199 198 198 202 206 208 206 198 189 184 180 178 175 174 176 184 192 194 196 197 199 202 204 205 204 201 199 196 196 196 197 194 192 191 192 193 194 192 188 187 186 184 182 181 182 186 195 203 207 208 206 202 196 191 188 186 186 183 179 176 177 180 184 187 187 185 181 181 184 191 197 200 200 197 193 191 192 193 193 192 190 185 179 174 170 169 167 162 160 165 171 174 177 183
201 200 200 202 204 201 194 187 181 179 178 178 177 176 176 181 189 194 196 198 200 203 205 205 203 200 197 195 193 193 195 194 191 188 187 189 190 190 187 184 182 181 181 182 184 189 198 205 208 208 205 200 193 189 186 185 183 179 176 175 176 178 183 187 190 189 185 180 180 187 195 197 195 192 190 189 189 190 191 191 190 187 182 178 176 174 171 164 158 160 167 173 177 182
203 205 206 203 198 192 186 182 180 179 179 180 182 182 182 182 187 193 196 199 201 203 204 203 201 198 196 194 191 190 191 190 188 185 184 184 186 187 185 183 182 182 183 186 191 197 203 205 206 204 201 196 191 188 187 185 180 177 175 176 177 179 182 186 190 190 188 183 179 181 188 192 191 190 189 189 188 188 190 192 193 193 189 184 181 178 174 167 160 159 165 172 176 178
213 213 209 199 190 185 182 180 181 182 183 184 186 187 187 186 188 192 196 198 200 201 201 200 199 197 194 192 189 186 185 184 183 183 183 183 184 185 185 184 184 186 190 195 201 203 203 201 199 197 195 192 191 190 188 184 179 177 177 179 180 182 183 185 188 190 190 186 180 175 179 185 187 188 189 189 188 188 190 194 197 199 198 192 185 179 175 171 167 163 166 172 175 175
217 213 201 190 183 181 180 181 183 185 186 187 189 190 190 190 191 193 195 196 197 196 195 196 196 194 192 189 187 183 180 179 181 182 183 185 185 185 187 188 191 195 200 205 206 203 198 194 191 189 188 189 191 192 191 186 182 181 182 185 187 189 189 187 188 190 189 186 178 169 169 175 180 184 188 190 190 190 192 195 201 204 204 198 189 181 177 176 175 171 170 173 175 176
208 201 191 185 182 181 182 184 186 188 188 189 189 190 192 193 194 194 194 193 191 190 190 191 192 191 189 187 184 181 179 178 181 184 187 188 187 189 192 196 200 205 208 208 203 198 192 188 184 183 185 188 191 193 193 191 188 188 190 194 198 203 205 200 196 196 191 180 168 156 152 159 168 176 182 188 190 191 191 194 200 206 206 203 196 187 181 180 179 175 172 173 176 179
194 191 187 186 185 185 187 188 189 189 189 189 189 190 192 194 194 193 191 189 187 186 186 187 189 188 187 185 183 182 181 182 185 189 192 192 192 196 201 206 209 210 208 203 197 193 188 183 180 181 183 187 190 193 195 196 196 197 199 204 209 214 216 212 205 200 191 173 158 146 139 140 149 160 168 176 182 185 187 189 197 205 209 208 204 196 187 181 178 174 172 173 177 179
180 182 186 189 191 192 192 191 190 189 189 189 188 188 190 193 193 192 191 189 187 186 186 185 185 185 185 184 184 185 186 189 194 197 198 198 201 207 211 211 209 206 202 196 192 188 184 181 180 180 183 186 189 193 196 199 201 203 205 209 212 213 209 203 197 189 182 174 167 156 140 132 134 139 147 157 165 172 178 182 191 201 209 212 209 202 192 183 178 174 172 173 177 179
168 172 184 191 194 197 196 194 192 190 190 189 188 187 188 190 192 192 192 191 190 188 186 183 182 182 184 185 187 191 195 199 203 206 206 206 210 213 212 207 203 199 195 191 187 183 182 182 182 182 182 185 188 191 195 199 203 205 207 209 209 206 201 196 191 186 181 179 178 172 159 146 138 131 129 136 142 149 160 170 181 194 206 211 210 206 198 188 181 176 173 173 176 178
161 166 179 190 198 201 200 196 192 191 189 188 187 185 184 186 189 191 192 191 189 186 183 181 180 181 185 189 193 198 204 209 210 210 210 209 208 208 206 201 196 193 190 186 182 180 184 185 187 186 184 184 186 189 193 197 202 205 206 206 203 198 194 191 189 186 184 184 183 180 175 170 163 151 136 130 130 132 140 152 165 181 196 206 210 208 203 194 185 179 174 172 175 178
158 163 175 186 195 201 202 198 194 191 188 186 186 184 182 183 186 188 189 187 185 183 181 181 182 185 190 195 200 206 212 213 211 207 206 205 203 202 201 197 193 189 185 181 178 178 181 187 191 192 189 184 181 183 189 196 201 203 203 200 196 192 190 189 189 189 188 187 185 185 185 184 180 170 160 152 142 136 136 141 150 164 182 197 206 209 207 200 190 181 175 172 174 177
160 163 170 180 190 199 203 201 196 192 189 187 185 184 183 183 184 185 185 184 182 182 182 184 187 192 197 202 207 210 212 209 205 202 201 201 200 198 197 195 191 186 181 177 176 177 181 188 194 197 195 187 178 176 184 193 198 199 197 194 190 187 188 189 192 193 192 190 188 189 191 190 186 179 174 170 163 154 149 147 148 154 167 184 198 206 207 204 196 186 178 172 172 177
167 166 168 174 183 195 202 203 200 196 192 188 186 185 185 184 185 184 182 181 182 185 188 191 195 200 205 209 209 208 204 201 199 198 198 198 196 194 193 192 189 184 178 175 175 177 181 187 193 197 197 192 181 173 178 188 193 194 193 189 185 184 186 190 194 196 195 194 192 192 192 191 190 187 182 177 173 168 164 161 157 156 160 170 186 198 204 204 200 192 183 175 172 175
170 171 173 175 178 188 198 202 203 200 195 191 186 184 185 186 185 184 182 182 186 192 198 202 207 212 215 213 206 200 196 194 194 195 195 194 193 192 191 190 187 183 179 177 176 177 179 183 189 194 197 195 187 177 175 182 188 191 190 186 184 183 184 189 193 196 197 197 195 193 192 192 193 192 188 183 179 177 175 173 169 165 161 163 171 184 195 200 200 196 189 180 173 174
168 170 176 178 178 182 192 200 203 202 198 193 189 186 184 185 185 184 184 188 196 205 212 216 219 221 220 212 201 193 191 191 191 192 193 192 192 192 191 188 185 182 181 181 180 179 177 178 183 190 195 196 192 182 176 179 186 190 189 186 184 181 181 184 189 194 197 197 196 194 193 193 195 196 193 189 187 187 187 184 180 175 170 166 162 166 177 189 196 196 193 186 178 176
164 168 175 178 177 179 186 196 202 203 202 198 193 189 186 185 185 186 190 197 206 214 219 219 218 216 214 207 197 189 189 189 189 190 192 193 193 192 190 187 184 183 183 184 184 182 179 176 178 185 192 196 195 188 181 181 186 190 190 188 186 180 176 178 182 189 194 196 197 196 195 195 197 198 198 197 197 197 195 190 186 184 182 176 167 159 160 170 183 191 192 188 183 179
173 173 172 172 173 175 181 192 200 204 204 202 198 193 189 186 187 190 196 203 209 212 213 212 209 209 208 204 197 189 188 189 188 188 190 192 192 191 189 187 185 185 185 185 186 185 181 173 171 178 187 195 197 193 186 185 188 191 192 192 190 181 171 169 173 182 191 195 197 197 196 195 197 199 202 203 205 204 200 194 192 193 191 183 173 166 161 162 168 178 185 186 183 179
188 183 173 170 170 171 176 185 195 202 205 205 202 197 191 189 189 193 199 203 205 206 206 205 204 204 204 203 198 190 187 188 189 188 188 189 189 189 188 187 189 191 192 192 190 187 179 168 161 165 179 192 198 196 190 188 189 191 193 195 194 184 170 163 165 174 187 193 196 198 195 193 196 200 203 206 207 206 203 199 197 197 193 185 177 173 171 170 169 171 174 177 176 174
193 186 177 175 175 175 176 180 187 196 202 205 205 201 195 192 192 194 198 199 200 200 200 200 200 201 202 202 199 193 188 187 190 190 189 187 186 186 187 188 192 197 200 199 192 183 175 166 159 158 169 186 198 198 191 188 189 191 193 196 195 187 174 164 160 168 181 189 192 196 195 191 194 199 201 202 205 206 206 203 199 196 192 186 181 178 178 179 177 173 171 170 169 167
190 186 180 180 181 181 180 180 184 191 198 203 205 204 199 195 193 193 194 194 193 193 194 195 196 198 200 201 201 197 191 187 188 189 189 188 185 184 184 187 192 198 201 197 188 179 174 170 165 161 166 179 194 197 192 189 190 191 193 195 195 191 182 172 163 163 172 181 186 192 194 190 192 197 197 196 200 204 205 203 198 195 193 189 186 186 187 186 182 175 170 168 167 166
185 184 183 184 185 186 185 185 186 190 195 199 203 205 202 198 194 191 189 188 188 188 189 191 193 195 198 200 202 200 196 190 186 186 187 187 185 183 182 184 189 194 196 193 187 180 176 174 172 169 168 174 188 194 192 189 190 191 191 193 195 194 189 183 174 166 165 172 180 188 191 188 190 194 193 191 195 200 202 200 197 196 196 196 195 194 194 190 183 176 171 167 167 167
182 183 185 187 189 189 189 189 190 192 193 196 200 202 202 200 196 191 186 184 184 185 187 189 192 194 196 199 201 202 199 194 188 184 183 184 183 182 180 180 183 189 192 193 190 185 182 180 178 174 170 172 182 191 191 189 189 190 191 194 197 197 194 190 183 174 166 166 173 183 188 186 186 191 190 187 189 195 199 198 196 198 202 204 204 200 194 187 182 178 176 173 170 169
182 184 189 190 191 192 193 193 193 192 192 192 195 198 200 200 197 192 186 184 185 187 189 190 191 192 193 195 199 201 201 197 191 185 181 180 180 181 181 179 179 183 189 194 195 192 188 185 183 178 171 169 175 186 189 188 188 190 193 198 202 202 198 194 190 183 172 164 165 174 183 183 182 186 187 184 184 191 196 196 195 199 206 208 207 200 190 184 182 182 181 180 178 176
185 188 192 193 193 193 193 193 191 190 188 188 190 194 199 200 198 194 189 187 189 190 190 189 188 189 190 192 196 199 200 198 192 185 180 177 178 179 181 182 180 180 187 195 199 197 192 189 187 183 176 170 172 182 187 187 187 190 196 204 210 210 205 201 196 188 177 167 161 164 172 176 176 180 184 181 180 186 192 194 193 196 204 207 205 198 190 184 183 185 185 186 186 185
191 192 193 193 192 192 191 190 188 187 186 186 189 194 199 199 197 196 193 191 190 189 188 187 186 187 189 191 193 196 197 195 190 183 179 177 176 178 182 185 185 182 185 195 201 201 195 191 189 187 183 177 174 180 186 188 188 192 200 209 215 217 212 205 197 187 178 171 163 158 159 164 168 174 179 178 176 179 187 192 191 193 199 202 201 198 193 188 186 188 189 190 191 190
