project/data/elevation/US_DEM2016/US_DEM2016_point_10-31-2019_1359_30m_vel.asc
ncols	125
nrows	167
xllcorner	-2042055.000000
yllcorner	1465035.000000
cellsize	30.000000
NODATA_value	-9999.000000
[rows 37 to 73 of 167, columns 0 to 83 of 125]
9.06 9.21 9.05 8.55 7.98 7.38 6.92 6.44 5.85 5.29 5.02 5.08 5.40 5.94 6.30 6.33 6.25 6.41 7.00 7.76 8.36 8.84 9.18 9.41 9.39 9.26 9.03 8.68 8.18 7.62 7.06 6.65 6.60 6.91 7.24 7.56 7.93 8.36 8.69 9.00 9.15 8.84 8.49 8.27 8.59 9.14 9.38 9.05 8.47 7.80 7.23 6.92 6.74 6.73 6.73 6.76 6.83 7.20 7.55 8.02 8.13 7.85 7.28 6.56 5.86 5.45 5.37 5.49 5.65 5.87 5.96 6.01 6.28 6.51 6.75 7.09 7.63 8.35 9.45 10.61 11.45 11.44 10.91 10.23
9.18 8.83 8.09 7.51 6.97 6.65 6.38 5.94 5.40 4.93 4.77 4.81 5.01 5.40 5.81 6.00 6.03 6.20 6.68 7.34 7.70 7.85 7.93 8.10 8.34 8.50 8.68 8.80 8.56 8.15 7.71 7.34 7.16 7.18 7.42 8.00 8.62 8.98 9.32 9.86 10.27 10.16 10.12 9.79 9.79 9.74 9.21 8.22 7.49 6.97 6.77 6.77 6.77 6.74 6.76 6.84 6.98 7.40 7.75 8.03 7.96 7.38 6.91 6.51 6.10 5.79 5.47 5.37 5.44 5.63 5.65 5.64 5.85 6.33 6.61 6.85 7.15 7.78 8.58 9.47 10.17 10.48 10.23 9.54
9.08 8.27 7.04 6.44 6.01 5.82 5.61 5.30 5.03 4.85 4.86 4.99 5.20 5.39 5.54 5.68 5.81 5.98 6.18 6.34 6.26 6.14 6.16 6.44 7.03 7.69 8.20 8.64 8.76 8.56 8.24 7.94 7.76 7.81 8.30 9.10 9.59 9.83 10.04 10.42 10.71 10.48 10.21 9.96 9.70 9.33 8.60 7.74 7.14 6.66 6.60 6.82 6.96 6.82 6.87 7.06 7.33 7.71 7.74 7.57 7.07 6.26 5.56 5.34 5.26 5.21 5.00 4.91 5.07 5.30 5.38 5.43 5.71 6.18 6.46 6.56 6.66 7.08 7.71 8.05 8.07 8.38 8.99 9.17
8.74 7.81 6.44 5.81 5.60 5.50 5.44 5.41 5.45 5.58 5.78 6.00 6.00 5.75 5.50 5.47 5.63 5.77 5.70 5.44 5.29 5.34 5.63 6.12 6.86 7.46 7.93 8.36 8.63 8.71 8.67 8.56 8.64 9.11 9.84 10.54 10.95 11.12 10.87 10.55 10.44 9.81 9.30 9.18 8.98 8.97 8.77 8.54 8.18 7.90 7.59 7.51 7.44 7.07 7.01 7.13 7.38 7.59 7.33 6.79 6.10 5.21 4.29 3.97 3.98 4.15 4.42 4.67 4.89 5.02 5.06 5.26 5.73 6.21 6.42 6.38 6.35 6.58 7.06 7.24 7.01 7.12 8.01 9.10
8.42 7.69 6.62 6.15 6.08 6.10 6.06 6.05 6.19 6.49 6.82 6.95 6.63 6.05 5.65 5.59 5.74 5.81 5.67 5.46 5.49 5.77 6.17 6.54 6.86 7.18 7.37 7.63 8.10 8.50 8.96 9.15 9.62 10.31 11.00 11.51 11.72 11.49 10.99 10.31 9.66 8.99 8.38 8.05 8.17 8.28 8.55 8.71 8.83 8.89 8.78 8.26 7.74 7.18 6.86 6.80 6.80 6.70 6.38 5.95 5.44 4.75 3.99 3.77 3.98 4.29 4.58 4.73 4.77 4.83 4.94 5.14 5.61 6.15 6.27 6.09 6.13 6.54 6.99 6.97 6.68 6.62 7.17 8.50
8.30 7.85 7.18 6.88 6.79 6.70 6.57 6.57 6.83 7.22 7.46 7.35 6.74 6.26 6.10 6.15 6.25 6.30 6.31 6.38 6.59 6.86 7.12 7.33 7.48 7.48 7.40 7.45 7.84 8.31 9.11 9.99 10.73 11.35 11.58 11.41 11.09 10.57 9.88 9.20 8.60 8.09 7.50 7.21 7.23 7.40 7.73 7.92 8.17 8.33 8.36 8.02 7.55 6.95 6.60 6.52 6.37 6.08 5.80 5.77 5.56 5.24 4.96 5.02 5.30 5.31 5.09 4.88 4.92 5.07 5.09 5.04 5.23 5.59 5.58 5.31 5.66 6.45 6.92 6.75 6.50 6.58 7.14 8.24
8.22 7.90 7.43 7.21 7.10 7.04 7.06 7.28 7.62 7.88 7.85 7.45 6.78 6.50 6.48 6.59 6.76 6.89 7.09 7.41 7.78 8.05 8.20 8.26 8.25 8.07 7.94 7.94 8.17 8.47 9.27 10.24 11.01 11.47 11.22 10.57 9.82 9.14 8.47 8.03 7.73 7.36 6.82 6.40 6.41 6.69 6.91 6.76 6.44 6.11 6.13 6.51 6.73 6.65 6.58 6.75 6.79 6.70 6.66 6.65 6.46 6.35 6.44 6.58 6.27 5.74 5.52 5.62 5.73 5.44 4.93 4.58 4.68 4.88 4.77 4.66 5.11 6.03 6.49 6.31 6.34 6.91 7.62 8.12
8.16 7.93 7.63 7.54 7.63 7.89 8.19 8.42 8.54 8.47 8.11 7.48 6.87 6.61 6.61 6.83 7.08 7.32 7.64 8.06 8.45 8.66 8.69 8.56 8.36 8.12 8.05 8.13 8.44 8.86 9.71 10.38 10.67 10.53 10.05 9.61 9.10 8.51 7.68 7.11 6.82 6.57 6.20 5.78 5.71 6.05 5.90 5.50 4.96 4.66 4.83 5.29 5.76 6.13 6.64 7.22 7.54 7.67 7.67 7.45 7.23 7.20 7.10 6.84 6.23 6.03 6.29 6.36 5.84 4.86 4.25 4.18 4.42 4.58 4.58 4.70 5.19 5.84 6.15 6.04 6.19 6.93 7.45 7.63
8.35 8.28 8.22 8.31 8.51 8.80 9.03 9.10 9.00 8.69 8.16 7.52 7.09 6.92 7.08 7.31 7.51 7.75 8.05 8.32 8.43 8.40 8.25 8.07 7.98 7.90 7.88 8.08 8.67 9.39 10.19 10.12 9.78 9.19 8.78 8.76 8.51 8.08 7.24 6.52 5.98 5.68 5.40 5.04 5.06 5.31 5.28 5.27 5.29 5.36 5.33 5.19 5.20 5.70 6.62 7.50 7.75 7.72 7.58 7.50 7.35 7.37 7.12 6.84 6.76 6.92 6.73 5.95 4.86 4.22 4.22 4.61 4.88 4.96 5.04 5.36 5.88 6.23 6.28 6.20 6.23 6.53 6.97 7.24
8.68 8.68 8.73 8.86 8.93 8.93 8.86 8.75 8.57 8.25 7.83 7.38 7.31 7.50 7.84 8.03 8.11 8.20 8.26 8.22 8.06 7.84 7.61 7.52 7.65 7.77 7.90 8.31 9.09 9.82 10.16 9.72 8.87 8.27 7.90 7.69 7.52 7.33 6.89 6.22 5.45 4.96 4.80 4.85 5.08 5.34 5.73 5.97 6.03 5.73 5.23 4.95 5.28 6.12 7.05 7.55 7.57 7.43 7.35 7.44 7.32 7.35 7.28 7.24 7.19 6.89 5.83 4.97 4.70 4.95 5.42 5.72 5.84 5.88 6.05 6.37 6.70 6.82 6.79 6.76 6.68 6.67 6.93 7.33
8.87 8.76 8.69 8.70 8.59 8.35 8.07 7.81 7.56 7.35 7.08 6.91 7.05 7.53 7.98 8.22 8.30 8.24 8.08 7.88 7.69 7.49 7.32 7.27 7.42 7.64 7.94 8.56 9.37 9.81 9.58 8.81 8.21 7.69 7.20 6.83 6.63 6.59 6.53 6.22 5.44 4.98 5.04 5.53 5.82 6.08 6.28 6.00 5.38 4.65 4.41 4.90 6.23 7.59 8.13 7.99 7.81 7.66 7.60 7.62 7.45 7.45 7.34 7.17 6.78 6.09 5.52 5.56 6.12 6.74 7.13 7.26 7.29 7.30 7.36 7.54 7.71 7.71 7.69 7.74 7.40 7.14 7.27 7.56
8.88 8.70 8.31 8.14 7.96 7.64 7.29 6.97 6.73 6.51 6.29 6.24 6.41 6.91 7.38 7.63 7.78 7.79 7.68 7.52 7.37 7.22 7.10 7.05 7.12 7.34 7.67 8.40 9.33 9.59 9.15 8.41 7.92 7.39 6.71 6.13 5.98 6.02 6.06 5.88 5.38 5.04 5.14 5.55 5.81 6.02 6.04 5.33 4.63 4.41 4.98 6.56 8.36 9.31 9.39 8.76 8.30 8.00 7.87 7.92 7.84 7.75 7.55 7.26 7.16 7.29 7.82 8.52 9.09 9.48 9.58 9.58 9.54 9.49 9.44 9.48 9.51 9.34 9.06 8.59 7.88 7.35 7.41 7.55
8.87 8.70 8.09 7.70 7.51 7.31 7.01 6.72 6.50 6.20 6.05 6.08 6.31 6.73 7.05 7.24 7.35 7.41 7.37 7.23 7.03 6.87 6.78 6.76 6.82 6.99 7.31 8.18 9.26 9.39 8.89 8.38 7.98 7.44 6.72 6.00 5.73 5.49 5.23 4.96 4.68 4.45 4.44 4.63 5.01 5.41 5.67 5.37 5.20 5.68 7.26 9.17 10.27 10.44 9.94 9.09 8.48 8.20 8.16 8.43 8.52 8.51 8.34 8.47 9.01 9.79 10.67 11.44 11.93 12.13 12.17 12.15 12.10 12.04 11.90 11.69 11.47 11.15 10.46 9.42 8.34 7.57 7.40 7.35
8.98 8.72 8.04 7.57 7.37 7.27 7.16 7.01 6.80 6.58 6.65 6.84 7.12 7.42 7.57 7.57 7.50 7.38 7.20 6.97 6.75 6.57 6.48 6.48 6.57 6.80 7.25 8.29 9.22 9.06 8.24 8.08 7.86 7.43 7.07 6.60 6.04 5.31 4.64 4.36 4.29 4.32 4.48 4.72 5.10 5.53 6.14 6.54 7.00 8.17 9.88 10.91 11.06 10.34 9.59 8.83 8.39 8.28 8.22 8.34 8.54 8.76 8.88 9.24 10.06 10.87 11.42 11.94 12.22 12.35 12.45 12.55 12.59 12.57 12.38 12.07 11.75 11.45 10.94 10.22 9.39 8.53 7.71 7.27
9.10 8.68 7.92 7.62 7.44 7.29 7.23 7.22 7.14 7.09 7.41 7.83 8.12 8.27 8.24 8.04 7.74 7.40 7.09 6.86 6.68 6.49 6.31 6.25 6.42 6.81 7.41 8.39 8.90 8.29 7.52 7.45 7.35 7.24 7.16 7.04 6.40 5.61 5.10 5.01 5.24 5.64 6.01 6.22 6.48 7.02 8.03 9.09 10.16 11.08 11.57 11.47 10.65 9.50 8.84 8.28 7.94 7.75 7.54 7.41 7.61 7.91 8.51 8.93 9.53 9.86 9.72 9.59 9.48 9.63 9.90 10.25 10.39 10.39 10.22 10.00 9.91 9.78 9.66 9.64 9.53 9.24 8.67 7.80
9.03 8.39 7.53 7.30 7.21 7.12 7.12 7.18 7.22 7.31 7.69 8.20 8.46 8.50 8.31 7.93 7.49 7.13 6.89 6.72 6.55 6.36 6.16 6.13 6.40 6.88 7.48 8.21 8.30 7.48 6.94 6.93 6.84 6.77 6.88 6.74 6.45 6.22 6.17 6.48 6.88 7.26 7.53 7.84 8.37 9.30 10.45 11.36 11.90 11.98 11.66 10.81 9.79 8.79 8.22 7.74 7.34 6.95 6.78 6.70 6.92 7.27 7.67 8.07 8.21 7.72 7.07 6.41 6.26 6.47 6.82 7.18 7.32 7.23 7.17 7.06 7.16 7.19 7.26 7.55 8.04 8.40 8.48 8.14
8.73 8.04 7.10 6.74 6.68 6.77 6.96 7.09 7.20 7.34 7.54 7.81 7.96 7.82 7.50 7.11 6.80 6.59 6.43 6.27 6.11 6.00 6.04 6.27 6.63 7.01 7.47 7.91 7.85 7.30 6.94 6.91 6.81 6.69 6.49 6.29 6.31 6.44 6.72 7.21 7.71 7.99 8.31 8.83 9.76 10.85 11.62 11.91 11.62 11.04 10.37 9.69 9.00 8.37 7.90 7.47 7.10 6.80 6.84 6.96 7.22 7.42 7.43 7.45 7.07 6.39 5.77 5.55 5.67 5.83 5.73 5.44 5.29 5.21 5.13 5.11 5.27 5.42 5.47 5.45 5.61 5.95 6.23 6.54
8.39 7.84 7.02 6.65 6.49 6.43 6.54 6.74 6.85 6.97 6.98 6.95 6.79 6.42 6.05 5.89 5.84 5.74 5.67 5.70 5.81 5.95 6.22 6.59 6.88 7.18 7.52 7.82 7.92 7.85 7.58 7.28 7.00 6.68 6.24 5.89 5.92 6.12 6.41 6.83 7.37 7.82 8.30 9.17 10.41 11.24 11.38 10.65 9.50 8.98 8.80 8.70 8.47 8.20 7.83 7.46 7.19 7.12 7.36 7.52 7.61 7.58 7.24 6.96 6.56 6.22 6.21 6.28 6.26 5.97 5.34 4.52 4.11 3.93 3.81 3.82 4.02 4.12 4.04 3.78 3.60 3.63 3.99 4.77
8.25 7.92 7.44 7.13 6.81 6.40 6.01 5.94 6.05 6.19 6.23 6.05 5.60 5.05 4.76 4.73 4.78 4.82 5.01 5.41 5.92 6.39 6.74 6.93 7.13 7.41 7.70 8.02 8.21 8.29 7.86 7.30 6.85 6.42 6.00 5.60 5.59 5.84 6.02 6.28 6.71 7.33 8.09 9.34 10.55 10.89 10.09 8.83 8.03 7.78 7.77 7.86 7.91 7.94 7.64 7.38 7.21 7.26 7.52 7.47 7.21 6.88 6.55 6.36 6.47 6.69 6.93 6.91 6.30 5.44 4.47 3.87 3.65 3.47 3.21 2.99 2.93 2.82 2.61 2.59 2.81 3.32 4.25 5.28
8.44 8.41 8.23 7.89 7.41 6.80 6.06 5.76 5.72 5.85 5.88 5.58 5.10 4.72 4.51 4.45 4.55 4.78 5.19 5.78 6.42 7.03 7.31 7.46 7.66 7.92 8.08 8.25 8.46 8.45 7.79 7.30 7.04 6.69 6.19 5.89 6.04 6.30 6.38 6.51 6.83 7.40 8.30 9.68 10.42 10.08 8.67 7.56 6.98 6.82 6.89 7.06 7.26 7.33 7.15 6.98 6.87 6.87 6.88 6.49 6.00 5.66 5.68 5.97 6.75 7.22 7.16 6.63 5.65 4.80 4.30 4.26 4.27 3.89 3.19 2.65 2.46 2.36 2.36 2.73 3.56 4.84 6.34 7.13
8.80 8.88 8.76 8.40 7.92 7.37 6.84 6.54 6.33 6.22 6.10 5.86 5.63 5.55 5.57 5.65 5.81 6.11 6.40 6.79 7.30 7.80 8.08 8.30 8.56 8.73 8.60 8.63 8.92 9.04 8.73 8.41 8.22 7.85 7.16 6.89 7.16 7.40 7.51 7.59 7.76 8.02 8.79 9.90 10.03 8.89 7.46 6.46 6.02 6.01 6.17 6.35 6.60 6.64 6.59 6.48 6.30 6.06 5.74 5.42 5.28 5.37 5.81 6.37 7.14 7.24 6.68 5.87 5.17 5.05 5.35 5.56 5.11 4.23 3.38 3.03 3.09 3.23 3.58 4.49 5.99 7.61 8.49 8.39
9.04 8.87 8.49 8.26 8.08 7.90 7.64 7.35 6.96 6.58 6.36 6.35 6.53 6.80 7.14 7.39 7.67 7.96 8.18 8.36 8.62 8.75 8.94 9.24 9.49 9.37 9.13 9.14 9.50 9.59 9.41 9.11 8.83 8.42 7.83 7.52 7.67 7.92 8.18 8.39 8.51 8.63 9.14 9.61 9.06 7.53 6.28 5.56 5.27 5.26 5.48 5.63 5.82 6.09 6.21 6.14 5.97 5.74 5.62 5.80 6.10 6.55 7.07 7.44 7.62 7.22 6.38 5.88 5.90 6.30 6.61 6.29 5.26 4.19 3.81 4.02 4.41 4.90 5.77 7.09 8.56 9.36 9.27 8.39
9.12 8.56 7.87 7.73 7.85 8.01 7.98 7.62 7.08 6.57 6.34 6.50 6.97 7.57 8.12 8.50 8.81 9.12 9.41 9.54 9.50 9.43 9.54 9.80 9.83 9.62 9.47 9.59 9.77 9.49 8.75 8.19 7.83 7.63 7.51 7.51 7.60 7.86 8.16 8.52 8.81 8.89 9.03 8.83 7.71 6.17 5.19 4.72 4.53 4.62 4.71 4.79 5.17 5.74 6.11 6.21 6.19 6.22 6.46 6.74 7.16 7.78 8.34 8.65 8.41 7.93 7.11 6.94 7.33 7.59 7.14 6.17 5.16 4.84 5.18 5.76 6.47 7.33 8.46 9.54 10.03 9.77 8.82 7.76
9.12 8.46 7.50 7.21 7.21 7.30 7.37 7.19 6.77 6.34 6.10 6.19 6.63 7.25 7.82 8.18 8.43 8.62 8.74 8.81 8.91 9.08 9.29 9.32 9.05 8.92 9.13 9.53 9.58 9.14 8.37 7.55 7.02 6.87 7.17 7.58 7.93 8.14 8.29 8.44 8.58 8.42 8.21 7.76 6.77 5.39 4.50 4.22 4.28 4.41 4.42 4.53 4.98 5.71 6.32 6.71 6.96 7.15 7.29 7.38 7.77 8.64 9.41 9.72 9.39 8.96 8.49 8.22 8.40 8.32 7.48 6.63 6.37 6.95 7.80 8.62 9.46 10.22 10.76 10.81 10.26 9.20 8.13 7.37
9.06 8.25 7.09 6.70 6.38 6.21 6.25 6.27 6.11 5.80 5.51 5.40 5.54 5.84 6.18 6.41 6.53 6.44 6.13 6.09 6.75 7.53 7.79 7.48 6.97 7.26 8.23 8.97 9.10 8.88 8.66 8.36 8.00 7.75 7.70 7.94 8.24 8.36 8.25 8.04 7.81 7.54 7.29 7.18 6.64 5.60 4.93 4.97 5.17 5.23 5.24 5.41 5.69 6.14 6.63 7.10 7.55 7.98 8.21 8.51 9.13 9.99 10.38 10.25 9.83 9.49 9.31 9.35 9.45 9.32 8.95 8.79 9.25 9.99 10.62 11.16 11.59 11.78 11.56 10.75 9.69 8.65 7.86 7.21
8.74 7.80 6.56 6.16 5.90 5.69 5.54 5.47 5.39 5.08 4.64 4.29 4.10 4.07 4.14 4.29 4.34 4.09 3.89 4.10 4.79 5.55 5.76 5.39 5.31 6.12 7.65 8.54 8.61 8.20 8.28 8.54 8.66 8.65 8.34 8.08 7.91 7.83 7.53 7.16 6.90 7.01 7.20 7.54 7.48 7.22 6.88 6.90 7.02 7.02 7.02 6.96 6.79 6.71 6.80 7.06 7.50 8.13 8.84 9.67 10.50 10.77 10.45 9.68 8.84 8.73 9.26 9.64 9.99 10.24 10.50 10.89 11.38 11.77 11.63 11.80 11.74 11.39 10.66 9.79 8.99 8.28 7.68 7.02
8.39 7.63 6.50 5.98 5.76 5.60 5.39 5.16 4.98 4.68 4.19 3.67 3.30 3.14 3.14 3.18 3.22 3.39 3.64 3.98 4.33 4.56 4.56 4.52 4.97 6.16 7.79 8.48 8.21 7.40 7.28 7.58 8.00 8.27 8.07 7.50 6.90 6.55 6.42 6.30 6.39 7.01 7.75 8.41 8.58 8.63 8.62 8.50 8.43 8.36 8.02 7.60 7.22 7.02 6.99 7.15 7.56 8.30 9.23 10.08 10.44 10.08 9.21 8.10 7.54 7.76 8.59 9.23 9.54 9.98 10.44 10.82 11.06 11.02 10.78 10.42 9.95 9.29 8.80 8.37 7.90 7.50 7.10 6.61
8.30 7.84 7.01 6.42 6.07 5.84 5.55 5.23 5.03 4.83 4.52 4.16 3.88 3.63 3.44 3.38 3.55 4.09 4.69 4.96 4.91 4.79 4.77 4.92 5.60 6.92 8.22 8.56 7.90 6.88 6.47 6.45 6.78 7.06 7.11 6.82 6.31 5.93 5.92 6.28 6.82 7.72 8.45 8.89 8.90 8.87 8.89 8.93 8.84 8.52 7.81 7.32 7.12 7.14 7.24 7.45 7.88 8.68 9.43 9.71 9.27 8.32 7.44 6.84 6.89 7.47 8.10 8.39 8.45 8.77 9.09 9.18 9.03 8.86 8.69 8.33 7.73 7.09 6.70 6.57 6.36 6.15 5.90 5.68
8.30 7.97 7.40 6.98 6.61 6.22 5.82 5.61 5.56 5.56 5.56 5.52 5.38 5.04 4.64 4.43 4.60 5.06 5.56 5.97 5.95 5.84 5.91 6.24 6.88 8.08 8.77 8.83 8.12 6.99 6.34 5.96 5.83 5.99 6.40 6.79 6.92 7.01 7.16 7.47 8.02 8.62 8.88 8.83 8.52 8.35 8.46 8.60 8.50 8.23 7.71 7.35 7.22 7.28 7.41 7.59 8.02 8.73 9.23 8.90 8.01 7.18 6.62 6.37 6.52 7.03 7.54 7.58 7.47 7.63 7.78 7.68 7.37 7.07 6.80 6.63 6.14 5.47 4.86 4.65 4.63 4.39 4.18 4.07
8.27 7.95 7.45 7.08 6.77 6.42 6.19 6.22 6.44 6.76 7.02 7.07 6.75 6.27 5.78 5.47 5.49 5.75 6.06 6.61 6.92 7.18 7.48 7.78 8.24 9.04 9.59 9.43 8.77 7.77 7.10 6.57 6.19 6.24 6.67 7.31 7.94 8.45 8.66 8.71 8.78 8.89 8.77 8.48 8.09 7.83 7.88 7.84 7.74 7.71 7.65 7.51 7.40 7.40 7.55 7.82 8.31 8.87 8.85 8.03 7.06 6.54 6.18 5.96 6.08 6.70 7.28 7.27 6.92 6.85 6.79 6.67 6.48 6.06 5.50 5.13 4.78 4.22 3.58 3.12 2.91 2.70 2.49 2.53
8.30 7.96 7.41 6.97 6.62 6.38 6.40 6.66 7.14 7.69 8.11 8.14 7.88 7.48 7.03 6.61 6.34 6.37 6.62 7.12 7.57 8.13 8.36 8.66 9.28 10.15 10.38 9.93 9.15 8.48 8.08 7.77 7.50 7.43 7.52 7.84 8.23 8.53 8.65 8.56 8.47 8.48 8.36 8.02 7.63 7.22 7.06 6.85 6.69 6.81 7.06 7.20 7.31 7.42 7.73 8.15 8.58 8.64 7.95 6.89 6.25 5.99 5.77 5.87 6.30 7.00 7.23 6.81 6.22 5.98 5.86 5.75 5.69 5.38 4.75 4.13 3.64 3.19 2.57 2.00 1.71 1.66 1.78 2.11
8.32 7.91 7.23 6.75 6.39 6.19 6.21 6.39 6.80 7.34 7.86 8.19 8.38 8.41 8.27 7.93 7.49 7.23 7.32 7.58 7.84 8.38 8.72 9.19 10.00 10.66 10.57 9.72 8.83 8.47 8.46 8.52 8.50 8.22 7.96 7.86 7.79 7.68 7.66 7.83 8.02 8.13 7.98 7.59 7.16 6.78 6.50 6.17 5.91 5.86 6.03 6.35 6.77 7.15 7.63 8.00 8.07 7.54 6.47 5.83 5.66 5.57 5.69 6.20 6.69 6.89 6.55 5.71 5.02 4.72 4.61 4.39 4.26 4.24 3.95 3.38 2.73 2.21 1.81 1.61 1.59 1.81 2.24 2.95
8.23 7.71 6.85 6.46 6.21 6.03 5.89 5.73 5.65 5.78 6.16 6.94 7.80 8.50 8.93 8.93 8.60 8.20 8.01 8.04 8.15 8.55 8.95 9.80 10.27 10.46 9.90 8.99 8.09 7.76 7.86 8.12 8.26 8.05 7.81 7.61 7.41 7.34 7.56 7.91 8.06 7.98 7.70 7.43 7.24 6.96 6.56 5.97 5.34 5.01 5.10 5.58 6.29 6.82 7.21 7.25 6.78 5.87 5.16 5.02 4.97 4.87 5.26 5.83 5.98 5.79 5.35 4.69 4.04 3.54 3.31 3.20 3.16 3.08 2.87 2.54 2.20 1.99 2.04 2.33 2.70 3.08 3.59 4.43
8.08 7.48 6.60 6.33 6.18 6.03 5.83 5.52 5.08 4.72 4.69 5.23 6.34 7.57 8.57 9.07 9.13 8.93 8.74 8.70 8.75 8.94 9.28 9.90 10.25 9.95 9.17 8.22 7.34 6.81 6.64 6.75 7.06 7.30 7.46 7.49 7.47 7.59 7.90 8.15 8.09 7.82 7.56 7.51 7.48 7.01 6.24 5.33 4.84 4.90 5.37 6.09 6.70 6.91 6.78 6.33 5.47 4.68 4.37 4.32 4.16 4.02 4.19 4.55 4.82 4.94 5.01 4.81 4.37 3.97 3.81 3.67 3.39 2.96 2.55 2.42 2.54 2.81 3.24 3.76 4.28 4.84 5.37 6.29
7.99 7.42 6.64 6.36 6.23 6.15 6.04 5.90 5.60 5.14 4.75 4.84 5.52 6.51 7.56 8.42 8.92 9.31 9.33 9.48 9.64 9.78 10.56 10.59 10.39 9.69 8.80 7.93 7.08 6.54 6.28 6.28 6.40 6.64 6.97 7.28 7.44 7.56 7.78 8.00 7.81 7.45 7.22 7.26 7.17 6.40 5.64 5.37 5.76 6.48 7.14 7.53 7.55 7.19 6.66 6.09 5.58 5.19 4.95 4.72 4.47 4.33 4.39 4.66 5.36 6.04 6.39 6.30 6.02 5.80 5.58 5.14 4.34 3.62 3.21 3.21 3.54 4.08 4.67 5.43 6.31 7.18 7.90 9.02
7.93 7.36 6.66 6.40 6.33 6.32 6.36 6.51 6.66 6.63 6.35 6.11 6.25 6.67 7.22 8.02 8.74 9.51 9.83 10.19 10.62 10.79 11.16 10.88 10.42 9.52 8.80 8.28 7.71 7.47 7.41 7.32 7.00 6.83 6.94 7.16 7.32 7.46 7.58 7.46 7.12 6.80 6.71 6.85 6.91 6.69 6.85 7.50 8.19 8.59 8.67 8.41 7.91 7.33 7.01 6.95 6.93 6.87 6.73 6.53 6.41 6.49 6.76 7.29 7.92 8.17 7.86 7.39 7.00 6.64 6.09 5.31 4.44 4.00 4.00 4.33 4.79 5.46 6.45 7.89 9.41 10.55 11.35 12.20
7.82 7.30 6.67 6.45 6.48 6.56 6.71 7.05 7.56 8.01 8.19 8.20 8.14 7.99 7.99 8.41 9.12 10.07 10.65 11.06 11.48 11.57 11.26 10.76 9.98 9.32 8.99 8.81 8.58 8.41 8.35 8.28 7.99 7.76 7.61 7.49 7.47 7.46 7.28 6.91 6.69 6.79 6.89 7.14 7.47 7.80 8.27 8.79 9.02 8.87 8.57 8.19 7.82 7.50 7.41 7.54 7.63 7.77 7.92 8.08 8.26 8.58 8.94 9.19 9.04 8.47 7.56 6.99 6.55 5.92 5.17 4.54 4.22 4.32 4.80 5.48 6.21 7.26 8.92 10.92 12.48 13.40 13.68 13.60
