project/data/elevation/US_DEM2016/US_DEM2016_point_11-01-2019_0008_30m_vel.asc
ncols	125
nrows	167
xllcorner	-2042055.000000
yllcorner	1465035.000000
cellsize	30.000000
NODATA_value	-9999.000000
[rows 76 to 113 of 167, columns 0 to 83 of 125]
2.17 1.76 1.01 0.70 0.76 0.99 1.26 1.42 1.49 1.58 1.77 1.97 2.16 2.32 2.45 2.58 2.63 2.62 2.59 2.59 2.64 2.75 2.95 3.12 3.10 2.75 2.20 2.06 2.38 2.53 2.31 1.90 1.45 1.11 0.81 0.45 0.32 0.55 0.98 1.37 1.70 2.09 2.87 3.83 4.21 3.73 2.81 2.11 1.75 1.51 1.24 0.95 0.62 0.35 0.37 0.69 1.03 1.23 1.46 1.78 2.00 1.98 1.92 2.01 2.11 2.21 2.46 2.95 3.42 3.48 3.10 2.69 2.58 2.53 2.38 2.26 2.39 2.76 2.86 2.57 2.19 1.86 1.75 1.78
1.92 1.59 0.99 0.69 0.74 1.07 1.38 1.52 1.54 1.54 1.69 1.95 2.21 2.45 2.66 2.78 2.71 2.53 2.37 2.37 2.47 2.62 2.86 3.12 3.25 3.00 2.29 1.85 2.13 2.49 2.38 2.02 1.61 1.26 0.94 0.53 0.26 0.44 0.92 1.37 1.72 2.10 2.78 3.72 4.23 3.90 3.00 2.23 1.78 1.52 1.27 0.97 0.62 0.37 0.39 0.69 1.02 1.22 1.44 1.76 1.93 1.74 1.69 1.96 2.19 2.34 2.50 2.75 3.09 3.26 3.11 2.87 2.73 2.62 2.51 2.42 2.45 2.60 2.61 2.44 2.20 1.96 1.84 1.81
1.61 1.36 0.93 0.70 0.69 1.08 1.43 1.55 1.38 1.60 1.73 2.01 2.34 2.63 2.81 2.84 2.67 2.39 2.20 2.20 2.32 2.46 2.72 3.08 3.35 3.23 2.52 1.82 1.91 2.30 2.31 2.11 1.82 1.47 1.09 0.63 0.30 0.43 0.91 1.41 1.76 2.07 2.64 3.59 4.31 4.12 3.16 2.30 1.86 1.59 1.32 1.04 0.75 0.48 0.41 0.62 0.99 1.20 1.39 1.66 1.76 1.58 1.59 1.95 2.28 2.39 2.49 2.65 2.87 3.01 3.09 3.05 2.83 2.59 2.52 2.48 2.42 2.38 2.36 2.33 2.26 2.14 2.02 1.90
1.28 1.08 0.82 0.66 0.67 1.04 1.39 1.54 1.63 1.72 1.87 2.15 2.53 2.78 2.85 2.78 2.54 2.25 2.06 2.07 2.19 2.32 2.58 3.00 3.42 3.47 2.83 1.93 1.75 2.04 2.07 2.04 1.96 1.68 1.24 0.73 0.44 0.52 0.96 1.43 1.77 2.02 2.47 3.42 4.30 4.28 3.35 2.41 1.93 1.65 1.37 1.13 0.92 0.60 0.38 0.49 0.89 1.13 1.31 1.49 1.56 1.50 1.58 1.95 2.29 2.41 2.49 2.62 2.72 2.90 3.18 3.26 2.93 2.52 2.47 2.52 2.43 2.29 2.19 2.14 2.18 2.27 2.25 2.11
0.95 0.83 0.71 0.66 0.77 1.06 1.35 1.54 1.70 1.86 2.05 2.36 2.71 2.84 2.78 2.64 2.41 2.11 1.92 1.94 2.08 2.24 2.49 2.89 3.44 3.69 3.20 2.15 1.65 1.79 1.80 1.79 1.89 1.79 1.36 0.76 0.53 0.64 1.05 1.44 1.78 2.02 2.40 3.24 4.10 4.23 3.57 2.67 2.06 1.71 1.41 1.16 0.95 0.61 0.29 0.35 0.73 1.05 1.27 1.37 1.42 1.48 1.64 2.00 2.32 2.48 2.52 2.54 2.61 2.90 3.38 3.52 3.03 2.40 2.29 2.47 2.48 2.33 2.17 1.92 1.85 2.15 2.40 2.36
0.67 0.63 0.61 0.69 0.89 1.14 1.37 1.57 1.78 2.00 2.27 2.58 2.81 2.80 2.64 2.52 2.33 1.98 1.74 1.79 1.96 2.14 2.39 2.78 3.38 3.84 3.58 2.44 1.67 1.65 1.69 1.62 1.65 1.69 1.37 0.77 0.54 0.75 1.14 1.48 1.82 2.05 2.36 3.03 3.80 4.08 3.71 2.96 2.26 1.78 1.45 1.18 0.95 0.56 0.24 0.25 0.24 1.03 1.28 1.35 1.42 1.56 1.80 2.15 2.45 2.57 2.43 2.28 2.48 2.97 3.58 3.72 3.14 2.31 2.08 2.34 2.49 2.41 2.24 1.89 1.61 1.76 2.27 2.50
0.63 0.53 0.45 0.64 0.95 1.24 1.44 1.65 1.89 2.16 2.47 2.71 2.79 2.64 2.44 2.39 2.29 1.94 1.60 1.64 1.90 2.04 2.20 2.65 3.30 3.88 3.86 2.97 1.87 1.65 1.73 1.66 1.50 1.39 1.16 0.76 0.58 0.82 1.19 1.52 1.84 2.05 2.28 2.81 3.55 4.00 3.87 3.24 2.47 1.85 1.48 1.24 1.00 0.62 0.26 0.17 0.13 0.89 1.26 1.38 1.50 1.71 2.02 2.35 2.61 2.54 2.12 2.03 2.43 3.05 3.71 3.84 3.22 2.29 1.90 2.16 2.44 2.44 2.30 2.03 1.62 1.48 1.88 2.42
0.81 0.56 0.32 0.54 0.96 1.30 1.52 1.75 2.03 2.32 2.59 2.72 2.68 2.48 2.29 2.26 2.23 1.97 1.58 1.57 1.86 1.95 2.07 2.54 3.19 3.77 3.95 3.39 2.31 1.82 1.82 1.76 1.47 1.15 0.89 0.60 0.55 0.85 1.21 1.52 1.78 1.95 2.17 2.62 3.35 3.97 4.04 3.50 2.66 1.96 1.56 1.30 1.02 0.64 0.26 0.19 0.22 0.66 1.18 1.40 1.60 1.85 2.20 2.56 2.72 2.35 1.81 1.92 2.45 3.09 3.78 3.95 3.35 2.35 1.77 1.94 2.31 2.38 2.30 2.16 1.82 1.44 1.50 2.14
0.93 0.61 0.31 0.52 1.00 1.36 1.60 1.87 2.17 2.44 2.63 2.64 2.54 2.35 2.19 2.14 2.13 1.96 1.63 1.60 1.82 1.90 2.04 2.47 3.05 3.55 3.83 3.52 2.71 2.16 2.02 1.85 1.50 1.08 0.63 0.32 0.45 0.87 1.24 1.47 1.64 1.81 2.07 2.51 3.19 3.90 4.13 3.67 2.84 2.12 1.67 1.36 1.03 0.64 0.24 0.25 0.30 0.73 1.08 1.37 1.64 1.94 2.32 2.72 2.80 2.19 1.61 1.86 2.39 3.02 3.76 4.07 3.57 2.48 1.76 1.80 2.11 2.23 2.21 2.18 2.02 1.60 1.34 1.75
0.97 0.64 0.36 0.58 1.08 1.45 1.68 1.96 2.27 2.51 2.59 2.53 2.41 2.23 2.08 2.03 2.01 1.91 1.72 1.69 1.81 1.91 2.10 2.49 2.96 3.34 3.63 3.47 2.85 2.35 2.19 2.01 1.64 1.18 0.65 0.27 0.34 0.88 1.21 1.34 1.50 1.73 2.01 2.43 3.08 3.82 4.12 3.72 2.92 2.23 1.79 1.42 1.08 0.70 0.24 0.25 0.28 0.66 0.99 1.32 1.63 1.96 2.39 2.86 2.90 2.17 1.51 1.73 2.22 2.82 3.64 4.13 3.85 2.78 1.88 1.81 2.02 2.11 2.09 2.08 2.07 1.85 1.42 1.55
1.00 0.66 0.39 0.65 1.16 1.53 1.75 2.01 2.32 2.53 2.53 2.42 2.29 2.11 1.94 1.90 1.90 1.89 1.79 1.80 1.83 1.95 2.17 2.53 2.91 3.25 3.52 3.42 2.88 2.40 2.23 2.15 1.88 1.43 0.79 0.24 0.21 0.74 1.11 1.25 1.46 1.73 1.97 2.34 3.02 3.85 4.17 3.75 2.91 2.28 1.88 1.49 1.14 0.77 0.28 0.23 0.66 0.55 0.73 1.25 1.58 1.93 2.44 2.95 3.01 2.30 1.47 1.50 2.01 2.58 3.39 4.05 3.97 3.17 2.21 1.90 2.00 2.08 2.04 2.18 1.96 1.86 1.62 1.58
1.01 0.69 0.45 0.70 1.17 1.54 1.81 2.09 2.37 2.52 2.43 2.29 2.19 2.00 1.78 1.74 1.84 1.93 1.98 1.93 1.92 2.01 2.23 2.58 2.92 3.21 3.45 3.38 2.93 2.39 2.13 2.11 2.04 1.72 1.05 0.28 0.48 0.46 0.95 1.23 1.50 1.74 1.94 2.27 3.04 4.01 4.32 3.77 2.82 2.22 1.88 1.53 1.22 0.90 0.40 0.16 0.20 0.43 0.82 1.18 1.53 1.93 2.46 2.97 3.11 2.50 1.50 1.28 1.78 2.44 3.18 3.86 3.91 3.35 2.62 2.19 2.09 2.09 2.05 1.97 1.86 1.80 1.75 1.71
0.98 0.70 0.52 0.74 1.13 1.55 1.90 2.23 2.42 2.42 2.26 2.12 2.06 1.86 1.61 1.27 1.86 2.08 2.12 2.07 2.07 2.14 2.31 2.62 2.91 3.17 3.38 3.35 3.01 2.47 2.05 1.92 1.98 1.89 1.34 0.49 0.08 0.29 0.78 1.24 1.56 1.77 1.94 2.32 3.18 4.18 4.46 3.76 2.70 2.10 1.83 1.52 1.27 1.02 0.58 0.14 0.15 0.38 0.81 1.16 1.50 1.93 2.45 2.96 3.18 2.68 1.59 1.12 1.60 2.36 3.10 3.73 3.82 3.31 2.76 2.45 2.34 2.25 2.15 2.02 1.83 1.74 1.79 1.76
0.90 0.71 0.60 0.79 1.14 1.60 2.03 2.33 2.40 2.27 2.05 1.90 1.87 1.73 1.56 1.63 1.90 2.12 2.19 2.21 2.26 2.33 2.43 2.61 2.84 3.08 3.30 3.33 3.06 2.60 2.11 1.76 1.75 1.86 1.51 0.74 0.21 0.25 0.68 1.23 1.59 1.79 1.97 2.41 3.31 4.27 4.50 3.72 2.62 2.07 1.80 1.50 1.28 1.08 0.70 0.26 0.19 0.37 0.79 1.14 1.49 1.88 2.40 2.97 3.27 2.84 1.68 1.04 1.45 2.30 3.09 3.73 3.73 3.13 2.57 2.43 2.48 2.44 2.31 2.18 2.01 1.87 1.85 1.77
0.86 0.74 0.69 0.85 1.20 1.71 2.14 2.34 2.29 2.09 1.87 1.69 1.65 1.64 1.13 1.71 1.88 2.04 2.18 2.27 2.39 2.51 2.53 2.56 2.76 3.06 3.29 3.35 3.09 2.63 2.19 1.74 1.54 1.67 1.52 0.90 0.33 0.31 0.69 1.24 1.62 1.81 1.99 2.47 3.36 4.21 4.38 3.71 2.75 2.15 1.80 1.50 1.30 1.13 0.80 0.36 0.26 0.36 0.76 1.11 1.43 1.76 2.32 3.02 3.38 2.97 1.77 1.04 1.34 2.16 3.07 3.80 3.74 2.92 2.22 2.13 2.41 2.48 2.34 2.26 2.22 2.11 1.96 1.82
0.87 0.80 0.77 0.92 1.31 1.82 2.17 2.25 2.12 1.90 1.71 1.55 1.54 1.62 1.71 1.81 1.87 1.94 2.09 2.25 2.42 2.57 2.56 2.54 2.75 3.11 3.37 3.40 3.10 2.63 2.22 1.80 1.47 1.41 1.36 0.94 0.44 0.40 0.74 1.28 1.64 1.81 1.99 2.51 3.32 4.04 4.18 3.65 2.90 2.33 1.90 1.57 1.31 1.08 0.77 0.30 0.20 0.30 0.68 1.02 1.31 1.64 2.25 3.08 3.50 3.10 1.90 1.10 1.21 1.92 2.98 3.86 3.83 2.87 1.96 1.83 2.25 2.40 2.20 2.13 2.30 2.31 2.06 1.82
0.94 0.87 0.86 1.03 1.42 1.84 2.08 2.09 1.95 1.76 1.61 1.51 1.56 1.73 1.88 1.95 1.95 1.96 2.06 2.22 2.39 2.51 2.49 2.53 2.76 3.15 3.45 3.43 3.09 2.65 2.23 1.84 1.50 1.22 1.01 0.73 0.47 0.47 0.82 1.33 1.64 1.80 2.02 2.53 3.23 3.85 4.03 3.65 3.00 2.47 2.08 1.72 1.36 1.05 0.73 0.31 0.11 0.22 0.58 0.93 1.21 1.54 2.19 3.12 3.61 3.23 2.09 1.17 1.07 1.66 2.82 3.86 3.95 3.01 1.89 1.63 2.08 2.31 2.04 1.91 2.19 2.38 2.08 1.69
1.04 0.96 0.95 1.14 1.45 1.73 1.90 1.93 1.82 1.67 1.59 1.56 1.66 1.85 2.03 2.15 2.13 2.07 2.12 2.25 2.36 2.39 2.38 2.48 2.74 3.15 3.48 3.41 3.07 2.64 2.20 1.83 1.50 1.12 0.69 0.42 0.43 0.55 0.94 1.39 1.65 1.82 2.09 2.54 3.12 3.70 3.97 3.72 3.12 2.57 2.19 1.86 1.48 1.11 0.76 0.38 0.10 0.16 0.50 0.87 1.17 1.50 2.16 3.13 3.65 3.32 2.26 1.23 0.94 1.44 2.62 3.79 4.00 3.18 2.00 1.56 1.87 2.16 1.95 1.80 2.06 2.34 2.08 1.59
1.14 1.03 1.01 1.19 1.38 1.55 1.68 1.78 1.73 1.60 1.58 1.63 1.74 1.91 2.10 2.28 2.30 2.22 2.21 2.27 2.29 2.25 2.26 2.41 2.72 3.21 3.52 3.36 3.01 2.62 2.23 1.86 1.50 1.04 0.46 0.21 0.36 0.64 1.06 1.45 1.68 1.87 2.14 2.53 3.01 3.58 3.94 3.81 3.25 2.66 2.22 1.89 1.55 1.20 0.83 0.41 0.07 0.11 0.45 0.86 1.20 1.55 2.22 3.13 3.64 3.37 2.35 1.30 0.86 1.29 2.44 3.63 3.98 3.32 2.22 1.66 1.79 2.01 1.96 1.85 1.96 2.19 2.04 1.60
1.25 1.09 1.01 1.15 1.30 1.42 1.50 1.62 1.66 1.58 1.56 1.63 1.79 1.97 2.15 2.33 2.37 2.32 2.26 2.24 2.19 2.11 2.14 2.36 2.79 3.39 3.63 3.30 2.87 2.60 2.32 1.98 1.58 1.02 0.35 0.12 0.31 0.72 1.15 1.48 1.69 1.90 2.13 2.46 2.94 3.50 3.93 3.88 3.34 2.70 2.21 1.87 1.56 1.27 0.94 0.47 0.14 0.13 0.42 0.87 1.25 1.67 2.33 3.12 3.62 3.39 2.40 1.34 0.88 1.24 2.29 3.36 3.87 3.52 2.57 1.97 1.85 1.91 1.99 1.96 1.91 1.99 1.94 1.66
1.36 1.15 0.98 1.07 1.22 1.36 1.42 1.52 1.65 1.64 1.55 1.60 1.82 2.05 2.23 2.37 2.41 2.36 2.24 2.13 2.06 1.98 2.08 2.37 2.89 3.58 3.72 3.19 2.71 2.55 2.38 2.08 1.65 1.02 0.30 0.00 0.28 0.77 1.19 1.48 1.68 1.86 2.09 2.43 2.90 3.50 4.01 3.99 3.39 2.63 2.15 1.86 1.58 1.29 0.98 0.59 0.29 0.22 0.45 0.87 1.28 1.78 2.45 3.11 3.54 3.39 2.57 1.53 0.97 1.19 2.02 2.94 3.67 3.73 3.08 2.46 2.04 1.86 2.02 2.07 1.88 1.80 1.81 1.75
1.44 1.18 0.93 0.99 1.20 1.37 1.44 1.53 1.70 1.73 1.61 1.63 1.87 2.15 2.32 2.39 2.39 2.31 2.12 1.97 1.92 1.94 2.13 2.44 2.95 3.66 3.72 3.11 2.61 2.46 2.34 2.09 1.67 1.02 0.33 0.09 0.24 0.78 1.18 1.43 1.60 1.78 2.06 2.45 2.91 3.53 4.10 4.08 3.38 2.52 2.07 1.86 1.58 1.25 0.95 0.61 0.38 0.32 0.49 0.88 1.33 1.89 2.55 3.10 3.46 3.39 2.76 1.79 1.08 1.10 1.65 2.36 3.23 3.70 3.49 2.93 2.33 1.95 2.13 2.17 1.87 1.68 1.73 1.85
1.46 1.16 0.88 0.90 1.18 1.38 1.49 1.58 1.74 1.81 1.74 1.74 1.96 2.23 2.34 2.35 2.30 2.18 1.98 1.86 1.90 2.05 2.28 2.55 3.05 3.69 3.65 3.05 2.57 2.40 2.29 2.11 1.72 1.09 0.40 0.10 0.22 0.74 1.13 1.34 1.50 1.73 2.09 2.49 2.93 3.57 4.13 4.07 3.29 2.47 2.11 1.89 1.50 1.15 0.86 0.53 0.35 0.38 0.56 0.92 1.40 2.00 2.61 3.07 3.37 3.40 2.92 2.03 1.24 1.04 1.25 1.75 2.63 3.38 3.55 3.27 2.70 2.27 2.34 2.26 1.90 1.69 1.77 1.89
1.46 1.18 0.86 0.90 1.10 1.35 1.52 1.62 1.74 1.85 1.90 1.93 2.07 2.24 2.28 2.23 2.16 2.04 1.88 1.80 1.95 2.26 2.49 2.72 3.25 3.73 3.55 2.92 2.49 2.34 2.26 2.16 1.87 1.27 0.52 0.07 0.17 0.64 1.01 1.22 1.42 1.76 2.14 2.51 2.97 3.62 4.08 3.93 3.21 2.54 2.22 1.94 1.47 1.12 0.80 0.41 0.25 0.39 0.64 1.00 1.46 2.07 2.63 3.01 3.28 3.36 3.01 2.22 1.46 1.06 0.98 1.36 2.14 2.91 3.35 3.37 3.05 2.68 2.54 2.31 1.97 1.79 1.85 1.86
1.49 1.23 0.89 0.84 1.00 1.29 1.51 1.62 1.71 1.83 2.00 2.12 2.16 2.17 2.13 2.04 1.97 1.92 1.85 1.83 2.05 2.43 2.67 2.92 3.45 3.74 3.40 2.76 2.36 2.23 2.19 2.16 1.97 1.46 0.70 0.11 0.12 0.52 0.90 1.14 1.43 1.83 2.17 2.51 3.01 3.67 4.03 3.77 3.08 2.59 2.33 2.03 1.60 1.18 0.75 0.29 0.19 0.38 0.69 1.06 1.52 2.11 2.62 2.95 3.19 3.29 3.05 2.42 1.74 1.13 0.83 1.11 1.81 2.49 3.05 3.31 3.21 2.96 2.71 2.41 2.09 1.94 1.96 1.86
1.55 1.31 0.94 0.84 0.97 1.20 1.43 1.56 1.66 1.81 2.06 2.23 2.21 2.09 1.97 1.86 1.83 1.87 1.92 1.97 2.17 2.51 2.79 3.09 3.63 3.77 3.27 2.65 2.25 2.10 2.10 2.10 1.97 1.55 0.87 0.23 0.10 0.45 0.85 1.15 1.50 1.85 2.15 2.51 3.06 3.71 4.01 3.63 2.96 2.57 2.37 2.15 1.85 1.41 0.78 0.22 0.16 0.39 0.69 1.08 1.56 2.13 2.58 2.89 3.10 3.22 3.09 2.61 1.94 1.19 0.77 0.96 1.57 2.17 2.76 3.20 3.29 3.09 2.80 2.54 2.27 2.11 2.07 1.91
1.62 1.41 1.03 0.88 0.82 1.12 1.33 1.48 1.62 1.83 2.09 2.24 2.19 2.01 1.80 1.69 1.78 1.93 2.06 2.17 2.30 2.56 2.84 3.18 3.70 3.78 3.18 2.56 2.20 2.07 2.06 2.03 1.88 1.54 0.97 0.35 0.14 0.43 0.85 1.18 1.48 1.80 2.11 2.51 3.10 3.74 3.99 3.57 2.89 2.49 2.33 2.19 2.04 1.70 0.93 0.26 0.16 0.41 0.68 1.06 1.58 2.13 2.53 2.80 3.03 3.18 3.16 2.79 2.09 1.27 0.80 0.86 1.36 1.93 2.55 3.16 3.41 3.13 2.74 2.56 2.40 2.25 2.14 1.97
1.69 1.49 1.14 0.93 0.94 0.93 1.20 1.43 1.62 1.85 2.05 2.14 2.09 1.93 1.72 1.60 1.75 2.02 2.18 2.29 2.41 2.60 2.85 3.18 3.63 3.70 3.18 2.56 2.24 2.14 2.07 1.96 1.81 1.51 1.00 0.45 0.23 0.41 0.81 1.12 1.40 1.74 2.10 2.52 3.11 3.74 3.97 3.57 2.88 2.48 2.29 2.13 2.03 1.83 1.18 0.41 0.23 0.46 0.69 1.03 1.56 2.09 2.44 2.70 2.96 3.18 3.24 2.96 2.26 1.44 0.89 0.81 1.18 1.71 2.29 3.12 3.48 3.18 2.67 2.43 2.36 2.27 2.18 2.05
1.74 1.53 1.20 1.01 0.94 1.03 1.21 1.43 1.63 1.81 1.90 1.97 1.98 1.88 1.77 1.67 1.75 2.00 2.19 2.33 2.47 2.62 2.87 3.19 3.50 3.53 3.22 2.73 2.38 2.24 2.12 1.94 1.76 1.49 1.07 0.58 0.32 0.35 0.69 1.03 1.32 1.69 2.12 2.54 3.09 3.67 3.91 3.59 2.97 2.56 2.33 2.08 1.94 1.82 1.34 0.65 0.38 0.53 0.72 1.01 1.51 1.98 2.33 2.59 2.88 3.15 3.27 3.10 2.50 1.69 1.03 0.83 1.05 1.46 2.08 2.97 3.47 3.31 2.78 2.35 2.19 2.16 2.15 2.09
1.75 1.54 1.23 1.09 1.00 1.06 1.24 1.44 1.61 1.71 1.72 1.80 1.90 1.90 1.95 1.94 1.86 1.91 2.07 2.29 2.44 2.57 2.88 3.25 3.36 3.27 3.15 2.92 2.60 2.36 2.17 1.96 1.74 1.47 1.13 0.67 0.29 0.23 0.54 0.94 1.29 1.70 2.17 2.58 3.02 3.53 3.79 3.56 3.11 2.71 2.42 2.15 1.98 1.87 1.49 0.90 0.58 0.59 0.75 1.01 1.40 1.80 2.18 2.51 2.81 3.07 3.22 3.18 2.76 1.96 1.22 0.89 0.97 1.27 1.83 2.67 3.38 3.46 3.03 2.46 2.10 2.07 2.13 2.06
1.70 1.49 1.23 1.13 1.06 1.12 1.23 1.43 1.53 1.60 1.65 1.73 1.84 1.97 2.18 2.24 2.02 1.88 1.96 2.20 2.37 2.50 2.91 3.30 3.21 2.99 3.02 2.97 2.73 2.49 2.29 2.06 1.79 1.52 1.22 0.76 0.25 0.16 0.42 0.84 1.29 1.78 2.24 2.59 2.93 3.36 3.60 3.47 3.22 2.90 2.56 2.32 2.20 2.03 1.67 1.12 0.70 0.61 0.74 0.99 1.24 1.57 2.04 2.46 2.75 2.95 3.09 3.19 2.99 2.32 1.51 0.99 0.92 1.11 1.51 2.30 3.20 3.52 3.25 2.67 2.16 2.09 2.18 2.03
1.64 1.43 1.18 1.11 1.09 1.17 1.34 1.44 1.47 1.53 1.65 1.77 1.89 2.09 2.32 2.33 2.10 1.89 1.94 2.18 2.36 2.53 2.96 3.24 3.00 2.78 2.96 2.98 2.73 2.54 2.39 2.17 1.91 1.65 1.35 0.89 0.32 0.13 0.33 0.77 1.31 1.86 2.28 2.56 2.87 3.23 3.38 3.30 3.22 3.03 2.73 2.58 2.53 2.29 1.80 1.22 0.74 0.64 0.71 0.90 1.10 1.40 1.92 2.41 2.72 2.84 2.92 3.10 3.10 2.67 1.89 1.15 0.87 0.97 1.30 1.99 2.95 3.47 3.37 2.88 2.34 2.19 2.23 2.01
1.66 1.41 1.10 1.06 1.13 1.23 1.38 1.47 1.49 1.54 1.69 1.85 2.01 2.22 2.37 2.26 2.01 1.93 2.04 2.23 2.42 2.61 2.93 3.07 2.79 2.66 2.97 3.01 2.70 2.49 2.39 2.22 1.99 1.76 1.45 1.02 0.48 0.12 0.28 0.75 1.34 1.86 2.22 2.51 2.88 3.17 3.15 3.02 3.04 3.01 2.87 2.83 2.80 2.49 1.89 1.30 0.89 0.70 0.68 0.79 1.02 1.32 1.78 2.32 2.68 2.75 2.77 3.00 3.12 2.86 2.22 1.38 0.89 0.88 1.20 1.82 2.73 3.32 3.40 3.06 2.56 2.31 2.26 2.06
1.73 1.43 1.05 1.01 1.12 1.25 1.39 1.50 1.58 1.67 1.80 1.95 2.11 2.27 2.35 2.13 1.84 1.92 2.14 2.33 2.53 2.70 2.87 2.89 2.62 2.61 2.98 3.06 2.73 2.45 2.31 2.18 2.01 1.82 1.50 1.06 0.57 0.23 0.31 0.79 1.33 1.78 2.11 2.47 2.94 3.16 2.95 2.68 2.71 2.84 2.93 3.02 3.00 2.66 2.04 1.49 1.11 0.77 0.66 0.71 0.94 1.24 1.63 2.19 2.62 2.68 2.71 2.93 3.05 2.90 2.40 1.60 0.99 0.86 1.16 1.74 2.51 3.11 3.39 3.24 2.77 2.41 2.26 2.09
1.77 1.47 1.04 0.98 1.10 1.24 1.40 1.54 1.68 1.81 1.92 2.01 2.11 2.22 2.27 2.02 1.76 1.88 2.14 2.41 2.66 2.78 2.85 2.76 2.52 2.63 3.02 3.05 2.73 2.47 2.32 2.17 2.02 1.84 1.52 1.05 0.53 0.27 0.40 0.83 1.30 1.71 2.07 2.51 3.01 3.16 2.79 2.35 2.36 2.63 2.90 3.12 3.14 2.81 2.25 1.73 1.32 0.86 0.61 0.62 0.81 1.13 1.52 2.06 2.49 2.61 2.73 2.94 3.00 2.85 2.43 1.72 1.13 0.90 1.16 1.70 2.30 2.89 3.35 3.40 2.98 2.52 2.24 2.04
1.76 1.49 1.09 1.00 1.09 1.23 1.45 1.64 1.78 1.87 1.92 1.97 2.04 2.13 2.17 1.98 1.77 1.89 2.12 2.42 2.75 2.85 2.80 2.61 2.44 2.72 3.10 3.01 2.67 2.52 2.41 2.22 2.04 1.85 1.55 1.06 0.47 0.25 0.46 0.88 1.32 1.74 2.13 2.61 3.05 3.13 2.67 2.07 2.06 2.45 2.83 3.15 3.22 2.91 2.43 1.98 1.52 0.99 0.58 0.53 0.69 1.02 1.45 1.91 2.30 2.55 2.81 2.98 2.98 2.78 2.34 1.76 1.23 0.96 1.18 1.66 2.12 2.68 3.28 3.53 3.20 2.62 2.20 1.95
1.71 1.49 1.15 1.04 1.09 1.26 1.55 1.76 1.81 1.82 1.84 1.88 1.95 2.05 2.08 1.96 1.86 1.95 2.13 2.43 2.82 2.95 2.70 2.33 2.31 2.79 3.15 2.98 2.63 2.52 2.48 2.29 2.06 1.86 1.60 1.13 0.50 0.25 0.48 0.94 1.38 1.78 2.24 2.76 3.08 3.05 2.56 1.87 1.82 2.33 2.80 3.17 3.26 2.96 2.54 2.15 1.71 1.16 0.68 0.50 0.61 0.92 1.35 1.76 2.13 2.51 2.89 3.04 2.97 2.68 2.20 1.75 1.29 1.02 1.22 1.62 1.98 2.46 3.17 3.66 3.42 2.70 2.16 1.90
1.71 1.50 1.21 1.09 1.09 1.30 1.65 1.82 1.76 1.71 1.75 1.77 1.84 1.95 2.01 1.98 1.99 2.08 2.19 2.44 2.89 3.06 2.57 1.95 2.15 2.78 3.10 3.00 2.69 2.54 2.52 2.36 2.09 1.83 1.59 1.16 0.56 0.30 0.50 0.99 1.44 1.83 2.37 2.92 3.09 2.91 2.42 1.75 1.66 2.23 2.82 3.22 3.31 3.01 2.55 2.19 1.81 1.32 0.87 0.60 0.59 0.85 1.23 1.65 2.04 2.48 2.93 3.10 2.95 2.57 2.11 1.72 1.28 1.05 1.24 1.60 1.91 2.31 3.04 3.75 3.60 2.76 2.15 1.89
