project/data/elevation/US_DEM2016/US_DEM2016_point_10-29-2019_2322_30m_vel.asc
ncols	125
nrows	167
xllcorner	-2042055.000000
yllcorner	1465035.000000
cellsize	30.000000
NODATA_value	-9999.000000
[rows 38 to 75 of 167, columns 0 to 83 of 125]
1.56 1.57 1.56 1.51 1.44 1.40 1.36 1.27 1.13 0.99 1.03 0.93 1.03 1.24 1.50 1.50 1.46 1.35 1.37 1.41 1.45 1.49 1.55 1.65 1.77 1.87 1.99 2.12 2.16 2.10 1.90 1.63 1.42 1.32 1.33 1.44 1.55 1.58 1.60 1.66 1.81 2.01 2.14 2.12 2.01 1.85 1.67 1.47 1.34 1.21 1.10 1.07 1.11 1.32 1.44 1.44 1.42 1.46 1.49 1.55 1.62 1.60 1.55 1.46 1.31 1.11 0.87 0.72 0.69 0.77 0.92 0.97 1.02 1.16 1.21 1.19 1.28 1.50 1.77 2.00 2.16 2.31 2.42 2.42
1.51 1.48 1.45 1.40 1.31 1.27 1.25 1.22 1.16 1.10 1.07 1.06 1.06 1.28 1.41 1.38 1.42 1.37 1.25 1.14 1.11 1.13 1.18 1.29 1.47 1.65 1.81 1.98 2.13 2.19 2.11 1.88 1.64 1.49 1.47 1.56 1.66 1.73 1.75 1.71 1.73 1.84 2.01 2.12 2.12 1.99 1.76 1.55 1.40 1.24 1.14 1.11 1.12 1.25 1.41 1.44 1.45 1.49 1.49 1.52 1.53 1.43 1.27 1.22 1.18 1.09 0.90 0.70 0.60 0.60 0.76 0.86 0.92 1.04 1.12 1.09 1.11 1.23 1.43 1.57 1.62 1.81 2.19 2.46
1.48 1.45 1.40 1.34 1.30 1.26 1.26 1.28 1.30 1.31 1.32 1.31 1.28 1.27 1.52 1.48 1.39 1.37 1.21 1.04 1.00 1.04 1.10 1.19 1.36 1.51 1.66 1.82 1.99 2.14 2.19 2.07 1.87 1.75 1.71 1.76 1.85 1.92 1.90 1.82 1.73 1.64 1.69 1.90 2.05 2.09 1.96 1.86 1.75 1.62 1.44 1.30 1.23 1.25 1.35 1.38 1.40 1.44 1.48 1.56 1.57 1.39 1.06 0.93 0.90 0.87 0.85 0.77 0.63 0.54 0.58 0.71 0.82 0.93 1.05 1.04 1.02 1.05 1.19 1.33 1.34 1.45 1.86 2.34
1.53 1.51 1.48 1.45 1.43 1.42 1.40 1.41 1.44 1.46 1.48 1.47 1.44 1.44 1.44 1.43 1.43 1.42 1.33 1.21 1.17 1.20 1.25 1.28 1.32 1.39 1.46 1.58 1.77 1.96 2.14 2.12 2.02 1.94 1.91 1.89 1.90 1.89 1.88 1.85 1.76 1.59 1.51 1.61 1.88 2.02 1.98 1.89 1.88 1.87 1.79 1.57 1.36 1.27 1.28 1.29 1.26 1.28 1.40 1.60 1.68 1.52 1.17 0.96 0.90 0.88 0.88 0.86 0.77 0.64 0.56 0.59 0.68 0.78 0.92 0.95 0.95 0.97 1.07 1.22 1.27 1.30 1.50 1.93
1.60 1.59 1.59 1.58 1.56 1.53 1.50 1.49 1.52 1.54 1.55 1.52 1.47 1.50 1.55 1.56 1.55 1.55 1.53 1.48 1.44 1.45 1.46 1.47 1.48 1.48 1.48 1.52 1.64 1.78 2.00 2.06 2.07 2.06 2.02 1.91 1.74 1.62 1.61 1.69 1.71 1.57 1.41 1.44 1.66 1.85 1.85 1.68 1.65 1.71 1.75 1.66 1.46 1.29 1.27 1.28 1.25 1.25 1.36 1.63 1.80 1.72 1.45 1.23 1.14 1.09 1.02 0.94 0.89 0.84 0.73 0.61 0.53 0.52 0.64 0.72 0.77 0.84 0.92 1.11 1.23 1.26 1.35 1.60
1.60 1.60 1.61 1.61 1.60 1.60 1.60 1.61 1.62 1.62 1.61 1.58 1.53 1.65 1.57 1.59 1.61 1.63 1.64 1.62 1.61 1.64 1.65 1.64 1.63 1.60 1.59 1.60 1.64 1.69 1.84 1.93 1.97 2.00 1.99 1.90 1.68 1.46 1.37 1.46 1.60 1.57 1.40 1.33 1.51 1.72 1.74 1.51 1.31 1.24 1.27 1.36 1.36 1.29 1.29 1.36 1.41 1.45 1.55 1.75 1.93 1.91 1.71 1.51 1.36 1.24 1.17 1.11 1.06 0.98 0.86 0.69 0.50 0.37 0.38 0.47 0.54 0.62 0.69 0.91 1.11 1.23 1.30 1.40
1.60 1.60 1.62 1.64 1.68 1.73 1.78 1.79 1.77 1.72 1.68 1.66 1.61 1.62 1.57 1.59 1.62 1.64 1.65 1.63 1.62 1.64 1.64 1.63 1.60 1.57 1.58 1.59 1.62 1.65 1.76 1.79 1.80 1.76 1.78 1.82 1.77 1.59 1.34 1.28 1.40 1.50 1.42 1.31 1.40 1.62 1.63 1.40 1.15 1.01 0.98 1.03 1.13 1.17 1.26 1.39 1.50 1.60 1.69 1.80 1.97 2.01 1.85 1.63 1.45 1.34 1.29 1.24 1.14 0.98 0.87 0.79 0.68 0.54 0.48 0.47 0.49 0.51 0.52 0.67 0.88 1.07 1.16 1.23
1.61 1.64 1.70 1.74 1.77 1.81 1.84 1.86 1.84 1.79 1.75 1.73 1.69 1.66 1.69 1.70 1.70 1.69 1.67 1.62 1.54 1.48 1.47 1.49 1.52 1.52 1.52 1.54 1.58 1.62 1.68 1.67 1.65 1.57 1.53 1.62 1.74 1.73 1.48 1.25 1.23 1.36 1.37 1.27 1.34 1.55 1.59 1.43 1.29 1.21 1.13 1.05 1.02 1.05 1.19 1.35 1.44 1.52 1.60 1.72 1.89 2.01 1.93 1.74 1.58 1.47 1.38 1.26 1.12 1.01 0.95 0.93 0.90 0.84 0.77 0.71 0.67 0.63 0.58 0.61 0.72 0.86 1.00 1.11
1.59 1.64 1.73 1.77 1.77 1.75 1.72 1.72 1.75 1.75 1.74 1.71 1.71 1.74 1.78 1.79 1.77 1.74 1.68 1.61 1.50 1.40 1.37 1.40 1.46 1.49 1.51 1.53 1.56 1.56 1.56 1.56 1.56 1.47 1.34 1.36 1.52 1.68 1.64 1.39 1.20 1.23 1.30 1.31 1.40 1.58 1.64 1.51 1.41 1.32 1.21 1.12 1.08 1.10 1.21 1.29 1.35 1.43 1.52 1.66 1.83 1.99 1.98 1.84 1.67 1.52 1.33 1.23 1.19 1.18 1.18 1.16 1.12 1.09 1.05 0.99 0.93 0.86 0.80 0.76 0.94 0.84 0.94 1.07
1.51 1.54 1.61 1.68 1.68 1.64 1.58 1.54 1.56 1.61 1.64 1.61 1.72 1.63 1.65 1.68 1.69 1.68 1.64 1.58 1.50 1.42 1.37 1.36 1.40 1.43 1.46 1.50 1.50 1.45 1.42 1.44 1.52 1.45 1.26 1.20 1.29 1.50 1.64 1.59 1.35 1.27 1.32 1.42 1.51 1.66 1.69 1.53 1.32 1.17 1.12 1.12 1.18 1.29 1.36 1.37 1.40 1.47 1.56 1.67 1.82 1.99 2.00 1.87 1.69 1.50 1.37 1.34 1.38 1.43 1.46 1.45 1.42 1.38 1.33 1.27 1.21 1.12 1.06 1.01 0.94 0.93 0.98 1.05
1.48 1.46 1.45 1.52 1.58 1.57 1.51 1.45 1.44 1.48 1.52 1.52 1.49 1.48 1.43 1.45 1.50 1.57 1.60 1.57 1.50 1.42 1.36 1.33 1.33 1.35 1.36 1.37 1.38 1.35 1.37 1.44 1.53 1.51 1.29 1.10 1.12 1.29 1.53 1.63 1.50 1.34 1.29 1.33 1.41 1.59 1.69 1.53 1.29 1.18 1.19 1.29 1.41 1.52 1.59 1.54 1.51 1.52 1.58 1.70 1.85 2.04 2.07 1.95 1.83 1.75 1.73 1.76 1.81 1.86 1.87 1.86 1.83 1.80 1.75 1.69 1.64 1.55 1.43 1.29 1.13 1.00 1.00 1.00
1.53 1.50 1.42 1.40 1.49 1.56 1.56 1.50 1.45 1.46 1.51 1.55 1.55 1.48 1.43 1.42 1.46 1.52 1.58 1.58 1.51 1.41 1.33 1.29 1.28 1.29 1.27 1.27 1.28 1.28 1.34 1.43 1.55 1.62 1.49 1.17 1.06 1.13 1.34 1.51 1.47 1.30 1.17 1.13 1.21 1.44 1.67 1.63 1.44 1.37 1.44 1.57 1.68 1.75 1.74 1.64 1.57 1.55 1.60 1.73 1.88 2.10 2.19 2.16 2.08 2.08 2.12 2.17 2.24 2.28 2.29 2.28 2.27 2.24 2.20 2.15 2.09 2.02 1.88 1.65 1.39 1.14 1.02 0.96
1.55 1.56 1.50 1.41 1.42 1.54 1.63 1.62 1.56 1.56 1.64 1.72 1.73 1.67 1.61 1.57 1.55 1.56 1.59 1.59 1.54 1.45 1.34 1.27 1.26 1.27 1.27 1.25 1.23 1.18 1.18 1.27 1.43 1.64 1.69 1.46 1.23 1.16 1.27 1.43 1.45 1.35 1.27 1.22 1.24 1.41 1.67 1.74 1.66 1.65 1.74 1.80 1.85 1.82 1.75 1.64 1.57 1.55 1.55 1.61 1.73 1.97 2.15 2.19 2.16 2.14 2.15 2.18 2.21 2.24 2.27 2.29 2.29 2.28 2.26 2.24 2.21 2.19 2.13 2.02 1.83 1.54 1.22 1.01
1.51 1.55 1.54 1.48 1.43 1.47 1.60 1.68 1.66 1.64 1.73 1.84 1.86 1.82 1.76 1.67 1.60 1.57 1.58 1.61 1.59 1.51 1.39 1.29 1.24 1.26 1.28 1.27 1.20 1.05 1.00 1.04 1.20 1.50 1.68 1.68 1.49 1.40 1.44 1.55 1.60 1.61 1.60 1.55 1.53 1.60 1.79 1.93 2.02 2.06 2.04 1.98 1.89 1.76 1.68 1.57 1.50 1.45 1.40 1.39 1.47 1.63 1.91 2.02 2.00 1.88 1.76 1.70 1.64 1.64 1.69 1.77 1.80 1.82 1.82 1.85 1.92 1.95 1.96 1.99 1.98 1.88 1.66 1.32
1.48 1.46 1.43 1.41 1.39 1.40 1.50 1.64 1.68 1.62 1.67 1.77 1.81 1.82 1.77 1.67 1.56 1.50 1.53 1.57 1.56 1.51 1.43 1.33 1.24 1.22 1.25 1.28 1.21 0.99 0.86 0.87 0.98 1.21 1.53 1.67 1.63 1.61 1.65 1.75 1.82 1.83 1.81 1.80 1.81 1.85 1.94 2.07 2.17 2.21 2.18 2.05 1.90 1.73 1.63 1.51 1.43 1.34 1.31 1.29 1.33 1.44 1.63 1.81 1.81 1.57 1.33 1.12 1.00 0.95 0.99 1.10 1.20 1.24 1.28 1.33 1.45 1.52 1.51 1.55 1.68 1.76 1.74 1.58
1.49 1.41 1.31 1.27 1.26 1.29 1.39 1.55 1.66 1.60 1.81 1.62 1.61 1.65 1.65 1.58 1.48 1.40 1.41 1.47 1.49 1.47 1.44 1.39 1.30 1.22 1.23 1.30 1.28 1.09 0.91 0.85 0.89 1.03 1.30 1.53 1.61 1.61 1.64 1.73 1.82 1.83 1.83 1.84 1.87 1.88 1.91 1.96 2.01 2.06 2.10 2.05 1.90 1.75 1.64 1.54 1.45 1.39 1.39 1.38 1.41 1.47 1.58 1.74 1.75 1.51 1.23 1.03 0.91 0.82 0.74 0.70 0.76 0.83 0.89 0.95 1.09 1.21 1.20 1.13 1.14 1.22 1.28 1.32
1.55 1.46 1.33 1.26 1.22 1.18 1.22 1.38 1.53 1.51 1.42 1.50 1.33 1.41 1.42 1.42 1.37 1.30 1.28 1.37 1.46 1.49 1.48 1.45 1.37 1.28 1.26 1.34 1.39 1.30 1.14 1.01 0.93 0.94 1.10 1.36 1.48 1.48 1.47 1.52 1.61 1.67 1.70 1.73 1.75 1.74 1.73 1.70 1.64 1.71 1.87 1.97 1.92 1.80 1.70 1.61 1.54 1.49 1.50 1.48 1.48 1.50 1.58 1.77 1.82 1.63 1.40 1.23 1.12 1.00 0.84 0.63 0.52 0.52 0.58 0.64 0.78 0.94 0.96 0.86 0.77 0.76 0.79 0.85
1.61 1.54 1.46 1.41 1.35 1.23 1.12 1.16 1.29 1.32 1.27 1.47 1.16 1.25 1.28 1.44 1.28 1.24 1.21 1.29 1.44 1.54 1.56 1.52 1.45 1.38 1.34 1.40 1.44 1.40 1.28 1.14 1.00 0.91 0.99 1.22 1.36 1.40 1.38 1.39 1.44 1.51 1.55 1.59 1.58 1.56 1.52 1.45 1.43 1.50 1.68 1.85 1.87 1.80 1.70 1.63 1.55 1.50 1.47 1.42 1.39 1.40 1.50 1.73 1.85 1.74 1.54 1.40 1.23 1.07 0.90 0.75 0.60 0.50 0.47 0.48 0.56 0.68 0.72 0.71 0.53 0.72 0.78 0.88
1.65 1.64 1.63 1.63 1.57 1.46 1.27 1.18 1.21 1.25 1.24 1.57 1.55 1.30 1.34 1.32 1.31 1.30 1.28 1.32 1.44 1.59 1.64 1.63 1.59 1.54 1.50 1.49 1.47 1.44 1.33 1.26 1.17 1.08 1.09 1.23 1.42 1.51 1.49 1.47 1.47 1.49 1.49 1.50 1.47 1.41 1.33 1.30 1.27 1.31 1.47 1.67 1.76 1.72 1.61 1.54 1.46 1.39 1.33 1.26 1.23 1.25 1.39 1.62 1.80 1.76 1.61 1.44 1.25 1.12 1.02 0.97 0.92 0.81 0.68 0.51 0.42 0.42 0.69 0.75 0.83 0.93 1.07 1.17
1.64 1.68 1.74 1.78 1.77 1.72 1.59 1.46 1.39 1.37 1.83 1.37 1.42 1.51 1.57 1.58 1.56 1.55 1.51 1.49 1.54 1.65 1.72 1.77 1.77 1.75 1.70 1.63 1.58 1.56 1.55 1.54 1.50 1.44 1.38 1.43 1.57 1.66 1.69 1.69 1.67 1.59 1.53 1.48 1.40 1.29 1.23 1.15 1.10 1.12 1.26 1.48 1.64 1.61 1.53 1.45 1.37 1.28 1.20 1.17 1.19 1.26 1.42 1.62 1.76 1.73 1.59 1.43 1.29 1.24 1.23 1.22 1.15 1.05 0.93 0.85 0.82 0.84 0.89 0.98 1.12 1.26 1.35 1.31
1.58 1.62 1.67 1.75 1.84 1.88 1.82 1.70 1.58 1.48 1.45 1.48 1.59 1.70 1.80 1.84 1.85 1.85 1.84 1.80 1.77 1.77 1.81 1.86 1.89 1.88 1.85 1.78 1.71 1.67 1.69 1.68 1.66 1.63 1.55 1.51 1.56 1.64 1.72 1.78 1.78 1.71 1.60 1.48 1.31 1.18 1.10 1.02 0.95 0.92 1.04 1.27 1.45 1.50 1.47 1.42 1.38 1.32 1.30 1.32 1.37 1.47 1.60 1.76 1.84 1.79 1.63 1.52 1.44 1.41 1.40 1.37 1.28 1.17 1.08 1.04 1.04 1.07 1.15 1.27 1.40 1.47 1.47 1.43
1.53 1.52 1.54 1.59 1.71 1.83 1.87 1.80 1.67 1.51 2.07 1.44 1.56 1.72 1.80 1.87 1.91 1.94 1.96 1.95 1.91 1.85 1.83 1.84 1.87 1.88 1.88 1.83 1.78 1.71 1.60 1.49 1.47 1.49 1.48 1.47 1.49 1.54 1.61 1.71 1.77 1.75 1.68 1.54 1.27 1.04 0.93 0.88 0.81 0.76 0.80 0.98 1.22 1.37 1.43 1.46 1.48 1.48 1.49 1.48 1.51 1.60 1.71 1.89 2.01 2.04 1.88 1.73 1.66 1.61 1.52 1.43 1.37 1.33 1.30 1.29 1.32 1.39 1.49 1.58 1.60 1.57 1.49 1.40
1.51 1.49 1.49 1.47 1.49 1.57 1.69 1.75 1.68 1.53 1.38 1.32 1.37 1.46 1.54 1.60 1.65 1.66 1.67 1.69 1.71 1.69 1.66 1.65 1.68 1.73 1.73 1.75 1.77 1.77 1.67 1.48 1.36 1.34 1.40 1.48 1.55 1.57 1.58 1.62 1.67 1.67 1.68 1.61 1.35 1.03 0.87 0.82 0.78 0.75 0.75 0.85 1.07 1.28 1.43 1.54 1.60 1.64 1.63 1.57 1.55 1.63 1.75 1.92 2.12 2.29 2.25 2.02 1.85 1.79 1.68 1.60 1.59 1.64 1.69 1.72 1.78 1.83 1.85 1.80 1.71 1.60 1.51 1.40
1.47 1.46 1.44 1.40 1.33 1.31 1.41 1.55 1.58 1.46 1.27 1.13 1.06 1.07 1.11 1.16 1.20 1.21 1.16 1.13 1.21 1.28 1.30 1.30 1.33 1.41 1.48 1.54 1.62 1.73 1.80 1.78 1.67 1.55 1.50 1.53 1.56 1.56 1.53 1.51 1.53 1.58 1.67 1.69 1.52 1.24 1.07 1.02 1.01 1.01 1.02 1.07 1.18 1.32 1.43 1.53 1.63 1.72 1.75 1.75 1.75 1.78 1.78 1.84 2.05 2.30 2.37 2.27 2.12 2.06 2.04 2.01 2.03 2.07 2.09 2.10 2.10 2.09 2.05 1.91 1.78 1.67 1.58 1.45
1.43 1.38 1.33 1.32 1.29 1.25 1.27 1.38 1.46 1.38 1.20 1.00 0.83 0.74 0.71 0.74 0.84 0.93 0.94 0.86 0.80 0.84 0.90 0.97 1.05 1.15 1.29 1.37 1.41 1.46 1.61 1.77 1.83 1.80 1.64 1.52 1.44 1.41 1.38 1.37 1.40 1.53 1.68 1.78 1.74 1.65 1.54 1.46 1.42 1.40 1.41 1.41 1.42 1.43 1.42 1.45 1.52 1.64 1.75 1.83 1.87 1.82 1.73 1.69 1.77 2.01 2.23 2.27 2.28 2.28 2.31 2.30 2.29 2.27 2.23 2.17 2.12 2.06 1.99 1.90 1.81 1.74 1.66 1.45
1.47 1.41 1.32 1.28 1.29 1.29 1.30 1.34 1.41 1.41 1.30 1.11 0.91 0.74 0.62 0.55 0.78 0.86 1.03 1.00 0.86 0.73 0.69 0.75 0.88 1.05 1.23 1.30 1.28 1.19 1.24 1.42 1.61 1.71 1.62 1.43 1.27 1.20 1.23 1.26 1.33 1.48 1.67 1.83 1.88 1.90 1.89 1.81 1.71 1.65 1.57 1.50 1.48 1.48 1.45 1.44 1.48 1.59 1.67 1.71 1.71 1.66 1.59 1.54 1.57 1.69 1.90 2.08 2.17 2.21 2.22 2.17 2.10 2.05 2.01 1.95 1.85 1.76 1.74 1.76 1.74 1.69 1.64 1.53
1.56 1.52 1.46 1.40 1.37 1.38 1.41 1.44 1.46 1.49 1.47 1.37 1.23 1.05 0.87 0.71 0.65 0.89 1.20 1.33 1.26 1.05 0.83 0.73 0.82 1.04 1.24 1.30 1.25 1.11 1.04 1.08 1.25 1.40 1.43 1.36 1.27 1.21 1.22 1.29 1.38 1.51 1.63 1.77 1.84 1.88 1.88 1.87 1.82 1.73 1.56 1.45 1.44 1.48 1.48 1.48 1.50 1.58 1.59 1.54 1.47 1.42 1.40 1.42 1.46 1.54 1.67 1.84 1.93 1.94 1.91 1.83 1.71 1.65 1.67 1.69 1.60 1.44 1.40 1.50 1.54 1.51 1.46 1.40
1.59 1.59 1.58 1.55 1.51 1.50 1.52 1.58 1.61 1.65 1.68 1.66 1.60 1.47 1.28 1.08 0.90 0.92 1.15 1.45 1.55 1.46 1.22 0.99 0.94 1.09 1.27 1.36 1.36 1.24 1.09 0.99 0.99 1.10 1.25 1.38 1.46 1.50 1.50 1.51 1.54 1.59 1.62 1.69 1.72 1.71 1.70 1.74 1.77 1.77 1.64 1.52 1.47 1.48 1.48 1.47 1.48 1.50 1.47 1.40 1.36 1.32 1.33 1.36 1.37 1.43 1.52 1.64 1.70 1.69 1.66 1.63 1.52 1.38 1.36 1.47 1.46 1.28 1.11 1.16 1.28 1.24 1.17 1.12
1.58 1.59 1.61 1.59 1.57 1.57 1.63 1.71 1.79 1.87 1.92 1.93 1.89 1.77 1.59 1.38 1.14 0.98 1.03 1.35 1.61 1.70 1.61 1.40 1.22 1.22 1.33 1.46 1.55 1.50 1.39 1.25 1.14 1.15 1.29 1.47 1.61 1.70 1.71 1.67 1.62 1.60 1.60 1.65 1.65 1.57 1.53 1.55 1.61 1.68 1.69 1.60 1.52 1.51 1.49 1.49 1.50 1.47 1.39 1.34 1.32 1.30 1.32 1.31 1.31 1.38 1.48 1.55 1.53 1.52 1.49 1.48 1.48 1.34 1.17 1.21 1.32 1.23 0.98 0.88 0.98 1.00 0.92 0.88
1.57 1.59 1.62 1.58 1.55 1.56 1.62 1.70 1.85 1.92 2.01 2.05 2.06 2.01 1.89 1.70 1.44 1.17 1.06 1.22 1.50 1.75 1.78 1.69 1.51 1.42 1.44 1.52 1.63 1.68 1.67 1.61 1.50 1.43 1.44 1.49 1.52 1.57 1.60 1.58 1.55 1.55 1.58 1.64 1.61 1.45 1.37 1.35 1.36 1.42 1.53 1.55 1.49 1.48 1.49 1.52 1.49 1.39 1.29 1.25 1.26 1.27 1.30 1.32 1.33 1.41 1.51 1.51 1.39 1.35 1.35 1.31 1.38 1.38 1.21 1.09 1.16 1.18 0.93 0.80 0.83 0.67 0.88 0.86
1.55 1.58 1.62 1.58 1.53 1.51 1.51 1.52 1.57 1.65 1.77 1.90 2.02 2.10 2.11 2.02 1.81 1.49 1.23 1.20 1.33 1.60 1.77 1.79 1.70 1.59 1.52 1.50 1.53 1.61 1.70 1.74 1.72 1.61 1.50 1.41 1.36 1.35 1.39 1.44 1.48 1.53 1.61 1.67 1.59 1.40 1.28 1.23 1.18 1.17 1.25 1.34 1.35 1.35 1.41 1.40 1.32 1.22 1.15 1.14 1.16 1.20 1.26 1.31 1.34 1.41 1.51 1.47 1.23 1.12 1.14 1.07 1.06 1.21 1.22 1.10 1.07 1.10 1.03 0.92 0.89 0.91 0.95 0.99
1.52 1.55 1.57 1.56 1.53 1.49 1.44 1.37 1.28 1.23 1.29 1.48 1.73 1.95 2.10 2.15 2.08 1.85 1.51 1.30 1.30 1.48 1.64 1.76 1.76 1.66 1.54 1.47 1.38 1.38 1.46 1.56 1.63 1.59 1.48 1.38 1.32 1.33 1.40 1.46 1.50 1.56 1.65 1.74 1.68 1.50 1.36 1.25 1.14 1.05 1.05 1.14 1.22 1.30 1.29 1.19 1.06 1.02 1.03 1.03 1.04 1.05 1.11 1.17 1.22 1.35 1.51 1.48 1.22 0.99 0.95 0.89 0.85 0.95 1.08 1.10 1.09 1.02 1.16 1.14 1.10 1.06 1.07 1.13
1.51 1.52 1.53 1.55 1.55 1.53 1.49 1.42 1.29 1.13 1.01 1.04 1.25 1.56 1.83 2.01 2.11 2.07 1.84 1.54 1.44 1.50 1.57 1.69 1.76 1.71 1.61 1.49 1.34 1.22 1.16 1.20 1.32 1.42 1.43 1.40 1.39 1.39 1.45 1.49 1.50 1.56 1.68 1.79 1.78 1.60 1.41 1.24 1.14 1.11 1.14 1.22 1.29 1.29 1.29 1.08 0.97 0.98 1.00 0.99 0.97 0.92 0.91 0.97 1.09 1.31 1.56 1.62 1.44 1.20 1.10 1.04 0.97 0.98 1.05 1.12 1.18 1.25 1.29 1.30 1.28 1.26 1.26 1.31
1.52 1.53 1.53 1.56 1.58 1.58 1.56 1.56 1.53 1.40 1.17 0.99 0.97 1.15 1.45 1.72 1.93 2.08 2.03 1.82 1.68 1.66 1.69 1.75 1.80 1.81 1.76 1.63 1.45 1.30 1.17 1.12 1.15 1.24 1.33 1.37 1.38 1.37 1.39 1.44 1.46 1.52 1.62 1.75 1.77 1.60 1.40 1.31 1.32 1.40 1.48 1.50 1.48 1.42 1.41 1.23 1.23 1.26 1.25 1.21 1.16 1.08 1.03 1.06 1.21 1.43 1.71 1.85 1.78 1.62 1.48 1.38 1.27 1.21 1.21 1.23 1.29 1.35 1.39 1.42 1.46 1.51 1.57 1.65
1.53 1.52 1.53 1.57 1.60 1.61 1.61 1.66 1.74 1.76 1.63 1.39 1.18 1.13 1.26 1.50 1.74 1.98 2.08 2.01 1.90 1.85 1.84 1.83 1.83 1.87 1.90 1.86 1.72 1.61 1.51 1.42 1.34 1.31 1.32 1.35 1.36 1.35 1.34 1.35 1.38 1.44 1.55 1.70 1.77 1.70 1.63 1.64 1.69 1.73 1.73 1.68 1.60 1.51 1.46 1.48 1.54 1.61 1.63 1.62 1.58 1.55 1.54 1.56 1.61 1.71 1.86 1.99 1.98 1.83 1.67 1.53 1.40 1.32 1.32 1.35 1.39 1.44 1.52 1.61 1.76 1.92 2.03 2.10
1.52 1.51 1.52 1.56 1.62 1.64 1.65 1.70 1.81 1.92 1.95 1.87 1.71 1.52 1.44 1.49 1.65 1.88 2.08 2.12 2.08 1.98 1.90 1.85 1.82 1.86 1.95 2.00 1.96 1.85 1.75 1.67 1.60 1.54 1.47 1.42 1.40 1.35 1.31 1.31 1.36 1.46 1.58 1.74 1.83 1.80 1.78 1.80 1.79 1.72 1.68 1.67 1.63 1.55 1.50 1.51 1.54 1.62 1.73 1.80 1.84 1.85 1.82 1.79 1.75 1.72 1.76 1.91 1.96 1.83 1.64 1.51 1.42 1.37 1.37 1.43 1.50 1.59 1.70 1.86 2.05 2.22 2.29 2.29
1.53 1.52 1.53 1.57 1.63 1.65 1.64 1.66 1.78 1.94 2.06 2.10 2.07 1.97 1.82 1.70 1.71 1.84 1.99 2.10 2.11 2.01 1.89 1.84 1.79 1.77 1.85 1.97 2.01 1.94 1.81 1.70 1.61 1.55 1.49 1.42 1.37 1.32 1.30 1.35 1.44 1.51 1.61 1.76 1.83 1.75 1.62 1.56 1.47 1.38 1.34 1.41 1.50 1.49 1.41 1.38 1.40 1.46 1.56 1.67 1.74 1.77 1.73 1.65 1.58 1.50 1.50 1.71 1.91 1.85 1.65 1.53 1.48 1.44 1.43 1.49 1.60 1.72 1.83 1.95 2.05 2.10 2.10 2.08
1.54 1.54 1.57 1.61 1.65 1.68 1.68 1.70 1.82 1.90 1.95 1.99 2.03 2.03 1.97 1.89 1.86 1.85 1.86 1.91 1.95 1.92 1.86 1.84 1.81 1.70 1.65 1.77 1.91 1.93 1.83 1.69 1.50 1.38 1.35 1.33 1.31 1.29 1.29 1.32 1.35 1.41 1.52 1.67 1.78 1.69 1.46 1.28 1.23 1.19 1.15 1.18 1.28 1.32 1.31 1.32 1.35 1.37 1.40 1.47 1.52 1.55 1.52 1.46 1.40 1.34 1.34 1.56 1.86 1.93 1.77 1.62 1.55 1.52 1.54 1.62 1.74 1.87 1.93 1.90 1.76 1.54 1.41 1.43
