project/data/elevation/US_DEM2016/US_DEM2016_point_11-01-2019_1927_30m_vel.asc
ncols	125
nrows	167
xllcorner	-2042055.000000
yllcorner	1465035.000000
cellsize	30.000000
NODATA_value	-9999.000000
[rows 38 to 75 of 167, columns 0 to 83 of 125]
5.53 5.36 5.01 4.70 4.34 4.11 3.93 3.64 3.27 2.92 3.06 2.75 2.92 3.33 4.06 4.11 4.18 4.02 4.37 4.68 4.87 4.98 5.09 5.31 5.59 5.84 6.09 6.34 6.35 6.13 5.69 5.18 4.86 4.77 4.89 5.27 5.70 5.95 6.13 6.41 6.70 6.86 6.93 6.85 6.71 6.48 5.97 5.21 4.69 4.36 4.24 4.26 4.18 4.25 4.52 4.64 4.68 4.84 4.90 4.87 4.75 4.47 4.31 4.07 3.73 3.39 3.04 2.92 2.97 2.98 3.02 3.21 3.45 3.76 3.99 4.26 4.57 5.11 5.84 6.65 7.29 7.66 7.66 7.32
5.37 4.91 4.30 4.00 3.71 3.57 3.45 3.30 3.18 3.11 3.14 3.16 3.13 3.64 3.90 3.82 3.94 4.07 3.90 3.83 3.71 3.67 3.78 4.08 4.59 5.15 5.61 6.05 6.33 6.40 6.21 5.83 5.46 5.32 5.54 6.05 6.42 6.61 6.69 6.76 6.87 6.86 6.88 6.82 6.67 6.36 5.76 5.12 4.65 4.28 4.22 4.35 4.35 4.29 4.53 4.72 4.86 4.99 4.85 4.53 4.07 3.59 3.24 3.13 3.05 2.94 2.70 2.60 2.70 2.73 2.72 2.93 3.27 3.57 3.76 3.96 4.13 4.45 4.91 5.27 5.47 5.92 6.69 7.18
5.09 4.59 3.95 3.67 3.56 3.50 3.50 3.55 3.65 3.79 3.93 3.98 3.84 3.67 4.24 3.96 3.86 3.97 3.70 3.32 3.18 3.26 3.51 3.88 4.42 4.89 5.29 5.69 6.04 6.32 6.44 6.33 6.18 6.30 6.66 7.08 7.34 7.43 7.23 6.89 6.72 6.35 6.09 6.13 6.15 6.22 6.07 5.89 5.63 5.37 5.04 4.85 4.69 4.44 4.50 4.64 4.76 4.82 4.57 4.11 3.57 2.96 2.34 2.10 2.10 2.18 2.35 2.50 2.60 2.59 2.50 2.72 3.19 3.48 3.60 3.72 3.83 4.00 4.26 4.47 4.54 4.84 5.77 6.95
4.96 4.61 4.18 4.03 4.02 4.04 4.05 4.11 4.27 4.46 4.60 4.56 4.35 4.18 4.09 4.07 4.10 4.08 3.90 3.66 3.65 3.83 4.07 4.29 4.46 4.65 4.81 5.08 5.52 5.96 6.44 6.63 6.86 7.17 7.46 7.65 7.70 7.52 7.17 6.72 6.31 5.88 5.48 5.29 5.51 5.70 5.88 5.95 6.05 6.09 5.94 5.43 4.91 4.49 4.34 4.33 4.30 4.20 4.01 3.78 3.46 2.97 2.37 2.12 2.18 2.35 2.53 2.62 2.61 2.57 2.54 2.71 3.08 3.32 3.33 3.36 3.56 3.88 4.08 4.16 4.28 4.41 4.92 6.09
5.00 4.83 4.62 4.56 4.54 4.51 4.48 4.54 4.74 4.94 4.98 4.80 4.49 4.42 4.48 4.53 4.53 4.53 4.52 4.54 4.62 4.77 4.91 5.00 5.04 4.99 4.92 4.98 5.29 5.69 6.31 6.78 7.31 7.71 7.74 7.48 7.10 6.67 6.23 5.91 5.66 5.36 4.93 4.71 4.76 4.98 5.17 5.18 5.32 5.49 5.54 5.28 4.86 4.41 4.24 4.23 4.14 3.95 3.83 3.92 3.88 3.66 3.29 3.15 3.20 3.15 2.96 2.79 2.80 2.82 2.74 2.72 2.85 2.92 2.77 2.74 3.16 3.72 3.91 3.91 4.10 4.32 4.74 5.56
5.00 4.91 4.81 4.79 4.80 4.84 4.93 5.10 5.28 5.35 5.23 4.97 4.67 4.75 4.65 4.74 4.83 4.93 5.06 5.21 5.43 5.61 5.68 5.66 5.60 5.44 5.34 5.34 5.49 5.71 6.24 6.77 7.25 7.51 7.38 6.93 6.32 5.76 5.31 5.10 5.07 4.91 4.54 4.19 4.16 4.38 4.51 4.30 4.02 3.80 3.82 4.10 4.27 4.26 4.30 4.49 4.57 4.56 4.59 4.67 4.66 4.58 4.41 4.27 3.96 3.57 3.38 3.37 3.34 3.08 2.71 2.48 2.52 2.57 2.43 2.43 2.84 3.43 3.58 3.53 3.87 4.41 4.90 5.24
5.02 4.98 4.99 5.07 5.24 5.50 5.75 5.90 5.89 5.72 5.45 5.16 4.91 4.78 4.75 4.87 5.03 5.18 5.33 5.51 5.72 5.82 5.79 5.68 5.54 5.39 5.35 5.40 5.60 5.87 6.40 6.65 6.76 6.67 6.52 6.33 6.02 5.55 4.92 4.51 4.38 4.38 4.19 3.83 3.69 3.87 3.79 3.51 3.12 2.87 2.88 3.13 3.52 3.90 4.33 4.79 5.05 5.19 5.24 5.18 5.16 5.13 4.90 4.55 4.08 3.89 3.96 3.88 3.44 2.75 2.38 2.35 2.45 2.51 2.51 2.62 2.99 3.41 3.48 3.36 3.64 4.25 4.64 4.77
5.20 5.27 5.43 5.61 5.81 6.01 6.17 6.21 6.11 5.87 5.56 5.31 5.16 5.07 5.18 5.32 5.40 5.47 5.55 5.59 5.54 5.40 5.27 5.19 5.20 5.18 5.18 5.31 5.67 6.10 6.54 6.39 6.03 5.73 5.62 5.70 5.65 5.43 4.80 4.19 3.78 3.74 3.70 3.44 3.35 3.44 3.43 3.42 3.41 3.40 3.30 3.16 3.23 3.67 4.35 4.91 5.08 5.11 5.09 5.13 5.13 5.19 4.99 4.70 4.52 4.50 4.26 3.69 2.98 2.59 2.59 2.81 2.94 2.96 3.00 3.16 3.48 3.70 3.86 3.58 3.67 3.94 4.25 4.46
5.39 5.49 5.69 5.87 5.93 5.91 5.84 5.76 5.69 5.56 5.40 5.24 5.24 5.40 5.64 5.75 5.76 5.72 5.63 5.47 5.23 4.99 4.82 4.82 4.95 5.06 5.17 5.42 5.86 6.24 6.32 5.91 5.37 5.09 4.97 4.91 4.89 4.93 4.70 4.14 3.51 3.28 3.34 3.40 3.49 3.59 3.75 3.84 3.86 3.66 3.33 3.19 3.45 4.05 4.69 4.96 4.94 4.91 4.94 5.07 5.09 5.16 5.14 5.03 4.85 4.52 3.79 3.30 3.18 3.36 3.63 3.76 3.79 3.79 3.86 3.99 4.12 4.13 4.08 4.05 4.58 4.11 4.28 4.51
5.40 5.41 5.51 5.61 5.56 5.42 5.22 5.05 4.94 4.94 4.94 4.90 5.12 5.19 5.42 5.55 5.61 5.57 5.41 5.22 5.03 4.83 4.70 4.68 4.77 4.91 5.10 5.46 5.89 6.04 5.80 5.29 4.95 4.70 4.49 4.30 4.20 4.32 4.46 4.30 3.70 3.40 3.47 3.78 3.95 4.07 4.09 3.84 3.42 2.99 2.91 3.26 4.12 5.02 5.39 5.31 5.18 5.13 5.16 5.23 5.21 5.27 5.21 5.04 4.71 4.20 3.83 3.90 4.32 4.75 5.01 5.05 5.02 4.97 4.94 4.97 4.97 4.87 4.80 4.78 4.56 4.47 4.59 4.70
5.35 5.31 5.18 5.16 5.12 4.97 4.76 4.56 4.43 4.42 4.49 4.55 4.57 4.71 4.81 4.89 5.05 5.13 5.12 5.01 4.85 4.67 4.56 4.50 4.52 4.63 4.80 5.20 5.67 5.73 5.48 5.14 4.88 4.59 4.21 3.83 3.72 3.80 4.04 4.14 3.87 3.52 3.46 3.63 3.77 3.93 3.96 3.55 3.12 3.02 3.41 4.41 5.54 6.16 6.24 5.89 5.59 5.39 5.36 5.46 5.52 5.58 5.49 5.29 5.20 5.28 5.62 6.08 6.49 6.78 6.87 6.86 6.82 6.75 6.65 6.58 6.49 6.26 5.94 5.50 4.95 4.64 4.72 4.72
5.39 5.34 5.05 4.86 4.82 4.80 4.69 4.52 4.39 4.34 4.47 4.59 4.70 4.67 4.73 4.76 4.86 4.94 4.97 4.87 4.67 4.48 4.35 4.29 4.30 4.37 4.52 4.94 5.46 5.49 5.33 5.19 5.01 4.75 4.34 3.80 3.55 3.38 3.42 3.62 3.57 3.26 3.02 2.98 3.18 3.50 3.83 3.79 3.69 3.98 4.98 6.16 6.84 6.97 6.68 6.15 5.75 5.53 5.53 5.76 5.92 6.08 6.09 6.20 6.49 6.98 7.55 8.06 8.42 8.59 8.65 8.65 8.63 8.58 8.46 8.28 8.06 7.75 7.17 6.33 5.47 4.86 4.70 4.58
5.47 5.38 5.07 4.81 4.72 4.77 4.84 4.81 4.70 4.72 4.95 5.17 5.33 5.33 5.27 5.21 5.13 5.03 4.91 4.76 4.59 4.39 4.22 4.13 4.14 4.26 4.48 4.95 5.30 5.17 4.88 4.91 4.85 4.77 4.69 4.35 3.88 3.40 3.19 3.37 3.45 3.33 3.23 3.22 3.39 3.71 4.26 4.66 5.00 5.73 6.75 7.31 7.38 6.97 6.50 5.99 5.68 5.56 5.48 5.56 5.73 6.02 6.27 6.52 6.97 7.43 7.79 8.14 8.37 8.51 8.60 8.69 8.73 8.73 8.62 8.42 8.19 7.97 7.61 7.10 6.44 5.69 4.97 4.53
5.48 5.29 4.97 4.85 4.74 4.71 4.82 4.95 4.98 5.06 5.38 5.75 5.90 5.87 5.74 5.51 5.24 4.99 4.81 4.70 4.58 4.41 4.20 4.04 4.05 4.26 4.55 4.92 5.00 4.61 4.33 4.36 4.36 4.51 4.72 4.77 4.37 3.94 3.77 3.91 4.11 4.28 4.42 4.46 4.55 4.88 5.60 6.39 7.17 7.73 7.90 7.72 7.17 6.45 6.01 5.61 5.35 5.16 4.95 4.81 4.92 5.17 5.66 5.96 6.25 6.36 6.26 6.20 6.13 6.23 6.43 6.71 6.83 6.87 6.79 6.67 6.67 6.62 6.59 6.63 6.55 6.28 5.76 4.99
5.36 5.02 4.61 4.54 4.53 4.55 4.65 4.84 5.02 5.11 5.37 5.76 5.89 5.86 5.67 5.33 4.95 4.69 4.57 4.50 4.41 4.29 4.14 4.01 4.04 4.25 4.52 4.74 4.60 4.10 3.93 3.97 3.97 4.06 4.39 4.58 4.59 4.53 4.57 4.84 5.11 5.32 5.45 5.60 5.89 6.43 7.14 7.76 8.19 8.26 8.00 7.39 6.73 6.05 5.64 5.27 4.96 4.65 4.47 4.36 4.45 4.65 4.87 5.09 5.11 4.74 4.30 3.85 3.69 3.76 3.96 4.24 4.39 4.38 4.40 4.38 4.52 4.60 4.68 4.88 5.27 5.54 5.55 5.27
5.14 4.75 4.26 4.10 4.12 4.27 4.46 4.66 4.92 5.04 5.55 5.31 5.25 5.17 5.01 4.74 4.44 4.22 4.12 4.10 4.07 4.04 4.06 4.12 4.20 4.31 4.48 4.58 4.40 4.08 3.96 3.98 3.95 3.92 3.95 4.18 4.48 4.59 4.76 5.08 5.42 5.61 5.80 6.10 6.64 7.23 7.65 7.83 7.73 7.48 7.16 6.78 6.32 5.86 5.50 5.18 4.89 4.64 4.61 4.62 4.71 4.76 4.69 4.63 4.35 3.89 3.49 3.25 3.21 3.20 3.07 2.88 2.82 2.80 2.81 2.84 2.99 3.15 3.23 3.20 3.29 3.52 3.73 3.96
4.98 4.69 4.28 4.09 4.02 4.02 4.08 4.26 4.51 4.67 4.61 4.72 4.24 4.12 4.01 3.94 3.84 3.67 3.58 3.70 3.92 4.07 4.21 4.36 4.42 4.46 4.56 4.64 4.62 4.57 4.47 4.29 4.10 3.87 3.63 3.78 4.12 4.26 4.38 4.60 4.95 5.25 5.56 6.08 6.76 7.18 7.20 6.80 6.21 6.01 6.06 6.15 6.04 5.80 5.52 5.27 5.03 4.91 4.99 4.99 4.95 4.86 4.60 4.42 4.18 3.91 3.82 3.76 3.63 3.33 2.85 2.30 2.02 1.88 1.80 1.82 1.92 2.03 2.08 1.95 1.83 1.88 2.17 2.64
5.01 4.87 4.69 4.56 4.37 4.08 3.77 3.68 3.85 4.04 4.02 4.31 3.44 3.33 3.30 3.62 3.32 3.25 3.27 3.56 4.00 4.39 4.60 4.65 4.68 4.71 4.78 4.88 4.92 4.93 4.72 4.38 4.07 3.73 3.46 3.54 3.88 4.09 4.14 4.23 4.46 4.81 5.26 5.97 6.58 6.68 6.25 5.58 5.22 5.15 5.27 5.52 5.65 5.63 5.39 5.19 5.00 4.92 4.95 4.81 4.58 4.34 4.16 4.11 4.22 4.27 4.30 4.18 3.68 3.06 2.44 2.04 1.84 1.64 1.43 1.33 1.25 1.17 1.15 1.25 1.90 1.88 2.50 3.07
5.23 5.30 5.35 5.23 4.96 4.56 4.02 3.73 3.70 3.82 3.84 4.29 4.00 3.37 3.40 3.36 3.38 3.43 3.56 3.88 4.33 4.79 5.02 5.11 5.15 5.21 5.21 5.21 5.17 5.09 4.78 4.55 4.39 4.12 3.84 3.89 4.25 4.52 4.53 4.53 4.64 4.89 5.33 6.01 6.28 5.98 5.23 4.72 4.48 4.44 4.57 4.86 5.15 5.20 5.01 4.84 4.68 4.54 4.39 4.07 3.76 3.58 3.65 3.88 4.33 4.55 4.44 4.06 3.40 2.87 2.57 2.53 2.46 2.12 1.67 1.37 1.23 1.25 1.25 1.56 2.14 3.01 3.93 4.33
5.47 5.62 5.74 5.66 5.46 5.18 4.80 4.48 4.26 4.20 5.05 4.03 3.98 4.09 4.22 4.28 4.33 4.44 4.53 4.69 4.98 5.33 5.58 5.75 5.88 5.92 5.78 5.63 5.59 5.61 5.56 5.47 5.36 5.12 4.77 4.73 5.01 5.24 5.33 5.33 5.35 5.36 5.60 5.97 5.87 5.17 4.45 3.95 3.76 3.77 3.90 4.21 4.62 4.71 4.63 4.48 4.30 4.04 3.74 3.52 3.46 3.57 3.87 4.20 4.55 4.54 4.20 3.74 3.32 3.27 3.44 3.50 3.15 2.59 2.12 1.91 1.91 2.00 2.26 2.87 3.83 4.81 5.28 5.20
5.56 5.55 5.51 5.52 5.58 5.61 5.44 5.13 4.78 4.50 4.37 4.39 4.59 4.88 5.20 5.41 5.59 5.75 5.85 5.88 5.97 6.03 6.15 6.33 6.47 6.39 6.20 6.04 6.04 6.06 6.05 5.94 5.79 5.57 5.27 5.13 5.23 5.43 5.66 5.81 5.83 5.75 5.75 5.67 5.13 4.32 3.67 3.28 3.12 3.11 3.25 3.52 3.94 4.29 4.39 4.32 4.20 4.00 3.88 3.97 4.16 4.46 4.82 5.04 5.03 4.71 4.25 4.01 3.99 4.20 4.34 4.09 3.47 2.85 2.62 2.72 2.93 3.24 3.83 4.69 5.56 5.92 5.76 5.19
5.55 5.29 5.03 5.05 5.25 5.49 5.54 5.30 4.90 4.51 5.63 4.35 4.69 5.14 5.57 5.89 6.13 6.33 6.50 6.55 6.48 6.39 6.41 6.50 6.50 6.38 6.29 6.23 6.20 6.01 5.61 5.25 5.06 5.03 5.03 5.07 5.14 5.30 5.51 5.76 5.92 5.84 5.62 5.15 4.30 3.46 2.92 2.67 2.56 2.61 2.65 2.78 3.31 3.93 4.29 4.43 4.47 4.47 4.56 4.67 4.88 5.28 5.69 5.93 5.81 5.59 5.10 4.94 5.09 5.15 4.79 4.20 3.69 3.54 3.72 4.03 4.46 5.02 5.72 6.33 6.49 6.16 5.51 4.87
5.52 5.19 4.75 4.62 4.64 4.74 4.91 4.93 4.74 4.39 4.07 4.01 4.21 4.58 4.95 5.22 5.42 5.53 5.59 5.66 5.74 5.83 5.90 5.87 5.74 5.70 5.81 5.96 5.98 5.86 5.51 4.98 4.63 4.58 4.85 5.16 5.39 5.50 5.55 5.61 5.64 5.43 5.08 4.56 3.83 3.05 2.56 2.41 2.47 2.58 2.59 2.66 3.11 3.83 4.39 4.76 4.98 5.12 5.18 5.16 5.33 5.86 6.37 6.59 6.53 6.54 6.36 6.02 5.91 5.79 5.28 4.80 4.71 5.14 5.67 6.15 6.66 7.09 7.31 7.15 6.61 5.85 5.18 4.67
5.42 4.99 4.43 4.26 4.05 3.92 4.01 4.21 4.27 4.02 3.61 3.34 3.25 3.34 3.53 3.68 3.79 3.72 3.49 3.46 3.90 4.40 4.55 4.38 4.19 4.44 4.97 5.31 5.47 5.64 5.76 5.70 5.49 5.28 5.26 5.42 5.54 5.55 5.42 5.24 5.06 4.85 4.59 4.39 4.03 3.49 3.11 3.12 3.26 3.37 3.43 3.53 3.75 4.17 4.56 4.92 5.26 5.59 5.78 5.98 6.33 6.78 6.91 6.77 6.67 6.81 6.89 6.85 6.78 6.70 6.58 6.55 6.86 7.32 7.65 7.90 8.08 8.09 7.80 7.12 6.32 5.63 5.11 4.63
5.14 4.63 4.04 3.90 3.77 3.63 3.55 3.65 3.80 3.63 3.19 2.72 2.33 2.10 2.04 2.12 2.21 2.15 2.05 2.09 2.41 2.83 2.97 2.88 3.02 3.58 4.42 4.83 4.95 5.01 5.34 5.71 5.92 5.93 5.67 5.40 5.17 5.03 4.81 4.58 4.46 4.56 4.66 4.84 4.89 4.89 4.73 4.69 4.70 4.72 4.74 4.69 4.62 4.62 4.66 4.82 5.12 5.57 6.10 6.67 7.12 7.16 6.81 6.26 5.87 6.05 6.55 6.85 7.16 7.41 7.65 7.89 8.15 8.26 8.22 8.12 7.96 7.63 7.09 6.48 5.94 5.46 5.04 4.62
4.94 4.55 4.02 3.80 3.73 3.68 3.57 3.55 3.64 3.59 3.25 2.72 2.18 1.75 1.50 1.42 1.60 1.81 2.13 2.29 2.28 2.24 2.21 2.34 2.79 3.58 4.43 4.70 4.61 4.37 4.46 4.79 5.23 5.53 5.41 4.95 4.46 4.17 4.10 4.06 4.16 4.56 5.02 5.43 5.67 5.91 5.99 5.87 5.73 5.61 5.33 5.03 4.86 4.83 4.81 4.88 5.13 5.62 6.22 6.68 6.79 6.48 5.90 5.25 5.00 5.20 5.73 6.23 6.64 7.07 7.34 7.49 7.54 7.43 7.21 6.91 6.52 6.04 5.73 5.47 5.18 4.90 4.61 4.27
5.00 4.80 4.47 4.19 4.02 3.94 3.85 3.81 3.81 3.80 3.66 3.33 2.93 2.49 2.09 1.85 1.65 2.38 2.99 3.27 3.13 2.79 2.60 2.72 3.23 4.07 4.71 4.77 4.45 4.04 3.88 3.91 4.18 4.49 4.65 4.53 4.24 4.00 3.98 4.20 4.52 5.03 5.39 5.61 5.73 5.92 6.02 6.06 5.98 5.72 5.18 4.82 4.76 4.88 4.96 5.08 5.33 5.82 6.20 6.20 5.80 5.20 4.75 4.49 4.55 4.82 5.11 5.38 5.67 5.98 6.14 6.10 5.89 5.71 5.59 5.36 4.94 4.47 4.19 4.16 4.05 3.90 3.71 3.54
5.06 4.97 4.81 4.64 4.46 4.29 4.21 4.27 4.30 4.36 4.39 4.34 4.17 3.79 3.32 2.94 2.80 3.03 3.48 3.95 4.07 3.93 3.74 3.74 4.11 4.73 5.12 5.09 4.77 4.25 3.90 3.64 3.54 3.70 4.15 4.59 4.83 4.94 5.00 5.12 5.36 5.60 5.58 5.44 5.33 5.38 5.51 5.66 5.69 5.58 5.22 4.94 4.87 4.95 5.04 5.15 5.39 5.77 5.91 5.53 4.94 4.47 4.20 4.15 4.22 4.38 4.51 4.62 4.81 4.98 5.06 4.98 4.71 4.39 4.16 4.10 3.83 3.34 2.85 2.71 2.78 2.63 2.46 2.36
5.07 4.98 4.87 4.74 4.61 4.50 4.56 4.73 4.95 5.20 5.39 5.45 5.25 4.86 4.37 3.92 3.61 3.52 3.71 4.24 4.68 4.96 5.05 5.01 5.11 5.51 5.74 5.66 5.42 4.99 4.63 4.27 3.98 4.03 4.45 5.03 5.51 5.84 5.94 5.89 5.80 5.70 5.43 5.13 4.96 4.92 4.99 5.03 5.07 5.16 5.18 5.08 4.99 5.05 5.13 5.30 5.56 5.76 5.52 4.92 4.38 4.10 3.96 3.88 3.90 4.08 4.22 4.24 4.22 4.27 4.25 4.19 4.07 3.71 3.23 2.98 2.87 2.54 1.97 1.59 1.58 1.56 1.44 1.44
5.10 5.01 4.87 4.69 4.52 4.49 4.62 4.86 5.24 5.63 5.95 6.06 6.00 5.78 5.42 4.95 4.45 4.12 4.11 4.49 4.97 5.50 5.69 5.77 5.96 6.31 6.32 6.05 5.76 5.56 5.44 5.28 5.07 4.99 5.10 5.31 5.50 5.65 5.71 5.62 5.48 5.36 5.12 4.82 4.62 4.44 4.38 4.30 4.23 4.35 4.61 4.78 4.84 5.00 5.20 5.48 5.63 5.44 4.83 4.17 3.86 3.78 3.75 3.83 3.98 4.17 4.13 3.86 3.62 3.54 3.49 3.42 3.43 3.27 2.78 2.28 2.07 1.97 1.53 1.10 1.02 1.28 1.24 1.39
5.12 4.98 4.78 4.58 4.40 4.34 4.36 4.45 4.68 5.02 5.42 5.76 6.07 6.26 6.27 6.03 5.53 4.97 4.71 4.80 5.03 5.51 5.86 6.16 6.50 6.68 6.46 5.92 5.50 5.45 5.60 5.73 5.73 5.52 5.31 5.16 5.05 4.96 4.95 5.07 5.15 5.13 4.92 4.61 4.34 4.13 3.98 3.80 3.64 3.60 3.76 4.04 4.36 4.65 5.03 5.23 5.07 4.55 3.82 3.46 3.41 3.47 3.63 3.90 4.06 3.98 3.64 3.15 2.77 2.57 2.54 2.41 2.31 2.41 2.31 1.95 1.67 1.63 1.50 1.31 1.25 1.40 1.67 2.07
5.05 4.85 4.55 4.45 4.36 4.28 4.16 3.98 3.80 3.76 3.97 4.55 5.32 5.99 6.46 6.61 6.42 5.96 5.45 5.22 5.24 5.56 5.91 6.32 6.59 6.52 6.08 5.52 4.99 4.84 4.97 5.22 5.39 5.32 5.16 4.99 4.84 4.80 4.95 5.16 5.19 5.08 4.86 4.64 4.47 4.29 4.07 3.70 3.33 3.11 3.16 3.52 4.02 4.53 4.67 4.52 4.00 3.35 2.99 2.92 2.92 2.94 3.19 3.47 3.46 3.27 3.00 2.65 2.25 1.89 1.72 1.64 1.56 1.56 1.71 1.76 1.73 1.53 1.90 2.00 2.13 2.29 2.59 3.11
4.96 4.71 4.41 4.39 4.41 4.38 4.26 4.04 3.65 3.21 3.00 3.26 4.03 5.00 5.84 6.39 6.64 6.56 6.23 5.88 5.79 5.90 6.13 6.45 6.53 6.26 5.77 5.18 4.60 4.22 4.09 4.16 4.44 4.71 4.89 4.96 4.98 5.02 5.18 5.29 5.21 5.01 4.85 4.78 4.68 4.38 3.96 3.44 3.19 3.26 3.57 4.02 4.39 4.50 4.49 3.92 3.24 2.79 2.67 2.62 2.52 2.46 2.51 2.64 2.78 2.92 3.10 3.10 2.83 2.47 2.29 2.16 1.96 1.76 1.77 1.93 2.15 2.41 2.69 2.96 3.23 3.54 3.86 4.45
4.94 4.71 4.46 4.45 4.51 4.54 4.49 4.43 4.25 3.85 3.34 3.10 3.39 4.05 4.90 5.67 6.24 6.63 6.72 6.63 6.57 6.63 6.77 6.83 6.64 6.26 5.80 5.23 4.65 4.25 4.03 3.99 4.07 4.27 4.56 4.83 4.96 5.00 5.06 5.13 4.99 4.77 4.64 4.60 4.50 4.09 3.76 3.66 3.97 4.48 4.89 5.07 5.04 4.82 4.64 4.08 3.78 3.59 3.46 3.27 3.08 2.95 2.90 3.00 3.41 3.89 4.27 4.37 4.23 3.97 3.69 3.36 2.89 2.56 2.45 2.56 2.84 3.19 3.56 4.03 4.60 5.21 5.72 6.47
4.93 4.70 4.49 4.52 4.64 4.69 4.72 4.84 5.01 5.04 4.77 4.35 4.14 4.26 4.65 5.33 5.98 6.64 7.04 7.25 7.41 7.44 7.34 7.10 6.66 6.27 6.01 5.74 5.35 5.13 5.00 4.87 4.64 4.53 4.61 4.78 4.89 4.93 4.90 4.76 4.54 4.39 4.35 4.37 4.41 4.45 4.67 5.11 5.56 5.83 5.86 5.64 5.32 5.02 4.85 4.82 4.85 4.89 4.86 4.76 4.67 4.67 4.76 4.99 5.27 5.39 5.30 5.15 4.95 4.63 4.18 3.66 3.17 2.97 3.06 3.31 3.62 4.06 4.69 5.64 6.71 7.57 8.18 8.73
4.90 4.68 4.50 4.58 4.76 4.84 4.94 5.15 5.53 5.93 6.14 6.10 5.87 5.55 5.43 5.68 6.20 6.92 7.47 7.78 8.00 7.92 7.46 6.93 6.42 6.16 6.15 6.18 6.07 5.89 5.72 5.59 5.38 5.22 5.08 5.01 4.99 4.91 4.70 4.46 4.36 4.46 4.53 4.64 4.81 5.11 5.49 5.84 5.95 5.80 5.60 5.40 5.25 5.09 5.02 5.06 5.12 5.27 5.49 5.69 5.85 6.02 6.14 6.15 5.93 5.52 5.02 4.83 4.64 4.25 3.76 3.39 3.23 3.30 3.58 4.01 4.52 5.24 6.33 7.63 8.70 9.39 9.64 9.57
4.90 4.74 4.60 4.70 4.87 4.96 5.01 5.24 5.81 6.48 7.00 7.22 7.19 6.97 6.67 6.58 6.90 7.43 7.80 7.94 7.99 7.76 7.17 6.49 6.02 5.88 5.98 6.16 6.19 6.03 5.79 5.60 5.39 5.22 5.05 4.93 4.90 4.77 4.59 4.56 4.68 4.77 4.79 4.87 4.98 5.00 5.01 4.97 4.74 4.48 4.36 4.47 4.72 4.84 4.77 4.75 4.82 4.99 5.25 5.54 5.84 6.08 6.02 5.66 5.01 4.31 3.90 3.99 4.12 3.96 3.63 3.51 3.60 3.83 4.25 4.82 5.55 6.53 7.71 8.59 9.06 9.17 8.96 8.52
4.95 4.84 4.79 4.91 5.04 5.14 5.25 5.62 6.32 6.81 7.01 7.06 7.12 7.22 7.28 7.42 7.70 7.88 7.76 7.52 7.35 7.09 6.60 6.08 5.72 5.55 5.52 5.69 5.86 5.87 5.69 5.41 4.94 4.60 4.51 4.60 4.68 4.64 4.54 4.49 4.46 4.49 4.58 4.67 4.69 4.49 4.22 3.91 3.77 3.69 3.67 3.80 4.08 4.32 4.43 4.55 4.68 4.75 4.85 5.02 5.27 5.37 5.07 4.39 3.69 3.28 3.20 3.51 3.98 4.21 4.10 4.06 4.27 4.67 5.29 6.00 6.84 7.79 8.37 8.41 7.78 6.83 6.14 5.83
