project/data/elevation/US_DEM2016/US_DEM2016_point_10-31-2019_0955_30m_vel.asc
ncols	125
nrows	167
xllcorner	-2042055.000000
yllcorner	1465035.000000
cellsize	30.000000
NODATA_value	-9999.000000
[rows 38 to 75 of 167, columns 0 to 83 of 125]
8.52 8.22 7.57 7.04 6.53 6.21 5.96 5.57 5.07 4.62 4.47 4.51 4.70 5.06 5.42 5.59 5.60 5.72 6.15 6.75 7.09 7.23 7.32 7.50 7.74 7.91 8.09 8.24 8.06 7.68 7.23 6.85 6.66 6.69 6.95 7.52 8.15 8.51 8.81 9.26 9.59 9.48 9.25 9.09 9.08 9.05 8.58 7.67 7.00 6.51 6.33 6.32 6.30 6.26 6.27 6.35 6.48 6.85 7.17 7.42 7.37 6.86 6.44 6.06 5.67 5.37 5.07 4.96 5.01 5.18 5.20 5.18 5.36 5.77 6.03 6.27 6.56 7.16 7.91 8.75 9.40 9.71 9.51 8.87
8.45 7.72 6.61 6.04 5.62 5.45 5.26 4.99 4.73 4.54 4.56 4.69 4.87 5.04 5.18 5.30 5.39 5.52 5.68 5.81 5.72 5.60 5.63 5.91 6.48 7.11 7.60 8.05 8.21 8.05 7.75 7.45 7.26 7.32 7.82 8.62 9.10 9.30 9.46 9.77 10.00 9.78 9.51 9.25 9.01 8.69 8.01 7.22 6.65 6.21 6.16 6.36 6.49 6.34 6.39 6.57 6.82 7.18 7.21 7.04 6.59 5.87 5.22 5.02 4.95 4.88 4.65 4.55 4.67 4.88 4.95 4.98 5.21 5.63 5.90 5.99 6.09 6.51 7.09 7.40 7.43 7.74 8.33 8.49
8.15 7.30 6.05 5.43 5.22 5.14 5.11 5.09 5.11 5.22 5.42 5.63 5.62 5.38 5.14 5.10 5.23 5.34 5.24 4.96 4.80 4.84 5.11 5.58 6.29 6.87 7.33 7.76 8.03 8.15 8.15 8.09 8.17 8.62 9.32 9.98 10.33 10.44 10.19 9.86 9.74 9.15 8.68 8.56 8.37 8.36 8.17 7.95 7.60 7.33 7.05 6.98 6.92 6.58 6.52 6.64 6.87 7.07 6.84 6.35 5.73 4.92 4.05 3.76 3.76 3.88 4.10 4.31 4.51 4.63 4.66 4.82 5.23 5.67 5.87 5.84 5.80 6.03 6.48 6.64 6.43 6.55 7.37 8.39
7.87 7.20 6.20 5.75 5.67 5.69 5.67 5.67 5.79 6.07 6.39 6.52 6.22 5.67 5.28 5.20 5.32 5.36 5.21 4.99 5.00 5.27 5.65 5.99 6.29 6.60 6.79 7.06 7.51 7.91 8.38 8.64 9.13 9.77 10.39 10.84 11.00 10.75 10.26 9.61 9.01 8.39 7.83 7.52 7.63 7.72 7.96 8.11 8.22 8.26 8.16 7.68 7.19 6.67 6.38 6.32 6.32 6.23 5.94 5.58 5.13 4.49 3.78 3.56 3.71 3.98 4.24 4.37 4.41 4.47 4.56 4.74 5.17 5.65 5.77 5.61 5.64 6.00 6.41 6.39 6.12 6.07 6.57 7.79
7.76 7.34 6.70 6.41 6.32 6.25 6.13 6.12 6.38 6.74 6.98 6.89 6.31 5.85 5.68 5.72 5.79 5.82 5.80 5.87 6.07 6.34 6.60 6.79 6.93 6.92 6.85 6.90 7.27 7.72 8.47 9.09 10.03 10.65 10.87 10.70 10.38 9.87 9.22 8.59 8.03 7.55 6.99 6.73 6.74 6.89 7.19 7.36 7.60 7.74 7.77 7.45 7.01 6.45 6.14 6.07 5.93 5.66 5.41 5.41 5.23 4.92 4.65 4.70 4.93 4.93 4.72 4.51 4.56 4.70 4.71 4.66 4.84 5.16 5.16 4.92 5.24 5.96 6.39 6.21 5.97 6.05 6.57 7.58
7.68 7.38 6.92 6.71 6.61 6.56 6.58 6.78 7.11 7.36 7.34 6.97 6.31 6.03 6.00 6.10 6.24 6.35 6.53 6.84 7.21 7.49 7.65 7.71 7.70 7.53 7.39 7.39 7.61 7.89 8.62 9.41 10.23 10.68 10.48 9.89 9.19 8.54 7.91 7.50 7.23 6.87 6.37 5.97 5.97 6.22 6.40 6.26 5.99 5.70 5.72 6.05 6.26 6.19 6.13 6.29 6.33 6.26 6.24 6.24 6.07 5.95 6.00 6.12 5.82 5.34 5.12 5.20 5.31 5.05 4.57 4.24 4.32 4.50 4.40 4.31 4.74 5.61 6.05 5.87 5.89 6.40 7.06 7.53
7.62 7.40 7.10 6.99 7.08 7.33 7.62 7.85 7.96 7.91 7.58 6.97 6.38 6.13 6.11 6.29 6.51 6.73 7.05 7.46 7.85 8.06 8.10 7.98 7.81 7.59 7.51 7.59 7.88 8.26 9.05 9.62 9.89 9.77 9.37 8.97 8.51 7.96 7.17 6.64 6.37 6.15 5.79 5.38 5.30 5.60 5.46 5.11 4.62 4.35 4.50 4.93 5.37 5.72 6.19 6.73 7.03 7.17 7.18 7.00 6.79 6.73 6.60 6.36 5.78 5.59 5.84 5.91 5.45 4.53 3.94 3.88 4.11 4.24 4.24 4.37 4.85 5.48 5.80 5.68 5.80 6.44 6.91 7.08
7.78 7.71 7.63 7.70 7.90 8.17 8.40 8.48 8.39 8.12 7.61 6.99 6.58 6.42 6.54 6.74 6.92 7.15 7.46 7.72 7.85 7.81 7.68 7.52 7.46 7.38 7.37 7.57 8.13 8.78 9.49 9.47 9.05 8.53 8.18 8.17 7.96 7.57 6.79 6.11 5.60 5.31 5.02 4.66 4.67 4.90 4.88 4.90 4.93 4.98 4.95 4.83 4.84 5.30 6.16 6.99 7.23 7.20 7.08 7.01 6.86 6.86 6.61 6.35 6.26 6.41 6.26 5.56 4.55 3.93 3.93 4.30 4.57 4.66 4.74 5.03 5.53 5.88 5.93 5.84 5.85 6.10 6.47 6.71
8.08 8.08 8.10 8.22 8.30 8.32 8.26 8.16 8.00 7.71 7.30 6.87 6.79 6.95 7.25 7.42 7.51 7.61 7.69 7.66 7.52 7.30 7.09 7.02 7.14 7.26 7.42 7.83 8.55 9.20 9.48 9.05 8.23 7.68 7.36 7.17 7.02 6.85 6.46 5.83 5.10 4.64 4.47 4.49 4.69 4.93 5.31 5.53 5.60 5.31 4.84 4.58 4.90 5.69 6.55 7.01 7.05 6.92 6.84 6.91 6.80 6.81 6.75 6.71 6.68 6.42 5.44 4.64 4.38 4.61 5.06 5.36 5.48 5.53 5.70 6.01 6.33 6.45 6.41 6.37 6.27 6.25 6.47 6.84
8.26 8.16 8.08 8.10 8.00 7.79 7.53 7.28 7.06 6.86 6.59 6.43 6.55 6.97 7.39 7.62 7.71 7.67 7.54 7.37 7.19 6.99 6.83 6.79 6.92 7.14 7.46 8.07 8.81 9.18 8.95 8.23 7.66 7.16 6.70 6.36 6.18 6.15 6.09 5.80 5.05 4.63 4.68 5.11 5.39 5.64 5.83 5.57 5.00 4.30 4.06 4.52 5.78 7.06 7.57 7.44 7.28 7.14 7.08 7.07 6.91 6.91 6.81 6.66 6.32 5.70 5.16 5.17 5.69 6.28 6.66 6.80 6.84 6.86 6.91 7.10 7.27 7.27 7.27 7.30 6.96 6.70 6.84 7.13
8.26 8.11 7.75 7.60 7.44 7.13 6.80 6.50 6.27 6.06 5.84 5.79 5.95 6.39 6.82 7.08 7.25 7.28 7.19 7.06 6.90 6.75 6.63 6.58 6.64 6.85 7.20 7.89 8.72 8.93 8.52 7.84 7.38 6.88 6.24 5.71 5.58 5.62 5.66 5.47 4.97 4.64 4.72 5.09 5.33 5.54 5.59 4.96 4.30 4.07 4.57 6.05 7.75 8.66 8.75 8.17 7.74 7.47 7.35 7.37 7.29 7.21 7.04 6.75 6.64 6.77 7.25 7.89 8.44 8.81 8.91 8.92 8.89 8.85 8.80 8.85 8.89 8.75 8.54 8.12 7.43 6.92 6.99 7.13
8.26 8.10 7.55 7.19 7.03 6.83 6.54 6.26 6.04 5.76 5.62 5.65 5.86 6.24 6.54 6.73 6.87 6.95 6.94 6.80 6.60 6.43 6.32 6.29 6.34 6.50 6.83 7.65 8.61 8.71 8.25 7.79 7.42 6.92 6.24 5.58 5.34 5.13 4.89 4.62 4.33 4.08 4.04 4.19 4.54 4.93 5.21 4.95 4.78 5.22 6.69 8.49 9.54 9.73 9.27 8.47 7.91 7.64 7.61 7.86 7.94 7.93 7.75 7.85 8.30 9.01 9.83 10.55 11.03 11.24 11.28 11.25 11.21 11.15 11.03 10.87 10.69 10.44 9.85 8.90 7.88 7.14 6.98 6.93
8.37 8.13 7.51 7.07 6.89 6.79 6.68 6.53 6.32 6.11 6.19 6.38 6.65 6.93 7.08 7.09 7.05 6.95 6.78 6.56 6.33 6.15 6.03 6.00 6.09 6.31 6.76 7.74 8.55 8.38 7.64 7.51 7.32 6.92 6.58 6.12 5.59 4.92 4.31 4.04 3.97 3.96 4.06 4.28 4.63 5.05 5.63 6.02 6.43 7.51 9.14 10.13 10.31 9.67 8.97 8.25 7.84 7.74 7.68 7.79 7.96 8.16 8.24 8.54 9.29 10.03 10.52 11.02 11.29 11.42 11.52 11.61 11.65 11.64 11.50 11.23 10.97 10.73 10.26 9.59 8.81 8.03 7.26 6.82
8.48 8.10 7.41 7.13 6.95 6.80 6.75 6.73 6.65 6.59 6.90 7.31 7.61 7.76 7.74 7.56 7.29 6.97 6.67 6.45 6.26 6.05 5.86 5.78 5.93 6.31 6.90 7.82 8.26 7.66 6.96 6.92 6.85 6.77 6.69 6.56 5.93 5.18 4.70 4.63 4.84 5.18 5.52 5.71 5.95 6.48 7.44 8.41 9.40 10.26 10.75 10.70 9.95 8.89 8.28 7.76 7.45 7.27 7.05 6.91 7.07 7.33 7.88 8.27 8.84 9.14 8.99 8.85 8.75 8.88 9.13 9.47 9.60 9.62 9.48 9.30 9.23 9.13 9.03 9.01 8.91 8.64 8.11 7.30
8.43 7.85 7.05 6.83 6.73 6.65 6.66 6.71 6.74 6.83 7.18 7.68 7.93 7.99 7.82 7.47 7.05 6.70 6.46 6.28 6.10 5.90 5.70 5.65 5.89 6.34 6.95 7.64 7.71 6.93 6.44 6.44 6.38 6.34 6.44 6.31 6.01 5.75 5.70 5.98 6.35 6.71 6.98 7.28 7.79 8.67 9.74 10.55 11.04 11.15 10.89 10.11 9.17 8.23 7.70 7.25 6.88 6.50 6.31 6.20 6.39 6.71 7.10 7.49 7.62 7.17 6.55 5.93 5.77 5.96 6.27 6.60 6.74 6.67 6.64 6.55 6.66 6.70 6.79 7.06 7.52 7.84 7.89 7.57
8.16 7.53 6.65 6.31 6.26 6.35 6.53 6.65 6.74 6.87 7.07 7.32 7.46 7.34 7.06 6.69 6.37 6.14 5.97 5.80 5.63 5.52 5.55 5.77 6.09 6.45 6.93 7.37 7.30 6.78 6.47 6.44 6.35 6.24 6.07 5.87 5.87 5.97 6.21 6.65 7.12 7.40 7.71 8.21 9.10 10.11 10.82 11.07 10.82 10.31 9.71 9.06 8.42 7.84 7.38 6.98 6.62 6.32 6.33 6.42 6.66 6.86 6.88 6.91 6.56 5.93 5.35 5.15 5.25 5.38 5.28 5.03 4.90 4.85 4.82 4.81 4.94 5.07 5.12 5.09 5.23 5.53 5.77 6.06
7.85 7.34 6.58 6.23 6.09 6.05 6.15 6.33 6.42 6.53 6.54 6.51 6.34 6.00 5.65 5.50 5.42 5.29 5.19 5.19 5.30 5.44 5.70 6.05 6.32 6.63 7.00 7.30 7.39 7.30 7.06 6.80 6.54 6.23 5.81 5.47 5.48 5.66 5.92 6.29 6.79 7.22 7.69 8.52 9.67 10.44 10.57 9.91 8.84 8.38 8.23 8.14 7.90 7.63 7.28 6.95 6.70 6.63 6.83 6.97 7.04 7.03 6.72 6.45 5.97 5.76 5.76 5.83 5.82 5.56 4.97 4.22 3.86 3.73 3.65 3.65 3.78 3.84 3.75 3.49 3.31 3.33 3.68 4.41
7.72 7.41 6.96 6.68 6.40 6.02 5.65 5.59 5.69 5.80 5.82 5.65 5.22 4.69 4.41 4.38 4.40 4.39 4.51 4.87 5.36 5.82 6.16 6.37 6.59 6.88 7.19 7.49 7.67 7.73 7.34 6.81 6.40 5.99 5.57 5.17 5.16 5.38 5.54 5.77 6.16 6.75 7.48 8.66 9.78 10.10 9.37 8.20 7.44 7.22 7.24 7.33 7.35 7.36 7.08 6.84 6.69 6.76 6.98 6.92 6.66 6.35 6.04 5.86 5.96 6.17 6.42 6.42 5.87 5.11 4.22 3.65 3.46 3.34 3.09 2.85 2.77 2.64 2.42 2.36 2.54 3.02 3.91 4.88
7.89 7.87 7.71 7.40 6.95 6.39 5.69 5.41 5.38 5.48 5.48 5.19 4.74 4.38 4.18 4.12 4.18 4.34 4.68 5.21 5.81 6.40 6.71 6.91 7.15 7.41 7.57 7.74 7.92 7.89 7.28 6.81 6.57 6.24 5.76 5.46 5.59 5.81 5.87 5.98 6.27 6.82 7.66 8.95 9.65 9.35 8.06 7.00 6.44 6.31 6.40 6.57 6.76 6.81 6.63 6.48 6.36 6.36 6.35 5.97 5.49 5.17 5.18 5.47 6.21 6.69 6.50 6.19 5.30 4.52 4.07 4.03 4.06 3.73 3.06 2.52 2.32 2.19 2.16 2.46 3.20 4.42 5.83 6.58
8.22 8.30 8.20 7.87 7.43 6.92 6.42 6.14 5.93 5.81 5.69 5.45 5.22 5.14 5.17 5.23 5.36 5.61 5.86 6.22 6.69 7.17 7.48 7.76 8.05 8.21 8.10 8.11 8.35 8.43 8.13 7.83 7.65 7.30 6.65 6.39 6.63 6.85 6.95 7.02 7.19 7.44 8.14 9.15 9.27 8.25 6.92 5.98 5.58 5.58 5.74 5.92 6.15 6.17 6.12 6.02 5.85 5.60 5.28 4.97 4.83 4.91 5.31 5.86 6.60 6.73 6.26 5.50 4.85 4.72 5.00 5.23 4.84 4.02 3.18 2.82 2.86 2.96 3.24 4.06 5.45 6.99 7.83 7.75
8.45 8.29 7.94 7.73 7.57 7.40 7.16 6.90 6.53 6.15 5.94 5.92 6.06 6.31 6.63 6.87 7.14 7.40 7.61 7.77 8.02 8.16 8.36 8.67 8.92 8.83 8.62 8.62 8.91 8.96 8.78 8.49 8.22 7.83 7.26 6.97 7.10 7.34 7.59 7.81 7.94 8.05 8.50 8.92 8.42 7.02 5.85 5.18 4.91 4.91 5.10 5.23 5.40 5.64 5.75 5.69 5.53 5.30 5.16 5.32 5.60 6.02 6.51 6.90 7.09 6.73 5.96 5.48 5.49 5.86 6.17 5.93 4.97 3.92 3.50 3.66 4.03 4.47 5.26 6.47 7.87 8.66 8.60 7.78
8.53 8.02 7.38 7.24 7.35 7.49 7.48 7.15 6.64 6.15 5.93 6.06 6.48 7.01 7.52 7.90 8.22 8.52 8.80 8.93 8.90 8.85 8.97 9.21 9.23 9.02 8.90 8.99 9.14 8.88 8.20 7.67 7.31 7.11 6.99 6.98 7.04 7.29 7.59 7.95 8.23 8.31 8.43 8.17 7.20 5.77 4.86 4.42 4.24 4.31 4.39 4.45 4.78 5.30 5.65 5.73 5.72 5.74 5.94 6.18 6.55 7.13 7.72 8.06 7.86 7.40 6.60 6.43 6.81 7.10 6.72 5.81 4.82 4.47 4.73 5.24 5.90 6.71 7.75 8.77 9.28 9.06 8.19 7.20
8.54 7.94 7.05 6.77 6.76 6.83 6.91 6.75 6.35 5.92 5.70 5.77 6.14 6.70 7.22 7.57 7.83 8.01 8.13 8.21 8.32 8.49 8.71 8.72 8.48 8.35 8.53 8.88 8.91 8.52 7.82 7.05 6.55 6.40 6.69 7.06 7.38 7.58 7.73 7.88 8.02 7.88 7.69 7.27 6.34 5.06 4.23 3.96 4.01 4.13 4.14 4.22 4.62 5.28 5.84 6.18 6.41 6.59 6.72 6.80 7.15 7.98 8.75 9.08 8.77 8.36 7.89 7.62 7.81 7.79 7.04 6.21 5.89 6.37 7.14 7.89 8.67 9.38 9.92 10.01 9.54 8.56 7.55 6.82
8.51 7.77 6.69 6.29 5.99 5.83 5.87 5.88 5.70 5.40 5.11 4.99 5.08 5.33 5.64 5.86 5.98 5.91 5.62 5.59 6.23 6.98 7.23 6.93 6.45 6.76 7.66 8.32 8.44 8.25 8.05 7.78 7.43 7.20 7.16 7.40 7.69 7.81 7.71 7.51 7.29 7.05 6.83 6.72 6.23 5.28 4.64 4.65 4.82 4.88 4.89 5.04 5.29 5.67 6.12 6.54 6.96 7.36 7.58 7.89 8.51 9.34 9.72 9.59 9.19 8.86 8.67 8.69 8.78 8.67 8.32 8.15 8.52 9.18 9.76 10.27 10.69 10.89 10.72 10.00 9.03 8.07 7.32 6.70
8.24 7.38 6.21 5.81 5.55 5.34 5.19 5.11 5.01 4.71 4.29 3.93 3.69 3.60 3.65 3.79 3.83 3.61 3.46 3.68 4.34 5.07 5.25 4.89 4.83 5.63 7.09 7.90 7.97 7.62 7.70 7.93 8.04 8.03 7.74 7.52 7.37 7.30 7.01 6.65 6.39 6.51 6.70 7.03 6.99 6.76 6.42 6.41 6.51 6.52 6.52 6.47 6.30 6.21 6.28 6.52 6.91 7.49 8.17 9.00 9.82 10.11 9.83 9.09 8.29 8.17 8.62 8.97 9.28 9.50 9.70 10.03 10.47 10.85 10.72 10.91 10.88 10.60 9.95 9.15 8.40 7.73 7.17 6.54
7.93 7.23 6.15 5.63 5.40 5.23 5.01 4.78 4.61 4.34 3.87 3.36 2.94 2.71 2.66 2.70 2.73 2.87 3.15 3.53 3.90 4.12 4.09 4.06 4.51 5.68 7.23 7.85 7.59 6.87 6.77 7.05 7.43 7.69 7.50 6.97 6.40 6.06 5.93 5.80 5.88 6.45 7.16 7.78 7.96 8.02 7.98 7.86 7.81 7.75 7.44 7.05 6.69 6.49 6.46 6.60 6.97 7.66 8.56 9.39 9.76 9.47 8.68 7.63 7.10 7.28 8.00 8.58 8.87 9.26 9.66 9.98 10.21 10.18 9.98 9.66 9.25 8.67 8.25 7.85 7.42 7.03 6.63 6.16
7.84 7.40 6.59 6.01 5.67 5.43 5.13 4.81 4.64 4.47 4.17 3.82 3.49 3.19 2.97 2.91 3.05 3.52 4.11 4.42 4.42 4.33 4.33 4.48 5.13 6.43 7.66 7.93 7.31 6.39 6.02 6.01 6.31 6.56 6.60 6.31 5.83 5.46 5.44 5.77 6.28 7.12 7.81 8.21 8.23 8.22 8.23 8.26 8.19 7.90 7.25 6.77 6.57 6.59 6.68 6.87 7.28 8.04 8.77 9.06 8.68 7.83 7.03 6.45 6.49 6.99 7.53 7.77 7.83 8.12 8.41 8.48 8.35 8.21 8.07 7.75 7.20 6.63 6.29 6.18 5.99 5.79 5.53 5.29
7.84 7.51 6.95 6.53 6.15 5.76 5.37 5.15 5.10 5.11 5.12 5.07 4.91 4.57 4.18 3.95 4.07 4.46 4.92 5.33 5.39 5.36 5.47 5.75 6.36 7.41 8.19 8.21 7.55 6.50 5.91 5.56 5.44 5.58 5.95 6.29 6.39 6.47 6.62 6.93 7.44 8.00 8.23 8.17 7.88 7.73 7.83 7.97 7.89 7.64 7.14 6.79 6.66 6.72 6.83 7.01 7.42 8.11 8.62 8.33 7.53 6.76 6.23 5.99 6.12 6.55 6.98 7.00 6.90 7.04 7.19 7.09 6.81 6.54 6.33 6.21 5.77 5.16 4.59 4.38 4.37 4.15 3.94 3.81
7.82 7.51 7.00 6.63 6.31 5.95 5.71 5.72 5.92 6.23 6.48 6.52 6.22 5.77 5.31 4.99 4.95 5.13 5.41 5.93 6.30 6.65 6.96 7.23 7.68 8.48 8.99 8.83 8.20 7.23 6.60 6.11 5.75 5.80 6.20 6.80 7.37 7.84 8.05 8.12 8.19 8.28 8.15 7.86 7.50 7.25 7.29 7.28 7.20 7.16 7.09 6.95 6.85 6.85 7.00 7.25 7.72 8.28 8.29 7.55 6.65 6.16 5.80 5.59 5.70 6.24 6.72 6.69 6.37 6.32 6.27 6.18 6.03 5.65 5.15 4.83 4.53 4.00 3.38 2.93 2.75 2.57 2.37 2.37
7.85 7.51 6.95 6.51 6.16 5.90 5.88 6.10 6.55 7.07 7.46 7.50 7.27 6.92 6.51 6.10 5.80 5.78 5.98 6.46 6.95 7.53 7.79 8.11 8.72 9.54 9.74 9.30 8.56 7.90 7.51 7.20 6.95 6.88 6.97 7.28 7.65 7.95 8.06 7.98 7.90 7.91 7.78 7.45 7.09 6.72 6.57 6.39 6.24 6.34 6.55 6.69 6.78 6.89 7.19 7.60 8.02 8.09 7.46 6.47 5.87 5.63 5.42 5.51 5.89 6.52 6.68 6.27 5.73 5.52 5.43 5.37 5.33 5.05 4.47 3.90 3.45 3.03 2.42 1.86 1.60 1.58 1.69 1.95
7.88 7.46 6.77 6.28 5.91 5.70 5.68 5.81 6.15 6.64 7.11 7.44 7.65 7.73 7.66 7.38 6.96 6.68 6.71 6.95 7.24 7.78 8.15 8.65 9.41 10.01 9.91 9.10 8.25 7.89 7.86 7.90 7.89 7.63 7.37 7.28 7.23 7.15 7.13 7.30 7.48 7.58 7.44 7.07 6.68 6.34 6.08 5.76 5.52 5.47 5.63 5.91 6.30 6.67 7.12 7.48 7.57 7.10 6.09 5.47 5.29 5.19 5.31 5.79 6.23 6.38 6.04 5.27 4.65 4.39 4.31 4.13 4.00 3.98 3.71 3.18 2.57 2.09 1.70 1.48 1.46 1.66 2.06 2.68
7.81 7.29 6.42 6.02 5.74 5.55 5.39 5.19 5.05 5.12 5.44 6.14 6.97 7.69 8.17 8.28 8.05 7.71 7.49 7.46 7.56 7.98 8.40 9.13 9.65 9.81 9.30 8.43 7.56 7.24 7.32 7.55 7.68 7.48 7.25 7.07 6.88 6.83 7.03 7.36 7.51 7.45 7.20 6.95 6.77 6.51 6.14 5.57 4.99 4.69 4.76 5.20 5.85 6.36 6.74 6.79 6.37 5.52 4.85 4.71 4.63 4.50 4.83 5.35 5.49 5.32 4.93 4.35 3.78 3.34 3.13 3.02 2.98 2.89 2.69 2.37 2.02 1.83 1.89 2.12 2.45 2.81 3.29 4.07
7.67 7.06 6.17 5.88 5.70 5.55 5.37 5.05 4.58 4.18 4.09 4.54 5.53 6.70 7.71 8.30 8.50 8.42 8.26 8.17 8.21 8.42 8.79 9.33 9.61 9.33 8.62 7.73 6.89 6.38 6.21 6.29 6.57 6.80 6.95 6.98 6.96 7.07 7.36 7.60 7.55 7.32 7.08 7.03 6.99 6.55 5.83 4.98 4.52 4.57 4.99 5.66 6.24 6.44 6.34 5.92 5.12 4.36 4.05 3.99 3.81 3.66 3.80 4.10 4.35 4.50 4.63 4.47 4.08 3.72 3.57 3.42 3.17 2.77 2.37 2.22 2.30 2.54 2.95 3.42 3.89 4.43 4.96 5.82
7.56 6.99 6.18 5.88 5.72 5.64 5.55 5.41 5.11 4.65 4.22 4.24 4.81 5.71 6.73 7.62 8.22 8.61 8.82 8.97 9.12 9.31 9.61 9.97 9.75 9.10 8.27 7.45 6.64 6.13 5.88 5.87 5.97 6.20 6.51 6.79 6.94 7.05 7.25 7.47 7.29 6.96 6.73 6.76 6.69 5.98 5.27 5.00 5.34 6.00 6.62 7.00 7.04 6.72 6.23 5.69 5.20 4.81 4.57 4.32 4.07 3.95 4.03 4.29 4.92 5.59 5.94 5.87 5.60 5.40 5.18 4.77 4.02 3.33 2.93 2.90 3.20 3.67 4.21 4.92 5.76 6.60 7.30 8.37
7.49 6.91 6.16 5.86 5.77 5.76 5.81 5.94 6.09 6.08 5.82 5.56 5.64 5.99 6.50 7.29 8.04 8.79 9.26 9.64 10.07 10.26 10.48 10.24 9.77 8.94 8.26 7.76 7.19 6.96 6.91 6.83 6.53 6.37 6.47 6.68 6.82 6.96 7.08 6.95 6.63 6.33 6.24 6.36 6.42 6.22 6.34 6.93 7.55 7.94 8.04 7.82 7.38 6.84 6.54 6.48 6.44 6.38 6.23 6.04 5.93 6.03 6.33 6.84 7.43 7.65 7.35 6.90 6.52 6.17 5.65 4.92 4.08 3.63 3.60 3.87 4.29 4.90 5.81 7.17 8.61 9.68 10.45 11.28
7.36 6.82 6.11 5.85 5.88 5.96 6.10 6.39 6.88 7.35 7.60 7.66 7.60 7.42 7.40 7.79 8.46 9.34 9.99 10.41 10.84 10.94 10.62 10.11 9.36 8.74 8.42 8.23 8.00 7.84 7.77 7.71 7.43 7.23 7.09 6.99 6.97 6.97 6.80 6.44 6.24 6.33 6.43 6.63 6.92 7.22 7.63 8.11 8.33 8.20 7.95 7.61 7.28 6.97 6.87 6.99 7.07 7.20 7.35 7.51 7.70 8.03 8.39 8.64 8.50 7.94 7.06 6.53 6.11 5.50 4.77 4.16 3.84 3.90 4.30 4.88 5.55 6.56 8.13 9.99 11.43 12.30 12.60 12.59
7.27 6.81 6.17 6.00 6.08 6.13 6.22 6.60 7.39 8.28 8.97 9.33 9.36 9.15 8.90 8.97 9.48 10.22 10.74 10.69 11.06 10.66 9.98 9.44 8.67 8.33 8.32 8.35 8.24 8.06 7.88 7.75 7.53 7.37 7.15 7.00 6.96 6.83 6.63 6.55 6.70 6.83 6.87 7.05 7.29 7.35 7.32 7.24 6.95 6.65 6.48 6.53 6.70 6.82 6.77 6.76 6.87 7.09 7.38 7.70 8.09 8.53 8.64 8.29 7.36 6.18 5.40 5.31 5.16 4.63 4.15 4.02 4.18 4.58 5.26 6.07 7.03 8.41 10.22 11.63 12.33 12.49 12.21 11.60
7.25 6.87 6.37 6.29 6.36 6.38 6.55 7.18 8.25 9.04 9.42 9.52 9.58 9.67 9.81 10.13 10.63 11.06 11.05 10.72 10.41 10.04 9.43 8.68 8.10 7.84 7.79 7.90 7.96 7.88 7.69 7.42 6.93 6.55 6.41 6.52 6.66 6.66 6.58 6.53 6.50 6.56 6.72 6.94 7.03 6.72 6.33 5.88 5.66 5.52 5.52 5.71 6.01 6.25 6.37 6.50 6.69 6.82 6.96 7.21 7.63 7.91 7.57 6.49 5.19 4.37 4.21 4.49 4.70 4.64 4.54 4.67 5.09 5.81 6.76 7.76 8.88 10.26 11.36 11.73 11.00 9.72 8.79 8.35
