project/data/elevation/US_DEM2016/US_DEM2016_point_10-29-2019_2221_30m_ang.asc
ncols	125
nrows	167
xllcorner	-2042055.000000
yllcorner	1465035.000000
cellsize	30.000000
NODATA_value	-9999.000000
[rows 45 to 89 of 167, columns 0 to 95 of 125]
274 286 7 31 37 50 76 97 103 105 106 98 28 304 303 311 317 323 353 25 242 226 215 216 231 258 283 282 272 270 262 211 130 123 159 186 156 107 87 135 173 155 147 270 271 258 60 55 54 59 75 87 77 42 287 265 255 250 249 254 259 270 72 68 57 62 79 97 100 56 10 3 3 358 352 351 351 353 256 69 208 238 242 241 238 223 185 125 94 79 98 136 136 123 95 328
266 262 189 102 107 119 134 137 131 121 115 113 289 292 295 300 308 322 30 90 175 206 215 231 248 263 277 280 268 251 223 184 138 117 135 193 190 144 97 93 135 167 227 284 288 287 351 67 81 87 81 49 30 20 339 276 253 249 251 256 259 261 74 78 87 105 114 94 24 359 360 3 3 360 358 360 5 15 22 29 278 275 255 250 242 227 202 148 92 70 71 88 107 110 335 312
259 240 183 155 137 129 133 139 137 127 118 127 94 264 262 252 250 242 116 99 112 215 245 254 256 257 257 254 242 213 187 175 148 115 104 174 205 185 126 100 106 186 265 277 278 279 324 93 107 112 47 8 16 26 22 312 265 261 262 262 264 279 43 75 91 115 84 6 353 354 2 9 9 3 0 5 14 22 27 36 41 3 274 254 240 226 214 185 116 93 90 90 87 21 320 315
262 236 170 161 145 120 112 116 122 120 106 36 292 259 236 220 225 218 157 91 90 190 249 253 250 250 245 233 206 177 166 176 161 101 81 99 205 200 154 116 99 278 268 261 255 260 290 87 92 40 343 355 21 43 52 11 279 266 266 266 270 288 2 42 40 24 9 2 358 359 6 15 17 10 3 8 18 27 36 46 48 29 312 259 237 225 221 205 149 119 111 101 85 320 311 313
265 245 125 144 151 119 92 88 95 94 45 340 325 338 281 241 250 249 256 68 80 98 257 252 250 256 259 242 163 146 152 204 200 106 80 76 147 190 162 122 81 331 286 263 257 271 319 31 30 356 348 9 43 66 71 45 285 268 266 264 265 274 323 23 31 32 33 35 33 24 19 26 32 26 13 17 32 45 54 54 45 32 0 292 244 230 225 206 160 131 118 105 93 285 284 281
258 210 106 114 148 139 99 82 83 68 353 322 326 345 3 303 284 279 291 40 50 19 314 269 261 271 282 282 120 119 147 217 209 154 99 82 96 152 163 98 16 342 326 315 307 304 327 6 11 357 8 42 74 87 85 76 273 263 257 252 251 253 262 11 64 81 95 116 138 159 173 163 141 134 148 145 113 98 88 72 52 35 24 7 287 240 228 205 159 135 122 112 143 256 251 236
245 182 118 112 133 161 138 95 85 63 315 304 319 5 22 280 262 261 269 1 28 10 353 319 283 279 283 283 106 108 140 204 206 184 129 98 91 87 333 337 344 340 337 333 327 320 327 353 4 10 42 75 91 96 94 98 250 255 249 244 245 245 241 196 122 121 133 155 174 182 186 181 173 173 180 181 166 145 130 117 96 57 41 35 7 269 221 205 163 139 127 116 183 266 255 238
232 164 128 123 132 166 183 114 90 77 279 280 290 74 104 196 231 239 238 213 177 319 342 342 306 280 274 106 94 94 108 192 212 204 153 110 92 41 317 316 323 328 329 327 324 324 327 342 30 85 94 94 94 96 94 98 252 260 259 260 263 258 244 194 131 120 125 157 185 187 189 187 185 186 189 191 182 162 151 156 162 155 111 275 55 275 202 207 174 151 125 56 341 319 310 314
219 130 116 117 122 163 204 142 100 94 68 292 228 140 132 156 216 228 222 202 209 277 316 336 323 286 273 56 73 73 71 96 217 215 172 123 102 317 286 285 289 297 305 306 305 311 36 154 168 160 131 107 97 94 90 83 285 277 280 283 280 268 251 198 114 83 49 27 32 97 172 191 196 196 196 199 194 175 158 164 182 190 180 163 120 280 143 197 185 188 327 345 340 331 325 323
305 75 80 82 86 117 194 162 122 112 247 55 203 143 137 147 207 223 217 217 263 296 314 330 337 319 302 5 51 60 61 66 152 206 177 137 118 271 272 263 258 262 270 276 272 204 143 146 164 174 154 121 103 96 90 72 303 283 282 278 268 257 245 225 71 49 39 38 50 67 87 186 217 209 199 204 202 188 177 177 193 221 237 196 138 123 128 171 221 273 304 323 322 314 315 310
315 28 54 57 60 65 115 152 132 127 234 49 204 129 108 60 335 289 250 258 277 293 310 327 345 348 333 349 38 61 68 70 81 162 170 152 123 301 293 286 274 265 265 267 236 157 141 142 159 186 172 133 109 105 99 84 289 275 264 249 236 234 240 252 351 46 56 66 80 84 60 6 333 297 213 229 228 213 215 230 267 300 313 17 247 110 116 158 282 288 286 288 292 290 293 290
298 7 51 55 56 53 49 70 98 115 248 63 61 67 27 358 348 345 332 299 282 286 301 322 343 349 342 349 35 63 67 61 58 73 114 248 307 315 316 319 316 296 284 272 182 137 133 134 150 201 188 142 116 111 110 120 266 261 243 226 222 233 254 270 309 66 83 91 92 63 18 6 13 24 4 276 257 256 301 305 320 325 344 43 249 75 78 319 283 281 277 276 282 282 277 245
272 319 81 73 63 52 47 55 70 72 52 281 293 333 348 346 343 341 338 324 297 287 295 312 331 341 340 352 41 65 66 59 61 65 53 314 297 303 310 315 317 309 297 270 137 125 123 122 138 200 196 155 123 113 112 164 268 265 252 251 269 283 284 290 327 77 97 99 58 9 10 23 42 45 6 345 344 344 335 329 332 342 26 257 84 75 72 313 273 273 280 284 282 280 251 176
247 183 127 114 88 63 58 66 75 69 288 281 288 304 319 328 331 331 330 329 309 291 290 295 302 314 322 355 63 79 83 87 87 84 70 295 279 279 285 293 299 300 295 156 119 116 118 121 138 189 196 166 133 115 108 292 291 297 303 308 306 302 296 300 346 61 71 45 9 6 30 59 73 41 351 346 348 347 341 339 355 31 87 99 91 89 89 243 265 268 275 279 270 252 189 145
231 164 136 143 144 121 95 87 85 81 47 269 268 259 276 283 290 292 286 279 272 269 266 252 232 234 246 191 93 92 96 105 106 99 95 270 271 273 272 272 274 274 267 116 103 104 112 115 127 177 196 175 142 122 104 301 303 310 313 312 306 297 293 297 345 47 37 17 19 33 66 88 62 353 345 348 350 349 349 354 31 74 93 92 93 100 101 214 269 269 271 272 256 210 159 133
195 141 126 139 159 164 140 111 96 87 268 261 252 238 228 225 223 212 205 204 218 232 225 203 197 213 224 189 117 100 88 80 79 80 66 286 275 274 269 261 253 248 240 103 85 83 81 73 59 36 238 170 132 120 285 292 297 303 309 313 311 300 288 277 282 46 27 21 35 53 69 63 353 345 351 355 355 1 15 39 79 85 74 84 275 96 104 206 262 264 264 263 239 171 143 132
148 131 121 123 140 162 158 131 110 104 251 253 234 209 202 201 197 186 179 182 198 209 200 186 188 215 225 191 137 119 102 79 64 63 49 304 268 257 248 241 240 245 256 35 62 54 41 32 24 18 15 37 74 72 284 279 281 285 295 308 314 297 266 229 202 202 353 33 52 56 47 22 351 352 4 12 16 41 74 93 98 85 73 82 85 88 102 191 248 251 249 243 202 145 128 291
117 116 113 112 115 134 149 137 119 102 290 271 237 184 175 187 187 171 160 162 174 185 184 187 208 238 235 186 142 139 140 121 92 76 68 353 247 237 229 230 242 260 276 342 48 44 34 32 30 31 36 52 66 57 287 274 272 271 279 289 289 255 211 188 192 219 239 101 83 75 61 47 23 24 77 100 126 136 131 122 112 101 90 278 81 86 94 171 253 250 241 226 178 142 194 271
93 92 94 97 97 102 119 125 110 352 330 328 340 35 94 145 88 192 346 6 37 84 131 202 250 265 258 169 124 130 154 164 140 110 97 108 236 241 240 247 263 274 279 312 61 60 54 53 55 60 71 82 82 67 295 277 274 273 272 262 226 184 172 173 202 239 235 171 123 115 109 112 142 167 162 150 149 157 160 151 138 131 119 101 277 277 90 95 259 250 236 217 171 150 227 245
85 84 84 84 84 87 95 94 341 321 331 341 355 16 40 50 125 303 310 334 4 25 35 0 282 278 278 95 92 95 121 162 158 137 122 124 283 289 293 290 287 283 278 265 102 102 101 93 86 85 89 93 88 73 295 280 277 276 266 232 184 167 158 171 244 253 228 174 141 138 135 133 143 172 179 162 145 151 172 172 160 153 146 136 119 275 89 60 263 245 231 216 167 153 216 229
90 88 87 86 85 88 83 41 326 317 326 337 353 10 22 27 20 309 281 296 333 6 23 14 314 291 292 53 72 70 68 87 130 130 129 273 298 306 310 305 291 280 271 200 120 125 133 128 115 97 87 85 83 72 291 280 283 277 254 199 164 167 165 202 260 260 228 162 139 141 141 137 129 154 189 175 145 135 166 183 174 165 164 163 150 111 54 23 335 270 256 249 136 121 194 218
96 95 94 94 95 93 71 350 318 317 320 328 345 3 14 20 27 4 261 264 289 332 4 14 353 323 320 53 70 63 54 48 55 73 52 295 287 286 285 280 273 266 251 166 123 127 137 143 144 124 102 89 84 52 293 281 284 271 228 175 153 162 178 251 272 268 224 140 137 144 148 156 144 132 174 179 155 136 159 189 187 174 182 200 228 352 9 20 17 331 305 311 40 80 126 210
99 98 97 99 104 101 75 303 96 301 303 306 324 347 1 11 24 38 267 251 263 291 333 3 8 5 22 93 97 80 62 48 49 55 37 292 264 252 245 246 251 252 234 161 121 119 127 142 156 152 131 107 96 28 285 278 271 237 189 170 157 161 239 274 273 258 191 136 139 153 156 172 174 155 145 165 165 154 247 216 221 280 259 293 321 342 7 30 30 352 324 330 30 63 73 225
102 101 99 100 104 108 163 270 268 260 256 256 271 303 332 355 17 35 42 253 253 267 294 335 11 40 71 116 134 126 104 79 71 69 67 249 245 240 238 244 252 248 228 165 113 98 101 121 143 157 152 126 108 111 269 265 243 190 167 177 170 177 247 260 250 227 175 136 136 153 159 181 195 178 154 160 176 213 246 286 302 324 325 323 331 349 17 38 30 2 348 347 29 59 61 25
101 102 100 98 100 101 262 273 263 233 218 221 236 260 284 319 357 22 38 41 264 268 274 295 26 75 88 109 136 152 156 141 113 92 84 89 255 256 257 261 259 249 232 182 104 87 91 104 116 135 150 109 93 306 268 246 214 171 158 178 177 188 237 239 225 208 175 123 99 92 87 200 201 183 166 174 234 237 313 321 333 337 331 327 337 359 25 37 22 12 23 33 50 69 64 55
98 99 97 98 95 81 312 301 310 329 153 200 226 240 247 261 305 359 30 38 327 283 280 286 64 86 86 89 105 136 164 163 141 112 93 71 280 268 264 261 254 245 238 217 106 92 92 85 57 25 14 40 63 62 346 245 210 164 125 119 159 290 276 256 241 242 274 41 41 30 26 28 48 138 178 279 306 318 324 331 342 346 336 330 343 6 24 29 26 37 61 82 117 101 86 91
96 96 96 96 90 37 311 308 326 352 20 37 252 229 231 244 265 311 9 27 0 308 301 311 69 84 75 67 62 54 43 61 94 97 87 64 283 272 264 253 242 239 242 237 111 88 73 44 21 13 21 43 62 53 24 287 305 344 360 2 359 347 334 327 322 310 316 7 34 40 46 56 62 48 345 321 317 321 327 335 343 348 344 341 355 19 36 42 49 63 84 97 126 129 112 108
95 96 97 94 78 340 305 303 315 338 1 13 15 14 264 263 267 285 338 17 1 320 311 344 99 97 75 57 46 41 38 39 42 53 63 47 290 273 264 251 244 249 256 257 81 68 57 44 34 36 52 69 71 50 327 301 307 321 336 348 350 345 340 335 326 296 278 313 63 76 85 91 86 20 334 328 322 323 330 337 341 345 345 351 21 60 81 88 88 84 85 88 104 122 113 100
93 95 98 93 63 316 301 298 299 314 336 355 6 9 356 310 284 284 306 0 349 307 295 113 118 128 115 75 57 54 57 58 56 60 67 56 297 272 263 263 270 270 269 271 44 76 78 79 89 106 110 100 84 60 320 280 274 279 294 314 324 325 324 315 236 206 220 211 135 114 113 98 26 343 336 335 327 327 340 352 351 343 336 19 90 105 122 134 128 112 96 88 95 109 99 348
91 92 95 92 15 306 302 298 294 296 305 324 340 349 352 335 306 290 279 266 239 246 209 134 118 136 167 153 104 84 82 84 87 89 87 81 280 264 261 267 271 267 264 263 146 100 105 108 119 132 134 122 104 97 234 257 255 253 253 259 268 265 211 166 160 174 204 212 157 100 68 1 349 346 347 343 331 332 352 22 47 148 181 177 147 117 106 124 144 140 122 110 109 105 66 311
88 88 87 77 312 302 309 307 298 278 252 228 251 287 319 321 307 280 224 174 174 203 195 147 108 112 163 188 166 117 95 89 94 97 86 73 296 261 257 259 260 260 258 253 176 103 97 90 88 94 104 114 112 114 216 258 259 254 247 246 239 201 165 151 150 168 216 251 320 16 10 352 347 350 353 348 333 335 11 59 91 148 182 194 182 146 106 93 116 140 136 135 127 77 342 306
89 86 81 53 303 294 304 298 274 221 193 184 219 247 267 283 269 205 176 169 175 194 200 173 113 95 112 195 197 149 86 68 65 60 57 52 16 276 262 262 266 268 261 247 187 105 89 82 83 87 94 101 105 108 261 272 270 267 267 258 220 164 148 141 72 351 326 313 322 349 1 358 354 352 354 354 344 349 46 74 80 111 197 219 207 182 144 107 92 106 123 146 247 344 333 311
96 91 83 59 293 278 273 249 212 156 136 203 286 268 262 249 194 161 162 171 179 190 201 195 145 102 93 151 227 203 101 71 58 50 53 58 48 296 272 271 272 265 255 241 199 120 102 102 108 113 113 105 93 84 281 274 275 274 270 253 182 140 132 319 333 336 332 323 320 334 351 360 2 359 358 9 25 70 104 89 71 45 21 338 246 206 175 144 122 112 112 245 305 324 330 317
103 99 90 79 283 263 240 206 77 33 8 337 321 312 287 225 160 146 157 177 184 187 201 205 174 119 98 87 243 215 166 120 85 72 74 77 74 297 272 267 257 246 243 241 215 126 107 106 108 108 95 68 57 49 315 271 262 252 235 207 160 128 325 306 312 320 326 322 314 317 334 1 27 35 43 95 109 130 142 127 95 53 39 36 24 35 166 160 148 135 122 304 305 314 322 320
105 103 92 59 326 292 282 319 324 332 335 329 317 314 307 153 139 134 149 180 189 190 203 211 185 133 104 95 218 205 182 169 149 113 98 93 77 295 277 271 259 254 261 268 285 56 73 65 50 37 29 27 40 51 21 264 248 232 212 176 124 18 312 296 294 301 307 297 278 268 268 119 117 143 173 158 130 124 141 158 161 118 69 62 60 61 74 116 141 154 288 297 296 305 312 316
103 105 91 1 332 325 317 316 315 314 316 315 306 288 149 131 125 122 134 178 199 203 210 214 193 139 101 93 158 187 184 187 184 147 114 99 348 314 295 301 309 313 309 306 325 11 38 40 35 33 37 45 63 76 87 253 257 268 313 2 9 343 319 300 287 279 255 219 214 228 223 157 130 152 189 182 143 107 103 143 195 196 149 97 80 77 78 83 87 304 296 286 278 287 299 299
95 97 94 299 307 313 307 300 298 298 300 299 281 171 143 132 119 112 125 182 214 210 210 219 213 136 77 70 89 152 193 206 198 172 129 106 83 300 297 303 310 315 313 304 314 1 37 45 49 56 67 82 90 89 94 252 80 285 314 339 345 334 322 307 288 240 188 180 209 238 227 150 120 137 195 202 171 117 89 78 171 214 194 144 94 80 81 77 54 319 294 273 264 267 270 255
85 82 64 268 271 282 286 283 282 283 282 270 187 144 140 139 122 110 116 186 217 203 203 232 246 281 52 55 53 37 349 284 208 184 139 128 200 275 282 286 287 287 282 276 280 332 46 59 66 74 78 79 79 78 77 266 73 269 277 298 316 318 310 297 264 171 153 187 251 260 236 140 113 124 186 208 191 157 118 84 71 226 224 201 124 81 74 66 37 342 309 274 255 246 226 199
83 76 50 298 273 273 273 270 269 270 261 218 155 137 139 146 133 115 112 174 206 197 211 247 261 280 25 44 39 24 13 17 25 104 88 5 255 274 278 274 259 242 237 248 255 271 47 63 64 64 63 63 68 71 70 40 66 277 255 260 281 294 292 267 178 137 134 247 262 255 227 139 112 117 167 209 201 183 164 124 87 57 255 231 187 97 73 53 29 6 356 320 228 219 198 180
94 88 49 318 294 284 275 265 264 262 241 181 144 135 138 148 142 123 115 152 203 224 261 277 282 292 349 31 34 29 28 35 42 57 74 48 303 287 282 261 233 222 232 249 260 272 18 58 59 59 62 68 73 74 72 51 285 269 259 257 262 265 261 233 134 116 129 249 247 236 212 148 110 96 90 225 213 197 189 172 125 90 266 242 213 140 92 63 37 24 38 89 166 196 194 184
98 100 305 298 295 287 275 250 248 246 214 162 140 134 136 144 143 129 118 125 266 288 299 299 296 302 335 26 47 51 50 52 56 60 57 23 318 282 258 227 220 237 251 255 260 265 307 76 79 78 74 71 71 71 71 53 289 266 252 245 240 233 234 225 106 94 95 246 238 227 212 163 92 58 41 6 240 218 210 196 171 153 173 240 220 178 138 115 94 79 88 102 127 197 250 302
94 91 289 285 273 261 247 214 228 227 189 154 141 134 135 137 132 114 52 14 321 304 300 296 291 293 316 57 88 100 102 82 69 64 59 39 314 248 224 210 233 250 252 251 253 251 201 121 114 109 99 87 77 72 70 60 60 252 51 238 233 228 235 228 114 90 75 258 243 238 240 239 57 51 41 26 0 320 281 302 213 171 218 256 229 193 171 168 165 148 127 109 105 280 293 309
90 86 276 269 249 238 235 218 234 214 175 152 142 132 131 127 81 24 8 355 335 315 299 289 278 264 235 118 105 113 137 133 92 71 64 75 331 218 228 237 255 255 254 261 259 242 184 136 131 134 133 127 113 96 83 74 288 255 256 263 259 254 250 233 126 91 74 274 253 252 259 256 102 73 55 38 18 6 3 353 342 354 346 320 281 203 186 185 179 170 146 115 84 301 296 299
83 80 268 267 285 292 288 311 328 163 156 151 143 126 114 27 339 337 344 346 338 327 307 283 255 227 200 150 110 98 114 158 144 95 77 81 92 261 263 269 275 278 281 284 277 253 167 123 121 139 151 157 151 127 102 88 81 268 274 279 277 266 254 239 130 88 75 337 262 258 253 231 172 127 100 69 33 26 30 18 7 6 6 5 7 15 14 156 169 172 148 126 310 302 300 300
78 66 301 289 307 312 299 286 134 125 131 142 142 131 114 310 289 282 286 304 316 319 303 250 212 202 196 171 131 110 107 140 181 142 95 83 68 303 285 284 289 295 296 292 288 291 63 83 86 94 107 152 156 95 77 75 58 278 273 271 265 255 246 239 158 90 77 38 271 257 246 218 172 155 155 162 152 79 66 40 22 25 28 29 29 28 21 14 18 48 99 296 299 302 305 302
