project/data/elevation/US_DEM2016/US_DEM2016_point_10-30-2019_0629_30m_vel.asc
ncols	125
nrows	167
xllcorner	-2042055.000000
yllcorner	1465035.000000
cellsize	30.000000
NODATA_value	-9999.000000
[rows 76 to 113 of 167, columns 0 to 83 of 125]
6.23 6.29 6.49 6.69 6.86 7.12 7.52 7.86 7.92 7.65 7.32 7.22 7.51 8.03 8.44 8.77 8.91 8.75 8.35 8.03 7.90 7.77 7.59 7.42 7.26 6.94 6.58 6.67 7.12 7.48 7.49 7.16 6.49 5.95 5.82 5.87 5.85 5.64 5.34 5.12 5.05 5.23 5.58 5.82 6.00 5.91 5.60 5.21 4.98 4.96 4.94 4.89 4.86 5.02 5.33 5.62 5.79 5.81 5.85 5.94 5.93 5.70 5.31 5.02 4.88 4.82 4.98 5.44 6.24 6.86 6.96 6.94 7.28 7.85 8.49 9.22 9.92 10.23 9.92 9.08 7.63 5.67 4.65 4.38
6.25 6.34 6.60 6.76 6.93 7.33 7.57 7.46 6.93 6.22 5.85 6.05 6.64 7.37 7.97 8.33 8.36 8.08 7.67 7.33 7.17 7.15 7.17 7.22 7.21 7.00 6.57 6.43 6.69 7.23 7.65 7.73 7.40 7.07 6.82 6.57 6.21 5.74 5.35 5.21 5.28 5.41 5.51 5.56 5.71 5.67 5.45 5.13 4.83 4.69 4.64 4.62 4.61 4.84 5.26 5.65 5.90 6.01 6.07 6.02 5.72 5.29 5.10 5.25 5.56 5.84 6.03 6.35 7.03 7.92 8.41 8.80 9.42 10.10 10.61 10.95 10.96 10.58 9.87 9.15 8.18 6.61 5.28 4.44
6.12 6.06 6.27 6.43 6.51 6.66 6.60 6.28 6.07 5.77 5.86 6.24 6.87 7.57 8.01 8.16 8.01 7.68 7.32 7.00 6.79 6.74 6.79 6.87 6.89 6.75 6.37 6.15 6.23 6.64 7.27 7.75 7.83 7.63 7.31 6.91 6.40 5.87 5.56 5.42 5.29 5.11 4.99 5.05 5.19 5.05 4.53 4.04 3.82 3.76 3.85 4.10 4.52 5.01 5.46 5.79 6.04 6.13 6.04 5.77 5.46 5.25 5.32 5.75 6.39 6.83 7.23 7.84 8.67 9.25 9.67 9.99 10.44 10.89 10.98 10.81 10.28 9.43 8.94 8.92 8.96 8.46 7.41 6.24
5.92 5.69 5.81 6.05 6.04 5.97 5.97 6.09 6.32 6.59 6.88 7.26 7.80 8.26 8.37 8.17 7.81 7.44 7.12 6.82 6.57 6.45 6.43 6.49 6.53 6.37 5.95 5.57 5.40 5.60 6.05 6.78 7.23 7.26 7.04 6.73 6.35 5.86 5.50 5.14 4.79 4.51 4.47 4.77 5.03 4.87 4.22 3.72 3.73 4.00 4.40 4.92 5.44 5.76 5.89 5.88 5.77 5.55 5.16 4.80 4.79 5.03 5.39 6.05 6.85 7.62 8.46 9.17 9.50 9.66 9.67 9.66 9.80 9.79 9.59 9.22 8.58 7.91 7.64 7.99 8.63 9.00 8.77 8.00
5.74 5.53 5.68 6.11 6.23 6.19 6.29 6.63 7.07 7.38 7.72 8.15 8.57 8.62 8.35 7.85 7.32 6.93 6.66 6.42 6.23 6.14 6.10 6.14 6.24 6.15 5.63 4.83 4.21 4.18 4.40 5.02 5.80 6.33 6.48 6.40 6.32 6.02 5.75 5.44 5.21 5.10 5.19 5.54 5.81 5.71 5.15 4.72 4.77 5.18 5.66 6.02 6.19 6.19 5.97 5.76 5.47 5.18 4.91 4.78 4.93 5.28 5.75 6.50 7.34 8.23 8.92 9.11 8.98 8.77 8.54 8.35 8.13 7.77 7.56 7.56 7.49 7.25 6.93 6.78 7.23 8.14 8.71 8.65
5.70 5.62 5.84 6.35 6.63 6.70 6.79 7.04 7.42 7.79 8.20 8.53 8.57 8.25 7.72 7.16 6.64 6.16 5.87 5.68 5.59 5.63 5.76 5.86 6.04 6.11 5.64 4.39 3.39 3.03 2.98 3.24 3.96 4.97 5.67 6.07 6.20 6.40 6.44 6.46 6.52 6.62 6.78 6.91 7.04 6.99 6.60 6.17 6.08 6.09 6.07 5.98 5.90 5.83 5.81 5.81 5.90 6.09 6.30 6.38 6.44 6.56 6.83 7.35 7.90 8.29 8.26 7.85 7.63 7.63 7.52 7.34 7.10 6.70 6.59 6.74 6.99 7.13 6.95 6.45 6.28 6.73 7.72 8.38
5.97 5.96 6.05 6.24 6.47 6.70 6.94 7.23 7.59 7.96 8.27 8.30 7.95 7.39 6.85 6.46 6.11 5.71 5.32 5.11 5.05 5.08 5.18 5.44 5.77 6.10 5.97 4.97 3.54 2.91 2.68 2.74 3.10 3.74 4.74 5.59 5.97 6.39 6.67 6.97 7.26 7.49 7.58 7.55 7.62 7.68 7.49 7.09 6.72 6.31 5.95 5.81 5.91 6.05 6.07 6.11 6.37 6.67 7.01 7.29 7.46 7.59 7.75 7.89 7.97 7.78 7.31 7.00 7.00 7.15 7.12 6.92 6.62 6.29 6.20 6.31 6.58 6.87 6.97 6.74 6.23 6.00 6.46 7.48
6.22 6.28 6.28 6.17 6.24 6.54 6.92 7.32 7.67 7.89 7.93 7.66 7.17 6.68 6.30 6.01 5.78 5.54 5.21 4.89 4.68 4.60 4.63 4.87 5.36 5.93 6.27 5.96 4.96 4.26 3.99 3.94 3.81 3.89 4.48 5.28 5.66 6.08 6.48 6.88 7.17 7.26 7.25 7.18 7.30 7.57 7.61 7.33 6.95 6.61 6.52 6.59 6.62 6.55 6.37 6.32 6.52 6.53 6.75 7.19 7.60 7.83 7.92 7.78 7.47 7.08 6.87 6.98 7.13 7.12 6.95 6.61 6.10 5.59 5.29 5.40 5.73 6.07 6.36 6.51 6.27 5.74 5.51 6.26
6.19 6.29 6.39 6.40 6.47 6.69 7.01 7.36 7.58 7.59 7.36 6.95 6.51 6.18 5.92 5.66 5.44 5.32 5.10 4.72 4.40 4.30 4.34 4.59 5.15 5.87 6.52 6.86 6.90 6.73 6.42 5.93 5.41 5.03 4.97 5.36 5.87 6.35 6.72 6.85 6.74 6.58 6.57 6.73 6.96 7.32 7.57 7.62 7.63 7.62 7.46 7.24 6.93 6.67 6.43 6.42 6.49 6.61 6.91 7.23 7.54 7.68 7.63 7.34 6.90 6.62 6.66 6.92 7.01 6.91 6.71 6.37 5.64 4.72 4.05 3.95 4.22 4.65 5.11 5.53 5.74 5.50 4.99 5.14
6.10 6.19 6.41 6.64 6.84 7.03 7.18 7.28 7.29 7.13 6.81 6.39 6.04 5.78 5.57 5.33 5.08 4.92 4.71 4.41 4.25 4.35 4.60 5.00 5.57 6.18 6.79 7.34 7.81 8.04 7.97 7.52 6.82 6.19 5.93 6.07 6.55 6.97 6.91 6.57 6.20 6.13 6.36 6.65 6.86 7.19 7.61 7.93 8.22 8.36 8.13 7.63 7.17 6.84 6.54 6.51 6.67 6.84 6.97 7.02 7.05 7.05 6.99 6.84 6.52 6.32 6.29 6.41 6.39 6.39 6.48 6.49 6.02 4.95 3.89 3.39 3.13 3.11 3.39 3.85 4.45 4.79 4.56 4.45
6.14 6.29 6.56 6.84 7.04 7.11 7.03 6.88 6.80 6.66 6.39 6.05 5.73 5.48 5.26 5.02 4.78 4.59 4.54 4.28 4.32 4.63 5.07 5.54 6.04 6.48 6.86 7.22 7.54 7.78 7.93 7.97 7.67 7.04 6.61 6.54 6.71 6.72 6.33 5.95 5.80 5.88 6.03 6.19 6.35 6.68 7.14 7.50 7.83 8.08 8.13 7.93 7.64 7.27 6.82 6.61 6.97 6.48 6.51 6.34 6.25 6.23 6.31 6.37 6.28 6.09 5.92 5.83 5.80 5.94 6.27 6.76 6.95 6.58 5.53 4.45 3.58 3.00 2.66 3.02 3.04 3.55 3.73 3.68
6.23 6.38 6.59 6.72 6.72 6.60 6.47 6.44 6.47 6.41 6.15 5.85 5.54 5.24 4.91 4.69 4.68 4.76 4.85 4.84 4.82 4.91 5.18 5.60 6.04 6.36 6.59 6.77 6.84 6.78 6.99 7.50 7.87 7.76 7.32 6.80 7.00 5.85 5.58 5.61 5.59 5.49 5.37 5.42 5.68 5.95 6.21 6.35 6.53 6.75 6.92 7.10 7.21 7.18 6.96 6.65 6.38 6.10 5.97 5.97 5.96 6.04 6.18 6.24 6.19 6.00 5.83 5.71 5.63 5.79 6.17 6.74 7.36 7.80 7.77 6.98 6.03 5.12 4.38 3.83 3.50 3.43 3.46 3.49
6.24 6.34 6.41 6.36 6.22 6.12 6.23 6.50 6.61 6.40 6.01 5.64 5.31 4.98 4.71 5.63 5.00 5.49 5.71 5.73 5.57 5.38 5.38 5.57 5.77 5.90 6.01 6.21 6.37 6.30 6.34 6.75 7.41 7.81 7.75 7.12 6.24 5.65 5.43 5.54 5.50 5.35 5.29 5.39 5.52 5.50 5.42 5.17 4.92 4.76 4.88 5.09 5.42 5.84 6.07 6.17 6.14 6.09 6.11 6.19 6.28 6.33 6.28 6.17 6.09 5.97 5.84 5.77 5.70 5.85 6.14 6.45 7.03 7.84 8.49 8.67 8.43 7.93 7.33 6.63 5.87 5.30 5.17 4.97
6.22 6.29 6.34 6.30 6.24 6.35 6.62 6.78 6.64 6.24 5.71 5.19 4.79 4.55 4.53 4.73 5.14 5.56 5.84 6.01 6.01 5.89 5.73 5.57 5.38 5.23 5.24 5.52 5.93 6.21 6.25 6.28 6.53 7.08 7.43 7.25 6.54 6.02 5.71 5.70 5.73 5.80 5.84 5.83 5.72 5.51 5.21 4.67 4.02 3.69 3.65 3.76 4.00 4.53 5.16 5.69 6.01 6.20 6.32 6.43 6.47 6.33 6.09 5.90 5.82 5.77 5.70 5.72 5.72 5.81 5.94 6.04 6.33 6.88 7.57 8.27 8.69 8.83 8.80 8.62 8.25 7.79 7.38 6.98
6.20 6.26 6.37 6.46 6.58 6.77 6.88 6.69 6.24 5.66 5.06 4.43 3.98 3.86 5.19 3.92 4.08 4.39 4.92 5.38 5.74 5.87 5.71 5.32 4.92 4.69 4.68 4.90 5.18 5.44 5.61 5.60 5.66 6.11 6.76 7.09 6.77 6.36 6.08 6.10 6.17 6.26 6.29 6.30 6.24 6.09 5.87 5.47 4.90 4.45 4.33 4.54 5.01 5.53 5.94 6.14 6.23 6.29 6.29 6.24 6.13 5.90 5.72 5.60 5.53 5.44 5.36 5.44 5.51 5.52 5.53 5.58 5.54 5.53 5.81 6.34 7.07 7.66 8.16 8.57 8.70 8.60 8.42 8.20
6.20 6.24 6.37 6.54 6.74 6.85 6.67 6.18 5.52 4.86 4.31 3.90 3.71 3.62 3.42 3.13 3.04 3.27 3.70 4.24 4.72 5.09 5.15 5.03 4.92 4.87 4.79 4.66 4.47 4.34 4.43 4.60 4.80 5.22 5.98 6.65 6.73 6.43 6.22 6.31 6.38 6.46 6.59 6.85 6.97 7.01 6.97 6.85 6.71 6.54 6.30 6.44 6.80 7.02 6.99 6.64 6.34 6.17 5.97 5.73 5.54 5.42 5.34 5.32 5.25 5.10 4.98 5.09 5.15 5.12 5.14 5.16 4.96 4.61 4.49 4.69 5.19 5.73 6.28 6.86 7.39 7.69 7.75 7.88
6.20 6.26 6.41 6.61 6.72 6.56 6.07 5.40 4.76 4.27 4.01 3.94 3.97 4.00 3.87 3.56 3.29 3.22 3.35 3.62 3.95 4.29 4.63 4.97 5.27 5.44 5.41 5.16 4.85 4.66 4.61 4.71 4.87 5.05 5.40 6.02 6.39 6.35 6.29 6.42 6.53 6.70 6.95 7.32 7.49 7.63 7.73 7.74 7.77 7.89 7.92 7.76 7.45 7.04 6.64 6.38 6.19 5.97 5.63 5.26 4.98 4.89 4.93 5.01 5.06 5.02 4.98 5.01 4.96 4.89 4.92 5.02 4.89 4.42 3.97 3.77 3.97 4.31 4.55 4.86 5.37 5.89 6.06 6.12
6.20 6.25 6.36 6.46 6.31 5.85 5.18 4.56 4.15 3.98 4.01 4.12 4.27 4.46 4.61 4.65 4.49 4.28 4.25 4.41 4.64 4.90 5.20 5.47 5.63 5.80 6.06 6.28 6.39 6.39 6.30 6.22 6.15 5.98 5.63 5.72 6.11 6.38 6.60 6.78 6.92 7.13 7.38 7.58 7.56 7.62 7.78 7.89 7.97 8.10 8.17 8.03 7.55 6.81 6.33 6.28 6.24 5.98 5.55 5.12 4.83 4.72 4.85 5.06 5.27 5.38 5.39 5.31 5.08 4.95 4.91 5.08 5.07 4.60 3.79 3.06 2.83 2.94 3.01 3.17 3.59 4.23 4.46 4.40
6.19 6.19 6.13 5.90 5.41 4.72 4.06 3.70 3.66 3.80 4.00 4.28 4.55 4.84 5.24 5.67 5.95 6.07 6.18 6.34 6.48 6.55 6.51 6.32 6.08 6.01 6.29 6.68 6.99 7.07 6.99 6.81 6.57 6.26 5.81 5.77 6.09 6.56 6.97 7.20 7.33 7.42 7.44 7.39 7.20 7.18 7.41 7.67 7.86 7.95 7.85 7.79 7.76 7.61 7.26 6.85 6.51 6.17 5.86 5.62 5.48 5.40 5.45 5.57 5.67 5.65 5.56 5.46 5.29 5.25 5.26 5.38 5.36 4.82 3.74 2.63 2.07 1.89 1.91 2.01 2.22 2.66 3.13 3.35
6.18 6.17 5.97 5.48 4.75 4.06 3.62 3.48 3.63 3.92 4.25 4.68 5.15 5.59 6.07 6.66 7.14 7.54 7.80 7.85 7.69 7.39 6.99 6.65 6.40 6.24 6.17 6.06 5.97 5.95 5.80 5.65 5.54 5.48 5.55 5.87 6.30 6.76 7.15 7.31 7.31 7.20 6.97 6.72 6.62 6.63 6.85 7.16 7.45 7.66 7.61 7.55 7.61 7.69 7.58 7.13 6.65 6.29 6.07 5.96 5.98 6.04 6.02 6.03 5.99 5.82 5.54 5.45 5.52 5.76 5.84 5.88 5.91 5.45 4.21 3.08 2.41 2.07 1.93 1.85 1.86 2.00 2.38 2.86
6.18 6.14 5.91 5.49 5.05 4.72 4.55 4.47 4.51 4.69 4.94 5.36 5.91 6.48 7.02 7.47 7.86 8.10 8.10 7.85 7.40 6.91 6.53 6.42 6.53 6.58 6.35 5.85 5.42 5.25 5.18 5.15 5.26 5.34 5.57 6.01 6.48 6.81 7.02 7.05 6.94 6.70 6.39 6.12 6.02 6.06 6.15 6.35 6.55 6.61 6.67 6.74 6.78 6.78 6.72 6.61 6.38 6.13 5.93 5.80 5.84 6.04 6.14 6.21 6.22 6.12 5.89 5.75 5.83 6.03 6.06 6.12 6.49 6.52 5.56 4.41 3.56 3.03 2.80 2.66 2.56 2.55 2.75 3.24
6.12 6.04 5.78 5.73 5.63 5.64 5.66 5.73 5.86 5.93 5.97 6.20 6.68 7.27 7.77 7.99 7.99 7.76 7.31 6.74 6.25 5.95 5.87 6.01 6.35 6.74 6.86 6.78 6.66 6.63 6.65 6.59 6.40 6.15 6.05 6.23 6.48 6.66 6.70 6.62 6.38 6.11 5.89 5.75 5.69 5.70 5.73 5.73 5.57 5.22 5.01 5.11 5.34 5.48 5.58 5.77 5.90 5.90 5.85 5.80 5.87 6.05 6.09 6.04 6.00 6.03 6.00 5.92 5.81 5.77 5.75 5.93 6.73 7.36 7.12 6.08 5.05 4.26 4.16 4.10 3.99 3.91 4.09 4.65
6.00 5.87 5.71 5.89 5.92 6.16 6.42 6.70 6.99 7.19 7.25 7.31 7.57 7.91 8.03 7.89 7.50 6.93 6.35 5.92 5.69 5.61 5.63 5.80 6.11 6.65 7.11 7.53 7.78 7.88 7.88 7.73 7.38 6.90 6.50 6.41 6.45 6.44 6.35 6.15 5.84 5.62 5.58 5.65 5.73 5.84 5.90 5.83 5.45 4.86 4.36 4.14 4.07 4.29 4.75 5.30 5.75 5.95 5.98 5.98 6.06 6.15 6.00 5.79 5.64 5.65 5.68 5.59 5.39 5.33 5.33 5.63 6.65 7.76 8.24 7.95 7.13 6.31 6.24 6.19 6.06 5.96 6.07 6.30
5.97 5.88 5.82 5.96 6.27 6.73 7.23 7.59 7.84 8.01 8.11 8.13 8.08 7.93 7.61 7.14 6.62 6.12 5.76 5.61 5.77 5.98 6.13 6.21 6.35 6.57 6.76 7.00 7.22 7.35 7.41 7.44 7.38 7.13 6.68 6.41 6.31 6.12 5.86 5.65 5.58 5.72 5.88 6.02 6.14 6.28 6.33 6.38 6.31 6.06 5.62 5.10 4.56 4.61 5.06 5.58 5.98 6.22 6.31 6.34 6.31 6.27 6.09 5.93 5.82 5.74 5.62 5.45 5.31 5.34 5.43 5.73 6.52 7.55 8.46 8.92 8.92 8.58 8.35 8.25 8.09 7.83 7.55 7.17
6.05 6.01 5.94 6.07 6.43 6.93 7.36 7.66 7.83 7.93 8.00 7.98 7.77 7.34 6.77 6.23 5.81 5.53 5.35 5.35 5.73 6.15 6.42 6.51 6.50 6.41 6.16 5.92 5.83 5.90 6.09 6.44 6.80 6.93 6.66 6.32 6.03 5.71 5.46 5.50 5.86 6.31 6.49 6.52 6.52 6.54 6.55 6.67 6.85 7.06 7.11 6.90 6.43 6.01 5.91 5.95 6.09 6.33 6.59 6.69 6.66 6.62 6.49 6.40 6.32 6.23 6.11 6.00 5.99 5.93 5.89 5.97 6.29 6.84 7.69 8.60 9.14 9.27 9.21 9.06 8.68 8.20 7.63 6.95
6.06 6.03 5.92 5.94 6.14 6.40 6.55 6.69 6.83 6.98 7.09 7.07 6.85 6.45 5.98 5.54 5.25 5.20 5.25 5.38 5.67 5.95 6.19 6.27 6.13 5.83 5.42 5.07 4.76 4.65 4.84 5.24 5.76 6.14 6.27 6.17 5.94 5.75 5.79 6.14 6.56 6.73 6.73 6.69 6.64 6.58 6.53 6.49 6.60 6.84 7.12 7.33 7.28 6.85 6.23 5.91 5.98 6.25 6.56 6.78 6.92 7.01 6.96 6.89 6.80 6.73 6.65 6.56 6.46 6.21 6.05 6.02 6.04 6.28 6.86 7.58 8.11 8.40 8.55 8.56 8.29 7.78 7.16 6.46
6.05 6.04 6.00 5.95 5.90 5.73 5.62 5.58 5.68 5.90 6.06 6.03 5.81 5.45 5.06 4.84 4.97 5.38 5.90 6.25 6.32 6.30 6.29 6.25 6.00 5.47 4.80 4.33 3.97 3.77 3.79 4.00 4.33 4.80 5.26 5.60 5.87 6.12 6.42 6.64 6.70 6.64 6.54 6.51 6.51 6.47 6.40 6.23 6.04 5.93 6.01 6.32 6.66 6.62 6.14 5.82 5.88 6.15 6.45 6.76 7.06 7.26 7.26 7.20 7.11 7.00 6.82 6.54 6.20 5.81 5.72 5.76 5.84 6.04 6.41 6.72 6.91 6.97 7.15 7.53 7.78 7.74 7.48 7.15
6.22 6.33 6.46 6.35 6.00 5.60 5.29 5.13 5.17 5.30 5.32 5.13 4.79 4.40 4.10 4.19 4.84 5.79 6.53 6.91 7.02 6.97 6.83 6.68 6.51 6.22 5.52 4.70 4.12 3.81 3.63 3.61 3.79 4.10 4.56 5.14 5.72 6.14 6.24 6.16 6.07 6.06 6.09 6.15 6.22 6.27 6.27 6.06 5.61 5.17 4.96 4.99 5.28 5.68 5.74 5.67 5.74 5.99 6.29 6.62 6.95 7.19 7.21 7.19 7.15 7.07 6.87 6.51 6.04 5.60 5.45 5.49 5.61 5.75 5.95 6.27 6.37 6.24 6.05 6.28 6.82 7.35 7.73 7.96
6.43 6.62 6.78 6.62 6.26 5.82 5.48 5.29 5.14 4.87 4.47 4.05 3.72 3.54 3.43 3.49 4.10 5.11 5.94 6.55 6.91 7.06 7.03 6.98 7.03 7.14 7.00 6.40 5.79 5.49 5.33 5.13 5.12 5.18 5.36 5.64 5.91 5.98 5.81 5.64 5.55 5.57 5.74 5.89 6.04 6.16 6.25 6.16 5.74 5.23 4.82 4.38 4.14 4.31 4.68 5.10 5.50 5.85 6.13 6.42 6.69 6.83 6.87 6.87 6.95 7.05 7.09 6.90 6.47 5.92 5.54 5.43 5.44 5.52 5.79 6.17 6.38 6.27 5.73 5.33 5.43 5.87 6.44 6.98
6.35 6.42 6.44 6.32 6.10 5.80 5.50 5.19 4.75 4.16 3.53 3.19 3.17 3.37 3.52 3.53 3.69 4.13 4.76 5.47 5.97 6.32 6.62 6.88 7.12 7.45 7.84 8.01 7.92 7.78 7.60 7.42 7.23 6.94 6.68 6.47 6.23 6.00 5.81 5.68 5.60 5.59 5.76 5.90 6.03 6.16 6.37 6.54 6.40 5.94 5.37 4.61 3.87 3.70 4.10 4.81 5.48 5.90 6.15 6.35 6.44 6.43 6.45 6.58 6.77 7.01 7.26 7.30 7.00 6.35 5.85 5.64 5.54 5.50 5.58 5.86 6.30 6.44 6.04 5.33 4.73 4.46 4.51 4.81
6.05 5.92 5.85 5.87 5.80 5.61 5.34 4.77 4.23 3.82 3.63 3.62 3.83 4.29 4.99 5.50 5.28 4.94 4.85 4.92 5.16 5.58 6.19 6.69 6.95 7.25 7.73 8.22 8.54 8.67 8.58 8.40 8.14 7.73 7.26 6.81 6.41 6.12 5.91 5.74 5.76 5.90 6.04 6.03 5.99 6.06 6.36 6.74 6.85 6.49 5.84 5.08 4.59 4.57 4.92 5.34 5.69 5.93 6.14 6.21 6.09 6.01 6.18 6.48 6.71 6.92 7.19 7.45 7.43 7.01 6.43 6.07 5.78 5.44 5.17 5.31 5.91 6.38 6.33 5.80 5.09 4.58 4.30 4.26
5.91 5.75 5.63 5.69 5.76 5.73 5.49 5.08 4.70 4.60 4.85 5.29 5.79 6.51 7.33 7.88 8.05 7.59 6.80 6.30 6.15 6.31 6.66 6.83 6.88 6.94 7.06 7.24 7.51 7.83 7.98 7.97 7.88 7.66 7.37 7.00 6.62 6.30 6.00 5.80 5.92 6.21 6.32 6.13 5.90 5.84 6.10 6.59 6.99 7.00 6.63 6.22 5.99 5.98 5.95 5.81 5.70 5.80 5.94 5.91 5.79 5.82 6.05 6.30 6.46 6.57 6.78 7.12 7.43 7.45 6.99 6.46 5.99 5.50 5.16 5.17 5.63 6.21 6.45 6.28 6.01 5.90 5.79 5.49
6.00 5.88 5.77 5.84 6.00 6.18 6.28 6.26 6.21 6.30 6.75 7.41 8.13 8.71 9.04 9.19 9.35 9.28 8.93 8.50 8.15 7.88 7.58 7.21 6.99 6.84 6.69 6.53 6.38 6.38 6.55 6.72 6.81 6.87 6.92 6.91 6.79 6.52 6.22 6.05 6.09 6.10 6.00 5.84 5.72 5.73 5.98 6.52 7.21 7.74 7.86 7.65 7.34 6.97 6.43 5.92 5.76 5.83 5.87 5.81 5.77 5.82 5.86 5.90 5.96 6.00 6.10 6.41 6.86 7.16 7.04 6.63 6.20 5.82 5.53 5.44 5.67 6.12 6.46 6.51 6.45 6.46 6.50 6.41
6.14 6.12 6.10 6.15 6.31 6.54 6.83 7.14 7.50 7.90 8.39 8.89 9.22 9.27 9.09 8.84 8.70 8.81 8.90 8.81 8.57 8.22 7.78 7.33 7.05 6.86 6.70 6.61 6.41 6.06 5.79 5.74 5.77 5.88 6.09 6.35 6.52 6.50 6.33 6.08 5.76 5.43 5.23 5.33 5.63 5.89 6.21 6.71 7.39 8.12 8.53 8.52 8.24 7.81 7.23 6.71 6.47 6.33 6.17 6.02 5.88 5.73 5.62 5.59 5.65 5.65 5.64 5.79 6.12 6.50 6.68 6.57 6.29 6.02 5.81 5.70 5.76 6.05 6.37 6.42 6.26 6.10 6.11 6.22
6.27 6.34 6.37 6.39 6.51 6.68 6.94 7.34 7.94 8.51 8.84 8.87 8.63 8.20 7.76 7.41 7.19 7.22 7.30 7.40 7.42 7.33 7.20 7.07 6.99 6.83 6.66 6.67 6.71 6.62 6.39 6.20 6.17 6.16 6.12 6.10 6.18 6.28 6.20 5.87 5.46 5.21 5.26 5.59 6.01 6.30 6.57 6.92 7.35 7.88 8.33 8.55 8.58 8.50 8.31 7.92 7.51 7.06 6.61 6.23 5.92 5.64 5.52 5.51 5.54 5.55 5.52 5.54 5.74 6.05 6.31 6.37 6.22 6.05 5.91 5.81 5.82 6.04 6.33 6.37 6.18 6.02 5.97 6.03
6.26 6.29 6.35 6.44 6.62 6.86 7.19 7.58 8.00 8.22 8.15 7.82 7.34 6.83 6.46 6.26 6.11 6.02 5.99 6.11 6.29 6.38 6.52 6.72 6.90 6.84 6.61 6.46 6.47 6.62 6.79 6.89 6.95 6.91 6.71 6.41 6.22 6.20 6.13 5.97 5.87 5.92 6.07 6.32 6.55 6.70 6.84 6.99 7.14 7.35 7.62 7.93 8.23 8.50 8.65 8.52 8.09 7.55 6.94 6.37 5.96 5.70 5.55 5.43 5.38 5.47 5.58 5.63 5.74 5.90 6.06 6.14 6.11 6.01 5.86 5.72 5.73 5.95 6.26 6.36 6.22 6.09 6.05 6.08
6.10 6.07 6.15 6.36 6.63 6.99 7.40 7.65 7.67 7.40 6.99 6.63 6.30 5.98 5.72 5.55 5.39 5.30 5.39 5.59 5.78 5.94 6.12 6.39 6.69 6.89 6.85 6.69 6.48 6.37 6.34 6.34 6.40 6.50 6.57 6.52 6.38 6.28 6.26 6.34 6.45 6.53 6.59 6.73 6.81 6.89 6.92 6.89 6.83 6.87 6.95 7.10 7.33 7.60 7.87 7.96 7.79 7.41 6.94 6.46 6.06 5.76 5.48 5.28 5.28 5.48 5.69 5.80 5.83 5.83 5.85 5.91 5.93 5.87 5.72 5.55 5.49 5.63 5.97 6.18 6.08 5.90 5.81 5.81
6.02 5.97 6.03 6.22 6.46 6.79 7.08 7.05 6.75 6.30 5.87 5.50 5.24 5.04 4.89 4.84 4.93 5.13 5.35 5.60 5.89 6.09 6.10 6.17 6.53 6.93 7.14 7.23 7.11 6.78 6.34 5.81 5.45 5.50 5.83 6.13 6.26 6.27 6.33 6.47 6.58 6.67 6.75 6.80 6.72 6.68 6.68 6.61 6.54 6.57 6.59 6.56 6.54 6.50 6.42 6.54 6.66 6.63 6.53 6.38 6.14 5.83 5.51 5.35 5.42 5.62 5.80 5.88 5.84 5.74 5.67 5.66 5.68 5.67 5.62 5.51 5.41 5.42 5.65 5.92 5.85 5.53 5.28 5.18
