project/data/elevation/US_DEM2016/US_DEM2016_point_10-28-2019_0341_30m_vel.asc
ncols	125
nrows	167
xllcorner	-2042055.000000
yllcorner	1465035.000000
cellsize	30.000000
NODATA_value	-9999.000000
[rows 0 to 36 of 167, columns 0 to 83 of 125]
7.20 6.21 4.98 5.27 6.74 8.75 10.64 11.87 12.28 12.41 12.62 13.19 13.71 13.34 12.65 12.26 11.85 11.52 11.31 11.32 11.34 11.34 11.42 11.64 11.80 11.67 11.29 10.35 9.16 7.92 6.77 5.78 5.01 4.37 3.88 3.77 4.27 5.28 6.39 7.16 7.61 7.92 8.15 8.19 7.83 7.17 6.56 6.61 7.21 7.95 8.49 9.02 9.46 9.98 10.26 10.46 10.30 9.39 8.46 7.79 7.43 7.45 7.89 8.77 9.39 9.59 9.39 8.62 7.33 6.46 6.17 6.29 6.65 7.10 7.49 7.75 8.01 8.61 9.38 9.86 10.24 10.55 10.18 9.63
7.20 6.21 4.98 5.27 6.74 8.75 10.64 11.87 12.28 12.41 12.62 13.19 13.71 13.34 12.65 12.26 11.85 11.52 11.31 11.32 11.34 11.34 11.42 11.64 11.80 11.67 11.29 10.35 9.16 7.92 6.77 5.78 5.01 4.37 3.88 3.77 4.27 5.28 6.39 7.16 7.61 7.92 8.15 8.19 7.83 7.17 6.56 6.61 7.21 7.95 8.49 9.02 9.46 9.98 10.26 10.46 10.30 9.39 8.46 7.79 7.43 7.45 7.89 8.77 9.39 9.59 9.39 8.62 7.33 6.46 6.17 6.29 6.65 7.10 7.49 7.75 8.01 8.61 9.38 9.86 10.24 10.55 10.18 9.63
7.50 6.52 5.33 5.39 6.30 7.79 9.33 10.43 11.05 11.37 11.75 12.30 12.54 12.36 11.93 11.74 11.61 11.50 11.28 10.97 10.91 10.86 10.92 11.08 11.19 11.05 10.49 9.55 8.55 7.58 6.71 5.92 5.24 4.69 4.23 4.00 4.19 4.76 5.53 6.28 6.77 7.10 7.37 7.67 7.86 7.82 7.62 7.50 7.77 8.15 8.46 8.77 9.12 9.38 9.55 9.74 9.89 9.70 9.10 8.28 7.58 7.22 7.43 7.92 8.35 8.64 8.81 8.75 8.37 7.70 7.24 7.04 6.99 7.02 7.10 7.25 7.52 7.99 8.45 8.88 9.22 9.54 9.64 9.57
8.49 7.40 6.14 5.92 6.17 6.72 7.42 7.93 8.30 8.87 9.73 10.22 10.23 10.04 10.11 10.31 10.45 10.69 10.67 10.42 10.31 10.17 10.04 9.94 9.88 9.71 9.22 8.58 7.93 7.40 6.95 6.48 6.06 5.78 5.47 5.08 4.73 4.55 4.61 5.05 5.88 6.56 7.06 7.57 8.15 8.64 8.92 8.85 8.69 8.53 8.46 8.37 8.37 8.23 8.11 7.97 8.17 8.69 9.02 8.97 8.50 7.83 7.28 6.92 6.62 6.68 7.23 8.00 8.52 8.66 8.48 8.05 7.51 6.98 6.61 6.52 6.68 6.85 6.83 6.88 7.32 7.98 8.64 9.23
9.14 8.08 6.88 6.53 6.45 6.48 6.51 6.53 6.50 6.83 7.55 8.17 8.35 8.29 8.48 8.80 8.95 9.19 9.68 10.10 10.18 9.81 9.40 8.98 8.64 8.51 8.47 8.30 8.08 7.90 7.74 7.57 7.44 7.31 7.07 6.61 6.04 5.52 5.11 5.18 5.90 6.78 7.58 8.21 8.53 8.84 9.14 9.33 9.24 8.92 8.66 8.37 8.00 7.52 7.06 6.29 5.91 6.17 7.02 8.05 8.56 8.43 7.79 6.82 6.02 5.54 5.51 5.93 6.60 7.14 7.37 7.30 7.01 6.62 6.27 6.09 6.05 5.99 5.84 5.78 6.19 6.98 7.74 8.26
9.17 8.32 7.34 7.05 6.81 6.57 6.25 5.82 5.55 5.57 5.92 6.61 7.16 7.41 7.87 8.43 8.68 8.64 9.05 9.62 9.73 9.27 8.75 8.19 7.81 7.90 8.14 8.29 8.40 8.52 8.64 8.69 8.61 8.36 8.03 7.61 7.13 6.62 6.11 5.76 5.78 6.14 6.89 7.77 8.30 8.57 8.81 9.08 9.11 8.93 8.73 8.56 8.33 7.62 6.69 5.83 5.45 5.44 5.75 6.33 7.07 7.55 7.41 6.66 5.87 5.26 4.88 4.74 4.83 5.08 5.39 5.63 5.74 5.75 5.69 5.59 5.51 5.44 5.41 5.49 5.78 6.24 6.63 6.76
9.18 8.61 7.88 7.69 7.35 6.84 6.19 5.40 4.89 4.73 4.83 5.41 6.16 6.87 7.64 8.41 9.00 8.95 8.69 8.59 8.53 8.34 8.08 7.75 7.65 7.83 8.06 8.19 8.36 8.68 9.03 9.23 9.10 8.87 8.62 8.39 8.12 7.75 7.18 6.46 5.86 5.63 5.83 6.42 7.06 7.38 7.57 7.77 8.05 8.18 8.35 8.56 8.62 8.51 8.04 7.40 7.19 7.02 6.73 6.40 6.20 6.27 6.31 6.09 5.67 5.22 4.84 4.61 4.55 4.63 4.78 4.98 5.16 5.26 5.26 5.16 5.01 4.92 5.03 5.26 5.52 5.74 5.75 5.52
9.07 8.89 8.71 8.50 8.08 7.17 6.18 5.24 4.68 4.57 4.50 4.62 5.34 6.29 7.10 7.79 8.58 8.74 8.14 7.49 7.20 7.27 7.49 7.67 7.77 7.92 8.11 8.15 8.19 8.47 8.93 9.28 9.41 9.51 9.67 9.90 9.90 9.57 8.93 8.04 6.98 6.03 5.51 5.31 5.38 5.77 6.03 6.27 6.75 7.42 7.90 8.38 8.81 9.35 9.63 9.56 9.10 8.56 7.91 7.13 6.36 5.87 5.78 5.79 5.64 5.31 4.94 4.76 4.81 4.93 5.04 5.13 5.21 5.23 5.20 5.12 4.97 4.85 4.91 5.05 5.18 5.27 5.17 4.89
9.10 9.26 9.60 9.39 8.80 7.85 6.73 5.86 5.42 5.11 4.84 4.76 5.16 5.84 6.32 6.74 7.43 7.82 7.49 6.89 6.52 6.54 6.83 7.24 7.52 7.75 8.13 8.44 8.50 8.51 8.86 9.40 9.97 10.64 11.38 11.93 12.08 11.79 11.23 10.38 9.22 7.84 6.53 5.62 5.26 5.43 6.03 6.52 7.03 7.44 7.68 7.78 7.99 8.48 9.04 9.25 8.93 8.32 7.62 6.96 6.39 6.01 5.85 5.92 5.99 5.85 5.51 5.24 5.14 5.18 5.28 5.35 5.40 5.50 5.65 5.80 5.89 5.92 5.82 5.58 5.34 5.12 4.95 5.06
8.95 9.53 10.18 10.03 9.44 8.73 7.77 7.15 6.89 6.67 6.15 5.72 5.67 5.76 5.73 5.82 6.33 6.93 7.14 6.93 6.61 6.35 6.38 6.74 7.16 7.50 7.92 8.41 8.76 8.95 9.31 9.89 10.64 11.38 11.95 12.27 12.39 12.37 12.27 11.99 11.36 10.32 8.98 7.60 6.58 6.50 6.88 7.41 7.74 7.73 7.52 6.92 6.44 5.97 6.26 6.89 7.21 7.05 6.75 6.46 6.21 6.02 5.88 5.98 6.46 6.76 6.68 6.35 5.83 5.45 5.49 5.76 6.08 6.47 6.86 7.20 7.53 7.77 7.72 7.34 6.79 6.32 6.02 5.89
8.81 9.28 10.20 10.42 10.09 9.72 9.33 9.17 9.06 8.74 8.15 7.42 6.68 6.05 5.56 5.25 5.64 6.53 7.23 7.44 7.26 6.91 6.74 6.90 7.24 7.54 7.74 8.09 8.77 9.52 10.06 10.47 10.75 10.80 10.58 10.26 10.37 10.93 11.53 11.96 12.06 11.69 10.86 9.58 8.24 7.47 7.27 7.56 7.79 7.68 7.23 6.57 5.81 5.12 4.87 5.10 5.66 6.09 6.26 6.27 6.18 6.06 6.00 6.16 6.79 7.54 7.85 7.54 6.84 6.10 6.07 6.60 7.21 7.71 8.21 8.64 8.97 9.10 8.99 8.67 8.28 7.90 7.55 7.16
8.09 8.30 9.33 10.35 10.86 11.03 11.12 11.19 11.17 10.73 10.05 9.25 8.28 7.06 5.99 5.52 5.72 6.55 7.41 7.85 7.86 7.67 7.47 7.42 7.57 7.85 8.13 8.52 9.17 9.85 10.09 10.02 9.64 9.04 8.30 7.83 8.01 8.72 9.51 10.21 10.84 11.31 11.38 10.86 9.77 8.51 7.81 7.65 7.50 7.22 6.72 6.49 6.17 5.56 4.97 4.72 5.02 5.64 6.13 6.36 6.40 6.45 6.60 6.82 7.26 7.84 8.29 8.33 7.89 7.35 7.11 7.49 7.93 8.42 8.84 9.08 9.01 8.70 8.12 7.61 7.24 7.00 6.88 6.81
7.30 7.06 7.61 9.22 10.55 11.31 11.61 11.66 11.70 11.48 11.03 10.45 9.71 8.53 7.31 6.61 6.49 6.76 7.17 7.54 7.76 7.82 7.71 7.60 7.71 8.03 8.42 8.75 8.92 8.89 8.60 8.00 7.21 6.50 6.17 6.27 6.58 6.84 7.06 7.61 8.41 9.33 10.26 10.80 10.63 9.68 8.59 7.94 7.24 6.42 5.92 5.87 5.67 5.31 4.94 4.78 5.01 5.59 6.24 6.71 6.96 7.13 7.35 7.53 7.63 7.75 8.14 8.65 8.79 8.54 8.30 8.31 8.58 8.84 8.79 8.33 7.52 6.56 5.80 5.22 4.72 4.53 4.72 5.13
7.73 7.31 7.11 7.66 8.69 9.63 10.05 10.14 10.10 10.14 10.23 10.22 10.10 9.65 8.89 8.01 7.40 7.02 6.77 6.70 6.94 7.26 7.35 7.31 7.37 7.48 7.55 7.42 6.96 6.37 5.80 5.16 4.64 4.41 4.51 4.85 4.98 4.93 5.00 5.37 5.93 6.71 7.71 8.86 9.73 9.73 9.07 8.25 7.46 6.49 5.70 5.12 4.84 4.82 4.87 5.02 5.34 5.83 6.48 7.18 7.66 7.87 7.91 7.96 7.98 8.04 8.38 8.99 9.41 9.37 9.16 9.10 9.06 8.71 7.90 6.70 5.54 4.97 4.84 4.74 4.55 4.36 4.41 4.60
8.33 8.37 7.80 7.09 6.64 6.80 7.04 6.98 6.83 7.08 7.60 8.22 8.72 9.12 9.21 8.83 8.12 7.37 6.71 6.19 6.15 6.54 6.81 6.80 6.58 6.24 5.82 5.30 4.71 4.20 3.91 3.92 4.11 4.25 4.19 3.97 3.76 3.87 4.10 4.26 4.41 4.70 5.26 6.26 7.62 8.93 9.08 8.70 8.11 7.38 6.31 5.42 5.10 5.23 5.52 5.76 5.93 6.21 6.71 7.47 8.26 8.64 8.75 8.80 8.90 9.11 9.39 9.74 10.04 10.05 9.80 9.52 8.91 7.78 6.57 5.67 5.25 5.15 5.36 5.69 5.87 5.88 5.75 5.68
8.25 8.32 7.93 6.97 5.51 4.56 4.14 3.93 3.93 4.05 4.44 4.99 5.80 6.74 7.79 8.39 8.32 7.71 6.93 6.27 6.09 6.35 6.57 6.44 6.00 5.42 4.87 4.57 4.40 4.16 4.02 4.28 4.88 5.31 5.23 4.91 4.59 4.54 4.74 4.93 4.93 4.94 5.24 6.07 7.31 8.73 9.25 9.16 8.65 7.85 7.03 6.48 6.27 6.43 6.65 6.75 6.71 6.75 7.17 8.01 8.91 9.68 10.11 10.24 10.30 10.53 10.78 11.00 11.22 11.19 10.71 9.78 8.42 7.23 6.59 6.38 6.37 6.31 6.36 6.62 6.94 7.09 7.03 7.14
7.64 7.29 6.93 6.48 5.22 4.04 3.37 3.18 3.21 3.47 3.77 4.07 4.54 5.33 6.33 7.35 7.90 7.82 7.34 6.91 6.74 6.74 6.68 6.46 6.08 5.66 5.37 5.35 5.47 5.45 5.18 4.99 5.33 6.08 6.54 6.65 6.48 6.19 6.10 6.33 6.64 6.97 7.34 8.03 8.87 9.44 9.56 9.54 9.21 8.56 7.86 7.48 7.39 7.49 7.65 7.79 7.74 7.85 8.33 9.11 10.06 10.89 11.47 11.70 11.62 11.54 11.66 11.95 12.30 12.21 11.58 10.45 8.82 8.09 8.09 8.22 8.16 7.88 7.68 7.74 7.93 8.12 8.34 8.67
7.82 7.29 6.67 6.23 5.72 5.12 4.74 4.77 5.10 5.60 6.02 6.24 6.45 6.57 6.67 6.84 7.32 7.70 7.74 7.62 7.44 7.17 6.89 6.67 6.48 6.34 6.28 6.30 6.48 6.71 6.64 6.17 5.98 6.46 7.22 7.83 8.03 7.86 7.60 7.73 8.33 8.86 9.32 9.64 9.72 9.41 9.17 9.33 9.44 9.23 8.68 8.22 8.10 8.26 8.48 8.65 8.84 9.03 9.59 10.36 11.01 11.42 11.70 11.91 11.88 11.66 11.46 11.49 11.90 12.21 12.26 12.04 11.09 10.63 10.79 10.99 10.96 10.58 10.26 9.98 9.72 9.57 9.72 9.88
8.28 8.03 7.40 6.80 6.63 6.80 7.09 7.54 8.13 8.67 9.07 9.28 9.19 8.66 7.87 7.27 7.23 7.60 7.88 7.92 7.80 7.56 7.29 7.09 6.99 6.94 6.91 6.91 7.10 7.55 7.93 7.90 7.66 7.59 7.96 8.69 9.35 9.54 9.49 9.56 9.85 10.14 10.17 9.82 9.01 8.05 7.60 8.03 8.88 9.23 9.27 9.01 8.94 9.05 9.18 9.21 9.41 9.80 10.40 10.80 10.83 10.60 10.42 10.53 10.81 10.95 10.85 10.54 10.50 11.08 12.22 13.06 13.60 13.64 13.69 14.06 14.35 14.29 13.98 13.37 12.60 11.68 11.00 10.48
8.21 7.91 7.35 6.93 7.33 8.07 8.97 9.83 10.50 10.82 10.90 10.79 10.50 9.82 9.01 8.27 7.87 7.84 7.99 8.06 8.05 8.02 7.94 7.84 7.66 7.51 7.48 7.54 7.67 8.09 8.79 9.41 9.77 9.95 10.08 10.40 10.73 10.85 10.93 10.96 10.82 10.43 9.76 8.82 7.66 6.65 6.28 6.74 8.03 9.00 9.57 9.79 9.85 9.75 9.64 9.51 9.74 10.20 10.36 10.21 9.61 8.91 8.44 8.41 8.86 9.47 9.81 9.69 9.31 9.50 10.77 12.31 13.47 14.01 14.41 15.06 15.53 15.62 15.39 15.07 14.47 13.52 12.15 10.77
7.88 7.44 6.91 7.06 8.03 9.26 10.22 10.85 11.19 11.13 10.85 10.58 10.35 10.02 9.66 9.15 8.63 8.26 8.20 8.29 8.42 8.61 8.83 8.94 8.84 8.57 8.53 8.59 8.66 8.96 9.68 10.62 11.38 11.85 12.02 11.86 11.57 11.32 11.17 10.94 10.36 9.41 8.31 7.26 6.53 6.16 6.13 6.73 7.98 9.14 10.13 10.76 10.93 10.70 10.33 10.13 10.21 10.09 9.76 9.00 8.03 7.13 6.42 6.02 6.31 6.77 7.28 7.56 7.50 7.59 8.19 9.39 10.70 11.62 12.36 13.03 13.45 13.58 13.75 13.95 14.11 13.78 12.94 11.34
8.63 8.13 7.87 8.59 9.63 10.40 10.68 10.69 10.53 10.04 9.66 9.46 9.33 9.38 9.43 9.26 8.90 8.52 8.45 8.69 9.10 9.62 10.11 10.42 10.50 10.34 10.21 10.21 10.30 10.55 11.08 11.64 12.00 12.07 11.84 11.41 10.97 10.48 10.06 9.43 8.57 7.63 6.77 6.15 6.01 6.29 6.83 7.74 8.61 9.65 10.54 11.05 11.35 11.55 11.26 10.84 10.36 9.69 8.84 7.63 6.49 5.50 4.44 3.77 3.61 3.63 3.75 4.19 4.72 5.01 5.67 6.29 6.97 7.57 8.16 8.83 8.94 9.17 9.68 10.28 11.59 12.84 13.18 12.50
9.35 9.64 10.36 10.87 11.02 10.89 10.37 9.80 9.20 8.82 8.63 8.46 8.34 8.42 8.60 8.73 8.69 8.59 8.73 9.12 9.75 10.41 10.98 11.43 11.61 11.66 11.66 11.71 11.86 12.03 12.07 11.82 11.32 10.65 9.91 9.35 9.17 8.80 8.20 7.37 6.54 6.11 5.92 6.01 6.36 6.84 7.58 8.34 9.11 9.88 10.29 10.60 10.94 11.36 11.49 11.08 10.22 9.13 7.88 6.66 5.52 4.32 3.35 2.69 2.28 2.11 2.12 2.37 2.90 3.53 4.04 4.44 4.64 4.80 4.95 5.41 5.88 6.47 7.10 7.82 9.04 10.88 12.36 12.67
9.37 10.23 11.34 11.50 11.16 10.54 9.68 9.02 8.32 8.08 8.04 7.87 7.74 7.73 7.86 8.16 8.40 8.60 8.84 9.03 9.25 9.56 10.04 10.70 11.19 11.57 11.86 12.07 12.16 12.03 11.50 10.52 9.32 8.42 7.86 7.54 7.26 6.79 6.22 5.83 5.57 5.57 5.86 6.47 7.00 7.53 8.15 8.68 9.22 9.49 9.41 9.39 9.64 10.16 10.59 10.56 9.97 8.97 7.73 6.67 5.67 4.58 3.76 3.18 2.81 2.70 2.82 3.15 3.51 3.64 3.66 3.66 3.52 3.38 3.40 3.76 4.52 5.40 5.99 6.45 7.31 8.66 10.45 11.61
9.13 9.78 10.65 10.79 10.43 9.66 8.93 8.39 7.95 7.70 7.58 7.37 7.27 7.28 7.46 7.81 8.22 8.51 8.60 8.40 8.09 7.91 8.11 8.72 9.67 10.45 11.00 11.22 11.07 10.50 9.53 8.29 7.10 6.41 6.11 5.87 5.42 5.11 5.06 5.24 5.58 6.05 6.66 7.15 7.76 8.45 8.84 9.12 9.13 8.85 8.59 8.57 8.75 9.06 9.45 9.76 9.78 9.37 8.46 7.43 6.58 5.88 5.35 5.03 4.80 4.64 4.79 4.88 4.62 4.17 3.73 3.48 3.18 2.79 2.70 3.08 3.72 4.23 4.59 5.03 5.68 6.56 8.24 10.17
8.94 8.84 9.13 9.59 9.66 9.28 8.61 7.90 7.54 7.31 7.08 6.93 6.83 6.89 7.23 7.68 8.16 8.42 8.44 8.24 7.99 7.88 8.08 8.58 9.32 9.83 9.98 9.79 9.27 8.50 7.54 6.66 5.83 5.25 4.88 4.68 4.64 4.78 5.00 5.39 6.11 6.95 7.46 7.98 8.65 9.25 9.58 9.54 9.06 8.44 8.01 7.91 8.00 8.29 8.78 9.26 9.74 9.92 9.56 8.73 7.99 7.52 7.22 7.02 6.86 6.78 6.67 6.18 5.37 4.80 4.46 3.95 3.35 2.90 2.77 2.99 3.20 3.18 3.35 3.90 4.45 5.12 6.42 8.56
8.81 8.40 8.12 8.56 9.18 9.50 9.27 8.46 7.86 7.54 7.24 7.10 7.05 7.10 7.39 7.86 8.29 8.66 8.89 8.97 9.11 9.41 9.80 10.08 10.01 9.59 8.94 8.26 7.57 6.98 6.39 5.88 5.53 5.30 5.07 4.91 5.09 5.56 5.87 6.09 6.63 7.30 7.96 8.69 9.33 9.83 9.97 9.71 9.09 8.27 7.48 7.04 7.16 7.66 8.33 9.04 9.68 10.24 10.47 10.25 9.84 9.56 9.44 9.33 9.14 8.78 8.21 7.57 6.94 6.52 5.91 5.08 4.16 3.67 3.47 3.32 3.16 3.05 3.21 3.59 3.96 4.43 5.28 6.82
8.71 8.23 7.69 7.91 8.62 9.51 10.00 9.72 9.11 8.74 8.50 8.24 8.22 8.25 8.29 8.34 8.57 8.97 9.44 9.82 10.15 10.42 10.47 10.18 9.50 8.56 7.64 6.88 6.27 5.97 5.92 5.87 5.85 6.06 6.20 6.17 6.17 6.50 6.92 7.02 7.12 7.48 8.23 9.02 9.64 9.97 9.92 9.62 9.17 8.42 7.35 6.65 6.73 7.29 7.97 8.63 9.28 10.12 10.75 11.07 11.33 11.61 12.00 12.27 11.98 11.33 10.40 9.62 9.26 8.72 7.59 6.28 5.44 5.12 4.79 4.23 3.83 3.77 3.88 3.98 4.05 4.19 4.64 5.47
8.38 7.75 7.08 7.19 7.72 8.89 9.90 10.29 9.99 9.63 9.42 9.14 9.10 9.16 9.16 8.95 8.77 8.91 9.33 9.76 9.95 9.80 9.24 8.37 7.51 6.78 6.23 5.84 5.59 5.63 5.94 6.44 6.81 6.98 7.21 7.41 7.42 7.49 7.83 7.88 7.80 7.94 8.58 9.14 9.58 9.63 9.39 9.21 9.20 8.97 8.21 7.28 6.95 7.18 7.46 8.00 8.85 9.86 10.59 11.20 11.73 12.29 12.94 13.43 13.81 13.65 12.96 12.18 11.37 10.45 9.31 8.11 7.43 6.94 6.37 5.76 5.46 5.40 5.27 4.91 4.52 4.30 4.30 4.56
8.21 7.76 7.15 6.97 7.19 7.95 9.14 10.04 10.19 9.81 9.27 8.79 8.64 8.72 8.87 8.86 8.60 8.56 8.73 8.78 8.54 7.92 7.04 6.18 5.54 5.12 4.95 5.07 5.31 5.73 6.50 7.32 7.78 8.00 8.12 8.31 8.50 8.57 8.56 8.61 8.64 8.74 8.89 9.07 9.02 8.70 8.33 8.43 9.03 9.51 9.40 8.77 7.88 7.58 7.60 8.05 8.91 9.84 10.36 10.80 11.06 11.58 12.12 12.65 13.41 13.90 13.93 13.84 13.32 12.59 11.99 11.37 10.54 9.33 8.20 7.70 7.61 7.53 6.99 6.16 5.23 4.51 4.04 4.00
8.64 8.53 8.05 7.53 7.38 7.58 8.41 9.50 10.15 10.10 9.43 8.70 8.26 8.06 8.09 8.30 8.18 8.23 8.13 7.58 6.71 5.79 5.03 4.48 4.07 3.84 3.84 4.09 4.71 5.77 6.90 7.65 8.22 8.61 8.83 8.99 9.10 9.06 8.94 8.93 9.09 9.12 9.10 8.86 8.33 7.57 7.35 7.66 8.40 9.42 9.89 9.74 9.15 8.55 8.39 8.57 8.94 9.50 9.87 10.02 9.90 9.72 9.52 9.83 10.79 12.03 13.04 13.84 14.38 14.43 14.45 14.21 13.47 12.32 10.95 10.19 9.73 9.09 8.09 6.71 5.52 4.67 4.09 3.76
8.75 8.50 8.18 7.85 7.63 7.60 7.94 8.86 9.90 10.48 10.38 9.72 9.06 8.48 8.12 7.93 7.96 7.93 7.44 6.45 5.37 4.61 4.14 3.82 3.61 3.54 3.53 3.51 3.86 4.78 5.86 6.61 7.26 7.89 8.40 8.74 8.76 8.76 8.72 8.77 8.90 9.01 9.05 8.79 8.33 7.62 7.22 7.29 7.71 8.47 9.43 9.82 9.80 9.32 8.94 8.64 8.56 8.67 8.90 8.77 8.50 8.03 7.64 7.69 8.27 9.37 10.85 12.23 13.33 14.02 14.51 14.80 14.61 14.15 13.45 12.48 11.17 9.64 8.09 6.72 5.80 5.17 4.53 3.81
7.95 7.25 6.70 6.89 7.11 7.21 7.33 7.91 9.05 10.11 10.62 10.36 9.72 9.05 8.56 8.15 7.91 7.51 6.75 5.86 5.27 5.00 4.53 4.38 4.19 4.22 4.29 4.08 3.83 3.87 4.16 4.65 5.23 5.89 6.57 7.13 7.54 7.84 8.11 8.40 8.44 8.47 8.39 8.20 8.00 7.61 7.06 6.88 7.02 7.46 8.24 9.20 9.54 9.38 8.90 8.27 7.96 7.82 7.88 7.64 7.22 6.63 6.33 6.61 7.22 7.89 8.74 9.68 10.62 11.38 12.01 12.65 13.30 13.69 13.76 13.44 12.07 9.95 8.30 7.37 6.73 5.90 4.94 4.25
6.92 6.14 5.41 5.62 5.95 6.03 6.02 6.47 7.43 8.73 9.75 10.09 9.75 9.14 8.68 8.24 7.80 7.24 6.67 6.69 6.16 6.18 6.10 5.90 5.73 5.78 5.78 5.56 5.04 4.51 4.34 4.33 4.39 4.57 5.00 5.68 6.50 7.04 7.53 7.91 7.88 7.66 7.14 6.48 5.86 5.65 5.64 5.68 5.88 6.50 7.22 8.08 8.78 8.84 8.35 7.80 7.48 7.44 7.36 7.10 6.56 5.78 5.68 6.00 6.58 7.05 7.39 7.73 8.13 8.64 8.75 9.30 10.35 11.46 12.41 13.13 12.92 11.50 9.72 8.59 7.53 6.48 5.62 5.16
7.16 6.65 6.16 6.06 5.72 5.42 5.31 5.45 5.97 7.06 8.40 9.39 9.65 9.26 8.72 8.18 7.72 7.33 7.55 7.24 7.56 7.75 7.87 7.80 7.66 7.57 7.48 7.14 6.63 6.13 5.80 5.56 5.23 4.91 4.92 5.38 6.08 6.60 7.10 7.48 7.44 7.03 6.11 4.81 4.08 4.04 4.37 4.82 5.38 5.96 6.54 7.18 7.87 8.19 7.87 7.63 7.51 7.54 7.38 7.24 6.82 6.20 6.04 5.97 6.03 5.94 6.00 6.36 6.77 7.16 7.30 7.50 8.15 9.21 10.20 11.64 12.88 12.89 11.70 9.92 8.27 7.41 7.08 6.91
8.13 8.09 8.10 7.89 7.38 6.53 5.88 5.52 5.43 5.82 6.81 8.16 9.10 9.28 8.81 8.12 7.72 7.63 7.85 8.31 8.80 9.22 9.58 9.74 9.72 9.48 9.06 8.54 7.88 7.16 6.64 6.41 6.30 6.09 5.79 5.73 6.13 6.63 7.17 7.53 7.50 6.98 6.06 5.03 4.63 4.81 5.33 5.93 6.28 6.44 6.47 6.67 7.27 7.82 7.81 7.75 7.66 7.70 7.59 7.67 7.53 7.11 6.59 5.87 5.33 4.98 4.90 5.32 5.92 6.48 6.82 7.06 7.23 7.82 8.63 9.85 11.63 12.90 13.05 12.13 10.62 9.92 9.65 9.35
8.61 8.90 9.17 9.00 8.60 7.86 7.00 6.19 5.60 5.29 5.53 6.43 7.76 8.63 8.69 8.11 7.73 7.83 8.33 9.11 9.72 10.32 10.86 11.26 11.31 11.08 10.67 10.08 9.23 8.15 7.15 6.67 6.70 7.01 7.24 7.15 7.10 7.39 7.90 8.25 8.40 8.13 7.40 6.80 6.77 7.15 7.70 7.96 7.84 7.21 6.75 6.54 7.01 7.61 7.82 7.80 7.70 7.77 7.78 8.04 8.06 7.74 7.04 5.96 5.01 4.48 4.42 4.77 5.29 5.77 6.29 6.62 6.79 7.06 7.70 8.50 9.83 11.70 13.13 13.89 13.85 13.26 12.42 11.64
