project/data/elevation/US_DEM2016/US_DEM2016_point_10-30-2019_0831_30m_vel.asc
ncols	125
nrows	167
xllcorner	-2042055.000000
yllcorner	1465035.000000
cellsize	30.000000
NODATA_value	-9999.000000
[rows 0 to 34 of 167, columns 0 to 79 of 125]
9.10 8.12 7.14 7.94 9.74 11.82 13.68 14.92 15.33 15.53 15.97 16.92 17.50 16.73 15.85 15.64 15.57 15.42 14.94 14.44 13.99 13.92 14.30 14.87 15.36 15.39 14.95 13.61 11.74 9.79 8.05 6.62 5.60 4.89 4.51 4.52 5.11 6.27 7.55 8.36 8.78 9.07 9.30 9.35 8.94 8.22 7.58 7.66 8.38 9.47 10.55 11.67 12.65 13.67 14.12 14.29 13.98 12.71 11.49 10.71 10.35 10.42 10.85 11.67 12.23 12.37 12.09 11.18 9.63 8.60 8.32 8.60 9.18 9.81 10.30 10.59 10.89 11.48 12.24 12.79
9.10 8.12 7.14 7.94 9.74 11.82 13.68 14.92 15.33 15.53 15.97 16.92 17.50 16.73 15.85 15.64 15.57 15.42 14.94 14.44 13.99 13.92 14.30 14.87 15.36 15.39 14.95 13.61 11.74 9.79 8.05 6.62 5.60 4.89 4.51 4.52 5.11 6.27 7.55 8.36 8.78 9.07 9.30 9.35 8.94 8.22 7.58 7.66 8.38 9.47 10.55 11.67 12.65 13.67 14.12 14.29 13.98 12.71 11.49 10.71 10.35 10.42 10.85 11.67 12.23 12.37 12.09 11.18 9.63 8.60 8.32 8.60 9.18 9.81 10.30 10.59 10.89 11.48 12.24 12.79
9.06 8.16 7.37 8.05 9.36 11.01 12.55 13.62 14.16 14.42 14.89 15.70 16.06 15.69 15.05 14.90 14.97 15.03 14.68 14.00 13.63 13.59 13.89 14.25 14.46 14.31 13.54 12.20 10.69 9.16 7.81 6.67 5.82 5.26 4.91 4.84 5.19 5.92 6.80 7.55 7.95 8.24 8.51 8.85 9.08 9.08 8.92 8.86 9.29 9.98 10.75 11.49 12.19 12.77 13.11 13.31 13.35 12.95 12.10 11.06 10.28 9.93 10.23 10.78 11.17 11.35 11.41 11.26 10.80 10.04 9.58 9.46 9.52 9.65 9.78 9.96 10.30 10.86 11.38 11.75
9.77 8.80 8.13 8.55 9.27 10.04 10.85 11.31 11.46 11.79 12.50 13.02 13.15 12.98 12.93 12.99 13.16 13.56 13.57 13.20 13.09 13.12 13.10 12.86 12.53 12.06 11.26 10.38 9.48 8.65 7.90 7.26 6.83 6.63 6.42 6.16 5.97 5.99 6.16 6.57 7.31 7.97 8.50 9.06 9.73 10.31 10.67 10.70 10.69 10.79 11.03 11.12 11.17 11.06 11.02 10.88 11.05 11.56 11.80 11.60 10.98 10.28 9.82 9.57 9.27 9.23 9.67 10.42 11.00 11.21 11.08 10.63 10.04 9.45 9.07 9.04 9.30 9.64 9.74 9.62
10.42 9.55 9.00 9.17 9.43 9.74 9.87 9.89 9.67 9.71 10.15 10.61 10.78 10.76 10.87 11.00 11.17 11.60 12.24 12.77 13.05 12.80 12.28 11.47 10.66 10.19 9.99 9.75 9.45 9.14 8.85 8.66 8.62 8.59 8.40 7.96 7.45 7.08 6.85 7.02 7.80 8.70 9.54 10.24 10.57 10.89 11.19 11.46 11.52 11.41 11.27 10.98 10.51 9.93 9.36 8.41 7.94 8.26 9.32 10.48 10.98 10.82 10.20 9.22 8.42 7.90 7.80 8.21 8.92 9.50 9.74 9.65 9.32 8.90 8.56 8.44 8.50 8.59 8.54 8.41
10.47 9.84 9.51 9.69 9.66 9.63 9.46 8.95 8.59 8.47 8.56 8.95 9.40 9.67 10.12 10.50 10.74 10.89 11.56 12.36 12.63 12.10 11.23 10.13 9.34 9.24 9.46 9.66 9.80 9.92 10.04 10.14 10.12 9.88 9.51 9.06 8.63 8.26 7.94 7.80 7.96 8.42 9.20 10.12 10.66 10.90 11.12 11.45 11.58 11.51 11.33 11.06 10.66 9.66 8.44 7.35 6.93 7.06 7.63 8.41 9.26 9.75 9.58 8.76 7.93 7.30 6.90 6.76 6.83 7.04 7.30 7.52 7.65 7.71 7.70 7.67 7.70 7.79 7.89 8.04
10.58 10.27 10.09 10.29 10.10 9.68 9.07 8.19 7.60 7.46 7.54 7.86 8.40 9.17 10.05 10.63 11.12 11.22 11.15 11.19 11.22 10.84 10.11 9.31 8.99 9.08 9.31 9.51 9.79 10.24 10.68 10.93 10.76 10.47 10.18 9.96 9.78 9.52 9.06 8.46 8.04 8.01 8.30 8.91 9.51 9.71 9.84 10.09 10.49 10.73 10.95 11.07 10.84 10.40 9.68 8.94 8.81 8.79 8.60 8.33 8.14 8.18 8.14 7.80 7.25 6.70 6.35 6.22 6.24 6.33 6.44 6.56 6.66 6.76 6.80 6.80 6.79 6.90 7.21 7.66
10.64 10.72 11.03 11.03 10.72 9.76 8.65 7.56 7.05 7.10 7.13 7.13 7.70 8.76 9.69 10.15 10.70 10.85 10.33 9.73 9.52 9.43 9.24 9.12 9.10 9.21 9.38 9.47 9.66 10.14 10.74 11.12 11.21 11.32 11.56 11.91 11.98 11.64 10.96 10.06 9.08 8.30 7.93 7.78 7.74 7.89 8.00 8.28 9.03 10.04 10.64 11.00 11.19 11.54 11.72 11.64 11.19 10.65 9.89 8.95 8.03 7.44 7.25 7.10 6.77 6.32 6.05 6.12 6.35 6.49 6.49 6.42 6.34 6.32 6.37 6.42 6.42 6.56 6.93 7.32
10.99 11.30 11.96 11.83 11.23 10.17 8.84 7.88 7.62 7.55 7.36 7.23 7.64 8.48 9.02 9.19 9.48 9.66 9.30 8.78 8.56 8.48 8.41 8.58 8.80 9.07 9.52 9.94 10.14 10.31 10.81 11.44 12.09 12.99 14.00 14.67 14.74 14.29 13.56 12.60 11.37 9.98 8.77 7.99 7.56 7.52 8.01 8.60 9.53 10.31 10.58 10.40 10.37 10.78 11.28 11.44 11.05 10.28 9.36 8.49 7.74 7.23 7.03 7.05 7.01 6.80 6.64 6.74 6.82 6.73 6.56 6.43 6.42 6.63 6.98 7.28 7.50 7.79 8.00 7.92
11.13 11.77 12.48 12.28 11.61 10.80 9.66 9.10 9.15 9.19 8.72 8.25 8.26 8.47 8.47 8.34 8.39 8.63 8.76 8.65 8.50 8.11 7.79 7.97 8.41 8.85 9.42 10.06 10.56 10.92 11.49 12.28 13.29 14.36 15.13 15.40 15.31 15.08 14.84 14.45 13.70 12.55 11.17 9.89 8.95 8.86 9.20 9.89 10.59 10.77 10.37 9.23 8.38 7.70 7.97 8.58 8.79 8.45 7.99 7.59 7.24 6.96 6.86 7.13 7.71 8.00 8.10 8.08 7.63 7.04 6.81 6.94 7.37 8.06 8.73 9.24 9.69 10.11 10.21 9.85
11.32 11.66 12.41 12.51 12.08 11.65 11.28 11.38 11.59 11.44 10.88 10.11 9.38 8.77 8.18 7.71 7.76 8.37 9.00 9.29 9.15 8.62 8.17 8.21 8.57 8.95 9.29 9.81 10.73 11.80 12.66 13.35 13.87 14.02 13.68 13.07 12.98 13.53 14.15 14.55 14.57 14.08 13.10 11.78 10.60 9.98 9.83 10.31 10.82 10.72 9.80 8.50 7.30 6.41 6.11 6.28 6.71 7.01 7.10 7.06 6.93 6.84 6.97 7.50 8.43 9.29 9.63 9.32 8.57 7.70 7.58 8.15 8.99 9.82 10.59 11.23 11.74 11.95 11.79 11.36
10.91 10.81 11.54 12.54 13.02 13.26 13.56 13.91 14.10 13.64 12.87 12.01 11.00 9.69 8.44 7.84 7.91 8.65 9.53 9.97 9.88 9.45 9.03 8.88 9.03 9.40 9.84 10.52 11.56 12.59 13.08 13.17 12.77 11.90 10.71 9.96 10.20 11.08 11.95 12.67 13.30 13.71 13.68 13.09 12.04 10.96 10.42 10.53 10.54 10.07 8.93 8.18 7.56 6.76 6.02 5.64 5.85 6.40 6.83 7.01 7.10 7.35 7.83 8.50 9.34 10.02 10.31 10.13 9.58 9.09 8.90 9.43 10.13 10.94 11.61 12.03 12.01 11.58 10.74 10.04
10.04 9.63 9.99 11.64 13.07 14.00 14.52 14.73 14.79 14.47 13.89 13.23 12.41 11.01 9.62 8.89 8.76 9.04 9.51 9.81 9.79 9.58 9.30 9.15 9.32 9.82 10.50 11.19 11.66 11.77 11.51 10.80 9.70 8.48 7.83 8.04 8.63 9.00 9.15 9.72 10.61 11.59 12.53 13.04 12.83 11.95 11.09 10.74 10.05 8.82 7.74 7.30 6.79 6.17 5.63 5.46 5.76 6.37 7.03 7.54 7.93 8.39 8.96 9.49 9.88 10.08 10.27 10.53 10.59 10.44 10.37 10.59 11.19 11.73 11.78 11.22 10.11 8.70 7.50 6.73
10.17 9.81 9.70 10.31 11.42 12.44 12.94 13.05 12.92 12.90 12.98 12.95 12.75 12.13 11.21 10.29 9.68 9.30 9.09 8.89 8.79 8.80 8.84 8.90 9.10 9.45 9.77 9.79 9.38 8.72 7.94 6.92 5.96 5.41 5.63 6.37 6.73 6.62 6.62 7.07 7.75 8.66 9.74 10.83 11.66 11.75 11.34 10.77 9.89 8.43 7.17 6.14 5.51 5.33 5.40 5.73 6.23 6.82 7.55 8.40 9.05 9.48 9.80 10.08 10.26 10.40 10.66 11.08 11.38 11.38 11.38 11.66 11.95 11.64 10.52 8.80 7.13 6.15 5.74 5.61
10.76 10.90 10.39 9.72 9.21 9.27 9.36 9.14 8.89 9.22 9.89 10.63 11.19 11.59 11.60 11.12 10.32 9.50 8.77 8.12 7.74 7.88 8.16 8.32 8.28 8.06 7.65 7.00 6.25 5.63 5.17 4.92 4.87 4.95 5.08 5.11 5.03 5.18 5.45 5.68 5.92 6.31 6.91 7.88 9.27 10.84 11.24 11.02 10.23 9.04 7.46 6.17 5.68 5.84 6.32 6.81 7.14 7.49 8.11 9.07 10.05 10.58 10.89 11.14 11.37 11.68 11.94 12.14 12.26 12.18 12.14 12.23 11.68 10.09 8.18 6.77 6.20 6.07 6.25 6.67
10.80 10.82 10.29 9.22 7.51 6.31 5.59 5.16 5.17 5.45 6.05 6.78 7.79 8.95 10.10 10.64 10.43 9.66 8.73 7.92 7.53 7.62 7.79 7.72 7.35 6.75 6.11 5.68 5.43 5.16 5.04 5.33 5.92 6.32 6.25 6.01 5.85 5.96 6.24 6.44 6.47 6.56 6.94 7.90 9.32 10.99 11.59 11.38 10.47 9.12 7.94 7.27 7.08 7.41 7.88 8.19 8.21 8.29 8.87 10.01 11.16 12.09 12.64 12.88 13.10 13.47 13.73 13.82 13.83 13.65 13.23 12.34 10.55 8.66 7.64 7.37 7.46 7.44 7.54 7.95
10.11 9.56 8.85 8.09 6.41 4.93 4.13 3.98 4.16 4.66 5.22 5.68 6.33 7.35 8.51 9.53 9.95 9.68 9.00 8.38 8.08 7.99 7.83 7.51 7.10 6.70 6.48 6.54 6.68 6.63 6.40 6.33 6.75 7.52 7.99 8.15 8.09 7.96 7.95 8.18 8.53 9.00 9.59 10.57 11.65 12.26 12.10 11.61 10.73 9.67 8.80 8.47 8.53 8.86 9.28 9.59 9.54 9.70 10.45 11.65 12.97 14.00 14.58 14.77 14.72 14.75 14.96 15.21 15.39 15.05 14.15 12.63 10.39 9.34 9.36 9.68 9.71 9.40 9.22 9.46
9.98 9.28 8.26 7.32 6.44 5.70 5.49 5.86 6.49 7.27 7.88 8.19 8.51 8.73 8.85 8.97 9.31 9.52 9.38 9.09 8.76 8.41 8.02 7.69 7.51 7.49 7.61 7.80 8.04 8.25 8.15 7.73 7.68 8.30 9.13 9.77 10.00 9.92 9.74 9.97 10.72 11.45 12.20 12.80 12.96 12.40 11.58 11.10 10.74 10.31 9.73 9.43 9.58 10.05 10.52 10.77 10.98 11.29 12.25 13.54 14.58 15.10 15.26 15.27 15.08 14.84 14.74 14.84 15.21 15.26 14.85 14.22 12.95 12.45 12.80 13.18 13.13 12.66 12.33 12.14
10.28 9.84 8.77 7.73 7.38 7.75 8.53 9.42 10.35 11.10 11.62 11.88 11.78 11.11 10.12 9.35 9.18 9.42 9.57 9.48 9.21 8.84 8.45 8.22 8.21 8.34 8.46 8.61 8.95 9.43 9.77 9.76 9.66 9.78 10.27 11.03 11.70 11.93 12.02 12.32 12.84 13.30 13.43 13.05 11.99 10.48 9.34 9.32 9.98 10.29 10.47 10.49 10.79 11.26 11.55 11.54 11.80 12.49 13.59 14.43 14.66 14.38 13.98 13.84 13.90 13.95 13.92 13.74 13.71 14.13 14.99 15.65 16.25 16.40 16.61 17.10 17.38 17.24 16.85 16.14
9.97 9.31 8.33 7.82 8.42 9.67 11.19 12.54 13.50 13.91 13.99 13.82 13.39 12.42 11.33 10.40 9.86 9.71 9.74 9.70 9.56 9.40 9.26 9.19 9.13 9.12 9.22 9.43 9.75 10.29 11.01 11.72 12.28 12.67 12.95 13.31 13.59 13.67 13.90 14.18 14.18 13.75 12.87 11.50 9.75 8.10 7.33 7.73 9.17 10.29 11.09 11.63 12.02 12.15 12.10 11.93 12.36 13.29 13.85 13.91 13.24 12.30 11.58 11.36 11.71 12.29 12.67 12.65 12.30 12.49 13.76 15.31 16.60 17.29 17.80 18.59 19.11 19.17 18.81 18.29
9.01 8.31 7.70 8.17 9.74 11.68 13.20 14.15 14.59 14.46 14.04 13.60 13.17 12.60 12.05 11.38 10.69 10.17 10.01 10.00 10.03 10.17 10.44 10.62 10.59 10.43 10.53 10.75 11.00 11.49 12.39 13.54 14.53 15.21 15.49 15.24 14.79 14.47 14.39 14.20 13.50 12.23 10.64 8.97 7.68 7.06 7.08 7.97 9.57 10.98 12.25 13.16 13.46 13.19 12.77 12.69 13.10 13.33 13.23 12.37 11.12 9.91 8.97 8.47 8.79 9.26 9.75 10.06 10.15 10.43 11.15 12.44 13.87 14.87 15.65 16.38 16.88 17.02 17.13 17.17
9.78 9.26 9.23 10.48 12.22 13.59 14.15 14.16 13.84 13.09 12.51 12.17 11.89 11.84 11.79 11.47 10.95 10.45 10.33 10.53 10.92 11.52 12.16 12.56 12.68 12.58 12.59 12.76 13.06 13.59 14.43 15.21 15.66 15.70 15.34 14.67 14.10 13.55 13.05 12.16 10.88 9.45 8.03 7.00 6.79 7.29 8.23 9.61 10.83 12.19 13.34 13.94 14.16 14.20 13.80 13.51 13.29 12.81 11.90 10.35 8.84 7.54 6.26 5.61 5.57 5.57 5.62 6.11 6.89 7.46 8.41 9.18 9.85 10.36 10.84 11.44 11.50 11.78 12.33 12.91
11.18 11.66 12.78 13.68 14.24 14.38 13.80 12.94 12.01 11.40 11.11 10.86 10.66 10.68 10.78 10.80 10.67 10.53 10.70 11.18 11.93 12.78 13.51 14.06 14.25 14.35 14.49 14.74 15.13 15.60 15.87 15.65 14.94 13.90 12.72 11.91 11.81 11.39 10.44 9.11 7.79 6.98 6.57 6.72 7.39 8.30 9.50 10.72 11.92 13.00 13.49 13.73 13.87 14.09 14.12 13.71 12.92 11.80 10.23 8.59 7.04 5.48 4.33 3.87 3.74 3.62 3.66 4.12 4.90 5.78 6.55 7.18 7.40 7.39 7.31 7.54 7.94 8.68 9.42 10.16
11.81 12.89 14.32 14.65 14.43 13.77 12.63 11.65 10.71 10.39 10.32 10.09 9.88 9.80 9.88 10.13 10.33 10.54 10.88 11.23 11.63 12.08 12.67 13.45 14.02 14.52 15.00 15.44 15.71 15.69 15.12 13.88 12.17 10.76 9.83 9.47 9.23 8.49 7.39 6.59 6.13 6.10 6.56 7.59 8.53 9.44 10.49 11.49 12.45 12.86 12.65 12.37 12.42 12.80 13.11 12.96 12.24 11.03 9.41 7.92 6.51 5.10 4.23 3.90 3.87 3.94 4.28 4.97 5.62 5.88 6.04 6.18 6.15 5.95 5.73 5.89 6.70 7.78 8.41 8.79
12.02 12.76 13.71 13.81 13.31 12.30 11.31 10.60 10.11 9.88 9.71 9.42 9.27 9.22 9.37 9.73 10.14 10.44 10.56 10.45 10.28 10.19 10.46 11.23 12.42 13.45 14.24 14.61 14.43 13.67 12.33 10.54 8.79 7.80 7.42 7.21 6.56 5.83 5.49 5.65 6.14 6.88 7.87 8.78 9.77 10.80 11.55 12.22 12.47 12.14 11.62 11.35 11.36 11.53 11.80 11.94 11.75 11.07 9.77 8.32 7.16 6.36 5.98 5.98 6.05 6.11 6.56 6.92 6.73 6.28 5.93 5.81 5.56 5.15 4.95 5.32 6.13 6.78 7.01 7.32
12.19 11.90 11.94 12.27 12.06 11.35 10.52 9.77 9.45 9.26 9.00 8.77 8.62 8.66 9.00 9.52 10.07 10.33 10.32 10.12 9.99 10.02 10.38 11.14 12.21 12.96 13.16 12.83 11.98 10.75 9.23 7.85 6.65 5.95 5.62 5.45 5.24 5.20 5.47 6.13 7.17 8.35 9.19 10.07 11.13 12.05 12.62 12.72 12.22 11.43 10.80 10.52 10.45 10.62 11.03 11.38 11.63 11.53 10.84 9.68 8.77 8.37 8.35 8.48 8.56 8.72 8.82 8.31 7.35 6.77 6.58 6.08 5.37 4.93 4.92 5.23 5.55 5.64 5.72 6.20
12.27 11.56 10.84 11.06 11.38 11.35 10.94 10.13 9.58 9.33 9.03 8.82 8.68 8.75 9.10 9.62 10.20 10.62 10.87 11.03 11.35 11.91 12.59 13.14 13.21 12.71 11.76 10.60 9.38 8.25 7.16 6.36 5.93 5.76 5.62 5.58 5.83 6.36 6.83 7.32 8.17 9.12 10.09 11.24 12.30 13.08 13.26 12.85 11.96 10.88 9.92 9.37 9.42 9.89 10.56 11.19 11.58 11.87 11.90 11.57 11.17 11.06 11.20 11.34 11.34 11.08 10.48 9.70 8.97 8.64 8.05 7.04 5.88 5.48 5.54 5.45 5.33 5.36 5.56 5.92
12.34 11.54 10.49 10.45 10.88 11.39 11.68 11.39 10.88 10.63 10.44 10.11 10.02 10.04 10.15 10.24 10.57 11.11 11.71 12.26 12.86 13.43 13.67 13.38 12.50 11.17 9.74 8.40 7.25 6.51 6.21 6.13 6.29 6.76 7.07 7.17 7.32 7.76 8.30 8.59 8.96 9.61 10.75 12.03 13.05 13.56 13.37 12.65 11.72 10.59 9.34 8.69 8.86 9.52 10.24 10.74 11.09 11.80 12.45 12.88 13.39 13.99 14.61 14.99 14.65 13.89 12.79 11.90 11.56 11.02 9.63 8.01 7.09 7.00 6.85 6.22 5.85 6.02 6.27 6.39
11.99 11.02 9.87 9.74 10.06 10.95 11.71 12.02 11.83 11.63 11.50 11.22 11.17 11.24 11.26 11.07 10.92 11.17 11.80 12.45 12.86 12.82 12.16 10.98 9.69 8.51 7.51 6.65 6.05 5.94 6.26 7.02 7.71 8.13 8.51 8.81 8.95 9.15 9.58 9.74 9.89 10.37 11.50 12.54 13.27 13.31 12.75 12.07 11.54 10.90 9.97 9.17 9.08 9.44 9.69 10.01 10.68 11.73 12.62 13.53 14.49 15.41 16.19 16.56 16.86 16.44 15.55 14.75 13.87 12.73 11.26 9.79 9.19 8.95 8.43 7.76 7.60 7.82 7.83 7.46
11.54 10.87 9.93 9.57 9.68 10.23 11.14 11.85 12.00 11.71 11.22 10.77 10.71 10.85 11.02 10.98 10.74 10.77 11.16 11.42 11.19 10.34 9.07 7.80 6.78 6.02 5.53 5.42 5.65 6.22 7.35 8.54 9.23 9.58 9.79 10.06 10.37 10.56 10.63 10.75 10.97 11.46 12.08 12.65 12.68 12.13 11.36 11.08 11.36 11.54 11.29 10.76 10.08 9.91 9.86 10.19 11.00 12.03 12.71 13.54 14.23 15.05 15.63 15.94 16.50 16.81 16.77 16.57 15.96 15.03 14.28 13.54 12.69 11.48 10.31 9.86 10.05 10.28 9.78 8.82
11.88 11.64 10.88 10.23 10.05 10.14 10.69 11.48 11.94 11.83 11.19 10.52 10.19 10.06 10.06 10.05 10.14 10.32 10.41 9.88 8.74 7.30 6.06 5.15 4.43 3.94 3.80 4.20 5.22 6.80 8.40 9.41 10.09 10.54 10.83 11.07 11.21 11.21 11.15 11.23 11.63 12.02 12.38 12.33 11.70 10.56 10.06 10.20 10.82 11.72 12.03 11.85 11.43 10.99 10.81 10.93 11.27 11.89 12.43 12.97 13.14 13.03 12.58 12.65 13.55 14.83 15.84 16.66 17.23 17.29 17.32 17.01 16.05 14.68 13.26 12.68 12.48 11.96 10.85 9.15
12.18 11.72 11.05 10.60 10.44 10.41 10.53 11.09 11.82 12.27 12.18 11.58 11.01 10.44 9.99 9.69 9.78 9.91 9.45 8.18 6.56 5.26 4.39 3.82 3.46 3.28 3.33 3.72 4.71 6.20 7.64 8.52 9.22 9.89 10.48 10.89 10.90 10.90 10.92 11.14 11.57 12.07 12.37 12.08 11.40 10.39 9.84 9.86 10.25 10.94 11.75 12.00 12.09 11.80 11.45 11.03 10.90 11.01 11.45 11.65 11.53 10.93 10.23 10.13 10.71 11.92 13.53 15.02 16.21 17.00 17.59 17.87 17.45 16.78 16.05 15.19 13.91 12.22 10.35 8.68
11.45 10.47 9.52 9.65 9.96 10.09 10.06 10.31 11.14 12.03 12.49 12.24 11.65 10.99 10.45 9.95 9.73 9.34 8.38 7.02 5.96 5.29 4.60 4.40 4.23 4.33 4.59 4.78 5.05 5.47 5.91 6.43 7.02 7.69 8.39 8.99 9.45 9.82 10.25 10.80 11.18 11.60 11.71 11.34 10.86 10.25 9.59 9.43 9.60 10.00 10.66 11.47 11.78 11.74 11.29 10.50 10.12 9.96 10.26 10.30 9.92 9.13 8.66 8.96 9.70 10.45 11.29 12.20 13.16 14.00 14.75 15.46 16.10 16.39 16.41 16.03 14.37 11.91 10.07 9.09
9.95 9.05 8.23 8.45 8.72 8.67 8.53 8.83 9.54 10.64 11.56 11.85 11.52 10.96 10.53 10.06 9.60 8.90 8.03 7.68 6.90 6.80 6.64 6.47 6.38 6.55 6.68 6.70 6.51 6.24 6.14 6.09 6.12 6.26 6.61 7.29 8.25 8.95 9.67 10.34 10.61 10.66 10.18 9.21 8.19 7.78 7.79 7.97 8.28 9.00 9.70 10.43 10.95 10.97 10.47 9.81 9.45 9.45 9.52 9.43 8.88 8.01 7.96 8.40 9.13 9.67 9.87 9.98 10.27 10.76 10.89 11.54 12.74 13.95 14.87 15.39 14.82 13.10 11.34 10.29
9.46 9.15 8.95 8.86 8.31 7.78 7.61 7.71 8.09 8.95 10.12 11.02 11.28 10.96 10.49 9.93 9.41 8.89 8.88 8.40 8.69 8.85 8.98 8.97 8.91 8.88 8.87 8.64 8.32 8.04 7.79 7.47 7.02 6.63 6.58 7.08 7.91 8.60 9.31 9.90 10.02 9.64 8.50 6.70 5.68 5.67 6.17 6.85 7.64 8.37 9.07 9.60 9.93 10.08 9.76 9.55 9.45 9.55 9.43 9.27 8.87 8.41 8.45 8.49 8.57 8.40 8.25 8.39 8.73 9.05 9.23 9.53 10.26 11.37 12.29 13.64 14.71 14.57 13.31 11.47
