project/data/elevation/US_DEM2016/US_DEM2016_point_10-28-2019_1957_30m_vel.asc
ncols	125
nrows	167
xllcorner	-2042055.000000
yllcorner	1465035.000000
cellsize	30.000000
NODATA_value	-9999.000000
[rows 114 to 151 of 167, columns 0 to 83 of 125]
0.92 0.91 0.92 0.93 0.97 1.03 1.04 0.96 0.84 0.75 0.69 0.64 0.60 0.57 0.59 0.68 0.81 0.94 1.02 1.08 1.12 1.10 0.98 0.93 0.98 1.01 0.97 0.92 0.91 0.92 0.92 0.89 0.85 0.80 0.76 0.74 0.76 0.82 0.89 0.95 0.99 1.04 1.10 1.15 1.11 0.99 0.88 0.84 0.86 0.90 0.95 0.95 0.92 0.86 0.79 0.73 0.70 0.73 0.78 0.83 0.87 0.91 0.91 0.91 0.93 0.96 0.98 0.96 0.88 0.82 0.78 0.75 0.74 0.75 0.78 0.80 0.79 0.79 0.83 0.88 0.86 0.76 0.70 0.68
0.95 0.95 0.95 0.95 0.96 0.97 0.94 0.83 0.72 0.65 0.61 0.59 0.58 0.62 0.73 0.89 1.02 1.11 1.16 1.17 1.12 1.01 0.88 0.87 0.93 0.93 0.87 0.85 0.86 0.89 0.92 0.94 0.94 0.89 0.82 0.79 0.83 0.90 0.96 1.00 1.04 1.07 1.11 1.12 1.04 0.92 0.82 0.80 0.83 0.91 0.98 0.99 0.95 0.90 0.84 0.77 0.72 0.73 0.76 0.79 0.83 0.89 0.93 0.95 0.96 0.98 0.97 0.91 0.85 0.80 0.77 0.76 0.75 0.76 0.78 0.79 0.79 0.81 0.85 0.88 0.84 0.75 0.71 0.70
0.97 0.96 0.95 0.94 0.92 0.89 0.84 0.77 0.74 0.75 0.77 0.78 0.82 0.92 1.06 1.17 1.22 1.22 1.18 1.11 1.01 0.91 0.84 0.84 0.86 0.83 0.79 0.81 0.83 0.86 0.88 0.91 0.92 0.93 0.93 0.94 0.96 0.98 1.00 1.02 1.03 1.04 1.07 1.07 0.99 0.89 0.82 0.80 0.85 0.94 1.00 1.00 0.95 0.92 0.90 0.89 0.88 0.86 0.85 0.84 0.85 0.89 0.92 0.94 0.95 0.96 0.93 0.88 0.83 0.78 0.76 0.74 0.74 0.75 0.78 0.81 0.82 0.83 0.86 0.89 0.88 0.84 0.82 0.84
0.97 0.95 0.92 0.91 0.89 0.85 0.83 0.82 0.83 0.88 0.94 1.01 1.11 1.20 1.27 1.28 1.24 1.15 1.07 0.98 0.90 0.88 0.90 0.90 0.87 0.83 0.79 0.80 0.82 0.83 0.83 0.83 0.85 0.89 0.95 0.99 0.98 0.95 0.94 0.96 0.96 0.99 1.04 1.03 0.95 0.87 0.83 0.83 0.88 0.96 0.98 0.95 0.91 0.89 0.91 0.94 0.97 0.98 0.97 0.94 0.92 0.90 0.90 0.91 0.91 0.90 0.87 0.83 0.81 0.79 0.77 0.74 0.73 0.75 0.80 0.84 0.85 0.86 0.89 0.94 0.97 0.96 0.96 0.99
0.96 0.93 0.89 0.89 0.87 0.87 0.88 0.90 0.89 0.91 0.99 1.11 1.21 1.25 1.24 1.17 1.04 0.95 0.91 0.85 0.84 0.89 0.92 0.94 0.93 0.89 0.84 0.82 0.84 0.83 0.81 0.79 0.80 0.82 0.86 0.88 0.88 0.87 0.88 0.91 0.94 0.99 1.03 0.99 0.89 0.82 0.82 0.84 0.89 0.93 0.94 0.90 0.86 0.86 0.88 0.90 0.94 0.96 0.98 0.97 0.95 0.90 0.88 0.87 0.85 0.82 0.79 0.80 0.83 0.83 0.81 0.78 0.77 0.79 0.83 0.87 0.88 0.89 0.93 0.99 1.01 0.99 0.98 1.00
0.94 0.92 0.89 0.88 0.88 0.89 0.93 0.94 0.93 0.96 1.06 1.15 1.18 1.14 1.06 0.96 0.87 0.84 0.80 0.76 0.79 0.84 0.88 0.89 0.89 0.88 0.85 0.86 0.88 0.88 0.85 0.82 0.81 0.79 0.77 0.77 0.81 0.84 0.89 0.94 0.97 1.01 1.01 0.94 0.84 0.80 0.83 0.87 0.90 0.92 0.91 0.88 0.86 0.87 0.88 0.88 0.88 0.88 0.88 0.90 0.90 0.87 0.86 0.84 0.81 0.77 0.79 0.85 0.89 0.88 0.85 0.83 0.82 0.82 0.85 0.88 0.88 0.88 0.94 1.00 0.98 0.92 0.89 0.89
0.94 0.93 0.91 0.89 0.88 0.91 0.96 0.97 0.98 1.05 1.13 1.14 1.09 1.01 0.93 0.86 0.82 0.79 0.74 0.73 0.76 0.80 0.85 0.87 0.83 0.81 0.83 0.88 0.92 0.90 0.88 0.86 0.84 0.81 0.75 0.72 0.76 0.83 0.91 0.96 0.99 1.02 0.99 0.89 0.81 0.80 0.85 0.88 0.89 0.90 0.91 0.90 0.90 0.90 0.89 0.86 0.84 0.82 0.81 0.81 0.81 0.82 0.85 0.86 0.85 0.86 0.91 0.95 0.95 0.90 0.85 0.83 0.82 0.82 0.84 0.85 0.84 0.86 0.92 0.97 0.94 0.87 0.84 0.82
0.95 0.95 0.93 0.90 0.88 0.91 0.97 1.01 1.05 1.12 1.14 1.09 1.02 0.96 0.91 0.85 0.81 0.77 0.76 0.80 0.84 0.88 0.91 0.89 0.84 0.81 0.85 0.90 0.91 0.88 0.86 0.86 0.87 0.85 0.79 0.74 0.76 0.83 0.91 0.96 0.99 1.01 0.95 0.84 0.77 0.78 0.83 0.85 0.86 0.88 0.91 0.92 0.90 0.88 0.84 0.81 0.80 0.80 0.79 0.77 0.77 0.80 0.86 0.91 0.94 0.98 0.99 0.99 0.95 0.87 0.82 0.80 0.79 0.81 0.83 0.85 0.85 0.88 0.93 0.95 0.91 0.85 0.83 0.81
0.97 0.96 0.93 0.89 0.88 0.92 0.97 1.03 1.11 1.14 1.11 1.04 0.99 0.94 0.87 0.82 0.78 0.79 0.86 0.92 0.95 0.95 0.94 0.91 0.86 0.85 0.86 0.88 0.88 0.86 0.84 0.84 0.85 0.86 0.84 0.83 0.83 0.86 0.90 0.94 0.98 0.96 0.84 0.72 0.69 0.74 0.81 0.83 0.83 0.85 0.87 0.88 0.84 0.81 0.78 0.76 0.75 0.77 0.79 0.78 0.78 0.82 0.88 0.92 0.95 0.96 0.97 0.96 0.93 0.87 0.82 0.79 0.78 0.80 0.83 0.86 0.88 0.91 0.91 0.89 0.86 0.83 0.80 0.78
0.96 0.94 0.90 0.88 0.89 0.93 0.97 1.03 1.08 1.08 1.02 0.97 0.94 0.87 0.79 0.78 0.81 0.86 0.90 0.90 0.88 0.87 0.89 0.92 0.91 0.89 0.86 0.85 0.86 0.85 0.83 0.81 0.81 0.82 0.85 0.88 0.88 0.87 0.94 0.92 0.93 0.83 0.66 0.58 0.62 0.72 0.79 0.83 0.84 0.82 0.83 0.82 0.79 0.75 0.74 0.74 0.74 0.75 0.75 0.76 0.79 0.84 0.88 0.90 0.91 0.93 0.94 0.95 0.92 0.87 0.82 0.79 0.77 0.77 0.79 0.83 0.85 0.83 0.81 0.81 0.83 0.82 0.79 0.75
0.95 0.94 0.92 0.91 0.91 0.94 0.96 0.98 0.99 0.96 0.91 0.90 0.87 0.80 0.76 0.82 0.85 0.83 0.79 0.74 0.73 0.79 0.88 0.95 0.94 0.90 0.89 0.88 0.88 0.85 0.82 0.81 0.81 0.82 0.84 0.84 0.83 0.83 0.84 0.88 0.83 0.69 0.58 0.60 0.68 0.75 0.80 0.85 0.85 0.84 0.86 0.86 0.83 0.79 0.77 0.78 0.77 0.73 0.73 0.76 0.80 0.85 0.90 0.94 0.97 0.99 0.97 0.95 0.90 0.83 0.79 0.76 0.74 0.72 0.75 0.79 0.78 0.77 0.77 0.80 0.84 0.83 0.78 0.73
0.98 0.98 0.97 0.93 0.92 0.92 0.93 0.92 0.91 0.89 0.93 0.87 0.82 0.76 0.78 0.83 0.78 0.70 0.66 0.67 0.72 0.83 0.94 0.98 0.94 0.89 0.90 0.91 0.90 0.87 0.84 0.83 0.83 0.82 0.79 0.76 0.75 0.76 0.79 0.81 0.76 0.69 0.72 0.80 0.84 0.85 0.87 0.90 0.91 0.90 0.90 0.91 0.90 0.87 0.85 0.85 0.81 0.76 0.77 0.79 0.82 0.86 0.92 0.99 1.00 0.98 0.94 0.91 0.86 0.80 0.76 0.72 0.68 0.69 0.73 0.76 0.75 0.75 0.78 0.82 0.84 0.83 0.79 0.78
1.01 0.99 0.94 0.89 0.87 0.88 0.89 0.88 0.88 0.91 0.91 0.85 0.77 0.73 0.75 0.74 0.67 0.64 0.66 0.74 0.83 0.92 1.01 1.01 0.92 0.86 0.85 0.87 0.88 0.87 0.86 0.85 0.84 0.80 0.75 0.74 0.75 0.77 0.79 0.82 0.82 0.85 0.91 0.93 0.93 0.94 0.96 0.97 0.96 0.93 0.90 0.89 0.89 0.89 0.89 0.88 0.85 0.82 0.82 0.82 0.81 0.84 0.90 0.94 0.91 0.85 0.85 0.87 0.85 0.81 0.75 0.69 0.66 0.69 0.73 0.74 0.72 0.72 0.74 0.78 0.82 0.85 0.87 0.87
0.98 0.92 0.83 0.81 0.83 0.87 0.88 0.87 0.88 0.91 0.96 0.78 0.71 0.71 0.72 0.71 0.71 0.73 0.80 0.91 0.99 1.03 1.05 0.98 0.85 0.80 0.79 0.79 0.81 0.84 0.86 0.86 0.84 0.81 0.79 0.80 0.84 0.86 0.87 0.90 0.93 0.93 0.92 0.92 0.94 0.98 1.01 1.02 1.00 0.95 0.92 0.91 0.90 0.89 0.88 0.88 0.88 0.86 0.82 0.79 0.77 0.80 0.85 0.85 0.82 0.81 0.86 0.90 0.87 0.80 0.72 0.66 0.65 0.69 0.74 0.75 0.75 0.74 0.74 0.77 0.84 0.92 0.95 0.90
0.91 0.84 0.76 0.77 0.83 0.88 0.90 0.87 0.85 1.04 0.82 0.75 0.73 0.77 0.82 0.85 0.89 0.94 1.01 1.08 1.10 1.08 1.02 0.91 0.81 0.79 0.77 0.74 0.75 0.81 0.85 0.85 0.84 0.84 0.86 0.89 0.91 0.91 0.90 0.90 0.90 0.87 0.87 0.91 0.97 1.02 1.06 1.05 1.02 0.99 0.98 0.96 0.95 0.92 0.90 0.89 0.89 0.86 0.79 0.76 0.76 0.79 0.83 0.83 0.83 0.87 0.93 0.93 0.85 0.72 0.63 0.61 0.64 0.70 0.74 0.77 0.80 0.82 0.82 0.84 0.91 0.98 0.95 0.83
0.88 0.85 0.82 0.86 0.91 0.93 0.91 0.87 0.85 1.03 0.84 0.83 0.85 0.90 0.96 1.02 1.07 1.09 1.10 1.08 1.04 0.99 0.93 0.86 0.83 0.83 0.79 0.76 0.78 0.83 0.85 0.85 0.85 0.86 0.88 0.89 0.88 0.87 0.85 0.84 0.83 0.84 0.90 0.97 1.02 1.06 1.07 1.04 1.00 0.98 0.95 0.94 0.93 0.92 0.91 0.91 0.90 0.85 0.78 0.75 0.77 0.81 0.85 0.87 0.90 0.95 0.96 0.88 0.73 0.58 0.53 0.56 0.65 0.72 0.76 0.78 0.79 0.82 0.87 0.92 0.98 1.00 0.92 0.81
0.91 0.92 0.96 1.00 1.01 0.98 0.92 0.89 0.89 0.90 0.90 0.92 0.95 0.99 1.03 1.06 1.07 1.06 1.02 0.95 0.88 0.83 0.81 0.83 0.85 0.85 0.83 0.83 0.87 0.89 0.88 0.87 0.88 0.88 0.87 0.84 0.82 0.82 0.83 0.83 0.86 0.92 0.98 1.03 1.05 1.05 1.01 0.94 0.90 0.87 0.86 0.88 0.91 0.91 0.91 0.91 0.91 0.88 0.82 0.79 0.80 0.85 0.89 0.91 0.94 0.96 0.91 0.77 0.61 0.53 0.54 0.62 0.70 0.76 0.80 0.80 0.79 0.80 0.84 0.92 1.01 1.03 0.98 0.96
0.94 0.96 1.01 1.04 1.02 0.97 0.93 0.91 0.92 0.94 0.95 0.96 0.97 0.99 1.00 0.99 0.96 0.92 0.86 0.79 0.74 0.73 0.77 0.84 0.87 0.86 0.86 0.89 0.92 0.94 0.94 0.95 0.95 0.93 0.89 0.86 0.85 0.85 0.85 0.88 0.95 1.02 1.05 1.05 1.03 0.97 0.89 0.82 0.79 0.80 0.84 0.90 0.93 0.91 0.90 0.90 0.91 0.90 0.87 0.84 0.83 0.87 0.91 0.94 0.95 0.92 0.82 0.67 0.58 0.58 0.65 0.72 0.76 0.78 0.80 0.81 0.82 0.83 0.86 0.94 1.05 1.10 1.10 1.10
0.96 0.97 0.99 1.00 0.98 0.96 0.94 0.94 0.95 0.97 0.97 0.95 0.94 0.93 0.91 0.90 0.88 0.82 0.74 0.69 0.70 0.75 0.83 0.90 0.91 0.89 0.88 0.89 0.91 0.94 0.98 1.01 1.01 0.98 0.93 0.91 0.91 0.91 0.90 0.92 0.99 1.03 1.02 1.00 0.95 0.87 0.79 0.75 0.77 0.82 0.90 0.95 0.93 0.90 0.89 0.90 0.91 0.90 0.88 0.85 0.85 0.89 0.93 0.93 0.92 0.87 0.74 0.63 0.61 0.66 0.73 0.77 0.79 0.80 0.79 0.80 0.83 0.89 0.95 1.04 1.13 1.15 1.10 1.03
0.98 0.99 1.01 1.02 1.00 0.97 0.96 0.97 1.00 0.99 0.96 0.92 0.89 0.86 0.87 0.87 0.84 0.77 0.73 0.75 0.82 0.88 0.93 0.96 0.95 0.91 0.89 0.89 0.91 0.94 0.98 1.00 0.99 0.97 0.95 0.95 0.97 0.97 0.96 0.95 0.97 0.98 0.97 0.95 0.89 0.81 0.76 0.76 0.80 0.89 0.97 0.98 0.94 0.91 0.90 0.91 0.90 0.89 0.85 0.83 0.84 0.87 0.89 0.90 0.89 0.83 0.72 0.66 0.68 0.74 0.78 0.78 0.78 0.79 0.80 0.82 0.86 0.93 1.03 1.13 1.18 1.12 0.98 0.88
1.03 1.04 1.05 1.04 1.02 0.97 0.96 0.98 1.00 0.97 0.93 0.90 0.88 0.88 0.89 0.87 0.80 0.77 0.80 0.88 0.93 0.95 0.98 0.99 0.97 0.94 0.92 0.91 0.92 0.95 0.98 0.98 0.96 0.94 0.96 1.00 1.02 1.03 1.02 0.99 0.97 0.95 0.95 0.92 0.83 0.78 0.78 0.81 0.87 0.97 1.03 1.00 0.94 0.92 0.91 0.90 0.89 0.87 0.83 0.83 0.84 0.99 0.86 0.87 0.86 0.81 0.74 0.74 0.79 0.82 0.81 0.80 0.79 0.79 0.82 0.87 0.93 1.02 1.12 1.19 1.15 1.03 0.89 0.80
1.07 1.05 1.02 0.99 0.97 0.95 0.93 0.94 0.93 0.90 0.88 0.90 0.92 0.93 0.91 0.84 0.78 0.81 0.88 0.92 0.92 0.94 0.98 1.00 0.98 0.95 0.92 0.91 0.92 0.96 0.98 0.98 0.96 0.97 0.99 1.01 1.01 1.01 1.02 1.03 0.97 0.93 0.90 0.82 0.75 0.76 0.81 0.85 0.92 1.03 1.05 0.99 0.92 0.90 0.90 0.90 0.88 0.86 0.84 0.85 0.88 0.88 0.88 0.88 0.86 0.81 0.77 0.79 0.84 0.85 0.84 0.83 0.83 0.84 0.87 0.92 1.02 1.14 1.23 1.21 1.10 0.97 0.87 0.80
1.07 1.01 0.92 0.88 0.87 0.87 0.87 0.88 0.88 0.87 0.89 0.94 0.99 1.00 0.93 0.84 0.81 0.83 0.86 0.86 0.88 0.92 0.99 1.01 0.98 0.94 0.90 0.89 0.91 0.94 0.96 0.97 0.97 0.99 0.99 0.95 0.92 0.91 0.92 0.93 0.90 0.85 0.79 0.74 0.72 0.77 0.83 0.87 0.97 1.07 1.06 0.95 0.88 0.86 0.87 0.88 0.87 0.86 0.85 0.88 0.92 0.92 0.91 0.90 0.86 0.81 0.78 0.81 0.85 0.86 0.87 0.89 0.91 0.95 0.98 1.04 1.13 1.23 1.25 1.15 1.03 0.95 0.90 0.85
1.03 0.95 0.81 0.75 0.73 0.74 0.77 0.83 0.88 0.91 0.96 1.03 1.06 1.03 0.94 0.86 0.83 0.82 0.79 0.80 0.86 0.94 1.00 1.01 0.97 0.93 0.90 0.89 0.89 0.91 0.92 0.92 0.93 0.94 0.92 0.86 0.81 0.78 0.75 0.74 0.75 0.75 0.75 0.75 0.78 0.83 0.86 0.91 1.03 1.10 1.03 0.90 0.84 0.84 0.85 0.86 0.86 0.87 0.88 0.92 0.94 0.92 0.91 0.90 0.87 0.81 0.80 0.84 0.87 0.88 0.91 0.97 1.03 1.10 1.15 1.20 1.25 1.27 1.19 1.06 0.99 0.98 0.97 0.95
0.96 0.87 0.74 0.71 0.70 0.71 0.76 0.84 0.89 0.94 1.00 1.04 1.03 0.96 0.88 0.84 0.83 0.81 0.80 0.84 0.91 0.97 1.01 1.00 0.97 0.94 0.92 0.91 0.91 0.91 0.90 0.88 0.87 0.86 0.84 0.77 0.71 0.66 0.60 0.60 0.66 0.74 0.79 0.84 0.89 0.92 0.94 1.01 1.11 1.10 0.98 0.87 0.84 0.84 0.84 0.86 0.88 0.91 0.96 0.99 0.97 0.93 0.91 0.91 0.89 0.85 0.84 0.87 0.90 0.92 0.98 1.06 1.14 1.21 1.24 1.25 1.25 1.22 1.12 1.03 1.02 1.04 1.04 1.06
0.88 0.82 0.76 0.78 0.81 0.84 0.87 0.89 0.91 0.93 0.96 0.96 0.91 0.83 0.79 0.80 0.83 0.84 0.86 0.92 0.96 1.00 1.02 1.01 0.97 0.94 0.93 0.94 0.96 0.95 0.93 0.89 0.86 0.84 0.79 0.71 0.63 0.57 0.55 0.60 0.69 0.79 0.87 0.94 0.99 1.01 1.05 1.11 1.14 1.07 0.94 0.86 0.85 0.85 0.85 0.87 0.91 0.96 1.00 1.00 0.94 0.89 0.88 0.91 0.92 0.90 0.88 0.89 0.92 0.97 1.05 1.13 1.17 1.17 1.16 1.15 1.13 1.10 1.05 1.03 1.04 1.04 1.04 1.09
0.87 0.87 0.91 0.96 0.99 0.99 0.97 0.95 0.94 0.94 0.92 0.88 0.81 0.75 0.74 0.78 0.84 0.88 0.91 0.97 1.00 1.03 1.04 1.01 0.96 0.93 0.94 0.95 0.97 0.98 0.95 0.91 0.87 0.82 0.74 0.65 0.59 0.56 0.59 0.67 0.77 0.86 0.95 1.01 1.04 1.06 1.08 1.12 1.10 1.01 0.90 0.85 0.84 0.83 0.85 0.87 0.90 0.93 0.92 0.87 0.82 0.81 0.84 0.90 0.92 0.89 0.88 0.89 0.93 0.99 1.07 1.10 1.08 1.03 0.99 0.98 0.98 1.00 1.00 1.00 1.00 0.99 1.00 1.05
0.93 0.97 1.05 1.10 1.10 1.07 1.02 1.01 1.00 0.97 0.90 0.82 0.75 0.72 0.74 0.81 0.87 0.91 0.96 1.01 1.03 1.05 1.03 0.98 0.94 0.93 0.93 0.94 0.95 0.95 0.94 0.91 0.85 0.78 0.70 0.63 0.61 0.64 0.69 0.76 0.86 0.96 1.03 1.05 1.04 1.03 1.04 1.06 1.04 0.95 0.86 0.82 0.80 0.81 0.84 0.86 0.87 0.85 0.80 0.74 0.73 0.76 0.84 0.90 0.90 0.85 0.85 0.88 0.93 0.97 1.01 0.99 0.93 0.89 0.86 0.87 0.92 0.98 0.99 0.97 0.95 0.95 0.97 0.98
0.98 1.02 1.07 1.09 1.08 1.06 1.06 1.07 1.05 0.98 0.89 0.81 0.75 0.74 0.79 0.87 0.92 0.97 1.02 1.04 1.03 1.01 0.97 0.94 0.92 0.93 0.92 0.91 0.90 0.89 0.89 0.87 0.83 0.77 0.71 0.68 0.69 0.73 0.79 0.87 0.98 1.06 1.08 1.05 1.01 0.99 1.00 1.02 1.00 0.91 0.83 0.78 0.77 0.82 0.85 0.85 0.83 0.78 0.72 0.69 0.71 0.77 0.84 0.88 0.85 0.81 0.82 0.87 0.93 0.97 0.96 0.91 0.86 0.85 0.86 0.90 0.98 1.03 1.02 0.98 0.97 0.97 0.97 0.95
1.00 1.02 1.03 1.02 0.99 0.99 1.01 1.02 1.00 0.95 0.89 0.84 0.80 0.81 0.86 0.92 0.97 1.01 1.03 1.01 0.97 0.93 0.91 0.91 0.93 0.94 0.92 0.88 0.86 0.86 0.86 0.84 0.82 0.78 0.75 0.76 0.78 0.82 0.90 1.00 1.08 1.08 1.02 0.96 0.94 0.95 0.98 1.01 0.98 0.89 0.81 0.78 0.80 0.85 0.87 0.85 0.80 0.73 0.69 0.69 0.74 0.80 0.84 0.83 0.80 0.78 0.81 0.88 0.94 0.96 0.95 0.92 0.91 0.90 0.91 0.98 1.06 1.10 1.07 1.02 1.00 0.99 0.98 0.98
1.01 1.02 1.02 0.99 0.95 0.91 0.90 0.89 0.88 0.88 0.87 0.85 0.84 0.86 0.90 0.94 0.98 0.99 0.96 0.91 0.87 0.86 0.88 0.93 0.96 0.97 0.93 0.90 0.89 0.89 0.87 0.84 0.81 0.78 0.79 0.83 0.87 0.92 1.00 1.07 1.06 0.98 0.90 0.87 0.90 0.94 0.99 1.01 0.96 0.87 0.80 0.79 0.81 0.86 0.88 0.85 0.81 0.77 0.74 0.76 0.81 0.84 0.83 0.82 0.80 0.80 0.84 0.90 0.93 0.93 0.93 0.94 0.93 0.91 0.94 1.04 1.14 1.14 1.09 1.03 1.01 0.99 0.99 1.02
1.03 1.03 1.00 0.94 0.88 0.84 0.80 0.79 0.78 0.79 0.81 0.82 0.84 0.86 0.89 0.92 0.92 0.89 0.84 0.80 0.80 0.82 0.87 0.96 1.01 0.99 0.96 0.95 0.96 0.93 0.89 0.84 0.80 0.78 0.82 0.87 0.91 0.97 1.01 1.02 0.96 0.88 0.85 0.88 0.93 0.96 1.00 1.00 0.93 0.84 0.79 0.77 0.79 0.85 0.89 0.88 0.86 0.84 0.83 0.86 0.89 0.87 0.85 0.84 0.83 0.84 0.88 0.92 0.94 0.94 0.95 0.96 0.93 0.93 1.01 1.15 1.21 1.16 1.06 1.00 0.98 0.99 1.02 1.04
1.04 1.00 0.90 0.80 0.74 0.73 0.75 0.77 0.76 0.75 0.77 0.81 0.84 0.85 0.87 0.88 0.86 0.81 0.78 0.79 0.82 0.85 0.93 1.02 1.04 1.00 0.96 0.96 0.94 0.89 0.86 0.83 0.80 0.79 0.83 0.88 0.92 0.95 0.97 0.96 0.92 0.88 0.88 0.93 0.95 0.96 0.97 0.95 0.89 0.81 0.76 0.74 0.79 0.88 0.93 0.91 0.87 0.87 0.89 0.93 0.93 0.90 0.88 0.88 0.88 0.88 0.92 0.96 0.99 1.01 1.01 0.98 0.96 1.02 1.15 1.24 1.22 1.11 1.01 0.95 0.96 0.99 1.02 1.02
1.00 0.92 0.80 0.72 0.68 0.71 0.77 0.80 0.80 0.80 0.83 0.84 0.84 0.85 0.87 0.88 0.86 0.85 0.88 0.92 0.93 0.97 1.03 1.06 1.03 0.97 0.93 0.90 0.84 0.80 0.80 0.79 0.79 0.81 0.86 0.90 0.92 0.95 0.98 0.98 0.95 0.91 0.91 0.93 0.93 0.92 0.92 0.90 0.83 0.75 0.70 0.74 0.84 0.93 0.95 0.90 0.86 0.86 0.90 0.93 0.94 0.93 0.93 0.94 0.94 0.93 0.95 0.99 1.01 1.01 0.98 0.96 1.00 1.13 1.24 1.23 1.13 1.03 0.96 0.93 0.94 0.97 0.99 0.97
0.92 0.87 0.81 0.80 0.80 0.82 0.85 0.85 0.84 0.85 0.86 0.84 0.83 0.85 0.89 0.91 0.93 0.96 0.98 0.97 0.96 0.98 1.03 1.04 1.00 0.93 0.88 0.81 0.74 0.72 0.74 0.74 0.77 0.83 0.89 0.93 0.96 1.00 1.03 1.03 0.97 0.92 0.90 0.90 0.88 0.88 0.89 0.87 0.79 0.70 0.69 0.79 0.91 0.96 0.93 0.88 0.86 0.87 0.89 0.91 0.93 0.95 0.97 0.98 0.96 0.94 0.94 0.95 0.95 0.92 0.91 0.96 1.08 1.20 1.22 1.12 0.99 0.93 0.92 0.90 0.89 0.90 0.91 0.91
0.89 0.87 0.86 0.87 0.89 0.91 0.91 0.89 0.88 0.88 0.85 0.81 0.82 0.87 0.92 0.96 0.98 0.99 0.95 0.89 0.88 0.93 1.00 1.03 0.99 0.91 0.83 0.75 0.71 0.73 0.74 0.74 0.77 0.86 0.93 0.96 1.00 1.04 1.05 1.01 0.95 0.91 0.89 0.87 0.85 0.87 0.89 0.86 0.76 0.70 0.74 0.86 0.94 0.94 0.90 0.86 0.85 0.86 0.87 0.89 0.92 0.95 0.96 0.95 0.92 0.90 0.90 0.90 0.90 0.90 0.94 1.04 1.15 1.17 1.10 0.99 0.90 0.87 0.88 0.86 0.82 0.83 0.84 0.83
0.88 0.89 0.89 0.89 0.90 0.93 0.96 0.97 0.97 0.92 0.85 0.81 0.83 0.89 0.95 0.98 0.99 0.95 0.90 0.88 0.93 1.00 1.06 1.07 1.00 0.90 0.81 0.77 0.78 0.82 0.82 0.79 0.81 0.87 0.94 0.98 1.01 1.02 0.99 0.94 0.91 0.89 0.89 0.87 0.87 0.90 0.90 0.84 0.76 0.75 0.82 0.91 0.94 0.92 0.87 0.84 0.83 0.83 0.85 0.88 0.91 0.92 0.91 0.89 0.87 0.86 0.87 0.90 0.93 0.96 1.02 1.09 1.09 1.03 0.97 0.92 0.87 0.86 0.86 0.85 0.82 0.81 0.81 0.79
0.86 0.87 0.88 0.92 0.96 1.00 1.01 0.99 0.93 0.86 0.82 0.84 0.88 0.91 0.95 0.97 0.96 0.94 0.96 1.02 1.09 1.12 1.13 1.10 1.01 0.92 0.87 0.88 0.91 0.92 0.89 0.85 0.85 0.88 0.91 0.93 0.94 0.95 0.94 0.90 0.88 0.89 0.90 0.91 0.92 0.93 0.89 0.82 0.77 0.78 0.87 0.94 0.95 0.92 0.88 0.86 0.83 0.82 0.84 0.88 0.90 0.89 0.86 0.84 0.82 0.84 0.88 0.93 0.97 1.00 1.02 1.01 0.95 0.92 0.93 0.91 0.88 0.86 0.87 0.86 0.84 0.81 0.78 0.77
