project/data/elevation/US_DEM2016/US_DEM2016_point_10-31-2019_0753_30m_vel.asc
ncols	125
nrows	167
xllcorner	-2042055.000000
yllcorner	1465035.000000
cellsize	30.000000
NODATA_value	-9999.000000
[rows 38 to 75 of 167, columns 0 to 83 of 125]
7.78 7.70 7.47 7.12 6.64 6.32 6.04 5.60 5.06 4.57 4.36 4.40 4.73 5.42 6.15 6.51 6.51 6.45 6.65 7.11 7.40 7.56 7.73 8.07 8.49 8.85 9.23 9.62 9.61 9.22 8.47 7.62 7.05 6.86 7.03 7.55 8.11 8.38 8.58 9.02 9.60 9.98 10.13 9.98 9.67 9.30 8.69 7.73 7.02 6.45 6.17 6.12 6.13 6.45 6.88 7.02 7.04 7.23 7.24 7.22 7.16 6.90 6.73 6.35 5.77 5.17 4.59 4.36 4.41 4.61 4.79 4.96 5.15 5.57 5.89 6.24 6.71 7.60 8.70 9.84 10.75 11.34 11.44 11.05
7.51 7.06 6.48 6.13 5.72 5.53 5.37 5.17 4.97 4.81 4.79 4.85 4.97 5.23 5.69 6.11 6.20 6.23 6.00 5.88 5.72 5.66 5.80 6.23 6.99 7.81 8.50 9.19 9.62 9.69 9.32 8.62 7.96 7.64 7.85 8.50 8.99 9.26 9.35 9.50 9.81 9.98 10.16 10.16 9.92 9.42 8.53 7.59 6.88 6.25 6.04 6.18 6.29 6.41 6.86 7.13 7.29 7.45 7.25 6.89 6.40 5.84 5.36 5.23 5.11 4.84 4.30 3.95 3.96 4.14 4.38 4.61 4.87 5.22 5.54 5.80 6.03 6.56 7.32 7.87 8.17 8.90 10.18 10.98
7.11 6.59 5.94 5.59 5.43 5.35 5.38 5.48 5.60 5.74 5.89 6.00 5.93 5.79 5.79 6.12 6.14 6.11 5.69 5.13 4.91 5.01 5.34 5.85 6.64 7.35 7.97 8.59 9.16 9.61 9.72 9.39 8.99 8.97 9.30 9.82 10.22 10.42 10.20 9.80 9.66 9.26 9.05 9.32 9.42 9.44 9.08 8.71 8.24 7.76 7.19 6.91 6.77 6.59 6.81 7.01 7.15 7.23 6.97 6.51 5.87 5.00 4.03 3.69 3.66 3.67 3.72 3.73 3.75 3.79 3.89 4.24 4.71 5.09 5.36 5.52 5.60 5.82 6.32 6.74 6.89 7.36 8.83 10.62
7.02 6.66 6.25 6.09 6.08 6.12 6.14 6.24 6.43 6.68 6.89 6.90 6.66 6.41 6.25 6.22 6.30 6.24 5.93 5.55 5.49 5.71 6.04 6.35 6.61 6.92 7.19 7.61 8.31 9.01 9.68 9.78 9.86 10.11 10.43 10.69 10.82 10.66 10.27 9.76 9.24 8.62 8.12 8.10 8.61 8.86 8.97 8.96 9.02 9.00 8.70 7.92 7.21 6.72 6.60 6.58 6.48 6.35 6.24 6.15 5.77 4.96 3.95 3.46 3.42 3.58 3.78 3.82 3.70 3.60 3.65 3.93 4.43 4.86 5.08 5.16 5.30 5.59 5.98 6.28 6.44 6.60 7.42 9.22
7.17 7.03 6.90 6.87 6.86 6.82 6.76 6.81 7.06 7.34 7.44 7.28 6.89 6.76 6.80 6.85 6.85 6.83 6.77 6.75 6.83 7.00 7.18 7.32 7.40 7.35 7.28 7.39 7.87 8.48 9.38 9.89 10.45 10.93 10.99 10.65 10.16 9.64 9.17 8.85 8.51 7.96 7.32 7.18 7.54 7.91 8.09 8.00 8.18 8.39 8.42 7.96 7.27 6.65 6.43 6.41 6.23 5.97 5.93 6.29 6.28 5.80 5.09 4.74 4.76 4.68 4.39 4.03 3.91 3.92 3.85 3.78 3.89 4.10 4.16 4.20 4.66 5.29 5.67 5.88 6.14 6.41 7.01 8.25
7.21 7.17 7.16 7.19 7.22 7.28 7.38 7.57 7.80 7.93 7.82 7.53 7.13 7.18 7.09 7.19 7.30 7.40 7.54 7.70 7.96 8.18 8.27 8.26 8.19 8.00 7.87 7.88 8.10 8.39 9.11 9.76 10.38 10.79 10.69 10.11 9.24 8.44 7.88 7.77 7.79 7.48 6.86 6.44 6.65 7.06 7.16 6.73 6.25 5.94 6.03 6.40 6.55 6.47 6.49 6.74 6.84 6.84 6.97 7.26 7.31 7.04 6.61 6.36 5.93 5.38 5.00 4.85 4.82 4.49 3.93 3.43 3.26 3.23 3.10 3.21 3.79 4.61 5.01 5.21 5.77 6.51 7.16 7.67
7.25 7.27 7.38 7.53 7.78 8.15 8.50 8.70 8.69 8.51 8.18 7.82 7.45 7.26 7.21 7.35 7.53 7.72 7.91 8.13 8.38 8.50 8.48 8.35 8.16 7.94 7.88 7.96 8.22 8.52 9.17 9.50 9.75 9.74 9.64 9.45 8.99 8.24 7.27 6.81 6.84 6.86 6.49 5.96 5.91 6.30 6.13 5.54 4.80 4.39 4.46 4.89 5.43 5.89 6.48 7.13 7.53 7.77 7.92 7.97 8.02 7.88 7.40 6.87 6.16 5.81 5.82 5.74 5.22 4.26 3.53 3.21 3.11 3.02 2.94 3.10 3.65 4.27 4.55 4.65 5.20 6.12 6.67 6.91
7.51 7.68 7.99 8.28 8.56 8.88 9.13 9.22 9.10 8.80 8.40 8.06 7.82 7.66 7.76 7.90 7.99 8.10 8.20 8.23 8.14 7.94 7.78 7.70 7.70 7.65 7.63 7.80 8.27 8.74 9.28 9.15 8.80 8.50 8.38 8.60 8.60 8.24 7.20 6.33 5.93 5.99 5.85 5.38 5.35 5.62 5.55 5.31 5.17 5.12 4.98 4.79 4.82 5.36 6.31 7.20 7.54 7.65 7.70 7.86 7.98 8.02 7.63 7.12 6.77 6.66 6.36 5.67 4.70 3.98 3.73 3.80 3.83 3.75 3.70 3.85 4.27 4.62 4.70 4.70 4.98 5.49 6.00 6.35
7.72 7.98 8.42 8.71 8.80 8.78 8.70 8.64 8.58 8.43 8.22 8.01 7.99 8.14 8.42 8.55 8.55 8.47 8.32 8.09 7.74 7.39 7.16 7.16 7.35 7.48 7.60 7.90 8.44 8.85 8.99 8.56 7.96 7.58 7.35 7.34 7.52 7.64 7.21 6.29 5.47 5.28 5.35 5.36 5.53 5.76 5.92 5.87 5.85 5.56 5.09 4.78 4.98 5.73 6.64 7.13 7.27 7.33 7.44 7.72 7.87 8.01 7.88 7.59 7.27 6.80 5.80 5.09 4.79 4.81 4.98 5.07 5.05 4.99 5.03 5.14 5.29 5.35 5.32 5.33 5.44 5.63 5.95 6.36
7.67 7.82 8.16 8.39 8.33 8.11 7.84 7.63 7.54 7.58 7.58 7.52 7.58 7.88 8.17 8.35 8.42 8.31 8.06 7.77 7.48 7.19 6.98 6.94 7.06 7.25 7.47 7.90 8.39 8.55 8.31 7.77 7.39 7.00 6.57 6.32 6.38 6.75 6.95 6.61 5.71 5.34 5.49 5.92 6.18 6.40 6.40 5.94 5.31 4.68 4.48 4.77 5.78 7.03 7.65 7.62 7.56 7.61 7.72 7.90 8.01 8.16 7.99 7.61 7.09 6.35 5.74 5.68 6.09 6.53 6.78 6.82 6.78 6.69 6.60 6.61 6.61 6.50 6.42 6.44 6.23 6.12 6.29 6.55
7.55 7.58 7.57 7.67 7.67 7.46 7.18 6.91 6.77 6.80 6.89 6.94 6.98 7.15 7.28 7.43 7.64 7.75 7.69 7.50 7.24 6.98 6.80 6.70 6.71 6.84 7.01 7.43 7.97 8.06 7.85 7.51 7.22 6.81 6.16 5.58 5.52 5.88 6.38 6.49 5.98 5.48 5.41 5.66 5.90 6.20 6.27 5.63 4.91 4.66 5.02 6.16 7.67 8.65 8.92 8.48 8.13 7.96 7.99 8.21 8.42 8.57 8.36 7.87 7.59 7.58 7.91 8.45 8.95 9.29 9.37 9.35 9.29 9.19 9.03 8.90 8.78 8.52 8.14 7.59 6.87 6.37 6.43 6.52
7.62 7.60 7.31 7.12 7.17 7.22 7.08 6.85 6.68 6.64 6.81 6.95 7.06 7.09 7.08 7.16 7.30 7.45 7.49 7.34 7.04 6.73 6.52 6.42 6.41 6.46 6.54 6.95 7.53 7.61 7.52 7.45 7.33 7.07 6.46 5.58 5.25 5.22 5.51 5.79 5.61 5.11 4.75 4.68 4.96 5.51 6.05 5.94 5.64 5.84 6.98 8.53 9.57 9.93 9.64 8.92 8.39 8.15 8.21 8.60 8.92 9.24 9.20 9.12 9.26 9.79 10.53 11.23 11.73 11.98 12.04 12.02 11.97 11.90 11.74 11.48 11.17 10.81 10.09 8.94 7.70 6.74 6.45 6.32
7.71 7.67 7.36 7.02 6.96 7.16 7.34 7.30 7.14 7.15 7.47 7.77 7.93 7.92 7.83 7.74 7.65 7.55 7.42 7.23 6.95 6.64 6.35 6.19 6.17 6.28 6.44 6.85 7.23 7.12 6.83 6.98 7.08 7.19 7.12 6.52 5.82 5.28 5.17 5.44 5.46 5.21 5.01 4.95 5.15 5.63 6.44 6.93 7.24 8.03 9.36 10.24 10.52 10.09 9.48 8.78 8.37 8.21 8.12 8.27 8.58 9.12 9.48 9.66 10.07 10.61 11.08 11.60 11.92 12.10 12.24 12.37 12.42 12.41 12.28 12.04 11.77 11.50 11.01 10.28 9.29 8.11 6.96 6.30
7.67 7.54 7.27 7.14 7.02 7.08 7.33 7.54 7.57 7.65 8.09 8.59 8.78 8.74 8.56 8.24 7.88 7.55 7.34 7.19 7.00 6.71 6.34 6.05 6.02 6.25 6.50 6.81 6.84 6.37 6.07 6.17 6.33 6.81 7.22 7.27 6.65 6.06 5.91 6.13 6.37 6.53 6.66 6.65 6.70 7.09 8.05 9.11 10.13 10.87 11.17 11.05 10.43 9.48 8.88 8.31 7.96 7.67 7.37 7.19 7.36 7.81 8.64 9.02 9.33 9.42 9.23 9.10 8.98 9.12 9.42 9.86 10.04 10.10 10.03 9.96 10.03 9.98 9.89 9.90 9.75 9.26 8.35 7.12
7.49 7.13 6.75 6.74 6.76 6.84 7.08 7.41 7.65 7.76 8.12 8.62 8.80 8.78 8.54 8.09 7.57 7.20 7.05 6.96 6.81 6.59 6.30 6.02 5.97 6.17 6.42 6.59 6.36 5.69 5.46 5.54 5.66 5.99 6.69 7.07 7.05 6.92 7.01 7.40 7.75 7.98 8.10 8.24 8.52 9.12 10.04 10.96 11.66 11.88 11.63 10.86 9.94 8.97 8.37 7.86 7.43 6.97 6.71 6.52 6.63 6.95 7.43 7.85 7.88 7.27 6.53 5.77 5.47 5.56 5.90 6.40 6.71 6.75 6.84 6.89 7.19 7.34 7.39 7.65 8.18 8.48 8.39 7.83
7.24 6.76 6.22 6.07 6.15 6.41 6.76 7.14 7.52 7.67 7.75 7.99 7.94 7.88 7.67 7.31 6.90 6.61 6.48 6.45 6.38 6.28 6.23 6.20 6.19 6.21 6.34 6.41 6.13 5.66 5.49 5.53 5.57 5.67 5.97 6.50 6.95 7.09 7.29 7.74 8.21 8.40 8.58 8.89 9.46 10.13 10.72 11.13 11.23 11.08 10.72 10.15 9.42 8.74 8.19 7.73 7.33 6.97 6.91 6.87 6.98 7.09 7.13 7.23 6.87 6.07 5.30 4.81 4.69 4.67 4.54 4.37 4.40 4.52 4.63 4.78 5.11 5.40 5.42 5.26 5.38 5.73 5.97 6.19
7.11 6.72 6.23 6.02 5.97 6.00 6.16 6.54 6.95 7.14 7.04 7.10 6.54 6.42 6.29 6.21 6.05 5.82 5.73 5.90 6.16 6.31 6.42 6.53 6.49 6.43 6.45 6.51 6.48 6.39 6.24 6.02 5.81 5.59 5.48 5.91 6.42 6.61 6.74 7.04 7.52 7.89 8.22 8.75 9.49 9.99 10.13 9.79 9.14 9.04 9.24 9.35 9.09 8.69 8.25 7.85 7.54 7.37 7.46 7.42 7.36 7.27 7.05 6.98 6.68 6.08 5.73 5.57 5.40 5.04 4.39 3.54 3.08 2.97 3.05 3.20 3.52 3.79 3.79 3.42 3.11 3.09 3.39 4.06
7.23 7.03 6.83 6.69 6.46 6.07 5.64 5.63 5.97 6.24 6.21 6.48 5.45 5.28 5.25 5.28 5.27 5.14 5.19 5.61 6.22 6.72 6.94 6.92 6.85 6.78 6.76 6.82 6.85 6.90 6.66 6.25 5.84 5.44 5.24 5.54 6.01 6.29 6.33 6.44 6.73 7.19 7.69 8.44 9.13 9.32 8.92 8.12 7.70 7.72 8.06 8.46 8.58 8.50 8.11 7.80 7.53 7.41 7.44 7.22 6.89 6.60 6.47 6.59 6.68 6.53 6.45 6.31 5.68 4.88 3.92 3.17 2.69 2.39 2.20 2.08 2.09 2.20 2.24 2.22 2.27 2.59 3.35 4.30
7.55 7.67 7.81 7.71 7.37 6.81 6.02 5.64 5.68 5.92 5.95 5.65 5.36 5.33 5.32 5.28 5.29 5.32 5.49 5.95 6.59 7.24 7.52 7.56 7.52 7.49 7.37 7.24 7.12 7.09 6.77 6.50 6.29 5.98 5.74 5.95 6.48 6.82 6.81 6.78 6.89 7.18 7.60 8.33 8.68 8.41 7.53 6.90 6.57 6.58 6.93 7.47 7.89 7.92 7.62 7.36 7.10 6.88 6.66 6.21 5.77 5.54 5.74 6.19 6.74 6.93 6.79 6.34 5.44 4.62 4.01 3.74 3.58 3.13 2.45 1.92 1.67 1.70 1.93 2.30 2.91 3.91 5.22 6.06
7.82 8.11 8.41 8.41 8.18 7.77 7.19 6.72 6.45 6.40 6.37 6.24 6.23 6.38 6.52 6.59 6.63 6.74 6.81 7.01 7.42 7.91 8.24 8.43 8.54 8.53 8.23 7.87 7.75 7.85 7.90 7.84 7.74 7.45 7.02 7.05 7.51 7.83 7.94 7.93 7.90 7.77 7.87 8.23 8.13 7.30 6.43 5.77 5.52 5.60 5.95 6.55 7.16 7.23 7.08 6.88 6.58 6.17 5.73 5.43 5.34 5.49 5.99 6.49 6.93 6.94 6.56 5.97 5.26 4.98 5.04 5.10 4.68 3.95 3.18 2.75 2.65 2.77 3.12 3.85 5.06 6.45 7.31 7.39
7.86 7.96 8.11 8.26 8.43 8.46 8.17 7.72 7.22 6.83 6.68 6.77 7.11 7.53 7.96 8.21 8.41 8.58 8.67 8.67 8.77 8.83 8.99 9.21 9.38 9.25 8.94 8.59 8.53 8.63 8.75 8.66 8.50 8.23 7.80 7.60 7.79 8.10 8.42 8.63 8.61 8.36 8.13 7.89 7.16 6.15 5.35 4.85 4.65 4.67 5.00 5.57 6.23 6.65 6.76 6.66 6.44 6.13 5.93 6.05 6.30 6.73 7.25 7.57 7.57 7.16 6.55 6.16 5.97 6.09 6.26 6.04 5.28 4.42 3.95 3.90 4.10 4.47 5.16 6.20 7.42 8.16 8.23 7.64
7.75 7.55 7.43 7.61 7.99 8.38 8.45 8.07 7.48 6.90 8.04 6.74 7.25 7.89 8.46 8.87 9.16 9.40 9.61 9.66 9.54 9.36 9.34 9.45 9.47 9.33 9.16 8.97 8.90 8.75 8.26 7.79 7.53 7.52 7.51 7.55 7.63 7.87 8.18 8.54 8.74 8.55 8.11 7.35 6.11 4.98 4.30 3.99 3.83 3.89 4.05 4.50 5.36 6.19 6.65 6.80 6.81 6.78 6.87 6.99 7.27 7.78 8.34 8.75 8.68 8.40 7.62 7.23 7.31 7.40 7.01 6.31 5.62 5.31 5.33 5.57 6.06 6.76 7.67 8.55 8.95 8.76 8.05 7.24
7.69 7.39 7.06 7.00 7.11 7.35 7.64 7.65 7.31 6.79 6.34 6.24 6.52 7.04 7.56 7.92 8.17 8.31 8.38 8.45 8.54 8.60 8.63 8.59 8.46 8.44 8.51 8.63 8.70 8.64 8.14 7.32 6.81 6.76 7.19 7.66 7.98 8.12 8.19 8.28 8.34 8.05 7.54 6.73 5.60 4.44 3.73 3.50 3.57 3.72 3.86 4.20 4.98 5.98 6.74 7.22 7.52 7.69 7.71 7.61 7.78 8.44 9.13 9.58 9.72 9.80 9.41 8.67 8.43 8.34 7.72 7.09 6.89 7.29 7.83 8.40 9.04 9.63 10.05 10.02 9.51 8.60 7.69 7.02
7.55 7.13 6.65 6.50 6.25 6.13 6.35 6.67 6.70 6.30 5.71 5.28 5.12 5.23 5.50 5.72 5.86 5.78 5.45 5.34 5.90 6.52 6.68 6.49 6.28 6.62 7.23 7.66 8.00 8.39 8.58 8.43 8.05 7.72 7.70 7.96 8.19 8.22 8.04 7.78 7.56 7.32 6.97 6.62 5.99 5.13 4.50 4.43 4.57 4.72 4.88 5.18 5.65 6.30 6.88 7.41 7.92 8.37 8.55 8.71 9.07 9.65 9.87 9.86 9.98 10.30 10.29 9.98 9.71 9.62 9.45 9.36 9.68 10.20 10.62 10.99 11.29 11.40 11.15 10.36 9.39 8.47 7.73 7.04
7.18 6.64 6.08 5.98 5.84 5.68 5.62 5.84 6.04 5.75 5.09 4.36 3.74 3.37 3.29 3.42 3.60 3.57 3.40 3.32 3.60 4.11 4.36 4.34 4.57 5.24 6.24 6.80 7.15 7.42 8.00 8.55 8.79 8.75 8.33 7.97 7.69 7.53 7.23 6.90 6.73 6.91 7.05 7.23 7.23 7.19 6.90 6.75 6.70 6.71 6.78 6.82 6.82 6.90 7.00 7.23 7.66 8.30 8.97 9.62 10.18 10.25 9.84 9.22 8.86 9.26 9.93 10.16 10.47 10.75 11.03 11.31 11.62 11.76 11.74 11.65 11.53 11.23 10.61 9.82 9.07 8.42 7.80 7.02
7.01 6.59 6.05 5.82 5.77 5.73 5.64 5.65 5.79 5.67 5.12 4.32 3.48 2.81 2.42 2.32 2.51 3.03 3.46 3.50 3.27 3.07 3.07 3.39 4.07 5.01 6.04 6.44 6.50 6.35 6.61 7.19 7.89 8.32 8.10 7.43 6.72 6.30 6.21 6.17 6.29 6.83 7.42 7.99 8.36 8.76 8.88 8.66 8.42 8.25 7.88 7.49 7.26 7.20 7.19 7.27 7.60 8.28 9.05 9.61 9.78 9.39 8.65 7.82 7.54 7.92 8.73 9.41 9.96 10.51 10.84 11.00 11.07 10.97 10.71 10.32 9.84 9.27 8.95 8.66 8.26 7.85 7.39 6.77
7.20 7.02 6.70 6.38 6.18 6.11 6.03 6.00 6.02 5.99 5.74 5.23 4.61 3.90 3.26 2.85 2.94 3.68 4.61 4.97 4.64 3.98 3.59 3.74 4.44 5.48 6.29 6.44 6.19 5.77 5.61 5.76 6.36 6.91 7.14 6.92 6.41 5.98 5.95 6.28 6.72 7.37 7.81 8.21 8.55 8.95 9.14 9.17 9.01 8.61 7.81 7.25 7.11 7.25 7.37 7.52 7.83 8.45 8.91 8.92 8.44 7.66 7.06 6.76 6.84 7.24 7.72 8.24 8.73 9.13 9.31 9.22 8.91 8.70 8.62 8.36 7.76 7.10 6.81 6.92 6.82 6.57 6.25 5.93
7.34 7.31 7.24 7.07 6.84 6.63 6.54 6.63 6.70 6.79 6.83 6.72 6.42 5.82 5.07 4.41 4.12 4.47 5.21 5.99 6.14 5.79 5.30 5.16 5.55 6.28 6.79 6.88 6.64 6.05 5.58 5.28 5.30 5.71 6.41 6.98 7.20 7.28 7.37 7.54 7.84 8.10 8.05 7.99 8.06 8.26 8.47 8.69 8.71 8.50 7.87 7.37 7.22 7.33 7.46 7.59 7.86 8.29 8.44 7.97 7.27 6.69 6.38 6.32 6.38 6.57 6.79 7.11 7.52 7.78 7.88 7.76 7.32 6.84 6.63 6.71 6.33 5.55 4.86 4.84 5.06 4.83 4.55 4.37
7.36 7.35 7.37 7.26 7.11 6.97 7.04 7.29 7.62 7.97 8.24 8.31 7.99 7.38 6.62 5.87 5.29 5.11 5.41 6.30 7.00 7.32 7.25 6.98 6.91 7.29 7.64 7.74 7.67 7.17 6.65 6.13 5.77 5.94 6.63 7.47 8.13 8.60 8.74 8.64 8.46 8.27 7.91 7.64 7.55 7.52 7.62 7.71 7.84 7.95 7.88 7.62 7.42 7.41 7.57 7.76 8.04 8.23 7.91 7.17 6.53 6.21 6.07 5.95 5.92 6.14 6.40 6.60 6.71 6.84 6.82 6.77 6.59 5.98 5.29 5.13 5.08 4.52 3.65 3.22 3.31 3.27 3.04 2.95
7.40 7.39 7.39 7.20 7.01 6.97 7.15 7.50 8.03 8.59 9.05 9.21 9.10 8.74 8.16 7.38 6.53 5.93 5.89 6.49 7.28 8.04 8.18 8.07 8.06 8.41 8.53 8.42 8.32 8.16 7.95 7.63 7.28 7.19 7.39 7.77 8.13 8.39 8.46 8.30 8.06 7.86 7.58 7.27 7.04 6.72 6.61 6.54 6.55 6.78 7.14 7.29 7.29 7.33 7.63 7.96 8.10 7.82 7.03 6.23 5.87 5.79 5.79 5.90 6.05 6.32 6.39 6.18 5.90 5.84 5.81 5.73 5.79 5.53 4.75 4.15 4.02 3.82 3.11 2.50 2.38 2.48 2.56 2.60
7.42 7.36 7.28 7.08 6.84 6.75 6.79 6.92 7.24 7.71 8.28 8.80 9.25 9.48 9.42 8.98 8.14 7.18 6.70 6.81 7.19 7.92 8.37 8.62 8.87 9.08 8.90 8.41 8.09 8.17 8.40 8.53 8.44 8.08 7.75 7.57 7.48 7.40 7.40 7.54 7.61 7.57 7.38 7.02 6.60 6.18 5.94 5.72 5.58 5.60 5.88 6.27 6.61 6.90 7.34 7.55 7.34 6.68 5.77 5.35 5.31 5.39 5.64 6.03 6.24 6.20 5.89 5.29 4.67 4.38 4.39 4.20 4.11 4.35 4.20 3.70 3.39 3.31 3.02 2.67 2.47 2.54 2.83 3.21
7.33 7.19 6.98 6.90 6.77 6.65 6.49 6.22 5.93 5.84 6.14 7.01 8.13 9.07 9.70 9.86 9.49 8.68 7.78 7.36 7.37 7.84 8.32 8.84 9.16 9.10 8.62 8.00 7.42 7.35 7.64 8.01 8.20 7.98 7.65 7.38 7.17 7.13 7.36 7.61 7.63 7.53 7.34 7.11 6.77 6.39 6.05 5.59 5.09 4.79 4.87 5.36 6.02 6.46 6.80 6.61 5.96 5.18 4.73 4.63 4.62 4.64 4.98 5.38 5.42 5.29 5.07 4.56 3.80 3.18 2.96 2.86 2.84 3.05 3.32 3.35 3.29 3.33 3.41 3.45 3.45 3.55 3.89 4.48
7.23 7.02 6.78 6.82 6.83 6.78 6.60 6.26 5.67 5.00 4.65 5.00 6.11 7.53 8.76 9.54 9.84 9.62 8.97 8.31 8.11 8.23 8.48 8.93 9.16 8.94 8.37 7.62 6.87 6.39 6.24 6.39 6.82 7.16 7.34 7.36 7.32 7.40 7.64 7.78 7.65 7.45 7.34 7.28 7.07 6.57 5.99 5.26 4.85 4.88 5.24 5.86 6.42 6.60 6.54 5.85 5.02 4.48 4.26 4.14 3.98 3.85 3.89 4.07 4.31 4.66 5.09 5.06 4.49 3.87 3.57 3.40 3.20 3.07 3.19 3.44 3.69 3.98 4.29 4.59 4.82 5.13 5.53 6.19
7.24 7.04 6.84 6.88 6.97 6.99 6.91 6.82 6.54 5.91 5.10 4.68 5.03 5.98 7.26 8.41 9.24 9.75 9.70 9.36 9.19 9.19 9.29 9.44 9.37 9.04 8.49 7.72 6.88 6.28 5.90 5.83 6.00 6.37 6.80 7.13 7.28 7.33 7.43 7.55 7.37 7.14 7.01 7.00 6.85 6.24 5.72 5.52 5.88 6.52 7.07 7.34 7.34 7.06 6.60 6.07 5.71 5.50 5.28 4.98 4.70 4.48 4.37 4.47 5.06 5.82 6.53 6.76 6.48 6.01 5.57 5.12 4.49 4.06 3.96 4.13 4.49 4.92 5.33 5.83 6.47 7.20 7.84 8.75
7.26 7.04 6.89 6.98 7.14 7.19 7.23 7.41 7.65 7.66 7.18 6.45 6.03 6.14 6.73 7.74 8.70 9.64 10.10 10.22 10.30 10.26 10.13 9.92 9.54 9.18 8.86 8.45 7.81 7.44 7.23 7.02 6.69 6.56 6.73 6.99 7.15 7.20 7.18 7.01 6.79 6.63 6.63 6.69 6.75 6.72 6.95 7.54 8.13 8.48 8.53 8.25 7.80 7.35 7.12 7.12 7.20 7.29 7.25 7.10 6.95 6.92 7.01 7.30 7.68 7.94 7.99 7.94 7.65 7.10 6.42 5.70 5.01 4.70 4.75 5.04 5.43 5.93 6.62 7.73 9.08 10.22 11.04 11.79
7.24 7.02 6.89 7.04 7.29 7.41 7.53 7.82 8.36 8.91 9.11 8.93 8.50 7.96 7.75 8.08 8.79 9.79 10.58 10.97 11.19 11.02 10.45 9.88 9.37 9.16 9.19 9.18 8.93 8.61 8.37 8.19 7.88 7.62 7.43 7.33 7.29 7.18 6.92 6.62 6.55 6.76 6.92 7.10 7.32 7.66 8.17 8.63 8.76 8.55 8.29 8.03 7.79 7.51 7.39 7.50 7.61 7.86 8.18 8.45 8.64 8.84 8.96 8.94 8.67 8.21 7.72 7.61 7.39 6.78 5.99 5.39 5.10 5.09 5.36 5.86 6.48 7.30 8.53 10.19 11.69 12.73 13.15 13.14
7.26 7.11 7.02 7.20 7.44 7.55 7.60 7.91 8.68 9.60 10.26 10.52 10.43 10.05 9.53 9.27 9.57 10.28 10.89 11.22 11.34 11.05 10.29 9.48 8.92 8.80 9.04 9.33 9.32 9.03 8.67 8.40 8.08 7.83 7.54 7.31 7.20 7.01 6.79 6.79 7.01 7.20 7.29 7.45 7.59 7.58 7.54 7.45 7.09 6.73 6.57 6.76 7.10 7.24 7.12 7.08 7.18 7.44 7.81 8.24 8.64 8.92 8.81 8.33 7.50 6.62 6.17 6.47 6.74 6.46 5.85 5.53 5.52 5.67 6.12 6.80 7.67 8.78 10.23 11.51 12.30 12.63 12.48 11.99
7.35 7.27 7.29 7.49 7.68 7.78 7.90 8.36 9.29 9.95 10.24 10.32 10.41 10.47 10.38 10.37 10.59 10.85 10.83 10.70 10.62 10.35 9.76 9.10 8.59 8.31 8.33 8.72 9.03 8.98 8.65 8.21 7.51 6.98 6.76 6.78 6.86 6.82 6.73 6.69 6.67 6.77 6.95 7.16 7.23 6.90 6.39 5.85 5.65 5.54 5.52 5.74 6.18 6.52 6.65 6.79 6.96 7.06 7.20 7.45 7.79 7.92 7.55 6.67 5.79 5.26 5.17 5.72 6.52 6.79 6.47 6.22 6.31 6.67 7.34 8.21 9.23 10.36 11.21 11.47 10.80 9.60 8.73 8.42
