project/data/elevation/US_DEM2016/US_DEM2016_point_10-29-2019_1414_30m_vel.asc
ncols	125
nrows	167
xllcorner	-2042055.000000
yllcorner	1465035.000000
cellsize	30.000000
NODATA_value	-9999.000000
[rows 76 to 113 of 167, columns 0 to 83 of 125]
2.81 2.79 2.80 2.84 2.91 3.00 3.19 3.40 3.45 3.32 3.13 3.04 3.18 3.50 3.77 3.99 4.09 4.08 3.80 3.48 3.32 3.26 3.16 3.07 3.06 3.05 2.99 3.00 3.09 3.22 3.26 3.15 2.90 2.70 2.65 2.67 2.68 2.62 2.50 2.39 2.35 2.42 2.56 2.58 2.60 2.62 2.61 2.52 2.45 2.43 2.42 2.39 2.37 2.40 2.50 2.60 2.68 2.70 2.72 2.76 2.75 2.58 2.30 2.06 1.93 1.94 2.07 2.20 2.39 2.58 2.64 2.70 2.93 3.28 3.65 4.06 4.47 4.65 4.53 4.22 3.68 2.88 2.47 2.37
2.82 2.81 2.86 2.92 3.00 3.17 3.29 3.26 3.04 2.74 2.58 2.66 2.96 3.35 3.68 3.84 4.21 3.55 3.32 3.15 3.04 2.99 2.96 2.96 3.00 3.03 2.99 2.97 3.01 3.15 3.30 3.34 3.23 3.12 3.03 2.94 2.81 2.64 2.49 2.43 2.46 2.51 2.52 2.44 2.41 2.45 2.50 2.46 2.37 2.30 2.26 2.23 2.21 2.31 2.48 2.64 2.75 2.80 2.82 2.77 2.61 2.34 2.17 2.15 2.26 2.43 2.55 2.66 2.88 3.25 3.53 3.84 4.22 4.55 4.77 4.92 4.91 4.77 4.36 4.06 3.65 2.99 2.48 2.22
2.77 2.71 2.74 2.83 2.89 2.97 2.95 2.79 2.63 2.58 2.65 2.85 3.19 3.58 3.80 3.77 3.58 3.37 3.20 3.04 2.90 2.81 2.78 2.78 2.81 2.85 2.85 2.87 2.89 2.99 3.18 3.34 3.38 3.32 3.21 3.07 2.88 2.67 2.56 2.50 2.45 2.36 2.25 2.14 2.08 2.05 1.98 1.89 1.86 1.85 1.88 1.96 2.12 2.34 2.54 2.70 2.82 2.86 2.79 2.64 2.43 2.24 2.24 2.42 2.72 2.94 3.14 3.39 3.74 3.99 4.26 4.55 4.56 5.20 5.51 4.81 4.68 4.15 3.91 3.86 3.83 3.59 3.16 2.73
2.71 2.59 2.57 2.67 2.69 2.68 2.68 2.72 2.82 2.96 3.12 3.35 3.66 3.89 3.87 3.65 3.41 3.24 3.09 2.96 2.81 2.71 2.64 2.61 2.59 2.60 2.61 2.62 2.60 2.64 2.74 2.99 3.15 3.16 3.08 2.96 2.81 2.63 2.50 2.35 2.20 2.07 2.00 2.00 1.93 1.80 1.64 1.60 1.69 1.86 2.06 2.28 2.50 2.65 2.72 2.74 2.72 2.61 2.42 2.22 2.10 2.13 2.30 2.64 3.04 3.38 3.74 4.01 4.12 4.20 4.27 4.34 4.93 4.41 4.31 4.12 4.16 3.58 3.43 3.51 3.72 3.82 3.71 3.41
2.66 2.55 2.55 2.69 2.74 2.75 2.81 2.96 3.16 3.32 3.52 3.78 3.97 3.93 3.70 3.40 3.16 3.01 2.90 2.78 2.65 2.56 2.49 2.45 2.41 2.39 2.33 2.23 2.08 2.08 2.13 2.35 2.62 2.80 2.84 2.80 2.70 2.63 2.53 2.42 2.32 2.29 2.30 2.33 2.24 2.07 1.88 1.87 2.04 2.30 2.56 2.76 2.86 2.88 2.79 2.70 2.56 2.39 2.23 2.13 2.13 2.27 2.54 2.95 3.37 3.75 3.96 3.96 3.88 3.83 3.80 3.74 3.69 3.60 3.51 3.45 3.41 3.33 3.21 3.10 3.24 3.54 3.73 3.71
2.63 2.59 2.65 2.83 2.93 2.97 3.02 3.16 3.34 3.52 3.74 3.91 3.90 3.65 3.35 3.08 2.87 2.71 2.60 2.50 2.40 2.36 2.35 2.30 2.26 2.23 2.08 1.78 1.59 1.53 1.56 1.69 1.95 2.29 2.52 2.65 2.68 2.75 2.77 2.79 2.83 2.89 2.94 2.88 2.78 2.69 2.57 2.52 2.64 2.73 2.77 2.77 2.77 2.76 2.73 2.70 2.68 2.73 2.75 2.75 2.77 2.87 3.07 3.40 3.69 3.80 3.68 3.41 3.31 3.38 3.41 3.37 3.32 3.19 3.12 3.13 3.20 3.26 3.22 3.02 2.96 3.10 3.37 3.58
2.70 2.70 2.75 2.82 2.90 3.00 3.11 3.26 3.44 3.62 3.76 3.75 3.54 3.23 2.98 2.80 2.66 2.52 2.39 2.29 2.23 2.20 2.16 2.16 2.14 2.12 2.01 1.71 1.37 1.24 1.25 1.37 1.57 1.81 2.16 2.47 2.63 2.78 2.88 3.01 3.13 3.21 3.21 3.12 3.07 3.11 3.14 3.06 2.99 2.86 2.72 2.69 2.75 2.81 2.81 2.82 2.87 3.00 3.09 3.16 3.24 3.34 3.50 3.65 3.70 3.53 3.22 3.06 3.09 3.21 3.25 3.18 3.19 3.03 3.01 3.01 3.07 3.18 3.29 3.13 2.95 2.87 2.95 3.21
2.80 2.82 2.81 2.76 2.81 2.96 3.14 3.32 3.48 3.59 3.60 3.44 3.17 2.93 2.78 2.66 2.54 2.43 2.31 2.19 2.10 2.04 2.01 2.02 2.08 2.10 2.16 2.08 1.76 1.54 1.50 1.60 1.71 1.81 2.00 2.30 2.49 2.65 2.83 3.00 3.09 3.09 3.05 2.99 3.01 3.15 3.29 3.25 3.09 2.96 2.94 3.00 3.03 3.00 2.90 2.89 2.91 2.96 3.07 3.20 3.34 3.46 3.58 3.58 3.43 3.18 3.05 3.09 3.17 3.20 3.11 2.95 2.80 2.72 2.65 2.69 2.78 2.90 2.99 3.03 2.92 2.72 2.58 2.77
2.81 2.84 2.85 2.84 2.90 3.03 3.19 3.35 3.44 3.45 3.34 3.13 2.91 2.75 2.65 2.53 2.41 2.32 2.24 2.12 1.98 1.91 1.92 2.00 2.12 2.28 2.50 2.67 2.68 2.60 2.46 2.30 2.21 2.18 2.21 2.32 2.50 2.71 2.91 2.99 2.92 2.81 2.79 2.88 2.97 3.12 3.33 3.45 3.45 3.44 3.37 3.28 3.16 3.05 2.94 2.92 2.93 3.00 3.14 3.25 3.34 3.40 3.42 3.35 3.16 3.02 3.03 3.14 3.16 3.06 2.85 2.80 2.37 2.18 2.02 2.02 2.16 2.33 2.50 2.63 2.68 2.58 2.36 2.39
2.79 2.82 2.88 2.95 3.05 3.15 3.24 3.31 3.33 3.27 3.13 2.93 2.76 2.62 2.51 2.40 2.27 2.15 2.05 1.95 1.89 1.93 2.06 2.24 2.44 2.63 2.83 3.06 3.26 3.34 3.28 3.07 2.79 2.59 2.53 2.56 2.75 2.99 3.00 2.86 2.70 2.66 2.77 2.91 2.99 3.14 3.37 3.59 3.77 3.83 3.69 3.45 3.24 3.11 2.98 2.95 3.00 3.09 3.16 3.17 3.17 3.15 3.14 3.11 3.00 2.93 2.93 2.96 2.92 2.80 2.64 2.85 2.24 1.95 1.70 1.60 1.56 1.60 1.73 1.91 2.13 2.25 2.22 2.19
2.81 2.85 2.93 3.03 3.13 3.18 3.16 3.14 3.16 3.12 2.99 2.81 2.64 2.50 2.38 2.24 2.06 1.91 1.84 1.84 1.91 2.09 2.32 2.53 2.73 2.86 2.92 3.05 3.22 3.31 3.34 3.34 3.19 2.93 2.78 2.78 2.91 2.97 2.80 2.61 2.55 2.61 2.67 2.74 2.83 3.00 3.27 3.36 3.58 3.71 3.71 3.58 3.42 3.25 3.06 2.98 2.98 2.97 2.93 2.91 2.85 2.84 2.89 2.94 2.90 2.86 2.81 2.74 2.67 2.64 2.62 2.61 2.55 2.40 2.07 1.71 1.45 1.30 1.24 1.29 1.44 1.65 1.78 1.81
2.83 2.86 2.92 2.98 3.01 2.97 2.94 2.99 3.06 3.04 2.88 2.70 2.53 2.37 2.19 2.00 1.88 1.88 1.98 2.06 2.14 2.26 2.43 2.63 2.80 2.86 2.84 2.87 2.95 2.96 3.03 3.20 3.30 3.25 3.11 2.96 2.83 2.66 2.52 2.49 2.49 2.47 2.42 2.44 2.61 2.80 2.89 2.92 3.03 3.16 3.23 3.27 3.27 3.22 3.11 2.99 2.89 2.80 2.75 2.74 2.74 2.79 2.87 2.89 2.86 2.80 2.76 2.69 2.62 2.64 2.71 2.75 2.85 2.99 2.96 2.61 2.22 1.88 1.64 1.50 1.43 1.41 1.46 1.57
2.81 2.83 2.84 2.83 2.79 2.78 2.88 3.06 3.11 2.99 2.78 2.59 2.42 2.23 2.04 1.96 2.04 2.26 2.39 2.47 2.49 2.51 2.57 2.66 2.71 2.71 2.69 2.73 2.83 2.87 2.92 3.05 3.22 3.34 3.33 3.13 2.80 2.56 2.46 2.48 2.45 2.41 2.40 2.46 2.57 2.64 2.59 2.45 2.35 2.31 2.37 2.43 2.52 2.67 2.75 2.78 2.78 2.77 2.78 2.83 2.89 2.93 2.91 2.86 2.81 2.76 2.71 2.68 2.65 2.71 2.80 2.80 2.90 3.16 3.39 3.42 3.32 3.08 2.82 2.55 2.26 2.05 2.04 2.05
2.80 2.80 2.79 2.79 2.80 2.90 3.09 3.19 3.09 2.87 2.64 2.41 2.20 2.01 1.95 2.04 2.25 2.43 2.54 2.62 2.67 2.70 2.70 2.65 2.55 2.47 2.47 2.56 2.74 2.89 2.95 2.96 2.99 3.11 3.22 3.18 2.91 2.69 2.57 2.56 2.57 2.61 2.64 2.63 2.62 2.55 2.36 2.07 1.80 1.67 1.65 1.71 1.82 2.05 2.33 2.58 2.73 2.81 2.87 2.94 2.97 2.91 2.81 2.74 2.71 2.67 2.63 2.64 2.67 2.73 2.78 2.76 2.77 2.95 3.19 3.45 3.61 3.66 3.64 3.55 3.37 3.16 3.01 2.86
2.80 2.81 2.83 2.89 2.98 3.13 3.23 3.15 2.91 2.63 2.37 2.07 1.81 1.70 1.72 1.82 1.94 2.09 2.28 2.44 2.58 2.65 2.62 2.47 2.32 2.27 2.32 2.42 2.52 2.62 2.71 2.72 2.72 2.81 3.00 3.12 3.00 2.84 2.73 2.75 2.78 2.82 2.82 2.81 2.80 2.72 2.50 2.18 1.89 1.70 1.68 1.83 2.12 2.41 2.63 2.76 2.82 2.85 2.88 2.88 2.84 2.72 2.63 2.61 2.59 2.54 2.52 2.57 2.62 2.64 2.66 2.63 2.56 2.56 2.68 2.86 3.13 3.36 3.54 3.66 3.69 3.64 3.55 3.41
2.83 2.85 2.89 2.99 3.12 3.21 3.15 2.92 2.60 2.28 2.00 1.77 1.62 1.56 1.54 1.52 1.56 1.69 1.88 2.10 2.26 2.35 2.34 2.29 2.29 2.33 2.35 2.32 2.25 2.21 2.25 2.33 2.41 2.54 2.75 2.96 2.98 2.87 2.79 2.84 2.87 2.89 2.93 3.04 3.09 3.05 2.91 2.74 2.60 2.52 2.49 2.65 2.89 3.05 3.08 2.98 2.89 2.83 2.77 2.68 2.59 2.52 2.48 2.50 2.49 2.43 2.41 2.49 2.50 2.49 2.49 2.46 2.35 2.26 2.25 2.33 2.51 2.70 2.88 3.06 3.24 3.35 3.34 3.35
2.85 2.88 2.95 3.06 3.16 3.12 2.89 2.56 2.24 1.99 1.81 1.72 1.70 1.71 1.71 1.66 1.63 1.66 1.74 1.87 2.00 2.09 2.17 2.29 2.44 2.53 2.54 2.47 2.38 2.32 2.31 2.36 2.44 2.50 2.59 2.74 2.83 2.81 2.80 2.88 2.93 2.99 3.10 3.26 3.29 3.25 3.21 3.23 3.26 3.33 3.41 3.40 3.29 3.12 2.95 2.86 2.81 2.74 2.62 2.48 2.35 2.31 2.34 2.41 2.46 2.45 2.44 2.47 2.44 2.41 2.40 2.37 2.28 2.17 2.09 2.03 2.11 2.22 2.30 2.40 2.54 2.69 2.74 2.75
2.86 2.90 2.98 3.06 3.04 2.84 2.50 2.17 1.94 1.82 1.77 1.79 1.85 1.94 2.04 2.08 2.07 2.04 2.07 2.16 2.28 2.38 2.47 2.56 2.61 2.68 2.81 2.92 2.95 2.95 2.93 2.93 2.93 2.86 2.68 2.63 2.72 2.81 2.91 3.02 3.10 3.19 3.31 3.38 3.31 3.20 3.21 3.35 3.50 3.62 3.68 3.60 3.36 3.04 2.82 2.81 2.79 2.70 2.55 2.38 2.26 2.24 2.33 2.49 2.61 2.62 2.60 2.56 2.46 2.42 2.41 2.37 2.30 2.18 1.99 1.77 1.72 1.76 1.77 1.82 1.93 2.10 2.16 2.13
2.86 2.89 2.92 2.89 2.71 2.38 2.04 1.81 1.71 1.69 1.74 1.86 1.99 2.14 2.32 2.53 2.69 2.79 2.88 2.97 3.03 3.04 2.99 2.89 2.79 2.81 2.97 3.09 3.17 3.18 3.17 3.13 3.05 2.92 2.70 2.62 2.72 2.90 3.08 3.21 3.28 3.32 3.33 3.29 3.16 3.06 3.09 3.28 3.49 3.61 3.56 3.50 3.45 3.36 3.21 3.05 2.90 2.76 2.65 2.56 2.51 2.51 2.60 2.71 2.76 2.71 2.63 2.58 2.49 2.49 2.50 2.42 2.29 2.08 1.74 1.42 1.29 1.24 1.25 1.32 1.40 1.50 1.64 1.73
2.85 2.85 2.80 2.64 2.35 2.03 1.79 1.65 1.62 1.69 1.84 2.06 2.28 2.48 2.72 3.00 3.23 3.43 3.54 3.53 3.44 3.28 3.09 2.94 2.88 2.93 2.96 2.85 2.76 2.73 2.67 2.61 2.58 2.55 2.55 2.65 2.81 3.01 3.19 3.28 3.28 3.22 3.11 2.99 2.94 2.92 2.96 3.10 3.31 3.47 3.46 3.42 3.42 3.42 3.35 3.16 2.97 2.83 2.75 2.72 2.73 2.79 2.84 2.89 2.85 2.71 2.57 2.54 2.57 2.67 2.67 2.50 2.28 1.97 1.52 1.20 1.08 1.02 1.00 1.05 1.11 1.18 1.30 1.48
2.85 2.83 2.72 2.53 2.33 2.15 2.02 1.93 1.91 2.00 2.17 2.39 2.64 2.91 3.18 3.40 3.55 3.60 3.54 3.39 3.19 2.98 2.84 2.82 2.93 3.06 3.00 2.75 2.52 2.41 2.36 2.35 2.42 2.46 2.55 2.73 2.92 3.07 3.17 3.19 3.12 2.99 2.84 2.73 2.73 2.76 2.76 2.81 2.95 3.03 3.08 3.12 3.13 3.09 3.03 2.97 2.87 2.78 2.70 2.66 2.69 2.81 2.90 2.95 2.87 2.75 2.67 2.66 2.71 2.79 2.74 2.53 2.34 2.17 1.76 1.37 1.17 1.08 1.03 1.07 1.15 1.23 1.33 1.54
2.82 2.78 2.67 2.58 2.53 2.46 2.41 2.41 2.47 2.54 2.62 2.76 3.01 3.30 3.52 3.59 3.53 3.36 3.12 2.85 2.63 2.54 2.57 2.71 2.92 3.12 3.13 3.06 2.97 2.94 2.91 2.88 2.82 2.76 2.74 2.83 2.93 3.01 3.05 3.01 2.87 2.72 2.62 2.60 2.62 2.66 2.67 2.63 2.56 2.43 2.37 2.45 2.56 2.59 2.60 2.65 2.69 2.68 2.65 2.65 2.71 2.82 2.88 2.87 2.74 2.65 2.68 2.72 2.71 2.70 2.64 2.50 2.48 2.54 2.40 1.99 1.64 1.40 1.36 1.42 1.51 1.60 1.75 2.07
2.76 2.71 2.64 2.64 2.66 2.69 2.74 2.85 2.99 3.09 3.14 3.24 3.43 3.59 3.59 3.46 3.23 2.95 2.70 2.50 2.37 2.37 2.50 2.70 2.92 3.12 3.19 3.31 3.40 3.42 3.39 3.32 3.20 3.04 2.91 2.89 2.89 2.92 2.91 2.79 2.61 2.49 2.51 2.59 2.67 2.77 2.79 2.69 2.45 2.16 1.97 1.95 1.97 2.07 2.25 2.47 2.63 2.69 2.69 2.72 2.79 2.86 2.83 2.74 2.59 2.52 2.55 2.58 2.53 2.51 2.49 2.51 2.65 2.87 3.02 2.95 2.65 2.30 2.28 2.32 2.39 2.45 2.58 2.78
2.74 2.70 2.67 2.71 2.82 2.96 3.12 3.26 3.37 3.45 3.51 3.58 3.62 3.54 3.35 3.09 2.85 2.62 2.44 2.36 2.44 2.59 2.76 2.91 3.07 3.12 3.08 3.11 3.18 3.21 3.21 3.22 3.21 3.14 2.97 2.87 2.84 2.80 2.70 2.57 2.50 2.57 2.67 2.77 2.86 2.94 2.89 2.79 2.69 2.52 2.31 2.14 2.04 2.13 2.36 2.57 2.71 2.79 2.84 2.86 2.87 2.88 2.83 2.76 2.69 2.63 2.57 2.53 2.50 2.53 2.56 2.63 2.81 3.00 3.25 3.50 3.61 3.54 3.47 3.46 3.45 3.38 3.30 3.17
2.76 2.74 2.71 2.76 2.90 3.09 3.24 3.35 3.40 3.43 3.48 3.50 3.41 3.21 2.95 2.72 2.51 2.34 2.24 2.29 2.53 2.77 2.93 3.04 3.11 3.05 2.87 2.74 2.70 2.72 2.77 2.87 3.00 3.05 2.94 2.83 2.76 2.64 2.52 2.49 2.64 2.85 2.93 2.96 2.99 2.99 2.87 2.80 2.83 2.89 2.87 2.81 2.73 2.67 2.70 2.73 2.76 2.85 2.96 3.01 3.00 3.00 2.96 2.93 2.89 2.85 2.80 2.77 2.79 2.80 2.77 2.77 2.84 2.92 3.10 3.46 3.81 3.99 4.03 3.98 3.81 3.60 3.36 3.07
2.75 2.73 2.69 2.72 2.81 2.94 3.01 3.04 3.06 3.10 3.15 3.13 3.01 2.82 2.61 2.41 2.23 2.15 2.20 2.35 2.58 2.76 2.88 2.95 2.94 2.78 2.56 2.42 2.34 2.31 2.38 2.50 2.64 2.76 2.80 2.77 2.69 2.62 2.63 2.77 2.95 3.03 3.03 3.00 2.99 2.95 2.82 2.72 2.75 2.86 2.99 3.11 3.15 3.05 2.83 2.70 2.73 2.85 2.96 3.03 3.09 3.15 3.13 3.08 3.03 2.99 2.98 2.98 2.98 2.90 2.82 2.80 2.80 2.85 2.98 3.21 3.47 3.65 3.74 3.74 3.62 3.41 3.13 2.81
2.74 2.74 2.72 2.74 2.75 2.75 2.73 2.70 2.70 2.77 2.81 2.76 2.61 2.44 2.25 2.11 2.12 2.28 2.54 2.75 2.85 2.90 2.93 2.94 2.84 2.57 2.26 2.09 1.99 1.94 1.95 1.99 2.07 2.24 2.42 2.55 2.66 2.77 2.90 3.00 3.02 2.99 2.94 2.91 2.90 2.84 2.74 2.64 2.61 2.62 2.69 2.84 2.98 2.97 2.78 2.67 2.71 2.82 2.92 3.03 3.15 3.23 3.21 3.14 3.05 2.99 2.96 2.92 2.85 2.73 2.70 2.72 2.75 2.82 2.93 3.02 3.09 3.12 3.16 3.29 3.38 3.36 3.22 3.06
2.82 2.88 2.95 2.91 2.82 2.71 2.62 2.56 2.57 2.61 2.58 2.43 2.22 2.01 1.86 1.91 2.20 2.62 2.93 3.07 3.13 3.12 3.08 3.06 2.97 2.77 2.43 2.09 1.88 1.79 1.72 1.70 1.77 1.92 2.12 2.37 2.63 2.80 2.86 2.83 2.78 2.76 2.76 2.77 2.78 2.73 2.65 2.56 2.47 2.38 2.35 2.37 2.46 2.61 2.64 2.63 2.67 2.76 2.88 3.00 3.13 3.20 3.16 3.09 3.01 2.95 2.91 2.85 2.74 2.63 2.61 2.65 2.71 2.75 2.80 2.88 2.89 2.86 2.80 2.88 3.05 3.22 3.34 3.42
2.93 3.02 3.09 3.03 2.90 2.76 2.66 2.60 2.57 2.47 2.25 1.98 1.73 1.57 1.52 1.65 2.04 2.50 2.80 2.99 3.08 3.11 3.08 3.07 3.04 2.98 2.88 2.63 2.40 2.28 2.24 2.21 2.25 2.32 2.43 2.58 2.70 2.74 2.69 2.62 2.56 2.56 2.63 2.70 2.75 2.72 2.64 2.58 2.48 2.36 2.25 2.09 1.99 2.07 2.23 2.41 2.56 2.69 2.81 2.94 3.04 3.06 3.02 2.96 2.94 2.94 2.95 2.94 2.86 2.73 2.64 2.63 2.66 2.71 2.79 2.84 2.83 2.82 2.70 2.59 2.59 2.72 2.91 3.09
2.91 2.93 2.94 2.90 2.82 2.73 2.63 2.55 2.39 2.12 1.77 1.51 1.40 1.43 1.50 1.64 1.89 2.14 2.35 2.59 2.73 2.81 2.91 3.00 3.37 3.01 3.14 3.24 3.24 3.20 3.16 3.14 3.10 3.02 2.95 2.90 2.82 2.74 2.68 2.61 2.56 2.56 2.67 2.76 2.80 2.76 2.71 2.71 2.67 2.53 2.32 2.02 1.74 1.72 1.93 2.26 2.52 2.69 2.81 2.92 2.96 2.91 2.86 2.88 2.92 2.94 2.99 3.03 3.01 2.85 2.73 2.69 2.69 2.71 2.74 2.73 2.75 2.80 2.74 2.53 2.31 2.19 2.20 2.28
2.79 2.72 2.68 2.69 2.67 2.59 2.46 2.28 2.05 1.81 1.63 1.57 1.64 1.83 2.15 2.44 2.45 2.37 2.31 2.33 2.42 2.57 2.84 3.03 3.03 3.02 3.16 3.36 3.51 3.60 3.61 3.56 3.46 3.31 3.15 3.00 2.86 2.77 2.69 2.62 2.62 2.70 2.81 2.84 2.80 2.71 2.67 2.72 2.74 2.60 2.31 1.99 1.84 1.94 2.20 2.45 2.62 2.73 2.83 2.87 2.82 2.76 2.79 2.89 2.95 2.95 2.97 3.04 3.10 3.05 2.91 2.83 2.77 2.66 2.56 2.53 2.61 2.73 2.77 2.62 2.36 2.17 2.09 2.10
2.73 2.66 2.59 2.59 2.58 2.52 2.39 2.21 2.03 1.97 2.06 2.24 2.49 2.85 3.24 3.47 3.52 3.33 3.03 2.86 2.84 2.96 3.16 3.17 3.08 3.03 3.03 3.07 3.16 3.29 3.36 3.35 3.32 3.24 3.15 3.04 2.92 2.81 2.70 2.64 2.71 2.86 2.93 2.83 2.71 2.60 2.55 2.62 2.71 2.68 2.51 2.36 2.34 2.46 2.57 2.60 2.61 2.68 2.75 2.75 2.70 2.70 2.78 2.85 2.87 2.86 2.87 2.94 3.07 3.16 3.08 2.95 2.81 2.65 2.52 2.48 2.55 2.66 2.75 2.74 2.69 2.68 2.67 2.58
2.75 2.70 2.62 2.61 2.63 2.65 2.66 2.62 2.59 2.65 2.88 3.20 3.55 3.83 3.96 3.98 4.01 3.96 3.85 3.71 3.62 3.58 3.49 3.25 3.07 3.00 2.94 2.87 2.81 2.79 2.81 2.86 2.89 2.93 2.97 3.01 2.99 2.90 2.79 2.75 2.81 2.83 2.77 2.66 2.60 2.59 2.59 2.67 2.82 2.97 3.04 3.02 2.96 2.85 2.69 2.55 2.55 2.64 2.69 2.69 2.69 2.73 2.73 2.72 2.70 2.66 2.65 2.72 2.86 3.01 3.05 2.97 2.86 2.74 2.64 2.59 2.59 2.63 2.73 2.82 2.88 2.94 2.96 2.93
2.80 2.78 2.74 2.73 2.77 2.84 2.94 3.05 3.20 3.40 3.65 3.89 4.02 4.01 3.89 3.74 3.67 3.74 3.78 3.77 3.71 3.60 3.41 3.18 3.04 2.98 2.91 2.88 2.82 2.69 2.57 2.54 2.56 2.61 2.71 2.83 2.91 2.90 2.84 2.77 2.67 2.54 2.43 2.45 2.61 2.72 2.77 2.85 2.99 3.20 3.38 3.45 3.38 3.18 2.93 2.75 2.73 2.76 2.76 2.75 2.74 2.71 2.65 2.62 2.58 2.52 2.49 2.53 2.62 2.77 2.89 2.92 2.86 2.79 2.72 2.68 2.64 2.63 2.70 2.78 2.81 2.81 2.82 2.85
2.85 2.86 2.86 2.85 2.88 2.95 3.05 3.24 3.52 3.77 3.90 3.90 3.77 3.54 3.31 3.14 3.09 3.13 3.16 3.21 3.24 3.22 3.14 3.04 3.00 2.94 2.88 2.88 2.91 2.89 2.82 2.76 2.76 2.78 2.78 2.77 2.79 2.82 2.78 2.66 2.49 2.39 2.44 2.62 2.83 2.91 2.94 3.00 3.08 3.21 3.35 3.43 3.48 3.47 3.41 3.27 3.15 3.04 2.94 2.85 2.77 2.67 2.63 2.61 2.55 2.48 2.47 2.50 2.56 2.65 2.77 2.82 2.80 2.77 2.74 2.70 2.66 2.66 2.71 2.77 2.78 2.78 2.78 2.79
2.85 2.85 2.86 2.89 2.96 3.06 3.21 3.42 3.64 3.72 3.65 3.48 3.26 3.03 2.84 2.74 2.71 2.71 2.72 2.79 2.89 2.94 2.96 2.95 2.95 2.94 2.87 2.82 2.82 2.88 2.96 3.03 3.07 3.06 3.00 2.90 2.81 2.78 2.74 2.67 2.64 2.69 2.80 2.97 3.08 3.06 3.04 3.07 3.08 3.09 3.13 3.19 3.32 3.50 3.63 3.62 3.47 3.29 3.10 2.92 2.78 2.70 2.65 2.58 2.50 2.49 2.55 2.60 2.62 2.65 2.69 2.73 2.74 2.73 2.70 2.66 2.64 2.64 2.68 2.75 2.80 2.82 2.82 2.81
2.79 2.78 2.80 2.89 3.01 3.17 3.36 3.50 3.52 3.39 3.18 3.01 2.85 2.69 2.56 2.47 2.44 2.47 2.55 2.65 2.75 2.84 2.87 2.87 2.91 2.96 2.94 2.88 2.81 2.77 2.76 2.80 2.84 2.89 2.92 2.92 2.86 2.80 2.78 2.82 2.89 2.95 3.03 3.17 3.20 3.12 3.05 3.02 2.97 2.96 2.95 2.98 3.06 3.21 3.36 3.43 3.40 3.28 3.11 2.94 2.82 2.72 2.62 2.52 2.48 2.54 2.64 2.68 2.66 2.63 2.62 2.64 2.67 2.67 2.63 2.58 2.55 2.53 2.57 2.67 2.74 2.74 2.71 2.71
2.77 2.75 2.79 2.88 2.99 3.15 3.29 3.28 3.13 2.92 2.72 2.54 2.40 2.29 2.20 2.20 2.29 2.43 2.56 2.70 2.85 2.93 2.87 2.82 2.91 3.01 3.01 3.01 3.01 2.92 2.77 2.58 2.47 2.51 2.63 2.75 2.80 2.80 2.83 2.89 2.96 3.02 3.11 3.21 3.14 3.01 2.93 2.88 2.86 2.87 2.87 2.86 2.86 2.86 2.84 2.90 2.96 2.97 2.96 2.92 2.85 2.73 2.61 2.55 2.57 2.65 2.71 2.70 2.65 2.60 2.56 2.56 2.57 2.59 2.59 2.55 2.50 2.46 2.49 2.57 2.60 2.54 2.48 2.45
