project/data/elevation/US_DEM2016/US_DEM2016_point_11-01-2019_1725_30m_vel.asc
ncols	125
nrows	167
xllcorner	-2042055.000000
yllcorner	1465035.000000
cellsize	30.000000
NODATA_value	-9999.000000
[rows 114 to 151 of 167, columns 0 to 83 of 125]
3.76 3.78 3.85 3.96 4.11 4.31 4.48 4.38 4.03 3.62 3.28 2.96 2.71 2.54 2.56 2.82 3.30 3.74 3.99 4.20 4.51 4.61 4.25 3.89 4.02 4.17 4.08 3.94 3.85 3.75 3.62 3.44 3.24 3.07 2.96 2.96 3.14 3.37 3.53 3.67 3.85 4.06 4.35 4.70 4.72 4.33 3.86 3.60 3.58 3.69 3.86 3.93 3.84 3.57 3.25 3.03 2.98 3.13 3.38 3.54 3.61 3.60 3.51 3.40 3.38 3.46 3.60 3.65 3.49 3.21 2.97 2.84 2.79 2.80 2.83 2.82 2.79 2.80 2.96 3.24 3.23 2.90 2.70 2.61
3.88 3.91 3.97 4.02 4.08 4.13 4.08 3.83 3.39 2.97 2.67 2.44 2.31 2.37 2.76 3.37 3.95 4.35 4.58 4.67 4.62 4.31 3.79 3.59 3.77 3.84 3.73 3.69 3.74 3.83 3.91 3.91 3.77 3.46 3.13 3.05 3.28 3.57 3.74 3.88 4.04 4.18 4.35 4.49 4.32 3.88 3.50 3.35 3.43 3.68 3.97 4.04 3.91 3.66 3.34 3.04 2.92 2.99 3.14 3.28 3.43 3.57 3.63 3.60 3.57 3.58 3.59 3.52 3.35 3.12 2.93 2.85 2.81 2.79 2.77 2.74 2.73 2.79 2.96 3.15 3.09 2.83 2.67 2.57
3.99 4.00 4.01 4.01 4.00 3.92 3.77 3.52 3.26 3.09 2.98 2.89 2.97 3.32 3.89 4.50 4.90 5.00 4.94 4.74 4.37 3.91 3.53 3.40 3.43 3.37 3.29 3.34 3.49 3.66 3.82 3.94 3.96 3.87 3.76 3.74 3.81 3.91 3.96 4.02 4.06 4.11 4.23 4.26 4.04 3.68 3.39 3.30 3.47 3.81 4.11 4.18 4.05 3.87 3.72 3.62 3.53 3.45 3.39 3.40 3.46 3.53 3.57 3.59 3.60 3.59 3.53 3.41 3.24 3.01 2.83 2.75 2.72 2.73 2.74 2.73 2.74 2.83 3.00 3.18 3.24 3.16 3.09 3.11
4.04 4.00 3.95 3.93 3.89 3.78 3.65 3.53 3.48 3.54 3.67 3.88 4.20 4.62 5.02 5.25 5.21 4.93 4.61 4.24 3.89 3.68 3.60 3.53 3.43 3.27 3.11 3.08 3.17 3.27 3.36 3.51 3.70 3.90 4.06 4.11 4.02 3.90 3.83 3.81 3.81 3.92 4.10 4.16 3.96 3.68 3.44 3.38 3.57 3.91 4.12 4.11 4.01 3.94 3.96 4.03 4.09 4.08 3.97 3.81 3.69 3.57 3.49 3.46 3.46 3.44 3.35 3.25 3.15 2.98 2.80 2.69 2.65 2.69 2.75 2.79 2.85 2.96 3.13 3.39 3.64 3.73 3.73 3.85
4.04 3.95 3.86 3.85 3.82 3.76 3.69 3.64 3.64 3.77 4.10 4.53 4.94 5.21 5.29 5.10 4.64 4.21 3.95 3.66 3.53 3.61 3.71 3.76 3.69 3.46 3.18 3.00 3.00 3.02 2.99 3.05 3.21 3.46 3.66 3.76 3.72 3.62 3.57 3.59 3.67 3.86 4.09 4.13 3.90 3.62 3.47 3.45 3.61 3.84 3.95 3.89 3.79 3.80 3.91 4.00 4.10 4.17 4.14 4.03 3.84 3.61 3.41 3.29 3.20 3.09 2.98 3.04 3.15 3.10 2.94 2.82 2.76 2.77 2.83 2.90 3.00 3.12 3.34 3.69 3.95 4.00 4.00 4.07
4.00 3.92 3.83 3.81 3.78 3.75 3.72 3.70 3.77 4.02 4.44 4.83 5.04 5.04 4.81 4.39 3.98 3.75 3.53 3.32 3.31 3.43 3.59 3.72 3.68 3.46 3.23 3.12 3.12 3.11 3.03 2.97 2.95 2.97 3.07 3.23 3.36 3.43 3.50 3.60 3.73 3.93 4.10 4.04 3.71 3.46 3.44 3.52 3.65 3.76 3.79 3.71 3.67 3.76 3.86 3.88 3.86 3.83 3.82 3.81 3.72 3.52 3.31 3.13 2.94 2.79 2.83 3.11 3.32 3.27 3.11 3.01 2.93 2.89 2.91 2.97 3.05 3.18 3.44 3.78 3.96 3.86 3.73 3.68
3.97 3.93 3.87 3.81 3.75 3.73 3.75 3.81 3.98 4.36 4.74 4.90 4.82 4.60 4.28 3.93 3.71 3.53 3.26 3.08 3.08 3.19 3.41 3.59 3.49 3.26 3.21 3.27 3.31 3.28 3.23 3.14 3.00 2.87 2.77 2.84 3.07 3.32 3.52 3.67 3.81 3.96 4.04 3.82 3.41 3.24 3.36 3.52 3.63 3.68 3.70 3.70 3.74 3.84 3.86 3.77 3.63 3.50 3.43 3.41 3.38 3.32 3.22 3.09 2.98 3.01 3.19 3.41 3.47 3.30 3.12 3.03 2.96 2.91 2.88 2.88 2.91 3.07 3.39 3.74 3.86 3.69 3.48 3.33
4.01 4.01 3.95 3.83 3.76 3.78 3.87 4.02 4.30 4.66 4.85 4.80 4.60 4.38 4.13 3.86 3.61 3.35 3.13 3.10 3.20 3.37 3.58 3.62 3.43 3.24 3.26 3.33 3.34 3.31 3.28 3.27 3.21 3.05 2.85 2.78 2.97 3.25 3.47 3.63 3.79 3.95 3.89 3.50 3.08 3.01 3.21 3.40 3.48 3.53 3.62 3.70 3.73 3.71 3.62 3.50 3.41 3.33 3.24 3.13 3.12 3.16 3.21 3.25 3.34 3.47 3.58 3.60 3.48 3.23 3.02 2.92 2.87 2.86 2.83 2.81 2.87 3.12 3.46 3.71 3.75 3.59 3.40 3.23
4.10 4.07 3.96 3.81 3.78 3.86 4.03 4.28 4.62 4.83 4.82 4.65 4.46 4.29 4.03 3.71 3.45 3.30 3.34 3.51 3.66 3.75 3.77 3.68 3.48 3.32 3.30 3.31 3.29 3.24 3.22 3.23 3.24 3.18 3.08 3.05 3.15 3.32 3.43 3.56 3.75 3.84 3.56 3.02 2.72 2.79 3.05 3.28 3.36 3.37 3.43 3.46 3.38 3.28 3.18 3.13 3.15 3.19 3.16 3.10 3.09 3.15 3.22 3.31 3.43 3.52 3.57 3.57 3.46 3.25 3.03 2.88 2.81 2.80 2.81 2.88 3.04 3.28 3.46 3.56 3.56 3.45 3.26 3.08
4.07 4.00 3.86 3.77 3.80 3.93 4.14 4.38 4.63 4.71 4.59 4.40 4.25 4.02 3.64 3.37 3.34 3.47 3.63 3.72 3.70 3.65 3.67 3.70 3.64 3.46 3.30 3.25 3.22 3.15 3.10 3.09 3.07 3.08 3.19 3.30 3.36 3.38 3.39 3.51 3.62 3.43 2.86 2.38 2.35 2.59 2.91 3.21 3.30 3.25 3.20 3.12 2.96 2.82 2.75 2.77 2.87 2.94 2.97 3.02 3.08 3.15 3.18 3.20 3.26 3.38 3.47 3.50 3.43 3.25 3.05 2.90 2.79 2.72 2.74 2.88 3.05 3.16 3.19 3.26 3.37 3.36 3.13 2.89
4.02 3.98 3.89 3.82 3.85 3.97 4.13 4.27 4.36 4.32 4.16 4.02 3.88 3.55 3.19 3.21 3.38 3.49 3.46 3.34 3.24 3.31 3.54 3.75 3.73 3.54 3.37 3.27 3.20 3.10 3.03 3.00 3.00 3.06 3.17 3.24 3.24 3.22 3.23 3.32 3.23 2.76 2.24 2.10 2.27 2.53 2.84 3.18 3.30 3.27 3.22 3.11 2.91 2.73 2.65 2.69 2.73 2.71 2.76 2.92 3.04 3.12 3.19 3.31 3.46 3.57 3.56 3.47 3.30 3.08 2.92 2.81 2.69 2.60 2.65 2.79 2.91 2.97 3.02 3.16 3.33 3.31 3.03 2.77
4.13 4.14 4.06 3.92 3.85 3.89 3.97 4.02 4.03 3.95 3.82 3.72 3.53 3.18 3.05 3.18 3.24 3.11 2.92 2.81 2.90 3.21 3.61 3.85 3.75 3.53 3.43 3.39 3.30 3.14 3.01 2.98 3.01 3.03 2.99 2.91 2.89 2.92 2.99 3.01 2.80 2.45 2.37 2.54 2.70 2.80 2.98 3.25 3.40 3.41 3.35 3.23 3.11 2.98 2.91 2.90 2.80 2.73 2.83 2.97 3.05 3.12 3.26 3.52 3.68 3.66 3.49 3.32 3.14 2.93 2.76 2.64 2.54 2.50 2.59 2.71 2.83 2.95 3.10 3.25 3.32 3.23 3.02 2.93
4.27 4.20 4.00 3.78 3.70 3.73 3.79 3.79 3.75 3.71 3.64 3.50 3.21 2.93 2.86 2.87 2.78 2.64 2.59 2.71 2.99 3.38 3.79 3.93 3.70 3.46 3.42 3.43 3.35 3.19 3.06 3.02 3.02 2.94 2.81 2.73 2.76 2.86 2.94 2.91 2.81 2.83 2.99 3.12 3.19 3.24 3.33 3.47 3.56 3.50 3.33 3.19 3.15 3.14 3.13 3.10 2.99 2.94 2.99 3.03 3.01 3.07 3.24 3.43 3.41 3.26 3.16 3.15 3.11 2.95 2.72 2.54 2.47 2.50 2.60 2.68 2.75 2.87 3.04 3.18 3.24 3.28 3.34 3.35
4.17 3.93 3.54 3.41 3.47 3.60 3.67 3.62 3.55 3.50 3.40 3.17 2.87 2.68 2.62 2.59 2.56 2.61 2.81 3.17 3.48 3.74 3.95 3.83 3.42 3.24 3.25 3.25 3.19 3.15 3.14 3.13 3.09 3.01 2.93 2.95 3.03 3.08 3.11 3.11 3.15 3.23 3.27 3.31 3.41 3.55 3.67 3.73 3.71 3.57 3.41 3.31 3.26 3.23 3.19 3.17 3.14 3.08 3.00 2.95 2.92 2.99 3.12 3.14 3.03 2.95 3.05 3.22 3.20 2.97 2.69 2.51 2.48 2.56 2.69 2.78 2.82 2.87 2.96 3.07 3.28 3.59 3.76 3.56
3.85 3.53 3.16 3.17 3.38 3.57 3.61 3.52 3.42 3.34 3.19 2.96 2.76 2.72 2.80 2.88 3.01 3.24 3.60 3.91 4.05 4.05 3.91 3.56 3.22 3.11 3.07 2.99 2.99 3.07 3.15 3.17 3.15 3.16 3.22 3.31 3.35 3.30 3.24 3.22 3.22 3.19 3.22 3.37 3.57 3.77 3.93 3.97 3.89 3.78 3.69 3.61 3.52 3.41 3.29 3.24 3.20 3.08 2.92 2.87 2.88 2.96 3.01 2.98 2.94 3.06 3.29 3.38 3.14 2.75 2.52 2.48 2.54 2.64 2.77 2.94 3.10 3.19 3.20 3.26 3.54 3.88 3.86 3.39
3.65 3.49 3.30 3.40 3.61 3.69 3.62 3.50 3.39 3.32 3.22 3.08 3.03 3.15 3.39 3.60 3.83 4.05 4.21 4.25 4.15 3.96 3.66 3.38 3.23 3.13 3.00 2.92 2.96 3.07 3.13 3.13 3.16 3.23 3.32 3.34 3.30 3.24 3.17 3.11 3.07 3.08 3.23 3.48 3.74 3.96 4.09 4.07 3.96 3.86 3.75 3.63 3.54 3.46 3.37 3.32 3.22 3.04 2.86 2.81 2.88 2.97 3.02 3.01 3.10 3.31 3.43 3.24 2.77 2.41 2.35 2.45 2.61 2.75 2.87 3.02 3.22 3.41 3.54 3.66 3.86 4.00 3.76 3.30
3.71 3.74 3.82 3.97 4.04 3.90 3.66 3.51 3.44 3.40 3.37 3.35 3.43 3.64 3.88 4.06 4.19 4.23 4.15 3.95 3.67 3.41 3.25 3.22 3.24 3.18 3.09 3.10 3.19 3.25 3.22 3.18 3.21 3.27 3.24 3.12 3.06 3.07 3.09 3.09 3.10 3.20 3.42 3.66 3.88 4.02 4.03 3.90 3.74 3.62 3.52 3.49 3.51 3.48 3.41 3.36 3.28 3.14 2.95 2.87 2.95 3.05 3.10 3.14 3.27 3.40 3.27 2.84 2.41 2.27 2.33 2.47 2.65 2.85 3.06 3.18 3.26 3.39 3.58 3.84 4.08 4.17 4.03 3.92
3.82 3.93 4.12 4.23 4.18 3.95 3.70 3.55 3.49 3.47 3.49 3.54 3.66 3.84 3.95 3.96 3.94 3.88 3.68 3.32 2.98 2.83 2.90 3.12 3.25 3.25 3.26 3.35 3.46 3.50 3.48 3.47 3.48 3.44 3.33 3.19 3.12 3.14 3.17 3.24 3.37 3.56 3.74 3.85 3.92 3.90 3.76 3.56 3.41 3.37 3.45 3.58 3.62 3.52 3.41 3.36 3.33 3.26 3.13 3.04 3.05 3.13 3.20 3.26 3.33 3.27 2.94 2.51 2.31 2.32 2.43 2.57 2.74 2.95 3.18 3.34 3.42 3.48 3.62 3.92 4.31 4.55 4.59 4.57
3.90 3.98 4.11 4.16 4.08 3.93 3.77 3.65 3.60 3.58 3.57 3.57 3.63 3.70 3.68 3.65 3.65 3.52 3.18 2.80 2.62 2.68 2.95 3.24 3.38 3.38 3.41 3.48 3.56 3.64 3.73 3.81 3.83 3.73 3.59 3.47 3.40 3.37 3.34 3.42 3.60 3.77 3.82 3.82 3.81 3.70 3.47 3.26 3.20 3.34 3.61 3.78 3.69 3.51 3.41 3.40 3.38 3.32 3.23 3.13 3.11 3.17 3.25 3.29 3.28 3.08 2.69 2.40 2.35 2.43 2.55 2.70 2.89 3.10 3.25 3.38 3.55 3.74 3.96 4.27 4.68 4.82 4.66 4.38
4.03 4.10 4.21 4.24 4.15 3.97 3.85 3.82 3.80 3.73 3.61 3.50 3.47 3.48 3.50 3.56 3.54 3.29 2.95 2.81 2.87 3.05 3.27 3.46 3.55 3.54 3.54 3.58 3.63 3.71 3.81 3.92 3.96 3.91 3.82 3.78 3.75 3.70 3.61 3.60 3.68 3.70 3.68 3.73 3.70 3.53 3.31 3.19 3.24 3.51 3.83 3.92 3.75 3.55 3.47 3.45 3.40 3.31 3.19 3.11 3.11 3.16 3.21 3.23 3.19 2.99 2.69 2.54 2.53 2.60 2.71 2.83 2.99 3.18 3.36 3.51 3.69 3.97 4.33 4.68 4.86 4.66 4.14 3.70
4.29 4.37 4.46 4.41 4.22 3.97 3.86 3.89 3.89 3.74 3.54 3.43 3.42 3.47 3.53 3.53 3.37 3.10 2.99 3.11 3.27 3.37 3.50 3.63 3.69 3.68 3.67 3.67 3.70 3.77 3.86 3.93 3.94 3.94 4.01 4.11 4.16 4.11 4.01 3.85 3.75 3.67 3.68 3.69 3.58 3.39 3.29 3.30 3.47 3.82 4.08 4.04 3.80 3.59 3.49 3.44 3.37 3.26 3.14 3.12 3.14 3.16 3.16 3.16 3.12 2.98 2.83 2.79 2.82 2.86 2.92 2.98 3.08 3.23 3.47 3.74 4.00 4.31 4.71 4.93 4.77 4.24 3.61 3.21
4.53 4.50 4.42 4.27 4.09 3.89 3.78 3.75 3.70 3.54 3.41 3.41 3.51 3.60 3.55 3.34 3.10 3.00 3.11 3.25 3.32 3.38 3.54 3.71 3.78 3.74 3.67 3.63 3.65 3.77 3.92 3.99 3.99 4.03 4.15 4.26 4.30 4.29 4.26 4.13 3.89 3.72 3.62 3.52 3.38 3.31 3.36 3.47 3.72 4.11 4.28 4.08 3.74 3.53 3.44 3.40 3.34 3.24 3.15 3.17 3.23 3.24 3.20 3.17 3.14 3.05 2.99 3.02 3.08 3.12 3.13 3.17 3.27 3.42 3.66 3.97 4.39 4.87 5.20 5.10 4.60 3.97 3.44 3.09
4.57 4.34 3.93 3.72 3.64 3.58 3.52 3.51 3.49 3.43 3.46 3.61 3.79 3.80 3.55 3.19 2.96 2.95 3.03 3.07 3.14 3.33 3.60 3.78 3.80 3.69 3.56 3.49 3.54 3.70 3.86 3.98 4.04 4.09 4.10 4.07 4.02 4.01 4.02 3.96 3.77 3.56 3.41 3.30 3.25 3.31 3.44 3.59 3.93 4.33 4.35 3.96 3.57 3.41 3.39 3.38 3.31 3.23 3.17 3.24 3.33 3.36 3.32 3.26 3.19 3.11 3.09 3.15 3.24 3.31 3.39 3.52 3.66 3.84 4.08 4.39 4.83 5.30 5.42 5.05 4.43 3.95 3.58 3.24
4.36 3.98 3.32 2.98 2.91 2.96 3.10 3.31 3.46 3.59 3.79 4.02 4.14 3.98 3.58 3.19 2.98 2.87 2.78 2.81 3.05 3.40 3.70 3.83 3.79 3.65 3.49 3.41 3.44 3.56 3.65 3.72 3.78 3.83 3.78 3.66 3.55 3.46 3.40 3.35 3.32 3.29 3.25 3.24 3.30 3.41 3.51 3.73 4.18 4.49 4.27 3.76 3.44 3.36 3.37 3.36 3.31 3.26 3.27 3.38 3.47 3.48 3.43 3.36 3.25 3.17 3.19 3.28 3.39 3.51 3.72 3.99 4.26 4.53 4.79 5.04 5.32 5.50 5.31 4.77 4.35 4.14 3.97 3.77
3.95 3.54 2.89 2.65 2.60 2.67 2.93 3.25 3.50 3.72 3.96 4.13 4.08 3.78 3.41 3.15 3.00 2.86 2.79 2.93 3.23 3.56 3.80 3.88 3.81 3.69 3.56 3.47 3.43 3.45 3.46 3.41 3.37 3.38 3.36 3.24 3.09 2.98 2.90 2.92 3.03 3.15 3.26 3.38 3.55 3.69 3.83 4.13 4.52 4.55 4.12 3.65 3.44 3.39 3.38 3.37 3.37 3.45 3.59 3.72 3.70 3.60 3.51 3.45 3.39 3.34 3.37 3.48 3.61 3.81 4.13 4.51 4.89 5.19 5.38 5.47 5.50 5.41 5.06 4.63 4.47 4.44 4.41 4.42
3.51 3.21 2.84 2.83 2.92 3.04 3.22 3.38 3.51 3.64 3.79 3.83 3.63 3.30 3.09 3.01 3.00 2.97 3.04 3.28 3.56 3.80 3.94 3.97 3.88 3.78 3.70 3.65 3.60 3.53 3.45 3.32 3.21 3.12 3.00 2.84 2.70 2.66 2.70 2.83 3.01 3.21 3.45 3.74 3.98 4.14 4.34 4.57 4.68 4.45 3.95 3.60 3.46 3.40 3.38 3.42 3.53 3.72 3.91 3.95 3.79 3.59 3.50 3.52 3.56 3.58 3.61 3.70 3.88 4.17 4.55 4.93 5.23 5.38 5.40 5.33 5.21 5.04 4.78 4.58 4.54 4.53 4.57 4.75
3.40 3.33 3.38 3.56 3.69 3.71 3.65 3.60 3.61 3.61 3.59 3.47 3.20 2.95 2.88 2.94 3.02 3.11 3.29 3.57 3.83 4.04 4.12 4.06 3.93 3.83 3.78 3.76 3.75 3.70 3.55 3.36 3.16 2.92 2.68 2.49 2.42 2.48 2.64 2.84 3.10 3.43 3.82 4.14 4.33 4.44 4.55 4.62 4.54 4.18 3.73 3.47 3.34 3.27 3.31 3.45 3.63 3.77 3.80 3.64 3.45 3.38 3.42 3.53 3.64 3.71 3.77 3.88 4.06 4.38 4.75 5.01 5.07 4.98 4.84 4.71 4.64 4.60 4.52 4.39 4.30 4.26 4.37 4.60
3.64 3.79 4.12 4.35 4.39 4.25 4.02 3.92 3.87 3.73 3.50 3.21 2.94 2.83 2.87 3.00 3.13 3.28 3.54 3.85 4.09 4.24 4.20 4.05 3.90 3.82 3.77 3.74 3.73 3.69 3.56 3.34 3.06 2.77 2.51 2.36 2.36 2.48 2.66 2.93 3.36 3.87 4.28 4.47 4.51 4.47 4.44 4.41 4.25 3.89 3.51 3.24 3.08 3.06 3.19 3.39 3.54 3.54 3.38 3.16 3.09 3.18 3.35 3.53 3.63 3.69 3.78 3.92 4.08 4.31 4.58 4.64 4.52 4.33 4.16 4.09 4.19 4.35 4.34 4.18 4.05 4.02 4.07 4.17
3.86 4.06 4.38 4.52 4.48 4.37 4.31 4.26 4.10 3.81 3.46 3.14 2.93 2.90 3.02 3.17 3.33 3.55 3.83 4.08 4.22 4.21 4.05 3.88 3.78 3.74 3.70 3.63 3.57 3.52 3.42 3.24 3.02 2.79 2.58 2.46 2.46 2.58 2.83 3.28 3.90 4.39 4.59 4.56 4.43 4.30 4.24 4.20 4.03 3.69 3.32 3.05 2.92 2.98 3.14 3.28 3.29 3.14 2.93 2.81 2.87 3.06 3.29 3.46 3.52 3.56 3.68 3.87 4.04 4.20 4.28 4.19 4.06 3.96 3.89 3.96 4.20 4.38 4.35 4.17 4.08 4.03 3.94 3.87
3.97 4.10 4.27 4.27 4.14 4.06 4.14 4.13 3.95 3.68 3.43 3.25 3.13 3.11 3.21 3.37 3.57 3.80 4.00 4.09 4.05 3.91 3.76 3.67 3.64 3.63 3.56 3.43 3.36 3.33 3.25 3.14 3.03 2.89 2.76 2.68 2.70 2.87 3.26 3.88 4.41 4.59 4.48 4.29 4.15 4.07 4.06 4.04 3.87 3.53 3.19 3.01 2.99 3.08 3.17 3.18 3.04 2.76 2.55 2.56 2.75 3.02 3.23 3.34 3.39 3.48 3.65 3.84 4.01 4.11 4.12 4.05 3.99 3.93 3.95 4.17 4.47 4.60 4.50 4.30 4.17 4.06 3.91 3.85
4.03 4.10 4.18 4.09 3.87 3.67 3.60 3.55 3.48 3.41 3.35 3.30 3.26 3.25 3.33 3.49 3.67 3.82 3.87 3.81 3.67 3.51 3.45 3.53 3.60 3.60 3.50 3.37 3.33 3.29 3.21 3.12 3.03 2.94 2.90 2.92 3.05 3.36 3.81 4.26 4.43 4.29 4.06 3.93 3.89 3.89 3.91 3.88 3.68 3.37 3.12 3.04 3.06 3.15 3.22 3.17 3.00 2.78 2.61 2.65 2.87 3.10 3.23 3.32 3.42 3.55 3.71 3.84 3.90 3.92 3.98 4.05 4.00 3.91 4.02 4.42 4.79 4.82 4.61 4.35 4.15 3.99 3.89 3.93
4.03 4.05 4.01 3.80 3.53 3.30 3.15 3.05 3.03 3.10 3.17 3.22 3.23 3.26 3.34 3.45 3.54 3.52 3.41 3.29 3.17 3.12 3.24 3.51 3.69 3.69 3.60 3.53 3.49 3.39 3.25 3.13 3.01 2.94 2.96 3.08 3.31 3.64 3.95 4.11 4.04 3.84 3.71 3.71 3.74 3.75 3.75 3.71 3.52 3.27 3.10 3.02 3.03 3.15 3.30 3.29 3.19 3.08 3.01 3.07 3.21 3.27 3.33 3.42 3.53 3.64 3.75 3.80 3.78 3.81 3.94 4.05 3.98 3.94 4.25 4.82 5.11 4.93 4.52 4.20 4.02 3.93 3.90 3.96
3.98 3.85 3.53 3.10 2.83 2.77 2.82 2.86 2.87 2.92 3.03 3.13 3.19 3.24 3.30 3.34 3.27 3.11 2.98 2.94 2.95 3.05 3.34 3.69 3.83 3.77 3.68 3.63 3.53 3.37 3.23 3.10 2.99 2.95 3.01 3.15 3.34 3.57 3.73 3.80 3.72 3.57 3.53 3.60 3.63 3.59 3.55 3.53 3.42 3.24 3.06 2.95 3.02 3.25 3.45 3.47 3.42 3.40 3.44 3.53 3.54 3.48 3.48 3.58 3.66 3.72 3.78 3.82 3.88 4.02 4.14 4.11 4.08 4.27 4.78 5.21 5.21 4.78 4.30 4.03 3.92 3.93 3.95 3.91
3.78 3.51 3.04 2.64 2.44 2.54 2.76 2.91 2.97 3.04 3.13 3.19 3.21 3.24 3.28 3.25 3.15 3.08 3.11 3.20 3.26 3.39 3.64 3.84 3.83 3.68 3.57 3.45 3.23 3.05 3.01 2.97 2.94 2.97 3.06 3.18 3.31 3.48 3.63 3.72 3.65 3.48 3.44 3.49 3.46 3.39 3.37 3.37 3.29 3.08 2.87 2.88 3.13 3.45 3.63 3.65 3.63 3.66 3.75 3.80 3.77 3.70 3.71 3.80 3.84 3.83 3.85 3.94 4.09 4.20 4.19 4.11 4.25 4.69 5.17 5.23 4.88 4.37 4.05 3.90 3.86 3.88 3.89 3.83
3.53 3.30 2.99 2.88 2.88 2.95 3.03 3.05 3.07 3.17 3.26 3.25 3.23 3.25 3.28 3.29 3.31 3.39 3.47 3.44 3.37 3.44 3.64 3.75 3.67 3.46 3.26 3.02 2.74 2.62 2.67 2.73 2.84 2.99 3.12 3.23 3.38 3.58 3.75 3.80 3.66 3.46 3.37 3.34 3.24 3.17 3.21 3.24 3.10 2.80 2.69 2.91 3.34 3.65 3.77 3.78 3.79 3.83 3.88 3.89 3.88 3.91 3.96 3.99 3.93 3.87 3.89 3.98 4.05 4.03 3.98 4.11 4.50 4.97 5.16 4.85 4.30 3.93 3.76 3.67 3.62 3.60 3.58 3.60
3.43 3.33 3.20 3.22 3.29 3.33 3.29 3.24 3.26 3.30 3.27 3.20 3.20 3.27 3.37 3.45 3.53 3.56 3.43 3.21 3.10 3.23 3.51 3.66 3.54 3.22 2.88 2.58 2.42 2.45 2.55 2.64 2.81 3.04 3.22 3.36 3.54 3.74 3.85 3.80 3.61 3.42 3.30 3.20 3.07 3.04 3.13 3.12 2.90 2.68 2.74 3.12 3.53 3.76 3.82 3.82 3.83 3.86 3.86 3.85 3.87 3.93 3.97 3.94 3.83 3.78 3.82 3.86 3.85 3.82 3.93 4.31 4.76 4.93 4.78 4.33 3.89 3.67 3.54 3.40 3.30 3.27 3.26 3.21
3.45 3.43 3.36 3.35 3.39 3.46 3.55 3.63 3.64 3.50 3.28 3.14 3.17 3.32 3.47 3.59 3.62 3.51 3.31 3.20 3.28 3.48 3.71 3.77 3.51 3.09 2.73 2.54 2.55 2.69 2.78 2.81 2.92 3.12 3.33 3.52 3.67 3.78 3.80 3.68 3.51 3.38 3.28 3.17 3.07 3.07 3.12 3.04 2.83 2.76 2.95 3.35 3.64 3.76 3.78 3.76 3.75 3.72 3.70 3.70 3.74 3.80 3.81 3.75 3.65 3.62 3.67 3.73 3.75 3.84 4.12 4.48 4.61 4.48 4.26 4.00 3.75 3.58 3.44 3.29 3.18 3.14 3.09 2.96
3.43 3.41 3.40 3.49 3.64 3.78 3.87 3.83 3.62 3.32 3.13 3.13 3.25 3.40 3.51 3.58 3.57 3.52 3.56 3.74 3.91 4.00 4.04 3.93 3.57 3.18 2.96 2.92 3.00 3.10 3.13 3.09 3.10 3.22 3.37 3.48 3.57 3.68 3.70 3.61 3.49 3.40 3.33 3.29 3.25 3.21 3.15 3.02 2.89 2.92 3.18 3.52 3.70 3.72 3.69 3.66 3.60 3.53 3.49 3.55 3.63 3.66 3.63 3.53 3.42 3.45 3.58 3.69 3.77 3.92 4.14 4.23 4.07 3.95 3.95 3.87 3.70 3.54 3.39 3.23 3.13 3.08 2.96 2.82
