project/data/elevation/US_DEM2016/US_DEM2016_point_10-30-2019_1740_30m_vel.asc
ncols	125
nrows	167
xllcorner	-2042055.000000
yllcorner	1465035.000000
cellsize	30.000000
NODATA_value	-9999.000000
[rows 37 to 73 of 167, columns 0 to 81 of 125]
9.87 10.20 10.32 9.97 9.47 8.83 8.21 7.47 6.66 5.95 5.68 5.96 6.80 8.00 8.70 8.69 8.43 8.50 9.14 10.05 10.80 11.44 11.99 12.45 12.60 12.54 12.36 12.00 11.25 10.16 8.98 8.07 7.82 8.20 8.67 9.00 9.26 9.56 9.89 10.43 10.99 11.13 11.03 10.54 10.37 10.64 10.79 10.37 9.66 8.83 8.10 7.79 7.76 8.25 8.63 8.68 8.62 8.83 8.93 9.15 9.20 9.06 8.60 7.65 6.55 5.80 5.50 5.58 5.80 6.08 6.46 6.77 7.09 7.43 7.93 8.51 9.44 10.88 12.87 14.61 15.76 15.75
9.72 9.59 9.29 8.90 8.34 7.97 7.64 7.08 6.41 5.80 5.56 5.62 6.04 6.89 7.78 8.20 8.17 8.12 8.41 9.02 9.41 9.63 9.88 10.33 10.84 11.25 11.69 12.08 11.90 11.26 10.31 9.36 8.72 8.52 8.71 9.33 10.05 10.41 10.71 11.33 12.12 12.62 12.80 12.58 12.17 11.69 10.84 9.55 8.66 8.02 7.72 7.71 7.70 8.07 8.59 8.76 8.78 9.01 9.03 8.95 8.83 8.47 8.27 7.85 7.16 6.43 5.66 5.36 5.40 5.55 5.79 6.11 6.46 7.01 7.43 7.86 8.42 9.48 10.84 12.30 13.43 14.13
9.38 8.80 8.12 7.73 7.24 7.00 6.80 6.53 6.27 6.06 6.03 6.12 6.32 6.67 7.21 7.67 7.87 7.80 7.62 7.52 7.34 7.24 7.38 7.91 8.85 9.88 10.75 11.56 12.03 11.95 11.35 10.48 9.76 9.42 9.73 10.58 11.21 11.57 11.73 11.94 12.34 12.56 12.75 12.69 12.37 11.74 10.63 9.47 8.61 7.87 7.65 7.85 7.96 8.06 8.59 8.91 9.09 9.28 8.98 8.45 7.75 7.00 6.40 6.24 6.09 5.80 5.19 4.83 4.86 4.96 5.18 5.60 6.09 6.57 6.95 7.27 7.56 8.18 9.06 9.76 10.15 11.03
8.91 8.26 7.50 7.11 6.90 6.77 6.79 6.90 7.03 7.19 7.37 7.52 7.47 7.29 7.91 7.42 7.65 7.61 7.16 6.57 6.30 6.36 6.73 7.34 8.32 9.22 10.00 10.80 11.52 11.98 11.96 11.46 11.01 11.09 11.62 12.34 12.86 13.12 12.83 12.31 12.09 11.53 11.24 11.54 11.66 11.72 11.33 10.95 10.42 9.86 9.15 8.79 8.60 8.31 8.55 8.77 8.93 9.01 8.61 7.93 7.10 6.03 4.81 4.33 4.28 4.36 4.53 4.64 4.67 4.61 4.60 5.10 5.83 6.31 6.61 6.86 7.02 7.30 7.83 8.30 8.48 9.07
8.83 8.39 7.90 7.71 7.68 7.70 7.71 7.82 8.05 8.36 8.62 8.66 8.38 8.03 7.80 7.74 7.81 7.76 7.42 6.96 6.86 7.11 7.51 7.88 8.19 8.59 8.97 9.55 10.45 11.34 12.09 12.13 12.24 12.62 13.09 13.43 13.60 13.40 12.90 12.21 11.53 10.70 10.06 9.99 10.60 10.94 11.14 11.17 11.28 11.27 10.93 9.98 9.11 8.46 8.28 8.25 8.12 7.94 7.74 7.55 7.10 6.16 4.92 4.29 4.26 4.49 4.77 4.85 4.71 4.54 4.49 4.81 5.45 5.90 6.10 6.26 6.60 7.03 7.41 7.72 8.00 8.23
9.03 8.86 8.70 8.66 8.62 8.55 8.45 8.51 8.82 9.18 9.32 9.16 8.69 8.49 8.47 8.48 8.46 8.44 8.36 8.30 8.40 8.62 8.83 8.99 9.09 9.05 9.01 9.19 9.84 10.65 11.80 12.40 13.11 13.71 13.75 13.28 12.65 11.99 11.38 10.98 10.57 9.92 9.12 8.90 9.30 9.76 9.99 9.86 10.05 10.33 10.43 9.93 9.14 8.36 8.08 8.05 7.83 7.50 7.42 7.83 7.87 7.36 6.52 6.08 6.06 5.94 5.58 5.18 5.08 5.06 4.88 4.75 4.86 4.96 4.91 5.05 5.77 6.62 7.00 7.23 7.68 8.06
9.08 9.03 9.01 9.03 9.05 9.09 9.20 9.44 9.74 9.91 9.81 9.47 8.97 8.81 8.85 8.94 9.05 9.14 9.27 9.50 9.83 10.09 10.19 10.18 10.12 9.90 9.76 9.79 10.09 10.50 11.43 12.23 13.01 13.49 13.30 12.52 11.40 10.39 9.70 9.54 9.61 9.30 8.57 8.04 8.26 8.75 8.87 8.31 7.68 7.29 7.43 7.96 8.20 8.12 8.16 8.46 8.59 8.58 8.74 9.10 9.22 8.98 8.48 8.11 7.50 6.81 6.38 6.26 6.18 5.72 5.01 4.42 4.22 4.14 3.92 4.09 4.87 5.85 6.22 6.44 7.23 8.16
9.11 9.13 9.27 9.45 9.74 10.16 10.59 10.84 10.85 10.64 10.26 9.80 9.32 9.05 9.03 9.18 9.38 9.59 9.83 10.13 10.45 10.62 10.62 10.47 10.23 9.95 9.86 9.95 10.27 10.65 11.47 11.85 12.13 12.09 11.92 11.65 11.06 10.14 8.96 8.37 8.40 8.48 8.10 7.49 7.39 7.84 7.63 6.93 6.05 5.54 5.61 6.13 6.82 7.41 8.14 8.94 9.44 9.73 9.92 9.99 10.09 10.01 9.45 8.71 7.81 7.39 7.42 7.29 6.57 5.36 4.57 4.28 4.21 4.11 4.01 4.19 4.85 5.57 5.80 5.87 6.60 7.74
9.41 9.61 10.00 10.34 10.68 11.06 11.37 11.50 11.37 11.01 10.53 10.08 9.75 9.56 9.66 9.79 9.90 10.04 10.22 10.32 10.27 10.09 9.91 9.79 9.76 9.65 9.60 9.77 10.33 10.93 11.60 11.40 10.92 10.50 10.32 10.58 10.59 10.16 8.92 7.87 7.36 7.47 7.37 6.84 6.75 7.03 6.96 6.73 6.60 6.54 6.35 6.08 6.12 6.79 7.97 9.06 9.46 9.61 9.67 9.86 10.02 10.14 9.71 9.07 8.63 8.47 8.05 7.13 5.91 5.11 4.93 5.13 5.22 5.14 5.07 5.22 5.68 6.06 6.24 6.06 6.39 6.99
9.66 9.95 10.46 10.81 10.92 10.92 10.86 10.81 10.75 10.56 10.30 10.01 10.01 10.18 10.47 10.61 10.60 10.51 10.38 10.15 9.80 9.40 9.11 9.09 9.31 9.45 9.57 9.90 10.55 11.09 11.28 10.72 9.91 9.40 9.10 9.07 9.30 9.50 9.02 7.94 6.95 6.71 6.79 6.80 6.97 7.22 7.45 7.46 7.48 7.12 6.52 6.10 6.32 7.25 8.40 9.00 9.15 9.22 9.37 9.71 9.86 10.07 9.98 9.68 9.25 8.62 7.35 6.48 6.19 6.35 6.68 6.81 6.80 6.72 6.73 6.84 6.96 6.96 6.86 6.85 7.49 7.15
9.56 9.71 10.07 10.36 10.33 10.11 9.82 9.57 9.46 9.50 9.47 9.37 9.52 9.92 10.30 10.56 10.62 10.44 10.11 9.76 9.42 9.09 8.84 8.78 8.94 9.18 9.45 9.95 10.55 10.78 10.49 9.79 9.26 8.75 8.24 7.95 8.02 8.49 8.77 8.41 7.34 6.87 7.03 7.52 7.82 8.07 8.07 7.54 6.81 6.02 5.76 6.10 7.35 8.87 9.63 9.59 9.52 9.56 9.72 9.93 10.00 10.18 10.04 9.67 9.06 8.12 7.38 7.38 7.98 8.64 9.01 9.05 8.97 8.84 8.71 8.66 8.60 8.38 8.23 8.20 7.87 7.76
9.40 9.41 9.36 9.50 9.56 9.35 9.00 8.68 8.52 8.53 8.57 8.58 8.68 8.97 9.27 9.52 9.77 9.83 9.69 9.43 9.12 8.83 8.61 8.49 8.52 8.69 8.90 9.43 10.12 10.27 10.01 9.52 9.12 8.58 7.80 7.11 7.03 7.45 8.08 8.25 7.66 7.06 6.97 7.30 7.58 7.89 7.92 7.12 6.28 5.97 6.43 7.88 9.74 10.90 11.21 10.67 10.23 10.00 10.04 10.30 10.49 10.66 10.46 9.99 9.79 9.85 10.32 11.02 11.67 12.13 12.25 12.22 12.11 11.96 11.74 11.55 11.35 10.94 10.38 9.62 8.67 8.07
9.50 9.48 9.12 8.92 9.02 9.09 8.91 8.60 8.39 8.30 8.44 8.56 8.69 8.83 8.92 9.06 9.24 9.40 9.41 9.20 8.84 8.47 8.23 8.13 8.13 8.20 8.30 8.81 9.60 9.76 9.64 9.49 9.32 8.99 8.20 7.10 6.70 6.65 6.98 7.31 7.09 6.49 6.07 6.03 6.41 7.06 7.66 7.47 7.13 7.43 8.91 10.81 12.04 12.43 12.09 11.22 10.56 10.25 10.31 10.77 11.14 11.53 11.51 11.54 11.89 12.66 13.58 14.41 15.02 15.32 15.41 15.38 15.30 15.19 14.96 14.62 14.23 13.72 12.76 11.30 9.73 8.54
9.62 9.61 9.26 8.86 8.81 9.05 9.24 9.15 8.95 8.94 9.29 9.61 9.79 9.82 9.77 9.69 9.57 9.45 9.27 9.01 8.65 8.25 7.95 7.82 7.83 7.96 8.13 8.65 9.18 9.09 8.70 8.87 9.03 9.18 9.05 8.27 7.42 6.75 6.54 6.78 6.77 6.48 6.24 6.20 6.49 7.11 8.15 8.74 9.15 10.21 11.83 12.83 13.10 12.56 11.87 11.02 10.51 10.32 10.20 10.37 10.75 11.43 11.87 12.15 12.75 13.45 14.03 14.60 14.98 15.19 15.35 15.49 15.54 15.52 15.32 15.00 14.66 14.34 13.77 12.90 11.69 10.23
9.60 9.47 9.16 9.01 8.88 8.94 9.23 9.45 9.48 9.59 10.11 10.67 10.88 10.86 10.67 10.32 9.90 9.50 9.18 8.94 8.69 8.33 7.91 7.62 7.61 7.87 8.16 8.55 8.64 8.09 7.70 7.82 8.07 8.71 9.18 9.19 8.42 7.69 7.45 7.64 7.88 8.08 8.24 8.22 8.31 8.87 10.16 11.51 12.77 13.64 13.92 13.69 12.90 11.78 11.09 10.42 9.98 9.63 9.26 9.03 9.27 9.83 10.82 11.27 11.62 11.67 11.39 11.24 11.07 11.22 11.56 12.06 12.28 12.35 12.23 12.11 12.20 12.19 12.17 12.24 12.10 11.56
9.38 8.95 8.50 8.50 8.54 8.63 8.92 9.30 9.58 9.75 10.19 10.76 10.97 10.95 10.67 10.14 9.56 9.14 8.91 8.76 8.56 8.28 7.89 7.54 7.51 7.78 8.07 8.27 7.99 7.20 6.91 7.00 7.19 7.65 8.50 8.92 8.86 8.72 8.82 9.28 9.68 9.93 10.04 10.22 10.60 11.42 12.62 13.77 14.57 14.75 14.35 13.37 12.28 11.16 10.47 9.85 9.32 8.75 8.43 8.20 8.35 8.77 9.32 9.77 9.73 8.89 7.96 7.05 6.67 6.74 7.10 7.66 8.01 8.04 8.14 8.19 8.54 8.77 8.89 9.25 9.96 10.42
9.08 8.49 7.83 7.65 7.76 8.08 8.52 8.99 9.44 9.63 9.76 9.90 9.98 9.89 9.62 9.17 8.72 8.42 8.28 8.20 8.06 7.88 7.76 7.70 7.72 7.80 7.95 8.03 7.70 7.15 6.90 6.92 7.00 7.18 7.58 8.19 8.71 8.90 9.19 9.77 10.35 10.56 10.75 11.13 11.87 12.72 13.43 13.85 13.88 13.61 13.14 12.51 11.70 10.90 10.26 9.69 9.18 8.73 8.66 8.63 8.78 8.93 8.95 8.99 8.49 7.49 6.56 5.95 5.78 5.69 5.44 5.15 5.13 5.22 5.34 5.52 5.92 6.30 6.42 6.31 6.47 6.92
8.92 8.44 7.83 7.56 7.50 7.55 7.76 8.27 8.75 8.98 8.89 8.63 8.34 8.13 7.91 7.78 7.62 7.42 7.35 7.50 7.73 7.83 7.92 8.04 8.02 7.99 8.03 8.12 8.12 8.04 7.83 7.52 7.26 7.03 6.98 7.49 8.08 8.30 8.47 8.88 9.52 10.00 10.39 11.05 11.98 12.57 12.65 12.11 11.23 11.05 11.31 11.53 11.31 10.85 10.32 9.84 9.42 9.20 9.33 9.30 9.25 9.17 8.85 8.72 8.31 7.62 7.21 6.97 6.67 6.13 5.24 4.17 3.59 3.39 3.43 3.61 3.97 4.35 4.48 4.14 3.81 3.80
9.06 8.81 8.56 8.38 8.11 7.63 7.13 7.14 7.56 7.87 7.86 7.51 7.01 6.67 6.55 6.54 6.53 6.45 6.56 7.06 7.75 8.28 8.52 8.49 8.42 8.36 8.37 8.49 8.60 8.71 8.39 7.83 7.28 6.81 6.66 7.00 7.51 7.85 7.90 8.06 8.47 9.08 9.70 10.65 11.50 11.67 11.07 10.04 9.52 9.52 9.93 10.47 10.69 10.62 10.15 9.77 9.44 9.28 9.33 9.07 8.70 8.37 8.17 8.27 8.42 8.26 8.12 7.85 6.96 5.89 4.73 3.87 3.32 2.92 2.64 2.51 2.49 2.59 2.70 2.79 3.09 3.46
9.45 9.59 9.76 9.64 9.22 8.54 7.56 7.12 7.19 7.49 7.53 7.20 6.83 6.67 6.54 6.45 6.47 6.54 6.77 7.35 8.15 8.94 9.24 9.25 9.20 9.19 9.11 9.04 9.00 9.00 8.56 8.17 7.88 7.50 7.19 7.39 8.00 8.46 8.47 8.45 8.60 8.98 9.54 10.47 10.85 10.45 9.34 8.57 8.20 8.25 8.65 9.30 9.85 9.90 9.52 9.22 8.94 8.67 8.40 7.83 7.30 7.05 7.26 7.77 8.49 8.71 8.46 7.81 6.66 5.68 5.04 4.82 4.66 4.07 3.24 2.54 2.12 2.08 2.54 3.06 3.94 5.28
9.80 10.16 10.53 10.52 10.23 9.72 8.99 8.44 8.13 8.08 8.02 7.85 7.81 7.91 8.01 8.05 8.09 8.23 8.32 8.59 9.15 9.81 10.18 10.36 10.46 10.47 10.17 9.83 9.77 9.95 9.98 9.85 9.68 9.32 8.76 8.75 9.31 9.75 9.90 9.87 9.82 9.68 9.85 10.31 10.16 9.11 8.03 7.21 6.93 7.05 7.46 8.19 8.95 9.05 8.85 8.59 8.25 7.76 7.21 6.81 6.70 6.92 7.52 8.08 8.64 8.64 8.13 7.37 6.57 6.35 6.54 6.63 6.08 5.16 4.25 3.74 3.63 3.76 4.20 5.17 6.73 8.41
9.84 9.98 10.18 10.37 10.57 10.59 10.22 9.66 9.07 8.62 8.42 8.51 8.88 9.35 9.83 10.10 10.33 10.55 10.68 10.70 10.88 10.98 11.15 11.42 11.61 11.46 11.10 10.72 10.70 10.82 10.94 10.80 10.60 10.27 9.74 9.51 9.74 10.12 10.51 10.75 10.72 10.41 10.16 9.88 8.98 7.73 6.71 6.10 5.89 5.90 6.30 6.99 7.79 8.29 8.41 8.26 8.00 7.64 7.40 7.54 7.85 8.39 9.02 9.37 9.37 8.89 8.20 7.80 7.67 7.90 8.12 7.79 6.81 5.74 5.20 5.19 5.44 5.92 6.84 8.21 9.67 10.41
9.71 9.46 9.32 9.56 10.05 10.52 10.59 10.11 9.37 8.70 8.37 8.53 9.14 9.93 10.63 11.13 11.48 11.79 12.07 12.15 11.99 11.76 11.71 11.87 11.92 11.74 11.50 11.24 11.14 10.91 10.27 9.68 9.39 9.37 9.38 9.45 9.56 9.85 10.22 10.67 10.92 10.69 10.14 9.22 7.71 6.29 5.44 5.08 4.90 4.97 5.14 5.63 6.66 7.68 8.25 8.42 8.44 8.43 8.57 8.71 9.05 9.69 10.35 10.83 10.75 10.47 9.60 9.24 9.42 9.54 9.00 8.09 7.23 6.90 7.02 7.39 8.03 8.91 10.04 11.04 11.38 10.97
9.63 9.26 8.85 8.80 8.96 9.27 9.62 9.61 9.16 8.50 8.01 7.91 8.30 9.01 9.72 10.20 10.55 10.74 10.84 10.93 11.01 11.03 11.07 11.02 10.85 10.80 10.80 10.88 10.92 10.81 10.19 9.20 8.55 8.46 8.98 9.56 9.98 10.15 10.24 10.37 10.48 10.10 9.44 8.48 7.13 5.69 4.81 4.55 4.63 4.79 4.88 5.21 6.18 7.46 8.41 9.00 9.37 9.59 9.63 9.50 9.69 10.50 11.34 11.88 12.05 12.23 11.87 11.06 10.81 10.69 9.90 9.11 8.92 9.51 10.27 11.00 11.78 12.46 12.84 12.62 11.79 10.62
9.46 8.94 8.36 8.19 7.88 7.76 8.04 8.41 8.40 7.89 7.23 6.76 6.60 6.78 7.18 7.52 7.76 7.70 7.29 7.14 7.81 8.60 8.82 8.57 8.22 8.58 9.26 9.72 10.07 10.51 10.74 10.59 10.10 9.67 9.62 9.95 10.24 10.28 10.07 9.77 9.51 9.20 8.76 8.35 7.62 6.58 5.82 5.76 5.95 6.10 6.23 6.52 7.08 7.92 8.66 9.30 9.91 10.46 10.68 10.86 11.29 11.98 12.25 12.24 12.38 12.84 12.94 12.67 12.41 12.32 12.15 12.06 12.51 13.17 13.66 14.03 14.30 14.32 13.89 12.79 11.52 10.41
9.00 8.33 7.65 7.55 7.37 7.18 7.15 7.39 7.57 7.20 6.42 5.57 4.85 4.42 4.34 4.54 4.80 4.77 4.56 4.44 4.79 5.48 5.82 5.75 5.99 6.80 8.03 8.67 9.02 9.28 9.96 10.68 11.01 10.95 10.41 9.95 9.62 9.45 9.09 8.68 8.48 8.71 8.87 9.13 9.15 9.12 8.76 8.60 8.55 8.55 8.61 8.61 8.56 8.65 8.80 9.10 9.62 10.38 11.19 11.99 12.68 12.75 12.26 11.52 11.07 11.57 12.44 12.82 13.25 13.67 14.04 14.38 14.72 14.83 14.73 14.50 14.23 13.74 12.90 11.94 11.06 10.30
8.78 8.26 7.59 7.33 7.26 7.23 7.14 7.16 7.26 7.02 6.30 5.32 4.34 3.57 3.13 3.03 3.30 3.92 4.40 4.40 4.14 3.97 3.94 4.33 5.21 6.42 7.73 8.22 8.24 7.97 8.25 9.00 9.88 10.40 10.09 9.23 8.36 7.88 7.80 7.75 7.89 8.58 9.33 10.06 10.50 10.97 11.09 10.80 10.51 10.29 9.84 9.37 9.09 9.02 9.01 9.15 9.56 10.35 11.28 11.99 12.22 11.77 10.89 9.89 9.53 9.96 10.93 11.79 12.48 13.16 13.56 13.70 13.69 13.47 13.08 12.55 11.90 11.14 10.71 10.37 9.95 9.51
9.03 8.80 8.41 8.01 7.76 7.67 7.58 7.54 7.54 7.40 7.00 6.34 5.59 4.73 4.00 3.56 3.73 4.64 5.70 6.06 5.60 4.81 4.40 4.64 5.57 6.94 8.01 8.23 7.90 7.32 7.10 7.26 7.96 8.61 8.87 8.56 7.92 7.43 7.43 7.85 8.39 9.21 9.77 10.26 10.60 11.03 11.22 11.25 11.08 10.63 9.69 9.06 8.92 9.10 9.25 9.44 9.84 10.59 11.15 11.19 10.64 9.73 9.00 8.60 8.69 9.16 9.71 10.28 10.81 11.27 11.46 11.29 10.83 10.49 10.34 10.02 9.31 8.50 8.10 8.19 8.14 7.91
9.20 9.16 9.08 8.86 8.58 8.31 8.17 8.24 8.31 8.39 8.38 8.19 7.78 7.02 6.11 5.37 5.13 5.59 6.49 7.42 7.50 7.00 6.44 6.36 6.92 7.91 8.63 8.79 8.50 7.73 7.12 6.67 6.64 7.10 7.94 8.65 8.94 9.05 9.17 9.39 9.76 10.11 10.04 9.91 9.89 10.06 10.30 10.57 10.66 10.50 9.81 9.25 9.10 9.23 9.38 9.51 9.85 10.39 10.60 10.07 9.24 8.53 8.13 8.01 8.07 8.31 8.53 8.84 9.24 9.50 9.60 9.43 8.88 8.25 7.90 7.97 7.57 6.68 5.83 5.74 6.01 5.79
9.22 9.22 9.22 9.09 8.90 8.72 8.76 9.02 9.40 9.84 10.15 10.18 9.71 8.92 7.96 7.07 6.46 6.35 6.79 7.93 8.74 9.03 8.91 8.62 8.64 9.21 9.69 9.82 9.73 9.12 8.47 7.79 7.30 7.47 8.25 9.26 10.12 10.71 10.87 10.75 10.55 10.34 9.86 9.46 9.28 9.21 9.31 9.42 9.63 9.83 9.82 9.56 9.35 9.32 9.49 9.72 10.05 10.32 9.98 9.10 8.27 7.86 7.66 7.50 7.46 7.70 7.97 8.14 8.19 8.28 8.23 8.16 7.96 7.23 6.33 6.07 6.09 5.52 4.47 3.88 3.95 3.92
9.28 9.26 9.26 9.02 8.78 8.71 8.93 9.35 10.00 10.70 11.27 11.44 11.23 10.69 9.88 8.89 7.90 7.31 7.37 8.19 9.16 10.04 10.16 10.03 10.11 10.61 10.73 10.53 10.39 10.21 10.00 9.66 9.22 9.06 9.27 9.70 10.14 10.46 10.55 10.35 10.07 9.83 9.45 9.02 8.71 8.31 8.17 8.11 8.12 8.42 8.90 9.13 9.17 9.31 9.59 9.98 10.17 9.86 8.93 7.93 7.43 7.27 7.22 7.36 7.57 7.88 7.89 7.56 7.14 7.01 6.96 6.87 6.98 6.71 5.79 5.00 4.86 4.73 3.88 3.08 2.91 3.05
9.30 9.24 9.13 8.87 8.58 8.47 8.54 8.74 9.15 9.78 10.53 11.18 11.66 11.81 11.58 10.91 9.85 8.78 8.34 8.56 9.05 9.97 10.52 10.81 11.14 11.39 11.09 10.40 9.97 10.06 10.39 10.60 10.52 10.11 9.74 9.54 9.40 9.26 9.24 9.39 9.49 9.45 9.19 8.74 8.23 7.73 7.46 7.22 7.03 7.05 7.40 7.90 8.37 8.78 9.30 9.54 9.28 8.48 7.37 6.82 6.72 6.77 7.03 7.50 7.76 7.69 7.26 6.48 5.67 5.28 5.30 5.09 5.01 5.34 5.23 4.61 4.22 4.14 3.80 3.35 3.15 3.27
9.18 9.02 8.74 8.64 8.48 8.34 8.16 7.85 7.53 7.47 7.91 9.03 10.40 11.51 12.18 12.22 11.62 10.57 9.58 9.19 9.22 9.84 10.48 11.13 11.50 11.35 10.66 9.84 9.09 8.96 9.31 9.80 10.09 9.89 9.54 9.22 8.96 8.92 9.19 9.50 9.53 9.38 9.12 8.86 8.50 8.08 7.70 7.12 6.48 6.10 6.20 6.80 7.63 8.38 8.63 8.43 7.62 6.62 6.01 5.88 5.86 5.85 6.26 6.73 6.76 6.59 6.32 5.72 4.81 4.02 3.72 3.62 3.60 3.85 4.24 4.30 4.23 4.27 4.36 4.42 4.48 4.63
9.06 8.80 8.49 8.54 8.55 8.47 8.23 7.77 7.01 6.20 5.85 6.38 7.84 9.66 11.19 12.07 12.26 11.83 10.97 10.25 10.06 10.25 10.64 11.25 11.49 11.14 10.36 9.39 8.44 7.82 7.63 7.83 8.39 8.85 9.09 9.12 9.11 9.24 9.55 9.74 9.58 9.31 9.15 9.12 8.93 8.35 7.65 6.70 6.17 6.21 6.66 7.42 8.10 8.35 8.15 7.46 6.42 5.67 5.35 5.21 5.03 4.87 4.90 5.12 5.43 5.85 6.41 6.43 5.81 5.04 4.66 4.46 4.21 4.04 4.17 4.48 4.81 5.17 5.55 5.91 6.23 6.64
9.07 8.82 8.57 8.61 8.70 8.68 8.56 8.39 7.95 7.11 6.15 5.77 6.33 7.64 9.31 10.74 11.67 12.13 11.96 11.53 11.36 11.42 11.62 11.82 11.71 11.28 10.58 9.62 8.59 7.86 7.41 7.33 7.51 7.93 8.45 8.88 9.10 9.17 9.30 9.47 9.25 8.96 8.81 8.81 8.66 7.93 7.30 7.02 7.43 8.23 8.92 9.25 9.23 8.86 8.27 7.63 7.19 6.89 6.58 6.21 5.87 5.60 5.44 5.56 6.33 7.32 8.24 8.55 8.27 7.75 7.25 6.72 5.94 5.39 5.21 5.39 5.83 6.37 6.90 7.56 8.39 9.33
9.10 8.82 8.62 8.71 8.86 8.91 8.95 9.14 9.36 9.26 8.61 7.75 7.37 7.66 8.47 9.78 10.99 12.10 12.55 12.63 12.77 12.74 12.59 12.33 11.83 11.40 11.07 10.63 9.88 9.44 9.17 8.89 8.46 8.28 8.45 8.77 8.98 9.04 9.02 8.82 8.54 8.34 8.32 8.40 8.49 8.51 8.82 9.52 10.24 10.68 10.73 10.39 9.81 9.20 8.89 8.90 9.01 9.12 9.05 8.85 8.65 8.60 8.68 9.05 9.60 9.99 10.08 10.03 9.69 9.09 8.32 7.46 6.58 6.17 6.21 6.56 7.03 7.68 8.61 10.07 11.79 13.21
9.07 8.80 8.63 8.79 9.05 9.17 9.31 9.69 10.33 10.91 11.04 10.76 10.24 9.65 9.50 10.05 11.03 12.30 13.23 13.65 13.90 13.67 12.93 12.20 11.53 11.26 11.37 11.47 11.25 10.86 10.52 10.28 9.88 9.57 9.33 9.20 9.16 9.02 8.70 8.34 8.24 8.47 8.65 8.87 9.16 9.60 10.23 10.81 11.00 10.75 10.44 10.12 9.80 9.42 9.28 9.42 9.57 9.87 10.25 10.58 10.81 11.04 11.20 11.24 10.97 10.43 9.85 9.69 9.40 8.67 7.78 7.05 6.63 6.60 6.97 7.63 8.42 9.50 11.12 13.20 15.01 16.24
