project/data/elevation/US_DEM2016/US_DEM2016_point_10-31-2019_1702_30m_vel.asc
ncols	125
nrows	167
xllcorner	-2042055.000000
yllcorner	1465035.000000
cellsize	30.000000
NODATA_value	-9999.000000
[rows 38 to 75 of 167, columns 0 to 83 of 125]
8.13 7.81 7.17 6.67 6.13 5.78 5.52 5.12 4.65 4.23 4.07 4.06 4.24 4.68 5.23 5.56 5.65 5.78 6.17 6.75 7.09 7.24 7.35 7.55 7.81 7.99 8.19 8.37 8.19 7.79 7.28 6.82 6.54 6.50 6.70 7.22 7.80 8.11 8.41 8.91 9.36 9.45 9.37 9.22 9.11 8.94 8.36 7.38 6.69 6.24 6.09 6.12 6.03 6.03 6.25 6.38 6.44 6.70 6.87 6.99 6.88 6.42 6.09 5.74 5.32 4.94 4.55 4.44 4.51 4.60 4.62 4.72 4.99 5.42 5.70 6.00 6.41 7.15 8.08 9.08 9.87 10.27 10.12 9.55
7.97 7.25 6.20 5.68 5.25 5.03 4.86 4.64 4.47 4.39 4.46 4.53 4.57 4.67 4.93 5.23 5.43 5.56 5.65 5.72 5.63 5.56 5.62 5.94 6.54 7.19 7.71 8.20 8.40 8.26 7.92 7.51 7.21 7.15 7.55 8.28 8.74 8.98 9.16 9.44 9.71 9.62 9.48 9.27 9.01 8.63 7.93 7.11 6.52 6.06 6.02 6.23 6.27 6.09 6.31 6.55 6.74 6.97 6.86 6.57 6.03 5.31 4.71 4.53 4.45 4.34 4.08 4.01 4.16 4.28 4.28 4.41 4.78 5.19 5.42 5.60 5.81 6.30 6.95 7.39 7.57 8.05 8.88 9.29
7.60 6.80 5.67 5.16 4.97 4.89 4.89 4.94 5.05 5.24 5.46 5.58 5.45 5.19 5.04 5.11 5.30 5.37 5.20 4.88 4.73 4.80 5.12 5.61 6.32 6.93 7.42 7.88 8.23 8.39 8.36 8.18 8.13 8.46 9.07 9.69 10.04 10.17 9.95 9.59 9.47 8.95 8.52 8.44 8.33 8.38 8.23 8.04 7.72 7.42 7.05 6.88 6.70 6.31 6.34 6.52 6.73 6.85 6.55 5.97 5.23 4.37 3.51 3.21 3.21 3.34 3.59 3.85 4.03 4.07 3.98 4.20 4.75 5.16 5.30 5.38 5.46 5.72 6.16 6.41 6.36 6.66 7.74 9.07
7.35 6.75 5.93 5.60 5.56 5.59 5.61 5.68 5.87 6.15 6.39 6.39 6.07 5.66 5.39 5.33 5.41 5.39 5.21 4.98 5.01 5.28 5.65 6.00 6.30 6.61 6.84 7.15 7.66 8.11 8.58 8.73 9.12 9.69 10.21 10.56 10.70 10.48 10.01 9.37 8.79 8.18 7.63 7.36 7.53 7.71 7.98 8.14 8.29 8.35 8.19 7.60 6.99 6.42 6.16 6.16 6.16 6.05 5.77 5.37 4.83 4.13 3.42 3.18 3.31 3.56 3.84 3.99 4.00 3.96 3.96 4.17 4.66 5.07 5.11 5.04 5.22 5.65 6.00 6.02 5.96 6.03 6.67 8.13
7.31 6.98 6.51 6.32 6.27 6.22 6.15 6.23 6.52 6.82 6.91 6.70 6.21 5.95 5.87 5.89 5.90 5.89 5.87 5.94 6.15 6.39 6.60 6.78 6.91 6.90 6.86 6.93 7.33 7.82 8.61 9.17 9.95 10.57 10.67 10.40 10.01 9.51 8.90 8.34 7.85 7.37 6.80 6.53 6.59 6.80 7.08 7.18 7.41 7.61 7.66 7.34 6.85 6.27 6.00 5.97 5.86 5.60 5.38 5.39 5.19 4.83 4.51 4.50 4.66 4.63 4.40 4.19 4.21 4.27 4.21 4.18 4.39 4.60 4.46 4.28 4.76 5.55 5.89 5.72 5.71 5.94 6.52 7.62
7.28 7.06 6.76 6.64 6.61 6.63 6.74 6.98 7.26 7.39 7.25 6.86 6.38 6.20 6.20 6.27 6.38 6.48 6.68 6.98 7.32 7.54 7.65 7.68 7.65 7.48 7.36 7.36 7.58 7.89 8.63 9.47 10.14 10.51 10.26 9.63 8.89 8.21 7.61 7.26 7.07 6.75 6.25 5.81 5.81 6.06 6.22 6.00 5.70 5.41 5.43 5.79 6.03 6.03 6.05 6.25 6.34 6.29 6.31 6.35 6.21 6.04 5.98 5.98 5.62 5.12 4.90 4.93 4.94 4.60 4.11 3.84 3.96 4.11 3.92 3.82 4.35 5.21 5.50 5.28 5.52 6.18 6.88 7.36
7.27 7.14 7.00 7.01 7.19 7.51 7.83 8.05 8.07 7.88 7.50 7.03 6.61 6.37 6.34 6.48 6.69 6.93 7.23 7.60 7.93 8.08 8.08 7.94 7.74 7.52 7.44 7.50 7.78 8.15 8.90 9.36 9.66 9.54 9.19 8.82 8.35 7.75 6.93 6.41 6.20 6.08 5.79 5.35 5.17 5.40 5.24 4.89 4.42 4.14 4.22 4.57 5.06 5.53 6.09 6.69 7.02 7.18 7.23 7.08 6.92 6.83 6.60 6.25 5.66 5.46 5.64 5.59 5.03 4.09 3.58 3.59 3.83 3.96 3.94 4.06 4.56 5.15 5.32 5.11 5.34 6.09 6.59 6.78
7.50 7.51 7.58 7.75 7.98 8.26 8.46 8.51 8.37 8.05 7.61 7.19 6.92 6.75 6.84 7.00 7.17 7.37 7.63 7.83 7.88 7.80 7.63 7.47 7.39 7.31 7.27 7.44 7.95 8.55 9.21 9.15 8.75 8.32 8.04 8.05 7.87 7.49 6.66 5.92 5.42 5.27 5.10 4.73 4.62 4.75 4.69 4.71 4.77 4.81 4.72 4.57 4.64 5.20 6.12 6.91 7.14 7.14 7.05 7.01 6.90 6.90 6.64 6.33 6.22 6.27 6.02 5.25 4.26 3.73 3.80 4.17 4.41 4.47 4.53 4.80 5.26 5.56 5.54 5.39 5.45 5.75 6.11 6.37
7.78 7.84 7.97 8.13 8.20 8.19 8.11 7.99 7.85 7.63 7.36 7.12 7.12 7.29 7.57 7.72 7.78 7.82 7.82 7.72 7.51 7.26 7.02 6.95 7.07 7.17 7.29 7.64 8.30 8.88 9.13 8.68 7.91 7.43 7.15 7.02 6.95 6.85 6.44 5.74 4.99 4.62 4.56 4.58 4.72 4.87 5.14 5.33 5.40 5.12 4.68 4.48 4.87 5.71 6.58 6.95 6.93 6.82 6.77 6.87 6.79 6.84 6.80 6.74 6.64 6.27 5.27 4.55 4.38 4.67 5.12 5.37 5.45 5.47 5.62 5.86 6.11 6.16 6.08 6.03 5.96 5.97 6.20 6.54
7.88 7.82 7.81 7.87 7.79 7.60 7.35 7.07 6.88 6.79 6.69 6.63 6.80 7.23 7.62 7.85 7.91 7.82 7.62 7.39 7.16 6.93 6.75 6.71 6.83 7.03 7.30 7.83 8.50 8.84 8.61 7.91 7.34 6.87 6.46 6.17 6.03 6.10 6.12 5.82 5.06 4.67 4.75 5.18 5.43 5.60 5.68 5.37 4.79 4.16 4.04 4.57 5.83 7.07 7.55 7.40 7.20 7.06 7.02 7.04 6.92 6.95 6.86 6.70 6.34 5.70 5.21 5.32 5.91 6.52 6.88 6.98 6.99 6.96 6.98 7.08 7.16 7.09 7.02 7.01 6.67 6.45 6.61 6.85
7.85 7.73 7.44 7.34 7.25 7.01 6.68 6.35 6.15 6.03 5.97 6.00 6.17 6.57 6.95 7.21 7.37 7.38 7.25 7.06 6.86 6.68 6.55 6.50 6.55 6.73 7.00 7.61 8.39 8.59 8.22 7.59 7.10 6.61 6.02 5.49 5.34 5.45 5.63 5.58 5.15 4.80 4.83 5.16 5.37 5.52 5.50 4.88 4.28 4.13 4.71 6.20 7.82 8.64 8.71 8.16 7.73 7.42 7.30 7.36 7.33 7.30 7.14 6.90 6.88 7.07 7.60 8.28 8.86 9.25 9.35 9.35 9.30 9.22 9.13 9.08 9.02 8.80 8.46 7.91 7.17 6.68 6.78 6.84
7.88 7.76 7.26 6.94 6.82 6.70 6.46 6.20 6.02 5.87 5.89 5.96 6.13 6.41 6.64 6.82 6.95 7.02 6.97 6.79 6.55 6.36 6.25 6.23 6.26 6.38 6.62 7.32 8.22 8.32 7.93 7.53 7.18 6.72 6.08 5.38 5.10 4.91 4.84 4.82 4.64 4.34 4.20 4.30 4.61 4.95 5.25 5.08 4.98 5.45 6.92 8.64 9.58 9.72 9.27 8.50 7.94 7.63 7.58 7.83 7.95 8.03 7.94 8.12 8.66 9.43 10.25 10.96 11.46 11.69 11.75 11.74 11.69 11.62 11.47 11.24 10.97 10.63 9.95 8.88 7.75 6.96 6.79 6.67
7.98 7.79 7.24 6.84 6.66 6.62 6.62 6.55 6.42 6.36 6.55 6.76 6.97 7.16 7.23 7.20 7.12 6.99 6.81 6.57 6.31 6.10 5.98 5.96 6.03 6.19 6.53 7.34 8.05 7.89 7.26 7.19 7.06 6.80 6.54 6.05 5.47 4.82 4.36 4.32 4.31 4.24 4.28 4.42 4.72 5.11 5.75 6.22 6.73 7.82 9.35 10.19 10.28 9.65 8.99 8.29 7.87 7.71 7.60 7.69 7.89 8.18 8.38 8.74 9.47 10.17 10.69 11.18 11.48 11.65 11.78 11.89 11.93 11.91 11.74 11.45 11.15 10.87 10.39 9.71 8.88 8.00 7.13 6.59
8.05 7.70 7.10 6.88 6.71 6.60 6.64 6.75 6.78 6.84 7.20 7.64 7.91 8.00 7.90 7.64 7.33 6.98 6.69 6.47 6.26 6.06 5.86 5.76 5.86 6.18 6.63 7.34 7.65 7.11 6.52 6.51 6.52 6.60 6.67 6.59 5.98 5.31 4.93 4.95 5.17 5.47 5.74 5.87 6.06 6.55 7.57 8.66 9.70 10.51 10.85 10.67 9.91 8.91 8.32 7.81 7.47 7.22 6.95 6.78 6.96 7.28 7.87 8.23 8.69 8.90 8.78 8.70 8.62 8.75 9.00 9.37 9.51 9.54 9.39 9.20 9.18 9.08 8.97 8.99 8.94 8.67 8.06 7.13
7.93 7.38 6.66 6.49 6.44 6.41 6.48 6.64 6.84 6.99 7.34 7.84 8.08 8.09 7.87 7.47 7.04 6.69 6.47 6.32 6.15 5.95 5.75 5.65 5.81 6.18 6.63 7.10 7.06 6.36 5.94 5.96 5.95 6.02 6.31 6.35 6.20 6.03 6.02 6.32 6.66 6.95 7.15 7.40 7.86 8.71 9.81 10.69 11.21 11.28 10.94 10.12 9.21 8.31 7.79 7.34 6.93 6.50 6.26 6.13 6.31 6.62 6.94 7.23 7.26 6.77 6.20 5.60 5.39 5.49 5.76 6.10 6.27 6.23 6.23 6.17 6.33 6.40 6.48 6.77 7.29 7.66 7.73 7.40
7.63 7.03 6.22 5.92 5.91 6.06 6.27 6.46 6.72 6.92 7.07 7.27 7.36 7.23 6.97 6.63 6.32 6.12 5.99 5.88 5.74 5.63 5.63 5.77 5.99 6.25 6.56 6.81 6.66 6.20 5.94 5.92 5.85 5.79 5.77 5.86 6.12 6.27 6.48 6.91 7.35 7.57 7.82 8.26 9.09 10.06 10.75 11.00 10.80 10.36 9.81 9.20 8.57 7.99 7.55 7.15 6.77 6.40 6.37 6.43 6.63 6.76 6.70 6.62 6.18 5.54 5.05 4.79 4.79 4.79 4.64 4.37 4.24 4.20 4.20 4.21 4.36 4.53 4.62 4.62 4.77 5.08 5.36 5.69
7.35 6.88 6.20 5.89 5.78 5.77 5.84 6.01 6.22 6.40 6.39 6.28 6.05 5.77 5.52 5.43 5.37 5.28 5.24 5.32 5.47 5.60 5.79 6.05 6.22 6.40 6.60 6.78 6.82 6.76 6.56 6.28 6.02 5.74 5.42 5.37 5.62 5.85 6.08 6.43 6.92 7.32 7.74 8.49 9.56 10.26 10.34 9.71 8.79 8.44 8.38 8.34 8.13 7.84 7.49 7.17 6.88 6.74 6.90 6.99 7.01 6.92 6.55 6.23 5.81 5.47 5.46 5.48 5.36 4.98 4.35 3.62 3.26 3.10 2.98 2.97 3.07 3.14 3.13 2.96 2.84 2.92 3.30 3.97
7.30 7.05 6.69 6.45 6.19 5.81 5.40 5.26 5.38 5.58 5.62 5.38 4.92 4.49 4.31 4.33 4.38 4.42 4.59 5.02 5.56 6.00 6.27 6.37 6.48 6.62 6.79 7.00 7.16 7.24 6.89 6.38 5.96 5.56 5.18 5.00 5.17 5.48 5.64 5.84 6.22 6.78 7.45 8.53 9.54 9.77 9.12 8.03 7.41 7.25 7.34 7.51 7.58 7.56 7.25 7.00 6.81 6.81 6.98 6.88 6.61 6.27 5.93 5.75 5.82 5.95 6.11 6.01 5.34 4.52 3.68 3.18 2.97 2.75 2.49 2.31 2.20 2.03 1.92 2.01 2.31 2.88 3.75 4.59
7.55 7.58 7.54 7.29 6.89 6.33 5.62 5.25 5.19 5.34 5.36 5.06 4.62 4.32 4.17 4.14 4.22 4.41 4.78 5.35 5.98 6.56 6.81 6.90 6.99 7.14 7.23 7.32 7.43 7.42 6.92 6.52 6.28 5.93 5.48 5.34 5.62 5.93 5.99 6.06 6.30 6.78 7.53 8.68 9.24 8.88 7.69 6.79 6.33 6.22 6.36 6.63 6.92 6.97 6.73 6.51 6.37 6.32 6.26 5.87 5.43 5.13 5.16 5.43 6.06 6.41 6.30 5.77 4.86 4.13 3.75 3.74 3.71 3.29 2.67 2.27 2.10 2.08 2.00 2.40 3.21 4.45 5.76 6.35
7.88 8.02 8.03 7.81 7.46 7.04 6.54 6.18 5.91 5.81 5.69 5.45 5.27 5.22 5.27 5.37 5.49 5.72 5.95 6.30 6.76 7.23 7.50 7.69 7.87 7.98 7.85 7.77 7.92 8.04 7.88 7.68 7.50 7.13 6.55 6.40 6.72 6.98 7.08 7.11 7.20 7.33 7.88 8.70 8.74 7.71 6.51 5.64 5.29 5.29 5.48 5.80 6.21 6.30 6.21 6.05 5.85 5.55 5.20 4.91 4.78 4.87 5.30 5.79 6.37 6.42 5.91 5.22 4.64 4.60 4.88 5.02 4.57 3.78 3.09 2.84 2.88 3.00 3.34 4.20 5.57 7.00 7.67 7.54
8.06 7.95 7.70 7.59 7.57 7.54 7.32 6.98 6.55 6.19 5.99 5.97 6.16 6.45 6.82 7.06 7.29 7.51 7.68 7.78 7.98 8.09 8.26 8.51 8.72 8.63 8.40 8.31 8.53 8.62 8.54 8.30 8.06 7.71 7.23 6.99 7.14 7.39 7.66 7.85 7.90 7.88 8.14 8.34 7.75 6.46 5.37 4.71 4.47 4.49 4.69 4.95 5.35 5.73 5.87 5.81 5.64 5.37 5.21 5.35 5.58 5.99 6.48 6.80 6.87 6.46 5.78 5.44 5.49 5.85 6.09 5.76 4.84 3.93 3.63 3.84 4.21 4.67 5.48 6.69 7.95 8.52 8.29 7.44
8.08 7.62 7.06 6.98 7.17 7.42 7.47 7.15 6.65 6.19 5.96 6.07 6.54 7.14 7.67 8.03 8.30 8.56 8.79 8.87 8.81 8.71 8.78 8.98 9.02 8.85 8.70 8.72 8.80 8.55 7.92 7.39 7.07 6.96 6.94 6.98 7.04 7.27 7.57 7.90 8.12 8.09 8.00 7.60 6.53 5.21 4.35 3.95 3.80 3.89 3.94 4.04 4.59 5.34 5.78 5.91 5.93 5.92 6.07 6.23 6.54 7.09 7.63 7.94 7.74 7.35 6.68 6.58 6.92 7.12 6.65 5.78 4.97 4.75 5.06 5.57 6.23 7.05 8.05 8.94 9.21 8.77 7.84 6.89
8.05 7.49 6.70 6.45 6.44 6.52 6.66 6.62 6.34 5.94 5.67 5.71 6.10 6.70 7.24 7.58 7.82 7.98 8.06 8.12 8.20 8.32 8.47 8.49 8.28 8.20 8.34 8.60 8.61 8.29 7.67 6.92 6.44 6.34 6.70 7.12 7.41 7.56 7.67 7.78 7.87 7.64 7.29 6.71 5.76 4.57 3.81 3.60 3.70 3.83 3.80 3.87 4.40 5.26 5.94 6.36 6.62 6.79 6.85 6.83 7.11 7.89 8.60 8.90 8.69 8.50 8.21 7.92 8.00 7.92 7.18 6.44 6.27 6.87 7.64 8.37 9.11 9.77 10.14 10.00 9.30 8.24 7.28 6.57
7.94 7.25 6.30 5.98 5.67 5.46 5.49 5.64 5.64 5.37 5.03 4.86 4.93 5.21 5.57 5.82 5.95 5.87 5.58 5.51 6.09 6.78 7.00 6.75 6.34 6.62 7.40 7.95 8.08 8.05 8.01 7.84 7.54 7.28 7.25 7.48 7.70 7.76 7.62 7.39 7.15 6.87 6.56 6.35 5.88 5.05 4.46 4.50 4.71 4.81 4.84 4.97 5.23 5.71 6.21 6.66 7.10 7.49 7.68 7.94 8.47 9.20 9.50 9.36 9.08 9.01 9.00 9.04 9.08 9.03 8.81 8.71 9.14 9.78 10.28 10.68 11.00 11.06 10.70 9.81 8.75 7.81 7.10 6.46
7.58 6.78 5.78 5.49 5.26 5.04 4.87 4.88 4.95 4.73 4.29 3.86 3.58 3.50 3.56 3.70 3.80 3.63 3.47 3.61 4.16 4.82 5.02 4.76 4.77 5.48 6.72 7.37 7.46 7.27 7.52 7.89 8.10 8.12 7.80 7.49 7.27 7.18 6.90 6.55 6.32 6.44 6.58 6.86 6.89 6.81 6.55 6.52 6.58 6.58 6.60 6.52 6.38 6.35 6.41 6.62 7.01 7.58 8.25 9.03 9.76 9.92 9.56 8.85 8.20 8.25 8.80 9.19 9.61 9.93 10.24 10.59 10.97 11.16 11.15 11.06 10.89 10.46 9.70 8.86 8.12 7.50 6.96 6.31
7.25 6.64 5.75 5.34 5.18 5.05 4.86 4.71 4.70 4.52 4.04 3.45 2.96 2.71 2.61 2.59 2.67 2.92 3.21 3.48 3.69 3.83 3.82 3.87 4.36 5.40 6.69 7.18 6.97 6.39 6.39 6.74 7.23 7.60 7.44 6.85 6.26 5.94 5.83 5.74 5.85 6.42 7.08 7.68 7.92 8.13 8.19 8.05 7.92 7.80 7.43 7.01 6.72 6.63 6.62 6.75 7.09 7.75 8.61 9.36 9.63 9.26 8.45 7.47 7.03 7.27 7.99 8.59 9.00 9.48 9.89 10.18 10.33 10.24 9.95 9.56 9.04 8.38 7.91 7.52 7.12 6.75 6.40 5.93
7.25 6.91 6.29 5.81 5.53 5.35 5.15 4.99 4.91 4.76 4.45 4.02 3.62 3.25 2.98 2.86 2.99 3.53 4.20 4.48 4.35 4.12 4.05 4.18 4.81 5.99 7.01 7.22 6.70 5.93 5.63 5.63 5.95 6.28 6.44 6.23 5.80 5.46 5.44 5.74 6.23 7.03 7.64 8.00 8.07 8.18 8.27 8.32 8.24 7.92 7.21 6.71 6.56 6.68 6.83 7.02 7.41 8.13 8.79 8.97 8.51 7.64 6.88 6.37 6.41 6.88 7.37 7.65 7.78 8.08 8.33 8.38 8.21 8.02 7.85 7.51 6.92 6.29 5.94 5.87 5.69 5.46 5.21 4.99
7.29 7.07 6.69 6.38 6.08 5.77 5.56 5.50 5.47 5.46 5.44 5.34 5.14 4.74 4.29 4.00 4.03 4.42 4.95 5.43 5.44 5.27 5.22 5.41 5.95 6.88 7.53 7.55 7.02 6.15 5.63 5.29 5.13 5.29 5.81 6.31 6.50 6.60 6.70 6.93 7.35 7.81 7.94 7.82 7.56 7.51 7.66 7.85 7.84 7.67 7.19 6.82 6.72 6.83 6.97 7.14 7.53 8.17 8.57 8.19 7.36 6.60 6.11 5.92 6.02 6.36 6.68 6.72 6.71 6.85 6.99 6.92 6.60 6.24 5.97 5.86 5.42 4.78 4.21 4.02 4.02 3.77 3.54 3.45
7.28 7.07 6.76 6.50 6.27 6.04 5.99 6.10 6.30 6.59 6.82 6.87 6.55 6.05 5.53 5.13 4.99 5.10 5.36 5.95 6.34 6.60 6.77 6.93 7.26 7.92 8.33 8.21 7.78 7.04 6.50 6.02 5.64 5.69 6.19 6.88 7.48 7.93 8.09 8.09 8.05 8.02 7.78 7.43 7.10 6.93 7.01 7.04 7.05 7.09 7.10 7.00 6.92 6.93 7.09 7.35 7.78 8.24 8.14 7.36 6.50 6.03 5.71 5.52 5.58 5.98 6.32 6.27 6.04 6.03 6.03 5.98 5.77 5.27 4.69 4.37 4.12 3.62 2.92 2.42 2.29 2.20 2.10 2.18
7.31 7.08 6.73 6.41 6.15 6.03 6.13 6.42 6.90 7.41 7.82 7.88 7.67 7.29 6.81 6.30 5.88 5.73 5.86 6.34 6.86 7.43 7.62 7.82 8.29 8.96 9.07 8.69 8.17 7.76 7.51 7.28 7.01 6.92 7.03 7.32 7.64 7.89 7.98 7.86 7.71 7.61 7.38 7.00 6.65 6.33 6.24 6.10 5.97 6.08 6.39 6.63 6.76 6.94 7.19 7.61 7.94 7.88 7.18 6.22 5.69 5.48 5.31 5.40 5.70 6.15 6.19 5.76 5.30 5.16 5.13 5.07 5.00 4.67 4.02 3.38 2.99 2.69 2.10 1.53 1.33 1.45 1.70 2.02
7.33 7.03 6.58 6.24 5.97 5.84 5.88 6.06 6.44 6.95 7.47 7.86 8.10 8.17 8.02 7.63 7.07 6.61 6.54 6.73 7.01 7.56 7.95 8.38 9.00 9.43 9.23 8.48 7.80 7.61 7.73 7.89 7.89 7.63 7.37 7.24 7.13 7.02 7.01 7.15 7.25 7.27 7.08 6.66 6.25 5.93 5.74 5.46 5.21 5.15 5.34 5.72 6.16 6.55 7.03 7.34 7.29 6.71 5.70 5.13 5.00 4.96 5.12 5.57 5.92 5.95 5.50 4.71 4.13 3.92 3.89 3.69 3.51 3.52 3.29 2.76 2.25 2.02 1.81 1.60 1.57 1.81 2.26 2.91
7.23 6.84 6.25 6.03 5.87 5.75 5.60 5.42 5.29 5.38 5.77 6.56 7.45 8.16 8.59 8.60 8.23 7.69 7.32 7.22 7.27 7.67 8.13 8.75 9.23 9.23 8.66 7.85 7.06 6.80 6.96 7.28 7.49 7.38 7.19 6.96 6.76 6.71 6.93 7.22 7.29 7.18 6.90 6.62 6.38 6.14 5.83 5.31 4.76 4.47 4.56 5.03 5.70 6.36 6.59 6.54 5.96 5.07 4.45 4.31 4.26 4.23 4.57 5.05 5.13 4.88 4.42 3.80 3.26 2.86 2.63 2.50 2.41 2.35 2.32 2.23 2.09 2.09 2.27 2.54 2.81 3.13 3.61 4.39
7.08 6.62 6.03 5.93 5.91 5.84 5.64 5.29 4.83 4.43 4.37 4.88 5.94 7.14 8.14 8.66 8.74 8.50 8.15 7.93 7.89 8.07 8.45 8.98 9.17 8.82 8.11 7.27 6.48 5.99 5.83 5.92 6.26 6.59 6.81 6.86 6.86 6.97 7.23 7.42 7.33 7.07 6.84 6.74 6.64 6.22 5.60 4.84 4.47 4.58 5.04 5.67 6.18 6.36 6.24 5.73 4.85 4.11 3.80 3.69 3.53 3.44 3.57 3.81 4.00 4.12 4.23 4.10 3.76 3.42 3.24 3.06 2.79 2.44 2.26 2.38 2.63 2.98 3.45 3.93 4.37 4.86 5.37 6.22
7.01 6.59 6.08 5.99 6.02 6.00 5.88 5.72 5.42 4.94 4.49 4.48 5.06 5.99 7.06 7.94 8.48 8.76 8.79 8.75 8.81 8.96 9.25 9.48 9.27 8.67 7.93 7.15 6.41 5.95 5.71 5.66 5.74 5.97 6.34 6.70 6.88 6.96 7.10 7.26 7.06 6.74 6.53 6.49 6.36 5.74 5.21 5.05 5.49 6.21 6.81 7.09 7.04 6.72 6.24 5.69 5.20 4.84 4.56 4.26 4.00 3.87 3.90 4.08 4.65 5.26 5.67 5.69 5.49 5.29 5.04 4.61 3.91 3.35 3.12 3.26 3.65 4.18 4.74 5.44 6.28 7.12 7.82 8.88
6.98 6.56 6.13 6.07 6.15 6.17 6.18 6.31 6.48 6.44 6.11 5.77 5.78 6.10 6.64 7.45 8.21 8.92 9.27 9.51 9.82 9.95 9.98 9.78 9.27 8.58 8.07 7.66 7.17 6.97 6.91 6.78 6.46 6.28 6.37 6.63 6.80 6.88 6.91 6.73 6.42 6.17 6.09 6.14 6.18 6.13 6.42 7.07 7.71 8.09 8.13 7.85 7.38 6.89 6.63 6.57 6.55 6.52 6.39 6.20 6.07 6.12 6.31 6.70 7.18 7.37 7.14 6.80 6.48 6.12 5.59 4.89 4.17 3.87 3.94 4.30 4.78 5.43 6.35 7.71 9.19 10.31 11.11 11.87
6.90 6.52 6.13 6.12 6.28 6.37 6.50 6.80 7.30 7.74 7.89 7.83 7.67 7.43 7.39 7.78 8.47 9.33 9.95 10.32 10.67 10.65 10.19 9.60 8.91 8.44 8.30 8.25 8.08 7.91 7.80 7.70 7.44 7.21 7.03 6.96 6.96 6.88 6.63 6.26 6.09 6.21 6.30 6.46 6.72 7.11 7.62 8.10 8.27 8.08 7.80 7.49 7.24 7.00 6.91 7.00 7.09 7.28 7.51 7.73 7.90 8.14 8.37 8.48 8.27 7.72 6.96 6.50 6.13 5.55 4.87 4.34 4.12 4.27 4.71 5.33 6.04 7.09 8.67 10.50 11.92 12.79 13.07 12.97
6.86 6.56 6.24 6.29 6.44 6.53 6.62 7.00 7.78 8.62 9.21 9.45 9.40 9.13 8.82 8.81 9.27 9.99 10.54 10.50 10.85 10.35 9.60 8.99 8.30 8.09 8.20 8.36 8.32 8.12 7.87 7.69 7.44 7.26 7.05 6.91 6.88 6.71 6.46 6.39 6.55 6.68 6.70 6.83 7.02 7.08 7.05 6.97 6.66 6.33 6.16 6.27 6.55 6.73 6.67 6.65 6.79 7.08 7.46 7.83 8.20 8.54 8.53 8.12 7.22 6.16 5.51 5.46 5.38 4.95 4.53 4.43 4.61 5.02 5.70 6.52 7.52 8.93 10.63 11.87 12.46 12.56 12.23 11.59
6.90 6.68 6.49 6.59 6.73 6.78 6.93 7.52 8.53 9.26 9.57 9.62 9.63 9.66 9.67 9.87 10.29 10.73 10.70 10.44 10.14 9.73 9.09 8.34 7.81 7.63 7.65 7.85 7.99 7.93 7.70 7.38 6.82 6.42 6.31 6.43 6.56 6.53 6.41 6.34 6.29 6.36 6.49 6.66 6.69 6.38 6.00 5.57 5.39 5.27 5.26 5.42 5.75 6.05 6.21 6.38 6.59 6.76 6.95 7.21 7.59 7.80 7.42 6.42 5.28 4.58 4.46 4.79 5.14 5.19 5.09 5.19 5.58 6.26 7.19 8.20 9.36 10.70 11.55 11.64 10.77 9.47 8.54 8.08
