project/data/elevation/US_DEM2016/US_DEM2016_point_10-29-2019_1616_30m_vel.asc
ncols	125
nrows	167
xllcorner	-2042055.000000
yllcorner	1465035.000000
cellsize	30.000000
NODATA_value	-9999.000000
[rows 76 to 113 of 167, columns 0 to 83 of 125]
4.23 4.27 4.37 4.47 4.62 4.79 4.98 5.17 5.18 5.00 4.80 4.74 4.96 5.31 5.53 5.66 5.77 5.68 5.38 5.13 5.07 5.08 5.02 4.98 4.93 4.77 4.59 4.75 5.15 5.33 5.19 4.85 4.36 3.97 3.83 3.83 3.85 3.80 3.69 3.56 3.52 3.63 3.86 4.08 4.25 4.12 3.74 3.37 3.19 3.20 3.23 3.24 3.30 3.45 3.64 3.80 3.96 4.02 4.08 4.16 4.18 4.07 3.91 3.80 3.74 3.72 3.84 4.20 4.79 5.13 5.02 4.83 4.95 5.24 5.59 6.03 6.46 6.64 6.45 5.93 4.97 3.69 3.02 2.91
4.23 4.34 4.53 4.61 4.73 4.94 5.05 4.96 4.63 4.21 3.99 4.09 4.45 4.90 5.22 5.35 5.72 5.04 4.81 4.66 4.62 4.68 4.76 4.85 4.89 4.78 4.54 4.51 4.80 5.22 5.41 5.32 5.00 4.71 4.51 4.32 4.11 3.89 3.74 3.67 3.69 3.74 3.81 3.91 4.09 4.00 3.66 3.34 3.13 3.05 3.03 3.02 3.02 3.21 3.51 3.78 3.98 4.10 4.16 4.15 4.04 3.88 3.84 3.98 4.16 4.32 4.46 4.73 5.22 5.81 6.07 6.24 6.54 6.90 7.16 7.31 7.26 7.04 6.61 6.16 5.44 4.31 3.38 2.82
4.13 4.22 4.42 4.50 4.53 4.57 4.52 4.32 4.09 3.98 4.03 4.25 4.61 5.01 5.20 5.20 5.05 4.85 4.68 4.52 4.42 4.41 4.50 4.60 4.66 4.59 4.36 4.23 4.38 4.83 5.29 5.52 5.43 5.18 4.92 4.64 4.34 4.03 3.88 3.79 3.72 3.61 3.56 3.68 3.85 3.68 3.09 2.59 2.42 2.36 2.38 2.48 2.70 3.07 3.46 3.79 4.03 4.13 4.12 4.01 3.90 3.84 3.93 4.25 4.66 4.92 5.18 5.58 6.13 6.56 6.90 7.12 7.24 7.59 7.57 7.39 7.01 6.47 6.23 6.25 6.19 5.69 4.87 4.00
4.03 4.01 4.16 4.27 4.21 4.13 4.15 4.23 4.37 4.50 4.64 4.85 5.14 5.34 5.30 5.11 4.92 4.75 4.60 4.46 4.34 4.29 4.30 4.36 4.41 4.31 3.99 3.72 3.72 4.06 4.49 5.00 5.21 5.08 4.82 4.57 4.31 4.03 3.82 3.62 3.45 3.30 3.32 3.62 3.87 3.69 2.95 2.31 2.19 2.31 2.54 2.84 3.19 3.50 3.70 3.80 3.84 3.76 3.58 3.43 3.48 3.65 3.90 4.36 4.88 5.34 5.83 6.25 6.49 6.68 6.76 6.82 6.93 6.92 6.76 6.47 6.03 5.60 5.47 5.77 6.20 6.32 5.99 5.33
3.96 3.92 4.07 4.27 4.29 4.25 4.33 4.54 4.81 4.97 5.14 5.33 5.48 5.41 5.18 4.90 4.65 4.49 4.38 4.25 4.16 4.13 4.12 4.17 4.24 4.17 3.74 3.13 2.82 2.99 3.27 3.75 4.29 4.57 4.52 4.36 4.18 4.07 3.93 3.78 3.70 3.67 3.79 4.12 4.39 4.29 3.65 2.99 2.82 3.04 3.38 3.70 3.90 4.00 3.89 3.74 3.61 3.49 3.36 3.33 3.46 3.72 4.07 4.58 5.09 5.60 5.97 6.09 6.09 6.02 5.90 5.82 5.73 5.50 5.40 5.44 5.36 5.14 4.91 4.88 5.28 5.92 6.20 6.01
3.94 3.94 4.13 4.43 4.57 4.57 4.61 4.77 4.99 5.16 5.34 5.43 5.37 5.11 4.81 4.54 4.31 4.09 3.96 3.86 3.81 3.85 3.95 4.01 4.13 4.18 3.81 2.80 2.11 2.01 2.11 2.35 2.90 3.62 4.01 4.15 4.17 4.28 4.33 4.38 4.47 4.57 4.73 4.90 5.10 5.11 4.71 4.12 3.84 3.80 3.83 3.86 3.89 3.88 3.83 3.78 3.83 4.02 4.16 4.23 4.31 4.44 4.65 4.99 5.31 5.51 5.48 5.29 5.23 5.25 5.16 5.05 4.93 4.66 4.65 4.86 5.06 5.06 4.85 4.48 4.43 4.90 5.68 6.05
4.05 4.06 4.16 4.33 4.47 4.59 4.69 4.84 5.03 5.18 5.26 5.18 4.93 4.62 4.36 4.20 4.07 3.89 3.69 3.58 3.57 3.61 3.70 3.84 4.02 4.26 4.17 3.31 2.10 1.65 1.58 1.71 2.05 2.60 3.32 3.84 4.10 4.33 4.49 4.68 4.88 5.05 5.15 5.22 5.41 5.57 5.40 4.92 4.46 4.09 3.83 3.75 3.82 3.91 3.91 3.96 4.13 4.42 4.66 4.84 4.95 5.04 5.14 5.21 5.24 5.13 4.92 4.82 4.85 4.91 4.84 4.68 4.47 4.25 4.24 4.47 4.77 4.96 4.91 4.64 4.26 4.20 4.77 5.57
4.19 4.22 4.22 4.19 4.28 4.46 4.65 4.84 4.98 5.03 4.97 4.77 4.50 4.28 4.13 4.04 3.98 3.87 3.68 3.51 3.43 3.43 3.48 3.61 3.90 4.26 4.50 4.16 3.21 2.55 2.31 2.30 2.29 2.46 2.90 3.49 3.86 4.10 4.32 4.58 4.77 4.88 4.92 4.98 5.19 5.50 5.55 5.23 4.77 4.38 4.23 4.25 4.27 4.22 4.08 4.10 4.20 4.34 4.59 4.84 5.05 5.15 5.20 5.10 4.90 4.73 4.72 4.84 4.93 4.89 4.73 4.47 4.05 3.64 3.47 3.71 4.10 4.40 4.56 4.57 4.30 3.92 3.91 4.73
4.21 4.26 4.29 4.28 4.35 4.48 4.64 4.79 4.84 4.77 4.60 4.38 4.19 4.08 4.01 3.91 3.85 3.80 3.68 3.47 3.32 3.29 3.34 3.51 3.83 4.28 4.74 4.89 4.72 4.43 4.10 3.68 3.30 3.09 3.14 3.42 3.78 4.13 4.39 4.51 4.50 4.48 4.53 4.71 4.96 5.32 5.55 5.51 5.34 5.19 4.99 4.79 4.57 4.36 4.18 4.16 4.23 4.39 4.65 4.84 4.99 5.04 4.99 4.81 4.57 4.49 4.59 4.81 4.87 4.79 4.64 4.39 3.78 2.97 2.49 2.52 2.90 3.35 3.71 3.98 4.06 3.82 3.50 3.83
4.16 4.22 4.32 4.42 4.50 4.59 4.65 4.67 4.64 4.51 4.32 4.14 4.01 3.94 3.88 3.79 3.69 3.62 3.49 3.30 3.22 3.30 3.46 3.72 4.09 4.47 4.89 5.25 5.46 5.49 5.35 4.95 4.39 3.92 3.71 3.74 4.08 4.50 4.53 4.38 4.21 4.22 4.40 4.64 4.84 5.15 5.50 5.70 5.80 5.80 5.57 5.14 4.74 4.44 4.22 4.17 4.26 4.46 4.62 4.66 4.67 4.65 4.59 4.49 4.34 4.28 4.29 4.42 4.47 4.49 4.57 4.83 4.17 3.21 2.33 2.02 1.98 2.15 2.46 2.84 3.26 3.41 3.24 3.25
4.16 4.23 4.34 4.46 4.57 4.59 4.51 4.42 4.37 4.29 4.16 4.01 3.89 3.80 3.73 3.63 3.51 3.40 3.27 3.17 3.19 3.40 3.69 4.00 4.33 4.60 4.86 5.14 5.34 5.46 5.52 5.48 5.17 4.65 4.26 4.16 4.32 4.46 4.31 4.11 4.01 4.06 4.17 4.32 4.46 4.71 5.15 5.34 5.57 5.69 5.65 5.43 5.10 4.72 4.34 4.19 4.18 4.21 4.20 4.18 4.14 4.14 4.18 4.21 4.18 4.09 3.99 3.97 4.04 4.20 4.49 4.86 4.94 4.52 3.61 2.78 2.19 1.89 1.79 1.89 2.17 2.51 2.60 2.55
4.18 4.23 4.29 4.34 4.34 4.27 4.19 4.17 4.18 4.16 4.06 3.94 3.81 3.68 3.53 3.40 3.37 3.40 3.45 3.44 3.43 3.51 3.71 3.99 4.27 4.48 4.65 4.83 4.91 4.86 5.02 5.34 5.51 5.32 4.89 4.52 4.26 4.01 3.92 3.94 3.91 3.85 3.79 3.82 4.00 4.20 4.41 4.52 4.63 4.78 4.87 4.95 4.94 4.82 4.55 4.29 4.11 3.96 3.88 3.87 3.90 3.99 4.07 4.11 4.10 3.99 3.86 3.80 3.87 4.08 4.40 4.87 5.31 5.55 5.40 4.74 3.97 3.28 2.77 2.42 2.22 2.21 2.23 2.22
4.15 4.18 4.17 4.11 4.03 3.99 4.07 4.22 4.26 4.15 3.99 3.85 3.74 3.59 3.42 3.40 3.57 3.85 3.97 3.99 3.91 3.81 3.80 3.91 4.05 4.19 4.34 4.54 4.66 4.59 4.61 4.92 5.34 5.52 5.35 4.85 4.24 3.85 3.78 3.89 3.87 3.81 3.78 3.83 3.90 3.91 3.89 3.68 3.43 3.33 3.46 3.61 3.81 4.02 4.07 4.06 4.00 3.94 3.91 3.98 4.06 4.12 4.10 4.03 4.00 3.92 3.80 3.78 3.85 4.06 4.31 4.63 5.16 5.75 6.12 6.15 5.88 5.39 4.85 4.31 3.75 3.35 3.27 3.14
4.12 4.14 4.12 4.08 4.06 4.15 4.31 4.39 4.30 4.11 3.88 3.67 3.51 3.41 3.37 3.46 3.72 3.99 4.15 4.23 4.22 4.12 3.99 3.88 3.81 3.80 3.91 4.15 4.43 4.59 4.59 4.63 4.84 5.18 5.29 5.03 4.48 4.10 3.96 4.03 4.06 4.10 4.12 4.12 4.06 3.94 3.77 3.33 2.74 2.48 2.46 2.56 2.70 2.98 3.32 3.63 3.84 3.96 4.04 4.13 4.18 4.11 3.99 3.87 3.84 3.80 3.73 3.75 3.81 3.98 4.13 4.31 4.65 5.14 5.62 6.04 6.28 6.27 6.13 5.92 5.59 5.20 4.87 4.59
4.14 4.16 4.19 4.23 4.30 4.42 4.47 4.36 4.13 3.87 3.60 3.29 3.07 3.03 3.01 3.04 3.15 3.37 3.68 3.92 4.06 4.10 3.99 3.77 3.59 3.51 3.56 3.72 3.93 4.10 4.21 4.19 4.26 4.60 4.97 5.03 4.72 4.43 4.28 4.32 4.35 4.39 4.40 4.43 4.42 4.36 4.24 3.89 3.34 2.91 2.73 2.81 3.10 3.42 3.70 3.87 3.95 3.99 4.03 4.04 4.00 3.89 3.79 3.72 3.67 3.61 3.54 3.57 3.65 3.77 3.86 3.95 4.01 4.07 4.30 4.69 5.29 5.71 5.96 6.15 6.20 6.07 5.89 5.69
4.18 4.20 4.26 4.35 4.45 4.49 4.37 4.12 3.81 3.50 3.23 3.01 2.89 2.83 2.71 2.56 2.51 2.66 2.93 3.24 3.48 3.66 3.69 3.64 3.60 3.60 3.55 3.44 3.31 3.22 3.27 3.36 3.51 3.88 4.46 4.83 4.78 4.54 4.40 4.45 4.45 4.48 4.56 4.74 4.85 4.95 4.97 4.83 4.61 4.39 4.11 4.11 4.32 4.51 4.53 4.34 4.13 3.97 3.87 3.79 3.70 3.65 3.60 3.57 3.52 3.40 3.26 3.28 3.35 3.46 3.56 3.61 3.49 3.21 3.09 3.34 3.92 4.43 4.79 5.15 5.53 5.73 5.72 5.78
4.20 4.24 4.32 4.42 4.48 4.36 4.08 3.75 3.47 3.24 3.10 3.04 3.03 3.03 2.96 2.77 2.57 2.50 2.58 2.75 2.95 3.17 3.38 3.57 3.75 3.86 3.83 3.61 3.33 3.14 3.08 3.14 3.28 3.51 3.91 4.39 4.56 4.48 4.40 4.46 4.49 4.58 4.73 4.96 5.08 5.25 5.42 5.43 5.37 5.39 5.37 5.20 4.98 4.73 4.46 4.26 4.08 3.89 3.70 3.54 3.41 3.38 3.41 3.44 3.45 3.37 3.22 3.18 3.20 3.27 3.39 3.46 3.33 2.90 2.55 2.52 2.92 3.37 3.58 3.81 4.21 4.63 4.71 4.71
4.20 4.24 4.32 4.38 4.28 3.99 3.62 3.34 3.19 3.12 3.11 3.14 3.20 3.31 3.41 3.40 3.23 3.05 3.01 3.10 3.25 3.45 3.66 3.82 3.91 4.02 4.18 4.26 4.22 4.13 4.05 4.02 4.03 3.99 3.89 4.03 4.30 4.42 4.51 4.61 4.67 4.79 4.92 5.04 5.03 5.15 5.41 5.54 5.52 5.56 5.59 5.50 5.16 4.63 4.25 4.16 4.07 3.89 3.68 3.48 3.33 3.30 3.41 3.53 3.62 3.61 3.51 3.42 3.32 3.33 3.42 3.54 3.48 3.01 2.37 1.96 2.03 2.36 2.49 2.61 2.93 3.44 3.57 3.47
4.18 4.20 4.21 4.11 3.81 3.38 3.03 2.91 2.91 2.95 3.05 3.20 3.35 3.51 3.75 4.00 4.12 4.14 4.18 4.25 4.34 4.41 4.42 4.34 4.19 4.14 4.30 4.53 4.70 4.69 4.60 4.48 4.34 4.15 3.88 3.88 4.14 4.42 4.66 4.80 4.87 4.89 4.89 4.86 4.78 4.87 5.16 5.42 5.50 5.48 5.39 5.35 5.33 5.19 4.89 4.56 4.27 4.04 3.92 3.84 3.77 3.72 3.76 3.81 3.83 3.78 3.64 3.54 3.44 3.49 3.64 3.79 3.77 3.27 2.34 1.57 1.33 1.41 1.54 1.62 1.79 2.18 2.54 2.67
4.16 4.16 4.06 3.81 3.39 2.99 2.76 2.72 2.78 2.89 3.09 3.38 3.67 3.92 4.20 4.54 4.81 5.02 5.14 5.15 5.07 4.92 4.72 4.55 4.41 4.28 4.18 4.09 4.07 4.05 3.88 3.70 3.60 3.56 3.62 3.85 4.17 4.47 4.72 4.83 4.83 4.74 4.59 4.46 4.45 4.53 4.79 5.09 5.29 5.38 5.31 5.24 5.27 5.32 5.21 4.84 4.45 4.21 4.11 4.10 4.11 4.14 4.09 4.05 4.00 3.87 3.64 3.52 3.54 3.74 3.93 4.08 4.19 3.83 2.73 1.76 1.28 1.15 1.15 1.12 1.19 1.43 1.81 2.12
4.16 4.13 3.99 3.75 3.50 3.31 3.18 3.14 3.16 3.24 3.42 3.72 4.08 4.41 4.72 4.97 5.17 5.27 5.24 5.11 4.91 4.68 4.49 4.42 4.48 4.49 4.28 3.90 3.62 3.49 3.37 3.27 3.30 3.38 3.59 3.92 4.25 4.50 4.63 4.66 4.60 4.47 4.30 4.16 4.14 4.20 4.32 4.52 4.68 4.71 4.73 4.77 4.78 4.76 4.69 4.57 4.38 4.20 4.07 4.00 4.04 4.14 4.15 4.14 4.14 4.10 3.92 3.75 3.75 3.89 4.04 4.27 4.67 4.69 3.83 2.75 1.99 1.61 1.48 1.38 1.35 1.45 1.69 2.01
4.13 4.09 3.96 3.87 3.86 3.83 3.81 3.84 3.93 3.96 3.98 4.14 4.45 4.82 5.09 5.19 5.15 5.01 4.78 4.50 4.28 4.17 4.12 4.18 4.37 4.61 4.65 4.52 4.37 4.31 4.27 4.19 4.05 3.90 3.89 4.05 4.22 4.37 4.42 4.39 4.27 4.15 4.07 4.01 3.99 4.04 4.07 4.08 3.94 3.66 3.54 3.64 3.81 3.88 3.94 4.05 4.13 4.09 4.01 3.99 4.05 4.14 4.11 4.05 4.04 4.09 4.05 3.92 3.78 3.75 3.89 4.23 4.91 5.37 5.09 4.12 3.20 2.52 2.39 2.30 2.22 2.23 2.39 2.77
4.06 4.00 3.92 3.96 4.07 4.19 4.31 4.45 4.62 4.73 4.73 4.76 4.93 5.13 5.16 5.06 4.85 4.58 4.32 4.12 4.01 3.97 3.98 4.07 4.23 4.55 4.86 5.13 5.24 5.26 5.22 5.09 4.83 4.49 4.23 4.14 4.13 4.18 4.20 4.12 3.96 3.87 3.90 3.98 4.05 4.15 4.18 4.12 3.80 3.29 2.94 2.81 2.79 2.97 3.29 3.67 3.96 4.06 4.05 4.07 4.15 4.19 4.08 3.95 3.87 3.87 3.83 3.67 3.47 3.43 3.58 4.01 4.82 5.62 5.92 5.59 4.83 4.08 3.86 3.73 3.65 3.63 3.73 3.91
4.06 4.00 3.95 4.04 4.26 4.54 4.80 4.99 5.13 5.24 5.28 5.26 5.20 5.08 4.89 4.65 4.42 4.22 4.06 3.99 4.10 4.19 4.25 4.29 4.35 4.48 4.65 4.87 5.03 5.12 5.13 5.10 4.98 4.73 4.37 4.12 4.03 4.00 3.92 3.84 3.83 3.94 4.05 4.17 4.27 4.36 4.39 4.45 4.36 4.06 3.68 3.29 2.93 3.00 3.35 3.72 3.98 4.15 4.23 4.27 4.27 4.26 4.15 4.05 3.99 3.92 3.76 3.53 3.35 3.37 3.54 3.95 4.63 5.39 6.04 6.32 6.20 5.78 5.45 5.28 5.16 4.98 4.80 4.56
4.11 4.06 3.99 4.05 4.29 4.61 4.87 5.04 5.13 5.20 5.23 5.18 5.00 4.72 4.44 4.21 4.05 3.93 3.84 3.84 4.08 4.30 4.40 4.40 4.36 4.33 4.24 4.17 4.19 4.29 4.43 4.61 4.74 4.70 4.38 4.09 3.94 3.81 3.71 3.75 3.98 4.26 4.38 4.41 4.42 4.45 4.48 4.62 4.73 4.80 4.75 4.54 4.20 3.93 3.91 3.96 4.05 4.23 4.41 4.51 4.51 4.49 4.40 4.34 4.30 4.24 4.10 3.91 3.81 3.77 3.82 3.98 4.37 4.85 5.48 6.12 6.42 6.39 6.24 6.07 5.75 5.37 4.97 4.52
4.11 4.05 3.93 3.93 4.05 4.24 4.40 4.50 4.58 4.65 4.69 4.65 4.49 4.26 4.04 3.87 3.76 3.74 3.77 3.83 4.00 4.15 4.24 4.21 4.07 3.90 3.70 3.55 3.43 3.43 3.61 3.88 4.16 4.29 4.24 4.09 3.94 3.83 3.89 4.11 4.36 4.47 4.50 4.47 4.43 4.44 4.48 4.53 4.62 4.78 4.94 5.02 4.92 4.59 4.17 3.96 4.01 4.21 4.42 4.59 4.69 4.74 4.69 4.64 4.59 4.55 4.47 4.31 4.17 4.01 3.92 3.95 4.14 4.46 4.92 5.43 5.78 5.95 6.02 5.97 5.68 5.22 4.74 4.24
4.10 4.03 3.93 3.91 3.89 3.88 3.89 3.91 3.98 4.07 4.13 4.09 3.98 3.81 3.62 3.53 3.64 3.87 4.16 4.33 4.34 4.31 4.29 4.21 4.01 3.65 3.21 2.92 2.74 2.63 2.67 2.85 3.10 3.39 3.61 3.77 3.91 4.04 4.23 4.39 4.44 4.42 4.36 4.33 4.31 4.34 4.40 4.35 4.27 4.25 4.34 4.51 4.64 4.51 4.11 3.89 3.94 4.14 4.35 4.56 4.75 4.86 4.85 4.81 4.76 4.69 4.56 4.31 4.01 3.72 3.65 3.71 3.92 4.22 4.56 4.85 5.04 5.09 5.21 5.45 5.54 5.38 5.09 4.79
4.21 4.23 4.27 4.18 4.02 3.85 3.73 3.68 3.71 3.77 3.75 3.65 3.51 3.32 3.15 3.21 3.59 4.16 4.57 4.74 4.76 4.69 4.57 4.47 4.37 4.17 3.65 3.05 2.65 2.41 2.26 2.27 2.44 2.69 2.99 3.36 3.75 4.02 4.13 4.11 4.08 4.09 4.10 4.12 4.15 4.22 4.30 4.19 3.90 3.66 3.57 3.60 3.76 3.94 3.86 3.77 3.81 3.97 4.18 4.40 4.61 4.76 4.78 4.78 4.78 4.74 4.60 4.30 3.89 3.53 3.42 3.48 3.65 3.91 4.18 4.50 4.65 4.59 4.47 4.67 5.06 5.36 5.54 5.61
4.36 4.48 4.58 4.47 4.24 4.00 3.82 3.73 3.68 3.54 3.32 3.10 2.94 2.82 2.70 2.68 3.05 3.71 4.22 4.54 4.68 4.72 4.67 4.61 4.65 4.77 4.68 4.19 3.67 3.38 3.22 3.09 3.13 3.24 3.39 3.60 3.78 3.86 3.85 3.80 3.77 3.80 3.92 4.00 4.09 4.22 4.35 4.27 3.92 3.55 3.27 3.01 2.87 2.96 3.10 3.31 3.55 3.74 3.94 4.16 4.36 4.49 4.56 4.60 4.68 4.76 4.77 4.59 4.19 3.73 3.44 3.37 3.44 3.66 3.98 4.33 4.56 4.51 4.15 3.94 4.09 4.46 4.86 5.19
4.30 4.39 4.45 4.38 4.23 4.03 3.84 3.68 3.46 3.15 2.78 2.57 2.56 2.65 2.65 2.53 2.59 2.92 3.36 3.80 4.06 4.24 4.41 4.54 5.05 4.96 5.28 5.34 5.15 4.95 4.77 4.64 4.54 4.40 4.28 4.15 3.98 3.86 3.80 3.80 3.80 3.82 3.94 4.04 4.14 4.30 4.53 4.62 4.38 3.95 3.50 2.98 2.50 2.34 2.51 2.95 3.38 3.65 3.85 4.02 4.13 4.20 4.29 4.44 4.57 4.73 4.90 4.90 4.61 4.06 3.66 3.48 3.46 3.59 3.80 4.08 4.45 4.55 4.24 3.76 3.41 3.32 3.42 3.66
4.10 4.06 4.08 4.12 4.06 3.90 3.66 3.37 3.07 2.85 2.74 2.71 2.84 3.10 3.44 3.63 3.42 3.21 3.17 3.27 3.48 3.76 4.16 4.49 4.67 4.91 5.27 5.59 5.73 5.74 5.62 5.45 5.27 5.00 4.70 4.40 4.13 3.95 3.84 3.83 3.90 4.01 4.11 4.12 4.14 4.26 4.56 4.84 4.78 4.40 3.85 3.26 2.86 2.74 2.92 3.22 3.50 3.69 3.85 3.91 3.87 3.90 4.09 4.34 4.51 4.67 4.88 5.06 4.99 4.60 4.11 3.82 3.66 3.56 3.55 3.76 4.20 4.50 4.40 3.96 3.45 3.14 3.00 3.02
4.01 3.93 3.90 3.95 3.95 3.85 3.65 3.38 3.16 3.14 3.33 3.60 3.92 4.36 4.82 5.09 5.12 4.80 4.32 4.08 4.04 4.18 4.44 4.62 4.72 4.81 4.92 5.06 5.23 5.40 5.45 5.39 5.27 5.07 4.84 4.57 4.29 4.07 3.89 3.85 3.99 4.18 4.27 4.19 4.10 4.13 4.39 4.78 4.99 4.89 4.52 4.10 3.79 3.68 3.63 3.58 3.55 3.62 3.71 3.71 3.68 3.75 3.96 4.19 4.36 4.48 4.67 4.92 5.10 5.03 4.60 4.18 3.89 3.65 3.55 3.67 4.03 4.41 4.52 4.32 4.07 3.98 3.91 3.72
4.06 3.97 3.90 3.95 4.02 4.08 4.11 4.08 4.03 4.10 4.41 4.83 5.27 5.61 5.79 5.87 5.97 5.91 5.70 5.47 5.28 5.14 4.99 4.83 4.79 4.78 4.74 4.67 4.55 4.52 4.62 4.72 4.71 4.68 4.66 4.61 4.49 4.26 4.06 4.00 4.06 4.11 4.10 4.05 4.03 4.09 4.32 4.73 5.19 5.49 5.47 5.19 4.83 4.45 4.04 3.70 3.57 3.58 3.57 3.57 3.64 3.73 3.82 3.95 4.08 4.16 4.27 4.50 4.81 4.95 4.76 4.40 4.11 3.89 3.78 3.81 4.03 4.37 4.59 4.57 4.48 4.48 4.51 4.45
4.13 4.09 4.05 4.08 4.18 4.34 4.53 4.71 4.90 5.12 5.40 5.69 5.86 5.86 5.75 5.63 5.60 5.68 5.73 5.68 5.56 5.38 5.13 4.93 4.84 4.78 4.73 4.70 4.54 4.26 4.08 4.04 4.03 4.04 4.13 4.28 4.36 4.30 4.17 4.02 3.86 3.71 3.66 3.77 3.99 4.18 4.43 4.80 5.30 5.78 5.99 5.89 5.59 5.16 4.68 4.28 4.04 3.85 3.71 3.66 3.68 3.68 3.69 3.77 3.90 3.97 3.99 4.11 4.35 4.58 4.62 4.46 4.24 4.06 3.96 3.95 4.06 4.31 4.54 4.55 4.39 4.28 4.33 4.42
4.23 4.25 4.23 4.25 4.34 4.47 4.64 4.89 5.23 5.53 5.69 5.66 5.48 5.22 4.98 4.84 4.76 4.78 4.81 4.88 4.92 4.92 4.88 4.87 4.87 4.78 4.69 4.73 4.75 4.64 4.43 4.23 4.17 4.14 4.09 4.06 4.10 4.16 4.10 3.89 3.67 3.57 3.67 3.92 4.20 4.40 4.60 4.88 5.22 5.60 5.86 5.96 5.91 5.74 5.49 5.18 4.83 4.44 4.11 3.90 3.76 3.68 3.69 3.75 3.85 3.93 3.94 3.98 4.13 4.31 4.44 4.40 4.25 4.12 4.05 4.02 4.08 4.29 4.50 4.50 4.31 4.18 4.18 4.27
4.24 4.27 4.29 4.34 4.45 4.62 4.82 5.05 5.29 5.38 5.31 5.10 4.81 4.53 4.35 4.28 4.20 4.14 4.11 4.19 4.32 4.42 4.56 4.73 4.87 4.84 4.71 4.63 4.64 4.71 4.75 4.74 4.72 4.65 4.49 4.26 4.09 4.08 4.05 3.97 3.92 3.99 4.12 4.32 4.48 4.61 4.74 4.90 5.05 5.22 5.40 5.58 5.75 5.84 5.85 5.69 5.35 4.95 4.52 4.12 3.85 3.76 3.74 3.71 3.76 3.90 4.00 4.06 4.14 4.24 4.32 4.32 4.23 4.13 4.05 4.00 4.05 4.22 4.43 4.48 4.33 4.22 4.21 4.27
4.15 4.15 4.21 4.33 4.50 4.73 4.97 5.10 5.09 4.92 4.68 4.47 4.29 4.12 4.00 3.92 3.83 3.76 3.78 3.89 4.01 4.14 4.29 4.53 4.75 4.89 4.88 4.78 4.62 4.51 4.47 4.46 4.47 4.50 4.49 4.39 4.22 4.12 4.11 4.18 4.25 4.33 4.40 4.52 4.60 4.71 4.80 4.82 4.82 4.91 4.99 5.09 5.23 5.37 5.46 5.43 5.26 4.97 4.60 4.22 3.95 3.80 3.70 3.64 3.71 3.90 4.05 4.12 4.16 4.18 4.19 4.21 4.18 4.09 3.99 3.92 3.91 4.02 4.22 4.34 4.24 4.09 4.03 4.07
4.10 4.07 4.12 4.24 4.40 4.61 4.76 4.72 4.53 4.28 4.03 3.81 3.67 3.58 3.54 3.54 3.58 3.63 3.71 3.84 4.04 4.18 4.21 4.31 4.59 4.86 5.03 5.10 4.99 4.72 4.40 4.02 3.75 3.78 3.97 4.12 4.17 4.15 4.16 4.23 4.31 4.38 4.46 4.52 4.51 4.57 4.67 4.65 4.62 4.72 4.78 4.78 4.75 4.67 4.52 4.52 4.55 4.49 4.37 4.22 4.04 3.85 3.71 3.69 3.79 3.94 4.07 4.14 4.15 4.12 4.07 4.05 4.03 3.99 3.96 3.92 3.87 3.89 4.03 4.15 4.05 3.79 3.60 3.57
