project/data/elevation/US_DEM2016/US_DEM2016_point_10-28-2019_1250_30m_vel.asc
ncols	125
nrows	167
xllcorner	-2042055.000000
yllcorner	1465035.000000
cellsize	30.000000
NODATA_value	-9999.000000
[rows 0 to 34 of 167, columns 0 to 79 of 125]
9.30 8.45 7.77 8.71 10.45 12.35 14.02 15.17 15.53 15.75 16.26 17.29 17.75 16.81 15.95 15.92 16.05 15.96 15.34 14.53 13.83 13.76 14.30 14.99 15.56 15.66 15.30 14.00 12.09 10.08 8.23 6.65 5.53 4.95 4.83 5.06 5.71 6.78 7.87 8.52 8.81 8.99 9.15 9.12 8.62 7.90 7.36 7.47 8.19 9.43 10.71 12.06 13.22 14.37 14.81 14.94 14.59 13.27 12.04 11.27 10.91 10.95 11.30 12.03 12.51 12.60 12.31 11.46 10.00 9.04 8.82 9.14 9.72 10.34 10.81 11.08 11.36 11.90 12.62 13.20
9.30 8.45 7.77 8.71 10.45 12.35 14.02 15.17 15.53 15.75 16.26 17.29 17.75 16.81 15.95 15.92 16.05 15.96 15.34 14.53 13.83 13.76 14.30 14.99 15.56 15.66 15.30 14.00 12.09 10.08 8.23 6.65 5.53 4.95 4.83 5.06 5.71 6.78 7.87 8.52 8.81 8.99 9.15 9.12 8.62 7.90 7.36 7.47 8.19 9.43 10.71 12.06 13.22 14.37 14.81 14.94 14.59 13.27 12.04 11.27 10.91 10.95 11.30 12.03 12.51 12.60 12.31 11.46 10.00 9.04 8.82 9.14 9.72 10.34 10.81 11.08 11.36 11.90 12.62 13.20
9.10 8.38 7.95 8.83 10.15 11.69 13.09 14.06 14.52 14.72 15.16 15.99 16.30 15.84 15.19 15.12 15.29 15.37 14.92 14.05 13.55 13.57 13.98 14.38 14.59 14.46 13.71 12.39 10.88 9.26 7.76 6.53 5.69 5.27 5.15 5.30 5.77 6.50 7.28 7.86 8.09 8.23 8.42 8.69 8.85 8.80 8.65 8.65 9.17 10.04 11.02 11.92 12.72 13.37 13.71 13.85 13.81 13.37 12.50 11.49 10.74 10.40 10.68 11.19 11.54 11.65 11.65 11.47 11.06 10.39 10.02 9.95 10.04 10.16 10.28 10.45 10.78 11.36 11.90 12.22
9.54 8.86 8.67 9.31 10.09 10.86 11.66 12.06 12.09 12.25 12.78 13.22 13.35 13.18 13.12 13.12 13.26 13.66 13.62 13.22 13.15 13.30 13.34 13.02 12.55 11.97 11.11 10.24 9.35 8.42 7.55 6.92 6.61 6.54 6.48 6.39 6.35 6.50 6.73 7.06 7.60 8.08 8.49 9.00 9.66 10.18 10.49 10.55 10.68 11.00 11.43 11.63 11.66 11.51 11.46 11.25 11.35 11.79 11.99 11.78 11.21 10.62 10.23 10.04 9.75 9.66 10.00 10.65 11.21 11.46 11.38 10.98 10.42 9.86 9.52 9.50 9.79 10.20 10.39 10.20
10.11 9.56 9.52 9.88 10.20 10.56 10.73 10.73 10.41 10.31 10.54 10.85 10.96 10.92 11.04 11.10 11.21 11.62 12.24 12.80 13.18 13.08 12.59 11.62 10.59 9.95 9.67 9.41 9.08 8.73 8.41 8.29 8.35 8.42 8.31 7.93 7.51 7.31 7.26 7.48 8.19 8.97 9.69 10.32 10.65 10.97 11.23 11.48 11.62 11.69 11.72 11.49 10.94 10.26 9.64 8.65 8.15 8.45 9.47 10.58 11.07 10.98 10.48 9.61 8.87 8.35 8.21 8.57 9.23 9.75 9.96 9.86 9.56 9.18 8.92 8.87 9.00 9.15 9.15 9.00
10.19 9.85 9.96 10.31 10.33 10.38 10.26 9.73 9.34 9.16 9.12 9.32 9.64 9.88 10.31 10.62 10.78 10.92 11.58 12.43 12.83 12.41 11.49 10.18 9.18 8.95 9.11 9.27 9.38 9.49 9.63 9.77 9.81 9.63 9.29 8.86 8.50 8.28 8.15 8.17 8.42 8.87 9.61 10.47 10.94 11.15 11.36 11.68 11.85 11.89 11.79 11.48 10.93 9.83 8.55 7.42 7.04 7.25 7.86 8.62 9.40 9.85 9.72 9.00 8.25 7.68 7.31 7.17 7.21 7.33 7.51 7.69 7.83 7.95 8.02 8.08 8.20 8.35 8.50 8.66
10.39 10.31 10.47 10.78 10.65 10.30 9.74 8.88 8.31 8.18 8.22 8.37 8.75 9.50 10.39 10.81 11.15 11.22 11.22 11.34 11.48 11.13 10.26 9.24 8.79 8.81 8.96 9.12 9.43 9.92 10.37 10.61 10.45 10.18 9.89 9.69 9.58 9.42 9.07 8.65 8.41 8.48 8.85 9.49 10.02 10.11 10.19 10.46 10.93 11.24 11.47 11.43 10.99 10.42 9.67 8.95 8.90 8.96 8.83 8.56 8.33 8.31 8.24 7.93 7.45 6.98 6.70 6.63 6.65 6.66 6.69 6.75 6.86 6.98 7.10 7.19 7.29 7.48 7.86 8.31
10.56 10.81 11.34 11.39 11.10 10.19 9.13 8.11 7.71 7.84 7.86 7.74 8.15 9.19 10.18 10.46 10.74 10.81 10.37 9.89 9.83 9.72 9.32 8.99 8.89 8.92 9.00 9.07 9.33 9.91 10.54 10.92 10.98 11.08 11.29 11.64 11.73 11.42 10.80 10.01 9.19 8.61 8.46 8.44 8.33 8.33 8.35 8.66 9.54 10.66 11.24 11.39 11.32 11.52 11.64 11.60 11.22 10.73 9.99 9.07 8.17 7.57 7.35 7.17 6.83 6.45 6.33 6.54 6.80 6.87 6.77 6.61 6.50 6.52 6.66 6.79 6.90 7.17 7.63 8.02
11.05 11.42 12.15 12.02 11.43 10.39 9.11 8.27 8.20 8.24 8.07 7.87 8.17 8.98 9.54 9.56 9.57 9.60 9.27 8.88 8.87 8.81 8.52 8.48 8.58 8.77 9.16 9.56 9.81 10.10 10.70 11.34 12.00 12.90 13.90 14.52 14.53 14.02 13.26 12.34 11.20 9.99 9.05 8.49 8.06 7.90 8.30 8.95 10.06 11.02 11.27 10.85 10.56 10.82 11.22 11.35 10.98 10.23 9.30 8.44 7.71 7.22 7.03 7.03 6.94 6.81 6.89 7.18 7.27 7.10 6.80 6.56 6.55 6.84 7.29 7.65 7.95 8.37 8.68 8.63
11.32 11.90 12.51 12.29 11.62 10.84 9.77 9.36 9.60 9.75 9.31 8.84 8.84 9.03 8.98 8.72 8.53 8.57 8.68 8.70 8.75 8.41 7.92 7.89 8.17 8.56 9.13 9.80 10.34 10.78 11.46 12.31 13.38 14.50 15.27 15.46 15.23 14.88 14.56 14.13 13.37 12.26 11.06 10.04 9.26 9.17 9.51 10.29 11.19 11.53 11.06 9.65 8.60 7.85 8.02 8.55 8.69 8.32 7.83 7.40 7.02 6.77 6.78 7.11 7.68 8.03 8.33 8.47 8.03 7.35 7.01 7.08 7.58 8.38 9.11 9.64 10.13 10.63 10.79 10.44
11.67 11.84 12.35 12.38 11.95 11.56 11.30 11.58 11.93 11.82 11.29 10.57 9.90 9.31 8.68 8.11 7.95 8.37 8.94 9.31 9.29 8.77 8.18 8.05 8.30 8.66 9.05 9.68 10.68 11.82 12.77 13.56 14.16 14.33 13.95 13.24 13.04 13.51 14.05 14.35 14.28 13.73 12.78 11.64 10.74 10.29 10.22 10.84 11.54 11.50 10.36 8.76 7.45 6.57 6.27 6.35 6.66 6.88 6.91 6.79 6.65 6.66 6.98 7.65 8.59 9.42 9.82 9.60 8.87 7.96 7.79 8.37 9.31 10.24 11.04 11.67 12.20 12.43 12.26 11.80
11.50 11.17 11.58 12.44 12.89 13.18 13.62 14.10 14.36 13.89 13.11 12.30 11.35 10.06 8.82 8.19 8.16 8.78 9.59 10.04 9.95 9.45 8.90 8.64 8.77 9.17 9.70 10.52 11.70 12.83 13.38 13.55 13.18 12.24 10.89 10.06 10.33 11.24 12.06 12.66 13.20 13.52 13.40 12.83 11.96 11.15 10.81 11.14 11.32 10.81 9.36 8.33 7.62 6.83 6.11 5.70 5.83 6.30 6.64 6.75 6.88 7.30 7.97 8.78 9.67 10.32 10.52 10.25 9.71 9.27 9.10 9.68 10.49 11.41 12.12 12.55 12.52 12.04 11.11 10.38
10.74 10.22 10.35 11.78 13.11 14.06 14.66 14.91 14.96 14.59 14.00 13.36 12.57 11.18 9.84 9.15 9.02 9.26 9.72 9.98 9.85 9.47 9.08 8.91 9.14 9.74 10.55 11.39 11.99 12.20 11.97 11.26 10.10 8.74 7.97 8.20 8.89 9.30 9.38 9.85 10.70 11.64 12.48 12.89 12.66 11.93 11.34 11.29 10.76 9.43 8.07 7.43 6.79 6.12 5.57 5.41 5.72 6.29 6.86 7.33 7.80 8.44 9.17 9.81 10.27 10.46 10.52 10.60 10.59 10.50 10.50 10.84 11.60 12.23 12.29 11.72 10.57 9.05 7.77 7.02
10.70 10.41 10.28 10.77 11.73 12.67 13.14 13.20 13.00 12.94 13.02 13.00 12.79 12.15 11.28 10.48 9.93 9.57 9.38 9.16 8.88 8.69 8.67 8.76 9.08 9.58 10.04 10.17 9.84 9.24 8.46 7.36 6.28 5.60 5.82 6.68 7.15 7.06 6.99 7.38 8.03 8.91 9.92 10.86 11.54 11.64 11.42 11.14 10.39 8.82 7.39 6.21 5.41 5.14 5.21 5.62 6.19 6.78 7.45 8.25 8.97 9.57 10.03 10.38 10.60 10.74 10.93 11.21 11.39 11.36 11.45 11.93 12.36 12.08 10.89 9.09 7.35 6.30 5.86 5.79
11.20 11.36 10.89 10.25 9.69 9.65 9.62 9.29 8.99 9.30 9.97 10.69 11.22 11.58 11.60 11.20 10.51 9.78 9.11 8.44 7.90 7.88 8.11 8.30 8.39 8.34 8.03 7.38 6.62 6.06 5.60 5.22 5.03 5.04 5.24 5.42 5.49 5.64 5.86 6.07 6.29 6.66 7.21 8.05 9.28 10.78 11.28 11.23 10.50 9.21 7.50 6.08 5.49 5.62 6.16 6.76 7.14 7.48 8.07 9.05 10.08 10.69 11.10 11.42 11.68 11.99 12.23 12.30 12.25 12.11 12.17 12.47 12.01 10.32 8.25 6.80 6.24 6.09 6.26 6.75
11.30 11.24 10.60 9.55 7.92 6.73 5.93 5.41 5.39 5.70 6.31 7.01 7.96 9.08 10.20 10.71 10.54 9.86 9.01 8.18 7.66 7.62 7.73 7.68 7.41 6.92 6.33 5.87 5.58 5.35 5.27 5.50 5.99 6.31 6.23 6.10 6.07 6.25 6.49 6.65 6.70 6.81 7.19 8.10 9.45 11.08 11.70 11.49 10.51 9.03 7.75 7.06 6.88 7.27 7.85 8.22 8.21 8.27 8.91 10.17 11.35 12.26 12.81 13.09 13.37 13.78 14.00 13.98 13.82 13.53 13.21 12.47 10.65 8.58 7.47 7.27 7.45 7.43 7.53 8.04
10.66 9.99 9.06 8.20 6.54 5.14 4.41 4.28 4.50 5.07 5.65 6.08 6.70 7.69 8.82 9.74 10.08 9.80 9.12 8.45 8.05 7.85 7.65 7.33 6.94 6.59 6.44 6.55 6.66 6.59 6.41 6.42 6.86 7.57 7.94 8.07 8.07 8.05 8.08 8.29 8.66 9.18 9.81 10.81 11.91 12.52 12.28 11.61 10.50 9.33 8.46 8.19 8.33 8.79 9.37 9.70 9.56 9.72 10.59 11.93 13.29 14.28 14.80 14.96 14.93 15.01 15.21 15.37 15.44 14.99 14.06 12.54 10.21 9.10 9.18 9.59 9.64 9.32 9.18 9.57
10.36 9.60 8.40 7.26 6.25 5.58 5.62 6.16 6.87 7.69 8.31 8.61 8.95 9.17 9.28 9.33 9.55 9.65 9.40 8.99 8.56 8.13 7.72 7.38 7.22 7.27 7.48 7.75 8.02 8.16 8.03 7.70 7.79 8.44 9.20 9.76 9.98 9.95 9.86 10.13 10.90 11.67 12.47 13.15 13.38 12.78 11.78 10.99 10.38 9.84 9.27 9.09 9.41 10.07 10.67 10.89 11.02 11.37 12.49 13.91 15.02 15.54 15.61 15.51 15.26 15.03 14.98 15.08 15.38 15.29 14.71 13.92 12.62 12.19 12.67 13.10 13.00 12.47 12.19 12.15
10.54 10.02 8.76 7.54 7.11 7.64 8.71 9.78 10.76 11.52 12.03 12.26 12.14 11.47 10.47 9.69 9.46 9.57 9.57 9.34 8.93 8.48 8.08 7.86 7.92 8.14 8.33 8.58 8.99 9.42 9.65 9.65 9.68 9.93 10.47 11.17 11.76 11.95 12.09 12.47 13.06 13.57 13.78 13.48 12.46 10.85 9.47 9.17 9.63 9.83 10.01 10.20 10.72 11.36 11.71 11.63 11.87 12.67 13.95 14.93 15.24 14.96 14.46 14.16 14.09 14.10 14.14 14.04 14.00 14.30 14.94 15.45 16.01 16.23 16.52 17.02 17.21 17.00 16.61 15.95
10.13 9.33 8.11 7.57 8.29 9.80 11.53 12.98 13.96 14.34 14.35 14.12 13.64 12.62 11.51 10.58 10.02 9.79 9.69 9.52 9.27 9.04 8.87 8.81 8.82 8.90 9.08 9.39 9.81 10.36 11.03 11.70 12.28 12.74 13.09 13.46 13.67 13.68 13.95 14.35 14.46 14.09 13.28 11.91 10.08 8.28 7.34 7.60 8.95 10.01 10.84 11.48 12.02 12.25 12.20 12.01 12.50 13.59 14.31 14.50 13.85 12.87 12.06 11.74 11.98 12.49 12.86 12.90 12.62 12.81 13.99 15.39 16.62 17.30 17.80 18.54 19.01 19.02 18.61 18.03
8.89 8.07 7.42 8.06 9.87 12.04 13.68 14.63 15.01 14.81 14.32 13.83 13.32 12.67 12.08 11.41 10.70 10.10 9.83 9.75 9.73 9.84 10.07 10.23 10.25 10.19 10.40 10.70 11.05 11.61 12.53 13.63 14.60 15.30 15.60 15.35 14.88 14.58 14.59 14.50 13.84 12.60 11.00 9.20 7.72 6.98 6.97 7.90 9.54 10.96 12.23 13.15 13.49 13.21 12.76 12.72 13.27 13.70 13.75 12.93 11.63 10.38 9.42 8.89 9.18 9.59 10.00 10.30 10.47 10.83 11.61 12.86 14.20 15.12 15.79 16.44 16.91 17.04 17.09 17.03
9.46 9.01 9.15 10.59 12.53 14.07 14.69 14.63 14.17 13.33 12.70 12.30 11.96 11.86 11.76 11.42 10.85 10.27 10.07 10.26 10.66 11.26 11.86 12.21 12.34 12.33 12.45 12.68 13.06 13.67 14.58 15.41 15.87 15.94 15.55 14.86 14.32 13.86 13.42 12.53 11.19 9.70 8.15 6.92 6.59 7.09 8.15 9.69 11.01 12.41 13.54 14.09 14.21 14.14 13.70 13.48 13.47 13.18 12.35 10.78 9.23 7.92 6.65 6.06 6.08 6.06 6.04 6.51 7.32 7.97 9.02 9.82 10.44 10.83 11.17 11.64 11.66 11.95 12.47 12.96
11.01 11.58 12.83 13.86 14.59 14.88 14.29 13.29 12.24 11.56 11.21 10.93 10.70 10.69 10.74 10.70 10.51 10.32 10.46 10.98 11.80 12.68 13.40 13.90 14.06 14.17 14.35 14.65 15.11 15.69 16.10 15.99 15.31 14.25 13.02 12.18 12.15 11.81 10.84 9.37 7.91 6.97 6.36 6.46 7.17 8.19 9.60 11.01 12.31 13.44 13.90 14.03 13.99 14.05 14.00 13.64 13.00 12.02 10.47 8.78 7.24 5.67 4.59 4.30 4.32 4.24 4.28 4.77 5.58 6.46 7.29 7.98 8.20 8.09 7.88 7.94 8.28 9.04 9.76 10.41
11.94 13.01 14.44 14.85 14.76 14.11 12.94 11.83 10.83 10.49 10.38 10.13 9.90 9.80 9.84 10.02 10.18 10.38 10.73 11.14 11.63 12.17 12.79 13.56 14.07 14.51 15.00 15.49 15.86 15.94 15.47 14.28 12.56 11.08 10.10 9.81 9.69 8.95 7.68 6.66 5.99 5.82 6.24 7.35 8.41 9.48 10.75 11.94 13.01 13.44 13.15 12.72 12.60 12.82 13.02 12.83 12.13 10.98 9.37 7.85 6.40 4.99 4.24 4.20 4.38 4.52 4.92 5.70 6.39 6.64 6.83 7.02 7.02 6.77 6.42 6.46 7.22 8.32 8.89 9.18
12.44 13.11 13.94 14.01 13.53 12.48 11.44 10.68 10.17 9.93 9.75 9.44 9.28 9.22 9.34 9.66 10.05 10.35 10.49 10.41 10.30 10.29 10.66 11.45 12.62 13.62 14.45 14.89 14.78 14.05 12.68 10.86 9.07 8.04 7.68 7.57 6.97 6.11 5.52 5.53 5.88 6.57 7.65 8.70 9.84 11.01 11.90 12.72 13.09 12.77 12.12 11.69 11.54 11.58 11.71 11.76 11.49 10.75 9.45 7.98 6.78 6.04 5.91 6.21 6.46 6.60 7.15 7.59 7.42 6.99 6.70 6.64 6.42 6.00 5.71 6.01 6.83 7.46 7.57 7.77
12.83 12.42 12.27 12.46 11.85 11.31 10.47 9.76 9.46 9.28 9.02 8.78 8.61 8.64 9.01 9.52 10.02 10.25 10.22 10.02 9.91 10.02 10.48 11.32 12.43 13.26 13.54 13.26 12.38 11.06 9.45 7.98 6.72 5.98 5.69 5.55 5.29 5.09 5.26 5.93 6.98 8.19 9.15 10.22 11.42 12.42 13.04 13.22 12.78 11.96 11.25 10.85 10.65 10.68 10.99 11.25 11.36 11.08 10.26 9.08 8.26 8.06 8.33 8.68 8.89 9.14 9.30 8.82 7.87 7.36 7.27 6.81 6.13 5.72 5.71 6.00 6.36 6.47 6.44 6.80
12.99 12.16 11.23 11.28 11.35 11.16 10.72 10.00 9.52 9.29 9.00 8.78 8.63 8.73 9.12 9.64 10.17 10.54 10.75 10.88 11.23 11.89 12.71 13.37 13.57 13.19 12.29 11.09 9.74 8.45 7.15 6.19 5.69 5.51 5.38 5.37 5.63 6.11 6.58 7.17 8.14 9.15 10.25 11.56 12.74 13.57 13.79 13.31 12.36 11.23 10.26 9.67 9.65 10.04 10.64 11.18 11.40 11.45 11.29 10.94 10.69 10.83 11.18 11.46 11.56 11.36 10.79 9.99 9.29 9.06 8.55 7.56 6.44 6.15 6.28 6.22 6.14 6.21 6.37 6.66
13.13 12.22 10.99 10.78 10.96 11.23 11.41 11.15 10.71 10.51 10.35 10.02 9.94 10.01 10.16 10.28 10.59 11.10 11.66 12.18 12.85 13.58 13.98 13.82 13.05 11.79 10.31 8.83 7.46 6.46 5.89 5.69 5.85 6.37 6.68 6.82 7.07 7.58 8.15 8.52 9.02 9.80 11.09 12.50 13.61 14.13 13.90 13.05 11.95 10.73 9.55 9.00 9.21 9.84 10.47 10.82 10.97 11.49 12.00 12.46 13.12 13.91 14.62 15.04 14.71 13.95 12.88 12.03 11.76 11.27 9.88 8.27 7.46 7.55 7.48 6.86 6.58 6.84 7.09 7.19
12.85 11.78 10.47 10.19 10.32 10.99 11.53 11.75 11.60 11.48 11.39 11.14 11.13 11.24 11.29 11.13 11.00 11.25 11.88 12.59 13.14 13.25 12.71 11.58 10.30 9.10 7.98 6.88 5.97 5.61 5.81 6.53 7.26 7.75 8.17 8.50 8.73 9.02 9.47 9.65 9.94 10.63 11.98 13.17 13.96 13.97 13.28 12.38 11.61 10.85 9.99 9.41 9.49 9.89 10.04 10.12 10.58 11.55 12.41 13.43 14.58 15.61 16.36 16.56 16.80 16.31 15.44 14.72 13.90 12.75 11.24 9.83 9.39 9.32 8.87 8.25 8.21 8.57 8.60 8.23
12.34 11.62 10.56 10.11 10.10 10.46 11.11 11.64 11.75 11.51 11.09 10.72 10.74 10.94 11.12 11.10 10.87 10.90 11.37 11.84 11.80 11.03 9.74 8.40 7.31 6.48 5.85 5.49 5.47 5.89 6.98 8.21 8.91 9.28 9.54 9.84 10.18 10.43 10.53 10.68 11.05 11.77 12.63 13.39 13.45 12.79 11.83 11.34 11.43 11.44 11.19 10.84 10.40 10.33 10.18 10.31 10.97 11.99 12.74 13.75 14.64 15.53 15.99 16.06 16.43 16.63 16.55 16.38 15.75 14.78 14.01 13.31 12.60 11.58 10.52 10.19 10.54 10.88 10.40 9.41
12.60 12.29 11.44 10.78 10.57 10.53 10.86 11.40 11.70 11.55 10.97 10.41 10.20 10.17 10.22 10.21 10.27 10.48 10.75 10.49 9.47 7.95 6.56 5.54 4.70 4.08 3.77 4.13 5.21 6.79 8.42 9.46 10.13 10.53 10.78 11.00 11.14 11.14 11.11 11.27 11.83 12.41 12.99 13.08 12.43 11.14 10.50 10.51 10.98 11.74 11.94 11.80 11.57 11.26 11.02 11.05 11.35 12.00 12.65 13.41 13.74 13.63 12.98 12.86 13.59 14.77 15.69 16.45 16.97 17.00 17.01 16.67 15.72 14.44 13.20 12.83 12.81 12.36 11.22 9.52
12.94 12.37 11.56 11.10 10.95 10.88 10.84 11.15 11.64 11.95 11.86 11.36 10.91 10.46 10.07 9.78 9.88 10.11 9.88 8.78 7.06 5.47 4.32 3.60 3.20 2.97 2.98 3.58 4.89 6.59 8.14 9.05 9.71 10.29 10.78 11.12 11.06 10.99 10.99 11.31 11.91 12.58 13.04 12.76 11.98 10.88 10.28 10.24 10.55 11.13 11.81 11.99 12.13 11.95 11.58 11.14 11.05 11.23 11.80 12.23 12.21 11.50 10.63 10.43 10.90 12.04 13.55 14.93 16.06 16.83 17.40 17.62 17.10 16.40 15.77 15.11 13.99 12.34 10.47 8.84
12.32 11.25 10.15 10.21 10.48 10.58 10.45 10.50 11.09 11.80 12.17 11.93 11.43 10.88 10.41 9.97 9.84 9.60 8.75 7.28 5.89 4.87 4.17 3.79 3.71 3.84 4.14 4.60 5.26 5.99 6.62 7.21 7.75 8.34 8.95 9.45 9.80 10.07 10.46 11.09 11.63 12.26 12.46 11.99 11.33 10.63 9.98 9.84 10.00 10.33 10.87 11.58 11.85 11.82 11.39 10.62 10.27 10.20 10.67 10.94 10.63 9.72 9.13 9.38 10.06 10.75 11.48 12.26 13.14 13.96 14.66 15.29 15.84 16.08 16.09 15.69 14.06 11.68 9.97 9.11
10.79 9.90 9.06 9.21 9.36 9.21 8.99 9.15 9.67 10.57 11.32 11.52 11.21 10.76 10.44 10.09 9.76 9.17 8.20 7.22 6.54 6.16 5.92 5.80 5.81 6.04 6.25 6.46 6.57 6.60 6.68 6.69 6.72 6.84 7.14 7.72 8.61 9.26 9.98 10.71 11.15 11.39 10.98 9.82 8.61 8.14 8.18 8.42 8.73 9.42 10.05 10.67 11.09 11.01 10.51 9.87 9.52 9.61 9.87 10.00 9.55 8.64 8.51 8.93 9.63 10.11 10.17 10.14 10.35 10.80 10.92 11.51 12.65 13.81 14.61 14.92 14.19 12.54 11.04 10.19
10.04 9.88 9.80 9.67 9.00 8.35 8.11 8.15 8.39 9.09 10.09 10.81 10.97 10.71 10.36 9.92 9.51 9.01 8.48 8.14 8.11 8.17 8.26 8.28 8.30 8.35 8.43 8.32 8.22 8.18 8.10 7.79 7.33 6.94 6.90 7.41 8.24 8.92 9.69 10.34 10.58 10.31 9.13 7.18 6.10 6.12 6.69 7.41 8.21 8.90 9.54 9.99 10.14 10.11 9.74 9.51 9.44 9.65 9.67 9.68 9.41 9.03 9.03 9.08 9.14 8.90 8.61 8.63 8.91 9.21 9.38 9.66 10.38 11.42 12.14 13.21 14.06 13.87 12.78 11.17
