project/data/elevation/US_DEM2016/US_DEM2016_point_10-28-2019_0745_30m_vel.asc
ncols	125
nrows	167
xllcorner	-2042055.000000
yllcorner	1465035.000000
cellsize	30.000000
NODATA_value	-9999.000000
[rows 0 to 36 of 167, columns 0 to 83 of 125]
7.22 6.26 5.09 5.44 6.96 8.95 10.75 11.92 12.29 12.41 12.61 13.20 13.77 13.39 12.67 12.25 11.87 11.58 11.37 11.39 11.38 11.36 11.43 11.64 11.80 11.67 11.29 10.35 9.17 7.92 6.77 5.77 5.00 4.36 3.87 3.77 4.27 5.29 6.41 7.18 7.63 7.93 8.15 8.18 7.81 7.15 6.55 6.61 7.19 7.87 8.33 8.84 9.32 9.94 10.30 10.52 10.33 9.40 8.51 7.90 7.63 7.74 8.21 8.99 9.53 9.69 9.45 8.64 7.30 6.40 6.09 6.24 6.66 7.15 7.55 7.80 8.05 8.63 9.39 9.86 10.24 10.55 10.18 9.63
7.22 6.26 5.09 5.44 6.96 8.95 10.75 11.92 12.29 12.41 12.61 13.20 13.77 13.39 12.67 12.25 11.87 11.58 11.37 11.39 11.38 11.36 11.43 11.64 11.80 11.67 11.29 10.35 9.17 7.92 6.77 5.77 5.00 4.36 3.87 3.77 4.27 5.29 6.41 7.18 7.63 7.93 8.15 8.18 7.81 7.15 6.55 6.61 7.19 7.87 8.33 8.84 9.32 9.94 10.30 10.52 10.33 9.40 8.51 7.90 7.63 7.74 8.21 8.99 9.53 9.69 9.45 8.64 7.30 6.40 6.09 6.24 6.66 7.15 7.55 7.80 8.05 8.63 9.39 9.86 10.24 10.55 10.18 9.63
7.50 6.54 5.37 5.49 6.48 7.98 9.45 10.51 11.11 11.42 11.78 12.34 12.61 12.44 11.99 11.77 11.64 11.55 11.34 11.04 10.95 10.89 10.94 11.09 11.19 11.05 10.49 9.56 8.55 7.58 6.71 5.92 5.24 4.69 4.23 4.01 4.21 4.77 5.54 6.29 6.78 7.10 7.37 7.66 7.84 7.80 7.61 7.49 7.73 8.06 8.35 8.66 9.05 9.38 9.64 9.89 10.05 9.84 9.23 8.40 7.73 7.43 7.67 8.15 8.54 8.80 8.94 8.84 8.41 7.67 7.18 6.98 6.98 7.05 7.14 7.28 7.55 7.99 8.45 8.88 9.21 9.52 9.63 9.57
8.48 7.37 6.09 5.92 6.27 6.86 7.54 8.04 8.41 9.01 9.85 10.29 10.29 10.15 10.25 10.41 10.50 10.73 10.70 10.45 10.34 10.19 10.06 9.95 9.89 9.72 9.22 8.57 7.93 7.41 6.95 6.48 6.07 5.79 5.48 5.09 4.74 4.56 4.61 5.05 5.87 6.55 7.06 7.55 8.12 8.62 8.90 8.83 8.63 8.44 8.39 8.35 8.39 8.28 8.24 8.20 8.47 9.00 9.28 9.16 8.60 7.89 7.37 7.09 6.85 6.94 7.47 8.21 8.68 8.77 8.56 8.10 7.55 7.02 6.65 6.56 6.70 6.85 6.84 6.89 7.32 7.97 8.64 9.23
9.14 8.04 6.82 6.53 6.49 6.55 6.56 6.58 6.59 6.97 7.71 8.27 8.38 8.32 8.57 8.89 9.00 9.20 9.66 10.08 10.18 9.82 9.41 9.00 8.67 8.53 8.48 8.30 8.07 7.90 7.75 7.58 7.44 7.31 7.07 6.61 6.04 5.52 5.11 5.18 5.89 6.77 7.58 8.22 8.53 8.82 9.12 9.30 9.18 8.85 8.60 8.34 8.00 7.56 7.13 6.42 6.10 6.40 7.30 8.30 8.72 8.51 7.84 6.93 6.21 5.79 5.78 6.20 6.86 7.38 7.58 7.47 7.14 6.71 6.35 6.15 6.09 6.03 5.87 5.81 6.22 7.00 7.75 8.25
9.19 8.28 7.29 7.05 6.82 6.57 6.24 5.79 5.55 5.65 6.05 6.70 7.16 7.37 7.87 8.45 8.69 8.62 9.03 9.61 9.72 9.27 8.75 8.20 7.82 7.91 8.15 8.30 8.41 8.53 8.64 8.69 8.61 8.35 8.02 7.61 7.13 6.62 6.12 5.76 5.77 6.14 6.89 7.78 8.32 8.60 8.82 9.08 9.10 8.92 8.71 8.53 8.29 7.57 6.64 5.79 5.41 5.43 5.83 6.49 7.27 7.70 7.49 6.71 5.94 5.37 5.03 4.92 5.04 5.31 5.61 5.81 5.89 5.87 5.77 5.64 5.54 5.47 5.44 5.51 5.82 6.28 6.65 6.78
9.18 8.57 7.81 7.66 7.34 6.82 6.14 5.32 4.80 4.70 4.88 5.45 6.14 6.82 7.60 8.40 9.00 8.94 8.69 8.58 8.53 8.34 8.08 7.76 7.66 7.83 8.06 8.20 8.37 8.69 9.04 9.23 9.10 8.88 8.62 8.38 8.11 7.75 7.19 6.46 5.85 5.63 5.83 6.43 7.10 7.43 7.61 7.81 8.10 8.25 8.41 8.60 8.60 8.39 7.85 7.18 6.95 6.83 6.62 6.38 6.27 6.39 6.41 6.14 5.67 5.18 4.80 4.60 4.59 4.72 4.90 5.09 5.22 5.29 5.26 5.15 4.99 4.90 4.99 5.25 5.54 5.76 5.76 5.54
9.04 8.82 8.60 8.42 8.06 7.17 6.14 5.14 4.57 4.48 4.46 4.60 5.29 6.23 7.04 7.76 8.57 8.73 8.13 7.48 7.19 7.27 7.50 7.68 7.78 7.93 8.12 8.16 8.19 8.47 8.93 9.28 9.41 9.52 9.68 9.90 9.90 9.58 8.94 8.04 6.99 6.04 5.53 5.35 5.45 5.84 6.07 6.28 6.77 7.48 8.00 8.49 8.88 9.34 9.55 9.42 8.94 8.41 7.80 7.07 6.36 5.92 5.83 5.80 5.61 5.22 4.81 4.64 4.74 4.92 5.06 5.13 5.16 5.15 5.12 5.04 4.88 4.77 4.84 5.01 5.17 5.25 5.14 4.90
9.07 9.17 9.47 9.28 8.75 7.85 6.73 5.82 5.33 5.01 4.76 4.68 5.07 5.76 6.26 6.70 7.40 7.79 7.47 6.87 6.51 6.53 6.83 7.25 7.52 7.75 8.13 8.44 8.50 8.50 8.86 9.41 9.97 10.64 11.38 11.93 12.08 11.79 11.23 10.38 9.22 7.85 6.54 5.65 5.31 5.48 6.04 6.49 7.01 7.47 7.77 7.91 8.15 8.65 9.19 9.36 8.99 8.32 7.60 6.96 6.40 6.01 5.84 5.87 5.92 5.74 5.35 5.10 5.07 5.15 5.25 5.30 5.32 5.41 5.57 5.71 5.77 5.80 5.76 5.59 5.33 5.06 4.90 4.89
8.94 9.49 10.09 9.92 9.35 8.67 7.73 7.11 6.85 6.61 6.09 5.63 5.56 5.67 5.68 5.81 6.34 6.94 7.13 6.91 6.60 6.33 6.36 6.73 7.16 7.50 7.91 8.40 8.76 8.95 9.31 9.89 10.64 11.37 11.95 12.27 12.39 12.36 12.27 11.99 11.36 10.32 8.97 7.59 6.59 6.52 6.89 7.39 7.73 7.77 7.63 7.03 6.54 6.08 6.44 7.11 7.37 7.14 6.79 6.47 6.18 5.95 5.80 5.92 6.39 6.63 6.48 6.16 5.73 5.43 5.47 5.71 5.98 6.34 6.75 7.10 7.40 7.60 7.60 7.32 6.78 6.29 5.98 5.84
8.83 9.32 10.21 10.37 10.01 9.60 9.19 9.05 8.99 8.71 8.14 7.38 6.62 5.99 5.50 5.23 5.66 6.56 7.25 7.44 7.26 6.90 6.73 6.89 7.24 7.53 7.74 8.09 8.77 9.52 10.05 10.46 10.74 10.80 10.58 10.25 10.35 10.92 11.52 11.95 12.06 11.69 10.85 9.56 8.22 7.48 7.29 7.56 7.82 7.77 7.36 6.65 5.80 5.10 4.93 5.26 5.82 6.17 6.28 6.24 6.10 5.94 5.86 6.06 6.72 7.44 7.70 7.35 6.69 6.04 6.02 6.50 7.05 7.53 8.04 8.51 8.88 9.03 8.93 8.63 8.25 7.90 7.55 7.15
8.15 8.41 9.46 10.43 10.86 10.96 11.00 11.07 11.10 10.70 10.03 9.22 8.23 7.02 5.95 5.48 5.69 6.53 7.41 7.85 7.87 7.67 7.46 7.41 7.57 7.85 8.12 8.51 9.16 9.83 10.07 10.01 9.63 9.03 8.29 7.82 8.00 8.71 9.50 10.21 10.83 11.30 11.37 10.84 9.75 8.52 7.82 7.64 7.56 7.34 6.84 6.55 6.16 5.53 4.98 4.79 5.11 5.67 6.10 6.28 6.29 6.28 6.39 6.64 7.16 7.78 8.23 8.21 7.73 7.23 7.01 7.36 7.77 8.27 8.73 9.04 9.06 8.81 8.22 7.66 7.25 7.01 6.92 6.87
7.36 7.16 7.77 9.39 10.68 11.39 11.66 11.69 11.70 11.46 11.00 10.40 9.67 8.49 7.29 6.60 6.47 6.73 7.16 7.54 7.77 7.83 7.72 7.60 7.72 8.03 8.42 8.74 8.91 8.87 8.58 8.00 7.22 6.50 6.17 6.28 6.59 6.85 7.06 7.62 8.42 9.34 10.27 10.80 10.61 9.65 8.55 7.91 7.28 6.50 5.98 5.91 5.67 5.28 4.89 4.75 4.99 5.56 6.18 6.62 6.83 6.95 7.13 7.33 7.49 7.68 8.11 8.58 8.66 8.41 8.20 8.21 8.49 8.81 8.85 8.46 7.69 6.76 5.97 5.33 4.79 4.54 4.72 5.17
7.73 7.32 7.15 7.75 8.86 9.81 10.22 10.29 10.17 10.15 10.22 10.21 10.08 9.63 8.87 7.99 7.37 7.00 6.79 6.72 6.96 7.27 7.36 7.32 7.37 7.47 7.55 7.42 6.96 6.36 5.80 5.16 4.65 4.41 4.51 4.86 4.99 4.94 5.00 5.37 5.94 6.72 7.75 8.87 9.71 9.68 8.98 8.17 7.43 6.47 5.70 5.13 4.84 4.78 4.79 4.94 5.27 5.78 6.44 7.14 7.59 7.75 7.74 7.78 7.82 7.92 8.31 8.94 9.33 9.27 9.07 9.03 9.07 8.84 8.08 6.87 5.70 5.09 4.90 4.77 4.53 4.30 4.34 4.56
8.31 8.33 7.75 7.07 6.68 6.91 7.18 7.11 6.89 7.10 7.62 8.25 8.74 9.13 9.21 8.82 8.08 7.34 6.70 6.21 6.18 6.57 6.83 6.80 6.58 6.23 5.81 5.31 4.73 4.21 3.92 3.93 4.11 4.25 4.19 3.97 3.76 3.88 4.10 4.26 4.41 4.71 5.28 6.28 7.61 8.89 9.01 8.63 8.04 7.30 6.25 5.38 5.06 5.15 5.39 5.64 5.86 6.16 6.68 7.44 8.20 8.51 8.58 8.62 8.72 8.95 9.27 9.67 10.00 9.99 9.73 9.50 9.00 7.94 6.70 5.72 5.27 5.17 5.33 5.60 5.72 5.72 5.65 5.60
8.24 8.30 7.88 6.91 5.46 4.55 4.16 3.95 3.92 4.03 4.45 5.02 5.85 6.80 7.82 8.42 8.33 7.69 6.91 6.28 6.12 6.37 6.58 6.45 6.00 5.42 4.87 4.58 4.42 4.18 4.03 4.28 4.89 5.32 5.24 4.92 4.61 4.56 4.75 4.94 4.94 4.95 5.25 6.07 7.29 8.72 9.25 9.14 8.59 7.74 6.92 6.40 6.17 6.30 6.49 6.63 6.64 6.71 7.12 7.92 8.77 9.50 9.90 10.01 10.10 10.36 10.64 10.92 11.18 11.15 10.67 9.78 8.46 7.26 6.60 6.34 6.29 6.22 6.27 6.49 6.77 6.93 6.91 7.04
7.66 7.30 6.90 6.42 5.15 3.99 3.36 3.18 3.18 3.40 3.73 4.06 4.57 5.40 6.38 7.39 7.95 7.85 7.36 6.93 6.76 6.75 6.69 6.47 6.09 5.66 5.38 5.36 5.48 5.46 5.18 4.99 5.34 6.09 6.55 6.67 6.49 6.21 6.11 6.32 6.63 6.95 7.33 8.02 8.86 9.48 9.63 9.60 9.19 8.48 7.75 7.38 7.27 7.33 7.49 7.69 7.69 7.79 8.21 8.93 9.86 10.73 11.32 11.54 11.46 11.41 11.58 11.90 12.26 12.18 11.55 10.40 8.75 7.99 7.96 8.10 8.05 7.79 7.59 7.63 7.78 7.96 8.21 8.56
7.81 7.27 6.62 6.17 5.67 5.06 4.67 4.69 5.01 5.50 5.94 6.17 6.37 6.53 6.66 6.88 7.38 7.75 7.74 7.60 7.43 7.17 6.90 6.68 6.49 6.34 6.28 6.31 6.49 6.72 6.65 6.18 5.99 6.46 7.22 7.83 8.03 7.87 7.60 7.72 8.31 8.83 9.29 9.65 9.77 9.52 9.31 9.44 9.48 9.20 8.59 8.12 7.98 8.11 8.34 8.57 8.79 8.91 9.39 10.16 10.89 11.38 11.72 11.93 11.86 11.60 11.41 11.46 11.87 12.19 12.22 11.94 10.93 10.43 10.54 10.76 10.78 10.45 10.14 9.84 9.55 9.40 9.59 9.83
8.27 8.00 7.34 6.75 6.57 6.69 6.91 7.32 7.93 8.52 8.97 9.20 9.11 8.57 7.81 7.27 7.27 7.63 7.87 7.89 7.77 7.55 7.28 7.09 6.99 6.95 6.92 6.92 7.11 7.55 7.94 7.91 7.67 7.60 7.96 8.69 9.34 9.54 9.49 9.56 9.85 10.13 10.17 9.83 9.07 8.15 7.70 8.13 8.93 9.23 9.22 8.92 8.81 8.92 9.08 9.15 9.34 9.66 10.24 10.71 10.85 10.73 10.62 10.75 10.98 11.04 10.87 10.54 10.50 11.07 12.17 12.93 13.41 13.39 13.41 13.79 14.11 14.09 13.80 13.22 12.46 11.57 10.96 10.52
8.22 7.90 7.32 6.90 7.25 7.88 8.73 9.60 10.33 10.70 10.83 10.76 10.49 9.80 8.97 8.24 7.87 7.85 7.99 8.06 8.05 8.02 7.95 7.86 7.68 7.52 7.49 7.54 7.67 8.08 8.78 9.40 9.77 9.96 10.09 10.41 10.74 10.85 10.92 10.95 10.82 10.44 9.77 8.82 7.66 6.63 6.26 6.75 8.05 8.98 9.49 9.65 9.69 9.63 9.56 9.44 9.64 10.10 10.33 10.30 9.79 9.15 8.70 8.71 9.17 9.73 9.97 9.79 9.38 9.55 10.79 12.27 13.36 13.86 14.25 14.92 15.40 15.52 15.32 15.04 14.45 13.49 12.16 10.87
7.90 7.46 6.90 7.00 7.87 9.04 10.04 10.76 11.16 11.13 10.86 10.60 10.38 10.05 9.66 9.13 8.60 8.26 8.20 8.30 8.43 8.62 8.84 8.96 8.85 8.58 8.53 8.59 8.67 8.96 9.68 10.61 11.37 11.86 12.04 11.87 11.57 11.32 11.17 10.94 10.37 9.42 8.32 7.27 6.49 6.11 6.09 6.70 7.93 9.05 10.00 10.61 10.79 10.58 10.24 10.04 10.12 10.07 9.87 9.22 8.30 7.41 6.70 6.35 6.71 7.18 7.63 7.82 7.69 7.73 8.30 9.50 10.78 11.69 12.44 13.12 13.55 13.69 13.87 14.07 14.22 13.86 12.97 11.39
8.64 8.12 7.81 8.44 9.43 10.28 10.67 10.76 10.62 10.14 9.73 9.51 9.37 9.43 9.47 9.27 8.89 8.52 8.45 8.70 9.11 9.62 10.11 10.42 10.50 10.34 10.22 10.22 10.32 10.57 11.09 11.65 12.00 12.07 11.84 11.41 10.98 10.50 10.08 9.45 8.58 7.63 6.76 6.15 6.01 6.27 6.81 7.68 8.51 9.56 10.48 11.03 11.35 11.53 11.21 10.78 10.33 9.77 9.04 7.89 6.75 5.75 4.70 4.07 3.98 4.05 4.17 4.55 4.99 5.21 5.83 6.47 7.17 7.79 8.39 9.05 9.14 9.36 9.84 10.44 11.79 13.01 13.24 12.48
9.35 9.58 10.23 10.73 10.92 10.91 10.49 9.96 9.35 8.93 8.72 8.53 8.41 8.48 8.64 8.76 8.71 8.61 8.74 9.13 9.75 10.41 10.97 11.43 11.61 11.67 11.67 11.72 11.87 12.04 12.08 11.83 11.33 10.66 9.90 9.34 9.18 8.82 8.22 7.40 6.57 6.12 5.91 6.00 6.35 6.82 7.51 8.24 9.02 9.86 10.34 10.74 11.12 11.49 11.55 11.11 10.27 9.26 8.06 6.84 5.67 4.44 3.44 2.80 2.46 2.33 2.34 2.56 3.06 3.68 4.19 4.61 4.88 5.09 5.23 5.65 6.06 6.62 7.24 7.96 9.23 11.10 12.51 12.73
9.37 10.21 11.31 11.51 11.23 10.67 9.84 9.20 8.48 8.20 8.14 7.96 7.82 7.79 7.93 8.21 8.44 8.62 8.85 9.03 9.25 9.56 10.04 10.69 11.18 11.57 11.86 12.07 12.16 12.03 11.51 10.54 9.33 8.43 7.87 7.55 7.27 6.80 6.23 5.84 5.59 5.59 5.87 6.47 6.99 7.48 8.04 8.56 9.17 9.53 9.55 9.58 9.87 10.37 10.76 10.68 10.06 9.05 7.80 6.70 5.65 4.53 3.69 3.07 2.71 2.63 2.76 3.08 3.49 3.66 3.71 3.73 3.69 3.69 3.73 4.03 4.75 5.62 6.19 6.62 7.48 8.88 10.69 11.77
9.13 9.83 10.79 10.98 10.64 9.86 9.12 8.58 8.12 7.84 7.68 7.45 7.34 7.34 7.52 7.87 8.26 8.52 8.60 8.39 8.08 7.91 8.11 8.71 9.66 10.44 11.00 11.22 11.07 10.51 9.55 8.31 7.13 6.45 6.16 5.91 5.44 5.11 5.05 5.23 5.57 6.05 6.64 7.13 7.72 8.35 8.71 9.03 9.12 8.93 8.72 8.72 8.90 9.23 9.64 9.94 9.88 9.40 8.42 7.36 6.46 5.73 5.18 4.78 4.53 4.39 4.57 4.72 4.52 4.10 3.68 3.47 3.21 2.91 2.87 3.27 3.92 4.51 4.87 5.21 5.82 6.72 8.43 10.32
8.95 8.92 9.33 9.85 9.91 9.47 8.77 8.04 7.66 7.39 7.13 6.95 6.86 6.91 7.22 7.68 8.18 8.44 8.45 8.23 7.98 7.87 8.07 8.57 9.30 9.83 9.97 9.79 9.28 8.51 7.55 6.67 5.86 5.29 4.94 4.74 4.69 4.80 5.00 5.39 6.11 6.93 7.43 7.91 8.54 9.12 9.47 9.48 9.07 8.50 8.10 7.99 8.06 8.35 8.89 9.39 9.81 9.90 9.48 8.61 7.84 7.32 6.97 6.75 6.58 6.53 6.47 6.05 5.30 4.72 4.39 3.89 3.26 2.80 2.75 3.01 3.21 3.28 3.51 4.01 4.53 5.20 6.54 8.70
8.86 8.48 8.27 8.79 9.43 9.66 9.34 8.49 7.87 7.53 7.21 7.06 6.99 7.04 7.33 7.77 8.27 8.66 8.89 8.97 9.10 9.39 9.79 10.06 10.00 9.59 8.94 8.25 7.57 6.98 6.38 5.88 5.52 5.31 5.09 4.93 5.10 5.56 5.86 6.07 6.61 7.27 7.90 8.58 9.20 9.72 9.92 9.72 9.12 8.30 7.51 7.03 7.13 7.62 8.32 9.06 9.69 10.20 10.38 10.11 9.66 9.31 9.13 9.02 8.88 8.56 8.02 7.40 6.80 6.41 5.83 5.01 4.02 3.49 3.33 3.20 3.02 2.93 3.12 3.50 3.92 4.44 5.32 6.94
8.80 8.31 7.77 8.04 8.81 9.63 10.02 9.69 9.08 8.70 8.45 8.18 8.13 8.14 8.21 8.28 8.53 8.96 9.43 9.81 10.15 10.42 10.47 10.19 9.51 8.57 7.64 6.87 6.24 5.94 5.90 5.85 5.82 6.03 6.18 6.15 6.14 6.47 6.87 6.95 7.06 7.43 8.14 8.92 9.57 9.96 9.99 9.73 9.24 8.42 7.30 6.57 6.64 7.22 7.92 8.60 9.25 10.07 10.67 10.93 11.12 11.32 11.66 11.93 11.67 11.04 10.12 9.35 9.00 8.52 7.44 6.16 5.29 4.94 4.61 4.03 3.59 3.52 3.64 3.79 3.93 4.16 4.65 5.53
8.45 7.78 7.05 7.16 7.75 8.96 9.92 10.27 9.96 9.60 9.38 9.10 9.04 9.10 9.10 8.94 8.78 8.92 9.34 9.77 9.96 9.81 9.25 8.38 7.51 6.78 6.23 5.83 5.57 5.60 5.91 6.40 6.77 6.95 7.19 7.38 7.38 7.44 7.78 7.83 7.75 7.87 8.48 9.07 9.57 9.72 9.54 9.37 9.30 8.97 8.12 7.15 6.84 7.12 7.44 7.99 8.83 9.82 10.52 11.07 11.54 12.09 12.74 13.23 13.58 13.36 12.60 11.81 11.05 10.18 9.07 7.86 7.16 6.70 6.16 5.55 5.21 5.15 5.05 4.74 4.41 4.25 4.29 4.58
8.23 7.74 7.06 6.86 7.11 7.90 9.12 10.00 10.15 9.77 9.24 8.77 8.63 8.73 8.88 8.85 8.63 8.57 8.74 8.80 8.56 7.93 7.05 6.19 5.54 5.12 4.95 5.07 5.30 5.71 6.48 7.30 7.76 7.97 8.09 8.27 8.45 8.51 8.53 8.58 8.58 8.64 8.78 9.03 9.06 8.82 8.47 8.56 9.14 9.53 9.36 8.66 7.77 7.53 7.60 8.06 8.89 9.80 10.29 10.69 10.95 11.51 12.13 12.64 13.35 13.76 13.68 13.50 12.98 12.27 11.69 11.06 10.22 9.04 7.96 7.46 7.37 7.34 6.87 6.09 5.19 4.45 3.96 3.94
8.65 8.51 7.98 7.43 7.28 7.49 8.33 9.44 10.10 10.06 9.41 8.70 8.28 8.09 8.10 8.12 8.16 8.22 8.12 7.58 6.71 5.79 5.03 4.49 4.07 3.85 3.84 4.09 4.71 5.76 6.90 7.65 8.21 8.60 8.83 8.98 9.07 9.03 8.92 8.90 9.03 9.01 9.01 8.84 8.39 7.65 7.41 7.73 8.48 9.48 9.91 9.71 9.07 8.48 8.36 8.56 8.93 9.47 9.81 9.98 9.90 9.79 9.59 9.88 10.83 12.05 12.98 13.67 14.13 14.16 14.19 13.96 13.21 12.02 10.66 9.95 9.56 9.01 8.08 6.72 5.52 4.60 3.96 3.61
8.76 8.49 8.14 7.79 7.56 7.55 7.90 8.83 9.87 10.46 10.34 9.70 9.06 8.48 8.09 7.86 7.89 7.89 7.41 6.43 5.36 4.61 4.14 3.82 3.61 3.54 3.52 3.51 3.87 4.79 5.87 6.61 7.25 7.88 8.41 8.76 8.79 8.79 8.74 8.78 8.88 8.97 9.04 8.82 8.38 7.65 7.24 7.31 7.76 8.55 9.50 9.85 9.77 9.27 8.91 8.62 8.55 8.67 8.91 8.81 8.59 8.14 7.69 7.72 8.31 9.44 10.92 12.25 13.27 13.89 14.37 14.69 14.48 13.96 13.22 12.30 11.10 9.66 8.13 6.73 5.76 5.09 4.42 3.68
7.96 7.26 6.69 6.86 7.10 7.22 7.34 7.92 9.06 10.12 10.61 10.34 9.69 9.04 8.53 8.09 7.85 7.47 6.73 5.85 5.26 5.00 4.54 4.37 4.18 4.22 4.30 4.10 3.85 3.89 4.17 4.66 5.23 5.89 6.57 7.16 7.59 7.88 8.15 8.43 8.46 8.51 8.50 8.35 8.14 7.72 7.14 6.94 7.07 7.52 8.33 9.28 9.58 9.39 8.89 8.24 7.94 7.81 7.92 7.75 7.37 6.75 6.37 6.62 7.26 7.98 8.86 9.78 10.68 11.39 11.98 12.66 13.33 13.67 13.70 13.40 12.06 9.97 8.30 7.33 6.66 5.83 4.89 4.19
6.94 6.16 5.43 5.63 5.96 6.05 6.04 6.49 7.44 8.75 9.77 10.09 9.73 9.13 8.67 8.21 7.76 7.21 6.67 6.68 6.16 6.19 6.10 5.91 5.73 5.79 5.79 5.57 5.05 4.52 4.35 4.34 4.40 4.57 4.98 5.67 6.53 7.06 7.54 7.93 7.93 7.76 7.33 6.72 6.11 5.85 5.77 5.74 5.90 6.51 7.28 8.21 8.87 8.88 8.36 7.78 7.47 7.43 7.39 7.20 6.67 5.83 5.68 5.98 6.58 7.14 7.54 7.85 8.23 8.70 8.76 9.33 10.45 11.59 12.52 13.18 12.89 11.42 9.64 8.51 7.46 6.41 5.56 5.09
7.14 6.62 6.13 6.03 5.69 5.41 5.32 5.45 5.99 7.07 8.41 9.40 9.66 9.25 8.70 8.16 7.69 7.32 7.54 7.24 7.56 7.75 7.86 7.80 7.66 7.57 7.48 7.14 6.63 6.12 5.79 5.56 5.23 4.91 4.89 5.35 6.07 6.60 7.10 7.49 7.49 7.11 6.25 4.96 4.20 4.09 4.34 4.71 5.28 5.89 6.56 7.30 7.98 8.24 7.88 7.63 7.51 7.54 7.43 7.30 6.85 6.19 6.03 5.96 6.03 6.02 6.16 6.51 6.92 7.26 7.33 7.51 8.23 9.34 10.31 11.72 12.86 12.80 11.58 9.82 8.19 7.32 6.94 6.76
8.09 8.01 8.01 7.82 7.31 6.48 5.85 5.49 5.42 5.81 6.78 8.14 9.10 9.28 8.80 8.11 7.71 7.62 7.84 8.30 8.79 9.21 9.56 9.72 9.70 9.46 9.06 8.54 7.87 7.14 6.62 6.41 6.30 6.08 5.78 5.73 6.13 6.62 7.16 7.52 7.49 6.97 6.03 4.97 4.51 4.63 5.08 5.65 6.08 6.33 6.44 6.74 7.36 7.87 7.81 7.73 7.64 7.70 7.63 7.69 7.50 7.06 6.58 5.86 5.30 5.01 5.04 5.47 6.07 6.60 6.86 7.05 7.30 7.94 8.69 9.89 11.67 12.87 12.95 12.02 10.53 9.82 9.53 9.23
8.59 8.87 9.14 8.98 8.57 7.82 6.94 6.15 5.57 5.28 5.52 6.42 7.76 8.62 8.68 8.11 7.73 7.83 8.33 9.10 9.72 10.32 10.86 11.25 11.29 11.07 10.67 10.07 9.21 8.13 7.14 6.66 6.68 6.99 7.22 7.14 7.11 7.40 7.88 8.21 8.35 8.04 7.23 6.58 6.49 6.85 7.41 7.72 7.69 7.13 6.72 6.56 7.07 7.65 7.82 7.79 7.69 7.77 7.80 8.06 8.03 7.68 7.01 5.94 4.97 4.45 4.47 4.88 5.43 5.93 6.35 6.62 6.87 7.17 7.75 8.49 9.86 11.72 13.06 13.79 13.76 13.19 12.37 11.59
