project/data/elevation/US_DEM2016/US_DEM2016_point_10-30-2019_0932_30m_vel.asc
ncols	125
nrows	167
xllcorner	-2042055.000000
yllcorner	1465035.000000
cellsize	30.000000
NODATA_value	-9999.000000
[rows 70 to 104 of 167, columns 0 to 78 of 125]
10.92 10.61 10.20 10.20 10.14 9.96 9.72 9.27 8.43 7.48 7.04 7.62 9.29 11.39 13.19 14.24 14.53 14.07 13.06 12.19 11.96 12.18 12.58 13.27 13.62 13.29 12.44 11.32 10.22 9.54 9.36 9.63 10.30 10.79 10.99 10.97 10.92 11.08 11.46 11.70 11.56 11.30 11.16 11.10 10.83 10.10 9.24 8.06 7.34 7.27 7.75 8.68 9.59 9.97 9.77 9.04 7.87 6.92 6.49 6.32 6.10 5.88 5.92 6.23 6.63 7.15 7.78 7.71 6.89 5.95 5.48 5.26 5.05 4.93 5.10 5.42 5.71 6.02 6.36
10.92 10.62 10.27 10.26 10.29 10.23 10.11 9.98 9.53 8.56 7.41 6.90 7.49 8.99 10.92 12.60 13.74 14.37 14.24 13.75 13.54 13.59 13.79 14.04 13.94 13.44 12.60 11.46 10.22 9.34 8.80 8.73 9.05 9.61 10.20 10.65 10.86 10.97 11.16 11.41 11.22 10.92 10.78 10.79 10.55 9.59 8.69 8.23 8.60 9.46 10.27 10.76 10.87 10.49 9.78 9.04 8.47 8.03 7.63 7.19 6.81 6.50 6.36 6.58 7.57 8.82 9.92 10.22 9.78 9.13 8.55 7.93 7.02 6.37 6.17 6.33 6.77 7.34 7.90
10.96 10.61 10.32 10.36 10.50 10.55 10.59 10.84 11.17 11.08 10.30 9.25 8.73 9.01 9.96 11.50 12.93 14.30 14.91 15.05 15.19 15.17 15.05 14.68 14.21 13.65 13.17 12.54 11.59 11.04 10.73 10.43 9.96 9.78 10.02 10.41 10.66 10.79 10.84 10.64 10.35 10.13 10.15 10.26 10.27 10.14 10.39 11.16 11.98 12.51 12.63 12.29 11.63 10.85 10.46 10.48 10.59 10.66 10.52 10.23 9.99 9.99 10.17 10.69 11.42 11.94 12.09 12.03 11.57 10.82 9.92 8.90 7.80 7.27 7.25 7.59 8.11 8.83 9.86
10.91 10.58 10.33 10.46 10.74 10.89 11.04 11.47 12.27 12.99 13.16 12.83 12.20 11.47 11.25 11.86 13.02 14.54 15.67 16.19 16.53 16.31 15.50 14.69 13.95 13.63 13.66 13.63 13.23 12.74 12.39 12.14 11.67 11.30 11.04 10.91 10.88 10.78 10.46 10.03 9.89 10.20 10.46 10.72 10.99 11.46 12.18 12.89 13.17 12.96 12.64 12.23 11.75 11.21 11.06 11.28 11.49 11.82 12.18 12.49 12.72 13.01 13.26 13.36 13.07 12.47 11.78 11.64 11.28 10.36 9.28 8.37 7.81 7.68 8.03 8.78 9.69 10.88 12.71
10.93 10.70 10.52 10.71 10.99 11.11 11.15 11.60 12.73 14.03 14.97 15.36 15.20 14.58 13.83 13.54 14.10 15.23 16.17 16.32 16.87 16.09 14.94 14.10 13.25 13.08 13.43 13.85 13.81 13.34 12.79 12.41 11.98 11.66 11.29 11.00 10.87 10.61 10.32 10.29 10.59 10.86 11.00 11.22 11.40 11.39 11.40 11.32 10.87 10.43 10.26 10.51 10.92 11.07 10.92 10.87 11.03 11.38 11.89 12.47 13.01 13.44 13.35 12.74 11.55 10.23 9.54 9.96 10.28 9.72 8.82 8.35 8.23 8.40 9.07 10.13 11.43 13.06 15.18
11.04 10.89 10.85 11.07 11.32 11.43 11.55 12.20 13.57 14.63 15.16 15.34 15.44 15.44 15.26 15.25 15.62 16.06 16.10 15.94 15.79 15.34 14.46 13.47 12.69 12.28 12.33 12.94 13.39 13.26 12.73 12.07 11.11 10.43 10.15 10.23 10.40 10.39 10.29 10.22 10.18 10.30 10.55 10.83 10.90 10.44 9.75 8.98 8.68 8.53 8.53 8.95 9.63 10.10 10.26 10.40 10.63 10.77 10.99 11.38 11.90 12.18 11.70 10.37 8.93 8.03 7.90 8.71 9.78 10.01 9.47 9.14 9.28 9.82 10.87 12.21 13.72 15.37 16.59
11.20 11.17 11.29 11.51 11.82 12.25 12.93 13.69 13.98 13.67 13.14 12.90 13.34 14.27 14.98 15.59 15.98 15.78 15.16 14.55 14.20 13.84 13.46 13.05 12.60 12.09 11.66 11.92 12.62 13.00 12.84 12.29 11.24 10.39 10.20 10.34 10.42 10.20 9.79 9.38 9.21 9.50 10.09 10.39 10.47 10.24 9.89 9.38 9.06 9.05 9.10 9.09 9.09 9.31 9.76 10.19 10.52 10.54 10.61 10.83 10.96 10.60 9.64 8.68 8.10 7.92 8.24 8.92 10.02 10.87 11.08 11.27 12.04 13.18 14.39 15.76 17.10 17.84 17.49
11.28 11.28 11.47 11.69 12.08 12.82 13.34 13.27 12.44 11.19 10.43 10.69 11.73 13.13 14.25 15.00 14.92 14.91 14.13 13.38 12.93 12.76 12.71 12.69 12.53 12.13 11.53 11.45 11.92 12.67 13.15 13.15 12.59 12.11 11.80 11.48 10.98 10.26 9.67 9.44 9.58 9.87 10.03 9.95 9.95 9.83 9.66 9.32 8.95 8.78 8.71 8.64 8.55 8.90 9.57 10.22 10.67 10.88 11.00 11.00 10.57 9.64 8.90 8.87 9.23 9.68 10.03 10.56 11.60 13.01 13.82 14.61 15.88 17.23 18.23 18.95 19.18 18.63 17.22
11.14 10.88 10.94 11.20 11.44 11.83 11.80 11.22 10.49 10.10 10.19 10.88 12.06 13.39 14.31 14.78 14.69 14.13 13.39 12.72 12.25 12.03 12.02 12.10 12.05 11.71 11.16 10.99 11.21 11.90 12.83 13.45 13.50 13.17 12.73 12.13 11.33 10.47 10.01 9.83 9.68 9.39 9.07 8.91 8.88 8.59 7.96 7.37 7.13 7.07 7.19 7.52 8.14 8.99 9.82 10.48 11.04 11.26 11.15 10.69 9.97 9.23 9.12 9.80 10.85 11.55 12.21 13.26 14.74 15.69 16.35 17.05 18.29 18.78 18.70 19.03 18.13 16.82 15.87
10.86 10.32 10.18 10.46 10.48 10.47 10.51 10.60 10.92 11.37 11.91 12.66 13.71 14.61 14.99 14.86 14.33 13.60 12.92 12.33 11.82 11.49 11.35 11.41 11.38 11.01 10.39 10.04 9.90 10.32 11.05 12.15 12.77 12.76 12.38 11.85 11.17 10.42 9.83 9.26 8.67 8.14 7.91 8.18 8.30 7.93 7.11 6.59 6.71 7.19 7.85 8.69 9.63 10.30 10.61 10.71 10.69 10.33 9.61 8.82 8.44 8.59 9.22 10.46 11.86 13.15 14.62 15.93 16.52 16.79 16.82 16.96 16.90 17.49 17.09 16.42 14.95 14.07 13.61
10.58 10.08 10.03 10.50 10.64 10.66 10.90 11.46 12.23 12.81 13.46 14.30 15.16 15.43 15.16 14.39 13.44 12.63 12.02 11.54 11.14 10.90 10.75 10.73 10.76 10.47 9.69 8.71 7.91 7.98 8.38 9.36 10.58 11.36 11.49 11.27 10.88 10.54 10.05 9.47 9.03 8.81 8.90 9.34 9.49 9.18 8.49 8.18 8.45 9.20 10.07 10.77 11.17 11.28 10.93 10.55 10.03 9.36 8.69 8.27 8.35 8.92 9.88 11.34 12.90 14.53 15.83 16.21 15.93 15.52 15.19 14.97 14.70 14.04 13.63 13.53 13.25 12.73 12.20
10.41 10.19 10.41 11.12 11.51 11.64 11.83 12.31 13.00 13.67 14.42 15.08 15.36 15.05 14.23 13.17 12.14 11.20 10.60 10.21 9.99 10.02 10.17 10.22 10.35 10.21 9.40 7.66 6.33 5.91 5.89 6.37 7.61 9.23 10.23 10.77 10.90 11.16 11.18 11.15 11.21 11.36 11.62 11.74 11.71 11.43 10.89 10.61 10.81 10.98 11.02 10.97 10.89 10.76 10.68 10.61 10.56 10.77 10.89 10.86 10.93 11.22 11.84 12.91 14.03 14.94 15.00 14.17 13.59 13.54 13.45 13.20 12.82 12.12 11.97 12.18 12.46 12.52 12.10
10.69 10.66 10.80 11.13 11.48 11.83 12.24 12.78 13.45 14.13 14.71 14.90 14.54 13.70 12.70 11.87 11.13 10.32 9.61 9.21 9.11 9.11 9.16 9.48 9.88 10.09 9.66 8.17 6.17 5.26 4.96 5.28 6.10 7.28 8.84 10.09 10.75 11.34 11.74 12.21 12.70 13.08 13.22 13.07 12.95 12.82 12.49 12.11 11.88 11.38 10.81 10.61 10.80 11.01 11.00 11.06 11.34 11.95 12.42 12.72 12.93 13.18 13.58 14.00 14.41 14.26 13.37 12.55 12.41 12.68 12.72 12.42 11.85 11.42 11.33 11.55 11.94 12.32 12.18
11.14 11.20 11.11 10.93 11.11 11.65 12.33 13.05 13.70 14.16 14.32 14.07 13.38 12.47 11.66 11.06 10.54 9.97 9.33 8.83 8.52 8.30 8.18 8.45 9.15 9.84 10.09 9.57 8.19 7.21 6.90 7.06 7.08 7.39 8.24 9.43 10.21 10.82 11.48 12.23 12.78 12.96 12.86 12.61 12.61 12.80 12.75 12.40 12.06 11.70 11.62 11.79 11.89 11.79 11.41 11.33 11.43 11.69 12.22 12.82 13.39 13.77 14.04 14.00 13.73 13.12 12.49 12.46 12.68 12.71 12.45 11.85 10.97 10.20 9.77 10.04 10.63 11.13 11.45
11.21 11.32 11.33 11.25 11.43 11.92 12.55 13.22 13.66 13.75 13.53 13.01 12.28 11.55 10.95 10.43 9.96 9.54 9.04 8.47 7.94 7.61 7.53 7.88 8.76 9.83 10.68 11.19 11.41 11.29 10.92 10.27 9.57 9.12 9.07 9.50 10.27 11.15 11.91 12.31 12.18 11.84 11.71 11.87 12.09 12.49 12.74 12.81 13.02 13.26 13.14 12.86 12.42 11.96 11.52 11.44 11.53 11.83 12.46 13.00 13.48 13.72 13.69 13.31 12.72 12.24 12.12 12.49 12.63 12.46 12.02 11.10 9.96 8.59 7.55 7.47 8.07 8.79 9.50
11.09 11.21 11.45 11.73 12.10 12.52 12.90 13.19 13.29 13.11 12.71 12.10 11.43 10.84 10.33 9.81 9.27 8.75 8.21 7.69 7.44 7.54 7.92 8.59 9.57 10.53 11.44 12.32 13.21 13.70 13.62 12.87 11.82 10.94 10.52 10.52 11.34 12.36 12.47 11.98 11.27 11.02 11.35 11.80 12.04 12.47 13.07 13.61 14.18 14.53 14.23 13.44 12.69 12.17 11.67 11.58 11.85 12.30 12.69 12.82 12.89 12.85 12.71 12.46 11.95 11.63 11.51 11.70 11.67 11.57 11.51 10.87 10.19 8.60 7.01 6.33 6.04 6.08 6.57
11.15 11.32 11.67 12.13 12.59 12.80 12.74 12.60 12.58 12.44 12.10 11.56 10.91 10.31 9.75 9.14 8.46 7.81 7.35 7.16 7.36 8.01 8.85 9.70 10.57 11.30 11.91 12.48 13.09 13.60 13.83 13.78 13.18 12.25 11.63 11.53 11.97 12.24 11.67 10.91 10.53 10.62 10.86 11.11 11.32 11.86 12.59 13.29 13.86 14.26 14.32 13.98 13.45 12.83 12.08 11.79 11.83 11.83 11.75 11.71 11.55 11.45 11.57 11.69 11.52 11.20 10.85 10.67 10.62 10.74 11.04 11.51 11.58 10.97 9.39 7.74 6.39 5.49 5.03
11.27 11.47 11.76 12.03 12.14 11.99 11.80 11.79 11.96 12.07 11.78 11.23 10.54 9.81 9.00 8.28 7.86 7.71 7.82 7.94 8.14 8.54 9.19 10.00 10.80 11.40 11.74 11.93 12.00 12.02 12.47 13.22 13.63 13.38 12.77 12.16 11.56 10.84 10.29 10.17 10.07 9.92 9.69 9.72 10.19 10.73 11.28 11.54 11.80 12.15 12.45 12.77 12.92 12.83 12.44 11.95 11.53 11.12 10.89 10.84 10.84 11.00 11.29 11.46 11.38 11.03 10.66 10.42 10.29 10.49 10.95 11.71 12.50 13.07 13.00 11.69 10.08 8.58 7.51
11.25 11.39 11.49 11.43 11.19 11.04 11.27 11.81 12.16 12.06 11.52 10.79 10.01 9.14 8.33 8.07 8.42 9.17 9.52 9.60 9.46 9.37 9.60 10.10 10.57 10.85 10.96 11.09 11.21 11.12 11.34 12.10 13.09 13.58 13.45 12.62 11.26 10.19 9.78 9.91 9.77 9.50 9.39 9.56 9.83 9.90 9.84 9.41 8.98 8.76 9.03 9.45 10.04 10.71 11.05 11.19 11.14 11.01 10.99 11.13 11.33 11.49 11.48 11.32 11.15 10.92 10.68 10.53 10.43 10.65 11.11 11.56 12.36 13.49 14.45 14.65 14.14 13.24 12.29
11.19 11.25 11.28 11.22 11.13 11.37 11.93 12.38 12.37 11.81 10.85 9.82 8.95 8.23 7.95 8.25 9.04 9.81 10.28 10.50 10.49 10.37 10.32 10.27 10.06 9.76 9.68 10.05 10.66 11.09 11.22 11.37 11.82 12.56 12.95 12.66 11.51 10.59 10.07 10.06 10.06 10.16 10.24 10.23 10.06 9.69 9.17 8.26 7.23 6.76 6.73 6.93 7.38 8.28 9.36 10.27 10.84 11.14 11.37 11.64 11.79 11.58 11.18 10.83 10.68 10.58 10.44 10.45 10.49 10.68 10.91 11.06 11.43 12.25 13.28 14.34 14.92 15.06 14.94
11.21 11.23 11.33 11.50 11.74 12.17 12.51 12.42 11.81 10.76 9.53 8.24 7.26 6.85 6.83 7.13 7.56 8.18 9.09 9.87 10.45 10.68 10.51 9.92 9.15 8.64 8.64 9.09 9.62 10.04 10.29 10.30 10.43 11.12 12.00 12.38 11.82 11.16 10.71 10.73 10.83 10.97 11.00 10.99 10.81 10.46 9.99 9.31 8.47 7.81 7.63 7.97 8.78 9.72 10.51 10.93 11.12 11.24 11.37 11.44 11.32 10.90 10.54 10.32 10.21 10.08 9.89 10.00 10.15 10.24 10.28 10.31 10.17 10.08 10.49 11.36 12.56 13.44 14.17
11.25 11.27 11.40 11.70 12.11 12.43 12.33 11.68 10.55 9.15 7.90 6.89 6.30 5.99 5.74 5.54 5.65 6.16 6.99 8.03 8.94 9.57 9.61 9.25 8.87 8.67 8.57 8.49 8.28 8.10 8.22 8.47 8.86 9.68 10.90 11.78 11.77 11.28 10.97 11.13 11.23 11.34 11.52 11.93 12.04 11.95 11.74 11.52 11.41 11.20 10.84 11.18 11.90 12.39 12.42 11.87 11.39 11.13 10.93 10.64 10.33 10.06 9.85 9.78 9.70 9.45 9.24 9.40 9.52 9.55 9.56 9.51 9.10 8.47 8.27 8.67 9.55 10.39 11.23
11.27 11.31 11.47 11.84 12.22 12.19 11.54 10.39 9.04 7.85 7.02 6.58 6.42 6.37 6.21 5.88 5.65 5.73 6.09 6.70 7.38 7.96 8.43 8.89 9.29 9.51 9.43 9.01 8.54 8.29 8.24 8.40 8.76 9.26 9.97 10.84 11.26 11.13 11.04 11.28 11.46 11.74 12.18 12.85 13.08 13.14 13.10 13.05 13.22 13.53 13.66 13.54 13.25 12.66 11.94 11.48 11.20 10.88 10.38 9.79 9.27 9.06 9.05 9.13 9.24 9.21 9.19 9.26 9.20 9.12 9.11 9.12 8.78 8.05 7.45 7.22 7.65 8.18 8.51
11.31 11.39 11.57 11.85 11.86 11.27 10.12 8.84 7.79 7.15 6.84 6.78 6.92 7.26 7.56 7.65 7.47 7.26 7.36 7.76 8.23 8.67 9.10 9.54 9.85 10.16 10.61 10.97 11.17 11.20 11.08 10.99 10.97 10.81 10.30 10.32 10.80 11.16 11.50 11.86 12.12 12.52 13.02 13.45 13.40 13.35 13.39 13.44 13.65 14.03 14.24 14.06 13.32 12.12 11.26 11.19 11.15 10.78 10.10 9.34 8.76 8.56 8.79 9.15 9.53 9.77 9.88 9.78 9.41 9.18 9.05 9.13 8.95 8.19 7.06 6.01 5.78 5.99 6.05
11.32 11.38 11.43 11.29 10.61 9.40 8.08 7.17 6.72 6.58 6.75 7.12 7.58 8.11 8.81 9.56 10.07 10.31 10.61 11.03 11.38 11.53 11.41 11.01 10.60 10.59 11.25 12.01 12.53 12.64 12.50 12.26 11.91 11.40 10.55 10.32 10.78 11.49 12.19 12.64 12.93 13.17 13.32 13.29 12.93 12.78 12.97 13.26 13.60 13.88 13.76 13.63 13.53 13.29 12.73 12.07 11.47 10.92 10.44 10.03 9.75 9.62 9.76 10.00 10.21 10.25 10.16 9.99 9.66 9.60 9.62 9.62 9.31 8.27 6.62 5.00 4.26 4.05 4.08
11.29 11.30 11.08 10.41 9.20 7.83 6.82 6.33 6.29 6.54 7.11 7.92 8.74 9.54 10.41 11.44 12.28 13.03 13.62 13.84 13.65 13.15 12.41 11.70 11.18 11.01 11.16 11.15 10.97 10.83 10.57 10.33 10.18 10.04 10.04 10.46 11.14 11.90 12.62 12.98 13.07 12.98 12.66 12.22 11.98 11.92 12.20 12.63 13.10 13.48 13.42 13.31 13.40 13.55 13.37 12.58 11.72 11.11 10.77 10.65 10.68 10.80 10.80 10.81 10.73 10.45 10.05 9.90 9.96 10.42 10.62 10.47 10.07 8.93 6.93 5.29 4.40 3.89 3.66
11.31 11.25 10.84 10.04 9.14 8.35 7.78 7.47 7.46 7.75 8.33 9.16 10.15 11.16 12.14 13.00 13.76 14.31 14.44 14.07 13.25 12.30 11.60 11.37 11.48 11.58 11.32 10.56 9.73 9.32 9.15 9.17 9.45 9.62 9.98 10.69 11.48 12.11 12.54 12.70 12.59 12.23 11.68 11.14 10.92 10.96 11.10 11.40 11.75 11.85 11.95 12.09 12.20 12.23 12.06 11.81 11.38 10.90 10.55 10.38 10.50 10.89 11.12 11.23 11.18 10.94 10.58 10.43 10.58 10.96 11.07 10.92 10.94 10.48 8.82 7.19 6.03 5.17 4.82
11.23 11.11 10.65 10.24 9.99 9.72 9.51 9.51 9.75 9.94 10.13 10.65 11.56 12.63 13.57 14.12 14.30 14.03 13.28 12.17 11.09 10.38 10.27 10.64 11.26 11.92 12.07 11.86 11.56 11.44 11.43 11.41 11.22 10.88 10.73 11.04 11.50 11.91 12.10 12.08 11.71 11.17 10.69 10.38 10.21 10.20 10.28 10.30 9.99 9.40 9.12 9.37 9.83 10.06 10.21 10.47 10.62 10.51 10.34 10.32 10.52 10.92 11.09 11.06 10.95 10.87 10.79 10.75 10.65 10.64 10.61 10.63 11.39 11.93 11.32 9.75 8.34 7.15 7.05
11.00 10.78 10.47 10.45 10.57 10.75 10.98 11.37 11.87 12.21 12.35 12.57 13.18 13.94 14.32 14.24 13.66 12.67 11.50 10.49 9.85 9.59 9.73 10.22 10.91 11.95 12.68 13.31 13.66 13.77 13.71 13.41 12.84 12.11 11.53 11.37 11.44 11.60 11.62 11.31 10.69 10.13 9.94 10.03 10.13 10.29 10.40 10.24 9.47 8.44 7.74 7.53 7.44 7.84 8.66 9.57 10.24 10.50 10.49 10.54 10.80 11.05 10.88 10.56 10.28 10.21 10.21 10.13 9.89 9.83 9.84 10.19 11.51 12.90 13.39 12.83 11.61 10.45 10.50
10.87 10.69 10.51 10.70 11.25 11.95 12.64 13.20 13.63 13.93 14.09 14.17 14.30 14.29 13.92 13.13 12.13 11.08 10.20 9.72 9.90 10.27 10.64 10.96 11.42 12.03 12.41 12.73 13.05 13.21 13.21 13.10 12.87 12.49 11.83 11.46 11.36 11.20 10.83 10.33 10.01 10.12 10.33 10.57 10.78 11.03 11.11 11.09 10.78 10.23 9.54 8.79 7.95 8.14 9.01 9.89 10.51 10.89 11.07 11.14 11.17 11.17 10.89 10.59 10.36 10.16 9.92 9.72 9.61 9.75 9.94 10.41 11.59 12.98 14.13 14.65 14.61 14.18 14.05
10.94 10.83 10.69 10.94 11.64 12.52 13.26 13.75 14.00 14.16 14.28 14.29 14.09 13.51 12.58 11.53 10.55 9.75 9.19 9.16 9.92 10.76 11.32 11.61 11.82 11.87 11.49 11.02 10.83 10.91 11.15 11.60 12.05 12.20 11.77 11.33 10.99 10.50 9.97 9.84 10.35 11.12 11.44 11.51 11.50 11.57 11.59 11.70 11.84 12.10 12.11 11.71 11.01 10.51 10.50 10.57 10.76 11.18 11.62 11.82 11.77 11.71 11.47 11.27 11.06 10.81 10.58 10.55 10.73 10.76 10.72 10.87 11.38 12.12 13.24 14.49 15.32 15.63 15.65
10.91 10.82 10.66 10.82 11.25 11.78 12.14 12.36 12.50 12.68 12.90 12.98 12.71 12.04 11.12 10.13 9.28 8.82 8.77 9.12 9.85 10.49 11.00 11.23 11.19 10.83 10.13 9.47 8.94 8.73 9.07 9.75 10.52 11.03 11.21 11.06 10.69 10.32 10.32 10.86 11.63 12.01 12.02 11.93 11.83 11.72 11.62 11.51 11.70 12.11 12.53 12.77 12.66 12.06 11.14 10.59 10.70 11.18 11.68 12.04 12.25 12.38 12.27 12.10 11.88 11.66 11.53 11.55 11.58 11.29 11.02 10.96 11.01 11.33 12.10 13.13 13.97 14.51 14.77
10.85 10.78 10.69 10.75 10.76 10.70 10.58 10.45 10.53 10.85 11.21 11.29 10.93 10.20 9.31 8.63 8.59 9.07 9.91 10.64 10.90 11.01 11.09 11.07 10.73 9.88 8.75 7.92 7.30 7.00 7.13 7.57 8.14 8.90 9.60 10.09 10.49 10.90 11.45 11.93 12.13 12.05 11.85 11.75 11.70 11.58 11.38 11.05 10.80 10.71 10.91 11.45 11.92 11.76 10.96 10.47 10.61 11.07 11.56 12.09 12.57 12.89 12.86 12.73 12.51 12.22 11.89 11.52 11.13 10.58 10.45 10.55 10.71 10.99 11.47 11.85 12.08 12.21 12.55
11.12 11.27 11.44 11.26 10.84 10.32 9.86 9.56 9.61 9.93 10.11 9.79 9.05 8.11 7.32 7.37 8.49 10.12 11.39 12.02 12.23 12.18 11.98 11.73 11.39 10.78 9.53 8.12 7.15 6.70 6.49 6.57 6.96 7.53 8.26 9.22 10.25 11.02 11.35 11.32 11.17 11.13 11.12 11.15 11.23 11.24 11.08 10.58 9.83 9.21 9.01 9.21 9.73 10.29 10.33 10.28 10.43 10.80 11.32 11.92 12.49 12.89 12.90 12.81 12.64 12.38 11.93 11.34 10.71 10.11 9.97 10.10 10.34 10.55 10.77 11.15 11.13 10.86 10.67
11.58 11.90 12.11 11.78 11.19 10.54 10.00 9.70 9.56 9.32 8.70 7.77 6.81 6.06 5.74 6.06 7.44 9.38 10.84 11.82 12.37 12.56 12.49 12.37 12.37 12.31 11.80 10.67 9.65 9.26 9.11 8.88 8.95 9.13 9.45 9.99 10.54 10.77 10.66 10.40 10.19 10.17 10.45 10.68 10.92 11.04 10.95 10.49 9.70 8.99 8.49 7.94 7.65 7.95 8.54 9.27 9.95 10.49 11.03 11.61 12.13 12.37 12.39 12.29 12.31 12.37 12.26 11.84 11.23 10.50 10.02 9.92 9.99 10.17 10.58 11.06 11.12 10.73 9.94
