project/data/elevation/US_DEM2016/US_DEM2016_point_10-29-2019_1616_30m_ang.asc
ncols	125
nrows	167
xllcorner	-2042055.000000
yllcorner	1465035.000000
cellsize	30.000000
NODATA_value	-9999.000000
[rows 84 to 125 of 167, columns 0 to 93 of 125]
181 180 181 183 183 181 180 178 177 175 175 177 181 184 186 189 193 196 197 197 200 204 206 206 207 208 209 205 198 191 186 182 176 171 171 177 183 186 184 185 187 191 194 196 199 202 202 199 192 184 177 173 171 170 168 170 175 179 182 184 185 184 183 182 181 181 182 185 188 192 197 200 198 189 181 182 188 193 195 197 197 192 189 196 204 205 201 195 188 184 184 184 182 183
179 179 181 182 181 179 178 177 176 176 176 179 182 186 188 191 196 200 202 202 203 204 203 202 201 201 202 201 196 192 190 188 183 177 171 172 177 181 182 185 189 192 193 194 197 199 200 197 192 187 182 178 176 173 169 169 172 177 180 182 183 184 184 183 183 180 179 183 188 194 200 203 204 195 183 180 185 190 193 196 197 195 190 191 200 203 201 197 193 189 187 187 187 189
179 179 179 179 178 178 178 177 176 176 178 181 184 187 190 195 201 206 208 206 203 200 198 196 196 196 198 198 195 192 192 192 189 183 175 169 171 177 183 189 191 192 192 193 195 197 198 196 193 190 187 184 181 177 171 168 170 175 178 181 183 185 185 185 184 181 178 181 188 195 201 205 205 200 191 186 187 190 191 192 195 197 194 190 193 199 200 199 197 193 191 190 191 193
178 178 178 177 177 178 179 178 176 176 179 183 186 190 194 200 206 209 207 203 199 196 194 192 192 194 196 197 196 192 191 192 192 188 180 172 170 176 186 191 192 193 194 195 196 198 198 197 194 192 190 187 185 182 176 170 171 175 179 182 184 185 185 185 186 183 178 181 188 194 198 201 203 200 196 193 192 191 190 188 190 194 194 189 187 191 197 199 197 194 192 192 192 193
177 178 178 177 177 179 179 177 176 177 180 184 189 194 198 202 204 202 200 199 196 194 191 190 191 193 196 197 196 192 188 189 191 191 187 179 174 179 187 192 194 195 196 196 197 200 201 200 195 191 190 188 186 184 178 173 172 176 179 182 183 184 184 185 187 185 180 180 187 192 194 198 200 199 197 196 195 194 191 189 189 190 189 187 185 187 191 193 192 192 191 192 193 193
177 178 178 178 178 179 177 176 177 180 183 187 193 199 201 200 198 197 197 196 195 193 190 189 191 194 196 196 194 191 187 185 188 192 191 186 181 182 188 192 194 194 195 196 199 202 205 204 196 191 188 186 183 180 175 170 171 175 179 180 181 183 185 187 188 186 181 180 184 190 193 195 197 197 196 197 197 196 194 193 192 190 188 188 188 187 186 185 186 188 189 190 191 191
177 177 178 178 177 176 176 176 179 183 188 193 201 205 204 199 197 196 196 195 194 193 192 192 195 196 196 194 192 189 187 184 184 190 193 190 186 186 189 192 192 193 194 196 199 203 206 204 196 189 184 180 176 174 171 168 169 173 177 179 181 184 187 188 189 187 181 178 182 188 193 195 196 194 193 196 198 198 197 196 195 193 191 191 191 190 187 184 184 186 187 188 188 187
176 177 177 177 175 174 175 178 183 189 195 202 208 210 208 204 201 198 196 195 194 194 195 196 196 197 196 194 192 188 186 183 181 184 190 192 190 189 190 191 191 192 193 194 197 200 203 201 195 188 183 177 173 173 173 171 170 173 177 179 182 186 189 190 190 188 182 177 180 188 195 198 198 193 188 191 198 199 198 197 197 196 194 193 194 193 191 189 187 187 187 185 184 183
176 176 176 175 173 173 176 182 189 196 202 207 208 208 207 205 202 198 196 195 194 196 197 196 195 196 196 195 192 188 183 180 176 176 183 190 192 192 191 190 191 191 191 191 193 198 201 199 194 189 185 180 176 175 175 174 173 175 178 181 185 188 191 192 192 189 182 176 178 187 196 201 202 196 185 186 194 198 197 196 197 198 197 195 195 195 195 195 193 190 187 185 182 182
175 175 175 173 172 174 180 188 196 202 206 207 205 204 203 202 199 196 194 192 192 192 193 193 193 194 195 194 191 187 183 180 177 176 179 188 193 193 191 190 189 189 188 189 191 196 200 199 194 189 186 185 182 179 177 175 175 178 181 185 189 190 191 192 192 189 183 177 178 186 195 203 205 201 189 184 190 197 196 194 196 199 199 196 196 197 198 198 195 191 188 186 184 185
175 175 174 173 173 178 186 195 202 205 206 204 202 200 199 197 195 192 190 188 188 188 190 192 193 193 192 191 190 188 185 182 180 179 180 186 190 190 189 187 187 186 186 188 191 195 199 199 195 190 188 187 186 184 180 177 178 180 184 188 190 190 190 190 191 190 185 179 179 185 194 202 208 207 200 192 194 200 199 194 194 200 201 198 196 195 195 195 193 191 189 187 186 187
175 175 175 176 179 185 193 200 205 205 202 199 197 195 193 191 189 187 186 186 187 189 191 193 194 193 191 190 190 190 189 186 183 181 180 182 186 187 186 185 185 186 187 189 192 195 198 198 195 192 190 189 188 186 184 182 181 183 185 187 189 189 188 189 191 192 187 179 178 183 191 201 210 214 212 206 201 204 205 198 192 197 200 197 191 189 189 190 190 190 189 188 187 186
176 176 177 180 185 190 195 199 202 199 195 193 192 190 188 186 185 185 185 187 190 193 194 194 194 193 193 191 191 192 191 186 181 178 176 177 181 183 183 184 185 187 190 192 194 196 198 199 196 192 191 190 189 188 188 187 185 185 186 188 189 189 188 188 191 193 189 180 176 179 188 200 211 216 215 209 202 200 200 195 187 188 191 188 181 179 182 186 188 188 188 187 186 186
176 177 179 183 187 191 194 196 196 194 191 188 186 185 184 183 183 185 187 191 196 199 197 194 192 193 194 193 191 190 189 186 181 177 173 173 177 180 182 183 186 190 193 195 196 198 199 200 197 194 192 191 190 189 189 188 187 187 188 189 189 188 187 189 192 194 191 183 175 176 186 198 209 213 213 208 202 197 193 187 182 180 180 176 173 174 179 184 186 187 186 186 185 185
178 178 180 182 186 190 192 192 191 190 188 185 182 181 181 183 185 189 193 197 201 202 197 192 189 190 192 192 190 189 189 188 185 180 175 173 175 178 182 185 189 194 196 196 196 198 199 201 200 196 193 190 188 186 185 185 186 188 189 188 188 188 189 190 194 195 193 185 177 174 182 193 203 208 208 206 201 195 189 184 181 178 176 174 174 176 179 182 184 185 186 185 184 183
180 180 180 181 183 186 187 187 187 187 186 183 180 180 182 185 189 194 198 201 201 198 194 190 188 188 189 190 190 190 191 192 190 185 178 174 174 178 182 188 193 194 195 194 195 196 199 201 201 198 194 190 185 180 178 179 183 187 188 188 188 189 190 192 195 196 194 187 177 172 177 187 195 202 205 204 201 195 189 185 183 181 179 178 178 178 179 181 183 185 186 185 184 183
182 181 180 179 179 181 182 183 184 184 184 183 181 182 185 189 194 200 203 201 198 194 191 189 187 187 189 189 189 191 192 193 192 189 182 176 175 179 185 190 191 191 192 192 193 196 199 201 200 197 194 191 186 179 175 177 181 184 186 187 188 189 191 193 195 196 195 188 179 173 174 182 190 197 202 203 200 195 192 190 187 185 184 184 184 180 178 179 182 185 186 186 186 185
184 183 180 177 176 176 179 181 183 183 183 183 184 186 189 193 200 204 204 200 195 192 191 190 189 190 191 190 190 190 191 192 192 190 185 179 177 180 185 187 187 188 190 192 193 196 199 200 198 196 195 193 190 184 178 177 179 181 183 185 187 189 190 192 195 196 195 189 182 175 174 178 187 193 199 201 199 196 195 195 193 190 190 191 187 180 176 177 181 185 186 187 188 187
186 184 180 177 175 175 177 180 182 183 183 185 187 190 194 199 202 202 199 195 192 191 191 191 193 195 196 194 192 190 189 190 191 189 185 179 177 179 181 183 185 187 190 192 194 198 201 200 197 195 194 194 193 189 183 177 176 178 180 183 186 188 190 192 195 197 196 192 185 177 173 176 184 191 196 199 200 198 197 197 196 194 194 192 188 181 177 177 181 184 186 187 188 188
187 184 180 178 177 176 177 180 182 182 183 187 192 197 201 200 197 194 192 191 190 190 190 192 195 199 200 198 195 191 187 186 185 184 180 175 173 175 178 182 185 188 191 193 195 199 203 202 199 196 194 193 193 192 186 177 174 175 178 181 184 187 190 193 196 198 198 196 189 179 173 173 180 188 194 199 201 200 196 195 195 195 194 192 189 186 182 181 182 185 186 187 187 187
183 182 181 181 180 179 179 180 181 183 186 193 201 208 208 200 190 187 188 189 189 190 191 192 195 199 201 199 194 190 186 182 180 179 175 171 169 173 178 183 187 190 192 193 195 200 205 205 202 199 196 194 193 192 185 176 171 172 175 178 181 185 190 194 196 198 200 198 192 183 174 171 176 184 191 198 202 202 197 192 192 193 193 192 192 190 188 186 186 186 186 187 187 186
179 180 183 184 183 182 181 182 184 188 196 204 210 212 209 197 184 181 184 186 188 190 191 192 195 197 200 197 193 190 186 184 181 179 177 173 170 173 178 184 188 191 191 192 194 199 205 206 205 201 200 199 197 190 179 170 166 168 171 174 179 185 190 194 195 197 199 200 196 187 178 172 174 180 188 196 203 204 200 194 191 192 192 192 192 192 191 190 188 187 186 187 186 185
176 179 183 185 185 185 185 186 190 197 203 206 207 204 198 191 184 181 183 186 188 189 189 190 192 195 196 195 193 191 189 187 185 183 181 177 174 174 178 184 188 190 190 191 193 198 204 207 206 205 205 204 198 186 174 166 163 164 167 171 177 183 189 192 194 196 198 200 198 192 182 175 174 178 185 195 202 205 203 198 194 192 191 188 187 188 189 189 188 187 186 185 184 183
178 179 182 185 187 188 189 192 195 198 199 198 196 192 188 186 186 185 185 187 187 186 185 188 191 193 194 194 193 192 192 191 189 187 185 181 178 176 179 184 187 188 189 191 194 198 203 206 208 208 207 203 194 184 175 168 163 161 164 169 176 181 186 190 192 194 197 199 199 195 187 180 177 180 185 193 200 204 204 200 194 191 189 186 183 183 185 187 187 186 185 184 183 183
181 181 182 184 187 189 191 192 193 193 191 189 186 184 183 184 185 186 186 186 185 184 184 188 191 192 194 195 194 193 193 193 191 189 187 184 181 180 181 183 184 186 189 193 195 197 200 203 205 205 203 199 193 186 179 172 165 160 161 167 174 179 184 189 192 194 196 198 200 198 192 184 181 182 186 191 197 202 204 200 194 190 189 188 184 182 183 185 186 185 184 184 184 185
183 182 181 183 185 187 188 189 189 186 184 181 180 180 182 184 186 186 185 185 185 185 186 189 192 193 195 196 195 194 194 193 192 189 186 184 183 183 183 183 185 188 192 195 195 195 196 198 200 201 199 197 194 190 184 177 170 164 162 166 172 177 182 187 192 195 197 198 199 198 194 188 184 185 187 190 195 201 203 200 194 189 189 189 187 184 183 184 185 184 184 184 185 187
183 182 182 182 184 185 186 185 183 181 179 178 178 180 184 187 187 186 185 186 186 187 188 191 194 195 196 197 197 195 194 192 190 188 185 183 183 184 185 186 189 192 193 193 192 192 193 193 195 197 197 197 196 193 188 182 176 170 166 167 171 177 181 186 192 196 197 197 197 197 194 190 187 186 187 190 194 199 202 200 195 189 188 189 189 186 184 185 185 185 184 184 186 187
181 182 182 182 182 183 183 181 178 177 177 178 180 183 187 189 189 187 187 187 187 187 189 192 195 196 197 197 197 196 194 192 190 188 186 184 183 184 187 189 190 191 190 189 189 190 191 191 192 195 196 197 197 195 191 186 182 177 173 171 173 177 181 186 192 196 196 196 196 195 194 192 189 188 188 190 193 197 201 201 196 190 187 188 188 188 186 186 186 186 185 185 186 188
180 181 181 180 180 180 179 177 176 176 178 180 183 186 190 192 192 190 188 187 187 187 187 191 194 196 198 198 197 196 194 192 190 190 189 187 185 184 187 189 189 188 188 186 186 189 190 190 192 195 197 198 198 196 193 190 187 183 179 176 175 177 182 187 192 194 195 195 195 194 193 192 190 189 189 191 193 197 201 201 197 191 188 187 188 189 188 187 187 187 187 187 187 188
181 181 179 178 177 177 176 175 176 178 180 183 187 191 195 196 194 190 187 186 186 185 185 188 192 194 197 199 198 197 196 194 191 189 189 188 186 185 186 187 187 187 186 185 185 188 191 191 192 195 197 199 199 197 194 192 190 187 183 180 178 179 183 188 190 192 193 194 194 194 193 192 191 190 190 192 194 197 200 202 199 193 188 187 187 189 189 188 187 187 188 188 188 189
182 181 178 177 175 174 174 176 179 182 186 189 193 197 199 196 192 188 185 184 184 186 186 185 188 192 197 200 200 199 198 196 193 189 187 187 185 185 185 185 186 185 185 185 186 188 191 191 192 195 198 200 201 200 196 193 191 187 183 181 180 181 184 187 189 190 192 194 195 194 193 193 191 190 191 192 195 197 200 203 202 197 191 187 187 186 185 186 187 188 188 188 188 189
182 181 178 177 175 173 175 179 184 189 193 196 198 198 195 190 186 184 182 182 185 189 189 184 184 190 196 200 201 199 198 198 196 193 188 184 181 181 183 183 183 184 184 186 189 190 189 190 191 193 196 200 202 202 199 195 190 185 180 179 180 181 182 185 188 189 192 195 196 194 193 193 191 191 191 193 195 197 200 205 205 200 193 189 185 180 179 183 186 187 187 187 187 188
181 180 179 178 176 175 177 182 187 191 194 195 194 190 186 183 181 181 181 183 188 194 195 186 181 186 194 200 201 199 197 197 198 197 191 184 179 179 180 181 182 183 184 188 192 193 189 187 188 190 194 198 202 203 201 197 191 185 179 176 177 179 181 183 187 190 193 197 197 195 193 192 191 191 192 193 195 196 200 205 205 200 193 188 182 177 176 180 185 187 187 186 187 187
179 179 180 179 178 178 180 183 186 188 190 189 187 183 181 180 180 182 184 186 191 196 197 191 182 181 189 199 202 200 196 195 198 198 194 187 182 180 180 181 182 184 185 188 193 195 192 186 184 187 192 197 201 203 201 197 192 188 182 177 177 179 180 182 186 190 195 199 200 197 193 191 191 191 192 193 194 195 199 202 202 197 191 187 182 179 178 181 184 185 186 186 186 187
178 179 180 180 180 180 181 183 185 186 185 183 181 180 180 181 183 186 188 190 192 195 197 195 187 181 185 195 202 202 197 192 193 196 195 191 186 182 181 182 183 184 185 188 193 197 196 187 181 184 190 195 200 202 201 198 193 190 187 183 180 180 182 183 186 192 197 200 200 197 193 190 189 189 191 192 192 194 196 199 199 196 191 187 185 184 183 183 184 185 185 186 186 186
178 179 180 180 180 181 182 183 184 183 181 179 178 179 181 185 188 189 191 192 192 194 197 197 192 185 185 192 199 202 199 191 188 192 195 194 189 184 182 183 183 184 185 187 192 198 198 192 182 181 187 193 197 199 200 198 194 191 190 188 185 184 185 186 189 194 197 198 199 197 193 191 189 188 189 190 191 193 195 198 199 197 192 189 188 188 186 185 185 185 185 185 185 185
180 179 179 180 180 181 182 183 183 181 178 177 178 181 184 188 189 191 193 194 194 195 198 198 195 188 184 188 196 201 200 195 188 187 192 193 190 185 182 182 183 184 185 188 192 197 199 196 186 181 184 190 193 196 199 199 196 193 191 190 189 188 188 189 191 193 194 195 197 196 193 191 190 189 189 190 191 192 194 197 199 198 193 191 189 188 187 186 186 185 185 185 185 184
181 180 179 180 180 180 181 182 181 179 178 178 180 182 186 189 191 193 194 194 194 194 196 198 196 189 183 185 193 199 201 198 192 187 189 190 188 184 181 182 183 184 186 190 193 196 199 198 191 183 182 186 190 193 197 200 199 195 192 190 190 190 189 189 190 190 191 194 197 196 193 192 191 190 190 190 191 192 194 197 200 199 195 192 190 188 186 185 186 186 185 185 184 184
182 180 179 179 180 180 179 179 179 179 179 180 181 183 187 190 193 193 192 191 191 192 196 198 197 190 183 182 189 197 200 199 195 190 188 187 185 183 181 181 182 184 189 193 195 197 200 200 195 186 181 182 186 191 196 200 201 198 194 191 190 190 189 189 188 189 191 194 197 197 194 192 191 191 190 191 190 190 193 198 202 201 196 192 190 188 185 184 185 186 185 185 185 184
183 181 179 179 179 179 177 176 177 180 182 182 182 184 188 192 193 191 190 189 191 194 197 199 197 193 185 182 186 194 199 200 197 191 188 187 185 183 182 181 182 186 194 199 198 198 200 201 198 191 184 181 182 188 194 199 201 199 195 192 190 189 189 189 189 189 191 194 197 197 195 193 192 191 191 191 190 192 196 201 204 203 197 192 189 187 185 184 185 185 185 185 185 185
185 183 179 178 178 178 177 175 175 180 183 184 184 186 189 191 191 190 190 191 193 195 197 197 197 195 189 183 183 191 198 200 198 192 187 186 186 185 183 181 184 191 199 201 200 199 200 201 200 195 187 183 181 184 189 195 199 199 196 192 189 189 189 189 189 188 190 193 197 197 196 195 193 193 192 192 192 194 197 201 204 204 200 193 188 185 183 183 183 184 184 184 185 186
186 184 180 178 178 178 177 175 176 179 183 185 187 188 189 189 190 193 194 195 195 195 194 195 196 195 192 187 184 188 196 200 199 193 187 186 187 186 184 183 188 194 198 198 198 198 198 200 200 196 190 185 183 183 185 189 195 198 195 191 189 189 188 187 187 188 190 194 197 197 196 196 196 195 194 194 194 195 197 200 204 206 202 194 186 182 181 180 180 181 182 184 185 186
