project/data/elevation/US_DEM2016/US_DEM2016_point_10-29-2019_1212_30m_ang.asc
ncols	125
nrows	167
xllcorner	-2042055.000000
yllcorner	1465035.000000
cellsize	30.000000
NODATA_value	-9999.000000
[rows 42 to 83 of 167, columns 0 to 93 of 125]
107 107 109 112 114 115 117 121 124 126 127 130 135 137 131 126 124 124 126 130 130 128 128 128 127 125 122 120 119 117 117 121 125 129 130 130 129 127 122 119 121 127 128 119 109 107 112 119 124 126 129 134 139 140 138 132 125 118 110 102 99 100 104 109 114 116 116 117 118 120 121 121 120 116 114 118 127 125 119 117 125 132 128 123 117 113 116 123 127 129 129 131 134 140
107 108 110 113 115 116 119 123 126 128 129 132 140 141 131 126 125 126 128 131 132 131 131 131 130 127 125 124 122 121 120 121 122 126 127 125 125 125 123 118 116 120 126 120 109 105 108 114 118 118 120 125 133 141 141 133 126 122 115 106 102 104 109 113 116 116 116 118 120 121 119 117 115 113 110 113 120 123 119 118 126 132 129 125 118 112 111 117 123 126 128 130 134 141
108 109 112 115 117 120 123 126 128 130 131 136 145 141 130 126 126 127 128 131 132 132 130 130 129 127 125 124 124 124 121 121 119 123 124 122 121 123 124 120 115 116 121 118 108 104 103 108 112 114 116 120 127 138 142 135 130 125 119 111 105 106 110 113 114 116 119 120 120 116 113 111 111 110 109 111 116 120 120 120 127 132 129 125 120 112 109 111 118 121 124 126 130 139
109 111 114 118 120 123 125 127 129 131 134 140 149 140 130 128 128 128 128 130 131 130 128 128 127 125 124 124 124 124 121 124 116 120 123 120 117 118 122 122 116 112 114 113 107 102 101 107 113 117 119 120 124 133 140 137 132 127 121 113 106 105 108 111 114 118 119 118 113 110 110 111 111 111 111 112 115 119 121 123 129 132 130 125 121 114 108 108 114 119 122 124 128 134
109 111 114 118 120 122 124 125 127 129 134 145 149 137 130 129 129 128 127 128 128 128 127 127 126 125 125 124 124 123 121 115 112 116 122 121 115 113 115 119 117 111 109 110 107 103 104 109 115 117 116 116 120 130 139 140 135 129 123 116 107 105 107 111 114 116 114 111 110 111 113 114 114 114 115 116 118 120 123 126 131 135 134 127 122 117 110 108 112 121 127 132 135 135
109 110 114 117 118 120 122 123 124 126 134 147 144 133 129 128 127 126 125 125 126 127 127 126 125 124 124 123 122 121 119 114 110 112 120 122 117 111 111 114 117 113 111 112 108 105 106 108 111 109 108 111 119 130 141 146 142 134 127 119 110 106 106 109 111 110 110 112 114 116 118 119 119 119 118 119 120 122 125 128 134 138 138 131 124 119 115 110 112 120 129 138 142 138
109 111 114 116 117 118 120 121 123 125 135 144 135 129 127 125 124 123 122 123 124 125 126 125 124 123 122 121 120 120 119 115 111 111 117 122 119 113 109 109 113 113 112 112 108 104 103 104 106 106 109 115 124 134 145 153 150 139 131 123 112 107 107 109 111 114 118 123 126 127 127 128 128 127 126 126 126 128 129 131 135 138 138 134 127 122 118 113 111 116 126 136 141 140
109 111 115 117 117 117 119 121 124 129 140 140 130 127 127 126 124 123 121 121 122 123 124 124 123 121 120 118 118 119 121 118 112 110 114 121 121 115 108 104 105 108 109 109 107 103 101 102 106 110 116 123 129 138 150 159 156 144 134 127 117 109 109 113 118 123 128 132 134 135 135 135 135 135 134 133 133 134 134 135 135 136 136 135 130 124 120 115 111 112 122 131 136 139
108 110 115 119 118 117 118 122 126 136 148 139 130 129 130 129 127 124 121 120 120 122 123 123 122 120 118 116 116 119 123 121 114 110 111 119 123 118 108 101 103 107 109 110 109 106 104 107 113 119 125 129 134 142 153 162 160 146 136 129 120 112 109 113 120 125 128 132 135 135 135 135 135 135 134 133 133 135 136 137 137 136 136 135 132 127 122 116 111 111 119 126 132 135
107 108 112 118 120 120 119 121 128 143 152 138 130 130 131 130 127 124 120 118 118 120 121 122 121 120 117 115 115 118 123 122 117 111 110 116 124 122 112 107 110 113 115 116 115 114 114 118 124 128 130 132 136 144 155 163 161 147 135 128 121 113 108 109 114 120 124 127 129 130 130 130 130 130 129 128 127 129 132 134 135 136 137 137 135 131 124 117 112 112 117 124 129 129
107 107 110 115 119 121 120 120 128 146 151 137 128 127 129 127 125 121 118 116 116 117 118 120 120 119 115 112 112 116 122 123 120 115 111 113 122 125 120 117 118 119 121 121 121 122 123 125 129 130 130 132 136 143 155 163 161 148 135 127 122 115 108 105 107 112 116 118 120 122 123 123 123 123 122 121 119 120 124 126 127 129 132 135 135 133 127 119 113 114 120 124 127 126
107 107 110 114 118 122 122 121 127 144 148 134 125 124 124 123 120 118 116 114 112 113 115 118 119 119 114 111 111 115 121 125 124 120 114 113 121 127 124 121 121 121 122 123 123 124 124 126 128 127 125 127 133 143 155 164 162 148 136 129 124 117 109 104 103 106 109 114 117 119 120 119 118 117 117 116 113 113 115 118 118 117 120 124 129 131 129 123 118 120 124 128 130 131
108 108 111 115 119 124 124 121 125 140 143 131 122 119 119 118 117 115 113 112 111 112 115 117 118 118 114 111 111 115 122 127 127 124 117 116 123 126 123 121 120 119 120 122 122 122 122 124 125 123 120 122 130 142 155 165 162 147 136 129 124 118 109 103 100 104 110 115 118 120 119 116 114 113 113 113 110 107 107 108 108 107 109 115 122 128 130 128 126 126 129 135 136 135
109 110 113 117 120 124 125 122 124 134 138 128 120 115 115 114 113 112 113 113 113 114 116 117 118 117 115 112 113 116 122 126 128 126 122 120 124 125 123 121 119 118 119 120 120 120 121 122 125 123 118 118 126 140 156 165 160 144 134 127 122 115 107 100 101 106 112 116 117 116 114 112 111 111 111 109 106 102 99 99 100 103 109 117 125 130 132 133 131 130 134 138 136 134
110 112 116 119 122 125 126 125 126 133 136 128 119 115 114 114 113 114 116 117 117 117 118 118 118 118 116 114 114 117 122 125 128 130 130 131 130 128 125 123 121 120 119 119 119 118 119 122 126 125 119 116 123 138 155 161 154 140 130 124 118 112 106 102 103 107 108 113 112 110 110 112 114 114 111 107 103 99 97 97 102 109 117 124 131 136 136 136 134 133 136 139 135 133
110 112 117 120 123 126 128 129 132 138 139 132 124 121 120 119 120 121 122 123 122 121 120 120 120 120 118 116 116 120 125 129 132 136 141 142 137 132 129 126 123 121 119 118 117 117 118 121 125 125 119 116 121 137 154 156 147 134 126 121 117 114 110 106 106 107 109 108 108 110 113 116 116 113 108 105 103 102 102 105 112 119 125 131 137 140 140 138 136 135 138 139 136 132
109 110 115 119 121 125 128 130 135 142 143 136 130 127 127 126 127 127 127 128 126 125 123 122 121 120 118 117 118 122 127 130 134 140 147 148 141 134 130 127 123 120 117 116 115 115 116 118 122 123 119 115 119 136 152 151 142 132 126 124 123 121 116 110 108 107 108 107 110 114 118 118 114 107 105 106 106 108 111 117 122 126 130 134 139 142 142 140 138 136 138 139 135 130
107 108 113 118 120 123 125 129 135 143 144 138 132 130 129 128 128 128 128 128 127 125 123 122 119 118 116 115 118 122 125 128 131 138 147 149 142 135 131 127 122 117 113 112 111 112 114 114 118 120 118 116 120 136 151 149 141 133 129 129 127 125 121 114 111 110 110 111 114 118 118 116 110 106 106 110 113 118 122 126 128 129 132 135 139 142 142 141 138 136 137 138 133 127
107 108 112 117 119 120 120 123 132 140 141 135 130 129 127 125 123 122 122 122 122 121 120 119 116 114 112 113 115 119 123 125 129 136 146 150 143 135 131 126 121 114 108 107 107 110 111 112 115 118 119 120 125 139 151 150 143 135 131 130 129 128 124 117 111 110 112 114 117 119 118 114 112 114 117 122 126 129 131 131 131 131 132 134 138 142 142 140 138 135 136 135 130 125
106 107 110 116 119 120 117 118 125 133 133 128 125 123 122 119 116 113 111 112 114 115 114 112 111 110 110 110 112 118 123 127 132 138 147 151 144 135 131 126 119 111 105 104 107 110 112 114 118 122 125 128 134 145 152 150 143 136 133 131 131 129 125 119 112 109 110 115 119 122 123 123 126 128 129 131 133 135 134 133 132 131 132 134 138 141 141 139 137 134 134 133 128 126
106 106 110 115 119 120 118 116 118 123 122 119 117 116 115 113 109 103 101 105 109 110 109 107 107 108 108 109 112 117 122 126 131 139 149 152 144 134 128 124 118 111 106 107 110 115 118 120 124 128 133 137 142 150 153 148 142 136 133 131 130 128 124 120 114 108 108 111 116 123 127 130 131 127 128 132 133 134 133 131 130 130 131 134 137 139 138 136 135 133 132 130 128 129
107 107 111 116 119 121 120 117 115 114 113 111 111 111 112 111 108 102 100 103 106 108 108 108 109 109 108 109 112 118 123 124 128 135 147 152 143 132 126 123 119 114 110 110 113 119 122 124 127 131 136 141 147 154 154 148 141 136 131 128 126 124 120 118 115 111 108 109 113 120 124 127 128 128 128 127 128 129 128 126 126 127 128 130 134 136 134 133 132 131 130 128 128 132
108 110 114 119 122 124 123 121 115 111 109 109 109 111 113 114 115 111 106 105 106 107 110 114 114 111 110 110 113 118 123 124 125 131 143 151 144 133 128 126 123 118 113 111 112 117 121 124 127 132 136 141 148 155 154 147 141 134 128 125 122 119 117 117 116 113 109 108 110 115 118 121 122 123 121 120 121 123 123 120 118 119 120 122 126 129 129 129 129 129 128 127 128 132
109 110 115 121 125 127 128 126 120 115 113 113 114 115 116 118 121 120 114 109 107 109 113 119 119 115 112 112 115 119 123 125 125 130 141 151 147 137 133 131 126 120 114 111 111 115 119 122 125 129 134 140 149 156 153 145 138 132 126 122 120 117 116 117 116 112 109 107 108 112 115 116 118 119 117 114 114 117 117 113 110 109 109 109 112 118 123 125 127 127 127 126 127 131
109 110 115 122 126 130 134 134 129 124 121 119 118 117 118 120 123 125 121 115 111 112 116 120 122 119 116 116 118 122 125 127 129 133 143 151 148 140 136 132 126 119 113 110 110 114 118 120 122 126 132 140 150 156 153 143 136 130 124 120 118 117 116 116 115 111 108 107 109 111 112 113 113 114 114 110 107 108 109 106 101 98 97 97 102 110 117 123 126 127 127 127 128 130
109 110 115 121 126 133 140 139 134 129 126 123 120 119 120 121 123 127 127 122 116 115 117 120 122 122 121 119 121 124 128 131 134 139 147 152 146 139 134 129 123 116 111 108 109 113 117 119 121 124 127 136 147 154 151 141 133 127 122 118 117 117 116 116 115 111 107 106 108 109 110 110 109 108 109 106 101 98 97 96 94 92 91 93 99 107 115 123 127 128 128 129 130 131
109 110 115 121 127 136 141 137 132 128 125 123 121 120 121 122 123 126 129 128 121 117 116 119 122 124 123 121 122 124 128 131 135 141 149 152 145 137 131 126 121 115 109 106 108 112 116 118 120 122 123 129 141 150 147 138 129 124 119 116 116 117 117 117 114 109 104 102 104 106 106 106 105 103 101 99 94 89 87 88 90 91 91 94 101 109 116 123 127 129 130 131 132 133
109 110 114 120 128 139 140 132 125 123 121 121 120 119 120 121 122 125 129 131 125 119 117 118 120 123 123 122 122 123 125 128 132 139 148 152 147 139 132 127 121 114 108 105 107 112 117 119 119 118 119 124 135 145 143 134 125 119 116 114 115 116 117 115 110 104 99 98 100 103 102 103 103 99 95 91 87 84 84 88 91 94 97 99 104 111 117 123 128 131 134 135 134 134
110 110 114 121 130 143 140 128 121 118 118 119 119 118 118 119 120 122 127 132 129 123 119 118 119 121 122 121 120 121 122 123 127 134 144 151 149 141 133 127 121 114 108 105 107 111 114 115 115 118 121 127 135 144 142 132 122 116 114 113 112 114 113 110 107 102 99 99 101 103 105 105 105 100 93 88 86 87 89 92 96 101 106 109 113 118 122 127 132 137 141 140 137 136
110 111 116 123 134 145 141 128 120 118 119 119 120 119 118 117 118 121 124 130 131 126 121 120 119 120 120 120 119 120 121 123 127 132 140 148 149 141 133 126 120 114 108 104 105 107 111 114 119 124 128 132 139 146 144 135 126 121 118 116 115 115 114 113 111 108 105 104 105 107 109 109 106 100 94 92 92 93 96 100 107 114 119 122 125 129 133 137 140 143 147 146 140 137
112 113 118 126 139 146 141 131 124 122 122 124 124 124 122 120 120 121 123 129 133 129 124 121 119 119 119 119 121 122 125 127 130 134 139 147 148 141 132 125 119 114 108 104 104 108 115 121 126 130 133 136 141 148 148 141 134 129 125 123 124 124 123 122 120 116 109 105 102 107 107 105 101 98 97 97 98 100 105 114 123 130 134 134 134 136 140 143 145 149 152 150 143 139
113 114 120 131 144 147 141 133 129 128 129 130 130 130 129 126 124 125 123 127 131 128 122 119 118 118 118 119 122 124 126 129 133 137 141 147 148 141 132 126 121 116 110 106 107 112 118 124 127 130 132 134 141 149 150 143 137 132 128 128 128 128 127 125 121 117 109 102 100 101 100 98 97 100 102 104 106 109 117 126 133 138 140 138 137 138 141 143 145 150 155 153 146 141
115 117 123 137 148 148 139 133 132 132 132 132 132 133 132 130 129 128 124 134 126 134 126 116 116 117 117 117 119 122 124 128 132 136 141 147 148 141 133 128 124 119 112 107 107 111 116 120 122 124 126 130 137 147 150 143 136 132 128 127 127 126 124 121 116 111 105 99 96 95 96 97 100 104 108 111 114 118 124 130 135 138 138 136 134 135 138 139 140 146 154 154 147 143
116 119 128 143 152 147 137 134 134 133 130 129 129 130 131 130 130 129 124 121 121 119 116 113 114 117 118 117 116 118 121 125 128 131 136 143 146 142 135 128 124 119 112 107 105 108 113 116 118 120 124 128 134 144 148 142 136 132 128 125 123 122 119 114 107 104 103 99 95 95 98 101 104 109 114 119 122 124 127 131 134 134 132 129 127 128 134 137 139 143 149 150 147 146
117 120 131 148 155 147 137 134 133 130 126 124 124 125 126 127 132 130 126 122 119 117 114 111 112 116 120 120 116 116 119 124 127 130 134 140 145 143 135 127 122 119 113 107 104 106 111 116 120 123 126 130 135 142 146 143 136 132 129 125 122 119 114 106 102 103 105 102 99 99 104 109 114 119 124 128 129 128 129 130 130 126 124 123 122 123 129 137 143 147 149 148 148 148
117 120 132 151 156 143 134 130 127 125 122 121 122 123 124 124 133 124 123 120 118 115 112 110 110 113 119 123 119 116 118 123 128 132 136 142 147 145 136 128 123 120 114 106 102 103 108 114 118 120 123 127 133 140 145 143 137 133 130 125 120 117 112 106 107 110 111 109 108 110 114 120 126 129 131 132 132 130 128 128 128 125 122 121 121 122 126 133 144 152 151 149 149 150
118 120 131 149 150 138 130 125 123 123 124 124 124 125 124 123 123 123 123 121 118 115 112 109 107 109 115 123 122 118 117 121 126 131 136 142 149 148 138 128 123 118 112 104 100 100 104 109 112 115 118 123 130 139 146 145 138 134 130 124 119 115 114 114 115 117 118 119 119 119 121 125 124 127 130 131 131 129 126 126 127 127 126 124 124 126 128 133 142 151 151 149 150 151
120 122 132 143 143 135 128 125 126 127 129 128 127 126 125 123 122 122 122 121 118 115 112 108 105 105 111 121 122 118 117 118 121 126 133 141 149 147 136 126 119 114 109 103 99 99 102 108 112 117 122 127 133 140 148 147 139 132 127 121 116 115 119 120 121 123 125 125 124 122 120 122 127 129 128 126 126 125 124 124 125 125 126 126 127 130 132 136 144 148 148 148 150 151
125 127 135 142 140 135 131 130 130 130 130 129 127 125 123 122 121 121 121 120 117 114 111 108 103 103 106 115 120 117 116 116 117 120 128 140 149 145 135 125 119 116 112 106 101 101 105 111 117 123 128 133 136 142 150 149 141 132 125 121 120 121 124 125 125 127 127 125 123 120 116 116 120 125 124 121 121 122 123 124 125 123 122 124 126 130 134 141 148 148 145 147 150 150
131 133 140 144 141 136 133 132 131 130 129 127 125 123 121 119 118 119 120 118 115 113 110 106 102 100 102 109 115 114 113 114 116 117 123 138 149 145 136 129 124 122 118 111 106 105 109 114 121 126 130 132 135 141 150 152 147 138 132 130 130 130 129 128 127 127 126 124 121 117 114 113 117 122 123 120 118 120 121 124 127 125 120 119 122 127 134 142 150 148 144 145 149 147
137 139 143 145 140 135 133 132 131 129 127 125 122 120 118 116 115 116 118 117 114 112 110 106 102 99 99 103 110 111 110 113 117 119 123 136 147 144 137 131 127 124 121 115 108 107 110 115 121 126 128 131 134 141 151 155 151 144 138 135 134 132 130 128 126 125 125 124 121 117 113 112 114 121 125 121 118 118 120 123 127 129 123 117 118 124 132 142 149 147 143 144 147 143
137 141 147 146 139 134 132 131 129 127 124 122 119 118 117 115 113 114 116 116 113 111 109 106 102 99 99 103 109 112 113 116 120 124 128 137 146 142 136 131 127 124 120 115 109 106 109 113 119 125 129 133 137 143 152 157 153 145 139 136 134 131 128 125 123 123 127 126 122 117 112 109 111 118 124 122 118 117 118 119 123 128 127 119 116 120 129 141 148 146 143 142 143 138
