project/data/elevation/US_DEM2016/US_DEM2016_point_10-30-2019_0932_30m_vel.asc
ncols	125
nrows	167
xllcorner	-2042055.000000
yllcorner	1465035.000000
cellsize	30.000000
NODATA_value	-9999.000000
[rows 35 to 69 of 167, columns 0 to 78 of 125]
10.82 10.90 11.08 10.83 10.10 8.95 8.18 7.82 7.78 8.26 9.38 10.90 11.88 12.02 11.46 10.66 10.22 10.09 10.24 10.70 11.18 11.62 12.00 12.16 12.17 11.90 11.40 10.77 10.03 9.30 8.87 8.64 8.42 8.07 7.69 7.71 8.33 9.05 9.82 10.28 10.16 9.37 8.06 6.66 6.18 6.52 7.26 8.13 8.73 9.02 9.14 9.41 9.88 10.36 10.31 10.27 10.20 10.30 10.12 10.13 9.98 9.63 9.17 8.32 7.62 7.18 7.11 7.59 8.32 8.94 9.31 9.63 9.90 10.59 11.45 12.86 14.96 16.30 16.27
11.62 12.09 12.55 12.31 11.69 10.64 9.52 8.58 7.94 7.61 7.85 8.86 10.35 11.25 11.26 10.60 10.19 10.30 10.92 11.84 12.62 13.36 14.01 14.48 14.49 14.16 13.60 12.79 11.69 10.44 9.41 8.95 8.98 9.31 9.57 9.51 9.58 10.08 10.80 11.18 11.18 10.58 9.48 8.76 8.88 9.54 10.38 10.83 10.81 10.08 9.51 9.19 9.60 10.13 10.32 10.36 10.28 10.41 10.40 10.70 10.71 10.36 9.59 8.27 7.09 6.45 6.47 6.98 7.65 8.22 8.73 9.09 9.39 9.65 10.35 11.29 12.91 15.06 16.60
11.78 12.22 12.44 12.08 11.51 10.72 9.96 9.10 8.21 7.46 7.25 7.64 8.63 9.90 10.54 10.43 10.11 10.20 10.97 12.06 12.93 13.67 14.29 14.80 14.95 14.88 14.67 14.28 13.42 12.13 10.69 9.62 9.35 9.81 10.35 10.75 11.09 11.46 11.86 12.46 13.10 13.22 13.03 12.38 12.13 12.48 12.75 12.33 11.56 10.59 9.72 9.35 9.43 9.98 10.30 10.35 10.32 10.59 10.70 10.98 11.05 10.88 10.32 9.17 7.83 6.96 6.69 6.88 7.24 7.67 8.05 8.29 8.68 9.09 9.61 10.24 11.37 13.10 15.36
11.62 11.55 11.29 10.87 10.25 9.82 9.41 8.74 7.90 7.16 6.90 7.07 7.67 8.68 9.59 9.92 9.79 9.72 10.15 10.95 11.45 11.71 11.95 12.40 12.96 13.40 13.89 14.36 14.19 13.45 12.30 11.12 10.37 10.13 10.37 11.15 12.03 12.47 12.81 13.51 14.41 14.99 15.16 14.87 14.38 13.86 12.94 11.50 10.47 9.64 9.24 9.21 9.34 9.81 10.28 10.44 10.48 10.78 10.84 10.83 10.73 10.31 10.06 9.53 8.69 7.81 6.95 6.63 6.73 7.08 7.37 7.57 7.88 8.55 9.03 9.49 10.16 11.46 13.06
11.23 10.62 9.90 9.46 8.92 8.64 8.38 8.01 7.60 7.21 7.10 7.27 7.74 8.36 8.99 9.37 9.43 9.30 9.19 9.19 9.04 8.92 9.02 9.57 10.62 11.80 12.79 13.74 14.30 14.24 13.54 12.49 11.61 11.21 11.60 12.62 13.38 13.79 13.94 14.19 14.68 14.95 15.21 15.15 14.76 13.99 12.67 11.28 10.26 9.34 9.04 9.29 9.57 9.80 10.35 10.69 10.90 11.14 10.85 10.31 9.55 8.67 7.95 7.77 7.60 7.23 6.47 5.97 6.00 6.32 6.73 7.08 7.47 8.01 8.47 8.78 9.10 9.90 11.01
10.68 9.95 9.09 8.61 8.35 8.18 8.17 8.25 8.33 8.40 8.53 8.79 8.93 8.91 8.89 8.98 9.09 8.99 8.52 7.90 7.63 7.69 8.10 8.81 9.96 11.01 11.94 12.86 13.70 14.27 14.28 13.72 13.17 13.25 13.84 14.67 15.29 15.60 15.24 14.64 14.42 13.78 13.47 13.88 14.01 14.03 13.50 12.95 12.25 11.54 10.72 10.40 10.33 10.13 10.43 10.65 10.81 10.89 10.47 9.74 8.76 7.44 5.98 5.45 5.42 5.48 5.59 5.63 5.67 5.74 5.94 6.51 7.22 7.76 8.13 8.35 8.48 8.83 9.56
10.56 10.04 9.45 9.18 9.13 9.14 9.13 9.20 9.41 9.73 10.09 10.28 10.06 9.57 9.23 9.14 9.21 9.11 8.68 8.16 8.07 8.36 8.84 9.32 9.76 10.26 10.72 11.39 12.45 13.48 14.41 14.49 14.59 14.97 15.50 15.95 16.18 15.97 15.39 14.59 13.78 12.82 12.08 12.06 12.82 13.20 13.37 13.34 13.41 13.36 12.93 11.87 10.97 10.32 10.16 10.09 9.87 9.64 9.42 9.22 8.62 7.43 5.90 5.16 5.13 5.39 5.68 5.75 5.58 5.45 5.53 5.96 6.68 7.34 7.67 7.82 8.08 8.52 9.09
10.79 10.59 10.36 10.28 10.22 10.12 9.96 9.96 10.26 10.72 11.04 11.02 10.48 10.08 9.95 9.96 9.96 9.91 9.76 9.69 9.81 10.06 10.33 10.59 10.80 10.80 10.77 10.98 11.73 12.66 14.02 14.74 15.60 16.23 16.33 15.82 15.11 14.36 13.67 13.19 12.65 11.87 10.96 10.75 11.29 11.83 12.10 11.96 12.22 12.53 12.62 11.98 11.03 10.14 9.82 9.75 9.42 9.01 8.92 9.42 9.41 8.71 7.66 7.13 7.15 7.04 6.60 6.08 5.91 5.93 5.82 5.68 5.83 6.16 6.32 6.45 7.14 8.06 8.66
10.86 10.78 10.74 10.73 10.70 10.69 10.74 10.97 11.33 11.66 11.71 11.40 10.76 10.51 10.49 10.55 10.68 10.76 10.90 11.16 11.53 11.84 12.00 12.05 12.04 11.81 11.66 11.69 12.04 12.49 13.56 14.51 15.44 16.06 15.90 14.98 13.64 12.46 11.65 11.51 11.58 11.16 10.27 9.68 10.02 10.65 10.79 10.16 9.44 9.00 9.19 9.79 10.02 9.84 9.80 10.12 10.23 10.22 10.41 10.86 10.95 10.57 9.95 9.57 8.91 8.08 7.52 7.34 7.32 6.85 6.01 5.23 4.96 4.93 4.79 5.02 5.85 7.03 7.68
10.88 10.88 11.00 11.14 11.42 11.87 12.35 12.66 12.75 12.65 12.30 11.72 11.08 10.76 10.69 10.83 11.06 11.31 11.61 11.97 12.35 12.59 12.64 12.49 12.21 11.87 11.77 11.87 12.24 12.68 13.63 14.07 14.44 14.45 14.28 13.94 13.22 12.12 10.75 10.13 10.22 10.27 9.73 9.00 8.97 9.56 9.30 8.41 7.30 6.67 6.85 7.59 8.40 9.01 9.77 10.68 11.28 11.65 11.89 11.94 12.00 11.81 11.10 10.31 9.28 8.75 8.78 8.70 7.97 6.57 5.50 4.99 4.83 4.71 4.58 4.79 5.55 6.45 6.94
11.22 11.43 11.83 12.19 12.56 13.05 13.48 13.69 13.60 13.23 12.67 12.03 11.54 11.29 11.38 11.51 11.65 11.86 12.08 12.23 12.22 12.06 11.89 11.74 11.68 11.54 11.47 11.66 12.31 13.02 13.79 13.56 13.02 12.55 12.35 12.67 12.67 12.14 10.66 9.46 8.98 9.11 8.92 8.24 8.14 8.54 8.43 8.07 7.84 7.79 7.63 7.37 7.37 8.08 9.45 10.82 11.40 11.61 11.67 11.85 11.99 12.05 11.44 10.69 10.21 10.07 9.65 8.64 7.21 6.15 5.79 5.92 5.98 5.86 5.73 5.90 6.46 6.95 7.13
11.53 11.88 12.49 12.89 13.05 13.11 13.13 13.15 13.09 12.83 12.44 12.00 11.92 12.09 12.39 12.54 12.53 12.46 12.33 12.10 11.71 11.27 10.95 10.92 11.15 11.31 11.44 11.82 12.57 13.17 13.36 12.75 11.84 11.26 10.92 10.90 11.18 11.38 10.76 9.50 8.41 8.17 8.25 8.21 8.40 8.71 8.96 8.95 8.97 8.56 7.84 7.23 7.34 8.37 9.77 10.66 11.02 11.14 11.30 11.68 11.84 12.04 11.83 11.43 10.98 10.33 8.86 7.78 7.33 7.38 7.69 7.85 7.83 7.72 7.71 7.83 8.01 8.05 7.99
11.43 11.65 12.16 12.52 12.50 12.25 11.95 11.71 11.61 11.61 11.47 11.31 11.45 11.88 12.35 12.66 12.72 12.51 12.12 11.70 11.31 10.91 10.60 10.54 10.72 10.98 11.29 11.87 12.53 12.75 12.41 11.62 11.06 10.48 9.87 9.55 9.69 10.28 10.55 10.08 8.82 8.31 8.51 9.07 9.42 9.70 9.69 9.07 8.23 7.28 6.86 7.07 8.41 10.26 11.24 11.31 11.35 11.47 11.65 11.90 12.01 12.21 11.97 11.46 10.72 9.66 8.76 8.66 9.27 9.94 10.34 10.39 10.33 10.20 10.03 9.98 9.94 9.75 9.59
11.22 11.28 11.31 11.54 11.60 11.31 10.88 10.52 10.36 10.36 10.32 10.28 10.37 10.72 11.18 11.54 11.82 11.85 11.64 11.32 10.96 10.63 10.36 10.20 10.21 10.39 10.62 11.22 11.99 12.15 11.87 11.31 10.87 10.25 9.32 8.55 8.57 9.19 9.89 9.97 9.18 8.50 8.42 8.78 9.11 9.47 9.48 8.49 7.48 7.07 7.48 9.05 11.25 12.75 13.22 12.60 12.13 11.94 12.00 12.31 12.58 12.80 12.49 11.82 11.46 11.46 11.96 12.76 13.49 14.00 14.11 14.05 13.94 13.78 13.51 13.29 13.09 12.67 12.11
11.32 11.32 10.96 10.78 10.92 10.96 10.65 10.26 10.04 9.91 9.97 10.06 10.17 10.38 10.62 10.87 11.11 11.29 11.28 11.03 10.61 10.21 9.93 9.78 9.75 9.80 9.91 10.49 11.41 11.62 11.50 11.32 11.12 10.72 9.79 8.54 8.17 8.25 8.65 8.87 8.48 7.79 7.33 7.26 7.69 8.43 9.10 8.80 8.33 8.63 10.25 12.50 14.07 14.66 14.32 13.27 12.52 12.23 12.32 12.89 13.37 13.82 13.73 13.62 13.90 14.73 15.80 16.80 17.54 17.89 17.97 17.91 17.79 17.66 17.39 16.98 16.54 16.00 14.93
11.48 11.49 11.10 10.64 10.63 10.91 11.05 10.85 10.59 10.52 10.86 11.20 11.39 11.48 11.51 11.48 11.41 11.31 11.13 10.82 10.39 9.92 9.56 9.39 9.38 9.52 9.71 10.33 10.99 10.93 10.48 10.66 10.83 10.98 10.79 9.87 8.94 8.23 8.00 8.16 8.04 7.71 7.48 7.43 7.75 8.45 9.62 10.24 10.63 11.79 13.69 14.99 15.47 14.91 14.10 13.08 12.50 12.33 12.23 12.45 12.92 13.70 14.19 14.44 15.07 15.90 16.60 17.34 17.80 18.04 18.22 18.37 18.42 18.37 18.14 17.77 17.37 17.00 16.31
11.46 11.36 11.03 10.85 10.72 10.85 11.15 11.29 11.22 11.29 11.89 12.55 12.80 12.80 12.65 12.31 11.88 11.44 11.10 10.80 10.45 10.00 9.49 9.12 9.11 9.42 9.77 10.27 10.40 9.78 9.34 9.47 9.76 10.49 10.99 10.97 10.04 9.17 8.89 9.07 9.29 9.55 9.77 9.77 9.87 10.50 11.93 13.43 14.86 15.89 16.31 16.16 15.33 14.03 13.21 12.41 11.91 11.55 11.15 10.88 11.14 11.79 12.99 13.52 13.96 14.06 13.78 13.60 13.42 13.60 14.02 14.62 14.88 14.95 14.82 14.71 14.80 14.76 14.67
11.23 10.78 10.32 10.33 10.38 10.52 10.87 11.21 11.40 11.56 12.12 12.83 13.10 13.12 12.85 12.30 11.66 11.16 10.88 10.67 10.37 9.97 9.47 9.04 8.99 9.30 9.66 9.94 9.62 8.68 8.38 8.52 8.75 9.30 10.27 10.70 10.56 10.36 10.46 10.97 11.43 11.73 11.88 12.11 12.57 13.48 14.81 16.14 17.11 17.38 16.98 15.87 14.60 13.27 12.47 11.73 11.13 10.49 10.13 9.87 10.02 10.49 11.17 11.78 11.79 10.83 9.69 8.59 8.15 8.30 8.81 9.51 9.95 9.99 10.10 10.19 10.63 10.84 10.94
10.88 10.23 9.49 9.30 9.45 9.84 10.42 10.96 11.35 11.52 11.72 11.97 12.15 12.07 11.76 11.25 10.76 10.40 10.20 10.06 9.83 9.55 9.37 9.27 9.26 9.34 9.53 9.64 9.24 8.56 8.31 8.40 8.55 8.83 9.32 9.95 10.44 10.64 10.98 11.64 12.28 12.51 12.74 13.19 14.04 15.01 15.85 16.41 16.51 16.22 15.66 14.87 13.88 12.94 12.18 11.49 10.93 10.44 10.36 10.32 10.51 10.68 10.71 10.82 10.27 9.07 7.88 7.12 6.96 6.96 6.77 6.49 6.52 6.68 6.84 7.08 7.59 8.02 8.10
10.68 10.11 9.38 9.09 9.04 9.14 9.53 10.22 10.74 10.93 10.81 10.58 10.34 10.06 9.74 9.56 9.39 9.16 9.04 9.18 9.41 9.49 9.58 9.70 9.65 9.59 9.64 9.73 9.71 9.60 9.39 9.09 8.87 8.71 8.75 9.23 9.74 9.97 10.17 10.65 11.36 11.88 12.33 13.09 14.14 14.84 15.01 14.48 13.49 13.31 13.60 13.77 13.44 12.91 12.25 11.65 11.19 10.99 11.15 11.14 11.10 11.01 10.64 10.49 10.01 9.10 8.57 8.30 8.02 7.47 6.48 5.22 4.54 4.38 4.52 4.82 5.36 5.83 5.91
10.81 10.49 10.15 9.94 9.63 9.12 8.64 8.81 9.37 9.70 9.67 9.29 8.73 8.22 7.95 7.92 7.92 7.84 7.97 8.56 9.38 10.01 10.27 10.22 10.12 10.05 10.05 10.18 10.27 10.41 10.06 9.43 8.84 8.39 8.34 8.66 9.08 9.39 9.43 9.62 10.08 10.80 11.53 12.61 13.58 13.84 13.15 12.05 11.46 11.53 12.03 12.59 12.76 12.69 12.11 11.64 11.27 11.14 11.24 10.96 10.52 10.08 9.82 9.93 10.05 9.80 9.67 9.46 8.49 7.26 5.80 4.69 4.00 3.60 3.39 3.28 3.35 3.55 3.64
11.26 11.39 11.55 11.40 10.88 10.06 8.92 8.49 8.69 9.10 9.18 8.80 8.32 8.00 7.75 7.61 7.67 7.80 8.11 8.82 9.81 10.74 11.08 11.11 11.06 11.06 10.94 10.83 10.75 10.74 10.21 9.72 9.37 9.00 8.73 8.97 9.59 10.01 10.00 9.99 10.20 10.69 11.35 12.41 12.91 12.51 11.25 10.36 9.93 10.02 10.57 11.29 11.84 11.88 11.45 11.09 10.76 10.48 10.21 9.55 8.90 8.51 8.71 9.31 10.12 10.38 10.26 9.48 8.14 6.91 6.00 5.63 5.43 4.82 3.86 3.07 2.68 2.68 3.02
11.70 12.13 12.57 12.52 12.10 11.39 10.48 9.87 9.60 9.62 9.61 9.43 9.33 9.36 9.43 9.47 9.56 9.79 9.92 10.25 10.92 11.70 12.16 12.42 12.56 12.57 12.19 11.75 11.65 11.83 11.84 11.64 11.44 11.04 10.38 10.36 11.05 11.53 11.69 11.67 11.66 11.52 11.72 12.29 12.15 11.02 9.78 8.82 8.47 8.65 9.25 10.08 10.84 10.87 10.67 10.40 9.96 9.36 8.73 8.25 8.09 8.29 8.99 9.68 10.34 10.37 9.79 8.90 7.88 7.51 7.64 7.76 7.19 6.12 4.94 4.21 4.01 4.16 4.68
11.76 11.98 12.28 12.50 12.64 12.52 11.99 11.36 10.73 10.25 10.06 10.22 10.63 11.12 11.66 11.97 12.25 12.53 12.69 12.71 12.92 13.06 13.31 13.66 13.91 13.72 13.28 12.78 12.71 12.87 13.05 12.90 12.66 12.27 11.59 11.28 11.59 12.06 12.50 12.79 12.77 12.42 12.13 11.87 10.87 9.43 8.28 7.56 7.29 7.33 7.92 8.77 9.57 10.01 10.11 9.95 9.59 9.11 8.82 9.00 9.35 9.98 10.76 11.23 11.23 10.71 9.78 9.24 9.00 9.22 9.52 9.23 8.11 6.79 6.02 5.88 6.14 6.70 7.76
11.61 11.37 11.32 11.65 12.24 12.72 12.70 12.07 11.17 10.39 10.05 10.29 11.02 11.93 12.74 13.28 13.66 14.00 14.33 14.42 14.25 14.00 13.97 14.17 14.25 14.07 13.77 13.40 13.25 13.00 12.29 11.66 11.33 11.28 11.23 11.29 11.41 11.75 12.20 12.75 13.05 12.79 12.18 11.08 9.39 7.75 6.76 6.33 6.10 6.19 6.51 7.22 8.35 9.36 9.92 10.06 10.00 9.96 10.14 10.31 10.74 11.52 12.34 12.95 12.84 12.45 11.35 10.84 10.98 11.15 10.62 9.62 8.55 8.04 8.07 8.45 9.18 10.18 11.49
11.52 11.14 10.74 10.76 11.05 11.47 11.83 11.68 11.01 10.21 9.71 9.65 10.12 10.95 11.76 12.28 12.62 12.79 12.89 13.01 13.12 13.15 13.18 13.12 12.95 12.92 12.92 12.98 13.03 12.88 12.12 10.93 10.18 10.07 10.64 11.33 11.87 12.10 12.24 12.43 12.56 12.12 11.37 10.23 8.63 6.95 5.90 5.54 5.57 5.74 5.93 6.51 7.68 9.06 10.09 10.71 11.10 11.33 11.36 11.20 11.46 12.48 13.50 14.18 14.40 14.53 13.98 12.93 12.60 12.50 11.63 10.73 10.41 10.95 11.75 12.60 13.51 14.34 14.90
11.34 10.80 10.18 10.00 9.69 9.65 10.05 10.39 10.21 9.58 8.87 8.36 8.19 8.38 8.80 9.15 9.37 9.25 8.73 8.55 9.34 10.24 10.49 10.19 9.79 10.21 11.02 11.59 12.05 12.59 12.82 12.53 11.88 11.37 11.31 11.74 12.22 12.35 12.14 11.79 11.46 11.07 10.51 9.97 9.04 7.79 6.87 6.74 6.90 7.03 7.18 7.65 8.43 9.42 10.32 11.09 11.79 12.41 12.62 12.81 13.33 14.21 14.59 14.61 14.83 15.32 15.31 14.88 14.51 14.38 14.12 13.98 14.43 15.16 15.76 16.25 16.66 16.80 16.43
10.83 10.08 9.32 9.19 9.00 8.84 8.89 9.18 9.25 8.70 7.79 6.84 6.02 5.50 5.39 5.60 5.87 5.80 5.50 5.31 5.71 6.52 6.94 6.88 7.14 8.06 9.51 10.34 10.86 11.25 12.07 12.84 13.11 12.96 12.32 11.89 11.60 11.47 11.07 10.55 10.24 10.45 10.59 10.81 10.72 10.61 10.16 9.95 9.89 9.89 9.98 10.04 10.04 10.16 10.42 10.84 11.46 12.34 13.25 14.17 15.01 15.13 14.60 13.75 13.22 13.83 14.85 15.20 15.65 16.04 16.40 16.78 17.20 17.52 17.27 17.17 16.96 16.50 15.59
10.57 9.97 9.19 8.87 8.80 8.77 8.70 8.73 8.74 8.35 7.46 6.34 5.19 4.28 3.81 3.72 4.03 4.76 5.31 5.26 4.90 4.67 4.69 5.20 6.21 7.60 9.17 9.84 9.96 9.72 10.12 11.05 12.03 12.55 12.14 11.15 10.15 9.60 9.49 9.40 9.51 10.26 11.09 11.90 12.37 12.87 12.97 12.63 12.31 12.11 11.65 11.17 10.80 10.64 10.64 10.84 11.35 12.28 13.35 14.19 14.51 14.01 12.97 11.77 11.34 11.87 13.09 14.11 14.89 15.68 16.12 16.30 16.37 16.19 15.78 15.19 14.48 13.63 13.15
10.84 10.58 10.10 9.62 9.32 9.20 9.08 8.97 8.94 8.75 8.24 7.46 6.58 5.58 4.71 4.22 4.44 5.55 6.88 7.31 6.72 5.73 5.25 5.55 6.63 8.24 9.53 9.84 9.50 8.86 8.64 8.91 9.84 10.61 10.83 10.35 9.52 8.89 8.86 9.35 10.01 10.98 11.61 12.20 12.64 13.16 13.37 13.37 13.17 12.67 11.60 10.89 10.69 10.81 10.96 11.17 11.66 12.54 13.20 13.29 12.70 11.63 10.74 10.25 10.36 10.93 11.62 12.35 13.03 13.61 13.84 13.66 13.16 12.81 12.67 12.28 11.41 10.48 10.08
11.05 11.00 10.90 10.64 10.28 9.93 9.69 9.69 9.79 9.90 9.91 9.71 9.24 8.35 7.24 6.33 6.06 6.67 7.83 8.94 9.01 8.38 7.67 7.55 8.21 9.40 10.26 10.46 10.14 9.23 8.51 8.03 8.10 8.73 9.65 10.36 10.60 10.68 10.78 11.06 11.58 12.04 11.95 11.85 11.90 12.16 12.46 12.76 12.83 12.57 11.70 11.04 10.83 10.95 11.13 11.28 11.65 12.30 12.63 12.09 11.16 10.29 9.78 9.63 9.69 9.97 10.26 10.67 11.20 11.56 11.68 11.47 10.81 10.10 9.78 9.89 9.38 8.31 7.38
11.08 11.09 11.10 10.93 10.70 10.43 10.38 10.63 11.08 11.63 12.05 12.11 11.59 10.67 9.52 8.43 7.68 7.60 8.16 9.50 10.44 10.77 10.61 10.24 10.23 10.90 11.49 11.68 11.58 10.79 9.98 9.16 8.61 8.87 9.80 10.96 11.98 12.71 12.92 12.80 12.57 12.32 11.78 11.36 11.20 11.17 11.34 11.49 11.73 11.92 11.80 11.41 11.11 11.08 11.28 11.53 11.91 12.29 12.04 11.10 10.14 9.59 9.31 9.08 9.03 9.32 9.65 9.90 10.01 10.16 10.11 10.03 9.76 8.88 7.89 7.69 7.68 6.95 5.80
11.15 11.15 11.15 10.87 10.59 10.47 10.66 11.13 11.88 12.71 13.40 13.60 13.38 12.77 11.83 10.64 9.44 8.74 8.82 9.75 10.89 11.94 12.11 11.95 12.00 12.56 12.79 12.64 12.47 12.17 11.81 11.28 10.74 10.61 10.91 11.51 12.12 12.58 12.73 12.49 12.10 11.76 11.33 10.88 10.54 10.09 9.96 9.91 10.00 10.41 10.90 11.04 11.02 11.06 11.44 11.86 12.14 11.91 10.94 9.79 9.16 8.95 8.85 8.98 9.20 9.57 9.61 9.27 8.84 8.74 8.69 8.62 8.73 8.35 7.26 6.45 6.29 6.03 5.03
11.19 11.13 11.00 10.67 10.32 10.18 10.26 10.49 10.96 11.68 12.53 13.29 13.85 14.04 13.80 13.04 11.78 10.45 9.92 10.16 10.73 11.82 12.49 12.84 13.22 13.56 13.33 12.62 12.12 12.19 12.49 12.62 12.46 11.95 11.56 11.44 11.34 11.21 11.20 11.38 11.44 11.37 11.09 10.58 9.95 9.35 9.04 8.81 8.68 8.77 9.19 9.69 10.17 10.59 11.15 11.44 11.27 10.46 9.19 8.48 8.31 8.37 8.66 9.19 9.47 9.38 8.89 8.00 7.09 6.69 6.73 6.49 6.44 6.83 6.65 5.93 5.44 5.22 4.72
11.06 10.87 10.53 10.36 10.13 9.92 9.73 9.41 9.05 8.96 9.45 10.75 12.32 13.62 14.44 14.52 13.85 12.59 11.37 10.89 10.94 11.67 12.40 13.16 13.63 13.56 12.87 11.95 11.10 10.99 11.43 11.98 12.24 11.89 11.45 11.10 10.80 10.75 11.06 11.43 11.48 11.34 11.08 10.75 10.26 9.74 9.31 8.66 7.91 7.46 7.57 8.25 9.22 9.93 10.39 10.25 9.44 8.30 7.53 7.33 7.26 7.22 7.71 8.27 8.28 8.07 7.75 6.99 5.89 4.95 4.60 4.50 4.58 4.97 5.39 5.38 5.21 5.16 5.17
