project/data/elevation/US_DEM2016/US_DEM2016_point_10-31-2019_0147_30m_ang.asc
ncols	125
nrows	167
xllcorner	-2042055.000000
yllcorner	1465035.000000
cellsize	30.000000
NODATA_value	-9999.000000
[rows 44 to 87 of 167, columns 0 to 95 of 125]
336 339 344 347 349 351 352 352 352 354 358 4 10 17 4 1 359 357 356 353 349 348 349 350 350 350 350 349 348 347 344 341 341 344 347 349 349 346 344 346 353 359 0 359 357 356 356 354 351 348 348 351 354 354 351 350 351 353 355 357 358 358 356 354 352 349 345 344 344 342 337 328 319 310 306 306 308 309 312 322 334 340 342 344 347 352 357 359 358 358 2 8 13 17 18 15
336 339 344 347 348 350 351 353 355 358 2 9 11 8 2 359 357 356 354 351 348 347 348 350 350 349 349 348 346 343 340 338 340 342 345 348 352 353 350 348 353 2 6 3 358 356 356 354 352 350 349 348 347 346 344 345 349 352 355 357 358 358 358 357 354 350 349 350 350 346 339 332 328 323 319 314 312 311 307 316 324 331 336 340 343 348 357 2 1 358 359 5 15 20 19 16
334 337 343 346 348 349 351 354 358 2 7 12 11 4 359 357 356 355 353 352 350 348 348 349 349 349 348 346 342 339 337 337 339 341 342 346 351 356 358 356 357 4 8 4 359 356 354 353 353 353 352 348 342 338 338 341 347 352 355 357 358 359 359 358 355 353 354 355 352 346 341 338 335 332 329 325 321 319 318 319 316 327 332 336 340 346 355 2 4 1 1 5 14 19 18 16
330 334 341 345 348 350 352 354 359 5 11 14 15 1 356 356 355 355 354 353 352 350 349 348 348 347 346 343 338 335 335 337 340 341 341 344 349 357 2 4 5 7 5 1 357 355 353 354 355 355 352 344 337 335 338 341 347 352 355 357 358 359 359 359 358 357 356 353 349 346 344 342 341 339 336 332 330 328 326 325 327 328 329 333 338 344 352 360 3 4 5 10 15 17 16 14
329 331 337 343 348 351 353 355 359 6 14 14 6 360 354 354 354 355 355 355 353 352 350 348 347 345 343 338 334 333 336 340 341 342 343 344 347 354 3 10 12 8 2 357 355 354 354 357 358 354 346 338 336 338 342 346 348 352 355 357 358 359 360 360 358 356 352 350 348 348 348 347 346 345 343 341 339 337 335 333 332 330 328 329 335 342 348 356 2 7 11 17 17 15 13 9
329 331 337 342 347 352 355 357 360 7 14 12 4 358 354 353 353 354 355 356 355 353 351 349 347 344 340 334 330 331 336 341 343 347 349 347 347 353 6 17 19 11 2 356 353 353 355 358 356 349 341 337 339 343 348 351 351 352 354 355 356 358 359 358 355 353 351 350 351 351 351 351 351 350 349 348 347 347 346 344 340 334 329 327 330 338 345 352 1 10 17 20 17 10 6 1
328 332 338 342 346 352 356 359 1 7 10 8 1 357 355 353 353 354 356 358 358 355 352 349 347 344 338 331 327 329 335 338 342 349 354 353 352 359 12 21 20 11 3 357 352 351 352 354 351 345 340 340 343 348 354 355 354 352 352 352 353 355 357 356 353 351 351 351 352 353 353 353 353 353 353 353 353 354 354 354 351 344 336 330 329 334 342 350 1 14 21 20 14 7 2 358
326 330 339 344 346 351 356 360 2 5 6 2 359 357 356 355 355 356 358 359 359 357 354 350 346 343 336 329 326 327 332 334 339 348 354 357 0 7 13 16 12 6 1 357 353 350 349 349 348 346 344 345 348 354 358 359 356 352 351 351 350 351 353 352 351 349 349 350 350 350 351 352 352 353 353 355 357 358 359 359 358 354 348 341 335 335 339 348 3 17 21 19 13 8 4 360
326 329 337 343 346 350 354 359 3 3 360 357 357 358 359 358 357 357 359 0 0 359 356 351 346 341 334 329 326 326 329 330 334 342 352 0 7 10 9 8 5 1 358 355 351 347 345 346 348 349 350 352 354 357 1 1 359 355 354 352 350 349 348 349 349 347 345 343 340 339 340 343 346 348 350 353 356 358 358 359 359 357 355 349 347 328 340 347 5 16 18 16 14 12 7 2
328 330 335 340 344 348 352 357 3 2 6 356 355 359 2 3 1 359 359 1 1 359 356 351 346 339 334 329 328 328 328 329 332 338 348 1 9 8 4 2 0 358 355 352 347 343 341 343 348 353 356 358 359 1 4 4 2 359 356 353 350 349 348 348 348 346 342 338 334 332 330 330 334 338 342 346 350 354 355 353 352 353 354 353 352 336 346 350 3 9 11 12 13 9 4 360
332 333 336 339 342 345 348 355 2 3 356 357 355 3 7 7 4 1 1 2 1 358 355 351 346 340 334 331 331 332 333 333 333 336 346 2 10 6 1 358 357 354 351 347 341 338 339 343 349 355 359 3 4 4 7 7 4 360 355 352 350 349 349 350 351 348 344 341 338 337 333 327 322 322 328 333 339 345 348 346 341 338 337 340 345 350 352 355 359 2 4 7 6 2 359 356
336 336 339 342 344 345 346 351 359 2 357 2 359 9 12 14 7 4 1 359 358 356 354 350 346 341 336 333 333 334 336 337 336 336 345 1 8 4 360 357 354 351 347 340 336 334 337 343 349 355 0 4 7 8 10 10 5 359 354 351 351 351 351 352 351 349 346 344 343 342 339 332 323 319 319 321 322 327 333 334 313 327 327 332 322 346 353 355 355 357 360 2 360 358 355 351
337 338 342 346 349 350 350 351 356 0 358 11 14 12 13 10 7 4 359 355 354 354 353 350 347 343 339 336 335 336 339 341 340 341 348 358 3 2 360 357 353 348 342 335 332 332 337 343 349 354 359 5 9 12 14 12 6 358 354 353 354 354 353 351 349 348 348 348 348 347 343 339 337 335 332 320 310 306 327 329 329 328 330 336 331 348 352 354 353 354 357 357 356 354 349 345
335 338 344 349 353 356 355 354 357 360 11 1 6 10 10 7 5 2 358 354 352 352 351 350 348 346 343 339 337 339 342 345 346 348 352 356 359 359 359 357 353 347 339 333 331 332 338 343 347 351 356 4 11 16 17 13 7 1 359 358 357 356 354 350 347 347 350 352 351 348 345 344 346 348 347 340 335 333 332 331 330 332 335 336 347 351 353 353 352 353 354 354 352 348 344 343
330 334 344 351 357 360 359 359 0 1 0 1 4 5 5 3 1 359 357 354 352 350 350 349 348 347 346 342 340 341 345 348 350 354 356 356 355 356 356 355 353 347 339 333 330 333 338 342 344 346 351 2 13 19 18 13 8 5 2 360 357 355 353 350 348 350 353 354 351 348 347 350 354 356 352 344 339 336 334 333 333 335 339 346 351 354 354 353 351 350 352 351 348 343 342 344
327 331 342 351 357 1 2 3 5 5 13 359 359 1 359 358 356 355 354 353 352 350 348 346 347 348 347 343 342 344 347 348 352 356 358 356 354 353 353 353 351 347 340 335 332 333 336 339 340 339 343 356 11 18 16 11 8 6 2 358 355 353 350 350 352 355 357 354 350 349 351 355 360 357 350 344 340 338 337 336 337 340 344 350 354 355 355 353 349 348 348 347 344 341 343 353
325 330 341 349 354 359 4 8 11 9 2 356 354 353 353 352 352 351 350 350 349 347 344 344 345 347 344 341 342 347 350 350 351 354 355 355 353 352 351 351 350 347 342 338 335 335 335 336 335 335 339 349 3 11 9 7 6 4 0 357 353 349 347 348 353 359 360 355 351 352 355 358 358 353 348 345 343 342 341 341 343 346 349 352 344 356 355 352 347 346 345 344 341 341 350 359
324 329 341 349 354 358 4 11 16 14 5 355 350 348 347 347 347 347 346 344 342 340 338 340 343 342 338 336 340 347 353 355 354 354 353 352 351 351 350 350 350 348 344 341 340 341 340 338 337 339 342 348 357 3 3 2 2 1 358 355 350 346 344 346 353 359 0 357 354 355 357 358 355 351 349 348 347 346 347 348 349 352 353 355 356 357 356 350 345 343 342 341 339 344 354 357
324 329 340 349 354 359 5 14 21 20 11 360 352 346 341 340 342 346 345 337 330 327 329 334 338 335 331 330 335 343 351 356 358 357 356 353 351 350 351 351 351 350 346 344 345 347 347 345 343 344 347 351 357 1 360 358 358 357 354 350 347 344 344 346 352 358 358 357 357 358 358 356 353 352 351 350 350 351 353 355 356 357 358 352 359 359 356 349 343 340 339 338 339 346 351 351
328 332 341 349 355 0 7 16 23 22 16 8 360 350 341 335 348 345 346 339 329 322 321 327 332 329 326 327 331 338 345 352 357 360 0 357 353 352 353 353 352 349 345 344 346 350 351 350 348 349 351 354 360 2 359 356 355 353 348 344 343 343 345 349 353 354 353 354 358 359 358 355 353 353 353 353 353 354 357 359 1 2 3 3 348 341 356 348 341 338 337 336 339 344 346 345
334 336 344 351 356 2 10 19 23 21 17 13 7 359 351 343 343 342 346 346 342 334 328 326 327 326 325 326 330 336 340 344 351 359 3 2 359 355 355 354 351 346 342 342 346 351 353 353 353 353 355 357 1 2 358 355 352 348 343 340 341 344 348 353 353 350 348 351 356 358 357 355 353 352 353 354 355 356 358 2 5 6 6 7 5 338 353 345 339 335 334 335 338 341 341 340
336 339 347 353 358 4 13 19 19 17 15 12 8 5 0 352 344 340 343 347 349 346 339 333 329 326 326 328 333 339 341 341 345 354 0 2 360 357 355 353 349 345 341 341 345 349 351 353 355 358 359 359 0 1 357 353 349 344 340 340 343 347 351 354 352 347 344 347 353 356 355 355 353 351 351 355 358 358 358 2 7 9 10 9 4 355 347 341 338 335 333 333 336 339 337 336
336 340 348 355 1 8 14 16 14 12 10 9 9 8 5 358 350 342 340 344 348 349 345 340 333 328 328 332 339 345 346 345 345 349 354 356 355 355 354 352 348 344 341 341 344 347 349 351 356 0 1 1 1 359 356 351 347 341 339 342 348 351 354 355 351 345 342 345 350 353 354 355 355 353 351 355 2 6 3 3 10 16 14 6 355 343 337 336 336 335 335 335 337 339 338 335
335 340 350 357 4 10 13 11 16 6 5 6 8 8 7 2 355 347 341 341 344 347 346 343 336 332 331 335 342 348 351 351 350 350 351 351 351 351 352 351 348 344 341 342 344 345 346 349 354 358 1 3 2 357 353 348 344 341 341 346 351 353 356 355 350 344 342 345 349 351 353 354 356 358 357 358 7 16 6 11 14 334 11 356 342 332 329 331 334 334 335 337 340 343 342 340
335 340 351 360 6 12 12 7 2 0 0 3 5 6 5 4 360 352 344 340 340 343 344 342 338 335 334 337 343 349 353 354 353 353 353 351 349 350 351 350 347 344 343 343 344 344 345 348 352 355 358 1 0 356 349 344 341 342 346 349 352 354 355 352 347 343 343 346 347 348 351 351 353 359 5 8 16 23 27 18 12 7 358 346 335 330 328 330 331 332 334 339 343 347 348 346
334 340 353 2 9 13 12 7 2 357 356 357 359 1 1 2 1 357 350 343 340 340 340 340 338 338 338 340 343 347 350 353 355 356 356 352 350 350 351 349 347 346 346 346 345 345 347 350 352 353 352 354 354 350 347 341 341 347 352 351 351 353 351 348 345 345 346 348 348 346 346 346 348 357 11 19 23 25 20 9 1 355 349 341 334 330 330 331 331 332 336 341 346 350 352 351
335 341 354 4 11 15 13 10 6 1 355 351 350 353 355 358 359 358 354 348 343 340 338 338 339 341 342 343 344 345 345 347 351 355 356 354 350 349 349 348 347 348 349 348 347 348 351 353 353 350 348 348 350 350 349 345 348 354 355 353 353 352 348 345 345 346 349 353 354 351 349 350 353 0 12 18 16 11 4 358 353 349 344 339 335 334 335 336 336 337 342 346 349 353 356 357
337 343 355 5 13 14 12 11 10 7 0 350 343 344 348 352 355 357 355 350 346 342 339 338 340 344 348 348 348 346 343 343 346 351 354 353 350 348 347 347 347 349 350 348 348 351 353 352 350 349 348 348 351 353 355 352 356 359 358 357 357 355 350 347 346 347 351 356 358 356 355 357 1 6 10 9 5 360 355 350 347 345 343 340 338 340 343 345 345 346 349 352 353 356 360 3
339 344 356 6 13 13 11 9 9 7 4 356 347 343 344 347 350 352 353 351 347 343 340 340 342 348 352 353 352 350 348 346 347 349 351 351 349 347 346 347 349 351 350 349 349 351 352 350 349 349 351 352 355 357 355 355 357 358 359 359 359 357 353 350 348 348 353 358 0 1 1 4 8 8 5 1 357 352 347 344 343 345 345 343 342 344 349 353 355 357 358 358 358 0 5 8
341 346 357 8 13 12 9 6 4 4 2 358 354 349 346 345 345 347 349 349 347 344 342 342 345 350 354 356 355 353 351 350 351 351 352 352 349 346 347 349 351 352 351 349 348 350 351 350 350 351 354 357 360 359 356 354 354 356 357 358 357 355 352 349 348 351 356 1 4 7 9 11 10 4 358 354 351 346 341 340 342 344 346 347 347 349 354 359 3 5 6 5 4 5 9 9
342 347 358 8 11 10 7 2 359 358 357 356 355 353 350 346 343 343 344 347 348 346 344 345 348 350 353 356 358 356 354 353 353 353 354 353 349 347 348 350 351 351 350 348 348 348 349 350 351 352 354 358 1 0 356 353 352 353 353 354 353 351 349 349 352 357 2 5 9 13 14 11 4 357 351 348 345 341 338 338 341 344 347 349 353 356 357 359 4 10 12 10 8 9 11 9
344 348 359 7 9 8 4 358 353 351 352 353 354 353 350 346 342 340 341 344 347 347 347 349 350 350 351 355 358 359 357 355 354 354 354 353 349 348 348 349 350 350 349 347 347 348 348 347 349 350 351 353 358 359 357 353 351 351 351 350 349 349 350 354 1 6 6 5 10 13 11 5 358 351 346 343 341 338 338 338 341 342 344 347 354 360 1 360 3 10 14 13 11 11 11 8
343 349 0 6 7 5 359 353 349 348 349 350 351 349 346 343 340 339 339 342 346 348 350 352 352 351 350 353 357 359 359 358 357 355 353 352 350 349 349 350 350 349 347 346 347 349 349 349 349 350 351 352 355 357 354 351 350 350 350 348 347 349 356 5 11 9 4 3 6 7 4 358 352 347 344 343 341 340 341 344 344 341 337 338 346 357 3 5 5 8 12 12 11 11 10 7
341 348 1 6 4 358 354 351 350 349 349 349 347 344 341 339 338 338 340 343 346 349 352 353 354 353 351 351 354 358 1 1 360 357 355 354 354 353 352 352 350 348 347 346 347 349 350 350 349 349 350 352 353 352 350 349 349 350 349 348 349 356 5 9 8 4 1 360 360 359 357 353 349 347 346 345 344 344 347 351 352 349 342 336 337 346 358 5 9 10 11 10 9 10 9 6
338 347 3 6 1 354 352 352 357 353 351 347 344 341 338 337 337 339 341 344 347 350 353 354 354 354 352 350 351 354 360 2 2 360 358 359 359 358 355 352 350 348 347 347 347 347 348 347 346 345 346 347 348 347 347 347 348 349 349 350 355 3 7 4 1 359 358 356 354 353 352 349 347 347 348 348 347 348 352 356 358 358 353 347 342 342 350 0 9 12 11 8 7 8 7 4
338 347 3 5 359 353 353 355 355 353 350 346 342 339 337 337 338 341 344 346 348 351 354 355 355 355 353 349 347 350 356 1 2 2 2 3 4 2 357 354 352 351 350 349 348 347 346 344 342 342 343 344 345 346 346 346 347 349 350 354 1 5 3 358 355 353 352 350 350 350 349 347 346 347 349 350 351 351 352 356 360 1 0 356 352 349 350 356 6 10 8 5 5 5 4 0
342 350 1 2 358 354 353 354 353 350 347 343 340 338 337 338 340 342 345 348 350 353 355 356 357 356 353 348 344 344 349 354 359 2 4 7 5 4 360 358 356 355 353 352 352 351 348 344 341 341 342 344 345 347 348 347 349 353 356 359 2 2 357 352 349 347 346 347 348 348 346 344 344 346 349 351 353 353 352 352 356 1 3 2 359 355 355 357 2 4 4 2 2 2 359 355
350 353 356 357 356 354 352 351 349 347 344 340 337 337 338 340 342 344 347 350 352 354 356 358 359 358 356 350 342 338 338 340 347 357 4 8 7 3 0 359 357 356 355 354 354 354 351 346 343 343 343 344 345 348 350 349 357 355 357 359 360 358 353 348 344 341 342 346 349 347 344 342 342 344 347 351 353 354 353 351 351 355 2 5 5 1 359 360 1 0 360 360 358 357 354 350
355 354 353 354 354 352 351 349 346 343 340 337 336 337 339 341 344 347 349 351 353 354 357 359 359 0 360 356 347 339 333 330 333 344 358 4 3 360 358 356 355 354 354 354 355 354 352 349 346 345 344 344 344 347 350 350 356 353 355 358 357 355 350 345 340 339 343 348 349 346 343 342 342 344 347 349 352 354 355 354 351 350 357 4 7 6 4 2 1 358 357 357 355 352 349 348
354 354 354 354 352 350 348 346 343 339 337 335 336 338 341 343 347 351 354 354 354 356 359 359 358 360 1 359 354 347 340 336 335 338 348 357 359 357 354 352 352 353 354 354 354 354 352 351 348 347 345 345 346 348 351 351 356 352 352 354 354 352 348 342 338 339 345 349 348 346 343 342 343 343 344 346 348 352 355 357 355 351 352 360 6 9 8 5 1 358 357 356 353 349 348 351
352 353 355 354 351 348 345 343 340 337 335 334 336 339 343 345 350 355 359 358 357 359 360 357 356 357 357 357 355 352 349 346 344 343 347 353 355 354 351 350 351 353 355 354 353 352 351 351 350 349 348 347 348 350 352 352 350 349 350 351 351 349 346 341 338 340 345 346 346 346 345 345 344 341 339 338 340 346 351 355 357 355 351 353 2 8 11 9 4 360 358 357 354 352 353 359
350 352 354 353 349 346 343 341 338 335 334 335 337 341 345 349 354 0 5 2 360 359 357 354 352 352 353 353 354 354 354 353 351 349 348 350 351 350 349 351 353 354 354 353 351 350 349 349 351 352 352 351 351 352 352 352 349 347 348 348 348 347 345 341 339 340 343 344 345 347 348 348 348 344 339 333 331 333 339 346 352 353 351 348 355 5 10 11 8 4 2 1 360 359 1 4
349 350 352 350 347 344 342 339 336 334 334 336 339 343 348 354 1 8 9 3 358 355 352 350 349 348 349 350 352 354 356 357 357 354 350 349 348 348 351 355 355 353 352 351 349 346 345 347 351 355 356 356 356 355 354 352 356 346 349 346 346 346 344 341 339 340 342 343 345 347 349 350 351 351 348 342 335 331 330 330 338 346 347 342 345 356 6 10 10 7 5 4 4 4 3 3
347 349 349 347 345 343 341 338 335 333 335 338 341 346 353 1 9 10 5 0 355 351 348 346 345 345 346 349 351 352 353 357 359 358 354 351 346 348 353 357 356 353 352 351 347 341 340 344 350 354 356 358 359 358 357 353 349 347 347 347 347 346 343 340 340 340 342 344 346 347 347 348 351 354 356 354 350 346 342 338 338 341 341 338 339 348 359 6 7 6 5 6 6 4 2 1
