project/data/elevation/US_DEM2016/US_DEM2016_point_10-30-2019_1841_30m_vel.asc
ncols	125
nrows	167
xllcorner	-2042055.000000
yllcorner	1465035.000000
cellsize	30.000000
NODATA_value	-9999.000000
[rows 0 to 36 of 167, columns 0 to 83 of 125]
7.25 6.32 5.27 5.72 7.19 9.11 10.90 12.10 12.51 12.67 12.96 13.62 14.10 13.61 12.92 12.65 12.39 12.10 11.74 11.52 11.38 11.41 11.63 11.96 12.21 12.11 11.71 10.66 9.27 7.85 6.58 5.53 4.75 4.14 3.70 3.62 4.13 5.13 6.21 6.93 7.34 7.61 7.82 7.86 7.52 6.90 6.34 6.41 7.03 7.90 8.63 9.35 9.96 10.61 10.91 11.08 10.89 9.91 8.94 8.25 7.86 7.85 8.24 9.06 9.64 9.82 9.61 8.86 7.61 6.76 6.49 6.65 7.03 7.46 7.84 8.08 8.33 8.90 9.66 10.16 10.57 10.81 10.32 9.80
7.25 6.32 5.27 5.72 7.19 9.11 10.90 12.10 12.51 12.67 12.96 13.62 14.10 13.61 12.92 12.65 12.39 12.10 11.74 11.52 11.38 11.41 11.63 11.96 12.21 12.11 11.71 10.66 9.27 7.85 6.58 5.53 4.75 4.14 3.70 3.62 4.13 5.13 6.21 6.93 7.34 7.61 7.82 7.86 7.52 6.90 6.34 6.41 7.03 7.90 8.63 9.35 9.96 10.61 10.91 11.08 10.89 9.91 8.94 8.25 7.86 7.85 8.24 9.06 9.64 9.82 9.61 8.86 7.61 6.76 6.49 6.65 7.03 7.46 7.84 8.08 8.33 8.90 9.66 10.16 10.57 10.81 10.32 9.80
7.40 6.53 5.58 5.85 6.83 8.29 9.75 10.80 11.37 11.65 12.04 12.65 12.90 12.66 12.18 12.03 12.00 11.93 11.62 11.17 11.02 11.01 11.16 11.38 11.50 11.35 10.73 9.68 8.54 7.43 6.47 5.63 4.95 4.43 4.04 3.89 4.14 4.72 5.47 6.16 6.58 6.87 7.12 7.42 7.62 7.61 7.44 7.37 7.70 8.19 8.66 9.11 9.56 9.91 10.11 10.27 10.36 10.11 9.47 8.64 7.94 7.58 7.79 8.26 8.65 8.88 9.00 8.92 8.57 7.95 7.54 7.37 7.34 7.37 7.43 7.56 7.84 8.33 8.81 9.20 9.49 9.78 9.83 9.77
8.22 7.28 6.36 6.39 6.78 7.38 8.09 8.55 8.80 9.21 9.94 10.43 10.51 10.32 10.30 10.43 10.61 10.91 10.88 10.61 10.52 10.44 10.32 10.15 10.00 9.73 9.16 8.47 7.77 7.18 6.66 6.16 5.77 5.54 5.30 5.00 4.75 4.65 4.74 5.14 5.88 6.50 6.98 7.48 8.06 8.56 8.84 8.83 8.75 8.71 8.74 8.69 8.71 8.59 8.50 8.32 8.46 8.94 9.22 9.15 8.70 8.09 7.61 7.27 6.96 6.95 7.41 8.12 8.65 8.83 8.69 8.29 7.77 7.24 6.88 6.80 6.99 7.23 7.28 7.23 7.54 8.23 8.95 9.51
8.80 7.93 7.10 6.98 7.03 7.16 7.25 7.26 7.13 7.28 7.81 8.35 8.56 8.52 8.60 8.82 9.01 9.33 9.86 10.30 10.44 10.11 9.65 9.09 8.61 8.36 8.27 8.09 7.86 7.65 7.46 7.29 7.20 7.13 6.93 6.53 6.03 5.60 5.29 5.40 6.09 6.91 7.65 8.26 8.57 8.86 9.15 9.36 9.35 9.13 8.91 8.62 8.24 7.75 7.27 6.49 6.08 6.31 7.15 8.15 8.65 8.56 8.00 7.09 6.29 5.79 5.71 6.09 6.72 7.23 7.46 7.39 7.11 6.75 6.44 6.32 6.35 6.36 6.24 6.14 6.50 7.33 8.18 8.63
8.83 8.16 7.54 7.46 7.32 7.18 6.95 6.52 6.22 6.15 6.31 6.84 7.37 7.63 8.00 8.43 8.70 8.77 9.24 9.85 10.00 9.52 8.87 8.17 7.67 7.69 7.91 8.07 8.18 8.29 8.41 8.48 8.43 8.21 7.89 7.50 7.08 6.67 6.27 6.03 6.10 6.44 7.14 7.95 8.43 8.67 8.89 9.18 9.24 9.11 8.92 8.73 8.47 7.72 6.77 5.90 5.53 5.56 5.90 6.46 7.14 7.59 7.46 6.75 5.99 5.41 5.05 4.91 4.95 5.13 5.39 5.60 5.72 5.78 5.79 5.78 5.78 5.77 5.79 5.88 6.18 6.71 7.16 7.21
8.87 8.48 8.05 8.03 7.78 7.34 6.76 6.01 5.52 5.37 5.39 5.77 6.43 7.15 7.87 8.47 9.00 9.05 8.89 8.83 8.78 8.49 8.06 7.62 7.47 7.61 7.83 7.98 8.18 8.52 8.87 9.07 8.95 8.72 8.48 8.27 8.06 7.76 7.28 6.66 6.17 6.02 6.22 6.76 7.31 7.54 7.70 7.91 8.22 8.37 8.53 8.70 8.69 8.52 8.04 7.44 7.28 7.16 6.89 6.54 6.27 6.25 6.25 6.04 5.66 5.26 4.94 4.75 4.68 4.70 4.78 4.94 5.11 5.25 5.31 5.30 5.22 5.23 5.41 5.69 5.98 6.26 6.31 5.99
8.83 8.81 8.87 8.75 8.39 7.52 6.58 5.70 5.24 5.20 5.13 5.13 5.73 6.69 7.46 7.95 8.57 8.76 8.27 7.69 7.40 7.35 7.40 7.49 7.57 7.71 7.89 7.96 8.05 8.38 8.84 9.18 9.29 9.41 9.59 9.85 9.88 9.57 8.96 8.13 7.18 6.36 5.94 5.76 5.75 5.99 6.18 6.43 6.98 7.69 8.16 8.55 8.89 9.35 9.62 9.58 9.16 8.64 7.98 7.16 6.34 5.80 5.68 5.67 5.54 5.25 4.97 4.89 4.97 5.04 5.06 5.10 5.16 5.20 5.23 5.21 5.13 5.13 5.32 5.51 5.67 5.79 5.69 5.33
8.99 9.23 9.70 9.53 8.97 8.04 6.96 6.18 5.88 5.68 5.45 5.33 5.69 6.35 6.77 6.98 7.44 7.78 7.51 6.99 6.68 6.61 6.74 7.05 7.31 7.56 7.95 8.29 8.39 8.46 8.83 9.37 9.94 10.67 11.45 11.99 12.10 11.78 11.20 10.38 9.28 8.00 6.83 6.02 5.65 5.72 6.23 6.73 7.36 7.84 8.02 7.99 8.09 8.51 9.01 9.20 8.87 8.25 7.51 6.83 6.26 5.88 5.73 5.80 5.85 5.73 5.50 5.38 5.33 5.30 5.30 5.31 5.35 5.50 5.72 5.93 6.07 6.22 6.23 6.05 5.82 5.61 5.43 5.54
8.97 9.54 10.19 10.04 9.47 8.79 7.87 7.36 7.26 7.14 6.68 6.27 6.25 6.34 6.24 6.13 6.38 6.88 7.11 6.97 6.72 6.40 6.30 6.58 6.98 7.35 7.81 8.32 8.71 8.95 9.37 9.98 10.78 11.56 12.15 12.41 12.43 12.35 12.22 11.94 11.33 10.32 9.08 7.84 6.93 6.85 7.18 7.72 8.15 8.17 7.86 7.09 6.52 6.01 6.22 6.77 7.02 6.82 6.51 6.22 5.99 5.84 5.76 5.91 6.38 6.67 6.69 6.48 5.99 5.56 5.53 5.76 6.11 6.58 7.04 7.43 7.80 8.10 8.09 7.74 7.19 6.74 6.47 6.33
8.97 9.33 10.12 10.32 10.03 9.70 9.39 9.37 9.38 9.12 8.58 7.88 7.21 6.61 6.06 5.61 5.77 6.53 7.23 7.48 7.32 6.92 6.67 6.78 7.11 7.43 7.67 8.07 8.80 9.61 10.23 10.71 11.02 11.06 10.78 10.38 10.40 10.92 11.50 11.90 11.99 11.62 10.82 9.64 8.47 7.81 7.65 7.97 8.24 8.09 7.46 6.62 5.80 5.10 4.82 4.95 5.40 5.78 5.96 5.99 5.93 5.87 5.91 6.17 6.84 7.57 7.87 7.60 6.94 6.20 6.15 6.69 7.36 7.95 8.50 8.96 9.32 9.45 9.31 8.97 8.59 8.25 7.92 7.55
8.43 8.46 9.28 10.26 10.79 11.04 11.23 11.41 11.46 11.03 10.37 9.60 8.67 7.48 6.40 5.87 5.95 6.69 7.52 7.93 7.89 7.63 7.38 7.32 7.48 7.79 8.12 8.59 9.33 10.07 10.36 10.32 9.93 9.23 8.37 7.85 8.05 8.77 9.53 10.19 10.78 11.22 11.27 10.78 9.82 8.74 8.17 8.10 7.96 7.57 6.84 6.45 6.08 5.46 4.86 4.54 4.77 5.36 5.85 6.08 6.17 6.31 6.58 6.93 7.46 8.01 8.35 8.32 7.90 7.43 7.24 7.66 8.18 8.75 9.22 9.47 9.38 8.99 8.31 7.77 7.44 7.26 7.18 7.11
7.66 7.36 7.77 9.29 10.59 11.39 11.76 11.87 11.91 11.67 11.23 10.67 9.97 8.80 7.60 6.92 6.78 7.00 7.37 7.65 7.75 7.72 7.59 7.51 7.67 8.04 8.50 8.92 9.17 9.16 8.87 8.24 7.36 6.51 6.12 6.27 6.66 6.94 7.11 7.63 8.41 9.30 10.18 10.69 10.55 9.73 8.85 8.33 7.61 6.64 5.95 5.78 5.50 5.10 4.73 4.59 4.83 5.39 6.02 6.49 6.79 7.08 7.42 7.71 7.89 8.01 8.26 8.64 8.77 8.59 8.45 8.56 8.92 9.23 9.17 8.65 7.75 6.65 5.77 5.18 4.79 4.74 5.01 5.42
7.94 7.60 7.47 7.97 8.90 9.78 10.19 10.27 10.20 10.23 10.34 10.35 10.23 9.80 9.08 8.26 7.67 7.27 6.99 6.82 6.89 7.09 7.20 7.23 7.36 7.54 7.68 7.60 7.16 6.57 5.96 5.20 4.56 4.25 4.42 4.89 5.08 4.99 5.04 5.42 5.99 6.76 7.72 8.76 9.58 9.66 9.18 8.49 7.66 6.55 5.65 4.96 4.59 4.54 4.64 4.88 5.26 5.74 6.36 7.05 7.57 7.87 8.03 8.16 8.24 8.31 8.58 9.07 9.42 9.41 9.31 9.38 9.42 9.04 8.12 6.80 5.53 4.86 4.67 4.61 4.55 4.57 4.76 4.96
8.50 8.59 8.10 7.45 6.96 7.00 7.13 7.01 6.85 7.11 7.65 8.30 8.80 9.20 9.31 8.98 8.32 7.58 6.88 6.28 6.07 6.37 6.67 6.72 6.57 6.29 5.89 5.36 4.75 4.24 3.91 3.82 3.93 4.08 4.11 3.98 3.82 3.93 4.16 4.35 4.51 4.81 5.33 6.24 7.52 8.85 9.11 8.81 8.16 7.31 6.15 5.20 4.85 5.01 5.38 5.71 5.92 6.20 6.70 7.47 8.29 8.71 8.91 9.03 9.18 9.41 9.66 9.90 10.10 10.09 9.95 9.78 9.17 7.90 6.53 5.54 5.12 5.04 5.25 5.62 5.93 6.11 6.10 6.06
8.45 8.48 8.07 7.15 5.71 4.70 4.14 3.87 3.90 4.10 4.54 5.12 5.92 6.86 7.88 8.47 8.42 7.83 7.02 6.28 6.01 6.22 6.44 6.33 5.92 5.37 4.84 4.52 4.34 4.11 3.99 4.25 4.82 5.22 5.16 4.89 4.64 4.65 4.87 5.05 5.05 5.08 5.38 6.20 7.42 8.81 9.31 9.16 8.53 7.61 6.75 6.23 6.07 6.32 6.62 6.77 6.73 6.79 7.25 8.16 9.10 9.87 10.33 10.49 10.61 10.87 11.09 11.23 11.34 11.25 10.82 9.93 8.47 7.11 6.40 6.23 6.29 6.25 6.32 6.63 7.07 7.33 7.36 7.55
7.82 7.40 6.94 6.43 5.13 3.93 3.25 3.10 3.24 3.61 3.99 4.32 4.78 5.58 6.55 7.45 7.94 7.86 7.36 6.88 6.67 6.64 6.55 6.31 5.93 5.54 5.30 5.32 5.44 5.41 5.18 5.05 5.39 6.09 6.53 6.66 6.54 6.34 6.29 6.49 6.80 7.18 7.60 8.34 9.19 9.68 9.64 9.42 8.93 8.22 7.55 7.25 7.25 7.46 7.70 7.87 7.80 7.93 8.51 9.42 10.42 11.24 11.76 11.97 11.91 11.87 11.99 12.23 12.48 12.29 11.60 10.41 8.69 7.92 7.95 8.16 8.12 7.85 7.68 7.82 8.11 8.40 8.70 9.12
7.86 7.31 6.61 6.04 5.45 4.87 4.63 4.81 5.26 5.85 6.31 6.55 6.77 6.90 6.97 7.03 7.37 7.70 7.71 7.58 7.37 7.06 6.74 6.49 6.33 6.24 6.24 6.32 6.50 6.71 6.64 6.23 6.11 6.60 7.33 7.91 8.12 8.02 7.81 7.97 8.58 9.17 9.69 10.06 10.12 9.69 9.19 9.09 9.06 8.83 8.35 8.00 8.02 8.31 8.59 8.77 8.95 9.20 9.91 10.80 11.51 11.88 12.07 12.17 12.10 11.89 11.74 11.79 12.15 12.33 12.21 11.90 10.95 10.55 10.80 11.04 10.99 10.58 10.30 10.08 9.91 9.87 10.10 10.33
8.25 7.97 7.25 6.55 6.35 6.62 7.13 7.75 8.44 9.03 9.44 9.63 9.52 8.96 8.14 7.46 7.33 7.61 7.84 7.86 7.70 7.42 7.11 6.91 6.85 6.88 6.90 6.96 7.19 7.62 7.96 7.96 7.81 7.82 8.20 8.89 9.51 9.71 9.73 9.87 10.20 10.52 10.56 10.20 9.33 8.19 7.50 7.73 8.47 8.83 8.95 8.84 8.94 9.17 9.33 9.34 9.57 10.08 10.84 11.33 11.38 11.11 10.82 10.80 10.99 11.11 11.07 10.85 10.82 11.27 12.23 12.99 13.56 13.69 13.81 14.20 14.45 14.36 14.04 13.44 12.71 11.89 11.33 10.85
8.10 7.70 7.07 6.67 7.16 8.10 9.20 10.18 10.91 11.22 11.27 11.12 10.77 10.04 9.19 8.42 7.97 7.87 7.96 7.99 7.94 7.87 7.77 7.68 7.56 7.47 7.50 7.62 7.82 8.25 8.93 9.56 9.99 10.23 10.40 10.69 10.97 11.06 11.19 11.29 11.19 10.78 10.06 9.02 7.74 6.58 6.09 6.48 7.72 8.71 9.38 9.73 9.92 9.89 9.79 9.66 9.97 10.58 10.84 10.73 10.10 9.36 8.82 8.69 9.05 9.61 9.98 9.93 9.62 9.81 10.97 12.42 13.56 14.14 14.56 15.22 15.68 15.76 15.49 15.12 14.47 13.54 12.27 10.97
7.55 7.08 6.60 6.92 8.10 9.54 10.61 11.28 11.60 11.48 11.15 10.83 10.53 10.14 9.75 9.24 8.69 8.28 8.18 8.22 8.31 8.48 8.71 8.83 8.76 8.56 8.59 8.71 8.85 9.21 9.96 10.91 11.69 12.19 12.36 12.16 11.83 11.56 11.44 11.24 10.64 9.62 8.41 7.22 6.36 5.95 5.94 6.59 7.88 9.08 10.12 10.82 11.03 10.80 10.43 10.29 10.51 10.49 10.21 9.42 8.40 7.46 6.73 6.30 6.54 6.94 7.42 7.73 7.77 7.95 8.56 9.70 10.95 11.84 12.53 13.19 13.62 13.75 13.88 13.98 14.01 13.62 12.81 11.34
8.29 7.85 7.77 8.70 9.95 10.84 11.14 11.10 10.85 10.29 9.86 9.62 9.44 9.46 9.48 9.30 8.92 8.53 8.44 8.65 9.05 9.57 10.07 10.38 10.47 10.37 10.32 10.39 10.56 10.89 11.48 12.05 12.38 12.41 12.15 11.65 11.19 10.71 10.28 9.59 8.64 7.60 6.61 5.90 5.76 6.11 6.77 7.80 8.75 9.83 10.74 11.22 11.46 11.60 11.31 10.98 10.63 10.03 9.16 7.88 6.69 5.67 4.62 4.00 3.88 3.85 3.93 4.37 5.00 5.43 6.17 6.78 7.38 7.88 8.38 8.99 9.10 9.33 9.80 10.33 11.48 12.56 12.87 12.33
9.23 9.62 10.50 11.14 11.41 11.33 10.76 10.10 9.42 8.98 8.75 8.57 8.43 8.48 8.62 8.73 8.68 8.59 8.73 9.14 9.79 10.48 11.05 11.49 11.67 11.75 11.82 11.95 12.16 12.42 12.51 12.26 11.68 10.91 10.08 9.48 9.33 8.94 8.24 7.30 6.36 5.84 5.61 5.73 6.19 6.80 7.68 8.58 9.45 10.25 10.61 10.83 11.05 11.38 11.50 11.14 10.36 9.30 7.99 6.69 5.48 4.25 3.31 2.78 2.53 2.39 2.42 2.73 3.35 4.07 4.66 5.09 5.23 5.27 5.30 5.64 6.07 6.68 7.30 7.97 9.05 10.65 12.01 12.38
9.50 10.39 11.55 11.76 11.46 10.83 9.91 9.17 8.44 8.18 8.13 7.95 7.81 7.77 7.88 8.14 8.39 8.61 8.88 9.09 9.36 9.70 10.18 10.83 11.32 11.72 12.07 12.35 12.48 12.38 11.86 10.84 9.52 8.50 7.86 7.57 7.32 6.76 6.04 5.54 5.25 5.24 5.57 6.31 6.97 7.62 8.38 9.06 9.69 9.94 9.77 9.62 9.77 10.19 10.57 10.51 9.91 8.91 7.62 6.49 5.42 4.32 3.56 3.14 2.95 2.93 3.14 3.58 4.03 4.22 4.30 4.36 4.23 3.99 3.87 4.12 4.85 5.73 6.28 6.71 7.47 8.61 10.16 11.21
9.47 10.08 10.87 10.97 10.56 9.75 8.99 8.44 8.00 7.78 7.64 7.42 7.32 7.31 7.47 7.81 8.23 8.54 8.65 8.47 8.20 8.05 8.28 8.92 9.88 10.68 11.26 11.51 11.35 10.74 9.70 8.36 7.05 6.30 6.00 5.79 5.30 4.87 4.73 4.91 5.27 5.81 6.52 7.15 7.88 8.67 9.18 9.57 9.63 9.30 8.93 8.80 8.90 9.12 9.41 9.64 9.60 9.15 8.20 7.12 6.24 5.57 5.16 5.01 4.93 4.88 5.13 5.30 5.07 4.67 4.30 4.13 3.86 3.45 3.27 3.61 4.25 4.72 4.97 5.36 5.96 6.68 8.07 9.75
9.46 9.26 9.37 9.70 9.63 9.17 8.53 7.87 7.55 7.35 7.13 6.96 6.86 6.92 7.26 7.72 8.19 8.46 8.49 8.29 8.08 8.03 8.29 8.86 9.64 10.16 10.27 10.02 9.42 8.54 7.46 6.47 5.58 4.99 4.65 4.46 4.36 4.44 4.69 5.17 5.96 6.87 7.49 8.13 8.92 9.61 9.99 9.96 9.47 8.80 8.32 8.15 8.16 8.38 8.77 9.16 9.53 9.63 9.21 8.36 7.64 7.26 7.11 7.06 7.02 7.04 7.00 6.51 5.69 5.17 4.93 4.47 3.90 3.48 3.38 3.61 3.86 3.82 3.89 4.36 4.86 5.39 6.45 8.31
9.42 8.91 8.44 8.70 9.10 9.29 9.07 8.35 7.82 7.55 7.27 7.14 7.08 7.15 7.45 7.94 8.35 8.71 8.94 9.05 9.24 9.62 10.09 10.43 10.38 9.93 9.19 8.37 7.55 6.82 6.09 5.53 5.18 4.98 4.79 4.66 4.86 5.33 5.69 6.01 6.64 7.37 8.12 8.97 9.74 10.29 10.39 10.05 9.35 8.50 7.71 7.26 7.35 7.80 8.40 9.00 9.50 9.94 10.11 9.91 9.57 9.42 9.44 9.43 9.32 9.00 8.45 7.79 7.16 6.82 6.26 5.43 4.52 4.12 4.01 3.91 3.80 3.72 3.86 4.19 4.50 4.86 5.55 6.83
9.38 8.80 8.09 8.15 8.64 9.32 9.75 9.54 9.02 8.72 8.52 8.28 8.27 8.32 8.39 8.45 8.67 9.07 9.54 9.96 10.36 10.71 10.81 10.52 9.80 8.77 7.72 6.80 6.05 5.64 5.52 5.47 5.51 5.80 5.98 6.00 6.06 6.41 6.85 7.03 7.23 7.67 8.53 9.44 10.16 10.50 10.35 9.89 9.29 8.47 7.46 6.86 6.98 7.52 8.12 8.63 9.12 9.87 10.48 10.86 11.24 11.65 12.12 12.41 12.12 11.47 10.54 9.79 9.45 8.93 7.78 6.46 5.68 5.48 5.23 4.69 4.36 4.39 4.53 4.63 4.67 4.75 5.09 5.73
9.06 8.36 7.58 7.55 7.91 8.82 9.67 10.05 9.85 9.57 9.41 9.17 9.15 9.24 9.25 9.06 8.89 9.03 9.49 9.97 10.23 10.11 9.53 8.60 7.64 6.79 6.11 5.57 5.24 5.25 5.55 6.11 6.57 6.82 7.09 7.31 7.37 7.49 7.84 7.93 7.95 8.22 9.01 9.70 10.18 10.19 9.79 9.42 9.22 8.91 8.19 7.42 7.23 7.48 7.67 8.04 8.77 9.74 10.48 11.18 11.87 12.53 13.16 13.59 13.90 13.69 13.01 12.28 11.49 10.53 9.34 8.16 7.58 7.22 6.69 6.11 5.90 5.96 5.88 5.53 5.13 4.89 4.84 4.99
8.81 8.33 7.67 7.42 7.53 8.07 9.02 9.80 9.99 9.69 9.22 8.79 8.68 8.78 8.93 8.95 8.70 8.69 8.93 9.05 8.81 8.13 7.17 6.21 5.46 4.93 4.65 4.70 4.94 5.40 6.25 7.15 7.66 7.92 8.07 8.27 8.50 8.61 8.63 8.70 8.81 9.08 9.39 9.69 9.64 9.22 8.70 8.63 9.08 9.43 9.33 8.83 8.12 7.90 7.86 8.19 8.95 9.86 10.41 10.97 11.37 11.93 12.41 12.81 13.47 13.89 13.90 13.83 13.33 12.58 11.97 11.37 10.60 9.47 8.41 7.97 8.00 8.02 7.51 6.66 5.74 5.03 4.58 4.53
9.17 9.02 8.48 7.96 7.80 7.88 8.46 9.34 9.92 9.90 9.32 8.66 8.29 8.12 8.16 8.38 8.28 8.37 8.35 7.82 6.87 5.81 4.92 4.27 3.76 3.46 3.41 3.71 4.45 5.63 6.86 7.64 8.21 8.60 8.83 9.01 9.13 9.11 9.02 9.05 9.31 9.49 9.62 9.43 8.87 8.01 7.71 7.92 8.54 9.44 9.84 9.72 9.29 8.82 8.67 8.78 9.08 9.61 10.02 10.30 10.27 10.10 9.82 10.03 10.89 12.04 13.00 13.78 14.33 14.41 14.45 14.20 13.44 12.32 11.04 10.40 10.05 9.46 8.45 7.03 5.85 5.07 4.57 4.29
9.32 8.98 8.53 8.21 8.05 8.00 8.16 8.83 9.70 10.25 10.20 9.63 9.05 8.53 8.18 8.00 8.05 8.06 7.60 6.55 5.32 4.40 3.81 3.42 3.17 3.07 3.09 3.23 3.80 4.86 5.99 6.72 7.35 7.94 8.44 8.77 8.79 8.79 8.78 8.92 9.17 9.43 9.55 9.27 8.74 7.98 7.57 7.62 7.97 8.62 9.44 9.78 9.84 9.52 9.19 8.86 8.74 8.82 9.10 9.08 8.85 8.37 7.93 7.94 8.46 9.49 10.88 12.21 13.31 14.01 14.52 14.78 14.53 14.06 13.43 12.56 11.32 9.80 8.23 6.86 5.99 5.43 4.86 4.24
8.58 7.78 7.08 7.24 7.52 7.65 7.67 8.02 8.95 9.90 10.40 10.20 9.63 9.03 8.58 8.19 7.98 7.59 6.78 5.77 5.05 4.65 4.13 3.98 3.80 3.85 3.99 3.94 3.91 4.09 4.40 4.86 5.40 6.02 6.65 7.17 7.56 7.86 8.19 8.57 8.75 8.91 8.88 8.61 8.31 7.87 7.35 7.22 7.37 7.74 8.39 9.22 9.55 9.48 9.07 8.45 8.12 7.96 8.08 7.91 7.51 6.93 6.65 6.94 7.53 8.13 8.88 9.73 10.63 11.39 12.03 12.65 13.23 13.57 13.63 13.32 11.94 9.84 8.26 7.41 6.82 6.02 5.10 4.52
7.40 6.63 5.93 6.14 6.44 6.49 6.42 6.72 7.47 8.59 9.51 9.85 9.58 9.06 8.67 8.26 7.83 7.24 6.59 6.49 5.89 5.87 5.77 5.59 5.46 5.54 5.58 5.48 5.13 4.74 4.61 4.58 4.62 4.77 5.14 5.76 6.56 7.12 7.65 8.12 8.20 8.07 7.56 6.81 6.09 5.83 5.87 6.02 6.27 6.87 7.50 8.20 8.78 8.85 8.44 7.91 7.59 7.56 7.50 7.27 6.75 6.07 6.05 6.42 7.01 7.41 7.62 7.84 8.18 8.65 8.80 9.34 10.33 11.37 12.23 12.84 12.56 11.18 9.56 8.55 7.51 6.43 5.64 5.33
7.35 7.00 6.71 6.63 6.26 5.89 5.74 5.80 6.17 7.05 8.23 9.14 9.42 9.12 8.67 8.17 7.70 7.28 7.41 7.04 7.34 7.50 7.61 7.58 7.47 7.40 7.34 7.07 6.69 6.32 6.06 5.80 5.44 5.12 5.11 5.54 6.23 6.76 7.30 7.72 7.72 7.31 6.35 4.98 4.23 4.23 4.65 5.21 5.84 6.42 6.94 7.41 7.89 8.16 7.91 7.71 7.60 7.64 7.47 7.29 6.91 6.45 6.43 6.44 6.52 6.35 6.26 6.51 6.86 7.19 7.37 7.61 8.21 9.15 10.03 11.35 12.47 12.49 11.41 9.75 8.13 7.28 7.05 7.06
8.28 8.40 8.58 8.37 7.81 6.92 6.27 5.90 5.72 5.95 6.75 7.95 8.85 9.08 8.70 8.07 7.68 7.56 7.75 8.16 8.64 9.06 9.41 9.58 9.58 9.35 8.94 8.46 7.88 7.28 6.86 6.63 6.47 6.25 5.97 5.95 6.38 6.88 7.44 7.80 7.71 7.09 6.08 5.05 4.74 5.06 5.70 6.39 6.80 6.96 6.94 7.00 7.33 7.79 7.85 7.83 7.75 7.80 7.66 7.69 7.58 7.31 6.93 6.29 5.78 5.38 5.21 5.53 6.09 6.57 6.91 7.21 7.36 7.83 8.55 9.70 11.34 12.51 12.66 11.83 10.41 9.78 9.64 9.50
8.85 9.23 9.58 9.36 8.89 8.12 7.27 6.48 5.87 5.47 5.58 6.33 7.54 8.39 8.52 8.02 7.67 7.78 8.27 9.05 9.67 10.27 10.80 11.18 11.21 10.97 10.55 9.95 9.13 8.15 7.29 6.87 6.89 7.18 7.41 7.37 7.38 7.70 8.23 8.55 8.57 8.15 7.34 6.81 6.95 7.50 8.13 8.43 8.34 7.70 7.21 6.91 7.14 7.61 7.86 7.88 7.80 7.88 7.87 8.11 8.14 7.88 7.27 6.26 5.37 4.85 4.78 5.08 5.55 5.94 6.41 6.79 6.96 7.12 7.74 8.52 9.74 11.42 12.77 13.58 13.64 13.13 12.39 11.72
