project/data/elevation/US_DEM2016/US_DEM2016_point_10-27-2019_2035_30m_vel.asc
ncols	125
nrows	167
xllcorner	-2042055.000000
yllcorner	1465035.000000
cellsize	30.000000
NODATA_value	-9999.000000
[rows 0 to 37 of 167, columns 0 to 83 of 125]
5.87 5.09 3.95 3.50 4.00 5.52 7.15 8.22 8.55 8.56 8.43 8.43 8.85 9.11 8.75 8.09 7.19 6.70 6.95 7.77 8.42 8.46 8.15 7.87 7.63 7.36 7.10 6.74 6.57 6.37 6.04 5.64 5.28 4.87 4.41 4.15 4.38 5.04 5.84 6.49 6.94 7.26 7.49 7.54 7.25 6.70 6.13 6.11 6.47 6.69 6.44 6.15 5.84 5.68 5.72 5.94 5.98 5.60 5.20 4.87 4.67 4.70 5.09 5.90 6.48 6.73 6.63 6.06 5.18 4.60 4.34 4.30 4.41 4.64 4.92 5.15 5.29 5.68 6.32 6.69 6.78 7.05 7.33 7.05
5.87 5.09 3.95 3.50 4.00 5.52 7.15 8.22 8.55 8.56 8.43 8.43 8.85 9.11 8.75 8.09 7.19 6.70 6.95 7.77 8.42 8.46 8.15 7.87 7.63 7.36 7.10 6.74 6.57 6.37 6.04 5.64 5.28 4.87 4.41 4.15 4.38 5.04 5.84 6.49 6.94 7.26 7.49 7.54 7.25 6.70 6.13 6.11 6.47 6.69 6.44 6.15 5.84 5.68 5.72 5.94 5.98 5.60 5.20 4.87 4.67 4.70 5.09 5.90 6.48 6.73 6.63 6.06 5.18 4.60 4.34 4.30 4.41 4.64 4.92 5.15 5.29 5.68 6.32 6.69 6.78 7.05 7.33 7.05
6.59 5.71 4.33 3.48 3.35 4.25 5.58 6.67 7.42 7.86 8.09 8.11 8.06 8.27 8.37 8.13 7.56 7.15 7.12 7.41 7.84 7.88 7.75 7.65 7.55 7.40 7.08 6.70 6.45 6.29 6.10 5.81 5.48 5.13 4.66 4.21 4.11 4.35 4.85 5.52 6.07 6.44 6.71 6.98 7.12 7.02 6.72 6.47 6.52 6.56 6.38 6.12 5.86 5.57 5.48 5.70 6.00 6.08 5.89 5.46 4.99 4.64 4.71 5.12 5.61 6.06 6.36 6.37 6.05 5.48 5.04 4.78 4.65 4.63 4.71 4.88 4.98 5.10 5.42 6.02 6.25 6.35 6.69 6.98
7.90 6.83 5.06 3.80 2.91 2.75 3.19 3.93 4.88 6.04 7.04 7.12 6.65 6.61 7.40 7.85 7.53 7.24 7.05 6.96 7.06 7.09 7.13 7.17 7.26 7.30 7.07 6.71 6.43 6.35 6.36 6.25 6.03 5.82 5.41 4.79 4.23 3.85 3.64 3.95 4.78 5.47 5.95 6.42 6.89 7.21 7.30 7.08 6.78 6.58 6.43 6.15 5.83 5.37 5.06 4.96 5.25 5.82 6.25 6.37 6.03 5.32 4.66 4.35 4.33 4.71 5.40 6.06 6.39 6.36 6.10 5.70 5.25 4.85 4.59 4.52 4.46 4.24 4.14 4.64 5.08 5.16 5.57 6.59
8.64 7.50 5.62 4.33 3.32 2.57 2.24 2.38 3.03 4.20 5.43 5.89 5.59 5.56 6.54 7.28 6.88 6.40 6.50 6.75 6.88 6.86 6.88 6.83 6.82 6.92 6.95 6.81 6.70 6.75 6.86 6.90 6.82 6.66 6.37 5.85 5.21 4.57 3.84 3.53 4.05 4.92 5.70 6.34 6.67 6.91 7.13 7.24 7.10 6.86 6.74 6.46 5.92 5.35 4.89 4.31 4.12 4.39 5.07 5.91 6.34 6.14 5.44 4.65 4.20 4.06 4.22 4.64 5.20 5.60 5.74 5.64 5.39 5.03 4.67 4.39 4.16 3.88 3.67 3.81 4.07 4.19 4.54 5.65
8.83 7.77 6.00 4.82 3.92 3.10 2.32 1.88 1.95 2.70 3.85 4.72 4.84 4.94 6.05 7.07 6.85 6.01 5.96 6.31 6.59 6.73 6.80 6.61 6.46 6.62 6.80 6.85 6.92 7.11 7.35 7.50 7.47 7.27 6.99 6.61 6.11 5.49 4.68 3.85 3.51 3.80 4.57 5.47 6.12 6.43 6.62 6.86 6.98 7.01 6.99 6.82 6.47 5.84 5.13 4.46 4.13 4.04 4.19 4.66 5.39 5.86 5.70 5.08 4.54 4.17 3.95 3.94 4.14 4.45 4.75 4.93 4.94 4.82 4.59 4.29 4.02 3.77 3.56 3.51 3.52 3.44 3.52 4.40
8.84 7.95 6.37 5.41 4.63 3.83 2.96 2.08 1.59 1.63 2.39 3.45 3.94 4.35 5.47 6.81 7.17 6.39 5.69 5.54 5.88 6.42 6.70 6.53 6.41 6.55 6.72 6.73 6.78 7.05 7.42 7.71 7.73 7.60 7.38 7.14 6.82 6.35 5.64 4.64 3.67 3.20 3.31 3.98 4.89 5.44 5.67 5.90 6.33 6.68 6.87 6.91 6.83 6.71 6.30 5.67 5.35 5.10 4.84 4.69 4.81 5.16 5.33 5.15 4.85 4.53 4.22 4.00 3.97 4.12 4.36 4.58 4.70 4.69 4.56 4.32 4.00 3.70 3.44 3.31 3.24 3.07 2.97 3.42
8.57 7.97 6.88 6.15 5.52 4.62 3.68 2.75 1.98 1.54 1.59 2.19 2.89 3.56 4.60 6.05 6.90 6.56 5.59 4.99 5.16 5.87 6.40 6.52 6.48 6.57 6.71 6.68 6.56 6.70 7.14 7.59 7.82 7.88 7.88 7.94 7.89 7.61 7.02 6.11 4.96 3.82 3.10 2.91 3.38 4.20 4.69 4.99 5.50 6.13 6.47 6.65 6.81 7.20 7.41 7.24 6.77 6.34 5.91 5.48 5.13 5.02 5.09 5.15 5.12 4.96 4.62 4.23 4.05 4.15 4.38 4.61 4.76 4.78 4.69 4.52 4.26 3.88 3.47 3.19 3.03 2.90 2.83 2.98
8.22 7.96 7.53 7.03 6.44 5.61 4.67 3.82 3.08 2.34 1.90 1.87 2.19 2.75 3.61 4.92 6.01 6.15 5.54 4.95 4.90 5.36 5.85 6.17 6.29 6.37 6.60 6.79 6.72 6.61 6.89 7.41 7.88 8.21 8.53 8.92 9.18 9.12 8.75 8.05 7.02 5.75 4.40 3.35 3.10 3.62 4.47 5.04 5.51 5.89 6.09 6.05 6.04 6.40 6.98 7.24 7.01 6.60 6.18 5.81 5.49 5.28 5.18 5.24 5.44 5.53 5.19 4.57 4.13 4.13 4.42 4.72 4.90 4.93 4.90 4.88 4.80 4.56 4.08 3.56 3.22 2.98 2.87 2.74
7.67 7.96 8.16 7.86 7.31 6.67 5.82 5.08 4.44 3.84 3.18 2.63 2.35 2.37 2.78 3.86 5.02 5.57 5.54 5.27 5.16 5.20 5.36 5.69 5.97 6.08 6.26 6.58 6.80 6.82 6.96 7.33 7.81 8.16 8.47 8.86 9.25 9.49 9.54 9.35 8.85 7.99 6.79 5.33 4.10 3.99 4.60 5.37 5.81 5.93 5.94 5.53 5.04 4.65 5.06 5.81 6.21 6.18 6.00 5.80 5.62 5.49 5.28 5.18 5.59 6.05 5.96 5.29 4.53 4.17 4.39 4.87 5.18 5.28 5.34 5.43 5.54 5.54 5.28 4.79 4.28 3.89 3.61 3.45
7.16 7.66 8.44 8.49 8.09 7.62 7.08 6.59 6.10 5.55 4.93 4.18 3.37 2.73 2.56 3.07 4.15 5.02 5.51 5.71 5.74 5.59 5.48 5.63 5.87 5.99 6.00 6.15 6.56 6.96 7.14 7.29 7.45 7.54 7.46 7.44 7.79 8.40 8.94 9.30 9.42 9.21 8.59 7.37 5.75 4.67 4.57 5.25 5.82 5.98 5.91 5.54 4.86 4.25 4.16 4.62 5.30 5.69 5.81 5.83 5.77 5.65 5.40 5.09 5.35 6.17 6.59 6.20 5.39 4.61 4.57 5.15 5.62 5.73 5.83 5.98 6.17 6.27 6.20 5.92 5.50 5.10 4.75 4.39
6.23 6.77 7.80 8.46 8.65 8.49 8.22 7.95 7.70 7.23 6.64 5.91 5.03 3.97 3.17 3.11 3.71 4.52 5.28 5.89 6.21 6.17 5.96 5.88 5.94 6.06 6.12 6.18 6.43 6.79 6.87 6.79 6.69 6.57 6.25 5.98 6.13 6.67 7.33 7.94 8.47 8.96 9.16 8.73 7.51 5.91 5.10 5.31 5.73 5.86 5.72 5.63 5.31 4.77 4.37 4.35 4.75 5.27 5.68 5.92 5.95 5.86 5.66 5.29 5.20 5.85 6.70 6.90 6.36 5.56 5.14 5.47 5.78 5.90 5.96 6.04 6.11 6.15 5.98 5.66 5.23 4.82 4.58 4.43
5.86 5.69 6.03 7.19 8.12 8.48 8.45 8.33 8.28 8.09 7.71 7.19 6.55 5.59 4.55 3.96 3.96 4.27 4.74 5.49 6.16 6.37 6.20 5.98 5.90 5.97 6.07 6.06 5.99 5.96 5.88 5.69 5.54 5.42 5.20 5.05 5.10 5.30 5.55 6.00 6.60 7.37 8.26 8.82 8.61 7.49 6.19 5.85 5.85 5.61 5.30 5.27 5.14 4.90 4.62 4.45 4.55 4.97 5.57 6.04 6.23 6.16 5.96 5.65 5.31 5.47 6.33 7.07 7.07 6.50 5.98 5.88 5.98 6.00 5.91 5.71 5.50 5.31 5.12 4.82 4.30 3.71 3.40 3.47
6.62 5.91 5.10 5.31 6.27 7.14 7.47 7.52 7.46 7.45 7.46 7.37 7.19 6.80 6.10 5.21 4.64 4.38 4.35 4.78 5.59 6.06 6.02 5.76 5.56 5.42 5.33 5.18 4.86 4.59 4.51 4.52 4.60 4.55 4.33 4.21 4.18 4.21 4.26 4.45 4.79 5.33 6.24 7.40 8.21 8.07 7.21 6.56 6.37 5.89 5.25 4.84 4.73 4.76 4.69 4.55 4.53 4.81 5.42 6.10 6.52 6.55 6.24 5.92 5.62 5.56 6.11 6.95 7.39 7.18 6.69 6.39 6.26 6.06 5.76 5.35 4.94 4.79 4.87 4.90 4.57 3.85 3.18 2.97
7.04 6.77 5.72 4.75 4.52 5.15 5.72 5.77 5.55 5.57 5.83 6.16 6.39 6.59 6.61 6.18 5.42 4.82 4.44 4.47 5.00 5.51 5.64 5.44 5.09 4.70 4.41 4.25 4.06 3.85 3.84 4.09 4.45 4.53 4.25 3.91 3.71 3.69 3.73 3.80 3.82 3.97 4.46 5.42 6.63 7.62 7.58 7.23 7.04 6.68 5.86 5.13 4.89 4.96 4.98 4.85 4.69 4.79 5.25 5.93 6.62 6.90 6.75 6.43 6.19 6.16 6.45 7.05 7.62 7.69 7.27 6.81 6.42 6.01 5.65 5.31 5.07 4.92 5.07 5.37 5.37 4.82 4.02 3.50
6.97 6.93 6.36 5.30 4.20 4.02 4.32 4.28 4.01 3.82 3.82 3.95 4.31 4.81 5.58 6.07 5.90 5.36 4.88 4.68 4.88 5.24 5.45 5.36 4.99 4.53 4.19 4.13 4.20 4.11 3.93 4.03 4.57 4.99 4.92 4.63 4.24 3.91 3.89 4.08 4.09 4.02 4.20 4.80 5.76 7.01 7.61 7.77 7.72 7.33 6.58 5.93 5.62 5.59 5.52 5.32 5.06 5.01 5.31 5.88 6.55 7.19 7.45 7.31 7.06 6.99 7.17 7.60 8.16 8.42 8.09 7.37 6.65 6.22 6.00 5.86 5.70 5.49 5.50 5.74 5.88 5.57 4.92 4.42
6.88 6.56 6.10 5.66 4.84 4.34 4.24 4.03 3.65 3.44 3.28 3.14 3.18 3.43 4.13 5.20 5.75 5.69 5.42 5.26 5.29 5.43 5.56 5.55 5.31 4.94 4.65 4.59 4.76 4.86 4.56 4.19 4.40 5.11 5.54 5.61 5.35 4.81 4.50 4.71 4.99 5.09 5.15 5.45 6.07 6.90 7.63 8.24 8.44 8.07 7.27 6.64 6.31 6.16 6.01 5.84 5.64 5.65 5.84 6.14 6.67 7.40 8.00 8.21 8.02 7.71 7.66 7.99 8.58 9.00 8.95 8.37 7.35 6.91 6.87 6.82 6.67 6.42 6.27 6.31 6.32 6.13 5.74 5.37
7.29 6.73 6.03 5.81 5.68 5.39 5.04 4.66 4.37 4.29 4.29 4.20 4.12 3.97 4.04 4.52 5.25 5.68 5.80 5.82 5.80 5.77 5.78 5.80 5.67 5.41 5.19 5.08 5.19 5.51 5.52 4.97 4.60 4.89 5.54 6.10 6.27 5.92 5.40 5.37 5.76 6.00 6.11 6.18 6.32 6.67 7.37 8.28 8.80 8.69 7.94 7.17 6.71 6.52 6.38 6.27 6.28 6.27 6.36 6.54 6.81 7.24 7.80 8.28 8.39 8.08 7.62 7.46 7.94 8.82 9.57 9.75 8.96 8.45 8.36 8.37 8.37 8.16 7.96 7.75 7.46 7.00 6.58 6.25
7.62 7.31 6.61 6.24 6.32 6.43 6.19 5.86 5.75 5.82 5.95 6.03 5.93 5.52 4.97 4.74 5.02 5.54 5.88 6.03 6.10 6.12 6.12 6.11 5.96 5.73 5.56 5.40 5.39 5.78 6.23 6.15 5.68 5.37 5.58 6.26 6.90 6.98 6.66 6.41 6.45 6.59 6.61 6.41 6.08 6.01 6.46 7.40 8.45 8.71 8.39 7.70 7.19 6.88 6.72 6.55 6.52 6.54 6.61 6.60 6.51 6.48 6.70 7.22 7.77 7.90 7.49 6.80 6.67 7.61 9.24 10.16 10.43 10.21 10.04 10.21 10.47 10.53 10.41 10.09 9.57 8.65 7.67 6.93
7.71 7.51 6.87 6.33 6.53 6.76 6.84 6.86 6.96 7.04 7.09 7.09 7.00 6.61 6.06 5.57 5.42 5.63 5.92 6.11 6.28 6.45 6.57 6.59 6.37 6.07 5.90 5.77 5.61 5.80 6.43 6.90 6.95 6.80 6.73 7.02 7.51 7.70 7.56 7.28 7.05 6.85 6.60 6.26 5.87 5.62 5.71 6.34 7.54 8.22 8.30 8.01 7.66 7.31 7.04 6.71 6.58 6.61 6.48 6.27 5.88 5.49 5.35 5.67 6.38 6.95 7.04 6.51 5.79 6.00 7.49 9.04 9.90 10.18 10.39 10.77 11.06 11.21 11.23 11.28 11.17 10.52 9.13 7.70
7.88 7.49 6.65 6.20 6.41 6.84 7.10 7.24 7.35 7.33 7.21 7.15 7.13 6.99 6.75 6.37 6.04 5.92 6.03 6.25 6.50 6.79 7.09 7.26 7.14 6.76 6.54 6.40 6.15 6.09 6.54 7.23 7.69 7.90 7.95 7.91 7.93 7.91 7.72 7.43 7.06 6.64 6.25 5.96 5.75 5.62 5.61 5.98 6.86 7.61 8.08 8.28 8.27 8.06 7.64 7.15 6.83 6.53 6.27 5.84 5.30 4.73 4.25 4.08 4.58 5.09 5.44 5.35 4.71 4.39 4.97 6.28 7.47 8.26 8.88 9.33 9.52 9.64 9.99 10.50 11.20 11.34 10.59 8.80
8.19 7.60 6.80 6.63 6.82 7.08 7.15 7.13 7.09 6.86 6.67 6.59 6.56 6.66 6.73 6.62 6.37 6.15 6.18 6.45 6.84 7.28 7.73 8.07 8.16 7.89 7.57 7.35 7.13 6.94 7.07 7.46 7.82 7.96 7.91 7.76 7.64 7.43 7.21 6.88 6.49 6.19 5.95 5.72 5.62 5.66 5.79 6.16 6.55 7.17 7.70 8.09 8.47 8.75 8.47 7.82 7.13 6.58 6.15 5.54 4.92 4.28 3.50 3.01 3.04 3.22 3.29 3.35 3.05 2.52 2.75 3.51 4.47 5.21 5.83 6.41 6.43 6.60 7.10 7.78 9.40 11.01 11.37 10.28
7.92 7.79 7.75 7.72 7.55 7.39 7.11 6.83 6.49 6.31 6.19 6.03 5.93 6.01 6.21 6.35 6.31 6.22 6.31 6.58 7.00 7.49 7.98 8.45 8.68 8.65 8.44 8.24 8.05 7.84 7.62 7.47 7.38 7.25 6.97 6.70 6.67 6.62 6.49 6.16 5.80 5.74 5.72 5.71 5.70 5.69 5.89 6.07 6.28 6.73 7.10 7.54 8.10 8.63 8.78 8.36 7.58 6.82 6.17 5.60 4.98 4.21 3.55 3.02 2.73 2.63 2.49 2.33 1.99 1.46 1.29 1.70 2.47 3.11 3.44 3.96 4.30 4.70 5.15 5.72 7.20 9.40 10.91 10.92
7.14 7.56 8.13 8.19 7.97 7.62 7.14 6.72 6.17 5.96 5.91 5.70 5.54 5.54 5.69 5.95 6.11 6.19 6.30 6.34 6.41 6.62 7.04 7.64 8.12 8.41 8.46 8.37 8.22 7.95 7.51 6.97 6.47 6.24 6.04 5.80 5.74 5.81 5.78 5.65 5.53 5.55 5.63 5.77 5.79 5.83 5.95 5.93 5.98 6.17 6.35 6.61 7.06 7.69 8.24 8.39 8.04 7.38 6.64 6.12 5.59 4.87 4.26 3.72 3.22 2.91 2.75 2.55 2.21 1.67 1.14 0.93 1.25 1.86 2.16 2.44 2.97 3.70 4.11 4.41 5.48 7.29 9.40 10.55
6.30 6.83 7.68 8.07 8.11 7.73 7.17 6.64 6.14 5.82 5.67 5.43 5.26 5.23 5.36 5.63 5.91 6.06 6.09 5.92 5.63 5.48 5.63 6.08 6.80 7.40 7.73 7.77 7.63 7.31 6.81 6.22 5.69 5.41 5.25 5.10 5.11 5.28 5.35 5.38 5.49 5.66 5.83 5.82 5.91 6.14 6.16 6.08 5.88 5.70 5.76 5.99 6.32 6.79 7.43 8.04 8.30 8.12 7.55 6.96 6.47 5.95 5.41 4.86 4.30 3.83 3.61 3.38 2.97 2.46 1.81 1.23 1.04 1.27 1.44 1.51 1.87 2.49 2.90 3.15 3.91 5.24 7.41 9.58
5.57 5.77 6.59 7.51 8.10 8.10 7.44 6.58 6.07 5.71 5.42 5.20 5.01 4.96 5.14 5.44 5.77 5.97 6.02 5.91 5.70 5.54 5.56 5.78 6.22 6.65 6.93 6.96 6.82 6.57 6.23 5.86 5.42 5.07 4.83 4.77 4.96 5.22 5.24 5.21 5.46 5.86 5.99 6.01 6.09 6.28 6.47 6.45 6.10 5.66 5.42 5.47 5.69 6.11 6.81 7.60 8.32 8.69 8.57 8.04 7.48 7.01 6.51 5.98 5.48 5.08 4.75 4.35 3.82 3.27 2.75 2.15 1.70 1.55 1.43 1.21 1.17 1.44 1.71 1.99 2.60 3.65 5.41 7.91
5.15 5.16 5.64 6.67 7.88 8.56 8.29 7.24 6.46 5.99 5.58 5.34 5.19 5.09 5.17 5.44 5.76 6.08 6.31 6.39 6.41 6.43 6.50 6.56 6.49 6.42 6.40 6.33 6.20 6.15 6.01 5.78 5.53 5.35 5.16 5.00 5.07 5.41 5.51 5.30 5.37 5.69 5.98 6.14 6.15 6.30 6.59 6.75 6.55 6.00 5.31 4.88 4.93 5.41 6.20 7.20 8.12 8.87 9.20 9.02 8.57 8.10 7.70 7.32 6.93 6.45 5.94 5.52 5.07 4.60 3.99 3.38 2.79 2.42 2.06 1.64 1.39 1.32 1.23 1.25 1.65 2.47 3.74 5.81
4.98 4.90 5.04 5.82 7.14 8.49 8.99 8.43 7.52 6.91 6.48 6.12 6.00 5.88 5.75 5.70 5.85 6.16 6.53 6.78 6.88 6.87 6.79 6.64 6.38 6.13 6.03 5.91 5.75 5.80 5.96 5.96 5.80 5.79 5.81 5.68 5.48 5.64 5.93 5.75 5.46 5.49 5.80 5.99 6.02 6.14 6.44 6.84 7.01 6.65 5.68 4.75 4.43 4.77 5.60 6.64 7.61 8.53 9.08 9.20 9.11 8.94 8.98 9.07 8.84 8.38 7.69 7.06 6.71 6.30 5.54 4.68 4.03 3.59 3.15 2.63 2.21 1.90 1.58 1.30 1.26 1.62 2.51 3.99
4.96 4.60 4.36 4.83 5.86 7.65 8.88 9.06 8.39 7.69 7.23 6.80 6.59 6.52 6.38 6.11 5.92 5.98 6.25 6.48 6.55 6.41 6.12 5.80 5.60 5.53 5.61 5.64 5.56 5.65 5.94 6.21 6.26 6.16 6.23 6.32 6.16 6.04 6.30 6.25 5.87 5.61 5.73 5.73 5.74 5.80 6.03 6.57 7.22 7.40 6.73 5.47 4.51 4.39 4.90 5.90 6.99 7.94 8.48 8.74 8.74 8.80 9.21 9.72 10.21 10.26 9.75 9.02 8.37 7.83 7.15 6.30 5.65 5.02 4.44 3.92 3.47 3.03 2.60 2.13 1.64 1.42 1.71 2.60
5.33 4.89 4.37 4.30 4.84 6.28 7.99 8.90 8.78 8.08 7.33 6.68 6.31 6.21 6.22 6.10 5.83 5.71 5.69 5.65 5.61 5.45 5.19 4.96 4.89 4.95 5.13 5.31 5.36 5.54 5.96 6.38 6.59 6.63 6.62 6.73 6.79 6.66 6.61 6.64 6.43 6.11 5.79 5.56 5.35 5.23 5.30 5.86 6.91 7.71 7.73 6.87 5.40 4.64 4.76 5.54 6.58 7.47 7.86 7.99 7.84 7.92 8.35 9.06 9.96 10.58 10.66 10.48 10.05 9.56 9.16 8.72 8.05 7.00 5.98 5.41 5.02 4.60 3.99 3.35 2.59 1.87 1.48 1.71
5.84 5.73 5.31 4.72 4.56 5.30 6.84 8.26 8.85 8.57 7.70 6.79 6.14 5.76 5.69 5.76 5.61 5.52 5.29 4.95 4.73 4.64 4.53 4.45 4.46 4.56 4.66 4.63 4.65 5.03 5.65 6.10 6.50 6.79 6.93 7.04 7.08 6.96 6.82 6.78 6.71 6.37 6.02 5.62 5.14 4.65 4.56 5.00 5.96 7.25 7.99 7.83 6.73 5.52 5.23 5.57 6.21 6.89 7.22 7.27 7.03 6.63 6.43 6.86 7.88 9.13 10.08 10.65 10.95 10.88 10.82 10.72 10.36 9.53 8.25 7.34 6.69 6.05 5.27 4.31 3.43 2.62 1.93 1.55
5.78 5.79 5.76 5.29 4.74 4.79 5.80 7.33 8.53 8.96 8.59 7.72 6.88 6.17 5.76 5.56 5.49 5.36 5.02 4.65 4.48 4.47 4.47 4.44 4.42 4.52 4.52 4.13 3.69 3.83 4.48 5.01 5.49 6.02 6.46 6.76 6.82 6.81 6.72 6.66 6.55 6.32 6.11 5.86 5.51 4.91 4.44 4.42 4.97 6.04 7.36 7.96 7.59 6.40 5.70 5.54 5.74 6.15 6.52 6.60 6.41 5.71 5.09 5.09 5.69 6.88 8.30 9.40 10.15 10.54 10.80 11.13 11.31 11.12 10.42 9.40 8.26 7.10 5.99 4.97 4.15 3.47 2.82 2.14
5.27 5.07 4.93 4.84 4.53 4.32 4.81 6.07 7.55 8.60 8.92 8.45 7.61 6.79 6.21 5.77 5.50 5.22 4.93 4.78 4.83 5.09 4.93 4.87 4.72 4.81 4.83 4.33 3.52 3.06 3.19 3.58 3.94 4.46 5.11 5.67 6.03 6.22 6.33 6.44 6.30 6.06 5.80 5.64 5.54 5.22 4.56 4.06 4.13 4.83 6.04 7.39 7.63 6.83 5.91 5.40 5.35 5.58 6.03 6.29 6.06 5.04 4.12 4.03 4.50 5.39 6.44 7.29 8.10 8.65 8.98 9.52 10.31 10.87 10.97 10.75 9.80 8.17 6.72 5.80 5.13 4.43 3.72 3.07
5.53 4.94 4.14 3.85 3.72 3.46 3.53 4.48 5.86 7.33 8.31 8.49 7.93 7.09 6.44 5.92 5.52 5.25 5.20 5.73 5.57 5.80 5.89 5.73 5.51 5.56 5.57 5.23 4.39 3.49 3.23 3.29 3.31 3.46 3.95 4.63 5.26 5.57 5.87 6.15 6.13 5.86 5.32 4.77 4.38 4.25 3.96 3.38 3.13 3.69 4.77 6.27 7.15 6.76 5.80 5.27 5.14 5.41 5.94 6.43 6.17 4.73 3.60 3.26 3.58 4.36 5.18 5.70 6.25 6.75 6.60 6.92 8.01 9.24 10.23 11.03 11.12 9.96 8.17 6.91 6.03 5.33 4.67 4.05
6.59 5.77 4.56 3.96 3.47 3.07 2.91 3.26 4.22 5.65 7.09 8.02 8.08 7.39 6.61 6.01 5.63 5.51 6.06 6.00 6.42 6.72 6.91 6.85 6.67 6.61 6.59 6.26 5.57 4.68 4.12 3.97 3.83 3.62 3.70 4.14 4.71 5.07 5.45 5.89 6.10 5.94 5.27 4.22 3.60 3.43 3.27 2.88 2.62 2.86 3.69 5.17 6.46 6.51 5.65 5.28 5.22 5.53 6.15 6.87 6.65 5.22 3.91 3.10 2.93 3.22 3.95 4.58 5.16 5.70 5.54 5.40 6.23 7.55 8.52 9.88 11.20 11.28 10.06 8.29 6.92 6.29 5.90 5.34
7.28 6.63 5.71 5.23 4.76 4.06 3.44 3.15 3.37 4.24 5.52 6.93 7.74 7.62 6.86 6.11 5.76 5.78 6.09 6.59 7.07 7.48 7.84 8.00 7.99 7.88 7.66 7.27 6.60 5.62 4.76 4.47 4.53 4.46 4.25 4.19 4.46 4.84 5.33 5.86 6.31 6.35 5.75 4.74 4.05 3.75 3.63 3.48 3.14 2.98 3.20 4.30 5.84 6.29 5.67 5.38 5.33 5.66 6.32 7.16 7.09 6.04 4.59 3.33 2.60 2.46 2.90 3.59 4.30 5.09 5.19 4.94 5.37 6.42 7.05 8.02 9.89 11.25 11.36 10.31 8.84 8.16 7.73 7.07
7.31 7.02 6.49 6.17 5.90 5.36 4.63 3.86 3.46 3.58 4.23 5.34 6.65 7.26 6.98 6.25 5.82 5.85 6.30 6.88 7.38 7.89 8.38 8.79 8.94 8.93 8.78 8.46 7.81 6.69 5.40 4.67 4.67 5.00 5.24 5.13 4.95 5.10 5.56 6.11 6.80 7.13 6.72 5.91 5.28 4.92 4.85 4.73 4.36 3.65 3.36 3.75 5.26 6.01 5.69 5.42 5.38 5.72 6.34 7.20 7.39 6.68 5.35 3.97 2.83 2.24 2.28 2.81 3.47 4.33 4.76 4.58 4.93 5.70 6.03 6.47 7.92 9.98 11.31 11.63 11.20 10.56 9.78 8.89
7.10 7.03 6.67 6.35 6.12 5.76 5.27 4.57 3.93 3.57 3.67 4.23 5.23 6.31 6.63 6.26 5.79 5.65 5.95 6.48 6.96 7.42 7.93 8.44 8.79 9.04 9.24 9.33 9.02 8.07 6.62 5.32 4.78 4.98 5.39 5.67 5.69 5.64 5.78 6.31 7.22 7.96 8.23 7.66 6.81 6.24 5.95 5.60 5.09 4.35 3.68 3.66 4.60 5.61 5.62 5.41 5.39 5.77 6.32 7.07 7.44 7.14 6.24 5.09 3.83 2.83 2.33 2.39 2.81 3.63 4.18 4.07 4.44 5.22 5.32 5.34 6.31 8.06 9.94 10.99 11.43 11.42 11.04 10.28
