project/data/elevation/US_DEM2016/US_DEM2016_point_10-28-2019_1351_30m_vel.asc
ncols	125
nrows	167
xllcorner	-2042055.000000
yllcorner	1465035.000000
cellsize	30.000000
NODATA_value	-9999.000000
[rows 74 to 110 of 167, columns 0 to 82 of 125]
8.77 8.40 7.95 7.90 8.03 8.10 8.19 8.65 9.58 10.59 11.29 11.60 11.55 11.20 10.80 10.77 11.34 12.36 12.99 12.91 13.40 12.79 11.94 11.33 10.49 10.20 10.30 10.44 10.35 10.09 9.81 9.62 9.34 9.12 8.84 8.64 8.57 8.40 8.15 8.07 8.25 8.40 8.44 8.60 8.85 8.95 8.99 8.93 8.56 8.21 8.04 8.15 8.42 8.58 8.50 8.48 8.61 8.86 9.22 9.61 10.04 10.48 10.53 10.08 9.00 7.71 6.90 6.89 6.80 6.25 5.70 5.51 5.63 6.05 6.86 7.83 8.94 10.46 12.48 14.14 15.04 15.28 14.95
8.81 8.50 8.17 8.19 8.31 8.37 8.54 9.22 10.45 11.34 11.74 11.83 11.85 11.86 11.86 12.10 12.62 13.19 13.22 12.93 12.60 12.16 11.41 10.53 9.86 9.58 9.58 9.84 10.01 9.92 9.63 9.24 8.59 8.10 7.92 8.04 8.21 8.21 8.10 8.03 7.99 8.06 8.22 8.43 8.48 8.14 7.70 7.15 6.89 6.76 6.77 7.07 7.53 7.85 7.98 8.12 8.32 8.46 8.61 8.90 9.36 9.65 9.23 7.98 6.54 5.64 5.49 5.93 6.37 6.39 6.22 6.28 6.69 7.46 8.55 9.72 11.00 12.52 13.74 14.14 13.25 11.69 10.55
8.88 8.65 8.45 8.51 8.72 9.06 9.72 10.53 10.94 10.78 10.37 10.12 10.42 11.18 11.89 12.57 13.11 13.02 12.49 11.82 11.32 10.85 10.40 9.96 9.60 9.35 9.12 9.20 9.51 9.68 9.58 9.25 8.55 8.02 7.96 8.13 8.21 8.03 7.68 7.35 7.22 7.49 7.97 8.14 8.08 7.86 7.69 7.41 7.19 7.18 7.21 7.22 7.18 7.30 7.64 7.99 8.26 8.29 8.34 8.54 8.71 8.39 7.34 6.20 5.54 5.41 5.77 6.20 6.77 7.34 7.76 8.24 9.17 10.33 11.47 12.66 13.82 14.53 14.28 13.12 11.07 8.47 7.18
8.94 8.70 8.55 8.65 8.98 9.66 10.22 10.31 9.76 8.81 8.22 8.44 9.31 10.55 11.61 12.37 12.33 12.41 11.63 10.83 10.28 9.95 9.73 9.58 9.43 9.26 8.98 8.95 9.16 9.51 9.77 9.79 9.47 9.25 9.14 8.97 8.58 7.99 7.51 7.35 7.53 7.85 8.00 7.81 7.63 7.50 7.45 7.27 7.05 6.95 6.89 6.82 6.77 7.06 7.58 8.06 8.40 8.56 8.68 8.71 8.36 7.42 6.47 6.18 6.42 6.89 7.24 7.63 8.36 9.47 10.24 11.15 12.45 13.65 14.52 15.20 15.49 15.04 13.67 12.50 10.96 8.97 7.55
8.87 8.41 8.13 8.31 8.59 9.06 9.13 8.68 8.08 7.79 7.95 8.61 9.69 10.92 11.83 12.33 12.25 11.66 10.88 10.19 9.68 9.35 9.16 9.08 9.00 8.83 8.62 8.65 8.81 9.12 9.61 9.99 10.09 9.98 9.75 9.34 8.73 8.06 7.74 7.67 7.65 7.48 7.21 6.94 6.74 6.51 6.13 5.77 5.66 5.66 5.76 6.02 6.55 7.24 7.86 8.34 8.75 8.92 8.85 8.46 7.74 6.87 6.59 7.05 7.92 8.55 9.11 9.99 11.21 11.94 12.53 13.37 14.62 14.87 14.69 15.18 14.51 13.46 12.45 11.95 11.59 10.76 9.63
8.65 7.99 7.58 7.79 7.92 8.06 8.10 8.10 8.32 8.76 9.31 10.07 11.09 12.00 12.47 12.40 11.87 11.08 10.36 9.76 9.24 8.84 8.59 8.50 8.38 8.15 7.94 7.95 7.93 8.12 8.44 9.10 9.53 9.58 9.37 9.01 8.48 7.93 7.54 7.17 6.77 6.37 6.14 6.18 6.10 5.85 5.46 5.25 5.45 5.88 6.41 7.08 7.84 8.35 8.53 8.56 8.52 8.21 7.63 6.92 6.38 6.33 6.83 7.87 9.04 10.11 11.34 12.44 12.91 13.09 13.20 13.55 13.53 14.07 13.61 12.98 11.70 11.10 10.67 10.88 11.32 11.45 11.05
8.37 7.82 7.55 7.88 8.07 8.18 8.40 8.82 9.45 10.01 10.66 11.50 12.42 12.78 12.61 11.93 11.01 10.19 9.54 9.03 8.60 8.30 8.07 7.90 7.75 7.55 7.24 6.88 6.46 6.48 6.63 7.21 7.98 8.50 8.62 8.48 8.18 7.93 7.59 7.17 6.83 6.68 6.71 6.88 6.81 6.63 6.48 6.58 6.95 7.58 8.25 8.77 9.07 9.10 8.76 8.43 7.96 7.33 6.72 6.29 6.24 6.68 7.56 8.84 10.17 11.58 12.69 12.94 12.60 12.24 12.14 12.16 12.01 11.37 10.87 10.61 10.30 9.92 9.58 9.46 9.91 10.73 11.10
8.18 7.94 7.98 8.47 8.78 8.94 9.16 9.60 10.21 10.85 11.60 12.33 12.74 12.56 11.80 10.78 9.83 8.95 8.34 7.90 7.64 7.58 7.58 7.46 7.36 7.17 6.72 5.87 5.19 4.96 4.91 5.22 6.03 7.04 7.68 8.07 8.19 8.40 8.41 8.38 8.43 8.56 8.73 8.67 8.46 8.27 8.20 8.44 8.82 8.99 9.00 8.93 8.83 8.67 8.55 8.44 8.31 8.34 8.32 8.21 8.25 8.56 9.20 10.25 11.35 12.23 12.26 11.39 10.74 10.72 10.85 10.81 10.50 9.85 9.60 9.58 9.65 9.66 9.38 8.91 8.83 9.30 10.13
8.37 8.34 8.39 8.59 8.85 9.17 9.57 10.08 10.72 11.40 12.03 12.36 12.17 11.43 10.43 9.59 8.86 8.12 7.47 7.07 6.93 6.87 6.77 6.88 7.00 6.94 6.60 5.85 4.81 4.35 4.28 4.65 5.24 5.90 6.79 7.63 8.15 8.61 8.92 9.30 9.69 9.98 10.03 9.80 9.51 9.36 9.34 9.45 9.52 9.19 8.76 8.63 8.78 8.89 8.80 8.79 8.95 9.35 9.59 9.73 9.90 10.17 10.66 11.27 11.89 11.87 10.94 9.99 9.78 10.09 10.29 10.15 9.64 9.26 9.13 9.17 9.31 9.50 9.31 9.05 8.64 8.51 8.83
8.72 8.77 8.65 8.47 8.63 9.13 9.75 10.41 11.07 11.59 11.88 11.78 11.20 10.31 9.46 8.81 8.25 7.67 7.10 6.69 6.44 6.19 5.98 6.11 6.50 6.79 6.85 6.67 6.04 5.61 5.65 5.98 6.07 6.18 6.58 7.29 7.81 8.28 8.83 9.47 9.91 9.98 9.83 9.54 9.39 9.44 9.53 9.55 9.50 9.33 9.34 9.53 9.61 9.48 9.11 9.00 9.06 9.23 9.57 9.97 10.39 10.77 11.16 11.42 11.49 10.96 10.12 9.89 10.06 10.14 10.01 9.58 8.88 8.29 7.99 8.14 8.43 8.66 8.77 8.75 8.49 8.09 7.81
8.79 8.84 8.79 8.71 8.91 9.41 10.02 10.66 11.15 11.38 11.32 10.92 10.22 9.44 8.77 8.21 7.68 7.17 6.70 6.29 5.89 5.55 5.44 5.71 6.34 7.00 7.54 8.06 8.46 8.58 8.50 8.19 7.78 7.46 7.33 7.46 7.92 8.59 9.27 9.64 9.49 9.11 8.92 9.01 9.11 9.33 9.59 9.86 10.19 10.48 10.46 10.29 9.93 9.54 9.16 9.08 9.13 9.35 9.83 10.22 10.60 10.85 10.96 10.91 10.65 10.17 9.83 10.02 10.11 9.91 9.50 8.65 7.89 6.98 6.34 6.33 6.68 7.02 7.38 7.69 7.79 7.61 7.20
8.72 8.76 8.88 9.11 9.48 9.94 10.36 10.71 10.94 10.91 10.65 10.13 9.45 8.78 8.18 7.60 7.00 6.40 5.90 5.56 5.40 5.47 5.81 6.41 7.19 7.88 8.54 9.26 9.99 10.42 10.40 9.89 9.22 8.70 8.41 8.29 8.84 9.63 9.75 9.35 8.70 8.43 8.68 9.04 9.21 9.53 10.11 10.64 11.09 11.34 11.16 10.59 10.03 9.64 9.26 9.19 9.39 9.74 10.06 10.17 10.24 10.24 10.21 10.19 9.94 9.65 9.42 9.51 9.41 9.20 8.93 8.08 7.70 6.76 5.80 5.47 5.29 5.20 5.39 5.80 6.36 6.68 6.67
8.78 8.86 9.09 9.48 9.93 10.21 10.27 10.29 10.41 10.40 10.12 9.59 8.93 8.25 7.60 6.91 6.14 5.43 5.08 5.10 5.41 6.02 6.77 7.51 8.23 8.81 9.27 9.66 10.07 10.42 10.53 10.42 10.03 9.50 9.17 9.10 9.43 9.63 9.11 8.40 8.05 8.17 8.40 8.62 8.83 9.40 10.09 10.62 10.86 11.04 11.07 10.82 10.46 10.05 9.54 9.36 9.42 9.42 9.36 9.35 9.22 9.15 9.32 9.56 9.55 9.31 8.95 8.74 8.60 8.57 8.56 8.62 8.57 8.22 7.23 6.20 5.36 4.75 4.40 4.45 4.79 5.23 5.49
8.89 8.99 9.20 9.48 9.66 9.62 9.55 9.66 9.94 10.11 9.83 9.23 8.50 7.72 6.83 5.98 5.41 5.23 5.45 5.75 6.12 6.62 7.27 7.99 8.68 9.15 9.35 9.35 9.31 9.33 9.63 10.06 10.29 10.18 9.90 9.56 9.13 8.53 7.96 7.76 7.71 7.66 7.52 7.58 8.10 8.83 9.41 9.44 9.32 9.43 9.59 9.81 9.95 9.94 9.74 9.46 9.17 8.85 8.68 8.65 8.64 8.81 9.14 9.40 9.43 9.16 8.80 8.52 8.34 8.42 8.66 9.04 9.41 9.68 9.62 8.73 7.66 6.68 6.03 5.58 5.14 4.88 4.89
8.88 8.93 9.00 9.03 8.93 8.87 9.14 9.70 10.12 10.08 9.54 8.75 7.91 6.99 6.08 5.67 5.88 6.54 6.93 7.10 7.16 7.32 7.73 8.26 8.69 8.88 8.82 8.72 8.72 8.73 8.96 9.43 9.99 10.28 10.26 9.79 8.80 7.94 7.52 7.55 7.44 7.27 7.23 7.45 7.89 8.30 8.41 7.87 7.22 6.92 7.05 7.32 7.75 8.28 8.62 8.83 8.83 8.74 8.73 8.85 9.03 9.23 9.31 9.29 9.22 9.04 8.78 8.58 8.46 8.61 8.99 9.28 9.63 10.14 10.68 10.81 10.45 9.89 9.31 8.58 7.64 6.91 6.90
8.85 8.84 8.84 8.85 8.84 9.12 9.71 10.23 10.29 9.79 8.85 7.82 6.88 6.04 5.67 5.93 6.66 7.32 7.69 7.89 7.98 8.11 8.33 8.44 8.31 8.03 7.87 8.04 8.45 8.78 8.93 9.03 9.22 9.56 9.78 9.67 8.89 8.17 7.71 7.66 7.65 7.75 7.85 7.92 7.97 7.98 7.74 6.89 5.89 5.48 5.43 5.52 5.86 6.57 7.43 8.15 8.60 8.84 9.03 9.27 9.43 9.31 9.04 8.85 8.85 8.80 8.59 8.51 8.55 8.73 8.96 9.11 9.23 9.52 10.04 10.68 11.06 11.20 11.15 10.88 10.41 9.97 9.64
8.88 8.86 8.90 9.06 9.33 9.81 10.26 10.30 9.79 8.79 7.59 6.34 5.32 4.83 4.86 5.29 5.80 6.33 7.01 7.61 8.11 8.43 8.45 8.06 7.44 7.03 7.10 7.52 7.90 8.12 8.25 8.25 8.29 8.60 9.09 9.38 9.04 8.54 8.17 8.18 8.29 8.42 8.44 8.45 8.38 8.26 8.02 7.45 6.74 6.27 6.17 6.44 7.09 7.85 8.45 8.72 8.83 8.92 9.06 9.16 9.09 8.75 8.47 8.41 8.52 8.46 8.19 8.20 8.35 8.45 8.51 8.60 8.45 8.17 8.25 8.74 9.49 10.10 10.58 10.96 11.12 11.12 11.01
8.93 8.92 9.00 9.27 9.70 10.13 10.18 9.67 8.64 7.29 6.03 4.99 4.35 4.08 4.04 4.16 4.49 5.00 5.67 6.48 7.21 7.71 7.70 7.33 6.98 6.89 7.03 7.17 7.04 6.82 6.81 6.93 7.21 7.72 8.40 8.94 8.95 8.60 8.37 8.54 8.66 8.75 8.88 9.20 9.28 9.23 9.12 8.95 8.86 8.76 8.59 8.96 9.56 9.92 9.88 9.40 9.02 8.83 8.71 8.52 8.27 8.03 7.89 7.99 8.13 8.01 7.74 7.80 7.90 7.91 7.92 7.93 7.63 7.10 6.82 7.01 7.51 8.01 8.53 9.17 9.78 10.16 10.27
8.97 8.99 9.11 9.46 9.89 10.01 9.53 8.51 7.21 5.99 5.07 4.55 4.36 4.35 4.37 4.37 4.50 4.77 5.15 5.68 6.25 6.62 6.79 7.00 7.26 7.45 7.55 7.44 7.18 6.99 6.92 6.99 7.25 7.57 7.90 8.30 8.52 8.45 8.44 8.70 8.88 9.10 9.47 10.04 10.22 10.19 10.09 10.04 10.19 10.48 10.67 10.70 10.53 10.04 9.41 9.02 8.83 8.60 8.24 7.79 7.37 7.19 7.24 7.47 7.76 7.85 7.77 7.74 7.65 7.56 7.52 7.51 7.26 6.73 6.26 6.08 6.31 6.53 6.65 6.95 7.49 8.03 8.21
9.03 9.08 9.24 9.54 9.68 9.29 8.32 7.08 5.97 5.21 4.80 4.69 4.82 5.14 5.47 5.71 5.80 5.84 6.07 6.49 6.90 7.14 7.31 7.54 7.72 8.00 8.46 8.85 9.06 9.08 8.98 8.92 8.92 8.76 8.19 7.94 8.18 8.47 8.82 9.18 9.43 9.78 10.24 10.67 10.64 10.48 10.34 10.34 10.54 10.90 11.08 10.93 10.38 9.49 8.84 8.78 8.75 8.47 7.93 7.33 6.87 6.73 7.00 7.48 7.99 8.29 8.30 8.11 7.76 7.55 7.43 7.42 7.21 6.61 5.81 5.15 5.01 5.02 4.94 5.10 5.56 6.09 6.20
9.06 9.10 9.18 9.15 8.70 7.75 6.55 5.58 4.97 4.70 4.76 5.06 5.47 5.97 6.60 7.27 7.77 8.08 8.44 8.87 9.17 9.22 8.99 8.57 8.24 8.42 9.20 9.84 10.12 10.09 9.94 9.76 9.50 9.06 8.28 7.95 8.22 8.79 9.41 9.84 10.13 10.39 10.60 10.65 10.35 10.12 10.11 10.29 10.57 10.80 10.68 10.50 10.39 10.25 9.90 9.43 8.96 8.52 8.12 7.77 7.55 7.52 7.76 8.16 8.53 8.65 8.47 8.19 7.86 7.80 7.82 7.69 7.24 6.30 5.12 4.18 3.85 3.69 3.62 3.81 4.11 4.42 4.69
9.05 9.05 8.90 8.40 7.44 6.30 5.35 4.78 4.58 4.73 5.21 5.87 6.55 7.26 8.03 8.88 9.59 10.25 10.78 10.99 10.81 10.33 9.62 8.95 8.59 8.81 9.34 9.41 9.01 8.67 8.39 8.21 8.09 7.93 7.84 8.09 8.58 9.20 9.83 10.19 10.32 10.31 10.12 9.80 9.61 9.52 9.68 9.97 10.26 10.47 10.35 10.22 10.27 10.39 10.27 9.70 9.07 8.61 8.35 8.24 8.28 8.45 8.62 8.82 8.90 8.72 8.32 8.09 8.10 8.46 8.59 8.22 7.46 6.24 4.89 4.05 3.72 3.45 3.31 3.46 3.65 3.75 3.92
9.08 9.01 8.64 7.97 7.18 6.47 5.91 5.57 5.51 5.80 6.34 7.04 7.84 8.68 9.52 10.28 10.94 11.42 11.51 11.15 10.37 9.46 8.80 8.64 8.86 9.26 9.40 8.86 7.99 7.49 7.31 7.36 7.60 7.66 7.84 8.35 8.94 9.45 9.85 10.03 9.98 9.71 9.27 8.87 8.75 8.84 9.00 9.22 9.33 9.21 9.20 9.26 9.35 9.34 9.19 9.02 8.74 8.41 8.16 8.05 8.19 8.60 8.96 9.22 9.20 8.95 8.62 8.49 8.64 8.96 8.98 8.48 7.77 6.97 5.89 5.15 4.63 4.12 4.00 4.17 4.24 4.18 4.25
9.02 8.87 8.42 8.01 7.73 7.42 7.18 7.14 7.32 7.54 7.81 8.32 9.08 9.97 10.80 11.32 11.50 11.27 10.56 9.49 8.43 7.74 7.72 8.21 8.89 9.62 9.86 9.61 9.22 9.04 9.00 9.02 8.92 8.63 8.47 8.69 9.02 9.36 9.55 9.58 9.27 8.79 8.38 8.18 8.12 8.21 8.41 8.48 8.04 7.39 7.10 7.26 7.57 7.69 7.77 7.98 8.13 8.08 7.98 8.00 8.24 8.70 9.04 9.15 9.03 8.82 8.69 8.69 8.70 8.74 8.64 8.24 8.09 8.00 7.57 6.82 6.10 5.38 5.55 5.86 5.83 5.65 5.86
8.82 8.58 8.25 8.16 8.17 8.21 8.33 8.62 9.03 9.31 9.51 9.82 10.43 11.15 11.54 11.49 10.97 10.04 8.90 7.86 7.20 7.03 7.39 8.06 8.87 9.91 10.43 10.68 10.77 10.77 10.66 10.38 9.96 9.47 9.07 8.96 9.00 9.15 9.20 8.94 8.36 7.85 7.71 7.83 7.97 8.21 8.47 8.38 7.54 6.59 6.10 6.00 5.87 6.09 6.69 7.37 7.88 8.07 8.08 8.18 8.49 8.84 8.87 8.72 8.48 8.32 8.23 8.16 8.08 8.10 8.03 8.00 8.49 9.06 9.26 8.97 8.32 7.74 8.12 8.40 8.30 8.19 8.51
8.69 8.50 8.30 8.40 8.75 9.23 9.73 10.16 10.50 10.73 10.88 11.08 11.38 11.54 11.28 10.57 9.59 8.52 7.61 7.09 7.21 7.67 8.23 8.75 9.45 10.20 10.43 10.34 10.35 10.34 10.20 9.99 9.80 9.61 9.22 9.00 8.95 8.86 8.56 8.07 7.70 7.78 8.02 8.25 8.47 8.80 9.01 8.91 8.35 7.76 7.33 6.90 6.31 6.48 7.13 7.74 8.14 8.39 8.54 8.66 8.77 8.89 8.78 8.59 8.41 8.22 7.99 7.85 7.88 8.04 8.10 8.29 8.95 9.62 10.15 10.43 10.52 10.54 10.77 10.90 10.76 10.57 10.50
8.71 8.60 8.47 8.65 9.19 9.85 10.39 10.76 10.93 11.03 11.14 11.27 11.27 10.91 10.13 9.12 8.10 7.22 6.64 6.66 7.44 8.30 8.92 9.37 9.88 10.15 9.77 9.10 8.73 8.62 8.64 8.85 9.13 9.29 9.08 8.86 8.66 8.28 7.82 7.61 7.97 8.63 8.92 9.00 9.08 9.28 9.39 9.32 9.10 9.14 9.13 8.90 8.53 8.32 8.35 8.31 8.38 8.67 9.02 9.20 9.22 9.25 9.11 8.98 8.80 8.59 8.42 8.49 8.76 8.81 8.71 8.75 9.03 9.36 9.86 10.57 11.27 11.73 11.89 11.79 11.41 11.02 10.55
8.65 8.58 8.47 8.63 9.00 9.44 9.72 9.85 9.90 10.00 10.19 10.34 10.19 9.64 8.79 7.79 6.85 6.29 6.26 6.77 7.62 8.31 8.82 9.17 9.43 9.32 8.62 7.85 7.29 7.02 7.17 7.59 8.06 8.39 8.60 8.61 8.38 8.09 8.05 8.45 9.08 9.41 9.43 9.37 9.36 9.41 9.39 9.16 9.06 9.23 9.44 9.58 9.60 9.35 8.76 8.31 8.37 8.75 9.14 9.42 9.60 9.76 9.70 9.56 9.35 9.15 9.10 9.23 9.36 9.16 8.92 8.86 8.86 8.95 9.30 9.91 10.56 11.01 11.13 11.06 10.78 10.28 9.54
8.56 8.53 8.51 8.60 8.66 8.67 8.59 8.45 8.45 8.68 8.99 9.09 8.76 8.08 7.20 6.42 6.18 6.51 7.31 8.10 8.50 8.74 8.91 8.99 8.89 8.37 7.41 6.56 5.98 5.75 5.86 6.12 6.43 6.90 7.43 7.87 8.22 8.55 8.98 9.38 9.56 9.50 9.32 9.25 9.26 9.26 9.12 8.75 8.43 8.25 8.30 8.63 8.97 8.94 8.47 8.20 8.36 8.74 9.13 9.53 9.92 10.20 10.18 10.02 9.77 9.51 9.32 9.14 8.92 8.54 8.48 8.57 8.67 8.79 8.99 9.15 9.29 9.34 9.48 9.88 10.15 10.01 9.56
8.77 8.91 9.07 8.95 8.69 8.33 7.99 7.76 7.79 8.09 8.25 7.94 7.19 6.26 5.48 5.45 6.34 7.69 8.76 9.32 9.56 9.61 9.53 9.37 9.13 8.65 7.64 6.47 5.73 5.50 5.46 5.51 5.73 6.07 6.56 7.30 8.12 8.72 8.98 8.97 8.84 8.78 8.77 8.82 8.92 8.94 8.76 8.25 7.57 7.09 6.95 7.09 7.40 7.77 7.90 8.04 8.26 8.60 9.02 9.50 9.97 10.29 10.26 10.07 9.82 9.54 9.21 8.85 8.49 8.15 8.11 8.25 8.43 8.51 8.52 8.66 8.54 8.29 8.19 8.57 9.18 9.71 10.07
9.18 9.40 9.52 9.27 8.86 8.40 8.03 7.85 7.82 7.70 7.18 6.26 5.23 4.40 4.15 4.69 6.03 7.61 8.69 9.41 9.81 9.95 9.88 9.83 9.83 9.61 8.97 8.06 7.42 7.31 7.34 7.22 7.28 7.38 7.60 8.01 8.42 8.57 8.45 8.23 8.03 8.02 8.28 8.52 8.72 8.76 8.52 7.94 7.25 6.80 6.54 6.16 5.91 6.08 6.59 7.30 7.94 8.42 8.86 9.35 9.79 9.96 9.88 9.66 9.54 9.48 9.33 9.04 8.73 8.37 8.13 8.12 8.19 8.27 8.45 8.62 8.42 8.06 7.64 7.48 7.69 8.20 8.84
9.22 9.24 9.16 8.96 8.68 8.34 8.04 7.79 7.38 6.58 5.36 4.35 3.85 3.81 4.15 4.89 5.83 6.73 7.57 8.41 8.93 9.20 9.50 9.95 9.92 10.19 10.06 10.05 10.07 10.11 10.06 9.98 9.85 9.55 9.31 9.11 8.86 8.61 8.39 8.15 7.94 7.94 8.30 8.61 8.79 8.77 8.54 8.15 7.76 7.37 6.83 5.94 5.16 5.20 5.95 7.01 7.94 8.54 8.97 9.39 9.60 9.49 9.30 9.27 9.37 9.53 9.58 9.39 9.09 8.67 8.37 8.28 8.26 8.29 8.33 8.29 8.23 8.05 7.69 7.20 6.69 6.39 6.52
8.92 8.65 8.44 8.41 8.25 7.98 7.60 7.08 6.35 5.47 4.74 4.39 4.57 5.22 6.40 7.49 7.66 7.51 7.44 7.56 7.86 8.31 9.11 9.91 10.16 10.12 10.33 10.77 11.18 11.39 11.33 11.17 10.90 10.44 9.94 9.47 9.02 8.70 8.41 8.16 8.13 8.34 8.69 8.84 8.82 8.70 8.58 8.44 8.23 7.72 6.87 5.97 5.76 6.33 7.22 7.90 8.38 8.75 9.13 9.34 9.19 8.94 8.95 9.22 9.46 9.59 9.66 9.62 9.47 9.23 8.92 8.74 8.55 8.24 7.85 7.64 7.80 7.95 7.79 7.34 6.65 6.15 6.06
8.71 8.43 8.16 8.13 8.01 7.77 7.39 6.85 6.28 5.96 6.12 6.64 7.36 8.49 9.82 10.72 10.98 10.35 9.36 8.84 8.80 9.15 9.83 10.18 10.03 9.77 9.77 9.99 10.28 10.57 10.69 10.65 10.55 10.29 9.96 9.56 9.15 8.77 8.35 8.13 8.38 8.88 9.16 8.96 8.65 8.49 8.47 8.50 8.41 8.03 7.45 7.19 7.56 8.29 8.64 8.57 8.47 8.68 8.95 8.98 8.77 8.69 8.89 9.15 9.31 9.32 9.32 9.39 9.52 9.62 9.43 9.13 8.74 8.24 7.73 7.49 7.64 7.87 7.86 7.70 7.58 7.66 7.80
8.72 8.53 8.28 8.21 8.20 8.20 8.20 8.09 7.97 8.13 8.80 9.76 10.84 11.80 12.45 12.69 12.74 12.44 11.98 11.56 11.29 11.16 11.06 10.65 10.07 9.57 9.29 9.12 8.92 8.82 8.94 9.12 9.24 9.33 9.39 9.41 9.30 8.93 8.53 8.43 8.72 8.91 8.78 8.46 8.25 8.33 8.52 8.71 8.91 9.04 9.04 9.07 9.28 9.44 9.11 8.57 8.49 8.72 8.84 8.77 8.72 8.77 8.78 8.76 8.76 8.66 8.56 8.71 9.03 9.30 9.36 9.18 8.82 8.39 8.00 7.81 7.84 7.94 7.99 8.07 8.32 8.67 8.86
8.84 8.77 8.63 8.55 8.61 8.82 9.12 9.44 9.89 10.51 11.33 12.21 12.82 13.03 12.86 12.45 12.07 12.14 12.28 12.22 12.05 11.78 11.34 10.64 9.89 9.40 9.19 9.04 8.67 8.18 7.84 7.77 7.84 8.06 8.39 8.76 8.96 8.88 8.68 8.51 8.30 7.91 7.52 7.53 8.01 8.52 8.91 9.19 9.51 9.97 10.30 10.38 10.34 10.17 9.76 9.35 9.29 9.28 9.12 8.94 8.84 8.69 8.50 8.39 8.35 8.17 7.98 8.07 8.36 8.69 8.93 8.96 8.75 8.45 8.20 8.09 8.01 7.96 7.98 8.09 8.27 8.45 8.56
9.01 9.03 8.96 8.90 8.97 9.15 9.48 10.03 10.89 11.78 12.43 12.67 12.48 11.96 11.26 10.56 10.16 10.27 10.44 10.62 10.75 10.77 10.58 10.10 9.55 9.19 9.10 9.10 8.94 8.68 8.38 8.15 8.17 8.29 8.37 8.42 8.46 8.54 8.47 8.14 7.64 7.26 7.29 7.81 8.57 9.13 9.45 9.58 9.76 10.15 10.54 10.75 10.83 10.85 10.84 10.67 10.44 10.05 9.56 9.17 8.84 8.52 8.35 8.30 8.17 7.89 7.72 7.81 8.11 8.42 8.60 8.62 8.52 8.38 8.27 8.19 8.08 7.99 8.02 8.08 8.19 8.33 8.38
