project/data/elevation/US_DEM2016/US_DEM2016_point_10-30-2019_2345_30m_vel.asc
ncols	125
nrows	167
xllcorner	-2042055.000000
yllcorner	1465035.000000
cellsize	30.000000
NODATA_value	-9999.000000
[rows 74 to 110 of 167, columns 0 to 82 of 125]
8.99 8.60 8.17 8.19 8.41 8.53 8.64 9.10 10.10 11.24 12.07 12.45 12.43 12.11 11.70 11.66 12.27 13.21 13.81 13.98 14.04 13.73 12.78 11.60 10.72 10.43 10.55 10.76 10.76 10.54 10.23 9.98 9.65 9.39 9.09 8.91 8.88 8.68 8.39 8.31 8.52 8.67 8.70 8.86 9.06 9.11 9.12 9.04 8.63 8.21 8.01 8.16 8.53 8.76 8.67 8.64 8.77 9.05 9.45 9.92 10.44 10.90 10.87 10.28 9.07 7.69 6.84 6.81 6.82 6.42 5.93 5.81 6.06 6.58 7.45 8.48 9.72 11.45 13.58 15.17 15.93 16.05 15.61
9.05 8.73 8.44 8.54 8.72 8.84 9.05 9.78 11.06 11.94 12.28 12.33 12.41 12.57 12.73 13.09 13.66 14.06 13.85 13.36 12.98 12.52 11.69 10.75 10.11 9.85 9.81 10.02 10.23 10.24 10.00 9.58 8.84 8.30 8.14 8.31 8.49 8.45 8.30 8.22 8.17 8.23 8.40 8.59 8.59 8.20 7.77 7.23 6.98 6.83 6.82 7.07 7.53 7.90 8.08 8.27 8.51 8.65 8.80 9.10 9.57 9.78 9.24 7.93 6.50 5.65 5.52 5.96 6.52 6.74 6.66 6.77 7.25 8.10 9.28 10.54 11.98 13.68 14.78 14.92 13.81 12.12 10.88
9.14 8.92 8.79 8.95 9.15 9.53 10.29 11.12 11.45 11.15 10.60 10.33 10.73 11.67 12.58 13.43 13.93 13.80 13.06 12.21 11.64 11.18 10.67 10.20 9.88 9.66 9.42 9.42 9.68 9.95 10.00 9.71 8.97 8.41 8.37 8.55 8.59 8.31 7.87 7.51 7.39 7.67 8.15 8.27 8.14 7.91 7.78 7.51 7.30 7.28 7.30 7.25 7.18 7.36 7.80 8.24 8.52 8.55 8.62 8.79 8.85 8.36 7.25 6.20 5.67 5.62 6.01 6.47 7.09 7.82 8.38 8.92 9.95 11.24 12.48 13.78 15.02 15.63 15.16 13.75 11.56 8.84 7.50
9.20 8.96 8.89 9.06 9.35 10.06 10.64 10.67 10.01 8.99 8.42 8.74 9.75 11.11 12.31 13.11 13.27 12.77 11.92 11.11 10.55 10.20 9.94 9.77 9.65 9.52 9.28 9.24 9.38 9.75 10.14 10.28 10.01 9.81 9.68 9.44 8.98 8.31 7.75 7.56 7.75 8.03 8.14 7.87 7.61 7.46 7.44 7.29 7.05 6.93 6.86 6.82 6.83 7.21 7.83 8.38 8.73 8.88 8.98 8.94 8.40 7.35 6.50 6.35 6.73 7.31 7.72 8.12 8.91 10.20 11.13 12.17 13.54 14.77 15.65 16.33 16.52 15.95 14.57 13.09 11.56 9.51 7.98
9.08 8.59 8.40 8.63 8.89 9.34 9.37 8.88 8.39 8.12 8.41 9.18 10.39 11.76 12.70 13.03 12.71 11.99 11.20 10.48 9.92 9.55 9.33 9.21 9.10 8.97 8.82 8.91 9.03 9.26 9.75 10.27 10.50 10.45 10.20 9.74 9.08 8.35 7.97 7.87 7.79 7.56 7.25 6.93 6.67 6.42 6.07 5.74 5.64 5.66 5.81 6.16 6.80 7.56 8.21 8.67 9.04 9.15 9.00 8.52 7.70 6.90 6.77 7.35 8.36 9.11 9.76 10.73 12.02 12.82 13.51 14.39 15.36 16.06 16.14 15.96 15.29 13.95 12.87 12.40 12.17 11.46 10.28
8.79 8.10 7.80 8.13 8.29 8.39 8.42 8.49 8.81 9.35 10.01 10.87 12.03 13.00 13.33 12.99 12.25 11.40 10.67 10.04 9.47 9.04 8.76 8.60 8.42 8.20 8.05 8.12 8.08 8.15 8.39 9.12 9.67 9.82 9.65 9.30 8.82 8.20 7.79 7.36 6.88 6.44 6.22 6.27 6.19 5.92 5.53 5.38 5.65 6.15 6.76 7.51 8.30 8.77 8.91 8.87 8.71 8.32 7.67 6.91 6.44 6.53 7.11 8.24 9.54 10.76 12.11 13.25 13.68 13.83 13.93 14.21 14.63 14.57 14.11 13.41 12.44 11.46 10.98 11.18 11.70 11.99 11.70
8.44 7.88 7.77 8.30 8.58 8.68 8.89 9.37 10.09 10.72 11.47 12.45 13.41 13.65 13.23 12.33 11.30 10.45 9.81 9.28 8.80 8.46 8.21 8.00 7.79 7.59 7.31 6.97 6.52 6.44 6.50 7.08 7.90 8.52 8.76 8.73 8.64 8.29 7.97 7.53 7.18 7.03 7.07 7.25 7.19 7.01 6.80 6.90 7.33 8.02 8.72 9.23 9.46 9.42 9.03 8.69 8.18 7.56 7.00 6.62 6.62 7.10 8.00 9.35 10.81 12.32 13.39 13.54 13.11 12.73 12.59 12.51 12.28 11.70 11.20 10.89 10.60 10.27 9.94 9.75 10.15 10.99 11.49
8.26 8.05 8.21 8.84 9.26 9.46 9.70 10.16 10.84 11.58 12.47 13.29 13.59 13.13 12.14 11.03 10.04 9.15 8.54 8.08 7.77 7.68 7.65 7.50 7.39 7.24 6.83 5.96 5.24 4.94 4.85 5.16 5.91 6.92 7.67 8.24 8.48 8.78 8.87 8.89 8.98 9.14 9.29 9.20 9.01 8.85 8.75 8.90 9.26 9.40 9.36 9.21 9.06 8.88 8.78 8.71 8.63 8.76 8.86 8.84 8.88 9.18 9.85 10.97 12.12 12.90 12.75 11.74 11.11 11.15 11.25 11.11 10.76 10.15 9.87 9.78 9.86 9.95 9.77 9.30 9.17 9.53 10.33
8.59 8.58 8.68 8.88 9.19 9.59 10.05 10.63 11.36 12.15 12.88 13.15 12.72 11.74 10.64 9.76 9.00 8.24 7.58 7.15 6.97 6.88 6.77 6.87 7.01 7.03 6.79 6.07 4.99 4.52 4.48 4.80 5.28 5.81 6.67 7.72 8.30 8.91 9.32 9.76 10.19 10.48 10.51 10.24 9.98 9.90 9.90 9.94 9.94 9.56 9.08 8.93 9.08 9.20 9.13 9.12 9.35 9.73 10.04 10.27 10.51 10.85 11.39 12.04 12.59 12.34 11.24 10.34 10.21 10.57 10.70 10.41 9.95 9.51 9.39 9.34 9.41 9.62 9.65 9.42 9.03 8.84 9.02
8.97 9.06 9.01 8.82 8.97 9.53 10.21 10.96 11.71 12.31 12.59 12.30 11.48 10.47 9.60 8.92 8.29 7.70 7.14 6.70 6.38 6.11 5.95 6.12 6.55 6.88 7.12 7.08 6.46 6.02 6.06 6.34 6.32 6.27 6.71 7.53 7.99 8.58 9.21 9.87 10.27 10.27 10.09 9.81 9.70 9.84 10.01 10.05 9.97 9.77 9.78 9.97 10.03 9.88 9.51 9.40 9.57 9.60 9.87 10.35 10.92 11.39 11.83 12.06 11.96 11.24 10.41 10.31 10.53 10.59 10.35 9.75 9.00 8.46 8.20 8.30 8.47 8.65 8.84 8.94 8.79 8.42 8.06
8.99 9.07 9.14 9.13 9.36 9.88 10.53 11.24 11.79 12.03 11.86 11.23 10.35 9.53 8.85 8.23 7.62 7.12 6.69 6.25 5.81 5.51 5.50 5.84 6.51 7.24 7.94 8.60 9.09 9.24 9.14 8.74 8.21 7.77 7.54 7.81 8.36 9.04 9.72 9.99 9.72 9.28 9.11 9.24 9.41 9.71 10.08 10.43 10.78 11.05 11.00 10.78 10.35 9.94 9.57 9.51 9.59 9.78 10.20 10.62 11.05 11.35 11.49 11.40 10.99 10.42 10.17 10.44 10.51 10.25 9.71 8.95 7.98 7.13 6.54 6.52 6.75 6.99 7.33 7.66 7.88 7.80 7.39
8.89 8.96 9.20 9.54 9.98 10.47 10.89 11.24 11.48 11.44 11.03 10.30 9.51 8.80 8.17 7.55 6.87 6.28 5.85 5.56 5.43 5.58 6.03 6.71 7.54 8.29 9.02 9.78 10.57 11.04 11.03 10.51 9.75 9.12 8.82 8.86 9.45 10.12 10.10 9.54 8.83 8.60 8.90 9.30 9.50 9.88 10.52 11.09 11.59 11.88 11.68 11.08 10.49 10.08 9.68 9.64 9.88 10.17 10.40 10.48 10.53 10.54 10.57 10.57 10.26 9.94 9.78 9.89 9.73 9.44 9.10 8.65 7.95 7.05 6.07 5.70 5.47 5.29 5.37 5.70 6.24 6.73 6.73
8.97 9.12 9.47 9.92 10.39 10.67 10.72 10.72 10.85 10.80 10.36 9.66 8.90 8.19 7.53 6.81 6.04 5.42 5.31 5.27 5.62 6.27 7.07 7.87 8.64 9.24 9.65 9.99 10.39 10.75 10.90 10.88 10.55 10.00 9.64 9.59 9.86 9.91 9.23 8.46 8.17 8.34 8.58 8.80 9.04 9.65 10.38 10.78 11.07 11.36 11.45 11.25 10.92 10.53 10.01 9.80 10.20 9.73 9.72 9.57 9.43 9.38 9.61 9.88 9.83 9.57 9.29 9.09 8.89 8.83 8.84 8.95 9.00 8.74 7.71 6.59 5.71 5.04 4.59 5.04 4.80 5.22 5.56
9.11 9.27 9.57 9.87 10.03 9.97 9.91 10.09 10.40 10.45 9.93 9.20 8.41 7.60 6.73 5.92 5.49 5.49 5.84 6.18 6.52 6.98 7.61 8.35 9.04 9.46 9.55 9.49 9.46 9.48 9.79 10.31 10.69 10.70 10.42 9.93 10.09 8.64 8.03 7.87 7.87 7.81 7.66 7.74 8.32 9.07 9.52 9.42 9.35 9.53 9.73 10.00 10.19 10.25 10.11 9.84 9.52 9.15 8.98 8.97 8.96 9.12 9.47 9.71 9.66 9.39 9.13 8.88 8.65 8.73 9.02 9.41 9.82 10.21 10.26 9.38 8.30 7.28 6.51 5.95 5.47 5.18 5.22
9.13 9.23 9.34 9.39 9.29 9.26 9.58 10.24 10.60 10.34 9.57 8.67 7.80 6.87 6.03 6.70 6.06 6.88 7.37 7.59 7.65 7.77 8.12 8.61 8.94 9.03 8.88 8.76 8.83 8.92 9.17 9.64 10.25 10.68 10.74 10.18 9.07 8.19 7.73 7.76 7.67 7.50 7.47 7.71 8.20 8.59 8.54 7.86 7.24 6.95 7.06 7.31 7.74 8.36 8.81 9.10 9.13 9.09 9.13 9.27 9.45 9.61 9.65 9.58 9.47 9.28 9.08 8.92 8.79 8.95 9.34 9.56 9.85 10.45 11.16 11.41 11.17 10.66 10.04 9.26 8.30 7.54 7.48
9.11 9.16 9.23 9.26 9.27 9.61 10.27 10.76 10.63 9.90 8.84 7.73 6.71 5.86 5.61 5.98 6.76 7.44 7.85 8.15 8.34 8.50 8.67 8.67 8.40 8.05 7.86 8.03 8.49 8.91 9.13 9.23 9.38 9.77 10.13 10.09 9.29 8.56 8.05 7.96 7.97 8.11 8.22 8.29 8.37 8.35 7.96 6.99 6.00 5.61 5.55 5.65 5.98 6.74 7.68 8.45 8.94 9.24 9.45 9.68 9.81 9.63 9.31 9.11 9.09 9.00 8.83 8.83 8.88 9.05 9.26 9.32 9.34 9.63 10.24 11.01 11.52 11.75 11.77 11.56 11.15 10.72 10.34
9.12 9.16 9.30 9.51 9.82 10.36 10.79 10.68 9.92 8.76 7.50 6.18 5.08 4.61 6.08 5.18 5.66 6.16 6.89 7.57 8.18 8.56 8.55 8.08 7.44 7.07 7.15 7.53 7.87 8.11 8.30 8.35 8.40 8.67 9.26 9.73 9.46 8.93 8.52 8.54 8.68 8.83 8.85 8.88 8.88 8.78 8.44 7.78 7.05 6.59 6.53 6.86 7.57 8.35 8.92 9.16 9.27 9.37 9.45 9.47 9.33 8.94 8.65 8.63 8.71 8.59 8.37 8.49 8.67 8.73 8.74 8.75 8.49 8.22 8.37 8.87 9.62 10.28 10.87 11.35 11.59 11.64 11.55
9.14 9.20 9.38 9.72 10.20 10.63 10.56 9.83 8.59 7.16 5.87 4.85 4.28 4.10 4.09 4.13 4.34 4.84 5.55 6.39 7.12 7.62 7.60 7.30 7.09 7.12 7.26 7.32 7.11 6.87 6.89 7.07 7.38 7.80 8.45 9.15 9.30 8.95 8.71 8.91 9.06 9.16 9.32 9.71 9.89 9.89 9.73 9.51 9.42 9.33 9.18 9.58 10.17 10.48 10.37 9.82 9.41 9.21 9.00 8.71 8.41 8.15 8.04 8.18 8.31 8.13 7.90 8.08 8.21 8.17 8.12 8.04 7.64 7.15 6.98 7.14 7.52 7.98 8.55 9.22 9.88 10.32 10.50
9.18 9.27 9.51 9.92 10.33 10.33 9.66 8.44 7.03 5.79 4.95 4.60 4.57 4.66 4.69 4.62 4.66 4.89 5.27 5.79 6.32 6.66 6.84 7.16 7.56 7.84 7.95 7.81 7.51 7.33 7.26 7.36 7.61 7.82 7.98 8.42 8.81 8.80 8.82 9.12 9.33 9.57 9.99 10.61 10.84 10.81 10.69 10.64 10.82 11.13 11.32 11.30 11.02 10.41 9.74 9.34 9.13 8.88 8.44 7.93 7.48 7.31 7.40 7.71 8.02 8.06 7.99 8.02 7.94 7.81 7.74 7.65 7.30 6.77 6.37 6.16 6.27 6.38 6.51 6.85 7.39 7.94 8.18
9.23 9.33 9.56 9.87 9.89 9.32 8.18 6.84 5.70 5.00 4.77 4.87 5.14 5.51 5.86 6.14 6.26 6.30 6.51 6.92 7.32 7.55 7.74 7.98 8.17 8.43 8.92 9.33 9.54 9.57 9.47 9.39 9.33 9.07 8.36 8.12 8.48 8.86 9.29 9.69 9.97 10.34 10.81 11.22 11.15 10.91 10.76 10.81 11.07 11.44 11.61 11.44 10.83 9.87 9.21 9.15 9.11 8.77 8.18 7.54 7.09 6.96 7.26 7.83 8.37 8.59 8.56 8.38 8.02 7.82 7.69 7.60 7.29 6.64 5.85 5.17 4.96 4.82 4.70 4.91 5.38 5.88 6.01
9.25 9.29 9.33 9.20 8.62 7.54 6.26 5.26 4.71 4.61 4.85 5.30 5.79 6.33 7.02 7.79 8.40 8.79 9.18 9.58 9.82 9.81 9.54 9.09 8.72 8.89 9.63 10.21 10.46 10.41 10.25 10.05 9.74 9.26 8.47 8.21 8.56 9.23 9.94 10.40 10.68 10.92 11.09 11.07 10.71 10.41 10.37 10.59 10.94 11.22 11.09 10.92 10.85 10.74 10.38 9.88 9.39 8.92 8.48 8.11 7.90 7.88 8.16 8.64 8.98 8.98 8.72 8.46 8.18 8.15 8.15 7.93 7.37 6.36 5.16 4.20 3.85 3.62 3.49 3.71 4.01 4.19 4.38
9.26 9.25 9.04 8.42 7.36 6.16 5.21 4.66 4.59 4.92 5.49 6.19 6.93 7.70 8.56 9.54 10.35 11.06 11.57 11.67 11.37 10.77 9.98 9.32 9.03 9.30 9.74 9.63 9.15 8.80 8.50 8.32 8.21 8.06 8.04 8.39 8.97 9.67 10.34 10.69 10.77 10.69 10.42 10.06 9.86 9.76 9.87 10.13 10.48 10.75 10.65 10.53 10.60 10.74 10.65 10.09 9.47 9.00 8.71 8.58 8.62 8.83 9.07 9.34 9.37 9.06 8.56 8.38 8.50 8.90 8.97 8.49 7.63 6.41 5.05 4.20 3.87 3.60 3.45 3.59 3.75 3.73 3.76
9.28 9.20 8.81 8.13 7.36 6.69 6.21 5.92 5.91 6.25 6.79 7.48 8.34 9.27 10.23 11.04 11.70 12.08 12.03 11.53 10.65 9.67 9.02 8.92 9.26 9.77 9.83 9.15 8.25 7.77 7.60 7.65 7.87 7.92 8.13 8.71 9.35 9.89 10.29 10.42 10.28 9.93 9.43 9.04 8.96 9.05 9.15 9.29 9.41 9.34 9.31 9.38 9.46 9.46 9.35 9.24 9.01 8.72 8.48 8.34 8.47 8.92 9.38 9.69 9.60 9.24 8.85 8.79 9.04 9.40 9.35 8.72 7.98 7.29 6.28 5.51 4.97 4.47 4.36 4.50 4.52 4.42 4.47
9.18 8.99 8.52 8.29 8.03 7.84 7.71 7.73 7.94 8.17 8.42 8.91 9.73 10.72 11.58 12.02 12.04 11.61 10.73 9.58 8.53 7.92 7.97 8.52 9.29 10.11 10.33 10.07 9.74 9.60 9.58 9.56 9.39 9.05 8.86 9.11 9.46 9.76 9.91 9.83 9.43 8.92 8.51 8.36 8.36 8.49 8.66 8.61 8.14 7.47 7.12 7.23 7.54 7.68 7.78 8.05 8.30 8.36 8.32 8.33 8.55 9.04 9.42 9.53 9.29 8.98 8.86 8.95 9.02 9.08 8.94 8.46 8.34 8.44 8.17 7.40 6.61 5.85 6.05 6.35 6.28 6.11 6.36
8.96 8.69 8.37 8.49 8.47 8.63 8.88 9.27 9.73 10.05 10.28 10.61 11.23 11.91 12.17 11.93 11.22 10.13 8.92 7.91 7.34 7.29 7.75 8.48 9.35 10.37 10.82 11.09 11.26 11.30 11.19 10.91 10.46 9.93 9.47 9.38 9.45 9.51 9.44 9.08 8.47 8.00 7.94 8.14 8.34 8.65 8.88 8.66 7.78 6.80 6.25 6.10 5.97 6.18 6.77 7.51 8.12 8.41 8.49 8.59 8.86 9.22 9.26 9.07 8.72 8.48 8.40 8.41 8.36 8.40 8.31 8.25 8.80 9.52 9.91 9.72 9.06 8.44 8.84 9.10 8.96 8.84 9.17
8.85 8.67 8.53 8.70 9.07 9.63 10.26 10.78 11.14 11.38 11.60 11.86 12.10 12.08 11.61 10.72 9.63 8.51 7.63 7.19 7.43 8.02 8.70 9.27 9.99 10.64 10.69 10.55 10.57 10.56 10.43 10.28 10.17 10.02 9.61 9.36 9.28 9.10 8.71 8.22 7.91 8.09 8.42 8.70 8.96 9.33 9.45 9.24 8.70 8.18 7.74 7.28 6.68 6.80 7.41 8.03 8.51 8.81 8.98 9.11 9.21 9.33 9.23 9.03 8.80 8.55 8.30 8.19 8.23 8.41 8.45 8.62 9.29 10.01 10.67 11.10 11.33 11.40 11.61 11.71 11.53 11.28 11.12
8.91 8.83 8.74 8.96 9.51 10.19 10.76 11.14 11.33 11.45 11.60 11.74 11.66 11.14 10.20 9.11 8.06 7.22 6.74 6.85 7.71 8.66 9.36 9.87 10.37 10.50 9.92 9.17 8.77 8.63 8.64 8.91 9.31 9.58 9.44 9.18 8.90 8.47 8.01 7.90 8.37 9.10 9.41 9.49 9.58 9.77 9.75 9.55 9.38 9.52 9.59 9.41 9.04 8.73 8.67 8.63 8.74 9.07 9.45 9.66 9.70 9.75 9.65 9.52 9.33 9.08 8.88 8.93 9.18 9.22 9.10 9.13 9.39 9.67 10.17 11.01 11.86 12.41 12.58 12.46 12.03 11.56 10.95
8.88 8.83 8.73 8.88 9.27 9.70 9.91 10.01 10.09 10.24 10.46 10.54 10.28 9.64 8.73 7.71 6.83 6.43 6.54 7.11 7.98 8.69 9.24 9.63 9.86 9.58 8.71 7.89 7.30 7.01 7.13 7.53 8.04 8.49 8.83 8.89 8.68 8.42 8.43 8.90 9.57 9.87 9.85 9.77 9.79 9.82 9.65 9.28 9.18 9.37 9.63 9.86 9.94 9.67 9.01 8.56 8.66 9.09 9.54 9.85 10.08 10.30 10.28 10.12 9.88 9.65 9.56 9.66 9.75 9.53 9.31 9.25 9.21 9.24 9.56 10.18 10.88 11.35 11.48 11.45 11.18 10.67 9.89
8.83 8.83 8.85 8.91 8.94 8.85 8.72 8.56 8.60 8.88 9.17 9.14 8.68 7.93 7.05 6.34 6.25 6.79 7.77 8.63 9.05 9.28 9.45 9.54 9.37 8.66 7.54 6.65 6.08 5.85 5.93 6.13 6.37 6.86 7.51 8.09 8.56 8.97 9.42 9.79 9.91 9.81 9.61 9.56 9.61 9.58 9.31 8.83 8.46 8.24 8.26 8.59 9.02 9.07 8.67 8.42 8.61 9.06 9.51 9.94 10.40 10.73 10.70 10.50 10.20 9.92 9.69 9.48 9.23 8.85 8.82 8.93 9.00 9.08 9.25 9.37 9.47 9.46 9.59 10.02 10.37 10.35 10.01
9.08 9.27 9.50 9.38 9.02 8.54 8.18 7.93 7.98 8.23 8.27 7.82 6.98 6.04 5.32 5.41 6.45 7.99 9.19 9.84 10.13 10.20 10.12 9.98 9.70 9.10 7.96 6.76 6.03 5.81 5.76 5.76 5.89 6.21 6.76 7.58 8.48 9.11 9.31 9.20 9.02 8.96 8.98 9.09 9.23 9.21 8.91 8.33 7.65 7.14 6.93 7.00 7.28 7.73 7.99 8.21 8.49 8.94 9.41 9.91 10.42 10.76 10.68 10.44 10.15 9.87 9.55 9.18 8.81 8.47 8.43 8.58 8.76 8.79 8.77 8.87 8.69 8.40 8.26 8.61 9.25 9.87 10.37
9.50 9.73 9.88 9.64 9.21 8.70 8.31 8.11 8.00 7.70 7.00 5.99 4.98 4.27 4.15 4.76 6.17 7.78 8.91 9.71 10.19 10.37 10.35 10.34 10.34 10.07 9.47 8.63 8.04 7.92 7.92 7.75 7.76 7.82 8.03 8.43 8.83 8.93 8.70 8.41 8.21 8.21 8.51 8.80 9.04 9.01 8.68 8.09 7.45 6.98 6.65 6.19 5.86 6.02 6.64 7.47 8.24 8.83 9.30 9.78 10.22 10.36 10.23 9.98 9.85 9.80 9.68 9.43 9.14 8.75 8.49 8.48 8.55 8.56 8.69 8.80 8.55 8.20 7.79 7.57 7.71 8.18 8.87
9.49 9.47 9.34 9.14 8.88 8.54 8.24 7.94 7.39 6.44 5.17 4.21 3.80 3.92 4.41 5.20 6.11 6.95 7.74 8.60 9.16 9.49 9.87 10.37 10.60 10.51 10.54 10.73 10.85 10.89 10.82 10.71 10.53 10.16 9.84 9.58 9.26 8.94 8.65 8.39 8.20 8.21 8.61 8.95 9.11 9.02 8.72 8.38 8.06 7.65 7.04 6.11 5.31 5.39 6.19 7.33 8.36 9.00 9.43 9.83 10.00 9.85 9.63 9.60 9.72 9.85 9.91 9.79 9.55 9.10 8.78 8.69 8.67 8.62 8.56 8.44 8.35 8.22 7.91 7.38 6.80 6.46 6.55
9.12 8.78 8.50 8.48 8.37 8.14 7.83 7.17 6.33 5.45 4.83 4.60 4.86 5.64 6.98 8.17 8.27 8.01 7.88 7.95 8.23 8.72 9.61 10.39 10.51 10.42 10.72 11.28 11.75 11.99 11.96 11.79 11.50 10.99 10.45 9.92 9.42 9.05 8.74 8.45 8.41 8.69 9.08 9.20 9.11 8.91 8.71 8.62 8.50 8.03 7.17 6.28 6.13 6.77 7.67 8.35 8.82 9.18 9.54 9.72 9.54 9.27 9.30 9.59 9.81 9.90 9.93 9.94 9.88 9.69 9.36 9.17 8.91 8.50 8.00 7.76 7.90 8.11 8.04 7.62 6.95 6.47 6.34
8.88 8.56 8.24 8.22 8.23 8.14 7.80 7.22 6.61 6.31 6.56 7.20 8.03 9.30 10.73 11.65 11.88 11.21 10.18 9.60 9.52 9.90 10.58 10.74 10.42 10.11 10.11 10.27 10.53 10.85 11.01 10.98 10.89 10.67 10.38 9.99 9.57 9.20 8.77 8.48 8.71 9.24 9.51 9.24 8.87 8.63 8.53 8.56 8.62 8.39 7.92 7.72 8.15 8.85 9.14 9.01 8.87 9.06 9.32 9.30 9.07 9.02 9.25 9.50 9.61 9.56 9.52 9.62 9.84 10.02 9.85 9.51 9.02 8.40 7.86 7.62 7.76 8.00 8.08 8.03 8.01 8.14 8.25
8.93 8.72 8.46 8.42 8.55 8.71 8.79 8.70 8.61 8.81 9.55 10.61 11.80 12.83 13.43 13.58 13.58 13.30 12.86 12.44 12.16 12.03 11.80 11.13 10.39 9.92 9.62 9.36 9.11 9.00 9.06 9.21 9.35 9.50 9.65 9.74 9.68 9.37 8.98 8.83 9.06 9.19 9.00 8.64 8.44 8.50 8.60 8.78 9.12 9.48 9.69 9.83 10.02 10.07 9.62 9.01 8.92 9.13 9.22 9.13 9.04 9.10 9.10 9.04 8.97 8.81 8.70 8.86 9.21 9.57 9.68 9.49 9.09 8.62 8.22 8.00 7.99 8.05 8.15 8.34 8.67 9.03 9.19
9.09 9.03 8.91 8.89 9.04 9.31 9.67 10.06 10.61 11.34 12.24 13.14 13.73 13.86 13.56 13.02 12.59 12.69 12.86 12.83 12.67 12.36 11.81 10.97 10.19 9.76 9.53 9.33 8.99 8.49 8.06 7.93 8.00 8.23 8.59 8.99 9.26 9.25 9.08 8.87 8.57 8.12 7.71 7.76 8.33 8.85 9.17 9.41 9.79 10.41 10.93 11.15 11.12 10.87 10.37 9.90 9.82 9.77 9.58 9.37 9.20 8.99 8.77 8.63 8.51 8.27 8.09 8.20 8.47 8.83 9.14 9.20 9.01 8.72 8.48 8.33 8.18 8.06 8.12 8.30 8.50 8.64 8.73
9.27 9.31 9.26 9.26 9.40 9.62 9.98 10.62 11.60 12.57 13.21 13.37 13.06 12.40 11.58 10.81 10.41 10.53 10.71 10.92 11.07 11.05 10.80 10.32 9.86 9.56 9.42 9.37 9.24 9.03 8.77 8.57 8.60 8.69 8.71 8.71 8.78 8.90 8.84 8.47 7.94 7.57 7.65 8.25 9.08 9.60 9.83 9.95 10.13 10.55 11.02 11.33 11.46 11.52 11.53 11.34 11.06 10.62 10.08 9.61 9.20 8.81 8.60 8.52 8.31 8.00 7.87 7.98 8.21 8.49 8.74 8.82 8.75 8.63 8.53 8.42 8.24 8.12 8.17 8.27 8.40 8.53 8.58
