project/data/elevation/US_DEM2016/US_DEM2016_point_10-28-2019_0846_30m_vel.asc
ncols	125
nrows	167
xllcorner	-2042055.000000
yllcorner	1465035.000000
cellsize	30.000000
NODATA_value	-9999.000000
[rows 74 to 110 of 167, columns 0 to 82 of 125]
8.94 8.75 8.60 8.76 9.02 9.16 9.23 9.61 10.55 11.64 12.40 12.69 12.54 12.03 11.39 11.13 11.55 12.47 13.25 13.67 13.84 13.49 12.56 11.57 10.89 10.74 11.03 11.37 11.32 10.94 10.48 10.17 9.82 9.57 9.26 9.02 8.90 8.68 8.43 8.41 8.66 8.88 9.01 9.20 9.34 9.33 9.33 9.27 8.91 8.55 8.39 8.59 8.92 9.04 8.90 8.86 9.00 9.29 9.72 10.19 10.64 11.00 10.93 10.42 9.43 8.35 7.79 8.14 8.40 7.97 7.23 6.81 6.71 6.84 7.38 8.23 9.28 10.63 12.38 13.93 14.93 15.32 15.14
9.05 8.93 8.89 9.08 9.31 9.45 9.60 10.15 11.28 12.10 12.48 12.61 12.68 12.67 12.51 12.50 12.81 13.17 13.19 13.06 12.95 12.60 11.88 11.07 10.44 10.10 10.15 10.64 10.98 10.87 10.43 9.90 9.11 8.55 8.32 8.38 8.52 8.48 8.37 8.31 8.30 8.40 8.63 8.87 8.94 8.56 7.99 7.36 7.12 6.99 6.97 7.30 7.84 8.23 8.35 8.47 8.66 8.78 8.97 9.30 9.72 9.92 9.51 8.42 7.25 6.56 6.47 7.13 8.00 8.19 7.77 7.50 7.59 8.01 8.84 9.92 11.17 12.54 13.56 13.89 13.10 11.62 10.56
9.18 9.17 9.27 9.46 9.73 10.12 10.74 11.34 11.51 11.19 10.74 10.56 10.92 11.67 12.26 12.76 13.10 12.94 12.44 11.95 11.67 11.40 11.10 10.76 10.38 9.96 9.60 9.80 10.36 10.65 10.51 10.06 9.20 8.50 8.34 8.44 8.51 8.34 7.98 7.62 7.49 7.74 8.24 8.50 8.58 8.40 8.11 7.69 7.41 7.41 7.43 7.41 7.39 7.56 7.93 8.30 8.58 8.61 8.69 8.86 8.93 8.59 7.78 7.01 6.57 6.48 6.76 7.30 8.19 8.88 9.07 9.21 9.83 10.76 11.75 12.88 13.99 14.61 14.34 13.22 11.19 8.46 7.04
9.24 9.24 9.43 9.61 9.92 10.54 10.94 10.85 10.12 9.08 8.50 8.76 9.60 10.71 11.65 12.29 12.24 12.23 11.60 11.00 10.64 10.51 10.48 10.47 10.33 9.99 9.48 9.40 9.78 10.39 10.77 10.76 10.29 9.90 9.64 9.37 8.94 8.36 7.91 7.74 7.84 8.07 8.20 8.14 8.16 8.06 7.91 7.63 7.32 7.19 7.13 7.06 6.96 7.19 7.72 8.28 8.69 8.88 8.98 8.94 8.54 7.76 7.20 7.21 7.53 7.94 8.21 8.63 9.48 10.66 11.33 11.97 12.99 14.10 14.94 15.54 15.74 15.28 14.10 13.13 11.60 9.39 7.66
9.11 8.90 8.99 9.20 9.38 9.66 9.59 9.11 8.55 8.27 8.39 8.94 9.86 10.94 11.72 12.13 12.06 11.61 11.01 10.46 10.09 9.91 9.89 9.95 9.91 9.63 9.17 9.00 9.19 9.76 10.51 11.00 11.03 10.76 10.40 9.92 9.25 8.53 8.18 8.06 7.93 7.68 7.43 7.31 7.29 7.05 6.54 6.04 5.84 5.80 5.89 6.14 6.62 7.25 7.88 8.45 8.94 9.12 9.02 8.61 8.02 7.47 7.45 8.02 8.88 9.46 10.01 10.86 12.07 12.86 13.42 13.99 14.81 15.41 15.30 15.63 14.88 13.83 13.05 12.83 12.62 11.71 10.30
8.86 8.42 8.37 8.64 8.65 8.61 8.61 8.70 9.00 9.40 9.82 10.38 11.23 11.99 12.34 12.22 11.79 11.19 10.64 10.16 9.74 9.47 9.35 9.38 9.37 9.07 8.55 8.24 8.12 8.45 9.05 9.94 10.45 10.43 10.12 9.70 9.16 8.54 8.06 7.58 7.10 6.68 6.50 6.73 6.82 6.51 5.83 5.40 5.50 5.88 6.40 7.07 7.82 8.35 8.60 8.67 8.63 8.33 7.74 7.12 6.87 7.05 7.59 8.58 9.70 10.76 11.98 13.06 13.54 13.76 13.78 13.89 13.79 14.36 14.05 13.51 12.26 11.57 11.19 11.62 12.33 12.61 12.14
8.60 8.21 8.24 8.72 8.85 8.84 9.02 9.47 10.10 10.55 11.05 11.73 12.46 12.71 12.50 11.87 11.08 10.41 9.92 9.53 9.20 9.00 8.87 8.85 8.88 8.66 8.00 7.16 6.48 6.54 6.86 7.66 8.65 9.29 9.40 9.24 8.96 8.69 8.28 7.80 7.44 7.28 7.35 7.70 7.80 7.52 6.95 6.68 6.91 7.50 8.20 8.77 9.09 9.19 8.93 8.63 8.18 7.63 7.10 6.81 6.93 7.40 8.15 9.30 10.56 11.90 12.97 13.29 13.07 12.74 12.45 12.25 12.05 11.53 11.21 11.13 10.90 10.45 10.01 9.90 10.56 11.71 12.29
8.45 8.28 8.50 9.15 9.51 9.62 9.77 10.15 10.69 11.21 11.82 12.38 12.64 12.39 11.72 10.86 10.03 9.25 8.75 8.42 8.25 8.27 8.38 8.42 8.52 8.44 7.78 6.31 5.19 4.84 4.81 5.19 6.22 7.55 8.37 8.81 8.95 9.19 9.21 9.19 9.26 9.38 9.58 9.67 9.63 9.39 8.92 8.67 8.82 8.96 9.01 8.96 8.90 8.79 8.73 8.70 8.70 8.87 9.01 9.02 9.08 9.29 9.75 10.61 11.53 12.26 12.30 11.62 11.16 11.12 11.04 10.83 10.52 9.95 9.82 10.00 10.23 10.26 9.90 9.29 9.16 9.86 11.11
8.74 8.71 8.83 9.09 9.41 9.73 10.06 10.49 11.03 11.58 12.07 12.24 11.96 11.27 10.46 9.80 9.19 8.53 7.92 7.58 7.50 7.51 7.54 7.78 8.08 8.27 7.96 6.74 5.07 4.30 4.05 4.31 4.97 5.93 7.21 8.22 8.75 9.27 9.64 10.06 10.47 10.78 10.88 10.75 10.64 10.52 10.23 9.90 9.70 9.30 8.84 8.68 8.83 9.01 9.00 9.08 9.34 9.84 10.22 10.48 10.66 10.86 11.18 11.53 11.85 11.71 10.96 10.30 10.19 10.41 10.44 10.20 9.72 9.37 9.28 9.47 9.80 10.10 9.95 9.58 8.96 8.79 9.44
9.14 9.22 9.16 8.98 9.10 9.55 10.08 10.66 11.21 11.60 11.75 11.55 11.00 10.27 9.62 9.14 8.72 8.24 7.69 7.26 6.99 6.82 6.72 6.93 7.46 8.02 8.26 7.86 6.72 5.91 5.65 5.77 5.78 6.02 6.69 7.67 8.31 8.83 9.40 10.05 10.50 10.63 10.55 10.34 10.33 10.48 10.43 10.15 9.86 9.56 9.49 9.64 9.74 9.67 9.40 9.36 9.42 9.60 10.01 10.50 10.98 11.31 11.55 11.52 11.27 10.74 10.23 10.22 10.40 10.44 10.24 9.76 9.03 8.38 8.01 8.23 8.72 9.14 9.39 9.41 8.99 8.35 8.12
9.18 9.30 9.37 9.30 9.40 9.74 10.23 10.81 11.19 11.28 11.10 10.69 10.11 9.53 9.04 8.61 8.23 7.88 7.46 6.97 6.51 6.23 6.18 6.47 7.15 8.00 8.71 9.14 9.32 9.21 8.92 8.39 7.82 7.44 7.38 7.76 8.42 9.12 9.74 10.04 9.92 9.66 9.57 9.71 9.90 10.21 10.41 10.47 10.64 10.83 10.73 10.52 10.19 9.85 9.52 9.50 9.55 9.74 10.22 10.65 11.05 11.26 11.24 10.93 10.42 10.01 9.92 10.24 10.37 10.25 9.91 9.14 8.23 7.08 6.20 6.13 6.62 7.22 7.81 8.29 8.42 8.03 7.41
9.07 9.18 9.42 9.66 9.93 10.24 10.54 10.80 10.91 10.76 10.43 9.96 9.43 8.94 8.50 8.07 7.63 7.20 6.76 6.32 6.10 6.18 6.49 7.04 7.82 8.59 9.32 10.04 10.76 11.16 11.10 10.50 9.64 8.91 8.57 8.61 9.29 10.06 10.09 9.63 9.06 8.92 9.23 9.62 9.83 10.17 10.66 11.11 11.57 11.86 11.64 11.01 10.42 10.02 9.64 9.62 9.83 10.14 10.41 10.50 10.56 10.53 10.41 10.20 9.78 9.53 9.44 9.61 9.59 9.52 9.48 9.21 8.39 7.08 5.78 5.21 4.97 5.00 5.39 6.04 6.81 7.13 6.92
9.11 9.27 9.57 9.94 10.31 10.48 10.44 10.34 10.32 10.21 9.93 9.51 8.99 8.49 8.02 7.51 6.92 6.38 6.02 5.87 6.04 6.55 7.22 7.91 8.62 9.23 9.71 10.18 10.68 11.09 11.28 11.23 10.74 9.97 9.47 9.38 9.69 9.86 9.35 8.69 8.41 8.55 8.77 9.00 9.21 9.67 10.32 10.84 11.32 11.67 11.73 11.45 11.04 10.54 9.94 9.72 9.74 9.72 9.63 9.58 9.45 9.38 9.47 9.56 9.42 9.17 8.90 8.77 8.73 8.82 9.06 9.45 9.50 8.99 7.71 6.36 5.26 4.52 4.14 4.26 4.80 5.44 5.67
9.22 9.39 9.62 9.84 9.95 9.85 9.69 9.68 9.83 9.92 9.69 9.24 8.67 8.06 7.37 6.76 6.40 6.28 6.38 6.49 6.64 6.96 7.47 8.13 8.79 9.29 9.57 9.74 9.81 9.82 10.17 10.78 11.11 10.91 10.41 9.85 9.27 8.66 8.24 8.17 8.11 7.98 7.81 7.86 8.30 8.79 9.24 9.46 9.67 9.98 10.22 10.47 10.60 10.52 10.20 9.78 9.43 9.10 8.93 8.89 8.87 9.01 9.25 9.37 9.29 9.01 8.72 8.52 8.43 8.58 8.95 9.57 10.22 10.68 10.63 9.56 8.24 7.02 6.16 5.55 5.10 4.93 4.94
9.21 9.33 9.40 9.36 9.19 9.07 9.26 9.71 10.02 9.93 9.49 8.88 8.23 7.50 6.82 6.59 6.86 7.47 7.76 7.83 7.71 7.62 7.81 8.23 8.62 8.84 8.93 9.05 9.16 9.09 9.26 9.87 10.68 11.09 10.97 10.25 9.07 8.22 7.92 8.06 7.95 7.72 7.63 7.79 8.05 8.14 8.10 7.75 7.40 7.21 7.42 7.75 8.21 8.76 9.04 9.14 9.08 9.00 9.01 9.13 9.28 9.40 9.38 9.23 9.08 8.89 8.71 8.60 8.52 8.70 9.07 9.43 10.09 11.02 11.81 11.98 11.55 10.81 10.04 9.15 8.07 7.26 7.16
9.17 9.23 9.27 9.24 9.16 9.33 9.81 10.21 10.20 9.74 8.95 8.09 7.35 6.74 6.50 6.73 7.37 7.99 8.37 8.55 8.54 8.45 8.42 8.39 8.23 7.99 7.92 8.22 8.72 9.07 9.17 9.29 9.66 10.27 10.58 10.34 9.40 8.68 8.28 8.28 8.28 8.36 8.42 8.41 8.28 7.97 7.54 6.80 5.95 5.55 5.52 5.67 6.02 6.75 7.64 8.38 8.84 9.10 9.30 9.53 9.64 9.46 9.11 8.80 8.68 8.61 8.51 8.52 8.57 8.73 8.91 9.03 9.34 10.01 10.86 11.73 12.21 12.32 12.22 11.92 11.35 10.74 10.26
9.19 9.23 9.34 9.48 9.66 10.00 10.30 10.24 9.74 8.87 7.84 6.75 5.92 5.59 5.57 5.78 6.12 6.62 7.38 8.02 8.49 8.70 8.57 8.10 7.49 7.09 7.09 7.45 7.88 8.23 8.43 8.43 8.55 9.11 9.85 10.18 9.76 9.23 8.84 8.85 8.93 9.05 9.07 9.06 8.91 8.60 8.20 7.63 6.94 6.39 6.24 6.52 7.17 7.94 8.57 8.90 9.07 9.18 9.27 9.32 9.23 8.89 8.57 8.38 8.30 8.20 8.06 8.15 8.29 8.36 8.38 8.41 8.32 8.25 8.58 9.31 10.30 11.03 11.62 12.09 12.24 12.10 11.88
9.22 9.25 9.38 9.63 9.94 10.21 10.14 9.61 8.66 7.48 6.42 5.57 5.09 4.87 4.68 4.48 4.54 4.97 5.65 6.50 7.24 7.76 7.81 7.53 7.23 7.08 7.01 6.95 6.79 6.65 6.74 6.94 7.27 7.94 8.95 9.75 9.80 9.37 9.05 9.16 9.24 9.34 9.48 9.81 9.90 9.83 9.65 9.44 9.33 9.15 8.86 9.13 9.72 10.12 10.13 9.67 9.28 9.05 8.84 8.59 8.36 8.16 7.99 7.95 7.89 7.70 7.53 7.66 7.77 7.78 7.78 7.75 7.43 6.94 6.78 7.12 7.85 8.55 9.24 10.02 10.73 11.09 11.17
9.24 9.28 9.42 9.71 10.02 10.00 9.47 8.51 7.37 6.35 5.64 5.28 5.17 5.18 5.08 4.79 4.58 4.64 4.92 5.41 5.96 6.42 6.81 7.22 7.58 7.75 7.68 7.35 6.97 6.78 6.75 6.88 7.17 7.57 8.17 8.96 9.40 9.28 9.13 9.29 9.44 9.66 10.01 10.54 10.74 10.80 10.76 10.70 10.81 11.05 11.15 11.05 10.81 10.33 9.75 9.36 9.10 8.79 8.35 7.88 7.49 7.33 7.34 7.42 7.52 7.50 7.48 7.52 7.47 7.42 7.43 7.44 7.18 6.60 6.11 5.94 6.31 6.74 7.02 7.44 8.11 8.75 8.94
9.26 9.33 9.48 9.71 9.72 9.23 8.29 7.20 6.29 5.73 5.49 5.46 5.61 5.92 6.18 6.24 6.08 5.89 5.97 6.29 6.68 7.04 7.41 7.81 8.06 8.30 8.65 8.95 9.12 9.15 9.07 9.01 9.00 8.88 8.45 8.51 8.99 9.30 9.54 9.78 9.97 10.28 10.67 11.02 11.00 10.96 10.98 11.01 11.16 11.46 11.63 11.48 10.87 9.90 9.21 9.14 9.07 8.73 8.17 7.58 7.13 6.97 7.16 7.45 7.76 7.96 8.03 7.93 7.62 7.43 7.37 7.47 7.34 6.73 5.81 4.96 4.78 4.95 5.01 5.22 5.80 6.56 6.76
9.27 9.31 9.36 9.25 8.71 7.70 6.58 5.80 5.40 5.30 5.46 5.80 6.18 6.61 7.16 7.78 8.20 8.41 8.67 9.02 9.31 9.44 9.36 9.05 8.69 8.65 9.18 9.81 10.24 10.34 10.24 10.05 9.78 9.37 8.69 8.55 8.96 9.55 10.10 10.42 10.61 10.78 10.89 10.87 10.58 10.45 10.61 10.85 11.11 11.34 11.25 11.14 11.06 10.86 10.42 9.88 9.38 8.94 8.55 8.21 7.99 7.88 7.98 8.17 8.34 8.36 8.28 8.14 7.89 7.82 7.84 7.87 7.64 6.81 5.47 4.15 3.53 3.34 3.36 3.54 3.89 4.48 5.04
9.24 9.25 9.08 8.53 7.53 6.40 5.56 5.14 5.11 5.35 5.83 6.49 7.13 7.76 8.47 9.33 10.04 10.68 11.18 11.36 11.20 10.77 10.15 9.56 9.14 8.99 9.10 9.09 8.96 8.86 8.64 8.45 8.34 8.24 8.27 8.66 9.23 9.84 10.41 10.68 10.71 10.60 10.33 9.97 9.77 9.71 9.95 10.32 10.71 11.03 10.97 10.89 10.97 11.09 10.95 10.31 9.61 9.13 8.84 8.73 8.75 8.84 8.84 8.85 8.78 8.55 8.21 8.11 8.19 8.56 8.71 8.58 8.27 7.35 5.72 4.38 3.63 3.19 2.99 3.01 3.17 3.46 3.96
9.26 9.22 8.87 8.21 7.47 6.85 6.39 6.15 6.14 6.39 6.86 7.50 8.28 9.09 9.92 10.64 11.29 11.74 11.84 11.52 10.85 10.05 9.45 9.24 9.35 9.44 9.23 8.60 7.93 7.61 7.48 7.50 7.74 7.89 8.20 8.81 9.46 9.96 10.31 10.43 10.32 10.02 9.54 9.10 8.90 8.92 9.05 9.33 9.63 9.71 9.80 9.91 10.00 10.00 9.87 9.67 9.32 8.94 8.65 8.49 8.58 8.89 9.09 9.20 9.16 8.96 8.66 8.55 8.68 9.00 9.09 8.96 8.97 8.60 7.25 5.92 4.95 4.23 3.93 3.87 3.87 3.89 4.12
9.19 9.09 8.70 8.36 8.17 7.97 7.82 7.83 8.02 8.17 8.31 8.71 9.43 10.33 11.12 11.58 11.73 11.49 10.85 9.92 9.05 8.50 8.39 8.66 9.16 9.72 9.86 9.68 9.44 9.35 9.36 9.34 9.19 8.93 8.82 9.09 9.45 9.77 9.93 9.93 9.62 9.18 8.77 8.49 8.33 8.32 8.40 8.43 8.19 7.72 7.49 7.69 8.06 8.23 8.33 8.55 8.68 8.62 8.49 8.45 8.60 8.92 9.07 9.07 8.98 8.91 8.84 8.81 8.73 8.73 8.70 8.70 9.31 9.76 9.27 7.99 6.83 5.85 5.76 5.81 5.73 5.60 5.80
9.00 8.82 8.55 8.53 8.65 8.78 8.98 9.31 9.74 10.03 10.14 10.30 10.80 11.43 11.74 11.67 11.18 10.36 9.39 8.56 8.07 7.87 7.97 8.33 8.89 9.77 10.39 10.91 11.19 11.28 11.23 10.99 10.53 9.94 9.47 9.34 9.38 9.50 9.53 9.28 8.77 8.32 8.17 8.23 8.30 8.42 8.51 8.38 7.75 6.92 6.34 6.17 6.10 6.40 7.06 7.80 8.37 8.61 8.62 8.65 8.83 9.02 8.89 8.66 8.44 8.39 8.39 8.32 8.13 8.08 8.07 8.34 9.39 10.53 10.94 10.49 9.49 8.55 8.58 8.64 8.52 8.42 8.63
8.90 8.74 8.59 8.75 9.19 9.75 10.33 10.82 11.20 11.45 11.57 11.64 11.73 11.71 11.41 10.76 9.93 9.07 8.36 7.99 8.14 8.43 8.71 8.95 9.34 9.85 10.18 10.45 10.71 10.84 10.83 10.74 10.56 10.23 9.69 9.38 9.29 9.16 8.86 8.47 8.20 8.30 8.49 8.69 8.85 9.04 9.09 9.07 8.82 8.37 7.80 7.18 6.49 6.63 7.32 8.05 8.59 8.92 9.09 9.15 9.15 9.13 8.91 8.68 8.50 8.34 8.16 7.99 7.89 8.00 8.14 8.53 9.47 10.59 11.54 11.98 11.96 11.61 11.48 11.46 11.31 11.06 10.85
8.95 8.85 8.73 8.94 9.52 10.24 10.86 11.28 11.49 11.62 11.72 11.72 11.54 11.06 10.31 9.45 8.64 8.00 7.57 7.54 8.13 8.80 9.25 9.50 9.68 9.73 9.42 9.04 8.90 8.96 9.15 9.51 9.87 9.99 9.64 9.28 9.00 8.60 8.18 8.08 8.48 9.11 9.38 9.44 9.44 9.49 9.49 9.59 9.70 9.91 9.91 9.57 8.99 8.57 8.56 8.64 8.82 9.16 9.52 9.69 9.65 9.59 9.41 9.25 9.08 8.88 8.69 8.66 8.80 8.82 8.79 8.90 9.30 9.90 10.81 11.85 12.54 12.79 12.81 12.67 12.23 11.71 11.09
8.93 8.86 8.72 8.86 9.21 9.66 9.96 10.14 10.26 10.39 10.56 10.62 10.40 9.86 9.10 8.29 7.59 7.25 7.22 7.49 8.05 8.57 8.99 9.19 9.17 8.88 8.31 7.77 7.34 7.17 7.45 8.00 8.63 9.04 9.18 9.07 8.78 8.49 8.49 8.92 9.53 9.83 9.84 9.76 9.68 9.61 9.53 9.45 9.59 9.92 10.26 10.46 10.36 9.86 9.12 8.70 8.81 9.18 9.56 9.85 10.04 10.16 10.08 9.94 9.76 9.57 9.46 9.46 9.49 9.25 9.02 8.97 9.00 9.25 9.88 10.73 11.43 11.88 12.12 12.12 11.76 11.12 10.29
8.88 8.83 8.76 8.81 8.81 8.76 8.67 8.58 8.64 8.88 9.16 9.22 8.93 8.34 7.60 7.04 7.02 7.43 8.11 8.70 8.90 8.99 9.07 9.07 8.80 8.10 7.18 6.50 6.00 5.75 5.85 6.21 6.69 7.31 7.88 8.28 8.62 8.97 9.40 9.78 9.93 9.84 9.66 9.57 9.55 9.47 9.33 9.06 8.86 8.78 8.95 9.40 9.79 9.65 9.00 8.63 8.75 9.10 9.48 9.88 10.29 10.58 10.57 10.45 10.26 10.02 9.75 9.44 9.12 8.67 8.56 8.63 8.76 8.99 9.37 9.70 9.91 10.02 10.31 10.85 11.15 10.99 10.52
9.11 9.23 9.36 9.21 8.86 8.43 8.07 7.84 7.87 8.12 8.24 7.98 7.36 6.58 5.92 5.97 6.90 8.25 9.29 9.82 9.99 9.95 9.80 9.60 9.33 8.83 7.81 6.65 5.86 5.48 5.31 5.39 5.71 6.19 6.78 7.55 8.39 9.02 9.30 9.28 9.14 9.07 9.03 9.07 9.15 9.17 9.07 8.68 8.06 7.55 7.39 7.58 8.01 8.47 8.51 8.48 8.59 8.89 9.29 9.74 10.22 10.58 10.61 10.52 10.38 10.16 9.80 9.30 8.79 8.29 8.16 8.27 8.48 8.64 8.81 9.14 9.15 8.94 8.78 9.22 9.98 10.62 11.03
9.48 9.73 9.90 9.63 9.14 8.59 8.16 7.92 7.80 7.58 7.06 6.30 5.52 4.91 4.64 4.89 6.00 7.60 8.81 9.63 10.09 10.26 10.19 10.10 10.09 10.04 9.62 8.70 7.87 7.55 7.43 7.25 7.33 7.48 7.73 8.16 8.58 8.76 8.69 8.51 8.33 8.29 8.50 8.69 8.90 9.00 8.95 8.59 7.96 7.38 6.98 6.53 6.30 6.56 7.04 7.64 8.20 8.65 9.05 9.49 9.93 10.15 10.18 10.10 10.11 10.16 10.06 9.71 9.21 8.61 8.21 8.13 8.19 8.34 8.66 9.05 9.12 8.82 8.18 7.84 8.11 8.76 9.52
9.44 9.55 9.57 9.36 9.03 8.60 8.18 7.80 7.28 6.45 5.37 4.61 4.38 4.47 4.63 4.85 5.39 6.23 7.23 8.26 8.92 9.34 9.70 10.07 10.38 10.63 10.88 10.96 10.83 10.71 10.55 10.38 10.19 9.86 9.58 9.34 9.06 8.81 8.61 8.44 8.28 8.24 8.51 8.74 8.92 9.01 9.08 9.03 8.73 8.21 7.54 6.55 5.57 5.42 6.06 7.11 8.07 8.69 9.11 9.47 9.67 9.63 9.57 9.65 9.84 10.12 10.34 10.23 9.79 9.06 8.54 8.35 8.29 8.32 8.46 8.69 9.01 8.98 8.41 7.61 6.96 6.66 6.78
9.06 8.89 8.79 8.79 8.63 8.30 7.81 7.14 6.36 5.61 5.09 4.90 5.16 5.77 6.76 7.60 7.46 7.15 7.12 7.28 7.65 8.21 9.07 9.85 10.22 10.51 11.00 11.56 11.99 12.19 12.08 11.86 11.52 10.98 10.39 9.84 9.32 8.96 8.68 8.45 8.46 8.65 8.91 8.96 8.91 8.91 9.12 9.40 9.37 8.86 7.96 6.90 6.31 6.45 7.15 7.86 8.41 8.83 9.20 9.38 9.24 9.05 9.18 9.53 9.82 10.07 10.36 10.54 10.38 9.88 9.27 8.93 8.65 8.31 7.96 7.98 8.53 8.93 8.73 8.05 7.14 6.47 6.19
8.85 8.63 8.46 8.50 8.43 8.23 7.82 7.23 6.66 6.42 6.67 7.22 7.92 8.98 10.21 11.08 11.38 10.72 9.62 8.97 8.81 9.11 9.73 10.08 10.12 10.11 10.23 10.50 10.89 11.30 11.48 11.46 11.32 10.99 10.56 10.06 9.54 9.10 8.67 8.45 8.67 9.13 9.35 9.11 8.78 8.65 8.90 9.37 9.64 9.44 8.84 8.31 8.17 8.46 8.66 8.58 8.49 8.69 8.97 9.01 8.83 8.80 9.06 9.37 9.57 9.69 9.90 10.22 10.48 10.48 10.01 9.47 8.96 8.41 7.93 7.81 8.24 8.79 8.91 8.63 8.31 8.21 8.16
8.91 8.74 8.57 8.59 8.66 8.75 8.82 8.75 8.62 8.74 9.37 10.31 11.37 12.29 12.88 13.18 13.41 13.24 12.72 12.15 11.70 11.41 11.12 10.67 10.28 9.98 9.73 9.51 9.31 9.31 9.57 9.83 9.96 10.00 10.02 9.97 9.77 9.35 8.91 8.76 8.95 9.07 8.95 8.67 8.44 8.46 8.81 9.42 10.07 10.51 10.53 10.26 10.02 9.80 9.31 8.70 8.54 8.72 8.84 8.80 8.77 8.83 8.87 8.89 8.94 8.94 9.00 9.35 9.83 10.15 10.07 9.67 9.17 8.69 8.31 8.15 8.35 8.78 9.03 9.03 9.07 9.24 9.35
9.08 9.03 8.94 8.93 9.07 9.35 9.73 10.10 10.55 11.12 11.86 12.67 13.24 13.41 13.23 12.92 12.70 12.86 12.97 12.84 12.54 12.11 11.53 10.84 10.29 9.95 9.71 9.51 9.13 8.65 8.34 8.31 8.38 8.57 8.88 9.25 9.45 9.35 9.09 8.81 8.49 8.07 7.74 7.79 8.18 8.60 9.08 9.70 10.46 11.26 11.67 11.59 11.26 10.83 10.23 9.64 9.44 9.34 9.16 8.99 8.88 8.72 8.53 8.46 8.49 8.44 8.36 8.53 8.92 9.36 9.62 9.55 9.22 8.86 8.60 8.47 8.49 8.72 8.98 9.00 8.92 8.90 8.99
9.27 9.34 9.32 9.29 9.41 9.64 9.98 10.52 11.37 12.23 12.82 12.99 12.76 12.21 11.57 11.00 10.67 10.75 10.88 11.02 11.07 11.00 10.79 10.45 10.12 9.84 9.64 9.62 9.57 9.35 8.99 8.69 8.68 8.75 8.78 8.83 8.93 9.04 8.93 8.51 7.94 7.56 7.61 8.07 8.69 9.13 9.52 9.95 10.48 11.14 11.67 11.88 11.85 11.75 11.59 11.21 10.80 10.28 9.71 9.26 8.89 8.56 8.39 8.35 8.33 8.23 8.12 8.17 8.46 8.86 9.18 9.25 9.09 8.88 8.72 8.61 8.57 8.73 8.97 8.96 8.80 8.75 8.77
