project/data/elevation/US_DEM2016/US_DEM2016_point_11-01-2019_0109_30m_ang.asc
ncols	125
nrows	167
xllcorner	-2042055.000000
yllcorner	1465035.000000
cellsize	30.000000
NODATA_value	-9999.000000
[rows 43 to 85 of 167, columns 0 to 95 of 125]
297 299 305 312 317 322 328 333 336 340 346 359 17 39 3 354 349 347 347 344 339 335 333 333 332 329 327 325 323 322 321 320 322 327 329 328 325 323 323 324 328 334 338 330 314 307 310 316 320 324 329 340 351 355 349 341 334 329 321 309 301 301 306 310 312 312 311 311 312 311 305 298 290 284 281 286 296 301 302 310 326 334 331 328 324 321 322 328 336 342 350 359 10 23 32 30
298 300 307 315 320 326 331 336 339 344 352 9 21 36 359 351 347 344 343 340 337 334 333 334 332 329 327 325 323 321 318 316 318 323 328 328 326 325 324 324 326 333 341 332 310 300 299 304 310 312 316 326 342 351 345 339 336 334 328 318 309 307 309 312 314 315 316 316 314 306 299 295 292 287 285 287 292 296 298 304 318 327 326 324 322 318 318 323 330 337 348 2 18 33 37 30
300 303 310 318 323 328 333 337 342 349 0 17 22 10 355 348 345 342 340 338 335 332 331 332 331 328 326 323 321 319 316 313 313 318 325 326 326 327 327 327 326 333 341 329 305 293 293 301 311 318 320 323 332 340 338 336 336 335 331 322 311 307 308 313 317 319 319 316 310 303 301 301 300 298 296 295 297 300 295 305 313 320 322 321 319 317 317 321 328 336 346 3 27 40 38 28
299 303 311 318 323 327 332 337 344 354 9 24 20 3 350 346 344 341 339 337 335 332 330 330 329 326 324 322 319 316 314 310 309 313 321 324 324 326 329 333 334 336 337 323 306 295 296 305 314 319 320 320 325 331 334 336 337 337 334 325 313 307 309 315 318 319 317 315 314 314 314 312 310 308 307 305 305 306 308 311 307 320 321 320 318 317 318 323 332 343 353 9 30 39 33 25
298 301 310 317 321 325 329 335 344 359 18 28 34 358 345 343 341 339 338 337 335 333 331 329 326 324 321 318 315 313 312 309 306 308 317 323 323 323 329 340 350 346 332 321 310 301 300 303 309 310 311 314 320 328 336 341 341 341 338 330 317 310 309 314 316 317 319 322 324 324 324 323 321 318 316 313 312 313 314 317 322 325 323 320 319 319 321 324 333 346 360 18 32 32 27 19
297 300 308 314 319 323 328 335 345 4 26 28 10 355 341 339 337 336 336 336 335 333 330 328 324 320 317 313 310 311 313 311 307 307 314 322 323 322 328 347 4 350 326 317 309 300 297 298 305 310 313 316 322 330 341 348 347 344 341 334 322 313 312 315 321 325 329 332 333 333 333 333 332 330 327 325 323 323 323 323 325 327 323 320 319 320 322 324 330 346 9 30 34 27 18 8
297 299 307 313 318 323 330 337 349 9 26 21 1 349 343 339 335 334 335 336 335 333 329 326 322 317 312 308 307 309 314 315 310 309 315 323 325 324 330 358 12 345 318 308 303 297 296 301 312 317 318 321 326 335 347 355 353 347 342 336 326 319 317 320 326 330 334 337 339 339 340 339 339 338 337 335 334 333 333 332 330 328 324 321 318 319 321 322 328 348 23 38 33 19 8 358
295 298 307 314 318 324 332 341 353 12 19 10 354 347 345 341 337 335 335 336 336 332 329 325 320 315 309 305 304 307 314 315 312 312 317 327 334 338 346 7 2 338 321 314 309 303 304 311 321 323 323 324 330 341 353 1 358 350 343 336 327 320 318 319 324 328 332 336 339 340 341 341 341 340 340 339 339 339 341 342 340 335 330 324 320 318 319 320 328 359 34 40 30 14 1 351
294 297 305 314 320 326 333 342 356 12 12 360 350 348 348 344 340 337 336 336 335 332 328 324 319 313 307 302 301 305 312 313 312 313 318 330 347 360 2 357 348 337 330 325 320 315 316 322 328 328 328 329 335 346 359 6 2 352 343 335 325 316 312 312 316 321 325 329 332 333 335 336 337 337 337 337 337 339 343 345 345 342 339 334 327 324 319 319 333 16 39 38 27 15 1 345
293 295 302 311 320 327 332 340 357 9 3 352 347 349 351 349 343 337 335 334 332 329 326 322 317 312 305 299 298 302 309 310 311 313 317 331 358 8 359 348 342 336 332 329 325 322 322 326 331 332 332 334 340 351 4 11 6 356 345 334 324 315 307 304 305 308 311 312 313 315 318 321 324 325 326 327 327 329 334 338 340 341 341 336 338 311 325 321 343 23 32 28 23 15 360 346
294 295 300 307 316 326 331 339 357 8 22 354 345 351 356 354 346 336 332 330 327 324 322 319 316 311 304 298 297 301 308 312 313 313 316 334 5 6 352 343 337 333 330 327 324 322 322 326 331 334 335 338 345 356 9 15 11 360 346 334 325 316 306 299 296 297 300 302 304 305 305 305 306 307 309 310 309 311 316 320 321 322 327 332 337 318 335 334 351 11 15 17 16 6 354 346
295 296 301 307 314 324 329 337 356 10 359 360 344 357 4 359 347 335 327 324 322 321 320 318 315 311 305 300 299 304 311 316 317 315 318 339 7 0 345 336 331 326 324 322 319 318 319 324 330 334 335 340 349 1 15 20 13 360 345 334 326 318 306 297 293 294 301 305 307 306 302 295 290 288 289 289 287 287 288 289 288 288 296 308 324 337 344 348 352 357 3 8 4 355 349 342
298 300 305 311 318 326 330 335 353 10 1 10 349 12 14 15 344 333 325 321 320 320 320 318 316 312 307 303 302 306 313 319 321 320 323 345 3 354 341 332 326 321 318 315 313 314 316 322 330 334 335 340 352 7 21 24 15 357 343 334 326 317 304 294 292 296 303 307 306 302 295 290 286 282 278 275 271 267 263 266 271 285 296 310 296 336 348 352 350 351 357 0 355 348 343 337
300 303 310 318 325 333 337 340 355 9 4 29 29 16 9 353 342 334 328 324 322 321 321 320 317 314 310 306 305 308 315 322 326 330 337 350 355 350 341 333 325 319 314 311 310 310 313 320 329 333 334 340 355 14 28 28 15 356 342 333 324 314 302 294 294 298 303 306 302 298 295 296 297 293 284 272 264 262 268 275 288 299 309 320 312 343 351 351 348 349 354 354 348 342 336 331
300 304 313 323 332 341 346 349 360 9 30 1 3 5 358 350 344 338 333 330 326 324 323 322 320 318 314 310 308 312 320 328 333 341 350 353 351 348 342 335 327 319 312 308 307 308 311 317 325 330 330 338 1 24 34 30 16 359 345 335 325 317 307 299 297 299 302 302 300 303 307 309 308 302 294 289 288 288 292 298 306 312 318 321 340 350 355 352 347 347 351 350 343 336 330 328
297 301 312 324 335 345 350 355 6 13 7 1 359 356 352 348 344 340 337 334 330 327 325 323 322 321 317 312 312 316 324 331 338 348 357 355 349 345 341 335 328 319 310 305 303 304 307 312 318 322 323 336 8 33 37 28 15 2 348 338 330 324 316 307 303 302 303 306 308 313 316 318 316 308 305 305 305 307 309 312 316 319 324 333 345 354 357 353 346 345 347 346 338 330 327 327
294 298 309 322 334 345 352 0 14 20 32 357 353 354 346 343 340 337 336 334 331 327 324 322 321 320 317 313 313 317 324 330 337 350 359 356 348 342 338 333 326 317 307 301 298 299 301 303 308 312 315 330 13 36 33 21 11 359 347 339 333 328 321 315 310 310 312 314 317 320 322 324 325 322 319 318 318 319 320 320 321 324 328 337 348 356 358 353 345 341 342 341 333 326 326 334
293 296 307 320 331 341 352 6 24 28 12 352 345 340 337 335 332 330 329 328 326 321 319 318 317 315 311 309 311 318 325 330 337 349 357 355 348 342 337 331 324 313 303 296 293 294 296 298 303 309 316 330 6 26 22 12 5 355 345 339 333 328 323 320 318 319 321 320 322 325 330 334 334 331 328 327 327 327 327 326 326 328 332 340 328 358 359 352 342 337 337 336 329 327 334 344
293 295 305 319 329 339 352 14 37 40 20 348 334 328 324 321 317 313 309 307 308 308 307 307 306 305 303 303 307 318 329 336 343 350 355 354 348 341 336 331 322 310 298 294 294 298 303 306 312 320 329 341 1 14 11 5 359 350 343 337 332 328 324 323 323 324 324 324 326 332 339 342 340 336 334 333 332 332 332 331 330 332 337 344 353 0 360 349 337 333 332 331 327 331 343 344
292 294 303 317 331 344 358 27 51 51 29 350 323 308 301 296 291 285 282 285 289 291 292 292 294 296 296 298 303 315 328 337 345 353 358 356 348 341 336 330 322 309 300 298 302 311 318 321 324 331 339 349 3 12 6 358 353 345 338 333 330 327 325 324 324 322 320 322 328 337 342 342 340 338 336 334 334 335 335 334 335 337 341 332 356 3 1 346 333 329 328 326 327 335 342 338
294 296 305 319 334 351 11 41 57 48 27 0 330 307 294 284 293 279 283 288 289 287 286 288 292 294 294 296 300 311 323 332 342 353 2 2 353 342 335 329 321 311 304 304 309 319 326 328 331 336 343 354 8 13 5 355 349 340 331 327 326 325 324 324 323 318 314 316 325 335 338 338 337 336 334 332 332 333 335 334 335 338 342 350 325 318 357 342 329 325 324 323 326 335 337 332
297 300 310 325 341 360 24 47 49 36 20 2 343 328 317 307 297 298 298 299 298 296 296 297 298 297 296 296 300 309 319 325 334 351 6 8 358 346 338 331 323 314 307 306 310 319 326 330 333 339 347 357 9 13 3 352 345 335 326 322 322 322 322 324 321 313 308 310 319 328 331 331 330 329 327 325 325 327 328 328 328 331 336 345 358 309 348 336 326 322 320 320 325 332 332 327
299 303 315 331 348 9 33 43 36 22 10 357 348 341 334 327 320 313 307 306 306 306 307 308 306 302 299 299 303 312 319 323 329 346 3 5 358 348 341 334 325 316 308 305 308 316 323 327 334 343 351 358 9 11 1 349 340 330 322 320 322 322 322 323 316 308 303 304 312 320 323 323 322 320 318 316 315 315 312 305 302 299 296 298 320 332 332 329 325 321 319 319 324 330 328 323
300 304 317 335 355 18 36 34 22 12 2 354 350 347 341 335 329 322 315 310 311 312 314 314 312 307 304 305 310 319 326 330 335 345 356 357 353 347 342 335 325 315 307 303 305 313 319 324 333 344 352 0 9 8 359 346 336 327 321 321 324 323 323 320 312 303 299 300 307 312 315 316 315 312 308 302 297 292 279 263 253 240 234 244 277 304 317 324 326 324 322 322 326 332 330 323
300 304 319 339 2 27 35 26 39 3 357 353 351 348 344 338 333 328 322 316 313 314 314 315 314 312 310 311 316 325 332 338 342 347 353 353 348 343 339 333 323 313 305 301 302 308 314 319 328 339 350 1 9 4 354 341 332 325 322 322 324 324 323 318 309 302 297 297 300 304 305 306 305 303 298 285 268 249 250 235 233 260 236 260 286 300 310 320 326 325 325 327 331 337 338 331
301 305 320 343 11 33 35 21 5 356 351 350 348 345 342 339 336 332 328 322 316 313 313 314 314 314 314 314 318 326 334 340 344 350 356 353 347 342 337 329 320 311 304 299 299 304 310 316 324 332 341 355 5 2 348 335 328 325 324 321 320 323 321 314 307 298 291 288 289 291 291 291 287 283 276 260 240 230 224 236 244 253 273 289 299 305 311 319 324 325 327 331 335 343 346 342
301 305 322 350 19 37 35 20 3 350 343 340 339 337 337 337 336 334 331 327 319 314 312 312 313 314 315 315 318 323 330 336 343 352 359 357 349 342 336 328 320 312 304 299 299 304 312 317 322 326 331 343 355 351 346 331 325 324 324 316 314 317 313 307 300 291 283 279 280 281 279 277 273 263 250 236 231 226 244 268 286 298 305 306 306 310 315 320 324 327 332 337 341 347 352 351
302 307 326 356 25 37 32 19 6 350 336 327 324 326 329 331 333 333 332 331 324 317 313 311 312 314 316 316 317 319 322 327 336 349 359 358 351 343 336 328 321 313 306 300 299 304 311 316 321 326 330 338 349 354 350 335 329 328 324 314 311 310 304 298 294 288 284 283 285 287 288 286 281 266 248 242 253 274 293 304 310 315 317 315 315 318 323 328 330 334 340 345 347 351 357 360
304 310 331 2 29 35 27 16 5 354 340 326 319 318 321 324 327 329 330 331 328 322 316 313 314 316 318 319 319 319 321 324 331 343 355 357 350 342 334 327 321 314 305 299 297 300 310 319 326 332 336 340 350 357 360 346 345 342 335 328 325 320 313 307 304 301 299 298 301 304 306 305 300 288 279 285 298 307 311 315 319 324 325 323 324 328 333 338 340 343 350 354 354 357 4 11
307 314 336 8 30 30 21 10 0 353 346 336 327 322 321 321 323 325 327 330 330 325 319 316 316 319 322 324 325 327 328 330 335 343 351 355 349 341 333 327 322 314 304 297 296 304 317 326 331 336 340 345 355 2 358 352 349 346 342 340 338 333 328 323 319 316 312 308 307 309 310 308 303 304 309 313 315 316 317 321 325 330 331 330 329 333 339 345 349 354 0 3 2 5 15 19
310 317 341 14 29 25 15 3 354 349 345 340 336 332 328 324 323 324 326 328 330 326 320 318 319 322 325 328 330 331 332 335 340 346 352 356 350 341 335 330 324 317 307 300 300 308 320 328 332 336 341 349 359 5 0 352 348 345 342 341 340 336 331 328 324 322 316 307 302 301 301 300 305 314 318 320 320 319 320 324 328 333 335 334 333 336 343 350 356 4 11 13 11 15 22 19
314 322 347 16 25 20 9 356 347 343 340 340 339 337 333 328 325 323 324 327 329 326 321 318 319 322 326 329 332 332 333 336 341 346 353 357 351 342 337 333 327 320 310 302 301 306 315 321 325 330 337 348 360 6 2 352 346 342 339 337 335 332 329 326 323 320 312 298 293 293 298 307 315 319 321 322 322 320 320 324 328 333 335 336 336 339 344 350 359 11 20 21 19 22 23 16
317 326 353 15 19 14 2 349 341 338 336 336 336 335 332 328 325 323 322 324 326 325 321 318 318 321 324 328 330 332 333 336 340 345 352 355 351 344 339 333 327 320 310 301 298 300 307 313 318 324 332 342 356 5 2 352 344 340 336 332 329 327 326 324 320 314 305 295 293 299 310 318 320 321 323 324 324 321 321 323 326 329 330 330 333 340 347 352 1 16 26 27 25 25 22 13
319 330 358 14 14 5 352 343 338 334 332 330 329 328 326 324 323 322 321 322 323 323 320 318 317 319 323 328 329 331 334 338 343 346 349 354 353 348 341 333 325 318 309 299 295 297 305 313 319 325 333 342 353 2 358 350 344 340 335 329 325 325 327 326 321 315 310 305 304 311 320 325 325 326 327 328 327 325 324 325 325 321 317 317 322 334 348 358 7 18 27 27 24 22 19 10
320 332 1 15 10 355 345 339 335 332 328 324 323 321 320 320 320 320 321 322 322 322 320 317 315 316 322 328 329 330 336 342 347 349 351 356 358 354 345 334 326 318 309 298 292 293 300 309 316 321 329 339 350 355 352 347 343 340 336 330 327 331 337 333 327 324 321 318 318 322 326 328 329 330 331 331 330 329 329 331 331 326 319 314 316 324 341 359 13 23 26 23 19 19 15 7
321 334 5 16 6 349 341 337 342 332 328 324 321 320 318 318 318 320 322 323 322 322 320 316 312 312 318 326 327 328 335 343 347 350 353 0 6 1 348 335 325 317 306 294 287 286 291 298 304 310 319 332 343 349 349 345 342 340 337 332 332 341 343 333 328 328 328 327 327 328 328 328 329 332 333 333 332 331 332 335 338 337 332 325 322 325 336 356 16 27 25 18 15 15 11 2
325 339 9 14 1 347 340 338 336 333 330 326 322 320 319 318 319 321 324 324 324 323 320 314 308 305 310 320 323 323 329 338 344 349 356 6 12 6 350 336 324 314 304 292 285 283 287 295 304 312 323 332 339 347 350 346 343 341 338 336 339 344 338 330 327 328 329 329 329 328 325 324 326 330 331 331 330 330 331 335 340 342 340 336 332 333 340 356 16 24 19 13 12 11 5 356
335 348 7 7 357 347 341 338 335 332 329 325 322 320 319 318 319 321 324 325 324 323 319 313 304 299 301 310 314 313 317 326 334 344 357 12 11 8 353 341 329 321 312 301 292 291 295 303 312 320 328 334 340 347 353 350 347 346 344 343 344 341 335 329 326 326 327 328 328 325 319 317 320 325 328 327 327 328 328 331 336 341 342 341 339 340 346 359 13 15 12 9 7 5 358 349
351 355 0 359 353 346 340 336 332 329 326 322 319 318 318 317 318 320 324 325 323 321 318 311 302 295 293 299 305 302 300 306 317 333 354 14 16 5 354 345 336 330 323 313 305 302 304 311 318 323 328 333 338 347 354 353 4 349 349 349 347 341 335 328 325 323 324 326 325 320 313 311 314 321 325 325 325 327 328 329 332 336 340 342 343 345 351 2 11 9 6 5 2 358 350 343
359 358 357 355 349 342 337 333 329 326 322 319 317 316 316 316 317 320 324 323 319 317 315 308 299 293 290 294 300 300 297 299 306 320 347 7 10 360 351 343 336 332 328 320 311 307 308 313 319 324 328 331 337 346 355 355 4 350 348 348 345 340 333 326 322 321 325 327 324 317 310 307 310 318 324 324 323 325 328 330 332 334 336 340 344 350 356 4 9 6 3 2 358 351 344 341
355 357 359 355 346 338 334 330 326 322 319 316 315 315 316 316 316 320 326 324 316 313 310 302 297 293 292 298 308 312 311 311 315 323 340 357 2 354 346 339 335 332 329 321 312 307 307 312 318 325 329 333 339 347 357 358 6 352 345 344 342 336 329 323 319 320 327 329 324 317 309 304 305 312 320 321 319 321 324 328 331 333 333 335 341 351 1 8 8 5 2 1 356 348 342 341
349 355 0 355 344 335 331 327 323 319 316 314 313 314 315 316 316 321 328 324 312 308 305 301 298 298 300 307 319 325 325 325 327 333 344 356 357 349 342 337 335 333 328 321 312 307 307 312 320 328 332 336 341 349 357 359 353 347 344 341 338 333 326 319 316 320 328 328 324 317 307 300 298 304 311 311 310 311 316 321 326 331 331 329 334 349 4 11 11 7 4 3 359 351 348 349
346 352 357 352 341 334 329 324 319 316 313 312 312 313 315 316 316 319 324 318 310 308 308 307 305 305 307 312 322 329 332 333 335 339 346 354 353 346 342 340 338 333 327 321 313 307 307 313 322 330 335 339 344 350 357 359 352 346 343 339 334 329 322 316 313 319 327 327 323 316 307 299 296 300 305 304 299 298 301 305 312 320 326 323 325 341 2 12 15 12 10 8 7 3 359 356
