project/data/elevation/US_DEM2016/US_DEM2016_point_10-28-2019_2259_30m_ang.asc
ncols	125
nrows	167
xllcorner	-2042055.000000
yllcorner	1465035.000000
cellsize	30.000000
NODATA_value	-9999.000000
[rows 0 to 43 of 167, columns 0 to 95 of 125]
355 353 346 342 343 345 346 348 350 352 355 355 354 353 354 355 356 356 355 354 352 350 350 353 355 356 358 359 357 355 351 347 345 344 342 339 337 339 342 345 347 348 348 349 350 350 348 346 346 346 347 349 352 353 354 355 357 356 354 353 351 350 348 347 349 351 354 355 353 350 348 348 348 349 349 350 350 349 347 350 354 355 353 351 351 352 354 355 355 351 350 351 351 349 348 348
355 353 346 342 343 345 346 348 350 352 355 355 354 353 354 355 356 356 355 354 352 350 350 353 355 356 358 359 357 355 351 347 345 344 342 339 337 339 342 345 347 348 348 349 350 350 348 346 346 346 347 349 352 353 354 355 357 356 354 353 351 350 348 347 349 351 354 355 353 350 348 348 348 349 349 350 350 349 347 350 354 355 353 351 351 352 354 355 355 351 350 351 351 349 348 348
3 357 347 341 339 339 340 342 346 350 354 356 354 352 353 355 358 359 358 355 352 349 348 352 355 358 2 4 2 358 355 351 348 347 346 342 337 336 338 342 345 346 347 348 349 351 351 348 346 345 345 347 351 353 354 355 358 358 357 356 353 350 347 345 346 349 353 356 355 353 350 349 349 349 349 349 349 346 344 348 354 355 353 350 351 353 356 358 357 352 350 351 352 351 348 346
12 3 348 341 335 330 329 332 337 344 351 355 354 351 351 356 360 2 2 358 351 346 346 351 357 4 10 13 10 4 359 356 353 351 350 347 342 337 334 336 340 344 346 347 347 350 351 350 347 344 343 345 349 352 353 354 358 360 0 360 357 353 347 343 341 344 349 354 355 354 353 353 352 351 349 347 345 342 338 342 350 352 349 347 350 356 0 3 360 353 351 352 353 351 347 344
13 3 349 343 338 331 324 324 328 335 344 352 353 351 350 354 358 1 2 357 350 346 347 352 0 10 17 17 12 5 1 358 355 354 353 352 348 344 340 336 337 341 344 345 346 347 349 350 347 344 343 345 349 352 353 353 353 354 356 358 358 356 353 348 344 342 342 345 349 352 354 355 355 354 351 346 343 339 336 338 344 344 342 343 350 359 4 5 359 353 351 352 350 346 343 342
10 2 350 344 341 336 328 322 321 325 334 346 351 351 349 352 357 358 357 353 348 346 350 357 5 14 18 15 9 4 1 358 356 356 356 355 352 349 346 340 334 334 338 341 343 345 347 347 346 344 344 347 351 354 355 354 352 349 349 351 354 357 357 355 350 344 340 339 341 344 349 353 354 353 349 344 341 339 336 336 338 337 334 337 348 1 6 4 358 352 351 350 346 341 340 343
6 360 351 346 344 340 335 328 320 317 323 336 346 346 345 351 357 358 355 350 346 347 354 2 10 16 16 11 5 1 358 356 356 357 357 356 354 352 350 346 338 332 330 333 338 342 344 343 342 342 343 348 354 358 359 357 354 352 351 351 352 355 358 357 352 347 343 340 340 343 346 350 351 349 346 343 340 337 335 335 335 333 330 332 343 358 5 2 355 351 350 347 342 339 342 351
1 357 351 349 348 345 341 335 325 318 317 325 335 338 340 347 356 0 357 350 344 347 356 6 12 15 13 8 2 358 356 355 356 357 357 356 355 355 354 352 347 339 331 328 331 337 340 339 337 337 341 347 355 360 1 359 357 357 358 359 358 357 356 355 352 349 345 342 343 345 348 349 349 348 345 343 341 337 334 334 334 331 330 331 338 352 0 358 352 349 347 343 341 343 353 4
354 353 352 352 352 350 347 341 333 326 322 323 326 329 334 342 354 2 2 352 344 346 357 8 13 12 8 4 0 356 354 354 354 354 353 354 356 357 358 357 355 350 342 335 333 336 339 339 336 336 339 346 353 358 1 2 2 3 6 6 3 359 355 354 352 350 346 343 344 348 349 349 348 347 345 344 342 340 337 336 335 332 331 326 337 346 354 352 348 347 345 343 345 355 7 11
347 350 354 356 356 354 351 345 338 335 333 330 326 326 328 336 351 3 3 353 346 348 358 8 11 7 2 0 358 355 352 351 350 349 350 352 355 357 359 359 359 357 353 347 342 339 340 339 337 336 340 347 352 355 359 3 6 10 12 8 3 358 355 352 351 350 347 346 348 349 349 348 346 345 345 344 343 343 343 343 341 339 337 338 341 346 350 347 345 346 347 348 355 5 7 6
339 345 356 359 359 357 353 347 343 342 341 339 335 330 329 333 346 358 358 353 350 353 1 7 6 2 359 356 355 352 350 347 346 346 348 351 353 355 357 359 360 359 358 355 350 343 339 337 336 338 344 351 355 356 358 1 9 14 12 6 0 356 353 350 347 348 348 350 352 352 349 346 344 344 344 344 344 345 347 349 348 346 344 344 346 349 348 343 343 347 352 355 359 2 1 1
330 339 353 358 359 357 353 350 349 349 349 347 344 341 337 336 343 349 352 351 353 358 4 5 1 359 357 353 349 348 346 344 344 346 349 351 349 349 352 355 357 358 359 359 356 349 342 336 336 339 347 355 360 2 3 3 6 8 6 2 358 353 350 348 344 344 348 353 356 354 349 344 342 342 344 344 345 347 350 351 348 345 345 346 349 351 348 341 341 348 354 356 357 357 358 358
331 334 343 352 356 355 353 352 353 355 355 353 352 350 347 344 344 345 346 349 355 2 6 2 358 355 352 349 346 344 343 342 343 348 351 349 344 344 347 349 351 354 356 358 359 355 346 339 337 341 348 356 3 7 7 4 0 360 359 358 354 350 348 347 344 343 347 353 356 355 350 344 341 342 344 346 347 349 351 348 341 336 335 339 345 348 346 341 341 347 351 353 355 355 355 355
340 338 337 342 348 351 352 353 356 357 357 357 357 357 355 351 349 347 344 347 356 6 6 359 354 351 348 346 344 342 341 342 345 350 348 342 339 341 343 343 344 346 349 355 358 356 349 343 342 346 351 358 6 8 4 359 356 355 354 353 351 349 347 346 345 344 346 351 355 355 350 345 343 345 348 350 350 351 351 346 339 334 331 333 337 341 343 343 342 344 347 350 352 352 352 351
343 343 342 340 340 344 348 351 353 354 354 355 357 358 358 357 355 353 348 349 358 5 3 356 353 350 346 345 345 343 343 345 348 350 347 341 337 339 340 339 339 340 342 347 352 352 349 347 348 353 358 4 6 1 356 354 355 353 350 349 348 348 347 346 346 345 347 350 354 355 350 346 346 351 355 355 353 351 349 346 342 338 336 336 336 337 341 344 342 342 344 346 347 348 348 348
339 343 347 347 341 337 338 339 340 339 338 341 347 351 354 357 0 360 356 356 360 1 359 357 357 354 350 348 349 348 347 346 347 350 350 348 345 343 342 343 342 341 341 343 345 347 349 351 355 360 4 5 1 354 352 353 356 353 347 345 345 347 348 348 347 347 348 352 355 355 352 351 354 359 359 355 352 351 348 344 341 340 340 338 337 338 343 345 342 339 341 343 343 344 346 347
338 341 348 352 350 342 334 332 332 330 330 331 336 339 343 352 2 5 4 2 360 358 358 0 1 358 354 351 351 352 351 347 345 348 351 351 350 348 346 346 347 346 345 344 343 345 349 355 1 4 5 3 356 352 351 353 356 352 346 343 343 345 348 350 350 349 350 352 354 356 356 358 2 1 357 353 353 352 349 344 341 341 341 340 340 342 345 347 344 339 339 341 342 344 350 352
344 345 350 357 358 351 342 338 337 337 337 338 340 340 341 348 359 5 6 3 0 359 1 2 1 358 354 352 352 353 353 350 346 345 348 351 351 351 349 347 347 346 345 344 343 345 351 360 5 6 5 0 354 350 350 354 355 349 344 341 341 344 347 351 353 353 351 351 352 356 360 4 4 359 354 353 355 355 352 348 345 343 342 343 345 347 348 348 345 339 337 340 343 348 354 354
348 350 356 1 358 350 343 341 341 342 343 345 347 348 349 351 357 3 5 2 2 3 3 2 360 357 354 352 351 352 354 353 350 346 346 348 351 352 351 348 346 345 345 345 344 347 354 2 5 5 3 358 352 349 350 354 353 346 342 341 341 343 346 350 354 355 353 350 349 353 359 2 1 357 354 355 356 356 355 353 351 348 346 347 349 350 349 347 344 340 338 340 344 349 352 351
349 355 3 1 352 345 342 342 344 346 348 350 353 355 357 358 359 2 3 1 3 5 4 1 359 356 354 352 350 350 351 352 351 349 348 348 350 351 351 348 346 346 346 348 351 355 359 359 359 360 358 355 351 350 352 354 349 343 341 341 342 343 345 347 351 354 354 352 349 348 352 355 356 355 355 356 356 356 356 357 357 355 353 352 352 352 350 346 343 343 342 342 343 346 346 347
359 3 4 355 345 341 342 344 347 350 352 354 357 0 2 3 4 4 2 1 3 4 2 1 359 357 354 352 350 349 347 348 349 349 349 350 350 350 349 349 348 349 351 356 1 2 358 353 352 353 353 352 352 354 355 353 347 343 342 343 344 344 343 342 343 346 350 352 348 343 342 345 348 350 353 355 355 354 355 358 360 1 0 357 353 352 350 349 348 348 348 344 342 342 342 345
11 6 356 348 342 341 342 346 349 353 355 356 359 2 5 7 8 6 1 0 1 0 359 359 358 357 354 352 351 348 345 345 347 348 350 351 350 348 349 350 352 355 1 6 4 359 353 349 347 347 348 350 353 357 357 353 348 345 345 346 346 345 341 334 329 329 333 338 338 332 330 331 336 341 346 350 351 351 352 356 360 3 5 2 356 353 352 353 354 355 352 346 342 341 342 346
4 358 351 347 343 343 345 348 351 354 356 357 359 2 6 10 11 6 0 357 356 355 356 356 356 355 354 352 350 348 345 344 346 349 351 352 349 347 351 356 0 5 9 6 358 353 348 345 343 343 345 349 354 358 358 356 352 350 350 351 350 347 341 329 318 313 313 315 319 319 317 318 321 327 333 340 344 344 347 351 356 1 5 4 1 356 354 354 356 357 353 347 343 344 346 347
349 349 349 348 346 347 349 351 353 354 356 357 359 2 6 11 10 3 358 354 351 351 351 352 353 352 351 350 349 348 346 346 348 352 354 352 348 350 357 5 9 9 4 358 353 349 344 341 340 340 343 348 352 356 358 358 358 357 357 358 358 355 348 337 329 324 322 321 323 321 316 310 308 313 321 328 333 336 341 346 349 355 2 6 6 1 355 353 354 355 352 347 343 344 346 345
336 340 346 348 349 350 352 353 353 354 355 357 359 2 6 8 5 360 357 354 350 348 347 347 347 347 347 348 348 349 350 352 355 358 357 352 350 357 5 8 6 1 356 352 349 346 343 340 339 340 343 347 351 354 357 359 1 3 4 5 5 359 350 343 338 335 332 331 331 329 324 315 308 305 310 316 320 324 332 338 341 348 358 5 7 4 358 354 354 354 353 349 344 342 343 343
325 330 341 347 351 354 354 353 353 353 354 356 358 1 3 4 1 358 358 356 353 350 347 345 343 343 344 346 349 352 357 2 6 5 359 355 357 1 2 0 357 355 351 348 346 344 343 342 342 342 344 347 350 353 355 358 2 7 9 9 6 358 350 345 342 340 338 338 337 334 331 327 320 314 312 312 310 311 318 325 331 339 350 359 5 5 1 356 355 355 354 350 345 342 342 342
320 324 335 343 351 356 356 354 353 353 353 355 357 358 0 357 358 357 357 356 353 350 347 345 343 342 344 347 353 359 8 14 12 6 1 357 356 358 357 355 352 350 347 345 343 342 342 344 346 347 346 346 347 350 352 356 2 8 10 8 2 356 351 348 346 344 344 344 342 339 337 337 333 326 322 319 313 310 312 317 322 331 340 350 359 4 4 359 356 355 354 351 345 342 343 342
318 323 332 340 348 355 358 358 356 355 355 356 358 358 359 359 356 355 355 353 350 348 346 345 344 344 347 352 1 12 18 15 7 1 359 358 355 355 355 353 350 346 343 341 340 340 342 347 351 353 350 346 344 345 348 355 3 6 5 2 357 353 352 352 352 351 350 349 347 346 346 345 339 334 331 330 325 320 320 320 321 324 331 340 351 0 4 3 357 355 354 351 345 343 343 343
320 322 328 335 343 351 357 360 359 357 357 357 358 359 1 0 356 352 350 348 346 345 345 345 347 348 353 1 12 17 13 4 0 358 357 357 355 354 354 353 349 344 340 338 338 339 343 349 355 358 355 349 343 342 345 354 1 1 359 355 351 350 352 355 357 358 357 354 353 353 354 351 345 340 339 337 332 329 330 330 328 324 325 331 341 352 1 4 1 356 354 350 346 343 343 343
325 326 329 333 338 345 354 359 0 359 358 358 358 359 2 360 357 351 346 343 343 345 347 349 352 355 1 10 13 8 359 356 357 356 355 355 355 354 353 352 349 343 338 336 336 339 343 349 355 358 357 353 347 343 345 352 355 356 354 349 346 346 350 355 360 1 1 359 359 359 358 355 351 348 345 342 338 337 338 339 338 332 325 324 330 341 353 1 3 0 356 352 347 344 344 346
329 331 335 336 337 341 349 357 1 2 0 359 357 358 1 357 356 349 344 342 344 349 355 359 2 5 11 10 1 353 350 351 353 354 354 353 353 353 352 350 347 342 339 337 337 340 343 346 351 355 357 355 352 348 348 350 351 352 350 344 342 343 347 353 358 0 1 2 2 1 359 358 358 356 352 347 344 344 346 347 345 339 331 324 321 327 339 352 0 2 360 355 350 347 347 348
326 330 338 341 339 339 344 353 1 4 3 1 359 359 1 1 355 348 346 347 353 0 9 16 15 10 6 358 346 341 342 345 348 350 351 351 352 352 351 348 344 341 339 340 342 344 343 344 346 349 354 355 354 353 351 350 349 349 346 340 339 341 344 349 352 354 358 1 2 1 0 1 1 1 357 354 352 352 353 352 349 345 340 331 322 318 323 335 349 358 0 358 355 351 349 349
321 324 332 337 339 338 341 349 357 3 5 5 3 2 3 1 354 350 352 359 6 21 21 16 9 2 358 352 343 336 334 337 341 344 346 347 349 350 348 345 341 338 338 341 345 347 346 343 341 344 349 352 355 356 355 353 350 348 343 337 337 338 340 343 345 347 351 356 359 359 360 1 2 1 1 1 1 360 357 354 352 350 346 338 330 324 320 322 331 344 354 357 358 354 349 347
326 325 324 328 332 333 336 342 351 360 5 7 7 5 5 3 357 355 1 16 15 10 10 9 4 359 357 354 349 343 338 338 338 339 341 344 345 346 345 342 339 337 337 339 342 344 343 339 335 338 343 347 353 358 358 356 352 349 342 338 336 335 336 337 339 341 346 352 354 356 357 358 358 359 3 7 9 7 0 356 356 356 350 341 336 334 331 327 326 328 338 349 355 354 347 345
340 335 329 329 330 331 332 335 343 353 2 7 9 8 6 5 2 1 12 13 6 6 7 6 3 360 358 356 353 350 347 346 345 343 341 341 342 342 342 340 338 338 338 338 336 334 333 332 330 331 337 343 351 358 360 357 353 349 344 340 339 338 337 335 334 336 342 348 350 352 355 355 353 356 2 9 11 9 5 1 2 359 350 343 341 341 341 340 336 333 333 339 347 350 346 342
345 341 338 338 340 340 337 335 338 346 356 4 9 10 9 8 6 3 1 3 2 2 3 3 2 1 359 358 356 354 351 350 350 349 345 342 341 341 341 340 340 342 344 344 339 335 333 333 333 332 334 339 349 357 0 357 353 350 345 343 342 341 341 338 334 334 337 342 345 349 353 353 349 352 359 4 7 8 8 7 4 359 352 347 346 347 348 348 345 342 340 340 343 347 347 343
341 341 342 345 347 348 347 343 341 343 349 357 6 11 12 12 8 0 4 357 357 357 358 359 0 0 0 0 360 358 355 352 350 350 349 347 344 342 341 341 344 348 351 348 342 338 338 339 340 339 337 338 346 356 360 357 353 350 346 343 343 345 345 342 339 335 334 336 338 343 351 352 347 348 354 357 360 5 7 7 4 360 355 352 352 354 355 352 347 343 342 342 344 347 349 346
336 338 344 348 351 353 353 351 349 347 346 350 359 9 14 14 6 356 352 352 352 352 354 356 357 359 360 1 2 2 360 355 350 347 348 347 346 343 341 342 346 352 354 351 345 342 342 344 346 346 342 338 343 353 360 357 353 350 345 342 344 347 350 349 347 342 337 333 333 338 347 350 346 346 349 351 353 358 2 3 2 1 360 359 1 2 360 353 347 343 342 342 343 347 351 350
331 335 344 350 352 354 354 355 355 352 346 346 352 4 7 13 4 3 348 346 347 348 350 352 354 356 358 0 2 4 3 359 352 347 345 345 345 343 341 341 344 350 354 353 350 348 347 348 348 348 344 339 340 351 359 357 352 349 344 341 344 349 353 354 353 350 343 335 329 332 342 348 344 343 345 347 348 351 354 357 359 2 4 8 9 6 358 350 347 347 347 346 346 349 354 355
328 332 344 350 352 352 354 356 357 354 349 348 352 356 2 7 9 354 356 345 345 346 347 349 351 352 355 357 0 3 4 1 356 350 345 343 343 344 343 341 341 346 352 354 355 355 353 352 350 347 344 340 339 348 357 356 351 347 344 342 344 347 350 353 354 352 347 337 326 324 335 343 339 338 341 344 344 344 346 350 355 1 7 12 12 3 353 349 349 351 352 353 353 355 358 359
328 332 343 350 351 351 352 355 356 353 351 352 357 4 360 18 4 355 353 350 347 346 346 347 348 349 351 354 357 1 2 1 356 350 345 343 343 344 344 344 344 345 348 353 357 359 357 356 355 352 348 344 343 348 354 353 348 346 345 346 347 348 346 346 345 345 344 339 330 323 326 333 333 333 338 343 343 340 340 346 352 357 4 9 7 360 353 350 351 354 356 357 360 2 4 3
332 336 344 350 351 352 353 354 354 352 351 354 1 7 4 358 356 357 358 356 351 348 347 346 346 347 348 351 354 357 359 358 354 349 345 343 342 344 345 347 349 348 348 351 356 360 359 357 357 356 354 352 349 350 353 351 347 346 348 350 352 353 350 345 342 341 341 340 336 329 325 324 324 326 333 341 342 336 336 344 351 354 357 1 0 357 355 353 353 355 357 360 3 7 9 8
336 339 346 350 352 352 353 353 352 351 353 357 5 7 2 358 357 357 358 356 352 349 348 348 348 348 349 350 351 353 354 353 350 347 346 344 342 341 344 349 353 352 350 351 355 359 359 356 356 357 359 359 357 355 353 351 348 348 351 353 355 356 353 347 344 344 343 341 339 337 333 325 317 315 322 332 333 329 331 341 351 352 350 351 353 355 356 356 356 358 360 2 5 9 13 12
337 340 346 350 351 352 352 352 351 352 355 1 7 21 359 357 356 356 357 354 351 349 349 349 349 350 350 350 350 350 349 347 345 346 348 348 345 341 342 347 354 356 355 353 354 356 357 355 353 353 356 360 1 358 352 350 350 351 352 354 356 356 354 349 348 348 346 343 342 342 340 331 318 308 308 316 319 319 322 335 347 348 345 345 348 352 356 358 358 359 2 5 8 12 16 13
