project/data/elevation/US_DEM2016/US_DEM2016_point_10-29-2019_1313_30m_ang.asc
ncols	125
nrows	167
xllcorner	-2042055.000000
yllcorner	1465035.000000
cellsize	30.000000
NODATA_value	-9999.000000
[rows 0 to 41 of 167, columns 0 to 93 of 125]
157 154 149 149 152 155 156 157 159 161 164 166 166 163 162 165 167 167 166 164 160 157 158 162 164 166 167 168 164 158 151 143 136 131 131 130 131 136 141 144 145 146 146 146 147 147 145 144 145 148 152 157 161 163 164 165 166 165 162 160 159 157 156 156 156 158 160 161 158 156 154 153 154 155 156 157 158 157 156 158 162 165 160 157 159 162 164 165 163 158 154 153 151 148
157 154 149 149 152 155 156 157 159 161 164 166 166 163 162 165 167 167 166 164 160 157 158 162 164 166 167 168 164 158 151 143 136 131 131 130 131 136 141 144 145 146 146 146 147 147 145 144 145 148 152 157 161 163 164 165 166 165 162 160 159 157 156 156 156 158 160 161 158 156 154 153 154 155 156 157 158 157 156 158 162 165 160 157 159 162 164 165 163 158 154 153 151 148
161 156 149 147 149 151 152 153 155 158 162 166 166 162 161 163 167 169 169 167 161 156 156 160 164 167 170 171 167 161 154 147 140 135 134 133 133 135 139 143 145 145 146 146 147 150 151 150 149 148 150 155 160 162 164 165 166 166 165 162 159 157 155 154 154 156 159 161 160 158 156 155 155 155 155 155 156 155 153 155 161 165 160 156 158 162 165 168 166 161 157 156 155 153
168 160 149 146 146 146 146 146 147 150 157 163 165 161 157 160 167 171 174 170 161 153 153 158 164 170 175 177 175 169 162 154 148 144 142 141 139 137 138 142 145 147 149 149 149 152 155 155 152 148 147 152 157 160 162 163 165 167 167 166 163 159 155 152 150 150 153 157 159 160 159 158 157 156 154 153 153 151 148 149 157 162 157 153 156 163 169 172 170 164 160 160 160 157
169 161 151 148 146 144 142 141 142 144 149 157 162 160 154 156 163 170 174 170 159 153 153 158 165 173 179 181 179 174 166 159 154 152 151 149 146 143 141 143 146 149 150 151 150 152 154 154 150 147 148 151 155 157 159 159 159 159 161 163 163 162 159 155 151 148 148 149 152 155 156 157 157 156 153 151 149 147 145 146 151 155 152 149 153 164 171 174 170 164 162 162 159 154
166 160 152 149 148 145 142 140 139 139 142 151 159 158 152 154 161 167 169 165 157 152 154 160 168 176 180 181 179 174 167 161 157 156 156 154 151 148 146 145 144 145 147 148 149 150 152 151 147 146 148 152 156 159 159 157 155 154 154 156 158 160 160 157 153 148 145 144 145 147 149 151 152 152 151 148 146 145 144 145 147 148 146 145 150 162 171 173 169 163 162 161 155 150
162 158 153 151 150 148 145 141 137 135 137 144 153 155 151 153 160 166 166 161 154 151 156 164 172 177 180 180 176 171 165 161 158 158 159 157 155 153 151 148 145 142 142 144 145 147 148 146 143 142 145 152 158 162 163 161 159 157 157 156 156 156 157 157 153 148 144 143 144 145 146 148 149 148 147 145 143 141 141 143 144 144 143 142 146 158 169 171 166 162 161 158 151 147
158 157 155 154 153 150 147 142 136 133 133 139 147 150 148 150 158 166 166 160 151 150 157 167 174 178 180 178 172 167 163 160 159 160 161 160 160 159 158 155 150 145 141 139 140 143 144 142 139 139 143 151 159 165 167 166 164 163 163 162 159 156 155 155 152 147 143 143 145 147 148 148 147 146 144 142 140 138 138 140 141 141 141 141 144 154 165 168 163 160 159 154 149 148
154 155 157 158 157 154 150 144 138 135 134 137 141 144 144 147 155 164 167 159 150 150 158 168 175 178 178 175 170 165 161 159 159 159 160 162 163 164 164 163 160 154 147 142 142 144 146 143 139 139 143 150 157 163 166 167 167 167 167 165 161 157 155 154 152 148 143 143 146 149 150 149 147 145 144 144 143 141 141 141 141 140 140 141 145 152 161 164 160 157 156 153 151 153
149 152 159 161 161 158 154 148 143 141 140 140 140 141 142 145 152 163 166 159 151 152 159 168 174 175 174 170 167 164 160 158 157 157 158 161 163 164 165 166 166 163 158 152 149 149 148 143 140 141 145 149 155 158 161 163 166 168 168 165 161 157 154 154 153 150 146 146 149 152 152 150 147 147 147 148 148 148 148 148 148 146 145 146 148 153 159 160 157 156 156 155 155 160
143 148 158 163 164 162 158 154 151 150 149 147 145 143 143 145 151 160 163 157 154 157 163 169 172 172 170 166 164 161 158 156 154 154 156 159 159 160 162 165 166 165 164 160 156 152 148 142 140 142 147 151 155 157 157 158 163 167 167 164 159 154 152 152 152 150 150 152 153 154 154 151 148 148 149 151 151 152 153 155 155 153 152 152 153 156 158 157 155 156 158 159 161 164
136 141 153 161 164 164 162 159 159 159 157 155 152 150 148 147 151 158 159 157 157 162 167 170 170 170 167 163 159 157 155 152 151 152 155 157 155 154 157 160 161 163 164 163 161 157 149 142 139 142 148 153 158 160 159 158 160 164 165 162 157 153 151 151 151 150 151 155 158 157 155 150 148 149 151 151 152 152 154 154 153 152 152 153 155 157 157 155 155 158 162 164 165 165
135 137 146 155 160 162 161 161 163 164 164 162 160 158 155 152 153 156 156 155 158 165 170 170 168 166 162 158 155 153 150 148 147 149 152 153 150 149 151 153 155 157 159 161 162 159 151 144 141 142 147 153 158 161 161 159 159 162 163 160 155 151 150 151 151 149 151 156 160 159 156 150 148 150 151 152 151 150 148 145 141 140 142 145 150 153 154 154 157 160 163 165 165 165
141 141 143 148 152 156 158 160 163 165 165 165 165 164 162 158 156 156 155 155 159 167 170 167 164 161 157 154 151 147 144 142 140 143 146 146 144 144 145 145 148 150 151 155 158 157 152 147 145 146 148 153 157 158 157 156 158 161 161 157 153 150 150 151 151 151 152 156 160 160 157 151 150 152 153 152 148 145 143 139 135 134 137 140 144 147 151 155 158 160 161 163 164 163
143 145 147 147 146 146 149 152 155 158 159 161 164 165 165 163 161 160 158 157 160 166 167 164 161 157 153 148 145 142 140 139 139 141 142 139 138 140 141 141 142 143 144 148 151 151 150 150 151 153 154 157 158 156 154 155 159 161 158 154 152 151 151 152 152 153 155 158 160 161 157 153 152 154 154 151 147 146 145 142 139 138 139 142 143 146 150 155 158 158 159 161 161 159
141 144 148 149 145 139 136 136 139 141 143 147 153 158 161 163 165 164 162 161 163 165 164 162 159 156 151 147 145 143 142 144 145 146 145 143 142 143 144 145 145 145 145 148 149 148 149 153 157 158 160 161 159 155 153 156 160 161 155 152 151 152 154 156 156 156 158 161 163 162 159 157 157 158 156 152 150 150 148 144 142 142 143 144 145 148 152 156 158 158 157 158 158 156
139 141 146 149 145 135 127 126 128 130 133 137 142 147 153 160 166 168 167 167 167 166 165 163 160 158 154 152 151 150 148 147 148 149 151 151 150 150 150 151 151 151 151 152 151 149 150 155 161 162 163 162 158 155 154 158 163 160 154 151 151 153 156 159 160 160 161 163 164 163 162 164 165 162 158 155 155 154 151 147 145 145 147 148 149 152 155 158 158 157 156 157 156 155
143 144 147 151 148 139 133 132 134 137 140 143 145 148 152 157 164 169 170 170 170 169 167 164 162 160 157 155 155 155 154 152 150 150 152 154 154 155 155 154 154 154 153 153 152 150 152 157 161 164 165 162 157 154 155 160 163 158 152 151 151 153 156 160 162 162 162 163 163 164 166 169 170 166 162 161 162 161 158 153 150 149 150 152 153 156 157 158 157 156 156 156 157 159
147 149 154 157 153 146 144 145 147 148 150 152 154 155 157 160 164 169 172 173 173 172 170 165 162 160 158 156 156 157 157 157 155 153 153 154 156 158 158 157 155 154 154 153 152 152 154 157 158 162 164 160 156 155 157 162 161 154 151 151 151 152 155 158 161 163 163 162 162 163 166 168 169 167 165 166 167 167 165 162 159 156 155 156 157 158 158 156 155 155 156 157 160 163
148 151 159 160 152 148 150 153 154 156 157 159 160 162 164 165 167 170 173 175 176 175 171 166 162 160 158 156 156 157 157 158 158 158 158 157 157 158 159 158 156 154 154 154 155 155 156 155 155 157 160 159 157 157 159 162 157 152 150 150 151 151 153 155 157 160 162 163 162 161 161 163 164 164 165 167 168 167 166 165 165 164 162 160 160 159 158 155 154 156 158 159 161 162
153 155 158 155 149 148 151 155 158 160 161 163 165 167 169 170 171 173 175 176 177 175 170 166 164 162 159 158 157 157 156 156 157 159 160 160 158 157 157 158 157 155 156 157 159 159 156 153 153 154 156 158 159 161 162 161 155 151 150 150 150 150 150 149 150 153 157 160 159 156 153 154 155 158 162 164 165 164 164 165 166 167 168 164 161 161 161 160 160 161 162 161 160 159
165 161 156 153 150 150 152 156 159 161 162 163 166 169 172 174 175 176 176 176 175 172 168 166 165 163 161 160 159 159 156 155 156 158 160 160 157 154 154 157 157 157 159 161 161 159 155 152 151 152 154 157 161 164 164 161 156 152 150 149 147 145 144 140 138 138 140 144 148 146 144 143 144 148 152 157 159 158 159 161 163 166 169 169 165 163 163 164 165 166 166 163 160 158
163 161 157 154 152 152 154 156 159 161 162 163 165 169 173 176 178 177 176 174 171 167 165 164 164 162 161 160 160 159 157 155 155 157 160 159 154 151 153 156 158 158 161 161 159 156 153 150 149 150 151 155 160 164 164 162 158 155 152 148 144 139 134 127 123 121 121 124 130 134 135 134 134 136 140 147 151 151 154 158 159 162 166 169 168 165 163 163 166 167 166 163 160 159
153 155 156 155 154 153 155 157 159 160 161 162 165 168 173 176 178 177 174 170 166 162 161 160 160 159 158 158 158 158 157 156 156 158 160 157 151 149 152 156 159 159 160 158 156 154 150 148 147 148 150 154 158 161 162 161 160 159 155 151 145 137 128 121 117 118 119 123 127 130 131 129 128 129 133 139 143 146 149 154 155 156 161 167 170 166 162 161 163 164 165 163 161 160
142 146 151 153 153 154 155 157 158 159 160 162 164 168 172 175 176 175 173 168 163 159 156 155 154 153 153 154 155 156 156 157 158 158 157 153 148 147 151 156 159 159 157 155 154 152 149 148 148 148 150 154 157 159 159 160 161 163 162 158 152 146 139 133 130 128 128 130 132 131 130 128 125 124 128 133 136 138 143 148 149 151 155 162 167 168 164 162 163 164 164 163 160 159
135 137 145 149 152 154 155 155 156 157 158 160 163 167 170 173 174 174 173 168 163 159 156 154 152 150 150 152 154 156 158 159 160 158 153 149 147 148 152 156 158 157 155 153 152 150 149 149 150 151 151 153 156 158 158 159 162 167 169 167 162 158 153 150 146 142 138 136 134 132 131 130 127 124 124 128 129 129 134 140 143 147 151 155 162 167 166 164 164 164 164 163 161 158
132 135 141 146 150 154 157 157 156 157 157 160 163 165 167 170 172 174 173 168 164 160 157 155 152 150 150 151 154 157 162 164 161 157 153 151 151 153 154 155 156 155 152 151 150 149 153 151 153 153 152 152 155 157 158 159 163 169 171 170 167 163 161 159 155 151 146 143 140 138 136 135 130 126 125 125 125 124 128 134 139 143 148 151 156 163 167 165 163 163 163 163 161 158
131 133 139 144 148 153 158 160 160 160 160 162 165 166 167 169 171 172 170 165 161 158 155 154 152 150 150 152 156 162 167 165 160 158 157 156 155 156 156 156 155 152 149 148 148 148 149 152 155 156 154 151 153 155 157 160 165 168 170 167 164 163 164 165 163 159 156 153 151 149 146 141 135 130 128 128 125 125 128 132 137 141 144 147 150 157 164 167 164 162 162 162 160 158
131 133 137 142 146 149 155 161 163 162 163 165 167 168 169 170 171 170 166 161 157 155 153 152 151 150 150 153 160 166 166 162 160 159 159 159 158 157 157 156 155 150 147 146 147 149 151 154 157 159 157 153 152 153 156 162 166 166 165 161 158 160 163 157 167 167 166 162 160 158 156 151 144 139 137 136 132 131 133 137 139 141 142 143 146 151 160 166 166 163 161 161 160 158
134 135 138 142 145 147 152 158 163 164 164 165 166 167 169 171 171 167 161 156 153 152 152 151 150 149 149 154 162 164 161 160 160 160 160 160 159 159 158 156 154 150 146 145 146 149 152 155 158 160 159 157 155 154 158 163 164 163 160 155 152 155 160 165 168 169 163 169 168 167 166 163 159 153 149 146 143 142 142 144 144 143 141 141 142 146 152 161 167 167 163 161 159 158
135 138 142 145 146 147 149 155 162 165 165 164 164 165 168 171 170 165 158 153 151 151 151 150 147 144 145 150 156 158 156 156 158 159 160 159 158 159 157 155 152 148 146 146 147 149 152 155 157 158 158 159 159 158 160 164 162 160 155 149 148 151 156 161 164 165 168 170 171 171 170 170 168 166 161 156 153 151 150 149 147 144 141 139 138 140 144 152 162 167 167 163 160 160
133 136 142 146 147 148 149 153 161 166 168 167 166 166 168 170 169 163 157 154 154 153 152 149 145 140 140 143 146 148 149 151 153 156 157 156 156 156 155 152 148 146 147 148 151 152 153 154 155 155 156 158 160 162 163 165 162 158 151 144 144 148 153 157 159 159 162 166 170 171 171 171 171 171 168 164 160 157 154 152 149 146 143 139 135 135 136 141 151 161 165 165 163 163
129 130 136 142 145 147 148 152 158 164 169 170 169 169 170 170 168 163 160 161 162 161 157 154 151 147 144 143 142 141 141 143 145 149 151 152 152 152 151 148 144 143 145 149 152 153 154 154 153 153 153 154 158 164 166 167 163 157 147 140 140 144 149 153 154 154 156 161 164 166 169 170 168 169 170 170 167 162 157 154 152 150 145 139 135 134 133 134 139 148 157 162 164 165
130 129 130 134 139 143 146 149 154 160 167 170 172 172 171 171 169 166 167 171 172 170 166 163 160 155 151 148 146 144 143 142 143 144 146 148 149 149 147 144 140 141 142 145 147 148 149 149 149 150 151 150 155 163 168 169 165 157 145 138 138 140 145 149 150 150 152 157 158 160 164 166 163 163 168 172 172 168 161 157 157 154 147 140 137 137 135 134 134 137 144 153 160 163
139 136 134 135 138 141 143 146 150 156 162 169 173 173 173 172 171 171 173 176 175 172 170 168 165 161 157 154 152 150 150 149 148 147 147 147 147 146 145 141 139 140 141 139 138 137 139 141 143 147 149 148 153 162 169 170 166 158 146 139 139 141 144 147 147 148 150 154 155 156 160 162 158 158 165 171 172 171 168 164 163 159 151 145 143 144 144 143 140 139 140 145 152 157
144 143 142 144 145 146 146 147 148 152 157 165 171 175 175 174 174 174 176 177 174 171 170 169 167 164 161 159 156 155 154 154 155 153 150 147 146 146 144 141 140 141 142 140 138 138 139 141 143 147 149 148 151 160 169 170 166 158 147 141 142 145 146 147 146 147 148 151 152 153 157 160 156 155 162 167 168 169 171 173 171 166 159 154 153 153 153 151 148 146 145 147 150 154
143 144 147 150 152 154 153 152 151 151 154 159 166 173 177 177 175 175 175 173 170 168 168 168 167 166 164 163 161 159 157 157 157 156 154 152 149 148 146 144 145 147 148 147 144 144 145 147 149 151 152 150 151 159 169 170 166 158 147 142 144 148 149 149 148 147 147 149 149 149 154 159 154 153 159 163 163 166 171 176 175 171 166 162 161 161 159 154 150 148 148 150 152 155
139 142 148 152 155 157 156 156 155 154 153 155 161 169 176 177 176 173 171 167 165 164 164 165 165 164 164 164 164 163 162 160 157 156 154 153 152 150 147 147 151 155 157 156 153 151 151 153 154 155 155 153 152 158 168 170 165 157 147 142 144 149 153 153 152 150 148 147 147 146 151 156 153 151 156 160 161 162 166 171 173 171 169 168 167 167 162 155 150 148 149 150 152 156
135 138 146 152 154 156 156 157 157 155 153 154 158 165 173 177 175 170 165 162 160 159 159 160 161 161 161 163 164 166 166 163 159 155 153 151 152 151 149 149 152 157 164 160 159 157 155 155 155 155 155 153 152 157 167 170 164 156 146 141 143 148 153 156 156 154 150 147 144 144 148 153 151 148 152 158 159 158 159 164 168 168 170 173 174 169 162 156 155 155 155 155 156 159
132 134 143 150 152 152 154 156 157 156 154 154 158 164 171 175 173 167 162 159 156 155 155 157 158 158 158 160 162 165 167 166 162 157 153 152 152 152 151 151 153 156 157 159 161 161 159 157 155 153 153 153 153 157 166 169 163 155 146 140 140 144 148 151 153 152 149 144 141 140 144 150 148 145 149 155 157 155 154 158 163 167 169 174 175 169 161 159 160 162 163 163 163 165
131 133 141 148 150 150 152 156 158 157 156 157 161 166 172 173 170 165 162 160 157 155 155 156 156 156 156 157 159 162 165 165 163 158 155 153 153 153 153 154 155 156 155 155 159 162 163 163 161 158 156 155 156 159 165 166 160 153 146 140 138 139 140 140 142 144 144 142 140 138 140 145 145 143 146 153 156 153 150 154 162 166 167 171 170 165 162 161 163 165 166 167 169 172
134 136 143 149 151 152 154 157 158 158 158 160 165 172 175 172 168 165 164 164 161 157 157 156 155 154 154 155 156 159 161 161 160 158 156 154 153 153 153 155 158 158 157 154 155 160 163 164 164 163 162 161 160 161 165 164 158 152 146 140 138 138 138 137 138 140 142 142 140 138 137 140 141 140 143 150 155 151 147 152 162 165 164 165 163 161 163 164 164 165 166 168 172 175
