project/data/elevation/US_DEM2016/US_DEM2016_point_10-28-2019_2058_30m_ang.asc
ncols	125
nrows	167
xllcorner	-2042055.000000
yllcorner	1465035.000000
cellsize	30.000000
NODATA_value	-9999.000000
[rows 0 to 41 of 167, columns 0 to 94 of 125]
320 318 316 317 319 320 322 324 326 330 334 338 337 332 331 335 339 341 339 331 324 322 325 331 335 337 339 339 328 310 297 294 297 300 296 284 279 284 291 295 297 298 300 302 304 306 305 302 305 312 319 326 333 337 338 339 340 338 334 332 330 326 322 321 323 325 328 329 328 325 324 325 326 325 324 323 324 323 321 324 332 334 325 322 327 334 338 337 328 314 311 312 310 305 305
320 318 316 317 319 320 322 324 326 330 334 338 337 332 331 335 339 341 339 331 324 322 325 331 335 337 339 339 328 310 297 294 297 300 296 284 279 284 291 295 297 298 300 302 304 306 305 302 305 312 319 326 333 337 338 339 340 338 334 332 330 326 322 321 323 325 328 329 328 325 324 325 326 325 324 323 324 323 321 324 332 334 325 322 327 334 338 337 328 314 311 312 310 305 305
322 319 316 318 319 318 318 320 322 325 331 336 337 331 327 331 338 343 343 335 325 321 322 328 334 337 341 342 329 311 301 298 299 301 300 295 290 290 291 294 296 298 301 303 306 310 313 312 312 314 317 323 330 335 336 337 338 338 336 333 330 327 322 319 319 321 324 327 328 327 326 326 327 326 323 321 321 320 318 320 328 333 326 321 324 333 340 340 332 319 314 315 315 313 312
325 321 318 321 321 318 314 312 313 314 320 330 336 327 320 323 334 345 349 339 326 319 319 323 330 336 347 352 334 314 308 305 304 306 310 311 308 304 300 298 300 304 308 309 310 314 319 320 317 314 314 318 324 330 332 332 333 334 333 333 332 330 326 320 314 312 314 318 322 324 325 326 328 327 323 318 316 315 311 310 319 328 323 318 320 332 344 348 337 323 318 319 319 319 318
324 321 320 322 324 321 315 309 307 306 310 321 332 326 314 315 327 343 348 337 324 318 318 322 328 338 354 356 334 319 314 312 312 314 316 317 317 316 315 312 308 309 312 312 312 314 317 318 317 314 313 316 322 326 328 326 323 322 322 325 327 329 329 324 315 307 304 305 308 312 316 319 321 322 319 316 314 311 307 307 313 319 317 313 315 329 347 351 335 323 321 322 320 318 317
320 320 321 322 324 324 319 312 305 302 302 312 326 324 313 313 325 341 344 332 321 316 317 322 331 344 357 348 332 323 320 318 318 319 319 319 319 320 322 321 314 308 308 309 310 312 314 314 313 312 312 316 322 326 326 324 322 320 319 318 317 320 325 324 316 307 302 300 299 299 301 304 307 309 310 311 311 310 308 308 311 313 311 307 308 322 346 349 333 323 323 323 320 316 313
317 319 321 324 325 326 323 317 308 301 298 305 318 320 313 313 324 339 341 328 316 312 315 325 338 351 350 339 329 323 320 319 319 321 322 321 321 322 324 325 320 313 308 306 306 307 308 308 307 307 309 315 323 330 332 330 329 329 328 324 316 310 311 314 313 310 308 306 304 302 300 302 306 308 309 310 311 311 311 312 313 311 307 303 302 315 338 342 329 323 324 322 317 313 309
315 317 322 325 327 326 324 320 314 306 302 303 311 314 311 311 320 337 341 326 311 308 313 327 344 350 342 333 328 323 319 317 319 322 324 324 325 325 326 328 326 321 314 309 305 303 303 303 303 304 307 314 324 332 335 334 333 334 335 333 323 311 306 308 311 312 313 314 314 313 309 308 311 312 312 313 313 313 314 316 316 312 309 305 303 311 330 331 324 322 322 318 313 310 306
313 316 323 327 329 327 324 320 317 315 312 310 310 310 307 306 314 333 340 324 310 308 313 328 344 342 334 330 328 324 319 318 320 323 326 328 329 329 330 330 330 327 322 318 314 309 307 307 306 306 308 314 322 327 329 329 330 332 334 331 323 317 313 311 310 310 313 316 319 320 315 311 311 313 313 313 315 315 316 318 318 315 313 305 313 317 327 324 320 321 321 316 311 308 309
310 314 323 328 329 327 324 321 319 321 321 319 316 312 306 303 308 327 333 321 312 312 319 332 338 332 328 327 327 325 322 321 321 322 325 327 328 329 330 332 332 330 328 326 325 320 314 310 308 308 310 314 319 320 317 313 315 319 322 318 317 318 318 315 312 310 313 318 323 322 316 311 312 314 315 316 316 319 322 323 322 320 320 323 326 328 329 322 318 321 321 315 311 315 320
304 308 319 326 329 328 326 324 324 326 327 325 323 319 312 304 306 320 326 320 316 319 331 340 334 329 327 325 325 324 323 321 319 319 321 322 322 323 326 329 331 330 329 329 329 325 316 310 308 308 311 316 320 321 315 302 296 301 311 314 315 316 318 317 314 312 314 320 326 325 318 313 314 317 319 320 319 321 325 327 326 324 324 327 333 338 332 319 315 319 322 319 320 325 326
299 303 312 322 328 329 328 327 329 331 332 330 329 328 322 316 314 318 320 319 318 325 339 341 332 328 328 326 323 322 321 318 315 315 316 315 313 314 318 322 324 326 326 327 328 327 318 310 307 308 311 316 322 326 320 305 297 302 310 313 314 315 318 320 318 314 314 319 326 327 321 316 315 318 322 322 320 319 321 321 318 317 317 321 330 340 333 316 311 318 326 327 328 328 328
300 302 308 316 323 326 327 327 330 333 334 334 334 334 332 330 327 321 316 315 317 327 337 334 329 326 325 323 320 317 314 310 306 304 306 306 306 307 309 311 314 317 320 323 325 325 319 311 307 307 310 313 317 319 320 318 314 312 311 312 313 315 318 321 320 316 314 318 325 328 324 317 316 319 322 321 316 310 303 298 297 299 303 309 320 333 334 322 313 319 327 329 330 330 330
306 307 311 314 316 318 320 322 326 329 330 332 335 338 338 338 338 330 317 311 312 324 328 322 322 321 318 316 312 307 302 297 293 295 299 300 299 298 299 301 305 308 310 315 319 319 317 313 310 310 312 310 307 309 317 322 323 318 313 313 313 314 317 321 322 320 318 320 324 327 325 320 318 320 320 316 306 301 299 298 300 303 306 310 317 327 335 332 321 319 324 327 328 329 329
308 311 316 316 312 308 307 309 311 313 316 320 326 332 335 339 345 341 324 311 307 315 317 314 315 313 307 305 304 300 297 294 296 305 308 304 299 299 300 301 301 303 304 306 310 313 314 314 314 316 317 315 313 314 319 325 328 322 315 313 313 315 318 321 323 324 324 324 325 326 324 321 321 320 315 310 308 309 309 308 309 312 315 317 320 327 336 338 326 318 320 323 324 323 325
305 308 315 317 311 300 292 291 293 296 299 303 310 316 321 331 347 351 337 321 312 314 316 316 316 312 306 305 308 311 311 309 308 312 316 315 313 313 312 311 311 311 310 311 312 312 313 315 316 317 320 322 320 318 321 328 331 325 317 315 316 317 321 324 325 327 330 330 329 327 324 323 323 320 315 315 316 317 314 311 312 315 319 320 323 329 338 343 332 318 317 321 321 319 320
302 304 310 314 308 296 290 291 295 298 300 303 309 312 312 320 340 353 349 337 325 320 319 322 324 322 316 314 316 319 320 317 312 313 317 320 321 322 321 319 319 320 320 319 317 315 315 315 316 318 322 324 320 320 323 330 334 326 320 318 319 320 323 326 328 330 332 334 332 328 326 326 328 325 322 321 322 322 317 313 313 316 320 323 327 332 338 346 338 321 316 319 319 318 320
305 306 311 311 306 302 302 305 309 312 314 317 322 325 322 321 331 348 350 340 330 325 322 323 326 325 322 320 319 320 321 321 317 315 317 319 322 325 326 323 322 323 323 322 319 315 314 314 315 317 322 322 320 320 325 332 334 326 321 321 321 322 324 326 328 331 333 334 332 328 327 330 333 329 326 327 329 328 324 319 317 319 322 326 331 335 339 345 342 326 316 317 320 322 326
308 311 317 315 309 308 310 315 319 322 325 328 332 336 338 335 334 342 343 333 329 328 324 323 324 324 323 322 321 321 322 324 323 321 320 320 323 326 328 326 324 323 323 322 318 313 309 308 310 315 320 321 320 322 326 333 331 323 320 321 322 322 322 322 324 328 332 333 331 328 328 331 334 332 330 333 335 334 331 327 324 323 325 329 333 335 337 340 341 333 322 319 322 327 329
307 309 316 315 310 311 315 320 324 328 331 334 337 342 348 349 347 345 337 328 328 329 326 324 324 324 323 323 323 323 322 324 326 327 327 325 325 326 328 327 325 323 322 321 318 312 307 305 308 314 319 321 322 324 329 332 328 321 320 320 321 320 319 317 317 321 326 331 332 326 324 327 329 329 330 334 336 335 333 331 328 327 328 331 333 334 335 337 340 340 333 324 323 326 325
309 309 313 314 313 314 318 322 327 330 333 335 338 344 352 357 358 351 336 328 329 330 328 326 326 326 325 324 326 326 323 323 326 328 329 328 326 325 325 326 324 321 319 318 315 314 311 311 312 315 319 322 324 328 331 331 326 321 319 319 319 317 315 310 307 308 313 322 326 321 316 316 319 321 325 329 331 330 329 330 328 327 329 331 332 335 338 340 342 347 344 329 322 322 320
322 320 319 318 316 317 319 323 327 330 332 334 337 343 351 0 5 354 336 329 331 332 330 329 328 329 328 327 328 328 325 324 325 327 328 327 323 320 321 322 321 317 315 314 314 316 316 316 316 317 320 322 325 330 332 330 325 322 319 317 314 310 305 298 293 290 291 298 307 309 306 305 306 308 312 317 320 320 320 323 322 322 327 331 333 335 338 342 345 351 349 332 322 320 319
324 324 323 322 319 319 321 323 325 328 330 333 336 341 349 2 6 351 335 330 330 330 329 328 328 328 328 329 329 328 326 323 323 323 325 323 316 313 314 314 312 309 312 315 316 317 317 316 317 317 319 321 324 328 330 328 325 323 319 314 307 300 297 293 288 284 284 289 297 302 301 297 296 297 300 304 307 309 313 318 317 316 321 327 332 333 334 337 343 351 348 332 323 323 324
317 320 322 321 320 320 321 322 324 326 328 332 337 342 350 2 360 343 334 328 324 324 324 325 324 323 325 326 327 327 325 323 320 318 318 314 308 305 303 304 306 309 314 317 318 318 316 316 316 316 317 319 321 323 324 324 324 323 320 315 308 301 301 301 299 297 297 301 306 309 305 297 290 288 290 295 299 302 308 315 314 312 314 319 326 329 330 333 339 347 347 334 323 323 325
308 312 317 317 316 317 319 320 322 324 327 330 336 343 351 357 349 337 333 328 320 319 319 319 319 318 319 322 323 323 322 320 316 311 307 303 297 294 298 304 311 316 317 318 319 318 317 316 316 316 317 319 321 321 319 319 322 325 323 319 313 309 308 309 311 311 310 311 313 314 312 305 296 289 289 293 295 296 301 308 309 309 309 311 319 327 331 335 341 347 348 338 324 319 321
301 304 310 311 311 314 316 317 319 321 324 329 335 342 350 352 341 333 332 330 325 323 322 321 319 316 315 317 318 318 317 315 311 305 302 298 295 299 308 314 316 318 318 319 319 319 318 317 318 318 319 319 320 320 317 316 320 326 327 324 319 315 313 314 315 316 317 316 315 314 315 314 308 301 300 299 296 292 294 300 303 306 308 308 313 322 329 334 340 346 349 343 327 319 320
299 301 306 306 308 311 316 319 321 323 325 331 337 343 351 342 339 332 332 331 329 327 325 323 320 316 313 313 314 313 313 312 312 313 312 311 310 313 317 320 319 317 317 318 319 319 318 318 319 320 320 320 320 319 317 317 321 326 328 327 324 320 319 320 320 320 321 321 319 317 318 318 315 311 310 308 303 299 300 301 302 304 307 307 308 315 323 330 336 343 348 344 330 321 320
298 301 305 306 307 309 315 322 326 328 330 335 342 347 353 353 340 331 330 329 327 326 324 322 318 314 310 309 310 311 313 316 319 320 321 321 320 319 320 322 321 317 316 317 318 318 318 318 320 321 321 321 321 320 317 319 323 325 326 326 325 324 325 327 328 327 327 326 325 324 322 320 316 314 314 314 311 309 311 312 309 305 305 306 306 310 317 327 333 339 346 343 330 321 319
300 302 306 308 308 307 311 319 326 330 333 337 342 348 355 356 343 330 325 323 322 321 319 316 312 307 303 302 308 315 316 319 322 323 323 323 324 323 321 322 322 318 315 316 317 318 319 319 320 322 323 323 325 323 320 321 324 324 324 323 322 324 327 331 333 334 333 332 331 330 327 323 319 318 318 317 315 315 319 322 319 312 305 303 304 306 312 321 331 337 342 342 332 321 318
302 304 309 311 310 307 308 315 323 327 330 333 337 344 355 350 342 328 320 316 315 315 313 308 302 296 290 291 304 315 317 319 322 323 323 323 324 325 323 322 321 318 315 315 316 318 320 320 320 322 323 324 328 329 328 326 325 324 323 319 318 321 325 330 333 334 334 336 337 336 334 329 325 323 323 320 319 321 324 328 328 321 310 303 301 303 307 315 326 335 340 342 336 326 319
303 306 313 316 314 310 308 311 319 326 330 332 335 341 352 340 338 325 318 313 309 306 301 294 285 281 284 294 302 309 313 316 318 320 320 320 322 324 323 320 318 316 315 315 317 319 321 321 320 320 321 323 328 335 337 332 324 322 319 315 314 317 322 326 328 328 330 335 338 339 338 335 332 330 328 325 324 326 328 329 329 325 318 308 300 299 301 306 317 329 338 342 341 334 324
300 303 311 316 318 314 310 311 317 325 332 336 339 345 354 352 336 323 317 312 306 299 300 297 289 291 303 311 308 304 305 308 311 312 314 314 316 318 318 317 315 314 314 316 319 323 325 324 319 317 318 320 326 337 342 337 325 319 314 309 308 313 319 323 323 321 323 329 335 336 337 337 335 333 332 330 329 328 328 328 327 326 323 316 306 300 298 299 305 317 330 339 343 340 329
296 297 301 309 314 315 312 311 314 320 329 337 342 348 355 353 335 322 317 316 314 335 313 323 315 311 315 319 316 308 300 300 302 304 305 305 307 311 313 313 311 311 312 315 319 323 326 324 319 315 315 315 321 335 345 340 327 317 310 304 303 308 315 321 320 316 317 323 326 329 333 334 332 330 331 332 332 328 326 327 327 325 322 318 314 309 304 300 299 302 313 327 339 341 328
298 297 298 302 308 311 311 309 311 314 321 332 342 348 356 355 337 322 321 2 332 325 328 329 324 319 318 321 322 319 313 309 308 306 304 304 305 307 309 309 308 308 309 310 310 311 315 318 316 314 313 311 316 331 345 342 329 317 308 302 300 305 314 319 318 314 313 318 318 320 327 329 323 322 326 332 333 330 328 328 329 325 319 316 317 318 315 310 305 301 302 313 330 336 324
305 305 306 309 311 313 312 309 308 310 314 324 338 348 356 359 346 330 358 341 327 330 332 332 328 324 322 322 324 327 325 321 319 316 312 310 308 308 308 307 306 306 306 304 301 301 306 313 316 316 313 309 312 326 344 341 329 318 308 302 301 307 316 320 319 313 311 313 312 313 324 327 317 315 322 329 330 330 330 331 331 326 319 318 321 324 325 323 318 313 311 314 325 335 326
309 311 315 319 321 323 321 316 311 309 311 316 329 345 357 3 356 336 327 329 328 330 332 333 331 328 325 324 325 328 329 327 324 322 319 315 313 311 310 308 307 306 307 307 307 309 313 318 323 323 318 311 311 324 342 339 328 318 309 304 304 310 318 321 321 315 308 308 307 309 321 327 314 311 321 328 326 327 330 335 335 328 323 323 326 329 330 328 325 323 323 325 330 339 336
307 311 317 323 326 330 330 326 319 312 308 309 318 338 358 8 357 334 342 326 327 328 329 330 330 329 327 326 327 329 331 330 325 323 322 320 318 316 313 312 311 312 314 314 315 317 321 325 330 331 325 315 312 323 342 338 327 319 310 306 306 311 318 322 324 321 312 306 304 305 317 327 314 309 319 325 322 323 328 335 337 332 327 327 331 333 331 326 323 323 326 329 333 342 345
303 307 315 322 325 328 331 332 328 317 305 301 306 326 356 9 349 327 322 322 322 323 324 326 326 326 325 325 326 329 332 331 326 322 320 320 320 318 316 315 316 319 322 321 320 322 325 328 333 336 331 319 312 321 341 338 327 319 311 307 307 312 320 325 329 330 322 310 302 301 313 326 315 308 316 323 320 319 323 330 335 333 329 330 333 334 329 323 322 323 325 328 333 342 349
300 302 311 318 320 322 325 329 331 323 319 303 303 314 336 358 338 347 318 316 315 315 316 318 319 319 320 322 324 328 333 332 328 323 319 319 320 320 318 318 320 323 324 323 323 325 327 327 329 333 332 322 313 320 339 337 326 319 311 306 305 309 317 323 330 334 329 316 302 297 306 321 315 308 313 323 320 316 316 322 329 329 327 329 333 331 327 325 326 329 332 332 335 343 353
297 298 306 313 315 316 318 324 330 328 323 320 317 327 332 333 350 326 340 315 309 308 310 313 316 317 319 320 321 325 330 332 330 326 322 321 321 321 320 320 322 324 323 321 322 326 328 329 328 329 331 326 319 322 336 334 325 318 310 303 301 303 307 312 318 324 326 318 304 294 299 312 311 306 311 322 321 312 309 314 324 325 322 327 331 330 327 327 330 334 337 339 342 349 359
295 297 304 312 315 316 319 326 330 330 329 332 339 348 337 19 337 327 328 322 314 311 313 316 317 318 319 320 319 321 326 329 330 327 325 324 324 324 322 322 325 326 321 317 318 323 330 333 334 334 334 334 328 326 332 329 321 315 308 300 297 297 299 300 302 309 317 320 312 300 296 302 304 302 308 321 323 311 305 309 322 324 322 325 328 327 327 328 331 334 337 341 347 355 4
298 299 307 315 319 321 324 329 331 330 332 338 351 358 340 325 324 328 335 334 326 321 321 321 320 318 317 318 318 318 322 325 327 326 325 324 324 324 322 322 326 329 324 314 312 317 325 331 334 336 339 342 339 333 328 323 317 312 306 298 295 297 301 304 307 312 317 320 320 314 306 302 299 297 302 314 320 310 303 309 324 326 321 321 322 322 325 328 331 332 334 338 345 357 8
