project/data/elevation/US_DEM2016/US_DEM2016_point_10-30-2019_0427_30m_vel.asc
ncols	125
nrows	167
xllcorner	-2042055.000000
yllcorner	1465035.000000
cellsize	30.000000
NODATA_value	-9999.000000
[rows 0 to 37 of 167, columns 0 to 83 of 125]
6.05 5.27 4.38 4.74 5.96 7.59 9.12 10.17 10.53 10.68 10.92 11.47 11.86 11.46 10.88 10.65 10.44 10.18 9.85 9.66 9.56 9.59 9.78 10.06 10.27 10.18 9.83 8.91 7.72 6.51 5.44 4.58 3.94 3.44 3.04 2.95 3.36 4.20 5.12 5.74 6.09 6.33 6.52 6.57 6.29 5.78 5.30 5.35 5.88 6.61 7.23 7.84 8.35 8.89 9.15 9.29 9.13 8.31 7.49 6.89 6.55 6.52 6.84 7.54 8.04 8.21 8.04 7.41 6.35 5.65 5.43 5.55 5.86 6.21 6.52 6.72 6.93 7.42 8.07 8.50 8.85 9.04 8.64 8.21
6.05 5.27 4.38 4.74 5.96 7.59 9.12 10.17 10.53 10.68 10.92 11.47 11.86 11.46 10.88 10.65 10.44 10.18 9.85 9.66 9.56 9.59 9.78 10.06 10.27 10.18 9.83 8.91 7.72 6.51 5.44 4.58 3.94 3.44 3.04 2.95 3.36 4.20 5.12 5.74 6.09 6.33 6.52 6.57 6.29 5.78 5.30 5.35 5.88 6.61 7.23 7.84 8.35 8.89 9.15 9.29 9.13 8.31 7.49 6.89 6.55 6.52 6.84 7.54 8.04 8.21 8.04 7.41 6.35 5.65 5.43 5.55 5.86 6.21 6.52 6.72 6.93 7.42 8.07 8.50 8.85 9.04 8.64 8.21
6.17 5.44 4.64 4.86 5.67 6.90 8.15 9.06 9.55 9.80 10.13 10.63 10.85 10.65 10.25 10.12 10.09 10.03 9.75 9.38 9.26 9.26 9.38 9.56 9.66 9.52 8.98 8.08 7.10 6.17 5.37 4.68 4.11 3.68 3.34 3.19 3.39 3.87 4.50 5.08 5.45 5.70 5.93 6.18 6.36 6.36 6.23 6.16 6.44 6.86 7.26 7.63 8.01 8.30 8.47 8.60 8.67 8.46 7.92 7.21 6.62 6.31 6.48 6.87 7.21 7.41 7.52 7.45 7.16 6.64 6.29 6.15 6.12 6.13 6.17 6.28 6.51 6.93 7.34 7.68 7.93 8.16 8.22 8.19
6.87 6.08 5.30 5.32 5.65 6.15 6.75 7.15 7.36 7.71 8.33 8.75 8.83 8.66 8.65 8.76 8.90 9.14 9.12 8.90 8.83 8.77 8.67 8.52 8.39 8.15 7.66 7.06 6.47 5.97 5.55 5.13 4.80 4.60 4.40 4.15 3.93 3.85 3.91 4.23 4.86 5.39 5.80 6.23 6.72 7.14 7.40 7.39 7.33 7.29 7.31 7.27 7.28 7.18 7.10 6.94 7.05 7.46 7.70 7.64 7.26 6.76 6.34 6.05 5.78 5.76 6.14 6.75 7.20 7.35 7.24 6.90 6.46 6.02 5.70 5.63 5.79 6.00 6.04 6.00 6.27 6.86 7.48 7.96
7.37 6.63 5.92 5.81 5.86 5.97 6.04 6.06 5.95 6.07 6.52 6.98 7.17 7.13 7.20 7.38 7.54 7.81 8.26 8.63 8.76 8.47 8.08 7.61 7.20 6.99 6.91 6.75 6.55 6.38 6.22 6.08 6.01 5.95 5.78 5.44 5.03 4.67 4.39 4.47 5.05 5.74 6.37 6.89 7.15 7.40 7.65 7.83 7.82 7.64 7.45 7.21 6.88 6.47 6.07 5.40 5.06 5.25 5.95 6.79 7.22 7.15 6.67 5.88 5.20 4.77 4.70 5.02 5.55 5.99 6.18 6.12 5.89 5.58 5.33 5.23 5.26 5.27 5.17 5.09 5.39 6.10 6.82 7.21
7.39 6.83 6.30 6.22 6.11 5.99 5.80 5.44 5.19 5.12 5.24 5.68 6.14 6.37 6.69 7.05 7.29 7.35 7.75 8.25 8.37 7.96 7.42 6.82 6.41 6.42 6.61 6.74 6.84 6.93 7.03 7.09 7.06 6.87 6.60 6.27 5.92 5.57 5.23 5.02 5.07 5.35 5.93 6.63 7.03 7.23 7.42 7.67 7.73 7.62 7.46 7.30 7.08 6.45 5.64 4.92 4.63 4.65 4.92 5.37 5.93 6.30 6.20 5.60 4.96 4.46 4.16 4.03 4.07 4.22 4.43 4.61 4.71 4.76 4.77 4.78 4.79 4.78 4.79 4.87 5.12 5.57 5.96 6.00
7.42 7.09 6.74 6.71 6.49 6.12 5.63 5.01 4.61 4.49 4.47 4.78 5.34 5.96 6.56 7.07 7.53 7.57 7.44 7.38 7.33 7.08 6.72 6.36 6.23 6.35 6.54 6.68 6.84 7.12 7.42 7.60 7.50 7.31 7.11 6.93 6.75 6.50 6.09 5.57 5.15 5.01 5.18 5.62 6.08 6.27 6.40 6.60 6.86 6.99 7.13 7.27 7.26 7.12 6.72 6.22 6.09 5.99 5.75 5.44 5.19 5.16 5.16 5.00 4.69 4.36 4.09 3.92 3.86 3.87 3.93 4.06 4.21 4.33 4.40 4.40 4.34 4.35 4.51 4.74 4.97 5.20 5.24 4.96
7.39 7.37 7.42 7.32 7.01 6.27 5.48 4.75 4.38 4.36 4.29 4.26 4.76 5.56 6.21 6.62 7.15 7.32 6.91 6.41 6.16 6.11 6.16 6.24 6.31 6.44 6.60 6.66 6.73 7.00 7.39 7.68 7.78 7.89 8.05 8.27 8.30 8.03 7.52 6.83 6.02 5.32 4.95 4.79 4.77 4.96 5.13 5.35 5.82 6.42 6.81 7.14 7.42 7.82 8.05 8.01 7.66 7.21 6.65 5.96 5.26 4.79 4.68 4.69 4.60 4.37 4.14 4.07 4.12 4.17 4.18 4.21 4.29 4.34 4.36 4.35 4.29 4.29 4.45 4.61 4.73 4.83 4.73 4.42
7.52 7.73 8.13 7.98 7.50 6.71 5.80 5.15 4.91 4.76 4.56 4.46 4.76 5.30 5.64 5.80 6.18 6.48 6.26 5.82 5.55 5.48 5.59 5.87 6.09 6.31 6.64 6.93 7.03 7.08 7.39 7.84 8.34 8.95 9.62 10.08 10.17 9.90 9.41 8.72 7.79 6.71 5.72 5.03 4.71 4.76 5.19 5.62 6.15 6.54 6.69 6.66 6.75 7.10 7.52 7.67 7.39 6.86 6.24 5.67 5.19 4.88 4.76 4.82 4.86 4.77 4.59 4.49 4.43 4.40 4.40 4.42 4.47 4.59 4.77 4.94 5.07 5.19 5.20 5.04 4.85 4.69 4.53 4.63
7.50 7.98 8.53 8.42 7.93 7.35 6.58 6.16 6.09 5.99 5.59 5.26 5.24 5.30 5.20 5.08 5.28 5.71 5.92 5.80 5.59 5.31 5.22 5.46 5.81 6.12 6.51 6.95 7.28 7.49 7.84 8.36 9.03 9.70 10.19 10.41 10.44 10.37 10.26 10.03 9.52 8.68 7.63 6.58 5.80 5.72 6.00 6.45 6.81 6.81 6.54 5.89 5.42 4.98 5.16 5.60 5.81 5.65 5.39 5.16 4.98 4.87 4.80 4.92 5.31 5.57 5.59 5.41 4.99 4.62 4.59 4.79 5.09 5.49 5.87 6.19 6.51 6.77 6.76 6.45 6.00 5.63 5.40 5.28
7.49 7.80 8.47 8.65 8.41 8.14 7.88 7.87 7.88 7.66 7.19 6.60 6.04 5.52 5.05 4.64 4.76 5.41 6.01 6.23 6.09 5.75 5.55 5.64 5.93 6.20 6.41 6.74 7.35 8.04 8.56 8.97 9.23 9.26 9.02 8.67 8.70 9.15 9.64 9.98 10.06 9.76 9.09 8.10 7.10 6.54 6.39 6.65 6.88 6.74 6.20 5.50 4.80 4.22 3.97 4.07 4.44 4.77 4.93 4.98 4.94 4.91 4.94 5.15 5.70 6.32 6.59 6.35 5.78 5.16 5.12 5.58 6.15 6.65 7.11 7.49 7.79 7.90 7.78 7.49 7.16 6.87 6.60 6.28
7.04 7.06 7.74 8.58 9.05 9.27 9.43 9.58 9.62 9.26 8.69 8.05 7.26 6.25 5.34 4.88 4.93 5.54 6.24 6.60 6.56 6.35 6.15 6.11 6.25 6.52 6.79 7.18 7.80 8.41 8.65 8.62 8.29 7.70 6.98 6.54 6.71 7.32 7.96 8.52 9.03 9.40 9.45 9.05 8.24 7.32 6.83 6.76 6.63 6.29 5.67 5.35 5.03 4.52 4.01 3.74 3.93 4.43 4.85 5.06 5.14 5.27 5.51 5.80 6.23 6.69 6.98 6.95 6.61 6.20 6.04 6.41 6.85 7.34 7.72 7.91 7.83 7.49 6.91 6.45 6.18 6.03 5.96 5.90
6.39 6.14 6.48 7.76 8.86 9.55 9.87 9.96 9.98 9.78 9.41 8.94 8.34 7.36 6.36 5.79 5.64 5.81 6.12 6.35 6.44 6.42 6.32 6.26 6.40 6.71 7.10 7.44 7.64 7.63 7.38 6.85 6.10 5.40 5.07 5.20 5.53 5.76 5.91 6.35 7.01 7.76 8.51 8.95 8.83 8.15 7.40 6.95 6.34 5.51 4.93 4.78 4.55 4.22 3.91 3.81 4.01 4.48 5.00 5.41 5.68 5.93 6.22 6.46 6.60 6.69 6.90 7.23 7.35 7.20 7.07 7.17 7.48 7.73 7.66 7.21 6.44 5.51 4.76 4.26 3.95 3.91 4.14 4.48
6.63 6.35 6.23 6.65 7.43 8.18 8.53 8.60 8.54 8.56 8.64 8.65 8.55 8.20 7.59 6.91 6.41 6.06 5.81 5.65 5.71 5.89 5.98 6.01 6.13 6.27 6.38 6.30 5.93 5.43 4.91 4.29 3.75 3.50 3.64 4.03 4.19 4.12 4.16 4.48 4.97 5.61 6.42 7.31 8.01 8.08 7.68 7.09 6.39 5.45 4.68 4.10 3.79 3.77 3.86 4.06 4.37 4.78 5.30 5.89 6.34 6.60 6.73 6.84 6.91 6.97 7.19 7.60 7.90 7.90 7.81 7.87 7.89 7.56 6.77 5.65 4.58 4.02 3.86 3.81 3.77 3.79 3.95 4.12
7.10 7.17 6.76 6.21 5.80 5.83 5.93 5.83 5.70 5.92 6.37 6.91 7.33 7.67 7.77 7.50 6.95 6.32 5.72 5.19 5.01 5.27 5.53 5.57 5.44 5.19 4.86 4.42 3.91 3.48 3.20 3.14 3.24 3.38 3.41 3.30 3.15 3.24 3.43 3.59 3.73 3.98 4.43 5.20 6.28 7.41 7.62 7.36 6.81 6.09 5.11 4.31 4.03 4.17 4.49 4.77 4.94 5.16 5.59 6.24 6.94 7.31 7.47 7.58 7.71 7.90 8.10 8.30 8.48 8.48 8.37 8.21 7.68 6.59 5.43 4.61 4.26 4.19 4.37 4.69 4.95 5.10 5.09 5.06
7.05 7.08 6.73 5.95 4.74 3.89 3.42 3.19 3.22 3.39 3.77 4.25 4.91 5.69 6.55 7.06 7.03 6.53 5.84 5.20 4.96 5.15 5.35 5.26 4.90 4.43 3.99 3.73 3.59 3.40 3.31 3.52 4.00 4.34 4.31 4.08 3.87 3.88 4.05 4.20 4.21 4.24 4.49 5.18 6.20 7.37 7.78 7.66 7.12 6.35 5.64 5.20 5.07 5.28 5.55 5.67 5.63 5.67 6.06 6.83 7.62 8.28 8.67 8.82 8.92 9.14 9.31 9.43 9.52 9.46 9.10 8.34 7.09 5.95 5.36 5.22 5.27 5.24 5.29 5.56 5.93 6.15 6.17 6.33
6.52 6.16 5.77 5.35 4.26 3.25 2.69 2.57 2.69 3.00 3.33 3.60 3.99 4.65 5.44 6.19 6.61 6.55 6.13 5.72 5.55 5.53 5.46 5.25 4.94 4.61 4.40 4.42 4.53 4.51 4.32 4.21 4.49 5.07 5.45 5.57 5.48 5.31 5.26 5.43 5.69 6.00 6.36 6.98 7.69 8.10 8.05 7.87 7.46 6.87 6.32 6.07 6.08 6.26 6.46 6.59 6.53 6.65 7.14 7.91 8.75 9.44 9.88 10.06 10.01 9.97 10.07 10.27 10.48 10.33 9.75 8.75 7.31 6.66 6.70 6.87 6.84 6.60 6.45 6.57 6.82 7.06 7.31 7.66
6.56 6.10 5.50 5.02 4.53 4.06 3.86 4.03 4.41 4.91 5.30 5.50 5.68 5.78 5.82 5.84 6.11 6.41 6.43 6.33 6.16 5.90 5.62 5.42 5.28 5.21 5.21 5.27 5.42 5.60 5.55 5.21 5.11 5.51 6.12 6.62 6.81 6.72 6.54 6.68 7.19 7.68 8.11 8.41 8.46 8.09 7.67 7.59 7.57 7.39 6.99 6.71 6.73 6.98 7.21 7.34 7.50 7.72 8.33 9.08 9.67 9.98 10.13 10.22 10.16 9.99 9.86 9.90 10.20 10.35 10.26 10.00 9.22 8.89 9.10 9.31 9.26 8.92 8.68 8.49 8.34 8.30 8.50 8.68
6.88 6.64 6.04 5.45 5.29 5.54 5.97 6.51 7.10 7.59 7.93 8.09 7.99 7.52 6.81 6.21 6.08 6.33 6.54 6.57 6.44 6.21 5.94 5.78 5.73 5.75 5.77 5.82 6.00 6.36 6.66 6.68 6.55 6.55 6.87 7.44 7.97 8.15 8.16 8.28 8.56 8.82 8.85 8.52 7.78 6.82 6.24 6.44 7.08 7.39 7.51 7.43 7.51 7.70 7.83 7.83 8.02 8.47 9.10 9.51 9.55 9.31 9.06 9.04 9.20 9.31 9.28 9.10 9.07 9.45 10.27 10.93 11.42 11.53 11.64 11.97 12.19 12.12 11.86 11.35 10.72 10.03 9.53 9.11
6.76 6.42 5.89 5.57 5.99 6.79 7.72 8.56 9.16 9.42 9.45 9.32 9.03 8.41 7.69 7.04 6.64 6.56 6.64 6.67 6.64 6.58 6.50 6.43 6.33 6.26 6.28 6.38 6.54 6.90 7.48 8.02 8.38 8.59 8.72 8.97 9.21 9.29 9.39 9.48 9.38 9.03 8.42 7.53 6.44 5.46 5.06 5.39 6.44 7.29 7.86 8.17 8.33 8.30 8.21 8.10 8.37 8.89 9.10 9.00 8.46 7.81 7.35 7.25 7.55 8.03 8.34 8.31 8.05 8.20 9.19 10.43 11.41 11.91 12.27 12.83 13.22 13.30 13.08 12.76 12.21 11.42 10.34 9.22
6.31 5.91 5.51 5.78 6.79 8.01 8.92 9.47 9.73 9.63 9.34 9.06 8.80 8.48 8.17 7.74 7.27 6.92 6.83 6.87 6.96 7.10 7.30 7.41 7.35 7.18 7.21 7.31 7.43 7.73 8.36 9.16 9.82 10.24 10.38 10.21 9.93 9.70 9.59 9.42 8.91 8.04 7.00 6.00 5.29 4.95 4.95 5.50 6.59 7.60 8.49 9.09 9.26 9.06 8.75 8.64 8.82 8.80 8.55 7.87 7.01 6.21 5.58 5.23 5.43 5.76 6.16 6.43 6.48 6.64 7.15 8.11 9.18 9.94 10.53 11.09 11.46 11.57 11.69 11.77 11.82 11.48 10.79 9.55
6.94 6.58 6.51 7.30 8.36 9.11 9.35 9.31 9.09 8.61 8.25 8.04 7.89 7.90 7.92 7.78 7.46 7.13 7.06 7.24 7.58 8.02 8.45 8.71 8.80 8.72 8.68 8.73 8.87 9.15 9.65 10.13 10.40 10.42 10.19 9.77 9.37 8.96 8.59 8.01 7.21 6.32 5.49 4.90 4.80 5.09 5.65 6.52 7.32 8.24 9.00 9.41 9.61 9.72 9.49 9.22 8.91 8.40 7.64 6.56 5.54 4.68 3.80 3.29 3.18 3.16 3.22 3.59 4.13 4.50 5.13 5.64 6.15 6.58 7.00 7.52 7.61 7.81 8.22 8.67 9.66 10.58 10.84 10.38
7.73 8.06 8.82 9.36 9.58 9.50 9.02 8.45 7.88 7.50 7.32 7.16 7.04 7.07 7.19 7.29 7.26 7.19 7.31 7.65 8.20 8.78 9.26 9.64 9.79 9.88 9.94 10.05 10.23 10.44 10.51 10.29 9.79 9.14 8.43 7.91 7.78 7.46 6.86 6.07 5.29 4.86 4.67 4.78 5.16 5.68 6.42 7.18 7.91 8.58 8.88 9.06 9.24 9.53 9.63 9.34 8.68 7.77 6.66 5.56 4.54 3.51 2.72 2.28 2.07 1.95 1.98 2.25 2.77 3.37 3.87 4.22 4.33 4.35 4.37 4.66 5.03 5.55 6.08 6.65 7.58 8.95 10.12 10.42
7.95 8.71 9.70 9.87 9.61 9.07 8.29 7.67 7.05 6.83 6.79 6.64 6.51 6.48 6.56 6.79 7.01 7.20 7.43 7.60 7.83 8.12 8.52 9.07 9.49 9.84 10.14 10.38 10.49 10.40 9.95 9.08 7.96 7.09 6.55 6.30 6.08 5.61 5.01 4.60 4.36 4.36 4.65 5.27 5.83 6.37 7.02 7.58 8.10 8.31 8.16 8.03 8.16 8.52 8.84 8.80 8.30 7.45 6.36 5.41 4.51 3.59 2.96 2.61 2.44 2.42 2.60 2.97 3.35 3.51 3.58 3.63 3.51 3.28 3.17 3.38 3.99 4.74 5.20 5.56 6.22 7.20 8.53 9.43
7.93 8.44 9.10 9.18 8.84 8.16 7.52 7.05 6.68 6.48 6.37 6.19 6.10 6.09 6.22 6.50 6.86 7.14 7.23 7.08 6.85 6.72 6.92 7.46 8.28 8.96 9.45 9.65 9.51 9.00 8.12 6.98 5.87 5.24 4.97 4.79 4.37 4.01 3.91 4.07 4.38 4.84 5.45 5.98 6.59 7.26 7.69 8.01 8.05 7.77 7.45 7.34 7.42 7.61 7.86 8.06 8.03 7.66 6.86 5.95 5.21 4.65 4.32 4.19 4.11 4.07 4.28 4.41 4.21 3.88 3.58 3.44 3.22 2.87 2.70 2.97 3.51 3.90 4.11 4.43 4.94 5.55 6.74 8.18
7.93 7.76 7.84 8.11 8.06 7.68 7.13 6.58 6.30 6.13 5.94 5.80 5.72 5.77 6.05 6.43 6.84 7.07 7.10 6.94 6.75 6.71 6.94 7.42 8.08 8.52 8.61 8.39 7.88 7.13 6.21 5.38 4.63 4.14 3.85 3.69 3.60 3.69 3.90 4.30 4.96 5.73 6.26 6.80 7.46 8.04 8.36 8.34 7.92 7.35 6.94 6.78 6.80 6.98 7.32 7.65 7.96 8.05 7.71 7.00 6.40 6.09 5.97 5.92 5.88 5.89 5.85 5.43 4.73 4.30 4.10 3.71 3.24 2.91 2.82 3.01 3.21 3.17 3.20 3.60 4.01 4.46 5.36 6.94
7.92 7.47 7.06 7.27 7.61 7.78 7.60 6.99 6.54 6.31 6.07 5.96 5.92 5.98 6.23 6.64 6.98 7.29 7.48 7.58 7.74 8.06 8.46 8.74 8.70 8.31 7.68 6.98 6.28 5.66 5.06 4.59 4.30 4.15 3.99 3.89 4.05 4.45 4.75 5.01 5.54 6.15 6.79 7.51 8.16 8.63 8.71 8.42 7.83 7.10 6.43 6.05 6.12 6.49 7.00 7.51 7.93 8.31 8.47 8.31 8.05 7.92 7.94 7.92 7.82 7.55 7.08 6.51 5.99 5.69 5.21 4.51 3.76 3.44 3.35 3.27 3.18 3.10 3.21 3.48 3.73 4.01 4.59 5.68
7.87 7.38 6.77 6.81 7.21 7.79 8.16 7.99 7.56 7.31 7.13 6.93 6.93 6.97 7.03 7.07 7.25 7.58 7.98 8.34 8.69 8.98 9.06 8.80 8.19 7.32 6.43 5.65 5.02 4.68 4.59 4.55 4.60 4.84 5.00 5.03 5.07 5.36 5.73 5.87 6.04 6.42 7.14 7.91 8.51 8.79 8.66 8.27 7.76 7.08 6.23 5.72 5.82 6.27 6.77 7.20 7.62 8.26 8.78 9.12 9.44 9.80 10.20 10.44 10.19 9.65 8.86 8.22 7.93 7.48 6.50 5.38 4.73 4.56 4.36 3.91 3.64 3.68 3.80 3.86 3.88 3.93 4.21 4.74
7.60 7.01 6.34 6.31 6.60 7.37 8.09 8.42 8.25 8.02 7.88 7.67 7.65 7.73 7.75 7.59 7.43 7.55 7.93 8.34 8.56 8.45 7.95 7.16 6.35 5.64 5.06 4.61 4.34 4.36 4.62 5.10 5.49 5.70 5.93 6.12 6.18 6.27 6.55 6.64 6.66 6.89 7.55 8.12 8.52 8.52 8.19 7.87 7.70 7.45 6.85 6.21 6.05 6.25 6.40 6.71 7.33 8.14 8.77 9.37 9.95 10.51 11.06 11.43 11.69 11.52 10.95 10.34 9.66 8.85 7.84 6.84 6.35 6.04 5.58 5.09 4.93 4.99 4.91 4.61 4.26 4.06 4.01 4.12
7.38 6.98 6.42 6.21 6.29 6.74 7.54 8.20 8.37 8.11 7.71 7.34 7.25 7.33 7.46 7.48 7.26 7.26 7.45 7.55 7.34 6.76 5.94 5.13 4.51 4.06 3.83 3.87 4.09 4.49 5.21 5.97 6.40 6.62 6.75 6.93 7.12 7.21 7.22 7.28 7.39 7.61 7.87 8.11 8.06 7.70 7.26 7.21 7.58 7.89 7.81 7.39 6.80 6.61 6.57 6.84 7.48 8.24 8.70 9.19 9.53 10.00 10.41 10.76 11.31 11.68 11.70 11.65 11.23 10.59 10.08 9.58 8.92 7.97 7.05 6.68 6.71 6.71 6.27 5.55 4.76 4.17 3.79 3.74
7.68 7.56 7.11 6.67 6.52 6.58 7.06 7.81 8.30 8.29 7.80 7.24 6.92 6.77 6.80 7.01 6.90 6.99 6.96 6.50 5.69 4.79 4.05 3.51 3.09 2.84 2.82 3.06 3.66 4.66 5.69 6.36 6.84 7.17 7.37 7.53 7.64 7.62 7.55 7.58 7.80 7.95 8.05 7.89 7.41 6.69 6.43 6.61 7.13 7.89 8.24 8.15 7.78 7.39 7.25 7.34 7.59 8.04 8.38 8.62 8.60 8.46 8.23 8.41 9.13 10.11 10.92 11.60 12.07 12.15 12.18 11.97 11.33 10.38 9.30 8.75 8.44 7.92 7.04 5.85 4.86 4.20 3.78 3.54
7.81 7.52 7.13 6.86 6.73 6.68 6.81 7.38 8.11 8.58 8.55 8.07 7.57 7.12 6.83 6.68 6.72 6.72 6.31 5.41 4.38 3.63 3.16 2.85 2.63 2.54 2.57 2.68 3.13 4.00 4.94 5.55 6.08 6.59 7.01 7.30 7.33 7.34 7.34 7.46 7.67 7.89 7.98 7.74 7.30 6.66 6.31 6.35 6.65 7.20 7.90 8.19 8.25 7.97 7.69 7.41 7.30 7.36 7.61 7.59 7.40 6.99 6.63 6.65 7.09 7.96 9.13 10.26 11.19 11.80 12.23 12.46 12.25 11.85 11.32 10.58 9.51 8.20 6.86 5.71 4.97 4.50 4.03 3.51
7.19 6.51 5.91 6.04 6.27 6.38 6.40 6.69 7.48 8.28 8.71 8.54 8.07 7.56 7.18 6.85 6.66 6.32 5.62 4.77 4.18 3.89 3.44 3.34 3.18 3.21 3.33 3.30 3.25 3.38 3.62 3.99 4.45 4.96 5.50 5.94 6.27 6.55 6.83 7.16 7.31 7.44 7.41 7.18 6.93 6.56 6.12 6.01 6.14 6.45 7.00 7.70 7.99 7.93 7.59 7.07 6.79 6.65 6.75 6.60 6.27 5.78 5.55 5.79 6.30 6.81 7.45 8.17 8.93 9.57 10.11 10.64 11.14 11.43 11.49 11.22 10.04 8.26 6.91 6.18 5.68 5.00 4.24 3.76
6.20 5.55 4.95 5.12 5.36 5.41 5.34 5.59 6.22 7.16 7.95 8.24 8.02 7.58 7.24 6.89 6.52 6.01 5.46 5.45 4.91 4.91 4.83 4.69 4.57 4.64 4.68 4.59 4.29 3.95 3.81 3.78 3.81 3.93 4.24 4.76 5.44 5.92 6.38 6.78 6.85 6.73 6.30 5.66 5.05 4.83 4.87 5.00 5.22 5.72 6.25 6.84 7.33 7.40 7.06 6.62 6.35 6.31 6.26 6.07 5.62 5.05 5.05 5.36 5.86 6.19 6.37 6.56 6.85 7.26 7.37 7.84 8.68 9.56 10.29 10.81 10.57 9.41 8.03 7.16 6.28 5.37 4.70 4.45
6.15 5.85 5.61 5.54 5.22 4.91 4.79 4.82 5.12 5.86 6.86 7.63 7.88 7.63 7.24 6.82 6.41 6.04 6.21 5.87 6.14 6.29 6.39 6.36 6.27 6.21 6.16 5.93 5.60 5.28 5.04 4.82 4.52 4.25 4.24 4.61 5.18 5.63 6.08 6.44 6.45 6.10 5.28 4.13 3.50 3.50 3.86 4.34 4.88 5.37 5.80 6.17 6.57 6.81 6.61 6.45 6.36 6.38 6.24 6.08 5.76 5.38 5.37 5.38 5.45 5.31 5.23 5.42 5.72 6.00 6.15 6.36 6.86 7.67 8.42 9.55 10.50 10.52 9.61 8.19 6.81 6.10 5.91 5.92
6.92 7.03 7.18 7.00 6.53 5.78 5.23 4.91 4.75 4.93 5.61 6.63 7.39 7.59 7.27 6.74 6.40 6.30 6.46 6.82 7.24 7.60 7.90 8.05 8.05 7.85 7.51 7.10 6.61 6.10 5.73 5.53 5.40 5.22 4.99 4.97 5.32 5.73 6.20 6.51 6.44 5.92 5.07 4.21 3.95 4.23 4.77 5.35 5.70 5.82 5.80 5.83 6.11 6.50 6.55 6.54 6.48 6.51 6.39 6.42 6.33 6.10 5.78 5.25 4.82 4.49 4.33 4.59 5.05 5.46 5.75 6.01 6.13 6.54 7.16 8.14 9.54 10.53 10.67 9.96 8.76 8.23 8.11 7.99
7.40 7.72 8.01 7.82 7.42 6.78 6.06 5.40 4.88 4.53 4.61 5.25 6.28 7.00 7.12 6.70 6.40 6.49 6.90 7.56 8.09 8.61 9.06 9.39 9.41 9.22 8.86 8.36 7.68 6.85 6.10 5.74 5.75 6.00 6.20 6.17 6.18 6.44 6.88 7.15 7.16 6.81 6.14 5.71 5.83 6.29 6.82 7.07 6.98 6.44 6.02 5.77 5.96 6.35 6.57 6.58 6.51 6.57 6.57 6.77 6.79 6.56 6.05 5.21 4.46 4.03 3.96 4.20 4.59 4.92 5.32 5.65 5.79 5.93 6.46 7.13 8.17 9.60 10.76 11.45 11.50 11.07 10.44 9.86
7.46 7.71 7.78 7.52 7.15 6.66 6.20 5.64 5.00 4.41 4.17 4.38 5.05 6.02 6.58 6.54 6.32 6.42 6.92 7.58 8.12 8.58 8.99 9.34 9.47 9.48 9.40 9.21 8.73 7.94 6.98 6.21 5.99 6.28 6.66 6.93 7.14 7.36 7.60 7.98 8.38 8.50 8.47 8.11 7.97 8.14 8.22 7.87 7.32 6.67 6.12 5.89 5.84 6.21 6.51 6.56 6.52 6.68 6.75 6.91 6.95 6.84 6.49 5.77 4.94 4.36 4.13 4.17 4.32 4.51 4.82 5.09 5.33 5.58 5.98 6.44 7.16 8.27 9.82 11.17 12.06 12.06 11.46 10.64
