project/data/elevation/US_DEM2016/US_DEM2016_point_10-30-2019_2345_30m_ang.asc
ncols	125
nrows	167
xllcorner	-2042055.000000
yllcorner	1465035.000000
cellsize	30.000000
NODATA_value	-9999.000000
[rows 0 to 43 of 167, columns 0 to 95 of 125]
356 353 346 342 344 345 347 348 350 353 355 355 354 353 354 355 356 356 355 354 353 351 351 353 355 356 358 359 357 355 353 349 345 341 339 336 335 338 342 345 346 347 348 349 349 349 347 346 346 346 347 349 351 353 354 355 356 356 354 353 351 350 349 348 349 351 354 354 353 350 348 347 348 348 349 350 350 349 348 350 354 355 353 352 351 352 354 355 355 352 351 351 351 350 348 348
356 353 346 342 344 345 347 348 350 353 355 355 354 353 354 355 356 356 355 354 353 351 351 353 355 356 358 359 357 355 353 349 345 341 339 336 335 338 342 345 346 347 348 349 349 349 347 346 346 346 347 349 351 353 354 355 356 356 354 353 351 350 349 348 349 351 354 354 353 350 348 347 348 348 349 350 350 349 348 350 354 355 353 352 351 352 354 355 355 352 351 351 351 350 348 348
3 357 346 340 339 339 341 343 347 351 354 355 354 353 354 356 357 358 358 356 353 349 349 352 355 358 2 4 2 360 357 353 349 345 342 338 335 334 337 341 344 346 347 348 349 350 350 348 346 345 344 346 350 352 353 355 357 358 357 355 353 350 347 345 346 350 353 356 355 353 350 349 348 348 348 349 349 346 345 348 353 355 353 351 351 352 355 358 357 354 352 352 353 351 348 346
13 4 348 339 334 330 330 332 337 345 351 354 354 352 353 356 359 1 2 359 352 347 347 351 357 4 10 13 11 8 4 360 355 351 348 344 338 333 332 335 340 343 345 347 348 350 351 350 347 343 342 343 347 351 353 355 358 360 0 360 357 352 347 343 342 345 350 354 355 355 353 352 351 350 348 347 345 342 339 342 349 352 350 348 350 355 359 2 0 355 353 354 353 351 347 344
15 5 349 341 335 329 324 324 329 336 344 351 353 352 352 354 358 0 2 358 351 347 347 352 1 10 16 17 14 10 6 2 357 354 352 350 345 340 335 334 336 340 344 345 346 348 350 350 347 343 342 344 347 350 353 354 355 356 357 359 359 356 352 347 344 343 344 347 350 352 354 354 354 352 349 345 342 339 336 338 343 345 343 344 349 358 3 4 0 355 354 353 351 346 343 342
12 4 350 343 338 333 326 322 322 326 335 345 350 351 351 353 356 357 357 354 350 347 350 356 6 14 18 17 13 9 5 1 357 356 355 354 350 346 342 337 333 334 338 341 343 346 347 347 346 344 343 346 349 353 355 355 353 351 350 353 356 357 356 353 349 344 342 341 343 346 350 353 354 351 348 343 340 337 335 335 337 337 335 338 348 359 4 4 359 355 353 352 347 342 340 343
8 2 351 345 342 337 332 325 319 318 324 335 345 347 347 351 356 357 355 351 348 348 353 2 10 15 17 14 10 5 2 359 358 357 357 356 353 350 347 342 335 331 330 333 338 342 344 344 342 341 342 346 352 357 359 357 354 352 351 352 353 356 358 356 352 347 343 341 341 344 347 350 351 349 345 342 338 335 332 332 333 332 331 333 343 357 3 2 357 353 352 348 342 340 342 350
3 359 352 348 346 343 338 331 322 316 316 324 335 339 341 348 355 359 357 351 347 349 356 5 12 15 15 12 7 2 359 358 358 357 357 356 355 354 353 350 344 336 330 327 331 337 340 339 337 337 339 345 353 359 1 360 358 357 357 358 358 357 358 357 354 349 344 341 342 345 348 349 349 347 344 341 338 333 330 330 330 329 329 331 338 351 359 359 354 351 349 345 342 343 352 3
356 355 353 352 351 349 345 338 329 322 319 321 326 331 335 343 353 1 0 353 346 348 358 8 13 14 12 8 4 359 356 356 355 354 354 354 356 357 357 356 354 348 340 332 331 335 339 338 335 334 337 344 352 358 1 2 2 3 5 5 3 360 357 356 355 351 345 342 342 346 349 350 349 346 344 342 340 337 334 332 331 329 328 327 336 345 354 354 350 348 347 345 346 354 6 12
349 351 354 356 355 354 350 343 336 332 329 326 325 326 330 338 350 1 2 355 348 349 359 8 12 10 7 4 1 358 354 352 351 350 350 353 356 358 359 360 359 357 352 345 339 338 340 338 336 335 338 345 351 355 360 4 7 10 11 9 5 0 356 354 354 352 347 345 345 348 350 349 347 345 344 343 342 341 340 340 339 336 334 335 338 344 349 349 347 347 347 349 355 5 9 8
340 346 355 359 358 357 353 347 342 340 339 336 332 329 329 335 347 357 359 354 351 354 1 7 8 6 3 0 357 354 351 348 346 346 348 351 354 356 357 359 0 360 358 354 348 343 339 337 335 336 341 348 353 356 358 3 10 14 13 9 4 359 354 350 349 349 349 350 351 351 350 347 345 343 343 344 343 344 345 347 346 344 342 341 342 345 347 345 345 347 352 356 0 3 3 3
331 339 352 358 359 357 353 350 348 348 347 345 342 338 335 336 343 350 353 353 354 358 4 6 5 3 360 355 352 349 347 345 344 346 349 351 351 351 353 356 358 359 0 359 355 349 342 336 334 337 344 353 358 0 2 4 8 11 10 7 2 356 351 347 345 346 349 353 355 353 350 345 342 342 343 343 344 346 349 349 347 344 343 343 345 346 345 342 344 350 355 357 359 359 359 360
331 334 343 352 356 355 353 352 352 354 353 352 350 348 345 342 343 346 348 351 356 3 7 5 1 358 355 351 347 345 344 343 343 347 351 349 346 346 348 351 353 355 357 359 358 354 346 338 336 339 346 355 2 6 7 5 3 4 5 2 357 352 348 346 344 344 348 354 356 355 350 345 342 342 343 345 346 348 350 347 341 336 334 337 341 343 342 342 344 349 353 355 357 357 356 356
338 337 337 342 348 351 352 353 355 356 356 356 356 355 353 349 347 346 346 350 358 6 8 3 358 354 350 347 345 342 341 342 344 348 348 343 340 341 343 344 345 347 351 355 358 356 349 342 341 344 350 358 6 9 5 0 358 359 359 357 353 349 347 345 344 344 347 352 355 355 351 345 343 344 347 349 349 350 351 346 339 332 329 331 334 336 339 341 344 347 349 352 354 354 353 352
341 341 340 340 340 344 347 350 352 353 353 354 356 357 357 355 352 351 350 352 0 7 6 1 357 353 349 346 344 341 341 344 347 348 345 339 336 338 339 339 339 340 342 348 353 353 349 347 347 351 357 4 7 4 358 355 356 356 353 351 350 348 347 346 345 345 347 351 355 355 351 346 346 350 354 355 352 351 350 346 341 336 334 333 332 333 337 341 343 344 346 348 349 349 349 348
338 341 345 345 341 338 338 339 340 339 339 342 347 351 354 356 358 357 356 358 2 5 4 2 359 356 352 349 348 345 344 345 347 349 348 345 342 340 340 341 341 340 341 343 346 348 349 351 354 359 4 6 3 357 353 353 355 354 349 346 346 347 348 348 347 346 348 352 355 356 353 351 353 359 360 356 353 351 349 344 340 339 338 336 334 335 339 342 342 342 344 345 346 346 347 347
337 340 346 350 349 341 334 331 330 329 329 331 335 339 345 353 360 2 2 3 3 3 4 4 3 360 355 352 351 351 348 345 345 348 350 350 348 345 344 345 345 345 344 344 344 345 349 355 1 4 6 4 359 353 351 353 356 353 347 343 343 345 348 350 349 349 349 352 355 357 357 358 2 2 358 354 353 353 350 345 341 340 339 338 338 339 342 344 343 341 341 343 344 345 349 351
343 343 349 356 357 350 341 337 335 334 335 336 337 339 342 349 358 4 5 5 5 5 6 6 4 360 356 352 352 353 352 349 346 345 348 350 350 349 348 346 346 346 344 343 343 345 351 360 5 7 6 2 355 351 350 353 355 350 344 341 341 344 347 351 352 352 351 351 353 357 1 4 4 0 356 354 355 356 353 349 345 342 341 341 342 344 345 345 343 340 340 342 344 349 354 354
347 349 355 1 359 351 343 340 340 340 342 343 345 346 348 351 357 3 6 6 7 8 8 6 2 358 355 352 351 352 353 352 349 346 346 348 350 351 350 347 346 345 344 344 344 347 355 3 6 6 4 359 353 350 350 354 353 346 342 340 340 342 346 350 353 354 352 350 350 354 360 2 2 358 355 355 357 357 356 354 351 348 346 346 347 348 347 344 341 339 340 342 346 351 353 352
350 354 3 2 354 346 342 342 343 345 347 349 351 353 355 356 358 3 6 7 8 10 8 5 1 358 355 352 350 350 351 351 350 349 348 348 350 351 350 348 346 345 346 347 350 355 359 1 1 1 359 356 352 351 352 353 349 343 341 340 341 342 344 347 351 353 353 351 349 349 353 357 357 356 356 356 357 357 357 357 357 355 353 351 351 350 348 344 341 340 342 343 346 348 348 348
360 3 4 356 346 341 341 343 345 348 350 353 356 358 0 1 2 5 6 7 9 8 6 3 1 358 355 352 350 348 348 348 349 349 349 350 350 350 349 348 348 348 350 355 360 2 359 355 354 354 353 353 352 354 355 352 347 343 341 341 342 342 342 342 344 346 349 350 347 343 343 347 349 351 354 355 356 355 356 359 1 1 0 357 353 351 349 348 346 346 346 345 345 344 344 346
11 6 357 348 342 340 341 344 348 351 353 355 358 1 3 5 7 7 6 6 6 4 2 1 360 357 355 352 350 348 346 345 346 348 350 351 351 349 348 350 352 354 360 5 4 0 354 350 348 348 349 351 354 357 357 353 348 345 344 344 344 343 340 334 330 330 333 337 337 332 331 333 337 341 346 351 352 352 354 357 2 5 5 2 356 352 351 351 352 352 350 347 345 343 344 346
4 359 351 347 343 342 343 346 350 352 354 356 358 1 5 8 9 7 5 2 0 358 358 358 357 356 354 352 350 348 345 345 346 349 351 352 350 348 350 355 359 4 8 6 360 354 348 345 343 343 345 349 354 358 358 356 352 349 349 349 349 346 340 328 318 314 313 314 317 318 318 319 322 327 333 341 345 346 348 352 358 3 6 5 1 356 353 353 354 354 352 348 345 346 347 348
350 350 349 347 346 345 347 349 351 352 354 356 358 1 6 9 9 6 2 359 355 353 353 354 354 353 351 350 349 347 346 346 348 352 355 353 349 350 356 3 8 8 5 359 354 349 344 341 339 340 343 348 353 357 359 358 357 356 356 357 358 355 346 334 325 321 318 317 318 317 313 310 309 313 320 328 334 337 341 346 351 358 5 7 6 0 355 352 352 353 351 348 346 346 347 347
336 340 346 348 348 349 350 351 352 352 354 356 358 1 5 7 7 4 1 358 354 351 349 348 348 348 348 348 348 348 349 351 355 357 357 353 352 356 3 7 6 3 357 352 349 346 342 340 339 339 343 347 351 355 358 360 1 3 4 6 6 1 351 342 337 333 330 328 327 324 318 311 306 304 309 315 320 325 332 338 343 350 0 7 8 4 358 353 352 352 351 348 346 345 345 344
325 330 341 347 350 352 352 351 352 352 353 355 357 0 2 4 3 2 2 359 355 352 348 345 344 344 344 346 348 351 356 1 5 5 360 356 358 1 2 1 359 356 352 348 346 343 342 341 341 341 343 346 350 354 357 359 3 7 10 10 7 360 352 346 342 339 337 336 334 330 325 321 315 309 307 308 309 311 318 326 332 341 352 2 6 6 1 356 354 352 351 349 346 344 344 343
319 323 335 344 350 355 355 353 352 352 352 354 357 358 359 359 0 1 1 359 355 351 348 345 343 343 344 347 352 359 7 13 12 7 2 358 358 359 358 355 353 350 347 344 342 341 342 343 345 345 345 345 347 351 354 358 3 9 11 9 4 357 352 349 347 345 343 343 341 338 335 333 327 320 315 313 309 307 310 316 323 332 342 353 1 5 4 359 355 353 352 350 346 345 344 344
317 321 331 339 348 355 357 357 355 354 354 355 357 357 357 358 358 359 358 356 352 348 346 345 345 345 347 352 0 11 18 16 10 4 1 358 356 355 355 353 350 346 343 340 339 340 342 346 350 351 348 344 344 346 350 357 4 7 7 4 358 354 352 352 352 352 350 349 347 346 345 343 337 330 327 323 318 314 314 316 319 325 332 342 353 2 5 3 357 353 351 349 346 345 345 344
318 320 326 334 343 351 357 359 358 356 356 357 357 358 359 359 358 356 354 351 348 346 345 346 347 349 353 1 11 17 16 8 3 360 358 357 356 354 354 352 349 343 339 337 337 339 343 348 354 356 353 347 342 342 347 356 2 3 1 357 352 350 352 355 357 359 357 354 353 353 354 351 345 339 336 334 328 325 324 325 324 323 326 332 342 354 3 4 1 355 351 349 346 345 345 345
322 323 326 331 338 346 354 359 360 359 358 358 357 358 360 360 358 354 350 346 345 346 347 350 352 355 1 9 14 11 4 359 358 358 356 356 355 354 353 351 348 342 337 335 335 338 343 349 355 358 357 351 345 342 346 353 358 358 356 350 346 346 350 355 0 2 1 360 359 359 358 356 352 348 344 340 336 335 335 335 333 329 324 325 331 342 355 2 3 359 354 349 346 345 346 348
326 328 331 334 336 342 350 357 1 2 0 358 357 357 359 359 358 353 348 345 346 350 354 359 2 6 10 10 4 357 354 353 354 355 355 354 354 353 352 350 346 341 337 335 336 338 342 346 352 355 357 355 350 346 347 351 353 354 351 345 342 342 347 353 358 1 2 3 2 1 0 360 359 357 352 347 344 343 344 344 341 335 328 323 322 328 340 353 1 2 359 353 348 347 348 350
323 327 334 337 337 339 345 354 1 3 3 1 359 358 360 0 357 352 349 349 354 1 9 14 15 13 8 358 348 344 345 347 349 351 352 352 352 352 351 348 343 340 338 338 340 341 342 344 347 351 354 355 353 351 350 351 351 351 347 341 338 339 343 348 352 356 359 1 2 1 1 2 2 2 358 354 351 351 351 350 346 341 335 327 320 318 324 336 350 359 360 357 352 350 350 351
319 321 329 334 336 337 341 349 358 3 5 4 3 1 1 1 357 354 355 1 8 19 21 18 13 7 360 351 341 335 335 337 341 344 347 348 350 350 348 345 340 337 337 339 343 344 344 342 342 345 350 353 354 354 353 353 352 350 344 338 335 336 339 343 346 348 353 357 359 0 1 2 3 3 2 2 1 0 357 354 351 348 343 334 326 320 319 322 332 345 354 356 355 353 350 350
323 321 321 325 329 332 336 343 352 1 6 7 6 5 3 2 359 359 3 14 17 15 14 12 7 2 358 352 346 339 336 336 337 338 341 344 346 346 345 342 338 335 335 337 340 342 340 337 335 339 344 349 353 356 357 356 354 351 344 337 334 332 334 336 339 342 347 353 355 357 358 360 1 1 4 8 10 8 2 357 356 355 349 339 333 330 327 324 325 329 339 348 353 352 349 348
336 331 325 325 327 329 331 336 344 355 3 8 9 7 5 4 3 4 12 14 12 11 10 8 5 2 358 355 351 347 344 343 343 341 340 340 342 342 341 339 337 336 336 336 334 332 331 329 329 332 338 344 351 357 359 358 355 351 345 340 337 334 334 333 334 336 343 349 352 353 354 355 356 358 4 10 12 11 7 3 2 360 351 343 340 339 338 337 333 331 332 338 344 348 347 346
342 338 334 335 336 336 335 335 339 348 358 6 10 10 8 7 6 6 7 9 7 6 6 5 4 2 360 358 355 351 348 348 348 347 344 341 340 340 340 339 339 340 341 341 336 332 330 330 330 331 335 341 349 356 360 358 356 352 346 342 340 338 337 334 332 333 338 344 347 350 352 353 352 354 360 5 9 10 10 8 5 0 353 348 346 346 347 346 343 339 337 338 340 344 345 345
339 339 339 341 344 345 343 341 341 344 352 1 8 12 12 10 8 5 7 3 1 1 1 1 2 2 1 0 359 356 353 350 349 349 348 345 342 340 340 341 343 347 349 346 340 337 336 336 337 337 337 339 347 355 359 358 356 352 347 343 342 341 341 338 335 333 334 338 341 344 349 351 349 351 355 358 3 8 9 9 6 1 357 353 353 354 355 352 346 342 339 339 341 344 346 346
334 336 341 345 348 349 349 348 347 347 349 355 3 10 13 13 8 1 358 357 356 355 356 358 359 0 1 2 2 1 358 353 349 347 347 346 344 341 340 341 346 351 354 350 345 341 341 342 343 343 341 340 344 353 359 359 356 352 346 343 342 345 347 346 342 338 335 334 335 339 345 349 347 347 350 352 356 1 4 5 4 3 1 1 1 2 360 354 347 342 340 340 341 344 347 349
329 332 341 347 350 351 351 352 352 351 349 351 357 6 10 13 7 3 353 351 351 351 352 354 356 357 359 2 3 4 2 358 352 347 344 344 343 342 340 340 344 350 354 354 350 347 346 346 346 345 342 340 342 351 358 358 355 350 345 342 342 346 349 351 349 345 338 333 331 333 340 345 344 343 345 347 350 354 356 359 1 4 6 9 10 6 359 351 348 347 346 344 344 346 351 352
326 329 340 347 349 350 352 354 355 353 350 350 354 360 6 10 9 358 355 348 348 348 349 351 353 354 356 359 1 4 4 0 355 349 344 343 343 343 342 340 341 346 352 355 355 353 351 350 348 345 342 339 341 349 356 357 353 349 345 343 343 345 347 349 349 347 340 333 326 326 335 341 340 338 340 343 345 347 349 352 356 3 9 13 13 5 354 350 350 351 352 352 352 353 355 356
325 329 340 347 349 349 351 354 355 353 351 351 356 3 4 14 6 359 355 351 349 348 348 348 349 350 352 355 358 2 3 1 356 350 344 342 343 344 344 343 343 345 349 354 357 358 356 354 353 350 346 343 343 348 355 355 351 348 347 346 346 346 344 343 342 340 338 333 326 322 326 333 334 333 336 341 343 342 343 347 353 359 7 11 9 1 354 350 351 353 355 357 359 1 1 0
330 333 341 347 349 350 351 353 353 352 351 353 359 6 8 4 2 360 358 356 352 349 348 347 347 347 349 351 355 358 360 358 353 348 344 342 342 343 345 346 348 347 349 353 357 359 358 356 356 355 352 350 347 350 354 353 350 348 350 351 352 352 348 342 338 337 336 334 330 324 322 324 325 326 331 338 340 338 338 344 351 355 0 4 3 359 355 353 353 355 357 360 3 6 7 6
334 337 343 348 350 351 352 352 352 351 352 356 3 8 7 3 1 0 359 357 353 350 348 348 348 348 349 350 351 353 355 352 349 347 345 344 341 341 344 348 351 351 351 353 357 359 358 355 354 356 357 356 354 353 354 354 351 351 353 355 356 356 352 346 342 341 339 336 333 330 327 322 317 316 321 329 332 331 332 341 350 353 353 354 356 357 357 356 356 357 360 2 5 8 11 10
336 339 344 348 350 351 352 351 350 351 354 359 6 15 5 2 0 359 358 355 352 350 349 349 349 350 350 350 350 350 349 346 345 346 347 347 344 341 342 347 353 355 355 355 357 357 357 354 352 353 355 357 357 356 354 353 353 354 355 357 358 357 354 349 347 346 343 339 338 336 333 325 314 307 306 313 318 319 322 334 345 349 348 348 351 354 357 357 357 359 2 5 8 12 14 13
