project/data/elevation/US_DEM2016/US_DEM2016_point_10-30-2019_0124_30m_ang.asc
ncols	125
nrows	167
xllcorner	-2042055.000000
yllcorner	1465035.000000
cellsize	30.000000
NODATA_value	-9999.000000
[rows 42 to 83 of 167, columns 0 to 93 of 125]
271 270 269 268 269 270 271 273 277 279 279 276 266 261 268 272 273 274 278 282 283 283 284 283 282 279 276 274 272 270 270 273 279 283 285 286 288 287 281 275 273 277 280 273 267 265 265 269 272 272 272 276 286 287 277 275 276 274 269 265 264 265 268 273 278 280 281 284 288 292 293 291 287 281 277 278 286 287 281 276 276 279 278 275 272 269 269 271 272 272 271 269 267 261
271 271 269 269 269 270 272 275 279 280 277 272 259 235 267 271 273 275 278 282 284 284 284 284 282 279 278 277 276 275 276 277 280 283 282 280 281 284 281 274 269 270 274 272 268 266 266 269 272 272 269 269 274 283 280 277 276 273 270 266 264 265 269 274 276 277 279 283 287 288 288 288 287 283 279 280 287 289 284 279 279 283 284 281 276 270 268 267 269 269 267 263 260 255
272 271 270 271 271 273 274 276 278 278 274 267 256 237 268 272 274 275 278 281 283 282 281 280 279 278 278 277 278 280 280 280 280 281 279 275 274 277 280 276 268 264 266 268 268 267 265 267 271 273 273 273 275 282 284 280 277 274 270 266 264 266 269 271 271 274 279 281 280 277 277 281 284 284 283 284 289 292 290 285 286 288 286 283 279 273 267 265 268 270 267 260 253 243
272 272 272 272 274 275 275 274 273 272 267 257 252 264 271 275 276 277 278 280 281 280 278 276 276 277 278 279 281 283 283 280 277 278 279 275 271 270 274 275 268 261 259 263 267 266 266 268 271 274 275 275 280 291 293 286 279 273 269 266 265 265 267 268 271 275 277 274 269 269 274 278 281 283 284 286 291 295 290 296 296 295 288 284 281 275 267 263 264 269 270 264 251 240
272 272 272 273 274 274 273 271 268 265 259 245 250 266 272 274 276 277 278 278 278 278 277 276 277 277 279 281 283 285 283 278 274 275 280 277 270 265 265 269 265 258 256 262 266 266 267 269 271 270 269 272 282 297 305 296 281 274 270 267 266 266 266 268 270 272 269 266 267 271 276 279 280 281 283 285 289 294 298 302 298 305 296 288 283 277 269 263 262 265 268 265 250 244
273 273 273 273 272 272 272 270 266 261 252 240 238 266 270 270 271 273 274 275 276 277 278 278 278 278 279 282 284 285 282 276 272 272 279 279 272 265 261 261 258 256 259 264 266 267 268 269 267 263 264 271 284 298 311 309 289 277 272 269 266 266 266 267 268 267 266 268 272 276 279 280 280 281 282 284 287 291 296 302 311 313 305 292 285 279 273 266 263 262 261 253 243 249
274 275 275 274 271 271 271 270 267 261 249 248 263 270 270 268 268 269 271 273 275 276 277 277 278 278 280 282 284 284 281 276 272 271 275 279 275 267 260 255 252 257 263 266 267 267 267 265 263 262 268 277 288 299 313 321 299 281 275 270 267 266 266 267 268 269 272 276 279 280 281 281 282 282 282 284 286 290 294 298 306 314 311 299 288 281 276 270 264 260 252 240 239 251
273 274 276 275 272 269 269 270 269 262 252 260 272 274 275 273 272 271 271 272 273 274 276 277 277 278 280 282 284 285 284 279 273 269 270 277 277 268 259 252 251 259 265 267 268 267 266 265 265 269 276 284 290 298 313 327 307 284 278 273 269 266 265 267 271 275 279 282 283 283 283 283 283 284 283 284 285 287 290 292 297 306 311 305 293 283 278 273 266 258 246 236 243 254
272 272 273 275 274 269 267 269 269 263 258 267 274 277 278 277 275 272 271 270 271 274 276 277 277 278 280 282 284 286 287 282 275 268 265 270 273 265 256 252 256 263 268 271 272 270 268 268 271 277 283 288 290 295 307 326 307 286 280 277 272 268 266 268 273 277 280 282 283 283 283 282 283 283 282 281 280 280 281 283 287 295 305 308 300 288 280 274 267 256 243 239 248 257
271 271 271 273 274 271 266 266 267 262 263 270 273 275 275 274 272 270 268 268 270 272 274 277 278 279 280 281 283 286 289 285 278 270 265 264 264 258 255 258 263 268 271 273 274 274 273 275 278 282 284 286 287 288 298 319 301 284 280 277 275 271 269 269 272 276 279 281 283 283 283 281 281 280 279 277 274 273 274 274 276 281 292 302 303 296 283 273 265 253 244 246 254 259
272 271 271 272 273 272 268 265 265 263 266 271 272 272 270 268 266 265 265 265 266 268 271 275 279 280 280 279 280 284 290 288 282 275 268 262 255 252 258 263 266 270 273 275 277 279 281 281 282 281 280 279 279 281 289 308 290 280 277 277 277 275 271 270 270 272 276 279 282 284 284 282 280 278 277 275 271 270 271 272 271 272 277 282 294 287 286 273 262 253 251 257 261 264
272 272 272 273 274 275 271 266 264 264 333 274 270 267 264 262 262 262 262 262 264 267 270 275 279 281 280 278 277 281 290 293 288 280 271 262 252 252 261 265 268 270 273 276 280 283 285 284 282 277 272 270 271 273 279 293 282 277 278 279 279 276 272 269 268 269 273 278 282 285 286 285 281 278 276 273 270 268 268 271 270 269 269 272 278 284 285 273 262 259 262 265 266 270
273 273 273 275 277 279 275 267 262 261 267 278 266 261 258 259 262 262 261 262 264 268 271 275 278 280 280 277 277 281 288 294 293 284 272 262 253 258 265 268 269 271 274 279 283 285 285 283 281 275 269 265 264 264 266 273 276 277 279 280 278 275 271 267 266 268 273 278 282 284 284 283 281 279 276 273 270 266 264 265 267 268 270 274 277 280 280 274 269 269 270 268 270 274
273 273 274 276 278 280 279 271 263 259 264 283 262 258 258 267 265 265 265 266 267 269 272 275 277 279 280 278 278 280 285 291 293 288 275 263 259 266 270 271 272 273 277 281 284 285 282 280 279 275 269 264 261 257 250 248 268 276 278 277 275 272 269 266 266 269 273 277 278 277 277 278 280 280 278 275 271 267 263 263 266 272 277 284 274 286 282 279 277 276 273 272 274 276
274 274 275 275 276 277 279 277 271 265 264 288 274 260 264 268 269 270 272 273 272 272 273 275 277 279 279 279 279 280 283 287 292 293 284 272 269 272 274 275 276 277 280 283 284 283 281 279 280 277 270 264 259 252 238 239 263 273 275 273 270 269 267 267 268 271 273 273 272 271 273 277 280 281 279 274 269 266 267 267 271 278 285 291 282 296 290 284 280 278 277 277 278 279
273 274 273 272 271 272 276 279 278 273 341 264 263 264 267 270 271 273 276 277 276 275 274 275 277 278 278 278 279 281 284 287 291 295 295 284 276 275 275 276 277 279 281 283 283 281 279 278 280 278 271 265 258 247 233 244 263 271 272 271 270 270 269 270 271 272 270 268 267 270 275 278 277 274 272 273 274 274 273 275 280 286 290 289 296 298 295 287 281 280 281 282 282 284
272 272 271 269 266 266 270 274 275 272 266 264 264 266 268 270 273 274 276 278 278 277 276 276 277 276 276 277 279 281 283 285 286 290 294 287 279 276 275 276 276 278 280 281 281 279 277 276 278 279 273 264 255 243 236 254 266 271 273 274 275 275 273 272 272 271 268 266 269 274 277 276 269 264 267 271 274 276 278 282 287 290 291 291 293 295 294 287 282 281 283 286 286 285
272 271 270 268 264 262 263 264 264 261 11 264 265 266 269 270 272 274 275 275 276 276 277 277 275 274 274 276 278 279 280 281 281 282 288 284 280 278 277 276 276 276 277 277 277 277 276 274 277 279 275 266 255 244 247 263 270 273 276 278 279 279 277 274 270 268 266 268 272 275 275 268 262 263 268 273 277 280 284 287 289 290 288 288 289 290 290 287 283 282 285 288 287 283
271 270 269 268 265 261 257 255 251 250 259 265 268 269 269 270 271 272 272 272 272 274 276 275 273 271 273 276 276 275 276 278 281 286 294 289 282 281 280 278 276 274 272 272 272 274 274 274 278 282 280 273 264 257 261 269 272 275 277 280 283 283 282 277 270 265 264 268 273 274 270 264 263 269 274 278 282 285 287 288 287 285 284 284 281 288 287 284 283 283 286 289 287 281
271 269 268 268 267 263 257 251 242 241 256 265 268 270 270 269 268 266 266 267 271 273 274 272 269 270 274 276 275 274 273 275 280 290 302 298 285 280 279 277 274 271 269 269 270 271 272 276 281 286 289 288 284 278 273 273 274 276 278 282 285 286 284 278 270 264 263 267 271 271 269 268 272 276 279 281 283 285 285 283 281 279 280 281 284 287 285 282 281 282 284 287 285 279
271 270 268 268 267 264 259 250 239 241 257 266 270 272 272 270 266 263 263 268 274 275 273 269 268 272 276 277 277 276 274 272 274 282 299 301 285 278 275 273 272 270 270 270 270 271 273 277 283 288 293 296 298 295 281 276 277 278 280 284 286 286 283 277 270 266 265 267 268 269 270 273 276 278 279 280 280 280 278 275 274 273 273 275 280 284 285 283 282 282 283 284 283 280
271 271 270 269 268 265 259 247 240 250 263 269 273 276 277 275 273 265 266 272 277 278 277 274 274 276 278 278 278 280 279 274 271 273 284 293 282 276 274 273 273 274 273 272 272 271 272 275 279 284 288 290 296 300 286 281 281 282 284 285 285 282 278 273 270 270 270 269 267 266 269 273 276 276 276 276 276 275 272 269 267 266 264 266 273 276 282 284 283 284 283 282 282 283
272 271 271 270 268 264 255 243 244 255 263 268 273 277 281 282 276 275 270 271 274 279 282 283 283 281 279 278 279 281 284 281 274 269 270 279 280 279 278 278 278 278 277 275 272 271 271 272 274 277 280 283 292 300 288 285 285 286 285 284 281 276 273 270 272 274 273 270 267 267 269 272 275 276 274 272 271 272 270 265 262 260 258 256 257 272 279 284 284 284 283 283 283 286
272 271 270 268 266 261 248 241 249 257 261 265 270 274 278 283 287 285 275 270 270 274 281 287 289 284 281 279 279 281 284 285 281 276 274 279 282 282 283 283 282 281 278 275 272 271 271 272 271 271 275 282 296 304 290 286 288 287 284 281 276 272 270 270 273 275 275 271 268 268 270 270 273 276 274 269 267 268 268 263 259 256 253 251 253 265 281 289 288 286 285 285 286 289
271 271 269 266 262 252 239 242 253 258 261 264 266 269 273 279 286 289 283 273 270 272 277 284 289 287 284 281 280 280 283 286 288 290 293 292 286 283 283 283 282 280 277 274 272 272 273 272 270 267 269 276 294 305 293 287 288 287 283 277 272 270 269 270 273 275 275 272 269 269 269 269 269 272 273 268 263 260 261 260 257 254 252 253 260 272 285 295 295 291 288 288 289 293
271 270 267 264 257 243 234 245 229 260 261 261 262 264 269 274 281 288 289 281 274 272 274 280 286 289 287 284 280 278 279 284 291 299 307 300 288 282 280 280 279 278 275 272 271 272 274 273 270 267 265 269 283 300 294 289 287 285 279 272 269 269 269 271 275 276 274 271 270 269 268 268 266 266 267 265 259 253 257 257 258 264 256 260 268 278 288 297 300 295 292 289 290 295
271 270 266 261 252 236 234 248 257 261 261 259 259 262 266 270 275 283 291 289 280 275 274 277 283 288 288 284 280 277 276 279 285 295 309 303 287 280 278 278 278 276 273 270 270 273 275 274 272 269 266 266 277 294 292 287 283 279 271 268 268 268 269 273 275 274 270 268 268 269 268 268 267 263 260 258 254 253 252 258 261 262 262 266 272 280 288 295 300 300 297 292 289 292
271 269 264 258 248 232 238 253 261 264 263 261 261 262 264 267 270 277 286 291 285 279 277 278 281 284 285 283 280 278 275 274 276 284 302 306 290 282 280 280 278 275 271 269 269 272 274 273 271 270 270 273 283 295 293 282 277 270 267 268 269 269 271 274 273 270 267 265 267 270 271 271 269 264 257 254 253 250 256 261 265 267 268 270 275 281 287 292 298 303 304 297 289 287
271 269 263 257 245 231 245 258 264 268 271 271 269 267 266 266 268 272 279 289 288 283 280 280 279 280 280 279 278 278 277 276 275 278 291 306 296 286 283 280 277 274 270 269 269 270 270 269 269 273 278 284 293 300 298 279 271 268 269 271 271 272 274 274 272 269 266 265 267 270 272 272 271 265 258 255 255 257 261 264 267 270 272 274 278 284 289 293 299 305 308 300 289 284
271 269 263 256 241 235 250 259 264 269 274 278 279 276 272 269 269 270 275 284 288 285 283 281 279 277 275 275 275 276 279 281 281 282 290 302 297 288 284 280 276 272 270 269 268 267 266 268 273 280 285 290 297 304 304 281 275 273 275 276 276 276 277 277 275 272 268 266 267 269 271 270 267 262 258 258 259 261 264 268 272 275 277 280 285 289 293 296 300 305 308 300 287 281
271 269 264 254 239 241 254 260 263 267 272 279 284 285 281 276 273 273 275 281 287 287 284 282 279 274 271 271 272 275 279 283 286 290 297 305 298 289 284 279 274 271 269 269 268 267 269 273 279 283 284 286 293 303 294 283 279 276 276 277 278 279 280 280 279 275 270 266 265 266 265 262 258 257 259 261 263 265 269 275 280 283 285 286 288 291 293 292 291 296 303 298 284 277
272 270 264 252 239 246 258 263 265 268 272 277 282 287 287 283 281 279 278 280 284 286 282 279 276 273 269 269 270 273 277 280 284 289 298 306 300 289 283 278 274 272 270 269 269 270 273 276 278 279 278 277 282 297 293 283 278 276 275 275 277 279 280 280 278 274 267 263 262 261 259 256 257 260 264 266 267 271 277 284 288 290 290 287 286 288 289 284 278 278 285 287 279 273
272 270 264 250 242 252 262 267 271 273 274 276 278 282 285 287 287 285 282 280 281 281 279 275 273 272 270 268 267 269 272 275 279 282 288 299 296 287 281 278 276 274 272 271 270 271 273 274 275 275 274 273 274 283 286 280 277 276 275 275 276 278 279 276 272 266 262 261 260 258 257 258 262 266 270 272 274 278 284 289 292 293 291 285 279 277 282 282 275 266 262 267 270 267
272 270 264 251 248 258 267 274 278 278 276 274 274 277 282 286 289 288 284 280 278 277 274 271 270 272 272 269 265 266 269 272 275 277 282 294 295 286 281 279 277 275 273 271 270 269 272 274 275 276 277 277 276 279 282 280 280 279 277 276 277 276 274 268 262 260 262 263 260 259 260 263 266 271 276 279 281 284 286 290 291 292 289 284 275 270 272 279 277 267 256 257 264 266
271 269 263 252 252 263 273 279 281 279 274 272 273 276 281 285 287 287 284 279 276 274 271 269 268 271 274 272 267 266 267 269 272 277 284 296 299 288 280 276 276 276 275 272 269 267 269 273 275 276 278 280 281 284 286 284 282 281 279 278 277 274 266 260 259 262 266 266 263 262 265 268 272 277 281 285 288 287 286 285 284 284 284 284 279 270 266 269 274 270 260 259 265 270
270 267 260 249 254 269 275 276 275 274 273 274 277 280 283 284 285 284 281 278 275 272 269 268 267 268 273 276 272 268 266 267 270 276 284 294 300 288 278 276 277 277 275 271 268 267 268 271 273 274 275 277 283 291 293 287 284 282 281 278 275 268 260 259 263 267 269 268 267 268 270 274 279 282 285 288 289 287 282 277 275 276 279 282 283 279 271 264 262 260 260 265 270 272
270 266 256 248 261 272 273 271 273 273 277 280 282 284 285 285 283 282 280 277 274 272 269 267 266 267 270 277 277 271 266 264 266 271 277 283 289 283 278 277 277 275 273 270 267 267 268 270 272 273 275 279 288 300 302 292 285 282 280 276 270 263 260 264 268 271 272 273 274 274 275 278 283 285 284 285 285 283 277 272 269 270 273 278 282 284 280 270 258 250 260 270 273 274
270 265 255 257 270 274 273 272 274 278 282 284 286 287 286 284 282 280 278 275 273 270 269 267 265 265 268 276 279 274 269 265 264 266 269 271 275 275 276 275 274 272 271 268 267 267 268 272 275 278 282 288 295 305 311 297 285 280 277 272 267 264 267 271 274 276 278 279 278 276 276 278 282 284 281 279 278 278 276 272 268 266 267 271 276 281 284 279 266 258 266 273 274 275
271 266 260 268 276 278 277 277 279 282 285 287 287 286 285 282 279 277 276 273 271 269 268 266 264 264 266 273 279 276 272 269 265 263 263 264 274 272 274 274 273 273 272 269 267 267 270 274 279 284 289 293 296 302 312 299 285 279 276 275 273 273 276 279 280 282 283 281 278 276 276 277 279 281 279 275 273 274 276 277 273 267 264 265 268 272 278 281 278 272 273 274 274 277
275 273 271 273 277 279 280 280 282 284 286 287 286 284 281 277 275 275 273 271 269 268 267 265 264 264 264 269 277 277 275 274 271 266 262 260 265 272 274 274 274 274 273 269 267 267 270 275 281 286 288 290 292 299 311 302 300 280 279 279 279 280 282 284 286 286 284 279 276 275 275 275 276 279 279 275 272 271 273 277 280 275 267 263 263 266 270 276 283 280 277 276 276 279
283 285 283 277 276 278 280 282 284 286 287 286 284 281 277 274 272 271 271 269 268 267 265 265 265 263 262 265 272 276 277 279 280 275 267 265 266 273 275 275 275 274 272 269 267 267 269 273 278 282 284 287 292 300 315 309 312 284 279 278 280 282 284 286 287 285 282 277 276 277 275 274 274 277 280 276 272 270 270 273 279 282 273 265 262 262 265 270 282 283 280 279 280 280
283 287 291 283 279 280 282 284 285 286 285 283 280 277 275 272 269 267 266 266 266 264 264 265 265 264 262 263 267 273 278 282 286 285 282 279 273 275 277 278 276 273 270 268 267 267 268 271 275 279 284 289 294 302 320 320 330 290 279 279 281 282 283 284 284 284 282 280 279 277 274 272 271 275 282 279 273 270 268 268 273 282 280 270 264 261 261 265 281 287 283 281 281 279
