project/data/elevation/US_DEM2016/US_DEM2016_point_10-31-2019_1056_30m_ang.asc
ncols	125
nrows	167
xllcorner	-2042055.000000
yllcorner	1465035.000000
cellsize	30.000000
NODATA_value	-9999.000000
[rows 42 to 83 of 167, columns 0 to 94 of 125]
314 317 323 329 331 333 335 337 337 337 338 341 350 358 359 354 350 348 346 345 342 339 338 338 337 336 336 336 338 340 340 336 336 335 334 333 332 332 333 335 336 338 339 339 337 336 336 338 341 343 344 345 344 345 347 346 340 336 334 328 322 319 320 320 322 323 322 320 318 317 317 317 316 314 314 320 327 326 324 327 337 343 343 343 342 340 338 339 342 344 346 349 352 357 0
316 319 325 329 332 334 336 337 337 338 340 345 356 1 358 353 350 348 346 345 343 341 340 339 339 338 338 338 338 337 336 332 333 334 335 334 331 330 331 334 337 339 341 341 336 332 332 334 336 337 340 343 345 347 348 346 343 341 339 335 329 326 325 326 327 327 325 323 323 322 320 315 309 305 303 308 314 317 318 323 334 340 339 338 338 337 336 338 341 345 348 352 355 360 2
317 320 326 330 332 335 337 338 339 340 343 351 1 2 356 351 348 346 344 342 341 340 340 340 340 339 338 338 337 335 333 327 328 331 335 336 334 332 331 333 336 340 344 343 336 329 327 328 329 329 331 335 340 345 346 345 344 343 342 339 334 330 328 329 330 329 328 327 327 325 319 313 308 303 301 301 305 308 311 317 328 334 335 335 335 334 334 336 338 341 347 353 359 4 5
319 321 327 331 333 335 338 340 342 343 348 357 5 2 355 350 347 345 342 340 339 339 339 340 340 338 337 336 335 333 330 322 325 328 333 335 336 335 334 334 336 341 347 345 335 326 322 325 329 331 331 331 333 337 340 341 342 343 343 341 336 331 329 330 332 331 331 331 330 325 320 315 313 310 308 306 306 307 309 313 321 328 331 333 332 333 334 336 337 338 341 349 359 7 8
318 322 328 332 334 335 338 341 344 347 353 2 5 359 352 349 347 344 341 340 339 338 338 339 339 338 337 335 332 329 326 324 323 325 330 333 335 337 337 337 339 344 349 345 336 326 323 326 331 333 333 330 327 329 333 338 341 344 344 342 338 333 330 331 333 333 333 332 330 326 323 321 319 318 316 313 312 312 312 314 319 325 330 331 331 332 334 337 340 342 344 350 0 7 9
316 320 327 331 333 335 337 340 344 349 358 6 3 354 349 348 346 343 341 340 339 339 339 339 338 337 335 332 329 326 324 323 322 322 327 332 335 337 339 342 345 349 349 344 338 330 325 326 331 332 330 325 323 326 332 338 343 345 345 344 340 334 331 331 332 334 334 333 331 330 329 328 326 325 322 320 318 318 318 319 322 326 328 329 330 332 335 338 341 345 350 357 4 7 10
314 318 325 330 333 334 336 339 343 350 2 7 359 349 345 345 344 343 341 340 340 339 339 338 337 335 332 328 324 323 324 325 323 322 325 330 333 336 340 345 351 351 346 341 337 330 325 325 330 331 327 323 324 329 336 343 345 346 347 345 342 337 332 331 333 335 335 336 336 336 336 335 334 333 331 328 327 326 326 325 326 326 326 327 329 332 335 337 340 346 355 4 7 8 8
315 317 323 329 332 335 337 339 343 352 5 6 354 345 342 342 342 342 341 341 340 339 339 338 336 333 329 323 320 321 325 328 326 325 327 330 333 336 341 350 355 351 342 336 332 327 324 325 329 329 326 325 329 335 342 348 349 348 347 345 343 340 336 334 335 336 338 340 341 342 342 341 341 340 339 338 336 335 335 334 331 328 325 325 326 329 333 335 338 347 1 6 6 4 0
314 317 324 329 332 336 339 340 344 355 5 2 352 345 343 343 343 342 342 342 341 339 338 337 335 332 327 320 317 319 324 327 327 329 331 333 336 341 347 355 356 349 341 335 331 327 325 327 330 330 328 329 333 340 348 352 352 348 346 343 341 340 338 335 334 336 339 341 343 344 344 344 344 344 343 343 342 342 343 343 341 335 329 325 325 327 331 333 337 350 3 5 3 359 354
312 315 324 329 333 337 340 342 346 356 2 357 349 345 344 345 344 344 343 343 342 340 338 337 334 331 325 318 315 317 322 325 326 330 333 337 343 350 356 357 354 348 343 340 335 331 330 332 334 334 332 333 338 345 351 355 354 349 345 342 338 336 335 332 331 332 335 338 340 341 342 342 342 343 343 344 344 345 347 348 347 344 339 332 328 328 330 332 339 354 3 3 1 359 353
311 314 322 328 333 338 341 342 347 355 357 352 347 346 346 347 346 346 345 344 343 342 339 336 333 329 323 316 313 314 319 322 325 328 332 339 349 357 358 354 351 347 344 341 338 333 332 333 336 338 338 339 343 348 354 357 356 351 346 342 337 334 330 327 325 326 328 328 327 328 330 333 335 336 338 339 340 342 344 346 346 346 344 341 337 332 331 333 342 355 360 1 3 1 355
312 313 319 325 330 336 340 342 347 353 353 348 345 345 347 348 348 347 345 345 343 342 339 335 331 327 321 315 312 313 318 321 324 327 330 339 353 357 354 350 348 345 342 340 335 332 330 332 337 341 342 343 346 351 356 359 359 355 349 343 338 334 329 324 321 320 322 320 320 320 321 322 324 326 329 332 333 334 337 338 338 339 340 341 339 337 335 337 345 353 357 1 3 360 354
314 315 319 323 328 333 337 341 347 352 351 346 343 345 348 349 348 346 345 344 343 341 338 334 330 326 321 316 314 316 320 323 325 327 331 341 354 355 350 346 344 341 339 335 330 328 328 331 337 342 344 346 349 354 358 2 1 356 349 343 339 335 330 324 322 318 321 322 322 322 321 318 315 315 318 321 323 325 327 326 323 321 323 327 332 336 339 343 347 350 355 359 358 354 351
317 318 321 325 328 332 334 337 344 351 351 346 345 347 349 349 347 345 343 342 342 340 337 334 330 326 322 318 316 318 322 325 326 327 332 344 354 352 347 343 340 337 334 329 325 324 325 330 338 342 344 346 351 356 1 4 2 354 347 342 338 335 331 325 320 319 322 325 325 324 320 315 311 309 310 311 310 310 311 311 310 310 314 320 327 335 341 345 347 349 352 354 353 350 347
319 321 325 329 332 335 336 336 341 348 351 350 350 352 352 350 347 344 342 340 340 339 337 335 331 328 325 320 318 319 323 327 328 330 336 347 353 351 347 343 339 334 329 324 321 321 324 330 337 342 343 346 352 359 4 6 1 352 345 341 339 336 331 325 321 320 330 327 327 324 321 318 317 316 315 309 303 301 303 306 309 313 318 324 331 337 342 345 346 348 350 351 349 346 342
319 322 328 333 337 340 340 339 342 348 353 355 356 356 355 352 350 346 343 341 339 338 338 336 333 331 328 323 320 322 327 332 333 337 343 350 352 351 348 344 340 334 327 321 319 320 325 330 335 340 341 345 353 2 7 6 1 353 346 343 341 338 333 326 321 321 323 327 326 325 324 324 325 325 323 316 310 309 311 314 317 320 324 330 336 341 344 345 346 347 348 349 346 341 336
316 320 329 336 341 344 343 343 345 351 355 357 357 356 355 352 350 347 344 342 340 339 338 336 335 334 332 326 323 325 331 335 338 343 348 351 350 349 347 345 340 334 325 319 317 320 324 328 332 335 337 343 353 3 8 7 2 355 350 346 344 341 336 329 323 323 324 328 327 327 328 330 332 332 327 322 319 319 320 320 322 325 329 336 341 344 345 346 346 346 346 346 342 336 333
312 316 327 336 342 346 346 346 349 354 356 355 353 352 351 349 347 345 344 342 341 339 337 335 335 335 333 328 325 327 332 335 339 345 350 352 350 346 345 343 339 333 325 318 315 318 321 324 326 328 331 339 351 2 7 6 2 357 351 347 344 341 337 333 329 327 328 330 329 330 332 335 338 336 330 326 325 326 326 326 327 329 334 339 343 345 346 346 345 344 344 343 338 333 332
311 315 325 335 340 345 347 350 354 357 356 352 348 346 345 344 343 341 339 339 339 336 333 332 333 334 331 326 325 329 334 335 337 342 348 351 349 346 343 341 337 332 324 316 314 317 318 319 320 323 327 334 346 358 4 4 1 356 350 346 342 338 336 334 334 335 335 332 331 333 337 341 342 338 334 332 332 332 331 331 332 334 337 341 344 346 346 346 344 342 341 339 335 332 336
310 313 325 333 338 343 346 351 357 360 357 349 343 339 337 336 335 334 332 330 330 328 327 326 328 328 324 321 323 330 337 340 341 342 346 349 348 345 342 340 337 332 323 316 315 319 321 320 322 325 329 334 343 354 360 360 357 353 350 345 340 337 334 334 336 340 339 335 334 337 342 345 343 340 338 337 337 337 337 336 337 338 340 342 345 346 346 344 342 340 339 336 333 334 342
309 312 323 332 337 342 346 353 1 4 358 348 338 330 327 326 326 324 320 317 315 315 315 317 321 321 317 316 319 329 337 342 344 346 347 348 346 344 342 340 337 332 325 320 320 325 329 328 329 331 335 339 345 353 357 356 353 350 346 342 338 335 333 333 336 340 339 336 339 342 345 345 344 344 344 340 340 341 342 341 342 343 344 345 346 347 345 342 340 338 336 334 332 336 343
311 314 323 331 337 342 348 356 6 9 3 350 336 325 319 317 319 321 319 314 309 306 306 311 317 316 313 312 316 325 334 340 344 348 350 351 347 344 342 341 338 333 326 323 324 330 335 335 335 336 339 343 349 355 356 354 351 346 341 336 334 332 332 334 336 337 334 334 338 344 344 343 343 342 341 340 341 342 344 344 345 346 347 347 347 346 343 340 337 335 334 332 332 336 340
315 318 326 333 338 344 351 3 12 13 6 355 343 333 325 320 321 325 326 323 316 310 309 312 315 315 312 311 315 323 329 334 339 346 352 355 352 347 344 342 339 333 326 324 326 332 337 337 338 340 342 345 351 355 355 352 348 342 335 331 330 330 332 335 336 333 329 329 335 341 341 340 340 340 339 339 339 340 342 344 345 346 347 348 348 344 340 336 334 332 331 330 331 334 336
317 320 329 337 342 348 357 8 13 11 5 357 350 344 337 331 328 328 329 329 326 322 318 318 318 315 313 313 317 324 328 329 333 341 351 356 355 350 347 343 338 332 326 323 325 332 336 338 341 344 345 347 351 354 354 350 344 338 332 329 330 331 334 336 335 330 324 324 331 336 337 337 336 335 335 336 336 337 338 339 341 343 344 345 343 338 333 331 330 330 329 328 329 331 332
317 321 331 339 345 353 3 9 10 6 1 357 354 350 345 339 332 329 329 330 331 329 326 324 321 318 316 317 322 328 331 332 333 338 347 353 353 349 347 343 337 331 325 322 323 329 333 336 342 346 347 348 351 354 353 348 341 334 330 329 332 333 336 337 334 326 321 321 327 332 334 335 334 332 331 331 333 335 334 332 332 334 334 334 330 325 323 325 327 329 329 328 328 329 331
317 321 332 341 348 357 5 6 3 359 357 357 356 354 350 344 338 332 330 330 331 330 329 326 323 320 320 322 327 333 337 337 337 339 345 349 348 346 344 341 336 330 324 321 321 326 330 334 340 344 347 349 351 353 351 345 338 333 330 331 333 335 338 338 333 325 320 320 325 328 330 332 333 332 330 328 329 332 331 324 319 320 323 321 317 314 316 321 325 327 329 330 331 331 332
317 321 333 343 351 360 5 2 357 353 353 354 355 354 352 348 342 336 332 331 329 329 329 327 324 322 322 325 330 335 340 341 341 342 345 347 346 344 343 340 335 330 325 321 319 322 327 332 337 341 344 346 349 350 347 341 335 332 332 333 333 336 338 336 331 324 318 316 319 322 324 325 326 327 329 328 327 327 325 319 314 317 320 317 314 313 315 320 323 325 328 332 334 335 336
317 321 333 345 354 2 5 1 353 347 346 348 350 350 350 349 346 340 336 333 330 328 328 325 324 323 325 327 330 335 339 341 342 345 347 347 346 345 343 339 335 331 327 322 320 323 329 333 336 337 337 339 343 345 343 338 333 332 334 332 332 334 335 331 327 320 314 310 312 313 313 314 316 318 322 326 327 326 326 323 321 323 324 320 316 315 318 321 323 325 330 334 337 339 340
317 322 334 346 357 5 7 3 355 346 340 338 340 342 345 346 346 343 338 335 332 329 326 324 323 324 326 328 330 332 334 336 340 344 347 348 348 345 342 338 335 332 329 325 322 324 330 333 334 333 333 334 338 343 343 339 336 334 333 330 329 330 328 324 321 318 314 312 314 316 316 317 319 320 322 328 332 331 329 327 326 326 326 323 320 321 324 326 328 331 335 339 341 342 343
319 323 336 348 360 8 9 5 360 352 343 334 331 332 337 340 343 340 339 337 335 331 327 324 324 326 329 330 331 330 330 331 334 340 344 347 347 344 340 337 335 333 330 325 322 324 330 332 333 334 335 336 340 345 346 345 344 342 339 335 334 333 329 325 324 324 324 324 324 326 327 328 329 331 332 334 335 333 330 329 329 330 331 328 327 329 333 336 337 339 342 344 345 345 347
320 325 337 351 3 9 8 4 0 356 350 341 333 330 332 335 338 338 338 337 335 333 328 326 327 330 333 334 334 334 333 333 335 337 341 345 346 343 339 336 335 334 330 324 321 324 331 334 336 338 339 340 344 348 350 350 349 348 346 344 343 341 338 335 332 331 332 332 335 331 333 335 336 337 337 336 335 332 330 329 331 334 335 334 332 334 340 344 346 348 349 350 349 349 351
322 327 339 354 5 8 5 1 357 355 351 346 341 336 334 334 335 335 337 337 336 334 330 328 329 333 336 338 338 337 336 337 339 340 342 345 346 343 340 338 337 336 332 326 322 326 333 336 338 340 342 344 348 351 351 350 349 348 347 346 345 343 339 336 334 334 336 334 332 332 335 338 338 337 335 334 334 331 329 330 333 337 339 338 337 339 344 349 353 356 357 356 354 354 356
324 329 342 356 5 7 3 356 352 350 348 346 344 342 339 335 334 332 334 330 336 330 329 329 330 334 338 340 340 339 338 339 341 342 344 346 346 343 341 340 339 337 334 328 324 325 331 335 337 339 341 344 348 352 352 349 347 345 344 344 343 340 337 335 334 336 337 334 331 332 335 337 336 333 332 332 332 329 328 329 333 337 340 341 341 343 345 348 353 360 3 1 358 358 1
326 331 344 357 5 6 359 351 346 344 343 343 344 343 340 336 333 330 331 332 334 335 333 331 330 332 336 340 342 340 340 340 341 341 343 344 344 344 343 341 339 337 333 327 322 323 327 330 332 334 336 340 345 350 351 349 345 343 342 340 338 336 335 335 336 338 336 333 332 334 336 336 333 331 330 331 331 329 328 329 332 335 337 338 341 345 347 347 351 359 4 3 1 2 3
327 333 346 358 4 2 353 346 342 340 339 339 340 339 336 334 328 328 328 330 332 334 334 333 331 331 334 339 342 341 341 341 342 341 341 342 344 345 343 341 338 335 331 326 321 322 326 330 332 335 337 339 343 347 349 348 345 343 341 338 335 334 336 340 342 340 336 334 335 336 337 336 334 333 332 333 333 332 331 332 332 330 328 328 333 342 348 351 353 358 2 3 3 3 4
327 333 348 359 1 354 347 343 340 338 336 336 335 334 332 330 324 328 329 330 332 333 335 334 332 331 333 338 341 342 343 344 344 343 342 344 346 348 346 343 339 335 331 325 321 320 325 330 332 334 336 338 341 343 346 346 345 343 341 338 336 337 343 347 346 343 340 338 338 338 338 337 335 336 336 336 335 335 338 337 337 334 329 325 326 333 344 352 357 0 2 2 3 4 3
325 333 349 358 356 348 344 342 341 340 337 335 333 330 328 327 327 327 329 331 332 334 335 335 332 330 331 336 338 340 343 346 346 345 345 348 351 352 348 343 338 334 330 324 318 316 319 324 327 328 330 333 336 339 343 345 344 342 341 338 339 344 349 348 345 343 342 340 339 339 338 336 338 341 342 338 338 338 340 342 344 343 338 332 329 331 338 348 358 3 3 2 2 3 1
326 333 350 356 352 346 343 343 344 342 339 336 332 329 327 326 327 328 331 332 333 334 335 334 332 328 328 333 335 337 341 345 346 347 347 351 356 355 349 343 337 333 329 323 316 312 314 319 322 325 328 331 334 337 342 344 343 342 340 339 342 347 348 345 342 341 340 338 338 339 337 334 336 337 339 339 340 338 339 343 347 347 345 340 337 336 338 346 356 2 1 360 0 1 358
329 336 349 354 351 347 345 345 344 341 338 334 331 329 327 327 327 329 331 333 334 335 335 335 332 327 325 328 330 331 334 339 343 346 348 354 359 357 352 346 341 337 333 328 321 317 317 320 324 327 330 333 335 339 343 345 345 344 343 342 345 347 345 341 338 336 336 336 337 337 333 330 330 334 338 339 338 337 337 339 345 348 348 345 343 341 342 347 354 358 357 357 358 357 354
336 339 347 352 350 347 345 343 341 339 335 332 328 327 326 326 327 328 331 334 335 335 336 336 333 327 323 324 325 323 323 326 333 340 347 355 359 357 353 349 345 342 339 335 330 325 323 324 327 330 332 334 335 339 344 347 348 349 349 349 349 347 342 338 334 332 332 334 336 334 329 325 326 331 336 338 338 337 337 337 340 344 348 348 347 346 346 349 354 355 354 354 355 353 348
342 342 346 349 349 346 343 341 338 335 332 329 326 325 326 327 327 329 332 334 334 334 336 336 333 328 323 323 323 319 315 316 322 330 342 352 357 355 352 348 345 343 341 338 334 330 326 327 330 332 332 333 334 338 344 348 349 349 350 350 349 345 340 335 331 329 331 335 335 332 327 323 325 330 336 338 338 338 339 338 338 340 345 348 349 349 349 351 353 353 351 351 351 348 343
342 344 347 349 347 343 341 338 335 332 329 327 325 325 326 327 329 331 334 336 334 334 335 334 332 329 325 325 327 325 321 320 322 327 336 348 354 353 348 344 342 342 341 339 335 331 327 327 330 332 333 334 336 340 345 348 348 348 348 348 346 343 338 332 328 328 333 337 336 332 327 322 322 328 333 335 335 337 338 339 339 339 341 345 348 350 353 354 353 351 349 348 347 344 340
