project/data/elevation/US_DEM2016/US_DEM2016_point_10-31-2019_1500_30m_vel.asc
ncols	125
nrows	167
xllcorner	-2042055.000000
yllcorner	1465035.000000
cellsize	30.000000
NODATA_value	-9999.000000
[rows 114 to 151 of 167, columns 0 to 83 of 125]
6.83 6.80 6.82 6.92 7.11 7.42 7.65 7.41 6.81 6.16 5.61 5.11 4.71 4.43 4.40 4.76 5.46 6.17 6.64 7.01 7.44 7.57 7.14 6.78 7.05 7.33 7.33 7.23 7.15 7.00 6.79 6.44 6.06 5.82 5.70 5.71 5.95 6.30 6.56 6.76 7.01 7.28 7.57 7.86 7.84 7.41 6.88 6.57 6.49 6.58 6.71 6.72 6.61 6.31 5.90 5.60 5.56 5.89 6.32 6.59 6.64 6.54 6.41 6.31 6.31 6.42 6.61 6.66 6.47 6.17 5.98 5.87 5.82 5.84 5.85 5.79 5.69 5.60 5.66 5.90 5.92 5.57 5.33 5.18
6.95 6.95 6.96 6.98 7.05 7.13 7.02 6.54 5.81 5.14 4.65 4.29 4.08 4.16 4.73 5.66 6.59 7.31 7.78 7.99 7.86 7.33 6.56 6.36 6.67 6.81 6.73 6.77 6.91 7.11 7.22 7.15 6.85 6.32 5.76 5.61 5.96 6.44 6.80 7.07 7.32 7.53 7.66 7.69 7.40 6.80 6.29 6.10 6.18 6.45 6.83 6.97 6.86 6.55 6.05 5.52 5.29 5.48 5.83 6.14 6.37 6.52 6.63 6.68 6.71 6.74 6.70 6.52 6.28 6.09 5.99 5.94 5.91 5.88 5.81 5.73 5.69 5.70 5.76 5.82 5.66 5.34 5.13 4.93
7.06 7.07 7.05 7.01 6.95 6.80 6.50 6.05 5.63 5.38 5.24 5.14 5.26 5.79 6.65 7.60 8.29 8.54 8.50 8.20 7.61 6.87 6.25 6.04 6.11 6.05 6.02 6.21 6.49 6.77 6.98 7.13 7.15 6.98 6.72 6.67 6.81 7.01 7.16 7.29 7.38 7.43 7.48 7.42 7.07 6.53 6.06 5.88 6.08 6.54 6.98 7.18 7.12 6.91 6.65 6.44 6.24 6.11 6.08 6.15 6.28 6.43 6.57 6.69 6.79 6.81 6.66 6.39 6.13 5.94 5.85 5.84 5.86 5.87 5.84 5.80 5.80 5.85 5.90 5.91 5.86 5.75 5.67 5.67
7.09 7.04 6.98 6.93 6.80 6.56 6.26 6.02 5.96 6.10 6.35 6.73 7.27 7.92 8.51 8.87 8.84 8.46 7.98 7.43 6.92 6.63 6.47 6.29 6.10 5.88 5.72 5.82 6.04 6.16 6.20 6.40 6.77 7.11 7.33 7.43 7.37 7.21 7.05 6.97 6.96 7.06 7.22 7.25 7.00 6.57 6.12 5.91 6.14 6.60 6.89 6.96 6.96 6.96 7.00 7.10 7.18 7.15 6.98 6.72 6.54 6.47 6.47 6.50 6.56 6.54 6.35 6.11 5.96 5.85 5.76 5.71 5.74 5.82 5.89 5.94 6.00 6.06 6.12 6.26 6.48 6.62 6.71 6.89
7.04 6.94 6.85 6.81 6.70 6.51 6.33 6.20 6.20 6.41 6.94 7.64 8.31 8.74 8.87 8.59 7.91 7.29 6.91 6.50 6.33 6.47 6.62 6.65 6.54 6.24 5.88 5.73 5.85 5.85 5.69 5.71 6.03 6.54 6.93 7.09 7.04 6.87 6.70 6.62 6.69 6.91 7.15 7.17 6.90 6.53 6.21 6.03 6.18 6.44 6.57 6.52 6.49 6.63 6.86 7.06 7.28 7.43 7.40 7.20 6.89 6.61 6.40 6.26 6.13 5.92 5.68 5.71 5.90 6.00 5.95 5.86 5.85 5.91 6.00 6.12 6.23 6.31 6.44 6.68 6.93 7.10 7.28 7.45
6.95 6.85 6.77 6.75 6.67 6.56 6.46 6.38 6.44 6.77 7.40 8.01 8.34 8.33 8.01 7.44 6.88 6.58 6.27 5.96 5.89 6.02 6.23 6.45 6.52 6.35 6.10 6.01 6.08 6.05 5.86 5.69 5.69 5.88 6.20 6.44 6.55 6.58 6.61 6.67 6.78 6.97 7.13 7.02 6.64 6.35 6.23 6.19 6.27 6.34 6.32 6.26 6.29 6.48 6.72 6.88 6.98 7.02 7.05 7.06 6.94 6.63 6.32 6.03 5.69 5.37 5.36 5.75 6.16 6.32 6.29 6.21 6.13 6.08 6.10 6.20 6.29 6.37 6.52 6.73 6.85 6.86 6.90 6.93
6.87 6.83 6.80 6.76 6.68 6.62 6.60 6.61 6.80 7.29 7.84 8.10 7.98 7.64 7.20 6.76 6.50 6.26 5.87 5.54 5.43 5.48 5.75 6.10 6.18 6.10 6.15 6.28 6.37 6.34 6.25 6.05 5.82 5.73 5.76 5.91 6.16 6.42 6.65 6.81 6.93 7.05 7.09 6.79 6.31 6.10 6.16 6.24 6.30 6.32 6.29 6.32 6.46 6.66 6.78 6.78 6.67 6.54 6.51 6.57 6.57 6.44 6.22 5.96 5.74 5.72 5.97 6.32 6.52 6.50 6.42 6.36 6.26 6.14 6.06 6.04 6.05 6.15 6.36 6.56 6.60 6.50 6.42 6.30
6.93 6.95 6.91 6.79 6.70 6.72 6.81 6.97 7.27 7.75 8.04 7.98 7.68 7.37 7.04 6.70 6.36 5.98 5.65 5.55 5.63 5.82 6.08 6.20 6.11 6.04 6.17 6.35 6.43 6.42 6.40 6.34 6.23 6.02 5.78 5.70 5.93 6.27 6.52 6.74 6.92 7.07 6.97 6.44 5.85 5.72 5.88 6.02 6.09 6.18 6.29 6.43 6.54 6.59 6.56 6.50 6.41 6.31 6.25 6.20 6.21 6.24 6.24 6.25 6.36 6.55 6.70 6.74 6.66 6.47 6.31 6.23 6.16 6.11 6.04 5.96 5.96 6.14 6.37 6.46 6.40 6.29 6.22 6.12
7.03 7.02 6.92 6.77 6.72 6.80 7.00 7.33 7.79 8.03 8.00 7.74 7.47 7.25 6.93 6.50 6.12 5.92 5.99 6.24 6.46 6.54 6.49 6.34 6.19 6.12 6.19 6.31 6.36 6.35 6.34 6.36 6.37 6.27 6.06 5.97 6.08 6.29 6.41 6.61 6.85 6.93 6.53 5.75 5.26 5.28 5.54 5.75 5.86 5.95 6.07 6.15 6.14 6.09 6.04 6.05 6.13 6.23 6.23 6.17 6.15 6.21 6.31 6.44 6.58 6.71 6.77 6.77 6.70 6.55 6.34 6.18 6.10 6.07 6.04 6.05 6.14 6.28 6.28 6.14 6.00 5.94 5.92 5.89
6.93 6.86 6.74 6.68 6.72 6.86 7.10 7.42 7.77 7.83 7.59 7.28 7.07 6.79 6.32 6.01 6.02 6.23 6.48 6.58 6.50 6.35 6.29 6.36 6.43 6.36 6.25 6.26 6.25 6.20 6.18 6.17 6.14 6.16 6.26 6.39 6.45 6.46 6.44 6.61 6.69 6.37 5.52 4.78 4.64 4.88 5.24 5.58 5.73 5.72 5.70 5.64 5.51 5.44 5.45 5.57 5.80 6.00 6.05 6.06 6.13 6.23 6.28 6.29 6.35 6.48 6.62 6.72 6.74 6.63 6.44 6.27 6.12 5.98 5.91 5.97 6.02 5.94 5.72 5.55 5.57 5.67 5.63 5.56
6.83 6.79 6.73 6.71 6.76 6.88 7.04 7.21 7.27 7.13 6.85 6.66 6.52 6.11 5.69 5.84 6.16 6.30 6.19 5.90 5.67 5.72 6.04 6.44 6.63 6.57 6.42 6.31 6.21 6.09 6.05 6.04 6.03 6.15 6.35 6.46 6.45 6.40 6.39 6.47 6.23 5.48 4.70 4.44 4.57 4.82 5.12 5.49 5.68 5.73 5.74 5.66 5.46 5.26 5.17 5.32 5.57 5.68 5.73 5.90 6.09 6.22 6.31 6.47 6.66 6.83 6.85 6.79 6.65 6.45 6.32 6.21 6.03 5.78 5.70 5.71 5.65 5.51 5.37 5.37 5.51 5.56 5.41 5.25
7.00 7.08 7.05 6.89 6.79 6.79 6.85 6.88 6.78 6.58 6.42 6.41 6.24 5.80 5.70 5.92 5.95 5.67 5.27 5.00 5.11 5.58 6.20 6.68 6.79 6.67 6.59 6.51 6.36 6.14 6.01 6.02 6.07 6.12 6.10 6.00 5.96 6.00 6.09 6.05 5.67 5.15 5.05 5.26 5.42 5.44 5.52 5.71 5.87 5.99 6.05 6.00 5.85 5.65 5.52 5.54 5.61 5.67 5.82 6.05 6.18 6.27 6.48 6.85 7.09 7.11 6.91 6.69 6.47 6.25 6.09 5.94 5.75 5.60 5.51 5.45 5.38 5.35 5.41 5.49 5.50 5.40 5.29 5.34
7.19 7.20 7.08 6.80 6.62 6.60 6.64 6.61 6.51 6.43 6.45 6.40 6.08 5.73 5.60 5.47 5.17 4.86 4.72 4.87 5.33 5.94 6.59 6.94 6.85 6.65 6.62 6.60 6.46 6.23 6.08 6.07 6.07 5.93 5.70 5.55 5.60 5.78 5.90 5.83 5.70 5.80 6.08 6.27 6.34 6.36 6.33 6.30 6.29 6.24 6.14 6.04 5.98 5.95 5.92 5.90 5.89 5.97 6.11 6.23 6.23 6.32 6.54 6.79 6.78 6.58 6.43 6.42 6.42 6.29 6.01 5.71 5.50 5.44 5.36 5.21 5.04 4.98 5.07 5.21 5.31 5.43 5.68 5.89
7.01 6.79 6.41 6.26 6.26 6.38 6.48 6.47 6.41 6.38 6.32 6.11 5.77 5.45 5.21 4.97 4.80 4.82 5.16 5.77 6.31 6.69 6.99 6.89 6.46 6.31 6.37 6.34 6.25 6.19 6.17 6.16 6.10 5.94 5.77 5.77 5.92 6.04 6.08 6.11 6.26 6.45 6.53 6.56 6.68 6.88 6.99 6.95 6.78 6.53 6.35 6.25 6.18 6.13 6.08 6.08 6.14 6.20 6.20 6.20 6.17 6.24 6.36 6.36 6.18 6.04 6.17 6.45 6.55 6.32 5.91 5.52 5.35 5.29 5.25 5.17 5.01 4.84 4.78 4.91 5.31 5.87 6.27 6.25
6.54 6.14 5.70 5.72 5.95 6.25 6.42 6.42 6.36 6.26 6.08 5.81 5.55 5.42 5.39 5.41 5.57 5.95 6.57 7.13 7.39 7.36 7.06 6.54 6.09 6.03 6.03 5.94 5.94 6.02 6.10 6.12 6.12 6.13 6.23 6.39 6.50 6.46 6.38 6.40 6.46 6.43 6.44 6.60 6.89 7.20 7.45 7.48 7.32 7.10 6.92 6.79 6.65 6.47 6.28 6.19 6.20 6.18 6.13 6.13 6.08 6.12 6.13 6.04 5.94 6.10 6.46 6.69 6.47 5.92 5.50 5.33 5.25 5.17 5.14 5.26 5.39 5.40 5.29 5.32 5.72 6.25 6.40 6.00
6.34 6.08 5.79 5.91 6.21 6.44 6.48 6.41 6.32 6.21 6.06 5.88 5.80 5.95 6.26 6.60 6.98 7.37 7.64 7.73 7.59 7.24 6.73 6.27 6.07 6.00 5.87 5.77 5.83 5.93 5.97 5.98 6.06 6.23 6.41 6.52 6.52 6.45 6.39 6.33 6.24 6.20 6.38 6.70 7.12 7.48 7.67 7.64 7.51 7.33 7.11 6.88 6.72 6.59 6.44 6.33 6.22 6.08 6.03 6.03 6.05 6.09 6.08 6.04 6.14 6.46 6.71 6.54 5.87 5.24 5.06 5.09 5.11 5.13 5.17 5.26 5.46 5.71 5.90 6.05 6.24 6.39 6.17 5.75
6.50 6.51 6.60 6.83 6.96 6.85 6.60 6.41 6.31 6.25 6.20 6.19 6.32 6.66 7.04 7.35 7.57 7.64 7.52 7.19 6.73 6.27 6.01 5.97 6.07 6.06 5.95 5.95 6.05 6.11 6.06 6.03 6.13 6.28 6.32 6.21 6.15 6.19 6.25 6.23 6.18 6.25 6.54 6.91 7.25 7.46 7.41 7.18 6.97 6.82 6.65 6.57 6.61 6.60 6.53 6.45 6.35 6.21 6.05 6.03 6.11 6.17 6.18 6.23 6.45 6.70 6.61 6.04 5.29 4.95 4.92 4.97 5.03 5.20 5.42 5.48 5.45 5.52 5.83 6.24 6.54 6.66 6.58 6.64
6.67 6.82 7.12 7.32 7.29 7.04 6.69 6.42 6.30 6.29 6.34 6.47 6.73 7.02 7.19 7.20 7.13 6.99 6.66 6.09 5.52 5.25 5.36 5.75 6.07 6.18 6.21 6.31 6.43 6.48 6.50 6.53 6.59 6.58 6.48 6.31 6.22 6.26 6.28 6.34 6.47 6.74 7.02 7.17 7.24 7.14 6.78 6.38 6.17 6.17 6.30 6.53 6.70 6.67 6.56 6.51 6.49 6.41 6.27 6.20 6.22 6.27 6.34 6.45 6.61 6.62 6.25 5.59 5.16 5.02 5.02 5.06 5.16 5.32 5.54 5.67 5.69 5.65 5.78 6.22 6.83 7.33 7.63 7.86
6.76 6.90 7.12 7.22 7.16 7.06 6.86 6.58 6.42 6.41 6.47 6.60 6.77 6.86 6.78 6.67 6.62 6.38 5.83 5.25 4.96 5.05 5.48 5.95 6.24 6.35 6.44 6.57 6.66 6.76 6.92 7.09 7.16 7.06 6.88 6.70 6.59 6.55 6.46 6.52 6.79 7.08 7.17 7.14 7.03 6.73 6.21 5.80 5.70 5.93 6.36 6.71 6.78 6.65 6.57 6.57 6.59 6.56 6.46 6.35 6.32 6.37 6.46 6.54 6.56 6.36 5.83 5.36 5.19 5.16 5.17 5.22 5.36 5.51 5.55 5.61 5.82 6.10 6.36 6.79 7.45 7.92 8.04 7.91
6.88 7.03 7.24 7.33 7.31 7.20 7.10 6.98 6.84 6.71 6.60 6.53 6.49 6.43 6.42 6.49 6.44 6.06 5.58 5.39 5.54 5.81 6.10 6.36 6.49 6.53 6.59 6.69 6.77 6.86 7.02 7.20 7.28 7.23 7.13 7.07 7.04 6.98 6.81 6.72 6.84 6.92 6.93 6.96 6.81 6.39 5.92 5.65 5.69 6.07 6.60 6.90 6.87 6.73 6.66 6.66 6.65 6.60 6.46 6.34 6.32 6.36 6.42 6.45 6.42 6.17 5.72 5.41 5.32 5.33 5.35 5.37 5.44 5.56 5.64 5.75 5.98 6.40 6.95 7.51 7.94 7.91 7.46 7.02
7.19 7.39 7.67 7.69 7.55 7.31 7.21 7.20 7.14 6.89 6.57 6.32 6.19 6.21 6.36 6.45 6.25 5.92 5.84 6.09 6.38 6.49 6.56 6.66 6.71 6.72 6.75 6.80 6.84 6.92 7.02 7.09 7.07 7.10 7.26 7.48 7.61 7.56 7.38 7.08 6.88 6.76 6.82 6.81 6.51 6.08 5.82 5.79 6.00 6.47 6.94 7.11 7.02 6.88 6.78 6.72 6.66 6.54 6.37 6.29 6.29 6.31 6.33 6.33 6.29 6.11 5.83 5.68 5.62 5.60 5.58 5.54 5.50 5.52 5.72 6.07 6.45 6.92 7.55 8.05 8.05 7.50 6.72 6.20
7.46 7.57 7.71 7.66 7.53 7.30 7.13 7.03 6.93 6.68 6.35 6.12 6.09 6.24 6.34 6.23 6.02 6.01 6.26 6.51 6.59 6.60 6.66 6.79 6.86 6.82 6.78 6.77 6.79 6.90 7.06 7.10 7.06 7.13 7.38 7.65 7.78 7.79 7.75 7.53 7.09 6.77 6.61 6.38 6.00 5.79 5.83 5.98 6.31 6.85 7.26 7.27 7.09 6.94 6.83 6.75 6.64 6.49 6.31 6.27 6.30 6.32 6.32 6.30 6.29 6.19 6.05 5.99 5.97 5.93 5.87 5.82 5.77 5.77 5.95 6.37 7.04 7.82 8.46 8.57 8.08 7.27 6.49 5.90
7.46 7.28 7.01 6.94 6.98 6.95 6.81 6.69 6.62 6.48 6.35 6.35 6.50 6.63 6.49 6.17 5.99 6.08 6.24 6.31 6.38 6.53 6.73 6.89 6.90 6.77 6.63 6.59 6.64 6.80 6.99 7.12 7.17 7.23 7.28 7.28 7.26 7.29 7.35 7.29 6.93 6.51 6.13 5.81 5.62 5.65 5.83 6.04 6.52 7.16 7.42 7.22 6.97 6.87 6.82 6.75 6.62 6.44 6.28 6.29 6.38 6.42 6.41 6.37 6.34 6.28 6.22 6.23 6.24 6.24 6.28 6.36 6.41 6.51 6.69 7.07 7.74 8.52 8.93 8.67 7.98 7.32 6.72 6.12
7.17 6.75 6.05 5.77 5.82 5.99 6.20 6.41 6.59 6.72 6.88 7.11 7.30 7.22 6.80 6.33 6.06 5.93 5.82 5.85 6.14 6.53 6.82 6.94 6.88 6.72 6.55 6.46 6.46 6.57 6.69 6.79 6.83 6.87 6.78 6.61 6.45 6.38 6.33 6.27 6.17 5.96 5.72 5.53 5.54 5.69 5.84 6.16 6.85 7.43 7.40 7.01 6.79 6.76 6.76 6.71 6.59 6.44 6.32 6.41 6.54 6.58 6.53 6.45 6.36 6.31 6.32 6.38 6.44 6.53 6.74 7.04 7.35 7.69 8.00 8.27 8.59 8.92 8.83 8.27 7.82 7.60 7.35 6.99
6.69 6.16 5.34 5.06 5.05 5.26 5.71 6.19 6.59 6.95 7.26 7.49 7.50 7.20 6.74 6.34 6.04 5.80 5.71 5.89 6.24 6.58 6.82 6.92 6.88 6.77 6.64 6.52 6.39 6.36 6.37 6.32 6.24 6.23 6.20 6.03 5.80 5.63 5.48 5.45 5.50 5.53 5.53 5.63 5.86 6.08 6.32 6.79 7.42 7.64 7.32 6.90 6.73 6.70 6.68 6.65 6.63 6.66 6.78 6.91 6.90 6.77 6.62 6.51 6.45 6.41 6.43 6.51 6.63 6.83 7.21 7.70 8.26 8.73 9.03 9.09 9.05 8.92 8.50 8.01 7.92 8.02 8.05 8.01
6.21 5.78 5.21 5.15 5.28 5.54 5.87 6.14 6.42 6.74 7.05 7.18 7.01 6.65 6.36 6.16 5.98 5.87 5.97 6.26 6.55 6.78 6.91 6.95 6.91 6.85 6.80 6.76 6.68 6.51 6.35 6.18 6.07 6.00 5.87 5.62 5.33 5.15 5.07 5.12 5.23 5.40 5.69 6.12 6.50 6.80 7.16 7.55 7.80 7.65 7.19 6.86 6.72 6.64 6.61 6.66 6.80 7.06 7.33 7.38 7.14 6.80 6.60 6.55 6.58 6.59 6.56 6.62 6.82 7.17 7.67 8.20 8.65 8.90 8.98 8.89 8.69 8.42 8.10 7.92 7.98 8.08 8.23 8.46
6.20 6.06 6.05 6.26 6.43 6.51 6.43 6.31 6.37 6.53 6.67 6.68 6.46 6.21 6.08 6.01 5.96 6.00 6.20 6.53 6.79 7.01 7.08 7.04 6.93 6.89 6.91 6.95 6.95 6.85 6.57 6.30 6.10 5.90 5.64 5.31 5.02 4.88 4.89 5.00 5.23 5.63 6.20 6.73 7.06 7.29 7.53 7.70 7.69 7.38 6.96 6.69 6.52 6.43 6.48 6.66 6.92 7.15 7.23 7.04 6.73 6.55 6.50 6.53 6.61 6.67 6.65 6.69 6.88 7.30 7.82 8.17 8.26 8.12 7.91 7.76 7.67 7.66 7.67 7.67 7.63 7.62 7.84 8.19
6.59 6.76 7.18 7.56 7.68 7.51 7.07 6.81 6.75 6.68 6.53 6.31 6.12 6.03 5.99 5.98 6.00 6.14 6.46 6.80 7.06 7.24 7.19 7.02 6.88 6.87 6.93 6.98 6.98 6.93 6.73 6.41 6.09 5.79 5.48 5.19 4.99 4.88 4.89 5.08 5.57 6.29 6.95 7.30 7.40 7.39 7.41 7.44 7.35 7.05 6.69 6.37 6.13 6.11 6.28 6.55 6.77 6.81 6.63 6.34 6.23 6.28 6.38 6.47 6.56 6.61 6.63 6.69 6.82 7.10 7.46 7.51 7.29 6.98 6.72 6.61 6.78 7.12 7.35 7.36 7.25 7.22 7.35 7.54
6.83 7.10 7.56 7.88 7.98 7.89 7.73 7.53 7.28 6.93 6.53 6.22 6.06 6.03 6.04 6.07 6.18 6.44 6.79 7.07 7.21 7.21 7.01 6.79 6.71 6.79 6.87 6.87 6.82 6.77 6.64 6.39 6.11 5.81 5.52 5.26 5.07 4.97 5.09 5.57 6.41 7.19 7.56 7.57 7.41 7.24 7.19 7.22 7.13 6.86 6.47 6.09 5.87 5.98 6.19 6.37 6.39 6.21 5.95 5.82 5.90 6.09 6.28 6.41 6.47 6.48 6.51 6.62 6.78 6.97 7.05 6.84 6.58 6.40 6.29 6.38 6.75 7.16 7.35 7.30 7.22 7.19 7.16 7.11
6.90 7.10 7.40 7.51 7.51 7.48 7.61 7.59 7.33 6.92 6.55 6.32 6.21 6.18 6.21 6.32 6.53 6.82 7.06 7.13 7.03 6.82 6.62 6.52 6.56 6.69 6.69 6.57 6.53 6.54 6.47 6.32 6.16 5.94 5.68 5.45 5.30 5.32 5.71 6.52 7.30 7.63 7.52 7.24 7.02 6.95 7.01 7.12 7.06 6.73 6.32 6.02 5.96 6.07 6.19 6.21 6.01 5.64 5.34 5.34 5.58 5.92 6.19 6.33 6.38 6.41 6.47 6.59 6.78 6.94 6.91 6.72 6.55 6.43 6.43 6.74 7.24 7.57 7.66 7.55 7.41 7.31 7.18 7.16
6.97 7.13 7.35 7.33 7.13 6.88 6.84 6.88 6.85 6.73 6.57 6.45 6.38 6.35 6.40 6.56 6.82 7.02 7.05 6.89 6.62 6.38 6.28 6.40 6.59 6.71 6.65 6.50 6.50 6.52 6.45 6.34 6.19 6.01 5.84 5.75 5.82 6.08 6.61 7.21 7.49 7.32 6.98 6.73 6.67 6.77 6.96 7.08 6.94 6.59 6.24 6.07 6.01 6.10 6.19 6.17 5.99 5.70 5.40 5.34 5.59 5.91 6.12 6.25 6.35 6.44 6.52 6.61 6.69 6.73 6.75 6.76 6.63 6.44 6.53 7.10 7.76 8.04 7.98 7.76 7.54 7.36 7.25 7.36
7.06 7.16 7.22 7.03 6.75 6.40 6.16 6.10 6.23 6.37 6.44 6.45 6.43 6.41 6.45 6.60 6.75 6.74 6.51 6.21 5.96 5.84 6.00 6.42 6.81 6.94 6.90 6.85 6.84 6.73 6.55 6.36 6.16 6.01 5.95 6.03 6.27 6.62 6.94 7.12 7.05 6.80 6.60 6.56 6.64 6.78 6.94 7.00 6.81 6.47 6.20 5.97 5.86 5.99 6.22 6.29 6.26 6.17 6.00 5.96 6.07 6.10 6.12 6.21 6.35 6.47 6.55 6.60 6.58 6.57 6.68 6.77 6.64 6.55 6.91 7.75 8.37 8.37 8.00 7.63 7.39 7.28 7.28 7.41
7.08 6.95 6.54 5.99 5.65 5.53 5.56 5.68 5.84 6.01 6.18 6.32 6.38 6.39 6.43 6.45 6.37 6.12 5.82 5.64 5.59 5.71 6.12 6.72 7.11 7.17 7.12 7.11 7.01 6.78 6.57 6.36 6.15 6.05 6.06 6.17 6.36 6.56 6.69 6.75 6.72 6.58 6.54 6.66 6.77 6.82 6.84 6.83 6.68 6.40 6.03 5.72 5.72 6.04 6.36 6.48 6.53 6.57 6.62 6.66 6.58 6.34 6.19 6.24 6.38 6.51 6.59 6.65 6.75 6.91 7.02 6.93 6.89 7.15 7.83 8.51 8.71 8.31 7.76 7.41 7.26 7.27 7.32 7.30
6.85 6.47 5.78 5.17 4.81 4.95 5.32 5.65 5.85 6.01 6.18 6.28 6.33 6.37 6.38 6.31 6.13 5.98 5.99 6.09 6.18 6.37 6.74 7.08 7.22 7.14 7.04 6.94 6.65 6.40 6.34 6.25 6.14 6.11 6.16 6.24 6.37 6.52 6.66 6.81 6.77 6.61 6.61 6.75 6.80 6.74 6.69 6.63 6.47 6.09 5.65 5.53 5.79 6.25 6.55 6.66 6.70 6.79 6.92 6.95 6.83 6.62 6.47 6.50 6.57 6.61 6.66 6.81 7.04 7.20 7.14 7.00 7.19 7.82 8.50 8.68 8.35 7.76 7.39 7.25 7.24 7.30 7.30 7.18
6.54 6.18 5.72 5.53 5.44 5.52 5.69 5.79 5.88 6.07 6.26 6.31 6.33 6.37 6.37 6.33 6.33 6.48 6.67 6.70 6.61 6.65 6.88 7.08 7.07 6.87 6.65 6.35 5.96 5.80 5.89 5.99 6.09 6.18 6.26 6.36 6.55 6.80 7.04 7.13 6.95 6.68 6.59 6.63 6.60 6.52 6.50 6.47 6.20 5.67 5.38 5.57 6.06 6.47 6.65 6.71 6.75 6.83 6.91 6.92 6.91 6.91 6.92 6.89 6.78 6.69 6.70 6.83 6.96 6.93 6.82 7.01 7.60 8.27 8.52 8.16 7.50 7.07 6.90 6.91 6.95 6.98 6.92 6.83
6.44 6.27 6.05 6.02 6.07 6.14 6.10 6.01 6.00 6.11 6.19 6.24 6.31 6.38 6.44 6.54 6.72 6.86 6.77 6.47 6.26 6.31 6.62 6.94 6.93 6.57 6.10 5.67 5.41 5.43 5.63 5.86 6.10 6.28 6.42 6.59 6.86 7.14 7.29 7.20 6.94 6.65 6.47 6.36 6.27 6.28 6.37 6.30 5.91 5.46 5.42 5.81 6.28 6.56 6.66 6.66 6.68 6.73 6.76 6.79 6.86 6.97 7.02 6.93 6.76 6.65 6.64 6.69 6.68 6.63 6.79 7.36 8.01 8.21 7.95 7.37 6.88 6.64 6.54 6.50 6.48 6.49 6.38 6.18
6.49 6.42 6.26 6.18 6.20 6.34 6.53 6.63 6.64 6.47 6.23 6.15 6.25 6.41 6.57 6.76 6.93 6.87 6.60 6.40 6.45 6.65 6.93 7.12 6.93 6.38 5.82 5.49 5.43 5.59 5.81 6.00 6.19 6.39 6.61 6.87 7.09 7.18 7.12 6.95 6.74 6.56 6.37 6.17 6.08 6.17 6.29 6.16 5.80 5.56 5.67 6.04 6.37 6.54 6.58 6.55 6.52 6.50 6.51 6.60 6.72 6.82 6.82 6.70 6.53 6.45 6.49 6.55 6.58 6.73 7.13 7.64 7.76 7.47 7.12 6.86 6.66 6.53 6.46 6.37 6.30 6.25 6.10 5.83
6.41 6.34 6.25 6.36 6.60 6.89 7.10 7.07 6.76 6.33 6.01 6.02 6.24 6.46 6.64 6.81 6.88 6.86 6.93 7.23 7.55 7.67 7.67 7.54 7.09 6.49 6.07 5.94 6.01 6.16 6.24 6.25 6.30 6.44 6.64 6.78 6.83 6.84 6.80 6.71 6.61 6.53 6.41 6.29 6.24 6.24 6.22 6.07 5.83 5.74 5.91 6.24 6.45 6.51 6.49 6.42 6.34 6.26 6.28 6.44 6.61 6.67 6.60 6.40 6.16 6.11 6.28 6.47 6.63 6.88 7.18 7.24 6.90 6.63 6.63 6.66 6.60 6.55 6.48 6.36 6.23 6.11 5.89 5.67
