project/data/elevation/US_DEM2016/US_DEM2016_point_10-31-2019_1601_30m_vel.asc
ncols	125
nrows	167
xllcorner	-2042055.000000
yllcorner	1465035.000000
cellsize	30.000000
NODATA_value	-9999.000000
[rows 111 to 147 of 167, columns 0 to 83 of 125]
7.97 7.86 7.75 7.81 7.95 8.18 8.62 9.30 10.10 10.60 10.64 10.30 9.71 9.05 8.43 7.89 7.60 7.65 7.76 8.08 8.55 8.82 8.88 8.55 8.09 7.92 7.98 7.86 7.57 7.59 7.79 7.96 8.02 7.95 7.72 7.39 7.11 7.02 6.95 6.83 6.79 6.99 7.41 8.12 8.82 9.14 9.01 8.62 8.35 8.37 8.60 8.92 9.22 9.41 9.58 9.64 9.42 9.01 8.52 8.10 7.79 7.57 7.49 7.37 7.04 6.77 6.90 7.27 7.59 7.57 7.25 7.02 7.01 7.02 7.00 6.99 6.94 6.90 6.97 7.17 7.42 7.56 7.51 7.40
7.87 7.70 7.66 7.89 8.16 8.57 9.21 9.84 10.16 9.99 9.47 8.90 8.37 7.90 7.42 6.95 6.68 6.77 7.08 7.51 8.01 8.52 8.62 8.17 7.83 7.98 8.02 7.76 7.47 7.43 7.55 7.64 7.67 7.64 7.55 7.39 7.20 7.08 7.06 7.21 7.48 7.77 8.17 8.88 9.44 9.47 9.03 8.42 8.06 8.03 8.16 8.44 8.65 8.74 8.85 8.93 8.84 8.56 8.24 7.99 7.78 7.56 7.31 7.01 6.76 6.79 7.15 7.58 7.77 7.47 7.00 6.84 6.84 6.82 6.79 6.74 6.66 6.63 6.77 7.12 7.41 7.44 7.30 7.24
7.76 7.64 7.65 7.88 8.17 8.65 9.27 9.53 9.29 8.70 8.08 7.50 7.04 6.65 6.22 5.93 6.09 6.57 7.02 7.45 8.11 8.77 8.59 7.88 7.86 8.26 8.29 8.07 7.86 7.59 7.27 6.90 6.68 6.73 6.89 7.00 7.04 7.08 7.22 7.49 7.78 8.05 8.52 9.23 9.59 9.35 8.65 7.98 7.69 7.70 7.79 7.91 7.89 7.69 7.49 7.50 7.54 7.58 7.70 7.78 7.69 7.41 7.07 6.83 6.84 7.08 7.47 7.79 7.72 7.23 6.80 6.64 6.56 6.57 6.60 6.55 6.43 6.34 6.51 6.99 7.21 6.98 6.72 6.62
7.79 7.75 7.77 7.87 8.08 8.47 8.79 8.55 7.84 7.08 6.45 5.88 5.43 5.11 5.07 5.49 6.34 7.19 7.75 8.20 8.77 8.95 8.32 7.78 8.06 8.38 8.30 8.11 8.00 7.84 7.62 7.25 6.85 6.59 6.40 6.33 6.56 6.96 7.29 7.56 7.91 8.29 8.76 9.25 9.27 8.68 7.92 7.43 7.30 7.43 7.64 7.73 7.59 7.18 6.67 6.29 6.19 6.52 7.04 7.37 7.45 7.37 7.24 7.16 7.22 7.42 7.71 7.80 7.51 7.06 6.75 6.57 6.47 6.47 6.49 6.44 6.34 6.27 6.43 6.85 6.86 6.36 6.03 5.85
7.93 7.93 7.93 7.95 8.04 8.15 8.07 7.53 6.65 5.87 5.34 4.94 4.72 4.83 5.50 6.61 7.72 8.54 9.05 9.28 9.16 8.56 7.61 7.34 7.71 7.84 7.65 7.60 7.72 7.94 8.05 7.96 7.66 7.12 6.49 6.29 6.66 7.19 7.60 7.94 8.29 8.60 8.87 9.01 8.70 7.96 7.26 6.92 6.96 7.30 7.79 7.95 7.79 7.39 6.82 6.22 5.96 6.16 6.57 6.90 7.15 7.34 7.48 7.56 7.64 7.75 7.78 7.60 7.28 6.96 6.75 6.63 6.56 6.50 6.43 6.35 6.32 6.36 6.54 6.75 6.58 6.13 5.86 5.65
8.06 8.06 8.02 7.98 7.92 7.77 7.44 6.91 6.39 6.08 5.93 5.84 6.03 6.69 7.74 8.87 9.66 9.90 9.82 9.45 8.75 7.89 7.21 7.04 7.14 7.03 6.88 7.02 7.32 7.64 7.83 7.94 7.93 7.76 7.52 7.49 7.65 7.86 8.03 8.22 8.37 8.50 8.65 8.65 8.24 7.59 6.99 6.70 6.90 7.46 8.00 8.18 8.02 7.72 7.43 7.20 7.01 6.92 6.91 6.97 7.09 7.26 7.43 7.59 7.74 7.80 7.67 7.37 7.06 6.78 6.60 6.52 6.49 6.47 6.44 6.41 6.43 6.53 6.69 6.83 6.83 6.66 6.52 6.52
8.11 8.03 7.94 7.88 7.74 7.47 7.14 6.84 6.74 6.88 7.17 7.64 8.33 9.13 9.88 10.31 10.24 9.75 9.17 8.50 7.86 7.53 7.41 7.30 7.13 6.83 6.56 6.62 6.89 7.05 7.07 7.22 7.54 7.87 8.14 8.29 8.24 8.07 7.91 7.86 7.91 8.10 8.36 8.43 8.08 7.53 7.01 6.77 7.04 7.60 7.96 7.98 7.85 7.76 7.79 7.91 8.03 8.05 7.89 7.60 7.40 7.31 7.32 7.38 7.49 7.48 7.26 7.00 6.83 6.66 6.49 6.39 6.37 6.43 6.50 6.57 6.66 6.77 6.92 7.22 7.55 7.67 7.68 7.89
8.07 7.94 7.80 7.75 7.61 7.40 7.18 7.04 7.02 7.27 7.90 8.76 9.58 10.11 10.28 9.96 9.12 8.37 7.92 7.39 7.17 7.34 7.56 7.64 7.55 7.16 6.71 6.52 6.70 6.73 6.56 6.57 6.83 7.29 7.67 7.85 7.81 7.65 7.49 7.46 7.61 7.94 8.30 8.32 7.89 7.38 7.05 6.92 7.14 7.48 7.63 7.53 7.38 7.44 7.66 7.89 8.14 8.31 8.28 8.05 7.72 7.43 7.22 7.10 7.00 6.77 6.48 6.54 6.77 6.82 6.69 6.55 6.50 6.54 6.63 6.77 6.93 7.06 7.29 7.72 8.06 8.17 8.29 8.48
7.98 7.85 7.74 7.69 7.58 7.44 7.32 7.23 7.32 7.73 8.52 9.28 9.68 9.67 9.29 8.58 7.90 7.53 7.16 6.75 6.69 6.89 7.16 7.42 7.47 7.21 6.90 6.81 6.93 6.90 6.72 6.56 6.54 6.66 6.91 7.11 7.23 7.30 7.38 7.51 7.72 8.04 8.29 8.13 7.56 7.13 7.05 7.10 7.26 7.39 7.38 7.26 7.21 7.36 7.58 7.73 7.82 7.83 7.83 7.82 7.70 7.40 7.08 6.80 6.47 6.13 6.13 6.64 7.11 7.19 7.05 6.91 6.80 6.73 6.75 6.89 7.01 7.14 7.42 7.81 7.98 7.89 7.86 7.87
7.90 7.85 7.80 7.72 7.60 7.51 7.47 7.49 7.74 8.38 9.09 9.41 9.27 8.87 8.34 7.77 7.43 7.14 6.65 6.26 6.19 6.31 6.70 7.11 7.11 6.92 6.94 7.11 7.24 7.19 7.08 6.90 6.67 6.54 6.50 6.57 6.81 7.14 7.44 7.67 7.89 8.12 8.22 7.82 7.13 6.83 6.96 7.15 7.29 7.36 7.35 7.35 7.45 7.61 7.67 7.61 7.45 7.27 7.21 7.25 7.26 7.14 6.93 6.67 6.47 6.49 6.84 7.32 7.53 7.40 7.19 7.06 6.92 6.79 6.72 6.73 6.77 6.93 7.28 7.64 7.72 7.52 7.33 7.13
7.99 8.00 7.93 7.76 7.62 7.63 7.73 7.90 8.30 8.94 9.33 9.26 8.89 8.51 8.10 7.66 7.25 6.78 6.37 6.26 6.40 6.69 7.08 7.24 7.06 6.88 7.00 7.22 7.31 7.27 7.21 7.15 7.05 6.84 6.54 6.40 6.62 7.00 7.32 7.61 7.89 8.14 8.05 7.35 6.56 6.40 6.67 6.91 7.06 7.19 7.36 7.51 7.59 7.57 7.45 7.28 7.12 6.99 6.91 6.85 6.85 6.90 6.93 6.97 7.14 7.43 7.66 7.77 7.67 7.36 7.08 6.92 6.81 6.74 6.69 6.63 6.67 6.94 7.32 7.53 7.48 7.28 7.10 6.89
8.12 8.09 7.94 7.74 7.66 7.75 7.97 8.35 8.92 9.27 9.27 8.95 8.62 8.35 7.94 7.39 6.93 6.68 6.75 7.04 7.32 7.47 7.49 7.36 7.15 7.01 7.05 7.19 7.26 7.20 7.15 7.15 7.16 7.05 6.83 6.72 6.84 7.06 7.21 7.48 7.83 7.98 7.48 6.47 5.85 5.92 6.32 6.64 6.81 6.94 7.11 7.23 7.18 7.04 6.89 6.79 6.80 6.88 6.88 6.80 6.79 6.88 7.01 7.19 7.42 7.63 7.74 7.77 7.68 7.43 7.10 6.86 6.74 6.70 6.68 6.72 6.89 7.13 7.21 7.13 7.02 6.92 6.79 6.66
8.02 7.92 7.73 7.64 7.67 7.84 8.11 8.50 8.94 9.03 8.76 8.40 8.17 7.82 7.21 6.80 6.81 7.06 7.33 7.44 7.36 7.23 7.23 7.37 7.41 7.27 7.12 7.15 7.14 7.05 6.98 6.96 6.92 6.93 7.04 7.19 7.26 7.26 7.25 7.49 7.67 7.31 6.25 5.31 5.16 5.52 6.03 6.49 6.69 6.69 6.71 6.68 6.52 6.36 6.27 6.30 6.48 6.65 6.67 6.68 6.78 6.91 6.98 7.05 7.19 7.40 7.59 7.73 7.72 7.49 7.18 6.94 6.75 6.59 6.53 6.65 6.77 6.74 6.54 6.43 6.56 6.66 6.51 6.33
7.90 7.84 7.74 7.69 7.74 7.88 8.08 8.29 8.40 8.25 7.91 7.69 7.55 7.03 6.48 6.64 7.01 7.16 7.02 6.67 6.42 6.53 7.00 7.51 7.66 7.47 7.29 7.20 7.09 6.94 6.86 6.82 6.82 6.95 7.16 7.28 7.24 7.18 7.18 7.32 7.11 6.22 5.23 4.90 5.11 5.49 5.93 6.45 6.67 6.70 6.73 6.67 6.43 6.16 6.01 6.10 6.31 6.36 6.35 6.54 6.76 6.91 7.03 7.25 7.56 7.79 7.85 7.80 7.61 7.28 7.03 6.85 6.61 6.34 6.28 6.36 6.34 6.22 6.10 6.19 6.48 6.56 6.28 6.05
8.09 8.15 8.09 7.88 7.77 7.79 7.88 7.93 7.84 7.62 7.42 7.40 7.19 6.64 6.49 6.77 6.80 6.45 5.96 5.66 5.82 6.44 7.27 7.84 7.86 7.59 7.45 7.39 7.23 6.98 6.81 6.81 6.87 6.93 6.90 6.77 6.69 6.72 6.85 6.84 6.41 5.76 5.59 5.84 6.06 6.16 6.37 6.70 6.91 7.00 7.04 6.97 6.79 6.56 6.40 6.40 6.41 6.39 6.51 6.74 6.88 6.99 7.24 7.72 8.05 8.08 7.88 7.66 7.38 7.06 6.78 6.53 6.26 6.11 6.07 6.05 6.03 6.02 6.12 6.30 6.43 6.37 6.21 6.21
8.33 8.29 8.08 7.75 7.57 7.58 7.65 7.63 7.51 7.43 7.44 7.37 6.97 6.52 6.39 6.28 5.92 5.53 5.35 5.54 6.13 6.93 7.79 8.17 7.92 7.56 7.49 7.46 7.29 7.04 6.88 6.87 6.86 6.70 6.43 6.27 6.31 6.50 6.64 6.56 6.39 6.47 6.78 6.98 7.07 7.13 7.20 7.29 7.33 7.26 7.10 6.98 6.91 6.87 6.82 6.79 6.74 6.76 6.87 6.96 6.95 7.06 7.35 7.69 7.71 7.46 7.31 7.34 7.31 7.08 6.66 6.23 5.96 5.92 5.88 5.75 5.63 5.63 5.79 6.00 6.20 6.42 6.72 6.88
8.16 7.85 7.32 7.13 7.17 7.35 7.48 7.47 7.40 7.37 7.30 7.03 6.57 6.18 5.94 5.69 5.49 5.49 5.88 6.61 7.28 7.82 8.26 8.11 7.47 7.20 7.23 7.16 7.03 6.97 6.97 6.96 6.87 6.68 6.50 6.51 6.69 6.82 6.85 6.85 7.02 7.22 7.30 7.32 7.47 7.71 7.89 7.92 7.79 7.51 7.30 7.19 7.12 7.05 6.98 6.98 7.03 7.04 6.98 6.93 6.89 6.99 7.16 7.22 7.03 6.86 7.05 7.40 7.46 7.07 6.47 5.98 5.78 5.75 5.73 5.67 5.56 5.46 5.49 5.71 6.25 6.97 7.42 7.26
7.62 7.12 6.56 6.58 6.88 7.24 7.43 7.41 7.33 7.22 7.01 6.66 6.31 6.13 6.13 6.17 6.35 6.80 7.54 8.19 8.50 8.52 8.27 7.65 7.05 6.94 6.89 6.73 6.68 6.79 6.90 6.92 6.87 6.87 7.00 7.20 7.33 7.27 7.18 7.19 7.25 7.20 7.21 7.40 7.75 8.13 8.43 8.46 8.27 8.03 7.86 7.74 7.60 7.39 7.17 7.09 7.11 7.05 6.91 6.85 6.79 6.86 6.92 6.84 6.74 6.95 7.42 7.69 7.34 6.55 5.95 5.73 5.66 5.60 5.61 5.78 5.96 6.04 6.00 6.17 6.78 7.48 7.55 6.90
7.31 7.02 6.69 6.84 7.21 7.47 7.49 7.39 7.27 7.14 6.96 6.73 6.59 6.73 7.11 7.50 7.95 8.42 8.76 8.87 8.70 8.32 7.78 7.27 7.03 6.94 6.72 6.56 6.59 6.71 6.76 6.77 6.83 7.01 7.22 7.33 7.32 7.25 7.18 7.11 7.00 6.95 7.16 7.57 8.07 8.51 8.73 8.63 8.40 8.19 7.99 7.78 7.62 7.47 7.30 7.21 7.12 6.94 6.81 6.76 6.76 6.83 6.85 6.82 6.97 7.39 7.73 7.49 6.60 5.72 5.45 5.46 5.50 5.56 5.65 5.82 6.08 6.38 6.66 6.96 7.37 7.64 7.28 6.59
7.44 7.47 7.59 7.88 8.03 7.89 7.59 7.37 7.25 7.17 7.11 7.07 7.19 7.57 8.02 8.37 8.63 8.74 8.61 8.22 7.68 7.18 6.91 6.91 7.05 7.00 6.82 6.78 6.86 6.91 6.85 6.83 6.95 7.11 7.13 6.97 6.91 6.99 7.05 7.00 6.92 7.01 7.38 7.85 8.29 8.54 8.46 8.12 7.79 7.58 7.43 7.42 7.49 7.47 7.37 7.31 7.23 7.06 6.85 6.78 6.84 6.92 6.94 7.04 7.34 7.68 7.59 6.85 5.85 5.36 5.30 5.35 5.44 5.65 5.95 6.06 6.09 6.24 6.65 7.20 7.68 7.91 7.73 7.65
7.64 7.83 8.19 8.42 8.36 8.03 7.64 7.36 7.23 7.22 7.27 7.40 7.68 8.02 8.22 8.22 8.15 8.00 7.61 6.93 6.27 6.00 6.20 6.74 7.10 7.15 7.11 7.19 7.29 7.33 7.33 7.38 7.48 7.46 7.28 7.07 7.00 7.09 7.11 7.12 7.24 7.57 7.93 8.17 8.29 8.18 7.75 7.22 6.91 6.88 7.08 7.41 7.60 7.52 7.38 7.36 7.36 7.26 7.08 6.98 6.98 7.04 7.12 7.29 7.53 7.58 7.12 6.24 5.64 5.44 5.43 5.48 5.60 5.84 6.12 6.29 6.35 6.40 6.66 7.27 8.07 8.64 8.88 9.03
7.77 7.94 8.20 8.30 8.19 8.02 7.78 7.51 7.37 7.36 7.43 7.56 7.76 7.87 7.76 7.63 7.57 7.28 6.61 5.91 5.60 5.77 6.37 7.03 7.34 7.36 7.38 7.48 7.56 7.64 7.81 8.02 8.10 7.95 7.69 7.49 7.41 7.41 7.30 7.33 7.62 7.97 8.11 8.13 8.05 7.69 7.06 6.54 6.40 6.68 7.23 7.65 7.68 7.47 7.37 7.42 7.46 7.41 7.28 7.14 7.09 7.15 7.26 7.38 7.46 7.24 6.58 5.93 5.66 5.60 5.61 5.67 5.85 6.07 6.16 6.25 6.53 6.90 7.33 7.98 8.85 9.33 9.29 9.01
7.94 8.09 8.32 8.42 8.36 8.18 8.03 7.92 7.81 7.69 7.56 7.49 7.47 7.40 7.37 7.43 7.34 6.86 6.25 6.02 6.23 6.62 7.09 7.49 7.63 7.57 7.56 7.63 7.69 7.77 7.96 8.18 8.24 8.12 7.96 7.89 7.91 7.87 7.67 7.57 7.72 7.81 7.85 7.93 7.77 7.26 6.67 6.35 6.42 6.93 7.59 7.88 7.74 7.53 7.47 7.52 7.52 7.44 7.26 7.12 7.10 7.16 7.23 7.28 7.27 6.97 6.38 5.96 5.82 5.80 5.81 5.85 5.98 6.15 6.28 6.44 6.76 7.31 8.05 8.85 9.42 9.31 8.60 7.97
8.33 8.52 8.77 8.76 8.59 8.29 8.15 8.15 8.10 7.84 7.50 7.25 7.14 7.16 7.32 7.39 7.10 6.64 6.52 6.83 7.19 7.38 7.59 7.80 7.86 7.79 7.75 7.76 7.78 7.86 7.99 8.09 8.05 8.00 8.14 8.37 8.51 8.46 8.27 7.96 7.77 7.66 7.75 7.76 7.39 6.85 6.53 6.50 6.80 7.46 8.04 8.13 7.90 7.69 7.60 7.58 7.52 7.36 7.14 7.06 7.07 7.11 7.14 7.14 7.11 6.86 6.47 6.24 6.15 6.11 6.07 6.05 6.06 6.14 6.41 6.85 7.35 7.98 8.82 9.48 9.47 8.74 7.72 7.05
8.71 8.77 8.80 8.68 8.51 8.25 8.06 7.95 7.83 7.54 7.21 7.00 7.03 7.22 7.32 7.15 6.82 6.74 7.02 7.32 7.43 7.49 7.69 7.93 7.99 7.89 7.79 7.74 7.75 7.87 8.05 8.10 8.05 8.10 8.35 8.60 8.69 8.66 8.61 8.40 7.96 7.65 7.51 7.26 6.79 6.51 6.55 6.74 7.21 7.97 8.45 8.33 7.96 7.73 7.63 7.58 7.47 7.28 7.07 7.04 7.09 7.13 7.13 7.11 7.09 6.93 6.70 6.59 6.55 6.48 6.39 6.35 6.36 6.45 6.74 7.28 8.10 9.09 9.89 9.99 9.32 8.30 7.36 6.68
8.80 8.52 8.07 7.89 7.89 7.84 7.69 7.56 7.48 7.31 7.19 7.25 7.48 7.65 7.47 7.06 6.79 6.86 7.03 7.11 7.21 7.43 7.78 8.03 8.02 7.82 7.61 7.54 7.61 7.79 7.99 8.13 8.16 8.24 8.29 8.24 8.13 8.10 8.13 8.07 7.71 7.31 6.95 6.60 6.35 6.38 6.58 6.86 7.53 8.41 8.67 8.26 7.81 7.63 7.59 7.55 7.42 7.22 7.04 7.08 7.20 7.25 7.22 7.18 7.14 7.02 6.89 6.86 6.85 6.83 6.86 6.97 7.09 7.29 7.60 8.14 9.00 9.97 10.42 9.99 9.03 8.20 7.52 6.86
8.50 7.96 7.04 6.66 6.67 6.81 7.03 7.27 7.46 7.59 7.78 8.09 8.35 8.25 7.74 7.19 6.87 6.70 6.58 6.62 6.98 7.47 7.90 8.07 7.97 7.73 7.49 7.39 7.41 7.56 7.69 7.78 7.81 7.85 7.76 7.52 7.27 7.11 7.00 6.90 6.81 6.65 6.44 6.26 6.29 6.45 6.63 7.05 8.00 8.77 8.65 8.00 7.61 7.52 7.52 7.47 7.36 7.20 7.10 7.24 7.40 7.43 7.36 7.26 7.16 7.07 7.02 7.05 7.09 7.17 7.41 7.77 8.19 8.65 9.09 9.50 10.01 10.45 10.28 9.47 8.78 8.45 8.15 7.78
7.91 7.25 6.24 5.92 5.90 6.09 6.56 7.08 7.51 7.88 8.23 8.52 8.53 8.15 7.59 7.15 6.82 6.55 6.45 6.69 7.13 7.59 7.93 8.05 7.95 7.77 7.57 7.43 7.34 7.34 7.35 7.27 7.17 7.15 7.12 6.88 6.55 6.29 6.06 5.98 6.06 6.15 6.23 6.38 6.68 6.94 7.20 7.83 8.71 9.00 8.51 7.84 7.55 7.46 7.43 7.41 7.40 7.45 7.63 7.82 7.81 7.63 7.44 7.31 7.25 7.19 7.17 7.22 7.32 7.54 7.99 8.60 9.30 9.88 10.26 10.40 10.46 10.38 9.85 9.16 8.93 8.95 8.92 8.91
7.25 6.74 6.09 6.04 6.19 6.47 6.82 7.10 7.38 7.71 8.03 8.17 7.94 7.48 7.12 6.91 6.72 6.61 6.75 7.14 7.52 7.84 8.05 8.10 7.98 7.84 7.75 7.68 7.62 7.48 7.32 7.12 6.97 6.89 6.73 6.40 6.01 5.74 5.60 5.63 5.78 6.04 6.44 6.99 7.44 7.77 8.20 8.75 9.15 8.96 8.30 7.77 7.53 7.40 7.36 7.44 7.63 7.94 8.26 8.33 8.03 7.64 7.41 7.36 7.39 7.40 7.33 7.36 7.56 7.97 8.59 9.26 9.83 10.13 10.21 10.13 9.96 9.72 9.34 9.06 9.05 9.08 9.15 9.42
7.10 6.99 7.04 7.29 7.47 7.55 7.44 7.31 7.36 7.52 7.65 7.62 7.31 6.98 6.80 6.72 6.69 6.76 7.05 7.47 7.81 8.11 8.24 8.18 8.01 7.90 7.88 7.88 7.88 7.80 7.53 7.22 6.99 6.76 6.43 6.02 5.64 5.45 5.41 5.53 5.83 6.36 7.09 7.73 8.10 8.36 8.66 8.95 9.02 8.61 8.00 7.57 7.30 7.16 7.23 7.48 7.80 8.07 8.14 7.89 7.53 7.33 7.29 7.34 7.44 7.48 7.44 7.47 7.68 8.18 8.83 9.30 9.43 9.27 9.02 8.85 8.80 8.85 8.86 8.79 8.69 8.61 8.78 9.18
7.51 7.77 8.32 8.73 8.82 8.59 8.09 7.83 7.78 7.70 7.50 7.20 6.92 6.77 6.71 6.69 6.73 6.94 7.37 7.82 8.14 8.38 8.34 8.13 7.95 7.91 7.93 7.93 7.91 7.85 7.65 7.30 6.94 6.59 6.21 5.85 5.58 5.45 5.44 5.67 6.30 7.21 8.00 8.40 8.49 8.47 8.54 8.66 8.61 8.21 7.67 7.20 6.85 6.81 7.06 7.41 7.68 7.69 7.44 7.07 6.94 7.02 7.16 7.29 7.39 7.43 7.42 7.47 7.63 8.01 8.49 8.59 8.34 7.99 7.68 7.58 7.84 8.31 8.55 8.46 8.26 8.19 8.31 8.50
7.85 8.19 8.75 9.06 9.10 8.93 8.75 8.57 8.32 7.92 7.46 7.08 6.86 6.78 6.78 6.80 6.95 7.31 7.78 8.14 8.32 8.33 8.10 7.85 7.77 7.85 7.90 7.83 7.74 7.66 7.52 7.23 6.92 6.58 6.22 5.89 5.65 5.55 5.71 6.32 7.37 8.30 8.70 8.68 8.46 8.27 8.27 8.40 8.34 7.96 7.39 6.86 6.55 6.70 7.00 7.25 7.27 7.02 6.66 6.49 6.59 6.84 7.07 7.24 7.30 7.28 7.30 7.42 7.62 7.89 8.04 7.83 7.53 7.33 7.20 7.34 7.86 8.39 8.57 8.40 8.22 8.16 8.10 8.04
7.99 8.23 8.57 8.64 8.56 8.49 8.61 8.57 8.29 7.84 7.44 7.18 7.03 6.97 6.98 7.10 7.38 7.76 8.10 8.21 8.10 7.86 7.64 7.55 7.63 7.78 7.74 7.52 7.44 7.43 7.32 7.13 6.94 6.67 6.35 6.07 5.89 5.96 6.48 7.50 8.45 8.80 8.62 8.27 8.00 7.93 8.06 8.28 8.22 7.77 7.19 6.74 6.64 6.80 7.01 7.07 6.83 6.35 5.97 5.97 6.29 6.70 7.00 7.15 7.20 7.21 7.27 7.41 7.64 7.86 7.86 7.65 7.48 7.34 7.35 7.79 8.44 8.86 8.90 8.66 8.43 8.27 8.11 8.08
8.12 8.31 8.52 8.42 8.13 7.84 7.78 7.78 7.73 7.60 7.44 7.31 7.22 7.17 7.21 7.40 7.73 8.01 8.07 7.90 7.61 7.34 7.26 7.43 7.69 7.83 7.70 7.47 7.44 7.42 7.29 7.13 6.95 6.71 6.50 6.38 6.47 6.85 7.58 8.36 8.68 8.43 7.98 7.67 7.61 7.74 8.01 8.21 8.05 7.57 7.05 6.78 6.70 6.84 7.02 7.00 6.74 6.36 6.02 6.01 6.36 6.74 6.95 7.08 7.18 7.26 7.34 7.44 7.56 7.62 7.66 7.68 7.53 7.32 7.49 8.27 9.10 9.37 9.20 8.84 8.53 8.30 8.18 8.33
8.25 8.36 8.36 8.04 7.65 7.28 7.03 6.96 7.06 7.20 7.28 7.31 7.28 7.24 7.29 7.47 7.67 7.68 7.43 7.11 6.84 6.73 6.97 7.51 7.97 8.08 7.96 7.86 7.82 7.64 7.39 7.14 6.89 6.70 6.62 6.70 7.00 7.50 7.99 8.27 8.18 7.82 7.53 7.47 7.58 7.76 7.99 8.10 7.86 7.39 6.98 6.66 6.53 6.74 7.06 7.11 7.01 6.86 6.66 6.70 6.90 6.96 6.97 7.06 7.19 7.31 7.39 7.44 7.43 7.45 7.59 7.70 7.52 7.43 7.98 9.10 9.83 9.72 9.16 8.65 8.34 8.20 8.22 8.41
8.27 8.09 7.55 6.86 6.43 6.32 6.40 6.55 6.69 6.84 7.02 7.17 7.22 7.23 7.27 7.31 7.24 6.96 6.63 6.46 6.42 6.60 7.15 7.93 8.35 8.34 8.20 8.14 7.98 7.65 7.38 7.11 6.85 6.73 6.75 6.88 7.15 7.47 7.71 7.85 7.80 7.57 7.47 7.59 7.73 7.80 7.87 7.88 7.67 7.26 6.76 6.36 6.39 6.83 7.24 7.34 7.30 7.28 7.34 7.44 7.42 7.20 7.05 7.11 7.25 7.37 7.45 7.51 7.62 7.84 7.98 7.86 7.78 8.15 9.09 9.99 10.19 9.60 8.84 8.37 8.18 8.19 8.27 8.30
7.97 7.48 6.64 5.97 5.58 5.76 6.20 6.56 6.75 6.89 7.04 7.13 7.17 7.20 7.22 7.14 6.94 6.77 6.80 6.94 7.07 7.35 7.87 8.35 8.50 8.30 8.11 7.94 7.55 7.20 7.10 6.97 6.82 6.80 6.87 6.98 7.18 7.43 7.67 7.89 7.84 7.60 7.56 7.71 7.75 7.69 7.67 7.64 7.41 6.88 6.28 6.13 6.52 7.13 7.49 7.55 7.51 7.54 7.67 7.73 7.63 7.45 7.35 7.41 7.47 7.49 7.54 7.70 7.97 8.16 8.08 7.91 8.17 9.00 9.93 10.16 9.70 8.92 8.41 8.18 8.14 8.22 8.24 8.15
