project/data/elevation/US_DEM2016/US_DEM2016_point_10-28-2019_0240_30m_vel.asc
ncols	125
nrows	167
xllcorner	-2042055.000000
yllcorner	1465035.000000
cellsize	30.000000
NODATA_value	-9999.000000
[rows 37 to 73 of 167, columns 0 to 82 of 125]
8.92 9.16 9.22 8.99 8.68 8.16 7.54 6.72 5.90 5.31 5.23 5.77 6.94 8.33 8.91 8.64 8.19 8.15 8.68 9.46 10.11 10.70 11.29 11.84 12.14 12.27 12.32 12.22 11.65 10.46 8.85 7.50 7.02 7.34 7.84 8.16 8.25 8.32 8.54 9.15 10.07 10.71 10.89 10.22 9.49 9.22 9.14 8.73 8.10 7.25 6.49 6.31 6.82 7.79 8.10 8.03 7.95 8.19 8.38 8.78 9.01 8.87 8.21 7.04 5.67 4.65 4.18 4.25 4.60 5.20 5.82 6.01 6.37 6.98 7.37 7.76 8.87 10.77 13.03 14.63 15.52 15.49 14.78
8.60 8.65 8.62 8.35 7.90 7.59 7.27 6.70 5.99 5.36 5.40 5.26 5.89 6.95 8.08 8.17 8.00 7.59 7.76 8.19 8.55 8.81 9.13 9.68 10.34 10.92 11.54 12.17 12.27 11.74 10.52 9.05 7.99 7.54 7.64 8.22 8.84 9.07 9.21 9.65 10.53 11.53 12.16 12.06 11.42 10.55 9.54 8.37 7.55 6.82 6.35 6.28 6.51 7.39 8.00 8.08 8.05 8.26 8.38 8.55 8.74 8.51 8.18 7.59 6.66 5.58 4.50 4.00 4.02 4.43 5.01 5.30 5.63 6.40 6.74 6.88 7.51 8.90 10.57 12.03 13.06 13.96 14.50
8.28 8.06 7.86 7.58 7.11 6.86 6.68 6.42 6.07 5.75 5.63 5.68 5.91 6.85 7.52 7.63 7.71 7.46 6.99 6.68 6.58 6.64 6.87 7.44 8.43 9.52 10.47 11.44 12.19 12.38 11.75 10.48 9.25 8.50 8.48 9.08 9.65 10.04 10.13 10.08 10.33 10.89 11.71 12.16 12.02 11.25 9.92 8.73 7.81 6.89 6.41 6.43 6.61 7.18 7.90 8.17 8.26 8.45 8.41 8.39 8.18 7.50 6.62 6.29 5.96 5.38 4.43 3.66 3.40 3.55 4.20 4.71 5.09 5.70 6.12 6.18 6.44 7.28 8.50 9.35 9.70 10.86 13.09
8.04 7.80 7.51 7.17 6.93 6.74 6.71 6.76 6.79 6.81 6.85 6.92 6.93 6.99 7.76 7.69 7.51 7.34 6.66 5.92 5.71 5.88 6.23 6.78 7.70 8.64 9.52 10.46 11.42 12.20 12.31 11.59 10.59 10.07 10.05 10.43 10.90 11.26 11.11 10.63 10.25 9.84 10.01 11.00 11.65 11.73 11.00 10.36 9.72 8.93 7.97 7.38 7.21 7.28 7.75 7.94 8.03 8.20 8.32 8.49 8.28 7.15 5.42 4.69 4.47 4.24 4.04 3.70 3.30 3.08 3.30 3.95 4.58 5.12 5.60 5.73 5.81 6.16 7.02 7.75 7.90 8.66 11.08
8.28 8.11 7.91 7.73 7.63 7.56 7.50 7.53 7.65 7.79 7.92 7.94 7.83 7.77 7.74 7.68 7.68 7.56 7.10 6.51 6.36 6.54 6.84 7.13 7.43 7.88 8.37 9.07 10.15 11.26 12.16 12.04 11.58 11.29 11.26 11.29 11.35 11.30 11.11 10.79 10.22 9.37 8.92 9.43 10.73 11.28 11.08 10.66 10.58 10.45 9.91 8.77 7.83 7.39 7.45 7.46 7.31 7.33 7.78 8.63 8.84 7.79 5.88 4.77 4.37 4.22 4.20 4.03 3.62 3.18 3.00 3.30 3.84 4.36 4.90 5.14 5.33 5.64 6.27 7.01 7.36 7.63 8.93
8.65 8.62 8.58 8.53 8.44 8.32 8.17 8.11 8.25 8.46 8.55 8.46 8.21 8.22 8.34 8.37 8.32 8.27 8.09 7.86 7.79 7.88 8.00 8.12 8.27 8.32 8.37 8.63 9.34 10.23 11.43 11.82 11.98 12.08 11.92 11.32 10.52 9.88 9.67 9.86 9.76 9.04 8.24 8.37 9.49 10.31 10.23 9.48 9.40 9.67 9.74 9.13 8.16 7.40 7.28 7.34 7.19 7.10 7.55 8.90 9.61 9.05 7.50 6.31 5.81 5.46 5.01 4.48 4.15 3.88 3.51 3.17 3.05 3.09 3.46 3.85 4.36 4.93 5.49 6.32 6.97 7.31 8.02
8.74 8.76 8.81 8.82 8.81 8.80 8.81 8.87 8.98 9.07 9.04 8.88 8.57 8.77 8.64 8.72 8.80 8.85 8.88 8.85 8.94 9.11 9.19 9.17 9.15 9.04 9.00 9.07 9.35 9.74 10.58 11.13 11.50 11.75 11.69 11.08 9.92 8.76 8.22 8.57 9.11 8.85 8.00 7.64 8.50 9.49 9.44 8.30 7.33 6.92 7.07 7.49 7.52 7.27 7.31 7.69 7.95 8.14 8.65 9.69 10.50 10.32 9.22 8.17 7.25 6.48 5.91 5.52 5.25 4.75 4.06 3.26 2.59 2.19 2.12 2.55 3.14 3.80 4.26 5.17 6.25 7.11 7.77
8.75 8.80 8.96 9.09 9.32 9.64 9.94 10.07 9.99 9.78 9.56 9.33 9.00 8.88 8.77 8.87 9.01 9.14 9.22 9.22 9.30 9.40 9.43 9.34 9.18 8.99 8.98 9.08 9.32 9.56 10.17 10.38 10.52 10.43 10.51 10.58 10.18 9.15 7.86 7.49 8.02 8.38 7.92 7.33 7.77 8.79 8.66 7.45 6.12 5.39 5.30 5.68 6.22 6.62 7.19 7.96 8.59 9.09 9.56 10.17 10.95 11.05 10.17 8.98 7.83 7.18 6.88 6.56 5.92 4.91 4.14 3.60 3.07 2.56 2.31 2.39 2.78 3.23 3.46 4.04 5.13 6.30 6.98
8.88 9.10 9.48 9.75 9.98 10.26 10.53 10.66 10.57 10.28 9.96 9.71 9.47 9.30 9.38 9.44 9.46 9.48 9.45 9.30 9.03 8.77 8.68 8.71 8.76 8.72 8.70 8.80 9.14 9.44 9.85 9.77 9.53 9.16 9.02 9.54 9.97 9.72 8.35 7.20 7.01 7.57 7.57 7.04 7.33 8.29 8.35 7.45 6.69 6.32 5.98 5.61 5.48 5.89 6.83 7.84 8.42 8.85 9.22 9.86 10.68 11.16 10.66 9.59 8.68 8.14 7.57 6.80 5.85 5.09 4.68 4.53 4.32 4.01 3.66 3.46 3.51 3.64 3.76 3.88 4.48 5.23 6.00
8.82 9.18 9.74 10.04 10.10 10.07 10.02 10.06 10.12 10.06 9.92 9.70 9.69 9.82 10.02 10.09 10.02 9.84 9.58 9.22 8.71 8.24 8.02 8.11 8.36 8.52 8.61 8.77 9.05 9.18 9.24 9.08 8.87 8.40 7.90 8.04 8.76 9.40 8.99 7.70 6.76 6.88 7.18 7.20 7.62 8.44 8.63 8.00 7.47 6.97 6.38 5.83 5.62 6.06 6.97 7.60 8.02 8.42 8.87 9.60 10.40 11.11 11.02 10.27 9.36 8.51 7.36 6.64 6.31 6.19 6.18 6.07 5.89 5.66 5.44 5.21 4.95 4.70 4.53 4.53 5.25 5.16 5.66
8.43 8.67 9.18 9.56 9.59 9.41 9.14 8.97 9.02 9.22 9.28 9.17 9.44 9.41 9.61 9.81 9.87 9.73 9.41 9.02 8.59 8.16 7.88 7.83 7.97 8.17 8.35 8.57 8.73 8.63 8.46 8.36 8.51 8.07 7.23 6.97 7.44 8.46 9.04 8.60 7.43 7.05 7.30 7.77 8.23 8.91 8.99 8.13 7.05 6.24 5.92 5.85 6.30 7.25 7.93 8.08 8.27 8.64 9.08 9.66 10.40 11.17 11.15 10.44 9.48 8.41 7.59 7.37 7.65 8.00 8.16 8.09 7.93 7.70 7.40 7.10 6.77 6.33 5.98 5.83 5.60 5.63 5.87
8.21 8.20 8.28 8.66 8.95 8.86 8.55 8.26 8.19 8.35 8.50 8.52 8.46 8.51 8.53 8.71 8.99 9.17 9.13 8.87 8.48 8.07 7.76 7.58 7.55 7.64 7.71 7.88 8.08 8.04 8.11 8.29 8.54 8.23 7.17 6.30 6.43 7.35 8.45 8.76 8.05 7.32 7.13 7.36 7.78 8.61 8.99 8.11 6.82 6.26 6.35 7.02 8.07 8.93 9.36 9.09 8.88 8.94 9.26 9.85 10.66 11.53 11.58 10.89 10.25 9.88 9.90 10.22 10.61 10.93 11.00 10.93 10.78 10.59 10.29 9.93 9.56 9.01 8.29 7.44 6.52 5.95 5.97
8.40 8.34 8.04 8.02 8.41 8.72 8.61 8.29 8.09 8.12 8.36 8.51 8.53 8.34 8.27 8.33 8.56 8.83 8.97 8.82 8.40 7.91 7.53 7.31 7.23 7.23 7.16 7.20 7.42 7.51 7.80 8.20 8.71 8.86 8.03 6.56 6.11 6.46 7.42 8.09 7.81 7.03 6.45 6.26 6.67 7.81 8.86 8.61 7.65 7.36 8.03 9.14 10.00 10.42 10.31 9.69 9.22 9.12 9.38 10.07 10.93 11.99 12.35 12.16 11.86 12.02 12.45 12.96 13.43 13.69 13.78 13.75 13.65 13.53 13.30 12.94 12.49 11.95 10.99 9.54 7.92 6.57 6.03
8.50 8.59 8.36 7.98 8.09 8.62 8.99 8.88 8.62 8.65 9.05 9.41 9.50 9.31 9.10 8.97 8.92 8.94 8.96 8.84 8.48 7.95 7.44 7.12 7.02 7.07 7.03 6.98 6.96 6.86 6.88 7.38 8.17 9.06 9.12 7.98 6.95 6.59 7.03 7.68 7.66 7.20 6.80 6.57 6.77 7.63 8.98 9.40 9.13 9.38 10.21 10.79 11.07 10.81 10.34 9.64 9.25 9.14 9.14 9.45 10.15 11.40 12.29 12.42 12.37 12.45 12.69 13.04 13.33 13.54 13.71 13.86 13.89 13.85 13.72 13.51 13.26 12.97 12.44 11.62 10.33 8.61 6.89
8.36 8.47 8.42 8.23 8.10 8.38 8.94 9.23 9.14 9.14 9.66 10.24 10.40 10.25 9.98 9.59 9.23 9.02 8.96 8.91 8.68 8.22 7.61 7.08 6.87 6.97 7.02 6.94 6.60 6.00 5.87 6.16 6.90 8.33 9.22 9.12 8.21 7.71 7.89 8.34 8.54 8.56 8.54 8.37 8.33 8.81 9.96 10.94 11.72 12.13 12.12 11.80 11.24 10.40 9.84 9.22 8.84 8.53 8.26 8.15 8.54 9.49 10.94 11.46 11.37 10.84 10.30 10.03 9.77 9.84 10.16 10.68 10.92 11.02 11.02 11.10 11.37 11.40 11.32 11.37 11.17 10.43 9.05
8.15 7.97 7.82 7.81 7.80 7.98 8.50 9.07 9.25 9.17 9.53 10.10 10.36 10.37 10.10 9.61 9.06 8.75 8.73 8.77 8.61 8.28 7.79 7.20 6.82 6.79 6.87 6.86 6.39 5.42 5.08 5.23 5.76 6.87 8.40 9.03 8.89 8.79 9.03 9.53 9.87 9.98 9.94 9.95 10.10 10.49 11.22 12.15 12.91 13.15 12.89 12.07 11.12 10.10 9.45 8.84 8.36 7.86 7.63 7.50 7.69 8.30 9.31 10.12 10.01 8.75 7.46 6.35 5.75 5.60 5.86 6.49 7.00 7.17 7.41 7.67 8.26 8.54 8.49 8.72 9.38 9.72 9.47
8.11 7.67 7.17 6.99 7.03 7.33 7.92 8.65 9.11 9.04 9.57 9.27 9.35 9.46 9.33 8.97 8.51 8.18 8.15 8.29 8.27 8.06 7.82 7.50 7.09 6.79 6.76 6.90 6.60 5.72 5.13 5.08 5.36 6.02 7.24 8.33 8.80 8.88 9.11 9.64 10.14 10.26 10.29 10.43 10.72 11.00 11.37 11.78 12.12 12.31 12.28 11.84 10.97 10.09 9.41 8.85 8.39 8.01 7.96 7.92 8.06 8.37 8.91 9.61 9.44 8.09 6.54 5.47 4.92 4.53 4.14 3.94 4.19 4.53 4.84 5.21 5.91 6.45 6.39 6.07 6.19 6.64 6.91
8.30 7.84 7.20 6.88 6.72 6.70 7.01 7.82 8.45 8.51 8.22 8.29 7.83 7.99 7.94 7.88 7.69 7.40 7.34 7.67 8.04 8.10 8.02 7.87 7.49 7.09 6.93 7.15 7.21 6.79 6.20 5.75 5.56 5.67 6.37 7.50 8.12 8.21 8.27 8.60 9.15 9.51 9.69 9.93 10.22 10.36 10.39 10.22 9.85 10.17 10.90 11.29 10.92 10.27 9.64 9.15 8.74 8.50 8.54 8.46 8.44 8.58 8.89 9.65 9.71 8.63 7.35 6.48 5.86 5.20 4.31 3.27 2.72 2.69 2.98 3.36 4.08 4.76 4.86 4.36 3.94 3.88 4.06
8.65 8.30 7.90 7.66 7.34 6.81 6.37 6.61 7.24 7.49 7.34 7.67 6.74 6.86 6.88 7.29 6.89 6.74 6.72 7.18 7.92 8.43 8.53 8.30 7.98 7.61 7.40 7.55 7.65 7.50 6.96 6.33 5.76 5.45 5.85 6.82 7.51 7.76 7.71 7.80 8.12 8.56 8.85 9.16 9.33 9.29 9.03 8.59 8.47 8.82 9.68 10.46 10.55 10.23 9.62 9.20 8.82 8.56 8.49 8.23 8.01 7.98 8.41 9.41 9.89 9.25 8.25 7.45 6.46 5.48 4.47 3.59 2.83 2.33 2.23 2.34 2.71 3.25 3.45 3.41 2.87 3.40 3.82
8.95 8.95 9.00 8.93 8.56 7.90 6.93 6.54 6.74 7.05 7.08 7.74 7.59 6.97 7.01 6.91 6.92 6.90 6.91 7.28 8.02 8.79 9.06 9.00 8.77 8.53 8.28 8.15 8.01 7.82 7.30 6.90 6.52 6.19 6.27 6.96 7.81 8.26 8.23 8.16 8.22 8.40 8.50 8.66 8.57 8.24 7.72 7.46 7.33 7.59 8.42 9.39 9.86 9.65 9.14 8.77 8.40 8.00 7.70 7.27 7.01 7.05 7.71 8.85 9.67 9.48 8.67 7.76 6.67 5.79 5.09 4.67 4.34 3.76 3.09 2.46 2.19 2.29 3.14 3.45 3.86 4.51 5.48
9.02 9.32 9.74 9.90 9.76 9.28 8.50 7.86 7.55 7.56 8.68 7.60 7.77 8.08 8.31 8.35 8.33 8.36 8.24 8.27 8.68 9.31 9.72 9.91 9.90 9.79 9.46 9.05 8.74 8.68 8.65 8.53 8.34 8.04 7.75 8.00 8.73 9.25 9.43 9.40 9.31 8.97 8.64 8.41 8.00 7.32 6.85 6.37 6.18 6.39 7.18 8.27 9.04 8.90 8.57 8.25 7.84 7.32 6.86 6.62 6.67 7.01 7.86 8.85 9.53 9.38 8.64 7.77 6.92 6.51 6.39 6.27 5.81 5.16 4.42 3.90 3.74 3.84 4.13 4.72 5.67 6.74 7.45
8.77 9.03 9.46 9.87 10.24 10.29 9.84 9.17 8.53 8.11 7.99 8.20 8.70 9.26 9.79 10.04 10.18 10.28 10.27 10.11 10.11 10.17 10.37 10.64 10.81 10.69 10.42 9.95 9.57 9.45 9.56 9.47 9.34 9.12 8.72 8.58 8.89 9.36 9.81 10.10 10.07 9.66 9.03 8.29 7.27 6.45 5.89 5.45 5.20 5.20 5.87 7.02 7.91 8.21 8.17 8.00 7.72 7.39 7.19 7.32 7.60 8.14 8.93 9.72 10.08 9.77 8.95 8.33 7.88 7.69 7.67 7.44 6.81 6.06 5.49 5.21 5.20 5.44 6.00 6.87 7.81 8.33 8.41
8.45 8.46 8.69 9.10 9.72 10.26 10.34 9.82 9.02 8.29 9.49 8.08 8.72 9.52 10.15 10.59 10.86 11.04 11.21 11.20 10.99 10.72 10.61 10.72 10.86 10.87 10.72 10.35 10.05 9.70 9.11 8.57 8.37 8.44 8.44 8.50 8.63 8.95 9.36 9.86 10.15 9.94 9.37 8.37 6.81 5.51 4.86 4.61 4.32 4.23 4.56 5.50 6.70 7.55 7.98 8.13 8.16 8.16 8.23 8.23 8.47 9.03 9.76 10.68 11.22 11.35 10.42 9.63 9.31 9.08 8.57 8.00 7.48 7.19 7.02 7.01 7.28 7.78 8.47 9.10 9.30 9.04 8.50
8.31 8.25 8.27 8.32 8.56 9.01 9.51 9.56 9.05 8.29 7.65 7.44 7.72 8.30 8.88 9.31 9.60 9.70 9.72 9.83 9.92 9.84 9.72 9.69 9.77 9.93 9.91 9.88 9.94 9.91 9.36 8.37 7.69 7.57 8.00 8.53 8.94 9.12 9.22 9.42 9.65 9.52 9.28 8.58 7.06 5.35 4.46 4.17 4.04 4.03 4.18 4.78 5.93 7.13 7.99 8.56 8.93 9.14 9.13 8.87 8.87 9.47 10.22 11.13 12.13 12.93 12.66 11.40 10.57 10.24 9.63 9.07 8.93 9.28 9.65 9.99 10.40 10.77 10.93 10.65 10.00 9.19 8.43
8.11 7.99 7.89 7.79 7.51 7.51 8.01 8.55 8.52 7.88 7.05 6.38 6.06 6.10 6.38 6.67 6.95 6.98 6.62 6.41 6.87 7.40 7.53 7.49 7.51 7.91 8.36 8.64 9.06 9.67 10.03 9.88 9.26 8.67 8.51 8.78 9.07 9.15 9.00 8.84 8.84 8.97 9.15 9.01 7.98 6.47 5.53 5.25 5.20 5.25 5.38 5.76 6.45 7.32 8.04 8.66 9.24 9.77 9.97 10.00 10.12 10.48 10.66 11.00 12.01 13.24 13.55 12.99 12.21 11.88 11.74 11.62 11.83 12.20 12.44 12.56 12.63 12.55 12.17 11.29 10.29 9.44 8.71
7.81 7.51 7.24 7.22 7.09 6.98 7.12 7.60 7.85 7.41 6.51 5.51 4.65 4.08 3.87 4.04 4.51 4.90 4.87 4.45 4.24 4.53 4.93 5.23 5.65 6.26 7.07 7.49 7.83 8.25 9.15 9.97 10.24 9.99 9.28 8.78 8.46 8.37 8.17 7.98 8.04 8.62 9.26 9.64 9.36 8.87 8.28 7.88 7.60 7.48 7.53 7.60 7.69 7.87 8.03 8.31 8.80 9.49 10.16 10.69 11.04 10.93 10.52 10.20 10.49 11.66 12.83 13.07 13.15 13.24 13.42 13.50 13.57 13.54 13.37 13.06 12.73 12.33 11.75 11.05 10.36 9.73 9.05
7.95 7.60 7.16 6.98 7.01 7.07 7.13 7.35 7.60 7.44 6.73 5.72 4.64 3.70 3.04 2.79 3.53 4.26 5.03 4.88 4.13 3.51 3.39 3.88 4.69 5.61 6.55 6.93 6.97 6.79 7.22 8.17 9.17 9.62 9.17 8.27 7.45 7.08 7.16 7.27 7.54 8.32 9.27 10.05 10.36 10.55 10.49 10.05 9.54 9.17 8.72 8.36 8.21 8.20 8.19 8.26 8.61 9.25 9.88 10.25 10.34 10.03 9.51 9.03 9.09 9.82 11.02 11.95 12.50 12.88 12.97 12.80 12.55 12.32 12.03 11.58 10.97 10.31 10.11 10.03 9.74 9.35 8.86
8.40 8.24 7.94 7.61 7.47 7.52 7.61 7.75 7.87 7.87 7.58 6.95 6.14 5.13 4.14 3.39 3.25 4.44 5.91 6.54 6.08 4.96 3.98 3.77 4.44 5.61 6.57 6.87 6.68 6.17 5.97 6.25 7.17 7.93 8.15 7.81 7.25 6.86 6.91 7.33 7.83 8.57 9.18 9.86 10.29 10.59 10.65 10.57 10.28 9.73 8.79 8.19 8.10 8.27 8.38 8.46 8.71 9.22 9.46 9.33 8.94 8.47 8.21 8.17 8.37 8.86 9.59 10.43 10.99 11.17 11.09 10.71 10.06 9.69 9.73 9.65 9.01 8.16 7.88 8.30 8.42 8.16 7.80
8.61 8.63 8.64 8.47 8.27 8.15 8.22 8.47 8.64 8.82 8.90 8.75 8.34 7.51 6.40 5.29 4.57 4.82 6.04 7.47 7.90 7.34 6.14 5.19 5.23 6.04 6.88 7.33 7.32 6.71 6.07 5.62 5.71 6.34 7.19 7.87 8.21 8.36 8.42 8.54 8.81 9.11 9.18 9.41 9.61 9.65 9.71 9.92 10.05 9.89 9.13 8.46 8.25 8.34 8.43 8.47 8.61 8.85 8.84 8.46 8.07 7.74 7.67 7.74 7.83 8.12 8.53 9.12 9.51 9.53 9.45 9.23 8.59 7.83 7.63 8.07 7.86 6.86 5.99 6.23 6.76 6.51 6.12
8.60 8.70 8.83 8.74 8.64 8.60 8.80 9.18 9.64 10.11 10.46 10.57 10.22 9.48 8.39 7.18 5.99 5.36 5.77 7.32 8.61 9.06 8.61 7.59 6.82 6.96 7.51 8.11 8.51 8.18 7.53 6.79 6.29 6.49 7.30 8.29 9.10 9.67 9.80 9.63 9.39 9.25 9.09 9.12 9.09 8.79 8.70 8.82 9.12 9.39 9.30 8.85 8.47 8.42 8.49 8.59 8.70 8.68 8.35 7.93 7.61 7.44 7.46 7.40 7.40 7.71 8.14 8.45 8.43 8.41 8.29 8.22 8.08 7.28 6.39 6.52 6.89 6.32 5.12 4.71 5.10 5.12 4.74
8.58 8.73 8.92 8.75 8.59 8.63 8.91 9.36 10.03 10.63 11.22 11.53 11.54 11.15 10.35 9.18 7.74 6.45 6.10 6.99 8.37 9.60 9.78 9.25 8.48 8.22 8.34 8.66 9.13 9.29 9.14 8.70 8.14 7.90 8.11 8.53 8.89 9.22 9.39 9.27 9.05 8.94 8.95 8.99 8.72 7.98 7.64 7.58 7.66 8.01 8.48 8.54 8.32 8.31 8.50 8.71 8.68 8.28 7.64 7.22 7.08 7.12 7.23 7.36 7.48 7.84 8.18 8.07 7.51 7.33 7.28 7.13 7.38 7.27 6.35 5.79 6.04 6.03 4.94 4.29 4.30 3.72 4.35
8.51 8.69 8.88 8.70 8.45 8.39 8.47 8.59 8.87 9.39 10.12 10.90 11.61 11.96 11.86 11.23 9.95 8.22 7.06 7.05 7.74 9.05 9.86 9.96 9.59 9.20 8.84 8.64 8.72 9.11 9.53 9.69 9.47 8.94 8.52 8.29 8.14 8.11 8.24 8.49 8.64 8.81 9.03 9.09 8.56 7.57 7.00 6.74 6.59 6.63 7.01 7.39 7.58 7.75 8.10 8.17 7.84 7.25 6.63 6.42 6.48 6.65 6.96 7.31 7.51 7.80 8.09 7.67 6.53 5.94 5.98 5.68 5.68 6.31 6.32 5.78 5.65 5.72 5.32 4.77 4.50 4.43 4.54
8.37 8.49 8.59 8.57 8.41 8.26 8.09 7.75 7.32 7.12 7.45 8.55 10.01 11.25 12.05 12.25 11.71 10.35 8.61 7.67 7.70 8.56 9.38 9.96 9.98 9.51 8.89 8.40 7.95 7.98 8.41 8.92 9.17 8.89 8.44 8.06 7.82 7.85 8.20 8.54 8.70 8.91 9.24 9.46 9.01 8.04 7.32 6.74 6.18 5.78 5.79 6.25 6.83 7.32 7.46 7.09 6.43 5.93 5.72 5.70 5.73 5.75 6.09 6.50 6.74 7.33 7.98 7.68 6.27 5.09 4.80 4.57 4.49 5.03 5.66 5.77 5.76 5.60 5.89 5.72 5.50 5.26 5.33
8.29 8.33 8.37 8.49 8.50 8.40 8.21 7.84 7.13 6.25 5.67 5.94 7.24 9.05 10.65 11.68 12.11 11.73 10.43 8.97 8.55 8.79 9.17 9.76 10.04 9.76 9.15 8.38 7.57 6.98 6.75 6.95 7.55 7.98 8.11 8.05 8.01 8.10 8.42 8.67 8.74 8.95 9.40 9.80 9.55 8.56 7.56 6.60 6.05 5.89 6.08 6.59 7.11 7.27 7.19 6.39 5.68 5.42 5.34 5.29 5.17 4.95 4.90 5.22 5.88 6.98 8.25 8.46 7.41 6.12 5.51 5.21 4.98 5.09 5.52 5.89 6.18 6.48 6.67 6.74 6.72 6.69 6.79
8.35 8.35 8.41 8.54 8.65 8.64 8.57 8.53 8.26 7.47 6.30 5.48 5.62 6.73 8.45 10.03 11.20 11.90 11.57 10.52 9.88 9.84 9.94 10.15 10.31 10.28 9.88 9.05 8.03 7.20 6.57 6.38 6.59 7.04 7.50 7.81 7.96 7.98 8.11 8.37 8.48 8.70 9.13 9.62 9.56 8.55 7.49 6.96 7.06 7.52 7.96 8.14 8.11 7.82 7.54 6.87 6.72 6.68 6.53 6.28 6.02 5.68 5.45 5.64 6.51 7.79 9.26 9.92 9.52 8.58 7.76 7.18 6.57 6.25 6.29 6.47 6.78 7.16 7.47 7.76 8.15 8.64 9.12
8.39 8.34 8.43 8.62 8.82 8.88 8.92 9.17 9.53 9.53 8.81 7.61 6.69 6.59 7.37 8.80 10.17 11.48 12.00 11.71 11.27 11.05 10.87 10.69 10.56 10.66 10.70 10.33 9.49 8.85 8.34 7.89 7.45 7.28 7.42 7.66 7.81 7.83 7.83 7.83 7.93 8.21 8.74 9.36 9.57 9.14 8.78 8.98 9.34 9.59 9.61 9.30 8.79 8.26 8.03 8.13 8.38 8.65 8.73 8.60 8.42 8.31 8.29 8.51 8.95 9.55 10.33 10.97 10.82 9.98 9.02 8.19 7.41 7.02 7.02 7.23 7.50 7.92 8.47 9.32 10.49 11.60 12.40
8.37 8.31 8.40 8.66 8.96 9.08 9.19 9.52 10.17 10.80 10.94 10.51 9.66 8.73 8.38 8.81 9.76 11.12 12.19 12.49 12.38 11.92 11.28 10.83 10.56 10.69 11.07 11.26 10.94 10.34 9.76 9.34 8.87 8.50 8.20 8.04 7.98 7.81 7.60 7.52 7.73 8.26 8.90 9.61 9.93 9.83 9.83 10.02 10.02 9.72 9.48 9.28 8.98 8.54 8.38 8.51 8.73 9.14 9.64 10.01 10.19 10.31 10.28 10.18 9.98 9.80 9.94 10.68 10.83 10.06 8.99 8.17 7.64 7.36 7.44 7.83 8.37 9.05 9.97 11.29 12.71 13.84 14.33
