project/data/elevation/US_DEM2016/US_DEM2016_point_10-30-2019_2244_30m_vel.asc
ncols	125
nrows	167
xllcorner	-2042055.000000
yllcorner	1465035.000000
cellsize	30.000000
NODATA_value	-9999.000000
[rows 0 to 35 of 167, columns 0 to 79 of 125]
8.95 7.82 6.54 7.11 8.92 11.26 13.42 14.86 15.33 15.53 15.88 16.70 17.28 16.68 15.83 15.50 15.19 14.85 14.43 14.17 13.98 13.99 14.25 14.66 14.98 14.87 14.40 13.14 11.47 9.74 8.18 6.86 5.87 5.12 4.61 4.55 5.19 6.42 7.74 8.61 9.09 9.42 9.67 9.71 9.27 8.50 7.81 7.90 8.66 9.72 10.61 11.50 12.24 13.03 13.41 13.62 13.38 12.18 11.00 10.16 9.70 9.71 10.19 11.19 11.89 12.09 11.83 10.92 9.37 8.33 7.99 8.20 8.67 9.23 9.70 10.00 10.31 11.00 11.91 12.51
8.95 7.82 6.54 7.11 8.92 11.26 13.42 14.86 15.33 15.53 15.88 16.70 17.28 16.68 15.83 15.50 15.19 14.85 14.43 14.17 13.98 13.99 14.25 14.66 14.98 14.87 14.40 13.14 11.47 9.74 8.18 6.86 5.87 5.12 4.61 4.55 5.19 6.42 7.74 8.61 9.09 9.42 9.67 9.71 9.27 8.50 7.81 7.90 8.66 9.72 10.61 11.50 12.24 13.03 13.41 13.62 13.38 12.18 11.00 10.16 9.70 9.71 10.19 11.19 11.89 12.09 11.83 10.92 9.37 8.33 7.99 8.20 8.67 9.23 9.70 10.00 10.31 11.00 11.91 12.51
9.13 8.06 6.90 7.26 8.47 10.25 12.02 13.28 13.96 14.29 14.76 15.51 15.83 15.53 14.94 14.75 14.72 14.64 14.28 13.73 13.54 13.51 13.69 13.96 14.12 13.94 13.20 11.96 10.58 9.22 8.03 6.97 6.12 5.48 5.01 4.86 5.18 5.90 6.82 7.66 8.16 8.50 8.80 9.16 9.40 9.37 9.16 9.07 9.47 10.07 10.66 11.21 11.76 12.19 12.44 12.64 12.75 12.44 11.67 10.64 9.79 9.37 9.63 10.21 10.68 10.96 11.11 11.00 10.57 9.80 9.28 9.09 9.06 9.11 9.20 9.37 9.71 10.30 10.88 11.34
10.12 8.97 7.84 7.89 8.39 9.13 9.99 10.54 10.83 11.33 12.23 12.82 12.92 12.69 12.66 12.81 13.03 13.40 13.38 13.04 12.93 12.83 12.69 12.48 12.30 11.98 11.29 10.46 9.62 8.88 8.23 7.61 7.13 6.84 6.55 6.19 5.89 5.78 5.91 6.40 7.30 8.05 8.63 9.23 9.94 10.54 10.88 10.86 10.76 10.72 10.75 10.70 10.73 10.59 10.48 10.28 10.46 11.04 11.39 11.29 10.72 9.98 9.39 9.00 8.62 8.62 9.18 10.05 10.69 10.90 10.74 10.24 9.60 8.96 8.52 8.44 8.67 8.97 9.02 8.96
10.83 9.75 8.74 8.61 8.68 8.84 8.94 8.96 8.80 8.99 9.64 10.29 10.55 10.49 10.60 10.86 11.08 11.48 12.12 12.66 12.83 12.43 11.87 11.20 10.61 10.31 10.20 9.98 9.70 9.44 9.20 8.99 8.88 8.79 8.54 8.05 7.43 6.91 6.55 6.70 7.55 8.55 9.46 10.20 10.57 10.93 11.27 11.52 11.51 11.24 10.97 10.63 10.16 9.57 8.98 8.02 7.53 7.82 8.85 10.08 10.69 10.57 9.88 8.77 7.82 7.21 7.12 7.59 8.36 8.98 9.26 9.17 8.83 8.38 8.01 7.86 7.88 7.89 7.76 7.64
10.87 10.04 9.28 9.19 9.03 8.86 8.58 8.05 7.68 7.60 7.82 8.46 9.10 9.41 9.87 10.39 10.71 10.79 11.37 12.12 12.30 11.72 10.94 10.07 9.47 9.48 9.75 9.94 10.08 10.21 10.35 10.43 10.37 10.10 9.71 9.23 8.71 8.20 7.72 7.45 7.55 7.98 8.84 9.84 10.41 10.71 10.98 11.32 11.39 11.23 10.99 10.76 10.44 9.52 8.35 7.27 6.83 6.87 7.30 8.00 8.86 9.40 9.24 8.37 7.45 6.75 6.31 6.13 6.19 6.42 6.73 7.00 7.15 7.21 7.21 7.18 7.17 7.17 7.19 7.31
10.92 10.43 9.91 9.89 9.59 9.05 8.34 7.41 6.81 6.63 6.67 7.17 7.96 8.83 9.71 10.44 11.09 11.14 10.95 10.88 10.83 10.48 9.96 9.41 9.22 9.38 9.65 9.83 10.07 10.49 10.92 11.16 11.00 10.72 10.43 10.16 9.90 9.53 8.94 8.19 7.61 7.44 7.70 8.37 9.06 9.34 9.53 9.79 10.16 10.33 10.53 10.73 10.71 10.49 9.89 9.15 8.95 8.81 8.49 8.09 7.79 7.78 7.79 7.52 7.03 6.52 6.12 5.90 5.83 5.87 5.98 6.17 6.38 6.52 6.59 6.56 6.46 6.47 6.69 7.04
10.87 10.84 10.91 10.77 10.34 9.28 8.12 7.02 6.45 6.40 6.33 6.35 7.10 8.26 9.21 9.82 10.58 10.80 10.19 9.49 9.15 9.10 9.16 9.25 9.34 9.51 9.72 9.80 9.91 10.32 10.89 11.30 11.43 11.56 11.78 12.09 12.13 11.75 11.00 9.99 8.83 7.84 7.33 7.13 7.13 7.43 7.66 7.95 8.62 9.50 10.07 10.55 10.96 11.53 11.84 11.79 11.28 10.65 9.84 8.86 7.87 7.23 7.08 7.05 6.86 6.48 6.12 6.04 6.15 6.26 6.30 6.33 6.38 6.42 6.45 6.43 6.33 6.32 6.55 6.80
11.07 11.36 11.94 11.73 11.05 9.92 8.58 7.61 7.23 6.99 6.70 6.56 7.01 7.84 8.36 8.64 9.21 9.61 9.27 8.63 8.26 8.19 8.35 8.73 9.03 9.33 9.80 10.20 10.33 10.41 10.88 11.53 12.23 13.10 14.06 14.72 14.85 14.45 13.74 12.74 11.38 9.83 8.39 7.43 6.98 7.07 7.70 8.31 9.08 9.67 9.91 9.87 10.00 10.52 11.13 11.35 10.96 10.20 9.30 8.47 7.77 7.29 7.10 7.18 7.22 7.06 6.77 6.63 6.58 6.56 6.56 6.56 6.60 6.78 7.05 7.30 7.48 7.65 7.67 7.46
11.06 11.75 12.53 12.35 11.65 10.82 9.69 9.05 8.92 8.78 8.21 7.70 7.67 7.80 7.71 7.61 7.93 8.52 8.79 8.61 8.31 7.93 7.81 8.14 8.63 9.07 9.62 10.25 10.72 11.01 11.53 12.28 13.25 14.21 14.93 15.25 15.28 15.16 15.00 14.65 13.90 12.66 11.14 9.63 8.52 8.44 8.86 9.52 10.05 10.08 9.71 8.78 8.08 7.45 7.72 8.40 8.72 8.47 8.08 7.71 7.41 7.20 7.10 7.29 7.87 8.22 8.24 7.99 7.41 6.88 6.84 7.10 7.53 8.11 8.68 9.15 9.60 9.96 9.96 9.54
11.05 11.50 12.46 12.70 12.33 11.92 11.53 11.49 11.51 11.20 10.54 9.69 8.86 8.14 7.49 6.97 7.18 8.11 8.94 9.24 9.04 8.56 8.25 8.37 8.77 9.15 9.45 9.94 10.83 11.83 12.59 13.18 13.56 13.62 13.28 12.78 12.81 13.45 14.14 14.63 14.72 14.26 13.27 11.83 10.40 9.61 9.42 9.82 10.17 9.99 9.22 8.20 7.19 6.33 6.00 6.18 6.74 7.20 7.39 7.41 7.31 7.23 7.27 7.61 8.44 9.33 9.70 9.37 8.56 7.66 7.60 8.25 9.06 9.79 10.46 11.03 11.48 11.64 11.48 11.07
10.40 10.44 11.44 12.63 13.27 13.56 13.78 13.99 14.06 13.54 12.73 11.80 10.67 9.21 7.90 7.26 7.39 8.30 9.30 9.80 9.74 9.43 9.11 9.02 9.21 9.59 9.99 10.58 11.49 12.40 12.76 12.72 12.24 11.40 10.34 9.70 9.95 10.83 11.75 12.56 13.28 13.80 13.84 13.24 12.06 10.75 10.06 9.98 9.82 9.36 8.47 8.00 7.54 6.78 6.05 5.67 5.96 6.67 7.24 7.51 7.59 7.76 8.09 8.54 9.20 9.88 10.29 10.24 9.73 9.16 8.92 9.43 10.05 10.76 11.34 11.66 11.56 11.10 10.29 9.63
9.45 9.08 9.60 11.45 13.03 14.00 14.45 14.58 14.63 14.35 13.80 13.12 12.26 10.82 9.36 8.53 8.37 8.66 9.13 9.47 9.59 9.54 9.38 9.26 9.45 9.91 10.49 11.01 11.32 11.32 10.97 10.20 9.12 8.09 7.60 7.79 8.26 8.60 8.81 9.44 10.40 11.48 12.54 13.15 12.97 11.97 10.88 10.26 9.39 8.22 7.39 7.18 6.83 6.34 5.87 5.69 5.99 6.68 7.44 8.00 8.36 8.70 9.12 9.47 9.71 9.87 10.18 10.63 10.78 10.57 10.39 10.51 10.97 11.35 11.29 10.68 9.59 8.26 7.19 6.46
9.79 9.37 9.21 9.83 10.98 12.06 12.56 12.65 12.58 12.61 12.73 12.75 12.60 12.06 11.16 10.16 9.45 8.98 8.67 8.48 8.56 8.79 8.92 8.95 9.10 9.33 9.52 9.42 8.89 8.18 7.42 6.49 5.69 5.30 5.50 6.09 6.33 6.23 6.28 6.74 7.44 8.38 9.54 10.81 11.80 11.89 11.29 10.45 9.45 8.10 7.01 6.17 5.70 5.63 5.73 6.02 6.48 7.09 7.85 8.69 9.32 9.68 9.86 10.02 10.13 10.22 10.55 11.15 11.57 11.55 11.43 11.52 11.58 11.14 10.03 8.42 6.87 6.04 5.81 5.71
10.48 10.59 9.99 9.19 8.61 8.67 8.83 8.69 8.49 8.81 9.47 10.26 10.87 11.36 11.47 11.06 10.24 9.35 8.52 7.81 7.57 7.93 8.27 8.33 8.16 7.83 7.35 6.69 5.92 5.29 4.89 4.78 4.89 5.05 5.09 4.94 4.76 4.90 5.19 5.41 5.61 5.97 6.61 7.72 9.28 10.91 11.22 10.84 10.06 9.02 7.61 6.44 6.00 6.18 6.62 7.02 7.30 7.65 8.26 9.20 10.19 10.70 10.93 11.08 11.26 11.55 11.86 12.16 12.40 12.38 12.19 12.00 11.28 9.75 8.07 6.85 6.32 6.22 6.47 6.92
10.42 10.46 9.96 8.84 7.08 5.84 5.17 4.83 4.87 5.10 5.64 6.35 7.34 8.51 9.76 10.47 10.39 9.66 8.69 7.82 7.48 7.72 7.97 7.84 7.35 6.68 6.03 5.62 5.38 5.09 4.95 5.27 5.96 6.44 6.35 6.02 5.73 5.75 6.02 6.24 6.24 6.28 6.65 7.66 9.15 10.85 11.46 11.29 10.52 9.38 8.33 7.68 7.48 7.77 8.13 8.33 8.29 8.36 8.92 10.04 11.18 12.12 12.67 12.87 13.01 13.34 13.61 13.78 13.91 13.80 13.27 12.20 10.42 8.76 7.88 7.66 7.72 7.68 7.76 8.14
9.65 9.14 8.58 7.97 6.37 4.89 4.04 3.85 4.01 4.45 4.92 5.33 5.92 6.91 8.11 9.24 9.83 9.71 9.09 8.51 8.25 8.20 8.09 7.78 7.32 6.84 6.55 6.57 6.71 6.67 6.38 6.23 6.66 7.51 8.04 8.19 8.04 7.79 7.73 7.99 8.37 8.83 9.35 10.26 11.31 11.93 11.87 11.61 11.00 10.12 9.29 8.92 8.91 9.16 9.46 9.68 9.60 9.76 10.46 11.56 12.79 13.80 14.44 14.68 14.61 14.56 14.72 15.02 15.32 15.09 14.24 12.79 10.67 9.72 9.75 10.00 9.96 9.63 9.42 9.59
9.70 9.03 8.18 7.47 6.74 6.01 5.70 5.92 6.46 7.18 7.75 8.04 8.32 8.49 8.60 8.71 9.15 9.53 9.52 9.33 9.06 8.69 8.30 8.00 7.79 7.68 7.69 7.79 8.02 8.26 8.17 7.66 7.53 8.14 9.03 9.73 9.98 9.85 9.60 9.80 10.55 11.27 11.91 12.38 12.47 11.95 11.35 11.22 11.17 10.87 10.26 9.83 9.85 10.20 10.56 10.78 11.01 11.30 12.15 13.25 14.13 14.59 14.83 14.95 14.86 14.61 14.43 14.50 14.93 15.15 15.00 14.59 13.42 12.93 13.22 13.52 13.45 12.96 12.60 12.34
10.18 9.83 8.95 8.09 7.83 8.15 8.75 9.50 10.35 11.07 11.57 11.82 11.69 11.01 10.01 9.22 9.08 9.43 9.69 9.69 9.48 9.13 8.75 8.51 8.44 8.47 8.50 8.57 8.86 9.39 9.79 9.78 9.59 9.61 10.09 10.93 11.68 11.92 11.94 12.12 12.54 12.94 13.00 12.56 11.51 10.13 9.28 9.56 10.44 10.86 11.00 10.86 10.97 11.27 11.47 11.49 11.76 12.38 13.30 13.91 13.99 13.67 13.32 13.30 13.52 13.67 13.62 13.35 13.31 13.86 15.02 15.93 16.62 16.76 16.90 17.38 17.69 17.57 17.18 16.44
9.99 9.51 8.72 8.24 8.82 9.94 11.28 12.49 13.38 13.77 13.83 13.66 13.25 12.34 11.31 10.37 9.83 9.73 9.83 9.86 9.78 9.69 9.57 9.45 9.29 9.19 9.22 9.37 9.62 10.16 10.98 11.74 12.25 12.55 12.76 13.13 13.48 13.58 13.74 13.88 13.76 13.27 12.40 11.13 9.56 8.14 7.54 8.01 9.53 10.72 11.52 11.94 12.17 12.15 12.03 11.87 12.25 13.00 13.32 13.20 12.45 11.54 10.88 10.73 11.17 11.86 12.29 12.24 11.86 12.08 13.50 15.25 16.64 17.33 17.83 18.64 19.20 19.29 18.96 18.50
9.31 8.72 8.14 8.51 9.95 11.70 13.02 13.85 14.24 14.11 13.71 13.33 12.97 12.49 12.01 11.38 10.71 10.21 10.08 10.14 10.24 10.44 10.70 10.85 10.76 10.52 10.56 10.70 10.87 11.31 12.23 13.39 14.34 14.96 15.18 14.94 14.53 14.21 14.07 13.82 13.10 11.87 10.39 8.93 7.87 7.35 7.34 8.14 9.72 11.18 12.44 13.30 13.55 13.27 12.81 12.64 12.90 12.90 12.57 11.61 10.38 9.23 8.34 7.82 8.12 8.61 9.19 9.56 9.61 9.82 10.57 11.95 13.47 14.54 15.38 16.18 16.71 16.86 17.02 17.13
10.21 9.66 9.55 10.68 12.20 13.31 13.69 13.65 13.35 12.67 12.15 11.86 11.65 11.67 11.69 11.46 10.99 10.50 10.39 10.65 11.13 11.76 12.37 12.74 12.85 12.72 12.66 12.74 12.95 13.36 14.08 14.79 15.20 15.25 14.93 14.33 13.77 13.18 12.66 11.83 10.67 9.40 8.18 7.31 7.12 7.53 8.34 9.60 10.77 12.10 13.21 13.80 14.10 14.26 13.90 13.49 13.06 12.35 11.29 9.75 8.29 7.04 5.75 5.00 4.85 4.83 4.92 5.46 6.23 6.73 7.64 8.39 9.12 9.73 10.33 11.07 11.20 11.48 12.05 12.69
11.36 11.82 12.89 13.67 14.00 13.92 13.24 12.43 11.61 11.07 10.80 10.57 10.41 10.48 10.65 10.77 10.69 10.57 10.75 11.24 12.04 12.88 13.58 14.12 14.32 14.41 14.49 14.64 14.91 15.23 15.36 15.06 14.37 13.44 12.42 11.69 11.51 11.05 10.19 9.04 7.89 7.24 6.93 7.08 7.63 8.38 9.45 10.56 11.63 12.62 13.07 13.34 13.61 14.01 14.14 13.69 12.74 11.45 9.86 8.28 6.81 5.30 4.13 3.48 3.16 3.00 3.03 3.41 4.17 5.04 5.77 6.30 6.49 6.54 6.58 7.00 7.52 8.26 9.02 9.83
11.70 12.78 14.19 14.44 14.08 13.32 12.20 11.30 10.41 10.09 10.03 9.82 9.65 9.61 9.74 10.06 10.34 10.61 10.93 11.20 11.54 11.95 12.53 13.33 13.91 14.40 14.82 15.15 15.32 15.21 14.58 13.34 11.75 10.50 9.73 9.38 9.07 8.39 7.50 6.88 6.50 6.48 6.88 7.78 8.59 9.38 10.32 11.16 11.93 12.25 12.05 11.86 12.05 12.56 13.01 12.94 12.20 10.98 9.40 8.02 6.71 5.35 4.41 3.89 3.65 3.63 3.89 4.42 4.98 5.21 5.31 5.38 5.23 4.97 4.84 5.15 6.04 7.12 7.79 8.30
11.66 12.40 13.37 13.49 13.00 12.01 11.08 10.41 9.88 9.60 9.44 9.18 9.05 9.05 9.24 9.66 10.15 10.52 10.65 10.44 10.12 9.94 10.21 10.98 12.16 13.14 13.84 14.15 13.95 13.22 11.96 10.32 8.73 7.82 7.46 7.20 6.61 6.06 5.88 6.08 6.52 7.16 8.04 8.80 9.69 10.66 11.29 11.78 11.86 11.47 11.02 10.87 10.98 11.25 11.61 11.89 11.82 11.27 10.09 8.77 7.68 6.85 6.35 6.16 6.06 6.00 6.31 6.54 6.26 5.76 5.31 5.10 4.77 4.28 4.07 4.50 5.29 5.88 6.20 6.66
11.63 11.39 11.54 11.94 11.86 11.30 10.51 9.70 9.32 9.08 8.81 8.60 8.47 8.55 8.97 9.53 10.11 10.42 10.44 10.20 9.94 9.88 10.20 10.89 11.85 12.50 12.64 12.35 11.62 10.54 9.22 8.02 6.93 6.20 5.78 5.55 5.43 5.51 5.80 6.38 7.35 8.46 9.22 10.00 10.97 11.81 12.28 12.26 11.66 10.86 10.27 10.06 10.08 10.34 10.83 11.30 11.74 11.85 11.33 10.28 9.39 8.91 8.72 8.66 8.61 8.64 8.60 8.02 7.03 6.39 6.09 5.52 4.81 4.29 4.17 4.46 4.76 4.75 4.85 5.43
11.58 10.96 10.40 10.72 11.22 11.45 11.16 10.28 9.63 9.30 8.96 8.80 8.72 8.80 9.18 9.77 10.29 10.72 11.00 11.12 11.35 11.81 12.39 12.81 12.77 12.23 11.33 10.34 9.34 8.44 7.55 6.84 6.40 6.16 5.91 5.76 6.00 6.57 7.01 7.40 8.18 9.08 9.99 11.04 11.98 12.66 12.79 12.38 11.52 10.48 9.52 8.97 9.08 9.63 10.37 11.11 11.72 12.24 12.43 12.16 11.74 11.55 11.57 11.56 11.43 11.04 10.38 9.57 8.81 8.39 7.72 6.70 5.58 5.07 4.94 4.82 4.68 4.59 4.77 5.18
11.52 10.83 9.97 10.04 10.66 11.48 11.99 11.73 11.09 10.73 10.48 10.18 10.16 10.22 10.31 10.38 10.66 11.16 11.74 12.24 12.73 13.17 13.30 12.96 12.09 10.84 9.55 8.43 7.51 6.99 6.82 6.74 6.79 7.13 7.35 7.37 7.45 7.90 8.44 8.64 8.89 9.45 10.49 11.62 12.50 12.92 12.74 12.18 11.44 10.44 9.20 8.46 8.61 9.29 10.02 10.66 11.25 12.16 12.89 13.34 13.79 14.29 14.86 15.22 14.85 14.06 12.93 12.00 11.60 10.98 9.57 7.96 7.00 6.75 6.44 5.77 5.36 5.40 5.58 5.70
11.14 10.28 9.32 9.30 9.75 10.88 11.91 12.36 12.11 11.78 11.58 11.29 11.26 11.36 11.38 11.15 10.95 11.14 11.70 12.28 12.59 12.46 11.76 10.63 9.46 8.43 7.59 6.93 6.50 6.49 6.85 7.52 8.08 8.38 8.72 8.99 9.06 9.21 9.64 9.75 9.77 10.11 11.08 11.94 12.53 12.55 12.08 11.62 11.37 10.97 10.09 9.13 8.91 9.23 9.48 9.93 10.81 11.99 12.89 13.75 14.58 15.38 16.15 16.67 17.05 16.78 15.94 15.05 14.09 12.93 11.47 10.01 9.31 8.87 8.23 7.52 7.26 7.33 7.23 6.82
10.83 10.25 9.43 9.12 9.28 9.95 11.12 12.07 12.29 11.92 11.35 10.83 10.70 10.83 11.02 11.04 10.74 10.72 11.01 11.17 10.89 10.07 8.90 7.72 6.81 6.16 5.82 5.85 6.14 6.68 7.71 8.81 9.43 9.74 9.92 10.17 10.45 10.59 10.61 10.69 10.83 11.16 11.55 11.92 11.87 11.36 10.74 10.66 11.20 11.62 11.48 10.86 9.99 9.73 9.69 10.10 11.03 12.13 12.81 13.50 13.98 14.67 15.25 15.74 16.53 17.03 17.04 16.95 16.34 15.41 14.67 13.92 12.98 11.62 10.32 9.79 9.83 9.86 9.25 8.22
11.28 11.09 10.44 9.80 9.60 9.71 10.43 11.51 12.21 12.17 11.46 10.66 10.21 10.03 10.08 10.31 10.21 10.33 10.30 9.69 8.54 7.24 6.15 5.34 4.72 4.33 4.25 4.63 5.54 6.99 8.48 9.45 10.14 10.61 10.88 11.09 11.23 11.20 11.10 11.13 11.45 11.67 11.83 11.61 10.93 9.89 9.51 9.78 10.54 11.63 12.11 11.96 11.42 10.85 10.66 10.81 11.19 11.84 12.34 12.69 12.64 12.43 12.08 12.33 13.38 14.79 15.95 16.91 17.57 17.66 17.69 17.38 16.46 15.08 13.52 12.75 12.34 11.64 10.41 8.69
11.46 11.05 10.51 10.12 9.91 9.86 10.07 10.89 11.95 12.60 12.54 11.84 11.14 10.51 10.08 9.85 9.91 9.95 9.40 8.14 6.63 5.49 4.74 4.24 3.94 3.81 3.82 3.99 4.73 6.06 7.46 8.36 9.13 9.84 10.44 10.84 10.85 10.85 10.82 10.98 11.29 11.61 11.76 11.42 10.78 9.85 9.35 9.41 9.85 10.64 11.64 12.04 12.11 11.71 11.30 10.90 10.77 10.88 11.22 11.19 10.91 10.32 9.77 9.78 10.41 11.67 13.38 15.00 16.32 17.18 17.79 18.11 17.80 17.21 16.44 15.39 13.90 12.06 10.14 8.48
10.56 9.60 8.75 8.95 9.28 9.43 9.46 9.91 11.05 12.20 12.80 12.54 11.85 11.12 10.57 10.09 9.84 9.39 8.42 7.17 6.26 5.73 5.10 4.88 4.68 4.75 4.90 4.85 4.83 5.09 5.50 6.08 6.75 7.50 8.27 8.90 9.36 9.72 10.10 10.56 10.78 10.98 10.95 10.62 10.26 9.73 9.09 8.93 9.11 9.56 10.36 11.36 11.76 11.67 11.17 10.40 10.01 9.83 9.98 9.77 9.28 8.56 8.21 8.55 9.28 10.02 10.93 11.97 13.06 13.98 14.76 15.52 16.22 16.63 16.71 16.33 14.65 12.09 10.16 9.13
9.12 8.18 7.32 7.59 7.96 8.02 7.93 8.31 9.23 10.61 11.73 12.13 11.78 11.16 10.68 10.18 9.68 8.98 8.18 7.97 7.27 7.22 7.08 6.86 6.70 6.81 6.86 6.73 6.31 5.86 5.72 5.70 5.76 5.94 6.39 7.15 8.14 8.80 9.45 10.02 10.12 9.96 9.34 8.43 7.55 7.24 7.29 7.45 7.75 8.48 9.26 10.12 10.83 10.91 10.40 9.75 9.36 9.32 9.26 8.99 8.34 7.49 7.47 7.91 8.63 9.13 9.39 9.67 10.07 10.65 10.82 11.49 12.70 13.96 15.00 15.75 15.40 13.71 11.73 10.50
9.06 8.61 8.25 8.17 7.70 7.25 7.09 7.18 7.64 8.74 10.17 11.28 11.61 11.23 10.68 10.08 9.52 9.02 9.11 8.70 9.03 9.21 9.34 9.29 9.17 9.09 9.02 8.68 8.21 7.77 7.47 7.16 6.73 6.33 6.32 6.86 7.70 8.36 9.01 9.52 9.53 9.03 7.86 6.18 5.26 5.25 5.75 6.43 7.20 7.91 8.57 9.16 9.74 10.07 9.76 9.50 9.37 9.42 9.22 9.00 8.53 7.97 7.94 7.95 8.04 7.84 7.74 8.04 8.47 8.88 9.09 9.38 10.12 11.27 12.33 13.94 15.30 15.30 13.98 11.96
10.19 10.33 10.54 10.29 9.60 8.51 7.72 7.28 7.09 7.39 8.38 9.84 10.92 11.19 10.72 9.96 9.48 9.34 9.55 10.06 10.63 11.12 11.54 11.74 11.74 11.46 10.97 10.37 9.66 8.94 8.44 8.17 7.98 7.70 7.35 7.34 7.87 8.49 9.18 9.62 9.51 8.75 7.51 6.24 5.85 6.23 7.00 7.85 8.36 8.57 8.55 8.65 9.06 9.62 9.68 9.65 9.56 9.62 9.45 9.49 9.36 9.02 8.55 7.77 7.13 6.65 6.46 6.86 7.54 8.13 8.54 8.90 9.08 9.66 10.53 11.93 13.92 15.34 15.51 14.48
