project/data/elevation/US_DEM2016/US_DEM2016_point_10-29-2019_0101_30m_vel.asc
ncols	125
nrows	167
xllcorner	-2042055.000000
yllcorner	1465035.000000
cellsize	30.000000
NODATA_value	-9999.000000
[rows 114 to 151 of 167, columns 0 to 83 of 125]
1.52 1.50 1.50 1.53 1.58 1.66 1.70 1.65 1.54 1.41 1.29 1.17 1.07 1.00 0.98 1.03 1.15 1.28 1.38 1.46 1.54 1.56 1.50 1.48 1.56 1.67 1.74 1.76 1.75 1.69 1.62 1.51 1.38 1.30 1.30 1.34 1.41 1.48 1.52 1.55 1.59 1.63 1.66 1.67 1.63 1.57 1.53 1.51 1.51 1.53 1.56 1.55 1.51 1.44 1.34 1.29 1.31 1.40 1.49 1.54 1.52 1.48 1.45 1.43 1.43 1.45 1.48 1.49 1.45 1.42 1.41 1.40 1.40 1.40 1.41 1.41 1.40 1.38 1.38 1.40 1.37 1.29 1.23 1.19
1.55 1.54 1.53 1.53 1.55 1.58 1.58 1.50 1.34 1.18 1.05 0.95 0.89 0.87 0.98 1.16 1.36 1.52 1.65 1.71 1.69 1.57 1.40 1.36 1.44 1.54 1.60 1.67 1.72 1.75 1.77 1.76 1.66 1.46 1.28 1.24 1.33 1.44 1.54 1.60 1.65 1.68 1.68 1.65 1.56 1.44 1.39 1.39 1.42 1.48 1.58 1.62 1.61 1.55 1.42 1.26 1.19 1.22 1.32 1.41 1.46 1.49 1.52 1.54 1.54 1.53 1.52 1.49 1.44 1.42 1.42 1.42 1.43 1.41 1.40 1.40 1.40 1.41 1.41 1.40 1.33 1.24 1.18 1.11
1.57 1.58 1.57 1.55 1.54 1.52 1.49 1.41 1.30 1.22 1.17 1.14 1.14 1.21 1.38 1.58 1.75 1.84 1.86 1.82 1.72 1.57 1.39 1.26 1.27 1.33 1.42 1.52 1.59 1.64 1.70 1.77 1.79 1.72 1.58 1.51 1.52 1.57 1.62 1.66 1.67 1.66 1.64 1.62 1.54 1.42 1.32 1.30 1.36 1.47 1.58 1.67 1.71 1.70 1.64 1.55 1.44 1.36 1.33 1.36 1.41 1.46 1.50 1.54 1.57 1.57 1.55 1.50 1.44 1.38 1.38 1.40 1.42 1.43 1.42 1.42 1.42 1.44 1.46 1.46 1.42 1.35 1.31 1.27
1.57 1.58 1.57 1.55 1.52 1.48 1.43 1.38 1.36 1.38 1.43 1.50 1.60 1.70 1.81 1.88 1.89 1.83 1.75 1.67 1.60 1.57 1.51 1.36 1.26 1.24 1.29 1.38 1.44 1.44 1.43 1.53 1.70 1.79 1.80 1.76 1.71 1.67 1.62 1.59 1.57 1.56 1.58 1.60 1.60 1.53 1.38 1.29 1.33 1.46 1.55 1.61 1.69 1.74 1.75 1.74 1.72 1.68 1.58 1.49 1.45 1.45 1.48 1.49 1.51 1.52 1.51 1.47 1.42 1.36 1.34 1.35 1.38 1.41 1.43 1.45 1.46 1.47 1.50 1.53 1.57 1.58 1.57 1.58
1.56 1.55 1.54 1.53 1.50 1.46 1.41 1.39 1.39 1.44 1.55 1.67 1.80 1.88 1.90 1.84 1.70 1.58 1.52 1.47 1.47 1.52 1.56 1.52 1.43 1.33 1.28 1.32 1.37 1.34 1.25 1.27 1.41 1.61 1.71 1.72 1.68 1.61 1.55 1.50 1.49 1.51 1.55 1.60 1.63 1.60 1.48 1.32 1.31 1.38 1.44 1.48 1.54 1.63 1.69 1.72 1.76 1.78 1.76 1.66 1.56 1.50 1.47 1.44 1.40 1.37 1.35 1.37 1.39 1.40 1.38 1.36 1.37 1.40 1.44 1.48 1.51 1.53 1.56 1.60 1.64 1.69 1.73 1.75
1.53 1.52 1.51 1.51 1.50 1.46 1.42 1.40 1.43 1.50 1.61 1.71 1.77 1.77 1.71 1.61 1.52 1.47 1.42 1.39 1.37 1.40 1.45 1.49 1.47 1.41 1.36 1.38 1.42 1.42 1.33 1.23 1.23 1.35 1.50 1.58 1.58 1.55 1.52 1.51 1.51 1.52 1.55 1.57 1.58 1.58 1.53 1.40 1.32 1.33 1.36 1.39 1.45 1.54 1.62 1.66 1.67 1.69 1.70 1.69 1.64 1.55 1.47 1.39 1.30 1.23 1.24 1.33 1.42 1.46 1.47 1.46 1.44 1.43 1.45 1.49 1.52 1.54 1.55 1.57 1.59 1.61 1.63 1.63
1.51 1.50 1.50 1.51 1.50 1.47 1.45 1.45 1.49 1.58 1.66 1.71 1.70 1.63 1.55 1.49 1.46 1.43 1.36 1.29 1.24 1.24 1.30 1.37 1.39 1.37 1.39 1.43 1.48 1.52 1.49 1.38 1.25 1.24 1.32 1.43 1.49 1.51 1.53 1.54 1.54 1.54 1.54 1.53 1.50 1.50 1.51 1.46 1.36 1.32 1.33 1.38 1.45 1.54 1.62 1.65 1.61 1.56 1.56 1.60 1.60 1.54 1.45 1.37 1.31 1.30 1.36 1.43 1.47 1.50 1.52 1.52 1.50 1.46 1.44 1.44 1.45 1.46 1.49 1.51 1.53 1.52 1.50 1.47
1.52 1.52 1.52 1.51 1.50 1.49 1.51 1.54 1.58 1.64 1.68 1.69 1.66 1.61 1.56 1.51 1.46 1.38 1.30 1.26 1.27 1.31 1.37 1.39 1.37 1.35 1.36 1.41 1.49 1.56 1.57 1.52 1.42 1.32 1.29 1.32 1.39 1.44 1.47 1.52 1.54 1.56 1.55 1.48 1.40 1.41 1.45 1.43 1.35 1.30 1.31 1.38 1.46 1.52 1.57 1.61 1.58 1.53 1.49 1.50 1.51 1.49 1.47 1.45 1.47 1.50 1.53 1.53 1.51 1.50 1.49 1.50 1.49 1.46 1.44 1.41 1.41 1.43 1.48 1.50 1.50 1.48 1.45 1.43
1.54 1.54 1.52 1.51 1.50 1.51 1.56 1.64 1.70 1.71 1.70 1.66 1.63 1.61 1.59 1.52 1.43 1.36 1.36 1.42 1.49 1.51 1.50 1.45 1.39 1.35 1.35 1.40 1.47 1.53 1.56 1.56 1.52 1.45 1.37 1.34 1.37 1.42 1.45 1.49 1.53 1.55 1.51 1.39 1.30 1.30 1.36 1.37 1.32 1.25 1.24 1.28 1.35 1.40 1.45 1.51 1.55 1.54 1.51 1.49 1.48 1.47 1.48 1.51 1.53 1.55 1.55 1.54 1.54 1.54 1.51 1.49 1.48 1.47 1.46 1.45 1.46 1.47 1.47 1.45 1.42 1.39 1.37 1.38
1.52 1.50 1.47 1.47 1.48 1.51 1.56 1.64 1.71 1.71 1.64 1.57 1.54 1.53 1.48 1.42 1.39 1.43 1.50 1.55 1.55 1.50 1.45 1.45 1.45 1.42 1.38 1.39 1.42 1.47 1.52 1.52 1.48 1.45 1.44 1.45 1.46 1.48 1.41 1.52 1.52 1.49 1.36 1.21 1.16 1.18 1.26 1.33 1.30 1.22 1.14 1.11 1.13 1.19 1.27 1.36 1.44 1.48 1.49 1.47 1.46 1.46 1.47 1.46 1.44 1.46 1.49 1.52 1.55 1.58 1.57 1.54 1.50 1.47 1.45 1.46 1.45 1.41 1.35 1.32 1.32 1.31 1.29 1.29
1.50 1.48 1.46 1.46 1.47 1.49 1.53 1.58 1.61 1.59 1.52 1.45 1.43 1.37 1.31 1.36 1.43 1.48 1.49 1.45 1.38 1.35 1.37 1.43 1.48 1.49 1.43 1.37 1.36 1.41 1.48 1.49 1.46 1.44 1.47 1.51 1.52 1.50 1.49 1.51 1.46 1.32 1.17 1.10 1.09 1.12 1.19 1.27 1.28 1.24 1.18 1.12 1.06 1.05 1.10 1.21 1.33 1.38 1.40 1.42 1.43 1.44 1.46 1.49 1.50 1.53 1.55 1.54 1.53 1.54 1.56 1.56 1.52 1.45 1.42 1.41 1.38 1.34 1.30 1.30 1.31 1.30 1.24 1.19
1.55 1.56 1.55 1.51 1.48 1.47 1.48 1.50 1.50 1.48 1.34 1.43 1.39 1.32 1.31 1.39 1.43 1.39 1.27 1.19 1.20 1.27 1.37 1.45 1.51 1.53 1.50 1.44 1.40 1.39 1.43 1.47 1.47 1.44 1.42 1.41 1.41 1.41 1.42 1.42 1.34 1.22 1.19 1.24 1.28 1.27 1.27 1.29 1.31 1.32 1.30 1.25 1.18 1.13 1.12 1.19 1.29 1.36 1.39 1.43 1.44 1.45 1.50 1.58 1.63 1.64 1.60 1.55 1.51 1.49 1.50 1.51 1.49 1.43 1.39 1.35 1.33 1.32 1.33 1.35 1.34 1.28 1.21 1.19
1.59 1.61 1.61 1.54 1.48 1.44 1.44 1.44 1.43 1.43 1.46 1.47 1.42 1.34 1.31 1.29 1.24 1.16 1.10 1.10 1.17 1.29 1.42 1.50 1.54 1.55 1.55 1.53 1.47 1.42 1.43 1.47 1.47 1.41 1.32 1.27 1.27 1.31 1.34 1.33 1.31 1.34 1.41 1.48 1.52 1.52 1.50 1.46 1.42 1.39 1.34 1.28 1.25 1.23 1.23 1.27 1.34 1.41 1.44 1.47 1.48 1.49 1.53 1.58 1.59 1.56 1.51 1.49 1.51 1.51 1.50 1.47 1.43 1.40 1.35 1.30 1.24 1.21 1.22 1.27 1.30 1.30 1.29 1.32
1.53 1.52 1.48 1.43 1.40 1.39 1.39 1.40 1.40 1.41 1.26 1.44 1.38 1.27 1.18 1.11 1.07 1.07 1.13 1.26 1.37 1.44 1.48 1.48 1.46 1.48 1.51 1.51 1.48 1.44 1.45 1.48 1.50 1.45 1.35 1.30 1.30 1.32 1.33 1.36 1.43 1.50 1.54 1.56 1.59 1.63 1.66 1.65 1.60 1.50 1.42 1.35 1.31 1.29 1.29 1.31 1.37 1.43 1.46 1.48 1.49 1.50 1.51 1.49 1.45 1.42 1.43 1.48 1.54 1.55 1.52 1.45 1.39 1.36 1.33 1.30 1.24 1.15 1.11 1.14 1.26 1.38 1.44 1.44
1.43 1.35 1.27 1.26 1.27 1.31 1.36 1.39 1.40 1.14 1.39 1.36 1.30 1.23 1.18 1.17 1.20 1.30 1.44 1.57 1.64 1.63 1.54 1.43 1.37 1.38 1.41 1.42 1.42 1.42 1.43 1.46 1.50 1.51 1.48 1.47 1.46 1.44 1.42 1.45 1.51 1.53 1.53 1.55 1.60 1.67 1.74 1.78 1.77 1.70 1.61 1.54 1.48 1.41 1.35 1.32 1.35 1.41 1.46 1.49 1.47 1.47 1.45 1.41 1.38 1.40 1.46 1.52 1.54 1.51 1.48 1.44 1.38 1.33 1.31 1.32 1.35 1.34 1.26 1.23 1.30 1.40 1.45 1.42
1.43 1.35 1.25 1.25 1.28 1.33 1.36 1.38 1.38 1.15 1.37 1.34 1.31 1.33 1.38 1.46 1.55 1.64 1.71 1.74 1.73 1.65 1.54 1.44 1.37 1.34 1.34 1.34 1.36 1.37 1.38 1.40 1.46 1.51 1.53 1.52 1.50 1.47 1.45 1.46 1.46 1.46 1.47 1.52 1.60 1.69 1.75 1.79 1.81 1.80 1.72 1.62 1.54 1.48 1.42 1.37 1.34 1.35 1.42 1.46 1.45 1.44 1.42 1.40 1.40 1.45 1.50 1.50 1.45 1.41 1.41 1.39 1.35 1.32 1.30 1.30 1.34 1.42 1.45 1.44 1.41 1.39 1.36 1.34
1.51 1.47 1.44 1.47 1.49 1.46 1.40 1.36 1.34 1.34 1.37 1.38 1.41 1.49 1.58 1.66 1.71 1.72 1.69 1.64 1.56 1.47 1.41 1.38 1.36 1.34 1.33 1.34 1.36 1.37 1.38 1.39 1.43 1.49 1.50 1.44 1.40 1.40 1.42 1.42 1.42 1.42 1.45 1.52 1.59 1.66 1.68 1.68 1.69 1.70 1.66 1.58 1.53 1.50 1.47 1.43 1.39 1.36 1.37 1.42 1.44 1.44 1.43 1.44 1.47 1.51 1.51 1.45 1.38 1.36 1.35 1.32 1.29 1.31 1.36 1.35 1.31 1.32 1.39 1.46 1.48 1.46 1.45 1.50
1.55 1.55 1.57 1.60 1.60 1.55 1.45 1.35 1.30 1.31 1.35 1.42 1.51 1.59 1.63 1.63 1.61 1.59 1.52 1.41 1.29 1.24 1.25 1.30 1.34 1.36 1.39 1.41 1.43 1.45 1.48 1.50 1.52 1.54 1.55 1.49 1.42 1.40 1.41 1.42 1.45 1.51 1.56 1.59 1.60 1.59 1.55 1.51 1.51 1.56 1.58 1.57 1.55 1.53 1.50 1.47 1.44 1.43 1.41 1.43 1.45 1.45 1.46 1.49 1.52 1.52 1.48 1.41 1.37 1.35 1.31 1.29 1.29 1.32 1.37 1.41 1.39 1.34 1.32 1.38 1.50 1.61 1.71 1.78
1.55 1.56 1.57 1.57 1.58 1.58 1.53 1.43 1.33 1.31 1.35 1.43 1.52 1.57 1.55 1.51 1.50 1.47 1.38 1.24 1.16 1.16 1.24 1.32 1.36 1.40 1.44 1.47 1.50 1.53 1.58 1.63 1.66 1.66 1.65 1.62 1.54 1.47 1.43 1.43 1.51 1.61 1.63 1.61 1.58 1.53 1.45 1.38 1.39 1.47 1.55 1.59 1.57 1.54 1.52 1.50 1.49 1.49 1.48 1.46 1.46 1.47 1.49 1.51 1.52 1.48 1.41 1.38 1.37 1.34 1.31 1.30 1.33 1.36 1.36 1.37 1.41 1.45 1.45 1.47 1.58 1.70 1.79 1.81
1.56 1.59 1.61 1.61 1.61 1.61 1.62 1.58 1.48 1.40 1.38 1.40 1.43 1.46 1.47 1.49 1.49 1.43 1.34 1.28 1.30 1.34 1.38 1.41 1.42 1.43 1.46 1.49 1.53 1.56 1.58 1.63 1.67 1.70 1.71 1.71 1.67 1.60 1.51 1.47 1.51 1.57 1.59 1.59 1.57 1.50 1.41 1.35 1.36 1.44 1.54 1.60 1.61 1.58 1.55 1.53 1.52 1.52 1.50 1.47 1.46 1.47 1.50 1.51 1.50 1.46 1.40 1.37 1.35 1.34 1.34 1.34 1.34 1.36 1.37 1.38 1.40 1.47 1.56 1.64 1.68 1.67 1.64 1.62
1.60 1.66 1.74 1.73 1.69 1.64 1.65 1.66 1.61 1.51 1.42 1.35 1.32 1.34 1.42 1.49 1.47 1.41 1.39 1.44 1.50 1.51 1.49 1.48 1.47 1.47 1.49 1.51 1.53 1.56 1.57 1.58 1.60 1.65 1.72 1.78 1.82 1.78 1.69 1.57 1.52 1.52 1.57 1.58 1.53 1.45 1.39 1.38 1.42 1.49 1.57 1.63 1.66 1.64 1.60 1.56 1.53 1.51 1.48 1.45 1.45 1.34 1.49 1.50 1.49 1.47 1.43 1.40 1.38 1.38 1.38 1.37 1.34 1.32 1.36 1.42 1.48 1.54 1.64 1.74 1.73 1.62 1.49 1.42
1.61 1.67 1.76 1.78 1.75 1.68 1.63 1.62 1.59 1.52 1.41 1.30 1.24 1.27 1.35 1.41 1.41 1.42 1.48 1.54 1.56 1.54 1.51 1.50 1.51 1.50 1.50 1.50 1.51 1.54 1.58 1.59 1.59 1.63 1.70 1.79 1.85 1.87 1.84 1.74 1.61 1.54 1.54 1.52 1.44 1.38 1.38 1.41 1.46 1.53 1.61 1.67 1.71 1.69 1.64 1.59 1.55 1.51 1.46 1.43 1.42 1.43 1.46 1.48 1.49 1.50 1.49 1.47 1.46 1.46 1.45 1.44 1.40 1.37 1.37 1.43 1.56 1.70 1.82 1.86 1.80 1.67 1.49 1.36
1.55 1.56 1.58 1.62 1.67 1.65 1.59 1.55 1.54 1.50 1.43 1.37 1.35 1.36 1.37 1.37 1.39 1.43 1.47 1.50 1.51 1.52 1.52 1.52 1.52 1.50 1.47 1.45 1.45 1.50 1.56 1.61 1.63 1.64 1.65 1.68 1.72 1.77 1.80 1.77 1.65 1.53 1.46 1.40 1.35 1.33 1.36 1.40 1.46 1.55 1.63 1.67 1.70 1.70 1.67 1.62 1.57 1.51 1.44 1.41 1.41 1.42 1.46 1.48 1.50 1.52 1.53 1.53 1.54 1.55 1.56 1.57 1.55 1.53 1.52 1.55 1.65 1.80 1.90 1.90 1.85 1.77 1.62 1.45
1.48 1.43 1.34 1.31 1.37 1.43 1.46 1.49 1.54 1.57 1.57 1.59 1.61 1.59 1.50 1.42 1.39 1.38 1.36 1.36 1.42 1.49 1.52 1.53 1.52 1.50 1.45 1.41 1.38 1.42 1.48 1.53 1.55 1.56 1.55 1.54 1.55 1.57 1.60 1.60 1.54 1.44 1.35 1.29 1.27 1.29 1.33 1.39 1.48 1.57 1.61 1.63 1.66 1.69 1.68 1.64 1.58 1.51 1.44 1.41 1.43 1.47 1.49 1.49 1.50 1.51 1.52 1.55 1.58 1.61 1.65 1.71 1.75 1.78 1.81 1.83 1.84 1.87 1.86 1.83 1.83 1.85 1.83 1.72
1.42 1.33 1.16 1.09 1.10 1.15 1.26 1.38 1.50 1.60 1.67 1.69 1.70 1.65 1.56 1.46 1.39 1.35 1.32 1.34 1.40 1.46 1.49 1.52 1.53 1.52 1.50 1.44 1.36 1.33 1.35 1.38 1.40 1.41 1.43 1.43 1.43 1.44 1.45 1.43 1.39 1.32 1.26 1.25 1.29 1.35 1.41 1.49 1.58 1.62 1.61 1.61 1.64 1.67 1.66 1.63 1.59 1.56 1.54 1.54 1.54 1.53 1.51 1.50 1.50 1.50 1.52 1.56 1.61 1.66 1.73 1.81 1.92 2.00 2.06 2.05 1.99 1.91 1.82 1.78 1.83 1.92 1.99 1.99
1.40 1.29 1.13 1.07 1.07 1.11 1.19 1.27 1.39 1.51 1.59 1.63 1.60 1.56 1.51 1.45 1.39 1.36 1.37 1.41 1.45 1.49 1.50 1.52 1.54 1.55 1.55 1.53 1.46 1.36 1.32 1.32 1.34 1.36 1.36 1.36 1.34 1.35 1.35 1.33 1.29 1.25 1.26 1.34 1.42 1.50 1.58 1.64 1.66 1.63 1.61 1.61 1.63 1.65 1.64 1.62 1.63 1.66 1.70 1.72 1.67 1.59 1.53 1.52 1.52 1.52 1.52 1.56 1.64 1.72 1.80 1.88 1.97 2.03 2.05 2.02 1.94 1.84 1.76 1.75 1.81 1.90 2.00 2.07
1.48 1.41 1.32 1.32 1.33 1.34 1.31 1.27 1.30 1.38 1.47 1.52 1.51 1.49 1.46 1.42 1.37 1.36 1.39 1.44 1.49 1.53 1.55 1.55 1.55 1.56 1.58 1.59 1.57 1.50 1.40 1.34 1.33 1.35 1.34 1.30 1.27 1.27 1.26 1.24 1.23 1.27 1.36 1.47 1.55 1.61 1.65 1.66 1.63 1.59 1.57 1.57 1.58 1.60 1.61 1.62 1.65 1.70 1.73 1.71 1.65 1.58 1.53 1.52 1.53 1.54 1.55 1.57 1.63 1.72 1.81 1.86 1.87 1.84 1.80 1.76 1.72 1.68 1.66 1.67 1.69 1.75 1.85 1.94
1.58 1.57 1.59 1.64 1.68 1.65 1.52 1.42 1.38 1.38 1.41 1.44 1.45 1.46 1.44 1.40 1.37 1.37 1.42 1.48 1.54 1.59 1.59 1.57 1.55 1.55 1.57 1.60 1.60 1.58 1.51 1.41 1.34 1.33 1.33 1.30 1.26 1.21 1.19 1.20 1.27 1.39 1.52 1.61 1.65 1.65 1.63 1.59 1.56 1.54 1.52 1.50 1.50 1.52 1.55 1.58 1.62 1.64 1.63 1.58 1.55 1.53 1.50 1.49 1.52 1.55 1.56 1.57 1.59 1.64 1.70 1.70 1.65 1.57 1.51 1.48 1.50 1.54 1.56 1.57 1.58 1.61 1.68 1.75
1.60 1.62 1.67 1.73 1.78 1.80 1.76 1.67 1.57 1.48 1.42 1.41 1.43 1.44 1.42 1.39 1.39 1.42 1.48 1.53 1.58 1.59 1.56 1.53 1.51 1.52 1.54 1.57 1.59 1.58 1.53 1.46 1.39 1.36 1.35 1.31 1.24 1.17 1.17 1.26 1.42 1.58 1.67 1.69 1.66 1.63 1.60 1.56 1.53 1.52 1.49 1.45 1.43 1.47 1.51 1.53 1.53 1.51 1.48 1.46 1.45 1.46 1.47 1.49 1.52 1.54 1.54 1.55 1.57 1.59 1.58 1.54 1.48 1.43 1.40 1.42 1.48 1.53 1.55 1.54 1.55 1.58 1.62 1.64
1.57 1.59 1.63 1.64 1.66 1.69 1.75 1.75 1.66 1.54 1.45 1.43 1.44 1.44 1.43 1.44 1.47 1.51 1.55 1.57 1.56 1.52 1.48 1.46 1.46 1.47 1.48 1.49 1.52 1.53 1.51 1.47 1.44 1.41 1.37 1.33 1.27 1.23 1.28 1.43 1.60 1.68 1.68 1.63 1.59 1.56 1.56 1.55 1.54 1.52 1.48 1.44 1.44 1.48 1.50 1.49 1.44 1.36 1.30 1.28 1.31 1.36 1.43 1.49 1.53 1.54 1.53 1.54 1.56 1.59 1.57 1.52 1.47 1.44 1.43 1.48 1.56 1.62 1.63 1.61 1.60 1.59 1.62 1.65
1.55 1.57 1.62 1.62 1.58 1.53 1.55 1.61 1.61 1.56 1.49 1.47 1.46 1.46 1.47 1.51 1.56 1.59 1.60 1.57 1.51 1.45 1.41 1.42 1.45 1.45 1.45 1.44 1.47 1.50 1.50 1.49 1.47 1.44 1.40 1.38 1.40 1.42 1.49 1.58 1.63 1.62 1.58 1.54 1.51 1.51 1.54 1.54 1.52 1.50 1.47 1.46 1.46 1.48 1.49 1.49 1.45 1.38 1.29 1.24 1.24 1.29 1.38 1.47 1.52 1.53 1.53 1.53 1.53 1.53 1.53 1.53 1.49 1.45 1.44 1.51 1.63 1.71 1.73 1.70 1.65 1.61 1.62 1.67
1.55 1.57 1.59 1.59 1.56 1.46 1.40 1.42 1.48 1.51 1.51 1.49 1.48 1.48 1.49 1.53 1.57 1.57 1.52 1.44 1.37 1.32 1.32 1.39 1.47 1.51 1.52 1.52 1.54 1.55 1.53 1.50 1.47 1.44 1.42 1.44 1.50 1.55 1.56 1.55 1.52 1.51 1.51 1.50 1.49 1.50 1.53 1.54 1.52 1.49 1.48 1.45 1.43 1.44 1.48 1.50 1.52 1.52 1.47 1.41 1.36 1.33 1.35 1.41 1.48 1.50 1.50 1.50 1.48 1.46 1.48 1.52 1.50 1.48 1.51 1.62 1.73 1.78 1.76 1.71 1.63 1.59 1.60 1.65
1.55 1.53 1.47 1.37 1.31 1.27 1.25 1.28 1.35 1.41 1.43 1.45 1.46 1.48 1.49 1.50 1.48 1.42 1.33 1.26 1.23 1.24 1.31 1.42 1.51 1.57 1.61 1.62 1.62 1.60 1.58 1.53 1.47 1.45 1.45 1.47 1.50 1.52 1.50 1.46 1.44 1.45 1.47 1.50 1.52 1.53 1.52 1.52 1.52 1.51 1.47 1.41 1.39 1.42 1.48 1.54 1.59 1.63 1.64 1.61 1.54 1.42 1.34 1.35 1.42 1.47 1.48 1.48 1.49 1.53 1.56 1.56 1.57 1.61 1.69 1.77 1.81 1.78 1.74 1.69 1.62 1.59 1.60 1.62
1.52 1.48 1.36 1.19 1.07 1.08 1.14 1.21 1.30 1.37 1.40 1.41 1.44 1.46 1.47 1.45 1.40 1.35 1.34 1.35 1.37 1.40 1.45 1.49 1.52 1.56 1.60 1.61 1.58 1.56 1.56 1.53 1.48 1.45 1.45 1.47 1.48 1.49 1.49 1.49 1.46 1.44 1.46 1.52 1.56 1.55 1.52 1.50 1.50 1.47 1.40 1.36 1.37 1.43 1.51 1.58 1.63 1.67 1.70 1.69 1.64 1.53 1.42 1.38 1.40 1.44 1.48 1.52 1.58 1.63 1.63 1.60 1.63 1.70 1.79 1.80 1.76 1.68 1.67 1.68 1.66 1.63 1.63 1.62
1.49 1.46 1.42 1.34 1.24 1.19 1.20 1.22 1.25 1.33 1.40 1.43 1.44 1.45 1.45 1.44 1.43 1.46 1.52 1.54 1.51 1.48 1.48 1.48 1.48 1.48 1.50 1.48 1.43 1.41 1.45 1.48 1.48 1.46 1.45 1.47 1.50 1.55 1.58 1.59 1.54 1.46 1.45 1.49 1.52 1.52 1.50 1.49 1.46 1.39 1.34 1.35 1.40 1.47 1.53 1.58 1.63 1.66 1.68 1.69 1.68 1.64 1.57 1.51 1.46 1.46 1.49 1.55 1.60 1.60 1.57 1.59 1.68 1.75 1.77 1.71 1.62 1.55 1.55 1.59 1.62 1.60 1.56 1.56
1.50 1.50 1.51 1.48 1.42 1.37 1.31 1.26 1.24 1.28 1.36 1.43 1.45 1.45 1.45 1.47 1.52 1.56 1.57 1.52 1.45 1.40 1.39 1.43 1.45 1.41 1.35 1.31 1.26 1.26 1.32 1.42 1.47 1.47 1.47 1.51 1.56 1.62 1.64 1.63 1.58 1.49 1.42 1.39 1.42 1.45 1.46 1.45 1.40 1.33 1.31 1.36 1.43 1.49 1.53 1.56 1.60 1.63 1.65 1.66 1.66 1.66 1.63 1.56 1.50 1.48 1.49 1.52 1.52 1.51 1.54 1.63 1.74 1.75 1.68 1.58 1.51 1.47 1.46 1.49 1.52 1.50 1.43 1.40
1.52 1.53 1.54 1.52 1.45 1.41 1.42 1.43 1.43 1.39 1.37 1.38 1.41 1.43 1.47 1.53 1.58 1.59 1.54 1.50 1.49 1.49 1.48 1.48 1.46 1.39 1.29 1.24 1.21 1.22 1.29 1.39 1.47 1.50 1.53 1.58 1.62 1.63 1.62 1.60 1.56 1.50 1.41 1.33 1.32 1.38 1.43 1.43 1.38 1.34 1.34 1.38 1.43 1.47 1.51 1.53 1.55 1.57 1.59 1.61 1.61 1.61 1.60 1.55 1.48 1.45 1.45 1.46 1.47 1.49 1.58 1.68 1.69 1.61 1.53 1.50 1.48 1.46 1.46 1.46 1.47 1.45 1.39 1.34
1.51 1.51 1.52 1.55 1.55 1.55 1.58 1.60 1.55 1.44 1.33 1.30 1.35 1.42 1.49 1.55 1.58 1.59 1.61 1.68 1.76 1.77 1.72 1.65 1.55 1.45 1.37 1.34 1.34 1.35 1.37 1.41 1.46 1.51 1.55 1.57 1.57 1.56 1.55 1.55 1.55 1.52 1.45 1.37 1.33 1.36 1.41 1.42 1.40 1.39 1.39 1.41 1.43 1.44 1.45 1.46 1.48 1.50 1.51 1.55 1.58 1.59 1.58 1.52 1.41 1.34 1.35 1.39 1.44 1.50 1.57 1.59 1.52 1.44 1.41 1.44 1.47 1.48 1.48 1.47 1.47 1.44 1.37 1.32
