project/data/elevation/US_DEM2016/US_DEM2016_point_10-28-2019_1149_30m_vel.asc
ncols	125
nrows	167
xllcorner	-2042055.000000
yllcorner	1465035.000000
cellsize	30.000000
NODATA_value	-9999.000000
[rows 70 to 104 of 167, columns 0 to 78 of 125]
11.54 10.85 9.89 9.65 9.51 9.32 9.04 8.55 7.80 7.08 6.87 7.61 9.28 11.22 12.82 13.68 13.83 13.48 12.96 12.68 12.67 12.92 13.39 14.19 14.60 14.18 13.14 11.83 10.60 9.85 9.63 9.84 10.38 10.81 11.04 11.08 11.05 11.21 11.63 11.93 11.80 11.39 11.01 10.86 10.74 10.12 9.15 7.89 7.17 7.23 7.86 8.90 9.82 10.16 9.96 9.24 7.97 6.85 6.39 6.26 6.01 5.80 5.97 6.40 6.76 6.97 7.16 6.93 6.31 5.68 5.37 5.16 4.83 4.36 4.03 4.08 4.34 4.72 5.26
11.45 10.81 9.96 9.71 9.62 9.52 9.38 9.18 8.70 7.89 7.10 7.00 7.89 9.37 11.05 12.45 13.34 13.91 13.93 13.95 14.08 14.24 14.98 15.12 14.84 13.98 12.83 11.59 10.35 9.53 9.10 9.09 9.32 9.76 10.30 10.76 10.99 11.14 11.40 11.68 11.39 10.89 10.54 10.50 10.33 9.34 8.39 8.00 8.53 9.55 10.48 11.04 11.10 10.62 9.86 9.03 8.32 7.77 7.39 6.99 6.61 6.36 6.35 6.68 7.70 8.76 9.43 9.42 9.02 8.64 8.24 7.60 6.52 5.61 5.14 5.20 5.69 6.42 7.23
11.41 10.76 10.01 9.79 9.78 9.79 9.85 10.08 10.33 10.27 9.72 9.12 9.08 9.57 10.41 11.71 12.93 14.08 14.68 15.10 15.62 15.79 16.03 15.63 14.95 13.88 13.03 12.33 11.45 11.04 10.89 10.70 10.23 10.01 10.21 10.56 10.79 10.97 11.09 10.88 10.41 9.98 9.83 9.91 9.96 9.82 10.16 11.11 12.08 12.67 12.79 12.42 11.71 10.87 10.43 10.39 10.40 10.36 10.16 9.87 9.67 9.75 10.07 10.77 11.62 12.02 11.70 11.16 10.70 10.02 9.22 8.13 6.92 6.33 6.33 6.78 7.40 8.32 9.68
11.30 10.69 10.03 9.88 10.01 10.13 10.34 10.83 11.60 12.28 12.53 12.45 12.17 11.75 11.65 12.28 13.37 14.80 15.77 16.36 16.91 16.93 16.29 15.47 14.43 13.68 13.39 13.22 12.87 12.56 12.38 12.24 11.80 11.45 11.21 11.06 11.02 10.97 10.67 10.14 9.85 10.02 10.15 10.39 10.79 11.36 12.15 12.94 13.27 13.06 12.68 12.17 11.65 11.17 11.03 11.23 11.39 11.63 11.90 12.17 12.42 12.84 13.28 13.55 13.27 12.47 11.30 10.62 10.01 9.10 8.06 7.20 6.72 6.80 7.40 8.34 9.38 10.84 13.11
11.26 10.78 10.19 10.13 10.30 10.39 10.51 11.10 12.30 13.63 14.57 15.00 14.94 14.49 13.96 13.94 14.67 15.93 16.75 16.73 17.24 16.56 15.46 14.53 13.45 13.08 13.22 13.42 13.30 12.97 12.61 12.36 11.99 11.70 11.34 11.08 11.00 10.77 10.45 10.34 10.57 10.77 10.82 11.02 11.32 11.45 11.49 11.41 10.94 10.49 10.27 10.42 10.78 10.99 10.88 10.85 11.02 11.35 11.81 12.33 12.90 13.47 13.53 12.93 11.53 9.85 8.81 8.78 8.68 7.99 7.29 7.07 7.25 7.80 8.84 10.09 11.53 13.50 16.10
11.31 10.91 10.47 10.50 10.66 10.75 10.97 11.86 13.43 14.58 15.10 15.21 15.25 15.30 15.33 15.66 16.33 17.02 17.00 16.59 16.17 15.60 14.64 13.50 12.64 12.29 12.28 12.61 12.84 12.74 12.37 11.87 11.02 10.40 10.16 10.31 10.52 10.52 10.39 10.29 10.22 10.31 10.52 10.77 10.83 10.38 9.83 9.13 8.81 8.64 8.66 9.04 9.62 10.04 10.21 10.39 10.65 10.82 11.03 11.40 11.99 12.36 11.81 10.21 8.35 7.21 7.01 7.55 8.13 8.19 7.98 8.07 8.61 9.61 11.02 12.53 14.20 16.17 17.70
11.41 11.11 10.84 10.91 11.19 11.63 12.49 13.53 14.05 13.83 13.28 12.96 13.36 14.38 15.32 16.23 16.92 16.82 16.10 15.20 14.53 13.93 13.35 12.78 12.31 12.00 11.70 11.79 12.19 12.42 12.31 11.89 10.99 10.30 10.22 10.44 10.53 10.29 9.83 9.40 9.24 9.58 10.20 10.40 10.31 10.03 9.82 9.46 9.19 9.18 9.23 9.23 9.18 9.34 9.77 10.22 10.57 10.62 10.69 10.95 11.16 10.74 9.38 7.92 7.08 6.92 7.38 7.93 8.66 9.41 9.97 10.61 11.81 13.32 14.77 16.32 17.84 18.74 18.39
11.49 11.17 10.96 11.09 11.51 12.39 13.11 13.22 12.49 11.27 10.51 10.81 11.96 13.57 14.96 15.95 15.98 15.94 14.94 13.91 13.20 12.78 12.48 12.29 12.09 11.87 11.51 11.47 11.73 12.18 12.54 12.57 12.16 11.88 11.74 11.51 11.01 10.25 9.63 9.41 9.65 10.04 10.23 9.97 9.73 9.56 9.50 9.29 9.02 8.89 8.81 8.73 8.66 9.04 9.70 10.33 10.77 10.98 11.13 11.17 10.70 9.48 8.26 7.90 8.21 8.83 9.30 9.80 10.75 12.20 13.21 14.39 16.05 17.59 18.69 19.56 19.94 19.36 17.62
11.39 10.79 10.41 10.64 11.00 11.59 11.68 11.10 10.34 9.98 10.21 11.08 12.50 14.11 15.28 15.89 15.76 14.99 14.00 13.11 12.44 12.00 11.75 11.64 11.52 11.30 11.02 11.07 11.26 11.66 12.29 12.80 12.94 12.81 12.52 11.99 11.20 10.34 9.91 9.82 9.78 9.55 9.20 8.84 8.58 8.29 7.84 7.40 7.26 7.25 7.38 7.70 8.38 9.27 10.07 10.69 11.22 11.44 11.34 10.83 9.89 8.77 8.42 9.03 10.16 10.99 11.73 12.88 14.46 15.40 16.16 17.22 18.75 19.16 19.00 19.51 18.66 17.26 15.99
11.10 10.25 9.70 9.96 10.14 10.31 10.37 10.38 10.69 11.27 12.00 13.01 14.35 15.52 16.10 15.97 15.26 14.25 13.33 12.55 11.87 11.35 11.02 10.89 10.72 10.42 10.15 10.16 10.13 10.36 10.78 11.64 12.20 12.28 12.02 11.56 10.89 10.17 9.66 9.18 8.65 8.13 7.83 7.89 7.79 7.48 7.00 6.75 7.02 7.56 8.23 9.08 10.05 10.71 10.94 10.98 10.92 10.52 9.75 8.84 8.15 8.09 8.73 10.08 11.61 13.01 14.61 16.04 16.62 16.84 16.96 17.38 17.42 18.02 17.46 16.65 15.07 14.23 13.68
10.73 10.02 9.67 10.09 10.33 10.48 10.77 11.32 12.16 12.89 13.75 14.87 16.05 16.50 16.25 15.34 14.15 13.09 12.26 11.61 11.05 10.64 10.35 10.12 9.92 9.66 9.25 8.79 8.25 8.27 8.47 9.20 10.19 10.88 11.05 10.88 10.50 10.18 9.74 9.20 8.77 8.57 8.62 8.86 8.77 8.55 8.33 8.47 8.94 9.74 10.60 11.26 11.64 11.68 11.24 10.81 10.20 9.40 8.61 8.06 7.99 8.56 9.69 11.36 13.10 14.93 16.34 16.64 16.18 15.71 15.55 15.55 15.35 14.56 13.93 13.60 13.20 12.71 12.28
10.48 10.16 10.22 10.85 11.26 11.47 11.76 12.33 13.13 13.98 14.97 15.93 16.44 16.17 15.16 13.85 12.63 11.50 10.72 10.15 9.79 9.71 9.71 9.54 9.41 9.18 8.60 7.51 6.65 6.35 6.29 6.68 7.71 9.00 9.82 10.34 10.50 10.78 10.81 10.78 10.86 11.04 11.25 11.19 10.93 10.69 10.58 10.86 11.34 11.55 11.56 11.46 11.34 11.13 10.97 10.83 10.67 10.71 10.69 10.56 10.61 11.01 11.85 13.21 14.63 15.75 15.76 14.62 13.79 13.76 13.90 13.83 13.43 12.61 12.29 12.26 12.36 12.38 12.02
10.73 10.68 10.75 11.00 11.35 11.76 12.29 12.96 13.80 14.69 15.52 15.93 15.67 14.69 13.40 12.32 11.38 10.43 9.58 9.06 8.87 8.78 8.66 8.78 8.94 8.89 8.48 7.53 6.20 5.61 5.50 5.97 6.73 7.56 8.69 9.78 10.45 11.04 11.46 11.95 12.47 12.84 12.92 12.61 12.25 12.07 12.04 12.15 12.23 11.82 11.25 11.08 11.28 11.42 11.30 11.28 11.50 12.01 12.32 12.52 12.74 13.11 13.75 14.54 15.32 15.25 14.03 12.82 12.56 12.95 13.19 12.98 12.33 11.85 11.69 11.73 11.90 12.15 11.93
11.18 11.23 11.08 10.85 11.06 11.72 12.52 13.39 14.25 14.93 15.30 15.15 14.38 13.24 12.15 11.32 10.58 9.83 9.09 8.56 8.23 7.91 7.64 7.79 8.30 8.67 8.80 8.62 7.81 7.24 7.27 7.69 7.80 7.94 8.44 9.34 10.01 10.62 11.33 12.16 12.72 12.81 12.61 12.23 12.05 12.13 12.26 12.27 12.21 11.99 12.00 12.23 12.35 12.18 11.69 11.56 11.64 11.85 12.29 12.80 13.37 13.86 14.37 14.71 14.76 14.06 12.98 12.71 12.92 13.02 12.84 12.25 11.35 10.60 10.23 10.42 10.77 11.06 11.22
11.27 11.33 11.27 11.17 11.44 12.09 12.88 13.72 14.36 14.65 14.56 14.03 13.12 12.12 11.26 10.53 9.84 9.19 8.57 8.03 7.51 7.07 6.95 7.30 8.11 8.97 9.70 10.40 10.92 11.07 10.97 10.56 10.01 9.59 9.40 9.57 10.16 11.02 11.90 12.38 12.17 11.68 11.43 11.54 11.68 11.97 12.32 12.67 13.09 13.45 13.43 13.22 12.76 12.26 11.77 11.65 11.72 12.01 12.62 13.13 13.62 13.95 14.10 14.02 13.66 13.04 12.61 12.87 12.98 12.73 12.18 11.11 10.10 8.94 8.12 8.11 8.54 8.97 9.43
11.18 11.23 11.39 11.69 12.18 12.78 13.33 13.78 14.07 14.04 13.69 13.00 12.12 11.26 10.49 9.74 8.96 8.18 7.54 7.10 6.88 6.98 7.43 8.22 9.23 10.12 11.00 11.92 12.86 13.42 13.39 12.75 11.87 11.18 10.80 10.65 11.36 12.38 12.53 11.99 11.14 10.80 11.12 11.59 11.81 12.21 12.95 13.63 14.22 14.55 14.32 13.59 12.88 12.38 11.89 11.80 12.06 12.52 12.92 13.06 13.14 13.14 13.11 13.08 12.75 12.37 12.09 12.21 12.08 11.80 11.45 10.47 9.89 8.69 7.45 7.02 6.79 6.68 6.90
11.26 11.37 11.67 12.17 12.76 13.12 13.20 13.23 13.39 13.37 13.00 12.32 11.45 10.58 9.74 8.85 7.85 6.94 6.49 6.51 6.90 7.69 8.66 9.63 10.56 11.32 11.90 12.39 12.91 13.37 13.52 13.40 12.90 12.22 11.78 11.69 12.11 12.36 11.68 10.76 10.31 10.46 10.75 11.02 11.29 12.01 12.90 13.55 13.89 14.14 14.18 13.88 13.43 12.90 12.25 12.02 12.09 12.10 12.02 11.99 11.82 11.74 11.95 12.27 12.25 11.94 11.48 11.21 11.04 10.99 10.99 11.08 11.04 10.61 9.33 7.98 6.90 6.11 5.67
11.40 11.53 11.80 12.16 12.40 12.35 12.26 12.42 12.79 13.00 12.61 11.84 10.89 9.89 8.75 7.65 6.90 6.68 6.97 7.36 7.83 8.47 9.31 10.24 11.13 11.73 11.95 11.95 11.90 11.93 12.33 12.90 13.21 13.09 12.73 12.27 11.72 10.93 10.20 9.94 9.87 9.80 9.61 9.69 10.36 11.29 11.99 12.02 11.89 12.06 12.28 12.57 12.76 12.75 12.49 12.14 11.77 11.36 11.14 11.09 11.09 11.30 11.73 12.06 12.07 11.74 11.29 10.94 10.70 10.80 11.12 11.61 12.11 12.49 12.41 11.27 9.89 8.62 7.78
11.39 11.45 11.54 11.59 11.46 11.39 11.74 12.49 13.02 12.95 12.24 11.21 10.14 8.94 7.76 7.24 7.50 8.35 8.87 9.10 9.18 9.39 9.91 10.59 11.12 11.36 11.26 11.12 11.14 11.16 11.46 12.08 12.81 13.20 13.18 12.57 11.29 10.18 9.64 9.67 9.53 9.31 9.25 9.53 10.10 10.62 10.73 10.03 9.23 8.86 9.04 9.38 9.93 10.62 11.06 11.32 11.33 11.22 11.21 11.36 11.60 11.85 11.95 11.91 11.81 11.58 11.25 11.00 10.85 11.05 11.53 11.90 12.34 13.02 13.74 13.92 13.48 12.76 12.01
11.35 11.34 11.34 11.35 11.34 11.72 12.51 13.17 13.23 12.56 11.35 10.02 8.80 7.71 7.23 7.55 8.49 9.34 9.82 10.09 10.22 10.39 10.67 10.81 10.62 10.25 10.04 10.26 10.78 11.22 11.41 11.56 11.81 12.25 12.55 12.42 11.40 10.48 9.89 9.82 9.80 9.95 10.07 10.16 10.23 10.24 9.91 8.81 7.55 7.05 6.98 7.10 7.52 8.43 9.53 10.46 11.03 11.35 11.60 11.90 12.11 11.95 11.59 11.34 11.34 11.26 11.00 10.91 10.96 11.19 11.48 11.66 11.80 12.18 12.86 13.69 14.21 14.41 14.35
11.39 11.36 11.42 11.63 11.99 12.63 13.21 13.25 12.57 11.27 9.72 8.10 6.78 6.13 6.16 6.71 7.35 8.03 8.92 9.69 10.35 10.77 10.80 10.29 9.49 8.98 9.06 9.60 10.08 10.36 10.53 10.54 10.61 11.01 11.65 12.04 11.60 10.96 10.48 10.50 10.64 10.81 10.84 10.86 10.79 10.65 10.32 9.58 8.67 8.07 7.94 8.28 9.11 10.08 10.85 11.19 11.34 11.46 11.62 11.75 11.65 11.21 10.84 10.77 10.89 10.81 10.48 10.51 10.71 10.83 10.89 10.99 10.78 10.43 10.54 11.16 12.13 12.92 13.55
11.45 11.44 11.54 11.91 12.47 13.03 13.08 12.42 11.07 9.33 7.70 6.36 5.53 5.17 5.11 5.27 5.67 6.33 7.20 8.24 9.19 9.83 9.81 9.35 8.93 8.83 9.00 9.17 8.99 8.71 8.70 8.86 9.22 9.88 10.76 11.46 11.47 11.03 10.74 10.96 11.12 11.24 11.41 11.84 11.98 11.94 11.78 11.55 11.43 11.28 11.05 11.52 12.29 12.75 12.69 12.08 11.58 11.34 11.17 10.91 10.59 10.27 10.09 10.22 10.39 10.24 9.91 9.99 10.13 10.14 10.13 10.12 9.72 9.05 8.71 8.94 9.57 10.20 10.88
11.50 11.52 11.68 12.14 12.71 12.86 12.23 10.90 9.21 7.64 6.46 5.79 5.55 5.54 5.57 5.57 5.72 6.07 6.56 7.25 7.97 8.44 8.66 8.95 9.31 9.56 9.69 9.54 9.20 8.96 8.87 8.96 9.30 9.71 10.12 10.63 10.92 10.83 10.83 11.17 11.40 11.69 12.18 12.93 13.18 13.15 13.02 12.96 13.15 13.50 13.73 13.75 13.53 12.90 12.08 11.58 11.33 11.04 10.57 9.98 9.43 9.19 9.25 9.56 9.94 10.05 9.96 9.92 9.81 9.69 9.63 9.60 9.25 8.57 7.99 7.75 8.04 8.30 8.46
11.57 11.64 11.85 12.25 12.43 11.91 10.65 9.04 7.61 6.64 6.11 5.96 6.14 6.56 6.99 7.31 7.44 7.50 7.80 8.34 8.86 9.17 9.39 9.68 9.92 10.27 10.87 11.37 11.63 11.66 11.53 11.45 11.44 11.23 10.50 10.18 10.49 10.87 11.32 11.79 12.12 12.58 13.18 13.73 13.69 13.46 13.28 13.29 13.56 14.01 14.24 14.05 13.34 12.19 11.35 11.27 11.23 10.86 10.17 9.39 8.79 8.62 8.96 9.59 10.26 10.63 10.64 10.40 9.95 9.68 9.52 9.50 9.22 8.44 7.42 6.57 6.40 6.39 6.29
11.62 11.67 11.77 11.74 11.16 9.92 8.37 7.11 6.32 5.97 6.06 6.44 6.98 7.64 8.46 9.34 10.01 10.43 10.91 11.45 11.83 11.88 11.58 11.03 10.59 10.83 11.82 12.63 12.98 12.94 12.75 12.51 12.18 11.61 10.61 10.19 10.55 11.28 12.08 12.65 13.02 13.37 13.63 13.68 13.28 12.96 12.94 13.17 13.54 13.85 13.71 13.48 13.34 13.16 12.71 12.11 11.49 10.93 10.41 9.97 9.69 9.64 9.96 10.50 10.96 11.09 10.86 10.50 10.08 10.02 10.04 9.88 9.29 8.08 6.57 5.36 4.94 4.73 4.63
11.61 11.61 11.41 10.77 9.53 8.05 6.83 6.09 5.83 6.03 6.65 7.50 8.39 9.31 10.32 11.45 12.38 13.24 13.93 14.18 13.94 13.30 12.36 11.49 11.04 11.33 11.99 12.05 11.54 11.12 10.75 10.52 10.38 10.17 10.05 10.37 11.01 11.81 12.63 13.09 13.25 13.24 12.98 12.57 12.32 12.19 12.37 12.73 13.13 13.41 13.26 13.10 13.17 13.32 13.18 12.45 11.64 11.05 10.71 10.58 10.63 10.85 11.08 11.35 11.44 11.20 10.67 10.38 10.40 10.87 11.05 10.59 9.60 8.05 6.31 5.23 4.81 4.46 4.27
11.65 11.56 11.08 10.20 9.19 8.28 7.57 7.12 7.05 7.43 8.13 9.03 10.07 11.17 12.28 13.26 14.11 14.71 14.82 14.33 13.32 12.13 11.29 11.08 11.38 11.91 12.08 11.36 10.25 9.62 9.38 9.45 9.76 9.83 10.06 10.71 11.47 12.13 12.65 12.88 12.80 12.44 11.87 11.36 11.21 11.30 11.49 11.77 11.94 11.80 11.77 11.85 11.96 11.97 11.78 11.56 11.21 10.79 10.46 10.31 10.49 11.03 11.52 11.85 11.82 11.48 11.05 10.90 11.09 11.52 11.55 10.92 10.03 9.02 7.65 6.70 6.03 5.36 5.20
11.56 11.37 10.79 10.27 9.90 9.51 9.21 9.16 9.42 9.70 10.05 10.71 11.70 12.86 13.94 14.59 14.80 14.47 13.54 12.16 10.80 9.92 9.89 10.52 11.40 12.36 12.67 12.35 11.86 11.63 11.58 11.61 11.47 11.08 10.87 11.15 11.58 12.01 12.26 12.28 11.88 11.26 10.73 10.47 10.40 10.51 10.77 10.85 10.31 9.45 9.07 9.27 9.67 9.84 9.95 10.22 10.42 10.36 10.22 10.25 10.56 11.16 11.60 11.75 11.58 11.30 11.13 11.15 11.17 11.23 11.11 10.60 10.43 10.36 9.84 8.88 7.96 7.02 7.22
11.30 10.99 10.57 10.46 10.47 10.53 10.70 11.09 11.63 12.01 12.27 12.67 13.47 14.38 14.86 14.77 14.08 12.88 11.41 10.07 9.22 9.00 9.47 10.34 11.38 12.71 13.37 13.71 13.84 13.85 13.71 13.36 12.81 12.16 11.63 11.49 11.55 11.74 11.80 11.45 10.71 10.05 9.88 10.05 10.23 10.56 10.89 10.75 9.68 8.43 7.79 7.67 7.53 7.82 8.58 9.45 10.09 10.34 10.36 10.50 10.89 11.34 11.39 11.19 10.87 10.66 10.55 10.48 10.37 10.41 10.32 10.28 10.94 11.70 12.01 11.65 10.81 10.05 10.52
11.13 10.90 10.64 10.77 11.22 11.84 12.50 13.08 13.52 13.82 14.03 14.30 14.68 14.85 14.50 13.56 12.29 10.92 9.74 9.07 9.22 9.82 10.57 11.24 12.14 13.09 13.35 13.25 13.27 13.26 13.09 12.83 12.58 12.34 11.83 11.54 11.48 11.36 10.97 10.34 9.87 9.98 10.30 10.61 10.90 11.33 11.58 11.45 10.73 9.97 9.40 8.85 8.11 8.31 9.14 9.92 10.43 10.76 10.96 11.11 11.27 11.42 11.29 11.04 10.81 10.57 10.26 10.09 10.12 10.33 10.42 10.67 11.51 12.39 13.09 13.46 13.58 13.60 13.90
11.16 11.03 10.86 11.09 11.78 12.63 13.34 13.81 14.04 14.17 14.32 14.49 14.49 14.01 12.99 11.69 10.37 9.24 8.49 8.52 9.51 10.63 11.44 12.03 12.69 13.01 12.50 11.64 11.18 11.03 11.06 11.34 11.71 11.91 11.65 11.36 11.10 10.62 10.02 9.76 10.23 11.09 11.48 11.58 11.68 11.94 12.06 11.96 11.69 11.74 11.74 11.44 10.95 10.66 10.69 10.64 10.74 11.12 11.58 11.81 11.85 11.89 11.73 11.57 11.34 11.06 10.84 10.92 11.26 11.33 11.21 11.25 11.62 12.03 12.65 13.58 14.48 15.08 15.29
11.09 11.00 10.85 11.07 11.54 12.11 12.45 12.62 12.68 12.81 13.07 13.26 13.06 12.35 11.25 9.97 8.75 8.04 8.01 8.66 9.75 10.65 11.31 11.77 12.11 11.94 11.03 10.05 9.33 8.98 9.17 9.71 10.31 10.75 11.03 11.03 10.74 10.37 10.33 10.86 11.68 12.10 12.12 12.04 12.03 12.10 12.04 11.73 11.61 11.83 12.11 12.30 12.31 11.97 11.20 10.64 10.72 11.21 11.72 12.10 12.34 12.56 12.50 12.31 12.04 11.78 11.71 11.87 12.03 11.77 11.47 11.39 11.39 11.49 11.92 12.69 13.53 14.11 14.27
10.98 10.94 10.92 11.03 11.11 11.11 11.00 10.82 10.82 11.11 11.52 11.63 11.20 10.32 9.18 8.18 7.88 8.32 9.37 10.39 10.91 11.23 11.45 11.57 11.45 10.75 9.51 8.42 7.67 7.37 7.51 7.84 8.23 8.83 9.51 10.08 10.54 10.97 11.53 12.05 12.28 12.19 11.96 11.88 11.89 11.88 11.68 11.21 10.79 10.56 10.63 11.05 11.48 11.43 10.84 10.50 10.70 11.20 11.70 12.24 12.75 13.12 13.10 12.89 12.56 12.23 11.97 11.75 11.46 10.98 10.90 11.01 11.14 11.29 11.52 11.71 11.88 11.93 12.12
11.25 11.43 11.64 11.49 11.14 10.68 10.24 9.94 9.97 10.35 10.55 10.14 9.17 7.97 6.97 6.92 8.06 9.83 11.23 11.96 12.29 12.36 12.26 12.07 11.77 11.15 9.83 8.33 7.37 7.07 7.02 7.09 7.35 7.79 8.42 9.36 10.42 11.19 11.53 11.51 11.33 11.26 11.25 11.32 11.45 11.47 11.23 10.56 9.70 9.07 8.89 9.06 9.45 9.92 10.10 10.29 10.58 11.02 11.57 12.19 12.81 13.23 13.18 12.94 12.61 12.26 11.84 11.37 10.91 10.47 10.42 10.59 10.83 10.92 10.93 11.09 10.92 10.59 10.45
11.79 12.07 12.23 11.90 11.36 10.77 10.29 10.05 10.00 9.84 9.16 7.97 6.63 5.56 5.25 5.94 7.66 9.71 11.11 12.05 12.58 12.77 12.70 12.65 12.67 12.37 11.56 10.40 9.58 9.43 9.46 9.30 9.37 9.49 9.76 10.28 10.80 10.99 10.85 10.55 10.29 10.28 10.61 10.92 11.19 11.23 10.92 10.18 9.30 8.71 8.37 7.88 7.55 7.77 8.43 9.35 10.18 10.80 11.37 12.01 12.58 12.80 12.69 12.41 12.25 12.18 12.00 11.63 11.24 10.76 10.44 10.43 10.52 10.61 10.83 11.03 10.77 10.29 9.76
