project/data/elevation/US_DEM2016/US_DEM2016_point_10-31-2019_2307_30m_ang.asc
ncols	125
nrows	167
xllcorner	-2042055.000000
yllcorner	1465035.000000
cellsize	30.000000
NODATA_value	-9999.000000
[rows 84 to 125 of 167, columns 0 to 94 of 125]
325 335 347 340 325 318 316 314 311 308 305 302 300 300 299 297 294 294 297 295 289 285 285 285 284 283 282 287 296 304 306 307 311 317 328 342 342 329 321 317 313 308 303 298 293 289 289 293 302 310 316 321 326 335 350 355 344 332 326 322 319 315 310 305 303 308 316 314 307 300 292 286 285 292 302 303 298 297 298 298 302 310 314 307 299 304 319 337 349 348 342 338 333 322 311
321 332 345 338 325 318 315 312 308 305 302 300 299 298 298 295 291 288 287 287 287 288 291 292 291 290 290 293 300 308 310 311 314 320 331 345 343 329 322 318 312 307 304 301 295 291 292 296 304 312 318 322 327 335 348 354 345 334 327 321 316 311 306 301 300 307 317 314 307 299 290 284 282 287 295 296 293 291 291 291 292 299 308 307 299 301 314 332 346 348 343 339 336 326 315
320 331 341 334 323 317 313 309 305 302 301 299 298 297 297 293 286 279 284 287 291 295 298 298 297 295 294 295 299 306 309 310 313 319 330 344 343 330 321 316 311 307 304 300 295 292 292 296 303 311 317 324 330 336 348 354 5 334 333 319 313 308 302 298 297 304 316 316 307 300 292 286 285 288 294 295 291 288 287 290 288 290 297 300 298 299 307 320 334 341 339 340 343 335 325
319 329 338 331 320 313 309 306 304 301 300 299 297 296 295 288 280 282 289 295 299 300 300 299 298 297 294 293 296 301 306 309 312 318 328 342 341 334 322 315 309 305 301 298 294 291 290 293 299 306 313 320 328 335 346 354 349 337 327 319 313 308 302 298 296 301 315 319 310 302 296 290 289 292 298 301 299 296 294 294 293 292 293 297 299 300 304 310 320 329 334 341 346 337 327
319 327 334 327 319 311 307 305 304 303 301 299 296 294 292 317 287 294 298 301 302 303 302 300 298 295 292 291 293 299 305 309 311 315 326 343 350 343 328 316 309 304 302 299 294 289 287 288 293 298 302 308 315 324 338 351 351 340 329 322 316 310 303 298 295 299 314 324 315 305 298 293 291 294 301 306 307 307 307 306 305 304 303 304 306 308 310 314 321 327 332 341 344 336 327
319 326 331 327 319 313 308 306 304 303 302 299 294 288 287 291 295 297 298 300 301 302 302 300 296 292 289 289 292 298 305 311 312 312 322 342 355 351 335 318 310 308 306 301 293 288 285 285 287 291 293 298 303 312 328 345 351 341 330 323 317 310 302 296 293 297 312 326 318 306 299 293 292 295 302 307 308 309 311 312 313 314 313 313 316 320 322 324 328 333 336 341 341 335 328
320 325 329 326 320 313 308 305 303 301 299 294 284 275 323 286 289 291 292 295 298 299 299 297 292 288 287 288 291 295 301 307 311 311 318 340 359 357 339 321 313 311 308 302 294 288 286 286 289 292 297 303 311 318 329 343 351 342 330 322 316 309 301 294 292 295 309 325 320 307 297 291 290 294 302 306 304 305 309 312 313 314 316 317 323 330 330 330 335 340 341 340 338 332 325
320 323 326 324 318 311 307 303 300 296 291 283 273 273 279 282 285 287 289 291 293 294 293 292 290 288 288 288 289 291 295 301 308 311 316 337 3 0 339 322 314 312 310 304 297 291 289 291 296 301 306 313 320 326 333 346 352 343 329 321 314 308 299 292 290 292 305 322 321 308 296 288 286 291 302 306 300 299 304 307 306 307 312 317 324 330 331 332 339 344 343 338 333 326 319
319 321 323 322 316 309 304 299 295 289 282 277 278 283 286 288 290 292 292 292 292 292 291 292 292 291 289 290 291 293 297 302 309 314 321 340 5 359 336 321 315 314 312 307 300 295 292 294 299 306 311 316 321 326 333 345 352 345 331 321 313 306 298 291 288 291 303 320 323 311 296 287 284 288 300 305 298 295 299 302 299 298 303 310 317 322 324 327 335 342 341 336 329 320 313
317 319 320 317 312 306 300 293 287 281 277 281 287 290 293 295 298 300 300 300 299 299 298 298 295 293 292 294 298 302 306 311 316 322 331 350 3 352 333 322 317 316 313 308 302 296 292 294 299 305 311 315 320 324 331 343 353 349 336 323 314 307 299 292 290 293 303 320 326 315 297 287 284 286 294 300 294 289 290 294 292 290 292 299 304 307 309 314 325 333 336 334 327 319 313
314 317 317 312 307 301 293 284 278 277 281 288 293 296 299 301 304 307 309 309 308 308 306 302 297 294 295 298 301 304 308 312 317 325 341 359 358 343 330 322 318 316 312 307 301 295 292 293 298 304 309 314 321 328 335 345 355 354 342 328 319 312 303 295 292 294 302 318 330 319 301 289 284 282 285 290 288 283 282 285 286 283 282 287 294 299 303 310 317 325 332 332 327 322 319
313 316 317 311 304 297 289 282 281 287 294 299 302 303 305 306 309 311 313 313 313 312 308 302 297 294 295 297 298 298 299 303 308 320 345 1 352 337 327 321 317 314 310 304 299 294 291 292 296 303 309 314 320 328 336 349 360 358 345 330 321 313 305 297 293 293 300 317 330 323 305 292 283 277 277 282 286 283 281 283 285 282 279 284 295 304 311 314 317 321 328 329 327 324 319
311 315 319 315 309 304 302 298 297 301 306 308 308 309 309 310 311 312 313 313 311 309 304 300 297 294 294 296 296 294 295 299 306 319 344 357 348 334 324 319 315 311 306 301 297 293 290 290 293 300 306 310 316 323 334 350 2 359 345 330 319 311 304 298 294 293 299 314 328 324 309 295 283 275 276 283 288 288 286 288 290 289 287 292 303 314 320 320 319 322 326 327 326 324 319
309 314 320 320 315 312 312 311 309 310 314 315 313 311 311 311 310 310 309 307 304 301 299 299 297 295 295 298 302 302 304 307 312 324 343 354 346 331 322 317 313 309 303 299 295 291 288 288 290 294 298 301 307 316 328 347 0 357 344 329 318 310 303 298 293 292 296 310 324 324 312 299 286 279 280 285 290 292 292 294 298 299 300 303 311 322 327 325 322 324 327 326 325 325 320
308 314 321 324 317 315 316 316 315 315 317 318 315 313 311 310 308 306 304 301 297 296 298 299 298 296 297 302 307 309 310 311 316 326 342 353 346 330 321 317 312 306 301 298 295 292 289 288 288 290 292 294 300 309 322 343 356 353 342 330 318 309 302 296 292 290 293 303 318 322 316 307 295 288 287 290 294 298 300 302 307 310 310 311 316 328 332 327 324 325 327 326 324 323 318
309 315 323 323 320 318 318 319 318 317 317 317 315 312 309 307 304 301 298 296 297 299 301 302 299 297 298 301 306 307 308 308 313 324 340 352 346 331 322 317 312 307 304 301 298 294 291 290 291 294 296 298 304 313 325 343 355 351 341 329 318 308 301 296 293 291 292 300 312 322 323 315 305 297 294 294 298 304 306 310 314 316 315 314 319 330 332 327 324 325 327 326 322 319 314
311 316 324 325 322 319 317 317 317 316 314 312 311 309 306 303 299 295 293 295 299 300 302 301 299 297 297 299 301 302 302 303 308 319 338 352 348 334 324 319 315 311 308 304 300 295 292 292 294 298 302 306 313 319 330 347 355 348 338 328 319 309 302 298 295 293 294 300 311 323 329 322 310 302 296 295 299 304 307 311 314 315 313 312 316 326 329 327 325 326 327 326 321 318 312
311 315 323 324 320 316 314 313 312 311 308 306 305 305 303 299 294 290 293 299 301 301 300 299 296 294 294 295 297 297 297 298 302 312 332 351 352 339 328 323 318 313 309 304 299 294 292 291 295 299 302 306 312 319 331 350 353 344 336 328 319 310 304 300 297 295 296 301 310 322 332 326 314 305 299 296 297 300 303 306 309 310 308 306 311 321 327 328 327 327 328 325 322 318 313
311 314 322 324 324 314 310 308 307 306 304 301 300 299 297 293 290 294 301 305 305 303 300 297 293 290 290 291 291 292 292 293 295 303 321 345 351 340 330 324 318 313 308 303 298 293 290 290 293 296 297 300 304 311 328 349 350 341 334 327 318 311 306 302 298 296 295 298 305 318 330 328 317 308 301 295 293 295 298 301 305 307 307 309 314 321 328 331 331 330 328 325 322 319 313
311 315 322 326 323 320 312 307 305 303 301 298 294 290 286 288 295 302 306 307 307 305 302 298 293 290 289 289 290 290 292 292 294 300 315 336 345 338 328 321 316 310 305 301 297 292 289 288 290 291 293 295 297 302 319 343 346 338 332 326 318 311 306 302 298 295 293 295 301 313 325 328 319 310 302 294 290 291 295 299 302 305 309 313 317 323 330 334 336 334 328 324 321 318 312
309 314 321 326 325 320 314 309 306 302 297 290 282 276 278 288 297 301 303 304 305 304 301 298 296 293 292 293 296 298 300 302 304 309 319 333 343 339 328 320 315 308 304 301 296 291 288 286 287 289 291 292 291 293 306 330 340 335 330 325 317 311 306 302 298 295 293 294 299 309 322 327 321 313 305 295 289 288 292 296 299 301 303 307 312 319 327 333 337 335 329 324 320 316 311
305 309 318 322 323 320 314 308 303 297 289 280 274 276 284 293 300 301 301 300 301 300 299 297 297 296 296 299 304 307 309 312 315 318 324 333 344 344 333 323 316 309 304 301 297 292 288 286 287 289 290 288 287 290 301 321 335 335 330 324 318 311 305 301 299 296 294 294 297 306 318 326 324 317 308 297 288 286 289 294 296 295 294 297 301 309 319 328 334 333 329 326 321 317 312
302 306 314 318 320 317 314 306 300 293 288 287 289 294 300 305 309 309 306 302 300 300 299 298 298 299 299 301 305 309 311 314 317 320 324 333 346 349 338 327 318 310 305 302 298 293 289 287 287 287 285 284 288 297 307 320 333 335 330 324 319 313 306 302 300 298 296 294 295 303 314 324 326 319 310 298 289 286 287 291 295 294 294 297 301 307 315 323 329 330 327 325 321 316 312
304 307 313 317 319 318 313 309 306 304 304 306 309 311 311 313 317 319 315 310 306 305 302 300 300 300 298 298 301 304 307 310 314 318 323 332 347 352 343 330 318 311 306 302 297 293 289 288 286 284 285 289 295 302 310 319 330 334 330 323 319 315 308 303 300 298 296 294 294 299 310 322 327 322 313 301 291 286 286 290 297 301 302 304 308 313 319 323 325 327 324 321 317 312 309
307 311 317 320 320 320 318 317 317 317 317 318 318 317 316 317 321 322 320 316 313 310 306 302 301 300 296 295 297 299 300 303 307 312 319 330 345 354 347 332 318 310 304 299 295 293 292 291 290 290 293 296 299 303 309 316 325 332 331 326 321 316 310 302 298 296 295 293 293 296 304 318 328 326 317 305 294 288 286 290 297 302 304 307 312 318 324 324 324 324 321 317 313 309 306
308 313 321 323 322 321 320 320 321 321 321 320 318 316 314 316 320 319 317 314 312 309 305 302 302 300 296 295 297 298 297 298 300 305 312 325 342 355 349 331 317 307 300 296 294 294 296 298 297 297 298 299 300 303 309 316 322 330 335 331 323 317 310 302 297 295 294 292 292 294 300 313 326 329 320 308 297 290 286 288 294 299 302 304 309 317 325 325 323 323 320 316 312 309 307
307 313 323 325 323 321 319 319 319 319 319 317 315 311 309 310 313 312 309 307 304 303 302 301 302 299 296 295 297 299 300 302 304 307 313 324 342 355 347 330 316 306 301 299 297 297 301 305 304 301 300 299 300 303 310 317 322 330 337 335 327 318 311 304 298 295 293 292 292 294 298 309 322 328 320 309 299 292 287 288 292 298 302 304 307 315 324 326 323 322 319 314 311 309 307
305 311 321 324 323 322 319 318 317 316 315 313 309 306 303 304 307 305 303 300 299 299 299 300 301 298 295 294 296 297 300 304 308 311 316 326 344 355 346 330 318 311 307 303 300 300 303 309 309 303 299 298 298 302 309 316 322 330 338 338 331 321 313 305 298 294 293 293 294 295 299 307 319 326 319 308 301 294 288 287 291 298 303 307 309 315 324 326 324 323 320 314 310 307 305
305 309 318 322 322 321 318 316 315 313 311 308 305 302 299 299 300 301 300 299 297 297 300 303 302 298 295 295 296 297 298 301 304 308 313 325 346 356 346 330 320 314 308 304 302 301 304 311 311 303 298 296 295 299 304 311 318 328 337 340 334 324 314 306 300 296 294 294 295 296 300 306 316 324 317 307 301 294 288 286 290 297 303 306 308 313 321 323 322 324 322 316 311 308 305
306 309 316 320 321 318 314 312 311 309 307 304 301 297 294 294 296 300 301 301 298 298 302 308 306 300 296 296 298 299 297 297 299 303 309 322 345 355 344 328 319 313 307 303 301 301 304 311 313 304 297 294 293 294 298 303 310 321 332 338 336 327 317 308 303 298 295 295 295 296 300 305 315 321 315 307 301 295 288 286 288 294 299 302 305 308 314 318 321 324 323 318 315 312 308
307 310 316 319 320 315 310 307 306 304 299 296 294 290 290 293 299 303 305 305 301 299 303 311 308 302 297 295 296 299 299 299 300 304 308 319 341 350 341 327 318 313 306 301 299 300 303 310 313 305 297 293 292 292 294 297 302 311 323 332 335 329 320 312 305 300 296 294 294 296 300 305 315 320 315 307 301 296 290 285 286 290 294 297 301 306 311 316 320 323 322 319 317 315 312
306 310 316 319 319 314 307 304 303 300 296 294 293 294 298 302 305 308 309 308 302 297 299 307 307 302 297 293 293 297 300 301 302 306 311 320 337 346 339 327 319 313 306 299 297 298 302 310 313 306 298 295 293 293 294 296 300 307 316 327 331 328 322 314 307 301 296 293 292 295 300 306 315 321 316 308 303 297 291 285 284 288 292 296 301 308 314 318 320 323 321 319 317 316 312
304 308 314 318 319 314 307 304 305 306 304 304 305 308 309 310 311 312 311 308 301 293 293 302 305 303 298 293 291 295 299 301 301 306 313 323 337 346 339 325 317 311 304 298 295 296 302 311 313 307 300 296 294 294 295 300 305 309 316 327 331 327 321 314 307 301 296 292 291 294 299 306 315 321 316 309 305 299 292 286 285 289 296 300 306 313 319 322 322 322 320 318 317 315 312
302 306 312 316 318 316 311 307 309 311 311 312 313 314 313 312 313 312 310 307 301 293 292 298 305 307 303 294 290 292 297 300 300 303 311 322 337 346 338 323 315 309 303 297 294 294 299 310 314 307 301 297 294 293 295 301 307 313 319 329 333 328 321 314 306 300 295 290 289 292 299 306 315 321 316 311 306 301 294 288 288 293 301 306 309 315 323 325 323 322 319 317 316 316 312
301 304 309 314 318 318 315 312 311 311 311 312 313 312 311 310 309 308 306 305 301 295 292 295 304 312 311 299 290 290 295 300 301 301 305 316 334 345 337 322 313 308 303 298 295 292 294 305 312 308 301 298 295 293 294 298 305 311 318 328 335 331 321 313 305 298 292 288 288 293 300 308 318 322 318 312 308 303 296 291 291 294 301 306 309 315 324 326 325 323 319 316 316 316 312
301 304 308 313 318 320 317 315 313 312 311 310 309 308 305 304 304 304 303 303 300 294 291 292 299 312 316 304 293 291 293 299 302 301 301 310 329 342 335 322 313 307 303 300 297 292 291 299 310 309 302 299 297 295 294 297 302 307 314 324 335 334 322 313 305 298 293 291 291 295 302 310 319 325 319 312 308 304 297 292 290 292 297 301 304 311 321 325 325 325 320 316 315 316 313
302 304 308 313 318 320 318 317 315 313 311 309 307 304 302 302 302 303 303 301 298 293 290 290 295 307 317 308 296 292 293 298 303 303 302 306 323 336 332 322 313 306 303 301 300 293 289 293 304 309 305 301 300 298 296 296 299 304 310 319 331 332 322 314 308 303 299 296 294 296 302 310 319 325 320 312 308 303 296 291 288 289 293 297 300 307 316 322 324 325 322 317 315 315 314
302 305 309 314 318 319 319 318 315 312 310 309 307 304 302 303 302 302 303 303 301 297 293 291 293 304 316 311 299 293 291 295 301 306 306 308 319 330 329 320 311 305 303 303 302 293 288 289 297 306 306 303 302 300 296 294 295 301 308 318 328 328 322 316 311 307 302 298 295 296 301 309 318 324 319 312 308 303 296 291 287 287 292 296 300 305 314 320 322 323 323 319 316 315 313
301 304 310 314 318 319 318 318 314 311 310 309 307 305 304 302 301 303 306 307 305 301 295 291 293 302 313 313 302 294 291 292 298 305 309 312 319 326 326 318 310 304 302 302 299 292 287 286 292 301 305 303 301 299 296 292 292 297 306 318 327 326 320 315 310 306 302 297 295 296 301 309 317 322 318 312 308 303 296 289 285 285 289 295 299 305 313 319 320 320 321 320 317 315 312
299 302 308 314 318 318 317 316 311 308 308 308 307 305 303 301 301 305 307 306 303 298 293 291 294 301 310 313 306 296 291 290 293 301 309 314 320 326 329 316 308 302 298 295 294 291 287 285 288 296 301 301 300 299 296 292 291 295 303 316 325 324 319 313 308 305 301 297 296 297 301 308 317 321 315 309 305 300 293 286 283 284 287 293 297 302 309 316 318 318 319 319 317 314 312
298 301 308 314 318 317 316 314 309 304 303 305 305 305 304 301 302 304 304 301 297 294 292 292 295 301 308 313 310 300 292 289 291 299 307 313 319 325 324 314 306 300 296 294 295 293 289 286 287 293 299 302 303 302 300 295 292 293 301 313 322 323 319 313 309 307 303 298 296 297 301 306 316 318 311 306 301 297 292 286 283 283 285 291 296 300 306 312 315 316 318 319 318 315 313
298 301 308 315 317 316 315 313 309 303 307 302 304 307 305 301 299 299 299 298 296 294 293 293 296 301 306 312 314 305 295 290 291 296 304 309 315 321 321 313 306 304 305 304 302 298 293 289 289 293 298 303 306 308 306 301 295 295 301 312 321 322 319 313 310 308 304 298 295 297 300 305 313 313 307 303 300 297 293 287 283 281 284 291 298 303 306 311 314 316 318 320 319 316 314
