project/data/elevation/US_DEM2016/US_DEM2016_point_10-30-2019_2345_30m_vel.asc
ncols	125
nrows	167
xllcorner	-2042055.000000
yllcorner	1465035.000000
cellsize	30.000000
NODATA_value	-9999.000000
[rows 111 to 147 of 167, columns 0 to 82 of 125]
9.30 9.25 9.22 9.37 9.64 9.98 10.50 11.24 12.05 12.48 12.40 11.91 11.15 10.32 9.58 9.07 8.82 8.83 8.89 9.16 9.57 9.80 9.89 9.75 9.60 9.47 9.30 9.06 8.88 9.03 9.32 9.57 9.71 9.68 9.44 9.08 8.81 8.77 8.69 8.50 8.40 8.54 8.90 9.52 10.07 10.28 10.25 10.16 10.08 10.14 10.39 10.72 11.08 11.46 11.81 11.88 11.54 11.01 10.33 9.66 9.15 8.82 8.62 8.37 7.99 7.81 7.96 8.20 8.40 8.50 8.48 8.48 8.51 8.50 8.40 8.26 8.13 8.09 8.16 8.28 8.47 8.66 8.69
9.12 8.99 9.02 9.36 9.78 10.33 11.04 11.61 11.79 11.44 10.76 10.12 9.51 8.92 8.36 7.93 7.71 7.78 8.08 8.48 8.90 9.34 9.51 9.37 9.37 9.56 9.49 9.17 8.86 8.76 8.81 8.93 9.04 9.12 9.17 9.11 8.98 8.88 8.86 9.01 9.25 9.47 9.76 10.29 10.65 10.59 10.29 9.95 9.70 9.63 9.66 9.83 10.05 10.34 10.71 10.93 10.86 10.53 10.07 9.59 9.17 8.83 8.44 8.03 7.79 7.90 8.24 8.52 8.60 8.42 8.20 8.17 8.25 8.25 8.14 7.96 7.79 7.74 7.86 8.10 8.32 8.40 8.36
9.00 8.90 8.97 9.29 9.69 10.27 10.85 10.95 10.52 9.78 9.05 8.39 7.87 7.41 6.98 6.78 7.05 7.59 8.11 8.56 9.14 9.65 9.52 9.16 9.38 9.81 9.85 9.72 9.56 9.19 8.69 8.12 7.80 7.89 8.24 8.58 8.78 8.86 9.01 9.28 9.52 9.73 10.07 10.53 10.63 10.32 9.84 9.45 9.26 9.23 9.20 9.14 9.03 8.91 8.82 8.99 9.19 9.28 9.37 9.35 9.16 8.79 8.33 8.01 8.02 8.25 8.54 8.69 8.55 8.20 7.94 7.87 7.89 7.94 7.95 7.82 7.62 7.47 7.56 7.85 7.98 7.82 7.61
9.07 9.05 9.12 9.27 9.53 9.92 10.10 9.62 8.75 7.88 7.14 6.48 5.97 5.65 5.74 6.36 7.40 8.42 9.13 9.64 10.02 9.92 9.30 9.01 9.42 9.75 9.74 9.68 9.72 9.64 9.43 8.95 8.32 7.86 7.68 7.77 8.18 8.69 9.07 9.34 9.64 9.98 10.30 10.48 10.18 9.48 8.95 8.77 8.80 8.94 9.10 9.06 8.86 8.45 7.87 7.45 7.42 7.85 8.42 8.79 8.92 8.84 8.69 8.55 8.53 8.63 8.74 8.66 8.34 8.04 7.88 7.80 7.79 7.85 7.87 7.78 7.63 7.52 7.52 7.66 7.56 7.14 6.83
9.25 9.29 9.34 9.36 9.41 9.42 9.13 8.39 7.47 6.68 6.09 5.67 5.40 5.59 6.48 7.84 9.09 10.04 10.64 10.82 10.44 9.54 8.50 8.30 8.73 8.89 8.83 8.94 9.19 9.53 9.84 9.93 9.63 8.87 8.03 7.81 8.32 8.99 9.46 9.77 10.05 10.26 10.37 10.21 9.61 8.76 8.20 8.13 8.37 8.76 9.25 9.42 9.33 9.02 8.41 7.62 7.20 7.35 7.76 8.17 8.53 8.80 8.97 9.03 9.03 8.99 8.80 8.45 8.11 7.92 7.86 7.88 7.92 7.92 7.85 7.74 7.70 7.71 7.74 7.68 7.39 7.01 6.76
9.40 9.44 9.44 9.36 9.20 8.89 8.38 7.78 7.41 7.29 7.24 7.16 7.40 8.18 9.36 10.56 11.35 11.56 11.37 10.83 9.96 9.01 8.23 7.89 7.89 7.79 7.84 8.18 8.54 8.88 9.27 9.70 9.96 9.88 9.51 9.36 9.50 9.74 9.90 10.00 10.02 10.02 10.01 9.81 9.28 8.59 8.00 7.87 8.21 8.80 9.32 9.57 9.61 9.56 9.40 9.14 8.76 8.43 8.26 8.31 8.49 8.67 8.83 8.96 9.05 8.99 8.71 8.29 7.95 7.72 7.65 7.71 7.81 7.89 7.90 7.86 7.87 7.94 8.01 7.99 7.93 7.81 7.76
9.41 9.36 9.28 9.19 8.97 8.61 8.21 7.95 8.00 8.34 8.80 9.42 10.23 11.10 11.78 12.07 11.87 11.26 10.54 9.75 9.10 8.83 8.71 8.40 7.99 7.65 7.49 7.68 7.94 8.06 8.14 8.50 9.16 9.83 10.23 10.33 10.14 9.85 9.61 9.45 9.37 9.45 9.58 9.53 9.20 8.75 8.20 7.93 8.23 8.76 9.05 9.11 9.22 9.45 9.72 9.96 10.09 10.00 9.67 9.24 8.96 8.77 8.68 8.63 8.62 8.52 8.25 7.95 7.76 7.65 7.59 7.57 7.65 7.83 7.99 8.09 8.17 8.24 8.33 8.53 8.85 9.10 9.27
9.31 9.17 9.04 8.99 8.86 8.67 8.49 8.37 8.38 8.67 9.43 10.48 11.41 11.89 11.90 11.37 10.37 9.54 9.06 8.56 8.40 8.60 8.87 8.93 8.73 8.29 7.84 7.63 7.75 7.74 7.51 7.50 7.93 8.76 9.43 9.70 9.59 9.31 9.08 8.96 9.00 9.21 9.43 9.33 8.97 8.66 8.36 8.08 8.20 8.44 8.50 8.43 8.49 8.82 9.28 9.68 10.02 10.25 10.24 9.95 9.46 8.98 8.59 8.28 8.00 7.68 7.39 7.45 7.73 7.93 7.96 7.88 7.88 7.99 8.16 8.32 8.46 8.55 8.71 8.99 9.29 9.56 9.84
9.16 9.02 8.91 8.91 8.86 8.80 8.76 8.69 8.74 9.14 9.99 10.79 11.13 10.96 10.41 9.60 8.91 8.51 8.13 7.80 7.76 7.91 8.17 8.49 8.63 8.45 8.15 8.01 8.11 8.14 7.92 7.57 7.48 7.69 8.19 8.62 8.85 8.92 8.99 9.06 9.14 9.30 9.33 9.04 8.61 8.42 8.41 8.31 8.26 8.26 8.14 8.06 8.19 8.55 8.96 9.26 9.43 9.51 9.61 9.67 9.47 9.00 8.50 8.04 7.53 7.13 7.15 7.63 8.13 8.39 8.45 8.40 8.32 8.26 8.28 8.37 8.45 8.53 8.69 8.87 8.94 8.95 9.06
9.06 8.99 8.96 8.93 8.86 8.88 8.98 9.05 9.26 9.86 10.52 10.73 10.42 9.86 9.21 8.66 8.37 8.09 7.65 7.34 7.22 7.25 7.51 7.89 8.03 8.04 8.15 8.33 8.46 8.52 8.49 8.20 7.76 7.49 7.45 7.78 8.25 8.68 9.02 9.22 9.31 9.37 9.22 8.73 8.24 8.11 8.27 8.34 8.28 8.19 8.10 8.11 8.35 8.67 8.89 9.01 8.96 8.81 8.76 8.87 8.91 8.73 8.45 8.11 7.83 7.83 8.13 8.49 8.62 8.58 8.56 8.56 8.49 8.36 8.22 8.12 8.08 8.17 8.38 8.51 8.47 8.35 8.30
9.13 9.14 9.09 8.96 8.87 8.98 9.23 9.50 9.90 10.44 10.67 10.41 9.93 9.47 9.02 8.61 8.21 7.80 7.56 7.57 7.71 7.87 8.04 8.04 7.92 7.94 8.20 8.42 8.46 8.47 8.56 8.58 8.40 8.02 7.61 7.54 7.94 8.45 8.83 9.10 9.26 9.32 9.01 8.34 7.77 7.63 7.81 7.96 7.96 7.97 8.05 8.18 8.33 8.41 8.43 8.51 8.57 8.52 8.41 8.36 8.41 8.48 8.54 8.59 8.73 8.96 9.08 9.02 8.79 8.53 8.39 8.36 8.35 8.31 8.19 8.04 8.00 8.17 8.35 8.32 8.14 8.00 8.00
9.24 9.21 9.07 8.90 8.88 9.04 9.37 9.85 10.46 10.70 10.50 10.04 9.62 9.27 8.86 8.38 7.98 7.87 8.14 8.53 8.77 8.77 8.59 8.31 8.11 8.10 8.21 8.32 8.32 8.30 8.39 8.50 8.55 8.42 8.17 8.05 8.20 8.46 8.64 8.87 9.07 8.98 8.35 7.49 7.02 7.03 7.30 7.53 7.62 7.64 7.68 7.70 7.64 7.60 7.62 7.77 8.06 8.32 8.38 8.34 8.35 8.47 8.62 8.77 8.90 9.01 9.02 8.95 8.83 8.67 8.48 8.32 8.25 8.23 8.18 8.16 8.22 8.29 8.15 7.84 7.57 7.47 7.52
9.08 8.98 8.81 8.76 8.86 9.08 9.37 9.78 10.21 10.23 9.87 9.44 9.09 8.66 8.09 7.82 7.95 8.30 8.61 8.70 8.52 8.30 8.23 8.36 8.49 8.46 8.27 8.19 8.16 8.11 8.12 8.14 8.16 8.25 8.42 8.60 8.67 8.64 8.77 8.74 8.69 8.07 6.99 6.28 6.21 6.49 6.90 7.29 7.45 7.38 7.25 7.07 6.83 6.73 6.82 7.06 7.48 7.88 8.09 8.20 8.33 8.48 8.57 8.55 8.54 8.65 8.78 8.83 8.82 8.76 8.64 8.45 8.26 8.08 7.95 7.97 7.94 7.73 7.37 7.10 7.05 7.10 7.08
8.98 8.93 8.86 8.83 8.91 9.07 9.23 9.38 9.38 9.16 8.84 8.64 8.39 7.85 7.44 7.71 8.08 8.20 7.98 7.55 7.26 7.40 7.88 8.41 8.70 8.75 8.60 8.38 8.20 8.00 7.96 7.99 8.01 8.16 8.38 8.53 8.54 8.49 8.41 8.41 7.96 6.96 6.17 6.04 6.27 6.53 6.82 7.23 7.45 7.49 7.47 7.31 6.98 6.68 6.60 6.81 7.15 7.42 7.66 7.98 8.26 8.48 8.65 8.83 9.03 9.16 9.10 8.90 8.65 8.46 8.41 8.34 8.12 7.80 7.64 7.56 7.37 7.14 6.99 6.98 7.06 7.02 6.81
9.26 9.36 9.34 9.10 8.94 8.90 8.93 8.90 8.72 8.45 8.50 8.28 8.02 7.52 7.46 7.69 7.58 7.19 6.77 6.51 6.68 7.32 8.11 8.63 8.78 8.81 8.85 8.75 8.49 8.15 7.97 8.02 8.08 8.07 7.97 7.82 7.80 7.88 7.97 7.85 7.35 6.84 6.96 7.38 7.62 7.58 7.56 7.70 7.84 7.95 7.98 7.89 7.69 7.41 7.23 7.23 7.27 7.45 7.80 8.14 8.34 8.52 8.82 9.27 9.48 9.40 9.09 8.73 8.40 8.17 8.07 7.97 7.78 7.56 7.40 7.22 7.03 6.95 7.04 7.15 7.13 6.94 6.80
9.45 9.48 9.33 8.94 8.67 8.61 8.62 8.55 8.41 8.35 8.35 8.18 7.76 7.39 7.22 6.97 6.54 6.25 6.27 6.57 7.19 7.93 8.62 8.90 8.77 8.64 8.72 8.77 8.61 8.30 8.09 8.09 8.08 7.86 7.51 7.32 7.41 7.67 7.84 7.78 7.69 7.95 8.43 8.73 8.85 8.86 8.80 8.67 8.53 8.37 8.15 7.96 7.87 7.85 7.81 7.73 7.68 7.84 8.13 8.32 8.32 8.45 8.73 8.96 8.83 8.54 8.36 8.34 8.34 8.26 8.02 7.71 7.48 7.38 7.26 7.01 6.70 6.51 6.55 6.74 6.93 7.13 7.44
9.10 8.81 8.33 8.14 8.16 8.32 8.43 8.39 8.31 8.27 8.41 7.67 7.31 7.07 6.81 6.50 6.36 6.52 7.07 7.93 8.63 9.02 9.13 8.80 8.23 8.09 8.21 8.28 8.25 8.20 8.17 8.17 8.16 8.02 7.80 7.76 7.96 8.16 8.26 8.34 8.54 8.76 8.86 8.94 9.16 9.47 9.67 9.62 9.35 8.94 8.59 8.35 8.18 8.08 8.01 7.97 8.01 8.08 8.15 8.20 8.16 8.24 8.35 8.27 8.01 7.89 8.09 8.39 8.49 8.32 7.96 7.54 7.33 7.24 7.19 7.09 6.88 6.57 6.36 6.45 6.97 7.72 8.23
8.46 7.93 7.39 7.46 7.80 8.19 8.39 8.34 8.20 8.59 7.69 7.32 7.18 7.26 7.36 7.46 7.74 8.26 9.03 9.71 9.98 9.80 9.21 8.38 7.80 7.73 7.75 7.72 7.78 7.94 8.06 8.11 8.21 8.33 8.48 8.65 8.76 8.72 8.63 8.63 8.63 8.54 8.61 8.91 9.36 9.82 10.16 10.25 10.09 9.80 9.48 9.20 8.92 8.62 8.35 8.18 8.11 8.00 7.94 8.03 8.02 8.08 8.07 7.94 7.86 8.11 8.50 8.66 8.33 7.79 7.41 7.24 7.19 7.14 7.12 7.24 7.43 7.47 7.29 7.21 7.59 8.17 8.33
8.36 8.02 7.67 7.86 8.24 8.49 8.50 8.36 8.19 8.54 7.81 7.68 7.78 8.14 8.64 9.13 9.64 10.05 10.26 10.25 9.95 9.41 8.70 8.10 7.84 7.78 7.67 7.62 7.74 7.90 7.96 7.97 8.12 8.41 8.67 8.78 8.74 8.62 8.52 8.42 8.27 8.27 8.59 9.08 9.64 10.09 10.30 10.25 10.14 9.98 9.70 9.35 9.06 8.85 8.65 8.45 8.22 7.93 7.80 7.89 8.02 8.11 8.12 8.10 8.25 8.60 8.75 8.37 7.55 6.88 6.73 6.86 7.02 7.15 7.21 7.24 7.41 7.75 8.07 8.24 8.37 8.40 8.09
8.71 8.72 8.85 9.17 9.32 9.11 8.69 8.42 8.32 8.27 8.22 8.28 8.53 9.01 9.51 9.90 10.13 10.11 9.84 9.31 8.63 8.02 7.69 7.68 7.84 7.91 7.91 8.02 8.21 8.31 8.22 8.15 8.27 8.50 8.56 8.38 8.22 8.23 8.32 8.35 8.36 8.54 8.96 9.40 9.76 9.92 9.77 9.44 9.20 9.12 9.01 8.94 8.95 8.92 8.81 8.67 8.48 8.25 7.98 7.97 8.14 8.28 8.34 8.43 8.64 8.79 8.50 7.71 6.87 6.54 6.59 6.82 7.03 7.27 7.54 7.57 7.44 7.45 7.82 8.38 8.79 8.94 8.90
8.94 9.14 9.52 9.78 9.74 9.41 8.91 8.54 8.43 8.46 8.53 8.65 8.92 9.27 9.49 9.47 9.31 9.03 8.57 7.86 7.16 6.83 6.94 7.40 7.83 8.07 8.26 8.49 8.70 8.84 8.88 8.92 8.99 9.00 8.90 8.67 8.44 8.39 8.44 8.62 8.91 9.31 9.62 9.70 9.62 9.31 8.78 8.30 8.12 8.26 8.56 8.88 9.09 9.05 8.90 8.77 8.70 8.61 8.40 8.28 8.32 8.45 8.59 8.70 8.78 8.59 7.99 7.20 6.79 6.77 6.94 7.14 7.30 7.44 7.64 7.82 7.88 7.77 7.80 8.31 9.15 9.86 10.32
9.03 9.22 9.50 9.60 9.55 9.47 9.25 8.90 8.69 8.68 8.70 8.72 8.81 8.87 8.78 8.68 8.57 8.19 7.52 6.91 6.66 6.79 7.25 7.77 8.09 8.28 8.48 8.67 8.86 9.07 9.36 9.61 9.72 9.63 9.50 9.36 9.14 8.95 8.77 8.90 9.30 9.65 9.68 9.51 9.20 8.65 8.00 7.57 7.58 8.02 8.65 9.09 9.20 9.07 8.94 8.88 8.84 8.80 8.66 8.48 8.45 8.57 8.71 8.76 8.68 8.28 7.56 7.01 6.93 7.09 7.28 7.41 7.55 7.66 7.65 7.70 8.02 8.41 8.73 9.21 9.97 10.46 10.57
9.20 9.43 9.75 9.84 9.79 9.65 9.58 9.49 9.32 9.09 8.83 8.59 8.41 8.27 8.28 8.39 8.30 7.84 7.37 7.29 7.58 7.92 8.21 8.41 8.48 8.52 8.63 8.76 8.92 9.12 9.37 9.61 9.73 9.76 9.79 9.89 9.91 9.73 9.37 9.18 9.29 9.33 9.27 9.19 8.84 8.26 7.75 7.52 7.67 8.23 8.91 9.30 9.36 9.24 9.13 9.04 8.93 8.83 8.63 8.46 8.42 8.48 8.56 8.58 8.49 8.13 7.59 7.28 7.29 7.45 7.58 7.60 7.62 7.70 7.79 7.93 8.20 8.78 9.57 10.28 10.62 10.31 9.60
9.55 9.87 10.30 10.34 10.12 9.75 9.65 9.73 9.67 9.28 8.78 8.40 8.16 8.10 8.24 8.29 8.05 7.79 7.89 8.30 8.69 8.82 8.84 8.86 8.83 8.80 8.85 8.91 9.02 9.19 9.33 9.38 9.37 9.49 9.86 10.32 10.61 10.60 10.29 9.74 9.37 9.14 9.10 8.94 8.46 7.98 7.77 7.82 8.11 8.71 9.26 9.52 9.59 9.50 9.34 9.15 8.96 8.77 8.52 8.42 8.40 8.75 8.39 8.39 8.34 8.12 7.87 7.82 7.89 7.95 7.95 7.89 7.77 7.71 7.92 8.37 8.88 9.51 10.39 11.00 10.79 9.84 8.76
9.76 9.92 10.14 10.15 10.02 9.69 9.47 9.38 9.26 8.95 8.56 8.29 8.24 8.32 8.30 8.03 7.80 7.97 8.41 8.74 8.84 8.86 8.93 9.03 9.02 8.95 8.90 8.88 8.94 9.15 9.35 9.38 9.34 9.49 9.88 10.29 10.60 10.77 10.78 10.43 9.70 9.11 8.70 8.26 7.81 7.68 7.84 8.08 8.50 9.14 9.57 9.64 9.61 9.56 9.43 9.22 8.98 8.75 8.51 8.48 8.54 8.55 8.49 8.42 8.37 8.27 8.20 8.27 8.39 8.42 8.36 8.31 8.25 8.20 8.33 8.79 9.66 10.73 11.54 11.56 10.84 9.81 8.80
9.59 9.36 9.01 8.98 9.12 9.13 8.97 8.83 8.79 8.72 8.69 8.74 8.90 8.94 8.59 8.05 7.83 8.03 8.25 8.33 8.47 8.71 8.97 9.12 9.06 8.89 8.72 8.64 8.71 8.93 9.16 9.34 9.44 9.55 9.59 9.59 9.64 9.85 10.08 10.04 9.44 8.67 7.97 7.47 7.34 7.53 7.84 8.14 8.75 9.47 9.68 9.47 9.33 9.37 9.37 9.24 9.00 8.75 8.53 8.57 8.72 8.78 8.70 8.57 8.45 8.38 8.41 8.53 8.66 8.76 8.89 9.06 9.19 9.33 9.50 9.89 10.68 11.61 11.97 11.52 10.74 10.13 9.48
9.14 8.61 7.71 7.31 7.40 7.71 8.05 8.39 8.73 9.06 9.41 9.75 9.94 9.72 9.06 8.37 7.98 7.80 7.65 7.72 8.13 8.67 9.03 9.13 9.03 8.86 8.67 8.51 8.46 8.57 8.68 8.80 8.90 8.97 8.82 8.57 8.43 8.42 8.47 8.47 8.32 7.95 7.53 7.27 7.37 7.66 7.91 8.33 9.17 9.75 9.60 9.17 9.02 9.11 9.22 9.19 9.02 8.83 8.69 8.80 8.96 8.97 8.88 8.72 8.52 8.42 8.52 8.72 8.89 9.09 9.46 9.95 10.46 10.97 11.39 11.68 11.97 12.12 11.73 10.99 10.61 10.60 10.53
8.56 7.90 6.85 6.46 6.44 6.76 7.39 8.08 8.67 9.24 9.76 10.07 10.01 9.56 8.97 8.44 8.03 7.71 7.60 7.85 8.30 8.73 9.01 9.09 9.04 8.97 8.87 8.71 8.47 8.35 8.29 8.18 8.09 8.07 7.96 7.70 7.43 7.26 7.14 7.20 7.38 7.50 7.52 7.64 7.97 8.31 8.64 9.23 9.90 9.96 9.46 9.04 8.94 8.98 9.06 9.13 9.16 9.23 9.38 9.52 9.44 9.21 9.00 8.84 8.71 8.64 8.71 8.90 9.14 9.47 10.04 10.77 11.56 12.21 12.60 12.65 12.45 12.02 11.31 10.78 10.82 11.13 11.43
8.13 7.59 6.86 6.78 6.98 7.33 7.78 8.14 8.47 8.88 9.29 9.42 9.14 8.68 8.38 8.20 8.03 7.92 8.03 8.40 8.75 9.03 9.15 9.13 9.06 9.04 9.10 9.13 9.00 8.68 8.39 8.12 7.91 7.73 7.46 7.08 6.72 6.51 6.53 6.77 7.11 7.45 7.87 8.41 8.90 9.30 9.77 10.20 10.33 9.93 9.31 9.01 8.95 8.91 8.95 9.11 9.37 9.72 10.03 10.05 9.67 9.19 8.93 8.89 8.94 8.96 8.94 9.05 9.35 9.87 10.57 11.27 11.81 12.07 12.11 11.95 11.60 11.15 10.76 10.67 10.86 11.10 11.47
8.36 8.18 8.17 8.48 8.71 8.79 8.66 8.50 8.51 8.62 8.70 8.63 8.32 8.03 7.94 7.99 8.06 8.13 8.38 8.77 9.09 9.36 9.38 9.22 9.05 9.02 9.16 9.33 9.38 9.22 8.80 8.38 8.00 7.58 7.11 6.68 6.35 6.24 6.41 6.76 7.21 7.80 8.53 9.18 9.58 9.87 10.14 10.25 10.06 9.53 9.03 8.82 8.73 8.66 8.72 8.96 9.32 9.61 9.68 9.39 8.97 8.74 8.71 8.82 8.94 9.00 9.03 9.12 9.38 9.94 10.58 10.96 10.96 10.68 10.39 10.18 10.06 10.06 10.14 10.27 10.28 10.33 10.70
8.96 9.18 9.71 10.21 10.39 10.17 9.59 9.24 9.09 8.87 8.50 8.09 7.83 7.77 7.85 8.01 8.17 8.37 8.74 9.15 9.45 9.61 9.45 9.15 8.94 8.92 9.06 9.23 9.33 9.29 9.01 8.54 8.02 7.47 6.96 6.61 6.46 6.46 6.62 7.01 7.71 8.65 9.44 9.83 9.92 9.88 9.85 9.77 9.51 9.06 8.68 8.43 8.27 8.27 8.43 8.68 8.90 8.95 8.72 8.34 8.20 8.31 8.52 8.71 8.78 8.80 8.89 9.05 9.26 9.59 9.93 9.86 9.49 9.08 8.80 8.75 9.01 9.44 9.73 9.80 9.74 9.75 9.93
9.21 9.55 10.09 10.45 10.61 10.59 10.46 10.21 9.82 9.23 8.56 8.03 7.78 7.82 8.03 8.27 8.50 8.82 9.21 9.48 9.56 9.44 9.11 8.80 8.69 8.77 8.89 8.96 8.98 8.95 8.83 8.51 8.09 7.62 7.18 6.89 6.79 6.84 7.08 7.72 8.78 9.70 10.11 10.07 9.83 9.60 9.50 9.44 9.20 8.79 8.40 8.10 7.94 8.10 8.30 8.42 8.37 8.13 7.82 7.67 7.76 8.06 8.37 8.54 8.54 8.53 8.67 8.94 9.21 9.39 9.35 8.99 8.64 8.47 8.42 8.63 9.15 9.63 9.80 9.76 9.75 9.76 9.69
9.21 9.43 9.74 9.84 9.83 9.87 10.13 10.14 9.80 9.24 8.70 8.32 8.13 8.16 8.38 8.66 8.97 9.30 9.50 9.44 9.16 8.81 8.56 8.47 8.54 8.66 8.68 8.57 8.55 8.62 8.59 8.44 8.22 7.90 7.57 7.38 7.33 7.46 7.95 8.91 9.78 10.06 9.84 9.50 9.28 9.21 9.27 9.31 9.10 8.65 8.25 8.03 8.06 8.21 8.29 8.25 7.98 7.50 7.13 7.13 7.42 7.85 8.18 8.30 8.31 8.39 8.60 8.89 9.18 9.33 9.23 8.98 8.81 8.70 8.74 9.18 9.83 10.23 10.28 10.16 10.06 9.94 9.76
9.22 9.38 9.61 9.58 9.32 8.95 8.88 8.96 8.99 8.91 8.72 8.53 8.44 8.47 8.63 8.90 9.20 9.37 9.26 8.91 8.51 8.20 8.15 8.38 8.64 8.78 8.73 8.59 8.63 8.69 8.64 8.50 8.29 8.06 7.92 7.92 8.09 8.46 9.06 9.65 9.80 9.45 9.01 8.79 8.82 9.00 9.23 9.28 8.98 8.52 8.17 8.10 8.12 8.21 8.28 8.25 8.11 7.81 7.45 7.33 7.55 7.85 8.06 8.18 8.30 8.45 8.66 8.88 9.00 9.01 9.05 9.12 9.02 8.81 8.92 9.62 10.46 10.77 10.68 10.46 10.23 10.00 9.87
9.28 9.35 9.35 9.12 8.79 8.28 7.89 7.79 7.99 8.25 8.39 8.45 8.49 8.53 8.63 8.80 8.91 8.77 8.38 7.98 7.70 7.61 7.87 8.44 8.93 9.10 9.11 9.12 9.16 9.05 8.82 8.56 8.29 8.12 8.12 8.29 8.62 9.04 9.33 9.35 9.06 8.72 8.57 8.64 8.83 9.02 9.18 9.16 8.83 8.40 8.12 7.96 7.90 8.05 8.30 8.45 8.56 8.59 8.43 8.33 8.29 8.17 8.14 8.23 8.37 8.53 8.74 8.89 8.91 8.90 9.04 9.20 9.10 9.04 9.49 10.48 11.16 11.08 10.62 10.29 10.06 9.94 9.94
9.28 9.04 8.41 7.68 7.29 7.15 7.17 7.28 7.45 7.69 8.00 8.27 8.42 8.48 8.55 8.55 8.37 7.99 7.64 7.48 7.47 7.65 8.16 8.86 9.24 9.29 9.32 9.38 9.29 9.02 8.79 8.56 8.33 8.22 8.28 8.45 8.68 8.89 8.94 8.86 8.69 8.54 8.62 8.84 9.00 9.02 8.99 8.85 8.59 8.28 7.94 7.67 7.72 8.11 8.48 8.66 8.84 9.06 9.22 9.26 9.06 8.63 8.36 8.38 8.49 8.65 8.85 9.05 9.23 9.44 9.55 9.44 9.44 9.86 10.73 11.44 11.51 10.92 10.28 9.97 9.88 9.93 9.96
8.98 8.47 7.57 6.74 6.27 6.46 6.94 7.32 7.55 7.80 8.10 8.31 8.38 8.44 8.51 8.45 8.23 8.10 8.19 8.35 8.46 8.66 9.03 9.30 9.30 9.12 9.06 8.98 8.65 8.35 8.35 8.36 8.32 8.32 8.43 8.56 8.70 8.87 9.00 9.08 8.92 8.70 8.72 8.90 8.94 8.84 8.70 8.52 8.24 7.87 7.51 7.48 7.85 8.38 8.68 8.78 8.90 9.15 9.43 9.55 9.44 9.14 8.85 8.80 8.83 8.87 8.99 9.23 9.52 9.69 9.60 9.47 9.80 10.66 11.47 11.49 10.93 10.20 9.77 9.68 9.77 9.86 9.79
