project/data/elevation/US_DEM2016/US_DEM2016_point_11-01-2019_0109_30m_vel.asc
ncols	125
nrows	167
xllcorner	-2042055.000000
yllcorner	1465035.000000
cellsize	30.000000
NODATA_value	-9999.000000
[rows 114 to 151 of 167, columns 0 to 83 of 125]
2.61 2.57 2.55 2.60 2.73 2.96 3.15 3.02 2.65 2.31 2.08 1.88 1.73 1.64 1.71 1.99 2.47 2.94 3.26 3.55 3.90 3.94 3.39 2.92 3.04 3.21 3.09 2.88 2.74 2.68 2.63 2.51 2.35 2.17 1.98 1.84 1.92 2.11 2.27 2.45 2.70 3.03 3.50 3.97 4.02 3.56 2.97 2.53 2.42 2.59 2.89 3.11 3.08 2.81 2.49 2.19 1.97 1.96 2.11 2.25 2.32 2.35 2.36 2.41 2.57 2.82 3.11 3.16 2.89 2.49 2.14 1.88 1.71 1.69 1.73 1.78 1.81 1.95 2.38 2.98 2.99 2.42 2.06 1.88
2.72 2.69 2.65 2.66 2.71 2.80 2.78 2.49 2.08 1.80 1.68 1.61 1.60 1.75 2.16 2.75 3.27 3.62 3.81 3.90 3.88 3.60 3.00 2.76 2.94 2.97 2.77 2.65 2.63 2.67 2.68 2.63 2.53 2.31 2.04 1.92 2.07 2.29 2.45 2.64 2.90 3.18 3.54 3.83 3.70 3.20 2.67 2.34 2.32 2.58 2.98 3.16 3.05 2.77 2.45 2.14 1.95 1.95 2.01 2.07 2.18 2.31 2.41 2.52 2.68 2.90 3.06 3.00 2.73 2.40 2.11 1.88 1.74 1.70 1.71 1.74 1.79 1.98 2.42 2.95 2.91 2.39 2.05 1.87
2.82 2.76 2.68 2.65 2.63 2.57 2.44 2.19 1.98 1.93 1.98 2.06 2.28 2.73 3.32 3.85 4.13 4.12 3.98 3.74 3.42 3.10 2.81 2.70 2.74 2.63 2.45 2.48 2.61 2.67 2.64 2.60 2.52 2.42 2.36 2.39 2.47 2.55 2.61 2.74 2.91 3.11 3.41 3.59 3.39 2.95 2.53 2.30 2.37 2.72 3.09 3.19 3.01 2.76 2.55 2.40 2.32 2.28 2.22 2.17 2.20 2.27 2.36 2.48 2.66 2.82 2.88 2.80 2.61 2.33 2.06 1.83 1.69 1.67 1.70 1.77 1.85 2.04 2.44 2.91 2.96 2.60 2.29 2.23
2.87 2.76 2.63 2.58 2.51 2.41 2.31 2.22 2.19 2.29 2.51 2.86 3.33 3.85 4.25 4.42 4.27 3.90 3.57 3.19 2.88 2.82 2.85 2.81 2.70 2.50 2.33 2.38 2.59 2.65 2.54 2.45 2.40 2.43 2.54 2.63 2.60 2.53 2.48 2.54 2.68 2.93 3.27 3.41 3.16 2.78 2.49 2.34 2.48 2.83 3.09 3.07 2.89 2.72 2.64 2.63 2.65 2.66 2.58 2.44 2.34 2.29 2.30 2.37 2.50 2.61 2.59 2.58 2.53 2.32 2.05 1.81 1.67 1.66 1.74 1.84 1.96 2.14 2.49 2.99 3.19 2.96 2.71 2.75
2.87 2.74 2.58 2.52 2.45 2.39 2.39 2.38 2.38 2.50 2.86 3.40 3.90 4.21 4.29 4.09 3.59 3.17 2.93 2.62 2.52 2.72 2.89 2.92 2.80 2.56 2.35 2.35 2.58 2.63 2.47 2.35 2.32 2.34 2.37 2.37 2.34 2.31 2.29 2.38 2.59 2.91 3.23 3.25 2.90 2.57 2.45 2.41 2.55 2.81 2.96 2.90 2.75 2.67 2.67 2.65 2.67 2.69 2.64 2.55 2.43 2.29 2.22 2.21 2.26 2.28 2.27 2.45 2.58 2.43 2.14 1.90 1.77 1.76 1.83 1.94 2.07 2.23 2.62 3.18 3.39 3.17 2.94 2.94
2.84 2.73 2.60 2.53 2.45 2.43 2.49 2.51 2.54 2.77 3.26 3.73 3.94 3.93 3.73 3.32 2.91 2.68 2.46 2.23 2.29 2.56 2.82 2.91 2.76 2.48 2.31 2.40 2.66 2.69 2.52 2.38 2.32 2.26 2.15 2.05 2.07 2.17 2.27 2.43 2.67 2.98 3.19 3.04 2.62 2.39 2.46 2.52 2.62 2.76 2.86 2.81 2.73 2.74 2.73 2.64 2.56 2.47 2.39 2.36 2.31 2.19 2.11 2.08 2.04 2.05 2.22 2.60 2.80 2.61 2.27 2.03 1.89 1.85 1.88 1.99 2.08 2.24 2.69 3.24 3.41 3.11 2.82 2.71
2.84 2.78 2.68 2.57 2.47 2.49 2.58 2.64 2.78 3.16 3.61 3.80 3.70 3.50 3.22 2.85 2.60 2.41 2.14 2.02 2.15 2.41 2.79 2.95 2.69 2.33 2.27 2.45 2.72 2.73 2.58 2.43 2.33 2.24 2.06 1.86 1.89 2.09 2.29 2.50 2.73 2.99 3.08 2.79 2.34 2.25 2.47 2.60 2.63 2.71 2.82 2.85 2.84 2.85 2.78 2.60 2.41 2.25 2.13 2.07 2.04 2.02 2.03 2.04 2.07 2.24 2.56 2.91 2.98 2.68 2.29 2.05 1.91 1.85 1.86 1.93 1.98 2.18 2.67 3.19 3.32 3.02 2.70 2.48
2.91 2.88 2.77 2.60 2.50 2.55 2.69 2.82 3.08 3.50 3.73 3.64 3.43 3.24 2.99 2.69 2.44 2.19 2.04 2.10 2.30 2.58 2.94 3.04 2.73 2.38 2.34 2.49 2.67 2.68 2.57 2.46 2.38 2.27 2.08 1.87 1.87 2.07 2.28 2.47 2.72 2.96 2.90 2.44 2.01 2.06 2.42 2.61 2.59 2.63 2.79 2.91 2.89 2.81 2.66 2.45 2.25 2.12 2.01 1.89 1.86 1.92 2.03 2.16 2.35 2.59 2.85 3.03 2.97 2.62 2.23 1.97 1.83 1.80 1.83 1.89 1.99 2.24 2.70 3.10 3.20 2.98 2.67 2.39
3.02 2.94 2.77 2.60 2.53 2.61 2.77 3.00 3.37 3.63 3.61 3.41 3.23 3.07 2.78 2.46 2.24 2.15 2.25 2.43 2.60 2.78 2.98 3.02 2.80 2.50 2.39 2.45 2.56 2.59 2.55 2.48 2.38 2.25 2.14 2.05 2.04 2.13 2.23 2.41 2.67 2.80 2.49 1.91 1.64 1.89 2.35 2.63 2.62 2.57 2.69 2.81 2.75 2.59 2.44 2.28 2.14 2.06 1.95 1.85 1.85 1.93 2.07 2.23 2.43 2.63 2.81 2.96 2.90 2.58 2.20 1.92 1.77 1.75 1.79 1.89 2.06 2.30 2.57 2.86 3.04 2.96 2.66 2.30
3.04 2.92 2.71 2.59 2.57 2.68 2.84 3.06 3.34 3.44 3.30 3.10 2.98 2.77 2.39 2.20 2.23 2.32 2.41 2.44 2.44 2.55 2.82 3.03 2.94 2.63 2.41 2.38 2.45 2.50 2.49 2.44 2.32 2.20 2.19 2.21 2.20 2.16 2.31 2.36 2.53 2.36 1.79 1.36 1.42 1.82 2.32 2.70 2.72 2.56 2.58 2.64 2.54 2.39 2.26 2.18 2.13 2.02 1.85 1.78 1.85 1.96 2.08 2.20 2.37 2.57 2.75 2.91 2.86 2.54 2.17 1.89 1.72 1.64 1.67 1.81 1.97 2.08 2.23 2.57 2.93 2.99 2.66 2.24
3.03 2.94 2.76 2.65 2.64 2.72 2.84 2.97 3.07 3.05 2.89 2.78 2.68 2.38 2.12 2.22 2.34 2.28 2.15 2.00 2.01 2.32 2.83 3.18 3.07 2.70 2.48 2.43 2.42 2.40 2.41 2.41 2.35 2.26 2.22 2.18 2.10 2.06 2.10 2.22 2.19 1.77 1.34 1.30 1.57 1.93 2.38 2.81 2.84 2.67 2.63 2.62 2.51 2.35 2.24 2.24 2.20 1.99 1.77 1.76 1.87 2.01 2.13 2.33 2.58 2.75 2.83 2.88 2.77 2.40 2.04 1.78 1.57 1.47 1.53 1.67 1.76 1.82 2.01 2.44 2.91 3.01 2.66 2.23
3.14 3.08 2.89 2.71 2.64 2.68 2.75 2.79 2.79 2.76 2.74 2.64 2.44 2.13 2.10 2.24 2.17 1.90 1.72 1.71 1.94 2.47 3.09 3.39 3.14 2.71 2.53 2.47 2.41 2.36 2.38 2.43 2.43 2.30 2.12 1.96 1.86 1.87 1.95 2.00 1.85 1.60 1.59 1.80 2.01 2.21 2.58 2.96 3.01 2.87 2.78 2.70 2.58 2.45 2.37 2.38 2.28 2.05 1.91 1.90 1.94 2.05 2.23 2.52 2.73 2.74 2.71 2.73 2.60 2.26 1.90 1.58 1.37 1.33 1.43 1.53 1.61 1.73 1.97 2.42 2.86 2.98 2.73 2.41
3.28 3.13 2.83 2.59 2.52 2.58 2.65 2.65 2.64 2.70 2.71 2.56 2.22 1.98 1.99 2.00 1.82 1.64 1.64 1.86 2.28 2.84 3.41 3.53 3.09 2.64 2.47 2.40 2.32 2.30 2.35 2.44 2.44 2.25 1.97 1.84 1.82 1.88 1.94 1.96 1.94 1.99 2.14 2.25 2.35 2.53 2.83 3.12 3.16 3.00 2.82 2.69 2.58 2.50 2.45 2.44 2.37 2.23 2.11 1.99 1.94 2.03 2.24 2.45 2.48 2.38 2.43 2.57 2.52 2.20 1.76 1.39 1.23 1.26 1.36 1.42 1.48 1.63 1.88 2.29 2.78 3.05 3.00 2.71
3.25 2.96 2.52 2.35 2.39 2.52 2.60 2.58 2.58 2.65 2.68 2.33 2.00 1.85 1.86 1.85 1.81 1.84 2.06 2.46 2.86 3.26 3.60 3.45 2.84 2.49 2.37 2.22 2.13 2.19 2.32 2.42 2.42 2.25 2.05 2.01 2.07 2.11 2.13 2.17 2.24 2.29 2.28 2.32 2.48 2.74 3.02 3.24 3.24 3.04 2.87 2.75 2.65 2.53 2.44 2.44 2.46 2.36 2.16 1.95 1.88 1.96 2.13 2.22 2.17 2.18 2.39 2.61 2.53 2.09 1.56 1.23 1.15 1.21 1.32 1.40 1.50 1.67 1.87 2.24 2.84 3.30 3.31 2.83
3.01 2.70 2.31 2.27 2.41 2.58 2.62 2.54 2.50 2.75 2.40 2.16 1.97 1.95 2.06 2.17 2.29 2.50 2.83 3.13 3.29 3.42 3.45 3.10 2.64 2.45 2.30 2.06 1.99 2.11 2.27 2.37 2.41 2.35 2.29 2.31 2.33 2.29 2.25 2.25 2.25 2.19 2.21 2.39 2.67 2.96 3.21 3.33 3.26 3.11 2.98 2.88 2.77 2.62 2.48 2.46 2.47 2.35 2.10 1.89 1.84 1.93 2.05 2.09 2.13 2.32 2.61 2.71 2.38 1.72 1.21 1.05 1.08 1.19 1.32 1.46 1.65 1.87 2.09 2.46 3.10 3.58 3.41 2.68
2.80 2.64 2.45 2.52 2.67 2.73 2.67 2.53 2.45 2.68 2.38 2.27 2.23 2.33 2.52 2.72 2.93 3.13 3.27 3.27 3.17 3.10 3.03 2.82 2.65 2.51 2.28 2.06 2.05 2.17 2.26 2.33 2.42 2.47 2.46 2.40 2.31 2.23 2.19 2.15 2.11 2.13 2.30 2.60 2.91 3.17 3.32 3.29 3.16 3.04 2.92 2.82 2.74 2.62 2.49 2.47 2.45 2.30 2.07 1.88 1.87 1.98 2.08 2.15 2.30 2.56 2.72 2.51 1.88 1.21 0.91 0.92 1.06 1.23 1.39 1.53 1.72 1.97 2.31 2.76 3.35 3.69 3.34 2.60
2.80 2.80 2.84 2.96 3.00 2.88 2.69 2.55 2.50 2.49 2.49 2.49 2.54 2.70 2.87 3.00 3.11 3.14 3.06 2.85 2.61 2.50 2.59 2.71 2.73 2.56 2.33 2.23 2.28 2.33 2.34 2.39 2.52 2.60 2.51 2.30 2.19 2.16 2.14 2.14 2.18 2.32 2.56 2.83 3.06 3.19 3.14 2.96 2.80 2.73 2.70 2.73 2.73 2.61 2.48 2.46 2.45 2.33 2.13 1.97 1.96 2.06 2.17 2.28 2.46 2.64 2.55 2.05 1.37 0.97 0.89 1.00 1.17 1.35 1.54 1.67 1.79 2.01 2.39 2.92 3.49 3.74 3.45 3.07
2.92 2.98 3.10 3.16 3.08 2.87 2.68 2.57 2.55 2.57 2.61 2.65 2.72 2.84 2.90 2.88 2.84 2.75 2.54 2.24 2.03 2.07 2.40 2.80 2.87 2.64 2.46 2.44 2.48 2.50 2.53 2.63 2.76 2.76 2.58 2.36 2.28 2.27 2.23 2.27 2.42 2.64 2.84 2.97 3.03 2.96 2.73 2.48 2.41 2.51 2.70 2.86 2.82 2.62 2.46 2.45 2.46 2.37 2.22 2.10 2.06 2.14 2.26 2.37 2.51 2.51 2.19 1.61 1.17 1.04 1.10 1.23 1.35 1.49 1.63 1.77 1.94 2.18 2.57 3.13 3.74 3.99 3.83 3.61
3.04 3.08 3.13 3.12 2.99 2.83 2.70 2.63 2.63 2.66 2.68 2.69 2.71 2.72 2.67 2.62 2.57 2.38 2.05 1.80 1.81 2.06 2.58 3.03 3.06 2.79 2.58 2.54 2.55 2.59 2.71 2.88 2.96 2.88 2.69 2.53 2.49 2.46 2.38 2.42 2.58 2.75 2.82 2.86 2.82 2.61 2.31 2.14 2.22 2.54 2.93 3.07 2.87 2.58 2.44 2.46 2.48 2.39 2.25 2.14 2.12 2.21 2.31 2.38 2.43 2.29 1.84 1.37 1.18 1.20 1.30 1.38 1.48 1.61 1.70 1.83 2.08 2.47 2.97 3.58 4.15 4.26 3.94 3.52
3.19 3.20 3.21 3.18 3.05 2.86 2.75 2.75 2.78 2.75 2.68 2.61 2.57 2.52 2.51 2.52 2.41 2.11 1.85 1.86 2.08 2.41 2.88 3.24 3.22 2.94 2.70 2.62 2.61 2.67 2.81 2.94 2.97 2.87 2.75 2.71 2.71 2.67 2.55 2.52 2.59 2.62 2.65 2.71 2.59 2.29 2.07 2.05 2.28 2.78 3.23 3.23 2.89 2.59 2.48 2.49 2.48 2.36 2.20 2.10 2.11 2.19 2.26 2.30 2.31 2.10 1.68 1.40 1.35 1.40 1.45 1.49 1.57 1.69 1.82 2.02 2.33 2.78 3.40 4.03 4.38 4.20 3.59 3.06
3.44 3.42 3.38 3.26 3.07 2.85 2.75 2.79 2.81 2.70 2.56 2.50 2.48 2.49 2.54 2.49 2.25 1.99 1.99 2.21 2.44 2.68 3.07 3.34 3.31 3.07 2.81 2.70 2.69 2.76 2.86 2.93 2.89 2.82 2.85 2.93 2.94 2.86 2.76 2.65 2.56 2.52 2.58 2.56 2.32 2.06 2.01 2.13 2.49 3.11 3.49 3.34 2.91 2.62 2.50 2.48 2.45 2.31 2.14 2.09 2.11 2.42 2.19 2.22 2.20 1.98 1.68 1.58 1.60 1.62 1.61 1.62 1.68 1.80 2.00 2.33 2.73 3.25 3.88 4.32 4.27 3.79 3.16 2.71
3.72 3.60 3.37 3.14 2.94 2.75 2.66 2.66 2.62 2.49 2.40 2.44 2.54 2.61 2.58 2.38 2.13 2.06 2.21 2.39 2.48 2.68 3.10 3.38 3.35 3.13 2.86 2.71 2.72 2.81 2.90 2.92 2.88 2.90 3.00 3.05 2.97 2.86 2.79 2.71 2.54 2.42 2.38 2.24 1.99 1.92 2.06 2.26 2.73 3.42 3.68 3.36 2.87 2.58 2.48 2.45 2.40 2.26 2.12 2.13 2.19 2.23 2.22 2.21 2.17 1.97 1.76 1.74 1.79 1.79 1.76 1.79 1.91 2.07 2.32 2.68 3.23 3.89 4.40 4.41 3.96 3.39 2.91 2.54
3.86 3.58 3.10 2.82 2.65 2.51 2.45 2.45 2.45 2.38 2.41 2.58 2.76 2.80 2.59 2.30 2.14 2.14 2.21 2.26 2.38 2.68 3.17 3.42 3.33 3.10 2.83 2.67 2.69 2.80 2.88 2.91 2.91 2.96 3.00 2.90 2.70 2.56 2.48 2.41 2.27 2.13 2.04 1.91 1.83 1.94 2.13 2.38 3.01 3.70 3.75 3.24 2.73 2.50 2.42 2.40 2.34 2.22 2.14 2.21 2.30 2.31 2.27 2.24 2.17 1.99 1.85 1.85 1.90 1.92 1.96 2.09 2.31 2.56 2.86 3.26 3.82 4.39 4.57 4.19 3.58 3.16 2.85 2.54
3.77 3.38 2.73 2.43 2.28 2.16 2.19 2.34 2.46 2.52 2.66 2.90 3.04 2.92 2.58 2.29 2.16 2.10 2.03 2.11 2.39 2.79 3.26 3.43 3.29 3.06 2.82 2.66 2.66 2.73 2.78 2.78 2.76 2.79 2.76 2.57 2.32 2.11 1.91 1.78 1.77 1.80 1.83 1.85 1.94 2.10 2.25 2.59 3.37 3.91 3.67 3.01 2.59 2.43 2.37 2.33 2.30 2.23 2.23 2.34 2.40 2.35 2.30 2.26 2.17 2.02 1.95 1.98 2.03 2.08 2.22 2.50 2.86 3.25 3.60 3.95 4.35 4.62 4.41 3.79 3.34 3.16 2.99 2.82
3.47 3.04 2.44 2.24 2.16 2.11 2.20 2.39 2.54 2.67 2.84 3.01 2.99 2.72 2.38 2.19 2.11 2.04 2.03 2.25 2.58 2.94 3.32 3.42 3.27 3.06 2.84 2.70 2.66 2.69 2.68 2.61 2.54 2.52 2.45 2.23 1.94 1.68 1.41 1.32 1.44 1.66 1.86 2.05 2.26 2.41 2.58 3.06 3.77 3.96 3.46 2.82 2.51 2.40 2.34 2.32 2.33 2.37 2.47 2.57 2.52 2.38 2.30 2.27 2.22 2.12 2.07 2.10 2.17 2.28 2.55 2.95 3.42 3.81 4.06 4.25 4.43 4.44 4.08 3.58 3.38 3.34 3.23 3.22
3.05 2.77 2.42 2.37 2.40 2.44 2.51 2.56 2.61 2.68 2.78 2.81 2.63 2.31 2.09 2.04 2.06 2.09 2.22 2.51 2.80 3.09 3.38 3.44 3.27 3.06 2.90 2.79 2.76 2.74 2.67 2.53 2.44 2.37 2.22 1.94 1.62 1.37 1.19 1.24 1.47 1.76 2.08 2.41 2.65 2.80 3.05 3.52 3.94 3.82 3.23 2.71 2.46 2.36 2.34 2.37 2.45 2.57 2.68 2.66 2.47 2.28 2.23 2.27 2.30 2.25 2.19 2.20 2.29 2.50 2.89 3.32 3.67 3.84 3.90 3.95 4.02 3.99 3.77 3.52 3.45 3.39 3.32 3.46
2.81 2.79 2.82 2.89 2.92 2.90 2.80 2.72 2.70 2.71 2.68 2.55 2.28 2.02 1.91 1.96 2.07 2.19 2.41 2.72 2.96 3.21 3.42 3.41 3.24 3.07 2.95 2.86 2.83 2.80 2.68 2.51 2.38 2.23 1.99 1.68 1.41 1.26 1.25 1.41 1.69 2.06 2.46 2.77 2.93 3.05 3.26 3.60 3.81 3.55 3.00 2.58 2.33 2.26 2.33 2.43 2.53 2.60 2.53 2.33 2.12 2.05 2.13 2.26 2.32 2.27 2.23 2.27 2.38 2.64 3.04 3.34 3.45 3.40 3.32 3.34 3.49 3.64 3.60 3.44 3.30 3.21 3.23 3.44
2.92 3.09 3.35 3.43 3.37 3.19 2.98 2.90 2.87 2.78 2.59 2.33 2.06 1.90 1.89 2.00 2.15 2.33 2.62 2.91 3.11 3.29 3.37 3.29 3.17 3.08 2.99 2.88 2.80 2.73 2.61 2.44 2.26 2.05 1.78 1.53 1.38 1.36 1.46 1.69 2.08 2.55 2.89 3.04 3.05 3.06 3.19 3.45 3.57 3.27 2.78 2.37 2.12 2.14 2.32 2.46 2.50 2.41 2.16 1.91 1.83 1.91 2.09 2.27 2.29 2.20 2.18 2.26 2.40 2.63 2.93 3.02 2.95 2.87 2.82 2.91 3.24 3.59 3.61 3.34 3.12 3.06 3.12 3.24
3.14 3.32 3.54 3.54 3.39 3.21 3.13 3.11 3.00 2.77 2.50 2.23 2.02 1.94 2.00 2.14 2.31 2.55 2.85 3.05 3.15 3.19 3.15 3.11 3.11 3.10 3.00 2.83 2.69 2.60 2.48 2.31 2.14 1.93 1.71 1.55 1.51 1.57 1.76 2.13 2.66 3.06 3.17 3.09 2.98 2.93 3.05 3.32 3.38 3.06 2.57 2.15 1.98 2.12 2.37 2.47 2.39 2.15 1.86 1.70 1.74 1.91 2.11 2.24 2.20 2.10 2.12 2.25 2.43 2.64 2.78 2.72 2.64 2.65 2.70 2.92 3.40 3.77 3.73 3.35 3.11 3.07 3.06 3.09
3.32 3.42 3.51 3.38 3.13 2.99 3.02 2.99 2.84 2.62 2.42 2.25 2.13 2.09 2.17 2.32 2.52 2.76 2.95 3.00 2.95 2.89 2.90 2.99 3.11 3.14 2.98 2.73 2.59 2.51 2.39 2.22 2.06 1.89 1.75 1.69 1.72 1.87 2.20 2.73 3.16 3.24 3.05 2.85 2.75 2.79 2.98 3.24 3.24 2.87 2.38 2.05 2.00 2.18 2.41 2.43 2.23 1.91 1.66 1.64 1.79 1.98 2.12 2.16 2.10 2.05 2.12 2.29 2.48 2.64 2.70 2.66 2.66 2.69 2.82 3.22 3.74 4.01 3.88 3.47 3.19 3.09 3.03 3.11
3.45 3.50 3.50 3.27 2.92 2.71 2.65 2.60 2.49 2.39 2.32 2.26 2.21 2.22 2.29 2.43 2.62 2.77 2.80 2.72 2.63 2.61 2.74 3.00 3.21 3.21 2.99 2.74 2.65 2.55 2.39 2.19 2.00 1.86 1.82 1.87 1.99 2.27 2.71 3.12 3.23 2.99 2.70 2.57 2.61 2.75 3.00 3.19 3.09 2.68 2.24 2.03 2.01 2.20 2.41 2.39 2.17 1.90 1.73 1.79 1.99 2.11 2.14 2.13 2.11 2.12 2.21 2.36 2.48 2.56 2.63 2.70 2.70 2.70 2.97 3.59 4.11 4.21 3.94 3.52 3.19 3.05 3.02 3.22
3.55 3.55 3.42 3.07 2.66 2.41 2.32 2.27 2.21 2.17 2.17 2.19 2.21 2.24 2.31 2.42 2.52 2.52 2.42 2.34 2.33 2.43 2.73 3.14 3.38 3.31 3.06 2.89 2.79 2.61 2.39 2.16 1.94 1.85 1.89 2.01 2.21 2.56 2.91 3.09 2.98 2.70 2.52 2.54 2.67 2.81 2.99 3.10 2.91 2.50 2.14 1.93 1.94 2.20 2.46 2.44 2.24 2.05 1.97 2.09 2.25 2.25 2.20 2.19 2.20 2.23 2.32 2.44 2.50 2.56 2.68 2.76 2.69 2.78 3.34 4.11 4.46 4.27 3.82 3.38 3.08 2.98 3.04 3.26
3.54 3.42 3.09 2.62 2.23 2.07 2.11 2.16 2.13 2.07 2.09 2.16 2.20 2.23 2.29 2.34 2.32 2.22 2.16 2.20 2.30 2.51 2.95 3.41 3.55 3.36 3.11 2.95 2.76 2.49 2.30 2.10 1.92 1.87 1.96 2.11 2.31 2.60 2.84 2.96 2.85 2.63 2.56 2.66 2.75 2.80 2.90 2.93 2.72 2.34 1.97 1.79 1.94 2.32 2.57 2.52 2.32 2.18 2.21 2.34 2.41 2.34 2.29 2.31 2.33 2.35 2.44 2.56 2.66 2.78 2.87 2.82 2.81 3.18 3.98 4.57 4.54 4.07 3.58 3.22 2.99 2.95 3.02 3.16
3.29 3.07 2.68 2.31 2.03 2.02 2.16 2.25 2.22 2.20 2.21 2.22 2.20 2.23 2.29 2.30 2.26 2.25 2.35 2.49 2.60 2.85 3.28 3.60 3.57 3.30 3.05 2.83 2.48 2.20 2.12 2.00 1.89 1.92 2.05 2.20 2.39 2.65 2.89 3.01 2.89 2.67 2.62 2.70 2.70 2.67 2.74 2.75 2.51 2.08 1.73 1.75 2.13 2.54 2.68 2.56 2.35 2.27 2.33 2.42 2.44 2.42 2.44 2.49 2.50 2.49 2.54 2.65 2.78 2.85 2.82 2.79 3.03 3.70 4.44 4.60 4.18 3.64 3.31 3.10 2.94 2.88 2.89 2.95
2.84 2.72 2.54 2.40 2.30 2.33 2.39 2.38 2.32 2.34 2.32 2.23 2.19 2.25 2.33 2.37 2.42 2.54 2.67 2.69 2.72 2.96 3.36 3.58 3.47 3.16 2.87 2.54 2.13 1.95 1.96 1.87 1.86 2.00 2.17 2.32 2.54 2.84 3.08 3.11 2.91 2.67 2.60 2.61 2.55 2.52 2.61 2.60 2.29 1.80 1.61 1.90 2.40 2.69 2.70 2.54 2.38 2.33 2.36 2.40 2.45 2.53 2.61 2.63 2.58 2.53 2.55 2.62 2.67 2.65 2.63 2.85 3.40 4.10 4.45 4.20 3.60 3.19 3.03 2.94 2.78 2.65 2.62 2.65
2.52 2.54 2.59 2.61 2.60 2.61 2.58 2.51 2.46 2.43 2.33 2.19 2.19 2.31 2.42 2.51 2.62 2.69 2.62 2.49 2.54 2.89 3.34 3.56 3.38 2.97 2.59 2.24 1.97 1.93 1.95 1.89 1.92 2.10 2.29 2.48 2.73 3.01 3.14 3.05 2.80 2.60 2.52 2.48 2.41 2.44 2.55 2.47 2.08 1.69 1.73 2.17 2.59 2.73 2.65 2.50 2.39 2.33 2.32 2.37 2.46 2.56 2.62 2.57 2.48 2.45 2.48 2.53 2.55 2.56 2.71 3.17 3.74 4.06 4.03 3.67 3.21 2.93 2.83 2.75 2.58 2.42 2.35 2.30
2.40 2.48 2.62 2.73 2.77 2.77 2.80 2.78 2.71 2.55 2.34 2.21 2.25 2.39 2.53 2.63 2.69 2.63 2.48 2.46 2.70 3.12 3.52 3.63 3.30 2.78 2.37 2.16 2.10 2.13 2.13 2.05 2.06 2.20 2.40 2.61 2.81 2.98 3.00 2.85 2.65 2.52 2.46 2.41 2.39 2.46 2.51 2.33 1.94 1.75 1.96 2.41 2.68 2.71 2.60 2.46 2.35 2.27 2.25 2.34 2.45 2.52 2.50 2.40 2.32 2.33 2.41 2.51 2.60 2.71 2.98 3.39 3.59 3.58 3.53 3.35 3.06 2.85 2.74 2.63 2.49 2.33 2.18 2.05
2.32 2.38 2.61 2.89 3.05 3.09 3.05 2.90 2.64 2.38 2.23 2.27 2.37 2.47 2.57 2.64 2.66 2.60 2.65 2.89 3.22 3.51 3.73 3.65 3.18 2.68 2.40 2.35 2.40 2.43 2.34 2.21 2.18 2.27 2.41 2.54 2.66 2.80 2.82 2.70 2.57 2.50 2.46 2.44 2.47 2.49 2.44 2.20 1.90 1.85 2.16 2.58 2.75 2.72 2.60 2.46 2.31 2.20 2.21 2.35 2.46 2.44 2.34 2.22 2.16 2.25 2.42 2.58 2.71 2.85 3.05 3.16 3.09 3.15 3.33 3.26 3.03 2.84 2.69 2.56 2.43 2.25 2.01 1.90
