project/data/elevation/US_DEM2016/US_DEM2016_point_10-28-2019_1553_30m_vel.asc
ncols	125
nrows	167
xllcorner	-2042055.000000
yllcorner	1465035.000000
cellsize	30.000000
NODATA_value	-9999.000000
[rows 0 to 37 of 167, columns 0 to 83 of 125]
6.06 5.51 5.08 5.70 6.85 8.15 9.33 10.12 10.32 10.41 10.71 11.37 11.65 11.01 10.43 10.42 10.49 10.39 9.94 9.41 8.95 8.89 9.23 9.68 10.04 10.10 9.85 9.00 7.78 6.50 5.33 4.32 3.61 3.23 3.16 3.33 3.78 4.49 5.22 5.64 5.82 5.93 6.02 5.98 5.64 5.16 4.81 4.90 5.38 6.21 7.08 7.97 8.75 9.51 9.77 9.79 9.51 8.61 7.79 7.29 7.07 7.10 7.34 7.83 8.14 8.18 7.99 7.42 6.46 5.84 5.72 5.94 6.35 6.79 7.13 7.33 7.54 7.91 8.38 8.75 9.08 9.16 8.52 8.12
6.06 5.51 5.08 5.70 6.85 8.15 9.33 10.12 10.32 10.41 10.71 11.37 11.65 11.01 10.43 10.42 10.49 10.39 9.94 9.41 8.95 8.89 9.23 9.68 10.04 10.10 9.85 9.00 7.78 6.50 5.33 4.32 3.61 3.23 3.16 3.33 3.78 4.49 5.22 5.64 5.82 5.93 6.02 5.98 5.64 5.16 4.81 4.90 5.38 6.21 7.08 7.97 8.75 9.51 9.77 9.79 9.51 8.61 7.79 7.29 7.07 7.10 7.34 7.83 8.14 8.18 7.99 7.42 6.46 5.84 5.72 5.94 6.35 6.79 7.13 7.33 7.54 7.91 8.38 8.75 9.08 9.16 8.52 8.12
5.92 5.46 5.19 5.77 6.62 7.67 8.66 9.33 9.62 9.72 9.98 10.51 10.69 10.37 9.94 9.89 9.98 10.00 9.69 9.12 8.78 8.78 9.05 9.30 9.42 9.31 8.82 7.97 7.00 5.98 5.03 4.24 3.71 3.45 3.38 3.49 3.81 4.30 4.82 5.20 5.34 5.43 5.53 5.69 5.78 5.74 5.66 5.67 6.02 6.61 7.27 7.88 8.41 8.83 9.03 9.08 9.02 8.69 8.09 7.43 6.95 6.74 6.94 7.29 7.52 7.58 7.57 7.45 7.18 6.75 6.52 6.49 6.57 6.67 6.77 6.91 7.14 7.53 7.89 8.10 8.22 8.32 8.24 8.18
6.20 5.75 5.64 6.08 6.57 7.07 7.61 7.89 7.93 8.04 8.40 8.68 8.76 8.64 8.59 8.58 8.64 8.88 8.84 8.57 8.52 8.62 8.66 8.45 8.11 7.72 7.16 6.60 6.02 5.44 4.89 4.49 4.30 4.27 4.24 4.18 4.16 4.27 4.42 4.63 4.98 5.29 5.55 5.88 6.30 6.64 6.84 6.89 6.97 7.19 7.49 7.64 7.65 7.54 7.49 7.35 7.41 7.69 7.80 7.64 7.26 6.90 6.67 6.56 6.37 6.31 6.53 6.96 7.34 7.51 7.45 7.20 6.85 6.50 6.28 6.28 6.49 6.77 6.89 6.77 6.77 7.20 7.77 8.19
6.58 6.21 6.17 6.43 6.64 6.85 6.95 6.96 6.76 6.71 6.90 7.13 7.21 7.18 7.24 7.26 7.32 7.57 7.94 8.28 8.53 8.48 8.17 7.54 6.87 6.44 6.26 6.09 5.87 5.65 5.45 5.37 5.41 5.46 5.39 5.16 4.88 4.75 4.71 4.85 5.32 5.84 6.31 6.74 6.95 7.16 7.32 7.47 7.55 7.60 7.63 7.47 7.10 6.65 6.24 5.60 5.29 5.49 6.17 6.90 7.21 7.15 6.83 6.27 5.80 5.48 5.40 5.63 6.08 6.43 6.57 6.50 6.30 6.06 5.90 5.88 5.98 6.09 6.10 6.01 6.14 6.73 7.44 7.77
6.65 6.40 6.46 6.69 6.71 6.72 6.65 6.33 6.08 5.97 5.95 6.11 6.31 6.46 6.75 6.93 7.01 7.10 7.53 8.07 8.32 8.05 7.45 6.60 5.96 5.82 5.93 6.03 6.10 6.17 6.26 6.35 6.36 6.24 6.02 5.73 5.49 5.34 5.24 5.27 5.44 5.75 6.25 6.83 7.16 7.30 7.43 7.63 7.73 7.76 7.69 7.44 7.04 6.30 5.47 4.78 4.55 4.69 5.11 5.62 6.14 6.43 6.34 5.87 5.41 5.05 4.83 4.74 4.77 4.86 4.98 5.09 5.17 5.25 5.31 5.37 5.46 5.57 5.67 5.77 5.99 6.43 6.85 6.86
6.78 6.71 6.79 6.98 6.87 6.62 6.28 5.77 5.47 5.42 5.40 5.46 5.67 6.16 6.74 7.00 7.22 7.29 7.30 7.37 7.47 7.24 6.67 6.00 5.72 5.74 5.84 5.95 6.16 6.48 6.76 6.90 6.79 6.61 6.41 6.26 6.17 6.05 5.83 5.56 5.42 5.49 5.76 6.20 6.56 6.64 6.70 6.87 7.18 7.38 7.50 7.42 7.09 6.69 6.19 5.74 5.73 5.79 5.73 5.57 5.43 5.42 5.37 5.18 4.88 4.59 4.41 4.37 4.37 4.39 4.41 4.45 4.52 4.62 4.70 4.76 4.83 4.96 5.22 5.52 5.82 6.08 6.18 5.92
6.89 7.05 7.37 7.37 7.14 6.51 5.83 5.25 5.09 5.22 5.17 5.03 5.25 5.92 6.53 6.71 6.91 7.00 6.74 6.43 6.39 6.34 6.07 5.86 5.80 5.83 5.89 5.93 6.09 6.47 6.88 7.11 7.14 7.19 7.31 7.51 7.55 7.35 6.95 6.43 5.91 5.55 5.49 5.50 5.45 5.46 5.49 5.71 6.28 7.00 7.37 7.44 7.37 7.50 7.56 7.51 7.26 6.94 6.48 5.89 5.32 4.94 4.79 4.68 4.46 4.22 4.14 4.27 4.43 4.47 4.40 4.31 4.26 4.28 4.37 4.45 4.52 4.70 5.01 5.30 5.48 5.56 5.52 5.28
7.20 7.45 7.91 7.79 7.36 6.65 5.83 5.34 5.36 5.43 5.27 5.09 5.28 5.77 6.09 6.11 6.15 6.20 6.01 5.77 5.76 5.73 5.55 5.53 5.61 5.73 5.99 6.24 6.40 6.58 6.98 7.39 7.80 8.36 9.00 9.40 9.40 9.06 8.57 7.96 7.20 6.42 5.83 5.50 5.23 5.13 5.41 5.85 6.58 7.22 7.38 7.09 6.91 7.09 7.35 7.41 7.14 6.64 6.04 5.50 5.04 4.72 4.59 4.58 4.51 4.42 4.46 4.66 4.71 4.59 4.40 4.25 4.26 4.45 4.74 4.97 5.15 5.43 5.64 5.63 5.45 5.24 5.13 5.13
7.36 7.74 8.15 7.99 7.53 6.98 6.30 6.08 6.26 6.35 6.03 5.71 5.71 5.82 5.76 5.61 5.53 5.57 5.63 5.64 5.67 5.44 5.13 5.12 5.33 5.58 5.95 6.39 6.74 7.02 7.46 8.01 8.69 9.41 9.91 10.04 9.90 9.67 9.46 9.16 8.65 7.91 7.12 6.47 5.97 5.91 6.15 6.68 7.29 7.53 7.21 6.26 5.57 5.09 5.23 5.58 5.67 5.42 5.11 4.83 4.57 4.41 4.42 4.64 4.99 5.19 5.37 5.45 5.16 4.73 4.52 4.58 4.91 5.42 5.90 6.24 6.55 6.86 6.97 6.75 6.33 6.00 5.85 5.77
7.58 7.69 8.06 8.09 7.81 7.54 7.38 7.58 7.80 7.71 7.32 6.84 6.40 6.01 5.59 5.23 5.16 5.45 5.82 6.03 6.01 5.67 5.29 5.22 5.40 5.63 5.90 6.31 6.97 7.69 8.30 8.80 9.19 9.32 9.09 8.63 8.51 8.82 9.17 9.35 9.29 8.91 8.27 7.51 6.92 6.63 6.62 7.05 7.53 7.50 6.72 5.65 4.80 4.22 4.04 4.13 4.35 4.50 4.52 4.44 4.33 4.33 4.53 4.96 5.57 6.10 6.33 6.15 5.66 5.08 5.00 5.40 6.02 6.63 7.14 7.56 7.90 8.04 7.91 7.62 7.36 7.16 6.95 6.67
7.49 7.28 7.57 8.17 8.49 8.69 8.97 9.28 9.42 9.07 8.52 7.98 7.34 6.50 5.71 5.30 5.28 5.68 6.21 6.50 6.43 6.11 5.77 5.62 5.71 5.97 6.31 6.85 7.61 8.34 8.70 8.80 8.58 7.99 7.12 6.59 6.77 7.37 7.91 8.30 8.64 8.84 8.73 8.34 7.76 7.24 7.02 7.24 7.37 7.02 6.04 5.36 4.91 4.41 3.95 3.71 3.81 4.12 4.33 4.40 4.49 4.75 5.16 5.67 6.24 6.66 6.79 6.61 6.23 5.95 5.87 6.29 6.83 7.42 7.87 8.14 8.11 7.78 7.16 6.69 6.47 6.40 6.37 6.32
7.01 6.68 6.78 7.75 8.66 9.30 9.70 9.84 9.83 9.56 9.14 8.70 8.15 7.23 6.38 5.94 5.84 5.99 6.29 6.46 6.38 6.15 5.91 5.81 5.97 6.36 6.88 7.42 7.81 7.95 7.81 7.36 6.61 5.73 5.24 5.41 5.86 6.14 6.19 6.50 7.05 7.66 8.19 8.43 8.27 7.78 7.38 7.34 6.98 6.08 5.16 4.74 4.34 3.93 3.59 3.50 3.72 4.11 4.48 4.77 5.07 5.48 5.95 6.34 6.61 6.74 6.79 6.87 6.89 6.83 6.84 7.07 7.57 7.96 7.98 7.60 6.82 5.81 4.97 4.48 4.28 4.39 4.69 4.98
7.00 6.82 6.74 7.05 7.71 8.37 8.70 8.75 8.60 8.54 8.57 8.54 8.36 7.92 7.33 6.78 6.41 6.18 6.08 5.95 5.79 5.67 5.66 5.72 5.94 6.27 6.58 6.67 6.46 6.07 5.56 4.85 4.14 3.71 3.85 4.42 4.74 4.69 4.64 4.89 5.30 5.87 6.54 7.14 7.56 7.59 7.42 7.22 6.71 5.65 4.68 3.90 3.42 3.27 3.33 3.62 4.00 4.40 4.86 5.38 5.83 6.21 6.50 6.72 6.85 6.93 7.05 7.28 7.44 7.45 7.49 7.78 8.05 7.83 7.04 5.85 4.70 4.00 3.71 3.65 3.80 4.14 4.46 4.56
7.32 7.43 7.11 6.68 6.33 6.34 6.36 6.18 5.98 6.18 6.61 7.06 7.38 7.59 7.55 7.24 6.77 6.30 5.90 5.49 5.16 5.15 5.29 5.42 5.48 5.47 5.28 4.88 4.39 4.02 3.71 3.45 3.32 3.33 3.46 3.58 3.63 3.74 3.88 4.01 4.15 4.39 4.75 5.31 6.09 7.03 7.31 7.25 6.74 5.86 4.73 3.83 3.49 3.59 3.95 4.35 4.60 4.83 5.24 5.89 6.56 6.94 7.20 7.41 7.58 7.77 7.92 7.99 8.01 7.94 7.98 8.13 7.77 6.64 5.28 4.33 3.96 3.86 3.96 4.28 4.73 5.20 5.41 5.40
7.37 7.31 6.87 6.19 5.16 4.39 3.88 3.55 3.55 3.75 4.14 4.57 5.19 5.91 6.61 6.92 6.81 6.37 5.83 5.31 5.00 4.98 5.06 5.03 4.85 4.54 4.17 3.88 3.70 3.54 3.47 3.62 3.94 4.16 4.11 4.02 3.99 4.11 4.27 4.37 4.41 4.49 4.72 5.31 6.16 7.21 7.58 7.42 6.75 5.77 4.94 4.51 4.42 4.69 5.06 5.30 5.29 5.35 5.78 6.60 7.38 7.97 8.33 8.54 8.73 9.00 9.15 9.14 9.04 8.87 8.63 8.08 6.83 5.47 4.76 4.62 4.73 4.74 4.80 5.14 5.71 6.16 6.32 6.56
6.94 6.47 5.84 5.28 4.23 3.34 2.86 2.78 2.93 3.28 3.63 3.89 4.30 4.98 5.70 6.29 6.53 6.36 5.92 5.49 5.24 5.12 4.99 4.79 4.55 4.32 4.23 4.30 4.37 4.31 4.19 4.20 4.50 4.96 5.19 5.27 5.26 5.25 5.26 5.39 5.62 5.96 6.37 7.00 7.72 8.13 7.98 7.53 6.79 6.03 5.48 5.30 5.41 5.73 6.09 6.29 6.19 6.32 6.90 7.77 8.65 9.31 9.67 9.80 9.79 9.86 10.00 10.11 10.14 9.82 9.16 8.11 6.56 5.83 5.88 6.15 6.18 5.97 5.87 6.13 6.58 7.00 7.38 7.81
6.73 6.22 5.41 4.66 4.03 3.62 3.63 3.98 4.43 4.95 5.33 5.51 5.74 5.92 6.01 6.05 6.19 6.26 6.11 5.84 5.56 5.29 5.03 4.81 4.71 4.74 4.89 5.06 5.23 5.32 5.23 5.02 5.08 5.50 5.98 6.32 6.46 6.44 6.38 6.54 7.03 7.52 8.04 8.49 8.66 8.30 7.68 7.17 6.76 6.42 6.08 5.97 6.16 6.59 6.97 7.10 7.18 7.42 8.16 9.09 9.82 10.17 10.24 10.17 10.02 9.89 9.88 9.96 10.14 10.04 9.62 9.10 8.23 7.94 8.25 8.53 8.45 8.08 7.88 7.85 7.93 8.14 8.53 8.80
6.83 6.49 5.66 4.88 4.61 4.98 5.68 6.37 7.00 7.47 7.76 7.90 7.83 7.41 6.78 6.29 6.14 6.21 6.22 6.07 5.80 5.51 5.25 5.11 5.15 5.30 5.43 5.60 5.85 6.13 6.27 6.27 6.29 6.44 6.77 7.22 7.59 7.71 7.80 8.04 8.42 8.76 8.90 8.73 8.09 7.06 6.19 6.02 6.33 6.46 6.59 6.73 7.05 7.45 7.66 7.60 7.76 8.30 9.14 9.78 9.98 9.81 9.49 9.30 9.26 9.29 9.34 9.29 9.26 9.44 9.86 10.21 10.58 10.72 10.89 11.19 11.30 11.15 10.88 10.44 9.99 9.61 9.41 9.10
6.58 6.05 5.26 4.92 5.42 6.46 7.61 8.53 9.13 9.33 9.31 9.14 8.82 8.16 7.45 6.86 6.51 6.36 6.30 6.20 6.03 5.88 5.78 5.74 5.74 5.80 5.91 6.10 6.36 6.70 7.13 7.56 7.93 8.22 8.45 8.69 8.82 8.82 9.00 9.27 9.35 9.14 8.62 7.75 6.56 5.40 4.80 4.99 5.90 6.59 7.12 7.55 7.90 8.04 7.98 7.85 8.19 8.92 9.40 9.51 9.08 8.44 7.90 7.72 7.90 8.25 8.52 8.55 8.37 8.49 9.30 10.25 11.06 11.50 11.80 12.27 12.57 12.56 12.27 11.88 11.29 10.64 9.84 8.93
5.79 5.26 4.83 5.26 6.51 7.98 9.06 9.64 9.84 9.67 9.33 9.00 8.64 8.22 7.84 7.42 6.96 6.57 6.40 6.35 6.34 6.41 6.56 6.65 6.66 6.62 6.74 6.92 7.14 7.50 8.09 8.79 9.41 9.87 10.08 9.93 9.63 9.43 9.45 9.40 8.99 8.20 7.17 6.01 5.04 4.57 4.58 5.19 6.26 7.18 8.00 8.61 8.83 8.64 8.36 8.35 8.72 9.00 9.02 8.48 7.63 6.80 6.15 5.82 6.04 6.33 6.60 6.79 6.89 7.14 7.71 8.57 9.48 10.09 10.52 10.95 11.25 11.32 11.33 11.25 11.01 10.50 9.82 8.87
6.18 5.88 5.97 6.95 8.28 9.32 9.70 9.61 9.29 8.76 8.35 8.07 7.82 7.73 7.66 7.45 7.09 6.70 6.57 6.69 6.95 7.33 7.70 7.91 7.99 7.97 8.04 8.19 8.43 8.84 9.43 9.97 10.28 10.32 10.08 9.64 9.30 9.02 8.75 8.18 7.30 6.33 5.32 4.55 4.35 4.66 5.34 6.34 7.18 8.08 8.84 9.20 9.28 9.24 8.98 8.87 8.86 8.64 8.07 7.02 5.98 5.13 4.31 3.94 3.96 3.94 3.90 4.19 4.71 5.12 5.86 6.45 6.90 7.19 7.44 7.77 7.77 7.97 8.31 8.59 9.23 9.68 9.70 9.39
7.20 7.57 8.39 9.09 9.59 9.78 9.36 8.71 8.06 7.64 7.42 7.22 7.05 7.01 7.02 7.01 6.89 6.76 6.84 7.17 7.70 8.25 8.70 9.02 9.11 9.17 9.27 9.46 9.75 10.15 10.43 10.36 9.95 9.26 8.45 7.91 7.93 7.73 7.11 6.16 5.21 4.59 4.19 4.25 4.71 5.36 6.25 7.15 8.00 8.75 9.08 9.18 9.15 9.18 9.15 8.92 8.50 7.83 6.78 5.64 4.60 3.60 2.95 2.80 2.80 2.74 2.77 3.08 3.57 4.12 4.66 5.14 5.32 5.27 5.14 5.21 5.45 5.98 6.47 6.87 7.53 8.44 9.15 9.36
7.79 8.50 9.44 9.71 9.64 9.23 8.40 7.72 7.11 6.90 6.84 6.68 6.54 6.46 6.47 6.57 6.67 6.80 7.02 7.29 7.60 7.95 8.35 8.84 9.15 9.42 9.72 10.03 10.28 10.34 10.04 9.28 8.19 7.23 6.59 6.40 6.33 5.87 5.06 4.40 3.97 3.86 4.13 4.83 5.51 6.17 6.97 7.73 8.45 8.76 8.60 8.33 8.25 8.39 8.50 8.36 7.87 7.10 6.02 5.00 4.04 3.14 2.70 2.71 2.83 2.92 3.19 3.68 4.10 4.26 4.40 4.56 4.57 4.39 4.15 4.19 4.73 5.50 5.86 6.01 6.47 7.12 7.93 8.44
8.08 8.52 9.07 9.13 8.80 8.09 7.38 6.91 6.61 6.48 6.36 6.18 6.09 6.06 6.13 6.33 6.57 6.76 6.85 6.80 6.73 6.73 6.97 7.48 8.22 8.86 9.40 9.69 9.62 9.15 8.27 7.09 5.95 5.29 5.06 4.98 4.58 4.02 3.64 3.64 3.87 4.33 5.02 5.69 6.40 7.14 7.69 8.24 8.51 8.33 7.92 7.64 7.55 7.58 7.66 7.66 7.45 6.94 6.08 5.11 4.32 3.83 3.75 3.93 4.10 4.24 4.61 4.87 4.72 4.45 4.31 4.32 4.21 3.94 3.73 3.89 4.43 4.87 4.93 5.03 5.40 5.80 6.52 7.38
8.34 8.08 7.98 8.10 7.66 7.30 6.76 6.30 6.11 5.99 5.83 5.69 5.61 5.65 5.88 6.21 6.54 6.69 6.67 6.52 6.44 6.50 6.80 7.33 8.06 8.62 8.83 8.65 8.09 7.23 6.18 5.23 4.42 3.96 3.79 3.71 3.53 3.38 3.47 3.89 4.58 5.36 5.96 6.62 7.39 8.02 8.43 8.57 8.33 7.81 7.35 7.09 6.97 7.00 7.19 7.34 7.38 7.18 6.64 5.88 5.33 5.18 5.35 5.56 5.70 5.86 5.96 5.60 4.96 4.65 4.62 4.36 3.99 3.77 3.75 3.93 4.14 4.15 4.10 4.33 4.66 4.96 5.54 6.58
8.47 7.94 7.33 7.34 7.35 7.19 6.91 6.46 6.14 5.99 5.80 5.67 5.59 5.66 5.92 6.26 6.61 6.86 6.99 7.05 7.26 7.69 8.21 8.65 8.80 8.59 8.02 7.24 6.36 5.52 4.68 4.06 3.75 3.65 3.58 3.57 3.73 4.03 4.32 4.69 5.32 5.97 6.66 7.49 8.26 8.79 8.96 8.67 8.06 7.33 6.70 6.33 6.32 6.56 6.94 7.28 7.42 7.45 7.36 7.14 6.99 7.09 7.31 7.47 7.50 7.33 6.92 6.36 5.89 5.74 5.40 4.78 4.13 3.99 4.08 4.05 4.02 4.03 4.11 4.27 4.47 4.66 5.05 5.80
8.58 7.99 7.19 7.03 7.12 7.26 7.37 7.21 6.93 6.79 6.69 6.49 6.43 6.46 6.57 6.67 6.87 7.20 7.56 7.89 8.32 8.80 9.07 8.98 8.51 7.71 6.75 5.77 4.86 4.20 3.84 3.73 3.85 4.19 4.38 4.47 4.62 4.95 5.31 5.54 5.87 6.37 7.20 8.11 8.85 9.21 9.07 8.52 7.78 6.98 6.21 5.86 5.99 6.38 6.79 7.04 7.15 7.51 7.86 8.18 8.63 9.16 9.62 9.86 9.60 9.08 8.35 7.76 7.55 7.19 6.26 5.23 4.76 4.84 4.79 4.40 4.27 4.46 4.62 4.64 4.62 4.63 4.83 5.19
8.42 7.73 6.87 6.67 6.74 7.15 7.47 7.60 7.50 7.41 7.35 7.20 7.20 7.27 7.31 7.23 7.15 7.31 7.73 8.19 8.55 8.64 8.30 7.57 6.74 5.97 5.24 4.51 3.91 3.66 3.79 4.28 4.75 5.06 5.33 5.54 5.68 5.86 6.14 6.25 6.44 6.89 7.77 8.56 9.10 9.12 8.68 8.09 7.57 7.05 6.47 6.09 6.13 6.38 6.49 6.57 6.90 7.55 8.13 8.81 9.57 10.25 10.73 10.93 11.00 10.68 10.11 9.61 9.02 8.22 7.19 6.26 6.01 5.99 5.69 5.28 5.29 5.56 5.57 5.28 4.94 4.74 4.73 4.82
8.10 7.63 6.94 6.63 6.60 6.82 7.22 7.52 7.57 7.41 7.14 6.90 6.93 7.09 7.22 7.22 7.07 7.10 7.41 7.73 7.71 7.22 6.38 5.50 4.80 4.26 3.86 3.62 3.61 3.88 4.59 5.38 5.81 6.04 6.21 6.39 6.60 6.75 6.81 6.90 7.14 7.63 8.21 8.73 8.78 8.36 7.72 7.40 7.46 7.45 7.27 7.03 6.73 6.68 6.59 6.68 7.12 7.80 8.32 9.01 9.61 10.20 10.48 10.52 10.77 10.90 10.82 10.73 10.31 9.66 9.13 8.66 8.18 7.49 6.79 6.59 6.83 7.04 6.70 6.01 5.28 4.78 4.52 4.56
8.26 8.07 7.52 7.08 6.93 6.88 7.07 7.38 7.54 7.43 7.06 6.70 6.58 6.58 6.62 6.62 6.66 6.80 7.00 6.85 6.20 5.22 4.31 3.65 3.11 2.71 2.51 2.75 3.47 4.50 5.55 6.20 6.62 6.86 7.02 7.16 7.24 7.23 7.21 7.30 7.66 8.04 8.45 8.53 8.12 7.27 6.85 6.86 7.17 7.67 7.79 7.69 7.53 7.32 7.15 7.15 7.35 7.80 8.25 8.79 9.05 8.99 8.55 8.46 8.94 9.68 10.27 10.78 11.14 11.19 11.21 10.98 10.32 9.45 8.62 8.36 8.31 7.97 7.19 6.03 5.13 4.63 4.40 4.31
8.52 8.15 7.61 7.31 7.19 7.11 7.08 7.26 7.54 7.72 7.65 7.32 7.04 6.75 6.50 6.32 6.38 6.55 6.41 5.71 4.61 3.59 2.84 2.39 2.12 1.98 1.99 2.40 3.27 4.37 5.36 5.94 6.36 6.73 7.04 7.26 7.23 7.19 7.18 7.37 7.74 8.18 8.50 8.33 7.82 7.12 6.73 6.70 6.89 7.27 7.72 7.83 7.92 7.78 7.52 7.24 7.18 7.32 7.72 8.03 8.05 7.59 7.02 6.90 7.21 7.95 8.92 9.81 10.56 11.09 11.47 11.61 11.26 10.78 10.34 9.87 9.05 7.91 6.66 5.59 4.98 4.68 4.39 4.07
8.15 7.44 6.69 6.71 6.87 6.91 6.81 6.84 7.22 7.65 7.87 7.70 7.38 7.03 6.73 6.45 6.37 6.22 5.68 4.73 3.83 3.17 2.73 2.49 2.44 2.52 2.73 3.04 3.49 3.95 4.36 4.74 5.09 5.47 5.87 6.20 6.43 6.60 6.85 7.24 7.58 8.00 8.16 7.85 7.40 6.95 6.53 6.45 6.54 6.75 7.10 7.56 7.73 7.70 7.42 6.92 6.69 6.65 6.99 7.19 7.01 6.41 6.03 6.18 6.63 7.12 7.61 8.11 8.67 9.19 9.65 10.06 10.41 10.56 10.53 10.22 9.10 7.49 6.35 5.79 5.43 4.88 4.26 4.03
7.14 6.54 5.96 6.02 6.10 5.97 5.79 5.92 6.28 6.88 7.36 7.46 7.25 6.96 6.76 6.53 6.32 5.95 5.32 4.68 4.23 4.00 3.85 3.77 3.78 3.93 4.07 4.20 4.26 4.29 4.35 4.36 4.38 4.47 4.68 5.07 5.66 6.07 6.52 6.98 7.27 7.45 7.18 6.39 5.58 5.27 5.32 5.50 5.71 6.16 6.57 6.97 7.23 7.17 6.87 6.46 6.21 6.27 6.46 6.56 6.27 5.70 5.62 5.89 6.35 6.67 6.72 6.70 6.83 7.13 7.20 7.58 8.33 9.08 9.56 9.72 9.25 8.15 7.11 6.52 5.74 4.88 4.40 4.47
6.61 6.50 6.41 6.27 5.80 5.37 5.22 5.25 5.43 5.92 6.57 7.03 7.12 6.94 6.71 6.42 6.16 5.85 5.51 5.28 5.26 5.29 5.34 5.35 5.36 5.40 5.44 5.36 5.28 5.24 5.19 5.01 4.74 4.51 4.50 4.84 5.38 5.81 6.30 6.72 6.88 6.70 5.92 4.63 3.93 3.96 4.36 4.84 5.35 5.78 6.21 6.51 6.59 6.57 6.35 6.22 6.19 6.32 6.33 6.34 6.17 5.93 5.95 5.99 6.03 5.84 5.63 5.66 5.86 6.08 6.19 6.36 6.83 7.53 8.01 8.69 9.24 9.11 8.33 7.19 5.93 5.30 5.35 5.71
7.13 7.37 7.61 7.34 6.77 6.01 5.55 5.30 5.15 5.23 5.64 6.29 6.76 6.89 6.68 6.28 6.03 5.90 5.91 6.12 6.38 6.64 6.84 6.93 6.96 6.83 6.59 6.32 6.04 5.81 5.68 5.54 5.36 5.14 4.98 5.09 5.51 5.94 6.43 6.73 6.66 6.14 5.22 4.30 4.13 4.52 5.13 5.74 6.11 6.20 6.17 6.19 6.16 6.24 6.23 6.24 6.25 6.40 6.38 6.49 6.54 6.49 6.26 5.79 5.35 4.98 4.79 4.95 5.36 5.70 5.91 6.13 6.30 6.62 6.99 7.67 8.67 9.31 9.27 8.58 7.54 7.19 7.36 7.56
7.72 8.05 8.30 7.99 7.48 6.80 6.17 5.64 5.23 4.91 4.87 5.27 5.96 6.44 6.51 6.22 6.01 6.07 6.41 6.96 7.42 7.86 8.21 8.44 8.40 8.17 7.81 7.36 6.81 6.28 5.88 5.68 5.68 5.84 6.01 6.06 6.24 6.62 7.06 7.22 7.09 6.57 5.82 5.48 5.81 6.43 7.04 7.33 7.29 6.77 6.33 6.03 6.03 6.14 6.25 6.30 6.28 6.44 6.53 6.83 6.94 6.78 6.30 5.54 4.89 4.50 4.48 4.72 5.09 5.40 5.64 5.85 6.06 6.15 6.49 6.98 7.77 8.79 9.58 10.13 10.22 9.91 9.52 9.22
7.95 8.12 8.04 7.66 7.19 6.65 6.22 5.77 5.25 4.75 4.55 4.68 5.12 5.74 6.11 6.10 5.98 6.09 6.61 7.30 7.84 8.28 8.61 8.84 8.84 8.71 8.51 8.19 7.68 7.06 6.43 5.98 5.92 6.21 6.53 6.81 7.11 7.45 7.73 8.04 8.27 8.11 7.89 7.64 7.82 8.24 8.42 8.08 7.52 6.88 6.34 6.08 5.99 6.12 6.26 6.31 6.32 6.57 6.78 7.10 7.16 6.95 6.50 5.84 5.16 4.78 4.71 4.80 4.95 5.18 5.33 5.42 5.66 5.89 6.18 6.55 7.14 7.96 9.14 10.30 11.09 11.03 10.43 9.69
