project/data/elevation/US_DEM2016/US_DEM2016_point_10-28-2019_0745_30m_vel.asc
ncols	125
nrows	167
xllcorner	-2042055.000000
yllcorner	1465035.000000
cellsize	30.000000
NODATA_value	-9999.000000
[rows 37 to 73 of 167, columns 0 to 83 of 125]
8.59 8.91 9.07 8.81 8.42 7.87 7.28 6.58 5.84 5.21 5.02 5.35 6.24 7.43 8.06 7.97 7.67 7.71 8.28 9.04 9.67 10.22 10.73 11.17 11.36 11.38 11.32 11.13 10.55 9.54 8.28 7.26 6.94 7.27 7.71 8.02 8.21 8.41 8.63 9.12 9.72 9.97 9.93 9.37 8.98 9.09 9.25 8.95 8.38 7.62 6.94 6.67 6.81 7.43 7.78 7.80 7.73 7.90 7.97 8.20 8.28 8.15 7.69 6.75 5.63 4.88 4.63 4.77 5.07 5.44 5.80 6.02 6.32 6.70 7.07 7.53 8.48 9.97 11.85 13.39 14.38 14.39 13.70 12.72
8.39 8.39 8.27 7.96 7.49 7.16 6.85 6.34 5.72 5.16 4.92 4.99 5.45 6.31 7.16 7.54 7.48 7.17 7.50 7.98 8.30 8.50 8.73 9.15 9.67 10.10 10.58 11.08 11.09 10.61 9.67 8.57 7.81 7.53 7.68 8.24 8.85 9.12 9.31 9.79 10.52 11.14 11.45 11.28 10.82 10.28 9.54 8.47 7.68 7.01 6.66 6.59 6.66 7.19 7.73 7.87 7.87 8.05 8.05 8.06 8.06 7.81 7.62 7.17 6.43 5.64 4.88 4.59 4.66 4.95 5.24 5.44 5.69 6.21 6.56 6.88 7.43 8.53 9.86 11.19 12.21 12.95 13.19 12.84
8.07 7.70 7.28 6.97 6.54 6.33 6.15 5.92 5.66 5.44 5.38 5.44 5.64 6.02 6.60 7.07 7.15 7.06 6.74 6.56 6.40 6.37 6.54 7.04 7.92 8.87 9.70 10.52 11.08 11.19 10.70 9.77 8.89 8.41 8.55 9.22 9.76 10.08 10.17 10.27 10.60 10.93 11.34 11.48 11.23 10.60 9.52 8.44 7.61 6.85 6.55 6.66 6.81 7.10 7.69 7.98 8.12 8.28 8.07 7.75 7.28 6.67 6.10 5.94 5.76 5.36 4.64 4.14 4.10 4.33 4.70 5.01 5.31 5.72 6.07 6.31 6.57 7.24 8.17 8.84 9.21 10.15 11.82 12.86
7.67 7.24 6.76 6.44 6.24 6.13 6.15 6.26 6.36 6.47 6.58 6.70 6.67 6.60 6.67 7.05 7.02 6.92 6.39 5.74 5.51 5.62 5.98 6.54 7.42 8.25 8.99 9.76 10.49 11.07 11.17 10.69 10.06 9.87 10.11 10.62 11.08 11.35 11.13 10.67 10.45 10.03 9.95 10.49 10.76 10.78 10.28 9.80 9.23 8.62 7.90 7.51 7.36 7.27 7.61 7.82 7.94 8.03 7.84 7.50 6.90 5.89 4.67 4.22 4.14 4.08 4.03 3.93 3.86 3.86 4.02 4.47 4.99 5.42 5.75 5.93 6.03 6.32 6.97 7.51 7.69 8.29 10.16 12.36
7.69 7.41 7.12 6.98 6.95 6.96 6.96 7.06 7.26 7.49 7.70 7.71 7.51 7.29 7.16 7.12 7.18 7.09 6.70 6.23 6.14 6.36 6.70 7.02 7.30 7.67 8.03 8.58 9.45 10.32 11.11 11.12 11.02 11.11 11.35 11.56 11.69 11.57 11.22 10.72 10.15 9.42 8.91 9.07 9.86 10.21 10.24 10.11 10.13 10.05 9.66 8.72 7.89 7.40 7.35 7.34 7.20 7.08 7.12 7.29 7.00 6.05 4.70 3.99 3.84 3.92 4.08 4.05 3.83 3.63 3.63 3.95 4.49 4.99 5.32 5.48 5.66 5.98 6.47 6.93 7.18 7.38 8.40 10.58
7.95 7.87 7.82 7.82 7.79 7.73 7.64 7.67 7.90 8.19 8.31 8.17 7.80 7.70 7.76 7.81 7.79 7.75 7.65 7.56 7.59 7.75 7.92 8.06 8.17 8.14 8.09 8.27 8.86 9.60 10.65 11.14 11.60 11.99 12.00 11.56 10.96 10.39 9.97 9.78 9.48 8.85 8.12 8.05 8.68 9.19 9.30 9.02 9.14 9.37 9.41 8.87 8.06 7.37 7.18 7.17 6.96 6.72 6.82 7.48 7.65 7.07 6.03 5.41 5.28 5.12 4.77 4.32 4.10 4.02 3.87 3.74 3.82 4.03 4.20 4.37 4.89 5.53 5.98 6.39 6.81 7.14 7.81 9.24
8.03 8.03 8.09 8.14 8.18 8.23 8.31 8.48 8.69 8.82 8.75 8.50 8.10 8.19 8.09 8.18 8.28 8.37 8.48 8.59 8.81 9.03 9.12 9.11 9.06 8.86 8.75 8.78 9.03 9.37 10.16 10.81 11.39 11.80 11.72 11.09 10.07 9.12 8.55 8.58 8.76 8.44 7.73 7.30 7.70 8.29 8.33 7.66 7.00 6.63 6.74 7.18 7.33 7.21 7.24 7.53 7.66 7.70 7.95 8.48 8.73 8.42 7.72 7.23 6.65 6.00 5.52 5.27 5.16 4.76 4.11 3.49 3.18 3.08 2.96 3.18 3.82 4.64 5.08 5.50 6.30 7.14 7.84 8.43
8.06 8.12 8.29 8.47 8.76 9.16 9.53 9.73 9.69 9.50 9.19 8.86 8.48 8.29 8.22 8.34 8.52 8.70 8.86 9.03 9.25 9.37 9.37 9.24 9.04 8.82 8.77 8.85 9.11 9.40 10.06 10.36 10.60 10.61 10.59 10.45 9.95 9.06 7.95 7.52 7.72 7.84 7.41 6.83 6.90 7.47 7.27 6.46 5.49 4.94 4.99 5.48 6.08 6.56 7.19 7.91 8.39 8.71 8.97 9.19 9.43 9.31 8.65 7.89 7.03 6.56 6.46 6.31 5.73 4.68 3.87 3.43 3.17 2.96 2.83 2.98 3.54 4.19 4.49 4.76 5.55 6.61 7.23 7.53
8.32 8.53 8.93 9.25 9.56 9.91 10.20 10.32 10.21 9.89 9.49 9.17 8.91 8.72 8.82 8.93 9.00 9.09 9.16 9.14 8.99 8.76 8.61 8.55 8.57 8.51 8.49 8.64 9.08 9.52 10.03 9.89 9.56 9.26 9.17 9.50 9.62 9.24 8.03 7.05 6.72 6.94 6.81 6.28 6.33 6.79 6.73 6.28 5.97 5.82 5.61 5.37 5.37 5.90 6.92 7.91 8.35 8.57 8.71 9.02 9.35 9.48 8.99 8.28 7.76 7.50 7.11 6.37 5.35 4.55 4.19 4.18 4.12 3.95 3.80 3.86 4.22 4.58 4.68 4.77 5.19 5.81 6.43 6.87
8.47 8.80 9.36 9.70 9.79 9.78 9.72 9.70 9.69 9.56 9.36 9.13 9.11 9.25 9.52 9.64 9.61 9.48 9.29 9.00 8.59 8.18 7.93 7.95 8.17 8.31 8.42 8.69 9.18 9.52 9.64 9.26 8.72 8.31 8.03 8.09 8.44 8.72 8.24 7.15 6.26 6.17 6.32 6.32 6.55 6.95 7.10 6.87 6.73 6.38 5.84 5.42 5.50 6.20 7.18 7.77 8.02 8.19 8.41 8.84 9.18 9.47 9.31 8.86 8.35 7.75 6.66 5.91 5.57 5.52 5.62 5.64 5.57 5.44 5.39 5.40 5.44 5.46 5.40 5.42 5.60 5.87 6.26 6.78
8.29 8.51 8.99 9.32 9.29 9.06 8.79 8.59 8.55 8.65 8.67 8.60 8.66 8.94 9.21 9.41 9.48 9.34 9.03 8.69 8.34 7.99 7.75 7.70 7.83 8.02 8.24 8.62 9.03 9.13 8.90 8.46 8.19 7.75 7.21 6.96 7.17 7.77 8.08 7.67 6.63 6.26 6.46 6.91 7.24 7.59 7.59 6.98 6.20 5.49 5.24 5.40 6.30 7.56 8.25 8.29 8.32 8.47 8.69 9.00 9.30 9.61 9.43 8.93 8.26 7.40 6.69 6.57 6.93 7.37 7.61 7.61 7.54 7.40 7.22 7.12 7.03 6.83 6.69 6.67 6.45 6.37 6.58 6.90
8.11 8.17 8.26 8.48 8.57 8.39 8.09 7.82 7.71 7.79 7.90 7.94 7.96 8.09 8.19 8.37 8.61 8.74 8.68 8.45 8.13 7.81 7.57 7.44 7.44 7.55 7.69 8.03 8.48 8.54 8.42 8.22 8.06 7.64 6.85 6.16 6.18 6.76 7.48 7.66 7.04 6.44 6.33 6.59 6.89 7.35 7.50 6.74 5.83 5.48 5.75 6.78 8.28 9.33 9.69 9.28 8.95 8.83 8.95 9.30 9.70 10.05 9.86 9.25 8.86 8.75 9.01 9.51 10.01 10.39 10.47 10.44 10.35 10.22 9.99 9.78 9.57 9.20 8.72 8.06 7.22 6.66 6.72 6.81
8.21 8.23 7.97 7.84 8.02 8.16 8.04 7.78 7.59 7.58 7.79 7.94 8.02 7.99 7.95 8.03 8.21 8.40 8.47 8.31 7.95 7.57 7.29 7.14 7.10 7.13 7.15 7.43 7.91 8.01 8.05 8.12 8.18 8.04 7.34 6.22 5.85 5.97 6.50 6.92 6.69 6.06 5.61 5.49 5.82 6.57 7.29 7.13 6.62 6.67 7.71 9.22 10.33 10.77 10.55 9.81 9.26 9.04 9.16 9.66 10.16 10.72 10.76 10.60 10.60 11.07 11.79 12.50 13.04 13.32 13.41 13.38 13.32 13.23 13.04 12.72 12.34 11.88 11.02 9.73 8.30 7.15 6.75 6.58
8.32 8.37 8.12 7.76 7.78 8.11 8.37 8.30 8.10 8.14 8.50 8.84 8.98 8.91 8.77 8.66 8.57 8.50 8.41 8.23 7.91 7.50 7.13 6.90 6.86 6.94 7.01 7.26 7.50 7.41 7.24 7.51 7.82 8.20 8.20 7.40 6.57 6.06 6.13 6.52 6.52 6.19 5.89 5.76 5.96 6.58 7.61 8.10 8.26 8.93 10.19 11.06 11.41 11.02 10.44 9.69 9.25 9.10 9.03 9.23 9.67 10.46 10.98 11.12 11.41 11.87 12.34 12.86 13.20 13.41 13.57 13.72 13.77 13.76 13.62 13.37 13.08 12.77 12.22 11.40 10.26 8.84 7.40 6.59
8.24 8.22 8.07 7.94 7.83 7.98 8.35 8.60 8.60 8.67 9.17 9.72 9.91 9.83 9.61 9.25 8.86 8.54 8.36 8.22 8.00 7.64 7.17 6.78 6.69 6.87 7.03 7.17 7.06 6.56 6.36 6.53 6.86 7.68 8.31 8.34 7.61 7.00 6.95 7.26 7.48 7.61 7.68 7.61 7.62 8.05 9.13 10.23 11.25 11.95 12.18 12.02 11.41 10.44 9.81 9.21 8.83 8.51 8.19 8.01 8.25 8.87 9.93 10.36 10.56 10.50 10.22 10.06 9.89 10.02 10.36 10.86 11.08 11.16 11.10 11.08 11.20 11.16 11.06 11.07 10.87 10.26 9.13 7.64
8.02 7.73 7.47 7.51 7.54 7.68 8.02 8.45 8.70 8.78 9.16 9.71 9.91 9.90 9.64 9.15 8.58 8.21 8.08 8.02 7.85 7.57 7.19 6.78 6.62 6.75 6.91 6.96 6.61 5.87 5.66 5.78 6.02 6.61 7.63 8.16 8.13 8.00 8.14 8.59 8.95 9.15 9.21 9.31 9.55 10.11 11.04 12.04 12.82 13.07 12.80 11.96 10.99 9.96 9.31 8.74 8.28 7.78 7.49 7.29 7.41 7.84 8.50 9.04 9.01 8.18 7.25 6.34 5.93 5.97 6.34 6.93 7.32 7.39 7.55 7.66 8.06 8.24 8.25 8.50 9.09 9.42 9.28 8.61
7.81 7.35 6.85 6.73 6.83 7.14 7.59 8.12 8.56 8.67 8.72 8.97 8.95 8.94 8.75 8.36 7.90 7.58 7.47 7.49 7.41 7.26 7.14 7.01 6.85 6.77 6.81 6.84 6.51 5.94 5.69 5.73 5.85 6.12 6.72 7.50 8.02 8.16 8.38 8.88 9.38 9.55 9.69 9.95 10.45 11.03 11.60 12.07 12.28 12.23 11.93 11.36 10.56 9.78 9.17 8.64 8.20 7.81 7.74 7.68 7.79 7.96 8.14 8.39 8.03 7.00 5.96 5.27 5.01 4.90 4.71 4.54 4.66 4.85 5.04 5.27 5.73 6.09 6.06 5.82 5.93 6.35 6.64 6.87
7.79 7.38 6.87 6.65 6.58 6.63 6.85 7.41 7.93 8.10 7.94 8.00 7.43 7.38 7.28 7.19 7.01 6.74 6.64 6.87 7.17 7.29 7.34 7.36 7.20 7.01 6.94 7.00 6.98 6.83 6.59 6.32 6.11 5.97 6.10 6.81 7.41 7.59 7.69 8.02 8.55 8.93 9.23 9.68 10.30 10.72 10.84 10.56 9.99 10.03 10.40 10.60 10.30 9.80 9.28 8.82 8.46 8.27 8.34 8.27 8.20 8.16 8.07 8.22 7.95 7.14 6.50 6.13 5.83 5.36 4.59 3.63 3.10 3.00 3.17 3.43 3.90 4.32 4.35 3.90 3.51 3.48 3.78 4.47
8.00 7.78 7.56 7.41 7.16 6.71 6.26 6.33 6.81 7.11 7.04 7.31 6.26 6.16 6.14 6.18 6.16 6.02 6.03 6.48 7.17 7.70 7.89 7.79 7.62 7.43 7.32 7.36 7.40 7.43 7.15 6.68 6.21 5.81 5.78 6.34 6.92 7.21 7.21 7.30 7.62 8.09 8.54 9.17 9.73 9.85 9.48 8.78 8.46 8.60 9.12 9.67 9.80 9.66 9.18 8.81 8.49 8.32 8.31 8.05 7.72 7.48 7.50 7.87 8.03 7.67 7.31 7.00 6.24 5.33 4.26 3.37 2.72 2.34 2.20 2.19 2.33 2.62 2.74 2.71 2.70 2.92 3.63 4.61
8.36 8.48 8.66 8.59 8.23 7.62 6.72 6.32 6.43 6.73 6.77 6.46 6.21 6.24 6.22 6.16 6.18 6.19 6.31 6.76 7.48 8.21 8.49 8.48 8.37 8.25 8.06 7.87 7.71 7.66 7.32 7.05 6.80 6.47 6.31 6.70 7.36 7.75 7.73 7.67 7.76 8.01 8.33 8.90 9.12 8.82 8.02 7.50 7.23 7.32 7.85 8.57 9.07 9.05 8.67 8.35 8.04 7.74 7.47 6.99 6.56 6.38 6.73 7.39 8.00 8.05 7.72 7.14 6.13 5.22 4.51 4.14 3.88 3.37 2.68 2.16 1.95 2.07 2.37 2.75 3.33 4.26 5.57 6.48
8.59 8.94 9.36 9.43 9.23 8.79 8.10 7.55 7.26 7.25 7.24 7.14 7.18 7.38 7.54 7.60 7.62 7.70 7.71 7.87 8.31 8.88 9.24 9.44 9.50 9.44 9.09 8.65 8.43 8.52 8.61 8.57 8.45 8.16 7.76 7.85 8.42 8.83 8.96 8.92 8.86 8.63 8.56 8.71 8.51 7.70 6.94 6.31 6.06 6.20 6.72 7.54 8.27 8.30 8.08 7.82 7.46 6.99 6.50 6.19 6.13 6.33 6.96 7.61 8.09 8.01 7.55 6.87 6.07 5.70 5.69 5.69 5.25 4.51 3.71 3.21 3.07 3.19 3.55 4.29 5.51 6.92 7.83 7.98
8.53 8.73 9.05 9.33 9.58 9.63 9.27 8.72 8.15 7.74 7.59 7.73 8.14 8.62 9.10 9.36 9.55 9.70 9.75 9.70 9.78 9.84 10.01 10.26 10.43 10.29 9.95 9.50 9.33 9.40 9.56 9.49 9.35 9.09 8.65 8.45 8.69 9.07 9.45 9.68 9.64 9.29 8.86 8.40 7.53 6.57 5.83 5.33 5.13 5.14 5.60 6.42 7.22 7.63 7.69 7.55 7.30 6.96 6.74 6.87 7.14 7.62 8.25 8.69 8.74 8.30 7.63 7.18 6.89 6.91 7.04 6.84 6.12 5.24 4.68 4.53 4.67 5.02 5.71 6.75 7.98 8.75 8.88 8.33
8.35 8.24 8.30 8.59 9.10 9.57 9.65 9.20 8.50 7.85 9.00 7.66 8.25 8.96 9.60 10.04 10.33 10.56 10.77 10.80 10.64 10.41 10.35 10.46 10.51 10.41 10.23 9.94 9.78 9.57 9.06 8.55 8.31 8.33 8.35 8.40 8.50 8.77 9.12 9.54 9.77 9.53 8.95 8.00 6.58 5.39 4.71 4.42 4.23 4.27 4.50 5.14 6.18 7.08 7.56 7.70 7.71 7.68 7.78 7.86 8.14 8.70 9.34 9.90 9.97 9.77 8.90 8.37 8.33 8.35 7.93 7.27 6.62 6.29 6.21 6.36 6.80 7.49 8.39 9.24 9.62 9.42 8.76 7.95
8.26 8.05 7.88 7.89 8.07 8.41 8.79 8.81 8.40 7.76 7.23 7.08 7.38 7.96 8.53 8.93 9.21 9.33 9.39 9.48 9.56 9.56 9.53 9.48 9.41 9.45 9.48 9.51 9.57 9.55 9.05 8.14 7.54 7.49 7.98 8.50 8.87 9.01 9.10 9.21 9.32 9.03 8.49 7.61 6.28 4.92 4.13 3.88 3.92 4.06 4.23 4.67 5.64 6.80 7.65 8.17 8.49 8.68 8.70 8.54 8.67 9.37 10.09 10.69 11.08 11.39 10.99 10.01 9.57 9.43 8.81 8.19 8.00 8.39 8.90 9.42 10.03 10.59 10.96 10.87 10.28 9.34 8.42 7.73
8.08 7.77 7.45 7.34 7.09 7.02 7.35 7.77 7.78 7.27 6.57 6.03 5.80 5.89 6.18 6.44 6.63 6.57 6.20 6.05 6.59 7.21 7.36 7.20 7.05 7.42 7.98 8.34 8.75 9.30 9.60 9.46 8.98 8.55 8.51 8.80 9.07 9.11 8.92 8.66 8.47 8.30 8.04 7.67 6.87 5.79 5.04 4.89 4.99 5.15 5.34 5.71 6.30 7.08 7.76 8.36 8.90 9.39 9.59 9.73 10.06 10.61 10.80 10.88 11.28 11.91 11.98 11.53 11.06 10.91 10.77 10.68 10.98 11.48 11.88 12.21 12.46 12.52 12.22 11.36 10.31 9.33 8.52 7.77
7.70 7.24 6.82 6.78 6.65 6.50 6.52 6.84 7.07 6.71 5.92 5.05 4.30 3.83 3.69 3.85 4.13 4.21 4.05 3.83 3.95 4.42 4.74 4.83 5.14 5.81 6.77 7.29 7.71 8.15 8.88 9.57 9.86 9.75 9.22 8.80 8.50 8.35 8.05 7.72 7.59 7.88 8.14 8.35 8.26 8.12 7.73 7.48 7.36 7.35 7.45 7.54 7.57 7.69 7.83 8.12 8.59 9.25 9.95 10.62 11.15 11.14 10.69 10.14 9.98 10.66 11.51 11.72 11.95 12.23 12.52 12.76 13.02 13.13 13.07 12.91 12.73 12.38 11.72 10.89 10.10 9.40 8.69 7.81
7.61 7.23 6.77 6.58 6.57 6.57 6.52 6.61 6.80 6.65 6.01 5.07 4.08 3.26 2.74 2.58 2.87 3.60 4.14 4.07 3.60 3.22 3.20 3.65 4.44 5.39 6.41 6.82 6.95 6.87 7.20 7.98 8.85 9.32 9.02 8.24 7.45 7.01 6.95 6.94 7.09 7.72 8.42 9.07 9.46 9.87 9.96 9.65 9.31 9.08 8.69 8.30 8.09 8.06 8.04 8.12 8.48 9.16 9.91 10.42 10.55 10.12 9.41 8.67 8.52 9.05 10.02 10.82 11.42 11.99 12.27 12.35 12.35 12.21 11.92 11.46 10.92 10.30 9.98 9.71 9.30 8.86 8.36 7.64
7.93 7.78 7.52 7.21 7.03 7.00 6.98 7.00 7.05 7.02 6.73 6.13 5.40 4.52 3.71 3.17 3.25 4.16 5.31 5.74 5.30 4.39 3.79 3.89 4.64 5.75 6.60 6.80 6.61 6.22 6.07 6.33 7.10 7.76 7.99 7.72 7.15 6.69 6.66 7.03 7.50 8.20 8.68 9.19 9.60 10.06 10.25 10.24 10.04 9.56 8.67 8.07 7.96 8.14 8.25 8.36 8.67 9.28 9.66 9.58 9.07 8.33 7.81 7.60 7.74 8.19 8.78 9.44 10.02 10.42 10.54 10.36 9.94 9.67 9.62 9.38 8.72 7.96 7.66 7.86 7.81 7.55 7.21 6.83
8.11 8.13 8.16 8.01 7.79 7.60 7.56 7.70 7.80 7.92 7.97 7.82 7.45 6.72 5.80 4.96 4.54 4.89 5.81 6.83 7.05 6.58 5.80 5.42 5.75 6.51 7.09 7.30 7.16 6.59 6.09 5.76 5.84 6.35 7.14 7.78 8.04 8.13 8.20 8.37 8.66 8.91 8.85 8.87 9.02 9.25 9.46 9.69 9.76 9.54 8.82 8.24 8.07 8.19 8.33 8.43 8.65 9.04 9.12 8.63 7.97 7.43 7.18 7.17 7.22 7.42 7.69 8.13 8.61 8.86 8.93 8.77 8.24 7.63 7.42 7.61 7.25 6.34 5.56 5.64 5.98 5.74 5.41 5.19
8.13 8.20 8.32 8.24 8.11 8.00 8.12 8.43 8.81 9.22 9.53 9.60 9.24 8.54 7.61 6.65 5.84 5.52 5.89 7.04 7.95 8.30 8.08 7.54 7.26 7.56 7.96 8.23 8.35 7.90 7.32 6.72 6.33 6.54 7.32 8.26 9.03 9.56 9.69 9.55 9.32 9.09 8.71 8.49 8.45 8.40 8.48 8.60 8.83 9.00 8.91 8.56 8.29 8.26 8.41 8.58 8.80 8.93 8.58 7.89 7.32 7.02 6.91 6.79 6.74 6.95 7.23 7.50 7.64 7.78 7.74 7.70 7.51 6.78 5.97 5.90 5.99 5.38 4.38 3.98 4.18 4.13 3.85 3.69
8.17 8.25 8.37 8.20 8.02 8.01 8.24 8.65 9.23 9.85 10.39 10.60 10.51 10.11 9.40 8.42 7.31 6.46 6.34 7.08 8.08 9.01 9.15 8.87 8.60 8.78 8.92 8.97 9.09 9.04 8.83 8.44 8.01 7.90 8.14 8.56 8.96 9.26 9.37 9.20 8.91 8.68 8.42 8.16 7.92 7.52 7.36 7.33 7.40 7.69 8.11 8.22 8.15 8.16 8.46 8.77 8.86 8.51 7.71 6.98 6.67 6.62 6.65 6.75 6.86 7.13 7.24 7.07 6.73 6.65 6.62 6.53 6.67 6.42 5.55 4.93 4.95 4.81 4.00 3.33 3.22 3.31 3.35 3.31
8.17 8.22 8.28 8.10 7.85 7.78 7.83 7.97 8.30 8.81 9.47 10.11 10.65 10.92 10.83 10.28 9.23 7.95 7.23 7.32 7.82 8.75 9.33 9.51 9.56 9.61 9.39 9.00 8.83 9.05 9.35 9.47 9.32 8.90 8.55 8.36 8.24 8.16 8.20 8.36 8.43 8.42 8.31 8.02 7.53 6.95 6.63 6.42 6.30 6.34 6.67 7.09 7.41 7.67 8.11 8.30 8.03 7.35 6.46 6.05 6.03 6.16 6.44 6.84 7.03 7.04 6.84 6.26 5.45 5.07 5.10 4.89 4.84 5.24 5.14 4.62 4.38 4.37 4.04 3.58 3.32 3.33 3.56 3.88
8.06 8.04 7.96 7.92 7.79 7.66 7.49 7.17 6.81 6.68 7.01 8.02 9.30 10.39 11.11 11.28 10.81 9.75 8.52 7.92 7.94 8.55 9.15 9.69 9.92 9.75 9.22 8.62 8.08 8.08 8.46 8.90 9.10 8.84 8.46 8.16 7.92 7.88 8.14 8.42 8.46 8.43 8.37 8.23 7.82 7.26 6.82 6.32 5.77 5.43 5.50 6.03 6.70 7.14 7.48 7.23 6.52 5.76 5.36 5.26 5.25 5.28 5.65 6.07 6.15 6.20 6.21 5.71 4.70 3.88 3.63 3.51 3.48 3.85 4.28 4.35 4.31 4.39 4.47 4.42 4.32 4.30 4.56 5.11
7.97 7.87 7.75 7.84 7.86 7.79 7.60 7.22 6.54 5.74 5.30 5.65 6.90 8.53 9.96 10.86 11.21 10.90 9.98 9.04 8.77 8.91 9.20 9.69 9.94 9.70 9.11 8.31 7.51 6.99 6.84 7.05 7.57 7.97 8.13 8.13 8.09 8.17 8.43 8.59 8.49 8.38 8.42 8.48 8.24 7.58 6.87 6.03 5.55 5.50 5.84 6.48 7.07 7.26 7.18 6.41 5.54 5.02 4.85 4.76 4.59 4.42 4.42 4.63 4.99 5.58 6.31 6.35 5.59 4.72 4.32 4.12 3.92 3.88 4.14 4.46 4.74 5.04 5.33 5.56 5.72 5.94 6.26 6.88
8.01 7.90 7.82 7.91 8.02 8.02 7.94 7.85 7.54 6.81 5.82 5.24 5.54 6.62 8.12 9.49 10.47 11.06 10.91 10.34 10.01 9.97 10.04 10.20 10.19 9.95 9.42 8.59 7.64 6.93 6.47 6.38 6.60 7.05 7.53 7.87 8.03 8.07 8.17 8.33 8.21 8.07 8.09 8.20 8.07 7.32 6.64 6.34 6.64 7.27 7.82 8.08 8.08 7.79 7.29 6.75 6.41 6.22 6.00 5.71 5.41 5.12 4.95 5.06 5.76 6.73 7.73 8.11 7.78 7.13 6.56 6.07 5.43 5.02 4.96 5.16 5.53 5.96 6.34 6.79 7.39 8.10 8.74 9.64
8.06 7.90 7.86 8.00 8.19 8.25 8.29 8.50 8.79 8.78 8.18 7.24 6.63 6.68 7.37 8.58 9.73 10.85 11.36 11.36 11.28 11.14 10.96 10.74 10.42 10.21 9.99 9.55 8.80 8.32 8.01 7.72 7.35 7.23 7.41 7.70 7.88 7.91 7.88 7.75 7.61 7.55 7.68 7.88 7.98 7.86 7.96 8.48 9.06 9.41 9.45 9.15 8.66 8.15 7.92 7.95 8.08 8.22 8.21 8.05 7.87 7.80 7.85 8.13 8.55 8.93 9.22 9.38 9.11 8.44 7.64 6.85 6.11 5.76 5.79 6.07 6.45 6.94 7.61 8.68 10.06 11.28 12.17 12.90
8.04 7.88 7.85 8.07 8.35 8.48 8.60 8.93 9.53 10.13 10.30 10.02 9.42 8.72 8.46 8.84 9.66 10.83 11.76 12.14 12.28 11.99 11.35 10.78 10.33 10.23 10.39 10.43 10.12 9.69 9.35 9.10 8.72 8.41 8.18 8.07 8.03 7.89 7.61 7.35 7.36 7.67 7.96 8.28 8.52 8.77 9.19 9.62 9.74 9.50 9.24 8.99 8.71 8.36 8.22 8.35 8.51 8.82 9.21 9.52 9.71 9.89 9.95 9.91 9.64 9.24 8.93 9.07 8.95 8.26 7.34 6.64 6.25 6.14 6.36 6.86 7.49 8.29 9.48 11.15 12.74 13.90 14.39 14.38
