project/data/elevation/US_DEM2016/US_DEM2016_point_10-31-2019_1904_30m_vel.asc
ncols	125
nrows	167
xllcorner	-2042055.000000
yllcorner	1465035.000000
cellsize	30.000000
NODATA_value	-9999.000000
[rows 38 to 75 of 167, columns 0 to 83 of 125]
7.31 7.11 6.69 6.33 5.89 5.59 5.36 4.98 4.50 4.04 4.15 3.84 4.08 4.59 5.46 5.55 5.63 5.47 5.92 6.33 6.59 6.72 6.85 7.12 7.47 7.77 8.07 8.37 8.35 8.04 7.46 6.82 6.41 6.30 6.46 6.95 7.52 7.84 8.09 8.47 8.87 9.07 9.14 9.03 8.84 8.56 7.93 6.96 6.30 5.85 5.69 5.71 5.62 5.74 6.06 6.21 6.26 6.47 6.55 6.52 6.37 6.01 5.82 5.53 5.09 4.66 4.19 4.02 4.06 4.11 4.19 4.41 4.70 5.09 5.39 5.71 6.09 6.78 7.69 8.71 9.51 9.96 9.94 9.53
7.10 6.53 5.79 5.42 5.06 4.88 4.73 4.53 4.36 4.25 4.27 4.31 4.33 4.92 5.24 5.20 5.33 5.48 5.31 5.25 5.09 5.03 5.14 5.52 6.18 6.88 7.46 8.02 8.35 8.40 8.13 7.63 7.18 6.99 7.29 7.95 8.43 8.70 8.81 8.92 9.08 9.07 9.09 9.01 8.81 8.42 7.65 6.83 6.23 5.74 5.64 5.81 5.83 5.78 6.09 6.34 6.51 6.69 6.50 6.08 5.50 4.89 4.44 4.31 4.22 4.08 3.76 3.61 3.71 3.76 3.80 4.07 4.48 4.85 5.09 5.34 5.55 5.95 6.52 6.97 7.21 7.76 8.71 9.33
6.74 6.12 5.33 4.98 4.84 4.76 4.76 4.82 4.94 5.11 5.28 5.36 5.22 5.01 5.60 5.28 5.22 5.35 5.02 4.55 4.36 4.46 4.77 5.25 5.94 6.54 7.05 7.56 7.99 8.34 8.46 8.29 8.10 8.26 8.73 9.28 9.64 9.78 9.52 9.09 8.89 8.40 8.06 8.12 8.15 8.25 8.05 7.82 7.47 7.13 6.70 6.47 6.29 5.98 6.07 6.24 6.40 6.48 6.15 5.56 4.86 4.08 3.27 2.97 2.97 3.08 3.29 3.47 3.58 3.56 3.48 3.79 4.37 4.73 4.89 5.05 5.17 5.38 5.72 5.98 6.05 6.41 7.58 9.05
6.59 6.16 5.62 5.43 5.42 5.45 5.46 5.53 5.72 5.97 6.17 6.15 5.88 5.62 5.48 5.44 5.50 5.47 5.24 4.93 4.91 5.13 5.45 5.74 5.97 6.22 6.42 6.76 7.34 7.89 8.50 8.72 8.99 9.39 9.78 10.04 10.12 9.89 9.44 8.87 8.35 7.79 7.28 7.04 7.33 7.58 7.82 7.90 8.02 8.07 7.88 7.24 6.60 6.07 5.87 5.86 5.80 5.66 5.42 5.13 4.71 4.07 3.29 2.97 3.06 3.27 3.51 3.62 3.59 3.52 3.49 3.71 4.18 4.51 4.56 4.60 4.85 5.23 5.49 5.60 5.74 5.88 6.52 8.01
6.66 6.45 6.20 6.12 6.09 6.05 6.00 6.06 6.32 6.59 6.66 6.47 6.06 5.92 5.97 6.03 6.03 6.03 6.02 6.03 6.14 6.33 6.51 6.63 6.70 6.64 6.55 6.63 7.03 7.54 8.35 8.94 9.61 10.12 10.17 9.83 9.35 8.80 8.24 7.83 7.51 7.12 6.57 6.29 6.37 6.66 6.92 6.94 7.11 7.32 7.40 7.07 6.54 5.96 5.73 5.71 5.57 5.32 5.17 5.29 5.24 4.94 4.47 4.29 4.38 4.32 4.08 3.84 3.83 3.86 3.76 3.71 3.85 3.94 3.80 3.77 4.31 5.01 5.27 5.29 5.52 5.78 6.30 7.35
6.67 6.55 6.44 6.41 6.42 6.45 6.56 6.77 7.01 7.12 6.99 6.67 6.27 6.30 6.22 6.32 6.44 6.56 6.71 6.91 7.19 7.42 7.51 7.49 7.42 7.23 7.10 7.10 7.29 7.56 8.25 8.92 9.55 9.88 9.70 9.12 8.35 7.63 7.05 6.79 6.75 6.55 6.07 5.62 5.61 5.91 6.08 5.81 5.43 5.14 5.19 5.57 5.78 5.75 5.79 6.03 6.12 6.09 6.14 6.25 6.24 6.11 5.90 5.76 5.37 4.87 4.61 4.59 4.58 4.24 3.75 3.41 3.40 3.44 3.25 3.27 3.82 4.59 4.82 4.79 5.23 5.91 6.53 6.96
6.68 6.64 6.66 6.76 6.97 7.28 7.60 7.79 7.80 7.61 7.27 6.89 6.55 6.35 6.34 6.50 6.69 6.88 7.08 7.33 7.60 7.73 7.69 7.55 7.37 7.17 7.11 7.18 7.44 7.78 8.46 8.77 8.92 8.79 8.60 8.36 7.96 7.36 6.54 6.02 5.87 5.88 5.63 5.17 5.00 5.26 5.15 4.78 4.25 3.91 3.95 4.29 4.81 5.27 5.82 6.41 6.75 6.93 7.00 6.92 6.88 6.83 6.53 6.10 5.50 5.26 5.35 5.28 4.73 3.84 3.32 3.23 3.32 3.36 3.34 3.46 3.95 4.49 4.62 4.51 4.90 5.71 6.20 6.37
6.92 7.02 7.22 7.45 7.69 7.96 8.16 8.23 8.11 7.81 7.41 7.07 6.85 6.72 6.86 7.04 7.15 7.25 7.37 7.43 7.38 7.22 7.05 6.95 6.95 6.91 6.91 7.06 7.53 8.08 8.64 8.45 7.99 7.60 7.44 7.55 7.49 7.20 6.39 5.61 5.10 5.06 5.00 4.66 4.55 4.68 4.67 4.65 4.62 4.62 4.50 4.32 4.39 4.94 5.82 6.57 6.80 6.84 6.82 6.86 6.85 6.91 6.64 6.28 6.06 6.04 5.76 5.04 4.13 3.59 3.56 3.81 3.96 3.98 3.99 4.19 4.58 4.86 5.03 4.76 4.90 5.28 5.70 5.97
7.15 7.29 7.57 7.79 7.86 7.84 7.76 7.68 7.59 7.41 7.19 6.97 6.97 7.17 7.47 7.61 7.62 7.58 7.47 7.28 6.99 6.68 6.47 6.47 6.64 6.77 6.90 7.20 7.77 8.25 8.36 7.83 7.14 6.78 6.61 6.53 6.51 6.57 6.28 5.56 4.76 4.47 4.54 4.61 4.74 4.87 5.09 5.20 5.24 4.98 4.55 4.33 4.63 5.39 6.23 6.61 6.61 6.57 6.61 6.79 6.80 6.88 6.84 6.70 6.48 6.07 5.13 4.49 4.32 4.52 4.86 5.03 5.06 5.05 5.12 5.28 5.44 5.45 5.39 5.36 5.92 5.47 5.71 6.03
7.16 7.19 7.33 7.46 7.41 7.22 6.98 6.76 6.63 6.61 6.59 6.53 6.78 6.93 7.24 7.41 7.48 7.41 7.20 6.96 6.72 6.47 6.30 6.27 6.39 6.57 6.81 7.26 7.81 8.00 7.68 7.03 6.61 6.28 6.00 5.75 5.64 5.81 5.99 5.78 5.01 4.62 4.73 5.13 5.35 5.50 5.53 5.20 4.68 4.11 3.97 4.39 5.47 6.64 7.14 7.05 6.91 6.85 6.89 6.97 6.94 7.01 6.92 6.70 6.27 5.61 5.12 5.20 5.72 6.26 6.58 6.64 6.61 6.56 6.52 6.54 6.55 6.42 6.33 6.32 6.05 5.94 6.09 6.25
7.08 7.04 6.88 6.87 6.83 6.64 6.38 6.12 5.96 5.93 5.99 6.04 6.09 6.30 6.46 6.59 6.77 6.87 6.83 6.69 6.48 6.27 6.13 6.05 6.07 6.22 6.43 6.93 7.53 7.61 7.29 6.85 6.52 6.15 5.65 5.15 5.02 5.14 5.45 5.57 5.21 4.78 4.71 4.95 5.13 5.32 5.35 4.81 4.25 4.09 4.56 5.83 7.29 8.11 8.26 7.80 7.42 7.18 7.14 7.27 7.33 7.39 7.27 6.99 6.87 6.95 7.38 7.97 8.48 8.84 8.95 8.95 8.89 8.80 8.68 8.59 8.48 8.21 7.81 7.27 6.58 6.15 6.24 6.26
7.13 7.08 6.72 6.47 6.44 6.42 6.28 6.06 5.89 5.80 5.93 6.07 6.21 6.23 6.32 6.39 6.51 6.60 6.63 6.50 6.25 6.00 5.85 5.78 5.79 5.88 6.05 6.59 7.26 7.30 7.10 6.92 6.68 6.36 5.83 5.13 4.82 4.61 4.66 4.87 4.79 4.41 4.12 4.07 4.34 4.75 5.17 5.08 4.94 5.29 6.55 8.07 8.97 9.17 8.83 8.15 7.64 7.37 7.36 7.66 7.86 8.04 8.04 8.17 8.53 9.14 9.86 10.50 10.96 11.18 11.24 11.24 11.19 11.13 10.98 10.75 10.48 10.12 9.41 8.35 7.25 6.45 6.22 6.09
7.23 7.13 6.75 6.42 6.32 6.39 6.48 6.42 6.28 6.28 6.56 6.82 7.02 7.05 7.00 6.94 6.83 6.70 6.55 6.36 6.13 5.88 5.67 5.56 5.58 5.74 6.00 6.59 7.05 6.89 6.51 6.55 6.48 6.39 6.29 5.85 5.26 4.64 4.34 4.52 4.59 4.45 4.34 4.35 4.57 4.98 5.69 6.18 6.59 7.51 8.82 9.56 9.68 9.17 8.58 7.94 7.55 7.40 7.31 7.41 7.62 8.00 8.29 8.60 9.17 9.74 10.20 10.64 10.93 11.09 11.20 11.31 11.35 11.34 11.20 10.94 10.67 10.42 9.98 9.35 8.51 7.55 6.60 6.04
7.24 7.02 6.63 6.48 6.36 6.33 6.46 6.61 6.64 6.73 7.14 7.59 7.79 7.77 7.61 7.32 6.99 6.68 6.45 6.29 6.13 5.91 5.64 5.44 5.46 5.73 6.09 6.56 6.67 6.17 5.82 5.85 5.86 6.06 6.33 6.39 5.87 5.30 5.07 5.21 5.46 5.68 5.87 5.93 6.04 6.46 7.39 8.40 9.37 10.08 10.31 10.10 9.42 8.51 7.96 7.45 7.12 6.87 6.61 6.44 6.59 6.91 7.53 7.91 8.27 8.41 8.27 8.18 8.09 8.21 8.45 8.80 8.95 9.00 8.89 8.75 8.76 8.71 8.69 8.75 8.67 8.33 7.66 6.65
7.09 6.67 6.17 6.10 6.09 6.12 6.26 6.49 6.70 6.82 7.16 7.65 7.81 7.78 7.54 7.12 6.65 6.32 6.16 6.06 5.94 5.77 5.57 5.39 5.44 5.71 6.05 6.33 6.15 5.51 5.28 5.34 5.35 5.47 5.90 6.14 6.13 6.05 6.10 6.44 6.78 7.05 7.21 7.41 7.77 8.46 9.35 10.15 10.68 10.77 10.45 9.69 8.85 7.99 7.47 7.01 6.61 6.21 5.99 5.85 5.98 6.23 6.52 6.80 6.83 6.34 5.76 5.16 4.95 5.04 5.30 5.66 5.86 5.85 5.88 5.85 6.04 6.16 6.26 6.53 7.04 7.40 7.42 7.06
6.83 6.33 5.72 5.52 5.56 5.76 6.01 6.27 6.58 6.74 7.30 7.08 7.03 6.92 6.71 6.37 6.00 5.74 5.61 5.57 5.51 5.45 5.47 5.53 5.64 5.78 5.99 6.12 5.90 5.47 5.32 5.34 5.32 5.29 5.35 5.63 6.00 6.15 6.37 6.79 7.23 7.45 7.68 8.06 8.74 9.49 10.01 10.24 10.11 9.79 9.38 8.90 8.32 7.74 7.29 6.88 6.51 6.20 6.18 6.19 6.32 6.38 6.29 6.23 5.86 5.25 4.71 4.38 4.34 4.33 4.17 3.92 3.84 3.83 3.85 3.90 4.11 4.33 4.43 4.39 4.52 4.83 5.11 5.41
6.63 6.25 5.74 5.51 5.43 5.43 5.53 5.78 6.09 6.29 6.22 6.30 5.76 5.58 5.41 5.33 5.21 5.01 4.90 5.05 5.30 5.47 5.65 5.84 5.91 5.96 6.08 6.19 6.18 6.12 5.98 5.75 5.51 5.24 4.96 5.14 5.55 5.74 5.89 6.18 6.63 7.00 7.39 8.04 8.91 9.41 9.42 8.91 8.15 7.90 7.97 8.10 7.97 7.68 7.32 6.99 6.69 6.55 6.66 6.67 6.63 6.52 6.18 5.95 5.64 5.28 5.16 5.08 4.92 4.55 3.92 3.18 2.79 2.61 2.54 2.58 2.76 2.93 2.99 2.80 2.63 2.67 3.03 3.66
6.68 6.49 6.27 6.10 5.87 5.50 5.10 5.01 5.24 5.47 5.47 5.72 4.73 4.53 4.46 4.80 4.49 4.42 4.46 4.83 5.40 5.87 6.14 6.20 6.22 6.27 6.36 6.49 6.55 6.59 6.31 5.88 5.48 5.06 4.75 4.83 5.22 5.49 5.55 5.67 5.97 6.43 7.00 7.90 8.66 8.77 8.21 7.35 6.90 6.82 6.98 7.30 7.48 7.47 7.16 6.91 6.68 6.59 6.65 6.47 6.16 5.86 5.61 5.55 5.69 5.76 5.81 5.67 5.03 4.23 3.40 2.86 2.56 2.29 2.04 1.91 1.83 1.76 1.74 1.85 2.46 2.58 3.38 4.15
6.95 7.04 7.12 6.97 6.63 6.11 5.41 5.05 5.02 5.19 5.22 5.62 5.25 4.55 4.55 4.50 4.52 4.60 4.80 5.22 5.81 6.40 6.67 6.77 6.82 6.89 6.91 6.90 6.86 6.79 6.39 6.08 5.87 5.54 5.20 5.25 5.69 6.01 6.03 6.03 6.18 6.52 7.08 7.94 8.27 7.88 6.92 6.27 5.97 5.93 6.09 6.46 6.85 6.91 6.68 6.47 6.28 6.12 5.94 5.52 5.11 4.86 4.94 5.25 5.84 6.12 5.99 5.52 4.67 3.97 3.56 3.48 3.40 2.97 2.36 1.93 1.70 1.68 1.77 2.17 2.91 4.02 5.23 5.81
7.25 7.46 7.62 7.53 7.28 6.91 6.40 6.00 5.73 5.66 6.53 5.45 5.37 5.48 5.62 5.69 5.75 5.91 6.03 6.24 6.62 7.08 7.38 7.59 7.75 7.81 7.63 7.44 7.40 7.45 7.39 7.27 7.13 6.83 6.37 6.31 6.67 6.97 7.07 7.08 7.10 7.11 7.41 7.89 7.76 6.85 5.94 5.29 5.05 5.07 5.27 5.66 6.17 6.28 6.18 6.00 5.77 5.44 5.06 4.77 4.69 4.82 5.23 5.66 6.11 6.10 5.67 5.09 4.53 4.46 4.68 4.77 4.33 3.60 2.95 2.65 2.63 2.74 3.07 3.86 5.09 6.38 7.02 6.95
7.35 7.36 7.33 7.37 7.45 7.46 7.23 6.84 6.40 6.05 5.89 5.93 6.17 6.53 6.93 7.18 7.41 7.61 7.73 7.78 7.90 7.97 8.13 8.35 8.52 8.43 8.19 7.97 7.98 8.01 8.02 7.88 7.69 7.42 7.03 6.84 6.98 7.24 7.52 7.71 7.74 7.63 7.62 7.52 6.82 5.77 4.95 4.45 4.25 4.25 4.45 4.80 5.32 5.73 5.87 5.79 5.62 5.37 5.21 5.34 5.58 5.98 6.45 6.73 6.72 6.30 5.71 5.39 5.37 5.63 5.83 5.54 4.73 3.91 3.59 3.68 3.94 4.34 5.09 6.19 7.32 7.83 7.67 6.97
7.32 7.01 6.71 6.77 7.04 7.34 7.41 7.09 6.57 6.07 7.20 5.90 6.34 6.92 7.47 7.86 8.14 8.39 8.60 8.67 8.58 8.46 8.48 8.60 8.60 8.44 8.32 8.23 8.19 7.96 7.45 7.00 6.75 6.71 6.71 6.76 6.85 7.07 7.34 7.66 7.86 7.76 7.47 6.87 5.77 4.68 3.99 3.68 3.54 3.60 3.67 3.87 4.52 5.29 5.75 5.92 5.96 5.96 6.09 6.23 6.52 7.03 7.55 7.86 7.71 7.42 6.77 6.56 6.74 6.85 6.41 5.66 4.97 4.76 4.96 5.35 5.90 6.60 7.50 8.30 8.54 8.16 7.37 6.55
7.29 6.88 6.35 6.22 6.26 6.41 6.62 6.63 6.36 5.91 5.53 5.47 5.75 6.24 6.72 7.05 7.29 7.42 7.49 7.57 7.68 7.78 7.86 7.82 7.65 7.59 7.71 7.90 7.92 7.77 7.31 6.62 6.17 6.10 6.46 6.87 7.17 7.31 7.38 7.45 7.50 7.23 6.79 6.12 5.19 4.17 3.52 3.32 3.40 3.53 3.55 3.68 4.26 5.18 5.89 6.35 6.63 6.80 6.88 6.85 7.06 7.75 8.40 8.69 8.61 8.61 8.37 7.91 7.79 7.65 7.00 6.38 6.25 6.77 7.42 8.04 8.69 9.24 9.55 9.38 8.72 7.78 6.94 6.29
7.16 6.63 5.96 5.76 5.50 5.35 5.47 5.71 5.75 5.43 4.95 4.63 4.53 4.65 4.90 5.10 5.21 5.11 4.81 4.75 5.32 5.97 6.14 5.92 5.65 5.98 6.65 7.08 7.28 7.51 7.66 7.56 7.27 7.01 6.98 7.19 7.37 7.39 7.23 6.99 6.76 6.49 6.15 5.90 5.43 4.73 4.22 4.22 4.40 4.52 4.60 4.75 5.06 5.60 6.11 6.57 7.02 7.44 7.66 7.89 8.33 8.92 9.09 8.92 8.79 8.96 9.05 8.99 8.89 8.80 8.64 8.57 8.96 9.53 9.95 10.27 10.51 10.54 10.20 9.36 8.37 7.50 6.84 6.23
6.81 6.17 5.45 5.29 5.13 4.95 4.85 4.97 5.13 4.90 4.36 3.78 3.29 3.01 2.95 3.05 3.17 3.07 2.91 2.95 3.36 3.91 4.09 3.97 4.14 4.85 5.93 6.45 6.61 6.69 7.11 7.60 7.85 7.87 7.52 7.19 6.91 6.74 6.46 6.15 5.99 6.12 6.24 6.48 6.53 6.52 6.30 6.24 6.26 6.28 6.31 6.26 6.16 6.17 6.24 6.44 6.83 7.40 8.06 8.77 9.36 9.40 8.96 8.26 7.76 7.99 8.63 9.00 9.40 9.72 10.01 10.31 10.63 10.76 10.71 10.58 10.39 9.99 9.32 8.57 7.89 7.30 6.77 6.22
6.57 6.09 5.43 5.16 5.07 5.00 4.87 4.82 4.91 4.81 4.36 3.69 3.01 2.49 2.19 2.10 2.31 2.61 3.00 3.16 3.13 3.07 3.03 3.22 3.81 4.82 5.93 6.28 6.16 5.86 5.97 6.41 6.99 7.38 7.22 6.63 5.99 5.62 5.53 5.48 5.60 6.12 6.70 7.23 7.53 7.84 7.94 7.77 7.60 7.46 7.11 6.73 6.50 6.45 6.42 6.51 6.84 7.46 8.21 8.80 8.95 8.54 7.80 6.96 6.64 6.91 7.59 8.23 8.75 9.29 9.65 9.83 9.88 9.74 9.46 9.08 8.59 7.99 7.60 7.29 6.94 6.61 6.25 5.81
6.66 6.43 6.01 5.66 5.44 5.34 5.21 5.14 5.12 5.08 4.87 4.44 3.95 3.40 2.90 2.60 2.42 3.33 4.11 4.44 4.23 3.76 3.51 3.67 4.34 5.43 6.27 6.36 5.97 5.43 5.21 5.26 5.64 6.05 6.25 6.09 5.68 5.35 5.33 5.62 6.05 6.72 7.17 7.46 7.60 7.86 7.99 8.03 7.94 7.62 6.93 6.47 6.38 6.51 6.62 6.77 7.09 7.71 8.19 8.19 7.68 6.92 6.32 5.99 6.07 6.43 6.80 7.15 7.52 7.91 8.11 8.06 7.78 7.55 7.40 7.12 6.59 5.99 5.65 5.63 5.52 5.34 5.11 4.89
6.75 6.64 6.46 6.25 6.02 5.78 5.66 5.71 5.75 5.81 5.84 5.76 5.55 5.07 4.46 3.97 3.82 4.15 4.75 5.35 5.46 5.23 4.96 4.98 5.46 6.27 6.78 6.77 6.38 5.71 5.24 4.90 4.78 5.01 5.58 6.14 6.42 6.55 6.64 6.80 7.12 7.44 7.41 7.23 7.09 7.17 7.34 7.53 7.57 7.44 6.97 6.60 6.51 6.61 6.72 6.86 7.17 7.64 7.83 7.35 6.61 5.99 5.65 5.58 5.67 5.89 6.05 6.18 6.42 6.64 6.75 6.66 6.31 5.90 5.61 5.54 5.19 4.57 3.96 3.80 3.89 3.71 3.50 3.38
6.76 6.67 6.54 6.37 6.21 6.05 6.09 6.30 6.58 6.90 7.14 7.21 6.94 6.42 5.79 5.21 4.83 4.76 5.03 5.72 6.27 6.59 6.67 6.61 6.74 7.25 7.57 7.49 7.22 6.66 6.18 5.71 5.33 5.40 5.95 6.68 7.30 7.74 7.87 7.80 7.69 7.57 7.22 6.84 6.63 6.58 6.66 6.71 6.79 6.90 6.92 6.79 6.67 6.73 6.84 7.05 7.38 7.64 7.35 6.58 5.89 5.52 5.34 5.24 5.27 5.51 5.70 5.73 5.70 5.77 5.74 5.67 5.52 5.05 4.43 4.13 3.99 3.57 2.85 2.37 2.33 2.30 2.14 2.15
6.80 6.69 6.54 6.30 6.09 6.03 6.19 6.50 6.96 7.50 7.90 8.03 7.91 7.60 7.12 6.51 5.89 5.50 5.51 6.01 6.63 7.29 7.51 7.60 7.83 8.29 8.32 8.00 7.65 7.40 7.23 7.02 6.73 6.63 6.77 7.05 7.31 7.52 7.59 7.47 7.30 7.14 6.83 6.45 6.20 5.96 5.87 5.77 5.71 5.87 6.22 6.42 6.50 6.68 6.94 7.29 7.48 7.25 6.48 5.64 5.23 5.13 5.08 5.18 5.39 5.65 5.60 5.25 4.95 4.86 4.79 4.71 4.73 4.52 3.89 3.26 2.98 2.82 2.28 1.70 1.55 1.76 1.82 2.02
6.82 6.66 6.42 6.17 5.93 5.84 5.87 6.01 6.31 6.75 7.25 7.68 8.05 8.26 8.23 7.90 7.25 6.55 6.26 6.38 6.68 7.30 7.73 8.09 8.52 8.77 8.51 7.85 7.33 7.27 7.46 7.63 7.61 7.34 7.08 6.90 6.76 6.63 6.62 6.77 6.87 6.84 6.59 6.19 5.84 5.55 5.36 5.14 4.95 4.91 5.12 5.48 5.89 6.26 6.72 6.97 6.78 6.12 5.19 4.73 4.67 4.73 4.94 5.31 5.52 5.42 4.99 4.36 3.86 3.61 3.58 3.41 3.29 3.42 3.30 2.82 2.43 2.34 2.14 1.89 1.80 1.97 2.32 2.84
6.74 6.49 6.12 5.98 5.86 5.75 5.61 5.39 5.16 5.11 5.38 6.14 7.11 7.95 8.53 8.68 8.40 7.79 7.16 6.89 6.92 7.34 7.78 8.31 8.66 8.58 8.03 7.33 6.66 6.48 6.66 6.99 7.20 7.10 6.89 6.67 6.48 6.42 6.62 6.89 6.93 6.78 6.50 6.23 6.01 5.78 5.50 5.03 4.54 4.25 4.32 4.78 5.43 6.05 6.26 6.08 5.43 4.61 4.12 4.03 4.03 4.05 4.38 4.76 4.75 4.50 4.15 3.70 3.16 2.67 2.46 2.36 2.29 2.31 2.48 2.51 2.46 2.21 2.61 2.75 2.92 3.12 3.49 4.16
6.63 6.32 5.93 5.90 5.91 5.87 5.70 5.41 4.91 4.35 4.08 4.43 5.44 6.69 7.76 8.43 8.70 8.57 8.13 7.70 7.60 7.74 8.04 8.47 8.60 8.27 7.65 6.88 6.14 5.67 5.49 5.60 5.97 6.32 6.54 6.62 6.64 6.70 6.92 7.07 6.95 6.70 6.50 6.41 6.29 5.90 5.37 4.67 4.32 4.40 4.78 5.38 5.88 6.04 6.00 5.31 4.44 3.85 3.68 3.62 3.48 3.39 3.45 3.64 3.83 4.02 4.26 4.25 3.87 3.41 3.18 3.02 2.78 2.52 2.50 2.69 2.96 3.28 3.62 3.97 4.31 4.70 5.11 5.85
6.61 6.32 5.99 5.97 6.03 6.06 5.99 5.90 5.65 5.12 4.47 4.19 4.58 5.45 6.54 7.52 8.22 8.69 8.78 8.65 8.59 8.66 8.85 8.96 8.73 8.26 7.67 6.95 6.19 5.68 5.39 5.34 5.45 5.72 6.10 6.44 6.62 6.67 6.76 6.87 6.67 6.40 6.23 6.19 6.07 5.53 5.08 4.92 5.29 5.95 6.49 6.74 6.71 6.43 6.15 5.47 5.08 4.83 4.65 4.41 4.16 3.98 3.91 4.05 4.62 5.26 5.76 5.89 5.69 5.37 5.03 4.60 3.98 3.52 3.37 3.49 3.83 4.28 4.75 5.33 6.04 6.80 7.44 8.39
6.60 6.31 6.03 6.05 6.19 6.25 6.29 6.44 6.65 6.66 6.29 5.74 5.49 5.66 6.18 7.05 7.88 8.72 9.20 9.44 9.66 9.70 9.59 9.30 8.76 8.26 7.94 7.60 7.09 6.80 6.65 6.48 6.18 6.04 6.15 6.37 6.52 6.57 6.56 6.38 6.10 5.90 5.85 5.89 5.93 5.96 6.24 6.81 7.39 7.73 7.77 7.51 7.09 6.67 6.45 6.43 6.47 6.51 6.45 6.32 6.20 6.20 6.32 6.64 7.03 7.21 7.09 6.90 6.63 6.22 5.66 4.99 4.33 4.06 4.14 4.45 4.82 5.37 6.17 7.36 8.72 9.79 10.56 11.25
6.56 6.29 6.05 6.13 6.34 6.44 6.56 6.84 7.33 7.82 8.05 7.97 7.68 7.27 7.13 7.46 8.14 9.06 9.76 10.13 10.42 10.33 9.76 9.10 8.46 8.13 8.12 8.16 8.02 7.78 7.58 7.43 7.16 6.94 6.77 6.67 6.65 6.56 6.30 5.99 5.86 6.00 6.09 6.22 6.45 6.82 7.32 7.77 7.92 7.74 7.48 7.23 7.01 6.80 6.71 6.78 6.86 7.05 7.31 7.55 7.75 7.97 8.13 8.15 7.89 7.37 6.74 6.47 6.22 5.72 5.09 4.59 4.37 4.43 4.79 5.34 5.97 6.87 8.22 9.87 11.24 12.12 12.42 12.33
6.57 6.36 6.18 6.28 6.48 6.59 6.64 6.95 7.68 8.53 9.16 9.43 9.38 9.10 8.71 8.59 8.99 9.69 10.17 10.36 10.42 10.14 9.39 8.53 7.94 7.77 7.92 8.15 8.18 7.98 7.68 7.45 7.18 6.97 6.75 6.60 6.56 6.39 6.17 6.13 6.29 6.41 6.43 6.54 6.68 6.71 6.72 6.67 6.36 6.04 5.90 6.05 6.36 6.52 6.43 6.40 6.49 6.70 7.03 7.40 7.78 8.08 8.01 7.56 6.72 5.80 5.26 5.37 5.52 5.28 4.86 4.70 4.80 5.08 5.63 6.36 7.26 8.48 9.97 11.10 11.70 11.85 11.58 11.01
6.63 6.48 6.40 6.54 6.70 6.81 6.95 7.42 8.32 8.96 9.21 9.27 9.34 9.44 9.50 9.66 10.01 10.25 10.12 9.82 9.62 9.28 8.67 8.00 7.55 7.34 7.31 7.54 7.77 7.79 7.56 7.20 6.60 6.17 6.04 6.16 6.27 6.22 6.11 6.05 6.01 6.05 6.17 6.29 6.31 6.05 5.70 5.28 5.11 5.00 4.99 5.18 5.55 5.86 5.99 6.13 6.29 6.38 6.50 6.73 7.05 7.18 6.80 5.91 4.98 4.42 4.32 4.72 5.32 5.57 5.42 5.37 5.62 6.13 6.92 7.83 8.88 10.07 10.82 10.89 10.09 8.86 7.97 7.58
