project/data/elevation/US_DEM2016/US_DEM2016_point_10-31-2019_1359_30m_vel.asc
ncols	125
nrows	167
xllcorner	-2042055.000000
yllcorner	1465035.000000
cellsize	30.000000
NODATA_value	-9999.000000
[rows 111 to 147 of 167, columns 0 to 83 of 125]
7.95 7.88 7.80 7.86 8.00 8.22 8.64 9.26 10.01 10.48 10.52 10.18 9.60 8.96 8.36 7.86 7.60 7.60 7.67 7.92 8.31 8.54 8.64 8.41 8.07 7.89 7.86 7.75 7.54 7.60 7.81 7.98 8.06 8.01 7.82 7.51 7.25 7.18 7.11 6.96 6.87 7.00 7.32 7.89 8.47 8.78 8.77 8.54 8.37 8.41 8.63 8.93 9.22 9.44 9.65 9.71 9.48 9.08 8.57 8.10 7.74 7.51 7.40 7.25 6.92 6.68 6.77 7.07 7.38 7.46 7.28 7.15 7.15 7.14 7.07 7.01 6.93 6.89 6.94 7.07 7.28 7.45 7.45 7.40
7.83 7.70 7.68 7.91 8.18 8.59 9.18 9.74 10.03 9.86 9.36 8.81 8.30 7.84 7.37 6.93 6.66 6.71 6.97 7.32 7.71 8.15 8.31 8.03 7.83 7.96 7.94 7.69 7.43 7.41 7.54 7.67 7.74 7.75 7.70 7.57 7.39 7.26 7.24 7.36 7.56 7.77 8.06 8.60 9.05 9.12 8.83 8.37 8.07 8.03 8.12 8.36 8.59 8.76 8.96 9.08 8.99 8.71 8.35 8.01 7.74 7.49 7.23 6.92 6.67 6.68 6.98 7.34 7.53 7.35 7.02 6.95 6.97 6.95 6.88 6.77 6.67 6.64 6.74 6.99 7.24 7.32 7.26 7.27
7.72 7.61 7.64 7.87 8.17 8.64 9.19 9.40 9.17 8.61 7.99 7.42 6.97 6.58 6.16 5.88 6.02 6.45 6.85 7.21 7.76 8.35 8.28 7.77 7.83 8.21 8.26 8.10 7.89 7.60 7.27 6.90 6.70 6.81 7.03 7.20 7.26 7.29 7.39 7.61 7.83 8.03 8.36 8.89 9.18 9.01 8.49 7.96 7.72 7.71 7.74 7.79 7.77 7.67 7.55 7.63 7.72 7.78 7.85 7.85 7.70 7.40 7.04 6.78 6.76 6.95 7.26 7.52 7.48 7.11 6.81 6.71 6.69 6.70 6.71 6.64 6.50 6.38 6.47 6.82 7.03 6.90 6.72 6.68
7.74 7.70 7.73 7.84 8.07 8.43 8.70 8.43 7.76 7.01 6.37 5.78 5.31 4.98 4.95 5.37 6.19 7.01 7.54 7.95 8.43 8.58 8.07 7.68 7.98 8.30 8.30 8.19 8.11 7.94 7.71 7.31 6.88 6.61 6.48 6.49 6.76 7.15 7.44 7.66 7.95 8.25 8.58 8.91 8.88 8.38 7.79 7.43 7.35 7.46 7.62 7.64 7.51 7.16 6.69 6.34 6.30 6.68 7.16 7.46 7.52 7.41 7.27 7.15 7.15 7.28 7.48 7.52 7.30 6.97 6.76 6.64 6.58 6.60 6.62 6.57 6.46 6.36 6.40 6.66 6.67 6.31 6.05 5.88
7.87 7.88 7.90 7.92 8.01 8.09 7.97 7.44 6.60 5.83 5.27 4.86 4.60 4.69 5.35 6.43 7.50 8.32 8.84 9.06 8.91 8.29 7.41 7.19 7.56 7.72 7.64 7.69 7.84 8.06 8.19 8.12 7.80 7.21 6.57 6.40 6.79 7.32 7.72 8.02 8.31 8.54 8.69 8.72 8.37 7.70 7.13 6.92 7.01 7.33 7.76 7.92 7.80 7.45 6.89 6.28 6.02 6.23 6.61 6.96 7.22 7.40 7.52 7.57 7.60 7.63 7.57 7.37 7.10 6.88 6.76 6.70 6.68 6.64 6.58 6.50 6.47 6.47 6.53 6.60 6.42 6.08 5.85 5.63
8.00 8.02 8.00 7.95 7.88 7.71 7.37 6.86 6.38 6.10 5.94 5.81 5.96 6.57 7.57 8.64 9.42 9.70 9.64 9.30 8.62 7.77 7.07 6.84 6.92 6.88 6.85 7.06 7.37 7.67 7.92 8.11 8.16 7.97 7.67 7.61 7.75 7.96 8.13 8.28 8.37 8.42 8.48 8.41 8.00 7.40 6.88 6.67 6.90 7.42 7.92 8.14 8.09 7.86 7.59 7.34 7.11 6.96 6.91 6.99 7.14 7.30 7.46 7.59 7.70 7.71 7.54 7.23 6.93 6.71 6.60 6.59 6.62 6.64 6.62 6.58 6.58 6.64 6.70 6.72 6.68 6.57 6.48 6.48
8.04 7.99 7.93 7.86 7.71 7.44 7.11 6.83 6.75 6.90 7.19 7.63 8.26 9.00 9.68 10.08 10.04 9.60 9.05 8.42 7.84 7.51 7.34 7.14 6.93 6.70 6.52 6.62 6.85 6.98 7.04 7.28 7.72 8.10 8.35 8.45 8.36 8.17 8.00 7.91 7.90 8.00 8.18 8.21 7.93 7.46 6.96 6.72 6.97 7.50 7.82 7.89 7.88 7.90 7.96 8.08 8.17 8.14 7.95 7.65 7.45 7.36 7.35 7.37 7.43 7.40 7.18 6.91 6.74 6.61 6.52 6.47 6.50 6.60 6.69 6.74 6.80 6.87 6.95 7.12 7.39 7.57 7.66 7.85
7.99 7.88 7.77 7.73 7.60 7.39 7.18 7.03 7.01 7.26 7.86 8.67 9.44 9.93 10.08 9.76 8.98 8.27 7.83 7.37 7.18 7.34 7.53 7.57 7.46 7.11 6.70 6.51 6.63 6.63 6.46 6.50 6.86 7.43 7.87 8.04 7.96 7.77 7.59 7.50 7.57 7.81 8.09 8.12 7.82 7.41 7.05 6.86 7.03 7.31 7.44 7.38 7.33 7.49 7.77 8.01 8.27 8.44 8.42 8.19 7.83 7.52 7.28 7.10 6.94 6.69 6.42 6.45 6.68 6.80 6.75 6.65 6.63 6.70 6.81 6.94 7.06 7.16 7.31 7.59 7.89 8.09 8.27 8.46
7.88 7.77 7.68 7.66 7.57 7.44 7.31 7.21 7.29 7.68 8.40 9.09 9.47 9.45 9.09 8.43 7.79 7.45 7.11 6.76 6.70 6.85 7.09 7.35 7.43 7.22 6.93 6.82 6.89 6.86 6.64 6.46 6.47 6.68 7.03 7.28 7.39 7.43 7.48 7.54 7.67 7.88 8.07 7.95 7.53 7.20 7.07 7.03 7.11 7.19 7.17 7.08 7.10 7.33 7.60 7.79 7.91 7.96 8.00 8.01 7.87 7.53 7.16 6.83 6.45 6.08 6.07 6.51 6.99 7.17 7.15 7.05 6.96 6.91 6.92 7.02 7.12 7.21 7.39 7.62 7.77 7.77 7.82 7.85
7.79 7.74 7.70 7.67 7.57 7.49 7.46 7.48 7.70 8.27 8.90 9.18 9.04 8.65 8.14 7.64 7.35 7.09 6.65 6.29 6.17 6.23 6.55 6.95 7.03 6.92 6.96 7.11 7.21 7.19 7.08 6.87 6.62 6.49 6.50 6.67 6.95 7.26 7.52 7.69 7.83 7.98 8.02 7.68 7.14 6.90 6.98 7.07 7.13 7.15 7.12 7.14 7.31 7.53 7.66 7.67 7.55 7.39 7.36 7.43 7.44 7.29 7.05 6.75 6.50 6.49 6.77 7.17 7.39 7.38 7.29 7.21 7.11 6.98 6.88 6.84 6.85 6.96 7.19 7.41 7.46 7.35 7.25 7.11
7.85 7.86 7.83 7.69 7.57 7.59 7.71 7.89 8.25 8.78 9.10 9.02 8.69 8.34 7.97 7.58 7.20 6.76 6.40 6.29 6.40 6.63 6.92 7.04 6.94 6.86 7.00 7.20 7.28 7.28 7.26 7.20 7.05 6.80 6.51 6.44 6.70 7.08 7.37 7.62 7.83 8.00 7.90 7.29 6.63 6.48 6.66 6.82 6.89 6.98 7.12 7.27 7.40 7.45 7.42 7.35 7.25 7.14 7.06 7.00 7.02 7.06 7.07 7.08 7.21 7.44 7.61 7.66 7.56 7.35 7.17 7.07 7.00 6.93 6.84 6.74 6.74 6.95 7.20 7.30 7.22 7.09 7.01 6.89
7.96 7.95 7.83 7.66 7.60 7.70 7.93 8.31 8.82 9.09 9.05 8.76 8.45 8.20 7.86 7.37 6.93 6.70 6.78 7.08 7.34 7.43 7.37 7.20 7.02 6.96 7.03 7.16 7.22 7.20 7.19 7.21 7.20 7.07 6.85 6.74 6.87 7.10 7.24 7.48 7.75 7.84 7.39 6.52 5.96 5.98 6.28 6.51 6.63 6.73 6.87 6.96 6.94 6.88 6.83 6.84 6.93 7.03 7.03 6.96 6.95 7.03 7.14 7.29 7.46 7.61 7.68 7.68 7.61 7.44 7.20 7.02 6.92 6.87 6.83 6.85 6.97 7.12 7.09 6.93 6.76 6.69 6.67 6.65
7.84 7.76 7.62 7.55 7.60 7.76 8.03 8.39 8.78 8.85 8.59 8.24 8.01 7.70 7.17 6.81 6.82 7.06 7.34 7.47 7.37 7.18 7.11 7.20 7.28 7.21 7.09 7.10 7.10 7.04 7.00 6.98 6.94 6.96 7.07 7.21 7.28 7.29 7.28 7.47 7.57 7.21 6.24 5.41 5.25 5.53 5.94 6.32 6.49 6.49 6.46 6.39 6.23 6.15 6.17 6.30 6.54 6.76 6.83 6.85 6.93 7.04 7.10 7.12 7.18 7.33 7.49 7.61 7.64 7.52 7.31 7.11 6.93 6.77 6.69 6.77 6.83 6.73 6.46 6.26 6.28 6.38 6.35 6.27
7.74 7.69 7.62 7.59 7.64 7.78 7.96 8.15 8.22 8.07 7.76 7.56 7.41 6.95 6.47 6.64 6.98 7.15 7.04 6.70 6.41 6.46 6.82 7.29 7.50 7.42 7.26 7.14 7.04 6.92 6.87 6.84 6.82 6.95 7.16 7.29 7.28 7.23 7.21 7.30 7.04 6.19 5.30 5.01 5.16 5.46 5.80 6.22 6.45 6.50 6.52 6.42 6.18 5.96 5.87 6.02 6.29 6.42 6.49 6.69 6.89 7.02 7.13 7.31 7.53 7.72 7.76 7.68 7.54 7.32 7.16 7.03 6.82 6.55 6.46 6.47 6.39 6.22 6.07 6.07 6.22 6.27 6.09 5.93
7.94 8.02 7.99 7.80 7.68 7.69 7.76 7.80 7.69 7.48 7.30 7.28 7.09 6.59 6.47 6.72 6.75 6.45 5.99 5.67 5.77 6.31 7.02 7.55 7.67 7.54 7.45 7.37 7.21 6.97 6.82 6.82 6.86 6.91 6.89 6.78 6.74 6.78 6.88 6.83 6.41 5.82 5.69 5.94 6.14 6.17 6.26 6.48 6.68 6.81 6.86 6.79 6.63 6.41 6.26 6.28 6.36 6.44 6.61 6.85 6.98 7.08 7.32 7.75 8.03 8.04 7.83 7.58 7.33 7.08 6.90 6.73 6.52 6.34 6.25 6.16 6.08 6.03 6.10 6.20 6.22 6.11 5.98 6.05
8.15 8.16 8.03 7.71 7.51 7.49 7.53 7.50 7.39 7.32 7.33 7.26 6.90 6.49 6.34 6.20 5.86 5.51 5.35 5.51 6.03 6.74 7.46 7.85 7.75 7.53 7.50 7.48 7.32 7.05 6.88 6.87 6.85 6.70 6.44 6.29 6.34 6.54 6.68 6.60 6.45 6.56 6.88 7.10 7.19 7.21 7.19 7.16 7.14 7.08 6.95 6.83 6.77 6.74 6.71 6.69 6.70 6.78 6.93 7.04 7.03 7.14 7.39 7.67 7.66 7.44 7.28 7.27 7.27 7.13 6.82 6.47 6.22 6.15 6.06 5.88 5.70 5.63 5.73 5.89 6.01 6.15 6.45 6.70
7.94 7.69 7.26 7.09 7.10 7.24 7.35 7.34 7.28 7.25 7.16 6.91 6.52 6.16 5.88 5.61 5.43 5.45 5.83 6.53 7.16 7.60 7.92 7.81 7.33 7.17 7.22 7.19 7.07 6.99 6.97 6.96 6.90 6.73 6.54 6.53 6.70 6.85 6.90 6.92 7.09 7.29 7.39 7.44 7.58 7.80 7.93 7.90 7.71 7.41 7.19 7.06 6.99 6.95 6.90 6.90 6.98 7.02 7.01 7.00 6.97 7.06 7.18 7.18 6.98 6.84 6.99 7.30 7.42 7.16 6.69 6.25 6.04 5.98 5.93 5.84 5.68 5.49 5.42 5.57 6.01 6.65 7.14 7.14
7.41 6.95 6.46 6.47 6.74 7.08 7.28 7.29 7.21 7.08 6.86 6.55 6.28 6.13 6.10 6.12 6.31 6.75 7.45 8.08 8.38 8.34 8.01 7.43 6.93 6.84 6.83 6.73 6.72 6.82 6.91 6.93 6.93 6.95 7.06 7.24 7.37 7.32 7.23 7.25 7.31 7.27 7.30 7.48 7.80 8.16 8.45 8.50 8.31 8.05 7.83 7.68 7.53 7.34 7.13 7.03 7.04 7.00 6.93 6.93 6.88 6.92 6.93 6.82 6.72 6.90 7.31 7.57 7.31 6.69 6.22 6.02 5.92 5.84 5.83 5.95 6.10 6.12 6.00 6.04 6.49 7.11 7.29 6.86
7.18 6.89 6.56 6.69 7.03 7.30 7.36 7.28 7.15 7.01 6.85 6.66 6.58 6.74 7.09 7.48 7.92 8.35 8.65 8.76 8.59 8.19 7.62 7.12 6.88 6.79 6.64 6.54 6.61 6.73 6.78 6.79 6.88 7.06 7.27 7.40 7.39 7.32 7.23 7.16 7.06 7.02 7.23 7.60 8.06 8.48 8.70 8.66 8.51 8.30 8.05 7.80 7.62 7.47 7.31 7.18 7.06 6.89 6.82 6.83 6.84 6.88 6.87 6.83 6.95 7.31 7.59 7.39 6.64 5.92 5.71 5.74 5.78 5.81 5.85 5.95 6.17 6.46 6.69 6.85 7.07 7.26 7.03 6.55
7.36 7.37 7.47 7.73 7.90 7.78 7.49 7.27 7.15 7.09 7.05 7.03 7.17 7.54 7.97 8.33 8.58 8.65 8.52 8.14 7.61 7.09 6.79 6.74 6.85 6.84 6.74 6.76 6.87 6.94 6.89 6.86 6.96 7.13 7.18 7.06 6.98 7.01 7.08 7.06 7.01 7.09 7.42 7.84 8.23 8.47 8.41 8.14 7.88 7.71 7.53 7.45 7.50 7.49 7.41 7.32 7.20 7.04 6.86 6.83 6.91 6.97 6.98 7.05 7.30 7.58 7.48 6.83 5.97 5.58 5.55 5.62 5.70 5.88 6.12 6.19 6.16 6.25 6.59 7.04 7.39 7.56 7.48 7.53
7.55 7.72 8.05 8.30 8.28 8.00 7.59 7.27 7.15 7.15 7.21 7.35 7.61 7.95 8.15 8.16 8.08 7.92 7.54 6.89 6.23 5.93 6.05 6.48 6.85 6.98 7.05 7.17 7.30 7.37 7.39 7.42 7.48 7.48 7.36 7.17 7.06 7.09 7.14 7.20 7.36 7.66 7.98 8.16 8.23 8.10 7.70 7.24 6.99 6.99 7.14 7.40 7.60 7.57 7.45 7.39 7.36 7.28 7.11 7.03 7.04 7.10 7.17 7.30 7.49 7.49 7.07 6.32 5.82 5.67 5.68 5.73 5.84 6.02 6.26 6.42 6.45 6.40 6.52 7.02 7.73 8.31 8.66 8.91
7.65 7.80 8.06 8.19 8.15 8.02 7.78 7.47 7.29 7.29 7.34 7.46 7.65 7.77 7.68 7.56 7.50 7.22 6.60 5.93 5.61 5.71 6.19 6.74 7.07 7.20 7.32 7.46 7.57 7.68 7.86 8.04 8.12 8.02 7.82 7.62 7.50 7.45 7.35 7.42 7.72 8.05 8.16 8.12 7.99 7.63 7.04 6.56 6.45 6.71 7.20 7.61 7.70 7.56 7.46 7.46 7.47 7.45 7.33 7.19 7.15 7.21 7.31 7.40 7.43 7.20 6.61 6.06 5.86 5.84 5.86 5.91 6.06 6.23 6.28 6.36 6.59 6.88 7.18 7.68 8.45 8.99 9.13 8.97
7.80 7.96 8.21 8.33 8.31 8.17 8.04 7.91 7.77 7.61 7.46 7.37 7.35 7.30 7.29 7.36 7.29 6.85 6.31 6.09 6.26 6.58 6.92 7.22 7.37 7.42 7.50 7.60 7.69 7.78 7.95 8.15 8.25 8.21 8.10 8.04 8.03 7.96 7.76 7.65 7.79 7.88 7.89 7.91 7.73 7.25 6.71 6.39 6.43 6.87 7.48 7.83 7.81 7.65 7.57 7.56 7.54 7.49 7.33 7.18 7.15 7.19 7.26 7.30 7.27 6.99 6.48 6.12 6.02 6.03 6.06 6.08 6.14 6.27 6.38 6.51 6.75 7.22 7.86 8.52 9.01 8.98 8.47 7.97
8.14 8.38 8.70 8.72 8.56 8.26 8.15 8.16 8.09 7.79 7.43 7.16 7.02 7.04 7.21 7.31 7.08 6.70 6.62 6.90 7.22 7.37 7.45 7.57 7.63 7.64 7.68 7.72 7.76 7.84 7.94 8.02 8.01 8.05 8.24 8.51 8.66 8.62 8.41 8.05 7.83 7.71 7.77 7.74 7.38 6.88 6.58 6.55 6.79 7.33 7.88 8.08 7.99 7.82 7.70 7.62 7.55 7.42 7.21 7.12 7.11 7.14 7.17 7.17 7.13 6.93 6.61 6.43 6.37 6.35 6.32 6.27 6.21 6.24 6.48 6.86 7.28 7.83 8.56 9.14 9.14 8.51 7.64 7.04
8.44 8.57 8.73 8.67 8.51 8.24 8.05 7.95 7.83 7.54 7.19 6.94 6.91 7.08 7.19 7.06 6.81 6.80 7.10 7.37 7.47 7.49 7.57 7.72 7.79 7.76 7.71 7.68 7.70 7.82 7.99 8.04 8.00 8.09 8.38 8.69 8.85 8.86 8.80 8.55 8.07 7.71 7.51 7.24 6.80 6.56 6.59 6.76 7.14 7.78 8.25 8.26 8.05 7.87 7.75 7.65 7.53 7.35 7.15 7.10 7.13 7.17 7.17 7.15 7.13 7.02 6.86 6.79 6.77 6.72 6.64 6.58 6.53 6.55 6.75 7.20 7.95 8.86 9.60 9.73 9.18 8.27 7.38 6.71
8.44 8.24 7.93 7.84 7.89 7.85 7.70 7.56 7.48 7.33 7.20 7.20 7.37 7.53 7.37 6.99 6.78 6.89 7.07 7.15 7.24 7.42 7.64 7.83 7.84 7.70 7.53 7.46 7.51 7.69 7.91 8.07 8.13 8.20 8.26 8.27 8.24 8.28 8.35 8.27 7.86 7.38 6.94 6.58 6.36 6.39 6.59 6.83 7.40 8.14 8.42 8.19 7.89 7.77 7.72 7.65 7.50 7.30 7.10 7.12 7.22 7.28 7.27 7.22 7.18 7.11 7.04 7.04 7.05 7.06 7.10 7.19 7.26 7.38 7.60 8.02 8.77 9.66 10.13 9.84 9.07 8.33 7.65 6.97
8.11 7.64 6.85 6.52 6.58 6.78 7.01 7.25 7.46 7.62 7.80 8.07 8.30 8.20 7.71 7.17 6.86 6.71 6.60 6.64 6.97 7.40 7.73 7.87 7.81 7.63 7.42 7.30 7.30 7.43 7.58 7.69 7.76 7.80 7.71 7.51 7.33 7.24 7.19 7.11 6.98 6.74 6.45 6.23 6.25 6.42 6.60 6.98 7.78 8.44 8.39 7.93 7.68 7.65 7.65 7.59 7.45 7.28 7.15 7.26 7.41 7.45 7.40 7.30 7.20 7.13 7.13 7.20 7.26 7.37 7.61 7.96 8.32 8.72 9.08 9.38 9.76 10.13 10.01 9.38 8.88 8.64 8.36 7.96
7.57 6.98 6.04 5.73 5.73 5.97 6.46 7.00 7.46 7.87 8.24 8.50 8.52 8.17 7.64 7.19 6.85 6.58 6.48 6.68 7.06 7.46 7.74 7.85 7.81 7.67 7.51 7.37 7.24 7.20 7.22 7.18 7.11 7.10 7.06 6.85 6.58 6.38 6.21 6.16 6.22 6.24 6.24 6.34 6.61 6.87 7.15 7.71 8.42 8.66 8.29 7.80 7.62 7.58 7.56 7.53 7.49 7.53 7.66 7.83 7.82 7.67 7.49 7.36 7.28 7.24 7.25 7.34 7.48 7.71 8.15 8.72 9.36 9.90 10.24 10.32 10.27 10.12 9.64 9.10 8.99 9.11 9.16 9.12
7.03 6.54 5.91 5.84 6.00 6.29 6.65 6.96 7.29 7.66 8.00 8.14 7.93 7.52 7.19 6.98 6.78 6.66 6.77 7.09 7.41 7.68 7.84 7.89 7.83 7.75 7.70 7.66 7.57 7.37 7.21 7.05 6.92 6.82 6.66 6.36 6.02 5.81 5.72 5.78 5.91 6.10 6.43 6.91 7.35 7.69 8.12 8.57 8.85 8.67 8.14 7.75 7.60 7.52 7.48 7.53 7.70 7.99 8.30 8.36 8.09 7.70 7.46 7.40 7.43 7.44 7.40 7.47 7.69 8.10 8.68 9.28 9.80 10.08 10.17 10.06 9.83 9.53 9.19 9.00 9.07 9.19 9.37 9.62
7.02 6.86 6.85 7.10 7.30 7.38 7.28 7.17 7.24 7.41 7.56 7.56 7.30 7.01 6.85 6.79 6.74 6.79 7.03 7.39 7.68 7.96 8.05 7.98 7.86 7.80 7.82 7.86 7.86 7.76 7.47 7.18 6.94 6.69 6.37 5.99 5.67 5.51 5.51 5.64 5.90 6.35 7.00 7.61 7.99 8.26 8.54 8.73 8.72 8.36 7.87 7.56 7.37 7.28 7.32 7.52 7.83 8.10 8.19 7.97 7.61 7.40 7.33 7.37 7.46 7.52 7.50 7.55 7.78 8.27 8.85 9.25 9.35 9.18 8.94 8.76 8.67 8.68 8.70 8.71 8.67 8.66 8.91 9.31
7.46 7.65 8.12 8.55 8.70 8.50 8.00 7.73 7.66 7.57 7.38 7.12 6.90 6.79 6.75 6.75 6.78 6.95 7.30 7.70 8.01 8.22 8.16 7.95 7.79 7.77 7.84 7.90 7.90 7.85 7.64 7.28 6.90 6.55 6.20 5.87 5.63 5.51 5.51 5.73 6.28 7.11 7.85 8.25 8.37 8.38 8.40 8.42 8.31 7.98 7.57 7.20 6.94 6.92 7.11 7.41 7.66 7.71 7.50 7.17 7.03 7.08 7.20 7.31 7.40 7.45 7.48 7.56 7.72 8.05 8.45 8.51 8.25 7.89 7.58 7.47 7.68 8.08 8.34 8.35 8.24 8.21 8.35 8.56
7.74 8.03 8.54 8.90 9.02 8.91 8.74 8.52 8.24 7.83 7.37 7.01 6.82 6.79 6.82 6.87 7.00 7.29 7.69 8.01 8.18 8.18 7.94 7.68 7.58 7.67 7.77 7.77 7.73 7.67 7.53 7.24 6.91 6.58 6.25 5.95 5.72 5.62 5.75 6.29 7.25 8.12 8.54 8.56 8.38 8.19 8.14 8.17 8.07 7.77 7.32 6.90 6.65 6.78 7.01 7.22 7.25 7.04 6.74 6.58 6.66 6.88 7.09 7.23 7.29 7.31 7.36 7.51 7.69 7.90 7.98 7.74 7.44 7.23 7.11 7.23 7.67 8.13 8.34 8.29 8.21 8.18 8.13 8.08
7.81 8.03 8.36 8.48 8.47 8.44 8.59 8.56 8.27 7.81 7.39 7.13 7.00 6.98 7.03 7.16 7.41 7.73 8.01 8.09 7.97 7.72 7.49 7.37 7.42 7.56 7.58 7.44 7.40 7.41 7.33 7.16 6.98 6.72 6.42 6.16 5.99 6.01 6.46 7.37 8.26 8.61 8.49 8.19 7.96 7.86 7.93 8.06 7.99 7.62 7.15 6.81 6.75 6.88 7.02 7.04 6.82 6.39 6.04 6.04 6.31 6.69 6.98 7.13 7.20 7.25 7.34 7.49 7.69 7.86 7.81 7.60 7.41 7.27 7.28 7.65 8.22 8.60 8.70 8.58 8.43 8.31 8.16 8.12
7.88 8.05 8.29 8.27 8.04 7.75 7.70 7.75 7.72 7.59 7.41 7.28 7.20 7.18 7.25 7.44 7.72 7.95 7.99 7.80 7.50 7.21 7.10 7.24 7.45 7.60 7.53 7.36 7.37 7.39 7.32 7.20 7.03 6.80 6.60 6.50 6.57 6.88 7.49 8.16 8.46 8.26 7.88 7.62 7.56 7.66 7.87 8.01 7.86 7.46 7.05 6.86 6.82 6.92 7.02 6.99 6.78 6.45 6.12 6.05 6.31 6.65 6.89 7.05 7.19 7.31 7.39 7.49 7.58 7.60 7.63 7.65 7.51 7.30 7.41 8.06 8.82 9.13 9.06 8.82 8.57 8.35 8.22 8.34
7.97 8.08 8.13 7.92 7.60 7.21 6.93 6.87 7.02 7.17 7.25 7.27 7.27 7.26 7.31 7.47 7.64 7.62 7.36 7.03 6.75 6.61 6.79 7.27 7.71 7.86 7.81 7.76 7.77 7.65 7.45 7.22 6.99 6.81 6.73 6.81 7.08 7.49 7.85 8.04 7.94 7.67 7.46 7.43 7.52 7.66 7.85 7.92 7.70 7.32 7.01 6.77 6.65 6.80 7.04 7.12 7.08 6.99 6.80 6.75 6.85 6.87 6.91 7.05 7.21 7.33 7.41 7.45 7.43 7.42 7.55 7.66 7.52 7.43 7.85 8.80 9.51 9.51 9.09 8.68 8.40 8.25 8.25 8.39
7.99 7.84 7.37 6.74 6.37 6.24 6.28 6.42 6.58 6.75 6.95 7.13 7.22 7.24 7.28 7.31 7.22 6.93 6.59 6.39 6.33 6.47 6.94 7.63 8.06 8.13 8.08 8.08 7.97 7.71 7.46 7.21 6.96 6.84 6.86 6.98 7.19 7.43 7.56 7.62 7.58 7.43 7.41 7.53 7.66 7.71 7.74 7.72 7.55 7.24 6.84 6.49 6.49 6.83 7.19 7.33 7.38 7.43 7.49 7.53 7.43 7.17 7.03 7.09 7.24 7.36 7.44 7.51 7.62 7.82 7.94 7.85 7.80 8.11 8.89 9.65 9.88 9.44 8.82 8.42 8.23 8.22 8.29 8.26
7.74 7.30 6.52 5.84 5.44 5.61 6.03 6.38 6.60 6.78 6.99 7.11 7.17 7.21 7.24 7.16 6.95 6.77 6.79 6.91 7.01 7.24 7.65 8.03 8.19 8.09 8.00 7.89 7.56 7.26 7.17 7.07 6.94 6.90 6.96 7.06 7.21 7.38 7.54 7.70 7.66 7.49 7.48 7.64 7.69 7.63 7.56 7.50 7.32 6.92 6.42 6.27 6.56 7.06 7.40 7.52 7.57 7.67 7.82 7.87 7.74 7.51 7.35 7.37 7.42 7.47 7.54 7.70 7.96 8.14 8.07 7.92 8.15 8.87 9.64 9.84 9.47 8.81 8.38 8.22 8.20 8.26 8.26 8.13
