project/data/elevation/US_DEM2016/US_DEM2016_point_10-31-2019_2307_30m_vel.asc
ncols	125
nrows	167
xllcorner	-2042055.000000
yllcorner	1465035.000000
cellsize	30.000000
NODATA_value	-9999.000000
[rows 76 to 113 of 167, columns 0 to 83 of 125]
2.26 1.82 1.10 0.88 0.88 1.09 1.57 1.99 2.17 2.14 2.05 2.03 2.19 2.51 2.90 3.29 3.51 3.52 3.31 3.02 2.82 2.71 2.68 2.64 2.58 2.45 2.20 2.00 1.99 2.00 1.90 1.71 1.49 1.37 1.37 1.38 1.38 1.34 1.36 1.48 1.67 1.96 2.53 3.17 3.35 2.95 2.35 1.95 1.74 1.59 1.45 1.30 1.12 1.05 1.14 1.33 1.51 1.62 1.74 1.95 2.13 1.98 1.56 1.26 1.23 1.37 1.70 2.06 2.26 2.25 2.13 2.13 2.41 2.72 2.94 3.17 3.52 3.83 3.75 3.28 2.73 2.25 2.07 2.04
2.15 1.72 1.05 0.88 0.94 1.36 1.79 1.96 1.88 1.72 1.73 1.94 2.30 2.74 3.15 3.44 3.47 3.26 2.96 2.72 2.57 2.48 2.48 2.54 2.60 2.51 2.19 1.97 1.99 2.04 1.90 1.70 1.56 1.56 1.58 1.50 1.38 1.25 1.26 1.47 1.76 2.07 2.51 3.05 3.31 3.04 2.44 1.96 1.71 1.56 1.39 1.22 1.10 1.13 1.25 1.42 1.58 1.69 1.82 1.99 1.97 1.52 1.09 1.14 1.40 1.70 1.93 2.12 2.35 2.55 2.64 2.83 3.14 3.35 3.47 3.63 3.75 3.69 3.27 2.74 2.33 2.04 1.97 2.00
2.01 1.56 0.90 0.81 0.95 1.39 1.64 1.61 1.44 1.59 1.83 2.19 2.65 3.11 3.44 3.53 3.35 3.01 2.69 2.48 2.37 2.29 2.30 2.45 2.59 2.55 2.22 1.97 2.00 2.05 1.88 1.68 1.62 1.62 1.57 1.40 1.24 1.12 1.24 1.54 1.79 1.97 2.27 2.84 3.30 3.15 2.49 1.92 1.65 1.50 1.34 1.24 1.26 1.34 1.43 1.52 1.66 1.74 1.79 1.82 1.61 1.13 1.01 1.36 1.79 2.04 2.22 2.48 2.79 2.93 3.10 3.40 3.58 3.56 3.49 3.47 3.38 3.10 2.72 2.38 2.12 1.99 1.99 2.03
1.78 1.33 0.77 0.79 1.00 1.32 1.50 1.55 1.67 1.90 2.22 2.62 3.11 3.49 3.62 3.49 3.17 2.77 2.45 2.27 2.18 2.10 2.14 2.33 2.55 2.61 2.32 1.98 1.93 1.97 1.80 1.64 1.58 1.51 1.38 1.19 1.07 1.00 1.19 1.44 1.61 1.74 2.01 2.64 3.24 3.21 2.58 1.99 1.74 1.65 1.58 1.60 1.68 1.66 1.59 1.55 1.58 1.56 1.50 1.40 1.20 1.05 1.23 1.71 2.15 2.44 2.73 3.00 3.08 3.12 3.35 3.59 3.57 3.31 3.11 2.94 2.75 2.55 2.38 2.20 2.01 1.94 1.96 2.00
1.47 1.12 0.82 0.94 1.18 1.43 1.61 1.76 1.99 2.27 2.61 3.06 3.50 3.65 3.52 3.24 2.88 2.50 2.20 2.04 1.96 1.92 2.00 2.17 2.47 2.67 2.46 1.97 1.75 1.78 1.69 1.57 1.52 1.42 1.21 0.99 1.03 0.98 1.19 1.39 1.58 1.75 2.01 2.54 3.08 3.16 2.76 2.31 2.07 2.01 1.98 1.96 1.92 1.76 1.56 1.46 1.39 1.32 1.30 1.27 1.22 1.31 1.63 2.13 2.59 2.97 3.18 3.12 2.95 3.01 3.39 3.57 3.31 2.86 2.61 2.51 2.40 2.29 2.24 2.10 1.94 1.87 1.89 1.91
1.23 1.11 1.03 1.15 1.35 1.59 1.79 1.99 2.25 2.57 2.97 3.39 3.62 3.52 3.19 2.87 2.56 2.18 1.89 1.74 1.72 1.77 1.85 2.01 2.38 2.70 2.58 1.97 1.59 1.60 1.61 1.55 1.52 1.40 1.11 0.87 0.92 1.08 1.32 1.54 1.78 1.97 2.16 2.49 2.91 3.09 2.95 2.67 2.45 2.26 2.09 1.93 1.79 1.59 1.47 1.41 1.32 1.46 1.54 1.55 1.60 1.79 2.14 2.62 3.07 3.31 3.14 2.70 2.56 2.89 3.41 3.55 3.16 2.60 2.35 2.31 2.28 2.21 2.14 2.04 1.93 1.85 1.84 1.83
1.30 1.28 1.23 1.23 1.39 1.65 1.91 2.17 2.49 2.85 3.23 3.48 3.46 3.16 2.78 2.53 2.29 1.94 1.60 1.49 1.58 1.62 1.61 1.86 2.30 2.67 2.64 2.12 1.55 1.50 1.63 1.67 1.61 1.43 1.08 0.91 0.93 1.16 1.43 1.71 1.97 2.11 2.19 2.40 2.78 3.07 3.09 2.88 2.55 2.22 1.97 1.86 1.80 1.67 1.54 1.47 1.48 1.60 1.70 1.74 1.88 2.15 2.54 2.98 3.34 3.26 2.67 2.27 2.44 2.94 3.46 3.53 3.08 2.49 2.22 2.22 2.23 2.17 2.06 1.96 1.89 1.85 1.79 1.78
1.44 1.40 1.31 1.26 1.44 1.76 2.04 2.35 2.71 3.05 3.31 3.35 3.15 2.80 2.47 2.28 2.07 1.75 1.39 1.32 1.47 1.45 1.44 1.77 2.24 2.60 2.68 2.33 1.75 1.60 1.78 1.87 1.75 1.50 1.27 1.08 0.99 1.21 1.54 1.85 2.03 2.03 2.03 2.23 2.65 3.07 3.19 2.96 2.54 2.20 2.06 2.04 1.97 1.79 1.61 1.54 1.58 1.57 1.69 1.81 2.04 2.34 2.72 3.11 3.31 2.94 2.31 2.22 2.56 3.00 3.44 3.48 3.02 2.39 2.08 2.10 2.18 2.11 1.98 1.87 1.79 1.77 1.70 1.74
1.49 1.37 1.29 1.35 1.61 1.94 2.23 2.54 2.86 3.12 3.23 3.12 2.86 2.53 2.25 2.05 1.86 1.55 1.21 1.18 1.31 1.31 1.41 1.79 2.25 2.58 2.75 2.58 2.16 2.00 2.09 2.07 1.88 1.65 1.37 1.20 1.21 1.44 1.78 1.94 1.88 1.78 1.84 2.14 2.60 3.09 3.30 3.09 2.67 2.38 2.25 2.13 1.94 1.74 1.60 1.58 1.58 1.67 1.81 1.97 2.18 2.42 2.73 3.07 3.16 2.69 2.23 2.32 2.58 2.88 3.25 3.36 2.98 2.31 1.91 1.96 2.09 2.05 1.93 1.81 1.70 1.62 1.59 1.68
1.50 1.34 1.29 1.45 1.79 2.13 2.39 2.64 2.90 3.08 3.07 2.88 2.62 2.32 2.03 1.82 1.59 1.30 1.06 1.10 1.24 1.35 1.59 1.99 2.40 2.69 2.91 2.82 2.47 2.26 2.20 2.10 1.92 1.75 1.57 1.46 1.52 1.74 1.87 1.74 1.59 1.64 1.86 2.18 2.62 3.17 3.46 3.27 2.80 2.44 2.24 2.05 1.86 1.71 1.60 1.60 1.66 1.77 1.87 1.99 2.14 2.32 2.62 3.00 3.06 2.61 2.21 2.26 2.41 2.62 3.01 3.22 2.99 2.35 1.85 1.86 2.00 2.00 1.90 1.79 1.69 1.61 1.50 1.64
1.53 1.40 1.38 1.58 1.93 2.22 2.39 2.58 2.84 2.99 2.91 2.68 2.42 2.11 1.80 1.53 1.27 1.08 1.07 1.20 1.37 1.59 1.89 2.26 2.60 2.87 3.05 2.95 2.57 2.26 2.11 2.00 1.87 1.77 1.64 1.57 1.61 1.67 1.56 1.35 1.42 1.67 1.88 2.13 2.62 3.32 3.66 3.37 2.75 2.32 2.10 1.93 1.80 1.71 1.61 1.62 1.88 1.66 1.71 1.83 1.96 2.13 2.52 2.95 3.04 2.62 2.15 2.06 2.19 2.42 2.83 3.15 3.03 2.50 1.92 1.80 1.90 1.94 1.87 2.05 1.74 1.61 1.51 1.62
1.58 1.45 1.44 1.63 1.91 2.10 2.27 2.54 2.83 2.95 2.77 2.48 2.22 1.88 1.47 1.13 1.02 1.12 1.32 1.48 1.64 1.85 2.12 2.46 2.76 2.98 3.07 2.91 2.54 2.21 2.04 1.94 1.86 1.80 1.70 1.57 1.84 1.31 1.19 1.21 1.44 1.65 1.77 2.02 2.67 3.53 3.83 3.37 2.61 2.15 1.91 1.73 1.61 1.56 1.56 1.60 1.57 1.52 1.59 1.73 1.88 2.15 2.57 2.96 3.06 2.67 2.12 1.93 2.04 2.36 2.81 3.20 3.12 2.61 2.09 1.86 1.86 1.89 1.90 1.87 1.76 1.64 1.63 1.72
1.60 1.46 1.44 1.59 1.78 2.00 2.30 2.69 2.92 2.88 2.59 2.26 1.97 1.56 1.09 0.99 1.11 1.46 1.65 1.74 1.87 2.06 2.33 2.62 2.83 2.96 2.98 2.82 2.53 2.26 2.10 1.99 1.89 1.81 1.66 1.49 1.33 1.16 1.08 1.24 1.45 1.61 1.76 2.09 2.83 3.68 3.90 3.30 2.43 1.96 1.74 1.51 1.36 1.31 1.34 1.43 1.47 1.50 1.64 1.79 1.99 2.27 2.60 2.93 3.06 2.75 2.13 1.85 1.98 2.40 2.90 3.31 3.23 2.69 2.18 1.98 1.97 2.02 2.03 1.96 1.82 1.74 1.82 1.87
1.58 1.48 1.47 1.59 1.78 2.13 2.56 2.88 2.91 2.67 2.30 1.92 1.60 1.19 0.89 1.03 1.42 1.68 1.77 1.85 2.01 2.24 2.47 2.63 2.72 2.79 2.86 2.82 2.64 2.38 2.17 2.01 1.88 1.74 1.52 1.36 1.28 1.17 1.12 1.29 1.51 1.71 1.87 2.21 2.91 3.68 3.83 3.15 2.26 1.87 1.67 1.45 1.33 1.32 1.33 1.38 1.46 1.55 1.71 1.88 2.07 2.24 2.48 2.85 3.09 2.82 2.13 1.81 1.97 2.44 2.95 3.38 3.30 2.74 2.20 2.00 2.03 2.08 2.07 1.98 1.92 1.96 2.04 1.97
1.56 1.51 1.53 1.67 1.93 2.37 2.75 2.88 2.69 2.31 1.88 1.44 1.10 0.92 1.01 1.22 1.48 1.63 1.77 1.90 2.11 2.33 2.43 2.42 2.46 2.63 2.84 2.93 2.77 2.45 2.16 1.94 1.79 1.66 1.43 1.25 1.22 1.15 1.16 1.39 1.67 1.83 1.94 2.26 2.92 3.57 3.65 3.06 2.33 1.94 1.75 1.63 1.66 1.72 1.68 1.58 1.57 1.60 1.72 1.85 1.95 2.02 2.30 2.81 3.14 2.88 2.12 1.79 1.93 2.35 2.89 3.40 3.32 2.70 2.15 1.96 2.02 2.06 1.97 1.88 1.90 2.00 2.04 1.90
1.57 1.56 1.60 1.77 2.10 2.53 2.75 2.66 2.30 1.84 1.38 0.98 0.82 0.91 1.12 1.35 1.49 1.62 1.78 1.96 2.16 2.31 2.27 2.18 2.32 2.63 2.92 3.01 2.80 2.45 2.15 1.90 1.74 1.64 1.42 1.17 1.12 1.09 1.17 1.51 1.77 1.88 2.00 2.39 2.96 3.45 3.49 3.07 2.55 2.23 2.07 2.06 2.10 2.06 1.88 1.64 1.55 1.54 1.60 1.66 1.71 1.79 2.15 2.80 3.18 2.92 2.15 1.79 1.84 2.14 2.75 3.35 3.31 2.66 2.06 1.89 2.01 2.04 1.89 1.79 1.85 1.94 1.88 1.71
1.62 1.63 1.70 1.91 2.24 2.52 2.52 2.26 1.83 1.37 0.99 0.79 0.83 1.07 1.31 1.51 1.64 1.74 1.88 2.05 2.22 2.27 2.18 2.17 2.38 2.70 2.98 3.01 2.79 2.50 2.23 2.01 1.87 1.73 1.44 1.09 1.01 1.04 1.25 1.62 1.85 1.97 2.18 2.59 3.05 3.39 3.41 3.11 2.72 2.46 2.35 2.29 2.16 1.92 1.65 1.47 1.44 1.41 1.41 1.44 1.47 1.60 2.04 2.78 3.23 3.00 2.29 1.82 1.74 1.95 2.59 3.28 3.31 2.67 1.98 1.79 1.97 2.02 1.79 1.68 1.79 1.89 1.73 1.49
1.68 1.68 1.77 1.99 2.21 2.27 2.11 1.79 1.40 1.05 0.85 0.84 1.02 1.28 1.52 1.74 1.88 1.96 2.09 2.26 2.38 2.35 2.28 2.30 2.46 2.78 3.08 3.10 2.91 2.66 2.40 2.21 2.06 1.84 1.43 1.06 0.98 1.10 1.43 1.79 2.00 2.17 2.42 2.77 3.07 3.31 3.35 3.15 2.81 2.57 2.40 2.20 1.94 1.70 1.52 1.44 1.41 1.35 1.28 1.28 1.35 1.54 2.03 2.84 3.31 3.12 2.45 1.87 1.67 1.81 2.45 3.19 3.28 2.67 1.89 1.63 1.81 1.91 1.71 1.61 1.76 1.86 1.63 1.31
1.75 1.71 1.75 1.87 1.91 1.81 1.60 1.38 1.13 0.93 0.92 1.04 1.25 1.49 1.75 2.01 2.18 2.28 2.42 2.57 2.60 2.50 2.37 2.32 2.47 2.91 3.29 3.25 2.98 2.68 2.41 2.20 1.99 1.70 1.31 1.09 1.08 1.29 1.66 1.98 2.17 2.34 2.54 2.76 2.97 3.20 3.34 3.21 2.88 2.58 2.32 2.06 1.83 1.72 1.65 1.53 1.42 1.33 1.26 1.31 1.44 1.69 2.22 2.95 3.38 3.20 2.50 1.87 1.62 1.78 2.39 3.08 3.19 2.59 1.80 1.50 1.65 1.78 1.71 1.65 1.75 1.82 1.59 1.24
1.81 1.75 1.70 1.67 1.55 1.39 1.24 1.16 1.10 1.05 1.13 1.29 1.51 1.79 2.08 2.35 2.53 2.65 2.75 2.75 2.63 2.39 2.17 2.14 2.46 3.09 3.46 3.24 2.79 2.46 2.21 2.00 1.77 1.46 1.18 1.16 1.24 1.50 1.84 2.08 2.21 2.32 2.43 2.56 2.80 3.13 3.39 3.32 2.96 2.54 2.19 1.95 1.78 1.68 1.58 1.43 1.34 1.28 1.26 1.35 1.54 1.87 2.41 3.03 3.38 3.17 2.46 1.84 1.70 1.91 2.41 2.89 2.95 2.47 1.80 1.55 1.60 1.66 1.72 1.75 1.76 1.76 1.61 1.37
1.88 1.76 1.60 1.48 1.37 1.30 1.22 1.20 1.28 1.37 1.44 1.58 1.84 2.15 2.45 2.69 2.84 2.87 2.77 2.56 2.25 1.92 1.81 2.04 2.56 3.25 3.47 3.05 2.56 2.34 2.18 2.02 1.82 1.48 1.24 1.28 1.39 1.62 1.89 2.06 2.12 2.15 2.18 2.35 2.68 3.11 3.47 3.45 3.01 2.43 2.03 1.81 1.65 1.48 1.29 1.17 1.16 1.17 1.18 1.30 1.54 1.96 2.55 3.08 3.31 3.09 2.50 1.97 1.85 2.02 2.33 2.54 2.59 2.37 1.98 1.79 1.66 1.58 1.75 1.87 1.78 1.69 1.64 1.64
1.90 1.70 1.44 1.39 1.37 1.38 1.38 1.43 1.59 1.71 1.76 1.91 2.19 2.53 2.79 2.92 2.91 2.74 2.40 1.99 1.65 1.51 1.72 2.16 2.71 3.36 3.44 2.96 2.56 2.42 2.33 2.21 2.00 1.65 1.41 1.42 1.47 1.64 1.84 1.94 1.92 1.88 1.96 2.24 2.61 3.09 3.55 3.54 2.97 2.26 1.89 1.72 1.52 1.28 1.06 0.95 1.00 1.07 1.15 1.32 1.62 2.10 2.66 3.07 3.21 3.02 2.57 2.09 1.89 1.94 2.08 2.10 2.20 2.28 2.18 2.03 1.78 1.62 1.92 2.08 1.89 1.74 1.83 2.09
1.86 1.61 1.37 1.38 1.41 1.48 1.57 1.72 1.90 2.01 2.09 2.26 2.56 2.85 2.94 2.87 2.66 2.31 1.86 1.46 1.32 1.51 1.94 2.39 2.94 3.55 3.49 3.01 2.67 2.54 2.42 2.24 1.99 1.70 1.49 1.47 1.50 1.62 1.74 1.73 1.63 1.64 1.90 2.25 2.61 3.14 3.60 3.51 2.81 2.10 1.85 1.74 1.46 1.19 1.03 0.96 1.02 1.10 1.21 1.41 1.75 2.21 2.67 2.96 3.08 3.01 2.64 2.13 1.83 1.81 1.80 1.79 2.00 2.26 2.32 2.22 1.97 1.91 2.27 2.36 2.12 2.02 2.22 2.46
1.80 1.61 1.43 1.45 1.53 1.69 1.87 2.02 2.14 2.21 2.32 2.52 2.76 2.89 2.80 2.54 2.20 1.81 1.41 1.20 1.37 1.85 2.31 2.68 3.25 3.72 3.54 2.97 2.59 2.40 2.22 2.03 1.83 1.63 1.46 1.44 1.45 1.51 1.53 1.44 1.43 1.69 2.05 2.36 2.72 3.26 3.61 3.40 2.68 2.08 1.90 1.78 1.51 1.36 1.27 1.18 1.17 1.20 1.32 1.54 1.84 2.25 2.63 2.86 2.99 2.98 2.69 2.20 1.91 1.82 1.74 1.76 2.03 2.31 2.40 2.34 2.24 2.35 2.59 2.56 2.34 2.29 2.43 2.43
1.80 1.66 1.52 1.55 1.69 1.89 2.05 2.13 2.18 2.23 2.37 2.57 2.69 2.65 2.42 2.08 1.71 1.37 1.18 1.25 1.66 2.20 2.56 2.91 3.46 3.74 3.39 2.78 2.38 2.16 2.01 1.89 1.74 1.54 1.39 1.38 1.36 1.33 1.33 1.35 1.57 1.97 2.24 2.46 2.83 3.35 3.59 3.27 2.60 2.17 2.00 1.85 1.70 1.64 1.51 1.30 1.24 1.29 1.45 1.65 1.91 2.29 2.62 2.82 2.93 2.93 2.72 2.39 2.16 1.96 1.80 1.83 2.08 2.28 2.41 2.47 2.53 2.63 2.63 2.45 2.26 2.23 2.27 2.09
1.81 1.69 1.55 1.59 1.75 1.91 2.00 2.02 2.02 2.10 2.30 2.48 2.46 2.29 2.00 1.62 1.28 1.15 1.25 1.56 1.99 2.39 2.69 3.01 3.51 3.62 3.14 2.56 2.18 2.00 1.93 1.88 1.72 1.46 1.28 1.29 1.31 1.31 1.41 1.61 1.91 2.14 2.29 2.48 2.87 3.37 3.54 3.15 2.56 2.22 2.01 1.83 1.74 1.68 1.45 1.24 1.24 1.36 1.52 1.70 1.97 2.35 2.64 2.79 2.87 2.88 2.78 2.57 2.30 1.98 1.81 1.84 2.02 2.19 2.40 2.62 2.76 2.70 2.43 2.19 2.06 2.03 1.97 1.75
1.81 1.74 1.63 1.65 1.68 1.80 1.84 1.85 1.88 2.03 2.25 2.34 2.20 1.92 1.55 1.19 1.11 1.31 1.67 2.01 2.28 2.55 2.78 3.05 3.43 3.44 2.89 2.34 2.02 1.92 1.92 1.88 1.71 1.44 1.20 1.17 1.30 1.44 1.65 1.84 1.98 2.09 2.21 2.45 2.87 3.33 3.44 3.05 2.50 2.16 1.97 1.80 1.68 1.55 1.30 1.21 1.28 1.43 1.58 1.77 2.08 2.43 2.65 2.74 2.79 2.83 2.81 2.62 2.25 1.86 1.73 1.77 1.93 2.13 2.37 2.69 2.86 2.65 2.28 2.08 1.98 1.91 1.82 1.73
1.89 1.86 1.78 1.73 1.71 1.64 1.71 1.77 1.87 2.06 2.18 2.11 1.86 1.52 1.20 1.08 1.31 1.77 2.10 2.30 2.47 2.65 2.83 3.05 3.30 3.23 2.73 2.20 1.95 1.94 1.96 1.89 1.76 1.55 1.29 1.22 1.37 1.52 1.64 1.71 1.76 1.90 2.12 2.42 2.85 3.26 3.34 2.95 2.38 2.07 1.95 1.82 1.67 1.49 1.23 1.18 1.32 1.49 1.65 1.84 2.15 2.46 2.60 2.63 2.68 2.75 2.76 2.59 2.22 1.85 1.70 1.72 1.87 2.03 2.22 2.66 2.85 2.59 2.26 2.09 1.98 1.89 1.85 1.86
2.05 1.96 1.79 1.69 1.64 1.64 1.70 1.80 1.92 2.00 1.90 1.70 1.46 1.24 1.18 1.32 1.65 2.02 2.23 2.38 2.52 2.63 2.79 3.04 3.22 3.06 2.63 2.23 2.09 2.12 2.13 2.05 1.96 1.79 1.61 1.50 1.51 1.50 1.48 1.51 1.58 1.78 2.10 2.46 2.85 3.19 3.22 2.82 2.29 2.04 1.94 1.78 1.63 1.50 1.27 1.20 1.38 1.58 1.72 1.91 2.19 2.39 2.47 2.49 2.58 2.69 2.72 2.59 2.29 1.94 1.73 1.73 1.83 1.93 2.14 2.57 2.75 2.58 2.30 2.11 1.99 1.90 1.87 1.86
2.12 1.92 1.63 1.52 1.48 1.51 1.62 1.73 1.77 1.67 1.43 1.30 1.28 1.27 1.45 1.74 1.95 2.10 2.22 2.37 2.47 2.53 2.76 3.11 3.19 2.90 2.60 2.44 2.40 2.39 2.36 2.30 2.21 2.03 1.87 1.70 1.56 1.46 1.42 1.45 1.54 1.80 2.21 2.56 2.85 3.09 3.07 2.70 2.29 2.06 1.87 1.66 1.58 1.62 1.53 1.46 1.57 1.70 1.82 2.00 2.17 2.25 2.30 2.42 2.57 2.69 2.69 2.58 2.35 2.01 1.78 1.76 1.83 1.91 2.06 2.36 2.62 2.59 2.37 2.11 1.90 1.85 1.89 1.85
2.07 1.80 1.48 1.39 1.35 1.39 1.48 1.53 1.47 1.33 1.23 1.25 1.36 1.58 1.99 2.30 2.32 2.26 2.27 2.37 2.45 2.54 2.89 3.26 3.13 2.77 2.67 2.65 2.56 2.47 2.40 2.30 2.15 1.99 1.85 1.67 1.52 1.45 1.41 1.41 1.56 1.94 2.35 2.63 2.80 2.97 2.93 2.60 2.29 2.03 1.73 1.59 1.73 1.94 1.96 1.83 1.75 1.77 1.88 2.00 2.04 2.05 2.20 2.45 2.63 2.70 2.64 2.56 2.39 2.12 1.89 1.80 1.80 1.80 1.82 2.07 2.48 2.62 2.43 2.10 1.82 1.84 1.98 1.93
1.96 1.74 1.47 1.36 1.34 1.39 1.46 1.45 1.38 1.34 1.43 1.61 1.86 2.24 2.65 2.80 2.68 2.50 2.44 2.53 2.63 2.81 3.18 3.34 3.01 2.67 2.71 2.73 2.54 2.38 2.26 2.10 1.95 1.84 1.73 1.58 1.48 1.45 1.38 1.40 1.67 2.11 2.43 2.56 2.68 2.86 2.81 2.50 2.23 1.94 1.70 1.80 2.15 2.37 2.25 1.96 1.76 1.78 1.86 1.90 1.89 1.96 2.21 2.48 2.65 2.65 2.56 2.52 2.44 2.23 1.97 1.79 1.69 1.62 1.63 1.88 2.38 2.62 2.47 2.16 1.92 1.98 2.12 2.05
1.93 1.76 1.51 1.41 1.42 1.49 1.57 1.60 1.61 1.73 1.97 2.25 2.58 2.91 3.11 3.02 2.75 2.58 2.62 2.76 2.92 3.11 3.31 3.24 2.81 2.55 2.69 2.71 2.49 2.29 2.12 1.95 1.80 1.72 1.62 1.49 1.42 1.40 1.36 1.46 1.82 2.14 2.28 2.36 2.58 2.82 2.73 2.41 2.16 1.95 1.89 2.17 2.50 2.53 2.22 1.89 1.79 1.82 1.84 1.83 1.86 1.97 2.17 2.40 2.57 2.54 2.44 2.50 2.50 2.31 2.01 1.73 1.57 1.52 1.57 1.83 2.31 2.56 2.50 2.30 2.14 2.15 2.18 2.06
1.97 1.80 1.57 1.50 1.53 1.61 1.70 1.81 1.98 2.24 2.55 2.83 3.03 3.12 3.09 2.80 2.45 2.42 2.59 2.76 2.93 3.07 3.13 2.97 2.57 2.44 2.66 2.69 2.44 2.21 2.04 1.89 1.78 1.71 1.59 1.43 1.32 1.28 1.31 1.48 1.72 1.89 1.99 2.21 2.65 2.92 2.75 2.39 2.14 2.06 2.17 2.45 2.62 2.52 2.20 2.00 1.97 1.94 1.88 1.85 1.87 1.93 2.03 2.28 2.48 2.42 2.36 2.49 2.53 2.38 2.07 1.69 1.48 1.45 1.54 1.82 2.20 2.43 2.51 2.47 2.31 2.21 2.15 1.99
2.02 1.84 1.60 1.56 1.62 1.69 1.82 2.03 2.32 2.63 2.84 2.94 2.94 2.85 2.67 2.32 2.05 2.15 2.34 2.54 2.76 2.88 2.88 2.69 2.35 2.36 2.67 2.67 2.36 2.13 2.04 1.96 1.90 1.84 1.70 1.46 1.25 1.20 1.23 1.36 1.53 1.72 1.96 2.37 2.88 3.07 2.80 2.37 2.14 2.18 2.35 2.57 2.66 2.51 2.28 2.17 2.12 2.01 1.90 1.84 1.81 1.83 1.95 2.20 2.36 2.29 2.35 2.53 2.59 2.45 2.12 1.66 1.40 1.37 1.51 1.79 2.05 2.28 2.52 2.60 2.46 2.29 2.15 1.96
2.05 1.83 1.59 1.59 1.69 1.80 2.02 2.33 2.61 2.75 2.75 2.65 2.54 2.42 2.26 1.99 1.82 1.94 2.12 2.38 2.69 2.83 2.77 2.49 2.19 2.35 2.70 2.61 2.28 2.13 2.11 2.08 2.02 1.92 1.74 1.48 1.25 1.18 1.19 1.32 1.56 1.85 2.20 2.67 3.09 3.16 2.79 2.29 2.09 2.20 2.42 2.65 2.71 2.54 2.31 2.19 2.08 1.94 1.82 1.76 1.72 1.77 1.91 2.08 2.17 2.21 2.42 2.63 2.67 2.50 2.09 1.63 1.37 1.31 1.46 1.71 1.92 2.16 2.49 2.71 2.63 2.38 2.14 1.94
2.01 1.82 1.62 1.66 1.77 1.94 2.26 2.55 2.66 2.58 2.43 2.29 2.18 2.10 1.98 1.78 1.70 1.86 2.08 2.36 2.72 2.93 2.78 2.33 2.10 2.41 2.69 2.53 2.25 2.18 2.18 2.10 1.97 1.82 1.64 1.40 1.22 1.19 1.22 1.42 1.73 2.02 2.40 2.91 3.23 3.15 2.69 2.12 1.94 2.14 2.44 2.71 2.77 2.56 2.27 2.07 1.90 1.73 1.65 1.64 1.66 1.71 1.81 1.91 2.02 2.22 2.54 2.74 2.72 2.46 1.99 1.62 1.35 1.25 1.39 1.62 1.79 2.01 2.43 2.83 2.80 2.42 2.08 1.90
1.99 1.85 1.72 1.74 1.83 2.04 2.37 2.52 2.41 2.21 2.08 1.95 1.86 1.80 1.72 1.64 1.75 1.99 2.20 2.45 2.86 3.10 2.75 2.15 2.13 2.51 2.65 2.48 2.27 2.18 2.17 2.09 1.94 1.78 1.59 1.34 1.14 1.16 1.27 1.53 1.82 2.10 2.54 3.07 3.26 3.03 2.50 1.94 1.78 2.06 2.44 2.74 2.79 2.55 2.23 1.97 1.72 1.51 1.47 1.53 1.58 1.63 1.68 1.81 2.01 2.31 2.66 2.82 2.69 2.32 1.91 1.59 1.31 1.21 1.34 1.55 1.70 1.90 2.37 2.94 2.92 2.39 1.99 1.83
