project/data/elevation/US_DEM2016/US_DEM2016_point_10-29-2019_1818_30m_ang.asc
ncols	125
nrows	167
xllcorner	-2042055.000000
yllcorner	1465035.000000
cellsize	30.000000
NODATA_value	-9999.000000
[rows 84 to 125 of 167, columns 0 to 93 of 125]
155 161 170 172 165 158 155 152 149 146 143 140 139 139 142 143 144 145 150 154 152 152 149 142 138 136 135 138 145 148 146 143 142 143 148 163 179 177 166 161 160 160 157 153 147 140 138 140 145 150 152 152 153 156 161 168 175 173 169 166 163 158 152 144 140 143 152 155 152 147 139 131 128 131 137 140 143 146 150 153 152 152 157 161 162 165 171 176 176 173 169 167 166 166
153 161 172 172 163 156 153 150 147 144 141 139 138 139 142 144 145 147 149 151 151 152 148 144 142 140 139 142 148 153 154 152 150 149 151 162 173 170 164 162 162 160 157 153 147 141 139 141 148 153 155 156 156 157 161 168 173 171 167 164 161 156 150 142 137 141 150 154 152 148 140 132 128 127 129 129 129 131 137 143 146 149 152 156 158 163 170 177 179 176 170 166 167 172
151 160 172 169 161 155 151 147 144 142 140 139 138 140 143 146 147 147 140 143 148 151 149 147 144 142 140 141 146 152 156 157 156 154 155 161 167 167 165 166 164 159 155 151 146 139 137 140 148 155 159 161 161 161 162 166 153 170 161 162 159 154 147 140 136 138 147 153 152 148 141 135 134 136 137 132 125 122 122 125 131 136 141 145 149 157 168 176 180 177 172 169 172 180
150 159 170 166 157 153 149 144 141 140 140 140 140 141 145 150 151 146 142 144 147 148 147 145 144 142 140 140 142 148 153 158 160 159 158 160 168 168 170 169 163 157 153 148 141 134 132 135 144 152 158 162 164 164 164 166 170 171 166 162 158 152 146 140 136 137 147 155 155 150 143 138 139 144 149 149 144 137 132 129 128 127 129 133 137 147 161 173 176 175 173 172 178 185
148 157 167 163 155 150 146 142 140 139 140 141 142 143 149 125 159 154 151 151 149 147 145 143 141 140 138 138 140 143 148 155 160 161 162 163 166 173 175 170 163 157 153 147 137 129 126 127 135 142 148 154 159 162 163 165 170 172 168 163 159 153 146 140 135 136 146 157 157 151 144 139 139 146 155 159 159 155 151 149 146 142 140 139 139 144 154 163 167 170 172 175 184 186
147 154 165 163 156 150 146 142 140 140 140 142 144 147 155 161 158 156 155 155 152 148 144 142 140 137 135 135 138 142 146 152 158 161 163 166 172 180 180 171 164 159 155 149 137 127 122 122 125 130 134 140 146 150 154 160 168 172 170 164 159 153 147 139 134 134 144 156 158 151 144 137 136 144 154 161 163 161 160 161 160 156 153 152 152 155 156 157 160 165 170 178 186 183
147 153 163 163 157 150 145 142 140 140 140 142 144 147 94 152 149 149 151 152 151 147 144 142 137 133 130 130 133 138 143 148 155 160 163 168 177 186 183 173 165 161 158 151 139 130 126 126 129 132 134 139 144 148 152 157 165 171 169 163 158 154 147 138 132 132 141 154 157 151 142 133 131 137 149 158 159 159 161 165 165 161 160 161 164 166 164 162 162 163 167 178 182 177
147 152 161 161 155 148 143 141 139 139 139 141 142 137 134 134 133 135 138 142 143 143 142 141 137 131 127 126 127 129 133 139 147 155 161 169 181 190 184 171 164 161 159 152 143 136 133 135 140 143 145 147 149 153 156 160 165 170 169 163 159 155 147 136 130 129 137 150 155 151 141 130 126 129 140 151 152 151 156 162 162 160 161 165 169 171 170 169 168 165 166 174 176 170
147 152 159 158 152 147 143 140 139 139 140 143 143 136 131 129 127 128 129 131 132 134 137 139 139 135 130 127 126 128 131 135 141 148 158 170 186 192 182 169 163 161 158 153 146 141 139 140 144 149 151 151 152 154 157 161 166 171 170 165 160 155 146 133 127 128 135 147 155 153 141 129 124 126 135 144 145 144 148 154 155 154 156 161 166 170 172 173 172 168 166 170 171 166
147 151 157 156 150 145 143 141 141 142 146 151 151 146 143 140 137 135 134 134 134 136 139 142 141 137 134 135 137 140 142 144 147 150 158 173 189 191 179 168 163 160 157 152 147 143 140 141 145 149 152 155 156 156 157 160 166 172 174 170 163 156 145 133 128 130 136 147 156 157 143 130 125 125 131 136 135 134 137 143 145 145 146 151 157 163 169 172 172 168 165 167 170 167
145 149 154 153 148 144 142 141 141 142 150 156 154 150 149 148 147 147 146 145 146 147 149 148 144 138 136 138 142 145 148 150 151 154 162 176 188 186 175 166 162 159 155 151 147 142 140 140 144 149 152 156 160 162 161 162 167 174 179 176 168 159 148 136 131 131 137 147 158 159 147 133 127 124 124 124 121 119 121 126 130 132 135 140 147 156 162 166 167 165 164 166 170 170
144 146 150 151 148 143 139 140 139 141 151 156 155 152 151 150 151 151 151 152 152 154 156 154 147 137 134 135 139 142 143 145 147 153 163 176 184 180 171 164 161 157 153 149 145 141 138 138 142 149 154 158 161 164 166 167 171 176 181 178 170 161 150 139 133 132 136 146 157 159 150 140 132 126 122 119 116 112 109 111 117 121 125 130 138 148 156 160 162 162 162 166 170 170
143 146 150 153 153 149 146 146 147 149 153 156 155 153 151 150 150 151 151 153 154 157 158 155 147 137 133 134 135 136 137 138 142 149 160 172 180 176 167 162 159 156 153 148 143 138 134 133 138 146 153 157 160 164 167 171 174 179 183 178 168 158 149 141 135 134 137 146 155 158 153 146 140 136 131 128 125 121 115 114 117 120 121 125 134 144 152 158 160 160 162 166 170 169
142 145 152 157 162 160 158 158 157 155 155 155 154 152 151 150 149 149 151 153 155 157 155 151 144 137 136 139 142 144 144 145 147 151 159 169 176 173 166 161 158 156 153 147 141 135 130 128 131 138 144 149 155 161 167 171 176 183 184 176 166 155 146 140 136 134 138 145 153 156 154 152 150 147 144 139 137 135 130 128 130 132 133 134 139 148 154 157 159 159 160 165 169 168
141 145 153 159 168 167 164 162 160 159 158 156 153 151 149 149 149 149 151 155 158 155 149 146 141 136 138 144 149 151 152 152 153 155 159 167 174 171 165 161 159 157 151 146 141 135 129 128 129 132 134 136 144 153 160 168 176 185 185 175 163 153 145 139 134 132 135 141 148 152 155 157 156 153 152 150 150 147 142 141 144 146 145 143 146 154 157 157 159 159 160 164 168 166
142 145 152 162 168 168 165 162 161 161 159 156 152 149 148 148 148 150 154 160 160 153 148 145 139 135 137 143 149 152 154 155 156 157 160 167 173 170 166 164 163 158 152 148 143 137 132 132 135 140 140 139 141 147 154 164 175 185 183 173 162 152 144 139 135 132 133 138 143 149 156 159 157 155 155 156 157 154 150 150 153 154 151 149 152 159 159 159 160 159 160 162 166 164
145 147 152 159 165 165 162 161 160 160 158 154 150 148 147 147 150 152 156 159 156 151 148 144 138 134 135 139 144 149 152 154 155 158 161 166 171 172 169 167 164 158 154 150 145 138 134 135 141 148 150 151 151 150 154 164 175 182 180 171 163 154 147 142 138 135 135 139 144 150 157 160 157 154 153 154 155 155 154 155 157 156 153 152 156 160 159 158 160 160 161 163 165 163
147 148 150 155 160 160 158 156 156 156 154 150 148 146 147 149 153 155 155 153 149 146 144 141 134 131 131 135 139 142 146 149 152 156 161 165 171 175 173 168 163 159 156 152 146 139 134 135 142 148 153 156 156 154 156 164 172 178 177 170 163 155 149 145 142 139 139 141 145 151 158 160 157 154 152 150 149 151 155 157 158 156 153 154 157 157 156 157 159 160 162 165 167 164
149 149 149 152 152 157 154 152 152 151 148 145 144 144 146 151 158 158 155 152 149 146 143 139 132 127 126 128 130 132 135 138 143 149 156 163 170 175 172 167 163 159 155 151 145 138 134 134 139 145 149 154 156 156 159 163 169 174 174 168 162 155 151 148 145 142 140 140 143 149 156 159 158 155 151 146 142 144 151 156 158 158 157 158 158 157 157 157 158 161 164 168 170 165
151 151 151 151 154 152 153 151 149 148 145 143 141 141 142 148 156 157 156 154 152 149 145 141 135 131 129 128 127 126 126 128 132 138 147 155 164 172 170 165 162 158 154 149 144 138 133 132 135 138 141 146 151 154 158 162 165 171 171 166 160 155 152 150 147 144 140 139 141 146 152 157 157 155 152 145 139 139 144 150 156 159 161 162 162 162 161 160 160 161 166 170 170 164
149 151 154 154 155 157 156 153 149 145 143 140 136 130 127 134 143 149 152 152 151 150 147 143 139 138 139 140 139 137 136 136 138 141 146 151 159 168 169 166 162 157 152 147 143 138 133 132 134 135 136 139 142 145 151 156 160 167 168 163 157 153 151 150 148 145 142 141 142 145 149 153 155 156 153 146 140 138 138 142 148 153 157 160 162 164 165 164 162 163 167 171 168 161
144 148 155 156 157 159 159 155 149 143 138 131 126 121 122 127 133 138 142 145 146 147 146 142 141 143 147 149 150 149 149 149 149 150 152 154 158 166 171 169 164 157 150 146 143 139 136 136 138 138 138 137 133 133 139 147 154 162 164 160 156 153 151 149 147 146 145 144 143 145 148 151 154 155 153 148 142 139 137 138 140 142 143 148 154 161 165 166 164 164 168 170 166 159
140 145 153 155 158 160 157 154 148 143 137 133 135 138 140 141 141 141 140 139 139 142 141 139 141 145 148 150 152 154 154 155 155 155 156 157 160 165 172 173 166 157 150 146 143 140 139 140 141 142 142 139 135 134 138 144 151 157 161 159 156 154 152 149 147 146 147 146 146 147 149 151 154 155 155 150 143 139 138 138 139 136 134 137 144 153 161 164 163 165 168 168 164 159
141 144 150 155 159 162 160 155 151 151 151 152 153 152 150 151 154 155 151 146 143 143 141 139 141 145 145 145 148 152 154 156 157 158 158 160 162 166 175 175 166 157 151 147 143 140 140 143 145 147 149 146 141 139 142 145 149 152 156 158 157 155 152 149 146 145 147 147 147 148 150 153 155 157 158 154 145 140 139 141 144 144 142 142 145 150 158 162 162 164 167 165 160 156
144 146 150 156 162 166 165 162 161 160 159 158 157 155 153 154 159 162 160 156 152 149 144 141 143 146 144 141 142 146 150 153 155 157 159 162 165 170 177 174 163 155 151 147 141 138 140 145 150 155 157 151 145 143 144 146 147 149 153 157 159 156 152 148 144 143 145 145 145 146 150 154 156 159 162 157 148 142 141 142 146 147 147 148 150 152 157 159 159 162 165 163 159 155
146 148 152 157 164 168 166 165 164 161 159 157 155 154 152 154 159 161 160 157 154 151 146 144 145 148 144 141 141 143 144 146 149 151 154 160 166 174 179 172 161 154 149 144 139 137 140 147 154 159 158 153 148 147 148 149 149 149 152 157 159 157 153 148 143 143 143 142 141 143 147 154 157 161 164 159 150 145 141 141 143 144 146 149 151 154 157 157 157 159 162 162 160 156
145 148 153 159 165 167 165 162 160 158 156 154 152 151 149 152 156 156 155 152 150 148 146 145 148 148 144 142 145 146 146 147 148 149 151 157 165 176 180 173 163 154 149 144 139 137 140 148 156 158 156 153 150 150 153 153 153 153 154 156 159 158 155 149 144 143 143 140 139 140 146 153 158 162 165 160 153 148 142 139 140 142 145 148 151 154 157 156 155 156 159 161 160 158
143 147 154 159 165 166 162 157 155 153 152 151 150 148 147 149 152 152 150 147 143 142 143 146 151 149 143 141 144 148 149 151 152 153 154 157 165 175 180 176 166 158 152 146 141 139 141 150 156 156 154 150 149 151 155 157 157 158 158 158 160 160 156 150 146 144 142 139 138 140 145 153 157 162 165 161 155 150 144 139 139 142 146 149 152 155 158 157 155 155 157 160 160 158
142 146 151 157 163 164 159 154 152 150 150 149 149 148 147 148 149 148 146 143 139 137 140 147 153 150 144 142 144 145 146 148 151 153 156 160 167 176 180 176 167 160 153 146 141 140 143 151 157 155 151 147 145 148 153 157 159 161 161 159 160 161 158 152 148 145 141 138 137 139 146 151 157 162 165 161 156 151 144 137 137 141 145 149 152 156 159 158 155 155 156 160 160 158
143 145 148 154 160 161 155 150 149 148 148 147 147 146 144 144 144 143 143 141 137 135 139 149 153 150 147 147 147 145 143 143 145 148 153 160 169 176 179 174 166 159 151 144 140 140 144 152 158 155 149 143 140 142 146 152 157 161 162 161 161 163 161 155 150 146 141 138 137 139 145 149 155 162 165 162 157 152 143 135 134 138 142 146 150 155 158 157 156 156 157 160 162 160
145 145 147 150 156 157 152 147 146 146 145 143 140 137 136 137 140 143 145 144 139 136 139 149 152 150 149 149 149 149 148 146 144 144 148 157 167 175 177 171 164 158 150 142 138 138 143 152 159 156 149 142 139 138 140 144 149 155 158 160 162 165 164 158 152 147 142 138 137 140 145 149 154 161 165 164 160 154 143 133 131 134 137 140 145 150 154 155 156 157 159 162 163 162
145 146 147 148 152 154 151 147 145 144 141 138 136 134 136 139 142 145 148 147 142 137 137 144 148 148 150 149 149 150 152 153 151 148 148 153 161 170 174 169 162 157 149 141 137 136 141 151 159 156 149 144 142 142 141 142 144 147 151 156 161 166 166 161 155 149 143 139 138 140 145 150 155 161 165 165 161 156 145 133 129 132 135 137 140 144 149 154 156 157 160 163 164 163
144 146 147 148 149 152 152 150 150 149 148 148 147 146 145 145 147 149 150 150 146 140 136 138 141 145 149 148 145 146 151 155 156 155 154 155 160 168 171 167 161 156 149 142 138 136 139 148 156 154 149 146 146 147 147 148 149 147 148 152 158 163 165 161 155 150 145 140 138 139 144 149 155 161 166 166 162 156 146 136 132 135 139 141 142 144 149 153 155 158 160 163 164 163
143 145 147 147 148 151 154 154 155 156 156 155 154 151 149 147 148 149 149 150 149 144 140 137 138 143 148 146 141 140 144 151 155 157 158 159 162 168 170 166 160 154 148 143 141 140 139 145 152 152 148 147 148 149 150 151 153 153 153 154 156 161 163 160 154 149 146 141 137 138 142 147 153 161 167 167 163 157 148 140 137 140 145 147 147 149 153 154 155 158 160 162 163 163
141 144 146 147 148 151 156 158 157 156 155 153 152 150 148 146 146 147 147 150 151 146 142 140 140 145 151 148 140 136 137 143 149 154 156 158 163 168 170 166 158 152 147 144 145 144 141 143 148 148 146 145 147 149 148 150 153 155 157 158 159 161 163 160 153 148 145 140 137 138 143 147 152 160 166 167 163 158 150 142 139 142 147 149 150 153 156 155 154 157 160 161 162 163
141 143 145 147 149 152 158 159 157 154 151 149 148 146 144 144 145 146 147 150 150 145 140 138 140 147 155 152 143 138 137 138 142 148 152 156 162 168 171 166 158 151 145 144 147 147 143 142 144 146 145 145 147 148 147 147 150 153 158 161 162 162 164 161 154 148 143 139 137 140 145 149 153 160 166 166 163 158 149 141 137 139 144 146 149 154 158 157 154 156 158 160 162 162
142 143 145 147 149 154 159 161 156 151 148 147 146 144 143 143 145 145 148 150 148 142 136 134 136 145 154 154 147 143 141 140 140 143 147 153 160 167 170 166 157 150 144 144 150 150 143 140 141 144 144 145 147 148 148 147 148 151 155 160 163 165 166 164 158 151 146 140 138 141 146 151 155 160 165 164 162 156 147 140 135 136 140 143 146 152 157 157 156 155 156 158 161 161
143 143 145 147 150 154 160 161 156 149 146 146 147 145 145 145 146 146 149 151 148 144 138 134 135 142 151 154 149 146 144 143 143 144 146 150 156 163 168 164 156 149 145 146 153 151 141 137 138 141 143 144 146 148 148 148 148 149 152 158 163 166 168 167 161 155 149 143 140 141 146 151 155 161 165 165 161 154 146 140 135 135 138 142 146 150 154 156 156 155 155 156 159 160
142 143 145 148 150 153 159 161 155 149 146 146 147 146 148 149 148 148 152 153 152 147 141 136 135 140 148 152 151 147 144 143 145 147 148 149 152 159 165 162 154 148 146 149 155 150 140 134 134 136 138 140 143 146 148 149 148 149 152 158 162 165 169 166 160 154 149 144 141 143 147 151 156 161 166 165 160 153 146 139 133 132 135 141 146 150 153 155 155 155 154 154 157 158
140 142 145 147 149 151 155 157 153 149 146 145 145 145 149 151 149 149 153 154 153 148 141 137 137 140 145 150 151 148 145 142 143 147 149 151 152 158 162 161 152 148 148 152 153 147 138 132 131 133 133 134 136 141 145 148 147 147 152 157 160 165 168 164 157 152 147 143 142 145 149 153 157 162 166 164 158 152 146 136 130 128 132 137 143 147 152 155 155 154 153 153 155 157
141 141 144 147 148 149 151 153 152 148 146 143 141 144 149 151 149 149 151 153 151 146 139 136 138 142 145 147 150 149 146 142 142 145 148 151 153 157 162 159 152 149 151 153 150 144 137 131 130 132 133 132 133 136 141 145 144 144 149 155 159 164 167 163 156 152 149 144 142 145 150 154 159 163 165 162 157 152 147 137 129 127 129 133 138 143 148 152 153 153 152 153 155 157
142 143 145 147 148 148 148 150 150 149 142 143 141 145 149 149 148 147 148 150 148 143 138 136 139 144 146 147 151 151 147 143 141 143 146 149 151 154 158 158 155 155 157 157 154 148 140 133 131 133 135 136 136 137 141 145 144 144 148 154 158 163 165 161 155 153 151 145 142 144 150 155 161 164 164 161 156 153 149 139 131 126 127 132 137 142 146 149 150 151 151 152 155 157
