project/data/elevation/US_DEM2016/US_DEM2016_point_10-29-2019_0101_30m_vel.asc
ncols	125
nrows	167
xllcorner	-2042055.000000
yllcorner	1465035.000000
cellsize	30.000000
NODATA_value	-9999.000000
[rows 76 to 113 of 167, columns 0 to 83 of 125]
1.57 1.56 1.55 1.54 1.60 1.66 1.74 1.85 1.92 1.90 1.83 1.78 1.82 1.93 2.00 2.06 2.13 2.14 2.07 1.98 1.92 1.87 1.83 1.77 1.71 1.65 1.59 1.65 1.76 1.79 1.74 1.65 1.51 1.39 1.35 1.37 1.40 1.41 1.38 1.32 1.29 1.33 1.42 1.47 1.48 1.44 1.40 1.33 1.28 1.29 1.30 1.32 1.32 1.34 1.38 1.43 1.47 1.47 1.47 1.51 1.55 1.53 1.39 1.22 1.10 1.06 1.11 1.20 1.34 1.44 1.45 1.48 1.57 1.71 1.86 2.04 2.23 2.33 2.29 2.10 1.78 1.35 1.13 1.10
1.58 1.58 1.58 1.58 1.66 1.77 1.84 1.84 1.73 1.55 1.42 1.43 1.56 1.75 1.90 2.00 2.05 2.02 1.92 1.82 1.76 1.74 1.74 1.75 1.72 1.67 1.58 1.57 1.65 1.75 1.79 1.78 1.69 1.62 1.57 1.54 1.48 1.40 1.35 1.32 1.35 1.41 1.44 1.42 1.42 1.40 1.38 1.35 1.30 1.29 1.28 1.26 1.23 1.25 1.33 1.42 1.48 1.51 1.53 1.55 1.52 1.40 1.25 1.20 1.23 1.28 1.33 1.41 1.55 1.73 1.82 1.92 2.08 2.25 2.37 2.47 2.51 2.46 2.30 2.11 1.86 1.49 1.21 1.06
1.57 1.53 1.52 1.54 1.58 1.65 1.65 1.56 1.39 1.35 1.34 1.43 1.58 1.76 1.89 1.98 1.98 1.92 1.82 1.73 1.67 1.65 1.65 1.67 1.67 1.62 1.54 1.51 1.55 1.66 1.80 1.87 1.85 1.80 1.74 1.66 1.56 1.45 1.41 1.40 1.39 1.36 1.32 1.28 1.26 1.22 1.13 1.05 1.02 1.01 1.01 1.04 1.10 1.21 1.33 1.46 1.56 1.60 1.61 1.56 1.45 1.31 1.25 1.33 1.47 1.55 1.64 1.78 1.98 2.10 2.18 2.26 2.38 2.50 2.52 2.50 2.40 2.22 2.11 2.09 2.06 1.90 1.66 1.44
1.55 1.47 1.41 1.41 1.40 1.42 1.43 1.42 1.45 1.50 1.56 1.66 1.80 1.92 1.99 1.99 1.94 1.85 1.76 1.69 1.62 1.58 1.56 1.58 1.58 1.53 1.44 1.40 1.39 1.47 1.60 1.74 1.81 1.78 1.72 1.65 1.53 1.44 1.37 1.30 1.22 1.15 1.12 1.15 1.15 1.10 0.99 0.91 0.92 0.97 1.05 1.15 1.28 1.39 1.45 1.50 1.54 1.49 1.39 1.27 1.18 1.16 1.25 1.44 1.63 1.78 1.98 2.16 2.24 2.27 2.26 2.26 2.31 2.31 2.27 2.18 2.02 1.87 1.83 1.92 2.05 2.08 1.99 1.82
1.53 1.45 1.39 1.39 1.39 1.40 1.45 1.53 1.63 1.70 1.78 1.88 2.00 2.05 2.03 1.94 1.82 1.72 1.65 1.59 1.54 1.51 1.49 1.49 1.50 1.46 1.35 1.22 1.13 1.17 1.26 1.39 1.55 1.64 1.63 1.58 1.44 1.43 1.36 1.28 1.22 1.19 1.21 1.28 1.30 1.24 1.16 1.13 1.16 1.25 1.37 1.48 1.55 1.59 1.54 1.48 1.41 1.30 1.17 1.08 1.07 1.16 1.32 1.54 1.76 1.98 2.17 2.22 2.17 2.10 2.04 1.99 1.96 1.88 1.84 1.83 1.78 1.70 1.63 1.63 1.77 1.97 2.05 1.99
1.49 1.45 1.45 1.52 1.55 1.56 1.59 1.66 1.75 1.82 1.91 1.99 2.04 2.03 1.93 1.79 1.66 1.54 1.47 1.42 1.40 1.40 1.42 1.43 1.44 1.41 1.30 1.06 0.89 0.86 0.88 0.96 1.15 1.37 1.49 1.53 1.51 1.53 1.52 1.51 1.51 1.54 1.59 1.61 1.61 1.56 1.48 1.45 1.50 1.52 1.53 1.53 1.53 1.52 1.50 1.49 1.46 1.48 1.45 1.41 1.42 1.48 1.58 1.74 1.90 2.05 2.07 1.95 1.85 1.83 1.81 1.77 1.73 1.64 1.63 1.67 1.70 1.70 1.62 1.50 1.51 1.67 1.88 1.96
1.48 1.47 1.48 1.55 1.59 1.62 1.67 1.73 1.81 1.89 1.95 1.98 1.96 1.87 1.74 1.63 1.54 1.43 1.35 1.30 1.30 1.30 1.31 1.34 1.37 1.39 1.32 1.11 0.83 0.70 0.66 0.73 0.88 1.09 1.32 1.45 1.54 1.59 1.62 1.68 1.75 1.81 1.83 1.81 1.79 1.76 1.71 1.65 1.63 1.57 1.49 1.46 1.49 1.53 1.52 1.53 1.55 1.68 1.73 1.73 1.74 1.77 1.83 1.89 1.96 1.96 1.84 1.71 1.67 1.71 1.72 1.68 1.63 1.56 1.57 1.61 1.67 1.72 1.69 1.59 1.47 1.47 1.60 1.80
1.54 1.54 1.50 1.48 1.52 1.59 1.68 1.77 1.85 1.89 1.92 1.90 1.84 1.72 1.62 1.55 1.48 1.40 1.31 1.26 1.24 1.22 1.19 1.21 1.28 1.36 1.38 1.30 1.10 0.95 0.90 0.93 0.96 1.04 1.15 1.30 1.45 1.51 1.58 1.69 1.78 1.82 1.80 1.75 1.74 1.75 1.73 1.68 1.63 1.59 1.58 1.61 1.63 1.62 1.56 1.55 1.53 1.61 1.73 1.78 1.82 1.86 1.90 1.90 1.88 1.81 1.71 1.68 1.71 1.73 1.70 1.62 1.51 1.41 1.38 1.43 1.52 1.60 1.63 1.61 1.50 1.39 1.38 1.57
1.57 1.58 1.54 1.51 1.54 1.61 1.70 1.79 1.84 1.84 1.82 1.78 1.71 1.61 1.54 1.48 1.43 1.37 1.30 1.23 1.16 1.11 1.07 1.11 1.22 1.36 1.47 1.53 1.56 1.53 1.48 1.38 1.29 1.25 1.26 1.27 1.36 1.50 1.62 1.71 1.71 1.66 1.63 1.64 1.66 1.70 1.73 1.73 1.75 1.79 1.78 1.75 1.70 1.64 1.57 1.54 1.55 1.63 1.74 1.81 1.86 1.88 1.87 1.81 1.74 1.69 1.67 1.70 1.73 1.72 1.66 1.56 1.38 1.18 1.04 1.05 1.17 1.30 1.40 1.48 1.46 1.36 1.26 1.35
1.56 1.57 1.58 1.58 1.63 1.69 1.75 1.80 1.81 1.78 1.74 1.69 1.61 1.53 1.47 1.41 1.36 1.28 1.19 1.10 1.06 1.06 1.10 1.20 1.33 1.46 1.57 1.69 1.81 1.88 1.86 1.75 1.60 1.49 1.42 1.35 1.47 1.69 1.74 1.69 1.59 1.53 1.58 1.64 1.67 1.71 1.79 1.86 1.93 1.98 1.94 1.82 1.72 1.65 1.59 1.56 1.59 1.70 1.78 1.81 1.81 1.79 1.76 1.70 1.63 1.59 1.57 1.61 1.62 1.61 1.60 1.55 1.40 1.16 0.93 0.85 0.84 0.89 0.98 1.12 1.25 1.24 1.21 1.22
1.56 1.57 1.59 1.65 1.72 1.75 1.74 1.73 1.73 1.72 1.69 1.64 1.55 1.48 1.41 1.33 1.23 1.11 0.95 0.96 0.99 1.10 1.24 1.36 1.48 1.57 1.64 1.71 1.80 1.88 1.91 1.89 1.79 1.66 1.56 1.53 1.62 1.73 1.67 1.56 1.48 1.49 1.52 1.56 1.58 1.65 1.75 1.83 1.91 1.97 1.98 1.92 1.84 1.74 1.63 1.59 1.53 1.66 1.60 1.65 1.63 1.60 1.60 1.61 1.58 1.54 1.48 1.46 1.47 1.49 1.52 1.58 1.59 1.49 1.26 1.02 0.83 0.72 0.68 0.61 0.85 0.96 0.98 0.98
1.58 1.59 1.61 1.65 1.67 1.65 1.62 1.60 1.63 1.67 1.67 1.61 1.52 1.43 1.32 1.19 1.08 1.00 0.99 1.01 1.06 1.15 1.27 1.40 1.53 1.60 1.63 1.64 1.65 1.66 1.73 1.84 1.87 1.81 1.72 1.67 1.34 1.56 1.48 1.44 1.41 1.39 1.36 1.35 1.42 1.51 1.58 1.61 1.65 1.71 1.76 1.81 1.82 1.80 1.72 1.64 1.58 1.54 1.51 1.49 1.49 1.52 1.56 1.59 1.57 1.52 1.46 1.42 1.42 1.45 1.51 1.60 1.71 1.79 1.77 1.57 1.33 1.11 0.98 0.88 0.80 0.77 0.76 0.80
1.56 1.57 1.58 1.56 1.52 1.49 1.52 1.59 1.65 1.67 1.64 1.56 1.46 1.34 1.20 0.74 1.14 1.22 1.26 1.27 1.26 1.26 1.32 1.42 1.51 1.56 1.56 1.56 1.56 1.53 1.57 1.69 1.82 1.87 1.83 1.74 1.57 1.41 1.37 1.38 1.35 1.31 1.29 1.32 1.36 1.39 1.38 1.32 1.26 1.24 1.29 1.37 1.46 1.54 1.56 1.56 1.54 1.51 1.50 1.51 1.55 1.58 1.59 1.57 1.55 1.51 1.46 1.44 1.44 1.48 1.54 1.60 1.70 1.86 1.98 2.00 1.91 1.77 1.64 1.49 1.28 1.13 1.12 1.12
1.55 1.54 1.53 1.51 1.49 1.52 1.61 1.68 1.71 1.66 1.55 1.43 1.33 1.23 1.15 1.17 1.30 1.42 1.47 1.47 1.45 1.43 1.44 1.46 1.46 1.42 1.41 1.45 1.52 1.57 1.57 1.59 1.66 1.75 1.78 1.73 1.56 1.43 1.37 1.39 1.38 1.39 1.41 1.41 1.39 1.34 1.27 1.14 0.99 0.93 0.92 0.95 1.01 1.13 1.27 1.40 1.47 1.51 1.55 1.60 1.63 1.61 1.56 1.51 1.49 1.47 1.44 1.43 1.44 1.49 1.53 1.55 1.59 1.71 1.85 1.98 2.05 2.05 2.03 1.97 1.86 1.76 1.69 1.61
1.56 1.54 1.53 1.55 1.58 1.64 1.70 1.72 1.67 1.54 1.38 1.23 1.10 1.03 0.47 1.06 1.14 1.25 1.37 1.47 1.52 1.54 1.52 1.44 1.33 1.25 1.25 1.31 1.39 1.44 1.47 1.46 1.49 1.59 1.69 1.71 1.61 1.52 1.47 1.48 1.50 1.51 1.51 1.51 1.49 1.44 1.38 1.28 1.16 1.05 1.01 1.04 1.14 1.27 1.39 1.47 1.49 1.51 1.57 1.60 1.59 1.54 1.48 1.45 1.43 1.41 1.37 1.37 1.40 1.44 1.46 1.45 1.43 1.42 1.47 1.59 1.75 1.86 1.94 2.02 2.04 2.02 1.99 1.92
1.57 1.56 1.55 1.59 1.64 1.69 1.70 1.65 1.52 1.34 1.17 1.02 0.90 0.82 0.78 0.79 0.84 0.94 1.06 1.22 1.35 1.43 1.42 1.35 1.26 1.21 1.19 1.18 1.15 1.13 1.15 1.17 1.24 1.39 1.57 1.67 1.62 1.55 1.52 1.54 1.55 1.56 1.58 1.64 1.65 1.64 1.62 1.58 1.56 1.52 1.45 1.48 1.59 1.68 1.70 1.63 1.55 1.52 1.52 1.51 1.47 1.43 1.39 1.38 1.37 1.33 1.29 1.30 1.32 1.34 1.36 1.35 1.29 1.18 1.15 1.23 1.36 1.47 1.58 1.71 1.83 1.88 1.89 1.92
1.58 1.56 1.56 1.60 1.67 1.70 1.64 1.51 1.34 1.17 1.03 0.92 0.85 0.81 0.80 0.78 0.77 0.80 0.86 0.96 1.07 1.15 1.20 1.25 1.29 1.31 1.29 1.22 1.15 1.11 1.09 1.10 1.16 1.28 1.43 1.55 1.56 1.53 1.51 1.54 1.56 1.60 1.66 1.76 1.79 1.80 1.80 1.78 1.80 1.84 1.85 1.83 1.81 1.75 1.65 1.59 1.54 1.51 1.47 1.40 1.32 1.29 1.28 1.28 1.30 1.29 1.27 1.28 1.28 1.28 1.29 1.30 1.25 1.13 1.05 1.04 1.13 1.21 1.26 1.33 1.43 1.52 1.55 1.58
1.59 1.59 1.60 1.65 1.69 1.64 1.51 1.34 1.19 1.08 0.98 0.92 0.91 0.96 1.01 1.02 0.99 0.97 0.98 1.04 1.11 1.17 1.23 1.30 1.35 1.39 1.46 1.51 1.54 1.53 1.51 1.49 1.50 1.50 1.46 1.46 1.49 1.52 1.56 1.60 1.64 1.69 1.77 1.84 1.83 1.82 1.82 1.82 1.85 1.90 1.94 1.92 1.81 1.64 1.52 1.52 1.52 1.47 1.40 1.30 1.21 1.18 1.22 1.28 1.34 1.37 1.38 1.37 1.32 1.29 1.28 1.30 1.27 1.17 1.01 0.88 0.89 0.95 0.97 0.99 1.08 1.19 1.22 1.20
1.59 1.60 1.64 1.66 1.60 1.44 1.26 1.13 1.04 0.96 0.94 0.97 1.03 1.11 1.21 1.30 1.36 1.38 1.42 1.49 1.55 1.58 1.57 1.51 1.45 1.46 1.57 1.69 1.77 1.79 1.77 1.74 1.69 1.62 1.49 1.43 1.47 1.56 1.65 1.71 1.75 1.80 1.83 1.83 1.77 1.74 1.76 1.80 1.85 1.89 1.87 1.85 1.84 1.80 1.73 1.64 1.54 1.47 1.42 1.38 1.34 1.33 1.35 1.40 1.43 1.44 1.42 1.40 1.33 1.33 1.35 1.36 1.32 1.18 0.94 0.72 0.64 0.64 0.66 0.69 0.76 0.88 0.97 1.00
1.57 1.58 1.57 1.51 1.37 1.17 1.02 0.94 0.89 0.87 0.95 1.08 1.20 1.31 1.43 1.56 1.66 1.76 1.85 1.90 1.89 1.84 1.74 1.63 1.55 1.52 1.55 1.56 1.55 1.54 1.50 1.46 1.44 1.42 1.41 1.43 1.52 1.62 1.72 1.77 1.79 1.79 1.76 1.69 1.66 1.64 1.67 1.73 1.80 1.86 1.85 1.83 1.85 1.88 1.86 1.73 1.60 1.50 1.48 1.48 1.50 1.52 1.51 1.51 1.50 1.45 1.40 1.37 1.35 1.42 1.48 1.48 1.42 1.25 0.96 0.73 0.61 0.53 0.50 0.51 0.56 0.65 0.76 0.82
1.58 1.58 1.52 1.40 1.27 1.14 1.03 0.97 0.97 1.00 1.10 1.24 1.39 1.52 1.65 1.76 1.86 1.95 1.98 1.94 1.84 1.72 1.63 1.59 1.60 1.61 1.57 1.45 1.32 1.26 1.23 1.23 1.28 1.32 1.37 1.45 1.56 1.66 1.72 1.75 1.75 1.71 1.63 1.55 1.52 1.52 1.53 1.57 1.63 1.65 1.68 1.71 1.73 1.74 1.72 1.67 1.59 1.50 1.45 1.45 1.47 1.53 1.56 1.58 1.57 1.54 1.48 1.45 1.45 1.51 1.55 1.54 1.54 1.45 1.21 0.99 0.83 0.69 0.63 0.61 0.62 0.64 0.68 0.76
1.58 1.58 1.52 1.40 1.38 1.30 1.23 1.22 1.27 1.30 1.33 1.42 1.56 1.70 1.83 1.91 1.95 1.93 1.84 1.70 1.54 1.43 1.41 1.47 1.56 1.65 1.66 1.61 1.56 1.54 1.53 1.53 1.52 1.48 1.46 1.49 1.55 1.64 1.68 1.69 1.65 1.57 1.49 1.44 1.41 1.41 1.42 1.42 1.38 1.31 1.29 1.34 1.42 1.46 1.48 1.51 1.50 1.45 1.41 1.42 1.47 1.53 1.55 1.56 1.55 1.53 1.52 1.50 1.48 1.48 1.50 1.51 1.59 1.64 1.54 1.32 1.13 0.97 0.94 0.95 0.94 0.90 0.92 1.06
1.55 1.53 1.49 1.42 1.48 1.47 1.46 1.50 1.57 1.61 1.63 1.66 1.76 1.88 1.95 1.95 1.89 1.77 1.62 1.48 1.35 1.28 1.30 1.38 1.49 1.64 1.75 1.84 1.89 1.90 1.89 1.84 1.75 1.65 1.58 1.53 1.53 1.60 1.64 1.61 1.51 1.41 1.36 1.37 1.39 1.41 1.43 1.41 1.29 1.14 1.05 1.04 1.04 1.10 1.23 1.35 1.42 1.43 1.42 1.43 1.49 1.53 1.51 1.47 1.44 1.43 1.42 1.40 1.36 1.35 1.37 1.44 1.61 1.78 1.83 1.74 1.56 1.41 1.40 1.42 1.40 1.38 1.41 1.51
1.52 1.50 1.46 1.48 1.58 1.66 1.73 1.79 1.85 1.89 1.90 1.89 1.92 1.95 1.92 1.83 1.71 1.57 1.45 1.35 1.35 1.39 1.44 1.49 1.56 1.66 1.72 1.78 1.83 1.86 1.85 1.82 1.77 1.71 1.62 1.56 1.56 1.58 1.55 1.47 1.39 1.38 1.40 1.44 1.47 1.52 1.53 1.53 1.48 1.39 1.28 1.17 1.05 1.08 1.22 1.36 1.42 1.47 1.51 1.52 1.53 1.53 1.49 1.45 1.43 1.40 1.36 1.32 1.30 1.32 1.36 1.46 1.63 1.80 1.93 1.98 1.97 1.90 1.88 1.89 1.87 1.84 1.81 1.78
1.52 1.50 1.48 1.51 1.63 1.77 1.87 1.93 1.95 1.96 1.97 1.96 1.94 1.88 1.77 1.64 1.51 1.38 1.27 1.25 1.36 1.48 1.56 1.60 1.64 1.66 1.62 1.56 1.55 1.56 1.60 1.65 1.70 1.70 1.62 1.56 1.53 1.49 1.40 1.35 1.40 1.51 1.56 1.58 1.58 1.59 1.59 1.62 1.64 1.68 1.67 1.59 1.48 1.43 1.45 1.46 1.47 1.53 1.60 1.62 1.61 1.60 1.56 1.54 1.51 1.49 1.45 1.44 1.47 1.48 1.48 1.51 1.59 1.68 1.81 1.95 2.06 2.10 2.11 2.09 2.03 1.95 1.87 1.74
1.51 1.49 1.47 1.51 1.58 1.67 1.74 1.77 1.76 1.76 1.79 1.81 1.79 1.71 1.59 1.46 1.32 1.20 1.16 1.21 1.33 1.44 1.51 1.55 1.55 1.52 1.43 1.35 1.29 1.28 1.34 1.44 1.53 1.58 1.58 1.53 1.46 1.41 1.40 1.47 1.58 1.65 1.66 1.65 1.64 1.63 1.61 1.60 1.64 1.71 1.77 1.79 1.77 1.68 1.56 1.48 1.48 1.55 1.62 1.66 1.68 1.69 1.67 1.65 1.62 1.60 1.58 1.59 1.61 1.57 1.52 1.51 1.53 1.58 1.66 1.78 1.88 1.96 2.01 2.01 1.95 1.84 1.71 1.54
1.49 1.47 1.46 1.48 1.49 1.53 1.52 1.50 1.48 1.51 1.56 1.60 1.57 1.48 1.36 1.25 1.20 1.22 1.31 1.42 1.46 1.48 1.50 1.51 1.47 1.36 1.21 1.10 1.02 0.99 1.02 1.10 1.20 1.30 1.37 1.40 1.42 1.48 1.57 1.66 1.70 1.69 1.66 1.64 1.63 1.61 1.58 1.54 1.52 1.53 1.58 1.67 1.72 1.67 1.54 1.46 1.48 1.54 1.60 1.67 1.73 1.77 1.76 1.74 1.71 1.67 1.62 1.58 1.54 1.46 1.44 1.45 1.49 1.54 1.60 1.63 1.65 1.67 1.73 1.83 1.87 1.83 1.73 1.63
1.53 1.54 1.55 1.52 1.48 1.44 1.40 1.36 1.35 1.41 1.47 1.45 1.35 1.21 1.08 1.06 1.21 1.43 1.59 1.65 1.67 1.65 1.63 1.60 1.56 1.48 1.30 1.09 0.95 0.88 0.85 0.87 0.94 1.03 1.12 1.24 1.38 1.50 1.59 1.61 1.59 1.58 1.56 1.55 1.56 1.56 1.54 1.48 1.38 1.30 1.29 1.35 1.43 1.50 1.48 1.46 1.46 1.49 1.56 1.64 1.72 1.78 1.78 1.76 1.73 1.69 1.62 1.54 1.46 1.38 1.36 1.39 1.44 1.48 1.51 1.55 1.54 1.50 1.48 1.57 1.71 1.81 1.87 1.90
1.61 1.65 1.68 1.62 1.53 1.46 1.40 1.36 1.37 1.38 1.34 1.20 1.04 0.88 0.79 0.83 1.06 1.37 1.58 1.70 1.75 1.76 1.73 1.70 1.70 1.70 1.62 1.44 1.28 1.21 1.19 1.16 1.17 1.21 1.25 1.33 1.41 1.46 1.50 1.48 1.43 1.43 1.46 1.49 1.52 1.54 1.53 1.45 1.34 1.24 1.18 1.13 1.11 1.16 1.22 1.30 1.36 1.41 1.50 1.59 1.67 1.71 1.71 1.69 1.69 1.69 1.67 1.61 1.53 1.43 1.36 1.34 1.36 1.42 1.49 1.55 1.55 1.48 1.36 1.32 1.39 1.53 1.67 1.78
1.62 1.65 1.66 1.62 1.56 1.49 1.44 1.40 1.35 1.23 1.02 0.84 0.77 0.73 0.72 0.78 0.91 1.10 1.30 1.48 1.57 1.62 1.66 1.71 1.76 1.80 1.83 1.83 1.79 1.76 1.73 1.70 1.67 1.63 1.58 1.55 1.51 1.49 1.49 1.46 1.42 1.40 1.45 1.49 1.53 1.56 1.56 1.53 1.47 1.39 1.28 1.10 0.93 0.89 0.99 1.16 1.30 1.40 1.50 1.58 1.63 1.63 1.61 1.62 1.64 1.68 1.72 1.70 1.62 1.49 1.40 1.36 1.36 1.40 1.46 1.50 1.54 1.51 1.40 1.27 1.16 1.13 1.17 1.26
1.56 1.54 1.54 1.55 1.51 1.44 1.34 1.29 1.17 1.01 0.87 0.79 0.83 0.92 1.08 1.23 1.22 1.18 1.18 1.22 1.29 1.38 1.52 1.66 1.74 1.77 1.84 1.93 2.00 2.03 2.00 1.96 1.91 1.82 1.73 1.63 1.56 1.51 1.47 1.46 1.45 1.47 1.51 1.53 1.53 1.55 1.58 1.61 1.59 1.49 1.33 1.13 1.02 1.04 1.16 1.28 1.37 1.45 1.53 1.58 1.57 1.53 1.55 1.60 1.65 1.69 1.73 1.75 1.72 1.64 1.53 1.46 1.43 1.41 1.38 1.39 1.47 1.51 1.46 1.33 1.15 1.03 0.99 1.03
1.52 1.49 1.48 1.48 1.44 1.35 1.27 1.18 1.08 1.03 1.07 1.16 1.27 1.45 1.66 1.81 1.86 1.74 1.54 1.43 1.41 1.47 1.59 1.68 1.70 1.70 1.71 1.75 1.83 1.90 1.93 1.92 1.91 1.84 1.76 1.67 1.59 1.50 1.43 1.42 1.48 1.56 1.60 1.57 1.52 1.50 1.55 1.62 1.64 1.57 1.45 1.35 1.33 1.39 1.44 1.42 1.40 1.44 1.50 1.53 1.50 1.48 1.53 1.59 1.62 1.64 1.67 1.72 1.75 1.75 1.67 1.57 1.50 1.44 1.37 1.35 1.42 1.49 1.50 1.43 1.35 1.33 1.33 1.29
1.52 1.49 1.47 1.47 1.44 1.41 1.40 1.39 1.36 1.39 1.51 1.67 1.84 2.00 2.10 2.16 2.20 2.16 2.07 1.97 1.90 1.85 1.82 1.77 1.72 1.67 1.63 1.59 1.55 1.56 1.61 1.67 1.70 1.71 1.70 1.69 1.64 1.54 1.46 1.47 1.54 1.58 1.56 1.51 1.46 1.46 1.54 1.63 1.71 1.75 1.73 1.67 1.63 1.61 1.54 1.43 1.40 1.44 1.47 1.47 1.49 1.50 1.51 1.52 1.53 1.53 1.53 1.58 1.66 1.71 1.69 1.62 1.55 1.47 1.41 1.40 1.44 1.50 1.53 1.51 1.52 1.55 1.58 1.56
1.54 1.53 1.52 1.50 1.51 1.55 1.60 1.65 1.72 1.80 1.92 2.06 2.17 2.20 2.17 2.12 2.09 2.12 2.14 2.12 2.07 2.00 1.91 1.80 1.71 1.65 1.61 1.58 1.50 1.42 1.38 1.39 1.41 1.45 1.51 1.58 1.61 1.57 1.52 1.49 1.46 1.39 1.33 1.33 1.39 1.46 1.55 1.66 1.77 1.88 1.93 1.90 1.84 1.77 1.67 1.57 1.54 1.53 1.50 1.48 1.50 1.49 1.46 1.45 1.46 1.45 1.43 1.45 1.51 1.58 1.63 1.61 1.55 1.48 1.45 1.45 1.46 1.50 1.52 1.51 1.50 1.50 1.53 1.55
1.58 1.59 1.58 1.56 1.57 1.60 1.65 1.73 1.86 2.00 2.10 2.14 2.11 2.02 1.92 1.82 1.78 1.79 1.82 1.83 1.84 1.84 1.82 1.75 1.68 1.62 1.59 1.60 1.60 1.56 1.49 1.43 1.42 1.44 1.46 1.48 1.50 1.51 1.50 1.43 1.33 1.26 1.26 1.34 1.45 1.53 1.59 1.66 1.76 1.86 1.93 1.95 1.94 1.92 1.89 1.84 1.77 1.68 1.58 1.52 1.49 1.46 1.44 1.44 1.45 1.42 1.39 1.39 1.45 1.52 1.57 1.57 1.54 1.49 1.47 1.47 1.48 1.50 1.53 1.51 1.48 1.47 1.48 1.49
1.59 1.60 1.60 1.60 1.62 1.66 1.72 1.81 1.93 2.02 2.03 1.97 1.86 1.75 1.66 1.59 1.55 1.53 1.52 1.55 1.59 1.63 1.67 1.69 1.67 1.62 1.57 1.55 1.57 1.61 1.64 1.66 1.67 1.65 1.60 1.54 1.49 1.47 1.47 1.43 1.39 1.41 1.45 1.53 1.59 1.63 1.65 1.68 1.71 1.76 1.81 1.86 1.91 1.96 2.01 1.99 1.91 1.79 1.66 1.55 1.49 1.47 1.46 1.43 1.39 1.37 1.38 1.41 1.47 1.50 1.52 1.52 1.51 1.49 1.47 1.46 1.47 1.50 1.53 1.53 1.51 1.50 1.50 1.51
1.55 1.55 1.56 1.60 1.65 1.73 1.81 1.89 1.94 1.91 1.82 1.73 1.65 1.58 1.51 1.44 1.37 1.33 1.35 1.40 1.44 1.50 1.56 1.60 1.62 1.64 1.61 1.56 1.52 1.53 1.57 1.60 1.63 1.65 1.64 1.60 1.54 1.49 1.49 1.52 1.54 1.57 1.59 1.64 1.68 1.71 1.70 1.67 1.64 1.66 1.68 1.70 1.75 1.81 1.88 1.91 1.88 1.79 1.67 1.57 1.51 1.47 1.43 1.38 1.34 1.36 1.40 1.44 1.47 1.46 1.46 1.48 1.49 1.48 1.45 1.43 1.42 1.44 1.48 1.51 1.49 1.48 1.48 1.51
1.52 1.50 1.52 1.57 1.63 1.72 1.80 1.83 1.79 1.70 1.59 1.49 1.41 1.36 1.28 1.22 1.20 1.23 1.28 1.33 1.41 1.50 1.52 1.50 1.57 1.67 1.71 1.69 1.64 1.56 1.48 1.39 1.35 1.41 1.49 1.54 1.55 1.52 1.53 1.56 1.59 1.61 1.63 1.67 1.69 1.69 1.66 1.61 1.58 1.59 1.59 1.57 1.56 1.55 1.56 1.61 1.65 1.65 1.62 1.58 1.53 1.45 1.39 1.35 1.35 1.39 1.44 1.47 1.46 1.42 1.41 1.42 1.43 1.43 1.43 1.42 1.39 1.38 1.40 1.45 1.44 1.40 1.38 1.39
