project/data/elevation/US_DEM2016/US_DEM2016_point_10-31-2019_0652_30m_vel.asc
ncols	125
nrows	167
xllcorner	-2042055.000000
yllcorner	1465035.000000
cellsize	30.000000
NODATA_value	-9999.000000
[rows 114 to 151 of 167, columns 0 to 83 of 125]
6.59 6.58 6.63 6.74 6.94 7.23 7.35 6.98 6.33 5.69 5.14 4.66 4.29 4.06 4.14 4.62 5.39 6.16 6.70 7.07 7.34 7.25 6.78 6.57 6.88 7.11 7.08 7.04 7.07 7.03 6.88 6.53 6.06 5.70 5.57 5.64 5.95 6.32 6.61 6.82 7.04 7.30 7.53 7.66 7.42 6.90 6.51 6.38 6.41 6.52 6.63 6.60 6.45 6.15 5.72 5.41 5.37 5.68 6.10 6.38 6.47 6.43 6.32 6.22 6.20 6.27 6.35 6.27 6.03 5.81 5.69 5.62 5.62 5.67 5.68 5.61 5.50 5.42 5.42 5.52 5.44 5.13 4.89 4.75
6.73 6.75 6.80 6.81 6.85 6.85 6.62 6.06 5.38 4.81 4.39 4.09 3.91 4.06 4.73 5.74 6.67 7.36 7.80 7.93 7.63 6.95 6.18 6.04 6.35 6.45 6.40 6.48 6.66 6.91 7.16 7.24 7.03 6.47 5.86 5.70 6.07 6.57 6.91 7.14 7.34 7.50 7.58 7.46 7.01 6.37 5.95 5.91 6.09 6.38 6.74 6.87 6.80 6.58 6.13 5.55 5.23 5.33 5.62 5.91 6.18 6.39 6.52 6.56 6.56 6.53 6.38 6.11 5.85 5.71 5.67 5.68 5.72 5.72 5.66 5.59 5.55 5.56 5.58 5.54 5.32 5.04 4.86 4.69
6.83 6.86 6.87 6.81 6.68 6.44 6.06 5.61 5.35 5.29 5.28 5.23 5.42 6.01 6.88 7.76 8.33 8.47 8.31 7.90 7.25 6.54 5.97 5.73 5.73 5.64 5.67 5.92 6.18 6.43 6.72 7.05 7.26 7.21 6.95 6.84 6.94 7.12 7.23 7.30 7.31 7.31 7.31 7.16 6.76 6.24 5.81 5.71 5.97 6.41 6.79 6.96 6.99 6.97 6.86 6.67 6.40 6.15 6.01 6.04 6.16 6.30 6.41 6.50 6.56 6.51 6.30 5.98 5.73 5.56 5.51 5.55 5.63 5.69 5.70 5.68 5.69 5.74 5.78 5.78 5.73 5.65 5.62 5.65
6.84 6.80 6.74 6.67 6.51 6.24 5.94 5.75 5.81 6.07 6.43 6.90 7.51 8.16 8.66 8.86 8.70 8.24 7.70 7.10 6.61 6.41 6.33 6.11 5.80 5.54 5.41 5.55 5.74 5.83 5.90 6.15 6.64 7.15 7.46 7.54 7.40 7.17 6.99 6.88 6.83 6.88 6.98 6.94 6.69 6.35 5.95 5.76 5.98 6.37 6.57 6.61 6.69 6.87 7.08 7.27 7.37 7.31 7.06 6.74 6.53 6.37 6.29 6.25 6.23 6.15 5.95 5.73 5.59 5.52 5.47 5.46 5.51 5.65 5.77 5.85 5.91 5.96 6.02 6.18 6.42 6.60 6.74 6.90
6.76 6.66 6.55 6.52 6.43 6.29 6.17 6.09 6.10 6.31 6.88 7.67 8.36 8.72 8.72 8.32 7.57 6.95 6.59 6.22 6.09 6.24 6.44 6.49 6.34 6.02 5.69 5.52 5.61 5.61 5.44 5.43 5.73 6.34 6.85 7.06 6.97 6.76 6.60 6.52 6.55 6.71 6.86 6.77 6.49 6.27 6.06 5.86 5.95 6.13 6.16 6.10 6.15 6.40 6.75 7.05 7.31 7.47 7.47 7.25 6.89 6.52 6.22 5.99 5.77 5.54 5.33 5.37 5.57 5.72 5.75 5.70 5.69 5.77 5.90 6.02 6.12 6.18 6.30 6.51 6.73 6.93 7.14 7.27
6.65 6.55 6.46 6.46 6.42 6.39 6.39 6.34 6.37 6.66 7.29 7.89 8.14 8.01 7.59 6.99 6.47 6.17 5.88 5.64 5.61 5.72 5.91 6.15 6.25 6.13 5.91 5.80 5.88 5.91 5.75 5.49 5.42 5.56 5.92 6.25 6.42 6.48 6.54 6.59 6.66 6.77 6.78 6.55 6.22 6.09 6.09 6.03 6.00 5.99 5.90 5.83 5.93 6.19 6.50 6.73 6.85 6.91 6.99 7.03 6.88 6.53 6.16 5.82 5.44 5.15 5.16 5.51 5.88 6.06 6.11 6.08 6.02 5.98 5.99 6.05 6.10 6.16 6.28 6.42 6.47 6.47 6.55 6.57
6.58 6.53 6.50 6.48 6.43 6.46 6.56 6.61 6.76 7.20 7.69 7.84 7.60 7.18 6.70 6.28 6.06 5.85 5.53 5.30 5.23 5.24 5.43 5.70 5.81 5.81 5.90 6.03 6.13 6.18 6.16 5.96 5.63 5.42 5.38 5.61 5.97 6.30 6.56 6.71 6.78 6.82 6.69 6.32 5.95 5.87 5.98 6.04 6.00 5.94 5.86 5.87 6.04 6.27 6.44 6.53 6.50 6.39 6.35 6.43 6.46 6.33 6.13 5.89 5.68 5.68 5.90 6.15 6.24 6.21 6.19 6.19 6.14 6.04 5.94 5.86 5.83 5.90 6.05 6.15 6.11 6.02 5.99 5.91
6.64 6.64 6.60 6.50 6.43 6.53 6.73 6.94 7.23 7.64 7.80 7.59 7.22 6.88 6.54 6.23 5.94 5.64 5.48 5.50 5.60 5.71 5.82 5.81 5.72 5.74 5.94 6.11 6.13 6.12 6.19 6.22 6.10 5.81 5.51 5.45 5.74 6.13 6.42 6.62 6.73 6.77 6.52 6.03 5.61 5.51 5.64 5.75 5.75 5.76 5.83 5.91 6.02 6.07 6.08 6.14 6.20 6.17 6.09 6.05 6.09 6.15 6.20 6.24 6.35 6.51 6.59 6.54 6.37 6.17 6.06 6.04 6.03 6.01 5.93 5.81 5.78 5.89 6.03 6.00 5.85 5.75 5.75 5.74
6.71 6.69 6.58 6.45 6.44 6.57 6.82 7.18 7.64 7.82 7.66 7.31 6.99 6.72 6.40 6.05 5.76 5.70 5.91 6.21 6.37 6.36 6.22 6.01 5.87 5.86 5.95 6.03 6.01 5.99 6.05 6.15 6.19 6.11 5.93 5.84 5.94 6.14 6.27 6.44 6.58 6.50 6.01 5.39 5.06 5.07 5.26 5.43 5.50 5.52 5.55 5.55 5.50 5.45 5.47 5.58 5.81 6.01 6.07 6.04 6.05 6.14 6.26 6.37 6.46 6.53 6.54 6.49 6.39 6.27 6.13 6.01 5.96 5.95 5.91 5.90 5.93 5.98 5.87 5.64 5.43 5.36 5.39 5.46
6.59 6.52 6.39 6.35 6.43 6.59 6.82 7.12 7.44 7.45 7.18 6.86 6.59 6.26 5.83 5.64 5.75 6.01 6.23 6.28 6.15 5.99 5.95 6.05 6.15 6.13 5.99 5.92 5.90 5.85 5.86 5.87 5.89 5.97 6.11 6.24 6.29 6.26 6.39 6.33 6.28 5.80 5.00 4.50 4.46 4.67 4.96 5.25 5.37 5.33 5.23 5.10 4.91 4.82 4.88 5.06 5.37 5.67 5.84 5.93 6.03 6.15 6.22 6.21 6.20 6.27 6.36 6.39 6.38 6.33 6.24 6.10 5.96 5.83 5.73 5.74 5.71 5.55 5.29 5.09 5.05 5.08 5.07 5.06
6.53 6.49 6.43 6.41 6.47 6.59 6.71 6.81 6.81 6.64 6.40 6.26 6.06 5.66 5.37 5.57 5.83 5.90 5.73 5.41 5.20 5.32 5.69 6.09 6.31 6.35 6.24 6.08 5.94 5.78 5.74 5.76 5.78 5.90 6.06 6.16 6.17 6.13 6.07 6.07 5.72 4.98 4.42 4.35 4.53 4.72 4.92 5.22 5.38 5.41 5.41 5.29 5.04 4.82 4.75 4.90 5.14 5.33 5.53 5.76 5.99 6.16 6.29 6.42 6.56 6.65 6.60 6.44 6.25 6.10 6.07 6.01 5.85 5.61 5.49 5.43 5.28 5.11 5.01 5.01 5.06 5.03 4.88 4.78
6.73 6.81 6.79 6.61 6.48 6.46 6.48 6.45 6.31 6.11 6.19 5.98 5.78 5.42 5.38 5.53 5.43 5.14 4.84 4.67 4.80 5.28 5.87 6.25 6.36 6.39 6.43 6.35 6.15 5.89 5.76 5.80 5.84 5.83 5.74 5.63 5.61 5.68 5.74 5.65 5.28 4.93 5.04 5.37 5.54 5.50 5.48 5.58 5.68 5.76 5.78 5.72 5.58 5.38 5.24 5.22 5.23 5.36 5.62 5.89 6.04 6.18 6.41 6.73 6.88 6.81 6.57 6.31 6.06 5.89 5.81 5.74 5.60 5.43 5.32 5.18 5.03 4.97 5.04 5.13 5.11 4.98 4.88 4.96
6.87 6.88 6.76 6.47 6.28 6.23 6.25 6.19 6.09 6.05 6.04 5.89 5.57 5.30 5.18 4.99 4.67 4.47 4.51 4.75 5.21 5.75 6.25 6.44 6.33 6.24 6.30 6.35 6.24 6.01 5.85 5.84 5.84 5.67 5.41 5.28 5.35 5.54 5.66 5.63 5.57 5.78 6.13 6.35 6.44 6.45 6.40 6.30 6.20 6.07 5.91 5.77 5.71 5.69 5.66 5.59 5.53 5.64 5.87 6.01 6.01 6.11 6.32 6.48 6.37 6.15 6.03 6.01 6.01 5.95 5.77 5.55 5.39 5.31 5.22 5.03 4.80 4.66 4.68 4.82 4.97 5.13 5.36 5.56
6.60 6.38 6.02 5.88 5.90 6.02 6.11 6.07 6.01 5.99 6.13 5.50 5.23 5.08 4.90 4.69 4.58 4.72 5.14 5.77 6.28 6.56 6.63 6.37 5.93 5.82 5.90 5.96 5.96 5.93 5.90 5.90 5.90 5.80 5.64 5.62 5.77 5.92 6.00 6.07 6.21 6.36 6.43 6.48 6.65 6.89 7.04 7.01 6.80 6.50 6.24 6.06 5.94 5.86 5.80 5.77 5.78 5.82 5.88 5.91 5.88 5.94 6.02 5.96 5.76 5.69 5.83 6.05 6.11 5.99 5.73 5.43 5.28 5.21 5.18 5.11 4.96 4.73 4.57 4.63 5.01 5.56 5.94 5.92
6.14 5.74 5.34 5.39 5.65 5.94 6.09 6.04 5.92 6.32 5.53 5.25 5.16 5.25 5.35 5.43 5.64 6.02 6.59 7.07 7.27 7.13 6.68 6.06 5.62 5.56 5.57 5.55 5.60 5.72 5.82 5.86 5.93 6.03 6.14 6.27 6.36 6.33 6.27 6.27 6.25 6.17 6.23 6.46 6.80 7.15 7.41 7.47 7.36 7.14 6.90 6.69 6.48 6.26 6.05 5.93 5.87 5.77 5.71 5.78 5.78 5.82 5.82 5.72 5.67 5.86 6.15 6.24 6.00 5.59 5.32 5.20 5.17 5.14 5.13 5.22 5.36 5.40 5.27 5.21 5.48 5.90 6.01 5.72
6.06 5.82 5.56 5.71 6.00 6.18 6.17 6.05 5.92 6.27 5.64 5.55 5.64 5.92 6.29 6.66 7.03 7.32 7.47 7.45 7.21 6.81 6.29 5.84 5.66 5.61 5.53 5.49 5.58 5.71 5.75 5.76 5.87 6.09 6.28 6.37 6.33 6.25 6.17 6.09 5.98 5.98 6.23 6.61 7.02 7.35 7.50 7.46 7.38 7.27 7.06 6.79 6.58 6.42 6.27 6.13 5.95 5.73 5.61 5.67 5.78 5.86 5.87 5.86 5.97 6.22 6.32 6.02 5.41 4.91 4.81 4.91 5.05 5.16 5.21 5.23 5.34 5.59 5.84 5.97 6.07 6.09 5.86 5.62
6.32 6.34 6.45 6.68 6.79 6.62 6.31 6.11 6.04 6.00 5.96 6.01 6.20 6.55 6.92 7.20 7.36 7.34 7.13 6.73 6.22 5.77 5.54 5.54 5.66 5.72 5.72 5.81 5.96 6.03 5.97 5.91 5.99 6.16 6.21 6.07 5.95 5.96 6.03 6.05 6.07 6.21 6.53 6.86 7.11 7.21 7.09 6.85 6.68 6.61 6.54 6.49 6.50 6.48 6.40 6.29 6.15 5.98 5.76 5.74 5.88 5.99 6.05 6.11 6.26 6.35 6.12 5.52 4.90 4.66 4.71 4.90 5.08 5.26 5.46 5.48 5.38 5.37 5.65 6.07 6.39 6.51 6.48 6.65
6.49 6.64 6.93 7.12 7.09 6.84 6.48 6.21 6.13 6.16 6.21 6.29 6.47 6.73 6.88 6.87 6.74 6.53 6.18 5.66 5.16 4.91 4.99 5.34 5.65 5.84 5.98 6.16 6.32 6.43 6.46 6.49 6.54 6.54 6.47 6.30 6.13 6.09 6.12 6.26 6.50 6.80 7.02 7.07 7.00 6.75 6.35 6.00 5.87 5.98 6.20 6.45 6.61 6.58 6.46 6.37 6.31 6.25 6.08 5.99 6.02 6.12 6.23 6.31 6.35 6.19 5.73 5.14 4.85 4.85 5.00 5.17 5.29 5.38 5.52 5.66 5.71 5.63 5.65 6.04 6.67 7.19 7.53 7.79
6.56 6.70 6.91 6.99 6.95 6.88 6.72 6.48 6.33 6.34 6.34 6.33 6.38 6.41 6.34 6.28 6.19 5.89 5.41 4.98 4.81 4.91 5.24 5.62 5.85 5.99 6.13 6.28 6.42 6.59 6.81 7.00 7.07 7.01 6.92 6.82 6.66 6.51 6.38 6.48 6.78 7.03 7.04 6.91 6.66 6.25 5.76 5.46 5.48 5.81 6.28 6.61 6.69 6.59 6.50 6.45 6.42 6.38 6.27 6.14 6.11 6.21 6.32 6.35 6.27 5.96 5.42 5.02 4.97 5.11 5.27 5.37 5.47 5.55 5.54 5.57 5.81 6.12 6.37 6.72 7.28 7.63 7.70 7.59
6.69 6.86 7.10 7.17 7.12 7.02 6.97 6.91 6.79 6.63 6.43 6.24 6.08 5.97 5.97 6.05 5.98 5.64 5.31 5.27 5.49 5.75 5.95 6.09 6.14 6.17 6.25 6.34 6.46 6.62 6.81 6.99 7.08 7.10 7.13 7.22 7.24 7.10 6.83 6.69 6.77 6.78 6.73 6.66 6.38 5.95 5.58 5.43 5.55 5.97 6.48 6.77 6.81 6.72 6.64 6.56 6.48 6.39 6.24 6.12 6.09 6.14 6.20 6.21 6.13 5.86 5.46 5.24 5.25 5.39 5.50 5.52 5.53 5.58 5.65 5.75 5.96 6.40 6.99 7.53 7.77 7.52 6.97 6.59
6.96 7.19 7.50 7.53 7.36 7.09 7.01 7.07 7.04 6.75 6.39 6.10 5.92 5.86 5.96 5.98 5.79 5.61 5.70 6.02 6.30 6.39 6.41 6.42 6.40 6.38 6.41 6.45 6.54 6.67 6.78 6.82 6.80 6.90 7.18 7.53 7.75 7.75 7.52 7.11 6.82 6.64 6.60 6.46 6.10 5.76 5.62 5.66 5.88 6.32 6.74 6.93 6.98 6.92 6.80 6.65 6.50 6.35 6.17 6.10 6.08 6.40 6.06 6.06 6.02 5.86 5.68 5.66 5.73 5.78 5.79 5.74 5.65 5.60 5.76 6.09 6.47 6.95 7.61 8.06 7.89 7.18 6.37 5.88
7.11 7.22 7.37 7.37 7.27 7.04 6.87 6.81 6.73 6.50 6.22 6.04 6.01 6.05 6.02 5.79 5.61 5.75 6.09 6.33 6.40 6.42 6.48 6.55 6.55 6.49 6.44 6.43 6.48 6.64 6.79 6.81 6.78 6.90 7.19 7.50 7.73 7.87 7.88 7.61 7.06 6.61 6.29 5.94 5.62 5.54 5.67 5.85 6.17 6.64 6.96 7.01 6.99 6.96 6.86 6.70 6.52 6.34 6.17 6.15 6.20 6.21 6.15 6.09 6.05 5.97 5.92 6.00 6.10 6.13 6.10 6.06 6.02 5.99 6.08 6.42 7.07 7.87 8.47 8.47 7.93 7.17 6.41 5.83
6.99 6.80 6.53 6.50 6.59 6.60 6.49 6.39 6.37 6.33 6.32 6.38 6.50 6.52 6.24 5.81 5.64 5.79 5.96 6.02 6.12 6.30 6.51 6.62 6.58 6.45 6.32 6.26 6.31 6.48 6.65 6.77 6.85 6.93 6.96 6.96 7.00 7.16 7.33 7.30 6.86 6.27 5.74 5.36 5.27 5.44 5.68 5.90 6.36 6.89 7.04 6.88 6.77 6.80 6.82 6.72 6.53 6.35 6.20 6.23 6.35 6.39 6.31 6.21 6.11 6.05 6.08 6.18 6.29 6.38 6.48 6.62 6.73 6.84 6.96 7.26 7.85 8.52 8.78 8.43 7.85 7.40 6.93 6.36
6.64 6.24 5.57 5.26 5.32 5.54 5.80 6.06 6.32 6.57 6.85 7.11 7.25 7.07 6.58 6.05 5.77 5.63 5.52 5.57 5.88 6.28 6.55 6.63 6.56 6.43 6.29 6.18 6.14 6.21 6.29 6.37 6.44 6.49 6.38 6.19 6.09 6.08 6.12 6.13 6.01 5.74 5.43 5.24 5.33 5.56 5.74 6.05 6.67 7.10 6.98 6.65 6.54 6.61 6.69 6.68 6.56 6.42 6.33 6.42 6.53 6.53 6.45 6.33 6.17 6.09 6.17 6.33 6.46 6.62 6.90 7.28 7.67 8.06 8.38 8.60 8.81 8.91 8.60 8.04 7.76 7.76 7.73 7.49
6.21 5.72 4.94 4.65 4.64 4.87 5.34 5.85 6.28 6.70 7.09 7.32 7.27 6.93 6.49 6.10 5.80 5.57 5.49 5.68 6.01 6.34 6.54 6.60 6.56 6.51 6.44 6.33 6.16 6.06 6.01 5.91 5.84 5.82 5.73 5.53 5.33 5.20 5.11 5.17 5.32 5.43 5.46 5.55 5.80 6.05 6.29 6.73 7.22 7.25 6.87 6.55 6.47 6.51 6.58 6.63 6.67 6.73 6.85 6.94 6.88 6.70 6.54 6.42 6.32 6.27 6.32 6.47 6.65 6.90 7.33 7.88 8.48 8.97 9.26 9.31 9.16 8.83 8.29 7.89 7.93 8.16 8.40 8.54
5.89 5.50 4.97 4.92 5.07 5.33 5.66 5.92 6.15 6.44 6.73 6.83 6.61 6.26 6.04 5.92 5.81 5.73 5.82 6.09 6.36 6.56 6.65 6.63 6.58 6.56 6.61 6.64 6.55 6.32 6.10 5.88 5.71 5.56 5.35 5.06 4.78 4.63 4.65 4.85 5.13 5.41 5.73 6.13 6.49 6.78 7.12 7.45 7.53 7.22 6.76 6.53 6.48 6.46 6.49 6.62 6.82 7.09 7.31 7.31 7.03 6.67 6.48 6.46 6.50 6.51 6.50 6.58 6.80 7.19 7.72 8.25 8.65 8.84 8.87 8.76 8.50 8.17 7.87 7.82 7.96 8.13 8.41 8.77
6.07 5.94 5.95 6.18 6.36 6.41 6.32 6.20 6.20 6.26 6.30 6.23 6.00 5.78 5.72 5.77 5.84 5.91 6.09 6.38 6.61 6.81 6.82 6.70 6.56 6.54 6.64 6.78 6.83 6.71 6.39 6.08 5.78 5.45 5.09 4.76 4.52 4.44 4.58 4.87 5.23 5.68 6.22 6.69 6.98 7.20 7.39 7.48 7.33 6.92 6.55 6.39 6.33 6.27 6.32 6.50 6.76 6.98 7.02 6.80 6.49 6.32 6.30 6.40 6.49 6.54 6.56 6.63 6.83 7.24 7.72 8.00 7.99 7.79 7.57 7.43 7.35 7.35 7.42 7.51 7.53 7.56 7.84 8.23
6.51 6.68 7.09 7.45 7.58 7.42 7.00 6.75 6.63 6.46 6.16 5.83 5.62 5.58 5.65 5.80 5.94 6.09 6.36 6.66 6.87 6.99 6.86 6.63 6.47 6.46 6.56 6.70 6.77 6.74 6.54 6.19 5.80 5.37 4.97 4.71 4.61 4.63 4.77 5.08 5.61 6.30 6.88 7.16 7.22 7.19 7.17 7.11 6.91 6.57 6.28 6.10 5.98 5.98 6.10 6.27 6.44 6.46 6.29 6.00 5.91 5.99 6.17 6.32 6.37 6.38 6.45 6.58 6.74 6.98 7.22 7.17 6.89 6.60 6.41 6.38 6.58 6.90 7.12 7.17 7.12 7.13 7.27 7.42
6.70 6.95 7.35 7.61 7.72 7.71 7.62 7.44 7.16 6.71 6.21 5.79 5.59 5.62 5.80 6.00 6.19 6.43 6.71 6.90 6.95 6.85 6.60 6.37 6.29 6.35 6.44 6.49 6.50 6.48 6.39 6.16 5.85 5.48 5.14 4.93 4.89 4.95 5.14 5.62 6.39 7.07 7.36 7.32 7.15 6.97 6.90 6.86 6.68 6.37 6.07 5.86 5.75 5.86 6.00 6.08 6.03 5.85 5.63 5.51 5.59 5.81 6.06 6.19 6.18 6.16 6.28 6.49 6.70 6.84 6.80 6.53 6.28 6.16 6.14 6.30 6.70 7.05 7.17 7.14 7.14 7.14 7.09 7.04
6.69 6.86 7.09 7.15 7.14 7.17 7.36 7.37 7.13 6.71 6.31 6.02 5.86 5.89 6.08 6.30 6.54 6.77 6.91 6.85 6.64 6.38 6.19 6.14 6.19 6.28 6.29 6.20 6.18 6.23 6.21 6.10 5.94 5.69 5.45 5.32 5.31 5.43 5.80 6.49 7.12 7.31 7.15 6.89 6.74 6.69 6.73 6.76 6.60 6.26 5.96 5.81 5.83 5.94 5.99 5.96 5.76 5.41 5.14 5.14 5.36 5.68 5.92 5.99 5.99 6.05 6.22 6.45 6.68 6.79 6.71 6.53 6.42 6.34 6.38 6.71 7.20 7.50 7.54 7.44 7.37 7.28 7.14 7.15
6.70 6.82 6.99 6.96 6.76 6.49 6.42 6.48 6.50 6.45 6.32 6.17 6.10 6.13 6.26 6.47 6.69 6.80 6.71 6.44 6.14 5.92 5.89 6.07 6.27 6.37 6.33 6.23 6.25 6.29 6.25 6.15 5.99 5.82 5.73 5.74 5.88 6.15 6.59 7.02 7.11 6.84 6.52 6.36 6.39 6.54 6.71 6.74 6.51 6.16 5.90 5.85 5.87 5.94 5.98 5.97 5.87 5.65 5.40 5.32 5.48 5.69 5.82 5.90 5.98 6.09 6.27 6.45 6.54 6.55 6.59 6.65 6.58 6.43 6.52 7.05 7.67 7.90 7.82 7.66 7.49 7.32 7.22 7.32
6.75 6.80 6.78 6.61 6.36 5.98 5.69 5.61 5.75 5.94 6.05 6.10 6.13 6.17 6.25 6.38 6.45 6.33 6.04 5.74 5.55 5.50 5.70 6.13 6.49 6.61 6.61 6.62 6.65 6.56 6.39 6.19 5.99 5.87 5.88 6.02 6.26 6.57 6.78 6.79 6.57 6.31 6.19 6.26 6.41 6.56 6.67 6.65 6.39 6.06 5.86 5.74 5.70 5.82 6.00 6.12 6.21 6.24 6.13 6.05 6.03 5.93 5.90 5.95 6.05 6.17 6.33 6.47 6.49 6.48 6.60 6.71 6.64 6.61 6.95 7.69 8.19 8.11 7.77 7.53 7.36 7.28 7.28 7.30
6.75 6.57 6.09 5.54 5.25 5.15 5.16 5.24 5.35 5.52 5.76 5.97 6.08 6.13 6.19 6.19 6.04 5.77 5.52 5.41 5.42 5.55 5.93 6.44 6.71 6.74 6.75 6.79 6.73 6.53 6.36 6.19 6.02 5.95 6.00 6.13 6.30 6.45 6.49 6.43 6.30 6.18 6.24 6.42 6.54 6.55 6.52 6.41 6.20 5.97 5.72 5.53 5.58 5.87 6.14 6.27 6.40 6.57 6.70 6.73 6.59 6.28 6.08 6.08 6.16 6.27 6.43 6.60 6.75 6.90 6.97 6.89 6.89 7.22 7.87 8.40 8.44 7.99 7.51 7.28 7.22 7.27 7.29 7.11
6.53 6.14 5.46 4.86 4.52 4.66 5.01 5.29 5.45 5.62 5.85 6.01 6.06 6.11 6.17 6.12 5.97 5.88 5.96 6.08 6.16 6.31 6.57 6.76 6.75 6.60 6.54 6.48 6.24 6.01 6.01 6.04 6.02 6.03 6.12 6.22 6.32 6.45 6.55 6.60 6.48 6.31 6.32 6.45 6.48 6.40 6.29 6.15 5.93 5.65 5.41 5.40 5.68 6.07 6.29 6.35 6.43 6.63 6.85 6.94 6.87 6.66 6.45 6.41 6.43 6.45 6.54 6.73 6.94 7.06 6.99 6.90 7.15 7.81 8.41 8.43 8.00 7.45 7.12 7.06 7.13 7.20 7.13 6.89
6.28 5.96 5.59 5.42 5.29 5.32 5.44 5.50 5.57 5.77 5.97 6.03 6.04 6.12 6.21 6.25 6.31 6.49 6.67 6.67 6.54 6.52 6.65 6.70 6.57 6.32 6.10 5.84 5.51 5.38 5.50 5.68 5.90 6.11 6.26 6.37 6.54 6.77 6.95 6.97 6.74 6.43 6.27 6.25 6.20 6.15 6.10 5.97 5.67 5.30 5.20 5.46 5.92 6.22 6.30 6.31 6.40 6.58 6.74 6.84 6.92 6.96 6.90 6.79 6.65 6.55 6.54 6.62 6.68 6.64 6.61 6.88 7.51 8.13 8.23 7.74 7.10 6.74 6.61 6.62 6.71 6.76 6.64 6.50
6.27 6.14 6.02 6.02 6.01 6.01 5.93 5.82 5.79 5.86 5.87 5.88 5.99 6.17 6.34 6.49 6.69 6.80 6.67 6.37 6.17 6.19 6.41 6.58 6.48 6.10 5.64 5.25 5.07 5.13 5.27 5.49 5.84 6.19 6.42 6.61 6.83 7.03 7.10 6.98 6.74 6.46 6.20 6.01 5.90 5.95 6.02 5.87 5.50 5.24 5.32 5.69 6.06 6.20 6.19 6.18 6.28 6.44 6.56 6.66 6.79 6.93 6.95 6.79 6.57 6.44 6.41 6.40 6.37 6.39 6.63 7.22 7.80 7.88 7.48 6.85 6.43 6.28 6.21 6.12 6.12 6.19 6.09 5.89
6.35 6.32 6.25 6.23 6.21 6.27 6.43 6.52 6.49 6.24 5.94 5.83 5.98 6.24 6.48 6.69 6.83 6.75 6.52 6.40 6.51 6.71 6.87 6.89 6.60 6.08 5.57 5.29 5.30 5.45 5.58 5.69 5.92 6.23 6.53 6.78 6.92 6.93 6.82 6.65 6.53 6.41 6.20 5.95 5.85 5.92 5.97 5.78 5.50 5.43 5.61 5.92 6.11 6.13 6.07 6.05 6.10 6.19 6.30 6.44 6.58 6.69 6.69 6.54 6.32 6.21 6.22 6.28 6.38 6.58 6.96 7.38 7.38 6.97 6.56 6.29 6.16 6.13 6.09 5.98 5.90 5.93 5.85 5.60
6.29 6.25 6.25 6.47 6.71 6.90 7.01 6.92 6.57 6.10 5.76 5.80 6.05 6.30 6.50 6.67 6.74 6.75 6.92 7.29 7.64 7.77 7.67 7.40 6.90 6.36 6.02 5.95 6.02 6.11 6.09 6.03 6.05 6.22 6.42 6.54 6.54 6.52 6.46 6.39 6.38 6.40 6.32 6.19 6.11 6.05 5.91 5.72 5.59 5.61 5.82 6.09 6.20 6.15 6.06 6.00 5.97 5.96 6.06 6.26 6.43 6.49 6.43 6.25 6.00 5.93 6.08 6.29 6.49 6.71 6.92 6.88 6.48 6.18 6.12 6.10 6.07 6.09 6.09 5.99 5.87 5.80 5.67 5.50
