project/data/elevation/US_DEM2016/US_DEM2016_point_10-29-2019_2221_30m_ang.asc
ncols	125
nrows	167
xllcorner	-2042055.000000
yllcorner	1465035.000000
cellsize	30.000000
NODATA_value	-9999.000000
[rows 0 to 44 of 167, columns 0 to 95 of 125]
143 178 170 159 169 187 214 260 309 346 20 39 355 322 349 14 27 62 152 183 246 321 349 17 36 68 133 160 173 184 198 249 332 8 68 146 166 174 181 183 181 185 180 278 331 356 11 2 351 352 358 6 16 28 24 8 20 18 16 37 118 168 189 200 210 224 353 10 1 358 2 11 36 118 168 176 179 200 235 197 131 169 245 324 6 34 95 159 179 196 230 322 348 354 352 353
143 178 170 159 169 187 214 260 309 346 20 39 355 322 349 14 27 62 152 183 246 321 349 17 36 68 133 160 173 184 198 249 332 8 68 146 166 174 181 183 181 185 180 278 331 356 11 2 351 352 358 6 16 28 24 8 20 18 16 37 118 168 189 200 210 224 353 10 1 358 2 11 36 118 168 176 179 200 235 197 131 169 245 324 6 34 95 159 179 196 230 322 348 354 352 353
56 333 96 134 156 184 214 230 247 264 65 77 20 275 308 36 62 91 138 198 259 298 339 57 82 111 134 150 171 198 237 284 323 13 67 114 145 158 173 184 191 206 216 303 317 344 1 356 346 348 0 17 36 56 76 172 150 100 62 64 89 136 188 204 205 206 206 231 348 357 7 23 52 94 149 171 179 203 219 188 149 182 247 292 18 70 110 148 179 210 242 284 324 340 343 346
314 343 33 74 109 167 209 216 218 213 170 120 137 243 229 147 114 114 124 255 275 276 177 128 127 133 132 137 176 258 288 299 312 17 56 65 73 98 138 174 210 251 298 307 303 320 341 345 340 343 11 51 75 90 121 180 186 185 185 167 92 57 54 182 193 195 198 203 206 198 161 113 98 102 126 160 180 203 208 185 163 201 248 250 145 110 118 136 188 238 249 254 274 302 316 323
300 333 39 63 70 88 192 214 216 213 189 143 123 245 231 170 117 108 101 278 275 259 138 127 133 134 128 129 260 285 291 299 320 11 41 42 39 49 71 112 216 238 252 269 274 276 286 306 321 339 36 70 82 92 109 176 204 206 206 202 190 112 83 110 162 186 197 203 202 195 183 166 149 138 139 157 180 195 198 186 179 216 241 226 167 126 119 128 222 256 255 254 260 266 239 175
292 324 40 58 60 63 73 213 220 218 201 166 148 254 247 193 98 86 65 269 257 219 134 120 127 129 124 132 289 288 293 306 332 9 25 21 23 36 51 63 133 207 217 228 228 223 226 238 250 258 85 85 82 77 66 357 337 331 268 218 205 177 140 129 144 182 205 209 206 200 189 174 164 162 165 176 179 180 197 194 192 219 230 214 175 138 118 111 268 270 268 267 260 223 180 160
286 311 33 51 56 63 60 44 249 228 209 185 192 251 250 208 107 84 69 261 242 200 141 122 122 122 115 305 293 286 289 299 325 5 11 8 16 32 46 53 64 127 191 202 203 204 210 220 226 213 144 109 90 68 39 3 2 14 27 74 182 178 166 154 150 292 302 284 239 206 192 180 169 189 291 331 1 12 349 352 178 226 228 209 182 150 127 132 280 276 272 266 233 176 156 155
284 303 28 54 64 71 58 30 6 313 228 200 225 250 247 214 132 96 82 260 239 195 148 130 124 120 323 307 300 285 277 279 297 344 357 0 16 31 40 43 45 47 70 147 179 201 222 238 241 216 155 129 121 109 84 47 44 65 82 101 136 168 182 206 305 333 347 358 10 52 205 267 328 341 340 351 4 6 6 23 33 313 265 204 187 160 146 231 271 273 258 236 190 153 143 146
281 297 33 65 76 75 44 15 13 12 12 347 272 255 242 216 154 112 95 267 243 185 149 137 131 148 296 301 304 291 273 266 272 295 319 346 23 31 34 37 37 35 41 60 89 237 267 278 276 223 139 132 144 159 167 166 152 137 131 131 131 141 290 297 307 326 352 17 42 55 337 314 328 341 344 352 1 9 23 38 28 353 353 285 126 148 157 251 268 259 222 198 171 143 125 81
271 275 66 78 81 63 12 3 12 24 26 13 342 279 237 212 171 132 108 287 258 150 131 130 134 287 292 292 295 294 283 271 258 220 192 186 187 192 51 41 29 25 31 39 40 338 284 280 279 157 121 121 135 160 181 185 173 157 149 153 308 342 342 320 300 313 352 34 62 67 311 308 324 342 350 341 344 11 39 47 28 8 11 29 44 78 140 259 260 221 178 181 168 106 16 347
255 239 157 101 73 23 357 3 18 32 35 25 19 7 244 208 182 169 235 287 277 107 104 100 334 304 300 292 290 288 274 254 216 177 172 183 196 202 190 173 347 6 22 34 38 6 289 273 255 135 120 113 107 117 156 181 180 171 175 288 319 336 353 342 292 294 339 44 65 59 296 302 323 351 8 356 331 35 73 77 70 52 43 57 71 84 124 243 237 195 164 221 316 341 338 333
238 218 189 166 85 8 359 18 42 49 43 36 38 42 23 185 184 215 247 252 178 110 95 54 322 309 308 298 281 255 220 203 181 163 165 190 205 199 188 190 204 227 309 34 44 24 305 281 207 131 127 122 117 119 135 167 185 208 273 306 320 335 359 13 305 271 285 53 62 45 304 302 322 356 27 52 137 150 139 140 156 174 169 133 108 102 125 219 229 224 302 323 326 329 328 325
224 204 200 205 209 205 164 120 108 96 73 58 53 46 33 37 53 242 239 223 176 132 111 336 311 301 291 261 224 195 181 176 167 159 168 198 203 188 182 190 199 209 218 191 55 7 330 319 98 118 127 134 135 130 116 96 289 284 290 301 316 334 1 24 18 287 273 4 43 28 322 310 328 26 91 122 150 162 163 177 200 206 194 163 123 98 95 215 247 268 300 310 315 323 324 320
314 13 218 223 213 198 180 164 157 159 151 126 94 60 41 42 50 54 228 211 178 152 173 269 278 253 221 192 177 170 165 165 158 142 157 193 190 177 177 189 195 199 204 203 239 317 335 2 69 96 114 133 144 131 16 11 350 304 290 295 308 330 1 24 24 358 322 332 12 9 338 331 9 108 128 139 155 167 188 277 310 328 336 26 50 52 54 25 270 267 273 278 285 296 303 292
297 17 58 155 209 199 186 177 179 184 185 177 167 150 94 62 62 71 176 196 178 174 219 249 220 190 190 176 148 139 141 156 147 35 32 38 137 151 170 198 200 193 198 219 258 290 322 32 76 88 97 109 76 332 350 13 9 305 290 292 301 324 358 19 22 15 3 344 343 347 347 11 91 126 137 113 32 351 332 332 349 11 19 14 20 36 53 55 268 253 250 254 256 252 229 201
248 158 103 102 171 203 202 201 208 216 222 214 191 190 195 131 84 81 103 166 184 225 274 273 192 166 200 236 50 57 55 8 326 347 8 16 26 29 3 342 349 359 347 302 286 284 288 91 94 89 81 47 335 334 357 30 32 306 295 296 300 316 351 17 24 29 37 23 307 321 359 64 98 102 10 357 4 356 336 333 354 23 31 21 28 51 69 79 196 246 248 247 243 222 187 171
227 159 123 112 120 268 284 298 310 318 312 303 2 206 225 186 122 99 95 103 287 296 305 329 8 8 337 331 355 16 21 3 320 320 346 2 13 16 3 346 346 352 351 318 282 258 202 139 111 89 62 5 332 339 13 48 40 312 306 306 301 299 323 21 44 61 83 117 246 261 79 87 71 13 351 358 7 0 340 335 357 26 32 30 44 68 79 82 98 247 248 242 233 208 167 145
276 95 103 109 332 322 333 341 343 349 353 356 15 24 321 181 149 122 97 10 322 311 311 332 356 357 346 339 340 352 6 6 342 316 319 338 1 14 8 347 337 343 354 293 226 202 182 168 142 69 28 351 333 349 38 66 19 313 315 315 293 228 204 181 128 104 106 134 209 223 200 104 32 350 352 7 12 357 343 345 3 26 39 51 66 78 79 75 73 256 246 237 233 235 307 335
147 95 96 67 308 321 339 351 357 5 14 21 34 46 56 103 142 137 127 303 309 312 312 325 344 350 350 351 342 329 340 355 357 345 325 316 340 4 12 1 326 314 115 148 169 176 182 196 230 340 358 348 344 12 59 78 323 309 316 324 158 171 186 189 175 144 118 123 194 222 217 213 285 319 347 20 17 346 340 350 11 38 58 73 82 80 66 57 50 4 257 246 257 280 300 307
150 123 110 304 304 319 341 1 17 34 51 65 74 75 74 79 100 125 238 284 294 305 311 322 339 348 351 357 358 326 315 333 351 359 347 309 310 345 27 62 153 170 149 142 148 164 200 240 273 311 339 347 1 35 65 61 316 308 310 133 141 156 178 192 190 173 147 132 171 223 222 218 220 222 196 154 168 233 249 261 41 67 78 84 79 56 35 33 37 33 334 266 268 273 269 255
108 94 348 309 311 324 353 37 75 98 109 116 117 106 93 86 87 89 286 287 292 300 308 320 337 347 349 356 3 341 305 307 334 24 69 245 249 226 130 127 144 156 149 142 139 220 301 296 292 301 320 340 16 50 58 26 343 342 132 136 139 151 172 191 195 186 170 155 166 210 221 215 208 200 187 175 184 201 202 200 194 132 89 79 63 41 35 43 52 57 48 273 262 253 235 214
341 346 336 322 320 337 51 107 127 129 130 131 135 130 115 102 93 70 293 290 295 301 305 312 326 340 347 355 5 354 296 255 191 152 160 194 210 188 153 142 146 149 143 136 331 324 318 310 299 291 284 253 115 82 62 25 19 79 124 136 141 153 167 189 199 195 187 174 173 203 219 216 207 195 186 183 194 203 198 199 204 185 119 81 70 66 75 84 86 88 91 259 256 243 227 226
296 313 329 326 329 36 105 124 134 129 127 127 131 135 129 115 103 17 291 285 286 286 282 278 287 309 334 356 24 73 174 181 171 161 164 188 197 176 154 147 148 145 125 343 322 320 316 309 293 258 200 179 175 159 125 54 71 98 116 129 142 165 162 213 231 225 220 204 178 213 223 222 213 196 185 190 207 207 193 194 208 206 174 118 95 99 111 112 102 98 102 252 256 252 256 271
275 280 293 303 349 105 111 123 129 125 124 125 125 129 132 123 112 294 286 274 265 252 235 229 242 256 264 146 127 136 149 159 163 165 172 188 186 167 153 147 140 95 344 324 318 317 315 312 269 188 169 169 179 189 201 184 104 100 103 106 103 320 345 353 346 331 326 342 4 10 319 238 218 198 187 197 213 205 187 191 210 212 198 163 116 96 91 83 80 80 77 261 255 255 260 260
261 252 240 229 161 115 112 123 129 127 126 126 126 126 129 128 143 282 285 275 257 233 213 215 236 240 212 163 147 144 143 146 152 161 173 185 180 159 140 129 347 334 329 323 317 315 319 336 111 143 153 163 179 203 220 208 131 100 88 63 2 340 345 357 2 358 356 5 15 20 18 350 256 213 194 204 215 205 191 202 217 217 213 200 146 83 75 71 70 71 69 349 253 251 250 244
252 239 227 218 182 121 101 100 108 115 115 112 113 111 109 112 267 284 291 296 288 284 300 303 274 234 187 157 148 145 142 140 143 149 159 176 184 136 32 354 325 319 322 323 317 312 320 30 92 112 130 153 179 212 226 213 165 112 65 15 351 345 351 1 7 8 14 25 26 22 25 21 3 349 0 294 245 213 199 214 223 223 224 222 196 115 91 86 79 75 72 56 271 261 254 244
243 225 220 219 201 150 83 56 59 64 65 61 59 61 69 348 298 286 292 301 308 311 309 288 232 195 167 150 144 141 137 130 107 40 16 5 339 341 353 349 325 310 313 318 309 293 278 104 97 99 108 131 177 224 232 213 186 177 340 344 345 349 358 8 13 17 27 32 24 22 29 27 12 6 14 7 344 335 294 249 235 229 228 226 210 165 114 93 82 76 72 52 298 271 258 246
188 189 213 223 218 202 110 63 59 58 54 47 45 47 55 52 309 278 280 288 293 281 226 189 179 172 158 145 139 134 115 28 359 352 354 355 347 340 343 350 340 316 310 311 281 221 188 156 118 94 82 80 112 235 228 211 206 250 294 317 333 346 2 19 27 25 25 26 28 33 31 18 6 9 19 17 6 4 4 356 286 240 232 227 216 195 150 96 78 75 74 62 287 259 247 239
77 76 212 237 236 228 197 103 82 78 75 71 70 70 72 72 303 266 265 265 248 193 172 167 167 166 157 143 131 103 351 339 343 344 342 346 351 345 337 344 347 330 321 326 161 167 172 174 153 96 60 50 47 290 226 221 248 273 281 289 302 325 67 84 70 38 22 30 42 47 25 0 2 14 22 17 10 11 18 25 22 267 237 229 222 213 191 131 81 75 75 71 259 242 236 226
29 35 32 299 248 235 213 158 108 96 94 101 110 108 103 99 225 265 261 243 201 166 159 160 162 161 155 149 150 321 319 321 330 335 331 333 344 346 335 335 341 339 349 70 120 140 160 185 196 163 52 48 48 43 299 258 270 274 272 268 237 162 162 168 175 190 47 57 61 51 20 357 3 18 22 13 13 24 35 44 48 27 257 231 224 218 210 186 119 80 69 60 48 242 230 216
317 25 46 33 267 237 220 189 136 98 85 88 99 108 106 322 267 273 260 217 175 157 153 153 156 152 133 132 254 282 284 280 275 278 287 297 315 329 324 319 326 342 32 85 99 110 135 191 219 224 196 58 56 52 27 294 269 263 261 251 185 143 153 180 207 216 194 136 101 72 32 360 2 16 20 19 30 49 61 66 58 37 13 260 233 224 217 206 179 118 70 56 60 90 226 234
236 174 103 82 74 236 222 204 175 126 86 77 80 88 88 72 299 274 237 178 159 151 122 111 117 70 39 31 314 250 231 209 203 211 221 234 240 250 272 286 297 347 102 105 99 95 103 174 225 227 221 134 70 65 48 318 267 254 251 233 162 131 144 184 221 222 198 171 156 146 142 234 304 0 27 44 63 80 82 70 52 38 29 8 316 259 225 211 204 184 126 88 89 107 230 267
186 168 153 135 139 211 222 210 197 177 129 94 88 88 82 69 287 251 196 159 143 89 92 42 19 352 1 15 22 212 194 179 178 190 199 212 218 225 241 255 249 147 130 129 126 116 110 144 222 228 228 215 106 86 73 344 269 257 252 225 149 119 131 181 226 221 199 184 185 180 175 202 226 220 124 95 91 87 65 51 47 39 24 12 3 352 317 229 209 203 182 138 116 127 234 263
101 117 135 136 141 213 225 216 209 201 176 125 99 91 88 90 194 209 189 71 95 342 3 12 356 344 353 12 29 42 75 122 138 166 192 215 228 233 240 242 215 140 130 137 147 140 124 133 223 235 236 222 150 104 89 341 280 270 262 236 123 91 88 121 236 223 204 203 214 187 153 194 222 206 170 144 113 67 41 45 49 33 8 6 13 17 15 14 285 222 202 155 122 131 227 246
8 17 26 28 20 2 268 231 221 210 195 160 116 95 91 93 130 198 63 125 317 334 350 356 351 346 352 8 26 38 42 41 40 28 337 288 256 249 244 239 214 119 114 121 133 120 57 25 340 270 248 227 171 110 87 312 286 278 272 268 73 70 67 58 267 232 216 220 227 191 133 176 227 202 170 172 170 76 47 50 44 14 358 6 19 25 29 30 21 350 342 75 77 84 213 237
311 350 27 35 32 31 22 301 236 214 202 186 146 107 94 93 101 268 288 297 308 321 334 343 346 345 351 5 24 40 51 49 15 353 348 341 311 277 260 272 320 54 73 59 21 6 6 13 19 345 264 239 197 105 74 303 284 278 274 283 34 66 66 55 35 241 224 229 233 198 135 164 231 200 163 186 218 213 68 47 27 1 359 15 31 42 46 39 20 11 12 20 34 51 59 246
285 316 60 67 62 55 51 42 233 210 207 202 175 125 100 97 99 287 308 289 291 297 303 313 322 329 340 357 21 41 56 58 356 327 335 344 342 318 294 297 325 25 41 22 7 6 12 27 42 47 301 253 231 103 69 299 280 276 274 281 25 70 68 56 49 46 231 233 234 207 139 136 229 201 164 200 233 229 218 33 13 356 7 35 57 69 66 29 10 14 20 24 34 47 51 338
264 238 117 108 103 94 83 78 97 175 201 205 197 148 111 105 104 282 278 270 260 250 244 242 249 267 293 327 9 38 53 55 8 306 308 327 342 337 312 291 296 5 26 15 14 24 42 63 74 75 58 260 242 135 80 297 279 275 273 272 89 86 78 64 55 53 56 234 234 214 151 123 225 211 174 203 237 237 231 216 236 303 37 75 87 88 38 356 2 16 26 33 43 52 58 52
252 210 136 125 128 127 113 102 102 128 318 217 205 165 53 122 300 130 266 244 226 214 210 211 218 235 244 263 325 26 45 44 20 330 302 311 329 332 332 301 233 218 292 7 33 56 76 93 94 83 63 271 243 171 93 294 281 277 269 255 158 111 103 92 80 72 75 202 234 219 172 137 241 238 182 176 242 244 233 198 181 202 184 119 93 37 349 352 8 23 31 37 49 63 72 76
246 198 136 126 126 129 117 99 81 41 352 328 173 331 327 195 114 300 106 217 203 204 210 221 236 246 242 243 267 342 25 31 22 2 338 327 324 327 344 39 149 191 215 223 98 80 77 71 68 59 42 326 253 189 134 278 275 271 260 235 160 125 127 127 118 103 88 87 234 220 191 181 247 249 179 99 258 250 233 182 162 199 204 169 28 354 354 7 31 49 57 62 69 78 82 80
251 202 107 91 79 65 60 58 37 9 3 29 88 117 337 89 82 322 348 169 196 229 248 261 262 252 240 235 249 278 348 20 22 10 356 333 314 310 344 85 104 154 217 221 185 107 83 67 56 45 40 39 135 186 199 250 258 255 247 229 163 113 115 125 126 102 70 49 346 224 202 211 244 245 188 103 254 254 232 171 151 206 224 241 302 343 22 60 95 110 112 109 103 95 89 87
271 312 60 54 47 42 39 35 18 6 27 74 94 84 336 305 306 333 21 28 341 320 315 307 295 274 238 237 256 262 288 353 14 13 9 352 252 210 180 130 104 104 219 227 206 149 112 104 91 75 66 68 86 150 212 243 252 248 246 250 293 60 57 41 32 32 34 34 27 15 242 235 244 234 191 148 217 250 226 164 136 239 249 254 262 272 91 104 117 127 127 125 121 111 103 100
275 304 55 57 53 48 34 22 16 24 65 97 105 46 316 312 316 336 3 2 342 330 331 332 327 331 330 300 287 272 269 302 8 36 45 78 139 171 182 162 121 97 164 235 219 178 137 135 139 135 119 99 93 112 237 260 267 270 276 284 325 28 38 30 30 32 30 27 25 29 30 308 250 225 193 178 217 239 218 165 135 263 260 252 243 214 134 115 117 119 112 103 107 111 108 106
272 282 57 59 49 33 16 15 28 56 87 100 101 91 296 303 310 327 348 352 330 319 323 328 323 327 331 304 289 283 276 274 121 121 141 121 107 129 177 182 147 110 98 239 229 197 146 130 138 156 156 128 110 112 262 274 281 287 289 288 308 17 45 48 46 41 30 28 39 49 45 15 301 244 218 216 239 237 214 177 177 247 252 244 236 214 152 119 123 133 137 123 106 101 101 95
274 289 23 34 26 20 18 32 59 84 97 96 74 97 293 301 308 317 340 346 300 284 274 267 267 280 297 284 277 280 281 261 133 131 167 164 118 96 119 187 173 134 112 243 244 219 143 90 65 59 119 125 113 115 264 270 271 271 270 269 277 357 60 64 54 39 40 58 76 79 46 15 359 337 325 331 319 279 221 183 197 235 241 237 234 218 167 117 114 133 155 150 129 111 98 34
