project/data/elevation/US_DEM2016/US_DEM2016_point_10-31-2019_0753_30m_vel.asc
ncols	125
nrows	167
xllcorner	-2042055.000000
yllcorner	1465035.000000
cellsize	30.000000
NODATA_value	-9999.000000
[rows 76 to 113 of 167, columns 0 to 83 of 125]
7.46 7.47 7.63 7.82 8.02 8.34 8.85 9.33 9.46 9.17 8.76 8.59 8.92 9.58 10.09 10.53 10.80 10.73 10.31 9.86 9.62 9.42 9.17 8.89 8.57 8.22 7.90 8.06 8.51 8.78 8.71 8.36 7.65 7.04 6.87 6.93 6.93 6.75 6.43 6.14 6.04 6.25 6.64 6.85 6.91 6.76 6.49 6.12 5.90 5.90 5.91 5.88 5.85 6.04 6.42 6.75 6.96 6.97 7.02 7.13 7.14 6.82 6.19 5.66 5.39 5.32 5.53 5.98 6.76 7.43 7.63 7.71 8.17 8.90 9.69 10.61 11.52 12.04 11.82 10.91 9.26 7.02 5.87 5.59
7.50 7.52 7.74 7.93 8.16 8.66 8.99 8.90 8.29 7.44 6.97 7.20 7.92 8.84 9.60 10.14 10.33 10.10 9.59 9.10 8.80 8.69 8.65 8.64 8.52 8.23 7.80 7.72 8.01 8.52 8.87 8.91 8.57 8.25 8.00 7.74 7.34 6.83 6.41 6.24 6.34 6.52 6.60 6.53 6.53 6.44 6.28 6.01 5.73 5.60 5.57 5.58 5.59 5.86 6.36 6.82 7.11 7.23 7.29 7.23 6.85 6.21 5.83 5.90 6.22 6.57 6.80 7.15 7.88 8.91 9.48 9.97 10.75 11.61 12.27 12.77 12.94 12.61 11.78 10.80 9.58 7.78 6.35 5.50
7.39 7.22 7.35 7.57 7.71 7.92 7.86 7.47 7.03 6.82 6.95 7.44 8.22 9.09 9.72 10.06 10.01 9.65 9.16 8.70 8.36 8.18 8.15 8.19 8.14 7.90 7.51 7.35 7.49 7.95 8.57 9.00 9.08 8.88 8.56 8.14 7.58 6.98 6.64 6.49 6.37 6.15 5.94 5.84 5.82 5.60 5.12 4.68 4.50 4.49 4.63 4.95 5.47 6.06 6.59 6.99 7.30 7.40 7.28 6.93 6.43 6.05 6.07 6.56 7.31 7.82 8.29 9.00 10.01 10.67 11.12 11.55 12.18 12.78 12.94 12.82 12.31 11.34 10.70 10.51 10.37 9.66 8.51 7.33
7.17 6.80 6.82 7.11 7.14 7.09 7.07 7.17 7.45 7.81 8.18 8.69 9.38 9.99 10.26 10.16 9.80 9.31 8.84 8.43 8.06 7.81 7.67 7.67 7.65 7.40 6.97 6.69 6.58 6.82 7.25 7.96 8.42 8.46 8.23 7.91 7.48 6.96 6.55 6.12 5.70 5.34 5.20 5.40 5.49 5.22 4.62 4.24 4.35 4.73 5.25 5.88 6.54 6.97 7.16 7.15 7.01 6.72 6.21 5.69 5.53 5.74 6.20 7.02 7.98 8.88 9.90 10.78 11.15 11.31 11.32 11.40 11.71 11.76 11.52 11.07 10.29 9.48 9.17 9.51 10.10 10.35 9.99 9.19
6.92 6.60 6.69 7.17 7.33 7.31 7.46 7.84 8.38 8.79 9.25 9.81 10.40 10.59 10.39 9.84 9.17 8.60 8.18 7.83 7.53 7.34 7.21 7.17 7.20 7.01 6.47 5.76 5.17 5.16 5.35 5.97 6.80 7.40 7.57 7.50 7.30 7.08 6.76 6.38 6.08 5.94 6.00 6.27 6.36 6.15 5.65 5.38 5.58 6.13 6.75 7.24 7.50 7.55 7.32 7.07 6.67 6.21 5.80 5.56 5.66 6.07 6.72 7.67 8.69 9.80 10.68 10.91 10.68 10.38 10.15 10.02 9.87 9.45 9.19 9.12 8.93 8.57 8.21 8.09 8.62 9.57 10.08 9.92
6.83 6.70 6.92 7.50 7.84 7.95 8.09 8.42 8.89 9.36 9.88 10.34 10.54 10.31 9.73 8.99 8.25 7.57 7.12 6.81 6.63 6.62 6.70 6.74 6.84 6.79 6.24 5.01 4.06 3.75 3.70 3.99 4.78 5.88 6.64 7.11 7.27 7.49 7.54 7.55 7.61 7.72 7.87 7.92 7.89 7.73 7.35 7.10 7.19 7.29 7.31 7.27 7.22 7.17 7.17 7.14 7.11 7.27 7.41 7.43 7.49 7.68 8.08 8.76 9.48 10.05 10.06 9.49 9.11 9.07 9.01 8.86 8.62 8.14 8.03 8.18 8.35 8.37 8.10 7.58 7.49 8.05 9.07 9.64
7.12 7.12 7.22 7.42 7.70 8.01 8.32 8.71 9.20 9.66 10.05 10.18 9.93 9.33 8.63 8.05 7.50 6.88 6.30 5.99 5.91 5.92 5.96 6.17 6.46 6.65 6.40 5.37 3.99 3.39 3.22 3.41 3.90 4.60 5.65 6.58 7.09 7.55 7.86 8.21 8.55 8.80 8.87 8.76 8.71 8.67 8.47 8.17 7.96 7.58 7.17 7.04 7.19 7.38 7.43 7.47 7.63 8.04 8.37 8.61 8.79 8.97 9.23 9.48 9.70 9.54 8.90 8.40 8.34 8.53 8.54 8.34 8.03 7.67 7.58 7.72 7.97 8.20 8.15 7.80 7.30 7.16 7.67 8.66
7.44 7.52 7.49 7.34 7.44 7.86 8.34 8.87 9.34 9.65 9.75 9.56 9.06 8.40 7.81 7.37 6.97 6.53 6.04 5.66 5.43 5.32 5.28 5.49 5.98 6.48 6.70 6.38 5.43 4.79 4.61 4.70 4.70 4.84 5.34 6.17 6.75 7.22 7.69 8.18 8.51 8.58 8.51 8.38 8.44 8.63 8.63 8.41 8.15 7.87 7.80 7.93 8.00 7.94 7.71 7.67 7.70 7.85 8.18 8.61 9.02 9.30 9.47 9.42 9.17 8.71 8.32 8.35 8.51 8.54 8.37 7.98 7.40 6.87 6.54 6.71 7.10 7.43 7.63 7.63 7.27 6.74 6.55 7.36
7.43 7.53 7.61 7.60 7.72 8.05 8.49 8.99 9.29 9.34 9.17 8.79 8.23 7.67 7.19 6.77 6.42 6.15 5.83 5.41 5.04 4.86 4.87 5.14 5.75 6.49 7.12 7.51 7.67 7.60 7.36 6.92 6.45 6.11 6.04 6.39 6.94 7.52 8.01 8.19 8.03 7.78 7.71 7.86 8.07 8.39 8.60 8.68 8.83 8.98 8.89 8.70 8.38 8.07 7.78 7.76 7.83 8.00 8.39 8.73 9.04 9.19 9.16 8.90 8.46 8.12 8.09 8.36 8.45 8.35 8.09 7.48 6.74 5.79 5.06 5.00 5.40 5.87 6.34 6.71 6.78 6.45 5.93 6.15
7.32 7.41 7.63 7.91 8.20 8.47 8.72 8.92 8.99 8.84 8.54 8.08 7.56 7.07 6.67 6.28 5.90 5.59 5.28 4.94 4.78 4.89 5.19 5.67 6.34 6.99 7.63 8.26 8.89 9.24 9.22 8.73 8.02 7.39 7.08 7.16 7.71 8.29 8.26 7.85 7.35 7.22 7.48 7.81 8.00 8.31 8.75 9.15 9.57 9.82 9.64 9.11 8.59 8.23 7.91 7.88 8.06 8.29 8.49 8.55 8.57 8.55 8.46 8.29 7.96 7.76 7.71 7.83 7.77 7.72 7.71 7.52 6.86 5.79 4.73 4.26 4.06 4.07 4.38 4.88 5.46 5.70 5.49 5.41
7.39 7.54 7.83 8.17 8.48 8.61 8.56 8.46 8.43 8.30 8.00 7.57 7.08 6.63 6.24 5.83 5.39 5.05 4.84 4.73 4.86 5.28 5.84 6.41 7.01 7.52 7.93 8.33 8.77 9.14 9.33 9.33 8.97 8.33 7.86 7.76 7.99 8.05 7.58 7.06 6.85 6.95 7.13 7.31 7.48 7.87 8.43 8.88 9.30 9.62 9.69 9.47 9.11 8.68 8.18 7.97 7.96 7.89 7.78 7.75 7.65 7.61 7.69 7.76 7.66 7.47 7.30 7.18 7.07 7.12 7.35 7.69 7.74 7.33 6.30 5.21 4.30 3.68 3.35 3.43 3.83 4.31 4.48 4.47
7.50 7.66 7.89 8.07 8.13 8.02 7.90 7.91 8.00 7.98 7.68 7.24 6.75 6.26 5.74 5.29 5.10 5.13 5.30 5.42 5.50 5.69 6.07 6.59 7.13 7.53 7.78 7.93 8.02 8.04 8.34 8.87 9.21 9.09 8.65 8.12 7.60 7.05 6.66 6.63 6.60 6.50 6.36 6.40 6.75 7.17 7.55 7.74 7.94 8.20 8.41 8.61 8.71 8.65 8.37 8.00 7.67 7.36 7.22 7.22 7.23 7.35 7.52 7.59 7.52 7.32 7.13 6.96 6.83 6.94 7.26 7.79 8.32 8.70 8.65 7.79 6.71 5.71 4.99 4.47 4.08 3.91 3.92 4.07
7.50 7.61 7.70 7.68 7.52 7.42 7.61 7.98 8.13 7.91 7.43 6.89 6.36 5.82 5.36 5.27 5.55 6.12 6.43 6.52 6.39 6.25 6.36 6.67 6.94 7.11 7.21 7.33 7.45 7.41 7.56 8.03 8.70 9.10 9.05 8.45 7.47 6.74 6.46 6.56 6.48 6.30 6.24 6.37 6.58 6.66 6.64 6.36 6.07 5.89 6.05 6.29 6.66 7.12 7.37 7.47 7.41 7.35 7.36 7.46 7.58 7.67 7.61 7.47 7.34 7.20 7.06 6.96 6.90 7.04 7.36 7.67 8.21 8.97 9.61 9.74 9.39 8.79 8.15 7.40 6.52 5.87 5.80 5.67
7.47 7.54 7.61 7.60 7.53 7.69 8.09 8.34 8.18 7.65 6.93 6.21 5.63 5.22 5.12 5.35 5.88 6.40 6.75 6.95 6.97 6.87 6.82 6.75 6.57 6.37 6.34 6.60 7.02 7.32 7.41 7.47 7.73 8.27 8.64 8.51 7.74 7.13 6.76 6.75 6.76 6.84 6.89 6.89 6.78 6.54 6.19 5.58 4.87 4.51 4.45 4.55 4.83 5.44 6.22 6.88 7.29 7.51 7.65 7.78 7.84 7.66 7.35 7.11 7.02 6.97 6.89 6.92 6.97 7.08 7.23 7.33 7.60 8.15 8.84 9.55 9.94 10.02 9.94 9.69 9.24 8.76 8.40 8.01
7.47 7.53 7.66 7.80 7.96 8.23 8.42 8.24 7.67 6.88 6.04 5.17 4.54 4.35 4.37 4.50 4.74 5.15 5.78 6.35 6.81 6.99 6.86 6.43 5.92 5.62 5.63 5.91 6.24 6.51 6.68 6.69 6.80 7.26 7.93 8.30 7.97 7.53 7.20 7.21 7.30 7.41 7.44 7.43 7.31 7.07 6.74 6.26 5.68 5.21 5.07 5.30 5.85 6.49 7.04 7.35 7.52 7.61 7.63 7.59 7.45 7.14 6.89 6.76 6.72 6.65 6.55 6.68 6.80 6.80 6.80 6.85 6.78 6.72 6.99 7.58 8.39 8.98 9.46 9.85 9.98 9.89 9.73 9.48
7.48 7.54 7.69 7.91 8.18 8.37 8.20 7.59 6.72 5.79 5.00 4.40 4.06 3.92 3.78 3.57 3.54 3.85 4.40 5.09 5.73 6.19 6.20 5.95 5.73 5.64 5.56 5.46 5.29 5.18 5.29 5.50 5.80 6.32 7.13 7.83 7.92 7.59 7.36 7.47 7.56 7.65 7.79 8.07 8.14 8.08 7.93 7.74 7.62 7.47 7.26 7.51 8.01 8.34 8.34 7.97 7.64 7.46 7.26 6.99 6.75 6.57 6.43 6.41 6.39 6.25 6.16 6.33 6.41 6.33 6.30 6.32 6.07 5.67 5.53 5.80 6.40 6.97 7.53 8.17 8.75 9.05 9.11 9.26
7.50 7.56 7.73 7.99 8.21 8.09 7.52 6.63 5.69 4.94 4.50 4.34 4.31 4.33 4.25 4.00 3.81 3.81 4.01 4.36 4.77 5.15 5.47 5.79 6.08 6.22 6.13 5.82 5.51 5.38 5.39 5.54 5.82 6.12 6.52 7.15 7.54 7.49 7.44 7.61 7.75 7.95 8.25 8.68 8.82 8.85 8.82 8.77 8.84 9.03 9.13 9.07 8.87 8.47 7.98 7.66 7.45 7.20 6.82 6.39 6.05 5.93 5.93 6.00 6.10 6.12 6.13 6.21 6.16 6.05 6.04 6.09 5.89 5.41 4.99 4.85 5.16 5.51 5.73 6.07 6.60 7.11 7.25 7.32
7.52 7.59 7.73 7.90 7.81 7.28 6.41 5.52 4.86 4.52 4.46 4.55 4.71 4.95 5.18 5.28 5.19 5.04 5.07 5.27 5.54 5.80 6.09 6.37 6.54 6.69 6.95 7.19 7.34 7.39 7.35 7.33 7.33 7.20 6.80 6.83 7.23 7.54 7.81 8.05 8.23 8.50 8.82 9.07 9.00 8.94 8.96 8.99 9.11 9.36 9.50 9.38 8.88 8.09 7.53 7.48 7.45 7.16 6.66 6.13 5.78 5.66 5.82 6.06 6.33 6.50 6.58 6.52 6.25 6.08 6.03 6.15 6.06 5.54 4.76 4.06 3.91 4.04 4.08 4.24 4.70 5.30 5.43 5.31
7.51 7.54 7.52 7.33 6.76 5.87 4.97 4.40 4.21 4.28 4.49 4.81 5.14 5.51 6.01 6.57 6.97 7.16 7.35 7.57 7.73 7.78 7.68 7.39 7.06 7.00 7.42 7.94 8.31 8.39 8.31 8.14 7.91 7.55 6.99 6.92 7.27 7.80 8.29 8.58 8.75 8.87 8.93 8.87 8.61 8.50 8.62 8.83 9.07 9.26 9.19 9.10 9.05 8.91 8.55 8.11 7.72 7.34 6.97 6.67 6.50 6.43 6.53 6.68 6.82 6.83 6.77 6.67 6.47 6.41 6.43 6.48 6.32 5.63 4.50 3.39 2.88 2.71 2.71 2.84 3.10 3.57 3.98 4.15
7.48 7.47 7.26 6.70 5.81 4.91 4.30 4.03 4.13 4.44 4.84 5.38 5.94 6.51 7.13 7.86 8.46 8.97 9.31 9.38 9.17 8.76 8.24 7.76 7.42 7.30 7.39 7.39 7.29 7.22 7.02 6.82 6.70 6.59 6.66 7.04 7.53 8.06 8.54 8.75 8.76 8.64 8.37 8.05 7.90 7.87 8.08 8.38 8.72 8.99 8.96 8.91 8.98 9.08 8.96 8.43 7.87 7.46 7.21 7.09 7.12 7.22 7.23 7.25 7.18 6.97 6.69 6.63 6.73 7.04 7.14 7.04 6.80 6.05 4.71 3.59 2.94 2.55 2.37 2.36 2.47 2.68 3.07 3.50
7.49 7.42 7.11 6.58 6.00 5.55 5.27 5.11 5.15 5.39 5.73 6.25 6.94 7.66 8.36 8.94 9.41 9.69 9.67 9.33 8.75 8.10 7.62 7.48 7.59 7.69 7.52 7.01 6.47 6.23 6.11 6.09 6.26 6.37 6.66 7.20 7.75 8.16 8.42 8.47 8.34 8.05 7.65 7.30 7.17 7.22 7.34 7.56 7.81 7.90 7.97 8.08 8.15 8.14 8.02 7.86 7.58 7.28 7.04 6.91 6.99 7.26 7.44 7.53 7.47 7.29 7.03 6.95 7.10 7.38 7.43 7.30 7.33 7.04 5.94 4.83 3.99 3.38 3.11 3.03 3.02 3.03 3.23 3.73
7.41 7.28 6.95 6.82 6.67 6.60 6.57 6.61 6.78 6.91 7.01 7.33 7.95 8.70 9.31 9.60 9.60 9.29 8.68 7.92 7.24 6.85 6.79 7.03 7.46 7.93 8.05 7.91 7.72 7.66 7.67 7.65 7.52 7.30 7.23 7.47 7.77 8.00 8.07 7.99 7.69 7.31 7.00 6.82 6.72 6.74 6.81 6.83 6.64 6.27 6.06 6.21 6.50 6.64 6.74 6.92 7.05 7.01 6.93 6.91 7.03 7.30 7.42 7.40 7.30 7.22 7.16 7.14 7.09 7.08 7.04 7.05 7.58 7.97 7.59 6.53 5.52 4.68 4.59 4.61 4.53 4.44 4.63 5.35
7.25 7.07 6.86 7.01 7.04 7.25 7.51 7.84 8.20 8.45 8.56 8.70 9.08 9.53 9.68 9.49 8.97 8.22 7.44 6.83 6.48 6.38 6.51 6.83 7.28 7.97 8.47 8.91 9.15 9.23 9.20 9.01 8.64 8.16 7.77 7.68 7.72 7.75 7.67 7.41 6.99 6.65 6.58 6.66 6.73 6.84 6.91 6.80 6.30 5.62 5.12 4.95 4.88 5.15 5.70 6.33 6.83 7.05 7.08 7.11 7.25 7.40 7.28 7.06 6.86 6.80 6.79 6.73 6.56 6.50 6.49 6.71 7.62 8.59 8.96 8.60 7.75 6.93 6.94 6.97 6.87 6.79 6.98 7.41
7.19 7.07 6.98 7.14 7.48 8.00 8.56 9.00 9.30 9.50 9.63 9.70 9.72 9.57 9.18 8.56 7.84 7.15 6.64 6.41 6.58 6.88 7.16 7.38 7.67 8.05 8.31 8.54 8.75 8.86 8.85 8.78 8.65 8.39 7.94 7.67 7.55 7.37 7.08 6.78 6.61 6.74 6.93 7.09 7.22 7.37 7.40 7.38 7.18 6.81 6.33 5.80 5.25 5.38 5.96 6.57 7.04 7.34 7.48 7.53 7.53 7.51 7.31 7.10 6.95 6.82 6.65 6.49 6.40 6.48 6.59 6.89 7.68 8.62 9.43 9.82 9.81 9.49 9.37 9.35 9.23 9.03 8.85 8.56
7.26 7.20 7.12 7.29 7.75 8.34 8.84 9.18 9.35 9.45 9.54 9.55 9.34 8.84 8.12 7.39 6.78 6.33 6.07 6.11 6.63 7.21 7.61 7.82 7.95 7.97 7.72 7.41 7.29 7.33 7.46 7.75 8.06 8.17 7.89 7.55 7.24 6.87 6.56 6.56 6.95 7.49 7.70 7.73 7.72 7.75 7.74 7.80 7.89 8.05 8.05 7.79 7.33 6.99 6.96 7.03 7.21 7.51 7.83 7.98 7.95 7.91 7.73 7.59 7.46 7.30 7.14 7.09 7.19 7.21 7.20 7.27 7.57 8.05 8.81 9.69 10.28 10.49 10.49 10.38 10.02 9.61 9.10 8.38
7.27 7.23 7.12 7.20 7.48 7.81 7.99 8.10 8.21 8.35 8.49 8.49 8.24 7.74 7.10 6.48 6.02 5.86 5.91 6.16 6.64 7.05 7.40 7.57 7.54 7.30 6.82 6.38 6.02 5.87 6.08 6.51 7.01 7.35 7.47 7.38 7.13 6.90 6.94 7.34 7.85 8.05 8.03 7.96 7.90 7.85 7.79 7.71 7.82 8.08 8.34 8.52 8.44 8.02 7.38 7.03 7.15 7.50 7.85 8.10 8.26 8.36 8.28 8.15 8.00 7.86 7.76 7.76 7.77 7.57 7.40 7.36 7.34 7.53 8.07 8.78 9.37 9.76 9.97 9.97 9.68 9.16 8.48 7.66
7.26 7.25 7.24 7.23 7.20 7.04 6.91 6.81 6.88 7.12 7.31 7.27 6.97 6.49 5.95 5.58 5.66 6.10 6.74 7.24 7.40 7.45 7.49 7.48 7.25 6.68 5.92 5.34 4.91 4.69 4.75 5.02 5.37 5.86 6.35 6.73 7.05 7.36 7.71 7.99 8.07 7.98 7.83 7.78 7.77 7.74 7.63 7.42 7.26 7.19 7.32 7.66 7.96 7.82 7.27 6.96 7.08 7.42 7.75 8.10 8.44 8.67 8.65 8.55 8.39 8.19 7.97 7.73 7.46 7.08 7.00 7.06 7.13 7.31 7.66 7.97 8.16 8.27 8.52 8.96 9.20 9.07 8.68 8.25
7.46 7.60 7.78 7.66 7.29 6.85 6.49 6.26 6.30 6.48 6.49 6.20 5.69 5.12 4.71 4.84 5.63 6.78 7.68 8.13 8.28 8.23 8.09 7.91 7.68 7.28 6.43 5.46 4.79 4.46 4.28 4.31 4.55 4.94 5.48 6.16 6.89 7.41 7.55 7.46 7.32 7.28 7.29 7.35 7.43 7.48 7.43 7.13 6.63 6.22 6.08 6.19 6.50 6.86 6.88 6.85 6.95 7.22 7.57 7.97 8.37 8.64 8.65 8.58 8.46 8.28 8.01 7.62 7.18 6.76 6.65 6.73 6.90 7.02 7.18 7.51 7.57 7.40 7.27 7.62 8.24 8.76 9.10 9.28
7.74 7.96 8.13 7.94 7.54 7.07 6.68 6.44 6.29 6.00 5.48 4.86 4.31 3.96 3.84 4.06 4.95 6.20 7.18 7.88 8.27 8.42 8.35 8.27 8.27 8.25 7.91 7.14 6.45 6.16 6.05 5.88 5.94 6.08 6.34 6.72 7.08 7.20 7.05 6.84 6.69 6.68 6.87 7.05 7.23 7.33 7.33 7.08 6.57 6.09 5.74 5.34 5.12 5.30 5.69 6.17 6.64 7.03 7.39 7.78 8.12 8.28 8.28 8.22 8.24 8.28 8.22 7.96 7.54 7.03 6.70 6.64 6.70 6.80 7.05 7.42 7.54 7.32 6.78 6.48 6.70 7.23 7.85 8.43
7.66 7.72 7.71 7.56 7.32 7.00 6.67 6.33 5.83 5.08 4.21 3.67 3.55 3.73 3.95 4.15 4.53 5.14 5.92 6.74 7.29 7.62 7.90 8.21 8.47 8.70 8.92 8.99 8.87 8.77 8.66 8.54 8.40 8.14 7.92 7.72 7.47 7.24 7.05 6.87 6.73 6.71 6.94 7.13 7.25 7.34 7.43 7.44 7.21 6.78 6.20 5.37 4.54 4.39 4.90 5.77 6.57 7.09 7.45 7.75 7.89 7.83 7.77 7.85 8.03 8.26 8.45 8.38 8.04 7.43 7.02 6.88 6.83 6.81 6.87 7.08 7.41 7.43 6.97 6.30 5.75 5.50 5.61 6.00
7.32 7.13 7.00 7.01 6.93 6.70 6.39 5.77 5.11 4.52 4.18 4.11 4.34 4.89 5.76 6.47 6.35 6.05 5.99 6.08 6.34 6.76 7.42 8.04 8.35 8.59 9.01 9.47 9.81 9.98 9.92 9.77 9.53 9.09 8.60 8.14 7.71 7.41 7.15 6.93 6.93 7.10 7.31 7.32 7.24 7.24 7.44 7.71 7.72 7.31 6.54 5.65 5.16 5.26 5.83 6.40 6.86 7.21 7.51 7.64 7.51 7.36 7.47 7.76 8.01 8.22 8.47 8.64 8.54 8.14 7.65 7.38 7.14 6.79 6.44 6.48 7.00 7.36 7.21 6.65 5.90 5.34 5.10 5.20
7.15 6.94 6.76 6.81 6.85 6.79 6.49 6.00 5.54 5.38 5.63 6.13 6.70 7.58 8.60 9.33 9.57 9.04 8.14 7.56 7.37 7.56 8.01 8.25 8.26 8.27 8.37 8.58 8.90 9.24 9.39 9.39 9.31 9.05 8.72 8.32 7.91 7.55 7.17 6.94 7.12 7.48 7.63 7.40 7.12 7.01 7.23 7.64 7.91 7.78 7.28 6.82 6.69 6.92 7.08 7.00 6.93 7.09 7.32 7.33 7.17 7.17 7.39 7.65 7.81 7.92 8.10 8.39 8.62 8.64 8.25 7.81 7.35 6.84 6.42 6.33 6.73 7.22 7.34 7.11 6.84 6.75 6.70 6.49
7.23 7.09 6.95 6.99 7.14 7.30 7.40 7.36 7.29 7.41 7.92 8.69 9.56 10.31 10.77 10.97 11.13 10.98 10.55 10.06 9.67 9.39 9.13 8.73 8.38 8.14 7.94 7.77 7.62 7.62 7.81 8.01 8.12 8.18 8.22 8.21 8.07 7.74 7.37 7.20 7.31 7.36 7.22 6.98 6.81 6.86 7.15 7.65 8.22 8.63 8.69 8.46 8.23 8.04 7.62 7.11 6.98 7.14 7.25 7.20 7.16 7.21 7.24 7.26 7.30 7.31 7.37 7.66 8.06 8.34 8.28 7.95 7.52 7.10 6.77 6.63 6.81 7.19 7.42 7.42 7.44 7.57 7.67 7.61
7.39 7.37 7.34 7.37 7.51 7.75 8.08 8.44 8.86 9.35 9.94 10.60 11.06 11.17 10.98 10.65 10.42 10.52 10.60 10.48 10.23 9.87 9.40 8.84 8.42 8.14 7.94 7.77 7.48 7.08 6.82 6.78 6.83 7.00 7.26 7.57 7.77 7.73 7.51 7.24 6.92 6.52 6.22 6.27 6.62 6.98 7.37 7.86 8.49 9.19 9.58 9.54 9.27 8.90 8.39 7.90 7.75 7.69 7.55 7.40 7.27 7.12 6.95 6.89 6.93 6.88 6.82 6.95 7.28 7.65 7.88 7.82 7.56 7.26 7.02 6.89 6.91 7.13 7.34 7.36 7.29 7.28 7.37 7.48
7.55 7.63 7.65 7.66 7.77 7.95 8.26 8.76 9.50 10.21 10.67 10.78 10.55 10.06 9.49 8.98 8.68 8.73 8.83 8.94 8.98 8.92 8.77 8.52 8.31 8.09 7.90 7.88 7.85 7.67 7.37 7.14 7.12 7.17 7.20 7.24 7.34 7.45 7.35 6.99 6.51 6.18 6.20 6.57 7.07 7.43 7.74 8.06 8.49 9.04 9.52 9.73 9.73 9.65 9.52 9.21 8.88 8.48 8.02 7.62 7.29 6.98 6.83 6.80 6.78 6.69 6.60 6.64 6.89 7.23 7.51 7.57 7.44 7.26 7.11 6.98 6.95 7.11 7.32 7.31 7.17 7.13 7.15 7.22
7.55 7.58 7.62 7.73 7.93 8.22 8.62 9.13 9.69 10.00 9.97 9.61 9.02 8.39 7.88 7.56 7.34 7.26 7.26 7.43 7.68 7.83 8.01 8.14 8.19 8.06 7.82 7.66 7.64 7.79 7.94 8.04 8.10 8.05 7.85 7.56 7.35 7.33 7.26 7.09 6.96 7.02 7.19 7.50 7.77 7.95 8.08 8.21 8.34 8.55 8.87 9.20 9.50 9.78 9.98 9.91 9.52 8.99 8.37 7.76 7.31 7.04 6.87 6.70 6.54 6.52 6.60 6.72 6.91 7.10 7.24 7.30 7.28 7.20 7.04 6.88 6.85 7.03 7.28 7.31 7.20 7.18 7.20 7.25
7.37 7.31 7.39 7.65 7.99 8.44 8.95 9.30 9.36 9.06 8.55 8.08 7.63 7.23 6.87 6.59 6.37 6.29 6.44 6.74 7.00 7.28 7.54 7.72 7.91 8.09 8.02 7.79 7.56 7.49 7.53 7.60 7.67 7.75 7.78 7.70 7.54 7.44 7.43 7.53 7.67 7.77 7.86 8.06 8.20 8.27 8.25 8.15 8.05 8.07 8.14 8.33 8.59 8.91 9.24 9.37 9.21 8.83 8.32 7.82 7.41 7.10 6.76 6.46 6.36 6.51 6.73 6.89 6.98 6.98 6.95 7.02 7.07 7.02 6.87 6.68 6.57 6.65 6.94 7.11 7.06 7.00 6.97 7.03
7.26 7.19 7.26 7.50 7.81 8.25 8.63 8.61 8.25 7.70 7.13 6.64 6.29 6.02 5.77 5.66 5.78 6.03 6.33 6.66 7.05 7.39 7.42 7.38 7.71 8.18 8.39 8.38 8.17 7.79 7.34 6.82 6.52 6.63 6.97 7.27 7.42 7.45 7.54 7.71 7.86 7.96 8.07 8.20 8.20 8.13 8.01 7.82 7.69 7.70 7.70 7.67 7.65 7.65 7.64 7.82 7.96 7.96 7.89 7.74 7.49 7.13 6.74 6.48 6.50 6.71 6.92 7.02 6.98 6.82 6.72 6.72 6.75 6.74 6.70 6.58 6.43 6.37 6.56 6.81 6.78 6.57 6.39 6.34
