project/data/elevation/US_DEM2016/US_DEM2016_point_10-29-2019_1717_30m_vel.asc
ncols	125
nrows	167
xllcorner	-2042055.000000
yllcorner	1465035.000000
cellsize	30.000000
NODATA_value	-9999.000000
[rows 76 to 113 of 167, columns 0 to 83 of 125]
3.36 3.13 2.88 2.85 2.95 3.12 3.67 4.40 4.77 4.73 4.50 4.38 4.57 5.09 5.65 6.15 6.28 6.32 5.91 5.36 4.99 4.78 4.60 4.42 4.31 4.25 4.05 3.87 3.80 3.80 3.73 3.55 3.24 3.04 3.02 3.05 3.05 2.99 2.87 2.77 2.83 3.17 3.81 4.35 4.40 4.00 3.56 3.25 3.06 2.98 2.94 2.92 2.86 2.81 2.89 3.01 3.14 3.22 3.32 3.49 3.68 3.52 2.87 2.20 1.91 2.03 2.44 2.72 2.74 2.78 2.99 3.37 4.08 4.87 5.54 6.22 6.96 7.54 7.47 6.79 5.67 4.44 3.84 3.62
3.34 3.16 3.02 3.07 3.22 3.65 4.22 4.48 4.34 3.97 3.76 3.92 4.42 5.15 5.81 6.19 6.16 5.78 5.27 4.83 4.53 4.33 4.22 4.19 4.21 4.17 3.96 3.81 3.77 3.80 3.78 3.67 3.51 3.46 3.46 3.36 3.15 2.90 2.73 2.74 3.01 3.37 3.77 4.11 4.22 3.96 3.55 3.25 3.06 2.94 2.82 2.71 2.63 2.68 2.88 3.09 3.25 3.36 3.45 3.54 3.44 2.89 2.23 2.00 2.23 2.71 3.08 3.28 3.51 3.99 4.48 5.16 6.02 6.69 7.15 7.57 7.83 7.69 6.97 6.03 5.09 4.16 3.67 3.44
3.28 3.07 2.98 3.12 3.30 3.69 3.97 3.90 3.69 3.63 3.79 4.20 4.89 5.64 6.14 6.19 5.87 5.37 4.87 4.50 4.22 4.02 3.91 3.93 4.01 4.00 3.82 3.71 3.74 3.78 3.77 3.75 3.75 3.75 3.69 3.49 3.17 2.87 2.75 2.84 3.03 3.15 3.30 3.66 3.97 3.81 3.27 2.86 2.64 2.49 2.38 2.37 2.52 2.75 3.01 3.26 3.47 3.57 3.57 3.42 3.02 2.40 2.11 2.36 2.99 3.53 3.91 4.35 4.88 5.26 5.76 6.48 7.10 7.41 7.45 7.45 7.27 6.69 6.02 5.49 5.03 4.52 4.11 3.81
3.18 2.94 2.84 3.02 3.19 3.41 3.60 3.69 3.85 4.12 4.44 4.96 5.66 6.19 6.32 6.04 5.53 4.99 4.51 4.17 3.93 3.73 3.64 3.68 3.77 3.79 3.63 3.50 3.47 3.49 3.44 3.51 3.61 3.62 3.52 3.30 3.01 2.78 2.64 2.57 2.57 2.57 2.71 3.24 3.76 3.70 3.19 2.80 2.64 2.59 2.63 2.82 3.13 3.32 3.34 3.39 3.42 3.31 3.05 2.70 2.30 2.08 2.27 2.93 3.77 4.44 5.04 5.50 5.67 5.84 6.21 6.66 6.95 6.83 6.56 6.24 5.83 5.41 5.10 4.95 4.85 4.71 4.48 4.23
3.09 2.91 2.87 3.10 3.29 3.47 3.70 3.99 4.36 4.68 5.11 5.70 6.23 6.33 6.07 5.58 5.03 4.49 4.04 3.75 3.55 3.41 3.37 3.41 3.54 3.60 3.44 3.17 2.97 2.95 2.91 3.00 3.17 3.28 3.24 3.07 2.85 2.73 2.60 2.48 2.49 2.61 2.84 3.31 3.74 3.78 3.55 3.36 3.31 3.38 3.53 3.70 3.82 3.79 3.54 3.34 3.14 2.84 2.54 2.31 2.18 2.33 2.89 3.80 4.73 5.48 5.84 5.78 5.55 5.58 5.94 6.16 6.01 5.58 5.24 5.04 4.84 4.66 4.51 4.35 4.34 4.46 4.46 4.31
3.05 2.99 3.07 3.33 3.54 3.72 3.97 4.32 4.70 5.09 5.60 6.08 6.26 6.00 5.46 4.90 4.39 3.85 3.46 3.21 3.10 3.08 3.11 3.17 3.35 3.43 3.24 2.81 2.49 2.40 2.35 2.41 2.62 2.85 2.94 2.95 2.91 2.92 2.90 2.93 3.09 3.32 3.56 3.79 4.01 4.11 4.12 4.13 4.16 4.09 3.99 3.91 3.84 3.69 3.50 3.36 3.24 3.16 3.10 3.04 3.09 3.38 4.00 4.90 5.70 6.05 5.78 5.11 4.81 5.10 5.59 5.71 5.38 4.86 4.58 4.49 4.45 4.39 4.27 4.02 3.88 3.98 4.13 4.08
3.13 3.15 3.21 3.31 3.48 3.76 4.13 4.54 4.95 5.38 5.80 6.01 5.84 5.33 4.72 4.26 3.84 3.40 3.02 2.82 2.82 2.83 2.77 2.92 3.20 3.29 3.10 2.70 2.25 2.11 2.12 2.26 2.43 2.55 2.68 2.85 2.98 3.08 3.17 3.36 3.63 3.88 4.02 4.10 4.27 4.44 4.54 4.55 4.47 4.18 3.90 3.80 3.81 3.75 3.58 3.52 3.58 3.69 3.74 3.79 3.96 4.32 4.92 5.64 6.14 5.94 5.10 4.46 4.49 4.98 5.45 5.45 5.04 4.55 4.33 4.28 4.29 4.30 4.16 3.92 3.69 3.62 3.66 3.69
3.28 3.30 3.27 3.22 3.36 3.76 4.23 4.71 5.14 5.50 5.71 5.64 5.27 4.72 4.22 3.85 3.49 3.10 2.76 2.63 2.65 2.58 2.50 2.71 3.08 3.24 3.17 2.95 2.56 2.42 2.55 2.74 2.72 2.64 2.62 2.69 2.82 2.97 3.21 3.55 3.82 3.90 3.92 4.00 4.25 4.55 4.69 4.64 4.45 4.21 4.12 4.16 4.14 3.96 3.68 3.62 3.68 3.75 3.86 4.05 4.34 4.73 5.29 5.80 5.97 5.45 4.64 4.43 4.67 5.03 5.30 5.17 4.68 4.16 3.88 3.91 4.01 4.01 3.89 3.72 3.52 3.33 3.17 3.27
3.31 3.33 3.31 3.31 3.52 3.93 4.39 4.85 5.20 5.40 5.43 5.20 4.79 4.31 3.89 3.54 3.21 2.84 2.53 2.44 2.43 2.32 2.36 2.68 3.14 3.45 3.58 3.59 3.52 3.54 3.61 3.53 3.29 3.05 2.85 2.68 2.78 3.09 3.48 3.75 3.74 3.62 3.63 3.89 4.25 4.66 4.89 4.88 4.76 4.68 4.59 4.47 4.25 3.98 3.73 3.65 3.67 3.78 4.03 4.27 4.54 4.85 5.23 5.54 5.52 5.01 4.54 4.59 4.75 4.86 4.94 4.78 4.29 3.70 3.30 3.29 3.44 3.49 3.46 3.39 3.27 3.11 2.90 2.93
3.30 3.30 3.34 3.47 3.78 4.18 4.56 4.88 5.11 5.20 5.12 4.84 4.44 4.00 3.58 3.23 2.88 2.49 2.23 2.20 2.24 2.33 2.62 3.07 3.57 3.94 4.17 4.24 4.28 4.36 4.35 4.13 3.79 3.48 3.25 3.02 3.22 3.65 3.83 3.71 3.45 3.41 3.64 3.98 4.39 4.90 5.27 5.29 5.14 5.00 4.80 4.50 4.20 3.98 3.78 3.70 3.75 3.95 4.16 4.28 4.39 4.55 4.81 5.13 5.13 4.76 4.42 4.43 4.46 4.48 4.56 4.46 4.10 3.57 3.07 2.97 3.00 2.97 2.91 2.88 2.90 2.86 2.76 2.74
3.32 3.33 3.41 3.61 3.97 4.29 4.52 4.73 4.95 5.02 4.86 4.53 4.13 3.69 3.25 2.83 2.41 2.05 1.97 2.12 2.35 2.70 3.15 3.63 4.08 4.41 4.56 4.51 4.43 4.45 4.40 4.26 4.02 3.78 3.58 3.47 3.64 3.80 3.61 3.27 3.16 3.34 3.55 3.84 4.35 5.10 5.52 5.38 5.03 4.82 4.69 4.52 4.31 4.09 3.86 3.77 3.79 3.86 3.88 3.89 3.90 3.97 4.31 4.77 4.91 4.63 4.24 4.08 4.06 4.17 4.37 4.45 4.28 3.88 3.34 3.02 2.87 2.74 2.61 2.52 2.50 2.46 2.35 2.33
3.35 3.34 3.42 3.61 3.88 4.07 4.26 4.57 4.86 4.91 4.63 4.22 3.80 3.32 2.78 2.26 1.92 1.93 2.22 2.49 2.78 3.13 3.53 3.98 4.38 4.61 4.64 4.45 4.23 4.12 4.12 4.12 4.09 4.04 3.93 3.76 3.59 3.35 3.07 2.92 2.96 3.06 3.15 3.45 4.25 5.21 5.54 5.09 4.47 4.21 4.16 4.15 4.13 4.06 3.95 3.82 3.71 3.60 3.54 3.53 3.57 3.75 4.17 4.64 4.83 4.58 4.14 3.89 3.86 4.10 4.47 4.75 4.65 4.32 4.00 3.64 3.32 3.06 2.93 2.76 2.49 2.23 2.08 2.14
3.31 3.28 3.32 3.45 3.61 3.81 4.19 4.70 4.92 4.77 4.34 3.86 3.40 2.85 2.27 1.97 2.09 2.53 2.84 3.05 3.26 3.53 3.86 4.21 4.45 4.56 4.52 4.31 4.11 3.97 3.94 3.99 4.07 4.11 4.06 3.83 3.39 2.99 2.80 2.76 2.75 2.80 3.00 3.46 4.33 5.23 5.36 4.65 3.78 3.36 3.23 3.19 3.26 3.41 3.51 3.56 3.54 3.49 3.46 3.54 3.69 3.92 4.23 4.56 4.75 4.57 4.08 3.80 3.85 4.18 4.70 5.06 4.95 4.59 4.40 4.30 4.18 4.05 3.89 3.57 3.10 2.73 2.71 2.70
3.27 3.24 3.28 3.42 3.61 3.97 4.52 4.91 4.86 4.47 3.92 3.37 2.87 2.32 2.01 2.18 2.64 3.00 3.18 3.34 3.57 3.84 4.09 4.24 4.28 4.29 4.30 4.26 4.18 4.08 4.00 3.94 3.89 3.86 3.84 3.74 3.38 3.06 2.84 2.77 2.81 3.01 3.29 3.67 4.39 5.09 5.06 4.23 3.28 2.83 2.57 2.39 2.42 2.65 2.95 3.22 3.39 3.46 3.54 3.70 3.87 3.94 4.05 4.37 4.71 4.57 4.01 3.74 3.85 4.23 4.77 5.16 5.01 4.57 4.31 4.32 4.43 4.54 4.49 4.27 4.00 3.84 3.73 3.50
3.30 3.31 3.39 3.59 3.89 4.36 4.79 4.86 4.51 3.92 3.29 2.66 2.12 1.80 1.86 2.24 2.62 2.87 3.10 3.34 3.64 3.90 4.00 3.94 3.88 3.98 4.18 4.29 4.17 3.94 3.78 3.66 3.54 3.51 3.58 3.62 3.46 3.25 3.05 3.02 3.17 3.38 3.57 3.87 4.45 4.97 4.87 4.19 3.44 3.00 2.76 2.66 2.83 3.12 3.34 3.43 3.44 3.46 3.56 3.68 3.70 3.62 3.71 4.21 4.69 4.55 3.91 3.66 3.79 4.11 4.60 5.03 4.84 4.21 3.81 3.76 3.96 4.16 4.21 4.20 4.22 4.28 4.24 4.00
3.37 3.42 3.54 3.79 4.16 4.57 4.73 4.48 3.89 3.17 2.52 1.94 1.61 1.59 1.81 2.12 2.40 2.65 2.89 3.19 3.48 3.66 3.62 3.54 3.65 3.94 4.20 4.22 3.92 3.51 3.27 3.15 3.14 3.23 3.37 3.48 3.44 3.28 3.14 3.20 3.38 3.57 3.78 4.18 4.69 5.04 4.94 4.52 4.13 3.88 3.69 3.76 3.94 4.06 3.98 3.74 3.53 3.44 3.44 3.42 3.30 3.20 3.39 4.07 4.63 4.50 3.87 3.58 3.61 3.80 4.27 4.73 4.54 3.84 3.32 3.21 3.35 3.47 3.49 3.58 3.74 3.90 3.96 3.94
3.46 3.52 3.68 3.96 4.31 4.50 4.35 3.84 3.14 2.48 1.96 1.63 1.59 1.78 2.05 2.30 2.52 2.70 2.87 3.11 3.35 3.43 3.38 3.47 3.76 4.07 4.26 4.18 3.86 3.53 3.29 3.16 3.18 3.21 3.25 3.27 3.26 3.18 3.12 3.28 3.51 3.76 4.10 4.59 5.01 5.21 5.11 4.85 4.65 4.60 4.58 4.54 4.41 4.14 3.79 3.55 3.43 3.33 3.21 3.04 2.85 2.78 3.08 3.91 4.59 4.55 4.01 3.63 3.49 3.55 3.96 4.44 4.32 3.69 3.08 2.87 3.00 3.06 2.96 2.94 3.06 3.22 3.27 3.27
3.54 3.60 3.78 4.03 4.20 4.10 3.69 3.08 2.48 2.02 1.73 1.67 1.85 2.17 2.46 2.72 2.92 3.04 3.20 3.43 3.62 3.67 3.67 3.76 3.96 4.26 4.54 4.57 4.42 4.21 3.99 3.87 3.82 3.66 3.32 3.08 3.08 3.15 3.27 3.53 3.81 4.14 4.53 4.94 5.19 5.27 5.17 4.98 4.85 4.83 4.77 4.58 4.22 3.79 3.47 3.37 3.29 3.16 2.95 2.69 2.51 2.54 2.97 3.98 4.75 4.76 4.24 3.75 3.46 3.41 3.73 4.22 4.17 3.57 2.88 2.56 2.65 2.70 2.54 2.47 2.58 2.69 2.61 2.48
3.59 3.63 3.74 3.82 3.71 3.35 2.86 2.40 2.03 1.78 1.73 1.89 2.20 2.56 2.93 3.30 3.59 3.81 4.03 4.22 4.33 4.29 4.16 4.05 4.11 4.52 4.95 4.97 4.77 4.53 4.32 4.19 4.02 3.70 3.23 2.96 3.03 3.26 3.56 3.89 4.19 4.48 4.76 4.98 5.09 5.19 5.20 5.08 4.94 4.84 4.61 4.33 4.13 4.00 3.84 3.61 3.32 3.11 2.94 2.78 2.71 2.85 3.37 4.32 4.98 4.88 4.27 3.72 3.37 3.36 3.69 4.07 3.95 3.25 2.50 2.21 2.29 2.32 2.19 2.14 2.21 2.25 2.12 1.99
3.62 3.61 3.56 3.41 3.06 2.65 2.29 2.03 1.87 1.86 2.03 2.33 2.71 3.14 3.59 4.03 4.36 4.65 4.85 4.86 4.71 4.43 4.12 3.97 4.16 4.75 5.10 4.84 4.30 3.93 3.70 3.57 3.41 3.17 2.97 2.98 3.19 3.48 3.83 4.14 4.34 4.48 4.56 4.61 4.80 5.07 5.24 5.17 4.96 4.73 4.43 4.19 4.10 4.10 4.01 3.71 3.40 3.17 3.05 2.99 3.03 3.29 3.83 4.60 5.06 4.83 4.14 3.63 3.44 3.60 3.89 3.98 3.63 2.85 2.19 2.07 2.14 2.09 2.04 2.05 2.07 2.03 1.89 1.77
3.64 3.57 3.37 3.07 2.76 2.52 2.33 2.18 2.17 2.34 2.60 2.92 3.35 3.84 4.33 4.70 4.94 5.05 4.96 4.69 4.28 3.85 3.65 3.79 4.27 4.91 5.03 4.48 3.81 3.44 3.27 3.22 3.19 3.03 2.97 3.12 3.39 3.65 3.92 4.13 4.21 4.20 4.14 4.18 4.48 4.92 5.23 5.15 4.75 4.27 3.96 3.83 3.79 3.74 3.61 3.47 3.31 3.14 3.01 2.94 3.05 3.43 4.08 4.75 5.03 4.75 4.20 3.83 3.74 3.89 4.03 3.84 3.30 2.68 2.28 2.28 2.25 2.05 2.11 2.27 2.21 2.05 1.92 2.00
3.60 3.47 3.20 2.98 2.84 2.73 2.65 2.66 2.83 3.04 3.25 3.55 3.99 4.51 4.92 5.09 5.06 4.82 4.39 3.84 3.34 3.10 3.32 3.83 4.46 5.08 5.06 4.56 4.15 3.96 3.86 3.80 3.64 3.36 3.21 3.27 3.43 3.63 3.81 3.93 3.87 3.71 3.65 3.83 4.21 4.75 5.17 5.04 4.32 3.52 3.12 3.07 3.12 3.10 3.06 3.08 3.08 3.00 2.92 2.93 3.12 3.58 4.21 4.73 4.89 4.65 4.26 3.99 3.87 3.89 3.88 3.56 3.11 2.82 2.73 2.72 2.57 2.31 2.57 2.83 2.71 2.46 2.47 2.91
3.48 3.32 3.10 3.02 2.98 2.99 3.06 3.25 3.52 3.75 3.95 4.24 4.68 5.06 5.16 5.01 4.66 4.16 3.58 3.05 2.76 2.88 3.41 4.05 4.76 5.37 5.29 4.93 4.72 4.60 4.45 4.24 3.95 3.63 3.42 3.35 3.37 3.52 3.64 3.60 3.36 3.17 3.27 3.62 4.10 4.74 5.16 4.89 3.91 2.99 2.63 2.53 2.39 2.39 2.56 2.80 2.93 2.94 2.93 3.02 3.29 3.74 4.21 4.57 4.69 4.55 4.21 3.87 3.69 3.68 3.59 3.36 3.24 3.25 3.35 3.37 3.24 3.17 3.60 3.78 3.59 3.42 3.61 4.01
3.40 3.28 3.14 3.14 3.24 3.42 3.64 3.89 4.13 4.30 4.48 4.78 5.07 5.14 4.92 4.49 3.98 3.43 2.94 2.65 2.79 3.32 3.95 4.51 5.17 5.60 5.36 4.84 4.56 4.40 4.20 3.98 3.80 3.65 3.47 3.36 3.36 3.39 3.32 3.10 2.92 3.02 3.32 3.74 4.26 4.90 5.19 4.78 3.86 3.14 2.87 2.68 2.37 2.42 2.67 2.88 2.97 3.06 3.14 3.26 3.48 3.85 4.22 4.52 4.65 4.55 4.19 3.82 3.69 3.68 3.59 3.51 3.63 3.75 3.86 3.95 4.09 4.38 4.72 4.75 4.54 4.42 4.51 4.45
3.38 3.31 3.23 3.29 3.48 3.74 3.98 4.18 4.32 4.43 4.61 4.83 4.91 4.72 4.31 3.81 3.28 2.80 2.51 2.61 3.16 3.84 4.36 4.83 5.39 5.53 5.03 4.35 3.96 3.76 3.61 3.56 3.56 3.54 3.42 3.32 3.27 3.13 2.92 2.78 2.93 3.33 3.64 3.98 4.47 5.03 5.18 4.70 3.95 3.60 3.48 3.29 3.12 3.12 3.18 3.11 3.08 3.22 3.40 3.55 3.73 4.08 4.41 4.64 4.71 4.58 4.31 4.12 4.11 4.01 3.81 3.75 3.87 3.97 4.04 4.23 4.61 4.99 5.09 4.94 4.72 4.61 4.50 4.08
3.32 3.27 3.21 3.30 3.45 3.68 3.86 3.97 4.05 4.17 4.37 4.50 4.41 4.11 3.67 3.16 2.66 2.37 2.46 2.91 3.53 4.07 4.45 4.83 5.23 5.14 4.48 3.84 3.44 3.23 3.16 3.20 3.24 3.26 3.27 3.22 3.11 2.98 2.93 3.09 3.42 3.65 3.80 4.06 4.54 5.02 5.09 4.56 4.00 3.81 3.74 3.63 3.59 3.55 3.34 3.13 3.13 3.32 3.52 3.72 3.98 4.36 4.64 4.76 4.75 4.63 4.49 4.41 4.35 4.11 3.85 3.78 3.85 3.93 4.07 4.32 4.66 4.80 4.62 4.44 4.34 4.22 3.93 3.41
3.25 3.22 3.20 3.27 3.35 3.45 3.57 3.63 3.71 3.88 4.08 4.10 3.86 3.47 3.00 2.55 2.36 2.55 3.07 3.59 3.97 4.30 4.53 4.76 4.92 4.63 3.92 3.33 2.95 2.77 2.73 2.69 2.66 2.72 2.83 2.93 3.03 3.15 3.33 3.54 3.65 3.67 3.73 4.00 4.49 4.91 4.91 4.42 3.89 3.61 3.51 3.47 3.47 3.40 3.19 3.10 3.17 3.36 3.59 3.86 4.22 4.60 4.77 4.76 4.69 4.59 4.49 4.35 4.14 3.83 3.67 3.67 3.75 3.86 4.00 4.21 4.38 4.24 4.01 3.99 4.06 4.00 3.77 3.54
3.35 3.39 3.45 3.43 3.40 3.38 3.42 3.48 3.60 3.80 3.87 3.67 3.24 2.76 2.37 2.31 2.68 3.31 3.82 4.12 4.34 4.52 4.63 4.73 4.73 4.37 3.72 3.11 2.73 2.61 2.53 2.41 2.35 2.36 2.47 2.72 3.02 3.26 3.40 3.42 3.36 3.36 3.52 3.88 4.40 4.78 4.74 4.23 3.61 3.24 3.11 3.04 3.00 3.01 3.00 3.07 3.19 3.36 3.62 3.93 4.32 4.65 4.72 4.62 4.51 4.44 4.34 4.16 3.92 3.67 3.55 3.56 3.65 3.70 3.74 4.00 4.07 3.86 3.69 3.72 3.81 3.92 3.99 4.07
3.56 3.64 3.69 3.62 3.52 3.45 3.46 3.53 3.64 3.67 3.43 2.97 2.45 2.04 1.99 2.34 2.97 3.59 3.98 4.23 4.41 4.51 4.58 4.72 4.73 4.39 3.86 3.41 3.19 3.17 3.13 2.99 2.92 2.87 2.89 3.04 3.15 3.19 3.18 3.09 3.00 3.08 3.42 3.91 4.43 4.74 4.60 4.03 3.39 3.05 2.91 2.68 2.47 2.45 2.57 2.84 3.13 3.34 3.61 3.94 4.31 4.50 4.47 4.35 4.31 4.31 4.25 4.11 3.92 3.71 3.55 3.50 3.53 3.56 3.67 3.85 3.83 3.66 3.54 3.46 3.42 3.49 3.65 3.84
3.63 3.62 3.59 3.55 3.49 3.43 3.44 3.48 3.43 3.15 2.63 2.16 1.88 1.82 2.13 2.69 3.21 3.54 3.74 3.97 4.12 4.22 4.43 4.78 4.83 4.49 4.19 4.14 4.20 4.23 4.17 4.06 3.93 3.75 3.62 3.50 3.33 3.20 3.12 3.00 2.92 3.09 3.62 4.18 4.61 4.75 4.49 3.91 3.38 3.09 2.81 2.39 2.13 2.20 2.46 2.86 3.21 3.46 3.74 4.04 4.25 4.25 4.13 4.13 4.22 4.29 4.24 4.12 3.97 3.78 3.62 3.53 3.52 3.55 3.60 3.60 3.59 3.55 3.44 3.26 3.02 2.88 2.93 3.05
3.55 3.41 3.32 3.33 3.29 3.23 3.18 3.10 2.88 2.51 2.17 2.02 2.06 2.36 3.01 3.61 3.81 3.79 3.71 3.75 3.88 4.07 4.53 4.98 4.90 4.57 4.50 4.63 4.73 4.74 4.65 4.49 4.29 4.07 3.85 3.61 3.38 3.23 3.10 2.99 3.02 3.37 3.96 4.44 4.69 4.70 4.38 3.83 3.38 3.01 2.56 2.24 2.37 2.79 3.17 3.39 3.53 3.70 3.91 4.08 4.08 3.95 3.93 4.09 4.26 4.31 4.25 4.15 4.05 3.94 3.79 3.66 3.56 3.45 3.30 3.23 3.38 3.51 3.41 3.15 2.81 2.68 2.76 2.83
3.47 3.33 3.19 3.16 3.10 3.03 2.94 2.81 2.62 2.46 2.53 2.80 3.18 3.77 4.43 4.76 4.76 4.51 4.23 4.21 4.35 4.63 5.09 5.23 4.90 4.55 4.54 4.58 4.51 4.43 4.33 4.20 4.09 3.95 3.79 3.60 3.42 3.25 3.07 3.01 3.24 3.76 4.24 4.46 4.58 4.59 4.29 3.76 3.31 2.91 2.61 2.74 3.28 3.78 3.90 3.77 3.67 3.77 3.92 3.94 3.85 3.80 3.90 4.06 4.19 4.21 4.17 4.15 4.11 4.05 3.91 3.72 3.52 3.30 3.07 3.03 3.31 3.52 3.43 3.21 3.08 3.17 3.34 3.30
3.45 3.35 3.19 3.11 3.08 3.10 3.14 3.15 3.14 3.28 3.67 4.17 4.72 5.21 5.47 5.42 5.25 5.10 5.09 5.18 5.31 5.47 5.57 5.31 4.79 4.45 4.41 4.32 4.04 3.78 3.63 3.59 3.59 3.59 3.58 3.56 3.51 3.34 3.18 3.21 3.51 3.86 4.07 4.19 4.41 4.57 4.35 3.87 3.49 3.27 3.31 3.70 4.15 4.33 4.10 3.77 3.70 3.80 3.85 3.79 3.78 3.82 3.85 3.87 3.96 3.99 3.99 4.06 4.06 3.97 3.84 3.65 3.44 3.22 3.03 3.06 3.38 3.57 3.51 3.44 3.52 3.71 3.81 3.73
3.48 3.40 3.28 3.21 3.25 3.37 3.56 3.75 4.02 4.42 4.90 5.33 5.61 5.68 5.54 5.19 4.90 4.98 5.22 5.42 5.57 5.61 5.49 5.09 4.56 4.29 4.30 4.16 3.80 3.45 3.21 3.11 3.11 3.17 3.27 3.38 3.42 3.34 3.27 3.26 3.32 3.40 3.50 3.83 4.43 4.75 4.54 4.13 3.84 3.83 4.06 4.41 4.62 4.56 4.28 4.05 4.02 3.98 3.87 3.79 3.79 3.76 3.67 3.68 3.79 3.81 3.82 3.93 3.97 3.86 3.69 3.50 3.34 3.16 3.05 3.16 3.43 3.57 3.59 3.64 3.72 3.81 3.80 3.67
3.54 3.50 3.43 3.42 3.50 3.64 3.86 4.20 4.69 5.17 5.49 5.59 5.48 5.23 4.86 4.42 4.21 4.39 4.64 4.91 5.14 5.23 5.11 4.74 4.28 4.12 4.21 4.10 3.76 3.50 3.34 3.23 3.23 3.28 3.31 3.29 3.23 3.21 3.17 3.04 2.93 3.02 3.41 4.06 4.78 5.02 4.74 4.32 4.10 4.16 4.40 4.67 4.81 4.75 4.65 4.55 4.45 4.24 4.01 3.86 3.74 3.60 3.55 3.63 3.71 3.67 3.73 3.91 3.99 3.88 3.59 3.32 3.20 3.09 3.06 3.20 3.40 3.54 3.68 3.79 3.84 3.85 3.75 3.56
3.59 3.54 3.52 3.61 3.74 3.92 4.23 4.67 5.14 5.37 5.34 5.13 4.83 4.51 4.18 3.85 3.73 3.90 4.12 4.44 4.80 4.95 4.87 4.48 4.07 4.02 4.11 3.92 3.59 3.49 3.54 3.61 3.65 3.63 3.54 3.38 3.20 3.12 3.06 2.97 3.02 3.38 3.95 4.66 5.20 5.23 4.82 4.35 4.13 4.16 4.39 4.65 4.80 4.79 4.76 4.73 4.58 4.32 4.07 3.85 3.65 3.53 3.50 3.53 3.49 3.51 3.76 4.03 4.10 3.89 3.46 3.17 3.09 3.01 3.00 3.12 3.29 3.49 3.72 3.92 4.00 3.95 3.77 3.59
3.57 3.52 3.57 3.75 3.93 4.19 4.59 4.99 5.17 5.06 4.77 4.47 4.20 3.97 3.71 3.45 3.39 3.60 3.92 4.29 4.68 4.94 4.80 4.26 3.91 4.00 4.03 3.76 3.49 3.42 3.45 3.50 3.51 3.51 3.48 3.39 3.25 3.12 3.09 3.17 3.42 3.84 4.40 5.10 5.49 5.30 4.73 4.16 3.91 3.99 4.24 4.52 4.61 4.50 4.41 4.36 4.25 4.08 3.90 3.74 3.59 3.45 3.35 3.27 3.27 3.46 3.87 4.14 4.11 3.75 3.28 3.08 3.01 2.91 2.87 2.94 3.10 3.33 3.66 4.00 4.09 3.90 3.67 3.56
3.55 3.54 3.62 3.80 3.98 4.26 4.66 4.85 4.72 4.41 4.09 3.79 3.55 3.36 3.15 3.06 3.27 3.64 3.97 4.32 4.80 5.08 4.73 4.08 3.94 4.11 4.04 3.81 3.63 3.49 3.36 3.20 3.10 3.13 3.19 3.20 3.18 3.16 3.19 3.33 3.60 4.01 4.63 5.32 5.53 5.14 4.45 3.86 3.68 3.83 4.12 4.35 4.31 4.03 3.78 3.67 3.62 3.62 3.66 3.64 3.52 3.34 3.17 3.10 3.22 3.54 3.97 4.16 3.98 3.53 3.18 3.00 2.86 2.78 2.78 2.83 2.96 3.18 3.58 4.04 4.05 3.65 3.40 3.32
