project/data/elevation/US_DEM2016/US_DEM2016_point_10-31-2019_1803_30m_vel.asc
ncols	125
nrows	167
xllcorner	-2042055.000000
yllcorner	1465035.000000
cellsize	30.000000
NODATA_value	-9999.000000
[rows 114 to 151 of 167, columns 0 to 83 of 125]
6.15 6.14 6.18 6.28 6.47 6.74 6.85 6.50 5.88 5.28 4.78 4.33 3.99 3.78 3.85 4.30 5.03 5.75 6.26 6.62 6.87 6.78 6.34 6.14 6.42 6.64 6.62 6.57 6.60 6.56 6.42 6.10 5.65 5.32 5.19 5.25 5.54 5.90 6.17 6.36 6.58 6.81 7.04 7.15 6.93 6.44 6.07 5.96 5.98 6.09 6.19 6.16 6.02 5.74 5.34 5.04 5.01 5.30 5.69 5.95 6.04 6.01 5.90 5.80 5.79 5.85 5.92 5.84 5.61 5.41 5.29 5.23 5.24 5.27 5.28 5.21 5.11 5.03 5.04 5.13 5.05 4.76 4.54 4.41
6.28 6.30 6.34 6.35 6.38 6.38 6.16 5.64 5.00 4.47 4.08 3.81 3.64 3.78 4.42 5.36 6.23 6.88 7.30 7.41 7.13 6.49 5.77 5.64 5.93 6.02 5.97 6.04 6.21 6.45 6.68 6.76 6.56 6.04 5.46 5.31 5.67 6.13 6.45 6.67 6.86 7.00 7.08 6.97 6.55 5.95 5.55 5.51 5.68 5.96 6.29 6.41 6.35 6.14 5.72 5.17 4.88 4.97 5.24 5.51 5.76 5.96 6.08 6.12 6.12 6.09 5.94 5.69 5.45 5.31 5.27 5.28 5.32 5.32 5.27 5.19 5.16 5.17 5.19 5.15 4.94 4.68 4.51 4.36
6.37 6.40 6.40 6.34 6.22 6.00 5.64 5.22 4.98 4.93 4.92 4.89 5.06 5.61 6.43 7.25 7.79 7.92 7.77 7.38 6.77 6.11 5.57 5.34 5.34 5.25 5.27 5.50 5.75 5.99 6.26 6.57 6.77 6.73 6.49 6.38 6.48 6.65 6.75 6.81 6.82 6.82 6.82 6.68 6.31 5.82 5.41 5.32 5.57 5.98 6.33 6.50 6.53 6.50 6.41 6.23 5.97 5.74 5.61 5.63 5.74 5.87 5.97 6.05 6.11 6.07 5.86 5.57 5.32 5.17 5.12 5.16 5.24 5.29 5.30 5.28 5.29 5.34 5.38 5.37 5.33 5.26 5.23 5.26
6.38 6.33 6.28 6.21 6.06 5.81 5.53 5.36 5.41 5.66 6.00 6.45 7.03 7.63 8.10 8.29 8.13 7.70 7.19 6.63 6.17 5.98 5.91 5.70 5.41 5.16 5.03 5.16 5.35 5.43 5.50 5.73 6.19 6.67 6.97 7.04 6.91 6.69 6.52 6.42 6.37 6.42 6.52 6.47 6.23 5.92 5.54 5.37 5.58 5.94 6.13 6.16 6.24 6.41 6.61 6.79 6.89 6.82 6.59 6.28 6.08 5.94 5.86 5.81 5.80 5.73 5.53 5.32 5.20 5.13 5.09 5.07 5.13 5.25 5.36 5.44 5.50 5.54 5.60 5.75 5.98 6.15 6.28 6.43
6.30 6.20 6.11 6.07 5.99 5.86 5.76 5.68 5.68 5.89 6.42 7.16 7.82 8.16 8.16 7.78 7.07 6.49 6.15 5.80 5.68 5.81 6.01 6.05 5.91 5.61 5.30 5.14 5.23 5.23 5.07 5.05 5.34 5.91 6.39 6.58 6.50 6.30 6.15 6.08 6.11 6.26 6.40 6.31 6.05 5.84 5.65 5.46 5.55 5.71 5.74 5.69 5.74 5.97 6.29 6.57 6.82 6.98 6.97 6.77 6.43 6.08 5.79 5.57 5.37 5.14 4.95 4.99 5.18 5.32 5.34 5.30 5.29 5.37 5.49 5.60 5.69 5.75 5.86 6.07 6.27 6.46 6.66 6.78
6.20 6.11 6.03 6.02 5.99 5.97 5.96 5.92 5.95 6.22 6.81 7.37 7.61 7.49 7.09 6.53 6.04 5.75 5.48 5.24 5.22 5.32 5.50 5.72 5.82 5.70 5.50 5.41 5.48 5.51 5.36 5.11 5.04 5.17 5.51 5.82 5.99 6.04 6.10 6.15 6.21 6.32 6.33 6.10 5.79 5.67 5.68 5.62 5.59 5.58 5.49 5.43 5.53 5.77 6.06 6.28 6.39 6.44 6.51 6.56 6.42 6.08 5.73 5.41 5.06 4.79 4.80 5.13 5.47 5.64 5.69 5.66 5.60 5.56 5.57 5.63 5.68 5.73 5.85 5.98 6.02 6.03 6.10 6.12
6.14 6.09 6.06 6.04 6.00 6.04 6.13 6.17 6.31 6.73 7.19 7.33 7.10 6.70 6.25 5.86 5.66 5.45 5.14 4.93 4.86 4.88 5.05 5.30 5.40 5.41 5.49 5.62 5.71 5.76 5.74 5.55 5.25 5.05 5.01 5.22 5.56 5.87 6.12 6.26 6.33 6.36 6.23 5.88 5.54 5.46 5.57 5.63 5.59 5.53 5.46 5.47 5.63 5.84 6.00 6.09 6.06 5.95 5.92 5.99 6.01 5.89 5.71 5.48 5.29 5.30 5.50 5.73 5.81 5.78 5.76 5.76 5.71 5.62 5.53 5.45 5.42 5.48 5.63 5.72 5.69 5.60 5.57 5.50
6.19 6.19 6.16 6.06 6.01 6.09 6.28 6.48 6.76 7.14 7.29 7.09 6.74 6.41 6.10 5.81 5.53 5.25 5.10 5.13 5.22 5.32 5.42 5.41 5.32 5.34 5.53 5.69 5.71 5.70 5.77 5.80 5.69 5.42 5.13 5.07 5.34 5.71 5.98 6.17 6.28 6.31 6.08 5.61 5.22 5.12 5.25 5.35 5.35 5.37 5.42 5.51 5.60 5.65 5.66 5.71 5.77 5.75 5.68 5.63 5.67 5.72 5.78 5.82 5.92 6.07 6.14 6.09 5.93 5.74 5.64 5.62 5.61 5.59 5.51 5.41 5.37 5.48 5.61 5.58 5.44 5.34 5.34 5.34
6.26 6.24 6.14 6.02 6.00 6.13 6.36 6.70 7.14 7.31 7.16 6.82 6.52 6.26 5.96 5.63 5.36 5.31 5.51 5.79 5.94 5.93 5.79 5.60 5.46 5.45 5.54 5.61 5.60 5.57 5.64 5.73 5.77 5.69 5.52 5.44 5.54 5.72 5.85 6.00 6.13 6.05 5.60 5.01 4.70 4.71 4.88 5.05 5.11 5.13 5.16 5.17 5.11 5.06 5.07 5.18 5.40 5.60 5.65 5.62 5.64 5.72 5.83 5.93 6.02 6.09 6.09 6.04 5.95 5.83 5.70 5.59 5.55 5.54 5.50 5.48 5.52 5.56 5.45 5.23 5.04 4.97 5.00 5.07
6.15 6.08 5.96 5.92 5.99 6.15 6.36 6.65 6.94 6.95 6.70 6.39 6.14 5.82 5.42 5.24 5.35 5.60 5.80 5.85 5.72 5.58 5.54 5.64 5.73 5.72 5.58 5.51 5.49 5.44 5.45 5.47 5.48 5.56 5.69 5.82 5.86 5.83 5.96 5.89 5.84 5.39 4.64 4.18 4.14 4.34 4.61 4.88 4.99 4.95 4.87 4.74 4.56 4.47 4.53 4.69 4.98 5.27 5.43 5.52 5.61 5.73 5.80 5.79 5.77 5.85 5.93 5.96 5.94 5.89 5.81 5.68 5.55 5.42 5.33 5.33 5.30 5.15 4.91 4.72 4.69 4.72 4.71 4.70
6.08 6.05 6.00 5.98 6.03 6.14 6.26 6.35 6.35 6.18 5.96 5.83 5.64 5.26 4.99 5.18 5.42 5.48 5.32 5.02 4.83 4.95 5.30 5.68 5.88 5.92 5.82 5.67 5.53 5.37 5.33 5.35 5.38 5.49 5.64 5.74 5.74 5.71 5.65 5.65 5.32 4.63 4.11 4.05 4.22 4.39 4.58 4.85 5.00 5.04 5.03 4.93 4.70 4.48 4.41 4.55 4.77 4.95 5.13 5.36 5.57 5.74 5.86 5.99 6.12 6.20 6.15 6.00 5.81 5.68 5.65 5.60 5.44 5.21 5.10 5.04 4.90 4.74 4.64 4.64 4.69 4.66 4.53 4.43
6.27 6.34 6.32 6.16 6.04 6.02 6.04 6.01 5.87 5.69 5.77 5.56 5.37 5.03 5.00 5.14 5.04 4.76 4.49 4.33 4.46 4.91 5.46 5.83 5.93 5.95 5.99 5.92 5.73 5.49 5.36 5.39 5.43 5.42 5.34 5.23 5.21 5.28 5.34 5.26 4.91 4.59 4.70 5.00 5.17 5.13 5.11 5.19 5.28 5.36 5.39 5.33 5.20 5.01 4.88 4.86 4.85 4.97 5.22 5.47 5.62 5.76 5.98 6.27 6.41 6.34 6.12 5.87 5.64 5.48 5.40 5.33 5.20 5.04 4.94 4.81 4.67 4.61 4.67 4.75 4.74 4.62 4.53 4.60
6.40 6.41 6.30 6.03 5.84 5.80 5.81 5.76 5.66 5.63 5.62 5.48 5.18 4.93 4.82 4.63 4.32 4.14 4.19 4.43 4.85 5.35 5.82 6.00 5.90 5.81 5.86 5.91 5.81 5.60 5.45 5.44 5.43 5.28 5.03 4.90 4.97 5.15 5.27 5.24 5.19 5.39 5.72 5.92 6.00 6.02 5.97 5.88 5.78 5.66 5.51 5.38 5.32 5.31 5.27 5.20 5.14 5.24 5.46 5.60 5.60 5.69 5.88 6.03 5.93 5.72 5.60 5.59 5.59 5.53 5.36 5.16 5.01 4.93 4.85 4.68 4.46 4.32 4.34 4.47 4.61 4.76 4.98 5.16
6.16 5.95 5.60 5.47 5.49 5.61 5.69 5.65 5.60 5.58 5.73 5.11 4.86 4.72 4.56 4.36 4.26 4.39 4.79 5.38 5.86 6.12 6.18 5.93 5.51 5.41 5.48 5.54 5.54 5.52 5.50 5.49 5.49 5.39 5.25 5.23 5.38 5.52 5.59 5.65 5.79 5.93 5.99 6.04 6.20 6.43 6.57 6.54 6.35 6.06 5.83 5.66 5.53 5.45 5.40 5.36 5.38 5.42 5.47 5.51 5.47 5.52 5.60 5.54 5.36 5.28 5.42 5.63 5.69 5.57 5.32 5.05 4.91 4.85 4.81 4.75 4.61 4.39 4.24 4.30 4.66 5.17 5.52 5.51
5.72 5.35 4.97 5.02 5.27 5.54 5.67 5.62 5.51 5.91 5.15 4.88 4.80 4.88 4.98 5.07 5.26 5.62 6.15 6.60 6.78 6.65 6.23 5.63 5.22 5.17 5.18 5.15 5.21 5.32 5.41 5.45 5.52 5.61 5.72 5.84 5.93 5.90 5.84 5.84 5.82 5.75 5.80 6.02 6.35 6.67 6.91 6.97 6.87 6.67 6.44 6.24 6.04 5.83 5.63 5.52 5.46 5.37 5.31 5.38 5.37 5.41 5.41 5.32 5.28 5.45 5.72 5.81 5.58 5.20 4.94 4.84 4.81 4.78 4.77 4.85 4.99 5.02 4.90 4.85 5.10 5.49 5.59 5.33
5.65 5.42 5.19 5.33 5.59 5.76 5.75 5.64 5.51 5.87 5.25 5.16 5.25 5.52 5.87 6.22 6.56 6.84 6.97 6.94 6.72 6.34 5.85 5.43 5.26 5.23 5.14 5.10 5.19 5.31 5.35 5.35 5.46 5.67 5.85 5.93 5.90 5.82 5.75 5.67 5.57 5.57 5.80 6.16 6.55 6.86 7.00 6.97 6.89 6.79 6.59 6.34 6.13 5.99 5.85 5.71 5.54 5.33 5.22 5.27 5.38 5.45 5.47 5.46 5.56 5.80 5.88 5.60 5.03 4.56 4.46 4.56 4.69 4.80 4.84 4.86 4.96 5.20 5.44 5.57 5.66 5.68 5.46 5.23
5.89 5.91 6.02 6.23 6.33 6.17 5.88 5.70 5.63 5.59 5.55 5.59 5.78 6.11 6.45 6.72 6.87 6.84 6.64 6.26 5.79 5.36 5.14 5.15 5.27 5.32 5.32 5.40 5.54 5.62 5.55 5.50 5.58 5.74 5.78 5.66 5.55 5.55 5.62 5.64 5.66 5.80 6.09 6.40 6.64 6.73 6.61 6.39 6.23 6.17 6.10 6.05 6.06 6.04 5.96 5.86 5.73 5.57 5.36 5.34 5.47 5.58 5.63 5.69 5.83 5.92 5.69 5.13 4.55 4.33 4.38 4.55 4.72 4.89 5.08 5.10 5.00 5.00 5.25 5.66 5.97 6.07 6.05 6.21
6.05 6.20 6.47 6.64 6.61 6.37 6.04 5.79 5.72 5.74 5.78 5.86 6.04 6.27 6.41 6.40 6.28 6.08 5.75 5.26 4.79 4.57 4.64 4.97 5.26 5.43 5.56 5.73 5.89 5.99 6.02 6.05 6.10 6.10 6.03 5.88 5.71 5.68 5.71 5.84 6.06 6.34 6.55 6.59 6.52 6.29 5.91 5.58 5.47 5.57 5.78 6.01 6.16 6.13 6.02 5.93 5.88 5.82 5.67 5.58 5.60 5.70 5.80 5.88 5.91 5.76 5.32 4.77 4.51 4.51 4.65 4.81 4.92 5.01 5.14 5.26 5.31 5.24 5.27 5.64 6.23 6.71 7.03 7.28
6.12 6.25 6.45 6.51 6.47 6.42 6.27 6.04 5.91 5.91 5.92 5.91 5.94 5.97 5.90 5.84 5.76 5.48 5.03 4.63 4.48 4.56 4.88 5.22 5.44 5.57 5.70 5.84 5.98 6.14 6.35 6.53 6.61 6.55 6.46 6.37 6.22 6.08 5.95 6.05 6.33 6.56 6.57 6.44 6.20 5.81 5.36 5.08 5.11 5.41 5.85 6.16 6.23 6.14 6.05 6.01 5.98 5.95 5.84 5.71 5.69 5.78 5.89 5.91 5.84 5.55 5.03 4.66 4.61 4.75 4.90 5.00 5.10 5.17 5.15 5.18 5.41 5.70 5.95 6.28 6.80 7.13 7.19 7.08
6.24 6.40 6.62 6.69 6.65 6.55 6.50 6.45 6.34 6.19 6.01 5.82 5.66 5.55 5.55 5.63 5.56 5.24 4.93 4.91 5.12 5.35 5.54 5.67 5.71 5.74 5.81 5.90 6.02 6.17 6.36 6.53 6.61 6.63 6.66 6.74 6.76 6.64 6.38 6.24 6.31 6.32 6.27 6.20 5.94 5.54 5.20 5.06 5.17 5.56 6.04 6.31 6.35 6.27 6.19 6.12 6.04 5.95 5.81 5.69 5.67 5.71 5.77 5.78 5.71 5.45 5.07 4.87 4.89 5.02 5.12 5.14 5.15 5.20 5.26 5.36 5.56 5.97 6.54 7.03 7.25 7.01 6.50 6.14
6.49 6.70 7.00 7.02 6.87 6.62 6.54 6.60 6.57 6.31 5.96 5.69 5.51 5.46 5.54 5.56 5.38 5.22 5.30 5.60 5.87 5.96 5.97 5.98 5.96 5.94 5.97 6.01 6.09 6.22 6.33 6.36 6.35 6.44 6.70 7.03 7.25 7.25 7.03 6.64 6.36 6.19 6.15 6.01 5.67 5.35 5.23 5.27 5.48 5.89 6.28 6.46 6.51 6.45 6.34 6.19 6.06 5.91 5.74 5.68 5.66 5.97 5.64 5.64 5.60 5.45 5.28 5.27 5.33 5.38 5.39 5.35 5.27 5.22 5.36 5.68 6.05 6.50 7.12 7.53 7.37 6.70 5.94 5.48
6.63 6.73 6.87 6.87 6.78 6.57 6.41 6.35 6.27 6.06 5.80 5.63 5.60 5.65 5.61 5.38 5.21 5.34 5.66 5.89 5.95 5.97 6.03 6.10 6.10 6.04 6.00 5.99 6.05 6.20 6.34 6.35 6.32 6.43 6.71 7.00 7.22 7.35 7.36 7.11 6.59 6.16 5.85 5.53 5.22 5.15 5.28 5.45 5.75 6.19 6.48 6.53 6.52 6.49 6.40 6.25 6.07 5.91 5.74 5.73 5.78 5.78 5.72 5.66 5.63 5.55 5.51 5.58 5.68 5.72 5.69 5.66 5.62 5.59 5.67 5.99 6.61 7.36 7.92 7.92 7.41 6.69 5.98 5.43
6.52 6.34 6.08 6.05 6.14 6.15 6.05 5.96 5.93 5.90 5.89 5.95 6.07 6.08 5.81 5.41 5.25 5.39 5.54 5.60 5.69 5.87 6.06 6.17 6.13 6.01 5.89 5.84 5.89 6.05 6.20 6.31 6.38 6.46 6.49 6.49 6.53 6.68 6.84 6.82 6.40 5.84 5.34 4.99 4.90 5.06 5.29 5.50 5.93 6.42 6.56 6.41 6.32 6.35 6.36 6.27 6.09 5.92 5.78 5.81 5.93 5.96 5.88 5.78 5.69 5.63 5.66 5.76 5.87 5.96 6.05 6.18 6.29 6.39 6.51 6.79 7.34 7.98 8.22 7.88 7.34 6.92 6.48 5.94
6.19 5.82 5.18 4.90 4.94 5.15 5.39 5.64 5.88 6.12 6.38 6.63 6.76 6.60 6.13 5.64 5.37 5.24 5.13 5.18 5.47 5.85 6.11 6.18 6.11 6.00 5.87 5.76 5.72 5.79 5.86 5.93 6.00 6.04 5.94 5.76 5.66 5.65 5.69 5.70 5.60 5.34 5.06 4.88 4.97 5.18 5.35 5.64 6.22 6.62 6.51 6.20 6.09 6.16 6.24 6.23 6.12 5.99 5.91 5.99 6.09 6.09 6.02 5.90 5.75 5.67 5.75 5.90 6.03 6.18 6.45 6.80 7.18 7.55 7.84 8.06 8.25 8.34 8.05 7.52 7.26 7.26 7.23 7.01
5.78 5.32 4.60 4.33 4.31 4.52 4.96 5.44 5.85 6.24 6.61 6.83 6.78 6.46 6.04 5.68 5.40 5.18 5.11 5.28 5.60 5.91 6.10 6.15 6.12 6.08 6.01 5.90 5.74 5.65 5.60 5.50 5.43 5.41 5.33 5.14 4.94 4.82 4.74 4.80 4.95 5.05 5.09 5.18 5.41 5.65 5.87 6.28 6.74 6.77 6.41 6.10 6.03 6.06 6.13 6.19 6.22 6.29 6.39 6.48 6.42 6.25 6.10 5.99 5.90 5.84 5.89 6.04 6.21 6.44 6.85 7.37 7.93 8.40 8.67 8.71 8.57 8.26 7.75 7.37 7.41 7.64 7.86 7.99
5.49 5.12 4.63 4.59 4.72 4.97 5.27 5.52 5.73 5.99 6.27 6.36 6.16 5.83 5.62 5.51 5.41 5.34 5.42 5.68 5.93 6.12 6.20 6.19 6.14 6.13 6.17 6.19 6.11 5.89 5.68 5.47 5.31 5.17 4.97 4.70 4.44 4.29 4.31 4.50 4.77 5.05 5.35 5.72 6.05 6.33 6.65 6.95 7.03 6.74 6.30 6.08 6.04 6.02 6.05 6.18 6.37 6.61 6.82 6.82 6.55 6.22 6.04 6.02 6.06 6.08 6.06 6.14 6.35 6.72 7.22 7.71 8.08 8.26 8.30 8.19 7.95 7.63 7.36 7.31 7.44 7.61 7.87 8.22
5.66 5.54 5.56 5.77 5.93 5.98 5.89 5.78 5.77 5.83 5.87 5.81 5.59 5.38 5.32 5.38 5.44 5.50 5.67 5.94 6.16 6.35 6.36 6.25 6.12 6.10 6.20 6.32 6.37 6.26 5.96 5.66 5.38 5.07 4.73 4.41 4.18 4.11 4.25 4.53 4.88 5.30 5.80 6.24 6.52 6.71 6.90 6.98 6.84 6.46 6.10 5.96 5.90 5.85 5.89 6.06 6.30 6.50 6.54 6.33 6.04 5.89 5.88 5.97 6.06 6.10 6.13 6.19 6.37 6.75 7.20 7.47 7.46 7.27 7.08 6.94 6.86 6.86 6.93 7.02 7.04 7.07 7.33 7.70
6.07 6.23 6.62 6.96 7.08 6.92 6.53 6.29 6.19 6.02 5.74 5.43 5.23 5.19 5.26 5.40 5.53 5.68 5.93 6.21 6.41 6.52 6.40 6.18 6.04 6.03 6.12 6.24 6.32 6.29 6.09 5.77 5.40 5.00 4.61 4.36 4.27 4.29 4.43 4.73 5.23 5.88 6.42 6.68 6.74 6.71 6.69 6.64 6.45 6.13 5.86 5.69 5.57 5.57 5.68 5.84 5.99 6.01 5.85 5.59 5.49 5.58 5.74 5.90 5.94 5.95 6.02 6.14 6.28 6.51 6.73 6.68 6.43 6.16 5.98 5.96 6.14 6.45 6.65 6.71 6.66 6.67 6.80 6.94
6.25 6.48 6.86 7.11 7.21 7.19 7.11 6.95 6.68 6.26 5.79 5.40 5.20 5.23 5.40 5.60 5.77 5.99 6.26 6.44 6.48 6.39 6.15 5.94 5.87 5.92 6.00 6.05 6.05 6.04 5.96 5.74 5.45 5.10 4.77 4.58 4.54 4.60 4.79 5.24 5.96 6.60 6.86 6.83 6.67 6.50 6.44 6.41 6.23 5.93 5.66 5.46 5.35 5.46 5.59 5.66 5.61 5.44 5.23 5.12 5.20 5.41 5.64 5.77 5.76 5.74 5.84 6.05 6.25 6.38 6.34 6.09 5.86 5.75 5.73 5.89 6.25 6.59 6.71 6.68 6.67 6.68 6.62 6.58
6.24 6.40 6.61 6.67 6.66 6.69 6.87 6.88 6.65 6.26 5.88 5.61 5.46 5.49 5.66 5.87 6.10 6.32 6.45 6.39 6.18 5.94 5.77 5.72 5.77 5.85 5.86 5.77 5.76 5.80 5.79 5.69 5.52 5.29 5.07 4.95 4.95 5.06 5.40 6.05 6.64 6.82 6.66 6.43 6.28 6.24 6.29 6.31 6.15 5.83 5.55 5.41 5.43 5.53 5.58 5.55 5.36 5.03 4.78 4.78 4.99 5.29 5.51 5.58 5.57 5.62 5.78 6.01 6.23 6.34 6.27 6.10 5.99 5.92 5.95 6.27 6.73 7.01 7.05 6.95 6.88 6.80 6.67 6.68
6.25 6.36 6.52 6.49 6.30 6.05 5.99 6.04 6.06 6.01 5.89 5.75 5.68 5.71 5.84 6.03 6.23 6.34 6.25 5.99 5.71 5.51 5.49 5.66 5.85 5.94 5.90 5.81 5.83 5.86 5.82 5.72 5.57 5.41 5.33 5.35 5.48 5.74 6.15 6.55 6.64 6.38 6.07 5.92 5.95 6.10 6.27 6.29 6.07 5.74 5.50 5.45 5.47 5.53 5.57 5.55 5.46 5.27 5.03 4.96 5.11 5.31 5.43 5.49 5.56 5.67 5.84 6.01 6.11 6.12 6.15 6.21 6.14 6.00 6.09 6.59 7.17 7.39 7.32 7.16 7.00 6.84 6.75 6.85
6.30 6.34 6.33 6.16 5.92 5.57 5.30 5.22 5.35 5.53 5.64 5.68 5.71 5.75 5.82 5.94 6.00 5.90 5.62 5.34 5.16 5.12 5.31 5.71 6.05 6.16 6.16 6.17 6.19 6.11 5.95 5.77 5.57 5.46 5.48 5.61 5.84 6.13 6.33 6.33 6.12 5.87 5.76 5.83 5.98 6.12 6.23 6.21 5.96 5.65 5.45 5.35 5.31 5.42 5.59 5.70 5.79 5.82 5.72 5.65 5.63 5.53 5.49 5.54 5.63 5.74 5.91 6.04 6.06 6.06 6.16 6.27 6.20 6.17 6.50 7.20 7.66 7.59 7.27 7.03 6.88 6.81 6.81 6.82
6.29 6.12 5.67 5.16 4.88 4.78 4.80 4.88 4.98 5.14 5.36 5.56 5.66 5.70 5.76 5.76 5.62 5.37 5.13 5.04 5.04 5.18 5.54 6.01 6.26 6.28 6.29 6.33 6.26 6.08 5.92 5.77 5.61 5.54 5.59 5.71 5.87 6.02 6.06 6.00 5.87 5.76 5.81 5.98 6.10 6.11 6.08 5.98 5.78 5.55 5.32 5.14 5.19 5.47 5.72 5.85 5.97 6.13 6.25 6.28 6.15 5.85 5.66 5.67 5.74 5.84 6.00 6.17 6.30 6.44 6.51 6.44 6.44 6.74 7.37 7.87 7.90 7.47 7.02 6.80 6.75 6.80 6.82 6.65
6.08 5.72 5.09 4.52 4.20 4.34 4.66 4.92 5.07 5.23 5.45 5.60 5.64 5.68 5.74 5.70 5.56 5.48 5.55 5.67 5.75 5.88 6.13 6.30 6.29 6.14 6.09 6.03 5.79 5.59 5.60 5.62 5.61 5.62 5.70 5.80 5.90 6.01 6.11 6.16 6.04 5.88 5.89 6.01 6.04 5.96 5.86 5.73 5.51 5.25 5.02 5.02 5.29 5.66 5.86 5.91 5.99 6.18 6.39 6.48 6.41 6.21 6.02 5.98 6.00 6.02 6.11 6.28 6.48 6.59 6.52 6.44 6.68 7.30 7.88 7.89 7.47 6.96 6.65 6.59 6.66 6.73 6.67 6.43
5.86 5.55 5.21 5.04 4.93 4.95 5.07 5.12 5.18 5.37 5.55 5.61 5.62 5.70 5.79 5.83 5.89 6.06 6.22 6.22 6.10 6.08 6.20 6.24 6.12 5.88 5.68 5.43 5.12 5.00 5.11 5.28 5.50 5.69 5.83 5.94 6.10 6.31 6.49 6.50 6.28 5.99 5.84 5.82 5.78 5.72 5.68 5.55 5.27 4.92 4.83 5.08 5.51 5.80 5.86 5.87 5.96 6.13 6.28 6.38 6.45 6.49 6.45 6.34 6.21 6.11 6.10 6.17 6.23 6.19 6.16 6.42 7.01 7.60 7.70 7.23 6.62 6.29 6.17 6.18 6.26 6.31 6.19 6.05
5.85 5.72 5.61 5.61 5.61 5.61 5.52 5.42 5.39 5.45 5.46 5.47 5.58 5.75 5.91 6.06 6.25 6.35 6.22 5.94 5.75 5.77 5.98 6.14 6.04 5.68 5.25 4.89 4.72 4.77 4.91 5.11 5.43 5.76 5.99 6.17 6.37 6.56 6.63 6.51 6.28 6.02 5.77 5.59 5.49 5.53 5.60 5.46 5.11 4.87 4.95 5.30 5.65 5.78 5.76 5.75 5.85 6.00 6.11 6.21 6.34 6.47 6.49 6.33 6.13 6.00 5.97 5.96 5.94 5.95 6.18 6.74 7.28 7.37 6.98 6.39 5.99 5.85 5.79 5.71 5.70 5.77 5.68 5.48
5.92 5.89 5.82 5.81 5.79 5.85 5.99 6.08 6.05 5.81 5.52 5.42 5.56 5.81 6.05 6.25 6.37 6.30 6.08 5.97 6.07 6.26 6.41 6.43 6.15 5.66 5.19 4.93 4.93 5.08 5.19 5.29 5.51 5.81 6.09 6.32 6.45 6.46 6.36 6.20 6.08 5.97 5.78 5.55 5.45 5.52 5.56 5.38 5.11 5.05 5.23 5.51 5.69 5.71 5.65 5.62 5.67 5.76 5.87 6.00 6.14 6.25 6.24 6.10 5.89 5.79 5.80 5.86 5.95 6.13 6.50 6.89 6.89 6.51 6.12 5.86 5.73 5.71 5.67 5.57 5.49 5.52 5.44 5.20
5.86 5.82 5.83 6.03 6.27 6.44 6.54 6.46 6.12 5.68 5.37 5.41 5.64 5.87 6.06 6.22 6.28 6.29 6.45 6.81 7.14 7.25 7.16 6.90 6.43 5.93 5.61 5.54 5.61 5.69 5.68 5.61 5.63 5.79 5.98 6.09 6.10 6.08 6.02 5.95 5.94 5.96 5.89 5.77 5.69 5.64 5.50 5.32 5.20 5.22 5.42 5.68 5.77 5.72 5.64 5.59 5.55 5.55 5.64 5.84 6.00 6.05 5.99 5.82 5.59 5.53 5.67 5.87 6.06 6.26 6.45 6.42 6.04 5.76 5.71 5.68 5.65 5.67 5.67 5.58 5.47 5.39 5.27 5.10
