project/data/elevation/US_DEM2016/US_DEM2016_point_10-27-2019_2135_30m_vel.asc
ncols	125
nrows	167
xllcorner	-2042055.000000
yllcorner	1465035.000000
cellsize	30.000000
NODATA_value	-9999.000000
[rows 76 to 113 of 167, columns 0 to 83 of 125]
5.21 5.26 5.33 5.38 5.51 5.71 5.88 5.83 5.64 5.49 5.58 5.87 6.19 6.38 6.30 6.10 5.83 5.66 5.76 6.15 6.58 6.91 7.27 7.64 7.67 7.00 5.96 5.89 6.73 7.28 7.10 6.42 5.46 4.67 4.25 3.95 3.76 3.64 3.65 3.88 4.22 4.77 5.94 7.55 8.49 7.99 6.49 5.20 4.55 4.24 3.92 3.61 3.41 3.36 3.47 3.65 3.87 4.04 4.27 4.59 4.84 5.04 5.35 5.72 5.93 5.97 6.22 7.06 8.29 8.82 8.28 7.46 7.01 6.73 6.50 6.43 6.52 6.77 6.86 6.52 5.54 4.10 3.37 3.31
4.94 5.15 5.41 5.40 5.44 5.61 5.68 5.54 5.19 4.88 4.88 5.18 5.53 5.76 5.80 5.74 5.61 5.47 5.47 5.72 6.13 6.60 7.12 7.65 7.92 7.47 6.20 5.45 5.99 6.93 7.29 7.05 6.36 5.66 5.07 4.57 4.15 3.86 3.79 4.01 4.33 4.79 5.78 7.35 8.47 8.16 6.76 5.43 4.58 4.12 3.80 3.53 3.23 3.10 3.25 3.55 3.86 4.11 4.32 4.58 4.87 5.03 5.31 5.82 6.25 6.46 6.62 7.09 7.89 8.55 8.50 8.05 7.66 7.55 7.51 7.34 7.13 7.13 7.32 7.37 6.81 5.53 4.33 3.46
4.53 4.81 5.19 5.14 5.00 4.95 5.02 5.04 5.23 4.90 4.92 5.11 5.38 5.58 5.59 5.58 5.54 5.47 5.43 5.57 5.88 6.30 6.85 7.46 7.93 7.75 6.53 5.24 5.24 6.12 6.86 7.12 6.86 6.28 5.65 5.06 4.53 4.13 4.01 4.15 4.38 4.69 5.53 7.13 8.46 8.27 6.61 5.01 4.16 3.67 3.33 3.17 3.09 3.06 3.20 3.45 3.78 4.04 4.21 4.51 4.92 5.14 5.30 5.82 6.41 6.69 6.96 7.33 7.88 8.35 8.55 8.24 7.84 7.76 7.75 7.58 7.17 6.86 7.08 7.55 7.80 7.41 6.42 5.16
4.20 4.39 4.78 4.85 4.62 4.47 4.68 5.03 5.25 5.32 5.33 5.41 5.59 5.68 5.67 5.63 5.59 5.53 5.49 5.56 5.79 6.13 6.59 7.25 7.94 8.00 6.79 5.03 4.46 5.02 5.65 6.28 6.53 6.28 5.74 5.18 4.72 4.32 4.11 4.16 4.36 4.62 5.30 6.94 8.52 8.52 6.79 4.98 4.10 3.70 3.45 3.41 3.45 3.40 3.38 3.41 3.51 3.69 3.81 4.12 4.66 4.93 5.08 5.56 6.16 6.59 6.99 7.36 7.67 8.02 8.20 7.96 7.44 7.07 7.10 7.18 6.88 6.45 6.33 6.76 7.50 8.01 7.88 7.02
4.05 4.15 4.49 4.77 4.75 4.65 4.82 5.17 5.47 5.56 5.58 5.65 5.76 5.76 5.75 5.72 5.59 5.45 5.38 5.45 5.68 6.00 6.40 7.06 7.97 8.32 7.25 5.06 3.71 3.87 4.18 4.68 5.39 5.75 5.56 5.10 4.84 4.61 4.50 4.60 4.85 5.10 5.68 7.10 8.61 8.86 7.52 5.65 4.49 4.05 3.90 3.84 3.79 3.65 3.42 3.34 3.39 3.66 3.95 4.24 4.61 4.82 4.97 5.39 5.85 6.20 6.53 6.87 7.16 7.41 7.63 7.54 6.82 5.97 5.96 6.47 6.70 6.47 6.02 5.62 5.99 7.16 8.01 8.00
4.08 4.08 4.28 4.68 4.90 4.94 5.00 5.17 5.39 5.53 5.60 5.63 5.66 5.65 5.68 5.73 5.59 5.22 5.01 5.08 5.33 5.69 6.19 6.87 7.89 8.62 7.99 5.53 3.56 3.21 3.17 3.16 3.69 4.60 5.01 4.90 4.75 4.89 5.04 5.29 5.63 5.94 6.45 7.47 8.73 9.20 8.38 6.68 5.25 4.47 4.08 3.80 3.63 3.46 3.35 3.41 3.83 4.24 4.81 5.12 5.27 5.31 5.35 5.50 5.62 5.72 5.81 6.03 6.43 6.89 7.36 7.42 6.66 5.44 5.24 5.89 6.48 6.63 6.31 5.44 4.88 5.51 7.07 8.01
4.27 4.17 4.18 4.36 4.61 4.82 4.96 5.09 5.24 5.36 5.42 5.44 5.47 5.46 5.46 5.58 5.61 5.27 4.82 4.76 5.01 5.33 5.75 6.52 7.64 8.76 8.73 6.88 4.30 3.40 3.09 2.70 2.57 3.10 4.01 4.37 4.44 4.75 5.06 5.44 5.88 6.29 6.72 7.46 8.60 9.35 9.02 7.64 6.01 4.82 4.19 3.81 3.63 3.58 3.55 3.62 4.02 4.39 4.99 5.47 5.70 5.76 5.75 5.61 5.44 5.35 5.34 5.58 6.04 6.66 7.37 7.57 6.75 5.36 4.81 5.32 6.07 6.47 6.50 6.03 5.00 4.55 5.58 7.21
4.40 4.34 4.29 4.26 4.34 4.56 4.78 4.96 5.06 5.11 5.14 5.21 5.32 5.37 5.34 5.44 5.62 5.50 5.02 4.72 4.84 5.06 5.35 6.05 7.21 8.49 9.03 8.07 5.88 4.53 3.98 3.45 2.79 2.64 3.17 3.83 4.07 4.40 4.74 5.12 5.56 5.98 6.40 6.99 8.08 9.17 9.27 8.24 6.60 5.30 4.68 4.36 4.12 3.94 3.78 3.77 4.09 4.15 4.52 5.13 5.57 5.77 5.83 5.66 5.36 5.08 5.06 5.39 5.92 6.63 7.53 7.85 6.94 5.24 4.15 4.43 5.27 5.82 6.11 6.17 5.57 4.46 4.32 5.87
4.36 4.33 4.37 4.40 4.42 4.52 4.67 4.82 4.90 4.89 4.91 5.03 5.20 5.28 5.27 5.33 5.52 5.60 5.28 4.88 4.82 4.94 5.15 5.75 6.77 7.95 8.78 8.51 7.39 6.40 5.73 4.97 4.08 3.37 3.20 3.58 4.07 4.44 4.70 4.90 5.18 5.53 5.95 6.56 7.57 8.80 9.25 8.58 7.32 6.22 5.44 4.92 4.50 4.15 3.86 3.84 3.93 4.05 4.41 4.86 5.29 5.57 5.75 5.76 5.48 4.92 4.63 5.01 5.62 6.53 7.68 8.27 7.36 5.16 3.53 3.35 4.04 4.72 5.16 5.55 5.62 4.85 3.86 4.41
4.29 4.25 4.33 4.48 4.58 4.64 4.66 4.69 4.72 4.72 4.78 4.93 5.09 5.17 5.20 5.27 5.42 5.55 5.35 4.98 4.85 4.94 5.19 5.75 6.58 7.46 8.23 8.34 7.84 7.34 7.02 6.47 5.51 4.47 3.86 3.91 4.31 4.63 4.70 4.75 4.92 5.23 5.68 6.29 7.20 8.37 8.98 8.61 7.75 6.98 6.24 5.50 4.91 4.42 4.00 3.90 4.00 4.09 4.26 4.49 4.79 5.16 5.53 5.85 5.71 4.88 4.16 4.39 5.06 6.13 7.64 8.68 8.21 5.97 3.89 3.25 3.35 3.63 3.92 4.31 4.83 4.70 3.84 3.56
4.31 4.28 4.37 4.49 4.57 4.62 4.60 4.55 4.53 4.57 4.72 4.89 5.02 5.09 5.13 5.26 5.46 5.58 5.53 5.09 4.84 4.87 5.19 5.72 6.38 7.07 7.73 7.94 7.58 7.15 7.08 7.08 6.59 5.51 4.51 4.13 4.18 4.26 4.39 4.57 4.74 4.97 5.30 5.84 6.68 7.82 8.48 8.24 7.52 7.01 6.60 6.06 5.53 4.94 4.31 3.96 4.33 3.77 4.01 4.00 4.28 4.70 5.25 5.79 5.89 5.01 3.89 3.83 4.53 5.61 7.19 8.69 8.89 7.65 5.66 4.43 3.87 3.62 3.45 3.28 3.66 3.97 3.64 3.12
4.34 4.31 4.32 4.28 4.28 4.33 4.40 4.48 4.49 4.52 4.66 4.88 5.04 5.09 5.05 5.21 5.55 5.77 5.74 5.42 5.04 4.85 5.00 5.46 6.04 6.66 7.31 7.62 7.26 6.49 6.25 6.65 6.91 6.43 5.35 4.38 4.52 3.70 4.00 4.45 4.63 4.75 4.93 5.35 6.27 7.46 8.06 7.64 6.70 6.17 5.91 5.68 5.47 5.15 4.59 4.04 3.75 3.56 3.59 3.81 4.11 4.56 5.15 5.77 6.06 5.28 3.95 3.62 4.19 5.22 6.56 8.07 8.82 8.62 7.80 6.73 5.86 5.14 4.52 3.94 3.64 3.71 3.60 3.18
4.33 4.29 4.18 4.03 4.01 4.14 4.32 4.53 4.64 4.63 4.66 4.83 5.05 5.12 5.08 6.07 5.60 6.00 6.06 5.89 5.55 5.17 5.02 5.27 5.73 6.28 6.91 7.32 7.11 6.27 5.57 5.68 6.35 6.64 6.08 4.95 4.06 3.74 3.90 4.40 4.67 4.80 4.96 5.36 6.31 7.53 7.98 7.16 5.72 4.85 4.58 4.35 4.31 4.35 4.11 3.81 3.65 3.61 3.69 3.92 4.22 4.60 5.15 5.78 6.15 5.55 4.17 3.60 3.99 4.96 6.12 7.36 8.21 8.44 8.38 8.20 7.84 7.33 6.71 5.96 5.23 4.79 4.63 4.24
4.28 4.26 4.17 4.05 4.07 4.25 4.43 4.59 4.72 4.76 4.69 4.70 4.90 5.03 4.99 5.02 5.28 5.66 5.92 6.00 5.91 5.64 5.33 5.30 5.62 6.04 6.50 6.83 6.77 6.27 5.52 5.03 5.29 6.04 6.14 5.43 4.53 4.15 4.11 4.48 4.84 5.09 5.29 5.70 6.66 7.86 8.19 7.08 5.24 4.22 3.76 3.41 3.25 3.30 3.39 3.48 3.57 3.67 3.77 3.96 4.21 4.54 5.10 5.76 6.16 5.67 4.28 3.55 3.76 4.69 5.85 6.98 7.49 7.37 7.35 7.74 8.08 8.12 7.96 7.69 7.23 6.66 6.18 5.77
4.23 4.21 4.17 4.15 4.21 4.36 4.48 4.58 4.68 4.74 4.69 4.57 4.63 4.71 5.78 4.36 4.42 4.73 5.15 5.45 5.68 5.76 5.61 5.49 5.67 6.02 6.29 6.39 6.17 5.73 5.24 4.60 4.36 5.02 5.66 5.54 4.87 4.50 4.41 4.69 5.02 5.28 5.53 6.05 7.09 8.21 8.49 7.55 5.91 4.70 4.03 3.69 3.64 3.69 3.72 3.71 3.71 3.72 3.69 3.76 3.97 4.32 4.98 5.77 6.19 5.70 4.26 3.35 3.43 4.30 5.64 6.90 7.06 6.16 5.56 5.85 6.73 7.30 7.60 7.81 7.81 7.50 7.13 6.86
4.20 4.15 4.10 4.11 4.17 4.28 4.39 4.52 4.63 4.69 4.67 4.60 4.62 4.66 4.42 4.08 3.96 4.06 4.29 4.61 4.99 5.40 5.58 5.65 5.87 6.25 6.46 6.32 5.79 5.06 4.53 4.01 3.60 3.91 4.78 5.21 4.96 4.64 4.52 4.77 5.05 5.32 5.62 6.29 7.36 8.44 8.79 8.17 7.08 6.13 5.27 4.75 4.58 4.56 4.45 4.12 3.82 3.65 3.49 3.46 3.67 4.08 4.79 5.78 6.29 5.75 4.20 3.12 3.06 3.83 5.44 6.93 7.03 5.57 4.20 4.17 5.14 5.88 6.15 6.46 6.95 7.12 6.87 6.76
4.19 4.12 4.06 4.05 4.02 4.05 4.21 4.44 4.62 4.71 4.76 4.75 4.82 4.93 4.87 4.59 4.26 4.03 4.02 4.20 4.53 4.95 5.30 5.57 5.97 6.52 6.86 6.67 5.99 5.14 4.46 3.96 3.50 3.34 3.82 4.53 4.75 4.65 4.58 4.80 5.06 5.34 5.67 6.31 7.29 8.42 8.97 8.63 7.78 7.09 6.51 5.81 5.14 4.70 4.39 4.10 3.82 3.58 3.36 3.29 3.45 3.81 4.55 5.71 6.41 5.89 4.36 3.14 2.86 3.45 5.17 7.01 7.31 5.80 3.83 3.23 4.04 4.82 4.82 4.85 5.46 6.05 5.87 5.53
4.20 4.10 3.94 3.81 3.68 3.71 3.97 4.33 4.57 4.71 4.79 4.81 4.90 5.11 5.30 5.32 5.02 4.61 4.42 4.47 4.66 4.96 5.26 5.56 5.96 6.56 7.07 7.06 6.62 6.01 5.37 4.82 4.36 3.93 3.73 4.06 4.47 4.65 4.76 4.97 5.18 5.41 5.71 6.21 7.00 8.12 8.90 8.80 8.02 7.28 6.81 6.37 5.67 4.86 4.31 4.12 3.97 3.75 3.50 3.41 3.52 3.77 4.47 5.71 6.49 6.08 4.74 3.51 2.99 3.30 4.86 6.98 7.59 6.37 4.22 2.96 3.22 3.91 3.86 3.65 4.13 4.98 4.96 4.41
4.24 4.09 3.76 3.44 3.27 3.37 3.66 4.05 4.40 4.58 4.63 4.73 4.90 5.14 5.44 5.75 5.78 5.55 5.36 5.31 5.38 5.52 5.72 5.94 6.19 6.58 6.90 6.88 6.74 6.44 5.95 5.39 4.85 4.34 3.92 3.99 4.31 4.64 4.91 5.12 5.27 5.41 5.61 6.02 6.68 7.67 8.57 8.71 8.08 7.29 6.70 6.40 6.13 5.70 5.13 4.62 4.30 4.05 3.88 3.89 4.04 4.22 4.75 5.81 6.55 6.23 5.00 3.86 3.26 3.42 4.75 6.88 7.84 7.00 4.96 3.36 3.06 3.34 3.35 3.06 3.17 3.84 4.16 3.84
4.28 4.15 3.84 3.49 3.31 3.45 3.69 3.97 4.32 4.48 4.49 4.68 5.02 5.32 5.59 5.93 6.11 6.14 6.10 6.09 6.09 6.05 6.07 6.24 6.53 6.85 6.79 6.34 6.04 5.91 5.52 4.98 4.43 3.94 3.77 3.96 4.28 4.58 4.85 5.04 5.16 5.25 5.39 5.73 6.39 7.25 8.13 8.39 7.91 7.23 6.68 6.33 6.10 5.91 5.59 5.04 4.56 4.24 4.08 4.11 4.34 4.62 5.04 5.89 6.66 6.46 5.20 3.96 3.41 3.63 4.82 6.80 8.18 7.93 6.03 4.39 3.57 3.38 3.39 3.12 2.89 3.11 3.47 3.47
4.34 4.22 4.02 3.88 3.88 4.08 4.31 4.49 4.67 4.68 4.59 4.73 5.14 5.53 5.80 5.98 6.13 6.21 6.20 6.20 6.20 6.13 6.05 6.16 6.64 7.23 7.12 6.30 5.71 5.55 5.29 4.78 4.25 3.78 3.67 3.91 4.23 4.45 4.62 4.78 4.93 5.08 5.29 5.60 6.16 7.00 7.81 8.01 7.44 6.58 6.12 5.89 5.62 5.37 5.16 4.88 4.51 4.21 4.04 4.00 4.21 4.60 5.08 5.85 6.70 6.78 5.75 4.33 3.52 3.58 4.57 6.47 8.44 8.98 7.65 5.93 4.60 3.93 3.87 3.63 3.16 3.02 3.21 3.35
4.38 4.26 4.07 4.17 4.31 4.65 4.93 5.12 5.29 5.27 5.03 4.96 5.24 5.63 5.90 6.00 6.04 6.03 5.98 5.93 5.94 5.92 5.82 5.85 6.36 7.30 7.47 6.85 6.32 6.17 6.03 5.65 5.01 4.30 3.92 3.95 4.12 4.24 4.35 4.51 4.68 4.92 5.23 5.60 6.12 6.95 7.76 7.82 6.94 5.73 5.07 4.85 4.68 4.50 4.39 4.34 4.25 4.13 4.05 4.05 4.23 4.61 5.09 5.74 6.53 6.85 6.14 4.74 3.59 3.31 4.00 5.67 7.99 9.36 9.07 7.56 5.93 4.82 4.68 4.38 3.83 3.54 3.57 3.71
4.42 4.28 4.06 4.24 4.36 4.83 5.22 5.48 5.74 5.90 5.76 5.52 5.50 5.69 5.83 5.90 5.92 5.90 5.84 5.83 5.90 5.90 5.75 5.68 6.06 6.97 7.35 7.14 6.87 6.80 6.76 6.56 5.98 5.04 4.30 4.04 4.04 4.01 4.11 4.31 4.54 4.82 5.19 5.64 6.21 7.07 7.86 7.89 6.92 5.65 4.80 4.22 3.68 3.55 3.68 3.90 4.10 4.18 4.16 4.17 4.36 4.73 5.19 5.75 6.38 6.71 6.18 4.91 3.61 3.09 3.40 4.62 6.85 8.88 9.60 9.08 7.73 6.44 6.01 5.56 5.04 4.70 4.58 4.50
4.50 4.35 4.12 4.09 4.37 4.89 5.41 5.74 5.98 6.19 6.23 6.02 5.74 5.61 5.62 5.69 5.78 5.85 5.81 5.77 5.93 6.06 5.98 5.89 6.16 6.68 6.81 6.54 6.38 6.43 6.55 6.64 6.37 5.56 4.60 4.08 3.90 3.75 3.82 4.13 4.49 4.91 5.31 5.76 6.35 7.23 7.95 8.05 7.42 6.60 5.82 4.93 3.92 3.55 3.61 3.87 4.15 4.32 4.37 4.41 4.55 4.94 5.43 5.96 6.46 6.71 6.28 5.10 3.84 3.17 3.20 4.00 5.65 7.68 9.18 9.65 9.22 8.25 7.49 6.98 6.52 6.06 5.65 5.26
4.63 4.46 4.16 4.01 4.17 4.60 5.08 5.46 5.73 5.94 6.06 5.98 5.74 5.49 5.40 5.46 5.62 5.79 5.75 5.58 5.68 5.95 6.10 6.13 6.39 6.64 6.39 5.79 5.45 5.49 5.71 6.02 6.14 5.73 4.84 4.11 3.73 3.53 3.65 4.05 4.55 5.07 5.49 5.92 6.48 7.31 7.97 8.04 7.58 7.23 6.95 6.41 5.44 4.50 4.04 4.00 4.12 4.27 4.44 4.62 4.83 5.25 5.73 6.22 6.67 6.93 6.63 5.63 4.50 3.65 3.38 3.70 4.73 6.27 7.95 9.11 9.28 8.84 8.35 7.90 7.30 6.68 6.13 5.59
4.70 4.53 4.15 3.83 3.73 3.90 4.21 4.58 4.94 5.23 5.44 5.54 5.49 5.35 5.27 5.32 5.51 5.75 5.77 5.55 5.48 5.68 5.95 6.20 6.60 6.71 6.19 5.44 4.87 4.66 4.79 5.08 5.38 5.28 4.76 4.16 3.78 3.66 3.85 4.28 4.72 5.10 5.50 5.96 6.56 7.39 7.99 7.83 7.23 6.94 6.95 6.89 6.45 5.49 4.43 3.96 3.94 4.06 4.27 4.57 4.96 5.47 5.95 6.43 6.87 7.15 6.98 6.18 5.08 4.03 3.49 3.53 4.14 5.27 6.75 7.96 8.43 8.36 8.23 8.02 7.51 6.90 6.36 5.74
4.76 4.58 4.24 3.88 3.66 3.34 3.45 3.75 4.10 4.45 4.78 5.05 5.17 5.13 5.05 5.08 5.35 5.72 5.94 5.94 5.81 5.84 6.02 6.38 6.97 7.01 6.16 5.25 4.60 4.21 4.06 4.12 4.24 4.27 4.08 3.84 3.77 3.87 4.09 4.35 4.62 4.96 5.35 5.84 6.53 7.45 8.04 7.72 6.84 6.28 6.14 6.20 6.26 5.81 4.68 3.94 3.76 3.83 4.02 4.38 4.89 5.49 6.01 6.53 7.00 7.31 7.23 6.51 5.28 4.02 3.34 3.27 3.71 4.68 5.97 7.15 7.75 7.62 7.37 7.43 7.43 7.21 6.92 6.43
4.84 4.74 4.59 4.31 3.84 3.51 3.33 3.43 3.66 3.93 4.30 4.68 4.91 4.93 4.75 4.63 4.88 5.40 5.86 6.08 6.16 6.22 6.35 6.70 7.37 7.59 6.84 5.70 4.90 4.39 3.95 3.72 3.64 3.53 3.39 3.41 3.55 3.73 3.81 3.95 4.21 4.62 5.09 5.61 6.39 7.42 8.12 7.83 6.79 5.96 5.50 5.22 5.28 5.36 4.72 3.92 3.59 3.59 3.74 4.04 4.57 5.24 5.85 6.43 7.00 7.42 7.50 6.92 5.59 4.15 3.27 3.03 3.32 4.14 5.27 6.77 7.60 7.38 6.61 6.38 6.65 6.93 7.08 7.01
4.85 4.87 4.86 4.69 4.30 3.85 3.57 3.55 3.61 3.71 3.98 4.37 4.66 4.80 4.60 4.10 3.88 4.35 4.99 5.55 5.93 6.23 6.51 6.88 7.45 7.97 7.89 7.02 6.05 5.44 4.95 4.47 4.20 3.95 3.69 3.57 3.56 3.57 3.52 3.66 3.96 4.36 4.89 5.42 6.21 7.31 8.17 8.13 7.22 6.28 5.58 4.85 4.47 4.44 4.07 3.57 3.37 3.37 3.47 3.67 4.14 4.81 5.54 6.17 6.81 7.40 7.75 7.47 6.34 4.78 3.58 3.04 3.04 3.60 4.78 6.47 7.68 7.71 6.63 5.63 5.43 5.69 6.02 6.28
4.67 4.73 4.76 4.66 4.41 4.06 3.75 3.58 3.57 3.68 3.91 4.21 4.47 4.71 4.70 4.14 3.45 3.35 3.87 4.61 5.18 5.66 6.22 6.74 7.19 7.78 8.25 8.11 7.51 6.96 6.48 6.00 5.59 5.13 4.63 4.16 3.81 3.61 3.54 3.72 4.03 4.41 4.88 5.34 6.05 7.13 8.12 8.42 7.91 7.05 6.24 5.37 4.52 4.01 3.50 3.17 3.17 3.26 3.32 3.42 3.74 4.39 5.17 5.88 6.51 7.17 7.76 7.90 7.16 5.55 4.14 3.38 3.12 3.31 4.24 5.90 7.56 8.06 7.28 5.93 4.97 4.70 4.69 4.73
4.44 4.42 4.42 4.43 4.35 4.15 3.98 3.64 3.65 3.87 4.16 4.40 4.60 4.87 5.17 5.08 4.33 3.72 3.75 4.14 4.57 5.00 5.72 6.45 6.80 7.17 7.74 8.01 7.92 7.70 7.36 6.95 6.52 5.96 5.30 4.63 4.08 3.77 3.64 3.74 4.11 4.57 5.01 5.39 5.94 6.85 7.82 8.38 8.36 7.79 6.98 6.12 5.32 4.49 3.76 3.26 3.11 3.13 3.17 3.19 3.37 3.93 4.79 5.61 6.23 6.82 7.47 8.01 7.82 6.60 5.00 3.97 3.46 3.28 3.67 5.10 7.03 8.06 7.85 6.74 5.51 4.93 4.60 4.19
4.42 4.31 4.24 4.32 4.39 4.41 4.33 4.22 4.19 4.32 4.66 5.00 5.25 5.56 5.92 6.12 6.06 5.63 5.14 5.00 5.01 5.12 5.64 6.30 6.52 6.64 7.01 7.23 7.21 7.25 7.20 7.00 6.70 6.26 5.70 5.04 4.42 4.02 3.81 3.78 4.10 4.64 5.15 5.54 5.97 6.58 7.30 7.97 8.43 8.37 7.79 7.13 6.37 5.40 4.41 3.62 3.13 2.96 2.94 2.95 3.12 3.58 4.38 5.25 5.92 6.42 6.96 7.63 7.96 7.43 5.99 4.63 3.91 3.55 3.64 4.59 6.40 7.80 8.09 7.39 6.37 5.86 5.58 4.95
4.58 4.40 4.27 4.35 4.50 4.71 4.94 5.08 5.11 5.14 5.37 5.73 6.06 6.33 6.52 6.64 6.84 6.93 6.76 6.49 6.22 6.01 6.10 6.42 6.50 6.49 6.78 6.87 6.51 6.29 6.37 6.36 6.16 5.90 5.59 5.18 4.73 4.33 4.08 3.95 4.09 4.50 5.03 5.56 6.05 6.46 6.81 7.36 8.16 8.66 8.57 8.09 7.37 6.31 5.02 3.99 3.32 2.99 2.89 2.90 3.04 3.38 3.98 4.83 5.59 6.01 6.35 6.97 7.55 7.50 6.56 5.23 4.41 4.03 3.97 4.52 6.01 7.44 8.06 7.69 6.81 6.23 6.07 5.75
4.75 4.58 4.43 4.47 4.57 4.80 5.13 5.45 5.68 5.80 5.92 6.09 6.26 6.39 6.50 6.46 6.41 6.60 6.79 6.80 6.67 6.49 6.49 6.63 6.61 6.58 6.87 7.04 6.66 6.14 5.88 5.73 5.50 5.25 5.01 4.81 4.66 4.47 4.25 3.99 3.95 4.24 4.74 5.35 6.04 6.41 6.48 6.76 7.56 8.39 8.74 8.64 8.19 7.30 6.00 4.86 4.04 3.46 3.19 3.08 3.06 3.23 3.67 4.49 5.37 5.81 6.00 6.41 6.91 7.09 6.59 5.57 4.79 4.39 4.26 4.62 5.73 7.07 7.90 7.76 6.88 6.10 5.82 5.74
4.83 4.75 4.61 4.55 4.58 4.73 4.99 5.26 5.55 5.78 5.85 5.82 5.76 5.78 5.91 5.86 5.61 5.61 5.82 6.10 6.25 6.28 6.44 6.66 6.70 6.70 6.92 7.10 6.97 6.68 6.33 5.97 5.69 5.39 4.97 4.59 4.42 4.39 4.25 4.02 4.02 4.31 4.77 5.36 6.04 6.39 6.29 6.28 6.81 7.61 8.25 8.61 8.61 8.10 7.18 6.10 5.14 4.28 3.70 3.34 3.14 3.17 3.54 4.29 5.22 5.78 5.97 6.18 6.48 6.62 6.34 5.65 5.02 4.57 4.42 4.69 5.54 6.75 7.74 7.86 7.08 6.18 5.68 5.54
4.76 4.73 4.62 4.51 4.53 4.70 4.95 5.10 5.18 5.26 5.30 5.27 5.22 5.25 5.41 5.41 5.16 5.03 5.15 5.47 5.82 5.92 6.07 6.39 6.64 6.85 7.05 7.01 6.82 6.75 6.64 6.38 6.15 5.92 5.49 4.89 4.46 4.34 4.29 4.25 4.42 4.74 5.10 5.55 6.06 6.38 6.21 5.94 6.19 6.81 7.47 8.10 8.42 8.25 7.75 7.00 6.05 5.09 4.29 3.68 3.31 3.24 3.51 4.12 4.99 5.69 6.05 6.22 6.32 6.28 6.02 5.59 5.11 4.69 4.50 4.66 5.30 6.39 7.55 7.97 7.33 6.33 5.71 5.47
4.60 4.55 4.46 4.35 4.36 4.56 4.80 4.88 4.81 4.71 4.70 4.77 4.87 5.02 5.18 5.19 4.98 4.80 4.85 5.22 5.65 5.73 5.63 5.84 6.28 6.89 7.31 7.25 6.83 6.56 6.37 6.04 5.77 5.69 5.54 5.12 4.64 4.42 4.38 4.50 4.73 5.02 5.33 5.69 6.01 6.31 6.18 5.73 5.75 6.29 6.89 7.49 7.84 7.75 7.42 6.98 6.32 5.47 4.69 4.05 3.57 3.36 3.50 4.03 4.77 5.51 6.06 6.31 6.32 6.10 5.75 5.44 5.07 4.70 4.52 4.62 5.04 5.91 7.19 7.97 7.49 6.34 5.58 5.24
4.58 4.45 4.30 4.16 4.07 4.17 4.34 4.39 4.34 4.27 4.25 4.30 4.45 4.70 4.93 4.99 4.89 4.78 4.78 5.11 5.68 5.81 5.39 5.17 5.74 6.67 7.41 7.65 7.36 6.95 6.56 5.89 5.21 4.94 4.96 4.87 4.62 4.42 4.37 4.50 4.74 5.04 5.43 5.80 5.93 6.07 6.02 5.57 5.45 6.01 6.69 7.23 7.47 7.17 6.55 6.16 5.81 5.26 4.71 4.25 3.85 3.58 3.63 4.06 4.66 5.34 6.02 6.37 6.36 6.03 5.59 5.26 4.92 4.63 4.53 4.66 4.99 5.59 6.79 7.88 7.61 6.32 5.35 4.88
