project/data/elevation/US_DEM2016/US_DEM2016_point_11-01-2019_0513_30m_ang.asc
ncols	125
nrows	167
xllcorner	-2042055.000000
yllcorner	1465035.000000
cellsize	30.000000
NODATA_value	-9999.000000
[rows 42 to 83 of 167, columns 0 to 93 of 125]
263 261 257 255 255 255 255 256 258 259 258 251 237 235 247 253 256 257 258 261 263 265 266 265 264 262 261 259 257 255 255 258 263 266 267 268 270 269 264 259 256 257 259 259 257 255 253 254 253 252 250 249 252 252 250 254 259 260 258 257 257 258 260 263 267 269 270 273 278 283 284 283 280 274 269 267 273 275 270 264 259 258 261 260 258 256 255 254 252 251 250 248 243 234
263 261 258 256 255 255 255 257 258 258 254 244 230 211 247 252 255 256 258 260 263 264 264 263 262 261 260 260 260 260 261 263 265 265 263 263 265 267 265 259 255 253 253 257 258 257 256 256 258 258 254 250 247 246 251 256 258 257 256 255 256 257 260 262 263 263 266 271 274 276 277 279 281 278 274 274 279 281 275 267 262 263 266 266 263 259 256 253 251 249 246 242 238 229
263 261 259 257 256 256 256 256 256 253 248 237 226 215 249 253 255 256 258 260 262 262 260 259 259 259 260 260 262 264 266 267 267 265 261 259 259 261 264 260 254 250 248 253 258 259 257 257 260 262 261 257 253 250 254 257 256 255 254 253 254 256 258 259 259 261 265 267 266 264 266 272 277 279 278 280 285 288 284 276 271 270 270 268 266 262 257 253 253 253 249 242 234 225
263 261 259 258 257 256 255 252 250 247 240 228 224 239 251 256 257 257 259 260 260 260 258 256 257 259 261 262 265 268 270 268 265 263 262 259 256 255 257 259 254 248 245 251 258 259 259 259 259 260 260 260 261 266 267 261 257 253 252 253 255 256 257 257 258 261 262 260 257 258 263 268 272 274 277 280 285 290 285 289 286 281 274 271 269 264 257 252 251 253 253 246 234 225
263 261 259 257 257 256 254 250 247 242 234 221 225 243 252 254 255 257 258 258 259 259 258 257 258 260 262 265 269 271 271 267 263 262 264 262 257 253 251 252 250 245 245 251 257 259 260 260 258 256 254 258 266 279 284 270 258 253 252 253 255 256 257 257 258 259 257 254 255 259 264 267 268 270 272 276 281 286 291 296 292 295 282 275 271 266 258 252 249 248 246 240 229 227
264 263 260 258 257 255 254 251 247 241 230 220 215 244 250 250 251 254 256 257 258 258 259 259 260 261 263 267 271 272 270 265 262 261 264 263 258 253 249 246 242 243 247 252 256 258 259 259 255 252 253 259 270 281 291 279 260 254 252 253 255 256 257 257 256 255 254 255 257 261 263 265 265 267 269 272 275 279 285 293 303 306 294 280 272 267 261 255 250 245 238 228 221 229
265 265 263 259 257 255 254 253 249 241 228 226 241 250 252 250 251 252 254 256 257 257 259 260 261 263 265 269 272 273 269 264 262 261 262 264 260 255 249 243 238 243 250 254 256 258 259 257 253 252 256 264 273 279 285 279 260 254 252 253 254 255 256 257 256 255 257 258 259 260 261 262 262 263 265 268 271 274 278 284 294 306 302 287 275 268 263 258 252 245 234 222 221 230
264 264 263 261 257 254 253 252 249 240 228 235 252 255 256 255 254 254 255 255 256 257 259 260 261 264 267 272 274 274 271 266 262 259 257 260 260 255 249 242 240 247 255 257 259 259 258 257 254 256 263 269 272 272 269 260 252 253 253 253 253 254 254 256 257 258 259 259 259 258 258 259 259 260 261 262 264 266 267 271 278 293 302 296 281 270 265 261 255 245 231 222 225 232
263 262 260 260 258 254 251 250 247 235 228 242 254 257 257 257 256 255 255 254 255 258 259 261 262 264 268 273 275 276 274 270 263 257 253 253 254 250 246 244 246 253 258 261 262 261 259 258 258 262 267 270 268 262 251 231 239 251 254 255 255 255 255 256 258 260 260 259 259 258 258 258 258 258 258 258 257 257 256 257 261 273 290 297 289 275 267 262 256 244 230 225 230 236
262 261 258 258 258 254 250 248 244 229 227 244 252 253 253 252 252 252 252 253 254 256 259 261 263 266 269 272 274 276 277 273 266 258 253 249 243 240 243 247 250 254 258 260 262 262 262 262 262 264 266 265 261 253 239 218 230 249 255 257 259 258 258 258 259 261 262 263 264 264 263 262 261 261 260 258 256 254 252 251 252 257 267 283 290 282 270 262 254 242 232 231 236 241
263 262 259 258 257 254 251 249 243 227 229 246 251 250 248 247 248 249 250 250 252 254 257 261 265 268 269 271 272 275 279 278 271 263 256 249 237 233 241 247 251 254 257 259 262 265 266 265 263 261 259 257 253 245 231 212 226 247 255 259 262 262 262 261 260 262 265 268 271 273 272 269 266 265 263 261 258 256 255 254 253 253 254 260 272 276 271 261 250 241 237 240 243 247
264 263 261 260 259 257 253 249 242 228 201 247 250 247 244 244 246 247 248 249 251 254 257 261 266 269 270 269 269 273 280 282 277 268 259 249 235 233 243 248 251 254 257 260 265 269 270 268 263 258 254 251 246 239 225 209 225 246 255 260 263 263 263 261 260 261 264 268 272 276 277 276 271 268 266 263 260 258 257 258 258 256 254 255 258 271 267 258 249 244 245 245 246 249
264 264 263 262 262 261 256 250 241 229 234 249 249 245 242 244 247 248 248 249 252 255 259 262 266 269 270 269 268 271 277 282 280 271 260 248 236 239 248 251 253 256 259 264 269 272 271 267 263 258 253 249 243 234 219 207 224 246 256 260 262 261 261 259 258 260 263 267 271 273 274 275 274 272 269 266 262 259 256 257 259 261 262 264 262 260 259 255 252 251 249 245 246 251
264 264 263 262 262 262 260 253 244 232 237 253 247 244 245 251 252 253 253 254 255 257 259 262 265 268 269 269 269 270 273 276 279 273 260 247 241 248 253 256 258 260 263 269 273 273 270 265 262 259 255 249 242 232 215 207 225 247 255 258 259 259 259 258 258 261 263 265 266 266 267 270 274 275 273 270 266 262 258 258 262 265 270 274 265 267 259 256 257 256 251 246 250 253
264 264 262 259 258 257 258 257 248 237 239 245 249 247 251 255 257 258 259 259 258 258 259 261 264 266 268 269 269 270 270 272 275 275 263 250 248 253 256 259 261 264 268 273 274 273 268 265 263 260 256 251 243 230 214 212 230 248 255 256 256 257 258 259 261 262 262 261 260 260 263 267 271 272 271 268 265 262 262 261 264 270 276 278 268 272 263 259 259 257 252 251 254 257
263 262 259 255 251 250 252 254 248 238 241 244 246 248 251 254 256 258 260 261 260 259 259 261 263 264 265 267 269 269 269 268 270 269 262 253 251 253 255 258 261 265 270 274 274 271 267 264 264 262 258 252 242 228 214 219 237 250 255 256 258 258 259 261 263 263 261 258 257 259 263 266 265 262 262 265 267 266 265 266 270 274 277 273 272 267 263 260 258 257 255 255 259 263
263 261 256 251 247 245 246 247 240 232 236 242 244 247 249 251 253 255 257 259 260 260 260 261 262 262 262 265 268 268 266 263 261 256 249 249 252 253 254 257 260 264 269 272 272 269 265 263 263 264 260 252 241 226 217 228 243 251 256 258 259 260 260 262 263 262 259 256 257 261 263 261 255 253 256 261 264 265 267 270 275 276 274 269 264 259 257 258 258 258 258 259 263 266
262 260 256 251 246 242 242 240 232 225 58 240 244 244 248 249 252 253 254 255 256 258 260 261 260 259 260 264 266 265 263 261 258 251 242 245 252 256 257 257 260 263 266 268 268 267 265 263 264 266 263 253 241 226 224 237 247 253 257 260 261 262 263 262 260 258 256 256 259 261 259 253 248 250 256 260 263 266 270 273 274 273 269 264 259 254 253 256 259 260 261 263 266 267
262 260 255 252 247 243 240 236 228 221 232 243 247 248 249 250 252 253 253 253 255 258 260 260 258 257 261 264 264 261 259 260 260 256 249 248 253 257 258 259 260 262 263 264 264 264 264 264 267 270 268 259 246 232 232 241 248 253 258 262 265 267 266 263 258 253 252 255 259 258 253 247 247 252 257 261 264 267 269 270 269 266 264 260 263 252 251 255 259 262 263 266 268 264
262 259 254 252 249 246 242 236 226 222 234 246 251 253 253 253 253 253 253 255 258 261 261 259 257 259 264 266 265 260 256 254 256 257 256 252 254 256 257 258 259 260 261 261 261 261 261 264 269 272 273 268 256 239 238 243 248 253 257 262 267 269 268 263 257 251 251 254 255 253 249 247 250 255 258 260 262 263 263 263 261 259 258 256 253 250 249 254 259 261 264 267 267 261
262 260 256 252 249 246 243 236 227 227 241 252 257 260 261 259 256 254 256 261 266 267 264 260 259 263 268 269 267 263 257 252 250 250 248 247 253 255 255 256 258 259 261 261 261 258 257 261 265 268 269 266 255 239 242 247 251 255 260 264 267 268 266 261 256 253 254 254 253 249 247 249 252 255 257 258 259 258 257 256 255 253 251 256 250 247 249 257 262 263 264 266 265 258
263 261 257 254 249 245 241 233 229 236 249 257 263 267 269 267 264 257 259 264 271 273 271 267 266 268 270 270 269 268 263 256 250 245 239 238 250 256 256 257 259 262 263 263 261 256 254 256 258 260 258 253 240 231 243 251 255 260 265 268 267 265 262 258 256 258 259 257 253 249 249 252 254 256 257 258 258 256 254 252 251 248 246 245 257 261 252 260 264 266 266 265 263 259
263 261 257 252 248 243 235 228 232 242 250 256 261 266 271 273 265 264 260 261 266 271 275 276 275 273 272 271 270 270 269 264 256 247 237 235 250 259 261 262 264 266 267 265 261 256 253 253 254 253 251 247 235 229 245 255 260 265 268 268 265 261 258 256 259 263 264 260 255 252 253 255 258 259 259 258 257 257 255 252 249 247 244 242 239 260 255 264 267 267 267 266 265 263
262 260 254 249 243 236 227 225 234 242 247 251 256 260 265 270 275 272 262 258 260 265 271 278 280 276 273 271 269 268 269 270 264 253 242 241 252 259 263 265 267 268 268 266 261 257 256 255 252 249 247 246 236 231 247 258 265 269 269 266 261 258 256 256 261 266 266 263 257 255 256 257 259 262 262 258 256 256 256 254 250 247 244 242 242 250 264 272 272 270 270 270 270 269
261 259 253 246 239 229 220 224 234 240 244 248 251 255 259 265 272 276 269 260 257 260 266 272 278 278 275 272 267 264 265 268 269 265 256 252 255 258 260 263 266 268 267 265 261 259 258 257 252 247 244 243 235 238 251 261 267 270 268 262 257 256 255 257 262 267 267 264 259 257 258 257 257 260 263 259 254 251 252 253 251 248 247 248 252 262 274 281 280 275 273 272 273 274
261 258 251 244 234 222 216 224 212 238 241 243 245 249 254 260 267 273 274 266 260 260 262 268 275 279 277 272 266 261 259 261 266 269 266 257 256 257 258 261 264 266 265 263 261 261 261 259 254 249 245 241 234 244 255 264 268 268 263 257 255 255 255 258 264 267 266 263 260 259 258 258 256 256 258 257 252 247 252 253 254 260 251 254 260 269 278 285 286 280 275 272 271 274
261 258 250 242 231 217 216 227 236 240 240 240 242 246 250 255 261 268 275 273 266 262 262 265 271 276 276 272 265 259 255 254 257 259 259 254 255 256 258 261 264 265 264 262 261 262 263 261 256 252 249 245 240 244 259 265 266 263 256 255 255 254 256 261 265 265 263 261 261 262 260 260 259 255 252 251 249 249 249 254 257 257 256 258 264 271 277 283 287 285 280 273 268 268
260 257 248 240 227 214 220 234 242 246 245 243 243 245 248 251 255 261 270 275 271 266 264 266 269 272 272 269 265 261 256 253 251 250 249 252 256 257 260 263 264 263 262 260 260 261 261 259 256 255 255 255 254 261 262 263 261 256 253 256 257 256 259 263 264 263 261 260 261 264 265 265 263 258 252 249 249 247 251 255 258 259 258 260 265 271 275 278 283 288 285 274 265 262
260 256 247 238 224 214 225 239 248 253 256 256 253 250 249 250 252 257 263 271 272 269 268 268 268 268 267 265 264 263 262 259 255 250 247 251 258 260 262 263 263 262 260 260 260 259 257 255 256 259 263 265 265 262 267 260 257 255 258 261 261 262 264 265 264 262 260 259 260 263 265 265 263 258 253 249 249 251 253 255 258 259 259 262 266 271 273 276 280 285 282 269 261 257
259 256 247 236 221 216 229 241 247 254 260 265 266 262 256 253 253 255 260 267 271 270 270 270 267 264 261 260 260 261 264 265 263 258 254 255 260 262 263 263 261 260 260 260 260 258 255 255 258 262 265 267 265 261 266 259 258 259 262 264 264 265 267 268 266 263 260 258 258 259 260 259 256 252 250 250 250 252 254 257 259 261 262 265 269 271 271 271 272 273 267 258 255 253
259 255 246 233 219 220 232 240 245 250 256 263 269 270 266 260 258 258 260 264 269 270 270 269 265 260 257 256 256 258 261 264 265 265 264 262 262 263 264 262 260 259 260 261 260 257 255 256 259 260 260 259 256 254 256 257 256 257 258 260 261 263 265 266 265 262 258 256 255 255 254 251 248 247 249 251 252 254 257 261 264 265 265 267 269 269 265 259 256 253 248 246 249 248
259 256 245 229 218 224 234 241 245 248 253 258 264 269 270 267 265 263 262 263 266 269 268 266 262 258 254 253 253 254 257 258 258 260 261 260 262 263 262 261 259 259 260 261 261 259 257 257 257 256 253 250 247 245 250 253 254 254 255 256 258 260 262 263 262 259 255 254 253 252 250 248 248 250 252 253 254 257 263 268 270 268 266 265 265 264 261 254 247 240 232 233 242 242
259 255 243 225 219 228 238 245 248 251 253 255 257 261 266 269 270 269 266 263 263 264 264 262 260 258 255 252 251 252 253 254 253 252 251 250 257 260 260 259 260 260 261 261 261 260 259 258 258 257 254 250 245 239 242 251 254 255 256 256 258 260 262 261 257 253 252 253 253 251 250 250 252 255 257 258 259 263 269 273 273 271 268 264 259 256 258 257 249 237 227 227 236 237
258 254 240 222 221 233 243 250 254 254 254 253 254 257 262 268 272 272 269 264 262 261 260 259 258 258 257 253 251 251 252 252 253 252 252 254 257 258 258 260 260 261 262 262 261 260 260 262 261 260 260 257 250 241 243 252 256 258 258 259 260 260 259 255 251 251 253 255 254 252 252 253 255 259 262 263 265 268 271 274 274 273 272 267 259 252 250 254 251 239 229 228 234 237
256 251 236 220 222 236 247 254 256 256 254 254 255 259 264 268 271 271 268 264 261 259 258 257 256 258 259 256 253 252 251 251 251 253 257 260 260 257 257 259 261 263 264 263 261 259 258 259 260 260 259 257 253 247 250 256 259 260 261 261 262 259 253 249 250 253 257 257 255 254 255 256 259 262 265 267 269 270 269 267 267 269 272 272 266 256 248 245 243 235 229 231 237 240
254 248 233 217 221 240 250 254 255 255 256 258 261 264 268 270 270 269 266 263 260 258 257 256 256 256 258 259 256 254 251 249 248 251 254 254 252 252 255 259 262 263 264 263 261 259 258 258 258 258 257 256 256 257 258 260 260 261 261 262 260 254 247 248 252 256 258 257 256 256 257 259 262 264 265 267 269 267 263 258 257 259 265 271 272 265 254 243 234 224 226 235 241 241
252 246 231 218 226 245 251 252 253 256 261 264 267 270 271 271 269 266 263 261 260 258 256 256 256 256 257 260 260 256 251 247 246 248 248 244 237 243 253 259 261 262 262 262 261 260 260 260 261 261 261 262 266 271 269 263 261 260 260 259 255 248 247 251 255 257 258 258 258 258 259 262 264 264 263 264 265 264 259 253 250 251 255 261 267 269 262 249 233 223 228 239 243 242
250 243 230 227 238 250 253 254 256 260 264 267 270 272 272 270 267 264 261 259 258 257 256 256 256 256 257 261 264 260 254 249 247 246 244 237 231 239 253 258 260 261 261 261 261 261 262 263 264 266 267 269 273 277 275 265 260 259 259 257 253 250 252 256 258 260 261 261 260 259 261 263 265 264 262 261 260 261 259 255 250 248 249 252 256 260 261 252 235 229 236 242 242 242
247 241 233 237 247 254 256 257 259 262 266 270 272 272 270 267 264 261 259 257 256 256 256 256 256 256 257 261 266 264 260 255 251 247 243 234 237 240 252 257 259 261 261 260 259 260 262 264 267 269 271 271 271 270 267 262 259 258 260 260 258 258 260 262 264 265 265 263 260 260 263 264 265 265 263 260 258 259 260 260 255 250 248 248 249 250 251 246 235 237 243 243 242 243
246 243 239 241 248 254 257 259 262 265 269 272 272 270 266 263 261 259 257 256 255 255 255 255 256 256 256 260 266 267 266 264 259 252 245 233 228 242 251 254 257 258 258 257 257 258 260 263 267 269 269 268 267 266 263 258 252 257 258 258 259 261 264 267 269 270 267 262 260 262 264 264 264 264 264 260 258 257 258 261 262 257 251 248 247 246 244 239 232 240 245 244 243 246
252 251 245 244 248 254 258 261 264 268 270 271 270 267 263 260 258 256 255 254 255 255 254 255 256 256 255 256 262 267 269 271 270 262 249 239 232 244 250 254 256 256 255 255 255 257 259 261 264 265 265 266 268 269 266 257 252 255 255 255 257 261 265 269 272 270 265 260 262 264 265 264 262 263 264 261 258 256 255 256 261 263 257 251 248 245 242 236 232 242 247 246 245 250
255 253 247 247 252 257 260 264 267 270 271 269 267 263 261 258 256 253 251 252 254 253 253 255 257 256 255 255 256 261 267 271 274 271 263 250 240 248 254 257 256 255 253 254 256 257 258 260 261 262 263 266 268 268 268 260 263 257 255 255 258 262 265 269 271 269 263 262 264 265 264 263 261 262 267 265 261 257 254 253 256 263 263 256 251 246 240 235 235 244 249 248 248 251
