project/data/elevation/US_DEM2016/US_DEM2016_point_10-28-2019_2158_30m_ang.asc
ncols	125
nrows	167
xllcorner	-2042055.000000
yllcorner	1465035.000000
cellsize	30.000000
NODATA_value	-9999.000000
[rows 42 to 83 of 167, columns 0 to 93 of 125]
283 283 285 287 289 291 293 297 301 303 304 307 312 311 303 300 299 300 304 308 307 304 304 304 302 300 297 295 294 292 292 294 299 303 305 305 305 305 300 295 295 302 304 293 284 281 285 293 298 299 302 310 319 319 309 302 297 292 285 278 275 276 281 287 292 295 295 296 300 302 302 299 295 290 287 291 300 299 293 291 299 304 300 297 292 289 290 295 300 302 302 303 306 313
283 284 286 288 290 291 294 299 303 305 306 309 317 349 300 299 299 301 305 308 308 307 306 306 305 302 300 298 297 296 295 296 299 302 303 301 300 301 299 293 290 294 301 293 283 280 282 288 293 293 292 298 310 319 313 304 299 295 290 282 278 279 284 290 293 294 295 298 301 302 300 297 293 289 285 288 295 297 293 292 300 306 303 300 294 287 286 290 296 299 300 301 305 315
284 285 287 290 292 295 298 302 305 307 308 313 323 337 299 299 300 301 304 306 307 306 304 304 303 301 300 299 299 299 298 296 296 300 300 297 295 297 299 295 288 288 294 291 283 279 278 282 287 289 290 293 303 315 313 306 302 299 294 286 280 280 284 288 289 292 296 298 298 294 291 292 292 290 288 290 295 297 296 295 302 306 303 300 295 288 284 284 290 295 296 294 297 310
285 286 289 293 295 298 300 302 304 306 308 317 324 308 301 301 302 302 303 305 305 303 301 301 300 300 299 299 300 301 299 295 293 296 299 295 291 292 296 296 288 283 284 285 281 277 277 281 288 292 294 296 302 313 315 309 304 299 294 287 281 280 282 285 289 294 296 293 288 286 288 290 292 292 292 293 296 300 295 302 306 307 303 300 296 290 283 281 285 292 295 295 294 298
285 287 290 293 296 297 299 299 300 302 307 319 316 304 301 302 302 302 302 303 302 301 300 300 299 299 299 300 300 300 298 292 288 291 298 296 289 286 288 293 289 280 278 282 281 278 279 284 290 291 290 291 300 312 319 315 306 300 295 289 283 280 281 285 289 291 288 285 285 288 292 293 294 294 295 296 298 301 304 307 304 313 308 302 297 292 285 281 284 293 301 306 307 302
285 287 290 293 294 295 296 296 296 297 305 317 336 301 298 298 298 299 299 300 301 301 301 300 299 299 299 299 299 298 296 290 286 287 296 298 291 284 282 287 289 283 282 285 283 281 281 283 284 282 281 288 299 311 323 325 314 305 300 292 285 281 281 284 285 285 285 287 292 295 297 297 297 297 297 297 299 302 305 310 316 319 314 305 299 295 290 285 285 292 301 312 320 309
286 287 291 292 292 292 294 295 296 297 307 315 302 300 296 294 293 294 295 298 299 299 299 299 298 298 297 297 297 297 296 291 286 286 292 298 293 285 280 279 283 284 284 285 283 280 279 279 279 280 285 293 302 314 327 334 324 311 304 296 287 282 281 283 286 289 294 299 301 302 303 304 303 303 302 302 303 305 308 311 316 320 317 309 301 297 293 288 285 287 295 309 315 308
285 287 292 293 292 291 293 296 298 303 316 313 303 300 300 298 295 294 294 296 297 297 298 298 297 296 295 295 295 297 298 295 288 285 288 297 297 287 278 273 275 281 283 283 282 279 278 278 282 287 293 300 307 317 331 341 332 315 307 301 292 285 283 286 292 298 302 307 309 310 309 309 309 309 308 307 308 309 311 312 313 317 317 313 305 298 294 290 285 283 287 301 306 305
284 285 290 294 294 292 292 296 302 313 324 311 303 303 304 302 299 296 294 294 295 296 297 297 297 295 294 294 294 297 301 297 290 284 285 293 299 290 276 271 277 283 285 287 286 283 281 283 289 296 300 305 310 320 334 345 336 318 309 303 295 288 285 287 293 299 303 308 310 311 310 310 310 310 309 307 307 308 310 312 313 314 316 315 310 301 295 290 284 280 281 292 299 299
283 284 288 293 295 294 292 294 303 321 325 309 303 304 305 302 299 295 292 292 293 294 296 297 296 295 294 292 292 296 301 298 292 286 284 289 297 294 282 281 286 290 292 293 292 290 290 293 299 302 304 307 312 320 335 347 337 317 307 302 296 289 285 285 289 295 299 302 305 306 306 305 305 305 304 301 300 301 304 307 308 310 314 317 314 308 298 289 283 279 279 289 296 294
283 284 287 291 295 296 292 292 302 322 319 306 301 302 302 299 295 291 289 289 289 290 292 295 296 295 292 290 290 294 300 300 296 290 285 286 294 297 291 290 293 295 296 297 297 297 299 301 303 304 304 306 310 319 336 348 336 315 305 300 297 291 286 283 284 288 291 293 295 298 299 298 297 296 295 294 291 291 295 298 299 301 306 307 315 299 302 289 281 279 286 295 299 297
283 284 286 290 294 297 295 292 300 321 358 308 297 297 296 294 290 287 285 284 285 287 290 293 295 295 292 288 287 292 300 303 300 294 287 285 292 297 294 293 294 295 296 298 299 300 301 303 304 302 299 300 306 317 336 350 337 316 306 302 299 293 287 282 280 281 286 290 293 296 297 295 293 290 290 288 285 283 286 290 289 288 290 296 304 299 305 293 284 286 295 302 305 304
284 285 287 291 295 300 298 292 297 315 311 311 291 290 288 287 287 284 282 282 284 287 290 293 295 295 292 288 288 292 301 306 305 298 289 286 292 295 294 293 292 293 295 297 299 300 300 301 302 298 293 294 301 315 338 352 337 315 307 303 299 294 286 280 277 280 286 292 295 297 295 292 289 287 286 284 280 277 277 279 279 279 282 288 296 303 305 300 296 296 302 307 308 307
285 286 290 293 297 301 300 294 294 307 305 317 286 284 284 295 286 285 285 286 287 289 291 293 294 294 292 290 289 293 299 305 307 302 294 290 294 296 295 294 293 292 294 297 298 298 297 298 301 298 292 290 296 311 338 351 331 312 305 301 296 291 283 278 277 281 288 293 294 292 289 288 288 287 286 283 279 274 271 271 273 280 287 295 285 307 308 307 304 302 305 310 308 306
286 288 292 295 299 302 304 301 301 307 303 333 313 286 289 290 290 290 292 293 292 292 293 293 294 294 293 291 291 293 298 303 308 309 307 303 302 301 299 297 296 295 295 296 296 295 295 297 301 299 292 288 292 308 337 342 321 307 301 296 291 286 281 278 280 283 287 289 288 286 286 289 292 292 289 281 275 271 274 275 281 289 297 305 297 316 316 311 306 305 308 310 307 305
286 288 293 296 298 302 306 308 312 316 359 297 292 293 295 295 296 297 298 299 297 296 295 295 295 295 294 292 292 295 301 307 311 317 322 317 309 305 303 300 298 296 295 295 294 294 294 296 300 299 291 287 289 306 336 328 311 302 296 292 290 288 285 282 283 284 284 284 283 286 291 294 294 290 286 285 284 284 284 286 292 298 304 304 317 322 322 314 307 306 310 312 309 306
285 287 291 294 296 300 304 309 318 322 311 301 297 298 299 300 301 301 301 302 301 299 298 297 296 296 294 292 293 297 303 307 312 320 328 322 311 306 303 301 298 296 293 293 292 292 292 293 297 297 291 285 286 305 333 319 307 301 298 297 297 296 292 286 284 283 282 282 285 291 295 295 290 283 283 286 288 290 292 296 300 304 307 312 318 323 323 316 308 306 310 313 309 305
284 285 289 292 293 295 299 304 316 324 10 300 299 302 300 301 301 302 302 302 301 300 298 297 295 294 292 291 293 296 300 303 307 316 327 322 311 306 303 300 297 294 290 288 288 289 289 289 292 295 291 285 285 305 324 315 308 304 302 303 302 301 297 291 286 283 283 286 291 294 295 291 284 283 287 290 294 297 300 302 305 307 308 312 318 322 322 316 309 306 310 312 307 301
283 284 287 292 293 291 290 294 309 321 307 298 297 298 298 297 296 296 296 296 296 296 295 294 292 290 290 290 291 294 298 301 305 316 327 324 313 307 305 301 296 291 286 283 283 286 287 287 291 295 295 292 295 312 320 314 310 306 304 304 304 303 300 295 288 284 284 288 293 295 294 290 289 292 295 298 301 304 306 306 306 306 307 311 302 322 321 314 308 305 308 310 305 300
282 283 286 291 293 291 286 285 294 307 298 292 292 293 292 290 288 285 284 285 288 290 289 288 286 286 287 288 289 293 297 302 309 319 330 327 315 307 304 300 294 287 282 280 282 285 287 291 296 301 305 308 314 325 320 314 311 307 306 306 307 305 302 297 290 285 284 288 293 297 299 300 302 302 303 304 306 307 307 306 304 304 306 310 316 322 320 311 305 303 305 306 303 300
282 282 285 290 293 293 288 282 281 289 290 288 287 288 287 284 281 276 275 279 284 285 284 281 282 284 286 287 289 294 298 300 306 318 331 331 315 304 300 296 292 287 283 282 284 289 294 298 302 308 314 319 328 335 323 313 310 307 305 306 306 305 301 296 291 285 284 287 292 298 302 305 306 305 304 304 305 306 304 302 301 301 302 299 315 321 320 310 304 303 303 303 301 303
283 283 287 291 294 295 292 284 279 286 290 289 288 289 288 286 287 278 278 282 286 286 284 284 285 287 287 287 289 295 299 298 300 310 328 332 315 302 297 294 293 290 287 286 287 292 297 300 304 309 315 322 334 341 326 314 311 307 305 304 303 301 297 293 290 287 286 286 288 295 299 302 304 303 301 299 300 300 298 295 294 294 295 300 295 294 315 308 303 302 302 301 301 306
284 286 290 295 298 299 298 291 284 286 289 290 291 293 294 294 290 290 286 285 286 288 290 292 293 290 288 288 290 295 300 300 298 303 319 328 315 304 300 299 297 294 290 288 288 292 295 298 302 307 312 320 335 342 327 316 312 308 303 301 298 295 292 291 291 290 287 285 286 290 294 296 299 298 295 292 292 294 292 287 284 284 284 285 292 289 308 306 303 301 300 300 302 307
285 286 291 296 301 304 305 302 293 290 290 291 292 294 296 299 302 300 292 287 286 288 293 298 298 294 290 289 291 296 301 302 301 304 316 324 317 310 307 305 302 296 292 288 287 290 294 296 298 303 310 320 336 342 326 315 311 306 301 297 295 291 290 290 291 289 286 284 284 288 290 291 293 294 291 287 285 287 286 280 275 273 271 269 274 289 302 306 305 302 300 300 303 308
285 286 290 296 301 306 314 309 300 296 294 293 293 294 295 298 303 305 299 291 288 289 292 297 300 298 294 293 294 298 303 306 308 313 323 325 318 312 310 307 301 295 290 286 286 290 293 294 296 299 306 318 336 339 326 314 309 305 299 295 293 290 289 289 289 288 285 284 285 286 287 287 287 289 289 283 277 276 276 272 267 263 261 264 273 286 299 307 309 306 304 303 305 310
285 286 290 295 300 308 314 306 325 299 297 294 292 292 294 296 300 305 305 298 292 290 291 295 299 300 298 297 297 300 304 309 314 321 330 327 316 310 306 302 298 293 288 284 284 288 292 293 294 295 299 311 331 334 324 313 307 302 297 291 290 290 289 290 290 288 285 282 284 284 284 285 283 282 282 278 270 265 267 265 264 270 263 269 278 289 298 308 312 309 307 306 308 313
285 286 289 294 300 310 308 299 297 297 295 292 291 291 293 294 297 303 307 305 297 292 291 293 297 300 300 299 298 300 303 308 313 323 333 329 315 307 302 299 296 291 286 282 282 287 291 293 294 294 293 300 320 329 318 308 302 297 291 287 288 289 290 291 290 286 281 278 280 281 281 281 279 275 273 270 263 260 259 265 269 271 273 278 284 291 298 306 311 311 310 309 309 313
285 285 288 293 302 316 305 295 293 292 291 291 291 291 292 293 295 299 305 308 301 295 292 292 295 298 299 298 298 299 300 302 307 318 332 333 319 308 304 300 296 290 285 281 282 287 292 293 292 292 292 298 314 321 317 303 295 289 286 285 286 288 289 289 286 280 276 274 276 279 279 279 278 273 267 263 261 257 265 271 276 280 282 284 287 293 299 305 310 314 317 315 311 312
285 285 288 293 305 322 306 295 292 291 291 292 292 292 291 292 293 295 301 308 305 298 295 293 294 295 297 296 296 296 297 297 301 311 327 333 323 312 306 301 296 290 285 282 282 286 289 289 289 293 298 305 316 325 321 301 291 286 287 287 286 287 287 286 283 279 275 275 277 280 283 283 282 276 268 264 265 269 274 278 282 286 289 290 293 298 304 309 314 319 323 322 314 312
286 286 290 296 310 322 306 297 294 294 295 296 296 295 293 292 292 292 297 305 307 302 298 296 294 294 294 294 294 295 297 299 302 309 321 330 323 313 306 300 295 289 284 281 281 282 285 288 294 301 306 312 321 329 329 306 298 295 294 293 292 292 292 290 288 285 281 280 281 285 287 287 284 278 272 272 274 277 280 284 289 293 296 298 301 306 312 316 320 324 329 327 317 312
287 288 292 300 316 318 306 299 296 296 298 300 302 301 299 296 295 294 296 302 307 304 299 297 295 293 292 293 295 298 301 304 308 313 322 329 323 312 305 299 293 288 284 281 280 282 289 297 302 307 310 313 323 333 325 313 307 303 301 300 301 300 300 298 297 293 287 282 281 283 284 281 277 275 276 279 281 283 287 292 298 303 306 306 307 311 317 320 323 328 335 332 320 313
288 289 294 305 321 315 307 302 300 300 301 303 305 307 305 302 300 299 298 301 305 304 299 296 294 293 292 292 295 298 302 306 311 316 324 331 324 313 305 299 294 290 285 282 282 286 294 300 303 306 308 310 320 333 327 314 307 304 302 302 303 303 303 301 298 294 286 279 276 276 274 272 273 278 282 285 287 289 294 301 306 311 312 310 308 312 316 317 319 326 337 336 323 316
289 291 297 311 321 313 306 304 303 303 304 304 305 307 308 306 305 303 301 301 302 301 297 293 292 293 292 291 292 295 298 303 308 313 321 329 323 312 305 301 298 294 288 284 284 286 292 296 297 299 301 304 313 327 325 312 306 303 301 300 301 301 300 297 291 286 279 275 272 270 271 273 278 284 288 291 293 295 300 305 310 313 313 309 305 305 311 313 313 318 332 334 323 318
290 292 302 319 321 312 307 306 307 306 304 302 301 303 305 306 306 304 302 299 298 297 293 289 289 291 293 291 289 291 294 299 303 306 314 324 322 312 306 301 298 294 289 284 282 283 288 292 293 296 299 303 310 322 322 312 306 304 301 298 298 297 294 288 280 276 276 275 272 271 275 279 284 289 294 298 300 300 302 305 308 309 308 303 298 297 304 310 312 315 322 324 320 320
291 293 305 326 323 311 308 308 307 304 300 296 296 299 301 303 304 303 301 297 295 293 290 287 286 289 294 295 290 289 292 296 301 305 313 323 325 316 305 299 295 294 290 284 281 281 286 292 295 298 302 306 312 321 320 312 307 305 302 298 296 293 287 278 275 278 281 280 276 277 282 287 291 296 300 304 306 304 303 304 303 300 298 297 295 293 297 308 317 324 325 319 318 321
291 293 306 329 324 310 306 303 301 298 295 294 296 298 300 300 301 300 299 296 294 291 288 285 284 287 293 298 294 290 291 295 301 308 315 324 329 320 306 299 297 295 290 284 279 279 284 289 293 296 298 303 311 320 320 313 308 306 303 299 295 290 283 279 282 286 288 286 285 286 290 295 300 303 306 308 309 306 303 301 300 297 296 296 296 295 296 302 316 331 330 320 318 321
291 293 304 325 319 306 300 297 300 296 298 299 300 300 300 300 299 299 298 296 293 291 287 284 282 283 289 299 298 292 290 293 298 305 312 322 331 322 307 300 297 293 288 281 277 277 280 284 287 290 293 300 310 321 323 316 309 307 303 298 292 288 286 287 290 293 294 295 295 295 296 299 303 306 307 307 307 305 301 299 298 298 298 298 299 301 301 302 311 325 325 319 318 321
293 294 304 318 314 304 299 298 299 302 303 303 303 302 301 300 299 298 298 295 292 290 287 284 280 280 285 296 298 293 290 290 292 298 306 319 329 320 306 298 293 289 285 280 276 276 278 284 289 294 300 306 314 323 328 320 309 304 300 294 289 289 292 294 296 298 301 301 300 298 297 298 301 305 304 301 300 300 299 298 297 296 297 298 300 304 307 310 316 320 318 317 318 321
298 299 307 315 313 307 303 303 304 305 305 305 303 302 300 298 297 297 296 294 291 289 286 283 279 277 281 290 296 292 290 289 288 291 299 317 325 317 305 298 294 291 288 282 278 278 281 288 295 301 307 312 316 323 332 323 311 303 299 297 296 297 300 300 300 302 303 302 299 296 293 293 296 300 300 296 294 295 297 299 299 295 293 294 297 302 309 318 326 322 316 316 317 319
308 309 312 314 312 308 306 305 305 305 305 304 302 300 297 295 293 294 294 292 289 287 285 282 278 276 277 284 291 289 287 288 288 288 293 313 327 315 307 302 299 297 294 287 282 281 284 291 298 304 308 310 313 322 332 327 331 309 306 306 306 306 305 304 303 303 302 299 296 293 290 289 292 297 299 294 292 293 295 299 302 299 292 290 293 298 306 320 331 323 315 315 316 316
316 317 319 314 309 307 306 305 305 305 304 301 299 296 294 292 290 291 292 290 287 286 283 281 279 275 274 278 286 288 287 289 292 291 293 308 319 312 307 304 301 299 296 290 284 282 284 290 297 302 305 308 312 322 334 332 338 314 309 308 308 307 306 304 303 301 301 299 295 293 289 287 289 296 300 296 291 291 292 296 302 304 296 289 289 294 303 317 330 324 316 316 316 312
314 319 325 318 309 306 305 305 304 303 301 298 295 293 292 290 287 287 290 288 285 283 281 280 279 276 275 277 284 289 292 295 299 300 304 313 316 310 306 304 301 298 294 290 285 282 283 288 294 300 305 310 316 324 337 338 345 319 308 307 307 306 304 301 299 300 302 301 298 293 288 285 286 292 300 297 291 289 289 291 297 304 302 291 287 290 300 314 328 325 318 316 314 308
