project/data/elevation/US_DEM2016/US_DEM2016_point_10-30-2019_0730_30m_vel.asc
ncols	125
nrows	167
xllcorner	-2042055.000000
yllcorner	1465035.000000
cellsize	30.000000
NODATA_value	-9999.000000
[rows 0 to 37 of 167, columns 0 to 83 of 125]
5.43 4.91 4.45 4.90 5.86 7.09 8.27 9.13 9.47 9.68 10.02 10.61 10.85 10.33 9.86 9.86 9.91 9.73 9.17 8.64 8.34 8.42 8.79 9.21 9.50 9.46 9.11 8.12 6.80 5.50 4.43 3.67 3.19 2.84 2.59 2.53 2.84 3.48 4.18 4.62 4.85 5.01 5.15 5.22 5.04 4.69 4.35 4.42 4.91 5.70 6.53 7.36 8.06 8.74 9.01 9.08 8.88 8.10 7.30 6.72 6.38 6.27 6.43 6.94 7.32 7.44 7.30 6.82 5.97 5.41 5.27 5.42 5.68 5.97 6.20 6.34 6.49 6.85 7.40 7.83 8.13 8.17 7.67 7.43
5.43 4.91 4.45 4.90 5.86 7.09 8.27 9.13 9.47 9.68 10.02 10.61 10.85 10.33 9.86 9.86 9.91 9.73 9.17 8.64 8.34 8.42 8.79 9.21 9.50 9.46 9.11 8.12 6.80 5.50 4.43 3.67 3.19 2.84 2.59 2.53 2.84 3.48 4.18 4.62 4.85 5.01 5.15 5.22 5.04 4.69 4.35 4.42 4.91 5.70 6.53 7.36 8.06 8.74 9.01 9.08 8.88 8.10 7.30 6.72 6.38 6.27 6.43 6.94 7.32 7.44 7.30 6.82 5.97 5.41 5.27 5.42 5.68 5.97 6.20 6.34 6.49 6.85 7.40 7.83 8.13 8.17 7.67 7.43
5.34 4.90 4.61 5.02 5.73 6.70 7.68 8.39 8.78 8.95 9.24 9.73 9.91 9.67 9.31 9.28 9.36 9.33 8.94 8.39 8.18 8.27 8.53 8.75 8.84 8.68 8.09 7.11 6.07 5.09 4.30 3.71 3.30 3.02 2.82 2.77 2.98 3.39 3.85 4.23 4.43 4.60 4.78 5.00 5.19 5.24 5.20 5.22 5.55 6.08 6.69 7.23 7.72 8.08 8.27 8.34 8.29 8.01 7.47 6.82 6.31 6.02 6.14 6.45 6.68 6.78 6.81 6.74 6.54 6.17 5.95 5.88 5.87 5.86 5.87 5.92 6.11 6.49 6.89 7.13 7.23 7.35 7.38 7.46
5.63 5.24 5.10 5.41 5.81 6.28 6.80 7.09 7.16 7.26 7.59 7.91 8.04 7.94 7.88 7.88 7.98 8.21 8.16 7.95 7.97 8.07 8.02 7.76 7.47 7.08 6.47 5.85 5.26 4.77 4.37 4.04 3.85 3.79 3.72 3.62 3.56 3.58 3.64 3.81 4.22 4.61 4.94 5.29 5.71 6.07 6.31 6.39 6.47 6.65 6.88 6.95 6.96 6.85 6.77 6.59 6.58 6.84 6.98 6.89 6.59 6.26 6.00 5.79 5.53 5.43 5.62 6.05 6.45 6.63 6.59 6.35 6.00 5.63 5.37 5.31 5.49 5.78 5.90 5.74 5.75 6.25 6.91 7.39
6.00 5.68 5.61 5.77 5.95 6.16 6.27 6.27 6.08 6.00 6.11 6.34 6.51 6.52 6.54 6.58 6.68 6.95 7.34 7.70 7.96 7.85 7.47 6.83 6.22 5.80 5.61 5.44 5.25 5.09 4.95 4.89 4.93 4.97 4.89 4.67 4.43 4.26 4.12 4.20 4.64 5.15 5.62 6.05 6.28 6.47 6.64 6.82 6.94 6.99 6.97 6.77 6.44 6.02 5.60 4.95 4.62 4.78 5.37 6.05 6.40 6.40 6.10 5.50 4.95 4.57 4.46 4.65 5.05 5.38 5.53 5.46 5.27 5.06 4.93 4.95 5.06 5.16 5.14 5.02 5.17 5.82 6.57 6.88
6.04 5.86 5.90 6.05 6.05 6.07 5.99 5.71 5.48 5.34 5.20 5.30 5.59 5.83 6.07 6.25 6.40 6.52 6.93 7.44 7.65 7.33 6.70 5.93 5.33 5.18 5.29 5.42 5.52 5.61 5.73 5.86 5.91 5.79 5.56 5.31 5.11 4.96 4.80 4.73 4.82 5.05 5.47 6.01 6.32 6.45 6.57 6.80 6.95 7.00 6.92 6.72 6.39 5.74 4.98 4.35 4.13 4.24 4.52 4.88 5.27 5.53 5.45 5.00 4.53 4.20 3.99 3.89 3.86 3.90 3.98 4.06 4.13 4.25 4.39 4.55 4.67 4.75 4.82 4.90 5.12 5.58 6.01 5.95
6.13 6.11 6.22 6.37 6.26 6.01 5.66 5.20 4.93 4.86 4.74 4.71 4.99 5.54 6.07 6.30 6.54 6.66 6.67 6.71 6.73 6.44 5.88 5.32 5.07 5.10 5.25 5.40 5.59 5.88 6.18 6.38 6.33 6.17 5.98 5.87 5.81 5.70 5.45 5.14 4.92 4.90 5.07 5.40 5.68 5.73 5.79 5.99 6.31 6.53 6.66 6.65 6.43 6.15 5.76 5.40 5.38 5.38 5.21 4.91 4.62 4.47 4.40 4.28 4.11 3.95 3.84 3.78 3.72 3.63 3.58 3.60 3.70 3.85 4.02 4.15 4.23 4.35 4.60 4.86 5.07 5.32 5.41 5.08
6.23 6.41 6.75 6.77 6.55 5.96 5.31 4.78 4.63 4.72 4.66 4.48 4.73 5.39 5.94 6.02 6.19 6.32 6.09 5.78 5.66 5.51 5.26 5.12 5.11 5.19 5.32 5.41 5.56 5.87 6.25 6.51 6.61 6.72 6.89 7.12 7.18 6.98 6.59 6.09 5.54 5.12 4.96 4.87 4.75 4.73 4.77 5.00 5.55 6.20 6.51 6.60 6.61 6.80 6.91 6.91 6.67 6.32 5.80 5.17 4.52 4.07 3.93 3.94 3.91 3.83 3.81 3.89 3.95 3.90 3.77 3.71 3.73 3.82 3.93 4.02 4.09 4.27 4.59 4.79 4.90 5.00 4.92 4.55
6.55 6.81 7.28 7.18 6.77 6.12 5.38 4.96 4.97 5.00 4.86 4.73 4.93 5.36 5.58 5.45 5.39 5.49 5.36 5.13 5.07 4.93 4.73 4.75 4.89 5.09 5.40 5.70 5.87 6.01 6.35 6.76 7.21 7.81 8.45 8.83 8.85 8.56 8.14 7.59 6.87 6.10 5.46 5.03 4.74 4.65 4.89 5.31 5.97 6.47 6.54 6.24 6.06 6.24 6.49 6.55 6.28 5.78 5.18 4.67 4.29 4.06 3.99 4.04 4.08 4.10 4.17 4.28 4.24 4.08 3.91 3.83 3.89 4.09 4.37 4.59 4.79 5.07 5.24 5.17 4.99 4.85 4.70 4.81
6.74 7.11 7.50 7.35 6.93 6.46 5.87 5.71 5.89 5.94 5.65 5.39 5.40 5.42 5.25 4.91 4.69 4.81 5.00 5.05 5.03 4.72 4.38 4.41 4.66 4.97 5.37 5.80 6.16 6.45 6.88 7.40 8.04 8.68 9.10 9.19 9.08 8.93 8.80 8.60 8.19 7.56 6.81 6.12 5.58 5.51 5.69 6.15 6.66 6.79 6.44 5.52 4.83 4.37 4.42 4.67 4.73 4.51 4.25 4.07 4.00 4.00 4.04 4.20 4.54 4.79 4.98 5.00 4.64 4.20 4.05 4.17 4.52 5.02 5.47 5.81 6.14 6.44 6.50 6.24 5.84 5.55 5.39 5.26
6.95 7.02 7.32 7.39 7.20 7.03 6.94 7.15 7.35 7.24 6.87 6.43 6.00 5.55 5.07 4.55 4.32 4.65 5.15 5.44 5.38 4.99 4.63 4.61 4.83 5.11 5.36 5.73 6.35 7.08 7.65 8.10 8.39 8.40 8.08 7.63 7.56 7.89 8.27 8.53 8.58 8.33 7.83 7.14 6.52 6.19 6.13 6.48 6.85 6.78 6.06 5.03 4.18 3.61 3.35 3.30 3.45 3.65 3.79 3.87 3.92 4.01 4.19 4.53 5.06 5.58 5.82 5.65 5.13 4.56 4.52 4.95 5.56 6.13 6.62 7.00 7.31 7.39 7.23 6.92 6.65 6.47 6.28 6.02
6.84 6.54 6.72 7.33 7.75 8.05 8.35 8.64 8.76 8.44 7.97 7.46 6.83 5.99 5.20 4.73 4.57 4.93 5.49 5.80 5.71 5.39 5.11 5.05 5.20 5.47 5.78 6.25 6.93 7.57 7.85 7.88 7.58 6.95 6.13 5.68 5.87 6.42 6.92 7.33 7.72 7.99 8.02 7.75 7.24 6.70 6.48 6.67 6.72 6.35 5.43 4.75 4.27 3.76 3.30 3.00 3.05 3.40 3.75 3.96 4.13 4.40 4.79 5.22 5.69 6.08 6.21 6.05 5.70 5.40 5.34 5.76 6.28 6.83 7.22 7.41 7.31 6.93 6.29 5.83 5.66 5.62 5.60 5.56
6.33 5.96 5.96 6.85 7.75 8.40 8.80 8.94 8.94 8.73 8.40 8.02 7.52 6.69 5.90 5.44 5.26 5.32 5.52 5.63 5.54 5.34 5.20 5.21 5.42 5.76 6.19 6.63 6.92 6.96 6.75 6.28 5.55 4.74 4.33 4.53 4.96 5.18 5.23 5.55 6.08 6.68 7.27 7.61 7.55 7.17 6.84 6.79 6.39 5.48 4.58 4.12 3.70 3.34 3.08 3.04 3.23 3.59 3.98 4.33 4.68 5.10 5.54 5.88 6.10 6.19 6.22 6.30 6.33 6.28 6.28 6.52 6.98 7.30 7.25 6.79 5.98 4.99 4.18 3.78 3.71 3.86 4.11 4.36
6.32 6.14 6.03 6.25 6.77 7.34 7.64 7.67 7.56 7.53 7.60 7.63 7.56 7.24 6.78 6.29 5.88 5.55 5.30 5.05 4.85 4.79 4.86 5.00 5.23 5.46 5.66 5.69 5.42 4.99 4.51 3.88 3.28 2.96 3.14 3.66 3.90 3.80 3.77 4.05 4.44 4.98 5.61 6.24 6.75 6.94 6.92 6.73 6.15 5.08 4.12 3.35 2.89 2.83 3.00 3.33 3.67 3.98 4.38 4.91 5.38 5.76 6.03 6.22 6.37 6.45 6.54 6.71 6.87 6.90 6.96 7.25 7.47 7.20 6.37 5.18 4.09 3.46 3.23 3.26 3.48 3.80 4.08 4.15
6.63 6.72 6.40 5.94 5.54 5.43 5.39 5.21 5.05 5.24 5.65 6.11 6.46 6.73 6.81 6.64 6.23 5.69 5.14 4.58 4.18 4.25 4.48 4.62 4.62 4.50 4.30 3.96 3.54 3.19 2.91 2.74 2.74 2.88 3.05 3.11 3.06 3.10 3.24 3.39 3.52 3.73 4.05 4.57 5.38 6.41 6.80 6.72 6.15 5.28 4.20 3.36 3.07 3.26 3.68 4.04 4.22 4.40 4.79 5.40 6.04 6.40 6.62 6.81 7.01 7.24 7.37 7.40 7.42 7.41 7.47 7.60 7.22 6.10 4.80 3.93 3.61 3.56 3.69 4.01 4.42 4.83 5.01 5.01
6.65 6.57 6.13 5.47 4.49 3.75 3.26 2.98 3.01 3.22 3.59 3.97 4.47 5.09 5.78 6.18 6.17 5.75 5.12 4.46 4.12 4.21 4.39 4.35 4.10 3.75 3.43 3.26 3.16 3.04 2.98 3.16 3.52 3.80 3.83 3.73 3.65 3.71 3.85 3.95 3.98 4.04 4.25 4.79 5.64 6.64 6.97 6.76 6.10 5.20 4.45 4.07 4.03 4.36 4.72 4.89 4.84 4.90 5.32 6.08 6.78 7.33 7.66 7.83 8.02 8.29 8.44 8.44 8.39 8.30 8.12 7.57 6.36 5.07 4.44 4.37 4.48 4.48 4.55 4.86 5.36 5.73 5.86 6.08
6.22 5.77 5.16 4.65 3.70 2.94 2.58 2.55 2.73 3.08 3.41 3.62 3.90 4.44 5.03 5.49 5.72 5.66 5.27 4.85 4.65 4.60 4.52 4.32 4.07 3.85 3.76 3.86 3.96 3.95 3.86 3.86 4.11 4.53 4.82 4.96 4.99 4.93 4.91 5.02 5.25 5.59 5.97 6.55 7.19 7.47 7.20 6.72 6.09 5.45 4.98 4.86 5.00 5.31 5.62 5.76 5.66 5.80 6.36 7.15 7.95 8.54 8.85 8.96 8.95 9.00 9.12 9.24 9.32 9.10 8.55 7.60 6.17 5.51 5.61 5.88 5.90 5.70 5.61 5.84 6.21 6.55 6.87 7.27
6.06 5.59 4.83 4.14 3.62 3.35 3.47 3.83 4.29 4.80 5.15 5.30 5.43 5.50 5.45 5.26 5.30 5.46 5.46 5.35 5.18 4.92 4.62 4.42 4.35 4.39 4.51 4.64 4.78 4.91 4.89 4.70 4.71 5.06 5.53 5.92 6.11 6.11 6.02 6.17 6.65 7.12 7.58 7.91 7.93 7.45 6.75 6.27 6.02 5.82 5.55 5.47 5.66 6.05 6.36 6.47 6.56 6.82 7.52 8.35 8.99 9.26 9.29 9.25 9.13 8.98 8.94 9.00 9.19 9.15 8.84 8.44 7.73 7.51 7.81 8.07 8.03 7.72 7.56 7.50 7.52 7.66 7.99 8.24
6.17 5.84 5.08 4.38 4.22 4.69 5.43 6.10 6.70 7.16 7.43 7.52 7.39 6.91 6.20 5.58 5.32 5.41 5.53 5.53 5.39 5.12 4.85 4.74 4.80 4.93 5.04 5.17 5.37 5.65 5.88 5.97 5.99 6.08 6.34 6.78 7.18 7.35 7.44 7.64 7.95 8.21 8.24 7.94 7.20 6.15 5.30 5.19 5.58 5.84 6.04 6.15 6.44 6.79 6.97 6.93 7.10 7.61 8.38 8.94 9.10 8.89 8.58 8.43 8.41 8.41 8.42 8.36 8.33 8.48 8.92 9.33 9.74 9.92 10.11 10.44 10.61 10.54 10.35 9.97 9.52 9.11 8.88 8.58
5.91 5.40 4.70 4.45 4.98 6.02 7.13 8.02 8.57 8.75 8.70 8.50 8.16 7.53 6.83 6.22 5.81 5.62 5.62 5.60 5.52 5.43 5.36 5.36 5.39 5.42 5.52 5.69 5.90 6.23 6.71 7.22 7.64 7.90 8.04 8.22 8.35 8.38 8.53 8.71 8.67 8.36 7.75 6.83 5.69 4.63 4.13 4.35 5.21 5.93 6.50 6.92 7.23 7.34 7.28 7.17 7.49 8.16 8.59 8.67 8.26 7.67 7.18 6.99 7.14 7.44 7.67 7.69 7.53 7.64 8.33 9.22 10.02 10.48 10.83 11.34 11.69 11.77 11.58 11.27 10.75 10.12 9.34 8.47
5.21 4.75 4.38 4.81 6.00 7.38 8.37 8.90 9.06 8.86 8.50 8.15 7.82 7.46 7.15 6.75 6.29 5.92 5.79 5.78 5.81 5.92 6.12 6.27 6.30 6.26 6.38 6.56 6.75 7.07 7.66 8.39 8.99 9.37 9.49 9.30 8.98 8.77 8.73 8.59 8.12 7.28 6.23 5.15 4.34 3.98 4.05 4.65 5.63 6.50 7.30 7.90 8.12 7.94 7.67 7.64 7.99 8.24 8.24 7.73 6.96 6.19 5.59 5.27 5.45 5.71 5.95 6.11 6.20 6.43 6.89 7.63 8.49 9.11 9.59 10.06 10.39 10.49 10.54 10.48 10.35 9.94 9.35 8.44
5.62 5.40 5.52 6.44 7.68 8.59 8.89 8.76 8.40 7.86 7.44 7.18 6.95 6.87 6.86 6.71 6.40 6.10 6.01 6.15 6.43 6.83 7.23 7.48 7.60 7.63 7.71 7.86 8.09 8.45 8.97 9.41 9.59 9.53 9.25 8.80 8.44 8.12 7.79 7.19 6.37 5.45 4.54 3.91 3.82 4.18 4.86 5.79 6.57 7.40 8.09 8.43 8.52 8.50 8.27 8.16 8.14 7.93 7.40 6.45 5.49 4.68 3.91 3.57 3.60 3.58 3.53 3.77 4.26 4.66 5.29 5.78 6.19 6.48 6.75 7.07 7.06 7.23 7.54 7.79 8.48 9.03 9.12 8.84
6.56 6.96 7.80 8.47 8.91 9.02 8.58 7.89 7.20 6.77 6.56 6.38 6.20 6.15 6.18 6.22 6.19 6.15 6.26 6.58 7.10 7.65 8.07 8.39 8.55 8.69 8.86 9.07 9.33 9.63 9.77 9.57 9.02 8.29 7.52 7.02 6.99 6.73 6.08 5.20 4.36 3.85 3.59 3.75 4.26 4.92 5.77 6.61 7.37 8.02 8.28 8.35 8.35 8.42 8.43 8.24 7.86 7.24 6.28 5.23 4.25 3.29 2.66 2.53 2.55 2.46 2.44 2.71 3.20 3.77 4.27 4.67 4.80 4.74 4.59 4.61 4.78 5.25 5.70 6.09 6.75 7.70 8.45 8.68
7.12 7.81 8.76 9.04 8.96 8.54 7.72 6.99 6.34 6.12 6.05 5.88 5.73 5.65 5.65 5.79 5.97 6.17 6.40 6.60 6.87 7.17 7.54 8.02 8.39 8.75 9.11 9.41 9.58 9.55 9.17 8.34 7.21 6.27 5.68 5.51 5.41 4.90 4.15 3.61 3.32 3.31 3.65 4.38 5.07 5.73 6.48 7.18 7.77 7.98 7.78 7.51 7.45 7.61 7.77 7.69 7.29 6.59 5.58 4.61 3.71 2.88 2.45 2.43 2.51 2.55 2.76 3.20 3.64 3.84 3.98 4.11 4.11 3.92 3.66 3.63 4.06 4.71 5.05 5.25 5.71 6.35 7.17 7.71
7.45 7.86 8.40 8.47 8.17 7.50 6.81 6.28 5.92 5.76 5.63 5.43 5.34 5.30 5.36 5.57 5.88 6.14 6.24 6.16 6.03 5.99 6.22 6.74 7.49 8.13 8.61 8.82 8.69 8.18 7.32 6.18 5.07 4.43 4.19 4.10 3.71 3.22 2.97 3.06 3.36 3.87 4.58 5.24 5.93 6.64 7.20 7.66 7.79 7.52 7.10 6.82 6.73 6.77 6.90 6.97 6.83 6.39 5.58 4.67 3.95 3.53 3.43 3.53 3.64 3.73 4.07 4.34 4.24 3.99 3.85 3.85 3.73 3.47 3.26 3.40 3.85 4.19 4.23 4.38 4.75 5.10 5.76 6.61
7.77 7.51 7.37 7.48 7.27 6.78 6.25 5.76 5.52 5.38 5.21 5.08 4.98 4.99 5.20 5.53 5.90 6.11 6.13 6.02 5.93 5.98 6.29 6.83 7.49 7.92 7.96 7.68 7.10 6.29 5.29 4.40 3.67 3.27 3.12 3.03 2.87 2.82 3.01 3.45 4.10 4.88 5.50 6.14 6.86 7.48 7.87 7.92 7.56 7.00 6.52 6.23 6.10 6.16 6.38 6.57 6.65 6.50 6.04 5.36 4.89 4.76 4.88 5.04 5.14 5.31 5.43 5.15 4.57 4.26 4.19 3.91 3.53 3.33 3.32 3.50 3.71 3.70 3.60 3.80 4.07 4.29 4.79 5.74
7.94 7.39 6.75 6.73 6.75 6.64 6.42 5.97 5.65 5.48 5.31 5.21 5.13 5.17 5.39 5.71 6.05 6.30 6.47 6.59 6.83 7.25 7.73 8.08 8.11 7.76 7.09 6.27 5.44 4.67 3.94 3.43 3.21 3.19 3.18 3.17 3.31 3.61 3.92 4.29 4.85 5.47 6.15 6.94 7.66 8.16 8.23 7.89 7.27 6.56 5.93 5.54 5.51 5.74 6.11 6.42 6.55 6.64 6.64 6.50 6.38 6.45 6.64 6.79 6.86 6.78 6.44 5.95 5.52 5.36 5.01 4.37 3.72 3.59 3.67 3.66 3.64 3.64 3.69 3.81 3.93 4.03 4.35 4.99
7.99 7.39 6.57 6.37 6.44 6.61 6.78 6.69 6.44 6.31 6.20 6.03 6.00 6.03 6.12 6.17 6.31 6.58 6.95 7.34 7.78 8.18 8.33 8.13 7.57 6.71 5.75 4.82 4.01 3.49 3.30 3.32 3.51 3.86 4.09 4.17 4.28 4.54 4.89 5.13 5.42 5.88 6.64 7.47 8.13 8.42 8.22 7.66 7.00 6.28 5.57 5.23 5.34 5.67 5.99 6.17 6.28 6.67 7.07 7.41 7.83 8.30 8.73 8.99 8.83 8.42 7.78 7.25 7.07 6.74 5.85 4.84 4.35 4.40 4.35 4.00 3.87 4.04 4.17 4.18 4.13 4.09 4.23 4.50
7.78 7.12 6.28 6.03 6.04 6.39 6.75 6.98 6.94 6.86 6.78 6.62 6.62 6.69 6.73 6.63 6.51 6.62 7.01 7.48 7.78 7.75 7.31 6.54 5.73 4.96 4.25 3.61 3.17 3.10 3.36 3.92 4.44 4.74 4.99 5.18 5.30 5.44 5.71 5.84 6.00 6.40 7.16 7.84 8.27 8.23 7.77 7.22 6.78 6.39 5.92 5.58 5.59 5.77 5.78 5.81 6.14 6.77 7.32 7.94 8.62 9.24 9.71 9.97 10.10 9.85 9.35 8.92 8.42 7.70 6.73 5.85 5.57 5.51 5.20 4.84 4.84 5.07 5.06 4.78 4.45 4.24 4.18 4.19
7.49 7.05 6.39 6.05 5.97 6.08 6.43 6.81 6.96 6.82 6.54 6.28 6.25 6.36 6.48 6.51 6.35 6.41 6.69 6.89 6.74 6.17 5.34 4.52 3.85 3.32 2.92 2.77 2.91 3.34 4.13 4.92 5.37 5.62 5.78 5.95 6.16 6.31 6.35 6.44 6.66 7.07 7.56 7.97 7.97 7.53 6.92 6.61 6.66 6.75 6.67 6.47 6.19 6.11 5.99 6.05 6.44 7.05 7.49 8.08 8.58 9.11 9.44 9.58 9.87 10.02 9.97 9.94 9.60 9.04 8.56 8.14 7.71 7.02 6.31 6.11 6.33 6.50 6.14 5.47 4.77 4.26 3.95 3.94
7.64 7.43 6.88 6.44 6.28 6.17 6.26 6.58 6.86 6.85 6.52 6.15 5.97 5.90 5.90 5.91 6.00 6.16 6.27 5.94 5.16 4.21 3.40 2.79 2.30 1.96 1.86 2.12 2.78 3.83 4.87 5.49 5.89 6.17 6.36 6.53 6.66 6.68 6.67 6.78 7.10 7.44 7.77 7.79 7.39 6.60 6.19 6.16 6.42 6.89 7.09 7.05 6.93 6.73 6.60 6.59 6.69 7.03 7.39 7.84 8.02 7.99 7.69 7.70 8.17 8.88 9.45 9.96 10.34 10.41 10.47 10.30 9.75 8.94 8.12 7.86 7.79 7.43 6.65 5.53 4.65 4.12 3.85 3.75
7.82 7.41 6.81 6.53 6.45 6.39 6.28 6.41 6.75 7.06 7.08 6.78 6.47 6.14 5.89 5.74 5.81 5.90 5.62 4.79 3.72 2.87 2.31 1.93 1.68 1.58 1.70 2.08 2.76 3.66 4.50 4.98 5.37 5.75 6.11 6.38 6.41 6.44 6.53 6.77 7.13 7.52 7.76 7.59 7.12 6.44 6.07 6.02 6.17 6.50 6.94 7.11 7.24 7.14 6.94 6.66 6.52 6.56 6.87 7.12 7.12 6.77 6.32 6.24 6.57 7.25 8.17 9.03 9.76 10.26 10.65 10.82 10.55 10.16 9.79 9.35 8.57 7.45 6.22 5.17 4.55 4.22 3.92 3.62
7.41 6.68 5.88 5.88 6.08 6.18 6.07 6.02 6.37 6.86 7.18 7.10 6.78 6.42 6.14 5.87 5.74 5.48 4.83 3.94 3.27 2.85 2.41 2.35 2.24 2.34 2.62 2.88 3.13 3.39 3.60 3.84 4.14 4.50 4.89 5.24 5.51 5.77 6.12 6.58 6.94 7.28 7.37 7.09 6.68 6.24 5.83 5.75 5.83 6.00 6.34 6.81 7.02 7.01 6.75 6.27 6.03 5.95 6.21 6.38 6.21 5.73 5.43 5.59 6.02 6.48 6.94 7.41 7.93 8.42 8.88 9.31 9.68 9.88 9.93 9.70 8.67 7.13 5.99 5.40 5.00 4.45 3.89 3.69
6.44 5.88 5.33 5.36 5.46 5.41 5.24 5.24 5.50 6.03 6.54 6.76 6.63 6.35 6.14 5.88 5.56 5.09 4.51 4.36 3.78 3.78 3.71 3.64 3.62 3.77 3.93 4.04 4.00 3.87 3.80 3.75 3.73 3.77 3.94 4.32 4.88 5.32 5.82 6.33 6.62 6.73 6.45 5.75 5.00 4.68 4.68 4.85 5.09 5.49 5.86 6.25 6.52 6.48 6.18 5.79 5.57 5.61 5.76 5.85 5.60 5.11 5.06 5.31 5.75 6.04 6.07 6.03 6.13 6.42 6.51 6.91 7.64 8.38 8.90 9.14 8.74 7.75 6.75 6.12 5.34 4.54 4.12 4.19
6.02 5.96 5.91 5.80 5.41 5.01 4.81 4.71 4.75 5.09 5.67 6.19 6.41 6.30 6.07 5.75 5.39 5.03 5.09 4.69 4.93 5.04 5.14 5.17 5.18 5.21 5.25 5.16 5.03 4.91 4.78 4.56 4.27 4.03 4.02 4.32 4.80 5.21 5.68 6.11 6.26 6.07 5.34 4.16 3.50 3.49 3.81 4.28 4.83 5.26 5.59 5.82 5.90 5.90 5.71 5.62 5.58 5.68 5.69 5.68 5.52 5.29 5.32 5.36 5.43 5.26 5.03 4.98 5.12 5.33 5.45 5.64 6.11 6.77 7.25 7.96 8.54 8.51 7.87 6.80 5.62 5.04 5.11 5.42
6.56 6.83 7.10 6.86 6.35 5.62 5.10 4.77 4.52 4.46 4.75 5.38 5.94 6.17 6.01 5.62 5.34 5.22 5.32 5.59 5.97 6.29 6.56 6.71 6.75 6.62 6.39 6.12 5.81 5.52 5.31 5.12 4.94 4.77 4.64 4.72 5.06 5.43 5.89 6.20 6.12 5.61 4.72 3.85 3.66 4.01 4.57 5.18 5.57 5.68 5.61 5.56 5.50 5.60 5.65 5.69 5.68 5.79 5.77 5.84 5.85 5.77 5.57 5.14 4.77 4.44 4.24 4.33 4.65 4.92 5.12 5.35 5.51 5.79 6.15 6.84 7.82 8.51 8.63 8.12 7.20 6.89 7.03 7.16
7.09 7.41 7.65 7.36 6.89 6.24 5.61 5.06 4.58 4.16 4.02 4.35 5.04 5.61 5.79 5.53 5.32 5.42 5.75 6.36 6.84 7.30 7.69 7.95 7.96 7.79 7.49 7.09 6.56 6.00 5.52 5.27 5.25 5.45 5.66 5.73 5.86 6.16 6.55 6.73 6.58 6.05 5.29 4.94 5.21 5.79 6.39 6.71 6.69 6.19 5.78 5.50 5.42 5.52 5.70 5.75 5.71 5.83 5.91 6.15 6.21 6.04 5.61 4.91 4.31 3.95 3.93 4.13 4.42 4.62 4.82 5.07 5.25 5.30 5.63 6.14 6.88 7.87 8.75 9.41 9.60 9.38 9.02 8.68
7.30 7.42 7.30 6.91 6.44 5.93 5.52 5.08 4.53 3.98 3.70 3.75 4.13 4.81 5.30 5.37 5.27 5.42 5.91 6.52 7.01 7.42 7.74 7.99 8.06 8.02 7.91 7.70 7.31 6.75 6.10 5.59 5.49 5.79 6.12 6.41 6.69 6.99 7.23 7.50 7.63 7.43 7.21 6.98 7.11 7.50 7.72 7.45 6.93 6.32 5.82 5.58 5.39 5.47 5.67 5.74 5.75 5.97 6.14 6.37 6.38 6.19 5.79 5.17 4.54 4.18 4.08 4.15 4.26 4.39 4.50 4.65 4.87 5.05 5.33 5.72 6.25 7.01 8.18 9.35 10.19 10.23 9.74 9.07
