project/data/elevation/US_DEM2016/US_DEM2016_point_10-31-2019_1359_30m_ang.asc
ncols	125
nrows	167
xllcorner	-2042055.000000
yllcorner	1465035.000000
cellsize	30.000000
NODATA_value	-9999.000000
[rows 43 to 85 of 167, columns 0 to 95 of 125]
329 332 338 342 344 345 346 346 345 346 347 352 1 6 4 1 358 356 354 351 349 348 346 346 346 346 346 347 347 347 346 341 341 341 343 342 339 337 339 343 347 349 350 351 351 349 347 346 346 348 350 352 352 352 353 352 351 351 351 350 349 346 343 341 339 338 335 332 330 329 326 320 313 308 308 313 319 321 324 332 343 348 347 347 348 349 350 350 352 354 357 0 3 6 8 7
330 333 338 341 344 345 347 347 347 347 350 357 5 7 3 359 356 354 352 349 347 346 346 347 347 346 346 346 346 344 342 336 337 339 343 345 343 341 339 342 347 352 354 354 351 347 345 344 343 341 342 344 348 350 351 350 351 351 352 352 351 348 345 344 344 341 338 336 336 334 329 321 314 308 305 305 308 311 314 323 334 341 342 343 345 347 349 351 350 352 356 2 7 10 11 10
331 334 339 342 343 345 347 348 350 351 355 2 8 7 1 357 355 352 350 347 346 345 345 347 347 346 346 345 343 341 338 332 335 337 341 344 346 346 344 343 347 354 359 357 351 346 343 342 343 342 342 341 341 342 344 346 348 351 352 352 352 349 347 346 345 342 341 341 341 337 331 325 321 317 313 310 309 310 311 316 324 332 338 340 342 345 349 352 352 350 352 358 8 13 13 13
330 333 339 342 343 345 347 349 352 355 360 7 9 4 359 356 354 351 349 347 346 345 345 346 347 346 345 343 340 337 334 333 334 335 338 342 346 349 349 348 350 357 2 359 353 346 343 342 344 345 344 341 336 334 336 341 347 350 352 353 352 350 348 348 346 345 345 346 343 339 334 331 328 326 323 319 317 316 315 316 321 328 334 337 340 343 349 353 355 354 354 358 7 13 14 14
326 330 337 341 343 345 347 349 353 358 4 10 7 359 355 354 353 351 349 348 347 346 346 346 345 345 343 340 336 333 333 333 333 334 336 340 345 350 353 354 356 0 1 357 353 347 343 343 345 346 344 337 331 331 335 341 347 351 353 353 353 351 349 348 348 348 348 346 342 340 338 337 335 333 330 327 325 323 322 322 324 327 331 334 338 342 347 353 355 357 359 4 9 13 14 13
325 328 334 340 343 345 347 349 353 359 8 11 4 355 352 352 352 351 350 349 348 347 346 346 344 343 340 336 332 331 333 335 335 335 336 339 343 349 354 359 3 2 358 353 351 347 344 344 347 346 340 333 331 334 339 344 348 351 353 354 354 353 350 349 349 349 347 345 344 344 344 343 342 341 339 336 334 332 331 329 328 328 328 330 335 340 345 350 354 359 4 10 12 12 12 7
325 327 333 338 343 346 348 349 353 0 10 10 1 353 350 350 350 351 351 350 349 348 347 346 344 342 338 332 328 328 333 337 338 339 340 340 342 348 356 5 9 4 356 351 347 345 344 346 347 342 335 333 335 339 345 349 351 352 352 352 353 353 352 350 348 347 347 347 347 348 348 348 348 347 346 345 343 342 341 339 336 331 327 327 331 337 343 347 353 1 10 12 11 9 5 359
324 327 334 338 342 347 350 351 354 1 8 7 359 352 350 350 351 351 351 352 350 349 347 346 344 341 336 329 325 326 332 336 338 342 345 344 346 352 2 11 11 5 356 350 346 344 344 345 344 339 336 336 339 345 351 353 353 352 351 350 350 351 351 349 346 345 347 348 349 350 351 350 350 350 350 350 350 350 350 350 347 341 333 328 328 333 340 345 352 4 13 12 9 5 360 355
322 326 334 339 342 347 351 352 355 1 5 2 356 353 352 352 352 352 353 353 352 350 348 346 343 340 334 326 323 324 329 332 336 342 346 349 353 360 7 10 7 1 356 352 348 345 343 344 343 341 340 340 344 350 355 356 355 352 350 348 347 347 348 346 343 343 344 346 347 348 349 349 350 350 351 352 353 354 355 355 354 351 344 337 332 333 338 344 354 7 12 11 8 5 0 354
321 325 333 338 342 346 350 353 356 360 0 357 354 353 353 354 354 354 354 354 354 352 350 346 342 338 332 325 321 322 326 328 333 339 345 352 359 5 6 4 1 357 354 352 348 344 341 342 344 345 345 347 350 354 357 359 358 355 352 349 346 345 344 341 340 339 339 338 337 336 338 341 344 345 348 350 352 353 354 355 355 354 351 348 342 338 338 344 356 7 10 10 10 8 3 358
323 325 330 335 339 344 349 352 356 358 357 353 352 353 355 356 356 356 355 355 355 353 351 346 341 336 331 325 322 322 324 326 331 336 343 352 2 4 2 359 357 354 352 349 344 340 338 340 345 349 351 353 354 357 359 1 1 359 354 350 347 345 342 340 337 336 335 332 329 328 328 330 333 337 340 344 347 348 349 349 349 350 350 349 347 344 343 347 357 3 6 8 10 6 1 357
326 327 331 334 337 341 345 350 355 358 356 352 351 355 358 359 358 356 356 356 355 353 350 345 341 336 331 327 325 325 327 329 331 335 341 353 3 2 358 355 353 351 348 344 338 335 335 339 345 351 354 356 358 360 2 4 3 360 354 350 347 345 343 341 339 336 335 333 332 331 329 325 322 323 328 333 337 340 342 341 337 336 336 337 341 344 347 351 355 359 2 5 4 360 357 353
329 330 333 335 338 340 342 346 353 357 356 353 354 358 1 1 359 357 355 354 354 352 349 345 341 336 332 329 327 328 330 332 332 334 341 354 2 1 356 353 350 347 344 338 333 331 333 339 346 351 355 358 1 3 5 6 4 359 353 349 347 346 345 343 340 337 336 337 336 334 331 326 319 317 319 322 323 326 330 330 326 324 325 328 334 342 348 352 354 356 358 360 358 356 353 348
332 333 336 339 342 344 344 344 349 355 357 357 0 4 4 2 0 357 353 351 351 350 349 346 342 338 335 331 328 329 332 335 335 336 343 355 1 360 356 353 349 344 339 333 329 329 333 340 346 351 355 358 2 6 8 8 4 357 352 349 349 348 346 343 339 337 338 340 340 338 334 330 328 327 325 321 316 316 321 324 324 324 327 331 337 343 348 351 353 354 355 356 354 352 347 343
330 333 339 344 347 349 348 347 349 354 358 1 4 5 5 2 360 356 353 350 349 349 348 346 344 341 339 334 331 332 336 339 340 342 348 355 358 358 356 353 349 343 336 330 327 328 334 339 344 349 352 357 4 9 11 10 5 359 355 353 352 350 348 343 338 337 339 343 342 340 337 336 337 339 338 331 325 325 326 326 326 328 331 336 342 346 349 351 352 353 353 353 351 347 342 340
327 331 339 346 351 353 352 351 352 356 360 2 3 3 2 0 357 355 353 351 349 348 347 346 344 344 342 337 333 335 340 343 345 349 353 355 355 355 354 353 349 343 335 328 325 329 334 338 341 344 348 355 4 10 12 11 7 2 358 355 353 352 349 345 340 340 342 344 342 340 340 342 345 347 343 337 332 331 329 329 329 331 336 342 346 349 350 351 351 351 351 351 347 342 339 340
323 327 338 346 352 355 355 355 356 359 0 360 359 358 357 356 354 352 351 350 349 347 345 344 344 345 343 338 335 337 341 343 346 351 354 356 354 352 351 350 348 343 335 329 325 328 331 334 336 337 341 351 2 9 11 11 8 4 359 355 352 350 348 346 344 344 346 345 342 342 344 348 352 350 343 338 335 334 333 332 333 336 340 345 349 350 351 351 350 349 349 347 343 339 339 346
321 325 337 345 350 355 357 359 1 2 1 357 354 352 351 350 349 348 347 347 346 345 342 341 342 344 341 337 336 340 344 344 345 348 352 354 353 351 349 348 346 342 336 330 326 327 329 329 330 331 336 344 356 4 8 8 6 2 358 354 350 347 345 345 347 350 351 347 344 345 348 353 353 348 344 341 339 338 337 337 338 341 345 347 350 351 351 350 349 347 346 344 340 339 345 354
320 324 336 344 349 353 357 2 6 6 2 356 349 346 344 344 343 343 341 340 339 337 336 336 339 339 335 332 334 341 347 349 348 348 349 352 352 350 349 347 346 343 337 332 330 332 332 331 331 333 336 342 350 359 3 4 2 359 357 353 348 344 342 343 348 353 353 349 347 349 352 353 351 348 346 344 343 343 343 343 344 346 348 349 351 351 351 349 347 345 344 341 338 341 350 354
320 324 335 343 348 352 357 4 10 11 6 357 347 339 336 336 337 338 336 330 326 325 326 330 334 333 328 326 330 339 347 351 352 352 351 351 350 349 349 348 347 345 340 335 335 338 340 338 337 338 341 345 350 357 360 360 358 356 353 348 344 342 341 342 347 353 352 350 351 353 354 352 350 350 349 347 346 347 349 349 350 351 352 352 352 352 350 347 345 343 341 339 338 342 349 350
323 326 335 343 348 353 358 7 15 17 12 3 350 338 330 328 331 337 338 331 322 316 316 322 329 328 324 323 326 334 342 348 352 354 355 354 352 350 350 350 348 345 340 337 338 343 345 344 343 343 345 348 353 358 359 358 355 352 347 343 340 340 340 344 348 349 348 347 350 354 353 351 350 349 349 348 348 350 352 354 355 355 356 356 354 352 349 345 342 340 339 338 338 342 345 345
327 330 338 344 349 354 1 11 18 20 15 8 358 348 339 332 332 338 342 340 334 325 320 321 325 325 322 321 325 332 337 341 348 354 358 359 357 353 352 351 348 343 338 336 339 344 347 347 347 348 349 351 355 358 358 356 352 347 342 338 338 339 342 346 348 346 343 344 349 352 351 350 349 348 348 349 349 350 353 355 357 358 358 358 356 352 347 343 339 337 336 336 337 339 341 341
329 333 341 347 351 357 5 14 18 17 13 7 2 357 351 343 337 337 341 344 343 338 332 328 326 324 323 323 327 333 336 337 341 348 356 0 360 356 353 351 347 342 337 335 338 343 346 347 350 353 353 353 355 357 357 354 349 344 338 337 339 341 345 348 347 343 338 339 345 349 349 349 347 345 346 348 350 350 351 354 357 359 359 359 355 348 341 338 336 335 334 333 334 336 337 337
330 333 342 349 354 0 8 13 14 11 8 5 4 2 357 350 342 337 338 343 345 344 339 334 329 326 325 327 333 338 340 339 340 344 351 356 356 354 352 349 345 341 336 334 336 341 344 346 351 355 355 355 355 356 356 352 347 341 337 338 342 344 347 349 347 340 335 336 342 346 347 348 348 345 344 346 350 352 351 352 355 358 358 355 347 337 331 331 332 334 334 334 333 334 335 336
330 334 343 351 357 4 9 10 7 4 3 3 4 4 1 355 348 341 337 339 342 343 342 337 332 328 328 330 337 343 345 345 344 344 348 351 352 351 350 348 345 340 336 334 335 338 341 345 350 354 356 356 356 355 354 349 344 339 338 341 344 346 349 350 345 338 335 335 340 343 345 347 348 348 346 346 351 356 357 356 356 358 356 346 334 326 324 326 329 332 334 335 336 337 337 338
329 334 345 353 359 6 8 6 1 358 358 0 2 2 1 358 353 346 340 338 339 340 341 338 333 330 330 333 339 344 348 349 348 347 349 350 349 349 349 347 344 341 338 335 334 335 338 342 347 350 353 354 354 353 350 346 341 339 341 343 345 347 350 347 343 337 334 334 336 338 341 342 344 347 350 351 356 4 9 4 356 352 348 337 328 323 323 326 328 329 332 336 339 341 341 342
329 334 346 355 2 7 9 5 359 354 352 354 356 358 358 358 356 351 344 339 338 338 338 335 333 332 333 335 339 343 347 349 350 350 351 350 350 350 349 347 344 342 340 338 335 336 340 343 346 347 347 348 349 349 347 343 341 342 345 344 344 346 346 343 340 337 334 332 332 332 332 333 336 342 350 359 6 11 8 358 349 345 341 334 327 325 325 327 328 329 333 339 342 345 346 346
329 334 347 356 4 9 11 8 2 355 348 346 347 350 353 355 355 353 348 343 339 338 336 334 333 334 336 338 339 340 342 344 347 350 351 351 351 350 348 346 344 343 343 340 338 338 343 345 345 344 342 342 344 347 347 345 345 347 346 344 344 344 341 338 337 337 337 336 337 336 335 335 338 344 353 3 6 3 356 349 345 342 339 334 330 330 331 333 333 335 338 343 346 348 350 350
331 336 348 358 6 11 12 10 7 1 352 343 339 340 345 349 352 351 349 345 342 339 335 334 334 337 340 341 341 340 339 339 342 346 349 350 350 348 346 344 344 344 344 341 338 340 344 345 344 343 342 343 345 349 351 351 353 353 351 349 348 347 343 340 339 340 343 344 345 344 344 345 348 353 358 359 357 353 348 344 341 341 339 336 335 336 340 342 342 343 346 348 350 351 353 355
333 337 349 359 8 11 11 9 6 4 358 350 342 338 340 344 348 348 349 346 343 340 336 335 337 341 345 346 345 344 342 341 342 343 346 348 349 347 345 344 345 346 345 341 338 341 344 345 345 345 346 347 349 352 354 355 356 356 355 354 354 352 349 345 343 343 347 349 349 349 350 353 356 358 357 354 351 347 342 340 340 341 342 340 339 341 346 350 352 353 353 354 354 355 358 1
334 339 350 1 9 10 8 5 3 1 359 354 349 344 342 342 344 344 346 345 343 341 338 337 339 344 348 349 349 347 345 345 346 346 346 348 349 347 346 346 347 347 346 342 339 341 344 345 346 347 349 352 354 355 355 354 354 355 355 354 354 351 348 345 344 345 350 352 353 353 357 359 359 356 351 348 346 342 338 337 339 342 344 344 344 346 351 355 359 1 1 360 359 360 2 5
336 340 351 2 8 9 6 1 358 356 355 353 352 350 347 343 341 340 342 340 344 339 338 339 341 344 348 351 351 350 348 347 348 348 349 349 349 347 347 348 348 348 346 342 339 339 342 344 346 347 349 352 355 356 355 354 352 352 352 352 351 348 345 344 345 349 353 355 356 359 1 0 355 349 344 342 341 337 334 335 338 342 345 347 349 352 353 355 0 5 7 5 3 4 6 7
337 342 353 2 8 8 3 356 352 350 350 350 351 350 347 343 340 337 338 341 343 343 343 342 342 343 346 350 353 352 350 349 348 348 349 348 348 348 348 348 347 347 345 341 338 338 340 341 343 344 345 348 352 355 355 353 351 350 349 348 347 345 344 347 351 355 356 355 358 1 0 356 350 344 340 339 338 335 334 335 338 340 342 345 351 355 356 355 358 5 9 8 6 7 8 7
338 343 354 3 6 5 358 351 347 346 346 347 348 347 344 341 336 335 336 338 341 344 345 345 344 343 344 349 352 353 352 352 351 349 347 347 348 348 349 348 347 345 343 340 338 338 340 342 343 344 345 346 349 352 353 352 350 349 348 346 344 344 348 356 0 359 355 355 357 358 355 351 346 342 340 339 338 337 337 339 340 337 335 336 343 353 358 359 360 3 7 8 7 8 8 6
336 342 355 3 3 358 352 349 346 345 344 344 343 342 339 337 332 335 336 339 341 344 346 347 346 344 344 347 350 353 354 355 354 351 349 349 350 351 352 350 347 345 342 340 338 337 340 343 343 344 345 346 347 348 350 350 350 349 348 346 345 348 356 2 1 357 355 354 354 353 351 347 344 343 343 342 341 341 344 346 347 343 338 333 334 342 353 0 4 5 6 7 7 8 7 4
333 341 356 2 359 353 349 349 349 348 346 343 341 338 336 334 334 335 337 340 342 345 347 348 346 344 344 345 347 351 354 356 356 354 352 353 355 356 354 350 347 344 342 339 336 335 336 339 339 339 340 342 342 343 346 348 348 348 347 347 349 355 0 360 357 355 353 351 350 350 348 345 344 346 347 344 344 344 347 351 353 352 348 342 338 338 346 356 4 8 7 6 6 6 5 1
333 341 357 1 357 351 350 351 351 350 347 343 340 336 334 334 334 336 339 342 343 346 347 348 347 344 343 343 344 347 351 355 357 356 355 357 360 359 355 351 348 345 343 340 336 333 333 334 334 335 337 339 340 342 345 347 347 348 347 348 353 358 358 355 352 350 349 347 347 347 346 342 343 344 346 347 348 346 348 352 356 357 355 350 346 344 345 352 1 6 6 4 4 4 2 358
336 343 355 359 356 352 351 351 350 348 345 341 338 335 334 334 335 337 340 343 345 347 348 349 348 345 341 340 339 341 344 350 354 356 357 0 3 2 358 355 352 349 347 345 341 338 336 335 334 335 337 339 341 343 346 348 349 351 352 353 356 357 354 350 347 344 343 344 345 345 342 339 339 342 346 348 348 347 346 348 353 357 358 356 353 350 349 352 358 2 2 1 2 1 358 354
342 346 352 356 355 352 350 349 348 345 342 338 335 334 334 335 336 338 341 344 346 347 349 351 350 346 342 339 335 333 334 337 344 351 357 1 3 2 359 357 354 352 350 349 347 344 340 338 337 337 338 339 340 343 347 349 352 355 356 356 356 354 350 345 341 339 339 342 345 343 339 336 336 340 345 347 349 348 348 346 348 353 358 359 358 355 353 354 357 359 358 358 358 357 353 349
348 348 350 353 353 351 349 347 345 342 339 335 333 333 334 336 338 339 342 346 347 347 350 351 351 348 345 342 336 330 326 326 330 340 352 359 1 360 357 355 352 351 351 350 349 346 343 341 340 340 339 339 340 342 347 350 352 353 355 356 355 352 348 342 338 336 339 344 345 342 338 335 336 339 344 347 348 349 350 349 347 348 354 360 1 360 358 357 357 356 355 355 355 352 348 346
349 349 351 353 351 349 346 344 341 338 336 333 332 333 335 338 340 342 346 348 347 348 351 351 350 350 348 346 343 337 332 330 329 334 344 354 358 357 354 351 349 350 350 350 349 347 343 341 341 341 341 340 341 344 347 350 351 351 353 354 352 350 345 340 335 335 341 345 345 342 338 335 334 338 341 343 345 348 350 351 349 347 350 357 1 2 2 1 357 355 354 353 351 348 346 346
346 349 353 353 350 346 344 342 339 336 333 332 332 334 337 339 342 346 349 350 350 351 352 350 349 349 347 347 347 345 342 339 337 337 341 349 355 355 350 348 348 350 350 349 348 346 343 341 343 343 343 343 344 345 348 350 350 350 350 350 349 347 343 338 334 335 341 344 343 342 339 336 333 334 335 335 338 342 347 349 351 349 348 351 357 2 5 4 0 356 354 353 351 349 349 352
345 348 353 353 349 344 342 339 337 334 332 332 332 335 338 342 345 349 353 352 352 353 351 348 347 347 345 345 347 348 348 347 345 342 342 347 351 350 348 348 350 350 350 349 347 345 342 341 344 347 347 347 347 347 348 349 349 349 348 348 347 345 342 338 334 335 339 341 342 343 341 338 336 334 332 328 327 330 336 341 346 348 347 346 352 359 4 5 4 0 356 354 354 355 357 359
