project/data/elevation/US_DEM2016/US_DEM2016_point_10-31-2019_1601_30m_vel.asc
ncols	125
nrows	167
xllcorner	-2042055.000000
yllcorner	1465035.000000
cellsize	30.000000
NODATA_value	-9999.000000
[rows 0 to 36 of 167, columns 0 to 83 of 125]
6.76 6.37 6.24 6.96 7.97 9.03 10.04 10.80 11.08 11.28 11.73 12.49 12.64 11.85 11.37 11.59 11.89 11.80 11.01 10.06 9.38 9.43 10.06 10.71 11.19 11.29 10.97 9.87 8.32 6.77 5.47 4.48 3.91 3.74 3.78 3.91 4.25 4.84 5.44 5.74 5.84 5.88 5.97 5.97 5.71 5.35 5.07 5.14 5.64 6.68 7.89 9.10 10.11 11.02 11.29 11.27 10.94 9.95 9.07 8.53 8.26 8.21 8.31 8.71 8.98 9.02 8.85 8.36 7.46 6.91 6.84 7.10 7.49 7.88 8.17 8.34 8.51 8.80 9.27 9.73 10.06 9.93 9.13 8.94
6.76 6.37 6.24 6.96 7.97 9.03 10.04 10.80 11.08 11.28 11.73 12.49 12.64 11.85 11.37 11.59 11.89 11.80 11.01 10.06 9.38 9.43 10.06 10.71 11.19 11.29 10.97 9.87 8.32 6.77 5.47 4.48 3.91 3.74 3.78 3.91 4.25 4.84 5.44 5.74 5.84 5.88 5.97 5.97 5.71 5.35 5.07 5.14 5.64 6.68 7.89 9.10 10.11 11.02 11.29 11.27 10.94 9.95 9.07 8.53 8.26 8.21 8.31 8.71 8.98 9.02 8.85 8.36 7.46 6.91 6.84 7.10 7.49 7.88 8.17 8.34 8.51 8.80 9.27 9.73 10.06 9.93 9.13 8.94
6.45 6.21 6.35 7.07 7.84 8.77 9.64 10.27 10.55 10.63 10.92 11.47 11.60 11.24 10.87 10.92 11.09 11.08 10.56 9.73 9.32 9.50 9.99 10.31 10.40 10.23 9.57 8.47 7.29 6.08 5.04 4.31 3.96 3.92 3.98 4.10 4.40 4.84 5.24 5.47 5.48 5.50 5.60 5.77 5.92 5.93 5.89 5.94 6.42 7.29 8.27 9.07 9.69 10.16 10.37 10.36 10.20 9.78 9.12 8.46 8.00 7.77 7.92 8.25 8.45 8.45 8.39 8.25 8.04 7.71 7.56 7.58 7.66 7.73 7.80 7.89 8.10 8.49 8.92 9.12 9.09 9.03 8.92 9.09
6.46 6.39 6.84 7.43 7.92 8.43 9.00 9.24 9.18 9.11 9.27 9.44 9.52 9.46 9.47 9.39 9.33 9.49 9.40 9.11 9.22 9.61 9.75 9.37 8.77 8.10 7.29 6.59 5.92 5.26 4.70 4.43 4.47 4.65 4.75 4.78 4.85 5.03 5.14 5.18 5.37 5.59 5.83 6.16 6.61 6.95 7.16 7.29 7.61 8.18 8.73 8.93 8.81 8.59 8.51 8.26 8.18 8.39 8.47 8.32 8.01 7.76 7.61 7.56 7.38 7.25 7.33 7.66 8.04 8.28 8.29 8.08 7.76 7.43 7.22 7.23 7.45 7.82 8.06 7.86 7.56 7.92 8.64 9.26
6.80 6.87 7.41 7.78 8.02 8.32 8.47 8.47 8.18 7.95 7.89 7.87 7.85 7.85 8.01 7.98 7.88 8.03 8.38 8.79 9.31 9.53 9.22 8.28 7.22 6.45 6.09 5.86 5.60 5.36 5.23 5.33 5.60 5.81 5.82 5.65 5.49 5.52 5.53 5.59 5.96 6.38 6.80 7.23 7.46 7.65 7.78 8.00 8.33 8.71 8.91 8.70 8.15 7.54 7.02 6.25 5.86 6.06 6.74 7.45 7.78 7.80 7.61 7.13 6.72 6.40 6.27 6.44 6.82 7.12 7.23 7.15 6.97 6.79 6.73 6.79 6.97 7.17 7.23 7.08 7.05 7.65 8.53 8.96
6.93 7.08 7.64 7.99 8.04 8.14 8.13 7.78 7.51 7.33 7.10 6.94 6.94 7.09 7.48 7.63 7.56 7.56 8.00 8.65 9.15 9.03 8.30 7.07 6.03 5.65 5.66 5.75 5.83 5.94 6.14 6.41 6.61 6.58 6.37 6.13 6.02 6.03 6.06 6.11 6.30 6.58 7.02 7.56 7.85 7.93 8.02 8.30 8.60 8.87 8.91 8.55 7.94 7.00 6.02 5.26 5.09 5.36 5.81 6.26 6.68 6.94 6.90 6.52 6.15 5.87 5.70 5.63 5.61 5.59 5.60 5.64 5.72 5.88 6.06 6.25 6.45 6.63 6.77 6.85 7.04 7.52 8.08 8.10
7.18 7.42 7.89 8.17 8.09 7.90 7.59 7.08 6.80 6.75 6.66 6.44 6.39 6.87 7.58 7.74 7.73 7.71 7.78 7.98 8.28 8.09 7.26 6.20 5.65 5.52 5.56 5.69 5.96 6.38 6.78 7.06 7.04 6.90 6.71 6.62 6.67 6.68 6.56 6.39 6.34 6.47 6.76 7.16 7.43 7.38 7.39 7.66 8.17 8.57 8.74 8.48 7.82 7.18 6.58 6.16 6.28 6.46 6.42 6.21 5.98 5.88 5.78 5.64 5.46 5.30 5.25 5.27 5.25 5.15 5.04 5.01 5.08 5.24 5.44 5.65 5.84 6.07 6.39 6.70 6.98 7.27 7.41 7.10
7.46 7.81 8.36 8.38 8.18 7.58 6.91 6.36 6.32 6.54 6.49 6.15 6.15 6.81 7.54 7.56 7.42 7.34 7.14 6.99 7.17 7.08 6.49 5.91 5.67 5.60 5.61 5.70 6.01 6.53 7.04 7.34 7.42 7.51 7.67 7.94 8.04 7.89 7.55 7.12 6.72 6.53 6.58 6.62 6.47 6.32 6.27 6.62 7.47 8.44 8.76 8.50 8.02 7.90 7.88 7.89 7.73 7.46 6.96 6.33 5.73 5.32 5.14 5.02 4.89 4.83 4.98 5.24 5.35 5.24 5.02 4.86 4.82 4.92 5.14 5.35 5.55 5.88 6.32 6.60 6.74 6.79 6.71 6.35
7.97 8.25 8.75 8.59 8.14 7.45 6.64 6.26 6.51 6.73 6.57 6.29 6.39 6.89 7.22 7.04 6.68 6.46 6.27 6.24 6.52 6.45 5.88 5.51 5.42 5.51 5.77 6.11 6.42 6.77 7.28 7.75 8.22 8.88 9.57 9.95 9.89 9.50 9.01 8.46 7.81 7.20 6.83 6.60 6.26 6.03 6.25 6.88 7.99 8.85 8.88 8.16 7.55 7.50 7.62 7.65 7.40 6.88 6.22 5.66 5.24 4.99 4.90 4.87 4.83 4.93 5.32 5.69 5.66 5.33 4.96 4.77 4.84 5.15 5.56 5.87 6.16 6.62 6.96 6.94 6.70 6.45 6.30 6.19
8.28 8.56 8.79 8.54 8.05 7.52 6.89 6.88 7.34 7.59 7.29 6.95 6.97 7.08 6.93 6.54 6.05 5.76 5.80 6.05 6.38 6.10 5.40 5.08 5.16 5.42 5.87 6.40 6.87 7.32 7.92 8.58 9.37 10.20 10.68 10.67 10.38 10.05 9.80 9.51 9.03 8.41 7.84 7.40 6.96 6.87 7.12 7.86 8.82 9.19 8.66 7.24 6.18 5.50 5.48 5.70 5.69 5.36 5.01 4.78 4.63 4.61 4.75 4.99 5.34 5.71 6.21 6.44 6.03 5.37 5.02 5.08 5.57 6.26 6.81 7.20 7.62 8.06 8.21 7.93 7.45 7.10 6.97 6.86
8.71 8.56 8.53 8.43 8.14 7.93 7.92 8.40 8.86 8.84 8.47 8.01 7.63 7.23 6.69 6.11 5.70 5.71 6.05 6.46 6.61 6.17 5.50 5.21 5.31 5.59 5.95 6.48 7.27 8.18 8.95 9.60 10.11 10.24 9.85 9.18 8.94 9.21 9.53 9.66 9.57 9.23 8.71 8.17 7.80 7.62 7.69 8.39 9.14 9.10 7.96 6.41 5.25 4.57 4.32 4.26 4.26 4.29 4.30 4.29 4.33 4.54 4.97 5.51 6.13 6.76 7.13 6.96 6.35 5.63 5.49 6.01 6.88 7.65 8.22 8.66 9.06 9.22 9.02 8.62 8.32 8.14 7.96 7.69
8.93 8.37 8.11 8.48 8.78 9.11 9.61 10.13 10.38 10.03 9.48 8.97 8.37 7.51 6.64 6.14 5.93 6.14 6.62 6.97 6.92 6.42 5.88 5.63 5.72 6.04 6.50 7.22 8.18 9.07 9.54 9.74 9.54 8.81 7.68 7.01 7.23 7.90 8.38 8.66 8.93 9.09 9.02 8.75 8.38 8.08 8.10 8.70 9.03 8.51 7.03 5.91 5.20 4.59 4.12 3.80 3.75 3.93 4.10 4.24 4.53 5.09 5.77 6.42 7.05 7.50 7.55 7.22 6.75 6.45 6.43 7.07 7.89 8.60 9.08 9.33 9.26 8.82 8.03 7.47 7.30 7.30 7.31 7.23
8.58 8.05 7.71 8.34 9.13 9.85 10.40 10.64 10.62 10.29 9.87 9.46 8.93 7.98 7.14 6.74 6.59 6.62 6.85 6.98 6.78 6.30 5.92 5.84 6.08 6.58 7.27 8.02 8.57 8.80 8.71 8.27 7.44 6.34 5.64 5.84 6.47 6.79 6.74 6.96 7.47 8.02 8.50 8.74 8.65 8.38 8.36 8.78 8.57 7.41 6.00 5.18 4.49 3.94 3.59 3.56 3.75 4.03 4.34 4.72 5.28 6.02 6.71 7.21 7.54 7.66 7.56 7.42 7.35 7.33 7.47 8.00 8.77 9.22 9.18 8.69 7.78 6.58 5.57 5.12 5.12 5.39 5.71 5.92
8.40 8.22 8.00 8.09 8.53 9.09 9.42 9.43 9.19 9.07 9.10 9.07 8.89 8.43 7.91 7.48 7.14 6.86 6.70 6.49 6.09 5.70 5.62 5.79 6.16 6.64 7.11 7.34 7.21 6.87 6.36 5.58 4.78 4.22 4.33 5.04 5.47 5.38 5.27 5.51 5.91 6.45 7.05 7.51 7.85 8.05 8.29 8.51 8.09 6.73 5.35 4.20 3.43 3.18 3.35 3.79 4.18 4.48 4.90 5.54 6.22 6.89 7.37 7.66 7.80 7.86 7.88 7.90 7.94 7.95 8.18 8.83 9.28 8.98 7.99 6.63 5.36 4.55 4.19 4.28 4.71 5.26 5.60 5.59
8.60 8.69 8.30 7.80 7.35 7.25 7.14 6.79 6.47 6.62 7.06 7.50 7.78 7.97 7.99 7.78 7.38 6.90 6.44 5.94 5.37 5.14 5.28 5.54 5.76 5.88 5.80 5.46 5.04 4.74 4.41 4.05 3.84 3.86 4.09 4.35 4.47 4.53 4.61 4.77 4.94 5.17 5.49 5.91 6.54 7.58 8.16 8.35 7.80 6.63 5.12 3.89 3.41 3.59 4.18 4.70 4.89 5.03 5.49 6.28 7.13 7.70 8.12 8.39 8.58 8.75 8.80 8.71 8.56 8.49 8.77 9.22 8.86 7.44 5.81 4.79 4.48 4.36 4.44 4.94 5.70 6.38 6.57 6.45
8.74 8.55 7.85 7.05 6.01 5.32 4.81 4.35 4.24 4.45 4.86 5.24 5.74 6.39 7.05 7.36 7.24 6.80 6.23 5.60 5.12 5.00 5.08 5.15 5.09 4.88 4.58 4.35 4.25 4.19 4.14 4.20 4.44 4.65 4.68 4.72 4.81 4.95 5.05 5.13 5.19 5.31 5.56 6.11 6.92 8.01 8.46 8.28 7.43 6.14 5.02 4.45 4.41 4.91 5.51 5.77 5.63 5.64 6.23 7.27 8.18 8.86 9.29 9.53 9.77 10.03 10.08 9.90 9.63 9.45 9.43 9.00 7.55 5.85 5.02 5.03 5.27 5.26 5.36 5.91 6.79 7.40 7.51 7.71
8.44 7.75 6.68 5.83 4.72 4.07 3.86 3.80 3.88 4.27 4.65 4.84 5.16 5.73 6.33 6.73 6.82 6.61 6.15 5.65 5.32 5.15 5.01 4.85 4.69 4.55 4.56 4.72 4.84 4.84 4.80 4.85 5.12 5.52 5.73 5.87 6.00 6.06 6.06 6.15 6.40 6.80 7.28 7.98 8.73 9.10 8.79 8.06 7.05 6.09 5.42 5.26 5.57 6.14 6.67 6.80 6.55 6.73 7.59 8.73 9.75 10.41 10.70 10.77 10.77 10.85 10.93 10.91 10.78 10.39 9.75 8.63 6.85 6.02 6.21 6.65 6.71 6.46 6.46 6.99 7.75 8.30 8.66 9.10
8.04 7.36 6.09 4.93 4.18 4.04 4.47 4.98 5.47 6.03 6.42 6.53 6.71 6.80 6.72 6.52 6.43 6.41 6.22 5.91 5.59 5.27 4.98 4.81 4.82 4.98 5.26 5.53 5.72 5.80 5.76 5.65 5.80 6.24 6.66 6.98 7.17 7.22 7.19 7.37 7.92 8.49 9.10 9.62 9.78 9.27 8.32 7.38 6.72 6.31 5.98 6.03 6.50 7.20 7.65 7.64 7.61 8.05 9.15 10.34 11.17 11.44 11.33 11.10 10.86 10.72 10.74 10.78 10.86 10.60 10.00 9.31 8.38 8.21 8.75 9.10 8.94 8.53 8.44 8.65 9.00 9.40 9.84 10.09
7.89 7.32 6.02 4.91 4.65 5.44 6.57 7.46 8.15 8.62 8.87 8.94 8.78 8.22 7.42 6.75 6.43 6.36 6.29 6.08 5.76 5.42 5.16 5.13 5.33 5.62 5.87 6.14 6.43 6.65 6.77 6.86 7.03 7.28 7.62 8.01 8.35 8.49 8.63 8.98 9.46 9.85 10.02 9.82 9.07 7.80 6.55 6.02 6.19 6.33 6.57 6.96 7.60 8.22 8.41 8.16 8.33 9.20 10.40 11.20 11.41 11.11 10.57 10.17 10.00 9.97 10.09 10.11 10.04 10.07 10.27 10.49 10.88 11.18 11.50 11.81 11.84 11.66 11.45 11.13 10.85 10.69 10.59 10.22
7.44 6.59 5.30 4.89 5.70 7.25 8.74 9.78 10.37 10.49 10.35 10.06 9.60 8.78 7.95 7.30 6.85 6.56 6.37 6.19 5.95 5.77 5.71 5.82 6.00 6.19 6.41 6.72 7.04 7.36 7.76 8.25 8.73 9.12 9.38 9.60 9.66 9.64 9.90 10.29 10.42 10.19 9.61 8.57 7.16 5.73 4.94 5.04 5.94 6.67 7.35 8.02 8.60 8.83 8.69 8.46 8.96 10.07 10.77 10.92 10.41 9.62 8.92 8.58 8.64 8.91 9.18 9.26 9.11 9.22 9.95 10.79 11.60 12.11 12.45 12.89 13.17 13.15 12.87 12.45 11.88 11.36 10.68 9.76
6.26 5.49 4.86 5.50 7.26 9.17 10.41 10.94 11.01 10.68 10.19 9.70 9.21 8.66 8.21 7.76 7.27 6.77 6.48 6.33 6.27 6.36 6.59 6.81 6.95 7.05 7.30 7.62 7.93 8.32 8.94 9.71 10.39 10.87 11.06 10.84 10.47 10.30 10.39 10.37 9.90 9.00 7.81 6.40 5.21 4.62 4.70 5.49 6.68 7.66 8.58 9.30 9.57 9.33 8.98 9.04 9.68 10.22 10.34 9.73 8.75 7.80 7.08 6.69 6.90 7.12 7.28 7.42 7.60 7.96 8.60 9.44 10.29 10.83 11.19 11.55 11.84 11.93 11.91 11.71 11.37 10.84 10.21 9.38
6.30 6.09 6.38 7.68 9.44 10.73 11.09 10.82 10.27 9.53 8.98 8.60 8.24 8.05 7.92 7.67 7.28 6.84 6.64 6.71 6.98 7.43 7.89 8.18 8.35 8.47 8.68 8.96 9.30 9.81 10.50 11.09 11.37 11.35 10.99 10.42 10.07 9.87 9.62 8.92 7.89 6.75 5.52 4.54 4.32 4.77 5.70 6.97 7.97 8.96 9.73 10.03 9.97 9.79 9.49 9.55 9.81 9.75 9.16 8.01 6.87 5.94 5.10 4.80 4.95 4.95 4.82 5.03 5.56 6.10 6.98 7.61 8.00 8.15 8.22 8.40 8.35 8.57 8.88 9.05 9.53 9.82 9.76 9.63
7.56 8.11 9.19 10.13 10.89 11.17 10.62 9.70 8.79 8.21 7.91 7.65 7.39 7.27 7.20 7.12 6.99 6.86 6.95 7.31 7.92 8.58 9.09 9.43 9.58 9.75 10.00 10.32 10.73 11.23 11.59 11.52 10.98 10.11 9.11 8.48 8.63 8.50 7.75 6.57 5.41 4.63 4.08 4.17 4.84 5.74 6.93 8.10 9.12 9.92 10.16 10.06 9.78 9.63 9.58 9.48 9.26 8.67 7.57 6.34 5.24 4.21 3.63 3.69 3.93 3.95 3.96 4.28 4.75 5.29 5.92 6.50 6.67 6.47 6.16 6.02 6.14 6.72 7.20 7.50 8.00 8.64 9.17 9.42
8.56 9.30 10.33 10.74 10.82 10.41 9.41 8.49 7.70 7.41 7.29 7.05 6.83 6.66 6.59 6.64 6.74 6.91 7.18 7.54 7.98 8.43 8.90 9.42 9.76 10.10 10.53 10.97 11.29 11.40 11.10 10.23 8.93 7.76 6.98 6.86 6.96 6.45 5.37 4.46 3.88 3.74 4.08 5.01 5.92 6.83 7.93 8.95 9.80 10.07 9.72 9.19 8.87 8.83 8.87 8.75 8.35 7.61 6.47 5.36 4.33 3.47 3.28 3.62 3.94 4.09 4.42 5.01 5.44 5.54 5.69 5.92 5.99 5.73 5.29 5.14 5.64 6.45 6.76 6.79 7.18 7.59 8.06 8.38
9.20 9.54 9.96 10.04 9.76 9.01 8.16 7.53 7.13 6.96 6.78 6.51 6.34 6.23 6.25 6.42 6.67 6.89 7.03 7.08 7.13 7.25 7.60 8.21 9.02 9.72 10.34 10.67 10.58 10.03 9.01 7.64 6.30 5.55 5.32 5.37 5.04 4.34 3.73 3.59 3.79 4.34 5.26 6.18 7.09 8.03 8.84 9.61 9.94 9.63 8.98 8.46 8.19 8.05 8.01 7.94 7.69 7.13 6.16 5.09 4.26 3.95 4.27 4.83 5.17 5.35 5.82 6.16 5.99 5.71 5.60 5.67 5.60 5.33 5.00 5.06 5.64 6.09 5.98 5.92 6.25 6.49 6.84 7.31
9.76 9.32 8.93 8.94 8.41 7.98 7.37 6.84 6.60 6.45 6.23 6.02 5.87 5.86 6.06 6.37 6.68 6.83 6.84 6.77 6.82 7.04 7.51 8.20 9.05 9.68 9.87 9.59 8.86 7.80 6.51 5.36 4.43 4.01 3.98 4.00 3.78 3.55 3.60 4.03 4.75 5.66 6.49 7.39 8.34 9.14 9.69 9.93 9.65 8.98 8.33 7.89 7.59 7.47 7.56 7.61 7.51 7.12 6.44 5.61 5.16 5.35 5.92 6.42 6.69 6.97 7.14 6.76 6.07 5.82 5.90 5.65 5.29 5.14 5.12 5.27 5.54 5.56 5.34 5.41 5.67 5.81 6.11 6.78
10.06 9.34 8.41 8.21 8.00 7.68 7.36 6.91 6.61 6.45 6.23 6.04 5.90 5.96 6.20 6.52 6.82 7.04 7.18 7.35 7.73 8.35 9.06 9.65 9.88 9.67 9.00 8.00 6.85 5.72 4.60 3.83 3.55 3.60 3.71 3.82 3.97 4.24 4.60 5.07 5.77 6.54 7.44 8.51 9.46 10.10 10.30 9.89 9.16 8.30 7.57 7.10 6.97 7.08 7.38 7.61 7.50 7.27 7.06 6.90 6.98 7.43 7.96 8.28 8.41 8.32 7.92 7.32 6.86 6.82 6.54 5.87 5.24 5.28 5.48 5.44 5.42 5.46 5.49 5.56 5.65 5.71 5.94 6.41
10.28 9.51 8.39 8.02 7.82 7.69 7.68 7.53 7.31 7.22 7.12 6.87 6.78 6.82 6.93 6.99 7.15 7.46 7.86 8.32 8.96 9.64 10.04 9.99 9.49 8.61 7.49 6.24 5.02 4.03 3.46 3.37 3.69 4.22 4.54 4.73 4.97 5.31 5.71 6.06 6.51 7.17 8.25 9.40 10.27 10.62 10.33 9.54 8.59 7.68 6.93 6.64 6.74 7.04 7.35 7.39 7.20 7.37 7.70 8.19 8.96 9.77 10.37 10.63 10.35 9.83 9.10 8.53 8.40 8.08 7.10 6.03 5.69 6.04 6.10 5.70 5.63 5.92 6.09 6.04 5.92 5.84 5.94 6.13
10.19 9.32 8.18 7.76 7.59 7.71 7.79 7.84 7.80 7.78 7.73 7.54 7.54 7.61 7.65 7.55 7.45 7.64 8.15 8.79 9.34 9.54 9.20 8.39 7.45 6.55 5.66 4.66 3.72 3.28 3.41 4.09 4.79 5.24 5.58 5.85 6.09 6.33 6.64 6.84 7.20 7.90 9.09 10.08 10.65 10.53 9.82 8.92 8.12 7.48 7.03 6.87 6.98 7.17 7.12 6.91 6.99 7.60 8.26 9.21 10.32 11.16 11.58 11.63 11.57 11.17 10.62 10.21 9.66 8.80 7.68 6.81 6.81 7.05 6.81 6.45 6.62 7.03 7.05 6.68 6.26 5.99 5.92 5.91
9.81 9.23 8.32 7.82 7.62 7.61 7.70 7.80 7.81 7.68 7.42 7.19 7.23 7.39 7.50 7.48 7.34 7.44 7.93 8.45 8.53 8.00 7.04 6.03 5.23 4.60 4.03 3.53 3.29 3.58 4.50 5.48 6.02 6.32 6.54 6.77 7.06 7.28 7.38 7.56 8.00 8.79 9.70 10.37 10.35 9.67 8.74 8.14 7.95 7.81 7.71 7.70 7.56 7.49 7.25 7.10 7.40 8.11 8.76 9.81 10.71 11.33 11.42 11.18 11.20 11.23 11.16 11.13 10.70 9.99 9.45 9.07 8.81 8.32 7.71 7.63 8.09 8.43 8.05 7.27 6.48 5.94 5.64 5.67
9.88 9.58 8.83 8.27 8.03 7.84 7.76 7.76 7.74 7.59 7.25 6.96 6.89 6.90 6.89 6.84 6.91 7.17 7.57 7.56 6.88 5.74 4.67 3.90 3.29 2.86 2.60 2.72 3.39 4.58 5.83 6.57 6.99 7.23 7.41 7.61 7.73 7.76 7.79 8.02 8.63 9.33 10.00 10.15 9.59 8.48 7.82 7.64 7.78 8.15 8.24 8.25 8.25 8.05 7.78 7.68 7.82 8.31 8.96 9.91 10.36 10.20 9.48 9.15 9.43 10.04 10.57 11.05 11.40 11.47 11.52 11.31 10.70 9.95 9.32 9.30 9.44 9.14 8.27 7.02 6.09 5.61 5.44 5.42
10.21 9.67 8.85 8.44 8.31 8.19 7.95 7.78 7.75 7.79 7.75 7.51 7.30 7.05 6.78 6.56 6.65 6.93 6.93 6.23 4.97 3.76 2.89 2.40 2.13 2.02 2.19 2.74 3.71 4.92 5.99 6.55 6.90 7.21 7.51 7.75 7.72 7.69 7.76 8.17 8.84 9.58 10.04 9.79 9.09 8.19 7.68 7.53 7.63 7.92 8.26 8.36 8.53 8.42 8.11 7.77 7.71 7.92 8.61 9.35 9.49 8.81 7.95 7.66 7.88 8.53 9.38 10.13 10.83 11.39 11.79 11.88 11.48 11.04 10.81 10.57 9.88 8.72 7.38 6.28 5.73 5.50 5.31 5.13
10.00 9.12 8.08 7.95 8.05 8.03 7.78 7.52 7.53 7.73 7.89 7.78 7.54 7.23 6.96 6.69 6.64 6.55 6.01 4.90 3.80 2.99 2.53 2.38 2.39 2.58 3.03 3.64 4.28 4.84 5.27 5.59 5.84 6.12 6.44 6.73 6.94 7.13 7.50 8.16 8.83 9.52 9.70 9.16 8.46 7.86 7.38 7.27 7.35 7.50 7.75 8.16 8.30 8.22 7.90 7.37 7.17 7.26 7.98 8.63 8.51 7.63 6.99 7.04 7.45 7.89 8.26 8.60 9.06 9.57 9.99 10.33 10.62 10.77 10.79 10.52 9.41 7.84 6.80 6.33 6.02 5.50 5.00 4.99
9.00 8.35 7.65 7.56 7.44 7.13 6.80 6.72 6.79 7.07 7.35 7.43 7.28 7.06 6.91 6.72 6.53 6.14 5.40 4.57 3.99 3.71 3.62 3.67 3.78 4.07 4.43 4.82 5.11 5.24 5.31 5.30 5.26 5.27 5.39 5.72 6.28 6.71 7.30 8.02 8.63 9.01 8.69 7.62 6.53 6.09 6.13 6.34 6.56 6.99 7.33 7.68 7.81 7.58 7.20 6.79 6.61 6.86 7.45 7.99 7.82 7.01 6.70 6.88 7.31 7.58 7.48 7.28 7.33 7.59 7.62 7.93 8.65 9.37 9.71 9.67 9.06 8.08 7.34 6.93 6.12 5.24 4.94 5.36
8.19 8.20 8.18 7.92 7.22 6.55 6.25 6.16 6.13 6.30 6.67 6.95 7.03 6.94 6.80 6.55 6.29 5.91 5.43 5.08 5.01 5.08 5.21 5.32 5.44 5.61 5.83 5.94 6.06 6.15 6.12 5.88 5.56 5.30 5.28 5.64 6.16 6.61 7.22 7.86 8.27 8.20 7.29 5.70 4.85 4.91 5.34 5.84 6.35 6.76 7.12 7.33 7.20 6.90 6.59 6.48 6.53 6.88 7.28 7.67 7.65 7.31 7.13 7.07 7.06 6.80 6.43 6.27 6.40 6.62 6.69 6.83 7.32 7.96 8.19 8.54 8.90 8.83 8.29 7.32 6.05 5.49 5.87 6.60
8.58 8.95 9.24 8.82 8.05 7.09 6.53 6.22 5.93 5.79 5.91 6.28 6.64 6.80 6.68 6.34 6.09 5.89 5.81 5.98 6.27 6.58 6.84 6.99 7.09 7.06 6.94 6.83 6.72 6.65 6.57 6.36 6.08 5.83 5.76 5.97 6.43 6.88 7.47 7.91 7.95 7.44 6.33 5.19 5.04 5.58 6.28 6.94 7.29 7.30 7.20 7.10 6.81 6.59 6.45 6.49 6.59 6.95 7.24 7.69 7.90 7.81 7.39 6.83 6.37 5.96 5.63 5.64 6.00 6.34 6.48 6.66 6.90 7.17 7.30 7.74 8.51 9.04 9.01 8.41 7.49 7.36 7.92 8.44
9.29 9.62 9.75 9.23 8.50 7.67 6.99 6.44 5.95 5.49 5.26 5.43 5.90 6.29 6.42 6.20 6.03 6.07 6.40 6.98 7.51 8.00 8.38 8.61 8.59 8.39 8.09 7.72 7.32 6.96 6.66 6.45 6.39 6.51 6.74 6.91 7.21 7.67 8.18 8.38 8.18 7.51 6.61 6.28 6.80 7.59 8.28 8.60 8.51 7.87 7.35 6.97 6.77 6.57 6.50 6.55 6.62 6.99 7.38 8.02 8.28 8.01 7.31 6.47 5.82 5.41 5.33 5.51 5.85 6.16 6.28 6.42 6.71 6.80 6.97 7.32 7.93 8.69 9.35 9.91 10.14 10.06 9.98 9.92
