project/data/elevation/US_DEM2016/US_DEM2016_point_10-30-2019_0730_30m_vel.asc
ncols	125
nrows	167
xllcorner	-2042055.000000
yllcorner	1465035.000000
cellsize	30.000000
NODATA_value	-9999.000000
[rows 114 to 151 of 167, columns 0 to 83 of 125]
6.35 6.33 6.38 6.47 6.66 6.93 7.05 6.67 6.04 5.43 4.92 4.45 4.12 3.91 3.98 4.40 5.11 5.84 6.37 6.73 6.99 6.95 6.54 6.35 6.65 6.93 6.99 6.96 6.93 6.81 6.61 6.25 5.79 5.47 5.36 5.44 5.74 6.12 6.40 6.59 6.80 7.03 7.22 7.34 7.18 6.75 6.38 6.20 6.16 6.24 6.36 6.39 6.30 6.03 5.64 5.34 5.30 5.58 5.98 6.26 6.33 6.27 6.14 6.03 6.00 6.05 6.13 6.10 5.89 5.63 5.46 5.36 5.34 5.37 5.37 5.31 5.20 5.11 5.11 5.20 5.12 4.82 4.60 4.49
6.48 6.50 6.53 6.53 6.56 6.56 6.34 5.79 5.15 4.62 4.22 3.94 3.79 3.90 4.48 5.41 6.33 7.06 7.52 7.64 7.38 6.78 6.06 5.92 6.21 6.33 6.33 6.45 6.62 6.83 7.00 7.01 6.75 6.16 5.57 5.45 5.83 6.33 6.68 6.91 7.10 7.23 7.28 7.19 6.80 6.21 5.78 5.69 5.83 6.10 6.47 6.65 6.62 6.39 5.92 5.35 5.05 5.16 5.48 5.80 6.06 6.23 6.34 6.37 6.36 6.32 6.19 5.96 5.70 5.52 5.42 5.41 5.43 5.40 5.34 5.26 5.23 5.24 5.26 5.20 4.95 4.67 4.50 4.39
6.57 6.59 6.58 6.52 6.42 6.19 5.82 5.39 5.14 5.08 5.06 5.04 5.20 5.69 6.48 7.36 8.00 8.20 8.09 7.71 7.11 6.44 5.84 5.56 5.55 5.50 5.57 5.86 6.15 6.42 6.69 6.96 7.10 6.99 6.69 6.58 6.69 6.87 6.99 7.06 7.07 7.06 7.06 6.94 6.56 6.04 5.58 5.47 5.71 6.13 6.55 6.80 6.88 6.81 6.62 6.37 6.10 5.89 5.81 5.86 5.98 6.11 6.22 6.32 6.38 6.34 6.14 5.84 5.55 5.35 5.27 5.29 5.35 5.38 5.37 5.35 5.36 5.41 5.45 5.41 5.32 5.20 5.17 5.22
6.57 6.51 6.45 6.40 6.26 6.00 5.72 5.53 5.58 5.83 6.17 6.62 7.16 7.75 8.26 8.53 8.43 8.00 7.47 6.90 6.44 6.24 6.10 5.83 5.55 5.35 5.26 5.45 5.69 5.80 5.86 6.13 6.64 7.09 7.31 7.33 7.18 6.98 6.79 6.65 6.61 6.67 6.77 6.76 6.54 6.17 5.71 5.50 5.72 6.12 6.38 6.52 6.66 6.80 6.92 7.03 7.11 7.06 6.83 6.50 6.28 6.16 6.10 6.07 6.07 6.00 5.81 5.57 5.39 5.28 5.20 5.18 5.23 5.35 5.46 5.54 5.59 5.63 5.68 5.79 5.97 6.14 6.26 6.44
6.48 6.38 6.28 6.25 6.17 6.04 5.93 5.86 5.87 6.08 6.62 7.35 8.01 8.39 8.46 8.11 7.39 6.74 6.35 5.97 5.84 6.00 6.18 6.20 6.06 5.76 5.46 5.37 5.52 5.52 5.34 5.36 5.72 6.34 6.78 6.91 6.80 6.59 6.40 6.30 6.35 6.52 6.68 6.65 6.43 6.17 5.86 5.60 5.70 5.90 6.01 6.04 6.12 6.37 6.67 6.93 7.18 7.34 7.30 7.04 6.65 6.30 6.03 5.81 5.60 5.37 5.16 5.19 5.34 5.44 5.44 5.39 5.39 5.48 5.60 5.72 5.81 5.86 5.95 6.12 6.33 6.55 6.78 6.93
6.38 6.28 6.20 6.20 6.16 6.14 6.14 6.10 6.11 6.39 7.01 7.58 7.84 7.78 7.43 6.84 6.31 5.97 5.65 5.39 5.36 5.48 5.68 5.91 6.00 5.88 5.66 5.60 5.70 5.73 5.55 5.31 5.26 5.46 5.85 6.13 6.26 6.28 6.30 6.35 6.44 6.56 6.60 6.44 6.15 5.99 5.91 5.78 5.77 5.78 5.74 5.73 5.84 6.12 6.45 6.67 6.80 6.84 6.89 6.88 6.69 6.32 5.95 5.61 5.24 4.93 4.93 5.26 5.60 5.77 5.81 5.78 5.71 5.67 5.68 5.74 5.80 5.85 5.95 6.08 6.16 6.22 6.32 6.35
6.32 6.28 6.24 6.22 6.18 6.22 6.31 6.34 6.46 6.90 7.39 7.54 7.33 6.97 6.52 6.10 5.87 5.63 5.30 5.07 4.98 4.99 5.18 5.48 5.60 5.61 5.68 5.82 5.92 5.98 5.93 5.69 5.37 5.19 5.23 5.48 5.78 6.05 6.29 6.44 6.52 6.56 6.47 6.15 5.80 5.73 5.82 5.85 5.80 5.74 5.68 5.72 5.91 6.19 6.42 6.52 6.44 6.29 6.25 6.30 6.30 6.13 5.90 5.64 5.42 5.40 5.60 5.85 5.96 5.97 5.95 5.92 5.85 5.74 5.65 5.58 5.54 5.61 5.75 5.86 5.87 5.81 5.77 5.68
6.38 6.38 6.34 6.24 6.19 6.29 6.47 6.64 6.91 7.33 7.49 7.31 6.98 6.66 6.33 6.02 5.72 5.42 5.25 5.25 5.31 5.40 5.53 5.57 5.52 5.53 5.72 5.89 5.94 5.97 6.01 5.97 5.81 5.54 5.28 5.24 5.49 5.84 6.12 6.32 6.44 6.49 6.27 5.78 5.38 5.34 5.51 5.61 5.61 5.62 5.71 5.83 5.97 6.07 6.14 6.20 6.16 6.05 5.94 5.88 5.91 5.93 5.94 5.95 6.05 6.20 6.29 6.26 6.14 5.98 5.86 5.78 5.75 5.74 5.66 5.54 5.49 5.60 5.74 5.74 5.64 5.55 5.53 5.49
6.45 6.43 6.32 6.20 6.20 6.32 6.55 6.89 7.34 7.52 7.37 7.03 6.75 6.50 6.19 5.83 5.54 5.47 5.65 5.90 6.05 6.05 5.93 5.75 5.62 5.62 5.73 5.84 5.85 5.84 5.88 5.93 5.93 5.82 5.62 5.53 5.64 5.85 5.99 6.16 6.30 6.24 5.77 5.14 4.80 4.86 5.12 5.31 5.39 5.45 5.56 5.65 5.66 5.62 5.59 5.67 5.81 5.91 5.90 5.83 5.81 5.86 5.95 6.06 6.16 6.25 6.27 6.25 6.20 6.08 5.90 5.73 5.69 5.69 5.65 5.61 5.63 5.68 5.59 5.39 5.23 5.17 5.20 5.25
6.34 6.26 6.14 6.12 6.19 6.35 6.56 6.86 7.17 7.17 6.89 6.57 6.32 6.00 5.58 5.40 5.50 5.75 5.96 6.01 5.90 5.74 5.67 5.76 5.87 5.87 5.78 5.74 5.70 5.66 5.68 5.67 5.65 5.67 5.78 5.91 5.98 5.99 5.96 6.08 6.05 5.60 4.81 4.30 4.24 4.46 4.79 5.12 5.26 5.25 5.23 5.20 5.09 4.99 4.97 5.09 5.36 5.60 5.67 5.68 5.73 5.83 5.89 5.90 5.90 5.99 6.10 6.17 6.18 6.12 5.99 5.83 5.70 5.56 5.45 5.44 5.41 5.27 5.02 4.83 4.82 4.88 4.89 4.88
6.27 6.23 6.18 6.18 6.23 6.35 6.47 6.57 6.56 6.38 6.13 5.98 5.78 5.37 5.08 5.30 5.57 5.64 5.49 5.21 5.03 5.11 5.41 5.80 6.05 6.09 5.97 5.79 5.64 5.53 5.53 5.54 5.52 5.60 5.76 5.88 5.89 5.85 5.80 5.82 5.50 4.78 4.25 4.18 4.33 4.51 4.74 5.06 5.22 5.27 5.29 5.22 4.99 4.74 4.63 4.78 5.04 5.19 5.29 5.47 5.66 5.82 5.95 6.09 6.24 6.35 6.32 6.19 6.01 5.86 5.82 5.76 5.60 5.34 5.20 5.13 5.01 4.86 4.74 4.73 4.80 4.79 4.67 4.56
6.46 6.53 6.52 6.35 6.24 6.22 6.24 6.20 6.05 5.85 5.74 5.72 5.52 5.14 5.11 5.28 5.20 4.90 4.60 4.46 4.60 5.04 5.58 6.01 6.18 6.18 6.15 6.03 5.82 5.59 5.49 5.52 5.55 5.55 5.48 5.38 5.35 5.40 5.46 5.39 5.04 4.70 4.83 5.15 5.31 5.28 5.28 5.37 5.46 5.57 5.62 5.54 5.34 5.09 4.92 4.93 4.99 5.09 5.31 5.55 5.71 5.85 6.08 6.40 6.56 6.50 6.28 6.03 5.79 5.62 5.54 5.48 5.33 5.15 5.03 4.90 4.78 4.73 4.79 4.86 4.83 4.70 4.59 4.64
6.59 6.60 6.49 6.21 6.03 5.99 6.00 5.92 5.81 5.77 5.77 5.67 5.36 5.08 4.96 4.77 4.43 4.25 4.28 4.51 4.95 5.46 5.97 6.25 6.22 6.11 6.11 6.10 5.95 5.71 5.55 5.55 5.54 5.38 5.14 5.01 5.09 5.27 5.39 5.35 5.30 5.52 5.86 6.07 6.17 6.20 6.15 6.04 5.95 5.87 5.73 5.56 5.45 5.37 5.30 5.23 5.20 5.31 5.52 5.69 5.71 5.81 6.01 6.17 6.08 5.86 5.74 5.72 5.71 5.65 5.49 5.28 5.12 5.03 4.94 4.77 4.55 4.41 4.44 4.56 4.67 4.77 4.97 5.16
6.33 6.12 5.77 5.65 5.67 5.79 5.86 5.81 5.76 5.74 5.62 5.34 5.07 4.89 4.70 4.47 4.35 4.50 4.91 5.50 5.98 6.24 6.36 6.19 5.82 5.72 5.79 5.79 5.72 5.64 5.60 5.60 5.58 5.46 5.31 5.32 5.49 5.63 5.71 5.77 5.93 6.09 6.15 6.20 6.38 6.61 6.75 6.72 6.54 6.25 5.99 5.78 5.64 5.55 5.47 5.42 5.43 5.48 5.55 5.61 5.61 5.66 5.73 5.66 5.47 5.40 5.54 5.75 5.80 5.69 5.45 5.17 5.02 4.95 4.90 4.83 4.68 4.45 4.28 4.33 4.67 5.17 5.52 5.52
5.86 5.48 5.10 5.16 5.42 5.71 5.84 5.80 5.71 5.60 5.38 5.10 4.98 5.05 5.14 5.21 5.40 5.77 6.32 6.78 6.95 6.82 6.42 5.86 5.45 5.41 5.43 5.36 5.35 5.43 5.51 5.54 5.60 5.68 5.80 5.95 6.05 6.03 5.98 5.99 5.99 5.92 5.98 6.20 6.53 6.86 7.11 7.19 7.08 6.84 6.57 6.35 6.15 5.94 5.72 5.57 5.52 5.46 5.45 5.52 5.52 5.54 5.53 5.43 5.38 5.56 5.84 5.93 5.69 5.32 5.07 4.96 4.92 4.88 4.85 4.93 5.06 5.08 4.93 4.85 5.10 5.49 5.61 5.33
5.78 5.52 5.27 5.40 5.69 5.89 5.91 5.81 5.70 5.58 5.43 5.31 5.39 5.68 6.05 6.39 6.73 7.02 7.17 7.16 6.94 6.57 6.07 5.62 5.42 5.38 5.27 5.19 5.24 5.36 5.41 5.43 5.55 5.77 5.97 6.07 6.04 5.96 5.90 5.83 5.73 5.73 5.98 6.34 6.73 7.06 7.22 7.21 7.14 6.99 6.75 6.48 6.28 6.11 5.93 5.76 5.60 5.43 5.36 5.43 5.51 5.56 5.58 5.57 5.67 5.91 6.00 5.71 5.14 4.69 4.61 4.69 4.81 4.90 4.93 4.94 5.03 5.26 5.49 5.61 5.67 5.66 5.43 5.19
6.03 6.03 6.12 6.35 6.46 6.32 6.03 5.84 5.77 5.71 5.67 5.71 5.92 6.28 6.62 6.89 7.05 7.03 6.82 6.45 5.99 5.57 5.34 5.30 5.38 5.40 5.34 5.38 5.52 5.61 5.59 5.57 5.68 5.86 5.93 5.80 5.69 5.70 5.77 5.79 5.81 5.95 6.25 6.56 6.81 6.92 6.82 6.61 6.47 6.41 6.29 6.20 6.18 6.15 6.05 5.93 5.79 5.64 5.46 5.46 5.60 5.70 5.76 5.81 5.95 6.04 5.81 5.25 4.68 4.47 4.53 4.68 4.82 4.99 5.18 5.19 5.07 5.05 5.34 5.73 5.97 6.03 5.97 6.12
6.21 6.35 6.65 6.85 6.83 6.58 6.21 5.93 5.83 5.84 5.89 6.00 6.21 6.45 6.57 6.55 6.44 6.24 5.90 5.41 4.92 4.68 4.74 5.05 5.32 5.46 5.56 5.71 5.87 5.98 6.05 6.12 6.19 6.22 6.16 6.00 5.85 5.82 5.85 5.98 6.21 6.49 6.69 6.74 6.68 6.45 6.06 5.74 5.64 5.75 5.92 6.11 6.25 6.21 6.09 6.01 5.95 5.89 5.74 5.68 5.72 5.83 5.93 6.00 6.04 5.88 5.44 4.90 4.64 4.63 4.76 4.91 5.02 5.10 5.24 5.36 5.40 5.32 5.37 5.70 6.23 6.71 7.06 7.35
6.27 6.42 6.64 6.74 6.71 6.64 6.46 6.20 6.04 6.03 6.06 6.08 6.12 6.14 6.06 6.00 5.92 5.64 5.17 4.76 4.56 4.62 4.91 5.25 5.47 5.59 5.72 5.87 6.02 6.19 6.42 6.63 6.72 6.68 6.59 6.50 6.36 6.21 6.08 6.18 6.47 6.71 6.72 6.59 6.36 5.96 5.49 5.18 5.19 5.49 5.92 6.22 6.30 6.21 6.12 6.08 6.06 6.03 5.95 5.83 5.79 5.87 5.98 6.03 5.96 5.67 5.16 4.79 4.73 4.85 4.99 5.09 5.19 5.26 5.24 5.27 5.51 5.82 6.05 6.33 6.83 7.26 7.44 7.43
6.37 6.53 6.76 6.84 6.83 6.76 6.71 6.64 6.51 6.35 6.17 5.98 5.81 5.69 5.70 5.79 5.72 5.39 5.07 5.03 5.21 5.41 5.56 5.68 5.73 5.76 5.84 5.95 6.10 6.28 6.49 6.67 6.77 6.80 6.83 6.89 6.90 6.77 6.51 6.38 6.46 6.46 6.41 6.36 6.11 5.69 5.32 5.15 5.23 5.60 6.08 6.37 6.41 6.33 6.26 6.20 6.13 6.07 5.95 5.82 5.77 5.81 5.88 5.89 5.82 5.57 5.19 4.98 4.99 5.11 5.21 5.23 5.24 5.29 5.35 5.45 5.68 6.11 6.64 7.10 7.38 7.29 6.92 6.64
6.61 6.84 7.16 7.20 7.07 6.84 6.78 6.83 6.78 6.50 6.14 5.84 5.64 5.58 5.68 5.70 5.53 5.35 5.43 5.73 5.97 6.03 6.01 6.01 5.98 5.97 6.02 6.08 6.19 6.35 6.48 6.54 6.53 6.63 6.89 7.20 7.41 7.40 7.18 6.78 6.49 6.30 6.28 6.17 5.83 5.49 5.34 5.36 5.55 5.94 6.34 6.55 6.60 6.54 6.43 6.30 6.16 6.04 5.88 5.80 5.77 5.78 5.77 5.76 5.72 5.57 5.40 5.38 5.42 5.47 5.48 5.44 5.35 5.30 5.46 5.81 6.20 6.62 7.19 7.66 7.61 7.04 6.34 5.91
6.78 6.93 7.14 7.16 7.06 6.83 6.67 6.59 6.50 6.27 5.98 5.78 5.73 5.77 5.73 5.52 5.34 5.46 5.79 6.02 6.07 6.06 6.09 6.14 6.14 6.10 6.09 6.10 6.17 6.33 6.49 6.52 6.49 6.61 6.89 7.18 7.38 7.51 7.52 7.25 6.71 6.28 5.98 5.66 5.35 5.27 5.39 5.55 5.82 6.26 6.60 6.70 6.69 6.64 6.52 6.37 6.19 6.03 5.87 5.83 5.87 5.88 5.82 5.77 5.74 5.67 5.64 5.71 5.79 5.83 5.80 5.76 5.71 5.66 5.77 6.14 6.74 7.44 8.03 8.13 7.72 7.02 6.28 5.70
6.69 6.58 6.41 6.41 6.49 6.47 6.31 6.19 6.14 6.10 6.07 6.11 6.21 6.22 5.96 5.56 5.39 5.51 5.66 5.71 5.80 5.97 6.14 6.23 6.20 6.10 6.00 5.97 6.03 6.19 6.35 6.47 6.54 6.62 6.65 6.64 6.68 6.82 6.97 6.94 6.52 5.97 5.48 5.12 5.03 5.18 5.40 5.60 6.00 6.52 6.74 6.66 6.57 6.55 6.51 6.40 6.22 6.04 5.89 5.90 6.01 6.04 5.99 5.89 5.80 5.75 5.79 5.90 6.01 6.09 6.19 6.31 6.40 6.49 6.62 6.88 7.39 8.04 8.39 8.17 7.66 7.20 6.67 6.04
6.39 6.05 5.45 5.21 5.27 5.44 5.63 5.85 6.08 6.31 6.56 6.81 6.93 6.76 6.29 5.81 5.52 5.36 5.23 5.27 5.58 5.96 6.19 6.26 6.22 6.12 5.99 5.89 5.85 5.94 6.02 6.10 6.17 6.20 6.08 5.90 5.80 5.78 5.81 5.82 5.73 5.48 5.19 5.02 5.10 5.31 5.47 5.76 6.32 6.77 6.75 6.49 6.38 6.39 6.41 6.36 6.24 6.12 6.02 6.08 6.18 6.20 6.13 6.01 5.86 5.80 5.88 6.04 6.18 6.33 6.60 6.94 7.31 7.67 7.95 8.10 8.26 8.42 8.26 7.80 7.52 7.48 7.36 7.03
5.98 5.51 4.77 4.49 4.46 4.65 5.09 5.58 6.01 6.41 6.78 7.00 6.96 6.64 6.22 5.84 5.55 5.31 5.22 5.40 5.72 6.01 6.17 6.25 6.26 6.23 6.14 6.00 5.83 5.78 5.77 5.69 5.60 5.55 5.47 5.29 5.10 4.98 4.90 4.94 5.06 5.15 5.20 5.30 5.55 5.78 6.01 6.41 6.90 7.01 6.74 6.44 6.33 6.30 6.30 6.33 6.35 6.41 6.50 6.58 6.53 6.37 6.21 6.10 6.01 5.97 6.03 6.18 6.36 6.60 7.00 7.50 8.07 8.53 8.79 8.81 8.66 8.40 7.95 7.59 7.62 7.83 8.00 8.04
5.65 5.24 4.68 4.58 4.67 4.92 5.26 5.55 5.81 6.11 6.41 6.53 6.34 6.02 5.80 5.66 5.54 5.47 5.56 5.82 6.05 6.21 6.28 6.30 6.30 6.31 6.32 6.30 6.20 6.01 5.84 5.63 5.46 5.32 5.13 4.86 4.60 4.46 4.46 4.62 4.86 5.12 5.44 5.84 6.20 6.49 6.81 7.12 7.27 7.08 6.71 6.47 6.36 6.28 6.25 6.34 6.52 6.76 6.96 6.97 6.71 6.36 6.16 6.13 6.18 6.20 6.20 6.29 6.50 6.86 7.35 7.83 8.22 8.40 8.45 8.37 8.14 7.82 7.54 7.46 7.60 7.79 8.04 8.33
5.78 5.61 5.52 5.70 5.86 5.94 5.87 5.77 5.80 5.92 6.00 5.98 5.77 5.56 5.50 5.53 5.58 5.64 5.82 6.09 6.28 6.45 6.46 6.39 6.31 6.31 6.39 6.50 6.53 6.42 6.12 5.80 5.54 5.25 4.91 4.57 4.32 4.23 4.35 4.61 4.94 5.38 5.92 6.39 6.69 6.89 7.08 7.19 7.13 6.84 6.52 6.32 6.19 6.11 6.13 6.27 6.50 6.68 6.72 6.51 6.23 6.06 6.02 6.10 6.18 6.25 6.28 6.34 6.50 6.87 7.32 7.59 7.58 7.40 7.22 7.11 7.04 7.03 7.07 7.14 7.14 7.20 7.49 7.88
6.18 6.29 6.62 6.98 7.15 7.02 6.60 6.33 6.24 6.13 5.90 5.61 5.42 5.37 5.44 5.56 5.67 5.82 6.07 6.34 6.52 6.63 6.54 6.36 6.25 6.27 6.38 6.51 6.58 6.53 6.32 5.98 5.61 5.23 4.83 4.53 4.39 4.39 4.52 4.79 5.28 5.96 6.55 6.85 6.92 6.90 6.89 6.87 6.75 6.50 6.22 5.95 5.77 5.77 5.90 6.06 6.20 6.21 6.04 5.77 5.67 5.74 5.89 6.03 6.08 6.11 6.18 6.27 6.39 6.60 6.83 6.79 6.54 6.27 6.07 6.02 6.19 6.50 6.72 6.78 6.74 6.77 6.94 7.14
6.36 6.58 6.97 7.29 7.46 7.45 7.33 7.11 6.82 6.42 5.96 5.58 5.39 5.42 5.56 5.73 5.89 6.12 6.38 6.55 6.60 6.52 6.32 6.14 6.10 6.18 6.30 6.38 6.41 6.37 6.26 6.02 5.71 5.34 4.99 4.76 4.68 4.70 4.85 5.26 6.00 6.70 7.02 7.01 6.85 6.70 6.66 6.64 6.51 6.25 5.92 5.61 5.44 5.58 5.75 5.84 5.78 5.60 5.39 5.27 5.32 5.52 5.75 5.89 5.90 5.88 5.98 6.15 6.33 6.47 6.44 6.19 5.96 5.84 5.78 5.87 6.21 6.56 6.73 6.75 6.78 6.82 6.78 6.76
6.36 6.53 6.80 6.93 6.99 7.02 7.19 7.17 6.89 6.45 6.05 5.78 5.64 5.65 5.79 5.99 6.21 6.44 6.56 6.50 6.32 6.09 5.93 5.90 5.97 6.08 6.13 6.10 6.12 6.16 6.10 5.96 5.78 5.53 5.29 5.14 5.09 5.14 5.42 6.08 6.74 7.00 6.87 6.62 6.45 6.42 6.49 6.55 6.41 6.08 5.71 5.47 5.46 5.59 5.69 5.68 5.47 5.12 4.86 4.84 5.04 5.35 5.61 5.71 5.71 5.75 5.89 6.10 6.32 6.46 6.38 6.20 6.07 5.98 5.97 6.24 6.67 6.99 7.09 7.06 7.03 6.97 6.85 6.87
6.37 6.52 6.74 6.76 6.60 6.35 6.32 6.38 6.37 6.23 6.05 5.92 5.85 5.86 5.96 6.16 6.37 6.47 6.39 6.13 5.86 5.66 5.63 5.79 5.98 6.10 6.11 6.05 6.10 6.14 6.08 5.96 5.80 5.63 5.52 5.52 5.62 5.83 6.21 6.65 6.84 6.65 6.34 6.13 6.13 6.27 6.45 6.47 6.26 5.90 5.58 5.48 5.48 5.56 5.65 5.65 5.55 5.32 5.07 4.99 5.15 5.39 5.53 5.60 5.67 5.77 5.94 6.11 6.23 6.25 6.27 6.30 6.21 6.03 6.07 6.53 7.13 7.42 7.43 7.31 7.17 7.03 6.95 7.08
6.43 6.53 6.59 6.45 6.19 5.82 5.55 5.49 5.61 5.76 5.84 5.86 5.86 5.88 5.96 6.08 6.14 6.04 5.77 5.49 5.30 5.25 5.42 5.80 6.15 6.30 6.35 6.38 6.42 6.35 6.19 5.99 5.78 5.66 5.66 5.77 5.99 6.27 6.47 6.52 6.39 6.18 6.03 6.05 6.18 6.30 6.38 6.33 6.08 5.74 5.53 5.40 5.34 5.45 5.64 5.75 5.84 5.87 5.78 5.72 5.71 5.63 5.58 5.62 5.71 5.84 6.01 6.16 6.19 6.18 6.27 6.37 6.27 6.20 6.46 7.15 7.69 7.74 7.49 7.24 7.07 7.01 7.04 7.11
6.46 6.34 5.96 5.42 5.09 4.93 4.92 5.00 5.15 5.34 5.55 5.70 5.77 5.82 5.88 5.88 5.75 5.51 5.28 5.17 5.17 5.29 5.62 6.09 6.39 6.49 6.55 6.60 6.55 6.37 6.20 6.01 5.81 5.72 5.77 5.89 6.04 6.19 6.24 6.21 6.13 6.02 6.05 6.22 6.33 6.31 6.23 6.10 5.90 5.66 5.42 5.24 5.26 5.51 5.75 5.88 6.02 6.20 6.35 6.39 6.25 5.94 5.73 5.75 5.85 5.97 6.13 6.30 6.43 6.57 6.63 6.54 6.53 6.79 7.36 7.89 8.04 7.74 7.32 7.07 6.97 7.03 7.09 6.99
6.27 5.95 5.32 4.68 4.27 4.34 4.65 4.96 5.16 5.35 5.55 5.67 5.73 5.80 5.86 5.81 5.69 5.62 5.69 5.81 5.88 5.99 6.22 6.42 6.49 6.45 6.45 6.40 6.17 5.96 5.92 5.87 5.80 5.79 5.87 5.97 6.07 6.19 6.29 6.36 6.27 6.13 6.15 6.28 6.31 6.20 6.07 5.93 5.72 5.45 5.19 5.15 5.37 5.69 5.89 5.97 6.09 6.30 6.51 6.59 6.50 6.28 6.07 6.08 6.13 6.16 6.24 6.42 6.62 6.74 6.66 6.55 6.77 7.35 7.93 8.03 7.73 7.26 6.98 6.91 6.95 7.02 6.98 6.81
6.05 5.75 5.36 5.11 4.92 4.90 5.01 5.10 5.20 5.41 5.62 5.70 5.74 5.82 5.91 5.96 6.04 6.21 6.38 6.37 6.24 6.20 6.31 6.40 6.37 6.23 6.07 5.82 5.47 5.31 5.37 5.50 5.68 5.85 5.99 6.10 6.27 6.49 6.68 6.72 6.53 6.26 6.13 6.11 6.06 5.98 5.93 5.84 5.57 5.19 5.05 5.24 5.60 5.87 5.96 6.01 6.12 6.29 6.43 6.50 6.55 6.58 6.53 6.46 6.34 6.24 6.23 6.31 6.37 6.34 6.30 6.54 7.12 7.70 7.86 7.51 6.97 6.62 6.50 6.55 6.64 6.66 6.54 6.41
6.02 5.88 5.72 5.65 5.59 5.57 5.48 5.37 5.34 5.44 5.54 5.62 5.73 5.87 6.04 6.22 6.42 6.52 6.39 6.10 5.89 5.88 6.07 6.30 6.30 6.01 5.59 5.19 4.94 4.91 5.05 5.28 5.61 5.92 6.14 6.33 6.56 6.77 6.87 6.80 6.58 6.30 6.05 5.87 5.76 5.78 5.85 5.74 5.40 5.10 5.13 5.43 5.76 5.94 6.00 6.02 6.11 6.24 6.33 6.38 6.48 6.61 6.63 6.48 6.27 6.13 6.09 6.09 6.07 6.08 6.32 6.89 7.46 7.57 7.27 6.76 6.38 6.22 6.16 6.14 6.16 6.17 6.00 5.75
6.08 6.02 5.91 5.84 5.77 5.82 5.97 6.05 6.04 5.85 5.62 5.56 5.72 5.95 6.19 6.41 6.55 6.48 6.26 6.15 6.23 6.36 6.50 6.59 6.40 5.93 5.41 5.07 4.97 5.07 5.23 5.42 5.67 5.97 6.26 6.52 6.69 6.73 6.66 6.54 6.42 6.26 6.02 5.77 5.67 5.74 5.80 5.64 5.35 5.22 5.34 5.60 5.81 5.92 5.96 5.98 6.02 6.07 6.15 6.24 6.34 6.44 6.43 6.26 6.03 5.91 5.92 5.98 6.08 6.28 6.69 7.10 7.14 6.80 6.46 6.25 6.14 6.09 6.07 6.01 5.95 5.90 5.72 5.41
6.02 5.95 5.89 6.03 6.21 6.42 6.60 6.57 6.26 5.82 5.48 5.50 5.76 6.03 6.24 6.40 6.47 6.49 6.66 7.02 7.35 7.43 7.33 7.12 6.67 6.12 5.71 5.55 5.57 5.66 5.71 5.73 5.81 5.98 6.19 6.32 6.35 6.35 6.33 6.30 6.28 6.23 6.10 5.94 5.87 5.84 5.74 5.57 5.40 5.37 5.51 5.74 5.88 5.91 5.89 5.87 5.83 5.82 5.91 6.08 6.23 6.28 6.22 6.01 5.73 5.64 5.79 6.01 6.22 6.45 6.68 6.66 6.29 6.02 6.00 6.04 6.05 6.08 6.09 6.01 5.88 5.75 5.53 5.32
