project/data/elevation/US_DEM2016/US_DEM2016_point_10-30-2019_0831_30m_vel.asc
ncols	125
nrows	167
xllcorner	-2042055.000000
yllcorner	1465035.000000
cellsize	30.000000
NODATA_value	-9999.000000
[rows 70 to 104 of 167, columns 0 to 79 of 125]
10.50 10.01 9.39 9.34 9.31 9.22 8.96 8.49 7.71 6.87 6.50 7.08 8.65 10.55 12.18 13.16 13.52 13.25 12.54 11.91 11.76 11.94 12.34 13.03 13.34 12.97 12.09 10.95 9.84 9.17 8.97 9.19 9.77 10.23 10.48 10.53 10.49 10.59 10.94 11.16 11.00 10.65 10.34 10.20 10.00 9.37 8.51 7.36 6.74 6.78 7.34 8.28 9.14 9.44 9.23 8.54 7.38 6.40 5.96 5.84 5.69 5.56 5.63 5.92 6.23 6.52 6.87 6.74 6.08 5.34 4.96 4.75 4.46 4.13 4.07 4.30 4.63 5.03 5.53 6.05
10.46 10.01 9.48 9.43 9.49 9.48 9.37 9.23 8.82 7.98 7.00 6.62 7.26 8.61 10.29 11.77 12.80 13.44 13.49 13.27 13.19 13.27 13.53 13.79 13.60 12.96 12.03 10.90 9.73 8.93 8.47 8.44 8.70 9.17 9.73 10.20 10.43 10.52 10.68 10.89 10.63 10.22 9.93 9.84 9.62 8.72 7.92 7.57 8.05 9.00 9.85 10.33 10.38 9.95 9.27 8.56 7.99 7.59 7.22 6.81 6.47 6.23 6.14 6.35 7.24 8.27 9.06 9.19 8.79 8.27 7.78 7.18 6.24 5.51 5.22 5.39 5.89 6.55 7.21 8.04
10.46 9.99 9.55 9.55 9.71 9.78 9.84 10.07 10.38 10.36 9.76 8.94 8.58 8.87 9.69 11.01 12.23 13.44 14.10 14.42 14.73 14.78 14.68 14.40 13.74 13.00 12.39 11.77 10.91 10.46 10.25 10.02 9.57 9.37 9.59 9.98 10.24 10.36 10.37 10.14 9.75 9.44 9.33 9.33 9.35 9.28 9.64 10.50 11.39 11.93 12.05 11.69 11.02 10.29 9.94 9.94 10.03 10.10 9.99 9.75 9.54 9.55 9.76 10.28 10.96 11.32 11.18 10.85 10.36 9.71 8.86 7.84 6.79 6.34 6.38 6.80 7.38 8.15 9.27 11.01
10.39 9.96 9.59 9.67 9.95 10.10 10.28 10.72 11.46 12.18 12.46 12.31 11.87 11.27 11.06 11.56 12.53 13.88 14.93 15.51 15.95 15.83 15.07 14.23 13.36 12.86 12.77 12.70 12.37 11.99 11.73 11.55 11.12 10.79 10.56 10.44 10.41 10.30 9.95 9.47 9.29 9.52 9.67 9.84 10.14 10.67 11.45 12.19 12.48 12.28 11.93 11.49 11.04 10.57 10.42 10.59 10.75 11.05 11.42 11.76 12.04 12.39 12.66 12.76 12.42 11.69 10.76 10.33 9.88 9.05 8.02 7.17 6.74 6.80 7.30 8.11 9.05 10.31 12.25 14.75
10.40 10.08 9.79 9.92 10.20 10.33 10.41 10.90 12.02 13.30 14.22 14.60 14.52 14.04 13.40 13.17 13.72 14.77 15.59 15.97 16.13 15.77 14.72 13.49 12.58 12.33 12.59 12.90 12.83 12.45 12.02 11.73 11.36 11.08 10.73 10.45 10.30 10.03 9.72 9.66 9.93 10.15 10.22 10.38 10.59 10.67 10.75 10.70 10.26 9.82 9.61 9.79 10.17 10.34 10.18 10.11 10.24 10.57 11.06 11.62 12.20 12.69 12.62 11.98 10.72 9.31 8.49 8.64 8.77 8.29 7.57 7.25 7.34 7.71 8.52 9.61 10.90 12.61 14.86 16.74
10.50 10.28 10.13 10.32 10.55 10.67 10.85 11.60 12.99 13.96 14.36 14.45 14.53 14.62 14.59 14.74 15.22 15.69 15.65 15.32 15.06 14.61 13.74 12.72 11.96 11.62 11.66 12.08 12.39 12.28 11.87 11.35 10.50 9.87 9.62 9.70 9.81 9.77 9.64 9.57 9.52 9.61 9.83 10.06 10.11 9.72 9.19 8.51 8.23 8.06 8.03 8.36 8.93 9.37 9.54 9.71 9.94 10.08 10.26 10.62 11.13 11.36 10.81 9.43 7.94 7.05 6.92 7.53 8.34 8.59 8.30 8.21 8.56 9.27 10.42 11.76 13.27 15.01 16.29 16.66
10.65 10.53 10.56 10.78 11.04 11.47 12.24 13.05 13.33 12.97 12.38 12.09 12.50 13.47 14.32 15.08 15.59 15.57 14.91 14.11 13.59 13.17 12.71 12.22 11.78 11.40 11.05 11.21 11.70 12.00 11.89 11.46 10.55 9.82 9.69 9.82 9.86 9.62 9.17 8.77 8.62 8.92 9.47 9.67 9.64 9.45 9.23 8.83 8.54 8.52 8.54 8.50 8.44 8.64 9.13 9.61 9.93 9.95 10.01 10.19 10.25 9.75 8.65 7.62 7.05 6.96 7.36 7.93 8.80 9.63 10.06 10.44 11.35 12.60 13.87 15.25 16.62 17.39 17.02 15.62
10.73 10.60 10.69 10.92 11.27 12.01 12.56 12.51 11.70 10.51 9.83 10.14 11.17 12.57 13.79 14.65 14.95 14.59 13.76 12.93 12.38 12.09 11.91 11.81 11.63 11.33 10.89 10.83 11.16 11.73 12.15 12.19 11.75 11.40 11.18 10.89 10.37 9.66 9.07 8.86 9.04 9.34 9.46 9.24 9.09 8.98 8.91 8.66 8.34 8.18 8.10 8.04 7.99 8.36 9.03 9.69 10.12 10.31 10.41 10.34 9.78 8.74 7.94 7.85 8.24 8.80 9.19 9.65 10.58 12.01 12.93 13.86 15.21 16.56 17.55 18.31 18.59 18.03 16.75 15.19
10.58 10.17 10.13 10.42 10.69 11.08 11.04 10.47 9.82 9.54 9.75 10.49 11.67 13.04 14.04 14.55 14.43 13.81 13.01 12.26 11.70 11.37 11.22 11.19 11.09 10.83 10.46 10.41 10.60 11.11 11.85 12.39 12.50 12.30 11.95 11.41 10.64 9.81 9.37 9.22 9.10 8.82 8.49 8.21 8.01 7.74 7.27 6.80 6.60 6.57 6.71 7.08 7.76 8.62 9.40 10.00 10.46 10.61 10.45 9.93 9.11 8.34 8.24 8.90 9.97 10.72 11.39 12.42 13.86 14.79 15.49 16.32 17.37 18.26 18.44 18.28 17.46 16.15 15.10 14.68
10.26 9.59 9.41 9.79 9.90 9.91 9.91 10.01 10.36 10.89 11.50 12.29 13.39 14.37 14.82 14.66 14.05 13.24 12.48 11.83 11.26 10.84 10.59 10.51 10.40 10.08 9.67 9.53 9.44 9.73 10.26 11.18 11.74 11.79 11.49 11.05 10.44 9.74 9.21 8.66 8.09 7.57 7.34 7.48 7.42 7.05 6.47 6.14 6.33 6.83 7.49 8.35 9.30 9.95 10.23 10.25 10.09 9.67 8.92 8.11 7.69 7.85 8.51 9.75 11.14 12.42 13.89 15.19 15.73 15.92 15.98 16.23 16.27 16.81 16.37 15.67 14.23 13.41 12.91 13.28
9.91 9.35 9.32 9.92 10.16 10.20 10.43 10.96 11.72 12.35 13.06 13.96 14.91 15.23 14.95 14.13 13.12 12.24 11.55 11.01 10.54 10.22 9.99 9.85 9.74 9.46 8.90 8.24 7.60 7.63 7.90 8.70 9.72 10.42 10.58 10.47 10.18 9.88 9.45 8.91 8.48 8.28 8.34 8.62 8.56 8.25 7.80 7.74 8.13 8.89 9.73 10.40 10.76 10.83 10.50 10.12 9.53 8.83 8.17 7.75 7.81 8.39 9.37 10.81 12.35 13.99 15.27 15.57 15.21 14.75 14.46 14.33 14.14 13.52 13.05 12.83 12.50 12.01 11.56 11.41
9.74 9.53 9.77 10.51 10.95 11.13 11.36 11.83 12.53 13.25 14.06 14.80 15.16 14.83 13.94 12.82 11.76 10.80 10.14 9.66 9.37 9.32 9.37 9.28 9.25 9.08 8.44 7.11 6.08 5.73 5.67 6.08 7.14 8.51 9.40 9.96 10.17 10.47 10.53 10.52 10.60 10.76 10.96 10.92 10.71 10.43 10.09 10.07 10.41 10.62 10.66 10.58 10.47 10.32 10.26 10.19 10.10 10.25 10.35 10.34 10.42 10.73 11.38 12.48 13.66 14.57 14.55 13.59 12.94 12.89 12.86 12.68 12.35 11.68 11.46 11.53 11.69 11.71 11.37 10.72
10.12 10.13 10.27 10.51 10.86 11.29 11.74 12.31 13.03 13.76 14.40 14.66 14.33 13.43 12.34 11.45 10.66 9.82 9.06 8.61 8.45 8.40 8.34 8.51 8.73 8.82 8.47 7.35 5.79 5.06 4.86 5.22 5.94 6.88 8.17 9.33 10.00 10.61 11.03 11.52 12.00 12.33 12.39 12.14 11.89 11.74 11.56 11.43 11.37 10.95 10.42 10.25 10.43 10.61 10.60 10.63 10.85 11.39 11.79 12.07 12.32 12.61 13.07 13.60 14.11 13.92 12.87 11.93 11.78 12.10 12.19 11.92 11.37 10.97 10.86 10.97 11.22 11.50 11.42 10.97
10.57 10.68 10.63 10.41 10.57 11.15 11.85 12.62 13.33 13.84 14.06 13.84 13.12 12.15 11.27 10.58 9.96 9.30 8.63 8.10 7.76 7.51 7.35 7.54 8.08 8.57 8.81 8.53 7.52 6.78 6.63 6.89 6.93 7.12 7.76 8.81 9.55 10.17 10.84 11.57 12.03 12.09 11.92 11.63 11.57 11.70 11.76 11.63 11.47 11.21 11.19 11.39 11.51 11.40 11.02 10.91 10.96 11.18 11.62 12.17 12.73 13.14 13.49 13.61 13.44 12.76 11.99 11.89 12.09 12.14 11.91 11.32 10.49 9.80 9.42 9.63 10.06 10.43 10.67 10.69
10.59 10.71 10.79 10.77 10.97 11.47 12.13 12.85 13.34 13.49 13.30 12.77 12.00 11.20 10.51 9.88 9.28 8.74 8.20 7.62 7.09 6.76 6.71 7.07 7.85 8.74 9.52 10.14 10.52 10.55 10.33 9.83 9.23 8.79 8.66 9.03 9.76 10.60 11.34 11.64 11.38 10.95 10.78 10.95 11.14 11.46 11.76 12.01 12.35 12.66 12.60 12.38 11.96 11.53 11.11 11.06 11.14 11.40 11.94 12.41 12.84 13.09 13.14 12.91 12.42 11.92 11.74 12.07 12.13 11.88 11.38 10.43 9.40 8.24 7.38 7.34 7.80 8.35 8.91 9.38
10.47 10.58 10.85 11.22 11.66 12.10 12.51 12.84 13.01 12.88 12.49 11.87 11.13 10.43 9.80 9.17 8.49 7.85 7.28 6.81 6.60 6.73 7.17 7.88 8.81 9.66 10.50 11.37 12.26 12.79 12.76 12.12 11.22 10.46 10.07 10.08 10.85 11.75 11.76 11.17 10.41 10.16 10.51 10.95 11.15 11.52 12.17 12.80 13.40 13.77 13.55 12.84 12.16 11.69 11.24 11.21 11.48 11.86 12.16 12.24 12.28 12.24 12.17 12.04 11.65 11.37 11.24 11.39 11.27 11.03 10.77 10.31 9.40 8.12 6.81 6.28 6.03 5.98 6.30 6.93
10.56 10.74 11.11 11.61 12.14 12.38 12.36 12.29 12.34 12.24 11.88 11.28 10.55 9.83 9.14 8.39 7.57 6.86 6.46 6.40 6.69 7.37 8.23 9.07 9.90 10.57 11.10 11.61 12.19 12.68 12.88 12.83 12.35 11.61 11.12 11.02 11.37 11.51 10.81 10.01 9.67 9.82 10.09 10.32 10.53 11.10 11.92 12.54 13.05 13.43 13.52 13.24 12.79 12.26 11.61 11.37 11.41 11.35 11.21 11.17 11.00 10.92 11.07 11.26 11.18 10.92 10.58 10.39 10.27 10.26 10.33 10.56 10.60 10.14 8.82 7.41 6.25 5.44 5.00 5.09
10.70 10.90 11.22 11.53 11.71 11.61 11.46 11.53 11.79 11.90 11.54 10.87 10.07 9.22 8.28 7.41 6.90 6.78 7.03 7.31 7.59 8.02 8.67 9.47 10.24 10.78 11.02 11.12 11.18 11.23 11.64 12.30 12.71 12.59 12.15 11.57 10.90 10.11 9.48 9.35 9.31 9.19 9.00 9.05 9.58 10.25 10.83 11.00 11.14 11.44 11.72 12.03 12.21 12.18 11.88 11.46 11.04 10.61 10.40 10.36 10.35 10.52 10.84 11.03 10.97 10.68 10.33 10.06 9.89 10.02 10.36 10.90 11.51 12.01 11.98 10.84 9.43 8.11 7.19 6.55
10.70 10.82 10.95 10.97 10.79 10.69 10.99 11.62 12.02 11.86 11.22 10.35 9.42 8.42 7.50 7.16 7.47 8.25 8.72 8.91 8.85 8.84 9.15 9.68 10.13 10.34 10.33 10.34 10.44 10.45 10.74 11.41 12.26 12.72 12.68 11.94 10.61 9.57 9.13 9.22 9.10 8.86 8.77 8.98 9.35 9.59 9.58 9.07 8.56 8.31 8.53 8.91 9.45 10.12 10.51 10.70 10.64 10.53 10.53 10.67 10.85 11.01 11.01 10.87 10.72 10.52 10.27 10.08 9.98 10.18 10.61 10.95 11.53 12.44 13.29 13.49 13.05 12.28 11.48 10.50
10.66 10.72 10.78 10.79 10.75 11.04 11.69 12.22 12.19 11.53 10.45 9.29 8.26 7.39 7.05 7.36 8.17 8.92 9.37 9.64 9.73 9.76 9.85 9.86 9.65 9.32 9.17 9.44 10.00 10.46 10.66 10.83 11.15 11.73 12.10 11.92 10.88 10.02 9.50 9.45 9.45 9.57 9.66 9.68 9.58 9.34 8.88 7.95 6.93 6.49 6.45 6.62 7.03 7.91 8.97 9.86 10.41 10.71 10.91 11.16 11.29 11.06 10.67 10.36 10.27 10.19 10.03 10.03 10.09 10.26 10.46 10.57 10.82 11.44 12.30 13.22 13.75 13.91 13.83 13.50
10.68 10.71 10.84 11.06 11.37 11.88 12.29 12.21 11.51 10.33 8.98 7.57 6.47 5.99 6.00 6.37 6.84 7.44 8.27 9.02 9.66 10.01 9.94 9.42 8.67 8.19 8.23 8.68 9.17 9.53 9.76 9.79 9.88 10.39 11.17 11.61 11.18 10.56 10.10 10.11 10.23 10.38 10.40 10.39 10.24 9.95 9.52 8.85 8.06 7.48 7.36 7.69 8.48 9.40 10.14 10.52 10.71 10.83 10.90 10.92 10.77 10.34 9.98 9.83 9.82 9.72 9.54 9.69 9.87 9.89 9.86 9.88 9.73 9.59 9.88 10.61 11.64 12.42 13.07 13.60
10.70 10.74 10.91 11.26 11.74 12.13 12.04 11.31 10.04 8.50 7.13 6.04 5.43 5.19 5.04 4.96 5.16 5.73 6.55 7.51 8.35 8.95 8.97 8.61 8.28 8.15 8.16 8.18 8.01 7.83 7.92 8.12 8.48 9.14 10.14 11.00 11.10 10.65 10.33 10.50 10.63 10.75 10.92 11.31 11.41 11.31 11.11 10.88 10.78 10.62 10.36 10.75 11.46 11.92 11.90 11.36 10.89 10.65 10.40 10.07 9.74 9.46 9.28 9.30 9.33 9.15 8.97 9.18 9.32 9.26 9.17 9.10 8.72 8.18 7.98 8.29 8.99 9.68 10.41 11.27
10.73 10.80 11.00 11.41 11.82 11.79 11.05 9.76 8.27 6.95 6.06 5.63 5.54 5.60 5.55 5.38 5.34 5.55 5.96 6.51 7.09 7.55 7.89 8.29 8.70 8.92 8.90 8.61 8.24 8.06 8.02 8.15 8.49 8.87 9.35 10.10 10.58 10.49 10.42 10.69 10.90 11.17 11.61 12.24 12.45 12.43 12.32 12.27 12.45 12.78 12.95 12.91 12.67 12.08 11.36 10.91 10.63 10.29 9.80 9.22 8.72 8.50 8.53 8.71 8.92 8.97 8.98 9.04 8.97 8.85 8.77 8.70 8.36 7.75 7.24 7.04 7.36 7.73 7.98 8.42
10.78 10.87 11.08 11.38 11.37 10.70 9.43 8.00 6.83 6.14 5.87 5.87 6.10 6.51 6.90 7.14 7.14 7.07 7.22 7.61 8.04 8.40 8.74 9.09 9.31 9.56 10.02 10.43 10.67 10.73 10.63 10.56 10.55 10.35 9.72 9.65 10.15 10.54 10.92 11.29 11.57 11.97 12.46 12.87 12.78 12.60 12.51 12.56 12.82 13.23 13.45 13.28 12.60 11.49 10.69 10.62 10.58 10.19 9.52 8.80 8.26 8.08 8.33 8.77 9.25 9.55 9.64 9.51 9.13 8.88 8.72 8.69 8.45 7.76 6.80 5.92 5.71 5.77 5.76 6.00
10.79 10.84 10.88 10.71 9.99 8.72 7.32 6.31 5.81 5.72 5.95 6.36 6.85 7.43 8.19 8.99 9.58 9.93 10.31 10.74 11.06 11.14 10.93 10.46 9.99 10.03 10.78 11.52 11.95 12.00 11.86 11.64 11.31 10.80 9.97 9.75 10.19 10.91 11.64 12.08 12.34 12.59 12.74 12.70 12.30 12.03 12.09 12.37 12.75 13.07 12.96 12.81 12.71 12.53 12.05 11.45 10.89 10.38 9.89 9.47 9.21 9.12 9.32 9.65 9.94 10.01 9.88 9.69 9.38 9.32 9.29 9.15 8.69 7.65 6.19 4.86 4.28 4.04 3.99 4.23
10.76 10.75 10.49 9.76 8.53 7.20 6.19 5.67 5.62 5.93 6.54 7.32 8.13 8.94 9.84 10.87 11.74 12.55 13.16 13.36 13.10 12.49 11.65 10.89 10.43 10.45 10.81 10.81 10.50 10.25 9.96 9.75 9.62 9.47 9.50 9.94 10.59 11.34 12.08 12.42 12.47 12.35 12.03 11.61 11.36 11.23 11.43 11.82 12.29 12.65 12.58 12.47 12.56 12.72 12.58 11.86 11.09 10.54 10.21 10.06 10.09 10.25 10.35 10.45 10.42 10.15 9.74 9.60 9.70 10.14 10.28 9.92 9.23 7.98 6.23 4.93 4.28 3.83 3.61 3.72
10.77 10.68 10.23 9.43 8.56 7.83 7.31 7.00 6.99 7.33 7.90 8.69 9.63 10.61 11.62 12.50 13.27 13.79 13.84 13.37 12.46 11.43 10.69 10.47 10.68 10.99 10.92 10.21 9.31 8.84 8.67 8.72 9.01 9.14 9.47 10.17 10.93 11.54 11.98 12.12 11.98 11.58 11.00 10.50 10.32 10.36 10.49 10.77 11.07 11.12 11.17 11.28 11.40 11.42 11.28 11.06 10.69 10.28 9.97 9.81 9.93 10.35 10.67 10.87 10.80 10.51 10.16 10.08 10.29 10.67 10.70 10.27 9.84 9.18 7.77 6.53 5.63 4.89 4.63 4.68
10.68 10.51 10.03 9.66 9.45 9.21 9.03 9.03 9.27 9.48 9.71 10.22 11.08 12.14 13.10 13.65 13.78 13.41 12.53 11.29 10.15 9.47 9.43 9.90 10.59 11.35 11.57 11.33 10.99 10.86 10.85 10.85 10.70 10.36 10.21 10.53 10.97 11.36 11.51 11.46 11.06 10.49 10.00 9.74 9.63 9.67 9.79 9.82 9.47 8.85 8.56 8.77 9.18 9.36 9.50 9.76 9.93 9.88 9.77 9.77 9.99 10.43 10.69 10.73 10.56 10.37 10.29 10.33 10.32 10.32 10.22 9.96 10.23 10.50 10.01 8.80 7.66 6.64 6.68 6.89
10.45 10.20 9.89 9.91 10.03 10.15 10.36 10.77 11.28 11.63 11.80 12.07 12.72 13.49 13.86 13.71 13.02 11.90 10.61 9.52 8.87 8.71 9.04 9.66 10.45 11.55 12.21 12.70 12.97 13.04 12.95 12.64 12.12 11.48 10.94 10.82 10.92 11.04 10.99 10.63 9.98 9.45 9.32 9.45 9.58 9.79 9.94 9.77 8.93 7.91 7.28 7.12 7.02 7.34 8.09 8.94 9.60 9.89 9.94 10.02 10.28 10.58 10.50 10.23 9.92 9.77 9.74 9.71 9.54 9.50 9.45 9.59 10.53 11.58 12.01 11.61 10.61 9.68 9.92 10.12
10.34 10.16 10.02 10.23 10.70 11.28 11.92 12.50 12.93 13.21 13.39 13.56 13.77 13.80 13.38 12.50 11.36 10.17 9.21 8.75 8.96 9.47 10.03 10.48 11.09 11.79 12.09 12.23 12.42 12.49 12.40 12.24 12.03 11.75 11.18 10.84 10.73 10.55 10.16 9.66 9.34 9.51 9.80 10.06 10.25 10.51 10.60 10.50 10.07 9.49 8.89 8.27 7.53 7.71 8.50 9.31 9.90 10.29 10.50 10.60 10.66 10.70 10.48 10.20 9.96 9.74 9.49 9.33 9.29 9.46 9.60 9.93 10.87 11.93 12.84 13.31 13.38 13.18 13.23 13.29
10.41 10.32 10.25 10.51 11.12 11.90 12.58 13.04 13.25 13.37 13.50 13.59 13.46 12.90 11.92 10.75 9.63 8.74 8.21 8.27 9.12 10.06 10.72 11.15 11.54 11.69 11.26 10.66 10.37 10.33 10.45 10.80 11.21 11.39 11.08 10.68 10.31 9.83 9.36 9.27 9.80 10.59 10.91 10.95 10.94 11.04 11.04 11.03 11.03 11.21 11.22 10.89 10.32 9.94 9.94 9.97 10.16 10.57 11.02 11.23 11.22 11.19 11.00 10.82 10.59 10.32 10.10 10.13 10.38 10.47 10.43 10.49 10.85 11.36 12.16 13.21 14.08 14.53 14.65 14.52
10.39 10.34 10.23 10.40 10.78 11.27 11.61 11.79 11.84 11.97 12.18 12.28 12.02 11.31 10.30 9.19 8.26 7.84 7.89 8.38 9.23 9.93 10.47 10.81 10.95 10.68 9.91 9.16 8.58 8.32 8.57 9.15 9.80 10.26 10.50 10.45 10.13 9.80 9.83 10.37 11.12 11.44 11.40 11.29 11.21 11.16 11.06 10.86 10.92 11.24 11.59 11.80 11.74 11.28 10.48 9.98 10.11 10.60 11.10 11.45 11.66 11.82 11.74 11.57 11.32 11.07 10.96 11.04 11.16 10.93 10.70 10.62 10.59 10.76 11.29 12.11 12.92 13.48 13.73 13.72
10.33 10.32 10.30 10.34 10.32 10.25 10.15 10.02 10.05 10.31 10.62 10.64 10.19 9.38 8.40 7.66 7.60 8.16 9.12 9.97 10.34 10.51 10.62 10.66 10.43 9.66 8.53 7.64 7.01 6.73 6.86 7.23 7.68 8.33 9.01 9.56 10.03 10.46 10.95 11.38 11.53 11.39 11.14 11.05 11.04 10.97 10.76 10.39 10.11 9.97 10.11 10.56 10.99 10.88 10.24 9.87 10.06 10.53 11.02 11.51 11.98 12.31 12.29 12.11 11.83 11.51 11.23 10.96 10.67 10.21 10.13 10.22 10.34 10.52 10.84 11.07 11.26 11.37 11.65 12.22
10.61 10.79 10.99 10.80 10.36 9.85 9.44 9.17 9.20 9.47 9.55 9.13 8.25 7.23 6.46 6.56 7.70 9.37 10.67 11.34 11.61 11.61 11.44 11.23 10.92 10.30 9.07 7.70 6.80 6.45 6.33 6.40 6.72 7.21 7.88 8.79 9.82 10.55 10.78 10.70 10.52 10.44 10.42 10.48 10.59 10.59 10.39 9.87 9.14 8.56 8.38 8.56 8.99 9.49 9.63 9.71 9.92 10.33 10.83 11.39 11.95 12.35 12.34 12.16 11.90 11.60 11.19 10.71 10.22 9.77 9.67 9.82 10.04 10.16 10.25 10.47 10.38 10.11 9.96 10.45
11.04 11.32 11.47 11.15 10.59 9.98 9.51 9.24 9.09 8.79 8.10 7.06 6.00 5.27 5.07 5.58 7.05 8.92 10.29 11.22 11.74 11.94 11.86 11.77 11.76 11.58 10.98 9.92 9.07 8.81 8.75 8.57 8.65 8.81 9.11 9.62 10.13 10.30 10.11 9.82 9.58 9.56 9.84 10.09 10.32 10.38 10.19 9.66 8.91 8.30 7.90 7.40 7.11 7.37 8.00 8.80 9.54 10.11 10.63 11.17 11.67 11.90 11.84 11.64 11.57 11.55 11.42 11.08 10.63 10.08 9.72 9.67 9.74 9.84 10.11 10.40 10.29 9.89 9.28 8.98
