project/data/elevation/US_DEM2016/US_DEM2016_point_10-28-2019_0038_30m_vel.asc
ncols	125
nrows	167
xllcorner	-2042055.000000
yllcorner	1465035.000000
cellsize	30.000000
NODATA_value	-9999.000000
[rows 0 to 36 of 167, columns 0 to 81 of 125]
8.32 7.11 5.43 5.36 6.88 9.29 11.57 13.01 13.44 13.51 13.57 14.01 14.66 14.54 13.80 13.10 12.28 11.80 11.89 12.43 12.80 12.76 12.59 12.56 12.55 12.31 11.94 11.13 10.25 9.30 8.30 7.34 6.53 5.80 5.18 4.98 5.51 6.63 7.90 8.83 9.40 9.81 10.09 10.12 9.67 8.86 8.09 8.12 8.74 9.34 9.51 9.68 9.80 10.08 10.33 10.62 10.52 9.63 8.73 8.06 7.70 7.80 8.40 9.51 10.27 10.54 10.32 9.41 7.95 6.95 6.56 6.63 6.98 7.48 7.97 8.30 8.60 9.28 10.18 10.68 11.03 11.48
8.32 7.11 5.43 5.36 6.88 9.29 11.57 13.01 13.44 13.51 13.57 14.01 14.66 14.54 13.80 13.10 12.28 11.80 11.89 12.43 12.80 12.76 12.59 12.56 12.55 12.31 11.94 11.13 10.25 9.30 8.30 7.34 6.53 5.80 5.18 4.98 5.51 6.63 7.90 8.83 9.40 9.81 10.09 10.12 9.67 8.86 8.09 8.12 8.74 9.34 9.51 9.68 9.80 10.08 10.33 10.62 10.52 9.63 8.73 8.06 7.70 7.80 8.40 9.51 10.27 10.54 10.32 9.41 7.95 6.95 6.56 6.63 6.98 7.48 7.97 8.30 8.60 9.28 10.18 10.68 11.03 11.48
8.97 7.71 5.91 5.42 6.17 7.87 9.72 11.08 11.91 12.37 12.78 13.22 13.41 13.37 13.06 12.76 12.37 12.12 12.01 11.99 12.15 12.06 11.98 12.04 12.09 11.94 11.42 10.61 9.79 9.03 8.30 7.54 6.81 6.18 5.56 5.14 5.24 5.80 6.67 7.62 8.29 8.73 9.07 9.42 9.61 9.50 9.17 8.94 9.14 9.36 9.40 9.45 9.56 9.62 9.71 10.01 10.30 10.21 9.67 8.81 8.04 7.61 7.84 8.43 9.02 9.47 9.77 9.73 9.26 8.41 7.79 7.49 7.39 7.43 7.57 7.79 8.08 8.49 8.97 9.59 10.03 10.38
10.46 8.99 6.90 5.98 5.80 6.23 7.00 7.73 8.47 9.54 10.76 11.21 10.99 10.80 11.21 11.61 11.60 11.68 11.60 11.36 11.27 11.07 10.95 10.96 11.05 11.02 10.61 9.99 9.39 8.97 8.63 8.19 7.73 7.35 6.86 6.21 5.62 5.26 5.22 5.79 6.88 7.76 8.38 8.99 9.65 10.19 10.43 10.24 9.90 9.57 9.35 9.12 9.01 8.72 8.51 8.39 8.74 9.44 9.91 9.93 9.37 8.46 7.68 7.24 7.01 7.28 8.10 9.06 9.61 9.67 9.38 8.84 8.19 7.57 7.16 7.07 7.16 7.15 7.04 7.35 8.01 8.60
11.32 9.82 7.73 6.74 6.20 5.91 5.81 5.88 6.14 7.00 8.27 9.05 9.06 8.99 9.58 10.22 10.17 10.16 10.59 11.02 11.06 10.66 10.36 10.12 9.98 10.02 10.05 9.86 9.66 9.55 9.47 9.32 9.13 8.91 8.55 7.92 7.12 6.33 5.63 5.58 6.44 7.58 8.59 9.38 9.78 10.14 10.49 10.67 10.45 9.98 9.65 9.30 8.81 8.22 7.69 6.85 6.49 6.83 7.83 9.05 9.64 9.41 8.53 7.37 6.52 6.08 6.17 6.74 7.55 8.18 8.43 8.34 7.98 7.48 6.99 6.67 6.50 6.28 6.02 6.08 6.59 7.28
11.43 10.13 8.29 7.43 6.80 6.22 5.62 5.10 4.89 5.24 6.17 7.26 7.80 8.04 8.89 9.84 9.95 9.53 9.83 10.42 10.56 10.22 9.90 9.50 9.24 9.45 9.74 9.88 10.00 10.18 10.36 10.42 10.30 9.99 9.60 9.08 8.41 7.65 6.81 6.13 6.00 6.44 7.43 8.56 9.29 9.68 9.96 10.26 10.27 10.06 9.86 9.68 9.40 8.61 7.59 6.61 6.13 6.04 6.35 7.07 8.06 8.68 8.47 7.55 6.64 5.96 5.54 5.43 5.63 6.02 6.45 6.76 6.85 6.77 6.54 6.25 5.99 5.78 5.62 5.67 5.93 6.25
11.40 10.42 8.91 8.25 7.61 6.82 5.90 4.86 4.20 4.05 4.51 5.64 6.57 7.32 8.39 9.68 10.37 9.96 9.42 9.24 9.30 9.42 9.44 9.21 9.13 9.37 9.63 9.74 9.88 10.24 10.66 10.91 10.79 10.54 10.24 9.92 9.52 8.96 8.14 7.05 6.09 5.68 5.89 6.70 7.68 8.24 8.52 8.75 9.09 9.30 9.50 9.75 9.86 9.78 9.23 8.42 8.06 7.78 7.42 7.13 7.09 7.38 7.52 7.24 6.71 6.15 5.64 5.33 5.29 5.48 5.78 6.08 6.27 6.31 6.19 5.92 5.57 5.29 5.19 5.31 5.51 5.61
11.14 10.62 9.83 9.29 8.68 7.54 6.31 5.08 4.19 3.85 3.83 4.31 5.34 6.42 7.50 8.81 9.94 9.92 8.97 8.15 7.94 8.37 8.91 9.19 9.28 9.45 9.67 9.67 9.61 9.86 10.42 10.88 11.07 11.16 11.26 11.44 11.40 11.00 10.20 9.04 7.62 6.27 5.46 5.21 5.55 6.34 6.82 7.09 7.60 8.34 8.90 9.48 10.02 10.69 11.03 10.88 10.27 9.64 8.95 8.16 7.42 7.02 7.01 7.04 6.87 6.46 5.91 5.51 5.48 5.70 5.96 6.18 6.31 6.29 6.17 5.97 5.65 5.27 5.03 4.99 5.05 5.09
10.92 10.87 10.89 10.49 9.77 8.64 7.31 6.16 5.33 4.65 4.24 4.23 4.77 5.60 6.37 7.42 8.63 9.07 8.50 7.69 7.30 7.57 8.16 8.72 9.01 9.23 9.62 9.93 9.89 9.81 10.19 10.85 11.49 12.13 12.83 13.45 13.71 13.47 12.85 11.85 10.41 8.68 6.93 5.66 5.28 5.74 6.67 7.25 7.72 8.13 8.48 8.71 9.02 9.66 10.40 10.71 10.36 9.70 8.98 8.30 7.69 7.27 7.09 7.17 7.32 7.20 6.64 6.01 5.74 5.87 6.17 6.41 6.51 6.54 6.59 6.66 6.63 6.45 6.06 5.62 5.27 4.99
10.48 11.09 11.72 11.48 10.77 9.91 8.73 7.80 7.18 6.65 5.94 5.35 5.19 5.30 5.50 6.19 7.30 8.13 8.26 7.90 7.52 7.36 7.57 8.09 8.57 8.88 9.26 9.77 10.12 10.22 10.52 11.11 11.88 12.60 13.20 13.68 14.00 14.12 14.07 13.76 13.02 11.76 10.09 8.24 6.83 6.74 7.34 8.04 8.37 8.36 8.31 7.84 7.36 6.86 7.34 8.26 8.74 8.62 8.30 7.96 7.64 7.37 7.12 7.14 7.73 8.14 7.92 7.24 6.50 6.13 6.34 6.79 7.13 7.40 7.69 7.99 8.25 8.38 8.19 7.69 7.03 6.46
10.04 10.74 11.94 12.15 11.69 11.16 10.54 10.09 9.69 9.16 8.41 7.47 6.49 5.71 5.29 5.37 6.35 7.54 8.30 8.50 8.32 8.02 7.91 8.16 8.56 8.83 8.96 9.28 9.96 10.68 11.14 11.48 11.74 11.82 11.68 11.49 11.76 12.50 13.23 13.74 13.88 13.48 12.50 10.86 8.97 7.83 7.60 8.03 8.37 8.37 8.16 7.66 6.83 6.02 5.83 6.31 7.15 7.69 7.86 7.84 7.69 7.48 7.23 7.16 7.78 8.73 9.12 8.67 7.77 6.87 6.86 7.52 8.13 8.51 8.91 9.32 9.66 9.80 9.71 9.37 8.88 8.38
8.90 9.48 10.95 12.10 12.57 12.58 12.44 12.30 12.14 11.59 10.79 9.80 8.61 7.16 5.96 5.60 6.15 7.25 8.29 8.90 9.06 8.94 8.73 8.66 8.81 9.07 9.28 9.56 10.14 10.79 10.99 10.87 10.52 10.04 9.41 8.95 9.14 9.93 10.87 11.74 12.50 13.10 13.24 12.59 11.09 9.28 8.27 8.07 8.08 8.02 7.78 7.72 7.38 6.68 6.05 5.88 6.37 7.12 7.69 7.94 7.93 7.83 7.75 7.69 7.98 8.74 9.52 9.69 9.11 8.30 7.91 8.29 8.68 9.06 9.42 9.66 9.67 9.50 9.04 8.53 8.02 7.61
8.05 7.86 8.61 10.54 12.03 12.76 12.92 12.88 12.91 12.67 12.15 11.43 10.54 9.16 7.70 6.87 6.81 7.23 7.81 8.47 9.01 9.22 9.07 8.86 8.87 9.13 9.45 9.65 9.71 9.64 9.35 8.79 8.14 7.62 7.32 7.31 7.50 7.79 8.10 8.78 9.70 10.79 11.94 12.62 12.37 11.02 9.42 8.58 7.99 7.37 7.03 7.12 6.98 6.61 6.18 5.96 6.19 6.87 7.67 8.24 8.45 8.44 8.42 8.36 8.26 8.45 9.22 10.03 10.15 9.67 9.20 9.08 9.23 9.41 9.37 8.96 8.30 7.56 6.96 6.36 5.65 5.11
8.86 8.15 7.62 8.25 9.61 10.79 11.26 11.37 11.35 11.40 11.48 11.42 11.23 10.70 9.74 8.59 7.84 7.46 7.30 7.48 8.14 8.69 8.75 8.55 8.45 8.43 8.41 8.19 7.65 7.04 6.56 6.10 5.81 5.65 5.60 5.74 5.78 5.77 5.87 6.24 6.85 7.72 8.96 10.44 11.52 11.40 10.34 9.24 8.53 7.67 6.90 6.38 6.18 6.20 6.15 6.13 6.35 6.91 7.72 8.56 9.07 9.14 8.94 8.79 8.66 8.69 9.26 10.21 10.77 10.63 10.18 9.88 9.72 9.40 8.70 7.66 6.63 6.17 6.15 6.06 5.63 4.96
9.57 9.46 8.50 7.50 7.08 7.57 8.10 8.14 7.95 8.16 8.67 9.33 9.83 10.24 10.30 9.76 8.81 7.97 7.31 6.98 7.29 7.89 8.15 8.01 7.63 7.14 6.63 6.12 5.54 5.03 4.83 5.02 5.38 5.51 5.26 4.85 4.57 4.66 4.87 5.01 5.12 5.42 6.11 7.41 9.09 10.55 10.55 10.01 9.49 8.86 7.75 6.79 6.46 6.56 6.70 6.77 6.85 7.15 7.75 8.62 9.51 9.87 9.82 9.67 9.62 9.78 10.18 10.80 11.36 11.39 10.92 10.39 9.74 8.78 7.79 6.96 6.50 6.36 6.59 6.94 6.96 6.56
9.44 9.53 9.04 7.79 6.10 5.30 5.20 5.08 4.93 4.89 5.16 5.67 6.52 7.53 8.74 9.43 9.27 8.53 7.72 7.18 7.20 7.59 7.85 7.67 7.13 6.44 5.83 5.54 5.42 5.15 4.94 5.21 5.98 6.51 6.37 5.93 5.45 5.21 5.38 5.64 5.63 5.58 5.90 6.86 8.30 10.00 10.69 10.72 10.38 9.65 8.71 7.99 7.66 7.70 7.76 7.72 7.61 7.65 8.07 8.93 9.89 10.76 11.19 11.21 11.12 11.27 11.59 12.03 12.52 12.62 12.02 10.93 9.60 8.60 8.03 7.76 7.63 7.47 7.50 7.75 7.95 7.83
8.91 8.56 8.20 7.73 6.37 5.21 4.65 4.36 4.12 4.12 4.22 4.40 4.83 5.63 6.83 8.21 8.93 8.83 8.33 7.95 7.87 7.94 7.96 7.77 7.34 6.81 6.43 6.36 6.52 6.52 6.12 5.78 6.17 7.12 7.68 7.77 7.45 6.92 6.71 7.01 7.39 7.67 7.96 8.62 9.57 10.43 10.95 11.35 11.27 10.63 9.70 9.08 8.80 8.72 8.71 8.76 8.68 8.76 9.14 9.80 10.74 11.74 12.50 12.79 12.63 12.42 12.53 12.96 13.55 13.70 13.18 12.05 10.36 9.61 9.54 9.56 9.43 9.11 8.86 8.84 8.89 8.89
9.34 8.70 8.01 7.69 7.29 6.64 6.05 5.76 5.79 6.10 6.42 6.57 6.71 6.78 6.98 7.45 8.26 8.78 8.85 8.77 8.62 8.42 8.23 8.06 7.82 7.54 7.36 7.29 7.48 7.82 7.75 7.07 6.72 7.23 8.16 8.90 9.11 8.78 8.31 8.40 9.03 9.54 9.92 10.20 10.34 10.32 10.59 11.30 11.71 11.49 10.66 9.87 9.47 9.43 9.50 9.63 9.83 9.92 10.27 10.87 11.48 12.03 12.58 13.02 13.07 12.74 12.37 12.34 12.92 13.63 14.07 14.02 12.90 12.26 12.27 12.40 12.39 12.02 11.65 11.26 10.83 10.43
9.94 9.65 8.94 8.39 8.32 8.38 8.31 8.38 8.75 9.20 9.61 9.84 9.75 9.18 8.37 7.87 8.07 8.65 9.03 9.13 9.07 8.91 8.71 8.53 8.33 8.14 8.00 7.89 8.02 8.58 9.09 8.98 8.51 8.28 8.68 9.60 10.42 10.60 10.38 10.29 10.52 10.79 10.82 10.47 9.73 9.04 9.04 9.93 11.13 11.50 11.32 10.70 10.30 10.16 10.19 10.20 10.35 10.56 10.94 11.20 11.19 11.04 11.07 11.48 12.00 12.18 11.87 11.29 11.22 12.16 13.87 14.97 15.50 15.38 15.27 15.64 16.00 16.00 15.68 15.02 14.13 12.91
10.00 9.76 9.13 8.55 8.88 9.38 9.95 10.58 11.17 11.50 11.63 11.59 11.37 10.69 9.83 9.05 8.72 8.86 9.14 9.29 9.38 9.44 9.42 9.32 9.02 8.71 8.58 8.52 8.53 8.96 9.81 10.48 10.74 10.78 10.85 11.25 11.76 11.95 11.92 11.78 11.56 11.17 10.56 9.72 8.72 7.91 7.72 8.41 9.98 11.02 11.44 11.38 11.18 10.90 10.72 10.50 10.58 10.84 10.82 10.60 9.97 9.29 8.91 9.09 9.83 10.61 10.90 10.53 9.88 10.14 11.85 13.79 15.09 15.60 15.99 16.69 17.19 17.33 17.15 16.94 16.42 15.34
9.96 9.49 8.68 8.50 9.17 10.16 10.96 11.55 11.93 11.93 11.72 11.54 11.40 11.10 10.72 10.15 9.61 9.31 9.34 9.53 9.76 10.04 10.33 10.46 10.28 9.85 9.67 9.60 9.51 9.71 10.48 11.51 12.30 12.77 12.94 12.82 12.63 12.41 12.18 11.86 11.27 10.36 9.38 8.52 7.92 7.60 7.54 8.13 9.48 10.71 11.66 12.20 12.31 12.04 11.58 11.16 11.01 10.68 10.27 9.50 8.53 7.60 6.84 6.47 6.95 7.58 8.19 8.37 7.98 7.87 8.57 10.13 11.71 12.81 13.71 14.46 14.87 15.02 15.33 15.75 16.23 16.05
10.74 10.03 9.35 9.70 10.45 11.08 11.33 11.42 11.36 10.94 10.60 10.45 10.38 10.50 10.59 10.40 10.01 9.62 9.60 9.92 10.41 11.01 11.58 11.96 12.02 11.73 11.43 11.29 11.22 11.30 11.75 12.36 12.83 12.98 12.82 12.46 12.06 11.54 11.11 10.51 9.71 8.91 8.20 7.66 7.50 7.69 8.09 8.87 9.67 10.75 11.70 12.30 12.77 13.10 12.74 12.04 11.26 10.44 9.57 8.38 7.24 6.19 4.99 4.17 4.01 4.14 4.33 4.72 4.96 4.90 5.47 6.26 7.26 8.15 8.97 9.81 9.93 10.18 10.81 11.63 13.45 15.23
11.06 11.15 11.60 11.89 11.84 11.63 11.14 10.66 10.12 9.78 9.61 9.42 9.32 9.46 9.72 9.90 9.84 9.71 9.87 10.29 10.95 11.66 12.32 12.89 13.12 13.10 12.95 12.85 12.84 12.85 12.76 12.51 12.12 11.61 10.96 10.42 10.23 9.90 9.42 8.70 7.95 7.64 7.51 7.56 7.75 8.03 8.60 9.18 9.82 10.63 11.16 11.69 12.31 12.93 13.11 12.54 11.44 10.21 8.95 7.79 6.64 5.37 4.27 3.39 2.80 2.60 2.51 2.53 2.71 3.02 3.37 3.81 4.31 4.85 5.24 5.95 6.53 7.16 7.86 8.71 10.40 12.95
10.56 11.41 12.51 12.62 12.21 11.56 10.72 10.08 9.32 9.06 9.03 8.83 8.68 8.70 8.92 9.28 9.53 9.71 9.93 10.08 10.26 10.57 11.11 11.90 12.49 12.89 13.10 13.18 13.15 12.91 12.30 11.33 10.23 9.50 9.01 8.63 8.34 8.05 7.69 7.39 7.16 7.17 7.39 7.86 8.19 8.53 8.97 9.27 9.67 10.00 10.11 10.31 10.81 11.56 12.18 12.22 11.57 10.47 9.19 8.16 7.17 6.00 5.01 4.17 3.51 3.19 3.12 3.14 3.20 3.08 2.88 2.74 2.66 2.91 3.27 3.83 4.73 5.76 6.44 6.99 8.18 10.17
9.84 10.64 11.78 12.08 11.81 11.04 10.25 9.62 9.06 8.73 8.57 8.32 8.20 8.22 8.44 8.86 9.30 9.58 9.64 9.39 8.99 8.73 8.91 9.56 10.61 11.49 12.05 12.23 12.06 11.49 10.55 9.37 8.26 7.64 7.34 7.05 6.72 6.62 6.67 6.83 7.13 7.54 8.01 8.30 8.74 9.31 9.53 9.63 9.53 9.28 9.21 9.39 9.75 10.27 10.91 11.48 11.62 11.24 10.28 9.23 8.36 7.53 6.77 6.11 5.55 5.14 5.08 4.99 4.57 3.95 3.21 2.67 2.25 1.97 2.13 2.64 3.36 4.09 4.68 5.22 6.10 7.48
9.22 9.32 10.06 10.91 11.29 11.03 10.20 9.24 8.72 8.38 8.07 7.87 7.72 7.77 8.14 8.64 9.17 9.45 9.48 9.24 8.92 8.71 8.81 9.25 9.99 10.58 10.84 10.75 10.35 9.70 8.88 8.08 7.27 6.65 6.22 6.02 6.12 6.38 6.53 6.79 7.44 8.23 8.62 8.93 9.42 9.92 10.22 10.15 9.63 8.99 8.62 8.64 8.87 9.35 10.10 10.89 11.63 11.99 11.69 10.80 9.93 9.26 8.67 8.15 7.72 7.42 7.14 6.57 5.70 4.94 4.34 3.60 2.85 2.29 2.08 2.22 2.37 2.47 2.94 3.66 4.43 5.53
8.85 8.61 8.76 9.69 10.86 11.49 11.17 10.00 9.15 8.69 8.25 8.06 7.96 7.96 8.22 8.72 9.23 9.68 9.95 10.03 10.10 10.27 10.55 10.75 10.64 10.28 9.82 9.34 8.84 8.46 8.01 7.54 7.13 6.83 6.52 6.29 6.47 6.99 7.24 7.27 7.70 8.33 8.90 9.46 9.90 10.32 10.57 10.49 9.96 9.10 8.19 7.67 7.84 8.50 9.43 10.50 11.51 12.36 12.71 12.42 11.82 11.27 10.89 10.57 10.20 9.66 8.97 8.30 7.59 6.99 6.20 5.27 4.23 3.53 3.07 2.72 2.40 2.20 2.42 2.91 3.49 4.34
8.64 8.30 8.08 8.72 10.03 11.46 12.11 11.59 10.65 10.06 9.66 9.30 9.23 9.19 9.16 9.19 9.46 9.95 10.48 10.84 11.09 11.23 11.20 10.89 10.25 9.43 8.74 8.19 7.74 7.61 7.69 7.63 7.49 7.58 7.66 7.54 7.42 7.76 8.21 8.15 8.05 8.28 8.92 9.54 10.00 10.33 10.49 10.54 10.35 9.63 8.32 7.29 7.21 7.86 8.83 9.91 10.96 12.09 12.83 13.08 13.13 13.17 13.45 13.69 13.36 12.64 11.58 10.67 10.20 9.59 8.38 6.97 5.94 5.34 4.80 4.09 3.48 3.17 3.12 3.20 3.35 3.69
8.33 7.72 7.20 7.61 8.63 10.52 11.98 12.37 11.78 11.14 10.76 10.35 10.22 10.23 10.15 9.87 9.66 9.80 10.24 10.62 10.75 10.54 9.96 9.16 8.44 7.89 7.58 7.38 7.21 7.31 7.68 8.14 8.38 8.42 8.61 8.78 8.68 8.66 9.05 9.04 8.73 8.62 9.05 9.42 9.77 9.91 9.93 10.16 10.56 10.50 9.54 8.12 7.38 7.54 8.06 9.05 10.30 11.55 12.34 12.85 13.15 13.56 14.27 14.94 15.50 15.41 14.62 13.63 12.68 11.74 10.57 9.23 8.30 7.52 6.78 6.04 5.50 5.14 4.82 4.37 3.90 3.69
8.39 7.86 7.23 7.14 7.66 9.04 10.92 12.11 12.16 11.51 10.73 10.04 9.75 9.77 9.89 9.84 9.51 9.39 9.48 9.45 9.21 8.67 7.90 7.18 6.69 6.45 6.47 6.70 6.93 7.31 8.04 8.82 9.24 9.40 9.47 9.66 9.80 9.77 9.74 9.77 9.62 9.42 9.25 9.22 9.13 8.94 8.81 9.25 10.30 11.09 10.99 9.99 8.52 7.95 8.08 8.89 10.09 11.23 11.78 12.07 12.09 12.52 13.22 14.05 15.13 15.82 15.85 15.67 15.07 14.27 13.63 12.92 11.89 10.40 9.02 8.31 7.97 7.65 6.97 6.06 4.98 4.08
9.02 8.94 8.44 7.78 7.64 8.22 9.71 11.35 12.18 12.00 11.05 10.03 9.36 9.04 9.05 9.22 9.08 9.04 8.81 8.19 7.43 6.73 6.15 5.74 5.47 5.38 5.43 5.61 6.07 7.01 8.11 8.88 9.52 9.96 10.18 10.33 10.41 10.31 10.13 10.06 10.08 9.80 9.51 9.10 8.52 7.81 7.70 8.23 9.32 10.76 11.49 11.25 10.19 9.13 8.92 9.27 9.89 10.64 11.01 11.02 10.72 10.43 10.28 10.80 12.08 13.68 14.91 15.81 16.35 16.35 16.32 16.08 15.32 14.01 12.28 11.19 10.47 9.67 8.57 7.07 5.72 4.61
9.04 8.95 8.81 8.36 7.92 7.94 8.77 10.36 11.83 12.51 12.23 11.27 10.34 9.56 9.09 8.85 8.84 8.74 8.18 7.25 6.39 5.86 5.53 5.29 5.14 5.16 5.11 4.81 4.77 5.51 6.65 7.50 8.27 9.03 9.64 10.02 10.06 10.04 9.91 9.86 9.80 9.65 9.53 9.25 8.80 8.02 7.54 7.64 8.26 9.40 10.80 11.39 11.15 10.19 9.59 9.30 9.35 9.61 9.87 9.65 9.30 8.67 8.17 8.27 9.04 10.48 12.34 13.96 15.18 15.87 16.36 16.76 16.70 16.24 15.32 14.01 12.44 10.74 9.05 7.51 6.36 5.49
8.08 7.52 7.19 7.36 7.41 7.40 7.78 8.96 10.68 12.06 12.61 12.16 11.23 10.32 9.66 9.12 8.81 8.38 7.67 6.96 6.56 6.49 6.08 5.90 5.69 5.76 5.75 5.22 4.49 4.25 4.55 5.17 5.85 6.67 7.55 8.26 8.75 9.05 9.26 9.42 9.25 9.05 8.86 8.74 8.65 8.24 7.51 7.14 7.30 7.99 9.21 10.62 11.00 10.49 9.69 8.98 8.71 8.68 8.81 8.58 8.13 7.26 6.67 6.89 7.60 8.54 9.75 10.94 12.09 12.93 13.58 14.35 15.24 15.79 15.88 15.53 14.03 11.62 9.63 8.44 7.60 6.61
7.42 6.53 5.59 5.70 6.00 6.04 6.13 7.02 8.54 10.36 11.67 12.01 11.46 10.56 9.88 9.29 8.78 8.24 7.81 8.03 7.64 7.75 7.71 7.46 7.20 7.24 7.19 6.76 5.83 4.92 4.65 4.70 4.79 5.06 5.68 6.58 7.54 8.08 8.54 8.87 8.70 8.31 7.66 7.01 6.46 6.28 6.13 5.85 5.89 6.65 7.74 9.17 10.18 10.08 9.27 8.58 8.26 8.31 8.37 8.28 7.70 6.41 5.84 5.98 6.60 7.34 8.07 8.65 9.26 9.90 9.91 10.50 11.85 13.30 14.54 15.53 15.43 13.75 11.44 9.93 8.71 7.58
8.36 7.44 6.35 6.03 5.63 5.32 5.25 5.58 6.56 8.21 10.04 11.28 11.50 10.82 10.01 9.31 8.79 8.47 8.85 8.67 9.10 9.37 9.53 9.42 9.20 9.08 8.96 8.47 7.67 6.78 6.26 6.03 5.73 5.39 5.43 6.02 6.85 7.43 7.95 8.37 8.35 7.92 6.94 5.52 4.72 4.57 4.69 4.82 5.17 5.78 6.65 7.89 9.14 9.49 8.84 8.47 8.33 8.44 8.51 8.68 8.20 6.97 6.24 5.84 5.84 5.93 6.40 7.06 7.68 8.24 8.27 8.36 9.26 10.73 12.02 13.86 15.48 15.50 13.94 11.68 9.76 8.79
9.50 9.04 8.53 8.21 7.66 6.73 5.96 5.58 5.69 6.51 8.00 9.80 10.93 10.99 10.22 9.32 8.85 8.81 9.15 9.75 10.33 10.83 11.25 11.43 11.40 11.14 10.69 10.05 9.17 8.08 7.25 6.97 6.94 6.75 6.38 6.27 6.70 7.26 7.89 8.38 8.55 8.19 7.28 6.04 5.34 5.24 5.52 5.89 6.05 6.18 6.35 7.04 8.36 9.10 8.81 8.62 8.50 8.63 8.78 9.20 9.00 8.11 7.02 5.88 5.14 4.84 5.04 5.76 6.59 7.40 7.73 7.79 8.11 9.09 10.07 11.52 13.85 15.50 15.64 14.41 12.51 11.60
9.82 9.88 9.86 9.66 9.29 8.50 7.48 6.49 5.88 5.77 6.35 7.66 9.38 10.34 10.22 9.40 8.89 8.99 9.60 10.46 11.16 11.84 12.48 12.98 13.07 12.89 12.49 11.85 10.84 9.42 7.99 7.28 7.33 7.74 8.01 7.84 7.66 7.92 8.52 9.06 9.55 9.58 8.86 7.98 7.54 7.58 7.94 8.10 7.87 7.11 6.67 6.70 7.86 8.78 8.82 8.68 8.56 8.72 8.94 9.48 9.56 8.96 7.81 6.31 5.03 4.36 4.36 4.92 5.65 6.45 7.09 7.27 7.55 8.14 8.83 9.67 11.44 13.93 15.68 16.40 16.12 15.30
