project/data/elevation/US_DEM2016/US_DEM2016_point_11-01-2019_1826_30m_vel.asc
ncols	125
nrows	167
xllcorner	-2042055.000000
yllcorner	1465035.000000
cellsize	30.000000
NODATA_value	-9999.000000
[rows 38 to 75 of 167, columns 0 to 83 of 125]
5.70 5.44 4.94 4.55 4.17 3.93 3.75 3.47 3.11 2.78 2.94 2.62 2.73 3.04 3.72 3.76 3.86 3.74 4.14 4.45 4.64 4.73 4.82 5.01 5.26 5.48 5.69 5.90 5.90 5.72 5.36 4.96 4.73 4.69 4.84 5.22 5.65 5.91 6.12 6.38 6.60 6.63 6.61 6.55 6.47 6.31 5.85 5.11 4.60 4.28 4.19 4.22 4.12 4.10 4.29 4.41 4.47 4.68 4.82 4.87 4.72 4.36 4.14 3.90 3.61 3.34 3.06 2.98 3.05 3.06 3.03 3.17 3.42 3.72 3.93 4.17 4.44 4.91 5.55 6.28 6.86 7.16 7.09 6.72
5.58 5.04 4.23 3.84 3.54 3.41 3.27 3.11 2.99 2.95 3.00 3.03 2.96 3.41 3.60 3.50 3.62 3.82 3.68 3.66 3.55 3.51 3.60 3.88 4.35 4.87 5.28 5.66 5.90 5.94 5.81 5.53 5.27 5.21 5.48 6.01 6.37 6.55 6.64 6.73 6.80 6.69 6.61 6.50 6.35 6.08 5.54 4.94 4.51 4.19 4.16 4.29 4.28 4.15 4.32 4.50 4.66 4.85 4.77 4.50 4.03 3.51 3.12 3.00 2.93 2.86 2.69 2.67 2.81 2.86 2.79 2.93 3.29 3.60 3.76 3.92 4.07 4.36 4.76 5.06 5.20 5.54 6.14 6.52
5.31 4.71 3.87 3.51 3.39 3.34 3.32 3.35 3.44 3.60 3.76 3.81 3.64 3.42 3.96 3.63 3.57 3.73 3.51 3.17 3.04 3.13 3.38 3.74 4.26 4.69 5.04 5.38 5.66 5.88 6.01 5.97 5.94 6.16 6.59 7.03 7.28 7.34 7.13 6.80 6.63 6.22 5.91 5.85 5.80 5.85 5.75 5.61 5.39 5.18 4.92 4.76 4.59 4.30 4.30 4.43 4.59 4.68 4.45 3.99 3.44 2.84 2.28 2.07 2.07 2.16 2.36 2.56 2.71 2.74 2.64 2.80 3.26 3.57 3.65 3.71 3.80 3.98 4.23 4.35 4.35 4.58 5.34 6.34
5.11 4.67 4.07 3.85 3.83 3.85 3.85 3.90 4.05 4.26 4.41 4.35 4.10 3.90 3.80 3.78 3.83 3.83 3.68 3.48 3.50 3.70 3.95 4.17 4.34 4.52 4.64 4.86 5.23 5.60 6.04 6.29 6.62 7.02 7.37 7.59 7.63 7.43 7.05 6.57 6.15 5.73 5.32 5.07 5.18 5.32 5.53 5.64 5.76 5.82 5.71 5.26 4.77 4.34 4.15 4.15 4.15 4.07 3.85 3.55 3.18 2.72 2.23 2.08 2.19 2.37 2.56 2.67 2.70 2.70 2.69 2.84 3.21 3.47 3.44 3.38 3.56 3.91 4.11 4.10 4.13 4.21 4.64 5.68
5.07 4.83 4.49 4.36 4.33 4.29 4.25 4.31 4.53 4.73 4.76 4.56 4.21 4.11 4.17 4.23 4.25 4.26 4.28 4.32 4.45 4.62 4.78 4.86 4.91 4.85 4.77 4.80 5.08 5.43 6.02 6.53 7.12 7.56 7.62 7.38 7.04 6.61 6.14 5.75 5.45 5.16 4.76 4.51 4.48 4.63 4.85 4.93 5.08 5.23 5.27 5.04 4.67 4.24 4.06 4.05 3.98 3.79 3.63 3.62 3.51 3.31 3.06 3.03 3.15 3.11 2.95 2.82 2.86 2.91 2.86 2.87 3.04 3.14 2.97 2.84 3.22 3.80 4.01 3.90 3.97 4.16 4.57 5.34
5.05 4.88 4.67 4.59 4.58 4.61 4.70 4.88 5.07 5.13 4.98 4.69 4.36 4.42 4.33 4.44 4.54 4.66 4.80 4.99 5.24 5.44 5.51 5.49 5.43 5.27 5.17 5.16 5.31 5.52 6.06 6.63 7.14 7.38 7.22 6.77 6.22 5.70 5.24 4.96 4.84 4.67 4.33 3.99 3.91 4.07 4.21 4.08 3.85 3.64 3.63 3.89 4.07 4.07 4.12 4.30 4.38 4.34 4.33 4.34 4.26 4.19 4.13 4.09 3.82 3.46 3.31 3.35 3.35 3.10 2.76 2.60 2.72 2.82 2.69 2.63 3.00 3.60 3.76 3.60 3.80 4.30 4.80 5.13
5.05 4.95 4.86 4.88 5.03 5.26 5.50 5.65 5.64 5.47 5.16 4.84 4.58 4.44 4.44 4.58 4.75 4.91 5.08 5.30 5.55 5.65 5.62 5.50 5.36 5.21 5.18 5.24 5.45 5.74 6.32 6.61 6.72 6.57 6.36 6.14 5.83 5.41 4.83 4.40 4.18 4.11 3.92 3.59 3.44 3.59 3.51 3.30 2.97 2.77 2.79 3.00 3.36 3.73 4.16 4.61 4.85 4.95 4.96 4.85 4.76 4.73 4.57 4.30 3.87 3.74 3.86 3.81 3.37 2.71 2.38 2.43 2.61 2.73 2.76 2.85 3.21 3.63 3.69 3.50 3.67 4.22 4.60 4.73
5.22 5.23 5.29 5.42 5.59 5.79 5.92 5.94 5.82 5.57 5.23 4.96 4.80 4.72 4.86 5.02 5.12 5.21 5.32 5.39 5.37 5.25 5.11 5.02 5.02 5.01 5.03 5.17 5.57 6.05 6.54 6.41 6.02 5.66 5.50 5.53 5.43 5.18 4.62 4.04 3.59 3.45 3.39 3.17 3.10 3.16 3.15 3.20 3.24 3.25 3.17 3.04 3.12 3.56 4.23 4.77 4.90 4.89 4.83 4.81 4.76 4.78 4.61 4.38 4.28 4.31 4.11 3.54 2.84 2.49 2.55 2.84 3.02 3.09 3.16 3.37 3.70 3.92 4.07 3.74 3.77 3.99 4.28 4.46
5.43 5.47 5.56 5.68 5.73 5.69 5.60 5.50 5.39 5.23 5.04 4.87 4.87 5.05 5.32 5.45 5.47 5.46 5.39 5.26 5.06 4.83 4.67 4.66 4.79 4.91 5.03 5.31 5.82 6.26 6.38 5.95 5.35 5.03 4.90 4.80 4.70 4.65 4.41 3.90 3.28 3.00 3.01 3.10 3.22 3.31 3.50 3.63 3.67 3.46 3.15 3.05 3.36 3.98 4.61 4.84 4.78 4.70 4.68 4.77 4.73 4.77 4.73 4.68 4.58 4.29 3.58 3.09 3.00 3.23 3.55 3.73 3.79 3.82 3.93 4.12 4.28 4.31 4.25 4.21 4.70 4.18 4.33 4.55
5.51 5.46 5.43 5.46 5.38 5.21 5.00 4.80 4.66 4.61 4.59 4.54 4.76 4.87 5.13 5.26 5.33 5.30 5.16 5.00 4.83 4.66 4.54 4.53 4.62 4.78 4.99 5.41 5.92 6.13 5.87 5.32 4.92 4.64 4.43 4.22 4.06 4.06 4.12 3.96 3.40 3.09 3.16 3.49 3.67 3.79 3.84 3.61 3.21 2.78 2.73 3.16 4.08 4.97 5.30 5.18 5.01 4.91 4.91 4.93 4.85 4.87 4.81 4.68 4.39 3.92 3.59 3.68 4.13 4.60 4.88 4.94 4.94 4.92 4.93 5.01 5.05 4.97 4.92 4.89 4.66 4.54 4.66 4.76
5.50 5.40 5.16 5.05 4.95 4.76 4.54 4.32 4.17 4.11 4.16 4.21 4.26 4.43 4.56 4.65 4.79 4.88 4.86 4.78 4.63 4.49 4.40 4.36 4.40 4.53 4.75 5.22 5.78 5.86 5.53 5.13 4.83 4.51 4.11 3.74 3.60 3.59 3.70 3.74 3.50 3.20 3.18 3.38 3.52 3.66 3.68 3.26 2.87 2.81 3.27 4.35 5.50 6.09 6.11 5.72 5.41 5.18 5.10 5.16 5.16 5.16 5.07 4.90 4.85 4.97 5.36 5.85 6.27 6.57 6.66 6.67 6.64 6.59 6.53 6.50 6.45 6.25 5.96 5.54 5.00 4.70 4.79 4.80
5.52 5.42 5.04 4.77 4.66 4.58 4.44 4.27 4.12 4.04 4.15 4.26 4.40 4.42 4.50 4.54 4.63 4.70 4.71 4.62 4.44 4.28 4.19 4.15 4.18 4.29 4.50 5.05 5.65 5.65 5.38 5.17 4.93 4.60 4.16 3.67 3.43 3.20 3.10 3.20 3.17 2.93 2.76 2.77 2.99 3.28 3.55 3.48 3.43 3.80 4.88 6.12 6.78 6.85 6.50 5.96 5.55 5.31 5.28 5.48 5.59 5.67 5.65 5.80 6.15 6.69 7.28 7.80 8.15 8.32 8.38 8.38 8.37 8.33 8.23 8.07 7.87 7.59 7.04 6.24 5.43 4.88 4.76 4.65
5.60 5.44 5.02 4.71 4.58 4.55 4.57 4.52 4.41 4.41 4.62 4.83 5.01 5.06 5.02 4.97 4.89 4.78 4.64 4.49 4.33 4.17 4.05 3.99 4.03 4.20 4.51 5.11 5.54 5.36 4.95 4.93 4.79 4.57 4.43 4.13 3.69 3.17 2.85 2.96 3.04 2.99 2.96 3.02 3.23 3.54 4.02 4.40 4.77 5.58 6.68 7.25 7.27 6.79 6.28 5.77 5.46 5.33 5.26 5.33 5.46 5.68 5.87 6.15 6.67 7.17 7.55 7.90 8.12 8.25 8.34 8.42 8.47 8.47 8.37 8.16 7.93 7.71 7.35 6.86 6.25 5.60 4.97 4.58
5.64 5.36 4.90 4.73 4.60 4.51 4.54 4.63 4.66 4.73 5.04 5.40 5.57 5.57 5.45 5.23 4.97 4.72 4.53 4.40 4.30 4.16 4.00 3.90 3.95 4.21 4.61 5.13 5.27 4.81 4.44 4.44 4.38 4.36 4.45 4.46 4.08 3.63 3.40 3.50 3.72 3.94 4.13 4.23 4.36 4.72 5.43 6.20 6.97 7.56 7.77 7.58 6.99 6.23 5.77 5.38 5.12 4.94 4.75 4.62 4.73 4.95 5.37 5.68 6.01 6.19 6.11 6.05 6.00 6.11 6.29 6.55 6.66 6.69 6.59 6.44 6.41 6.34 6.31 6.33 6.27 6.06 5.63 4.95
5.54 5.12 4.57 4.44 4.39 4.36 4.41 4.54 4.69 4.79 5.05 5.44 5.58 5.54 5.35 5.02 4.65 4.40 4.27 4.19 4.11 4.02 3.92 3.86 3.96 4.24 4.61 4.95 4.86 4.31 4.06 4.09 4.04 4.02 4.18 4.26 4.23 4.16 4.19 4.45 4.74 4.98 5.16 5.35 5.70 6.30 7.04 7.63 8.00 8.04 7.77 7.15 6.48 5.79 5.38 5.03 4.73 4.44 4.27 4.18 4.30 4.50 4.70 4.90 4.93 4.62 4.25 3.84 3.72 3.81 4.01 4.25 4.36 4.32 4.31 4.25 4.33 4.39 4.46 4.66 5.02 5.29 5.33 5.12
5.31 4.87 4.27 4.04 4.02 4.12 4.25 4.39 4.60 4.73 5.24 5.02 4.96 4.86 4.68 4.41 4.13 3.93 3.82 3.78 3.76 3.76 3.83 3.96 4.13 4.33 4.59 4.78 4.62 4.27 4.11 4.11 4.04 3.94 3.82 3.88 4.12 4.23 4.41 4.74 5.09 5.30 5.53 5.89 6.51 7.19 7.62 7.76 7.57 7.24 6.86 6.45 6.00 5.56 5.23 4.92 4.64 4.41 4.40 4.43 4.56 4.62 4.55 4.46 4.16 3.76 3.45 3.29 3.30 3.32 3.21 3.02 2.92 2.86 2.83 2.81 2.90 3.01 3.07 3.07 3.16 3.37 3.57 3.81
5.10 4.77 4.28 4.04 3.94 3.91 3.93 4.03 4.21 4.38 4.34 4.46 3.99 3.82 3.68 3.62 3.54 3.38 3.29 3.40 3.62 3.80 3.99 4.21 4.35 4.48 4.66 4.80 4.79 4.71 4.57 4.37 4.16 3.89 3.54 3.51 3.79 3.94 4.09 4.32 4.67 5.00 5.36 5.96 6.75 7.23 7.24 6.76 6.08 5.80 5.76 5.79 5.68 5.47 5.22 4.98 4.75 4.65 4.76 4.80 4.78 4.70 4.43 4.19 3.93 3.73 3.74 3.75 3.66 3.40 2.94 2.44 2.20 2.06 1.93 1.90 1.96 1.99 1.98 1.88 1.81 1.89 2.19 2.63
5.08 4.90 4.66 4.47 4.26 3.95 3.64 3.50 3.60 3.77 3.77 4.06 3.20 3.03 2.99 3.30 3.03 2.98 3.01 3.30 3.74 4.13 4.39 4.50 4.59 4.70 4.85 5.00 5.05 5.04 4.77 4.41 4.09 3.74 3.38 3.31 3.59 3.81 3.89 4.00 4.25 4.63 5.15 5.98 6.70 6.82 6.32 5.54 5.10 4.97 4.99 5.16 5.27 5.27 5.06 4.89 4.71 4.66 4.73 4.62 4.40 4.16 3.95 3.85 3.94 4.08 4.19 4.11 3.63 3.04 2.45 2.12 1.99 1.83 1.61 1.49 1.42 1.29 1.19 1.27 2.07 1.97 2.60 3.12
5.26 5.29 5.26 5.07 4.77 4.36 3.85 3.56 3.48 3.57 3.59 4.01 3.69 3.06 3.08 3.06 3.09 3.17 3.34 3.68 4.12 4.57 4.82 4.94 5.04 5.16 5.23 5.29 5.28 5.18 4.80 4.53 4.36 4.08 3.73 3.69 3.99 4.24 4.27 4.30 4.45 4.76 5.31 6.13 6.47 6.15 5.30 4.68 4.38 4.30 4.33 4.53 4.78 4.84 4.69 4.53 4.40 4.30 4.19 3.89 3.57 3.38 3.42 3.65 4.13 4.39 4.30 3.92 3.27 2.76 2.51 2.51 2.48 2.16 1.72 1.51 1.46 1.50 1.32 1.61 2.20 3.10 4.01 4.35
5.52 5.60 5.59 5.43 5.19 4.90 4.54 4.25 4.03 3.94 4.76 3.75 3.67 3.75 3.87 3.95 4.02 4.17 4.30 4.49 4.79 5.14 5.37 5.56 5.73 5.82 5.72 5.64 5.65 5.64 5.52 5.38 5.26 4.99 4.61 4.52 4.75 4.97 5.06 5.08 5.15 5.24 5.63 6.15 6.09 5.32 4.49 3.92 3.68 3.66 3.73 3.93 4.26 4.37 4.31 4.18 4.02 3.80 3.53 3.32 3.26 3.36 3.66 4.02 4.41 4.40 4.01 3.53 3.12 3.11 3.33 3.41 3.05 2.48 2.02 1.88 1.92 2.02 2.28 2.91 3.89 4.88 5.32 5.19
5.66 5.56 5.36 5.27 5.26 5.26 5.11 4.83 4.49 4.22 4.08 4.09 4.26 4.53 4.84 5.06 5.26 5.44 5.57 5.64 5.75 5.83 5.96 6.15 6.30 6.23 6.07 5.99 6.05 6.03 5.96 5.80 5.62 5.38 5.06 4.91 5.00 5.18 5.39 5.55 5.61 5.63 5.79 5.85 5.34 4.43 3.70 3.25 3.07 3.06 3.14 3.29 3.62 3.96 4.08 4.02 3.92 3.75 3.64 3.75 3.95 4.25 4.62 4.86 4.86 4.51 3.99 3.75 3.78 4.04 4.19 3.92 3.25 2.63 2.45 2.61 2.87 3.21 3.83 4.72 5.61 5.96 5.75 5.10
5.70 5.34 4.90 4.82 4.94 5.12 5.17 4.94 4.57 4.20 5.32 4.06 4.38 4.80 5.23 5.55 5.81 6.02 6.21 6.27 6.23 6.18 6.23 6.35 6.33 6.19 6.13 6.16 6.17 5.94 5.50 5.12 4.89 4.83 4.81 4.84 4.92 5.08 5.29 5.53 5.71 5.70 5.62 5.27 4.45 3.55 2.95 2.66 2.55 2.60 2.60 2.62 3.04 3.64 4.00 4.14 4.18 4.19 4.31 4.45 4.69 5.09 5.52 5.74 5.55 5.25 4.75 4.65 4.86 4.95 4.59 3.95 3.40 3.27 3.52 3.90 4.37 4.96 5.69 6.33 6.50 6.14 5.44 4.74
5.69 5.25 4.63 4.42 4.38 4.43 4.54 4.54 4.37 4.07 3.78 3.75 3.96 4.32 4.69 4.95 5.17 5.29 5.36 5.43 5.53 5.66 5.78 5.76 5.58 5.53 5.70 5.94 5.94 5.73 5.33 4.81 4.47 4.40 4.66 4.95 5.17 5.29 5.35 5.41 5.45 5.29 5.03 4.58 3.90 3.09 2.57 2.42 2.48 2.58 2.57 2.56 2.91 3.58 4.11 4.46 4.68 4.83 4.92 4.94 5.16 5.73 6.25 6.41 6.22 6.09 5.90 5.66 5.65 5.53 4.99 4.48 4.39 4.87 5.45 5.98 6.51 6.97 7.22 7.08 6.53 5.74 5.05 4.51
5.60 5.06 4.31 4.06 3.83 3.66 3.69 3.83 3.89 3.68 3.33 3.12 3.07 3.17 3.37 3.52 3.62 3.56 3.35 3.34 3.82 4.36 4.52 4.33 4.09 4.36 4.99 5.40 5.48 5.50 5.54 5.46 5.26 5.08 5.07 5.21 5.33 5.34 5.23 5.06 4.88 4.68 4.47 4.32 3.98 3.43 3.05 3.08 3.23 3.33 3.37 3.42 3.58 3.95 4.31 4.64 4.98 5.31 5.52 5.76 6.17 6.67 6.82 6.63 6.38 6.35 6.40 6.43 6.43 6.35 6.21 6.18 6.53 7.02 7.39 7.68 7.89 7.91 7.62 6.95 6.15 5.44 4.92 4.44
5.32 4.71 3.94 3.72 3.55 3.38 3.26 3.30 3.43 3.29 2.91 2.51 2.18 2.01 1.99 2.07 2.13 2.03 1.95 2.09 2.51 2.98 3.09 2.92 3.01 3.63 4.60 5.05 5.06 4.95 5.16 5.46 5.64 5.68 5.45 5.20 4.98 4.84 4.62 4.40 4.27 4.38 4.52 4.73 4.75 4.71 4.56 4.54 4.59 4.60 4.61 4.54 4.42 4.40 4.43 4.58 4.88 5.32 5.87 6.49 6.99 7.06 6.71 6.11 5.62 5.68 6.12 6.44 6.76 7.00 7.23 7.51 7.81 7.96 7.95 7.88 7.74 7.40 6.85 6.23 5.68 5.19 4.78 4.42
5.07 4.60 3.92 3.62 3.50 3.41 3.28 3.20 3.27 3.23 2.94 2.47 2.00 1.67 1.48 1.44 1.52 1.72 2.02 2.28 2.42 2.47 2.43 2.48 2.89 3.74 4.71 4.99 4.78 4.39 4.38 4.63 4.99 5.26 5.16 4.74 4.28 4.01 3.92 3.88 3.99 4.42 4.92 5.34 5.51 5.67 5.73 5.64 5.54 5.43 5.14 4.83 4.65 4.60 4.58 4.66 4.92 5.42 6.06 6.58 6.71 6.38 5.77 5.07 4.77 4.95 5.46 5.91 6.26 6.65 6.96 7.16 7.25 7.16 6.96 6.68 6.30 5.82 5.47 5.18 4.87 4.58 4.30 3.99
5.05 4.79 4.32 3.97 3.77 3.66 3.53 3.46 3.43 3.42 3.30 3.01 2.68 2.32 2.01 1.84 1.62 2.33 2.89 3.17 3.12 2.90 2.79 2.90 3.40 4.30 5.02 5.07 4.63 4.08 3.86 3.84 4.04 4.27 4.41 4.31 4.04 3.82 3.81 4.03 4.37 4.95 5.38 5.58 5.59 5.68 5.76 5.80 5.74 5.48 4.96 4.61 4.54 4.65 4.74 4.87 5.14 5.67 6.11 6.15 5.73 5.10 4.59 4.28 4.34 4.66 4.97 5.17 5.35 5.63 5.82 5.83 5.67 5.52 5.39 5.14 4.72 4.27 3.97 3.87 3.73 3.57 3.39 3.23
5.08 4.90 4.61 4.38 4.17 3.97 3.86 3.90 3.91 3.95 3.99 3.96 3.83 3.52 3.13 2.84 2.78 3.02 3.42 3.82 3.93 3.87 3.79 3.89 4.31 5.00 5.42 5.34 4.89 4.25 3.87 3.61 3.46 3.55 3.95 4.37 4.61 4.73 4.81 4.95 5.23 5.55 5.61 5.44 5.22 5.19 5.30 5.43 5.43 5.30 4.96 4.70 4.65 4.73 4.82 4.95 5.23 5.67 5.86 5.48 4.84 4.32 4.02 3.94 4.04 4.29 4.48 4.50 4.56 4.71 4.81 4.75 4.52 4.25 4.02 3.90 3.58 3.12 2.66 2.47 2.46 2.31 2.15 2.07
5.07 4.90 4.65 4.46 4.29 4.15 4.18 4.33 4.53 4.76 4.95 5.02 4.84 4.49 4.08 3.74 3.53 3.52 3.71 4.15 4.53 4.82 4.99 5.06 5.28 5.76 6.02 5.84 5.44 4.90 4.52 4.17 3.89 3.91 4.29 4.83 5.28 5.61 5.72 5.71 5.67 5.65 5.45 5.13 4.88 4.78 4.84 4.84 4.83 4.87 4.89 4.83 4.76 4.83 4.91 5.11 5.42 5.68 5.48 4.83 4.23 3.92 3.75 3.67 3.74 4.03 4.23 4.17 4.05 4.06 4.04 3.97 3.85 3.54 3.10 2.80 2.59 2.24 1.74 1.37 1.27 1.22 1.13 1.19
5.10 4.91 4.63 4.38 4.19 4.13 4.24 4.46 4.81 5.21 5.51 5.61 5.53 5.33 5.04 4.66 4.29 4.08 4.12 4.46 4.88 5.36 5.58 5.76 6.08 6.53 6.54 6.17 5.72 5.41 5.25 5.10 4.92 4.84 4.93 5.12 5.30 5.45 5.51 5.44 5.36 5.31 5.11 4.79 4.54 4.35 4.27 4.16 4.04 4.11 4.34 4.51 4.61 4.79 5.00 5.32 5.52 5.37 4.76 4.04 3.69 3.59 3.53 3.62 3.85 4.15 4.12 3.78 3.48 3.38 3.31 3.23 3.21 3.03 2.57 2.06 1.74 1.57 1.25 0.81 0.70 1.30 0.95 1.21
5.11 4.88 4.52 4.26 4.06 3.99 4.00 4.09 4.33 4.67 5.04 5.34 5.61 5.80 5.83 5.65 5.26 4.85 4.70 4.80 5.02 5.45 5.77 6.13 6.57 6.82 6.61 5.99 5.45 5.30 5.39 5.51 5.52 5.33 5.14 4.99 4.88 4.79 4.78 4.91 5.03 5.05 4.87 4.53 4.25 4.05 3.90 3.68 3.49 3.42 3.55 3.81 4.15 4.46 4.86 5.10 4.98 4.46 3.70 3.31 3.24 3.27 3.42 3.73 3.97 3.95 3.59 3.03 2.66 2.47 2.42 2.28 2.16 2.15 1.99 1.62 1.27 1.18 1.07 0.96 0.96 1.14 1.46 1.95
5.04 4.73 4.28 4.11 4.01 3.94 3.82 3.66 3.51 3.50 3.70 4.25 4.96 5.59 6.04 6.20 6.06 5.72 5.36 5.20 5.25 5.56 5.89 6.33 6.65 6.60 6.14 5.53 4.94 4.73 4.81 5.02 5.17 5.10 4.97 4.81 4.67 4.63 4.78 5.01 5.07 4.97 4.73 4.50 4.34 4.18 3.95 3.56 3.17 2.96 3.02 3.36 3.86 4.37 4.52 4.42 3.92 3.24 2.84 2.77 2.77 2.78 3.04 3.36 3.39 3.19 2.86 2.46 2.11 1.81 1.65 1.57 1.47 1.35 1.34 1.34 1.29 1.08 1.48 1.67 1.88 2.10 2.44 3.02
4.93 4.58 4.13 4.05 4.06 4.04 3.91 3.71 3.36 2.98 2.82 3.09 3.84 4.74 5.52 6.03 6.27 6.24 6.03 5.81 5.77 5.91 6.17 6.51 6.57 6.26 5.74 5.12 4.52 4.15 4.00 4.05 4.28 4.51 4.69 4.78 4.81 4.86 5.02 5.15 5.08 4.87 4.68 4.59 4.51 4.21 3.78 3.26 3.02 3.12 3.45 3.89 4.24 4.35 4.34 3.81 3.12 2.64 2.51 2.49 2.38 2.33 2.43 2.59 2.72 2.81 2.89 2.82 2.57 2.30 2.16 2.03 1.80 1.52 1.40 1.52 1.74 2.02 2.34 2.68 3.00 3.37 3.73 4.37
4.88 4.56 4.17 4.11 4.16 4.19 4.14 4.08 3.91 3.56 3.13 2.99 3.33 3.96 4.73 5.42 5.94 6.31 6.47 6.49 6.51 6.61 6.81 6.89 6.64 6.17 5.64 5.07 4.51 4.14 3.95 3.92 3.97 4.12 4.39 4.65 4.80 4.85 4.92 5.00 4.84 4.60 4.45 4.41 4.31 3.88 3.54 3.46 3.79 4.32 4.74 4.92 4.87 4.64 4.46 3.92 3.59 3.39 3.27 3.10 2.91 2.80 2.80 2.93 3.34 3.77 4.03 4.04 3.88 3.68 3.44 3.11 2.61 2.23 2.10 2.20 2.49 2.88 3.29 3.81 4.43 5.05 5.58 6.38
4.84 4.53 4.20 4.18 4.28 4.33 4.37 4.47 4.63 4.68 4.47 4.16 4.06 4.22 4.59 5.19 5.78 6.40 6.80 7.07 7.30 7.39 7.35 7.11 6.61 6.10 5.76 5.48 5.12 4.93 4.84 4.73 4.51 4.40 4.46 4.62 4.73 4.78 4.77 4.63 4.39 4.20 4.15 4.19 4.21 4.21 4.43 4.89 5.36 5.63 5.66 5.44 5.11 4.81 4.65 4.61 4.62 4.64 4.60 4.51 4.43 4.46 4.59 4.85 5.15 5.23 5.02 4.76 4.52 4.23 3.81 3.29 2.79 2.61 2.71 2.99 3.32 3.80 4.49 5.50 6.58 7.42 8.03 8.61
4.79 4.50 4.22 4.24 4.40 4.48 4.58 4.79 5.16 5.56 5.79 5.82 5.68 5.43 5.35 5.60 6.10 6.77 7.29 7.59 7.86 7.84 7.42 6.89 6.30 5.95 5.86 5.86 5.76 5.62 5.49 5.39 5.19 5.04 4.91 4.83 4.82 4.76 4.57 4.31 4.19 4.26 4.33 4.45 4.62 4.89 5.27 5.62 5.74 5.59 5.37 5.16 5.00 4.87 4.80 4.85 4.89 5.03 5.22 5.41 5.57 5.77 5.94 5.98 5.77 5.31 4.71 4.39 4.14 3.76 3.30 2.95 2.82 2.95 3.29 3.75 4.28 5.06 6.22 7.56 8.61 9.25 9.47 9.40
4.77 4.55 4.31 4.36 4.52 4.60 4.66 4.92 5.49 6.16 6.68 6.91 6.91 6.74 6.52 6.49 6.85 7.38 7.70 7.79 7.82 7.63 7.07 6.37 5.85 5.67 5.72 5.83 5.84 5.71 5.52 5.36 5.17 5.01 4.85 4.75 4.73 4.62 4.44 4.39 4.50 4.58 4.60 4.70 4.81 4.83 4.84 4.80 4.57 4.31 4.18 4.26 4.48 4.62 4.56 4.54 4.62 4.78 5.02 5.30 5.60 5.87 5.84 5.49 4.80 4.03 3.56 3.54 3.56 3.37 3.12 3.07 3.24 3.54 4.03 4.63 5.38 6.43 7.68 8.59 9.02 9.08 8.83 8.36
4.81 4.63 4.49 4.58 4.69 4.79 4.92 5.33 6.05 6.55 6.75 6.78 6.84 6.97 7.09 7.32 7.66 7.87 7.72 7.41 7.19 6.92 6.43 5.88 5.51 5.35 5.31 5.41 5.52 5.53 5.38 5.14 4.72 4.40 4.32 4.42 4.52 4.47 4.38 4.33 4.30 4.32 4.42 4.54 4.54 4.32 4.08 3.79 3.65 3.56 3.54 3.65 3.89 4.12 4.23 4.36 4.50 4.58 4.67 4.84 5.10 5.20 4.89 4.16 3.39 2.94 2.86 3.10 3.44 3.61 3.59 3.66 3.96 4.46 5.14 5.87 6.73 7.74 8.37 8.42 7.77 6.81 6.11 5.76
