project/data/elevation/US_DEM2016/US_DEM2016_point_10-30-2019_0124_30m_vel.asc
ncols	125
nrows	167
xllcorner	-2042055.000000
yllcorner	1465035.000000
cellsize	30.000000
NODATA_value	-9999.000000
[rows 0 to 37 of 167, columns 0 to 83 of 125]
1.68 1.67 1.71 1.65 1.47 1.38 1.41 1.50 1.58 1.65 1.67 1.59 1.38 1.50 1.68 1.75 1.77 1.68 1.35 1.25 1.44 1.58 1.68 1.68 1.64 1.64 1.55 1.34 1.28 1.40 1.52 1.59 1.60 1.58 1.50 1.45 1.48 1.53 1.56 1.57 1.58 1.60 1.64 1.68 1.69 1.64 1.55 1.52 1.58 1.66 1.72 1.78 1.80 1.84 1.80 1.77 1.77 1.74 1.73 1.70 1.64 1.54 1.47 1.50 1.54 1.58 1.61 1.63 1.63 1.64 1.66 1.65 1.62 1.57 1.56 1.57 1.52 1.45 1.54 1.67 1.55 1.27 1.42 1.70
1.68 1.67 1.71 1.65 1.47 1.38 1.41 1.50 1.58 1.65 1.67 1.59 1.38 1.50 1.68 1.75 1.77 1.68 1.35 1.25 1.44 1.58 1.68 1.68 1.64 1.64 1.55 1.34 1.28 1.40 1.52 1.59 1.60 1.58 1.50 1.45 1.48 1.53 1.56 1.57 1.58 1.60 1.64 1.68 1.69 1.64 1.55 1.52 1.58 1.66 1.72 1.78 1.80 1.84 1.80 1.77 1.77 1.74 1.73 1.70 1.64 1.54 1.47 1.50 1.54 1.58 1.61 1.63 1.63 1.64 1.66 1.65 1.62 1.57 1.56 1.57 1.52 1.45 1.54 1.67 1.55 1.27 1.42 1.70
1.77 1.76 1.76 1.65 1.45 1.36 1.39 1.50 1.65 1.72 1.70 1.50 1.25 1.45 1.76 1.78 1.60 1.38 1.11 1.08 1.38 1.65 1.79 1.72 1.58 1.49 1.28 1.07 1.13 1.33 1.49 1.59 1.63 1.61 1.51 1.41 1.40 1.42 1.43 1.45 1.48 1.51 1.54 1.62 1.68 1.64 1.53 1.48 1.56 1.73 1.87 1.87 1.78 1.70 1.65 1.60 1.56 1.54 1.56 1.57 1.55 1.46 1.42 1.48 1.55 1.60 1.62 1.60 1.61 1.62 1.63 1.62 1.57 1.52 1.52 1.53 1.49 1.45 1.58 1.70 1.47 1.15 1.35 1.79
1.95 1.94 1.87 1.68 1.47 1.39 1.44 1.54 1.68 1.79 1.76 1.43 1.10 1.34 1.86 1.88 1.48 1.06 0.78 0.91 1.39 1.80 1.91 1.73 1.49 1.28 1.00 0.86 0.99 1.25 1.46 1.59 1.66 1.67 1.57 1.43 1.36 1.34 1.26 1.23 1.32 1.38 1.43 1.54 1.66 1.63 1.55 1.52 1.65 1.92 2.08 2.01 1.77 1.53 1.41 1.33 1.27 1.30 1.37 1.42 1.43 1.40 1.37 1.43 1.51 1.59 1.63 1.63 1.62 1.62 1.60 1.55 1.47 1.42 1.43 1.47 1.47 1.49 1.61 1.67 1.39 1.11 1.38 1.92
2.14 2.08 1.94 1.71 1.51 1.44 1.46 1.52 1.61 1.72 1.73 1.46 1.09 1.23 1.83 1.96 1.50 0.95 0.71 0.95 1.49 1.87 1.91 1.65 1.37 1.14 0.94 0.87 0.99 1.23 1.44 1.59 1.68 1.70 1.63 1.53 1.46 1.42 1.26 1.14 1.21 1.31 1.39 1.53 1.62 1.61 1.56 1.61 1.79 2.04 2.16 2.03 1.74 1.48 1.32 1.19 1.16 1.22 1.31 1.38 1.43 1.41 1.35 1.34 1.43 1.52 1.57 1.62 1.66 1.64 1.59 1.51 1.43 1.38 1.40 1.46 1.50 1.54 1.59 1.57 1.40 1.28 1.51 1.94
2.26 2.15 1.94 1.72 1.53 1.44 1.44 1.42 1.49 1.62 1.67 1.48 1.13 1.18 1.77 1.96 1.56 0.93 0.71 1.04 1.59 1.88 1.83 1.50 1.19 1.02 0.92 0.89 1.01 1.22 1.43 1.61 1.70 1.69 1.63 1.58 1.56 1.51 1.36 1.20 1.18 1.25 1.34 1.49 1.60 1.58 1.54 1.66 1.89 2.13 2.20 2.02 1.72 1.43 1.26 1.16 1.17 1.24 1.30 1.35 1.43 1.44 1.36 1.30 1.38 1.50 1.57 1.61 1.64 1.63 1.58 1.51 1.45 1.44 1.47 1.52 1.55 1.56 1.58 1.55 1.47 1.45 1.61 1.87
2.33 2.21 1.92 1.70 1.52 1.41 1.35 1.33 1.38 1.49 1.56 1.45 1.17 1.21 1.70 1.92 1.62 1.02 0.75 1.05 1.61 1.87 1.74 1.36 1.06 0.93 0.91 0.93 1.03 1.22 1.44 1.64 1.71 1.66 1.61 1.61 1.62 1.58 1.46 1.29 1.21 1.23 1.29 1.41 1.54 1.54 1.54 1.69 1.99 2.23 2.25 2.02 1.66 1.40 1.27 1.20 1.22 1.26 1.25 1.25 1.32 1.41 1.39 1.36 1.42 1.54 1.60 1.61 1.60 1.57 1.54 1.50 1.48 1.52 1.58 1.60 1.60 1.61 1.63 1.58 1.53 1.56 1.64 1.73
2.34 2.20 1.90 1.64 1.49 1.36 1.28 1.26 1.35 1.45 1.46 1.37 1.22 1.30 1.68 1.87 1.65 1.14 0.80 1.04 1.58 1.81 1.62 1.27 0.99 0.90 0.93 1.00 1.07 1.22 1.45 1.63 1.69 1.65 1.61 1.63 1.64 1.62 1.54 1.41 1.30 1.27 1.30 1.34 1.39 1.47 1.55 1.73 2.06 2.33 2.30 1.99 1.58 1.36 1.29 1.28 1.26 1.22 1.15 1.13 1.21 1.33 1.40 1.43 1.52 1.63 1.68 1.65 1.55 1.47 1.46 1.50 1.53 1.57 1.64 1.66 1.65 1.69 1.71 1.62 1.56 1.60 1.61 1.56
2.33 2.16 1.84 1.59 1.43 1.34 1.26 1.29 1.41 1.46 1.42 1.35 1.30 1.38 1.60 1.76 1.60 1.18 0.88 1.11 1.59 1.71 1.46 1.17 0.97 0.91 0.96 1.07 1.14 1.24 1.43 1.59 1.67 1.67 1.62 1.61 1.62 1.62 1.59 1.52 1.43 1.39 1.38 1.32 1.27 1.34 1.54 1.81 2.19 2.39 2.29 1.88 1.46 1.28 1.30 1.33 1.30 1.20 1.12 1.13 1.21 1.33 1.40 1.45 1.56 1.73 1.80 1.71 1.50 1.34 1.36 1.49 1.57 1.62 1.67 1.68 1.71 1.77 1.74 1.62 1.56 1.58 1.56 1.65
2.26 2.14 1.81 1.58 1.44 1.37 1.31 1.38 1.49 1.48 1.41 1.37 1.37 1.38 1.45 1.57 1.47 1.15 1.00 1.25 1.61 1.58 1.26 1.04 0.96 0.95 1.00 1.10 1.21 1.31 1.45 1.57 1.68 1.70 1.61 1.53 1.54 1.58 1.59 1.55 1.51 1.52 1.52 1.43 1.27 1.29 1.52 1.92 2.28 2.39 2.19 1.73 1.35 1.15 1.19 1.32 1.34 1.24 1.18 1.22 1.31 1.40 1.43 1.42 1.54 1.79 1.90 1.75 1.44 1.21 1.25 1.47 1.63 1.69 1.70 1.71 1.78 1.83 1.74 1.59 1.51 1.53 1.54 1.45
2.28 2.13 1.85 1.64 1.50 1.43 1.44 1.54 1.57 1.48 1.39 1.37 1.37 1.31 1.28 1.34 1.30 1.12 1.11 1.40 1.61 1.44 1.09 0.93 0.96 1.01 1.04 1.13 1.27 1.40 1.50 1.61 1.72 1.70 1.51 1.37 1.44 1.56 1.58 1.54 1.54 1.59 1.63 1.56 1.38 1.30 1.51 2.01 2.35 2.34 2.01 1.59 1.26 1.07 1.08 1.21 1.30 1.26 1.25 1.33 1.43 1.50 1.51 1.42 1.48 1.77 1.92 1.74 1.42 1.15 1.19 1.49 1.73 1.78 1.75 1.75 1.82 1.82 1.67 1.52 1.46 1.47 1.47 1.39
2.30 2.15 1.90 1.72 1.59 1.52 1.56 1.62 1.58 1.44 1.35 1.34 1.32 1.21 1.14 1.15 1.15 1.10 1.19 1.45 1.57 1.34 1.00 0.90 0.99 1.06 1.10 1.20 1.35 1.48 1.55 1.64 1.71 1.62 1.38 1.29 1.41 1.53 1.54 1.51 1.52 1.59 1.69 1.71 1.56 1.38 1.56 2.10 2.37 2.25 1.83 1.49 1.25 1.06 1.01 1.09 1.20 1.24 1.30 1.41 1.51 1.59 1.60 1.49 1.46 1.70 1.87 1.74 1.45 1.23 1.22 1.55 1.81 1.84 1.77 1.74 1.76 1.72 1.56 1.47 1.48 1.47 1.44 1.34
2.34 2.15 1.86 1.71 1.66 1.63 1.65 1.63 1.53 1.41 1.34 1.31 1.27 1.15 1.08 1.06 1.05 1.07 1.19 1.42 1.50 1.26 1.01 0.97 1.05 1.11 1.20 1.31 1.41 1.50 1.57 1.62 1.63 1.51 1.34 1.33 1.47 1.51 1.45 1.45 1.48 1.54 1.67 1.76 1.73 1.62 1.72 2.17 2.34 2.08 1.67 1.41 1.21 1.09 1.05 1.07 1.11 1.18 1.30 1.45 1.60 1.71 1.70 1.59 1.50 1.60 1.77 1.73 1.54 1.35 1.32 1.63 1.88 1.85 1.72 1.63 1.61 1.56 1.51 1.56 1.62 1.59 1.51 1.39
2.37 2.18 1.84 1.66 1.65 1.70 1.71 1.65 1.50 1.40 1.37 1.33 1.25 1.15 1.09 1.04 0.97 0.99 1.13 1.33 1.38 1.20 1.08 1.11 1.13 1.16 1.27 1.35 1.39 1.43 1.49 1.53 1.54 1.44 1.36 1.43 1.50 1.46 1.40 1.43 1.44 1.48 1.59 1.70 1.79 1.85 1.95 2.18 2.25 1.94 1.55 1.29 1.16 1.15 1.15 1.13 1.07 1.08 1.25 1.48 1.69 1.82 1.79 1.67 1.55 1.54 1.63 1.66 1.59 1.46 1.47 1.74 1.88 1.75 1.57 1.50 1.49 1.47 1.50 1.64 1.74 1.69 1.57 1.40
2.32 2.20 1.82 1.60 1.57 1.70 1.75 1.64 1.48 1.43 1.44 1.40 1.29 1.18 1.16 1.08 0.91 0.87 1.02 1.19 1.22 1.16 1.17 1.22 1.19 1.19 1.27 1.34 1.36 1.37 1.38 1.43 1.51 1.48 1.43 1.48 1.49 1.43 1.40 1.45 1.44 1.44 1.51 1.61 1.75 1.97 2.10 2.16 2.08 1.83 1.47 1.21 1.14 1.22 1.28 1.20 1.02 0.99 1.22 1.49 1.73 1.88 1.85 1.74 1.62 1.54 1.52 1.54 1.56 1.57 1.66 1.82 1.77 1.56 1.46 1.46 1.48 1.44 1.48 1.69 1.84 1.80 1.60 1.41
2.38 2.22 1.82 1.54 1.45 1.59 1.72 1.66 1.54 1.51 1.52 1.44 1.29 1.19 1.22 1.17 0.91 0.78 0.89 1.02 1.10 1.16 1.23 1.26 1.22 1.20 1.27 1.34 1.38 1.38 1.34 1.36 1.50 1.56 1.53 1.54 1.52 1.43 1.41 1.45 1.46 1.45 1.48 1.57 1.72 2.00 2.12 2.09 1.98 1.76 1.46 1.23 1.22 1.37 1.41 1.24 0.98 0.98 1.27 1.54 1.73 1.88 1.87 1.76 1.66 1.56 1.45 1.40 1.48 1.64 1.80 1.79 1.57 1.42 1.44 1.52 1.52 1.44 1.49 1.73 1.92 1.87 1.64 1.49
2.51 2.26 1.81 1.53 1.42 1.56 1.73 1.71 1.60 1.59 1.57 1.47 1.32 1.20 1.21 1.18 0.96 0.77 0.79 0.90 1.05 1.18 1.26 1.28 1.24 1.23 1.29 1.35 1.40 1.44 1.40 1.36 1.45 1.55 1.57 1.58 1.58 1.48 1.40 1.44 1.51 1.53 1.54 1.60 1.74 1.93 2.02 1.99 1.93 1.79 1.51 1.32 1.37 1.50 1.48 1.23 0.97 1.08 1.41 1.62 1.76 1.86 1.85 1.77 1.67 1.53 1.38 1.29 1.38 1.62 1.79 1.71 1.44 1.38 1.49 1.57 1.52 1.45 1.54 1.77 1.94 1.90 1.73 1.60
2.46 2.20 1.71 1.45 1.46 1.62 1.77 1.75 1.68 1.65 1.61 1.50 1.37 1.22 1.12 1.05 0.94 0.81 0.78 0.90 1.05 1.16 1.24 1.31 1.30 1.29 1.34 1.37 1.40 1.46 1.49 1.42 1.44 1.51 1.55 1.61 1.65 1.56 1.42 1.45 1.57 1.61 1.63 1.67 1.74 1.81 1.84 1.86 1.92 1.87 1.63 1.47 1.53 1.61 1.51 1.19 1.02 1.25 1.59 1.76 1.82 1.82 1.77 1.72 1.66 1.52 1.35 1.19 1.23 1.51 1.73 1.69 1.47 1.47 1.60 1.58 1.48 1.46 1.59 1.80 1.94 1.91 1.78 1.63
2.34 2.10 1.58 1.37 1.51 1.79 1.92 1.85 1.76 1.66 1.56 1.47 1.34 1.15 0.96 0.85 0.83 0.80 0.82 0.94 1.04 1.11 1.24 1.35 1.36 1.36 1.38 1.40 1.38 1.43 1.52 1.53 1.50 1.50 1.52 1.60 1.68 1.63 1.52 1.52 1.61 1.66 1.67 1.65 1.59 1.57 1.57 1.70 1.93 1.93 1.77 1.67 1.70 1.70 1.52 1.16 1.11 1.47 1.78 1.86 1.81 1.71 1.63 1.62 1.63 1.55 1.39 1.18 1.08 1.30 1.61 1.65 1.57 1.60 1.65 1.56 1.47 1.51 1.64 1.81 1.94 1.93 1.76 1.54
2.28 2.03 1.53 1.35 1.61 1.93 2.01 1.92 1.78 1.61 1.46 1.35 1.22 1.02 0.83 0.71 0.68 0.72 0.82 0.96 1.03 1.10 1.26 1.40 1.43 1.41 1.43 1.46 1.40 1.39 1.51 1.60 1.60 1.55 1.52 1.57 1.65 1.65 1.60 1.58 1.61 1.64 1.60 1.50 1.40 1.35 1.40 1.59 1.87 1.93 1.84 1.80 1.79 1.70 1.47 1.19 1.28 1.68 1.86 1.84 1.72 1.57 1.48 1.50 1.59 1.58 1.46 1.23 1.02 1.13 1.47 1.62 1.64 1.67 1.65 1.52 1.43 1.50 1.61 1.73 1.89 1.94 1.75 1.47
2.17 1.94 1.56 1.46 1.75 2.05 2.07 1.90 1.69 1.50 1.34 1.24 1.13 0.96 0.78 0.63 0.55 0.62 0.80 0.94 1.01 1.11 1.30 1.45 1.50 1.47 1.50 1.53 1.46 1.40 1.51 1.65 1.67 1.61 1.54 1.52 1.58 1.67 1.67 1.59 1.54 1.53 1.46 1.35 1.30 1.30 1.40 1.59 1.81 1.90 1.90 1.88 1.83 1.66 1.45 1.33 1.51 1.76 1.85 1.75 1.60 1.47 1.38 1.39 1.56 1.60 1.49 1.29 1.06 1.09 1.37 1.60 1.71 1.72 1.66 1.53 1.42 1.47 1.58 1.66 1.89 2.01 1.84 1.52
1.95 1.83 1.64 1.67 1.95 2.12 2.04 1.80 1.58 1.39 1.27 1.18 1.06 0.93 0.79 0.61 0.49 0.56 0.78 0.92 0.99 1.13 1.32 1.46 1.55 1.55 1.55 1.57 1.53 1.48 1.57 1.69 1.68 1.60 1.49 1.42 1.56 1.70 1.67 1.52 1.43 1.42 1.35 1.28 1.30 1.36 1.49 1.68 1.81 1.91 1.91 1.83 1.75 1.64 1.50 1.49 1.61 1.74 1.75 1.64 1.52 1.43 1.31 1.35 1.52 1.57 1.48 1.38 1.22 1.16 1.36 1.59 1.71 1.70 1.60 1.50 1.38 1.43 1.49 1.51 1.81 2.08 2.01 1.71
1.85 1.81 1.77 1.87 2.02 2.07 1.92 1.68 1.46 1.32 1.24 1.13 1.00 0.89 0.77 0.61 0.50 0.59 0.77 0.91 1.02 1.16 1.31 1.45 1.56 1.61 1.62 1.63 1.61 1.58 1.62 1.65 1.59 1.49 1.34 1.32 1.57 1.71 1.62 1.44 1.33 1.33 1.30 1.32 1.39 1.46 1.64 1.79 1.88 1.95 1.89 1.77 1.67 1.60 1.58 1.62 1.66 1.67 1.63 1.57 1.50 1.41 1.35 1.41 1.54 1.56 1.51 1.48 1.39 1.30 1.38 1.57 1.71 1.67 1.54 1.43 1.39 1.48 1.47 1.40 1.65 1.99 2.09 1.92
1.86 1.81 1.80 1.91 2.01 1.98 1.79 1.60 1.40 1.30 1.23 1.09 0.94 0.82 0.71 0.60 0.55 0.65 0.79 0.92 1.07 1.17 1.29 1.42 1.56 1.67 1.71 1.69 1.66 1.61 1.58 1.50 1.39 1.33 1.27 1.34 1.58 1.64 1.50 1.37 1.30 1.31 1.34 1.43 1.49 1.59 1.79 1.92 1.97 1.94 1.79 1.62 1.53 1.52 1.61 1.70 1.70 1.64 1.57 1.53 1.49 1.46 1.45 1.51 1.55 1.53 1.56 1.61 1.55 1.43 1.42 1.51 1.62 1.61 1.45 1.33 1.41 1.56 1.47 1.32 1.53 1.83 2.06 2.08
1.91 1.85 1.82 1.95 2.03 1.94 1.75 1.56 1.39 1.29 1.21 1.07 0.90 0.76 0.64 0.58 0.61 0.72 0.81 0.95 1.10 1.18 1.28 1.41 1.58 1.74 1.79 1.73 1.65 1.56 1.46 1.34 1.24 1.24 1.28 1.40 1.54 1.54 1.42 1.34 1.32 1.36 1.46 1.53 1.59 1.73 1.89 2.01 1.99 1.84 1.64 1.50 1.42 1.43 1.57 1.72 1.74 1.65 1.56 1.51 1.51 1.55 1.62 1.66 1.62 1.57 1.62 1.64 1.55 1.46 1.44 1.47 1.52 1.53 1.42 1.35 1.47 1.58 1.43 1.29 1.44 1.65 1.91 2.13
1.99 1.85 1.80 1.97 2.06 1.99 1.81 1.59 1.43 1.32 1.21 1.06 0.89 0.73 0.61 0.56 0.66 0.76 0.84 0.98 1.12 1.22 1.34 1.47 1.63 1.78 1.82 1.71 1.58 1.48 1.36 1.26 1.20 1.23 1.32 1.42 1.50 1.51 1.42 1.34 1.36 1.46 1.56 1.64 1.71 1.83 1.97 2.03 1.92 1.71 1.53 1.41 1.32 1.33 1.50 1.67 1.71 1.65 1.59 1.55 1.57 1.67 1.77 1.75 1.68 1.65 1.65 1.58 1.49 1.47 1.48 1.43 1.42 1.48 1.46 1.43 1.53 1.56 1.42 1.33 1.39 1.48 1.66 2.00
2.01 1.85 1.74 1.90 2.04 2.05 1.91 1.64 1.46 1.35 1.22 1.06 0.89 0.74 0.59 0.62 0.66 0.78 0.88 1.05 1.19 1.32 1.45 1.56 1.66 1.75 1.75 1.62 1.48 1.38 1.28 1.24 1.24 1.31 1.39 1.42 1.44 1.48 1.47 1.39 1.40 1.52 1.67 1.79 1.84 1.91 1.97 1.96 1.83 1.63 1.45 1.31 1.21 1.22 1.40 1.58 1.61 1.61 1.61 1.62 1.68 1.78 1.83 1.79 1.74 1.68 1.59 1.51 1.49 1.52 1.46 1.36 1.35 1.47 1.52 1.48 1.52 1.56 1.49 1.41 1.39 1.39 1.49 1.77
2.05 1.89 1.72 1.80 1.94 2.08 2.02 1.75 1.50 1.35 1.22 1.04 0.88 0.76 0.61 0.52 0.61 0.76 0.93 1.14 1.31 1.44 1.52 1.57 1.61 1.65 1.65 1.52 1.33 1.24 1.25 1.30 1.34 1.41 1.45 1.45 1.44 1.47 1.53 1.49 1.46 1.59 1.80 1.92 1.95 1.92 1.87 1.82 1.74 1.62 1.46 1.31 1.18 1.14 1.30 1.42 1.43 1.52 1.58 1.66 1.79 1.86 1.85 1.78 1.70 1.65 1.57 1.48 1.50 1.51 1.40 1.32 1.38 1.54 1.54 1.45 1.50 1.60 1.58 1.48 1.40 1.36 1.42 1.59
2.15 1.94 1.70 1.66 1.76 2.03 2.09 1.90 1.61 1.40 1.24 1.05 0.89 0.77 0.61 0.48 0.55 0.75 0.99 1.24 1.41 1.47 1.47 1.46 1.48 1.51 1.52 1.41 1.22 1.18 1.29 1.42 1.47 1.45 1.48 1.51 1.48 1.46 1.56 1.56 1.55 1.70 1.95 2.04 2.00 1.85 1.69 1.63 1.65 1.65 1.59 1.43 1.21 1.09 1.13 1.18 1.27 1.45 1.56 1.74 1.90 1.88 1.78 1.68 1.63 1.62 1.58 1.53 1.48 1.43 1.37 1.36 1.49 1.57 1.51 1.47 1.57 1.66 1.61 1.48 1.37 1.33 1.37 1.46
2.22 2.01 1.72 1.58 1.61 1.86 2.05 1.98 1.75 1.50 1.29 1.10 0.94 0.80 0.62 0.54 0.55 0.78 1.07 1.33 1.43 1.41 1.36 1.34 1.37 1.41 1.42 1.33 1.21 1.22 1.39 1.51 1.50 1.48 1.49 1.54 1.54 1.50 1.54 1.62 1.70 1.87 2.07 2.12 1.97 1.71 1.47 1.41 1.52 1.64 1.70 1.61 1.30 1.06 0.95 0.99 1.20 1.42 1.58 1.89 2.03 1.92 1.72 1.59 1.56 1.62 1.64 1.57 1.46 1.39 1.37 1.46 1.61 1.60 1.49 1.53 1.66 1.68 1.55 1.39 1.27 1.26 1.29 1.38
2.23 2.07 1.77 1.57 1.53 1.69 1.91 1.97 1.83 1.60 1.37 1.16 0.99 0.82 0.63 0.64 0.60 0.86 1.15 1.32 1.35 1.30 1.26 1.26 1.30 1.36 1.33 1.25 1.22 1.33 1.48 1.50 1.48 1.49 1.51 1.57 1.58 1.52 1.55 1.68 1.85 2.00 2.14 2.10 1.87 1.53 1.30 1.22 1.34 1.57 1.73 1.73 1.46 1.05 0.82 0.85 1.14 1.40 1.67 2.07 2.16 1.90 1.55 1.40 1.44 1.60 1.69 1.61 1.50 1.43 1.40 1.47 1.62 1.65 1.58 1.62 1.66 1.58 1.43 1.26 1.18 1.19 1.24 1.32
2.29 2.11 1.83 1.63 1.51 1.57 1.74 1.86 1.83 1.68 1.46 1.23 1.03 0.81 0.60 0.50 0.66 0.95 1.16 1.21 1.22 1.24 1.21 1.20 1.26 1.37 1.36 1.27 1.26 1.38 1.49 1.47 1.42 1.44 1.51 1.59 1.58 1.55 1.60 1.76 1.97 2.12 2.16 2.01 1.74 1.45 1.23 1.12 1.21 1.44 1.69 1.81 1.62 1.10 0.73 0.72 1.05 1.39 1.80 2.22 2.25 1.84 1.41 1.23 1.29 1.54 1.70 1.62 1.53 1.48 1.41 1.44 1.61 1.71 1.70 1.68 1.62 1.49 1.34 1.23 1.19 1.18 1.21 1.29
2.35 2.19 1.93 1.74 1.57 1.50 1.57 1.69 1.75 1.72 1.57 1.33 1.09 0.84 0.61 0.51 0.69 0.96 1.08 1.07 1.13 1.09 1.20 1.20 1.27 1.42 1.48 1.43 1.36 1.37 1.43 1.43 1.37 1.37 1.44 1.55 1.59 1.58 1.67 1.88 2.10 2.23 2.15 1.89 1.62 1.41 1.20 1.09 1.14 1.31 1.56 1.85 1.74 1.19 0.68 0.61 0.95 1.36 1.91 2.36 2.31 1.82 1.35 1.18 1.26 1.51 1.62 1.53 1.52 1.51 1.38 1.36 1.58 1.77 1.79 1.73 1.64 1.52 1.40 1.29 1.22 1.18 1.20 1.32
2.41 2.29 2.06 1.88 1.68 1.47 1.38 1.47 1.57 1.65 1.62 1.45 1.20 0.92 0.66 0.52 0.68 0.91 0.98 0.81 1.06 1.25 1.29 1.28 1.33 1.48 1.59 1.60 1.49 1.38 1.38 1.39 1.33 1.30 1.36 1.48 1.58 1.61 1.73 1.98 2.22 2.29 2.11 1.77 1.49 1.37 1.27 1.15 1.10 1.21 1.44 1.79 1.79 1.27 0.68 0.56 0.87 1.36 1.96 2.42 2.40 1.86 1.40 1.21 1.25 1.46 1.54 1.43 1.49 1.53 1.29 1.21 1.53 1.81 1.83 1.78 1.78 1.68 1.52 1.37 1.22 1.18 1.28 1.44
2.44 2.34 2.13 1.93 1.70 1.44 1.30 1.32 1.39 1.48 1.55 1.51 1.31 1.01 0.71 0.53 0.62 0.83 0.73 0.92 1.17 1.27 1.33 1.35 1.40 1.53 1.66 1.70 1.62 1.46 1.36 1.33 1.30 1.27 1.32 1.43 1.55 1.63 1.78 2.04 2.28 2.30 2.03 1.62 1.43 1.44 1.42 1.31 1.19 1.17 1.33 1.68 1.77 1.35 0.71 0.58 0.87 1.37 1.97 2.46 2.44 1.96 1.50 1.27 1.22 1.29 1.37 1.33 1.43 1.53 1.26 1.10 1.48 1.79 1.68 1.63 1.83 1.87 1.70 1.43 1.21 1.24 1.45 1.58
2.49 2.36 2.09 1.84 1.63 1.40 1.27 1.24 1.24 1.30 1.38 1.46 1.39 1.13 0.79 0.55 0.57 0.76 0.92 1.02 1.18 1.28 1.36 1.41 1.47 1.58 1.69 1.74 1.69 1.53 1.33 1.25 1.26 1.28 1.35 1.45 1.55 1.63 1.81 2.06 2.26 2.24 1.96 1.62 1.48 1.52 1.55 1.51 1.35 1.19 1.19 1.51 1.71 1.40 0.76 0.63 0.91 1.38 1.94 2.42 2.43 2.06 1.57 1.28 1.15 1.12 1.20 1.26 1.40 1.54 1.30 1.08 1.46 1.74 1.50 1.39 1.71 1.93 1.87 1.56 1.31 1.40 1.64 1.69
2.54 2.38 2.00 1.71 1.50 1.31 1.21 1.14 1.11 1.15 1.23 1.34 1.38 1.22 0.89 0.59 0.57 0.76 0.75 1.06 1.18 1.27 1.36 1.43 1.48 1.58 1.70 1.77 1.76 1.62 1.36 1.20 1.23 1.32 1.42 1.50 1.56 1.66 1.82 2.01 2.15 2.12 1.91 1.73 1.68 1.67 1.64 1.54 1.37 1.14 1.07 1.28 1.60 1.40 0.81 0.66 0.94 1.39 1.91 2.38 2.45 2.11 1.61 1.29 1.10 1.00 1.06 1.22 1.38 1.54 1.35 1.08 1.42 1.69 1.42 1.26 1.52 1.83 1.91 1.71 1.48 1.57 1.74 1.72
2.59 2.40 1.92 1.60 1.42 1.29 1.18 1.07 0.98 1.00 1.12 1.23 1.30 1.22 0.94 0.67 0.65 0.80 0.92 1.05 1.17 1.24 1.31 1.37 1.43 1.55 1.68 1.79 1.84 1.73 1.46 1.24 1.23 1.34 1.45 1.55 1.63 1.73 1.85 1.95 1.99 1.93 1.89 1.86 1.82 1.73 1.62 1.45 1.24 1.04 0.95 1.09 1.43 1.35 0.83 0.69 0.97 1.42 1.94 2.40 2.44 2.12 1.65 1.32 1.10 0.99 1.01 1.15 1.33 1.51 1.37 1.06 1.34 1.67 1.43 1.18 1.37 1.67 1.85 1.75 1.57 1.66 1.81 1.75
