project/data/elevation/US_DEM2016/US_DEM2016_point_10-28-2019_1250_30m_ang.asc
ncols	125
nrows	167
xllcorner	-2042055.000000
yllcorner	1465035.000000
cellsize	30.000000
NODATA_value	-9999.000000
[rows 0 to 43 of 167, columns 0 to 95 of 125]
355 353 346 343 344 346 347 348 350 353 355 355 354 354 354 355 355 356 355 354 353 351 351 352 354 356 357 358 357 355 354 350 346 341 338 337 337 340 343 345 347 348 348 349 350 349 347 345 346 346 347 348 351 353 354 355 356 355 354 352 351 350 349 348 349 352 354 354 353 350 348 347 347 348 349 350 350 349 348 350 353 355 353 352 351 351 353 355 355 353 351 351 351 350 348 348
355 353 346 343 344 346 347 348 350 353 355 355 354 354 354 355 355 356 355 354 353 351 351 352 354 356 357 358 357 355 354 350 346 341 338 337 337 340 343 345 347 348 348 349 350 349 347 345 346 346 347 348 351 353 354 355 356 355 354 352 351 350 349 348 349 352 354 354 353 350 348 347 347 348 349 350 350 349 348 350 353 355 353 352 351 351 353 355 355 353 351 351 351 350 348 348
2 357 346 340 339 340 342 344 347 351 354 355 354 353 354 355 357 358 357 356 353 350 349 351 355 358 1 3 2 0 358 355 350 345 340 337 335 336 338 342 345 346 347 348 350 351 350 348 346 345 344 346 349 352 353 355 357 358 357 355 352 350 347 346 347 350 354 356 355 352 350 348 347 347 348 349 349 347 346 348 353 355 354 351 350 352 354 357 357 355 353 353 353 351 349 347
12 3 347 338 333 331 331 334 339 346 351 354 353 353 353 355 358 0 1 359 353 348 347 350 356 3 8 10 10 9 6 2 356 350 346 342 337 333 332 336 342 345 346 348 349 351 351 350 347 344 342 342 346 350 352 355 358 0 0 359 356 351 346 343 343 346 351 355 356 355 353 352 350 348 347 347 346 343 341 343 349 353 351 349 350 353 358 1 0 357 354 355 354 351 347 344
15 4 348 340 334 329 325 326 331 338 345 350 352 353 353 354 357 359 1 359 353 347 346 351 359 8 13 15 14 12 9 3 358 354 351 349 344 338 334 334 338 342 345 347 348 349 350 351 348 344 342 343 346 349 352 354 356 357 358 359 358 355 351 346 344 344 346 349 352 353 354 354 353 351 348 345 343 340 339 340 344 346 345 345 350 356 1 2 1 357 355 355 352 348 344 343
12 4 349 342 337 332 326 323 324 330 337 345 350 353 352 353 355 356 357 355 351 348 349 355 4 12 15 15 14 11 6 2 358 356 355 353 349 344 339 335 334 335 339 343 345 347 349 349 347 344 343 344 348 352 354 355 353 351 351 353 356 357 355 351 348 345 344 344 345 348 351 353 353 351 348 344 341 338 337 337 339 339 338 340 348 358 2 3 360 356 355 353 348 343 341 343
8 2 350 344 340 336 331 326 321 321 327 337 346 349 349 352 355 355 354 352 350 349 352 360 7 12 15 14 11 7 3 0 358 357 357 355 352 349 345 340 334 331 331 335 340 344 346 345 344 343 342 345 351 356 358 357 354 351 350 351 354 356 357 355 351 347 344 342 343 345 348 351 351 349 346 342 338 335 333 333 334 335 334 336 345 356 2 2 358 355 353 350 344 340 342 349
3 359 351 347 345 341 337 331 322 317 318 327 337 342 344 349 355 357 355 352 348 349 355 3 9 13 14 13 8 3 1 359 358 358 357 356 354 353 352 348 343 335 329 328 332 338 342 341 339 338 340 345 352 358 360 359 357 356 356 356 356 357 357 357 355 350 344 340 341 344 348 350 350 348 345 341 337 333 329 329 330 331 331 333 340 351 358 359 355 352 350 346 342 343 350 360
357 355 352 351 350 347 344 337 328 321 319 321 327 334 338 345 353 359 359 354 348 348 356 5 10 12 12 10 5 0 358 357 356 355 354 354 356 357 357 355 352 347 338 331 331 336 341 341 337 336 337 344 352 358 1 2 1 1 2 2 1 359 357 357 357 353 345 340 341 345 349 351 350 347 344 342 340 336 333 331 330 329 329 331 337 345 354 355 352 350 347 345 346 352 3 9
350 351 354 354 354 353 350 343 335 331 328 325 325 327 333 341 351 359 1 355 349 349 356 5 10 10 8 6 2 359 355 353 352 350 350 353 356 358 359 359 358 356 350 343 338 339 341 341 337 335 338 344 351 355 360 3 6 8 8 7 4 0 356 355 356 353 347 343 343 347 351 351 348 345 344 344 342 340 339 339 338 336 333 333 336 343 350 351 349 348 347 349 354 3 7 8
342 347 355 357 357 356 352 346 342 339 338 335 331 329 331 337 348 357 359 355 351 352 358 5 8 7 4 1 358 355 352 349 347 347 348 351 354 356 357 359 360 360 358 353 347 342 341 339 336 336 340 347 352 354 357 3 9 12 12 9 5 360 354 350 351 350 349 348 349 350 351 349 346 343 343 344 344 344 345 346 345 343 341 340 340 343 347 347 347 348 352 356 0 3 4 4
333 340 353 358 359 357 353 349 347 347 346 344 340 337 335 337 344 352 355 354 354 356 1 4 5 4 1 357 353 350 348 346 345 346 349 352 351 351 353 356 358 360 360 358 354 348 342 337 335 337 343 351 356 358 359 3 7 11 11 9 3 356 350 347 346 347 349 352 353 353 350 347 343 342 342 343 344 346 348 349 347 345 343 343 343 344 345 345 346 351 355 358 360 0 0 1
331 335 344 353 356 355 353 351 352 353 353 351 349 347 343 341 343 347 350 352 355 0 5 4 2 360 356 352 348 346 345 343 343 346 350 350 347 347 349 351 353 356 358 359 358 354 346 339 336 338 345 353 360 3 4 3 3 6 8 5 359 352 348 345 344 344 349 353 355 354 351 346 342 342 343 344 345 348 350 348 342 338 336 338 341 342 341 343 347 351 354 356 358 357 357 357
339 337 337 343 349 352 352 353 355 356 356 355 355 354 352 347 345 346 348 351 357 4 6 3 359 355 351 348 345 343 342 342 344 346 347 344 342 342 344 345 346 348 351 356 358 356 349 342 339 342 348 356 4 7 4 359 358 1 2 359 355 350 346 345 344 344 347 352 355 355 351 345 343 344 346 348 349 350 351 347 340 333 330 332 334 335 337 341 346 349 351 353 355 355 354 353
342 341 340 340 342 345 348 351 353 354 354 355 356 357 356 353 350 349 349 352 359 6 6 2 357 353 349 347 344 340 340 344 347 347 344 339 337 338 340 340 340 341 343 349 354 354 350 346 345 349 355 2 6 4 358 354 355 357 356 353 351 349 347 345 344 344 347 351 355 355 351 346 345 349 353 353 351 351 350 346 340 335 333 333 332 332 335 340 344 347 349 350 351 351 350 349
339 341 345 344 341 340 340 342 343 342 342 344 348 352 355 356 355 354 354 356 1 5 5 2 358 355 352 350 347 343 342 345 349 350 348 344 340 339 341 342 341 340 341 344 348 350 350 350 352 356 1 4 3 358 353 352 354 355 351 348 347 348 348 347 346 346 348 352 356 356 353 350 352 357 359 355 352 351 349 345 340 337 336 335 333 334 337 340 343 345 346 347 347 347 347 348
338 340 346 349 349 343 336 334 332 331 331 332 335 340 347 353 357 358 359 1 3 5 5 4 2 359 355 352 351 350 347 345 346 349 351 350 347 344 344 345 346 345 344 344 345 347 350 354 359 2 4 4 359 354 350 351 355 353 348 344 344 346 348 349 349 348 349 352 356 357 357 357 0 1 358 354 353 352 350 345 340 339 338 337 337 338 340 342 342 343 344 346 346 346 349 351
343 343 348 355 357 352 342 337 335 334 335 336 336 338 342 350 357 1 3 4 6 7 8 6 3 359 356 353 352 353 352 349 346 346 349 351 350 349 347 347 347 346 345 344 344 346 352 359 4 5 5 2 356 351 349 352 355 351 345 342 342 344 348 351 352 351 350 350 354 358 1 3 4 0 355 354 355 355 353 349 344 341 340 340 341 343 344 343 341 341 343 344 346 350 354 355
347 349 354 0 0 352 344 340 339 340 341 342 343 344 346 350 356 1 4 6 8 10 10 7 2 358 355 352 351 353 354 352 349 346 347 349 351 351 349 347 346 345 344 344 344 348 355 3 6 6 4 359 353 349 349 353 353 347 342 340 341 343 347 351 353 354 351 349 350 355 0 2 2 358 355 355 356 357 356 354 351 347 344 344 346 347 346 343 339 339 341 345 348 352 354 353
349 354 2 2 355 347 342 341 342 344 346 348 350 351 352 353 356 1 5 8 10 11 9 6 1 358 355 352 350 351 352 352 350 349 348 349 351 351 350 347 346 346 346 347 350 354 359 2 2 2 360 356 351 350 351 353 350 344 341 340 341 342 345 348 352 353 353 351 349 350 354 357 358 356 355 356 357 357 357 357 357 354 351 349 349 349 347 343 339 339 342 346 348 350 350 349
359 2 4 357 347 342 341 342 345 348 350 352 355 357 358 358 359 3 6 9 11 10 7 4 1 358 355 352 350 349 349 349 349 349 349 350 351 351 349 348 347 348 350 353 358 1 360 357 355 355 354 353 352 352 353 352 347 343 341 341 342 342 343 344 346 348 350 350 347 344 345 348 350 352 354 355 356 356 357 359 1 0 359 355 352 350 348 346 344 344 345 347 347 346 345 347
10 6 357 349 343 340 341 344 348 350 352 354 357 359 1 2 4 5 7 8 8 6 3 2 0 358 355 352 350 348 346 346 347 348 349 351 351 349 348 349 351 353 358 3 4 1 355 351 349 349 349 351 353 356 356 353 347 344 343 344 344 343 341 337 334 334 337 338 338 334 334 336 339 343 347 351 353 353 354 358 2 4 4 0 355 351 350 350 350 350 349 348 347 345 345 347
5 359 352 347 343 342 343 346 350 352 353 355 357 360 3 6 7 7 6 5 2 360 359 359 358 356 354 352 350 347 345 345 346 348 351 352 350 349 350 353 357 2 6 6 1 355 350 346 344 344 346 349 354 357 358 355 351 348 348 348 348 346 341 330 322 319 318 317 319 320 321 323 326 331 335 342 347 347 349 353 359 4 5 4 359 355 352 352 353 353 351 349 348 348 349 350
351 351 350 348 346 345 346 349 351 352 353 355 357 360 3 6 7 6 4 1 357 355 354 354 355 354 352 350 348 347 346 346 348 351 354 353 350 350 355 1 5 7 5 360 355 350 345 342 340 341 344 348 353 357 359 358 356 354 354 356 357 355 346 333 325 321 319 318 318 317 315 313 314 318 324 332 337 340 343 347 352 359 5 6 4 359 354 351 350 351 350 349 348 349 349 348
338 342 347 349 348 348 349 351 351 352 353 355 357 360 3 5 6 5 3 359 355 352 350 349 349 349 349 348 347 347 348 350 353 356 356 354 352 355 1 5 6 4 358 354 350 347 343 340 339 339 343 347 351 356 359 0 0 1 2 4 5 1 351 341 335 332 329 327 326 322 317 312 309 308 313 320 325 329 335 340 345 352 1 7 7 2 356 352 350 350 349 348 348 348 347 346
326 332 343 348 351 351 351 351 351 351 352 354 356 358 0 2 3 4 3 0 356 352 348 346 345 345 345 346 348 350 354 359 2 2 358 356 357 0 1 1 359 357 353 349 347 345 343 341 340 340 343 346 350 355 358 360 2 5 8 9 7 360 351 345 341 338 336 335 333 329 324 320 314 309 308 310 312 315 322 329 336 344 354 3 6 4 359 354 352 350 349 349 348 347 346 345
320 325 337 345 351 354 354 352 351 351 351 353 355 356 357 358 1 3 3 0 356 352 348 346 344 343 344 346 351 357 4 9 10 6 1 358 358 359 358 355 353 351 348 345 343 342 341 343 344 344 344 345 348 352 355 358 3 8 10 9 4 357 352 348 346 344 342 342 340 337 334 332 326 319 314 312 309 308 312 319 327 336 345 355 2 4 2 357 353 350 349 349 348 347 347 345
318 322 332 341 350 355 357 355 353 352 353 354 355 355 355 356 359 1 0 357 353 349 347 345 345 345 347 351 357 7 14 15 9 4 1 358 356 356 356 353 350 347 344 341 340 340 343 346 349 349 347 343 344 347 352 357 4 7 8 4 359 354 352 352 352 351 349 348 346 345 344 342 336 329 325 322 317 313 313 316 321 328 336 345 355 2 4 1 355 351 349 348 347 347 347 346
318 320 327 336 345 353 357 358 356 355 355 355 356 356 356 357 358 358 356 353 349 347 346 346 347 348 352 358 7 14 15 9 4 0 359 358 356 354 354 353 349 344 340 337 337 339 343 349 353 355 352 345 341 342 348 356 3 4 2 358 353 350 352 357 357 358 356 353 351 352 353 351 344 338 335 332 327 324 323 323 323 325 329 336 345 356 2 3 359 353 349 347 346 346 347 347
323 323 326 332 340 348 355 358 358 357 356 356 356 356 357 358 358 356 352 348 346 346 347 349 351 353 358 5 12 12 6 1 359 358 357 356 355 354 353 352 348 343 338 335 335 338 343 349 355 358 356 350 343 341 346 354 359 359 357 351 347 346 350 355 0 2 2 359 358 358 358 356 352 347 343 340 335 333 333 333 332 329 327 329 335 345 356 2 2 358 352 348 345 346 348 349
327 328 331 334 338 344 351 357 360 360 358 357 355 355 357 359 359 355 349 346 346 348 352 355 359 1 3 6 5 0 356 355 356 356 356 355 354 354 353 351 347 342 338 335 335 337 341 347 353 356 357 354 348 345 346 351 355 355 353 346 342 342 347 353 359 2 2 2 1 0 360 359 358 356 351 346 342 342 342 342 339 334 328 325 326 332 343 355 1 1 357 351 346 346 349 351
325 328 334 337 338 341 347 355 0 2 1 359 357 356 357 358 358 354 350 349 352 358 4 7 9 9 3 355 349 347 347 349 351 353 353 353 354 353 352 349 344 340 338 338 339 340 341 344 348 352 355 355 352 349 349 351 353 353 349 342 339 339 344 349 354 357 359 1 2 1 1 2 2 1 357 353 350 349 350 348 344 340 334 327 322 321 327 339 352 358 359 355 350 349 350 353
320 323 330 334 336 338 343 351 359 3 4 2 0 359 358 359 357 355 355 359 6 12 15 13 11 7 359 348 340 336 337 339 342 346 348 350 351 352 350 346 342 338 337 339 342 344 343 342 343 347 352 353 353 352 352 353 353 352 346 339 336 336 339 344 347 350 353 357 359 360 0 2 3 3 1 0 359 358 356 352 349 347 342 333 325 320 320 325 335 347 354 355 353 352 351 352
323 322 322 326 330 333 338 345 354 1 5 5 4 2 0 360 359 359 3 9 14 15 14 11 7 3 358 351 344 338 336 336 337 339 342 345 348 348 347 344 339 336 335 337 340 341 340 337 337 341 347 350 352 354 356 356 355 352 346 339 334 332 334 337 340 344 349 353 356 357 357 360 1 2 3 6 8 6 0 355 355 354 348 338 331 328 325 324 326 332 341 348 351 352 350 350
336 331 325 325 327 329 333 338 347 357 3 7 7 4 2 1 1 4 8 12 13 12 10 8 5 2 359 354 349 345 342 342 342 341 340 342 344 344 343 342 339 336 335 336 335 332 331 329 330 333 340 346 351 355 358 358 356 353 347 341 336 333 333 333 335 339 345 351 354 354 354 355 357 359 3 9 11 10 5 1 1 359 351 342 338 337 337 335 333 331 333 337 343 346 347 348
343 338 334 334 335 335 334 336 341 350 359 6 8 7 5 3 4 6 10 11 9 8 6 5 4 2 360 357 354 350 346 347 348 347 344 341 341 342 341 341 340 339 340 340 336 331 329 329 329 332 336 343 349 355 358 359 357 353 349 344 340 337 336 334 333 335 340 347 350 351 352 353 353 355 359 5 9 10 9 7 4 360 352 347 344 345 346 345 342 338 336 336 339 342 344 347
340 339 339 341 343 343 342 340 341 346 353 1 7 9 8 6 5 6 7 5 4 2 2 2 2 2 1 0 358 354 350 348 349 350 349 346 342 341 341 342 344 346 347 345 339 336 335 335 336 336 337 341 348 354 358 359 357 353 349 345 342 340 340 337 334 333 336 341 345 346 349 351 351 351 354 358 3 8 9 8 5 1 356 352 351 353 353 351 346 341 338 338 339 341 343 346
335 337 341 344 347 348 347 346 346 348 351 356 3 8 9 8 6 3 1 359 357 357 357 359 360 1 2 2 2 359 356 352 349 348 348 347 344 342 341 342 346 351 353 350 344 340 340 341 342 342 341 342 346 352 358 359 357 353 348 344 343 343 345 344 341 337 335 337 340 342 345 348 349 348 350 352 357 2 4 4 3 2 1 359 359 1 359 353 346 341 339 338 339 342 345 347
330 334 341 347 349 350 350 350 351 350 350 353 358 4 8 9 6 1 356 353 352 352 353 355 357 358 0 2 3 3 0 356 351 347 345 344 344 343 341 341 344 350 353 353 349 346 345 345 345 344 342 342 344 351 357 359 356 352 347 344 343 344 348 349 347 342 337 335 336 338 342 345 346 345 345 347 351 355 357 358 0 3 6 7 8 5 359 351 347 346 345 343 342 344 348 350
327 331 341 347 349 350 351 352 353 352 350 350 354 360 6 9 6 359 353 349 349 350 350 352 353 355 357 360 2 4 3 359 354 349 345 343 343 344 342 340 341 347 353 355 354 352 350 348 347 344 341 340 342 349 356 358 355 351 347 344 343 344 347 349 348 345 339 333 331 332 338 342 343 341 341 343 346 349 350 352 356 3 9 12 12 4 354 349 349 350 351 350 350 350 352 354
326 330 340 347 348 349 350 353 354 352 350 350 353 359 6 8 5 359 354 350 349 349 349 349 350 351 353 356 360 3 3 360 355 349 344 343 343 344 344 343 342 345 350 355 357 357 355 353 352 348 344 342 343 348 355 356 353 350 349 348 346 345 344 343 342 340 337 332 328 327 331 337 339 337 338 341 344 345 345 347 352 359 7 11 9 1 353 349 350 353 354 355 357 358 358 358
330 333 341 347 349 349 350 352 353 351 350 351 355 3 8 7 4 0 357 354 352 350 349 348 348 348 350 352 356 359 1 358 353 348 344 342 342 344 345 346 346 346 349 354 358 358 357 355 354 353 351 348 346 349 354 355 351 350 351 353 351 350 346 341 338 336 335 332 329 325 324 328 331 332 334 338 342 342 341 344 350 356 1 5 4 359 354 352 352 354 356 359 1 3 4 2
335 337 343 347 349 350 351 352 351 350 350 352 359 7 8 6 3 1 359 356 353 351 349 349 349 349 349 351 352 355 356 352 349 347 345 343 341 341 344 348 350 350 351 354 358 358 356 354 354 355 356 355 352 352 355 356 353 352 354 357 356 354 350 344 341 339 338 334 331 328 326 324 323 322 325 331 335 335 336 341 350 354 355 356 358 357 356 354 355 356 358 1 3 5 8 7
336 339 344 348 349 351 351 351 349 349 351 356 4 8 7 4 2 360 358 355 352 351 350 350 350 350 351 351 351 351 350 346 345 345 347 346 343 341 342 348 352 354 354 356 358 358 356 353 351 353 355 356 355 355 355 355 355 355 356 358 359 356 352 348 346 345 342 338 336 334 331 325 317 311 311 317 321 323 327 336 346 350 350 350 353 355 356 356 356 357 1 4 6 8 10 10
