project/data/elevation/US_DEM2016/US_DEM2016_point_10-27-2019_2035_30m_vel.asc
ncols	125
nrows	167
xllcorner	-2042055.000000
yllcorner	1465035.000000
cellsize	30.000000
NODATA_value	-9999.000000
[rows 76 to 113 of 167, columns 0 to 83 of 125]
6.02 6.15 6.37 6.50 6.67 6.91 7.13 7.15 6.98 6.75 6.69 6.88 7.21 7.49 7.50 7.37 7.15 6.94 6.90 7.16 7.53 7.78 8.03 8.30 8.28 7.62 6.69 6.72 7.58 8.15 8.01 7.37 6.41 5.61 5.24 5.04 4.89 4.74 4.64 4.71 4.91 5.36 6.32 7.64 8.48 8.09 6.80 5.66 5.10 4.87 4.65 4.41 4.29 4.34 4.53 4.76 4.96 5.07 5.24 5.48 5.62 5.71 5.91 6.18 6.33 6.33 6.55 7.35 8.62 9.23 8.79 8.08 7.76 7.66 7.64 7.82 8.09 8.33 8.27 7.78 6.60 4.82 3.88 3.76
5.84 6.11 6.49 6.55 6.65 6.88 6.97 6.78 6.31 5.80 5.65 5.93 6.35 6.70 6.84 6.85 6.74 6.57 6.50 6.64 6.95 7.37 7.82 8.27 8.48 8.03 6.89 6.28 6.82 7.77 8.23 8.08 7.43 6.76 6.21 5.75 5.33 4.96 4.76 4.85 5.07 5.40 6.15 7.42 8.40 8.17 6.99 5.84 5.08 4.70 4.46 4.27 4.05 4.06 4.32 4.68 4.99 5.20 5.35 5.50 5.60 5.65 5.89 6.37 6.80 7.01 7.16 7.63 8.47 9.25 9.34 9.04 8.88 9.00 9.13 9.10 8.92 8.78 8.73 8.61 7.89 6.37 4.93 3.90
5.49 5.77 6.22 6.25 6.16 6.13 6.12 6.00 6.06 5.69 5.69 5.90 6.23 6.52 6.60 6.62 6.57 6.48 6.41 6.46 6.67 7.02 7.50 8.02 8.40 8.19 7.09 6.01 6.05 6.92 7.77 8.16 7.98 7.45 6.85 6.27 5.71 5.23 5.02 5.03 5.10 5.24 5.83 7.14 8.28 8.10 6.61 5.17 4.42 4.01 3.80 3.78 3.87 4.04 4.33 4.65 4.98 5.19 5.26 5.38 5.62 5.79 5.97 6.50 7.14 7.46 7.77 8.23 8.90 9.44 9.71 9.50 9.31 9.42 9.47 9.27 8.77 8.25 8.32 8.75 9.01 8.53 7.38 5.94
5.20 5.33 5.75 5.88 5.68 5.51 5.64 5.94 6.17 6.28 6.32 6.43 6.64 6.77 6.75 6.67 6.59 6.51 6.44 6.44 6.57 6.82 7.20 7.76 8.32 8.30 7.18 5.64 5.13 5.67 6.38 7.17 7.54 7.35 6.85 6.33 5.87 5.39 5.08 4.95 4.95 5.03 5.55 6.95 8.32 8.28 6.66 5.01 4.29 4.06 4.02 4.19 4.42 4.53 4.60 4.63 4.67 4.72 4.67 4.79 5.24 5.57 5.79 6.34 7.02 7.57 8.12 8.61 8.95 9.27 9.36 9.11 8.75 8.51 8.51 8.46 8.03 7.48 7.32 7.84 8.69 9.23 9.03 8.07
5.06 5.11 5.47 5.83 5.83 5.71 5.85 6.21 6.56 6.69 6.75 6.85 6.97 6.92 6.82 6.68 6.48 6.32 6.25 6.27 6.41 6.64 6.96 7.52 8.28 8.52 7.47 5.42 4.13 4.26 4.63 5.29 6.15 6.64 6.55 6.19 5.96 5.68 5.48 5.41 5.49 5.62 6.09 7.33 8.62 8.78 7.48 5.78 4.87 4.68 4.77 4.89 4.95 4.89 4.67 4.55 4.49 4.59 4.72 4.90 5.25 5.53 5.77 6.27 6.84 7.36 7.81 8.15 8.37 8.47 8.48 8.28 7.68 6.98 6.95 7.39 7.57 7.31 6.84 6.51 7.01 8.28 9.15 9.11
5.09 5.09 5.35 5.83 6.08 6.11 6.15 6.33 6.59 6.75 6.86 6.89 6.84 6.71 6.60 6.52 6.31 5.94 5.73 5.77 5.96 6.26 6.71 7.30 8.18 8.78 8.12 5.70 3.75 3.34 3.31 3.41 4.13 5.25 5.85 5.93 5.86 6.02 6.13 6.31 6.55 6.79 7.22 8.05 9.09 9.43 8.59 7.03 5.85 5.31 5.05 4.85 4.73 4.62 4.57 4.63 4.97 5.37 5.86 6.12 6.25 6.30 6.37 6.57 6.74 6.90 6.97 7.08 7.36 7.67 7.90 7.84 7.21 6.21 6.08 6.67 7.25 7.42 7.11 6.25 5.78 6.47 8.07 9.05
5.33 5.26 5.32 5.54 5.79 6.00 6.15 6.30 6.48 6.61 6.67 6.60 6.46 6.31 6.21 6.24 6.21 5.87 5.45 5.36 5.55 5.82 6.19 6.90 7.90 8.91 8.86 7.02 4.44 3.47 3.11 2.78 2.82 3.58 4.73 5.34 5.54 5.91 6.22 6.58 6.98 7.35 7.70 8.25 9.16 9.76 9.38 8.10 6.69 5.68 5.10 4.79 4.72 4.78 4.81 4.89 5.28 5.68 6.25 6.71 6.92 6.97 6.94 6.75 6.53 6.38 6.33 6.51 6.85 7.30 7.76 7.84 7.15 6.03 5.62 6.08 6.79 7.23 7.30 6.85 5.86 5.44 6.45 8.13
5.51 5.50 5.47 5.42 5.49 5.73 5.97 6.19 6.31 6.33 6.28 6.18 6.11 6.06 6.00 6.05 6.17 6.05 5.61 5.29 5.32 5.47 5.73 6.36 7.43 8.65 9.19 8.30 6.19 4.85 4.25 3.77 3.21 3.21 3.93 4.78 5.13 5.51 5.88 6.28 6.68 7.03 7.35 7.76 8.63 9.56 9.62 8.67 7.26 6.17 5.68 5.48 5.34 5.23 5.08 5.07 5.37 5.43 5.80 6.40 6.84 7.02 7.00 6.70 6.25 5.96 6.04 6.37 6.78 7.26 7.86 8.02 7.17 5.71 4.78 5.04 5.85 6.44 6.81 6.92 6.35 5.30 5.12 6.65
5.47 5.51 5.59 5.60 5.61 5.72 5.88 6.06 6.11 6.01 5.87 5.81 5.85 5.89 5.88 5.89 6.03 6.12 5.83 5.39 5.25 5.32 5.49 6.02 6.98 8.15 9.01 8.89 8.00 7.14 6.48 5.69 4.83 4.19 4.10 4.59 5.17 5.61 5.91 6.07 6.24 6.47 6.78 7.28 8.11 9.17 9.57 9.03 8.04 7.22 6.60 6.15 5.76 5.44 5.16 5.15 5.24 5.38 5.75 6.18 6.57 6.79 6.81 6.60 6.16 5.72 5.65 6.03 6.49 7.12 7.96 8.36 7.43 5.38 3.84 3.63 4.30 5.06 5.62 6.11 6.25 5.55 4.59 5.10
5.38 5.41 5.57 5.75 5.85 5.89 5.90 5.89 5.83 5.70 5.59 5.57 5.65 5.72 5.76 5.79 5.90 6.00 5.80 5.39 5.24 5.33 5.59 6.10 6.90 7.78 8.57 8.83 8.62 8.31 8.05 7.47 6.48 5.46 4.95 5.07 5.55 5.95 5.96 5.88 5.89 6.09 6.49 7.03 7.75 8.73 9.31 9.11 8.57 8.09 7.47 6.76 6.18 5.71 5.31 5.23 5.35 5.48 5.65 5.81 6.02 6.24 6.42 6.51 6.24 5.59 5.14 5.36 5.85 6.67 7.92 8.81 8.29 6.14 4.10 3.36 3.33 3.61 4.01 4.54 5.19 5.21 4.44 4.17
5.41 5.46 5.64 5.81 5.89 5.89 5.79 5.62 5.49 5.41 5.42 5.49 5.56 5.61 5.65 5.75 5.89 5.96 5.89 5.43 5.22 5.32 5.67 6.19 6.83 7.48 8.11 8.43 8.29 8.08 8.10 8.14 7.65 6.60 5.69 5.41 5.51 5.58 5.55 5.57 5.63 5.80 6.07 6.51 7.15 8.06 8.68 8.64 8.28 8.05 7.80 7.34 6.84 6.28 5.64 5.31 5.67 5.11 5.29 5.20 5.34 5.60 5.97 6.31 6.32 5.60 4.79 4.75 5.25 6.13 7.51 8.90 9.14 8.05 6.12 4.76 3.98 3.58 3.35 3.33 3.72 4.19 4.00 3.53
5.45 5.51 5.60 5.60 5.54 5.49 5.44 5.39 5.32 5.27 5.33 5.48 5.58 5.59 5.54 5.67 5.98 6.18 6.14 5.84 5.50 5.33 5.48 5.93 6.48 7.05 7.65 8.01 7.80 7.21 7.13 7.65 7.99 7.58 6.59 5.70 5.82 4.87 5.02 5.37 5.47 5.49 5.56 5.86 6.57 7.46 7.98 7.76 7.21 6.96 6.87 6.79 6.68 6.44 5.93 5.40 5.07 4.83 4.79 4.92 5.11 5.43 5.83 6.25 6.43 5.79 4.81 4.58 4.96 5.78 6.94 8.34 9.19 9.23 8.61 7.51 6.48 5.58 4.81 4.14 3.82 3.90 3.83 3.48
5.44 5.48 5.42 5.27 5.16 5.17 5.28 5.43 5.47 5.39 5.33 5.43 5.57 5.61 5.57 6.61 6.11 6.56 6.64 6.48 6.12 5.69 5.50 5.70 6.09 6.57 7.15 7.60 7.52 6.84 6.33 6.60 7.39 7.77 7.33 6.26 5.28 4.84 4.90 5.31 5.47 5.50 5.57 5.86 6.52 7.35 7.67 7.02 5.90 5.24 5.11 5.06 5.17 5.36 5.26 5.06 4.92 4.87 4.92 5.10 5.31 5.55 5.87 6.24 6.48 5.99 4.99 4.62 4.85 5.58 6.53 7.59 8.53 9.08 9.33 9.27 8.90 8.30 7.59 6.75 5.93 5.39 5.21 4.82
5.40 5.43 5.38 5.26 5.21 5.32 5.46 5.54 5.56 5.48 5.33 5.25 5.37 5.48 5.48 5.56 5.86 6.27 6.55 6.65 6.54 6.21 5.83 5.70 5.88 6.18 6.58 6.97 7.08 6.79 6.24 5.90 6.24 7.07 7.29 6.70 5.76 5.29 5.15 5.43 5.69 5.87 6.01 6.27 6.87 7.66 7.84 6.85 5.25 4.36 4.01 3.82 3.81 4.05 4.35 4.62 4.81 4.95 5.05 5.21 5.36 5.50 5.79 6.16 6.40 6.01 5.02 4.57 4.69 5.33 6.20 7.11 7.67 7.87 8.19 8.78 9.18 9.25 9.11 8.85 8.36 7.74 7.20 6.75
5.35 5.37 5.38 5.39 5.43 5.52 5.56 5.50 5.43 5.36 5.21 5.00 4.98 5.05 6.21 4.74 4.79 5.11 5.61 5.98 6.25 6.29 6.07 5.83 5.85 6.04 6.24 6.36 6.29 6.08 5.79 5.32 5.20 5.93 6.71 6.74 6.12 5.70 5.53 5.73 5.96 6.17 6.35 6.71 7.40 8.17 8.33 7.49 6.06 4.98 4.43 4.26 4.39 4.63 4.83 4.93 4.98 5.01 4.97 4.99 5.07 5.22 5.60 6.09 6.32 5.91 4.87 4.31 4.37 4.93 5.90 6.89 7.05 6.40 6.13 6.60 7.56 8.21 8.64 8.96 9.00 8.70 8.34 8.07
5.32 5.31 5.32 5.38 5.44 5.46 5.40 5.31 5.23 5.15 5.06 4.95 4.94 4.94 4.66 4.24 4.07 4.18 4.47 4.88 5.31 5.73 5.91 5.93 6.07 6.32 6.40 6.20 5.72 5.13 4.79 4.48 4.28 4.72 5.73 6.34 6.19 5.84 5.66 5.85 6.05 6.26 6.51 7.06 7.85 8.67 8.93 8.43 7.57 6.79 6.06 5.71 5.73 5.82 5.77 5.43 5.11 4.92 4.72 4.59 4.66 4.90 5.36 6.02 6.32 5.84 4.66 3.98 3.96 4.46 5.64 6.82 6.87 5.62 4.54 4.64 5.61 6.41 6.85 7.32 7.89 8.11 7.94 7.93
5.31 5.28 5.29 5.33 5.28 5.16 5.07 5.06 5.07 5.09 5.11 5.12 5.18 5.26 5.14 4.77 4.36 4.10 4.07 4.27 4.61 5.08 5.52 5.86 6.26 6.71 6.93 6.65 6.00 5.27 4.74 4.43 4.18 4.18 4.76 5.59 5.92 5.82 5.73 5.89 6.09 6.34 6.64 7.19 7.94 8.84 9.33 9.09 8.47 8.00 7.58 7.00 6.40 5.96 5.63 5.35 5.07 4.82 4.52 4.33 4.32 4.54 5.05 5.88 6.37 5.92 4.75 3.94 3.76 4.12 5.39 6.89 7.12 5.77 4.06 3.54 4.27 5.06 5.19 5.35 6.01 6.66 6.60 6.38
5.31 5.26 5.18 5.09 4.87 4.67 4.64 4.79 4.94 5.06 5.16 5.22 5.33 5.53 5.70 5.68 5.33 4.87 4.66 4.70 4.90 5.25 5.64 5.99 6.35 6.83 7.27 7.31 7.00 6.55 6.05 5.65 5.31 4.97 4.78 5.13 5.60 5.82 5.96 6.13 6.29 6.51 6.77 7.15 7.70 8.59 9.30 9.28 8.71 8.21 7.90 7.55 6.88 6.03 5.46 5.32 5.21 4.96 4.62 4.40 4.35 4.46 4.97 5.88 6.47 6.16 5.18 4.33 3.93 4.08 5.17 6.91 7.44 6.34 4.37 3.09 3.21 3.87 3.90 3.79 4.33 5.26 5.36 4.92
5.32 5.21 4.95 4.61 4.25 4.05 4.11 4.39 4.71 4.92 5.04 5.19 5.39 5.64 5.97 6.31 6.38 6.19 6.03 6.02 6.11 6.28 6.46 6.59 6.69 6.88 7.12 7.24 7.29 7.15 6.80 6.34 5.88 5.44 5.02 5.09 5.46 5.85 6.17 6.37 6.50 6.59 6.69 6.91 7.32 8.10 8.91 9.13 8.72 8.17 7.72 7.52 7.34 6.98 6.42 5.91 5.55 5.26 5.03 4.95 4.99 5.05 5.38 6.10 6.62 6.36 5.44 4.66 4.22 4.31 5.23 6.94 7.78 7.00 5.04 3.36 2.88 3.09 3.14 2.91 3.05 3.81 4.29 4.13
5.33 5.24 4.94 4.50 4.10 3.98 4.07 4.29 4.64 4.86 4.97 5.25 5.64 5.98 6.30 6.71 6.98 7.11 7.15 7.16 7.12 7.03 6.96 6.99 7.09 7.15 6.94 6.54 6.40 6.38 6.08 5.64 5.21 4.88 4.82 5.10 5.49 5.86 6.17 6.33 6.39 6.38 6.35 6.48 6.92 7.57 8.34 8.68 8.44 8.04 7.66 7.41 7.29 7.19 6.92 6.35 5.82 5.45 5.26 5.24 5.40 5.57 5.76 6.29 6.82 6.61 5.61 4.73 4.41 4.64 5.48 7.06 8.29 8.04 6.13 4.40 3.46 3.20 3.18 2.88 2.67 2.95 3.45 3.63
5.37 5.29 5.07 4.84 4.69 4.75 4.88 5.02 5.17 5.22 5.21 5.45 5.93 6.38 6.71 6.96 7.19 7.32 7.33 7.28 7.17 7.01 6.85 6.87 7.20 7.54 7.27 6.49 5.98 5.88 5.68 5.29 4.94 4.68 4.74 5.09 5.50 5.77 5.94 6.03 6.07 6.08 6.10 6.21 6.56 7.18 7.83 8.07 7.74 7.19 6.92 6.81 6.64 6.48 6.32 6.08 5.71 5.39 5.18 5.10 5.24 5.53 5.80 6.30 6.95 7.02 6.19 5.10 4.59 4.69 5.38 6.93 8.75 9.26 7.89 6.08 4.69 3.97 3.82 3.52 3.08 3.01 3.28 3.55
5.38 5.29 5.09 5.16 5.26 5.52 5.75 5.91 6.07 6.05 5.86 5.86 6.21 6.66 6.99 7.11 7.13 7.07 6.93 6.77 6.67 6.59 6.46 6.45 6.85 7.61 7.76 7.30 6.91 6.83 6.75 6.45 5.92 5.35 5.08 5.18 5.40 5.54 5.61 5.68 5.71 5.79 5.93 6.12 6.45 7.04 7.64 7.71 7.03 6.06 5.53 5.42 5.41 5.36 5.35 5.38 5.36 5.25 5.17 5.14 5.25 5.51 5.75 6.14 6.76 7.08 6.56 5.49 4.62 4.40 4.87 6.29 8.50 9.83 9.52 7.92 6.26 5.10 4.89 4.56 4.09 3.87 3.97 4.22
5.37 5.25 5.07 5.28 5.40 5.85 6.23 6.51 6.78 6.95 6.84 6.63 6.66 6.86 6.99 6.99 6.90 6.75 6.59 6.51 6.53 6.47 6.28 6.17 6.45 7.23 7.71 7.80 7.75 7.77 7.77 7.59 7.05 6.20 5.53 5.31 5.32 5.29 5.31 5.38 5.45 5.59 5.81 6.13 6.55 7.19 7.77 7.80 7.01 5.90 5.08 4.57 4.15 4.19 4.49 4.86 5.18 5.31 5.30 5.28 5.39 5.61 5.79 6.09 6.54 6.85 6.48 5.50 4.47 4.08 4.31 5.39 7.54 9.54 10.27 9.75 8.38 7.06 6.61 6.19 5.77 5.50 5.42 5.40
5.43 5.30 5.14 5.19 5.52 6.08 6.63 6.99 7.24 7.45 7.48 7.28 6.99 6.79 6.68 6.60 6.57 6.53 6.45 6.40 6.58 6.68 6.57 6.42 6.51 6.88 7.10 7.13 7.18 7.32 7.48 7.60 7.40 6.70 5.83 5.35 5.18 5.00 4.94 5.10 5.36 5.69 5.99 6.34 6.78 7.43 7.97 8.12 7.72 7.07 6.33 5.44 4.49 4.24 4.48 4.90 5.28 5.50 5.56 5.57 5.61 5.80 6.03 6.34 6.69 6.89 6.53 5.58 4.58 4.12 4.22 4.95 6.50 8.45 9.96 10.50 10.14 9.22 8.48 8.03 7.66 7.22 6.79 6.34
5.55 5.43 5.20 5.15 5.41 5.90 6.39 6.77 7.03 7.21 7.30 7.18 6.87 6.51 6.26 6.19 6.26 6.36 6.31 6.16 6.32 6.58 6.70 6.65 6.69 6.77 6.57 6.17 5.97 6.10 6.40 6.80 7.05 6.79 6.02 5.35 4.96 4.69 4.69 5.01 5.49 5.99 6.32 6.62 6.99 7.56 8.06 8.23 8.05 7.91 7.72 7.24 6.33 5.46 5.10 5.12 5.29 5.49 5.71 5.85 5.95 6.18 6.42 6.73 7.04 7.24 6.97 6.16 5.30 4.68 4.53 4.80 5.66 7.05 8.69 9.93 10.23 9.88 9.46 9.09 8.51 7.86 7.22 6.60
5.62 5.48 5.17 4.94 4.94 5.15 5.42 5.74 6.06 6.32 6.49 6.50 6.37 6.15 5.97 5.94 6.07 6.27 6.29 6.10 6.07 6.23 6.46 6.59 6.72 6.67 6.23 5.65 5.17 5.02 5.23 5.63 6.08 6.18 5.84 5.34 4.97 4.81 4.96 5.39 5.82 6.13 6.40 6.70 7.08 7.63 8.08 8.02 7.67 7.59 7.75 7.80 7.44 6.54 5.53 5.09 5.11 5.29 5.55 5.84 6.14 6.48 6.77 7.08 7.39 7.60 7.44 6.78 5.91 5.09 4.68 4.69 5.11 6.05 7.42 8.62 9.15 9.20 9.18 9.07 8.58 7.92 7.29 6.59
5.66 5.52 5.25 4.97 4.77 4.47 4.50 4.70 5.00 5.32 5.58 5.76 5.80 5.70 5.57 5.60 5.89 6.29 6.59 6.64 6.49 6.44 6.52 6.73 7.03 6.89 6.08 5.31 4.73 4.36 4.26 4.40 4.66 4.90 4.95 4.90 4.93 5.09 5.35 5.60 5.79 5.99 6.22 6.55 7.02 7.67 8.12 7.87 7.18 6.76 6.73 6.92 7.11 6.74 5.72 5.04 4.93 5.07 5.31 5.67 6.11 6.57 6.92 7.29 7.63 7.83 7.71 7.04 5.99 4.94 4.44 4.41 4.73 5.50 6.62 7.66 8.19 8.14 8.05 8.26 8.36 8.18 7.87 7.38
5.78 5.74 5.67 5.42 4.95 4.56 4.30 4.30 4.47 4.68 4.93 5.19 5.32 5.27 5.09 5.03 5.43 6.11 6.66 6.93 6.99 6.97 6.97 7.15 7.59 7.70 6.95 5.84 5.04 4.51 4.08 3.89 3.94 4.01 4.12 4.37 4.69 4.97 5.07 5.13 5.27 5.55 5.88 6.25 6.81 7.60 8.19 7.96 7.04 6.27 5.86 5.67 5.86 6.08 5.62 4.98 4.74 4.81 5.02 5.35 5.81 6.34 6.79 7.23 7.67 7.98 7.97 7.39 6.18 4.95 4.28 4.13 4.36 5.00 5.93 7.20 7.91 7.72 7.06 6.98 7.41 7.84 8.09 8.12
5.84 5.94 6.02 5.84 5.41 4.91 4.57 4.46 4.42 4.35 4.42 4.66 4.87 4.97 4.78 4.33 4.27 4.94 5.71 6.34 6.74 7.00 7.19 7.41 7.85 8.36 8.34 7.49 6.52 5.90 5.44 4.99 4.80 4.67 4.58 4.62 4.74 4.78 4.70 4.74 4.91 5.19 5.60 5.99 6.60 7.50 8.27 8.28 7.47 6.56 5.87 5.17 4.81 4.87 4.72 4.48 4.46 4.58 4.75 4.97 5.37 5.87 6.43 6.93 7.46 7.97 8.27 7.99 6.95 5.54 4.53 4.11 4.09 4.52 5.49 6.94 8.01 8.02 6.97 6.04 5.94 6.33 6.80 7.21
5.66 5.77 5.85 5.73 5.47 5.10 4.73 4.46 4.26 4.14 4.17 4.36 4.60 4.87 4.86 4.28 3.65 3.67 4.31 5.14 5.77 6.29 6.80 7.23 7.66 8.33 8.92 8.89 8.37 7.88 7.43 7.01 6.64 6.21 5.77 5.37 5.05 4.83 4.72 4.80 5.00 5.22 5.58 5.91 6.46 7.37 8.29 8.67 8.25 7.43 6.61 5.69 4.77 4.27 3.98 4.00 4.27 4.49 4.62 4.74 4.97 5.42 6.02 6.61 7.16 7.77 8.34 8.49 7.80 6.31 5.06 4.42 4.19 4.30 5.00 6.40 7.91 8.38 7.62 6.29 5.33 5.05 5.06 5.21
5.37 5.36 5.39 5.42 5.34 5.11 4.87 4.39 4.20 4.27 4.46 4.66 4.88 5.22 5.60 5.60 4.87 4.24 4.22 4.54 4.96 5.45 6.18 6.86 7.28 7.77 8.44 8.85 8.90 8.79 8.49 8.12 7.72 7.17 6.51 5.86 5.33 5.00 4.83 4.85 5.12 5.45 5.75 5.97 6.35 7.12 8.07 8.72 8.78 8.24 7.41 6.49 5.63 4.86 4.37 4.19 4.27 4.39 4.50 4.52 4.58 4.94 5.65 6.35 6.89 7.44 8.09 8.64 8.49 7.38 5.93 5.03 4.54 4.27 4.46 5.61 7.37 8.38 8.19 7.13 5.91 5.27 4.87 4.53
5.31 5.20 5.16 5.27 5.36 5.36 5.20 4.97 4.81 4.90 5.25 5.64 5.96 6.39 6.88 7.18 7.22 6.74 6.06 5.74 5.65 5.74 6.19 6.75 7.04 7.24 7.60 7.85 7.97 8.15 8.19 8.06 7.81 7.40 6.88 6.26 5.67 5.26 4.99 4.90 5.16 5.59 5.94 6.13 6.38 6.85 7.57 8.35 8.90 8.89 8.33 7.64 6.86 6.00 5.21 4.63 4.27 4.20 4.24 4.24 4.30 4.63 5.28 5.99 6.55 6.99 7.53 8.22 8.61 8.20 6.91 5.69 4.98 4.54 4.48 5.19 6.77 8.10 8.43 7.82 6.92 6.45 6.15 5.54
5.48 5.32 5.22 5.33 5.51 5.74 5.95 6.05 6.04 6.08 6.39 6.85 7.31 7.66 7.88 8.04 8.32 8.39 8.12 7.71 7.32 7.00 6.88 7.01 7.11 7.13 7.30 7.32 7.02 6.89 7.06 7.15 7.04 6.86 6.65 6.36 5.98 5.59 5.30 5.12 5.19 5.43 5.76 6.11 6.41 6.70 7.11 7.82 8.75 9.36 9.33 8.82 8.06 7.04 5.88 4.96 4.42 4.22 4.17 4.17 4.25 4.49 4.90 5.53 6.12 6.49 6.82 7.44 8.09 8.16 7.39 6.24 5.46 5.05 4.89 5.24 6.46 7.78 8.41 8.12 7.38 6.91 6.78 6.52
5.66 5.54 5.46 5.53 5.68 5.93 6.29 6.63 6.91 7.10 7.31 7.57 7.78 7.86 7.87 7.81 7.79 7.99 8.13 8.07 7.83 7.52 7.32 7.30 7.29 7.24 7.40 7.50 7.17 6.68 6.42 6.31 6.15 6.01 5.91 5.88 5.84 5.71 5.48 5.17 4.97 5.02 5.31 5.80 6.37 6.68 6.88 7.37 8.31 9.24 9.65 9.51 9.01 8.14 6.95 5.91 5.21 4.75 4.51 4.37 4.31 4.35 4.60 5.17 5.86 6.23 6.41 6.78 7.30 7.59 7.29 6.49 5.82 5.42 5.24 5.43 6.28 7.46 8.25 8.13 7.35 6.66 6.45 6.46
5.77 5.75 5.69 5.67 5.75 5.93 6.20 6.52 6.91 7.24 7.37 7.32 7.17 7.02 6.99 6.89 6.66 6.66 6.81 7.02 7.09 7.06 7.14 7.32 7.39 7.36 7.43 7.58 7.55 7.32 6.98 6.63 6.41 6.19 5.87 5.60 5.54 5.57 5.43 5.12 4.94 5.03 5.36 5.87 6.44 6.75 6.81 7.03 7.67 8.50 9.15 9.48 9.46 9.03 8.26 7.30 6.42 5.64 5.06 4.65 4.39 4.30 4.49 5.00 5.73 6.21 6.36 6.51 6.80 7.03 6.95 6.49 5.98 5.58 5.40 5.54 6.17 7.21 8.10 8.19 7.47 6.67 6.28 6.24
5.70 5.72 5.69 5.65 5.74 5.95 6.23 6.42 6.59 6.69 6.68 6.53 6.32 6.17 6.20 6.18 5.96 5.80 5.84 6.08 6.35 6.42 6.61 7.02 7.35 7.49 7.52 7.44 7.36 7.39 7.35 7.19 7.04 6.85 6.48 5.95 5.58 5.50 5.44 5.34 5.40 5.62 5.87 6.21 6.58 6.85 6.84 6.80 7.10 7.67 8.26 8.84 9.18 9.16 8.85 8.23 7.35 6.45 5.64 4.97 4.54 4.38 4.49 4.87 5.53 6.15 6.44 6.54 6.63 6.69 6.62 6.37 6.01 5.67 5.45 5.50 5.98 6.90 7.93 8.27 7.66 6.81 6.34 6.19
5.52 5.50 5.49 5.49 5.60 5.87 6.15 6.24 6.16 5.98 5.82 5.76 5.73 5.75 5.82 5.81 5.59 5.38 5.39 5.69 6.03 6.08 6.09 6.48 7.02 7.54 7.82 7.74 7.37 7.13 6.97 6.73 6.55 6.55 6.49 6.18 5.79 5.59 5.55 5.65 5.83 6.02 6.20 6.39 6.58 6.86 6.87 6.63 6.67 7.09 7.56 8.05 8.40 8.45 8.33 8.05 7.49 6.73 5.97 5.30 4.79 4.51 4.48 4.79 5.36 6.00 6.46 6.64 6.64 6.52 6.34 6.17 5.92 5.63 5.43 5.42 5.71 6.42 7.54 8.20 7.74 6.75 6.16 5.93
5.48 5.37 5.30 5.27 5.30 5.48 5.65 5.63 5.48 5.28 5.11 5.03 5.07 5.22 5.39 5.43 5.36 5.28 5.30 5.60 6.06 6.16 5.89 5.90 6.52 7.35 8.02 8.26 8.01 7.58 7.12 6.42 5.77 5.60 5.78 5.86 5.74 5.60 5.57 5.69 5.87 6.08 6.30 6.46 6.46 6.61 6.71 6.44 6.36 6.78 7.28 7.66 7.84 7.62 7.14 6.92 6.73 6.32 5.86 5.45 5.04 4.72 4.62 4.86 5.33 5.89 6.44 6.71 6.69 6.47 6.17 5.95 5.73 5.52 5.41 5.45 5.65 6.12 7.12 8.04 7.76 6.63 5.80 5.42
