project/data/elevation/US_DEM2016/US_DEM2016_point_11-01-2019_1321_30m_ang.asc
ncols	125
nrows	167
xllcorner	-2042055.000000
yllcorner	1465035.000000
cellsize	30.000000
NODATA_value	-9999.000000
[rows 88 to 131 of 167, columns 0 to 95 of 125]
344 347 349 347 346 344 342 340 337 336 337 340 344 349 356 3 5 2 360 357 354 351 347 346 345 345 346 348 349 348 349 353 356 357 356 353 350 352 356 358 357 356 354 352 348 342 338 339 345 349 352 354 356 355 354 352 351 350 350 350 349 347 346 343 341 340 342 346 348 348 348 347 348 353 356 359 357 354 351 349 348 346 345 343 343 347 353 357 358 359 0 2 5 5 3 359
342 345 348 348 347 344 342 339 337 337 339 343 348 355 1 2 359 357 357 357 355 351 346 344 344 344 344 346 347 347 348 349 353 357 359 358 356 357 359 359 359 357 355 353 349 342 337 337 341 342 344 346 347 348 348 349 350 350 350 349 348 347 346 344 341 339 342 347 348 347 346 344 345 349 356 359 360 359 358 357 356 353 351 350 351 352 352 351 353 356 359 2 4 4 0 355
342 344 347 348 346 343 340 338 338 339 343 348 354 0 1 357 353 352 353 353 352 350 347 345 345 344 342 341 342 344 346 347 350 355 359 1 1 1 1 360 358 357 356 354 351 345 341 340 342 342 341 342 342 343 344 347 349 349 349 348 347 347 347 344 340 339 341 345 346 346 345 342 341 344 351 356 358 359 360 1 0 357 356 356 358 358 355 353 353 355 358 360 1 359 355 351
342 344 346 347 345 341 339 338 339 343 348 356 2 4 0 353 349 346 346 347 347 347 347 348 348 346 342 338 337 339 341 343 345 350 356 1 4 4 2 359 357 356 356 354 352 349 345 345 346 346 344 343 343 345 347 349 350 349 348 347 348 348 347 344 340 337 340 343 344 345 345 342 339 339 344 350 353 356 358 0 1 359 359 360 2 2 0 359 358 357 357 357 356 354 351 350
342 343 345 344 342 339 338 339 343 349 356 3 6 5 1 354 348 343 341 340 340 342 345 349 350 348 344 339 337 337 338 339 340 343 351 1 7 6 2 358 356 356 354 353 352 350 348 347 348 349 348 347 346 347 350 351 351 350 349 349 349 349 348 344 339 337 338 341 344 345 345 342 339 338 341 344 347 350 353 356 358 359 359 0 2 3 3 3 2 360 357 355 353 351 351 353
342 342 343 342 340 338 339 343 349 356 3 6 5 3 0 356 351 346 343 341 340 342 345 348 349 348 345 343 342 342 343 343 343 345 351 0 7 6 1 357 355 354 352 350 350 350 350 348 348 349 350 351 351 350 350 351 352 352 353 353 353 352 349 344 339 337 339 343 345 347 346 344 341 341 342 340 340 343 346 348 351 354 357 358 359 2 3 4 3 360 357 355 353 352 354 356
341 342 342 340 339 339 341 347 354 0 4 4 2 360 357 355 352 350 347 345 345 346 348 351 350 347 343 342 344 346 347 347 348 349 354 1 4 3 358 355 353 352 350 348 348 350 349 348 348 350 351 353 355 354 353 353 354 355 356 357 356 354 350 344 340 338 339 344 348 348 348 346 344 344 345 340 333 333 336 337 339 345 351 353 354 356 358 360 359 358 356 355 354 354 355 354
341 341 342 341 341 343 346 352 357 360 0 360 359 356 354 352 351 349 348 347 348 349 352 354 352 346 340 339 342 346 347 347 348 350 355 359 0 358 355 353 351 350 348 348 348 348 348 347 348 350 353 355 356 357 357 357 358 358 358 358 357 354 349 345 341 339 340 344 347 348 348 348 350 352 351 344 335 332 330 328 329 334 342 346 347 349 352 354 355 355 355 355 355 354 353 352
340 341 344 346 348 350 353 356 358 357 356 355 355 353 350 349 348 347 347 348 350 353 356 355 352 346 340 339 341 344 344 344 344 347 352 355 357 355 352 351 350 349 349 349 348 347 345 344 345 350 354 356 357 358 0 1 1 360 359 358 356 353 348 345 343 341 342 344 346 346 347 351 357 1 358 351 344 340 335 330 330 333 336 338 340 344 349 352 353 354 354 354 354 354 353 351
340 342 346 349 352 355 357 358 358 356 354 352 351 349 348 346 346 346 347 350 354 357 357 353 350 346 342 343 345 346 347 346 346 347 350 352 353 353 351 350 350 351 351 350 348 346 343 340 342 347 351 353 355 358 0 2 2 2 0 358 355 351 347 344 343 343 343 345 345 344 345 352 1 5 3 356 351 346 340 336 336 337 338 337 339 344 349 351 352 352 353 353 353 353 352 350
340 343 347 350 354 356 357 357 356 355 353 351 348 346 345 345 345 347 351 356 0 360 355 350 346 343 342 345 348 349 350 351 351 351 350 351 351 351 350 350 352 353 352 351 349 347 343 340 342 346 346 346 349 353 356 359 1 2 1 358 354 350 346 344 342 342 343 344 344 342 345 351 359 3 3 1 357 351 345 342 343 343 342 340 342 348 350 351 351 352 352 352 352 351 350 348
342 344 347 350 352 354 355 354 354 354 353 350 346 344 343 344 347 351 356 1 2 358 353 349 344 340 340 344 348 351 353 354 355 354 352 352 351 350 350 353 355 355 353 352 350 347 344 342 345 350 349 347 346 347 350 355 359 1 0 357 354 350 347 345 343 342 342 343 342 341 344 349 354 359 2 2 360 354 349 348 349 348 346 345 348 352 352 351 351 351 352 352 351 350 348 346
344 345 347 348 349 350 350 351 351 352 351 349 345 344 344 346 351 357 1 2 358 354 351 347 342 338 338 342 346 349 353 355 356 356 355 353 351 351 353 356 356 354 353 352 350 347 344 344 348 352 353 353 350 348 348 353 358 359 359 357 354 351 349 347 346 344 343 343 342 342 345 347 350 354 358 0 359 355 353 353 353 351 349 350 353 353 351 350 351 351 352 353 352 351 348 345
346 346 346 345 345 345 345 347 348 349 348 346 345 344 346 351 357 3 4 359 353 350 348 345 340 336 337 341 344 346 349 351 354 356 356 355 353 353 355 355 353 352 352 352 350 347 344 345 348 352 355 356 355 352 351 354 356 356 356 355 354 351 350 349 348 347 345 344 344 344 346 346 348 351 355 356 355 354 356 357 356 354 353 354 354 351 349 349 350 352 353 354 354 353 350 345
348 347 346 344 343 342 342 343 345 346 345 344 344 346 349 356 2 3 360 355 352 349 347 345 341 336 336 339 341 342 342 344 348 351 354 354 353 353 353 352 351 351 351 351 350 347 345 344 347 351 354 356 357 356 355 354 354 353 353 353 352 351 350 350 350 349 346 344 345 345 345 345 346 349 352 353 352 352 355 358 358 357 357 357 354 351 349 349 351 352 354 355 356 354 351 346
348 347 346 346 344 343 342 343 344 343 343 343 345 349 353 357 359 356 354 353 351 349 348 347 344 341 340 342 342 339 336 337 339 343 347 349 350 350 350 350 350 351 351 350 349 347 345 345 347 349 350 352 355 357 357 354 352 351 350 350 349 349 349 350 351 351 348 346 345 344 343 343 344 347 351 352 351 351 352 354 357 358 359 358 356 355 353 353 353 354 355 356 355 354 350 346
346 347 348 348 347 346 345 344 343 342 342 345 349 354 355 351 347 348 348 349 349 349 349 348 346 346 348 349 347 343 341 340 340 342 343 345 346 348 349 350 351 351 350 349 348 348 347 348 349 349 349 349 351 353 353 351 349 348 348 347 346 347 348 350 352 352 351 349 347 345 343 342 342 346 349 352 353 352 350 349 352 355 356 357 358 358 358 357 356 355 355 356 355 352 349 346
342 344 349 350 350 349 348 346 344 344 346 350 355 358 353 344 338 338 341 343 345 347 347 346 343 349 352 353 351 349 347 347 346 346 346 346 347 348 350 352 353 352 350 348 348 348 349 351 352 352 352 352 350 346 344 344 344 345 345 344 344 346 348 350 351 352 352 352 350 347 344 342 342 344 347 352 354 354 351 349 348 349 350 351 355 358 359 359 357 356 356 356 354 351 348 347
339 343 348 350 351 351 350 348 348 350 354 357 358 356 351 346 342 339 339 339 340 343 344 343 344 348 351 352 352 352 352 351 351 351 350 349 349 349 351 353 354 352 349 347 347 348 350 353 355 356 357 356 350 342 339 340 341 342 343 342 343 345 348 349 349 350 352 354 353 350 346 344 343 344 346 351 355 355 353 351 351 348 345 344 348 352 356 357 356 356 355 354 352 350 349 348
340 343 347 350 352 354 354 353 354 356 358 358 356 353 349 348 349 349 347 344 343 342 341 341 343 347 349 349 350 352 354 354 354 354 353 353 352 352 353 354 353 351 349 348 347 348 350 354 358 0 2 358 349 342 340 340 340 340 340 341 343 345 346 347 348 349 351 354 354 353 350 347 346 346 348 351 354 356 355 354 353 351 348 346 346 349 353 354 354 354 354 352 349 348 348 350
343 344 347 350 353 355 356 357 357 357 356 354 352 349 347 348 351 353 353 350 348 345 343 342 345 348 348 347 347 350 353 354 355 355 355 355 355 355 356 354 351 349 349 349 348 347 348 353 358 2 2 357 350 345 343 342 340 338 338 340 343 344 345 346 347 348 350 352 353 353 352 350 349 350 351 352 353 355 356 354 352 351 350 350 350 350 351 352 352 353 352 351 349 348 348 350
345 345 347 350 353 355 356 356 356 354 351 349 348 347 346 348 351 352 352 351 349 347 345 344 347 350 349 348 348 349 350 352 353 353 353 355 356 358 357 354 351 349 349 349 347 345 346 351 357 1 1 357 352 349 347 345 341 339 339 341 342 343 345 345 346 348 350 351 351 351 352 353 352 352 353 352 353 356 356 354 351 349 349 351 352 352 352 351 351 351 351 350 350 350 350 351
344 346 348 350 352 353 353 353 351 349 347 346 345 344 345 347 349 350 349 349 347 346 346 347 350 352 350 348 350 352 351 351 351 351 351 353 356 359 358 356 353 352 351 349 346 344 344 349 354 358 359 357 354 352 351 349 346 344 343 342 343 344 345 345 347 349 350 349 348 348 351 354 354 354 353 353 353 356 356 353 350 349 349 351 352 353 352 351 351 350 350 350 350 351 351 352
343 345 348 350 351 352 351 349 346 345 344 344 344 344 345 348 349 348 348 347 345 344 344 348 352 353 350 349 350 352 352 352 352 352 352 353 356 359 359 358 356 354 352 348 345 343 344 348 353 355 356 355 354 353 354 353 351 349 347 345 344 345 345 346 348 350 350 348 346 347 351 354 355 355 354 353 353 356 356 353 349 348 349 351 352 353 354 352 351 351 350 350 350 350 351 352
341 344 347 348 349 350 348 345 343 342 342 343 344 345 347 349 349 348 347 346 343 341 341 347 353 354 351 350 350 351 351 351 352 353 354 356 358 359 359 359 356 354 351 347 343 343 345 349 352 354 354 353 352 353 354 355 355 354 352 349 347 346 346 347 349 350 349 347 345 346 351 353 355 356 355 353 354 355 356 353 349 348 349 351 352 354 355 353 352 351 351 351 351 351 351 351
342 343 345 346 347 346 344 342 341 342 342 343 345 346 348 350 349 347 346 345 342 339 340 347 351 352 353 353 352 351 350 349 349 350 353 356 359 359 358 357 355 353 350 345 341 342 346 350 353 354 354 352 350 350 352 354 356 356 354 351 349 348 348 349 350 350 348 346 345 347 350 353 355 356 355 354 355 355 355 352 348 348 349 349 351 354 355 353 352 352 352 352 352 353 352 351
344 343 344 344 344 343 341 340 341 342 343 344 345 347 349 348 346 345 345 345 342 340 341 346 348 350 353 355 355 354 353 352 350 348 350 354 358 358 357 355 354 352 349 344 341 341 346 351 354 354 354 352 350 350 350 351 353 354 353 352 351 350 350 351 350 349 347 346 346 348 350 352 354 355 355 355 356 356 355 351 348 348 348 347 349 350 351 351 352 352 353 353 353 353 353 351
344 344 343 343 343 342 341 341 344 346 347 347 348 348 347 345 344 343 344 345 344 342 342 342 343 346 352 355 355 354 355 355 354 352 350 351 353 355 355 354 352 350 348 345 342 341 344 350 353 353 353 353 352 352 352 351 350 348 348 349 350 350 350 351 351 349 348 347 347 348 350 353 354 355 356 356 357 357 355 352 349 348 347 346 346 345 347 349 351 352 352 353 353 353 353 352
343 344 344 344 343 342 342 344 348 350 352 352 351 349 346 344 343 343 344 345 347 347 345 340 338 342 349 354 354 352 353 356 357 357 354 351 351 353 353 352 351 349 348 346 345 344 344 347 350 350 350 352 354 355 355 354 351 348 346 346 348 349 349 349 350 350 349 349 348 348 350 352 354 356 356 357 357 357 356 353 351 349 349 347 344 343 345 349 350 352 352 352 353 353 353 352
342 343 344 344 344 344 344 346 349 351 352 352 350 347 344 342 342 343 345 346 350 352 349 343 338 339 346 352 352 350 349 353 357 358 357 354 353 353 352 351 350 348 347 346 348 348 347 346 346 347 347 350 354 357 357 355 354 352 350 348 348 349 348 348 348 349 351 351 350 348 349 351 353 355 356 357 356 356 356 354 351 350 350 349 347 346 348 349 350 351 352 352 352 353 353 352
341 342 344 344 345 346 346 348 349 350 349 348 346 344 343 342 343 344 345 348 351 352 351 348 343 342 346 351 351 349 347 347 351 355 357 356 356 355 353 351 350 347 345 346 349 352 351 346 343 343 345 348 352 356 356 355 355 354 354 353 351 350 349 348 347 349 352 352 350 348 349 350 352 354 355 356 356 356 355 353 351 350 351 350 350 351 352 351 350 351 351 351 351 352 352 351
341 342 343 344 346 347 348 349 349 348 345 343 342 341 341 342 344 345 346 349 350 350 350 348 346 346 348 351 352 351 349 345 345 349 354 357 357 356 354 352 350 347 344 345 350 355 354 348 343 341 343 346 350 353 354 354 354 354 356 356 355 353 352 350 349 350 352 350 348 348 350 351 353 354 354 354 355 355 353 351 349 349 350 351 352 354 354 353 351 351 351 351 351 351 351 350
342 342 343 344 346 347 348 349 348 345 342 341 341 341 341 343 345 346 348 350 350 350 348 346 345 347 348 350 351 352 352 349 345 345 349 354 356 355 353 351 349 346 344 345 351 356 355 350 345 341 341 344 348 350 353 354 354 354 355 356 357 356 354 353 353 352 351 349 347 348 350 353 354 355 354 354 354 353 352 350 349 349 349 350 352 354 354 353 352 352 351 350 350 350 349 349
343 343 343 344 346 347 348 349 347 344 341 340 341 342 343 345 347 348 351 352 351 350 348 345 345 346 347 348 350 352 353 352 349 347 348 351 354 353 352 350 348 346 344 347 352 356 355 351 346 342 340 342 345 348 351 354 355 355 354 356 358 357 356 355 354 352 351 349 348 348 350 353 355 356 355 354 354 352 351 350 349 348 349 351 352 353 353 353 352 352 351 350 349 348 348 348
344 343 343 345 346 346 346 347 346 343 341 341 342 343 345 347 349 350 351 351 351 350 349 347 345 345 345 346 348 352 353 353 351 350 350 350 351 351 350 349 346 345 346 350 355 355 354 351 347 342 339 338 340 345 349 354 356 355 355 356 357 357 356 354 352 351 350 349 348 349 351 353 355 356 356 355 353 351 350 350 349 348 348 350 352 353 353 352 352 351 350 349 349 348 347 347
343 343 343 344 345 345 344 344 343 342 342 342 341 342 346 349 350 350 350 350 350 350 350 348 346 346 345 344 346 350 353 353 352 351 351 350 350 351 350 348 345 345 349 355 356 354 353 351 347 343 338 335 335 340 346 351 354 355 356 357 356 356 356 354 351 350 349 349 348 350 353 355 356 357 356 354 352 351 351 351 350 347 347 348 350 351 353 352 351 350 349 349 348 348 348 347
345 344 343 344 344 344 343 341 340 341 342 342 341 343 347 349 348 348 349 349 351 350 349 347 346 347 347 345 345 349 353 354 352 350 350 350 351 351 350 347 346 348 355 358 356 353 351 349 347 344 340 337 336 337 341 347 351 353 355 355 355 355 355 354 351 349 349 349 348 350 354 356 358 358 357 354 352 352 353 353 350 347 346 347 347 349 351 351 349 348 348 348 348 349 349 349
345 345 344 345 344 343 342 340 340 341 342 342 342 345 347 347 347 348 350 351 351 349 346 344 345 348 349 348 347 349 353 354 352 350 349 350 351 351 349 348 349 353 357 358 356 355 352 349 347 345 343 341 340 340 341 344 348 351 353 354 354 354 354 352 350 350 350 350 349 350 354 358 0 360 358 355 354 353 353 353 351 348 346 345 345 347 349 348 347 347 347 348 348 349 350 350
343 344 346 346 345 343 341 340 340 341 342 343 345 347 346 346 347 350 351 351 349 346 343 343 345 349 350 350 350 350 352 354 353 351 349 349 348 349 349 349 352 354 355 356 356 356 354 351 348 346 344 343 342 342 342 343 346 350 352 353 354 353 352 350 349 350 350 350 350 351 355 359 2 1 359 357 355 353 351 352 352 349 346 345 346 348 347 345 344 345 346 347 348 349 350 351
341 344 347 347 345 342 341 341 341 341 341 344 347 348 348 347 349 350 351 349 348 346 342 342 345 348 349 351 352 351 352 354 354 353 351 348 347 347 348 350 351 352 353 354 355 355 354 353 351 348 346 344 343 342 343 343 345 348 351 353 353 353 351 349 349 350 350 349 349 353 358 2 3 2 1 360 358 355 351 350 350 348 346 346 349 350 345 342 342 344 346 347 347 348 349 350
344 345 346 346 343 341 340 341 341 341 342 344 348 350 350 349 350 350 348 347 347 346 344 343 344 346 348 350 352 351 351 353 355 354 352 349 348 348 349 350 350 351 353 353 353 352 352 353 354 352 349 348 346 345 344 344 344 346 350 353 353 352 351 350 350 350 348 347 350 356 2 4 4 3 1 360 359 357 354 351 348 345 345 348 352 350 343 340 341 343 345 346 347 347 348 348
350 348 346 344 342 340 340 341 342 342 343 345 349 351 350 350 349 348 347 346 347 347 347 347 345 345 347 350 351 350 350 352 354 354 352 350 349 348 349 349 350 351 351 350 350 349 350 352 355 355 353 350 348 347 347 345 344 345 349 352 353 352 351 351 350 348 346 347 352 360 4 5 4 3 2 359 357 356 355 352 348 344 345 350 352 347 343 342 344 345 345 346 346 346 347 348
354 351 347 345 343 342 341 341 342 343 344 346 348 349 348 348 347 346 346 346 347 348 349 348 346 345 347 349 350 350 351 351 353 353 351 350 349 348 348 349 351 351 350 348 347 346 347 351 355 357 356 352 349 349 348 347 346 346 348 351 352 352 352 352 349 347 346 349 356 2 4 4 4 3 1 359 356 354 353 351 348 345 346 348 348 346 346 347 348 347 346 346 346 346 346 347
354 351 347 345 345 345 344 343 342 343 344 345 346 346 346 347 346 346 346 348 349 350 350 347 345 345 347 348 349 350 352 352 352 353 353 352 349 347 347 349 351 350 349 347 345 345 346 350 355 358 356 352 350 350 350 348 347 347 348 350 351 352 352 351 349 347 348 353 359 3 4 4 3 1 359 358 357 354 351 348 346 346 346 348 348 348 349 351 352 349 347 346 345 345 346 346
