project/data/elevation/US_DEM2016/US_DEM2016_point_10-28-2019_0644_30m_vel.asc
ncols	125
nrows	167
xllcorner	-2042055.000000
yllcorner	1465035.000000
cellsize	30.000000
NODATA_value	-9999.000000
[rows 0 to 34 of 167, columns 0 to 78 of 125]
9.59 8.21 6.28 6.21 7.97 10.73 13.32 14.96 15.44 15.51 15.59 16.09 16.84 16.70 15.84 15.04 14.10 13.56 13.68 14.30 14.72 14.67 14.46 14.43 14.42 14.16 13.74 12.83 11.84 10.75 9.60 8.48 7.52 6.68 5.98 5.77 6.40 7.69 9.15 10.20 10.85 11.31 11.63 11.66 11.13 10.19 9.31 9.35 10.06 10.75 10.94 11.13 11.27 11.60 11.90 12.22 12.10 11.08 10.04 9.28 8.89 9.01 9.71 10.97 11.83 12.14 11.88 10.84 9.15 8.01 7.56 7.63 8.05 8.64 9.21 9.59 9.93 10.71 11.73
9.59 8.21 6.28 6.21 7.97 10.73 13.32 14.96 15.44 15.51 15.59 16.09 16.84 16.70 15.84 15.04 14.10 13.56 13.68 14.30 14.72 14.67 14.46 14.43 14.42 14.16 13.74 12.83 11.84 10.75 9.60 8.48 7.52 6.68 5.98 5.77 6.40 7.69 9.15 10.20 10.85 11.31 11.63 11.66 11.13 10.19 9.31 9.35 10.06 10.75 10.94 11.13 11.27 11.60 11.90 12.22 12.10 11.08 10.04 9.28 8.89 9.01 9.71 10.97 11.83 12.14 11.88 10.84 9.15 8.01 7.56 7.63 8.05 8.64 9.21 9.59 9.93 10.71 11.73
10.33 8.89 6.82 6.27 7.15 9.09 11.21 12.76 13.69 14.22 14.68 15.19 15.41 15.37 15.01 14.67 14.22 13.93 13.82 13.80 13.98 13.86 13.77 13.84 13.90 13.74 13.15 12.23 11.31 10.44 9.59 8.70 7.85 7.12 6.41 5.95 6.07 6.72 7.73 8.82 9.58 10.08 10.45 10.85 11.07 10.93 10.55 10.29 10.51 10.77 10.82 10.87 11.00 11.07 11.19 11.53 11.87 11.76 11.13 10.15 9.27 8.78 9.06 9.74 10.41 10.93 11.27 11.22 10.67 9.69 8.97 8.62 8.52 8.58 8.74 9.01 9.34 9.82 10.36
12.04 10.34 7.94 6.90 6.70 7.20 8.08 8.92 9.77 10.99 12.39 12.90 12.65 12.43 12.90 13.36 13.35 13.44 13.35 13.07 12.96 12.73 12.60 12.61 12.71 12.69 12.22 11.51 10.84 10.36 9.95 9.44 8.91 8.46 7.90 7.15 6.48 6.08 6.05 6.71 7.96 8.95 9.66 10.36 11.12 11.73 11.99 11.77 11.39 11.01 10.77 10.50 10.37 10.05 9.81 9.69 10.09 10.90 11.43 11.45 10.80 9.75 8.86 8.37 8.11 8.43 9.37 10.46 11.09 11.16 10.82 10.19 9.45 8.74 8.27 8.18 8.29 8.27 8.15
13.03 11.30 8.90 7.77 7.15 6.83 6.70 6.79 7.10 8.09 9.55 10.43 10.44 10.35 11.04 11.76 11.71 11.70 12.19 12.68 12.73 12.27 11.92 11.65 11.49 11.54 11.57 11.36 11.13 11.01 10.91 10.74 10.52 10.26 9.84 9.12 8.19 7.29 6.49 6.45 7.44 8.75 9.91 10.82 11.27 11.68 12.08 12.28 12.02 11.49 11.12 10.71 10.14 9.47 8.87 7.91 7.50 7.89 9.05 10.45 11.13 10.85 9.83 8.51 7.54 7.06 7.16 7.81 8.75 9.46 9.75 9.64 9.23 8.65 8.08 7.72 7.52 7.27 6.99
13.14 11.65 9.53 8.55 7.84 7.18 6.49 5.89 5.66 6.07 7.15 8.39 9.00 9.27 10.25 11.33 11.45 10.97 11.31 11.99 12.16 11.77 11.40 10.94 10.64 10.88 11.22 11.38 11.52 11.72 11.93 11.99 11.85 11.49 11.04 10.44 9.67 8.80 7.83 7.06 6.93 7.45 8.59 9.89 10.72 11.16 11.49 11.83 11.83 11.59 11.35 11.15 10.82 9.91 8.74 7.62 7.07 6.97 7.34 8.17 9.32 10.02 9.78 8.72 7.68 6.91 6.44 6.31 6.54 6.99 7.49 7.84 7.94 7.84 7.58 7.24 6.94 6.69 6.52
13.12 11.99 10.24 9.49 8.77 7.87 6.81 5.61 4.85 4.69 5.24 6.54 7.60 8.45 9.68 11.15 11.94 11.47 10.84 10.64 10.73 10.86 10.88 10.61 10.52 10.79 11.09 11.21 11.37 11.79 12.27 12.56 12.41 12.11 11.77 11.41 10.94 10.30 9.35 8.11 7.01 6.56 6.81 7.75 8.89 9.53 9.84 10.10 10.49 10.72 10.95 11.23 11.35 11.25 10.62 9.69 9.27 8.95 8.55 8.23 8.20 8.54 8.71 8.37 7.75 7.10 6.52 6.16 6.13 6.35 6.70 7.05 7.26 7.30 7.16 6.84 6.44 6.11 6.00
12.81 12.21 11.31 10.69 9.99 8.69 7.28 5.86 4.82 4.44 4.43 5.00 6.19 7.42 8.66 10.17 11.46 11.43 10.34 9.40 9.17 9.67 10.28 10.59 10.69 10.88 11.13 11.13 11.06 11.36 12.00 12.53 12.74 12.83 12.94 13.14 13.10 12.64 11.72 10.38 8.76 7.22 6.30 6.02 6.43 7.34 7.88 8.19 8.78 9.62 10.27 10.92 11.54 12.30 12.69 12.52 11.82 11.10 10.31 9.41 8.57 8.13 8.12 8.14 7.93 7.45 6.81 6.35 6.32 6.59 6.90 7.15 7.28 7.25 7.11 6.88 6.51 6.07 5.80
12.57 12.51 12.52 12.07 11.25 9.95 8.42 7.09 6.13 5.35 4.89 4.88 5.51 6.47 7.37 8.58 9.96 10.45 9.80 8.87 8.44 8.75 9.42 10.06 10.39 10.64 11.08 11.43 11.38 11.29 11.74 12.49 13.22 13.95 14.74 15.45 15.75 15.48 14.77 13.61 11.96 9.97 7.96 6.52 6.10 6.64 7.70 8.37 8.91 9.38 9.79 10.05 10.41 11.14 12.00 12.35 11.95 11.18 10.36 9.58 8.87 8.39 8.18 8.28 8.44 8.29 7.64 6.92 6.61 6.77 7.12 7.39 7.50 7.54 7.59 7.67 7.64 7.42 6.98
12.06 12.76 13.48 13.20 12.38 11.40 10.04 8.97 8.25 7.65 6.83 6.15 5.97 6.11 6.37 7.17 8.45 9.39 9.53 9.11 8.68 8.49 8.74 9.33 9.89 10.24 10.67 11.25 11.65 11.76 12.11 12.79 13.68 14.49 15.18 15.73 16.10 16.23 16.17 15.81 14.96 13.51 11.59 9.46 7.86 7.77 8.47 9.28 9.65 9.64 9.59 9.04 8.50 7.93 8.49 9.55 10.10 9.96 9.59 9.19 8.81 8.49 8.19 8.23 8.91 9.38 9.11 8.33 7.49 7.07 7.31 7.83 8.22 8.53 8.86 9.20 9.50 9.64 9.43
11.57 12.37 13.74 13.97 13.44 12.83 12.11 11.59 11.13 10.52 9.67 8.59 7.47 6.58 6.12 6.23 7.36 8.71 9.58 9.80 9.60 9.25 9.12 9.40 9.86 10.17 10.32 10.69 11.48 12.30 12.82 13.21 13.51 13.61 13.45 13.23 13.54 14.38 15.22 15.80 15.96 15.49 14.37 12.48 10.31 9.01 8.76 9.26 9.65 9.66 9.42 8.84 7.88 6.95 6.74 7.31 8.28 8.89 9.08 9.05 8.86 8.60 8.31 8.25 8.98 10.06 10.50 9.98 8.94 7.92 7.91 8.67 9.37 9.79 10.26 10.73 11.12 11.28 11.19
10.26 10.93 12.62 13.93 14.45 14.46 14.29 14.13 13.95 13.32 12.40 11.27 9.90 8.24 6.87 6.48 7.12 8.39 9.58 10.27 10.45 10.31 10.05 9.98 10.14 10.44 10.68 11.01 11.68 12.43 12.66 12.53 12.13 11.58 10.85 10.33 10.55 11.45 12.53 13.52 14.38 15.07 15.22 14.47 12.75 10.68 9.52 9.31 9.32 9.26 8.99 8.91 8.52 7.71 6.99 6.81 7.38 8.24 8.88 9.16 9.13 9.01 8.91 8.85 9.20 10.07 10.97 11.15 10.47 9.56 9.11 9.55 9.99 10.43 10.84 11.12 11.15 10.96 10.44
9.28 9.07 9.94 12.14 13.85 14.68 14.86 14.82 14.85 14.58 13.97 13.14 12.13 10.54 8.86 7.91 7.86 8.35 9.03 9.78 10.40 10.63 10.46 10.20 10.22 10.52 10.89 11.12 11.20 11.12 10.80 10.15 9.40 8.81 8.47 8.45 8.67 9.00 9.36 10.13 11.18 12.43 13.75 14.52 14.23 12.68 10.85 9.89 9.21 8.51 8.12 8.22 8.06 7.64 7.13 6.87 7.14 7.93 8.85 9.49 9.73 9.71 9.68 9.61 9.51 9.73 10.62 11.54 11.67 11.12 10.59 10.44 10.61 10.83 10.79 10.34 9.58 8.74 8.06
10.20 9.39 8.78 9.52 11.09 12.43 12.98 13.10 13.08 13.14 13.23 13.16 12.94 12.31 11.20 9.88 9.02 8.60 8.44 8.66 9.42 10.03 10.10 9.87 9.75 9.73 9.71 9.46 8.85 8.16 7.60 7.07 6.73 6.53 6.48 6.65 6.70 6.69 6.80 7.22 7.92 8.91 10.33 12.03 13.27 13.12 11.90 10.64 9.82 8.84 7.96 7.36 7.14 7.15 7.08 7.06 7.32 7.97 8.90 9.86 10.44 10.51 10.28 10.10 9.95 9.99 10.66 11.74 12.37 12.21 11.70 11.36 11.18 10.82 10.04 8.84 7.65 7.13 7.10
11.03 10.90 9.79 8.65 8.18 8.75 9.35 9.40 9.19 9.43 10.02 10.77 11.34 11.81 11.87 11.23 10.14 9.17 8.44 8.09 8.44 9.13 9.42 9.26 8.83 8.27 7.69 7.10 6.42 5.82 5.60 5.82 6.22 6.35 6.06 5.60 5.28 5.39 5.64 5.80 5.93 6.27 7.06 8.55 10.48 12.15 12.14 11.52 10.93 10.20 8.92 7.82 7.45 7.56 7.71 7.78 7.88 8.24 8.93 9.94 10.95 11.35 11.29 11.11 11.05 11.24 11.70 12.41 13.06 13.08 12.54 11.94 11.21 10.12 8.98 8.01 7.49 7.32 7.59
10.88 10.99 10.41 8.99 7.05 6.14 6.03 5.89 5.72 5.67 5.98 6.57 7.54 8.72 10.10 10.88 10.68 9.82 8.91 8.31 8.34 8.78 9.06 8.86 8.24 7.44 6.75 6.41 6.25 5.94 5.69 6.02 6.90 7.50 7.33 6.83 6.28 6.01 6.20 6.51 6.50 6.44 6.80 7.91 9.57 11.52 12.30 12.34 11.94 11.10 10.02 9.20 8.82 8.86 8.91 8.87 8.76 8.81 9.29 10.28 11.38 12.37 12.86 12.88 12.77 12.95 13.32 13.83 14.40 14.50 13.81 12.56 11.04 9.89 9.24 8.92 8.76 8.58 8.62
10.27 9.87 9.46 8.91 7.35 6.02 5.37 5.04 4.76 4.76 4.88 5.09 5.57 6.51 7.90 9.49 10.31 10.18 9.60 9.17 9.08 9.15 9.18 8.95 8.45 7.85 7.41 7.33 7.51 7.51 7.05 6.66 7.12 8.21 8.85 8.94 8.56 7.96 7.72 8.08 8.51 8.83 9.16 9.93 11.02 12.02 12.61 13.06 12.97 12.23 11.16 10.45 10.12 10.02 10.00 10.07 9.99 10.08 10.51 11.27 12.35 13.50 14.36 14.70 14.52 14.28 14.40 14.90 15.59 15.75 15.15 13.85 11.91 11.04 10.96 10.98 10.83 10.46 10.18
10.76 10.02 9.23 8.87 8.41 7.66 6.96 6.62 6.65 7.01 7.37 7.55 7.71 7.80 8.04 8.62 9.55 10.14 10.20 10.09 9.92 9.70 9.48 9.28 8.99 8.68 8.47 8.40 8.62 9.01 8.92 8.13 7.74 8.34 9.40 10.25 10.48 10.09 9.56 9.66 10.40 10.98 11.42 11.74 11.91 11.89 12.21 13.02 13.47 13.21 12.26 11.35 10.89 10.83 10.91 11.07 11.31 11.40 11.81 12.49 13.21 13.84 14.48 14.97 15.03 14.66 14.23 14.19 14.87 15.68 16.18 16.11 14.82 14.08 14.08 14.22 14.22 13.79 13.36
11.44 11.11 10.29 9.67 9.58 9.65 9.55 9.62 10.05 10.57 11.03 11.30 11.20 10.55 9.63 9.08 9.32 9.99 10.41 10.52 10.44 10.25 10.03 9.82 9.58 9.37 9.21 9.09 9.25 9.89 10.46 10.33 9.79 9.53 9.99 11.05 11.99 12.18 11.94 11.84 12.10 12.42 12.46 12.06 11.23 10.43 10.43 11.45 12.81 13.23 13.01 12.30 11.83 11.68 11.72 11.73 11.90 12.14 12.58 12.88 12.88 12.72 12.76 13.23 13.82 14.03 13.66 12.99 12.92 14.00 15.95 17.21 17.81 17.65 17.53 17.94 18.36 18.35 17.98
11.52 11.24 10.52 9.85 10.22 10.78 11.43 12.15 12.83 13.21 13.36 13.33 13.08 12.30 11.31 10.41 10.05 10.22 10.54 10.71 10.80 10.86 10.85 10.72 10.37 10.02 9.87 9.80 9.82 10.31 11.29 12.05 12.34 12.39 12.48 12.94 13.53 13.74 13.70 13.55 13.30 12.86 12.17 11.20 10.06 9.12 8.91 9.70 11.49 12.68 13.15 13.08 12.84 12.53 12.33 12.08 12.17 12.46 12.45 12.20 11.49 10.72 10.29 10.50 11.35 12.23 12.56 12.13 11.39 11.68 13.65 15.86 17.33 17.92 18.36 19.16 19.74 19.89 19.68
11.46 10.92 9.99 9.78 10.55 11.68 12.60 13.28 13.72 13.73 13.49 13.28 13.13 12.79 12.34 11.68 11.06 10.72 10.76 10.98 11.24 11.56 11.88 12.03 11.82 11.32 11.12 11.04 10.94 11.16 12.05 13.24 14.14 14.68 14.88 14.75 14.53 14.28 14.01 13.65 12.97 11.95 10.82 9.83 9.14 8.76 8.70 9.37 10.92 12.33 13.41 14.03 14.15 13.84 13.31 12.84 12.65 12.29 11.83 10.95 9.85 8.78 7.92 7.49 8.05 8.77 9.47 9.67 9.22 9.08 9.89 11.67 13.48 14.73 15.76 16.62 17.09 17.26 17.61
12.35 11.53 10.75 11.15 12.01 12.73 13.04 13.14 13.08 12.60 12.21 12.04 11.96 12.10 12.20 11.98 11.52 11.08 11.05 11.42 11.99 12.67 13.31 13.75 13.82 13.48 13.14 12.97 12.89 12.99 13.51 14.21 14.75 14.93 14.75 14.34 13.89 13.29 12.80 12.11 11.20 10.28 9.46 8.83 8.65 8.86 9.32 10.22 11.14 12.38 13.46 14.16 14.69 15.06 14.64 13.84 12.95 12.01 11.03 9.68 8.37 7.17 5.79 4.85 4.67 4.83 5.04 5.48 5.76 5.68 6.33 7.25 8.39 9.40 10.34 11.31 11.44 11.72 12.44
12.73 12.83 13.33 13.67 13.61 13.38 12.82 12.27 11.66 11.26 11.07 10.86 10.75 10.91 11.21 11.41 11.33 11.18 11.36 11.85 12.60 13.42 14.18 14.83 15.08 15.05 14.87 14.76 14.75 14.77 14.68 14.40 13.96 13.37 12.62 12.01 11.79 11.42 10.87 10.04 9.18 8.81 8.66 8.71 8.93 9.25 9.90 10.57 11.31 12.24 12.85 13.47 14.17 14.89 15.08 14.43 13.17 11.76 10.32 8.98 7.67 6.21 4.94 3.93 3.26 3.04 2.94 2.95 3.16 3.51 3.92 4.43 5.01 5.63 6.08 6.90 7.55 8.27 9.06
12.17 13.13 14.39 14.52 14.05 13.30 12.34 11.62 10.74 10.45 10.41 10.18 10.01 10.04 10.29 10.71 10.98 11.18 11.44 11.62 11.82 12.18 12.80 13.70 14.37 14.82 15.06 15.15 15.12 14.85 14.16 13.05 11.80 10.96 10.40 9.97 9.64 9.30 8.88 8.53 8.26 8.26 8.52 9.05 9.44 9.83 10.32 10.68 11.14 11.53 11.66 11.89 12.46 13.32 14.03 14.07 13.32 12.06 10.58 9.40 8.27 6.92 5.78 4.81 4.04 3.69 3.61 3.63 3.70 3.57 3.33 3.18 3.11 3.41 3.83 4.48 5.50 6.68 7.45
11.33 12.26 13.56 13.90 13.59 12.71 11.81 11.09 10.44 10.06 9.89 9.60 9.46 9.48 9.75 10.22 10.72 11.03 11.10 10.81 10.36 10.07 10.27 11.01 12.22 13.22 13.86 14.08 13.87 13.23 12.15 10.81 9.54 8.83 8.49 8.15 7.77 7.65 7.70 7.88 8.22 8.68 9.23 9.55 10.07 10.72 10.97 11.09 10.98 10.70 10.62 10.84 11.25 11.84 12.58 13.22 13.38 12.93 11.83 10.62 9.61 8.67 7.78 7.02 6.38 5.91 5.84 5.74 5.27 4.55 3.70 3.09 2.62 2.31 2.51 3.10 3.92 4.77 5.45
10.62 10.73 11.59 12.57 13.00 12.69 11.74 10.64 10.05 9.66 9.31 9.07 8.91 8.96 9.38 9.96 10.56 10.89 10.91 10.64 10.27 10.03 10.14 10.64 11.49 12.18 12.49 12.39 11.92 11.18 10.24 9.33 8.39 7.68 7.18 6.96 7.08 7.36 7.52 7.82 8.57 9.48 9.92 10.28 10.85 11.42 11.76 11.69 11.09 10.36 9.94 9.97 10.24 10.78 11.64 12.55 13.40 13.80 13.44 12.41 11.41 10.64 9.95 9.36 8.87 8.52 8.20 7.56 6.57 5.69 4.99 4.15 3.29 2.65 2.42 2.59 2.76 2.90 3.44
10.19 9.92 10.10 11.18 12.51 13.22 12.85 11.51 10.53 10.00 9.51 9.28 9.16 9.16 9.46 10.03 10.63 11.14 11.45 11.54 11.61 11.81 12.14 12.37 12.25 11.84 11.32 10.77 10.20 9.76 9.24 8.69 8.22 7.87 7.51 7.25 7.45 8.06 8.34 8.36 8.87 9.60 10.25 10.89 11.40 11.88 12.18 12.08 11.47 10.48 9.44 8.85 9.05 9.81 10.88 12.11 13.26 14.23 14.62 14.28 13.58 12.94 12.50 12.13 11.71 11.09 10.30 9.54 8.73 8.05 7.14 6.07 4.87 4.06 3.53 3.13 2.77 2.55 2.81
9.95 9.56 9.31 10.05 11.56 13.20 13.93 13.33 12.24 11.56 11.11 10.70 10.61 10.56 10.52 10.56 10.89 11.46 12.06 12.48 12.75 12.92 12.89 12.54 11.81 10.87 10.08 9.46 8.93 8.78 8.86 8.78 8.61 8.72 8.81 8.67 8.53 8.93 9.45 9.38 9.26 9.54 10.28 10.99 11.52 11.90 12.09 12.14 11.92 11.08 9.58 8.40 8.31 9.07 10.19 11.43 12.63 13.92 14.76 15.03 15.09 15.13 15.45 15.72 15.33 14.51 13.30 12.25 11.71 11.02 9.63 8.02 6.83 6.15 5.52 4.70 4.01 3.65 3.59
9.59 8.89 8.30 8.78 9.96 12.13 13.79 14.22 13.55 12.81 12.37 11.91 11.75 11.76 11.68 11.36 11.13 11.30 11.80 12.24 12.38 12.14 11.49 10.58 9.75 9.12 8.77 8.52 8.32 8.43 8.84 9.36 9.63 9.68 9.90 10.10 9.98 9.96 10.41 10.40 10.04 9.92 10.42 10.85 11.26 11.42 11.44 11.71 12.16 12.09 10.98 9.34 8.49 8.68 9.30 10.44 11.86 13.29 14.20 14.78 15.12 15.59 16.40 17.16 17.80 17.70 16.78 15.64 14.56 13.48 12.14 10.60 9.53 8.64 7.79 6.95 6.32 5.91 5.55
9.66 9.05 8.32 8.22 8.83 10.43 12.59 13.93 13.98 13.23 12.34 11.56 11.23 11.26 11.40 11.33 10.96 10.83 10.92 10.90 10.64 10.02 9.14 8.31 7.75 7.46 7.49 7.74 8.00 8.43 9.26 10.15 10.64 10.82 10.89 11.11 11.27 11.24 11.21 11.24 11.07 10.85 10.65 10.62 10.52 10.31 10.16 10.67 11.87 12.77 12.64 11.49 9.80 9.15 9.31 10.24 11.63 12.94 13.56 13.89 13.92 14.41 15.21 16.16 17.39 18.17 18.21 18.00 17.29 16.39 15.65 14.83 13.64 11.94 10.36 9.55 9.15 8.80 8.02
10.40 10.29 9.72 8.96 8.80 9.48 11.20 13.07 14.01 13.80 12.70 11.53 10.78 10.41 10.43 10.61 10.47 10.42 10.16 9.47 8.60 7.79 7.13 6.64 6.33 6.22 6.27 6.47 7.02 8.10 9.37 10.25 10.98 11.48 11.73 11.90 11.98 11.86 11.66 11.58 11.60 11.29 10.95 10.48 9.83 9.01 8.88 9.49 10.75 12.40 13.22 12.94 11.71 10.50 10.26 10.67 11.39 12.25 12.68 12.69 12.35 12.02 11.83 12.43 13.90 15.73 17.14 18.16 18.78 18.77 18.73 18.45 17.58 16.07 14.09 12.84 12.03 11.12 9.87
10.42 10.31 10.16 9.63 9.13 9.16 10.13 11.94 13.62 14.38 14.06 12.96 11.90 11.00 10.46 10.19 10.18 10.07 9.44 8.39 7.40 6.78 6.38 6.09 5.92 5.94 5.87 5.53 5.52 6.39 7.71 8.69 9.57 10.43 11.13 11.57 11.60 11.57 11.42 11.35 11.29 11.12 10.98 10.65 10.15 9.25 8.70 8.82 9.54 10.84 12.45 13.11 12.83 11.72 11.03 10.70 10.78 11.08 11.37 11.12 10.72 10.00 9.42 9.53 10.41 12.07 14.20 16.06 17.44 18.23 18.79 19.24 19.17 18.64 17.57 16.08 14.29 12.35 10.42
9.31 8.68 8.31 8.50 8.55 8.55 8.98 10.34 12.31 13.89 14.51 13.98 12.92 11.87 11.11 10.49 10.15 9.67 8.87 8.05 7.58 7.46 7.00 6.77 6.55 6.63 6.61 5.99 5.17 4.92 5.29 6.01 6.80 7.73 8.74 9.56 10.11 10.45 10.67 10.86 10.66 10.43 10.22 10.09 9.97 9.51 8.67 8.25 8.43 9.23 10.63 12.23 12.66 12.07 11.16 10.33 10.04 10.01 10.16 9.90 9.38 8.38 7.70 7.95 8.77 9.85 11.23 12.59 13.90 14.87 15.61 16.49 17.50 18.13 18.23 17.83 16.11 13.35 11.07
8.56 7.53 6.47 6.59 6.94 6.98 7.09 8.11 9.86 11.95 13.45 13.82 13.18 12.15 11.37 10.70 10.13 9.53 9.03 9.22 8.80 8.92 8.86 8.56 8.27 8.33 8.26 7.77 6.70 5.67 5.38 5.45 5.56 5.86 6.57 7.61 8.72 9.33 9.86 10.23 10.03 9.59 8.84 8.10 7.47 7.27 7.08 6.77 6.80 7.68 8.94 10.58 11.73 11.61 10.67 9.88 9.51 9.58 9.65 9.55 8.89 7.39 6.75 6.90 7.62 8.48 9.31 9.97 10.67 11.40 11.41 12.09 13.63 15.29 16.71 17.84 17.72 15.78 13.14
9.63 8.57 7.31 6.94 6.49 6.14 6.06 6.46 7.59 9.49 11.58 13.00 13.23 12.45 11.52 10.72 10.14 9.78 10.17 10.00 10.47 10.77 10.94 10.82 10.57 10.43 10.30 9.74 8.81 7.80 7.21 6.96 6.61 6.22 6.27 6.95 7.92 8.58 9.18 9.65 9.63 9.13 8.01 6.38 5.45 5.28 5.42 5.56 5.96 6.66 7.67 9.11 10.54 10.94 10.18 9.75 9.59 9.73 9.81 10.01 9.46 8.03 7.19 6.74 6.74 6.85 7.40 8.15 8.87 9.50 9.53 9.63 10.67 12.35 13.82 15.93 17.77 17.79 15.99
