project/data/elevation/US_DEM2016/US_DEM2016_point_10-30-2019_0528_30m_vel.asc
ncols	125
nrows	167
xllcorner	-2042055.000000
yllcorner	1465035.000000
cellsize	30.000000
NODATA_value	-9999.000000
[rows 76 to 113 of 167, columns 0 to 83 of 125]
5.85 5.92 6.11 6.29 6.45 6.71 7.09 7.41 7.46 7.21 6.89 6.80 7.08 7.57 7.97 8.28 8.41 8.26 7.88 7.57 7.45 7.33 7.15 7.00 6.84 6.54 6.20 6.28 6.70 7.04 7.05 6.74 6.11 5.60 5.47 5.52 5.50 5.30 5.02 4.80 4.73 4.91 5.23 5.46 5.63 5.55 5.25 4.88 4.66 4.64 4.63 4.57 4.55 4.70 5.00 5.28 5.44 5.46 5.50 5.59 5.57 5.35 4.98 4.72 4.59 4.53 4.69 5.12 5.89 6.48 6.58 6.55 6.87 7.41 8.02 8.72 9.38 9.67 9.38 8.58 7.20 5.35 4.39 4.14
5.88 5.96 6.21 6.36 6.53 6.90 7.13 7.02 6.52 5.85 5.50 5.70 6.26 6.95 7.51 7.86 7.89 7.62 7.23 6.91 6.76 6.74 6.76 6.80 6.79 6.59 6.18 6.05 6.29 6.81 7.20 7.27 6.97 6.65 6.42 6.18 5.83 5.39 5.02 4.89 4.96 5.08 5.17 5.22 5.36 5.32 5.11 4.81 4.53 4.39 4.35 4.33 4.32 4.54 4.94 5.31 5.55 5.65 5.71 5.65 5.37 4.96 4.79 4.93 5.23 5.50 5.68 5.99 6.63 7.48 7.95 8.33 8.90 9.54 10.03 10.35 10.36 10.01 9.33 8.64 7.72 6.24 4.98 4.18
5.76 5.70 5.90 6.05 6.13 6.27 6.21 5.91 5.72 5.43 5.53 5.88 6.47 7.14 7.56 7.70 7.55 7.24 6.90 6.59 6.40 6.34 6.39 6.46 6.48 6.34 5.99 5.78 5.85 6.25 6.84 7.29 7.37 7.18 6.88 6.49 6.01 5.51 5.22 5.08 4.97 4.79 4.68 4.74 4.87 4.74 4.25 3.78 3.57 3.51 3.60 3.85 4.25 4.71 5.13 5.44 5.68 5.76 5.67 5.42 5.12 4.93 5.00 5.41 6.02 6.44 6.82 7.39 8.18 8.74 9.14 9.45 9.87 10.30 10.38 10.22 9.72 8.91 8.45 8.43 8.46 7.98 6.99 5.88
5.57 5.34 5.46 5.69 5.68 5.61 5.61 5.74 5.95 6.21 6.48 6.84 7.36 7.80 7.90 7.71 7.37 7.01 6.71 6.42 6.19 6.07 6.05 6.10 6.13 5.99 5.58 5.22 5.07 5.25 5.68 6.37 6.80 6.83 6.61 6.31 5.96 5.50 5.16 4.83 4.50 4.24 4.19 4.48 4.73 4.58 3.96 3.49 3.49 3.75 4.13 4.62 5.11 5.42 5.54 5.53 5.42 5.21 4.84 4.50 4.49 4.72 5.07 5.69 6.45 7.18 7.98 8.65 8.95 9.11 9.12 9.12 9.26 9.26 9.06 8.71 8.11 7.47 7.21 7.53 8.14 8.49 8.27 7.54
5.39 5.19 5.34 5.74 5.86 5.82 5.92 6.24 6.66 6.95 7.28 7.69 8.09 8.14 7.88 7.41 6.91 6.53 6.27 6.04 5.86 5.77 5.74 5.78 5.86 5.78 5.29 4.52 3.94 3.91 4.11 4.70 5.43 5.94 6.08 6.01 5.94 5.66 5.40 5.11 4.89 4.79 4.88 5.21 5.46 5.38 4.85 4.43 4.48 4.86 5.32 5.66 5.82 5.82 5.61 5.42 5.15 4.86 4.62 4.49 4.63 4.96 5.41 6.12 6.92 7.76 8.41 8.59 8.47 8.27 8.06 7.87 7.67 7.33 7.13 7.13 7.06 6.83 6.53 6.39 6.81 7.67 8.22 8.16
5.35 5.27 5.48 5.97 6.24 6.31 6.39 6.63 6.99 7.34 7.73 8.05 8.09 7.78 7.28 6.75 6.26 5.80 5.52 5.34 5.25 5.30 5.42 5.51 5.68 5.75 5.31 4.12 3.17 2.83 2.77 3.02 3.70 4.66 5.32 5.70 5.82 6.01 6.06 6.07 6.13 6.23 6.37 6.50 6.63 6.59 6.22 5.80 5.71 5.73 5.71 5.62 5.55 5.49 5.47 5.46 5.54 5.72 5.93 6.00 6.06 6.17 6.44 6.93 7.45 7.82 7.79 7.39 7.19 7.19 7.09 6.92 6.69 6.31 6.21 6.35 6.58 6.70 6.54 6.08 5.91 6.33 7.27 7.90
5.61 5.60 5.69 5.86 6.08 6.30 6.52 6.80 7.15 7.51 7.80 7.82 7.50 6.96 6.45 6.08 5.75 5.37 5.00 4.79 4.74 4.78 4.87 5.11 5.43 5.74 5.62 4.68 3.32 2.72 2.51 2.56 2.89 3.50 4.44 5.25 5.61 6.01 6.28 6.56 6.83 7.04 7.13 7.11 7.17 7.24 7.06 6.67 6.32 5.93 5.59 5.47 5.56 5.69 5.71 5.74 5.99 6.27 6.60 6.86 7.02 7.15 7.31 7.44 7.52 7.33 6.88 6.60 6.60 6.74 6.70 6.51 6.23 5.91 5.83 5.93 6.18 6.46 6.55 6.33 5.86 5.65 6.08 7.04
5.85 5.91 5.91 5.80 5.86 6.15 6.50 6.88 7.22 7.44 7.47 7.22 6.75 6.29 5.92 5.65 5.44 5.21 4.89 4.58 4.38 4.31 4.34 4.57 5.04 5.58 5.90 5.62 4.67 4.01 3.75 3.70 3.58 3.65 4.21 4.96 5.32 5.72 6.09 6.47 6.74 6.83 6.82 6.76 6.88 7.13 7.17 6.91 6.54 6.22 6.13 6.20 6.22 6.16 5.99 5.94 6.14 6.14 6.35 6.76 7.15 7.37 7.46 7.33 7.03 6.66 6.46 6.57 6.71 6.71 6.55 6.23 5.73 5.25 4.96 5.07 5.37 5.70 5.97 6.12 5.89 5.39 5.18 5.89
5.82 5.91 6.01 6.02 6.09 6.30 6.60 6.93 7.14 7.15 6.94 6.55 6.13 5.81 5.55 5.30 5.11 4.99 4.79 4.43 4.13 4.02 4.06 4.31 4.83 5.52 6.14 6.47 6.51 6.34 6.05 5.59 5.10 4.74 4.67 5.04 5.53 5.97 6.33 6.44 6.33 6.19 6.18 6.34 6.55 6.90 7.13 7.18 7.19 7.18 7.02 6.81 6.52 6.27 6.05 6.04 6.11 6.22 6.50 6.80 7.10 7.23 7.19 6.91 6.49 6.22 6.26 6.52 6.60 6.52 6.32 5.99 5.31 4.43 3.81 3.70 3.96 4.36 4.79 5.19 5.40 5.17 4.68 4.83
5.73 5.82 6.02 6.25 6.44 6.62 6.76 6.85 6.86 6.72 6.41 6.01 5.67 5.43 5.22 4.99 4.75 4.61 4.42 4.13 3.99 4.08 4.31 4.69 5.23 5.81 6.39 6.92 7.36 7.57 7.50 7.08 6.42 5.83 5.58 5.72 6.17 6.56 6.50 6.17 5.83 5.76 5.98 6.26 6.45 6.77 7.16 7.47 7.74 7.87 7.65 7.18 6.74 6.44 6.15 6.12 6.28 6.44 6.55 6.60 6.64 6.64 6.58 6.43 6.13 5.95 5.93 6.03 6.02 6.02 6.10 6.11 5.66 4.66 3.66 3.18 2.93 2.91 3.17 3.59 4.16 4.49 4.27 4.16
5.77 5.90 6.17 6.43 6.62 6.69 6.62 6.48 6.40 6.26 6.00 5.68 5.38 5.14 4.93 4.70 4.47 4.30 4.26 4.01 4.05 4.33 4.75 5.19 5.67 6.09 6.46 6.80 7.10 7.32 7.46 7.51 7.22 6.64 6.22 6.16 6.32 6.31 5.94 5.58 5.44 5.52 5.66 5.82 5.97 6.28 6.72 7.06 7.37 7.61 7.66 7.47 7.19 6.84 6.41 6.22 6.57 6.09 6.12 5.96 5.88 5.86 5.94 5.99 5.90 5.73 5.58 5.49 5.46 5.59 5.90 6.36 6.54 6.20 5.20 4.19 3.37 2.82 2.50 2.84 2.84 3.32 3.49 3.44
5.85 5.99 6.19 6.32 6.32 6.21 6.09 6.07 6.10 6.03 5.77 5.49 5.20 4.91 4.60 4.39 4.39 4.47 4.55 4.55 4.52 4.60 4.86 5.25 5.66 5.97 6.19 6.37 6.43 6.37 6.57 7.05 7.41 7.31 6.90 6.40 6.61 5.50 5.24 5.26 5.25 5.15 5.04 5.09 5.34 5.59 5.84 5.98 6.14 6.35 6.51 6.68 6.78 6.76 6.55 6.26 5.99 5.73 5.61 5.61 5.60 5.68 5.82 5.87 5.82 5.64 5.48 5.36 5.28 5.44 5.79 6.34 6.93 7.34 7.32 6.57 5.68 4.82 4.13 3.60 3.28 3.21 3.24 3.28
5.87 5.96 6.03 5.98 5.85 5.77 5.87 6.13 6.23 6.03 5.65 5.29 4.98 4.67 4.42 5.33 4.70 5.16 5.37 5.38 5.23 5.05 5.05 5.22 5.41 5.53 5.64 5.83 5.99 5.92 5.96 6.34 6.97 7.35 7.29 6.70 5.86 5.31 5.10 5.21 5.16 5.03 4.97 5.06 5.19 5.17 5.09 4.85 4.62 4.47 4.58 4.77 5.07 5.47 5.70 5.80 5.77 5.73 5.74 5.82 5.90 5.95 5.90 5.80 5.72 5.60 5.48 5.42 5.35 5.49 5.76 6.06 6.61 7.37 8.00 8.17 7.94 7.48 6.91 6.24 5.52 4.99 4.87 4.68
5.85 5.92 5.97 5.93 5.88 5.98 6.23 6.39 6.26 5.87 5.36 4.86 4.48 4.26 4.25 4.43 4.82 5.21 5.48 5.64 5.65 5.53 5.38 5.22 5.05 4.90 4.91 5.17 5.57 5.83 5.87 5.90 6.14 6.66 6.99 6.82 6.15 5.66 5.37 5.36 5.39 5.46 5.50 5.49 5.38 5.18 4.90 4.39 3.77 3.46 3.42 3.52 3.75 4.25 4.85 5.35 5.65 5.83 5.95 6.05 6.08 5.94 5.72 5.53 5.46 5.41 5.35 5.37 5.37 5.45 5.58 5.68 5.95 6.47 7.12 7.79 8.19 8.32 8.29 8.12 7.78 7.35 6.95 6.58
5.83 5.89 6.00 6.09 6.20 6.38 6.48 6.30 5.87 5.32 4.75 4.14 3.72 3.61 4.92 3.67 3.81 4.10 4.60 5.05 5.39 5.51 5.36 4.99 4.61 4.40 4.40 4.60 4.86 5.11 5.27 5.26 5.32 5.74 6.36 6.67 6.37 5.99 5.72 5.74 5.81 5.89 5.92 5.93 5.87 5.73 5.52 5.15 4.61 4.18 4.08 4.28 4.72 5.21 5.59 5.78 5.87 5.93 5.92 5.87 5.76 5.54 5.37 5.26 5.19 5.11 5.03 5.10 5.17 5.18 5.19 5.23 5.21 5.19 5.46 5.97 6.66 7.21 7.69 8.07 8.20 8.10 7.93 7.72
5.82 5.87 6.00 6.17 6.35 6.45 6.28 5.81 5.18 4.55 4.04 3.65 3.47 3.39 3.19 2.92 2.83 3.04 3.45 3.96 4.42 4.77 4.83 4.71 4.61 4.57 4.49 4.37 4.20 4.08 4.16 4.32 4.51 4.90 5.62 6.25 6.33 6.05 5.85 5.94 6.00 6.08 6.20 6.44 6.56 6.60 6.56 6.45 6.33 6.17 5.94 6.08 6.41 6.62 6.58 6.25 5.97 5.81 5.62 5.38 5.20 5.08 5.01 5.00 4.93 4.78 4.67 4.77 4.83 4.80 4.81 4.83 4.65 4.32 4.21 4.41 4.87 5.39 5.91 6.45 6.95 7.22 7.29 7.41
5.83 5.89 6.03 6.22 6.33 6.17 5.71 5.07 4.46 4.00 3.75 3.70 3.73 3.75 3.62 3.33 3.08 3.01 3.13 3.38 3.69 4.01 4.33 4.65 4.94 5.10 5.08 4.84 4.55 4.38 4.34 4.43 4.58 4.75 5.07 5.65 6.01 5.97 5.92 6.04 6.14 6.30 6.55 6.89 7.05 7.19 7.28 7.30 7.33 7.44 7.47 7.31 7.02 6.62 6.24 6.00 5.82 5.61 5.29 4.94 4.68 4.59 4.63 4.70 4.75 4.71 4.67 4.70 4.66 4.59 4.62 4.71 4.58 4.14 3.71 3.52 3.72 4.04 4.27 4.57 5.05 5.53 5.69 5.74
5.83 5.87 5.98 6.07 5.93 5.49 4.85 4.26 3.87 3.72 3.75 3.86 4.00 4.18 4.33 4.36 4.21 4.02 3.99 4.14 4.35 4.60 4.87 5.13 5.28 5.45 5.69 5.90 6.01 6.01 5.94 5.86 5.79 5.62 5.29 5.37 5.74 6.00 6.21 6.38 6.51 6.71 6.94 7.13 7.12 7.18 7.33 7.44 7.51 7.63 7.70 7.56 7.11 6.41 5.95 5.91 5.87 5.62 5.22 4.81 4.54 4.44 4.56 4.75 4.94 5.04 5.06 4.99 4.77 4.64 4.60 4.76 4.76 4.31 3.55 2.86 2.64 2.74 2.81 2.97 3.37 3.97 4.17 4.10
5.82 5.82 5.75 5.54 5.07 4.41 3.79 3.45 3.41 3.55 3.75 4.00 4.26 4.54 4.91 5.33 5.60 5.71 5.82 5.97 6.10 6.16 6.12 5.94 5.71 5.64 5.91 6.28 6.58 6.65 6.57 6.40 6.17 5.89 5.47 5.43 5.73 6.17 6.57 6.78 6.90 6.98 7.01 6.95 6.78 6.76 6.98 7.23 7.41 7.49 7.39 7.34 7.31 7.17 6.84 6.45 6.12 5.81 5.51 5.28 5.15 5.07 5.12 5.23 5.32 5.31 5.22 5.13 4.97 4.93 4.93 5.05 5.03 4.52 3.50 2.46 1.92 1.74 1.76 1.86 2.05 2.47 2.92 3.12
5.81 5.79 5.60 5.13 4.44 3.79 3.38 3.24 3.39 3.67 3.98 4.39 4.83 5.25 5.71 6.27 6.73 7.11 7.35 7.40 7.24 6.95 6.57 6.25 6.02 5.86 5.79 5.68 5.60 5.57 5.43 5.29 5.20 5.14 5.22 5.52 5.92 6.36 6.73 6.88 6.88 6.77 6.55 6.32 6.22 6.23 6.44 6.74 7.02 7.21 7.17 7.12 7.17 7.24 7.13 6.71 6.25 5.91 5.70 5.60 5.61 5.67 5.66 5.66 5.63 5.47 5.20 5.12 5.19 5.41 5.49 5.52 5.56 5.12 3.95 2.89 2.25 1.92 1.78 1.71 1.72 1.85 2.21 2.67
5.81 5.77 5.55 5.15 4.73 4.42 4.26 4.18 4.23 4.39 4.64 5.02 5.55 6.10 6.61 7.05 7.41 7.63 7.63 7.39 6.97 6.50 6.14 6.03 6.14 6.18 5.96 5.49 5.09 4.92 4.86 4.83 4.94 5.02 5.23 5.65 6.09 6.41 6.60 6.63 6.52 6.30 6.00 5.75 5.66 5.70 5.79 5.97 6.17 6.23 6.28 6.34 6.38 6.37 6.32 6.22 6.00 5.76 5.57 5.44 5.48 5.67 5.77 5.83 5.84 5.75 5.53 5.40 5.48 5.66 5.69 5.75 6.11 6.14 5.23 4.15 3.34 2.84 2.62 2.49 2.40 2.38 2.57 3.03
5.75 5.67 5.42 5.37 5.28 5.29 5.31 5.38 5.50 5.58 5.61 5.83 6.29 6.86 7.32 7.53 7.53 7.30 6.87 6.33 5.87 5.59 5.51 5.65 5.96 6.34 6.45 6.37 6.26 6.25 6.26 6.21 6.03 5.79 5.69 5.86 6.10 6.27 6.30 6.23 6.01 5.75 5.54 5.41 5.34 5.36 5.39 5.39 5.24 4.91 4.70 4.80 5.02 5.14 5.24 5.42 5.55 5.54 5.50 5.45 5.51 5.68 5.72 5.68 5.63 5.66 5.63 5.55 5.45 5.42 5.40 5.56 6.33 6.93 6.71 5.73 4.76 4.01 3.91 3.86 3.75 3.67 3.84 4.38
5.64 5.52 5.36 5.53 5.55 5.78 6.03 6.30 6.58 6.78 6.84 6.90 7.14 7.46 7.57 7.43 7.05 6.51 5.96 5.56 5.35 5.27 5.29 5.45 5.75 6.27 6.70 7.10 7.34 7.43 7.43 7.28 6.95 6.50 6.12 6.03 6.07 6.06 5.97 5.78 5.49 5.28 5.25 5.32 5.39 5.49 5.54 5.48 5.12 4.57 4.10 3.89 3.82 4.02 4.46 4.98 5.40 5.59 5.62 5.62 5.69 5.77 5.64 5.44 5.29 5.31 5.34 5.25 5.07 5.00 5.00 5.29 6.25 7.31 7.77 7.50 6.72 5.95 5.88 5.83 5.71 5.62 5.72 5.93
5.61 5.53 5.47 5.59 5.89 6.32 6.80 7.15 7.39 7.56 7.66 7.67 7.62 7.47 7.16 6.71 6.21 5.75 5.41 5.27 5.42 5.63 5.76 5.85 5.98 6.19 6.37 6.60 6.80 6.93 6.97 7.00 6.94 6.71 6.28 6.03 5.93 5.75 5.50 5.31 5.24 5.37 5.53 5.66 5.78 5.91 5.95 6.00 5.94 5.70 5.29 4.80 4.29 4.33 4.75 5.23 5.62 5.84 5.94 5.96 5.93 5.89 5.73 5.57 5.46 5.39 5.28 5.13 5.00 5.02 5.10 5.38 6.14 7.11 7.98 8.42 8.42 8.10 7.88 7.78 7.62 7.38 7.12 6.75
5.68 5.64 5.58 5.70 6.05 6.52 6.93 7.21 7.37 7.47 7.54 7.52 7.32 6.90 6.36 5.85 5.46 5.20 5.02 5.02 5.38 5.78 6.04 6.13 6.12 6.03 5.79 5.57 5.48 5.55 5.73 6.05 6.39 6.52 6.27 5.94 5.67 5.36 5.12 5.17 5.51 5.93 6.10 6.13 6.13 6.15 6.16 6.28 6.45 6.65 6.69 6.49 6.05 5.65 5.55 5.58 5.72 5.95 6.19 6.30 6.27 6.23 6.11 6.02 5.94 5.86 5.74 5.65 5.63 5.58 5.54 5.62 5.92 6.45 7.25 8.12 8.63 8.75 8.69 8.55 8.18 7.72 7.19 6.54
5.70 5.66 5.56 5.58 5.77 6.03 6.17 6.30 6.42 6.57 6.67 6.65 6.44 6.07 5.61 5.20 4.93 4.89 4.94 5.06 5.33 5.59 5.82 5.90 5.77 5.48 5.09 4.76 4.47 4.36 4.54 4.92 5.41 5.76 5.89 5.80 5.59 5.41 5.44 5.78 6.17 6.33 6.32 6.29 6.24 6.18 6.14 6.11 6.21 6.43 6.70 6.90 6.85 6.44 5.85 5.55 5.62 5.88 6.17 6.38 6.51 6.60 6.56 6.48 6.40 6.33 6.26 6.18 6.07 5.84 5.69 5.66 5.69 5.92 6.48 7.16 7.65 7.93 8.07 8.08 7.81 7.34 6.74 6.08
5.69 5.68 5.64 5.60 5.55 5.39 5.28 5.24 5.34 5.55 5.70 5.66 5.45 5.12 4.75 4.54 4.67 5.06 5.55 5.88 5.94 5.93 5.92 5.88 5.65 5.14 4.51 4.06 3.72 3.53 3.55 3.75 4.06 4.50 4.94 5.26 5.52 5.76 6.04 6.24 6.30 6.24 6.14 6.12 6.12 6.09 6.02 5.86 5.68 5.56 5.64 5.93 6.26 6.22 5.76 5.47 5.52 5.78 6.06 6.36 6.64 6.83 6.83 6.78 6.69 6.58 6.42 6.15 5.82 5.46 5.37 5.42 5.49 5.68 6.04 6.34 6.51 6.57 6.73 7.09 7.33 7.29 7.06 6.74
5.85 5.95 6.08 5.97 5.65 5.26 4.97 4.81 4.85 4.98 4.99 4.81 4.49 4.13 3.84 3.93 4.55 5.44 6.15 6.51 6.61 6.56 6.43 6.29 6.13 5.86 5.20 4.42 3.87 3.58 3.40 3.39 3.55 3.85 4.28 4.83 5.38 5.77 5.87 5.79 5.70 5.69 5.72 5.78 5.85 5.89 5.90 5.70 5.27 4.85 4.65 4.68 4.95 5.33 5.39 5.33 5.39 5.63 5.91 6.22 6.54 6.77 6.79 6.77 6.73 6.65 6.47 6.13 5.68 5.27 5.12 5.17 5.28 5.41 5.60 5.91 6.00 5.88 5.69 5.91 6.42 6.91 7.28 7.50
6.05 6.23 6.37 6.22 5.88 5.47 5.14 4.96 4.82 4.56 4.18 3.79 3.48 3.32 3.22 3.27 3.84 4.80 5.58 6.16 6.50 6.65 6.62 6.57 6.62 6.72 6.59 6.03 5.45 5.17 5.01 4.82 4.81 4.88 5.04 5.30 5.56 5.62 5.46 5.30 5.22 5.23 5.39 5.53 5.67 5.79 5.88 5.79 5.40 4.92 4.53 4.11 3.87 4.04 4.38 4.79 5.18 5.51 5.77 6.04 6.30 6.43 6.47 6.47 6.54 6.64 6.67 6.50 6.09 5.57 5.21 5.11 5.11 5.19 5.44 5.81 6.01 5.90 5.39 5.01 5.09 5.51 6.04 6.56
5.97 6.03 6.05 5.93 5.73 5.44 5.16 4.86 4.45 3.89 3.29 2.99 2.97 3.16 3.31 3.31 3.45 3.86 4.46 5.14 5.61 5.94 6.22 6.47 6.70 7.01 7.38 7.54 7.46 7.33 7.16 6.99 6.81 6.54 6.29 6.09 5.87 5.65 5.46 5.34 5.27 5.26 5.42 5.54 5.66 5.79 5.99 6.16 6.02 5.59 5.04 4.33 3.62 3.47 3.85 4.52 5.16 5.56 5.79 5.98 6.07 6.06 6.07 6.19 6.37 6.60 6.84 6.87 6.59 5.97 5.50 5.31 5.21 5.17 5.25 5.51 5.93 6.06 5.68 5.00 4.43 4.18 4.22 4.50
5.68 5.56 5.49 5.50 5.44 5.26 5.01 4.47 3.96 3.57 3.39 3.39 3.59 4.03 4.70 5.17 4.96 4.64 4.56 4.63 4.86 5.25 5.82 6.29 6.54 6.82 7.29 7.75 8.05 8.18 8.09 7.92 7.67 7.28 6.84 6.42 6.04 5.76 5.56 5.40 5.42 5.55 5.69 5.67 5.63 5.69 5.97 6.35 6.45 6.12 5.50 4.78 4.32 4.30 4.64 5.03 5.36 5.59 5.79 5.85 5.73 5.66 5.82 6.10 6.32 6.51 6.78 7.02 7.00 6.60 6.04 5.72 5.44 5.12 4.86 5.00 5.56 6.00 5.96 5.46 4.78 4.30 4.03 4.00
5.55 5.40 5.29 5.35 5.41 5.39 5.16 4.77 4.42 4.31 4.55 4.97 5.44 6.13 6.91 7.43 7.59 7.16 6.42 5.95 5.80 5.94 6.28 6.43 6.47 6.53 6.65 6.82 7.08 7.38 7.52 7.51 7.42 7.22 6.94 6.59 6.23 5.93 5.64 5.45 5.57 5.83 5.94 5.76 5.55 5.49 5.73 6.20 6.58 6.59 6.24 5.86 5.65 5.64 5.60 5.47 5.36 5.45 5.59 5.57 5.45 5.48 5.70 5.93 6.08 6.18 6.38 6.70 7.00 7.01 6.58 6.08 5.63 5.17 4.85 4.85 5.30 5.84 6.07 5.92 5.66 5.55 5.45 5.17
5.64 5.53 5.43 5.49 5.64 5.81 5.91 5.90 5.85 5.94 6.36 6.98 7.67 8.22 8.53 8.67 8.84 8.76 8.43 8.03 7.69 7.44 7.15 6.80 6.58 6.44 6.30 6.15 6.01 6.01 6.17 6.33 6.41 6.47 6.51 6.50 6.38 6.13 5.85 5.68 5.72 5.73 5.64 5.49 5.37 5.38 5.62 6.13 6.79 7.29 7.41 7.21 6.92 6.57 6.06 5.58 5.42 5.49 5.53 5.47 5.43 5.48 5.52 5.55 5.61 5.64 5.73 6.03 6.46 6.74 6.62 6.24 5.83 5.46 5.19 5.10 5.33 5.76 6.08 6.13 6.07 6.08 6.11 6.03
5.77 5.76 5.74 5.79 5.93 6.15 6.43 6.72 7.07 7.45 7.92 8.40 8.71 8.75 8.58 8.35 8.21 8.32 8.40 8.31 8.08 7.75 7.33 6.91 6.64 6.47 6.32 6.23 6.03 5.70 5.45 5.41 5.43 5.53 5.73 5.97 6.13 6.11 5.95 5.71 5.41 5.10 4.91 5.00 5.29 5.54 5.84 6.31 6.96 7.66 8.05 8.04 7.77 7.36 6.81 6.32 6.10 5.97 5.81 5.66 5.53 5.39 5.28 5.25 5.30 5.31 5.30 5.44 5.76 6.11 6.29 6.17 5.92 5.66 5.46 5.35 5.41 5.68 5.99 6.04 5.89 5.74 5.74 5.85
5.90 5.96 5.99 6.02 6.13 6.29 6.54 6.92 7.49 8.03 8.35 8.38 8.14 7.73 7.32 6.98 6.78 6.80 6.88 6.98 6.99 6.90 6.78 6.66 6.59 6.44 6.27 6.28 6.32 6.23 6.01 5.84 5.81 5.80 5.76 5.74 5.81 5.91 5.83 5.52 5.13 4.90 4.94 5.26 5.65 5.93 6.18 6.51 6.92 7.43 7.86 8.06 8.10 8.02 7.83 7.47 7.08 6.65 6.22 5.86 5.56 5.30 5.18 5.17 5.21 5.22 5.18 5.21 5.39 5.68 5.94 5.99 5.85 5.68 5.55 5.45 5.46 5.68 5.95 5.99 5.81 5.66 5.61 5.67
5.88 5.92 5.97 6.06 6.24 6.47 6.78 7.15 7.55 7.75 7.69 7.37 6.92 6.43 6.08 5.89 5.75 5.66 5.63 5.74 5.92 6.00 6.14 6.33 6.50 6.44 6.23 6.09 6.09 6.23 6.39 6.49 6.55 6.51 6.32 6.04 5.85 5.83 5.77 5.62 5.53 5.57 5.71 5.95 6.16 6.31 6.44 6.59 6.73 6.92 7.19 7.48 7.77 8.02 8.16 8.04 7.62 7.11 6.54 6.00 5.60 5.35 5.21 5.10 5.05 5.14 5.24 5.29 5.39 5.54 5.70 5.77 5.74 5.65 5.51 5.37 5.38 5.60 5.89 5.98 5.84 5.73 5.68 5.71
5.73 5.71 5.78 5.98 6.24 6.58 6.97 7.21 7.23 6.97 6.58 6.24 5.92 5.63 5.38 5.22 5.06 4.98 5.06 5.25 5.43 5.59 5.76 6.02 6.31 6.49 6.45 6.31 6.11 6.00 5.96 5.97 6.01 6.11 6.18 6.13 6.00 5.91 5.89 5.96 6.07 6.14 6.21 6.33 6.42 6.48 6.52 6.49 6.44 6.47 6.54 6.69 6.91 7.17 7.42 7.50 7.34 6.98 6.53 6.08 5.71 5.42 5.15 4.96 4.96 5.15 5.35 5.44 5.48 5.48 5.49 5.54 5.57 5.51 5.37 5.21 5.15 5.29 5.61 5.81 5.72 5.54 5.45 5.45
5.65 5.61 5.67 5.84 6.07 6.39 6.66 6.63 6.34 5.92 5.51 5.16 4.92 4.74 4.60 4.55 4.63 4.81 5.03 5.27 5.55 5.73 5.73 5.81 6.15 6.52 6.73 6.81 6.70 6.39 5.97 5.46 5.12 5.16 5.48 5.76 5.88 5.90 5.95 6.08 6.20 6.28 6.35 6.40 6.33 6.29 6.29 6.23 6.16 6.19 6.20 6.17 6.15 6.12 6.04 6.15 6.27 6.23 6.15 6.01 5.79 5.49 5.18 5.02 5.09 5.28 5.45 5.53 5.49 5.40 5.32 5.31 5.33 5.32 5.27 5.16 5.07 5.08 5.31 5.56 5.49 5.19 4.95 4.85
