project/data/elevation/US_DEM2016/US_DEM2016_point_10-28-2019_1351_30m_vel.asc
ncols	125
nrows	167
xllcorner	-2042055.000000
yllcorner	1465035.000000
cellsize	30.000000
NODATA_value	-9999.000000
[rows 111 to 147 of 167, columns 0 to 82 of 125]
9.06 9.02 8.98 9.06 9.24 9.51 9.96 10.62 11.41 11.91 11.94 11.55 10.88 10.14 9.48 8.98 8.70 8.67 8.71 8.95 9.32 9.56 9.69 9.56 9.31 9.11 8.96 8.81 8.66 8.79 9.03 9.22 9.32 9.27 9.05 8.71 8.44 8.39 8.31 8.11 7.97 8.07 8.38 8.93 9.48 9.80 9.87 9.76 9.68 9.78 10.05 10.38 10.70 10.99 11.25 11.29 10.97 10.45 9.83 9.24 8.80 8.52 8.37 8.17 7.83 7.60 7.69 7.96 8.28 8.42 8.35 8.31 8.33 8.29 8.18 8.07 7.99 7.98 8.05 8.13 8.28 8.46 8.49
8.91 8.79 8.81 9.09 9.41 9.88 10.51 11.09 11.36 11.15 10.58 9.98 9.41 8.89 8.38 7.93 7.63 7.63 7.86 8.22 8.59 9.03 9.26 9.11 9.04 9.18 9.10 8.81 8.54 8.52 8.66 8.81 8.91 8.97 8.95 8.83 8.63 8.48 8.46 8.58 8.77 8.96 9.21 9.69 10.10 10.19 9.97 9.59 9.32 9.29 9.37 9.60 9.85 10.11 10.41 10.57 10.46 10.11 9.64 9.19 8.83 8.53 8.20 7.84 7.57 7.60 7.90 8.24 8.43 8.29 8.05 8.05 8.12 8.09 7.97 7.82 7.69 7.67 7.80 8.00 8.19 8.29 8.27
8.77 8.67 8.73 9.00 9.35 9.87 10.44 10.63 10.35 9.71 9.02 8.38 7.88 7.46 7.02 6.73 6.87 7.29 7.71 8.08 8.63 9.22 9.21 8.81 8.98 9.42 9.51 9.37 9.14 8.78 8.36 7.89 7.65 7.80 8.14 8.39 8.50 8.52 8.62 8.85 9.06 9.24 9.52 9.97 10.20 10.05 9.61 9.15 8.93 8.90 8.90 8.89 8.83 8.75 8.68 8.84 8.99 9.05 9.09 9.03 8.82 8.45 8.03 7.73 7.70 7.90 8.19 8.42 8.38 8.05 7.81 7.76 7.78 7.81 7.80 7.69 7.51 7.38 7.46 7.75 7.90 7.78 7.62
8.80 8.76 8.80 8.94 9.19 9.58 9.82 9.49 8.73 7.91 7.18 6.51 5.98 5.62 5.62 6.09 6.98 7.88 8.48 8.94 9.40 9.50 9.01 8.69 9.06 9.45 9.54 9.50 9.45 9.25 8.96 8.47 7.91 7.56 7.44 7.53 7.90 8.34 8.65 8.88 9.16 9.47 9.74 9.96 9.84 9.32 8.80 8.54 8.50 8.62 8.76 8.73 8.55 8.17 7.64 7.27 7.27 7.72 8.27 8.59 8.64 8.50 8.33 8.19 8.16 8.25 8.42 8.43 8.20 7.92 7.76 7.67 7.65 7.69 7.70 7.63 7.51 7.38 7.37 7.53 7.48 7.11 6.83
8.95 8.96 8.99 9.01 9.09 9.16 8.98 8.37 7.46 6.62 5.98 5.50 5.20 5.30 6.04 7.24 8.41 9.34 9.95 10.21 9.98 9.26 8.29 8.06 8.47 8.70 8.74 8.90 9.12 9.37 9.56 9.51 9.12 8.36 7.58 7.39 7.87 8.51 8.96 9.27 9.55 9.76 9.85 9.77 9.32 8.58 8.03 7.92 8.08 8.42 8.89 9.07 8.97 8.61 7.98 7.25 6.91 7.12 7.56 7.98 8.29 8.50 8.63 8.68 8.68 8.66 8.54 8.29 8.01 7.83 7.76 7.76 7.77 7.74 7.66 7.57 7.53 7.53 7.54 7.49 7.23 6.88 6.62
9.09 9.13 9.12 9.05 8.94 8.72 8.32 7.76 7.29 7.01 6.84 6.69 6.83 7.48 8.55 9.73 10.60 10.93 10.88 10.50 9.75 8.81 7.98 7.62 7.66 7.67 7.77 8.13 8.49 8.83 9.16 9.48 9.60 9.38 8.96 8.82 8.96 9.22 9.41 9.54 9.60 9.60 9.60 9.45 8.99 8.32 7.76 7.59 7.89 8.46 9.00 9.32 9.35 9.19 8.90 8.59 8.25 7.99 7.89 7.99 8.18 8.37 8.54 8.68 8.79 8.77 8.55 8.19 7.86 7.64 7.56 7.62 7.70 7.74 7.72 7.67 7.66 7.73 7.77 7.72 7.62 7.49 7.42
9.11 9.08 9.03 8.95 8.76 8.45 8.06 7.77 7.73 7.94 8.29 8.78 9.45 10.23 10.93 11.34 11.30 10.83 10.22 9.54 8.94 8.62 8.39 8.03 7.70 7.45 7.34 7.55 7.83 7.95 8.02 8.38 9.01 9.54 9.80 9.85 9.71 9.47 9.24 9.09 9.03 9.09 9.22 9.25 8.99 8.51 7.92 7.62 7.90 8.46 8.81 8.96 9.10 9.24 9.35 9.48 9.55 9.46 9.17 8.79 8.55 8.43 8.41 8.40 8.44 8.40 8.18 7.89 7.67 7.53 7.45 7.44 7.54 7.68 7.80 7.86 7.92 7.99 8.06 8.21 8.47 8.69 8.82
9.04 8.94 8.84 8.79 8.65 8.42 8.18 8.02 8.03 8.31 8.98 9.87 10.71 11.22 11.34 10.96 10.10 9.32 8.86 8.39 8.22 8.42 8.63 8.61 8.40 7.99 7.57 7.41 7.56 7.53 7.29 7.34 7.83 8.63 9.20 9.40 9.29 9.02 8.78 8.63 8.64 8.85 9.10 9.14 8.90 8.55 8.11 7.77 7.89 8.17 8.32 8.31 8.39 8.70 9.07 9.36 9.65 9.85 9.81 9.50 9.04 8.64 8.33 8.10 7.87 7.59 7.33 7.37 7.59 7.74 7.73 7.67 7.68 7.78 7.93 8.08 8.21 8.31 8.45 8.70 9.00 9.27 9.53
8.91 8.80 8.71 8.70 8.62 8.49 8.35 8.25 8.34 8.74 9.51 10.24 10.63 10.59 10.17 9.46 8.79 8.41 8.06 7.72 7.64 7.78 8.05 8.33 8.40 8.19 7.88 7.77 7.86 7.84 7.57 7.27 7.27 7.59 8.12 8.50 8.64 8.64 8.66 8.68 8.75 8.91 9.05 8.94 8.60 8.36 8.19 8.00 7.97 8.00 7.97 7.93 8.06 8.41 8.79 9.05 9.19 9.26 9.33 9.35 9.14 8.71 8.25 7.83 7.34 6.93 6.92 7.39 7.90 8.16 8.21 8.15 8.07 8.01 8.03 8.14 8.26 8.34 8.48 8.66 8.79 8.84 8.95
8.80 8.74 8.71 8.70 8.62 8.55 8.53 8.56 8.79 9.37 10.00 10.28 10.11 9.67 9.11 8.59 8.31 8.04 7.58 7.20 7.03 7.05 7.35 7.77 7.91 7.86 7.93 8.10 8.23 8.26 8.15 7.84 7.47 7.31 7.40 7.72 8.09 8.43 8.68 8.84 8.93 9.02 9.00 8.66 8.19 8.02 8.09 8.08 8.01 7.96 7.90 7.97 8.23 8.55 8.80 8.88 8.77 8.59 8.57 8.67 8.69 8.49 8.16 7.79 7.48 7.44 7.73 8.12 8.34 8.39 8.38 8.36 8.26 8.12 7.98 7.91 7.91 8.02 8.20 8.36 8.39 8.31 8.25
8.86 8.87 8.84 8.72 8.62 8.66 8.81 9.03 9.39 9.91 10.20 10.10 9.73 9.34 8.95 8.57 8.17 7.71 7.35 7.24 7.33 7.53 7.77 7.87 7.78 7.76 7.95 8.16 8.28 8.35 8.38 8.30 8.07 7.73 7.41 7.39 7.75 8.18 8.48 8.73 8.91 9.04 8.88 8.28 7.65 7.52 7.70 7.79 7.75 7.77 7.87 8.06 8.26 8.40 8.46 8.50 8.45 8.32 8.21 8.17 8.21 8.24 8.22 8.21 8.32 8.53 8.68 8.68 8.55 8.36 8.24 8.20 8.15 8.08 7.95 7.81 7.78 7.97 8.19 8.23 8.12 8.00 7.95
8.97 8.95 8.84 8.68 8.64 8.75 9.03 9.46 10.00 10.24 10.15 9.81 9.48 9.21 8.87 8.38 7.92 7.68 7.80 8.13 8.41 8.47 8.34 8.10 7.90 7.86 7.96 8.10 8.18 8.23 8.29 8.32 8.30 8.13 7.85 7.74 7.90 8.16 8.32 8.55 8.79 8.84 8.36 7.49 6.93 6.93 7.21 7.41 7.45 7.48 7.56 7.63 7.66 7.68 7.73 7.87 8.06 8.20 8.20 8.13 8.12 8.20 8.30 8.43 8.58 8.70 8.74 8.71 8.63 8.50 8.31 8.15 8.07 8.02 7.97 7.95 8.03 8.14 8.05 7.82 7.60 7.51 7.52
8.82 8.74 8.59 8.54 8.62 8.80 9.09 9.49 9.90 9.95 9.64 9.25 8.97 8.64 8.12 7.78 7.80 8.08 8.40 8.54 8.42 8.19 8.06 8.13 8.22 8.17 8.03 8.01 8.02 8.02 8.05 8.05 8.00 8.02 8.14 8.29 8.36 8.38 8.35 8.52 8.55 8.12 7.13 6.30 6.12 6.37 6.78 7.15 7.28 7.21 7.09 6.94 6.78 6.76 6.89 7.16 7.54 7.84 7.96 8.01 8.09 8.19 8.25 8.22 8.22 8.35 8.51 8.62 8.67 8.63 8.48 8.29 8.10 7.92 7.81 7.85 7.85 7.69 7.35 7.09 7.05 7.10 7.09
8.71 8.66 8.59 8.57 8.65 8.80 8.98 9.16 9.21 9.04 8.71 8.48 8.29 7.80 7.34 7.56 7.95 8.14 8.02 7.65 7.32 7.34 7.69 8.16 8.45 8.45 8.28 8.09 7.95 7.86 7.88 7.89 7.86 7.98 8.21 8.36 8.37 8.32 8.27 8.31 7.96 7.04 6.16 5.88 6.01 6.26 6.58 7.00 7.22 7.24 7.20 7.03 6.74 6.51 6.48 6.74 7.15 7.39 7.54 7.79 8.02 8.16 8.28 8.45 8.63 8.80 8.81 8.71 8.55 8.39 8.32 8.23 8.02 7.70 7.55 7.50 7.35 7.14 6.95 6.92 6.99 6.98 6.79
8.96 9.06 9.04 8.83 8.69 8.67 8.73 8.74 8.60 8.36 8.18 8.17 7.95 7.45 7.34 7.60 7.64 7.32 6.83 6.49 6.58 7.12 7.84 8.39 8.61 8.60 8.53 8.41 8.19 7.92 7.81 7.87 7.90 7.92 7.87 7.76 7.73 7.79 7.88 7.79 7.31 6.72 6.66 6.96 7.16 7.13 7.15 7.30 7.48 7.62 7.65 7.55 7.34 7.09 6.94 7.00 7.17 7.37 7.64 7.94 8.10 8.21 8.47 8.91 9.18 9.18 8.92 8.62 8.33 8.12 8.01 7.91 7.71 7.49 7.32 7.16 7.02 6.94 7.01 7.09 7.04 6.84 6.67
9.17 9.22 9.11 8.76 8.50 8.43 8.45 8.40 8.27 8.19 8.21 8.15 7.78 7.36 7.18 6.98 6.61 6.27 6.13 6.29 6.84 7.55 8.27 8.69 8.69 8.57 8.58 8.57 8.37 8.06 7.88 7.92 7.90 7.69 7.36 7.18 7.24 7.48 7.64 7.56 7.42 7.59 7.99 8.27 8.38 8.38 8.29 8.16 8.06 7.96 7.80 7.63 7.55 7.52 7.49 7.48 7.54 7.73 7.96 8.14 8.15 8.26 8.50 8.77 8.73 8.49 8.30 8.26 8.28 8.20 7.95 7.64 7.40 7.29 7.14 6.88 6.61 6.46 6.53 6.70 6.83 6.93 7.19
8.88 8.65 8.24 8.05 8.02 8.13 8.23 8.22 8.15 8.10 8.01 7.76 7.38 7.01 6.67 6.35 6.15 6.22 6.66 7.43 8.10 8.52 8.77 8.63 8.23 8.13 8.23 8.23 8.12 8.02 7.98 8.01 7.98 7.79 7.53 7.47 7.64 7.81 7.89 7.95 8.16 8.41 8.54 8.62 8.79 9.04 9.18 9.10 8.82 8.44 8.14 7.96 7.84 7.77 7.73 7.74 7.84 7.96 8.04 8.08 8.06 8.14 8.23 8.19 7.96 7.80 7.95 8.27 8.44 8.28 7.89 7.45 7.21 7.10 7.02 6.88 6.65 6.35 6.18 6.31 6.79 7.46 7.97
8.28 7.79 7.28 7.30 7.57 7.92 8.14 8.16 8.08 7.92 7.67 7.37 7.13 7.01 6.97 6.98 7.21 7.70 8.47 9.16 9.49 9.40 8.94 8.27 7.76 7.71 7.75 7.69 7.72 7.81 7.89 7.96 8.03 8.07 8.15 8.31 8.42 8.37 8.28 8.31 8.39 8.36 8.41 8.62 8.99 9.39 9.72 9.80 9.63 9.30 9.00 8.77 8.54 8.29 8.04 7.90 7.90 7.91 7.92 7.99 7.95 7.97 7.95 7.80 7.67 7.86 8.27 8.55 8.34 7.82 7.41 7.21 7.09 6.97 6.90 7.02 7.17 7.16 6.95 6.88 7.27 7.88 8.12
8.12 7.78 7.39 7.52 7.86 8.14 8.22 8.15 8.03 7.87 7.69 7.52 7.49 7.71 8.12 8.55 9.04 9.51 9.82 9.92 9.73 9.26 8.60 8.02 7.73 7.64 7.52 7.47 7.57 7.69 7.74 7.77 7.93 8.17 8.38 8.49 8.47 8.37 8.28 8.21 8.10 8.07 8.30 8.70 9.21 9.68 9.93 9.96 9.87 9.67 9.34 8.98 8.71 8.51 8.30 8.11 7.95 7.78 7.76 7.85 7.90 7.93 7.90 7.84 7.94 8.29 8.55 8.35 7.63 7.00 6.84 6.89 6.92 6.93 6.94 6.99 7.20 7.53 7.77 7.86 7.95 8.02 7.81
8.41 8.39 8.45 8.72 8.88 8.73 8.40 8.15 8.03 7.97 7.94 7.96 8.15 8.59 9.08 9.49 9.75 9.81 9.64 9.21 8.62 8.03 7.69 7.62 7.69 7.70 7.65 7.71 7.86 7.95 7.89 7.85 7.98 8.20 8.26 8.11 7.98 8.01 8.10 8.10 8.06 8.15 8.49 8.93 9.34 9.59 9.54 9.31 9.13 9.02 8.79 8.62 8.59 8.57 8.46 8.33 8.16 7.98 7.81 7.83 7.96 8.03 8.04 8.10 8.32 8.56 8.43 7.78 6.98 6.64 6.65 6.73 6.81 6.99 7.24 7.28 7.18 7.22 7.58 8.04 8.33 8.43 8.39
8.63 8.79 9.12 9.37 9.36 9.06 8.58 8.19 8.04 8.05 8.13 8.31 8.62 9.00 9.24 9.25 9.14 8.94 8.53 7.83 7.11 6.75 6.84 7.26 7.65 7.85 7.99 8.17 8.34 8.44 8.48 8.52 8.58 8.60 8.52 8.30 8.10 8.09 8.14 8.26 8.46 8.80 9.11 9.27 9.30 9.13 8.71 8.27 8.09 8.18 8.34 8.54 8.71 8.69 8.55 8.44 8.38 8.29 8.12 8.06 8.10 8.18 8.26 8.38 8.52 8.47 8.02 7.30 6.87 6.76 6.78 6.86 6.96 7.12 7.36 7.54 7.55 7.42 7.45 7.92 8.66 9.32 9.78
8.71 8.87 9.12 9.24 9.22 9.12 8.88 8.48 8.22 8.20 8.27 8.41 8.62 8.75 8.67 8.55 8.48 8.17 7.52 6.81 6.45 6.53 6.98 7.50 7.85 8.07 8.27 8.47 8.62 8.78 9.00 9.22 9.32 9.25 9.09 8.89 8.67 8.53 8.39 8.49 8.84 9.22 9.31 9.22 9.03 8.62 8.00 7.53 7.46 7.82 8.34 8.73 8.83 8.71 8.59 8.55 8.53 8.51 8.40 8.26 8.22 8.29 8.40 8.48 8.47 8.18 7.57 7.07 6.93 6.95 6.99 7.05 7.19 7.34 7.37 7.44 7.69 7.99 8.22 8.64 9.39 10.01 10.27
8.85 9.04 9.32 9.43 9.42 9.31 9.21 9.06 8.82 8.60 8.42 8.30 8.24 8.19 8.21 8.31 8.25 7.82 7.27 7.06 7.24 7.54 7.82 8.05 8.20 8.30 8.45 8.60 8.74 8.87 9.06 9.29 9.44 9.47 9.44 9.40 9.34 9.19 8.90 8.75 8.89 9.00 9.00 8.99 8.76 8.25 7.69 7.37 7.43 7.90 8.55 8.94 8.99 8.85 8.74 8.69 8.63 8.58 8.41 8.26 8.21 8.26 8.34 8.37 8.31 8.01 7.51 7.19 7.12 7.17 7.22 7.23 7.27 7.38 7.48 7.59 7.82 8.31 8.97 9.58 10.01 9.95 9.48
9.19 9.49 9.90 9.94 9.76 9.44 9.34 9.36 9.25 8.87 8.42 8.07 7.88 7.89 8.09 8.24 8.04 7.70 7.67 7.98 8.32 8.44 8.44 8.48 8.51 8.55 8.64 8.72 8.80 8.92 9.03 9.10 9.12 9.25 9.55 9.90 10.10 10.04 9.74 9.25 8.96 8.80 8.85 8.80 8.41 7.90 7.60 7.57 7.81 8.34 8.91 9.20 9.23 9.10 8.94 8.79 8.66 8.52 8.30 8.19 8.17 8.20 8.22 8.22 8.18 7.99 7.71 7.57 7.53 7.54 7.53 7.47 7.36 7.33 7.55 7.96 8.40 8.93 9.69 10.28 10.22 9.51 8.59
9.44 9.64 9.92 9.92 9.76 9.45 9.23 9.11 8.97 8.64 8.21 7.87 7.77 7.92 8.04 7.94 7.75 7.82 8.18 8.49 8.59 8.58 8.58 8.66 8.72 8.70 8.68 8.68 8.71 8.86 9.06 9.12 9.09 9.23 9.61 10.02 10.28 10.36 10.29 9.94 9.30 8.83 8.55 8.24 7.79 7.55 7.61 7.79 8.17 8.76 9.26 9.40 9.33 9.20 9.04 8.86 8.67 8.47 8.24 8.18 8.20 8.23 8.23 8.21 8.20 8.12 8.01 7.99 8.00 7.98 7.92 7.85 7.75 7.69 7.83 8.28 9.09 10.04 10.82 10.96 10.40 9.43 8.44
9.32 9.17 8.93 8.93 9.05 9.02 8.83 8.66 8.58 8.44 8.27 8.21 8.33 8.45 8.28 7.89 7.71 7.88 8.10 8.19 8.30 8.47 8.64 8.78 8.79 8.65 8.49 8.42 8.47 8.68 8.93 9.13 9.22 9.32 9.39 9.45 9.52 9.66 9.79 9.70 9.15 8.50 7.94 7.51 7.30 7.35 7.58 7.84 8.38 9.08 9.42 9.32 9.16 9.11 9.04 8.90 8.68 8.44 8.21 8.19 8.30 8.36 8.35 8.30 8.26 8.23 8.23 8.27 8.33 8.37 8.45 8.55 8.60 8.66 8.81 9.18 9.93 10.86 11.37 11.12 10.41 9.69 8.93
8.91 8.44 7.65 7.33 7.45 7.74 8.02 8.28 8.54 8.76 8.97 9.23 9.43 9.30 8.76 8.16 7.81 7.66 7.53 7.58 7.94 8.40 8.71 8.83 8.77 8.60 8.39 8.24 8.20 8.34 8.50 8.66 8.76 8.82 8.72 8.54 8.42 8.40 8.43 8.37 8.18 7.82 7.42 7.15 7.17 7.36 7.57 7.96 8.72 9.36 9.37 9.05 8.92 8.95 8.96 8.87 8.68 8.46 8.28 8.35 8.50 8.56 8.52 8.41 8.30 8.25 8.31 8.44 8.56 8.71 9.01 9.40 9.79 10.18 10.52 10.78 11.07 11.36 11.23 10.66 10.27 10.13 9.88
8.36 7.73 6.73 6.37 6.38 6.69 7.28 7.92 8.48 9.00 9.43 9.70 9.69 9.32 8.75 8.23 7.83 7.52 7.41 7.61 8.01 8.41 8.67 8.79 8.78 8.68 8.54 8.36 8.14 8.05 8.06 8.03 7.97 7.98 7.95 7.77 7.54 7.39 7.28 7.27 7.31 7.28 7.21 7.28 7.56 7.86 8.18 8.74 9.40 9.61 9.29 8.93 8.84 8.86 8.86 8.81 8.76 8.77 8.88 9.01 8.99 8.83 8.65 8.50 8.41 8.38 8.43 8.58 8.78 9.07 9.56 10.19 10.89 11.47 11.83 11.86 11.70 11.41 10.86 10.37 10.38 10.65 10.82
7.90 7.36 6.61 6.49 6.66 6.99 7.42 7.80 8.20 8.66 9.08 9.24 9.03 8.61 8.28 8.03 7.80 7.65 7.74 8.07 8.39 8.65 8.78 8.83 8.82 8.79 8.78 8.74 8.59 8.28 8.06 7.88 7.76 7.66 7.50 7.21 6.91 6.74 6.71 6.81 6.94 7.10 7.41 7.91 8.38 8.78 9.25 9.67 9.87 9.65 9.18 8.89 8.82 8.79 8.77 8.81 8.98 9.29 9.60 9.66 9.35 8.91 8.63 8.56 8.59 8.61 8.59 8.70 9.00 9.47 10.09 10.73 11.27 11.58 11.68 11.53 11.21 10.79 10.39 10.25 10.40 10.66 11.00
8.06 7.83 7.73 7.97 8.19 8.28 8.16 8.03 8.10 8.32 8.52 8.55 8.32 8.04 7.90 7.83 7.77 7.80 8.02 8.38 8.68 8.96 9.02 8.95 8.84 8.82 8.90 8.98 8.98 8.81 8.43 8.08 7.80 7.53 7.20 6.83 6.52 6.39 6.45 6.62 6.89 7.35 8.02 8.66 9.09 9.40 9.68 9.81 9.71 9.33 8.91 8.68 8.56 8.51 8.56 8.76 9.07 9.36 9.48 9.24 8.85 8.59 8.49 8.51 8.62 8.70 8.70 8.78 9.05 9.58 10.19 10.59 10.66 10.47 10.21 10.00 9.87 9.81 9.82 9.87 9.88 9.96 10.34
8.60 8.76 9.20 9.66 9.86 9.66 9.08 8.72 8.60 8.50 8.29 8.05 7.87 7.80 7.78 7.79 7.82 7.97 8.31 8.72 9.03 9.25 9.16 8.94 8.77 8.76 8.88 9.00 9.04 8.97 8.69 8.25 7.80 7.41 7.05 6.73 6.52 6.41 6.43 6.68 7.27 8.13 8.93 9.37 9.52 9.51 9.49 9.43 9.25 8.92 8.57 8.28 8.07 8.08 8.28 8.56 8.81 8.88 8.69 8.33 8.18 8.22 8.32 8.42 8.52 8.60 8.67 8.76 8.93 9.26 9.65 9.67 9.36 8.96 8.63 8.51 8.71 9.09 9.36 9.43 9.36 9.38 9.60
8.85 9.14 9.66 10.05 10.24 10.20 10.01 9.72 9.34 8.85 8.33 7.94 7.78 7.79 7.86 7.92 8.06 8.34 8.73 9.05 9.21 9.19 8.93 8.64 8.53 8.62 8.75 8.82 8.83 8.77 8.61 8.27 7.88 7.51 7.17 6.88 6.66 6.55 6.69 7.25 8.27 9.22 9.68 9.72 9.53 9.31 9.20 9.14 8.99 8.70 8.31 7.96 7.75 7.90 8.12 8.30 8.30 8.10 7.82 7.67 7.74 7.95 8.17 8.31 8.38 8.42 8.51 8.68 8.88 9.06 9.08 8.79 8.46 8.23 8.11 8.23 8.66 9.12 9.34 9.34 9.32 9.33 9.31
8.85 9.08 9.41 9.56 9.60 9.62 9.84 9.81 9.45 8.90 8.42 8.12 8.00 8.00 8.09 8.26 8.51 8.82 9.08 9.13 8.97 8.68 8.43 8.30 8.33 8.46 8.51 8.42 8.42 8.47 8.40 8.22 8.02 7.74 7.43 7.18 7.00 7.01 7.44 8.39 9.33 9.73 9.62 9.31 9.06 8.95 8.97 9.03 8.92 8.57 8.16 7.88 7.85 7.99 8.10 8.09 7.84 7.38 7.02 7.01 7.27 7.67 8.00 8.18 8.26 8.34 8.46 8.63 8.85 9.01 8.93 8.67 8.46 8.31 8.32 8.68 9.25 9.65 9.76 9.69 9.58 9.48 9.35
8.87 9.06 9.32 9.33 9.11 8.79 8.75 8.86 8.85 8.70 8.48 8.32 8.24 8.24 8.33 8.55 8.84 9.05 9.05 8.81 8.45 8.13 8.00 8.14 8.35 8.49 8.45 8.33 8.37 8.44 8.39 8.28 8.11 7.87 7.67 7.60 7.69 7.98 8.55 9.21 9.50 9.30 8.93 8.67 8.60 8.70 8.90 8.99 8.80 8.43 8.08 7.95 7.92 8.01 8.09 8.06 7.86 7.52 7.15 7.01 7.23 7.57 7.85 8.07 8.24 8.38 8.50 8.61 8.69 8.70 8.73 8.75 8.60 8.38 8.45 9.07 9.85 10.23 10.22 10.01 9.77 9.54 9.42
8.94 9.05 9.13 8.96 8.66 8.19 7.84 7.79 8.01 8.21 8.30 8.32 8.31 8.32 8.39 8.55 8.71 8.67 8.35 7.95 7.62 7.45 7.62 8.12 8.60 8.80 8.81 8.79 8.83 8.75 8.56 8.34 8.09 7.91 7.84 7.95 8.25 8.63 8.93 9.04 8.89 8.64 8.47 8.45 8.55 8.69 8.86 8.90 8.66 8.31 8.05 7.84 7.73 7.85 8.09 8.21 8.25 8.21 7.99 7.86 7.86 7.81 7.86 8.03 8.24 8.39 8.50 8.56 8.53 8.50 8.63 8.77 8.65 8.55 8.91 9.82 10.57 10.64 10.28 9.90 9.61 9.44 9.44
8.95 8.79 8.28 7.62 7.24 7.08 7.09 7.23 7.45 7.69 7.93 8.14 8.25 8.29 8.33 8.35 8.23 7.89 7.50 7.25 7.17 7.30 7.76 8.46 8.94 9.09 9.12 9.16 9.08 8.84 8.61 8.35 8.10 7.97 7.98 8.11 8.33 8.52 8.59 8.55 8.48 8.37 8.40 8.56 8.70 8.74 8.73 8.67 8.51 8.25 7.89 7.56 7.53 7.85 8.23 8.44 8.59 8.73 8.81 8.80 8.60 8.21 7.99 8.05 8.24 8.40 8.52 8.62 8.75 8.95 9.08 9.00 8.98 9.30 10.04 10.77 11.00 10.58 10.01 9.64 9.44 9.43 9.48
8.69 8.25 7.42 6.61 6.13 6.29 6.74 7.14 7.42 7.68 7.94 8.10 8.19 8.25 8.28 8.19 7.96 7.76 7.78 7.89 7.99 8.19 8.56 8.89 9.05 9.02 8.99 8.93 8.62 8.34 8.29 8.22 8.09 8.04 8.09 8.19 8.32 8.46 8.57 8.68 8.60 8.43 8.46 8.65 8.74 8.66 8.54 8.44 8.26 7.91 7.46 7.31 7.58 8.06 8.43 8.63 8.78 8.96 9.16 9.20 9.02 8.68 8.40 8.37 8.44 8.51 8.62 8.81 9.10 9.31 9.24 9.09 9.34 10.06 10.80 10.96 10.57 9.92 9.52 9.43 9.43 9.48 9.44
