project/data/elevation/US_DEM2016/US_DEM2016_point_10-28-2019_1553_30m_vel.asc
ncols	125
nrows	167
xllcorner	-2042055.000000
yllcorner	1465035.000000
cellsize	30.000000
NODATA_value	-9999.000000
[rows 38 to 75 of 167, columns 0 to 83 of 125]
8.00 7.74 7.22 6.79 6.32 6.01 5.76 5.37 4.89 4.46 4.33 4.41 4.69 5.16 5.62 5.80 5.79 5.87 6.26 6.84 7.15 7.29 7.38 7.57 7.80 7.98 8.17 8.32 8.12 7.70 7.19 6.73 6.48 6.46 6.68 7.18 7.73 8.03 8.32 8.81 9.27 9.34 9.40 9.12 9.03 8.87 8.30 7.34 6.64 6.15 5.98 6.01 6.02 6.10 6.27 6.38 6.46 6.76 6.95 7.08 7.00 6.55 6.24 5.89 5.48 5.13 4.79 4.63 4.68 4.89 4.98 5.04 5.23 5.66 5.96 6.25 6.59 7.27 8.13 9.05 9.76 10.09 9.87 9.25
7.86 7.20 6.27 5.82 5.43 5.24 5.05 4.81 4.59 4.43 4.43 4.57 4.80 5.07 5.32 5.49 5.57 5.64 5.76 5.86 5.78 5.67 5.69 5.97 6.54 7.17 7.68 8.15 8.33 8.17 7.82 7.42 7.12 7.07 7.45 8.15 8.60 8.83 9.00 9.31 9.62 9.55 9.44 9.24 8.98 8.59 7.85 7.01 6.40 5.94 5.89 6.13 6.28 6.20 6.37 6.57 6.77 7.03 6.95 6.67 6.16 5.47 4.91 4.76 4.69 4.59 4.31 4.17 4.30 4.53 4.67 4.79 5.05 5.46 5.75 5.90 6.05 6.50 7.15 7.54 7.64 8.05 8.79 9.10
7.49 6.73 5.68 5.21 5.03 4.94 4.92 4.94 5.01 5.14 5.31 5.50 5.53 5.39 5.26 5.27 5.39 5.45 5.31 5.03 4.88 4.91 5.18 5.62 6.31 6.90 7.39 7.84 8.18 8.33 8.28 8.08 8.01 8.30 8.85 9.45 9.84 10.03 9.80 9.49 9.40 8.90 8.51 8.47 8.35 8.37 8.17 7.93 7.57 7.25 6.91 6.82 6.78 6.48 6.49 6.61 6.79 6.91 6.61 6.04 5.31 4.47 3.65 3.39 3.41 3.52 3.71 3.93 4.14 4.27 4.32 4.55 4.99 5.42 5.65 5.71 5.73 5.95 6.42 6.67 6.57 6.79 7.80 9.02
7.22 6.64 5.86 5.55 5.51 5.53 5.53 5.56 5.72 6.00 6.28 6.39 6.16 5.72 5.41 5.36 5.45 5.48 5.31 5.08 5.07 5.30 5.66 5.98 6.26 6.57 6.80 7.10 7.61 8.06 8.50 8.60 8.90 9.41 9.94 10.36 10.55 10.37 9.93 9.33 8.77 8.18 7.64 7.40 7.59 7.76 8.03 8.17 8.29 8.32 8.16 7.61 7.10 6.60 6.36 6.31 6.25 6.12 5.82 5.40 4.84 4.14 3.43 3.21 3.34 3.59 3.84 4.00 4.05 4.10 4.18 4.38 4.83 5.32 5.49 5.44 5.53 5.88 6.28 6.36 6.24 6.25 6.84 8.22
7.18 6.86 6.42 6.26 6.20 6.14 6.04 6.07 6.32 6.66 6.85 6.77 6.30 5.95 5.82 5.86 5.92 5.94 5.91 5.94 6.09 6.31 6.53 6.71 6.84 6.84 6.79 6.87 7.28 7.76 8.52 9.25 9.83 10.33 10.51 10.31 9.99 9.51 8.92 8.36 7.87 7.41 6.85 6.60 6.67 6.89 7.22 7.39 7.64 7.81 7.84 7.48 6.99 6.43 6.15 6.08 5.91 5.62 5.38 5.36 5.13 4.77 4.44 4.43 4.61 4.58 4.35 4.14 4.18 4.30 4.29 4.26 4.44 4.75 4.78 4.65 5.01 5.71 6.14 6.09 6.02 6.16 6.70 7.74
7.15 6.95 6.68 6.58 6.53 6.51 6.56 6.76 7.05 7.26 7.21 6.89 6.37 6.16 6.15 6.24 6.37 6.46 6.60 6.86 7.17 7.40 7.52 7.57 7.57 7.41 7.29 7.30 7.52 7.81 8.53 9.34 9.99 10.41 10.21 9.61 8.87 8.20 7.61 7.29 7.10 6.79 6.29 5.88 5.91 6.18 6.38 6.22 5.92 5.63 5.69 6.06 6.27 6.19 6.13 6.31 6.34 6.26 6.24 6.26 6.11 5.95 5.89 5.91 5.56 5.05 4.79 4.83 4.90 4.63 4.15 3.83 3.91 4.05 3.94 3.89 4.35 5.19 5.61 5.57 5.77 6.36 7.01 7.45
7.14 7.02 6.90 6.91 7.05 7.33 7.63 7.85 7.92 7.82 7.49 6.99 6.50 6.28 6.27 6.42 6.62 6.81 7.07 7.42 7.75 7.93 7.95 7.84 7.67 7.45 7.38 7.45 7.72 8.06 8.79 9.33 9.60 9.52 9.16 8.78 8.30 7.71 6.91 6.43 6.24 6.11 5.79 5.37 5.26 5.52 5.36 4.99 4.49 4.20 4.36 4.81 5.29 5.67 6.15 6.71 7.02 7.14 7.16 7.02 6.86 6.76 6.53 6.18 5.59 5.36 5.53 5.53 5.05 4.15 3.58 3.50 3.69 3.79 3.76 3.87 4.35 4.94 5.21 5.17 5.43 6.16 6.66 6.83
7.35 7.38 7.48 7.65 7.88 8.17 8.40 8.48 8.37 8.07 7.62 7.10 6.75 6.60 6.70 6.85 6.99 7.18 7.42 7.63 7.71 7.66 7.53 7.39 7.32 7.24 7.21 7.37 7.87 8.45 9.11 8.96 8.74 8.29 7.99 8.00 7.80 7.42 6.62 5.93 5.48 5.31 5.11 4.73 4.68 4.83 4.76 4.76 4.79 4.83 4.77 4.66 4.71 5.18 6.04 6.86 7.12 7.13 7.05 7.03 6.92 6.89 6.59 6.26 6.12 6.18 5.96 5.24 4.27 3.68 3.64 3.95 4.16 4.20 4.24 4.49 4.95 5.27 5.30 5.23 5.33 5.65 6.05 6.32
7.64 7.74 7.95 8.15 8.25 8.28 8.23 8.15 8.00 7.74 7.41 7.06 6.99 7.13 7.38 7.51 7.56 7.60 7.62 7.55 7.38 7.15 6.94 6.87 7.00 7.10 7.22 7.55 8.19 8.77 9.02 8.63 7.91 7.42 7.12 6.97 6.87 6.77 6.38 5.74 5.05 4.70 4.61 4.61 4.74 4.89 5.17 5.37 5.45 5.17 4.70 4.44 4.76 5.53 6.36 6.81 6.87 6.81 6.80 6.92 6.85 6.87 6.78 6.69 6.57 6.22 5.24 4.50 4.26 4.46 4.83 5.06 5.12 5.13 5.26 5.50 5.77 5.87 5.81 5.77 5.73 5.75 5.99 6.36
7.77 7.76 7.85 7.96 7.90 7.72 7.49 7.27 7.09 6.96 6.78 6.65 6.75 7.12 7.49 7.69 7.73 7.64 7.46 7.25 7.05 6.85 6.68 6.64 6.77 6.96 7.22 7.73 8.37 8.71 8.51 7.85 7.30 6.85 6.45 6.15 6.02 6.07 6.08 5.82 5.12 4.75 4.82 5.22 5.43 5.59 5.68 5.38 4.84 4.21 3.99 4.40 5.58 6.82 7.31 7.20 7.08 7.01 7.01 7.07 6.97 6.98 6.85 6.66 6.27 5.64 5.13 5.16 5.66 6.20 6.53 6.61 6.59 6.55 6.55 6.67 6.77 6.74 6.70 6.71 6.41 6.21 6.35 6.62
7.74 7.66 7.45 7.41 7.32 7.06 6.76 6.48 6.29 6.17 6.05 6.01 6.13 6.50 6.88 7.11 7.25 7.24 7.12 6.95 6.77 6.62 6.50 6.44 6.50 6.68 6.94 7.52 8.25 8.46 8.13 7.51 7.04 6.56 6.00 5.51 5.40 5.52 5.67 5.60 5.16 4.82 4.86 5.18 5.39 5.52 5.48 4.84 4.25 4.07 4.54 5.91 7.52 8.38 8.47 7.92 7.53 7.30 7.23 7.34 7.34 7.30 7.11 6.83 6.76 6.92 7.42 8.05 8.57 8.91 8.97 8.93 8.85 8.75 8.63 8.60 8.55 8.34 8.04 7.56 6.88 6.43 6.53 6.64
7.77 7.67 7.25 6.99 6.89 6.75 6.50 6.24 6.05 5.86 5.82 5.86 6.01 6.29 6.54 6.70 6.82 6.89 6.86 6.71 6.49 6.32 6.21 6.18 6.22 6.34 6.56 7.23 8.10 8.24 7.88 7.47 7.12 6.66 6.06 5.40 5.16 5.03 4.95 4.85 4.61 4.32 4.20 4.31 4.62 4.95 5.20 4.97 4.83 5.25 6.63 8.33 9.31 9.47 9.01 8.23 7.69 7.43 7.44 7.75 7.91 8.00 7.89 8.04 8.53 9.28 10.12 10.84 11.30 11.48 11.49 11.43 11.34 11.24 11.06 10.81 10.55 10.20 9.52 8.50 7.43 6.69 6.54 6.47
7.86 7.71 7.24 6.89 6.75 6.70 6.65 6.51 6.34 6.22 6.36 6.55 6.73 6.92 7.01 7.01 6.96 6.87 6.71 6.50 6.26 6.06 5.94 5.92 5.99 6.15 6.47 7.25 7.98 7.89 7.26 7.17 7.02 6.74 6.47 6.02 5.49 4.91 4.48 4.36 4.30 4.23 4.26 4.40 4.70 5.07 5.66 6.07 6.51 7.55 9.07 9.94 10.06 9.43 8.73 8.04 7.64 7.51 7.47 7.62 7.85 8.16 8.36 8.71 9.45 10.20 10.73 11.23 11.50 11.63 11.71 11.79 11.80 11.74 11.55 11.24 10.93 10.64 10.15 9.47 8.64 7.74 6.88 6.41
7.95 7.66 7.16 6.97 6.81 6.70 6.70 6.72 6.69 6.70 7.03 7.42 7.63 7.71 7.67 7.47 7.21 6.90 6.63 6.42 6.23 6.02 5.82 5.73 5.84 6.15 6.58 7.28 7.64 7.14 6.55 6.51 6.50 6.56 6.60 6.54 5.97 5.31 4.95 4.95 5.13 5.42 5.70 5.82 5.99 6.44 7.39 8.43 9.46 10.27 10.64 10.48 9.73 8.70 8.10 7.60 7.32 7.11 6.90 6.77 6.95 7.26 7.88 8.28 8.80 9.09 8.97 8.85 8.76 8.90 9.17 9.52 9.65 9.64 9.48 9.29 9.24 9.15 9.07 9.05 8.93 8.60 7.95 7.02
7.88 7.38 6.76 6.64 6.59 6.54 6.59 6.69 6.79 6.91 7.25 7.70 7.91 7.93 7.76 7.42 7.02 6.69 6.47 6.31 6.14 5.94 5.72 5.62 5.79 6.16 6.59 7.07 7.08 6.38 5.95 5.96 5.96 6.04 6.31 6.34 6.17 5.98 5.96 6.24 6.58 6.88 7.08 7.32 7.74 8.52 9.56 10.45 11.00 11.08 10.75 9.96 9.05 8.13 7.60 7.19 6.84 6.46 6.27 6.15 6.30 6.61 6.97 7.32 7.40 6.94 6.34 5.72 5.54 5.71 6.04 6.42 6.60 6.56 6.55 6.50 6.65 6.75 6.84 7.11 7.58 7.90 7.92 7.54
7.60 7.03 6.29 6.03 6.04 6.18 6.42 6.60 6.77 6.92 7.08 7.29 7.40 7.30 7.05 6.71 6.41 6.20 6.05 5.92 5.76 5.63 5.61 5.75 5.99 6.24 6.54 6.80 6.67 6.20 5.93 5.93 5.90 5.88 5.87 5.92 6.10 6.22 6.43 6.86 7.29 7.50 7.75 8.17 8.94 9.85 10.53 10.83 10.65 10.19 9.63 9.04 8.43 7.84 7.39 7.01 6.68 6.37 6.36 6.40 6.58 6.73 6.71 6.68 6.27 5.62 5.10 4.84 4.89 4.98 4.86 4.61 4.53 4.54 4.56 4.62 4.83 5.03 5.09 5.06 5.22 5.55 5.81 6.09
7.29 6.82 6.16 5.88 5.80 5.81 5.97 6.23 6.43 6.56 6.54 6.47 6.31 6.03 5.73 5.61 5.54 5.43 5.35 5.39 5.50 5.60 5.78 6.04 6.21 6.37 6.57 6.75 6.79 6.72 6.54 6.33 6.11 5.87 5.59 5.52 5.70 5.88 6.10 6.45 6.92 7.29 7.69 8.39 9.41 10.10 10.22 9.64 8.71 8.32 8.24 8.21 8.02 7.74 7.38 7.05 6.80 6.70 6.86 6.93 6.97 6.91 6.56 6.26 5.85 5.48 5.44 5.46 5.40 5.11 4.49 3.73 3.37 3.26 3.24 3.29 3.49 3.63 3.62 3.40 3.20 3.22 3.55 4.27
7.20 6.92 6.54 6.31 6.08 5.75 5.41 5.42 5.64 5.81 5.82 5.63 5.24 4.80 4.56 4.55 4.58 4.59 4.73 5.11 5.59 6.01 6.26 6.35 6.43 6.58 6.75 6.96 7.08 7.16 6.85 6.41 6.02 5.65 5.37 5.22 5.35 5.57 5.70 5.90 6.25 6.77 7.40 8.44 9.43 9.70 9.11 8.02 7.38 7.22 7.28 7.44 7.52 7.54 7.24 6.98 6.80 6.81 6.99 6.89 6.63 6.31 5.98 5.79 5.84 5.94 6.07 6.00 5.39 4.61 3.73 3.18 2.97 2.82 2.61 2.41 2.35 2.30 2.21 2.22 2.37 2.80 3.64 4.59
7.40 7.40 7.32 7.07 6.68 6.15 5.48 5.21 5.26 5.45 5.49 5.22 4.83 4.53 4.35 4.30 4.38 4.55 4.88 5.40 6.00 6.56 6.79 6.85 6.94 7.08 7.14 7.21 7.32 7.32 6.84 6.47 6.24 5.95 5.60 5.49 5.72 5.96 6.00 6.07 6.31 6.76 7.47 8.62 9.21 8.91 7.75 6.87 6.40 6.30 6.43 6.68 6.94 7.03 6.83 6.64 6.49 6.43 6.38 6.01 5.54 5.22 5.23 5.46 6.05 6.38 6.27 5.78 4.87 4.11 3.67 3.61 3.62 3.26 2.64 2.16 1.97 1.91 1.96 2.30 3.02 4.16 5.50 6.25
7.71 7.85 7.86 7.62 7.24 6.77 6.27 5.97 5.80 5.76 5.70 5.52 5.35 5.31 5.35 5.42 5.54 5.76 5.98 6.31 6.76 7.22 7.46 7.63 7.79 7.89 7.72 7.64 7.81 7.94 7.78 7.58 7.42 7.10 6.55 6.39 6.70 6.93 7.02 7.05 7.15 7.28 7.83 8.68 8.79 7.80 6.65 5.83 5.49 5.51 5.72 6.01 6.36 6.42 6.34 6.21 6.00 5.71 5.38 5.08 4.93 5.00 5.37 5.80 6.33 6.36 5.86 5.19 4.56 4.43 4.68 4.85 4.46 3.69 2.94 2.62 2.66 2.79 3.10 3.90 5.23 6.67 7.47 7.42
7.88 7.82 7.66 7.56 7.48 7.35 7.08 6.78 6.44 6.12 5.97 6.00 6.19 6.47 6.80 7.01 7.23 7.45 7.62 7.74 7.95 8.04 8.19 8.45 8.65 8.54 8.30 8.20 8.43 8.54 8.49 8.30 8.07 7.72 7.20 6.94 7.10 7.36 7.60 7.77 7.83 7.81 8.08 8.34 7.81 6.56 5.54 4.94 4.70 4.71 4.96 5.25 5.60 5.89 5.99 5.90 5.72 5.47 5.32 5.45 5.69 6.09 6.52 6.78 6.80 6.38 5.70 5.32 5.32 5.63 5.87 5.60 4.72 3.80 3.43 3.58 3.92 4.36 5.13 6.27 7.56 8.26 8.21 7.47
7.91 7.54 7.13 7.12 7.31 7.49 7.46 7.11 6.62 6.17 5.97 6.13 6.59 7.14 7.63 7.98 8.23 8.48 8.72 8.81 8.76 8.65 8.72 8.93 8.97 8.80 8.65 8.63 8.71 8.50 7.93 7.45 7.15 7.02 6.93 6.93 7.00 7.24 7.53 7.85 8.06 8.03 7.96 7.61 6.56 5.27 4.46 4.07 3.91 3.98 4.09 4.33 4.89 5.52 5.88 5.95 5.93 5.93 6.10 6.28 6.62 7.15 7.64 7.89 7.66 7.26 6.58 6.43 6.73 6.93 6.49 5.63 4.79 4.51 4.75 5.22 5.85 6.62 7.60 8.51 8.89 8.62 7.80 6.93
7.92 7.45 6.83 6.68 6.72 6.84 6.94 6.79 6.42 6.00 5.77 5.84 6.21 6.77 7.28 7.58 7.80 7.96 8.04 8.10 8.19 8.30 8.45 8.46 8.26 8.17 8.30 8.54 8.56 8.25 7.64 6.89 6.39 6.29 6.61 6.99 7.32 7.49 7.61 7.73 7.83 7.61 7.26 6.68 5.73 4.56 3.81 3.57 3.65 3.77 3.81 4.03 4.62 5.42 6.03 6.38 6.61 6.76 6.84 6.85 7.13 7.86 8.54 8.85 8.66 8.45 8.10 7.76 7.79 7.70 6.98 6.24 6.01 6.53 7.27 7.97 8.67 9.29 9.71 9.67 9.11 8.15 7.24 6.62
7.87 7.28 6.48 6.22 5.95 5.82 5.91 5.99 5.86 5.56 5.23 5.07 5.15 5.39 5.68 5.88 5.99 5.91 5.61 5.53 6.10 6.78 7.00 6.74 6.34 6.60 7.36 7.93 8.09 8.07 8.00 7.76 7.38 7.12 7.09 7.34 7.60 7.69 7.58 7.37 7.14 6.86 6.51 6.26 5.74 4.90 4.31 4.33 4.52 4.61 4.69 4.92 5.26 5.75 6.25 6.70 7.11 7.49 7.66 7.86 8.34 9.05 9.38 9.30 9.07 8.99 8.92 8.88 8.87 8.76 8.51 8.42 8.81 9.44 9.97 10.39 10.70 10.77 10.47 9.65 8.66 7.77 7.10 6.54
7.58 6.85 5.97 5.71 5.50 5.32 5.23 5.26 5.23 4.93 4.46 4.04 3.77 3.66 3.70 3.84 3.92 3.72 3.52 3.61 4.15 4.81 5.03 4.78 4.78 5.45 6.68 7.38 7.53 7.39 7.64 7.96 8.08 8.04 7.72 7.47 7.29 7.20 6.93 6.58 6.34 6.41 6.50 6.72 6.69 6.56 6.29 6.26 6.34 6.37 6.41 6.40 6.29 6.26 6.37 6.63 7.02 7.57 8.18 8.87 9.54 9.74 9.44 8.79 8.17 8.22 8.75 9.08 9.46 9.75 10.04 10.40 10.80 11.08 10.92 10.95 10.82 10.45 9.73 8.90 8.16 7.55 7.03 6.44
7.28 6.70 5.87 5.49 5.34 5.23 5.09 4.97 4.88 4.61 4.10 3.53 3.05 2.77 2.70 2.74 2.83 3.05 3.28 3.47 3.65 3.79 3.82 3.90 4.38 5.38 6.65 7.19 7.05 6.54 6.57 6.95 7.43 7.71 7.51 6.96 6.38 6.04 5.92 5.82 5.88 6.39 6.98 7.53 7.76 7.95 7.99 7.85 7.74 7.66 7.34 6.98 6.68 6.54 6.53 6.68 7.03 7.66 8.45 9.14 9.42 9.10 8.35 7.41 6.98 7.22 7.95 8.56 8.98 9.51 9.95 10.24 10.40 10.31 10.02 9.63 9.16 8.57 8.13 7.74 7.33 6.97 6.60 6.14
7.27 6.93 6.34 5.89 5.62 5.45 5.26 5.05 4.94 4.78 4.46 4.06 3.67 3.30 3.03 2.94 3.12 3.66 4.26 4.48 4.30 4.06 4.01 4.18 4.82 5.94 6.94 7.19 6.73 6.00 5.71 5.76 6.17 6.52 6.61 6.35 5.87 5.50 5.47 5.78 6.25 6.99 7.56 7.94 8.04 8.18 8.26 8.27 8.16 7.84 7.17 6.72 6.57 6.63 6.73 6.91 7.27 7.94 8.53 8.72 8.32 7.51 6.78 6.30 6.35 6.83 7.36 7.69 7.91 8.30 8.59 8.61 8.40 8.21 8.04 7.69 7.14 6.57 6.23 6.15 6.00 5.82 5.57 5.35
7.30 7.09 6.74 6.44 6.15 5.84 5.55 5.42 5.41 5.44 5.43 5.34 5.13 4.74 4.28 3.98 4.07 4.48 5.01 5.44 5.41 5.20 5.15 5.35 5.89 6.91 7.41 7.48 6.97 6.09 5.57 5.26 5.20 5.45 5.94 6.33 6.45 6.51 6.62 6.87 7.30 7.76 7.91 7.85 7.68 7.67 7.82 7.95 7.88 7.65 7.15 6.80 6.69 6.76 6.87 7.00 7.34 7.92 8.29 7.96 7.21 6.50 6.04 5.86 5.96 6.33 6.70 6.82 6.92 7.14 7.28 7.16 6.80 6.44 6.19 6.10 5.69 5.08 4.52 4.36 4.42 4.23 4.02 3.90
7.29 7.09 6.81 6.58 6.35 6.09 5.94 6.00 6.23 6.53 6.76 6.78 6.46 5.97 5.45 5.04 4.91 5.07 5.37 5.97 6.32 6.53 6.68 6.81 7.10 7.74 8.20 8.13 7.68 6.90 6.34 5.87 5.55 5.68 6.17 6.81 7.38 7.83 7.99 7.99 7.98 7.99 7.79 7.52 7.26 7.15 7.23 7.23 7.22 7.23 7.17 7.01 6.89 6.88 7.00 7.20 7.57 7.99 7.92 7.20 6.41 5.97 5.68 5.48 5.54 5.97 6.39 6.44 6.29 6.33 6.29 6.19 5.99 5.52 4.94 4.64 4.42 3.95 3.33 2.90 2.79 2.66 2.48 2.47
7.32 7.10 6.79 6.49 6.25 6.09 6.14 6.40 6.84 7.34 7.73 7.77 7.55 7.17 6.69 6.18 5.76 5.64 5.83 6.34 6.84 7.39 7.54 7.70 8.12 8.79 8.97 8.64 8.12 7.67 7.37 7.09 6.84 6.80 6.94 7.24 7.60 7.87 7.96 7.84 7.69 7.61 7.41 7.09 6.80 6.52 6.43 6.29 6.22 6.37 6.62 6.76 6.83 6.90 7.16 7.50 7.80 7.76 7.12 6.22 5.70 5.50 5.33 5.41 5.70 6.19 6.32 5.99 5.57 5.43 5.35 5.27 5.24 4.94 4.30 3.71 3.36 3.06 2.48 1.92 1.70 1.73 1.84 2.04
7.34 7.06 6.64 6.32 6.04 5.91 5.94 6.11 6.46 6.93 7.42 7.78 7.99 8.03 7.87 7.49 6.93 6.49 6.46 6.70 6.99 7.55 7.88 8.24 8.84 9.32 9.20 8.50 7.86 7.70 7.78 7.86 7.83 7.56 7.32 7.22 7.15 7.07 7.04 7.16 7.27 7.28 7.10 6.71 6.33 6.05 5.85 5.59 5.40 5.39 5.59 5.92 6.31 6.65 7.05 7.32 7.31 6.81 5.87 5.32 5.18 5.12 5.25 5.68 6.02 6.07 5.68 4.95 4.37 4.11 4.06 3.88 3.75 3.81 3.61 3.11 2.60 2.28 1.97 1.69 1.60 1.80 2.18 2.72
7.25 6.88 6.31 6.09 5.91 5.76 5.64 5.47 5.35 5.43 5.78 6.53 7.37 8.05 8.45 8.44 8.06 7.54 7.19 7.13 7.22 7.63 8.03 8.76 9.10 9.19 8.67 7.92 7.21 7.02 7.21 7.50 7.64 7.44 7.19 7.00 6.80 6.75 6.93 7.20 7.28 7.19 6.93 6.65 6.42 6.18 5.87 5.35 4.82 4.54 4.64 5.12 5.80 6.30 6.64 6.62 6.15 5.34 4.75 4.62 4.56 4.49 4.82 5.28 5.35 5.10 4.61 3.96 3.38 2.93 2.70 2.62 2.61 2.63 2.63 2.48 2.26 2.17 2.23 2.36 2.59 2.91 3.37 4.07
7.12 6.68 6.09 5.98 5.90 5.79 5.61 5.30 4.85 4.45 4.37 4.85 5.88 7.06 8.02 8.53 8.59 8.33 7.98 7.81 7.82 7.98 8.25 8.77 9.05 8.77 8.10 7.31 6.57 6.14 6.02 6.15 6.48 6.74 6.90 6.91 6.88 6.97 7.22 7.41 7.34 7.10 6.87 6.77 6.65 6.22 5.59 4.80 4.39 4.47 4.90 5.56 6.14 6.36 6.25 5.81 5.03 4.32 4.03 3.96 3.80 3.68 3.80 4.06 4.26 4.34 4.39 4.18 3.77 3.38 3.19 3.05 2.86 2.57 2.39 2.45 2.62 2.88 3.24 3.65 4.05 4.54 5.03 5.80
7.06 6.65 6.15 6.03 5.98 5.91 5.82 5.68 5.39 4.90 4.44 4.43 5.00 5.91 6.96 7.83 8.36 8.70 8.62 8.63 8.71 8.77 9.42 9.36 9.18 8.61 7.89 7.14 6.41 5.93 5.69 5.67 5.81 6.09 6.43 6.71 6.85 6.93 7.09 7.28 7.10 6.78 6.56 6.51 6.36 5.70 5.12 4.92 5.30 5.98 6.58 6.92 6.96 6.66 6.18 5.67 5.21 4.85 4.60 4.35 4.12 3.98 4.00 4.18 4.75 5.36 5.74 5.72 5.47 5.23 4.97 4.56 3.88 3.33 3.08 3.17 3.51 3.98 4.49 5.13 5.91 6.72 7.39 8.38
7.03 6.63 6.19 6.09 6.09 6.08 6.11 6.25 6.40 6.34 6.01 5.66 5.67 6.01 6.54 7.35 8.09 8.82 9.10 9.33 9.62 9.70 9.96 9.66 9.27 8.57 8.03 7.62 7.10 6.86 6.78 6.66 6.37 6.23 6.35 6.58 6.72 6.82 6.90 6.77 6.48 6.21 6.11 6.14 6.17 6.10 6.33 6.96 7.60 7.97 8.03 7.78 7.34 6.82 6.54 6.49 6.48 6.44 6.29 6.10 5.97 6.01 6.21 6.61 7.11 7.34 7.16 6.83 6.48 6.11 5.57 4.87 4.13 3.80 3.83 4.16 4.60 5.20 6.07 7.37 8.79 9.86 10.62 11.36
6.95 6.58 6.19 6.14 6.23 6.31 6.43 6.72 7.19 7.60 7.73 7.66 7.51 7.29 7.25 7.64 8.30 9.21 9.78 10.13 10.45 10.45 10.10 9.62 8.96 8.48 8.29 8.20 8.00 7.81 7.70 7.59 7.32 7.11 6.97 6.88 6.86 6.83 6.64 6.30 6.12 6.22 6.30 6.46 6.75 7.16 7.68 8.18 8.38 8.23 7.96 7.63 7.31 7.00 6.88 6.99 7.09 7.24 7.39 7.54 7.67 7.91 8.16 8.31 8.15 7.67 6.97 6.54 6.15 5.56 4.87 4.31 4.05 4.14 4.54 5.15 5.84 6.80 8.30 10.13 11.58 12.45 12.73 12.63
6.92 6.62 6.29 6.30 6.41 6.47 6.54 6.91 7.65 8.46 9.02 9.26 9.22 8.93 8.61 8.60 9.06 9.90 10.40 10.31 10.73 10.21 9.52 9.05 8.37 8.14 8.22 8.34 8.27 8.06 7.82 7.65 7.42 7.27 7.06 6.90 6.84 6.69 6.49 6.42 6.56 6.69 6.72 6.87 7.09 7.20 7.25 7.22 6.92 6.62 6.47 6.56 6.77 6.87 6.78 6.76 6.88 7.09 7.37 7.67 8.00 8.34 8.36 7.99 7.14 6.12 5.49 5.47 5.39 4.94 4.49 4.33 4.45 4.81 5.47 6.27 7.22 8.52 10.22 11.56 12.24 12.41 12.13 11.52
6.95 6.72 6.50 6.55 6.66 6.70 6.83 7.39 8.37 9.08 9.39 9.46 9.46 9.47 9.46 9.66 10.08 10.56 10.58 10.36 10.08 9.72 9.12 8.42 7.90 7.69 7.69 7.88 7.99 7.90 7.66 7.35 6.83 6.45 6.30 6.41 6.54 6.54 6.45 6.39 6.36 6.42 6.55 6.72 6.78 6.51 6.17 5.76 5.57 5.47 5.46 5.66 6.00 6.26 6.37 6.49 6.67 6.78 6.90 7.12 7.47 7.69 7.35 6.36 5.22 4.52 4.41 4.77 5.12 5.14 5.00 5.03 5.36 5.99 6.89 7.85 8.93 10.22 11.18 11.44 10.66 9.42 8.54 8.13
