project/data/elevation/US_DEM2016/US_DEM2016_point_10-29-2019_1414_30m_vel.asc
ncols	125
nrows	167
xllcorner	-2042055.000000
yllcorner	1465035.000000
cellsize	30.000000
NODATA_value	-9999.000000
[rows 0 to 37 of 167, columns 0 to 83 of 125]
2.48 2.24 2.03 2.26 2.72 3.26 3.74 4.04 4.12 4.16 4.28 4.51 4.61 4.38 4.17 4.13 4.07 3.97 3.84 3.70 3.60 3.63 3.73 3.83 3.90 3.86 3.74 3.42 3.02 2.58 2.18 1.82 1.55 1.39 1.31 1.33 1.50 1.80 2.10 2.28 2.37 2.42 2.48 2.51 2.45 2.30 2.10 2.10 2.29 2.66 3.02 3.28 3.43 3.60 3.67 3.71 3.66 3.38 3.09 2.87 2.75 2.75 2.85 3.08 3.22 3.25 3.20 3.00 2.62 2.36 2.28 2.36 2.51 2.66 2.79 2.88 2.98 3.17 3.39 3.51 3.63 3.68 3.50 3.40
2.48 2.24 2.03 2.26 2.72 3.26 3.74 4.04 4.12 4.16 4.28 4.51 4.61 4.38 4.17 4.13 4.07 3.97 3.84 3.70 3.60 3.63 3.73 3.83 3.90 3.86 3.74 3.42 3.02 2.58 2.18 1.82 1.55 1.39 1.31 1.33 1.50 1.80 2.10 2.28 2.37 2.42 2.48 2.51 2.45 2.30 2.10 2.10 2.29 2.66 3.02 3.28 3.43 3.60 3.67 3.71 3.66 3.38 3.09 2.87 2.75 2.75 2.85 3.08 3.22 3.25 3.20 3.00 2.62 2.36 2.28 2.36 2.51 2.66 2.79 2.88 2.98 3.17 3.39 3.51 3.63 3.68 3.50 3.40
2.44 2.23 2.06 2.26 2.61 3.04 3.44 3.70 3.82 3.87 3.98 4.18 4.25 4.14 3.96 3.91 3.92 3.91 3.80 3.62 3.54 3.56 3.60 3.64 3.66 3.61 3.42 3.12 2.78 2.42 2.09 1.82 1.61 1.48 1.40 1.40 1.52 1.71 1.92 2.11 2.20 2.26 2.33 2.42 2.50 2.50 2.45 2.42 2.55 2.79 3.01 3.15 3.28 3.38 3.44 3.47 3.48 3.39 3.21 2.96 2.76 2.66 2.73 2.87 2.96 3.00 3.02 2.99 2.90 2.72 2.61 2.59 2.61 2.65 2.68 2.73 2.82 2.99 3.13 3.21 3.28 3.37 3.38 3.38
2.55 2.30 2.15 2.30 2.53 2.74 2.95 3.06 3.10 3.17 3.35 3.49 3.54 3.48 3.41 3.40 3.47 3.57 3.56 3.47 3.45 3.44 3.36 3.25 3.19 3.10 2.93 2.72 2.50 2.30 2.10 1.95 1.86 1.81 1.76 1.70 1.67 1.69 1.75 1.87 2.07 2.25 2.40 2.55 2.70 2.83 2.91 2.92 2.97 3.04 3.02 2.95 2.96 2.95 2.93 2.87 2.88 3.00 3.07 3.05 2.94 2.79 2.68 2.61 2.51 2.47 2.57 2.76 2.92 2.98 2.97 2.88 2.75 2.62 2.53 2.51 2.57 2.67 2.69 2.63 2.68 2.92 3.16 3.28
2.67 2.41 2.25 2.33 2.46 2.59 2.64 2.67 2.63 2.66 2.77 2.89 2.94 2.91 2.89 2.92 2.98 3.06 3.21 3.35 3.42 3.31 3.13 2.94 2.78 2.69 2.65 2.59 2.51 2.43 2.36 2.31 2.30 2.30 2.25 2.13 1.99 1.91 1.87 1.95 2.19 2.45 2.66 2.84 2.91 2.98 3.05 3.13 3.20 3.16 3.04 2.90 2.79 2.67 2.53 2.27 2.13 2.18 2.44 2.74 2.88 2.88 2.76 2.52 2.30 2.15 2.12 2.21 2.39 2.53 2.60 2.59 2.53 2.45 2.38 2.37 2.41 2.44 2.42 2.36 2.44 2.71 2.98 3.03
2.74 2.50 2.34 2.39 2.44 2.52 2.53 2.44 2.38 2.35 2.33 2.42 2.52 2.58 2.67 2.77 2.86 2.87 3.01 3.21 3.26 3.09 2.87 2.66 2.49 2.47 2.53 2.58 2.60 2.63 2.66 2.69 2.70 2.64 2.53 2.40 2.27 2.17 2.10 2.11 2.21 2.35 2.54 2.75 2.86 2.90 2.95 3.05 3.10 3.06 2.97 2.92 2.84 2.60 2.29 2.01 1.90 1.93 2.06 2.24 2.44 2.57 2.55 2.36 2.17 2.02 1.93 1.89 1.90 1.93 1.99 2.05 2.10 2.14 2.16 2.20 2.24 2.27 2.29 2.31 2.40 2.58 2.72 2.65
2.85 2.69 2.55 2.56 2.55 2.51 2.41 2.23 2.11 2.06 2.01 2.06 2.20 2.40 2.60 2.74 2.89 2.93 2.90 2.91 2.91 2.79 2.63 2.49 2.43 2.45 2.50 2.54 2.61 2.72 2.83 2.90 2.87 2.80 2.70 2.61 2.55 2.46 2.33 2.20 2.15 2.17 2.23 2.38 2.51 2.53 2.56 2.65 2.76 2.80 2.84 2.89 2.87 2.78 2.61 2.44 2.40 2.40 2.35 2.27 2.19 2.18 2.17 2.12 2.01 1.91 1.84 1.81 1.80 1.81 1.83 1.86 1.89 1.93 1.97 1.99 2.02 2.07 2.15 2.25 2.37 2.47 2.46 2.30
2.91 2.91 2.93 2.87 2.74 2.48 2.20 1.95 1.86 1.86 1.82 1.81 1.98 2.27 2.48 2.56 2.72 2.81 2.70 2.57 2.51 2.46 2.43 2.45 2.46 2.48 2.52 2.54 2.59 2.71 2.85 2.95 2.99 3.03 3.10 3.18 3.18 3.05 2.82 2.54 2.28 2.11 2.04 2.01 2.02 2.07 2.12 2.22 2.46 2.68 2.76 2.84 2.91 3.03 3.10 3.10 2.98 2.83 2.64 2.41 2.19 2.03 1.98 1.95 1.89 1.82 1.77 1.80 1.86 1.90 1.89 1.86 1.84 1.85 1.87 1.89 1.91 1.96 2.06 2.16 2.25 2.28 2.23 2.08
3.00 3.11 3.30 3.19 2.92 2.53 2.11 1.85 1.79 1.80 1.77 1.77 1.93 2.17 2.29 2.29 2.39 2.50 2.45 2.35 2.30 2.25 2.24 2.32 2.39 2.44 2.55 2.66 2.72 2.76 2.88 3.05 3.23 3.47 3.73 3.87 3.87 3.75 3.56 3.27 2.87 2.45 2.14 1.99 1.93 1.99 2.16 2.37 2.67 2.78 2.73 2.66 2.67 2.79 2.94 2.99 2.89 2.70 2.48 2.28 2.12 2.00 1.94 1.94 1.92 1.88 1.85 1.89 1.93 1.93 1.89 1.84 1.84 1.90 1.98 2.06 2.11 2.16 2.21 2.21 2.18 2.12 2.07 2.04
2.99 3.20 3.44 3.38 3.10 2.75 2.32 2.08 2.04 2.06 2.01 1.99 2.06 2.16 2.14 2.07 2.12 2.25 2.32 2.34 2.31 2.20 2.14 2.19 2.29 2.39 2.53 2.70 2.83 2.92 3.08 3.29 3.54 3.76 3.89 3.92 3.90 3.88 3.87 3.81 3.60 3.25 2.84 2.49 2.29 2.31 2.45 2.71 2.91 2.85 2.67 2.41 2.22 2.03 2.09 2.24 2.32 2.26 2.17 2.07 1.99 1.92 1.90 1.94 2.07 2.14 2.16 2.14 2.03 1.91 1.88 1.92 2.04 2.22 2.39 2.52 2.62 2.69 2.71 2.64 2.53 2.45 2.40 2.35
2.98 3.08 3.34 3.45 3.35 3.18 2.98 2.89 2.87 2.78 2.64 2.48 2.35 2.24 2.10 1.96 1.98 2.18 2.38 2.50 2.47 2.33 2.23 2.23 2.31 2.39 2.48 2.63 2.88 3.16 3.38 3.53 3.59 3.55 3.40 3.26 3.28 3.44 3.61 3.76 3.82 3.75 3.52 3.16 2.79 2.59 2.60 2.80 2.87 2.74 2.52 2.27 1.99 1.76 1.68 1.72 1.84 1.94 1.97 1.95 1.92 1.90 1.93 2.03 2.24 2.46 2.54 2.43 2.22 2.01 2.01 2.19 2.46 2.70 2.89 3.03 3.13 3.16 3.13 3.07 3.01 2.97 2.89 2.76
2.86 2.84 3.06 3.40 3.62 3.74 3.80 3.86 3.87 3.70 3.45 3.16 2.83 2.49 2.19 2.05 2.08 2.28 2.51 2.61 2.58 2.49 2.40 2.35 2.39 2.49 2.62 2.81 3.07 3.31 3.39 3.37 3.21 2.95 2.69 2.56 2.65 2.85 3.04 3.23 3.42 3.59 3.67 3.56 3.26 2.92 2.79 2.84 2.74 2.53 2.29 2.18 2.06 1.89 1.71 1.61 1.66 1.79 1.89 1.93 1.97 2.04 2.15 2.29 2.48 2.65 2.74 2.68 2.51 2.36 2.32 2.51 2.77 3.01 3.15 3.21 3.16 3.04 2.85 2.73 2.70 2.69 2.66 2.62
2.66 2.56 2.65 3.10 3.52 3.83 4.05 4.17 4.22 4.14 3.93 3.66 3.34 2.91 2.52 2.34 2.33 2.40 2.50 2.52 2.49 2.47 2.43 2.41 2.46 2.60 2.78 2.94 3.03 3.02 2.92 2.71 2.44 2.19 2.09 2.16 2.28 2.34 2.36 2.50 2.73 3.00 3.29 3.48 3.46 3.25 3.05 2.93 2.64 2.26 2.02 1.97 1.86 1.74 1.63 1.58 1.63 1.77 1.92 2.05 2.16 2.29 2.43 2.55 2.64 2.68 2.74 2.83 2.85 2.78 2.74 2.86 3.05 3.16 3.13 2.95 2.65 2.29 2.00 1.83 1.76 1.78 1.87 1.99
2.73 2.64 2.62 2.74 2.98 3.29 3.52 3.66 3.69 3.69 3.69 3.63 3.50 3.25 2.97 2.71 2.55 2.46 2.40 2.31 2.26 2.30 2.34 2.37 2.44 2.54 2.60 2.58 2.44 2.27 2.08 1.84 1.63 1.55 1.64 1.82 1.87 1.79 1.77 1.89 2.07 2.30 2.57 2.85 3.10 3.20 3.16 2.97 2.66 2.25 1.94 1.70 1.53 1.49 1.53 1.62 1.73 1.87 2.04 2.25 2.43 2.57 2.64 2.71 2.76 2.80 2.87 3.00 3.11 3.12 3.11 3.20 3.22 3.08 2.76 2.33 1.92 1.68 1.57 1.50 1.45 1.50 1.58 1.65
2.86 2.91 2.78 2.58 2.41 2.44 2.52 2.55 2.52 2.62 2.81 2.99 3.06 3.08 3.05 2.92 2.72 2.52 2.35 2.18 2.09 2.13 2.21 2.26 2.26 2.22 2.10 1.91 1.72 1.58 1.49 1.44 1.43 1.47 1.52 1.52 1.47 1.47 1.53 1.59 1.66 1.74 1.87 2.11 2.48 2.96 3.11 3.02 2.75 2.43 2.03 1.70 1.56 1.59 1.72 1.85 1.93 2.01 2.16 2.42 2.71 2.87 2.96 3.02 3.09 3.19 3.27 3.33 3.38 3.38 3.38 3.35 3.11 2.65 2.17 1.84 1.69 1.64 1.65 1.68 1.68 1.69 1.72 1.77
2.83 2.82 2.67 2.42 2.02 1.72 1.53 1.43 1.43 1.52 1.68 1.85 2.10 2.36 2.63 2.77 2.75 2.58 2.37 2.18 2.08 2.09 2.13 2.12 2.04 1.89 1.72 1.60 1.53 1.47 1.46 1.55 1.69 1.78 1.76 1.69 1.62 1.63 1.70 1.77 1.79 1.82 1.90 2.15 2.54 2.99 3.10 3.01 2.78 2.45 2.14 1.95 1.90 1.98 2.09 2.16 2.16 2.18 2.35 2.69 3.05 3.35 3.52 3.56 3.60 3.69 3.77 3.80 3.81 3.77 3.64 3.34 2.78 2.25 1.98 1.90 1.90 1.88 1.87 1.90 1.94 1.97 1.98 2.13
2.64 2.48 2.28 2.12 1.72 1.33 1.06 0.99 1.05 1.16 1.28 1.42 1.63 1.93 2.23 2.49 2.62 2.59 2.44 2.30 2.22 2.18 2.14 2.06 1.96 1.86 1.79 1.80 1.83 1.82 1.77 1.76 1.86 2.04 2.14 2.18 2.16 2.11 2.11 2.18 2.29 2.44 2.62 2.89 3.14 3.22 3.08 2.95 2.83 2.62 2.37 2.27 2.28 2.36 2.46 2.52 2.49 2.55 2.80 3.18 3.58 3.86 4.00 4.04 4.02 4.02 4.07 4.13 4.17 4.06 3.79 3.36 2.72 2.39 2.34 2.36 2.32 2.22 2.14 2.13 2.19 2.28 2.45 2.72
2.65 2.48 2.20 1.93 1.68 1.43 1.28 1.30 1.46 1.63 1.79 1.94 2.11 2.25 2.33 2.38 2.48 2.55 2.52 2.45 2.36 2.27 2.17 2.09 2.04 2.03 2.06 2.11 2.17 2.22 2.19 2.07 2.04 2.19 2.40 2.58 2.67 2.66 2.61 2.66 2.89 3.10 3.30 3.42 3.39 3.16 2.88 2.78 2.81 2.79 2.64 2.53 2.55 2.67 2.80 2.85 2.90 3.02 3.36 3.73 3.96 4.02 4.02 4.04 4.05 4.03 4.01 4.02 4.08 4.04 3.92 3.77 3.45 3.29 3.32 3.34 3.27 3.10 2.95 2.83 2.77 2.82 3.05 3.26
2.75 2.65 2.39 2.08 1.94 1.98 2.10 2.28 2.50 2.68 2.82 2.95 2.97 2.84 2.65 2.51 2.48 2.53 2.56 2.53 2.45 2.36 2.26 2.21 2.21 2.24 2.27 2.31 2.39 2.51 2.59 2.59 2.55 2.57 2.70 2.93 3.15 3.25 3.28 3.34 3.45 3.55 3.53 3.37 3.07 2.69 2.40 2.40 2.61 2.76 2.84 2.82 2.89 3.01 3.08 3.07 3.16 3.42 3.76 3.92 3.88 3.74 3.62 3.63 3.72 3.80 3.83 3.77 3.72 3.77 3.97 4.17 4.36 4.42 4.45 4.54 4.60 4.54 4.39 4.16 3.96 3.74 3.63 3.51
2.68 2.52 2.28 2.14 2.28 2.60 3.01 3.35 3.58 3.67 3.67 3.61 3.49 3.22 2.97 2.76 2.65 2.61 2.60 2.58 2.54 2.50 2.47 2.45 2.44 2.43 2.45 2.51 2.58 2.70 2.90 3.12 3.31 3.42 3.46 3.55 3.64 3.69 3.76 3.78 3.71 3.54 3.27 2.92 2.53 2.17 2.00 2.09 2.43 2.74 2.99 3.16 3.27 3.28 3.25 3.20 3.35 3.65 3.74 3.65 3.44 3.24 3.09 3.05 3.17 3.36 3.50 3.50 3.38 3.40 3.69 4.09 4.45 4.63 4.76 4.98 5.13 5.13 5.01 4.89 4.76 4.52 4.05 3.51
2.45 2.26 2.09 2.22 2.66 3.22 3.63 3.88 3.98 3.92 3.78 3.63 3.49 3.32 3.17 3.00 2.84 2.71 2.66 2.65 2.66 2.71 2.78 2.83 2.83 2.78 2.81 2.86 2.90 3.01 3.28 3.63 3.90 4.05 4.07 3.97 3.85 3.77 3.72 3.63 3.44 3.12 2.74 2.38 2.09 1.94 1.95 2.16 2.56 2.95 3.32 3.59 3.66 3.58 3.46 3.44 3.57 3.57 3.44 3.16 2.91 2.69 2.48 2.35 2.44 2.56 2.71 2.82 2.82 2.86 3.02 3.35 3.71 3.96 4.18 4.40 4.53 4.54 4.54 4.54 4.59 4.52 4.21 3.57
2.63 2.49 2.50 2.86 3.37 3.70 3.80 3.80 3.74 3.55 3.39 3.28 3.19 3.15 3.11 3.03 2.91 2.78 2.74 2.79 2.90 3.07 3.24 3.35 3.39 3.38 3.38 3.43 3.51 3.64 3.85 4.01 4.04 3.99 3.88 3.72 3.58 3.41 3.24 3.03 2.78 2.49 2.19 1.95 1.89 1.98 2.21 2.57 2.91 3.29 3.57 3.68 3.72 3.76 3.70 3.65 3.56 3.33 3.02 2.65 2.34 2.07 1.77 1.60 1.59 1.58 1.58 1.73 1.94 2.07 2.31 2.51 2.69 2.81 2.96 3.16 3.19 3.24 3.34 3.44 3.74 4.11 4.22 4.02
3.00 3.17 3.52 3.75 3.83 3.79 3.61 3.44 3.25 3.11 3.04 2.96 2.89 2.87 2.88 2.88 2.85 2.81 2.85 2.97 3.18 3.39 3.55 3.69 3.74 3.79 3.86 3.95 4.06 4.15 4.14 3.99 3.72 3.43 3.17 3.03 3.01 2.87 2.62 2.34 2.08 1.91 1.81 1.86 2.02 2.23 2.53 2.88 3.20 3.44 3.48 3.46 3.49 3.59 3.65 3.58 3.36 3.01 2.59 2.20 1.82 1.41 1.11 1.00 0.99 0.95 0.95 1.07 1.31 1.58 1.80 1.97 2.03 2.01 1.99 2.11 2.25 2.43 2.61 2.78 3.07 3.52 3.98 4.17
3.15 3.44 3.82 3.88 3.75 3.59 3.31 3.14 2.93 2.85 2.84 2.76 2.70 2.66 2.68 2.74 2.78 2.84 2.93 3.01 3.10 3.18 3.30 3.47 3.61 3.75 3.90 4.01 4.04 3.99 3.81 3.47 3.05 2.74 2.57 2.52 2.45 2.25 1.99 1.81 1.69 1.67 1.78 2.04 2.29 2.53 2.84 3.12 3.31 3.32 3.16 3.04 3.06 3.17 3.28 3.28 3.12 2.82 2.40 1.99 1.57 1.13 0.85 0.74 0.79 0.84 0.94 1.16 1.40 1.54 1.63 1.66 1.65 1.61 1.56 1.62 1.84 2.13 2.29 2.40 2.63 2.95 3.41 3.79
3.13 3.26 3.44 3.47 3.39 3.20 3.02 2.88 2.76 2.71 2.68 2.59 2.54 2.53 2.58 2.66 2.76 2.84 2.87 2.82 2.75 2.70 2.75 2.92 3.23 3.48 3.63 3.66 3.57 3.38 3.08 2.71 2.36 2.15 2.08 2.02 1.84 1.65 1.55 1.59 1.69 1.86 2.11 2.33 2.60 2.92 3.19 3.34 3.30 3.10 2.92 2.84 2.84 2.87 2.92 2.98 2.97 2.84 2.50 2.07 1.68 1.39 1.19 1.11 1.10 1.17 1.34 1.50 1.54 1.50 1.46 1.46 1.42 1.37 1.36 1.44 1.63 1.79 1.87 1.97 2.15 2.35 2.75 3.27
3.13 3.03 2.98 3.05 3.31 3.01 2.87 2.68 2.60 2.56 2.50 2.44 2.40 2.41 2.50 2.62 2.75 2.80 2.79 2.74 2.70 2.71 2.79 2.99 3.25 3.37 3.33 3.20 3.00 2.75 2.45 2.16 1.89 1.73 1.66 1.60 1.51 1.48 1.53 1.68 1.93 2.23 2.44 2.67 2.97 3.27 3.45 3.41 3.19 2.95 2.78 2.70 2.67 2.70 2.78 2.85 2.92 2.93 2.77 2.44 2.16 2.02 1.94 1.90 1.85 1.86 1.89 1.76 1.54 1.43 1.40 1.33 1.25 1.20 1.24 1.34 1.42 1.45 1.48 1.61 1.76 1.92 2.25 2.79
3.14 3.00 2.82 2.83 2.92 3.01 3.01 2.81 2.66 2.59 2.51 2.46 2.44 2.46 2.54 2.65 2.76 2.86 2.92 2.96 3.05 3.19 3.36 3.47 3.44 3.27 2.99 2.72 2.48 2.25 2.03 1.83 1.70 1.65 1.61 1.58 1.63 1.74 1.84 1.95 2.16 2.41 2.68 3.02 3.31 3.52 3.48 3.30 3.07 2.84 2.61 2.47 2.48 2.58 2.71 2.82 2.90 3.00 3.05 2.99 2.92 2.95 3.00 2.96 2.84 2.69 2.44 2.11 1.86 1.74 1.56 1.33 1.15 1.13 1.21 1.26 1.28 1.30 1.37 1.50 1.64 1.78 2.01 2.40
3.13 2.98 2.75 2.72 2.80 2.96 3.13 3.12 2.99 2.91 2.85 2.77 2.76 2.77 2.78 2.78 2.84 2.97 3.11 3.24 3.38 3.50 3.53 3.43 3.20 2.87 2.54 2.25 2.01 1.84 1.78 1.76 1.78 1.88 1.94 1.95 1.96 2.06 2.19 2.27 2.36 2.54 2.89 3.25 3.50 3.54 3.38 3.15 3.00 2.81 2.52 2.34 2.38 2.54 2.67 2.75 2.82 3.03 3.23 3.41 3.65 3.93 4.16 4.22 4.06 3.77 3.33 2.95 2.74 2.45 1.95 1.48 1.28 1.31 1.32 1.27 1.27 1.35 1.47 1.58 1.69 1.78 1.92 2.13
3.07 2.88 2.65 2.59 2.62 2.80 3.03 3.21 3.20 3.13 3.09 3.01 3.01 3.02 3.01 2.95 2.91 2.97 3.12 3.26 3.33 3.29 3.10 2.82 2.54 2.29 2.07 1.87 1.71 1.67 1.76 1.96 2.12 2.21 2.29 2.34 2.35 2.40 2.53 2.59 2.63 2.78 3.13 3.38 3.48 3.38 3.18 3.02 2.95 2.90 2.74 2.52 2.46 2.53 2.57 2.62 2.79 3.07 3.33 3.63 3.94 4.19 4.42 4.68 4.72 4.65 4.41 4.09 3.70 3.17 2.58 2.09 1.90 1.81 1.66 1.55 1.59 1.73 1.83 1.85 1.85 1.85 1.88 1.95
3.02 2.91 2.73 2.59 2.56 2.63 2.84 3.08 3.19 3.14 3.01 2.89 2.86 2.90 2.94 2.93 2.87 2.88 2.98 3.03 2.93 2.71 2.43 2.16 1.93 1.76 1.63 1.58 1.60 1.73 2.02 2.33 2.50 2.58 2.61 2.66 2.75 2.81 2.84 2.89 2.97 3.14 3.31 3.38 3.27 3.08 2.89 2.83 2.92 3.03 3.05 2.94 2.73 2.66 2.63 2.71 2.90 3.16 3.37 3.61 3.73 3.85 3.99 4.18 4.43 4.62 4.71 4.72 4.48 4.12 3.82 3.55 3.22 2.72 2.31 2.23 2.36 2.48 2.42 2.25 2.05 1.91 1.81 1.84
3.12 3.08 2.92 2.74 2.65 2.62 2.71 2.91 3.10 3.16 3.02 2.84 2.74 2.70 2.72 2.73 2.76 2.81 2.83 2.69 2.40 2.07 1.79 1.57 1.39 1.26 1.21 1.29 1.53 1.90 2.28 2.52 2.69 2.79 2.85 2.92 2.98 3.01 3.01 3.06 3.20 3.34 3.40 3.28 3.04 2.77 2.66 2.69 2.82 3.04 3.16 3.16 3.08 2.95 2.89 2.92 2.99 3.13 3.28 3.41 3.35 3.24 3.18 3.29 3.56 3.91 4.25 4.56 4.78 4.83 4.87 4.79 4.51 4.07 3.57 3.41 3.37 3.22 2.90 2.46 2.10 1.89 1.80 1.76
3.15 3.02 2.86 2.76 2.71 2.69 2.67 2.78 3.01 3.20 3.23 3.09 2.93 2.80 2.71 2.66 2.69 2.73 2.62 2.32 1.92 1.59 1.33 1.16 1.07 1.03 1.05 1.16 1.41 1.76 2.09 2.29 2.44 2.61 2.76 2.87 2.88 2.91 2.96 3.05 3.22 3.36 3.34 3.17 3.00 2.78 2.67 2.66 2.71 2.83 3.01 3.13 3.20 3.14 3.05 2.94 2.91 2.93 3.05 3.05 2.94 2.81 2.72 2.75 2.92 3.19 3.55 3.95 4.34 4.62 4.82 4.94 4.93 4.88 4.75 4.48 4.04 3.48 2.90 2.40 2.10 1.93 1.80 1.67
2.95 2.70 2.46 2.49 2.59 2.62 2.59 2.61 2.81 3.06 3.23 3.20 3.07 2.93 2.82 2.71 2.67 2.59 2.36 2.01 1.72 1.49 1.31 1.20 1.18 1.23 1.29 1.33 1.41 1.52 1.62 1.76 1.91 2.08 2.27 2.43 2.53 2.63 2.76 2.95 3.10 3.13 3.03 2.90 2.83 2.73 2.60 2.56 2.56 2.61 2.74 2.94 3.07 3.10 3.00 2.79 2.70 2.68 2.77 2.73 2.58 2.45 2.42 2.53 2.70 2.84 3.00 3.22 3.49 3.74 3.98 4.23 4.45 4.67 4.78 4.69 4.17 3.38 2.80 2.50 2.28 1.98 1.68 1.53
2.61 2.37 2.16 2.22 2.32 2.32 2.26 2.28 2.42 2.68 2.94 3.07 3.04 2.93 2.83 2.72 2.62 2.46 2.23 2.03 1.91 1.83 1.76 1.70 1.68 1.72 1.73 1.71 1.66 1.61 1.61 1.64 1.67 1.73 1.84 2.04 2.29 2.44 2.60 2.81 2.88 2.79 2.56 2.34 2.16 2.09 2.11 2.16 2.24 2.40 2.54 2.67 2.82 2.89 2.79 2.63 2.54 2.55 2.58 2.54 2.39 2.24 2.29 2.42 2.59 2.65 2.65 2.70 2.81 2.98 3.08 3.28 3.57 3.86 4.10 4.28 4.15 3.66 3.10 2.73 2.31 1.87 1.55 1.44
2.50 2.42 2.37 2.38 2.26 2.14 2.05 2.03 2.10 2.31 2.60 2.86 2.96 2.92 2.81 2.67 2.54 2.42 2.31 2.27 2.30 2.32 2.34 2.33 2.30 2.28 2.25 2.18 2.10 2.04 2.01 1.95 1.86 1.79 1.81 1.97 2.20 2.35 2.51 2.67 2.68 2.51 2.19 1.77 1.54 1.53 1.65 1.84 2.07 2.25 2.40 2.48 2.57 2.68 2.64 2.61 2.58 2.61 2.59 2.57 2.47 2.37 2.43 2.44 2.46 2.35 2.27 2.34 2.46 2.58 2.70 2.81 2.95 3.16 3.35 3.72 4.02 4.00 3.61 2.96 2.31 1.92 1.76 1.76
2.76 2.82 2.90 2.84 2.68 2.40 2.19 2.06 2.01 2.06 2.24 2.52 2.77 2.88 2.79 2.61 2.49 2.44 2.46 2.58 2.71 2.83 2.93 2.98 2.98 2.89 2.78 2.66 2.51 2.37 2.27 2.21 2.15 2.07 2.01 2.05 2.21 2.36 2.55 2.68 2.61 2.36 2.00 1.66 1.56 1.66 1.87 2.12 2.31 2.38 2.40 2.41 2.46 2.59 2.64 2.66 2.64 2.68 2.68 2.72 2.70 2.66 2.60 2.41 2.23 2.08 2.02 2.12 2.28 2.42 2.56 2.70 2.73 2.80 2.98 3.31 3.69 3.96 3.95 3.65 3.08 2.78 2.68 2.66
2.97 3.09 3.18 3.10 2.95 2.71 2.46 2.25 2.09 1.98 1.98 2.13 2.42 2.65 2.71 2.58 2.49 2.50 2.64 2.86 3.06 3.24 3.39 3.50 3.49 3.42 3.32 3.16 2.92 2.63 2.40 2.30 2.29 2.36 2.44 2.45 2.48 2.60 2.78 2.89 2.83 2.60 2.27 2.08 2.14 2.34 2.57 2.73 2.78 2.63 2.50 2.42 2.46 2.56 2.65 2.67 2.66 2.71 2.75 2.85 2.86 2.82 2.69 2.40 2.13 1.96 1.94 2.04 2.17 2.26 2.40 2.55 2.63 2.67 2.84 3.05 3.31 3.67 4.03 4.31 4.33 4.15 3.94 3.75
3.00 3.08 3.08 2.97 2.84 2.67 2.51 2.34 2.14 1.97 1.89 1.93 2.08 2.35 2.53 2.53 2.48 2.51 2.69 2.94 3.13 3.28 3.40 3.49 3.52 3.53 3.51 3.46 3.31 3.03 2.69 2.44 2.39 2.51 2.66 2.76 2.85 2.95 3.07 3.21 3.28 3.22 3.19 3.10 3.06 3.14 3.21 3.13 2.97 2.76 2.57 2.48 2.44 2.52 2.63 2.66 2.65 2.74 2.80 2.87 2.86 2.86 2.79 2.57 2.30 2.10 2.02 2.05 2.11 2.16 2.25 2.36 2.48 2.58 2.72 2.87 3.06 3.35 3.82 4.32 4.66 4.69 4.53 4.26
