project/data/elevation/US_DEM2016/US_DEM2016_point_10-31-2019_0551_30m_vel.asc
ncols	125
nrows	167
xllcorner	-2042055.000000
yllcorner	1465035.000000
cellsize	30.000000
NODATA_value	-9999.000000
[rows 76 to 113 of 167, columns 0 to 83 of 125]
5.71 5.57 5.51 5.64 5.77 6.02 6.53 7.05 7.26 7.05 6.70 6.53 6.80 7.43 8.05 8.63 8.95 8.85 8.35 7.79 7.42 7.11 6.77 6.44 6.23 6.09 5.93 5.92 6.08 6.26 6.30 6.12 5.64 5.27 5.26 5.37 5.38 5.19 4.88 4.65 4.57 4.74 5.05 5.12 5.03 4.88 4.80 4.64 4.50 4.49 4.49 4.45 4.40 4.53 4.84 5.14 5.32 5.34 5.38 5.48 5.50 5.17 4.46 3.83 3.52 3.49 3.74 4.03 4.45 4.95 5.34 5.70 6.38 7.24 8.06 8.92 9.73 10.13 9.80 8.86 7.41 5.65 4.78 4.52
5.75 5.60 5.58 5.71 5.88 6.34 6.71 6.73 6.30 5.65 5.30 5.53 6.19 7.09 7.88 8.41 8.50 8.16 7.60 7.07 6.69 6.45 6.27 6.14 6.06 5.98 5.83 5.80 5.89 6.13 6.39 6.49 6.33 6.20 6.11 5.95 5.64 5.20 4.81 4.68 4.80 4.97 5.03 4.86 4.69 4.58 4.57 4.47 4.32 4.24 4.19 4.18 4.20 4.46 4.87 5.24 5.46 5.56 5.61 5.57 5.20 4.52 4.02 3.95 4.22 4.60 4.86 5.13 5.65 6.50 7.13 7.83 8.73 9.54 10.13 10.58 10.70 10.32 9.40 8.41 7.40 6.06 5.07 4.52
5.67 5.36 5.26 5.42 5.57 5.86 5.87 5.57 5.30 5.12 5.33 5.84 6.64 7.54 8.15 8.35 8.13 7.64 7.12 6.64 6.27 6.02 5.86 5.77 5.69 5.60 5.52 5.58 5.67 5.81 6.12 6.46 6.63 6.60 6.43 6.12 5.68 5.20 4.95 4.87 4.81 4.66 4.46 4.25 4.08 3.92 3.69 3.48 3.42 3.44 3.55 3.80 4.23 4.73 5.15 5.43 5.64 5.70 5.60 5.27 4.75 4.27 4.22 4.60 5.26 5.76 6.20 6.83 7.67 8.20 8.67 9.26 9.91 10.37 10.43 10.31 9.87 8.99 8.26 7.94 7.79 7.33 6.56 5.78
5.47 5.02 4.87 5.11 5.21 5.27 5.28 5.35 5.58 5.95 6.39 6.96 7.73 8.37 8.57 8.33 7.82 7.25 6.77 6.34 5.96 5.67 5.49 5.37 5.24 5.09 5.00 5.06 5.04 5.07 5.22 5.69 6.05 6.15 6.05 5.82 5.51 5.11 4.84 4.56 4.24 3.96 3.82 3.85 3.79 3.61 3.36 3.28 3.46 3.80 4.20 4.70 5.21 5.51 5.58 5.55 5.42 5.15 4.73 4.25 3.98 4.06 4.45 5.17 6.02 6.82 7.71 8.46 8.74 8.84 8.92 9.13 9.41 9.38 9.07 8.61 7.98 7.34 7.01 7.12 7.47 7.66 7.47 6.95
5.22 4.87 4.84 5.23 5.42 5.48 5.62 5.93 6.41 6.83 7.34 8.00 8.63 8.78 8.49 7.88 7.20 6.63 6.20 5.84 5.52 5.29 5.13 4.98 4.83 4.69 4.51 4.30 4.02 3.96 3.98 4.36 4.88 5.28 5.45 5.44 5.44 5.18 4.98 4.70 4.47 4.38 4.40 4.50 4.46 4.34 4.21 4.28 4.57 5.02 5.47 5.80 5.94 5.90 5.64 5.42 5.10 4.71 4.37 4.14 4.16 4.47 5.04 5.90 6.85 7.84 8.54 8.63 8.35 8.11 8.04 8.00 7.86 7.49 7.16 6.95 6.75 6.53 6.32 6.20 6.45 6.98 7.31 7.26
5.12 4.99 5.11 5.55 5.84 5.98 6.14 6.44 6.89 7.40 8.00 8.55 8.74 8.41 7.74 7.01 6.35 5.76 5.36 5.05 4.84 4.77 4.75 4.64 4.57 4.47 4.20 3.65 3.20 3.00 2.94 3.13 3.59 4.23 4.73 5.13 5.30 5.51 5.58 5.59 5.65 5.76 5.84 5.78 5.65 5.55 5.49 5.58 5.80 5.90 5.87 5.76 5.65 5.54 5.48 5.44 5.40 5.50 5.60 5.60 5.64 5.83 6.25 6.98 7.73 8.22 8.11 7.45 7.06 7.09 7.16 7.07 6.85 6.46 6.28 6.21 6.24 6.30 6.19 5.90 5.82 6.03 6.53 6.90
5.36 5.36 5.42 5.55 5.76 6.04 6.35 6.74 7.23 7.77 8.26 8.45 8.15 7.47 6.74 6.16 5.65 5.15 4.71 4.43 4.30 4.24 4.17 4.23 4.32 4.33 4.18 3.73 3.05 2.76 2.75 2.95 3.22 3.52 4.07 4.78 5.15 5.57 5.84 6.14 6.42 6.60 6.61 6.44 6.27 6.23 6.24 6.26 6.25 6.00 5.69 5.59 5.68 5.76 5.72 5.70 5.87 6.10 6.32 6.49 6.67 6.90 7.25 7.67 8.02 7.84 7.11 6.55 6.48 6.71 6.80 6.61 6.30 6.02 5.94 5.90 5.93 6.06 6.09 5.95 5.71 5.58 5.69 6.17
5.61 5.67 5.66 5.53 5.63 6.00 6.45 6.95 7.46 7.87 8.07 7.86 7.30 6.62 6.05 5.59 5.17 4.78 4.42 4.12 3.89 3.71 3.62 3.74 4.01 4.24 4.40 4.40 4.02 3.75 3.78 3.95 3.91 3.85 4.15 4.69 4.96 5.36 5.78 6.20 6.45 6.44 6.32 6.15 6.09 6.19 6.31 6.34 6.29 6.16 6.16 6.28 6.31 6.21 5.98 5.90 6.05 6.03 6.19 6.51 6.91 7.23 7.51 7.66 7.59 7.11 6.58 6.53 6.68 6.73 6.56 6.16 5.67 5.32 5.16 5.21 5.31 5.41 5.53 5.61 5.52 5.29 5.06 5.32
5.60 5.67 5.74 5.75 5.90 6.24 6.66 7.14 7.51 7.69 7.57 7.13 6.54 5.99 5.54 5.12 4.70 4.37 4.11 3.81 3.52 3.33 3.34 3.57 4.00 4.47 4.93 5.38 5.72 5.83 5.76 5.50 5.14 4.84 4.68 4.89 5.26 5.70 6.12 6.27 6.08 5.79 5.69 5.78 5.90 6.11 6.36 6.59 6.83 7.00 6.96 6.81 6.52 6.25 6.02 6.00 6.05 6.16 6.41 6.69 6.99 7.19 7.28 7.22 6.96 6.58 6.43 6.62 6.66 6.48 6.12 5.62 4.99 4.45 4.09 4.09 4.22 4.34 4.54 4.75 4.90 4.87 4.61 4.62
5.53 5.58 5.76 6.01 6.31 6.63 6.91 7.14 7.31 7.29 7.01 6.50 5.97 5.49 5.07 4.65 4.19 3.81 3.56 3.37 3.30 3.41 3.70 4.14 4.67 5.16 5.64 6.15 6.66 6.97 6.97 6.64 6.14 5.72 5.53 5.60 5.98 6.38 6.34 5.96 5.50 5.36 5.55 5.81 5.95 6.21 6.64 7.02 7.35 7.53 7.40 7.01 6.62 6.35 6.10 6.08 6.24 6.41 6.54 6.59 6.62 6.64 6.67 6.68 6.49 6.28 6.19 6.26 6.15 5.95 5.72 5.42 4.97 4.40 3.80 3.57 3.42 3.28 3.30 3.48 3.81 4.15 4.15 4.16
5.58 5.69 5.94 6.24 6.56 6.75 6.79 6.80 6.88 6.85 6.54 6.06 5.55 5.07 4.63 4.16 3.66 3.29 3.28 3.23 3.45 3.86 4.37 4.88 5.38 5.78 6.06 6.28 6.54 6.76 6.86 6.86 6.66 6.30 6.07 6.05 6.20 6.20 5.74 5.25 5.07 5.19 5.34 5.48 5.65 6.05 6.53 6.80 6.99 7.17 7.23 7.11 6.90 6.64 6.31 6.18 6.54 6.10 6.12 5.99 5.90 5.88 6.04 6.23 6.20 6.03 5.87 5.75 5.60 5.56 5.56 5.63 5.66 5.50 4.85 4.13 3.57 3.15 2.85 3.24 2.92 3.18 3.40 3.55
5.68 5.79 6.00 6.20 6.32 6.29 6.26 6.39 6.60 6.61 6.24 5.73 5.21 4.67 4.11 3.61 3.37 3.40 3.63 3.85 4.06 4.33 4.71 5.19 5.64 5.91 5.98 5.94 5.92 5.94 6.14 6.48 6.75 6.77 6.59 6.24 6.51 5.37 4.97 4.88 4.88 4.84 4.75 4.80 5.18 5.67 5.97 5.91 5.86 5.97 6.10 6.27 6.39 6.44 6.36 6.19 5.98 5.73 5.62 5.63 5.62 5.73 5.96 6.11 6.07 5.90 5.74 5.59 5.44 5.48 5.68 5.93 6.20 6.45 6.49 5.93 5.25 4.60 4.09 3.71 3.41 3.21 3.25 3.45
5.71 5.77 5.86 5.90 5.85 5.84 6.06 6.50 6.73 6.52 5.99 5.38 4.79 4.19 3.68 4.39 3.74 4.27 4.60 4.74 4.77 4.84 5.06 5.36 5.57 5.62 5.52 5.44 5.51 5.58 5.75 6.05 6.45 6.74 6.79 6.40 5.67 5.11 4.81 4.83 4.77 4.66 4.64 4.80 5.12 5.37 5.34 4.90 4.50 4.31 4.37 4.52 4.79 5.19 5.50 5.70 5.73 5.71 5.75 5.84 5.94 6.04 6.07 6.02 5.94 5.82 5.70 5.61 5.52 5.62 5.87 6.02 6.21 6.61 7.07 7.24 7.10 6.77 6.36 5.85 5.24 4.77 4.72 4.65
5.70 5.75 5.81 5.84 5.86 6.08 6.52 6.82 6.72 6.22 5.50 4.76 4.08 3.54 3.40 3.64 4.13 4.56 4.83 5.04 5.18 5.29 5.40 5.39 5.20 4.97 4.85 4.96 5.27 5.56 5.71 5.78 5.87 6.13 6.38 6.36 5.84 5.38 5.05 4.97 4.98 5.07 5.15 5.19 5.24 5.23 4.97 4.34 3.71 3.46 3.43 3.50 3.71 4.20 4.81 5.31 5.62 5.82 5.96 6.09 6.16 6.04 5.84 5.71 5.70 5.64 5.54 5.55 5.58 5.68 5.81 5.85 5.87 6.06 6.46 6.96 7.30 7.46 7.47 7.34 7.08 6.80 6.54 6.23
5.70 5.74 5.86 6.01 6.21 6.56 6.84 6.75 6.22 5.45 4.62 3.75 3.03 2.74 4.06 3.09 3.38 3.69 4.16 4.62 5.03 5.29 5.29 4.98 4.57 4.35 4.41 4.65 4.87 5.03 5.17 5.21 5.23 5.40 5.79 6.13 5.96 5.62 5.35 5.35 5.44 5.54 5.56 5.58 5.58 5.52 5.29 4.86 4.39 4.11 4.09 4.32 4.78 5.27 5.63 5.78 5.85 5.91 5.95 5.94 5.84 5.59 5.40 5.39 5.45 5.37 5.23 5.32 5.44 5.47 5.47 5.47 5.31 5.15 5.25 5.58 6.05 6.47 6.86 7.18 7.33 7.37 7.31 7.09
5.71 5.76 5.90 6.13 6.44 6.73 6.67 6.16 5.33 4.39 3.56 2.90 2.57 2.47 2.45 2.44 2.55 2.86 3.32 3.86 4.33 4.66 4.66 4.47 4.37 4.40 4.50 4.54 4.41 4.26 4.28 4.40 4.60 4.84 5.25 5.73 5.86 5.62 5.46 5.59 5.69 5.76 5.87 6.12 6.24 6.24 6.13 5.99 5.93 5.89 5.81 6.08 6.45 6.64 6.54 6.19 5.92 5.79 5.64 5.43 5.23 5.06 5.00 5.10 5.18 5.07 4.92 5.05 5.14 5.11 5.07 5.01 4.76 4.45 4.36 4.45 4.68 4.96 5.34 5.78 6.19 6.48 6.59 6.70
5.73 5.80 5.99 6.26 6.52 6.50 6.04 5.22 4.29 3.49 2.97 2.78 2.80 2.86 2.87 2.81 2.82 2.96 3.21 3.54 3.87 4.07 4.20 4.42 4.69 4.89 4.97 4.88 4.70 4.59 4.56 4.62 4.78 4.88 4.95 5.24 5.53 5.53 5.54 5.74 5.87 6.04 6.31 6.71 6.86 6.84 6.76 6.73 6.85 7.05 7.19 7.17 6.97 6.56 6.12 5.87 5.73 5.55 5.27 4.93 4.64 4.53 4.59 4.80 5.00 5.02 4.98 5.00 4.96 4.88 4.83 4.75 4.52 4.19 3.93 3.80 3.86 3.91 3.99 4.23 4.56 4.92 5.07 5.15
5.76 5.82 5.99 6.19 6.18 5.79 5.03 4.15 3.41 2.97 2.87 2.97 3.16 3.40 3.62 3.81 3.89 3.93 4.07 4.33 4.58 4.72 4.83 4.99 5.11 5.28 5.60 5.86 6.01 6.04 5.98 5.93 5.87 5.68 5.20 5.06 5.31 5.58 5.86 6.12 6.31 6.54 6.84 7.10 7.06 6.91 6.81 6.85 7.02 7.26 7.36 7.25 6.84 6.22 5.80 5.76 5.73 5.50 5.11 4.70 4.41 4.32 4.51 4.88 5.23 5.37 5.35 5.22 5.00 4.87 4.78 4.71 4.50 4.08 3.57 3.14 3.00 2.88 2.80 2.94 3.25 3.56 3.65 3.64
5.77 5.79 5.80 5.69 5.29 4.59 3.77 3.11 2.77 2.74 2.94 3.25 3.57 3.91 4.37 4.88 5.29 5.56 5.81 6.07 6.21 6.18 6.00 5.71 5.47 5.58 6.05 6.42 6.58 6.55 6.44 6.30 6.09 5.78 5.29 5.14 5.38 5.83 6.29 6.58 6.76 6.91 7.01 6.99 6.76 6.57 6.55 6.70 6.93 7.11 7.03 6.92 6.87 6.80 6.56 6.23 5.92 5.61 5.31 5.07 4.94 4.91 5.10 5.41 5.63 5.63 5.45 5.28 5.11 5.10 5.09 4.93 4.54 3.87 3.11 2.52 2.30 2.14 2.04 2.19 2.38 2.47 2.57 2.73
5.77 5.77 5.62 5.20 4.49 3.73 3.12 2.77 2.75 3.00 3.38 3.83 4.30 4.81 5.37 6.02 6.57 7.03 7.35 7.40 7.19 6.78 6.26 5.84 5.67 5.84 6.12 6.04 5.72 5.48 5.28 5.16 5.09 5.01 5.02 5.27 5.65 6.11 6.54 6.76 6.80 6.74 6.56 6.32 6.20 6.14 6.21 6.38 6.61 6.79 6.73 6.65 6.69 6.78 6.71 6.36 5.96 5.66 5.46 5.37 5.38 5.51 5.68 5.87 5.89 5.68 5.35 5.23 5.33 5.59 5.62 5.29 4.71 3.92 3.06 2.52 2.32 2.16 2.07 2.16 2.26 2.22 2.20 2.48
5.78 5.73 5.48 5.05 4.55 4.13 3.84 3.67 3.67 3.90 4.23 4.67 5.23 5.85 6.48 7.01 7.44 7.67 7.63 7.28 6.70 6.06 5.63 5.57 5.81 6.14 6.19 5.74 5.17 4.86 4.75 4.78 4.91 4.94 5.09 5.47 5.89 6.24 6.49 6.56 6.46 6.23 5.91 5.66 5.61 5.68 5.74 5.83 5.91 5.87 5.84 5.87 5.92 5.91 5.84 5.78 5.64 5.46 5.31 5.21 5.28 5.57 5.88 6.09 6.04 5.79 5.53 5.49 5.67 5.91 5.85 5.43 4.95 4.51 3.88 3.39 3.03 2.73 2.67 2.76 2.77 2.69 2.73 3.13
5.72 5.58 5.27 5.16 5.00 4.91 4.85 4.88 5.01 5.16 5.31 5.62 6.16 6.81 7.37 7.65 7.64 7.34 6.75 5.99 5.32 4.94 4.97 5.33 5.84 6.38 6.52 6.36 6.16 6.08 6.07 6.05 5.92 5.69 5.57 5.73 5.96 6.15 6.23 6.17 5.91 5.57 5.31 5.23 5.23 5.32 5.43 5.40 5.10 4.66 4.42 4.48 4.66 4.74 4.81 5.00 5.17 5.22 5.22 5.22 5.35 5.65 5.91 5.99 5.83 5.62 5.54 5.59 5.65 5.69 5.59 5.27 5.20 5.28 5.12 4.62 4.10 3.63 3.77 3.95 3.90 3.81 3.99 4.61
5.58 5.39 5.18 5.31 5.28 5.41 5.60 5.87 6.17 6.38 6.54 6.75 7.16 7.59 7.74 7.56 7.08 6.35 5.56 4.91 4.57 4.55 4.85 5.32 5.89 6.56 6.85 7.02 7.13 7.16 7.09 6.90 6.61 6.25 5.96 5.90 5.95 5.98 5.91 5.67 5.28 4.99 4.96 5.09 5.23 5.43 5.57 5.43 4.86 4.23 3.87 3.76 3.68 3.81 4.17 4.65 5.06 5.27 5.33 5.39 5.56 5.78 5.82 5.70 5.46 5.30 5.25 5.26 5.24 5.27 5.20 5.15 5.50 5.98 6.26 6.14 5.71 5.32 5.59 5.74 5.65 5.58 5.80 6.13
5.51 5.39 5.31 5.43 5.67 6.04 6.47 6.83 7.07 7.23 7.38 7.56 7.70 7.67 7.33 6.74 6.02 5.28 4.72 4.46 4.63 5.03 5.47 5.85 6.32 6.73 6.76 6.66 6.67 6.65 6.56 6.47 6.40 6.30 6.04 5.88 5.82 5.69 5.42 5.11 4.93 5.06 5.28 5.47 5.63 5.87 5.94 5.80 5.45 5.12 4.84 4.54 4.17 4.24 4.61 5.02 5.34 5.54 5.66 5.74 5.80 5.87 5.82 5.69 5.53 5.36 5.20 5.13 5.17 5.28 5.30 5.40 5.82 6.30 6.75 7.05 7.21 7.27 7.40 7.45 7.32 7.15 7.04 6.75
5.55 5.50 5.45 5.60 5.95 6.40 6.77 7.02 7.15 7.23 7.34 7.44 7.38 7.02 6.38 5.67 4.99 4.46 4.17 4.25 4.80 5.43 5.89 6.23 6.56 6.63 6.25 5.75 5.48 5.38 5.38 5.55 5.82 6.01 5.94 5.76 5.56 5.28 4.99 4.94 5.25 5.72 5.92 5.97 6.03 6.15 6.13 5.99 5.87 5.97 6.02 5.92 5.68 5.48 5.42 5.39 5.48 5.70 5.95 6.09 6.11 6.15 6.10 6.02 5.88 5.71 5.58 5.61 5.78 5.80 5.72 5.74 5.90 6.09 6.42 6.99 7.56 7.91 8.02 7.93 7.64 7.32 6.91 6.28
5.54 5.51 5.45 5.54 5.80 6.08 6.20 6.26 6.32 6.43 6.59 6.63 6.44 6.02 5.42 4.76 4.21 3.99 4.08 4.44 5.00 5.45 5.81 6.07 6.22 6.03 5.45 4.91 4.52 4.33 4.39 4.64 4.97 5.28 5.52 5.57 5.44 5.28 5.29 5.61 6.03 6.21 6.19 6.14 6.15 6.17 6.05 5.80 5.72 5.84 6.01 6.17 6.23 6.05 5.62 5.34 5.41 5.70 6.00 6.21 6.36 6.51 6.50 6.40 6.24 6.09 6.02 6.08 6.13 5.98 5.85 5.83 5.79 5.81 6.02 6.44 6.90 7.20 7.28 7.26 7.08 6.74 6.23 5.59
5.51 5.53 5.55 5.58 5.59 5.53 5.42 5.32 5.36 5.56 5.74 5.69 5.38 4.89 4.32 3.88 3.86 4.24 4.89 5.44 5.71 5.86 5.97 6.03 5.91 5.44 4.70 4.12 3.75 3.60 3.65 3.76 3.91 4.22 4.65 5.05 5.37 5.64 5.94 6.16 6.22 6.14 6.01 5.99 6.03 6.01 5.82 5.50 5.25 5.10 5.10 5.30 5.59 5.64 5.40 5.25 5.37 5.68 5.97 6.27 6.57 6.79 6.78 6.64 6.45 6.26 6.10 5.96 5.79 5.55 5.54 5.61 5.65 5.70 5.81 5.90 5.97 5.96 6.03 6.31 6.53 6.53 6.33 6.10
5.69 5.81 5.97 5.90 5.65 5.32 5.09 4.93 4.96 5.12 5.12 4.80 4.26 3.66 3.22 3.30 3.98 4.99 5.78 6.21 6.41 6.46 6.41 6.32 6.13 5.72 4.98 4.20 3.75 3.62 3.59 3.59 3.66 3.85 4.20 4.74 5.31 5.72 5.83 5.75 5.63 5.59 5.60 5.68 5.78 5.77 5.57 5.18 4.73 4.40 4.25 4.28 4.46 4.76 4.95 5.11 5.30 5.60 5.92 6.24 6.58 6.80 6.76 6.60 6.41 6.22 6.02 5.77 5.53 5.31 5.29 5.38 5.50 5.52 5.50 5.55 5.44 5.26 5.16 5.38 5.78 6.19 6.53 6.79
5.95 6.10 6.20 6.05 5.77 5.44 5.19 5.05 4.96 4.74 4.26 3.61 2.98 2.56 2.51 2.91 3.79 4.82 5.55 6.08 6.41 6.55 6.54 6.55 6.54 6.35 5.96 5.44 5.08 5.01 5.00 4.90 4.89 4.92 5.05 5.30 5.55 5.60 5.43 5.24 5.12 5.12 5.30 5.50 5.66 5.64 5.41 5.03 4.62 4.31 4.09 3.79 3.57 3.67 4.08 4.64 5.15 5.56 5.87 6.17 6.46 6.55 6.46 6.29 6.21 6.17 6.10 5.94 5.75 5.50 5.33 5.33 5.37 5.37 5.44 5.50 5.34 5.12 4.85 4.70 4.78 5.07 5.52 5.98
5.94 5.91 5.82 5.69 5.52 5.31 5.12 4.91 4.53 3.90 3.09 2.51 2.28 2.38 2.73 3.24 3.80 4.32 4.81 5.37 5.74 5.97 6.22 6.55 6.69 6.63 6.66 6.80 6.90 6.93 6.88 6.80 6.67 6.42 6.21 6.04 5.83 5.60 5.40 5.24 5.12 5.13 5.38 5.60 5.71 5.63 5.43 5.22 5.02 4.75 4.35 3.75 3.26 3.32 3.85 4.59 5.26 5.69 5.95 6.20 6.31 6.21 6.06 6.05 6.12 6.21 6.25 6.17 6.02 5.73 5.53 5.48 5.46 5.40 5.34 5.26 5.20 5.12 4.93 4.58 4.21 3.99 4.04 4.27
5.69 5.46 5.26 5.24 5.18 5.05 4.86 4.41 3.86 3.31 2.95 2.83 3.02 3.53 4.42 5.18 5.24 5.06 4.98 5.02 5.19 5.50 6.08 6.57 6.64 6.57 6.78 7.16 7.46 7.62 7.60 7.49 7.29 6.95 6.60 6.25 5.93 5.68 5.48 5.28 5.25 5.44 5.69 5.76 5.69 5.55 5.42 5.37 5.30 4.99 4.45 3.90 3.82 4.25 4.82 5.25 5.56 5.78 6.01 6.13 6.00 5.83 5.85 6.04 6.19 6.24 6.26 6.26 6.23 6.11 5.90 5.77 5.60 5.31 4.98 4.82 4.91 5.04 5.00 4.75 4.33 4.04 3.95 4.01
5.53 5.31 5.10 5.09 5.12 5.10 4.90 4.52 4.13 3.95 4.12 4.55 5.10 5.93 6.87 7.46 7.60 7.18 6.52 6.14 6.07 6.31 6.73 6.81 6.58 6.39 6.38 6.49 6.65 6.86 6.96 6.94 6.87 6.73 6.55 6.30 6.04 5.80 5.52 5.32 5.45 5.79 5.96 5.78 5.53 5.37 5.30 5.32 5.37 5.25 4.97 4.86 5.14 5.59 5.76 5.67 5.58 5.70 5.87 5.85 5.70 5.67 5.82 5.98 6.04 6.00 5.97 6.04 6.19 6.31 6.20 5.98 5.64 5.22 4.87 4.72 4.80 4.96 5.03 5.01 5.02 5.12 5.18 5.05
5.57 5.43 5.26 5.25 5.36 5.50 5.57 5.52 5.47 5.60 6.08 6.78 7.56 8.24 8.62 8.71 8.70 8.52 8.24 7.97 7.79 7.70 7.53 7.07 6.58 6.27 6.07 5.89 5.74 5.67 5.69 5.78 5.86 5.96 6.07 6.13 6.09 5.91 5.66 5.55 5.68 5.75 5.62 5.38 5.26 5.29 5.35 5.47 5.71 5.97 6.13 6.24 6.36 6.37 6.06 5.67 5.62 5.76 5.81 5.75 5.68 5.72 5.72 5.67 5.62 5.51 5.44 5.54 5.77 6.00 6.07 5.95 5.68 5.37 5.11 4.97 4.95 4.99 5.06 5.20 5.42 5.65 5.75 5.70
5.68 5.64 5.57 5.57 5.69 5.88 6.12 6.39 6.76 7.24 7.84 8.42 8.81 8.89 8.68 8.32 8.04 8.09 8.20 8.19 8.08 7.88 7.51 6.96 6.45 6.18 6.02 5.89 5.67 5.35 5.06 4.97 5.00 5.15 5.38 5.63 5.81 5.82 5.71 5.57 5.36 5.06 4.80 4.84 5.21 5.55 5.74 5.89 6.15 6.58 6.94 7.09 7.07 6.90 6.57 6.27 6.22 6.18 6.05 5.91 5.78 5.64 5.49 5.40 5.31 5.15 5.04 5.11 5.28 5.51 5.71 5.75 5.62 5.44 5.29 5.18 5.08 5.00 5.04 5.16 5.29 5.38 5.43 5.48
5.80 5.82 5.80 5.81 5.92 6.07 6.32 6.74 7.39 8.03 8.45 8.55 8.34 7.90 7.36 6.86 6.59 6.66 6.78 6.91 7.01 6.99 6.83 6.52 6.24 6.05 5.95 5.90 5.81 5.68 5.52 5.40 5.42 5.47 5.47 5.46 5.51 5.59 5.55 5.32 4.97 4.73 4.79 5.18 5.72 6.06 6.20 6.27 6.39 6.67 6.99 7.20 7.30 7.34 7.34 7.21 7.02 6.73 6.37 6.06 5.78 5.52 5.38 5.32 5.18 4.98 4.90 4.97 5.11 5.28 5.44 5.50 5.46 5.38 5.32 5.24 5.12 5.03 5.06 5.13 5.22 5.31 5.34 5.34
5.81 5.78 5.77 5.88 6.08 6.31 6.66 7.14 7.67 7.95 7.89 7.56 7.06 6.52 6.03 5.70 5.54 5.54 5.58 5.76 6.02 6.17 6.22 6.14 6.06 5.98 5.86 5.69 5.56 5.65 5.85 6.02 6.12 6.10 5.94 5.71 5.54 5.52 5.46 5.34 5.28 5.37 5.61 6.01 6.37 6.50 6.48 6.42 6.37 6.41 6.57 6.79 7.03 7.29 7.51 7.55 7.33 6.98 6.53 6.09 5.74 5.53 5.39 5.22 4.97 4.86 4.96 5.11 5.22 5.28 5.28 5.28 5.29 5.29 5.23 5.13 5.04 5.01 5.05 5.13 5.26 5.39 5.41 5.40
5.70 5.61 5.63 5.86 6.16 6.53 7.00 7.37 7.47 7.23 6.79 6.37 5.97 5.58 5.21 4.94 4.80 4.86 5.06 5.32 5.60 5.89 5.99 5.90 5.91 6.03 5.99 5.78 5.57 5.49 5.51 5.57 5.64 5.69 5.73 5.71 5.64 5.59 5.57 5.67 5.83 5.97 6.16 6.51 6.74 6.70 6.49 6.29 6.13 6.07 6.09 6.19 6.34 6.53 6.77 6.91 6.87 6.65 6.36 6.04 5.76 5.54 5.27 5.00 4.85 4.93 5.15 5.32 5.36 5.25 5.10 5.07 5.11 5.12 5.04 4.93 4.81 4.78 4.85 5.01 5.15 5.20 5.17 5.18
5.62 5.56 5.61 5.81 6.09 6.47 6.85 6.90 6.60 6.12 5.65 5.23 4.89 4.59 4.31 4.20 4.39 4.76 5.11 5.41 5.79 6.10 6.01 5.78 5.92 6.19 6.22 6.13 6.03 5.79 5.46 5.08 4.85 4.89 5.12 5.35 5.49 5.56 5.67 5.84 6.01 6.15 6.36 6.66 6.72 6.50 6.20 5.96 5.84 5.82 5.79 5.75 5.68 5.60 5.54 5.65 5.77 5.83 5.88 5.87 5.75 5.52 5.22 5.00 5.01 5.16 5.34 5.43 5.33 5.10 4.93 4.87 4.88 4.91 4.92 4.83 4.69 4.60 4.65 4.84 4.92 4.81 4.67 4.62
