project/data/elevation/US_DEM2016/US_DEM2016_point_10-29-2019_2322_30m_ang.asc
ncols	125
nrows	167
xllcorner	-2042055.000000
yllcorner	1465035.000000
cellsize	30.000000
NODATA_value	-9999.000000
[rows 0 to 56 of 167, columns 0 to 95 of 125]
32 36 39 30 18 10 8 8 11 15 17 15 10 12 16 19 19 18 15 13 13 13 15 16 17 18 19 20 21 23 25 26 28 32 36 34 27 21 17 16 16 16 16 18 20 23 23 20 18 18 19 19 20 19 18 19 21 23 24 25 25 22 17 14 15 18 21 24 27 28 27 26 24 22 21 22 20 15 13 17 18 15 16 20 22 21 20 20 19 18 17 17 18 18 16 16
32 36 39 30 18 10 8 8 11 15 17 15 10 12 16 19 19 18 15 13 13 13 15 16 17 18 19 20 21 23 25 26 28 32 36 34 27 21 17 16 16 16 16 18 20 23 23 20 18 18 19 19 20 19 18 19 21 23 24 25 25 22 17 14 15 18 21 24 27 28 27 26 24 22 21 22 20 15 13 17 18 15 16 20 22 21 20 20 19 18 17 17 18 18 16 16
39 39 37 27 13 4 2 5 10 16 19 16 10 11 18 21 21 18 14 12 13 14 16 18 19 21 23 24 25 25 26 27 30 34 36 33 27 21 17 16 17 17 17 19 20 22 21 18 17 18 19 20 21 20 19 20 22 23 24 25 25 22 16 13 15 19 23 25 25 25 24 23 23 22 22 23 20 14 12 18 20 15 15 21 23 21 20 20 18 16 16 16 17 17 15 15
46 42 34 23 7 352 349 356 7 17 22 19 12 13 22 27 24 20 15 12 12 15 18 21 23 26 29 29 28 27 27 29 31 32 32 29 25 22 18 15 15 15 16 18 18 18 18 17 17 19 21 23 23 22 21 21 23 24 25 25 24 21 16 14 17 21 25 26 25 24 23 23 23 24 24 23 20 14 13 21 22 15 13 21 24 23 21 19 17 14 14 14 15 15 13 12
47 43 32 22 10 354 343 345 360 14 22 22 15 15 26 31 27 20 14 12 12 17 21 24 27 31 33 31 27 25 26 28 28 28 28 27 25 23 19 11 8 10 12 14 15 15 16 17 18 20 23 24 24 24 24 24 25 26 26 26 25 23 20 19 21 25 27 28 28 28 28 28 28 28 27 24 21 18 17 20 20 12 9 19 27 27 23 19 15 14 13 13 13 12 10 12
46 42 32 22 13 4 351 342 348 4 18 23 18 15 25 30 27 17 10 9 13 19 25 27 30 33 33 29 23 22 24 25 26 27 27 27 26 24 21 12 5 4 7 10 13 14 15 16 18 22 24 25 25 25 26 26 25 24 24 24 26 27 27 27 27 28 29 30 32 34 35 35 35 33 29 26 23 21 19 18 16 9 6 18 30 31 26 19 15 13 12 11 10 9 12 19
44 40 29 21 15 10 3 354 347 350 7 18 15 12 20 28 27 18 9 8 15 24 29 30 31 32 30 25 21 20 21 23 25 26 26 26 25 25 23 18 10 3 2 6 12 15 16 17 21 24 26 26 26 25 24 22 20 19 20 22 26 31 33 32 31 30 29 30 31 33 35 36 35 32 29 27 26 24 19 16 14 9 7 17 30 32 26 18 14 12 11 9 9 12 20 31
40 36 26 20 17 15 12 7 359 349 353 5 6 6 14 25 27 22 14 11 18 27 31 31 31 30 27 23 20 19 20 22 24 25 23 22 22 23 22 21 17 11 5 5 11 17 20 21 24 26 27 26 24 24 23 21 20 20 22 25 29 33 33 32 31 31 31 29 28 29 30 31 31 30 28 28 27 25 20 17 14 10 10 17 26 29 24 16 13 11 9 8 13 22 33 41
34 30 24 21 19 18 16 13 8 0 355 354 352 356 8 22 29 27 21 18 21 28 32 32 31 27 23 21 20 18 19 20 21 19 17 17 18 20 21 21 21 19 15 10 9 13 17 20 22 24 26 26 24 24 25 25 25 27 29 31 32 32 30 28 28 30 31 29 27 26 27 27 28 28 26 25 24 22 19 17 14 12 13 3 17 21 19 13 11 10 9 12 21 33 40 43
27 25 23 22 22 20 18 14 10 6 3 358 351 349 359 17 28 29 25 22 24 28 31 32 30 24 19 19 19 18 17 16 16 14 12 13 16 19 20 21 21 21 21 17 11 8 12 17 21 23 26 27 27 27 29 32 34 36 37 35 33 31 29 26 25 28 29 27 26 24 23 24 25 24 22 20 19 18 17 15 14 12 12 12 13 15 13 8 8 11 13 19 29 35 35 34
19 22 25 25 23 21 18 14 10 8 7 4 360 354 355 10 24 25 22 22 24 27 28 28 25 20 18 17 17 15 13 12 12 13 12 14 17 19 19 20 20 22 23 22 17 9 9 16 22 25 28 30 30 30 33 38 41 40 37 34 32 31 29 24 19 23 26 27 26 22 18 19 20 19 17 16 15 16 17 17 15 13 13 13 14 13 9 4 7 14 19 24 27 28 26 25
13 20 26 25 23 20 16 14 12 11 10 9 7 5 1 6 15 16 16 20 24 26 26 23 20 18 16 14 12 12 11 11 13 16 18 18 18 18 19 19 20 21 23 24 22 15 11 17 23 27 30 31 31 32 34 38 39 37 33 31 30 29 27 21 15 18 24 27 26 21 15 15 17 16 15 14 15 19 23 23 21 18 17 17 17 14 8 3 7 15 18 19 19 20 20 20
20 22 23 22 21 19 17 16 16 16 15 14 13 12 9 7 8 8 10 19 25 28 26 21 17 15 14 12 10 11 13 16 21 26 26 22 20 20 21 21 20 20 22 24 25 22 17 20 26 31 33 34 35 36 37 35 32 28 27 27 27 26 24 20 15 15 22 25 25 21 15 14 15 15 16 18 22 28 34 35 33 28 23 21 19 14 8 2 3 8 10 12 14 15 15 15
27 24 18 16 19 21 21 21 21 21 20 19 18 17 15 11 9 8 9 18 28 31 27 21 17 15 14 15 16 19 24 30 36 39 34 28 26 28 28 25 23 22 22 25 26 25 23 24 29 33 34 37 40 40 36 31 25 21 21 23 24 24 22 20 16 14 17 21 23 21 16 15 16 18 22 28 34 37 37 36 33 28 21 17 14 9 4 360 359 2 5 6 9 11 11 10
26 24 19 15 17 24 28 30 29 27 25 23 21 20 19 17 14 13 13 20 30 32 27 22 21 21 22 26 31 35 38 39 39 38 35 34 36 35 32 30 29 27 27 28 28 27 26 26 29 32 34 36 36 33 29 26 21 17 17 19 21 22 21 18 15 12 13 16 20 20 18 17 19 25 31 35 35 32 29 27 26 22 16 11 6 3 1 358 355 358 1 2 5 8 9 8
24 24 24 22 23 31 39 41 38 34 30 26 23 20 19 20 20 19 19 23 28 27 25 26 28 29 30 31 35 37 36 32 30 30 31 32 32 29 26 26 26 25 25 23 22 23 25 27 31 34 34 32 28 25 24 22 19 15 14 14 16 18 18 16 13 11 10 13 16 19 20 21 26 31 33 31 29 26 23 22 23 21 16 8 3 1 1 359 354 354 358 360 1 6 10 13
28 29 29 29 32 37 44 43 38 32 27 22 20 14 12 19 23 23 23 23 23 22 24 28 30 30 28 27 28 30 30 26 23 25 26 26 26 24 20 20 21 19 17 14 13 17 23 29 33 35 33 28 24 22 21 20 17 13 12 10 10 12 15 15 14 11 10 10 13 18 22 26 29 28 26 24 23 22 20 20 20 18 14 7 4 3 3 1 355 351 354 358 0 8 17 22
32 31 30 32 34 34 33 29 23 18 15 12 11 7 6 13 22 24 23 21 20 21 25 29 30 28 25 24 23 25 27 25 21 20 21 22 23 22 18 16 16 14 12 10 10 16 24 30 34 34 32 27 23 21 19 18 14 11 9 7 7 9 12 15 17 15 12 8 9 17 24 26 25 22 19 18 18 18 18 18 18 16 12 8 7 7 5 2 356 350 351 356 1 10 18 20
31 31 29 30 29 28 24 18 13 10 9 9 9 9 9 12 17 22 22 19 20 23 26 29 28 26 24 23 21 21 23 23 20 17 16 17 19 19 17 13 12 11 11 11 13 20 28 33 35 34 31 26 22 19 18 16 12 9 8 7 7 8 12 16 20 20 16 9 6 13 21 23 20 17 15 14 14 15 15 16 17 16 13 11 11 11 8 4 356 350 350 355 0 6 11 12
32 34 33 29 24 21 17 13 10 9 10 11 12 14 14 14 15 19 19 18 20 23 26 27 27 25 24 22 19 17 18 19 17 15 12 12 15 16 15 12 10 11 14 17 22 28 32 33 33 31 28 24 21 19 18 15 10 9 8 9 10 12 13 17 21 22 20 15 6 7 15 18 17 16 15 14 13 13 14 17 19 20 18 16 14 12 9 3 357 352 352 355 357 360 4 8
41 41 36 26 18 15 14 12 11 12 13 15 16 18 17 17 17 17 16 16 19 22 23 25 25 24 22 21 17 13 12 13 13 12 10 10 13 15 14 13 13 16 21 27 31 32 31 29 26 25 22 20 20 20 19 14 10 10 12 14 17 18 18 19 23 25 25 21 11 3 7 13 15 16 17 16 14 13 15 19 23 25 25 21 15 10 7 4 1 358 356 355 355 356 0 8
43 39 28 18 13 12 13 14 15 17 18 18 19 20 20 20 20 17 14 14 16 18 19 21 22 21 19 18 15 11 8 8 10 10 11 12 14 16 17 18 21 26 32 35 34 30 25 22 19 18 17 17 19 21 20 16 13 14 17 22 25 27 28 29 32 34 34 30 19 3 360 7 15 18 20 20 18 18 19 22 26 30 29 25 17 11 9 8 8 5 1 357 356 357 2 11
34 27 18 14 12 13 16 17 18 20 20 20 20 21 22 23 22 17 12 11 11 12 14 17 18 18 17 15 13 9 7 7 9 13 15 16 17 20 24 28 32 36 38 35 29 24 21 17 14 14 15 16 19 21 21 20 19 21 25 29 33 37 40 41 43 45 42 37 25 3 350 357 11 20 22 23 22 22 22 22 27 31 32 29 23 17 14 14 13 10 3 357 357 0 4 9
20 17 15 15 16 18 20 21 21 21 21 21 20 21 22 24 21 14 10 9 8 10 12 14 16 16 15 14 12 11 10 11 14 19 22 21 23 29 35 38 40 39 35 29 24 21 18 15 12 12 14 17 19 21 23 24 26 27 30 34 37 39 40 39 36 33 29 24 17 7 355 346 359 18 22 20 19 21 21 19 24 30 34 34 30 25 19 15 13 10 3 357 358 0 2 5
8 10 14 18 21 24 24 23 22 22 22 22 21 21 21 21 18 12 11 11 11 12 14 14 14 14 14 14 14 15 17 20 25 29 30 30 35 42 44 41 37 32 28 23 20 18 16 14 13 13 15 17 18 20 23 27 29 31 32 35 36 35 33 30 26 21 18 15 14 14 9 359 357 11 18 11 10 16 19 16 20 28 35 37 35 29 21 15 11 10 5 359 358 359 359 3
358 2 13 21 26 29 28 25 24 23 22 22 21 20 18 17 14 11 12 14 15 15 14 12 11 12 14 16 19 22 27 32 36 39 39 40 43 44 41 35 29 25 23 20 16 14 14 15 15 15 16 17 17 19 22 27 30 31 32 33 33 31 28 24 20 17 15 15 17 16 14 11 9 12 14 4 359 10 14 9 14 23 31 35 35 32 25 18 14 11 7 2 359 359 360 3
353 357 10 20 27 30 29 25 23 22 21 20 19 17 15 9 9 9 11 13 13 12 10 9 9 12 17 21 26 31 37 40 41 39 39 38 36 34 32 28 23 21 19 17 13 11 13 17 19 20 19 17 15 15 19 24 28 30 31 30 28 25 23 20 17 15 15 16 16 14 13 14 15 15 14 9 5 7 3 356 1 12 22 30 35 34 30 23 17 13 9 3 359 360 1 4
353 357 7 16 24 29 29 26 23 20 18 17 16 14 12 10 6 6 8 10 10 9 8 10 12 17 23 29 34 39 41 40 36 33 32 31 28 27 27 25 21 18 16 14 10 9 12 18 23 25 24 19 12 9 15 22 26 27 27 25 22 20 18 17 16 16 16 15 14 14 16 17 16 15 14 13 11 8 3 356 352 357 10 23 32 35 33 28 20 14 10 4 359 1 3 5
359 0 5 11 19 27 30 28 25 21 19 17 15 15 14 11 6 4 5 6 8 9 11 15 20 25 32 37 40 40 37 33 30 27 26 26 25 23 24 23 20 17 14 12 9 9 12 18 24 27 26 21 11 4 9 18 23 23 22 20 18 15 15 16 18 18 17 15 15 17 18 18 16 14 14 13 11 8 6 4 359 352 358 12 25 32 34 31 24 17 12 5 0 1 4 7
7 6 5 7 12 23 29 30 28 24 22 19 17 16 16 11 7 3 3 5 10 15 20 26 31 37 42 43 39 33 27 25 24 23 22 23 22 21 21 21 20 16 14 11 10 10 12 17 22 26 26 22 14 4 4 11 16 18 18 17 16 14 14 17 20 21 20 19 18 18 17 17 17 16 15 12 10 8 8 9 9 2 356 1 15 26 31 31 28 22 15 8 2 1 5 10
9 9 10 8 8 16 26 30 30 27 24 21 18 16 16 8 7 4 4 8 17 27 35 41 47 51 53 47 34 23 20 20 20 20 20 20 20 20 20 20 19 17 15 14 13 12 11 12 17 22 25 24 18 8 2 4 10 15 16 17 17 16 15 17 20 23 23 22 20 18 16 16 18 18 16 13 11 12 13 15 16 13 7 1 5 16 26 30 29 26 20 13 6 3 5 10
5 9 14 14 10 11 20 28 30 29 25 22 19 17 16 12 7 5 9 18 30 40 47 53 55 54 52 45 31 21 19 19 19 19 19 19 20 20 20 20 19 18 17 16 16 15 11 7 10 17 23 25 22 13 4 2 7 14 17 20 22 19 15 15 18 22 24 24 22 19 17 17 20 21 19 17 17 18 20 22 20 18 15 12 7 7 16 25 28 27 23 18 12 6 5 8
6 11 18 18 13 9 14 24 28 29 28 25 22 19 17 12 7 9 17 28 36 47 50 48 46 43 40 37 31 25 25 25 23 21 21 22 22 21 21 20 20 19 19 19 19 18 15 7 4 11 19 25 24 18 8 4 8 15 20 25 27 23 15 11 12 19 23 24 23 22 20 19 21 23 23 23 24 26 25 23 21 20 21 20 15 10 11 15 22 25 24 22 18 10 4 5
20 22 23 19 14 8 8 18 26 29 30 29 26 22 19 14 11 15 23 34 36 34 37 37 35 33 33 33 31 26 25 26 25 24 24 24 22 21 20 21 23 24 24 23 24 25 21 10 0 3 13 23 26 22 13 7 10 16 23 30 32 26 15 6 4 13 21 23 25 26 22 21 23 26 27 29 30 29 26 22 23 24 24 21 17 14 13 12 15 18 22 24 21 12 3 1
32 28 20 15 12 8 5 9 19 27 31 31 30 25 21 17 16 18 27 29 25 27 30 30 29 29 30 31 30 26 22 22 23 22 21 21 21 20 20 23 26 28 30 32 31 29 23 11 357 352 3 19 27 25 16 9 10 17 24 31 33 27 15 4 359 6 18 22 24 28 25 19 24 29 30 30 31 30 28 25 25 25 22 18 14 12 12 13 13 11 14 17 17 11 2 359
32 26 17 13 12 11 8 5 10 21 28 31 31 29 24 21 19 17 16 19 20 22 23 24 24 26 28 29 30 28 23 20 21 20 19 19 19 19 19 22 27 31 34 33 27 21 14 8 359 350 354 13 26 26 17 10 11 17 24 30 31 26 18 9 1 1 12 18 21 27 26 18 22 29 28 27 29 31 30 27 23 21 19 16 13 12 13 14 14 11 9 9 8 7 2 358
26 22 16 15 15 15 14 11 10 16 24 29 32 31 28 24 20 13 17 12 14 15 17 19 20 22 25 28 30 30 26 21 18 18 19 19 17 16 17 19 24 29 31 27 19 13 8 6 4 358 353 4 22 25 17 10 11 17 23 28 30 27 21 16 10 4 5 11 16 25 26 18 21 28 25 21 25 29 29 26 21 19 19 18 16 17 18 19 16 12 8 6 5 5 3 359
22 21 18 18 19 20 20 17 16 17 21 26 31 33 31 27 20 10 6 8 9 11 13 15 17 20 23 26 29 31 29 23 17 15 16 17 17 15 14 14 18 22 24 22 16 11 9 9 9 7 358 357 14 23 18 11 12 17 22 27 30 28 24 20 16 11 5 4 9 21 26 19 20 26 23 16 20 26 27 24 20 20 22 23 23 24 23 20 15 11 7 5 4 4 4 2
20 20 22 22 23 23 24 23 22 21 16 22 26 32 27 28 19 20 4 5 8 10 12 15 17 20 22 25 28 30 30 26 19 15 14 15 15 13 12 11 11 16 20 21 19 15 13 15 15 12 3 356 7 19 17 11 12 17 22 28 32 31 28 25 22 18 12 5 2 16 25 20 18 24 22 13 14 21 24 23 20 22 27 30 30 27 21 16 12 9 7 5 3 4 6 6
20 22 25 26 26 26 26 26 24 21 18 18 22 20 22 24 26 13 16 7 11 15 16 17 18 19 20 23 26 29 29 27 22 17 13 11 11 11 11 10 7 9 17 22 23 22 19 18 17 13 6 356 0 14 15 10 11 16 23 31 37 37 33 31 29 25 22 13 1 7 22 19 13 20 22 12 8 16 23 24 21 24 31 33 32 25 17 12 11 10 10 9 8 8 9 9
23 25 27 27 26 26 25 24 21 18 15 16 20 25 16 33 24 18 16 15 16 18 17 15 15 16 18 20 23 26 28 27 23 17 11 8 7 9 11 12 8 7 14 23 28 27 22 19 17 14 9 1 360 9 12 9 10 16 25 35 42 43 41 39 36 32 26 19 8 4 14 12 7 15 21 14 6 10 21 25 20 20 28 31 29 24 17 13 12 13 14 14 15 15 14 12
26 26 26 25 24 23 21 20 17 15 14 17 20 22 19 16 17 20 20 18 16 15 14 13 14 16 18 19 21 23 26 25 21 15 10 6 5 7 11 15 15 10 12 23 30 31 26 21 19 17 14 9 4 7 10 9 11 18 28 39 44 45 42 38 34 28 24 20 16 11 8 2 358 9 20 17 6 5 17 24 18 16 22 26 26 25 21 17 16 17 18 19 20 20 19 17
27 26 24 23 22 21 20 18 15 14 15 18 20 19 16 16 17 19 19 16 13 12 12 12 13 15 17 18 19 20 22 21 18 13 11 9 7 6 12 19 21 16 13 21 32 35 31 24 21 20 20 17 13 9 9 10 14 20 28 37 41 42 37 30 24 22 21 21 18 15 12 2 353 2 20 17 3 359 12 22 18 13 15 19 23 27 26 22 19 19 20 21 21 22 23 22
26 26 24 22 21 21 19 16 14 14 16 19 19 30 15 16 17 17 17 14 10 9 10 10 11 14 15 16 16 17 18 18 16 13 13 15 14 10 11 19 24 23 17 22 33 38 35 29 25 25 25 24 20 12 6 8 13 17 22 30 36 37 33 27 23 22 21 19 17 17 18 14 4 2 14 12 355 349 3 17 14 10 10 14 22 29 30 26 22 20 21 23 23 24 25 23
26 25 23 21 19 18 16 15 14 15 18 20 18 28 15 16 16 16 16 13 8 8 10 11 12 14 15 16 15 15 15 16 16 14 14 18 20 17 13 16 25 27 23 24 34 40 40 35 30 28 26 25 21 10 2 3 9 13 18 25 32 35 34 30 27 23 20 18 20 24 24 21 16 11 9 6 352 340 347 4 4 3 6 12 20 29 33 31 26 22 23 25 27 27 27 23
24 23 20 18 17 16 15 16 17 18 20 21 17 14 14 14 14 15 15 13 9 8 11 12 13 14 15 16 15 12 12 16 19 17 14 18 23 24 20 17 24 30 29 28 35 42 43 37 29 25 23 22 17 5 355 357 5 11 17 23 31 35 36 32 27 22 21 24 27 27 23 19 16 13 10 5 358 348 325 348 349 352 2 10 17 27 34 34 29 24 22 23 28 30 27 22
20 20 19 18 17 17 17 18 20 22 23 21 16 12 12 12 13 14 16 15 13 11 12 13 13 14 15 15 13 10 12 18 24 21 14 16 24 28 27 23 25 30 31 29 33 40 40 34 27 25 25 22 14 360 349 351 1 10 16 22 30 35 36 32 28 26 28 29 26 22 17 15 14 12 10 7 3 358 353 348 322 343 352 4 14 23 31 34 30 23 18 19 24 27 24 21
19 18 18 18 19 19 19 20 22 25 25 21 26 13 11 12 14 16 18 18 16 14 12 12 13 14 14 14 12 11 14 21 27 25 16 14 22 29 32 30 27 27 26 25 29 35 37 35 32 30 28 20 9 358 350 349 358 7 13 20 28 34 36 34 32 31 29 24 18 15 13 13 12 11 9 8 5 2 358 354 349 343 343 356 10 19 26 31 30 25 20 21 23 23 21 20
20 18 16 18 21 22 22 22 23 26 25 21 16 16 13 14 15 18 20 20 19 17 14 13 13 14 15 14 13 13 15 21 27 27 21 14 18 27 34 34 31 26 25 25 29 35 39 40 35 29 22 12 4 358 354 352 355 4 11 17 25 32 35 34 30 25 19 14 11 10 11 11 10 10 9 8 7 4 2 359 356 347 340 346 3 15 22 29 31 28 25 26 24 20 18 16
21 19 16 17 20 23 23 23 23 23 22 19 16 17 15 13 14 17 20 22 22 19 16 14 15 15 16 16 15 14 13 18 25 28 26 18 15 25 36 39 36 31 30 30 32 37 40 39 32 21 12 6 2 0 359 356 356 2 8 13 20 28 31 30 24 19 14 11 10 10 10 10 10 10 10 10 9 9 8 6 3 355 344 341 353 10 19 27 33 33 30 29 23 16 13 12
19 19 18 16 18 22 24 23 21 19 16 15 15 15 14 12 12 16 20 23 24 22 18 17 16 16 17 17 17 14 10 14 23 29 29 22 17 24 36 41 38 33 32 31 30 33 35 33 24 14 8 5 5 5 4 0 357 0 5 10 16 23 28 27 23 18 15 13 12 12 12 13 13 12 13 14 15 15 15 14 11 6 356 347 347 1 16 27 34 35 33 30 23 14 13 13
18 19 19 18 17 19 23 24 21 15 10 11 14 15 14 12 12 16 20 24 24 23 21 19 17 16 17 20 21 16 9 11 20 28 29 26 21 24 30 33 31 28 27 26 25 25 25 22 16 11 9 9 9 9 8 4 359 0 6 10 15 22 28 29 27 22 19 17 16 16 16 17 17 17 18 21 23 23 21 19 18 15 9 2 355 358 10 26 35 36 34 30 23 19 20 23
19 20 21 20 18 17 20 24 22 12 4 6 13 16 17 16 15 17 21 25 26 25 24 22 19 16 18 23 25 21 10 7 14 23 30 29 25 22 22 24 24 23 22 21 20 18 16 14 13 13 15 15 14 12 11 7 2 3 9 14 17 22 29 33 33 30 27 25 22 20 20 21 23 24 26 28 30 31 27 24 23 21 18 9 9 333 8 23 35 35 32 28 24 23 24 24
23 23 23 21 18 15 17 22 23 12 18 9 14 20 21 21 20 19 22 27 28 27 26 24 20 17 20 26 28 24 12 4 5 15 28 31 26 20 18 19 20 20 20 18 16 14 12 12 14 18 22 22 19 15 13 9 5 6 10 13 16 21 29 36 38 36 31 27 24 21 20 21 26 29 30 32 36 37 33 29 28 28 26 22 19 348 13 20 30 29 25 23 22 21 19 18
27 26 23 20 17 13 13 20 23 15 3 13 16 25 27 27 25 24 26 28 28 27 26 24 22 20 21 25 27 23 15 7 3 8 24 31 26 20 18 19 20 20 19 17 14 13 13 14 17 22 27 27 23 18 16 12 7 7 9 11 14 20 29 37 40 38 31 25 22 22 23 26 29 33 36 36 40 42 40 37 37 36 31 25 22 19 17 18 20 19 17 18 17 16 15 14
29 26 21 19 17 13 12 18 22 17 7 19 21 32 33 35 30 29 28 26 25 25 24 24 23 21 21 24 25 22 17 12 7 6 19 26 24 20 19 21 22 21 19 16 14 14 16 18 19 23 29 30 27 21 18 14 8 6 8 11 16 22 30 38 40 37 30 25 25 27 30 31 31 35 38 39 45 49 47 43 5 30 22 17 333 14 16 15 12 12 13 13 13 13 13 11
27 24 19 17 17 16 14 15 18 16 9 28 33 31 32 31 30 29 26 23 22 22 23 23 22 21 21 22 24 23 19 15 10 7 11 16 18 18 19 20 21 21 19 16 16 16 18 19 19 21 29 32 30 25 22 16 10 9 12 17 22 27 33 38 39 36 31 28 29 30 29 27 26 28 31 29 35 33 40 34 26 16 10 10 347 10 12 10 8 9 10 10 11 12 10 7
