project/data/elevation/US_DEM2016/US_DEM2016_point_10-30-2019_1235_30m_vel.asc
ncols	125
nrows	167
xllcorner	-2042055.000000
yllcorner	1465035.000000
cellsize	30.000000
NODATA_value	-9999.000000
[rows 35 to 69 of 167, columns 0 to 78 of 125]
11.05 11.45 11.91 11.56 10.72 9.50 8.72 8.32 8.09 8.18 8.79 9.81 10.57 10.78 10.46 9.84 9.44 9.23 9.25 9.59 10.00 10.42 10.77 10.95 11.01 10.81 10.44 10.02 9.58 9.23 9.03 8.80 8.47 8.09 7.82 7.97 8.62 9.31 10.10 10.58 10.47 9.67 8.24 6.77 6.46 7.05 7.97 8.94 9.55 9.74 9.72 9.72 9.67 9.79 9.75 9.77 9.76 9.98 9.92 10.08 10.16 10.06 9.70 8.97 8.31 7.78 7.51 7.73 8.31 8.81 9.12 9.47 9.72 10.18 10.73 11.77 13.34 14.35 14.32
11.99 12.55 13.03 12.61 11.83 10.73 9.71 8.86 8.19 7.68 7.59 8.18 9.25 10.00 10.13 9.68 9.37 9.46 10.01 10.87 11.61 12.32 12.89 13.28 13.25 12.91 12.37 11.66 10.80 9.95 9.32 9.01 8.99 9.22 9.47 9.55 9.80 10.39 11.09 11.38 11.18 10.37 9.17 8.61 9.08 10.03 10.98 11.46 11.45 10.68 10.03 9.56 9.52 9.64 9.77 9.85 9.84 10.08 10.21 10.66 10.83 10.58 9.86 8.68 7.65 7.03 6.99 7.36 7.91 8.35 8.69 9.03 9.34 9.45 9.95 10.71 11.93 13.51 14.72
12.37 12.68 12.64 12.07 11.34 10.50 9.82 9.07 8.22 7.43 7.09 7.25 7.88 8.83 9.42 9.43 9.25 9.44 10.26 11.35 12.22 12.91 13.45 13.82 13.85 13.68 13.39 12.91 12.13 11.16 10.18 9.47 9.35 9.79 10.29 10.72 11.19 11.72 12.16 12.65 12.99 12.73 12.34 11.91 12.15 12.80 13.13 12.68 11.87 10.92 10.09 9.67 9.48 9.63 9.78 9.84 9.88 10.28 10.61 11.09 11.17 10.87 10.21 9.18 8.09 7.44 7.28 7.44 7.69 8.01 8.21 8.36 8.73 9.05 9.48 10.05 10.93 12.17 13.98
12.43 12.07 11.31 10.64 9.93 9.48 9.09 8.47 7.68 6.99 6.74 6.82 7.21 7.92 8.63 8.95 8.94 9.07 9.68 10.57 11.07 11.29 11.44 11.75 12.15 12.45 12.77 13.04 12.75 12.11 11.32 10.62 10.21 10.16 10.47 11.28 12.16 12.65 13.09 13.84 14.52 14.60 14.59 14.18 14.01 13.80 13.01 11.59 10.56 9.81 9.50 9.49 9.50 9.60 9.80 9.94 10.07 10.54 10.84 11.02 10.87 10.20 9.73 9.22 8.58 8.02 7.44 7.24 7.33 7.59 7.69 7.76 8.06 8.70 9.15 9.57 10.08 11.08 12.36
12.20 11.22 9.82 9.13 8.56 8.29 8.00 7.60 7.23 6.94 6.91 7.09 7.44 7.82 8.19 8.46 8.60 8.71 8.88 9.03 8.89 8.72 8.77 9.22 10.13 11.14 11.96 12.69 12.98 12.76 12.23 11.62 11.18 11.12 11.73 12.83 13.55 13.91 14.17 14.61 15.04 14.91 14.71 14.41 14.01 13.43 12.32 11.05 10.15 9.40 9.27 9.56 9.77 9.68 9.93 10.23 10.54 10.95 10.81 10.37 9.57 8.54 7.72 7.48 7.39 7.24 6.81 6.58 6.74 7.04 7.23 7.41 7.80 8.39 8.81 9.06 9.27 9.91 10.83
11.66 10.53 8.97 8.25 7.98 7.84 7.79 7.81 7.88 8.03 8.28 8.57 8.61 8.37 8.14 8.14 8.32 8.41 8.19 7.73 7.50 7.56 7.98 8.68 9.76 10.69 11.43 12.13 12.66 12.92 12.87 12.59 12.51 13.03 13.94 14.90 15.49 15.76 15.39 14.87 14.70 13.89 13.27 13.23 13.06 13.07 12.75 12.38 11.82 11.32 10.76 10.58 10.48 10.04 10.09 10.28 10.55 10.74 10.28 9.40 8.34 7.10 5.84 5.40 5.42 5.62 5.94 6.22 6.46 6.60 6.69 7.06 7.74 8.35 8.65 8.74 8.78 9.09 9.74
11.30 10.45 9.28 8.78 8.72 8.75 8.73 8.75 8.96 9.36 9.80 9.98 9.61 8.90 8.41 8.31 8.46 8.48 8.21 7.85 7.85 8.21 8.76 9.27 9.72 10.18 10.50 10.95 11.74 12.47 13.20 13.42 13.92 14.75 15.60 16.24 16.52 16.22 15.53 14.59 13.72 12.79 11.95 11.56 11.87 12.10 12.46 12.64 12.81 12.85 12.62 11.77 10.97 10.21 9.85 9.76 9.67 9.47 9.03 8.44 7.66 6.63 5.51 5.13 5.34 5.73 6.11 6.30 6.31 6.33 6.45 6.78 7.46 8.16 8.37 8.28 8.43 8.96 9.54
11.27 10.80 10.13 9.85 9.76 9.66 9.49 9.51 9.87 10.40 10.73 10.62 9.87 9.29 9.08 9.12 9.20 9.23 9.19 9.25 9.50 9.84 10.18 10.46 10.67 10.65 10.56 10.66 11.27 12.02 13.23 14.28 15.32 16.15 16.41 16.07 15.53 14.78 13.87 13.04 12.31 11.59 10.73 10.34 10.45 10.76 11.20 11.39 11.74 12.01 12.08 11.55 10.80 9.94 9.50 9.39 9.13 8.69 8.35 8.40 8.11 7.57 7.04 7.01 7.30 7.28 6.92 6.55 6.55 6.71 6.70 6.61 6.84 7.28 7.29 7.09 7.68 8.74 9.37
11.23 10.92 10.51 10.33 10.23 10.18 10.23 10.53 10.99 11.35 11.33 10.84 10.01 9.66 9.63 9.74 9.94 10.08 10.33 10.73 11.22 11.58 11.77 11.84 11.82 11.56 11.37 11.38 11.71 12.14 13.25 14.46 15.53 16.19 15.89 14.96 13.81 12.78 11.87 11.38 11.10 10.63 9.85 9.22 9.25 9.65 9.93 9.65 9.15 8.69 8.78 9.36 9.68 9.56 9.49 9.75 9.82 9.71 9.72 9.79 9.57 9.31 9.24 9.30 8.81 8.04 7.64 7.68 7.79 7.37 6.61 6.03 6.05 6.23 6.06 6.03 6.77 8.05 8.70
11.19 11.00 10.80 10.79 10.99 11.40 11.85 12.19 12.33 12.23 11.77 10.99 10.21 9.85 9.81 10.05 10.37 10.68 11.09 11.62 12.12 12.40 12.44 12.26 11.96 11.62 11.50 11.62 12.04 12.59 13.72 14.46 14.87 14.73 14.23 13.69 12.97 12.05 10.83 10.07 9.79 9.57 9.06 8.40 8.23 8.64 8.41 7.83 7.00 6.53 6.76 7.46 8.21 8.79 9.54 10.40 10.89 11.13 11.19 10.95 10.70 10.55 10.23 9.76 8.87 8.53 8.81 8.86 8.13 6.73 5.79 5.57 5.76 5.88 5.85 6.04 6.79 7.73 8.21
11.50 11.54 11.65 11.88 12.21 12.65 13.02 13.17 13.04 12.63 11.94 11.13 10.57 10.32 10.48 10.74 10.98 11.27 11.64 11.94 12.05 11.96 11.75 11.52 11.42 11.28 11.23 11.49 12.28 13.21 14.24 14.01 13.52 12.82 12.39 12.46 12.21 11.63 10.36 9.28 8.58 8.33 8.01 7.43 7.34 7.58 7.50 7.47 7.50 7.58 7.51 7.31 7.35 8.09 9.44 10.72 11.14 11.17 11.04 10.99 10.81 10.78 10.33 9.87 9.67 9.80 9.52 8.47 6.96 5.99 5.89 6.32 6.62 6.66 6.70 7.07 7.77 8.30 8.42
11.94 12.08 12.36 12.63 12.76 12.78 12.73 12.63 12.45 12.07 11.55 10.99 10.90 11.13 11.54 11.77 11.84 11.90 11.91 11.79 11.50 11.14 10.82 10.72 10.92 11.07 11.25 11.76 12.76 13.67 14.05 13.38 12.22 11.49 11.08 10.87 10.77 10.64 10.03 9.00 7.89 7.34 7.21 7.23 7.45 7.70 8.14 8.45 8.60 8.21 7.50 7.03 7.43 8.61 9.97 10.73 10.86 10.74 10.70 10.88 10.75 10.76 10.62 10.49 10.34 9.87 8.41 7.26 6.88 7.15 7.72 8.08 8.20 8.21 8.37 8.73 9.12 9.24 9.19
12.10 12.08 12.20 12.34 12.23 11.93 11.56 11.24 10.98 10.79 10.51 10.31 10.49 11.07 11.65 11.98 12.06 11.93 11.63 11.30 10.99 10.68 10.41 10.35 10.54 10.84 11.23 12.01 13.02 13.52 13.17 12.12 11.31 10.65 10.06 9.61 9.44 9.57 9.60 9.18 8.03 7.43 7.53 8.16 8.52 8.78 8.93 8.52 7.73 6.75 6.39 6.96 8.72 10.66 11.50 11.39 11.22 11.09 11.08 11.14 10.95 10.93 10.71 10.43 9.89 8.92 8.10 8.13 8.90 9.74 10.26 10.41 10.43 10.41 10.41 10.58 10.74 10.67 10.59
12.03 11.91 11.57 11.48 11.32 10.93 10.47 10.05 9.78 9.59 9.38 9.33 9.51 10.09 10.67 11.03 11.26 11.26 11.08 10.82 10.56 10.31 10.12 10.02 10.09 10.35 10.74 11.65 12.80 13.10 12.57 11.65 10.99 10.28 9.40 8.62 8.46 8.66 8.92 8.80 8.10 7.55 7.59 8.08 8.41 8.64 8.62 7.67 6.77 6.47 7.16 9.23 11.72 13.13 13.37 12.55 11.94 11.58 11.46 11.58 11.54 11.44 11.12 10.65 10.52 10.70 11.41 12.36 13.17 13.71 13.84 13.83 13.77 13.68 13.55 13.51 13.48 13.18 12.74
12.06 11.91 11.25 10.82 10.68 10.50 10.13 9.74 9.47 9.16 9.06 9.11 9.35 9.80 10.18 10.44 10.61 10.71 10.67 10.44 10.11 9.83 9.66 9.60 9.64 9.81 10.16 11.20 12.54 12.73 12.20 11.65 11.15 10.48 9.53 8.49 8.11 7.86 7.73 7.56 7.19 6.74 6.55 6.68 7.17 7.72 8.15 7.83 7.62 8.23 10.29 12.89 14.47 14.84 14.25 13.07 12.24 11.86 11.84 12.27 12.46 12.54 12.31 12.43 13.09 14.17 15.39 16.47 17.18 17.50 17.56 17.51 17.43 17.33 17.10 16.78 16.44 15.98 15.00
12.21 11.98 11.24 10.66 10.47 10.46 10.41 10.21 9.95 9.73 9.93 10.22 10.53 10.83 10.98 10.97 10.87 10.70 10.45 10.13 9.76 9.44 9.24 9.19 9.28 9.54 10.03 11.25 12.35 12.19 11.27 11.17 10.96 10.56 10.19 9.49 8.66 7.72 6.98 6.78 6.68 6.58 6.63 6.83 7.29 7.90 8.85 9.48 10.13 11.67 13.95 15.36 15.67 14.81 13.82 12.75 12.14 11.97 11.86 12.03 12.34 12.76 12.99 13.41 14.44 15.53 16.30 17.05 17.47 17.68 17.83 17.97 18.03 17.99 17.75 17.33 16.91 16.54 15.86
12.31 11.88 11.08 10.77 10.56 10.46 10.51 10.55 10.48 10.48 10.99 11.61 11.95 12.08 12.00 11.68 11.25 10.76 10.34 10.01 9.72 9.38 9.05 8.88 9.04 9.52 10.21 11.30 11.83 11.07 10.23 10.19 10.14 10.23 10.33 10.25 9.37 8.34 7.75 7.72 8.01 8.45 8.88 9.08 9.36 10.08 11.52 13.07 14.59 15.81 16.40 16.27 15.21 13.70 12.81 12.00 11.51 11.19 10.84 10.61 10.86 11.32 12.23 12.77 13.50 13.88 13.68 13.51 13.36 13.56 13.95 14.49 14.71 14.74 14.53 14.28 14.24 14.11 14.00
12.16 11.41 10.46 10.27 10.22 10.20 10.31 10.48 10.61 10.77 11.32 12.04 12.35 12.38 12.10 11.55 10.91 10.40 10.07 9.82 9.56 9.24 8.90 8.73 8.98 9.55 10.24 11.00 10.98 9.93 9.36 9.40 9.36 9.43 9.82 9.87 9.60 9.32 9.31 9.76 10.28 10.73 11.05 11.42 12.09 13.29 14.85 16.16 16.98 17.14 16.70 15.52 14.15 12.76 11.96 11.26 10.68 10.08 9.77 9.59 9.83 10.28 10.82 11.33 11.44 10.71 9.76 8.80 8.53 8.79 9.29 9.85 10.12 10.05 10.03 9.95 10.17 10.26 10.40
11.74 10.88 9.77 9.40 9.42 9.64 10.02 10.31 10.57 10.78 11.03 11.36 11.53 11.36 10.95 10.41 9.94 9.61 9.39 9.18 8.94 8.75 8.73 8.94 9.29 9.69 10.19 10.61 10.40 9.70 9.33 9.34 9.28 9.22 9.15 9.18 9.42 9.62 9.99 10.67 11.35 11.69 12.07 12.72 13.91 15.28 16.30 16.74 16.49 15.83 15.01 14.11 13.15 12.25 11.55 10.92 10.38 9.92 9.91 9.99 10.28 10.49 10.43 10.38 9.79 8.80 7.91 7.48 7.57 7.74 7.59 7.23 7.06 7.03 7.01 7.05 7.34 7.62 7.71
11.32 10.64 9.68 9.26 9.11 9.11 9.33 9.74 10.02 10.22 10.19 10.07 9.80 9.35 8.89 8.68 8.56 8.39 8.28 8.34 8.52 8.69 8.98 9.39 9.66 9.94 10.27 10.55 10.62 10.55 10.29 9.93 9.58 9.20 8.75 8.58 8.81 9.09 9.42 9.97 10.70 11.29 11.91 13.00 14.55 15.57 15.75 14.87 13.46 12.89 12.81 12.79 12.49 12.08 11.52 10.96 10.54 10.40 10.67 10.79 10.84 10.75 10.22 9.79 9.12 8.62 8.55 8.58 8.49 8.04 7.11 5.94 5.33 5.09 5.01 5.10 5.41 5.64 5.60
11.24 10.85 10.35 10.01 9.62 9.07 8.53 8.51 8.80 9.06 9.09 8.77 8.13 7.43 7.07 7.03 7.06 7.08 7.29 7.88 8.64 9.30 9.72 9.89 10.06 10.30 10.58 10.90 11.10 11.24 10.77 10.05 9.43 8.87 8.41 8.13 8.29 8.62 8.80 9.09 9.64 10.46 11.43 13.00 14.48 14.88 13.90 12.34 11.41 11.17 11.30 11.58 11.73 11.76 11.29 10.88 10.59 10.58 10.84 10.68 10.27 9.78 9.29 9.04 9.13 9.30 9.60 9.57 8.67 7.46 6.06 5.13 4.71 4.42 4.09 3.82 3.74 3.64 3.46
11.60 11.65 11.59 11.24 10.61 9.77 8.68 8.25 8.28 8.55 8.59 8.17 7.54 7.07 6.78 6.67 6.77 7.04 7.54 8.35 9.28 10.17 10.56 10.70 10.87 11.12 11.23 11.35 11.51 11.51 10.75 10.14 9.79 9.34 8.76 8.55 8.90 9.27 9.34 9.44 9.80 10.49 11.57 13.25 14.11 13.64 11.89 10.57 9.90 9.77 9.98 10.37 10.79 10.90 10.59 10.32 10.09 9.98 9.88 9.27 8.56 8.08 8.11 8.50 9.45 10.02 9.89 9.30 7.94 6.75 5.98 5.83 5.78 5.21 4.23 3.44 3.08 2.93 3.03
12.11 12.36 12.43 12.09 11.51 10.76 9.96 9.46 9.17 9.08 8.96 8.66 8.40 8.33 8.37 8.46 8.65 9.01 9.33 9.81 10.52 11.25 11.66 11.95 12.24 12.40 12.15 12.01 12.25 12.45 12.20 11.85 11.61 11.13 10.25 9.99 10.46 10.85 10.99 11.04 11.18 11.36 12.15 13.38 13.46 12.00 10.25 9.00 8.49 8.54 8.85 9.29 9.82 9.90 9.80 9.60 9.27 8.83 8.30 7.81 7.60 7.75 8.37 9.06 9.94 10.05 9.39 8.37 7.40 7.20 7.56 7.81 7.19 5.98 4.75 4.16 4.14 4.32 4.85
12.37 12.30 12.07 11.95 11.84 11.64 11.21 10.72 10.15 9.63 9.37 9.40 9.70 10.12 10.63 10.97 11.33 11.69 11.96 12.13 12.46 12.62 12.87 13.26 13.57 13.40 13.01 12.84 13.16 13.32 13.24 12.93 12.60 12.08 11.30 10.91 11.14 11.53 11.91 12.19 12.27 12.23 12.59 12.93 12.07 10.17 8.62 7.72 7.37 7.39 7.77 8.17 8.65 9.09 9.25 9.12 8.83 8.44 8.22 8.44 8.84 9.49 10.22 10.66 10.75 10.18 9.13 8.53 8.49 8.98 9.40 9.03 7.68 6.19 5.54 5.68 6.17 6.85 8.05
12.40 11.80 11.15 11.15 11.48 11.79 11.76 11.21 10.41 9.66 9.33 9.56 10.25 11.12 11.90 12.45 12.87 13.28 13.66 13.81 13.72 13.56 13.65 13.96 14.00 13.72 13.48 13.45 13.57 13.25 12.35 11.62 11.17 10.99 10.87 10.90 11.01 11.36 11.79 12.30 12.64 12.59 12.46 11.82 10.27 8.31 7.08 6.52 6.28 6.40 6.58 6.88 7.63 8.54 9.09 9.22 9.19 9.19 9.47 9.79 10.34 11.19 12.00 12.44 12.11 11.49 10.38 10.09 10.54 10.88 10.31 9.06 7.76 7.27 7.58 8.27 9.20 10.36 11.86
12.38 11.62 10.60 10.35 10.45 10.68 10.86 10.65 10.05 9.38 8.98 9.04 9.60 10.47 11.27 11.78 12.12 12.36 12.50 12.61 12.73 12.90 13.11 13.12 12.80 12.65 12.84 13.23 13.29 12.86 11.92 10.75 10.02 9.86 10.35 10.97 11.48 11.74 11.92 12.10 12.25 11.90 11.37 10.51 9.08 7.30 6.17 5.79 5.87 6.06 6.13 6.41 7.24 8.42 9.34 9.92 10.29 10.54 10.68 10.71 11.17 12.34 13.42 13.90 13.60 13.22 12.60 12.02 12.10 12.03 10.98 9.88 9.52 10.26 11.33 12.40 13.49 14.47 15.15
12.25 11.31 10.01 9.60 9.20 9.03 9.20 9.35 9.15 8.66 8.13 7.84 7.91 8.26 8.72 9.04 9.21 9.06 8.59 8.49 9.38 10.43 10.76 10.36 9.73 10.16 11.33 12.21 12.49 12.51 12.43 12.08 11.54 11.14 11.08 11.45 11.88 12.02 11.84 11.50 11.14 10.69 10.17 9.84 9.08 7.81 6.92 6.92 7.17 7.28 7.35 7.66 8.19 8.95 9.71 10.42 11.08 11.70 11.98 12.33 13.11 14.22 14.71 14.55 14.17 13.99 13.82 13.73 13.73 13.60 13.20 13.02 13.60 14.54 15.32 15.98 16.51 16.72 16.36
11.76 10.62 9.21 8.82 8.53 8.28 8.14 8.19 8.15 7.68 6.95 6.26 5.80 5.60 5.64 5.84 5.95 5.65 5.33 5.49 6.30 7.32 7.64 7.26 7.29 8.37 10.30 11.39 11.63 11.43 11.82 12.35 12.57 12.52 12.02 11.63 11.36 11.22 10.78 10.23 9.87 10.00 10.16 10.54 10.52 10.34 9.91 9.85 9.94 9.95 9.98 9.95 9.78 9.75 9.92 10.31 10.93 11.81 12.79 13.90 14.97 15.26 14.75 13.69 12.69 12.75 13.56 14.06 14.61 15.02 15.40 15.90 16.50 16.95 16.75 16.82 16.68 16.18 15.17
11.32 10.41 9.13 8.55 8.34 8.18 7.96 7.77 7.61 7.20 6.41 5.51 4.74 4.29 4.15 4.17 4.30 4.67 5.05 5.35 5.60 5.79 5.79 5.92 6.70 8.31 10.34 11.17 10.97 10.18 10.23 10.82 11.55 12.01 11.70 10.83 9.92 9.38 9.20 9.04 9.15 9.96 10.91 11.79 12.14 12.43 12.48 12.25 12.08 11.96 11.49 10.93 10.45 10.21 10.17 10.40 10.95 11.95 13.20 14.29 14.72 14.19 12.99 11.51 10.82 11.17 12.30 13.25 13.88 14.62 15.21 15.61 15.85 15.73 15.34 14.79 14.09 13.20 12.57
11.33 10.83 9.93 9.24 8.82 8.57 8.27 7.94 7.75 7.49 7.00 6.37 5.78 5.20 4.74 4.55 4.80 5.68 6.67 7.03 6.75 6.32 6.19 6.47 7.52 9.30 10.88 11.26 10.55 9.42 8.97 9.04 9.66 10.19 10.33 9.91 9.14 8.56 8.53 9.02 9.75 10.91 11.77 12.34 12.51 12.71 12.83 12.87 12.74 12.29 11.26 10.56 10.31 10.38 10.53 10.79 11.36 12.41 13.33 13.61 12.97 11.68 10.54 9.79 9.87 10.56 11.33 11.83 12.17 12.72 13.11 13.13 12.80 12.52 12.28 11.79 10.94 10.05 9.54
11.40 11.10 10.58 10.12 9.66 9.19 8.74 8.55 8.53 8.58 8.57 8.44 8.13 7.49 6.74 6.25 6.36 7.02 7.86 8.58 8.56 8.23 8.09 8.42 9.29 10.78 11.65 11.75 11.00 9.65 8.82 8.30 8.20 8.56 9.27 9.88 10.08 10.19 10.37 10.76 11.43 12.12 12.29 12.15 11.86 11.84 12.08 12.33 12.28 11.96 11.18 10.64 10.46 10.56 10.74 10.96 11.49 12.37 12.94 12.42 11.24 10.14 9.42 9.13 9.28 9.80 10.31 10.46 10.60 10.91 11.11 10.95 10.43 9.91 9.53 9.37 8.74 7.77 6.90
11.39 11.11 10.69 10.31 9.96 9.55 9.32 9.44 9.81 10.29 10.67 10.72 10.23 9.45 8.59 7.94 7.73 7.99 8.48 9.42 10.00 10.34 10.56 10.75 11.21 12.17 12.86 12.78 12.13 10.92 10.03 9.26 8.72 8.86 9.58 10.58 11.52 12.25 12.51 12.51 12.47 12.45 12.09 11.62 11.20 11.00 11.12 11.15 11.17 11.23 11.15 10.91 10.72 10.71 10.92 11.25 11.84 12.50 12.37 11.24 9.98 9.29 8.85 8.56 8.63 9.25 9.83 9.89 9.66 9.68 9.62 9.49 9.22 8.52 7.66 7.20 6.85 6.11 5.15
11.46 11.15 10.68 10.19 9.79 9.53 9.62 10.03 10.73 11.53 12.15 12.23 11.91 11.31 10.56 9.75 9.11 8.96 9.25 10.02 10.80 11.64 11.87 12.10 12.74 13.78 14.07 13.59 12.79 12.06 11.59 11.12 10.69 10.59 10.78 11.27 11.84 12.27 12.42 12.24 12.00 11.85 11.52 10.98 10.51 10.05 9.89 9.69 9.59 9.86 10.27 10.48 10.58 10.71 11.13 11.67 12.16 12.12 11.12 9.69 8.88 8.55 8.31 8.44 8.89 9.61 9.75 9.23 8.60 8.37 8.24 8.14 8.11 7.67 6.72 5.84 5.30 4.82 3.93
11.50 11.10 10.45 9.91 9.47 9.26 9.31 9.56 10.08 10.83 11.60 12.16 12.52 12.61 12.39 11.81 10.96 10.31 10.26 10.60 11.02 11.84 12.35 12.89 13.81 14.57 14.42 13.37 12.36 12.05 12.15 12.27 12.21 11.78 11.41 11.27 11.16 11.00 10.96 11.16 11.34 11.37 11.06 10.44 9.84 9.36 9.05 8.68 8.41 8.40 8.71 9.19 9.77 10.29 10.93 11.38 11.36 10.56 9.09 8.23 8.02 7.96 8.17 8.82 9.34 9.42 8.82 7.71 6.84 6.46 6.38 6.11 5.96 6.05 5.73 4.96 4.18 3.66 3.16
11.38 10.83 9.94 9.55 9.26 9.03 8.84 8.56 8.33 8.41 8.93 10.11 11.45 12.56 13.23 13.26 12.70 11.90 11.36 11.27 11.39 11.98 12.58 13.59 14.19 14.35 13.59 12.43 11.30 10.96 11.21 11.65 11.88 11.58 11.21 10.92 10.62 10.53 10.83 11.26 11.39 11.22 10.78 10.34 10.01 9.66 9.21 8.45 7.62 7.16 7.28 7.99 9.01 9.76 10.28 10.25 9.51 8.24 7.29 7.08 7.00 6.92 7.44 8.15 8.26 7.90 7.23 6.32 5.45 4.74 4.39 4.27 4.27 4.30 4.27 4.02 3.68 3.50 3.55
