project/data/elevation/US_DEM2016/US_DEM2016_point_10-28-2019_0644_30m_vel.asc
ncols	125
nrows	167
xllcorner	-2042055.000000
yllcorner	1465035.000000
cellsize	30.000000
NODATA_value	-9999.000000
[rows 35 to 69 of 167, columns 0 to 78 of 125]
10.94 10.40 9.81 9.44 8.81 7.74 6.86 6.44 6.58 7.54 9.25 11.31 12.59 12.65 11.77 10.73 10.20 10.16 10.54 11.23 11.88 12.45 12.92 13.12 13.09 12.79 12.27 11.55 10.53 9.28 8.34 8.03 8.00 7.78 7.34 7.22 7.72 8.38 9.10 9.66 9.86 9.44 8.38 6.95 6.16 6.03 6.34 6.77 6.96 7.11 7.32 8.14 9.65 10.48 10.15 9.92 9.79 9.95 10.13 10.60 10.37 9.35 8.09 6.78 5.93 5.59 5.84 6.67 7.62 8.55 8.91 8.98 9.35 10.48 11.59 13.25 15.92 17.79 17.95
11.31 11.37 11.35 11.12 10.70 9.79 8.62 7.48 6.80 6.68 7.36 8.86 10.82 11.91 11.76 10.82 10.25 10.36 11.06 12.04 12.84 13.62 14.35 14.91 15.02 14.80 14.35 13.62 12.45 10.81 9.18 8.38 8.45 8.92 9.22 9.03 8.82 9.13 9.82 10.43 11.00 11.03 10.19 9.17 8.66 8.71 9.12 9.30 9.06 8.19 7.68 7.74 9.07 10.12 10.15 10.00 9.87 10.06 10.30 10.93 11.01 10.32 9.00 7.28 5.80 5.03 5.05 5.71 6.56 7.48 8.19 8.39 8.71 9.39 10.18 11.14 13.16 16.00 18.00
11.08 11.37 11.44 11.17 10.79 10.15 9.37 8.36 7.36 6.65 6.58 7.26 8.68 10.36 11.05 10.72 10.18 10.13 10.78 11.75 12.55 13.28 14.00 14.67 15.02 15.18 15.23 15.10 14.39 12.90 10.92 9.28 8.71 9.11 9.72 10.11 10.23 10.32 10.58 11.34 12.49 13.26 13.47 12.63 11.72 11.39 11.31 10.82 10.05 9.01 8.07 7.85 8.51 9.69 10.06 9.97 9.88 10.17 10.40 10.90 11.18 11.00 10.19 8.75 7.05 5.79 5.23 5.34 5.80 6.55 7.28 7.50 7.94 8.69 9.17 9.63 11.00 13.32 16.09
10.68 10.75 10.71 10.39 9.84 9.46 9.06 8.35 7.47 6.70 6.71 6.62 7.40 8.70 10.03 10.16 9.94 9.46 9.66 10.21 10.65 10.98 11.37 12.04 12.83 13.53 14.29 15.06 15.16 14.48 12.98 11.18 9.89 9.35 9.48 10.20 10.95 11.23 11.41 11.97 13.05 14.28 15.04 14.91 14.12 13.05 11.82 10.39 9.39 8.47 7.89 7.80 8.12 9.20 9.93 10.03 9.99 10.26 10.41 10.63 10.85 10.57 10.17 9.44 8.29 6.96 5.62 5.03 5.07 5.60 6.31 6.63 7.03 7.98 8.39 8.56 9.33 11.04 13.08
10.29 10.03 9.78 9.43 8.85 8.55 8.33 7.99 7.56 7.15 6.99 7.07 7.39 8.50 9.33 9.51 9.59 9.26 8.70 8.36 8.24 8.30 8.57 9.26 10.47 11.81 12.97 14.17 15.08 15.29 14.50 12.93 11.42 10.51 10.49 11.24 11.95 12.42 12.53 12.49 12.81 13.50 14.51 15.05 14.87 13.93 12.28 10.81 9.68 8.54 7.95 7.97 8.23 8.94 9.82 10.14 10.26 10.50 10.45 10.43 10.16 9.32 8.25 7.85 7.45 6.73 5.55 4.60 4.30 4.52 5.33 5.93 6.38 7.13 7.63 7.69 8.01 9.05 10.55
9.99 9.70 9.33 8.92 8.61 8.37 8.34 8.40 8.42 8.43 8.47 8.57 8.61 8.70 9.55 9.51 9.33 9.10 8.28 7.39 7.14 7.34 7.77 8.43 9.57 10.72 11.80 12.96 14.15 15.09 15.21 14.30 13.07 12.44 12.42 12.90 13.49 13.93 13.75 13.16 12.70 12.20 12.41 13.64 14.43 14.52 13.61 12.82 12.02 11.05 9.85 9.14 8.95 9.06 9.65 9.88 9.99 10.20 10.34 10.55 10.27 8.87 6.74 5.87 5.59 5.32 5.06 4.63 4.15 3.91 4.22 5.01 5.77 6.43 7.01 7.15 7.24 7.68 8.75
10.28 10.07 9.82 9.59 9.46 9.38 9.29 9.33 9.47 9.64 9.81 9.84 9.72 9.63 9.58 9.52 9.52 9.37 8.79 8.07 7.89 8.12 8.49 8.84 9.23 9.79 10.38 11.25 12.58 13.94 15.05 14.88 14.30 13.95 13.92 13.96 14.05 13.99 13.77 13.37 12.67 11.62 11.07 11.71 13.30 13.97 13.73 13.21 13.11 12.94 12.27 10.87 9.72 9.21 9.29 9.30 9.10 9.12 9.68 10.71 10.94 9.65 7.29 5.92 5.44 5.25 5.23 5.02 4.51 3.98 3.80 4.17 4.85 5.50 6.17 6.45 6.67 7.05 7.83
10.74 10.69 10.64 10.58 10.46 10.31 10.12 10.04 10.20 10.46 10.59 10.50 10.19 10.19 10.33 10.36 10.30 10.23 10.00 9.71 9.62 9.74 9.90 10.05 10.24 10.31 10.38 10.70 11.57 12.68 14.15 14.62 14.82 14.94 14.75 14.01 13.04 12.26 12.00 12.23 12.10 11.21 10.22 10.40 11.79 12.78 12.69 11.77 11.68 12.00 12.10 11.34 10.14 9.21 9.07 9.14 8.94 8.83 9.38 11.03 11.88 11.18 9.26 7.82 7.20 6.78 6.22 5.57 5.15 4.82 4.38 3.98 3.84 3.94 4.41 4.89 5.49 6.18 6.89
10.85 10.87 10.92 10.93 10.91 10.90 10.90 10.96 11.10 11.22 11.20 11.01 10.64 10.82 10.71 10.80 10.90 10.95 10.97 10.93 11.06 11.27 11.36 11.34 11.34 11.21 11.16 11.24 11.59 12.07 13.11 13.78 14.23 14.55 14.47 13.72 12.29 10.87 10.21 10.65 11.31 10.98 9.92 9.49 10.57 11.78 11.71 10.31 9.12 8.62 8.82 9.33 9.37 9.06 9.10 9.56 9.87 10.11 10.73 12.02 12.99 12.74 11.38 10.10 8.98 8.04 7.34 6.85 6.52 5.91 5.06 4.08 3.26 2.77 2.71 3.24 3.95 4.76 5.37
10.86 10.92 11.10 11.26 11.53 11.92 12.28 12.44 12.35 12.11 11.84 11.56 11.15 10.98 10.87 10.99 11.16 11.32 11.40 11.42 11.52 11.65 11.70 11.59 11.39 11.16 11.14 11.26 11.55 11.85 12.60 12.86 13.03 12.92 13.03 13.11 12.61 11.33 9.75 9.31 9.97 10.41 9.83 9.11 9.66 10.92 10.74 9.25 7.60 6.71 6.61 7.09 7.76 8.24 8.94 9.89 10.66 11.28 11.86 12.61 13.55 13.66 12.57 11.11 9.69 8.89 8.53 8.14 7.37 6.13 5.17 4.49 3.82 3.20 2.88 2.97 3.44 4.00 4.32
11.02 11.29 11.74 12.07 12.35 12.70 13.03 13.20 13.09 12.73 12.35 12.02 11.72 11.51 11.60 11.67 11.69 11.73 11.70 11.52 11.20 10.90 10.80 10.82 10.89 10.83 10.79 10.92 11.34 11.70 12.22 12.11 11.82 11.36 11.20 11.83 12.36 12.04 10.35 8.94 8.73 9.42 9.41 8.75 9.12 10.30 10.36 9.24 8.30 7.85 7.43 6.98 6.82 7.31 8.47 9.73 10.47 11.00 11.45 12.23 13.23 13.81 13.18 11.85 10.74 10.08 9.39 8.46 7.29 6.34 5.82 5.62 5.36 4.97 4.54 4.28 4.33 4.50 4.63
10.95 11.39 12.08 12.45 12.51 12.48 12.43 12.48 12.57 12.49 12.30 12.02 12.01 12.16 12.40 12.48 12.39 12.18 11.86 11.43 10.82 10.25 9.98 10.08 10.38 10.58 10.69 10.88 11.23 11.39 11.48 11.28 11.01 10.43 9.81 9.98 10.88 11.66 11.14 9.55 8.41 8.57 8.93 8.96 9.47 10.48 10.70 9.91 9.26 8.66 7.94 7.24 6.96 7.47 8.60 9.41 9.97 10.47 11.01 11.91 12.89 13.74 13.62 12.69 11.57 10.54 9.13 8.25 7.83 7.67 7.64 7.51 7.29 7.01 6.73 6.44 6.12 5.81 5.59
10.48 10.77 11.39 11.86 11.90 11.67 11.35 11.15 11.21 11.45 11.51 11.38 11.67 11.68 11.94 12.18 12.26 12.07 11.67 11.18 10.65 10.14 9.80 9.73 9.91 10.15 10.37 10.65 10.85 10.73 10.51 10.40 10.57 10.01 8.98 8.66 9.25 10.52 11.21 10.66 9.22 8.78 9.09 9.66 10.23 11.05 11.15 10.08 8.75 7.76 7.36 7.25 7.77 8.94 9.79 10.00 10.26 10.72 11.26 11.98 12.88 13.81 13.78 12.89 11.72 10.41 9.40 9.12 9.45 9.87 10.07 9.98 9.78 9.51 9.15 8.77 8.36 7.83 7.40
10.20 10.19 10.29 10.76 11.11 11.00 10.61 10.25 10.17 10.38 10.54 10.55 10.48 10.55 10.62 10.85 11.19 11.40 11.33 10.99 10.52 10.03 9.65 9.42 9.39 9.51 9.59 9.80 10.05 10.00 10.09 10.31 10.60 10.20 8.89 7.83 8.00 9.16 10.50 10.86 9.98 9.09 8.88 9.17 9.69 10.70 11.14 10.04 8.46 7.78 7.87 8.67 9.96 11.03 11.57 11.25 11.00 11.08 11.48 12.21 13.21 14.26 14.31 13.44 12.65 12.20 12.22 12.61 13.08 13.48 13.56 13.47 13.29 13.06 12.69 12.25 11.79 11.12 10.25
10.43 10.36 9.98 9.96 10.45 10.82 10.68 10.27 10.04 10.06 10.34 10.52 10.54 10.32 10.26 10.36 10.63 10.97 11.13 10.93 10.41 9.83 9.36 9.10 9.00 9.00 8.91 8.96 9.24 9.35 9.70 10.19 10.80 10.98 9.95 8.14 7.60 8.05 9.24 10.04 9.68 8.72 8.02 7.80 8.31 9.70 10.98 10.65 9.46 9.10 9.92 11.27 12.35 12.88 12.75 11.99 11.42 11.30 11.63 12.48 13.53 14.83 15.25 15.01 14.63 14.83 15.36 15.99 16.57 16.89 17.00 16.96 16.83 16.67 16.39 15.95 15.41 14.74 13.57
10.56 10.67 10.38 9.91 10.06 10.71 11.15 11.00 10.67 10.70 11.18 11.62 11.73 11.50 11.25 11.11 11.06 11.08 11.10 10.95 10.50 9.86 9.24 8.86 8.74 8.80 8.74 8.69 8.66 8.54 8.56 9.18 10.16 11.25 11.30 9.88 8.63 8.21 8.75 9.52 9.48 8.91 8.43 8.15 8.41 9.47 11.11 11.61 11.27 11.58 12.59 13.32 13.69 13.38 12.80 11.94 11.46 11.33 11.34 11.72 12.58 14.11 15.19 15.34 15.28 15.38 15.68 16.12 16.47 16.72 16.93 17.11 17.15 17.10 16.93 16.68 16.37 16.02 15.38
10.38 10.53 10.47 10.22 10.06 10.42 11.10 11.44 11.31 11.32 11.95 12.66 12.85 12.67 12.35 11.89 11.46 11.20 11.12 11.04 10.75 10.18 9.44 8.80 8.55 8.68 8.74 8.64 8.22 7.48 7.32 7.69 8.60 10.37 11.43 11.31 10.18 9.56 9.78 10.33 10.55 10.58 10.56 10.35 10.31 10.90 12.32 13.52 14.46 14.97 14.95 14.58 13.91 12.88 12.19 11.43 10.96 10.59 10.26 10.13 10.61 11.77 13.55 14.18 14.07 13.43 12.77 12.44 12.11 12.20 12.59 13.24 13.53 13.65 13.64 13.75 14.08 14.12 14.03
10.13 9.91 9.73 9.72 9.70 9.93 10.57 11.25 11.46 11.37 11.82 12.51 12.83 12.83 12.52 11.92 11.27 10.89 10.86 10.89 10.69 10.27 9.66 8.94 8.49 8.45 8.55 8.55 7.97 6.76 6.35 6.54 7.20 8.56 10.44 11.20 11.02 10.89 11.18 11.80 12.21 12.34 12.29 12.31 12.49 12.98 13.88 15.02 15.94 16.24 15.93 14.93 13.76 12.51 11.71 10.96 10.37 9.77 9.49 9.32 9.55 10.30 11.55 12.54 12.40 10.85 9.26 7.90 7.16 6.98 7.31 8.10 8.73 8.94 9.23 9.55 10.28 10.62 10.56
10.08 9.53 8.92 8.70 8.75 9.13 9.86 10.76 11.30 11.21 11.77 11.49 11.61 11.75 11.58 11.15 10.60 10.20 10.16 10.32 10.28 10.01 9.70 9.31 8.81 8.45 8.42 8.59 8.21 7.12 6.38 6.33 6.69 7.53 9.02 10.35 10.91 11.01 11.30 11.96 12.57 12.70 12.74 12.91 13.27 13.60 14.06 14.58 14.99 15.24 15.19 14.65 13.58 12.49 11.66 10.96 10.41 9.94 9.88 9.83 10.00 10.39 11.06 11.91 11.69 10.02 8.11 6.80 6.13 5.65 5.20 4.96 5.27 5.70 6.08 6.55 7.41 8.06 7.99
10.31 9.73 8.95 8.55 8.35 8.34 8.74 9.75 10.51 10.57 10.23 10.26 9.77 9.94 9.88 9.80 9.58 9.23 9.16 9.56 9.99 10.06 9.95 9.77 9.30 8.81 8.63 8.89 8.96 8.43 7.69 7.15 6.93 7.09 7.97 9.34 10.08 10.20 10.27 10.69 11.37 11.80 12.02 12.31 12.66 12.84 12.86 12.66 12.21 12.61 13.50 13.98 13.52 12.71 11.94 11.32 10.83 10.54 10.60 10.50 10.48 10.65 11.03 11.95 12.02 10.67 9.10 8.05 7.29 6.48 5.39 4.12 3.45 3.42 3.79 4.28 5.17 6.01 6.12
10.73 10.29 9.80 9.50 9.10 8.45 7.92 8.24 9.02 9.33 9.15 9.44 8.44 8.54 8.54 8.98 8.55 8.38 8.36 8.94 9.84 10.47 10.58 10.29 9.89 9.44 9.19 9.38 9.49 9.31 8.64 7.86 7.16 6.81 7.33 8.51 9.33 9.63 9.57 9.68 10.08 10.64 10.99 11.36 11.58 11.52 11.21 10.66 10.51 10.95 12.01 12.96 13.06 12.67 11.92 11.40 10.94 10.62 10.55 10.23 9.96 9.92 10.44 11.66 12.24 11.45 10.21 9.25 8.03 6.84 5.58 4.49 3.55 2.96 2.84 2.99 3.46 4.13 4.38
11.11 11.10 11.15 11.05 10.60 9.78 8.58 8.12 8.37 8.78 8.83 9.47 9.30 8.65 8.67 8.55 8.57 8.55 8.56 9.04 9.96 10.92 11.24 11.14 10.86 10.56 10.26 10.11 9.93 9.70 9.06 8.55 8.09 7.69 7.80 8.66 9.69 10.23 10.19 10.10 10.19 10.42 10.54 10.75 10.64 10.24 9.60 9.28 9.11 9.44 10.46 11.64 12.22 11.97 11.34 10.89 10.43 9.95 9.58 9.06 8.73 8.76 9.57 10.97 11.98 11.73 10.74 9.63 8.29 7.20 6.33 5.81 5.39 4.68 3.86 3.13 2.85 3.00 3.95
11.19 11.57 12.07 12.26 12.07 11.48 10.50 9.72 9.35 9.38 10.57 9.44 9.65 10.01 10.27 10.33 10.30 10.34 10.20 10.25 10.77 11.54 12.04 12.27 12.26 12.11 11.72 11.20 10.82 10.74 10.71 10.56 10.32 9.95 9.59 9.91 10.82 11.46 11.68 11.64 11.53 11.12 10.72 10.45 9.94 9.11 8.53 7.93 7.69 7.97 8.94 10.29 11.22 11.04 10.63 10.26 9.75 9.11 8.54 8.24 8.30 8.71 9.75 10.97 11.80 11.60 10.70 9.64 8.58 8.07 7.91 7.77 7.21 6.41 5.49 4.85 4.65 4.76 5.13
10.89 11.21 11.75 12.25 12.69 12.73 12.16 11.33 10.55 10.06 9.93 10.19 10.80 11.48 12.12 12.42 12.59 12.71 12.70 12.50 12.52 12.60 12.85 13.17 13.38 13.23 12.90 12.32 11.85 11.70 11.84 11.73 11.57 11.31 10.81 10.63 11.02 11.60 12.16 12.51 12.48 11.97 11.20 10.30 9.04 8.05 7.35 6.81 6.51 6.50 7.35 8.76 9.85 10.20 10.14 9.93 9.58 9.17 8.93 9.09 9.44 10.10 11.07 12.04 12.47 12.07 11.07 10.31 9.75 9.51 9.49 9.22 8.45 7.52 6.81 6.45 6.44 6.73 7.42
10.50 10.51 10.80 11.30 12.07 12.73 12.81 12.16 11.17 10.29 11.48 10.05 10.84 11.83 12.59 13.13 13.45 13.67 13.88 13.87 13.62 13.28 13.15 13.28 13.46 13.47 13.28 12.83 12.44 12.02 11.29 10.64 10.40 10.47 10.47 10.55 10.71 11.10 11.60 12.22 12.58 12.32 11.62 10.39 8.48 6.88 6.07 5.77 5.41 5.31 5.74 6.90 8.36 9.39 9.91 10.09 10.11 10.11 10.19 10.20 10.50 11.19 12.09 13.22 13.87 14.02 12.87 11.89 11.49 11.23 10.61 9.91 9.27 8.90 8.68 8.66 8.99 9.60 10.46
10.33 10.26 10.28 10.35 10.65 11.22 11.83 11.87 11.22 10.28 9.53 9.27 9.63 10.36 11.08 11.59 11.94 12.05 12.09 12.22 12.33 12.23 12.07 12.03 12.13 12.33 12.30 12.26 12.32 12.29 11.60 10.37 9.54 9.38 9.91 10.58 11.09 11.31 11.44 11.68 11.97 11.81 11.51 10.65 8.77 6.66 5.56 5.20 5.05 5.03 5.22 5.99 7.40 8.87 9.92 10.62 11.07 11.32 11.31 10.98 10.99 11.72 12.65 13.77 14.99 15.96 15.62 14.06 13.04 12.65 11.90 11.22 11.04 11.46 11.90 12.31 12.82 13.28 13.49
10.08 9.93 9.81 9.69 9.35 9.36 9.99 10.64 10.57 9.79 8.80 7.99 7.60 7.66 8.00 8.35 8.70 8.73 8.28 8.02 8.58 9.23 9.40 9.34 9.36 9.85 10.40 10.74 11.25 11.99 12.44 12.23 11.46 10.72 10.52 10.87 11.24 11.36 11.18 10.98 10.97 11.13 11.34 11.16 9.89 8.02 6.86 6.51 6.44 6.49 6.65 7.13 8.00 9.08 9.98 10.74 11.46 12.11 12.34 12.37 12.51 12.97 13.19 13.62 14.85 16.35 16.73 16.03 15.06 14.66 14.48 14.33 14.58 15.04 15.33 15.49 15.57 15.49 15.04
9.71 9.34 9.01 8.98 8.82 8.69 8.89 9.47 9.76 9.20 8.11 6.89 5.84 5.14 4.89 5.10 5.68 6.15 6.09 5.57 5.32 5.69 6.19 6.55 7.06 7.81 8.81 9.33 9.75 10.27 11.36 12.37 12.69 12.36 11.49 10.89 10.51 10.42 10.18 9.93 9.99 10.70 11.48 11.93 11.58 10.97 10.24 9.74 9.39 9.24 9.30 9.39 9.51 9.74 9.97 10.32 10.92 11.77 12.59 13.23 13.66 13.52 13.03 12.64 12.99 14.42 15.85 16.14 16.23 16.35 16.57 16.66 16.74 16.71 16.50 16.13 15.73 15.25 14.55
9.88 9.44 8.90 8.68 8.71 8.79 8.88 9.15 9.44 9.21 8.34 7.09 5.78 4.62 3.81 3.53 4.39 5.35 6.28 6.08 5.15 4.38 4.25 4.86 5.88 7.01 8.17 8.63 8.68 8.46 8.99 10.17 11.40 11.94 11.38 10.27 9.26 8.82 8.92 9.05 9.37 10.33 11.49 12.45 12.81 13.04 12.97 12.42 11.80 11.35 10.80 10.36 10.17 10.16 10.15 10.25 10.68 11.47 12.24 12.69 12.81 12.42 11.79 11.19 11.27 12.17 13.64 14.77 15.45 15.92 16.03 15.82 15.52 15.24 14.88 14.33 13.58 12.79 12.55
10.43 10.22 9.85 9.45 9.27 9.33 9.44 9.61 9.76 9.75 9.38 8.59 7.60 6.34 5.13 4.23 4.10 5.57 7.38 8.13 7.54 6.14 4.95 4.71 5.55 7.00 8.19 8.56 8.31 7.68 7.44 7.80 8.94 9.89 10.14 9.71 9.00 8.52 8.58 9.11 9.72 10.64 11.38 12.21 12.74 13.12 13.19 13.09 12.73 12.06 10.91 10.16 10.04 10.25 10.38 10.49 10.80 11.43 11.72 11.57 11.10 10.51 10.18 10.13 10.37 10.98 11.88 12.91 13.61 13.83 13.73 13.26 12.46 12.01 12.07 11.97 11.19 10.14 9.82
10.69 10.71 10.72 10.51 10.26 10.11 10.18 10.47 10.70 10.92 11.01 10.82 10.31 9.27 7.90 6.55 5.68 6.03 7.55 9.30 9.80 9.08 7.60 6.44 6.52 7.53 8.57 9.12 9.09 8.33 7.54 6.99 7.12 7.91 8.96 9.78 10.17 10.34 10.42 10.58 10.92 11.30 11.39 11.67 11.91 11.96 12.05 12.31 12.46 12.26 11.32 10.49 10.22 10.33 10.45 10.50 10.67 10.97 10.97 10.51 10.03 9.62 9.53 9.61 9.71 10.07 10.58 11.30 11.78 11.81 11.72 11.44 10.66 9.73 9.49 10.04 9.77 8.54 7.49
10.68 10.80 10.96 10.85 10.72 10.66 10.89 11.35 11.91 12.50 12.93 13.06 12.63 11.70 10.36 8.87 7.42 6.68 7.21 9.14 10.71 11.22 10.65 9.40 8.46 8.64 9.34 10.08 10.56 10.14 9.33 8.41 7.80 8.05 9.05 10.27 11.27 11.98 12.14 11.93 11.65 11.47 11.28 11.32 11.27 10.91 10.80 10.96 11.34 11.66 11.54 10.97 10.50 10.43 10.52 10.65 10.78 10.76 10.38 9.86 9.47 9.25 9.28 9.20 9.19 9.57 10.10 10.48 10.46 10.44 10.30 10.22 10.04 9.05 7.96 8.14 8.59 7.88 6.42
10.65 10.84 11.07 10.85 10.66 10.71 11.05 11.59 12.40 13.15 13.88 14.26 14.26 13.77 12.78 11.33 9.55 8.00 7.59 8.71 10.41 11.91 12.10 11.43 10.48 10.18 10.35 10.76 11.34 11.52 11.31 10.76 10.06 9.76 10.03 10.56 11.03 11.45 11.67 11.51 11.23 11.10 11.11 11.15 10.82 9.91 9.49 9.43 9.55 9.98 10.56 10.61 10.33 10.31 10.53 10.80 10.76 10.29 9.52 9.00 8.82 8.85 8.98 9.15 9.30 9.74 10.16 10.02 9.34 9.13 9.06 8.89 9.20 9.05 7.92 7.23 7.54 7.52 6.21
10.57 10.79 11.02 10.80 10.49 10.42 10.52 10.68 11.03 11.66 12.56 13.52 14.37 14.78 14.64 13.86 12.27 10.15 8.76 8.76 9.63 11.24 12.22 12.32 11.87 11.38 10.96 10.73 10.84 11.31 11.82 12.00 11.72 11.06 10.55 10.29 10.12 10.09 10.25 10.55 10.73 10.93 11.20 11.27 10.62 9.39 8.71 8.39 8.23 8.28 8.75 9.21 9.44 9.64 10.06 10.14 9.75 9.05 8.29 8.02 8.08 8.29 8.67 9.10 9.35 9.71 10.04 9.52 8.11 7.40 7.46 7.10 7.11 7.88 7.88 7.21 7.05 7.14 6.64
10.39 10.55 10.66 10.63 10.43 10.25 10.05 9.63 9.10 8.86 9.28 10.64 12.43 13.94 14.91 15.13 14.45 12.77 10.63 9.51 9.56 10.63 11.64 12.34 12.36 11.78 11.03 10.43 9.89 9.93 10.47 11.10 11.39 11.03 10.46 10.00 9.71 9.76 10.19 10.61 10.80 11.06 11.47 11.73 11.17 9.97 9.10 8.38 7.70 7.22 7.23 7.79 8.49 9.07 9.26 8.84 8.06 7.44 7.17 7.13 7.16 7.18 7.60 8.11 8.40 9.12 9.89 9.50 7.77 6.32 5.96 5.69 5.61 6.29 7.06 7.19 7.18 7.02 7.31
