project/data/elevation/US_DEM2016/US_DEM2016_point_10-28-2019_1856_30m_ang.asc
ncols	125
nrows	167
xllcorner	-2042055.000000
yllcorner	1465035.000000
cellsize	30.000000
NODATA_value	-9999.000000
[rows 43 to 85 of 167, columns 0 to 95 of 125]
306 309 317 325 330 335 339 342 343 346 351 3 17 36 7 0 356 354 353 350 344 340 339 339 338 337 336 334 333 332 331 329 330 334 336 335 332 329 329 333 338 344 347 342 332 326 327 330 332 334 340 349 356 357 352 346 342 339 335 328 322 323 326 326 326 325 321 319 319 316 309 298 288 281 279 285 295 300 303 314 332 340 337 336 336 335 337 341 345 350 357 5 13 23 30 28
307 311 319 326 332 336 340 343 346 349 357 10 20 34 4 357 353 351 349 346 342 339 339 340 339 337 336 334 332 330 327 324 325 330 335 336 335 333 331 332 338 346 353 347 329 318 317 320 323 324 327 336 348 353 347 343 342 343 341 335 329 328 328 329 330 329 327 326 323 315 305 298 293 286 283 285 291 294 297 305 320 330 331 332 331 331 334 339 342 347 356 8 20 31 34 28
309 313 321 328 333 337 341 345 349 354 4 17 21 12 360 354 352 349 347 344 340 338 338 339 338 336 334 332 329 327 323 321 321 326 332 335 337 338 337 335 338 350 359 350 326 311 310 318 327 331 331 332 338 341 339 339 341 343 343 338 331 328 329 333 334 332 331 329 324 317 311 307 305 301 298 296 297 299 294 304 312 321 325 327 327 329 333 340 345 347 355 9 27 37 35 27
308 312 322 328 332 336 340 345 351 360 12 23 19 5 355 352 351 348 346 344 341 338 337 337 336 334 333 330 326 323 321 318 318 322 328 332 335 340 343 345 348 357 1 347 326 313 314 322 330 333 333 331 331 333 334 336 341 344 344 340 333 328 330 334 335 334 333 333 331 327 324 320 317 315 312 309 307 307 308 310 306 319 322 324 325 327 333 342 350 355 359 11 28 36 32 25
305 309 319 326 331 334 339 344 352 4 19 26 31 2 351 350 349 347 346 345 343 340 338 336 334 332 329 326 322 319 319 317 315 318 324 330 334 339 347 356 4 4 355 342 330 319 316 320 327 329 327 324 325 330 336 340 343 346 346 343 336 330 330 334 336 336 338 338 336 334 333 331 329 326 322 319 317 316 316 318 321 323 322 322 324 328 334 341 349 357 5 19 30 30 26 20
304 307 316 324 329 334 338 344 353 9 25 26 12 360 348 347 345 345 346 346 344 341 338 335 332 328 324 320 316 316 319 320 317 317 323 329 332 337 348 6 18 8 348 336 327 318 315 318 327 329 325 323 326 333 341 347 348 348 348 345 339 333 332 336 339 341 341 341 340 340 340 340 338 337 334 331 329 328 327 325 326 326 323 321 323 327 333 338 346 358 14 29 32 25 19 11
304 307 315 322 328 334 341 347 356 13 25 21 5 355 349 346 343 344 345 347 346 342 338 334 330 325 319 314 312 314 320 323 321 321 327 332 334 338 355 22 28 9 342 328 320 313 314 322 332 330 326 326 330 338 347 353 353 350 348 345 340 337 336 338 340 341 342 343 344 345 345 345 345 344 342 341 340 339 338 336 333 329 324 320 320 324 330 334 344 2 25 35 31 19 10 1
302 306 315 323 328 335 344 351 360 14 18 11 359 353 351 347 345 344 346 348 347 343 338 334 329 323 316 310 308 312 319 322 322 325 332 339 344 352 12 31 25 3 343 331 323 317 319 328 334 331 329 330 334 343 354 359 357 351 347 344 339 336 335 335 336 338 340 343 345 346 346 346 346 346 345 345 345 346 347 348 345 339 331 324 320 321 326 331 345 12 34 38 28 15 5 357
301 304 314 323 329 336 344 352 2 12 11 2 356 354 353 350 347 346 347 349 348 345 340 334 327 321 313 307 305 309 315 318 320 325 333 344 357 9 16 16 6 354 345 338 332 327 327 332 336 335 334 335 339 349 359 4 0 353 348 343 337 331 328 328 329 331 334 336 338 340 341 342 343 343 344 345 346 347 350 352 351 348 343 336 328 325 324 330 351 25 39 37 27 17 7 356
300 302 311 320 329 336 342 351 3 9 3 355 353 355 357 355 351 348 348 349 348 344 339 333 326 319 311 305 303 306 312 314 316 322 331 346 7 14 9 2 356 349 344 340 335 331 330 333 337 339 339 341 345 354 4 8 5 357 350 343 335 327 321 318 319 320 320 320 320 321 323 328 331 332 335 337 339 341 344 347 349 348 348 340 341 313 329 331 360 29 34 29 25 18 7 355
301 302 308 316 325 334 340 349 3 8 19 357 351 358 2 3 357 350 348 349 346 341 337 331 325 318 310 304 302 305 312 314 316 320 328 349 12 12 2 355 349 344 341 337 332 328 328 332 337 342 344 347 351 359 9 13 9 1 352 343 335 328 320 313 311 310 311 310 310 309 309 308 310 313 317 320 322 325 330 331 332 333 336 340 343 320 339 341 3 17 19 20 18 10 359 352
303 305 309 315 323 331 336 346 2 9 359 2 352 5 12 10 1 353 348 345 341 337 334 329 325 318 311 306 305 310 316 319 320 320 327 353 14 8 356 349 343 338 335 330 325 324 325 329 337 343 346 351 357 4 14 17 12 1 351 342 336 330 321 313 308 309 313 315 314 312 306 297 291 289 291 292 294 295 298 298 295 294 302 315 329 342 348 353 358 2 7 11 8 359 354 348
307 309 315 321 327 333 336 342 359 10 2 11 359 20 24 25 3 354 345 339 336 335 333 329 325 320 314 309 309 313 319 323 324 323 331 356 11 3 352 345 338 332 327 322 319 319 321 328 337 343 347 352 1 10 20 22 13 360 349 342 337 331 321 311 308 311 316 318 316 311 302 293 287 281 276 273 269 265 262 266 272 288 300 314 297 339 351 355 353 355 0 3 358 353 348 342
309 313 320 328 334 341 343 346 358 9 4 28 30 23 20 8 359 351 343 337 334 334 333 330 327 323 318 314 312 315 321 327 330 333 342 356 2 358 351 344 336 329 322 317 315 315 319 326 336 342 345 353 4 16 26 25 14 360 349 344 339 331 319 309 309 312 317 319 316 311 307 306 305 299 287 270 261 259 268 278 293 304 314 324 315 345 352 353 350 352 356 357 352 347 341 336
309 313 324 333 342 349 352 354 2 8 27 4 9 12 8 1 356 349 344 340 336 334 334 332 330 327 323 318 316 320 328 334 338 344 352 356 356 354 351 345 337 328 319 313 312 313 317 323 332 337 342 352 9 25 32 27 16 4 354 348 341 333 323 313 310 312 317 319 318 319 320 322 321 317 308 299 295 296 299 305 311 317 322 324 342 351 355 353 349 350 353 352 347 340 335 333
305 310 322 335 346 354 357 359 7 11 6 3 4 3 360 356 353 349 346 343 339 336 334 332 331 330 327 322 320 324 331 337 343 351 358 356 353 351 349 344 338 328 318 311 308 310 313 318 324 329 333 350 16 33 35 26 16 7 357 349 342 336 329 321 316 317 321 325 326 327 329 332 334 332 325 319 316 316 317 318 321 323 328 337 347 355 357 353 348 347 349 348 341 334 331 334
301 306 319 333 345 354 359 5 14 17 29 360 358 0 353 351 348 346 344 343 340 336 333 331 331 331 327 322 321 326 332 336 343 354 0 357 352 348 345 342 336 327 317 309 304 304 306 309 313 317 322 343 19 35 31 21 13 5 355 347 342 337 332 327 325 328 331 332 332 332 335 340 345 342 334 329 327 326 325 325 326 328 333 341 351 357 358 354 346 343 344 343 336 331 332 342
300 304 317 331 341 351 1 11 23 25 11 355 351 348 346 344 342 340 339 338 336 331 328 327 328 327 322 319 321 328 335 338 343 352 357 356 351 346 343 340 334 325 314 306 301 301 302 303 308 314 321 338 11 25 21 13 7 0 353 347 341 335 332 330 332 338 340 336 335 338 343 348 348 343 338 335 334 333 332 331 331 334 338 345 331 359 359 352 343 339 339 338 332 331 340 353
299 302 315 330 340 350 2 19 34 35 19 354 344 339 335 333 331 328 324 321 319 318 317 317 318 316 312 311 316 328 338 345 349 353 356 354 350 346 343 339 334 324 311 305 305 309 313 315 319 326 333 344 2 13 10 5 2 356 350 345 339 334 331 332 336 341 342 340 340 344 349 351 348 344 341 340 338 338 338 337 338 340 344 349 356 1 0 349 339 335 334 333 330 335 348 351
298 301 313 329 342 354 7 29 46 45 28 2 340 323 312 307 305 300 294 294 295 297 298 300 303 304 303 304 310 323 337 346 352 356 358 355 350 346 343 340 334 323 313 310 315 324 330 330 332 336 343 351 3 10 5 360 356 351 344 340 336 333 332 333 336 339 338 338 342 348 351 350 347 344 343 341 340 341 342 343 344 346 349 339 359 4 1 347 335 331 329 328 329 338 346 343
301 304 315 330 345 360 16 38 50 44 30 14 352 324 302 287 307 287 293 296 294 290 289 292 297 299 299 301 306 318 330 339 349 358 3 2 354 347 344 340 334 324 316 315 321 331 337 338 338 341 347 355 7 12 4 356 352 345 337 333 332 332 332 335 336 333 329 332 340 347 348 346 345 343 342 340 340 342 344 346 347 350 354 359 331 322 359 344 331 327 326 325 329 337 339 336
306 310 321 336 350 5 24 42 44 36 26 15 0 346 331 314 304 306 308 310 307 303 300 301 302 301 300 301 305 315 324 330 341 356 7 8 0 351 346 341 333 324 317 316 322 331 337 339 341 345 351 358 8 11 3 354 348 339 331 328 329 330 333 337 335 327 322 324 334 342 343 341 340 339 338 337 337 338 341 343 346 350 354 1 8 314 352 338 328 323 322 322 327 334 333 330
308 313 326 341 355 11 30 39 33 25 17 9 1 355 348 338 327 319 315 317 318 317 315 313 310 306 304 305 310 319 325 328 334 350 4 5 360 353 347 342 334 325 317 315 319 328 334 337 343 350 356 0 8 9 0 351 343 334 327 326 330 332 335 337 331 320 314 317 327 334 336 336 335 331 330 331 331 332 330 329 332 337 342 351 354 345 337 332 326 322 320 320 325 331 329 325
309 314 328 345 0 18 31 30 22 15 9 4 2 360 355 346 337 327 320 319 322 324 323 321 316 311 309 311 318 327 333 335 339 347 356 357 354 350 347 342 334 324 316 313 317 324 329 334 342 352 358 3 8 6 358 348 339 331 327 328 334 335 337 335 326 315 309 312 321 327 329 331 330 327 322 319 319 319 301 270 251 223 214 237 294 314 321 326 327 325 323 324 327 332 330 324
309 314 330 348 6 24 30 22 35 7 3 2 2 0 357 350 343 335 327 323 322 324 325 323 320 316 315 317 324 333 340 344 346 349 353 352 349 347 345 340 332 323 315 312 313 319 324 329 338 349 357 4 9 2 354 343 335 330 329 332 336 338 338 333 323 312 308 308 314 318 320 322 323 322 317 303 284 245 247 219 214 261 217 265 296 307 314 322 326 326 326 328 332 338 338 332
309 315 332 353 13 29 30 18 7 1 358 359 359 357 355 352 347 341 333 327 322 321 323 322 321 320 319 320 326 334 342 347 349 352 355 353 348 345 343 338 330 322 315 311 310 315 320 326 334 342 350 0 5 0 348 338 332 331 333 333 334 338 336 329 320 310 302 299 300 302 304 304 301 301 297 268 224 206 194 215 228 250 294 305 308 311 315 321 324 325 327 332 337 344 347 343
309 315 335 358 19 32 30 19 7 358 353 351 351 350 350 350 348 345 339 332 325 321 320 320 320 321 321 322 325 331 337 343 348 355 359 356 349 346 342 336 330 323 317 312 311 316 323 328 333 337 340 349 357 350 346 334 330 333 337 330 329 333 328 320 313 303 294 289 289 289 286 283 278 265 243 212 202 203 231 304 317 323 322 318 315 316 319 323 325 328 332 337 342 348 354 352
310 317 338 3 24 32 28 19 11 0 348 338 336 338 341 344 345 344 342 337 330 323 320 318 319 322 324 325 325 327 329 334 342 352 359 358 351 345 341 335 331 326 320 314 313 317 325 330 334 337 338 342 350 353 350 338 336 341 339 330 327 325 317 309 305 300 296 297 301 303 302 300 294 274 239 224 289 327 330 330 330 330 328 324 322 324 327 331 332 335 340 345 348 353 358 1
313 320 342 7 27 31 24 17 11 3 351 336 327 326 331 335 339 341 340 339 334 328 323 320 321 325 329 329 329 329 328 330 336 346 355 356 350 344 339 335 331 327 320 313 311 316 326 333 337 340 341 344 351 357 359 349 350 351 346 342 339 334 324 317 315 314 315 318 323 327 328 329 331 336 338 337 336 333 331 330 331 333 332 329 329 332 337 341 342 344 350 354 355 358 5 12
316 323 346 12 27 27 19 12 6 2 355 345 334 329 328 330 333 336 337 338 336 331 325 323 325 330 334 336 337 337 336 336 340 345 352 354 349 343 338 335 333 328 319 312 311 320 332 337 339 342 345 349 357 1 358 354 353 353 351 350 348 343 338 332 329 328 328 329 331 333 336 340 347 351 346 340 336 331 329 330 332 336 337 335 334 337 343 349 352 356 360 3 2 6 15 19
319 327 349 15 26 23 15 6 0 356 353 348 343 338 334 331 331 332 334 336 336 332 327 326 328 333 338 341 342 342 341 342 345 349 353 355 350 343 339 338 336 330 322 315 315 323 332 337 339 342 347 353 1 4 360 353 351 351 350 349 348 344 340 336 334 334 334 331 330 333 339 346 349 345 340 336 333 329 328 329 333 337 339 339 338 341 347 354 359 5 10 12 11 14 21 19
323 331 354 16 22 18 10 0 353 349 348 347 346 344 340 334 331 330 331 334 336 333 329 327 329 333 337 341 344 344 343 344 346 350 355 356 350 344 341 340 337 332 324 316 315 319 327 332 334 338 344 353 2 6 1 353 349 347 346 345 344 340 337 336 336 338 337 328 326 334 344 347 343 338 334 333 331 327 326 328 332 336 339 341 342 346 349 354 2 12 19 20 18 21 22 16
325 334 358 15 17 13 5 353 346 343 343 344 344 343 339 334 331 328 329 331 334 334 331 330 330 332 335 340 344 345 345 345 347 350 354 355 350 345 343 340 336 332 323 314 312 314 320 324 328 333 339 347 359 5 1 353 347 345 342 340 337 336 336 338 342 344 335 324 326 338 346 344 339 334 332 332 330 327 326 328 331 333 334 336 341 348 354 356 3 16 25 25 23 23 21 14
327 337 1 13 13 6 356 347 342 340 339 339 338 336 333 330 328 327 327 329 332 333 332 331 331 331 334 338 342 345 347 349 351 351 353 354 353 348 345 340 335 329 321 312 309 312 319 325 330 335 340 346 356 1 357 350 346 344 341 337 334 335 342 351 353 345 335 328 331 338 342 341 337 335 334 334 332 330 330 331 331 327 323 323 330 344 355 2 8 18 25 25 22 21 18 11
326 338 3 13 9 358 349 344 341 339 337 334 331 329 327 325 325 326 327 329 331 333 333 332 330 331 334 338 340 343 349 353 355 354 354 357 358 354 349 342 335 329 321 311 306 308 315 323 327 331 337 345 353 355 351 347 345 344 341 338 336 344 356 357 350 343 338 336 335 338 340 339 337 337 337 336 335 334 336 339 339 335 326 320 321 331 349 4 14 21 24 21 18 18 15 8
326 339 6 14 5 352 346 344 350 340 336 332 328 326 324 323 324 326 329 330 332 334 334 332 329 328 331 336 337 340 347 354 356 356 357 2 5 1 352 342 335 328 320 308 300 299 304 311 316 320 328 337 345 349 347 344 344 344 342 340 344 356 359 350 344 341 340 339 338 338 338 336 336 338 339 338 337 337 340 344 348 347 342 334 328 330 341 359 16 24 23 17 14 14 11 4
328 342 10 13 2 350 346 345 343 340 337 332 328 325 324 324 325 328 331 333 334 335 335 331 327 323 325 330 332 333 341 350 354 357 1 8 11 7 354 344 335 328 318 307 298 295 300 307 315 322 330 336 341 346 348 345 344 344 344 345 353 358 352 342 338 338 338 337 337 337 335 332 333 336 338 338 338 338 339 344 350 352 351 346 341 340 344 357 15 21 18 12 11 10 6 359
337 350 7 7 359 351 346 344 342 338 335 331 327 325 324 324 326 329 332 335 336 337 336 332 325 319 318 322 323 323 328 338 347 355 3 13 11 9 358 350 341 334 327 317 308 307 310 316 322 328 333 338 341 347 351 348 347 350 351 352 355 352 345 338 334 333 334 335 336 334 329 326 328 332 335 336 337 337 337 339 345 351 354 353 349 348 351 1 11 13 11 8 7 5 359 352
352 355 360 359 355 349 345 341 338 335 332 328 325 324 324 325 326 329 333 335 336 337 336 333 325 317 313 314 314 309 308 315 328 345 2 16 16 7 358 352 345 341 336 329 322 320 321 324 327 330 333 336 340 347 353 351 3 352 353 355 354 349 342 335 331 329 331 334 335 330 323 320 322 328 333 334 336 338 338 338 340 345 352 355 356 355 356 3 9 7 5 5 2 358 352 346
359 358 356 355 351 346 342 338 335 331 328 324 322 322 323 324 326 330 335 336 335 335 336 332 324 316 313 314 315 309 303 304 312 327 355 9 10 2 355 349 345 342 340 335 329 325 325 327 329 332 333 335 339 346 354 353 2 351 351 353 351 346 339 332 327 327 331 335 333 327 320 317 319 326 332 333 334 337 339 340 340 341 347 354 358 0 2 6 8 4 2 1 357 351 346 344
356 357 358 355 348 342 339 335 331 327 324 322 321 322 324 325 328 333 340 339 334 334 334 327 319 316 317 323 328 326 321 319 320 327 344 359 3 356 350 345 342 342 341 336 329 325 324 326 330 333 335 338 341 347 355 356 4 353 348 349 347 343 336 329 325 326 334 336 333 327 319 315 315 321 327 329 329 333 337 340 342 340 342 348 356 3 8 10 7 3 1 0 355 349 345 347
351 355 359 355 346 339 335 332 328 324 321 320 320 322 324 326 329 337 346 344 335 333 330 322 318 318 321 328 337 339 336 334 334 337 346 356 357 351 346 343 343 343 341 335 328 323 322 326 332 337 338 340 344 349 356 357 351 347 346 345 343 339 333 326 322 326 334 335 332 327 319 313 310 313 318 318 317 322 328 334 339 341 339 340 348 1 11 13 10 6 4 3 358 353 353 357
348 353 356 352 344 337 333 329 324 321 319 318 320 322 326 329 333 343 352 346 335 331 328 324 321 321 323 329 337 341 342 343 343 344 348 353 352 348 345 345 346 344 340 334 328 322 321 326 334 340 342 344 347 351 356 356 350 346 345 342 340 336 330 324 321 326 333 333 331 328 321 314 311 312 314 310 305 304 309 316 326 333 335 332 338 355 9 15 15 12 9 8 7 4 3 3
