project/data/elevation/US_DEM2016/US_DEM2016_point_10-29-2019_0000_30m_vel.asc
ncols	125
nrows	167
xllcorner	-2042055.000000
yllcorner	1465035.000000
cellsize	30.000000
NODATA_value	-9999.000000
[rows 76 to 113 of 167, columns 0 to 83 of 125]
2.26 2.19 2.15 2.22 2.27 2.41 2.68 2.92 3.00 2.87 2.66 2.55 2.66 2.94 3.27 3.57 3.73 3.68 3.45 3.18 3.01 2.87 2.70 2.54 2.44 2.37 2.33 2.34 2.40 2.48 2.50 2.40 2.18 2.01 2.01 2.07 2.07 1.98 1.83 1.72 1.68 1.77 1.91 1.97 1.92 1.85 1.81 1.74 1.68 1.68 1.67 1.63 1.60 1.67 1.82 1.96 2.04 2.05 2.07 2.12 2.14 1.99 1.66 1.38 1.24 1.21 1.30 1.44 1.65 1.94 2.17 2.37 2.68 3.06 3.43 3.81 4.17 4.32 4.11 3.60 2.91 2.15 1.80 1.71
2.32 2.22 2.21 2.25 2.31 2.56 2.76 2.74 2.50 2.16 1.98 2.07 2.37 2.78 3.17 3.44 3.49 3.34 3.08 2.85 2.68 2.57 2.47 2.40 2.36 2.33 2.28 2.28 2.33 2.44 2.57 2.61 2.54 2.49 2.46 2.37 2.20 1.98 1.79 1.74 1.81 1.90 1.93 1.84 1.76 1.72 1.71 1.67 1.60 1.55 1.52 1.49 1.51 1.64 1.84 2.02 2.11 2.16 2.20 2.18 2.01 1.68 1.46 1.43 1.56 1.75 1.89 2.01 2.26 2.67 3.00 3.34 3.75 4.10 4.36 4.55 4.60 4.39 3.92 3.42 2.91 2.30 1.85 1.63
2.31 2.12 2.06 2.10 2.15 2.30 2.30 2.14 2.02 1.91 2.01 2.25 2.62 3.03 3.32 3.42 3.32 3.10 2.86 2.65 2.48 2.37 2.30 2.24 2.20 2.15 2.13 2.18 2.24 2.31 2.47 2.63 2.71 2.70 2.61 2.45 2.22 1.99 1.86 1.84 1.82 1.75 1.64 1.53 1.45 1.37 1.27 1.18 1.15 1.15 1.19 1.32 1.53 1.78 1.98 2.11 2.20 2.24 2.20 2.06 1.80 1.56 1.54 1.72 2.05 2.32 2.53 2.84 3.22 3.48 3.70 3.98 4.28 4.48 4.49 4.40 4.16 3.74 3.40 3.25 3.17 2.96 2.59 2.20
2.19 1.94 1.86 1.96 1.99 2.01 2.00 2.03 2.14 2.33 2.55 2.81 3.16 3.45 3.55 3.43 3.19 2.93 2.72 2.52 2.35 2.21 2.13 2.07 1.99 1.91 1.88 1.94 1.96 1.99 2.07 2.30 2.45 2.48 2.42 2.31 2.15 1.94 1.81 1.68 1.53 1.40 1.33 1.33 1.29 1.21 1.11 1.08 1.17 1.33 1.53 1.78 2.03 2.16 2.19 2.17 2.09 1.96 1.75 1.53 1.41 1.46 1.63 1.98 2.40 2.80 3.24 3.60 3.72 3.74 3.77 3.86 4.00 3.97 3.82 3.57 3.26 2.95 2.81 2.88 3.06 3.16 3.07 2.81
2.02 1.82 1.82 2.02 2.12 2.13 2.18 2.32 2.54 2.75 2.99 3.30 3.59 3.66 3.51 3.22 2.91 2.66 2.48 2.31 2.15 2.04 1.96 1.89 1.81 1.73 1.64 1.57 1.47 1.46 1.49 1.67 1.91 2.08 2.14 2.13 2.13 1.99 1.89 1.76 1.66 1.63 1.64 1.67 1.65 1.60 1.55 1.59 1.74 1.95 2.17 2.33 2.39 2.34 2.20 2.09 1.94 1.75 1.59 1.49 1.51 1.66 1.93 2.34 2.79 3.27 3.62 3.65 3.49 3.34 3.29 3.28 3.22 3.08 2.92 2.80 2.68 2.56 2.46 2.45 2.60 2.85 3.00 2.97
1.92 1.86 1.93 2.16 2.32 2.38 2.44 2.56 2.76 3.00 3.29 3.55 3.63 3.47 3.16 2.81 2.52 2.28 2.10 1.96 1.85 1.81 1.80 1.74 1.69 1.64 1.49 1.24 1.05 0.98 0.97 1.06 1.27 1.57 1.80 1.98 2.06 2.15 2.19 2.21 2.26 2.31 2.35 2.31 2.26 2.22 2.20 2.23 2.33 2.36 2.34 2.26 2.19 2.14 2.11 2.09 2.08 2.13 2.21 2.23 2.25 2.34 2.54 2.87 3.22 3.46 3.39 3.06 2.84 2.82 2.86 2.83 2.73 2.58 2.50 2.44 2.44 2.46 2.40 2.29 2.29 2.41 2.65 2.82
2.05 2.05 2.08 2.13 2.24 2.38 2.52 2.69 2.91 3.16 3.41 3.49 3.35 3.03 2.70 2.43 2.20 1.98 1.79 1.66 1.59 1.57 1.54 1.55 1.57 1.58 1.50 1.27 0.97 0.85 0.88 0.98 1.10 1.20 1.45 1.80 1.97 2.16 2.31 2.46 2.61 2.70 2.70 2.61 2.54 2.52 2.53 2.54 2.51 2.36 2.21 2.15 2.19 2.23 2.22 2.21 2.31 2.41 2.53 2.63 2.73 2.84 3.00 3.19 3.35 3.26 2.89 2.60 2.55 2.65 2.69 2.61 2.49 2.38 2.35 2.32 2.32 2.37 2.39 2.32 2.22 2.20 2.27 2.49
2.19 2.22 2.20 2.13 2.17 2.34 2.55 2.78 3.01 3.21 3.31 3.21 2.95 2.64 2.39 2.18 1.99 1.81 1.65 1.50 1.39 1.31 1.26 1.30 1.41 1.52 1.62 1.63 1.48 1.37 1.38 1.44 1.40 1.35 1.49 1.75 1.87 2.05 2.25 2.47 2.60 2.60 2.52 2.43 2.40 2.46 2.52 2.53 2.49 2.43 2.44 2.51 2.52 2.45 2.35 2.31 2.40 2.36 2.42 2.59 2.80 2.96 3.08 3.14 3.12 2.89 2.62 2.59 2.66 2.68 2.58 2.40 2.19 2.05 2.01 2.04 2.07 2.12 2.17 2.20 2.14 2.05 1.98 2.09
2.17 2.20 2.24 2.25 2.31 2.46 2.65 2.86 3.04 3.12 3.07 2.87 2.60 2.36 2.16 1.97 1.78 1.63 1.51 1.36 1.20 1.11 1.11 1.21 1.41 1.63 1.87 2.12 2.32 2.40 2.36 2.21 2.00 1.82 1.73 1.84 2.03 2.23 2.44 2.52 2.42 2.27 2.20 2.24 2.30 2.41 2.52 2.64 2.76 2.84 2.83 2.75 2.60 2.46 2.37 2.36 2.39 2.44 2.53 2.67 2.83 2.93 2.95 2.92 2.80 2.62 2.56 2.64 2.66 2.57 2.39 2.13 1.84 1.61 1.50 1.52 1.58 1.65 1.74 1.83 1.88 1.85 1.76 1.77
2.12 2.14 2.23 2.36 2.51 2.66 2.78 2.87 2.94 2.93 2.81 2.57 2.33 2.13 1.95 1.76 1.55 1.37 1.25 1.14 1.09 1.14 1.29 1.50 1.75 1.98 2.22 2.49 2.75 2.92 2.91 2.74 2.48 2.25 2.14 2.20 2.39 2.59 2.58 2.37 2.12 2.05 2.14 2.26 2.34 2.47 2.66 2.87 3.03 3.11 3.03 2.83 2.64 2.51 2.40 2.40 2.48 2.56 2.60 2.63 2.65 2.65 2.65 2.65 2.57 2.48 2.45 2.48 2.41 2.32 2.20 2.03 1.81 1.54 1.31 1.24 1.19 1.15 1.16 1.23 1.36 1.52 1.52 1.55
2.15 2.20 2.32 2.47 2.63 2.72 2.72 2.70 2.73 2.72 2.58 2.37 2.15 1.95 1.76 1.55 1.31 1.14 1.14 1.07 1.17 1.37 1.63 1.88 2.11 2.29 2.43 2.53 2.65 2.75 2.81 2.81 2.71 2.52 2.40 2.40 2.48 2.48 2.26 2.00 1.90 1.96 2.05 2.10 2.18 2.39 2.63 2.77 2.87 2.95 2.98 2.92 2.81 2.67 2.51 2.44 2.68 2.40 2.41 2.32 2.28 2.27 2.34 2.43 2.42 2.36 2.30 2.25 2.16 2.12 2.12 2.15 2.18 2.10 1.79 1.46 1.21 1.05 0.94 1.20 0.95 1.04 1.15 1.25
2.20 2.25 2.34 2.44 2.50 2.48 2.45 2.51 2.61 2.63 2.46 2.23 2.00 1.77 1.53 1.30 1.20 1.21 1.30 1.40 1.50 1.62 1.80 2.03 2.23 2.35 2.38 2.35 2.32 2.33 2.44 2.61 2.75 2.76 2.66 2.47 2.69 2.06 1.86 1.80 1.81 1.80 1.75 1.78 1.95 2.20 2.37 2.36 2.35 2.41 2.48 2.55 2.60 2.60 2.54 2.45 2.34 2.22 2.16 2.16 2.15 2.20 2.32 2.39 2.37 2.30 2.24 2.17 2.08 2.08 2.17 2.30 2.45 2.60 2.61 2.36 2.04 1.73 1.48 1.29 1.16 1.07 1.10 1.21
2.22 2.24 2.28 2.30 2.27 2.26 2.37 2.59 2.71 2.62 2.38 2.11 1.85 1.58 1.35 1.83 1.37 1.62 1.80 1.87 1.87 1.88 1.97 2.11 2.20 2.20 2.14 2.09 2.11 2.16 2.25 2.40 2.61 2.76 2.77 2.55 2.19 1.94 1.78 1.78 1.76 1.72 1.71 1.79 1.94 2.07 2.06 1.87 1.69 1.60 1.63 1.69 1.81 1.98 2.13 2.22 2.22 2.21 2.24 2.27 2.32 2.38 2.39 2.36 2.32 2.27 2.23 2.18 2.12 2.16 2.26 2.35 2.46 2.68 2.92 3.03 2.97 2.83 2.62 2.35 2.04 1.83 1.81 1.77
2.22 2.23 2.26 2.28 2.29 2.40 2.62 2.78 2.73 2.51 2.19 1.87 1.55 1.30 1.23 1.32 1.56 1.78 1.91 2.00 2.06 2.11 2.15 2.12 2.01 1.88 1.81 1.85 2.01 2.16 2.24 2.28 2.33 2.46 2.57 2.54 2.29 2.07 1.91 1.86 1.87 1.93 1.98 1.99 2.01 2.00 1.87 1.56 1.27 1.16 1.15 1.18 1.28 1.50 1.79 2.03 2.17 2.27 2.35 2.41 2.44 2.39 2.28 2.22 2.21 2.20 2.16 2.15 2.16 2.21 2.26 2.28 2.31 2.44 2.67 2.92 3.08 3.16 3.17 3.10 2.96 2.83 2.71 2.54
2.21 2.23 2.29 2.37 2.47 2.65 2.80 2.76 2.53 2.18 1.81 1.40 1.05 0.91 1.71 1.02 1.16 1.31 1.53 1.75 1.96 2.09 2.07 1.90 1.68 1.57 1.59 1.71 1.83 1.92 1.99 2.01 2.03 2.10 2.29 2.45 2.37 2.19 2.06 2.04 2.10 2.16 2.17 2.18 2.18 2.14 2.01 1.78 1.57 1.45 1.45 1.57 1.80 2.04 2.20 2.26 2.29 2.33 2.35 2.34 2.29 2.16 2.07 2.07 2.10 2.07 2.01 2.05 2.11 2.11 2.10 2.09 2.06 2.04 2.13 2.28 2.48 2.69 2.89 3.04 3.10 3.11 3.07 2.97
2.21 2.23 2.31 2.43 2.59 2.75 2.73 2.50 2.12 1.69 1.29 0.99 0.85 0.79 0.73 0.71 0.75 0.89 1.10 1.35 1.58 1.75 1.73 1.63 1.58 1.60 1.65 1.66 1.60 1.54 1.55 1.61 1.71 1.82 2.02 2.27 2.33 2.19 2.10 2.16 2.22 2.26 2.31 2.42 2.49 2.49 2.43 2.36 2.34 2.33 2.31 2.45 2.63 2.72 2.65 2.46 2.32 2.27 2.20 2.09 1.99 1.91 1.87 1.93 1.98 1.92 1.85 1.91 1.96 1.94 1.91 1.88 1.78 1.70 1.70 1.75 1.84 1.98 2.19 2.39 2.56 2.67 2.75 2.81
2.21 2.26 2.36 2.50 2.64 2.65 2.44 2.06 1.63 1.24 1.01 0.94 0.95 0.97 0.96 0.93 0.93 0.99 1.10 1.23 1.36 1.44 1.49 1.60 1.75 1.85 1.88 1.83 1.74 1.69 1.68 1.71 1.79 1.85 1.87 2.03 2.17 2.15 2.14 2.23 2.30 2.38 2.51 2.69 2.78 2.78 2.74 2.72 2.78 2.89 2.97 2.96 2.83 2.62 2.42 2.30 2.23 2.14 2.01 1.84 1.71 1.65 1.67 1.79 1.89 1.89 1.87 1.88 1.87 1.82 1.79 1.76 1.67 1.54 1.46 1.43 1.45 1.48 1.56 1.68 1.82 1.96 2.04 2.09
2.23 2.26 2.35 2.46 2.48 2.31 1.96 1.54 1.18 0.98 0.96 1.01 1.10 1.22 1.34 1.45 1.49 1.50 1.56 1.66 1.75 1.78 1.83 1.90 1.96 2.04 2.19 2.32 2.40 2.42 2.39 2.36 2.33 2.22 1.99 1.93 2.06 2.17 2.30 2.42 2.51 2.62 2.77 2.88 2.87 2.80 2.74 2.75 2.83 2.95 3.02 2.96 2.73 2.43 2.26 2.25 2.24 2.12 1.93 1.74 1.60 1.56 1.65 1.84 2.01 2.07 2.05 1.99 1.88 1.81 1.77 1.75 1.67 1.47 1.24 1.09 1.05 1.00 0.97 1.05 1.19 1.33 1.36 1.33
2.23 2.24 2.25 2.20 2.03 1.71 1.32 1.00 0.85 0.87 0.96 1.11 1.28 1.46 1.69 1.94 2.15 2.29 2.41 2.51 2.56 2.52 2.42 2.27 2.14 2.18 2.40 2.60 2.70 2.69 2.64 2.56 2.44 2.26 2.03 1.97 2.07 2.29 2.51 2.65 2.73 2.80 2.85 2.83 2.71 2.62 2.61 2.68 2.79 2.86 2.84 2.80 2.78 2.75 2.65 2.49 2.34 2.19 2.04 1.93 1.88 1.87 1.96 2.12 2.22 2.20 2.11 2.01 1.94 1.93 1.92 1.86 1.69 1.36 0.99 0.75 0.71 0.66 0.61 0.68 0.77 0.78 0.79 0.84
2.23 2.23 2.16 1.96 1.62 1.26 0.98 0.82 0.83 0.98 1.16 1.39 1.64 1.89 2.16 2.46 2.72 2.95 3.11 3.14 3.02 2.80 2.52 2.30 2.22 2.30 2.42 2.38 2.24 2.13 2.03 1.96 1.92 1.88 1.89 2.02 2.19 2.42 2.63 2.73 2.74 2.71 2.62 2.50 2.42 2.40 2.44 2.53 2.66 2.75 2.73 2.69 2.72 2.77 2.74 2.57 2.37 2.21 2.12 2.08 2.09 2.15 2.24 2.34 2.34 2.22 2.04 1.98 2.05 2.18 2.20 2.05 1.77 1.38 0.99 0.75 0.67 0.61 0.59 0.66 0.72 0.68 0.60 0.70
2.25 2.22 2.10 1.90 1.66 1.47 1.36 1.29 1.31 1.44 1.60 1.81 2.08 2.38 2.66 2.90 3.10 3.22 3.20 3.04 2.75 2.42 2.18 2.15 2.27 2.43 2.43 2.21 1.95 1.80 1.76 1.77 1.82 1.84 1.92 2.11 2.31 2.48 2.60 2.62 2.57 2.46 2.30 2.17 2.14 2.17 2.21 2.27 2.34 2.35 2.35 2.35 2.36 2.36 2.33 2.29 2.21 2.12 2.04 1.99 2.02 2.15 2.32 2.43 2.41 2.27 2.13 2.10 2.21 2.33 2.32 2.12 1.89 1.70 1.43 1.20 1.02 0.88 0.87 0.91 0.90 0.86 0.87 1.06
2.22 2.14 1.99 1.96 1.89 1.87 1.87 1.90 1.99 2.06 2.13 2.27 2.51 2.81 3.06 3.18 3.17 3.03 2.74 2.38 2.06 1.86 1.85 2.02 2.27 2.53 2.59 2.52 2.44 2.41 2.42 2.41 2.33 2.21 2.16 2.24 2.35 2.44 2.47 2.43 2.31 2.14 2.01 1.96 1.97 2.00 2.06 2.06 1.95 1.76 1.65 1.68 1.77 1.80 1.82 1.91 1.98 2.00 1.99 1.99 2.05 2.19 2.32 2.37 2.29 2.18 2.14 2.16 2.19 2.23 2.18 2.03 2.00 2.07 2.04 1.81 1.57 1.37 1.44 1.51 1.46 1.41 1.52 1.82
2.15 2.05 1.95 2.04 2.02 2.10 2.22 2.37 2.53 2.64 2.72 2.80 2.97 3.16 3.22 3.13 2.89 2.54 2.16 1.85 1.69 1.67 1.80 2.03 2.31 2.63 2.78 2.88 2.95 2.98 2.95 2.85 2.67 2.48 2.35 2.32 2.34 2.36 2.32 2.20 2.00 1.85 1.83 1.90 1.98 2.07 2.14 2.07 1.81 1.52 1.35 1.31 1.29 1.34 1.50 1.73 1.93 2.02 2.05 2.08 2.15 2.25 2.27 2.21 2.09 2.00 1.99 1.99 1.99 2.02 1.99 1.96 2.12 2.38 2.56 2.52 2.33 2.18 2.31 2.36 2.30 2.28 2.41 2.56
2.10 2.05 2.02 2.09 2.20 2.40 2.64 2.83 2.94 3.02 3.09 3.17 3.22 3.18 3.01 2.72 2.38 2.03 1.76 1.64 1.71 1.91 2.14 2.32 2.54 2.73 2.75 2.72 2.73 2.73 2.69 2.63 2.58 2.51 2.39 2.30 2.27 2.21 2.08 1.93 1.83 1.88 2.00 2.10 2.19 2.30 2.34 2.26 2.09 1.95 1.82 1.66 1.50 1.55 1.72 1.91 2.07 2.15 2.21 2.25 2.27 2.29 2.26 2.19 2.11 2.03 1.94 1.91 1.95 2.02 2.03 2.06 2.26 2.52 2.77 2.93 3.02 3.07 3.14 3.14 3.07 3.01 2.97 2.81
2.13 2.10 2.09 2.16 2.34 2.57 2.77 2.90 2.96 2.99 3.03 3.08 3.04 2.86 2.56 2.23 1.91 1.66 1.52 1.53 1.78 2.10 2.34 2.50 2.66 2.69 2.51 2.28 2.16 2.12 2.11 2.18 2.31 2.39 2.35 2.25 2.14 2.00 1.87 1.85 1.99 2.22 2.33 2.36 2.38 2.44 2.43 2.36 2.33 2.40 2.44 2.38 2.25 2.16 2.11 2.09 2.12 2.22 2.35 2.42 2.42 2.42 2.39 2.35 2.28 2.20 2.13 2.16 2.25 2.27 2.23 2.24 2.31 2.40 2.57 2.85 3.14 3.34 3.39 3.31 3.17 3.03 2.84 2.52
2.12 2.11 2.09 2.13 2.26 2.40 2.47 2.50 2.54 2.59 2.65 2.68 2.59 2.40 2.13 1.81 1.55 1.45 1.48 1.63 1.89 2.11 2.28 2.40 2.47 2.39 2.12 1.87 1.69 1.60 1.63 1.74 1.90 2.05 2.16 2.17 2.09 2.02 2.03 2.18 2.39 2.47 2.46 2.43 2.44 2.45 2.39 2.28 2.26 2.34 2.44 2.53 2.55 2.43 2.19 2.05 2.08 2.21 2.36 2.46 2.53 2.59 2.58 2.53 2.45 2.38 2.36 2.39 2.42 2.35 2.29 2.28 2.26 2.26 2.36 2.56 2.79 2.96 2.99 2.96 2.87 2.71 2.46 2.15
2.11 2.12 2.14 2.16 2.16 2.14 2.08 2.04 2.06 2.16 2.25 2.24 2.11 1.89 1.62 1.40 1.39 1.56 1.88 2.14 2.26 2.32 2.36 2.37 2.31 2.08 1.73 1.46 1.29 1.23 1.26 1.32 1.38 1.52 1.73 1.92 2.06 2.20 2.35 2.47 2.49 2.43 2.36 2.35 2.38 2.37 2.28 2.14 2.03 1.96 1.97 2.08 2.22 2.22 2.08 2.00 2.05 2.20 2.34 2.48 2.62 2.72 2.71 2.64 2.55 2.46 2.39 2.32 2.23 2.13 2.13 2.18 2.20 2.22 2.26 2.29 2.32 2.34 2.39 2.52 2.62 2.62 2.53 2.43
2.21 2.27 2.36 2.33 2.20 2.03 1.92 1.84 1.87 1.96 1.98 1.84 1.59 1.30 1.08 1.10 1.41 1.92 2.32 2.52 2.60 2.61 2.57 2.52 2.41 2.20 1.83 1.47 1.28 1.23 1.24 1.24 1.26 1.33 1.50 1.76 2.03 2.23 2.29 2.25 2.18 2.15 2.15 2.19 2.25 2.25 2.15 1.97 1.76 1.60 1.54 1.57 1.66 1.81 1.88 1.93 2.01 2.16 2.31 2.46 2.62 2.72 2.70 2.62 2.52 2.43 2.33 2.21 2.09 2.01 2.01 2.06 2.13 2.14 2.12 2.12 2.07 1.99 1.97 2.09 2.29 2.50 2.68 2.82
2.35 2.43 2.48 2.40 2.26 2.10 1.98 1.92 1.88 1.79 1.56 1.26 0.95 0.77 0.74 0.90 1.31 1.80 2.16 2.41 2.57 2.63 2.62 2.61 2.60 2.51 2.33 2.09 1.95 1.92 1.91 1.86 1.85 1.86 1.92 2.03 2.14 2.17 2.09 1.99 1.93 1.92 2.00 2.11 2.20 2.19 2.08 1.89 1.70 1.55 1.44 1.31 1.22 1.26 1.45 1.71 1.95 2.15 2.29 2.43 2.57 2.61 2.55 2.46 2.42 2.40 2.37 2.30 2.21 2.10 2.03 2.04 2.07 2.07 2.10 2.12 2.03 1.92 1.80 1.76 1.81 1.96 2.19 2.43
2.36 2.33 2.27 2.21 2.13 2.03 1.94 1.84 1.66 1.36 0.97 0.71 0.62 0.69 0.87 1.12 1.37 1.58 1.78 2.02 2.20 2.31 2.42 2.58 2.66 2.64 2.68 2.78 2.85 2.87 2.84 2.80 2.73 2.60 2.49 2.39 2.28 2.16 2.07 1.99 1.93 1.93 2.04 2.16 2.23 2.19 2.09 1.99 1.90 1.77 1.57 1.28 1.07 1.10 1.35 1.69 2.01 2.21 2.34 2.46 2.51 2.46 2.37 2.34 2.38 2.43 2.46 2.43 2.34 2.21 2.13 2.11 2.12 2.09 2.07 2.03 1.98 1.93 1.84 1.68 1.51 1.42 1.45 1.57
2.23 2.10 1.99 1.98 1.95 1.89 1.81 1.58 1.31 1.06 0.92 0.90 1.01 1.29 1.74 2.10 2.09 1.97 1.91 1.89 1.94 2.07 2.34 2.59 2.62 2.60 2.72 2.94 3.12 3.20 3.18 3.11 3.00 2.83 2.65 2.48 2.32 2.20 2.11 2.01 2.00 2.09 2.21 2.25 2.22 2.15 2.09 2.07 2.04 1.89 1.62 1.39 1.38 1.58 1.84 2.02 2.15 2.25 2.37 2.42 2.36 2.27 2.27 2.35 2.42 2.46 2.47 2.48 2.47 2.40 2.31 2.26 2.18 2.04 1.89 1.81 1.84 1.90 1.89 1.76 1.57 1.44 1.41 1.44
2.12 2.01 1.91 1.91 1.93 1.93 1.84 1.66 1.48 1.41 1.53 1.77 2.06 2.47 2.90 3.16 3.21 2.99 2.67 2.46 2.40 2.49 2.68 2.71 2.60 2.50 2.51 2.58 2.68 2.80 2.85 2.82 2.78 2.72 2.63 2.51 2.38 2.26 2.13 2.02 2.09 2.27 2.36 2.26 2.13 2.05 2.01 2.02 2.05 2.00 1.90 1.88 2.04 2.24 2.29 2.21 2.15 2.20 2.29 2.28 2.21 2.19 2.26 2.34 2.37 2.36 2.35 2.38 2.46 2.52 2.47 2.35 2.19 1.99 1.82 1.75 1.79 1.87 1.91 1.91 1.93 2.00 2.03 1.94
2.13 2.07 1.99 1.99 2.05 2.14 2.18 2.17 2.17 2.25 2.49 2.84 3.22 3.53 3.68 3.71 3.69 3.61 3.48 3.34 3.24 3.18 3.08 2.84 2.59 2.44 2.34 2.26 2.20 2.19 2.21 2.25 2.29 2.34 2.40 2.43 2.41 2.32 2.19 2.13 2.21 2.26 2.19 2.05 1.98 1.99 2.02 2.07 2.20 2.35 2.46 2.54 2.60 2.57 2.39 2.19 2.17 2.23 2.25 2.23 2.20 2.21 2.22 2.20 2.17 2.12 2.10 2.14 2.25 2.37 2.41 2.34 2.21 2.06 1.94 1.88 1.88 1.90 1.94 2.01 2.14 2.26 2.32 2.28
2.19 2.17 2.14 2.15 2.21 2.31 2.43 2.58 2.78 3.03 3.31 3.59 3.76 3.78 3.67 3.48 3.33 3.34 3.40 3.41 3.35 3.25 3.05 2.78 2.53 2.39 2.32 2.26 2.16 2.01 1.88 1.84 1.86 1.93 2.05 2.18 2.28 2.28 2.21 2.15 2.06 1.91 1.78 1.78 1.94 2.11 2.20 2.28 2.41 2.63 2.83 2.92 2.90 2.78 2.61 2.49 2.47 2.44 2.37 2.30 2.25 2.18 2.11 2.06 2.03 1.95 1.90 1.93 2.01 2.13 2.24 2.26 2.19 2.11 2.04 1.99 1.94 1.90 1.92 1.99 2.05 2.09 2.12 2.14
2.26 2.27 2.26 2.27 2.32 2.39 2.50 2.71 3.03 3.36 3.56 3.60 3.49 3.27 3.00 2.77 2.63 2.65 2.69 2.74 2.79 2.78 2.70 2.56 2.43 2.33 2.29 2.28 2.25 2.18 2.10 2.06 2.07 2.10 2.10 2.10 2.12 2.16 2.14 2.03 1.86 1.75 1.77 1.96 2.21 2.37 2.43 2.47 2.52 2.66 2.82 2.93 2.98 2.99 2.99 2.95 2.86 2.71 2.52 2.37 2.24 2.11 2.05 2.04 1.97 1.87 1.83 1.86 1.93 2.02 2.11 2.14 2.12 2.08 2.05 2.02 1.97 1.93 1.94 1.97 2.02 2.06 2.07 2.07
2.27 2.24 2.24 2.29 2.39 2.50 2.67 2.90 3.16 3.30 3.27 3.10 2.86 2.59 2.36 2.20 2.12 2.11 2.12 2.19 2.30 2.38 2.42 2.39 2.35 2.30 2.24 2.16 2.11 2.16 2.27 2.37 2.44 2.43 2.34 2.22 2.14 2.13 2.09 2.04 2.02 2.07 2.18 2.37 2.54 2.60 2.57 2.54 2.52 2.52 2.60 2.71 2.84 2.97 3.09 3.11 3.01 2.83 2.60 2.38 2.22 2.12 2.06 1.99 1.87 1.82 1.87 1.94 1.99 2.03 2.04 2.04 2.05 2.04 2.01 1.97 1.93 1.92 1.94 1.98 2.04 2.11 2.12 2.11
2.20 2.15 2.16 2.28 2.43 2.60 2.83 3.02 3.07 2.95 2.73 2.54 2.35 2.16 1.98 1.84 1.76 1.77 1.86 1.98 2.11 2.25 2.32 2.29 2.29 2.33 2.31 2.21 2.11 2.08 2.09 2.14 2.19 2.23 2.24 2.23 2.19 2.16 2.15 2.20 2.29 2.36 2.45 2.60 2.72 2.69 2.59 2.49 2.41 2.36 2.36 2.41 2.49 2.60 2.73 2.81 2.79 2.68 2.53 2.37 2.23 2.13 2.01 1.88 1.81 1.85 1.96 2.05 2.07 2.03 1.96 1.94 1.96 1.96 1.92 1.87 1.82 1.80 1.84 1.92 1.99 2.02 2.00 2.00
2.16 2.13 2.15 2.25 2.39 2.57 2.75 2.79 2.65 2.42 2.20 2.00 1.84 1.69 1.55 1.48 1.55 1.73 1.90 2.05 2.22 2.38 2.36 2.26 2.31 2.43 2.45 2.41 2.35 2.23 2.07 1.90 1.80 1.82 1.94 2.05 2.12 2.14 2.19 2.28 2.36 2.43 2.53 2.67 2.70 2.60 2.46 2.35 2.29 2.24 2.21 2.19 2.16 2.13 2.14 2.21 2.27 2.28 2.30 2.29 2.23 2.12 1.98 1.88 1.89 1.97 2.07 2.11 2.07 1.96 1.87 1.84 1.85 1.86 1.86 1.82 1.76 1.71 1.74 1.84 1.88 1.82 1.75 1.73
