project/data/elevation/US_DEM2016/US_DEM2016_point_11-01-2019_0816_30m_ang.asc
ncols	125
nrows	167
xllcorner	-2042055.000000
yllcorner	1465035.000000
cellsize	30.000000
NODATA_value	-9999.000000
[rows 42 to 83 of 167, columns 0 to 93 of 125]
296 297 301 306 310 313 316 319 321 322 325 330 340 343 335 327 325 324 327 329 326 323 322 321 320 318 316 315 315 315 315 316 318 320 320 319 319 319 319 317 317 321 325 320 311 307 309 317 322 324 327 331 334 336 334 328 320 314 309 299 292 290 293 297 302 305 305 304 304 306 308 309 309 306 303 307 316 315 307 306 317 324 321 319 318 315 315 319 324 326 328 331 336 343
297 299 303 307 310 313 316 318 321 323 327 335 347 10 331 326 325 325 328 329 327 325 324 324 323 321 320 319 317 317 316 315 316 319 321 319 316 316 317 316 315 318 325 320 309 303 304 310 315 317 321 326 333 339 336 328 323 320 315 306 298 295 298 302 306 307 306 306 307 308 306 304 303 299 296 299 307 309 306 306 317 324 320 318 316 312 310 314 321 326 330 334 339 347
298 299 304 308 312 315 318 320 323 326 331 342 354 344 329 325 324 325 326 326 326 324 323 323 322 320 319 319 318 317 316 313 313 317 321 319 316 314 316 316 315 317 323 320 307 300 297 301 305 307 311 317 326 336 334 328 325 323 320 312 304 300 300 303 306 307 308 310 310 306 301 298 297 295 292 294 299 303 304 307 317 322 318 316 314 309 305 307 313 320 326 332 340 352
299 301 306 311 314 318 321 323 325 329 336 349 357 343 329 326 325 325 325 325 324 321 320 321 320 319 318 318 317 317 315 311 310 313 318 318 315 314 314 315 315 315 319 316 303 295 292 297 304 309 313 315 320 328 329 326 324 324 321 314 306 301 300 303 307 309 310 309 306 301 297 296 295 294 293 294 297 301 303 307 314 319 317 315 313 309 304 303 308 315 321 328 340 354
300 302 308 313 316 318 321 323 326 331 340 356 355 338 328 326 326 325 324 324 323 320 319 319 319 318 318 317 316 315 313 309 307 309 315 317 315 313 312 315 316 315 315 312 304 295 295 299 306 310 310 311 315 322 327 327 325 325 322 316 308 302 300 303 307 309 308 304 302 301 300 300 299 298 299 299 300 302 304 307 314 320 319 316 313 310 307 305 309 318 326 335 347 352
299 302 309 314 316 317 319 322 326 332 346 359 348 331 324 323 323 323 322 323 322 321 320 319 318 317 316 315 313 312 310 308 305 305 311 315 314 311 310 314 319 318 314 313 308 301 298 300 302 302 302 305 311 320 328 332 330 328 326 320 311 304 301 302 304 306 305 305 306 306 306 308 310 310 309 307 305 305 307 310 316 321 321 317 314 313 311 309 312 321 331 344 355 351
298 301 308 313 315 315 317 320 325 334 352 358 340 326 321 319 318 319 320 321 321 320 320 319 317 315 313 312 310 309 310 309 304 303 307 313 313 310 308 313 321 318 312 310 307 301 297 296 298 300 303 307 313 322 333 340 337 331 328 323 315 306 302 301 303 307 311 314 315 316 317 320 322 322 320 315 312 311 313 315 318 321 321 318 315 314 313 311 311 319 333 349 356 349
298 300 307 313 315 315 316 320 326 338 357 352 333 325 322 320 318 318 319 320 320 319 319 317 315 313 310 307 306 308 311 311 306 303 306 313 315 310 306 309 315 311 305 303 302 297 294 294 300 305 308 312 319 327 338 345 343 334 330 326 320 312 306 305 308 313 318 322 324 327 329 331 332 332 329 325 321 319 320 320 321 321 320 319 316 314 313 310 309 317 337 350 350 344
297 299 306 312 315 316 318 322 329 344 355 344 331 327 325 323 321 320 319 319 319 318 318 316 314 312 308 305 304 306 312 312 307 303 306 314 320 317 309 309 312 311 307 306 304 299 297 299 306 311 313 317 323 333 343 350 346 335 330 326 320 315 310 309 311 315 321 325 329 332 334 335 335 335 333 330 327 326 326 326 326 324 321 320 318 315 313 309 309 318 340 347 343 336
296 298 304 311 315 317 318 322 331 347 350 337 329 328 327 325 323 321 319 318 318 317 317 315 314 311 307 303 302 305 311 312 308 305 306 314 326 329 322 318 319 318 316 315 312 308 306 310 315 318 318 321 327 337 347 353 348 335 328 323 318 313 310 308 309 313 317 322 325 328 330 331 332 331 331 329 327 327 328 329 329 328 326 324 322 319 314 310 310 323 339 341 338 332
295 297 303 309 314 318 318 321 331 346 344 332 327 328 328 326 322 320 318 316 315 315 315 314 312 310 306 301 300 302 309 312 311 309 307 313 330 338 329 324 323 322 321 320 318 315 315 317 320 322 322 324 330 339 349 355 350 337 328 322 317 312 307 304 303 305 309 311 312 315 318 320 322 322 322 322 320 319 322 325 327 326 327 328 327 324 318 311 312 325 335 337 338 333
295 296 301 307 312 317 319 320 331 344 339 326 322 325 328 325 319 317 316 314 312 312 313 312 312 310 305 300 298 300 308 312 313 311 308 314 334 337 327 323 322 320 320 320 318 316 316 318 321 323 323 325 331 341 351 358 352 339 330 324 319 313 306 300 296 297 301 303 305 308 310 312 312 312 313 313 311 310 312 315 317 317 318 321 325 326 322 316 316 325 333 338 339 334
296 297 301 307 311 316 318 319 329 342 337 336 318 322 325 323 317 314 313 312 311 312 313 312 312 310 306 301 299 302 309 314 315 313 310 317 335 333 324 320 318 317 317 316 315 314 314 317 321 323 322 324 331 342 354 1 353 338 330 324 319 314 307 298 295 293 298 303 306 308 307 306 304 303 305 306 304 301 300 300 299 298 300 307 316 323 326 325 323 326 332 339 338 333
298 299 304 309 313 317 318 318 325 338 334 342 315 320 323 321 316 312 312 312 312 313 313 312 311 309 306 303 301 303 309 314 316 316 315 323 334 329 322 318 316 314 313 312 311 311 311 315 320 322 320 322 330 343 357 3 352 336 327 323 318 312 305 297 293 294 300 306 308 307 303 300 298 298 299 298 294 289 286 285 286 289 296 305 314 324 330 330 328 326 331 336 333 330
299 302 307 312 316 320 322 321 326 336 334 323 319 324 325 323 319 317 317 316 315 314 314 313 312 310 308 304 302 304 310 314 318 321 326 332 334 329 325 321 317 314 312 309 308 308 309 313 319 323 320 320 329 345 0 2 348 333 325 320 314 308 302 297 296 297 302 306 307 304 301 300 301 300 297 293 288 285 283 286 291 297 305 312 321 329 333 332 329 328 331 333 330 327
300 303 310 316 319 323 327 328 332 339 337 329 327 328 328 327 325 323 322 321 319 317 316 315 314 313 310 306 305 308 314 319 323 329 336 339 335 331 328 325 320 315 310 307 306 306 308 311 317 322 318 318 328 348 2 359 343 330 323 319 315 310 306 301 298 298 301 304 303 303 304 306 306 302 297 294 293 293 294 297 302 308 313 319 327 335 337 334 329 329 331 332 328 324
298 301 310 317 321 325 328 332 338 343 338 331 329 329 330 329 328 326 326 325 322 320 318 317 315 315 313 308 307 311 317 323 328 335 342 342 334 330 328 325 321 315 308 305 303 304 306 309 314 317 315 316 328 350 2 354 341 331 326 324 322 318 313 306 301 299 300 302 303 306 309 311 308 302 298 299 300 302 304 306 310 313 317 323 330 337 339 335 330 328 330 330 326 321
296 299 307 316 321 324 328 333 342 347 14 328 326 327 327 326 325 325 325 325 323 321 318 316 315 315 313 309 308 312 317 322 327 336 344 342 334 328 326 323 320 314 306 301 300 301 303 305 309 312 311 314 328 351 357 349 340 333 329 328 325 321 317 312 305 301 301 304 307 310 312 312 309 305 304 305 307 309 311 313 314 317 320 324 330 337 339 336 330 326 328 327 322 317
295 297 306 314 319 321 324 332 345 350 338 325 321 321 321 320 318 318 318 319 319 317 314 313 312 312 310 307 308 312 317 320 324 334 342 342 334 328 326 322 318 312 303 297 296 299 300 300 304 308 310 315 329 347 350 345 340 334 330 328 325 321 319 315 311 307 305 305 309 313 315 317 316 313 313 314 315 317 317 317 317 319 321 325 330 336 339 335 329 324 325 324 318 315
294 296 304 313 317 318 319 328 345 352 335 319 315 314 313 311 308 305 304 305 308 308 307 306 305 305 304 303 306 312 319 323 328 334 341 341 333 328 325 321 316 309 299 294 294 299 302 304 307 312 316 322 334 346 346 341 338 334 331 329 326 322 319 317 315 314 311 308 311 317 322 325 324 321 320 321 322 323 322 321 320 320 322 325 330 336 337 334 328 322 321 321 317 316
294 295 302 311 316 318 318 326 345 350 331 315 308 305 304 302 298 293 291 293 297 298 298 297 298 299 300 300 303 312 320 325 330 336 343 343 333 326 323 320 315 308 301 297 297 304 309 312 315 319 324 329 340 348 344 338 334 331 329 327 324 321 318 316 316 316 313 310 317 320 326 328 328 326 324 324 325 327 326 323 322 321 322 325 329 334 336 332 327 322 320 319 317 321
295 297 304 311 318 321 323 331 345 342 328 317 309 305 303 301 297 294 293 296 296 295 294 296 299 299 298 298 301 310 319 324 328 336 345 347 336 326 322 320 316 310 305 302 303 309 314 316 319 324 328 333 344 350 345 337 333 329 325 322 320 318 315 314 314 314 312 310 313 320 325 326 328 327 324 322 323 327 327 324 322 321 322 324 327 332 332 328 323 320 318 317 319 325
299 301 307 315 321 326 332 344 343 334 327 320 315 314 312 310 308 306 303 302 301 300 300 302 303 301 299 298 300 308 316 320 323 332 345 350 340 329 325 323 319 313 308 305 306 312 317 319 322 326 329 335 345 351 345 337 332 327 322 318 315 313 312 313 313 311 308 306 310 316 319 321 322 323 321 318 317 320 323 320 318 318 318 320 322 325 327 325 320 316 315 315 318 324
300 303 310 318 325 332 343 352 342 332 327 323 320 320 319 318 317 314 309 306 305 305 306 309 308 304 300 299 301 308 315 317 320 329 343 348 342 333 330 327 321 315 309 305 305 311 317 319 323 328 330 336 346 350 344 334 329 324 318 314 313 311 311 312 310 306 302 301 306 312 314 315 314 315 314 312 310 312 313 311 308 308 307 306 308 313 318 322 320 316 314 313 316 320
300 303 311 320 328 337 350 350 340 333 329 326 324 323 322 320 319 317 313 310 308 308 309 311 311 307 304 303 306 311 317 320 322 329 340 344 339 334 331 327 321 314 307 303 303 309 314 318 324 328 331 337 346 349 342 332 326 321 315 312 312 311 311 310 307 303 300 299 303 308 310 311 310 309 309 306 304 303 302 297 292 290 288 287 293 302 310 318 321 319 317 316 318 321
301 304 312 321 330 343 350 343 335 331 328 327 325 324 323 321 320 320 318 314 311 310 309 310 311 310 309 308 311 316 320 324 326 332 340 342 336 331 328 324 318 311 305 300 300 305 311 315 321 325 329 336 345 347 340 330 323 319 314 312 311 311 312 310 307 304 300 298 301 304 306 309 307 305 304 301 295 291 286 280 276 277 281 285 292 300 308 316 322 321 319 319 321 325
301 304 313 323 334 347 347 335 328 326 325 325 324 324 323 322 320 321 321 318 312 310 309 309 309 311 311 311 315 319 323 327 329 334 341 341 334 329 325 321 315 309 303 298 297 302 308 313 318 321 323 329 340 343 335 326 320 316 314 310 310 312 312 311 308 302 297 294 296 299 300 302 301 298 296 292 284 276 272 274 277 282 289 293 297 302 307 315 320 320 321 322 324 328
301 304 314 325 338 352 345 329 321 318 317 319 320 320 321 321 321 320 322 321 315 311 309 308 308 309 311 312 315 320 324 326 329 335 342 343 336 330 325 321 315 309 303 298 297 301 308 313 315 315 315 321 332 338 331 322 316 313 311 307 308 310 310 307 303 296 290 287 289 291 291 293 294 290 286 280 275 272 277 285 290 295 298 299 299 303 308 314 319 322 325 327 327 329
301 304 315 327 343 355 345 330 322 316 314 314 315 316 317 319 319 319 321 323 319 314 310 308 307 308 310 311 313 316 319 322 326 333 342 344 338 331 325 321 316 310 304 299 297 301 307 310 311 312 315 320 330 337 331 321 315 313 311 307 306 307 305 301 298 293 289 287 288 291 293 295 296 290 282 278 280 285 291 296 299 303 305 304 305 309 313 317 322 326 331 333 330 331
302 305 318 332 349 354 342 332 326 322 320 317 314 313 314 315 316 317 318 322 322 317 313 310 308 309 310 310 311 313 315 317 321 329 338 343 338 330 324 319 316 311 305 299 296 298 305 309 313 318 321 324 333 341 335 326 323 322 319 315 314 312 308 305 303 301 298 296 296 299 302 304 302 297 291 291 294 296 299 302 305 310 312 312 314 319 323 327 329 333 337 338 334 333
303 307 320 337 354 351 339 332 329 328 327 324 320 317 315 315 316 317 317 320 323 320 315 312 311 311 311 311 312 314 316 319 322 328 335 340 337 329 323 319 315 310 304 298 295 298 308 316 321 324 326 329 336 344 340 332 329 328 326 325 324 321 319 316 314 312 308 303 301 303 304 304 301 299 299 301 303 303 304 308 313 318 320 319 320 324 330 335 337 341 344 343 339 337
305 309 323 344 356 349 337 331 329 329 329 328 326 324 321 318 317 318 318 320 322 321 316 312 312 314 315 314 314 316 318 322 326 330 336 341 338 329 324 320 317 313 306 300 298 303 312 319 323 326 328 331 339 346 342 334 329 328 326 326 326 324 322 319 316 315 311 303 299 298 298 297 297 300 303 305 307 307 308 313 319 324 326 325 324 327 333 338 342 347 351 350 344 343
307 311 327 349 356 346 336 329 327 327 327 327 327 327 325 322 319 318 318 319 321 321 316 312 311 315 318 318 317 317 319 323 327 330 336 341 338 330 325 322 320 316 310 303 300 303 310 316 319 323 326 330 338 345 343 333 327 325 324 323 323 321 319 316 313 310 306 298 294 293 294 297 300 304 306 309 310 309 311 315 321 326 329 328 325 326 331 335 341 350 356 354 349 348
308 313 332 353 354 343 333 328 326 325 324 324 324 325 324 322 320 319 317 317 318 319 316 311 309 312 317 320 319 317 318 321 325 328 333 338 337 331 326 322 319 315 310 303 299 299 305 309 313 317 321 326 334 343 342 333 326 324 322 320 318 316 314 311 305 301 299 296 293 293 298 302 304 307 310 313 314 312 312 315 319 323 324 324 323 324 329 332 338 348 356 355 351 349
309 315 336 355 353 340 331 327 325 323 320 318 318 319 320 319 318 317 316 315 315 316 314 312 308 309 314 320 320 317 317 319 323 326 331 336 338 333 326 321 317 314 309 302 297 297 303 309 314 318 323 327 333 340 340 332 327 324 322 318 315 313 311 306 302 302 303 300 298 300 305 309 310 312 315 318 319 317 316 316 317 315 313 315 317 321 328 335 342 350 355 353 350 349
309 316 337 357 352 335 327 324 322 319 317 315 315 315 316 316 315 315 315 314 314 314 313 312 309 307 311 319 320 318 318 320 324 328 332 338 341 337 328 322 318 315 310 302 296 296 301 308 313 317 321 325 331 337 337 332 327 325 323 318 314 314 314 310 310 311 311 309 308 310 313 315 316 318 321 322 322 321 320 319 318 314 311 311 313 317 325 336 346 355 357 351 348 348
309 316 338 356 348 330 322 320 320 320 319 318 316 315 314 313 313 314 314 314 314 313 312 311 308 305 308 317 320 319 320 322 324 328 333 340 345 341 330 322 318 313 307 299 293 292 296 302 306 310 314 320 327 333 335 331 327 325 323 318 315 318 319 316 316 317 317 317 318 318 318 318 319 322 324 324 324 323 323 323 322 320 315 313 315 317 323 333 346 357 356 349 346 347
311 317 338 350 342 328 321 321 323 324 323 321 318 316 314 313 313 313 315 315 314 313 311 310 306 302 303 313 318 318 320 322 323 326 333 342 349 343 330 321 314 309 304 296 290 288 292 298 304 309 315 321 327 333 337 333 327 324 321 317 316 319 321 319 318 320 321 321 321 321 319 317 318 322 324 323 321 320 321 324 327 325 321 317 318 321 325 334 347 354 350 345 345 345
316 322 336 342 339 330 324 324 325 325 324 321 318 316 314 312 311 312 314 314 313 312 310 308 303 298 298 306 313 314 315 318 320 323 331 344 352 344 331 323 318 314 309 301 294 291 293 300 308 314 320 324 328 334 340 336 330 326 323 322 322 323 323 320 319 320 320 321 321 320 315 312 313 319 322 321 318 316 316 321 328 329 325 321 320 323 328 338 349 349 343 342 343 342
327 329 333 336 336 330 326 324 324 323 322 319 316 314 312 310 309 310 312 313 312 310 309 306 301 295 294 299 306 306 306 309 312 317 328 344 351 342 333 328 323 321 317 310 302 297 298 304 312 318 322 324 327 334 341 340 336 332 331 331 331 328 325 321 319 318 318 318 318 316 311 307 307 314 320 320 317 314 313 316 323 328 326 323 321 323 330 340 350 345 339 340 341 337
334 334 335 334 332 328 325 323 322 321 319 316 312 310 310 308 307 308 311 311 309 308 308 305 300 295 291 294 299 299 299 302 306 311 323 341 346 338 332 327 324 322 320 314 307 302 301 305 312 318 321 322 325 332 342 344 338 334 332 332 331 329 324 320 317 315 317 318 316 314 309 304 305 311 319 320 317 315 314 314 319 324 326 323 321 323 330 341 348 343 337 338 338 332
331 335 339 335 330 326 323 322 320 319 316 312 309 308 308 308 307 308 311 311 307 307 306 302 300 296 292 293 299 302 303 306 309 314 324 337 342 335 328 325 322 321 319 314 308 303 301 303 310 317 321 323 327 334 344 346 339 333 331 330 329 326 322 317 313 314 319 321 317 314 308 303 301 308 316 317 316 315 314 314 316 321 324 322 320 322 331 341 346 343 337 337 335 328
