project/data/elevation/US_DEM2016/US_DEM2016_point_10-28-2019_0139_30m_vel.asc
ncols	125
nrows	167
xllcorner	-2042055.000000
yllcorner	1465035.000000
cellsize	30.000000
NODATA_value	-9999.000000
[rows 38 to 75 of 167, columns 0 to 83 of 125]
4.67 4.69 4.66 4.49 4.22 4.03 3.85 3.53 3.13 2.76 2.86 2.67 3.02 3.65 4.39 4.41 4.33 4.05 4.16 4.38 4.59 4.75 4.96 5.30 5.70 6.06 6.45 6.83 6.93 6.65 5.96 5.08 4.43 4.14 4.19 4.52 4.87 5.01 5.09 5.32 5.80 6.39 6.79 6.76 6.41 5.89 5.27 4.57 4.08 3.67 3.42 3.39 3.47 3.96 4.34 4.40 4.38 4.50 4.56 4.67 4.78 4.64 4.42 4.06 3.51 2.88 2.27 1.97 1.97 2.14 2.49 2.70 2.92 3.36 3.58 3.70 4.10 4.93 5.95 6.85 7.47 8.03 8.37 8.25
4.48 4.36 4.23 4.05 3.78 3.63 3.53 3.39 3.21 3.05 2.99 3.01 3.08 3.70 4.09 4.07 4.15 4.03 3.73 3.50 3.44 3.49 3.65 4.01 4.59 5.24 5.81 6.39 6.85 7.00 6.67 5.93 5.19 4.73 4.70 5.04 5.36 5.58 5.62 5.58 5.71 6.03 6.51 6.79 6.72 6.27 5.49 4.80 4.26 3.74 3.50 3.51 3.56 3.84 4.27 4.43 4.49 4.61 4.59 4.58 4.46 4.05 3.52 3.30 3.09 2.74 2.21 1.78 1.64 1.65 1.98 2.31 2.57 2.94 3.20 3.28 3.45 3.95 4.68 5.21 5.45 6.17 7.52 8.36
4.36 4.22 4.05 3.85 3.71 3.61 3.59 3.63 3.66 3.69 3.73 3.76 3.72 3.72 4.34 4.25 4.05 3.98 3.57 3.11 2.98 3.09 3.31 3.63 4.17 4.73 5.25 5.81 6.38 6.86 6.96 6.56 5.98 5.65 5.62 5.82 6.08 6.27 6.18 5.90 5.68 5.45 5.54 6.11 6.49 6.54 6.13 5.76 5.39 4.94 4.40 4.04 3.90 3.90 4.15 4.28 4.34 4.45 4.53 4.65 4.55 3.89 2.87 2.43 2.26 2.12 2.01 1.82 1.60 1.44 1.49 1.86 2.26 2.57 2.87 2.98 3.05 3.26 3.76 4.23 4.35 4.82 6.29 7.91
4.51 4.42 4.31 4.21 4.15 4.11 4.08 4.11 4.18 4.27 4.34 4.32 4.24 4.23 4.23 4.19 4.18 4.12 3.86 3.52 3.43 3.53 3.70 3.86 4.04 4.30 4.58 5.00 5.63 6.27 6.82 6.78 6.53 6.36 6.32 6.31 6.32 6.29 6.18 5.99 5.66 5.18 4.92 5.20 5.95 6.27 6.15 5.91 5.87 5.80 5.48 4.81 4.23 3.95 3.97 3.98 3.91 3.94 4.23 4.75 4.90 4.32 3.21 2.53 2.27 2.16 2.14 2.04 1.81 1.55 1.42 1.57 1.89 2.13 2.42 2.59 2.74 2.95 3.29 3.74 3.99 4.17 4.96 6.50
4.72 4.71 4.70 4.68 4.63 4.56 4.48 4.46 4.55 4.66 4.69 4.60 4.44 4.48 4.59 4.61 4.58 4.55 4.47 4.34 4.29 4.33 4.41 4.47 4.54 4.56 4.59 4.74 5.15 5.67 6.36 6.62 6.72 6.78 6.68 6.32 5.85 5.47 5.34 5.44 5.39 4.99 4.52 4.58 5.22 5.70 5.63 5.19 5.14 5.29 5.32 4.97 4.40 3.95 3.88 3.93 3.86 3.83 4.12 4.91 5.36 5.09 4.18 3.46 3.13 2.89 2.61 2.32 2.14 1.99 1.75 1.55 1.50 1.46 1.59 1.83 2.18 2.54 2.82 3.31 3.73 3.96 4.40 5.36
4.77 4.79 4.83 4.85 4.85 4.86 4.88 4.93 4.99 5.02 4.97 4.85 4.67 4.88 4.73 4.79 4.84 4.89 4.92 4.90 4.95 5.05 5.08 5.07 5.04 4.97 4.94 4.98 5.15 5.38 5.87 6.20 6.41 6.56 6.53 6.18 5.50 4.83 4.51 4.68 5.00 4.87 4.38 4.16 4.64 5.21 5.17 4.49 3.93 3.69 3.75 3.98 4.01 3.88 3.92 4.15 4.31 4.44 4.74 5.36 5.87 5.82 5.19 4.53 3.95 3.48 3.15 2.92 2.75 2.44 2.04 1.60 1.25 1.03 0.94 1.17 1.57 1.96 2.15 2.64 3.28 3.82 4.24 4.66
4.77 4.81 4.93 5.02 5.16 5.37 5.55 5.63 5.57 5.42 5.26 5.13 4.95 4.91 4.80 4.88 4.96 5.05 5.09 5.09 5.13 5.17 5.18 5.12 5.02 4.92 4.92 4.98 5.11 5.27 5.62 5.76 5.84 5.80 5.84 5.87 5.65 5.05 4.31 4.08 4.36 4.58 4.32 3.98 4.23 4.81 4.74 4.04 3.28 2.87 2.79 2.96 3.27 3.52 3.87 4.31 4.67 4.97 5.25 5.63 6.12 6.23 5.74 5.01 4.30 3.91 3.73 3.51 3.09 2.50 2.07 1.81 1.54 1.27 1.14 1.22 1.49 1.77 1.83 2.06 2.67 3.35 3.75 4.01
4.84 4.98 5.22 5.40 5.55 5.71 5.86 5.93 5.87 5.69 5.49 5.36 5.24 5.14 5.20 5.25 5.26 5.26 5.24 5.12 4.94 4.76 4.70 4.71 4.76 4.75 4.75 4.82 5.01 5.19 5.43 5.39 5.25 5.04 4.97 5.26 5.52 5.38 4.60 3.92 3.78 4.09 4.10 3.81 3.98 4.55 4.59 4.07 3.63 3.40 3.18 2.95 2.90 3.17 3.72 4.25 4.57 4.81 5.05 5.44 5.96 6.28 6.02 5.39 4.82 4.48 4.12 3.63 3.07 2.65 2.43 2.37 2.27 2.10 1.94 1.85 1.92 2.02 2.15 2.08 2.38 2.78 3.19 3.54
4.80 5.01 5.35 5.54 5.58 5.57 5.52 5.53 5.57 5.54 5.46 5.34 5.34 5.43 5.56 5.61 5.57 5.47 5.31 5.08 4.76 4.47 4.33 4.38 4.52 4.62 4.69 4.79 4.95 5.03 5.07 4.98 4.86 4.59 4.32 4.40 4.80 5.18 4.96 4.21 3.64 3.70 3.87 3.90 4.14 4.63 4.75 4.37 4.04 3.73 3.39 3.11 3.06 3.35 3.86 4.16 4.35 4.57 4.84 5.28 5.79 6.24 6.22 5.79 5.23 4.70 4.01 3.59 3.40 3.36 3.37 3.30 3.20 3.06 2.96 2.84 2.70 2.58 2.49 2.49 3.10 2.80 3.05 3.40
4.58 4.71 5.01 5.23 5.26 5.15 5.00 4.89 4.91 5.04 5.09 5.03 5.25 5.15 5.26 5.37 5.42 5.35 5.18 4.96 4.69 4.44 4.26 4.23 4.30 4.42 4.52 4.66 4.76 4.71 4.61 4.56 4.64 4.39 3.94 3.79 4.03 4.60 4.96 4.72 4.04 3.80 3.93 4.19 4.47 4.89 4.96 4.45 3.79 3.32 3.15 3.16 3.49 4.06 4.42 4.47 4.53 4.72 4.98 5.33 5.79 6.28 6.30 5.89 5.33 4.70 4.22 4.10 4.27 4.50 4.60 4.54 4.44 4.29 4.11 3.94 3.74 3.49 3.30 3.21 3.08 3.09 3.22 3.40
4.45 4.45 4.50 4.72 4.88 4.84 4.67 4.49 4.45 4.55 4.67 4.70 4.65 4.65 4.61 4.70 4.87 5.00 5.01 4.88 4.64 4.38 4.19 4.08 4.06 4.11 4.15 4.25 4.36 4.35 4.40 4.52 4.67 4.50 3.90 3.41 3.45 3.95 4.59 4.80 4.40 3.95 3.81 3.94 4.19 4.71 4.96 4.47 3.71 3.38 3.45 3.89 4.52 5.00 5.21 5.05 4.90 4.90 5.09 5.45 5.95 6.49 6.56 6.19 5.81 5.60 5.62 5.81 6.05 6.24 6.29 6.25 6.15 6.03 5.84 5.63 5.39 5.05 4.62 4.10 3.56 3.27 3.31 3.31
4.56 4.53 4.36 4.35 4.57 4.76 4.72 4.54 4.42 4.45 4.63 4.74 4.76 4.60 4.53 4.54 4.66 4.82 4.93 4.85 4.61 4.30 4.06 3.92 3.87 3.87 3.83 3.85 3.97 4.03 4.21 4.46 4.77 4.86 4.40 3.56 3.27 3.44 4.01 4.44 4.30 3.82 3.46 3.34 3.58 4.25 4.90 4.80 4.24 4.07 4.49 5.14 5.63 5.83 5.73 5.38 5.10 5.01 5.16 5.56 6.09 6.74 6.99 6.91 6.74 6.84 7.11 7.41 7.68 7.84 7.90 7.89 7.84 7.77 7.63 7.41 7.13 6.78 6.18 5.29 4.35 3.61 3.34 3.20
4.62 4.67 4.54 4.33 4.39 4.70 4.93 4.89 4.75 4.78 5.04 5.26 5.33 5.20 5.05 4.96 4.91 4.91 4.92 4.87 4.67 4.35 4.03 3.82 3.75 3.77 3.75 3.72 3.69 3.64 3.68 3.98 4.45 4.97 5.01 4.36 3.74 3.52 3.80 4.22 4.24 3.96 3.70 3.56 3.67 4.17 4.97 5.27 5.14 5.30 5.79 6.10 6.22 6.04 5.74 5.34 5.11 5.03 5.02 5.21 5.63 6.37 6.93 7.02 7.00 7.04 7.18 7.39 7.56 7.69 7.80 7.90 7.93 7.92 7.84 7.72 7.55 7.34 7.00 6.49 5.72 4.74 3.79 3.24
4.53 4.59 4.57 4.46 4.39 4.54 4.87 5.07 5.04 5.05 5.37 5.72 5.82 5.73 5.55 5.30 5.06 4.93 4.91 4.90 4.78 4.50 4.14 3.81 3.67 3.71 3.74 3.68 3.48 3.15 3.09 3.26 3.70 4.53 5.06 5.01 4.49 4.20 4.30 4.60 4.74 4.75 4.72 4.62 4.59 4.86 5.55 6.16 6.65 6.90 6.88 6.66 6.30 5.79 5.45 5.09 4.87 4.68 4.51 4.46 4.69 5.25 6.10 6.43 6.36 6.04 5.72 5.55 5.40 5.45 5.65 5.97 6.11 6.18 6.18 6.21 6.35 6.35 6.29 6.30 6.17 5.74 4.96 3.96
4.40 4.30 4.21 4.21 4.20 4.30 4.60 4.96 5.10 5.05 5.26 5.60 5.76 5.77 5.60 5.28 4.92 4.73 4.73 4.78 4.70 4.51 4.23 3.89 3.65 3.61 3.64 3.63 3.37 2.84 2.66 2.73 3.03 3.67 4.58 4.96 4.89 4.83 4.97 5.27 5.48 5.55 5.53 5.54 5.62 5.85 6.30 6.86 7.33 7.47 7.30 6.80 6.22 5.61 5.22 4.87 4.59 4.30 4.15 4.07 4.19 4.55 5.15 5.63 5.55 4.81 4.05 3.41 3.04 2.94 3.09 3.46 3.75 3.84 3.99 4.13 4.47 4.64 4.60 4.72 5.09 5.27 5.13 4.61
4.38 4.13 3.84 3.74 3.77 3.94 4.26 4.69 4.99 4.95 5.43 5.11 5.11 5.20 5.12 4.90 4.60 4.37 4.36 4.47 4.49 4.38 4.25 4.06 3.82 3.62 3.59 3.66 3.50 3.03 2.71 2.68 2.80 3.16 3.87 4.53 4.82 4.86 4.99 5.30 5.59 5.67 5.70 5.79 5.96 6.14 6.37 6.63 6.83 6.94 6.92 6.66 6.13 5.60 5.21 4.89 4.62 4.38 4.34 4.31 4.39 4.58 4.91 5.33 5.24 4.45 3.55 2.93 2.58 2.32 2.08 1.95 2.08 2.26 2.45 2.66 3.05 3.37 3.34 3.14 3.20 3.43 3.58 3.66
4.50 4.24 3.88 3.70 3.61 3.59 3.74 4.18 4.56 4.61 4.44 4.58 4.19 4.31 4.31 4.27 4.15 3.94 3.90 4.12 4.36 4.41 4.37 4.29 4.06 3.81 3.70 3.82 3.87 3.65 3.32 3.06 2.93 2.94 3.32 4.01 4.40 4.46 4.50 4.69 5.00 5.21 5.34 5.48 5.66 5.76 5.78 5.69 5.49 5.68 6.10 6.33 6.10 5.70 5.34 5.06 4.82 4.67 4.67 4.62 4.61 4.68 4.90 5.36 5.42 4.79 4.02 3.50 3.12 2.70 2.16 1.57 1.24 1.21 1.36 1.56 1.95 2.34 2.40 2.12 1.89 1.85 1.98 2.26
4.71 4.52 4.31 4.17 3.99 3.68 3.40 3.50 3.85 4.01 3.92 4.29 3.54 3.69 3.73 4.10 3.74 3.64 3.60 3.85 4.29 4.61 4.68 4.55 4.36 4.14 4.00 4.07 4.14 4.06 3.75 3.39 3.06 2.85 3.02 3.61 4.06 4.22 4.20 4.26 4.44 4.67 4.84 5.03 5.14 5.12 4.97 4.72 4.65 4.86 5.36 5.82 5.86 5.64 5.30 5.06 4.84 4.67 4.61 4.47 4.35 4.34 4.62 5.23 5.52 5.15 4.53 4.02 3.42 2.85 2.28 1.80 1.36 1.07 0.98 1.01 1.20 1.52 1.63 1.61 1.28 1.65 1.94 2.34
4.89 4.90 4.95 4.92 4.71 4.33 3.78 3.53 3.61 3.77 3.77 4.42 4.32 3.77 3.85 3.80 3.80 3.78 3.76 3.95 4.36 4.81 4.99 4.97 4.84 4.70 4.54 4.45 4.36 4.26 3.97 3.75 3.55 3.34 3.34 3.73 4.25 4.53 4.52 4.49 4.52 4.60 4.64 4.73 4.69 4.49 4.18 4.03 3.97 4.12 4.60 5.17 5.44 5.31 5.00 4.78 4.56 4.32 4.13 3.90 3.77 3.81 4.21 4.90 5.39 5.27 4.78 4.21 3.56 3.06 2.68 2.46 2.27 1.92 1.53 1.10 0.87 0.89 1.53 1.70 1.96 2.37 2.94 3.32
4.92 5.10 5.36 5.46 5.39 5.14 4.70 4.33 4.13 4.10 5.07 4.09 4.19 4.42 4.58 4.62 4.61 4.61 4.55 4.56 4.77 5.11 5.37 5.50 5.51 5.44 5.24 4.99 4.81 4.77 4.75 4.70 4.59 4.41 4.24 4.38 4.79 5.09 5.21 5.20 5.14 4.94 4.73 4.58 4.32 3.92 3.64 3.38 3.28 3.40 3.84 4.49 4.94 4.87 4.67 4.48 4.25 3.95 3.68 3.56 3.61 3.80 4.29 4.89 5.31 5.22 4.79 4.26 3.76 3.52 3.45 3.38 3.10 2.73 2.32 2.04 1.95 2.00 2.16 2.50 3.06 3.67 4.04 4.01
4.77 4.92 5.17 5.42 5.64 5.70 5.46 5.08 4.69 4.42 4.33 4.43 4.72 5.06 5.40 5.57 5.67 5.72 5.71 5.62 5.60 5.63 5.75 5.91 6.01 5.95 5.79 5.52 5.31 5.22 5.26 5.21 5.13 5.00 4.78 4.69 4.86 5.14 5.41 5.58 5.57 5.34 4.95 4.49 3.88 3.40 3.08 2.83 2.70 2.69 3.05 3.71 4.26 4.46 4.44 4.34 4.20 4.02 3.91 3.98 4.14 4.44 4.90 5.39 5.63 5.47 5.00 4.62 4.36 4.24 4.21 4.05 3.68 3.26 2.95 2.81 2.82 2.95 3.28 3.79 4.33 4.58 4.56 4.30
4.59 4.60 4.72 4.94 5.30 5.63 5.70 5.41 4.96 4.51 5.67 4.34 4.70 5.17 5.54 5.83 6.01 6.13 6.22 6.22 6.09 5.93 5.87 5.93 6.01 6.01 5.94 5.75 5.58 5.36 5.01 4.68 4.56 4.60 4.61 4.64 4.71 4.90 5.14 5.43 5.61 5.49 5.14 4.54 3.62 2.87 2.49 2.34 2.18 2.13 2.29 2.81 3.52 4.05 4.32 4.43 4.47 4.48 4.51 4.51 4.64 4.96 5.39 5.95 6.30 6.41 5.89 5.43 5.24 5.08 4.75 4.40 4.10 3.96 3.89 3.89 4.06 4.36 4.76 5.10 5.17 4.95 4.58 4.20
4.51 4.47 4.48 4.49 4.60 4.85 5.16 5.22 4.96 4.50 4.10 3.95 4.09 4.42 4.75 5.01 5.21 5.28 5.30 5.36 5.42 5.37 5.31 5.30 5.35 5.44 5.45 5.46 5.49 5.48 5.17 4.60 4.22 4.15 4.40 4.70 4.92 5.01 5.08 5.19 5.31 5.25 5.11 4.70 3.81 2.80 2.29 2.13 2.07 2.07 2.15 2.45 3.09 3.81 4.32 4.67 4.90 5.03 5.04 4.89 4.90 5.24 5.68 6.22 6.84 7.34 7.21 6.49 6.00 5.78 5.41 5.07 4.99 5.24 5.48 5.68 5.92 6.12 6.19 5.97 5.54 5.03 4.56 4.16
4.39 4.31 4.25 4.18 4.01 3.99 4.27 4.61 4.63 4.25 3.73 3.31 3.10 3.13 3.28 3.46 3.64 3.68 3.49 3.38 3.63 3.93 4.01 4.00 4.04 4.27 4.52 4.70 4.95 5.31 5.53 5.47 5.14 4.81 4.72 4.86 4.99 5.02 4.93 4.84 4.84 4.93 5.06 4.98 4.39 3.51 2.96 2.81 2.79 2.84 2.93 3.12 3.48 3.96 4.36 4.71 5.05 5.37 5.52 5.56 5.65 5.85 5.95 6.15 6.76 7.51 7.72 7.41 6.96 6.75 6.68 6.61 6.74 6.98 7.13 7.20 7.22 7.14 6.86 6.30 5.69 5.18 4.73 4.26
4.22 4.04 3.88 3.86 3.79 3.71 3.78 4.06 4.24 3.99 3.45 2.85 2.33 2.01 1.89 1.97 2.25 2.51 2.52 2.30 2.17 2.31 2.53 2.70 2.95 3.31 3.76 4.01 4.21 4.47 4.99 5.48 5.66 5.53 5.13 4.83 4.62 4.54 4.42 4.32 4.38 4.72 5.12 5.36 5.22 4.92 4.59 4.35 4.19 4.14 4.16 4.19 4.23 4.31 4.38 4.53 4.81 5.21 5.62 5.96 6.18 6.12 5.87 5.68 5.88 6.57 7.27 7.43 7.48 7.53 7.64 7.70 7.74 7.73 7.62 7.44 7.22 6.94 6.57 6.14 5.71 5.31 4.90 4.28
4.30 4.09 3.84 3.74 3.76 3.80 3.82 3.94 4.11 4.05 3.67 3.07 2.44 1.90 1.51 1.33 1.86 2.14 2.59 2.55 2.15 1.80 1.72 1.96 2.39 2.91 3.45 3.67 3.70 3.62 3.86 4.40 4.97 5.25 5.01 4.50 4.03 3.80 3.84 3.91 4.09 4.54 5.10 5.58 5.78 5.88 5.84 5.59 5.29 5.06 4.79 4.56 4.48 4.49 4.48 4.52 4.71 5.09 5.47 5.70 5.76 5.58 5.29 5.02 5.06 5.49 6.19 6.73 7.06 7.27 7.33 7.24 7.10 6.95 6.77 6.49 6.11 5.71 5.58 5.51 5.32 5.06 4.76 4.32
4.56 4.47 4.30 4.12 4.04 4.07 4.12 4.21 4.28 4.31 4.18 3.82 3.35 2.76 2.19 1.73 1.58 2.23 3.06 3.46 3.25 2.64 2.09 1.93 2.26 2.90 3.45 3.64 3.55 3.28 3.17 3.32 3.81 4.24 4.38 4.22 3.93 3.72 3.74 3.98 4.26 4.68 5.05 5.45 5.71 5.87 5.90 5.86 5.69 5.35 4.80 4.44 4.40 4.52 4.59 4.64 4.78 5.08 5.23 5.15 4.92 4.66 4.53 4.51 4.62 4.90 5.33 5.83 6.14 6.24 6.19 5.97 5.59 5.37 5.39 5.32 4.94 4.43 4.25 4.48 4.52 4.34 4.11 3.85
4.68 4.70 4.70 4.61 4.50 4.44 4.50 4.66 4.75 4.86 4.92 4.84 4.62 4.14 3.50 2.85 2.39 2.48 3.12 3.94 4.25 3.99 3.33 2.77 2.75 3.18 3.65 3.92 3.93 3.60 3.25 3.00 3.03 3.36 3.85 4.27 4.50 4.60 4.64 4.70 4.84 5.00 5.05 5.19 5.30 5.31 5.34 5.46 5.53 5.42 5.00 4.62 4.50 4.55 4.61 4.65 4.74 4.88 4.86 4.63 4.39 4.21 4.19 4.23 4.28 4.45 4.70 5.05 5.26 5.26 5.21 5.07 4.70 4.25 4.13 4.38 4.25 3.66 3.13 3.25 3.54 3.38 3.13 2.93
4.68 4.74 4.81 4.77 4.71 4.70 4.85 5.08 5.34 5.61 5.82 5.90 5.72 5.30 4.67 3.97 3.25 2.82 3.00 3.85 4.63 4.95 4.74 4.17 3.70 3.75 4.05 4.39 4.63 4.46 4.11 3.71 3.43 3.52 3.98 4.56 5.02 5.34 5.42 5.32 5.18 5.08 5.00 5.02 4.99 4.80 4.74 4.80 4.96 5.11 5.08 4.84 4.63 4.62 4.65 4.72 4.79 4.76 4.54 4.29 4.11 4.03 4.05 4.02 4.01 4.19 4.45 4.64 4.61 4.58 4.50 4.45 4.37 3.92 3.40 3.46 3.68 3.36 2.63 2.37 2.61 2.63 2.38 2.20
4.67 4.75 4.86 4.77 4.68 4.71 4.88 5.14 5.57 5.89 6.24 6.44 6.47 6.28 5.83 5.15 4.30 3.50 3.24 3.71 4.50 5.25 5.40 5.13 4.69 4.51 4.55 4.72 4.98 5.09 5.03 4.81 4.51 4.36 4.48 4.70 4.88 5.05 5.15 5.09 4.97 4.91 4.92 4.94 4.78 4.34 4.13 4.08 4.10 4.28 4.57 4.63 4.51 4.54 4.65 4.80 4.77 4.50 4.10 3.86 3.79 3.82 3.90 3.97 4.04 4.25 4.46 4.41 4.06 3.93 3.90 3.79 3.94 3.89 3.38 3.04 3.20 3.21 2.49 2.17 2.22 1.70 2.22 2.11
4.63 4.73 4.84 4.74 4.60 4.56 4.59 4.66 4.83 5.13 5.56 6.02 6.46 6.71 6.69 6.35 5.61 4.58 3.85 3.80 4.18 4.93 5.43 5.53 5.34 5.08 4.83 4.69 4.73 4.96 5.21 5.32 5.22 4.93 4.68 4.52 4.42 4.39 4.47 4.63 4.73 4.83 4.96 5.00 4.70 4.12 3.77 3.60 3.49 3.49 3.69 3.92 4.05 4.17 4.41 4.46 4.23 3.87 3.50 3.38 3.43 3.54 3.72 3.92 4.05 4.23 4.42 4.20 3.52 3.16 3.17 2.98 2.96 3.33 3.36 3.06 2.99 3.05 2.84 2.50 2.37 2.35 2.39 2.48
4.55 4.62 4.68 4.67 4.59 4.50 4.39 4.19 3.94 3.82 4.01 4.64 5.50 6.25 6.75 6.91 6.63 5.86 4.81 4.22 4.21 4.68 5.16 5.52 5.54 5.26 4.87 4.56 4.28 4.28 4.52 4.81 4.98 4.85 4.60 4.38 4.25 4.26 4.45 4.66 4.76 4.90 5.10 5.24 4.98 4.40 3.96 3.59 3.27 3.04 3.04 3.31 3.65 3.99 4.05 3.80 3.36 3.07 2.98 2.97 3.00 3.03 3.21 3.45 3.61 4.00 4.41 4.26 3.46 2.78 2.61 2.45 2.37 2.66 3.03 3.10 3.09 2.94 3.21 3.12 2.99 2.85 2.89 3.12
4.50 4.53 4.56 4.64 4.65 4.61 4.49 4.29 3.89 3.39 3.05 3.18 3.91 4.96 5.90 6.53 6.84 6.65 5.91 5.03 4.75 4.85 5.07 5.40 5.56 5.40 5.04 4.58 4.09 3.74 3.59 3.69 4.03 4.31 4.41 4.40 4.39 4.42 4.59 4.73 4.78 4.91 5.19 5.44 5.29 4.70 4.09 3.54 3.25 3.18 3.30 3.60 3.88 3.95 3.93 3.39 2.94 2.81 2.80 2.78 2.72 2.61 2.58 2.76 3.15 3.81 4.58 4.74 4.15 3.40 3.05 2.85 2.69 2.74 2.99 3.19 3.36 3.55 3.69 3.74 3.73 3.71 3.77 4.06
4.53 4.54 4.59 4.68 4.75 4.76 4.72 4.70 4.57 4.13 3.47 2.98 3.02 3.64 4.63 5.56 6.27 6.72 6.56 5.95 5.55 5.50 5.54 5.64 5.73 5.71 5.48 5.00 4.41 3.93 3.56 3.45 3.55 3.80 4.07 4.27 4.36 4.36 4.41 4.56 4.62 4.76 5.03 5.33 5.31 4.72 4.10 3.80 3.88 4.16 4.41 4.51 4.47 4.29 4.19 3.72 3.61 3.61 3.55 3.42 3.26 3.07 2.95 3.04 3.52 4.25 5.13 5.56 5.35 4.80 4.30 3.94 3.58 3.41 3.44 3.55 3.73 3.97 4.16 4.35 4.61 4.92 5.20 5.64
4.56 4.54 4.60 4.72 4.86 4.90 4.92 5.06 5.29 5.32 4.94 4.25 3.70 3.62 4.05 4.86 5.66 6.44 6.79 6.65 6.38 6.23 6.10 5.97 5.89 5.95 5.98 5.77 5.29 4.91 4.61 4.34 4.09 4.00 4.07 4.20 4.28 4.28 4.25 4.24 4.31 4.48 4.80 5.19 5.33 5.09 4.86 4.97 5.17 5.31 5.31 5.13 4.83 4.55 4.42 4.45 4.59 4.75 4.82 4.77 4.67 4.60 4.58 4.69 4.92 5.26 5.74 6.14 6.08 5.59 5.00 4.50 4.06 3.84 3.86 4.00 4.17 4.43 4.77 5.29 6.01 6.68 7.17 7.51
4.55 4.52 4.57 4.75 4.94 5.02 5.08 5.27 5.64 6.04 6.17 5.95 5.47 4.91 4.69 4.91 5.44 6.24 6.89 7.09 7.03 6.74 6.34 6.06 5.89 5.96 6.19 6.31 6.14 5.78 5.43 5.16 4.89 4.69 4.52 4.42 4.38 4.27 4.12 4.07 4.19 4.50 4.89 5.34 5.54 5.47 5.45 5.53 5.50 5.32 5.16 5.05 4.90 4.67 4.57 4.62 4.74 4.98 5.30 5.53 5.65 5.72 5.69 5.64 5.52 5.40 5.50 5.97 6.09 5.64 5.00 4.52 4.23 4.08 4.13 4.36 4.68 5.11 5.69 6.49 7.33 7.99 8.29 8.28
4.57 4.56 4.64 4.82 5.00 5.09 5.10 5.25 5.71 6.29 6.74 6.91 6.79 6.44 5.96 5.66 5.78 6.26 6.77 7.10 7.15 6.84 6.36 6.00 5.77 5.71 5.94 6.29 6.37 6.10 5.67 5.30 4.99 4.78 4.58 4.40 4.32 4.17 4.07 4.17 4.41 4.66 4.98 5.40 5.56 5.29 4.93 4.73 4.45 4.17 4.06 4.22 4.46 4.47 4.34 4.30 4.38 4.58 4.90 5.24 5.51 5.64 5.53 5.29 4.98 4.67 4.66 5.35 5.91 5.73 5.09 4.67 4.49 4.38 4.45 4.74 5.22 5.80 6.42 6.98 7.40 7.62 7.58 7.42
4.62 4.66 4.80 4.97 5.12 5.22 5.27 5.45 5.92 6.30 6.51 6.65 6.75 6.74 6.56 6.38 6.35 6.41 6.46 6.56 6.65 6.50 6.21 5.98 5.76 5.46 5.36 5.71 6.09 6.11 5.77 5.29 4.69 4.29 4.15 4.13 4.14 4.08 4.04 4.07 4.14 4.32 4.66 5.13 5.37 5.03 4.31 3.77 3.59 3.47 3.37 3.48 3.77 3.97 4.03 4.10 4.20 4.28 4.42 4.64 4.85 4.94 4.84 4.54 4.28 4.09 4.13 4.83 5.75 5.99 5.50 5.03 4.86 4.84 5.03 5.43 5.98 6.55 6.83 6.78 6.29 5.53 5.02 4.98
