project/data/elevation/US_DEM2016/US_DEM2016_point_10-28-2019_1856_30m_vel.asc
ncols	125
nrows	167
xllcorner	-2042055.000000
yllcorner	1465035.000000
cellsize	30.000000
NODATA_value	-9999.000000
[rows 0 to 37 of 167, columns 0 to 83 of 125]
2.14 2.01 2.00 2.26 2.62 3.09 3.62 4.10 4.41 4.64 4.92 5.19 5.18 4.85 4.72 4.89 5.04 4.85 4.26 3.73 3.47 3.61 4.03 4.42 4.67 4.66 4.34 3.52 2.54 1.73 1.22 1.05 1.04 1.02 0.97 0.97 1.05 1.14 1.24 1.30 1.34 1.38 1.44 1.51 1.53 1.50 1.44 1.49 1.73 2.21 2.83 3.46 3.99 4.43 4.59 4.59 4.39 3.92 3.47 3.16 2.94 2.78 2.75 2.95 3.15 3.25 3.20 2.98 2.64 2.45 2.42 2.49 2.57 2.64 2.72 2.77 2.81 2.93 3.25 3.60 3.76 3.57 3.24 3.31
2.14 2.01 2.00 2.26 2.62 3.09 3.62 4.10 4.41 4.64 4.92 5.19 5.18 4.85 4.72 4.89 5.04 4.85 4.26 3.73 3.47 3.61 4.03 4.42 4.67 4.66 4.34 3.52 2.54 1.73 1.22 1.05 1.04 1.02 0.97 0.97 1.05 1.14 1.24 1.30 1.34 1.38 1.44 1.51 1.53 1.50 1.44 1.49 1.73 2.21 2.83 3.46 3.99 4.43 4.59 4.59 4.39 3.92 3.47 3.16 2.94 2.78 2.75 2.95 3.15 3.25 3.20 2.98 2.64 2.45 2.42 2.49 2.57 2.64 2.72 2.77 2.81 2.93 3.25 3.60 3.76 3.57 3.24 3.31
2.02 1.98 2.09 2.35 2.62 3.03 3.49 3.88 4.14 4.28 4.45 4.66 4.67 4.52 4.42 4.50 4.59 4.47 4.05 3.61 3.47 3.67 3.98 4.17 4.22 4.08 3.58 2.80 2.05 1.46 1.12 1.01 1.03 1.03 0.98 0.99 1.09 1.20 1.26 1.27 1.27 1.33 1.40 1.54 1.68 1.75 1.78 1.85 2.12 2.56 3.05 3.45 3.76 4.00 4.11 4.09 3.98 3.74 3.41 3.06 2.79 2.62 2.63 2.76 2.87 2.93 2.92 2.86 2.78 2.69 2.65 2.63 2.60 2.55 2.53 2.54 2.60 2.80 3.09 3.28 3.23 3.13 3.15 3.39
2.08 2.11 2.36 2.57 2.75 3.00 3.29 3.48 3.53 3.50 3.56 3.63 3.65 3.61 3.63 3.63 3.61 3.63 3.52 3.39 3.47 3.75 3.84 3.62 3.30 2.90 2.39 1.95 1.55 1.25 1.11 1.08 1.15 1.22 1.23 1.23 1.29 1.36 1.35 1.32 1.40 1.53 1.67 1.87 2.09 2.23 2.34 2.48 2.71 3.06 3.33 3.37 3.30 3.21 3.15 3.00 2.92 2.97 2.97 2.87 2.72 2.61 2.54 2.47 2.36 2.30 2.31 2.44 2.64 2.77 2.78 2.67 2.49 2.31 2.21 2.21 2.32 2.53 2.71 2.63 2.45 2.61 3.04 3.49
2.26 2.35 2.60 2.74 2.84 2.99 3.11 3.16 3.08 2.97 2.88 2.82 2.81 2.81 2.89 2.89 2.83 2.89 3.05 3.23 3.50 3.68 3.51 3.00 2.44 2.02 1.82 1.69 1.52 1.40 1.38 1.45 1.61 1.71 1.70 1.64 1.63 1.65 1.59 1.58 1.75 1.93 2.12 2.34 2.48 2.54 2.58 2.74 3.02 3.30 3.39 3.25 2.96 2.66 2.38 2.06 1.86 1.89 2.10 2.36 2.51 2.53 2.42 2.18 1.98 1.86 1.82 1.87 2.01 2.12 2.15 2.08 1.96 1.88 1.90 2.00 2.15 2.28 2.35 2.27 2.22 2.51 3.01 3.32
2.32 2.44 2.70 2.83 2.86 2.90 2.94 2.86 2.78 2.70 2.53 2.35 2.32 2.43 2.62 2.69 2.62 2.64 2.83 3.10 3.35 3.34 2.96 2.32 1.79 1.61 1.64 1.66 1.64 1.68 1.80 1.98 2.12 2.10 2.00 1.94 1.95 1.97 1.93 1.89 1.96 2.06 2.21 2.45 2.59 2.59 2.61 2.80 3.07 3.31 3.35 3.15 2.80 2.34 1.91 1.64 1.57 1.63 1.73 1.82 1.92 1.97 1.91 1.75 1.62 1.59 1.60 1.60 1.57 1.51 1.44 1.37 1.35 1.44 1.62 1.82 1.99 2.11 2.20 2.23 2.28 2.53 2.84 2.90
2.40 2.57 2.82 2.91 2.87 2.78 2.66 2.51 2.48 2.51 2.41 2.16 2.08 2.32 2.66 2.74 2.66 2.63 2.66 2.73 2.86 2.78 2.34 1.80 1.54 1.54 1.60 1.64 1.71 1.87 2.10 2.30 2.36 2.31 2.25 2.26 2.32 2.33 2.25 2.13 2.07 2.11 2.21 2.33 2.40 2.33 2.33 2.53 2.88 3.18 3.28 3.10 2.72 2.39 2.14 2.02 2.06 2.08 1.96 1.76 1.54 1.39 1.30 1.28 1.34 1.45 1.54 1.56 1.52 1.40 1.27 1.19 1.22 1.37 1.57 1.74 1.88 2.02 2.20 2.30 2.36 2.51 2.61 2.45
2.55 2.74 2.99 2.98 2.85 2.59 2.33 2.19 2.28 2.43 2.40 2.17 2.08 2.35 2.68 2.66 2.48 2.40 2.30 2.21 2.30 2.24 1.88 1.57 1.50 1.56 1.60 1.65 1.76 1.96 2.22 2.43 2.55 2.64 2.77 2.94 3.00 2.91 2.74 2.53 2.35 2.25 2.25 2.22 2.11 2.00 2.01 2.28 2.79 3.25 3.35 3.10 2.77 2.65 2.64 2.64 2.55 2.36 2.05 1.68 1.34 1.12 1.06 1.11 1.25 1.41 1.56 1.64 1.60 1.45 1.31 1.28 1.34 1.47 1.64 1.77 1.89 2.09 2.30 2.35 2.36 2.43 2.38 2.13
2.81 2.96 3.13 3.02 2.78 2.48 2.19 2.14 2.33 2.47 2.43 2.31 2.32 2.47 2.58 2.42 2.10 1.92 1.85 1.84 1.99 1.90 1.53 1.34 1.38 1.48 1.62 1.80 1.96 2.13 2.38 2.66 2.95 3.31 3.65 3.82 3.77 3.59 3.37 3.13 2.86 2.61 2.44 2.29 2.13 2.04 2.18 2.58 3.17 3.54 3.44 2.95 2.52 2.38 2.39 2.35 2.19 1.89 1.52 1.24 1.10 1.08 1.13 1.21 1.32 1.50 1.72 1.81 1.68 1.47 1.35 1.36 1.47 1.65 1.86 2.02 2.20 2.44 2.54 2.46 2.37 2.35 2.25 2.34
3.06 3.12 3.11 2.95 2.72 2.50 2.34 2.45 2.71 2.78 2.65 2.56 2.57 2.56 2.43 2.14 1.74 1.54 1.61 1.76 1.93 1.71 1.30 1.17 1.28 1.44 1.64 1.89 2.15 2.43 2.76 3.12 3.53 3.90 4.06 3.99 3.83 3.70 3.61 3.52 3.35 3.14 2.91 2.68 2.47 2.44 2.61 3.06 3.56 3.69 3.30 2.51 1.88 1.51 1.40 1.38 1.29 1.09 0.94 0.88 0.96 1.10 1.23 1.36 1.55 1.84 2.10 2.10 1.79 1.47 1.40 1.55 1.84 2.15 2.39 2.59 2.84 3.06 3.04 2.83 2.63 2.53 2.46 2.34
3.38 3.18 2.96 2.87 2.79 2.77 2.87 3.17 3.39 3.32 3.11 2.93 2.77 2.54 2.26 1.91 1.54 1.48 1.70 1.95 2.00 1.70 1.36 1.30 1.39 1.55 1.71 1.95 2.35 2.84 3.25 3.60 3.83 3.82 3.52 3.14 3.02 3.14 3.32 3.42 3.45 3.38 3.22 3.01 2.83 2.74 2.85 3.31 3.69 3.57 2.89 2.03 1.40 1.04 0.84 0.69 0.59 0.62 0.70 0.83 1.00 1.20 1.41 1.62 1.92 2.30 2.48 2.31 1.92 1.62 1.66 2.01 2.46 2.81 3.05 3.24 3.44 3.48 3.30 3.04 2.90 2.83 2.75 2.58
3.54 3.15 2.79 2.89 3.08 3.33 3.65 3.93 4.01 3.81 3.55 3.30 3.01 2.58 2.18 1.90 1.68 1.70 1.93 2.12 2.06 1.76 1.53 1.51 1.59 1.76 1.98 2.32 2.78 3.18 3.42 3.53 3.43 3.02 2.43 2.10 2.21 2.50 2.69 2.81 2.97 3.11 3.16 3.12 3.00 2.90 3.03 3.45 3.61 3.23 2.39 1.69 1.24 0.90 0.65 0.46 0.41 0.53 0.74 0.96 1.21 1.53 1.85 2.10 2.37 2.62 2.63 2.40 2.15 2.04 2.13 2.54 2.99 3.28 3.43 3.49 3.42 3.13 2.67 2.40 2.38 2.42 2.40 2.29
3.37 3.09 2.78 2.91 3.26 3.63 3.95 4.09 4.03 3.85 3.65 3.46 3.18 2.76 2.39 2.17 2.01 1.96 2.00 2.03 1.90 1.64 1.52 1.55 1.71 1.93 2.23 2.58 2.83 2.91 2.87 2.68 2.31 1.79 1.44 1.53 1.84 1.97 1.92 2.01 2.22 2.47 2.76 2.94 2.96 2.97 3.13 3.43 3.34 2.67 1.86 1.31 0.88 0.59 0.49 0.51 0.61 0.76 0.97 1.26 1.63 2.03 2.35 2.55 2.67 2.72 2.65 2.52 2.48 2.51 2.64 3.02 3.40 3.52 3.37 3.05 2.60 2.03 1.56 1.46 1.63 1.78 1.86 1.84
3.22 3.15 2.98 2.92 3.04 3.27 3.44 3.44 3.30 3.20 3.19 3.18 3.08 2.90 2.70 2.49 2.27 2.06 1.89 1.72 1.49 1.31 1.32 1.43 1.61 1.78 1.98 2.11 2.06 1.92 1.73 1.46 1.18 0.97 1.00 1.29 1.47 1.40 1.35 1.47 1.63 1.83 2.08 2.30 2.51 2.75 3.06 3.24 2.99 2.25 1.48 0.85 0.46 0.40 0.56 0.78 0.94 1.08 1.32 1.70 2.12 2.49 2.71 2.82 2.87 2.90 2.87 2.81 2.81 2.86 3.04 3.41 3.58 3.30 2.71 2.05 1.54 1.23 1.14 1.31 1.60 1.82 1.91 1.84
3.31 3.29 3.05 2.78 2.58 2.52 2.45 2.28 2.10 2.12 2.29 2.46 2.54 2.60 2.62 2.56 2.36 2.06 1.75 1.40 1.08 1.03 1.13 1.25 1.29 1.30 1.32 1.26 1.17 1.11 1.01 0.95 0.95 0.99 1.10 1.25 1.28 1.24 1.28 1.38 1.45 1.52 1.64 1.78 2.08 2.61 2.99 3.07 2.71 2.04 1.26 0.70 0.57 0.74 1.06 1.26 1.30 1.39 1.69 2.14 2.60 2.93 3.11 3.20 3.28 3.35 3.33 3.22 3.13 3.15 3.36 3.54 3.27 2.50 1.74 1.35 1.25 1.24 1.35 1.68 2.06 2.30 2.30 2.23
3.42 3.23 2.77 2.35 1.98 1.78 1.66 1.49 1.40 1.47 1.62 1.70 1.76 1.91 2.13 2.28 2.24 2.02 1.66 1.25 1.01 1.03 1.13 1.14 1.04 0.95 0.93 0.97 1.00 1.03 1.04 1.11 1.26 1.38 1.44 1.49 1.53 1.56 1.61 1.67 1.71 1.77 1.89 2.11 2.49 2.95 3.10 2.90 2.38 1.73 1.21 1.02 1.12 1.45 1.71 1.75 1.66 1.75 2.15 2.69 3.18 3.54 3.71 3.78 3.85 3.91 3.87 3.74 3.63 3.60 3.61 3.34 2.60 1.83 1.52 1.57 1.68 1.70 1.82 2.17 2.57 2.75 2.74 2.82
3.29 2.90 2.24 1.75 1.34 1.30 1.40 1.41 1.43 1.57 1.69 1.70 1.68 1.78 1.93 1.96 1.94 1.90 1.70 1.45 1.32 1.29 1.24 1.15 1.07 1.04 1.11 1.26 1.36 1.40 1.42 1.48 1.61 1.77 1.90 2.03 2.13 2.14 2.14 2.19 2.32 2.52 2.74 3.05 3.35 3.44 3.16 2.64 2.10 1.67 1.44 1.47 1.72 2.06 2.25 2.20 2.12 2.33 2.88 3.49 3.97 4.25 4.32 4.31 4.28 4.24 4.20 4.15 4.10 3.96 3.67 3.10 2.34 2.05 2.21 2.41 2.41 2.31 2.38 2.71 3.04 3.19 3.31 3.51
3.02 2.65 1.91 1.30 1.06 1.23 1.56 1.79 2.01 2.23 2.36 2.38 2.37 2.30 2.16 1.88 1.72 1.76 1.77 1.71 1.62 1.47 1.30 1.23 1.26 1.36 1.52 1.66 1.76 1.84 1.89 1.89 1.98 2.16 2.35 2.54 2.67 2.70 2.68 2.79 3.06 3.33 3.58 3.74 3.71 3.37 2.77 2.20 1.89 1.77 1.74 1.88 2.20 2.54 2.66 2.58 2.62 3.01 3.68 4.26 4.58 4.62 4.49 4.34 4.21 4.11 4.06 4.04 4.06 3.95 3.69 3.40 3.11 3.16 3.45 3.59 3.50 3.35 3.38 3.52 3.66 3.76 3.89 3.93
2.88 2.52 1.75 1.23 1.26 1.82 2.44 2.86 3.18 3.37 3.44 3.40 3.25 2.90 2.45 2.01 1.75 1.73 1.78 1.77 1.70 1.57 1.44 1.43 1.55 1.71 1.85 1.98 2.10 2.24 2.39 2.53 2.66 2.77 2.88 3.05 3.22 3.30 3.38 3.54 3.76 3.90 3.89 3.68 3.21 2.54 1.89 1.59 1.66 1.83 2.05 2.35 2.71 2.97 2.96 2.82 3.00 3.59 4.22 4.55 4.57 4.35 4.04 3.81 3.70 3.67 3.71 3.71 3.66 3.65 3.75 3.94 4.23 4.50 4.71 4.82 4.84 4.82 4.77 4.63 4.48 4.34 4.21 3.92
2.61 2.13 1.41 1.30 1.84 2.74 3.47 3.92 4.15 4.17 4.05 3.83 3.52 3.09 2.68 2.31 2.03 1.87 1.83 1.80 1.76 1.73 1.72 1.81 1.93 2.04 2.17 2.33 2.47 2.63 2.91 3.24 3.53 3.70 3.77 3.82 3.83 3.83 3.94 4.07 4.08 3.89 3.50 2.92 2.22 1.56 1.24 1.31 1.69 2.10 2.50 2.90 3.19 3.23 3.07 3.00 3.34 3.94 4.28 4.28 3.99 3.59 3.24 3.04 3.02 3.13 3.24 3.27 3.21 3.27 3.59 4.03 4.50 4.86 5.08 5.26 5.40 5.45 5.36 5.16 4.85 4.54 4.16 3.66
2.01 1.64 1.37 1.76 2.75 3.72 4.26 4.44 4.39 4.16 3.87 3.56 3.25 2.97 2.75 2.54 2.29 2.06 1.95 1.92 1.93 2.01 2.17 2.34 2.45 2.52 2.68 2.86 3.01 3.20 3.55 3.96 4.27 4.44 4.46 4.31 4.10 4.00 4.02 3.95 3.65 3.15 2.50 1.81 1.30 1.13 1.25 1.68 2.22 2.69 3.13 3.47 3.56 3.41 3.22 3.29 3.66 3.94 3.94 3.60 3.14 2.71 2.38 2.20 2.27 2.34 2.37 2.42 2.51 2.70 3.01 3.42 3.86 4.19 4.38 4.56 4.69 4.72 4.72 4.59 4.44 4.18 3.85 3.46
1.99 1.97 2.22 2.94 3.86 4.44 4.53 4.32 3.96 3.56 3.24 3.00 2.78 2.64 2.56 2.47 2.34 2.17 2.08 2.12 2.27 2.53 2.80 3.00 3.14 3.26 3.42 3.59 3.76 4.00 4.33 4.57 4.60 4.48 4.24 3.90 3.70 3.62 3.46 3.06 2.53 1.96 1.38 1.01 1.00 1.30 1.82 2.44 2.94 3.37 3.66 3.74 3.65 3.52 3.42 3.51 3.66 3.61 3.27 2.74 2.23 1.84 1.53 1.49 1.64 1.65 1.55 1.54 1.72 1.99 2.39 2.72 2.94 3.02 3.04 3.10 3.04 3.11 3.25 3.30 3.48 3.59 3.57 3.54
2.59 2.93 3.55 4.07 4.47 4.55 4.23 3.74 3.25 2.92 2.71 2.54 2.37 2.26 2.21 2.22 2.23 2.19 2.21 2.35 2.65 3.01 3.28 3.48 3.64 3.83 4.03 4.23 4.42 4.62 4.74 4.62 4.23 3.72 3.19 2.85 2.90 2.83 2.42 1.83 1.30 0.97 0.81 0.94 1.35 1.86 2.48 3.06 3.51 3.79 3.80 3.63 3.44 3.36 3.38 3.39 3.30 2.98 2.47 1.93 1.47 1.14 1.03 1.19 1.42 1.47 1.47 1.54 1.64 1.83 2.12 2.39 2.48 2.36 2.14 2.00 1.99 2.22 2.44 2.54 2.75 3.02 3.24 3.37
3.14 3.51 4.04 4.27 4.31 4.09 3.61 3.11 2.70 2.50 2.38 2.22 2.08 1.97 1.92 2.00 2.11 2.18 2.28 2.39 2.60 2.82 3.06 3.34 3.61 3.89 4.18 4.41 4.54 4.53 4.33 3.83 3.11 2.48 2.06 1.98 2.05 1.79 1.26 0.85 0.66 0.69 0.94 1.44 1.95 2.46 3.02 3.51 3.82 3.82 3.54 3.21 3.02 2.97 3.00 2.97 2.79 2.42 1.92 1.44 1.03 0.83 0.89 1.12 1.31 1.41 1.57 1.78 1.91 1.95 2.07 2.24 2.30 2.15 1.85 1.68 1.83 2.12 2.21 2.20 2.37 2.55 2.71 2.82
3.63 3.70 3.81 3.84 3.71 3.38 2.98 2.64 2.39 2.25 2.11 1.95 1.83 1.76 1.77 1.89 2.04 2.16 2.22 2.21 2.22 2.30 2.52 2.85 3.29 3.69 3.99 4.11 4.01 3.70 3.17 2.46 1.75 1.34 1.20 1.23 1.13 0.86 0.61 0.57 0.74 1.08 1.59 2.10 2.58 3.07 3.52 3.82 3.85 3.59 3.20 2.91 2.73 2.64 2.59 2.55 2.43 2.17 1.75 1.33 1.05 1.04 1.28 1.55 1.69 1.81 2.03 2.16 2.07 1.96 1.97 2.07 2.12 2.04 1.84 1.78 1.98 2.11 1.97 1.90 2.03 2.10 2.18 2.32
4.06 3.76 3.42 3.34 3.15 2.86 2.57 2.32 2.16 2.03 1.88 1.74 1.63 1.62 1.73 1.89 2.04 2.15 2.20 2.20 2.24 2.39 2.69 3.06 3.45 3.72 3.72 3.49 3.08 2.52 1.84 1.25 0.82 0.64 0.67 0.73 0.70 0.66 0.72 0.92 1.27 1.76 2.26 2.74 3.21 3.64 3.89 3.90 3.65 3.26 2.89 2.64 2.48 2.39 2.38 2.37 2.31 2.14 1.89 1.64 1.55 1.74 2.06 2.28 2.39 2.51 2.56 2.35 2.05 1.96 1.99 1.92 1.87 1.90 1.89 1.94 2.10 2.09 1.88 1.81 1.86 1.85 1.90 2.09
4.29 3.85 3.29 3.09 2.88 2.67 2.51 2.33 2.15 2.03 1.91 1.78 1.71 1.75 1.88 2.05 2.15 2.27 2.38 2.53 2.77 3.11 3.47 3.72 3.78 3.61 3.20 2.63 2.02 1.43 0.90 0.60 0.52 0.60 0.74 0.84 0.94 1.09 1.27 1.50 1.82 2.25 2.77 3.31 3.76 4.06 4.04 3.76 3.33 2.89 2.54 2.32 2.23 2.25 2.34 2.37 2.27 2.19 2.18 2.25 2.44 2.76 3.04 3.16 3.17 3.12 2.90 2.56 2.38 2.36 2.19 1.89 1.73 1.86 1.96 1.98 2.06 2.09 2.04 1.99 1.93 1.85 1.86 1.99
4.38 3.93 3.31 3.05 2.83 2.68 2.62 2.53 2.42 2.35 2.27 2.16 2.15 2.19 2.25 2.28 2.31 2.41 2.63 2.94 3.30 3.63 3.77 3.69 3.38 2.90 2.32 1.69 1.07 0.64 0.50 0.52 0.74 1.02 1.23 1.38 1.51 1.65 1.84 2.03 2.26 2.66 3.23 3.77 4.14 4.22 3.97 3.49 2.98 2.55 2.26 2.17 2.20 2.29 2.36 2.29 2.17 2.25 2.48 2.86 3.35 3.82 4.11 4.20 4.07 3.80 3.44 3.18 3.11 2.90 2.41 1.96 1.90 2.11 2.12 1.99 2.05 2.22 2.25 2.17 2.06 1.96 1.93 1.94
4.31 3.89 3.30 3.01 2.82 2.72 2.66 2.64 2.60 2.56 2.50 2.42 2.43 2.48 2.51 2.46 2.38 2.42 2.66 3.04 3.34 3.40 3.18 2.74 2.27 1.81 1.34 0.83 0.46 0.41 0.52 0.92 1.31 1.55 1.74 1.91 2.04 2.14 2.31 2.46 2.69 3.10 3.68 4.11 4.28 4.10 3.65 3.14 2.72 2.44 2.31 2.30 2.35 2.39 2.30 2.14 2.17 2.42 2.77 3.32 3.97 4.42 4.62 4.63 4.57 4.38 4.15 3.97 3.70 3.24 2.73 2.40 2.47 2.55 2.39 2.26 2.43 2.61 2.57 2.34 2.11 2.00 1.96 1.90
4.14 3.86 3.36 3.06 2.88 2.77 2.67 2.63 2.60 2.50 2.36 2.24 2.23 2.27 2.32 2.35 2.26 2.30 2.52 2.76 2.78 2.49 2.02 1.53 1.13 0.81 0.49 0.24 0.26 0.52 1.07 1.57 1.85 2.03 2.17 2.32 2.47 2.59 2.67 2.82 3.09 3.54 4.00 4.23 4.10 3.65 3.13 2.79 2.63 2.57 2.59 2.64 2.61 2.54 2.40 2.29 2.40 2.70 3.04 3.64 4.17 4.46 4.46 4.36 4.35 4.37 4.38 4.37 4.17 3.85 3.63 3.50 3.40 3.13 2.82 2.84 3.08 3.17 2.90 2.48 2.10 1.91 1.84 1.84
4.19 3.97 3.50 3.18 3.03 2.90 2.75 2.64 2.56 2.47 2.31 2.17 2.09 2.03 2.02 2.17 2.08 2.18 2.32 2.24 1.87 1.33 0.85 0.49 0.24 0.19 0.17 0.10 0.36 0.99 1.60 1.95 2.14 2.29 2.44 2.59 2.69 2.74 2.82 3.00 3.36 3.78 4.09 4.06 3.67 3.09 2.73 2.59 2.59 2.71 2.79 2.85 2.88 2.79 2.66 2.58 2.60 2.79 3.15 3.73 4.05 3.97 3.65 3.49 3.57 3.81 4.06 4.29 4.47 4.54 4.60 4.52 4.25 3.89 3.61 3.62 3.65 3.40 2.88 2.28 1.87 1.71 1.70 1.74
4.40 4.02 3.45 3.17 3.10 3.04 2.88 2.68 2.57 2.55 2.53 2.42 2.29 2.13 2.02 2.00 2.01 2.05 1.94 1.52 0.94 0.48 0.19 0.07 0.14 0.24 0.26 0.42 0.79 1.25 1.64 1.82 1.95 2.11 2.29 2.47 2.52 2.57 2.72 3.03 3.45 3.85 4.02 3.80 3.35 2.90 2.63 2.53 2.54 2.63 2.76 2.88 2.98 2.93 2.79 2.61 2.52 2.60 2.99 3.54 3.70 3.39 3.00 2.84 2.90 3.16 3.52 3.86 4.19 4.47 4.67 4.71 4.54 4.37 4.27 4.11 3.73 3.10 2.41 1.92 1.70 1.62 1.58 1.59
4.33 3.84 3.19 2.99 2.98 2.97 2.82 2.60 2.48 2.49 2.54 2.50 2.38 2.22 2.12 2.03 1.93 1.78 1.43 0.96 0.64 0.53 0.29 0.27 0.24 0.47 0.75 1.00 1.20 1.38 1.50 1.53 1.56 1.65 1.80 1.96 2.10 2.28 2.59 3.02 3.46 3.78 3.77 3.43 3.01 2.67 2.43 2.39 2.43 2.48 2.58 2.77 2.86 2.79 2.63 2.40 2.25 2.31 2.77 3.29 3.33 2.92 2.58 2.55 2.71 2.91 3.06 3.18 3.37 3.61 3.81 3.95 4.05 4.15 4.18 3.98 3.40 2.65 2.17 1.95 1.80 1.58 1.43 1.52
3.82 3.54 3.17 3.00 2.85 2.67 2.45 2.31 2.21 2.20 2.25 2.28 2.24 2.15 2.09 1.98 1.78 1.50 1.21 1.30 0.89 0.88 0.88 0.91 1.00 1.21 1.43 1.59 1.67 1.66 1.65 1.61 1.54 1.51 1.57 1.72 1.96 2.22 2.57 3.02 3.39 3.52 3.27 2.71 2.18 1.93 1.92 2.04 2.18 2.33 2.46 2.60 2.62 2.46 2.29 2.13 2.03 2.16 2.61 3.05 3.06 2.68 2.46 2.52 2.70 2.79 2.71 2.58 2.56 2.67 2.71 2.83 3.09 3.41 3.55 3.49 3.20 2.79 2.46 2.23 1.85 1.50 1.46 1.72
3.38 3.42 3.38 3.18 2.84 2.46 2.22 2.09 1.95 1.88 1.92 2.02 2.09 2.08 2.02 1.91 1.70 1.47 1.62 1.31 1.43 1.52 1.63 1.73 1.82 1.95 2.08 2.14 2.16 2.14 2.06 1.93 1.78 1.70 1.74 1.90 2.11 2.34 2.66 3.02 3.25 3.14 2.63 1.93 1.59 1.62 1.79 2.00 2.21 2.36 2.45 2.47 2.36 2.14 2.03 2.00 2.01 2.19 2.56 2.92 2.96 2.76 2.61 2.59 2.59 2.45 2.22 2.07 2.08 2.16 2.19 2.25 2.45 2.72 2.82 2.96 3.10 3.10 2.89 2.44 1.91 1.74 1.98 2.31
3.50 3.68 3.75 3.45 3.02 2.54 2.24 2.06 1.84 1.64 1.57 1.68 1.85 1.97 1.96 1.85 1.71 1.59 1.61 1.73 1.96 2.19 2.39 2.53 2.62 2.64 2.62 2.57 2.49 2.40 2.28 2.15 2.05 2.03 2.08 2.21 2.40 2.60 2.87 3.12 3.13 2.79 2.18 1.70 1.68 1.96 2.27 2.53 2.64 2.60 2.50 2.40 2.21 2.02 1.98 2.00 2.03 2.21 2.55 2.92 3.04 2.93 2.67 2.44 2.22 2.00 1.81 1.75 1.86 1.97 2.00 2.10 2.22 2.35 2.39 2.60 2.91 3.15 3.19 2.98 2.66 2.68 2.97 3.16
3.83 3.94 3.87 3.50 3.06 2.63 2.29 2.02 1.74 1.45 1.26 1.25 1.45 1.69 1.84 1.81 1.70 1.69 1.83 2.13 2.44 2.74 2.97 3.13 3.18 3.15 3.07 2.93 2.75 2.55 2.35 2.21 2.22 2.35 2.54 2.69 2.84 3.03 3.25 3.36 3.19 2.75 2.28 2.16 2.45 2.84 3.14 3.22 3.09 2.76 2.52 2.36 2.19 2.01 2.00 2.01 2.03 2.22 2.60 3.06 3.20 2.98 2.56 2.17 1.86 1.68 1.64 1.68 1.80 1.87 1.88 1.96 2.08 2.15 2.21 2.40 2.65 2.97 3.31 3.65 3.86 3.91 3.89 3.79
4.14 4.02 3.61 3.14 2.70 2.33 2.09 1.85 1.54 1.23 1.05 0.98 1.05 1.32 1.62 1.72 1.64 1.68 1.92 2.25 2.56 2.81 2.98 3.10 3.15 3.17 3.15 3.07 2.95 2.78 2.55 2.38 2.39 2.58 2.81 3.03 3.24 3.46 3.64 3.71 3.57 3.26 3.08 3.11 3.36 3.61 3.64 3.41 3.04 2.67 2.44 2.33 2.18 2.01 1.99 2.01 2.06 2.31 2.77 3.22 3.28 2.97 2.50 2.10 1.79 1.64 1.64 1.71 1.79 1.83 1.76 1.76 1.91 2.07 2.15 2.30 2.49 2.75 3.22 3.79 4.25 4.32 4.11 3.74
