project/data/elevation/US_DEM2016/US_DEM2016_point_11-01-2019_0715_30m_ang.asc
ncols	125
nrows	167
xllcorner	-2042055.000000
yllcorner	1465035.000000
cellsize	30.000000
NODATA_value	-9999.000000
[rows 0 to 42 of 167, columns 0 to 95 of 125]
332 327 320 318 313 315 323 329 333 338 344 347 344 338 340 345 349 351 347 335 330 331 335 341 345 346 348 348 326 281 276 296 317 330 328 268 246 261 280 294 303 309 314 317 322 328 329 325 326 330 333 338 343 346 345 345 348 347 344 342 339 331 319 322 328 332 337 340 338 336 337 338 339 335 329 328 327 324 325 332 341 342 333 332 337 344 348 345 321 302 316 326 330 329 327 329
332 327 320 318 313 315 323 329 333 338 344 347 344 338 340 345 349 351 347 335 330 331 335 341 345 346 348 348 326 281 276 296 317 330 328 268 246 261 280 294 303 309 314 317 322 328 329 325 326 330 333 338 343 346 345 345 348 347 344 342 339 331 319 322 328 332 337 340 338 336 337 338 339 335 329 328 327 324 325 332 341 342 333 332 337 344 348 345 321 302 316 326 330 329 327 329
335 330 327 327 319 311 313 319 325 332 341 348 343 334 335 343 351 355 354 338 328 328 332 339 345 348 356 3 332 290 296 305 316 329 339 320 284 275 277 285 296 307 315 317 320 328 334 331 328 328 331 336 342 346 345 343 345 346 345 345 343 337 325 319 320 324 331 336 337 337 338 340 342 340 332 325 322 318 316 325 339 339 329 328 335 346 354 355 330 309 314 323 328 330 329 328
337 335 335 339 334 316 302 301 305 312 328 345 343 325 322 335 352 3 2 339 326 324 327 336 345 356 22 44 346 307 310 313 317 330 344 347 340 331 306 287 295 308 318 319 319 325 332 333 330 326 327 333 340 345 343 336 334 337 338 342 345 345 338 324 310 304 308 318 326 331 334 339 347 349 339 323 315 308 300 303 324 327 319 320 330 352 12 16 338 313 312 318 324 327 327 326
332 334 337 342 343 331 310 295 291 293 305 334 344 324 312 324 349 5 359 335 323 323 328 338 349 13 49 42 335 314 315 319 325 333 341 344 345 347 348 327 305 305 313 315 315 318 323 326 326 324 326 333 341 345 344 332 321 316 316 323 333 343 348 342 318 293 284 287 294 303 313 323 337 346 336 322 314 306 295 293 308 313 308 309 322 358 26 20 334 315 314 317 320 321 321 322
328 331 338 341 344 343 328 307 290 283 284 310 336 323 311 320 348 4 354 329 317 319 331 347 5 41 51 7 327 318 321 325 331 338 341 341 343 348 354 348 321 300 298 302 305 309 312 315 318 320 325 334 344 350 347 337 332 329 324 315 310 322 346 353 330 300 288 283 278 276 277 277 276 295 310 314 316 313 304 303 307 304 298 294 305 358 31 11 331 318 319 320 319 317 315 312
324 329 337 341 345 347 341 327 306 287 278 288 313 313 308 318 345 4 354 325 309 312 331 2 28 47 23 341 325 320 320 323 331 339 341 340 341 346 352 354 342 320 302 295 295 296 299 303 306 311 319 331 346 356 353 345 344 345 345 338 315 289 289 323 324 318 315 311 304 294 283 286 305 313 317 321 324 325 322 321 318 306 296 287 286 334 21 354 327 319 319 319 316 314 310 293
322 327 336 343 348 349 344 338 326 310 296 291 298 302 302 309 338 7 359 326 304 304 329 15 43 32 352 333 327 321 317 319 327 335 338 339 341 345 349 353 351 343 329 312 297 294 296 300 303 307 315 328 343 353 354 350 350 354 2 4 351 303 290 308 319 325 329 331 331 327 314 313 323 328 327 330 333 332 332 336 332 317 308 299 288 311 353 330 319 319 317 313 311 313 331 295
319 325 337 345 350 348 341 337 335 332 325 317 306 299 294 296 324 13 3 326 307 306 330 32 46 359 332 329 330 325 319 318 324 331 335 338 341 344 347 350 351 349 345 339 327 312 308 309 310 311 317 327 338 341 341 342 348 5 29 32 0 334 322 317 317 322 331 338 344 342 327 319 324 328 327 329 332 334 337 341 338 327 325 301 322 328 338 317 314 318 317 309 306 333 14 347
314 321 337 348 352 346 339 335 336 340 340 335 324 309 292 283 293 8 353 326 316 322 355 38 11 333 324 325 327 327 324 322 324 327 330 333 336 339 343 347 348 348 348 349 343 327 315 312 313 315 321 333 338 331 310 295 298 85 83 351 333 335 334 325 316 319 329 341 350 344 323 318 322 327 327 326 327 333 341 343 339 335 336 344 350 353 340 314 310 318 321 310 315 348 348 340
307 312 332 346 350 345 339 338 340 344 345 342 338 329 307 285 279 322 331 324 324 340 16 20 344 328 325 323 324 327 325 322 321 323 324 321 322 326 334 340 342 343 346 349 348 334 318 311 312 316 325 342 350 351 325 258 226 195 321 325 326 332 337 331 317 317 326 341 354 344 321 318 323 329 332 330 327 332 343 347 341 337 338 348 5 15 347 308 303 315 330 327 331 339 339 337
299 303 317 334 343 343 340 340 344 348 349 347 347 346 333 319 309 309 314 319 327 351 17 3 336 328 328 326 322 323 321 316 313 315 315 306 304 310 319 326 330 333 338 344 347 339 323 314 313 315 326 346 359 12 12 283 257 292 314 321 326 330 336 337 324 316 322 337 351 345 326 320 323 330 335 334 328 328 337 338 327 322 322 336 7 27 0 301 293 311 332 334 335 336 336 336
305 304 306 317 329 334 336 339 345 349 351 353 354 355 350 348 343 319 304 308 322 356 9 344 330 325 324 322 316 313 310 302 294 290 290 291 292 294 297 303 311 317 324 334 340 338 329 320 317 318 327 342 357 15 5 348 331 317 315 319 324 329 335 339 333 322 320 331 344 344 331 323 324 331 336 335 324 308 293 290 294 298 300 311 344 14 7 320 298 311 326 330 333 335 336 336
316 317 317 312 311 318 324 330 337 339 343 349 355 357 357 359 1 342 306 293 301 358 340 319 320 316 311 309 301 288 280 273 274 294 297 290 282 274 277 287 294 301 307 319 329 330 329 326 326 331 336 339 338 340 343 346 342 326 316 317 322 326 333 338 338 331 327 330 339 341 334 328 329 333 337 330 310 303 309 311 314 317 319 323 336 354 4 346 313 308 317 322 325 329 332 332
317 322 330 322 307 298 297 299 299 300 307 321 335 345 352 2 14 10 328 286 257 288 310 305 304 297 287 291 305 305 291 289 307 332 336 322 307 301 300 301 302 302 303 308 314 321 325 329 334 343 348 343 334 332 337 345 346 332 319 318 321 325 331 336 338 337 335 334 336 337 335 333 336 338 331 327 325 324 323 323 326 331 335 335 338 348 4 360 323 303 306 313 315 319 324 325
312 318 332 334 315 291 280 279 283 287 290 293 301 303 313 348 24 29 10 316 276 303 314 317 320 316 303 311 333 346 344 327 320 329 340 341 340 336 328 324 324 324 322 318 315 317 322 330 340 351 354 344 331 330 336 345 348 334 323 320 321 324 330 335 338 340 341 339 335 335 336 340 346 342 332 332 334 331 325 321 324 332 338 339 340 349 6 12 335 301 301 308 309 311 317 320
309 312 326 335 323 301 296 299 304 308 308 309 316 310 298 313 29 42 32 3 327 319 322 333 344 341 329 326 334 342 345 335 321 322 332 339 343 343 337 331 331 333 332 326 320 318 322 331 341 349 351 343 332 332 338 346 346 333 325 323 322 323 328 333 338 341 343 341 335 333 337 347 352 345 337 337 340 337 329 323 324 329 335 339 344 353 8 18 352 305 298 303 306 312 326 332
316 320 330 334 324 317 318 322 324 327 329 332 339 341 327 317 11 45 28 353 333 325 325 334 343 342 335 331 331 335 340 339 329 322 325 331 338 342 340 334 331 332 333 328 321 316 317 326 335 342 345 340 333 332 339 347 344 333 326 324 324 324 327 331 336 340 343 341 331 329 337 348 350 343 338 340 344 343 337 331 327 328 331 338 348 357 5 16 3 318 297 298 306 319 334 335
321 327 341 334 321 320 325 329 333 337 341 344 350 358 0 360 4 26 4 333 328 328 328 332 338 338 336 335 332 331 334 338 337 332 328 328 333 339 341 337 331 330 331 330 322 311 305 311 323 334 341 339 332 331 337 348 343 332 326 325 325 326 328 330 333 338 341 340 332 326 333 343 346 341 338 341 345 345 343 339 334 330 332 339 350 358 0 6 3 340 311 302 310 322 329 329
320 327 341 328 318 320 326 332 337 342 347 351 357 9 18 21 19 12 339 320 321 328 330 333 337 337 336 336 336 331 329 333 337 338 335 331 331 336 340 338 332 329 330 333 330 319 308 308 316 327 336 338 334 331 336 344 340 329 325 324 324 327 329 329 328 332 338 341 338 324 322 333 339 339 338 341 344 344 344 344 340 336 335 341 351 356 354 355 359 356 336 313 310 317 319 321
327 331 333 324 319 322 328 334 339 345 351 355 0 13 25 30 31 13 331 318 321 328 331 334 337 339 337 337 338 334 328 329 334 338 337 333 329 331 336 338 335 330 331 342 339 329 321 318 319 325 332 335 335 335 337 340 335 328 324 323 324 325 324 318 315 316 324 335 336 317 306 313 324 330 333 337 339 338 339 343 342 339 341 345 350 353 354 355 1 8 356 320 306 307 310 313
340 337 333 327 324 325 330 335 339 346 351 354 359 13 29 39 40 11 328 318 324 329 331 334 337 338 338 338 339 336 330 327 330 334 335 331 324 323 330 337 336 333 346 346 332 328 324 322 323 327 331 334 336 339 341 338 333 328 325 323 325 321 304 285 280 276 267 275 300 297 290 289 296 305 313 321 324 323 325 331 333 336 342 349 351 353 356 358 7 19 7 324 305 305 309 317
332 332 332 329 327 329 334 335 338 345 350 354 0 12 32 48 42 358 325 318 321 326 328 330 332 334 337 338 339 337 331 326 326 329 330 322 313 313 321 336 340 343 348 334 328 326 323 323 325 328 330 334 337 341 343 339 333 330 328 326 324 306 290 285 281 275 272 281 299 300 288 279 277 279 284 294 302 307 313 318 317 321 335 347 353 354 355 354 8 24 8 324 308 310 317 321
320 324 328 328 329 333 337 336 339 345 350 356 5 17 38 52 29 341 324 316 312 316 320 324 323 324 330 335 337 336 333 328 322 317 312 303 298 293 290 339 345 339 335 328 326 325 323 324 326 327 329 332 336 340 342 339 335 335 334 331 324 310 311 313 312 312 314 317 323 325 310 287 272 266 265 273 285 293 305 313 309 308 317 335 350 354 353 352 4 17 6 329 308 309 315 317
309 313 319 322 326 335 338 336 338 344 349 356 8 23 40 41 1 328 324 319 310 312 317 320 319 316 320 328 333 335 336 336 330 296 281 279 271 271 333 336 333 332 330 327 326 325 324 325 327 328 328 329 332 334 335 334 336 342 344 338 330 325 324 325 326 327 327 330 334 337 333 314 291 276 271 271 274 275 281 295 300 301 305 318 339 354 356 357 4 14 12 343 310 303 308 309
302 304 308 311 319 333 337 334 337 341 345 353 3 17 24 20 340 322 325 327 323 325 327 326 321 315 316 322 329 335 348 24 57 318 301 295 294 319 340 336 329 327 327 327 326 325 325 328 331 332 330 325 323 322 322 325 334 346 348 343 337 332 328 328 329 330 332 334 336 337 338 335 321 310 307 298 284 273 271 279 285 291 298 304 324 346 357 359 5 15 17 357 320 306 307 309
301 302 303 302 308 326 338 341 343 345 347 353 2 8 18 348 335 321 324 328 330 331 329 327 322 316 314 320 331 355 52 45 2 343 337 333 328 330 336 335 329 325 325 325 324 323 324 328 335 340 337 327 317 311 310 317 330 341 343 341 339 335 330 327 328 330 334 337 336 336 339 339 333 327 328 324 311 301 295 290 285 286 292 296 305 330 350 356 2 12 17 0 328 311 310 311
303 304 305 301 302 316 333 346 351 352 353 356 3 9 17 12 338 317 318 323 327 328 326 323 318 311 309 321 18 62 25 353 344 340 340 340 337 333 333 335 333 325 322 323 322 321 322 326 336 346 346 340 329 314 309 315 326 332 335 337 338 335 332 330 331 332 335 338 338 339 343 342 334 331 332 333 329 325 322 316 304 292 288 291 295 311 336 352 358 8 16 1 329 310 307 308
308 310 312 306 302 305 320 342 354 356 357 359 5 14 23 21 344 314 310 313 318 322 320 314 306 294 283 223 70 9 342 336 338 337 336 339 340 337 333 334 334 327 322 321 321 321 321 322 331 343 347 347 343 330 316 317 324 327 330 334 335 335 335 336 338 339 338 336 338 343 347 343 335 334 337 336 334 335 336 336 329 310 290 285 289 298 318 341 356 5 12 5 335 310 303 302
312 317 322 316 306 300 306 329 349 356 357 358 4 18 36 10 342 314 307 303 305 310 307 291 268 240 201 175 327 328 326 327 332 334 333 335 337 337 334 332 332 328 322 320 321 323 323 319 324 335 342 346 350 347 335 324 322 324 328 330 331 333 336 339 343 344 342 339 340 345 347 342 336 335 338 337 337 340 345 347 346 334 307 285 282 287 299 323 346 1 7 6 351 324 306 302
311 317 329 329 316 304 300 314 340 354 358 359 2 16 37 341 334 314 308 300 288 272 232 200 199 201 152 324 302 306 311 316 320 322 325 327 329 333 332 329 329 328 323 320 324 331 330 321 317 324 334 341 349 356 349 332 321 320 324 325 325 327 332 338 344 345 343 342 343 346 347 346 342 338 336 336 340 346 352 352 349 347 333 305 286 282 286 298 324 350 2 6 4 345 317 313
305 310 324 332 326 311 302 306 325 348 359 4 7 18 32 15 333 314 307 298 271 280 24 63 354 324 351 350 316 294 290 293 297 300 306 311 315 322 324 324 326 325 323 322 328 339 341 329 315 314 324 334 345 360 356 338 321 317 318 318 317 319 326 332 335 337 338 341 343 345 348 348 346 342 338 338 344 352 353 352 348 347 345 332 311 295 286 284 292 320 349 6 14 1 326 316
300 300 305 318 322 313 303 301 310 330 353 7 14 22 29 15 332 311 305 322 340 57 43 11 350 335 341 348 340 312 284 275 279 282 287 292 297 307 315 320 322 322 321 322 328 340 347 336 316 309 314 323 339 2 1 342 323 316 315 312 311 314 323 327 323 324 329 334 338 341 346 347 345 342 340 342 350 354 349 349 349 347 344 339 332 322 309 297 287 285 305 353 21 6 320 310
307 305 304 309 314 310 301 296 299 307 330 4 19 25 31 24 338 304 309 41 15 341 350 354 344 336 338 345 350 343 329 320 316 306 298 297 299 304 310 315 319 319 318 318 318 328 339 335 319 308 306 312 331 1 4 343 323 316 314 311 308 310 323 325 316 311 315 321 323 330 340 339 334 334 338 345 353 354 349 350 352 347 338 335 338 339 335 325 311 293 288 316 10 1 310 299
318 319 323 325 326 323 313 300 295 296 305 343 17 27 34 34 10 320 28 7 330 339 345 347 343 338 339 343 349 352 348 341 338 332 321 316 311 309 310 314 317 319 318 312 309 315 326 333 328 316 307 306 322 357 6 342 323 317 313 311 309 311 325 331 320 305 300 304 305 317 338 330 315 320 332 342 347 350 351 354 354 345 336 335 340 344 346 345 337 324 319 328 355 2 322 294
318 323 332 339 341 343 336 320 303 294 294 310 0 29 38 43 29 334 316 323 327 334 339 342 342 340 340 343 348 353 353 346 339 334 331 326 320 317 315 316 320 324 325 320 320 324 328 333 336 331 318 307 318 352 5 341 325 318 314 313 312 312 326 338 332 315 296 293 295 307 337 333 307 308 329 334 333 341 349 355 354 343 337 339 344 348 351 349 344 341 341 343 353 6 354 309
313 319 333 343 349 355 356 344 324 301 288 289 320 26 44 51 29 325 344 316 321 326 330 334 336 337 338 343 348 354 357 350 336 330 331 331 328 325 322 320 323 331 337 330 325 327 330 334 341 346 332 311 314 348 5 341 325 320 316 317 314 313 325 342 347 337 309 291 287 292 331 338 308 304 328 329 322 328 341 350 351 344 341 344 349 354 351 343 340 342 344 347 355 8 9 338
308 313 328 340 347 357 5 2 350 315 277 269 276 10 57 59 10 315 307 308 310 313 317 322 326 328 332 337 344 353 359 354 337 326 326 328 329 328 324 321 324 334 342 335 326 327 333 337 344 353 342 314 308 340 4 340 325 321 318 320 317 317 326 343 356 357 334 303 285 283 318 339 311 305 324 328 317 317 329 341 345 343 342 348 356 356 345 337 337 341 343 346 355 8 16 1
304 308 322 336 341 349 1 8 8 346 324 282 271 211 355 58 341 36 302 297 296 296 300 307 314 317 322 329 336 348 357 354 342 330 324 325 327 328 326 322 324 334 341 337 329 328 335 342 347 354 346 317 304 330 358 337 324 322 320 319 318 319 328 341 360 6 352 319 287 277 297 329 310 306 321 330 316 309 315 328 337 336 339 350 358 349 340 337 340 345 348 350 355 9 24 18
301 304 317 332 337 338 345 1 4 352 337 329 319 335 339 335 40 324 17 294 283 286 296 306 313 316 321 324 327 339 351 353 346 338 331 328 328 330 329 325 324 330 340 338 332 330 338 347 351 351 349 330 312 326 348 332 321 320 321 317 314 317 327 336 355 2 358 335 291 272 278 304 301 301 317 334 319 304 304 316 331 325 329 345 351 344 339 339 343 349 353 357 3 16 32 27
301 304 318 333 340 340 344 354 353 347 345 353 19 55 341 59 358 332 337 326 307 306 310 313 316 317 321 324 322 328 340 347 345 339 334 330 329 331 331 329 329 331 336 335 332 332 339 349 356 354 354 349 333 328 333 321 313 316 320 315 310 314 325 326 331 337 348 347 319 292 281 287 290 293 310 335 321 301 297 311 334 323 321 334 339 339 340 342 346 350 355 2 12 24 38 34
304 309 324 337 343 345 347 351 349 345 350 11 39 33 345 322 322 336 352 351 336 328 325 324 322 321 322 324 322 321 330 338 340 338 334 331 331 332 332 332 334 335 332 329 327 330 339 350 355 356 359 4 0 342 319 309 306 309 316 314 311 316 329 333 335 337 343 347 342 331 312 291 282 281 292 322 315 297 293 311 342 325 315 320 326 332 340 346 348 349 353 1 14 32 45 45
307 312 327 338 342 345 346 347 347 349 1 29 48 6 333 327 329 338 350 349 339 333 332 332 331 329 330 329 324 322 325 330 335 336 335 334 332 331 330 331 336 340 334 322 318 323 336 346 346 350 0 13 21 6 323 309 309 311 315 314 315 325 335 338 341 344 344 345 348 350 344 315 287 273 268 281 294 288 284 303 339 325 312 312 314 321 335 348 351 353 357 5 17 38 55 48
