project/data/elevation/US_DEM2016/US_DEM2016_point_10-28-2019_1755_30m_vel.asc
ncols	125
nrows	167
xllcorner	-2042055.000000
yllcorner	1465035.000000
cellsize	30.000000
NODATA_value	-9999.000000
[rows 38 to 75 of 167, columns 0 to 83 of 125]
4.92 4.46 3.50 2.85 2.39 2.05 1.80 1.52 1.27 1.12 1.06 0.99 0.91 0.95 1.23 1.44 1.46 1.51 1.66 1.92 2.11 2.19 2.23 2.31 2.47 2.67 2.84 2.95 2.96 2.90 2.82 2.79 2.85 2.98 3.20 3.57 3.92 4.06 4.11 4.14 4.03 3.76 3.59 3.62 3.77 3.78 3.50 3.02 2.64 2.42 2.36 2.38 2.30 2.10 2.02 2.06 2.19 2.55 3.12 3.57 3.55 3.03 2.49 2.13 1.88 1.75 1.70 1.76 1.89 1.94 1.77 1.69 1.94 2.28 2.28 2.27 2.39 2.63 2.97 3.34 3.58 3.64 3.47 3.10
5.00 4.33 3.09 2.37 1.97 1.71 1.49 1.26 1.15 1.18 1.25 1.22 1.07 1.35 1.38 1.26 1.40 1.49 1.54 1.58 1.55 1.54 1.60 1.75 2.03 2.38 2.64 2.83 2.91 2.93 2.98 3.05 3.15 3.33 3.70 4.15 4.34 4.32 4.30 4.31 4.23 3.94 3.70 3.58 3.54 3.41 3.09 2.73 2.47 2.30 2.30 2.38 2.35 2.13 2.03 2.11 2.32 2.69 3.05 3.30 3.17 2.63 2.05 1.73 1.55 1.45 1.44 1.55 1.75 1.87 1.73 1.65 1.95 2.33 2.32 2.19 2.26 2.50 2.79 2.90 2.78 2.73 2.78 2.78
4.84 4.11 2.83 2.11 1.81 1.63 1.49 1.39 1.41 1.54 1.66 1.66 1.48 1.27 1.65 1.24 1.40 1.49 1.47 1.36 1.32 1.40 1.58 1.82 2.13 2.42 2.61 2.74 2.83 2.95 3.13 3.31 3.56 3.95 4.43 4.77 4.82 4.69 4.48 4.23 4.05 3.66 3.37 3.25 3.16 3.13 3.05 2.96 2.85 2.77 2.68 2.59 2.43 2.17 2.02 2.08 2.30 2.57 2.73 2.81 2.71 2.27 1.72 1.46 1.33 1.27 1.33 1.50 1.69 1.81 1.75 1.73 2.05 2.41 2.37 2.13 2.12 2.38 2.68 2.64 2.35 2.26 2.43 2.78
4.53 3.91 2.81 2.18 1.97 1.87 1.77 1.73 1.81 1.97 2.06 1.97 1.73 1.58 1.47 1.46 1.53 1.57 1.56 1.53 1.62 1.80 1.99 2.16 2.32 2.47 2.54 2.63 2.82 3.04 3.33 3.62 4.07 4.55 4.89 5.04 4.98 4.74 4.40 4.01 3.63 3.26 2.96 2.78 2.78 2.81 2.90 2.97 3.05 3.09 3.04 2.79 2.47 2.14 1.94 1.94 2.07 2.17 2.19 2.32 2.34 2.01 1.58 1.41 1.39 1.40 1.48 1.56 1.63 1.72 1.79 1.88 2.16 2.46 2.39 2.04 2.01 2.40 2.72 2.55 2.21 2.11 2.25 2.73
4.28 3.80 2.92 2.41 2.21 2.10 2.01 2.03 2.19 2.32 2.28 2.05 1.78 1.70 1.68 1.72 1.77 1.82 1.90 2.03 2.21 2.39 2.52 2.60 2.64 2.66 2.67 2.78 3.03 3.27 3.59 3.98 4.52 4.89 4.92 4.78 4.61 4.30 3.88 3.46 3.10 2.80 2.50 2.35 2.37 2.51 2.63 2.64 2.71 2.76 2.71 2.54 2.32 2.05 1.88 1.88 1.95 1.93 1.90 2.11 2.21 2.03 1.79 1.74 1.74 1.67 1.62 1.60 1.67 1.74 1.79 1.90 2.15 2.40 2.30 1.94 1.99 2.48 2.77 2.49 2.14 2.15 2.43 2.92
4.14 3.73 2.99 2.55 2.38 2.30 2.32 2.45 2.59 2.58 2.39 2.09 1.87 1.77 1.77 1.85 1.97 2.11 2.29 2.50 2.73 2.90 2.98 2.98 2.94 2.89 2.96 3.15 3.40 3.56 3.88 4.30 4.71 4.81 4.56 4.24 3.96 3.63 3.22 2.89 2.61 2.34 2.06 1.90 2.03 2.34 2.43 2.21 2.03 1.91 1.81 1.83 1.88 1.89 1.91 2.04 2.14 2.14 2.15 2.27 2.34 2.33 2.30 2.26 2.00 1.76 1.75 1.85 1.87 1.74 1.61 1.71 2.01 2.28 2.27 2.06 2.14 2.59 2.78 2.43 2.14 2.34 2.76 3.05
4.06 3.71 3.09 2.77 2.70 2.76 2.87 2.95 2.91 2.72 2.43 2.15 1.99 1.85 1.84 1.97 2.16 2.35 2.55 2.78 2.97 3.07 3.07 3.00 2.94 2.96 3.13 3.40 3.65 3.86 4.22 4.50 4.62 4.39 4.00 3.74 3.51 3.21 2.78 2.44 2.12 1.86 1.64 1.50 1.71 2.18 2.16 1.78 1.53 1.46 1.40 1.39 1.48 1.68 1.95 2.25 2.41 2.45 2.43 2.41 2.50 2.60 2.53 2.28 1.94 1.91 2.07 2.05 1.75 1.39 1.35 1.59 1.90 2.14 2.26 2.28 2.47 2.78 2.84 2.50 2.25 2.46 2.73 2.86
4.08 3.82 3.36 3.14 3.13 3.18 3.20 3.13 2.96 2.70 2.40 2.22 2.13 2.04 2.12 2.29 2.45 2.59 2.74 2.85 2.87 2.85 2.79 2.73 2.78 2.97 3.20 3.51 3.88 4.22 4.53 4.53 4.30 3.86 3.49 3.34 3.13 2.85 2.47 2.08 1.68 1.36 1.17 1.12 1.44 1.97 2.01 1.75 1.60 1.57 1.49 1.39 1.41 1.68 2.10 2.42 2.46 2.38 2.29 2.31 2.46 2.63 2.50 2.24 2.18 2.28 2.18 1.75 1.29 1.20 1.42 1.79 2.05 2.19 2.35 2.57 2.82 2.98 3.15 2.70 2.49 2.50 2.61 2.72
4.26 4.01 3.58 3.37 3.28 3.20 3.06 2.87 2.65 2.42 2.25 2.19 2.18 2.25 2.45 2.60 2.68 2.75 2.77 2.72 2.64 2.57 2.52 2.54 2.71 2.99 3.30 3.69 4.18 4.54 4.63 4.40 3.95 3.49 3.10 2.85 2.61 2.38 2.11 1.76 1.33 1.01 0.91 1.03 1.46 1.99 2.21 2.07 1.85 1.60 1.37 1.37 1.67 2.10 2.47 2.56 2.42 2.28 2.21 2.28 2.44 2.61 2.54 2.42 2.38 2.22 1.73 1.37 1.35 1.65 2.03 2.27 2.41 2.51 2.68 2.92 3.12 3.13 3.09 2.99 3.31 2.71 2.76 2.88
4.49 4.18 3.63 3.31 3.11 2.94 2.72 2.46 2.19 2.02 2.01 2.02 2.00 2.17 2.39 2.52 2.59 2.61 2.55 2.48 2.43 2.40 2.40 2.47 2.67 2.98 3.35 3.88 4.43 4.68 4.47 4.02 3.68 3.27 2.75 2.39 2.13 1.93 1.76 1.52 1.18 0.97 0.99 1.31 1.70 2.21 2.45 2.14 1.60 1.22 1.23 1.64 2.34 2.87 2.97 2.81 2.60 2.45 2.38 2.38 2.46 2.62 2.59 2.45 2.24 1.93 1.73 1.84 2.22 2.64 2.91 3.01 3.06 3.11 3.23 3.41 3.51 3.47 3.42 3.37 3.09 2.91 2.96 3.06
4.60 4.26 3.55 3.12 2.88 2.65 2.40 2.12 1.87 1.74 1.81 1.85 1.81 1.94 2.09 2.18 2.28 2.31 2.30 2.27 2.24 2.24 2.28 2.37 2.55 2.86 3.29 3.96 4.60 4.67 4.22 3.70 3.43 3.05 2.43 1.99 1.80 1.63 1.44 1.25 1.07 0.94 1.07 1.37 1.67 2.15 2.36 1.92 1.38 1.31 1.78 2.70 3.48 3.68 3.47 3.11 2.83 2.62 2.53 2.54 2.60 2.69 2.68 2.55 2.51 2.61 2.95 3.37 3.72 3.97 4.06 4.10 4.12 4.13 4.16 4.25 4.27 4.16 3.97 3.67 3.24 2.98 3.01 3.05
4.61 4.26 3.44 2.94 2.72 2.50 2.24 2.00 1.80 1.71 1.82 1.87 1.92 2.01 2.07 2.12 2.16 2.17 2.15 2.11 2.07 2.07 2.12 2.23 2.42 2.73 3.25 4.07 4.73 4.57 3.93 3.48 3.24 2.86 2.28 1.83 1.62 1.38 1.07 0.90 0.87 0.80 0.94 1.18 1.51 2.02 2.28 2.01 1.77 2.10 3.09 4.07 4.40 4.16 3.68 3.22 2.90 2.70 2.66 2.76 2.84 2.92 2.96 3.12 3.44 3.88 4.36 4.76 5.01 5.14 5.19 5.22 5.24 5.25 5.21 5.15 5.03 4.81 4.41 3.85 3.34 3.04 3.00 2.97
4.68 4.25 3.37 2.85 2.65 2.42 2.19 2.04 1.91 1.91 2.05 2.16 2.28 2.35 2.36 2.33 2.26 2.15 2.04 1.96 1.94 1.95 2.02 2.14 2.34 2.72 3.41 4.33 4.79 4.36 3.51 3.22 3.05 2.68 2.29 1.96 1.62 1.23 0.87 0.80 0.84 0.90 1.14 1.41 1.77 2.25 2.61 2.66 2.81 3.50 4.46 4.86 4.64 4.03 3.51 3.12 2.85 2.71 2.65 2.70 2.82 3.01 3.23 3.58 4.03 4.41 4.69 4.92 5.07 5.16 5.24 5.30 5.36 5.37 5.30 5.14 4.94 4.70 4.36 3.96 3.57 3.26 3.03 2.87
4.79 4.28 3.32 2.83 2.60 2.33 2.11 2.03 2.01 2.07 2.23 2.44 2.60 2.63 2.56 2.42 2.24 2.04 1.90 1.85 1.85 1.88 1.95 2.09 2.36 2.85 3.63 4.49 4.67 3.95 3.11 2.91 2.78 2.52 2.29 2.06 1.68 1.34 1.12 1.11 1.29 1.58 1.91 2.22 2.57 3.05 3.58 3.95 4.38 4.88 5.13 4.92 4.26 3.55 3.15 2.88 2.63 2.44 2.32 2.28 2.46 2.77 3.22 3.61 3.92 4.02 3.93 3.85 3.82 3.91 4.03 4.18 4.23 4.22 4.12 3.96 3.85 3.71 3.60 3.53 3.44 3.35 3.19 2.89
4.78 4.21 3.23 2.71 2.45 2.21 2.05 1.97 1.99 2.10 2.21 2.43 2.58 2.57 2.42 2.18 1.94 1.77 1.69 1.66 1.68 1.75 1.86 2.10 2.48 3.01 3.74 4.40 4.37 3.54 2.82 2.66 2.54 2.35 2.18 1.87 1.65 1.56 1.53 1.73 2.03 2.38 2.72 3.10 3.62 4.26 4.82 5.09 5.21 5.18 4.93 4.35 3.69 3.14 2.83 2.61 2.33 2.08 1.97 2.00 2.25 2.62 3.07 3.45 3.51 3.21 2.89 2.66 2.61 2.65 2.73 2.82 2.80 2.70 2.63 2.53 2.52 2.48 2.48 2.54 2.70 2.85 2.87 2.81
4.60 4.06 3.11 2.55 2.27 2.10 2.02 1.93 1.95 2.06 2.06 2.14 2.20 2.12 1.94 1.71 1.53 1.44 1.40 1.40 1.46 1.60 1.84 2.23 2.69 3.16 3.75 4.21 4.09 3.42 2.81 2.62 2.49 2.29 1.98 1.61 1.57 1.62 1.73 2.03 2.38 2.74 3.12 3.63 4.38 5.09 5.42 5.38 5.00 4.55 4.09 3.61 3.18 2.85 2.64 2.46 2.20 1.99 2.00 2.15 2.42 2.69 2.99 3.27 3.15 2.73 2.44 2.37 2.41 2.41 2.31 2.16 2.03 1.93 1.86 1.80 1.80 1.76 1.66 1.61 1.69 1.80 1.85 1.91
4.34 3.89 3.05 2.51 2.21 2.01 1.88 1.76 1.73 1.83 1.78 1.70 1.60 1.46 1.32 1.20 1.13 1.10 1.11 1.23 1.44 1.69 2.03 2.46 2.88 3.32 3.79 4.11 4.01 3.60 3.08 2.73 2.48 2.20 1.77 1.38 1.43 1.50 1.66 1.91 2.26 2.68 3.17 3.91 4.85 5.38 5.36 4.77 3.95 3.48 3.21 3.00 2.82 2.65 2.53 2.41 2.22 2.09 2.21 2.39 2.55 2.65 2.80 2.99 2.93 2.70 2.55 2.51 2.45 2.27 2.00 1.79 1.72 1.68 1.58 1.54 1.57 1.46 1.23 1.08 1.13 1.28 1.41 1.51
4.15 3.81 3.14 2.62 2.28 1.96 1.68 1.46 1.38 1.46 1.44 1.31 1.10 1.01 0.98 0.91 0.87 0.90 1.05 1.34 1.66 2.00 2.35 2.70 3.09 3.54 3.93 4.15 4.09 3.77 3.19 2.70 2.37 2.04 1.63 1.29 1.35 1.48 1.63 1.82 2.14 2.62 3.28 4.28 5.15 5.33 4.80 3.87 3.16 2.82 2.65 2.54 2.47 2.44 2.38 2.28 2.13 2.07 2.20 2.27 2.24 2.22 2.36 2.65 2.89 2.92 2.79 2.58 2.21 1.83 1.54 1.48 1.54 1.53 1.44 1.43 1.50 1.41 1.20 1.08 1.88 1.49 1.83 1.96
4.14 3.90 3.35 2.83 2.40 2.02 1.68 1.46 1.34 1.37 1.34 1.20 1.04 1.04 1.06 1.04 1.02 1.15 1.43 1.75 2.08 2.43 2.75 3.10 3.50 3.90 4.12 4.22 4.17 3.82 3.13 2.69 2.46 2.16 1.81 1.60 1.66 1.82 1.92 2.07 2.35 2.84 3.68 4.76 5.25 4.97 4.02 3.12 2.58 2.34 2.23 2.14 2.12 2.14 2.12 2.01 1.88 1.83 1.85 1.74 1.62 1.63 1.95 2.54 3.08 3.16 2.82 2.30 1.81 1.50 1.44 1.50 1.50 1.37 1.22 1.37 1.57 1.69 1.24 1.28 1.57 2.18 2.72 2.71
4.32 4.06 3.46 2.93 2.50 2.16 1.94 1.79 1.65 1.57 1.47 1.37 1.33 1.37 1.47 1.55 1.67 1.90 2.14 2.39 2.69 3.04 3.36 3.71 4.07 4.26 4.26 4.28 4.29 4.00 3.48 3.14 2.94 2.63 2.29 2.15 2.21 2.33 2.44 2.58 2.81 3.26 4.14 5.04 5.12 4.32 3.28 2.46 2.02 1.88 1.84 1.77 1.78 1.88 1.92 1.81 1.66 1.55 1.44 1.36 1.40 1.59 2.05 2.79 3.33 3.20 2.55 1.94 1.63 1.63 1.79 1.82 1.55 1.18 1.02 1.12 1.28 1.38 1.55 1.97 2.64 3.34 3.52 3.23
4.55 4.14 3.30 2.78 2.46 2.28 2.17 2.03 1.85 1.69 1.54 1.50 1.59 1.75 1.99 2.24 2.52 2.81 3.05 3.26 3.53 3.76 4.01 4.30 4.47 4.40 4.30 4.38 4.44 4.17 3.73 3.39 3.12 2.80 2.53 2.40 2.42 2.53 2.70 2.89 3.12 3.56 4.38 4.91 4.60 3.55 2.60 1.96 1.61 1.54 1.53 1.39 1.43 1.70 1.82 1.74 1.65 1.57 1.55 1.67 1.89 2.21 2.66 3.22 3.45 3.08 2.35 1.96 1.99 2.18 2.25 1.95 1.40 1.03 1.09 1.40 1.70 2.01 2.50 3.18 3.83 4.02 3.67 2.91
4.69 4.08 3.02 2.50 2.30 2.21 2.14 1.99 1.82 1.65 1.46 1.45 1.64 1.95 2.31 2.67 3.03 3.40 3.71 3.96 4.08 4.18 4.36 4.52 4.49 4.33 4.31 4.48 4.46 4.01 3.36 2.93 2.62 2.42 2.37 2.36 2.40 2.52 2.69 2.92 3.21 3.64 4.26 4.47 3.88 2.82 2.06 1.60 1.35 1.34 1.27 1.05 1.14 1.56 1.76 1.81 1.85 1.89 2.03 2.21 2.47 2.87 3.33 3.66 3.52 3.07 2.53 2.48 2.71 2.77 2.42 1.82 1.38 1.42 1.82 2.25 2.69 3.18 3.76 4.25 4.36 3.99 3.28 2.56
4.69 4.03 2.85 2.26 2.03 1.84 1.74 1.69 1.66 1.54 1.31 1.25 1.44 1.77 2.12 2.46 2.84 3.16 3.41 3.61 3.79 4.00 4.21 4.25 4.08 3.98 4.20 4.48 4.33 3.72 3.07 2.60 2.28 2.17 2.29 2.43 2.56 2.68 2.77 2.89 3.09 3.39 3.83 3.92 3.37 2.38 1.72 1.44 1.36 1.36 1.24 1.05 1.14 1.56 1.81 2.00 2.16 2.30 2.46 2.61 2.91 3.47 3.96 4.08 3.69 3.22 3.00 3.10 3.24 3.08 2.58 2.12 2.09 2.61 3.21 3.69 4.13 4.50 4.70 4.62 4.19 3.51 2.85 2.31
4.63 3.90 2.64 2.03 1.69 1.41 1.25 1.26 1.40 1.35 1.08 0.93 0.99 1.21 1.46 1.68 1.97 2.17 2.24 2.39 2.83 3.34 3.59 3.48 3.21 3.38 4.00 4.40 4.15 3.51 3.08 2.87 2.70 2.57 2.55 2.59 2.65 2.70 2.70 2.68 2.72 2.93 3.38 3.60 3.18 2.30 1.78 1.72 1.74 1.72 1.66 1.59 1.62 1.83 1.97 2.12 2.34 2.61 2.88 3.23 3.73 4.27 4.48 4.26 3.76 3.37 3.38 3.60 3.67 3.49 3.29 3.29 3.65 4.16 4.55 4.84 5.04 5.04 4.79 4.29 3.68 3.09 2.59 2.15
4.39 3.63 2.41 1.78 1.44 1.18 0.99 0.99 1.19 1.16 0.90 0.64 0.56 0.70 0.85 0.98 1.16 1.35 1.57 1.89 2.36 2.78 2.87 2.62 2.52 3.02 3.94 4.33 3.96 3.17 2.89 2.89 2.91 2.91 2.78 2.59 2.43 2.38 2.29 2.22 2.27 2.67 3.30 3.65 3.37 2.81 2.49 2.48 2.48 2.43 2.37 2.26 2.16 2.15 2.09 2.12 2.32 2.68 3.20 3.86 4.42 4.62 4.42 3.90 3.33 3.17 3.50 3.81 3.88 3.83 3.95 4.25 4.61 4.83 4.92 4.95 4.87 4.58 4.10 3.60 3.16 2.72 2.33 2.21
4.02 3.40 2.29 1.64 1.33 1.14 0.98 0.99 1.13 1.09 0.89 0.62 0.48 0.61 0.73 0.79 0.93 1.23 1.66 2.10 2.51 2.72 2.57 2.33 2.44 3.15 4.08 4.29 3.72 2.80 2.49 2.48 2.55 2.64 2.59 2.34 2.04 1.89 1.86 1.89 2.12 2.75 3.58 3.96 3.73 3.32 3.14 3.08 3.01 2.90 2.66 2.40 2.27 2.25 2.19 2.22 2.44 2.87 3.52 4.13 4.34 4.13 3.66 3.05 2.76 2.96 3.50 3.78 3.66 3.62 3.84 4.12 4.30 4.32 4.24 4.08 3.80 3.42 3.10 2.82 2.51 2.20 1.91 1.68
3.76 3.29 2.36 1.72 1.41 1.22 1.11 1.16 1.14 1.09 1.00 0.84 0.81 0.89 0.92 0.95 1.10 1.45 1.92 2.33 2.64 2.77 2.65 2.53 2.81 3.59 4.28 4.25 3.52 2.57 2.18 2.08 2.04 2.06 2.12 2.07 1.92 1.82 1.86 2.05 2.48 3.25 3.99 4.20 3.85 3.37 3.19 3.18 3.11 2.88 2.52 2.26 2.20 2.27 2.30 2.40 2.67 3.18 3.75 3.97 3.68 3.16 2.72 2.37 2.46 2.97 3.55 3.62 3.21 3.07 3.22 3.33 3.30 3.26 3.18 2.97 2.63 2.30 2.09 1.96 1.73 1.50 1.28 1.11
3.63 3.21 2.41 1.86 1.54 1.32 1.28 1.33 1.25 1.23 1.25 1.28 1.34 1.38 1.39 1.43 1.58 1.84 2.18 2.54 2.79 2.94 3.03 3.12 3.44 4.11 4.52 4.27 3.49 2.55 2.09 1.90 1.73 1.68 1.86 2.09 2.24 2.37 2.51 2.71 3.14 3.75 4.21 4.21 3.70 3.17 3.04 3.05 2.92 2.70 2.48 2.33 2.29 2.34 2.38 2.52 2.82 3.31 3.69 3.52 2.95 2.49 2.17 2.05 2.31 2.91 3.48 3.39 2.85 2.64 2.67 2.61 2.48 2.39 2.28 2.13 1.82 1.49 1.23 1.08 0.93 0.70 0.54 0.42
3.54 3.12 2.34 1.83 1.54 1.38 1.42 1.44 1.45 1.55 1.69 1.80 1.82 1.82 1.85 1.94 2.07 2.21 2.45 2.82 3.08 3.30 3.54 3.76 4.09 4.62 4.82 4.40 3.60 2.78 2.35 2.12 1.94 1.92 2.10 2.38 2.66 2.91 3.06 3.20 3.44 3.82 4.10 4.00 3.51 3.03 2.88 2.78 2.57 2.41 2.36 2.34 2.34 2.37 2.45 2.65 3.01 3.39 3.43 2.95 2.35 2.06 1.86 1.84 2.18 2.91 3.44 3.21 2.61 2.33 2.21 2.07 1.97 1.86 1.69 1.48 1.19 0.84 0.67 0.69 0.64 0.50 0.44 0.43
3.48 3.04 2.24 1.73 1.46 1.40 1.45 1.47 1.59 1.81 2.05 2.18 2.25 2.31 2.37 2.43 2.52 2.65 2.83 3.14 3.38 3.62 3.81 4.10 4.57 5.05 5.01 4.43 3.61 3.01 2.73 2.60 2.53 2.48 2.50 2.57 2.68 2.81 2.89 2.98 3.20 3.57 3.82 3.72 3.31 2.87 2.64 2.40 2.11 1.97 2.00 2.10 2.23 2.37 2.47 2.78 3.11 3.19 2.80 2.20 1.84 1.71 1.63 1.80 2.32 3.07 3.33 2.91 2.29 1.99 1.82 1.67 1.60 1.46 1.22 0.99 0.76 0.54 0.59 0.76 0.80 0.63 0.49 0.60
3.40 2.92 2.08 1.61 1.41 1.39 1.36 1.33 1.41 1.64 1.90 2.14 2.40 2.66 2.84 2.94 3.01 3.13 3.28 3.42 3.57 3.77 3.95 4.33 4.85 5.10 4.84 4.14 3.39 2.98 2.84 2.85 2.86 2.75 2.62 2.49 2.42 2.39 2.44 2.66 3.00 3.35 3.53 3.46 3.17 2.78 2.44 2.06 1.74 1.58 1.58 1.72 1.99 2.20 2.41 2.67 2.78 2.50 1.89 1.57 1.48 1.42 1.55 1.95 2.48 2.93 2.97 2.51 1.95 1.66 1.51 1.34 1.23 1.08 0.84 0.69 0.67 0.66 0.62 0.64 0.65 0.55 0.60 1.04
3.26 2.72 1.84 1.49 1.42 1.43 1.32 1.17 1.08 1.13 1.31 1.66 2.18 2.70 3.08 3.32 3.44 3.54 3.60 3.63 3.74 3.95 4.18 4.57 4.88 4.82 4.32 3.69 3.07 2.72 2.61 2.63 2.64 2.58 2.53 2.43 2.32 2.31 2.47 2.76 3.02 3.19 3.26 3.30 3.20 2.83 2.34 1.84 1.46 1.32 1.37 1.55 1.85 2.19 2.24 2.28 2.07 1.58 1.22 1.22 1.23 1.20 1.47 1.88 2.19 2.45 2.54 2.26 1.76 1.43 1.28 1.14 1.02 0.90 0.71 0.61 0.59 0.74 0.43 0.55 0.76 0.95 1.25 1.80
3.06 2.48 1.69 1.47 1.50 1.52 1.38 1.22 1.02 0.91 1.01 1.31 1.90 2.58 3.12 3.45 3.63 3.74 3.81 3.87 3.98 4.20 4.49 4.77 4.77 4.40 3.82 3.23 2.73 2.38 2.23 2.17 2.17 2.22 2.35 2.42 2.43 2.48 2.65 2.86 2.97 2.99 3.06 3.25 3.23 2.75 2.06 1.51 1.34 1.45 1.71 1.96 2.10 2.15 2.07 1.85 1.45 1.12 1.05 1.11 1.10 1.13 1.36 1.65 1.88 2.17 2.36 2.17 1.72 1.41 1.24 1.05 0.83 0.65 0.53 0.43 0.37 0.49 0.82 1.20 1.52 1.80 2.13 2.77
2.84 2.33 1.66 1.53 1.62 1.62 1.49 1.39 1.28 1.22 1.30 1.57 2.04 2.61 3.09 3.41 3.60 3.79 3.96 4.13 4.31 4.55 4.83 4.94 4.66 4.06 3.45 2.95 2.53 2.27 2.16 2.11 2.03 2.01 2.15 2.34 2.43 2.48 2.60 2.75 2.74 2.68 2.82 3.13 3.10 2.44 1.77 1.61 1.84 2.21 2.52 2.59 2.47 2.28 2.06 1.83 1.62 1.51 1.49 1.44 1.40 1.45 1.63 1.87 2.18 2.47 2.55 2.34 2.03 1.78 1.54 1.19 0.75 0.45 0.38 0.48 0.72 1.14 1.60 2.11 2.61 3.04 3.47 4.24
2.65 2.20 1.66 1.63 1.76 1.72 1.61 1.60 1.72 1.93 2.16 2.41 2.71 2.98 3.21 3.46 3.68 3.94 4.11 4.34 4.63 4.85 5.02 4.93 4.45 3.76 3.26 2.95 2.71 2.61 2.58 2.50 2.33 2.21 2.23 2.32 2.38 2.44 2.52 2.48 2.35 2.31 2.58 3.01 3.04 2.57 2.32 2.54 2.87 3.05 3.04 2.83 2.54 2.35 2.24 2.20 2.20 2.21 2.20 2.20 2.23 2.36 2.58 2.89 3.14 3.12 2.82 2.50 2.22 1.93 1.52 1.02 0.64 0.54 0.72 1.06 1.44 1.97 2.63 3.48 4.27 4.81 5.27 5.82
2.49 2.12 1.70 1.75 1.87 1.81 1.75 1.84 2.18 2.66 3.10 3.43 3.59 3.58 3.62 3.81 4.04 4.29 4.43 4.58 4.82 4.97 4.95 4.67 4.08 3.52 3.21 3.08 2.99 2.95 2.91 2.82 2.67 2.57 2.49 2.43 2.42 2.43 2.35 2.20 2.15 2.28 2.62 3.08 3.25 3.09 3.01 3.12 3.17 3.04 2.82 2.57 2.42 2.37 2.32 2.32 2.34 2.41 2.55 2.71 2.88 3.13 3.39 3.54 3.43 2.99 2.40 2.14 1.95 1.55 1.07 0.74 0.71 0.94 1.34 1.77 2.27 3.05 4.11 5.17 5.88 6.26 6.38 6.33
2.38 2.09 1.79 1.89 1.95 1.86 1.81 2.03 2.61 3.31 3.86 4.18 4.26 4.24 4.25 4.37 4.55 4.74 4.79 4.66 4.75 4.69 4.60 4.21 3.68 3.32 3.16 3.08 3.00 2.93 2.85 2.74 2.61 2.50 2.41 2.35 2.33 2.28 2.18 2.17 2.28 2.44 2.73 3.18 3.42 3.24 2.88 2.71 2.53 2.31 2.13 2.04 2.12 2.21 2.15 2.10 2.16 2.29 2.48 2.68 2.94 3.22 3.31 3.11 2.59 1.93 1.54 1.60 1.56 1.22 0.93 0.92 1.18 1.60 2.09 2.58 3.23 4.28 5.44 6.12 6.34 6.25 5.97 5.56
2.32 2.08 1.90 2.03 2.06 1.98 2.01 2.45 3.27 3.91 4.23 4.33 4.39 4.51 4.67 4.87 5.04 5.11 4.94 4.63 4.38 4.21 4.01 3.71 3.40 3.20 3.05 2.92 2.82 2.76 2.67 2.52 2.29 2.12 2.08 2.16 2.19 2.14 2.09 2.10 2.13 2.25 2.61 3.14 3.37 3.04 2.50 2.18 2.01 1.87 1.78 1.75 1.82 1.93 1.96 2.01 2.12 2.22 2.32 2.48 2.73 2.86 2.63 2.04 1.40 1.04 1.11 1.43 1.47 1.30 1.29 1.51 1.94 2.50 3.10 3.67 4.41 5.42 6.05 6.06 5.51 4.75 4.16 3.83
