project/data/elevation/US_DEM2016/US_DEM2016_point_10-27-2019_2135_30m_ang.asc
ncols	125
nrows	167
xllcorner	-2042055.000000
yllcorner	1465035.000000
cellsize	30.000000
NODATA_value	-9999.000000
[rows 56 to 111 of 167, columns 0 to 95 of 125]
54 50 43 38 34 30 27 28 27 21 15 32 38 40 42 43 45 45 44 42 41 42 43 44 46 48 50 53 55 53 46 39 33 28 28 27 28 30 34 38 41 44 47 51 52 51 47 42 38 39 45 45 38 29 23 17 14 19 28 36 43 48 54 59 60 59 56 53 53 54 55 56 58 61 64 68 73 71 64 59 55 50 44 37 12 22 21 20 18 20 19 18 21 24 25 25
51 47 39 35 32 29 26 25 22 17 25 19 28 34 36 38 39 40 39 38 38 39 40 41 43 44 46 50 53 49 41 34 29 23 18 16 21 26 31 35 39 44 50 55 56 53 49 44 39 39 45 46 41 32 25 20 19 25 34 41 45 48 52 58 61 60 57 53 52 50 48 48 49 51 53 55 57 56 52 48 44 39 35 24 24 19 18 16 15 17 17 17 20 22 25 27
49 46 39 35 32 29 28 26 22 16 11 16 24 28 30 32 32 33 33 33 34 35 36 38 40 41 43 48 50 46 38 32 28 23 15 11 16 23 28 33 38 44 52 57 59 55 51 47 43 41 46 47 42 34 26 21 23 30 36 38 41 43 47 53 58 58 55 51 48 45 43 43 44 47 47 46 45 43 39 36 35 34 31 28 23 19 17 15 13 14 15 14 17 22 28 33
49 45 39 35 32 30 30 29 25 18 23 13 20 26 25 27 29 29 30 30 31 33 35 37 39 40 43 48 49 45 39 35 30 24 15 10 14 21 27 32 38 45 53 59 60 57 54 51 48 45 46 46 42 34 24 20 23 30 34 35 37 39 42 48 52 52 50 46 44 41 40 41 41 41 40 38 35 32 30 30 31 32 31 27 24 20 17 14 11 12 13 12 17 26 32 37
48 45 39 35 32 32 33 33 29 21 14 13 19 23 25 27 30 31 32 33 34 35 37 39 40 42 46 50 50 44 39 36 31 23 13 7 12 20 25 31 38 47 55 60 60 57 54 52 49 44 40 40 37 28 19 17 22 28 32 35 36 37 38 43 46 46 45 44 41 39 37 36 34 33 32 30 27 26 26 28 32 33 31 28 6 20 18 14 10 11 11 11 18 28 33 34
48 46 41 36 34 34 36 37 33 27 20 19 25 30 32 35 39 42 45 46 46 45 46 46 46 48 53 56 53 45 38 34 29 21 10 4 10 19 25 32 40 49 56 59 58 51 46 44 40 34 29 27 25 19 12 13 20 26 30 32 33 33 35 39 43 44 44 43 40 35 32 29 27 27 27 26 25 26 28 31 34 34 32 29 25 22 20 15 9 10 11 12 20 28 28 27
51 49 43 38 34 34 36 38 37 32 29 32 40 48 51 51 52 56 59 62 64 64 61 57 54 56 61 62 57 46 39 35 30 23 12 4 9 20 28 34 41 49 55 57 53 44 37 34 31 26 22 20 18 13 9 11 18 25 28 30 30 31 34 38 42 45 46 45 41 34 30 27 25 26 28 29 29 30 33 35 36 36 34 23 27 25 23 17 10 10 12 14 22 25 21 22
53 50 43 37 34 32 34 36 36 34 35 41 49 57 63 65 63 58 58 62 68 73 72 65 59 61 64 64 59 48 40 36 33 28 19 11 13 24 32 38 43 49 54 55 50 41 35 32 30 25 21 19 17 12 8 10 17 23 27 30 31 34 37 40 43 48 51 49 44 37 33 31 30 31 34 37 37 38 39 41 41 40 38 35 14 360 26 20 12 11 13 16 22 20 14 18
52 49 40 33 30 30 31 32 32 33 37 42 47 53 57 60 64 51 50 53 59 65 69 67 62 62 64 64 59 50 41 37 35 32 24 17 17 26 33 37 42 49 54 55 50 42 37 35 32 28 25 21 16 11 7 10 16 22 28 32 35 38 41 42 45 52 56 54 48 42 40 39 39 40 43 46 46 45 46 47 48 46 44 42 38 4 30 23 16 14 14 18 21 17 11 16
51 47 38 31 28 27 28 28 27 30 35 39 43 46 49 50 49 45 44 47 51 55 59 60 59 61 62 61 55 47 39 35 33 31 23 15 16 23 28 33 39 48 55 56 52 45 40 38 35 32 28 22 15 10 7 10 16 22 30 36 38 40 42 43 48 56 61 59 52 48 46 46 47 49 51 52 53 52 53 56 56 54 53 50 46 41 33 26 20 16 15 17 21 18 12 15
50 46 37 30 27 25 24 22 22 26 30 34 38 42 45 47 47 44 41 42 45 49 51 52 53 57 58 55 49 42 35 31 27 23 14 7 11 19 24 30 38 48 55 57 54 48 43 41 38 34 31 24 16 9 6 10 17 23 32 38 39 42 43 45 51 60 63 61 55 52 51 51 51 53 56 59 59 58 60 64 65 63 61 58 53 46 36 26 20 15 14 17 20 20 16 16
48 44 36 30 27 24 20 17 28 22 26 30 34 38 42 44 46 44 40 39 42 45 47 49 50 52 53 50 45 38 33 28 24 17 7 1 6 17 25 32 41 50 56 58 56 51 47 44 40 37 34 28 19 8 5 9 18 27 35 40 42 43 43 46 53 60 64 63 59 57 57 55 55 56 58 62 63 62 59 66 69 53 61 56 52 47 39 26 17 11 11 15 19 21 19 16
46 43 36 31 27 23 18 15 17 21 24 28 32 35 38 41 44 44 40 37 40 43 46 47 48 49 49 48 43 38 33 29 25 19 8 1 5 17 27 35 43 51 56 58 57 54 49 46 42 39 37 33 22 9 2 7 21 33 40 43 45 43 43 47 54 62 65 65 64 64 64 63 63 62 62 63 64 63 62 63 64 61 55 50 48 45 38 25 12 6 6 12 17 20 20 16
45 42 36 31 27 22 19 19 22 27 28 28 31 33 35 38 41 43 41 37 39 42 45 48 49 48 48 46 43 39 35 32 29 23 13 5 4 15 26 34 42 50 55 57 57 53 48 44 43 41 39 34 23 5 3 10 29 41 45 48 49 47 47 52 58 64 67 67 67 69 70 70 70 69 66 62 61 61 57 56 55 52 47 44 43 40 33 21 7 0 1 8 15 20 21 19
44 41 35 31 26 21 19 23 30 36 38 36 34 34 35 36 39 41 42 37 36 41 45 48 49 47 46 45 43 41 38 35 31 26 17 7 3 12 23 33 41 48 53 56 57 53 47 44 42 39 34 28 20 8 7 16 35 45 49 52 53 53 55 59 62 64 65 64 63 63 64 64 64 64 62 58 54 52 50 49 48 44 39 36 35 31 24 15 6 1 1 7 14 19 22 23
43 40 34 29 24 20 19 25 32 38 41 43 41 38 37 37 38 41 42 38 35 37 42 46 47 45 44 43 42 40 37 34 30 25 18 7 2 9 22 32 40 47 53 57 58 54 47 42 37 31 27 23 18 10 12 17 30 38 43 47 49 50 53 56 57 57 57 57 56 54 53 53 53 53 52 50 47 46 45 43 40 35 30 28 27 23 18 14 11 7 6 9 14 20 25 27
42 38 32 27 22 18 19 24 30 34 38 40 40 39 38 37 37 39 40 38 33 34 40 44 45 43 42 41 38 36 33 29 25 21 16 7 1 8 21 32 40 47 54 59 59 53 43 36 31 26 25 24 20 12 8 13 22 28 34 37 38 39 41 43 45 46 49 52 53 52 50 50 50 48 46 44 42 41 40 37 32 27 23 23 23 21 18 18 18 15 11 12 16 22 27 28
41 37 31 25 20 17 18 22 27 30 33 34 35 34 35 35 35 36 38 37 33 33 39 43 43 42 41 39 37 35 32 28 24 20 15 7 2 7 21 32 39 45 52 57 57 51 42 35 31 28 28 27 23 14 7 10 17 24 29 32 33 34 35 37 40 43 47 53 55 55 53 51 49 46 43 40 37 36 34 30 25 21 21 23 26 25 23 24 24 22 17 16 18 23 26 25
39 35 28 22 18 17 19 22 24 26 28 30 31 31 32 33 33 33 35 35 34 35 40 44 44 42 40 40 39 37 35 30 26 23 18 10 3 7 19 29 35 42 50 56 57 53 46 41 39 36 34 31 26 17 8 10 16 22 28 31 32 34 36 40 44 47 51 56 58 57 54 51 48 44 40 36 33 32 31 28 23 21 23 28 32 33 29 28 28 26 23 21 21 24 24 22
37 33 25 18 15 17 21 21 21 22 25 29 31 31 31 31 30 31 34 36 36 38 42 45 46 43 41 40 41 40 38 34 29 26 22 12 4 7 17 27 35 42 51 57 59 56 51 47 45 42 37 32 27 19 10 10 16 22 28 32 35 38 41 45 50 52 55 58 58 56 53 49 46 42 37 31 28 29 31 30 28 29 31 36 39 38 33 28 26 26 26 24 23 24 22 21
32 29 23 16 12 15 19 19 20 22 28 33 34 34 33 32 31 32 34 36 38 40 43 46 47 45 41 39 41 42 39 35 31 27 22 13 6 7 17 29 37 44 52 58 60 57 52 47 43 40 35 31 26 17 9 8 16 22 27 33 38 42 45 48 51 53 54 55 55 53 50 45 41 36 31 26 24 27 31 33 34 37 42 45 46 42 36 30 24 22 23 23 22 21 21 21
26 25 21 14 10 13 18 22 25 30 35 37 38 37 36 35 34 34 34 37 39 42 44 47 48 47 43 37 40 42 40 36 31 26 21 15 9 9 17 29 36 43 52 59 61 60 54 49 45 42 37 32 25 15 4 5 14 20 25 32 40 43 44 46 47 48 48 49 48 46 43 39 34 30 27 24 24 28 32 35 35 35 38 43 44 42 37 31 25 21 21 20 19 19 20 22
19 21 22 16 10 14 22 28 34 34 36 37 38 37 37 36 35 35 34 36 39 42 45 48 50 51 46 38 38 41 40 37 33 29 24 19 14 12 18 29 37 45 53 61 64 64 61 56 52 48 41 33 24 11 360 0 11 19 25 34 41 42 40 41 42 43 42 41 40 39 38 36 32 28 28 28 29 32 35 36 35 34 35 35 35 34 31 29 25 22 20 17 16 17 19 22
14 18 22 17 13 17 25 30 31 32 33 34 35 35 35 36 35 34 34 35 39 42 45 49 53 54 51 43 40 43 43 40 37 33 29 24 17 16 21 32 42 48 54 61 64 65 64 59 53 45 36 27 19 9 358 357 9 21 31 40 43 41 38 39 39 38 36 35 35 36 38 39 35 32 33 35 37 38 39 38 36 35 35 35 32 29 25 22 21 20 18 15 14 16 18 20
13 17 19 16 14 18 24 27 28 30 31 32 33 34 35 36 37 35 34 36 39 42 46 50 54 56 55 49 47 49 48 44 41 38 34 26 17 18 23 33 40 45 49 55 59 61 60 55 47 38 29 22 17 11 0 357 8 23 33 39 41 39 37 37 37 34 33 33 35 39 43 45 43 38 39 41 42 42 41 38 36 37 38 38 35 29 24 18 14 14 15 13 12 13 15 17
17 17 13 11 14 18 22 25 27 29 29 31 33 35 37 39 39 38 36 37 40 43 46 50 55 57 57 55 54 57 57 52 46 42 37 28 19 18 22 29 34 37 41 46 52 55 55 50 42 34 28 23 19 12 2 357 14 17 25 30 32 33 34 34 34 34 33 35 39 43 49 51 48 41 40 43 44 43 42 39 35 36 40 40 38 33 25 18 11 10 12 12 9 10 13 16
20 16 9 8 13 18 22 24 26 28 29 32 36 38 39 40 41 40 38 39 42 45 47 51 55 58 58 56 54 56 58 56 50 42 37 25 17 15 20 25 30 33 36 42 48 52 52 49 43 35 30 25 19 11 2 356 9 11 19 25 27 30 32 34 35 36 35 36 41 46 52 54 50 43 40 43 45 45 43 40 36 34 39 42 41 36 29 19 11 8 11 11 7 8 13 18
19 15 8 8 13 19 22 24 26 28 31 35 39 40 40 41 43 42 39 39 44 47 49 53 56 58 57 54 49 46 47 45 40 34 27 19 13 14 19 24 28 32 36 41 47 52 53 50 44 35 28 22 17 10 2 356 7 9 15 22 26 29 33 36 39 38 34 35 40 47 53 56 54 48 43 45 47 47 45 43 40 35 36 43 43 39 32 22 12 9 11 11 8 10 18 28
18 14 8 8 13 19 22 24 27 30 34 39 41 41 41 42 44 44 42 42 46 48 50 54 56 56 55 52 45 38 37 36 32 25 19 11 8 11 17 22 28 33 37 42 48 52 53 51 43 34 27 23 18 12 4 357 355 1 11 19 24 29 35 40 44 39 31 33 39 47 54 57 57 53 50 52 54 52 50 47 45 40 36 41 45 42 35 26 16 12 14 15 14 17 27 36
18 12 5 7 13 18 22 25 29 33 37 41 42 42 42 43 45 47 46 46 47 47 49 51 53 53 53 50 43 37 35 34 31 25 14 3 1 8 16 23 29 34 37 42 48 52 53 50 43 35 29 25 21 14 5 356 353 359 8 16 24 31 38 44 47 41 30 32 40 48 54 57 56 52 50 55 61 62 59 55 52 46 41 40 46 44 37 30 23 18 19 20 21 23 28 34
17 10 3 4 12 18 23 28 32 36 39 42 43 43 42 44 47 49 49 49 47 46 46 48 50 51 52 50 44 39 36 35 33 28 16 0 355 5 17 26 31 35 38 43 50 55 56 53 45 38 33 28 23 18 8 358 6 356 10 17 26 34 41 47 49 44 31 31 40 48 54 55 53 48 43 45 53 59 63 55 59 54 48 45 47 45 39 33 28 25 24 24 23 22 24 28
16 9 1 3 12 20 26 32 35 38 40 42 43 43 43 44 47 48 48 47 45 45 47 49 50 52 53 52 48 43 39 37 35 31 20 5 352 3 18 27 33 37 42 47 54 60 61 58 50 43 38 32 27 22 14 2 354 356 7 17 26 35 42 48 50 46 33 28 38 47 53 55 52 46 40 37 39 43 47 50 51 51 49 47 46 44 39 35 31 27 25 25 23 21 23 26
14 9 2 4 14 23 28 33 35 38 39 41 43 43 43 39 43 43 43 43 44 45 47 49 52 54 55 54 51 46 40 36 35 33 26 14 3 3 15 27 34 40 43 48 56 64 66 63 56 50 46 40 34 28 19 7 358 357 5 15 24 33 42 48 51 48 36 26 35 46 53 56 54 47 40 36 35 35 36 36 36 37 38 38 37 35 32 30 27 25 25 24 21 20 23 26
12 9 4 6 14 22 27 32 36 38 39 41 44 45 42 40 40 41 42 42 43 45 47 50 54 57 58 57 53 48 41 36 34 35 31 21 9 5 13 26 34 38 41 47 56 64 66 64 59 55 51 44 37 29 19 7 358 356 2 12 22 32 42 50 53 51 39 26 32 45 54 58 57 50 42 38 37 36 35 33 32 31 31 31 29 27 25 22 21 22 23 21 18 19 21 23
12 9 5 7 13 21 27 33 38 40 42 44 48 49 42 45 47 48 47 45 45 47 49 52 56 59 61 60 57 52 45 39 34 35 33 26 14 8 14 25 32 36 39 45 54 60 62 59 54 49 43 36 28 21 14 6 358 354 0 11 22 32 43 52 56 54 43 27 30 45 56 61 60 54 46 43 42 41 38 36 34 33 31 30 28 25 22 19 18 20 21 16 13 15 19 22
12 9 5 6 12 20 29 36 41 44 46 48 50 51 52 55 58 58 55 53 52 52 52 53 55 58 61 62 61 57 52 44 35 32 32 27 17 11 15 25 31 35 37 43 50 55 56 53 47 40 34 27 21 17 14 8 0 355 359 12 23 33 44 54 58 57 47 30 29 44 57 63 63 58 50 48 50 49 45 41 40 39 36 33 30 27 25 22 21 22 21 14 10 13 21 28
13 10 5 6 12 22 32 39 44 46 48 47 47 48 51 55 58 59 59 59 58 57 55 52 52 55 58 59 58 55 49 43 34 27 27 25 18 13 17 25 30 33 36 40 47 51 52 50 44 38 32 27 22 19 17 12 4 358 2 14 25 35 46 56 60 58 49 32 27 40 56 63 64 60 53 52 56 56 53 49 48 47 43 39 35 32 30 29 27 25 22 16 11 15 26 35
15 11 6 6 14 26 36 43 47 48 47 44 44 45 48 50 52 53 53 53 53 52 50 48 50 53 55 54 51 46 41 36 30 23 20 20 16 14 18 24 28 31 34 39 46 50 52 50 45 39 34 30 26 22 18 13 7 2 5 16 27 35 46 56 59 57 48 34 25 36 54 62 63 60 55 57 64 65 62 59 57 55 52 47 44 41 38 35 31 28 24 19 14 19 28 33
17 14 9 10 20 33 43 48 50 49 45 42 43 44 45 45 45 44 43 42 42 41 41 43 48 53 55 52 48 44 40 35 31 25 19 15 12 12 17 22 26 29 34 40 46 51 53 51 47 41 36 33 29 24 19 13 9 6 7 15 25 33 43 53 57 56 48 35 25 31 49 59 61 59 57 61 70 73 72 70 69 65 59 53 48 43 40 36 32 29 26 21 17 19 24 29
19 16 14 17 26 38 45 49 49 47 42 40 40 41 41 40 39 37 36 35 36 36 38 41 47 53 57 55 52 49 46 42 36 27 18 11 7 9 15 21 26 30 36 42 49 53 55 54 49 43 38 34 30 26 22 17 13 9 7 14 24 32 42 51 56 55 49 36 24 26 43 55 58 57 56 59 65 68 70 71 72 69 63 55 46 38 34 31 30 29 27 22 18 18 24 30
21 18 17 20 25 33 38 41 42 41 38 36 36 37 37 36 35 35 34 35 36 38 39 42 47 53 56 55 53 51 48 44 37 25 14 6 2 6 14 21 27 33 39 45 51 56 59 58 53 46 41 38 34 30 27 22 17 11 9 15 25 33 42 50 54 54 48 37 22 22 38 50 54 54 54 54 56 57 60 62 62 59 55 49 39 30 28 28 27 27 25 21 17 19 25 31
22 21 19 19 22 27 31 33 35 36 34 33 33 33 34 34 34 35 37 38 41 42 43 45 48 53 54 50 45 43 41 38 32 22 11 1 358 4 14 22 29 36 42 48 53 58 62 62 57 51 48 45 39 34 30 25 19 13 10 17 26 35 44 51 55 54 49 39 25 21 33 45 49 50 50 50 49 47 49 51 47 44 41 38 31 24 24 26 25 25 24 19 16 18 23 30
24 23 20 18 18 23 27 28 30 31 30 29 29 30 32 34 36 39 40 41 43 45 46 47 51 54 52 46 41 38 37 35 32 23 12 1 356 3 14 24 32 38 44 49 53 58 61 61 56 52 50 49 42 36 30 24 18 12 11 17 26 36 46 52 56 56 52 43 30 22 27 36 44 47 47 46 43 40 40 39 35 32 31 31 27 22 22 24 23 23 23 20 16 17 23 31
27 25 20 14 14 18 21 23 25 27 28 28 28 31 34 37 39 42 42 42 42 44 46 48 52 55 54 47 42 40 39 38 35 27 16 3 356 2 15 26 32 38 42 47 51 56 59 57 52 46 44 42 37 30 24 18 14 10 11 18 27 37 45 51 54 55 53 46 34 22 19 28 37 43 44 43 40 37 36 33 30 28 29 30 27 22 22 22 21 23 23 22 19 19 26 35
29 26 20 13 9 12 17 21 24 26 28 30 31 34 37 39 42 44 44 43 42 44 46 49 54 57 56 51 48 45 44 42 39 32 21 8 360 3 15 25 30 34 39 44 50 55 58 55 49 43 40 37 32 26 19 14 11 8 10 18 27 36 43 48 51 52 51 45 35 23 14 20 32 41 44 44 41 39 36 34 32 31 33 34 30 24 21 21 21 23 23 23 21 23 29 38
30 27 21 14 7 9 15 21 25 28 31 34 37 38 40 41 44 45 45 44 44 46 48 51 57 60 58 55 52 50 48 46 42 36 26 14 4 4 12 19 25 32 38 43 49 55 58 55 49 44 41 38 35 29 21 14 9 5 8 17 26 34 41 45 48 49 49 45 37 25 14 15 28 39 45 46 46 43 41 38 37 36 37 37 32 25 20 19 21 23 24 23 22 25 31 38
31 28 23 16 12 8 16 23 28 31 35 39 42 43 44 44 43 43 42 42 43 45 48 52 57 61 60 58 56 55 54 51 47 40 30 17 6 1 7 15 23 31 38 44 50 56 58 56 52 48 46 43 40 35 26 15 9 3 5 14 24 32 39 43 46 48 49 47 41 30 17 13 24 36 44 49 51 50 46 42 40 38 38 35 31 24 19 19 21 23 23 22 22 26 31 37
31 27 22 18 14 15 18 24 29 34 40 45 48 49 49 46 41 39 38 39 40 43 46 50 54 56 56 54 54 54 53 51 48 41 29 16 4 358 4 15 25 33 40 46 52 56 58 57 53 52 51 48 45 41 32 19 9 1 1 11 22 31 38 42 45 48 49 48 43 33 20 12 20 33 43 51 54 53 50 46 43 40 37 34 30 26 22 21 22 23 22 21 22 26 31 38
27 25 21 20 18 16 18 23 30 38 46 51 54 56 55 52 46 41 40 40 41 42 45 48 51 51 49 47 45 44 43 41 38 32 23 13 2 356 3 16 26 35 42 47 52 56 58 56 53 52 52 51 50 47 38 23 9 360 358 7 19 30 38 42 45 48 49 48 44 36 24 14 16 28 40 50 54 54 52 50 47 44 41 38 35 31 27 25 25 24 22 20 22 27 32 38
24 23 23 23 22 21 21 26 35 45 53 57 57 56 56 55 54 50 47 45 44 45 47 49 50 48 46 43 39 37 35 32 30 27 21 13 4 358 2 14 25 35 42 47 52 55 56 54 51 50 49 50 51 50 40 24 8 359 356 3 16 29 37 42 45 47 48 47 45 38 27 17 14 22 37 48 53 54 52 51 50 50 50 47 43 38 33 29 27 24 20 19 22 26 31 38
24 24 25 26 25 24 27 32 41 47 51 52 51 49 48 46 45 45 46 48 49 48 49 50 49 46 44 42 39 36 34 32 30 27 23 17 9 2 1 11 24 34 41 47 51 54 55 53 51 49 48 48 48 45 36 21 7 358 355 0 13 26 36 41 44 46 47 47 45 40 30 21 16 21 33 46 53 54 53 50 48 49 51 49 44 39 33 30 28 24 19 18 21 26 31 38
26 26 26 26 25 25 28 33 38 41 42 41 40 38 37 36 34 33 36 41 43 44 47 50 48 45 46 46 43 40 38 36 33 31 27 21 13 5 2 9 22 33 40 46 51 55 54 52 50 48 46 45 45 41 34 22 9 359 354 359 10 22 33 41 45 47 47 47 46 42 35 25 21 22 29 42 52 54 53 50 45 43 44 42 38 34 30 28 27 23 19 19 23 28 34 40
29 27 25 24 22 22 25 29 31 32 32 31 30 30 30 30 28 29 31 33 36 38 43 47 46 45 47 49 48 45 44 41 38 35 31 24 17 9 4 9 21 33 41 47 52 55 54 50 47 45 43 42 43 40 34 25 13 1 355 357 6 18 31 41 47 48 49 49 49 45 39 30 24 23 27 37 49 53 53 50 46 42 42 40 36 31 27 27 26 23 21 21 26 32 37 41
30 27 23 21 19 19 22 25 26 25 24 24 25 27 30 30 28 29 31 33 36 38 42 45 44 44 48 49 48 46 46 45 42 39 33 26 19 11 6 11 24 36 44 49 53 54 51 46 43 41 41 41 42 40 34 26 17 5 358 356 3 15 29 41 48 50 50 51 51 49 43 34 27 24 26 35 46 52 53 52 49 46 44 42 38 32 27 26 27 24 22 23 27 32 36 39
29 26 22 19 17 17 20 22 22 22 22 23 25 29 33 34 32 33 35 38 41 43 45 45 44 44 48 49 47 44 44 42 40 37 33 26 19 13 9 15 27 37 43 48 51 52 48 42 39 39 41 42 43 40 34 27 20 11 3 360 2 13 26 39 47 49 51 52 53 51 45 37 30 25 26 33 43 49 53 53 51 48 45 42 39 34 27 27 27 26 24 24 27 32 35 38
27 26 23 19 15 15 18 20 20 21 23 26 30 34 38 38 37 38 41 44 47 48 47 45 43 45 49 50 47 45 43 40 37 35 32 26 18 13 12 17 26 34 40 45 49 49 45 38 37 39 42 45 45 42 36 31 25 18 11 6 5 11 24 37 45 49 51 52 53 51 45 38 32 27 26 33 41 47 52 54 53 49 44 41 39 35 29 27 28 27 26 26 28 32 36 39
