project/data/elevation/US_DEM2016/US_DEM2016_point_11-01-2019_1523_30m_vel.asc
ncols	125
nrows	167
xllcorner	-2042055.000000
yllcorner	1465035.000000
cellsize	30.000000
NODATA_value	-9999.000000
[rows 0 to 37 of 167, columns 0 to 83 of 125]
2.27 2.00 1.73 1.99 2.61 3.34 3.92 4.21 4.21 4.14 4.16 4.35 4.51 4.23 3.86 3.63 3.52 3.51 3.52 3.56 3.48 3.36 3.32 3.38 3.47 3.49 3.42 3.21 2.92 2.60 2.26 1.91 1.62 1.41 1.33 1.42 1.66 1.98 2.32 2.55 2.68 2.76 2.79 2.74 2.53 2.26 2.07 2.10 2.25 2.42 2.54 2.75 3.00 3.29 3.43 3.50 3.39 3.03 2.71 2.53 2.48 2.55 2.71 2.95 3.07 3.09 2.99 2.71 2.27 2.00 1.95 2.06 2.26 2.49 2.67 2.80 2.95 3.19 3.40 3.51 3.67 3.82 3.55 3.19
2.27 2.00 1.73 1.99 2.61 3.34 3.92 4.21 4.21 4.14 4.16 4.35 4.51 4.23 3.86 3.63 3.52 3.51 3.52 3.56 3.48 3.36 3.32 3.38 3.47 3.49 3.42 3.21 2.92 2.60 2.26 1.91 1.62 1.41 1.33 1.42 1.66 1.98 2.32 2.55 2.68 2.76 2.79 2.74 2.53 2.26 2.07 2.10 2.25 2.42 2.54 2.75 3.00 3.29 3.43 3.50 3.39 3.03 2.71 2.53 2.48 2.55 2.71 2.95 3.07 3.09 2.99 2.71 2.27 2.00 1.95 2.06 2.26 2.49 2.67 2.80 2.95 3.19 3.40 3.51 3.67 3.82 3.55 3.19
2.31 2.02 1.72 1.92 2.37 2.93 3.45 3.76 3.89 3.92 3.98 4.12 4.15 3.99 3.74 3.61 3.54 3.55 3.51 3.42 3.33 3.24 3.22 3.27 3.32 3.32 3.21 3.00 2.74 2.47 2.19 1.91 1.67 1.49 1.39 1.41 1.54 1.76 2.02 2.26 2.40 2.48 2.53 2.57 2.54 2.45 2.34 2.28 2.34 2.44 2.54 2.71 2.92 3.10 3.21 3.29 3.31 3.20 2.95 2.65 2.45 2.39 2.50 2.66 2.78 2.85 2.88 2.84 2.68 2.45 2.33 2.31 2.36 2.44 2.54 2.65 2.80 2.99 3.13 3.25 3.38 3.50 3.44 3.23
2.57 2.18 1.75 1.82 2.09 2.37 2.65 2.85 3.01 3.24 3.48 3.53 3.42 3.31 3.34 3.36 3.34 3.37 3.31 3.18 3.11 3.06 3.05 3.03 3.00 2.96 2.87 2.72 2.54 2.37 2.20 2.03 1.88 1.77 1.67 1.57 1.50 1.52 1.62 1.81 2.07 2.26 2.37 2.50 2.64 2.72 2.73 2.65 2.54 2.49 2.54 2.62 2.69 2.69 2.70 2.69 2.79 2.94 2.97 2.87 2.66 2.46 2.35 2.31 2.28 2.33 2.53 2.77 2.91 2.93 2.85 2.71 2.56 2.43 2.37 2.42 2.53 2.63 2.66 2.69 2.81 2.99 3.18 3.26
2.85 2.40 1.87 1.79 1.91 2.10 2.19 2.21 2.24 2.46 2.77 2.90 2.80 2.73 2.85 2.89 2.85 2.87 2.96 3.05 3.06 2.97 2.89 2.77 2.66 2.64 2.65 2.62 2.56 2.49 2.40 2.32 2.24 2.16 2.07 1.91 1.73 1.60 1.59 1.71 1.98 2.28 2.52 2.72 2.80 2.86 2.91 2.90 2.79 2.66 2.61 2.55 2.42 2.28 2.16 1.94 1.87 2.01 2.33 2.63 2.74 2.67 2.49 2.25 2.09 2.01 2.05 2.22 2.46 2.61 2.65 2.59 2.49 2.36 2.28 2.27 2.30 2.34 2.33 2.34 2.44 2.65 2.90 3.09
3.03 2.60 2.03 1.85 1.85 1.93 1.96 1.85 1.76 1.82 2.10 2.38 2.42 2.45 2.64 2.69 2.63 2.59 2.72 2.90 2.96 2.86 2.71 2.51 2.41 2.46 2.55 2.59 2.62 2.64 2.63 2.60 2.53 2.42 2.29 2.13 1.95 1.78 1.69 1.70 1.80 1.99 2.28 2.60 2.79 2.87 2.92 2.96 2.92 2.81 2.69 2.55 2.36 2.08 1.79 1.55 1.49 1.56 1.77 2.05 2.34 2.49 2.43 2.21 2.01 1.87 1.80 1.80 1.86 1.96 2.06 2.12 2.14 2.12 2.08 2.06 2.06 2.09 2.13 2.18 2.28 2.39 2.50 2.63
3.13 2.79 2.28 2.04 1.92 1.84 1.73 1.55 1.43 1.41 1.54 1.82 2.00 2.21 2.54 2.73 2.78 2.71 2.65 2.63 2.66 2.64 2.53 2.39 2.37 2.43 2.50 2.54 2.59 2.68 2.75 2.77 2.68 2.57 2.46 2.33 2.20 2.04 1.86 1.71 1.65 1.68 1.83 2.09 2.37 2.52 2.58 2.62 2.70 2.71 2.67 2.62 2.52 2.38 2.18 1.97 1.93 1.95 1.97 2.00 2.05 2.14 2.15 2.06 1.90 1.75 1.65 1.61 1.64 1.71 1.78 1.84 1.87 1.86 1.83 1.78 1.75 1.76 1.83 1.95 2.08 2.17 2.18 2.18
3.12 2.92 2.59 2.34 2.10 1.77 1.47 1.25 1.21 1.26 1.25 1.27 1.50 1.85 2.27 2.61 2.79 2.75 2.55 2.36 2.32 2.37 2.40 2.40 2.42 2.46 2.51 2.52 2.53 2.63 2.76 2.84 2.84 2.81 2.79 2.79 2.72 2.57 2.33 2.02 1.76 1.62 1.60 1.60 1.69 1.89 2.02 2.09 2.24 2.45 2.60 2.73 2.82 2.94 2.97 2.90 2.73 2.56 2.40 2.23 2.08 1.99 1.96 1.91 1.80 1.64 1.51 1.48 1.56 1.65 1.73 1.75 1.72 1.67 1.63 1.57 1.50 1.46 1.52 1.63 1.76 1.86 1.91 1.92
3.10 3.03 2.92 2.68 2.34 1.91 1.48 1.21 1.17 1.20 1.17 1.14 1.28 1.57 1.91 2.25 2.49 2.52 2.38 2.21 2.13 2.17 2.24 2.32 2.37 2.42 2.52 2.60 2.61 2.63 2.75 2.90 3.03 3.18 3.37 3.52 3.53 3.40 3.16 2.79 2.35 1.94 1.68 1.55 1.49 1.58 1.84 2.03 2.19 2.39 2.56 2.66 2.75 2.91 3.08 3.13 2.99 2.74 2.48 2.25 2.07 1.94 1.89 1.86 1.81 1.68 1.52 1.46 1.50 1.59 1.66 1.68 1.67 1.67 1.68 1.67 1.61 1.54 1.52 1.55 1.57 1.59 1.63 1.75
3.02 3.15 3.24 3.03 2.68 2.30 1.87 1.60 1.49 1.46 1.39 1.35 1.41 1.51 1.64 1.90 2.14 2.26 2.26 2.19 2.12 2.07 2.08 2.17 2.27 2.36 2.47 2.61 2.70 2.74 2.84 3.00 3.22 3.46 3.69 3.83 3.88 3.86 3.77 3.59 3.25 2.75 2.26 1.91 1.74 1.79 2.01 2.26 2.43 2.52 2.55 2.40 2.25 2.10 2.24 2.50 2.59 2.49 2.32 2.16 2.00 1.87 1.80 1.83 1.93 1.91 1.75 1.61 1.55 1.54 1.62 1.73 1.83 1.94 2.04 2.07 2.06 2.04 2.00 1.93 1.81 1.74 1.76 1.85
2.90 3.12 3.47 3.43 3.17 2.88 2.61 2.46 2.34 2.20 2.03 1.86 1.71 1.60 1.53 1.61 1.85 2.11 2.26 2.29 2.25 2.17 2.13 2.17 2.26 2.33 2.39 2.50 2.69 2.89 3.05 3.20 3.33 3.42 3.43 3.36 3.41 3.62 3.80 3.87 3.79 3.51 3.05 2.53 2.17 2.06 2.10 2.30 2.53 2.62 2.50 2.26 1.99 1.76 1.73 1.88 2.08 2.18 2.17 2.09 1.97 1.85 1.79 1.83 2.01 2.16 2.13 1.93 1.73 1.62 1.71 1.93 2.14 2.30 2.44 2.55 2.64 2.67 2.61 2.50 2.37 2.28 2.24 2.20
2.62 2.84 3.34 3.68 3.75 3.67 3.61 3.54 3.41 3.14 2.82 2.48 2.17 1.86 1.64 1.59 1.75 2.04 2.30 2.43 2.43 2.37 2.30 2.27 2.29 2.36 2.45 2.57 2.78 3.02 3.14 3.18 3.14 3.00 2.75 2.57 2.65 2.93 3.21 3.44 3.61 3.68 3.55 3.21 2.77 2.41 2.25 2.31 2.46 2.51 2.34 2.23 2.10 1.91 1.74 1.70 1.82 1.99 2.08 2.08 2.01 1.94 1.92 1.97 2.11 2.30 2.42 2.34 2.14 2.00 2.01 2.17 2.33 2.52 2.69 2.83 2.87 2.81 2.60 2.40 2.27 2.18 2.13 2.09
2.34 2.37 2.74 3.38 3.84 4.08 4.16 4.14 4.06 3.85 3.54 3.18 2.80 2.35 2.00 1.85 1.89 2.03 2.22 2.39 2.45 2.43 2.36 2.30 2.31 2.41 2.54 2.68 2.78 2.83 2.80 2.68 2.46 2.20 2.05 2.08 2.20 2.30 2.38 2.57 2.86 3.17 3.42 3.47 3.28 2.88 2.50 2.36 2.28 2.10 1.97 1.97 1.91 1.79 1.67 1.61 1.70 1.89 2.07 2.14 2.13 2.11 2.12 2.15 2.20 2.31 2.49 2.64 2.63 2.51 2.41 2.40 2.54 2.73 2.82 2.75 2.56 2.25 1.93 1.64 1.40 1.29 1.32 1.39
2.42 2.34 2.38 2.69 3.20 3.61 3.79 3.83 3.79 3.76 3.71 3.57 3.32 2.96 2.57 2.26 2.12 2.09 2.11 2.16 2.24 2.30 2.29 2.26 2.27 2.33 2.39 2.39 2.30 2.16 2.01 1.81 1.60 1.46 1.48 1.61 1.68 1.68 1.71 1.83 2.02 2.29 2.64 2.99 3.16 3.01 2.66 2.38 2.15 1.86 1.66 1.54 1.49 1.50 1.50 1.52 1.64 1.85 2.06 2.23 2.30 2.29 2.27 2.28 2.30 2.38 2.58 2.84 2.97 2.89 2.71 2.65 2.72 2.72 2.55 2.23 1.87 1.64 1.50 1.32 1.09 0.93 0.95 1.00
2.57 2.60 2.50 2.36 2.31 2.51 2.69 2.69 2.62 2.72 2.92 3.12 3.16 3.09 2.89 2.62 2.35 2.19 2.08 2.01 2.02 2.12 2.18 2.18 2.14 2.07 1.96 1.80 1.61 1.46 1.38 1.36 1.37 1.34 1.30 1.25 1.21 1.26 1.35 1.42 1.47 1.57 1.76 2.10 2.51 2.80 2.68 2.46 2.22 1.94 1.63 1.43 1.39 1.43 1.49 1.54 1.66 1.82 2.02 2.26 2.45 2.49 2.47 2.48 2.55 2.68 2.88 3.07 3.18 3.11 2.95 2.83 2.65 2.29 1.91 1.66 1.53 1.47 1.45 1.41 1.28 1.14 1.12 1.16
2.59 2.62 2.51 2.24 1.80 1.54 1.47 1.39 1.37 1.40 1.55 1.78 2.09 2.37 2.61 2.66 2.52 2.32 2.14 2.02 1.99 2.04 2.09 2.06 1.95 1.80 1.63 1.51 1.42 1.33 1.29 1.37 1.54 1.61 1.54 1.44 1.34 1.33 1.41 1.49 1.51 1.54 1.65 1.91 2.28 2.71 2.80 2.67 2.41 2.08 1.82 1.67 1.61 1.63 1.67 1.72 1.80 1.89 2.07 2.38 2.65 2.82 2.88 2.92 2.99 3.15 3.35 3.50 3.55 3.43 3.16 2.81 2.33 1.92 1.70 1.58 1.54 1.52 1.51 1.53 1.54 1.49 1.47 1.56
2.40 2.28 2.14 1.99 1.58 1.18 0.92 0.83 0.81 0.85 0.93 1.08 1.32 1.67 2.07 2.42 2.51 2.41 2.25 2.14 2.09 2.08 2.07 1.99 1.87 1.75 1.67 1.66 1.66 1.61 1.51 1.47 1.60 1.82 1.92 1.92 1.84 1.75 1.74 1.84 1.96 2.07 2.21 2.42 2.70 2.94 3.02 2.96 2.71 2.44 2.21 2.05 1.96 1.94 2.00 2.09 2.14 2.20 2.38 2.66 2.99 3.29 3.52 3.60 3.59 3.62 3.75 3.90 4.00 3.85 3.45 2.93 2.36 2.09 1.99 1.93 1.88 1.80 1.72 1.74 1.83 1.89 1.96 2.10
2.39 2.23 2.01 1.84 1.65 1.38 1.11 0.99 1.03 1.14 1.29 1.43 1.60 1.79 1.98 2.16 2.34 2.40 2.37 2.30 2.23 2.16 2.09 2.01 1.92 1.88 1.87 1.89 1.93 1.96 1.90 1.74 1.71 1.89 2.13 2.30 2.33 2.26 2.19 2.26 2.44 2.59 2.74 2.91 3.02 3.02 3.01 3.04 2.97 2.83 2.61 2.41 2.30 2.31 2.40 2.50 2.57 2.62 2.77 3.05 3.36 3.65 3.88 4.01 3.99 3.90 3.85 3.89 4.04 4.08 3.92 3.67 3.22 2.95 2.89 2.90 2.87 2.71 2.56 2.47 2.45 2.46 2.53 2.61
2.54 2.46 2.26 2.04 1.95 1.89 1.80 1.78 1.88 2.04 2.22 2.36 2.39 2.31 2.21 2.17 2.26 2.38 2.43 2.41 2.35 2.27 2.19 2.11 2.04 2.02 2.01 2.02 2.09 2.22 2.30 2.25 2.18 2.19 2.34 2.58 2.75 2.77 2.75 2.79 2.91 3.02 3.08 3.05 2.90 2.65 2.52 2.66 2.91 2.95 2.87 2.72 2.65 2.67 2.75 2.80 2.85 2.94 3.11 3.32 3.49 3.59 3.67 3.79 3.89 3.91 3.84 3.73 3.71 3.90 4.23 4.43 4.49 4.37 4.29 4.34 4.37 4.27 4.06 3.79 3.54 3.26 3.07 2.90
2.57 2.46 2.28 2.14 2.23 2.39 2.59 2.78 2.96 3.09 3.16 3.14 3.02 2.78 2.56 2.43 2.41 2.46 2.50 2.50 2.47 2.43 2.39 2.32 2.23 2.16 2.14 2.16 2.23 2.39 2.59 2.72 2.78 2.83 2.92 3.07 3.18 3.18 3.19 3.25 3.28 3.24 3.11 2.85 2.49 2.16 2.03 2.18 2.62 2.87 2.96 2.95 2.92 2.91 2.94 2.94 3.00 3.13 3.25 3.33 3.27 3.12 3.01 3.08 3.32 3.57 3.66 3.56 3.36 3.43 3.94 4.51 4.88 5.00 5.06 5.20 5.27 5.22 5.05 4.86 4.55 4.11 3.58 3.10
2.44 2.28 2.10 2.16 2.43 2.83 3.22 3.50 3.65 3.66 3.59 3.48 3.34 3.13 2.95 2.78 2.66 2.58 2.57 2.59 2.61 2.63 2.66 2.65 2.57 2.47 2.44 2.46 2.51 2.64 2.86 3.10 3.29 3.46 3.57 3.57 3.51 3.44 3.40 3.38 3.27 3.04 2.73 2.38 2.10 1.95 1.93 2.11 2.50 2.83 3.07 3.21 3.24 3.20 3.14 3.11 3.14 3.15 3.17 3.04 2.78 2.49 2.23 2.11 2.32 2.59 2.80 2.84 2.71 2.72 3.05 3.62 4.15 4.47 4.68 4.85 4.94 4.95 4.97 5.02 4.94 4.61 4.10 3.45
2.70 2.47 2.28 2.48 2.84 3.26 3.57 3.75 3.78 3.65 3.50 3.39 3.27 3.19 3.10 2.97 2.81 2.66 2.63 2.70 2.80 2.92 3.04 3.09 3.07 2.99 2.94 2.93 2.96 3.07 3.26 3.48 3.65 3.72 3.68 3.57 3.47 3.35 3.24 3.06 2.78 2.50 2.21 1.98 1.89 1.94 2.09 2.35 2.61 2.92 3.21 3.39 3.51 3.58 3.48 3.32 3.18 3.05 2.87 2.51 2.14 1.79 1.39 1.13 1.12 1.16 1.23 1.40 1.58 1.65 2.00 2.41 2.78 3.05 3.26 3.49 3.51 3.60 3.80 4.03 4.47 4.70 4.55 4.10
2.96 2.93 3.00 3.15 3.33 3.52 3.59 3.54 3.42 3.32 3.23 3.13 3.03 2.99 2.96 2.90 2.80 2.71 2.72 2.84 3.01 3.19 3.35 3.47 3.49 3.45 3.40 3.39 3.43 3.54 3.64 3.68 3.62 3.44 3.19 3.00 2.98 2.90 2.72 2.42 2.13 1.98 1.89 1.89 1.95 2.05 2.25 2.49 2.74 3.04 3.24 3.42 3.56 3.66 3.64 3.44 3.15 2.82 2.42 1.98 1.56 1.11 0.75 0.50 0.33 0.29 0.35 0.50 0.70 0.92 1.13 1.40 1.65 1.83 1.88 2.14 2.37 2.65 2.89 3.12 3.62 4.28 4.59 4.42
2.99 3.22 3.50 3.54 3.53 3.47 3.35 3.21 3.02 2.97 2.96 2.87 2.79 2.74 2.72 2.73 2.72 2.73 2.79 2.85 2.93 3.03 3.18 3.38 3.49 3.55 3.58 3.63 3.69 3.71 3.61 3.39 3.05 2.75 2.53 2.42 2.38 2.26 2.06 1.90 1.79 1.76 1.82 1.98 2.11 2.22 2.40 2.58 2.82 3.02 3.10 3.13 3.22 3.35 3.42 3.31 3.03 2.65 2.20 1.78 1.38 1.00 0.69 0.43 0.23 0.15 0.30 0.54 0.71 0.79 0.88 0.93 0.95 1.02 1.06 1.24 1.69 2.23 2.46 2.55 2.92 3.52 4.12 4.25
2.87 3.13 3.46 3.49 3.35 3.12 2.94 2.82 2.72 2.68 2.65 2.59 2.55 2.51 2.53 2.60 2.67 2.72 2.72 2.68 2.61 2.57 2.62 2.79 3.05 3.28 3.46 3.56 3.55 3.39 3.09 2.69 2.31 2.10 2.02 1.95 1.82 1.70 1.64 1.68 1.76 1.86 2.01 2.14 2.32 2.51 2.59 2.71 2.84 2.88 2.86 2.85 2.89 2.97 3.07 3.08 2.95 2.70 2.33 1.96 1.67 1.39 1.12 0.92 0.80 0.72 0.76 0.81 0.75 0.68 0.74 0.85 0.86 0.79 0.75 0.89 1.22 1.57 1.74 1.87 2.21 2.64 3.34 3.88
2.74 2.77 2.97 3.12 2.84 2.77 2.51 2.32 2.25 2.23 2.21 2.21 2.21 2.24 2.35 2.48 2.61 2.66 2.65 2.57 2.48 2.44 2.46 2.58 2.81 3.05 3.19 3.20 3.05 2.79 2.48 2.18 1.91 1.72 1.62 1.58 1.56 1.55 1.57 1.68 1.89 2.11 2.23 2.36 2.57 2.75 2.84 2.88 2.83 2.72 2.64 2.62 2.63 2.70 2.83 2.94 2.99 2.91 2.70 2.43 2.22 2.04 1.86 1.74 1.65 1.57 1.46 1.20 0.87 0.68 0.69 0.74 0.76 0.78 0.83 0.90 0.95 0.94 1.01 1.24 1.54 1.92 2.55 3.38
2.67 2.55 2.52 2.70 2.82 2.70 2.44 2.15 1.98 1.92 1.91 1.93 1.98 2.07 2.21 2.38 2.55 2.66 2.70 2.69 2.69 2.76 2.87 2.98 3.03 3.01 2.89 2.71 2.50 2.32 2.11 1.93 1.79 1.70 1.61 1.55 1.60 1.71 1.76 1.82 2.00 2.22 2.40 2.59 2.78 2.96 3.03 3.04 2.86 2.61 2.39 2.27 2.29 2.45 2.66 2.89 3.03 3.11 3.09 3.02 2.94 2.86 2.78 2.71 2.61 2.41 2.12 1.80 1.52 1.31 1.06 0.81 0.63 0.70 0.86 0.92 0.89 0.88 0.93 1.01 1.12 1.39 1.89 2.71
2.67 2.52 2.37 2.47 2.68 2.80 2.73 2.49 2.25 2.15 2.12 2.12 2.17 2.24 2.34 2.43 2.55 2.69 2.82 2.89 2.97 3.08 3.16 3.14 3.01 2.80 2.54 2.29 2.08 1.97 1.92 1.88 1.85 1.88 1.89 1.84 1.82 1.92 2.04 2.05 2.11 2.27 2.50 2.72 2.92 3.09 3.17 3.10 2.90 2.60 2.24 2.02 2.03 2.24 2.52 2.74 2.92 3.13 3.27 3.36 3.48 3.61 3.74 3.81 3.69 3.40 3.00 2.66 2.44 2.14 1.67 1.19 0.91 0.85 0.87 0.85 0.88 0.97 1.04 1.06 1.08 1.15 1.45 2.04
2.60 2.38 2.16 2.23 2.44 2.80 2.99 2.92 2.70 2.58 2.55 2.53 2.55 2.58 2.61 2.60 2.58 2.64 2.77 2.90 3.00 3.01 2.91 2.70 2.48 2.29 2.13 1.97 1.84 1.82 1.90 2.03 2.10 2.12 2.17 2.20 2.20 2.23 2.34 2.33 2.31 2.38 2.59 2.79 2.99 3.10 3.08 3.01 2.93 2.73 2.38 2.07 1.99 2.12 2.29 2.50 2.75 3.06 3.27 3.45 3.64 3.90 4.19 4.37 4.46 4.34 4.01 3.64 3.26 2.85 2.39 1.94 1.66 1.47 1.29 1.13 1.17 1.29 1.31 1.24 1.20 1.18 1.23 1.48
2.53 2.36 2.16 2.14 2.28 2.61 2.97 3.11 2.99 2.79 2.63 2.52 2.54 2.61 2.64 2.61 2.53 2.52 2.59 2.68 2.68 2.55 2.30 2.06 1.89 1.77 1.72 1.71 1.74 1.84 2.07 2.30 2.40 2.44 2.46 2.51 2.56 2.58 2.59 2.59 2.57 2.60 2.67 2.81 2.90 2.87 2.76 2.77 2.92 2.94 2.75 2.44 2.20 2.18 2.24 2.43 2.73 3.04 3.21 3.38 3.53 3.82 4.09 4.25 4.48 4.63 4.59 4.42 4.12 3.78 3.52 3.23 2.84 2.36 1.98 1.84 1.86 1.90 1.76 1.53 1.33 1.17 1.05 1.09
2.68 2.65 2.50 2.34 2.33 2.50 2.86 3.14 3.14 2.92 2.63 2.42 2.37 2.40 2.43 2.41 2.40 2.42 2.45 2.39 2.20 1.93 1.70 1.53 1.40 1.30 1.24 1.34 1.58 1.90 2.23 2.47 2.64 2.74 2.80 2.83 2.83 2.80 2.76 2.74 2.76 2.73 2.76 2.80 2.73 2.51 2.43 2.53 2.76 3.03 3.06 2.86 2.60 2.45 2.44 2.53 2.72 2.95 3.10 3.21 3.31 3.41 3.39 3.48 3.79 4.22 4.54 4.73 4.83 4.78 4.73 4.58 4.20 3.59 3.00 2.72 2.59 2.37 1.98 1.51 1.20 1.02 0.90 0.87
2.78 2.75 2.68 2.54 2.44 2.47 2.70 3.03 3.21 3.16 2.93 2.66 2.50 2.41 2.34 2.30 2.34 2.39 2.33 2.12 1.80 1.53 1.31 1.17 1.10 1.07 1.03 1.06 1.27 1.62 1.99 2.25 2.48 2.68 2.83 2.92 2.90 2.86 2.79 2.76 2.75 2.77 2.85 2.87 2.78 2.55 2.41 2.43 2.58 2.85 3.11 3.10 2.95 2.75 2.64 2.56 2.61 2.73 2.87 2.93 2.99 2.94 2.82 2.84 3.05 3.48 3.99 4.44 4.76 4.94 5.06 5.11 4.96 4.62 4.13 3.62 3.08 2.47 1.83 1.29 1.02 0.91 0.78 0.69
2.59 2.40 2.28 2.33 2.34 2.33 2.42 2.70 3.05 3.25 3.22 2.98 2.73 2.55 2.44 2.37 2.38 2.35 2.20 1.93 1.68 1.50 1.35 1.23 1.19 1.19 1.15 1.07 1.08 1.21 1.41 1.64 1.87 2.12 2.35 2.52 2.63 2.68 2.68 2.69 2.66 2.72 2.82 2.82 2.75 2.62 2.42 2.34 2.38 2.56 2.84 3.07 3.04 2.89 2.72 2.52 2.44 2.44 2.54 2.57 2.60 2.49 2.40 2.50 2.74 3.06 3.37 3.65 3.96 4.18 4.32 4.49 4.71 4.78 4.61 4.20 3.46 2.57 1.89 1.48 1.20 0.89 0.62 0.56
2.19 1.94 1.72 1.80 1.89 1.86 1.87 2.13 2.53 2.95 3.16 3.09 2.85 2.65 2.54 2.47 2.43 2.33 2.17 2.00 1.88 1.82 1.75 1.66 1.59 1.56 1.48 1.36 1.23 1.19 1.28 1.38 1.47 1.59 1.75 1.98 2.24 2.38 2.48 2.54 2.51 2.53 2.49 2.27 2.02 1.94 1.94 1.91 1.94 2.18 2.48 2.81 2.91 2.82 2.63 2.44 2.32 2.30 2.31 2.29 2.19 2.04 2.06 2.20 2.46 2.76 2.94 3.00 3.11 3.26 3.20 3.34 3.75 4.19 4.43 4.44 4.06 3.30 2.48 1.94 1.48 1.05 0.76 0.69
2.11 1.89 1.66 1.62 1.52 1.46 1.49 1.65 1.95 2.40 2.83 3.02 2.97 2.79 2.65 2.53 2.44 2.35 2.28 2.24 2.25 2.26 2.25 2.19 2.12 2.04 1.97 1.83 1.66 1.56 1.57 1.60 1.58 1.53 1.56 1.74 1.99 2.16 2.29 2.38 2.34 2.22 1.95 1.49 1.20 1.17 1.27 1.40 1.57 1.78 2.09 2.44 2.65 2.67 2.51 2.41 2.36 2.36 2.31 2.22 2.04 1.95 2.01 2.06 2.10 2.17 2.31 2.46 2.65 2.79 2.78 2.80 3.06 3.49 3.81 4.22 4.44 4.18 3.45 2.54 1.85 1.54 1.40 1.33
2.41 2.26 2.07 1.94 1.79 1.63 1.56 1.57 1.69 1.95 2.34 2.74 2.93 2.90 2.73 2.54 2.43 2.40 2.43 2.54 2.63 2.70 2.75 2.75 2.72 2.62 2.47 2.31 2.09 1.88 1.79 1.80 1.82 1.78 1.71 1.73 1.90 2.08 2.24 2.31 2.24 1.98 1.62 1.30 1.14 1.15 1.29 1.49 1.68 1.79 1.90 2.14 2.44 2.58 2.51 2.47 2.44 2.44 2.38 2.31 2.15 2.04 1.99 1.90 1.75 1.66 1.73 1.97 2.27 2.55 2.65 2.72 2.84 3.07 3.28 3.69 4.32 4.61 4.41 3.75 2.97 2.66 2.53 2.35
2.68 2.65 2.57 2.41 2.25 2.07 1.92 1.79 1.74 1.78 1.94 2.26 2.62 2.79 2.73 2.55 2.44 2.45 2.58 2.77 2.93 3.07 3.21 3.30 3.29 3.20 3.04 2.82 2.52 2.17 1.91 1.85 1.92 2.04 2.11 2.08 2.10 2.22 2.38 2.44 2.42 2.23 1.94 1.72 1.67 1.77 1.95 2.07 2.12 2.04 1.97 2.04 2.35 2.52 2.53 2.52 2.48 2.49 2.47 2.49 2.38 2.22 2.03 1.80 1.61 1.52 1.57 1.77 2.03 2.29 2.47 2.55 2.70 2.84 3.00 3.26 3.81 4.48 4.87 4.94 4.70 4.28 3.82 3.42
2.72 2.79 2.79 2.66 2.52 2.35 2.20 2.05 1.90 1.78 1.79 1.94 2.21 2.49 2.59 2.53 2.43 2.43 2.60 2.83 3.00 3.17 3.32 3.45 3.50 3.49 3.44 3.31 3.02 2.60 2.20 1.97 1.96 2.12 2.27 2.35 2.39 2.45 2.53 2.67 2.84 2.92 2.90 2.68 2.57 2.62 2.65 2.55 2.40 2.22 2.04 2.00 2.19 2.42 2.50 2.50 2.48 2.53 2.55 2.63 2.63 2.56 2.41 2.14 1.87 1.71 1.69 1.78 1.93 2.13 2.27 2.33 2.48 2.68 2.82 2.96 3.33 3.94 4.64 5.13 5.36 5.16 4.66 4.06
