project/data/elevation/US_DEM2016/US_DEM2016_point_10-29-2019_1212_30m_vel.asc
ncols	125
nrows	167
xllcorner	-2042055.000000
yllcorner	1465035.000000
cellsize	30.000000
NODATA_value	-9999.000000
[rows 114 to 151 of 167, columns 0 to 83 of 125]
2.73 2.65 2.54 2.48 2.48 2.66 2.95 3.00 2.78 2.59 2.51 2.43 2.36 2.35 2.38 2.53 2.79 3.06 3.23 3.53 3.94 3.94 3.31 2.77 2.99 3.36 3.43 3.28 3.08 2.96 2.94 2.87 2.76 2.56 2.28 1.92 1.65 1.62 1.75 2.04 2.41 2.80 3.41 3.97 3.97 3.52 2.98 2.49 2.37 2.76 3.32 3.64 3.57 3.24 2.91 2.61 2.32 2.11 2.06 2.07 2.09 2.12 2.23 2.48 2.80 3.17 3.56 3.65 3.37 2.96 2.60 2.31 2.06 1.93 1.99 2.15 2.33 2.59 3.21 3.86 3.70 3.04 2.70 2.51
2.82 2.73 2.61 2.55 2.54 2.63 2.79 2.74 2.48 2.32 2.28 2.25 2.23 2.30 2.54 2.91 3.24 3.43 3.52 3.68 3.86 3.73 3.14 2.79 2.98 3.17 3.19 3.22 3.15 3.01 2.93 2.87 2.77 2.55 2.26 2.00 1.82 1.77 1.87 2.18 2.56 2.93 3.48 3.90 3.80 3.33 2.84 2.44 2.35 2.71 3.33 3.62 3.51 3.22 2.93 2.63 2.40 2.27 2.17 2.08 2.07 2.12 2.25 2.51 2.85 3.22 3.53 3.56 3.29 2.91 2.59 2.31 2.07 1.94 1.96 2.09 2.26 2.57 3.20 3.84 3.73 3.13 2.76 2.54
2.89 2.79 2.64 2.58 2.54 2.54 2.57 2.49 2.32 2.25 2.29 2.34 2.44 2.70 3.12 3.51 3.66 3.61 3.54 3.50 3.51 3.49 3.21 2.94 2.93 2.90 2.91 3.13 3.25 3.12 2.94 2.85 2.75 2.54 2.34 2.20 2.05 1.94 2.01 2.30 2.62 2.94 3.42 3.77 3.64 3.24 2.81 2.44 2.41 2.81 3.34 3.57 3.44 3.19 2.94 2.71 2.54 2.46 2.32 2.16 2.11 2.14 2.25 2.49 2.84 3.18 3.40 3.43 3.24 2.90 2.59 2.31 2.07 1.93 1.95 2.07 2.24 2.56 3.18 3.79 3.78 3.29 2.87 2.70
2.94 2.82 2.64 2.57 2.51 2.44 2.40 2.38 2.33 2.34 2.47 2.69 2.98 3.32 3.65 3.79 3.65 3.39 3.24 3.08 3.09 3.34 3.35 3.13 2.92 2.73 2.69 3.01 3.32 3.22 2.95 2.83 2.75 2.61 2.44 2.28 2.08 1.95 2.01 2.25 2.56 2.91 3.36 3.64 3.51 3.21 2.87 2.52 2.54 2.93 3.31 3.44 3.35 3.20 3.02 2.81 2.66 2.56 2.43 2.24 2.15 2.16 2.25 2.43 2.75 3.04 3.20 3.32 3.27 2.96 2.61 2.32 2.07 1.93 1.95 2.08 2.27 2.58 3.14 3.77 3.85 3.44 3.01 2.91
2.95 2.83 2.66 2.58 2.48 2.39 2.34 2.35 2.37 2.46 2.72 3.09 3.40 3.62 3.72 3.59 3.23 2.99 2.91 2.72 2.82 3.25 3.44 3.29 2.98 2.65 2.51 2.85 3.32 3.30 3.01 2.85 2.77 2.69 2.51 2.22 1.95 1.84 1.91 2.17 2.54 2.95 3.36 3.50 3.33 3.16 2.99 2.70 2.67 2.94 3.22 3.28 3.23 3.21 3.13 2.91 2.72 2.57 2.39 2.22 2.12 2.13 2.21 2.35 2.60 2.83 2.99 3.28 3.37 3.05 2.64 2.34 2.11 1.97 1.98 2.12 2.32 2.60 3.15 3.80 3.91 3.49 3.08 2.98
2.95 2.85 2.71 2.61 2.48 2.38 2.33 2.35 2.44 2.65 3.03 3.38 3.54 3.57 3.48 3.20 2.91 2.80 2.69 2.53 2.70 3.15 3.48 3.44 3.06 2.57 2.37 2.72 3.27 3.34 3.12 2.90 2.77 2.71 2.54 2.22 1.89 1.79 1.91 2.20 2.62 3.04 3.35 3.32 3.06 3.06 3.13 2.94 2.78 2.90 3.11 3.17 3.15 3.23 3.23 3.02 2.77 2.54 2.31 2.13 2.03 2.04 2.13 2.25 2.41 2.61 2.91 3.36 3.48 3.12 2.67 2.37 2.14 1.99 2.00 2.16 2.33 2.60 3.19 3.83 3.94 3.51 3.11 2.94
2.98 2.92 2.79 2.65 2.50 2.40 2.35 2.38 2.57 2.94 3.31 3.46 3.44 3.37 3.23 2.98 2.81 2.70 2.52 2.43 2.63 3.04 3.51 3.59 3.15 2.55 2.34 2.65 3.19 3.35 3.19 2.95 2.75 2.67 2.55 2.26 1.95 1.86 1.98 2.27 2.69 3.09 3.29 3.08 2.72 2.91 3.26 3.17 2.91 2.89 3.03 3.13 3.16 3.24 3.25 3.06 2.78 2.51 2.27 2.08 1.94 1.93 2.04 2.15 2.32 2.61 3.05 3.49 3.52 3.12 2.66 2.36 2.13 1.97 2.00 2.15 2.29 2.58 3.21 3.83 3.94 3.55 3.15 2.91
3.08 3.01 2.84 2.66 2.52 2.45 2.41 2.47 2.76 3.20 3.42 3.37 3.26 3.21 3.07 2.88 2.75 2.59 2.42 2.45 2.69 3.09 3.56 3.65 3.25 2.69 2.42 2.60 3.06 3.31 3.23 3.01 2.78 2.62 2.50 2.31 2.09 1.99 2.05 2.32 2.73 3.09 3.15 2.77 2.41 2.76 3.31 3.36 3.07 2.91 2.99 3.13 3.17 3.18 3.16 3.03 2.79 2.52 2.28 2.05 1.89 1.90 2.00 2.16 2.43 2.78 3.20 3.50 3.45 3.08 2.64 2.33 2.10 1.95 1.99 2.13 2.29 2.64 3.24 3.79 3.91 3.60 3.20 2.89
3.20 3.07 2.83 2.65 2.55 2.52 2.50 2.60 2.98 3.30 3.34 3.20 3.13 3.09 2.92 2.75 2.66 2.56 2.52 2.62 2.85 3.17 3.54 3.63 3.31 2.83 2.53 2.57 2.89 3.20 3.25 3.10 2.84 2.58 2.44 2.36 2.25 2.12 2.10 2.35 2.77 3.04 2.89 2.39 2.18 2.63 3.28 3.51 3.28 2.97 2.98 3.10 3.10 3.05 3.02 2.98 2.83 2.59 2.30 2.02 1.91 1.93 2.03 2.24 2.54 2.85 3.19 3.44 3.37 3.03 2.63 2.30 2.07 1.94 1.98 2.14 2.38 2.72 3.17 3.66 3.88 3.69 3.27 2.88
3.26 3.10 2.83 2.65 2.58 2.59 2.61 2.73 3.05 3.25 3.18 3.06 3.04 2.94 2.69 2.61 2.68 2.67 2.65 2.68 2.79 3.06 3.46 3.65 3.40 2.93 2.62 2.56 2.73 3.04 3.23 3.18 2.91 2.60 2.46 2.42 2.33 2.18 2.13 2.40 2.77 2.82 2.47 2.09 2.12 2.56 3.21 3.62 3.46 3.09 3.01 3.05 3.01 2.91 2.87 2.91 2.90 2.68 2.31 2.02 1.94 1.97 2.06 2.28 2.58 2.87 3.16 3.40 3.33 2.97 2.58 2.28 2.03 1.92 1.96 2.16 2.41 2.63 2.94 3.48 3.88 3.79 3.34 2.90
3.30 3.16 2.89 2.69 2.62 2.64 2.68 2.78 2.95 3.07 3.02 2.98 2.94 2.72 2.48 2.61 2.78 2.73 2.60 2.49 2.57 2.92 3.46 3.75 3.46 2.96 2.69 2.59 2.61 2.85 3.15 3.23 3.02 2.71 2.54 2.44 2.30 2.15 2.14 2.38 2.60 2.43 2.09 2.02 2.22 2.60 3.18 3.68 3.61 3.26 3.11 3.05 2.95 2.84 2.77 2.86 2.94 2.74 2.35 2.10 2.01 2.01 2.09 2.36 2.71 2.94 3.16 3.36 3.27 2.89 2.53 2.23 1.95 1.85 1.96 2.16 2.35 2.48 2.75 3.36 3.88 3.85 3.41 2.97
3.36 3.24 2.97 2.72 2.63 2.65 2.71 2.75 2.81 2.89 2.92 2.96 2.84 2.54 2.48 2.69 2.76 2.61 2.39 2.29 2.49 3.00 3.62 3.84 3.46 2.95 2.75 2.63 2.54 2.67 3.02 3.24 3.13 2.82 2.56 2.37 2.23 2.12 2.14 2.28 2.32 2.13 2.04 2.19 2.42 2.71 3.23 3.71 3.72 3.43 3.22 3.07 2.94 2.82 2.76 2.83 2.91 2.77 2.48 2.23 2.08 2.06 2.19 2.53 2.83 2.93 3.07 3.26 3.18 2.82 2.47 2.15 1.85 1.82 1.97 2.13 2.28 2.41 2.68 3.28 3.82 3.88 3.54 3.14
3.44 3.27 2.93 2.67 2.59 2.64 2.72 2.72 2.72 2.79 2.90 2.92 2.71 2.46 2.49 2.59 2.55 2.41 2.29 2.34 2.66 3.24 3.82 3.86 3.37 2.92 2.78 2.65 2.48 2.52 2.87 3.21 3.20 2.89 2.55 2.35 2.24 2.18 2.16 2.17 2.17 2.18 2.25 2.38 2.55 2.83 3.29 3.72 3.77 3.51 3.25 3.07 2.94 2.83 2.76 2.80 2.86 2.81 2.59 2.29 2.11 2.13 2.31 2.62 2.77 2.77 2.93 3.18 3.13 2.78 2.36 2.01 1.79 1.82 1.96 2.08 2.23 2.39 2.62 3.11 3.71 3.95 3.75 3.33
3.47 3.24 2.82 2.61 2.59 2.67 2.73 2.71 2.69 2.75 2.83 2.78 2.56 2.40 2.41 2.43 2.42 2.40 2.47 2.68 3.00 3.49 3.91 3.75 3.18 2.89 2.80 2.62 2.42 2.44 2.74 3.12 3.22 2.97 2.63 2.46 2.38 2.30 2.21 2.17 2.24 2.32 2.35 2.43 2.62 2.90 3.32 3.71 3.76 3.50 3.26 3.11 2.98 2.84 2.74 2.75 2.82 2.81 2.62 2.30 2.12 2.18 2.36 2.55 2.62 2.68 2.94 3.20 3.09 2.66 2.18 1.87 1.78 1.84 1.95 2.05 2.21 2.41 2.61 2.96 3.64 4.07 3.91 3.34
3.41 3.14 2.77 2.65 2.69 2.76 2.76 2.71 2.67 2.68 2.69 2.61 2.45 2.40 2.45 2.48 2.54 2.68 2.89 3.08 3.24 3.56 3.77 3.51 3.08 2.92 2.81 2.59 2.43 2.45 2.65 2.99 3.20 3.07 2.80 2.62 2.51 2.37 2.25 2.21 2.27 2.29 2.32 2.47 2.72 3.01 3.36 3.67 3.69 3.46 3.26 3.15 3.02 2.85 2.72 2.73 2.79 2.74 2.58 2.33 2.15 2.22 2.36 2.46 2.54 2.76 3.08 3.21 2.94 2.40 1.98 1.81 1.79 1.85 1.96 2.08 2.25 2.48 2.69 3.03 3.71 4.19 3.94 3.19
3.30 3.12 2.86 2.83 2.89 2.88 2.79 2.70 2.65 2.62 2.61 2.53 2.45 2.52 2.66 2.74 2.86 3.04 3.15 3.16 3.16 3.35 3.52 3.38 3.13 2.98 2.80 2.60 2.49 2.50 2.61 2.86 3.15 3.19 2.97 2.70 2.50 2.35 2.23 2.17 2.18 2.23 2.37 2.60 2.88 3.14 3.37 3.54 3.56 3.43 3.26 3.14 3.02 2.83 2.68 2.71 2.74 2.65 2.54 2.35 2.20 2.24 2.34 2.45 2.63 2.93 3.15 3.05 2.61 2.11 1.87 1.81 1.80 1.87 2.02 2.15 2.30 2.53 2.81 3.21 3.84 4.22 3.87 3.12
3.27 3.19 3.06 3.07 3.06 2.94 2.77 2.67 2.62 2.60 2.59 2.54 2.55 2.71 2.87 2.94 3.02 3.10 3.08 2.94 2.83 2.97 3.30 3.43 3.28 3.01 2.79 2.65 2.58 2.55 2.59 2.78 3.12 3.28 3.07 2.72 2.51 2.37 2.24 2.14 2.13 2.26 2.50 2.78 3.03 3.19 3.26 3.27 3.35 3.42 3.34 3.22 3.08 2.85 2.66 2.68 2.71 2.61 2.49 2.37 2.28 2.28 2.35 2.51 2.77 3.02 3.04 2.74 2.26 1.95 1.87 1.84 1.85 1.95 2.11 2.23 2.35 2.56 2.88 3.34 3.92 4.19 3.85 3.33
3.33 3.28 3.20 3.17 3.07 2.88 2.72 2.64 2.62 2.61 2.61 2.61 2.66 2.83 2.93 2.92 2.93 2.93 2.82 2.62 2.49 2.65 3.15 3.56 3.46 3.08 2.82 2.72 2.65 2.58 2.61 2.83 3.16 3.30 3.09 2.78 2.62 2.49 2.30 2.17 2.19 2.41 2.68 2.89 3.06 3.09 3.00 2.94 3.07 3.39 3.54 3.42 3.17 2.87 2.64 2.66 2.71 2.61 2.46 2.38 2.32 2.31 2.38 2.58 2.86 2.98 2.80 2.40 2.07 1.93 1.90 1.89 1.93 2.06 2.19 2.28 2.41 2.63 2.97 3.46 4.04 4.23 3.90 3.50
3.41 3.35 3.25 3.16 3.00 2.82 2.70 2.66 2.65 2.64 2.64 2.66 2.72 2.80 2.82 2.81 2.82 2.73 2.52 2.34 2.34 2.59 3.22 3.70 3.60 3.18 2.87 2.74 2.67 2.62 2.70 2.92 3.17 3.23 3.07 2.86 2.75 2.62 2.36 2.23 2.30 2.52 2.73 2.89 2.96 2.87 2.71 2.67 2.87 3.38 3.74 3.60 3.20 2.85 2.64 2.67 2.71 2.60 2.45 2.35 2.33 2.34 2.42 2.61 2.84 2.83 2.50 2.16 1.99 1.94 1.93 1.94 2.03 2.16 2.23 2.32 2.49 2.77 3.17 3.71 4.25 4.28 3.83 3.39
3.49 3.41 3.29 3.18 3.00 2.78 2.68 2.71 2.73 2.67 2.63 2.65 2.68 2.69 2.72 2.78 2.73 2.52 2.30 2.31 2.47 2.78 3.38 3.79 3.66 3.25 2.91 2.75 2.70 2.69 2.79 2.96 3.09 3.11 3.05 2.95 2.86 2.71 2.45 2.30 2.34 2.47 2.66 2.84 2.83 2.63 2.50 2.54 2.83 3.48 3.90 3.68 3.19 2.86 2.68 2.70 2.72 2.59 2.40 2.31 2.32 2.36 2.43 2.59 2.76 2.67 2.30 2.04 1.97 1.95 1.96 2.00 2.11 2.21 2.27 2.39 2.61 2.93 3.46 4.03 4.34 4.14 3.61 3.22
3.60 3.50 3.33 3.17 2.97 2.73 2.65 2.73 2.75 2.61 2.54 2.59 2.63 2.66 2.71 2.74 2.58 2.33 2.28 2.48 2.67 2.96 3.50 3.82 3.67 3.31 2.96 2.78 2.74 2.76 2.85 2.96 3.00 3.01 3.08 3.07 2.93 2.73 2.52 2.35 2.32 2.39 2.61 2.77 2.64 2.43 2.41 2.53 2.93 3.64 3.99 3.68 3.18 2.87 2.71 2.71 2.71 2.56 2.35 2.29 2.33 2.37 2.43 2.54 2.67 2.55 2.19 2.01 1.98 1.96 1.97 2.05 2.17 2.27 2.37 2.55 2.81 3.19 3.79 4.24 4.18 3.79 3.38 3.12
3.74 3.59 3.31 3.08 2.88 2.66 2.58 2.65 2.67 2.51 2.43 2.53 2.66 2.72 2.71 2.62 2.43 2.30 2.41 2.60 2.72 2.99 3.54 3.82 3.65 3.33 3.00 2.79 2.74 2.80 2.89 2.95 2.96 3.02 3.15 3.13 2.92 2.69 2.50 2.34 2.25 2.31 2.52 2.61 2.43 2.31 2.40 2.57 3.09 3.81 4.01 3.62 3.14 2.87 2.74 2.72 2.70 2.53 2.33 2.31 2.36 2.39 2.42 2.50 2.60 2.47 2.16 2.01 1.99 1.96 1.96 2.07 2.24 2.39 2.54 2.75 3.09 3.60 4.08 4.16 3.85 3.48 3.23 3.05
3.86 3.64 3.23 2.99 2.81 2.61 2.49 2.54 2.60 2.49 2.45 2.61 2.80 2.83 2.67 2.48 2.36 2.36 2.44 2.55 2.69 3.01 3.59 3.82 3.62 3.33 3.03 2.79 2.75 2.83 2.90 2.95 2.96 3.04 3.16 3.09 2.87 2.65 2.44 2.23 2.10 2.17 2.33 2.39 2.32 2.33 2.42 2.63 3.30 3.97 3.96 3.47 3.06 2.87 2.77 2.74 2.68 2.51 2.33 2.35 2.40 2.40 2.41 2.48 2.53 2.40 2.14 2.02 1.99 1.95 1.98 2.16 2.38 2.59 2.80 3.06 3.48 3.96 4.11 3.83 3.49 3.34 3.20 3.01
3.88 3.60 3.11 2.88 2.74 2.56 2.45 2.51 2.60 2.60 2.63 2.80 2.93 2.83 2.56 2.37 2.32 2.32 2.33 2.46 2.70 3.09 3.63 3.80 3.58 3.32 3.07 2.84 2.78 2.83 2.88 2.89 2.90 2.99 3.07 2.97 2.78 2.58 2.34 2.08 1.97 2.05 2.19 2.28 2.35 2.41 2.46 2.76 3.56 4.06 3.82 3.25 2.97 2.89 2.81 2.75 2.68 2.52 2.40 2.44 2.47 2.41 2.39 2.44 2.48 2.36 2.15 2.03 1.99 1.98 2.07 2.32 2.64 2.92 3.15 3.45 3.84 4.09 3.92 3.43 3.21 3.30 3.23 3.06
3.78 3.48 2.99 2.82 2.74 2.62 2.57 2.60 2.65 2.70 2.79 2.90 2.88 2.65 2.37 2.25 2.23 2.23 2.28 2.51 2.81 3.19 3.65 3.78 3.57 3.32 3.10 2.92 2.83 2.83 2.83 2.80 2.80 2.88 2.93 2.82 2.62 2.45 2.22 2.02 1.97 2.04 2.17 2.33 2.49 2.55 2.62 3.08 3.82 4.03 3.59 3.06 2.88 2.89 2.86 2.79 2.71 2.61 2.56 2.58 2.51 2.38 2.34 2.40 2.45 2.36 2.17 2.05 2.01 2.06 2.28 2.60 2.97 3.23 3.41 3.65 3.89 3.92 3.61 3.18 3.10 3.27 3.26 3.22
3.59 3.36 3.02 2.91 2.86 2.81 2.77 2.73 2.71 2.75 2.82 2.84 2.70 2.42 2.22 2.16 2.16 2.19 2.35 2.66 2.94 3.29 3.66 3.75 3.55 3.33 3.14 2.99 2.91 2.86 2.80 2.73 2.73 2.79 2.80 2.66 2.46 2.31 2.15 2.03 2.05 2.15 2.32 2.56 2.71 2.75 2.91 3.41 3.92 3.87 3.36 2.92 2.79 2.85 2.90 2.87 2.80 2.74 2.70 2.62 2.44 2.29 2.29 2.38 2.46 2.38 2.18 2.07 2.07 2.21 2.55 2.92 3.21 3.33 3.38 3.55 3.71 3.68 3.42 3.11 3.05 3.17 3.26 3.38
3.40 3.34 3.25 3.17 3.10 3.03 2.91 2.81 2.77 2.78 2.80 2.74 2.53 2.29 2.16 2.13 2.15 2.24 2.48 2.79 3.04 3.36 3.65 3.68 3.52 3.35 3.18 3.03 2.94 2.90 2.79 2.68 2.65 2.67 2.63 2.50 2.33 2.22 2.13 2.08 2.18 2.38 2.63 2.82 2.88 2.90 3.10 3.53 3.85 3.66 3.19 2.82 2.66 2.77 2.95 2.98 2.92 2.83 2.68 2.46 2.26 2.20 2.27 2.38 2.46 2.38 2.19 2.10 2.14 2.38 2.77 3.06 3.19 3.19 3.17 3.29 3.55 3.66 3.45 3.10 2.93 2.98 3.19 3.45
3.37 3.44 3.49 3.39 3.23 3.09 2.94 2.89 2.85 2.79 2.71 2.61 2.42 2.25 2.16 2.14 2.19 2.34 2.64 2.92 3.13 3.39 3.57 3.58 3.49 3.37 3.21 3.05 2.96 2.90 2.77 2.60 2.53 2.52 2.46 2.37 2.26 2.19 2.14 2.20 2.45 2.77 2.96 2.99 2.94 2.93 3.11 3.50 3.72 3.49 3.07 2.70 2.51 2.71 3.02 3.10 3.00 2.82 2.56 2.29 2.18 2.20 2.29 2.39 2.44 2.35 2.19 2.13 2.20 2.48 2.85 3.00 2.99 2.98 2.96 3.09 3.51 3.80 3.60 3.10 2.80 2.83 3.08 3.39
3.50 3.57 3.60 3.42 3.16 2.98 2.95 2.94 2.86 2.72 2.58 2.49 2.38 2.27 2.19 2.19 2.29 2.52 2.82 3.02 3.16 3.31 3.42 3.48 3.49 3.40 3.23 3.05 2.94 2.88 2.74 2.52 2.42 2.38 2.33 2.27 2.22 2.20 2.25 2.48 2.87 3.11 3.10 2.96 2.85 2.85 3.08 3.46 3.61 3.36 2.95 2.57 2.40 2.70 3.08 3.18 3.03 2.75 2.44 2.24 2.21 2.27 2.35 2.41 2.42 2.32 2.21 2.17 2.26 2.54 2.82 2.86 2.84 2.87 2.90 3.10 3.63 3.96 3.72 3.14 2.79 2.78 2.95 3.27
3.64 3.66 3.61 3.37 3.02 2.84 2.88 2.87 2.74 2.57 2.46 2.42 2.38 2.30 2.24 2.27 2.45 2.71 2.93 3.02 3.05 3.10 3.23 3.43 3.54 3.45 3.23 3.01 2.93 2.88 2.72 2.49 2.35 2.28 2.22 2.18 2.21 2.31 2.53 2.92 3.21 3.19 2.98 2.79 2.72 2.78 3.07 3.43 3.51 3.22 2.81 2.47 2.40 2.71 3.12 3.20 2.98 2.63 2.36 2.27 2.32 2.38 2.41 2.43 2.40 2.33 2.25 2.24 2.34 2.57 2.75 2.78 2.81 2.85 2.94 3.29 3.82 4.05 3.76 3.20 2.82 2.71 2.81 3.19
3.75 3.72 3.60 3.32 2.93 2.72 2.74 2.73 2.60 2.46 2.39 2.38 2.37 2.33 2.29 2.37 2.59 2.80 2.89 2.88 2.87 2.91 3.11 3.45 3.62 3.51 3.23 3.01 2.94 2.89 2.73 2.49 2.29 2.19 2.14 2.14 2.28 2.57 2.93 3.22 3.25 3.02 2.77 2.67 2.69 2.81 3.10 3.41 3.39 3.07 2.68 2.43 2.41 2.73 3.13 3.18 2.93 2.61 2.39 2.39 2.51 2.51 2.46 2.44 2.41 2.36 2.31 2.31 2.38 2.52 2.69 2.78 2.78 2.78 3.05 3.58 4.02 4.07 3.72 3.20 2.79 2.60 2.71 3.20
3.81 3.75 3.56 3.21 2.82 2.60 2.60 2.62 2.56 2.45 2.36 2.35 2.35 2.33 2.33 2.43 2.61 2.72 2.72 2.70 2.70 2.79 3.10 3.53 3.71 3.54 3.25 3.07 2.97 2.85 2.70 2.47 2.22 2.12 2.11 2.16 2.41 2.82 3.15 3.26 3.12 2.85 2.67 2.68 2.76 2.87 3.12 3.35 3.26 2.91 2.58 2.36 2.39 2.75 3.14 3.16 2.91 2.66 2.50 2.58 2.70 2.61 2.49 2.46 2.44 2.39 2.36 2.35 2.38 2.49 2.68 2.79 2.71 2.77 3.31 3.94 4.15 3.98 3.60 3.16 2.77 2.55 2.68 3.22
3.77 3.68 3.44 3.06 2.70 2.53 2.55 2.60 2.57 2.48 2.40 2.36 2.34 2.32 2.35 2.43 2.51 2.54 2.56 2.61 2.65 2.81 3.25 3.69 3.76 3.53 3.27 3.11 2.91 2.71 2.63 2.44 2.17 2.11 2.13 2.22 2.50 2.92 3.19 3.24 3.08 2.80 2.68 2.75 2.82 2.90 3.09 3.25 3.13 2.79 2.43 2.26 2.43 2.85 3.16 3.14 2.91 2.69 2.62 2.72 2.78 2.65 2.52 2.50 2.48 2.44 2.40 2.39 2.44 2.59 2.75 2.75 2.71 3.01 3.73 4.18 4.07 3.71 3.44 3.15 2.81 2.57 2.68 3.15
3.55 3.50 3.35 3.04 2.72 2.62 2.66 2.68 2.62 2.55 2.48 2.39 2.33 2.33 2.35 2.38 2.41 2.46 2.59 2.71 2.77 3.00 3.47 3.80 3.74 3.47 3.27 3.06 2.73 2.54 2.55 2.40 2.16 2.12 2.17 2.27 2.56 2.97 3.24 3.30 3.11 2.81 2.70 2.78 2.81 2.86 3.03 3.16 3.01 2.61 2.23 2.25 2.61 3.00 3.18 3.10 2.89 2.71 2.70 2.76 2.79 2.71 2.61 2.57 2.52 2.47 2.45 2.46 2.55 2.66 2.70 2.69 2.87 3.43 4.06 4.15 3.75 3.37 3.26 3.14 2.89 2.61 2.61 3.01
3.10 3.23 3.33 3.19 2.97 2.86 2.83 2.76 2.66 2.60 2.54 2.41 2.34 2.34 2.34 2.36 2.42 2.55 2.71 2.78 2.84 3.11 3.57 3.81 3.65 3.35 3.17 2.93 2.58 2.43 2.48 2.37 2.19 2.17 2.22 2.34 2.65 3.06 3.33 3.34 3.09 2.80 2.70 2.73 2.73 2.78 2.98 3.07 2.85 2.38 2.12 2.38 2.85 3.12 3.15 3.02 2.84 2.72 2.72 2.77 2.82 2.82 2.75 2.64 2.53 2.48 2.48 2.52 2.57 2.58 2.57 2.73 3.18 3.78 4.12 3.95 3.46 3.13 3.11 3.12 2.94 2.62 2.51 2.79
2.65 2.94 3.31 3.34 3.18 3.03 2.93 2.82 2.72 2.65 2.55 2.42 2.35 2.35 2.35 2.40 2.52 2.64 2.66 2.64 2.77 3.14 3.61 3.83 3.59 3.21 2.97 2.77 2.54 2.46 2.48 2.39 2.27 2.24 2.29 2.46 2.78 3.15 3.35 3.26 3.02 2.79 2.68 2.65 2.61 2.72 2.95 2.97 2.65 2.21 2.17 2.62 3.04 3.17 3.09 2.94 2.80 2.71 2.70 2.78 2.87 2.90 2.83 2.64 2.47 2.45 2.49 2.53 2.52 2.49 2.59 2.98 3.49 3.83 3.93 3.71 3.33 3.07 3.04 3.06 2.95 2.67 2.44 2.50
2.42 2.74 3.22 3.42 3.34 3.16 3.05 2.93 2.82 2.67 2.51 2.41 2.38 2.38 2.40 2.47 2.58 2.58 2.50 2.54 2.84 3.31 3.74 3.83 3.49 3.04 2.78 2.68 2.62 2.59 2.54 2.44 2.35 2.33 2.41 2.59 2.87 3.15 3.26 3.15 2.96 2.80 2.69 2.60 2.56 2.68 2.91 2.86 2.47 2.16 2.33 2.84 3.15 3.16 3.02 2.88 2.76 2.65 2.66 2.79 2.91 2.94 2.85 2.63 2.43 2.41 2.49 2.53 2.52 2.55 2.78 3.20 3.50 3.64 3.71 3.57 3.31 3.10 3.00 2.98 2.95 2.75 2.44 2.32
2.31 2.56 3.09 3.49 3.53 3.34 3.14 2.94 2.73 2.54 2.43 2.43 2.45 2.44 2.45 2.52 2.56 2.51 2.50 2.71 3.08 3.50 3.78 3.71 3.30 2.90 2.71 2.72 2.76 2.75 2.63 2.47 2.40 2.41 2.49 2.63 2.83 3.07 3.16 3.08 2.95 2.84 2.74 2.64 2.59 2.66 2.82 2.74 2.36 2.18 2.51 3.01 3.21 3.13 2.98 2.83 2.70 2.59 2.62 2.81 2.95 2.94 2.84 2.64 2.44 2.42 2.53 2.58 2.59 2.67 2.90 3.13 3.22 3.43 3.65 3.56 3.32 3.13 2.99 2.90 2.91 2.78 2.43 2.23
