project/data/elevation/US_DEM2016/US_DEM2016_point_10-27-2019_2236_30m_vel.asc
ncols	125
nrows	167
xllcorner	-2042055.000000
yllcorner	1465035.000000
cellsize	30.000000
NODATA_value	-9999.000000
[rows 38 to 75 of 167, columns 0 to 83 of 125]
4.21 4.19 4.06 3.84 3.58 3.41 3.23 2.91 2.54 2.22 2.31 2.18 2.53 3.14 3.76 3.75 3.62 3.33 3.34 3.49 3.70 3.89 4.13 4.49 4.91 5.30 5.70 6.10 6.25 6.00 5.28 4.35 3.63 3.30 3.32 3.61 3.89 3.98 4.03 4.20 4.65 5.32 5.81 5.84 5.47 4.89 4.27 3.66 3.21 2.80 2.51 2.45 2.61 3.22 3.53 3.54 3.54 3.72 3.97 4.29 4.51 4.33 3.95 3.50 2.90 2.22 1.57 1.23 1.21 1.51 1.95 2.07 2.27 2.81 2.96 2.91 3.29 4.20 5.25 6.03 6.53 7.12 7.59 7.56
4.12 4.01 3.83 3.58 3.30 3.15 3.05 2.89 2.68 2.52 2.45 2.45 2.52 3.09 3.46 3.43 3.50 3.31 3.01 2.74 2.74 2.86 3.04 3.37 3.93 4.54 5.09 5.66 6.14 6.32 5.98 5.19 4.38 3.84 3.71 3.94 4.20 4.41 4.45 4.38 4.44 4.81 5.45 5.87 5.87 5.42 4.63 4.00 3.49 2.96 2.64 2.57 2.64 3.03 3.42 3.54 3.62 3.81 4.04 4.34 4.42 3.99 3.30 2.98 2.69 2.26 1.69 1.17 0.91 0.97 1.43 1.69 1.89 2.35 2.59 2.50 2.61 3.20 4.04 4.55 4.69 5.42 6.86 7.73
4.12 4.00 3.76 3.49 3.31 3.18 3.13 3.11 3.07 3.05 3.05 3.07 3.04 3.08 3.67 3.64 3.42 3.31 2.90 2.48 2.39 2.52 2.72 2.99 3.47 4.00 4.51 5.07 5.66 6.16 6.25 5.80 5.11 4.63 4.43 4.50 4.70 4.91 4.91 4.71 4.45 4.27 4.53 5.30 5.80 5.81 5.30 4.88 4.51 4.03 3.46 3.05 2.91 3.01 3.28 3.38 3.46 3.69 4.06 4.56 4.68 4.03 2.91 2.39 2.15 1.89 1.66 1.34 0.97 0.76 0.89 1.21 1.51 1.91 2.26 2.22 2.21 2.48 3.14 3.64 3.65 4.12 5.65 7.24
4.31 4.20 3.99 3.79 3.68 3.59 3.51 3.49 3.50 3.52 3.54 3.51 3.48 3.52 3.55 3.52 3.51 3.46 3.21 2.88 2.77 2.85 2.99 3.11 3.28 3.55 3.87 4.30 4.91 5.56 6.07 5.96 5.56 5.19 4.99 4.88 4.85 4.88 4.93 4.89 4.59 4.12 3.97 4.48 5.39 5.70 5.42 5.04 4.93 4.81 4.45 3.77 3.21 3.02 3.10 3.14 3.12 3.30 3.86 4.73 5.09 4.52 3.31 2.56 2.20 1.94 1.79 1.60 1.30 0.98 0.78 0.83 1.07 1.39 1.81 1.88 1.91 2.10 2.59 3.14 3.28 3.44 4.28 5.80
4.48 4.41 4.27 4.15 4.05 3.96 3.84 3.77 3.78 3.83 3.83 3.76 3.65 3.72 3.85 3.87 3.84 3.83 3.74 3.56 3.46 3.48 3.53 3.58 3.65 3.73 3.82 4.01 4.40 4.91 5.55 5.72 5.63 5.50 5.33 4.98 4.52 4.21 4.24 4.52 4.53 4.09 3.67 3.91 4.78 5.30 5.09 4.47 4.30 4.40 4.39 4.02 3.45 3.05 3.03 3.11 3.13 3.24 3.73 4.80 5.45 5.20 4.18 3.31 2.84 2.50 2.20 1.90 1.67 1.45 1.15 0.84 0.69 0.69 1.04 1.21 1.37 1.63 2.03 2.66 2.99 3.17 3.61 4.57
4.48 4.44 4.35 4.28 4.24 4.21 4.17 4.14 4.12 4.11 4.07 3.99 3.86 4.11 3.95 4.01 4.05 4.09 4.09 4.00 3.97 4.03 4.06 4.04 4.05 4.04 4.08 4.14 4.31 4.54 4.99 5.24 5.30 5.31 5.29 5.04 4.44 3.79 3.56 3.89 4.28 4.13 3.64 3.55 4.28 4.97 4.83 3.99 3.35 3.11 3.13 3.27 3.20 3.02 3.06 3.29 3.51 3.72 4.16 5.00 5.74 5.75 5.01 4.19 3.53 3.05 2.70 2.42 2.18 1.88 1.54 1.11 0.64 0.35 0.40 0.59 0.77 1.01 1.28 1.93 2.49 2.93 3.33 3.81
4.44 4.42 4.39 4.39 4.46 4.58 4.69 4.70 4.60 4.46 4.35 4.27 4.12 4.13 4.02 4.08 4.14 4.20 4.20 4.12 4.07 4.09 4.11 4.08 4.04 4.00 4.04 4.11 4.22 4.34 4.65 4.80 4.83 4.70 4.76 4.90 4.76 4.18 3.47 3.33 3.74 3.98 3.70 3.44 3.94 4.70 4.62 3.79 2.95 2.51 2.36 2.42 2.60 2.72 2.99 3.38 3.75 4.11 4.50 5.09 5.82 6.03 5.51 4.68 3.90 3.46 3.20 2.92 2.55 2.08 1.73 1.47 1.14 0.79 0.62 0.59 0.66 0.81 0.85 1.20 1.80 2.39 2.80 3.16
4.41 4.47 4.57 4.64 4.71 4.80 4.89 4.94 4.87 4.71 4.57 4.48 4.39 4.31 4.35 4.38 4.38 4.36 4.30 4.14 3.91 3.74 3.72 3.78 3.84 3.87 3.90 3.96 4.08 4.17 4.38 4.48 4.44 4.16 4.03 4.38 4.74 4.64 3.88 3.24 3.22 3.61 3.61 3.37 3.75 4.54 4.61 3.91 3.28 2.95 2.67 2.42 2.29 2.41 2.81 3.26 3.59 3.92 4.27 4.83 5.60 6.07 5.83 5.08 4.39 3.95 3.57 3.15 2.70 2.33 2.10 1.98 1.82 1.62 1.39 1.19 1.07 1.03 1.13 1.11 1.42 1.80 2.22 2.66
4.26 4.40 4.61 4.70 4.69 4.65 4.58 4.59 4.65 4.63 4.57 4.47 4.47 4.54 4.64 4.67 4.63 4.53 4.38 4.15 3.83 3.55 3.45 3.51 3.65 3.76 3.83 3.90 3.97 3.97 4.04 4.18 4.24 3.89 3.48 3.60 4.13 4.58 4.37 3.62 3.14 3.27 3.45 3.49 3.87 4.59 4.71 4.14 3.61 3.24 2.91 2.61 2.44 2.53 2.89 3.14 3.37 3.69 4.06 4.63 5.39 6.02 6.01 5.46 4.79 4.21 3.61 3.24 3.05 2.94 2.86 2.75 2.61 2.44 2.28 2.08 1.82 1.60 1.47 1.45 2.05 1.77 2.02 2.43
4.01 4.07 4.25 4.42 4.43 4.33 4.18 4.07 4.11 4.24 4.28 4.21 4.43 4.27 4.33 4.43 4.48 4.45 4.32 4.11 3.85 3.59 3.42 3.38 3.45 3.57 3.66 3.75 3.76 3.68 3.70 3.89 4.16 3.86 3.21 3.05 3.41 4.08 4.45 4.18 3.53 3.33 3.47 3.72 4.09 4.70 4.84 4.24 3.46 2.98 2.80 2.69 2.76 3.04 3.30 3.38 3.49 3.77 4.12 4.60 5.31 6.01 6.09 5.61 4.97 4.33 3.85 3.66 3.71 3.82 3.85 3.77 3.65 3.48 3.28 3.07 2.80 2.47 2.21 2.06 1.94 1.98 2.11 2.31
3.92 3.82 3.75 3.95 4.14 4.12 3.95 3.78 3.73 3.84 3.93 3.95 3.88 3.86 3.78 3.85 4.02 4.18 4.22 4.09 3.86 3.59 3.38 3.27 3.25 3.31 3.34 3.39 3.43 3.40 3.53 3.84 4.20 4.06 3.32 2.76 2.86 3.46 4.15 4.33 3.90 3.46 3.35 3.48 3.82 4.53 4.89 4.37 3.48 3.07 3.03 3.20 3.50 3.76 3.93 3.86 3.80 3.89 4.17 4.63 5.35 6.13 6.29 5.88 5.40 5.06 4.92 4.95 5.06 5.18 5.20 5.16 5.07 4.94 4.75 4.53 4.26 3.89 3.41 2.89 2.40 2.14 2.16 2.16
4.03 3.91 3.63 3.60 3.86 4.08 4.04 3.85 3.72 3.74 3.90 4.01 4.01 3.83 3.73 3.72 3.85 4.04 4.18 4.13 3.90 3.58 3.31 3.17 3.12 3.12 3.10 3.09 3.12 3.12 3.30 3.69 4.23 4.42 3.89 2.96 2.68 2.96 3.64 4.06 3.89 3.42 3.11 3.03 3.31 4.13 4.85 4.70 3.96 3.60 3.74 4.07 4.33 4.45 4.39 4.16 3.98 3.96 4.17 4.64 5.34 6.20 6.57 6.42 6.05 5.94 6.00 6.14 6.31 6.43 6.49 6.48 6.43 6.36 6.24 6.06 5.79 5.44 4.88 4.07 3.20 2.49 2.21 2.09
4.08 4.06 3.84 3.58 3.65 3.99 4.23 4.18 4.00 4.00 4.23 4.43 4.48 4.34 4.18 4.07 4.05 4.11 4.20 4.19 4.02 3.70 3.35 3.12 3.04 3.06 3.06 3.01 2.92 2.77 2.77 3.16 3.85 4.51 4.51 3.74 3.11 3.01 3.43 3.88 3.89 3.61 3.37 3.23 3.35 3.94 4.77 4.96 4.61 4.47 4.66 4.78 4.83 4.69 4.47 4.16 4.01 3.96 4.00 4.26 4.80 5.74 6.41 6.45 6.19 5.99 5.97 6.04 6.14 6.26 6.37 6.46 6.48 6.48 6.43 6.36 6.24 6.04 5.72 5.25 4.54 3.58 2.67 2.17
3.98 4.02 3.92 3.72 3.61 3.78 4.15 4.34 4.26 4.20 4.47 4.78 4.88 4.79 4.61 4.38 4.19 4.14 4.20 4.26 4.16 3.88 3.51 3.17 2.99 3.01 3.07 3.07 2.86 2.41 2.23 2.45 3.06 4.03 4.56 4.39 3.81 3.60 3.81 4.14 4.27 4.24 4.18 4.06 4.03 4.31 4.93 5.36 5.61 5.67 5.56 5.31 4.99 4.58 4.29 3.99 3.83 3.68 3.58 3.61 3.94 4.67 5.65 5.97 5.75 5.21 4.77 4.53 4.34 4.35 4.53 4.82 4.95 5.03 5.07 5.16 5.34 5.32 5.22 5.20 5.05 4.61 3.82 2.86
3.91 3.81 3.65 3.54 3.46 3.54 3.85 4.23 4.30 4.17 4.32 4.62 4.80 4.83 4.68 4.41 4.11 3.99 4.07 4.18 4.13 3.95 3.66 3.31 3.01 2.92 3.01 3.16 2.96 2.28 1.87 1.90 2.31 3.12 4.09 4.40 4.22 4.14 4.31 4.61 4.79 4.83 4.78 4.75 4.77 4.90 5.20 5.64 6.01 6.15 6.03 5.60 5.07 4.52 4.16 3.86 3.64 3.41 3.32 3.31 3.50 4.00 4.82 5.42 5.28 4.42 3.57 2.90 2.48 2.30 2.37 2.70 2.99 3.13 3.30 3.48 3.86 4.00 3.87 3.91 4.21 4.32 4.12 3.54
3.99 3.73 3.36 3.16 3.09 3.18 3.49 3.95 4.20 4.07 4.52 4.19 4.23 4.37 4.33 4.16 3.90 3.72 3.77 3.94 4.00 3.89 3.74 3.51 3.19 2.95 3.00 3.27 3.20 2.57 1.97 1.80 1.95 2.46 3.36 4.00 4.16 4.14 4.26 4.55 4.81 4.88 4.87 4.87 4.93 4.96 5.08 5.29 5.54 5.78 5.88 5.66 5.12 4.58 4.20 3.93 3.71 3.52 3.49 3.51 3.64 3.97 4.60 5.26 5.24 4.37 3.33 2.63 2.19 1.85 1.57 1.46 1.63 1.86 2.05 2.28 2.73 3.04 2.91 2.64 2.67 2.86 2.92 2.90
4.19 3.88 3.42 3.14 2.95 2.85 2.99 3.46 3.81 3.78 3.59 3.77 3.46 3.67 3.71 3.70 3.59 3.41 3.40 3.65 3.90 3.94 3.86 3.72 3.45 3.17 3.13 3.41 3.51 3.12 2.54 2.15 2.01 2.14 2.74 3.47 3.76 3.78 3.81 4.00 4.29 4.47 4.53 4.55 4.56 4.54 4.54 4.52 4.45 4.77 5.29 5.49 5.19 4.72 4.36 4.11 3.91 3.77 3.77 3.75 3.81 4.03 4.57 5.34 5.51 4.80 3.82 3.14 2.67 2.24 1.77 1.30 1.08 1.11 1.25 1.43 1.86 2.26 2.25 1.92 1.71 1.66 1.67 1.78
4.40 4.13 3.76 3.53 3.29 2.95 2.69 2.83 3.18 3.27 3.16 3.59 2.95 3.20 3.28 3.66 3.31 3.22 3.17 3.39 3.78 4.06 4.10 3.96 3.75 3.51 3.41 3.58 3.69 3.47 2.97 2.53 2.19 2.04 2.37 3.01 3.42 3.56 3.56 3.63 3.81 4.00 4.09 4.12 4.07 4.00 3.91 3.77 3.76 4.06 4.66 5.11 5.04 4.72 4.35 4.13 3.94 3.77 3.71 3.63 3.63 3.79 4.35 5.24 5.62 5.16 4.30 3.60 3.01 2.53 2.08 1.69 1.33 1.11 1.04 1.07 1.34 1.68 1.72 1.63 1.00 1.50 1.58 1.75
4.49 4.38 4.25 4.16 3.94 3.57 3.07 2.86 2.95 3.07 3.06 3.77 3.77 3.29 3.40 3.37 3.38 3.35 3.29 3.40 3.75 4.15 4.32 4.30 4.17 4.01 3.88 3.87 3.85 3.65 3.21 2.92 2.68 2.48 2.58 3.02 3.52 3.79 3.81 3.81 3.86 3.91 3.88 3.84 3.71 3.52 3.32 3.22 3.18 3.38 3.96 4.55 4.70 4.45 4.13 3.91 3.71 3.48 3.34 3.23 3.24 3.42 4.00 4.90 5.45 5.23 4.55 3.87 3.27 2.84 2.50 2.27 2.06 1.76 1.45 1.09 1.00 1.02 1.61 1.67 1.77 1.92 2.20 2.43
4.41 4.47 4.56 4.64 4.58 4.33 3.92 3.56 3.37 3.34 4.32 3.38 3.54 3.80 3.98 4.03 4.01 3.99 3.88 3.84 4.00 4.32 4.57 4.70 4.71 4.63 4.49 4.34 4.18 4.02 3.84 3.71 3.58 3.40 3.30 3.49 3.89 4.20 4.34 4.37 4.35 4.18 3.97 3.76 3.48 3.14 2.92 2.69 2.58 2.72 3.26 3.93 4.27 4.10 3.86 3.68 3.47 3.22 3.04 3.02 3.14 3.39 3.97 4.78 5.31 5.19 4.63 4.04 3.55 3.26 3.11 2.97 2.74 2.47 2.13 1.91 1.85 1.88 1.97 2.14 2.44 2.76 2.96 2.86
4.20 4.27 4.40 4.60 4.82 4.86 4.61 4.24 3.87 3.62 3.55 3.66 3.96 4.28 4.60 4.76 4.83 4.85 4.81 4.69 4.64 4.67 4.80 4.97 5.08 5.05 4.97 4.81 4.57 4.35 4.24 4.14 4.05 3.94 3.75 3.70 3.88 4.17 4.46 4.66 4.71 4.55 4.26 3.86 3.29 2.81 2.50 2.26 2.10 2.08 2.50 3.20 3.66 3.74 3.67 3.58 3.47 3.34 3.28 3.36 3.52 3.82 4.33 5.04 5.48 5.40 4.85 4.38 4.04 3.80 3.68 3.53 3.28 2.98 2.70 2.53 2.48 2.52 2.68 2.98 3.28 3.40 3.37 3.21
4.00 3.98 4.02 4.18 4.50 4.79 4.85 4.58 4.14 3.72 4.87 3.55 3.88 4.32 4.62 4.89 5.05 5.13 5.19 5.17 5.05 4.91 4.86 4.93 5.06 5.12 5.12 5.02 4.83 4.51 4.09 3.75 3.62 3.64 3.62 3.65 3.73 3.93 4.19 4.50 4.72 4.74 4.61 4.19 3.33 2.49 2.08 1.92 1.71 1.61 1.79 2.34 2.97 3.36 3.55 3.65 3.70 3.73 3.76 3.74 3.85 4.14 4.59 5.34 5.91 6.11 5.58 5.04 4.72 4.47 4.15 3.88 3.69 3.58 3.47 3.37 3.40 3.54 3.75 3.93 3.93 3.75 3.48 3.20
3.92 3.88 3.83 3.78 3.86 4.10 4.41 4.47 4.20 3.75 3.36 3.20 3.31 3.58 3.87 4.12 4.32 4.39 4.40 4.46 4.51 4.45 4.39 4.42 4.54 4.69 4.75 4.81 4.82 4.69 4.33 3.78 3.39 3.29 3.45 3.70 3.89 3.99 4.08 4.25 4.48 4.64 4.81 4.62 3.72 2.56 1.99 1.81 1.66 1.57 1.63 1.93 2.51 3.09 3.51 3.82 4.03 4.17 4.18 4.05 4.03 4.27 4.68 5.37 6.22 6.81 6.69 5.95 5.36 5.07 4.75 4.47 4.41 4.58 4.70 4.76 4.85 4.93 4.90 4.67 4.34 3.96 3.58 3.24
3.82 3.76 3.66 3.53 3.35 3.34 3.64 3.98 3.96 3.58 3.07 2.66 2.46 2.48 2.63 2.81 3.05 3.16 3.03 2.93 3.09 3.29 3.37 3.43 3.54 3.79 4.07 4.26 4.39 4.54 4.67 4.57 4.21 3.84 3.70 3.81 3.92 3.97 3.95 3.96 4.12 4.45 4.92 5.01 4.33 3.23 2.59 2.36 2.24 2.22 2.27 2.43 2.76 3.16 3.50 3.81 4.11 4.41 4.56 4.57 4.58 4.68 4.79 5.17 6.01 6.88 7.12 6.76 6.20 5.90 5.81 5.72 5.76 5.90 5.97 5.95 5.89 5.77 5.53 5.09 4.62 4.23 3.83 3.39
3.75 3.58 3.37 3.27 3.18 3.11 3.21 3.51 3.66 3.41 2.91 2.35 1.91 1.65 1.55 1.66 2.00 2.37 2.47 2.28 2.10 2.15 2.33 2.50 2.69 3.03 3.50 3.73 3.73 3.73 4.13 4.55 4.67 4.47 4.05 3.77 3.59 3.57 3.55 3.57 3.76 4.29 4.93 5.25 4.98 4.41 3.94 3.63 3.38 3.26 3.26 3.28 3.34 3.42 3.49 3.62 3.86 4.21 4.57 4.81 4.94 4.87 4.74 4.76 5.18 6.00 6.71 6.81 6.69 6.57 6.58 6.54 6.50 6.45 6.34 6.15 5.93 5.69 5.43 5.12 4.78 4.45 4.07 3.40
3.92 3.68 3.32 3.16 3.16 3.20 3.24 3.39 3.56 3.51 3.18 2.67 2.15 1.70 1.38 1.22 1.78 2.03 2.51 2.52 2.21 1.93 1.81 1.87 2.15 2.64 3.22 3.44 3.26 2.93 3.06 3.55 4.07 4.26 3.98 3.52 3.14 2.99 3.10 3.26 3.50 4.04 4.77 5.28 5.32 5.17 5.00 4.70 4.34 4.05 3.77 3.59 3.54 3.56 3.56 3.58 3.74 4.05 4.34 4.50 4.56 4.48 4.38 4.29 4.47 5.00 5.76 6.24 6.37 6.37 6.29 6.12 5.92 5.79 5.68 5.46 5.11 4.77 4.72 4.74 4.59 4.33 4.03 3.59
4.16 3.99 3.69 3.46 3.39 3.43 3.51 3.62 3.71 3.77 3.68 3.38 2.99 2.48 1.96 1.51 1.41 1.87 2.70 3.17 3.08 2.59 2.03 1.69 1.83 2.46 3.13 3.37 3.13 2.64 2.43 2.56 3.02 3.40 3.48 3.33 3.11 2.97 3.04 3.29 3.58 4.05 4.57 5.05 5.20 5.14 5.05 4.96 4.73 4.36 3.84 3.51 3.47 3.57 3.63 3.66 3.76 3.98 4.08 4.03 3.93 3.85 3.87 3.94 4.09 4.47 5.02 5.50 5.62 5.52 5.38 5.11 4.72 4.53 4.61 4.63 4.29 3.80 3.67 3.96 4.03 3.82 3.58 3.28
4.24 4.16 4.03 3.88 3.78 3.75 3.84 4.02 4.12 4.24 4.32 4.27 4.09 3.67 3.08 2.44 1.90 1.88 2.53 3.43 3.85 3.67 3.00 2.26 2.05 2.49 3.13 3.48 3.40 2.95 2.54 2.29 2.33 2.62 3.02 3.37 3.58 3.70 3.75 3.81 3.97 4.23 4.52 4.81 4.85 4.66 4.56 4.62 4.64 4.50 4.08 3.69 3.55 3.59 3.63 3.64 3.69 3.76 3.75 3.66 3.60 3.56 3.63 3.71 3.82 4.14 4.58 4.89 4.89 4.73 4.61 4.47 4.11 3.69 3.64 3.96 3.89 3.30 2.81 3.00 3.31 3.13 2.85 2.61
4.20 4.18 4.13 4.02 3.96 3.98 4.13 4.36 4.60 4.86 5.06 5.17 5.05 4.70 4.13 3.45 2.67 2.13 2.26 3.16 4.03 4.41 4.18 3.48 2.85 2.83 3.24 3.68 3.90 3.69 3.31 2.91 2.65 2.72 3.09 3.58 3.97 4.25 4.34 4.28 4.23 4.32 4.53 4.73 4.62 4.23 4.04 4.05 4.16 4.27 4.20 3.91 3.66 3.63 3.65 3.68 3.71 3.64 3.51 3.47 3.45 3.45 3.53 3.54 3.63 4.00 4.43 4.57 4.34 4.20 4.08 4.01 3.96 3.55 3.12 3.28 3.55 3.22 2.52 2.34 2.62 2.61 2.32 2.08
4.14 4.17 4.17 4.04 3.95 3.99 4.15 4.38 4.78 5.04 5.37 5.60 5.69 5.56 5.17 4.54 3.68 2.79 2.41 2.86 3.73 4.54 4.72 4.38 3.77 3.43 3.50 3.79 4.11 4.21 4.12 3.88 3.56 3.39 3.46 3.65 3.79 3.95 4.09 4.11 4.12 4.27 4.56 4.75 4.52 3.89 3.54 3.44 3.42 3.55 3.78 3.76 3.57 3.55 3.62 3.71 3.64 3.43 3.21 3.19 3.22 3.30 3.41 3.51 3.65 4.07 4.47 4.42 3.90 3.70 3.64 3.50 3.67 3.67 3.22 3.00 3.22 3.23 2.47 2.24 2.33 1.65 2.23 2.05
4.05 4.12 4.16 4.04 3.89 3.85 3.88 3.93 4.06 4.32 4.72 5.18 5.64 5.91 5.91 5.61 4.91 3.85 2.98 2.85 3.29 4.13 4.68 4.74 4.40 3.99 3.74 3.73 3.83 4.05 4.26 4.32 4.18 3.87 3.61 3.46 3.39 3.41 3.55 3.76 3.97 4.28 4.67 4.89 4.57 3.79 3.28 3.04 2.89 2.87 3.03 3.18 3.19 3.22 3.39 3.38 3.19 2.99 2.84 2.85 2.94 3.04 3.22 3.43 3.67 4.14 4.59 4.41 3.60 3.17 3.16 2.94 2.94 3.32 3.35 3.08 3.07 3.12 2.90 2.56 2.45 2.38 2.33 2.33
3.95 4.01 4.04 4.00 3.89 3.80 3.71 3.53 3.30 3.20 3.37 3.93 4.73 5.44 5.91 6.08 5.84 5.08 3.95 3.24 3.24 3.78 4.33 4.69 4.64 4.27 3.91 3.67 3.46 3.44 3.63 3.87 3.99 3.84 3.57 3.36 3.26 3.30 3.53 3.77 3.99 4.35 4.82 5.14 4.86 4.08 3.46 3.05 2.74 2.52 2.48 2.65 2.84 3.06 3.08 2.83 2.52 2.46 2.51 2.56 2.61 2.62 2.78 3.05 3.41 4.11 4.75 4.64 3.72 2.99 2.82 2.63 2.53 2.81 3.14 3.16 3.14 3.01 3.24 3.12 2.95 2.72 2.64 2.77
3.90 3.92 3.93 3.97 3.95 3.90 3.81 3.65 3.32 2.90 2.59 2.66 3.28 4.23 5.09 5.69 6.00 5.84 5.04 4.02 3.69 3.85 4.13 4.52 4.70 4.54 4.21 3.81 3.38 3.02 2.85 2.91 3.19 3.39 3.43 3.39 3.38 3.41 3.60 3.80 3.99 4.35 4.88 5.30 5.16 4.41 3.65 3.09 2.78 2.65 2.67 2.84 3.01 3.02 3.02 2.56 2.30 2.35 2.43 2.46 2.44 2.33 2.32 2.59 3.11 3.96 4.86 5.04 4.35 3.52 3.15 2.93 2.75 2.82 3.05 3.20 3.32 3.48 3.59 3.59 3.51 3.35 3.27 3.43
3.90 3.91 3.93 3.99 4.03 4.03 4.00 4.01 3.95 3.60 3.00 2.50 2.47 2.99 3.90 4.76 5.45 5.89 5.68 4.92 4.40 4.35 4.45 4.65 4.84 4.90 4.73 4.30 3.76 3.27 2.87 2.71 2.76 2.95 3.15 3.29 3.36 3.35 3.43 3.64 3.87 4.22 4.73 5.25 5.27 4.55 3.73 3.34 3.28 3.40 3.53 3.55 3.48 3.33 3.30 2.91 2.92 3.02 3.04 2.99 2.88 2.71 2.62 2.78 3.28 4.06 5.04 5.52 5.27 4.64 4.10 3.74 3.42 3.29 3.34 3.43 3.56 3.74 3.88 3.99 4.09 4.21 4.34 4.61
3.90 3.88 3.92 4.01 4.12 4.15 4.17 4.31 4.54 4.61 4.27 3.61 3.03 2.89 3.27 4.03 4.79 5.54 5.86 5.57 5.12 4.94 4.91 4.92 4.98 5.14 5.23 5.04 4.57 4.16 3.79 3.48 3.22 3.12 3.16 3.24 3.30 3.28 3.29 3.40 3.62 3.98 4.55 5.17 5.35 4.88 4.34 4.22 4.25 4.28 4.25 4.08 3.81 3.57 3.48 3.53 3.70 3.92 4.05 4.05 3.97 3.91 3.87 3.97 4.20 4.62 5.30 5.88 5.88 5.34 4.73 4.26 3.86 3.63 3.63 3.72 3.84 4.02 4.25 4.55 4.99 5.47 5.82 6.04
3.86 3.83 3.87 4.01 4.18 4.24 4.29 4.45 4.79 5.16 5.28 5.05 4.54 3.98 3.75 3.94 4.42 5.17 5.80 5.93 5.72 5.40 5.16 5.08 5.04 5.15 5.41 5.53 5.33 4.94 4.53 4.21 3.92 3.71 3.53 3.42 3.38 3.27 3.19 3.28 3.53 3.96 4.56 5.23 5.44 5.12 4.76 4.63 4.50 4.29 4.15 4.07 3.92 3.68 3.59 3.64 3.76 4.03 4.37 4.62 4.72 4.76 4.72 4.68 4.66 4.70 5.05 5.77 5.99 5.53 4.85 4.36 4.04 3.83 3.80 3.93 4.14 4.44 4.78 5.25 5.82 6.35 6.62 6.65
3.85 3.84 3.89 4.04 4.20 4.29 4.29 4.39 4.76 5.26 5.65 5.80 5.68 5.31 4.84 4.51 4.56 4.98 5.51 5.87 5.89 5.60 5.29 5.16 5.03 4.94 5.14 5.49 5.58 5.29 4.82 4.38 4.03 3.81 3.59 3.41 3.32 3.20 3.16 3.35 3.65 4.01 4.55 5.20 5.41 4.96 4.32 3.99 3.68 3.39 3.26 3.39 3.56 3.51 3.38 3.35 3.43 3.64 3.97 4.32 4.55 4.66 4.58 4.46 4.35 4.23 4.38 5.29 5.94 5.73 5.00 4.51 4.26 4.05 3.98 4.11 4.43 4.82 5.16 5.45 5.73 5.92 5.96 5.96
3.85 3.89 4.01 4.14 4.28 4.38 4.42 4.52 4.85 5.14 5.36 5.54 5.65 5.60 5.36 5.10 4.97 4.99 5.13 5.37 5.54 5.47 5.34 5.29 5.14 4.77 4.60 4.95 5.36 5.37 5.00 4.45 3.85 3.45 3.28 3.21 3.19 3.14 3.13 3.23 3.39 3.68 4.22 4.96 5.32 4.87 3.92 3.26 3.03 2.85 2.70 2.74 2.96 3.09 3.12 3.18 3.28 3.36 3.53 3.77 3.97 4.09 4.11 4.02 3.96 3.87 3.98 4.81 5.78 5.97 5.38 4.80 4.51 4.36 4.34 4.52 4.88 5.26 5.41 5.27 4.84 4.24 3.87 3.97
