project/data/elevation/US_DEM2016/US_DEM2016_point_10-28-2019_1957_30m_ang.asc
ncols	125
nrows	167
xllcorner	-2042055.000000
yllcorner	1465035.000000
cellsize	30.000000
NODATA_value	-9999.000000
[rows 0 to 41 of 167, columns 0 to 94 of 125]
337 334 329 328 331 333 335 336 339 341 345 347 346 343 343 345 347 349 347 343 339 337 338 342 345 346 348 349 344 335 326 319 318 318 315 308 305 311 317 322 325 326 327 327 328 328 326 324 325 329 332 337 342 344 345 347 348 346 343 341 340 338 335 334 336 338 341 342 339 336 335 335 336 336 336 337 337 336 334 337 343 345 340 337 338 342 345 346 343 335 332 333 332 328 327
337 334 329 328 331 333 335 336 339 341 345 347 346 343 343 345 347 349 347 343 339 337 338 342 345 346 348 349 344 335 326 319 318 318 315 308 305 311 317 322 325 326 327 327 328 328 326 324 325 329 332 337 342 344 345 347 348 346 343 341 340 338 335 334 336 338 341 342 339 336 335 335 336 336 336 337 337 336 334 337 343 345 340 337 338 342 345 346 343 335 332 333 332 328 327
342 336 329 328 329 329 330 331 334 338 343 346 346 342 340 344 348 351 351 346 339 335 335 340 345 348 352 354 349 338 329 323 320 320 320 315 311 312 315 319 322 324 325 326 328 331 332 330 329 329 330 334 340 344 345 346 348 348 346 344 341 338 334 332 332 335 339 341 341 339 337 337 337 337 335 335 335 333 331 334 341 345 340 335 337 342 347 350 346 337 333 335 335 333 331
349 340 331 329 328 324 321 322 324 329 336 343 345 340 335 340 348 354 356 349 339 332 332 337 344 351 1 5 357 343 334 329 326 327 328 327 323 319 316 317 320 324 327 328 329 332 336 335 332 328 327 330 336 341 343 343 346 347 347 347 345 341 336 331 327 327 331 336 339 340 339 339 340 339 336 332 331 328 324 325 335 341 336 332 335 344 353 356 350 340 336 337 337 336 333
348 341 333 331 330 325 319 316 317 320 327 337 343 339 332 334 343 353 356 348 337 332 332 337 345 357 8 10 358 345 339 336 333 333 334 334 331 329 326 323 322 325 328 329 329 331 334 334 332 328 327 330 334 338 340 340 338 338 340 342 343 343 341 336 329 323 322 324 328 332 335 337 339 338 335 331 327 324 321 321 328 332 329 327 332 345 356 359 349 339 337 338 336 332 330
344 339 334 332 332 329 323 317 313 312 317 329 339 338 330 332 341 350 351 343 334 331 333 340 351 3 11 5 354 346 342 339 337 337 338 337 335 333 333 329 323 321 323 325 327 329 331 331 329 327 327 331 336 340 341 339 336 334 333 334 336 339 342 340 333 324 319 317 317 319 324 328 331 331 329 327 325 323 321 321 324 324 322 320 327 344 357 358 346 339 338 338 333 328 326
340 338 335 334 334 332 328 322 314 308 309 320 332 333 328 331 341 349 348 340 331 329 334 345 357 7 7 358 350 344 340 338 338 340 340 339 337 336 336 334 328 322 319 319 322 324 326 325 324 323 325 330 339 345 346 343 341 340 339 337 334 333 336 337 332 327 323 321 320 320 321 324 327 327 325 324 324 322 321 322 323 321 318 316 321 338 354 353 343 337 337 335 329 326 325
336 336 336 337 337 335 332 326 318 311 308 313 322 326 324 328 339 350 350 339 327 327 336 350 1 6 1 353 347 342 338 337 338 340 341 340 340 340 340 339 336 329 322 318 317 319 320 319 318 319 322 330 339 347 349 348 346 346 347 347 342 335 332 332 330 327 326 325 326 327 327 326 328 328 326 325 325 322 322 323 323 320 318 317 319 332 347 346 339 336 335 331 327 326 331
332 334 337 340 340 338 335 329 324 319 316 316 317 319 320 323 335 349 352 338 326 326 336 352 3 1 354 349 346 341 337 337 338 339 340 342 343 344 344 344 342 338 331 325 322 321 322 321 319 319 322 329 338 344 347 348 348 350 353 351 345 338 333 331 329 327 326 327 330 332 331 328 327 327 326 327 327 325 325 326 325 322 321 314 324 331 342 339 335 334 334 330 328 333 341
327 331 339 343 343 341 338 332 328 327 326 323 321 318 317 318 330 347 350 338 328 329 340 354 358 353 348 345 344 341 338 336 336 336 338 341 343 345 346 347 347 344 340 336 332 329 326 323 321 320 323 330 336 339 340 341 346 352 354 348 341 337 335 332 330 328 328 330 334 335 332 328 327 328 329 329 329 329 331 332 331 328 327 330 332 337 340 335 332 334 334 332 334 342 345
320 326 338 344 345 343 340 335 333 334 333 331 328 324 320 318 326 341 344 336 332 336 348 355 352 347 344 342 340 339 337 334 333 333 335 338 339 340 343 345 347 346 344 342 339 334 327 322 320 321 326 333 337 339 337 334 339 348 348 342 337 335 334 332 330 329 330 334 339 338 333 329 328 329 331 332 331 332 336 338 337 334 334 335 339 343 340 332 329 333 338 338 340 344 344
313 319 333 342 345 344 341 339 339 340 340 338 336 334 329 326 328 334 337 335 336 343 353 354 348 344 343 340 337 336 334 331 330 331 334 334 332 333 336 340 342 344 344 344 342 338 329 321 319 322 328 336 342 346 344 337 336 339 339 337 335 333 333 333 330 328 330 336 341 341 335 329 327 329 332 333 332 333 336 336 333 331 331 333 339 345 340 329 327 334 341 342 343 343 343
313 316 324 335 341 342 340 340 343 345 345 344 343 342 339 336 335 333 332 332 337 347 354 350 344 341 340 336 333 331 329 326 325 327 330 328 325 326 329 331 334 337 339 342 343 340 332 323 320 322 328 335 342 347 347 342 338 336 335 335 333 331 332 333 332 329 330 336 341 342 337 330 328 330 333 333 331 329 327 322 316 315 317 323 332 340 340 332 328 333 339 342 343 343 343
321 320 323 327 332 335 337 339 342 345 345 346 347 348 346 344 343 338 331 329 336 349 350 342 339 337 334 331 328 325 322 318 317 320 322 320 318 318 320 321 324 327 330 336 339 338 332 326 324 326 330 335 340 342 341 340 339 337 334 333 331 330 331 333 333 331 331 335 340 341 338 331 330 332 334 333 327 324 322 318 315 315 316 320 326 333 338 337 332 332 336 339 341 341 341
324 325 328 327 325 325 327 330 333 335 336 339 343 347 347 348 350 347 337 331 336 346 343 337 335 333 327 325 323 320 317 316 318 324 324 319 315 316 317 317 318 319 321 325 330 332 331 329 330 333 338 341 341 337 336 339 341 338 333 331 330 330 332 333 334 334 335 337 340 341 337 333 333 335 335 332 329 328 327 324 323 323 324 325 327 331 338 341 334 330 333 335 336 336 337
320 324 331 331 325 316 310 310 312 314 316 321 329 335 339 345 354 355 347 341 340 340 339 338 337 334 327 324 326 327 326 325 325 328 330 329 326 326 325 325 324 324 324 326 327 329 330 332 335 339 344 345 341 336 336 340 344 339 332 330 330 331 334 336 336 337 339 341 342 341 338 337 338 340 337 334 333 333 330 325 324 326 328 328 329 333 339 344 337 329 330 333 333 332 334
317 320 328 333 328 314 305 305 308 310 312 314 320 325 327 337 352 359 357 351 344 339 339 341 342 340 334 331 332 334 333 330 327 329 333 334 334 333 332 332 332 332 332 331 330 330 332 336 340 343 346 345 339 335 336 342 346 340 333 330 331 333 336 338 339 340 341 343 344 343 342 343 346 344 339 337 337 337 332 327 325 327 330 331 333 337 341 346 341 330 328 331 331 332 336
322 323 329 334 332 323 318 318 320 322 324 326 330 332 331 335 347 358 359 352 346 343 342 343 343 341 337 335 335 336 337 335 330 329 332 334 336 337 337 335 334 334 334 333 331 330 333 339 342 344 345 342 336 334 337 343 345 338 332 331 331 333 336 339 341 342 343 343 343 343 345 349 350 345 341 341 342 342 338 333 330 330 332 334 337 341 343 346 343 333 327 329 332 336 341
326 329 337 340 334 327 325 326 329 331 334 336 339 342 343 344 347 354 356 349 347 347 345 343 342 340 338 336 336 337 338 338 336 333 332 334 337 339 339 337 335 334 334 333 331 331 333 337 339 341 343 340 336 335 338 344 342 334 331 330 331 332 334 337 340 343 343 342 341 342 345 348 349 345 343 344 346 346 344 341 337 335 335 338 341 343 343 343 342 336 330 330 334 339 341
326 331 342 340 331 326 327 330 333 337 339 342 345 349 352 353 353 355 352 347 347 349 346 343 342 340 338 337 337 336 337 338 338 338 337 337 337 339 339 338 336 334 334 335 335 335 334 332 334 337 339 338 336 337 341 344 339 332 330 330 331 332 332 333 335 338 341 342 341 338 339 342 344 343 344 346 347 346 345 345 344 342 341 341 342 343 342 341 341 341 338 333 334 337 336
332 335 339 334 328 326 329 333 337 340 343 345 348 353 357 359 1 358 351 347 348 349 346 344 343 342 340 338 338 337 335 336 338 339 340 339 338 338 338 338 337 335 336 338 340 339 335 331 331 334 336 337 338 341 344 342 336 332 330 330 331 330 329 326 325 327 333 338 337 332 329 331 334 337 340 343 344 343 343 345 346 345 346 345 343 343 344 344 345 347 346 337 333 332 332
347 343 337 332 328 328 330 334 338 342 344 346 349 353 359 4 6 1 350 347 348 347 346 345 344 343 341 340 339 338 335 334 336 338 339 340 337 335 335 337 338 337 341 343 340 337 334 332 331 332 334 336 340 344 346 342 337 333 332 331 329 327 322 314 308 306 309 316 322 320 317 317 320 324 329 334 337 336 337 341 343 345 348 348 345 344 345 347 350 353 351 340 333 332 331
344 341 337 334 331 331 332 336 339 342 343 346 349 353 359 6 8 359 349 345 344 344 344 344 343 342 341 341 340 338 336 334 335 337 339 339 333 331 333 337 339 341 344 342 337 334 332 330 329 330 332 335 340 344 345 343 339 336 334 332 328 321 315 306 298 294 294 299 306 309 308 306 307 310 315 321 325 326 330 335 337 340 345 348 348 346 345 346 350 354 351 340 334 334 336
333 334 336 334 333 333 335 337 339 341 343 345 349 353 359 6 5 355 348 343 339 339 339 340 339 338 338 339 338 338 336 335 335 337 338 334 328 327 332 338 342 341 340 337 335 332 329 328 327 328 330 334 338 341 343 342 342 341 339 337 332 325 319 314 310 307 306 308 312 314 309 303 298 299 303 310 314 318 324 330 331 334 340 345 348 346 344 343 347 351 349 341 334 334 336
321 326 332 333 333 334 335 337 338 340 342 345 349 354 360 3 359 350 346 342 336 335 334 334 333 333 333 335 336 336 337 337 338 337 334 328 323 324 332 338 339 339 336 334 333 332 329 327 327 328 330 334 337 339 339 340 343 346 346 344 340 333 326 323 322 321 319 319 320 320 316 309 301 296 298 303 306 308 315 322 324 327 333 340 346 347 345 345 347 350 350 344 334 332 332
312 317 325 329 331 334 335 335 337 338 340 343 348 352 357 359 353 347 346 344 339 337 334 333 331 329 330 332 334 336 339 343 344 339 330 324 322 327 334 336 337 336 334 333 332 331 330 329 329 330 331 333 336 337 337 339 344 349 351 350 344 336 330 328 327 327 326 325 324 322 321 319 312 306 304 304 301 300 304 311 315 321 328 334 341 346 347 346 348 350 351 347 337 331 331
308 312 320 324 329 334 337 337 337 338 339 343 348 351 355 350 349 346 346 344 342 339 336 334 332 329 328 331 334 339 347 351 347 340 335 332 331 333 336 336 335 333 332 331 330 330 330 331 332 333 333 333 334 335 335 338 344 351 353 350 344 338 335 333 333 332 332 332 329 327 326 326 322 316 314 312 307 303 305 308 311 316 322 327 334 342 346 346 346 349 351 347 338 332 332
308 311 318 322 327 333 338 341 342 342 343 346 350 352 355 355 349 344 344 342 339 337 335 333 331 329 329 332 339 349 355 349 343 340 339 338 336 336 337 337 335 331 329 328 328 329 330 332 336 337 336 333 332 333 334 338 346 349 349 346 342 339 339 340 340 339 338 338 336 334 334 331 326 322 321 320 316 313 314 315 314 314 317 321 327 336 343 347 346 347 349 346 338 332 332
309 311 316 321 324 329 335 341 344 344 346 348 351 354 357 358 350 342 339 336 335 334 333 331 330 328 329 335 349 354 348 342 340 340 339 339 339 338 337 337 335 330 327 326 326 328 331 334 338 341 339 335 333 332 333 339 345 345 343 340 337 337 340 343 346 347 345 343 342 342 341 337 331 328 327 326 322 321 323 325 323 317 314 316 321 328 338 345 347 347 348 346 339 333 331
312 314 318 321 323 325 331 338 343 345 346 347 349 352 358 355 351 341 334 330 330 331 331 330 328 326 328 337 346 343 338 337 339 340 339 339 339 339 338 337 334 330 326 325 326 328 332 335 339 341 341 338 337 336 337 340 341 341 339 334 332 334 338 344 348 349 349 349 349 348 347 343 338 335 333 330 328 328 330 333 332 325 317 312 314 320 329 339 347 349 348 346 342 336 333
315 318 323 325 325 325 328 335 342 346 347 347 347 350 357 349 348 338 332 328 327 329 330 329 323 319 326 333 332 331 331 334 336 338 338 337 338 339 338 335 332 329 326 325 326 329 332 334 336 338 340 340 340 341 342 341 339 338 335 329 327 329 335 340 344 346 348 350 352 351 350 348 346 343 340 336 334 335 337 337 336 331 324 315 309 311 318 329 341 348 350 348 345 341 336
312 315 324 328 328 326 327 332 340 347 349 350 350 352 357 357 346 337 332 331 331 332 336 339 328 321 328 330 324 321 323 327 330 332 333 333 334 336 335 332 329 326 326 327 330 333 334 334 333 334 337 338 340 345 346 344 338 334 330 323 322 326 332 336 338 338 341 347 350 350 350 351 350 348 345 342 340 340 340 339 337 334 330 322 313 308 309 315 326 339 347 349 349 346 339
307 309 315 322 326 326 326 330 337 344 350 353 354 356 359 357 346 337 336 341 343 3 352 349 339 332 332 332 327 320 315 317 321 324 326 326 328 330 330 328 325 323 324 328 332 335 336 333 330 330 332 334 338 346 350 347 339 333 325 318 318 322 327 332 333 331 335 341 344 346 348 349 349 347 348 348 348 345 342 340 339 337 333 326 320 315 311 309 313 323 335 344 349 348 339
310 308 309 313 318 321 322 325 331 339 346 353 356 358 0 359 349 341 344 9 358 348 349 349 343 337 335 335 333 329 324 321 321 321 322 323 324 326 326 325 322 321 321 323 325 327 329 328 325 326 327 329 335 346 352 350 341 333 324 317 315 318 324 328 328 327 330 335 337 338 343 345 343 342 347 352 354 351 345 343 343 341 333 327 325 324 321 317 314 313 319 332 343 346 337
320 317 315 317 319 321 321 321 325 332 341 350 356 359 1 2 355 349 6 1 348 349 350 349 346 342 339 338 337 337 335 332 331 328 325 324 324 324 324 322 320 319 320 319 316 315 318 321 322 323 325 325 331 344 353 350 342 333 324 318 317 320 325 327 326 324 326 330 331 333 340 342 336 336 344 353 354 353 349 347 348 343 334 329 330 331 332 330 326 321 321 325 336 342 337
325 324 325 327 329 330 328 325 324 327 335 344 354 0 4 5 2 352 347 349 346 347 348 348 347 345 342 340 340 340 339 338 336 335 331 327 325 325 324 322 321 322 323 323 321 320 321 325 327 327 326 325 329 341 352 349 342 334 326 321 321 324 328 329 327 324 322 325 325 328 338 340 332 331 341 348 350 351 352 353 352 344 337 334 335 338 339 337 334 332 331 332 336 342 341
322 324 329 333 336 339 338 334 330 327 329 335 346 358 6 9 3 349 355 343 343 344 345 346 346 346 344 343 343 343 342 340 337 336 335 333 330 328 326 325 326 329 331 329 327 327 328 331 334 335 331 326 328 340 352 349 341 334 327 322 323 326 331 331 330 327 322 320 320 323 334 340 330 328 337 342 343 346 350 354 353 347 342 340 342 344 344 339 334 333 333 335 338 344 346
318 321 329 335 338 341 342 341 338 332 326 327 335 352 7 11 359 343 338 338 338 339 341 342 344 344 344 345 345 345 346 343 337 334 334 333 332 330 328 328 331 335 338 335 332 332 333 336 339 340 336 329 327 338 351 349 341 334 327 322 323 329 334 337 337 335 329 321 316 318 329 338 330 326 333 337 338 340 344 349 351 349 346 346 348 350 346 338 334 333 333 334 338 344 349
313 317 327 334 337 338 340 343 343 338 331 325 328 344 354 7 353 356 334 333 333 333 335 337 339 339 341 343 344 347 348 346 340 335 332 331 332 331 329 329 332 337 340 339 337 336 337 337 339 340 337 330 327 336 350 348 340 333 326 321 322 328 335 339 341 341 335 324 314 313 323 334 329 324 328 335 334 333 335 340 346 348 348 351 354 351 343 337 337 338 339 339 340 346 353
310 313 324 332 334 334 336 341 344 341 335 333 335 341 348 354 1 341 348 331 328 328 329 332 334 336 338 340 342 346 348 347 343 338 333 332 332 332 331 330 331 335 338 339 339 341 341 340 339 338 337 333 329 336 347 346 338 332 325 320 319 322 327 332 336 338 336 326 314 308 316 327 324 320 325 333 333 328 327 332 341 345 348 354 355 348 340 338 340 343 345 346 348 351 358
309 312 322 330 333 333 336 341 343 341 339 341 348 357 348 17 352 342 341 337 331 329 329 331 333 334 336 338 340 343 345 346 343 338 335 333 333 334 333 333 334 336 335 336 338 342 344 345 345 343 341 339 336 337 344 342 335 330 325 320 317 318 319 319 321 325 329 328 320 310 310 317 317 316 322 332 333 325 321 327 338 342 345 351 350 344 340 339 342 345 347 350 354 358 3
312 315 324 332 335 336 338 342 343 341 341 346 356 2 353 342 340 343 346 345 339 334 334 333 333 332 333 335 337 339 342 342 340 337 335 333 333 334 334 335 338 339 336 333 334 339 343 345 346 347 347 347 344 342 342 339 332 328 326 320 318 320 321 320 321 324 327 328 326 320 314 312 310 310 316 327 331 322 318 326 338 341 340 343 343 341 340 341 343 345 347 350 355 2 8
