project/data/elevation/US_DEM2016/US_DEM2016_point_10-30-2019_0629_30m_vel.asc
ncols	125
nrows	167
xllcorner	-2042055.000000
yllcorner	1465035.000000
cellsize	30.000000
NODATA_value	-9999.000000
[rows 38 to 75 of 167, columns 0 to 83 of 125]
6.28 6.25 6.13 5.91 5.55 5.30 5.08 4.70 4.22 3.77 3.86 3.61 3.96 4.62 5.51 5.59 5.57 5.32 5.60 5.94 6.18 6.34 6.52 6.86 7.28 7.63 8.01 8.39 8.42 8.08 7.36 6.50 5.91 5.68 5.78 6.22 6.71 6.95 7.11 7.45 7.97 8.45 8.73 8.63 8.31 7.85 7.18 6.28 5.67 5.21 4.98 4.97 4.97 5.33 5.76 5.88 5.87 6.00 5.99 5.94 5.91 5.72 5.58 5.25 4.73 4.13 3.52 3.26 3.27 3.37 3.63 3.90 4.16 4.58 4.88 5.15 5.58 6.40 7.46 8.52 9.32 9.88 10.07 9.81
6.02 5.72 5.40 5.18 4.85 4.68 4.55 4.39 4.20 4.04 4.01 4.04 4.11 4.79 5.20 5.20 5.31 5.29 5.02 4.85 4.73 4.71 4.86 5.26 5.94 6.68 7.31 7.94 8.38 8.49 8.14 7.43 6.75 6.38 6.50 7.03 7.47 7.73 7.81 7.84 8.02 8.23 8.54 8.65 8.50 8.04 7.19 6.36 5.74 5.18 4.98 5.08 5.14 5.29 5.74 5.96 6.06 6.16 5.97 5.66 5.26 4.78 4.31 4.16 4.01 3.74 3.26 2.92 2.88 2.91 3.13 3.49 3.85 4.20 4.48 4.71 4.92 5.39 6.08 6.64 6.94 7.66 8.95 9.78
5.73 5.40 5.04 4.83 4.69 4.59 4.59 4.67 4.76 4.86 4.96 5.02 4.95 4.87 5.51 5.31 5.18 5.18 4.76 4.25 4.06 4.16 4.45 4.88 5.55 6.18 6.75 7.35 7.91 8.37 8.49 8.14 7.68 7.56 7.78 8.18 8.53 8.71 8.51 8.13 7.91 7.55 7.43 7.79 8.04 8.13 7.79 7.46 7.06 6.61 6.07 5.75 5.58 5.44 5.66 5.82 5.91 5.96 5.77 5.46 5.01 4.26 3.28 2.88 2.81 2.80 2.86 2.85 2.78 2.68 2.67 3.07 3.60 3.93 4.18 4.38 4.51 4.71 5.12 5.53 5.70 6.19 7.65 9.37
5.76 5.55 5.35 5.26 5.25 5.25 5.25 5.32 5.46 5.64 5.78 5.77 5.61 5.49 5.42 5.37 5.38 5.32 5.04 4.68 4.60 4.76 5.01 5.25 5.47 5.74 6.01 6.44 7.12 7.80 8.42 8.49 8.46 8.55 8.73 8.86 8.92 8.79 8.49 8.08 7.64 7.09 6.67 6.69 7.28 7.62 7.69 7.59 7.64 7.62 7.34 6.62 5.96 5.53 5.45 5.45 5.35 5.25 5.24 5.35 5.21 4.55 3.50 2.93 2.82 2.89 3.02 3.03 2.88 2.70 2.62 2.83 3.26 3.55 3.74 3.91 4.15 4.44 4.72 5.06 5.34 5.54 6.33 7.99
5.97 5.92 5.90 5.90 5.87 5.83 5.76 5.79 5.98 6.18 6.25 6.12 5.84 5.80 5.88 5.91 5.88 5.86 5.80 5.72 5.74 5.85 5.98 6.07 6.15 6.12 6.09 6.22 6.67 7.24 8.06 8.48 8.88 9.17 9.14 8.76 8.23 7.73 7.37 7.23 7.06 6.64 6.09 5.96 6.36 6.79 6.91 6.66 6.73 6.94 7.02 6.65 6.05 5.49 5.33 5.34 5.20 5.02 5.08 5.58 5.80 5.47 4.69 4.17 4.04 3.89 3.61 3.30 3.19 3.12 2.94 2.81 2.84 2.84 2.83 3.01 3.53 4.08 4.34 4.66 5.09 5.37 5.88 6.95
6.03 6.04 6.10 6.15 6.17 6.20 6.28 6.42 6.59 6.67 6.59 6.38 6.10 6.22 6.10 6.17 6.25 6.33 6.42 6.50 6.66 6.83 6.89 6.87 6.82 6.68 6.59 6.61 6.80 7.07 7.68 8.19 8.63 8.92 8.83 8.32 7.51 6.75 6.27 6.26 6.44 6.28 5.76 5.38 5.62 6.10 6.17 5.66 5.14 4.85 4.95 5.30 5.44 5.35 5.39 5.63 5.76 5.80 5.98 6.38 6.64 6.52 6.02 5.57 5.06 4.55 4.21 4.06 3.96 3.61 3.11 2.66 2.44 2.32 2.16 2.33 2.88 3.50 3.71 4.00 4.67 5.35 5.88 6.32
6.06 6.12 6.28 6.42 6.63 6.93 7.21 7.36 7.34 7.17 6.92 6.67 6.40 6.28 6.20 6.31 6.45 6.59 6.71 6.82 6.98 7.07 7.06 6.95 6.80 6.63 6.59 6.65 6.85 7.09 7.61 7.81 7.94 7.90 7.86 7.76 7.41 6.75 5.90 5.51 5.62 5.78 5.52 5.06 5.06 5.50 5.41 4.84 4.12 3.70 3.69 4.00 4.48 4.88 5.36 5.92 6.30 6.56 6.75 6.91 7.13 7.14 6.68 6.05 5.35 5.00 4.93 4.77 4.27 3.46 2.92 2.67 2.53 2.39 2.30 2.42 2.85 3.30 3.41 3.51 4.11 4.95 5.42 5.63
6.25 6.43 6.75 7.00 7.23 7.48 7.69 7.78 7.69 7.44 7.15 6.91 6.73 6.60 6.69 6.79 6.84 6.89 6.93 6.89 6.76 6.57 6.45 6.42 6.43 6.40 6.38 6.48 6.82 7.18 7.57 7.41 7.10 6.84 6.75 6.98 7.11 6.89 6.01 5.21 4.88 5.09 5.08 4.72 4.70 5.04 5.06 4.77 4.52 4.39 4.21 4.00 4.02 4.47 5.25 5.96 6.26 6.43 6.54 6.77 7.03 7.21 6.91 6.37 5.94 5.73 5.39 4.75 3.96 3.42 3.25 3.31 3.30 3.20 3.10 3.15 3.40 3.62 3.78 3.64 3.92 4.37 4.83 5.16
6.35 6.60 7.01 7.27 7.34 7.34 7.29 7.27 7.26 7.17 7.03 6.86 6.86 7.00 7.21 7.30 7.27 7.17 7.01 6.78 6.45 6.12 5.93 5.96 6.13 6.25 6.34 6.53 6.89 7.15 7.20 6.84 6.42 6.13 5.94 5.95 6.19 6.47 6.19 5.38 4.65 4.56 4.71 4.75 4.90 5.19 5.35 5.22 5.09 4.80 4.39 4.10 4.20 4.77 5.52 5.91 6.04 6.15 6.33 6.65 6.91 7.18 7.14 6.82 6.39 5.88 5.02 4.45 4.25 4.31 4.46 4.49 4.44 4.35 4.31 4.31 4.31 4.25 4.19 4.19 4.81 4.47 4.74 5.10
6.20 6.35 6.67 6.92 6.92 6.78 6.58 6.42 6.39 6.47 6.51 6.45 6.69 6.71 6.92 7.06 7.12 7.03 6.81 6.55 6.27 5.99 5.80 5.77 5.87 6.02 6.18 6.46 6.76 6.80 6.56 6.18 6.01 5.74 5.38 5.19 5.29 5.74 6.06 5.83 5.05 4.72 4.84 5.19 5.42 5.68 5.70 5.26 4.66 4.12 3.94 4.12 4.85 5.81 6.31 6.32 6.29 6.38 6.55 6.78 6.99 7.28 7.23 6.88 6.34 5.64 5.12 5.09 5.45 5.85 6.06 6.06 5.98 5.86 5.73 5.62 5.51 5.30 5.16 5.11 4.92 4.88 5.04 5.21
6.07 6.09 6.13 6.30 6.40 6.30 6.07 5.86 5.77 5.83 5.95 5.99 5.98 6.07 6.13 6.24 6.43 6.55 6.52 6.36 6.11 5.86 5.67 5.56 5.55 5.64 5.75 6.02 6.35 6.37 6.26 6.10 5.99 5.73 5.18 4.67 4.63 5.01 5.58 5.80 5.39 4.90 4.76 4.93 5.14 5.48 5.62 5.08 4.39 4.13 4.39 5.25 6.38 7.13 7.37 7.05 6.78 6.66 6.75 7.01 7.30 7.61 7.56 7.20 6.93 6.86 7.09 7.51 7.91 8.20 8.28 8.26 8.17 8.05 7.87 7.69 7.50 7.16 6.71 6.14 5.49 5.10 5.16 5.17
6.16 6.16 5.97 5.88 6.02 6.14 6.06 5.85 5.71 5.71 5.89 6.01 6.08 5.98 5.99 6.03 6.16 6.30 6.36 6.25 5.97 5.67 5.45 5.33 5.29 5.31 5.34 5.57 5.94 6.02 6.08 6.13 6.16 6.08 5.58 4.76 4.44 4.44 4.83 5.23 5.11 4.62 4.22 4.09 4.34 4.91 5.49 5.42 5.04 5.12 5.98 7.13 7.91 8.18 7.99 7.44 7.02 6.83 6.91 7.29 7.66 8.11 8.24 8.24 8.32 8.71 9.24 9.75 10.15 10.36 10.43 10.41 10.36 10.28 10.12 9.87 9.57 9.19 8.48 7.43 6.32 5.45 5.17 5.01
6.24 6.28 6.10 5.84 5.85 6.09 6.29 6.25 6.11 6.15 6.45 6.71 6.82 6.75 6.63 6.55 6.47 6.40 6.32 6.19 5.95 5.63 5.33 5.15 5.11 5.18 5.25 5.45 5.64 5.58 5.48 5.67 5.88 6.18 6.20 5.62 4.97 4.53 4.57 4.93 4.97 4.71 4.47 4.35 4.50 4.97 5.79 6.23 6.39 6.95 7.89 8.47 8.64 8.32 7.87 7.31 6.98 6.85 6.79 6.94 7.27 7.87 8.33 8.52 8.79 9.13 9.46 9.83 10.08 10.25 10.37 10.47 10.51 10.49 10.37 10.17 9.93 9.70 9.29 8.68 7.81 6.71 5.64 5.03
6.18 6.16 6.05 5.96 5.88 5.98 6.26 6.46 6.48 6.55 6.94 7.37 7.51 7.43 7.25 6.96 6.65 6.41 6.27 6.18 6.02 5.74 5.38 5.08 4.99 5.13 5.26 5.37 5.28 4.91 4.78 4.90 5.13 5.75 6.25 6.29 5.75 5.30 5.26 5.50 5.69 5.79 5.85 5.80 5.81 6.15 7.01 7.89 8.70 9.21 9.31 9.10 8.58 7.85 7.39 6.91 6.62 6.38 6.13 5.99 6.17 6.63 7.42 7.78 7.93 7.84 7.60 7.48 7.35 7.45 7.68 8.05 8.21 8.28 8.22 8.17 8.27 8.26 8.24 8.29 8.17 7.74 6.91 5.79
6.02 5.79 5.58 5.61 5.64 5.74 6.00 6.34 6.54 6.59 6.89 7.33 7.49 7.47 7.26 6.86 6.41 6.13 6.04 6.01 5.89 5.68 5.40 5.09 4.95 5.04 5.16 5.19 4.91 4.36 4.23 4.32 4.49 4.94 5.73 6.14 6.13 6.07 6.18 6.52 6.80 6.96 7.01 7.09 7.30 7.75 8.45 9.20 9.77 9.92 9.66 9.00 8.27 7.49 7.01 6.56 6.19 5.81 5.60 5.46 5.56 5.85 6.29 6.69 6.66 6.00 5.28 4.61 4.29 4.29 4.52 4.92 5.21 5.27 5.38 5.46 5.76 5.93 5.98 6.20 6.70 6.99 6.92 6.42
5.86 5.50 5.12 5.01 5.09 5.33 5.66 6.07 6.43 6.50 7.02 6.74 6.71 6.71 6.56 6.26 5.90 5.63 5.55 5.58 5.55 5.44 5.35 5.25 5.13 5.06 5.08 5.09 4.85 4.43 4.26 4.29 4.37 4.57 5.03 5.64 6.04 6.15 6.33 6.71 7.09 7.23 7.35 7.57 7.98 8.43 8.83 9.12 9.20 9.12 8.91 8.54 7.96 7.37 6.92 6.51 6.17 5.86 5.81 5.78 5.86 5.96 6.03 6.19 5.96 5.20 4.40 3.87 3.65 3.51 3.30 3.11 3.15 3.26 3.39 3.56 3.91 4.23 4.28 4.15 4.26 4.57 4.81 5.03
5.83 5.53 5.14 4.97 4.92 4.95 5.10 5.52 5.93 6.07 5.93 6.02 5.52 5.51 5.42 5.36 5.22 4.99 4.91 5.10 5.36 5.46 5.50 5.52 5.40 5.25 5.19 5.24 5.24 5.14 4.96 4.74 4.56 4.44 4.53 5.09 5.57 5.69 5.77 6.02 6.41 6.71 6.96 7.34 7.84 8.14 8.17 7.89 7.42 7.42 7.72 7.94 7.77 7.41 7.02 6.68 6.38 6.21 6.26 6.21 6.15 6.11 5.99 6.10 5.97 5.41 4.91 4.58 4.29 3.87 3.22 2.47 2.06 1.94 2.01 2.17 2.51 2.86 2.96 2.71 2.46 2.44 2.71 3.23
6.00 5.84 5.68 5.57 5.37 5.03 4.68 4.71 5.06 5.30 5.24 5.54 4.62 4.60 4.59 4.95 4.59 4.49 4.48 4.82 5.35 5.77 5.92 5.85 5.73 5.58 5.51 5.56 5.61 5.63 5.39 5.01 4.62 4.30 4.27 4.70 5.18 5.41 5.40 5.47 5.71 6.07 6.43 6.95 7.36 7.40 7.06 6.53 6.30 6.40 6.78 7.25 7.40 7.29 6.93 6.66 6.40 6.24 6.22 6.01 5.76 5.57 5.55 5.84 6.06 5.86 5.55 5.23 4.56 3.81 3.04 2.43 1.98 1.64 1.47 1.43 1.49 1.67 1.79 1.86 1.95 2.22 2.81 3.48
6.28 6.38 6.52 6.48 6.21 5.74 5.06 4.74 4.80 5.00 5.03 5.55 5.31 4.67 4.70 4.63 4.63 4.65 4.72 5.05 5.59 6.15 6.38 6.39 6.31 6.24 6.12 6.02 5.92 5.86 5.56 5.32 5.11 4.84 4.69 4.99 5.53 5.85 5.83 5.79 5.85 6.05 6.30 6.73 6.85 6.56 5.95 5.60 5.44 5.52 5.89 6.44 6.83 6.81 6.51 6.27 6.04 5.80 5.57 5.19 4.89 4.76 5.00 5.49 6.02 6.09 5.79 5.27 4.48 3.82 3.37 3.17 3.01 2.58 2.03 1.52 1.20 1.19 1.70 2.04 2.57 3.39 4.37 4.93
6.46 6.73 7.05 7.12 6.98 6.65 6.13 5.70 5.46 5.43 6.39 5.33 5.35 5.53 5.69 5.73 5.74 5.82 5.82 5.92 6.24 6.68 6.97 7.13 7.19 7.16 6.93 6.64 6.48 6.53 6.56 6.51 6.39 6.15 5.84 5.91 6.35 6.67 6.78 6.76 6.70 6.53 6.49 6.57 6.36 5.71 5.16 4.72 4.56 4.66 5.02 5.63 6.19 6.22 6.06 5.85 5.58 5.22 4.84 4.60 4.57 4.74 5.20 5.68 6.08 6.04 5.64 5.09 4.53 4.35 4.41 4.41 4.04 3.45 2.87 2.52 2.42 2.51 2.79 3.39 4.35 5.39 5.97 5.97
6.41 6.57 6.81 7.03 7.24 7.29 7.02 6.59 6.15 5.83 5.70 5.78 6.08 6.46 6.85 7.07 7.22 7.35 7.40 7.35 7.40 7.44 7.58 7.77 7.90 7.80 7.56 7.24 7.09 7.11 7.21 7.14 7.03 6.84 6.52 6.38 6.55 6.83 7.13 7.31 7.29 7.02 6.70 6.30 5.60 4.87 4.32 3.96 3.80 3.81 4.13 4.74 5.37 5.71 5.76 5.66 5.47 5.22 5.05 5.15 5.35 5.72 6.20 6.54 6.61 6.32 5.82 5.47 5.30 5.37 5.46 5.24 4.63 3.97 3.60 3.53 3.65 3.93 4.50 5.36 6.26 6.69 6.64 6.18
6.27 6.18 6.22 6.45 6.84 7.20 7.27 6.94 6.41 5.90 7.05 5.71 6.15 6.73 7.22 7.57 7.81 7.99 8.15 8.18 8.05 7.87 7.83 7.91 7.95 7.87 7.73 7.51 7.37 7.18 6.77 6.38 6.21 6.24 6.26 6.31 6.39 6.60 6.87 7.19 7.36 7.18 6.72 5.98 4.90 4.00 3.48 3.26 3.12 3.13 3.27 3.72 4.52 5.24 5.63 5.78 5.81 5.79 5.86 5.92 6.13 6.56 7.05 7.48 7.58 7.52 6.92 6.54 6.51 6.48 6.09 5.54 5.03 4.82 4.85 5.02 5.39 5.93 6.62 7.23 7.40 7.11 6.53 5.92
6.21 6.04 5.89 5.90 6.02 6.27 6.57 6.61 6.32 5.82 5.39 5.26 5.48 5.92 6.36 6.68 6.90 6.99 7.03 7.11 7.18 7.19 7.17 7.13 7.07 7.09 7.10 7.14 7.19 7.18 6.81 6.14 5.69 5.64 5.99 6.38 6.66 6.78 6.84 6.93 7.00 6.75 6.34 5.68 4.71 3.70 3.11 2.93 2.95 3.03 3.11 3.39 4.12 5.03 5.70 6.14 6.41 6.56 6.58 6.45 6.55 7.08 7.64 8.08 8.40 8.73 8.54 7.86 7.49 7.32 6.80 6.31 6.21 6.59 7.03 7.46 7.92 8.33 8.53 8.32 7.74 6.98 6.31 5.76
6.06 5.81 5.56 5.48 5.27 5.20 5.45 5.79 5.82 5.44 4.88 4.45 4.26 4.32 4.54 4.73 4.88 4.83 4.54 4.43 4.86 5.35 5.47 5.36 5.25 5.53 5.94 6.21 6.52 6.96 7.23 7.16 6.82 6.50 6.43 6.64 6.80 6.82 6.68 6.49 6.34 6.19 5.99 5.76 5.20 4.42 3.88 3.80 3.89 4.00 4.11 4.32 4.73 5.32 5.82 6.27 6.70 7.09 7.26 7.38 7.62 8.02 8.15 8.17 8.47 9.03 9.20 8.96 8.65 8.51 8.41 8.34 8.61 9.02 9.30 9.50 9.63 9.61 9.29 8.54 7.68 6.95 6.37 5.80
5.76 5.40 5.07 5.04 4.95 4.83 4.84 5.09 5.28 5.01 4.41 3.73 3.14 2.78 2.65 2.75 2.96 3.05 2.95 2.77 2.85 3.20 3.44 3.53 3.80 4.32 5.03 5.41 5.71 6.03 6.63 7.20 7.44 7.38 6.97 6.63 6.35 6.21 5.99 5.76 5.68 5.90 6.09 6.30 6.29 6.21 5.94 5.78 5.69 5.68 5.73 5.74 5.73 5.81 5.89 6.08 6.44 6.96 7.52 8.05 8.45 8.42 8.04 7.56 7.43 7.97 8.70 8.98 9.23 9.47 9.69 9.87 10.05 10.09 10.00 9.81 9.59 9.24 8.69 8.06 7.47 6.96 6.46 5.82
5.70 5.40 5.04 4.90 4.90 4.90 4.87 4.94 5.09 4.99 4.51 3.80 3.04 2.40 1.98 1.82 2.24 2.60 3.05 3.03 2.67 2.35 2.31 2.65 3.27 4.03 4.79 5.09 5.16 5.10 5.36 5.94 6.60 6.99 6.77 6.15 5.54 5.20 5.17 5.18 5.31 5.79 6.32 6.84 7.16 7.48 7.54 7.32 7.06 6.86 6.54 6.23 6.08 6.06 6.04 6.10 6.37 6.90 7.48 7.88 7.97 7.65 7.10 6.52 6.39 6.75 7.48 8.14 8.66 9.11 9.32 9.35 9.28 9.11 8.86 8.50 8.03 7.50 7.24 7.05 6.78 6.47 6.13 5.65
5.94 5.83 5.63 5.39 5.26 5.25 5.23 5.26 5.30 5.29 5.08 4.63 4.07 3.40 2.77 2.33 2.15 3.04 3.93 4.30 3.99 3.30 2.82 2.88 3.46 4.33 4.98 5.12 4.97 4.67 4.55 4.68 5.21 5.70 5.91 5.72 5.32 5.01 5.01 5.28 5.64 6.16 6.51 6.87 7.17 7.49 7.62 7.62 7.48 7.14 6.47 6.04 5.98 6.12 6.21 6.30 6.54 7.01 7.30 7.23 6.83 6.28 5.91 5.75 5.84 6.13 6.51 7.01 7.47 7.78 7.85 7.68 7.31 7.05 6.98 6.80 6.31 5.72 5.45 5.59 5.59 5.41 5.17 4.91
6.08 6.10 6.11 6.00 5.84 5.70 5.68 5.82 5.90 5.99 6.03 5.92 5.65 5.10 4.38 3.72 3.37 3.61 4.30 5.09 5.30 4.96 4.38 4.07 4.33 4.94 5.39 5.54 5.45 5.02 4.61 4.30 4.28 4.63 5.24 5.77 6.05 6.16 6.21 6.31 6.52 6.71 6.63 6.59 6.66 6.79 6.94 7.12 7.21 7.11 6.62 6.21 6.10 6.19 6.27 6.35 6.54 6.83 6.88 6.49 5.98 5.57 5.39 5.39 5.43 5.55 5.69 6.00 6.36 6.52 6.55 6.43 6.02 5.53 5.30 5.42 5.19 4.54 3.92 3.92 4.17 4.01 3.76 3.60
6.10 6.15 6.23 6.17 6.07 6.00 6.11 6.36 6.67 6.99 7.22 7.29 7.03 6.50 5.78 5.04 4.40 4.12 4.37 5.24 5.96 6.27 6.14 5.75 5.54 5.79 6.08 6.26 6.35 6.04 5.62 5.14 4.79 4.90 5.48 6.20 6.79 7.20 7.30 7.18 7.00 6.81 6.48 6.28 6.23 6.17 6.22 6.30 6.48 6.65 6.65 6.44 6.26 6.28 6.35 6.48 6.67 6.76 6.46 5.91 5.48 5.24 5.17 5.09 5.06 5.17 5.33 5.50 5.59 5.65 5.60 5.55 5.42 4.90 4.26 4.15 4.25 3.87 3.08 2.68 2.82 2.84 2.62 2.51
6.13 6.18 6.27 6.14 6.00 6.00 6.19 6.51 6.99 7.45 7.86 8.03 7.98 7.69 7.16 6.41 5.56 4.89 4.76 5.29 6.07 6.82 6.98 6.83 6.66 6.78 6.81 6.77 6.82 6.82 6.72 6.48 6.16 6.03 6.19 6.47 6.71 6.91 7.00 6.88 6.67 6.47 6.24 6.04 5.87 5.55 5.43 5.38 5.41 5.63 5.99 6.13 6.10 6.21 6.40 6.64 6.69 6.40 5.77 5.20 4.96 4.93 4.96 5.04 5.12 5.26 5.29 5.13 4.86 4.78 4.74 4.65 4.77 4.63 3.99 3.48 3.47 3.44 2.74 2.25 2.20 1.93 2.35 2.34
6.13 6.16 6.20 6.06 5.88 5.83 5.87 5.97 6.22 6.62 7.12 7.62 8.06 8.29 8.24 7.85 7.05 6.05 5.49 5.53 5.89 6.62 7.11 7.32 7.39 7.37 7.11 6.72 6.53 6.69 6.96 7.13 7.05 6.75 6.48 6.30 6.16 6.07 6.10 6.24 6.30 6.27 6.15 5.95 5.62 5.19 4.94 4.77 4.65 4.65 4.90 5.24 5.52 5.78 6.14 6.27 6.02 5.45 4.77 4.46 4.46 4.57 4.78 5.05 5.16 5.11 4.95 4.55 3.95 3.64 3.65 3.47 3.42 3.74 3.72 3.32 3.11 3.12 2.90 2.56 2.41 2.46 2.65 2.92
6.04 6.02 5.96 5.93 5.84 5.74 5.61 5.36 5.09 4.97 5.22 5.99 7.00 7.86 8.44 8.59 8.25 7.45 6.50 6.02 6.02 6.48 6.96 7.40 7.58 7.38 6.91 6.40 5.94 5.88 6.15 6.51 6.72 6.59 6.35 6.10 5.92 5.89 6.09 6.32 6.35 6.30 6.22 6.13 5.88 5.47 5.14 4.73 4.31 4.03 4.07 4.48 5.03 5.54 5.68 5.43 4.82 4.22 3.92 3.85 3.86 3.90 4.17 4.46 4.48 4.49 4.55 4.27 3.54 2.89 2.68 2.56 2.49 2.75 3.13 3.22 3.21 3.02 3.34 3.32 3.29 3.29 3.49 3.94
5.98 5.89 5.80 5.87 5.90 5.86 5.71 5.43 4.91 4.30 3.94 4.19 5.15 6.42 7.52 8.23 8.53 8.32 7.64 6.90 6.67 6.78 7.02 7.40 7.55 7.32 6.83 6.20 5.56 5.13 4.97 5.10 5.52 5.87 6.05 6.08 6.07 6.12 6.32 6.45 6.39 6.29 6.31 6.36 6.21 5.73 5.17 4.52 4.17 4.16 4.43 4.92 5.36 5.51 5.46 4.79 4.07 3.69 3.58 3.52 3.41 3.29 3.27 3.43 3.72 4.17 4.75 4.87 4.35 3.67 3.33 3.15 2.97 2.92 3.12 3.37 3.61 3.86 4.08 4.26 4.40 4.59 4.83 5.35
6.00 5.92 5.85 5.93 6.02 6.04 5.98 5.92 5.70 5.14 4.38 3.91 4.13 4.95 6.10 7.16 7.94 8.43 8.35 7.92 7.66 7.64 7.72 7.80 7.74 7.53 7.14 6.50 5.77 5.24 4.87 4.79 4.94 5.25 5.61 5.91 6.05 6.07 6.13 6.24 6.16 6.07 6.09 6.19 6.11 5.56 5.03 4.79 5.03 5.53 5.96 6.16 6.14 5.91 5.69 5.08 4.81 4.68 4.53 4.31 4.09 3.86 3.72 3.81 4.37 5.12 5.90 6.23 6.03 5.55 5.09 4.69 4.19 3.88 3.83 3.96 4.23 4.58 4.90 5.28 5.78 6.35 6.85 7.58
6.04 5.92 5.89 6.01 6.17 6.22 6.26 6.41 6.64 6.65 6.19 5.47 4.99 5.02 5.55 6.48 7.39 8.27 8.70 8.73 8.69 8.60 8.43 8.19 7.88 7.70 7.59 7.31 6.77 6.41 6.15 5.91 5.63 5.51 5.62 5.82 5.95 5.97 5.93 5.81 5.69 5.66 5.78 5.95 6.05 6.00 6.07 6.45 6.88 7.15 7.18 6.94 6.57 6.19 6.00 6.01 6.12 6.23 6.22 6.11 5.98 5.93 5.96 6.16 6.48 6.77 6.99 7.14 6.98 6.49 5.88 5.28 4.70 4.43 4.47 4.69 4.97 5.37 5.95 6.85 7.96 8.93 9.61 10.15
6.03 5.91 5.90 6.07 6.30 6.39 6.48 6.73 7.20 7.67 7.83 7.63 7.17 6.62 6.41 6.71 7.37 8.31 9.03 9.34 9.46 9.23 8.67 8.15 7.75 7.67 7.83 7.93 7.76 7.43 7.13 6.91 6.62 6.40 6.21 6.11 6.08 5.95 5.73 5.52 5.52 5.74 5.96 6.22 6.43 6.65 6.97 7.28 7.36 7.18 6.97 6.79 6.60 6.35 6.24 6.32 6.42 6.66 6.96 7.21 7.38 7.51 7.56 7.52 7.30 6.97 6.71 6.85 6.80 6.30 5.63 5.11 4.82 4.74 4.93 5.34 5.84 6.51 7.51 8.82 10.03 10.89 11.23 11.17
6.06 5.99 6.00 6.19 6.40 6.50 6.53 6.76 7.40 8.16 8.73 8.95 8.85 8.48 7.98 7.72 7.99 8.62 9.16 9.45 9.53 9.20 8.50 7.84 7.43 7.34 7.58 7.92 8.00 7.74 7.33 7.01 6.70 6.48 6.25 6.07 6.00 5.82 5.64 5.67 5.88 6.06 6.20 6.42 6.56 6.48 6.34 6.24 5.93 5.63 5.51 5.70 6.01 6.11 5.98 5.93 6.01 6.24 6.58 6.97 7.30 7.52 7.40 7.01 6.39 5.76 5.48 5.93 6.35 6.15 5.57 5.23 5.15 5.20 5.51 6.05 6.79 7.71 8.81 9.72 10.31 10.53 10.38 10.00
6.13 6.12 6.21 6.40 6.58 6.69 6.77 7.10 7.83 8.36 8.61 8.71 8.81 8.84 8.74 8.69 8.83 8.98 8.93 8.86 8.82 8.56 8.05 7.58 7.23 6.96 6.91 7.27 7.63 7.65 7.34 6.87 6.22 5.78 5.63 5.67 5.74 5.68 5.60 5.57 5.58 5.68 5.87 6.11 6.24 5.96 5.43 4.93 4.76 4.65 4.61 4.80 5.19 5.47 5.57 5.67 5.80 5.88 6.01 6.24 6.52 6.62 6.36 5.73 5.12 4.73 4.69 5.29 6.16 6.44 6.08 5.75 5.75 5.97 6.47 7.18 8.04 8.95 9.48 9.51 8.84 7.77 7.01 6.80
