project/data/elevation/US_DEM2016/US_DEM2016_point_10-28-2019_2158_30m_vel.asc
ncols	125
nrows	167
xllcorner	-2042055.000000
yllcorner	1465035.000000
cellsize	30.000000
NODATA_value	-9999.000000
[rows 114 to 151 of 167, columns 0 to 83 of 125]
1.49 1.40 1.30 1.27 1.31 1.46 1.62 1.61 1.46 1.35 1.33 1.30 1.26 1.26 1.30 1.38 1.53 1.67 1.75 1.87 2.11 2.17 1.79 1.44 1.60 1.84 1.87 1.81 1.70 1.62 1.61 1.57 1.49 1.37 1.20 0.97 0.75 0.75 0.91 1.13 1.33 1.53 1.84 2.16 2.20 1.95 1.61 1.29 1.23 1.49 1.82 2.02 2.02 1.84 1.62 1.42 1.23 1.08 1.00 0.97 1.01 1.11 1.22 1.37 1.54 1.75 1.97 2.02 1.88 1.62 1.39 1.19 1.00 0.95 1.06 1.20 1.31 1.45 1.79 2.20 2.16 1.71 1.44 1.34
1.54 1.46 1.35 1.31 1.33 1.43 1.52 1.46 1.29 1.20 1.22 1.23 1.23 1.27 1.42 1.61 1.76 1.85 1.88 1.95 2.07 2.06 1.69 1.45 1.59 1.72 1.73 1.77 1.75 1.66 1.60 1.57 1.51 1.37 1.19 1.02 0.88 0.88 0.99 1.20 1.40 1.59 1.88 2.14 2.12 1.83 1.51 1.25 1.22 1.48 1.84 2.01 1.98 1.82 1.62 1.41 1.27 1.19 1.09 0.99 1.00 1.10 1.22 1.38 1.56 1.76 1.94 1.97 1.83 1.60 1.38 1.19 1.01 0.95 1.05 1.18 1.28 1.44 1.78 2.19 2.17 1.75 1.48 1.36
1.59 1.50 1.37 1.31 1.30 1.33 1.38 1.34 1.23 1.21 1.26 1.31 1.37 1.51 1.71 1.89 1.96 1.93 1.89 1.85 1.87 1.90 1.74 1.55 1.54 1.54 1.56 1.71 1.81 1.74 1.61 1.56 1.51 1.37 1.22 1.12 1.02 0.97 1.05 1.26 1.43 1.59 1.86 2.08 2.03 1.78 1.48 1.25 1.26 1.54 1.85 1.98 1.93 1.79 1.63 1.46 1.34 1.29 1.18 1.06 1.04 1.12 1.22 1.36 1.56 1.74 1.86 1.91 1.82 1.61 1.38 1.18 1.00 0.94 1.04 1.17 1.27 1.44 1.76 2.14 2.18 1.84 1.54 1.45
1.62 1.52 1.37 1.31 1.26 1.25 1.29 1.31 1.28 1.30 1.37 1.48 1.63 1.81 1.95 2.03 1.95 1.81 1.74 1.64 1.63 1.80 1.84 1.70 1.54 1.43 1.43 1.64 1.86 1.82 1.63 1.54 1.51 1.42 1.30 1.17 1.00 0.92 1.01 1.22 1.39 1.58 1.84 2.01 1.95 1.76 1.53 1.30 1.33 1.60 1.83 1.90 1.85 1.78 1.69 1.54 1.41 1.34 1.24 1.12 1.07 1.11 1.21 1.33 1.52 1.67 1.75 1.85 1.85 1.65 1.40 1.19 1.00 0.95 1.05 1.18 1.28 1.44 1.73 2.10 2.20 1.94 1.63 1.55
1.63 1.53 1.39 1.31 1.24 1.21 1.28 1.33 1.33 1.36 1.50 1.68 1.84 1.94 1.99 1.93 1.73 1.59 1.56 1.45 1.49 1.75 1.90 1.83 1.60 1.39 1.33 1.55 1.86 1.88 1.67 1.53 1.50 1.48 1.37 1.15 0.92 0.85 0.96 1.19 1.39 1.61 1.84 1.92 1.82 1.73 1.63 1.41 1.39 1.59 1.78 1.81 1.77 1.78 1.75 1.61 1.46 1.36 1.23 1.10 1.03 1.06 1.18 1.29 1.44 1.56 1.64 1.82 1.90 1.71 1.43 1.20 1.02 0.97 1.07 1.21 1.31 1.44 1.73 2.11 2.23 1.99 1.69 1.60
1.62 1.54 1.43 1.34 1.24 1.22 1.29 1.33 1.36 1.44 1.65 1.84 1.91 1.92 1.87 1.72 1.54 1.48 1.43 1.33 1.44 1.70 1.92 1.92 1.67 1.34 1.23 1.47 1.83 1.91 1.74 1.56 1.49 1.48 1.39 1.16 0.89 0.84 0.98 1.21 1.44 1.67 1.84 1.81 1.64 1.66 1.74 1.60 1.47 1.55 1.70 1.74 1.72 1.78 1.80 1.67 1.51 1.36 1.19 1.05 0.95 0.98 1.12 1.25 1.35 1.46 1.60 1.85 1.96 1.76 1.45 1.22 1.05 0.99 1.08 1.23 1.30 1.43 1.76 2.13 2.24 2.00 1.72 1.59
1.64 1.58 1.47 1.36 1.25 1.24 1.31 1.35 1.42 1.60 1.79 1.87 1.85 1.81 1.74 1.59 1.49 1.43 1.32 1.29 1.43 1.66 1.93 2.00 1.73 1.32 1.19 1.42 1.78 1.89 1.78 1.61 1.48 1.45 1.38 1.18 0.94 0.89 1.04 1.25 1.48 1.70 1.80 1.67 1.46 1.58 1.82 1.78 1.56 1.52 1.64 1.72 1.72 1.77 1.80 1.70 1.52 1.35 1.19 1.02 0.89 0.92 1.08 1.22 1.32 1.46 1.67 1.92 1.98 1.76 1.45 1.21 1.04 0.97 1.07 1.22 1.28 1.43 1.78 2.14 2.23 2.01 1.75 1.59
1.71 1.64 1.50 1.36 1.25 1.27 1.33 1.38 1.52 1.74 1.85 1.81 1.75 1.73 1.65 1.53 1.45 1.36 1.28 1.33 1.48 1.68 1.95 2.03 1.78 1.41 1.24 1.39 1.70 1.84 1.81 1.67 1.50 1.40 1.33 1.20 1.04 0.99 1.09 1.28 1.51 1.71 1.73 1.49 1.29 1.51 1.86 1.90 1.68 1.53 1.61 1.71 1.72 1.72 1.74 1.68 1.54 1.36 1.19 1.01 0.88 0.93 1.09 1.24 1.38 1.55 1.74 1.92 1.94 1.73 1.43 1.20 1.03 0.96 1.07 1.21 1.30 1.47 1.80 2.11 2.21 2.05 1.79 1.58
1.78 1.68 1.49 1.35 1.27 1.30 1.36 1.44 1.65 1.80 1.80 1.72 1.68 1.66 1.57 1.46 1.41 1.35 1.36 1.45 1.56 1.71 1.92 2.01 1.83 1.50 1.30 1.35 1.58 1.77 1.82 1.74 1.56 1.38 1.29 1.23 1.13 1.08 1.12 1.29 1.54 1.68 1.57 1.27 1.17 1.46 1.84 1.98 1.82 1.59 1.60 1.68 1.66 1.63 1.64 1.65 1.57 1.42 1.21 0.99 0.90 0.98 1.13 1.28 1.43 1.57 1.73 1.88 1.89 1.70 1.42 1.18 1.01 0.96 1.06 1.22 1.35 1.52 1.75 2.03 2.19 2.11 1.84 1.58
1.83 1.70 1.49 1.35 1.29 1.34 1.40 1.49 1.68 1.78 1.72 1.63 1.62 1.57 1.43 1.40 1.44 1.43 1.44 1.46 1.51 1.65 1.87 2.01 1.89 1.58 1.34 1.31 1.47 1.68 1.80 1.79 1.63 1.41 1.30 1.26 1.17 1.09 1.14 1.31 1.53 1.54 1.32 1.11 1.16 1.45 1.81 2.04 1.95 1.68 1.60 1.63 1.59 1.55 1.56 1.61 1.63 1.49 1.23 1.00 0.94 1.02 1.15 1.29 1.44 1.57 1.71 1.86 1.87 1.66 1.40 1.17 0.99 0.94 1.06 1.23 1.37 1.47 1.63 1.93 2.19 2.18 1.90 1.58
1.85 1.74 1.52 1.37 1.33 1.38 1.43 1.49 1.62 1.69 1.63 1.58 1.55 1.42 1.32 1.44 1.52 1.45 1.37 1.33 1.39 1.60 1.89 2.06 1.93 1.61 1.39 1.33 1.39 1.57 1.74 1.81 1.71 1.50 1.35 1.25 1.14 1.06 1.10 1.30 1.43 1.30 1.12 1.12 1.27 1.49 1.79 2.07 2.03 1.80 1.66 1.62 1.56 1.51 1.51 1.60 1.66 1.53 1.26 1.06 1.00 1.06 1.17 1.34 1.51 1.61 1.71 1.84 1.83 1.61 1.37 1.15 0.93 0.90 1.07 1.23 1.33 1.40 1.55 1.87 2.18 2.21 1.94 1.63
1.88 1.78 1.57 1.40 1.34 1.38 1.43 1.46 1.51 1.59 1.56 1.59 1.48 1.29 1.32 1.48 1.50 1.36 1.26 1.25 1.38 1.66 1.98 2.12 1.92 1.61 1.44 1.36 1.34 1.45 1.67 1.81 1.78 1.58 1.36 1.21 1.10 1.03 1.08 1.22 1.28 1.16 1.13 1.25 1.38 1.53 1.80 2.08 2.08 1.90 1.74 1.64 1.56 1.50 1.50 1.58 1.65 1.54 1.34 1.15 1.05 1.09 1.22 1.43 1.57 1.59 1.65 1.78 1.78 1.57 1.33 1.10 0.87 0.90 1.09 1.22 1.30 1.36 1.51 1.82 2.15 2.23 2.01 1.73
1.93 1.80 1.56 1.37 1.32 1.36 1.42 1.42 1.45 1.54 1.62 1.58 1.39 1.24 1.31 1.41 1.38 1.29 1.24 1.31 1.50 1.78 2.08 2.13 1.86 1.58 1.47 1.36 1.28 1.36 1.58 1.79 1.82 1.63 1.36 1.21 1.13 1.08 1.10 1.17 1.23 1.24 1.28 1.35 1.43 1.57 1.81 2.06 2.10 1.94 1.77 1.65 1.56 1.48 1.46 1.53 1.59 1.56 1.41 1.18 1.06 1.11 1.26 1.45 1.51 1.49 1.58 1.74 1.75 1.55 1.26 1.00 0.86 0.95 1.12 1.21 1.28 1.36 1.48 1.74 2.09 2.25 2.13 1.84
1.96 1.79 1.50 1.36 1.33 1.38 1.42 1.40 1.42 1.51 1.52 1.49 1.32 1.23 1.29 1.33 1.34 1.33 1.38 1.50 1.66 1.89 2.13 2.08 1.75 1.56 1.49 1.35 1.24 1.30 1.51 1.73 1.81 1.68 1.43 1.29 1.23 1.17 1.14 1.19 1.28 1.31 1.30 1.34 1.44 1.60 1.81 2.02 2.07 1.94 1.79 1.68 1.59 1.49 1.43 1.47 1.55 1.56 1.42 1.17 1.04 1.13 1.28 1.40 1.42 1.45 1.60 1.76 1.73 1.48 1.14 0.91 0.87 1.00 1.14 1.20 1.29 1.39 1.48 1.67 2.04 2.29 2.21 1.85
1.94 1.74 1.48 1.41 1.42 1.45 1.44 1.38 1.38 1.46 1.47 1.40 1.30 1.28 1.34 1.39 1.43 1.49 1.60 1.69 1.76 1.91 2.07 1.95 1.69 1.58 1.49 1.32 1.24 1.31 1.47 1.66 1.78 1.73 1.55 1.40 1.31 1.21 1.14 1.17 1.25 1.26 1.27 1.36 1.49 1.65 1.82 1.98 2.02 1.94 1.82 1.72 1.62 1.50 1.41 1.45 1.52 1.51 1.39 1.17 1.05 1.15 1.29 1.35 1.39 1.51 1.69 1.78 1.64 1.32 1.01 0.88 0.91 1.05 1.16 1.23 1.31 1.42 1.52 1.70 2.06 2.35 2.23 1.78
1.88 1.74 1.54 1.52 1.56 1.53 1.45 1.36 1.34 1.41 1.43 1.39 1.36 1.40 1.47 1.52 1.59 1.65 1.70 1.71 1.70 1.80 1.93 1.88 1.73 1.60 1.46 1.32 1.29 1.36 1.45 1.58 1.74 1.79 1.67 1.47 1.31 1.18 1.10 1.10 1.17 1.22 1.31 1.45 1.58 1.71 1.83 1.91 1.95 1.93 1.84 1.73 1.64 1.50 1.39 1.43 1.48 1.44 1.35 1.19 1.09 1.18 1.30 1.36 1.46 1.62 1.75 1.70 1.43 1.11 0.94 0.92 0.98 1.10 1.21 1.27 1.33 1.44 1.57 1.77 2.11 2.36 2.19 1.73
1.86 1.77 1.66 1.65 1.65 1.55 1.43 1.35 1.34 1.38 1.43 1.43 1.44 1.51 1.58 1.60 1.64 1.67 1.65 1.58 1.53 1.61 1.81 1.90 1.82 1.62 1.45 1.37 1.36 1.40 1.45 1.55 1.72 1.82 1.73 1.50 1.32 1.19 1.09 1.06 1.15 1.28 1.42 1.55 1.65 1.73 1.77 1.77 1.83 1.91 1.88 1.80 1.69 1.52 1.39 1.41 1.45 1.39 1.30 1.21 1.15 1.21 1.31 1.41 1.54 1.68 1.69 1.50 1.20 1.00 0.96 1.00 1.07 1.16 1.25 1.30 1.34 1.44 1.60 1.84 2.14 2.32 2.15 1.82
1.88 1.82 1.74 1.70 1.63 1.51 1.40 1.36 1.36 1.38 1.44 1.46 1.49 1.56 1.59 1.58 1.58 1.57 1.51 1.40 1.35 1.47 1.74 1.98 1.92 1.66 1.47 1.42 1.42 1.41 1.45 1.56 1.71 1.81 1.73 1.54 1.39 1.27 1.13 1.09 1.20 1.39 1.52 1.60 1.66 1.67 1.62 1.59 1.69 1.87 1.97 1.93 1.77 1.54 1.38 1.40 1.44 1.37 1.27 1.21 1.19 1.24 1.33 1.44 1.58 1.65 1.54 1.28 1.06 0.99 1.04 1.10 1.15 1.22 1.28 1.32 1.36 1.47 1.65 1.90 2.20 2.32 2.16 1.93
1.92 1.86 1.76 1.69 1.58 1.46 1.39 1.38 1.39 1.40 1.43 1.45 1.48 1.53 1.53 1.52 1.52 1.46 1.34 1.25 1.29 1.45 1.78 2.04 2.00 1.72 1.50 1.44 1.42 1.42 1.48 1.59 1.71 1.75 1.70 1.59 1.49 1.37 1.18 1.13 1.25 1.42 1.52 1.58 1.60 1.53 1.45 1.45 1.59 1.85 2.06 2.04 1.80 1.53 1.39 1.42 1.45 1.36 1.24 1.18 1.20 1.27 1.35 1.45 1.57 1.57 1.35 1.11 1.03 1.05 1.12 1.15 1.19 1.25 1.28 1.33 1.40 1.53 1.75 2.03 2.31 2.35 2.13 1.88
1.95 1.88 1.79 1.71 1.58 1.43 1.38 1.42 1.45 1.41 1.39 1.41 1.44 1.45 1.48 1.51 1.46 1.32 1.23 1.27 1.38 1.55 1.85 2.07 2.03 1.78 1.53 1.44 1.43 1.44 1.51 1.61 1.67 1.67 1.66 1.63 1.56 1.45 1.25 1.16 1.24 1.36 1.47 1.55 1.51 1.39 1.33 1.38 1.57 1.89 2.15 2.09 1.80 1.54 1.42 1.43 1.45 1.34 1.20 1.14 1.19 1.28 1.35 1.43 1.54 1.48 1.21 1.03 1.05 1.12 1.16 1.18 1.22 1.27 1.29 1.36 1.46 1.62 1.88 2.17 2.36 2.29 2.01 1.77
2.00 1.93 1.81 1.71 1.56 1.39 1.35 1.44 1.48 1.37 1.31 1.37 1.41 1.43 1.48 1.50 1.38 1.22 1.24 1.38 1.48 1.62 1.88 2.07 2.04 1.82 1.56 1.44 1.44 1.47 1.54 1.60 1.62 1.62 1.66 1.68 1.62 1.49 1.31 1.19 1.20 1.29 1.45 1.52 1.40 1.28 1.29 1.38 1.61 1.99 2.21 2.09 1.79 1.55 1.44 1.44 1.44 1.32 1.17 1.14 1.19 1.38 1.33 1.40 1.49 1.40 1.14 1.04 1.10 1.15 1.17 1.20 1.26 1.30 1.34 1.42 1.55 1.75 2.02 2.25 2.29 2.12 1.87 1.69
2.08 1.98 1.80 1.66 1.52 1.36 1.31 1.40 1.45 1.32 1.25 1.35 1.44 1.48 1.47 1.41 1.30 1.23 1.33 1.44 1.50 1.62 1.90 2.07 2.03 1.85 1.59 1.44 1.43 1.49 1.56 1.59 1.59 1.62 1.70 1.72 1.62 1.48 1.33 1.19 1.14 1.23 1.39 1.42 1.28 1.23 1.31 1.41 1.69 2.09 2.23 2.04 1.74 1.55 1.47 1.46 1.44 1.31 1.17 1.17 1.22 1.27 1.33 1.39 1.45 1.34 1.12 1.07 1.13 1.15 1.15 1.22 1.30 1.36 1.42 1.52 1.69 1.94 2.16 2.22 2.12 1.97 1.79 1.64
2.18 2.02 1.75 1.60 1.49 1.34 1.27 1.34 1.41 1.32 1.28 1.39 1.52 1.53 1.41 1.30 1.27 1.28 1.34 1.40 1.47 1.64 1.94 2.08 2.01 1.86 1.62 1.44 1.43 1.50 1.55 1.58 1.59 1.64 1.72 1.70 1.58 1.46 1.31 1.14 1.04 1.12 1.25 1.29 1.24 1.26 1.34 1.46 1.81 2.19 2.21 1.93 1.67 1.56 1.49 1.47 1.44 1.32 1.20 1.22 1.27 1.27 1.30 1.38 1.41 1.29 1.11 1.09 1.14 1.14 1.15 1.25 1.37 1.46 1.54 1.67 1.87 2.11 2.19 2.05 1.90 1.87 1.78 1.62
2.21 2.00 1.66 1.54 1.47 1.34 1.26 1.32 1.40 1.39 1.39 1.50 1.59 1.52 1.31 1.21 1.25 1.28 1.27 1.35 1.49 1.69 1.97 2.07 1.99 1.85 1.66 1.48 1.44 1.49 1.54 1.55 1.57 1.63 1.68 1.63 1.52 1.41 1.25 1.04 0.96 1.04 1.18 1.25 1.29 1.34 1.37 1.53 1.95 2.25 2.13 1.78 1.60 1.57 1.53 1.49 1.45 1.34 1.26 1.30 1.30 1.25 1.26 1.34 1.37 1.26 1.12 1.10 1.14 1.14 1.19 1.33 1.48 1.60 1.70 1.83 2.03 2.18 2.10 1.82 1.71 1.81 1.78 1.66
2.16 1.94 1.60 1.52 1.48 1.39 1.35 1.38 1.43 1.45 1.49 1.56 1.56 1.40 1.18 1.13 1.20 1.23 1.25 1.39 1.56 1.74 1.98 2.06 1.97 1.84 1.69 1.55 1.48 1.49 1.51 1.51 1.52 1.57 1.61 1.54 1.42 1.32 1.16 1.01 1.00 1.09 1.20 1.31 1.40 1.42 1.44 1.68 2.09 2.23 1.99 1.65 1.54 1.58 1.57 1.53 1.49 1.41 1.37 1.38 1.31 1.21 1.22 1.31 1.35 1.26 1.13 1.12 1.15 1.18 1.29 1.45 1.63 1.74 1.81 1.91 2.05 2.11 1.94 1.65 1.62 1.76 1.77 1.74
2.05 1.88 1.64 1.58 1.56 1.53 1.49 1.46 1.45 1.48 1.53 1.54 1.45 1.25 1.09 1.08 1.17 1.22 1.31 1.48 1.62 1.79 1.99 2.05 1.95 1.83 1.71 1.60 1.54 1.52 1.49 1.46 1.48 1.53 1.54 1.44 1.31 1.23 1.12 1.06 1.11 1.20 1.32 1.44 1.51 1.51 1.59 1.85 2.14 2.14 1.85 1.57 1.49 1.55 1.60 1.59 1.55 1.50 1.45 1.38 1.24 1.13 1.18 1.29 1.35 1.28 1.13 1.12 1.17 1.26 1.43 1.60 1.74 1.79 1.80 1.87 1.99 2.01 1.84 1.60 1.59 1.70 1.73 1.82
1.92 1.87 1.78 1.73 1.68 1.64 1.56 1.50 1.48 1.49 1.51 1.48 1.34 1.16 1.07 1.09 1.18 1.25 1.38 1.55 1.66 1.82 1.98 2.00 1.92 1.83 1.74 1.65 1.58 1.54 1.48 1.42 1.43 1.46 1.43 1.34 1.22 1.17 1.14 1.16 1.25 1.36 1.47 1.55 1.57 1.58 1.67 1.91 2.11 2.02 1.74 1.51 1.42 1.51 1.64 1.65 1.62 1.55 1.43 1.26 1.11 1.07 1.16 1.30 1.36 1.27 1.13 1.12 1.20 1.34 1.54 1.67 1.72 1.71 1.69 1.76 1.92 2.01 1.87 1.61 1.52 1.58 1.70 1.88
1.88 1.91 1.92 1.83 1.73 1.64 1.56 1.53 1.51 1.48 1.44 1.39 1.26 1.12 1.09 1.15 1.23 1.31 1.47 1.61 1.71 1.84 1.93 1.94 1.90 1.84 1.77 1.67 1.60 1.55 1.46 1.36 1.33 1.34 1.32 1.26 1.19 1.18 1.21 1.27 1.41 1.55 1.62 1.61 1.58 1.58 1.68 1.90 2.04 1.92 1.66 1.43 1.33 1.48 1.68 1.72 1.67 1.55 1.36 1.17 1.08 1.09 1.21 1.33 1.34 1.23 1.12 1.13 1.22 1.40 1.59 1.63 1.61 1.60 1.60 1.68 1.91 2.08 1.95 1.62 1.43 1.49 1.66 1.87
1.93 1.97 1.98 1.85 1.67 1.56 1.55 1.57 1.51 1.41 1.33 1.29 1.22 1.14 1.15 1.22 1.30 1.41 1.57 1.66 1.72 1.79 1.84 1.88 1.89 1.88 1.79 1.66 1.59 1.54 1.45 1.31 1.24 1.23 1.22 1.22 1.22 1.24 1.30 1.42 1.61 1.71 1.69 1.60 1.53 1.53 1.66 1.88 1.98 1.84 1.58 1.35 1.27 1.48 1.72 1.78 1.68 1.51 1.29 1.15 1.12 1.17 1.27 1.34 1.30 1.19 1.12 1.17 1.26 1.43 1.57 1.56 1.53 1.55 1.56 1.69 1.96 2.15 2.03 1.65 1.41 1.45 1.60 1.80
1.99 2.01 2.00 1.84 1.60 1.49 1.53 1.54 1.44 1.31 1.24 1.23 1.21 1.19 1.22 1.29 1.38 1.51 1.61 1.64 1.65 1.68 1.74 1.84 1.92 1.92 1.79 1.63 1.57 1.55 1.46 1.29 1.19 1.14 1.15 1.21 1.26 1.33 1.44 1.63 1.77 1.75 1.62 1.50 1.45 1.49 1.65 1.87 1.93 1.76 1.50 1.29 1.28 1.50 1.74 1.79 1.67 1.45 1.26 1.20 1.22 1.26 1.30 1.32 1.26 1.17 1.16 1.22 1.31 1.43 1.52 1.52 1.52 1.54 1.59 1.78 2.05 2.19 2.06 1.70 1.43 1.40 1.51 1.75
2.04 2.05 2.00 1.82 1.56 1.42 1.46 1.47 1.38 1.25 1.18 1.18 1.21 1.23 1.26 1.33 1.44 1.54 1.56 1.54 1.54 1.57 1.69 1.85 1.97 1.96 1.79 1.62 1.58 1.56 1.47 1.30 1.15 1.08 1.13 1.21 1.32 1.46 1.64 1.78 1.78 1.64 1.48 1.42 1.44 1.50 1.68 1.87 1.87 1.67 1.42 1.28 1.29 1.51 1.75 1.78 1.64 1.44 1.28 1.29 1.35 1.33 1.29 1.29 1.26 1.21 1.20 1.27 1.33 1.40 1.48 1.53 1.51 1.51 1.65 1.93 2.15 2.19 2.05 1.73 1.42 1.33 1.44 1.75
2.08 2.08 1.99 1.77 1.50 1.36 1.37 1.41 1.36 1.25 1.16 1.16 1.20 1.22 1.27 1.35 1.43 1.47 1.45 1.44 1.46 1.52 1.69 1.91 2.02 1.97 1.79 1.65 1.60 1.54 1.45 1.29 1.10 1.05 1.13 1.23 1.38 1.58 1.74 1.80 1.70 1.51 1.41 1.43 1.49 1.55 1.70 1.85 1.79 1.57 1.36 1.24 1.29 1.53 1.75 1.76 1.63 1.46 1.33 1.39 1.47 1.38 1.29 1.29 1.28 1.25 1.25 1.30 1.34 1.39 1.48 1.54 1.47 1.50 1.78 2.12 2.23 2.15 1.98 1.71 1.42 1.29 1.42 1.77
2.07 2.05 1.94 1.70 1.45 1.33 1.35 1.39 1.37 1.29 1.20 1.18 1.19 1.22 1.27 1.33 1.37 1.37 1.38 1.42 1.46 1.55 1.78 2.01 2.06 1.95 1.79 1.68 1.55 1.44 1.40 1.27 1.06 1.05 1.15 1.26 1.41 1.63 1.77 1.79 1.66 1.46 1.40 1.48 1.53 1.56 1.68 1.79 1.71 1.48 1.27 1.19 1.33 1.59 1.77 1.75 1.61 1.46 1.40 1.48 1.52 1.42 1.31 1.30 1.30 1.29 1.30 1.34 1.38 1.45 1.52 1.51 1.47 1.61 1.99 2.25 2.20 2.00 1.87 1.71 1.46 1.31 1.40 1.73
1.96 1.95 1.89 1.70 1.47 1.40 1.42 1.43 1.38 1.34 1.29 1.21 1.17 1.21 1.28 1.32 1.33 1.35 1.43 1.50 1.53 1.65 1.90 2.07 2.04 1.89 1.78 1.66 1.45 1.32 1.36 1.25 1.05 1.07 1.19 1.29 1.44 1.64 1.79 1.83 1.68 1.46 1.41 1.49 1.52 1.53 1.65 1.73 1.63 1.38 1.15 1.20 1.45 1.68 1.77 1.71 1.57 1.47 1.46 1.51 1.53 1.47 1.38 1.35 1.33 1.32 1.34 1.38 1.43 1.46 1.46 1.45 1.54 1.83 2.18 2.26 2.05 1.81 1.75 1.70 1.54 1.33 1.35 1.64
1.69 1.79 1.88 1.79 1.62 1.54 1.52 1.47 1.40 1.38 1.35 1.21 1.15 1.22 1.28 1.32 1.35 1.42 1.50 1.53 1.55 1.70 1.94 2.08 2.00 1.82 1.72 1.59 1.36 1.27 1.33 1.24 1.09 1.12 1.23 1.32 1.48 1.68 1.83 1.85 1.68 1.47 1.40 1.45 1.46 1.49 1.62 1.68 1.54 1.24 1.11 1.31 1.60 1.74 1.74 1.65 1.54 1.48 1.48 1.51 1.54 1.55 1.49 1.39 1.31 1.30 1.33 1.38 1.41 1.39 1.38 1.47 1.72 2.03 2.24 2.16 1.89 1.68 1.66 1.69 1.58 1.35 1.28 1.51
1.43 1.61 1.86 1.88 1.76 1.65 1.58 1.51 1.44 1.41 1.33 1.20 1.16 1.23 1.30 1.35 1.41 1.46 1.45 1.43 1.52 1.73 1.98 2.09 1.97 1.74 1.60 1.50 1.35 1.30 1.32 1.26 1.17 1.20 1.28 1.38 1.54 1.73 1.84 1.81 1.65 1.48 1.40 1.39 1.40 1.47 1.62 1.64 1.42 1.15 1.17 1.47 1.70 1.74 1.69 1.60 1.52 1.47 1.48 1.52 1.57 1.60 1.55 1.40 1.26 1.25 1.30 1.36 1.37 1.35 1.40 1.63 1.89 2.07 2.14 2.03 1.81 1.65 1.62 1.66 1.60 1.40 1.26 1.34
1.29 1.49 1.80 1.93 1.87 1.73 1.64 1.56 1.50 1.40 1.28 1.20 1.20 1.26 1.33 1.38 1.43 1.40 1.34 1.37 1.56 1.81 2.04 2.10 1.91 1.64 1.49 1.45 1.42 1.40 1.35 1.28 1.25 1.27 1.33 1.43 1.57 1.73 1.80 1.74 1.62 1.51 1.42 1.36 1.37 1.48 1.62 1.57 1.32 1.14 1.29 1.59 1.74 1.73 1.65 1.56 1.49 1.44 1.45 1.53 1.60 1.63 1.58 1.41 1.24 1.21 1.28 1.35 1.39 1.40 1.52 1.75 1.90 1.97 2.02 1.95 1.80 1.67 1.61 1.61 1.60 1.46 1.27 1.22
1.22 1.38 1.71 1.94 1.97 1.84 1.70 1.57 1.43 1.31 1.23 1.24 1.26 1.28 1.34 1.39 1.40 1.34 1.34 1.47 1.67 1.89 2.06 2.04 1.81 1.55 1.44 1.47 1.52 1.49 1.38 1.27 1.27 1.31 1.37 1.43 1.54 1.68 1.74 1.69 1.61 1.54 1.46 1.39 1.39 1.46 1.57 1.50 1.25 1.17 1.41 1.68 1.76 1.71 1.63 1.54 1.46 1.40 1.43 1.56 1.63 1.62 1.56 1.43 1.27 1.23 1.31 1.38 1.44 1.47 1.58 1.70 1.74 1.86 1.99 1.94 1.81 1.70 1.61 1.57 1.57 1.49 1.26 1.15
