project/data/elevation/US_DEM2016/US_DEM2016_point_10-30-2019_1437_30m_vel.asc
ncols	125
nrows	167
xllcorner	-2042055.000000
yllcorner	1465035.000000
cellsize	30.000000
NODATA_value	-9999.000000
[rows 111 to 147 of 167, columns 0 to 83 of 125]
8.64 8.52 8.38 8.43 8.57 8.81 9.29 10.03 10.90 11.44 11.50 11.13 10.51 9.81 9.13 8.53 8.22 8.27 8.39 8.72 9.22 9.51 9.58 9.21 8.72 8.55 8.63 8.51 8.20 8.20 8.41 8.60 8.68 8.61 8.38 8.01 7.69 7.60 7.52 7.38 7.34 7.55 7.99 8.73 9.48 9.84 9.71 9.29 9.00 9.00 9.24 9.58 9.90 10.10 10.28 10.36 10.16 9.75 9.24 8.77 8.40 8.17 8.09 7.96 7.61 7.32 7.45 7.85 8.21 8.23 7.88 7.63 7.60 7.58 7.54 7.52 7.47 7.42 7.49 7.73 8.01 8.17 8.12 8.00
8.53 8.34 8.27 8.51 8.79 9.24 9.93 10.62 10.97 10.80 10.25 9.64 9.07 8.56 8.04 7.51 7.22 7.33 7.67 8.11 8.63 9.17 9.29 8.80 8.44 8.62 8.68 8.41 8.08 8.04 8.18 8.30 8.34 8.31 8.21 8.04 7.81 7.67 7.65 7.80 8.08 8.38 8.81 9.55 10.14 10.19 9.73 9.07 8.68 8.64 8.78 9.08 9.33 9.44 9.56 9.66 9.57 9.29 8.95 8.63 8.37 8.13 7.88 7.57 7.30 7.32 7.72 8.18 8.40 8.11 7.60 7.42 7.41 7.37 7.32 7.25 7.17 7.15 7.29 7.68 8.02 8.05 7.91 7.87
8.42 8.28 8.28 8.51 8.82 9.35 10.02 10.31 10.07 9.44 8.76 8.13 7.63 7.19 6.71 6.39 6.58 7.11 7.60 8.03 8.72 9.43 9.26 8.50 8.49 8.92 8.97 8.75 8.51 8.22 7.90 7.52 7.30 7.36 7.53 7.62 7.66 7.69 7.83 8.10 8.40 8.68 9.16 9.91 10.31 10.06 9.32 8.59 8.28 8.30 8.40 8.54 8.55 8.37 8.17 8.18 8.22 8.26 8.38 8.42 8.30 8.00 7.64 7.38 7.39 7.64 8.05 8.39 8.33 7.82 7.37 7.19 7.10 7.10 7.13 7.08 6.96 6.87 7.04 7.57 7.84 7.60 7.34 7.26
8.44 8.39 8.41 8.52 8.76 9.19 9.54 9.28 8.53 7.70 7.00 6.36 5.85 5.49 5.45 5.92 6.85 7.78 8.38 8.85 9.45 9.65 8.99 8.41 8.73 9.07 8.99 8.79 8.68 8.52 8.28 7.88 7.47 7.20 6.99 6.91 7.15 7.56 7.89 8.18 8.54 8.95 9.42 9.94 9.98 9.36 8.55 8.02 7.88 8.03 8.28 8.38 8.26 7.85 7.30 6.88 6.78 7.14 7.66 8.00 8.07 7.97 7.83 7.75 7.79 8.00 8.30 8.39 8.09 7.63 7.31 7.11 6.99 7.00 7.03 6.99 6.89 6.81 6.97 7.44 7.49 6.98 6.65 6.44
8.59 8.58 8.59 8.61 8.72 8.85 8.75 8.18 7.23 6.38 5.78 5.35 5.08 5.19 5.94 7.16 8.35 9.24 9.78 10.02 9.90 9.26 8.23 7.94 8.36 8.50 8.32 8.27 8.41 8.63 8.75 8.64 8.33 7.74 7.07 6.85 7.23 7.78 8.22 8.58 8.96 9.28 9.56 9.71 9.38 8.59 7.85 7.50 7.54 7.92 8.45 8.64 8.49 8.07 7.45 6.80 6.53 6.75 7.14 7.49 7.76 7.96 8.10 8.19 8.26 8.37 8.38 8.18 7.85 7.53 7.31 7.18 7.10 7.04 6.98 6.90 6.87 6.91 7.09 7.34 7.20 6.74 6.44 6.18
8.74 8.74 8.70 8.65 8.59 8.42 8.07 7.49 6.93 6.59 6.42 6.30 6.50 7.23 8.38 9.60 10.45 10.72 10.62 10.23 9.48 8.56 7.82 7.63 7.75 7.65 7.51 7.66 7.98 8.30 8.51 8.63 8.62 8.42 8.16 8.13 8.28 8.49 8.68 8.89 9.05 9.18 9.33 9.33 8.90 8.20 7.58 7.27 7.48 8.08 8.67 8.89 8.73 8.42 8.09 7.84 7.64 7.53 7.50 7.56 7.70 7.87 8.05 8.22 8.38 8.44 8.29 7.96 7.64 7.35 7.16 7.07 7.04 7.03 7.00 6.97 6.99 7.09 7.25 7.41 7.43 7.26 7.09 7.07
8.80 8.72 8.62 8.55 8.39 8.11 7.74 7.42 7.29 7.44 7.75 8.26 9.00 9.88 10.69 11.17 11.10 10.56 9.93 9.21 8.53 8.16 8.03 7.91 7.75 7.46 7.18 7.24 7.50 7.66 7.68 7.86 8.21 8.55 8.83 8.98 8.90 8.71 8.55 8.50 8.56 8.74 9.02 9.09 8.73 8.17 7.63 7.35 7.63 8.24 8.63 8.65 8.52 8.43 8.46 8.58 8.70 8.71 8.54 8.25 8.03 7.93 7.94 8.00 8.10 8.09 7.85 7.57 7.40 7.25 7.08 6.96 6.93 7.00 7.08 7.14 7.23 7.34 7.49 7.79 8.15 8.28 8.30 8.51
8.76 8.61 8.46 8.41 8.26 8.03 7.79 7.62 7.60 7.86 8.54 9.47 10.37 10.95 11.14 10.80 9.89 9.08 8.59 8.03 7.79 7.98 8.21 8.30 8.23 7.84 7.34 7.12 7.29 7.32 7.14 7.16 7.46 7.95 8.34 8.51 8.44 8.26 8.10 8.07 8.22 8.56 8.95 8.98 8.55 8.02 7.66 7.52 7.75 8.11 8.27 8.15 7.98 8.05 8.30 8.54 8.80 8.99 8.97 8.74 8.39 8.08 7.85 7.71 7.58 7.33 7.01 7.08 7.36 7.45 7.33 7.16 7.09 7.13 7.23 7.37 7.52 7.65 7.89 8.32 8.70 8.83 8.94 9.14
8.65 8.51 8.38 8.34 8.23 8.06 7.91 7.81 7.91 8.37 9.23 10.03 10.47 10.47 10.07 9.31 8.56 8.16 7.77 7.34 7.28 7.50 7.80 8.10 8.16 7.88 7.53 7.43 7.55 7.52 7.31 7.15 7.15 7.29 7.54 7.72 7.82 7.89 7.99 8.11 8.32 8.66 8.94 8.78 8.19 7.74 7.64 7.69 7.86 8.00 7.99 7.85 7.79 7.96 8.20 8.37 8.46 8.49 8.49 8.50 8.37 8.04 7.69 7.38 7.01 6.64 6.64 7.20 7.75 7.87 7.73 7.56 7.43 7.34 7.35 7.48 7.60 7.73 8.02 8.40 8.61 8.53 8.49 8.50
8.56 8.50 8.44 8.37 8.23 8.12 8.07 8.09 8.37 9.07 9.83 10.17 10.02 9.60 9.02 8.42 8.05 7.74 7.23 6.81 6.73 6.88 7.31 7.77 7.78 7.56 7.56 7.74 7.88 7.84 7.71 7.52 7.29 7.15 7.07 7.13 7.37 7.72 8.04 8.28 8.51 8.77 8.88 8.46 7.72 7.40 7.53 7.73 7.87 7.95 7.95 7.94 8.06 8.24 8.32 8.26 8.09 7.90 7.83 7.87 7.88 7.74 7.52 7.23 7.01 7.04 7.41 7.94 8.20 8.08 7.86 7.71 7.56 7.41 7.31 7.30 7.32 7.49 7.85 8.21 8.31 8.12 7.93 7.74
8.64 8.65 8.59 8.40 8.24 8.24 8.35 8.55 8.98 9.67 10.08 10.00 9.61 9.21 8.78 8.30 7.85 7.35 6.91 6.79 6.96 7.29 7.71 7.90 7.71 7.52 7.63 7.85 7.96 7.93 7.87 7.80 7.67 7.43 7.10 6.94 7.17 7.57 7.90 8.22 8.52 8.80 8.71 7.96 7.12 6.94 7.22 7.48 7.62 7.77 7.96 8.13 8.22 8.21 8.09 7.92 7.75 7.62 7.52 7.43 7.43 7.48 7.51 7.56 7.75 8.06 8.32 8.45 8.35 8.04 7.74 7.56 7.43 7.33 7.25 7.18 7.22 7.51 7.89 8.10 8.06 7.87 7.70 7.50
8.78 8.75 8.59 8.36 8.27 8.37 8.62 9.03 9.64 10.01 10.01 9.67 9.33 9.04 8.61 8.02 7.52 7.25 7.32 7.65 7.96 8.12 8.14 8.02 7.80 7.65 7.69 7.84 7.91 7.86 7.80 7.79 7.78 7.64 7.40 7.28 7.40 7.63 7.79 8.09 8.47 8.63 8.11 7.03 6.36 6.43 6.85 7.18 7.38 7.52 7.72 7.84 7.79 7.65 7.50 7.41 7.42 7.50 7.48 7.37 7.35 7.45 7.59 7.80 8.05 8.27 8.40 8.45 8.36 8.10 7.75 7.49 7.33 7.25 7.23 7.29 7.48 7.71 7.77 7.68 7.57 7.50 7.39 7.26
8.67 8.57 8.37 8.26 8.29 8.47 8.77 9.18 9.65 9.76 9.47 9.09 8.85 8.49 7.84 7.39 7.39 7.66 7.95 8.09 7.99 7.84 7.84 8.00 8.07 7.92 7.75 7.77 7.79 7.70 7.61 7.57 7.51 7.51 7.63 7.78 7.84 7.84 7.83 8.10 8.30 7.92 6.78 5.76 5.60 5.99 6.53 7.03 7.26 7.28 7.30 7.26 7.08 6.93 6.86 6.89 7.08 7.25 7.26 7.25 7.35 7.47 7.55 7.63 7.77 8.01 8.22 8.38 8.39 8.16 7.83 7.54 7.32 7.13 7.07 7.21 7.34 7.29 7.06 6.93 7.07 7.22 7.10 6.91
8.56 8.49 8.38 8.31 8.36 8.52 8.73 8.96 9.08 8.93 8.57 8.35 8.20 7.66 7.06 7.22 7.62 7.79 7.64 7.26 6.96 7.06 7.57 8.14 8.31 8.12 7.91 7.81 7.72 7.57 7.47 7.42 7.41 7.53 7.74 7.86 7.83 7.77 7.76 7.92 7.69 6.74 5.67 5.30 5.53 5.95 6.43 6.99 7.25 7.30 7.33 7.26 7.01 6.74 6.59 6.67 6.89 6.94 6.93 7.11 7.33 7.47 7.60 7.83 8.16 8.42 8.49 8.45 8.27 7.93 7.64 7.43 7.16 6.88 6.82 6.90 6.86 6.71 6.58 6.69 7.00 7.11 6.85 6.59
8.77 8.84 8.77 8.53 8.41 8.43 8.54 8.60 8.51 8.28 8.07 8.05 7.82 7.23 7.06 7.36 7.40 7.04 6.51 6.15 6.29 6.97 7.86 8.48 8.51 8.23 8.08 8.01 7.86 7.60 7.41 7.40 7.46 7.52 7.47 7.33 7.25 7.29 7.42 7.41 6.95 6.24 6.05 6.32 6.58 6.69 6.91 7.27 7.52 7.63 7.67 7.60 7.42 7.17 6.99 6.98 7.01 7.00 7.11 7.32 7.44 7.55 7.83 8.34 8.70 8.74 8.53 8.30 8.02 7.67 7.36 7.08 6.79 6.62 6.58 6.55 6.51 6.49 6.61 6.80 6.96 6.92 6.77 6.78
9.02 8.99 8.76 8.41 8.21 8.22 8.30 8.28 8.17 8.09 8.10 8.01 7.57 7.08 6.94 6.81 6.44 6.02 5.81 6.00 6.63 7.51 8.42 8.84 8.58 8.20 8.13 8.10 7.91 7.64 7.46 7.45 7.44 7.28 6.99 6.82 6.86 7.07 7.22 7.13 6.94 7.02 7.34 7.58 7.68 7.75 7.82 7.92 7.98 7.91 7.74 7.60 7.54 7.49 7.44 7.42 7.38 7.40 7.48 7.54 7.51 7.63 7.94 8.31 8.33 8.08 7.93 7.96 7.94 7.69 7.24 6.76 6.46 6.40 6.35 6.22 6.08 6.08 6.24 6.47 6.70 6.95 7.30 7.51
8.84 8.50 7.94 7.74 7.78 7.97 8.12 8.11 8.04 8.01 7.92 7.61 7.12 6.70 6.43 6.16 5.96 5.96 6.36 7.15 7.88 8.46 8.93 8.79 8.13 7.84 7.86 7.77 7.61 7.54 7.55 7.54 7.47 7.28 7.08 7.10 7.29 7.43 7.46 7.46 7.62 7.83 7.92 7.96 8.13 8.39 8.59 8.63 8.49 8.19 7.94 7.82 7.76 7.70 7.63 7.63 7.69 7.68 7.59 7.50 7.45 7.57 7.75 7.80 7.59 7.43 7.64 8.02 8.09 7.68 7.02 6.48 6.25 6.21 6.20 6.13 6.02 5.91 5.94 6.17 6.73 7.53 8.06 7.93
8.25 7.71 7.11 7.12 7.45 7.84 8.06 8.05 7.96 7.82 7.58 7.21 6.84 6.65 6.63 6.68 6.89 7.37 8.15 8.86 9.20 9.22 8.95 8.31 7.69 7.54 7.48 7.30 7.25 7.37 7.49 7.52 7.49 7.50 7.63 7.85 7.99 7.93 7.81 7.81 7.87 7.81 7.84 8.04 8.42 8.83 9.17 9.22 9.02 8.74 8.55 8.41 8.27 8.07 7.83 7.74 7.76 7.67 7.51 7.43 7.36 7.43 7.48 7.39 7.30 7.53 8.03 8.33 7.96 7.10 6.44 6.19 6.11 6.06 6.08 6.25 6.45 6.53 6.50 6.66 7.30 8.09 8.24 7.56
7.93 7.61 7.25 7.40 7.80 8.10 8.15 8.04 7.89 7.73 7.54 7.30 7.15 7.30 7.70 8.13 8.62 9.12 9.48 9.60 9.41 9.00 8.42 7.89 7.63 7.51 7.28 7.11 7.16 7.30 7.37 7.39 7.46 7.64 7.88 8.01 8.00 7.91 7.80 7.72 7.60 7.55 7.79 8.23 8.76 9.24 9.48 9.40 9.15 8.92 8.68 8.46 8.31 8.16 7.97 7.86 7.76 7.55 7.41 7.34 7.33 7.39 7.40 7.38 7.54 8.00 8.36 8.11 7.15 6.19 5.88 5.90 5.96 6.02 6.11 6.28 6.56 6.90 7.20 7.50 7.93 8.28 7.95 7.21
8.06 8.09 8.22 8.52 8.72 8.59 8.26 8.01 7.87 7.79 7.74 7.69 7.80 8.20 8.68 9.08 9.36 9.46 9.33 8.90 8.31 7.76 7.47 7.47 7.61 7.56 7.39 7.36 7.47 7.53 7.48 7.46 7.57 7.76 7.80 7.65 7.56 7.60 7.65 7.61 7.54 7.64 8.04 8.55 9.01 9.29 9.21 8.85 8.48 8.24 8.08 8.08 8.17 8.16 8.04 7.97 7.88 7.69 7.46 7.37 7.42 7.48 7.51 7.61 7.94 8.31 8.22 7.42 6.34 5.80 5.72 5.79 5.89 6.11 6.42 6.54 6.58 6.74 7.17 7.73 8.26 8.55 8.40 8.30
8.26 8.47 8.86 9.13 9.10 8.77 8.32 8.00 7.87 7.86 7.92 8.05 8.32 8.69 8.91 8.91 8.84 8.67 8.25 7.51 6.78 6.48 6.69 7.26 7.67 7.73 7.72 7.82 7.93 7.98 7.99 8.04 8.14 8.13 7.97 7.74 7.65 7.71 7.73 7.76 7.91 8.27 8.65 8.90 9.03 8.91 8.44 7.87 7.52 7.49 7.69 8.07 8.30 8.22 8.06 8.02 8.01 7.91 7.71 7.59 7.57 7.62 7.71 7.89 8.15 8.22 7.72 6.77 6.11 5.88 5.88 5.94 6.07 6.30 6.60 6.79 6.87 6.90 7.15 7.80 8.68 9.34 9.62 9.78
8.40 8.58 8.87 9.02 8.94 8.75 8.47 8.16 8.01 8.02 8.07 8.19 8.40 8.53 8.42 8.28 8.22 7.89 7.17 6.41 6.06 6.23 6.88 7.60 7.95 8.00 8.04 8.15 8.23 8.32 8.51 8.71 8.80 8.67 8.40 8.17 8.08 8.08 7.97 8.01 8.32 8.70 8.85 8.86 8.76 8.36 7.68 7.11 6.95 7.25 7.85 8.34 8.40 8.18 8.05 8.08 8.12 8.07 7.92 7.76 7.70 7.75 7.86 7.99 8.08 7.86 7.14 6.43 6.13 6.07 6.08 6.15 6.33 6.55 6.65 6.76 7.04 7.42 7.87 8.58 9.54 10.10 10.11 9.81
8.59 8.76 9.02 9.15 9.10 8.89 8.71 8.59 8.48 8.35 8.18 8.10 8.09 8.04 8.00 8.07 7.97 7.44 6.78 6.53 6.75 7.16 7.67 8.12 8.29 8.26 8.26 8.32 8.38 8.46 8.65 8.87 8.96 8.85 8.67 8.59 8.60 8.57 8.37 8.26 8.42 8.53 8.56 8.63 8.44 7.88 7.25 6.89 6.95 7.50 8.25 8.60 8.49 8.24 8.15 8.17 8.18 8.10 7.90 7.73 7.69 7.75 7.83 7.89 7.88 7.57 6.93 6.46 6.30 6.29 6.30 6.33 6.45 6.62 6.77 6.95 7.27 7.84 8.65 9.53 10.17 10.10 9.40 8.72
9.01 9.22 9.52 9.52 9.32 8.97 8.82 8.82 8.78 8.48 8.10 7.85 7.75 7.78 7.95 8.03 7.71 7.21 7.08 7.41 7.79 8.01 8.24 8.47 8.55 8.50 8.46 8.46 8.48 8.54 8.66 8.77 8.74 8.70 8.85 9.10 9.25 9.20 9.00 8.66 8.46 8.34 8.43 8.43 8.02 7.43 7.08 7.04 7.36 8.08 8.75 8.88 8.64 8.39 8.26 8.22 8.17 8.01 7.76 7.65 7.66 7.70 7.73 7.74 7.71 7.45 7.02 6.77 6.67 6.62 6.58 6.54 6.53 6.63 6.92 7.38 7.90 8.58 9.49 10.22 10.24 9.51 8.46 7.74
9.42 9.50 9.55 9.41 9.20 8.90 8.70 8.60 8.46 8.15 7.80 7.59 7.62 7.84 7.96 7.76 7.40 7.32 7.63 7.94 8.07 8.15 8.36 8.62 8.71 8.62 8.50 8.43 8.42 8.54 8.73 8.79 8.74 8.80 9.07 9.35 9.45 9.41 9.34 9.12 8.65 8.31 8.15 7.87 7.35 7.05 7.08 7.28 7.80 8.65 9.20 9.08 8.68 8.40 8.27 8.22 8.12 7.92 7.67 7.63 7.69 7.73 7.73 7.72 7.69 7.52 7.26 7.14 7.09 7.02 6.92 6.86 6.86 6.97 7.28 7.83 8.70 9.79 10.67 10.81 10.13 9.08 8.09 7.34
9.51 9.22 8.74 8.54 8.52 8.46 8.31 8.16 8.07 7.91 7.78 7.84 8.11 8.32 8.12 7.66 7.37 7.45 7.64 7.72 7.83 8.08 8.45 8.73 8.74 8.54 8.30 8.20 8.25 8.45 8.67 8.83 8.88 8.96 9.02 8.96 8.84 8.80 8.82 8.74 8.35 7.91 7.51 7.13 6.87 6.89 7.10 7.41 8.16 9.12 9.41 8.98 8.48 8.27 8.22 8.18 8.05 7.83 7.62 7.66 7.79 7.85 7.83 7.78 7.74 7.61 7.46 7.41 7.40 7.37 7.40 7.52 7.65 7.87 8.20 8.76 9.68 10.75 11.26 10.84 9.85 8.98 8.24 7.52
9.19 8.61 7.63 7.20 7.21 7.36 7.60 7.86 8.07 8.22 8.43 8.77 9.07 8.97 8.41 7.80 7.45 7.28 7.14 7.20 7.59 8.12 8.57 8.78 8.69 8.44 8.17 8.03 8.05 8.21 8.36 8.46 8.51 8.55 8.46 8.20 7.91 7.72 7.59 7.47 7.35 7.17 6.94 6.74 6.77 6.95 7.15 7.63 8.66 9.50 9.37 8.67 8.24 8.14 8.13 8.09 7.96 7.78 7.67 7.83 8.00 8.03 7.96 7.85 7.74 7.63 7.57 7.60 7.63 7.72 7.98 8.38 8.83 9.33 9.80 10.24 10.78 11.28 11.13 10.28 9.57 9.23 8.89 8.47
8.56 7.86 6.77 6.41 6.40 6.61 7.10 7.66 8.13 8.54 8.93 9.25 9.28 8.86 8.25 7.76 7.40 7.11 7.01 7.27 7.74 8.23 8.61 8.76 8.66 8.46 8.24 8.09 7.98 7.98 8.00 7.94 7.84 7.82 7.76 7.49 7.12 6.82 6.56 6.47 6.54 6.63 6.69 6.85 7.18 7.47 7.77 8.47 9.42 9.74 9.21 8.49 8.17 8.07 8.03 8.01 7.99 8.04 8.22 8.44 8.44 8.25 8.04 7.90 7.82 7.76 7.72 7.77 7.88 8.12 8.62 9.28 10.03 10.66 11.06 11.22 11.28 11.20 10.66 9.93 9.70 9.74 9.70 9.65
7.86 7.31 6.61 6.56 6.73 7.03 7.39 7.70 8.02 8.39 8.73 8.87 8.63 8.12 7.72 7.49 7.30 7.18 7.33 7.74 8.14 8.50 8.75 8.81 8.69 8.54 8.43 8.36 8.29 8.13 7.98 7.79 7.64 7.52 7.32 6.94 6.51 6.21 6.05 6.07 6.24 6.49 6.92 7.51 8.01 8.38 8.86 9.46 9.89 9.70 8.98 8.40 8.14 8.00 7.95 8.03 8.22 8.55 8.90 8.98 8.67 8.24 7.99 7.93 7.97 7.97 7.89 7.92 8.15 8.59 9.26 9.99 10.60 10.92 11.01 10.92 10.74 10.49 10.13 9.83 9.83 9.87 9.95 10.21
7.69 7.56 7.61 7.90 8.11 8.20 8.08 7.95 8.02 8.18 8.31 8.26 7.92 7.54 7.35 7.27 7.24 7.32 7.63 8.09 8.45 8.80 8.96 8.89 8.70 8.59 8.56 8.57 8.56 8.48 8.21 7.90 7.63 7.34 6.98 6.52 6.10 5.88 5.84 5.96 6.27 6.83 7.61 8.31 8.72 9.02 9.36 9.67 9.74 9.32 8.65 8.18 7.89 7.74 7.80 8.06 8.41 8.70 8.79 8.51 8.10 7.88 7.84 7.91 8.01 8.05 8.00 8.04 8.29 8.84 9.54 10.04 10.18 10.00 9.72 9.53 9.49 9.57 9.61 9.55 9.45 9.37 9.55 9.97
8.12 8.39 8.97 9.43 9.56 9.31 8.78 8.51 8.46 8.36 8.12 7.79 7.48 7.31 7.24 7.23 7.28 7.51 7.96 8.45 8.82 9.09 9.05 8.81 8.62 8.57 8.61 8.61 8.59 8.54 8.33 7.95 7.53 7.15 6.74 6.33 6.04 5.88 5.86 6.11 6.77 7.74 8.59 9.03 9.15 9.15 9.23 9.35 9.30 8.89 8.30 7.78 7.41 7.36 7.62 7.99 8.29 8.31 8.03 7.62 7.46 7.55 7.70 7.85 7.96 7.99 7.99 8.06 8.26 8.67 9.18 9.29 9.01 8.62 8.28 8.17 8.48 9.00 9.28 9.20 9.00 8.92 9.04 9.25
8.48 8.84 9.44 9.80 9.86 9.68 9.48 9.29 9.03 8.58 8.06 7.64 7.40 7.32 7.32 7.36 7.53 7.91 8.41 8.81 9.02 9.03 8.78 8.49 8.40 8.50 8.56 8.50 8.41 8.33 8.17 7.84 7.49 7.12 6.73 6.37 6.10 5.99 6.15 6.80 7.92 8.92 9.36 9.35 9.14 8.94 8.93 9.07 9.02 8.62 8.01 7.43 7.09 7.24 7.56 7.84 7.87 7.60 7.19 7.00 7.10 7.36 7.61 7.78 7.85 7.85 7.88 8.03 8.25 8.54 8.69 8.47 8.14 7.91 7.77 7.93 8.52 9.11 9.33 9.16 8.98 8.91 8.83 8.76
8.64 8.89 9.27 9.37 9.28 9.18 9.31 9.28 8.97 8.48 8.04 7.75 7.59 7.53 7.56 7.69 7.99 8.40 8.77 8.89 8.78 8.52 8.27 8.15 8.24 8.42 8.39 8.16 8.07 8.06 7.95 7.73 7.52 7.22 6.87 6.56 6.36 6.42 6.98 8.07 9.09 9.47 9.29 8.93 8.66 8.57 8.70 8.94 8.90 8.42 7.78 7.30 7.19 7.37 7.59 7.66 7.41 6.88 6.46 6.45 6.78 7.21 7.53 7.69 7.76 7.81 7.89 8.04 8.28 8.50 8.49 8.27 8.08 7.93 7.96 8.44 9.15 9.62 9.69 9.46 9.21 9.04 8.85 8.80
8.76 8.96 9.20 9.12 8.80 8.46 8.40 8.40 8.33 8.19 8.02 7.88 7.79 7.76 7.81 8.02 8.36 8.66 8.74 8.55 8.23 7.94 7.84 8.03 8.31 8.47 8.34 8.09 8.06 8.05 7.93 7.75 7.53 7.27 7.02 6.89 6.98 7.38 8.16 9.00 9.34 9.07 8.61 8.30 8.23 8.36 8.65 8.87 8.72 8.20 7.63 7.35 7.27 7.42 7.61 7.58 7.31 6.90 6.52 6.49 6.85 7.24 7.48 7.64 7.77 7.88 7.96 8.07 8.18 8.23 8.28 8.31 8.15 7.93 8.13 8.97 9.87 10.19 10.04 9.67 9.33 9.05 8.90 9.06
8.89 9.01 9.03 8.71 8.28 7.85 7.58 7.50 7.61 7.75 7.82 7.86 7.86 7.84 7.89 8.08 8.29 8.30 8.04 7.69 7.41 7.29 7.54 8.12 8.63 8.75 8.63 8.52 8.49 8.30 8.04 7.76 7.46 7.24 7.15 7.23 7.55 8.08 8.60 8.89 8.79 8.43 8.15 8.09 8.20 8.38 8.63 8.76 8.51 8.00 7.57 7.23 7.09 7.32 7.64 7.70 7.60 7.43 7.21 7.23 7.44 7.50 7.53 7.66 7.82 7.92 7.99 8.04 8.02 8.04 8.21 8.33 8.14 8.06 8.65 9.86 10.67 10.59 10.02 9.47 9.11 8.92 8.94 9.16
8.92 8.74 8.19 7.44 6.96 6.81 6.90 7.06 7.21 7.35 7.54 7.73 7.81 7.83 7.86 7.92 7.84 7.53 7.18 6.99 6.96 7.14 7.74 8.58 9.04 9.04 8.90 8.85 8.68 8.32 8.02 7.71 7.41 7.27 7.29 7.43 7.72 8.06 8.31 8.44 8.40 8.18 8.10 8.22 8.36 8.43 8.51 8.53 8.31 7.88 7.35 6.92 6.94 7.40 7.83 7.94 7.91 7.89 7.94 8.04 8.01 7.79 7.66 7.74 7.87 7.97 8.05 8.11 8.23 8.47 8.63 8.51 8.43 8.83 9.84 10.82 11.06 10.47 9.67 9.15 8.91 8.90 8.99 9.04
8.61 8.10 7.21 6.48 6.04 6.22 6.69 7.07 7.26 7.42 7.61 7.73 7.77 7.80 7.82 7.74 7.52 7.33 7.37 7.53 7.67 7.97 8.53 9.04 9.21 9.02 8.83 8.64 8.22 7.82 7.70 7.54 7.37 7.34 7.42 7.55 7.75 8.02 8.27 8.51 8.48 8.24 8.20 8.35 8.40 8.33 8.30 8.28 8.05 7.50 6.85 6.67 7.07 7.70 8.08 8.16 8.13 8.16 8.30 8.37 8.27 8.09 7.99 8.04 8.09 8.11 8.17 8.33 8.62 8.83 8.75 8.57 8.85 9.75 10.74 11.01 10.54 9.72 9.17 8.92 8.86 8.92 8.94 8.86
