project/data/elevation/US_DEM2016/US_DEM2016_point_10-28-2019_1654_30m_vel.asc
ncols	125
nrows	167
xllcorner	-2042055.000000
yllcorner	1465035.000000
cellsize	30.000000
NODATA_value	-9999.000000
[rows 38 to 75 of 167, columns 0 to 83 of 125]
6.86 6.42 5.54 4.92 4.40 4.05 3.82 3.52 3.19 2.92 2.82 2.79 2.83 3.02 3.32 3.55 3.69 3.89 4.25 4.71 4.98 5.11 5.17 5.26 5.38 5.47 5.57 5.64 5.51 5.29 5.06 4.88 4.81 4.86 5.06 5.46 5.87 6.10 6.34 6.71 6.93 6.79 6.62 6.57 6.66 6.65 6.24 5.49 4.95 4.62 4.54 4.60 4.52 4.33 4.32 4.39 4.47 4.81 5.24 5.62 5.58 5.02 4.50 4.15 3.88 3.69 3.53 3.51 3.58 3.67 3.59 3.56 3.82 4.22 4.35 4.48 4.74 5.25 5.89 6.57 7.04 7.20 6.97 6.44
6.83 6.07 4.82 4.16 3.72 3.49 3.33 3.14 3.03 3.01 3.10 3.14 3.10 3.05 3.13 3.30 3.51 3.74 3.95 4.11 4.12 4.08 4.12 4.28 4.63 5.05 5.37 5.64 5.69 5.56 5.39 5.26 5.22 5.35 5.74 6.28 6.57 6.71 6.88 7.14 7.27 7.02 6.75 6.56 6.42 6.22 5.76 5.18 4.76 4.47 4.50 4.68 4.67 4.40 4.39 4.54 4.74 5.07 5.26 5.31 4.97 4.25 3.57 3.31 3.21 3.17 3.10 3.17 3.37 3.51 3.42 3.38 3.69 4.12 4.22 4.23 4.37 4.77 5.30 5.57 5.55 5.69 6.05 6.15
6.58 5.75 4.42 3.76 3.52 3.40 3.36 3.36 3.44 3.62 3.81 3.88 3.71 3.42 3.23 3.25 3.42 3.60 3.64 3.56 3.55 3.64 3.84 4.15 4.62 5.02 5.31 5.55 5.68 5.71 5.70 5.70 5.85 6.29 6.85 7.30 7.52 7.58 7.43 7.19 7.08 6.58 6.16 6.00 5.85 5.87 5.81 5.71 5.51 5.35 5.17 5.10 4.95 4.56 4.44 4.57 4.81 5.05 5.00 4.73 4.27 3.56 2.82 2.56 2.52 2.57 2.79 3.06 3.27 3.36 3.28 3.33 3.74 4.15 4.20 4.10 4.13 4.42 4.85 4.96 4.72 4.76 5.33 6.06
6.28 5.62 4.55 4.04 3.92 3.90 3.88 3.89 4.03 4.27 4.46 4.40 4.07 3.69 3.46 3.44 3.56 3.67 3.66 3.60 3.71 3.96 4.23 4.48 4.71 4.93 5.02 5.15 5.42 5.65 5.96 6.18 6.63 7.19 7.66 7.95 8.05 7.86 7.47 6.94 6.46 5.98 5.54 5.26 5.30 5.37 5.58 5.72 5.86 5.94 5.87 5.48 5.07 4.62 4.35 4.37 4.49 4.53 4.36 4.11 3.76 3.24 2.68 2.54 2.67 2.83 3.04 3.18 3.22 3.27 3.30 3.43 3.79 4.17 4.15 3.89 3.92 4.38 4.79 4.69 4.36 4.30 4.71 5.64
6.09 5.64 4.90 4.54 4.41 4.34 4.26 4.31 4.55 4.78 4.81 4.56 4.10 3.84 3.78 3.86 3.96 4.06 4.14 4.27 4.48 4.69 4.87 5.01 5.11 5.11 5.04 5.04 5.29 5.59 6.14 6.66 7.36 7.88 7.97 7.82 7.59 7.20 6.66 6.11 5.65 5.28 4.88 4.68 4.68 4.81 5.01 5.10 5.28 5.42 5.44 5.21 4.89 4.49 4.27 4.27 4.27 4.13 3.94 3.90 3.76 3.55 3.36 3.40 3.53 3.50 3.38 3.28 3.34 3.43 3.43 3.46 3.70 3.98 3.86 3.50 3.71 4.39 4.76 4.46 4.12 4.19 4.69 5.53
5.98 5.62 5.04 4.76 4.67 4.65 4.70 4.88 5.10 5.18 5.01 4.62 4.19 4.03 4.04 4.17 4.35 4.52 4.74 5.03 5.30 5.48 5.57 5.59 5.58 5.46 5.36 5.36 5.53 5.74 6.33 7.13 7.63 7.89 7.63 7.15 6.67 6.21 5.70 5.30 5.01 4.71 4.36 4.10 4.17 4.39 4.48 4.31 4.12 3.91 3.90 4.13 4.28 4.26 4.28 4.45 4.52 4.47 4.42 4.39 4.28 4.27 4.35 4.40 4.11 3.74 3.64 3.75 3.78 3.54 3.23 3.17 3.46 3.73 3.62 3.40 3.69 4.37 4.62 4.23 4.05 4.46 5.05 5.45
5.91 5.63 5.20 5.03 5.12 5.33 5.52 5.64 5.63 5.47 5.13 4.71 4.36 4.18 4.19 4.39 4.64 4.90 5.20 5.53 5.78 5.88 5.87 5.77 5.64 5.49 5.44 5.50 5.74 6.04 6.66 7.26 7.42 7.24 6.81 6.45 6.09 5.70 5.12 4.69 4.39 4.16 3.94 3.71 3.73 4.00 3.84 3.51 3.20 3.04 3.10 3.31 3.58 3.87 4.28 4.74 4.97 5.04 5.02 4.86 4.73 4.77 4.72 4.49 4.05 3.96 4.16 4.15 3.71 3.03 2.76 2.95 3.31 3.54 3.59 3.65 4.01 4.49 4.60 4.26 4.14 4.59 4.98 5.10
6.01 5.86 5.64 5.62 5.75 5.92 6.02 6.00 5.84 5.54 5.16 4.83 4.61 4.48 4.61 4.84 5.04 5.27 5.53 5.73 5.78 5.71 5.58 5.44 5.39 5.34 5.34 5.51 5.96 6.48 7.06 7.13 6.85 6.38 6.01 5.90 5.65 5.30 4.73 4.23 3.81 3.54 3.38 3.20 3.30 3.54 3.49 3.44 3.43 3.45 3.39 3.28 3.32 3.70 4.37 4.95 5.09 5.03 4.91 4.84 4.75 4.83 4.67 4.46 4.43 4.55 4.38 3.76 3.01 2.70 2.89 3.33 3.62 3.74 3.89 4.17 4.55 4.78 4.73 4.52 4.39 4.48 4.71 4.91
6.27 6.16 6.01 6.00 6.00 5.93 5.81 5.69 5.52 5.25 4.99 4.82 4.81 4.94 5.23 5.41 5.51 5.61 5.68 5.64 5.50 5.33 5.15 5.08 5.17 5.26 5.38 5.73 6.33 6.87 7.13 6.86 6.26 5.77 5.43 5.21 5.00 4.76 4.41 3.93 3.37 3.00 2.89 3.00 3.26 3.54 3.82 3.92 3.88 3.61 3.27 3.20 3.58 4.22 4.84 5.07 4.97 4.80 4.70 4.73 4.69 4.79 4.78 4.74 4.70 4.46 3.71 3.15 3.06 3.40 3.86 4.16 4.30 4.38 4.57 4.85 5.09 5.13 5.07 4.99 4.83 4.69 4.78 5.06
6.49 6.30 6.03 5.90 5.75 5.55 5.31 5.08 4.87 4.68 4.53 4.50 4.62 4.99 5.37 5.57 5.64 5.63 5.53 5.37 5.22 5.07 4.95 4.94 5.04 5.21 5.47 5.98 6.63 6.96 6.79 6.25 5.80 5.36 4.92 4.60 4.39 4.26 4.12 3.85 3.30 2.98 3.04 3.45 3.72 4.00 4.18 3.92 3.37 2.86 2.82 3.37 4.43 5.34 5.59 5.38 5.13 4.94 4.85 4.83 4.75 4.84 4.82 4.71 4.43 3.95 3.63 3.78 4.30 4.83 5.17 5.28 5.34 5.37 5.46 5.65 5.77 5.72 5.69 5.68 5.33 5.05 5.14 5.33
6.56 6.33 5.82 5.54 5.35 5.11 4.83 4.55 4.34 4.14 4.00 4.01 4.18 4.60 4.97 5.18 5.31 5.32 5.24 5.11 4.98 4.88 4.81 4.80 4.88 5.07 5.37 5.97 6.71 6.88 6.50 5.92 5.54 5.10 4.52 4.04 3.88 3.84 3.78 3.60 3.27 3.08 3.22 3.56 3.78 3.98 4.03 3.49 2.94 2.85 3.44 4.74 6.01 6.52 6.41 5.88 5.48 5.18 5.04 5.06 5.01 5.01 4.96 4.83 4.83 4.99 5.47 6.05 6.53 6.86 6.96 6.98 6.98 6.94 6.93 6.99 7.00 6.86 6.63 6.23 5.61 5.21 5.31 5.41
6.56 6.32 5.66 5.25 5.04 4.83 4.59 4.35 4.16 3.92 3.85 3.92 4.16 4.51 4.76 4.91 5.01 5.05 5.00 4.87 4.72 4.63 4.60 4.62 4.69 4.85 5.18 5.92 6.76 6.78 6.29 5.84 5.50 5.05 4.47 3.92 3.68 3.44 3.18 2.98 2.85 2.78 2.87 3.06 3.35 3.65 3.83 3.59 3.48 3.94 5.26 6.68 7.33 7.24 6.74 6.08 5.62 5.35 5.28 5.43 5.47 5.50 5.47 5.71 6.21 6.85 7.52 8.09 8.47 8.65 8.72 8.73 8.71 8.67 8.59 8.45 8.27 8.01 7.50 6.71 5.89 5.36 5.30 5.26
6.64 6.31 5.58 5.15 4.94 4.74 4.60 4.50 4.36 4.21 4.31 4.50 4.76 5.01 5.11 5.11 5.07 4.98 4.82 4.64 4.49 4.42 4.40 4.44 4.52 4.72 5.16 6.05 6.76 6.54 5.78 5.58 5.40 5.02 4.69 4.31 3.86 3.29 2.77 2.59 2.60 2.71 2.92 3.16 3.45 3.77 4.22 4.52 4.91 5.88 7.19 7.84 7.76 7.07 6.44 5.88 5.56 5.43 5.34 5.40 5.54 5.72 5.87 6.26 6.93 7.53 7.96 8.33 8.54 8.66 8.74 8.83 8.87 8.87 8.75 8.51 8.24 7.99 7.58 7.04 6.47 5.95 5.46 5.14
6.75 6.29 5.47 5.13 4.92 4.70 4.58 4.59 4.59 4.59 4.83 5.18 5.45 5.56 5.52 5.37 5.16 4.91 4.67 4.51 4.41 4.34 4.28 4.28 4.42 4.73 5.27 6.12 6.51 5.95 5.23 5.11 5.04 4.91 4.76 4.57 4.05 3.48 3.10 3.05 3.27 3.62 3.95 4.14 4.36 4.81 5.62 6.43 7.21 7.90 8.23 8.05 7.32 6.42 5.91 5.51 5.25 5.06 4.88 4.79 4.99 5.26 5.73 6.08 6.52 6.73 6.66 6.57 6.51 6.60 6.77 7.01 7.10 7.11 6.97 6.77 6.68 6.55 6.41 6.37 6.34 6.23 5.93 5.37
6.71 6.12 5.21 4.85 4.69 4.54 4.48 4.52 4.62 4.73 4.99 5.39 5.62 5.65 5.49 5.22 4.91 4.65 4.48 4.37 4.29 4.22 4.15 4.19 4.42 4.81 5.34 5.96 6.05 5.35 4.79 4.75 4.68 4.57 4.55 4.32 4.06 3.90 3.86 4.10 4.42 4.74 4.98 5.25 5.69 6.49 7.44 8.08 8.38 8.38 8.10 7.41 6.63 5.90 5.49 5.16 4.84 4.52 4.36 4.34 4.58 4.91 5.27 5.58 5.62 5.26 4.82 4.40 4.29 4.38 4.56 4.75 4.78 4.68 4.64 4.54 4.58 4.57 4.61 4.80 5.15 5.43 5.51 5.33
6.47 5.88 4.94 4.48 4.33 4.32 4.40 4.44 4.55 4.71 4.83 5.05 5.18 5.09 4.87 4.59 4.38 4.23 4.12 4.03 3.97 3.96 4.05 4.28 4.59 4.92 5.33 5.72 5.69 5.20 4.80 4.73 4.63 4.45 4.21 3.96 3.95 4.06 4.27 4.63 5.01 5.26 5.54 5.99 6.80 7.74 8.36 8.48 8.12 7.62 7.10 6.54 6.01 5.57 5.25 4.96 4.67 4.41 4.43 4.58 4.83 5.03 5.12 5.17 4.87 4.37 4.01 3.86 3.91 3.94 3.83 3.59 3.41 3.32 3.25 3.22 3.26 3.28 3.30 3.32 3.45 3.63 3.78 4.03
6.19 5.71 4.91 4.47 4.27 4.19 4.19 4.17 4.18 4.31 4.35 4.36 4.26 4.02 3.77 3.69 3.67 3.63 3.60 3.66 3.79 3.94 4.18 4.50 4.76 5.04 5.34 5.61 5.70 5.55 5.23 4.93 4.67 4.38 3.98 3.63 3.65 3.81 4.05 4.39 4.82 5.19 5.62 6.38 7.46 8.16 8.24 7.58 6.64 6.18 5.97 5.80 5.57 5.36 5.12 4.90 4.67 4.61 4.83 5.00 5.10 5.11 4.93 4.76 4.49 4.27 4.28 4.30 4.21 3.93 3.49 3.02 2.82 2.74 2.62 2.58 2.58 2.46 2.31 2.20 2.21 2.31 2.58 3.03
6.04 5.73 5.19 4.82 4.53 4.22 3.89 3.65 3.58 3.69 3.76 3.65 3.33 2.97 2.82 2.86 2.95 3.03 3.21 3.55 3.93 4.27 4.54 4.72 4.92 5.17 5.42 5.70 5.88 5.84 5.39 4.89 4.52 4.16 3.75 3.38 3.39 3.61 3.80 4.05 4.43 4.94 5.60 6.69 7.72 7.98 7.35 6.25 5.56 5.29 5.19 5.15 5.11 5.07 4.89 4.74 4.61 4.67 4.91 4.94 4.78 4.57 4.38 4.31 4.45 4.64 4.74 4.59 4.04 3.42 2.86 2.61 2.60 2.53 2.35 2.24 2.19 1.97 1.71 1.72 1.99 2.48 3.14 3.67
6.14 6.02 5.70 5.32 4.92 4.47 3.95 3.63 3.49 3.54 3.54 3.30 2.93 2.70 2.65 2.71 2.83 3.05 3.43 3.89 4.33 4.71 4.91 5.06 5.25 5.48 5.66 5.87 6.05 5.95 5.35 4.92 4.70 4.36 3.88 3.61 3.74 3.98 4.09 4.25 4.56 5.06 5.87 7.06 7.66 7.35 6.19 5.22 4.68 4.50 4.49 4.52 4.60 4.60 4.46 4.35 4.31 4.36 4.41 4.19 3.89 3.68 3.74 4.07 4.72 5.02 4.82 4.26 3.52 3.00 2.80 2.88 2.92 2.66 2.27 2.17 2.20 2.23 1.87 2.09 2.69 3.69 4.69 4.99
6.39 6.31 5.97 5.58 5.18 4.82 4.48 4.23 4.00 3.87 3.74 3.51 3.31 3.28 3.39 3.55 3.72 3.99 4.27 4.58 4.91 5.22 5.41 5.59 5.82 5.98 5.97 6.09 6.33 6.33 5.99 5.70 5.52 5.17 4.63 4.41 4.57 4.76 4.87 4.99 5.19 5.50 6.27 7.22 7.35 6.39 5.20 4.30 3.86 3.78 3.86 3.94 4.08 4.10 4.04 3.95 3.87 3.76 3.59 3.41 3.32 3.41 3.78 4.35 5.00 5.03 4.42 3.71 3.26 3.30 3.58 3.71 3.34 2.73 2.28 2.23 2.37 2.49 2.76 3.41 4.47 5.59 6.04 5.82
6.60 6.30 5.70 5.36 5.16 5.05 4.92 4.70 4.39 4.10 3.92 3.86 3.97 4.19 4.50 4.74 4.98 5.22 5.40 5.54 5.73 5.84 5.98 6.21 6.41 6.36 6.26 6.40 6.70 6.66 6.39 6.09 5.83 5.49 5.08 4.88 4.95 5.12 5.33 5.52 5.67 5.89 6.49 6.96 6.56 5.33 4.24 3.55 3.25 3.23 3.32 3.34 3.46 3.69 3.80 3.76 3.67 3.53 3.47 3.61 3.82 4.15 4.59 5.01 5.23 4.90 4.17 3.80 3.90 4.24 4.42 4.10 3.32 2.64 2.54 2.84 3.21 3.63 4.31 5.29 6.29 6.68 6.36 5.49
6.69 6.11 5.23 4.91 4.87 4.93 4.94 4.72 4.38 4.06 3.89 3.98 4.32 4.78 5.21 5.51 5.77 6.01 6.20 6.29 6.29 6.29 6.42 6.64 6.66 6.51 6.48 6.70 6.85 6.53 5.86 5.38 5.07 4.90 4.86 4.88 4.94 5.11 5.34 5.62 5.87 6.06 6.36 6.35 5.56 4.31 3.43 2.98 2.82 2.89 2.87 2.75 2.96 3.45 3.78 3.87 3.88 3.90 4.06 4.24 4.54 5.03 5.51 5.80 5.62 5.23 4.65 4.63 5.00 5.16 4.74 3.96 3.27 3.19 3.62 4.14 4.74 5.42 6.24 6.95 7.14 6.72 5.85 4.96
6.67 6.02 4.97 4.54 4.40 4.32 4.32 4.25 4.08 3.86 3.71 3.80 4.15 4.64 5.08 5.36 5.58 5.74 5.82 5.87 5.97 6.14 6.35 6.39 6.20 6.11 6.36 6.73 6.72 6.24 5.57 4.96 4.59 4.49 4.74 5.01 5.21 5.37 5.49 5.61 5.75 5.75 5.79 5.60 4.89 3.76 3.02 2.78 2.82 2.92 2.84 2.73 2.94 3.50 3.96 4.23 4.41 4.54 4.65 4.74 5.08 5.78 6.38 6.57 6.22 5.86 5.62 5.60 5.79 5.69 5.02 4.38 4.25 4.84 5.60 6.26 6.89 7.42 7.72 7.61 7.03 6.13 5.30 4.66
6.59 5.84 4.67 4.21 3.88 3.63 3.52 3.51 3.51 3.39 3.25 3.28 3.48 3.80 4.10 4.29 4.40 4.37 4.19 4.20 4.70 5.28 5.49 5.26 4.88 5.11 5.90 6.46 6.41 6.02 5.74 5.51 5.28 5.14 5.16 5.30 5.44 5.52 5.47 5.35 5.23 5.15 5.18 5.21 4.81 3.94 3.39 3.41 3.55 3.60 3.57 3.57 3.64 3.91 4.22 4.51 4.81 5.11 5.32 5.65 6.21 6.89 7.16 6.99 6.56 6.25 6.21 6.39 6.51 6.39 6.14 6.06 6.46 7.08 7.58 7.98 8.25 8.29 7.99 7.29 6.45 5.66 5.06 4.52
6.30 5.49 4.33 3.85 3.57 3.34 3.10 2.96 2.98 2.88 2.68 2.56 2.58 2.71 2.84 2.97 3.02 2.87 2.80 3.05 3.61 4.16 4.28 3.95 3.84 4.44 5.63 6.24 6.08 5.51 5.45 5.62 5.71 5.72 5.51 5.30 5.16 5.12 4.93 4.71 4.60 4.79 5.12 5.48 5.40 5.08 4.78 4.79 4.84 4.82 4.79 4.67 4.48 4.41 4.42 4.54 4.83 5.29 5.89 6.63 7.30 7.50 7.24 6.65 5.99 5.85 6.24 6.57 6.82 6.95 7.16 7.52 7.94 8.17 8.26 8.25 8.13 7.75 7.11 6.44 5.85 5.32 4.85 4.35
5.96 5.32 4.27 3.73 3.48 3.30 3.06 2.84 2.79 2.68 2.43 2.18 2.09 2.15 2.24 2.27 2.26 2.34 2.58 2.99 3.39 3.62 3.58 3.43 3.64 4.51 5.74 6.18 5.77 4.93 4.78 4.97 5.21 5.36 5.20 4.79 4.41 4.22 4.16 4.12 4.25 4.81 5.55 6.07 6.09 5.97 5.90 5.81 5.73 5.63 5.33 4.96 4.70 4.61 4.58 4.68 4.98 5.56 6.35 7.06 7.32 7.04 6.40 5.57 5.16 5.34 5.94 6.33 6.41 6.61 6.98 7.35 7.59 7.59 7.40 7.12 6.70 6.16 5.74 5.38 5.00 4.66 4.33 3.99
5.81 5.38 4.58 4.01 3.69 3.47 3.22 3.03 2.92 2.80 2.65 2.49 2.44 2.44 2.44 2.39 2.43 2.72 3.14 3.44 3.58 3.65 3.67 3.69 4.07 5.04 6.02 6.20 5.54 4.61 4.27 4.23 4.34 4.42 4.44 4.29 4.02 3.83 3.86 4.12 4.57 5.36 6.08 6.39 6.22 5.98 5.93 5.96 5.90 5.65 5.11 4.72 4.58 4.66 4.78 4.96 5.33 6.01 6.65 6.88 6.53 5.82 5.16 4.67 4.73 5.24 5.75 5.84 5.62 5.72 5.99 6.14 6.10 5.99 5.84 5.53 5.05 4.58 4.27 4.10 3.87 3.64 3.41 3.24
5.75 5.41 4.78 4.35 4.03 3.72 3.46 3.35 3.29 3.29 3.34 3.40 3.43 3.31 3.14 3.06 3.14 3.39 3.67 3.94 4.00 4.07 4.25 4.48 4.92 5.74 6.38 6.33 5.66 4.71 4.23 3.94 3.73 3.72 3.99 4.33 4.50 4.61 4.74 4.98 5.42 5.99 6.35 6.32 5.88 5.54 5.55 5.64 5.58 5.40 5.05 4.80 4.71 4.79 4.92 5.11 5.51 6.14 6.57 6.31 5.60 4.97 4.53 4.32 4.49 4.99 5.45 5.33 4.99 5.00 5.14 5.08 4.86 4.64 4.43 4.25 3.84 3.36 2.95 2.74 2.61 2.37 2.19 2.12
5.72 5.36 4.77 4.37 4.10 3.86 3.75 3.77 3.90 4.13 4.37 4.47 4.33 4.08 3.84 3.71 3.76 3.91 4.06 4.34 4.54 4.82 5.14 5.44 5.85 6.52 6.91 6.67 6.03 5.23 4.75 4.40 4.10 4.06 4.33 4.79 5.23 5.60 5.77 5.84 5.96 6.17 6.24 6.03 5.57 5.20 5.17 5.13 5.01 4.93 4.91 4.87 4.85 4.89 5.02 5.28 5.74 6.25 6.24 5.58 4.81 4.42 4.13 3.99 4.17 4.77 5.26 5.10 4.64 4.52 4.46 4.31 4.13 3.84 3.45 3.13 2.79 2.35 1.91 1.58 1.37 1.22 1.15 1.29
5.72 5.33 4.71 4.28 3.99 3.83 3.86 4.06 4.41 4.82 5.14 5.19 5.05 4.84 4.62 4.42 4.31 4.35 4.47 4.74 5.02 5.44 5.69 6.04 6.63 7.30 7.39 6.93 6.21 5.64 5.37 5.22 5.07 4.98 5.00 5.17 5.40 5.62 5.72 5.70 5.73 5.88 5.92 5.69 5.29 4.87 4.71 4.52 4.26 4.20 4.37 4.56 4.72 4.93 5.12 5.51 5.91 6.00 5.45 4.63 4.16 3.96 3.77 3.87 4.28 4.93 5.13 4.71 4.13 3.89 3.77 3.65 3.57 3.29 2.80 2.31 1.87 1.48 1.08 0.81 0.71 0.72 0.92 1.32
5.69 5.25 4.55 4.15 3.86 3.72 3.72 3.88 4.24 4.68 5.06 5.27 5.38 5.43 5.38 5.22 5.01 4.91 4.98 5.14 5.33 5.69 5.98 6.47 7.15 7.58 7.42 6.68 5.91 5.54 5.51 5.59 5.62 5.44 5.25 5.13 5.05 4.99 5.01 5.17 5.39 5.59 5.61 5.38 5.02 4.66 4.39 4.05 3.73 3.59 3.67 3.93 4.30 4.63 5.05 5.40 5.48 5.07 4.22 3.77 3.67 3.59 3.67 4.08 4.52 4.79 4.60 3.93 3.31 3.05 2.96 2.79 2.62 2.47 2.14 1.67 1.17 0.80 0.64 0.72 0.88 1.10 1.49 2.14
5.59 5.07 4.28 3.97 3.80 3.68 3.56 3.49 3.53 3.74 4.07 4.58 5.10 5.52 5.80 5.85 5.70 5.54 5.49 5.54 5.62 5.91 6.26 6.82 7.30 7.34 6.83 6.09 5.35 5.02 5.03 5.18 5.28 5.18 5.06 4.90 4.76 4.75 4.93 5.21 5.38 5.43 5.35 5.23 5.08 4.78 4.35 3.83 3.37 3.16 3.23 3.56 4.04 4.57 4.74 4.81 4.45 3.72 3.19 3.13 3.12 3.05 3.37 3.85 4.04 4.01 3.74 3.23 2.70 2.37 2.24 2.10 1.93 1.71 1.38 1.08 0.87 0.82 1.03 1.44 1.84 2.18 2.60 3.31
5.43 4.86 4.09 3.88 3.81 3.75 3.60 3.41 3.19 3.08 3.18 3.61 4.31 5.04 5.66 6.00 6.07 6.01 5.98 5.99 6.03 6.23 6.60 7.08 7.23 6.88 6.24 5.51 4.86 4.46 4.32 4.32 4.45 4.62 4.76 4.82 4.85 4.95 5.17 5.37 5.40 5.30 5.20 5.24 5.19 4.74 4.04 3.38 3.13 3.28 3.67 4.14 4.47 4.56 4.47 4.13 3.47 2.89 2.68 2.67 2.56 2.53 2.75 3.06 3.28 3.38 3.40 3.21 2.86 2.60 2.51 2.32 1.98 1.56 1.20 1.11 1.28 1.63 2.12 2.62 3.09 3.55 3.98 4.71
5.29 4.77 4.09 3.91 3.89 3.86 3.77 3.68 3.54 3.34 3.23 3.41 3.89 4.52 5.18 5.71 6.01 6.20 6.36 6.50 6.64 6.84 7.19 7.45 7.23 6.59 5.88 5.25 4.70 4.37 4.23 4.19 4.18 4.26 4.48 4.74 4.89 4.98 5.12 5.30 5.22 5.02 4.94 5.05 4.97 4.30 3.68 3.54 3.91 4.50 4.98 5.18 5.09 4.80 4.44 4.02 3.62 3.32 3.15 2.98 2.82 2.82 2.97 3.20 3.61 3.99 4.15 4.05 3.84 3.69 3.49 3.09 2.45 1.94 1.72 1.83 2.19 2.71 3.27 3.90 4.59 5.25 5.83 6.75
5.19 4.70 4.11 3.97 3.99 3.98 3.98 4.08 4.23 4.30 4.25 4.24 4.42 4.72 5.08 5.58 5.99 6.51 6.70 6.99 7.36 7.57 7.73 7.62 7.13 6.36 5.80 5.45 5.11 5.01 5.01 4.93 4.68 4.52 4.57 4.74 4.87 4.95 5.02 4.94 4.73 4.55 4.58 4.79 4.83 4.57 4.60 5.06 5.57 5.85 5.87 5.63 5.25 4.88 4.68 4.60 4.53 4.47 4.37 4.25 4.20 4.33 4.56 4.91 5.28 5.36 5.06 4.70 4.42 4.15 3.67 3.03 2.43 2.23 2.38 2.74 3.16 3.76 4.60 5.72 6.86 7.69 8.31 9.02
5.08 4.64 4.11 4.00 4.08 4.12 4.21 4.47 4.87 5.24 5.46 5.58 5.62 5.56 5.59 5.88 6.31 6.87 7.29 7.60 7.95 8.06 7.84 7.42 6.76 6.19 5.91 5.80 5.68 5.61 5.58 5.51 5.30 5.15 5.04 4.99 5.01 4.98 4.80 4.53 4.40 4.50 4.66 4.97 5.23 5.36 5.57 5.86 5.98 5.82 5.55 5.26 5.06 4.91 4.84 4.88 4.92 5.04 5.20 5.36 5.51 5.77 6.03 6.18 6.04 5.57 4.87 4.42 4.10 3.61 2.99 2.53 2.40 2.63 3.10 3.64 4.23 5.15 6.53 8.03 9.12 9.75 9.96 9.90
4.99 4.62 4.15 4.10 4.20 4.25 4.34 4.72 5.36 6.01 6.46 6.69 6.71 6.59 6.48 6.58 6.96 7.50 7.88 7.81 8.07 7.77 7.27 6.87 6.25 5.96 5.93 5.92 5.83 5.70 5.57 5.45 5.27 5.14 4.99 4.92 4.93 4.83 4.64 4.57 4.69 4.81 4.94 5.24 5.48 5.42 5.22 5.10 4.84 4.56 4.38 4.37 4.53 4.67 4.64 4.64 4.76 4.99 5.28 5.54 5.83 6.14 6.20 5.92 5.22 4.33 3.76 3.66 3.48 3.03 2.69 2.67 2.94 3.39 4.02 4.68 5.51 6.78 8.30 9.32 9.76 9.79 9.48 8.91
4.94 4.63 4.29 4.33 4.42 4.47 4.64 5.21 6.07 6.65 6.86 6.86 6.85 6.92 7.05 7.33 7.74 8.17 8.12 7.86 7.55 7.24 6.80 6.26 5.84 5.68 5.63 5.63 5.59 5.52 5.37 5.15 4.79 4.52 4.44 4.56 4.66 4.64 4.57 4.55 4.54 4.63 4.85 5.17 5.28 4.94 4.49 4.14 3.98 3.84 3.78 3.84 4.00 4.18 4.31 4.47 4.69 4.86 5.01 5.21 5.52 5.71 5.42 4.61 3.66 3.05 2.97 3.20 3.28 3.19 3.17 3.37 3.82 4.49 5.30 6.10 7.08 8.31 9.11 9.22 8.55 7.52 6.73 6.30
