project/data/elevation/US_DEM2016/US_DEM2016_point_10-30-2019_0427_30m_vel.asc
ncols	125
nrows	167
xllcorner	-2042055.000000
yllcorner	1465035.000000
cellsize	30.000000
NODATA_value	-9999.000000
[rows 76 to 113 of 167, columns 0 to 83 of 125]
7.06 7.07 7.21 7.41 7.59 7.89 8.38 8.84 8.97 8.69 8.29 8.13 8.45 9.09 9.64 10.11 10.35 10.19 9.69 9.22 8.97 8.74 8.46 8.20 7.98 7.70 7.39 7.47 7.87 8.21 8.23 7.92 7.24 6.69 6.59 6.68 6.68 6.45 6.10 5.83 5.73 5.92 6.27 6.41 6.47 6.38 6.17 5.85 5.64 5.63 5.64 5.59 5.56 5.73 6.09 6.42 6.62 6.63 6.67 6.77 6.77 6.46 5.87 5.38 5.13 5.06 5.27 5.71 6.48 7.14 7.37 7.51 8.04 8.81 9.64 10.54 11.40 11.78 11.43 10.42 8.76 6.57 5.45 5.15
7.11 7.12 7.32 7.49 7.70 8.18 8.51 8.42 7.85 7.04 6.60 6.83 7.53 8.44 9.20 9.69 9.76 9.42 8.88 8.40 8.13 8.01 7.95 7.92 7.87 7.69 7.34 7.24 7.47 7.97 8.39 8.50 8.19 7.90 7.68 7.44 7.05 6.53 6.08 5.91 6.00 6.16 6.22 6.11 6.10 6.06 5.96 5.73 5.46 5.34 5.29 5.28 5.28 5.56 6.04 6.48 6.76 6.87 6.94 6.87 6.49 5.89 5.53 5.60 5.92 6.27 6.51 6.86 7.57 8.57 9.19 9.77 10.60 11.45 12.08 12.52 12.58 12.14 11.24 10.30 9.17 7.45 6.05 5.19
6.99 6.82 6.94 7.13 7.26 7.49 7.43 7.06 6.77 6.46 6.61 7.09 7.87 8.76 9.34 9.54 9.34 8.91 8.43 7.99 7.68 7.53 7.50 7.51 7.48 7.34 7.05 6.95 7.04 7.40 8.01 8.52 8.65 8.49 8.19 7.77 7.22 6.63 6.30 6.15 6.02 5.80 5.59 5.46 5.43 5.27 4.86 4.47 4.31 4.28 4.41 4.71 5.20 5.77 6.29 6.66 6.94 7.03 6.92 6.58 6.11 5.75 5.77 6.25 6.98 7.50 7.97 8.68 9.64 10.28 10.77 11.26 11.86 12.40 12.49 12.32 11.75 10.75 10.09 9.95 9.92 9.35 8.26 7.07
6.77 6.42 6.44 6.71 6.74 6.71 6.70 6.82 7.07 7.41 7.80 8.30 9.01 9.61 9.77 9.53 9.07 8.57 8.14 7.74 7.40 7.18 7.08 7.07 7.02 6.84 6.51 6.29 6.17 6.33 6.73 7.49 7.97 8.04 7.84 7.52 7.11 6.59 6.20 5.80 5.40 5.05 4.92 5.09 5.18 4.97 4.44 4.11 4.23 4.59 5.08 5.67 6.28 6.66 6.80 6.78 6.65 6.37 5.90 5.41 5.27 5.49 5.92 6.71 7.64 8.54 9.53 10.36 10.71 10.87 10.89 10.96 11.19 11.18 10.91 10.44 9.70 8.94 8.61 8.93 9.56 9.91 9.65 8.87
6.54 6.24 6.34 6.80 6.96 6.95 7.08 7.45 7.97 8.36 8.81 9.39 9.95 10.05 9.73 9.12 8.45 7.94 7.56 7.24 6.96 6.80 6.69 6.65 6.63 6.49 6.04 5.41 4.86 4.81 4.99 5.62 6.42 7.00 7.18 7.12 7.05 6.73 6.43 6.07 5.78 5.65 5.71 5.97 6.08 5.93 5.49 5.26 5.47 5.98 6.54 6.96 7.16 7.16 6.89 6.64 6.29 5.89 5.54 5.33 5.44 5.83 6.42 7.33 8.35 9.42 10.21 10.39 10.18 9.91 9.68 9.50 9.30 8.89 8.61 8.51 8.38 8.11 7.79 7.64 8.10 9.00 9.56 9.49
6.47 6.36 6.57 7.12 7.44 7.54 7.66 7.97 8.43 8.90 9.44 9.89 10.00 9.63 8.97 8.25 7.60 7.01 6.63 6.37 6.21 6.21 6.29 6.31 6.38 6.36 5.91 4.78 3.88 3.54 3.47 3.76 4.51 5.54 6.29 6.75 6.91 7.14 7.19 7.20 7.26 7.36 7.51 7.55 7.55 7.44 7.13 6.89 6.97 7.04 7.03 6.93 6.83 6.75 6.71 6.69 6.73 6.90 7.08 7.13 7.18 7.35 7.72 8.41 9.12 9.62 9.55 8.97 8.63 8.61 8.53 8.34 8.10 7.67 7.53 7.61 7.80 7.93 7.76 7.28 7.12 7.56 8.50 9.14
6.76 6.75 6.85 7.05 7.30 7.58 7.87 8.24 8.70 9.18 9.60 9.68 9.30 8.61 7.91 7.38 6.91 6.42 5.97 5.70 5.60 5.59 5.63 5.83 6.08 6.30 6.14 5.23 3.91 3.32 3.14 3.29 3.70 4.33 5.32 6.25 6.69 7.17 7.49 7.82 8.14 8.38 8.44 8.33 8.27 8.26 8.11 7.85 7.62 7.25 6.86 6.72 6.84 6.98 6.99 7.02 7.27 7.60 7.93 8.19 8.38 8.56 8.82 9.09 9.29 9.08 8.43 7.96 7.92 8.09 8.07 7.82 7.51 7.20 7.12 7.17 7.38 7.66 7.74 7.51 7.04 6.83 7.22 8.17
7.05 7.13 7.12 6.98 7.07 7.44 7.89 8.39 8.84 9.17 9.26 8.97 8.37 7.74 7.22 6.82 6.48 6.15 5.77 5.42 5.16 5.02 5.00 5.20 5.65 6.14 6.45 6.23 5.36 4.74 4.55 4.59 4.51 4.57 5.14 5.97 6.38 6.85 7.31 7.78 8.09 8.15 8.08 7.94 7.96 8.16 8.22 8.05 7.79 7.52 7.47 7.58 7.63 7.54 7.31 7.25 7.44 7.45 7.70 8.14 8.59 8.88 9.06 9.00 8.73 8.25 7.89 7.94 8.09 8.08 7.84 7.40 6.84 6.38 6.12 6.22 6.50 6.80 7.07 7.22 7.00 6.52 6.25 6.92
7.04 7.13 7.23 7.24 7.34 7.64 8.04 8.49 8.80 8.86 8.64 8.15 7.58 7.11 6.74 6.38 6.05 5.83 5.57 5.17 4.81 4.64 4.66 4.92 5.48 6.19 6.86 7.32 7.52 7.45 7.20 6.74 6.22 5.83 5.73 6.10 6.64 7.17 7.63 7.78 7.62 7.38 7.31 7.45 7.63 7.93 8.20 8.36 8.51 8.61 8.50 8.28 7.95 7.65 7.38 7.36 7.43 7.57 7.90 8.24 8.58 8.76 8.74 8.48 8.04 7.69 7.68 7.94 8.01 7.83 7.48 6.98 6.20 5.36 4.74 4.66 4.91 5.29 5.73 6.14 6.37 6.17 5.69 5.81
6.93 7.03 7.26 7.53 7.79 8.05 8.27 8.43 8.49 8.36 7.99 7.48 7.00 6.62 6.30 5.95 5.58 5.31 5.05 4.75 4.60 4.71 5.00 5.46 6.09 6.72 7.37 8.00 8.60 8.92 8.87 8.40 7.68 7.05 6.79 6.91 7.43 7.93 7.86 7.46 6.99 6.86 7.11 7.41 7.58 7.89 8.35 8.77 9.17 9.39 9.18 8.65 8.16 7.81 7.49 7.46 7.64 7.84 8.00 8.05 8.08 8.07 8.01 7.87 7.55 7.34 7.31 7.42 7.34 7.23 7.15 7.00 6.46 5.48 4.48 4.01 3.74 3.67 3.90 4.34 4.94 5.34 5.18 5.11
6.99 7.14 7.45 7.77 8.04 8.16 8.11 7.99 7.95 7.83 7.50 7.05 6.61 6.23 5.89 5.53 5.14 4.84 4.77 4.57 4.69 5.09 5.63 6.18 6.74 7.21 7.60 7.96 8.34 8.64 8.80 8.84 8.53 7.92 7.52 7.46 7.66 7.68 7.20 6.70 6.51 6.61 6.77 6.93 7.08 7.44 7.95 8.36 8.75 9.04 9.12 8.93 8.63 8.25 7.78 7.57 7.94 7.46 7.47 7.30 7.18 7.14 7.24 7.34 7.24 7.06 6.89 6.78 6.68 6.74 6.94 7.29 7.45 7.15 6.13 5.04 4.13 3.51 3.14 3.54 3.48 3.99 4.24 4.26
7.09 7.25 7.49 7.67 7.70 7.59 7.47 7.49 7.59 7.55 7.21 6.78 6.34 5.90 5.43 5.05 4.94 4.99 5.14 5.23 5.30 5.49 5.85 6.35 6.85 7.19 7.36 7.48 7.55 7.54 7.80 8.33 8.71 8.65 8.26 7.75 7.93 6.70 6.32 6.29 6.27 6.17 6.03 6.06 6.38 6.71 7.00 7.12 7.30 7.55 7.76 7.97 8.11 8.12 7.92 7.62 7.33 7.02 6.87 6.86 6.84 6.93 7.11 7.19 7.12 6.94 6.78 6.63 6.49 6.61 6.92 7.41 7.99 8.47 8.49 7.68 6.68 5.72 4.95 4.39 4.02 3.89 3.93 4.05
7.11 7.22 7.30 7.27 7.13 7.04 7.20 7.57 7.74 7.51 7.01 6.49 6.00 5.51 5.11 5.98 5.34 5.91 6.20 6.27 6.16 6.05 6.14 6.40 6.62 6.72 6.75 6.86 7.02 7.03 7.15 7.59 8.25 8.68 8.66 8.05 7.10 6.43 6.14 6.22 6.15 5.98 5.92 6.04 6.21 6.22 6.11 5.79 5.52 5.36 5.50 5.74 6.11 6.60 6.90 7.06 7.05 7.00 7.02 7.11 7.21 7.28 7.23 7.10 6.99 6.87 6.77 6.69 6.59 6.72 7.00 7.24 7.76 8.56 9.28 9.50 9.25 8.74 8.12 7.39 6.57 5.94 5.82 5.66
7.09 7.16 7.22 7.19 7.14 7.31 7.67 7.91 7.77 7.28 6.59 5.90 5.33 4.93 4.87 5.11 5.62 6.11 6.43 6.63 6.68 6.62 6.54 6.41 6.18 5.94 5.88 6.14 6.60 6.95 7.07 7.13 7.37 7.89 8.25 8.13 7.39 6.80 6.43 6.39 6.40 6.48 6.54 6.52 6.40 6.14 5.77 5.16 4.49 4.19 4.16 4.29 4.58 5.18 5.92 6.53 6.90 7.12 7.26 7.40 7.46 7.28 7.00 6.76 6.67 6.64 6.59 6.63 6.64 6.72 6.83 6.87 7.09 7.63 8.34 9.09 9.54 9.70 9.68 9.50 9.12 8.67 8.25 7.83
7.08 7.13 7.26 7.38 7.54 7.82 8.01 7.83 7.28 6.54 5.75 4.92 4.30 4.09 5.48 4.28 4.52 4.88 5.47 6.00 6.43 6.62 6.49 6.06 5.57 5.26 5.26 5.53 5.86 6.16 6.36 6.39 6.46 6.87 7.52 7.91 7.61 7.16 6.84 6.85 6.92 7.02 7.04 7.04 6.93 6.71 6.42 5.99 5.44 5.02 4.94 5.20 5.75 6.36 6.82 7.05 7.15 7.22 7.24 7.20 7.08 6.79 6.55 6.41 6.34 6.27 6.21 6.33 6.43 6.42 6.38 6.35 6.26 6.23 6.53 7.07 7.82 8.43 8.97 9.41 9.58 9.52 9.36 9.11
7.08 7.13 7.28 7.50 7.77 7.95 7.79 7.22 6.39 5.50 4.75 4.18 3.89 3.78 3.60 3.38 3.36 3.66 4.18 4.81 5.37 5.77 5.81 5.63 5.47 5.42 5.36 5.28 5.11 4.99 5.09 5.29 5.54 5.97 6.72 7.42 7.53 7.21 6.99 7.11 7.18 7.26 7.39 7.67 7.76 7.73 7.64 7.52 7.45 7.33 7.13 7.36 7.79 8.05 8.00 7.60 7.27 7.09 6.89 6.62 6.39 6.22 6.10 6.07 6.02 5.88 5.79 5.96 6.04 5.99 5.92 5.83 5.57 5.24 5.17 5.38 5.83 6.36 6.94 7.56 8.14 8.47 8.57 8.72
7.09 7.16 7.34 7.60 7.78 7.65 7.10 6.26 5.39 4.69 4.28 4.16 4.17 4.21 4.10 3.83 3.63 3.63 3.83 4.17 4.56 4.89 5.20 5.55 5.87 6.04 6.03 5.79 5.50 5.34 5.33 5.45 5.66 5.86 6.17 6.76 7.15 7.11 7.07 7.24 7.36 7.55 7.84 8.26 8.42 8.47 8.49 8.51 8.62 8.82 8.91 8.80 8.51 8.05 7.57 7.28 7.08 6.85 6.48 6.06 5.73 5.60 5.62 5.70 5.78 5.79 5.81 5.88 5.83 5.73 5.67 5.62 5.41 4.98 4.62 4.43 4.59 4.86 5.09 5.43 5.95 6.48 6.68 6.78
7.10 7.16 7.31 7.47 7.36 6.85 6.03 5.19 4.58 4.28 4.25 4.37 4.54 4.77 4.97 5.06 4.96 4.82 4.85 5.08 5.35 5.61 5.88 6.15 6.31 6.48 6.79 7.07 7.23 7.27 7.20 7.13 7.08 6.89 6.45 6.46 6.85 7.15 7.42 7.66 7.83 8.08 8.38 8.62 8.56 8.50 8.56 8.67 8.83 9.06 9.18 9.04 8.53 7.73 7.20 7.15 7.11 6.83 6.35 5.86 5.50 5.38 5.53 5.78 6.04 6.20 6.27 6.20 5.95 5.78 5.66 5.66 5.54 5.07 4.34 3.63 3.38 3.40 3.43 3.63 4.06 4.67 4.89 4.86
7.10 7.11 7.08 6.87 6.34 5.52 4.67 4.13 3.95 4.04 4.27 4.60 4.92 5.28 5.75 6.27 6.65 6.84 7.03 7.25 7.43 7.48 7.37 7.10 6.80 6.77 7.16 7.62 7.94 8.01 7.92 7.75 7.50 7.16 6.62 6.53 6.86 7.39 7.88 8.16 8.32 8.45 8.50 8.43 8.17 8.04 8.17 8.44 8.71 8.89 8.80 8.72 8.69 8.56 8.21 7.77 7.39 7.01 6.66 6.38 6.21 6.13 6.22 6.38 6.51 6.51 6.43 6.33 6.15 6.10 6.06 6.00 5.79 5.15 4.08 3.02 2.50 2.26 2.25 2.41 2.65 3.01 3.44 3.70
7.08 7.08 6.88 6.34 5.51 4.66 4.06 3.80 3.90 4.22 4.62 5.14 5.68 6.21 6.79 7.49 8.07 8.56 8.89 8.96 8.76 8.37 7.86 7.42 7.13 7.04 7.09 6.99 6.82 6.72 6.55 6.40 6.32 6.25 6.31 6.65 7.12 7.65 8.12 8.32 8.33 8.22 7.96 7.66 7.50 7.45 7.61 7.92 8.27 8.54 8.50 8.44 8.51 8.62 8.52 8.04 7.52 7.12 6.88 6.76 6.77 6.86 6.89 6.92 6.86 6.66 6.37 6.30 6.40 6.68 6.72 6.55 6.30 5.65 4.40 3.34 2.74 2.40 2.24 2.24 2.31 2.40 2.70 3.20
7.09 7.04 6.77 6.28 5.73 5.30 5.04 4.89 4.92 5.15 5.49 5.98 6.62 7.29 7.95 8.50 8.97 9.25 9.23 8.92 8.35 7.72 7.26 7.14 7.29 7.41 7.24 6.71 6.17 5.92 5.83 5.84 6.01 6.11 6.34 6.83 7.35 7.75 8.00 8.05 7.92 7.64 7.26 6.93 6.81 6.82 6.88 7.06 7.30 7.38 7.44 7.53 7.59 7.59 7.53 7.42 7.19 6.93 6.71 6.57 6.63 6.88 7.06 7.15 7.10 6.94 6.70 6.62 6.78 7.02 7.00 6.82 6.87 6.72 5.74 4.68 3.91 3.38 3.17 3.09 3.05 3.02 3.19 3.72
7.02 6.91 6.60 6.50 6.36 6.30 6.28 6.33 6.48 6.59 6.69 6.99 7.57 8.28 8.87 9.16 9.15 8.86 8.29 7.56 6.91 6.53 6.47 6.72 7.15 7.63 7.76 7.66 7.51 7.47 7.48 7.45 7.28 7.02 6.90 7.10 7.39 7.60 7.66 7.57 7.28 6.93 6.64 6.48 6.39 6.39 6.41 6.40 6.21 5.83 5.60 5.72 5.99 6.14 6.26 6.48 6.65 6.66 6.61 6.58 6.67 6.92 7.02 6.98 6.86 6.79 6.78 6.79 6.75 6.74 6.67 6.64 7.18 7.67 7.42 6.44 5.47 4.69 4.65 4.69 4.61 4.51 4.72 5.40
6.87 6.71 6.51 6.68 6.70 6.91 7.17 7.48 7.81 8.04 8.15 8.28 8.64 9.07 9.23 9.05 8.56 7.84 7.09 6.50 6.19 6.10 6.22 6.53 6.98 7.63 8.09 8.52 8.78 8.87 8.84 8.66 8.30 7.81 7.40 7.31 7.36 7.37 7.28 7.02 6.62 6.32 6.25 6.34 6.42 6.54 6.60 6.49 6.02 5.36 4.86 4.68 4.61 4.85 5.36 5.98 6.48 6.71 6.75 6.77 6.90 7.03 6.91 6.67 6.43 6.36 6.40 6.39 6.26 6.23 6.20 6.39 7.27 8.27 8.73 8.47 7.68 6.92 6.97 7.01 6.89 6.79 6.96 7.28
6.81 6.71 6.63 6.79 7.12 7.61 8.14 8.55 8.83 9.02 9.15 9.23 9.25 9.13 8.76 8.16 7.47 6.80 6.31 6.09 6.27 6.57 6.85 7.06 7.33 7.65 7.81 7.98 8.18 8.28 8.29 8.28 8.21 8.00 7.57 7.31 7.21 7.02 6.72 6.42 6.27 6.41 6.61 6.77 6.90 7.06 7.09 7.08 6.93 6.64 6.21 5.71 5.17 5.25 5.76 6.32 6.76 7.02 7.13 7.18 7.17 7.15 6.97 6.76 6.59 6.45 6.32 6.21 6.15 6.24 6.32 6.58 7.33 8.26 9.10 9.57 9.64 9.40 9.29 9.25 9.10 8.84 8.59 8.20
6.89 6.84 6.78 6.93 7.36 7.91 8.38 8.70 8.87 8.98 9.06 9.08 8.90 8.43 7.74 7.05 6.46 6.02 5.77 5.80 6.31 6.87 7.24 7.43 7.54 7.48 7.15 6.80 6.65 6.67 6.82 7.16 7.55 7.74 7.52 7.19 6.90 6.55 6.23 6.22 6.61 7.13 7.33 7.36 7.35 7.37 7.34 7.40 7.53 7.76 7.83 7.64 7.20 6.82 6.73 6.76 6.90 7.17 7.46 7.59 7.57 7.53 7.38 7.25 7.12 6.97 6.84 6.81 6.90 6.89 6.84 6.90 7.20 7.66 8.40 9.30 9.94 10.18 10.19 10.06 9.68 9.19 8.61 7.86
6.89 6.85 6.75 6.82 7.08 7.38 7.55 7.67 7.79 7.94 8.08 8.07 7.83 7.36 6.76 6.16 5.72 5.58 5.64 5.88 6.33 6.71 7.03 7.17 7.10 6.79 6.26 5.81 5.45 5.29 5.47 5.89 6.43 6.85 7.06 7.00 6.78 6.56 6.59 6.98 7.46 7.65 7.63 7.56 7.49 7.41 7.30 7.19 7.30 7.56 7.86 8.09 8.08 7.70 7.07 6.71 6.80 7.12 7.46 7.71 7.86 7.97 7.90 7.78 7.64 7.51 7.44 7.42 7.40 7.18 7.02 6.98 6.97 7.13 7.62 8.31 8.88 9.24 9.41 9.42 9.15 8.64 7.96 7.19
6.87 6.86 6.84 6.83 6.80 6.66 6.53 6.45 6.53 6.77 6.95 6.91 6.61 6.15 5.62 5.28 5.37 5.81 6.45 6.94 7.09 7.13 7.16 7.13 6.85 6.24 5.46 4.90 4.51 4.31 4.35 4.57 4.90 5.41 5.94 6.36 6.69 6.99 7.32 7.59 7.66 7.57 7.42 7.37 7.35 7.26 7.11 6.87 6.68 6.57 6.65 6.99 7.36 7.36 6.91 6.61 6.71 7.03 7.37 7.72 8.05 8.27 8.24 8.13 7.97 7.79 7.59 7.35 7.06 6.70 6.64 6.70 6.77 6.92 7.21 7.44 7.59 7.65 7.84 8.26 8.55 8.52 8.24 7.90
7.06 7.20 7.37 7.25 6.90 6.47 6.14 5.95 5.99 6.14 6.15 5.87 5.39 4.85 4.44 4.55 5.32 6.44 7.31 7.76 7.92 7.88 7.74 7.57 7.34 6.93 6.12 5.21 4.60 4.32 4.18 4.18 4.36 4.70 5.21 5.87 6.55 7.04 7.16 7.07 6.94 6.91 6.92 6.97 7.03 7.01 6.90 6.61 6.13 5.69 5.50 5.55 5.85 6.29 6.42 6.45 6.57 6.88 7.23 7.60 7.98 8.23 8.21 8.11 7.99 7.83 7.59 7.24 6.82 6.43 6.33 6.41 6.54 6.63 6.75 6.97 6.96 6.80 6.65 6.93 7.53 8.09 8.52 8.80
7.33 7.54 7.71 7.52 7.14 6.68 6.31 6.11 5.97 5.67 5.17 4.57 4.04 3.72 3.61 3.83 4.68 5.87 6.79 7.45 7.85 8.00 7.96 7.90 7.91 7.91 7.66 7.01 6.41 6.16 6.04 5.86 5.86 5.94 6.14 6.47 6.78 6.87 6.68 6.47 6.34 6.34 6.53 6.70 6.84 6.88 6.83 6.62 6.17 5.69 5.31 4.87 4.61 4.80 5.26 5.81 6.33 6.74 7.08 7.42 7.73 7.86 7.83 7.75 7.76 7.80 7.79 7.59 7.22 6.74 6.41 6.33 6.35 6.41 6.62 6.88 6.94 6.76 6.27 5.94 6.06 6.53 7.14 7.75
7.26 7.32 7.31 7.17 6.94 6.62 6.31 5.99 5.51 4.80 3.97 3.45 3.32 3.51 3.74 3.96 4.34 4.90 5.59 6.34 6.86 7.21 7.52 7.83 8.05 8.28 8.59 8.78 8.76 8.67 8.53 8.37 8.19 7.89 7.62 7.40 7.15 6.89 6.66 6.50 6.38 6.36 6.57 6.75 6.86 6.89 6.94 7.00 6.84 6.40 5.82 5.02 4.25 4.15 4.69 5.55 6.34 6.83 7.12 7.38 7.49 7.43 7.36 7.43 7.59 7.80 7.99 7.99 7.72 7.14 6.71 6.54 6.47 6.41 6.44 6.57 6.83 6.89 6.53 5.87 5.29 5.00 5.06 5.40
6.94 6.76 6.64 6.65 6.57 6.37 6.08 5.47 4.83 4.28 3.96 3.89 4.11 4.67 5.54 6.24 6.11 5.80 5.69 5.76 6.00 6.44 7.12 7.69 7.91 8.12 8.57 9.09 9.47 9.64 9.57 9.40 9.14 8.70 8.21 7.75 7.32 7.01 6.77 6.56 6.56 6.72 6.91 6.91 6.83 6.79 6.95 7.23 7.29 6.92 6.22 5.41 5.01 5.17 5.70 6.22 6.62 6.90 7.15 7.25 7.10 6.96 7.08 7.36 7.58 7.74 7.95 8.15 8.12 7.78 7.29 6.99 6.71 6.34 5.99 6.00 6.43 6.82 6.78 6.30 5.60 5.09 4.84 4.86
6.77 6.57 6.40 6.45 6.50 6.46 6.18 5.71 5.26 5.10 5.36 5.85 6.44 7.32 8.31 8.97 9.16 8.64 7.78 7.24 7.09 7.31 7.74 7.89 7.84 7.81 7.90 8.07 8.36 8.70 8.87 8.86 8.78 8.56 8.27 7.91 7.52 7.18 6.84 6.61 6.76 7.09 7.23 7.00 6.70 6.56 6.72 7.11 7.44 7.41 7.01 6.65 6.59 6.78 6.86 6.74 6.64 6.76 6.94 6.92 6.76 6.76 6.97 7.21 7.33 7.39 7.53 7.81 8.11 8.19 7.83 7.37 6.89 6.36 5.95 5.86 6.20 6.66 6.87 6.76 6.58 6.54 6.48 6.22
6.85 6.71 6.57 6.61 6.77 6.95 7.04 7.00 6.93 7.06 7.58 8.36 9.21 9.92 10.32 10.47 10.60 10.47 10.09 9.65 9.30 9.06 8.76 8.29 7.93 7.70 7.48 7.29 7.13 7.11 7.27 7.45 7.56 7.66 7.74 7.77 7.67 7.39 7.06 6.89 6.97 7.00 6.86 6.62 6.44 6.44 6.66 7.13 7.75 8.26 8.41 8.28 8.09 7.84 7.35 6.83 6.69 6.81 6.86 6.79 6.74 6.79 6.80 6.79 6.79 6.76 6.81 7.08 7.50 7.84 7.81 7.48 7.06 6.65 6.33 6.18 6.30 6.63 6.90 7.01 7.07 7.19 7.27 7.19
7.00 6.98 6.94 6.98 7.13 7.38 7.69 8.03 8.44 8.93 9.53 10.14 10.54 10.61 10.39 10.06 9.85 9.96 10.07 9.98 9.76 9.40 8.91 8.34 7.93 7.68 7.48 7.34 7.11 6.73 6.42 6.36 6.42 6.57 6.83 7.15 7.36 7.35 7.18 6.92 6.60 6.21 5.93 5.99 6.34 6.66 7.00 7.46 8.08 8.80 9.25 9.28 9.06 8.68 8.14 7.65 7.46 7.35 7.18 7.01 6.86 6.69 6.53 6.45 6.43 6.36 6.30 6.43 6.74 7.14 7.39 7.35 7.11 6.83 6.61 6.47 6.44 6.59 6.82 6.92 6.87 6.81 6.85 6.97
7.15 7.22 7.23 7.26 7.38 7.57 7.86 8.32 9.03 9.71 10.13 10.19 9.92 9.41 8.86 8.40 8.14 8.19 8.29 8.41 8.45 8.38 8.20 7.98 7.80 7.60 7.41 7.40 7.41 7.30 7.06 6.88 6.87 6.90 6.88 6.88 6.97 7.09 7.01 6.66 6.20 5.90 5.94 6.33 6.84 7.18 7.46 7.78 8.15 8.66 9.11 9.35 9.40 9.37 9.25 8.93 8.56 8.12 7.64 7.24 6.89 6.57 6.42 6.37 6.31 6.22 6.15 6.19 6.39 6.71 7.00 7.10 6.99 6.83 6.69 6.58 6.51 6.61 6.81 6.86 6.77 6.71 6.70 6.77
7.15 7.17 7.21 7.32 7.53 7.81 8.18 8.66 9.20 9.47 9.39 9.01 8.44 7.83 7.35 7.07 6.90 6.82 6.81 6.96 7.19 7.31 7.44 7.57 7.67 7.58 7.34 7.16 7.13 7.30 7.51 7.67 7.76 7.73 7.53 7.22 7.01 6.99 6.92 6.75 6.63 6.69 6.88 7.22 7.51 7.67 7.78 7.90 8.00 8.16 8.42 8.72 9.03 9.35 9.59 9.52 9.12 8.58 7.96 7.36 6.91 6.62 6.45 6.27 6.11 6.12 6.22 6.31 6.44 6.60 6.75 6.83 6.83 6.77 6.62 6.47 6.42 6.55 6.76 6.84 6.80 6.80 6.80 6.83
6.98 6.93 7.00 7.26 7.57 7.99 8.48 8.82 8.87 8.58 8.08 7.64 7.22 6.82 6.47 6.23 6.05 6.00 6.14 6.38 6.62 6.85 7.05 7.23 7.46 7.64 7.56 7.36 7.14 7.04 7.03 7.08 7.16 7.27 7.35 7.31 7.18 7.08 7.06 7.15 7.29 7.40 7.51 7.72 7.87 7.90 7.86 7.78 7.67 7.66 7.71 7.85 8.07 8.37 8.70 8.84 8.71 8.36 7.88 7.40 6.99 6.68 6.35 6.07 5.99 6.15 6.38 6.51 6.56 6.53 6.51 6.57 6.63 6.59 6.45 6.26 6.15 6.22 6.47 6.65 6.65 6.58 6.52 6.55
6.89 6.83 6.90 7.13 7.42 7.82 8.19 8.18 7.84 7.31 6.78 6.32 5.99 5.71 5.47 5.38 5.52 5.81 6.12 6.42 6.77 7.04 7.04 7.02 7.35 7.74 7.89 7.92 7.80 7.46 7.00 6.45 6.11 6.18 6.54 6.87 7.04 7.07 7.15 7.32 7.46 7.57 7.70 7.83 7.79 7.67 7.57 7.44 7.34 7.34 7.31 7.24 7.19 7.15 7.10 7.25 7.42 7.44 7.39 7.28 7.05 6.72 6.35 6.12 6.17 6.35 6.54 6.62 6.56 6.41 6.31 6.31 6.35 6.36 6.32 6.19 6.05 6.00 6.15 6.38 6.36 6.13 5.92 5.85
