project/data/elevation/US_DEM2016/US_DEM2016_point_10-30-2019_2345_30m_vel.asc
ncols	125
nrows	167
xllcorner	-2042055.000000
yllcorner	1465035.000000
cellsize	30.000000
NODATA_value	-9999.000000
[rows 37 to 73 of 167, columns 0 to 82 of 125]
10.36 10.56 10.41 9.89 9.27 8.58 8.02 7.40 6.63 5.87 5.48 5.55 6.08 7.02 7.66 7.72 7.58 7.81 8.51 9.37 10.07 10.64 11.08 11.42 11.49 11.43 11.26 10.95 10.39 9.60 8.70 8.01 7.88 8.27 8.73 9.11 9.50 9.93 10.32 10.72 10.95 10.72 10.49 10.21 10.40 10.87 11.06 10.59 9.85 9.04 8.37 8.05 7.78 7.87 8.10 8.20 8.23 8.56 8.87 9.24 9.23 8.93 8.41 7.59 6.71 6.14 5.95 6.03 6.20 6.35 6.51 6.77 7.10 7.34 7.74 8.28 9.00 10.02 11.60 13.19 14.33 14.37 13.69
10.39 10.00 9.22 8.63 8.00 7.60 7.28 6.78 6.14 5.56 5.66 5.31 5.54 6.08 7.08 7.21 7.36 7.26 7.93 8.55 8.90 9.05 9.18 9.48 9.88 10.21 10.54 10.86 10.78 10.38 9.74 9.07 8.68 8.61 8.86 9.55 10.32 10.79 11.17 11.70 12.13 12.20 12.13 11.98 11.85 11.60 10.83 9.55 8.67 8.08 7.88 7.92 7.80 7.80 8.09 8.28 8.40 8.79 9.03 9.11 8.87 8.25 7.90 7.49 6.98 6.51 6.00 5.84 5.92 5.99 6.00 6.20 6.58 7.11 7.47 7.85 8.30 9.11 10.17 11.38 12.36 12.84 12.69
10.18 9.27 7.98 7.37 6.87 6.64 6.41 6.11 5.88 5.75 5.80 5.88 5.90 6.52 6.83 6.79 6.97 7.27 7.16 7.18 6.99 6.88 6.98 7.43 8.25 9.14 9.84 10.49 10.83 10.82 10.51 10.00 9.57 9.48 9.97 10.92 11.57 11.92 12.11 12.32 12.50 12.33 12.17 11.95 11.67 11.22 10.28 9.22 8.46 7.86 7.78 8.03 8.07 7.89 8.17 8.48 8.76 9.10 8.96 8.49 7.70 6.78 6.11 5.91 5.82 5.71 5.39 5.29 5.47 5.59 5.58 5.83 6.36 6.89 7.17 7.43 7.67 8.16 8.86 9.33 9.54 10.08 11.06
9.70 8.71 7.34 6.74 6.54 6.44 6.41 6.46 6.59 6.83 7.10 7.24 7.03 6.68 7.23 6.81 6.84 7.08 6.76 6.21 5.98 6.10 6.51 7.13 8.05 8.80 9.41 10.00 10.45 10.79 10.93 10.81 10.74 11.15 11.93 12.73 13.21 13.36 13.01 12.45 12.19 11.48 10.92 10.82 10.74 10.84 10.65 10.39 9.97 9.59 9.12 8.88 8.65 8.18 8.20 8.41 8.68 8.85 8.43 7.63 6.67 5.62 4.59 4.23 4.24 4.43 4.76 5.08 5.30 5.33 5.23 5.56 6.30 6.82 6.99 7.10 7.23 7.51 7.96 8.18 8.13 8.48 9.75
9.40 8.68 7.70 7.31 7.28 7.32 7.32 7.38 7.62 7.98 8.29 8.28 7.86 7.38 7.12 7.09 7.20 7.21 6.95 6.60 6.62 6.95 7.40 7.81 8.14 8.46 8.67 9.04 9.70 10.33 11.08 11.45 11.99 12.69 13.35 13.77 13.88 13.54 12.89 12.06 11.33 10.60 9.88 9.45 9.66 9.92 10.29 10.48 10.66 10.76 10.58 9.81 9.02 8.28 7.95 7.92 7.90 7.75 7.36 6.85 6.22 5.39 4.49 4.20 4.39 4.72 5.06 5.24 5.26 5.24 5.24 5.51 6.14 6.63 6.65 6.57 6.84 7.39 7.78 7.79 7.78 7.87 8.60
9.38 9.00 8.44 8.23 8.16 8.09 8.00 8.08 8.44 8.83 8.96 8.68 8.04 7.75 7.76 7.85 7.90 7.93 7.93 8.00 8.22 8.51 8.79 8.97 9.07 8.99 8.86 8.92 9.41 10.02 11.07 11.92 12.95 13.72 13.84 13.44 12.87 12.14 11.31 10.62 10.09 9.58 8.88 8.47 8.45 8.72 9.13 9.27 9.54 9.80 9.88 9.48 8.84 8.09 7.74 7.70 7.54 7.19 6.90 6.93 6.75 6.37 5.92 5.89 6.12 6.07 5.78 5.50 5.53 5.63 5.55 5.50 5.73 5.94 5.74 5.56 6.20 7.19 7.59 7.45 7.53 7.82 8.50
9.35 9.10 8.76 8.63 8.58 8.59 8.71 9.01 9.38 9.55 9.37 8.88 8.25 8.16 8.12 8.28 8.47 8.64 8.88 9.21 9.64 9.97 10.11 10.10 10.01 9.74 9.57 9.56 9.83 10.18 11.12 12.12 13.02 13.46 13.16 12.38 11.42 10.53 9.72 9.24 9.04 8.72 8.12 7.54 7.46 7.78 8.04 7.80 7.37 6.97 7.00 7.49 7.80 7.78 7.81 8.11 8.22 8.14 8.13 8.18 8.04 7.89 7.81 7.79 7.34 6.70 6.41 6.46 6.49 6.07 5.44 5.04 5.13 5.25 5.02 4.96 5.64 6.72 7.08 6.87 7.24 8.09 8.94
9.35 9.20 9.06 9.09 9.32 9.70 10.10 10.37 10.40 10.18 9.69 9.09 8.55 8.24 8.28 8.53 8.83 9.11 9.43 9.83 10.25 10.45 10.41 10.21 9.96 9.68 9.60 9.71 10.09 10.58 11.59 12.09 12.30 12.04 11.67 11.28 10.73 10.00 8.96 8.24 7.90 7.77 7.44 6.87 6.64 6.95 6.79 6.38 5.75 5.36 5.45 5.91 6.55 7.16 7.88 8.66 9.08 9.27 9.30 9.10 8.92 8.86 8.59 8.14 7.39 7.14 7.37 7.33 6.63 5.44 4.76 4.71 4.95 5.08 5.06 5.22 5.86 6.62 6.83 6.61 6.95 7.96 8.62
9.65 9.69 9.81 10.03 10.32 10.65 10.91 10.97 10.79 10.38 9.79 9.24 8.90 8.73 8.96 9.24 9.43 9.62 9.84 10.01 10.01 9.84 9.60 9.43 9.40 9.35 9.36 9.60 10.30 11.13 11.98 11.76 11.08 10.46 10.17 10.22 10.03 9.61 8.60 7.62 6.88 6.65 6.50 6.09 6.00 6.16 6.12 6.18 6.23 6.27 6.15 5.94 6.03 6.75 7.93 8.93 9.20 9.19 9.08 9.05 8.93 8.98 8.65 8.24 8.07 8.16 7.86 6.90 5.64 4.94 4.98 5.42 5.70 5.77 5.83 6.16 6.74 7.13 7.30 6.94 7.04 7.48 8.01
10.00 10.09 10.30 10.52 10.59 10.55 10.42 10.28 10.10 9.80 9.43 9.07 9.07 9.36 9.81 10.03 10.08 10.07 9.99 9.80 9.47 9.10 8.82 8.79 9.00 9.19 9.38 9.85 10.72 11.48 11.70 10.96 9.92 9.35 9.09 8.92 8.76 8.70 8.28 7.41 6.35 5.84 5.83 5.97 6.19 6.38 6.73 6.97 7.07 6.72 6.14 5.87 6.33 7.40 8.52 9.02 8.98 8.84 8.82 8.97 8.88 8.94 8.86 8.76 8.59 8.14 6.88 5.99 5.76 6.10 6.65 6.97 7.07 7.10 7.25 7.54 7.84 7.89 7.80 7.73 8.27 7.76 8.06
10.11 10.05 10.06 10.14 10.01 9.73 9.39 9.07 8.83 8.71 8.59 8.49 8.78 9.13 9.62 9.85 9.95 9.87 9.62 9.33 9.06 8.77 8.56 8.53 8.70 8.96 9.32 10.02 10.90 11.26 10.82 9.86 9.18 8.69 8.28 7.91 7.66 7.70 7.81 7.53 6.55 6.01 6.14 6.72 7.04 7.26 7.36 6.96 6.26 5.47 5.30 5.95 7.53 9.13 9.77 9.60 9.36 9.21 9.18 9.22 9.08 9.10 8.96 8.72 8.23 7.38 6.75 6.88 7.62 8.40 8.87 9.00 9.00 8.98 8.99 9.11 9.21 9.09 9.00 8.99 8.60 8.39 8.58
10.06 9.92 9.55 9.39 9.23 8.93 8.56 8.19 7.92 7.78 7.76 7.81 7.94 8.33 8.67 8.86 9.08 9.17 9.10 8.93 8.69 8.46 8.30 8.23 8.30 8.53 8.88 9.69 10.67 10.81 10.27 9.54 9.02 8.46 7.77 7.10 6.87 6.90 7.11 7.14 6.66 6.18 6.18 6.57 6.83 7.05 7.08 6.30 5.57 5.39 6.12 7.98 10.04 11.13 11.26 10.56 10.02 9.65 9.52 9.62 9.60 9.57 9.38 9.04 8.94 9.12 9.77 10.61 11.33 11.82 11.96 11.97 11.91 11.84 11.73 11.69 11.62 11.31 10.84 10.16 9.26 8.67 8.78
10.10 9.95 9.33 8.89 8.74 8.61 8.36 8.05 7.80 7.59 7.67 7.81 8.07 8.24 8.46 8.58 8.72 8.82 8.81 8.64 8.34 8.08 7.93 7.88 7.93 8.10 8.44 9.36 10.44 10.45 9.99 9.62 9.20 8.64 7.89 7.02 6.61 6.25 6.06 6.12 6.00 5.61 5.38 5.43 5.82 6.32 6.78 6.59 6.47 7.05 8.89 11.07 12.29 12.49 11.95 10.98 10.26 9.89 9.85 10.20 10.36 10.47 10.40 10.63 11.22 12.12 13.13 14.02 14.62 14.90 14.98 14.96 14.92 14.84 14.66 14.39 14.07 13.65 12.76 11.42 10.02 9.01 8.76
10.22 9.99 9.30 8.79 8.60 8.57 8.58 8.48 8.28 8.20 8.49 8.82 9.15 9.31 9.31 9.25 9.12 8.92 8.68 8.41 8.13 7.86 7.65 7.58 7.65 7.91 8.41 9.46 10.24 9.96 9.24 9.21 8.97 8.61 8.37 7.85 7.10 6.20 5.57 5.61 5.70 5.63 5.63 5.76 6.14 6.67 7.52 8.13 8.74 10.11 12.02 13.07 13.18 12.38 11.53 10.65 10.12 9.94 9.82 9.94 10.18 10.55 10.84 11.29 12.19 13.04 13.67 14.25 14.60 14.80 14.94 15.07 15.13 15.12 14.92 14.57 14.20 13.89 13.33 12.51 11.48 10.33 9.19
10.28 9.86 9.11 8.84 8.65 8.53 8.58 8.71 8.72 8.80 9.31 9.91 10.22 10.25 10.09 9.74 9.31 8.87 8.53 8.29 8.09 7.84 7.56 7.38 7.49 7.93 8.58 9.48 9.76 9.00 8.36 8.35 8.25 8.26 8.41 8.43 7.74 6.91 6.46 6.56 6.91 7.30 7.65 7.82 8.06 8.68 9.93 11.26 12.57 13.56 13.95 13.69 12.72 11.42 10.65 9.97 9.53 9.23 8.91 8.70 8.91 9.28 10.03 10.52 11.10 11.38 11.21 11.08 10.96 11.13 11.44 11.88 12.07 12.11 11.93 11.70 11.67 11.58 11.54 11.62 11.54 11.18 10.42
10.12 9.43 8.55 8.36 8.31 8.27 8.36 8.57 8.79 8.96 9.43 10.08 10.32 10.28 9.97 9.42 8.82 8.39 8.15 7.99 7.82 7.64 7.42 7.29 7.47 7.95 8.58 9.18 9.04 8.09 7.66 7.70 7.63 7.62 7.94 8.06 7.95 7.80 7.84 8.28 8.77 9.19 9.48 9.81 10.40 11.45 12.73 13.75 14.38 14.46 14.01 12.97 11.81 10.64 9.95 9.35 8.83 8.32 8.05 7.91 8.12 8.48 8.85 9.20 9.24 8.66 7.95 7.19 6.97 7.14 7.50 7.92 8.13 8.07 8.05 7.95 8.12 8.22 8.36 8.74 9.42 9.91 10.00
9.75 9.00 8.01 7.66 7.65 7.84 8.11 8.35 8.67 8.89 9.52 9.40 9.37 9.17 8.83 8.38 7.93 7.62 7.44 7.33 7.23 7.19 7.27 7.48 7.76 8.09 8.53 8.87 8.62 7.98 7.70 7.71 7.61 7.48 7.32 7.41 7.76 7.98 8.30 8.88 9.49 9.84 10.21 10.80 11.87 13.02 13.76 13.98 13.67 13.11 12.45 11.75 10.99 10.23 9.65 9.13 8.65 8.26 8.26 8.34 8.57 8.70 8.58 8.45 7.91 7.15 6.54 6.21 6.25 6.31 6.12 5.78 5.60 5.52 5.48 5.48 5.67 5.90 6.01 6.01 6.20 6.61 6.98
9.41 8.84 8.03 7.64 7.49 7.45 7.54 7.77 8.07 8.32 8.28 8.37 7.74 7.38 7.08 6.96 6.85 6.63 6.50 6.64 6.95 7.21 7.52 7.89 8.11 8.34 8.64 8.89 8.89 8.78 8.54 8.21 7.86 7.44 6.90 6.81 7.21 7.49 7.76 8.19 8.81 9.35 9.95 10.96 12.30 13.07 13.06 12.22 11.05 10.58 10.52 10.59 10.42 10.09 9.64 9.21 8.84 8.69 8.91 9.00 8.99 8.86 8.38 7.98 7.50 7.12 7.12 7.14 7.00 6.54 5.73 4.78 4.28 4.03 3.87 3.87 4.05 4.18 4.18 3.95 3.77 3.85 4.34
9.38 9.08 8.68 8.38 8.03 7.52 6.98 6.81 7.00 7.27 7.31 7.50 6.33 5.90 5.75 6.08 5.82 5.78 5.89 6.40 7.13 7.78 8.19 8.36 8.51 8.70 8.96 9.23 9.35 9.37 8.93 8.31 7.76 7.19 6.63 6.46 6.81 7.19 7.34 7.55 7.99 8.69 9.56 10.97 12.17 12.35 11.47 10.12 9.39 9.17 9.23 9.52 9.74 9.77 9.40 9.09 8.82 8.77 8.94 8.76 8.36 7.94 7.54 7.36 7.53 7.76 7.98 7.87 7.04 5.99 4.89 4.22 3.92 3.61 3.25 3.04 2.93 2.75 2.60 2.70 3.56 3.76 4.88
9.72 9.78 9.75 9.45 8.92 8.22 7.29 6.82 6.73 6.92 6.96 7.23 6.68 5.86 5.80 5.75 5.82 5.99 6.34 6.97 7.75 8.54 8.93 9.10 9.26 9.47 9.60 9.71 9.73 9.60 8.95 8.47 8.18 7.72 7.15 7.03 7.47 7.89 7.95 8.00 8.28 8.86 9.79 11.20 11.78 11.20 9.71 8.67 8.16 8.02 8.11 8.45 8.88 9.00 8.74 8.50 8.30 8.18 8.02 7.47 6.89 6.53 6.61 6.99 7.86 8.31 8.18 7.57 6.42 5.49 4.97 4.94 4.88 4.32 3.51 2.97 2.73 2.67 2.63 3.14 4.17 5.72 7.42
10.14 10.33 10.36 10.10 9.67 9.13 8.48 8.00 7.65 7.52 8.35 7.17 7.00 7.07 7.22 7.33 7.46 7.74 7.99 8.34 8.89 9.50 9.89 10.19 10.47 10.62 10.45 10.31 10.38 10.42 10.21 9.96 9.76 9.31 8.61 8.43 8.84 9.20 9.35 9.39 9.51 9.67 10.35 11.25 11.14 9.77 8.35 7.34 6.94 6.94 7.11 7.45 8.00 8.15 8.07 7.88 7.61 7.24 6.77 6.37 6.25 6.42 6.97 7.61 8.32 8.33 7.67 6.83 6.10 6.05 6.42 6.59 5.99 4.96 4.04 3.68 3.71 3.87 4.33 5.42 7.17 8.98 9.86
10.35 10.22 9.95 9.85 9.84 9.79 9.50 9.03 8.47 8.01 7.78 7.80 8.08 8.52 9.03 9.37 9.71 10.02 10.24 10.36 10.58 10.71 10.92 11.24 11.51 11.39 11.10 10.95 11.09 11.10 11.00 10.73 10.44 10.03 9.44 9.15 9.33 9.65 10.00 10.27 10.37 10.38 10.66 10.75 9.84 8.25 6.98 6.22 5.93 5.93 6.14 6.41 6.92 7.44 7.65 7.57 7.37 7.06 6.88 7.09 7.45 8.00 8.64 9.06 9.09 8.49 7.59 7.13 7.17 7.62 7.93 7.52 6.35 5.17 4.76 4.99 5.42 6.00 7.05 8.59 10.20 10.94 10.69
10.38 9.81 9.14 9.08 9.34 9.66 9.71 9.29 8.63 7.99 9.09 7.81 8.40 9.14 9.87 10.38 10.79 11.15 11.46 11.57 11.49 11.38 11.46 11.66 11.64 11.40 11.26 11.29 11.30 10.95 10.18 9.54 9.15 9.03 9.00 9.05 9.18 9.48 9.84 10.27 10.58 10.56 10.40 9.78 8.32 6.72 5.70 5.21 5.02 5.11 5.17 5.28 5.96 6.92 7.53 7.75 7.79 7.81 8.05 8.31 8.75 9.47 10.19 10.58 10.28 9.75 8.84 8.63 9.01 9.22 8.62 7.52 6.49 6.20 6.57 7.20 8.02 9.02 10.30 11.45 11.82 11.31 10.17
10.35 9.64 8.67 8.37 8.38 8.50 8.70 8.64 8.27 7.73 7.31 7.30 7.72 8.40 9.05 9.49 9.80 10.00 10.11 10.21 10.37 10.56 10.74 10.71 10.42 10.31 10.57 10.93 10.92 10.58 9.88 8.94 8.33 8.20 8.66 9.19 9.60 9.82 9.94 10.05 10.14 9.85 9.38 8.60 7.39 5.96 5.03 4.74 4.84 5.01 5.01 5.09 5.72 6.84 7.75 8.34 8.70 8.95 9.10 9.13 9.51 10.51 11.42 11.74 11.41 11.16 10.79 10.36 10.36 10.20 9.24 8.32 8.12 8.89 9.86 10.78 11.71 12.52 13.00 12.84 11.98 10.67 9.48
10.20 9.33 8.14 7.76 7.38 7.14 7.21 7.42 7.43 7.06 6.53 6.21 6.19 6.41 6.77 7.03 7.16 7.02 6.62 6.58 7.41 8.33 8.59 8.23 7.78 8.25 9.33 10.01 10.15 10.22 10.27 10.10 9.72 9.40 9.36 9.64 9.90 9.95 9.76 9.45 9.14 8.79 8.40 8.15 7.54 6.54 5.83 5.87 6.12 6.26 6.32 6.47 6.80 7.45 8.09 8.69 9.28 9.85 10.17 10.55 11.24 12.14 12.42 12.12 11.68 11.61 11.67 11.71 11.71 11.58 11.28 11.18 11.76 12.59 13.22 13.72 14.11 14.19 13.77 12.67 11.33 10.14 9.24
9.74 8.73 7.48 7.14 6.88 6.61 6.41 6.45 6.58 6.30 5.68 5.04 4.53 4.27 4.25 4.40 4.49 4.27 4.07 4.26 4.98 5.82 6.01 5.70 5.83 6.88 8.58 9.36 9.41 9.25 9.63 10.16 10.45 10.49 10.09 9.69 9.34 9.14 8.75 8.32 8.08 8.26 8.48 8.86 8.89 8.79 8.47 8.44 8.51 8.53 8.55 8.45 8.26 8.22 8.30 8.58 9.10 9.88 10.79 11.82 12.70 12.83 12.25 11.22 10.36 10.45 11.22 11.75 12.30 12.71 13.10 13.55 14.05 14.28 14.26 14.14 13.92 13.40 12.49 11.46 10.54 9.74 9.04
9.35 8.58 7.47 6.97 6.78 6.63 6.40 6.23 6.25 6.09 5.53 4.74 3.99 3.48 3.22 3.16 3.28 3.65 4.13 4.48 4.67 4.75 4.68 4.79 5.52 6.99 8.71 9.22 8.90 8.25 8.26 8.71 9.36 9.84 9.65 8.91 8.11 7.63 7.49 7.40 7.56 8.31 9.19 9.91 10.20 10.48 10.58 10.39 10.23 10.07 9.60 9.07 8.71 8.58 8.55 8.70 9.16 10.03 11.13 12.01 12.25 11.69 10.63 9.39 8.87 9.18 10.08 10.87 11.46 12.15 12.68 13.01 13.15 12.99 12.63 12.15 11.52 10.71 10.15 9.68 9.19 8.75 8.29
9.37 8.95 8.19 7.61 7.25 7.04 6.79 6.59 6.50 6.41 6.12 5.61 5.08 4.51 4.01 3.74 3.58 4.69 5.63 6.05 5.86 5.44 5.23 5.43 6.35 7.94 9.23 9.36 8.65 7.71 7.31 7.30 7.70 8.14 8.36 8.14 7.60 7.18 7.17 7.57 8.19 9.21 9.95 10.30 10.33 10.52 10.66 10.73 10.63 10.22 9.31 8.69 8.54 8.69 8.84 9.06 9.54 10.46 11.22 11.30 10.59 9.48 8.57 8.02 8.13 8.71 9.27 9.61 9.91 10.41 10.74 10.74 10.45 10.17 9.95 9.54 8.83 8.06 7.56 7.45 7.25 7.02 6.73
9.43 9.17 8.72 8.34 7.97 7.59 7.30 7.28 7.30 7.36 7.40 7.33 7.10 6.55 5.88 5.39 5.36 5.85 6.58 7.25 7.35 7.13 6.97 7.17 7.92 9.13 9.92 9.83 9.11 8.00 7.31 6.83 6.63 6.83 7.50 8.19 8.54 8.72 8.88 9.16 9.68 10.25 10.34 10.06 9.70 9.67 9.87 10.10 10.10 9.88 9.28 8.83 8.71 8.84 9.00 9.22 9.70 10.45 10.81 10.18 9.08 8.17 7.62 7.47 7.65 8.10 8.42 8.45 8.57 8.84 9.02 8.90 8.49 8.04 7.65 7.45 6.92 6.12 5.34 5.05 5.09 4.83 4.57
9.42 9.17 8.79 8.47 8.18 7.88 7.84 8.06 8.41 8.82 9.14 9.24 8.88 8.23 7.50 6.90 6.61 6.69 7.05 7.85 8.45 8.87 9.11 9.24 9.61 10.45 10.94 10.70 10.09 9.14 8.45 7.81 7.31 7.36 8.01 8.92 9.74 10.34 10.55 10.53 10.48 10.45 10.08 9.54 9.11 8.95 9.04 9.06 9.06 9.15 9.18 9.04 8.92 9.00 9.16 9.49 10.02 10.50 10.19 9.09 8.03 7.48 7.17 7.02 7.14 7.66 8.03 7.95 7.74 7.77 7.73 7.61 7.40 6.85 6.09 5.60 5.25 4.66 3.80 3.17 2.99 2.87 2.70
9.48 9.20 8.77 8.34 8.00 7.84 8.00 8.39 8.96 9.71 10.24 10.36 10.15 9.73 9.15 8.48 7.87 7.59 7.72 8.36 9.07 9.87 10.18 10.44 10.99 11.81 11.88 11.30 10.58 10.05 9.75 9.45 9.10 8.97 9.13 9.49 9.85 10.14 10.25 10.12 9.96 9.87 9.52 8.96 8.53 8.17 8.04 7.85 7.70 7.86 8.27 8.54 8.69 8.96 9.33 9.84 10.20 10.00 8.97 7.73 7.10 6.91 6.80 6.95 7.36 7.91 7.89 7.32 6.80 6.62 6.50 6.38 6.36 6.04 5.24 4.39 3.85 3.49 2.89 2.11 1.83 2.33 2.20
9.51 9.14 8.57 8.12 7.75 7.60 7.63 7.83 8.27 8.88 9.52 10.01 10.42 10.64 10.60 10.22 9.52 8.85 8.66 8.88 9.25 10.00 10.52 11.09 11.86 12.35 12.04 11.02 10.12 9.88 10.04 10.23 10.23 9.89 9.56 9.35 9.17 9.00 8.98 9.19 9.39 9.43 9.11 8.52 8.02 7.65 7.40 7.04 6.73 6.65 6.88 7.34 7.91 8.44 9.09 9.49 9.33 8.47 7.14 6.46 6.35 6.39 6.65 7.21 7.63 7.62 7.01 6.04 5.36 5.03 4.94 4.70 4.52 4.56 4.29 3.62 2.97 2.69 2.40 2.17 2.12 2.39 2.95
9.38 8.90 8.14 7.83 7.62 7.46 7.28 7.02 6.79 6.79 7.16 8.14 9.34 10.38 11.09 11.27 10.93 10.29 9.71 9.50 9.59 10.14 10.71 11.48 12.05 12.00 11.25 10.22 9.21 8.88 9.05 9.44 9.70 9.54 9.29 9.03 8.78 8.70 8.97 9.36 9.47 9.28 8.86 8.48 8.20 7.92 7.53 6.87 6.16 5.77 5.86 6.47 7.37 8.18 8.52 8.37 7.56 6.39 5.65 5.52 5.51 5.50 5.99 6.58 6.63 6.28 5.72 5.00 4.32 3.75 3.47 3.35 3.24 3.11 3.09 2.99 2.83 2.51 3.00 3.32 3.68 4.06 4.63
9.22 8.64 7.86 7.71 7.66 7.58 7.37 7.00 6.38 5.74 5.48 6.00 7.34 8.93 10.27 11.07 11.37 11.22 10.82 10.48 10.44 10.69 11.15 11.78 11.95 11.45 10.56 9.48 8.45 7.80 7.57 7.68 8.12 8.53 8.81 8.94 8.96 9.07 9.39 9.63 9.49 9.12 8.79 8.66 8.54 8.02 7.26 6.28 5.79 5.92 6.48 7.31 7.99 8.21 8.13 7.30 6.13 5.25 4.99 4.93 4.74 4.62 4.78 5.09 5.35 5.53 5.71 5.58 5.10 4.59 4.34 4.14 3.78 3.30 3.05 3.18 3.51 3.95 4.49 5.07 5.63 6.24 6.84
9.14 8.61 7.94 7.78 7.80 7.81 7.72 7.59 7.25 6.62 5.90 5.69 6.34 7.49 8.84 10.03 10.85 11.41 11.61 11.63 11.69 11.88 12.24 12.44 12.07 11.28 10.39 9.40 8.39 7.73 7.38 7.34 7.46 7.77 8.24 8.70 8.94 9.04 9.20 9.37 9.09 8.67 8.41 8.36 8.20 7.42 6.76 6.55 7.09 8.00 8.76 9.12 9.07 8.67 8.23 7.37 6.79 6.41 6.17 5.86 5.54 5.33 5.31 5.56 6.36 7.18 7.70 7.71 7.41 7.06 6.69 6.12 5.22 4.50 4.18 4.30 4.78 5.44 6.14 7.00 8.04 9.09 9.97
9.10 8.57 7.99 7.89 7.99 8.05 8.12 8.31 8.56 8.59 8.18 7.63 7.49 7.81 8.47 9.54 10.56 11.59 12.23 12.66 13.09 13.24 13.20 12.84 12.02 11.15 10.58 10.10 9.44 9.11 8.97 8.79 8.40 8.19 8.32 8.61 8.80 8.91 8.94 8.71 8.30 7.96 7.88 7.95 7.99 7.95 8.31 9.13 9.94 10.42 10.47 10.10 9.52 8.94 8.63 8.58 8.60 8.62 8.51 8.32 8.18 8.23 8.46 8.98 9.57 9.78 9.45 9.00 8.57 8.08 7.37 6.46 5.52 5.13 5.23 5.68 6.23 7.02 8.18 9.88 11.73 13.15 14.16
9.01 8.52 8.01 7.99 8.19 8.32 8.50 8.89 9.53 10.18 10.49 10.48 10.23 9.82 9.69 10.16 11.04 12.22 13.10 13.61 14.07 14.06 13.37 12.48 11.51 10.93 10.78 10.77 10.59 10.33 10.15 10.00 9.64 9.36 9.13 9.00 8.99 8.90 8.59 8.14 7.93 8.07 8.20 8.40 8.71 9.17 9.83 10.46 10.69 10.45 10.09 9.70 9.38 9.10 9.00 9.11 9.21 9.43 9.72 10.02 10.29 10.65 10.95 11.05 10.72 9.95 8.92 8.35 7.91 7.22 6.40 5.74 5.46 5.64 6.21 7.00 7.88 9.15 11.10 13.40 15.21 16.33 16.68
