project/data/elevation/US_DEM2016/US_DEM2016_point_10-30-2019_2244_30m_vel.asc
ncols	125
nrows	167
xllcorner	-2042055.000000
yllcorner	1465035.000000
cellsize	30.000000
NODATA_value	-9999.000000
[rows 108 to 143 of 167, columns 0 to 79 of 125]
10.13 9.93 9.72 9.77 9.97 10.19 10.30 10.23 10.12 10.30 11.07 12.19 13.42 14.43 15.02 15.25 15.45 15.25 14.70 14.07 13.57 13.21 12.80 12.15 11.64 11.31 11.01 10.72 10.48 10.46 10.70 10.98 11.14 11.28 11.39 11.43 11.27 10.84 10.37 10.14 10.28 10.34 10.14 9.80 9.54 9.54 9.87 10.54 11.41 12.10 12.30 12.09 11.82 11.47 10.78 10.02 9.82 10.00 10.08 10.00 9.93 10.00 10.03 10.02 10.03 10.00 10.06 10.45 11.06 11.54 11.49 11.02 10.42 9.84 9.37 9.16 9.35 9.80 10.18 10.31
10.34 10.30 10.23 10.27 10.48 10.83 11.27 11.74 12.31 13.02 13.88 14.77 15.35 15.45 15.14 14.68 14.38 14.56 14.72 14.59 14.26 13.75 13.05 12.22 11.62 11.26 10.98 10.79 10.44 9.88 9.45 9.38 9.46 9.69 10.08 10.54 10.84 10.81 10.55 10.19 9.74 9.19 8.78 8.86 9.37 9.83 10.33 11.00 11.89 12.91 13.52 13.55 13.22 12.69 11.92 11.19 10.92 10.76 10.53 10.30 10.10 9.87 9.65 9.54 9.52 9.42 9.33 9.51 9.97 10.53 10.89 10.84 10.49 10.08 9.77 9.57 9.54 9.75 10.08 10.20
10.55 10.64 10.66 10.68 10.84 11.11 11.52 12.18 13.19 14.17 14.77 14.87 14.49 13.77 12.97 12.31 11.94 12.02 12.17 12.35 12.41 12.31 12.06 11.72 11.45 11.14 10.88 10.87 10.90 10.72 10.37 10.09 10.08 10.13 10.12 10.14 10.27 10.43 10.31 9.81 9.14 8.70 8.75 9.32 10.05 10.56 10.96 11.42 11.98 12.70 13.34 13.65 13.72 13.68 13.51 13.05 12.52 11.88 11.20 10.63 10.14 9.71 9.49 9.41 9.34 9.21 9.11 9.16 9.46 9.92 10.34 10.47 10.31 10.08 9.89 9.72 9.64 9.79 10.07 10.13
10.55 10.58 10.63 10.78 11.07 11.45 11.98 12.67 13.45 13.85 13.76 13.21 12.40 11.52 10.83 10.42 10.17 10.07 10.05 10.27 10.60 10.78 10.98 11.14 11.27 11.13 10.78 10.54 10.51 10.76 11.05 11.27 11.39 11.34 11.05 10.61 10.31 10.28 10.17 9.93 9.75 9.84 10.12 10.60 11.03 11.27 11.43 11.59 11.74 11.97 12.34 12.77 13.21 13.67 14.01 13.92 13.34 12.57 11.67 10.81 10.17 9.77 9.53 9.28 9.04 9.04 9.19 9.34 9.54 9.77 9.98 10.10 10.09 10.00 9.80 9.58 9.52 9.71 10.01 10.12
10.31 10.24 10.34 10.70 11.14 11.74 12.43 12.92 13.03 12.61 11.91 11.27 10.66 10.09 9.58 9.23 8.96 8.88 9.07 9.43 9.76 10.10 10.39 10.64 10.96 11.22 11.11 10.81 10.49 10.36 10.38 10.46 10.58 10.74 10.84 10.76 10.56 10.41 10.38 10.52 10.71 10.86 11.03 11.34 11.56 11.61 11.55 11.41 11.26 11.26 11.33 11.53 11.85 12.28 12.75 12.96 12.78 12.26 11.57 10.86 10.29 9.84 9.39 8.99 8.87 9.09 9.42 9.63 9.70 9.66 9.63 9.73 9.81 9.76 9.55 9.30 9.15 9.25 9.59 9.85
10.17 10.08 10.19 10.52 10.94 11.52 12.05 12.06 11.59 10.82 10.05 9.38 8.89 8.48 8.13 7.98 8.17 8.57 9.00 9.42 9.94 10.35 10.35 10.32 10.79 11.36 11.59 11.62 11.43 10.94 10.29 9.51 9.04 9.17 9.69 10.16 10.37 10.41 10.52 10.76 10.97 11.12 11.30 11.51 11.46 11.30 11.13 10.93 10.78 10.78 10.75 10.66 10.58 10.52 10.44 10.68 10.92 10.95 10.89 10.71 10.38 9.89 9.37 9.05 9.11 9.38 9.66 9.78 9.70 9.48 9.35 9.34 9.40 9.43 9.38 9.20 8.99 8.92 9.14 9.46
10.26 10.22 10.28 10.42 10.66 11.00 11.09 10.54 9.67 8.79 8.01 7.30 6.80 6.55 6.73 7.36 8.32 9.30 10.03 10.56 10.88 10.74 10.21 10.07 10.59 11.10 11.41 11.64 11.76 11.62 11.33 10.70 9.75 9.06 8.89 9.12 9.64 10.18 10.54 10.77 11.04 11.33 11.51 11.45 11.00 10.40 10.14 10.16 10.24 10.43 10.64 10.62 10.45 10.03 9.30 8.77 8.75 9.22 9.77 10.12 10.18 10.04 9.86 9.71 9.68 9.74 9.83 9.79 9.57 9.38 9.30 9.26 9.28 9.32 9.30 9.20 9.08 9.00 9.05 9.18
10.46 10.48 10.52 10.50 10.48 10.38 10.00 9.26 8.39 7.61 6.99 6.53 6.23 6.44 7.35 8.70 9.95 10.94 11.64 11.87 11.47 10.59 9.49 9.14 9.53 9.91 10.27 10.75 11.15 11.49 11.86 12.01 11.59 10.48 9.35 9.06 9.64 10.42 10.93 11.21 11.43 11.57 11.55 11.26 10.60 9.74 9.26 9.34 9.66 10.11 10.71 11.05 11.14 10.91 10.14 9.06 8.41 8.46 8.87 9.33 9.74 10.01 10.18 10.26 10.26 10.16 9.94 9.67 9.42 9.29 9.28 9.36 9.43 9.41 9.29 9.18 9.18 9.24 9.31 9.28
10.59 10.66 10.66 10.52 10.26 9.83 9.24 8.70 8.46 8.44 8.43 8.32 8.49 9.20 10.33 11.52 12.36 12.65 12.49 11.98 11.21 10.40 9.48 8.64 8.42 8.46 8.95 9.72 10.26 10.58 11.02 11.68 12.13 11.97 11.29 10.88 10.95 11.23 11.38 11.41 11.35 11.25 11.14 10.93 10.51 9.81 9.09 8.93 9.32 9.95 10.58 11.13 11.52 11.69 11.53 11.05 10.37 9.74 9.39 9.42 9.64 9.83 9.98 10.13 10.26 10.21 9.97 9.66 9.35 9.09 9.01 9.13 9.29 9.39 9.37 9.33 9.37 9.49 9.62 9.74
10.55 10.54 10.50 10.36 10.07 9.62 9.16 8.94 9.12 9.58 10.14 10.78 11.54 12.32 12.90 13.13 12.96 12.41 11.70 10.94 10.46 10.41 10.28 9.52 8.63 8.24 8.34 8.94 9.44 9.50 9.47 9.98 11.03 11.95 12.29 12.17 11.80 11.39 11.04 10.77 10.59 10.57 10.62 10.65 10.61 10.29 9.52 8.95 9.16 9.69 10.07 10.43 10.98 11.56 11.94 12.11 12.07 11.77 11.20 10.57 10.20 9.96 9.80 9.70 9.71 9.69 9.57 9.41 9.25 9.05 8.92 8.92 9.06 9.29 9.47 9.58 9.68 9.79 9.96 10.29
10.41 10.31 10.21 10.15 10.00 9.76 9.54 9.43 9.48 9.83 10.64 11.69 12.60 13.04 12.99 12.41 11.43 10.62 10.16 9.76 9.69 10.06 10.49 10.41 9.82 9.14 8.73 8.73 9.15 9.16 8.66 8.51 9.15 10.44 11.34 11.57 11.29 10.83 10.47 10.22 10.15 10.25 10.39 10.41 10.41 10.42 9.99 9.19 9.00 9.14 9.29 9.48 9.94 10.65 11.32 11.73 12.02 12.18 12.08 11.59 10.90 10.28 9.76 9.33 9.00 8.77 8.65 8.85 9.17 9.36 9.36 9.27 9.28 9.42 9.62 9.81 9.97 10.10 10.29 10.62
10.24 10.12 10.02 10.03 10.00 9.94 9.87 9.80 9.86 10.23 11.01 11.76 12.07 11.88 11.32 10.59 9.98 9.58 9.23 8.98 8.93 9.10 9.52 9.91 9.91 9.55 9.18 9.12 9.47 9.70 9.33 8.59 8.35 8.78 9.70 10.34 10.51 10.42 10.38 10.33 10.30 10.31 10.26 10.09 10.02 10.21 10.22 9.67 9.10 8.88 8.79 8.93 9.37 10.05 10.74 11.16 11.29 11.32 11.44 11.45 11.09 10.44 9.77 9.16 8.57 8.21 8.33 8.87 9.45 9.83 9.97 9.92 9.80 9.72 9.71 9.80 9.91 10.01 10.15 10.32
10.14 10.04 10.00 10.02 10.00 10.04 10.12 10.20 10.39 10.90 11.43 11.57 11.25 10.68 10.08 9.66 9.47 9.22 8.84 8.53 8.33 8.30 8.58 9.04 9.24 9.17 9.22 9.42 9.75 10.13 10.19 9.62 8.78 8.39 8.58 9.22 9.78 10.13 10.38 10.50 10.48 10.39 10.16 9.82 9.65 9.81 10.08 9.89 9.30 8.87 8.69 8.86 9.34 9.92 10.47 10.83 10.79 10.53 10.44 10.56 10.57 10.27 9.84 9.38 9.04 9.04 9.35 9.69 9.89 10.01 10.11 10.16 10.07 9.87 9.64 9.48 9.44 9.54 9.70 9.83
10.22 10.18 10.12 10.04 9.99 10.11 10.37 10.67 11.04 11.44 11.52 11.23 10.77 10.34 9.99 9.70 9.37 9.02 8.84 8.83 8.90 9.00 9.12 9.14 9.08 9.05 9.22 9.43 9.64 9.99 10.33 10.30 9.82 9.16 8.71 8.79 9.29 9.78 10.10 10.30 10.38 10.35 10.04 9.54 9.19 9.19 9.51 9.56 9.13 8.71 8.60 8.76 9.10 9.43 9.79 10.22 10.43 10.29 10.05 9.96 10.02 10.04 10.01 10.00 10.10 10.28 10.36 10.28 10.12 9.98 9.92 9.94 9.96 9.87 9.66 9.43 9.32 9.45 9.61 9.62
10.33 10.26 10.09 9.96 9.97 10.13 10.45 10.96 11.56 11.70 11.41 10.91 10.50 10.19 9.91 9.56 9.24 9.17 9.45 9.85 10.08 10.05 9.83 9.56 9.34 9.21 9.20 9.26 9.37 9.68 10.07 10.27 10.19 9.86 9.48 9.31 9.47 9.72 9.84 10.00 10.10 9.96 9.45 8.82 8.43 8.44 8.83 9.09 8.87 8.44 8.16 8.06 8.12 8.32 8.68 9.25 9.83 10.12 10.08 9.97 9.95 10.01 10.09 10.18 10.23 10.27 10.26 10.23 10.23 10.20 10.07 9.92 9.87 9.83 9.70 9.59 9.56 9.55 9.38 9.16
10.16 10.01 9.80 9.77 9.90 10.10 10.36 10.74 11.14 11.15 10.80 10.34 9.94 9.53 9.13 9.00 9.20 9.57 9.88 9.97 9.80 9.57 9.49 9.64 9.80 9.71 9.33 9.10 9.10 9.34 9.69 9.85 9.80 9.74 9.83 9.96 10.01 9.92 9.98 9.83 9.64 9.02 8.17 7.66 7.53 7.73 8.23 8.73 8.74 8.29 7.75 7.30 7.04 7.12 7.54 8.19 8.96 9.54 9.78 9.84 9.89 10.00 10.03 9.91 9.78 9.81 9.94 10.07 10.21 10.35 10.36 10.16 9.94 9.71 9.48 9.38 9.24 8.95 8.60 8.44
10.10 9.99 9.84 9.82 9.90 10.04 10.14 10.19 10.12 9.91 9.69 9.51 9.20 8.70 8.43 8.78 9.22 9.38 9.16 8.71 8.43 8.55 8.98 9.52 9.96 10.14 9.88 9.40 9.13 9.10 9.43 9.67 9.65 9.62 9.74 9.88 9.90 9.80 9.60 9.45 8.90 8.01 7.47 7.43 7.55 7.70 8.00 8.52 8.73 8.55 8.20 7.76 7.28 6.99 7.06 7.58 8.31 8.89 9.24 9.52 9.77 9.96 10.10 10.24 10.32 10.38 10.32 10.15 10.01 10.02 10.15 10.14 9.89 9.47 9.16 8.94 8.65 8.39 8.28 8.37
10.43 10.52 10.46 10.16 9.93 9.83 9.78 9.65 9.38 9.12 9.33 9.11 8.89 8.45 8.41 8.63 8.58 8.29 7.89 7.59 7.72 8.29 9.00 9.56 9.94 10.23 10.29 10.00 9.56 9.24 9.35 9.68 9.75 9.53 9.25 9.05 9.05 9.11 9.10 8.87 8.38 8.06 8.35 8.84 9.07 8.95 8.84 8.96 9.11 9.11 8.94 8.66 8.33 7.97 7.77 7.87 8.22 8.77 9.27 9.62 9.81 9.96 10.24 10.64 10.81 10.70 10.37 10.04 9.80 9.70 9.73 9.78 9.62 9.28 8.96 8.63 8.35 8.22 8.34 8.56
10.57 10.66 10.57 10.09 9.68 9.50 9.43 9.28 9.08 9.01 9.07 9.03 8.75 8.40 8.13 7.80 7.43 7.28 7.35 7.61 8.13 8.76 9.34 9.71 9.88 10.01 10.16 10.17 9.89 9.50 9.40 9.68 9.79 9.41 8.80 8.47 8.53 8.79 8.94 8.86 8.84 9.27 9.87 10.26 10.45 10.48 10.35 10.14 9.92 9.65 9.27 8.88 8.67 8.59 8.52 8.44 8.56 9.04 9.54 9.79 9.77 9.85 10.04 10.19 10.05 9.78 9.60 9.61 9.76 9.85 9.74 9.56 9.35 9.14 8.88 8.50 8.06 7.72 7.70 8.00
10.11 9.90 9.49 9.25 9.12 9.15 9.20 9.12 9.00 8.91 9.16 8.47 8.32 8.12 7.74 7.36 7.27 7.52 8.13 8.97 9.62 9.91 9.87 9.60 9.29 9.31 9.51 9.65 9.60 9.45 9.44 9.69 9.91 9.75 9.26 8.98 9.09 9.28 9.41 9.51 9.78 10.09 10.27 10.41 10.70 11.09 11.35 11.34 11.04 10.50 9.97 9.49 9.12 8.92 8.83 8.77 8.86 9.15 9.49 9.65 9.57 9.57 9.56 9.39 9.15 9.07 9.25 9.58 9.88 10.00 9.84 9.48 9.21 9.01 8.86 8.70 8.40 7.89 7.48 7.55
9.52 8.96 8.39 8.39 8.62 8.93 9.12 9.09 8.92 9.35 8.33 8.09 8.17 8.37 8.45 8.50 8.81 9.38 10.16 10.82 11.10 10.87 10.18 9.38 8.86 8.80 8.91 8.99 9.07 9.15 9.25 9.51 9.92 10.16 10.12 10.05 10.03 9.93 9.84 9.84 9.85 9.80 9.94 10.27 10.78 11.30 11.77 12.05 12.07 11.76 11.23 10.70 10.19 9.70 9.32 9.07 8.95 8.96 9.18 9.45 9.41 9.37 9.27 9.08 8.99 9.24 9.60 9.80 9.72 9.55 9.37 9.22 9.08 8.93 8.80 8.87 9.06 9.07 8.72 8.42
9.68 9.19 8.65 8.74 9.02 9.21 9.23 9.13 8.95 9.35 8.53 8.51 8.79 9.29 9.84 10.35 10.88 11.29 11.46 11.42 11.10 10.56 9.92 9.37 8.98 8.83 8.78 8.83 8.96 9.06 9.10 9.23 9.68 10.16 10.33 10.26 10.07 9.87 9.73 9.60 9.45 9.47 9.81 10.32 10.90 11.41 11.73 11.95 12.17 12.16 11.76 11.13 10.56 10.14 9.80 9.48 9.15 8.86 8.92 9.23 9.39 9.40 9.36 9.30 9.41 9.69 9.80 9.52 9.02 8.67 8.66 8.78 8.89 8.95 8.92 8.83 8.93 9.33 9.66 9.68
10.21 10.08 9.99 10.20 10.29 10.00 9.52 9.23 9.14 9.07 9.03 9.16 9.54 10.13 10.70 11.13 11.35 11.30 11.00 10.45 9.75 9.14 8.95 8.99 9.00 8.99 9.04 9.22 9.43 9.51 9.42 9.39 9.68 10.11 10.21 9.87 9.51 9.41 9.48 9.52 9.55 9.73 10.13 10.53 10.87 11.05 11.01 10.95 11.08 11.29 11.19 10.84 10.53 10.33 10.12 9.87 9.57 9.30 9.09 9.22 9.49 9.60 9.62 9.68 9.81 9.86 9.57 8.99 8.46 8.33 8.45 8.67 8.83 9.03 9.27 9.23 8.95 8.83 9.20 9.74
10.44 10.52 10.72 10.89 10.85 10.52 9.93 9.43 9.26 9.29 9.36 9.52 9.86 10.29 10.57 10.59 10.39 10.10 9.66 8.99 8.28 7.93 8.06 8.53 8.89 9.13 9.38 9.69 9.95 10.12 10.20 10.26 10.41 10.59 10.64 10.34 9.83 9.56 9.57 9.80 10.14 10.55 10.82 10.82 10.66 10.32 9.89 9.65 9.82 10.31 10.67 10.75 10.73 10.57 10.32 10.09 9.93 9.80 9.59 9.53 9.64 9.78 9.89 9.98 9.97 9.69 9.17 8.65 8.48 8.57 8.76 8.96 9.08 9.14 9.30 9.50 9.51 9.23 9.04 9.42
10.45 10.56 10.70 10.71 10.66 10.68 10.48 9.98 9.60 9.53 9.55 9.56 9.65 9.74 9.72 9.68 9.59 9.23 8.67 8.13 7.85 7.91 8.30 8.75 9.06 9.29 9.54 9.82 10.07 10.34 10.68 11.00 11.20 11.31 11.38 11.25 10.79 10.27 9.93 10.07 10.51 10.89 10.90 10.64 10.24 9.69 9.13 8.88 9.14 9.84 10.55 10.89 10.90 10.70 10.47 10.28 10.15 10.09 9.95 9.78 9.76 9.88 10.01 10.04 9.91 9.49 8.88 8.55 8.64 8.88 9.08 9.20 9.31 9.37 9.28 9.28 9.60 9.96 10.10 10.28
10.53 10.77 11.04 11.05 10.96 10.91 10.93 10.81 10.44 10.07 9.74 9.42 9.16 9.02 9.10 9.32 9.33 9.00 8.66 8.64 8.90 9.17 9.31 9.40 9.47 9.52 9.64 9.83 10.07 10.32 10.57 10.85 11.14 11.41 11.70 11.90 11.80 11.35 10.70 10.37 10.45 10.50 10.45 10.32 9.95 9.43 9.00 8.86 9.12 9.76 10.53 11.02 11.15 11.00 10.76 10.53 10.31 10.17 9.97 9.79 9.72 9.75 9.82 9.84 9.77 9.48 9.07 8.89 8.99 9.21 9.39 9.40 9.36 9.38 9.42 9.47 9.66 10.19 10.91 11.41
10.75 11.17 11.72 11.77 11.48 11.07 11.01 11.13 11.00 10.45 9.81 9.30 8.92 8.79 8.97 9.16 9.10 9.05 9.26 9.71 10.09 10.15 10.03 9.93 9.89 9.86 9.87 9.96 10.12 10.33 10.45 10.50 10.59 10.98 11.62 12.27 12.64 12.56 12.00 11.13 10.59 10.30 10.25 10.09 9.67 9.27 9.11 9.19 9.48 10.02 10.64 11.16 11.47 11.42 11.12 10.76 10.43 10.16 9.89 9.77 9.71 9.99 9.62 9.63 9.65 9.58 9.47 9.51 9.62 9.73 9.79 9.74 9.53 9.34 9.46 9.86 10.29 10.80 11.57 12.13
10.73 11.03 11.50 11.68 11.56 11.12 10.81 10.72 10.63 10.26 9.72 9.28 9.06 9.02 8.99 8.83 8.82 9.19 9.74 10.11 10.22 10.19 10.13 10.14 10.15 10.08 9.97 9.91 9.97 10.20 10.43 10.48 10.50 10.79 11.38 12.03 12.56 12.88 12.82 12.20 11.15 10.35 9.82 9.40 9.05 8.98 9.16 9.41 9.76 10.27 10.77 11.20 11.53 11.59 11.36 10.97 10.56 10.22 9.91 9.84 9.86 9.83 9.74 9.66 9.71 9.79 9.86 10.00 10.17 10.26 10.27 10.25 10.11 9.89 9.81 10.15 10.96 11.94 12.67 12.79
10.34 10.22 10.10 10.30 10.59 10.59 10.31 10.10 10.11 10.09 9.96 9.87 9.87 9.79 9.40 8.91 8.81 9.13 9.44 9.59 9.76 9.97 10.12 10.23 10.23 10.09 9.84 9.64 9.64 9.86 10.13 10.39 10.57 10.73 10.85 11.05 11.37 11.80 12.14 12.02 11.14 10.03 9.11 8.59 8.54 8.75 9.07 9.36 9.84 10.42 10.77 10.98 11.22 11.42 11.40 11.13 10.71 10.32 9.98 9.93 10.05 10.10 10.00 9.86 9.80 9.90 10.07 10.26 10.45 10.64 10.86 11.08 11.16 11.14 11.10 11.26 11.86 12.67 13.06 12.85
9.85 9.37 8.55 8.23 8.46 8.89 9.23 9.55 9.98 10.43 10.78 11.04 11.13 10.85 10.15 9.41 8.99 8.82 8.72 8.83 9.27 9.79 10.09 10.23 10.24 10.14 9.90 9.55 9.33 9.36 9.48 9.67 9.87 10.00 9.90 9.81 9.90 10.10 10.32 10.37 10.06 9.41 8.76 8.41 8.51 8.81 9.06 9.44 10.08 10.57 10.66 10.65 10.83 11.11 11.27 11.17 10.87 10.52 10.20 10.17 10.28 10.33 10.25 10.08 9.90 9.91 10.14 10.42 10.67 10.96 11.42 11.97 12.48 12.91 13.20 13.29 13.28 13.19 12.82 12.38
9.47 8.80 7.67 7.17 7.13 7.54 8.26 9.01 9.73 10.48 11.08 11.36 11.27 10.87 10.27 9.65 9.13 8.77 8.67 8.91 9.33 9.73 9.96 10.13 10.25 10.32 10.24 9.92 9.40 9.09 8.97 8.88 8.86 8.91 8.92 8.82 8.74 8.76 8.82 8.94 9.04 8.98 8.82 8.81 9.10 9.46 9.81 10.30 10.75 10.78 10.59 10.54 10.68 10.90 11.09 11.15 11.10 11.03 11.01 11.00 10.87 10.65 10.43 10.26 10.15 10.13 10.27 10.55 10.88 11.30 11.92 12.67 13.48 14.13 14.49 14.42 13.98 13.30 12.52 12.18
9.45 8.79 7.80 7.52 7.63 7.98 8.46 8.89 9.29 9.83 10.38 10.58 10.35 9.98 9.73 9.49 9.22 9.05 9.14 9.46 9.77 10.00 10.06 10.13 10.24 10.40 10.55 10.53 10.20 9.59 9.14 8.83 8.65 8.52 8.37 8.16 7.96 7.93 8.10 8.39 8.67 8.88 9.15 9.59 10.06 10.49 10.96 11.25 11.20 10.85 10.55 10.53 10.66 10.79 10.93 11.10 11.32 11.57 11.77 11.71 11.28 10.74 10.40 10.33 10.41 10.48 10.49 10.65 11.03 11.62 12.33 12.97 13.49 13.78 13.85 13.66 13.19 12.57 12.06 12.02
10.04 9.67 9.32 9.44 9.61 9.65 9.48 9.26 9.23 9.37 9.56 9.65 9.49 9.31 9.27 9.29 9.29 9.30 9.47 9.80 10.09 10.33 10.33 10.25 10.21 10.32 10.56 10.78 10.79 10.44 9.78 9.24 8.82 8.42 8.05 7.79 7.61 7.61 7.87 8.26 8.67 9.14 9.75 10.34 10.75 11.05 11.26 11.22 10.92 10.53 10.31 10.32 10.40 10.48 10.61 10.84 11.15 11.38 11.41 11.09 10.63 10.32 10.18 10.23 10.37 10.52 10.59 10.67 10.95 11.52 12.13 12.43 12.37 12.11 11.85 11.67 11.52 11.42 11.39 11.48
10.67 10.73 11.02 11.42 11.63 11.43 10.74 10.22 9.94 9.67 9.32 9.02 8.95 9.02 9.15 9.30 9.41 9.54 9.80 10.16 10.44 10.59 10.45 10.23 10.10 10.14 10.35 10.62 10.78 10.68 10.24 9.61 8.99 8.43 8.00 7.80 7.78 7.82 8.00 8.38 9.03 9.88 10.62 11.00 11.10 11.04 10.92 10.67 10.34 10.08 9.96 9.89 9.87 9.98 10.20 10.41 10.57 10.60 10.38 9.98 9.80 9.84 9.95 10.07 10.15 10.27 10.41 10.55 10.71 10.97 11.22 11.09 10.70 10.30 10.06 10.04 10.29 10.64 10.84 10.89
10.72 10.98 11.39 11.69 11.93 12.04 11.94 11.53 10.96 10.24 9.51 9.01 8.88 9.04 9.31 9.56 9.76 9.99 10.27 10.47 10.53 10.42 10.13 9.90 9.83 9.89 10.06 10.24 10.36 10.36 10.19 9.76 9.25 8.75 8.37 8.19 8.18 8.22 8.41 8.98 9.96 10.86 11.29 11.29 11.05 10.77 10.56 10.34 10.06 9.84 9.70 9.59 9.50 9.72 9.95 10.06 9.94 9.70 9.42 9.23 9.26 9.48 9.72 9.84 9.86 9.92 10.11 10.37 10.60 10.70 10.55 10.14 9.80 9.65 9.64 9.85 10.31 10.73 10.87 10.83
10.49 10.71 10.98 11.01 11.02 11.17 11.57 11.61 11.18 10.47 9.83 9.42 9.27 9.37 9.65 9.96 10.24 10.48 10.58 10.44 10.12 9.78 9.58 9.55 9.62 9.71 9.76 9.74 9.82 9.96 9.96 9.79 9.53 9.21 8.92 8.79 8.80 8.89 9.25 10.06 10.86 11.17 11.01 10.71 10.48 10.37 10.34 10.25 10.02 9.76 9.61 9.55 9.61 9.76 9.88 9.88 9.60 9.07 8.65 8.56 8.75 9.11 9.42 9.55 9.59 9.72 9.96 10.23 10.50 10.62 10.49 10.23 10.04 9.94 9.98 10.32 10.90 11.32 11.45 11.35
