project/data/elevation/US_DEM2016/US_DEM2016_point_11-01-2019_1624_30m_vel.asc
ncols	125
nrows	167
xllcorner	-2042055.000000
yllcorner	1465035.000000
cellsize	30.000000
NODATA_value	-9999.000000
[rows 114 to 151 of 167, columns 0 to 83 of 125]
4.64 4.63 4.67 4.76 4.90 5.10 5.20 5.01 4.59 4.13 3.73 3.37 3.11 2.94 2.95 3.20 3.66 4.13 4.45 4.70 4.97 5.06 4.78 4.57 4.78 4.99 5.05 5.04 4.99 4.85 4.65 4.36 4.04 3.83 3.77 3.82 3.99 4.21 4.39 4.54 4.72 4.93 5.12 5.29 5.26 4.99 4.72 4.59 4.56 4.61 4.67 4.63 4.48 4.23 3.92 3.71 3.69 3.91 4.20 4.39 4.46 4.42 4.33 4.25 4.25 4.32 4.42 4.44 4.30 4.12 4.04 4.00 4.00 4.02 4.02 4.00 3.94 3.86 3.83 3.88 3.82 3.60 3.43 3.33
4.72 4.73 4.76 4.78 4.82 4.83 4.71 4.38 3.88 3.41 3.06 2.80 2.65 2.71 3.12 3.75 4.39 4.88 5.20 5.34 5.24 4.86 4.35 4.22 4.43 4.56 4.60 4.72 4.83 4.93 5.00 4.94 4.70 4.27 3.86 3.78 4.04 4.39 4.65 4.82 4.98 5.10 5.17 5.15 4.93 4.56 4.28 4.24 4.31 4.49 4.72 4.78 4.66 4.42 4.06 3.66 3.47 3.58 3.84 4.10 4.31 4.43 4.49 4.51 4.52 4.51 4.46 4.33 4.17 4.06 4.04 4.04 4.05 4.03 3.98 3.93 3.90 3.89 3.87 3.82 3.66 3.47 3.34 3.23
4.80 4.82 4.83 4.79 4.72 4.58 4.36 4.08 3.83 3.66 3.54 3.43 3.47 3.81 4.39 5.04 5.53 5.73 5.72 5.53 5.13 4.60 4.14 3.96 3.98 3.98 4.05 4.28 4.50 4.67 4.82 4.97 5.02 4.90 4.67 4.60 4.69 4.84 4.95 5.01 5.04 5.05 5.04 4.96 4.71 4.37 4.11 4.04 4.19 4.50 4.79 4.93 4.91 4.78 4.60 4.42 4.23 4.09 4.07 4.16 4.29 4.39 4.47 4.54 4.58 4.57 4.45 4.25 4.06 3.93 3.90 3.94 3.98 4.00 3.98 3.95 3.94 3.97 3.99 3.97 3.92 3.85 3.84 3.87
4.82 4.81 4.78 4.73 4.62 4.45 4.26 4.11 4.09 4.19 4.35 4.58 4.90 5.30 5.69 5.94 5.95 5.72 5.40 5.04 4.69 4.46 4.32 4.13 3.96 3.83 3.79 3.95 4.12 4.18 4.21 4.43 4.78 5.06 5.20 5.20 5.09 4.97 4.87 4.82 4.79 4.81 4.86 4.85 4.69 4.42 4.13 4.01 4.18 4.50 4.71 4.79 4.84 4.90 4.94 5.00 5.03 4.97 4.81 4.61 4.50 4.44 4.41 4.41 4.42 4.38 4.25 4.08 3.94 3.85 3.81 3.81 3.85 3.93 4.00 4.04 4.07 4.11 4.17 4.27 4.45 4.59 4.68 4.82
4.79 4.73 4.68 4.64 4.57 4.46 4.33 4.25 4.25 4.41 4.76 5.21 5.64 5.91 5.98 5.81 5.36 4.93 4.66 4.39 4.25 4.31 4.41 4.42 4.31 4.10 3.88 3.82 3.91 3.90 3.81 3.87 4.15 4.60 4.89 4.98 4.88 4.74 4.66 4.60 4.60 4.69 4.81 4.80 4.64 4.42 4.20 4.07 4.17 4.36 4.47 4.48 4.52 4.68 4.87 5.01 5.15 5.23 5.18 4.98 4.74 4.54 4.38 4.24 4.11 3.96 3.80 3.80 3.89 3.94 3.92 3.87 3.87 3.94 4.05 4.15 4.23 4.29 4.38 4.55 4.77 4.95 5.12 5.24
4.73 4.67 4.62 4.61 4.57 4.51 4.43 4.37 4.42 4.64 5.04 5.41 5.63 5.62 5.40 5.02 4.64 4.41 4.21 4.00 3.91 3.97 4.12 4.28 4.31 4.19 4.01 3.93 3.99 4.00 3.91 3.80 3.81 3.99 4.30 4.51 4.58 4.60 4.63 4.63 4.64 4.72 4.79 4.71 4.50 4.34 4.26 4.20 4.23 4.26 4.27 4.27 4.35 4.54 4.73 4.85 4.90 4.92 4.93 4.91 4.79 4.56 4.32 4.08 3.82 3.59 3.57 3.78 4.02 4.13 4.13 4.08 4.04 4.05 4.11 4.19 4.27 4.32 4.41 4.55 4.66 4.73 4.81 4.83
4.68 4.65 4.63 4.63 4.59 4.55 4.54 4.56 4.68 4.96 5.27 5.41 5.34 5.12 4.83 4.54 4.35 4.19 3.93 3.70 3.59 3.61 3.77 3.98 4.03 3.98 3.99 4.05 4.13 4.19 4.18 4.07 3.88 3.79 3.87 4.10 4.35 4.53 4.65 4.70 4.74 4.79 4.78 4.59 4.32 4.21 4.24 4.27 4.26 4.24 4.20 4.25 4.41 4.59 4.71 4.74 4.66 4.56 4.53 4.57 4.56 4.44 4.26 4.04 3.87 3.83 3.95 4.13 4.23 4.22 4.20 4.19 4.17 4.14 4.10 4.08 4.09 4.16 4.28 4.41 4.46 4.44 4.40 4.33
4.71 4.72 4.71 4.64 4.59 4.61 4.70 4.81 4.98 5.22 5.36 5.32 5.15 4.95 4.75 4.53 4.30 4.03 3.81 3.71 3.75 3.86 3.97 4.00 3.92 3.88 3.97 4.08 4.16 4.24 4.30 4.29 4.19 4.01 3.87 3.93 4.16 4.38 4.52 4.64 4.74 4.82 4.74 4.42 4.07 3.97 4.05 4.12 4.12 4.11 4.14 4.25 4.38 4.47 4.51 4.53 4.49 4.41 4.33 4.30 4.30 4.30 4.28 4.27 4.31 4.40 4.45 4.43 4.32 4.19 4.14 4.15 4.16 4.15 4.10 4.04 4.03 4.14 4.29 4.35 4.31 4.25 4.22 4.17
4.78 4.77 4.70 4.61 4.58 4.65 4.80 5.03 5.29 5.40 5.36 5.21 5.04 4.90 4.72 4.44 4.18 4.03 4.07 4.22 4.35 4.37 4.27 4.11 3.97 3.93 4.00 4.09 4.14 4.20 4.25 4.29 4.30 4.23 4.11 4.08 4.18 4.33 4.41 4.54 4.68 4.72 4.46 3.99 3.67 3.66 3.80 3.89 3.90 3.90 3.93 4.00 4.03 4.04 4.09 4.18 4.28 4.34 4.33 4.28 4.26 4.29 4.33 4.40 4.47 4.52 4.52 4.47 4.39 4.30 4.21 4.16 4.14 4.13 4.11 4.12 4.18 4.25 4.24 4.16 4.05 3.97 3.95 3.97
4.69 4.64 4.55 4.51 4.56 4.67 4.83 5.05 5.25 5.29 5.15 4.95 4.79 4.60 4.31 4.10 4.09 4.23 4.40 4.49 4.42 4.29 4.19 4.17 4.18 4.15 4.09 4.08 4.09 4.10 4.14 4.15 4.14 4.17 4.26 4.35 4.41 4.43 4.43 4.53 4.55 4.33 3.79 3.32 3.22 3.35 3.55 3.71 3.76 3.72 3.67 3.62 3.53 3.50 3.60 3.78 3.99 4.16 4.22 4.24 4.26 4.30 4.31 4.30 4.30 4.35 4.42 4.45 4.46 4.43 4.35 4.26 4.17 4.09 4.05 4.09 4.10 4.04 3.90 3.78 3.75 3.74 3.70 3.69
4.62 4.58 4.53 4.53 4.59 4.69 4.80 4.89 4.92 4.84 4.67 4.53 4.40 4.12 3.85 3.93 4.13 4.25 4.21 4.05 3.90 3.90 4.06 4.26 4.38 4.37 4.26 4.14 4.07 4.03 4.06 4.07 4.07 4.15 4.30 4.41 4.43 4.42 4.40 4.42 4.24 3.76 3.25 3.06 3.13 3.26 3.39 3.58 3.70 3.73 3.73 3.65 3.48 3.34 3.33 3.52 3.78 3.93 4.02 4.13 4.23 4.28 4.34 4.42 4.51 4.58 4.58 4.53 4.44 4.36 4.31 4.26 4.15 4.00 3.94 3.93 3.86 3.77 3.69 3.67 3.68 3.64 3.52 3.44
4.74 4.79 4.78 4.69 4.64 4.65 4.68 4.68 4.59 4.45 4.34 4.29 4.16 3.87 3.80 3.93 3.97 3.83 3.59 3.43 3.50 3.80 4.15 4.42 4.52 4.50 4.44 4.36 4.23 4.09 4.03 4.05 4.07 4.10 4.11 4.09 4.08 4.12 4.18 4.14 3.89 3.56 3.48 3.61 3.70 3.66 3.63 3.70 3.82 3.92 3.94 3.87 3.76 3.62 3.56 3.64 3.79 3.92 4.06 4.19 4.25 4.31 4.45 4.68 4.81 4.80 4.66 4.51 4.36 4.24 4.18 4.14 4.05 3.93 3.85 3.76 3.71 3.70 3.75 3.76 3.69 3.55 3.44 3.48
4.87 4.89 4.84 4.68 4.57 4.53 4.53 4.48 4.38 4.31 4.29 4.25 4.05 3.81 3.72 3.64 3.48 3.31 3.24 3.32 3.62 3.99 4.36 4.58 4.60 4.54 4.54 4.52 4.41 4.22 4.10 4.08 4.05 3.95 3.82 3.75 3.80 3.93 4.02 3.98 3.90 3.96 4.14 4.28 4.32 4.29 4.21 4.13 4.11 4.07 3.97 3.87 3.83 3.84 3.87 3.91 3.97 4.08 4.20 4.28 4.28 4.36 4.49 4.63 4.61 4.48 4.38 4.34 4.33 4.29 4.18 4.04 3.92 3.86 3.77 3.64 3.52 3.47 3.53 3.59 3.60 3.60 3.71 3.85
4.74 4.62 4.40 4.32 4.31 4.36 4.38 4.34 4.27 4.22 4.17 4.06 3.88 3.69 3.52 3.36 3.28 3.31 3.52 3.90 4.25 4.46 4.59 4.55 4.38 4.35 4.41 4.40 4.33 4.24 4.18 4.16 4.12 4.01 3.89 3.88 3.98 4.08 4.11 4.13 4.23 4.36 4.43 4.47 4.54 4.64 4.68 4.62 4.46 4.27 4.11 4.01 3.97 3.98 4.00 4.04 4.10 4.16 4.20 4.24 4.26 4.32 4.37 4.34 4.22 4.14 4.20 4.36 4.44 4.36 4.19 3.97 3.84 3.79 3.76 3.70 3.57 3.40 3.30 3.34 3.56 3.88 4.13 4.12
4.41 4.15 3.86 3.88 4.03 4.20 4.29 4.27 4.21 4.12 4.01 3.89 3.80 3.74 3.71 3.72 3.83 4.06 4.44 4.79 4.96 4.91 4.70 4.39 4.17 4.15 4.16 4.12 4.11 4.13 4.14 4.16 4.17 4.18 4.22 4.30 4.36 4.34 4.29 4.29 4.34 4.34 4.39 4.49 4.65 4.83 4.98 5.00 4.87 4.69 4.53 4.43 4.34 4.24 4.14 4.08 4.07 4.08 4.12 4.20 4.22 4.24 4.22 4.14 4.07 4.17 4.37 4.52 4.42 4.17 3.98 3.88 3.82 3.77 3.74 3.80 3.85 3.80 3.64 3.57 3.77 4.08 4.19 3.97
4.28 4.08 3.86 3.92 4.10 4.24 4.25 4.20 4.14 4.08 4.03 3.99 4.00 4.11 4.30 4.51 4.75 4.98 5.14 5.20 5.12 4.89 4.58 4.31 4.17 4.10 4.02 3.97 3.99 4.03 4.04 4.06 4.12 4.21 4.30 4.35 4.34 4.30 4.26 4.23 4.20 4.21 4.34 4.52 4.75 4.96 5.09 5.10 5.03 4.89 4.72 4.54 4.43 4.34 4.24 4.14 4.04 3.97 4.03 4.14 4.20 4.22 4.19 4.15 4.21 4.39 4.53 4.44 4.10 3.78 3.71 3.75 3.78 3.79 3.77 3.76 3.84 4.00 4.10 4.12 4.14 4.17 4.03 3.84
4.41 4.38 4.38 4.49 4.56 4.47 4.28 4.16 4.12 4.14 4.17 4.21 4.31 4.52 4.77 4.97 5.11 5.14 5.07 4.86 4.57 4.28 4.14 4.12 4.14 4.11 4.06 4.07 4.12 4.15 4.11 4.08 4.12 4.18 4.17 4.07 4.01 4.05 4.12 4.14 4.14 4.22 4.40 4.61 4.79 4.91 4.90 4.79 4.68 4.59 4.46 4.37 4.36 4.34 4.29 4.22 4.15 4.09 4.06 4.12 4.21 4.26 4.26 4.30 4.41 4.55 4.49 4.18 3.78 3.62 3.64 3.70 3.74 3.82 3.91 3.88 3.82 3.87 4.07 4.29 4.40 4.42 4.39 4.49
4.52 4.59 4.74 4.84 4.81 4.61 4.35 4.17 4.13 4.18 4.26 4.36 4.51 4.71 4.84 4.85 4.80 4.70 4.50 4.15 3.77 3.59 3.64 3.87 4.05 4.14 4.20 4.29 4.37 4.41 4.43 4.42 4.41 4.37 4.28 4.13 4.02 4.04 4.10 4.18 4.30 4.50 4.67 4.74 4.76 4.69 4.50 4.29 4.17 4.19 4.26 4.35 4.42 4.39 4.32 4.29 4.28 4.27 4.23 4.22 4.27 4.32 4.38 4.45 4.54 4.52 4.30 3.94 3.73 3.68 3.71 3.76 3.80 3.85 3.96 4.04 4.05 3.98 4.00 4.24 4.60 4.91 5.15 5.34
4.56 4.64 4.75 4.80 4.77 4.68 4.53 4.33 4.23 4.24 4.29 4.36 4.48 4.57 4.56 4.51 4.46 4.30 3.97 3.60 3.40 3.42 3.63 3.90 4.08 4.19 4.30 4.42 4.52 4.61 4.71 4.80 4.82 4.75 4.62 4.47 4.32 4.25 4.21 4.29 4.48 4.68 4.74 4.71 4.63 4.44 4.16 3.93 3.87 4.02 4.26 4.43 4.47 4.39 4.35 4.36 4.38 4.40 4.38 4.32 4.33 4.38 4.46 4.52 4.52 4.37 4.06 3.81 3.76 3.78 3.81 3.84 3.89 3.95 3.96 4.02 4.17 4.30 4.39 4.59 4.96 5.26 5.38 5.31
4.64 4.75 4.89 4.95 4.92 4.82 4.75 4.66 4.53 4.42 4.32 4.28 4.28 4.29 4.32 4.38 4.34 4.12 3.84 3.71 3.77 3.90 4.02 4.14 4.22 4.28 4.38 4.49 4.60 4.68 4.76 4.85 4.92 4.93 4.88 4.82 4.74 4.63 4.49 4.44 4.54 4.59 4.60 4.61 4.52 4.29 4.02 3.86 3.87 4.08 4.38 4.55 4.55 4.48 4.45 4.45 4.45 4.44 4.38 4.32 4.32 4.37 4.43 4.46 4.43 4.28 4.02 3.86 3.84 3.88 3.90 3.90 3.91 3.97 4.04 4.11 4.25 4.49 4.79 5.05 5.23 5.17 4.89 4.64
4.85 5.03 5.26 5.27 5.13 4.94 4.88 4.88 4.80 4.58 4.34 4.17 4.10 4.13 4.24 4.31 4.21 4.05 4.03 4.17 4.33 4.37 4.35 4.36 4.38 4.43 4.50 4.57 4.63 4.70 4.74 4.77 4.79 4.87 5.02 5.17 5.24 5.17 4.99 4.74 4.61 4.54 4.56 4.55 4.38 4.15 4.00 3.97 4.08 4.34 4.60 4.73 4.71 4.64 4.58 4.52 4.47 4.40 4.30 4.27 4.29 4.33 4.36 4.37 4.36 4.26 4.12 4.05 4.03 4.03 4.02 3.98 3.92 3.94 4.09 4.32 4.53 4.78 5.12 5.36 5.27 4.86 4.34 4.02
5.03 5.15 5.31 5.31 5.20 5.03 4.91 4.84 4.75 4.55 4.29 4.11 4.05 4.11 4.17 4.12 4.04 4.08 4.27 4.43 4.48 4.47 4.44 4.47 4.50 4.51 4.53 4.54 4.55 4.64 4.75 4.79 4.80 4.89 5.09 5.31 5.43 5.44 5.37 5.16 4.83 4.59 4.45 4.30 4.09 3.99 4.02 4.11 4.30 4.59 4.83 4.89 4.83 4.74 4.66 4.57 4.47 4.36 4.25 4.26 4.31 4.35 4.36 4.36 4.35 4.32 4.26 4.25 4.25 4.24 4.20 4.16 4.11 4.10 4.21 4.46 4.86 5.31 5.65 5.67 5.32 4.77 4.21 3.80
5.02 4.93 4.78 4.79 4.87 4.88 4.78 4.68 4.62 4.52 4.40 4.32 4.33 4.37 4.26 4.07 3.99 4.09 4.22 4.29 4.35 4.42 4.48 4.53 4.54 4.47 4.39 4.35 4.38 4.51 4.67 4.81 4.89 4.95 5.00 5.05 5.09 5.14 5.19 5.12 4.83 4.48 4.18 3.97 3.86 3.89 4.02 4.17 4.44 4.78 4.95 4.90 4.81 4.76 4.70 4.62 4.48 4.34 4.24 4.27 4.36 4.42 4.41 4.39 4.37 4.36 4.36 4.39 4.42 4.44 4.48 4.54 4.55 4.59 4.66 4.86 5.25 5.70 5.92 5.75 5.35 4.93 4.48 4.01
4.80 4.52 4.06 3.89 4.01 4.20 4.35 4.48 4.61 4.71 4.78 4.86 4.91 4.80 4.52 4.21 4.04 3.98 3.94 3.99 4.16 4.38 4.51 4.57 4.53 4.42 4.29 4.21 4.20 4.31 4.44 4.56 4.64 4.69 4.65 4.57 4.52 4.51 4.53 4.50 4.40 4.19 3.97 3.81 3.82 3.91 4.04 4.25 4.62 4.93 4.95 4.80 4.74 4.75 4.72 4.63 4.50 4.37 4.29 4.36 4.47 4.52 4.50 4.44 4.39 4.37 4.42 4.50 4.57 4.66 4.81 5.00 5.19 5.37 5.53 5.64 5.79 5.94 5.86 5.55 5.32 5.21 5.05 4.77
4.44 4.08 3.51 3.34 3.39 3.58 3.89 4.22 4.52 4.80 5.02 5.13 5.09 4.87 4.56 4.29 4.09 3.95 3.90 4.00 4.19 4.37 4.50 4.56 4.54 4.46 4.35 4.26 4.17 4.16 4.20 4.22 4.20 4.21 4.21 4.13 4.04 4.00 3.97 3.97 3.98 3.94 3.88 3.91 4.05 4.21 4.38 4.66 4.97 5.07 4.94 4.77 4.74 4.75 4.71 4.65 4.60 4.59 4.66 4.74 4.74 4.67 4.58 4.51 4.47 4.47 4.51 4.61 4.72 4.87 5.12 5.43 5.76 6.05 6.22 6.22 6.12 5.97 5.69 5.43 5.41 5.54 5.64 5.63
4.14 3.82 3.41 3.37 3.49 3.66 3.88 4.08 4.31 4.58 4.81 4.89 4.78 4.56 4.38 4.25 4.13 4.05 4.09 4.23 4.38 4.51 4.56 4.59 4.58 4.54 4.52 4.49 4.43 4.30 4.20 4.12 4.05 4.00 3.93 3.83 3.71 3.67 3.69 3.74 3.80 3.87 4.01 4.27 4.51 4.72 4.95 5.14 5.22 5.12 4.91 4.78 4.75 4.73 4.71 4.71 4.79 4.96 5.13 5.15 4.98 4.75 4.60 4.57 4.60 4.63 4.63 4.69 4.85 5.09 5.40 5.71 5.98 6.13 6.17 6.09 5.91 5.68 5.46 5.37 5.43 5.58 5.79 5.98
4.23 4.10 4.04 4.16 4.26 4.30 4.23 4.17 4.24 4.36 4.48 4.52 4.42 4.30 4.23 4.19 4.16 4.15 4.24 4.40 4.54 4.68 4.70 4.67 4.62 4.60 4.64 4.68 4.68 4.59 4.39 4.18 4.03 3.90 3.78 3.64 3.53 3.51 3.56 3.66 3.79 4.02 4.35 4.69 4.91 5.06 5.19 5.23 5.17 5.00 4.79 4.67 4.60 4.57 4.61 4.72 4.91 5.08 5.14 5.00 4.78 4.63 4.58 4.59 4.66 4.71 4.71 4.74 4.87 5.14 5.44 5.64 5.67 5.57 5.41 5.29 5.22 5.18 5.15 5.13 5.13 5.20 5.45 5.76
4.54 4.64 4.90 5.12 5.19 5.04 4.72 4.54 4.51 4.47 4.38 4.28 4.21 4.19 4.19 4.19 4.19 4.24 4.37 4.56 4.73 4.85 4.81 4.70 4.62 4.61 4.67 4.73 4.74 4.69 4.52 4.26 4.02 3.85 3.72 3.62 3.55 3.51 3.55 3.69 4.00 4.44 4.85 5.08 5.16 5.14 5.11 5.05 4.96 4.80 4.62 4.45 4.33 4.32 4.44 4.62 4.78 4.84 4.74 4.55 4.46 4.49 4.54 4.59 4.64 4.67 4.70 4.73 4.80 4.95 5.13 5.14 4.98 4.76 4.56 4.48 4.56 4.72 4.82 4.82 4.79 4.85 5.03 5.24
4.69 4.87 5.16 5.37 5.45 5.38 5.27 5.12 4.94 4.70 4.44 4.25 4.18 4.20 4.23 4.25 4.30 4.40 4.58 4.74 4.84 4.85 4.73 4.59 4.52 4.56 4.63 4.66 4.64 4.58 4.47 4.29 4.11 3.95 3.82 3.71 3.62 3.58 3.67 3.99 4.52 5.02 5.27 5.29 5.19 5.06 4.97 4.91 4.82 4.67 4.46 4.26 4.13 4.20 4.32 4.44 4.47 4.38 4.24 4.17 4.23 4.36 4.47 4.53 4.56 4.56 4.60 4.68 4.75 4.82 4.81 4.66 4.47 4.34 4.27 4.30 4.47 4.64 4.71 4.72 4.77 4.82 4.87 4.90
4.70 4.84 5.03 5.11 5.11 5.12 5.24 5.25 5.06 4.77 4.51 4.35 4.28 4.28 4.33 4.40 4.50 4.63 4.76 4.80 4.74 4.61 4.49 4.43 4.44 4.49 4.50 4.44 4.42 4.41 4.37 4.31 4.23 4.11 3.97 3.86 3.78 3.80 4.06 4.58 5.09 5.31 5.27 5.11 4.95 4.87 4.85 4.85 4.77 4.58 4.35 4.19 4.17 4.25 4.31 4.30 4.16 3.92 3.75 3.77 3.95 4.17 4.34 4.43 4.47 4.50 4.55 4.62 4.71 4.78 4.72 4.58 4.45 4.36 4.35 4.51 4.74 4.89 4.95 4.95 4.97 4.94 4.87 4.88
4.72 4.82 4.97 4.97 4.84 4.69 4.70 4.78 4.79 4.70 4.55 4.44 4.38 4.38 4.42 4.53 4.66 4.76 4.76 4.66 4.49 4.34 4.28 4.35 4.45 4.50 4.47 4.39 4.40 4.42 4.40 4.37 4.30 4.19 4.09 4.06 4.12 4.29 4.63 5.01 5.18 5.10 4.91 4.76 4.70 4.71 4.78 4.79 4.67 4.46 4.27 4.21 4.22 4.28 4.31 4.26 4.12 3.92 3.75 3.71 3.86 4.05 4.21 4.33 4.43 4.51 4.55 4.58 4.61 4.61 4.62 4.62 4.52 4.39 4.40 4.68 5.05 5.23 5.24 5.18 5.11 4.99 4.90 4.95
4.74 4.79 4.82 4.73 4.58 4.36 4.21 4.19 4.31 4.43 4.45 4.44 4.43 4.42 4.44 4.52 4.59 4.57 4.42 4.24 4.08 3.99 4.08 4.32 4.56 4.66 4.65 4.64 4.65 4.61 4.51 4.40 4.28 4.19 4.17 4.24 4.40 4.62 4.80 4.89 4.82 4.70 4.61 4.60 4.62 4.66 4.71 4.71 4.56 4.37 4.25 4.17 4.14 4.21 4.32 4.35 4.34 4.29 4.18 4.12 4.13 4.12 4.17 4.28 4.40 4.48 4.53 4.55 4.53 4.51 4.57 4.62 4.55 4.48 4.62 5.05 5.42 5.48 5.31 5.14 5.00 4.91 4.88 4.93
4.72 4.61 4.30 3.93 3.76 3.73 3.76 3.83 3.94 4.08 4.23 4.35 4.39 4.39 4.40 4.39 4.33 4.17 3.98 3.86 3.83 3.88 4.11 4.45 4.70 4.79 4.81 4.84 4.81 4.69 4.56 4.42 4.29 4.23 4.25 4.32 4.44 4.54 4.58 4.56 4.53 4.48 4.50 4.59 4.64 4.63 4.60 4.55 4.46 4.34 4.19 4.05 4.05 4.21 4.39 4.49 4.56 4.63 4.65 4.62 4.49 4.30 4.22 4.26 4.36 4.45 4.53 4.59 4.66 4.75 4.79 4.73 4.71 4.85 5.18 5.54 5.67 5.46 5.17 4.98 4.88 4.86 4.88 4.84
4.55 4.28 3.78 3.34 3.13 3.26 3.51 3.71 3.84 3.98 4.14 4.24 4.27 4.30 4.32 4.27 4.16 4.07 4.08 4.14 4.19 4.28 4.46 4.62 4.71 4.71 4.72 4.71 4.58 4.45 4.43 4.38 4.31 4.29 4.31 4.36 4.41 4.46 4.50 4.53 4.50 4.44 4.47 4.57 4.59 4.54 4.46 4.40 4.33 4.19 4.00 3.94 4.08 4.31 4.50 4.61 4.71 4.81 4.89 4.87 4.74 4.55 4.41 4.40 4.44 4.50 4.59 4.70 4.84 4.93 4.88 4.79 4.89 5.22 5.59 5.67 5.48 5.14 4.92 4.86 4.87 4.89 4.86 4.75
4.36 4.12 3.80 3.63 3.56 3.59 3.67 3.71 3.77 3.94 4.08 4.13 4.16 4.22 4.27 4.26 4.28 4.38 4.51 4.52 4.44 4.41 4.49 4.57 4.56 4.47 4.40 4.28 4.10 4.03 4.10 4.20 4.28 4.33 4.37 4.41 4.49 4.60 4.71 4.73 4.61 4.46 4.40 4.41 4.40 4.35 4.33 4.31 4.19 3.96 3.83 3.94 4.19 4.42 4.55 4.65 4.74 4.83 4.89 4.88 4.84 4.79 4.73 4.67 4.60 4.57 4.61 4.69 4.75 4.72 4.67 4.78 5.11 5.46 5.58 5.36 4.98 4.71 4.60 4.62 4.67 4.67 4.57 4.51
4.36 4.24 4.08 4.01 3.99 4.00 3.93 3.85 3.84 3.92 3.96 4.00 4.09 4.21 4.30 4.40 4.53 4.63 4.56 4.36 4.18 4.13 4.26 4.43 4.44 4.25 3.99 3.79 3.68 3.71 3.85 4.04 4.23 4.36 4.44 4.53 4.66 4.80 4.87 4.81 4.64 4.45 4.30 4.18 4.13 4.17 4.25 4.22 4.04 3.83 3.83 4.03 4.29 4.46 4.55 4.61 4.67 4.74 4.78 4.78 4.78 4.81 4.79 4.70 4.60 4.54 4.53 4.54 4.51 4.49 4.61 4.95 5.32 5.41 5.22 4.86 4.57 4.42 4.36 4.33 4.32 4.32 4.21 4.10
4.45 4.39 4.26 4.13 4.05 4.10 4.21 4.28 4.28 4.15 3.98 3.94 4.06 4.22 4.37 4.53 4.64 4.61 4.45 4.31 4.29 4.35 4.45 4.53 4.42 4.12 3.80 3.63 3.64 3.74 3.89 4.05 4.23 4.38 4.54 4.69 4.80 4.83 4.79 4.69 4.56 4.42 4.25 4.07 3.99 4.08 4.18 4.14 3.98 3.89 3.96 4.14 4.32 4.44 4.49 4.52 4.54 4.55 4.57 4.60 4.64 4.67 4.64 4.54 4.44 4.38 4.37 4.39 4.42 4.52 4.77 5.07 5.13 4.93 4.68 4.51 4.41 4.35 4.31 4.25 4.19 4.16 4.09 3.96
4.40 4.34 4.24 4.24 4.31 4.43 4.53 4.51 4.32 4.03 3.84 3.89 4.07 4.24 4.37 4.49 4.55 4.56 4.63 4.82 5.01 5.04 4.96 4.81 4.53 4.20 3.98 3.94 4.01 4.10 4.16 4.19 4.26 4.39 4.52 4.61 4.63 4.63 4.61 4.56 4.50 4.42 4.30 4.18 4.11 4.12 4.13 4.09 4.02 4.00 4.10 4.26 4.37 4.42 4.42 4.42 4.40 4.36 4.36 4.44 4.53 4.55 4.48 4.34 4.16 4.10 4.18 4.29 4.40 4.56 4.74 4.78 4.57 4.37 4.33 4.35 4.36 4.37 4.34 4.25 4.17 4.12 4.03 3.91
