project/data/elevation/US_DEM2016/US_DEM2016_point_10-29-2019_0101_30m_ang.asc
ncols	125
nrows	167
xllcorner	-2042055.000000
yllcorner	1465035.000000
cellsize	30.000000
NODATA_value	-9999.000000
[rows 84 to 125 of 167, columns 0 to 93 of 125]
172 173 176 180 180 177 175 173 171 169 168 166 167 169 172 175 178 180 182 185 188 192 195 195 195 195 193 189 184 179 176 171 167 163 163 172 185 187 182 179 180 183 185 186 187 188 186 182 178 175 172 170 168 167 166 170 177 181 181 181 181 179 176 172 169 168 172 177 179 181 183 183 180 174 170 173 179 183 186 187 185 180 180 188 193 193 191 188 183 179 178 177 176 178
171 173 178 180 178 175 173 171 170 169 167 166 167 170 173 177 181 184 187 189 193 196 194 192 190 189 188 185 183 181 180 178 174 168 164 169 178 181 179 179 182 184 184 184 186 186 184 181 179 177 176 174 172 169 167 169 176 178 178 179 178 178 177 174 170 167 169 174 178 182 185 187 185 178 170 167 170 176 181 184 185 185 180 183 189 192 191 190 187 183 180 177 178 184
170 173 178 178 176 174 172 170 169 169 167 167 169 171 175 180 186 191 193 194 194 192 189 187 186 185 183 183 181 181 182 183 180 175 169 167 171 176 179 182 184 184 183 183 185 184 181 180 180 181 181 179 176 173 169 168 155 176 172 177 178 178 177 175 172 167 167 173 179 182 186 188 187 183 177 173 171 172 174 189 180 181 181 180 183 187 190 191 190 186 182 180 182 190
169 172 177 176 173 173 172 170 168 168 167 169 171 173 178 186 195 199 196 193 190 187 184 183 182 181 181 182 181 180 181 184 184 180 174 167 172 174 182 186 185 184 184 184 184 181 179 179 181 182 183 182 181 178 173 169 172 176 177 178 179 179 177 175 173 169 168 173 179 182 185 186 186 185 183 181 179 177 175 172 174 177 178 175 174 179 187 190 189 187 184 183 186 193
167 171 176 175 173 173 172 169 167 166 167 170 174 177 184 187 197 195 192 190 187 184 180 179 178 179 181 182 182 179 178 180 184 184 179 172 170 177 185 188 188 187 186 185 183 180 178 178 179 180 182 182 182 180 175 171 172 177 179 179 179 178 177 176 174 171 169 173 179 181 182 182 183 185 186 186 185 183 180 178 177 177 175 172 171 174 181 183 184 184 184 185 190 194
165 169 175 176 174 173 171 168 166 166 169 173 178 183 189 193 191 189 189 188 187 183 178 176 177 179 181 181 180 179 176 177 181 185 183 178 176 182 188 189 189 188 186 186 184 181 179 178 177 176 177 178 177 175 171 168 171 177 179 178 177 177 177 177 175 172 169 172 177 180 181 180 180 182 185 188 188 186 184 184 183 180 177 176 176 176 176 176 177 179 181 186 192 193
165 169 175 176 174 172 169 167 167 168 172 177 183 190 176 191 187 185 186 186 185 182 179 178 179 181 180 179 177 177 176 175 178 184 185 181 181 186 189 189 188 187 187 186 185 184 182 180 177 175 173 172 170 168 166 165 168 175 178 177 176 178 179 178 175 172 169 170 175 179 180 180 178 178 181 187 188 188 187 188 187 184 182 182 182 181 179 177 175 175 179 185 189 188
165 168 174 175 173 170 168 167 168 172 177 184 191 197 198 193 185 181 181 182 181 180 180 182 184 183 180 177 174 173 173 173 174 178 182 183 185 189 190 188 187 186 186 185 185 184 183 181 178 176 173 169 167 168 168 167 169 174 177 177 177 179 180 179 176 172 167 167 172 178 181 181 179 174 175 182 186 187 187 189 189 187 185 186 186 185 184 183 180 176 177 183 184 182
165 168 173 173 170 168 168 169 173 178 184 192 199 202 199 193 184 178 177 176 176 177 181 184 185 184 182 178 174 172 170 169 167 170 176 182 188 192 191 187 186 185 184 183 182 183 183 182 179 178 175 172 170 170 171 170 170 174 178 179 180 181 182 180 177 172 167 165 171 178 182 183 181 176 171 175 182 184 184 186 189 189 187 186 187 188 188 188 185 180 178 180 181 180
166 168 171 171 168 167 169 174 179 184 191 199 201 199 196 191 186 180 177 174 174 176 179 182 184 184 181 178 176 174 172 170 169 168 172 181 190 193 189 186 184 183 181 179 180 182 184 183 180 178 177 177 176 174 172 170 170 175 181 183 184 184 183 180 177 173 168 166 171 178 183 184 184 180 173 171 176 181 181 183 186 189 188 184 185 188 190 190 187 182 178 179 181 182
165 167 170 170 168 168 173 180 185 190 197 200 197 194 191 188 185 181 178 176 175 177 180 183 184 182 178 176 176 176 176 174 173 172 173 180 189 191 187 184 182 180 178 178 179 182 184 183 181 179 179 180 180 178 174 172 172 177 184 187 187 185 183 179 176 173 170 168 172 179 182 184 186 185 180 173 171 175 178 178 181 186 186 182 183 186 187 187 185 182 179 179 183 185
165 166 168 170 171 173 177 186 191 193 195 194 191 188 185 183 181 179 176 176 176 179 182 186 186 181 175 173 175 178 178 176 174 173 173 179 186 187 184 181 180 178 177 178 180 182 182 182 181 181 181 181 181 180 179 176 175 179 185 188 187 185 182 179 177 174 171 169 171 177 180 185 189 192 189 181 174 175 177 173 173 179 183 181 179 179 181 182 182 180 178 180 184 184
166 166 168 173 178 180 183 189 192 190 188 186 185 183 180 178 177 175 175 176 178 182 187 188 185 181 176 173 175 177 178 175 172 170 170 175 182 184 181 179 178 178 179 180 181 181 181 180 180 181 183 183 183 182 182 181 179 182 186 188 186 183 180 178 177 177 174 170 170 173 178 185 194 198 195 187 180 179 177 171 168 172 176 175 170 170 174 178 180 178 179 181 184 184
165 166 170 176 183 186 187 189 189 187 183 181 180 179 176 175 174 174 175 179 183 188 189 187 183 180 178 176 177 177 177 175 172 169 168 171 179 181 179 178 178 180 182 182 182 182 181 179 179 180 181 182 183 183 183 182 182 185 188 188 185 181 178 177 177 178 176 172 169 170 176 185 195 199 197 190 184 181 176 170 168 170 171 167 165 167 171 175 178 177 177 180 183 183
165 166 171 176 185 187 187 186 185 184 182 179 176 174 173 173 174 176 179 185 191 192 189 184 180 177 176 177 178 178 179 178 176 172 169 170 176 179 179 178 181 184 184 184 184 183 180 179 179 180 179 178 178 180 180 179 182 188 190 187 183 180 178 177 178 178 177 173 168 168 173 183 191 195 194 191 187 182 176 172 171 172 170 167 166 169 172 175 177 177 177 179 182 181
167 167 170 177 183 185 184 182 182 182 181 178 174 172 171 173 176 180 185 190 193 191 186 182 177 173 173 175 178 180 181 182 181 177 171 171 175 178 179 181 185 186 185 184 184 182 180 180 181 182 180 177 174 173 172 174 180 188 189 186 183 181 179 179 179 179 177 174 168 165 170 179 184 189 191 192 189 184 178 175 175 175 173 171 172 174 174 175 177 176 176 178 181 180
170 169 169 174 178 180 179 178 178 179 179 177 173 171 172 175 180 186 191 193 190 187 183 180 175 172 172 174 177 180 183 184 183 180 175 171 174 179 182 185 186 184 183 183 183 181 180 180 182 183 182 180 176 171 169 172 179 185 187 185 183 181 181 180 180 180 178 174 169 166 169 175 180 184 189 190 188 184 181 180 180 178 177 177 178 177 174 174 176 176 177 179 182 182
173 171 169 170 174 175 175 175 176 178 178 176 173 173 174 179 187 194 196 192 186 183 181 178 174 172 172 173 175 179 182 183 183 181 177 173 175 181 185 184 183 182 182 183 183 181 180 180 181 182 183 184 181 176 172 172 177 182 184 183 182 181 181 181 181 181 179 175 171 168 169 173 177 181 186 187 186 184 185 185 184 182 181 183 182 177 172 172 174 176 177 181 185 185
175 173 168 168 166 172 173 174 175 177 176 174 174 175 178 185 193 196 192 187 183 181 180 178 176 174 172 173 175 177 177 179 180 179 177 173 175 180 182 181 180 181 182 182 183 182 181 180 180 182 184 185 184 182 176 172 174 180 182 181 181 180 180 181 182 182 180 177 173 169 168 171 176 179 183 186 185 184 186 187 187 186 185 185 182 176 172 171 173 175 179 184 187 185
177 174 170 168 170 168 172 174 175 175 174 174 176 179 183 188 191 189 186 184 182 181 180 179 179 178 177 177 177 175 173 172 172 173 171 168 170 177 179 179 180 181 182 182 183 183 182 182 181 182 182 183 185 184 180 173 172 177 179 178 178 178 179 181 183 183 182 180 175 170 166 168 173 178 183 185 186 184 183 185 186 187 187 185 183 180 176 174 173 176 180 185 187 184
174 173 172 172 172 174 176 176 175 173 173 177 183 188 189 185 180 180 180 181 180 180 181 180 179 181 183 182 180 176 173 171 169 169 167 164 166 173 178 180 181 182 182 182 182 183 184 184 184 183 181 182 184 184 180 172 170 174 177 175 175 176 179 181 183 184 184 182 178 172 166 166 170 176 181 185 187 187 183 181 182 185 186 186 185 184 182 178 176 177 182 186 186 182
169 171 174 174 174 176 178 178 175 175 178 185 194 196 191 179 169 169 173 176 177 179 180 179 178 181 184 184 181 178 176 174 172 171 169 166 165 170 178 182 183 183 181 180 181 183 185 187 186 185 184 185 185 181 174 167 165 170 173 172 172 175 179 181 183 184 185 185 181 175 168 165 168 173 178 184 189 190 186 181 180 182 183 184 185 185 184 182 179 179 183 186 184 181
166 169 174 175 176 179 179 180 179 183 188 192 195 192 186 178 172 168 169 171 174 176 177 176 176 180 183 183 182 180 179 178 177 175 173 170 167 170 178 183 185 183 180 179 180 182 185 188 188 188 190 191 185 175 167 163 161 165 169 170 171 174 179 180 181 182 184 186 185 179 172 167 167 171 177 184 190 191 188 185 183 182 180 178 178 181 182 182 179 180 183 183 181 179
167 169 172 175 179 183 185 185 185 188 190 190 188 184 180 177 177 177 176 175 175 174 173 173 175 179 181 180 181 182 182 182 181 179 178 175 170 171 179 184 184 181 180 179 180 182 184 187 190 193 194 191 182 172 167 164 161 160 165 169 171 174 177 179 180 181 183 186 186 183 177 171 169 172 178 184 189 191 190 188 185 182 179 176 174 175 178 179 179 180 182 181 179 177
171 170 171 175 181 185 187 187 187 186 185 183 180 178 175 175 178 181 181 179 178 175 173 173 176 180 181 180 179 181 183 183 183 182 180 178 174 175 181 184 181 179 180 181 181 180 182 185 190 193 193 188 181 174 170 167 162 158 160 167 172 173 175 178 179 180 183 185 186 184 180 175 172 174 180 184 187 190 191 188 184 181 179 178 176 174 175 177 177 178 180 180 179 178
173 171 171 175 182 185 185 185 184 182 179 176 175 174 174 175 178 180 180 179 178 177 175 175 178 181 183 181 180 181 182 182 182 181 179 178 177 179 183 182 180 180 182 183 181 178 178 182 188 191 190 187 183 179 175 170 165 160 160 165 171 173 175 178 179 181 183 185 184 183 182 178 175 176 181 184 186 190 191 189 184 180 179 180 179 176 175 175 175 176 178 180 180 180
172 172 172 175 181 183 183 181 179 177 174 172 172 172 173 175 177 178 179 179 178 177 177 177 180 183 183 182 182 183 182 181 181 179 177 176 176 180 184 185 184 184 184 183 179 176 175 179 185 188 188 187 185 182 179 174 170 165 162 164 170 174 176 177 180 183 185 184 182 181 181 180 177 177 182 184 186 189 191 189 184 180 178 180 180 178 176 174 174 175 177 180 181 181
170 171 172 175 180 182 181 177 173 172 171 171 172 173 175 177 178 178 179 178 177 176 176 179 183 185 184 182 183 183 182 181 180 179 178 176 176 180 185 188 186 185 183 180 177 174 174 176 182 186 187 186 185 184 182 179 176 172 168 166 170 174 176 177 181 184 185 183 179 179 181 181 179 179 182 184 186 189 191 189 184 179 178 179 180 179 177 175 175 174 176 179 181 182
169 170 172 174 178 180 177 173 170 169 170 172 173 175 177 179 180 180 179 178 176 174 173 178 185 186 185 183 182 182 181 181 180 180 180 179 177 180 185 188 186 184 182 178 175 174 174 176 181 185 186 185 184 184 183 182 181 178 173 169 170 174 177 179 182 185 184 181 178 178 180 181 179 180 183 185 186 188 191 189 185 180 178 179 179 180 180 177 175 175 176 180 183 183
170 170 170 171 175 177 174 170 169 170 171 173 175 177 180 182 182 180 179 178 176 172 171 176 183 185 185 185 184 182 182 181 179 179 179 180 179 181 184 186 184 183 180 176 173 173 175 178 182 185 186 185 184 183 183 183 183 181 177 173 172 176 179 181 183 184 183 180 178 179 180 179 179 180 184 186 187 189 190 189 185 181 178 178 179 181 181 178 176 175 177 181 184 184
172 171 168 169 172 174 172 169 169 171 174 176 178 180 183 183 180 178 177 177 174 172 171 174 179 182 185 187 186 184 184 183 180 176 177 178 178 180 184 184 183 182 179 176 173 172 175 178 182 186 187 186 185 184 182 182 182 180 177 174 174 178 181 182 183 183 182 180 179 179 179 179 178 180 184 187 188 190 190 189 186 182 178 177 178 178 178 177 176 176 178 182 184 184
174 172 169 168 169 171 172 171 173 176 179 181 183 183 182 178 175 174 175 175 175 175 173 171 173 178 184 187 187 185 185 185 184 179 176 174 174 177 182 182 181 180 179 177 175 173 173 177 182 185 186 186 186 186 184 182 179 176 173 171 174 178 181 182 182 182 181 181 180 180 179 179 178 180 184 188 189 190 190 190 188 184 179 178 175 172 173 175 176 176 179 182 183 183
173 172 170 168 168 170 173 175 178 181 184 185 184 181 177 173 172 172 174 175 178 181 178 169 167 173 182 187 187 184 183 186 187 185 180 174 171 174 179 180 180 179 179 179 179 176 173 175 180 182 183 185 187 187 186 184 180 175 170 168 171 176 179 180 181 182 182 183 182 180 179 178 178 180 185 188 189 189 190 191 189 184 180 178 173 169 170 172 174 176 179 181 182 183
171 172 171 169 168 170 175 179 181 182 183 183 181 177 173 170 170 172 174 176 181 184 183 175 167 169 178 185 186 184 181 183 187 187 183 178 174 174 178 180 180 179 178 179 181 181 176 173 175 178 180 183 187 188 188 185 182 178 174 169 169 174 178 179 180 181 184 186 184 181 178 177 177 180 185 188 188 188 189 190 188 184 180 178 174 171 171 172 173 176 179 181 182 183
171 171 171 170 169 171 177 180 181 181 180 178 176 173 171 170 171 173 175 178 182 184 185 181 173 170 176 184 187 185 180 178 181 185 185 181 177 176 179 181 180 178 177 178 181 184 182 175 171 174 178 181 185 188 188 185 182 181 179 175 172 174 178 179 179 182 186 187 185 181 178 176 175 178 184 187 187 187 188 187 186 183 181 179 177 176 175 173 173 175 179 180 181 182
171 171 171 170 170 173 178 181 180 178 175 173 172 171 171 172 174 174 176 180 182 184 185 182 177 173 177 183 186 187 183 176 175 180 184 183 179 178 180 182 180 178 175 176 181 187 187 179 171 171 176 180 183 187 187 185 182 181 181 180 176 176 180 182 182 185 187 186 183 181 179 177 175 177 183 186 186 186 186 186 185 183 181 180 180 180 178 175 173 174 177 180 181 181
173 172 171 170 170 174 179 181 179 175 172 171 171 171 172 173 175 176 178 182 184 185 184 181 177 174 175 181 185 187 185 180 174 175 179 181 180 179 181 181 180 177 174 175 181 188 189 184 174 170 173 178 180 183 185 185 183 182 181 180 179 179 183 185 186 186 184 182 181 180 179 178 177 178 182 185 185 185 185 186 185 183 182 181 181 181 179 177 175 174 176 178 180 181
175 173 170 170 171 174 179 180 178 173 170 170 171 173 173 175 176 178 181 184 185 184 182 180 177 174 173 178 183 186 186 184 178 175 176 178 178 178 180 180 179 177 174 176 183 189 190 186 178 170 171 174 177 180 184 186 186 183 181 180 180 181 185 187 186 184 182 181 181 180 179 179 178 179 183 186 186 184 184 185 186 184 182 182 182 180 178 177 176 175 175 177 179 180
176 173 171 171 171 173 177 178 176 172 170 170 171 173 175 178 179 180 182 183 182 182 182 182 179 174 172 174 180 185 187 186 182 179 177 176 175 176 179 179 177 175 175 180 186 190 190 188 181 172 168 169 173 177 183 187 187 185 182 180 180 182 186 186 184 182 181 182 182 181 180 179 178 180 184 186 185 183 183 186 187 186 183 182 182 180 178 177 177 176 175 175 178 179
176 174 171 170 170 171 174 175 174 173 171 171 170 172 176 181 181 180 180 180 181 183 183 182 180 176 172 172 177 184 187 187 184 181 178 176 174 175 176 178 176 175 179 186 190 190 190 188 183 175 168 165 167 173 180 186 188 185 183 181 179 182 186 186 183 181 181 181 181 181 182 180 179 181 185 186 184 183 185 188 189 187 183 180 180 180 179 178 177 176 175 174 176 178
178 176 171 169 169 170 171 171 172 173 174 172 169 171 178 182 180 178 178 181 183 185 184 181 179 178 174 171 174 182 187 188 186 181 177 176 175 175 177 177 176 179 186 191 192 190 189 187 184 178 171 166 165 167 175 183 186 185 183 181 179 182 186 186 182 180 180 180 181 181 182 182 181 183 186 186 185 185 187 189 189 187 184 180 178 178 178 177 176 175 174 174 175 178
178 176 173 170 169 169 169 169 171 174 171 174 170 173 178 179 179 178 180 184 185 184 181 179 178 179 177 174 174 180 186 188 187 182 177 175 175 174 175 178 180 184 189 190 190 189 188 186 184 179 175 171 168 167 172 179 183 184 182 179 179 181 184 183 181 179 180 181 181 181 182 183 183 185 187 188 186 186 187 189 190 189 186 179 176 176 177 175 174 173 173 173 175 178
