project/data/elevation/US_DEM2016/US_DEM2016_point_11-01-2019_2028_30m_vel.asc
ncols	125
nrows	167
xllcorner	-2042055.000000
yllcorner	1465035.000000
cellsize	30.000000
NODATA_value	-9999.000000
[rows 0 to 37 of 167, columns 0 to 83 of 125]
3.99 3.58 3.21 3.56 4.30 5.27 6.23 6.95 7.26 7.44 7.70 8.13 8.31 7.93 7.58 7.57 7.59 7.42 6.95 6.55 6.34 6.43 6.73 7.06 7.28 7.23 6.92 6.09 5.02 4.00 3.18 2.62 2.27 2.01 1.78 1.71 1.93 2.42 2.97 3.33 3.52 3.66 3.78 3.85 3.74 3.48 3.22 3.26 3.64 4.27 4.92 5.55 6.08 6.57 6.76 6.82 6.66 6.05 5.44 5.01 4.73 4.63 4.75 5.17 5.49 5.60 5.50 5.12 4.47 4.04 3.94 4.04 4.22 4.41 4.57 4.68 4.80 5.10 5.55 5.90 6.14 6.16 5.78 5.62
3.99 3.58 3.21 3.56 4.30 5.27 6.23 6.95 7.26 7.44 7.70 8.13 8.31 7.93 7.58 7.57 7.59 7.42 6.95 6.55 6.34 6.43 6.73 7.06 7.28 7.23 6.92 6.09 5.02 4.00 3.18 2.62 2.27 2.01 1.78 1.71 1.93 2.42 2.97 3.33 3.52 3.66 3.78 3.85 3.74 3.48 3.22 3.26 3.64 4.27 4.92 5.55 6.08 6.57 6.76 6.82 6.66 6.05 5.44 5.01 4.73 4.63 4.75 5.17 5.49 5.60 5.50 5.12 4.47 4.04 3.94 4.04 4.22 4.41 4.57 4.68 4.80 5.10 5.55 5.90 6.14 6.16 5.78 5.62
3.94 3.59 3.36 3.67 4.20 4.98 5.77 6.36 6.69 6.85 7.08 7.45 7.58 7.40 7.13 7.10 7.15 7.10 6.78 6.36 6.21 6.31 6.52 6.69 6.75 6.61 6.11 5.31 4.47 3.70 3.11 2.67 2.36 2.14 1.97 1.91 2.07 2.38 2.73 3.02 3.19 3.34 3.49 3.68 3.84 3.89 3.86 3.87 4.14 4.57 5.04 5.44 5.78 6.06 6.19 6.23 6.20 5.99 5.58 5.08 4.67 4.45 4.54 4.78 4.97 5.06 5.09 5.04 4.88 4.61 4.43 4.38 4.35 4.33 4.32 4.36 4.50 4.81 5.15 5.36 5.44 5.53 5.56 5.65
4.22 3.90 3.78 4.00 4.29 4.67 5.09 5.34 5.40 5.48 5.76 6.01 6.10 6.02 5.97 5.97 6.05 6.21 6.18 6.02 6.04 6.13 6.10 5.89 5.65 5.33 4.85 4.35 3.88 3.49 3.20 2.94 2.78 2.73 2.67 2.59 2.55 2.56 2.59 2.72 3.03 3.34 3.60 3.89 4.23 4.52 4.72 4.79 4.88 5.03 5.17 5.19 5.17 5.10 5.04 4.89 4.88 5.08 5.20 5.13 4.90 4.65 4.44 4.27 4.06 3.98 4.12 4.46 4.78 4.92 4.89 4.70 4.42 4.13 3.93 3.89 4.03 4.26 4.36 4.26 4.28 4.67 5.20 5.59
4.51 4.26 4.18 4.29 4.43 4.59 4.69 4.71 4.57 4.50 4.58 4.76 4.90 4.90 4.91 4.93 5.02 5.22 5.54 5.82 6.03 5.95 5.64 5.14 4.65 4.33 4.18 4.05 3.89 3.76 3.66 3.60 3.63 3.65 3.59 3.42 3.25 3.12 3.00 3.05 3.39 3.78 4.15 4.49 4.68 4.82 4.96 5.13 5.26 5.30 5.25 5.07 4.79 4.47 4.16 3.68 3.42 3.53 3.95 4.47 4.75 4.75 4.51 4.03 3.59 3.29 3.21 3.36 3.66 3.92 4.03 3.98 3.83 3.66 3.57 3.60 3.69 3.78 3.77 3.67 3.79 4.31 4.91 5.17
4.54 4.39 4.40 4.51 4.52 4.53 4.49 4.28 4.11 3.99 3.87 3.93 4.17 4.36 4.55 4.69 4.81 4.91 5.22 5.60 5.77 5.51 5.02 4.41 3.95 3.85 3.94 4.04 4.11 4.17 4.26 4.36 4.41 4.31 4.14 3.96 3.81 3.69 3.57 3.50 3.57 3.73 4.05 4.47 4.70 4.79 4.89 5.09 5.23 5.27 5.20 5.03 4.79 4.30 3.72 3.25 3.10 3.16 3.34 3.57 3.85 4.04 3.97 3.62 3.26 2.99 2.84 2.77 2.74 2.76 2.82 2.87 2.92 3.00 3.13 3.27 3.38 3.45 3.52 3.57 3.73 4.09 4.45 4.42
4.60 4.59 4.66 4.77 4.69 4.49 4.23 3.89 3.69 3.64 3.52 3.47 3.69 4.13 4.55 4.73 4.92 5.01 5.00 5.02 5.02 4.79 4.36 3.93 3.75 3.79 3.90 4.02 4.16 4.37 4.61 4.78 4.74 4.63 4.50 4.43 4.39 4.30 4.10 3.85 3.66 3.63 3.74 3.98 4.19 4.21 4.27 4.45 4.71 4.89 4.99 4.98 4.82 4.63 4.34 4.06 4.05 4.02 3.86 3.60 3.34 3.20 3.14 3.06 2.95 2.85 2.77 2.72 2.65 2.57 2.51 2.52 2.62 2.76 2.92 3.03 3.10 3.21 3.40 3.57 3.72 3.92 4.00 3.74
4.68 4.82 5.08 5.08 4.90 4.43 3.95 3.57 3.47 3.55 3.49 3.31 3.48 4.00 4.43 4.50 4.64 4.74 4.55 4.30 4.19 4.05 3.86 3.77 3.77 3.84 3.95 4.03 4.14 4.37 4.66 4.87 4.96 5.06 5.21 5.41 5.45 5.30 4.99 4.60 4.16 3.82 3.67 3.58 3.47 3.45 3.49 3.71 4.17 4.66 4.88 4.92 4.92 5.07 5.19 5.19 5.00 4.71 4.29 3.78 3.26 2.89 2.79 2.81 2.83 2.81 2.80 2.84 2.86 2.79 2.69 2.67 2.73 2.83 2.94 3.02 3.07 3.21 3.44 3.57 3.63 3.72 3.64 3.33
4.90 5.11 5.46 5.38 5.05 4.55 3.99 3.69 3.71 3.75 3.65 3.53 3.66 3.99 4.15 4.04 3.99 4.08 3.99 3.81 3.74 3.60 3.43 3.47 3.59 3.76 4.01 4.25 4.39 4.50 4.75 5.08 5.44 5.92 6.42 6.71 6.72 6.50 6.18 5.75 5.20 4.60 4.09 3.72 3.48 3.41 3.62 3.99 4.52 4.89 4.88 4.63 4.48 4.59 4.78 4.84 4.64 4.25 3.78 3.38 3.08 2.92 2.88 2.93 2.98 3.01 3.08 3.14 3.08 2.94 2.84 2.82 2.89 3.04 3.24 3.42 3.58 3.79 3.90 3.82 3.70 3.62 3.49 3.59
5.03 5.31 5.61 5.51 5.19 4.82 4.39 4.28 4.42 4.45 4.23 4.04 4.04 4.06 3.91 3.61 3.41 3.52 3.69 3.74 3.71 3.45 3.18 3.21 3.43 3.68 3.99 4.32 4.60 4.83 5.17 5.58 6.09 6.59 6.91 6.97 6.89 6.78 6.68 6.53 6.22 5.73 5.15 4.60 4.16 4.10 4.26 4.63 5.03 5.08 4.74 4.04 3.54 3.17 3.19 3.36 3.40 3.23 3.05 2.93 2.90 2.93 2.97 3.09 3.34 3.56 3.72 3.71 3.40 3.06 2.97 3.10 3.37 3.73 4.05 4.30 4.59 4.84 4.85 4.63 4.33 4.12 3.99 3.89
5.19 5.23 5.46 5.54 5.41 5.30 5.24 5.42 5.57 5.47 5.16 4.82 4.49 4.15 3.77 3.33 3.12 3.39 3.79 4.03 3.98 3.67 3.40 3.39 3.57 3.80 4.00 4.27 4.75 5.31 5.76 6.12 6.35 6.36 6.09 5.74 5.68 5.95 6.25 6.46 6.51 6.33 5.94 5.40 4.91 4.63 4.59 4.88 5.13 4.98 4.36 3.61 3.02 2.60 2.38 2.31 2.41 2.57 2.70 2.81 2.88 2.97 3.12 3.35 3.75 4.19 4.38 4.23 3.82 3.38 3.36 3.71 4.21 4.64 4.99 5.27 5.51 5.57 5.43 5.17 4.96 4.80 4.65 4.44
5.11 4.88 5.01 5.49 5.84 6.09 6.35 6.58 6.66 6.41 6.03 5.63 5.13 4.48 3.86 3.48 3.33 3.61 4.05 4.29 4.22 3.97 3.77 3.74 3.86 4.08 4.32 4.67 5.19 5.68 5.90 5.93 5.70 5.20 4.57 4.21 4.36 4.78 5.16 5.49 5.80 6.02 6.06 5.86 5.46 5.03 4.87 5.01 4.97 4.58 3.84 3.37 3.05 2.67 2.31 2.07 2.11 2.39 2.70 2.90 3.06 3.30 3.60 3.91 4.26 4.56 4.65 4.54 4.29 4.07 4.04 4.39 4.83 5.23 5.49 5.61 5.51 5.17 4.65 4.30 4.17 4.15 4.12 4.06
4.74 4.47 4.46 5.13 5.83 6.36 6.68 6.80 6.79 6.61 6.36 6.07 5.68 5.03 4.41 4.05 3.89 3.91 4.05 4.13 4.06 3.92 3.82 3.84 4.01 4.27 4.60 4.94 5.15 5.18 5.03 4.66 4.09 3.46 3.15 3.29 3.62 3.79 3.83 4.08 4.50 4.96 5.43 5.71 5.67 5.38 5.14 5.07 4.68 3.92 3.23 2.92 2.62 2.35 2.17 2.15 2.29 2.58 2.91 3.22 3.52 3.86 4.19 4.44 4.59 4.65 4.66 4.73 4.79 4.76 4.77 5.00 5.35 5.54 5.43 5.04 4.41 3.63 3.00 2.70 2.66 2.80 2.99 3.17
4.73 4.60 4.53 4.70 5.08 5.52 5.77 5.79 5.69 5.67 5.72 5.73 5.67 5.44 5.09 4.70 4.38 4.10 3.88 3.67 3.51 3.48 3.55 3.66 3.83 3.99 4.14 4.16 3.95 3.63 3.26 2.78 2.33 2.08 2.21 2.60 2.78 2.70 2.70 2.92 3.24 3.65 4.14 4.63 5.04 5.20 5.19 5.01 4.52 3.68 2.95 2.38 2.05 2.02 2.17 2.42 2.67 2.91 3.24 3.68 4.08 4.40 4.61 4.75 4.84 4.88 4.94 5.08 5.21 5.24 5.31 5.54 5.63 5.33 4.64 3.75 2.94 2.48 2.33 2.38 2.57 2.79 2.98 3.05
4.97 5.03 4.79 4.45 4.14 4.05 4.01 3.86 3.72 3.86 4.18 4.53 4.79 5.01 5.08 4.96 4.65 4.21 3.76 3.29 2.98 3.05 3.25 3.36 3.33 3.23 3.07 2.82 2.51 2.25 2.03 1.91 1.92 2.04 2.17 2.21 2.16 2.18 2.31 2.44 2.56 2.72 2.97 3.37 4.00 4.79 5.09 5.02 4.56 3.89 3.08 2.45 2.23 2.40 2.75 3.02 3.13 3.26 3.57 4.07 4.61 4.95 5.16 5.29 5.41 5.56 5.63 5.64 5.65 5.66 5.73 5.76 5.37 4.44 3.46 2.86 2.65 2.62 2.75 3.06 3.41 3.67 3.73 3.72
4.98 4.91 4.56 4.05 3.31 2.74 2.36 2.14 2.16 2.33 2.63 2.92 3.28 3.74 4.26 4.58 4.58 4.25 3.75 3.21 2.94 3.03 3.19 3.15 2.94 2.67 2.43 2.30 2.24 2.16 2.13 2.26 2.53 2.75 2.78 2.71 2.65 2.70 2.82 2.90 2.92 2.97 3.15 3.57 4.22 4.97 5.22 5.05 4.54 3.86 3.31 3.03 3.02 3.30 3.59 3.70 3.63 3.67 4.02 4.65 5.25 5.73 6.02 6.15 6.26 6.42 6.48 6.44 6.40 6.34 6.18 5.70 4.73 3.76 3.31 3.28 3.39 3.39 3.47 3.75 4.14 4.39 4.44 4.61
4.65 4.30 3.81 3.40 2.67 2.10 1.85 1.84 1.99 2.27 2.53 2.69 2.88 3.26 3.70 4.02 4.20 4.16 3.87 3.55 3.39 3.37 3.30 3.15 2.97 2.79 2.72 2.79 2.88 2.89 2.83 2.82 3.00 3.33 3.57 3.69 3.72 3.68 3.67 3.76 3.93 4.19 4.48 4.93 5.40 5.60 5.39 5.01 4.54 4.07 3.73 3.66 3.80 4.08 4.30 4.35 4.26 4.40 4.90 5.58 6.22 6.67 6.90 6.98 6.96 6.96 6.99 7.05 7.09 6.92 6.48 5.73 4.67 4.21 4.31 4.52 4.51 4.34 4.29 4.51 4.81 5.04 5.26 5.56
4.51 4.14 3.54 3.00 2.61 2.43 2.56 2.84 3.19 3.59 3.86 3.98 4.08 4.11 4.04 3.86 3.86 4.00 4.02 3.96 3.84 3.63 3.40 3.25 3.21 3.23 3.31 3.41 3.53 3.63 3.63 3.49 3.50 3.77 4.14 4.45 4.60 4.60 4.54 4.65 5.02 5.39 5.72 5.96 5.96 5.57 5.02 4.65 4.48 4.35 4.18 4.15 4.34 4.66 4.86 4.89 4.97 5.25 5.88 6.54 6.99 7.13 7.11 7.06 6.97 6.86 6.81 6.83 6.96 6.94 6.72 6.44 5.94 5.81 6.08 6.27 6.20 5.95 5.83 5.81 5.83 5.90 6.10 6.24
4.59 4.33 3.73 3.20 3.09 3.48 4.07 4.60 5.08 5.43 5.64 5.71 5.59 5.21 4.65 4.12 3.88 3.95 4.07 4.09 4.00 3.80 3.59 3.51 3.55 3.65 3.74 3.83 3.98 4.20 4.40 4.48 4.51 4.58 4.78 5.11 5.43 5.57 5.63 5.78 6.02 6.22 6.23 5.98 5.38 4.55 3.89 3.80 4.12 4.36 4.56 4.71 4.97 5.22 5.30 5.23 5.40 5.90 6.53 6.90 6.92 6.69 6.39 6.23 6.24 6.29 6.33 6.28 6.26 6.39 6.77 7.15 7.53 7.73 7.90 8.13 8.24 8.19 8.03 7.71 7.35 6.98 6.73 6.41
4.38 4.00 3.46 3.28 3.73 4.58 5.44 6.11 6.53 6.66 6.62 6.45 6.17 5.67 5.14 4.65 4.30 4.14 4.15 4.15 4.10 4.04 3.99 4.00 4.01 4.05 4.13 4.27 4.43 4.67 5.06 5.47 5.80 6.00 6.10 6.24 6.34 6.37 6.49 6.61 6.57 6.31 5.82 5.10 4.22 3.40 3.01 3.17 3.84 4.45 4.96 5.34 5.59 5.63 5.53 5.44 5.74 6.29 6.56 6.51 6.10 5.60 5.20 5.02 5.12 5.39 5.61 5.66 5.56 5.65 6.23 6.99 7.68 8.08 8.36 8.73 8.99 9.05 8.89 8.63 8.20 7.70 7.04 6.31
3.85 3.49 3.24 3.61 4.61 5.70 6.42 6.79 6.89 6.72 6.44 6.15 5.88 5.59 5.35 5.06 4.71 4.41 4.31 4.31 4.34 4.43 4.59 4.71 4.74 4.71 4.81 4.96 5.12 5.36 5.82 6.39 6.86 7.15 7.23 7.07 6.82 6.66 6.62 6.50 6.12 5.45 4.62 3.78 3.18 2.92 2.97 3.43 4.22 4.94 5.60 6.07 6.22 6.06 5.84 5.84 6.12 6.25 6.13 5.62 4.97 4.38 3.93 3.67 3.77 3.92 4.12 4.31 4.45 4.66 5.04 5.65 6.34 6.83 7.19 7.55 7.80 7.88 7.92 7.88 7.80 7.50 7.04 6.33
4.19 4.04 4.19 4.96 5.95 6.60 6.76 6.63 6.34 5.92 5.59 5.38 5.20 5.13 5.11 5.01 4.79 4.56 4.48 4.58 4.81 5.14 5.46 5.66 5.77 5.80 5.87 6.00 6.17 6.44 6.84 7.18 7.31 7.26 7.02 6.65 6.36 6.12 5.85 5.38 4.73 4.01 3.30 2.83 2.78 3.08 3.61 4.35 4.98 5.63 6.14 6.37 6.42 6.40 6.26 6.20 6.15 5.88 5.34 4.53 3.78 3.18 2.62 2.38 2.40 2.36 2.32 2.52 2.94 3.32 3.84 4.21 4.50 4.69 4.87 5.13 5.16 5.31 5.56 5.79 6.31 6.76 6.88 6.70
4.94 5.30 6.00 6.52 6.82 6.82 6.42 5.91 5.40 5.06 4.89 4.74 4.60 4.56 4.58 4.62 4.62 4.59 4.67 4.91 5.32 5.76 6.10 6.36 6.50 6.64 6.78 6.94 7.14 7.35 7.45 7.28 6.84 6.26 5.65 5.25 5.21 5.00 4.49 3.81 3.17 2.78 2.61 2.73 3.13 3.66 4.33 4.99 5.59 6.05 6.18 6.17 6.14 6.22 6.28 6.16 5.82 5.24 4.44 3.62 2.88 2.20 1.77 1.70 1.77 1.75 1.77 1.96 2.31 2.74 3.14 3.44 3.49 3.37 3.22 3.27 3.44 3.81 4.17 4.48 4.99 5.70 6.34 6.58
5.38 5.92 6.65 6.84 6.73 6.35 5.73 5.21 4.73 4.54 4.48 4.34 4.22 4.15 4.14 4.27 4.43 4.60 4.78 4.93 5.14 5.38 5.68 6.06 6.37 6.66 6.95 7.19 7.31 7.28 6.96 6.30 5.39 4.65 4.19 4.05 3.96 3.56 2.97 2.58 2.38 2.40 2.67 3.23 3.77 4.30 4.90 5.43 5.86 5.95 5.73 5.48 5.42 5.55 5.71 5.67 5.34 4.77 4.00 3.29 2.64 2.05 1.79 1.80 1.89 1.96 2.15 2.49 2.77 2.89 2.99 3.10 3.06 2.81 2.56 2.55 2.92 3.41 3.66 3.84 4.21 4.69 5.32 5.80
5.63 5.90 6.25 6.27 6.02 5.52 5.02 4.66 4.39 4.26 4.15 4.00 3.91 3.87 3.92 4.09 4.35 4.57 4.66 4.59 4.49 4.47 4.66 5.08 5.67 6.17 6.54 6.69 6.58 6.18 5.49 4.59 3.70 3.20 3.01 2.94 2.64 2.26 2.09 2.18 2.44 2.84 3.39 3.92 4.46 5.03 5.47 5.80 5.85 5.59 5.22 5.01 4.95 4.98 5.05 5.10 5.01 4.72 4.14 3.48 2.98 2.69 2.68 2.81 2.90 2.97 3.20 3.35 3.23 3.04 2.93 2.93 2.84 2.61 2.39 2.49 2.85 3.07 3.06 3.19 3.48 3.74 4.25 4.94
5.88 5.63 5.46 5.49 5.32 4.98 4.61 4.27 4.10 3.98 3.84 3.73 3.65 3.66 3.85 4.09 4.37 4.54 4.58 4.51 4.45 4.50 4.75 5.17 5.68 6.00 6.01 5.78 5.31 4.67 3.88 3.20 2.63 2.31 2.18 2.10 2.00 1.99 2.17 2.51 3.02 3.62 4.12 4.64 5.21 5.71 5.99 5.99 5.67 5.21 4.83 4.63 4.55 4.58 4.71 4.83 4.92 4.88 4.59 4.11 3.77 3.72 3.86 4.00 4.08 4.17 4.20 3.89 3.42 3.19 3.15 2.96 2.71 2.57 2.52 2.64 2.83 2.78 2.65 2.80 3.01 3.17 3.53 4.27
6.00 5.57 5.05 4.98 4.97 4.92 4.80 4.48 4.22 4.09 3.94 3.85 3.80 3.86 4.03 4.32 4.52 4.71 4.86 4.97 5.17 5.49 5.86 6.13 6.14 5.85 5.30 4.66 4.00 3.40 2.84 2.47 2.31 2.28 2.27 2.27 2.39 2.65 2.90 3.17 3.59 4.08 4.64 5.27 5.84 6.21 6.23 5.94 5.44 4.89 4.41 4.13 4.13 4.31 4.56 4.78 4.90 5.02 5.08 5.03 5.00 5.11 5.29 5.39 5.37 5.24 4.93 4.50 4.16 4.03 3.74 3.27 2.84 2.77 2.81 2.79 2.80 2.78 2.80 2.90 2.97 3.02 3.23 3.71
6.04 5.58 4.95 4.79 4.80 4.94 5.10 5.04 4.84 4.73 4.63 4.50 4.50 4.55 4.61 4.64 4.74 4.93 5.23 5.54 5.89 6.19 6.29 6.13 5.68 5.00 4.24 3.52 2.90 2.52 2.39 2.41 2.56 2.84 3.02 3.11 3.20 3.40 3.66 3.84 4.06 4.43 5.06 5.72 6.21 6.39 6.18 5.72 5.21 4.68 4.16 3.91 4.00 4.26 4.50 4.62 4.72 5.04 5.40 5.73 6.14 6.56 6.91 7.09 6.91 6.54 6.01 5.59 5.43 5.12 4.41 3.65 3.33 3.39 3.32 3.06 2.98 3.11 3.21 3.20 3.15 3.09 3.16 3.33
5.87 5.39 4.78 4.60 4.58 4.80 5.08 5.26 5.23 5.14 5.08 4.96 4.96 5.03 5.06 4.96 4.85 4.93 5.24 5.62 5.85 5.81 5.46 4.85 4.21 3.61 3.06 2.57 2.28 2.26 2.45 2.89 3.28 3.51 3.72 3.89 3.99 4.09 4.30 4.41 4.55 4.88 5.50 6.01 6.30 6.20 5.80 5.35 5.03 4.76 4.45 4.21 4.22 4.35 4.34 4.35 4.61 5.11 5.57 6.12 6.71 7.21 7.56 7.73 7.83 7.66 7.30 6.95 6.51 5.90 5.16 4.52 4.34 4.27 4.00 3.71 3.74 3.90 3.87 3.63 3.36 3.20 3.13 3.10
5.66 5.35 4.86 4.61 4.54 4.60 4.84 5.13 5.24 5.13 4.91 4.69 4.66 4.72 4.81 4.84 4.70 4.75 4.96 5.12 4.99 4.54 3.89 3.24 2.72 2.31 2.01 1.93 2.07 2.41 3.03 3.64 3.99 4.19 4.32 4.48 4.65 4.77 4.80 4.89 5.09 5.44 5.82 6.07 5.99 5.59 5.11 4.89 4.95 5.05 5.02 4.90 4.68 4.61 4.49 4.52 4.84 5.33 5.70 6.21 6.63 7.00 7.18 7.27 7.51 7.69 7.71 7.72 7.45 6.99 6.64 6.34 5.99 5.44 4.87 4.71 4.87 4.95 4.63 4.10 3.55 3.19 2.97 2.93
5.79 5.63 5.21 4.89 4.76 4.66 4.72 4.96 5.17 5.17 4.91 4.61 4.44 4.35 4.35 4.54 4.45 4.57 4.63 4.35 3.73 3.00 2.37 1.91 1.53 1.29 1.25 1.44 1.92 2.74 3.55 4.04 4.36 4.58 4.75 4.90 5.01 5.03 5.03 5.12 5.41 5.71 5.94 5.87 5.47 4.84 4.54 4.54 4.76 5.15 5.32 5.32 5.23 5.07 4.95 4.93 5.03 5.30 5.62 6.00 6.13 6.03 5.76 5.75 6.12 6.68 7.17 7.61 7.95 8.04 8.09 7.95 7.52 6.91 6.29 6.06 5.94 5.59 4.93 4.07 3.42 3.07 2.88 2.79
5.95 5.61 5.14 4.93 4.88 4.83 4.73 4.82 5.09 5.33 5.35 5.11 4.84 4.57 4.38 4.29 4.34 4.38 4.12 3.45 2.62 1.99 1.60 1.34 1.15 1.07 1.17 1.42 1.91 2.59 3.23 3.61 3.92 4.22 4.51 4.73 4.77 4.80 4.87 5.08 5.39 5.71 5.86 5.65 5.23 4.73 4.45 4.43 4.56 4.82 5.17 5.33 5.45 5.37 5.21 4.99 4.87 4.91 5.19 5.40 5.36 5.03 4.69 4.64 4.88 5.38 6.07 6.76 7.37 7.82 8.13 8.26 8.06 7.79 7.52 7.13 6.44 5.52 4.55 3.78 3.35 3.12 2.90 2.68
5.63 5.05 4.42 4.41 4.58 4.66 4.57 4.51 4.77 5.15 5.40 5.34 5.09 4.80 4.58 4.39 4.27 4.04 3.51 2.82 2.34 2.08 1.73 1.71 1.61 1.67 1.88 2.07 2.23 2.41 2.56 2.74 2.97 3.25 3.55 3.82 4.04 4.26 4.55 4.93 5.22 5.46 5.46 5.17 4.85 4.53 4.24 4.21 4.30 4.43 4.69 5.06 5.23 5.24 5.06 4.71 4.50 4.43 4.65 4.77 4.59 4.20 3.99 4.13 4.46 4.77 5.10 5.47 5.92 6.34 6.70 7.03 7.30 7.47 7.51 7.31 6.47 5.28 4.43 4.01 3.71 3.29 2.87 2.72
4.87 4.44 4.02 4.03 4.10 4.05 3.91 3.90 4.08 4.48 4.87 5.05 4.97 4.75 4.57 4.36 4.10 3.71 3.27 3.26 2.77 2.79 2.75 2.69 2.66 2.77 2.89 2.98 2.95 2.83 2.76 2.71 2.69 2.71 2.85 3.14 3.57 3.93 4.33 4.73 4.95 4.98 4.67 4.09 3.53 3.31 3.37 3.56 3.76 4.07 4.33 4.59 4.79 4.79 4.61 4.35 4.18 4.20 4.31 4.35 4.12 3.74 3.73 3.96 4.29 4.46 4.45 4.45 4.56 4.80 4.88 5.18 5.69 6.22 6.61 6.83 6.58 5.86 5.09 4.61 4.01 3.38 3.05 3.10
4.53 4.49 4.46 4.37 4.06 3.74 3.57 3.50 3.51 3.75 4.20 4.61 4.79 4.71 4.52 4.27 3.98 3.68 3.80 3.45 3.67 3.77 3.86 3.88 3.88 3.89 3.93 3.87 3.78 3.68 3.55 3.37 3.15 2.97 2.97 3.20 3.55 3.86 4.23 4.56 4.67 4.46 3.84 2.95 2.49 2.53 2.84 3.25 3.65 3.96 4.17 4.27 4.30 4.34 4.26 4.20 4.17 4.24 4.26 4.25 4.10 3.94 3.97 4.03 4.08 3.91 3.70 3.69 3.82 3.97 4.08 4.23 4.55 5.01 5.38 5.96 6.48 6.51 6.01 5.17 4.25 3.81 3.86 4.08
4.94 5.16 5.37 5.18 4.76 4.19 3.80 3.56 3.34 3.26 3.48 3.98 4.42 4.61 4.49 4.19 3.95 3.86 3.95 4.16 4.47 4.73 4.96 5.09 5.13 5.03 4.85 4.64 4.40 4.16 3.97 3.81 3.69 3.58 3.49 3.54 3.78 4.06 4.40 4.65 4.59 4.16 3.47 2.85 2.78 3.11 3.57 4.02 4.27 4.32 4.24 4.13 4.05 4.14 4.20 4.23 4.23 4.31 4.31 4.39 4.40 4.33 4.16 3.87 3.60 3.33 3.12 3.17 3.43 3.64 3.80 4.01 4.12 4.30 4.61 5.18 5.96 6.53 6.63 6.23 5.51 5.27 5.38 5.47
5.35 5.60 5.78 5.54 5.15 4.65 4.18 3.75 3.36 3.02 2.91 3.17 3.71 4.18 4.33 4.12 3.94 4.01 4.26 4.74 5.13 5.50 5.81 6.04 6.06 5.93 5.71 5.41 5.01 4.56 4.16 3.94 3.94 4.10 4.27 4.33 4.41 4.63 4.94 5.09 4.98 4.57 4.04 3.82 4.09 4.55 4.98 5.16 5.08 4.67 4.35 4.12 4.03 4.09 4.22 4.26 4.24 4.34 4.43 4.65 4.70 4.54 4.19 3.68 3.23 2.96 2.90 3.00 3.22 3.36 3.54 3.78 3.90 3.94 4.23 4.66 5.24 6.02 6.73 7.24 7.39 7.22 6.93 6.64
5.52 5.61 5.48 5.16 4.79 4.39 4.09 3.74 3.30 2.86 2.63 2.66 2.98 3.54 3.94 3.98 3.88 4.01 4.38 4.84 5.23 5.55 5.81 6.01 6.09 6.08 6.02 5.87 5.58 5.15 4.63 4.22 4.14 4.36 4.63 4.85 5.06 5.29 5.50 5.70 5.80 5.67 5.56 5.43 5.54 5.79 5.87 5.58 5.15 4.69 4.34 4.18 4.01 4.05 4.20 4.25 4.26 4.43 4.61 4.82 4.82 4.64 4.32 3.86 3.39 3.09 2.99 3.03 3.12 3.17 3.26 3.42 3.61 3.75 4.00 4.32 4.74 5.34 6.27 7.19 7.85 7.89 7.50 6.94
