project/data/elevation/US_DEM2016/US_DEM2016_point_10-31-2019_1359_30m_ang.asc
ncols	125
nrows	167
xllcorner	-2042055.000000
yllcorner	1465035.000000
cellsize	30.000000
NODATA_value	-9999.000000
[rows 86 to 128 of 167, columns 0 to 95 of 125]
344 347 351 350 346 343 340 337 335 333 332 332 334 336 340 345 350 355 356 353 351 350 348 346 345 344 343 343 345 348 350 351 350 347 345 346 347 347 349 351 352 350 348 347 345 341 338 340 345 349 351 351 351 350 349 349 348 347 347 346 345 344 341 337 334 334 338 340 342 343 343 342 341 341 339 334 328 325 324 327 333 340 342 340 343 352 0 5 5 2 359 357 358 0 1 0
343 346 349 347 344 341 339 336 333 332 332 334 336 339 344 352 359 359 355 352 348 346 344 343 342 341 341 342 343 345 348 351 353 352 349 347 346 347 351 354 352 349 347 346 342 336 334 336 343 349 352 354 354 354 352 350 349 348 347 346 345 344 341 337 334 334 338 342 343 343 342 342 343 346 348 347 343 338 334 331 331 334 335 334 335 343 354 1 2 0 359 359 1 2 1 359
341 344 347 345 343 341 338 335 333 332 333 335 338 343 351 358 359 356 353 351 348 345 341 340 339 338 339 340 342 343 344 348 352 354 353 351 349 351 354 355 353 351 349 346 340 332 329 331 338 343 346 350 352 352 352 351 350 349 348 347 346 343 340 337 334 334 338 343 344 343 341 339 341 347 352 354 353 350 347 344 343 341 340 338 338 342 349 353 355 356 358 0 3 3 0 356
340 343 346 346 344 341 337 334 333 333 335 338 342 349 356 356 353 351 351 351 349 345 341 338 337 336 336 337 340 341 343 345 349 354 356 356 355 356 357 356 354 352 350 347 340 332 327 328 332 334 337 340 342 344 345 347 349 349 348 347 345 343 341 337 334 334 338 344 344 342 340 336 337 343 350 355 355 354 353 353 352 349 347 346 347 349 349 348 350 353 356 360 2 2 357 352
339 342 345 346 344 340 336 334 333 334 337 342 348 354 355 350 347 346 347 347 346 344 341 339 337 335 333 333 335 338 341 343 346 351 356 359 360 0 360 357 354 352 351 348 342 335 331 332 335 335 335 337 338 340 342 345 348 348 347 345 344 343 341 337 333 332 337 342 343 341 338 334 333 337 345 351 353 354 356 357 356 354 352 353 355 355 353 351 351 353 356 358 359 357 352 347
339 341 344 344 342 337 334 333 334 337 342 349 355 356 352 345 340 339 339 340 340 340 340 341 340 337 332 330 329 331 334 337 340 346 353 359 3 4 1 356 353 352 351 349 345 340 337 338 340 341 340 339 340 342 345 348 349 348 346 345 344 344 342 336 332 331 335 340 341 341 338 333 330 332 338 344 347 349 353 356 356 355 355 357 359 359 358 356 356 355 355 355 354 352 348 346
339 340 342 342 339 336 334 334 337 342 349 357 360 357 352 345 339 335 333 333 333 335 338 341 342 339 335 331 330 330 332 334 336 340 348 359 6 6 0 355 352 351 350 347 345 342 341 341 343 344 344 343 343 345 348 350 350 349 348 346 346 345 342 336 331 329 333 338 341 341 338 333 330 330 335 338 340 343 347 350 352 353 354 356 359 0 1 1 0 357 355 353 351 348 347 349
339 340 341 339 337 334 334 337 342 349 356 360 359 356 353 348 343 339 336 334 334 336 339 341 342 340 337 336 336 337 338 339 340 342 348 359 6 5 359 354 351 350 348 345 344 343 342 342 343 345 346 347 348 348 348 349 351 351 351 350 349 347 342 336 331 330 334 339 343 343 340 334 332 332 335 334 332 334 338 340 343 347 350 352 354 357 359 1 0 357 355 353 351 349 350 352
338 339 339 338 335 334 336 341 347 353 357 358 356 353 351 348 346 344 342 340 340 341 343 345 343 339 336 336 339 341 343 343 344 347 352 359 3 1 356 352 350 348 346 343 342 342 342 341 343 345 347 349 352 352 351 351 353 354 355 354 353 350 344 337 332 331 335 341 345 345 342 337 335 335 337 331 325 323 325 327 329 335 342 346 348 351 354 356 356 355 354 353 352 352 351 350
337 338 339 338 338 338 340 345 350 353 354 354 353 350 348 346 346 345 343 343 344 345 347 348 345 338 333 333 336 340 341 342 343 347 353 358 359 357 353 350 348 346 344 343 342 341 340 340 342 346 349 351 353 354 355 356 357 357 357 356 354 350 344 338 334 332 335 341 345 345 343 341 340 342 341 334 326 322 320 319 320 324 332 337 341 344 348 351 352 352 352 352 352 352 350 348
337 338 341 342 344 345 348 351 352 351 350 351 350 348 346 344 343 343 343 344 346 349 351 350 346 338 333 333 335 337 338 338 340 344 350 354 355 353 350 348 346 345 345 343 341 339 336 336 339 344 349 352 353 355 358 360 360 359 358 356 353 349 343 338 335 335 336 340 343 343 342 344 348 351 349 342 335 331 326 322 323 325 328 331 334 340 345 348 350 350 351 351 352 351 350 347
337 339 343 346 349 351 353 353 353 351 349 348 347 345 343 342 341 341 343 346 350 352 351 347 343 338 336 337 340 341 342 342 342 345 348 351 352 351 348 347 346 346 346 344 341 338 334 332 335 340 344 347 351 354 358 0 1 0 359 356 352 347 341 337 335 335 338 341 342 341 342 346 353 356 355 348 343 339 333 329 330 332 332 332 335 341 346 348 349 349 350 350 351 351 349 346
337 339 344 347 350 353 353 353 352 351 349 347 344 342 341 340 341 343 346 351 355 354 349 344 339 336 336 340 343 345 346 347 347 348 349 350 351 349 348 347 348 349 347 345 342 338 334 332 334 339 339 340 343 348 353 357 360 1 359 356 351 345 340 337 335 334 336 339 340 339 341 347 353 356 356 354 351 345 339 337 338 339 337 336 339 345 348 348 348 349 349 350 349 349 346 344
339 340 344 347 350 351 351 351 350 350 349 346 343 340 339 340 342 346 351 356 356 352 346 342 337 333 334 339 343 346 348 350 351 351 351 351 350 348 348 350 352 350 348 345 343 339 335 335 339 343 343 341 341 343 347 352 358 360 359 355 350 345 341 338 336 334 335 337 338 338 341 346 349 353 355 356 354 349 345 344 345 344 342 341 345 349 349 348 348 348 349 349 349 347 344 342
341 342 344 345 346 347 347 347 348 348 347 345 342 340 340 342 346 351 356 356 352 348 344 341 335 332 332 336 340 344 347 350 352 353 353 352 350 349 350 352 352 350 348 346 343 339 336 337 342 347 348 348 347 344 346 352 356 358 357 354 351 346 343 340 339 337 336 337 338 339 342 344 346 348 352 354 353 350 349 349 349 348 346 346 349 350 348 347 348 349 350 350 349 347 344 341
342 343 343 343 342 342 342 343 345 345 344 342 340 340 341 345 352 357 357 353 347 344 341 338 333 329 330 334 337 340 343 346 349 352 354 353 352 352 352 352 350 348 347 346 343 339 336 337 342 346 350 352 351 349 349 352 355 355 354 353 350 347 344 343 341 340 339 338 340 342 344 344 344 346 348 350 349 349 351 353 352 350 349 350 350 348 346 346 347 349 350 351 351 350 346 340
344 343 343 342 340 339 339 340 341 342 340 339 339 341 344 350 356 357 354 350 346 343 340 338 333 328 328 332 334 334 335 337 342 347 350 352 352 352 351 350 348 347 347 345 343 339 336 337 341 345 348 351 352 352 352 352 352 352 352 351 349 346 345 344 344 342 340 339 340 342 343 343 343 344 346 346 345 346 349 352 353 353 353 353 351 348 347 347 348 350 351 352 353 351 347 341
344 344 343 343 342 340 339 339 339 339 338 338 340 342 346 351 353 351 349 348 346 344 342 339 336 334 333 334 334 331 329 330 333 338 343 346 348 349 348 347 347 347 346 344 342 339 337 337 340 342 344 346 349 352 353 352 350 349 349 348 346 345 344 345 345 344 341 340 340 341 341 341 342 343 345 345 343 343 345 348 351 354 354 354 353 352 351 350 350 351 352 353 352 350 346 341
342 343 345 345 345 343 342 341 339 337 337 338 342 345 346 343 341 342 343 344 344 344 343 341 339 339 342 342 340 337 336 335 336 338 340 342 345 346 347 348 348 347 345 343 341 339 338 339 342 342 341 342 344 347 349 348 347 346 346 345 343 343 344 345 345 345 344 342 342 341 340 340 340 342 344 345 345 344 343 343 346 349 351 353 354 355 355 354 353 353 353 353 352 348 344 341
338 341 345 347 347 346 344 342 340 339 339 341 345 347 343 336 332 333 335 338 340 341 341 340 337 342 346 347 346 344 343 343 343 343 343 344 345 347 348 350 350 348 344 342 341 340 340 343 345 345 345 344 341 338 338 340 342 343 343 342 341 342 343 344 345 345 345 345 344 343 341 340 339 340 343 345 346 346 344 342 342 342 343 345 350 354 356 356 355 353 353 353 351 347 344 342
335 339 345 347 348 348 346 344 342 344 346 348 349 348 344 340 337 335 334 334 335 337 337 337 338 342 345 347 347 348 348 348 348 348 347 347 348 348 349 351 351 348 344 341 340 340 342 345 348 349 350 349 342 336 335 337 339 341 341 340 340 341 343 344 343 344 346 347 347 345 343 342 341 341 342 345 347 347 346 345 344 341 338 338 342 348 353 354 354 353 352 351 349 346 344 343
336 339 343 347 349 350 350 349 349 350 352 352 350 347 344 344 345 345 343 340 338 337 336 335 337 342 343 343 345 348 349 350 351 351 351 351 351 351 351 352 350 347 344 342 341 340 342 346 350 354 355 351 343 337 336 338 338 338 338 339 340 341 342 342 342 342 345 347 348 348 346 344 344 343 344 346 346 347 347 347 347 345 343 341 342 345 349 351 351 351 351 349 346 344 344 345
339 340 343 347 350 352 353 353 353 353 351 350 348 345 343 344 348 350 349 346 343 341 338 337 339 342 342 341 341 344 347 349 351 351 352 353 353 354 354 352 348 345 343 343 341 339 341 346 352 356 356 351 344 340 339 339 337 336 337 338 340 341 341 341 341 341 343 345 346 347 348 347 347 347 347 347 346 347 348 347 346 345 345 345 346 346 348 349 349 350 349 348 346 344 344 345
341 342 344 347 350 352 352 353 352 350 348 346 344 343 342 344 347 349 349 347 345 342 340 339 342 344 343 341 342 343 344 346 347 348 349 352 355 357 356 352 347 344 344 343 340 338 339 345 351 355 355 351 347 344 343 342 339 337 338 339 340 341 341 340 340 341 343 343 343 345 347 349 349 349 349 348 347 348 348 346 344 344 344 346 348 348 349 348 348 348 348 347 346 346 345 345
340 342 345 347 349 350 350 349 348 346 344 342 341 341 341 343 346 346 345 344 342 341 340 341 345 346 343 342 344 346 346 346 346 346 347 350 354 358 357 353 350 347 345 343 339 337 338 344 349 352 353 351 348 348 347 346 343 342 341 340 341 341 341 340 341 342 343 342 341 342 346 350 351 351 350 348 348 349 348 345 343 343 344 346 348 349 349 348 347 347 347 346 346 347 347 347
338 341 345 347 348 349 348 345 343 341 341 340 340 340 341 343 345 344 343 341 339 338 338 342 347 347 343 342 344 347 347 347 347 348 349 351 354 357 358 356 353 350 346 342 338 337 338 343 348 350 350 349 348 349 350 349 348 347 346 344 342 342 342 341 342 343 343 341 339 340 345 349 351 352 351 349 348 349 348 345 342 342 344 346 348 350 350 349 348 347 347 346 346 346 347 347
337 340 344 345 347 347 345 342 340 339 339 339 340 340 341 344 344 343 341 340 337 335 336 342 348 347 345 344 344 345 345 345 347 349 351 353 356 358 358 356 353 350 346 341 337 337 340 345 348 349 348 346 346 347 350 351 352 351 350 347 345 344 343 342 343 343 342 339 338 340 345 349 351 352 351 349 348 348 348 344 341 342 344 346 348 350 352 350 348 348 348 347 347 346 346 346
338 339 341 343 344 344 341 339 338 338 338 339 340 341 342 344 343 341 340 339 336 333 335 342 346 346 346 347 347 346 345 344 344 345 349 353 357 358 357 354 352 349 345 339 336 336 341 346 349 349 347 344 343 344 346 349 352 353 352 349 347 346 345 345 344 343 341 339 338 341 345 348 351 352 352 350 349 349 347 342 340 341 343 344 346 350 351 349 348 349 349 349 348 348 348 346
340 340 340 341 342 340 338 337 337 338 338 338 339 340 341 341 340 339 340 339 336 334 336 341 343 344 347 348 349 348 348 347 344 343 346 351 355 357 355 353 350 348 344 338 335 335 340 346 349 349 347 345 343 343 344 345 348 350 349 349 349 348 347 347 345 343 340 339 339 342 345 348 350 352 352 351 351 350 347 341 339 340 341 342 344 346 347 347 348 349 349 349 350 350 349 346
340 340 340 340 340 339 337 337 339 340 341 341 341 340 340 339 338 339 340 340 338 336 336 338 338 341 345 348 349 348 349 350 349 347 346 347 351 353 354 351 349 346 343 339 336 336 339 345 349 348 347 346 345 346 346 345 344 344 345 346 348 348 348 347 346 343 341 340 340 342 345 348 351 352 352 352 352 351 348 342 339 340 341 340 340 340 343 346 348 349 349 349 350 350 349 347
339 339 340 340 340 339 338 340 343 345 346 346 345 343 341 339 338 339 340 341 341 341 338 335 333 337 343 347 347 346 348 351 353 352 350 348 349 351 352 350 347 345 342 340 338 338 339 343 346 346 344 345 347 349 349 349 347 344 343 344 346 346 346 346 345 344 343 342 341 342 344 347 350 352 353 352 352 351 348 344 341 341 342 342 340 339 342 345 347 348 349 349 349 350 349 347
337 339 340 341 340 340 341 342 345 347 348 347 345 343 340 338 338 340 340 342 344 345 342 337 333 335 341 345 344 343 343 347 351 353 353 351 351 352 351 348 346 344 341 340 341 342 341 341 342 342 342 344 347 350 351 350 350 348 346 345 346 346 346 345 344 343 344 344 342 342 343 346 349 352 353 353 352 351 349 345 343 343 345 344 343 343 345 346 347 348 348 348 348 349 349 347
336 338 340 341 341 342 343 344 345 346 345 343 342 340 338 338 338 340 340 343 345 345 344 341 338 338 342 344 344 342 340 341 345 350 352 353 354 353 351 349 346 343 340 340 343 345 344 341 339 338 339 341 346 349 350 350 350 350 351 350 349 348 346 345 343 343 344 344 342 342 344 346 348 351 352 352 351 350 348 345 343 344 346 346 346 347 349 348 347 348 348 348 348 348 348 346
336 337 339 341 342 343 344 345 345 344 341 339 338 337 337 337 339 340 341 344 344 343 342 341 340 342 344 345 344 343 342 339 340 344 349 352 355 354 352 349 346 342 339 339 344 348 347 342 338 337 337 340 344 347 348 348 349 350 352 353 352 351 349 347 345 344 344 342 341 342 345 347 349 350 351 351 350 350 347 343 341 342 344 345 347 350 351 349 348 348 348 347 347 347 347 346
337 337 339 340 342 344 345 346 345 341 338 337 336 336 336 338 340 341 343 345 344 342 340 338 339 342 345 345 345 345 345 342 340 340 344 350 353 353 351 349 345 341 338 340 345 349 347 343 339 337 337 339 342 344 346 348 349 349 351 353 354 353 351 350 348 347 345 342 340 342 345 348 350 351 351 350 349 348 345 342 340 341 343 344 347 349 351 350 349 348 347 347 346 346 346 345
338 338 339 341 342 344 345 346 344 340 337 336 337 337 338 340 342 343 346 346 345 343 340 338 338 341 343 343 344 345 346 345 343 342 343 347 350 350 349 347 344 341 339 342 347 349 347 343 340 337 335 336 339 342 345 348 349 350 350 352 354 354 353 351 349 347 345 342 341 342 345 349 351 352 352 350 349 347 344 342 340 340 342 344 347 348 349 349 349 348 347 346 346 345 344 343
338 338 339 341 342 343 343 344 342 339 337 337 337 338 340 342 344 345 346 346 346 344 342 339 339 340 341 342 343 345 346 346 346 345 345 346 347 348 348 346 342 340 341 345 349 348 346 342 339 336 334 333 335 339 343 347 349 350 351 353 354 354 353 351 348 346 344 343 342 343 346 349 351 353 353 351 349 346 344 342 340 339 340 344 346 348 349 349 348 348 347 346 345 344 343 343
338 338 339 340 342 341 341 341 339 338 338 337 337 338 341 344 345 345 345 345 345 344 342 340 339 340 341 341 341 344 346 346 345 346 346 346 347 348 347 345 341 340 344 349 350 347 344 341 339 336 332 330 330 334 339 344 347 348 351 353 353 353 352 350 347 344 343 342 342 344 348 350 352 354 353 350 348 345 344 342 339 337 338 341 344 346 348 348 347 346 346 345 345 345 344 343
339 338 339 340 341 340 339 338 337 337 338 337 336 338 342 343 343 343 344 344 345 344 341 339 339 342 343 341 341 343 346 346 345 345 345 346 347 348 347 344 341 343 349 352 350 346 343 340 338 337 334 332 331 332 335 340 344 346 350 351 352 352 352 350 347 344 344 342 342 345 349 352 354 355 353 350 347 346 346 343 340 337 337 339 341 343 346 346 345 345 344 344 345 345 345 345
339 339 340 341 341 340 338 337 336 336 337 337 337 340 342 341 341 343 344 345 344 342 338 337 339 343 344 343 343 344 346 346 345 344 344 345 347 347 346 344 344 348 352 352 351 348 344 340 338 337 337 335 335 335 336 338 342 345 348 349 351 351 351 348 346 345 345 343 343 345 349 353 357 356 354 351 348 347 346 344 341 338 337 337 339 342 344 343 343 343 343 344 345 345 346 346
337 339 342 342 341 339 338 337 336 337 337 338 340 342 341 340 341 343 345 345 343 340 336 336 339 343 345 345 345 345 346 347 346 344 344 344 344 345 345 346 348 350 351 351 351 350 347 343 340 338 338 337 336 337 338 339 341 344 346 349 350 350 348 346 345 345 345 343 343 346 350 355 358 357 355 352 350 347 344 343 341 338 337 338 340 343 342 340 340 341 343 344 345 345 346 347
335 338 342 342 341 338 337 337 337 337 337 339 342 343 342 341 342 344 345 344 342 339 336 335 338 342 344 346 347 347 346 347 347 346 345 344 343 344 345 347 348 349 350 350 350 349 348 345 343 341 340 339 337 338 338 339 340 343 346 348 350 349 347 345 344 345 344 342 343 348 354 358 359 358 356 354 352 348 344 342 340 338 337 339 344 344 340 337 338 340 342 343 344 345 346 346
337 338 340 340 338 336 336 337 337 337 337 339 343 345 345 344 344 344 344 343 342 341 338 336 338 340 342 345 347 346 345 346 347 347 346 344 344 344 346 347 347 348 349 349 348 347 347 347 347 345 343 342 341 340 340 339 339 341 345 348 349 348 347 345 345 344 342 341 344 351 358 360 359 358 356 355 353 351 347 343 339 336 337 341 346 344 338 336 338 340 342 343 343 344 344 345
