project/data/elevation/US_DEM2016/US_DEM2016_point_10-29-2019_1717_30m_vel.asc
ncols	125
nrows	167
xllcorner	-2042055.000000
yllcorner	1465035.000000
cellsize	30.000000
NODATA_value	-9999.000000
[rows 114 to 151 of 167, columns 0 to 83 of 125]
3.61 3.62 3.69 3.80 3.95 4.20 4.44 4.37 4.01 3.62 3.31 3.03 2.80 2.65 2.70 3.03 3.57 4.04 4.34 4.67 5.06 5.06 4.48 3.98 4.06 4.17 4.02 3.83 3.72 3.63 3.51 3.34 3.18 3.07 2.94 2.85 2.92 3.10 3.23 3.37 3.69 4.14 4.78 5.32 5.29 4.71 4.05 3.61 3.52 3.74 4.08 4.25 4.10 3.73 3.37 3.09 3.00 3.14 3.36 3.46 3.42 3.32 3.23 3.22 3.34 3.64 4.03 4.10 3.80 3.40 3.14 2.95 2.78 2.71 2.71 2.76 2.88 3.11 3.53 4.01 3.90 3.34 3.09 2.93
3.73 3.75 3.80 3.86 3.95 4.04 4.07 3.84 3.40 3.02 2.78 2.59 2.47 2.56 3.02 3.71 4.31 4.68 4.88 5.03 5.03 4.67 4.01 3.76 3.90 3.92 3.75 3.66 3.68 3.73 3.74 3.67 3.55 3.29 2.97 2.80 2.91 3.13 3.33 3.57 3.92 4.34 4.82 5.11 4.88 4.29 3.77 3.46 3.44 3.73 4.16 4.28 4.07 3.73 3.35 2.98 2.84 2.93 3.09 3.22 3.30 3.33 3.35 3.38 3.49 3.76 4.01 3.96 3.66 3.35 3.12 2.93 2.79 2.69 2.64 2.67 2.82 3.09 3.52 3.93 3.76 3.26 2.97 2.75
3.85 3.86 3.88 3.91 3.90 3.84 3.72 3.49 3.23 3.08 3.02 2.99 3.12 3.55 4.21 4.85 5.18 5.18 5.07 4.89 4.57 4.16 3.77 3.62 3.62 3.53 3.41 3.43 3.56 3.66 3.70 3.72 3.70 3.60 3.47 3.40 3.39 3.43 3.55 3.76 4.01 4.32 4.68 4.82 4.52 4.06 3.69 3.43 3.48 3.88 4.29 4.34 4.10 3.83 3.59 3.40 3.25 3.21 3.20 3.21 3.23 3.27 3.31 3.37 3.53 3.78 3.91 3.80 3.55 3.28 3.05 2.86 2.75 2.67 2.61 2.65 2.82 3.11 3.54 3.90 3.86 3.51 3.21 3.10
3.94 3.90 3.87 3.87 3.81 3.69 3.56 3.46 3.41 3.49 3.65 3.92 4.33 4.82 5.26 5.46 5.30 4.94 4.62 4.27 3.98 3.87 3.81 3.71 3.58 3.40 3.21 3.20 3.36 3.43 3.40 3.46 3.55 3.65 3.76 3.79 3.71 3.59 3.55 3.61 3.80 4.13 4.49 4.60 4.32 3.97 3.69 3.51 3.65 4.04 4.31 4.25 4.03 3.86 3.80 3.79 3.79 3.76 3.65 3.46 3.31 3.23 3.22 3.26 3.43 3.64 3.67 3.59 3.46 3.24 3.01 2.80 2.69 2.64 2.63 2.69 2.90 3.21 3.62 4.05 4.18 3.98 3.76 3.81
3.97 3.89 3.82 3.81 3.76 3.67 3.60 3.57 3.59 3.74 4.10 4.59 5.03 5.31 5.38 5.14 4.60 4.17 3.95 3.67 3.62 3.80 3.91 3.89 3.77 3.50 3.19 3.10 3.24 3.27 3.17 3.19 3.26 3.38 3.49 3.53 3.49 3.40 3.35 3.41 3.64 4.04 4.42 4.46 4.14 3.84 3.71 3.64 3.78 4.04 4.17 4.08 3.89 3.80 3.82 3.86 3.94 3.97 3.87 3.66 3.42 3.24 3.12 3.10 3.20 3.31 3.31 3.43 3.50 3.34 3.07 2.84 2.72 2.66 2.67 2.79 3.02 3.33 3.80 4.31 4.46 4.28 4.14 4.21
3.95 3.88 3.81 3.80 3.77 3.73 3.69 3.67 3.76 4.04 4.51 4.92 5.10 5.07 4.83 4.37 3.94 3.73 3.52 3.32 3.41 3.68 3.88 3.92 3.78 3.49 3.24 3.18 3.29 3.30 3.21 3.15 3.11 3.09 3.10 3.14 3.19 3.23 3.30 3.42 3.69 4.08 4.39 4.28 3.88 3.67 3.74 3.78 3.86 3.99 4.06 3.98 3.88 3.85 3.85 3.82 3.82 3.77 3.66 3.55 3.41 3.21 3.03 2.94 2.93 2.98 3.17 3.54 3.69 3.48 3.18 2.95 2.82 2.72 2.70 2.84 3.08 3.39 3.94 4.45 4.53 4.24 4.04 3.98
3.93 3.90 3.87 3.84 3.81 3.79 3.77 3.81 4.01 4.43 4.82 4.95 4.83 4.62 4.30 3.93 3.69 3.51 3.25 3.12 3.25 3.52 3.84 3.92 3.66 3.34 3.22 3.27 3.37 3.39 3.33 3.23 3.10 2.99 2.89 2.88 3.02 3.20 3.35 3.51 3.78 4.13 4.31 4.03 3.56 3.51 3.75 3.86 3.89 3.96 4.02 4.02 4.02 4.01 3.90 3.75 3.60 3.45 3.34 3.28 3.21 3.09 2.95 2.86 2.90 3.11 3.48 3.82 3.81 3.49 3.18 2.98 2.85 2.72 2.67 2.77 2.99 3.36 3.97 4.47 4.48 4.15 3.86 3.63
4.00 4.01 3.98 3.90 3.84 3.85 3.89 4.01 4.31 4.71 4.89 4.77 4.56 4.36 4.11 3.83 3.58 3.33 3.14 3.19 3.42 3.72 4.00 3.98 3.65 3.33 3.21 3.25 3.35 3.39 3.35 3.30 3.21 3.05 2.86 2.79 2.94 3.15 3.31 3.51 3.82 4.14 4.14 3.68 3.21 3.32 3.69 3.84 3.84 3.88 3.99 4.08 4.06 3.94 3.73 3.52 3.36 3.24 3.13 3.03 2.96 2.93 2.93 3.00 3.21 3.50 3.79 3.92 3.76 3.40 3.08 2.89 2.76 2.66 2.63 2.73 2.99 3.46 4.07 4.44 4.40 4.10 3.78 3.48
4.11 4.09 4.02 3.91 3.86 3.89 4.01 4.22 4.58 4.80 4.76 4.57 4.40 4.24 3.97 3.64 3.41 3.29 3.36 3.59 3.82 3.99 4.09 3.98 3.68 3.40 3.23 3.23 3.29 3.32 3.31 3.29 3.24 3.12 2.98 2.95 3.04 3.14 3.24 3.48 3.83 4.03 3.76 3.15 2.83 3.09 3.56 3.81 3.81 3.78 3.87 3.92 3.81 3.61 3.40 3.22 3.13 3.11 3.05 2.93 2.88 2.89 2.94 3.08 3.31 3.56 3.76 3.84 3.68 3.36 3.04 2.82 2.68 2.61 2.63 2.83 3.20 3.64 4.01 4.25 4.25 4.03 3.68 3.37
4.11 4.05 3.94 3.87 3.85 3.93 4.08 4.31 4.56 4.64 4.49 4.32 4.21 3.99 3.59 3.35 3.36 3.49 3.64 3.74 3.76 3.80 3.93 3.98 3.79 3.48 3.24 3.19 3.21 3.22 3.24 3.22 3.14 3.09 3.14 3.22 3.24 3.22 3.26 3.49 3.74 3.64 3.04 2.52 2.53 2.91 3.43 3.81 3.83 3.67 3.66 3.60 3.43 3.25 3.07 2.94 2.93 2.95 2.90 2.86 2.88 2.91 2.92 2.99 3.20 3.46 3.68 3.78 3.65 3.31 2.99 2.79 2.66 2.57 2.64 2.92 3.27 3.51 3.69 3.97 4.14 4.01 3.60 3.25
4.09 4.04 3.95 3.88 3.87 3.95 4.09 4.24 4.34 4.29 4.12 3.99 3.89 3.56 3.21 3.28 3.48 3.55 3.49 3.36 3.30 3.50 3.88 4.07 3.84 3.48 3.27 3.18 3.15 3.13 3.15 3.17 3.12 3.13 3.24 3.30 3.27 3.23 3.25 3.38 3.37 2.92 2.38 2.27 2.52 2.90 3.38 3.84 3.86 3.68 3.60 3.49 3.30 3.10 2.89 2.81 2.86 2.83 2.76 2.82 2.90 2.91 2.94 3.11 3.41 3.65 3.75 3.75 3.53 3.13 2.86 2.72 2.60 2.52 2.63 2.90 3.17 3.30 3.48 3.86 4.13 3.98 3.52 3.14
4.21 4.20 4.11 3.97 3.91 3.94 4.04 4.10 4.08 3.99 3.87 3.78 3.59 3.24 3.15 3.34 3.41 3.24 3.01 2.90 3.07 3.54 4.07 4.20 3.86 3.48 3.34 3.28 3.18 3.09 3.09 3.16 3.18 3.15 3.13 3.07 3.03 3.05 3.11 3.09 2.85 2.47 2.40 2.64 2.91 3.13 3.52 3.92 3.96 3.81 3.69 3.54 3.36 3.17 3.00 2.94 2.95 2.91 2.89 2.94 2.93 2.92 3.05 3.37 3.66 3.73 3.67 3.59 3.34 2.99 2.75 2.58 2.46 2.47 2.62 2.85 3.08 3.25 3.50 3.87 4.07 3.89 3.52 3.29
4.37 4.28 4.08 3.91 3.85 3.88 3.94 3.94 3.87 3.81 3.77 3.64 3.34 3.07 3.06 3.12 3.02 2.84 2.75 2.89 3.28 3.84 4.33 4.31 3.85 3.49 3.40 3.31 3.17 3.07 3.11 3.22 3.21 3.07 2.92 2.83 2.84 2.92 2.94 2.83 2.69 2.72 2.93 3.16 3.31 3.50 3.80 4.07 4.09 3.90 3.67 3.49 3.38 3.29 3.19 3.14 3.14 3.12 3.08 3.03 2.96 2.98 3.13 3.38 3.46 3.38 3.37 3.41 3.26 2.97 2.68 2.44 2.33 2.44 2.62 2.81 2.98 3.16 3.42 3.72 3.92 3.93 3.83 3.67
4.32 4.08 3.71 3.62 3.66 3.76 3.83 3.81 3.74 3.68 3.59 3.38 3.09 2.90 2.89 2.88 2.85 2.85 3.04 3.44 3.84 4.23 4.49 4.23 3.64 3.37 3.30 3.15 3.03 3.06 3.19 3.28 3.24 3.09 2.95 2.94 3.00 3.00 2.92 2.87 2.96 3.10 3.22 3.34 3.51 3.75 4.03 4.22 4.17 3.93 3.69 3.54 3.46 3.39 3.28 3.24 3.26 3.22 3.11 2.99 2.94 2.98 3.08 3.14 3.10 3.09 3.27 3.44 3.30 2.92 2.53 2.33 2.33 2.47 2.67 2.85 3.00 3.17 3.36 3.59 3.92 4.21 4.21 3.83
4.02 3.72 3.37 3.35 3.51 3.68 3.76 3.74 3.66 3.54 3.38 3.17 2.97 2.93 3.04 3.14 3.26 3.48 3.84 4.16 4.33 4.43 4.34 3.90 3.44 3.28 3.13 2.95 2.93 3.05 3.20 3.27 3.25 3.19 3.20 3.27 3.29 3.19 3.07 3.05 3.10 3.14 3.22 3.43 3.69 3.97 4.24 4.34 4.22 4.03 3.86 3.75 3.66 3.52 3.33 3.26 3.24 3.16 3.05 2.97 2.90 2.92 2.95 2.94 2.95 3.14 3.45 3.53 3.18 2.61 2.30 2.30 2.41 2.55 2.75 2.99 3.21 3.41 3.54 3.75 4.17 4.49 4.28 3.58
3.77 3.60 3.39 3.46 3.66 3.78 3.77 3.70 3.60 3.47 3.34 3.21 3.14 3.27 3.53 3.75 3.97 4.20 4.35 4.37 4.28 4.16 3.95 3.64 3.42 3.27 3.04 2.90 2.95 3.08 3.17 3.21 3.24 3.28 3.32 3.32 3.27 3.19 3.12 3.08 3.04 3.06 3.25 3.58 3.92 4.19 4.35 4.32 4.16 4.02 3.88 3.77 3.68 3.54 3.35 3.28 3.21 3.06 2.99 2.95 2.90 2.89 2.88 2.91 3.07 3.38 3.58 3.36 2.74 2.25 2.18 2.32 2.48 2.65 2.86 3.09 3.32 3.57 3.81 4.09 4.45 4.57 4.11 3.38
3.76 3.76 3.81 3.97 4.08 4.00 3.81 3.68 3.58 3.48 3.42 3.41 3.49 3.71 3.95 4.11 4.23 4.28 4.19 3.97 3.72 3.55 3.51 3.51 3.45 3.28 3.10 3.05 3.14 3.22 3.21 3.23 3.31 3.36 3.28 3.11 3.04 3.06 3.08 3.05 3.02 3.11 3.42 3.79 4.09 4.25 4.23 4.07 3.90 3.78 3.67 3.65 3.65 3.54 3.37 3.31 3.26 3.11 3.00 2.96 2.93 2.91 2.91 3.01 3.28 3.53 3.46 2.97 2.38 2.18 2.27 2.42 2.56 2.78 3.05 3.24 3.38 3.59 3.88 4.24 4.58 4.63 4.25 3.89
3.87 3.97 4.16 4.31 4.29 4.08 3.82 3.64 3.54 3.49 3.50 3.59 3.75 3.93 4.02 4.01 3.98 3.90 3.68 3.35 3.06 3.01 3.24 3.54 3.56 3.38 3.29 3.33 3.40 3.41 3.40 3.45 3.54 3.49 3.30 3.10 3.06 3.10 3.10 3.08 3.15 3.39 3.71 3.97 4.11 4.09 3.91 3.69 3.58 3.59 3.67 3.75 3.72 3.55 3.37 3.35 3.33 3.21 3.09 3.04 3.00 2.97 3.00 3.14 3.37 3.44 3.16 2.63 2.33 2.33 2.46 2.59 2.73 2.96 3.21 3.39 3.53 3.71 3.96 4.34 4.77 4.90 4.71 4.54
4.01 4.09 4.25 4.32 4.24 4.07 3.85 3.66 3.57 3.53 3.56 3.66 3.79 3.85 3.80 3.75 3.71 3.53 3.18 2.84 2.73 2.91 3.37 3.76 3.75 3.57 3.51 3.55 3.57 3.56 3.62 3.73 3.76 3.63 3.42 3.28 3.26 3.27 3.20 3.19 3.34 3.59 3.79 3.92 3.97 3.84 3.59 3.40 3.40 3.64 3.91 3.96 3.76 3.53 3.38 3.39 3.39 3.31 3.21 3.11 3.06 3.04 3.08 3.18 3.29 3.21 2.84 2.50 2.41 2.50 2.62 2.74 2.92 3.14 3.29 3.45 3.67 3.96 4.29 4.71 5.15 5.15 4.79 4.45
4.18 4.25 4.37 4.40 4.32 4.12 3.93 3.81 3.74 3.66 3.61 3.62 3.66 3.66 3.66 3.68 3.58 3.27 2.93 2.84 2.99 3.29 3.72 4.00 3.93 3.75 3.67 3.67 3.64 3.64 3.72 3.82 3.80 3.67 3.53 3.50 3.52 3.51 3.41 3.37 3.46 3.56 3.68 3.83 3.84 3.64 3.43 3.34 3.47 3.87 4.19 4.10 3.78 3.55 3.44 3.43 3.43 3.34 3.21 3.11 3.06 3.06 3.09 3.15 3.18 3.05 2.75 2.57 2.58 2.67 2.77 2.86 3.03 3.23 3.40 3.61 3.85 4.19 4.66 5.14 5.31 4.98 4.34 3.89
4.47 4.53 4.59 4.53 4.37 4.12 3.95 3.89 3.86 3.72 3.56 3.47 3.48 3.56 3.65 3.66 3.42 3.08 2.98 3.16 3.40 3.63 3.96 4.14 4.06 3.89 3.79 3.74 3.69 3.69 3.75 3.79 3.74 3.67 3.68 3.76 3.81 3.78 3.71 3.59 3.53 3.53 3.68 3.81 3.71 3.51 3.41 3.44 3.70 4.20 4.43 4.19 3.81 3.59 3.47 3.44 3.41 3.29 3.13 3.04 3.01 3.02 3.07 3.12 3.14 3.02 2.82 2.76 2.80 2.86 2.90 2.96 3.10 3.29 3.56 3.87 4.17 4.56 5.08 5.36 5.10 4.47 3.83 3.43
4.79 4.72 4.57 4.40 4.23 4.03 3.86 3.76 3.71 3.56 3.38 3.31 3.38 3.54 3.61 3.48 3.20 3.03 3.14 3.35 3.49 3.67 4.02 4.21 4.12 3.95 3.80 3.71 3.66 3.69 3.78 3.82 3.79 3.79 3.85 3.89 3.87 3.85 3.84 3.79 3.64 3.56 3.62 3.64 3.49 3.40 3.47 3.60 3.98 4.51 4.60 4.20 3.76 3.54 3.44 3.42 3.37 3.23 3.06 3.01 3.01 3.04 3.09 3.14 3.16 3.08 2.97 2.95 3.00 3.02 3.02 3.10 3.26 3.50 3.81 4.14 4.58 5.15 5.54 5.36 4.71 4.05 3.56 3.18
4.94 4.67 4.21 3.97 3.87 3.77 3.63 3.54 3.51 3.43 3.36 3.42 3.59 3.72 3.60 3.31 3.06 3.01 3.12 3.25 3.40 3.67 4.10 4.27 4.13 3.89 3.68 3.57 3.55 3.63 3.76 3.86 3.88 3.89 3.87 3.75 3.63 3.59 3.61 3.61 3.51 3.43 3.39 3.37 3.34 3.40 3.54 3.73 4.24 4.75 4.63 4.06 3.60 3.44 3.40 3.39 3.33 3.18 3.03 3.03 3.08 3.12 3.14 3.16 3.18 3.14 3.09 3.11 3.16 3.18 3.24 3.41 3.64 3.94 4.25 4.61 5.10 5.61 5.66 5.09 4.34 3.87 3.53 3.16
4.80 4.40 3.73 3.41 3.31 3.28 3.32 3.42 3.51 3.58 3.68 3.87 4.05 3.98 3.64 3.26 3.01 2.92 2.93 3.08 3.37 3.78 4.20 4.29 4.08 3.82 3.60 3.47 3.43 3.52 3.64 3.72 3.71 3.70 3.62 3.46 3.30 3.20 3.13 3.09 3.12 3.17 3.22 3.27 3.38 3.52 3.63 3.93 4.57 4.90 4.51 3.83 3.47 3.38 3.37 3.37 3.30 3.17 3.08 3.15 3.24 3.27 3.24 3.20 3.19 3.19 3.19 3.25 3.31 3.39 3.58 3.89 4.25 4.62 4.95 5.27 5.63 5.80 5.46 4.70 4.17 3.94 3.75 3.52
4.41 3.97 3.31 3.07 2.98 2.99 3.17 3.41 3.62 3.80 3.96 4.12 4.14 3.90 3.51 3.19 2.98 2.88 2.93 3.18 3.53 3.93 4.28 4.30 4.06 3.83 3.63 3.48 3.40 3.42 3.49 3.47 3.40 3.35 3.30 3.16 2.98 2.86 2.76 2.76 2.88 3.05 3.21 3.41 3.66 3.82 3.98 4.41 4.93 4.90 4.30 3.69 3.45 3.39 3.36 3.37 3.36 3.36 3.42 3.52 3.52 3.43 3.33 3.28 3.30 3.33 3.35 3.42 3.52 3.68 4.00 4.43 4.88 5.22 5.44 5.61 5.71 5.60 5.13 4.56 4.30 4.20 4.08 4.08
3.91 3.59 3.19 3.11 3.12 3.19 3.33 3.47 3.64 3.81 3.92 3.96 3.82 3.53 3.25 3.06 2.95 2.94 3.11 3.45 3.79 4.12 4.38 4.34 4.10 3.89 3.72 3.60 3.53 3.49 3.46 3.36 3.26 3.18 3.09 2.91 2.73 2.65 2.64 2.72 2.89 3.12 3.43 3.80 4.09 4.26 4.50 4.87 5.06 4.74 4.09 3.63 3.44 3.36 3.36 3.43 3.54 3.69 3.83 3.86 3.71 3.51 3.40 3.40 3.47 3.53 3.53 3.59 3.73 4.01 4.42 4.86 5.18 5.30 5.31 5.32 5.28 5.12 4.82 4.55 4.42 4.31 4.25 4.41
3.66 3.61 3.63 3.72 3.75 3.73 3.65 3.59 3.65 3.73 3.76 3.69 3.49 3.25 3.08 2.97 2.93 3.03 3.32 3.71 4.02 4.33 4.48 4.37 4.13 3.94 3.80 3.70 3.66 3.64 3.53 3.35 3.19 3.06 2.90 2.72 2.60 2.60 2.66 2.80 3.05 3.42 3.87 4.24 4.43 4.55 4.72 4.92 4.88 4.43 3.87 3.51 3.31 3.24 3.34 3.52 3.69 3.81 3.82 3.69 3.50 3.42 3.43 3.48 3.57 3.64 3.66 3.72 3.88 4.21 4.63 4.91 4.97 4.85 4.72 4.67 4.71 4.73 4.61 4.39 4.22 4.12 4.17 4.40
3.84 4.02 4.33 4.49 4.45 4.26 3.97 3.85 3.84 3.77 3.62 3.46 3.29 3.16 3.04 2.97 2.99 3.20 3.61 4.01 4.28 4.49 4.49 4.31 4.11 3.97 3.83 3.71 3.66 3.64 3.54 3.31 3.08 2.91 2.76 2.65 2.62 2.66 2.76 2.98 3.42 3.96 4.37 4.55 4.57 4.55 4.61 4.71 4.58 4.12 3.64 3.28 3.07 3.10 3.34 3.56 3.66 3.62 3.45 3.26 3.22 3.29 3.38 3.48 3.58 3.66 3.70 3.78 3.93 4.20 4.50 4.57 4.43 4.27 4.14 4.15 4.40 4.61 4.51 4.20 3.98 3.91 3.97 4.11
4.11 4.33 4.63 4.72 4.63 4.44 4.29 4.20 4.08 3.83 3.53 3.34 3.24 3.17 3.09 3.05 3.19 3.53 3.97 4.26 4.40 4.43 4.31 4.15 4.03 3.94 3.80 3.64 3.56 3.51 3.41 3.21 3.02 2.87 2.76 2.69 2.69 2.76 2.98 3.43 4.06 4.53 4.67 4.60 4.46 4.36 4.41 4.50 4.34 3.89 3.40 3.04 2.89 3.07 3.36 3.52 3.46 3.25 3.02 2.95 3.04 3.19 3.32 3.44 3.55 3.61 3.68 3.79 3.94 4.14 4.26 4.18 4.05 3.99 3.96 4.10 4.49 4.71 4.54 4.17 3.96 3.88 3.83 3.84
4.32 4.44 4.58 4.54 4.38 4.23 4.23 4.19 4.02 3.74 3.47 3.34 3.29 3.23 3.18 3.24 3.50 3.87 4.19 4.29 4.24 4.13 4.03 4.00 3.98 3.90 3.71 3.48 3.40 3.36 3.25 3.12 3.02 2.92 2.82 2.76 2.81 3.01 3.46 4.11 4.61 4.70 4.51 4.29 4.16 4.14 4.25 4.33 4.14 3.68 3.21 2.95 2.94 3.15 3.39 3.41 3.21 2.89 2.67 2.68 2.87 3.12 3.30 3.43 3.53 3.61 3.68 3.79 3.93 4.07 4.11 4.06 4.01 3.98 4.04 4.36 4.77 4.88 4.62 4.26 4.04 3.90 3.77 3.80
4.46 4.51 4.54 4.37 4.10 3.88 3.82 3.78 3.70 3.58 3.46 3.40 3.36 3.30 3.29 3.43 3.73 4.02 4.14 4.06 3.91 3.79 3.82 3.95 4.00 3.89 3.66 3.45 3.38 3.32 3.21 3.10 3.02 2.92 2.85 2.86 3.07 3.49 4.06 4.54 4.64 4.40 4.10 3.95 3.94 4.01 4.13 4.16 3.92 3.49 3.13 2.99 3.01 3.20 3.39 3.34 3.11 2.85 2.67 2.70 2.93 3.16 3.34 3.49 3.61 3.68 3.73 3.77 3.84 3.90 3.99 4.06 4.01 3.95 4.15 4.67 5.08 5.00 4.65 4.28 4.04 3.84 3.73 3.88
4.53 4.53 4.41 4.09 3.76 3.53 3.41 3.36 3.39 3.41 3.41 3.41 3.38 3.34 3.36 3.49 3.69 3.78 3.71 3.56 3.44 3.46 3.69 4.01 4.11 3.96 3.74 3.61 3.55 3.41 3.24 3.09 2.95 2.86 2.85 2.99 3.34 3.84 4.25 4.41 4.27 4.00 3.81 3.80 3.87 3.92 3.98 3.97 3.74 3.38 3.12 2.97 2.98 3.21 3.44 3.39 3.22 3.07 2.99 3.08 3.27 3.35 3.43 3.55 3.67 3.73 3.73 3.72 3.73 3.80 3.96 4.06 3.97 4.00 4.47 5.13 5.35 5.03 4.52 4.13 3.88 3.69 3.66 3.89
4.48 4.34 3.96 3.47 3.13 3.01 3.04 3.13 3.20 3.24 3.28 3.34 3.37 3.36 3.38 3.42 3.41 3.30 3.16 3.12 3.17 3.38 3.80 4.20 4.25 4.03 3.83 3.75 3.62 3.39 3.19 3.02 2.87 2.83 2.91 3.09 3.44 3.84 4.08 4.12 4.01 3.81 3.73 3.78 3.81 3.79 3.80 3.79 3.62 3.32 3.03 2.87 3.00 3.35 3.58 3.54 3.40 3.33 3.38 3.51 3.59 3.54 3.52 3.59 3.68 3.73 3.72 3.74 3.82 3.98 4.11 4.08 4.06 4.38 5.05 5.48 5.35 4.81 4.28 3.94 3.74 3.61 3.63 3.81
4.22 3.95 3.48 3.05 2.75 2.76 2.95 3.12 3.20 3.25 3.29 3.33 3.37 3.37 3.34 3.27 3.15 3.05 3.10 3.25 3.41 3.68 4.09 4.35 4.26 3.97 3.76 3.63 3.36 3.10 2.99 2.89 2.82 2.87 2.99 3.18 3.47 3.81 4.01 4.08 3.97 3.78 3.71 3.74 3.68 3.61 3.63 3.64 3.48 3.13 2.80 2.81 3.18 3.60 3.76 3.70 3.58 3.55 3.63 3.71 3.73 3.70 3.69 3.74 3.75 3.73 3.75 3.85 4.00 4.12 4.11 4.05 4.27 4.86 5.42 5.40 4.92 4.38 4.03 3.81 3.68 3.60 3.62 3.70
3.81 3.62 3.35 3.19 3.08 3.10 3.19 3.23 3.25 3.32 3.39 3.41 3.40 3.35 3.25 3.15 3.13 3.24 3.41 3.50 3.55 3.76 4.11 4.28 4.11 3.78 3.53 3.26 2.91 2.74 2.75 2.75 2.81 2.93 3.07 3.26 3.58 3.93 4.15 4.17 3.97 3.74 3.65 3.61 3.49 3.41 3.47 3.50 3.28 2.85 2.66 2.96 3.49 3.82 3.87 3.78 3.69 3.67 3.71 3.74 3.78 3.86 3.92 3.93 3.85 3.77 3.79 3.89 3.97 3.95 3.91 4.09 4.59 5.18 5.37 4.97 4.35 3.97 3.79 3.64 3.50 3.41 3.43 3.47
3.53 3.50 3.45 3.45 3.46 3.46 3.42 3.37 3.37 3.41 3.42 3.41 3.40 3.32 3.22 3.21 3.33 3.46 3.43 3.28 3.27 3.55 3.98 4.17 3.95 3.55 3.18 2.83 2.56 2.54 2.67 2.77 2.87 3.00 3.16 3.39 3.75 4.09 4.23 4.12 3.87 3.67 3.56 3.45 3.30 3.25 3.36 3.36 3.05 2.69 2.75 3.28 3.76 3.93 3.90 3.80 3.73 3.70 3.68 3.70 3.76 3.87 3.93 3.90 3.82 3.77 3.77 3.81 3.80 3.77 3.90 4.34 4.88 5.11 4.95 4.47 4.01 3.75 3.60 3.44 3.27 3.17 3.14 3.09
3.44 3.48 3.52 3.57 3.60 3.61 3.68 3.71 3.70 3.60 3.43 3.34 3.34 3.31 3.30 3.40 3.51 3.47 3.26 3.12 3.28 3.72 4.13 4.19 3.82 3.32 2.91 2.64 2.54 2.64 2.79 2.90 2.98 3.11 3.30 3.58 3.89 4.11 4.12 3.95 3.74 3.60 3.50 3.34 3.19 3.20 3.31 3.24 2.93 2.76 3.02 3.57 3.91 3.96 3.88 3.79 3.71 3.62 3.55 3.58 3.66 3.74 3.77 3.72 3.66 3.66 3.69 3.71 3.72 3.79 4.09 4.51 4.72 4.65 4.47 4.20 3.90 3.67 3.49 3.32 3.20 3.11 3.00 2.90
3.37 3.40 3.51 3.70 3.84 3.93 4.00 3.95 3.75 3.46 3.25 3.24 3.31 3.36 3.40 3.49 3.52 3.44 3.39 3.53 3.85 4.17 4.36 4.20 3.71 3.22 2.93 2.84 2.89 3.00 3.06 3.06 3.10 3.22 3.41 3.62 3.82 3.98 3.98 3.85 3.70 3.61 3.50 3.36 3.26 3.26 3.30 3.20 2.96 2.93 3.31 3.80 4.00 3.95 3.85 3.75 3.62 3.47 3.39 3.47 3.58 3.62 3.60 3.50 3.42 3.46 3.57 3.64 3.71 3.87 4.11 4.26 4.18 4.18 4.26 4.14 3.87 3.64 3.42 3.25 3.17 3.10 2.95 2.84
