project/data/elevation/US_DEM2016/US_DEM2016_point_10-28-2019_2058_30m_ang.asc
ncols	125
nrows	167
xllcorner	-2042055.000000
yllcorner	1465035.000000
cellsize	30.000000
NODATA_value	-9999.000000
[rows 42 to 83 of 167, columns 0 to 94 of 125]
300 303 310 317 320 322 325 329 330 331 335 344 358 351 335 328 327 331 337 337 331 327 326 326 325 323 321 320 319 319 319 321 323 325 325 324 322 321 319 319 324 330 328 316 307 309 316 324 328 331 336 344 348 343 330 322 317 314 309 301 299 302 308 313 317 320 320 320 323 324 320 309 298 291 292 301 309 305 301 308 325 326 320 318 316 316 320 327 331 334 336 340 347 358 12
301 304 311 317 320 322 325 329 331 334 339 351 360 38 328 327 327 330 334 335 330 327 327 328 327 326 325 323 321 320 318 318 320 323 325 323 322 320 317 315 319 328 331 318 305 303 309 317 320 319 322 334 348 347 331 322 320 320 316 309 305 307 313 317 320 321 321 322 324 326 324 315 302 292 288 294 300 300 298 304 320 323 318 316 313 311 315 323 329 333 337 343 352 6 17
302 305 312 318 321 325 328 331 335 339 345 359 1 32 326 325 326 328 331 331 327 325 325 326 325 324 324 322 320 320 317 315 316 320 323 321 321 322 321 316 314 323 332 321 305 300 303 310 316 315 315 323 339 341 328 321 321 322 320 313 308 308 313 317 319 320 322 323 324 321 316 313 309 302 298 300 302 302 299 303 313 317 315 313 311 308 310 318 324 326 330 337 354 14 17
303 306 314 320 323 326 328 332 337 343 352 4 359 338 327 327 328 329 330 329 325 321 321 322 323 322 322 321 319 318 315 312 312 317 320 318 318 322 325 320 313 317 326 318 304 298 299 310 319 323 324 326 333 335 326 320 320 321 319 314 308 307 310 316 319 321 322 322 318 314 313 312 312 311 309 308 308 309 295 310 313 313 312 311 311 308 308 314 322 326 328 333 352 15 7
303 306 314 319 322 324 326 329 335 345 358 6 350 331 325 326 328 328 329 329 325 322 321 321 321 321 321 320 318 315 312 308 308 313 319 316 313 317 325 329 323 316 316 314 306 300 302 312 321 324 324 324 328 332 329 324 320 321 321 316 309 307 310 315 319 319 318 317 316 316 316 316 315 314 313 312 313 315 317 319 302 318 314 311 310 309 309 313 324 333 339 347 3 6 353
301 304 312 317 320 323 325 327 332 344 3 5 27 328 319 320 322 324 327 329 327 324 322 321 320 319 319 318 315 312 310 306 305 309 318 318 312 311 320 335 340 324 315 313 309 304 305 310 315 314 313 316 322 330 335 333 326 324 324 320 312 308 309 314 316 315 315 318 320 320 321 322 320 318 317 316 316 318 320 324 328 326 318 312 310 311 311 313 322 335 346 2 11 358 346
301 304 310 315 318 322 326 328 333 346 5 360 335 330 316 314 314 319 324 328 328 325 322 320 319 317 316 314 311 310 311 309 306 309 318 321 314 308 313 334 348 328 313 310 307 303 302 305 311 312 313 316 322 331 341 342 334 327 326 323 316 310 311 315 319 321 323 325 326 326 327 328 327 325 323 322 323 324 325 326 330 330 322 314 311 311 312 312 318 332 351 14 11 350 342
302 305 312 315 317 321 328 333 338 351 1 351 334 329 325 320 316 318 322 327 328 325 321 319 318 315 313 310 309 310 315 313 308 310 319 325 319 310 309 331 343 325 311 305 303 300 301 306 315 316 316 319 326 335 346 349 340 330 327 325 319 314 314 318 323 326 329 331 332 332 332 333 333 332 330 329 330 331 333 332 332 331 326 318 311 310 310 309 313 328 359 18 3 340 335
301 304 313 317 318 321 328 336 344 356 356 342 332 332 332 326 322 321 322 327 329 326 323 320 317 315 312 308 308 311 315 313 308 309 318 329 330 322 315 328 333 324 317 313 310 305 306 312 319 320 321 324 330 340 351 354 344 331 327 324 319 314 314 316 322 326 329 332 333 334 333 333 334 334 332 332 333 335 338 339 337 334 331 325 317 311 308 307 311 329 4 15 351 331 325
299 302 311 318 320 321 325 335 347 356 348 334 331 334 334 328 322 320 321 325 327 326 324 321 317 314 310 306 306 310 314 311 307 307 314 328 342 343 332 330 331 328 325 322 319 314 314 318 324 325 326 329 335 344 356 358 345 330 324 322 317 312 309 311 315 320 323 325 326 327 327 327 328 328 328 327 328 332 337 339 339 338 337 335 327 319 309 304 310 334 2 2 344 328 319
299 301 308 316 321 322 321 330 347 353 337 326 328 333 335 329 320 315 317 321 322 322 322 321 317 313 308 305 304 309 314 310 308 307 311 326 349 349 334 329 329 328 327 325 322 320 319 322 326 328 330 334 339 348 359 2 346 330 324 321 318 312 306 304 307 311 313 313 312 312 313 314 315 315 316 315 316 320 326 329 330 332 335 326 337 299 315 302 307 332 349 349 344 336 328
299 301 307 313 319 321 319 326 346 353 23 333 321 331 335 331 319 311 311 315 316 317 319 319 317 313 307 304 304 309 316 315 311 307 308 325 352 343 328 325 324 323 324 323 321 319 319 322 325 327 330 336 342 351 3 5 349 333 327 324 320 314 306 302 301 304 308 309 310 310 309 306 303 303 303 302 301 305 312 314 312 310 315 323 332 304 324 310 309 324 337 344 344 339 334
301 303 309 314 320 323 319 321 341 354 329 343 314 328 334 329 320 311 308 311 314 316 318 318 317 313 308 305 306 312 320 322 317 309 307 325 348 335 323 321 319 318 318 318 316 316 317 320 324 324 326 334 344 354 7 8 350 333 327 324 320 315 307 301 299 304 310 314 316 316 312 304 297 293 292 290 288 288 292 294 292 290 295 305 318 330 331 325 321 324 332 340 340 336 334
304 306 313 319 324 327 324 321 334 349 328 356 309 332 336 358 323 318 314 313 314 317 318 318 317 314 310 307 308 313 320 326 324 316 311 326 340 331 323 321 318 315 314 314 313 313 314 318 324 323 322 330 344 358 12 10 348 330 324 321 317 313 305 299 299 305 312 317 318 316 311 306 302 298 294 289 284 280 278 283 278 295 302 314 281 330 335 333 325 324 329 336 334 331 330
305 309 317 323 330 334 334 331 339 345 328 21 15 336 338 331 327 325 322 319 317 317 318 319 318 316 313 310 309 313 321 327 330 330 329 332 333 331 328 325 321 317 313 311 310 310 313 319 324 323 319 326 344 3 17 8 343 326 320 317 314 310 304 299 301 305 312 316 315 312 312 313 315 314 309 290 279 274 290 293 300 306 314 325 298 340 341 333 324 324 329 332 330 327 325
305 309 318 326 333 340 342 343 350 350 25 322 326 334 336 334 332 329 327 325 322 320 320 320 319 318 316 312 312 317 325 331 336 342 345 337 331 331 330 327 323 318 312 309 309 310 314 319 323 321 315 321 345 13 22 1 337 326 321 319 316 314 309 304 303 305 309 311 311 313 317 320 321 320 316 310 308 307 306 307 310 315 321 315 341 347 346 334 324 323 329 331 328 325 322
302 306 316 325 333 341 345 349 358 355 334 324 327 331 333 333 333 331 330 329 326 322 321 320 319 319 317 313 314 319 327 333 339 348 351 339 329 328 328 326 323 317 311 308 307 309 313 317 319 316 310 314 345 22 20 352 335 330 327 325 324 322 316 309 306 307 310 312 313 317 321 324 323 317 314 313 312 313 313 314 318 321 325 334 344 350 349 336 323 321 327 330 325 320 319
300 303 313 322 328 336 343 352 5 1 27 320 323 334 327 328 328 328 328 327 325 322 319 318 318 317 315 313 314 320 326 330 336 348 351 338 327 325 325 324 321 315 309 305 305 308 310 312 313 311 305 306 339 19 6 343 336 333 330 329 327 324 319 314 311 312 315 317 319 321 324 325 323 318 316 316 317 318 319 320 322 326 329 336 346 350 349 336 322 320 324 327 322 317 316
299 302 312 321 324 326 335 352 12 7 333 316 316 318 318 318 318 319 319 319 319 316 314 314 314 313 310 310 313 320 328 330 335 347 349 338 328 325 324 322 318 312 305 301 303 307 308 310 313 314 312 313 338 2 348 336 335 333 331 329 327 324 320 316 315 317 319 319 322 325 327 328 326 323 322 322 323 324 325 325 326 330 332 338 308 352 348 334 320 318 321 323 319 317 322
298 301 312 321 324 323 325 346 17 12 331 310 308 309 309 307 305 304 303 303 305 305 304 305 306 305 304 304 309 319 329 335 341 348 349 339 328 323 322 320 316 309 301 300 304 311 315 317 320 325 329 334 348 355 339 331 332 331 330 329 327 324 320 317 316 317 319 320 325 330 334 334 331 329 328 328 328 329 330 329 330 332 336 342 349 355 351 330 316 314 316 318 317 321 332
298 300 310 321 328 329 327 344 18 6 330 311 305 304 301 296 295 293 292 294 296 296 295 295 299 300 300 301 306 316 325 333 341 350 353 344 328 320 319 318 315 309 303 303 308 318 324 326 328 333 339 346 358 358 338 327 328 327 326 326 325 322 319 316 315 314 314 317 325 334 337 336 333 331 330 329 329 330 331 331 332 334 338 317 352 359 355 331 315 312 312 313 316 325 330
300 303 313 323 332 337 340 355 6 349 333 323 317 313 309 299 328 298 301 304 303 299 296 296 299 301 300 301 305 314 320 324 333 348 358 351 332 320 318 317 316 311 307 307 312 322 328 330 332 336 342 352 4 2 341 328 328 326 322 320 320 319 317 317 316 311 309 312 321 331 333 332 331 329 327 326 326 327 328 328 329 332 336 345 306 300 354 331 315 311 311 310 316 326 324
304 307 318 328 337 344 355 8 351 336 333 330 327 326 325 319 314 311 310 311 312 310 308 306 305 303 301 302 306 316 320 319 323 339 357 353 336 325 323 322 319 314 309 308 312 321 326 329 333 338 345 353 5 2 341 329 327 323 318 316 315 315 315 317 315 310 306 307 315 324 326 326 325 323 320 320 321 323 321 318 319 322 326 334 350 296 346 329 316 310 309 310 317 324 319
305 309 321 332 342 352 7 6 345 334 333 332 331 332 332 329 325 318 311 311 313 315 316 315 311 306 304 304 310 320 324 323 323 335 349 344 336 331 329 327 322 315 309 307 310 317 322 325 331 340 348 355 4 1 340 328 326 320 315 313 315 314 315 316 313 307 303 304 311 317 319 320 320 318 314 312 315 318 312 302 299 299 296 295 310 328 332 330 322 315 311 312 319 326 318
305 309 321 334 345 359 9 356 341 337 334 333 333 334 333 331 329 323 315 311 313 315 317 318 315 310 308 309 315 325 331 332 334 341 345 338 332 330 329 326 320 313 307 305 308 315 319 322 327 338 347 356 5 357 339 327 323 318 313 313 317 315 316 315 310 305 302 303 309 312 314 314 315 315 311 304 303 307 297 280 274 270 267 276 295 312 323 330 328 322 318 318 324 331 324
305 309 322 336 349 5 4 344 30 334 333 331 333 334 333 332 330 328 321 315 313 314 316 317 317 315 313 313 319 327 334 339 342 347 347 336 327 325 324 322 317 310 305 303 306 312 316 318 322 329 340 354 5 350 335 324 319 316 313 313 316 317 317 314 309 304 301 302 306 307 308 308 307 308 308 297 285 278 282 271 270 281 281 291 302 310 319 329 331 325 321 322 328 338 336
305 310 323 339 355 9 357 332 325 326 326 326 328 329 331 331 331 330 326 320 314 312 313 315 316 317 316 316 319 326 333 339 344 351 353 340 325 321 320 318 315 309 304 301 304 310 316 319 321 322 326 343 357 349 328 317 314 313 312 309 312 316 315 312 308 301 297 295 299 300 300 299 295 294 295 286 271 272 275 284 289 297 302 303 306 311 317 326 329 326 325 326 329 339 344
305 310 324 342 2 12 352 328 321 318 318 319 322 323 325 328 330 330 330 326 317 312 311 312 314 317 318 318 319 321 325 331 339 351 357 348 329 322 322 319 315 310 305 302 304 312 319 322 323 320 319 331 346 334 328 310 306 307 310 306 308 312 310 307 303 296 290 290 295 297 296 295 291 283 278 277 279 265 294 300 305 309 310 308 308 312 317 323 326 328 331 332 331 338 346
306 310 326 345 7 11 348 332 327 323 319 315 315 317 319 322 325 327 329 329 323 315 312 311 313 316 319 319 319 319 318 320 328 344 356 350 333 325 322 319 315 310 306 303 305 312 320 322 323 324 325 332 344 344 337 312 307 310 315 311 310 311 307 303 300 296 293 295 301 305 307 308 305 297 288 289 296 302 306 309 311 313 314 312 313 317 322 326 329 333 338 339 335 337 345
307 312 329 349 9 5 344 334 333 332 329 321 315 314 315 317 320 323 326 329 327 320 315 313 314 318 321 322 322 321 320 321 326 337 350 348 334 324 321 317 314 310 306 302 303 309 318 322 325 329 332 338 348 350 349 324 324 327 326 325 323 320 315 311 309 307 305 306 311 316 318 320 319 314 308 306 308 309 310 312 315 318 320 319 320 325 331 335 337 341 347 346 339 338 347
309 315 332 354 9 357 340 334 334 335 335 331 325 321 318 318 318 320 323 327 327 322 317 315 316 319 323 325 327 328 328 330 333 340 348 347 333 324 320 317 314 310 305 301 302 311 322 327 329 333 336 342 353 354 340 330 330 331 331 331 331 329 325 322 319 316 312 310 312 317 319 320 317 315 314 313 313 312 313 316 320 324 326 325 326 330 336 341 345 350 356 354 345 343 354
311 317 335 359 6 350 339 334 333 333 334 334 333 330 326 322 320 320 322 325 326 323 318 316 317 320 322 326 330 331 332 334 338 344 351 350 335 324 320 319 317 313 307 303 305 313 324 328 330 333 337 344 355 356 342 329 326 326 327 330 330 328 326 323 320 318 312 306 306 309 311 311 313 315 316 316 316 315 316 320 324 328 330 329 329 333 338 343 348 356 4 2 351 351 358
314 320 340 0 359 346 338 333 331 330 331 332 332 333 331 326 322 320 320 323 324 321 317 315 317 319 320 323 327 330 332 334 337 343 351 351 335 323 320 321 319 316 310 305 306 311 319 323 325 326 330 339 351 355 342 326 322 322 322 323 324 323 322 320 317 313 307 299 299 302 307 311 314 316 317 318 318 317 318 322 326 329 330 329 330 335 338 340 345 356 7 6 357 356 355
316 323 345 359 351 341 337 332 329 327 326 327 327 328 328 325 323 320 318 319 320 319 315 314 316 319 319 319 322 326 330 332 335 338 346 347 336 324 320 319 318 315 309 304 303 307 314 318 320 324 327 333 346 352 340 326 322 322 320 318 318 317 317 315 311 307 304 299 300 306 312 315 316 317 319 320 320 318 320 323 325 325 324 322 323 331 341 342 343 353 6 4 357 356 351
316 325 349 359 348 337 334 330 327 325 322 322 321 321 321 321 320 318 317 317 317 316 313 313 315 318 321 320 319 322 328 333 337 339 343 347 341 329 320 317 315 314 309 303 301 305 314 320 324 328 332 337 346 349 337 326 323 323 321 318 315 315 316 314 313 313 311 308 307 311 317 320 320 320 323 324 324 322 323 326 325 319 314 312 312 321 336 347 352 360 5 357 351 352 349
316 326 351 1 347 332 328 326 323 323 321 320 319 318 317 316 316 317 316 316 315 314 312 311 312 316 323 324 320 320 327 336 340 342 345 350 349 336 323 319 317 315 309 302 299 302 310 318 322 325 329 336 344 345 333 325 323 324 322 318 316 320 323 319 320 321 319 316 315 318 321 323 324 325 327 328 327 326 326 330 331 325 318 313 311 313 324 342 358 8 6 351 345 348 348
315 326 353 1 344 327 324 323 341 325 325 322 320 318 316 315 315 317 317 316 315 314 312 309 308 312 320 325 321 317 323 332 338 342 347 354 356 341 326 320 316 312 307 299 295 296 302 309 312 315 320 329 339 342 335 324 322 323 321 318 319 327 328 322 322 323 324 323 322 323 323 323 325 328 328 329 328 327 327 330 334 334 330 324 321 320 323 333 354 7 359 345 342 345 346
318 329 356 356 340 328 325 326 327 328 327 324 321 319 317 316 317 318 319 317 315 314 312 308 305 306 314 321 319 314 317 324 330 338 348 359 358 344 326 319 314 310 306 299 294 294 299 307 313 319 325 331 338 344 340 328 321 321 320 318 323 329 326 322 321 323 325 324 323 322 320 320 323 326 326 326 326 326 325 327 331 333 335 333 330 331 333 339 351 355 347 340 340 343 343
327 337 350 346 339 332 328 328 328 327 326 323 320 318 317 316 317 319 320 318 315 314 312 308 303 303 308 316 316 310 309 313 317 328 345 2 350 344 329 324 320 317 313 306 301 301 305 312 319 324 329 334 339 345 346 332 323 324 325 328 331 330 327 323 321 321 322 322 321 318 314 314 317 321 321 320 322 325 325 325 326 327 331 334 334 335 341 349 354 346 340 337 336 339 338
345 345 342 337 335 332 329 327 326 325 323 320 317 316 315 315 316 319 320 317 314 313 311 308 304 301 304 311 313 306 301 301 305 315 338 3 359 340 331 328 326 324 321 314 309 308 311 316 321 326 330 332 337 346 348 335 356 327 331 335 336 333 328 324 321 319 319 320 318 314 310 309 313 319 320 317 318 323 326 327 326 323 324 330 334 337 343 353 355 343 337 337 332 332 331
352 349 342 333 329 328 327 325 324 322 319 316 314 314 314 313 314 318 321 316 311 310 310 307 303 301 302 309 315 311 305 303 304 308 329 347 346 333 328 327 325 324 323 317 311 309 312 317 322 326 328 330 335 344 351 341 358 329 328 332 334 331 327 322 319 318 320 321 317 313 308 307 312 318 321 316 315 319 325 329 330 326 321 322 331 339 345 352 354 344 337 337 331 326 324
345 348 347 337 328 326 325 323 321 318 315 313 312 313 313 312 313 318 323 317 308 307 308 305 302 301 302 310 319 320 317 316 317 319 328 339 336 327 325 324 322 322 320 316 310 308 310 315 321 326 329 333 338 346 354 348 5 335 323 327 329 328 324 319 316 318 324 323 318 312 307 305 309 316 320 315 311 313 318 325 331 329 322 316 322 337 348 353 353 346 341 339 331 322 317
