project/data/elevation/US_DEM2016/US_DEM2016_point_10-30-2019_1841_30m_vel.asc
ncols	125
nrows	167
xllcorner	-2042055.000000
yllcorner	1465035.000000
cellsize	30.000000
NODATA_value	-9999.000000
[rows 37 to 73 of 167, columns 0 to 83 of 125]
8.92 9.22 9.32 9.01 8.57 7.99 7.44 6.78 6.03 5.34 5.07 5.31 6.10 7.24 7.88 7.83 7.58 7.69 8.29 9.08 9.73 10.28 10.76 11.16 11.31 11.31 11.21 10.96 10.39 9.45 8.31 7.42 7.17 7.51 7.95 8.28 8.52 8.78 9.07 9.53 10.01 10.15 10.10 9.67 9.49 9.70 9.81 9.40 8.76 7.99 7.34 7.06 7.01 7.45 7.80 7.85 7.81 8.00 8.09 8.29 8.33 8.20 7.79 6.94 5.95 5.26 4.99 5.04 5.23 5.47 5.82 6.13 6.42 6.72 7.17 7.71 8.55 9.86 11.67 13.26 14.31 14.30 13.59 12.63
8.77 8.65 8.36 8.02 7.52 7.18 6.89 6.41 5.78 5.19 5.26 4.99 5.38 6.14 7.21 7.35 7.37 7.14 7.59 8.10 8.42 8.60 8.80 9.18 9.66 10.05 10.48 10.90 10.87 10.43 9.58 8.64 8.01 7.79 7.95 8.55 9.23 9.59 9.85 10.33 10.95 11.39 11.60 11.45 11.11 10.65 9.83 8.65 7.84 7.25 6.99 6.99 6.96 7.27 7.76 7.92 7.94 8.15 8.17 8.09 7.97 7.64 7.47 7.08 6.47 5.81 5.11 4.83 4.87 4.98 5.20 5.51 5.84 6.34 6.74 7.12 7.63 8.59 9.82 11.14 12.17 12.80 12.91 12.48
8.47 7.93 7.30 6.97 6.53 6.31 6.13 5.90 5.66 5.47 5.44 5.51 5.62 6.38 6.85 6.88 7.02 7.08 6.82 6.70 6.53 6.46 6.60 7.09 7.94 8.87 9.64 10.39 10.87 10.94 10.52 9.73 9.01 8.67 8.93 9.70 10.30 10.64 10.77 10.87 11.12 11.26 11.46 11.48 11.24 10.70 9.67 8.60 7.81 7.13 6.94 7.12 7.19 7.27 7.76 8.06 8.23 8.40 8.13 7.63 6.99 6.31 5.75 5.59 5.46 5.21 4.68 4.35 4.37 4.45 4.65 5.05 5.51 5.95 6.29 6.59 6.86 7.41 8.20 8.84 9.19 9.98 11.41 12.33
8.04 7.45 6.76 6.43 6.26 6.14 6.15 6.24 6.36 6.51 6.68 6.80 6.70 6.54 7.20 6.93 6.85 6.90 6.44 5.83 5.59 5.70 6.07 6.65 7.53 8.32 9.01 9.71 10.36 10.85 10.98 10.62 10.19 10.23 10.68 11.30 11.77 11.98 11.69 11.18 10.93 10.39 10.09 10.36 10.53 10.65 10.31 9.94 9.46 8.94 8.32 7.98 7.78 7.51 7.72 7.93 8.08 8.14 7.78 7.17 6.42 5.44 4.31 3.88 3.85 3.92 4.09 4.19 4.21 4.14 4.13 4.60 5.29 5.71 5.97 6.21 6.37 6.62 7.08 7.51 7.67 8.21 9.87 11.91
7.97 7.58 7.15 6.98 6.98 7.00 7.01 7.10 7.30 7.57 7.80 7.81 7.56 7.29 7.13 7.07 7.12 7.05 6.72 6.29 6.23 6.47 6.83 7.18 7.47 7.81 8.11 8.60 9.41 10.21 10.98 11.14 11.28 11.59 11.97 12.24 12.34 12.12 11.64 11.01 10.41 9.70 9.10 8.96 9.52 9.91 10.10 10.10 10.20 10.21 9.92 9.06 8.24 7.64 7.47 7.45 7.33 7.16 6.98 6.83 6.44 5.60 4.44 3.87 3.86 4.06 4.31 4.38 4.27 4.11 4.05 4.34 4.92 5.32 5.49 5.64 5.95 6.36 6.70 7.00 7.27 7.47 8.37 10.38
8.16 8.02 7.88 7.84 7.81 7.76 7.68 7.74 8.01 8.33 8.44 8.26 7.83 7.70 7.74 7.78 7.77 7.75 7.69 7.64 7.73 7.91 8.11 8.26 8.36 8.31 8.24 8.37 8.92 9.61 10.66 11.29 11.96 12.49 12.51 12.05 11.42 10.75 10.16 9.81 9.49 8.97 8.27 8.00 8.31 8.78 9.03 8.90 9.06 9.34 9.44 8.99 8.27 7.54 7.29 7.27 7.07 6.77 6.70 7.08 7.16 6.74 5.94 5.51 5.51 5.39 5.06 4.70 4.61 4.59 4.42 4.29 4.39 4.47 4.40 4.52 5.19 5.97 6.32 6.55 6.98 7.32 7.96 9.30
8.22 8.18 8.17 8.19 8.21 8.24 8.35 8.57 8.84 8.99 8.88 8.56 8.12 8.16 8.06 8.16 8.28 8.40 8.55 8.73 9.01 9.26 9.35 9.34 9.27 9.05 8.91 8.93 9.18 9.51 10.34 11.09 11.78 12.19 12.03 11.33 10.31 9.36 8.68 8.51 8.61 8.38 7.74 7.21 7.35 7.84 8.01 7.53 6.95 6.58 6.69 7.17 7.40 7.32 7.35 7.65 7.78 7.77 7.91 8.23 8.36 8.18 7.73 7.38 6.82 6.18 5.79 5.67 5.61 5.18 4.54 4.00 3.83 3.75 3.53 3.67 4.38 5.28 5.60 5.79 6.52 7.39 8.11 8.66
8.25 8.28 8.42 8.58 8.84 9.23 9.61 9.84 9.84 9.64 9.29 8.88 8.47 8.24 8.19 8.36 8.57 8.77 8.98 9.22 9.50 9.65 9.62 9.47 9.25 9.00 8.93 9.01 9.31 9.67 10.43 10.75 10.93 10.84 10.70 10.48 9.99 9.18 8.11 7.54 7.53 7.64 7.31 6.72 6.60 7.03 6.90 6.30 5.49 5.00 5.05 5.50 6.15 6.70 7.35 8.08 8.54 8.83 8.99 9.02 9.11 9.05 8.57 7.91 7.09 6.71 6.73 6.60 5.95 4.86 4.14 3.87 3.81 3.73 3.64 3.80 4.39 5.04 5.23 5.27 5.93 6.99 7.61 7.84
8.53 8.72 9.08 9.40 9.70 10.03 10.31 10.42 10.30 9.96 9.52 9.14 8.86 8.69 8.82 8.99 9.09 9.20 9.30 9.34 9.24 9.03 8.85 8.76 8.76 8.70 8.67 8.83 9.34 9.92 10.52 10.28 9.79 9.40 9.24 9.46 9.50 9.17 8.09 7.08 6.56 6.68 6.63 6.17 6.06 6.34 6.34 6.14 5.99 5.92 5.74 5.49 5.54 6.17 7.24 8.20 8.56 8.70 8.75 8.91 9.04 9.17 8.79 8.21 7.81 7.67 7.30 6.45 5.35 4.63 4.47 4.65 4.73 4.66 4.58 4.73 5.15 5.48 5.66 5.47 5.77 6.32 6.89 7.27
8.75 9.01 9.48 9.80 9.90 9.89 9.83 9.78 9.72 9.55 9.31 9.05 9.05 9.25 9.56 9.70 9.69 9.60 9.43 9.17 8.79 8.39 8.14 8.15 8.36 8.52 8.64 8.94 9.53 9.99 10.09 9.51 8.81 8.40 8.18 8.13 8.29 8.51 8.15 7.17 6.20 5.96 6.10 6.15 6.31 6.55 6.79 6.80 6.78 6.44 5.90 5.53 5.75 6.60 7.64 8.17 8.29 8.34 8.48 8.78 8.92 9.13 9.06 8.77 8.36 7.79 6.65 5.87 5.61 5.75 6.05 6.19 6.17 6.10 6.11 6.20 6.30 6.29 6.21 6.19 6.83 6.48 6.82 7.27
8.65 8.78 9.11 9.38 9.34 9.14 8.87 8.64 8.55 8.59 8.59 8.51 8.78 8.94 9.27 9.47 9.54 9.42 9.13 8.81 8.49 8.16 7.93 7.89 8.03 8.24 8.49 8.94 9.47 9.61 9.26 8.59 8.19 7.82 7.42 7.15 7.15 7.57 7.89 7.61 6.62 6.17 6.32 6.79 7.06 7.29 7.32 6.84 6.15 5.43 5.21 5.55 6.69 8.06 8.75 8.72 8.64 8.66 8.79 8.98 9.07 9.27 9.16 8.80 8.20 7.33 6.67 6.69 7.24 7.82 8.16 8.20 8.13 8.02 7.91 7.86 7.79 7.60 7.45 7.42 7.14 7.04 7.23 7.46
8.50 8.51 8.47 8.59 8.63 8.45 8.15 7.85 7.70 7.72 7.81 7.86 7.89 8.10 8.28 8.45 8.68 8.78 8.71 8.51 8.22 7.94 7.73 7.61 7.62 7.76 7.96 8.43 9.03 9.10 8.82 8.43 8.13 7.73 7.07 6.43 6.33 6.67 7.25 7.46 6.96 6.38 6.25 6.51 6.75 7.06 7.15 6.45 5.66 5.39 5.83 7.17 8.84 9.89 10.17 9.67 9.27 9.05 9.08 9.32 9.52 9.73 9.59 9.17 8.93 8.94 9.36 10.00 10.59 11.00 11.10 11.08 10.99 10.86 10.67 10.49 10.31 9.93 9.41 8.71 7.86 7.32 7.39 7.42
8.59 8.57 8.25 8.06 8.14 8.21 8.06 7.79 7.60 7.54 7.71 7.86 7.98 7.96 8.05 8.14 8.30 8.44 8.48 8.32 7.98 7.64 7.41 7.29 7.27 7.33 7.45 7.92 8.59 8.67 8.59 8.50 8.36 8.10 7.46 6.49 6.09 5.98 6.26 6.63 6.48 5.92 5.49 5.38 5.70 6.30 6.93 6.82 6.50 6.77 8.09 9.82 10.92 11.26 10.94 10.15 9.55 9.27 9.32 9.75 10.10 10.48 10.53 10.60 10.88 11.53 12.33 13.08 13.63 13.90 13.98 13.95 13.89 13.79 13.59 13.28 12.92 12.46 11.59 10.25 8.83 7.74 7.40 7.22
8.70 8.68 8.36 8.00 7.96 8.16 8.35 8.28 8.10 8.12 8.46 8.79 8.97 8.96 8.87 8.79 8.68 8.55 8.40 8.19 7.88 7.52 7.20 7.03 7.02 7.15 7.34 7.83 8.25 8.13 7.84 7.98 8.06 8.20 8.16 7.51 6.73 6.06 5.88 6.20 6.25 5.98 5.76 5.69 5.93 6.47 7.44 8.03 8.39 9.33 10.78 11.64 11.87 11.36 10.72 9.94 9.48 9.32 9.21 9.37 9.71 10.32 10.77 11.08 11.62 12.21 12.72 13.24 13.57 13.78 13.93 14.06 14.11 14.08 13.91 13.61 13.30 13.01 12.50 11.72 10.62 9.28 7.97 7.22
8.67 8.54 8.26 8.13 8.01 8.07 8.33 8.55 8.57 8.67 9.18 9.73 9.93 9.88 9.68 9.32 8.92 8.57 8.33 8.15 7.94 7.61 7.20 6.88 6.85 7.10 7.40 7.75 7.76 7.24 6.95 7.05 7.19 7.73 8.22 8.29 7.62 6.97 6.78 7.01 7.27 7.46 7.62 7.62 7.69 8.18 9.31 10.52 11.66 12.43 12.66 12.42 11.68 10.65 10.01 9.38 8.98 8.67 8.34 8.14 8.34 8.82 9.71 10.17 10.51 10.54 10.30 10.17 10.02 10.16 10.47 10.93 11.14 11.20 11.09 10.98 11.06 11.03 11.01 11.09 10.97 10.48 9.50 8.12
8.46 8.07 7.66 7.66 7.69 7.78 8.04 8.40 8.65 8.77 9.19 9.77 9.97 9.93 9.66 9.14 8.57 8.18 8.02 7.93 7.76 7.51 7.18 6.85 6.79 7.02 7.30 7.48 7.19 6.44 6.23 6.33 6.45 6.82 7.61 8.04 8.03 7.93 8.04 8.46 8.85 9.11 9.23 9.40 9.77 10.49 11.51 12.50 13.21 13.37 13.01 12.12 11.12 10.08 9.45 8.88 8.39 7.88 7.60 7.41 7.55 7.88 8.32 8.75 8.75 8.02 7.19 6.36 6.03 6.09 6.42 6.92 7.24 7.27 7.36 7.40 7.72 7.90 8.01 8.35 9.01 9.44 9.40 8.83
8.20 7.67 7.07 6.91 7.00 7.28 7.68 8.11 8.53 8.68 9.26 9.04 9.01 8.93 8.70 8.29 7.84 7.51 7.37 7.35 7.27 7.15 7.08 7.05 7.03 7.07 7.20 7.27 6.96 6.44 6.25 6.30 6.35 6.47 6.81 7.40 7.90 8.07 8.32 8.83 9.35 9.57 9.78 10.15 10.84 11.59 12.18 12.51 12.50 12.25 11.86 11.32 10.59 9.85 9.27 8.75 8.30 7.90 7.85 7.83 7.96 8.05 8.01 8.05 7.66 6.79 5.92 5.37 5.22 5.14 4.91 4.63 4.60 4.68 4.78 4.93 5.30 5.66 5.76 5.66 5.83 6.24 6.59 6.92
8.06 7.63 7.09 6.85 6.78 6.82 7.01 7.46 7.92 8.13 8.00 8.05 7.46 7.31 7.14 7.04 6.88 6.62 6.50 6.70 7.00 7.16 7.28 7.41 7.37 7.31 7.33 7.40 7.39 7.30 7.12 6.85 6.61 6.37 6.27 6.75 7.31 7.51 7.66 8.01 8.54 8.96 9.35 10.00 10.85 11.35 11.37 10.87 10.10 9.95 10.20 10.43 10.25 9.85 9.36 8.92 8.54 8.35 8.45 8.42 8.36 8.25 7.92 7.82 7.53 6.94 6.56 6.32 6.04 5.53 4.72 3.74 3.20 3.01 3.03 3.19 3.54 3.89 4.00 3.70 3.41 3.42 3.81 4.58
8.20 7.99 7.77 7.61 7.35 6.90 6.44 6.43 6.82 7.12 7.08 7.31 6.22 6.03 5.96 6.31 5.96 5.86 5.89 6.36 7.05 7.61 7.86 7.84 7.77 7.70 7.70 7.81 7.87 7.94 7.63 7.12 6.63 6.18 5.98 6.31 6.84 7.15 7.18 7.30 7.63 8.17 8.75 9.63 10.37 10.46 9.90 9.02 8.61 8.62 8.97 9.48 9.71 9.65 9.21 8.87 8.57 8.41 8.44 8.19 7.82 7.49 7.29 7.40 7.61 7.53 7.39 7.13 6.30 5.31 4.26 3.48 2.98 2.59 2.34 2.23 2.21 2.29 2.38 2.49 2.81 3.12 4.01 4.99
8.57 8.70 8.87 8.76 8.37 7.75 6.85 6.43 6.48 6.74 6.78 7.20 6.81 6.07 6.05 5.95 5.97 6.04 6.22 6.72 7.45 8.19 8.50 8.55 8.52 8.51 8.43 8.36 8.27 8.21 7.79 7.44 7.17 6.80 6.51 6.74 7.34 7.74 7.73 7.70 7.83 8.17 8.68 9.50 9.79 9.36 8.37 7.75 7.46 7.49 7.83 8.43 8.94 8.98 8.64 8.36 8.09 7.84 7.58 7.05 6.57 6.32 6.51 6.98 7.67 7.90 7.67 7.08 6.03 5.15 4.56 4.37 4.21 3.65 2.91 2.28 1.89 1.84 2.27 2.75 3.56 4.78 6.22 7.01
8.88 9.21 9.55 9.55 9.30 8.84 8.17 7.64 7.34 7.29 8.24 7.10 7.05 7.21 7.38 7.44 7.49 7.63 7.71 7.92 8.38 8.96 9.33 9.55 9.68 9.69 9.42 9.09 8.97 9.07 9.07 8.97 8.81 8.47 7.98 7.99 8.50 8.89 9.02 9.00 8.97 8.85 9.01 9.36 9.14 8.16 7.24 6.56 6.31 6.40 6.77 7.42 8.11 8.19 8.03 7.79 7.46 7.01 6.52 6.16 6.07 6.26 6.82 7.36 7.87 7.85 7.36 6.67 5.95 5.78 5.95 6.02 5.50 4.66 3.83 3.37 3.27 3.39 3.79 4.69 6.12 7.63 8.46 8.46
8.91 9.03 9.22 9.41 9.60 9.62 9.28 8.77 8.21 7.80 7.62 7.71 8.05 8.52 9.01 9.29 9.52 9.72 9.83 9.83 9.94 10.02 10.20 10.46 10.64 10.52 10.20 9.83 9.75 9.81 9.92 9.79 9.61 9.33 8.86 8.64 8.85 9.20 9.55 9.78 9.77 9.51 9.27 8.95 8.06 6.94 6.08 5.54 5.33 5.34 5.69 6.32 7.05 7.51 7.63 7.51 7.27 6.94 6.72 6.87 7.16 7.65 8.25 8.62 8.62 8.17 7.49 7.08 6.95 7.17 7.37 7.07 6.16 5.19 4.71 4.69 4.93 5.37 6.21 7.45 8.77 9.43 9.35 8.63
8.79 8.55 8.44 8.66 9.11 9.53 9.60 9.17 8.50 7.86 9.00 7.66 8.23 8.97 9.63 10.09 10.41 10.68 10.92 10.97 10.83 10.63 10.60 10.73 10.75 10.60 10.41 10.19 10.07 9.83 9.26 8.74 8.48 8.48 8.49 8.55 8.66 8.93 9.28 9.68 9.91 9.70 9.19 8.32 6.92 5.67 4.92 4.59 4.42 4.47 4.62 5.07 6.01 6.94 7.48 7.67 7.70 7.68 7.80 7.94 8.26 8.86 9.50 9.95 9.90 9.67 8.87 8.49 8.59 8.66 8.15 7.33 6.55 6.25 6.36 6.71 7.30 8.10 9.12 10.03 10.32 9.94 9.09 8.19
8.72 8.37 8.00 7.95 8.09 8.37 8.69 8.70 8.31 7.71 7.21 7.11 7.44 8.04 8.63 9.04 9.31 9.45 9.52 9.61 9.72 9.78 9.81 9.75 9.60 9.58 9.64 9.75 9.79 9.71 9.19 8.30 7.73 7.66 8.12 8.65 9.03 9.19 9.28 9.38 9.45 9.10 8.51 7.63 6.42 5.15 4.37 4.12 4.18 4.32 4.40 4.70 5.56 6.73 7.60 8.17 8.52 8.72 8.77 8.66 8.85 9.63 10.41 10.86 11.01 11.22 10.94 10.19 9.89 9.71 8.97 8.25 8.09 8.65 9.33 9.99 10.71 11.33 11.67 11.46 10.70 9.64 8.68 7.93
8.55 8.08 7.54 7.38 7.10 6.98 7.23 7.59 7.62 7.16 6.52 6.05 5.88 6.00 6.29 6.54 6.69 6.58 6.19 6.07 6.72 7.44 7.61 7.39 7.15 7.53 8.19 8.62 8.96 9.42 9.70 9.59 9.17 8.79 8.73 9.01 9.25 9.28 9.09 8.81 8.55 8.26 7.86 7.53 6.89 5.96 5.29 5.23 5.40 5.55 5.67 5.92 6.42 7.16 7.82 8.40 8.96 9.48 9.71 9.91 10.34 10.97 11.17 11.08 11.19 11.65 11.81 11.60 11.33 11.20 11.02 10.94 11.35 11.96 12.40 12.74 12.99 13.01 12.61 11.61 10.45 9.44 8.65 7.91
8.13 7.51 6.89 6.80 6.65 6.47 6.43 6.67 6.87 6.54 5.81 5.00 4.32 3.90 3.78 3.92 4.11 4.09 3.90 3.78 4.09 4.68 4.95 4.94 5.22 5.99 7.12 7.68 8.00 8.31 8.99 9.67 9.98 9.94 9.46 9.04 8.69 8.50 8.17 7.82 7.64 7.84 8.00 8.26 8.29 8.27 7.96 7.80 7.76 7.77 7.83 7.82 7.77 7.83 7.94 8.20 8.68 9.37 10.13 10.91 11.54 11.55 11.02 10.27 9.87 10.36 11.22 11.62 12.05 12.41 12.74 13.05 13.36 13.47 13.37 13.17 12.92 12.46 11.70 10.82 10.02 9.33 8.67 7.90
7.93 7.46 6.86 6.62 6.57 6.54 6.44 6.46 6.59 6.43 5.81 4.91 3.99 3.25 2.80 2.66 3.02 3.49 4.00 4.05 3.75 3.50 3.47 3.84 4.64 5.75 6.93 7.35 7.36 7.17 7.44 8.11 8.91 9.40 9.15 8.38 7.58 7.13 7.04 7.00 7.15 7.77 8.45 9.11 9.51 9.94 10.06 9.80 9.53 9.33 8.91 8.48 8.23 8.17 8.15 8.26 8.64 9.36 10.20 10.82 10.98 10.51 9.67 8.77 8.48 8.87 9.76 10.59 11.28 11.94 12.30 12.43 12.42 12.22 11.87 11.40 10.80 10.09 9.69 9.38 8.99 8.60 8.17 7.57
8.17 7.97 7.62 7.26 7.04 6.97 6.88 6.84 6.85 6.79 6.49 5.91 5.23 4.44 3.73 3.26 3.11 4.24 5.30 5.72 5.33 4.55 4.08 4.25 5.08 6.33 7.27 7.42 7.11 6.61 6.41 6.54 7.15 7.74 8.00 7.76 7.22 6.78 6.76 7.13 7.63 8.38 8.86 9.27 9.58 9.98 10.17 10.19 10.05 9.64 8.78 8.20 8.10 8.27 8.39 8.54 8.90 9.59 10.07 10.02 9.45 8.60 7.97 7.66 7.76 8.16 8.62 9.18 9.74 10.21 10.38 10.24 9.82 9.50 9.36 9.07 8.43 7.67 7.29 7.39 7.33 7.12 6.83 6.53
8.33 8.29 8.22 8.04 7.79 7.55 7.44 7.54 7.62 7.72 7.75 7.61 7.27 6.60 5.74 5.01 4.72 5.12 5.97 6.85 7.01 6.60 6.02 5.86 6.35 7.26 7.87 7.96 7.69 7.01 6.45 6.03 5.97 6.36 7.13 7.81 8.14 8.28 8.36 8.54 8.87 9.19 9.09 8.93 8.92 9.10 9.32 9.56 9.65 9.51 8.89 8.39 8.26 8.38 8.50 8.63 8.94 9.42 9.57 9.01 8.22 7.56 7.22 7.17 7.25 7.44 7.60 7.89 8.32 8.59 8.69 8.54 8.05 7.48 7.15 7.19 6.82 6.01 5.23 5.15 5.40 5.18 4.90 4.73
8.34 8.34 8.35 8.23 8.07 7.91 7.99 8.27 8.64 9.06 9.36 9.43 9.06 8.37 7.49 6.64 6.00 5.82 6.18 7.19 7.99 8.35 8.28 7.99 7.95 8.43 8.82 8.90 8.81 8.27 7.70 7.07 6.61 6.74 7.47 8.40 9.18 9.73 9.88 9.76 9.56 9.34 8.88 8.50 8.35 8.31 8.41 8.50 8.68 8.88 8.89 8.67 8.47 8.50 8.62 8.83 9.15 9.37 9.01 8.18 7.45 7.06 6.90 6.77 6.75 6.95 7.15 7.29 7.38 7.48 7.43 7.36 7.18 6.53 5.73 5.48 5.46 4.95 4.00 3.44 3.51 3.50 3.27 3.20
8.40 8.39 8.39 8.17 7.95 7.91 8.13 8.53 9.12 9.77 10.29 10.47 10.34 9.91 9.24 8.35 7.40 6.76 6.73 7.41 8.30 9.17 9.38 9.31 9.35 9.74 9.79 9.57 9.42 9.26 9.09 8.79 8.39 8.25 8.45 8.82 9.16 9.43 9.53 9.36 9.10 8.85 8.47 8.09 7.83 7.50 7.38 7.30 7.31 7.58 8.03 8.24 8.27 8.43 8.71 9.08 9.23 8.90 8.02 7.11 6.71 6.62 6.60 6.71 6.87 7.10 7.07 6.77 6.44 6.34 6.28 6.18 6.27 6.04 5.22 4.50 4.33 4.20 3.42 2.72 2.56 2.46 2.83 2.93
8.42 8.36 8.27 8.03 7.77 7.68 7.74 7.89 8.24 8.78 9.43 10.02 10.51 10.76 10.68 10.18 9.23 8.16 7.64 7.77 8.19 9.04 9.61 9.95 10.25 10.43 10.12 9.46 9.03 9.11 9.42 9.62 9.56 9.19 8.85 8.65 8.47 8.33 8.33 8.50 8.59 8.53 8.26 7.86 7.43 6.99 6.74 6.50 6.33 6.33 6.63 7.08 7.52 7.90 8.41 8.65 8.37 7.59 6.56 6.07 6.02 6.14 6.41 6.82 7.00 6.87 6.46 5.80 5.13 4.78 4.77 4.56 4.47 4.78 4.68 4.12 3.74 3.67 3.39 3.00 2.81 2.92 3.27 3.76
8.31 8.16 7.92 7.83 7.68 7.56 7.39 7.09 6.76 6.65 6.99 7.98 9.25 10.32 11.03 11.19 10.76 9.83 8.82 8.37 8.40 8.96 9.54 10.15 10.48 10.32 9.68 8.93 8.22 8.09 8.40 8.85 9.12 8.96 8.66 8.37 8.12 8.07 8.32 8.63 8.66 8.51 8.25 8.01 7.71 7.32 6.97 6.42 5.83 5.47 5.54 6.10 6.89 7.58 7.82 7.57 6.77 5.86 5.34 5.22 5.22 5.26 5.65 6.07 6.06 5.87 5.65 5.17 4.36 3.62 3.35 3.23 3.18 3.39 3.76 3.84 3.79 3.55 3.93 3.99 4.05 4.17 4.54 5.24
8.20 7.97 7.69 7.73 7.75 7.68 7.49 7.11 6.45 5.69 5.29 5.68 6.96 8.58 9.97 10.84 11.16 10.90 10.16 9.43 9.23 9.40 9.74 10.24 10.43 10.09 9.39 8.51 7.63 7.06 6.87 7.04 7.55 8.00 8.25 8.32 8.31 8.39 8.66 8.83 8.70 8.46 8.32 8.29 8.12 7.59 6.92 6.04 5.57 5.60 6.01 6.72 7.36 7.57 7.50 6.67 5.65 5.01 4.81 4.71 4.54 4.40 4.42 4.64 4.94 5.33 5.85 5.90 5.33 4.59 4.22 4.02 3.78 3.61 3.74 4.03 4.34 4.68 5.02 5.34 5.65 6.01 6.42 7.21
8.22 7.99 7.77 7.80 7.90 7.91 7.83 7.73 7.40 6.69 5.77 5.30 5.70 6.80 8.26 9.56 10.49 11.06 11.03 10.68 10.49 10.53 10.69 10.81 10.63 10.22 9.60 8.74 7.79 7.11 6.69 6.61 6.80 7.19 7.67 8.08 8.27 8.32 8.42 8.56 8.38 8.14 8.02 8.04 7.91 7.23 6.61 6.34 6.73 7.46 8.09 8.39 8.38 8.06 7.70 6.92 6.49 6.23 6.00 5.69 5.38 5.12 4.96 5.11 5.85 6.75 7.58 7.87 7.61 7.10 6.60 6.08 5.37 4.88 4.74 4.88 5.27 5.77 6.26 6.85 7.62 8.46 9.19 10.24
8.24 7.99 7.82 7.91 8.08 8.14 8.20 8.39 8.66 8.65 8.10 7.27 6.80 6.94 7.62 8.79 9.91 11.00 11.55 11.71 11.83 11.81 11.63 11.28 10.76 10.34 10.07 9.68 9.00 8.58 8.32 8.07 7.69 7.54 7.69 7.96 8.14 8.19 8.17 7.97 7.72 7.56 7.58 7.67 7.76 7.77 8.02 8.64 9.29 9.69 9.74 9.42 8.91 8.39 8.13 8.13 8.22 8.31 8.25 8.08 7.91 7.88 7.97 8.32 8.79 9.10 9.17 9.14 8.85 8.29 7.56 6.75 5.95 5.59 5.65 5.96 6.37 6.96 7.82 9.15 10.72 12.03 12.95 13.73
8.21 7.98 7.84 8.00 8.26 8.38 8.52 8.86 9.46 10.07 10.28 10.08 9.58 8.98 8.75 9.17 10.04 11.23 12.13 12.56 12.82 12.62 11.89 11.14 10.50 10.26 10.36 10.45 10.25 9.88 9.57 9.34 8.99 8.70 8.47 8.35 8.31 8.18 7.88 7.54 7.45 7.68 7.86 8.08 8.35 8.75 9.31 9.82 9.98 9.76 9.47 9.19 8.91 8.60 8.48 8.59 8.71 8.98 9.32 9.62 9.84 10.07 10.21 10.20 9.89 9.36 8.78 8.69 8.48 7.84 7.02 6.37 6.02 6.01 6.35 6.95 7.67 8.64 10.11 12.00 13.66 14.79 15.19 15.09
