project/data/elevation/US_DEM2016/US_DEM2016_point_10-28-2019_1553_30m_ang.asc
ncols	125
nrows	167
xllcorner	-2042055.000000
yllcorner	1465035.000000
cellsize	30.000000
NODATA_value	-9999.000000
[rows 0 to 43 of 167, columns 0 to 95 of 125]
355 353 346 343 344 346 347 349 351 353 355 355 354 354 354 355 356 356 355 354 353 351 351 352 354 356 357 358 357 355 354 350 346 341 338 337 338 340 343 346 347 348 348 349 350 349 347 345 346 346 347 348 351 353 354 355 356 356 354 352 351 350 349 348 349 352 354 354 353 350 347 347 347 348 349 350 351 350 348 350 354 355 353 352 351 351 353 355 355 353 351 351 351 350 348 348
355 353 346 343 344 346 347 349 351 353 355 355 354 354 354 355 356 356 355 354 353 351 351 352 354 356 357 358 357 355 354 350 346 341 338 337 338 340 343 346 347 348 348 349 350 349 347 345 346 346 347 348 351 353 354 355 356 356 354 352 351 350 349 348 349 352 354 354 353 350 347 347 347 348 349 350 351 350 348 350 354 355 353 352 351 351 353 355 355 353 351 351 351 350 348 348
2 357 346 340 339 340 342 344 347 351 354 355 354 353 354 355 357 358 357 356 353 350 349 351 355 358 1 3 1 360 358 355 350 345 340 337 335 336 339 343 345 346 347 349 350 351 350 348 346 345 344 346 349 352 354 356 358 358 357 355 352 349 347 346 347 350 354 356 355 352 350 348 347 347 348 349 349 347 346 348 353 355 354 352 351 352 355 357 357 355 353 353 353 352 349 347
13 3 346 338 333 331 331 334 339 346 352 354 354 353 353 355 358 1 1 359 353 348 347 350 356 3 8 10 10 8 6 1 355 350 346 342 337 332 332 336 342 345 347 348 350 351 351 350 347 343 342 342 346 350 353 355 359 1 1 359 356 351 346 343 343 346 351 355 356 355 353 351 350 348 347 346 346 343 341 344 350 353 351 350 350 354 358 1 0 356 354 355 354 352 348 345
15 5 348 339 334 329 325 325 330 338 346 351 353 354 353 355 357 360 1 359 353 347 347 351 359 8 13 14 14 12 8 3 357 353 351 348 344 338 333 334 338 342 346 347 348 349 350 350 348 344 342 342 346 349 352 354 356 357 359 359 358 355 350 346 344 344 346 349 352 353 354 354 353 350 347 345 343 340 339 340 344 346 345 346 350 357 2 2 0 357 355 355 353 348 344 343
13 4 349 341 337 332 326 323 323 329 337 345 351 353 353 354 356 357 357 355 351 348 349 355 4 12 15 15 13 10 6 1 358 355 354 353 349 344 339 335 333 336 340 343 345 347 349 349 347 344 342 344 348 352 354 355 354 351 351 353 356 357 355 351 347 345 344 344 346 349 351 353 353 350 347 343 340 338 337 338 339 340 339 341 349 359 3 3 360 356 355 353 348 343 341 344
9 2 350 344 340 336 331 325 320 319 326 337 346 349 350 353 356 356 354 352 350 349 353 360 7 12 15 14 11 7 3 0 358 357 357 355 352 349 345 340 334 331 332 335 340 344 346 345 344 342 342 345 352 356 358 357 354 351 350 351 353 356 357 355 351 347 344 342 343 345 349 350 350 349 345 341 338 334 333 333 335 335 335 337 346 357 2 2 358 355 353 350 344 341 342 350
4 359 351 347 345 341 337 330 321 316 317 326 336 342 345 350 356 358 356 352 348 349 355 3 9 12 14 12 7 3 0 359 358 358 357 356 354 353 351 348 342 334 329 328 332 338 342 341 339 338 340 345 353 359 1 359 357 356 356 356 356 356 357 356 354 349 344 340 341 344 348 350 349 347 344 340 336 332 329 329 330 331 332 334 342 352 359 360 356 353 351 347 343 343 351 1
357 356 353 351 350 347 343 336 327 320 318 321 327 333 339 346 354 359 359 354 348 349 356 5 10 12 12 9 4 0 358 357 356 355 354 355 356 357 356 355 352 346 337 330 330 336 341 340 337 335 338 344 353 359 2 2 1 1 2 2 0 358 357 357 356 352 345 340 340 345 349 351 349 346 343 341 339 335 331 330 329 329 329 331 338 347 354 356 353 350 348 346 346 353 3 10
350 352 354 355 355 353 349 342 334 330 327 325 325 327 333 342 351 360 1 355 349 349 357 5 10 10 8 5 2 358 355 353 352 350 351 353 356 358 359 359 358 355 350 343 338 338 341 340 337 335 338 344 351 356 1 4 6 8 8 7 4 360 356 355 355 353 347 343 344 347 350 350 347 344 343 343 342 340 339 338 337 335 333 333 337 344 350 352 350 348 348 349 355 3 8 9
342 347 356 358 358 356 352 346 341 339 337 335 331 328 331 338 348 357 359 355 351 352 358 5 8 7 4 1 358 355 352 350 347 347 348 351 354 356 357 359 360 359 357 352 346 342 340 338 336 336 340 348 353 355 358 3 9 12 11 9 5 359 353 350 350 350 349 348 349 350 350 348 345 343 343 343 343 343 344 345 344 343 341 340 340 344 347 348 347 349 352 356 1 4 4 4
333 341 354 359 359 357 353 349 347 347 346 344 341 337 335 337 344 352 355 354 354 356 1 4 5 4 1 356 353 350 348 346 345 346 349 352 352 352 353 356 358 359 360 358 353 347 342 337 335 337 344 352 357 359 360 3 7 11 11 9 3 356 350 346 345 347 350 353 354 352 350 346 343 341 342 343 344 345 347 348 346 343 342 342 343 344 345 345 346 351 356 359 0 1 0 1
331 335 345 354 357 356 353 351 352 353 353 351 349 347 343 341 343 347 351 353 356 0 4 4 2 359 356 351 348 346 345 344 344 346 350 350 348 347 349 351 353 356 358 358 357 353 346 338 335 338 345 354 1 4 4 3 3 6 7 5 359 352 348 345 344 344 349 354 355 354 350 345 342 341 342 344 345 347 349 347 341 336 334 337 340 342 341 342 346 351 354 357 358 358 357 358
338 337 338 344 350 352 352 353 355 356 356 355 355 355 352 347 345 346 348 351 357 4 6 3 359 355 351 348 345 343 342 342 344 346 347 344 342 343 344 345 346 348 352 356 358 356 349 341 339 342 349 357 5 7 4 358 358 0 1 359 355 350 346 345 344 344 347 352 355 355 351 345 342 343 346 347 348 349 350 346 338 331 329 331 333 335 337 341 345 349 351 354 355 355 354 353
341 341 340 340 342 345 348 351 353 354 354 355 357 357 356 353 350 349 349 352 359 5 5 2 357 353 349 347 344 340 340 344 347 347 343 339 337 338 340 340 340 341 343 349 354 354 350 345 345 349 355 3 7 4 357 353 354 356 355 353 351 349 347 345 344 345 347 351 355 355 351 345 345 348 353 353 351 350 349 345 339 334 332 333 332 333 336 340 343 346 348 350 351 351 350 349
338 341 345 344 341 339 340 341 342 342 343 345 350 353 355 356 355 354 353 356 1 5 4 2 358 354 351 349 347 343 342 345 349 349 347 344 340 339 341 342 342 341 341 345 348 350 350 349 352 357 2 5 3 357 352 351 354 354 351 348 348 348 348 347 346 346 348 352 355 356 352 349 352 357 359 355 351 350 348 344 339 337 336 335 334 335 338 341 342 343 345 347 347 347 347 347
337 340 346 349 348 342 335 332 331 331 331 333 337 341 347 354 358 358 358 0 3 5 5 4 1 358 355 352 351 350 347 345 346 349 351 350 347 344 344 346 346 345 344 344 345 347 350 354 359 3 5 4 359 353 350 351 354 353 347 344 344 346 348 349 349 348 349 352 356 357 357 357 1 1 358 354 352 352 349 344 340 338 338 337 337 339 341 343 342 341 343 345 345 346 349 351
343 343 348 354 357 351 341 336 335 334 335 336 337 339 343 350 357 1 2 4 5 6 7 6 3 359 355 352 352 353 352 349 346 346 349 351 350 349 347 347 347 346 345 344 344 346 352 359 4 6 6 2 356 351 349 352 354 350 344 342 342 344 348 351 352 351 350 350 354 358 1 4 4 0 355 354 355 355 353 348 344 341 340 340 341 343 345 344 342 340 341 343 346 350 354 354
347 349 355 360 359 351 343 340 339 340 341 343 344 345 346 350 355 1 4 6 8 9 9 6 2 358 355 352 351 353 354 352 349 346 347 349 351 351 349 347 346 345 344 344 344 348 355 3 6 6 4 359 353 349 349 353 352 347 342 340 341 343 347 351 353 354 352 349 350 356 1 3 2 359 355 355 357 357 356 354 351 347 344 344 346 347 347 343 340 339 340 344 348 352 354 353
350 354 2 2 355 346 342 342 343 345 346 348 350 352 353 353 356 1 5 8 10 11 9 5 1 357 354 351 350 351 352 352 350 348 348 349 351 351 350 347 346 346 346 347 349 354 359 2 3 2 360 356 351 350 351 352 349 344 340 340 340 342 345 348 351 353 352 351 349 351 355 358 358 357 356 356 357 357 357 357 357 354 351 350 350 350 347 343 340 340 342 345 348 350 350 349
360 3 4 356 347 342 341 343 346 348 350 353 355 357 358 358 359 2 6 9 10 9 7 4 1 357 354 351 349 349 349 349 349 349 349 350 351 351 349 347 347 348 350 353 358 1 360 357 356 356 355 353 352 353 354 352 347 342 340 341 341 342 343 344 345 347 349 350 347 345 346 349 351 353 354 356 356 356 357 359 1 1 359 355 352 351 349 346 345 345 346 347 347 346 345 347
11 6 357 349 342 340 341 344 348 351 353 355 358 360 2 3 3 5 7 8 7 5 3 2 360 357 354 352 350 348 346 346 347 348 349 351 352 350 348 349 351 353 357 2 3 1 355 351 350 349 350 351 353 356 356 352 347 344 343 343 343 343 340 336 333 333 335 337 337 333 333 336 340 344 348 352 353 353 355 358 2 4 5 0 355 352 350 350 351 351 350 348 347 345 345 347
5 360 352 347 343 341 343 347 350 352 354 356 358 0 3 6 6 6 6 4 2 360 359 359 358 356 354 352 349 347 345 345 346 348 351 352 350 349 350 353 357 1 6 5 0 355 350 346 344 345 346 349 354 357 358 355 351 348 347 348 347 345 339 329 321 317 316 315 317 319 319 321 325 330 335 343 347 348 349 354 360 4 6 4 359 355 352 352 353 354 351 349 347 347 348 349
352 351 350 347 345 344 346 349 351 352 354 356 358 0 4 7 7 6 3 0 357 354 354 354 355 354 352 350 348 347 346 346 348 351 354 353 349 350 354 0 5 7 5 360 355 350 346 342 340 341 344 348 353 357 359 358 356 354 354 355 356 354 345 332 324 321 319 317 317 316 314 311 312 316 323 331 337 340 343 348 353 0 5 7 5 359 354 351 351 352 351 348 347 348 349 348
338 342 347 348 347 347 348 350 351 352 353 355 357 0 3 5 5 4 2 359 355 351 349 349 349 350 349 348 347 347 348 350 353 356 356 353 352 355 0 4 6 3 358 353 350 347 344 340 339 339 343 347 352 356 359 0 0 1 2 4 5 0 350 340 335 331 329 327 325 322 316 311 307 306 310 317 323 328 335 340 346 353 2 8 8 3 356 352 351 351 350 348 347 347 346 346
326 331 342 348 350 351 351 350 351 351 352 354 356 359 1 2 3 4 3 360 356 352 348 346 345 345 345 346 347 350 354 358 2 1 358 356 357 0 1 0 359 357 353 349 347 345 343 341 340 340 343 346 351 355 358 0 3 6 9 10 8 360 351 345 341 338 336 335 333 328 323 319 313 307 306 308 310 312 320 329 336 345 356 4 7 5 359 355 353 352 350 349 347 346 346 345
320 325 336 345 351 354 354 352 351 351 352 353 355 356 357 358 1 3 3 0 356 352 348 346 344 343 344 346 350 356 3 9 9 5 0 357 358 359 358 355 353 352 349 346 343 343 341 343 343 343 343 345 348 352 356 359 4 8 11 9 4 357 352 348 346 344 342 342 340 337 333 331 325 317 312 310 307 306 310 317 326 336 346 356 3 5 3 358 354 352 350 349 347 346 346 345
317 322 332 341 350 355 357 355 354 353 353 354 355 355 355 356 358 1 0 357 353 349 347 345 345 345 346 350 357 6 13 14 8 3 1 358 356 356 356 353 350 347 344 341 340 341 343 346 349 349 346 343 344 348 352 358 4 8 8 5 359 354 352 352 352 351 350 348 346 345 344 341 335 328 324 320 315 312 313 316 320 327 336 346 356 3 5 2 356 352 350 348 347 346 347 346
318 320 327 336 345 353 357 358 356 355 355 356 356 356 356 356 357 358 356 353 349 347 345 346 347 348 351 357 6 14 14 8 3 0 359 358 356 354 354 353 349 344 340 338 337 339 343 349 353 355 352 345 341 342 348 356 3 4 3 358 353 351 352 355 357 358 357 354 352 352 353 350 343 337 334 331 326 322 322 323 324 325 329 336 346 357 3 4 360 354 350 347 346 346 347 347
322 323 326 333 340 349 355 359 359 357 357 357 356 356 357 358 358 356 352 348 346 346 347 348 350 353 357 4 11 11 5 1 359 358 357 356 355 354 353 352 348 343 338 335 335 338 343 349 355 358 356 350 343 342 346 354 359 359 357 351 347 346 350 356 1 2 1 359 358 358 358 356 351 346 342 339 334 332 332 333 332 328 325 327 335 346 357 2 3 358 352 348 345 346 347 349
326 328 331 334 338 344 352 358 0 1 359 357 355 355 357 359 358 355 349 346 345 348 352 355 358 360 2 4 4 0 356 355 356 356 356 355 355 354 353 351 347 342 337 335 335 337 341 347 353 356 357 354 348 345 347 351 355 355 352 346 342 342 347 354 359 2 3 3 2 1 360 359 358 355 350 345 342 341 341 342 339 334 327 323 325 332 343 355 2 2 357 351 346 346 348 351
324 327 334 337 338 342 348 356 1 3 2 359 357 356 356 358 357 354 350 349 352 358 3 5 7 7 1 353 349 347 348 349 351 353 353 353 354 354 352 349 345 340 338 337 339 340 341 344 348 352 355 355 352 349 349 351 352 352 349 342 338 339 344 350 354 358 360 2 2 1 1 2 3 1 357 352 350 349 349 348 344 339 333 326 320 320 327 339 353 359 359 355 350 349 350 352
319 322 329 334 337 339 345 353 0 4 4 3 0 359 358 358 357 355 354 358 5 11 13 11 9 6 358 347 340 337 337 340 343 346 348 350 352 352 350 347 342 338 336 339 342 344 343 342 343 347 352 354 353 353 353 353 353 351 346 338 335 335 339 344 348 351 355 358 0 0 1 2 4 3 1 0 360 358 355 352 349 346 341 332 324 320 319 324 335 348 354 355 353 352 351 352
322 321 321 325 330 334 339 347 356 3 6 6 4 2 0 359 358 358 2 8 13 14 13 10 6 2 357 351 343 338 336 336 337 339 342 345 348 348 347 344 340 336 334 337 340 341 339 337 337 341 347 351 353 355 356 356 355 352 345 338 333 331 334 337 341 345 350 355 357 357 357 360 2 2 4 7 9 6 360 355 355 354 347 337 330 328 325 323 325 331 340 348 351 351 350 350
335 330 324 324 327 330 333 339 348 358 4 7 7 5 2 1 1 3 8 12 12 11 9 7 5 1 358 354 349 344 342 342 342 341 340 341 344 345 344 342 339 336 335 335 334 331 329 328 329 334 341 347 352 356 358 358 356 352 346 340 336 332 333 333 335 339 346 352 355 354 354 356 358 359 3 9 12 10 6 1 1 358 350 341 337 337 337 335 332 329 331 336 343 346 347 348
342 337 333 333 335 335 335 337 342 351 360 7 9 8 5 3 3 5 9 10 9 7 6 5 3 2 360 357 354 349 346 346 347 347 344 341 341 342 342 341 340 339 340 340 335 330 328 328 329 331 337 343 350 356 358 358 357 353 348 343 339 336 335 334 333 335 341 348 351 351 352 353 354 355 360 5 10 11 10 8 5 359 352 346 344 345 346 345 342 337 335 335 338 342 344 346
339 339 339 340 343 344 343 341 342 347 355 2 8 9 8 6 4 5 6 5 3 2 2 2 2 2 1 0 358 354 350 348 348 349 348 345 342 341 342 343 344 346 347 345 339 335 334 334 335 336 338 342 349 355 358 359 357 353 348 344 341 340 339 337 335 334 336 341 345 347 349 351 351 352 355 359 4 9 10 8 5 1 356 352 351 353 353 351 345 340 337 337 339 341 344 346
334 337 341 344 347 348 348 347 347 348 352 357 3 8 9 8 5 3 1 359 357 357 357 358 360 1 2 3 2 359 355 351 348 347 347 346 344 342 341 343 347 351 353 350 343 340 340 340 341 342 341 342 346 353 358 359 357 353 348 344 342 343 345 344 341 337 335 337 341 343 346 348 349 349 350 353 358 3 5 5 4 3 1 359 360 1 360 353 345 340 338 338 339 342 345 348
330 333 341 347 349 350 350 351 351 351 351 353 358 4 8 9 6 0 355 353 352 352 353 355 357 358 0 3 3 3 360 356 350 346 345 344 344 343 341 341 344 351 353 353 349 346 344 344 344 343 342 341 344 351 357 359 356 352 347 343 342 344 348 349 347 342 337 335 336 339 342 345 346 346 346 347 352 356 358 359 1 4 6 8 9 6 359 351 347 345 344 343 342 344 348 351
326 330 341 347 349 350 351 353 353 352 350 351 354 360 6 9 6 359 352 349 349 349 350 352 353 355 357 360 3 4 3 359 354 348 344 343 343 344 342 340 341 347 353 355 354 352 350 349 347 344 341 340 342 349 356 358 355 351 347 344 342 343 346 348 348 344 338 333 330 332 338 342 343 341 342 343 347 350 352 353 357 4 10 13 13 5 354 350 349 350 350 350 350 351 353 354
326 330 340 347 348 349 350 353 353 352 350 350 353 359 6 8 5 359 353 350 349 349 349 349 350 352 354 356 360 3 3 360 355 349 344 342 343 345 344 343 342 345 350 355 357 357 355 354 352 349 344 342 343 348 354 356 353 350 348 347 345 344 342 342 341 339 336 331 327 326 330 336 338 337 338 341 344 346 346 349 353 0 8 12 10 2 353 350 351 353 354 355 357 359 358 357
330 334 342 347 348 349 351 352 352 351 350 351 355 3 8 7 3 360 356 354 351 350 349 348 348 348 350 353 356 360 1 358 353 347 344 342 342 344 345 346 346 346 349 354 357 358 357 356 355 354 351 348 346 349 354 355 351 350 351 352 351 349 345 340 337 335 334 331 327 323 323 327 331 332 334 338 342 342 342 346 352 357 2 6 4 360 355 352 353 354 356 359 2 3 4 2
335 338 344 348 349 350 351 352 350 349 350 353 360 6 8 5 3 0 358 356 353 351 349 349 349 349 349 351 352 355 356 351 349 346 345 343 341 341 344 348 350 350 350 354 357 358 356 354 354 355 356 355 352 352 355 356 353 352 355 357 357 355 350 344 341 339 337 333 329 326 324 323 322 322 325 331 335 335 337 343 351 355 357 358 358 358 356 355 355 357 359 1 3 5 7 6
337 340 345 348 350 351 351 351 349 349 351 356 4 8 7 4 1 359 357 355 352 351 350 350 350 350 351 351 351 352 350 346 345 345 347 346 343 341 343 348 352 354 354 355 357 357 355 352 351 353 355 356 355 354 355 355 355 355 357 359 359 357 352 348 346 345 341 337 334 332 329 322 314 309 310 316 321 323 327 336 347 351 351 352 354 356 357 357 357 358 1 4 6 8 9 9
