project/data/elevation/US_DEM2016/US_DEM2016_point_10-29-2019_1313_30m_vel.asc
ncols	125
nrows	167
xllcorner	-2042055.000000
yllcorner	1465035.000000
cellsize	30.000000
NODATA_value	-9999.000000
[rows 0 to 37 of 167, columns 0 to 83 of 125]
2.17 2.07 2.05 2.24 2.47 2.71 2.94 3.16 3.27 3.35 3.49 3.69 3.68 3.50 3.42 3.53 3.61 3.56 3.28 2.96 2.80 2.91 3.13 3.29 3.39 3.39 3.27 2.94 2.48 2.03 1.68 1.44 1.33 1.31 1.30 1.29 1.36 1.51 1.65 1.70 1.71 1.71 1.75 1.82 1.83 1.77 1.65 1.63 1.78 2.19 2.66 2.96 3.16 3.35 3.39 3.39 3.34 3.11 2.89 2.73 2.61 2.56 2.56 2.66 2.74 2.77 2.76 2.67 2.46 2.30 2.27 2.33 2.42 2.49 2.54 2.57 2.59 2.65 2.79 2.93 2.98 2.90 2.73 2.80
2.17 2.07 2.05 2.24 2.47 2.71 2.94 3.16 3.27 3.35 3.49 3.69 3.68 3.50 3.42 3.53 3.61 3.56 3.28 2.96 2.80 2.91 3.13 3.29 3.39 3.39 3.27 2.94 2.48 2.03 1.68 1.44 1.33 1.31 1.30 1.29 1.36 1.51 1.65 1.70 1.71 1.71 1.75 1.82 1.83 1.77 1.65 1.63 1.78 2.19 2.66 2.96 3.16 3.35 3.39 3.39 3.34 3.11 2.89 2.73 2.61 2.56 2.56 2.66 2.74 2.77 2.76 2.67 2.46 2.30 2.27 2.33 2.42 2.49 2.54 2.57 2.59 2.65 2.79 2.93 2.98 2.90 2.73 2.80
2.06 2.02 2.08 2.29 2.47 2.69 2.90 3.07 3.16 3.17 3.23 3.37 3.40 3.34 3.27 3.28 3.33 3.33 3.14 2.88 2.81 2.96 3.09 3.13 3.12 3.06 2.85 2.51 2.16 1.82 1.56 1.39 1.34 1.36 1.36 1.36 1.43 1.55 1.63 1.66 1.65 1.66 1.70 1.81 1.92 1.93 1.90 1.90 2.07 2.43 2.75 2.89 3.00 3.11 3.15 3.13 3.09 3.00 2.85 2.69 2.56 2.47 2.49 2.57 2.62 2.62 2.59 2.57 2.55 2.48 2.44 2.45 2.46 2.46 2.45 2.45 2.47 2.59 2.73 2.76 2.69 2.65 2.70 2.85
2.03 2.06 2.22 2.39 2.53 2.66 2.81 2.87 2.84 2.76 2.75 2.78 2.85 2.88 2.88 2.80 2.78 2.84 2.80 2.74 2.85 3.02 2.98 2.78 2.61 2.41 2.15 1.93 1.74 1.57 1.45 1.43 1.48 1.55 1.58 1.58 1.60 1.65 1.66 1.64 1.71 1.78 1.87 2.01 2.16 2.24 2.28 2.36 2.54 2.79 2.87 2.77 2.71 2.67 2.63 2.54 2.49 2.54 2.58 2.56 2.52 2.49 2.45 2.42 2.35 2.28 2.27 2.35 2.46 2.54 2.57 2.53 2.45 2.35 2.29 2.26 2.31 2.44 2.53 2.42 2.27 2.39 2.68 2.88
2.11 2.19 2.39 2.49 2.56 2.65 2.69 2.70 2.61 2.52 2.42 2.37 2.40 2.47 2.52 2.45 2.39 2.42 2.52 2.68 2.91 2.97 2.79 2.47 2.17 1.93 1.79 1.71 1.65 1.60 1.61 1.69 1.81 1.90 1.90 1.85 1.81 1.82 1.80 1.81 1.94 2.06 2.18 2.31 2.39 2.43 2.45 2.56 2.79 2.93 2.86 2.68 2.54 2.39 2.24 2.01 1.89 1.93 2.09 2.27 2.39 2.43 2.41 2.27 2.14 2.05 2.01 2.04 2.11 2.17 2.21 2.19 2.16 2.12 2.11 2.14 2.22 2.30 2.31 2.22 2.19 2.39 2.70 2.77
2.17 2.26 2.46 2.56 2.57 2.60 2.61 2.51 2.45 2.39 2.25 2.13 2.15 2.26 2.40 2.39 2.33 2.32 2.44 2.66 2.85 2.78 2.50 2.14 1.84 1.69 1.67 1.69 1.72 1.78 1.89 2.02 2.13 2.14 2.07 2.00 1.97 1.97 1.97 1.99 2.06 2.14 2.24 2.37 2.44 2.43 2.45 2.60 2.78 2.84 2.75 2.61 2.49 2.26 2.00 1.79 1.74 1.81 1.91 2.00 2.08 2.14 2.14 2.04 1.96 1.91 1.89 1.87 1.83 1.80 1.78 1.78 1.80 1.85 1.93 2.02 2.11 2.17 2.19 2.19 2.24 2.42 2.60 2.55
2.28 2.38 2.54 2.62 2.60 2.55 2.47 2.32 2.24 2.23 2.16 2.05 2.03 2.21 2.43 2.41 2.35 2.35 2.39 2.49 2.60 2.50 2.20 1.89 1.72 1.66 1.65 1.68 1.78 1.93 2.09 2.23 2.27 2.23 2.15 2.12 2.14 2.15 2.11 2.07 2.08 2.12 2.17 2.26 2.31 2.26 2.25 2.39 2.62 2.71 2.66 2.56 2.42 2.29 2.17 2.07 2.10 2.14 2.10 2.01 1.91 1.85 1.80 1.77 1.77 1.79 1.81 1.82 1.80 1.76 1.71 1.68 1.68 1.73 1.81 1.90 1.97 2.04 2.12 2.20 2.29 2.40 2.44 2.31
2.40 2.52 2.69 2.67 2.62 2.45 2.27 2.11 2.10 2.15 2.13 2.03 2.04 2.25 2.46 2.37 2.24 2.22 2.20 2.21 2.29 2.21 1.97 1.78 1.71 1.68 1.67 1.71 1.83 2.00 2.18 2.31 2.36 2.39 2.45 2.55 2.58 2.52 2.40 2.27 2.16 2.11 2.12 2.12 2.07 2.01 2.00 2.15 2.50 2.75 2.69 2.54 2.41 2.40 2.43 2.46 2.42 2.34 2.18 2.00 1.83 1.70 1.64 1.62 1.63 1.68 1.77 1.85 1.87 1.82 1.74 1.68 1.66 1.70 1.77 1.84 1.91 2.01 2.14 2.22 2.27 2.28 2.24 2.11
2.59 2.67 2.79 2.71 2.58 2.38 2.15 2.06 2.14 2.19 2.15 2.10 2.15 2.31 2.38 2.25 2.05 1.97 1.95 1.99 2.12 2.04 1.80 1.66 1.64 1.66 1.74 1.86 1.99 2.10 2.28 2.44 2.60 2.80 3.00 3.08 3.05 2.95 2.83 2.67 2.46 2.28 2.19 2.13 2.05 2.00 2.07 2.34 2.77 2.90 2.72 2.43 2.25 2.21 2.25 2.26 2.20 2.06 1.89 1.76 1.67 1.63 1.61 1.61 1.63 1.71 1.87 1.98 1.95 1.83 1.70 1.64 1.67 1.77 1.90 1.99 2.09 2.24 2.34 2.33 2.27 2.20 2.15 2.09
2.68 2.73 2.75 2.67 2.53 2.38 2.19 2.19 2.33 2.42 2.37 2.30 2.32 2.35 2.29 2.12 1.90 1.78 1.83 1.98 2.11 1.96 1.70 1.58 1.58 1.66 1.80 1.97 2.13 2.29 2.51 2.73 2.95 3.13 3.18 3.11 3.02 2.97 2.94 2.90 2.81 2.68 2.52 2.39 2.27 2.26 2.35 2.68 2.99 2.93 2.62 2.22 1.93 1.71 1.67 1.69 1.68 1.59 1.52 1.50 1.50 1.54 1.59 1.65 1.76 1.92 2.12 2.18 2.02 1.78 1.67 1.71 1.88 2.09 2.27 2.40 2.54 2.67 2.71 2.62 2.49 2.40 2.36 2.30
2.79 2.68 2.59 2.60 2.57 2.53 2.52 2.64 2.77 2.79 2.71 2.59 2.49 2.37 2.21 2.02 1.84 1.79 1.92 2.13 2.17 1.98 1.74 1.64 1.65 1.73 1.85 2.03 2.28 2.58 2.83 3.01 3.10 3.02 2.81 2.60 2.57 2.66 2.75 2.82 2.86 2.84 2.75 2.62 2.51 2.44 2.50 2.82 2.98 2.79 2.40 2.02 1.71 1.51 1.42 1.36 1.32 1.32 1.34 1.37 1.42 1.53 1.67 1.81 1.98 2.23 2.37 2.30 2.07 1.82 1.78 1.97 2.28 2.53 2.70 2.83 2.93 2.95 2.87 2.76 2.68 2.63 2.57 2.48
2.86 2.64 2.46 2.56 2.72 2.87 3.01 3.15 3.24 3.16 3.01 2.86 2.68 2.44 2.19 2.04 1.94 1.96 2.11 2.23 2.18 1.99 1.83 1.76 1.79 1.89 2.05 2.29 2.57 2.82 2.93 2.94 2.81 2.53 2.20 2.07 2.19 2.35 2.43 2.50 2.59 2.67 2.72 2.72 2.64 2.55 2.63 2.88 2.87 2.58 2.15 1.87 1.67 1.50 1.37 1.26 1.22 1.25 1.29 1.36 1.50 1.71 1.92 2.10 2.28 2.45 2.46 2.32 2.15 2.04 2.04 2.29 2.61 2.83 2.94 2.96 2.89 2.73 2.48 2.34 2.31 2.31 2.30 2.28
2.77 2.59 2.42 2.53 2.73 2.95 3.13 3.21 3.22 3.14 3.04 2.93 2.80 2.55 2.32 2.20 2.14 2.13 2.18 2.18 2.06 1.90 1.81 1.81 1.91 2.06 2.28 2.50 2.63 2.67 2.60 2.45 2.19 1.88 1.72 1.83 2.03 2.09 2.05 2.11 2.22 2.34 2.49 2.61 2.64 2.65 2.75 2.91 2.74 2.31 1.91 1.67 1.46 1.30 1.22 1.22 1.25 1.29 1.37 1.51 1.74 2.00 2.22 2.35 2.45 2.50 2.44 2.34 2.30 2.30 2.36 2.60 2.87 2.95 2.87 2.68 2.40 2.05 1.78 1.68 1.70 1.78 1.88 1.94
2.73 2.67 2.58 2.54 2.57 2.68 2.78 2.79 2.72 2.69 2.70 2.71 2.69 2.59 2.48 2.38 2.28 2.19 2.12 2.02 1.85 1.71 1.71 1.80 1.94 2.08 2.21 2.26 2.20 2.09 1.95 1.75 1.54 1.40 1.46 1.70 1.80 1.74 1.69 1.77 1.86 1.99 2.13 2.23 2.37 2.57 2.79 2.85 2.62 2.18 1.78 1.42 1.16 1.09 1.17 1.31 1.39 1.44 1.55 1.77 2.03 2.27 2.42 2.50 2.54 2.56 2.53 2.50 2.49 2.51 2.62 2.87 2.96 2.80 2.47 2.07 1.74 1.55 1.46 1.50 1.63 1.79 1.89 1.89
2.76 2.78 2.63 2.47 2.34 2.28 2.21 2.10 2.00 2.03 2.13 2.24 2.31 2.38 2.42 2.41 2.32 2.18 2.04 1.87 1.67 1.57 1.63 1.74 1.82 1.86 1.83 1.74 1.63 1.55 1.46 1.38 1.35 1.37 1.46 1.55 1.56 1.54 1.56 1.62 1.65 1.69 1.77 1.85 2.05 2.50 2.77 2.75 2.48 2.13 1.70 1.32 1.16 1.23 1.43 1.57 1.60 1.61 1.75 2.01 2.32 2.53 2.66 2.73 2.78 2.82 2.81 2.75 2.70 2.71 2.84 2.95 2.77 2.30 1.85 1.59 1.54 1.53 1.55 1.69 1.89 2.07 2.11 2.09
2.78 2.69 2.45 2.25 2.00 1.83 1.69 1.53 1.48 1.53 1.62 1.68 1.79 1.96 2.14 2.24 2.24 2.13 1.97 1.78 1.62 1.58 1.61 1.65 1.63 1.57 1.49 1.45 1.44 1.43 1.42 1.46 1.54 1.61 1.63 1.65 1.66 1.68 1.71 1.74 1.75 1.77 1.83 2.00 2.29 2.69 2.77 2.60 2.30 1.95 1.63 1.44 1.44 1.63 1.82 1.87 1.78 1.77 1.97 2.33 2.67 2.94 3.07 3.11 3.14 3.19 3.17 3.09 3.01 3.00 3.02 2.84 2.34 1.83 1.63 1.67 1.76 1.76 1.78 1.94 2.17 2.30 2.31 2.40
2.69 2.48 2.14 1.91 1.61 1.46 1.42 1.39 1.38 1.47 1.56 1.61 1.70 1.87 2.01 2.08 2.09 2.05 1.94 1.80 1.70 1.65 1.62 1.58 1.53 1.49 1.51 1.58 1.62 1.63 1.64 1.66 1.73 1.84 1.91 1.96 2.00 2.01 1.99 2.02 2.10 2.24 2.40 2.64 2.86 2.92 2.70 2.38 2.13 1.92 1.73 1.68 1.80 2.00 2.16 2.15 2.02 2.08 2.41 2.83 3.20 3.40 3.42 3.39 3.37 3.37 3.36 3.32 3.28 3.18 3.01 2.67 2.12 1.88 1.96 2.10 2.11 2.03 2.04 2.20 2.41 2.55 2.66 2.83
2.59 2.40 2.02 1.63 1.40 1.39 1.50 1.60 1.73 1.89 2.02 2.09 2.16 2.20 2.17 2.07 1.99 1.98 1.93 1.86 1.77 1.68 1.60 1.56 1.57 1.63 1.74 1.82 1.87 1.90 1.91 1.88 1.92 2.04 2.15 2.26 2.34 2.36 2.33 2.38 2.59 2.79 2.99 3.09 3.06 2.83 2.44 2.10 1.99 1.96 1.89 1.92 2.09 2.31 2.43 2.37 2.34 2.52 2.97 3.38 3.58 3.56 3.43 3.33 3.28 3.26 3.26 3.24 3.22 3.12 2.95 2.80 2.58 2.58 2.75 2.82 2.74 2.60 2.58 2.66 2.78 2.91 3.07 3.17
2.54 2.37 1.96 1.59 1.50 1.74 2.02 2.25 2.48 2.65 2.74 2.78 2.74 2.58 2.36 2.14 2.01 1.95 1.93 1.88 1.79 1.69 1.63 1.65 1.74 1.84 1.92 1.99 2.06 2.13 2.19 2.23 2.27 2.34 2.42 2.56 2.71 2.78 2.83 2.93 3.07 3.17 3.15 3.00 2.72 2.32 1.93 1.77 1.86 1.97 2.07 2.22 2.44 2.63 2.64 2.51 2.57 2.96 3.39 3.58 3.52 3.35 3.14 3.02 2.99 3.00 3.04 3.03 2.97 2.94 2.97 3.06 3.24 3.39 3.49 3.56 3.56 3.51 3.48 3.44 3.41 3.35 3.32 3.20
2.40 2.13 1.69 1.55 1.82 2.30 2.71 3.03 3.23 3.26 3.20 3.10 2.95 2.70 2.47 2.27 2.11 2.00 1.93 1.88 1.81 1.77 1.78 1.85 1.93 2.00 2.07 2.16 2.24 2.33 2.47 2.65 2.84 2.96 3.00 3.06 3.11 3.13 3.21 3.27 3.23 3.10 2.85 2.51 2.12 1.74 1.54 1.60 1.88 2.11 2.34 2.59 2.78 2.82 2.73 2.62 2.83 3.27 3.43 3.36 3.15 2.95 2.78 2.67 2.65 2.69 2.75 2.76 2.71 2.74 2.90 3.09 3.32 3.47 3.57 3.71 3.81 3.83 3.79 3.72 3.62 3.51 3.31 3.03
2.03 1.78 1.55 1.74 2.33 2.93 3.25 3.37 3.38 3.26 3.09 2.93 2.78 2.62 2.49 2.36 2.20 2.05 1.96 1.91 1.90 1.94 2.04 2.15 2.22 2.25 2.34 2.44 2.51 2.62 2.84 3.14 3.35 3.45 3.43 3.34 3.25 3.20 3.17 3.09 2.92 2.64 2.27 1.89 1.59 1.45 1.51 1.79 2.17 2.48 2.79 3.02 3.06 2.95 2.83 2.86 3.11 3.25 3.18 2.93 2.71 2.53 2.35 2.24 2.25 2.23 2.21 2.24 2.30 2.43 2.59 2.78 2.97 3.06 3.13 3.25 3.35 3.39 3.38 3.30 3.25 3.19 3.10 2.91
1.97 1.93 2.05 2.50 3.07 3.38 3.37 3.23 3.07 2.86 2.70 2.59 2.48 2.41 2.36 2.29 2.18 2.07 2.01 2.03 2.12 2.27 2.45 2.57 2.65 2.71 2.79 2.89 3.00 3.15 3.36 3.50 3.48 3.37 3.22 3.06 3.00 2.92 2.76 2.52 2.28 2.00 1.67 1.41 1.37 1.53 1.84 2.26 2.61 2.93 3.12 3.12 3.04 2.99 2.95 3.02 3.10 3.01 2.77 2.48 2.25 2.04 1.82 1.74 1.74 1.66 1.56 1.60 1.77 1.98 2.26 2.44 2.50 2.48 2.44 2.46 2.46 2.52 2.56 2.55 2.64 2.78 2.87 2.93
2.42 2.62 2.98 3.28 3.43 3.39 3.14 2.88 2.65 2.50 2.42 2.34 2.26 2.19 2.15 2.13 2.10 2.07 2.11 2.22 2.41 2.61 2.77 2.89 2.96 3.05 3.18 3.32 3.44 3.54 3.58 3.45 3.18 2.86 2.59 2.47 2.56 2.49 2.21 1.89 1.61 1.41 1.27 1.32 1.56 1.86 2.25 2.65 2.99 3.17 3.11 2.95 2.81 2.81 2.86 2.89 2.84 2.64 2.34 2.05 1.80 1.52 1.33 1.33 1.36 1.32 1.30 1.39 1.57 1.82 2.05 2.22 2.24 2.13 1.99 1.92 1.96 2.10 2.19 2.25 2.35 2.46 2.61 2.75
2.76 2.95 3.23 3.31 3.24 3.12 2.79 2.58 2.38 2.30 2.28 2.20 2.12 2.05 2.01 2.01 2.04 2.09 2.18 2.29 2.42 2.55 2.67 2.82 2.93 3.09 3.26 3.38 3.41 3.37 3.24 2.95 2.55 2.23 2.06 2.09 2.14 1.96 1.62 1.36 1.21 1.18 1.30 1.61 1.91 2.22 2.62 2.96 3.16 3.11 2.86 2.62 2.51 2.51 2.57 2.59 2.51 2.32 2.03 1.75 1.48 1.20 1.07 1.12 1.21 1.28 1.40 1.63 1.83 1.93 2.01 2.07 2.08 1.97 1.81 1.74 1.87 2.06 2.10 2.10 2.21 2.27 2.31 2.40
2.91 2.92 2.94 2.93 2.83 2.66 2.49 2.35 2.24 2.20 2.15 2.06 1.99 1.94 1.93 1.97 2.03 2.10 2.15 2.17 2.20 2.24 2.33 2.51 2.78 3.00 3.13 3.12 3.01 2.82 2.55 2.21 1.87 1.69 1.66 1.71 1.63 1.41 1.21 1.15 1.21 1.39 1.69 1.99 2.28 2.64 2.98 3.18 3.14 2.91 2.65 2.47 2.39 2.34 2.33 2.33 2.29 2.16 1.91 1.60 1.32 1.14 1.10 1.21 1.37 1.55 1.82 2.03 2.06 2.01 1.98 1.99 1.96 1.86 1.74 1.76 1.91 1.99 1.91 1.92 2.03 2.07 2.10 2.16
3.03 2.86 2.67 2.63 2.82 2.44 2.33 2.19 2.13 2.09 2.02 1.96 1.89 1.86 1.90 1.97 2.05 2.09 2.11 2.12 2.17 2.26 2.42 2.65 2.91 3.03 2.96 2.76 2.52 2.24 1.91 1.62 1.38 1.30 1.34 1.36 1.28 1.21 1.21 1.31 1.52 1.80 2.08 2.38 2.70 3.03 3.23 3.19 2.96 2.71 2.51 2.37 2.28 2.24 2.26 2.25 2.20 2.09 1.91 1.66 1.47 1.42 1.53 1.72 1.93 2.17 2.36 2.29 2.08 2.01 2.04 1.97 1.85 1.79 1.77 1.81 1.88 1.85 1.77 1.81 1.90 1.92 1.97 2.09
3.09 2.91 2.65 2.54 2.46 2.39 2.36 2.25 2.17 2.13 2.06 1.99 1.92 1.91 1.96 2.03 2.11 2.16 2.22 2.31 2.47 2.68 2.91 3.07 3.09 2.96 2.67 2.34 2.03 1.72 1.41 1.20 1.15 1.21 1.28 1.32 1.35 1.42 1.52 1.64 1.84 2.08 2.39 2.76 3.08 3.29 3.16 3.01 2.73 2.52 2.35 2.22 2.18 2.20 2.25 2.27 2.16 2.08 2.04 2.01 2.03 2.20 2.44 2.61 2.74 2.83 2.72 2.46 2.25 2.23 2.16 1.97 1.79 1.79 1.84 1.80 1.78 1.79 1.81 1.87 1.92 1.93 1.99 2.08
3.12 2.95 2.67 2.54 2.46 2.39 2.39 2.40 2.36 2.33 2.30 2.21 2.17 2.16 2.18 2.18 2.20 2.28 2.41 2.60 2.82 3.01 3.09 3.02 2.83 2.55 2.21 1.86 1.53 1.25 1.09 1.10 1.23 1.41 1.51 1.58 1.64 1.73 1.85 1.95 2.08 2.30 2.68 3.07 3.31 3.33 3.11 2.79 2.54 2.36 2.20 2.15 2.18 2.24 2.28 2.21 2.09 2.13 2.26 2.46 2.79 3.16 3.43 3.56 3.53 3.41 3.09 2.80 2.69 2.57 2.24 1.89 1.79 1.89 1.89 1.74 1.75 1.88 1.98 2.02 2.02 2.01 2.04 2.08
3.11 2.92 2.66 2.52 2.43 2.39 2.36 2.41 2.44 2.44 2.42 2.35 2.33 2.34 2.35 2.32 2.28 2.34 2.51 2.72 2.87 2.88 2.73 2.47 2.20 1.96 1.71 1.42 1.15 1.02 1.09 1.35 1.59 1.73 1.83 1.89 1.95 2.02 2.13 2.20 2.31 2.57 3.00 3.28 3.34 3.18 2.88 2.61 2.42 2.32 2.28 2.25 2.27 2.30 2.24 2.12 2.11 2.29 2.50 2.87 3.27 3.49 3.59 3.92 3.71 3.66 3.49 3.32 3.11 2.79 2.35 2.01 1.99 2.06 1.96 1.83 1.96 2.20 2.28 2.22 2.14 2.08 2.07 2.05
3.07 2.95 2.73 2.56 2.45 2.40 2.35 2.34 2.37 2.37 2.30 2.22 2.21 2.24 2.28 2.27 2.24 2.30 2.48 2.62 2.59 2.38 2.09 1.83 1.62 1.45 1.28 1.12 1.04 1.15 1.47 1.79 1.97 2.05 2.10 2.17 2.26 2.33 2.36 2.44 2.60 2.91 3.22 3.32 3.17 2.89 2.61 2.44 2.38 2.40 2.46 2.50 2.44 2.40 2.30 2.22 2.29 2.50 2.72 3.09 3.29 3.31 3.24 3.23 3.30 3.38 3.46 3.49 3.39 3.14 2.92 2.77 2.69 2.49 2.24 2.24 2.48 2.68 2.63 2.43 2.22 2.08 1.99 2.00
3.10 3.02 2.80 2.63 2.55 2.47 2.38 2.31 2.30 2.32 2.26 2.17 2.14 2.13 2.12 2.10 2.14 2.25 2.39 2.35 2.10 1.76 1.47 1.28 1.12 1.01 0.94 0.95 1.13 1.50 1.87 2.08 2.19 2.25 2.29 2.37 2.44 2.46 2.49 2.60 2.85 3.13 3.29 3.19 2.92 2.60 2.43 2.36 2.38 2.48 2.53 2.57 2.60 2.55 2.46 2.41 2.43 2.57 2.80 3.10 3.09 2.86 2.67 2.63 2.72 2.87 3.04 3.23 3.39 3.44 3.46 3.43 3.32 3.13 2.92 2.96 3.07 3.03 2.78 2.40 2.12 1.99 1.94 1.91
3.17 2.97 2.70 2.59 2.57 2.55 2.45 2.31 2.26 2.32 2.37 2.32 2.26 2.19 2.11 2.04 2.08 2.19 2.18 1.95 1.57 1.24 1.01 0.88 0.82 0.82 0.88 1.03 1.31 1.64 1.92 2.04 2.10 2.16 2.24 2.33 2.34 2.37 2.46 2.65 2.96 3.21 3.21 2.99 2.76 2.53 2.41 2.37 2.37 2.42 2.49 2.53 2.60 2.60 2.53 2.42 2.40 2.47 2.74 2.93 2.81 2.54 2.37 2.32 2.39 2.54 2.69 2.82 3.02 3.21 3.33 3.39 3.39 3.40 3.48 3.47 3.28 2.94 2.53 2.20 2.03 1.96 1.89 1.80
3.09 2.82 2.48 2.43 2.48 2.51 2.44 2.29 2.22 2.24 2.32 2.34 2.30 2.22 2.14 2.06 2.06 2.05 1.88 1.54 1.23 1.01 0.89 0.86 0.88 0.96 1.12 1.31 1.50 1.64 1.72 1.79 1.83 1.86 1.93 2.02 2.10 2.19 2.37 2.68 2.98 3.09 2.95 2.71 2.54 2.41 2.31 2.30 2.32 2.34 2.39 2.47 2.48 2.47 2.41 2.25 2.23 2.29 2.60 2.75 2.57 2.29 2.18 2.23 2.36 2.44 2.46 2.46 2.54 2.65 2.79 2.93 3.05 3.18 3.29 3.31 3.05 2.62 2.35 2.21 2.09 1.91 1.73 1.71
2.82 2.63 2.41 2.39 2.38 2.32 2.22 2.15 2.08 2.06 2.11 2.18 2.20 2.15 2.12 2.06 2.00 1.89 1.66 1.41 1.25 1.19 1.18 1.20 1.24 1.36 1.50 1.64 1.73 1.75 1.75 1.74 1.71 1.68 1.70 1.80 1.99 2.14 2.34 2.67 2.90 2.84 2.58 2.28 2.03 1.94 1.96 2.04 2.14 2.26 2.35 2.38 2.34 2.26 2.17 2.06 2.05 2.18 2.46 2.61 2.46 2.21 2.19 2.25 2.38 2.41 2.30 2.19 2.19 2.25 2.29 2.42 2.61 2.74 2.77 2.82 2.80 2.65 2.48 2.34 2.03 1.70 1.58 1.68
2.60 2.61 2.62 2.57 2.40 2.22 2.10 2.03 1.96 1.93 1.96 2.02 2.09 2.10 2.07 1.99 1.90 1.79 1.64 1.53 1.53 1.58 1.64 1.67 1.73 1.81 1.90 1.96 2.00 2.01 1.99 1.91 1.80 1.72 1.73 1.85 2.02 2.16 2.35 2.64 2.76 2.60 2.26 1.86 1.64 1.66 1.78 1.94 2.11 2.23 2.33 2.33 2.21 2.10 2.03 2.02 2.05 2.20 2.44 2.59 2.48 2.34 2.34 2.33 2.34 2.22 2.06 1.99 2.02 2.06 2.10 2.18 2.32 2.39 2.33 2.43 2.63 2.73 2.64 2.32 1.85 1.60 1.66 1.89
2.73 2.85 2.94 2.83 2.64 2.36 2.17 2.04 1.94 1.86 1.82 1.85 1.93 2.02 2.02 1.92 1.84 1.78 1.74 1.80 1.91 2.03 2.13 2.20 2.25 2.26 2.24 2.23 2.20 2.17 2.12 2.04 1.95 1.88 1.88 1.96 2.11 2.24 2.45 2.67 2.67 2.41 2.05 1.75 1.70 1.85 2.07 2.28 2.39 2.39 2.35 2.31 2.17 2.06 2.02 2.05 2.10 2.25 2.47 2.65 2.60 2.51 2.43 2.28 2.15 2.01 1.91 1.90 1.99 2.05 2.07 2.15 2.23 2.23 2.19 2.30 2.47 2.61 2.62 2.46 2.17 2.08 2.24 2.45
2.94 3.02 3.04 2.88 2.68 2.45 2.25 2.09 1.95 1.82 1.71 1.68 1.73 1.84 1.91 1.87 1.83 1.83 1.92 2.10 2.28 2.43 2.55 2.63 2.63 2.61 2.57 2.50 2.39 2.27 2.15 2.07 2.03 2.08 2.17 2.24 2.33 2.46 2.67 2.80 2.72 2.45 2.12 2.02 2.18 2.43 2.64 2.73 2.71 2.53 2.39 2.29 2.20 2.07 2.03 2.06 2.10 2.27 2.52 2.75 2.70 2.55 2.41 2.19 2.01 1.88 1.85 1.91 2.00 2.04 2.02 2.08 2.20 2.19 2.19 2.28 2.37 2.45 2.57 2.75 2.89 2.96 3.03 3.06
3.02 3.00 2.83 2.64 2.45 2.27 2.15 2.03 1.89 1.74 1.65 1.61 1.61 1.67 1.76 1.80 1.80 1.87 2.04 2.26 2.44 2.56 2.63 2.67 2.67 2.67 2.66 2.62 2.55 2.43 2.26 2.13 2.12 2.22 2.35 2.47 2.61 2.77 2.94 3.06 2.99 2.78 2.68 2.67 2.80 2.96 3.01 2.88 2.69 2.50 2.36 2.29 2.20 2.09 2.03 2.05 2.12 2.32 2.61 2.80 2.70 2.51 2.36 2.19 2.04 1.94 1.92 1.94 1.99 2.03 1.99 1.99 2.11 2.18 2.18 2.25 2.34 2.41 2.57 2.83 3.13 3.26 3.24 3.12
