project/data/elevation/US_DEM2016/US_DEM2016_point_10-30-2019_1639_30m_ang.asc
ncols	125
nrows	167
xllcorner	-2042055.000000
yllcorner	1465035.000000
cellsize	30.000000
NODATA_value	-9999.000000
[rows 0 to 42 of 167, columns 0 to 95 of 125]
349 347 340 338 340 342 344 345 347 349 352 352 352 351 351 352 353 354 353 351 349 347 347 349 351 353 354 355 353 350 346 341 335 329 326 326 328 331 335 339 340 341 341 342 343 342 339 338 339 340 341 344 347 349 351 352 353 352 350 348 347 346 345 344 345 347 350 350 348 344 342 342 343 344 344 345 346 345 344 346 350 351 349 347 347 348 351 352 352 349 346 346 345 343 342 342
349 347 340 338 340 342 344 345 347 349 352 352 352 351 351 352 353 354 353 351 349 347 347 349 351 353 354 355 353 350 346 341 335 329 326 326 328 331 335 339 340 341 341 342 343 342 339 338 339 340 341 344 347 349 351 352 353 352 350 348 347 346 345 344 345 347 350 350 348 344 342 342 343 344 344 345 346 345 344 346 350 351 349 347 347 348 351 352 352 349 346 346 345 343 342 342
355 350 340 335 335 336 338 340 343 347 350 352 352 350 350 351 354 356 356 353 350 346 345 348 351 354 358 360 358 355 351 346 339 333 329 327 327 328 331 335 338 339 340 342 343 344 343 341 340 339 339 341 345 349 350 352 354 355 354 351 348 346 343 341 342 345 349 351 350 348 345 343 343 343 343 344 344 343 341 344 349 352 350 346 346 348 352 355 354 351 348 348 348 346 343 341
5 355 341 334 331 328 328 330 334 341 346 350 351 350 349 351 355 358 360 357 350 344 342 346 352 359 6 8 7 4 359 353 346 341 337 334 329 326 326 330 335 338 340 341 343 345 346 345 341 338 336 337 342 346 349 352 355 356 357 356 352 347 343 339 338 340 345 350 351 350 348 347 345 344 342 341 340 339 336 338 345 349 347 344 345 350 356 359 358 353 350 351 350 347 343 340
7 357 342 336 332 327 323 323 326 332 339 346 349 349 347 348 353 358 0 357 349 343 342 347 355 5 11 12 11 8 2 356 350 346 344 341 337 332 328 329 332 337 340 342 342 344 345 345 342 338 336 337 341 345 348 350 351 351 353 354 354 351 347 343 339 337 339 342 345 348 348 348 348 346 342 339 337 335 333 334 339 342 341 340 344 352 359 1 358 353 351 351 348 344 340 339
4 356 343 338 334 329 324 320 320 323 330 339 346 348 346 347 351 354 356 353 347 343 344 350 0 9 13 13 11 7 1 355 351 349 348 346 342 338 334 331 329 331 335 338 340 342 344 343 341 338 337 339 343 347 350 350 348 345 345 347 350 352 351 347 342 338 336 336 338 341 343 345 346 344 341 337 334 332 331 332 334 335 334 335 342 353 360 1 357 352 351 350 344 339 337 339
360 354 345 340 337 333 329 323 317 315 320 330 340 343 342 345 351 354 353 349 345 344 347 355 4 10 12 11 8 3 358 355 352 351 351 349 346 343 340 336 330 327 327 330 335 338 340 340 338 335 336 339 346 352 354 352 350 347 346 346 347 349 351 350 345 340 335 334 335 337 340 342 342 341 338 334 331 328 327 328 329 330 329 330 338 350 359 360 354 350 349 346 340 336 337 343
355 351 346 343 341 338 334 327 319 314 314 321 331 336 337 342 350 355 354 348 343 343 350 359 6 10 12 9 4 359 356 354 353 352 352 350 349 348 346 343 338 331 326 324 327 332 335 334 332 331 333 339 348 354 357 356 353 352 352 352 351 350 350 350 347 341 335 333 334 337 340 341 340 338 335 333 329 326 324 325 325 326 326 327 334 345 355 356 351 348 346 342 338 338 344 352
349 348 347 347 346 344 340 333 325 319 316 318 323 328 331 337 347 356 357 349 342 342 351 1 8 10 9 6 1 356 353 352 351 350 350 350 352 352 352 351 348 342 334 327 326 330 334 333 330 329 331 338 347 354 357 358 358 358 359 358 355 352 350 350 349 343 336 333 335 339 342 342 340 337 336 334 332 329 327 327 326 325 324 326 332 341 350 351 347 345 344 341 341 346 355 1
342 345 348 350 351 349 345 338 331 328 325 323 322 323 327 333 344 356 358 350 342 343 352 2 7 7 5 2 358 354 351 349 347 346 347 349 352 354 355 355 354 351 345 339 334 334 336 334 330 329 332 338 345 351 355 359 1 4 4 1 357 353 349 348 348 345 339 337 338 342 344 342 340 338 337 337 336 335 334 334 334 332 330 330 333 340 347 347 344 343 343 344 348 356 0 1
334 340 349 353 354 352 348 342 338 336 335 332 329 326 327 331 341 352 355 350 345 347 355 1 4 4 1 357 354 351 348 345 343 343 344 348 350 352 353 355 356 355 353 348 342 338 336 332 330 330 334 341 347 350 352 357 3 6 6 2 358 352 347 344 345 344 342 342 344 345 344 341 338 337 338 339 339 339 340 341 341 339 338 336 337 341 344 343 342 344 347 350 354 357 358 359
326 333 347 353 354 353 349 345 344 344 343 341 338 335 332 333 339 347 350 349 348 352 358 1 1 0 357 353 349 346 344 342 340 341 344 347 347 347 349 351 354 355 355 353 349 344 337 331 329 330 337 345 351 354 355 357 1 4 4 1 355 348 344 341 341 341 343 346 348 348 345 340 337 336 337 339 339 341 343 343 341 339 338 339 340 342 342 341 341 346 351 353 354 355 355 356
324 327 338 347 351 351 349 348 348 350 349 348 346 344 341 339 340 343 345 347 351 357 1 1 358 356 352 348 344 342 340 339 338 340 344 345 342 341 343 346 348 351 353 353 353 349 341 332 329 331 338 347 354 359 360 357 356 358 360 357 351 345 341 340 339 339 343 348 350 350 346 340 337 337 338 339 340 341 342 339 332 329 329 332 336 339 339 340 342 346 350 352 353 353 353 354
331 330 332 338 344 347 347 348 350 352 352 351 351 351 349 345 343 343 344 346 352 0 3 359 355 351 347 344 340 338 336 335 335 337 338 337 335 336 337 338 340 343 346 350 353 350 343 335 333 335 341 350 358 1 358 353 353 354 354 352 348 343 340 340 339 340 342 347 350 351 347 340 338 339 341 342 341 341 340 336 329 324 324 326 330 333 336 339 342 345 347 349 351 351 350 350
334 334 335 335 336 339 341 344 346 348 349 350 352 353 353 351 349 347 346 347 354 1 1 357 352 348 344 340 336 332 331 334 336 336 334 330 328 330 332 332 333 334 336 342 347 347 343 339 339 342 349 356 360 356 351 349 351 352 349 347 345 342 341 340 340 341 343 347 351 351 346 341 341 344 347 346 343 342 341 337 332 329 328 329 329 331 335 339 341 343 344 346 347 347 346 346
331 334 338 339 335 331 329 330 331 332 333 337 343 347 350 352 354 353 352 352 357 360 359 356 352 348 344 340 337 334 333 336 339 340 338 335 332 332 334 335 334 334 335 338 342 343 343 343 345 350 355 359 357 351 347 348 351 351 346 342 342 342 343 342 342 342 345 348 352 352 348 345 347 352 352 348 345 344 342 337 333 332 332 332 331 333 337 340 341 341 342 343 343 343 343 344
329 332 338 343 340 332 323 320 320 321 322 326 330 335 341 349 356 358 358 358 359 360 359 358 355 351 347 344 342 341 339 337 339 342 343 343 340 338 338 340 340 339 339 340 341 342 344 348 352 355 358 358 353 348 346 348 352 349 343 340 339 341 344 345 345 345 346 349 352 353 352 353 355 356 352 348 347 347 344 338 335 334 334 334 335 337 340 342 341 340 340 342 342 342 345 346
334 335 341 347 348 340 331 328 328 329 330 332 334 335 339 346 355 360 1 1 2 2 2 360 356 352 348 345 345 346 345 342 339 340 343 345 344 343 342 342 342 341 340 340 340 341 346 353 357 359 359 356 350 346 345 349 352 347 341 338 338 340 344 347 348 348 347 348 351 354 357 359 359 356 351 350 351 352 348 343 339 337 336 337 339 341 343 343 341 339 339 341 343 346 350 349
339 341 348 354 351 342 336 334 335 336 338 340 342 343 345 348 354 360 3 4 5 6 5 0 355 351 348 345 345 347 348 346 343 341 342 344 346 346 345 343 342 341 341 340 340 343 349 356 359 359 358 353 347 344 345 350 350 343 338 337 337 339 343 347 349 350 348 347 348 352 356 359 358 355 352 352 354 354 353 350 346 343 341 341 343 345 345 342 339 338 339 341 345 349 351 349
341 346 355 356 347 339 336 337 339 341 343 346 348 350 352 353 356 360 3 5 7 8 5 359 355 351 348 345 344 345 347 347 346 344 344 345 346 347 346 344 342 342 342 342 344 348 352 354 355 355 354 350 346 345 347 350 346 340 337 336 337 338 341 344 347 348 349 348 346 347 351 353 354 353 352 353 354 354 354 354 353 350 347 346 347 347 345 342 339 339 341 343 345 347 346 346
350 353 356 350 340 336 336 338 341 345 347 350 353 356 358 358 360 2 4 6 7 6 2 359 355 352 349 346 345 344 344 345 345 345 346 347 347 347 345 344 344 344 345 348 352 354 352 349 349 349 349 348 347 348 350 348 343 339 337 337 337 338 338 338 339 341 344 346 344 341 341 344 346 348 350 352 353 353 353 356 357 356 355 352 349 348 347 345 344 345 345 345 344 343 342 343
3 358 350 343 337 335 336 340 344 347 349 352 354 358 1 3 4 5 5 5 5 2 359 357 355 353 350 347 346 344 343 342 343 344 346 348 347 345 344 345 346 348 351 356 356 354 349 345 344 344 345 346 349 352 352 349 343 340 339 339 338 336 334 329 325 325 327 330 332 329 329 330 333 337 342 346 348 348 350 354 357 359 360 357 352 349 349 349 350 351 350 346 344 342 341 343
359 354 347 342 338 337 338 342 346 348 350 352 354 358 2 6 7 6 4 2 359 357 355 355 354 352 350 347 346 344 342 342 343 345 347 348 346 343 344 347 351 354 358 358 353 348 344 341 339 340 342 345 350 353 354 351 346 343 343 342 340 337 330 320 311 308 307 309 312 315 316 316 319 323 327 335 340 340 343 348 353 358 0 359 356 352 350 350 352 353 351 347 344 344 345 346
346 346 345 343 340 339 341 344 346 348 350 352 354 358 3 7 7 4 1 358 354 351 350 350 350 349 348 346 345 343 342 342 344 347 349 348 344 343 347 353 357 359 357 353 348 344 340 337 336 337 340 344 349 353 354 353 351 349 349 349 348 344 334 323 316 313 312 312 313 314 311 308 307 310 315 323 329 332 336 341 346 352 358 1 0 356 351 348 349 350 349 347 344 345 345 345
333 337 342 343 342 341 343 345 347 347 349 351 354 358 2 5 5 2 360 356 352 348 345 344 345 345 344 343 343 343 344 346 348 350 350 347 344 345 351 356 358 356 351 347 345 342 338 335 334 335 339 343 347 351 354 355 355 356 357 358 357 352 341 333 328 325 323 322 321 319 314 308 304 302 305 311 316 321 327 333 338 344 353 0 2 359 353 350 349 350 349 347 344 343 343 342
321 326 337 342 343 344 344 345 346 347 348 350 354 357 360 2 2 1 360 357 352 348 344 341 341 340 340 341 343 345 348 352 355 354 349 346 347 349 351 352 352 350 347 344 342 340 338 336 335 336 338 342 346 350 353 355 357 1 3 4 1 352 344 339 336 333 331 330 328 324 320 316 310 305 303 305 306 307 314 322 328 336 346 355 359 359 356 352 351 350 349 347 344 342 342 341
316 320 331 339 344 347 347 346 346 346 347 350 353 355 357 358 359 0 360 357 352 348 344 342 340 339 339 341 345 350 357 2 1 356 351 348 349 350 349 348 347 346 343 340 339 338 337 338 339 339 339 340 344 348 351 354 359 4 6 4 359 351 346 343 341 339 338 337 335 332 330 327 321 314 310 308 305 303 307 313 320 328 337 346 354 358 358 354 351 350 349 348 344 342 342 341
313 317 327 335 343 348 350 350 349 349 349 352 354 355 355 356 357 358 358 354 349 345 343 341 340 340 340 344 350 359 6 6 0 355 353 350 349 349 349 347 344 341 339 337 336 337 339 341 344 344 341 338 339 343 348 353 360 3 3 360 354 349 348 348 348 347 346 344 342 341 341 338 331 324 321 318 313 310 311 313 317 322 329 336 346 355 359 358 353 350 349 347 344 342 342 341
313 315 322 331 339 346 350 352 351 351 352 354 355 356 356 357 356 355 353 349 345 343 341 341 341 342 344 349 359 7 7 1 356 353 352 351 349 348 348 347 343 339 335 333 333 336 339 344 349 350 346 340 337 339 344 352 359 360 358 353 348 346 348 351 354 355 353 350 348 349 349 346 339 333 331 328 323 320 320 321 321 322 324 328 336 347 356 358 356 351 348 347 344 342 342 342
317 317 321 328 334 342 348 352 353 353 353 354 354 355 357 359 357 353 349 344 342 341 341 342 343 344 348 356 4 4 358 354 353 352 351 351 350 349 348 347 343 338 333 331 331 334 339 345 350 353 350 345 340 339 343 351 355 355 352 346 342 342 346 352 357 358 357 356 355 355 355 352 347 342 339 335 331 330 330 331 329 326 322 322 327 336 347 355 358 355 351 347 344 343 343 344
321 322 326 329 333 338 345 351 355 356 355 354 353 354 357 359 357 352 346 342 341 342 344 346 347 347 349 353 356 353 350 349 350 351 351 350 349 349 348 345 341 337 332 331 331 333 338 343 348 351 352 349 344 342 345 349 351 351 348 341 337 338 343 350 355 358 358 359 359 358 357 356 355 352 347 342 339 338 339 339 336 331 325 320 319 324 334 346 355 357 355 350 346 344 345 347
318 322 328 332 333 336 342 349 355 358 358 357 355 355 357 358 356 351 346 344 346 349 352 353 352 350 345 341 340 340 341 343 345 347 348 348 348 348 347 343 339 335 333 333 335 336 337 340 344 348 350 350 348 346 347 349 349 348 343 336 333 334 339 345 350 352 355 358 359 358 358 359 359 358 354 349 346 346 346 344 340 336 331 323 316 315 319 330 344 353 355 353 350 348 347 348
314 316 323 328 331 334 338 346 354 359 0 360 358 358 359 358 355 352 350 353 358 2 2 359 356 352 345 337 332 330 330 332 336 340 343 344 345 346 344 341 336 332 331 334 337 339 339 338 339 343 346 348 348 349 351 351 350 347 340 332 328 329 334 339 343 346 349 353 356 356 357 359 360 359 357 356 356 354 351 348 345 342 337 328 321 316 315 318 326 339 348 351 352 351 348 348
316 315 315 320 324 329 333 340 349 357 1 2 2 1 0 359 357 356 358 4 7 8 5 1 358 353 348 342 336 332 329 329 330 332 335 339 341 342 341 338 333 330 329 331 334 335 334 333 333 337 341 344 347 351 354 354 352 347 338 330 326 325 329 333 336 339 344 349 352 352 353 356 357 357 359 3 4 2 356 351 351 349 342 333 328 325 322 320 320 324 333 342 348 349 347 346
327 323 319 320 322 325 328 333 341 351 359 4 5 3 2 1 360 1 5 8 8 6 4 1 358 355 351 347 343 339 337 336 336 334 334 335 337 338 337 335 332 329 328 329 327 325 324 324 326 330 336 340 345 352 356 356 353 347 339 332 328 326 328 330 331 333 339 346 348 348 349 352 352 353 358 5 7 6 1 357 357 354 345 337 334 334 334 332 329 326 327 332 340 344 344 344
334 331 328 329 331 331 331 332 336 344 354 2 5 6 4 3 2 3 6 7 5 3 1 0 358 356 353 350 347 344 342 341 342 341 338 335 335 336 335 334 333 332 332 332 329 325 325 326 327 329 333 337 343 351 356 356 353 348 341 335 331 330 331 330 329 330 334 340 344 344 347 349 348 349 355 1 5 6 5 4 1 355 348 342 341 342 343 342 339 335 333 334 337 341 343 343
331 332 333 336 339 340 339 338 338 340 347 356 3 7 7 5 4 3 4 2 360 358 358 358 358 357 356 354 352 349 345 344 344 344 343 340 337 336 336 336 338 339 340 338 334 331 332 333 334 334 335 336 341 350 356 356 353 348 341 336 333 333 334 333 331 329 330 334 338 339 343 347 345 345 350 354 359 3 5 5 2 358 352 348 348 350 351 347 341 337 336 336 338 341 343 344
327 329 335 339 343 345 344 344 343 343 345 350 358 4 7 7 4 1 358 356 354 353 354 355 356 356 357 357 356 353 350 347 344 343 342 341 339 337 336 338 341 346 347 344 339 336 337 338 340 340 338 337 340 348 356 357 353 348 341 336 334 336 339 339 337 333 331 331 333 335 339 343 343 342 345 348 353 357 0 1 1 359 357 355 356 358 356 349 342 338 337 336 338 342 345 347
322 326 335 341 344 345 346 347 348 346 344 346 352 360 5 7 4 358 353 350 348 348 349 351 352 353 355 357 358 357 355 351 346 342 340 339 339 338 336 337 340 346 350 348 345 342 341 341 342 341 340 338 339 346 355 357 352 347 340 335 334 336 342 344 342 339 334 329 328 330 334 340 339 338 339 343 347 351 352 354 357 360 2 3 5 2 355 347 344 343 343 342 342 344 349 351
319 322 333 341 343 344 345 348 349 347 344 345 349 356 3 6 3 356 349 346 344 345 345 347 348 350 352 355 357 358 357 354 349 344 340 339 339 340 338 336 338 343 348 350 349 347 346 345 343 341 339 337 338 345 354 355 351 345 340 335 333 334 338 341 342 340 334 328 323 323 329 335 335 333 335 339 342 344 345 347 352 359 5 8 8 0 350 346 346 348 349 349 349 351 354 355
318 321 332 340 342 343 345 348 350 348 346 347 351 357 3 4 0 354 349 346 344 343 343 344 345 346 348 351 354 357 357 355 350 345 340 339 340 341 340 339 339 342 346 350 351 351 350 350 349 345 342 340 340 345 352 353 349 344 341 337 334 333 333 333 332 332 330 327 322 319 322 328 330 328 330 336 340 339 338 341 348 355 3 7 5 357 349 346 348 351 352 354 356 359 359 359
322 325 334 341 343 344 346 348 349 347 347 349 355 2 5 3 358 355 352 349 347 345 344 343 343 343 345 347 350 354 355 353 348 343 340 339 339 340 341 342 343 343 345 349 351 352 352 352 352 350 348 346 345 347 352 352 347 344 343 341 339 337 335 331 329 329 329 327 324 320 318 321 322 322 326 332 337 335 334 338 346 352 357 0 359 354 350 349 350 352 354 357 0 3 5 4
326 329 337 342 344 345 347 348 347 347 348 352 360 6 5 1 358 355 354 352 349 346 345 344 344 344 344 346 347 350 351 346 345 343 341 340 338 338 340 344 346 347 347 349 350 350 350 349 350 351 352 352 350 350 352 352 348 346 347 346 344 343 340 337 335 334 332 329 327 325 322 318 315 313 316 323 329 328 328 335 345 350 350 351 352 352 351 351 352 354 356 359 2 6 9 8
