project/data/elevation/US_DEM2016/US_DEM2016_point_10-31-2019_1056_30m_vel.asc
ncols	125
nrows	167
xllcorner	-2042055.000000
yllcorner	1465035.000000
cellsize	30.000000
NODATA_value	-9999.000000
[rows 76 to 113 of 167, columns 0 to 83 of 125]
5.36 4.98 4.44 4.28 4.34 4.54 5.05 5.71 6.12 6.14 5.96 5.83 6.02 6.56 7.12 7.69 8.22 8.18 7.84 7.34 6.90 6.53 6.22 5.94 5.73 5.61 5.41 5.29 5.31 5.33 5.25 5.08 4.73 4.50 4.52 4.64 4.68 4.58 4.40 4.25 4.25 4.49 4.94 5.26 5.35 5.12 4.79 4.52 4.35 4.29 4.26 4.22 4.12 4.11 4.28 4.50 4.70 4.76 4.84 5.03 5.24 5.07 4.28 3.35 2.82 2.79 3.12 3.36 3.51 3.71 3.98 4.34 5.03 5.84 6.57 7.32 8.12 8.76 8.75 8.07 6.84 5.35 4.67 4.53
5.34 4.95 4.46 4.37 4.55 5.04 5.53 5.75 5.54 5.08 4.80 4.98 5.56 6.40 7.16 7.74 7.80 7.87 7.32 6.72 6.28 5.97 5.75 5.63 5.58 5.52 5.30 5.18 5.22 5.29 5.31 5.25 5.09 5.06 5.10 5.03 4.81 4.48 4.23 4.21 4.43 4.73 4.99 5.08 5.12 5.00 4.72 4.45 4.29 4.20 4.11 4.01 3.95 4.07 4.32 4.58 4.79 4.92 5.03 5.14 5.00 4.32 3.46 3.10 3.23 3.60 3.88 4.10 4.46 5.03 5.48 6.12 7.02 7.81 8.36 8.86 9.18 8.99 8.02 7.39 6.42 5.33 4.70 4.49
5.28 4.77 4.22 4.23 4.46 4.87 5.04 4.85 4.54 4.43 4.62 5.13 5.90 6.78 7.44 7.83 7.80 7.37 6.76 6.25 5.88 5.59 5.39 5.31 5.32 5.29 5.11 5.06 5.14 5.21 5.28 5.34 5.38 5.40 5.34 5.13 4.78 4.42 4.30 4.39 4.51 4.53 4.53 4.59 4.72 4.64 4.20 3.79 3.65 3.60 3.58 3.64 3.91 4.26 4.55 4.78 5.03 5.15 5.16 4.98 4.49 3.73 3.37 3.61 4.16 4.58 4.94 5.50 6.21 6.58 6.94 7.62 8.55 8.44 8.20 8.93 8.56 8.05 7.34 6.85 6.46 5.94 5.48 5.18
5.11 4.53 3.95 4.00 4.18 4.39 4.49 4.48 4.62 4.97 5.43 6.02 6.80 7.50 7.90 7.91 7.54 6.92 6.34 5.90 5.54 5.23 5.03 4.97 4.96 4.94 4.83 4.77 4.76 4.82 4.81 4.97 5.12 5.16 5.07 4.84 4.52 4.25 4.14 4.07 3.97 3.83 3.81 4.04 4.32 4.35 3.97 3.63 3.62 3.77 3.98 4.29 4.69 4.93 4.96 4.96 4.94 4.79 4.47 4.04 3.54 3.31 3.56 4.22 4.96 5.63 6.39 7.11 7.38 7.45 7.62 8.05 7.77 8.39 8.04 7.66 6.70 6.60 6.28 6.22 6.23 6.17 5.99 5.76
4.87 4.39 4.00 4.11 4.28 4.46 4.65 4.90 5.32 5.76 6.29 6.96 7.69 8.04 8.02 7.61 6.98 6.33 5.78 5.40 5.09 4.86 4.71 4.59 4.56 4.61 4.53 4.28 4.05 4.07 4.06 4.19 4.43 4.62 4.62 4.47 4.28 4.17 4.07 3.93 3.84 3.84 3.94 4.17 4.37 4.49 4.44 4.38 4.47 4.74 5.03 5.26 5.39 5.35 5.09 4.87 4.58 4.18 3.81 3.51 3.36 3.55 4.11 4.96 5.84 6.77 7.48 7.62 7.35 7.16 7.32 7.55 7.47 6.91 6.49 6.27 6.04 5.83 5.65 5.52 5.61 5.85 5.95 5.87
4.68 4.45 4.33 4.53 4.72 4.90 5.11 5.43 5.87 6.37 6.96 7.59 8.02 8.00 7.53 6.86 6.21 5.55 5.04 4.69 4.49 4.44 4.41 4.29 4.28 4.35 4.24 3.78 3.42 3.37 3.33 3.42 3.71 4.01 4.15 4.24 4.28 4.41 4.46 4.50 4.61 4.75 4.90 4.93 4.93 5.02 5.16 5.34 5.50 5.52 5.47 5.39 5.30 5.11 4.95 4.83 4.69 4.63 4.55 4.44 4.45 4.68 5.19 5.98 6.80 7.45 7.46 6.82 6.35 6.43 6.79 6.95 6.67 6.04 5.77 5.68 5.65 5.62 5.44 5.23 5.15 5.28 5.51 5.59
4.75 4.71 4.65 4.68 4.84 5.09 5.41 5.80 6.30 6.84 7.37 7.73 7.76 7.34 6.66 6.06 5.54 4.99 4.47 4.15 4.08 4.04 3.91 3.94 4.05 4.12 4.04 3.69 3.16 3.03 3.09 3.32 3.57 3.70 3.84 4.10 4.33 4.59 4.80 5.07 5.36 5.56 5.61 5.49 5.38 5.46 5.66 5.81 5.82 5.58 5.30 5.22 5.27 5.23 5.07 4.99 5.04 5.21 5.27 5.31 5.42 5.69 6.16 6.77 7.36 7.41 6.70 5.94 5.82 6.16 6.56 6.64 6.10 5.70 5.49 5.47 5.49 5.53 5.26 5.17 5.02 4.97 4.98 5.12
4.96 4.95 4.81 4.65 4.78 5.15 5.59 6.08 6.62 7.10 7.42 7.49 7.21 6.62 5.99 5.52 5.09 4.62 4.14 3.88 3.78 3.61 3.42 3.51 3.79 3.96 4.04 3.98 3.64 3.50 3.70 3.99 4.03 3.96 3.94 4.05 4.22 4.49 4.86 5.31 5.61 5.64 5.53 5.39 5.35 5.52 5.76 5.83 5.73 5.56 5.55 5.65 5.67 5.52 5.21 5.11 5.12 5.19 5.35 5.54 5.81 6.14 6.57 6.99 7.26 6.91 6.12 5.85 6.02 6.24 6.43 6.35 5.83 5.19 4.91 4.99 5.11 5.13 5.05 4.94 4.84 4.72 4.56 4.68
5.02 4.98 4.85 4.79 4.98 5.38 5.84 6.35 6.80 7.10 7.19 7.04 6.62 6.05 5.52 5.08 4.67 4.22 3.80 3.56 3.38 3.13 3.06 3.31 3.73 4.08 4.39 4.66 4.80 4.87 4.98 4.96 4.79 4.59 4.38 4.23 4.35 4.73 5.21 5.51 5.43 5.16 5.03 5.13 5.26 5.52 5.82 5.99 6.04 6.10 6.08 5.99 5.77 5.51 5.23 5.15 5.17 5.30 5.56 5.80 6.06 6.30 6.54 6.78 6.82 6.41 5.94 6.01 6.12 6.11 6.08 5.66 5.31 4.57 4.13 4.19 4.36 4.40 4.43 4.47 4.46 4.40 4.26 4.31
5.00 4.92 4.89 5.03 5.35 5.75 6.14 6.49 6.78 6.90 6.85 6.57 6.12 5.60 5.10 4.63 4.16 3.64 3.24 3.08 3.02 3.04 3.29 3.74 4.26 4.66 5.07 5.44 5.68 5.81 5.82 5.61 5.33 5.11 4.91 4.71 4.94 5.40 5.55 5.34 4.93 4.75 4.93 5.19 5.39 5.72 6.20 6.49 6.52 6.47 6.34 6.04 5.73 5.51 5.27 5.22 5.34 5.56 5.77 5.87 5.96 6.04 6.17 6.40 6.42 6.12 5.78 5.81 5.78 5.70 5.64 5.14 5.05 4.42 3.86 3.80 3.78 3.68 3.64 3.71 3.85 3.95 3.99 4.06
5.04 4.98 5.02 5.29 5.68 5.98 6.16 6.32 6.54 6.65 6.53 6.21 5.75 5.23 4.67 4.09 3.46 2.91 2.71 2.83 3.06 3.45 3.94 4.46 4.95 5.34 5.67 5.86 5.89 5.91 5.88 5.76 5.57 5.38 5.25 5.17 5.35 5.48 5.17 4.71 4.52 4.65 4.85 5.03 5.30 5.88 6.45 6.66 6.46 6.28 6.19 6.03 5.84 5.64 5.38 5.31 5.36 5.40 5.41 5.45 5.43 5.47 5.70 6.07 6.20 5.96 5.54 5.37 5.31 5.32 5.34 5.37 5.29 4.97 4.36 3.96 3.69 3.47 3.31 3.26 3.31 3.38 3.45 3.60
5.10 5.05 5.11 5.35 5.60 5.71 5.78 6.00 6.33 6.53 6.36 5.94 5.42 4.81 4.07 3.32 2.79 2.66 2.92 3.22 3.54 3.93 4.39 4.89 5.37 5.71 5.86 5.79 5.60 5.47 5.52 5.61 5.63 5.60 5.55 5.41 5.19 4.84 4.45 4.29 4.33 4.39 4.38 4.50 5.05 5.88 6.40 6.24 5.72 5.48 5.43 5.46 5.50 5.50 5.43 5.34 5.22 5.06 5.01 5.04 5.09 5.28 5.63 5.98 6.12 5.87 5.42 5.16 5.09 5.20 5.40 5.64 5.72 5.57 5.31 4.86 4.43 4.09 3.93 3.76 3.49 3.26 3.24 3.48
5.11 5.04 5.04 5.15 5.21 5.30 5.58 6.06 6.46 6.52 6.16 5.57 4.94 4.20 3.39 2.95 3.01 3.46 3.78 3.95 4.11 4.38 4.77 5.20 5.54 5.71 5.66 5.47 5.33 5.24 5.29 5.41 5.55 5.61 5.61 5.42 4.92 4.42 4.14 4.16 4.15 4.13 4.17 4.44 5.04 5.79 6.09 5.56 4.71 4.29 4.22 4.24 4.38 4.64 4.85 5.00 5.02 4.99 5.02 5.13 5.30 5.52 5.74 5.90 5.99 5.82 5.41 5.15 5.12 5.31 5.67 5.95 6.01 5.86 5.80 5.71 5.57 5.38 5.22 4.93 4.47 4.11 4.18 4.26
5.11 5.03 5.00 5.05 5.14 5.44 5.96 6.43 6.58 6.30 5.65 4.89 4.18 3.45 3.02 3.14 3.65 4.08 4.29 4.42 4.57 4.83 5.16 5.38 5.39 5.29 5.20 5.23 5.31 5.35 5.34 5.31 5.29 5.29 5.29 5.23 4.85 4.46 4.19 4.19 4.23 4.36 4.47 4.67 5.08 5.62 5.77 5.06 4.06 3.66 3.52 3.44 3.54 3.90 4.33 4.69 4.92 5.06 5.21 5.39 5.56 5.59 5.56 5.64 5.82 5.74 5.33 5.11 5.19 5.43 5.75 6.02 6.01 5.76 5.62 5.74 5.89 5.99 5.98 5.81 5.59 5.48 5.43 5.26
5.15 5.08 5.07 5.19 5.45 5.90 6.35 6.53 6.29 5.63 4.77 3.86 3.10 2.64 2.64 3.01 3.42 3.76 4.11 4.43 4.77 5.09 5.25 5.11 4.83 4.71 4.87 5.16 5.27 5.18 5.08 4.97 4.89 4.89 4.96 5.02 4.85 4.59 4.40 4.46 4.59 4.71 4.76 4.90 5.18 5.55 5.66 5.17 4.43 4.04 3.92 3.98 4.29 4.69 4.97 5.04 5.07 5.13 5.25 5.37 5.40 5.26 5.21 5.41 5.69 5.63 5.15 4.96 5.10 5.30 5.54 5.85 5.77 5.27 4.91 4.98 5.29 5.55 5.70 5.80 5.89 5.99 6.01 5.79
5.19 5.16 5.17 5.36 5.73 6.17 6.38 6.17 5.54 4.61 3.68 2.85 2.33 2.16 2.28 2.56 2.89 3.25 3.63 4.08 4.52 4.84 4.83 4.57 4.41 4.54 4.85 5.10 4.99 4.68 4.49 4.39 4.43 4.58 4.72 4.80 4.73 4.56 4.49 4.67 4.82 4.90 5.01 5.31 5.55 5.80 5.90 5.70 5.39 5.20 5.09 5.30 5.62 5.79 5.70 5.37 5.15 5.08 5.05 5.00 4.90 4.80 4.86 5.19 5.53 5.45 4.97 4.79 4.87 4.98 5.20 5.51 5.42 4.84 4.35 4.32 4.53 4.71 4.84 5.05 5.32 5.53 5.60 5.56
5.25 5.23 5.28 5.53 5.94 6.19 6.03 5.44 4.56 3.65 2.88 2.37 2.18 2.24 2.40 2.64 2.93 3.20 3.49 3.84 4.21 4.39 4.34 4.33 4.48 4.73 5.03 5.14 4.99 4.76 4.59 4.50 4.55 4.61 4.57 4.49 4.47 4.44 4.52 4.79 4.97 5.13 5.40 5.85 6.09 6.21 6.23 6.14 6.03 6.04 6.10 6.16 6.10 5.80 5.37 5.11 5.01 4.91 4.75 4.55 4.34 4.28 4.46 4.92 5.35 5.40 5.06 4.80 4.72 4.74 4.93 5.25 5.23 4.69 4.11 3.95 4.12 4.15 4.06 4.12 4.35 4.57 4.59 4.53
5.30 5.30 5.39 5.66 5.91 5.82 5.28 4.48 3.65 2.98 2.52 2.33 2.41 2.66 2.94 3.26 3.51 3.69 3.94 4.27 4.54 4.61 4.57 4.60 4.72 5.01 5.45 5.73 5.79 5.71 5.55 5.44 5.38 5.21 4.71 4.33 4.31 4.47 4.76 5.08 5.31 5.58 5.94 6.33 6.43 6.39 6.34 6.29 6.25 6.29 6.32 6.19 5.87 5.40 5.03 4.97 4.94 4.79 4.50 4.18 3.96 3.95 4.29 4.89 5.45 5.62 5.37 4.99 4.71 4.64 4.79 5.12 5.14 4.59 3.86 3.50 3.55 3.53 3.35 3.37 3.60 3.77 3.65 3.52
5.35 5.35 5.41 5.50 5.38 4.90 4.17 3.47 2.91 2.55 2.44 2.55 2.82 3.19 3.63 4.11 4.50 4.78 5.10 5.43 5.61 5.58 5.35 5.06 4.94 5.32 5.99 6.34 6.33 6.14 5.94 5.77 5.58 5.24 4.67 4.34 4.40 4.73 5.16 5.51 5.77 6.02 6.26 6.41 6.34 6.25 6.26 6.32 6.32 6.28 6.12 5.91 5.75 5.66 5.52 5.27 4.99 4.74 4.51 4.32 4.23 4.31 4.67 5.23 5.71 5.82 5.46 5.01 4.71 4.72 4.93 5.15 5.02 4.31 3.42 2.98 2.99 2.96 2.85 2.90 3.07 3.14 3.06 3.01
5.38 5.37 5.28 5.05 4.56 3.91 3.31 2.85 2.59 2.57 2.77 3.10 3.52 4.01 4.56 5.13 5.57 6.00 6.38 6.53 6.41 6.06 5.55 5.12 5.06 5.59 6.24 6.27 5.81 5.40 5.11 4.94 4.81 4.58 4.39 4.43 4.67 5.04 5.49 5.79 5.95 6.05 6.05 5.96 5.95 5.98 6.15 6.29 6.27 6.12 5.89 5.72 5.67 5.69 5.62 5.31 4.97 4.73 4.59 4.55 4.62 4.84 5.17 5.58 5.88 5.84 5.37 4.94 4.84 5.09 5.32 5.27 4.84 3.98 3.14 2.84 2.85 2.77 2.74 2.86 2.96 2.93 2.84 2.86
5.43 5.35 5.09 4.67 4.19 3.75 3.37 3.08 3.00 3.19 3.50 3.88 4.37 4.94 5.54 6.05 6.48 6.79 6.86 6.60 6.06 5.41 4.96 4.90 5.21 5.85 6.24 5.91 5.20 4.78 4.59 4.57 4.61 4.47 4.42 4.63 4.94 5.26 5.59 5.78 5.83 5.74 5.54 5.41 5.49 5.69 5.96 6.14 5.97 5.53 5.29 5.21 5.19 5.14 4.99 4.86 4.74 4.59 4.47 4.45 4.60 4.98 5.44 5.83 5.99 5.87 5.48 5.18 5.17 5.41 5.51 5.21 4.59 3.91 3.40 3.27 3.15 2.90 2.99 3.21 3.22 3.09 3.03 3.25
5.40 5.24 4.88 4.57 4.33 4.10 3.90 3.84 3.97 4.16 4.38 4.72 5.23 5.84 6.41 6.78 6.93 6.81 6.32 5.55 4.79 4.29 4.33 4.77 5.35 6.09 6.39 6.10 5.66 5.45 5.38 5.38 5.28 4.99 4.80 4.87 5.05 5.28 5.48 5.58 5.45 5.18 4.98 4.98 5.11 5.37 5.77 5.93 5.42 4.64 4.30 4.29 4.34 4.29 4.24 4.31 4.39 4.38 4.35 4.41 4.65 5.11 5.57 5.86 5.92 5.78 5.51 5.30 5.25 5.31 5.29 4.91 4.47 4.16 3.99 3.89 3.68 3.35 3.65 3.98 3.91 3.71 3.80 4.37
5.29 5.07 4.75 4.61 4.53 4.49 4.52 4.70 4.96 5.18 5.36 5.65 6.13 6.66 6.97 6.98 6.66 6.04 5.22 4.40 3.89 3.83 4.24 4.84 5.56 6.44 6.73 6.60 6.40 6.28 6.15 5.95 5.67 5.36 5.10 5.03 5.07 5.20 5.30 5.19 4.85 4.56 4.56 4.74 4.96 5.33 5.78 5.84 5.06 4.15 3.84 3.78 3.58 3.55 3.77 4.05 4.26 4.35 4.38 4.51 4.82 5.24 5.52 5.64 5.63 5.57 5.33 5.06 4.95 4.98 4.90 4.71 4.70 4.74 4.78 4.71 4.49 4.37 4.85 5.13 5.01 4.90 5.14 5.61
5.20 5.02 4.79 4.76 4.89 5.11 5.38 5.66 5.89 6.04 6.18 6.42 6.77 7.00 6.91 6.46 5.78 4.99 4.25 3.78 3.83 4.27 4.82 5.34 6.05 6.80 6.89 6.50 6.23 6.08 5.88 5.65 5.46 5.33 5.13 5.03 5.04 5.04 4.91 4.60 4.35 4.44 4.70 4.93 5.20 5.63 6.01 5.98 5.28 4.58 4.33 4.16 3.81 3.84 4.11 4.31 4.43 4.52 4.63 4.78 4.99 5.27 5.42 5.46 5.48 5.45 5.22 4.95 4.88 4.94 4.90 4.90 5.14 5.31 5.38 5.41 5.47 5.70 6.10 6.25 6.12 6.05 6.15 6.10
5.17 5.06 4.90 4.97 5.25 5.62 5.93 6.14 6.25 6.31 6.43 6.63 6.79 6.68 6.22 5.52 4.75 4.03 3.53 3.53 4.11 4.80 5.33 5.81 6.45 6.86 6.58 5.90 5.46 5.23 5.08 5.06 5.10 5.11 5.01 4.95 4.88 4.70 4.43 4.27 4.48 4.95 5.21 5.34 5.54 5.93 6.22 6.10 5.55 5.24 5.14 4.99 4.84 4.80 4.78 4.64 4.59 4.72 4.93 5.10 5.23 5.42 5.52 5.56 5.55 5.50 5.37 5.31 5.38 5.34 5.21 5.20 5.35 5.44 5.51 5.71 6.07 6.44 6.61 6.55 6.35 6.24 6.11 5.67
5.12 5.05 4.95 5.05 5.28 5.57 5.73 5.80 5.80 5.85 6.04 6.24 6.24 5.92 5.33 4.57 3.80 3.30 3.27 3.71 4.41 4.99 5.42 5.82 6.33 6.48 5.95 5.22 4.71 4.43 4.41 4.54 4.65 4.68 4.74 4.79 4.71 4.56 4.52 4.76 5.18 5.45 5.52 5.56 5.72 6.03 6.22 5.98 5.56 5.38 5.32 5.27 5.28 5.23 4.93 4.62 4.63 4.84 5.07 5.26 5.45 5.68 5.78 5.79 5.73 5.68 5.68 5.71 5.69 5.48 5.30 5.28 5.31 5.33 5.42 5.68 6.05 6.27 6.20 6.07 5.94 5.77 5.43 4.87
5.06 5.03 5.01 5.08 5.16 5.20 5.19 5.11 5.09 5.24 5.51 5.63 5.44 4.96 4.29 3.59 3.26 3.39 3.94 4.55 4.97 5.28 5.52 5.74 6.00 5.95 5.27 4.50 4.00 3.84 3.89 3.97 4.00 4.06 4.21 4.41 4.61 4.82 5.09 5.36 5.52 5.54 5.49 5.53 5.71 5.96 6.05 5.74 5.27 4.95 4.84 4.87 4.97 4.93 4.69 4.57 4.67 4.90 5.13 5.39 5.69 5.96 6.03 5.99 5.88 5.80 5.78 5.68 5.44 5.13 5.06 5.12 5.21 5.28 5.36 5.48 5.62 5.57 5.44 5.50 5.57 5.49 5.24 5.00
5.17 5.24 5.30 5.24 5.13 4.98 4.84 4.73 4.78 5.02 5.19 5.02 4.50 3.81 3.19 3.01 3.45 4.25 4.93 5.33 5.56 5.72 5.80 5.85 5.92 5.79 5.13 4.28 3.79 3.73 3.77 3.78 3.80 3.83 3.92 4.21 4.63 4.98 5.16 5.19 5.15 5.15 5.21 5.35 5.56 5.78 5.81 5.41 4.77 4.36 4.25 4.24 4.28 4.35 4.36 4.49 4.67 4.89 5.14 5.46 5.80 6.08 6.11 6.01 5.85 5.74 5.66 5.49 5.21 4.94 4.89 4.97 5.11 5.15 5.12 5.27 5.28 5.10 4.91 4.99 5.18 5.34 5.46 5.58
5.43 5.50 5.49 5.34 5.15 4.94 4.78 4.74 4.81 4.84 4.58 3.98 3.24 2.60 2.42 2.80 3.63 4.52 5.13 5.54 5.80 5.92 5.96 6.06 6.18 5.99 5.42 4.77 4.46 4.51 4.61 4.58 4.58 4.55 4.55 4.69 4.87 4.93 4.88 4.76 4.66 4.71 4.97 5.23 5.48 5.65 5.57 5.09 4.47 4.18 4.07 3.83 3.61 3.61 3.79 4.18 4.58 4.88 5.15 5.47 5.81 5.97 5.93 5.78 5.68 5.65 5.61 5.47 5.28 5.04 4.89 4.91 4.99 5.02 5.10 5.24 5.14 4.92 4.70 4.59 4.61 4.74 4.97 5.23
5.51 5.42 5.26 5.12 4.98 4.82 4.71 4.67 4.53 4.12 3.38 2.69 2.27 2.15 2.44 3.12 3.79 4.32 4.77 5.22 5.49 5.62 5.83 6.22 6.22 6.19 5.81 5.65 5.70 5.80 5.83 5.82 5.76 5.57 5.41 5.28 5.11 4.96 4.82 4.67 4.56 4.65 5.01 5.34 5.54 5.59 5.42 5.00 4.60 4.36 4.08 3.57 3.20 3.32 3.70 4.22 4.70 5.03 5.29 5.58 5.77 5.73 5.59 5.55 5.61 5.69 5.67 5.53 5.37 5.13 4.99 4.99 5.03 5.05 5.08 5.04 4.95 4.82 4.66 4.43 4.14 3.95 4.01 4.19
5.39 5.12 4.87 4.80 4.69 4.54 4.39 4.19 3.81 3.24 2.72 2.43 2.46 2.83 3.64 4.45 4.72 4.73 4.76 4.89 5.06 5.26 5.76 6.33 6.40 6.13 6.04 6.18 6.34 6.43 6.40 6.31 6.16 5.91 5.66 5.41 5.16 4.98 4.80 4.63 4.63 4.88 5.26 5.49 5.56 5.53 5.36 5.04 4.73 4.37 3.83 3.36 3.47 4.02 4.55 4.84 5.02 5.21 5.44 5.61 5.56 5.40 5.38 5.55 5.72 5.78 5.72 5.60 5.46 5.35 5.24 5.20 5.15 5.01 4.80 4.66 4.69 4.74 4.65 4.38 3.98 3.78 3.89 4.03
5.27 5.02 4.75 4.64 4.51 4.34 4.14 3.88 3.55 3.27 3.26 3.50 3.93 4.69 5.61 6.20 6.35 6.01 5.58 5.44 5.51 5.75 6.26 6.55 6.32 5.94 5.89 6.02 6.07 6.08 6.06 5.98 5.90 5.75 5.58 5.37 5.16 4.96 4.71 4.58 4.79 5.23 5.53 5.52 5.44 5.41 5.31 5.05 4.73 4.30 3.86 3.88 4.45 5.11 5.34 5.21 5.10 5.22 5.40 5.43 5.31 5.26 5.40 5.59 5.72 5.71 5.59 5.50 5.47 5.49 5.43 5.33 5.16 4.91 4.64 4.51 4.61 4.71 4.65 4.49 4.36 4.48 4.69 4.71
5.24 5.07 4.82 4.68 4.58 4.51 4.48 4.40 4.30 4.38 4.77 5.34 6.05 6.75 7.25 7.39 7.29 7.03 6.82 6.72 6.71 6.80 6.92 6.76 6.26 5.78 5.67 5.67 5.50 5.30 5.24 5.23 5.24 5.26 5.25 5.22 5.15 4.96 4.74 4.74 5.04 5.30 5.31 5.18 5.18 5.34 5.36 5.17 4.93 4.70 4.61 4.86 5.35 5.67 5.51 5.16 5.12 5.28 5.35 5.30 5.26 5.31 5.37 5.42 5.47 5.39 5.23 5.23 5.32 5.37 5.34 5.25 5.09 4.87 4.67 4.62 4.71 4.74 4.70 4.70 4.83 5.06 5.21 5.18
5.28 5.17 4.98 4.85 4.80 4.86 5.00 5.15 5.39 5.80 6.37 6.98 7.44 7.67 7.63 7.34 6.98 6.96 7.07 7.11 7.13 7.12 7.02 6.64 6.02 5.61 5.59 5.58 5.31 4.96 4.71 4.60 4.58 4.66 4.79 4.91 4.94 4.86 4.78 4.79 4.82 4.72 4.55 4.61 5.05 5.47 5.61 5.46 5.28 5.27 5.39 5.61 5.85 5.90 5.69 5.49 5.53 5.56 5.47 5.37 5.32 5.26 5.19 5.20 5.24 5.09 4.92 4.97 5.12 5.20 5.17 5.07 4.95 4.81 4.71 4.72 4.76 4.70 4.69 4.80 4.93 5.06 5.12 5.06
5.36 5.30 5.14 5.04 5.02 5.10 5.28 5.61 6.13 6.73 7.22 7.47 7.46 7.22 6.82 6.32 5.98 6.05 6.20 6.36 6.53 6.62 6.55 6.20 5.68 5.43 5.54 5.59 5.34 5.07 4.90 4.76 4.75 4.81 4.83 4.77 4.68 4.65 4.64 4.54 4.37 4.24 4.34 4.76 5.40 5.85 5.93 5.71 5.51 5.56 5.73 5.94 6.11 6.14 6.11 6.08 6.05 5.89 5.64 5.44 5.27 5.11 5.07 5.13 5.09 4.86 4.75 4.88 5.11 5.21 5.08 4.88 4.78 4.72 4.71 4.75 4.74 4.66 4.69 4.85 4.98 5.06 5.06 4.95
5.41 5.30 5.16 5.16 5.22 5.35 5.64 6.10 6.66 7.03 7.12 6.95 6.61 6.21 5.81 5.41 5.17 5.20 5.28 5.51 5.86 6.06 6.09 5.82 5.43 5.33 5.46 5.43 5.18 5.12 5.23 5.32 5.34 5.29 5.13 4.89 4.65 4.57 4.52 4.45 4.45 4.61 4.92 5.43 5.96 6.24 6.15 5.79 5.54 5.53 5.69 5.93 6.16 6.23 6.27 6.30 6.19 5.96 5.67 5.41 5.20 5.09 5.07 5.03 4.83 4.64 4.72 5.01 5.28 5.27 4.96 4.71 4.65 4.64 4.64 4.67 4.66 4.64 4.71 4.91 5.10 5.17 5.11 5.00
5.36 5.21 5.11 5.23 5.38 5.64 6.07 6.53 6.79 6.73 6.42 6.07 5.74 5.44 5.12 4.77 4.55 4.62 4.84 5.14 5.51 5.88 5.95 5.56 5.24 5.36 5.46 5.32 5.09 5.06 5.15 5.21 5.20 5.13 5.03 4.87 4.70 4.60 4.59 4.70 4.89 5.11 5.42 5.95 6.39 6.46 6.14 5.64 5.35 5.34 5.46 5.70 5.87 5.89 5.89 5.90 5.81 5.64 5.45 5.31 5.18 5.06 4.94 4.76 4.60 4.62 4.88 5.22 5.41 5.20 4.79 4.60 4.54 4.51 4.50 4.50 4.48 4.47 4.59 4.90 5.16 5.14 5.00 4.94
5.28 5.17 5.14 5.25 5.42 5.74 6.18 6.40 6.28 5.92 5.53 5.16 4.85 4.59 4.29 4.06 4.15 4.47 4.78 5.07 5.56 6.07 5.93 5.35 5.28 5.57 5.62 5.47 5.31 5.13 4.97 4.76 4.61 4.61 4.66 4.64 4.60 4.61 4.70 4.89 5.10 5.31 5.66 6.22 6.54 6.41 5.90 5.34 5.11 5.14 5.24 5.39 5.44 5.32 5.14 5.07 5.03 5.02 5.11 5.17 5.12 4.96 4.75 4.61 4.63 4.80 5.10 5.38 5.37 5.01 4.65 4.48 4.37 4.35 4.38 4.38 4.32 4.28 4.43 4.87 5.11 4.91 4.68 4.61
