project/data/elevation/US_DEM2016/US_DEM2016_point_10-28-2019_1755_30m_ang.asc
ncols	125
nrows	167
xllcorner	-2042055.000000
yllcorner	1465035.000000
cellsize	30.000000
NODATA_value	-9999.000000
[rows 43 to 85 of 167, columns 0 to 95 of 125]
300 303 310 319 324 328 333 337 340 344 350 2 18 18 8 0 355 352 351 348 343 340 338 337 335 331 328 325 324 325 326 327 328 330 333 331 328 326 327 330 334 340 344 338 324 315 316 322 327 330 336 345 353 357 351 343 339 335 329 318 311 311 315 318 320 318 315 314 314 311 305 297 289 283 280 286 296 300 302 311 328 336 333 331 329 327 329 336 342 348 355 3 11 22 30 29
301 304 312 321 326 331 335 339 343 348 356 10 22 18 5 357 352 349 347 344 342 340 339 339 336 332 328 326 325 325 324 322 322 326 332 332 330 329 328 329 333 341 348 340 319 307 305 310 316 319 324 332 345 352 347 341 339 339 335 327 319 316 318 320 322 322 321 320 317 309 300 295 292 287 284 287 292 295 297 304 318 327 327 326 325 323 325 331 338 345 355 7 19 31 35 29
303 306 315 323 328 332 336 341 346 353 3 18 23 15 1 353 349 346 344 342 340 338 337 338 336 331 328 325 324 324 322 319 318 322 328 331 332 333 333 332 334 343 352 339 313 299 297 306 317 324 327 329 336 341 339 337 339 340 338 330 321 317 318 323 326 326 325 323 316 307 304 302 301 299 297 296 298 299 294 304 313 321 322 322 321 321 324 329 336 343 355 10 27 38 36 28
303 307 316 324 328 332 335 340 348 358 11 24 22 8 356 351 348 345 343 342 340 338 336 336 333 330 327 324 323 321 320 317 315 318 324 329 332 335 338 340 344 351 353 336 314 300 301 309 319 325 327 327 329 332 335 336 339 342 340 333 323 317 319 324 327 327 325 324 322 319 317 315 312 311 309 306 305 305 306 309 307 321 322 322 321 322 325 331 340 348 357 12 31 38 32 25
301 305 314 322 326 330 334 339 349 3 19 26 18 1 351 348 346 344 342 342 340 338 336 334 331 327 324 321 319 319 319 317 314 315 322 328 330 334 341 350 359 360 348 333 319 308 305 309 315 318 319 320 323 329 336 341 343 345 344 337 327 319 319 323 326 328 329 331 331 329 328 327 325 322 319 316 314 313 313 315 320 324 323 322 322 324 327 332 340 351 2 19 33 33 27 20
299 303 312 320 325 328 333 340 351 7 25 26 13 356 348 345 343 343 342 342 340 338 335 331 327 322 318 315 314 316 319 320 316 315 321 328 331 333 342 359 12 3 341 328 319 309 304 305 313 319 319 320 325 332 341 347 348 347 346 341 331 323 320 323 329 333 336 337 337 337 337 336 335 333 330 327 325 325 324 323 324 326 324 321 321 324 328 331 338 352 10 29 34 27 20 10
299 302 311 319 324 329 336 344 355 12 25 22 6 353 347 344 342 342 342 342 340 337 333 329 324 318 312 309 309 313 319 322 320 319 323 330 334 337 349 13 23 2 331 319 312 305 304 309 320 323 322 324 329 337 347 353 353 349 346 342 335 328 325 327 331 335 338 340 342 342 343 342 342 341 340 337 336 336 335 333 331 328 325 322 320 322 326 328 336 355 22 35 32 20 10 0
298 301 310 319 324 330 338 348 359 14 20 13 360 353 349 346 344 343 343 342 340 336 332 327 321 315 309 305 305 309 316 321 321 323 328 335 343 352 7 25 20 354 331 321 314 309 310 318 326 327 326 327 333 343 354 359 357 351 346 341 335 329 326 326 329 332 336 339 342 343 344 344 344 344 343 342 342 342 344 344 342 336 330 326 321 321 324 327 337 5 31 36 27 15 5 355
297 300 309 319 325 331 339 348 1 13 12 4 356 353 352 349 347 346 345 342 339 336 331 325 319 314 307 302 301 305 313 317 319 324 330 340 356 9 15 13 2 348 338 331 324 320 321 327 332 332 330 332 338 348 359 4 0 352 346 340 332 325 321 320 321 325 329 333 335 337 338 339 340 341 341 341 341 343 346 348 348 344 340 334 328 325 323 326 343 19 35 34 25 15 5 353
296 298 306 316 324 331 338 347 2 10 6 357 353 354 355 354 352 350 346 342 338 333 328 323 317 312 305 300 298 301 310 313 315 320 327 343 6 15 10 360 352 345 340 335 329 326 326 330 335 336 336 338 344 353 4 9 5 356 348 339 330 322 315 311 311 314 316 316 316 317 320 324 327 328 330 331 332 335 339 343 344 344 343 337 339 312 326 326 352 23 30 27 23 15 3 352
296 298 304 312 321 330 336 346 2 9 2 353 352 357 1 1 357 352 347 341 334 329 324 319 315 310 304 299 297 300 309 313 315 317 325 346 11 13 2 352 346 341 337 333 328 325 326 329 335 338 340 344 350 359 9 14 11 1 350 340 330 322 313 306 302 303 306 306 306 306 306 305 307 309 312 313 313 316 323 327 327 328 331 335 340 319 336 336 356 12 17 19 17 7 356 350
298 299 304 312 319 328 334 344 1 11 3 352 353 4 13 10 1 353 346 337 330 326 322 317 313 309 303 300 300 304 312 318 319 319 325 351 13 8 355 346 339 334 330 326 322 321 322 327 334 339 342 347 354 4 15 19 14 2 349 339 332 324 314 304 299 300 306 310 310 308 303 295 291 290 292 292 291 290 293 295 293 293 299 312 327 339 345 349 354 359 5 11 7 357 351 346
301 303 309 315 322 329 334 341 359 12 6 356 2 20 25 17 3 350 339 331 327 325 321 317 313 309 305 303 303 308 315 321 323 324 331 355 10 1 349 341 333 327 322 318 316 316 319 324 334 340 342 347 358 9 20 23 15 1 347 339 332 324 312 302 299 303 309 313 311 305 297 290 286 284 282 279 274 268 265 269 273 287 298 312 298 338 349 354 352 353 359 3 357 351 345 340
304 307 314 322 328 335 341 346 359 10 8 5 13 23 21 12 0 346 335 330 327 325 323 320 316 313 309 307 306 310 318 325 329 334 343 357 3 356 348 340 332 324 317 312 311 312 315 323 333 340 342 348 1 16 27 27 16 0 348 340 332 320 308 300 301 304 309 312 309 303 299 300 299 295 288 276 266 261 269 277 291 301 311 322 334 345 352 353 350 350 355 356 351 345 339 334
304 308 318 327 335 343 349 353 2 10 9 9 12 12 9 3 355 345 338 333 330 328 326 324 321 318 315 311 311 315 324 332 337 344 353 358 357 353 348 342 334 323 314 309 308 309 313 319 329 336 338 347 6 23 32 29 17 4 352 344 334 323 313 304 302 304 308 310 308 310 312 314 313 306 298 293 291 291 295 302 308 314 320 322 341 351 356 353 348 348 351 351 345 338 333 331
301 305 317 329 339 348 353 358 7 13 10 8 7 4 1 356 350 345 341 338 335 332 330 327 325 323 319 315 315 320 329 336 341 351 359 358 354 350 347 341 334 323 312 307 305 305 308 313 321 327 330 345 12 31 34 27 16 6 356 346 338 331 322 312 308 307 311 314 316 319 322 323 323 316 310 308 309 310 313 315 318 320 325 334 346 355 358 353 346 345 347 346 339 332 330 331
298 301 314 328 339 348 355 3 14 19 11 4 1 357 354 350 346 343 341 339 337 334 331 328 326 325 322 317 317 322 330 335 342 353 1 359 352 347 344 339 333 322 311 304 300 300 302 305 311 315 321 340 16 33 30 20 12 3 353 346 339 333 327 320 316 317 320 322 324 326 328 331 332 329 325 322 321 322 322 323 323 325 329 338 350 357 359 352 344 341 342 341 334 329 330 339
297 300 311 326 336 346 356 9 24 27 16 1 354 348 345 343 339 337 336 335 334 331 328 325 324 323 320 316 318 324 333 337 342 352 358 357 351 346 342 338 331 320 308 300 297 297 298 301 306 312 319 336 9 24 19 11 6 358 351 345 338 332 328 325 325 327 329 327 328 331 337 342 340 336 333 332 331 330 329 328 328 330 333 341 329 358 358 350 341 337 338 337 331 329 338 350
296 299 310 324 334 344 357 17 36 38 24 2 346 336 333 330 327 323 320 319 320 320 319 318 317 316 313 311 315 326 337 344 348 352 356 355 350 346 342 337 330 318 305 299 299 304 308 311 316 323 331 343 1 13 9 4 360 354 348 343 337 332 328 328 330 332 332 330 332 338 345 347 344 340 338 337 336 336 335 334 333 335 338 344 353 359 358 347 337 334 333 332 329 334 347 348
295 297 308 323 335 347 2 29 48 47 33 10 338 315 307 306 301 294 292 294 298 301 303 303 305 306 305 306 310 323 337 345 351 356 359 357 350 345 342 337 329 317 307 304 308 318 325 327 329 334 340 349 2 10 6 359 354 349 342 337 334 331 329 329 331 332 329 329 335 343 347 346 344 341 339 338 338 339 340 338 338 339 342 333 355 1 359 345 333 330 329 327 329 338 346 341
298 300 309 325 339 353 12 40 53 48 37 20 340 307 295 288 282 279 281 286 288 289 289 291 295 298 300 301 306 318 331 340 349 357 4 3 355 347 343 337 329 318 310 309 315 325 332 334 335 339 344 353 5 11 5 356 350 343 335 330 329 328 328 329 330 327 322 324 332 342 344 343 342 340 338 336 337 340 341 340 340 342 345 351 327 319 357 342 330 326 325 325 329 338 340 335
303 306 315 331 345 1 24 46 49 41 32 15 346 326 315 304 298 294 292 292 292 291 292 295 297 297 298 299 304 315 325 332 342 356 8 9 1 351 345 338 329 319 312 310 315 325 333 336 338 342 348 356 6 11 4 354 346 338 330 326 325 326 326 329 327 321 316 317 326 336 338 337 336 335 333 331 332 335 337 337 336 339 343 350 358 359 350 337 326 322 321 322 327 335 334 329
306 309 321 337 352 10 34 44 40 31 20 5 349 339 332 324 316 310 305 303 302 302 303 305 304 301 300 302 307 317 325 328 336 352 5 7 0 352 346 339 330 320 312 309 313 322 330 334 340 347 352 359 6 9 2 351 342 333 326 324 325 325 326 327 321 314 309 310 319 327 330 330 329 326 324 323 323 324 321 317 317 318 319 324 334 335 334 331 326 322 320 320 325 332 330 324
307 311 325 342 359 20 37 38 30 19 9 359 351 345 338 332 325 319 313 311 311 313 313 313 311 307 305 308 315 324 331 334 339 349 358 359 354 349 345 339 329 319 311 307 310 318 325 330 339 349 355 2 7 7 359 348 338 330 325 325 328 327 327 324 316 308 304 306 313 319 322 323 322 318 313 309 307 304 288 268 256 243 238 254 289 309 318 325 327 325 323 323 327 334 332 324
308 312 327 346 6 27 37 32 20 10 2 357 352 347 342 336 331 325 320 316 316 317 317 316 314 312 311 313 320 330 338 342 345 350 355 354 349 346 343 337 328 317 309 305 306 312 319 326 336 345 354 2 7 2 355 343 335 329 326 327 329 329 327 322 313 305 301 301 305 309 311 313 314 310 303 291 275 253 236 233 229 225 236 268 294 306 313 321 326 326 326 328 333 340 341 334
308 314 331 353 15 33 36 28 14 3 357 353 349 346 343 340 335 330 325 321 316 316 317 317 316 315 315 316 322 331 339 344 347 352 357 354 348 345 341 334 325 316 308 303 303 308 315 323 332 339 347 357 4 1 350 338 331 329 330 328 327 328 325 319 311 302 295 291 292 294 296 297 294 291 282 261 235 224 217 231 242 258 285 299 304 309 314 321 325 325 328 332 337 345 349 344
309 315 335 1 23 36 36 27 13 357 349 344 340 339 340 341 338 334 329 325 318 315 315 316 316 316 317 318 322 328 335 341 346 354 360 357 350 345 340 333 325 318 310 304 304 309 317 324 330 334 337 346 356 352 347 335 329 331 334 326 323 325 318 312 304 294 286 281 281 283 282 281 277 266 251 231 220 218 245 280 297 307 313 312 310 312 317 323 326 328 332 337 341 348 354 352
311 318 342 8 29 38 34 26 15 354 338 330 326 328 333 337 338 336 333 329 323 317 315 315 316 318 319 320 322 324 328 332 341 352 0 359 351 345 339 332 326 320 312 306 305 309 318 325 330 332 334 340 350 355 348 339 335 338 337 327 322 320 311 303 297 291 286 286 288 291 292 291 284 267 247 238 252 286 306 315 320 323 322 318 318 320 324 329 332 334 340 345 347 352 359 2
315 323 348 15 33 37 30 23 12 355 338 326 320 320 325 331 335 335 334 331 327 321 316 315 317 320 323 324 325 326 326 329 335 346 356 357 351 344 338 332 327 321 312 305 303 307 317 327 332 336 338 342 351 358 354 349 348 348 343 337 333 327 318 311 308 306 304 304 308 312 314 314 310 298 289 301 314 318 319 321 325 328 328 326 326 330 335 339 341 343 349 353 353 357 6 12
320 329 354 20 35 35 26 16 5 353 343 333 325 321 322 326 330 333 334 332 329 323 318 316 318 323 327 330 331 332 333 335 339 345 353 355 350 343 337 332 328 321 311 303 302 310 324 332 336 339 342 347 356 2 359 353 351 350 348 345 342 338 332 327 324 322 319 317 316 318 320 321 320 321 322 324 324 323 322 324 328 333 334 332 332 335 341 347 351 355 359 1 1 6 15 20
325 334 360 25 35 32 21 8 355 347 342 337 333 328 326 326 328 331 333 333 330 325 319 317 319 325 330 334 336 337 337 340 344 348 353 355 350 342 338 335 331 323 313 306 305 313 325 333 336 339 344 351 0 4 360 353 350 348 347 346 343 339 335 332 329 328 326 318 314 313 316 320 324 327 327 327 326 323 323 326 330 335 337 337 336 338 345 353 359 5 9 10 10 14 21 19
331 340 6 28 34 29 17 359 347 341 339 337 336 335 331 328 328 329 331 327 331 323 320 317 318 323 329 334 337 338 339 341 345 349 355 357 351 343 340 338 333 326 316 308 306 310 320 327 331 334 340 350 1 6 2 353 347 345 343 342 339 336 333 331 329 330 325 313 308 309 318 326 327 327 326 327 325 323 323 326 330 334 337 339 339 342 347 353 2 12 18 19 18 20 22 15
336 346 11 28 31 24 9 350 339 336 335 335 336 335 333 330 328 328 329 329 329 326 321 317 317 320 326 332 336 338 340 342 344 348 354 356 351 345 342 338 333 325 315 306 303 304 311 318 323 329 336 345 358 6 3 353 346 343 340 337 333 331 331 331 329 326 318 308 308 316 326 330 328 327 327 328 326 324 323 325 328 330 332 334 339 344 350 355 4 16 25 25 23 23 20 13
339 351 14 26 25 16 356 341 335 332 331 331 331 332 330 329 328 326 328 328 328 325 322 318 316 318 324 331 335 338 341 344 347 349 352 355 353 349 343 338 332 324 314 305 301 302 309 318 324 331 337 344 356 3 359 351 345 343 339 334 330 330 335 339 336 328 320 315 317 323 329 331 330 330 330 331 329 328 327 328 328 323 320 322 328 341 352 1 8 19 26 25 23 21 18 10
341 353 15 24 20 3 347 338 333 330 328 327 327 327 327 326 326 327 328 328 327 325 322 318 315 316 322 331 334 337 343 348 351 351 353 357 359 355 347 340 332 324 315 304 298 298 305 314 321 327 333 342 353 357 353 348 345 343 340 335 332 338 349 348 339 333 329 327 327 330 332 332 332 334 334 334 333 332 332 334 335 330 323 318 320 330 347 3 14 22 25 23 19 18 15 7
342 356 18 22 13 354 342 336 334 332 330 328 326 325 324 324 325 328 330 329 327 325 322 318 313 313 318 328 332 335 342 349 351 353 356 1 5 1 351 341 332 323 313 300 292 291 295 302 309 316 324 335 345 349 349 346 344 343 341 337 339 350 354 344 337 335 334 334 333 333 332 331 332 335 336 335 334 334 336 340 343 342 336 330 326 329 341 360 17 26 25 19 16 15 11 2
346 359 19 19 7 350 340 337 336 334 332 329 326 324 323 323 325 329 332 331 328 324 321 316 311 308 311 322 327 330 337 345 350 353 358 7 12 7 354 343 333 323 311 298 289 287 291 299 309 318 327 334 341 347 350 347 344 344 343 342 347 353 348 338 333 333 334 334 334 332 328 327 329 333 335 335 334 333 334 339 345 347 345 341 337 337 344 360 18 24 20 14 12 11 6 357
352 3 15 12 2 350 341 338 336 334 332 328 325 323 323 323 325 329 334 332 328 324 320 315 309 304 305 313 319 321 326 335 343 351 0 12 16 9 358 348 339 330 319 306 296 294 298 308 317 325 331 336 341 347 353 350 348 349 349 350 351 348 342 334 330 330 331 333 333 329 323 320 323 328 332 332 332 332 332 335 342 347 348 347 345 344 350 3 15 16 13 10 8 5 359 351
359 3 7 5 359 349 341 336 334 332 329 326 323 322 322 322 323 327 332 332 326 322 319 315 309 303 300 304 311 310 309 315 326 342 359 14 16 7 358 350 343 337 330 320 310 306 308 314 322 327 331 334 339 348 354 352 352 352 352 352 351 346 339 332 328 327 328 331 331 325 318 315 317 324 330 330 330 331 331 333 337 342 346 349 350 350 355 5 12 10 7 6 3 358 351 345
1 1 2 0 355 347 339 334 331 329 326 323 321 321 322 322 323 326 331 330 322 318 317 315 310 304 301 303 310 309 306 306 313 328 353 12 11 3 355 348 343 339 335 327 317 311 312 316 323 328 331 333 338 346 354 355 352 350 351 351 349 343 336 329 325 325 329 332 330 323 316 313 314 322 328 329 329 330 332 333 335 338 343 347 352 355 359 6 10 7 3 3 358 351 345 343
359 360 1 358 350 342 335 331 328 325 323 320 319 320 323 324 325 327 331 327 318 315 315 313 310 307 306 310 319 322 320 319 320 328 346 360 5 358 350 344 341 340 336 328 318 311 311 316 323 329 333 336 340 347 356 357 352 348 348 347 345 340 333 326 322 324 331 333 330 323 315 310 310 316 323 324 324 326 329 332 334 336 338 343 350 358 4 8 9 5 2 1 357 349 345 346
354 358 2 357 346 337 331 328 325 323 320 319 319 321 325 326 327 329 331 324 316 314 313 312 311 311 313 319 329 334 333 333 334 337 347 358 359 353 346 342 342 342 337 328 318 312 311 317 325 332 336 338 342 349 356 358 352 347 346 344 341 336 330 323 319 323 331 332 329 323 315 308 304 308 313 313 313 316 321 326 330 333 334 336 343 357 7 11 10 7 5 3 359 353 352 358
351 356 1 355 343 334 328 325 322 320 319 318 319 323 327 329 329 329 327 320 315 316 316 316 315 316 317 322 331 337 340 341 342 343 348 355 355 350 346 345 345 342 336 329 320 314 313 318 327 335 339 342 345 350 357 358 352 346 344 341 338 334 327 319 317 322 329 329 326 322 314 308 304 306 309 306 302 301 304 310 318 326 330 329 334 351 7 13 14 12 9 9 7 3 1 2
