project/data/elevation/US_DEM2016/US_DEM2016_point_10-31-2019_0248_30m_ang.asc
ncols	125
nrows	167
xllcorner	-2042055.000000
yllcorner	1465035.000000
cellsize	30.000000
NODATA_value	-9999.000000
[rows 43 to 85 of 167, columns 0 to 95 of 125]
325 328 336 341 344 346 347 348 348 349 353 1 9 22 3 360 358 357 356 353 349 346 345 345 345 345 345 345 344 344 343 340 340 341 343 343 340 337 337 342 348 352 352 350 349 348 348 347 346 347 350 355 356 355 352 349 348 349 349 348 349 349 346 343 342 340 337 333 332 330 326 316 305 297 295 302 309 311 314 326 340 345 343 343 345 348 351 353 354 356 0 5 10 15 19 16
326 329 336 341 344 346 348 349 350 352 357 6 11 21 2 358 356 355 353 350 346 345 345 346 346 345 345 344 343 341 338 335 336 339 343 345 344 342 339 341 347 355 358 354 349 345 345 345 343 341 342 346 352 352 348 346 348 349 350 350 350 350 348 347 346 343 340 338 338 335 328 319 310 302 298 299 302 304 306 315 329 336 337 339 341 345 350 354 354 355 360 7 15 20 21 17
327 330 336 341 343 345 348 350 353 357 2 10 13 7 360 356 355 353 351 348 345 343 344 346 346 345 344 343 340 337 334 332 333 337 341 344 347 348 346 344 348 357 3 358 349 344 343 344 345 345 344 343 344 343 341 342 345 348 350 351 351 350 350 350 348 345 343 344 343 338 330 324 320 316 311 308 307 307 302 312 320 327 332 335 337 342 350 356 357 355 357 5 17 24 22 17
325 329 336 340 343 345 347 351 355 1 8 14 11 3 357 355 354 352 350 349 346 344 344 345 345 344 343 340 337 333 331 330 332 335 338 341 346 351 353 352 354 1 5 359 350 344 343 344 346 348 347 343 338 336 336 338 344 348 351 352 351 350 351 352 350 348 348 348 345 340 335 331 329 326 323 319 316 315 315 316 312 324 328 331 334 339 348 356 360 360 360 6 17 22 20 16
321 325 333 339 342 345 348 351 357 4 13 16 19 0 353 353 353 352 351 350 349 346 345 344 343 342 340 337 333 330 329 330 332 333 336 339 344 351 357 1 4 4 1 355 350 345 343 345 348 348 345 338 333 334 337 340 344 349 352 352 352 351 351 352 352 351 350 348 344 341 340 338 336 334 331 327 325 323 322 323 325 326 326 329 332 338 346 354 360 2 5 12 18 19 17 14
320 323 330 337 342 345 348 352 357 6 16 16 6 359 351 351 350 351 352 351 350 348 346 344 342 340 337 332 328 327 330 333 333 335 337 339 342 348 358 8 12 6 357 351 348 344 343 347 350 347 339 333 332 336 341 345 347 349 352 353 353 352 352 353 353 351 348 346 345 345 345 344 343 342 339 337 335 334 332 331 330 329 326 325 330 336 343 350 358 5 12 19 20 16 13 8
320 323 329 335 341 346 351 354 358 7 15 13 2 356 352 350 349 350 352 353 352 349 346 344 341 338 333 327 324 325 331 335 336 339 343 342 343 348 2 16 18 8 356 348 344 341 343 348 349 343 335 333 336 341 347 351 350 350 351 351 351 352 353 352 350 349 348 348 348 349 349 349 348 348 347 345 344 344 343 341 337 332 327 324 326 332 339 346 356 8 19 23 19 11 6 1
319 323 331 336 340 346 352 356 0 7 11 7 359 355 353 351 350 351 352 354 354 351 347 344 341 337 331 324 321 323 329 332 335 342 347 349 349 356 9 20 18 7 357 349 344 340 342 346 345 340 336 336 340 347 353 356 354 351 350 349 349 350 350 349 348 347 347 348 349 350 350 350 350 350 350 350 350 351 351 351 348 342 334 328 325 329 336 344 356 13 23 24 16 7 1 356
317 321 331 337 341 346 352 357 1 6 5 1 357 356 355 353 351 352 354 356 355 353 349 345 340 335 328 321 319 321 326 328 332 340 348 353 359 6 12 13 9 2 356 351 346 342 342 343 344 342 341 341 345 352 358 359 356 351 349 348 346 345 345 345 344 343 344 345 346 346 347 348 348 349 349 351 352 354 355 356 355 352 346 339 332 331 333 342 359 18 24 22 15 8 3 357
316 319 328 336 341 345 350 356 2 4 359 355 355 357 358 357 355 354 355 356 356 354 351 346 339 333 326 320 318 319 323 324 328 335 345 356 6 9 7 4 1 357 353 350 346 341 340 341 344 346 346 348 351 356 1 2 359 354 351 349 345 342 340 339 339 339 337 335 333 332 334 337 340 342 344 347 350 352 353 354 354 354 352 345 344 321 336 342 2 17 20 18 15 11 6 360
318 320 326 332 338 343 347 354 2 3 10 355 353 358 1 2 358 355 355 357 357 354 350 345 339 332 325 320 319 320 323 324 326 331 342 357 9 7 2 359 356 353 350 347 342 338 337 339 344 349 352 355 357 0 5 6 2 358 354 349 345 342 339 337 337 336 332 329 326 324 323 322 325 328 332 336 340 344 347 346 345 346 347 348 348 329 343 346 1 9 11 12 12 8 2 357
321 323 327 332 336 340 344 351 1 4 355 357 353 2 7 6 2 358 356 357 355 352 348 344 339 333 326 322 322 324 327 329 328 330 339 358 9 5 358 355 352 349 346 341 335 333 334 338 344 350 355 359 1 4 8 9 4 358 353 348 345 343 341 339 338 336 335 333 331 329 325 317 311 310 315 319 323 329 333 332 326 323 325 331 340 347 350 353 357 360 3 7 5 0 357 353
325 327 331 335 339 342 343 348 358 3 356 3 357 10 13 15 4 0 356 353 351 350 347 343 339 334 328 325 325 327 331 333 332 332 340 358 7 2 356 352 349 345 340 334 330 329 331 337 345 350 355 0 5 8 12 12 6 357 351 348 346 345 342 340 338 337 337 337 335 333 328 320 312 306 305 304 302 304 307 311 296 313 318 326 311 343 351 354 353 354 358 1 358 355 352 348
327 329 335 340 344 347 348 349 356 1 358 15 18 13 13 8 4 360 354 350 348 347 346 344 340 336 332 328 327 329 333 336 337 338 345 356 1 359 356 352 348 342 335 329 326 326 330 337 344 349 354 1 7 12 16 14 6 357 352 350 349 347 344 339 337 337 339 340 339 337 333 330 328 325 320 303 291 286 306 312 317 319 324 332 324 346 351 352 350 352 355 356 354 351 346 342
325 329 337 344 350 354 354 354 357 1 16 360 5 9 8 5 1 357 353 349 347 346 345 344 342 339 336 332 330 332 338 341 343 346 351 355 356 356 355 352 348 341 332 326 324 325 330 336 342 346 351 360 10 18 20 15 7 360 356 354 352 350 345 339 335 337 341 344 342 340 338 338 339 340 337 329 323 322 321 322 323 326 330 332 345 351 353 351 349 350 352 353 350 345 341 339
321 326 337 346 353 357 358 358 1 3 360 359 2 3 2 0 358 355 353 350 347 345 344 343 342 341 340 335 333 336 341 344 348 353 356 355 353 353 353 351 348 341 332 325 322 325 330 334 338 340 344 357 13 22 21 14 8 4 359 356 353 350 346 341 338 340 345 346 343 341 342 344 349 349 344 336 331 329 328 327 328 331 335 343 349 353 354 351 348 347 349 349 345 340 338 341
317 322 334 345 353 358 1 3 7 7 18 357 357 0 356 355 353 352 350 349 347 345 342 341 341 342 340 336 335 338 342 345 349 355 358 355 352 350 350 349 346 341 332 326 322 323 327 330 332 332 336 351 12 21 18 11 7 4 359 354 351 348 344 343 344 347 349 347 344 344 346 351 355 351 344 338 335 333 332 332 333 336 341 347 352 355 355 351 346 345 345 345 341 337 339 349
316 320 333 344 350 356 2 8 13 12 2 353 352 351 350 349 348 347 346 346 344 341 338 338 339 340 336 333 335 341 345 346 348 353 355 353 351 349 348 347 345 340 333 327 324 324 326 326 328 329 333 344 3 13 10 6 4 1 357 353 349 345 342 342 347 352 354 349 346 347 351 355 354 349 344 341 339 338 338 337 339 342 345 349 338 356 355 350 344 342 342 341 337 338 346 356
315 319 333 343 349 355 3 12 20 18 6 352 347 345 343 342 342 341 339 337 335 332 331 332 335 334 329 327 332 341 348 352 352 353 353 351 350 348 347 346 345 341 334 330 329 331 332 331 332 335 339 346 357 4 3 1 0 358 355 351 346 342 340 341 347 354 355 352 350 352 355 355 352 348 346 345 343 343 344 344 345 348 350 353 355 357 356 348 341 339 338 337 335 340 351 354
315 319 332 343 351 357 4 16 26 24 11 357 348 340 335 332 333 335 332 324 319 317 318 322 327 325 321 321 326 337 346 352 355 357 356 352 349 348 348 347 346 342 336 333 335 340 341 340 339 341 345 350 358 2 359 357 356 354 350 346 343 340 339 341 347 352 352 351 352 355 356 354 351 349 348 347 346 347 349 350 352 353 355 346 358 359 357 347 338 336 335 334 335 342 349 347
319 322 333 343 352 359 7 20 28 24 16 7 356 344 333 324 342 331 331 325 317 311 310 315 320 319 316 317 322 332 340 347 354 359 0 357 352 349 349 349 347 341 335 335 338 344 346 346 345 346 349 354 1 3 359 354 353 349 344 340 339 339 340 344 348 347 346 347 352 356 355 352 350 349 349 348 348 350 352 355 356 358 360 1 341 332 356 345 336 333 332 332 335 341 343 341
324 328 337 346 354 2 12 23 25 21 17 11 4 355 346 335 335 332 334 334 330 323 318 317 318 317 316 317 322 330 335 339 347 357 3 2 357 353 351 349 346 339 334 334 338 345 348 348 349 351 353 357 2 3 358 353 350 345 339 336 337 339 343 347 347 343 340 343 350 353 352 350 348 347 348 348 349 350 352 356 359 1 3 4 4 328 352 342 334 330 329 330 334 338 337 336
326 331 341 350 357 5 16 22 20 17 14 10 5 2 356 347 339 334 334 337 338 336 331 326 322 318 318 320 326 333 336 337 341 352 0 1 358 355 352 349 344 338 333 332 337 343 346 348 351 355 357 358 2 2 357 351 347 340 335 335 339 342 346 349 345 339 334 337 345 349 349 349 347 344 344 347 350 351 350 353 359 3 4 5 0 351 343 338 333 330 328 328 332 335 334 331
327 331 343 352 0 10 17 17 14 11 9 7 6 5 1 354 345 337 333 336 339 340 337 333 327 322 321 325 332 339 342 342 343 348 353 355 354 352 351 348 343 337 332 332 335 340 342 346 352 357 360 1 2 0 355 349 343 337 335 337 343 346 349 349 344 335 331 334 341 345 347 348 348 345 342 344 351 357 353 347 354 5 3 352 343 334 332 332 333 331 330 330 333 336 335 331
327 332 344 355 4 13 16 12 21 5 4 4 5 5 3 358 351 342 336 334 337 339 338 336 330 326 325 328 336 344 347 348 348 349 351 350 349 349 349 347 343 337 333 332 334 337 339 343 349 355 359 2 3 358 352 345 340 337 337 341 346 348 350 348 342 334 331 333 338 342 344 345 347 348 347 346 354 8 346 344 344 303 354 338 328 324 324 328 331 331 331 334 337 341 340 336
326 332 346 358 7 15 14 7 2 359 359 1 2 2 1 359 355 348 340 336 334 335 336 335 332 330 329 331 337 344 349 351 351 352 353 350 347 347 348 346 342 337 334 333 333 335 337 342 346 351 355 360 1 356 347 341 338 338 342 344 346 349 349 345 339 333 330 331 334 335 338 338 339 346 354 357 4 15 21 360 351 352 345 334 326 323 324 327 329 329 332 336 340 345 347 344
326 333 348 1 11 17 14 7 1 356 354 355 356 357 357 358 356 352 346 339 334 333 333 333 332 332 332 334 337 341 346 349 352 355 356 352 348 347 347 345 341 339 337 335 335 337 340 344 347 348 348 351 354 348 345 338 337 342 347 345 345 347 344 340 336 332 329 330 331 330 329 329 329 336 357 11 16 13 11 358 350 345 340 333 327 325 326 328 329 330 334 339 344 349 352 350
327 334 350 3 13 18 14 10 6 360 353 347 346 348 351 353 354 353 350 344 338 334 331 331 332 334 336 337 338 339 340 342 348 354 356 354 349 347 346 344 342 341 340 337 337 339 344 347 347 346 344 345 349 350 348 341 343 349 350 346 346 345 339 334 333 332 333 337 340 339 338 338 341 347 2 10 8 3 356 350 345 342 338 333 330 330 332 334 334 336 341 345 348 352 355 357
330 336 351 5 15 17 13 10 9 5 357 346 339 339 343 346 349 351 350 346 341 337 333 332 334 338 341 342 342 340 338 338 342 349 353 353 348 345 344 342 342 342 341 338 337 341 346 347 346 345 345 347 351 353 355 349 353 355 354 352 352 348 342 338 336 337 341 345 349 349 348 350 355 1 4 1 357 352 348 344 341 341 339 336 335 337 341 343 344 345 349 352 353 355 0 4
332 338 353 7 16 15 11 8 7 5 1 352 343 338 338 341 344 347 347 346 343 338 335 334 336 342 346 348 347 346 344 343 344 347 351 351 348 344 343 343 344 344 341 337 337 342 346 346 346 347 348 351 355 357 354 353 354 356 356 356 355 352 348 344 342 342 346 350 353 354 355 359 3 4 360 355 350 345 341 339 339 341 341 340 339 341 346 351 354 356 358 359 358 1 6 9
335 341 355 9 15 13 8 5 2 1 359 355 350 345 342 340 340 342 344 345 343 340 337 336 339 344 349 351 351 350 348 347 348 350 352 352 348 344 343 345 346 345 342 338 338 342 345 346 347 348 351 355 360 360 355 352 352 353 354 354 354 351 347 345 344 345 350 353 356 359 3 6 4 359 352 348 345 340 336 336 339 342 343 344 344 346 351 357 1 5 7 6 4 7 11 10
337 343 357 9 12 10 6 1 357 355 353 353 352 350 346 342 339 338 339 342 343 341 339 339 342 345 348 351 353 352 351 350 350 352 354 353 348 345 345 346 346 345 342 338 337 339 342 344 345 347 350 355 0 1 356 351 350 350 350 351 350 347 345 345 347 351 355 356 359 6 7 4 358 351 345 343 340 336 333 334 338 341 344 346 349 352 354 357 3 10 13 12 10 11 13 9
338 345 358 8 9 8 3 356 351 348 348 350 350 349 346 341 338 336 336 339 342 343 342 342 344 344 346 350 354 354 353 352 351 352 354 353 348 345 346 346 345 344 341 337 336 338 339 340 342 345 347 351 357 360 356 351 348 348 347 347 345 344 345 349 356 0 358 355 0 6 5 359 352 345 341 339 337 334 334 335 337 339 340 343 349 356 359 358 2 10 16 15 13 13 12 8
339 346 360 7 7 4 357 351 347 345 345 346 346 344 341 338 336 334 335 338 341 343 344 345 346 345 345 348 352 354 355 355 355 353 352 352 350 347 347 346 345 343 339 335 335 338 341 342 343 345 347 350 354 356 353 349 348 347 346 344 343 345 352 1 5 3 356 354 357 359 357 353 347 343 341 339 338 337 337 339 340 336 332 332 340 353 1 4 5 10 14 14 13 12 11 7
337 345 1 7 4 357 352 348 346 346 345 344 342 339 336 334 333 334 335 338 341 344 346 346 347 346 346 347 349 353 356 358 358 356 354 354 354 352 350 348 345 342 339 335 334 336 340 342 343 344 346 349 352 352 349 347 347 347 346 344 345 352 2 5 3 358 354 353 352 352 351 348 345 343 343 342 340 340 343 347 348 344 337 331 332 341 355 4 10 13 14 12 10 10 9 5
334 344 3 7 1 352 350 349 354 349 346 342 339 335 333 332 332 334 337 339 342 344 347 347 347 346 346 346 346 349 355 359 359 358 357 359 0 357 352 348 345 342 339 335 332 332 335 337 337 338 340 344 346 347 345 344 345 346 346 346 351 0 3 360 356 353 352 350 348 348 348 345 343 344 345 344 343 344 347 352 355 354 349 343 338 339 347 359 10 15 13 9 8 8 7 3
335 345 4 6 358 351 350 351 351 349 345 341 337 334 332 332 334 336 339 341 343 346 348 348 347 346 345 343 342 344 351 357 359 360 1 4 5 1 354 350 347 344 341 336 332 331 332 333 334 336 338 341 343 345 346 344 345 346 347 350 357 2 359 353 350 348 347 346 346 346 344 342 341 343 345 346 346 346 347 351 356 358 357 353 348 346 348 356 7 12 9 6 5 6 4 359
340 349 1 2 357 352 350 350 349 346 343 339 335 333 333 333 335 338 341 343 345 348 349 349 348 346 344 341 337 338 342 349 355 359 3 8 5 4 358 354 351 348 346 342 339 338 337 336 335 337 339 341 344 347 348 346 347 350 353 356 359 358 353 348 344 342 341 343 344 343 340 338 338 341 344 346 347 347 347 347 352 357 360 359 356 353 354 358 4 5 4 3 2 2 359 354
350 352 356 356 355 352 349 347 345 343 339 335 333 332 333 334 336 339 342 345 347 348 350 351 350 347 345 341 335 330 328 332 341 353 3 9 8 2 358 356 353 351 349 347 345 344 342 339 338 339 340 341 343 347 350 348 358 352 355 357 357 354 349 344 339 337 338 341 344 341 337 334 336 339 342 345 347 348 348 347 347 351 358 2 2 359 358 0 2 1 360 360 358 356 353 349
355 354 353 353 352 350 347 345 342 339 335 332 331 331 333 336 338 342 345 346 347 348 351 352 350 349 349 346 339 331 324 322 326 338 356 4 4 359 356 353 351 350 350 348 347 346 344 342 341 341 341 341 342 346 350 350 357 351 353 355 355 351 346 340 336 335 339 343 343 340 335 333 335 338 341 343 345 348 350 350 347 347 353 0 4 4 3 2 2 359 357 357 354 351 348 346
354 354 354 353 350 347 344 342 338 335 332 330 330 332 335 337 341 346 350 349 348 350 352 351 348 349 350 350 347 341 334 331 330 335 346 356 358 355 352 349 348 349 350 348 347 345 344 343 343 342 342 342 344 348 352 351 358 351 350 352 351 348 344 338 334 335 341 344 343 339 335 333 333 336 338 339 341 345 349 351 351 347 348 355 3 7 8 6 2 358 357 356 353 348 346 348
351 353 355 353 349 344 342 339 335 332 330 329 331 333 337 339 343 350 355 354 351 352 352 348 346 346 348 349 350 348 345 342 341 341 346 353 354 352 348 347 348 350 350 348 345 343 342 343 345 345 344 345 347 349 352 352 349 347 348 348 347 345 342 336 333 336 341 342 341 340 337 334 333 332 332 331 332 337 343 348 351 350 346 348 357 6 10 10 5 1 359 358 354 351 352 357
348 351 354 352 347 343 340 336 333 330 328 329 331 335 339 343 348 356 1 358 353 352 349 346 343 343 344 346 349 350 350 350 349 347 347 350 350 348 347 348 350 351 349 347 344 341 340 342 346 348 349 349 350 351 353 352 348 346 346 345 344 343 340 335 333 336 339 340 340 340 339 338 336 334 331 326 322 323 329 336 344 347 346 342 349 1 9 11 9 6 3 2 1 359 359 2
