project/data/elevation/US_DEM2016/US_DEM2016_point_10-31-2019_2307_30m_ang.asc
ncols	125
nrows	167
xllcorner	-2042055.000000
yllcorner	1465035.000000
cellsize	30.000000
NODATA_value	-9999.000000
[rows 42 to 83 of 167, columns 0 to 94 of 125]
286 287 290 294 297 299 303 308 313 315 317 323 339 346 329 319 315 315 320 324 320 316 315 314 312 309 306 304 303 302 302 305 310 314 315 314 314 314 311 306 307 315 317 304 292 289 294 304 311 315 319 326 335 337 330 318 308 300 291 281 277 278 282 289 295 299 299 300 303 306 305 302 297 292 291 297 308 305 299 299 312 319 312 307 302 299 301 308 314 317 319 322 329 343 2
287 288 292 295 298 301 305 310 315 318 320 328 350 24 324 317 315 316 320 323 321 319 318 318 316 313 310 308 307 305 304 304 307 312 314 311 309 310 309 305 303 308 316 305 290 285 288 296 302 304 306 314 329 340 333 319 311 306 298 288 282 283 289 295 298 299 300 302 305 306 304 299 294 289 286 289 298 301 298 300 312 319 314 309 303 296 295 301 310 316 320 324 332 352 8
288 289 293 297 301 305 310 314 317 320 324 338 359 19 320 316 316 316 318 320 320 318 317 317 315 312 310 309 308 307 305 303 304 309 312 308 306 307 309 306 300 302 311 303 287 283 282 287 292 295 298 304 319 335 331 321 315 312 305 294 286 286 289 293 295 299 302 305 303 298 294 293 293 290 288 290 295 299 299 301 311 316 312 309 303 296 292 294 301 308 314 319 332 1 13
289 291 296 301 305 309 313 316 319 323 329 349 3 339 320 317 317 317 317 318 317 315 314 314 312 310 309 308 308 308 305 301 300 304 309 307 303 302 306 306 300 295 298 295 285 279 279 285 293 299 301 304 313 327 328 322 317 313 306 296 288 286 287 291 296 301 303 300 293 290 292 294 295 295 294 295 298 301 297 305 311 315 312 308 304 298 291 290 295 303 309 315 332 5 7
290 292 298 303 306 309 311 314 317 322 335 1 358 330 319 318 318 316 316 316 315 313 312 312 311 309 309 308 307 307 304 298 295 299 307 307 300 297 299 305 302 292 288 289 285 281 282 289 296 299 298 299 308 321 328 327 320 314 308 299 289 286 287 291 296 298 295 292 292 296 299 299 299 299 299 300 301 303 306 310 308 319 315 309 305 300 294 290 294 306 317 329 351 3 354
289 292 298 302 304 306 308 311 313 320 342 7 17 323 315 314 314 313 312 313 313 313 313 312 310 308 307 307 305 304 302 296 291 294 303 308 301 294 293 300 305 296 291 293 289 285 285 287 290 287 287 295 306 319 331 335 328 320 313 303 292 287 287 290 292 291 292 297 302 305 306 306 306 305 304 303 304 306 309 313 320 324 320 312 307 303 299 294 296 308 323 345 7 0 348
289 292 297 301 301 303 305 308 312 321 352 4 331 318 311 309 308 308 309 310 312 312 312 311 308 306 305 303 302 302 302 298 292 291 299 307 303 295 290 293 303 298 293 292 289 284 282 281 283 286 292 301 310 321 335 344 338 325 317 308 296 289 287 290 294 299 305 311 314 315 315 315 315 314 312 310 311 312 314 316 320 325 322 316 309 306 303 298 296 303 322 358 11 354 342
289 291 297 301 301 301 304 308 314 329 0 352 324 315 314 311 308 307 307 308 309 309 309 309 307 304 302 300 300 302 305 302 294 291 295 305 306 297 287 282 287 290 288 288 286 282 280 281 287 296 302 308 314 325 340 352 347 330 321 313 302 293 291 294 302 309 315 319 322 323 323 323 323 322 320 319 318 319 320 320 320 323 322 318 312 307 303 298 295 299 323 5 2 343 334
288 290 296 302 303 303 305 310 319 342 360 340 321 318 319 316 312 309 306 306 307 308 308 307 305 303 300 298 298 301 307 304 296 291 293 303 311 303 285 277 285 291 292 293 291 287 285 289 298 305 309 313 318 329 345 357 352 334 323 315 305 296 293 296 303 310 315 321 324 325 325 324 325 324 323 321 321 322 324 325 325 323 323 321 316 309 304 298 294 297 324 357 346 331 321
287 288 294 301 305 305 305 309 321 349 354 332 320 320 321 318 314 309 305 304 305 305 306 306 305 302 298 296 296 300 306 305 299 293 292 300 315 317 298 293 299 302 303 303 301 298 297 302 309 313 314 316 321 332 349 2 356 335 321 313 304 296 292 292 297 304 309 314 317 319 320 319 320 320 319 317 315 317 321 324 325 325 325 325 321 316 306 297 293 298 319 337 334 322 309
286 288 292 299 305 308 306 307 321 349 346 325 317 319 321 318 311 305 302 301 300 301 303 304 304 302 297 293 292 297 304 305 302 297 293 298 317 329 312 307 308 308 309 308 307 307 307 311 315 316 315 317 322 334 352 6 359 336 319 311 304 297 291 288 290 294 298 300 303 305 308 309 309 309 309 307 304 305 311 315 317 318 322 320 325 306 311 299 293 300 318 329 332 324 313
287 287 291 296 302 309 308 307 321 347 12 326 312 314 317 314 306 300 297 295 295 296 299 302 303 301 296 292 290 295 304 307 306 302 295 298 321 327 313 308 308 307 308 309 308 308 310 312 316 315 313 315 322 335 356 10 2 338 321 313 307 300 291 286 283 285 289 293 297 300 301 301 300 299 299 297 293 293 297 302 301 301 304 311 318 308 317 305 299 307 321 332 335 328 322
287 288 291 296 302 309 310 307 318 344 336 330 306 308 308 305 300 295 292 291 293 296 299 301 302 301 297 292 291 296 305 311 311 306 299 301 322 320 309 306 304 303 305 306 306 307 308 310 314 313 309 310 320 337 1 14 3 337 322 314 308 301 291 283 280 282 289 296 299 300 298 295 291 290 289 288 284 282 282 283 282 282 286 295 306 316 320 318 313 315 324 334 332 327 324
289 290 294 299 304 310 311 307 314 337 331 337 299 300 299 312 296 294 293 294 296 298 301 301 302 301 298 294 293 297 304 311 313 310 305 308 321 316 308 305 302 301 302 303 303 304 305 308 314 313 306 306 317 338 7 18 2 333 319 312 306 298 288 281 280 284 292 297 298 295 291 289 288 287 285 282 278 273 269 269 272 281 289 300 291 319 325 326 322 320 326 333 327 323 321
291 293 298 303 307 312 315 313 319 335 330 359 340 303 304 301 300 300 302 302 301 302 302 303 302 302 299 296 295 298 304 310 315 318 320 324 324 318 313 309 305 303 302 301 301 301 303 307 314 314 306 303 314 342 14 19 355 327 315 307 300 292 285 281 283 287 291 294 292 288 288 291 293 292 287 279 272 268 271 274 283 292 301 310 305 328 332 329 324 323 328 330 324 319 317
291 294 300 305 310 316 320 322 331 342 16 320 312 313 312 311 310 310 310 310 308 306 305 305 304 304 301 298 297 301 308 315 320 328 337 337 328 322 318 313 308 304 301 300 299 300 301 306 312 313 305 301 313 349 22 16 346 322 310 303 298 295 290 286 286 287 288 288 286 289 295 299 298 292 287 285 285 284 286 290 297 304 310 312 327 336 338 332 325 324 328 329 323 318 314
289 292 299 305 310 317 322 326 338 349 340 325 319 318 317 317 317 316 316 315 313 310 308 307 306 305 302 299 299 304 311 318 323 333 345 342 330 322 318 314 309 303 299 297 296 297 299 302 307 309 303 299 311 359 25 7 339 322 313 310 307 305 299 292 289 287 287 287 291 297 301 302 296 287 287 291 293 296 299 303 307 310 314 321 330 338 341 334 326 323 327 328 321 315 311
287 289 296 304 309 314 319 325 342 354 22 324 318 321 318 317 316 316 316 315 314 311 308 307 305 304 301 298 299 304 309 314 320 333 347 343 329 321 316 312 307 301 296 292 291 293 294 295 299 302 300 297 310 3 16 355 336 324 318 316 313 310 305 298 292 289 289 293 298 302 303 300 293 292 295 299 302 305 308 310 312 314 316 322 331 339 342 335 326 322 325 325 318 311 308
286 288 294 303 308 310 311 319 344 0 339 318 313 312 312 311 309 309 309 309 307 306 304 303 302 299 297 296 298 302 307 311 317 331 345 343 330 322 317 312 305 297 290 286 286 288 289 290 295 300 302 303 318 356 0 346 335 325 319 317 315 312 309 303 296 293 293 296 301 304 304 303 303 305 307 309 311 314 315 314 314 314 317 322 314 340 341 333 324 320 322 322 315 310 310
286 287 293 301 306 307 305 310 342 3 331 309 304 303 302 300 297 294 291 292 294 296 296 295 293 292 292 293 295 302 309 315 322 333 345 344 331 321 317 311 303 293 285 283 284 287 291 295 300 307 313 319 334 354 351 340 332 324 320 319 317 314 311 306 300 295 294 297 303 308 312 316 317 316 315 316 317 318 318 316 314 315 317 323 332 341 341 330 321 317 318 318 313 312 319
285 286 291 299 306 309 306 306 338 355 316 299 294 292 291 288 283 277 276 280 285 287 286 284 285 287 289 290 294 302 310 315 323 334 347 347 332 319 313 307 300 292 287 286 288 295 301 305 309 316 324 332 346 358 350 336 328 322 318 317 316 314 310 307 301 295 293 296 303 312 318 321 321 319 318 317 318 318 318 315 314 314 316 312 332 341 340 327 318 315 314 314 312 317 323
286 287 292 300 307 312 313 318 343 330 309 299 294 292 290 287 288 278 279 284 287 286 285 285 287 289 289 290 293 302 309 312 318 330 347 351 335 317 310 305 301 296 291 291 293 301 307 310 314 320 327 336 353 3 351 335 327 320 315 313 312 310 307 304 300 295 292 294 300 309 315 317 319 317 314 312 313 314 313 310 309 309 311 317 307 305 335 324 316 313 312 311 312 320 322
288 290 296 304 312 319 328 351 344 316 307 303 301 301 301 299 295 294 290 290 290 291 292 295 295 293 291 290 293 300 308 310 313 324 346 354 338 320 313 309 305 300 295 293 295 301 307 310 314 320 326 337 355 4 350 334 326 318 312 309 308 305 302 301 299 296 292 291 295 303 307 309 311 311 307 304 304 307 307 301 297 298 299 301 313 297 324 319 314 311 310 309 313 320 320
289 291 298 308 318 328 351 11 343 318 310 308 307 307 308 309 311 307 298 294 293 295 299 303 303 298 294 293 295 301 307 310 312 322 342 350 339 326 321 316 310 303 297 293 293 299 305 308 312 319 327 337 355 2 348 332 323 315 309 306 305 302 300 300 297 293 290 289 292 298 301 302 303 303 301 296 294 297 296 288 282 280 277 274 281 300 312 316 314 311 309 309 313 319 317
289 291 299 310 321 339 9 6 339 323 316 312 310 310 310 311 314 313 306 298 296 297 300 304 306 302 298 297 300 305 311 315 318 327 342 345 336 328 323 318 310 302 295 291 292 297 303 305 310 317 325 338 355 359 346 329 320 313 307 304 303 300 299 298 295 291 289 289 291 294 296 297 296 296 295 289 283 281 280 273 266 260 256 259 272 290 305 314 317 314 312 311 314 320 319
290 292 299 310 324 351 14 354 13 323 319 314 311 310 310 310 312 315 313 306 300 298 299 302 305 305 303 302 304 309 315 321 326 333 344 343 333 325 320 314 307 299 293 289 289 295 300 303 307 312 318 333 353 354 342 326 317 311 306 302 300 300 298 297 295 292 288 287 289 291 291 292 290 288 288 282 272 263 264 259 257 266 256 265 279 292 302 313 318 317 315 315 318 323 324
290 292 299 310 329 4 12 340 322 317 314 311 309 308 309 309 311 314 317 313 304 299 298 300 303 306 306 305 306 310 316 322 327 336 347 345 332 322 315 309 303 297 291 286 287 292 297 301 304 307 310 322 344 350 335 320 312 307 303 297 297 299 298 298 295 289 284 281 283 285 285 285 283 278 275 270 259 253 250 257 262 265 271 280 288 296 303 311 317 318 319 319 321 326 330
290 291 298 310 336 15 8 328 312 306 305 304 305 305 307 308 309 311 317 317 309 302 299 299 301 304 305 305 306 309 313 317 323 334 348 349 336 324 316 310 304 297 290 285 286 292 298 301 301 302 303 313 332 338 333 315 306 300 296 292 293 295 296 294 290 283 277 274 276 279 279 279 278 272 264 257 253 248 258 268 276 283 288 290 293 298 304 311 317 321 325 326 325 328 332
290 292 299 313 346 21 1 325 310 304 301 300 300 301 303 305 306 307 313 318 314 306 301 300 300 302 303 303 303 304 306 309 315 328 345 350 339 326 317 310 304 297 290 286 287 290 295 296 297 302 308 316 330 341 337 314 302 296 294 292 291 292 291 288 285 280 276 275 277 281 283 284 281 273 263 258 260 267 276 283 288 294 298 298 300 305 310 316 321 326 332 334 330 330 333
291 293 302 318 358 19 353 326 314 310 307 305 303 301 301 302 303 304 308 316 317 310 305 302 301 302 302 302 301 302 305 308 313 323 339 347 340 326 317 310 303 296 290 285 285 286 290 296 304 312 317 322 334 345 346 323 314 308 305 302 300 300 297 294 292 290 286 283 285 289 292 291 286 278 271 271 276 282 287 292 298 304 307 308 310 315 321 326 329 333 340 342 335 332 335
292 295 305 326 8 12 346 326 318 315 315 313 311 309 306 304 304 305 307 312 317 313 307 304 302 302 302 302 304 307 310 313 318 325 336 344 339 326 316 309 302 295 288 284 283 287 297 307 314 319 322 326 337 349 344 332 324 319 315 314 314 312 310 308 305 301 294 288 287 289 290 286 279 277 280 285 289 292 296 302 308 314 317 316 316 321 327 332 335 340 348 350 342 337 342
294 297 308 337 11 3 340 326 320 318 318 318 318 318 315 311 309 308 308 311 315 313 307 303 303 303 303 304 307 309 312 317 323 329 338 346 340 327 317 310 303 297 291 286 287 292 303 311 315 319 323 327 339 352 347 333 325 320 317 317 317 316 314 311 308 304 294 284 281 280 278 275 276 283 290 294 297 299 304 310 316 321 323 321 319 322 329 334 338 345 356 358 349 345 351
296 299 313 347 8 355 335 324 320 319 318 319 319 320 319 315 313 311 310 311 313 311 305 301 301 303 304 304 305 307 310 315 321 328 337 346 340 327 318 312 308 302 294 289 288 292 300 306 308 311 316 322 335 350 348 332 323 318 314 314 314 312 310 307 302 296 286 278 274 272 272 276 284 291 297 301 304 304 307 313 318 323 324 321 318 319 324 329 335 347 2 4 355 353 355
297 302 320 354 2 346 330 323 321 319 317 316 315 316 317 316 314 312 310 309 309 307 302 298 297 301 304 304 302 303 306 311 316 321 331 341 339 329 320 313 307 301 294 288 286 287 293 299 301 305 311 318 330 346 346 332 322 318 313 310 308 307 304 298 289 282 280 277 274 274 279 286 292 298 303 308 309 308 309 312 316 318 318 316 312 313 321 327 333 347 3 4 358 357 355
298 304 327 358 358 338 326 322 320 317 312 308 308 309 311 312 312 311 309 307 305 303 299 296 295 298 304 306 302 301 304 309 315 320 328 338 341 333 320 310 304 301 295 288 284 285 291 298 303 308 313 320 331 343 342 331 323 318 314 308 305 303 298 287 281 283 286 284 281 282 290 297 302 306 311 314 315 313 311 312 311 307 305 305 305 308 316 328 340 354 4 1 356 356 353
299 305 330 1 355 330 321 318 314 310 306 304 305 306 307 308 308 309 308 306 303 301 297 294 292 295 302 309 306 302 304 311 317 323 329 339 346 339 323 311 306 303 296 287 283 283 288 296 301 305 309 317 328 339 339 331 323 320 316 310 305 302 296 288 290 295 296 295 293 296 301 306 311 314 317 318 318 316 314 312 311 306 302 301 302 305 312 326 346 3 6 357 352 353 350
300 306 332 0 347 323 314 310 314 308 308 307 307 308 307 307 307 307 308 306 303 300 297 292 290 290 298 309 309 304 304 310 316 322 329 341 351 345 325 312 306 300 293 284 279 279 282 288 292 296 301 311 323 335 338 332 324 321 316 310 304 302 300 298 301 304 305 306 306 307 307 310 314 317 318 318 318 316 314 313 313 312 309 306 306 308 313 323 345 6 4 352 349 351 346
303 310 337 353 338 320 312 311 312 313 314 312 310 309 308 307 307 307 308 306 303 300 296 291 287 286 291 304 308 304 303 306 310 316 326 342 355 347 324 310 301 295 289 282 277 277 280 286 292 299 307 316 325 335 342 335 325 319 313 306 301 303 305 305 306 309 312 312 311 310 307 307 311 316 316 314 312 311 311 313 314 314 312 311 310 313 318 327 348 0 354 347 347 348 342
311 318 338 343 334 323 317 316 316 316 315 313 311 309 308 306 305 306 307 305 302 299 295 290 284 282 285 296 303 300 300 302 303 308 320 345 353 346 324 312 304 299 294 287 281 280 283 291 299 307 315 322 327 335 345 340 328 320 313 310 309 311 311 310 310 312 313 312 310 306 302 301 305 310 311 308 306 307 308 311 314 313 310 310 310 314 321 334 353 353 345 344 344 343 336
326 329 337 337 331 324 319 317 316 315 314 312 309 307 305 303 302 304 305 303 299 296 293 288 283 279 280 287 295 294 292 294 297 301 313 346 359 342 326 317 311 308 303 295 287 286 289 296 304 311 316 320 324 334 346 344 349 326 323 323 322 319 316 314 312 311 311 310 306 302 297 296 299 307 310 306 303 304 306 310 315 314 309 307 308 313 321 337 354 349 340 341 340 336 330
335 337 339 335 327 321 318 317 315 313 311 309 306 304 303 300 299 300 303 301 296 294 291 286 282 278 276 280 288 290 289 292 297 300 311 337 350 336 325 318 314 311 307 299 291 288 290 296 304 310 313 317 322 333 348 349 354 331 325 325 324 321 317 313 310 310 311 310 305 300 295 293 296 304 311 307 303 303 304 308 313 316 311 304 305 311 320 337 352 347 339 339 337 330 323
331 337 345 338 325 319 317 315 313 311 308 305 303 301 301 298 296 297 301 299 293 290 287 284 281 278 277 280 289 295 297 299 303 308 318 335 343 331 321 317 313 310 306 299 292 288 289 294 301 308 314 320 325 335 350 353 358 336 324 322 321 318 314 309 307 308 313 312 307 301 294 290 291 300 309 307 302 301 302 304 309 316 314 304 301 308 320 337 350 347 339 338 334 325 317
