project/data/elevation/US_DEM2016/US_DEM2016_point_11-01-2019_1119_30m_ang.asc
ncols	125
nrows	167
xllcorner	-2042055.000000
yllcorner	1465035.000000
cellsize	30.000000
NODATA_value	-9999.000000
[rows 0 to 41 of 167, columns 0 to 93 of 125]
279 284 292 296 295 287 279 276 278 281 287 293 291 281 281 289 300 307 301 281 267 267 275 283 291 296 299 297 283 269 261 257 257 260 263 263 259 256 254 252 249 247 247 249 251 254 255 253 253 260 271 283 295 305 307 308 307 304 300 298 298 295 290 284 281 281 283 286 288 289 290 291 292 291 290 289 289 286 282 284 288 285 274 276 287 302 308 305 291 273 263 256 250 247
279 284 292 296 295 287 279 276 278 281 287 293 291 281 281 289 300 307 301 281 267 267 275 283 291 296 299 297 283 269 261 257 257 260 263 263 259 256 254 252 249 247 247 249 251 254 255 253 253 260 271 283 295 305 307 308 307 304 300 298 298 295 290 284 281 281 283 286 288 289 290 291 292 291 290 289 289 286 282 284 288 285 274 276 287 302 308 305 291 273 263 256 250 247
278 282 289 295 297 294 288 284 282 282 284 288 291 284 281 285 293 300 298 284 272 272 277 282 287 290 292 287 276 265 259 257 258 261 264 264 263 262 259 256 253 250 250 251 253 255 256 256 259 265 274 282 291 300 305 305 303 300 296 294 293 293 290 286 283 282 282 283 284 286 288 289 290 290 289 288 288 288 286 284 285 285 279 278 284 295 303 301 289 275 265 258 254 252
277 280 286 292 299 303 301 295 289 284 280 281 287 287 281 279 281 286 290 286 280 280 280 280 279 276 271 266 261 258 256 257 260 262 265 266 268 269 270 267 262 259 258 258 259 260 260 262 266 271 276 281 285 291 296 297 296 293 290 286 285 286 288 288 286 284 282 280 281 282 283 284 286 286 286 285 286 288 289 285 283 287 288 283 281 285 290 289 283 276 271 265 262 263
277 280 285 290 296 302 304 300 294 287 281 278 282 284 279 276 276 280 285 284 283 282 280 277 273 266 259 254 253 253 256 259 262 264 265 266 268 270 274 275 273 269 267 266 266 266 266 267 270 273 276 278 281 284 286 288 288 287 286 283 281 281 283 284 284 283 282 282 281 280 280 280 280 281 282 283 284 286 287 285 285 290 293 287 280 277 278 279 278 276 274 271 271 274
277 279 284 288 293 298 302 302 297 290 284 280 281 285 279 275 273 278 287 287 283 280 277 272 266 259 254 251 251 254 258 261 263 264 264 265 266 270 274 279 281 280 277 274 273 272 272 272 274 276 276 276 277 277 277 277 279 282 283 283 280 278 278 279 279 280 280 280 280 279 278 277 276 277 278 280 282 283 285 286 288 292 294 288 279 272 270 274 276 276 276 276 279 282
276 278 283 286 289 293 296 299 297 293 287 283 284 288 283 276 272 275 285 287 283 278 273 267 261 256 253 252 254 258 261 263 264 264 264 265 267 269 273 277 282 285 284 281 278 275 275 275 276 277 277 276 274 272 270 271 274 278 280 281 279 276 274 274 274 275 277 278 279 278 276 275 274 274 275 277 279 281 283 286 288 291 292 287 279 272 270 273 276 278 279 282 284 283
275 277 280 282 285 287 289 291 292 292 290 288 289 291 286 278 272 271 278 282 281 276 271 264 259 255 252 253 258 262 264 265 265 265 265 266 267 268 270 273 278 283 286 286 282 276 274 275 276 278 278 277 276 273 270 270 273 275 275 275 274 273 271 270 270 271 274 277 279 278 275 273 272 272 273 274 276 279 282 285 287 288 288 286 281 276 273 274 277 280 283 285 283 278
274 275 276 277 279 280 281 283 285 289 291 291 293 294 289 281 273 269 271 276 278 276 270 263 257 254 253 256 261 265 268 268 268 269 270 270 268 267 267 268 271 276 281 285 285 280 275 275 277 279 280 279 278 276 273 271 271 270 269 268 268 269 269 268 266 268 273 278 280 279 274 271 270 271 273 274 276 278 282 285 286 286 285 286 285 281 278 278 280 282 285 284 278 269
273 272 271 271 272 273 273 276 281 286 289 292 295 296 292 283 275 269 268 273 276 275 270 263 257 256 258 261 264 268 271 272 273 275 276 275 272 268 267 266 266 268 273 279 285 285 280 278 279 280 280 278 277 277 275 271 268 264 262 262 264 265 268 268 267 268 272 277 281 279 274 270 271 274 276 277 277 279 282 284 284 284 285 286 287 286 284 283 283 284 283 278 270 263
272 271 269 267 266 267 269 273 278 282 285 288 292 296 294 286 278 272 270 272 274 272 268 262 259 259 262 266 269 272 275 277 279 279 278 276 273 271 270 267 266 265 267 272 280 286 285 281 281 281 278 275 273 273 273 270 265 260 259 259 261 265 269 272 272 271 272 275 278 278 274 272 274 277 279 280 281 281 282 282 283 283 284 286 288 289 289 288 285 282 277 271 266 263
272 272 270 268 266 267 270 275 278 279 281 283 286 290 292 288 282 278 276 275 273 270 265 262 261 263 266 271 276 279 280 281 280 277 273 271 272 274 273 271 269 267 266 267 272 280 284 282 281 280 277 273 270 269 269 267 264 259 257 258 261 266 270 275 278 276 273 272 273 275 276 275 277 279 282 284 283 282 280 279 280 282 283 284 286 289 292 290 285 279 273 269 267 266
274 275 276 274 272 273 275 277 278 278 277 278 280 281 285 287 286 284 282 278 273 268 263 262 265 268 273 278 281 282 281 280 276 271 268 270 274 275 273 272 272 271 269 268 268 272 278 280 279 278 276 272 268 264 264 265 264 261 257 258 263 268 272 276 280 279 275 271 271 273 276 277 279 282 284 284 282 277 273 272 275 278 281 282 283 287 292 291 286 281 277 274 271 270
275 276 280 282 281 279 278 278 277 277 276 276 276 276 278 283 286 286 284 279 272 265 262 264 269 274 277 279 280 279 277 273 269 267 268 272 274 274 273 273 274 274 272 269 267 268 272 276 276 275 273 269 264 261 263 266 266 263 260 261 265 269 273 276 279 280 277 273 271 271 275 279 282 283 282 278 274 270 267 267 270 276 280 282 283 287 293 296 292 287 284 281 277 275
274 275 278 283 284 281 278 275 274 275 276 276 276 276 275 277 282 284 283 278 271 264 263 266 270 274 276 275 274 274 272 269 266 266 269 272 273 274 273 274 274 275 274 271 269 268 271 273 273 271 269 264 260 262 266 269 269 265 264 265 267 270 273 276 278 280 279 276 271 270 274 279 281 279 273 269 269 268 266 266 270 275 280 283 285 290 296 301 299 293 289 288 285 282
273 274 275 278 279 277 274 271 271 273 275 276 278 279 277 275 277 279 278 274 268 265 264 266 269 271 271 271 270 271 271 270 268 267 268 271 273 275 275 275 275 276 276 275 274 273 273 272 270 267 264 260 260 265 270 272 271 268 270 272 273 273 274 276 278 281 281 278 273 271 273 277 276 270 266 267 269 268 267 268 271 275 279 283 288 293 299 304 304 298 293 291 289 285
274 274 273 270 268 268 268 269 270 273 275 277 279 283 283 278 275 274 272 269 266 264 264 265 266 267 269 270 270 270 272 273 272 270 269 270 273 276 278 277 276 277 279 280 280 278 275 270 265 262 260 259 262 267 272 273 272 273 277 279 280 279 278 277 278 281 283 282 277 273 272 271 268 265 266 268 269 268 268 270 273 276 279 284 290 294 299 305 306 301 295 293 290 284
273 273 270 264 260 261 266 270 273 276 278 279 282 286 287 282 275 271 269 266 264 262 262 263 265 267 270 271 271 270 270 273 275 275 273 272 273 275 278 279 279 280 282 284 284 280 275 267 262 260 259 260 265 270 274 274 274 277 282 285 287 287 285 282 279 280 283 286 284 277 270 266 262 263 267 269 268 266 267 271 273 276 280 285 289 292 296 301 305 303 297 294 289 281
272 271 266 258 256 261 267 273 277 279 281 282 283 285 287 284 278 272 268 264 261 260 261 263 266 269 271 273 274 272 271 272 276 279 279 276 275 275 277 280 281 282 283 284 282 277 270 263 261 260 260 263 268 273 275 275 276 280 285 288 290 291 290 285 281 279 280 286 289 282 272 267 265 267 270 271 268 266 267 269 271 274 279 284 286 288 289 294 301 304 300 294 290 283
270 268 261 255 259 266 272 277 280 283 283 283 283 282 283 282 278 272 267 262 259 259 261 264 268 270 272 274 276 276 274 274 276 279 281 280 277 276 277 281 283 283 283 280 275 269 264 262 263 262 263 266 270 273 275 275 278 282 286 289 290 290 290 287 282 279 279 282 290 289 281 275 274 274 275 274 273 272 271 271 269 270 274 278 280 281 283 289 298 305 304 297 293 291
269 266 261 261 267 273 277 281 283 284 284 283 281 279 278 278 276 270 265 261 259 260 263 266 268 271 273 275 277 279 279 278 279 281 282 282 280 279 280 281 282 280 276 270 265 262 263 266 268 268 268 270 271 272 272 275 279 283 286 287 287 286 286 286 283 280 278 279 286 292 290 285 282 280 279 277 278 278 276 275 271 268 267 270 274 278 282 288 296 306 308 300 296 295
271 269 266 270 276 279 282 283 284 283 283 281 280 277 275 273 271 267 264 262 262 264 266 267 268 271 273 275 277 280 283 283 283 284 283 282 281 280 280 279 276 271 266 261 260 263 268 272 274 275 275 275 273 271 270 273 278 282 283 283 281 280 280 281 280 279 277 277 282 290 293 289 285 283 280 278 278 279 279 279 275 269 264 264 270 277 282 287 291 301 308 301 296 294
272 271 271 276 280 282 283 282 281 280 279 279 278 277 274 270 267 266 266 267 270 272 272 271 271 272 274 276 278 281 285 286 285 282 279 278 279 278 275 271 266 262 259 259 263 268 273 277 280 281 281 280 277 273 271 272 275 278 278 276 275 273 272 274 275 275 275 277 281 289 294 292 287 284 282 279 279 280 281 281 278 272 266 264 265 272 279 283 285 293 303 301 294 291
274 274 275 278 280 280 279 277 277 277 277 277 277 276 273 269 267 267 270 273 277 278 278 277 275 275 276 279 281 283 284 283 280 275 272 273 275 273 267 262 259 259 260 264 269 273 277 280 283 285 284 282 279 276 272 271 271 271 270 269 267 264 266 270 272 273 275 278 283 288 292 292 288 284 283 283 284 283 284 284 282 277 270 265 262 265 272 278 283 289 298 300 294 291
276 277 278 277 276 275 273 273 273 275 275 275 275 274 272 270 269 269 272 274 277 278 279 279 279 278 280 281 282 281 278 274 270 267 268 270 270 266 262 260 259 261 266 271 274 276 278 281 284 285 284 282 279 276 273 270 267 265 263 261 259 259 264 269 273 276 278 281 283 285 288 290 288 285 283 286 287 286 285 286 285 281 274 266 262 261 266 274 280 286 294 298 294 292
275 276 277 275 267 269 268 269 271 272 273 273 273 273 273 272 271 270 270 272 275 277 279 280 281 281 281 280 277 273 268 263 261 262 265 266 265 263 263 263 264 266 271 275 279 281 281 281 282 282 282 281 279 276 273 270 266 262 258 255 254 258 265 270 273 277 280 281 280 281 284 286 286 283 284 287 288 286 286 289 289 285 279 271 265 262 264 270 277 282 290 295 293 291
273 273 275 274 270 266 264 265 267 269 270 271 271 272 274 275 273 271 271 273 276 279 282 284 284 283 279 275 270 264 258 255 257 260 263 265 265 264 266 268 270 272 275 279 282 285 282 281 279 278 279 279 279 278 275 271 266 259 255 253 255 260 266 271 274 277 279 278 278 280 282 283 281 281 283 286 286 285 287 291 293 291 286 278 270 265 263 265 272 279 286 293 292 289
273 274 276 276 272 267 264 263 264 267 269 269 270 272 275 278 277 276 276 278 281 284 286 286 284 280 275 268 262 255 252 253 257 261 263 266 267 268 268 271 274 276 279 282 285 287 286 281 276 273 273 277 280 282 278 272 265 259 256 257 260 265 270 272 273 273 274 275 276 277 278 276 276 279 282 283 283 285 289 293 296 296 292 285 277 269 264 262 267 275 283 290 292 288
273 275 278 279 276 271 266 263 263 266 267 269 270 272 275 278 280 281 282 284 285 286 286 283 279 274 268 261 254 250 251 256 260 263 265 266 269 270 270 271 275 279 281 284 287 289 287 281 274 269 268 273 281 286 282 273 266 263 262 265 270 275 277 276 273 269 269 271 272 272 270 270 273 277 279 280 282 286 290 294 298 299 296 291 283 274 267 263 263 270 279 287 290 288
273 274 277 281 281 276 270 266 264 264 266 268 270 272 274 276 279 281 284 286 285 283 280 276 271 267 262 256 250 250 256 260 263 265 266 267 269 270 271 272 275 279 282 285 287 288 286 281 274 269 267 270 277 286 285 277 270 269 270 274 278 282 283 280 275 271 270 268 267 265 264 264 268 272 275 277 281 285 289 293 296 298 297 294 288 281 273 267 264 265 272 282 288 288
273 274 276 280 284 281 275 269 265 263 263 265 269 272 273 274 276 280 283 284 281 276 272 268 264 260 258 255 255 259 264 267 267 267 268 269 270 270 271 273 275 279 282 284 285 285 286 284 279 273 269 269 273 281 288 283 277 275 276 279 281 283 285 283 280 277 273 270 267 265 264 264 264 266 269 274 279 283 286 288 289 292 293 293 291 287 281 274 267 265 267 276 285 288
273 273 275 279 284 286 281 274 267 263 261 263 266 269 271 272 274 278 279 277 272 267 263 261 258 257 258 261 266 271 273 273 273 272 271 271 270 270 271 273 276 279 282 282 283 283 285 287 285 279 274 270 271 276 286 287 281 278 279 280 279 280 282 285 285 281 278 275 272 271 270 269 266 265 266 270 274 277 279 280 282 284 287 288 289 288 286 281 274 269 268 272 280 286
273 273 275 278 283 287 285 279 272 266 263 262 263 265 267 269 272 274 273 268 262 259 258 258 257 258 262 268 274 278 279 278 277 276 273 271 270 270 272 274 277 281 283 283 281 281 283 288 289 285 279 273 271 273 280 285 281 278 279 278 277 277 282 287 289 286 282 279 276 275 274 272 271 269 268 267 267 268 271 274 277 277 278 280 284 287 287 286 282 276 272 272 275 283
273 274 277 280 283 286 287 283 276 270 265 262 261 262 263 266 269 268 265 259 256 255 256 257 259 263 268 272 278 281 282 280 280 278 275 271 270 271 273 275 278 280 282 282 279 277 279 285 291 290 285 277 273 271 274 279 278 277 277 275 274 275 281 290 293 289 284 280 278 275 275 275 274 273 270 265 260 260 265 270 271 269 270 275 281 284 286 286 285 282 278 275 275 280
274 276 279 281 282 285 287 286 281 275 269 264 261 260 261 263 264 262 257 253 253 254 256 258 262 268 272 276 279 282 284 282 280 279 277 274 272 273 274 276 277 278 278 277 275 275 277 282 291 296 292 282 274 269 269 273 276 276 274 272 271 274 281 290 295 292 285 281 278 276 276 278 278 276 272 265 259 258 260 263 263 262 267 274 279 282 284 284 284 284 282 280 279 283
275 277 280 281 281 283 285 287 285 280 273 267 262 259 259 259 260 257 253 252 254 255 256 259 264 269 273 276 278 281 284 283 280 278 278 278 277 276 277 276 275 274 272 271 272 275 279 284 291 300 299 286 275 270 268 272 275 275 273 271 271 273 279 287 293 292 287 283 280 277 276 280 280 277 273 268 264 260 258 256 254 258 266 273 278 281 281 280 280 281 282 283 283 287
275 277 279 280 279 279 281 284 285 282 277 271 265 260 257 256 257 256 254 256 257 258 259 261 264 268 271 273 274 278 282 284 281 278 278 280 282 281 279 277 274 271 269 270 274 278 282 286 291 299 302 291 277 271 270 272 275 276 274 273 272 272 275 280 287 291 290 287 284 280 278 281 281 276 274 273 270 265 260 256 254 258 265 272 275 276 274 273 275 278 281 284 285 288
274 275 277 278 277 276 276 279 281 280 277 274 269 263 258 256 257 260 262 264 265 265 265 265 266 268 269 269 270 273 277 281 282 281 279 281 283 283 282 280 276 271 268 269 274 280 284 286 289 294 300 295 281 274 272 273 276 277 277 276 274 272 272 274 280 288 292 291 288 282 280 282 281 277 276 278 277 272 267 263 262 263 265 267 268 267 266 268 273 278 281 284 286 289
273 273 274 274 274 273 273 274 275 275 275 274 271 267 261 257 258 264 270 273 273 271 270 269 268 268 268 267 266 268 271 276 280 282 282 282 283 283 282 283 282 277 272 270 273 277 281 282 283 287 294 296 286 277 274 275 277 278 278 277 275 272 271 272 275 282 289 292 291 285 282 283 283 278 277 282 282 278 274 271 269 267 265 262 259 260 263 269 274 278 281 284 288 291
271 271 270 270 271 271 271 270 271 271 273 274 273 270 263 259 260 266 273 276 274 272 271 270 270 270 269 268 266 265 266 271 276 281 284 285 284 283 282 283 286 285 278 273 271 272 274 275 277 281 288 295 291 281 277 278 279 279 277 275 273 271 271 272 273 276 282 289 291 288 284 284 285 280 279 283 287 282 277 274 273 270 264 258 255 259 267 274 277 279 281 282 285 289
271 269 268 267 268 269 269 269 269 270 273 275 274 270 262 259 262 267 271 274 273 272 273 274 274 273 272 271 268 265 265 268 274 280 285 287 287 286 283 282 285 287 283 276 270 268 269 271 273 276 283 291 293 285 281 281 281 279 275 272 270 269 270 272 272 274 278 284 289 289 287 287 288 283 280 284 289 286 279 276 274 272 266 260 258 263 270 276 280 280 281 280 280 280
271 269 267 266 267 268 268 268 269 271 274 275 273 266 260 260 264 267 269 271 272 273 275 277 277 276 275 273 270 267 266 268 272 278 284 288 290 289 286 282 281 283 283 277 271 268 268 271 273 275 278 285 291 287 282 281 281 277 272 268 266 266 267 269 273 275 278 281 284 287 288 289 290 287 282 283 290 290 283 277 275 275 272 268 266 268 272 276 279 279 278 277 275 273
