project/data/elevation/US_DEM2016/US_DEM2016_point_10-29-2019_1111_30m_ang.asc
ncols	125
nrows	167
xllcorner	-2042055.000000
yllcorner	1465035.000000
cellsize	30.000000
NODATA_value	-9999.000000
[rows 55 to 109 of 167, columns 0 to 95 of 125]
57 56 52 47 43 39 38 39 34 26 23 31 39 41 43 46 48 48 47 46 48 49 50 52 53 56 60 62 62 56 49 45 43 44 43 40 37 38 41 44 46 49 52 56 54 46 42 37 41 45 45 41 34 27 21 18 19 26 34 38 43 47 55 59 60 60 56 52 51 54 61 70 76 78 75 74 72 69 66 65 66 67 65 58 46 39 37 37 38 38 35 31 33 34 36 37
56 54 47 42 39 36 36 37 33 27 26 33 41 45 48 50 52 51 49 47 47 48 50 51 53 56 60 63 61 55 47 43 40 36 34 34 36 39 43 46 49 53 58 60 55 45 42 43 44 47 48 44 37 29 23 21 22 29 36 40 45 50 55 61 63 60 64 50 51 55 62 66 68 69 71 75 77 74 70 67 65 64 60 49 37 32 33 34 35 35 32 30 33 36 37 35
53 50 42 38 35 33 33 31 27 24 26 33 39 42 45 46 46 46 46 46 46 47 48 50 53 55 60 62 60 51 42 37 32 27 24 27 32 37 40 44 49 55 62 60 55 45 46 46 46 49 50 46 39 31 26 25 27 34 41 46 50 53 56 63 65 62 52 52 54 58 59 58 57 59 64 69 71 69 64 61 59 55 48 37 29 26 28 31 33 34 32 30 34 36 36 33
51 47 40 36 34 32 31 28 23 21 23 30 35 37 39 39 39 40 41 41 43 45 47 48 50 52 56 59 55 44 37 32 28 24 20 22 28 34 38 42 47 55 62 58 51 50 49 48 48 51 51 47 40 33 28 29 33 39 44 46 48 50 54 62 64 61 53 55 56 55 53 50 51 56 61 63 61 56 53 52 51 45 37 31 27 25 26 28 31 33 31 30 34 36 36 34
51 47 41 37 34 32 31 28 23 21 22 27 31 32 33 34 34 34 35 36 38 42 44 44 45 47 52 55 49 39 36 34 31 27 21 21 27 33 37 41 46 54 58 59 53 54 53 52 52 54 53 48 41 34 29 31 35 40 44 45 45 48 52 59 59 55 52 54 53 50 46 46 50 53 54 53 48 44 43 43 41 37 34 32 28 26 26 27 30 33 32 31 34 36 36 37
50 47 42 37 35 34 34 31 27 23 23 26 29 30 30 31 32 33 32 34 37 40 41 42 43 46 52 52 45 38 37 37 35 28 20 19 26 32 36 40 45 53 57 57 56 57 56 57 57 56 52 47 40 32 28 29 34 39 43 45 46 48 51 54 52 49 50 52 49 44 41 42 45 46 45 42 38 34 33 33 33 34 34 33 29 26 27 28 30 33 32 32 34 36 34 37
49 47 42 38 38 38 38 35 31 27 28 31 32 33 32 33 35 37 39 41 43 45 45 44 45 51 57 55 46 39 37 35 31 24 16 15 23 31 35 39 45 53 59 59 58 56 53 53 53 50 46 40 33 27 25 27 31 37 41 44 46 47 46 46 46 46 48 48 42 38 37 38 40 38 35 32 29 27 28 29 32 35 35 32 29 27 28 29 31 33 33 32 34 33 31 35
51 50 45 41 39 39 40 38 35 34 36 41 44 46 46 44 46 49 54 58 61 61 57 53 53 59 64 60 50 41 38 36 31 24 15 12 21 31 36 40 46 54 60 61 57 48 44 43 41 37 31 27 24 21 22 26 31 36 40 43 42 41 40 40 43 48 49 45 44 34 34 34 34 36 44 28 27 27 29 32 34 36 35 33 30 28 30 31 32 33 34 33 32 29 28 33
53 51 46 42 39 38 38 39 39 41 45 51 57 62 64 62 58 56 60 65 72 76 73 65 61 65 67 62 53 47 42 39 34 28 20 15 22 33 40 43 48 55 62 59 51 40 38 36 33 29 25 22 20 19 21 26 31 36 41 42 39 37 38 40 46 53 53 46 39 35 34 33 32 31 31 32 33 34 36 38 38 38 37 35 32 31 32 33 33 34 34 33 31 27 26 32
53 51 44 39 36 34 35 38 40 43 48 53 58 63 68 69 63 56 58 63 69 75 77 74 69 70 69 64 57 51 46 43 39 32 25 22 28 38 44 46 50 57 62 57 46 37 36 34 32 29 25 23 20 18 20 26 31 37 41 41 37 38 40 43 50 57 57 51 43 39 38 37 37 38 40 41 42 43 44 45 45 43 42 40 37 35 36 36 36 35 35 34 32 27 26 31
52 49 41 35 32 30 32 35 38 41 45 50 54 57 60 63 61 56 56 58 60 65 70 72 71 69 70 64 56 50 46 45 41 35 28 25 29 37 42 44 49 58 61 56 46 40 38 36 34 32 28 24 19 17 20 27 33 39 42 40 37 40 42 46 54 61 61 55 47 44 44 45 46 48 49 49 48 48 52 54 52 50 49 47 45 44 43 41 38 37 37 37 34 29 28 31
51 48 40 33 29 28 29 31 33 35 40 45 49 50 52 55 57 55 54 53 54 56 61 64 68 71 68 60 50 44 40 39 37 31 25 22 26 32 36 41 48 57 60 56 48 43 41 40 38 35 31 25 19 17 20 28 35 39 41 39 38 42 45 50 58 64 63 56 50 49 50 50 50 52 55 55 53 53 55 59 60 59 59 58 56 55 51 44 39 37 38 38 35 31 29 32
50 46 39 32 29 26 26 27 28 30 34 39 43 45 45 47 51 53 51 50 50 53 56 60 65 67 61 52 43 39 36 34 30 24 17 16 22 29 35 40 48 57 60 56 51 47 46 45 41 38 34 29 21 17 20 28 35 38 39 40 41 44 48 52 59 64 62 56 54 55 54 54 53 53 56 58 58 57 59 64 67 66 64 62 61 60 56 45 37 36 37 36 34 30 29 30
48 45 38 32 28 26 25 26 27 29 31 34 37 40 41 42 46 50 49 48 50 52 56 60 62 58 52 45 40 37 35 32 28 21 14 12 20 29 36 42 50 57 59 58 54 51 50 47 44 41 38 33 26 19 20 28 36 39 40 43 45 45 48 52 58 62 62 60 60 62 61 60 60 58 57 58 61 62 63 66 69 66 60 58 59 59 54 42 34 33 32 32 31 29 28 28
47 44 37 33 28 25 26 29 32 34 34 32 34 36 38 40 43 47 48 45 48 52 57 53 59 51 45 43 41 39 36 33 29 24 16 13 19 29 37 43 50 55 58 58 55 50 47 45 45 45 44 39 30 21 21 30 39 43 46 49 50 50 51 54 59 63 65 65 66 69 70 69 68 65 62 61 63 63 63 63 63 59 54 53 54 53 47 38 30 25 23 24 27 28 28 27
46 43 37 32 28 26 28 34 40 43 43 39 35 35 36 39 42 46 48 44 46 53 61 63 55 45 43 43 44 43 42 39 35 28 21 15 18 27 36 43 48 53 57 58 54 48 46 46 48 49 47 40 29 20 22 33 43 48 53 57 57 58 61 62 63 65 67 67 66 67 68 68 66 64 63 62 61 59 58 57 57 53 49 49 49 45 39 31 23 15 14 19 25 27 27 27
45 42 36 31 27 26 29 35 41 45 48 48 44 40 38 39 43 39 49 46 45 54 45 54 48 40 41 43 45 46 46 44 39 31 24 18 18 26 35 42 46 51 57 59 55 50 48 49 48 44 39 32 24 19 23 33 42 48 53 56 57 58 61 65 65 63 63 62 60 57 57 56 56 57 59 59 56 54 53 52 51 48 45 44 42 36 28 23 19 14 12 17 25 27 28 30
44 41 35 30 27 26 29 33 38 41 45 47 47 45 43 42 44 48 51 50 49 55 46 52 40 37 40 42 43 42 40 38 35 30 24 18 17 25 35 41 46 52 59 62 59 53 47 42 39 34 30 26 22 18 21 29 36 41 46 49 49 49 52 55 54 53 55 55 54 51 51 50 51 53 54 54 50 48 49 49 46 41 39 39 34 27 24 23 22 18 15 18 25 28 30 32
43 40 34 28 26 26 28 31 34 37 41 43 44 44 44 45 46 44 51 49 46 49 49 43 37 36 39 41 40 38 35 32 29 25 21 16 16 24 35 41 47 52 60 62 59 50 43 37 33 30 28 27 24 19 19 26 32 37 41 42 43 44 44 45 45 46 50 54 54 53 53 53 53 54 53 49 45 44 46 44 36 30 31 32 30 26 27 28 27 25 21 21 26 29 31 33
43 39 32 26 25 26 28 31 33 35 37 39 40 40 43 47 48 42 47 38 38 35 51 40 38 38 40 41 39 37 35 32 29 26 22 17 17 24 33 40 44 50 57 60 56 49 42 39 38 36 35 32 28 22 19 25 30 35 38 40 41 42 41 41 44 46 51 57 57 57 57 57 56 54 51 46 42 43 44 37 27 25 29 32 33 33 32 33 33 30 26 25 27 30 31 33
41 37 30 24 24 26 30 33 34 33 34 35 37 39 43 46 48 41 42 37 36 39 42 42 41 42 43 42 41 39 37 35 32 30 27 21 18 23 31 39 44 49 56 60 57 52 48 46 46 45 42 37 31 24 21 26 31 35 39 41 42 41 41 43 48 52 57 61 60 59 59 57 55 52 48 43 42 44 40 30 26 32 39 42 42 39 34 33 34 33 31 29 30 31 31 33
38 34 27 21 21 24 28 31 31 31 33 35 38 41 44 46 30 39 39 38 40 43 46 46 45 44 44 44 44 42 40 37 35 33 29 22 17 21 31 40 46 50 57 61 59 53 49 46 45 43 39 35 30 25 23 26 32 36 40 44 44 42 43 47 52 55 59 60 59 58 56 53 50 47 45 42 40 38 33 28 32 45 55 57 52 43 37 32 29 28 30 30 31 31 31 33
34 31 25 20 18 20 26 30 32 34 37 41 43 45 47 46 47 34 34 38 41 44 47 48 48 46 43 43 45 44 41 37 35 31 26 20 17 20 31 41 46 50 56 60 59 54 49 46 44 42 39 36 31 25 22 25 31 36 39 43 43 41 43 48 51 53 55 55 55 55 54 51 45 39 36 34 31 34 47 30 34 42 50 55 53 46 40 34 28 25 27 30 30 30 30 32
27 27 25 20 17 21 28 34 38 40 43 46 48 51 51 46 37 33 35 39 42 44 48 50 50 48 44 42 45 45 42 38 35 31 26 21 19 21 30 40 45 49 55 60 61 58 55 53 51 49 46 42 34 24 18 21 29 34 37 40 42 41 42 46 48 50 51 50 49 50 50 46 37 54 63 30 36 29 33 34 35 38 41 43 44 43 41 36 30 28 28 30 29 29 30 32
22 24 25 23 21 25 32 38 40 42 43 46 50 52 48 40 34 33 35 39 43 45 49 52 53 51 48 45 47 48 44 40 37 33 28 24 22 24 32 41 48 52 56 62 64 64 62 60 57 53 47 40 31 20 12 17 27 34 39 43 46 45 43 45 47 48 46 44 43 46 47 42 61 28 33 35 55 36 38 38 38 38 38 37 36 35 34 32 31 30 30 29 27 27 29 31
18 21 24 24 24 28 34 38 39 41 43 47 48 46 41 36 34 35 37 40 44 46 49 54 56 55 52 49 52 53 50 46 42 38 32 27 24 27 35 43 49 52 55 60 63 64 62 59 54 47 38 31 25 18 11 15 26 36 43 47 48 46 44 45 48 46 42 39 40 46 48 43 34 35 41 42 41 41 42 41 41 40 40 38 35 32 28 26 25 28 29 27 25 25 28 30
18 20 21 22 25 29 33 37 38 40 44 47 45 41 37 37 37 37 39 42 45 47 49 53 57 57 55 53 57 60 59 55 49 43 36 29 25 28 34 40 45 48 49 54 58 60 59 54 47 39 33 28 24 18 12 14 22 33 39 41 42 42 43 47 49 44 38 38 43 50 53 49 42 41 45 46 45 42 45 44 44 44 43 41 37 34 28 23 21 24 27 25 23 23 26 28
22 20 17 19 25 29 33 36 39 41 45 45 42 38 37 40 41 39 39 43 47 48 49 53 58 58 56 55 58 62 65 62 55 46 38 29 24 27 32 37 41 42 44 48 55 57 56 50 45 37 33 30 26 18 11 11 17 27 33 36 37 40 44 48 48 41 35 40 47 54 56 51 52 42 46 48 46 43 49 43 44 46 47 45 41 36 30 24 20 23 25 23 21 22 25 27
23 19 15 18 25 30 33 37 40 42 45 43 40 38 39 42 42 40 39 43 47 48 50 55 59 60 58 57 54 54 56 55 50 42 34 27 24 27 32 35 38 39 41 46 53 57 55 51 46 38 33 28 23 17 10 8 14 23 30 34 36 40 45 48 45 38 34 40 48 54 56 52 47 46 49 51 49 47 45 44 44 44 47 48 45 39 33 26 21 21 23 22 20 23 28 32
22 19 15 18 26 31 34 38 41 43 44 42 40 39 40 42 43 42 41 45 49 51 54 59 61 62 61 56 49 45 44 43 39 32 25 21 22 26 31 33 35 38 41 46 54 58 57 53 44 37 31 26 22 17 10 6 11 20 27 32 35 40 46 49 46 38 35 40 47 53 55 61 51 52 56 59 57 54 50 48 46 44 44 49 48 42 35 29 23 21 23 23 23 27 34 41
22 18 15 18 26 31 35 39 42 44 44 42 41 40 41 43 44 45 46 49 51 53 56 59 61 62 60 53 44 40 38 37 34 29 20 13 14 23 28 31 35 39 43 47 53 58 57 49 39 34 30 27 23 19 11 5 8 17 24 30 34 40 47 51 49 41 34 40 47 52 55 68 55 55 57 62 66 64 60 56 52 48 45 49 50 45 38 32 27 25 25 26 27 32 38 44
21 18 14 17 25 31 35 40 45 45 44 42 41 40 41 44 47 49 52 53 53 53 54 57 59 59 56 49 41 38 36 36 34 30 21 8 6 18 27 32 37 41 44 47 54 58 57 46 37 35 32 29 25 20 13 6 6 15 23 30 35 42 50 53 51 43 34 39 48 53 58 58 55 50 49 53 62 66 67 66 61 55 52 55 54 48 41 36 32 30 28 29 29 32 37 40
21 17 14 17 26 32 37 44 48 46 42 40 40 41 42 45 49 52 54 54 54 54 55 57 58 57 54 48 43 40 38 38 36 33 23 10 4 14 27 34 40 44 46 50 58 62 59 50 43 40 37 33 28 23 16 8 7 14 23 31 37 44 51 54 52 45 35 37 47 54 59 59 53 45 41 42 48 54 57 59 59 58 59 59 56 50 45 41 37 33 31 30 30 32 36 38
20 17 15 18 27 35 41 47 47 42 38 39 41 41 42 45 48 50 51 51 53 54 56 58 57 56 54 52 48 44 42 41 39 35 27 15 9 13 26 36 43 46 49 53 61 66 63 56 51 49 46 41 36 30 22 13 9 14 24 31 37 43 50 54 53 47 35 33 44 54 59 58 52 44 39 42 40 42 42 44 47 49 50 49 48 47 46 42 37 33 31 30 30 33 36 38
19 17 17 21 29 37 43 46 43 38 37 39 42 43 43 44 46 47 47 48 50 53 54 55 56 57 58 55 50 45 42 40 40 37 31 21 14 15 25 36 44 47 49 53 62 67 65 61 58 57 54 50 45 38 27 16 10 14 22 29 36 41 49 55 56 50 36 30 42 53 59 60 54 45 41 40 40 39 37 37 38 39 39 38 36 37 38 36 33 30 30 29 29 32 35 36
18 18 18 22 29 37 42 43 40 38 39 42 45 47 47 48 49 49 48 48 49 50 50 52 56 60 62 59 53 47 44 41 40 39 34 26 17 17 25 35 42 45 47 52 61 67 65 61 57 54 51 47 41 34 24 14 9 12 21 28 35 40 48 57 58 52 39 32 41 53 60 61 56 50 47 46 45 42 39 37 37 36 34 32 31 30 30 29 27 27 28 27 26 29 32 33
19 19 19 22 30 37 41 41 39 40 42 45 49 52 55 57 58 57 55 53 52 51 50 52 58 62 64 61 58 55 52 48 44 41 36 29 21 19 25 35 42 44 46 51 60 64 62 55 50 45 42 36 30 24 19 13 9 12 19 27 35 40 49 58 59 55 44 37 41 52 61 63 60 55 54 55 54 50 45 42 41 39 35 33 32 30 29 28 26 26 27 25 23 27 32 35
21 20 20 23 30 36 39 40 41 43 45 47 50 53 57 61 63 63 62 61 59 56 54 55 59 61 63 63 61 59 56 51 46 39 33 29 24 22 27 36 42 44 45 50 57 59 56 50 44 40 36 31 25 22 20 16 12 12 19 29 36 43 50 60 63 58 48 39 39 50 62 64 61 56 56 58 59 56 52 50 50 46 42 39 37 35 33 32 30 28 27 25 23 28 35 40
22 21 21 24 30 35 39 42 44 46 47 48 50 52 54 57 59 61 61 60 60 58 57 57 58 60 60 58 54 49 45 41 36 29 26 26 25 25 29 37 41 42 44 49 54 56 53 47 42 39 35 31 28 26 23 18 14 14 20 31 39 45 52 62 65 59 48 38 34 46 60 63 60 56 56 62 65 63 60 59 58 54 50 46 45 43 41 38 35 31 28 26 26 31 38 43
24 23 23 26 31 38 43 47 48 49 48 48 49 51 52 53 55 55 55 53 52 50 50 53 56 60 59 53 47 42 39 36 31 26 22 22 23 25 30 36 39 41 43 47 52 55 53 48 42 39 35 33 31 27 22 17 14 15 21 31 39 45 52 62 64 58 46 37 32 42 57 62 59 55 56 65 72 71 69 68 67 62 56 51 49 47 45 41 37 33 30 29 29 32 37 41
26 24 24 28 35 42 48 51 52 51 49 47 47 48 49 51 52 51 47 43 42 41 43 48 55 61 60 53 47 46 44 41 37 31 23 18 20 23 29 35 37 39 42 47 52 57 56 50 42 39 36 34 32 28 24 19 16 17 21 29 37 43 52 61 62 56 45 38 32 38 52 58 57 54 57 63 70 72 72 73 72 68 62 56 52 48 43 40 37 35 33 31 31 32 36 41
27 25 25 29 36 42 45 48 50 50 47 45 45 46 49 50 48 44 39 36 37 38 43 48 55 61 60 54 52 53 51 48 42 32 20 14 16 22 29 34 36 38 42 48 54 60 59 53 45 41 39 37 34 31 28 24 20 19 22 29 36 44 52 59 59 53 44 38 31 34 47 53 54 54 56 59 61 64 67 69 68 65 62 58 52 44 39 38 37 36 34 33 32 33 37 43
27 26 25 29 34 39 41 43 45 46 44 42 43 46 47 45 42 38 35 36 39 43 48 51 57 60 56 49 48 48 47 42 37 27 16 10 13 21 29 33 36 39 44 51 57 63 64 57 51 49 47 45 40 37 33 28 24 22 24 30 37 45 53 58 57 51 45 39 31 31 42 49 52 53 55 55 54 55 58 59 56 53 54 52 44 34 33 35 36 35 34 32 32 32 36 42
28 27 26 29 32 36 38 40 41 42 41 41 43 44 42 40 38 36 37 40 44 48 52 55 60 59 52 44 42 41 39 37 32 25 15 8 10 20 28 33 37 42 48 55 59 65 66 60 54 53 53 52 49 43 36 29 25 24 25 31 37 46 54 58 58 53 49 44 35 31 37 44 50 52 52 51 49 49 50 48 44 42 43 41 34 28 30 33 34 33 33 32 31 31 35 42
30 29 27 27 29 32 34 36 37 38 39 40 41 40 38 37 38 39 41 43 45 49 53 56 60 58 51 43 41 39 38 37 34 27 18 10 9 18 28 34 39 45 51 56 60 65 63 55 49 49 49 49 47 41 32 26 23 23 26 31 38 47 54 59 60 57 54 49 40 32 33 39 46 50 50 48 46 44 42 39 36 35 35 35 30 28 29 31 32 32 31 32 32 33 37 44
32 30 28 25 25 28 30 32 33 35 37 39 38 36 36 37 40 42 44 46 47 50 53 56 60 58 51 46 44 43 43 41 38 31 22 13 10 18 30 36 41 45 49 54 59 62 59 50 44 43 41 40 37 32 25 20 20 22 25 31 38 47 54 58 60 58 55 49 41 31 27 34 43 48 49 47 44 41 38 36 34 33 34 35 34 31 30 30 30 31 31 32 34 36 41 48
34 33 29 25 23 25 28 31 33 35 38 39 38 36 37 39 43 46 48 49 49 52 55 58 61 59 53 50 50 50 49 47 42 35 26 17 13 19 29 34 38 43 47 52 58 61 57 49 43 41 39 38 35 30 23 19 19 20 24 30 37 46 52 55 57 55 51 45 39 30 24 30 40 47 50 49 46 42 39 38 36 36 38 40 39 35 31 29 29 30 31 33 36 39 44 50
37 35 31 27 24 25 29 34 37 40 42 42 41 39 40 42 45 47 48 49 51 53 56 60 63 61 57 56 57 57 57 53 48 40 31 22 16 18 25 30 35 41 45 50 57 60 57 50 45 44 44 42 39 34 27 20 18 19 22 28 36 44 49 51 52 51 48 44 40 33 26 27 37 45 51 53 52 47 43 41 39 39 40 41 39 34 29 27 28 29 32 34 36 39 44 51
38 36 30 27 26 27 32 37 41 43 44 44 44 45 46 46 46 45 46 47 49 51 54 60 62 58 55 57 59 60 60 58 53 45 36 25 16 15 22 29 35 41 46 51 58 60 56 51 49 50 50 48 45 40 33 24 19 19 21 27 35 43 46 48 50 51 49 46 43 37 29 27 35 44 51 56 55 51 47 45 43 40 39 38 35 31 27 26 27 29 32 34 36 39 44 51
36 33 29 27 27 29 33 38 42 44 46 48 50 53 55 55 51 47 46 46 47 49 52 57 57 52 50 52 54 53 51 50 46 41 32 21 13 12 20 30 36 42 48 54 59 59 56 52 51 52 52 52 52 49 42 30 22 19 20 26 34 41 45 48 50 51 50 47 44 39 32 28 33 41 49 54 54 52 50 50 48 45 44 41 37 33 30 28 28 30 32 34 37 41 46 51
33 31 29 29 29 31 34 39 43 47 52 56 58 58 60 62 60 56 52 50 49 50 52 54 60 47 46 47 45 42 40 38 35 32 26 18 11 10 18 29 36 44 50 55 58 59 56 52 50 50 50 52 56 57 49 35 22 18 19 24 32 39 45 49 51 51 49 47 44 40 33 28 30 37 46 53 55 53 51 51 52 55 55 50 44 39 35 32 31 31 32 33 37 41 45 49
31 31 31 31 31 34 38 42 47 51 54 57 57 56 56 57 57 56 56 56 55 55 57 56 52 47 46 44 40 37 35 34 31 28 25 20 13 11 17 27 36 44 51 54 57 57 55 51 48 47 48 52 56 55 47 33 20 15 17 23 30 38 45 50 51 50 49 47 45 40 34 28 28 33 42 52 56 55 52 50 53 57 59 56 49 44 39 35 33 31 31 32 35 38 42 45
32 32 32 32 33 36 41 45 48 49 50 50 50 50 50 48 44 45 50 54 57 58 60 56 50 48 49 45 40 38 37 35 32 30 28 23 16 13 16 25 35 43 49 52 55 56 53 50 48 47 48 51 53 50 41 30 20 15 15 21 29 36 44 49 51 50 49 48 46 41 35 29 27 31 39 50 56 56 52 49 50 51 51 48 45 41 37 35 33 31 31 33 35 38 41 44
34 33 31 32 33 36 39 41 43 43 43 43 44 45 43 39 36 37 42 45 49 52 54 50 46 48 51 49 45 45 42 40 37 35 32 27 20 16 17 24 34 42 47 51 55 57 53 49 47 46 48 51 50 46 38 32 24 15 13 18 26 34 43 49 51 50 51 51 48 44 38 31 27 30 37 46 54 55 53 50 48 46 45 42 39 36 34 33 32 31 32 34 37 40 43 46
36 33 30 31 32 34 36 37 38 37 36 36 37 38 37 33 32 35 38 41 44 46 46 45 45 49 52 49 47 48 48 46 44 42 37 30 23 19 18 25 35 44 49 54 59 59 53 46 45 45 48 50 48 43 38 32 26 16 11 14 23 33 41 49 51 51 52 54 51 46 41 34 29 30 36 44 52 55 54 51 49 47 45 42 39 36 33 32 32 32 33 35 37 41 44 47
