project/data/elevation/US_DEM2016/US_DEM2016_point_10-28-2019_0644_30m_vel.asc
ncols	125
nrows	167
xllcorner	-2042055.000000
yllcorner	1465035.000000
cellsize	30.000000
NODATA_value	-9999.000000
[rows 70 to 104 of 167, columns 0 to 78 of 125]
10.29 10.34 10.38 10.53 10.53 10.41 10.18 9.73 8.85 7.75 7.06 7.40 9.01 11.24 13.20 14.46 14.97 14.47 12.87 11.08 10.58 10.89 11.37 12.09 12.43 12.09 11.34 10.40 9.40 8.68 8.41 8.67 9.41 9.93 10.07 9.98 9.93 10.06 10.46 10.77 10.86 11.10 11.65 12.14 11.83 10.61 9.38 8.20 7.52 7.31 7.53 8.17 8.81 9.02 8.90 7.98 7.13 6.78 6.66 6.59 6.45 6.17 6.11 6.52 7.32 8.66 10.21 10.46 9.15 7.57 6.82 6.45 6.18 6.33 6.87 7.33 7.68 8.03 8.26
10.36 10.37 10.43 10.59 10.71 10.70 10.61 10.57 10.22 9.23 7.80 6.80 6.98 8.37 10.50 12.44 13.87 14.71 14.28 12.98 12.21 12.17 12.30 12.56 12.76 12.72 12.23 11.20 9.95 8.93 8.16 7.92 8.19 8.76 9.31 9.69 9.86 9.90 10.07 10.40 10.54 10.80 11.32 11.92 11.84 10.59 9.29 8.62 8.74 9.30 9.83 10.06 10.03 9.68 9.31 8.53 8.34 8.29 8.09 7.77 7.45 7.04 6.76 7.00 8.08 9.66 11.46 12.26 11.75 10.59 9.60 8.89 8.14 7.75 7.80 8.02 8.39 8.86 9.23
10.42 10.36 10.45 10.68 10.92 10.99 11.04 11.36 11.79 11.78 10.88 9.40 8.28 8.17 9.15 10.92 12.59 14.20 14.82 14.45 13.91 13.64 13.44 13.23 13.07 13.20 13.23 12.77 11.73 10.94 10.31 9.76 9.22 9.02 9.18 9.49 9.67 9.71 9.73 9.73 9.86 10.20 10.85 11.59 11.85 11.31 10.86 11.12 11.56 11.86 11.89 11.52 10.88 10.22 9.93 10.06 10.38 10.71 10.79 10.63 10.40 10.27 10.25 10.54 11.09 11.84 12.80 13.57 13.38 12.34 11.16 10.14 9.18 8.70 8.70 8.95 9.28 9.79 10.45
10.40 10.31 10.42 10.74 11.10 11.24 11.37 11.79 12.59 13.36 13.50 12.96 11.92 10.78 10.35 10.90 12.08 13.75 15.05 15.42 15.28 14.72 13.94 13.40 13.07 13.23 13.70 13.93 13.52 12.77 12.07 11.55 10.98 10.52 10.15 9.96 9.88 9.68 9.44 9.34 9.60 10.26 11.04 11.91 12.29 12.17 12.17 12.42 12.42 12.06 11.77 11.52 11.14 10.58 10.38 10.56 10.84 11.35 11.95 12.39 12.61 12.75 12.72 12.61 12.37 12.15 12.32 13.22 13.39 12.44 11.12 10.11 9.46 9.11 9.20 9.68 10.34 11.17 12.29
10.43 10.40 10.54 10.88 11.23 11.38 11.38 11.70 12.68 13.89 14.75 15.05 14.79 14.02 13.00 12.37 12.66 13.71 14.79 15.46 15.57 14.96 13.99 13.26 12.80 12.71 13.23 13.96 14.09 13.51 12.63 11.91 11.28 10.84 10.39 10.01 9.82 9.53 9.37 9.59 10.10 10.63 11.26 12.07 12.38 11.86 11.18 10.81 10.24 9.69 9.49 9.85 10.32 10.33 10.05 9.96 10.14 10.56 11.22 11.91 12.42 12.69 12.46 11.94 11.25 10.56 10.48 11.86 12.94 12.50 11.17 10.30 9.89 9.62 9.78 10.41 11.38 12.51 13.75
10.52 10.58 10.83 11.17 11.47 11.64 11.70 12.07 13.08 13.89 14.35 14.62 14.82 14.76 14.31 13.88 13.82 13.99 14.14 14.37 14.56 14.27 13.68 13.22 12.74 12.12 11.96 12.77 13.57 13.57 12.85 11.85 10.61 9.80 9.45 9.38 9.42 9.37 9.33 9.41 9.56 9.93 10.61 11.53 11.99 11.30 9.85 8.71 8.35 8.11 7.94 8.24 8.91 9.32 9.40 9.51 9.72 9.88 10.17 10.62 11.05 11.26 11.00 10.32 9.67 9.20 9.25 10.70 12.56 12.97 11.92 10.96 10.58 10.51 10.89 11.73 12.88 14.03 14.65
10.62 10.84 11.27 11.57 11.88 12.30 12.79 13.12 13.06 12.64 12.23 12.22 12.72 13.42 13.76 13.93 13.90 13.61 13.18 13.04 13.17 13.23 13.22 13.23 13.04 12.27 11.33 11.54 12.63 13.36 13.25 12.50 11.18 10.10 9.71 9.64 9.58 9.31 8.96 8.73 8.73 9.14 10.03 11.04 11.76 11.46 10.37 9.28 8.71 8.59 8.48 8.32 8.26 8.48 8.92 9.34 9.64 9.69 9.82 10.03 10.08 9.90 9.65 9.54 9.47 9.37 9.64 10.63 12.31 13.31 13.05 12.52 12.60 13.07 13.71 14.60 15.51 15.95 15.60
10.55 10.89 11.47 11.70 11.97 12.52 12.77 12.49 11.62 10.50 9.94 10.29 11.13 12.09 12.74 13.09 13.06 12.69 12.24 11.99 12.06 12.34 12.68 13.04 13.15 12.62 11.44 10.98 11.64 12.85 13.59 13.57 12.79 12.00 11.39 10.86 10.25 9.55 9.04 8.92 9.08 9.37 9.86 10.63 11.43 11.28 10.35 9.36 8.60 8.24 8.08 7.95 7.80 8.05 8.67 9.30 9.76 9.99 10.13 10.14 9.87 9.47 9.45 9.92 10.47 10.84 11.10 11.73 12.97 14.35 14.84 15.00 15.51 16.30 16.94 17.28 17.19 16.71 15.97
10.21 10.40 10.97 11.18 11.21 11.32 11.21 10.75 10.43 9.91 9.93 10.40 11.20 12.05 12.53 12.71 12.57 12.23 11.86 11.58 11.51 11.70 12.09 12.54 12.78 12.48 11.38 10.51 10.64 11.69 12.96 13.72 13.68 13.10 12.39 11.62 10.76 9.91 9.45 9.27 9.12 8.96 9.12 9.95 10.83 10.58 9.10 7.70 7.03 6.72 6.71 6.97 7.46 8.10 8.81 9.41 9.93 10.15 10.09 9.85 9.66 9.57 9.75 10.53 11.56 12.16 12.75 13.64 14.92 15.84 16.40 16.54 16.87 17.47 17.61 17.32 16.45 15.24 14.83
9.86 9.76 10.19 10.50 10.33 10.12 10.18 10.47 10.82 11.12 11.39 11.78 12.41 12.89 12.97 12.75 12.40 12.03 11.71 11.43 11.26 11.30 11.53 11.97 12.37 12.18 10.99 9.64 9.16 9.76 10.78 12.13 12.83 12.73 12.17 11.52 10.83 10.03 9.42 8.91 8.48 8.17 8.40 9.58 10.71 10.48 8.73 7.14 6.71 6.87 7.32 7.99 8.72 9.19 9.44 9.50 9.46 9.25 8.76 8.42 8.68 9.15 9.68 10.71 11.93 13.04 14.24 15.27 15.82 16.19 16.18 15.93 15.87 15.78 15.60 15.19 14.25 13.18 12.84
9.64 9.49 9.88 10.49 10.57 10.43 10.62 11.19 11.85 12.20 12.53 12.95 13.39 13.37 13.04 12.47 11.84 11.40 11.13 10.92 10.83 10.89 11.06 11.46 12.06 12.10 10.84 8.68 7.22 7.31 7.86 9.01 10.45 11.34 11.43 11.11 10.81 10.36 9.91 9.49 9.24 9.16 9.52 10.66 11.71 11.65 10.16 8.60 8.11 8.49 9.12 9.65 9.93 9.96 9.64 9.34 9.00 8.72 8.46 8.38 8.76 9.32 9.97 11.05 12.26 13.49 14.48 14.91 14.92 14.73 14.37 13.97 13.40 12.67 12.49 12.80 12.85 12.41 11.76
9.62 9.55 9.96 10.78 11.20 11.25 11.34 11.70 12.22 12.65 13.06 13.32 13.29 12.87 12.30 11.69 11.04 10.36 9.99 9.86 9.90 10.14 10.57 11.05 11.80 12.23 11.30 8.36 6.04 5.41 5.36 5.78 7.11 9.00 10.16 10.63 10.69 10.98 11.07 11.15 11.32 11.53 11.96 12.59 13.33 13.42 12.38 10.91 10.15 9.92 9.81 9.65 9.53 9.44 9.42 9.45 9.72 10.19 10.67 10.87 10.99 11.15 11.44 12.06 12.68 13.18 13.23 12.90 12.83 12.95 12.86 12.58 12.00 11.06 10.94 11.51 12.16 12.40 11.98
10.02 9.97 10.14 10.51 10.89 11.22 11.51 11.88 12.32 12.70 12.97 12.88 12.41 11.75 11.19 10.83 10.48 9.89 9.28 9.04 9.11 9.31 9.67 10.38 11.35 12.33 12.14 9.85 6.62 5.27 4.75 4.61 5.14 6.51 8.43 9.75 10.30 10.94 11.39 11.89 12.42 12.86 13.16 13.45 14.03 14.39 13.87 12.58 11.39 10.42 9.72 9.40 9.49 9.72 9.80 9.92 10.41 11.05 11.76 12.29 12.55 12.66 12.75 12.69 12.57 12.28 11.84 11.66 11.83 12.17 12.31 12.12 11.46 10.53 10.27 10.71 11.47 12.08 12.21
10.41 10.46 10.44 10.31 10.43 10.87 11.37 11.88 12.25 12.41 12.33 11.95 11.40 10.90 10.53 10.30 10.19 9.89 9.31 8.81 8.61 8.64 8.83 9.45 10.62 12.00 12.67 11.71 9.25 7.61 6.88 6.49 6.07 6.31 7.49 8.96 9.66 10.32 10.94 11.59 12.13 12.45 12.61 12.76 13.37 14.15 14.15 13.22 11.98 11.02 10.66 10.63 10.62 10.53 10.27 10.22 10.54 10.70 11.23 12.03 12.67 12.95 12.95 12.51 11.82 11.28 11.23 11.56 11.91 12.11 12.22 11.95 10.93 9.59 8.75 9.06 9.96 10.76 11.32
10.38 10.51 10.65 10.64 10.71 10.97 11.37 11.80 11.98 11.84 11.47 10.98 10.58 10.31 10.10 9.89 9.81 9.77 9.39 8.74 8.31 8.25 8.37 8.92 10.08 11.57 12.78 13.01 12.48 11.75 10.98 9.94 8.86 8.12 8.09 8.85 9.79 10.59 11.17 11.41 11.41 11.38 11.53 11.97 12.65 13.61 14.05 13.72 13.17 12.75 12.25 11.77 11.25 10.79 10.39 10.36 10.48 10.73 11.32 11.91 12.43 12.65 12.52 11.95 11.13 10.66 10.78 11.29 11.61 11.84 12.10 11.99 10.65 8.41 6.72 6.46 7.26 8.30 9.24
10.23 10.37 10.70 11.01 11.24 11.41 11.53 11.57 11.48 11.16 10.72 10.28 9.99 9.84 9.72 9.54 9.41 9.33 8.99 8.39 8.13 8.29 8.67 9.36 10.43 11.59 12.69 13.44 13.86 13.96 13.72 12.86 11.49 10.20 9.62 9.83 10.68 11.47 11.43 11.03 10.65 10.67 11.12 11.72 12.30 13.17 13.89 14.10 14.17 14.12 13.55 12.60 11.76 11.15 10.59 10.50 10.74 11.04 11.33 11.47 11.59 11.65 11.59 11.34 10.75 10.23 10.04 10.32 10.57 11.04 11.90 12.49 11.65 9.12 6.66 5.60 5.28 5.55 6.23
10.28 10.48 10.88 11.25 11.48 11.50 11.29 10.97 10.74 10.50 10.21 9.93 9.68 9.51 9.38 9.25 9.12 8.96 8.76 8.22 8.12 8.51 9.18 9.95 10.83 11.66 12.42 13.03 13.37 13.58 13.79 13.86 13.20 11.86 10.83 10.60 10.90 11.03 10.62 10.23 10.07 10.21 10.49 10.89 11.36 12.14 12.93 13.35 13.64 13.88 13.83 13.35 12.73 11.98 11.09 10.67 11.04 10.46 10.53 10.36 10.30 10.37 10.57 10.72 10.55 9.97 9.41 9.32 9.58 10.24 11.42 12.84 13.19 12.11 9.78 7.71 6.20 5.29 4.82
10.39 10.61 10.88 10.99 10.92 10.71 10.47 10.32 10.23 10.14 9.95 9.78 9.56 9.31 9.00 8.89 9.06 9.22 9.23 9.00 8.75 8.74 9.11 9.80 10.57 11.24 11.83 12.29 12.29 11.93 12.17 13.08 13.69 13.28 12.18 11.12 11.09 9.69 9.51 9.73 9.72 9.58 9.45 9.62 10.22 10.86 11.40 11.54 11.59 11.80 12.00 12.20 12.26 12.07 11.49 10.80 10.30 9.86 9.69 9.73 9.81 10.03 10.33 10.54 10.54 9.99 9.33 9.12 9.25 9.88 10.93 12.40 13.64 14.21 13.84 12.28 10.56 8.94 7.62
10.37 10.53 10.57 10.39 10.11 9.96 10.07 10.36 10.45 10.21 9.84 9.59 9.39 9.11 8.84 9.98 9.50 10.25 10.48 10.36 9.93 9.43 9.27 9.55 9.99 10.42 10.93 11.47 11.62 11.13 10.90 11.59 12.84 13.50 13.15 11.85 10.31 9.40 9.23 9.60 9.60 9.42 9.35 9.57 9.94 10.23 10.30 9.75 8.98 8.51 8.66 8.94 9.41 9.99 10.15 10.10 9.97 9.86 9.88 10.07 10.27 10.41 10.47 10.48 10.47 10.07 9.46 9.25 9.30 9.82 10.62 11.55 12.84 14.19 15.14 15.30 14.77 13.80 12.67
10.30 10.42 10.43 10.28 10.15 10.28 10.57 10.73 10.59 10.16 9.57 9.05 8.78 8.65 8.65 8.90 9.52 10.20 10.67 10.87 10.74 10.32 9.85 9.55 9.45 9.46 9.74 10.32 10.86 11.00 10.73 10.61 11.17 12.32 12.83 12.27 10.92 10.05 9.65 9.82 9.97 10.12 10.21 10.29 10.39 10.45 10.20 9.11 7.53 6.70 6.50 6.56 6.87 7.60 8.49 9.24 9.72 10.00 10.19 10.41 10.53 10.41 10.24 10.14 10.12 9.85 9.32 9.17 9.23 9.62 10.18 10.77 11.49 12.38 13.45 14.61 15.30 15.45 15.32
10.26 10.34 10.45 10.54 10.65 10.84 10.90 10.64 10.14 9.53 8.87 8.14 7.73 7.68 9.08 7.53 7.70 8.23 9.12 9.83 10.32 10.40 10.03 9.44 8.98 8.80 8.88 9.17 9.48 9.70 9.77 9.52 9.57 10.58 11.80 12.15 11.41 10.71 10.31 10.44 10.62 10.80 10.91 11.09 11.30 11.47 11.28 10.39 8.97 7.85 7.40 7.55 8.16 8.90 9.53 9.86 10.03 10.11 10.11 10.09 10.01 9.81 9.77 9.80 9.75 9.43 8.85 8.71 8.81 9.07 9.56 10.12 10.21 9.92 10.19 11.14 12.55 13.59 14.41
10.24 10.29 10.41 10.62 10.82 10.87 10.60 10.03 9.32 8.62 8.05 7.59 7.39 7.28 6.86 6.27 6.02 6.30 6.95 7.81 8.59 9.22 9.38 9.25 9.17 9.19 9.04 8.70 8.22 7.79 7.75 7.82 7.98 8.82 10.37 11.47 11.44 10.90 10.56 10.74 10.88 11.07 11.33 11.89 12.38 12.82 12.91 12.50 11.89 11.26 10.55 10.51 10.94 11.31 11.30 10.76 10.26 9.96 9.65 9.33 9.15 9.13 9.23 9.46 9.45 8.98 8.27 8.10 8.16 8.38 8.99 9.66 9.48 8.36 7.67 8.04 9.24 10.37 11.27
10.23 10.28 10.42 10.63 10.70 10.42 9.82 9.12 8.50 8.05 7.82 7.75 7.79 7.83 7.58 6.97 6.35 6.05 6.14 6.54 7.11 7.80 8.51 9.11 9.64 10.04 10.04 9.51 8.75 8.12 7.79 7.78 7.87 8.20 9.09 10.34 10.93 10.81 10.66 10.85 11.04 11.35 11.77 12.44 12.98 13.62 14.01 13.91 13.61 13.51 13.30 12.80 12.16 11.51 10.91 10.47 10.11 9.73 9.20 8.67 8.35 8.35 8.60 9.02 9.25 8.91 8.27 7.96 7.85 7.96 8.63 9.59 9.61 8.27 6.80 6.31 7.03 7.96 8.35
10.24 10.27 10.33 10.37 10.07 9.43 8.69 8.16 7.88 7.81 7.89 8.01 8.19 8.49 8.74 8.69 8.20 7.63 7.42 7.57 7.93 8.48 9.10 9.66 10.06 10.49 10.97 11.18 11.12 10.87 10.52 10.24 10.01 9.71 9.33 9.71 10.42 10.81 11.09 11.35 11.56 11.89 12.28 12.66 12.89 13.46 14.08 14.21 13.98 13.88 13.82 13.50 12.61 11.31 10.43 10.32 10.22 9.82 9.17 8.56 8.18 8.09 8.46 9.07 9.52 9.43 8.98 8.54 8.12 8.04 8.53 9.71 10.06 8.90 6.86 5.25 5.06 5.69 5.85
10.23 10.19 10.01 9.58 8.81 7.90 7.23 7.09 7.27 7.52 7.80 8.16 8.54 8.97 9.56 10.18 10.45 10.40 10.38 10.53 10.76 10.99 11.10 11.00 10.78 10.71 11.06 11.57 12.04 12.12 11.87 11.45 10.96 10.41 9.69 9.70 10.28 11.00 11.61 11.93 12.12 12.24 12.28 12.29 12.26 12.68 13.43 13.88 13.88 13.71 13.38 13.24 13.14 12.77 12.04 11.30 10.72 10.20 9.74 9.44 9.28 9.19 9.36 9.74 10.03 9.85 9.34 8.91 8.52 8.51 8.98 10.08 10.64 9.65 7.28 4.96 3.96 3.96 4.09
10.20 10.15 9.79 9.03 7.99 7.14 6.73 6.76 7.13 7.52 7.94 8.59 9.31 9.95 10.61 11.44 12.08 12.57 12.88 12.96 12.81 12.48 12.06 11.70 11.42 11.09 10.73 10.40 10.37 10.46 10.18 9.77 9.45 9.22 9.28 9.79 10.49 11.20 11.79 12.03 12.04 11.88 11.58 11.32 11.40 11.76 12.45 13.02 13.26 13.34 13.13 12.97 12.99 13.05 12.78 11.94 11.07 10.46 10.12 10.01 10.11 10.23 10.20 10.35 10.52 10.21 9.42 8.93 8.86 9.26 9.78 10.75 11.64 11.07 8.52 6.13 4.72 4.17 4.02
10.22 10.15 9.80 9.21 8.63 8.29 8.15 8.16 8.30 8.48 8.76 9.37 10.25 11.08 11.81 12.41 12.96 13.31 13.35 13.10 12.60 12.02 11.55 11.42 11.63 11.69 11.14 10.14 9.47 9.29 9.14 8.89 8.84 8.86 9.20 9.91 10.67 11.20 11.51 11.58 11.47 11.19 10.82 10.53 10.55 10.88 11.32 11.70 11.84 11.71 11.71 11.78 11.76 11.70 11.55 11.28 10.78 10.29 9.93 9.75 9.87 10.19 10.33 10.55 10.88 10.87 10.19 9.48 9.31 9.59 9.98 11.00 12.65 13.05 11.09 8.62 6.77 5.72 5.34
10.17 10.07 9.73 9.66 9.64 9.76 9.88 10.04 10.26 10.30 10.21 10.46 11.17 12.04 12.73 13.04 13.07 12.82 12.31 11.66 11.10 10.74 10.55 10.64 11.14 11.87 12.03 11.72 11.42 11.37 11.36 11.15 10.66 10.12 9.89 10.17 10.59 10.89 10.98 10.92 10.66 10.40 10.20 10.09 10.11 10.38 10.70 10.75 10.28 9.46 9.00 9.12 9.45 9.61 9.75 9.97 10.08 9.98 9.83 9.76 9.88 10.15 10.19 10.25 10.55 10.85 10.57 9.91 9.33 9.15 9.39 10.46 12.79 14.32 13.79 11.58 9.39 7.80 7.48
10.02 9.86 9.64 9.90 10.08 10.57 11.04 11.46 11.92 12.20 12.15 12.07 12.34 12.81 13.01 12.89 12.45 11.81 11.15 10.68 10.45 10.28 10.10 10.13 10.50 11.44 12.26 12.91 13.24 13.40 13.42 13.17 12.49 11.49 10.68 10.45 10.49 10.50 10.45 10.26 9.95 9.75 9.77 9.97 10.23 10.63 10.94 10.91 10.14 8.93 7.93 7.41 7.15 7.49 8.24 9.08 9.77 10.04 10.03 10.01 10.14 10.28 10.09 9.95 10.03 10.28 10.14 9.51 8.73 8.43 8.60 9.62 12.09 14.52 15.44 14.75 12.99 11.24 10.79
10.02 9.87 9.74 9.95 10.53 11.36 12.18 12.75 13.14 13.44 13.53 13.36 13.09 12.80 12.41 11.89 11.37 10.88 10.49 10.31 10.58 10.78 10.76 10.67 10.72 11.05 11.47 11.94 12.34 12.63 12.84 12.97 12.78 12.10 11.09 10.52 10.30 10.02 9.72 9.57 9.61 9.91 10.18 10.48 10.81 11.24 11.55 11.76 11.59 10.99 10.06 8.94 7.79 7.75 8.45 9.33 10.02 10.42 10.56 10.56 10.51 10.50 10.33 10.26 10.33 10.38 10.06 9.35 8.62 8.43 8.64 9.45 11.26 13.56 15.46 16.27 16.02 15.01 14.24
10.19 10.07 9.88 10.02 10.60 11.45 12.21 12.74 13.05 13.26 13.35 13.19 12.73 12.04 11.31 10.74 10.38 10.18 9.96 9.86 10.33 10.86 11.13 11.10 10.93 10.79 10.48 10.16 10.07 10.32 10.79 11.45 11.99 11.98 11.21 10.43 9.91 9.41 9.11 9.32 9.97 10.71 11.04 11.21 11.35 11.59 11.86 12.20 12.43 12.66 12.60 12.06 11.00 10.02 9.75 9.87 10.15 10.55 10.95 11.13 11.10 11.11 11.02 11.04 11.11 11.14 10.86 10.27 9.78 9.42 9.34 9.61 10.46 11.88 13.80 15.55 16.29 16.17 15.84
10.24 10.11 9.81 9.74 9.96 10.38 10.73 11.07 11.38 11.67 11.85 11.81 11.47 10.92 10.34 9.91 9.71 9.77 9.80 9.78 10.01 10.34 10.68 10.74 10.50 10.09 9.50 8.91 8.40 8.25 8.67 9.42 10.30 10.79 10.72 10.28 9.78 9.46 9.59 10.21 10.91 11.26 11.38 11.46 11.55 11.69 11.88 11.90 11.96 12.28 12.73 13.01 12.72 11.70 10.43 9.84 9.93 10.35 10.82 11.22 11.50 11.73 11.77 11.82 11.89 11.93 11.76 11.27 10.69 10.01 9.62 9.59 9.85 10.64 12.10 13.60 14.46 14.82 15.05
10.26 10.13 9.90 9.71 9.54 9.23 9.13 9.19 9.46 9.85 10.15 10.22 10.02 9.61 9.16 8.99 9.33 9.97 10.62 10.97 10.89 10.79 10.78 10.77 10.57 9.86 8.74 7.88 7.22 6.80 6.79 7.18 7.79 8.52 9.07 9.39 9.66 10.01 10.50 10.90 11.08 11.11 11.09 11.19 11.37 11.63 11.81 11.55 11.05 10.77 10.93 11.46 11.94 11.65 10.48 9.72 9.72 10.09 10.54 11.08 11.62 12.04 12.20 12.33 12.43 12.41 12.12 11.42 10.47 9.49 9.11 9.14 9.40 10.06 11.10 12.04 12.54 12.62 12.85
10.51 10.58 10.67 10.38 9.76 9.11 8.63 8.44 8.56 8.81 8.97 8.93 8.68 8.26 7.84 7.92 8.88 10.28 11.36 11.87 11.98 11.85 11.65 11.52 11.55 11.31 10.15 8.63 7.54 6.85 6.34 6.25 6.55 7.03 7.66 8.47 9.33 9.96 10.17 10.13 10.10 10.22 10.40 10.61 10.93 11.39 11.75 11.45 10.48 9.60 9.17 9.17 9.66 10.26 10.02 9.54 9.45 9.73 10.17 10.71 11.30 11.82 12.08 12.32 12.53 12.61 12.38 11.62 10.39 9.21 8.69 8.68 8.94 9.45 10.21 11.28 11.80 11.57 11.00
10.78 11.07 11.29 11.00 10.34 9.58 8.99 8.70 8.50 8.17 7.78 7.48 7.29 7.15 6.87 6.60 7.22 8.76 10.13 11.15 11.75 12.03 12.07 12.06 12.34 12.82 12.73 11.57 10.26 9.52 9.03 8.55 8.46 8.52 8.72 9.10 9.51 9.66 9.48 9.33 9.31 9.45 9.82 10.14 10.60 11.23 11.83 11.80 10.90 9.81 8.97 8.11 7.68 7.96 8.27 8.55 8.95 9.36 9.77 10.23 10.73 11.14 11.50 11.80 12.20 12.62 12.83 12.43 11.33 9.89 8.92 8.57 8.56 8.92 9.79 11.04 11.93 11.82 10.57
