project/data/elevation/US_DEM2016/US_DEM2016_point_10-28-2019_0543_30m_vel.asc
ncols	125
nrows	167
xllcorner	-2042055.000000
yllcorner	1465035.000000
cellsize	30.000000
NODATA_value	-9999.000000
[rows 105 to 139 of 167, columns 0 to 78 of 125]
10.76 10.94 11.04 10.84 10.45 9.91 9.37 8.86 8.20 7.34 6.44 6.00 6.04 6.36 6.49 6.23 6.23 6.91 8.05 9.31 10.19 10.81 11.35 11.78 12.22 12.92 13.68 13.89 13.58 13.22 12.84 12.48 12.13 11.63 11.18 10.78 10.40 10.05 9.78 9.64 9.56 9.57 9.87 10.11 10.41 10.85 11.44 11.82 11.51 10.65 9.63 8.32 6.99 6.57 7.03 8.05 9.07 9.73 10.13 10.46 10.65 10.75 10.94 11.28 11.68 12.20 12.72 12.82 12.19 10.84 9.80 9.33 9.14 9.13 9.46 10.24 11.30 11.63 10.81
10.25 10.12 10.09 10.14 10.02 9.66 9.16 8.27 7.45 6.87 6.62 6.62 6.97 7.68 8.68 9.32 8.76 8.12 8.00 8.20 8.69 9.43 10.47 11.34 11.87 12.49 13.39 14.18 14.64 14.81 14.60 14.24 13.79 13.07 12.24 11.44 10.74 10.27 9.93 9.74 9.83 10.07 10.29 10.30 10.33 10.65 11.38 12.15 12.33 11.69 10.55 9.19 8.19 7.84 8.20 8.80 9.36 9.76 10.10 10.21 10.05 10.04 10.46 11.06 11.51 11.96 12.56 13.10 13.02 12.10 10.86 10.12 9.60 9.08 8.77 9.28 10.63 11.56 11.41
10.05 9.82 9.70 9.83 9.92 9.82 9.41 8.76 8.18 8.06 8.50 9.19 9.95 11.04 12.27 13.12 13.38 12.59 11.26 10.44 10.19 10.43 11.04 11.46 11.68 11.89 12.17 12.50 12.96 13.50 13.74 13.71 13.53 13.10 12.54 11.84 11.13 10.57 10.07 9.80 10.06 10.54 10.76 10.51 10.24 10.28 10.90 11.87 12.59 12.61 11.91 11.08 10.44 10.13 9.90 9.60 9.38 9.51 9.74 9.72 9.57 9.68 10.17 10.70 11.06 11.35 11.83 12.53 13.08 12.98 11.96 10.89 10.06 9.29 8.80 8.98 10.06 11.26 11.67
10.22 10.02 9.87 10.01 10.26 10.53 10.71 10.69 10.59 10.73 11.42 12.45 13.55 14.43 14.94 15.22 15.58 15.51 14.92 14.18 13.53 13.02 12.54 12.08 11.88 11.74 11.56 11.34 11.06 11.07 11.41 11.74 11.84 11.87 11.88 11.79 11.49 10.98 10.47 10.21 10.29 10.35 10.29 10.14 10.00 10.06 10.58 11.61 12.87 13.77 13.90 13.38 12.65 11.82 10.80 9.86 9.48 9.55 9.60 9.54 9.53 9.66 9.81 10.02 10.26 10.42 10.68 11.31 12.14 12.59 12.20 11.33 10.51 9.87 9.44 9.39 10.03 11.05 11.71
10.47 10.42 10.37 10.47 10.72 11.12 11.61 12.12 12.66 13.24 13.94 14.69 15.20 15.28 15.03 14.71 14.56 14.81 14.95 14.77 14.34 13.74 13.03 12.39 12.05 11.81 11.62 11.50 11.12 10.51 10.11 10.06 10.08 10.21 10.49 10.87 11.12 11.04 10.72 10.27 9.76 9.28 9.07 9.30 9.82 10.22 10.77 11.69 12.97 14.27 14.92 14.79 14.20 13.34 12.23 11.21 10.68 10.37 10.09 9.87 9.69 9.51 9.40 9.50 9.76 9.89 9.93 10.24 10.86 11.49 11.69 11.33 10.76 10.26 9.93 9.82 10.12 10.87 11.54
10.68 10.79 10.82 10.85 11.02 11.32 11.74 12.36 13.27 14.12 14.60 14.62 14.23 13.59 12.97 12.50 12.17 12.21 12.35 12.53 12.54 12.40 12.23 12.11 12.04 11.81 11.56 11.62 11.71 11.53 11.10 10.73 10.63 10.57 10.45 10.40 10.52 10.69 10.53 9.96 9.31 8.95 9.08 9.65 10.31 10.76 11.20 11.83 12.69 13.69 14.47 14.82 14.82 14.59 14.11 13.32 12.50 11.66 10.88 10.26 9.77 9.38 9.25 9.35 9.60 9.77 9.76 9.81 10.16 10.68 11.08 11.06 10.72 10.36 10.12 10.01 10.19 10.80 11.45
10.65 10.73 10.81 10.92 11.18 11.57 12.07 12.63 13.24 13.57 13.48 12.98 12.25 11.50 11.00 10.75 10.49 10.29 10.24 10.44 10.72 10.85 11.13 11.58 11.95 11.88 11.52 11.30 11.34 11.60 11.82 11.91 11.94 11.84 11.47 10.92 10.57 10.53 10.43 10.18 10.02 10.11 10.35 10.73 11.07 11.35 11.58 11.87 12.21 12.68 13.22 13.78 14.28 14.66 14.81 14.47 13.62 12.62 11.54 10.57 9.88 9.50 9.32 9.23 9.33 9.64 9.84 9.93 10.09 10.36 10.63 10.72 10.58 10.36 10.08 9.90 10.03 10.61 11.31
10.37 10.35 10.47 10.76 11.16 11.73 12.34 12.69 12.69 12.28 11.67 11.15 10.68 10.25 9.92 9.69 9.38 9.16 9.24 9.57 9.86 10.08 10.37 10.95 11.57 11.97 11.94 11.70 11.33 11.14 11.08 11.05 11.10 11.26 11.36 11.19 10.88 10.67 10.64 10.77 10.95 11.08 11.17 11.33 11.44 11.63 11.75 11.70 11.66 11.84 12.06 12.39 12.80 13.23 13.61 13.69 13.31 12.57 11.67 10.80 10.11 9.63 9.23 9.01 9.16 9.61 9.99 10.15 10.20 10.20 10.25 10.34 10.33 10.17 9.90 9.66 9.64 10.03 10.80
10.24 10.15 10.22 10.48 10.84 11.34 11.76 11.70 11.26 10.59 9.93 9.39 9.03 8.81 8.64 8.56 8.64 8.82 9.10 9.49 9.97 10.25 10.25 10.45 11.16 11.95 12.45 12.64 12.39 11.81 11.07 10.14 9.48 9.56 10.13 10.59 10.74 10.70 10.75 10.96 11.15 11.29 11.40 11.43 11.27 11.30 11.41 11.29 11.18 11.33 11.47 11.50 11.51 11.43 11.23 11.38 11.55 11.41 11.13 10.77 10.31 9.77 9.30 9.13 9.34 9.75 10.13 10.28 10.23 10.08 9.95 9.93 9.92 9.87 9.77 9.62 9.52 9.65 10.23
10.35 10.26 10.25 10.31 10.46 10.69 10.71 10.21 9.49 8.75 8.07 7.47 7.10 7.03 7.32 7.86 8.58 9.35 9.99 10.49 10.82 10.70 10.19 10.07 10.68 11.46 12.18 12.72 12.87 12.64 12.30 11.56 10.34 9.41 9.19 9.45 9.95 10.43 10.73 10.91 11.16 11.43 11.56 11.42 10.92 10.45 10.42 10.52 10.61 10.93 11.37 11.52 11.47 11.03 10.09 9.39 9.28 9.62 10.00 10.22 10.20 10.01 9.86 9.82 9.87 10.00 10.22 10.32 10.20 10.04 9.92 9.83 9.79 9.76 9.70 9.65 9.66 9.73 10.06
10.56 10.52 10.48 10.38 10.25 10.05 9.65 9.07 8.43 7.81 7.29 6.91 6.66 6.87 7.69 8.83 9.87 10.73 11.41 11.71 11.48 10.86 9.73 9.04 9.34 10.02 10.88 11.78 12.28 12.50 12.85 13.03 12.50 11.10 9.70 9.29 9.82 10.58 11.07 11.30 11.46 11.59 11.58 11.38 10.82 9.98 9.50 9.61 9.94 10.47 11.31 11.93 12.24 12.07 11.15 9.78 8.87 8.71 8.96 9.37 9.75 9.98 10.16 10.33 10.43 10.41 10.34 10.31 10.17 9.98 9.91 9.93 9.94 9.87 9.72 9.65 9.77 9.98 10.31
10.67 10.70 10.65 10.44 10.08 9.56 8.99 8.64 8.63 8.75 8.83 8.74 8.83 9.36 10.26 11.26 12.02 12.33 12.23 11.87 11.45 11.09 10.10 8.62 8.06 8.30 9.31 10.58 11.30 11.49 11.83 12.62 13.19 12.93 11.89 11.18 11.09 11.32 11.46 11.44 11.34 11.22 11.16 11.18 11.03 10.34 9.40 9.07 9.43 10.10 10.93 11.87 12.62 12.97 12.76 12.01 10.98 10.04 9.45 9.39 9.60 9.77 9.91 10.12 10.38 10.49 10.47 10.44 10.22 9.82 9.61 9.67 9.80 9.86 9.82 9.81 9.94 10.19 10.61
10.58 10.59 10.53 10.33 9.98 9.47 9.02 8.92 9.24 9.81 10.42 11.01 11.63 12.20 12.59 12.71 12.59 12.18 11.60 11.02 10.88 11.27 11.19 9.91 8.41 7.95 8.40 9.57 10.42 10.38 10.07 10.59 11.92 12.95 13.10 12.66 12.05 11.52 11.10 10.78 10.57 10.53 10.62 10.91 11.26 11.12 10.09 9.06 9.06 9.60 10.18 10.95 11.95 12.81 13.21 13.19 12.89 12.33 11.47 10.62 10.18 9.91 9.71 9.63 9.76 9.99 10.17 10.32 10.25 9.85 9.50 9.40 9.51 9.72 9.90 10.04 10.21 10.43 10.86
10.42 10.34 10.25 10.15 9.97 9.71 9.48 9.41 9.53 9.90 10.66 11.59 12.38 12.72 12.62 12.09 11.27 10.60 10.25 10.00 10.11 10.76 11.42 11.16 10.02 8.99 8.68 9.13 10.06 10.14 9.26 8.82 9.57 11.17 12.15 12.21 11.67 11.03 10.57 10.26 10.13 10.18 10.33 10.59 11.06 11.45 10.90 9.45 8.80 8.86 9.23 9.81 10.67 11.72 12.50 12.80 12.87 12.87 12.60 11.90 11.02 10.32 9.74 9.28 9.04 9.08 9.31 9.78 10.16 10.17 9.95 9.74 9.68 9.79 10.00 10.23 10.44 10.68 11.07
10.27 10.15 10.04 10.03 10.00 9.93 9.85 9.78 9.85 10.15 10.77 11.37 11.63 11.47 11.03 10.52 10.08 9.72 9.45 9.30 9.30 9.63 10.32 10.75 10.41 9.66 9.20 9.37 10.22 10.74 10.17 8.94 8.48 9.10 10.32 11.00 10.97 10.67 10.51 10.38 10.28 10.22 10.16 10.23 10.61 11.27 11.35 10.27 9.00 8.54 8.60 9.08 9.83 10.81 11.75 12.17 12.12 12.02 12.05 11.94 11.41 10.64 9.89 9.24 8.73 8.59 8.94 9.63 10.26 10.57 10.59 10.44 10.22 10.07 10.04 10.15 10.32 10.52 10.81
10.20 10.06 9.97 10.00 10.00 10.03 10.09 10.17 10.34 10.68 11.00 11.06 10.79 10.35 9.94 9.74 9.67 9.48 9.20 8.94 8.74 8.78 9.24 9.80 9.83 9.41 9.25 9.54 10.30 11.11 11.23 10.32 9.03 8.51 8.92 9.76 10.23 10.36 10.48 10.52 10.45 10.31 10.11 10.00 10.19 10.77 11.28 10.81 9.50 8.61 8.40 8.80 9.52 10.37 11.27 11.81 11.71 11.28 11.05 11.10 11.02 10.61 10.10 9.62 9.33 9.41 9.80 10.22 10.53 10.70 10.75 10.72 10.56 10.26 9.97 9.80 9.81 9.98 10.28
10.32 10.18 10.04 9.99 9.97 10.05 10.28 10.59 10.90 11.12 11.04 10.75 10.40 10.13 9.96 9.86 9.65 9.41 9.30 9.29 9.33 9.47 9.69 9.83 9.70 9.33 9.21 9.41 9.98 10.83 11.42 11.27 10.41 9.44 8.97 9.16 9.63 9.94 10.13 10.28 10.32 10.27 10.08 9.85 9.75 10.04 10.70 10.69 9.67 8.61 8.24 8.48 9.03 9.62 10.38 11.17 11.46 11.15 10.69 10.48 10.50 10.45 10.33 10.30 10.38 10.56 10.69 10.76 10.76 10.68 10.55 10.52 10.50 10.34 10.05 9.78 9.68 9.82 10.13
10.46 10.29 10.02 9.89 9.92 10.01 10.26 10.74 11.30 11.35 11.00 10.53 10.19 10.02 9.95 9.82 9.63 9.61 9.86 10.21 10.44 10.49 10.43 10.32 10.01 9.52 9.17 9.14 9.52 10.35 11.10 11.34 11.01 10.39 9.84 9.61 9.70 9.83 9.83 9.93 9.97 9.89 9.65 9.34 9.08 9.23 9.96 10.33 9.69 8.56 7.84 7.61 7.81 8.31 9.06 10.06 10.86 11.06 10.80 10.53 10.43 10.41 10.42 10.44 10.46 10.49 10.56 10.72 10.91 10.95 10.76 10.53 10.44 10.35 10.14 9.98 9.90 9.87 9.89
10.35 10.10 9.74 9.67 9.79 9.94 10.08 10.36 10.72 10.79 10.53 10.10 9.68 9.38 9.24 9.33 9.60 9.92 10.15 10.22 10.14 10.06 10.16 10.42 10.50 10.15 9.44 9.00 9.10 9.82 10.63 10.96 10.73 10.37 10.26 10.28 10.24 10.04 9.99 9.73 9.50 9.05 8.63 8.40 8.25 8.45 9.23 9.96 9.75 8.70 7.61 6.86 6.57 6.86 7.65 8.74 9.83 10.46 10.55 10.43 10.36 10.38 10.35 10.18 9.99 10.00 10.21 10.51 10.85 11.12 11.14 10.87 10.56 10.28 9.96 9.78 9.59 9.34 9.21
10.39 10.14 9.80 9.68 9.74 9.82 9.81 9.72 9.59 9.52 9.49 9.38 9.04 8.64 8.56 9.01 9.48 9.65 9.42 9.02 8.85 9.08 9.58 10.14 10.59 10.71 10.21 9.42 9.06 9.38 10.25 10.77 10.64 10.26 10.13 10.19 10.17 9.98 9.63 9.37 8.86 8.30 8.13 8.22 8.26 8.36 8.86 9.63 9.80 9.19 8.34 7.56 6.91 6.62 6.88 7.77 8.92 9.70 9.98 10.08 10.20 10.32 10.43 10.52 10.53 10.54 10.56 10.58 10.63 10.77 10.97 10.95 10.62 10.12 9.71 9.40 9.09 8.91 8.98
10.73 10.72 10.48 10.07 9.76 9.60 9.45 9.19 8.87 8.72 9.19 9.02 8.87 8.52 8.50 8.72 8.77 8.63 8.31 8.02 8.13 8.68 9.36 9.95 10.43 10.80 10.79 10.24 9.60 9.42 10.01 10.74 10.80 10.25 9.66 9.35 9.32 9.31 9.16 8.86 8.51 8.49 8.96 9.49 9.73 9.63 9.64 9.95 10.11 9.83 9.28 8.72 8.20 7.73 7.52 7.79 8.54 9.42 9.90 10.10 10.19 10.29 10.49 10.84 10.98 10.89 10.66 10.53 10.49 10.46 10.52 10.63 10.46 10.03 9.60 9.19 8.89 8.79 9.02
10.80 10.89 10.73 10.14 9.59 9.29 9.11 8.88 8.63 8.60 8.79 8.95 8.87 8.56 8.22 7.90 7.70 7.73 7.85 8.01 8.40 8.92 9.45 9.91 10.27 10.52 10.67 10.56 10.11 9.71 9.93 10.64 10.91 10.31 9.33 8.78 8.74 8.93 9.01 8.93 9.03 9.61 10.28 10.74 11.04 11.17 11.16 11.09 10.88 10.43 9.79 9.12 8.69 8.48 8.33 8.29 8.65 9.47 10.06 10.24 10.13 10.13 10.21 10.28 10.20 10.05 9.97 10.13 10.46 10.62 10.55 10.47 10.26 9.97 9.63 9.20 8.72 8.31 8.30
10.33 10.18 9.78 9.41 9.08 8.95 8.90 8.78 8.60 8.48 8.91 8.41 8.52 8.39 7.96 7.57 7.58 7.92 8.48 9.17 9.70 9.94 9.90 9.76 9.67 9.76 9.97 10.10 9.96 9.73 9.85 10.51 11.05 10.83 9.97 9.34 9.25 9.36 9.46 9.58 9.90 10.29 10.55 10.78 11.17 11.67 12.10 12.29 12.08 11.44 10.67 9.91 9.26 8.87 8.71 8.63 8.81 9.37 9.94 10.11 9.93 9.83 9.71 9.50 9.34 9.38 9.59 9.99 10.48 10.81 10.79 10.48 10.18 9.90 9.68 9.51 9.21 8.63 8.12
9.95 9.36 8.70 8.56 8.56 8.67 8.80 8.77 8.57 9.07 8.01 8.01 8.36 8.68 8.73 8.74 9.04 9.59 10.25 10.80 11.07 10.93 10.42 9.80 9.30 9.19 9.31 9.44 9.47 9.42 9.56 10.16 10.99 11.30 10.95 10.47 10.21 10.02 9.89 9.87 9.90 9.93 10.15 10.53 11.07 11.68 12.32 12.92 13.21 12.91 12.15 11.35 10.55 9.82 9.30 9.00 8.86 9.02 9.53 9.90 9.76 9.62 9.45 9.25 9.22 9.49 9.83 10.10 10.30 10.46 10.46 10.31 10.09 9.85 9.65 9.68 9.89 9.93 9.52
10.39 9.73 8.93 8.84 8.90 8.90 8.88 8.83 8.67 9.13 8.27 8.40 8.86 9.48 10.04 10.49 10.96 11.31 11.42 11.34 11.08 10.74 10.46 10.12 9.55 9.20 9.15 9.24 9.31 9.31 9.35 9.72 10.58 11.23 11.20 10.77 10.34 10.01 9.80 9.63 9.50 9.57 9.94 10.41 10.99 11.55 12.06 12.66 13.31 13.48 12.97 12.07 11.17 10.47 9.95 9.54 9.13 8.87 9.14 9.62 9.74 9.66 9.58 9.53 9.61 9.83 9.93 9.86 9.73 9.69 9.78 9.87 9.89 9.90 9.81 9.62 9.65 10.12 10.50
11.03 10.66 10.21 10.22 10.18 9.79 9.24 8.96 8.88 8.81 8.77 8.98 9.47 10.14 10.73 11.13 11.32 11.25 10.97 10.48 9.88 9.49 9.69 9.90 9.66 9.37 9.37 9.56 9.72 9.76 9.68 9.79 10.36 11.04 11.12 10.52 9.86 9.55 9.54 9.57 9.61 9.80 10.15 10.49 10.78 11.00 11.19 11.53 12.17 12.76 12.69 12.02 11.31 10.80 10.41 10.06 9.69 9.36 9.22 9.51 9.81 9.87 9.86 9.91 9.98 9.95 9.75 9.51 9.33 9.37 9.53 9.72 9.80 9.93 10.15 10.05 9.67 9.49 9.88
11.21 11.08 10.92 10.89 10.81 10.49 9.84 9.24 9.02 9.03 9.09 9.27 9.64 10.11 10.47 10.53 10.35 10.09 9.79 9.26 8.66 8.43 8.80 9.37 9.53 9.49 9.63 9.93 10.18 10.35 10.47 10.63 10.94 11.39 11.60 11.15 10.30 9.71 9.58 9.81 10.17 10.57 10.79 10.72 10.52 10.24 10.06 10.21 10.85 11.79 12.24 12.00 11.58 11.16 10.72 10.39 10.15 9.96 9.74 9.75 9.91 10.03 10.12 10.19 10.14 9.84 9.50 9.33 9.40 9.57 9.77 9.94 10.01 9.99 10.10 10.30 10.30 9.93 9.63
11.13 11.08 10.94 10.73 10.64 10.73 10.57 9.95 9.41 9.27 9.27 9.25 9.31 9.45 9.56 9.63 9.59 9.35 9.00 8.65 8.41 8.45 8.89 9.38 9.59 9.57 9.68 9.95 10.23 10.50 10.86 11.27 11.64 12.02 12.34 12.20 11.46 10.53 9.93 10.01 10.45 10.83 10.86 10.59 10.17 9.73 9.40 9.46 10.07 11.12 11.94 12.07 11.80 11.40 10.98 10.67 10.44 10.31 10.14 9.99 10.00 10.10 10.20 10.25 10.15 9.80 9.38 9.29 9.53 9.82 10.03 10.14 10.21 10.21 10.04 10.01 10.32 10.67 10.69
11.10 11.25 11.35 11.17 10.97 10.96 11.09 10.95 10.40 9.87 9.51 9.15 8.81 8.68 8.89 9.23 9.38 9.26 9.13 9.21 9.43 9.64 9.77 9.90 9.93 9.77 9.71 9.86 10.15 10.39 10.63 10.97 11.46 12.04 12.60 12.88 12.62 11.83 10.82 10.31 10.33 10.40 10.42 10.32 10.01 9.65 9.41 9.45 9.89 10.75 11.64 12.12 12.13 11.81 11.38 11.00 10.67 10.44 10.21 10.03 9.95 9.95 9.99 10.05 10.09 9.95 9.69 9.63 9.81 10.08 10.30 10.31 10.23 10.19 10.18 10.15 10.26 10.72 11.35
11.12 11.53 12.06 12.04 11.64 11.16 11.14 11.32 11.14 10.45 9.72 9.13 8.65 8.45 8.65 8.99 9.19 9.37 9.70 10.16 10.51 10.56 10.46 10.40 10.35 10.15 9.93 9.92 10.11 10.34 10.45 10.50 10.75 11.43 12.33 13.10 13.48 13.28 12.40 11.21 10.52 10.21 10.21 10.15 9.87 9.63 9.56 9.72 10.10 10.72 11.45 12.13 12.49 12.34 11.88 11.35 10.88 10.50 10.18 10.04 9.94 10.16 9.78 9.83 10.01 10.13 10.14 10.23 10.38 10.55 10.68 10.67 10.43 10.13 10.13 10.44 10.76 11.10 11.72
10.84 11.20 11.79 12.07 11.93 11.34 10.94 10.89 10.88 10.47 9.80 9.25 8.88 8.67 8.59 8.61 8.88 9.43 10.03 10.44 10.58 10.59 10.56 10.60 10.62 10.44 10.09 9.87 9.90 10.13 10.37 10.45 10.56 11.01 11.80 12.63 13.33 13.71 13.52 12.59 11.29 10.36 9.81 9.54 9.38 9.37 9.57 9.84 10.22 10.72 11.33 12.01 12.55 12.64 12.28 11.71 11.14 10.66 10.25 10.12 10.09 10.02 9.91 9.87 10.06 10.34 10.51 10.68 10.89 11.06 11.16 11.20 11.04 10.68 10.39 10.55 11.21 11.99 12.59
10.31 10.25 10.29 10.67 11.03 10.94 10.52 10.27 10.38 10.39 10.16 9.93 9.77 9.51 9.08 8.72 8.79 9.23 9.62 9.86 10.10 10.33 10.52 10.68 10.73 10.56 10.09 9.65 9.53 9.69 9.97 10.31 10.57 10.79 11.05 11.47 12.01 12.61 12.98 12.71 11.58 10.25 9.23 8.82 8.89 9.10 9.39 9.68 10.11 10.65 11.14 11.68 12.21 12.53 12.45 12.03 11.45 10.87 10.38 10.22 10.28 10.31 10.21 10.08 10.14 10.41 10.67 10.89 11.14 11.41 11.71 12.00 12.06 11.92 11.64 11.53 11.85 12.45 12.84
9.95 9.50 8.75 8.49 8.79 9.22 9.45 9.67 10.15 10.68 10.96 11.09 11.08 10.75 10.06 9.35 8.96 8.86 8.86 9.05 9.52 10.04 10.40 10.66 10.78 10.73 10.33 9.67 9.19 9.11 9.20 9.47 9.77 10.00 10.03 10.16 10.46 10.85 11.19 11.21 10.74 9.87 9.06 8.70 8.82 9.08 9.30 9.63 10.14 10.63 10.96 11.31 11.75 12.18 12.37 12.20 11.75 11.20 10.66 10.45 10.49 10.54 10.49 10.35 10.25 10.37 10.67 10.98 11.29 11.66 12.17 12.76 13.24 13.56 13.67 13.53 13.22 12.90 12.61
9.95 9.27 8.03 7.41 7.31 7.66 8.29 8.95 9.71 10.55 11.17 11.37 11.27 10.94 10.40 9.74 9.18 8.85 8.81 9.07 9.46 9.84 10.15 10.50 10.79 10.95 10.82 10.22 9.37 8.84 8.65 8.59 8.67 8.86 9.05 9.16 9.28 9.51 9.70 9.83 9.81 9.56 9.23 9.10 9.32 9.64 9.95 10.32 10.64 10.78 10.93 11.17 11.51 11.91 12.20 12.24 12.08 11.80 11.51 11.31 11.10 10.90 10.71 10.58 10.53 10.56 10.72 11.03 11.43 11.90 12.51 13.22 13.98 14.56 14.86 14.70 14.11 13.26 12.49
10.39 9.63 8.34 7.76 7.68 7.90 8.28 8.64 9.05 9.66 10.31 10.57 10.43 10.19 9.99 9.70 9.37 9.17 9.25 9.54 9.81 10.04 10.17 10.42 10.72 10.99 11.16 11.01 10.41 9.51 8.89 8.56 8.43 8.44 8.51 8.56 8.54 8.69 8.97 9.24 9.42 9.48 9.54 9.79 10.15 10.55 10.95 11.13 11.04 10.91 10.94 11.13 11.42 11.74 12.01 12.19 12.28 12.32 12.30 12.11 11.64 11.09 10.73 10.65 10.78 10.89 10.90 11.04 11.46 12.08 12.72 13.25 13.71 14.02 14.14 13.99 13.54 12.87 12.23
