project/data/elevation/US_DEM2016/US_DEM2016_point_10-29-2019_0101_30m_vel.asc
ncols	125
nrows	167
xllcorner	-2042055.000000
yllcorner	1465035.000000
cellsize	30.000000
NODATA_value	-9999.000000
[rows 0 to 37 of 167, columns 0 to 83 of 125]
1.35 1.19 1.02 1.16 1.48 1.80 2.03 2.15 2.17 2.17 2.21 2.35 2.45 2.34 2.19 2.14 2.10 2.10 2.13 2.11 2.02 1.96 1.99 2.05 2.11 2.13 2.13 2.04 1.89 1.66 1.39 1.09 0.83 0.69 0.71 0.82 0.98 1.17 1.35 1.44 1.48 1.50 1.51 1.48 1.36 1.20 1.10 1.11 1.20 1.35 1.49 1.63 1.74 1.88 1.95 1.98 1.92 1.73 1.56 1.47 1.46 1.53 1.64 1.75 1.81 1.81 1.75 1.58 1.33 1.16 1.10 1.15 1.27 1.42 1.53 1.59 1.64 1.72 1.81 1.87 1.94 1.99 1.87 1.73
1.35 1.19 1.02 1.16 1.48 1.80 2.03 2.15 2.17 2.17 2.21 2.35 2.45 2.34 2.19 2.14 2.10 2.10 2.13 2.11 2.02 1.96 1.99 2.05 2.11 2.13 2.13 2.04 1.89 1.66 1.39 1.09 0.83 0.69 0.71 0.82 0.98 1.17 1.35 1.44 1.48 1.50 1.51 1.48 1.36 1.20 1.10 1.11 1.20 1.35 1.49 1.63 1.74 1.88 1.95 1.98 1.92 1.73 1.56 1.47 1.46 1.53 1.64 1.75 1.81 1.81 1.75 1.58 1.33 1.16 1.10 1.15 1.27 1.42 1.53 1.59 1.64 1.72 1.81 1.87 1.94 1.99 1.87 1.73
1.36 1.20 1.04 1.15 1.39 1.64 1.84 1.96 2.01 2.03 2.08 2.20 2.26 2.21 2.10 2.07 2.08 2.10 2.10 2.03 1.95 1.91 1.93 1.98 2.01 2.02 1.97 1.87 1.73 1.53 1.29 1.06 0.88 0.78 0.76 0.82 0.92 1.05 1.20 1.30 1.33 1.33 1.34 1.37 1.37 1.34 1.29 1.27 1.33 1.42 1.51 1.60 1.69 1.77 1.83 1.87 1.90 1.85 1.72 1.56 1.45 1.43 1.50 1.59 1.66 1.68 1.69 1.66 1.57 1.43 1.34 1.32 1.34 1.39 1.45 1.50 1.55 1.63 1.69 1.73 1.78 1.82 1.79 1.74
1.50 1.31 1.14 1.19 1.30 1.42 1.54 1.61 1.63 1.69 1.80 1.87 1.88 1.85 1.85 1.86 1.89 1.96 1.96 1.89 1.85 1.83 1.83 1.82 1.80 1.78 1.71 1.62 1.51 1.39 1.24 1.13 1.06 1.01 0.98 0.94 0.91 0.93 1.00 1.09 1.18 1.24 1.29 1.35 1.45 1.53 1.56 1.55 1.53 1.53 1.55 1.55 1.57 1.57 1.57 1.59 1.66 1.75 1.78 1.74 1.61 1.47 1.40 1.39 1.38 1.41 1.49 1.61 1.69 1.70 1.67 1.59 1.49 1.40 1.35 1.36 1.40 1.44 1.45 1.45 1.49 1.57 1.66 1.74
1.60 1.41 1.27 1.28 1.30 1.34 1.36 1.38 1.37 1.41 1.50 1.56 1.57 1.56 1.58 1.61 1.62 1.68 1.76 1.83 1.85 1.80 1.74 1.67 1.60 1.57 1.55 1.51 1.47 1.42 1.37 1.33 1.31 1.29 1.26 1.18 1.07 1.00 1.00 1.06 1.20 1.35 1.47 1.55 1.58 1.63 1.67 1.69 1.67 1.63 1.61 1.56 1.51 1.43 1.36 1.23 1.18 1.24 1.42 1.61 1.68 1.62 1.50 1.37 1.28 1.23 1.24 1.31 1.43 1.51 1.55 1.53 1.48 1.40 1.32 1.28 1.28 1.29 1.28 1.28 1.32 1.44 1.56 1.64
1.60 1.45 1.34 1.35 1.33 1.32 1.29 1.22 1.19 1.22 1.28 1.35 1.40 1.41 1.48 1.55 1.56 1.56 1.65 1.78 1.83 1.75 1.64 1.52 1.44 1.44 1.47 1.48 1.50 1.52 1.53 1.52 1.49 1.45 1.39 1.31 1.22 1.14 1.10 1.11 1.17 1.27 1.42 1.56 1.63 1.67 1.71 1.74 1.72 1.68 1.64 1.60 1.55 1.40 1.22 1.04 0.96 0.98 1.10 1.26 1.44 1.53 1.50 1.37 1.25 1.15 1.09 1.08 1.11 1.15 1.20 1.25 1.27 1.27 1.22 1.17 1.15 1.16 1.17 1.20 1.25 1.33 1.41 1.45
1.61 1.52 1.43 1.44 1.41 1.35 1.25 1.10 1.00 1.01 1.10 1.20 1.27 1.35 1.48 1.58 1.65 1.63 1.60 1.62 1.65 1.62 1.54 1.44 1.40 1.42 1.43 1.44 1.48 1.56 1.61 1.62 1.56 1.51 1.46 1.42 1.37 1.31 1.24 1.16 1.12 1.14 1.21 1.36 1.48 1.52 1.53 1.55 1.57 1.57 1.59 1.61 1.59 1.52 1.40 1.27 1.24 1.23 1.22 1.23 1.27 1.34 1.36 1.28 1.15 1.01 0.93 0.92 0.95 1.01 1.06 1.08 1.08 1.06 1.02 0.98 0.96 0.95 0.99 1.07 1.16 1.23 1.25 1.25
1.61 1.58 1.58 1.56 1.52 1.39 1.21 1.01 0.89 0.90 0.95 1.02 1.13 1.27 1.42 1.51 1.61 1.61 1.51 1.42 1.42 1.45 1.46 1.45 1.45 1.44 1.42 1.41 1.42 1.51 1.61 1.66 1.65 1.64 1.66 1.69 1.70 1.64 1.52 1.38 1.23 1.12 1.09 1.11 1.15 1.20 1.21 1.22 1.31 1.44 1.54 1.61 1.67 1.73 1.76 1.74 1.67 1.59 1.49 1.38 1.28 1.24 1.22 1.16 1.04 0.90 0.81 0.82 0.90 0.98 1.02 1.00 0.94 0.89 0.88 0.87 0.85 0.84 0.87 0.95 1.02 1.05 1.06 1.08
1.64 1.66 1.73 1.71 1.62 1.47 1.25 1.07 0.99 0.95 0.93 0.93 1.01 1.17 1.31 1.38 1.46 1.48 1.39 1.29 1.28 1.31 1.35 1.40 1.41 1.41 1.44 1.48 1.49 1.51 1.60 1.70 1.78 1.89 2.02 2.11 2.13 2.05 1.93 1.78 1.58 1.36 1.18 1.09 1.05 1.07 1.16 1.23 1.35 1.46 1.51 1.53 1.57 1.67 1.76 1.79 1.74 1.63 1.51 1.38 1.25 1.14 1.09 1.09 1.07 0.99 0.91 0.92 0.97 0.99 0.98 0.95 0.92 0.93 0.98 1.02 1.03 1.05 1.07 1.06 1.01 0.93 0.92 0.92
1.64 1.74 1.83 1.80 1.70 1.57 1.38 1.26 1.23 1.22 1.14 1.05 1.04 1.11 1.20 1.27 1.34 1.36 1.33 1.28 1.26 1.24 1.24 1.28 1.32 1.35 1.41 1.50 1.57 1.60 1.68 1.79 1.93 2.09 2.21 2.26 2.24 2.20 2.15 2.08 1.96 1.76 1.53 1.34 1.22 1.22 1.30 1.42 1.50 1.52 1.49 1.37 1.28 1.20 1.29 1.42 1.47 1.43 1.35 1.25 1.13 1.02 0.98 1.05 1.17 1.19 1.16 1.15 1.11 1.05 1.02 1.03 1.07 1.16 1.26 1.34 1.38 1.42 1.44 1.40 1.29 1.17 1.11 1.10
1.65 1.73 1.86 1.87 1.77 1.69 1.61 1.58 1.59 1.56 1.49 1.36 1.23 1.15 1.12 1.16 1.24 1.32 1.37 1.38 1.36 1.30 1.26 1.26 1.29 1.32 1.36 1.44 1.58 1.73 1.84 1.94 2.02 2.05 2.03 1.96 1.94 2.01 2.09 2.14 2.13 2.04 1.87 1.64 1.46 1.38 1.37 1.45 1.52 1.52 1.44 1.28 1.12 1.00 1.00 1.10 1.21 1.25 1.21 1.13 1.04 0.98 0.98 1.08 1.26 1.38 1.41 1.36 1.26 1.15 1.13 1.20 1.29 1.40 1.51 1.61 1.69 1.73 1.73 1.69 1.63 1.57 1.49 1.41
1.57 1.60 1.76 1.90 1.93 1.93 1.94 1.96 1.99 1.92 1.80 1.67 1.52 1.32 1.14 1.11 1.19 1.33 1.45 1.51 1.50 1.45 1.37 1.31 1.32 1.36 1.43 1.54 1.70 1.86 1.93 1.95 1.90 1.79 1.64 1.54 1.56 1.68 1.81 1.91 1.99 2.04 2.02 1.90 1.72 1.55 1.46 1.46 1.48 1.46 1.35 1.28 1.21 1.10 1.01 0.99 1.05 1.13 1.14 1.10 1.06 1.06 1.11 1.21 1.36 1.48 1.53 1.50 1.40 1.34 1.31 1.35 1.41 1.52 1.63 1.72 1.76 1.74 1.67 1.57 1.50 1.46 1.45 1.45
1.41 1.38 1.48 1.75 1.95 2.06 2.11 2.12 2.14 2.10 2.00 1.89 1.76 1.55 1.32 1.21 1.24 1.34 1.46 1.52 1.53 1.51 1.44 1.36 1.36 1.45 1.57 1.69 1.77 1.80 1.76 1.67 1.52 1.37 1.28 1.29 1.35 1.41 1.44 1.52 1.64 1.77 1.90 1.96 1.90 1.74 1.57 1.50 1.41 1.28 1.18 1.17 1.13 1.03 0.92 0.87 0.92 1.03 1.13 1.17 1.18 1.20 1.26 1.33 1.40 1.45 1.50 1.54 1.53 1.50 1.49 1.48 1.55 1.64 1.69 1.65 1.54 1.38 1.23 1.10 0.99 0.96 1.03 1.12
1.44 1.37 1.35 1.49 1.69 1.85 1.91 1.93 1.92 1.93 1.94 1.92 1.88 1.76 1.59 1.43 1.35 1.34 1.39 1.42 1.43 1.44 1.42 1.39 1.39 1.47 1.54 1.55 1.50 1.42 1.30 1.15 1.00 0.90 0.92 1.03 1.09 1.09 1.08 1.13 1.22 1.35 1.51 1.66 1.77 1.74 1.62 1.51 1.40 1.24 1.10 0.99 0.92 0.87 0.82 0.82 0.90 1.03 1.16 1.27 1.33 1.35 1.37 1.40 1.42 1.44 1.50 1.59 1.63 1.62 1.60 1.61 1.67 1.68 1.56 1.34 1.11 0.98 0.92 0.87 0.82 0.82 0.87 0.92
1.56 1.58 1.48 1.38 1.35 1.40 1.44 1.42 1.40 1.44 1.53 1.64 1.72 1.77 1.74 1.61 1.47 1.38 1.35 1.34 1.34 1.34 1.34 1.34 1.35 1.34 1.27 1.14 1.00 0.91 0.86 0.82 0.78 0.73 0.72 0.74 0.76 0.81 0.84 0.86 0.88 0.94 1.04 1.19 1.39 1.60 1.63 1.58 1.49 1.36 1.16 0.98 0.91 0.89 0.90 0.95 1.03 1.11 1.20 1.33 1.45 1.49 1.51 1.54 1.57 1.61 1.66 1.72 1.75 1.72 1.68 1.69 1.66 1.48 1.23 1.02 0.91 0.89 0.91 0.95 0.98 1.04 1.07 1.06
1.57 1.59 1.53 1.36 1.11 0.97 0.88 0.83 0.82 0.84 0.91 1.02 1.20 1.40 1.58 1.62 1.55 1.44 1.35 1.31 1.29 1.27 1.24 1.22 1.18 1.10 0.98 0.88 0.80 0.73 0.72 0.78 0.88 0.91 0.85 0.80 0.78 0.81 0.86 0.90 0.89 0.90 0.96 1.11 1.33 1.59 1.69 1.68 1.57 1.39 1.22 1.13 1.08 1.07 1.09 1.15 1.19 1.22 1.28 1.42 1.57 1.69 1.76 1.79 1.81 1.86 1.92 1.96 1.98 1.94 1.86 1.74 1.51 1.26 1.13 1.06 1.05 1.05 1.06 1.10 1.16 1.23 1.27 1.30
1.45 1.39 1.33 1.24 0.98 0.75 0.61 0.56 0.56 0.60 0.67 0.74 0.87 1.06 1.29 1.50 1.57 1.50 1.38 1.30 1.25 1.22 1.18 1.12 1.04 0.97 0.95 0.95 0.96 0.92 0.87 0.87 0.97 1.10 1.14 1.12 1.09 1.06 1.07 1.12 1.18 1.24 1.33 1.48 1.66 1.78 1.79 1.75 1.64 1.48 1.33 1.27 1.24 1.24 1.29 1.37 1.39 1.40 1.46 1.61 1.80 1.96 2.06 2.08 2.06 2.07 2.12 2.18 2.23 2.18 2.03 1.82 1.50 1.34 1.33 1.35 1.35 1.32 1.29 1.30 1.34 1.41 1.48 1.56
1.45 1.36 1.25 1.14 1.01 0.86 0.77 0.79 0.85 0.94 1.03 1.07 1.13 1.19 1.26 1.40 1.52 1.53 1.44 1.34 1.26 1.22 1.19 1.12 1.07 1.05 1.08 1.12 1.17 1.19 1.15 1.06 1.07 1.18 1.31 1.38 1.39 1.36 1.34 1.38 1.49 1.60 1.71 1.82 1.88 1.84 1.76 1.73 1.67 1.58 1.46 1.38 1.36 1.40 1.48 1.55 1.59 1.59 1.68 1.86 2.03 2.13 2.18 2.19 2.17 2.12 2.10 2.13 2.21 2.23 2.17 2.07 1.88 1.78 1.79 1.83 1.83 1.77 1.70 1.66 1.63 1.64 1.71 1.79
1.53 1.49 1.36 1.22 1.16 1.15 1.19 1.28 1.40 1.50 1.58 1.63 1.63 1.55 1.44 1.40 1.46 1.51 1.49 1.42 1.35 1.29 1.25 1.20 1.18 1.19 1.20 1.23 1.29 1.37 1.39 1.36 1.32 1.34 1.43 1.56 1.65 1.67 1.68 1.72 1.80 1.88 1.92 1.89 1.78 1.62 1.49 1.50 1.57 1.57 1.55 1.52 1.52 1.58 1.64 1.66 1.69 1.74 1.87 2.00 2.05 2.04 2.01 2.02 2.04 2.03 2.01 1.97 1.98 2.07 2.20 2.28 2.35 2.34 2.33 2.40 2.44 2.41 2.34 2.24 2.12 2.00 1.94 1.90
1.51 1.44 1.31 1.22 1.28 1.37 1.54 1.73 1.87 1.94 1.97 1.97 1.93 1.80 1.64 1.52 1.49 1.51 1.50 1.48 1.44 1.40 1.37 1.34 1.31 1.29 1.30 1.33 1.38 1.47 1.56 1.64 1.70 1.75 1.81 1.88 1.92 1.93 1.96 2.01 2.02 1.99 1.89 1.73 1.51 1.29 1.18 1.23 1.42 1.55 1.62 1.66 1.69 1.71 1.72 1.71 1.75 1.85 1.92 1.95 1.87 1.77 1.69 1.69 1.76 1.84 1.88 1.86 1.78 1.82 2.02 2.23 2.39 2.46 2.52 2.63 2.71 2.71 2.64 2.58 2.46 2.30 2.11 1.91
1.37 1.28 1.19 1.23 1.38 1.61 1.82 1.97 2.06 2.07 2.03 1.99 1.96 1.88 1.79 1.68 1.58 1.52 1.50 1.50 1.50 1.51 1.53 1.53 1.51 1.47 1.48 1.50 1.52 1.60 1.73 1.89 2.03 2.14 2.20 2.18 2.12 2.07 2.06 2.05 1.97 1.82 1.64 1.42 1.22 1.10 1.08 1.19 1.42 1.62 1.79 1.90 1.93 1.88 1.82 1.80 1.84 1.86 1.86 1.77 1.61 1.46 1.35 1.30 1.36 1.44 1.52 1.54 1.52 1.54 1.64 1.82 2.00 2.13 2.24 2.34 2.41 2.43 2.44 2.46 2.43 2.34 2.19 1.94
1.50 1.39 1.35 1.48 1.68 1.87 1.97 2.00 1.98 1.90 1.83 1.80 1.79 1.80 1.79 1.73 1.63 1.53 1.51 1.56 1.61 1.68 1.76 1.81 1.80 1.77 1.75 1.76 1.80 1.88 2.00 2.12 2.21 2.24 2.21 2.14 2.06 1.98 1.92 1.82 1.67 1.50 1.31 1.13 1.05 1.08 1.20 1.39 1.56 1.77 1.94 2.04 2.07 2.08 2.00 1.93 1.87 1.81 1.71 1.52 1.33 1.16 0.98 0.88 0.87 0.89 0.92 0.98 1.06 1.11 1.23 1.34 1.44 1.52 1.60 1.68 1.69 1.72 1.79 1.88 2.05 2.20 2.22 2.11
1.68 1.71 1.82 1.92 1.98 2.01 1.94 1.84 1.74 1.66 1.63 1.61 1.60 1.63 1.66 1.66 1.60 1.54 1.57 1.65 1.76 1.87 1.98 2.05 2.06 2.04 2.02 2.04 2.10 2.17 2.23 2.23 2.16 2.04 1.90 1.80 1.78 1.73 1.63 1.47 1.29 1.16 1.06 1.04 1.09 1.19 1.36 1.52 1.70 1.88 1.97 2.02 2.07 2.11 2.09 2.00 1.86 1.70 1.50 1.29 1.09 0.86 0.66 0.56 0.52 0.51 0.52 0.56 0.66 0.79 0.91 1.02 1.08 1.10 1.13 1.16 1.23 1.31 1.40 1.52 1.68 1.93 2.13 2.16
1.73 1.88 2.06 2.08 2.04 1.96 1.81 1.69 1.56 1.53 1.53 1.51 1.49 1.50 1.54 1.57 1.56 1.56 1.60 1.67 1.73 1.80 1.89 1.99 2.05 2.09 2.12 2.17 2.21 2.22 2.17 2.03 1.84 1.68 1.57 1.52 1.48 1.40 1.27 1.13 1.02 0.97 0.99 1.11 1.23 1.34 1.48 1.61 1.76 1.85 1.84 1.83 1.86 1.92 1.96 1.93 1.80 1.63 1.41 1.21 1.01 0.80 0.63 0.52 0.49 0.50 0.54 0.61 0.70 0.74 0.77 0.80 0.85 0.89 0.90 0.94 1.05 1.19 1.28 1.34 1.44 1.62 1.86 2.00
1.72 1.84 1.98 1.99 1.92 1.78 1.65 1.57 1.50 1.47 1.46 1.43 1.41 1.42 1.47 1.52 1.54 1.56 1.56 1.54 1.52 1.50 1.52 1.62 1.77 1.92 2.03 2.09 2.08 1.99 1.84 1.63 1.44 1.31 1.27 1.23 1.15 1.03 0.94 0.93 0.96 1.03 1.14 1.25 1.39 1.53 1.62 1.72 1.76 1.74 1.69 1.68 1.70 1.73 1.78 1.80 1.76 1.66 1.48 1.27 1.09 0.96 0.86 0.82 0.81 0.81 0.86 0.92 0.89 0.81 0.74 0.71 0.69 0.68 0.70 0.78 0.91 1.03 1.09 1.12 1.20 1.32 1.54 1.78
1.70 1.69 1.73 1.80 1.79 1.68 1.55 1.44 1.39 1.37 1.34 1.31 1.30 1.31 1.37 1.45 1.51 1.53 1.50 1.45 1.42 1.41 1.44 1.53 1.69 1.83 1.90 1.88 1.79 1.65 1.48 1.32 1.14 1.02 0.95 0.92 0.89 0.85 0.83 0.91 1.07 1.23 1.32 1.43 1.57 1.69 1.78 1.80 1.73 1.64 1.58 1.56 1.57 1.61 1.68 1.74 1.77 1.75 1.64 1.46 1.31 1.22 1.18 1.17 1.17 1.18 1.20 1.14 1.01 0.91 0.86 0.78 0.65 0.57 0.59 0.65 0.71 0.78 0.85 0.93 1.01 1.11 1.29 1.58
1.69 1.62 1.56 1.64 1.72 1.71 1.63 1.48 1.39 1.35 1.31 1.27 1.24 1.25 1.31 1.37 1.49 1.56 1.57 1.56 1.59 1.66 1.76 1.85 1.88 1.84 1.75 1.63 1.50 1.37 1.22 1.07 0.96 0.89 0.83 0.81 0.86 0.93 0.98 1.04 1.18 1.31 1.43 1.58 1.72 1.84 1.88 1.83 1.72 1.57 1.45 1.38 1.40 1.49 1.61 1.72 1.79 1.82 1.80 1.72 1.62 1.57 1.56 1.57 1.57 1.53 1.44 1.35 1.25 1.20 1.11 0.96 0.77 0.67 0.66 0.64 0.61 0.63 0.69 0.78 0.90 1.01 1.14 1.37
1.69 1.61 1.49 1.53 1.64 1.73 1.76 1.69 1.59 1.54 1.51 1.45 1.42 1.40 1.42 1.45 1.53 1.65 1.72 1.76 1.82 1.92 1.98 1.97 1.87 1.71 1.54 1.39 1.25 1.13 1.03 0.96 0.92 0.96 0.98 0.98 1.01 1.10 1.19 1.21 1.26 1.35 1.51 1.68 1.83 1.91 1.91 1.84 1.72 1.55 1.35 1.24 1.28 1.41 1.56 1.66 1.72 1.81 1.88 1.90 1.94 1.99 2.06 2.11 2.06 1.95 1.79 1.66 1.61 1.55 1.37 1.13 0.97 0.93 0.89 0.79 0.70 0.70 0.74 0.78 0.84 0.94 1.05 1.19
1.62 1.50 1.36 1.38 1.48 1.66 1.78 1.81 1.75 1.71 1.70 1.65 1.64 1.64 1.64 1.62 1.61 1.68 1.76 1.83 1.89 1.91 1.85 1.71 1.55 1.42 1.30 1.18 1.05 0.98 0.97 1.03 1.09 1.13 1.19 1.23 1.24 1.29 1.36 1.36 1.37 1.43 1.59 1.74 1.86 1.89 1.85 1.79 1.73 1.62 1.45 1.29 1.27 1.36 1.45 1.54 1.63 1.77 1.89 1.99 2.10 2.21 2.32 2.38 2.42 2.36 2.21 2.07 1.95 1.80 1.60 1.39 1.27 1.21 1.14 1.05 0.99 1.00 0.99 0.96 0.92 0.92 0.98 1.06
1.56 1.46 1.34 1.31 1.38 1.52 1.70 1.80 1.80 1.74 1.66 1.60 1.61 1.65 1.69 1.67 1.63 1.62 1.67 1.73 1.74 1.65 1.50 1.34 1.21 1.12 1.06 1.02 0.99 0.99 1.10 1.25 1.33 1.37 1.39 1.43 1.46 1.48 1.50 1.51 1.53 1.58 1.66 1.75 1.77 1.73 1.67 1.66 1.72 1.73 1.67 1.55 1.41 1.39 1.42 1.51 1.64 1.79 1.88 1.98 2.05 2.15 2.25 2.30 2.40 2.44 2.41 2.37 2.27 2.14 2.03 1.92 1.77 1.58 1.42 1.34 1.35 1.38 1.33 1.21 1.07 0.94 0.88 0.93
1.64 1.61 1.51 1.40 1.40 1.47 1.61 1.75 1.80 1.76 1.65 1.54 1.51 1.52 1.55 1.47 1.53 1.54 1.57 1.57 1.47 1.29 1.12 0.99 0.88 0.79 0.72 0.76 0.92 1.12 1.32 1.46 1.56 1.61 1.62 1.63 1.62 1.61 1.59 1.60 1.65 1.68 1.72 1.71 1.63 1.50 1.46 1.51 1.63 1.76 1.79 1.74 1.63 1.54 1.52 1.57 1.66 1.77 1.84 1.88 1.87 1.86 1.81 1.84 1.98 2.16 2.30 2.42 2.49 2.48 2.47 2.42 2.27 2.06 1.84 1.75 1.72 1.67 1.54 1.31 1.09 0.92 0.83 0.82
1.69 1.66 1.59 1.51 1.46 1.48 1.55 1.68 1.80 1.85 1.81 1.70 1.62 1.55 1.50 1.43 1.44 1.49 1.49 1.38 1.17 0.95 0.76 0.65 0.61 0.56 0.49 0.52 0.73 1.02 1.28 1.43 1.53 1.62 1.69 1.71 1.67 1.64 1.61 1.61 1.65 1.71 1.75 1.71 1.62 1.49 1.42 1.44 1.52 1.64 1.76 1.77 1.76 1.69 1.62 1.57 1.60 1.64 1.69 1.68 1.65 1.57 1.48 1.48 1.56 1.74 1.97 2.19 2.35 2.45 2.52 2.55 2.49 2.39 2.27 2.14 1.97 1.75 1.50 1.26 1.09 0.98 0.87 0.74
1.58 1.47 1.38 1.40 1.43 1.45 1.47 1.56 1.72 1.86 1.90 1.83 1.73 1.63 1.55 1.47 1.46 1.47 1.39 1.20 0.98 0.79 0.72 0.59 0.60 0.62 0.60 0.59 0.67 0.82 0.96 1.09 1.19 1.30 1.40 1.48 1.52 1.52 1.54 1.58 1.60 1.64 1.66 1.64 1.60 1.53 1.42 1.39 1.42 1.49 1.60 1.71 1.74 1.72 1.64 1.52 1.49 1.48 1.51 1.48 1.42 1.31 1.25 1.30 1.41 1.52 1.64 1.79 1.91 2.02 2.12 2.23 2.32 2.35 2.36 2.31 2.08 1.72 1.46 1.31 1.22 1.08 0.90 0.75
1.35 1.22 1.11 1.16 1.21 1.22 1.24 1.33 1.48 1.68 1.81 1.82 1.73 1.63 1.57 1.53 1.51 1.47 1.35 1.06 1.08 0.98 0.92 0.88 0.88 0.92 0.91 0.88 0.85 0.86 0.89 0.91 0.93 0.97 1.04 1.15 1.30 1.38 1.45 1.51 1.52 1.51 1.45 1.35 1.24 1.20 1.17 1.16 1.19 1.32 1.44 1.56 1.65 1.64 1.55 1.43 1.38 1.39 1.39 1.36 1.27 1.12 1.12 1.18 1.30 1.40 1.44 1.48 1.52 1.57 1.60 1.70 1.87 2.03 2.18 2.27 2.19 1.92 1.64 1.49 1.32 1.13 0.97 0.89
1.31 1.23 1.16 1.15 1.08 1.03 1.04 1.11 1.24 1.43 1.63 1.75 1.74 1.65 1.58 1.51 1.49 1.46 1.25 1.33 1.27 1.25 1.25 1.23 1.23 1.23 1.22 1.16 1.10 1.08 1.08 1.05 0.99 0.93 0.92 1.02 1.17 1.28 1.37 1.43 1.43 1.37 1.21 0.97 0.83 0.81 0.85 0.91 1.02 1.15 1.31 1.44 1.51 1.52 1.45 1.39 1.38 1.40 1.38 1.35 1.28 1.18 1.18 1.17 1.19 1.20 1.22 1.27 1.33 1.35 1.37 1.42 1.53 1.68 1.83 2.04 2.19 2.16 1.94 1.66 1.39 1.24 1.18 1.17
1.49 1.48 1.50 1.46 1.36 1.19 1.09 1.07 1.11 1.23 1.39 1.58 1.69 1.68 1.59 1.48 1.44 1.42 1.43 1.48 1.51 1.54 1.57 1.58 1.58 1.54 1.48 1.39 1.29 1.22 1.20 1.19 1.16 1.09 1.03 1.04 1.14 1.25 1.37 1.42 1.39 1.28 1.10 0.91 0.83 0.85 0.93 1.05 1.14 1.20 1.26 1.34 1.40 1.45 1.42 1.41 1.41 1.43 1.41 1.42 1.39 1.35 1.28 1.15 1.05 1.02 1.05 1.13 1.22 1.29 1.32 1.36 1.39 1.47 1.59 1.77 2.02 2.18 2.17 1.99 1.75 1.63 1.59 1.58
1.60 1.67 1.74 1.71 1.63 1.47 1.30 1.17 1.13 1.13 1.19 1.33 1.51 1.60 1.57 1.48 1.43 1.43 1.52 1.64 1.74 1.82 1.90 1.94 1.93 1.87 1.79 1.67 1.51 1.35 1.25 1.22 1.23 1.27 1.29 1.27 1.29 1.38 1.48 1.52 1.52 1.43 1.27 1.18 1.19 1.27 1.38 1.45 1.46 1.37 1.31 1.29 1.36 1.42 1.42 1.43 1.43 1.45 1.45 1.49 1.49 1.45 1.34 1.14 0.97 0.90 0.94 1.04 1.15 1.22 1.26 1.29 1.34 1.37 1.46 1.57 1.76 2.02 2.21 2.32 2.30 2.20 2.07 1.98
1.63 1.70 1.74 1.70 1.64 1.53 1.41 1.29 1.18 1.12 1.13 1.20 1.32 1.45 1.50 1.48 1.42 1.43 1.55 1.72 1.84 1.94 2.02 2.07 2.07 2.03 1.98 1.91 1.76 1.57 1.40 1.29 1.27 1.33 1.40 1.45 1.49 1.55 1.60 1.70 1.81 1.82 1.78 1.68 1.63 1.68 1.74 1.71 1.62 1.48 1.35 1.30 1.35 1.41 1.43 1.42 1.43 1.48 1.49 1.53 1.54 1.53 1.45 1.29 1.08 0.97 0.95 1.02 1.11 1.18 1.20 1.20 1.25 1.30 1.36 1.44 1.58 1.79 2.05 2.30 2.47 2.45 2.32 2.16
