project/data/elevation/US_DEM2016/US_DEM2016_point_10-31-2019_0450_30m_vel.asc
ncols	125
nrows	167
xllcorner	-2042055.000000
yllcorner	1465035.000000
cellsize	30.000000
NODATA_value	-9999.000000
[rows 0 to 37 of 167, columns 0 to 83 of 125]
3.47 3.23 3.12 3.46 4.00 4.67 5.38 5.96 6.27 6.49 6.79 7.19 7.25 6.85 6.62 6.75 6.91 6.75 6.13 5.55 5.27 5.41 5.83 6.23 6.48 6.46 6.13 5.25 4.15 3.16 2.46 2.06 1.89 1.77 1.64 1.58 1.72 2.01 2.35 2.55 2.64 2.72 2.81 2.89 2.87 2.74 2.58 2.62 2.95 3.59 4.32 5.02 5.60 6.11 6.29 6.30 6.12 5.56 5.02 4.64 4.38 4.23 4.24 4.53 4.78 4.87 4.80 4.53 4.04 3.74 3.69 3.79 3.92 4.05 4.16 4.23 4.30 4.50 4.88 5.23 5.43 5.32 4.93 4.93
3.47 3.23 3.12 3.46 4.00 4.67 5.38 5.96 6.27 6.49 6.79 7.19 7.25 6.85 6.62 6.75 6.91 6.75 6.13 5.55 5.27 5.41 5.83 6.23 6.48 6.46 6.13 5.25 4.15 3.16 2.46 2.06 1.89 1.77 1.64 1.58 1.72 2.01 2.35 2.55 2.64 2.72 2.81 2.89 2.87 2.74 2.58 2.62 2.95 3.59 4.32 5.02 5.60 6.11 6.29 6.30 6.12 5.56 5.02 4.64 4.38 4.23 4.24 4.53 4.78 4.87 4.80 4.53 4.04 3.74 3.69 3.79 3.92 4.05 4.16 4.23 4.30 4.50 4.88 5.23 5.43 5.32 4.93 4.93
3.32 3.19 3.24 3.58 3.97 4.55 5.15 5.62 5.89 6.02 6.22 6.53 6.60 6.42 6.24 6.28 6.37 6.30 5.89 5.40 5.24 5.42 5.72 5.90 5.94 5.78 5.24 4.40 3.56 2.84 2.34 2.06 1.92 1.84 1.75 1.73 1.86 2.08 2.28 2.41 2.47 2.56 2.67 2.85 3.03 3.10 3.10 3.15 3.45 3.97 4.52 4.97 5.32 5.59 5.71 5.71 5.61 5.37 5.00 4.58 4.24 4.04 4.08 4.27 4.40 4.45 4.44 4.38 4.29 4.13 4.04 4.02 3.99 3.95 3.92 3.94 4.04 4.30 4.63 4.81 4.78 4.75 4.79 5.00
3.41 3.37 3.58 3.86 4.12 4.43 4.79 4.99 5.01 4.98 5.08 5.22 5.29 5.26 5.26 5.23 5.22 5.30 5.23 5.10 5.20 5.44 5.46 5.19 4.84 4.41 3.85 3.33 2.88 2.56 2.34 2.21 2.19 2.24 2.24 2.23 2.26 2.32 2.33 2.35 2.52 2.74 2.93 3.19 3.49 3.70 3.85 3.97 4.19 4.52 4.77 4.82 4.74 4.64 4.57 4.39 4.31 4.43 4.49 4.41 4.25 4.09 3.98 3.87 3.71 3.61 3.65 3.86 4.12 4.28 4.29 4.15 3.93 3.70 3.54 3.52 3.65 3.91 4.08 3.95 3.78 4.06 4.60 5.05
3.63 3.66 3.90 4.08 4.22 4.39 4.51 4.54 4.40 4.26 4.18 4.18 4.24 4.27 4.34 4.31 4.28 4.40 4.64 4.91 5.23 5.32 5.05 4.46 3.83 3.36 3.13 2.98 2.84 2.74 2.69 2.73 2.87 2.97 2.95 2.86 2.79 2.77 2.70 2.71 2.96 3.23 3.50 3.79 3.96 4.05 4.13 4.31 4.57 4.79 4.84 4.66 4.35 4.00 3.68 3.25 3.01 3.07 3.40 3.79 4.01 4.04 3.90 3.56 3.25 3.03 2.96 3.05 3.25 3.42 3.49 3.42 3.29 3.18 3.17 3.26 3.41 3.54 3.59 3.48 3.48 3.90 4.50 4.78
3.69 3.78 4.05 4.22 4.25 4.30 4.31 4.15 4.02 3.90 3.69 3.55 3.63 3.80 4.02 4.09 4.07 4.12 4.39 4.77 5.03 4.91 4.41 3.68 3.08 2.85 2.88 2.96 3.02 3.10 3.23 3.41 3.54 3.50 3.37 3.25 3.21 3.20 3.15 3.12 3.20 3.34 3.57 3.89 4.06 4.09 4.14 4.35 4.60 4.78 4.78 4.57 4.23 3.71 3.17 2.78 2.69 2.78 2.94 3.10 3.26 3.37 3.31 3.07 2.85 2.72 2.66 2.63 2.59 2.54 2.50 2.47 2.48 2.59 2.79 3.00 3.17 3.29 3.38 3.42 3.53 3.85 4.22 4.22
3.81 3.96 4.22 4.37 4.32 4.18 4.00 3.75 3.63 3.62 3.49 3.28 3.30 3.66 4.08 4.15 4.14 4.17 4.21 4.30 4.41 4.22 3.70 3.10 2.81 2.77 2.85 2.96 3.11 3.34 3.60 3.82 3.84 3.76 3.66 3.63 3.68 3.67 3.55 3.40 3.31 3.34 3.45 3.64 3.75 3.70 3.72 3.93 4.28 4.55 4.64 4.50 4.16 3.85 3.57 3.37 3.42 3.45 3.32 3.08 2.81 2.63 2.53 2.50 2.51 2.55 2.59 2.59 2.53 2.40 2.27 2.21 2.27 2.44 2.66 2.84 2.97 3.12 3.34 3.48 3.59 3.78 3.88 3.64
3.97 4.19 4.51 4.52 4.37 4.01 3.64 3.38 3.40 3.54 3.48 3.24 3.25 3.67 4.07 4.02 3.90 3.88 3.77 3.65 3.68 3.55 3.17 2.87 2.78 2.81 2.90 3.00 3.17 3.43 3.73 3.95 4.05 4.15 4.29 4.49 4.55 4.44 4.22 3.94 3.66 3.49 3.45 3.40 3.27 3.16 3.17 3.44 3.99 4.52 4.65 4.48 4.22 4.18 4.22 4.24 4.12 3.89 3.52 3.07 2.63 2.32 2.22 2.27 2.37 2.48 2.60 2.70 2.68 2.54 2.39 2.34 2.40 2.54 2.71 2.84 2.95 3.16 3.42 3.52 3.56 3.63 3.57 3.25
4.27 4.46 4.74 4.63 4.35 3.95 3.53 3.38 3.55 3.66 3.59 3.45 3.51 3.76 3.90 3.69 3.38 3.27 3.21 3.18 3.29 3.14 2.76 2.58 2.61 2.75 2.98 3.22 3.42 3.59 3.88 4.20 4.53 4.97 5.41 5.64 5.60 5.38 5.10 4.78 4.39 4.00 3.71 3.49 3.27 3.16 3.33 3.75 4.40 4.81 4.72 4.24 3.85 3.79 3.87 3.87 3.69 3.34 2.90 2.56 2.36 2.29 2.32 2.38 2.46 2.61 2.82 2.95 2.85 2.62 2.46 2.45 2.54 2.73 2.97 3.16 3.35 3.63 3.77 3.70 3.59 3.53 3.41 3.50
4.49 4.64 4.75 4.60 4.32 4.04 3.75 3.80 4.07 4.17 3.99 3.85 3.86 3.86 3.70 3.34 2.93 2.79 2.92 3.09 3.23 2.95 2.50 2.36 2.49 2.73 3.03 3.35 3.65 3.94 4.32 4.73 5.22 5.67 5.91 5.87 5.71 5.56 5.46 5.33 5.09 4.77 4.41 4.08 3.78 3.73 3.90 4.36 4.88 4.99 4.56 3.69 3.05 2.64 2.56 2.60 2.55 2.33 2.15 2.09 2.16 2.29 2.42 2.55 2.77 3.05 3.33 3.37 3.04 2.66 2.53 2.67 2.98 3.36 3.67 3.91 4.20 4.47 4.48 4.26 4.01 3.85 3.77 3.64
4.77 4.63 4.55 4.52 4.42 4.36 4.42 4.73 4.97 4.92 4.67 4.42 4.19 3.89 3.53 3.08 2.70 2.73 3.05 3.34 3.37 3.03 2.63 2.54 2.67 2.89 3.11 3.40 3.87 4.44 4.92 5.30 5.55 5.54 5.22 4.80 4.69 4.88 5.11 5.25 5.27 5.15 4.90 4.57 4.30 4.15 4.21 4.65 5.01 4.87 4.12 3.19 2.52 2.11 1.88 1.72 1.66 1.70 1.83 2.00 2.17 2.36 2.59 2.85 3.21 3.63 3.85 3.69 3.27 2.86 2.85 3.23 3.77 4.20 4.52 4.76 4.99 5.04 4.86 4.59 4.41 4.31 4.20 4.01
4.88 4.48 4.25 4.50 4.78 5.05 5.39 5.70 5.81 5.58 5.27 4.96 4.58 4.04 3.51 3.14 2.91 3.02 3.35 3.57 3.49 3.16 2.89 2.84 2.97 3.19 3.44 3.83 4.37 4.86 5.11 5.20 5.02 4.52 3.84 3.47 3.63 4.01 4.28 4.48 4.69 4.86 4.91 4.81 4.60 4.40 4.44 4.80 4.90 4.47 3.55 2.86 2.43 2.05 1.73 1.49 1.44 1.62 1.89 2.13 2.38 2.72 3.09 3.41 3.75 4.03 4.06 3.85 3.57 3.41 3.45 3.88 4.38 4.78 5.00 5.08 4.98 4.63 4.08 3.75 3.69 3.72 3.71 3.63
4.63 4.31 4.06 4.40 4.90 5.37 5.72 5.86 5.83 5.64 5.41 5.19 4.88 4.34 3.86 3.56 3.39 3.35 3.43 3.46 3.30 3.02 2.88 2.94 3.14 3.41 3.76 4.15 4.41 4.49 4.40 4.11 3.61 2.96 2.59 2.75 3.12 3.28 3.24 3.40 3.71 4.05 4.41 4.63 4.64 4.55 4.61 4.82 4.60 3.80 2.93 2.41 1.99 1.68 1.53 1.55 1.69 1.90 2.15 2.46 2.85 3.29 3.68 3.93 4.09 4.15 4.08 4.00 3.98 3.99 4.09 4.45 4.89 5.07 4.93 4.55 3.96 3.21 2.60 2.41 2.53 2.72 2.88 2.94
4.52 4.42 4.28 4.29 4.49 4.80 5.00 5.00 4.85 4.78 4.81 4.82 4.76 4.55 4.30 4.03 3.76 3.50 3.29 3.07 2.79 2.59 2.63 2.80 3.03 3.23 3.44 3.53 3.42 3.19 2.90 2.49 2.08 1.81 1.91 2.32 2.54 2.44 2.39 2.58 2.81 3.12 3.47 3.79 4.08 4.33 4.56 4.65 4.29 3.41 2.57 1.88 1.44 1.38 1.57 1.86 2.08 2.27 2.54 2.96 3.42 3.82 4.09 4.24 4.32 4.35 4.35 4.34 4.37 4.41 4.57 4.95 5.13 4.82 4.13 3.29 2.58 2.16 2.01 2.16 2.49 2.78 2.94 2.92
4.65 4.68 4.43 4.11 3.83 3.72 3.62 3.41 3.22 3.31 3.57 3.84 4.00 4.14 4.20 4.14 3.90 3.52 3.13 2.69 2.29 2.23 2.40 2.57 2.62 2.60 2.55 2.40 2.20 2.04 1.87 1.74 1.73 1.81 1.97 2.11 2.11 2.10 2.17 2.31 2.40 2.52 2.69 2.94 3.38 4.07 4.47 4.52 4.09 3.36 2.47 1.79 1.57 1.77 2.18 2.45 2.51 2.61 2.93 3.43 3.97 4.34 4.57 4.71 4.82 4.93 4.94 4.84 4.76 4.77 4.96 5.14 4.81 3.88 2.93 2.40 2.26 2.24 2.36 2.72 3.17 3.48 3.53 3.48
4.72 4.56 4.10 3.63 3.07 2.68 2.40 2.16 2.13 2.27 2.51 2.69 2.88 3.17 3.54 3.77 3.75 3.48 3.03 2.52 2.21 2.25 2.40 2.41 2.27 2.10 1.99 1.96 1.95 1.93 1.92 2.02 2.23 2.41 2.46 2.48 2.49 2.54 2.62 2.68 2.72 2.78 2.92 3.25 3.77 4.40 4.60 4.40 3.83 3.09 2.49 2.22 2.28 2.65 2.99 3.06 2.95 3.00 3.41 4.05 4.64 5.08 5.32 5.43 5.54 5.66 5.66 5.53 5.40 5.35 5.31 4.97 4.05 3.08 2.66 2.72 2.87 2.88 2.98 3.35 3.82 4.08 4.10 4.23
4.52 4.09 3.42 2.92 2.32 2.04 2.01 2.03 2.11 2.34 2.55 2.63 2.70 2.93 3.21 3.34 3.37 3.32 3.06 2.76 2.61 2.58 2.52 2.40 2.27 2.19 2.22 2.35 2.45 2.48 2.48 2.52 2.68 2.92 3.10 3.24 3.32 3.33 3.32 3.38 3.54 3.78 4.05 4.45 4.87 5.00 4.70 4.18 3.59 3.10 2.79 2.77 3.02 3.39 3.64 3.63 3.50 3.68 4.27 4.98 5.59 5.96 6.09 6.11 6.09 6.09 6.08 6.05 6.01 5.82 5.45 4.76 3.77 3.36 3.53 3.78 3.79 3.64 3.67 4.00 4.39 4.62 4.81 5.08
4.27 3.86 3.09 2.42 2.06 2.11 2.44 2.76 3.07 3.40 3.61 3.67 3.70 3.67 3.54 3.25 3.08 3.13 3.14 3.08 2.99 2.80 2.58 2.47 2.48 2.57 2.73 2.88 2.99 3.07 3.10 3.06 3.13 3.37 3.64 3.88 4.03 4.06 4.03 4.15 4.49 4.82 5.14 5.36 5.35 4.95 4.28 3.70 3.40 3.25 3.15 3.24 3.57 3.97 4.15 4.10 4.13 4.49 5.23 5.92 6.34 6.42 6.30 6.16 6.03 5.93 5.89 5.89 5.94 5.82 5.53 5.20 4.77 4.75 5.09 5.28 5.18 4.96 4.93 5.04 5.19 5.34 5.53 5.64
4.18 3.83 3.04 2.44 2.39 2.97 3.68 4.22 4.64 4.92 5.05 5.06 4.91 4.52 3.98 3.44 3.13 3.09 3.16 3.17 3.08 2.90 2.72 2.69 2.81 2.97 3.12 3.26 3.41 3.58 3.75 3.87 3.98 4.10 4.27 4.51 4.75 4.85 4.94 5.12 5.37 5.56 5.57 5.33 4.77 3.95 3.19 2.91 3.09 3.29 3.52 3.80 4.19 4.51 4.54 4.39 4.56 5.18 5.90 6.30 6.32 6.06 5.70 5.46 5.37 5.38 5.44 5.44 5.40 5.42 5.60 5.84 6.18 6.45 6.68 6.86 6.90 6.85 6.75 6.55 6.33 6.14 5.99 5.69
3.90 3.39 2.64 2.49 3.06 4.06 4.95 5.55 5.88 5.94 5.83 5.61 5.29 4.79 4.29 3.83 3.47 3.27 3.22 3.21 3.15 3.08 3.06 3.14 3.24 3.35 3.49 3.67 3.84 4.04 4.37 4.75 5.09 5.30 5.40 5.50 5.54 5.53 5.66 5.82 5.82 5.59 5.13 4.43 3.57 2.76 2.36 2.46 3.02 3.54 4.02 4.46 4.78 4.85 4.71 4.59 4.95 5.62 5.98 5.96 5.59 5.10 4.68 4.46 4.47 4.64 4.81 4.88 4.82 4.90 5.32 5.88 6.45 6.85 7.10 7.38 7.58 7.62 7.49 7.25 6.89 6.52 6.04 5.44
3.23 2.80 2.49 2.94 4.08 5.22 5.90 6.16 6.16 5.93 5.60 5.27 4.95 4.62 4.38 4.12 3.79 3.50 3.37 3.35 3.36 3.44 3.61 3.78 3.88 3.93 4.09 4.30 4.47 4.71 5.13 5.64 6.05 6.28 6.33 6.16 5.91 5.78 5.78 5.68 5.33 4.72 3.93 3.09 2.48 2.24 2.36 2.85 3.56 4.18 4.75 5.17 5.30 5.13 4.91 4.97 5.36 5.62 5.58 5.14 4.54 3.99 3.58 3.36 3.44 3.53 3.61 3.72 3.88 4.13 4.51 5.00 5.54 5.93 6.17 6.42 6.61 6.68 6.69 6.57 6.43 6.14 5.77 5.26
3.32 3.25 3.51 4.34 5.41 6.09 6.22 6.00 5.63 5.17 4.81 4.56 4.32 4.19 4.12 4.01 3.82 3.61 3.53 3.61 3.80 4.10 4.41 4.62 4.77 4.87 5.02 5.20 5.41 5.69 6.09 6.40 6.47 6.36 6.09 5.71 5.47 5.32 5.09 4.62 3.99 3.29 2.58 2.10 2.09 2.44 3.03 3.79 4.40 4.96 5.36 5.50 5.44 5.33 5.20 5.26 5.38 5.25 4.80 4.09 3.42 2.90 2.45 2.34 2.45 2.43 2.32 2.41 2.73 3.11 3.63 3.99 4.22 4.31 4.34 4.47 4.45 4.57 4.75 4.86 5.18 5.42 5.46 5.41
4.09 4.48 5.19 5.78 6.19 6.26 5.86 5.30 4.74 4.38 4.17 3.99 3.81 3.70 3.65 3.65 3.65 3.63 3.72 3.93 4.31 4.72 5.03 5.27 5.43 5.61 5.82 6.03 6.26 6.49 6.62 6.47 6.02 5.42 4.80 4.42 4.47 4.34 3.82 3.12 2.47 2.07 1.87 2.02 2.50 3.08 3.80 4.49 5.07 5.45 5.50 5.36 5.18 5.14 5.17 5.15 4.98 4.55 3.87 3.14 2.51 1.98 1.72 1.83 2.03 2.05 2.05 2.19 2.43 2.77 3.15 3.47 3.53 3.37 3.13 3.02 3.09 3.42 3.69 3.88 4.20 4.62 5.00 5.20
4.70 5.16 5.80 6.04 6.03 5.72 5.12 4.57 4.09 3.89 3.78 3.62 3.47 3.34 3.28 3.35 3.49 3.65 3.82 3.98 4.22 4.47 4.75 5.09 5.39 5.70 6.01 6.27 6.41 6.40 6.13 5.52 4.64 3.90 3.43 3.36 3.39 3.03 2.37 1.90 1.68 1.70 2.00 2.60 3.19 3.76 4.42 5.00 5.40 5.45 5.14 4.78 4.60 4.60 4.68 4.65 4.40 3.94 3.28 2.65 2.09 1.68 1.63 1.85 2.04 2.13 2.32 2.64 2.86 2.94 3.06 3.21 3.22 2.99 2.66 2.55 2.82 3.23 3.38 3.43 3.69 3.95 4.25 4.50
5.14 5.29 5.48 5.51 5.32 4.87 4.39 4.01 3.75 3.61 3.48 3.30 3.17 3.09 3.09 3.21 3.43 3.63 3.74 3.72 3.70 3.75 3.98 4.39 4.93 5.40 5.75 5.88 5.75 5.37 4.72 3.86 3.01 2.53 2.37 2.40 2.20 1.81 1.53 1.54 1.76 2.18 2.77 3.36 3.91 4.49 5.00 5.37 5.43 5.13 4.69 4.38 4.23 4.16 4.14 4.12 4.00 3.70 3.18 2.61 2.19 2.08 2.28 2.57 2.74 2.85 3.11 3.28 3.18 3.02 2.98 3.04 3.00 2.82 2.58 2.60 2.92 3.10 2.98 2.99 3.20 3.33 3.52 3.82
5.53 5.21 4.89 4.84 4.63 4.28 3.94 3.65 3.48 3.35 3.20 3.06 2.94 2.92 3.05 3.24 3.47 3.64 3.69 3.66 3.68 3.81 4.12 4.56 5.06 5.37 5.36 5.08 4.59 3.93 3.13 2.43 1.90 1.67 1.67 1.69 1.59 1.53 1.65 1.95 2.41 2.99 3.54 4.10 4.67 5.17 5.48 5.50 5.21 4.75 4.33 4.06 3.89 3.84 3.88 3.90 3.87 3.71 3.40 3.01 2.81 2.95 3.27 3.53 3.66 3.81 3.88 3.62 3.21 3.08 3.10 2.96 2.79 2.73 2.70 2.80 2.99 2.96 2.75 2.78 2.91 2.96 3.09 3.46
5.72 5.25 4.64 4.46 4.29 4.11 3.97 3.74 3.54 3.41 3.27 3.15 3.07 3.10 3.25 3.49 3.63 3.79 3.92 4.07 4.32 4.70 5.12 5.41 5.47 5.23 4.71 4.03 3.32 2.64 2.00 1.63 1.54 1.63 1.74 1.81 1.93 2.13 2.37 2.64 3.05 3.53 4.12 4.77 5.33 5.69 5.69 5.38 4.87 4.34 3.91 3.64 3.57 3.65 3.80 3.89 3.83 3.78 3.78 3.80 3.91 4.21 4.51 4.66 4.70 4.63 4.37 3.98 3.72 3.67 3.46 3.06 2.76 2.81 2.91 2.91 2.96 2.97 2.94 2.96 2.96 2.92 3.00 3.23
5.81 5.33 4.65 4.39 4.22 4.13 4.16 4.10 3.96 3.89 3.81 3.67 3.65 3.70 3.75 3.77 3.84 3.99 4.26 4.60 5.00 5.35 5.51 5.39 5.00 4.38 3.66 2.89 2.18 1.68 1.48 1.55 1.82 2.16 2.38 2.52 2.66 2.84 3.07 3.28 3.54 3.96 4.62 5.28 5.75 5.88 5.62 5.08 4.51 4.00 3.60 3.45 3.51 3.68 3.81 3.78 3.69 3.85 4.14 4.53 5.05 5.55 5.90 6.04 5.89 5.57 5.13 4.79 4.69 4.45 3.83 3.21 3.05 3.25 3.25 3.04 3.05 3.22 3.30 3.24 3.14 3.05 3.05 3.10
5.73 5.23 4.58 4.30 4.15 4.15 4.18 4.23 4.22 4.18 4.13 4.02 4.02 4.08 4.11 4.03 3.94 4.02 4.33 4.74 5.03 5.05 4.76 4.20 3.61 3.04 2.47 1.89 1.46 1.38 1.58 2.08 2.54 2.81 3.03 3.21 3.34 3.46 3.65 3.80 4.02 4.45 5.13 5.65 5.89 5.73 5.23 4.68 4.24 3.93 3.73 3.66 3.72 3.80 3.71 3.57 3.66 4.04 4.46 5.06 5.76 6.25 6.51 6.56 6.55 6.36 6.08 5.84 5.50 4.94 4.28 3.80 3.80 3.87 3.68 3.48 3.61 3.83 3.81 3.56 3.29 3.14 3.07 3.01
5.53 5.20 4.67 4.36 4.21 4.13 4.11 4.16 4.19 4.11 3.94 3.77 3.75 3.80 3.86 3.90 3.80 3.88 4.14 4.37 4.31 3.91 3.31 2.69 2.20 1.80 1.43 1.20 1.25 1.61 2.27 2.88 3.22 3.42 3.57 3.73 3.91 4.04 4.10 4.23 4.51 4.99 5.49 5.77 5.64 5.16 4.59 4.24 4.14 4.13 4.15 4.16 4.09 4.03 3.86 3.76 3.95 4.35 4.74 5.37 5.89 6.22 6.26 6.18 6.24 6.32 6.35 6.37 6.14 5.74 5.44 5.23 5.06 4.69 4.28 4.24 4.50 4.63 4.33 3.83 3.35 3.07 2.92 2.90
5.60 5.39 4.90 4.57 4.42 4.27 4.15 4.12 4.13 4.08 3.89 3.68 3.57 3.49 3.47 3.66 3.57 3.73 3.88 3.71 3.17 2.47 1.86 1.40 1.05 0.82 0.72 0.85 1.33 2.14 2.91 3.34 3.59 3.77 3.93 4.10 4.22 4.26 4.30 4.46 4.84 5.27 5.60 5.58 5.15 4.47 4.09 3.98 4.06 4.29 4.40 4.45 4.47 4.37 4.23 4.15 4.19 4.44 4.82 5.38 5.62 5.49 5.12 4.98 5.16 5.54 5.90 6.23 6.50 6.59 6.65 6.54 6.19 5.74 5.33 5.28 5.28 5.00 4.41 3.65 3.11 2.88 2.79 2.77
5.79 5.40 4.81 4.56 4.51 4.46 4.27 4.11 4.10 4.18 4.19 4.04 3.86 3.65 3.48 3.42 3.48 3.56 3.40 2.82 2.05 1.43 1.03 0.76 0.60 0.61 0.79 1.13 1.67 2.30 2.84 3.11 3.31 3.53 3.76 3.97 4.01 4.06 4.18 4.48 4.92 5.34 5.53 5.29 4.82 4.29 3.99 3.92 3.97 4.12 4.33 4.46 4.59 4.55 4.40 4.19 4.09 4.17 4.57 5.02 5.07 4.68 4.25 4.12 4.25 4.63 5.12 5.59 6.06 6.44 6.70 6.78 6.58 6.37 6.23 6.01 5.50 4.72 3.88 3.24 2.94 2.81 2.71 2.62
5.63 5.05 4.34 4.21 4.29 4.34 4.18 3.96 3.93 4.06 4.19 4.16 3.99 3.78 3.62 3.48 3.40 3.23 2.76 2.11 1.64 1.32 1.01 1.06 1.05 1.23 1.55 1.85 2.11 2.33 2.47 2.56 2.68 2.84 3.05 3.26 3.44 3.64 3.97 4.44 4.87 5.20 5.20 4.83 4.40 4.04 3.77 3.74 3.81 3.89 4.04 4.30 4.41 4.38 4.21 3.91 3.75 3.77 4.20 4.59 4.50 4.02 3.70 3.75 4.01 4.26 4.46 4.65 4.95 5.26 5.54 5.77 5.95 6.09 6.13 5.94 5.23 4.27 3.63 3.33 3.13 2.82 2.55 2.57
4.99 4.62 4.20 4.09 4.02 3.87 3.66 3.53 3.49 3.60 3.76 3.86 3.82 3.68 3.58 3.43 3.21 2.87 2.45 2.39 1.90 1.95 1.93 1.94 2.00 2.21 2.43 2.62 2.70 2.68 2.65 2.60 2.54 2.52 2.60 2.81 3.15 3.46 3.87 4.36 4.72 4.83 4.53 3.89 3.27 3.01 3.05 3.24 3.42 3.66 3.85 4.01 4.07 3.94 3.77 3.56 3.46 3.58 3.94 4.25 4.13 3.69 3.55 3.70 3.97 4.09 3.99 3.87 3.90 4.05 4.09 4.30 4.70 5.11 5.33 5.36 5.06 4.52 4.05 3.74 3.24 2.74 2.59 2.84
4.54 4.58 4.57 4.40 4.02 3.61 3.37 3.25 3.12 3.12 3.28 3.49 3.61 3.60 3.50 3.31 3.06 2.78 2.86 2.49 2.71 2.81 2.91 2.98 3.05 3.16 3.29 3.33 3.35 3.33 3.25 3.08 2.88 2.74 2.76 2.95 3.24 3.52 3.89 4.29 4.51 4.36 3.75 2.86 2.43 2.48 2.75 3.09 3.41 3.65 3.80 3.83 3.70 3.54 3.43 3.41 3.44 3.62 3.88 4.10 4.06 3.86 3.79 3.80 3.83 3.64 3.37 3.24 3.31 3.41 3.47 3.58 3.85 4.19 4.34 4.63 4.93 4.96 4.67 4.06 3.32 3.01 3.24 3.61
4.79 5.02 5.18 4.91 4.45 3.87 3.50 3.27 3.01 2.81 2.80 3.01 3.29 3.46 3.41 3.21 3.02 2.92 2.98 3.13 3.42 3.67 3.89 4.03 4.10 4.08 4.01 3.92 3.80 3.68 3.55 3.40 3.27 3.19 3.18 3.29 3.53 3.77 4.10 4.39 4.38 3.98 3.27 2.67 2.64 2.99 3.42 3.81 3.99 3.98 3.88 3.75 3.53 3.39 3.38 3.43 3.48 3.66 3.87 4.15 4.23 4.14 3.91 3.64 3.38 3.11 2.88 2.86 3.04 3.19 3.26 3.42 3.57 3.69 3.79 4.12 4.62 5.01 5.08 4.80 4.28 4.22 4.51 4.73
5.19 5.37 5.40 5.05 4.60 4.10 3.68 3.32 2.97 2.61 2.40 2.45 2.75 3.07 3.24 3.13 3.00 3.07 3.26 3.70 4.04 4.38 4.66 4.85 4.88 4.81 4.67 4.46 4.20 3.91 3.65 3.48 3.47 3.61 3.80 3.93 4.07 4.30 4.59 4.73 4.57 4.10 3.54 3.39 3.72 4.20 4.60 4.74 4.63 4.24 3.94 3.72 3.53 3.39 3.41 3.45 3.48 3.67 3.96 4.35 4.45 4.24 3.84 3.38 3.00 2.75 2.70 2.78 2.95 3.04 3.09 3.25 3.41 3.44 3.56 3.85 4.23 4.71 5.20 5.64 5.85 5.83 5.74 5.61
5.45 5.40 5.06 4.60 4.16 3.75 3.47 3.18 2.80 2.40 2.17 2.11 2.24 2.58 2.90 2.98 2.95 3.10 3.44 3.85 4.21 4.50 4.71 4.86 4.91 4.91 4.86 4.74 4.55 4.28 3.94 3.68 3.66 3.88 4.13 4.37 4.61 4.87 5.09 5.23 5.17 4.87 4.69 4.67 4.92 5.22 5.29 5.01 4.59 4.16 3.86 3.73 3.54 3.39 3.40 3.45 3.51 3.77 4.15 4.54 4.55 4.25 3.82 3.39 3.01 2.80 2.76 2.83 2.91 2.95 2.92 2.98 3.18 3.33 3.46 3.68 3.98 4.36 5.01 5.74 6.31 6.38 6.10 5.66
