project/data/elevation/US_DEM2016/US_DEM2016_point_10-31-2019_0147_30m_ang.asc
ncols	125
nrows	167
xllcorner	-2042055.000000
yllcorner	1465035.000000
cellsize	30.000000
NODATA_value	-9999.000000
[rows 0 to 43 of 167, columns 0 to 95 of 125]
356 353 346 342 343 345 346 348 350 353 355 355 354 354 354 355 356 356 356 354 353 351 351 353 355 356 358 359 357 355 352 348 344 341 339 335 335 337 341 344 346 347 348 348 349 349 348 346 345 346 347 349 351 353 354 355 357 356 354 353 351 350 348 348 349 351 354 355 353 350 348 347 348 348 349 350 350 349 348 350 354 355 353 352 351 352 354 355 355 352 351 351 351 350 348 348
356 353 346 342 343 345 346 348 350 353 355 355 354 354 354 355 356 356 356 354 353 351 351 353 355 356 358 359 357 355 352 348 344 341 339 335 335 337 341 344 346 347 348 348 349 349 348 346 345 346 347 349 351 353 354 355 357 356 354 353 351 350 348 348 349 351 354 355 353 350 348 347 348 348 349 350 350 349 348 350 354 355 353 352 351 352 354 355 355 352 351 351 351 350 348 348
3 358 346 340 339 339 340 343 346 351 354 355 354 353 354 356 358 359 358 356 353 349 349 352 355 358 2 4 2 360 357 353 348 345 342 338 334 334 337 341 344 345 346 348 349 350 350 348 346 345 344 346 350 352 353 355 357 358 357 356 353 350 347 345 346 349 353 356 355 353 350 349 348 348 348 349 348 346 344 348 353 355 353 351 351 352 355 358 358 354 351 352 353 351 348 346
13 4 348 339 334 330 329 332 337 344 351 354 354 352 353 356 359 2 2 359 352 347 346 351 357 4 11 13 12 8 4 360 355 351 348 344 338 333 331 334 339 343 345 346 348 350 351 350 347 343 342 343 347 351 353 355 358 0 0 360 357 352 347 343 342 345 350 354 355 355 353 352 351 350 348 346 345 341 339 342 349 352 349 348 350 355 360 2 0 355 353 353 353 350 346 344
15 5 349 341 335 329 324 323 328 335 344 351 353 352 352 355 358 1 2 358 351 346 347 352 1 11 17 18 15 10 6 2 357 354 352 350 346 340 336 334 336 340 343 345 346 347 349 350 347 343 342 344 347 350 353 354 355 356 358 359 359 356 352 347 344 342 343 347 350 352 354 354 354 352 349 345 342 338 336 337 342 344 342 343 349 358 3 4 0 355 353 353 351 346 343 342
13 4 351 343 338 332 326 321 321 325 334 344 350 351 351 353 356 358 358 354 349 347 350 357 7 15 19 17 13 9 5 1 357 356 355 354 351 346 342 337 333 333 337 340 343 345 347 347 346 343 343 346 350 353 355 355 353 351 350 353 356 357 357 353 349 344 341 341 342 346 350 353 354 352 347 343 339 337 334 335 337 336 335 337 347 359 5 4 359 354 353 351 346 341 340 343
9 2 351 345 342 337 332 325 318 317 322 335 344 347 347 351 356 357 355 351 348 348 354 3 11 17 18 15 10 5 2 359 358 358 357 356 353 351 348 343 335 330 330 333 337 341 344 343 342 341 342 346 352 357 359 357 355 352 352 352 354 356 358 357 352 347 342 340 341 343 347 350 351 349 345 341 338 334 332 332 333 332 330 332 343 357 4 3 357 353 351 348 342 339 342 350
3 359 352 349 346 343 338 331 321 315 315 323 334 339 341 347 356 359 357 351 346 349 357 6 13 16 16 12 7 2 359 358 358 357 357 356 355 355 353 350 345 336 329 327 330 336 339 338 336 336 339 345 353 359 1 0 358 357 358 359 358 358 358 357 354 349 344 341 342 345 348 349 349 347 344 341 338 333 330 329 330 328 328 330 337 351 359 359 354 351 348 344 341 343 352 4
356 355 353 352 351 349 345 338 329 322 319 320 325 330 334 342 353 1 1 353 346 348 358 9 14 15 12 9 4 359 356 355 355 354 354 354 356 357 358 357 354 348 340 332 331 335 338 338 335 334 337 344 352 358 1 3 3 4 6 6 4 0 357 356 355 351 345 342 343 346 349 349 348 346 344 342 340 336 334 332 331 328 328 326 335 345 354 353 350 348 346 344 346 355 7 13
348 351 354 356 356 354 350 343 336 332 329 326 324 325 329 337 350 1 2 355 348 350 359 9 13 11 7 4 1 358 354 352 350 349 350 353 356 358 359 360 359 357 352 345 339 338 339 338 335 335 338 344 351 355 360 4 8 11 13 10 5 1 357 354 353 351 347 345 346 348 350 349 347 345 344 343 342 341 340 340 338 336 334 335 338 344 349 348 346 347 347 349 355 5 9 9
340 346 355 359 359 357 353 347 343 341 339 336 332 328 328 334 346 357 359 354 351 354 2 8 9 6 3 0 357 354 351 348 346 346 348 351 354 356 358 359 0 0 358 355 348 342 339 336 334 336 341 349 354 356 359 4 11 15 14 10 4 359 354 350 349 349 349 350 351 351 349 347 345 343 343 344 343 344 346 347 345 343 342 341 342 346 347 344 344 347 352 356 0 4 4 3
330 339 352 358 359 357 353 350 348 348 347 345 342 338 335 336 343 350 353 353 354 359 5 7 5 3 360 355 351 349 347 345 344 346 349 351 351 351 353 356 358 360 0 359 355 349 341 335 334 337 344 353 358 1 3 5 9 12 10 7 2 356 351 348 345 346 349 353 356 354 349 345 342 342 343 343 344 346 349 349 346 344 342 343 345 347 345 342 343 349 355 357 359 359 359 360
330 333 343 352 356 355 353 352 353 354 353 352 350 349 345 342 343 346 348 351 356 3 7 5 1 358 355 351 347 345 344 343 343 347 351 349 346 346 348 351 353 355 357 359 359 354 345 338 335 338 346 355 2 7 8 5 4 4 4 2 357 352 348 346 344 344 348 354 356 355 350 345 341 342 343 345 346 348 350 347 340 335 333 336 341 343 343 341 343 348 352 355 356 357 356 356
338 336 337 342 348 351 351 352 355 356 356 356 356 356 353 349 347 346 346 350 358 7 8 3 358 354 350 347 345 342 341 342 344 348 348 343 340 341 343 343 345 347 351 356 358 356 349 342 340 344 350 359 7 10 6 1 359 359 358 356 353 349 347 346 345 344 347 352 356 355 351 345 343 344 347 349 349 350 350 346 338 331 329 331 334 336 339 341 343 346 349 351 353 353 353 352
341 341 340 339 340 343 347 350 352 353 353 354 356 357 357 355 353 352 350 352 1 8 7 1 357 353 349 346 344 341 341 343 346 348 345 339 336 337 338 338 338 339 342 348 352 353 349 347 347 352 358 5 8 4 358 356 356 356 353 351 349 348 347 346 345 345 347 351 355 356 351 346 346 350 355 355 353 351 350 346 340 336 334 333 332 334 338 341 342 343 346 348 349 349 349 348
338 341 345 345 340 337 337 338 339 338 338 342 347 351 354 357 359 358 356 358 3 5 4 2 360 356 352 349 348 346 344 345 347 349 348 345 342 340 340 341 341 340 340 343 346 347 349 351 354 360 4 6 3 357 353 354 356 354 349 346 346 347 348 348 347 346 348 352 355 356 353 351 354 359 360 356 353 352 349 344 341 339 338 336 334 335 339 342 342 341 343 345 345 345 347 347
337 339 346 350 349 341 333 330 329 328 328 330 334 339 344 353 0 3 3 4 4 3 4 5 3 0 355 352 351 351 349 345 345 348 350 350 348 345 344 345 345 345 344 343 343 345 349 355 1 5 7 5 359 354 352 353 356 353 346 343 343 345 348 350 350 349 350 352 355 357 357 359 2 2 358 355 354 353 350 345 341 340 339 338 338 340 342 344 343 340 340 343 343 345 349 351
342 343 349 356 357 350 341 336 335 334 335 336 338 339 342 349 359 5 6 6 5 5 6 6 4 0 356 352 352 353 352 349 345 345 348 350 350 349 348 346 346 345 344 343 343 345 351 0 5 7 7 2 356 351 351 354 355 350 344 341 341 343 347 351 352 352 351 351 353 357 1 4 5 1 356 355 356 356 353 349 345 343 341 341 343 344 345 345 343 339 339 341 344 349 354 354
347 349 356 1 359 350 343 340 340 340 342 344 345 347 348 351 358 4 7 6 7 8 9 6 3 359 355 352 351 352 353 352 349 346 346 348 350 351 350 347 345 345 344 344 344 347 355 3 6 6 5 359 353 350 351 354 353 346 342 340 340 342 346 350 353 354 353 350 350 354 0 3 2 359 356 356 357 357 356 354 352 348 346 346 347 348 348 344 341 339 339 341 345 350 353 351
349 355 3 2 353 345 342 342 343 345 347 349 351 354 355 357 359 4 6 7 8 10 8 5 1 358 355 352 350 350 351 351 350 349 348 348 350 351 350 348 346 345 346 348 350 355 359 1 1 1 359 356 352 351 352 353 349 343 340 340 341 342 344 347 350 353 353 351 349 349 353 357 357 356 356 356 357 357 357 358 358 356 353 351 351 350 348 344 341 341 342 343 345 347 348 348
360 3 4 356 345 341 341 343 345 348 350 353 356 359 1 2 3 5 6 7 8 8 6 3 1 358 355 352 350 348 348 348 348 349 349 350 350 350 349 348 348 348 351 355 0 2 359 355 353 354 353 353 353 354 355 352 347 343 341 341 342 342 342 342 343 346 349 350 347 343 343 347 349 351 354 355 356 355 356 359 1 2 1 357 353 351 350 348 346 346 346 345 344 343 343 345
11 6 357 348 342 340 341 344 348 351 353 355 358 1 4 6 8 7 6 6 6 4 2 1 360 357 355 352 350 348 345 345 346 348 350 351 350 349 348 350 352 355 0 5 5 0 354 349 347 347 348 351 354 357 357 353 348 345 344 344 344 343 339 333 329 329 332 336 336 331 330 332 336 341 346 351 352 352 354 358 2 5 6 2 356 353 352 352 352 352 351 347 344 343 343 346
4 359 351 347 343 342 343 346 350 352 354 356 358 2 6 9 10 8 4 2 0 358 358 358 357 356 354 352 350 348 345 344 346 349 351 352 349 348 351 355 360 4 9 6 360 353 348 344 343 343 345 349 354 358 359 356 352 349 349 350 349 346 339 327 316 312 311 313 316 317 316 317 321 326 332 340 344 345 348 352 358 4 7 6 1 356 353 353 355 355 352 347 345 345 347 348
349 349 349 347 345 345 347 349 351 352 354 356 358 2 6 10 10 6 2 359 355 353 353 353 354 353 351 350 349 347 346 346 348 352 355 353 349 350 357 4 8 9 6 359 353 349 344 341 339 340 343 348 353 357 359 359 358 357 357 358 358 355 346 334 324 320 318 317 317 316 313 308 307 311 318 327 332 336 341 346 351 358 5 8 6 1 355 352 352 353 351 347 345 346 347 346
335 340 346 348 348 348 350 351 352 352 354 356 358 2 6 8 7 4 1 358 354 351 349 348 348 348 348 348 348 348 349 352 355 358 357 354 352 357 4 7 7 3 357 352 349 346 342 339 338 339 343 347 351 355 358 360 2 3 5 6 6 1 351 342 337 333 330 328 326 323 317 310 305 302 307 313 318 323 331 337 342 350 1 8 9 5 358 354 352 352 351 348 345 344 344 344
324 329 340 346 350 352 352 351 351 352 353 355 358 1 3 5 4 2 1 359 355 352 348 345 344 343 344 346 348 352 356 2 6 5 1 357 358 2 3 1 359 355 351 348 345 343 342 341 340 341 343 346 350 354 357 359 3 7 10 11 8 0 352 346 343 339 337 336 334 330 325 321 314 308 306 307 307 309 316 324 331 341 352 2 7 6 1 356 354 353 352 349 346 344 343 343
318 323 334 343 350 355 355 353 352 352 352 355 357 358 360 359 0 1 1 359 355 351 348 345 343 343 344 347 352 360 8 14 14 8 3 359 358 359 358 355 352 350 347 344 342 341 342 343 345 345 345 345 347 351 354 358 4 9 11 9 4 357 352 349 347 345 344 343 341 338 335 333 327 320 315 312 308 306 309 314 321 331 341 352 2 6 5 360 355 353 352 350 346 344 344 343
316 320 330 339 348 355 357 357 355 354 354 356 357 358 358 359 358 358 358 355 352 348 346 345 344 345 347 353 1 12 19 17 10 4 1 358 356 355 355 353 349 345 342 340 339 339 342 346 350 351 349 345 344 346 350 357 4 7 7 4 358 354 353 353 353 352 351 349 347 346 346 343 337 330 327 323 318 314 314 316 318 323 331 341 353 2 6 4 357 353 352 349 346 344 344 344
317 319 326 334 342 351 357 359 358 356 356 357 358 359 360 359 358 356 353 350 348 346 345 346 347 349 353 2 13 19 16 8 3 360 358 357 355 354 353 352 349 343 339 336 337 338 342 348 354 357 354 347 342 342 347 355 2 3 1 357 352 350 352 355 358 359 357 354 353 354 354 351 345 339 337 333 328 325 324 325 324 322 325 331 342 354 3 5 1 356 352 349 346 344 345 345
322 322 326 331 337 346 354 359 360 359 358 358 358 359 1 0 358 354 349 346 345 346 348 350 352 356 2 11 15 11 3 359 358 357 356 356 355 354 353 351 348 342 337 335 335 338 343 349 355 358 357 352 345 343 346 353 357 358 356 350 346 346 350 356 0 2 1 360 359 359 359 356 352 348 345 341 336 335 335 335 333 328 323 323 330 342 355 2 4 0 355 350 346 345 346 348
325 327 331 333 336 341 349 357 1 2 1 359 357 357 0 359 358 353 347 344 346 350 355 360 4 8 12 12 5 357 353 353 354 355 355 354 353 353 352 350 346 341 337 335 336 338 341 346 351 355 357 355 350 347 347 351 353 354 351 345 341 342 347 353 358 1 2 3 3 1 0 360 359 357 352 347 344 343 344 344 341 335 328 322 321 327 339 353 1 2 359 353 349 347 348 350
322 326 333 336 337 339 345 354 1 4 3 1 359 359 0 1 357 352 349 350 355 3 11 17 18 15 10 359 348 343 344 346 349 351 352 352 352 352 351 347 343 339 338 338 340 341 342 343 346 351 354 355 353 351 350 351 351 351 347 340 338 339 343 348 352 356 359 2 3 2 1 2 3 2 358 354 352 351 352 350 346 341 335 327 319 317 322 335 350 359 360 357 353 350 349 351
318 321 328 333 335 336 341 349 358 4 6 5 3 2 2 1 357 354 355 2 10 22 23 20 14 7 360 351 341 335 334 337 340 344 347 348 349 350 348 344 340 337 337 339 343 344 344 342 341 345 350 353 354 354 354 353 352 350 344 337 335 336 339 342 345 348 353 357 360 0 1 2 3 3 2 2 2 1 357 354 351 348 343 334 325 320 318 321 331 345 354 356 356 353 350 349
322 321 320 324 328 331 335 342 352 1 6 8 7 5 4 3 360 359 4 16 18 15 15 13 8 2 358 353 346 339 336 336 336 338 340 343 345 346 344 341 338 335 335 337 340 341 340 337 335 338 344 349 353 356 357 356 354 350 343 337 334 332 334 336 338 342 347 353 355 357 358 360 1 1 5 8 10 8 2 357 357 356 349 339 333 330 326 324 324 329 338 348 353 353 349 347
335 330 325 325 326 328 330 335 344 355 4 9 10 8 6 5 4 5 13 15 12 11 10 8 5 2 358 355 351 347 344 343 342 341 339 340 341 342 341 339 337 336 336 336 334 332 330 329 329 331 337 344 351 357 359 358 355 351 345 339 336 334 333 333 333 336 342 349 352 353 355 356 356 358 4 10 12 11 7 3 3 0 352 344 340 339 339 337 333 331 332 337 344 348 346 345
341 338 334 334 336 336 334 334 338 347 358 7 11 11 9 8 7 7 7 9 7 6 6 5 4 2 360 358 355 352 349 348 348 347 343 340 339 339 339 339 339 340 341 341 336 332 330 330 330 331 334 340 349 357 360 358 355 351 346 342 340 338 336 334 332 332 337 343 346 349 353 353 352 354 0 5 9 11 10 9 6 1 354 348 346 347 347 346 343 339 337 338 341 344 345 344
338 338 339 341 344 345 343 341 340 344 352 1 9 13 13 12 9 5 7 2 1 1 1 1 2 2 1 1 359 357 353 350 349 349 348 345 342 340 339 340 343 347 349 346 340 337 336 337 337 337 336 339 346 355 360 358 356 352 347 343 341 341 341 338 335 333 333 337 340 344 350 351 349 350 355 358 3 8 10 9 6 2 357 354 353 354 355 352 346 342 340 340 341 344 346 346
333 335 341 345 348 349 349 348 347 347 349 354 3 11 15 14 9 1 358 356 355 355 356 358 359 0 1 2 3 1 358 354 349 347 346 346 344 341 339 341 345 351 354 351 345 341 341 342 343 343 340 339 344 353 359 359 355 351 346 342 342 344 346 346 342 338 334 333 334 338 345 349 347 347 350 352 356 1 5 5 4 3 2 1 2 3 0 354 347 343 341 340 341 345 348 349
328 332 341 347 349 351 352 352 353 351 348 350 357 7 10 14 7 4 353 351 350 351 352 354 356 357 359 2 3 4 2 358 352 347 344 343 343 342 340 340 344 350 354 354 350 347 346 346 346 345 342 339 341 351 359 358 355 350 345 341 342 345 349 351 349 345 338 332 329 332 340 345 344 343 345 347 350 354 357 359 1 4 7 9 11 7 359 352 348 347 346 345 344 347 351 353
325 329 340 347 349 350 352 354 355 353 350 350 354 360 6 11 10 358 356 348 348 348 349 351 352 354 356 359 1 4 4 1 355 349 344 342 342 343 342 340 341 346 352 355 355 354 351 350 348 345 342 339 340 349 357 357 353 349 345 342 342 345 347 349 349 347 340 332 325 324 333 340 339 337 340 343 345 347 349 352 357 3 10 14 13 5 355 350 350 351 352 352 352 353 356 357
325 329 339 347 349 349 351 354 355 353 351 352 357 4 4 16 7 359 355 351 349 348 348 348 349 350 352 355 358 2 3 1 356 349 344 342 343 344 344 343 343 345 349 354 358 358 356 355 353 350 346 343 343 348 355 355 351 348 347 346 346 346 344 342 342 340 338 333 325 321 324 331 332 332 336 340 342 341 342 347 353 359 7 12 10 2 354 351 351 354 355 357 359 1 2 1
329 332 341 347 349 350 352 354 354 352 351 354 0 7 8 4 1 0 359 356 352 349 347 347 347 347 349 351 354 358 360 358 353 348 344 342 342 343 345 346 348 347 349 353 358 360 358 356 356 355 353 350 348 350 354 353 349 348 350 351 352 352 348 342 338 337 336 334 329 324 321 322 323 325 330 337 340 337 337 344 351 355 0 4 3 359 355 353 353 355 357 0 3 6 8 7
333 336 343 348 350 351 352 353 352 351 352 356 4 9 7 3 1 0 360 357 353 350 348 348 348 348 349 350 351 353 354 352 349 347 345 344 341 341 343 348 351 351 351 353 357 359 358 355 354 356 357 357 355 354 354 353 351 350 353 355 357 357 353 346 343 341 339 336 333 330 326 321 315 314 319 327 331 329 331 340 350 353 353 354 356 357 357 356 356 358 0 3 5 9 12 11
335 338 344 348 350 351 352 351 351 351 354 0 7 17 5 2 0 359 358 355 352 350 349 349 349 350 350 350 350 350 349 346 345 345 347 347 344 341 342 347 353 355 355 355 357 357 357 354 352 353 355 358 358 356 354 353 353 353 355 356 358 358 354 350 348 347 343 340 338 337 333 324 313 305 304 311 316 317 321 333 345 349 347 348 351 354 357 358 357 359 2 6 9 13 15 14
