project/data/elevation/US_DEM2016/US_DEM2016_point_10-28-2019_1452_30m_vel.asc
ncols	125
nrows	167
xllcorner	-2042055.000000
yllcorner	1465035.000000
cellsize	30.000000
NODATA_value	-9999.000000
[rows 38 to 75 of 167, columns 0 to 83 of 125]
8.72 8.38 7.68 7.13 6.61 6.30 6.04 5.63 5.12 4.67 4.53 4.57 4.77 5.14 5.52 5.71 5.74 5.90 6.36 6.98 7.32 7.46 7.53 7.69 7.91 8.07 8.23 8.34 8.12 7.74 7.32 6.97 6.79 6.81 7.04 7.58 8.17 8.51 8.84 9.36 9.75 9.66 9.63 9.33 9.33 9.28 8.76 7.79 7.09 6.60 6.42 6.42 6.42 6.40 6.42 6.49 6.63 7.03 7.36 7.63 7.56 7.00 6.55 6.17 5.80 5.51 5.21 5.10 5.17 5.35 5.38 5.36 5.56 6.01 6.28 6.51 6.80 7.41 8.21 9.08 9.74 10.02 9.76 9.08
8.63 7.86 6.69 6.11 5.70 5.52 5.31 5.02 4.77 4.60 4.61 4.74 4.93 5.11 5.27 5.40 5.52 5.69 5.88 6.03 5.95 5.84 5.85 6.12 6.69 7.30 7.78 8.20 8.32 8.13 7.83 7.55 7.37 7.41 7.87 8.63 9.10 9.33 9.53 9.89 10.17 9.96 9.71 9.47 9.21 8.85 8.15 7.33 6.76 6.32 6.26 6.47 6.60 6.47 6.53 6.70 6.96 7.32 7.35 7.19 6.73 5.96 5.28 5.07 5.01 4.96 4.76 4.67 4.81 5.03 5.11 5.16 5.42 5.87 6.14 6.23 6.33 6.74 7.36 7.69 7.71 8.01 8.58 8.74
8.30 7.41 6.11 5.51 5.30 5.21 5.16 5.13 5.17 5.30 5.49 5.69 5.69 5.45 5.22 5.20 5.35 5.49 5.42 5.17 5.04 5.08 5.36 5.82 6.52 7.10 7.54 7.95 8.20 8.28 8.24 8.14 8.21 8.65 9.33 10.00 10.39 10.56 10.32 10.02 9.92 9.31 8.83 8.71 8.51 8.50 8.31 8.10 7.77 7.50 7.20 7.12 7.06 6.71 6.66 6.77 7.00 7.20 6.95 6.45 5.81 4.96 4.06 3.76 3.78 3.93 4.18 4.42 4.64 4.77 4.80 4.99 5.43 5.90 6.10 6.06 6.04 6.26 6.72 6.90 6.68 6.80 7.64 8.69
8.00 7.30 6.28 5.84 5.77 5.78 5.75 5.74 5.88 6.16 6.48 6.59 6.29 5.74 5.37 5.31 5.45 5.52 5.40 5.20 5.22 5.49 5.87 6.22 6.52 6.83 7.02 7.27 7.71 8.09 8.52 8.70 9.14 9.80 10.44 10.93 11.13 10.91 10.44 9.78 9.17 8.53 7.95 7.63 7.74 7.85 8.12 8.29 8.41 8.45 8.34 7.84 7.35 6.82 6.52 6.46 6.46 6.37 6.06 5.66 5.17 4.49 3.77 3.57 3.76 4.04 4.31 4.47 4.51 4.58 4.68 4.87 5.32 5.83 5.95 5.79 5.83 6.21 6.65 6.63 6.36 6.30 6.83 8.12
7.88 7.45 6.80 6.53 6.44 6.36 6.23 6.24 6.49 6.85 7.08 6.97 6.39 5.94 5.79 5.85 5.94 5.99 6.00 6.07 6.27 6.53 6.78 6.97 7.11 7.11 7.04 7.09 7.47 7.91 8.67 9.52 10.20 10.78 11.00 10.84 10.53 10.03 9.38 8.73 8.17 7.68 7.11 6.84 6.86 7.02 7.35 7.54 7.78 7.92 7.95 7.62 7.17 6.61 6.28 6.20 6.06 5.78 5.51 5.48 5.27 4.95 4.69 4.76 4.99 4.97 4.77 4.59 4.64 4.79 4.82 4.77 4.95 5.30 5.30 5.06 5.39 6.14 6.58 6.42 6.19 6.26 6.80 7.86
7.80 7.49 7.04 6.84 6.74 6.69 6.72 6.92 7.24 7.48 7.44 7.06 6.42 6.16 6.14 6.26 6.42 6.54 6.73 7.03 7.39 7.65 7.79 7.85 7.85 7.68 7.55 7.55 7.76 8.06 8.82 9.75 10.47 10.91 10.66 10.04 9.32 8.67 8.03 7.62 7.34 6.98 6.47 6.07 6.09 6.36 6.57 6.43 6.13 5.81 5.82 6.19 6.41 6.33 6.26 6.42 6.46 6.37 6.33 6.31 6.12 6.02 6.10 6.21 5.87 5.36 5.17 5.29 5.40 5.13 4.66 4.34 4.43 4.63 4.53 4.43 4.87 5.75 6.19 6.02 6.06 6.58 7.24 7.73
7.74 7.52 7.24 7.15 7.25 7.50 7.79 8.01 8.11 8.04 7.69 7.09 6.52 6.28 6.28 6.48 6.72 6.95 7.25 7.65 8.02 8.22 8.25 8.13 7.94 7.72 7.65 7.73 8.02 8.41 9.22 9.87 10.15 10.01 9.55 9.13 8.65 8.08 7.29 6.74 6.46 6.23 5.87 5.48 5.42 5.75 5.60 5.22 4.71 4.42 4.58 5.02 5.47 5.83 6.31 6.87 7.16 7.28 7.27 7.07 6.86 6.82 6.71 6.43 5.83 5.66 5.93 5.99 5.50 4.57 4.01 3.96 4.19 4.34 4.35 4.46 4.94 5.57 5.88 5.77 5.90 6.59 7.09 7.26
7.92 7.86 7.80 7.89 8.09 8.37 8.59 8.65 8.54 8.25 7.74 7.13 6.73 6.57 6.73 6.94 7.13 7.36 7.65 7.90 8.01 7.98 7.83 7.66 7.58 7.50 7.48 7.67 8.24 8.92 9.68 9.62 9.30 8.74 8.35 8.32 8.08 7.67 6.87 6.18 5.67 5.38 5.12 4.78 4.80 5.04 5.01 5.00 5.01 5.08 5.06 4.94 4.95 5.41 6.30 7.13 7.36 7.32 7.19 7.11 6.96 6.98 6.72 6.44 6.37 6.53 6.35 5.61 4.57 3.97 3.98 4.36 4.63 4.71 4.80 5.10 5.60 5.95 6.00 5.89 5.91 6.20 6.62 6.89
8.24 8.24 8.29 8.42 8.49 8.49 8.42 8.31 8.13 7.83 7.43 7.01 6.94 7.12 7.44 7.62 7.70 7.79 7.85 7.81 7.65 7.45 7.22 7.14 7.26 7.37 7.50 7.89 8.64 9.34 9.66 9.25 8.44 7.86 7.51 7.31 7.14 6.94 6.53 5.90 5.16 4.71 4.56 4.61 4.82 5.07 5.45 5.66 5.72 5.43 4.96 4.70 5.02 5.82 6.69 7.16 7.18 7.04 6.97 7.05 6.94 6.96 6.90 6.85 6.81 6.51 5.49 4.68 4.43 4.67 5.13 5.42 5.54 5.59 5.76 6.07 6.39 6.50 6.46 6.41 6.33 6.34 6.58 6.96
8.42 8.32 8.25 8.27 8.16 7.94 7.66 7.41 7.18 6.98 6.73 6.57 6.70 7.16 7.59 7.82 7.89 7.83 7.67 7.49 7.31 7.12 6.95 6.91 7.04 7.26 7.55 8.14 8.91 9.33 9.12 8.39 7.81 7.31 6.84 6.48 6.28 6.25 6.18 5.89 5.15 4.72 4.78 5.24 5.52 5.77 5.96 5.68 5.09 4.40 4.18 4.66 5.92 7.21 7.70 7.56 7.39 7.25 7.20 7.22 7.06 7.06 6.97 6.81 6.43 5.75 5.20 5.25 5.80 6.40 6.78 6.90 6.94 6.96 7.01 7.18 7.33 7.31 7.30 7.34 7.02 6.79 6.92 7.19
8.43 8.27 7.90 7.73 7.57 7.26 6.92 6.61 6.39 6.18 5.97 5.93 6.10 6.57 7.01 7.26 7.40 7.40 7.30 7.15 7.00 6.86 6.75 6.70 6.77 6.98 7.30 7.99 8.87 9.12 8.70 7.99 7.52 7.01 6.36 5.81 5.66 5.70 5.75 5.57 5.10 4.78 4.88 5.26 5.52 5.71 5.72 5.04 4.38 4.19 4.74 6.25 7.95 8.83 8.89 8.29 7.85 7.57 7.45 7.50 7.44 7.36 7.19 6.92 6.84 6.96 7.47 8.13 8.68 9.05 9.14 9.13 9.10 9.05 8.99 9.01 9.03 8.87 8.61 8.17 7.48 6.99 7.07 7.20
8.44 8.27 7.70 7.32 7.14 6.94 6.65 6.38 6.16 5.88 5.75 5.77 6.00 6.40 6.70 6.88 6.98 7.04 7.01 6.87 6.68 6.53 6.44 6.43 6.49 6.64 6.95 7.78 8.81 8.93 8.45 7.96 7.57 7.05 6.36 5.67 5.42 5.20 4.96 4.71 4.45 4.23 4.22 4.41 4.77 5.13 5.37 5.07 4.93 5.41 6.92 8.75 9.76 9.89 9.41 8.59 8.03 7.76 7.73 7.99 8.08 8.08 7.92 8.08 8.62 9.38 10.24 10.97 11.43 11.61 11.64 11.61 11.55 11.47 11.32 11.12 10.90 10.60 9.95 8.97 7.95 7.22 7.06 7.01
8.54 8.30 7.65 7.20 7.01 6.91 6.80 6.65 6.45 6.24 6.32 6.50 6.76 7.05 7.19 7.19 7.12 7.01 6.84 6.62 6.41 6.24 6.16 6.16 6.25 6.47 6.90 7.90 8.77 8.62 7.82 7.67 7.45 7.04 6.69 6.25 5.71 5.03 4.40 4.14 4.08 4.11 4.26 4.48 4.85 5.25 5.82 6.20 6.66 7.79 9.43 10.38 10.49 9.79 9.07 8.36 7.95 7.84 7.79 7.92 8.10 8.32 8.43 8.79 9.60 10.40 10.94 11.44 11.71 11.84 11.92 12.00 12.03 12.00 11.81 11.49 11.18 10.90 10.41 9.73 8.95 8.15 7.36 6.92
8.65 8.25 7.54 7.25 7.07 6.92 6.86 6.85 6.78 6.73 7.04 7.44 7.72 7.85 7.83 7.63 7.35 7.02 6.73 6.51 6.34 6.16 6.00 5.95 6.10 6.48 7.05 7.99 8.47 7.87 7.13 7.05 6.96 6.86 6.78 6.67 6.07 5.32 4.83 4.76 4.98 5.36 5.71 5.91 6.15 6.66 7.63 8.66 9.70 10.57 11.01 10.89 10.08 8.99 8.37 7.84 7.53 7.35 7.16 7.04 7.23 7.52 8.11 8.52 9.10 9.42 9.30 9.17 9.08 9.22 9.48 9.81 9.94 9.93 9.75 9.52 9.43 9.31 9.20 9.19 9.08 8.81 8.26 7.42
8.59 7.98 7.16 6.94 6.85 6.76 6.76 6.81 6.86 6.95 7.30 7.79 8.04 8.08 7.89 7.53 7.12 6.78 6.54 6.38 6.22 6.04 5.86 5.83 6.09 6.55 7.12 7.81 7.90 7.09 6.58 6.56 6.48 6.42 6.52 6.40 6.13 5.91 5.86 6.16 6.54 6.89 7.16 7.46 7.96 8.84 9.95 10.82 11.33 11.40 11.07 10.23 9.26 8.32 7.79 7.34 6.97 6.60 6.45 6.37 6.57 6.92 7.31 7.71 7.85 7.39 6.76 6.14 5.99 6.19 6.52 6.86 6.99 6.90 6.84 6.74 6.83 6.86 6.93 7.19 7.66 8.00 8.06 7.73
8.31 7.65 6.74 6.39 6.34 6.42 6.60 6.73 6.84 6.97 7.16 7.41 7.56 7.42 7.13 6.76 6.46 6.26 6.11 5.96 5.80 5.70 5.74 5.96 6.31 6.68 7.11 7.52 7.46 6.92 6.58 6.55 6.46 6.34 6.15 5.97 6.00 6.12 6.39 6.86 7.33 7.60 7.90 8.39 9.28 10.32 11.06 11.33 11.05 10.48 9.84 9.17 8.51 7.94 7.50 7.10 6.74 6.45 6.50 6.61 6.86 7.05 7.06 7.09 6.74 6.10 5.52 5.30 5.41 5.56 5.46 5.18 5.03 4.97 4.90 4.88 5.03 5.17 5.21 5.19 5.34 5.65 5.90 6.20
7.98 7.45 6.66 6.31 6.16 6.10 6.19 6.38 6.50 6.62 6.63 6.60 6.44 6.10 5.74 5.60 5.55 5.46 5.39 5.42 5.52 5.66 5.91 6.27 6.54 6.83 7.15 7.43 7.52 7.44 7.19 6.91 6.64 6.32 5.91 5.59 5.62 5.82 6.09 6.49 7.00 7.43 7.90 8.72 9.91 10.70 10.83 10.14 9.03 8.53 8.35 8.25 8.03 7.78 7.45 7.10 6.83 6.76 7.00 7.15 7.23 7.21 6.89 6.62 6.15 5.92 5.91 5.98 5.96 5.68 5.07 4.30 3.90 3.74 3.64 3.64 3.82 3.92 3.84 3.59 3.42 3.44 3.78 4.50
7.84 7.51 7.05 6.76 6.46 6.06 5.68 5.62 5.74 5.87 5.91 5.74 5.31 4.79 4.52 4.50 4.55 4.59 4.77 5.15 5.64 6.08 6.41 6.59 6.78 7.04 7.31 7.61 7.78 7.86 7.45 6.91 6.49 6.07 5.67 5.30 5.31 5.55 5.73 5.97 6.38 6.97 7.70 8.90 10.06 10.37 9.61 8.40 7.63 7.39 7.38 7.46 7.51 7.55 7.27 7.02 6.85 6.90 7.14 7.10 6.86 6.55 6.23 6.05 6.15 6.35 6.57 6.56 5.97 5.15 4.22 3.66 3.46 3.30 3.03 2.83 2.79 2.69 2.48 2.45 2.65 3.14 4.01 4.98
8.01 7.97 7.80 7.47 7.01 6.43 5.73 5.45 5.42 5.55 5.57 5.29 4.84 4.48 4.28 4.23 4.33 4.56 4.94 5.50 6.11 6.68 6.95 7.08 7.27 7.52 7.66 7.83 8.03 8.01 7.38 6.91 6.67 6.34 5.86 5.58 5.73 5.98 6.07 6.19 6.50 7.04 7.90 9.23 9.93 9.60 8.25 7.19 6.64 6.48 6.55 6.71 6.91 6.98 6.80 6.64 6.53 6.53 6.54 6.18 5.71 5.38 5.40 5.68 6.42 6.86 6.70 6.24 5.30 4.50 4.03 3.99 4.00 3.63 2.99 2.51 2.35 2.24 2.23 2.57 3.35 4.57 5.98 6.72
8.35 8.42 8.29 7.95 7.49 6.98 6.48 6.20 6.00 5.89 5.78 5.55 5.34 5.26 5.28 5.37 5.52 5.81 6.08 6.45 6.94 7.41 7.68 7.88 8.12 8.29 8.16 8.19 8.46 8.57 8.28 7.98 7.79 7.44 6.79 6.53 6.79 7.03 7.14 7.21 7.38 7.63 8.36 9.43 9.56 8.47 7.10 6.14 5.73 5.71 5.86 6.04 6.28 6.32 6.27 6.16 5.99 5.77 5.47 5.17 5.03 5.12 5.52 6.06 6.79 6.88 6.30 5.48 4.80 4.70 4.99 5.17 4.72 3.89 3.11 2.83 2.89 3.02 3.36 4.23 5.65 7.18 8.00 7.91
8.57 8.41 8.05 7.82 7.65 7.49 7.25 6.97 6.60 6.24 6.03 6.03 6.19 6.45 6.78 7.01 7.28 7.55 7.76 7.93 8.19 8.31 8.48 8.77 9.00 8.90 8.66 8.68 9.02 9.10 8.93 8.65 8.38 7.98 7.42 7.14 7.27 7.52 7.77 7.97 8.08 8.19 8.69 9.17 8.64 7.18 5.98 5.29 5.01 4.99 5.19 5.34 5.53 5.79 5.91 5.84 5.68 5.46 5.35 5.52 5.79 6.22 6.71 7.06 7.23 6.83 6.01 5.51 5.51 5.89 6.16 5.84 4.86 3.87 3.52 3.73 4.12 4.60 5.45 6.71 8.11 8.85 8.76 7.92
8.65 8.12 7.46 7.32 7.44 7.59 7.57 7.23 6.71 6.23 6.02 6.16 6.62 7.19 7.71 8.07 8.36 8.66 8.93 9.05 9.02 8.94 9.06 9.31 9.34 9.14 9.00 9.11 9.28 9.01 8.31 7.78 7.43 7.24 7.13 7.13 7.21 7.45 7.74 8.09 8.36 8.45 8.60 8.36 7.34 5.85 4.92 4.48 4.30 4.37 4.46 4.53 4.91 5.46 5.82 5.90 5.89 5.92 6.15 6.40 6.80 7.38 7.92 8.20 7.96 7.49 6.71 6.56 6.92 7.14 6.68 5.75 4.82 4.55 4.88 5.44 6.12 6.96 8.03 9.05 9.51 9.24 8.34 7.33
8.65 8.03 7.12 6.84 6.84 6.92 6.99 6.82 6.43 6.01 5.80 5.88 6.30 6.90 7.44 7.77 8.01 8.19 8.30 8.37 8.46 8.62 8.82 8.85 8.60 8.48 8.69 9.07 9.12 8.69 7.96 7.17 6.67 6.52 6.81 7.19 7.53 7.73 7.87 8.01 8.15 8.00 7.82 7.38 6.40 5.08 4.27 4.00 4.04 4.16 4.17 4.28 4.73 5.44 6.02 6.38 6.61 6.79 6.93 7.02 7.38 8.20 8.93 9.22 8.89 8.48 8.04 7.79 7.94 7.84 7.06 6.26 6.03 6.61 7.43 8.22 9.01 9.73 10.23 10.26 9.71 8.70 7.69 6.97
8.60 7.84 6.74 6.36 6.05 5.89 5.93 5.95 5.80 5.51 5.23 5.13 5.27 5.57 5.89 6.11 6.22 6.13 5.84 5.80 6.42 7.16 7.42 7.12 6.64 6.92 7.84 8.55 8.66 8.44 8.23 7.94 7.59 7.36 7.31 7.54 7.83 7.94 7.84 7.64 7.42 7.16 6.93 6.79 6.25 5.29 4.67 4.70 4.87 4.93 4.94 5.12 5.40 5.83 6.30 6.75 7.18 7.59 7.80 8.08 8.67 9.48 9.85 9.72 9.32 8.99 8.83 8.87 8.94 8.83 8.52 8.41 8.85 9.56 10.16 10.66 11.06 11.22 10.98 10.19 9.17 8.19 7.44 6.84
8.30 7.40 6.23 5.85 5.60 5.40 5.25 5.19 5.11 4.82 4.41 4.08 3.91 3.88 3.96 4.09 4.15 3.91 3.71 3.92 4.57 5.29 5.50 5.15 5.08 5.85 7.31 8.15 8.20 7.80 7.87 8.11 8.22 8.22 7.92 7.67 7.51 7.43 7.15 6.80 6.56 6.66 6.83 7.14 7.07 6.84 6.52 6.53 6.63 6.63 6.64 6.60 6.44 6.37 6.46 6.71 7.13 7.73 8.40 9.19 9.97 10.22 9.92 9.19 8.39 8.28 8.78 9.16 9.50 9.75 10.03 10.43 10.90 11.26 11.13 11.27 11.19 10.84 10.12 9.28 8.51 7.85 7.29 6.68
7.96 7.24 6.16 5.67 5.46 5.31 5.11 4.89 4.72 4.44 3.97 3.49 3.14 2.99 3.00 3.04 3.08 3.23 3.46 3.79 4.13 4.36 4.37 4.34 4.77 5.91 7.44 8.09 7.81 7.03 6.91 7.20 7.60 7.86 7.67 7.13 6.55 6.22 6.10 5.99 6.07 6.66 7.36 7.97 8.13 8.20 8.18 8.05 7.98 7.91 7.60 7.21 6.86 6.67 6.64 6.79 7.18 7.88 8.77 9.58 9.92 9.58 8.75 7.69 7.16 7.38 8.16 8.77 9.09 9.54 10.00 10.35 10.58 10.53 10.29 9.93 9.47 8.84 8.36 7.94 7.50 7.12 6.74 6.29
7.87 7.43 6.65 6.09 5.76 5.53 5.26 4.95 4.77 4.58 4.28 3.95 3.68 3.44 3.27 3.22 3.39 3.89 4.45 4.71 4.68 4.57 4.57 4.72 5.38 6.62 7.81 8.13 7.50 6.52 6.13 6.11 6.43 6.70 6.76 6.48 5.98 5.63 5.63 5.97 6.49 7.34 8.03 8.45 8.45 8.42 8.44 8.47 8.38 8.08 7.42 6.95 6.76 6.78 6.87 7.07 7.49 8.25 8.96 9.22 8.80 7.89 7.07 6.49 6.55 7.11 7.72 7.99 8.06 8.39 8.70 8.78 8.62 8.46 8.28 7.93 7.36 6.75 6.38 6.24 6.04 5.85 5.61 5.40
7.87 7.55 7.02 6.62 6.27 5.90 5.52 5.32 5.27 5.27 5.28 5.24 5.12 4.80 4.41 4.21 4.37 4.80 5.28 5.67 5.66 5.56 5.64 5.94 6.56 7.69 8.29 8.36 7.68 6.60 6.00 5.63 5.52 5.67 6.08 6.44 6.57 6.65 6.80 7.10 7.62 8.19 8.45 8.40 8.10 7.93 8.03 8.17 8.08 7.82 7.33 6.98 6.86 6.91 7.03 7.20 7.61 8.29 8.77 8.44 7.60 6.82 6.28 6.04 6.19 6.69 7.18 7.23 7.13 7.28 7.43 7.33 7.03 6.74 6.47 6.31 5.85 5.21 4.63 4.43 4.41 4.19 4.00 3.89
7.84 7.54 7.07 6.72 6.43 6.09 5.87 5.91 6.12 6.41 6.66 6.71 6.41 5.96 5.50 5.21 5.22 5.46 5.76 6.27 6.57 6.81 7.09 7.37 7.80 8.54 9.06 8.93 8.29 7.33 6.71 6.22 5.86 5.91 6.33 6.95 7.55 8.03 8.22 8.28 8.34 8.45 8.34 8.07 7.70 7.46 7.50 7.47 7.37 7.34 7.28 7.14 7.03 7.03 7.18 7.42 7.88 8.42 8.40 7.62 6.70 6.21 5.86 5.65 5.78 6.37 6.93 6.92 6.59 6.53 6.48 6.36 6.18 5.77 5.23 4.87 4.54 4.02 3.41 2.98 2.78 2.58 2.40 2.43
7.87 7.54 7.03 6.61 6.29 6.06 6.08 6.32 6.78 7.30 7.69 7.71 7.48 7.10 6.68 6.28 6.02 6.04 6.28 6.75 7.18 7.71 7.91 8.19 8.78 9.60 9.83 9.40 8.65 8.01 7.64 7.35 7.11 7.05 7.14 7.44 7.82 8.11 8.22 8.14 8.05 8.06 7.95 7.64 7.27 6.89 6.74 6.53 6.38 6.49 6.72 6.86 6.96 7.06 7.35 7.75 8.16 8.21 7.55 6.54 5.93 5.68 5.47 5.57 5.98 6.66 6.88 6.48 5.92 5.70 5.59 5.48 5.42 5.11 4.50 3.92 3.45 3.03 2.45 1.91 1.63 1.58 1.71 2.02
7.89 7.50 6.85 6.40 6.06 5.88 5.90 6.07 6.46 6.98 7.46 7.78 7.95 7.98 7.85 7.53 7.11 6.84 6.94 7.18 7.43 7.95 8.27 8.71 9.48 10.10 10.02 9.22 8.37 8.02 8.01 8.08 8.07 7.80 7.55 7.46 7.39 7.30 7.28 7.44 7.62 7.72 7.60 7.23 6.83 6.46 6.19 5.87 5.63 5.58 5.74 6.05 6.45 6.82 7.27 7.61 7.68 7.17 6.16 5.54 5.38 5.29 5.40 5.89 6.35 6.55 6.23 5.43 4.76 4.49 4.39 4.18 4.04 4.01 3.74 3.20 2.58 2.09 1.72 1.52 1.50 1.69 2.11 2.79
7.80 7.31 6.49 6.13 5.90 5.72 5.59 5.44 5.37 5.50 5.86 6.60 7.41 8.07 8.48 8.48 8.16 7.78 7.60 7.63 7.73 8.12 8.50 9.32 9.75 9.93 9.40 8.54 7.68 7.37 7.47 7.72 7.86 7.65 7.42 7.23 7.04 6.98 7.18 7.51 7.65 7.59 7.33 7.08 6.90 6.63 6.24 5.67 5.08 4.77 4.85 5.31 5.98 6.48 6.86 6.89 6.45 5.58 4.91 4.78 4.74 4.64 5.00 5.55 5.69 5.51 5.09 4.45 3.83 3.37 3.13 3.01 2.97 2.89 2.71 2.40 2.08 1.89 1.95 2.21 2.57 2.92 3.39 4.21
7.66 7.09 6.26 6.01 5.87 5.73 5.54 5.24 4.83 4.49 4.47 4.99 6.05 7.21 8.14 8.62 8.67 8.48 8.30 8.26 8.30 8.48 8.80 9.40 9.74 9.45 8.71 7.81 6.98 6.47 6.31 6.41 6.71 6.94 7.08 7.12 7.10 7.21 7.50 7.74 7.69 7.44 7.19 7.14 7.11 6.65 5.92 5.06 4.60 4.67 5.11 5.79 6.37 6.56 6.44 6.01 5.20 4.45 4.15 4.11 3.96 3.83 4.00 4.34 4.59 4.69 4.75 4.54 4.13 3.75 3.59 3.45 3.18 2.78 2.39 2.29 2.41 2.68 3.09 3.59 4.10 4.63 5.14 6.00
7.57 7.03 6.29 6.04 5.92 5.84 5.74 5.60 5.32 4.88 4.52 4.61 5.26 6.20 7.19 8.00 8.48 8.86 8.87 9.01 9.15 9.28 10.06 10.06 9.87 9.20 8.35 7.52 6.72 6.21 5.97 5.97 6.08 6.31 6.63 6.92 7.08 7.19 7.39 7.61 7.42 7.08 6.86 6.89 6.81 6.06 5.35 5.10 5.48 6.17 6.79 7.16 7.18 6.84 6.33 5.79 5.30 4.93 4.70 4.47 4.24 4.12 4.18 4.44 5.10 5.72 6.03 5.94 5.68 5.48 5.25 4.83 4.08 3.42 3.04 3.05 3.38 3.89 4.46 5.19 6.05 6.89 7.57 8.62
7.51 6.98 6.32 6.08 6.02 6.01 6.05 6.19 6.33 6.30 6.03 5.81 5.94 6.35 6.87 7.63 8.31 9.05 9.34 9.69 10.08 10.24 10.60 10.33 9.89 9.03 8.34 7.86 7.31 7.09 7.05 6.95 6.65 6.49 6.60 6.81 6.96 7.09 7.21 7.09 6.77 6.46 6.37 6.49 6.54 6.34 6.49 7.12 7.79 8.17 8.24 7.99 7.52 6.97 6.66 6.61 6.58 6.52 6.38 6.20 6.09 6.16 6.42 6.91 7.50 7.73 7.43 6.99 6.65 6.27 5.74 4.99 4.18 3.78 3.80 4.12 4.56 5.21 6.16 7.54 9.00 10.08 10.84 11.65
7.41 6.92 6.32 6.12 6.17 6.23 6.38 6.70 7.19 7.60 7.77 7.79 7.73 7.59 7.59 7.99 8.66 9.58 10.11 10.51 10.90 10.98 10.69 10.23 9.48 8.84 8.52 8.35 8.13 7.98 7.93 7.86 7.59 7.38 7.23 7.12 7.10 7.09 6.91 6.56 6.35 6.44 6.54 6.77 7.08 7.40 7.85 8.36 8.58 8.43 8.15 7.79 7.44 7.13 7.04 7.16 7.24 7.37 7.52 7.68 7.84 8.14 8.47 8.70 8.56 8.02 7.16 6.63 6.21 5.60 4.87 4.27 3.98 4.09 4.55 5.21 5.91 6.93 8.53 10.43 11.90 12.77 13.05 12.98
7.35 6.94 6.41 6.28 6.35 6.41 6.51 6.93 7.72 8.56 9.15 9.43 9.43 9.19 8.93 8.99 9.52 10.41 10.88 10.78 11.18 10.71 10.04 9.55 8.78 8.46 8.45 8.49 8.38 8.21 8.04 7.91 7.69 7.51 7.28 7.12 7.07 6.94 6.74 6.65 6.80 6.93 6.99 7.21 7.49 7.56 7.53 7.46 7.14 6.82 6.64 6.69 6.87 7.01 6.95 6.95 7.06 7.27 7.56 7.86 8.23 8.64 8.74 8.37 7.44 6.28 5.54 5.45 5.30 4.76 4.30 4.19 4.39 4.84 5.58 6.43 7.40 8.78 10.62 12.06 12.77 12.91 12.58 11.91
7.35 7.00 6.58 6.52 6.60 6.65 6.82 7.46 8.53 9.30 9.63 9.69 9.69 9.73 9.80 10.09 10.61 11.16 11.17 10.88 10.53 10.15 9.54 8.79 8.22 7.98 7.93 8.05 8.12 8.05 7.84 7.57 7.05 6.66 6.51 6.62 6.77 6.77 6.69 6.64 6.61 6.68 6.86 7.13 7.23 6.92 6.52 6.06 5.81 5.67 5.65 5.86 6.18 6.43 6.54 6.67 6.86 6.99 7.12 7.35 7.76 8.03 7.67 6.58 5.28 4.48 4.36 4.68 4.91 4.85 4.76 4.92 5.38 6.13 7.11 8.11 9.21 10.60 11.72 12.08 11.30 9.96 8.98 8.50
