project/data/elevation/US_DEM2016/US_DEM2016_point_10-30-2019_1336_30m_vel.asc
ncols	125
nrows	167
xllcorner	-2042055.000000
yllcorner	1465035.000000
cellsize	30.000000
NODATA_value	-9999.000000
[rows 0 to 34 of 167, columns 0 to 79 of 125]
9.21 8.37 7.68 8.62 10.35 12.24 13.90 15.04 15.40 15.61 16.11 17.13 17.59 16.66 15.80 15.77 15.90 15.80 15.19 14.39 13.70 13.63 14.17 14.85 15.41 15.50 15.14 13.85 11.96 9.96 8.14 6.58 5.47 4.90 4.77 5.00 5.65 6.71 7.80 8.44 8.73 8.91 9.06 9.03 8.54 7.82 7.29 7.40 8.12 9.34 10.62 11.95 13.10 14.23 14.67 14.79 14.45 13.14 11.92 11.16 10.80 10.83 11.18 11.91 12.39 12.48 12.19 11.35 9.90 8.95 8.73 9.05 9.62 10.24 10.71 10.98 11.26 11.80 12.51 13.08
9.21 8.37 7.68 8.62 10.35 12.24 13.90 15.04 15.40 15.61 16.11 17.13 17.59 16.66 15.80 15.77 15.90 15.80 15.19 14.39 13.70 13.63 14.17 14.85 15.41 15.50 15.14 13.85 11.96 9.96 8.14 6.58 5.47 4.90 4.77 5.00 5.65 6.71 7.80 8.44 8.73 8.91 9.06 9.03 8.54 7.82 7.29 7.40 8.12 9.34 10.62 11.95 13.10 14.23 14.67 14.79 14.45 13.14 11.92 11.16 10.80 10.83 11.18 11.91 12.39 12.48 12.19 11.35 9.90 8.95 8.73 9.05 9.62 10.24 10.71 10.98 11.26 11.80 12.51 13.08
9.01 8.30 7.87 8.74 10.05 11.59 12.98 13.94 14.40 14.59 15.03 15.84 16.15 15.69 15.05 14.98 15.15 15.23 14.77 13.91 13.42 13.44 13.85 14.25 14.45 14.31 13.56 12.26 10.76 9.16 7.68 6.46 5.63 5.21 5.09 5.25 5.71 6.44 7.21 7.79 8.02 8.16 8.34 8.61 8.77 8.71 8.57 8.57 9.08 9.94 10.92 11.81 12.61 13.25 13.58 13.72 13.68 13.23 12.37 11.37 10.63 10.30 10.57 11.08 11.43 11.53 11.53 11.36 10.95 10.29 9.92 9.86 9.94 10.06 10.18 10.35 10.68 11.25 11.79 12.12
9.45 8.78 8.59 9.22 10.00 10.76 11.56 11.95 11.98 12.14 12.67 13.10 13.23 13.06 12.99 12.99 13.14 13.53 13.48 13.09 13.02 13.17 13.21 12.90 12.43 11.84 10.99 10.13 9.25 8.33 7.47 6.85 6.54 6.47 6.42 6.32 6.29 6.44 6.67 6.99 7.53 8.00 8.41 8.91 9.56 10.09 10.39 10.45 10.57 10.89 11.33 11.52 11.55 11.40 11.35 11.14 11.23 11.67 11.87 11.66 11.09 10.51 10.13 9.94 9.66 9.56 9.90 10.55 11.10 11.35 11.27 10.87 10.32 9.77 9.43 9.41 9.70 10.11 10.29 10.11
10.01 9.47 9.43 9.78 10.10 10.46 10.63 10.63 10.32 10.21 10.45 10.75 10.86 10.82 10.93 11.00 11.11 11.51 12.12 12.68 13.05 12.95 12.46 11.50 10.48 9.84 9.57 9.31 8.99 8.64 8.33 8.20 8.27 8.34 8.22 7.85 7.44 7.24 7.19 7.40 8.11 8.88 9.59 10.22 10.55 10.86 11.13 11.36 11.51 11.58 11.61 11.37 10.84 10.16 9.54 8.56 8.06 8.36 9.37 10.47 10.96 10.87 10.37 9.51 8.78 8.27 8.13 8.49 9.14 9.65 9.86 9.77 9.46 9.09 8.83 8.79 8.91 9.07 9.07 8.92
10.09 9.75 9.87 10.21 10.24 10.28 10.17 9.64 9.25 9.08 9.04 9.23 9.55 9.78 10.21 10.51 10.68 10.82 11.47 12.31 12.71 12.28 11.37 10.07 9.08 8.86 9.01 9.17 9.29 9.39 9.54 9.68 9.71 9.54 9.20 8.77 8.42 8.20 8.06 8.09 8.34 8.78 9.52 10.37 10.84 11.05 11.25 11.57 11.73 11.77 11.68 11.37 10.82 9.73 8.46 7.34 6.96 7.18 7.78 8.53 9.30 9.75 9.62 8.90 8.17 7.60 7.24 7.10 7.13 7.25 7.43 7.61 7.75 7.87 7.94 8.01 8.13 8.28 8.42 8.58
10.29 10.22 10.37 10.67 10.54 10.20 9.65 8.79 8.22 8.10 8.14 8.28 8.66 9.40 10.28 10.71 11.04 11.11 11.11 11.23 11.37 11.02 10.15 9.14 8.70 8.72 8.87 9.03 9.33 9.82 10.27 10.51 10.35 10.08 9.79 9.60 9.49 9.32 8.98 8.57 8.32 8.39 8.76 9.39 9.92 10.01 10.09 10.36 10.83 11.13 11.35 11.32 10.87 10.31 9.57 8.87 8.81 8.88 8.75 8.48 8.25 8.22 8.15 7.85 7.37 6.91 6.63 6.56 6.58 6.59 6.62 6.68 6.79 6.91 7.03 7.12 7.22 7.41 7.78 8.23
10.46 10.71 11.23 11.28 10.99 10.09 9.03 8.02 7.63 7.75 7.78 7.66 8.06 9.10 10.08 10.36 10.63 10.70 10.26 9.80 9.73 9.63 9.23 8.90 8.80 8.83 8.92 8.98 9.24 9.82 10.45 10.81 10.88 10.97 11.18 11.52 11.61 11.31 10.69 9.91 9.10 8.52 8.37 8.35 8.25 8.25 8.27 8.58 9.45 10.56 11.13 11.28 11.21 11.40 11.53 11.49 11.12 10.62 9.89 8.97 8.08 7.49 7.27 7.10 6.76 6.38 6.26 6.48 6.72 6.79 6.70 6.55 6.44 6.45 6.59 6.73 6.83 7.10 7.55 7.94
10.94 11.31 12.03 11.90 11.31 10.28 9.02 8.19 8.11 8.15 7.98 7.78 8.08 8.89 9.44 9.47 9.48 9.51 9.18 8.79 8.78 8.72 8.43 8.40 8.50 8.69 9.07 9.47 9.72 10.00 10.60 11.24 11.89 12.78 13.76 14.38 14.39 13.88 13.13 12.21 11.08 9.89 8.95 8.40 7.97 7.82 8.22 8.87 9.97 10.91 11.16 10.74 10.45 10.71 11.11 11.24 10.86 10.12 9.21 8.35 7.63 7.15 6.96 6.96 6.87 6.74 6.82 7.10 7.19 7.02 6.73 6.49 6.48 6.78 7.22 7.58 7.88 8.30 8.61 8.55
11.21 11.78 12.39 12.16 11.50 10.73 9.67 9.27 9.50 9.64 9.20 8.74 8.75 8.94 8.89 8.63 8.44 8.49 8.60 8.61 8.66 8.32 7.83 7.81 8.09 8.47 9.04 9.71 10.24 10.68 11.35 12.19 13.25 14.36 15.13 15.31 15.08 14.73 14.41 13.98 13.23 12.13 10.95 9.94 9.17 9.08 9.42 10.19 11.08 11.42 10.95 9.56 8.52 7.77 7.94 8.46 8.60 8.23 7.75 7.33 6.95 6.70 6.71 7.04 7.60 7.95 8.25 8.39 7.94 7.27 6.93 7.01 7.51 8.30 9.03 9.55 10.04 10.54 10.70 10.36
11.56 11.72 12.23 12.26 11.84 11.45 11.19 11.47 11.82 11.71 11.18 10.46 9.81 9.21 8.59 8.02 7.86 8.28 8.85 9.21 9.20 8.68 8.10 7.97 8.22 8.57 8.96 9.59 10.58 11.71 12.65 13.43 14.02 14.19 13.81 13.11 12.91 13.38 13.91 14.20 14.14 13.59 12.66 11.53 10.63 10.18 10.12 10.74 11.43 11.38 10.25 8.66 7.37 6.50 6.20 6.28 6.59 6.81 6.84 6.72 6.59 6.60 6.91 7.57 8.50 9.33 9.73 9.50 8.78 7.88 7.71 8.29 9.22 10.15 10.94 11.57 12.09 12.31 12.14 11.69
11.39 11.07 11.46 12.32 12.77 13.06 13.49 13.97 14.22 13.75 12.98 12.18 11.24 9.96 8.73 8.10 8.08 8.69 9.50 9.94 9.84 9.35 8.80 8.55 8.68 9.08 9.61 10.42 11.59 12.70 13.25 13.42 13.05 12.12 10.79 9.96 10.23 11.13 11.94 12.54 13.07 13.39 13.27 12.71 11.84 11.04 10.70 11.03 11.21 10.70 9.25 8.24 7.54 6.75 6.05 5.64 5.77 6.24 6.58 6.68 6.82 7.23 7.89 8.70 9.58 10.22 10.42 10.15 9.62 9.18 9.02 9.59 10.40 11.30 12.01 12.42 12.39 11.92 11.00 10.28
10.63 10.13 10.25 11.67 12.99 13.93 14.53 14.78 14.82 14.46 13.87 13.23 12.45 11.07 9.74 9.06 8.93 9.17 9.62 9.88 9.75 9.37 8.99 8.82 9.05 9.64 10.44 11.28 11.88 12.08 11.85 11.15 10.00 8.65 7.89 8.12 8.80 9.21 9.29 9.76 10.60 11.53 12.36 12.76 12.54 11.82 11.23 11.18 10.65 9.33 7.98 7.35 6.72 6.05 5.50 5.35 5.66 6.23 6.80 7.26 7.73 8.36 9.09 9.71 10.17 10.36 10.41 10.50 10.50 10.40 10.41 10.75 11.50 12.10 12.16 11.59 10.45 8.95 7.68 6.93
10.60 10.31 10.18 10.67 11.62 12.55 13.02 13.08 12.88 12.83 12.90 12.88 12.66 12.03 11.17 10.37 9.83 9.47 9.28 9.06 8.79 8.60 8.59 8.67 8.99 9.49 9.95 10.07 9.74 9.15 8.38 7.29 6.21 5.55 5.76 6.61 7.08 6.99 6.93 7.31 7.96 8.83 9.83 10.76 11.43 11.53 11.31 11.02 10.28 8.73 7.31 6.13 5.35 5.08 5.15 5.57 6.13 6.71 7.38 8.17 8.88 9.48 9.94 10.28 10.50 10.63 10.82 11.10 11.28 11.26 11.35 11.82 12.24 11.95 10.77 8.99 7.26 6.22 5.78 5.71
11.10 11.26 10.79 10.15 9.60 9.56 9.53 9.20 8.91 9.22 9.87 10.59 11.11 11.47 11.49 11.09 10.41 9.68 9.02 8.35 7.82 7.80 8.02 8.21 8.31 8.26 7.95 7.31 6.56 6.01 5.55 5.17 4.98 4.99 5.19 5.37 5.43 5.59 5.80 6.01 6.23 6.60 7.14 7.98 9.20 10.68 11.17 11.12 10.39 9.11 7.42 6.01 5.42 5.56 6.10 6.69 7.07 7.41 8.00 8.96 9.99 10.59 11.00 11.31 11.58 11.88 12.11 12.19 12.14 12.00 12.06 12.35 11.88 10.20 8.16 6.72 6.16 6.01 6.18 6.67
11.19 11.13 10.50 9.45 7.84 6.66 5.87 5.35 5.33 5.64 6.25 6.94 7.87 8.98 10.09 10.60 10.43 9.76 8.91 8.09 7.58 7.54 7.65 7.61 7.34 6.86 6.27 5.81 5.53 5.30 5.22 5.45 5.94 6.25 6.18 6.04 6.01 6.19 6.43 6.59 6.63 6.75 7.12 8.03 9.36 10.97 11.58 11.37 10.40 8.93 7.67 6.99 6.81 7.20 7.77 8.15 8.14 8.20 8.83 10.08 11.25 12.15 12.69 12.98 13.25 13.65 13.87 13.85 13.69 13.41 13.09 12.35 10.53 8.48 7.39 7.20 7.36 7.34 7.44 7.95
10.55 9.88 8.96 8.11 6.47 5.08 4.35 4.23 4.44 5.01 5.58 6.01 6.62 7.61 8.73 9.64 9.97 9.70 9.03 8.36 7.97 7.77 7.57 7.25 6.87 6.53 6.38 6.48 6.60 6.52 6.35 6.36 6.80 7.49 7.86 7.99 7.99 7.97 8.00 8.21 8.57 9.09 9.71 10.70 11.80 12.40 12.15 11.49 10.39 9.23 8.38 8.11 8.26 8.72 9.28 9.61 9.47 9.63 10.49 11.82 13.17 14.15 14.67 14.82 14.80 14.87 15.07 15.23 15.30 14.85 13.92 12.41 10.11 9.01 9.10 9.51 9.55 9.23 9.09 9.47
10.26 9.51 8.31 7.18 6.18 5.52 5.56 6.09 6.79 7.60 8.22 8.52 8.85 9.08 9.18 9.23 9.44 9.55 9.31 8.90 8.47 8.05 7.64 7.31 7.15 7.20 7.41 7.68 7.94 8.08 7.95 7.62 7.71 8.36 9.11 9.66 9.88 9.86 9.76 10.03 10.80 11.56 12.35 13.02 13.24 12.65 11.66 10.88 10.28 9.75 9.19 9.01 9.32 9.98 10.57 10.79 10.92 11.26 12.37 13.78 14.88 15.39 15.47 15.36 15.12 14.90 14.85 14.94 15.24 15.15 14.57 13.79 12.50 12.09 12.56 12.99 12.89 12.36 12.08 12.04
10.43 9.92 8.67 7.46 7.04 7.56 8.62 9.69 10.66 11.41 11.91 12.14 12.02 11.35 10.36 9.59 9.36 9.47 9.48 9.24 8.84 8.40 8.00 7.78 7.84 8.06 8.25 8.50 8.90 9.33 9.56 9.55 9.59 9.84 10.36 11.06 11.64 11.84 11.97 12.35 12.93 13.44 13.64 13.34 12.33 10.74 9.38 9.08 9.54 9.74 9.93 10.11 10.62 11.26 11.60 11.52 11.76 12.55 13.83 14.79 15.10 14.82 14.32 14.03 13.96 13.98 14.01 13.91 13.87 14.17 14.81 15.31 15.87 16.09 16.38 16.86 17.06 16.85 16.46 15.81
10.03 9.23 8.03 7.49 8.21 9.71 11.43 12.86 13.83 14.20 14.22 13.99 13.50 12.49 11.39 10.47 9.92 9.69 9.59 9.43 9.18 8.95 8.79 8.73 8.73 8.81 8.99 9.30 9.72 10.26 10.92 11.59 12.16 12.61 12.96 13.33 13.53 13.54 13.81 14.21 14.31 13.95 13.14 11.79 9.98 8.19 7.27 7.53 8.87 9.91 10.74 11.38 11.92 12.14 12.09 11.89 12.39 13.46 14.18 14.36 13.72 12.75 11.94 11.63 11.87 12.38 12.75 12.78 12.50 12.69 13.86 15.26 16.47 17.15 17.64 18.38 18.84 18.85 18.45 17.88
8.80 7.99 7.35 7.98 9.78 11.94 13.56 14.50 14.87 14.66 14.19 13.69 13.19 12.55 11.96 11.29 10.59 10.00 9.74 9.65 9.63 9.74 9.97 10.13 10.15 10.09 10.30 10.60 10.95 11.50 12.40 13.50 14.46 15.15 15.44 15.20 14.73 14.43 14.44 14.35 13.70 12.47 10.88 9.10 7.64 6.91 6.90 7.83 9.46 10.86 12.12 13.03 13.37 13.09 12.65 12.60 13.16 13.58 13.61 12.80 11.52 10.28 9.33 8.79 9.09 9.49 9.91 10.20 10.37 10.72 11.50 12.75 14.08 14.99 15.65 16.29 16.76 16.89 16.94 16.87
9.37 8.93 9.07 10.50 12.42 13.95 14.56 14.50 14.03 13.20 12.58 12.18 11.84 11.74 11.64 11.31 10.75 10.17 9.98 10.16 10.56 11.15 11.74 12.09 12.22 12.21 12.33 12.56 12.93 13.54 14.44 15.26 15.72 15.78 15.40 14.71 14.17 13.72 13.29 12.41 11.08 9.60 8.06 6.85 6.53 7.02 8.07 9.60 10.91 12.29 13.41 13.95 14.08 14.01 13.57 13.37 13.36 13.05 12.21 10.66 9.12 7.83 6.58 5.99 6.01 5.99 5.97 6.44 7.25 7.89 8.94 9.73 10.35 10.74 11.07 11.54 11.56 11.85 12.37 12.84
10.91 11.48 12.71 13.74 14.46 14.75 14.16 13.16 12.12 11.45 11.10 10.83 10.60 10.58 10.63 10.60 10.41 10.22 10.36 10.87 11.69 12.56 13.27 13.77 13.93 14.03 14.21 14.51 14.96 15.54 15.94 15.82 15.16 14.11 12.88 12.05 12.03 11.69 10.73 9.28 7.83 6.90 6.30 6.40 7.10 8.11 9.50 10.90 12.19 13.31 13.77 13.90 13.86 13.91 13.87 13.52 12.88 11.89 10.34 8.68 7.14 5.61 4.55 4.27 4.29 4.22 4.26 4.74 5.52 6.39 7.22 7.90 8.12 8.01 7.81 7.88 8.21 8.96 9.68 10.31
11.83 12.88 14.31 14.71 14.62 13.98 12.82 11.72 10.73 10.38 10.28 10.03 9.81 9.71 9.74 9.92 10.08 10.28 10.63 11.03 11.53 12.05 12.68 13.44 13.93 14.37 14.85 15.34 15.70 15.78 15.31 14.13 12.43 10.96 10.00 9.71 9.59 8.86 7.60 6.59 5.93 5.77 6.19 7.28 8.33 9.39 10.64 11.82 12.88 13.31 13.03 12.60 12.47 12.69 12.89 12.70 12.00 10.86 9.27 7.76 6.32 4.93 4.22 4.20 4.37 4.50 4.89 5.64 6.32 6.57 6.76 6.95 6.95 6.70 6.36 6.40 7.15 8.24 8.81 9.10
12.32 12.99 13.80 13.87 13.39 12.36 11.33 10.58 10.07 9.84 9.65 9.35 9.19 9.12 9.25 9.57 9.95 10.25 10.39 10.32 10.20 10.19 10.56 11.35 12.50 13.50 14.31 14.75 14.63 13.90 12.55 10.74 8.98 7.96 7.60 7.49 6.90 6.05 5.47 5.47 5.82 6.51 7.58 8.62 9.74 10.90 11.78 12.60 12.96 12.64 12.00 11.57 11.43 11.46 11.59 11.63 11.36 10.64 9.36 7.90 6.71 5.97 5.84 6.14 6.37 6.52 7.06 7.51 7.34 6.91 6.63 6.57 6.35 5.94 5.65 5.95 6.76 7.39 7.50 7.70
12.70 12.30 12.15 12.33 11.74 11.19 10.37 9.66 9.36 9.19 8.93 8.69 8.52 8.55 8.92 9.43 9.92 10.15 10.13 9.92 9.81 9.92 10.38 11.21 12.31 13.14 13.41 13.12 12.25 10.95 9.34 7.90 6.65 5.92 5.63 5.49 5.23 5.05 5.21 5.87 6.92 8.12 9.06 10.12 11.31 12.30 12.91 13.09 12.65 11.84 11.13 10.74 10.54 10.58 10.88 11.13 11.24 10.97 10.17 9.00 8.18 7.98 8.24 8.57 8.78 9.03 9.20 8.71 7.77 7.28 7.19 6.73 6.07 5.67 5.65 5.94 6.30 6.40 6.37 6.73
12.87 12.04 11.12 11.17 11.24 11.04 10.62 9.90 9.42 9.20 8.91 8.69 8.55 8.64 9.03 9.55 10.07 10.44 10.65 10.77 11.12 11.78 12.59 13.24 13.43 13.06 12.16 10.97 9.64 8.36 7.08 6.12 5.63 5.46 5.33 5.32 5.58 6.05 6.52 7.11 8.06 9.07 10.15 11.44 12.62 13.44 13.65 13.18 12.24 11.12 10.16 9.57 9.56 9.94 10.53 11.07 11.29 11.33 11.18 10.84 10.60 10.74 11.10 11.38 11.48 11.28 10.70 9.89 9.19 8.96 8.45 7.45 6.36 6.08 6.21 6.14 6.07 6.14 6.30 6.58
13.01 12.11 10.89 10.67 10.85 11.12 11.30 11.05 10.61 10.41 10.25 9.92 9.84 9.91 10.06 10.18 10.48 11.00 11.54 12.06 12.73 13.45 13.84 13.68 12.92 11.67 10.21 8.73 7.39 6.40 5.84 5.64 5.80 6.31 6.62 6.76 7.00 7.51 8.07 8.44 8.94 9.71 10.98 12.37 13.48 14.00 13.76 12.92 11.82 10.62 9.46 8.91 9.12 9.74 10.37 10.71 10.86 11.38 11.89 12.35 13.01 13.79 14.51 14.93 14.61 13.86 12.79 11.93 11.65 11.14 9.76 8.15 7.35 7.44 7.36 6.76 6.50 6.76 7.01 7.11
12.73 11.67 10.38 10.10 10.22 10.88 11.41 11.63 11.49 11.37 11.28 11.03 11.02 11.13 11.18 11.02 10.89 11.14 11.76 12.47 13.02 13.12 12.58 11.46 10.19 9.00 7.90 6.81 5.91 5.56 5.76 6.47 7.19 7.68 8.10 8.42 8.64 8.94 9.38 9.56 9.84 10.53 11.86 13.04 13.83 13.83 13.14 12.26 11.50 10.74 9.89 9.32 9.40 9.80 9.94 10.03 10.47 11.44 12.30 13.30 14.45 15.47 16.21 16.42 16.66 16.18 15.33 14.60 13.77 12.62 11.11 9.70 9.27 9.20 8.74 8.13 8.12 8.48 8.51 8.14
12.23 11.51 10.47 10.01 10.00 10.36 11.00 11.52 11.63 11.40 10.98 10.61 10.63 10.83 11.01 10.99 10.76 10.79 11.26 11.72 11.68 10.92 9.64 8.31 7.23 6.41 5.79 5.43 5.42 5.84 6.91 8.13 8.82 9.20 9.45 9.74 10.08 10.33 10.42 10.58 10.94 11.65 12.51 13.26 13.32 12.67 11.71 11.23 11.32 11.33 11.08 10.73 10.30 10.23 10.08 10.21 10.87 11.88 12.62 13.63 14.51 15.39 15.83 15.90 16.27 16.47 16.41 16.25 15.63 14.66 13.88 13.20 12.49 11.46 10.41 10.08 10.44 10.77 10.29 9.31
12.48 12.18 11.33 10.68 10.47 10.43 10.75 11.28 11.58 11.43 10.87 10.31 10.10 10.07 10.12 10.11 10.17 10.37 10.65 10.39 9.37 7.87 6.50 5.48 4.65 4.03 3.73 4.09 5.16 6.73 8.34 9.37 10.04 10.43 10.68 10.90 11.03 11.03 11.00 11.16 11.71 12.29 12.87 12.95 12.31 11.03 10.40 10.41 10.87 11.62 11.83 11.69 11.46 11.15 10.92 10.94 11.24 11.88 12.53 13.28 13.62 13.51 12.86 12.74 13.46 14.62 15.54 16.30 16.83 16.87 16.89 16.56 15.61 14.34 13.10 12.73 12.70 12.24 11.10 9.41
12.82 12.26 11.45 11.00 10.85 10.77 10.74 11.04 11.52 11.84 11.75 11.25 10.80 10.36 9.97 9.68 9.78 10.01 9.78 8.69 6.99 5.41 4.27 3.56 3.17 2.94 2.95 3.54 4.84 6.53 8.06 8.97 9.63 10.20 10.68 11.02 10.96 10.89 10.88 11.20 11.79 12.46 12.91 12.63 11.86 10.77 10.18 10.14 10.44 11.02 11.69 11.87 12.02 11.83 11.47 11.03 10.94 11.12 11.69 12.12 12.10 11.40 10.53 10.33 10.80 11.92 13.42 14.78 15.91 16.69 17.26 17.47 16.96 16.28 15.66 15.00 13.86 12.22 10.35 8.73
12.21 11.14 10.05 10.11 10.38 10.48 10.35 10.40 10.99 11.68 12.05 11.81 11.31 10.77 10.30 9.87 9.74 9.50 8.66 7.20 5.83 4.82 4.12 3.75 3.68 3.80 4.10 4.55 5.21 5.93 6.56 7.14 7.68 8.27 8.87 9.36 9.71 9.97 10.36 10.98 11.52 12.14 12.34 11.87 11.21 10.52 9.88 9.75 9.90 10.23 10.77 11.47 11.73 11.70 11.28 10.52 10.17 10.10 10.57 10.84 10.54 9.63 9.05 9.30 9.97 10.65 11.37 12.15 13.02 13.83 14.53 15.15 15.69 15.95 15.96 15.56 13.93 11.57 9.87 9.01
10.69 9.81 8.97 9.12 9.27 9.12 8.90 9.06 9.57 10.47 11.21 11.40 11.09 10.65 10.34 9.98 9.66 9.08 8.12 7.14 6.47 6.10 5.86 5.74 5.75 5.98 6.19 6.40 6.51 6.54 6.61 6.63 6.65 6.78 7.07 7.66 8.53 9.17 9.88 10.61 11.04 11.28 10.87 9.72 8.52 8.05 8.10 8.33 8.64 9.33 9.95 10.57 10.98 10.90 10.41 9.77 9.42 9.52 9.78 9.90 9.46 8.56 8.43 8.85 9.54 10.02 10.08 10.05 10.25 10.71 10.83 11.41 12.55 13.69 14.47 14.79 14.08 12.44 10.93 10.07
9.95 9.79 9.71 9.58 8.91 8.26 8.03 8.07 8.31 9.00 9.99 10.71 10.86 10.60 10.26 9.82 9.41 8.92 8.40 8.06 8.03 8.09 8.18 8.20 8.22 8.27 8.34 8.24 8.14 8.10 8.01 7.71 7.26 6.88 6.84 7.34 8.16 8.84 9.59 10.24 10.48 10.20 9.04 7.10 6.02 6.05 6.62 7.33 8.13 8.81 9.45 9.89 10.03 10.01 9.64 9.42 9.35 9.55 9.58 9.58 9.32 8.94 8.95 8.99 9.06 8.81 8.53 8.55 8.83 9.13 9.30 9.58 10.29 11.32 12.04 13.10 13.94 13.77 12.66 11.04
