project/data/elevation/US_DEM2016/US_DEM2016_point_10-28-2019_1755_30m_ang.asc
ncols	125
nrows	167
xllcorner	-2042055.000000
yllcorner	1465035.000000
cellsize	30.000000
NODATA_value	-9999.000000
[rows 86 to 128 of 167, columns 0 to 95 of 125]
349 354 358 351 339 331 326 322 320 319 318 319 321 324 329 332 330 324 319 316 317 318 319 319 318 318 318 321 328 336 341 345 347 347 349 353 352 348 349 351 347 340 334 328 320 313 312 316 326 336 341 346 349 353 358 358 352 346 343 339 336 331 323 316 314 319 328 329 325 321 315 310 311 316 319 314 306 300 297 298 302 311 318 319 322 339 1 14 17 15 13 13 14 8 2 358
347 352 355 347 336 328 323 319 317 318 319 320 322 326 331 334 329 321 318 318 319 319 320 319 318 317 317 319 324 332 339 344 348 351 352 354 353 351 354 354 346 338 332 324 316 309 307 310 321 332 339 346 351 356 360 360 354 347 343 340 336 330 322 315 313 317 327 331 327 322 316 312 315 323 331 332 328 321 314 310 309 310 313 315 317 329 353 10 14 13 12 14 14 7 360 354
346 351 352 344 334 326 321 318 317 317 319 322 325 329 336 335 328 324 323 323 321 320 319 318 317 315 314 316 321 328 335 340 346 351 356 359 359 358 357 354 346 338 331 322 311 303 300 302 311 321 329 338 346 353 358 0 357 350 344 340 337 331 323 315 312 315 326 334 330 323 316 312 314 324 335 341 341 339 335 332 331 329 328 327 329 337 350 360 4 6 9 12 11 4 357 350
346 350 351 343 334 327 321 317 316 317 320 324 328 334 337 330 325 325 325 325 323 321 319 317 315 312 311 313 319 326 333 338 342 350 359 5 6 4 0 355 347 339 332 322 309 300 296 297 303 310 316 326 333 341 350 357 357 350 343 340 336 331 322 313 309 312 325 335 331 323 315 310 311 320 332 340 343 343 343 344 344 342 340 340 344 351 354 355 358 3 6 7 5 360 353 345
346 349 349 343 335 327 321 317 316 317 320 323 326 325 322 320 319 320 322 324 323 320 318 316 312 309 307 309 314 321 329 334 338 347 359 9 12 9 3 355 346 340 335 325 311 302 299 301 308 314 320 328 334 339 346 355 356 349 343 339 335 331 322 311 306 309 322 334 331 322 313 306 305 312 324 332 336 339 343 346 347 345 345 348 354 358 358 356 359 4 6 2 358 353 347 340
345 347 346 342 335 327 320 317 315 316 319 322 319 310 307 308 310 313 316 318 318 317 316 314 311 307 305 305 308 313 320 327 332 340 355 10 17 13 4 353 345 340 336 327 315 308 306 310 318 325 330 333 337 342 349 357 358 350 343 338 335 331 321 309 303 305 318 331 330 322 311 301 299 304 315 322 324 328 335 341 342 342 345 350 357 0 0 1 4 7 6 358 352 346 341 339
342 344 344 339 333 326 321 317 316 319 325 330 323 314 309 307 308 309 311 312 312 312 312 313 313 310 307 306 308 314 320 326 331 337 352 12 21 16 3 351 344 340 336 328 319 313 311 315 323 330 334 337 339 343 351 359 360 353 346 341 337 332 320 307 301 304 316 329 331 324 311 300 296 299 309 315 313 315 323 329 330 332 338 346 354 358 1 4 7 8 5 357 349 343 340 339
338 340 341 336 331 327 323 319 319 325 333 334 327 321 317 314 313 313 313 313 313 313 314 315 314 312 312 314 319 324 329 333 337 343 355 14 20 13 0 349 343 339 335 329 322 315 313 315 322 329 335 339 343 346 351 358 2 358 352 346 341 333 321 307 303 306 316 330 334 326 312 301 296 298 304 306 302 300 304 311 313 316 324 337 346 351 356 2 5 5 3 357 349 344 343 341
335 337 338 334 329 326 324 321 322 328 333 333 329 324 322 321 322 323 322 321 321 321 320 318 315 312 313 318 323 328 333 336 340 348 2 14 14 6 355 347 341 337 333 329 322 315 312 314 321 328 334 340 346 351 354 360 5 4 357 351 345 337 323 311 306 307 316 331 338 330 316 304 298 296 296 294 289 284 284 289 292 293 301 319 333 340 347 352 356 358 360 357 351 347 344 339
333 335 337 335 331 327 324 322 323 327 331 332 330 327 326 326 327 328 328 328 327 325 323 320 316 311 311 314 320 324 328 330 335 348 5 12 7 359 350 344 340 336 332 327 320 313 310 312 318 327 335 341 347 353 358 5 10 7 0 353 346 337 324 314 308 308 316 330 338 333 322 311 304 298 295 292 288 285 283 285 287 285 287 303 322 334 342 346 349 352 356 355 350 347 342 335
333 336 340 341 340 337 335 331 329 329 331 332 331 329 327 327 328 329 330 330 329 327 324 320 316 312 311 313 318 321 324 327 332 346 2 6 1 354 347 342 338 335 331 325 318 311 307 307 313 323 333 340 345 353 1 10 14 10 2 353 344 334 323 315 310 310 317 328 336 334 326 319 313 309 308 306 303 299 295 296 299 299 301 309 322 335 344 346 346 349 351 351 348 347 341 334
333 338 345 348 348 346 343 339 335 332 331 331 330 328 328 327 327 328 329 329 327 324 321 318 316 313 314 319 326 330 332 334 338 348 359 2 357 350 345 341 338 336 330 322 315 308 304 303 307 315 324 330 339 350 2 12 15 11 2 353 343 332 321 314 310 310 315 326 333 332 328 325 323 322 323 321 319 315 311 311 315 318 318 320 328 339 347 348 347 349 351 349 346 345 340 333
334 340 347 350 351 349 346 342 338 335 333 331 329 328 327 327 327 328 329 329 327 322 318 317 314 313 317 324 332 336 338 340 344 351 359 1 355 349 345 343 342 338 329 321 314 307 303 302 304 310 314 319 329 343 356 8 13 8 1 352 341 330 320 313 309 308 312 321 329 330 329 330 330 330 331 332 332 328 324 325 328 330 328 328 333 345 350 348 346 348 350 348 344 342 337 330
338 342 348 350 349 348 345 342 339 336 333 330 327 326 326 326 327 328 330 332 329 323 320 317 314 313 315 323 331 335 338 342 346 353 360 1 355 349 347 347 346 338 329 322 315 308 304 305 309 317 321 323 331 340 351 3 9 5 359 351 340 330 321 315 311 309 311 318 325 329 332 333 332 332 334 336 338 335 333 334 337 337 334 333 338 348 351 347 345 348 351 349 343 339 333 326
341 344 347 348 346 345 343 340 337 335 331 327 325 324 325 326 328 329 331 331 328 324 320 317 313 311 313 319 326 331 334 338 345 354 2 3 358 351 350 350 345 337 331 324 315 308 305 306 314 323 329 334 339 342 350 2 6 2 356 349 341 331 324 319 315 313 314 319 326 332 337 335 332 331 332 334 335 335 336 339 341 339 336 335 341 348 348 346 346 349 351 349 343 339 332 324
342 344 347 345 342 340 338 336 333 330 326 323 321 322 324 327 329 330 329 328 325 322 319 316 311 308 309 315 320 323 326 330 339 352 2 6 2 355 350 348 343 337 332 324 315 307 303 306 313 321 328 335 340 344 352 3 3 357 352 348 341 333 326 322 319 317 318 321 326 334 339 336 332 330 329 328 328 330 335 339 341 339 337 338 341 344 346 346 348 351 353 349 345 341 333 324
343 344 346 345 340 337 334 331 327 324 321 318 317 318 322 327 331 331 331 329 325 322 318 315 309 305 305 310 314 315 315 318 327 342 357 5 2 354 348 345 342 338 332 324 314 305 302 303 309 316 321 328 335 343 354 2 359 352 348 345 339 333 328 325 322 320 318 320 324 332 338 336 332 330 327 322 320 323 330 335 339 341 343 343 344 345 347 349 351 353 352 349 346 342 335 325
343 344 346 347 343 338 334 328 323 320 317 315 314 314 317 324 329 331 331 330 327 323 320 316 312 310 310 312 315 314 313 315 320 331 348 358 357 351 346 344 342 338 331 323 312 304 300 301 306 310 313 317 324 336 350 358 355 347 344 342 337 332 329 326 324 321 318 318 322 329 335 335 332 330 327 320 316 318 323 328 334 339 343 346 347 349 352 354 356 356 352 348 345 341 334 325
338 342 347 350 348 343 337 329 322 318 315 312 309 308 309 315 321 325 326 327 326 324 321 318 316 317 320 324 325 325 326 327 330 336 345 352 354 350 346 345 343 339 330 321 312 304 301 301 305 309 310 311 312 321 337 350 350 344 341 338 334 331 329 327 324 321 320 320 323 328 334 335 332 330 327 320 316 316 318 321 325 330 335 340 345 350 356 359 0 358 353 348 344 339 332 325
332 338 348 351 351 347 339 331 322 316 312 307 305 306 308 310 313 315 318 319 320 319 318 317 318 322 327 332 334 335 336 338 340 343 347 352 356 354 349 347 346 340 331 322 315 309 305 306 310 313 313 312 309 312 324 338 344 342 338 335 332 331 329 327 324 322 322 323 325 329 334 336 333 329 327 322 316 315 317 318 318 317 318 324 333 344 353 359 0 357 352 348 344 338 332 326
328 335 347 351 352 348 340 331 322 316 312 311 313 316 319 320 320 318 315 312 311 313 314 315 319 324 328 331 335 338 340 342 345 347 351 355 359 358 352 349 346 339 331 324 318 313 311 312 314 316 317 316 315 317 324 333 341 341 336 333 332 331 329 326 324 323 323 324 326 330 334 337 335 331 327 322 315 314 316 319 320 317 314 318 326 336 347 354 356 354 350 346 342 337 333 329
332 337 346 351 352 349 342 333 325 321 321 323 325 326 327 329 332 331 325 319 315 314 314 315 319 324 324 326 331 337 340 343 346 349 353 358 1 1 355 350 345 337 331 325 319 315 315 317 319 322 324 322 321 322 326 333 339 340 336 332 331 331 329 325 323 322 323 324 326 330 335 339 340 336 330 324 316 313 315 320 325 325 325 327 331 338 345 349 352 351 346 342 339 335 331 329
336 340 347 351 352 351 346 339 333 330 329 330 330 329 329 332 337 338 334 329 324 321 318 318 322 324 322 321 325 331 336 340 344 347 353 358 3 4 359 352 342 335 330 324 317 314 316 323 328 332 332 327 324 325 329 333 336 338 337 333 332 331 329 324 321 320 321 320 322 327 333 340 343 342 336 328 319 315 315 319 324 326 328 332 336 341 346 348 348 348 344 340 337 333 330 328
338 342 349 352 352 351 347 341 337 333 331 330 329 328 328 332 337 337 333 330 327 324 321 321 325 326 322 321 325 329 332 336 339 342 348 356 4 8 3 352 342 333 327 320 314 313 318 327 334 336 334 330 327 328 333 336 337 339 339 336 333 331 329 324 320 319 318 316 317 322 330 339 346 346 340 331 322 317 315 316 320 323 325 330 336 342 347 348 346 346 342 339 337 335 332 329
337 342 349 351 351 349 345 339 335 333 330 329 327 326 326 329 333 332 328 325 324 323 323 324 328 327 323 323 328 333 336 337 340 342 347 354 4 9 4 355 345 335 326 319 313 313 319 329 336 336 333 330 329 331 336 339 340 342 344 341 336 332 330 325 321 320 317 314 314 319 327 338 347 348 341 332 325 319 315 314 317 321 325 329 335 342 348 348 346 345 342 337 336 335 333 330
333 339 348 349 349 347 342 336 333 330 328 327 326 324 324 327 330 327 324 322 320 320 322 327 331 328 323 323 329 334 337 339 341 345 350 356 5 10 5 358 348 338 329 321 315 315 321 331 336 334 330 327 328 332 337 341 344 347 348 346 340 335 331 327 323 321 317 314 314 318 326 337 347 349 342 333 327 321 314 311 314 320 326 331 336 342 349 349 348 347 344 337 334 333 332 329
331 336 344 346 346 344 339 334 330 328 327 325 325 324 325 327 327 325 323 320 317 317 321 329 334 330 325 325 329 331 333 335 338 343 350 359 8 10 5 357 348 339 329 321 317 317 323 333 336 332 326 323 323 328 335 340 345 350 352 350 345 338 332 328 325 322 317 315 315 319 326 336 346 350 342 333 327 321 313 308 310 317 324 329 334 341 348 349 348 349 348 341 336 334 331 328
331 334 339 341 341 340 335 331 329 327 325 323 323 322 323 324 325 324 322 320 316 315 320 330 334 331 329 330 333 334 333 331 332 337 346 359 10 11 4 355 346 338 327 319 316 317 324 333 337 332 324 319 318 321 327 335 342 349 352 352 348 342 336 331 327 322 317 315 316 320 327 335 346 349 343 335 329 322 312 305 306 313 320 324 329 337 343 345 347 350 349 344 340 338 334 329
330 332 336 338 337 335 331 328 326 324 321 319 318 318 318 321 323 324 324 322 317 314 319 329 331 330 331 333 335 337 337 337 335 336 342 355 7 8 1 352 344 336 326 316 313 315 322 332 337 332 323 318 317 318 322 327 334 342 348 351 350 344 340 335 329 323 317 315 316 321 328 336 346 349 343 336 330 323 312 304 303 309 315 318 323 330 336 341 345 349 348 344 342 341 337 331
327 330 334 335 335 332 328 326 324 322 319 317 317 317 320 323 325 327 328 325 319 314 316 323 325 327 330 331 333 336 339 341 342 343 346 353 1 3 358 350 342 335 325 315 311 313 319 329 335 331 324 320 320 322 325 327 330 335 341 347 348 344 341 336 331 324 318 315 316 321 328 337 347 349 343 337 332 325 314 304 302 308 314 318 321 327 334 339 345 348 347 343 342 341 338 332
324 327 332 334 334 331 328 326 326 325 324 323 324 324 325 326 328 330 330 327 322 315 314 317 320 323 327 328 327 330 335 340 344 348 351 353 358 0 356 348 341 334 324 316 312 312 318 326 331 329 324 322 323 326 330 334 336 337 340 345 346 342 339 336 331 325 320 316 316 320 327 336 346 350 344 338 333 326 316 306 305 311 320 325 326 330 336 342 345 347 345 342 341 341 338 332
320 324 330 333 334 332 330 329 329 328 328 328 328 327 326 327 328 330 330 328 324 317 315 317 320 323 326 325 322 323 328 333 340 347 352 355 359 1 355 346 339 333 325 318 315 315 317 324 328 325 322 322 324 327 331 335 339 342 344 347 349 344 338 334 329 324 321 316 315 319 326 335 345 348 343 338 334 327 318 311 310 316 325 330 331 334 341 345 346 346 343 341 340 340 338 331
318 321 327 331 334 334 332 331 330 329 328 327 327 326 325 325 327 328 328 327 324 318 316 318 323 329 331 327 321 320 323 326 331 339 347 355 1 2 354 345 338 331 325 321 319 318 317 321 324 322 319 320 323 326 328 333 338 342 347 351 353 349 341 334 328 323 319 314 313 319 329 337 345 347 342 338 334 328 321 314 312 317 325 329 332 338 345 347 347 346 342 340 339 339 336 330
317 320 325 329 334 335 334 332 330 327 325 325 324 324 323 324 327 328 328 327 323 317 315 316 323 332 337 332 325 323 325 325 326 330 340 352 2 1 354 345 336 329 325 323 323 320 317 318 321 320 317 318 322 324 326 330 335 340 346 353 357 355 346 337 330 324 319 314 314 321 331 340 347 348 342 336 333 327 319 312 310 313 320 324 329 337 345 348 349 347 342 339 337 337 335 330
318 319 324 329 333 335 334 333 329 325 323 323 323 322 322 325 328 329 330 328 322 317 313 313 319 332 338 334 328 327 328 328 328 329 334 347 358 358 352 344 336 328 324 324 327 322 315 314 318 319 317 317 320 323 325 329 333 338 344 352 359 358 349 341 335 328 323 318 316 322 331 341 348 349 342 335 331 325 316 309 306 308 314 320 326 334 342 346 348 348 344 339 336 335 334 330
318 320 324 329 333 334 334 332 328 323 321 322 322 323 325 328 330 332 332 329 325 320 315 313 318 329 337 335 329 328 328 330 332 334 336 343 352 354 349 342 334 327 324 327 331 322 312 309 313 317 317 315 317 320 323 327 332 338 344 352 360 358 350 343 337 331 325 320 319 323 331 340 349 351 343 335 330 323 314 307 303 305 311 318 325 332 338 344 346 346 344 340 337 334 332 329
317 319 324 328 332 332 332 330 326 322 320 321 322 323 327 331 333 334 334 332 328 323 318 315 318 328 336 335 330 327 327 328 332 337 340 343 348 350 347 339 331 326 325 331 333 320 308 304 308 313 314 312 313 315 317 321 328 336 344 353 359 356 349 342 336 330 325 321 320 325 333 341 350 352 344 335 329 322 313 305 299 300 306 315 323 331 337 342 344 343 342 341 338 334 331 329
315 317 323 328 330 330 329 327 323 320 318 319 319 321 325 329 331 333 334 332 329 323 318 316 320 328 336 336 331 327 325 324 328 335 339 343 347 349 346 338 329 325 327 332 329 316 305 301 304 309 312 310 309 310 312 315 320 330 342 353 358 355 348 341 334 328 324 321 321 327 335 344 352 353 343 334 327 319 310 301 296 296 301 310 317 325 334 340 341 340 340 340 339 335 333 330
314 317 322 327 329 328 326 323 319 316 314 314 315 317 321 324 326 329 330 329 326 319 314 315 320 330 337 338 334 329 325 323 324 330 336 341 346 349 345 337 330 329 333 332 324 314 304 300 302 307 312 314 313 312 312 313 316 325 339 350 355 353 347 340 334 330 326 322 322 327 336 346 356 355 342 331 325 318 308 300 295 295 299 306 313 320 328 334 336 337 338 340 340 337 335 333
315 317 323 327 328 326 324 321 317 313 311 311 313 316 319 319 319 321 322 322 318 314 311 313 319 330 338 341 339 333 327 323 323 327 332 337 343 347 344 337 334 337 340 337 330 320 309 303 304 308 314 317 319 319 318 316 317 324 336 347 353 351 345 338 334 331 328 323 323 328 336 348 0 356 341 330 324 318 310 301 295 293 297 306 315 322 327 330 332 335 337 340 340 338 337 336
313 316 323 327 327 325 322 320 317 314 312 311 314 317 316 313 312 313 315 316 315 311 310 312 319 328 336 341 343 339 331 325 323 325 330 336 340 344 344 340 340 342 342 340 336 327 316 309 307 310 314 317 320 323 323 320 320 325 335 346 352 349 341 335 332 330 326 322 324 330 341 354 3 356 342 332 323 315 307 300 294 293 299 309 318 324 325 327 331 334 337 340 340 338 337 336
310 313 319 323 324 323 322 321 318 315 312 311 314 317 316 313 313 315 318 320 318 314 310 310 316 324 331 339 344 340 333 327 324 325 331 336 340 343 345 344 342 342 341 340 337 330 322 315 312 312 315 318 321 324 326 324 322 325 334 346 351 346 338 333 331 329 325 322 325 334 349 2 4 354 342 335 327 315 306 299 296 297 303 311 320 323 322 324 330 335 338 340 340 337 335 335
311 312 316 318 319 321 322 322 320 316 313 313 317 321 322 322 323 324 324 324 323 318 311 310 314 321 327 336 341 338 333 328 325 326 331 336 340 344 346 345 342 341 340 338 335 331 326 320 317 317 319 322 324 326 328 327 324 325 333 345 350 345 338 334 332 329 325 324 328 340 357 6 4 352 341 335 330 322 313 305 301 301 305 312 321 322 321 325 331 336 339 340 339 336 334 333
