project/data/elevation/US_DEM2016/US_DEM2016_point_10-29-2019_0000_30m_ang.asc
ncols	125
nrows	167
xllcorner	-2042055.000000
yllcorner	1465035.000000
cellsize	30.000000
NODATA_value	-9999.000000
[rows 45 to 89 of 167, columns 0 to 95 of 125]
333 337 343 347 349 350 352 354 357 359 5 14 16 9 1 358 357 355 354 351 347 346 347 349 350 349 348 347 344 341 337 336 337 340 344 349 353 354 350 347 353 6 12 9 2 358 358 357 355 352 350 348 348 345 341 342 347 352 355 358 360 0 1 0 357 351 349 351 353 348 339 330 325 320 314 308 305 303 295 307 317 326 334 339 342 348 358 4 3 358 359 7 20 28 27 21
330 335 342 346 348 349 351 355 359 4 11 17 14 4 358 357 356 355 353 352 349 347 347 348 349 348 347 344 340 336 334 335 337 339 340 345 352 359 0 358 0 11 16 9 0 357 356 355 355 355 355 350 342 337 335 338 345 352 356 358 359 0 2 1 357 354 356 359 356 349 342 338 335 332 328 323 319 316 314 313 307 322 328 334 338 345 356 5 7 4 3 8 20 26 24 19
326 330 339 345 347 350 352 355 360 8 16 19 24 2 355 355 355 355 355 354 352 350 348 347 347 346 344 341 336 332 333 335 337 338 338 342 350 359 6 9 12 14 11 3 358 356 354 355 357 359 354 344 336 335 336 340 345 352 356 358 359 0 2 2 1 1 0 356 351 347 345 343 342 339 336 332 330 327 325 323 324 324 325 329 336 343 352 2 6 6 7 14 21 22 20 16
324 327 334 342 347 351 353 356 1 10 20 20 9 1 353 353 353 355 356 356 355 352 349 347 345 343 341 336 331 330 334 338 340 340 341 342 346 356 8 18 21 16 6 359 357 356 356 0 3 358 347 337 335 337 342 345 347 351 355 357 359 1 2 3 2 359 355 351 349 349 348 348 348 346 344 341 340 338 336 333 331 327 323 324 332 340 349 357 4 8 14 22 24 19 15 9
326 328 334 340 346 352 356 358 2 11 19 16 4 358 353 352 351 354 356 358 357 354 350 347 345 342 337 330 326 327 334 340 342 346 349 346 346 355 13 28 30 20 6 358 354 353 357 2 1 350 340 336 337 342 348 351 351 351 354 355 357 359 1 0 357 354 352 351 351 352 352 352 352 351 350 349 348 348 347 345 341 333 325 322 326 335 345 352 2 12 22 27 23 13 7 2
324 328 336 340 345 352 359 1 4 11 14 9 1 357 355 353 352 354 357 0 0 357 352 348 345 340 334 326 322 325 332 337 342 350 356 354 353 3 22 35 31 18 6 357 350 348 352 356 354 345 339 338 342 348 354 356 354 352 352 352 353 356 359 357 353 351 351 351 352 353 354 354 354 353 353 354 354 355 356 356 353 346 335 327 324 329 339 349 2 18 28 29 20 9 3 359
321 327 337 342 345 351 358 2 5 9 7 2 359 358 357 355 354 355 359 2 2 359 355 350 344 339 332 324 320 322 327 331 337 349 357 0 4 13 22 23 17 9 2 357 351 347 347 349 349 346 343 344 347 353 359 0 357 353 352 351 351 352 353 353 350 348 348 349 349 350 351 352 353 353 354 356 358 359 0 1 1 357 351 341 332 330 335 346 6 24 31 28 20 12 6 1
320 325 334 341 345 350 355 2 6 6 0 356 357 359 0 360 358 358 360 3 3 1 357 351 343 336 329 323 320 320 323 324 331 342 353 3 12 15 14 10 7 2 359 355 351 345 343 345 348 349 350 352 354 358 2 4 0 356 354 352 349 348 348 348 347 345 341 338 335 335 337 341 345 347 350 354 357 359 359 360 1 360 358 349 347 318 336 345 10 25 27 23 20 15 8 2
323 325 332 337 342 346 351 359 6 5 13 357 355 1 5 6 3 0 2 5 5 1 357 351 343 335 328 324 323 323 323 323 326 334 348 5 16 13 7 4 1 358 355 352 346 341 340 342 348 353 357 360 0 2 6 8 4 359 355 352 349 347 347 347 347 345 339 333 328 325 322 323 327 333 339 345 350 354 355 353 353 353 354 354 353 328 345 349 8 16 16 17 16 10 3 359
328 330 333 337 340 343 346 356 5 6 356 360 356 7 13 13 9 4 4 5 3 359 355 350 344 336 329 326 327 329 330 329 328 331 344 6 17 11 3 360 358 355 351 345 339 336 336 341 348 356 2 5 5 6 10 11 6 360 354 351 349 349 349 350 351 349 344 339 336 332 325 314 305 305 313 321 330 339 343 340 333 327 328 334 343 350 353 356 1 4 7 10 8 2 359 355
334 335 338 341 343 344 345 351 2 6 358 7 1 18 22 24 13 8 3 360 357 356 353 349 345 339 332 329 330 332 335 335 332 331 343 6 14 8 1 357 354 350 345 338 332 331 334 341 349 356 3 7 9 10 14 15 8 359 353 351 351 352 352 353 352 349 346 344 342 339 333 321 307 297 293 291 291 295 300 309 287 313 318 327 306 346 354 357 355 357 1 3 0 358 354 349
336 337 342 346 350 352 351 351 359 4 360 21 25 21 21 15 11 6 359 354 352 352 352 350 346 342 337 333 332 334 338 340 339 339 347 1 6 4 0 356 352 346 339 332 328 329 333 340 348 355 2 8 12 15 19 18 9 359 354 354 356 356 354 351 348 347 348 348 348 347 343 338 335 331 321 291 273 270 303 314 321 323 327 334 322 348 354 354 352 354 357 358 356 353 348 343
333 336 343 350 355 359 358 357 0 3 20 2 8 13 12 9 5 1 357 353 350 350 350 350 347 345 342 338 335 338 343 346 347 349 354 357 359 360 359 356 352 345 336 329 326 328 333 339 345 351 358 7 15 21 24 19 10 3 0 360 359 356 352 347 345 346 351 354 354 351 347 346 348 352 351 340 331 330 329 327 328 329 333 333 348 353 355 353 351 352 354 354 351 347 342 341
326 331 342 352 359 3 2 2 4 5 1 1 5 6 5 3 1 359 356 354 351 349 349 348 347 347 345 341 338 340 345 348 351 356 359 357 355 356 357 355 352 346 336 329 325 327 332 336 340 343 350 5 19 27 26 19 11 7 4 360 357 354 351 348 347 350 356 357 353 349 348 351 358 3 357 346 340 337 333 331 331 333 337 345 352 356 357 353 349 349 351 350 346 341 339 343
322 327 340 350 358 3 5 7 10 9 21 358 359 3 359 358 357 355 354 353 352 349 347 345 346 348 346 342 340 343 346 348 352 358 0 357 354 353 353 353 351 346 338 331 325 325 328 331 332 332 338 357 19 27 23 15 10 7 2 357 354 351 349 349 352 357 360 356 352 350 352 359 5 2 352 345 341 338 336 335 336 338 343 349 355 358 358 353 347 346 347 346 342 338 341 354
320 325 339 348 354 1 7 12 17 15 4 354 353 353 353 353 352 351 351 351 350 347 343 343 346 347 343 340 341 347 351 351 352 356 357 355 353 351 350 350 349 346 340 335 330 327 327 328 328 328 332 347 10 18 14 9 6 4 360 356 352 347 345 347 354 1 3 357 352 353 358 3 1 355 349 346 343 342 341 340 342 345 349 352 337 359 358 352 345 343 343 342 338 339 350 3
318 324 338 348 353 359 8 17 24 23 9 354 348 347 347 347 348 348 348 345 342 338 337 339 343 342 335 333 338 347 354 357 357 356 355 352 351 350 350 350 350 348 343 339 338 340 339 337 336 338 341 348 0 8 5 3 2 0 358 354 349 344 342 345 353 2 3 359 356 357 0 0 356 352 350 348 347 346 347 348 349 352 354 356 359 1 360 351 342 339 339 337 336 343 356 359
318 323 337 348 355 1 8 22 32 30 17 1 350 342 337 336 342 349 345 332 322 320 323 329 334 331 325 325 331 341 352 358 0 0 358 354 350 350 351 352 352 349 344 343 345 349 349 346 344 345 348 353 1 5 1 358 358 356 353 349 345 343 342 346 353 360 0 358 359 0 0 358 354 352 351 350 350 351 354 355 357 359 0 349 2 4 1 349 339 336 335 334 336 345 352 350
324 327 338 348 356 3 12 26 35 31 22 12 2 348 333 320 356 339 341 332 320 310 308 315 322 321 319 320 326 335 343 352 359 3 3 360 354 352 353 354 352 347 342 342 346 351 353 352 350 350 352 356 4 6 0 355 354 351 346 342 341 342 344 349 355 356 354 355 359 1 359 356 354 353 353 353 353 354 358 1 2 4 6 6 342 331 1 348 337 333 332 332 336 343 345 343
331 334 343 351 358 5 16 29 31 26 21 15 9 2 352 338 336 333 341 343 339 330 321 318 318 318 319 320 325 332 337 342 351 1 7 6 0 355 354 353 349 343 339 340 345 351 354 354 354 354 356 359 5 6 360 354 351 346 340 338 339 343 348 354 355 350 347 350 357 359 358 355 353 352 354 355 355 355 358 4 7 8 10 12 13 326 357 345 335 330 328 329 334 339 338 337
333 337 347 354 0 9 21 27 24 19 16 13 10 8 3 354 341 334 337 345 349 346 339 330 323 320 320 324 330 337 338 338 343 355 4 4 0 357 354 351 347 342 338 338 343 349 351 353 356 0 1 2 4 5 358 352 347 341 336 337 342 347 352 356 353 346 341 345 353 356 356 356 354 350 351 356 359 358 358 4 11 15 17 20 15 1 348 340 334 330 327 327 332 336 334 331
332 337 348 356 3 13 21 21 16 12 10 9 10 10 8 1 351 339 334 341 348 349 346 339 330 324 324 329 337 345 347 345 345 350 356 356 355 354 353 351 347 342 338 338 342 346 348 351 357 3 5 5 5 2 356 349 344 338 336 340 348 351 356 356 351 342 338 342 350 354 355 356 357 353 350 354 4 10 7 7 25 43 48 31 1 341 334 334 333 332 330 330 333 337 334 330
332 337 349 358 6 16 19 14 24 6 6 7 9 10 9 5 358 347 338 337 342 346 347 343 335 329 328 332 341 349 353 353 352 351 352 351 350 351 352 351 347 342 339 339 341 343 344 348 354 0 5 7 6 359 353 346 341 338 339 346 352 355 358 355 348 340 338 342 347 351 353 354 358 360 358 359 15 36 10 67 97 294 54 5 339 328 326 329 331 331 332 335 339 342 341 336
330 337 351 1 10 18 18 9 3 1 1 4 7 7 7 6 2 354 344 337 337 340 343 342 337 333 332 335 342 349 354 356 355 355 354 351 348 349 351 350 346 343 341 342 342 341 342 346 351 355 0 5 4 357 347 341 338 340 346 350 353 356 356 351 345 341 340 342 343 344 348 348 351 2 12 21 47 65 73 59 47 31 7 345 333 328 327 329 329 329 331 336 342 348 350 345
330 336 352 5 14 21 18 10 3 358 357 359 1 2 3 4 4 360 351 342 336 336 338 338 337 336 336 338 341 345 350 354 356 358 358 354 349 349 350 348 346 345 345 345 344 344 346 349 352 353 353 356 357 349 345 337 338 346 354 353 352 355 352 346 344 343 344 346 345 342 341 339 340 359 35 54 59 69 41 20 7 359 350 339 332 329 330 332 330 330 334 340 345 351 355 352
330 337 354 7 17 22 18 12 8 2 356 350 350 353 356 359 1 1 356 348 340 337 335 335 337 339 341 342 342 342 343 345 351 357 359 355 350 348 348 347 346 347 348 348 347 347 351 354 355 352 348 348 352 351 349 341 346 356 359 354 354 353 345 340 341 343 349 355 359 356 353 353 358 14 40 43 33 21 9 0 355 350 344 338 334 334 336 338 337 337 341 346 349 354 358 360
332 339 355 9 19 21 16 12 11 8 0 348 339 341 347 352 356 358 357 351 345 340 336 335 338 344 348 348 348 346 342 341 344 351 356 354 349 346 346 345 347 349 350 348 348 351 355 355 353 350 349 349 353 355 357 350 356 0 359 358 358 354 346 342 341 344 351 358 2 1 359 1 9 19 23 18 9 1 355 350 347 345 343 339 337 340 344 346 346 346 350 353 354 357 3 8
335 341 357 11 20 18 13 10 9 8 4 356 345 339 341 345 349 353 354 351 346 341 338 338 341 348 353 355 354 352 349 347 347 350 353 352 348 345 344 346 349 351 350 348 349 353 355 353 351 350 352 354 358 359 356 354 356 359 360 0 359 356 352 348 345 347 353 360 3 3 5 10 17 18 12 4 357 351 346 343 343 344 344 342 341 343 349 354 356 358 359 0 0 3 11 14
337 343 358 12 19 16 10 6 4 4 2 359 354 348 344 342 344 346 349 350 347 343 340 341 344 350 355 358 358 355 353 352 352 353 354 353 348 344 345 349 351 351 350 348 348 351 352 351 351 352 354 359 3 2 357 353 354 356 357 358 357 354 351 348 348 350 358 4 8 12 16 20 19 10 0 354 350 344 340 339 341 344 346 346 347 348 353 359 3 7 9 8 7 10 15 14
339 345 360 12 16 13 8 2 358 357 356 357 356 354 350 344 341 341 343 347 348 345 343 344 347 350 354 358 0 359 356 354 354 355 356 355 349 345 347 349 350 351 350 347 347 347 348 349 350 351 354 359 4 4 358 353 351 352 353 354 353 351 349 349 352 359 6 11 16 23 24 19 10 360 351 347 343 339 336 336 339 343 346 349 353 356 356 358 5 12 16 15 13 15 16 12
341 347 1 11 12 10 4 356 351 350 351 354 355 354 350 345 340 338 339 343 347 347 347 349 350 350 351 356 1 1 359 356 355 355 356 354 349 346 347 349 349 350 348 346 346 347 346 346 347 349 351 354 1 3 358 352 350 350 350 350 348 348 350 356 6 14 13 11 17 22 19 10 360 351 345 342 339 336 336 337 338 340 342 346 355 2 3 0 3 13 19 19 16 17 15 10
340 348 3 10 9 5 358 352 348 347 349 352 352 349 345 341 338 337 338 342 346 348 350 352 353 351 350 353 359 2 2 1 360 357 355 354 350 348 348 349 349 348 346 344 346 349 350 349 349 351 352 353 357 359 355 350 349 349 349 347 346 349 359 12 19 16 7 4 9 11 7 0 352 347 344 342 340 339 340 343 343 337 333 333 343 358 5 7 8 13 18 18 16 15 13 9
337 347 4 10 6 358 353 350 349 350 350 348 346 342 339 337 336 336 338 342 346 349 352 354 355 354 351 351 355 360 3 5 3 360 357 357 356 353 351 350 348 346 345 345 346 348 349 350 349 349 351 353 355 354 349 347 348 348 348 347 349 358 11 16 12 5 1 359 359 359 358 353 349 347 346 344 343 343 347 352 354 349 341 332 332 342 358 7 12 15 17 14 12 12 11 7
333 345 6 11 3 353 352 353 360 353 350 345 342 338 335 334 335 337 340 343 346 350 354 355 356 355 352 350 351 356 2 6 5 2 1 2 2 359 354 351 348 347 347 346 345 346 346 345 344 343 345 348 349 348 345 344 346 348 348 350 356 8 12 6 1 359 357 355 353 353 352 349 347 347 348 347 346 347 352 357 1 1 356 348 341 339 347 0 12 18 16 11 9 10 9 4
333 346 8 10 0 353 353 355 354 352 348 344 339 336 335 335 336 340 343 345 348 352 355 356 357 356 353 347 346 350 357 3 5 5 5 7 8 4 357 353 351 350 349 347 346 347 347 344 342 342 343 344 345 347 346 344 345 348 351 356 6 10 5 357 354 352 351 349 350 350 349 346 345 346 349 350 351 351 352 357 2 5 4 359 353 349 349 356 9 15 12 7 6 7 5 0
339 351 5 5 359 354 352 353 352 349 346 341 337 336 335 336 338 341 345 348 351 354 357 359 0 359 354 346 341 342 347 355 1 5 8 12 8 7 0 358 356 353 352 350 351 352 351 346 343 342 343 344 345 348 349 346 347 353 357 1 5 3 356 350 347 345 344 346 349 349 345 342 342 344 348 352 354 353 352 352 357 3 6 5 1 357 356 359 5 7 5 4 3 2 359 354
352 355 359 358 357 354 351 350 348 346 342 338 335 335 336 338 340 343 346 350 353 355 358 1 3 2 358 349 338 331 329 334 346 359 8 14 12 5 1 359 357 355 354 353 354 355 353 348 344 343 343 343 345 348 350 348 0 354 358 0 1 357 352 346 341 339 341 346 349 347 342 340 340 343 347 351 354 356 355 351 350 356 5 8 8 4 1 2 4 2 1 0 358 356 353 349
359 357 355 354 354 352 350 347 344 341 338 335 334 335 337 340 343 346 349 352 354 356 1 3 3 4 5 1 349 335 324 320 325 340 2 8 7 1 358 356 354 354 354 354 355 356 354 350 347 345 344 343 344 348 351 350 359 352 355 358 358 354 349 342 338 337 342 348 349 345 341 340 340 342 345 349 353 356 357 356 351 350 359 8 11 9 6 5 3 360 358 358 354 350 348 347
357 357 356 354 351 349 347 344 341 337 334 333 334 336 339 342 346 352 355 356 355 359 4 3 2 4 6 5 360 350 341 335 331 335 347 358 1 357 353 351 351 353 355 355 354 354 353 352 350 348 346 345 346 349 353 352 360 352 351 354 354 351 346 340 336 337 345 349 347 345 342 341 340 340 342 344 348 353 357 359 357 351 352 2 10 12 12 9 4 359 357 357 352 348 347 351
353 355 357 355 350 346 344 341 338 334 332 332 334 338 341 344 350 357 3 2 0 3 4 359 357 358 0 0 359 355 351 347 345 343 347 354 355 352 349 348 351 354 356 354 353 352 352 352 352 350 349 348 349 351 354 353 348 347 348 350 350 348 345 340 336 338 344 346 346 346 345 344 341 337 334 333 337 344 351 356 359 356 350 353 4 12 14 13 7 2 360 359 355 351 354 3
351 353 355 353 348 344 342 339 335 332 331 332 335 339 344 348 355 5 12 9 4 2 357 353 351 352 353 355 356 356 356 355 354 350 349 351 350 348 348 350 354 355 354 353 351 349 349 350 352 354 353 353 353 353 354 353 348 346 346 347 347 347 344 339 336 338 342 343 345 347 348 349 348 343 335 327 322 324 333 343 352 353 349 345 354 7 13 14 12 8 5 4 3 1 3 7
350 351 352 350 346 343 341 338 333 330 331 333 337 341 347 355 6 18 19 9 359 354 351 348 347 347 348 351 353 355 357 360 360 356 352 349 347 346 350 356 356 353 352 351 349 344 344 347 352 356 357 358 358 357 356 353 2 344 350 345 345 346 342 338 337 338 340 342 345 347 349 352 353 354 350 343 332 323 320 320 330 342 343 336 339 355 8 14 14 12 9 8 9 7 4 3
348 349 349 346 344 342 340 336 332 330 332 336 340 345 354 7 18 19 11 2 354 348 345 344 343 343 345 349 352 352 354 358 2 0 356 352 344 347 354 359 356 353 352 350 345 338 337 341 348 354 357 359 0 1 359 355 349 345 345 345 345 344 341 338 337 338 341 343 345 347 347 348 352 357 359 358 354 348 343 337 334 338 338 332 332 343 360 9 12 10 9 10 10 6 3 0
346 348 347 345 343 341 338 335 333 332 334 338 344 353 6 17 12 5 1 359 354 348 343 340 340 341 343 348 351 351 350 353 359 2 2 359 354 352 356 359 357 355 353 349 342 334 332 335 341 346 349 353 357 359 359 356 352 347 345 346 345 343 341 338 337 339 342 345 346 345 344 343 348 355 1 2 1 359 357 354 352 350 348 344 343 348 355 360 2 3 6 10 9 5 1 357
344 347 347 345 344 341 337 334 333 335 338 343 351 4 13 8 359 357 357 357 354 349 343 340 339 339 340 343 347 349 348 349 353 0 5 5 2 358 358 359 357 355 353 350 343 335 332 334 337 338 339 342 345 348 351 353 352 347 344 345 344 344 342 339 336 338 342 346 345 344 342 340 342 349 357 2 3 2 1 1 0 357 354 354 356 359 357 354 356 1 5 6 5 2 357 352
