project/data/elevation/US_DEM2016/US_DEM2016_point_11-01-2019_1725_30m_ang.asc
ncols	125
nrows	167
xllcorner	-2042055.000000
yllcorner	1465035.000000
cellsize	30.000000
NODATA_value	-9999.000000
[rows 86 to 128 of 167, columns 0 to 95 of 125]
347 350 353 351 345 339 335 332 329 327 326 326 328 331 335 339 343 345 344 341 339 339 339 337 335 334 333 334 338 344 348 351 351 350 348 349 348 347 349 352 351 347 344 340 335 329 327 331 338 345 348 350 352 353 354 353 348 344 343 342 341 338 333 327 325 328 334 336 336 335 333 330 331 333 333 328 320 315 312 313 318 328 333 331 335 349 3 10 11 9 6 6 7 4 1 359
346 349 351 348 342 337 333 330 328 326 327 328 329 332 337 343 348 347 343 340 338 337 336 334 333 332 331 332 335 340 345 350 353 353 352 350 348 348 351 354 350 346 343 339 331 324 322 325 334 343 348 351 354 356 357 355 350 345 343 342 341 338 332 326 325 327 334 337 337 335 332 331 333 339 344 343 338 333 327 323 323 326 328 328 330 340 356 7 8 6 6 7 8 4 360 357
345 348 350 346 341 337 332 329 327 327 328 330 332 336 343 348 348 345 343 341 339 335 333 332 331 329 329 330 333 337 341 346 351 354 356 356 354 353 354 354 351 346 343 337 328 319 316 318 327 335 340 346 350 354 356 356 352 347 344 343 341 337 332 326 324 326 334 339 338 335 331 328 331 339 347 350 349 347 343 340 339 338 337 337 338 343 352 359 1 1 4 6 6 2 358 353
345 347 349 346 342 337 332 329 327 328 330 333 336 341 347 347 343 342 342 342 339 336 333 331 329 327 326 327 331 336 339 343 347 353 359 1 0 358 357 356 352 347 343 337 327 318 314 315 322 326 331 336 340 344 349 353 352 347 343 342 340 337 332 325 322 324 333 339 338 334 329 325 326 335 345 350 352 351 350 350 350 347 345 346 349 353 354 354 356 359 2 3 2 359 355 348
344 346 348 346 343 337 332 328 327 329 332 336 340 344 344 340 337 337 338 339 338 335 332 330 328 324 322 323 327 332 337 340 343 350 359 5 5 3 360 356 352 348 344 338 329 321 318 320 326 329 332 336 338 341 346 351 352 347 342 341 340 338 333 324 319 321 330 338 337 333 327 321 320 327 337 344 348 349 351 353 354 351 350 352 357 359 357 356 358 1 1 359 357 354 349 344
344 345 346 345 341 336 331 328 328 331 335 341 345 343 337 332 329 329 331 332 332 331 331 331 329 325 320 319 321 325 331 335 338 343 355 5 10 7 1 355 351 348 345 340 332 326 325 328 333 337 338 339 341 344 349 354 353 347 342 341 340 339 333 323 317 318 327 335 336 332 325 317 315 319 327 334 338 342 346 350 352 351 351 355 360 1 360 0 2 3 1 356 352 348 345 343
342 343 344 343 339 334 331 329 331 336 342 348 348 344 337 331 327 326 326 326 325 326 328 330 330 327 323 321 322 325 330 333 336 339 350 5 12 9 1 353 350 347 344 339 334 330 329 331 336 340 342 343 344 346 351 356 355 350 345 343 342 341 333 322 316 317 325 334 336 333 325 316 313 315 322 326 327 330 336 342 344 345 349 353 358 360 1 4 6 4 1 355 349 345 344 346
339 341 342 340 336 333 332 332 336 342 348 350 348 344 340 336 332 330 328 327 326 327 329 331 331 329 326 327 330 333 336 339 341 344 352 6 12 7 359 352 348 346 342 338 334 331 330 332 336 340 343 346 348 349 351 355 356 354 350 347 346 343 334 322 316 318 326 335 338 336 328 318 314 316 320 321 317 317 322 327 329 334 341 348 352 355 359 3 4 2 360 356 350 347 347 348
337 339 340 338 335 333 333 335 339 345 349 349 346 342 340 339 338 336 334 333 333 334 335 335 333 328 326 329 333 337 339 342 344 349 358 6 7 2 356 350 347 344 341 337 333 330 329 330 334 339 344 348 352 353 354 357 359 358 354 352 350 345 335 324 319 319 326 336 341 338 330 322 318 319 320 315 307 302 304 309 311 316 327 339 345 349 352 355 357 358 358 356 351 349 348 346
336 337 339 338 336 335 336 338 341 344 346 346 345 342 340 339 339 339 337 337 337 338 339 338 334 327 324 326 330 335 337 339 342 349 359 4 2 357 352 348 345 343 340 336 333 329 326 328 332 339 345 349 353 356 359 2 4 1 357 353 351 345 336 326 321 321 326 336 341 339 334 329 326 326 325 317 309 304 302 303 305 306 313 327 337 343 347 350 351 354 356 354 351 349 346 343
336 338 341 342 342 342 343 344 344 343 343 344 343 341 339 338 338 338 338 338 339 340 341 339 334 328 324 325 330 332 333 335 339 346 356 360 357 353 349 346 344 343 340 336 331 327 323 323 328 337 345 349 352 356 2 6 7 4 358 354 350 343 334 327 323 323 328 335 340 338 336 335 337 340 338 329 323 319 315 313 315 316 318 324 332 340 347 349 349 352 353 352 350 349 346 342
335 339 344 346 347 348 348 348 347 344 343 342 341 339 338 337 336 337 338 340 341 342 340 336 332 328 327 331 336 338 339 340 342 347 354 356 354 350 346 344 344 344 341 336 330 325 320 319 323 332 339 344 349 355 2 7 9 5 359 354 348 341 332 326 323 323 328 334 338 337 336 339 345 348 347 340 335 331 326 324 326 328 328 329 334 342 349 350 349 351 352 350 348 348 346 341
336 340 345 347 349 350 350 349 347 345 343 341 339 337 336 336 336 337 339 343 345 342 338 333 329 326 328 334 340 343 344 345 347 351 354 355 352 348 346 345 346 345 341 335 330 324 320 319 323 330 334 335 341 349 357 3 6 3 359 354 347 340 331 325 321 321 325 331 335 334 335 340 346 350 350 348 344 339 334 333 336 337 335 334 338 347 351 350 348 350 352 350 347 345 343 339
339 342 345 347 348 349 349 348 346 345 343 340 337 335 334 335 336 339 343 347 347 341 336 332 327 324 326 332 339 343 345 348 351 354 356 356 352 347 347 348 349 346 341 336 331 325 321 322 329 336 338 339 341 345 351 359 3 1 358 353 347 340 333 327 324 322 324 329 332 334 336 340 344 347 349 350 348 344 340 340 343 343 340 340 344 350 351 349 348 350 351 350 346 343 340 336
342 343 345 345 345 346 346 345 344 343 341 338 335 334 334 336 339 343 346 347 343 339 335 331 326 323 324 329 335 339 343 346 350 356 359 357 353 349 349 351 349 345 341 337 331 325 322 324 332 340 343 346 347 347 351 358 1 358 355 352 348 342 336 332 328 326 327 330 333 336 339 340 341 343 346 348 347 344 344 345 347 346 344 344 348 350 349 348 348 350 353 351 348 344 340 335
343 344 345 343 342 341 341 341 341 340 338 335 333 333 335 338 343 346 346 343 339 335 332 329 323 320 321 326 331 334 337 340 346 354 360 360 356 352 350 350 347 344 341 337 330 324 321 324 331 338 343 348 350 350 353 359 358 354 352 350 347 343 339 336 333 331 330 331 334 339 341 340 339 341 343 343 341 341 344 348 349 348 347 347 348 348 347 348 349 351 353 352 350 347 342 335
345 345 345 343 340 338 337 336 336 335 333 332 331 333 336 342 347 347 345 341 338 334 331 328 323 318 318 323 327 327 328 331 338 347 356 359 356 351 348 347 346 344 341 336 329 322 320 322 329 334 339 343 348 352 355 358 355 350 348 347 345 342 340 338 336 334 332 331 334 338 340 339 338 339 340 338 336 337 341 346 349 350 351 351 349 348 349 350 351 353 353 351 350 349 343 336
346 346 346 346 342 339 336 334 334 332 331 330 331 333 336 341 344 343 342 341 338 336 333 330 327 324 324 327 328 326 325 326 331 338 347 353 352 348 346 346 346 344 340 334 328 322 319 321 327 331 333 336 341 348 354 355 352 347 345 344 342 341 340 339 338 336 333 332 334 337 339 338 336 338 339 336 333 333 336 340 345 349 351 352 352 353 354 354 356 356 353 351 350 348 343 336
343 345 348 349 346 342 338 335 333 331 329 329 330 332 332 333 333 335 337 338 337 336 334 332 330 332 335 336 336 335 334 335 336 340 344 348 349 347 346 346 347 345 339 333 328 323 320 323 329 331 332 332 333 339 346 350 348 344 341 340 339 338 339 340 339 338 336 335 335 337 338 337 335 336 338 336 333 333 333 334 337 342 345 349 352 355 358 359 359 357 354 351 349 346 341 336
337 342 349 350 349 345 341 336 333 331 330 329 331 332 330 325 324 325 328 331 332 332 332 331 332 335 340 342 342 342 342 343 344 346 347 349 351 350 348 348 349 346 339 333 329 325 324 328 333 336 336 336 332 330 334 341 343 342 339 337 336 337 338 339 339 339 338 338 337 338 339 339 336 335 337 336 334 333 333 333 333 332 333 337 344 351 357 359 360 357 353 351 349 346 341 338
334 339 347 350 349 347 342 338 334 334 335 336 337 337 335 332 329 327 326 325 326 327 328 328 330 335 339 341 343 345 346 347 349 350 351 353 354 353 350 350 350 345 339 333 330 328 328 332 337 340 343 341 335 331 332 336 341 341 337 335 335 336 337 338 338 338 339 340 339 340 341 341 339 336 336 337 335 333 333 335 336 332 329 331 337 345 352 356 357 355 351 349 347 345 342 340
336 339 346 349 349 349 346 342 339 340 342 343 342 340 338 338 339 339 336 331 329 328 327 327 330 334 336 337 340 344 347 349 351 353 354 356 357 356 353 351 349 344 338 334 331 329 330 335 341 346 348 343 336 333 334 337 340 339 336 334 335 336 336 336 336 337 338 339 340 341 342 344 343 340 339 339 335 333 334 336 339 338 337 337 340 344 349 352 353 352 349 346 344 342 342 342
339 341 345 348 350 350 349 347 346 345 344 344 342 340 338 339 343 345 343 339 336 333 329 329 332 334 333 333 336 340 344 348 350 352 354 357 359 359 356 351 347 342 338 334 331 329 331 338 345 350 350 344 338 336 337 338 338 338 337 335 335 336 335 334 333 334 336 336 337 340 343 346 347 346 343 341 337 334 334 336 337 338 340 342 344 346 349 350 350 350 347 345 343 341 340 341
341 343 347 349 349 350 349 348 347 345 343 341 340 339 338 339 343 344 343 340 338 335 332 332 334 336 334 334 336 339 342 345 347 348 351 356 0 2 357 351 345 341 337 333 329 328 332 339 347 351 349 344 340 339 340 341 340 339 339 337 335 335 336 334 333 334 334 332 333 336 342 347 350 350 347 342 338 336 334 333 334 335 338 342 345 348 350 350 349 348 345 344 343 342 341 341
340 343 347 349 349 348 347 346 344 342 340 338 337 336 336 338 341 340 339 337 335 334 333 334 338 338 335 335 339 343 344 344 345 347 350 354 360 3 358 352 347 342 337 332 329 328 332 339 346 348 347 344 342 342 344 344 344 344 343 341 337 336 336 335 334 335 333 330 330 333 340 347 351 352 348 343 340 338 335 332 332 334 337 341 345 348 351 351 349 347 345 342 342 342 342 342
337 341 347 348 347 347 345 342 340 338 337 336 335 335 335 337 339 337 335 333 331 330 332 336 341 340 336 336 340 344 345 345 346 349 352 355 1 3 360 355 350 344 338 332 329 328 333 340 345 345 344 341 341 343 345 347 348 348 348 345 341 337 337 336 336 336 333 329 329 332 339 347 352 352 348 344 341 338 335 331 331 334 338 341 345 349 352 351 350 349 346 342 340 341 341 341
336 339 344 345 345 345 343 339 336 335 335 335 335 335 336 337 337 335 333 331 328 327 329 336 342 341 338 338 340 342 342 343 344 348 353 358 3 4 0 355 350 344 338 331 328 329 334 341 345 344 341 338 337 340 344 348 351 352 352 350 345 340 338 337 337 336 332 329 328 332 339 347 352 352 348 344 340 338 334 329 329 333 338 340 344 349 353 352 350 351 349 345 342 341 341 340
336 338 341 342 342 342 339 335 334 334 333 334 334 335 335 336 335 333 332 330 327 325 328 337 342 341 341 342 343 344 342 340 340 344 351 358 4 4 359 353 348 343 336 329 326 328 335 343 346 343 339 335 333 336 340 345 350 353 354 352 349 344 340 339 338 335 331 328 328 332 339 346 351 352 348 344 341 337 332 326 326 331 335 337 340 346 349 349 350 351 351 347 345 345 343 340
336 337 339 340 339 338 335 333 332 332 332 332 332 332 333 333 333 332 332 331 327 325 328 336 339 340 343 345 346 347 346 345 342 342 347 355 2 2 357 351 346 341 334 327 324 326 334 342 346 343 338 334 333 334 337 340 344 348 350 351 350 346 344 342 339 335 330 327 328 333 340 346 351 351 347 344 342 337 330 324 323 328 332 333 336 340 343 346 349 351 350 348 347 347 345 342
335 336 338 339 338 336 333 332 333 333 333 332 332 333 333 333 332 333 334 333 329 326 327 331 334 337 342 345 346 347 348 349 348 347 349 352 357 358 356 350 345 340 333 326 323 325 331 340 344 342 338 336 336 338 340 341 341 343 345 348 349 346 345 344 341 336 331 328 329 333 340 346 351 352 348 345 342 338 331 324 322 327 332 333 333 336 340 344 348 350 349 347 346 347 346 343
332 334 337 338 338 336 334 335 337 339 340 340 339 337 335 334 334 334 335 334 332 329 328 327 328 332 338 342 343 344 346 349 351 353 353 353 355 357 354 349 344 339 333 327 325 326 330 337 340 339 337 337 339 342 344 346 345 344 344 347 347 345 343 343 341 337 334 331 330 333 339 346 351 352 349 345 343 338 332 326 324 329 335 337 335 336 341 345 348 349 348 346 346 347 346 343
329 332 336 338 338 338 337 337 340 342 343 343 341 339 336 334 334 335 335 335 335 333 331 329 328 331 336 340 339 339 341 344 349 353 355 356 357 357 354 348 343 338 333 329 328 329 330 334 336 335 335 336 340 343 345 347 349 349 348 349 349 346 343 342 340 338 336 333 331 334 339 345 350 352 349 346 343 339 333 328 327 331 337 340 339 341 345 348 348 348 347 345 345 346 345 342
327 330 334 337 338 339 339 339 340 341 341 340 339 337 335 333 334 335 335 337 337 335 333 332 332 335 338 339 338 336 336 337 341 348 353 357 360 359 354 347 342 337 333 331 331 332 332 332 332 331 332 334 338 342 344 346 348 350 352 353 353 350 345 342 340 338 337 334 332 335 341 346 350 351 348 345 343 339 334 328 327 331 337 340 341 345 349 350 350 348 346 344 344 344 343 342
327 329 333 336 338 340 340 340 340 339 337 336 335 334 332 333 334 335 336 338 337 334 332 331 334 339 342 341 339 338 337 335 335 339 348 356 1 359 353 347 342 337 333 332 334 335 332 330 330 329 329 332 336 340 342 344 346 349 353 356 357 354 349 344 341 339 337 333 332 336 343 348 352 352 348 344 342 338 332 326 324 328 334 337 341 346 350 351 351 350 346 343 342 342 342 341
328 329 332 335 338 339 340 341 339 337 334 334 333 333 332 334 335 336 338 339 337 333 329 328 332 339 343 342 340 340 340 338 336 336 342 352 359 357 352 347 342 337 332 333 337 336 332 329 329 328 327 330 334 338 341 344 346 348 351 356 359 357 352 348 345 342 338 334 333 337 344 350 353 353 348 343 340 336 330 324 322 325 330 335 340 345 348 350 351 350 347 343 341 340 340 339
328 329 331 335 338 339 339 340 338 334 333 333 333 334 335 336 337 339 341 340 338 335 330 328 331 338 343 342 341 341 341 341 341 341 342 348 353 353 349 345 341 336 333 335 340 337 330 326 326 327 326 327 330 335 339 343 347 349 351 356 359 358 353 350 347 343 339 335 334 338 344 350 354 354 349 344 339 334 328 323 321 323 329 335 340 344 346 348 350 349 347 344 341 339 338 337
328 329 332 335 337 337 338 338 336 333 333 333 334 335 337 339 340 341 342 341 339 337 333 330 332 338 342 341 340 341 341 342 343 345 346 347 350 350 347 343 338 335 335 340 342 336 328 324 323 324 323 322 325 329 335 341 345 349 353 357 358 357 353 349 346 342 339 337 336 340 346 351 355 355 350 344 339 333 327 323 319 320 326 333 340 343 346 347 348 347 346 344 342 339 337 336
327 328 331 334 336 336 335 335 333 332 332 333 334 335 338 341 341 341 341 340 339 337 333 332 334 339 342 341 340 341 341 341 342 344 346 348 349 350 347 342 336 334 338 343 341 334 327 322 321 322 322 319 318 322 328 335 340 346 353 357 357 356 352 348 344 341 338 337 338 342 349 353 356 356 350 343 337 332 327 322 318 318 323 330 336 340 344 346 346 345 344 344 343 340 338 337
327 328 331 334 335 334 333 332 330 329 331 332 333 336 340 340 339 339 339 339 338 335 332 331 334 341 345 343 341 341 341 341 341 342 344 346 349 350 346 340 336 337 342 343 338 333 326 321 320 322 324 323 321 321 323 328 334 342 351 355 356 355 352 348 344 341 339 338 338 343 350 356 359 357 348 341 335 332 328 323 319 318 321 328 332 336 340 342 343 343 343 344 343 342 340 339
327 329 332 335 335 333 331 329 328 328 329 331 333 337 340 339 337 337 338 338 336 333 330 330 334 342 346 346 344 342 342 341 340 340 342 344 347 349 345 340 338 342 346 344 340 335 328 322 320 323 326 328 328 328 327 327 331 340 347 352 355 353 350 346 343 342 341 339 340 344 351 358 2 357 347 340 335 332 329 325 321 319 321 327 332 336 339 339 340 341 342 344 344 343 342 342
325 328 333 335 335 332 329 328 327 326 328 330 334 338 338 336 335 336 337 337 335 332 328 328 334 342 346 348 348 346 343 342 341 340 341 343 345 346 345 342 342 345 346 344 342 338 332 326 323 324 326 328 330 331 331 329 331 338 345 351 354 352 347 343 342 342 342 340 341 347 354 1 3 356 347 340 334 330 327 325 322 321 323 328 334 338 337 336 337 340 342 344 344 343 342 342
323 326 331 333 333 331 329 328 326 325 326 329 334 338 337 335 335 336 337 337 336 332 328 328 333 340 344 347 350 348 345 343 343 342 343 343 344 345 346 345 344 344 345 344 342 339 335 330 327 326 328 330 331 332 333 332 332 336 343 351 354 350 345 341 341 342 341 339 342 350 360 5 2 354 347 342 337 331 326 324 323 323 325 330 338 339 335 334 337 340 342 344 343 342 340 340
324 326 329 329 329 329 329 329 327 325 325 329 334 338 339 338 338 338 337 337 337 334 330 329 333 337 342 347 349 347 344 344 344 344 344 344 345 346 347 346 344 344 344 342 340 338 335 333 331 331 331 333 334 335 335 334 333 335 342 351 354 349 344 342 342 341 339 339 344 355 5 6 0 353 346 342 339 335 331 327 324 323 326 332 340 338 333 334 337 340 343 344 343 341 339 338
