project/data/elevation/US_DEM2016/US_DEM2016_point_10-28-2019_1755_30m_vel.asc
ncols	125
nrows	167
xllcorner	-2042055.000000
yllcorner	1465035.000000
cellsize	30.000000
NODATA_value	-9999.000000
[rows 76 to 113 of 167, columns 0 to 83 of 125]
2.30 2.11 2.06 2.23 2.26 2.28 2.63 3.32 3.83 3.97 3.94 3.91 4.05 4.41 4.80 5.12 5.27 5.08 4.70 4.20 3.86 3.65 3.49 3.35 3.26 3.18 3.00 2.82 2.71 2.67 2.61 2.47 2.27 2.16 2.19 2.26 2.24 2.10 1.94 1.84 1.88 2.11 2.58 3.09 3.27 2.98 2.51 2.19 2.02 1.92 1.85 1.77 1.70 1.77 1.94 2.10 2.21 2.25 2.31 2.45 2.54 2.31 1.72 1.17 0.93 1.02 1.39 1.68 1.76 1.87 2.16 2.60 3.28 3.98 4.57 5.18 5.83 6.24 6.04 5.31 4.34 3.32 2.82 2.64
2.28 2.15 2.21 2.39 2.45 2.66 3.16 3.59 3.63 3.42 3.31 3.46 3.85 4.39 4.86 5.16 5.15 4.74 4.14 3.65 3.36 3.22 3.14 3.16 3.21 3.18 2.95 2.77 2.72 2.70 2.66 2.61 2.57 2.59 2.60 2.51 2.33 2.07 1.86 1.83 1.99 2.25 2.56 2.92 3.12 2.94 2.49 2.12 1.91 1.77 1.66 1.57 1.58 1.76 2.00 2.21 2.33 2.39 2.47 2.51 2.31 1.76 1.27 1.13 1.35 1.76 2.08 2.29 2.55 3.02 3.48 4.14 4.94 5.52 5.91 6.26 6.44 6.23 5.52 4.65 3.84 3.11 2.69 2.50
2.23 2.08 2.17 2.36 2.44 2.69 3.06 3.17 3.08 3.07 3.22 3.55 4.07 4.64 5.02 5.11 4.81 4.21 3.60 3.20 2.99 2.89 2.86 2.94 3.07 3.07 2.83 2.66 2.67 2.67 2.62 2.65 2.72 2.75 2.69 2.53 2.30 2.03 1.88 1.90 1.98 2.05 2.20 2.57 2.92 2.83 2.30 1.83 1.60 1.49 1.45 1.49 1.71 2.00 2.20 2.32 2.43 2.47 2.43 2.28 1.90 1.44 1.32 1.59 2.13 2.59 2.94 3.37 3.89 4.22 4.64 5.30 5.86 6.12 6.12 6.07 5.82 5.26 4.64 4.15 3.79 3.44 3.11 2.83
2.12 1.98 2.05 2.22 2.33 2.53 2.81 2.97 3.15 3.39 3.68 4.05 4.58 5.01 5.15 4.92 4.37 3.70 3.17 2.85 2.68 2.59 2.59 2.69 2.84 2.90 2.71 2.47 2.41 2.41 2.32 2.39 2.48 2.49 2.44 2.34 2.20 1.98 1.83 1.74 1.67 1.67 1.82 2.28 2.75 2.74 2.28 1.87 1.74 1.76 1.88 2.10 2.36 2.48 2.48 2.43 2.33 2.17 1.93 1.65 1.39 1.35 1.59 2.17 2.86 3.44 4.03 4.50 4.64 4.74 5.07 5.51 5.74 5.56 5.27 4.94 4.52 4.10 3.81 3.66 3.59 3.52 3.39 3.18
2.06 2.00 2.10 2.32 2.49 2.67 2.92 3.21 3.53 3.83 4.15 4.58 5.04 5.18 4.95 4.41 3.75 3.16 2.73 2.48 2.35 2.31 2.36 2.43 2.59 2.73 2.59 2.20 1.96 1.94 1.86 1.90 2.01 2.09 2.12 2.14 2.11 2.00 1.90 1.81 1.78 1.84 2.00 2.34 2.70 2.77 2.58 2.39 2.35 2.46 2.61 2.74 2.78 2.69 2.52 2.39 2.18 1.93 1.75 1.63 1.60 1.76 2.20 2.91 3.66 4.33 4.75 4.72 4.48 4.51 4.90 5.17 4.97 4.46 4.10 3.87 3.65 3.46 3.33 3.18 3.14 3.22 3.24 3.15
2.10 2.12 2.28 2.54 2.75 2.92 3.16 3.47 3.80 4.14 4.51 4.91 5.14 4.95 4.35 3.66 3.08 2.56 2.21 2.00 1.96 2.05 2.17 2.25 2.41 2.59 2.45 1.93 1.59 1.53 1.50 1.51 1.57 1.67 1.78 1.99 2.09 2.14 2.18 2.24 2.36 2.47 2.57 2.67 2.85 3.02 3.08 3.07 3.04 2.97 2.87 2.74 2.61 2.49 2.44 2.39 2.33 2.33 2.39 2.41 2.47 2.67 3.11 3.78 4.42 4.79 4.64 4.08 3.82 4.10 4.64 4.81 4.45 3.82 3.50 3.38 3.27 3.20 3.10 2.94 2.85 2.86 2.90 2.88
2.22 2.27 2.37 2.49 2.67 2.93 3.26 3.62 3.99 4.36 4.70 4.93 4.85 4.33 3.58 2.98 2.53 2.10 1.77 1.63 1.71 1.87 1.95 2.10 2.32 2.45 2.31 1.88 1.45 1.38 1.46 1.55 1.55 1.47 1.51 1.81 2.02 2.18 2.33 2.54 2.76 2.86 2.85 2.83 2.98 3.29 3.49 3.48 3.31 3.01 2.77 2.67 2.65 2.62 2.59 2.54 2.55 2.69 2.79 2.90 3.06 3.35 3.79 4.33 4.76 4.67 4.03 3.53 3.56 4.01 4.52 4.57 4.11 3.49 3.23 3.16 3.09 3.04 2.94 2.81 2.71 2.65 2.59 2.56
2.31 2.35 2.36 2.34 2.51 2.88 3.31 3.74 4.13 4.45 4.66 4.66 4.33 3.66 2.98 2.50 2.12 1.76 1.50 1.46 1.61 1.75 1.79 1.98 2.24 2.37 2.33 2.10 1.78 1.72 1.86 1.96 1.86 1.67 1.55 1.85 1.93 2.11 2.36 2.66 2.82 2.77 2.65 2.64 2.93 3.42 3.70 3.62 3.33 3.08 3.03 3.06 3.02 2.88 2.73 2.67 2.64 2.69 2.79 2.98 3.25 3.58 3.99 4.39 4.58 4.21 3.62 3.49 3.72 4.06 4.33 4.22 3.70 3.08 2.80 2.83 2.84 2.78 2.67 2.56 2.47 2.38 2.27 2.27
2.30 2.33 2.35 2.37 2.57 2.96 3.41 3.85 4.18 4.40 4.46 4.26 3.79 3.12 2.52 2.09 1.77 1.47 1.31 1.39 1.57 1.64 1.71 1.95 2.26 2.49 2.63 2.66 2.64 2.70 2.74 2.61 2.37 2.14 1.95 1.98 2.13 2.34 2.63 2.77 2.64 2.42 2.36 2.57 3.02 3.61 3.94 3.88 3.66 3.53 3.45 3.32 3.09 2.89 2.76 2.73 2.72 2.81 2.96 3.13 3.35 3.60 3.88 4.16 4.21 3.82 3.48 3.56 3.73 3.84 3.89 3.72 3.26 2.66 2.34 2.37 2.47 2.41 2.31 2.20 2.12 2.07 2.01 2.01
2.26 2.28 2.36 2.48 2.74 3.14 3.54 3.89 4.15 4.26 4.17 3.83 3.28 2.66 2.11 1.73 1.43 1.19 1.15 1.35 1.57 1.70 1.90 2.23 2.58 2.86 3.12 3.25 3.29 3.32 3.26 3.04 2.77 2.53 2.37 2.39 2.56 2.78 2.81 2.58 2.28 2.21 2.40 2.77 3.29 3.90 4.31 4.26 4.00 3.80 3.61 3.34 3.09 2.92 2.81 2.80 2.85 2.95 3.02 3.09 3.18 3.31 3.55 3.86 3.93 3.63 3.37 3.39 3.39 3.38 3.41 3.31 3.01 2.51 2.14 2.13 2.18 2.11 1.98 1.86 1.78 1.76 1.79 1.84
2.28 2.31 2.41 2.59 2.91 3.26 3.56 3.83 4.04 4.08 3.86 3.39 2.79 2.20 1.72 1.35 1.05 0.96 1.14 1.45 1.73 2.00 2.32 2.67 3.00 3.29 3.51 3.54 3.40 3.28 3.18 3.09 2.96 2.79 2.65 2.63 2.71 2.71 2.46 2.13 2.03 2.19 2.42 2.76 3.32 4.08 4.53 4.36 3.89 3.62 3.50 3.35 3.21 3.05 2.90 2.86 2.84 2.78 2.73 2.76 2.79 2.89 3.23 3.65 3.78 3.51 3.20 3.07 3.00 3.02 3.16 3.23 3.09 2.75 2.34 2.13 2.06 1.97 1.87 1.79 1.67 1.53 1.50 1.60
2.30 2.31 2.39 2.57 2.85 3.13 3.39 3.69 3.91 3.89 3.51 2.90 2.28 1.74 1.27 0.91 0.81 1.03 1.46 1.80 2.08 2.35 2.66 2.98 3.30 3.55 3.65 3.50 3.19 2.95 2.92 2.97 3.01 3.03 2.94 2.75 2.53 2.26 1.99 1.89 1.94 2.05 2.16 2.47 3.19 4.09 4.48 4.10 3.41 3.09 2.98 2.93 2.91 2.89 2.88 2.83 2.70 2.55 2.51 2.55 2.61 2.82 3.22 3.60 3.71 3.45 3.06 2.86 2.79 2.92 3.21 3.46 3.39 3.13 2.87 2.61 2.39 2.20 2.08 1.97 1.77 1.53 1.48 1.59
2.28 2.27 2.31 2.43 2.63 2.92 3.29 3.70 3.86 3.62 3.05 2.37 1.79 1.29 0.90 0.82 1.10 1.68 2.05 2.27 2.46 2.68 2.94 3.20 3.43 3.58 3.55 3.33 3.04 2.85 2.84 2.90 2.97 3.04 3.04 2.84 2.44 2.10 1.88 1.85 1.86 1.93 2.09 2.46 3.18 4.03 4.29 3.70 2.79 2.32 2.17 2.08 2.08 2.21 2.40 2.54 2.53 2.51 2.57 2.66 2.80 3.01 3.28 3.54 3.65 3.42 2.97 2.73 2.74 2.98 3.38 3.69 3.64 3.34 3.19 3.14 3.07 2.97 2.83 2.61 2.30 2.05 2.05 2.03
2.27 2.26 2.30 2.43 2.65 3.02 3.47 3.77 3.68 3.16 2.44 1.80 1.30 0.91 0.83 1.14 1.76 2.23 2.45 2.58 2.74 2.95 3.15 3.28 3.35 3.38 3.35 3.24 3.08 2.94 2.87 2.85 2.78 2.75 2.80 2.80 2.55 2.26 2.02 1.94 1.99 2.16 2.34 2.61 3.24 3.96 4.05 3.31 2.33 1.89 1.71 1.59 1.60 1.77 2.06 2.34 2.49 2.58 2.68 2.80 2.91 2.96 3.06 3.32 3.55 3.37 2.87 2.65 2.75 3.05 3.44 3.77 3.71 3.35 3.12 3.12 3.22 3.31 3.31 3.18 3.02 2.93 2.87 2.67
2.30 2.32 2.42 2.60 2.89 3.28 3.62 3.64 3.22 2.47 1.74 1.15 0.75 0.64 0.90 1.45 1.94 2.26 2.49 2.66 2.86 3.05 3.14 3.09 3.03 3.09 3.19 3.21 3.05 2.79 2.63 2.56 2.47 2.40 2.49 2.68 2.64 2.41 2.20 2.17 2.30 2.45 2.54 2.78 3.35 3.90 3.87 3.24 2.46 2.07 1.95 1.97 2.17 2.42 2.55 2.60 2.63 2.65 2.67 2.69 2.68 2.61 2.71 3.13 3.47 3.31 2.75 2.58 2.71 2.94 3.30 3.67 3.60 3.12 2.77 2.69 2.80 2.97 3.08 3.09 3.13 3.21 3.20 3.03
2.35 2.41 2.55 2.77 3.08 3.38 3.48 3.20 2.53 1.69 1.04 0.62 0.48 0.68 1.11 1.56 1.90 2.13 2.32 2.54 2.76 2.92 2.89 2.77 2.77 2.95 3.12 3.11 2.83 2.46 2.24 2.16 2.16 2.15 2.22 2.46 2.59 2.41 2.26 2.33 2.47 2.59 2.72 3.06 3.57 3.94 3.88 3.48 3.06 2.84 2.76 2.88 3.05 3.12 3.00 2.78 2.64 2.55 2.47 2.37 2.28 2.23 2.42 2.98 3.41 3.26 2.70 2.51 2.57 2.70 3.05 3.47 3.41 2.87 2.41 2.29 2.35 2.42 2.47 2.54 2.66 2.81 2.87 2.84
2.42 2.49 2.65 2.88 3.14 3.25 3.05 2.52 1.76 1.06 0.64 0.52 0.66 1.04 1.47 1.78 1.99 2.12 2.23 2.40 2.61 2.70 2.65 2.64 2.77 2.97 3.12 3.06 2.80 2.51 2.32 2.26 2.28 2.21 2.09 2.21 2.40 2.34 2.29 2.44 2.62 2.79 3.04 3.43 3.82 4.05 4.00 3.77 3.53 3.45 3.47 3.43 3.27 2.97 2.69 2.57 2.50 2.38 2.21 2.05 1.91 1.91 2.19 2.88 3.40 3.31 2.80 2.49 2.43 2.51 2.85 3.29 3.28 2.75 2.18 2.01 2.09 2.08 1.96 1.96 2.06 2.18 2.19 2.14
2.48 2.54 2.68 2.87 2.98 2.85 2.41 1.78 1.18 0.78 0.66 0.79 1.11 1.54 1.90 2.14 2.27 2.33 2.43 2.57 2.69 2.71 2.69 2.73 2.86 3.11 3.34 3.37 3.26 3.10 2.93 2.85 2.77 2.57 2.20 2.09 2.23 2.32 2.46 2.70 2.92 3.15 3.43 3.74 3.94 4.06 4.06 3.92 3.73 3.64 3.59 3.43 3.11 2.73 2.52 2.50 2.49 2.34 2.10 1.89 1.79 1.83 2.19 2.99 3.56 3.51 3.00 2.55 2.35 2.40 2.73 3.17 3.16 2.61 1.94 1.70 1.80 1.79 1.59 1.53 1.66 1.72 1.56 1.41
2.50 2.52 2.57 2.59 2.46 2.11 1.62 1.18 0.90 0.83 0.95 1.21 1.56 1.96 2.32 2.60 2.76 2.89 3.02 3.09 3.08 3.01 2.93 2.88 2.98 3.32 3.70 3.75 3.58 3.35 3.13 2.96 2.77 2.51 2.21 2.13 2.22 2.44 2.72 3.01 3.22 3.41 3.58 3.71 3.79 3.95 4.10 4.04 3.84 3.65 3.43 3.23 3.10 3.02 2.90 2.74 2.60 2.41 2.22 2.08 2.06 2.17 2.58 3.29 3.75 3.64 3.06 2.56 2.38 2.45 2.76 3.07 2.96 2.30 1.59 1.40 1.55 1.58 1.44 1.40 1.48 1.46 1.18 0.96
2.50 2.46 2.35 2.14 1.80 1.41 1.11 0.97 0.96 1.10 1.36 1.68 2.05 2.47 2.84 3.14 3.35 3.55 3.64 3.53 3.31 3.10 2.93 2.88 3.07 3.55 3.88 3.70 3.21 2.83 2.54 2.37 2.22 2.06 2.06 2.21 2.36 2.60 2.91 3.14 3.26 3.32 3.32 3.31 3.48 3.83 4.14 4.13 3.86 3.54 3.27 3.09 3.01 3.01 2.94 2.76 2.60 2.43 2.29 2.22 2.28 2.50 2.95 3.52 3.82 3.62 2.98 2.54 2.53 2.73 2.96 2.99 2.64 1.95 1.37 1.28 1.42 1.43 1.41 1.44 1.48 1.42 1.19 1.00
2.50 2.40 2.17 1.87 1.57 1.35 1.24 1.24 1.35 1.58 1.87 2.20 2.61 3.02 3.37 3.62 3.80 3.86 3.71 3.37 3.00 2.74 2.67 2.85 3.24 3.74 3.88 3.44 2.81 2.45 2.27 2.22 2.17 2.05 2.11 2.32 2.50 2.69 2.90 3.02 3.03 2.95 2.85 2.89 3.20 3.71 4.12 4.12 3.70 3.13 2.82 2.69 2.61 2.53 2.45 2.42 2.39 2.29 2.18 2.13 2.24 2.58 3.13 3.64 3.80 3.55 3.04 2.72 2.76 2.95 3.03 2.80 2.30 1.78 1.46 1.44 1.43 1.37 1.47 1.60 1.57 1.47 1.40 1.48
2.46 2.32 2.07 1.90 1.78 1.72 1.72 1.80 1.97 2.18 2.41 2.72 3.11 3.49 3.79 3.93 3.89 3.63 3.15 2.65 2.31 2.24 2.50 2.95 3.46 3.95 3.95 3.52 3.09 2.90 2.82 2.77 2.64 2.44 2.38 2.48 2.56 2.65 2.75 2.76 2.64 2.46 2.41 2.62 3.02 3.58 4.06 4.00 3.32 2.49 2.10 2.04 2.00 1.93 1.91 2.02 2.12 2.14 2.14 2.16 2.34 2.73 3.23 3.59 3.65 3.41 3.07 2.82 2.78 2.86 2.83 2.51 2.14 1.92 1.84 1.81 1.69 1.59 1.87 2.06 1.95 1.83 1.96 2.34
2.37 2.21 2.05 2.02 2.03 2.09 2.18 2.34 2.56 2.76 2.98 3.24 3.59 3.89 4.01 3.88 3.51 2.97 2.42 2.04 1.93 2.14 2.62 3.16 3.72 4.23 4.17 3.82 3.54 3.41 3.29 3.11 2.89 2.68 2.55 2.54 2.54 2.56 2.55 2.43 2.19 2.05 2.19 2.54 2.99 3.58 4.01 3.80 2.91 2.05 1.76 1.71 1.57 1.50 1.62 1.86 2.08 2.17 2.22 2.29 2.51 2.86 3.21 3.40 3.42 3.29 3.02 2.72 2.60 2.65 2.58 2.39 2.31 2.34 2.40 2.39 2.29 2.34 2.75 2.87 2.69 2.63 2.87 3.14
2.31 2.21 2.13 2.17 2.31 2.50 2.70 2.88 3.05 3.20 3.39 3.63 3.90 4.01 3.84 3.40 2.84 2.33 1.98 1.87 2.08 2.58 3.10 3.54 4.07 4.45 4.25 3.70 3.34 3.17 3.01 2.84 2.73 2.65 2.55 2.47 2.42 2.36 2.25 2.06 1.93 2.06 2.37 2.72 3.15 3.70 3.98 3.65 2.83 2.19 1.99 1.89 1.71 1.72 1.87 2.06 2.23 2.32 2.39 2.50 2.66 2.91 3.15 3.29 3.34 3.27 3.01 2.71 2.63 2.67 2.59 2.51 2.63 2.74 2.82 2.88 3.03 3.34 3.65 3.64 3.46 3.39 3.47 3.34
2.32 2.27 2.22 2.29 2.48 2.74 2.96 3.11 3.21 3.32 3.48 3.70 3.84 3.71 3.28 2.73 2.25 1.94 1.81 1.98 2.49 3.07 3.49 3.85 4.28 4.42 3.96 3.22 2.78 2.60 2.49 2.45 2.45 2.47 2.47 2.41 2.27 2.11 1.98 1.95 2.11 2.45 2.70 2.92 3.28 3.76 3.93 3.54 2.88 2.55 2.46 2.35 2.28 2.28 2.26 2.23 2.27 2.38 2.54 2.69 2.83 3.04 3.24 3.36 3.39 3.32 3.13 2.99 2.98 2.91 2.77 2.73 2.80 2.85 2.90 3.09 3.44 3.79 3.88 3.72 3.52 3.42 3.28 2.89
2.31 2.28 2.24 2.29 2.43 2.61 2.76 2.86 2.93 3.06 3.26 3.45 3.45 3.15 2.66 2.19 1.85 1.73 1.88 2.28 2.83 3.29 3.62 3.89 4.17 4.11 3.46 2.74 2.32 2.13 2.09 2.09 2.07 2.10 2.24 2.32 2.24 2.13 2.15 2.33 2.58 2.73 2.80 2.93 3.26 3.69 3.80 3.40 2.88 2.64 2.55 2.49 2.50 2.47 2.27 2.16 2.22 2.38 2.58 2.76 2.96 3.23 3.41 3.48 3.46 3.39 3.32 3.27 3.18 2.96 2.82 2.80 2.80 2.80 2.90 3.14 3.43 3.57 3.43 3.25 3.14 3.04 2.79 2.41
2.30 2.29 2.30 2.33 2.36 2.39 2.41 2.43 2.52 2.72 2.97 3.09 2.94 2.57 2.12 1.80 1.73 1.94 2.39 2.83 3.17 3.44 3.64 3.79 3.87 3.64 2.93 2.25 1.89 1.78 1.78 1.74 1.63 1.62 1.81 2.07 2.23 2.35 2.51 2.65 2.70 2.67 2.66 2.79 3.13 3.53 3.63 3.26 2.77 2.47 2.33 2.26 2.25 2.20 2.09 2.11 2.23 2.42 2.62 2.84 3.12 3.41 3.53 3.52 3.45 3.39 3.34 3.21 2.97 2.71 2.65 2.68 2.72 2.77 2.88 3.06 3.18 3.06 2.87 2.84 2.87 2.85 2.73 2.63
2.40 2.46 2.52 2.49 2.40 2.29 2.19 2.20 2.37 2.63 2.81 2.75 2.44 2.04 1.72 1.67 2.01 2.57 3.00 3.27 3.46 3.59 3.66 3.70 3.65 3.33 2.69 2.05 1.76 1.74 1.75 1.67 1.58 1.54 1.65 1.94 2.24 2.43 2.47 2.42 2.35 2.33 2.39 2.59 2.96 3.37 3.48 3.12 2.56 2.22 2.09 1.99 1.88 1.81 1.86 2.06 2.24 2.46 2.67 2.92 3.22 3.46 3.50 3.42 3.34 3.29 3.21 3.03 2.79 2.58 2.53 2.58 2.67 2.71 2.75 2.92 2.94 2.73 2.57 2.58 2.64 2.72 2.84 2.99
2.58 2.63 2.64 2.55 2.41 2.27 2.19 2.27 2.47 2.61 2.54 2.26 1.88 1.58 1.51 1.75 2.25 2.78 3.12 3.36 3.51 3.57 3.60 3.67 3.63 3.28 2.74 2.33 2.19 2.25 2.27 2.21 2.16 2.11 2.12 2.24 2.39 2.37 2.25 2.14 2.07 2.07 2.24 2.53 2.93 3.33 3.41 2.98 2.40 2.09 1.96 1.79 1.60 1.48 1.57 1.90 2.25 2.53 2.73 2.97 3.23 3.35 3.31 3.21 3.19 3.20 3.14 3.01 2.84 2.67 2.56 2.57 2.64 2.67 2.73 2.84 2.76 2.55 2.41 2.35 2.31 2.34 2.46 2.64
2.62 2.53 2.41 2.33 2.26 2.20 2.21 2.32 2.40 2.29 1.99 1.70 1.51 1.46 1.64 2.04 2.44 2.71 2.89 3.09 3.21 3.28 3.45 3.70 3.69 3.31 2.99 2.97 3.06 3.13 3.13 3.09 3.01 2.87 2.74 2.63 2.50 2.34 2.23 2.13 2.06 2.11 2.38 2.76 3.13 3.42 3.38 2.91 2.40 2.10 1.86 1.59 1.46 1.54 1.72 2.05 2.42 2.66 2.84 3.05 3.19 3.15 3.06 3.07 3.17 3.22 3.17 3.03 2.90 2.74 2.63 2.63 2.66 2.67 2.64 2.61 2.54 2.43 2.32 2.18 2.02 1.94 1.98 2.01
2.49 2.29 2.10 2.07 2.05 2.03 2.03 2.03 1.98 1.83 1.67 1.60 1.65 1.85 2.28 2.72 2.88 2.87 2.82 2.85 2.93 3.08 3.46 3.81 3.69 3.32 3.25 3.42 3.54 3.57 3.52 3.41 3.26 3.08 2.90 2.71 2.53 2.39 2.28 2.15 2.14 2.35 2.71 3.06 3.33 3.49 3.34 2.86 2.38 2.01 1.65 1.51 1.71 2.09 2.38 2.53 2.65 2.77 2.93 3.05 3.03 2.92 2.93 3.10 3.24 3.27 3.17 3.04 2.93 2.83 2.74 2.70 2.64 2.51 2.33 2.25 2.33 2.36 2.25 2.07 1.90 1.91 2.01 2.00
2.38 2.21 2.02 1.98 1.96 1.92 1.86 1.81 1.80 1.82 1.94 2.16 2.43 2.83 3.30 3.58 3.56 3.32 3.11 3.12 3.25 3.50 3.89 4.00 3.66 3.29 3.28 3.38 3.35 3.30 3.23 3.11 3.00 2.90 2.80 2.70 2.61 2.51 2.33 2.19 2.29 2.65 2.98 3.16 3.31 3.43 3.24 2.76 2.30 1.91 1.71 1.91 2.44 2.86 2.93 2.78 2.70 2.79 2.90 2.91 2.84 2.82 2.94 3.10 3.20 3.16 3.05 2.97 2.92 2.88 2.80 2.69 2.53 2.33 2.15 2.11 2.26 2.34 2.23 2.10 2.12 2.31 2.45 2.39
2.37 2.26 2.10 2.06 2.07 2.09 2.12 2.19 2.30 2.50 2.81 3.17 3.56 3.91 4.15 4.14 3.94 3.76 3.79 3.92 4.09 4.27 4.37 4.12 3.59 3.21 3.17 3.15 2.93 2.73 2.61 2.55 2.51 2.50 2.53 2.60 2.66 2.61 2.44 2.34 2.49 2.69 2.79 2.87 3.10 3.33 3.20 2.80 2.44 2.25 2.32 2.71 3.15 3.29 3.06 2.78 2.74 2.83 2.87 2.84 2.81 2.83 2.88 2.95 2.99 2.91 2.81 2.82 2.83 2.77 2.69 2.58 2.44 2.29 2.18 2.18 2.31 2.34 2.27 2.26 2.41 2.60 2.67 2.59
2.42 2.35 2.27 2.26 2.31 2.41 2.58 2.82 3.12 3.47 3.81 4.13 4.34 4.41 4.34 4.03 3.68 3.72 4.01 4.28 4.47 4.56 4.43 4.00 3.40 3.10 3.12 3.08 2.78 2.46 2.26 2.16 2.14 2.17 2.25 2.39 2.51 2.54 2.44 2.36 2.32 2.29 2.28 2.52 3.06 3.45 3.36 3.02 2.77 2.78 3.01 3.36 3.57 3.50 3.24 3.08 3.08 3.05 2.98 2.91 2.85 2.78 2.73 2.77 2.80 2.68 2.61 2.70 2.74 2.66 2.55 2.44 2.32 2.23 2.18 2.22 2.30 2.29 2.30 2.40 2.50 2.57 2.56 2.47
2.50 2.46 2.43 2.47 2.55 2.68 2.91 3.29 3.75 4.15 4.41 4.49 4.41 4.21 3.89 3.44 3.19 3.37 3.70 3.99 4.23 4.33 4.17 3.69 3.16 3.00 3.14 3.10 2.79 2.52 2.39 2.34 2.35 2.39 2.38 2.34 2.34 2.37 2.31 2.18 2.03 2.01 2.24 2.74 3.43 3.77 3.58 3.21 3.03 3.10 3.35 3.64 3.78 3.71 3.59 3.54 3.47 3.31 3.11 2.96 2.81 2.68 2.63 2.69 2.66 2.50 2.51 2.69 2.75 2.67 2.49 2.29 2.18 2.13 2.13 2.19 2.23 2.24 2.34 2.50 2.59 2.62 2.57 2.44
2.55 2.49 2.50 2.63 2.79 2.99 3.33 3.79 4.20 4.42 4.41 4.24 3.97 3.67 3.34 3.03 2.95 3.14 3.39 3.65 3.94 4.07 3.92 3.45 3.01 2.96 3.09 2.94 2.62 2.50 2.55 2.64 2.69 2.67 2.58 2.45 2.35 2.32 2.24 2.15 2.16 2.35 2.72 3.32 3.93 4.08 3.73 3.28 3.08 3.12 3.36 3.65 3.81 3.77 3.70 3.65 3.54 3.35 3.13 2.91 2.73 2.62 2.59 2.56 2.45 2.38 2.56 2.80 2.86 2.73 2.43 2.17 2.07 2.05 2.05 2.10 2.12 2.18 2.34 2.58 2.73 2.71 2.60 2.48
2.54 2.48 2.54 2.75 3.00 3.30 3.74 4.13 4.31 4.24 4.00 3.72 3.47 3.25 3.03 2.84 2.82 3.02 3.26 3.50 3.78 3.97 3.77 3.26 2.92 2.99 3.04 2.80 2.53 2.43 2.44 2.46 2.47 2.44 2.42 2.41 2.40 2.36 2.30 2.33 2.49 2.73 3.13 3.78 4.27 4.21 3.71 3.17 2.95 3.00 3.23 3.52 3.63 3.50 3.36 3.28 3.18 3.06 2.93 2.81 2.67 2.57 2.47 2.36 2.31 2.42 2.72 2.94 2.94 2.69 2.31 2.06 1.96 1.93 1.94 1.98 2.00 2.06 2.29 2.67 2.83 2.67 2.47 2.36
2.56 2.54 2.63 2.84 3.09 3.41 3.80 4.03 3.95 3.67 3.39 3.14 2.96 2.81 2.67 2.61 2.76 3.03 3.23 3.41 3.72 3.94 3.61 3.03 2.93 3.10 3.08 2.86 2.65 2.49 2.34 2.20 2.12 2.08 2.10 2.18 2.28 2.33 2.35 2.46 2.65 2.89 3.34 4.00 4.32 4.06 3.47 2.96 2.78 2.86 3.10 3.34 3.33 3.07 2.79 2.65 2.57 2.55 2.62 2.65 2.62 2.52 2.38 2.31 2.38 2.58 2.87 3.01 2.89 2.53 2.19 1.96 1.83 1.82 1.86 1.90 1.91 1.97 2.26 2.76 2.88 2.51 2.23 2.11
