project/data/elevation/US_DEM2016/US_DEM2016_point_11-01-2019_1119_30m_vel.asc
ncols	125
nrows	167
xllcorner	-2042055.000000
yllcorner	1465035.000000
cellsize	30.000000
NODATA_value	-9999.000000
[rows 76 to 113 of 167, columns 0 to 83 of 125]
2.68 2.29 1.50 0.90 0.73 0.92 1.30 1.62 1.80 1.90 1.99 2.09 2.22 2.42 2.66 2.94 3.50 3.39 3.32 3.22 3.13 3.09 3.17 3.34 3.44 3.21 2.64 2.34 2.52 2.71 2.59 2.24 1.85 1.59 1.40 1.14 0.98 1.04 1.27 1.58 1.85 2.18 2.81 3.66 4.21 4.00 3.18 2.51 2.19 1.99 1.79 1.55 1.29 1.01 0.88 1.03 1.32 1.52 1.72 1.97 2.23 2.34 2.27 2.23 2.30 2.41 2.62 2.98 3.43 3.63 3.39 2.98 2.79 2.74 2.69 2.63 2.68 3.02 3.22 3.07 2.63 2.17 2.04 2.10
2.47 2.14 1.47 0.86 0.70 1.03 1.49 1.77 1.89 1.94 2.01 2.13 2.35 2.63 2.89 3.14 3.54 3.31 3.12 2.96 2.91 2.94 3.04 3.25 3.47 3.38 2.76 2.22 2.33 2.60 2.60 2.35 2.01 1.74 1.53 1.22 0.95 0.94 1.19 1.54 1.87 2.23 2.81 3.58 4.18 4.12 3.35 2.61 2.21 2.00 1.79 1.55 1.29 1.05 0.93 1.04 1.30 1.50 1.69 1.99 2.23 2.14 1.97 2.06 2.28 2.47 2.62 2.82 3.14 3.40 3.34 3.08 2.92 2.87 2.87 2.90 2.98 3.01 2.68 2.89 2.57 2.22 2.11 2.14
2.23 1.96 1.40 0.90 0.79 1.19 1.60 1.79 1.84 1.91 2.01 2.20 2.51 2.84 3.08 3.29 3.35 3.18 2.90 2.75 2.74 2.77 2.89 3.13 3.45 3.51 2.97 2.25 2.20 2.46 2.50 2.37 2.15 1.91 1.64 1.26 0.90 0.86 1.17 1.58 1.94 2.25 2.73 3.50 4.21 4.26 3.44 2.61 2.22 2.01 1.79 1.58 1.39 1.16 0.98 1.04 1.30 1.52 1.71 1.97 2.08 1.87 1.76 1.97 2.30 2.47 2.60 2.76 2.97 3.13 3.20 3.21 2.99 2.33 2.15 3.01 2.87 2.95 2.81 2.68 2.54 2.38 2.31 2.26
1.99 1.75 1.30 1.00 0.97 1.27 1.60 1.75 1.82 1.93 2.10 2.35 2.71 3.02 3.25 3.38 3.28 2.99 2.71 2.59 2.59 2.63 2.75 3.04 3.44 3.64 3.21 2.38 2.12 2.31 2.32 2.27 2.20 2.02 1.70 1.25 0.86 0.86 1.21 1.62 1.97 2.21 2.59 3.36 4.19 4.35 3.59 2.70 2.29 2.07 1.86 1.70 1.58 1.31 1.03 1.03 1.28 1.51 1.69 1.85 1.87 1.71 1.70 1.99 2.32 2.51 2.64 2.82 2.93 3.01 3.24 3.49 2.81 3.14 2.93 2.94 2.47 2.77 2.62 2.48 2.37 2.41 2.48 2.44
1.76 1.55 1.22 1.06 1.10 1.33 1.56 1.71 1.87 2.05 2.26 2.56 2.96 3.21 3.35 3.34 3.13 2.81 2.53 2.43 2.46 2.52 2.66 2.92 3.38 3.75 3.48 2.56 2.03 2.14 2.14 2.09 2.12 2.05 1.75 1.21 0.83 0.92 1.25 1.62 1.95 2.18 2.51 3.19 3.98 4.28 3.82 3.01 2.47 2.20 1.98 1.81 1.67 1.39 1.01 0.96 1.13 1.37 1.59 1.71 1.72 1.68 1.80 2.12 2.43 2.68 2.85 2.91 2.91 3.01 3.43 3.80 3.60 2.93 2.66 2.76 2.82 2.76 2.59 2.29 2.09 2.24 2.48 2.58
1.58 1.42 1.15 1.05 1.17 1.38 1.58 1.77 2.00 2.22 2.46 2.80 3.19 3.35 3.32 3.17 2.97 2.62 2.32 2.23 2.30 2.42 2.57 2.78 3.25 3.80 3.74 2.76 2.03 2.03 2.06 1.99 2.00 1.99 1.73 1.19 0.84 0.96 1.26 1.59 1.93 2.17 2.45 2.98 3.66 4.08 3.96 3.34 2.71 2.31 2.04 1.84 1.68 1.33 0.96 0.86 0.96 1.24 1.48 1.59 1.65 1.76 2.00 2.34 2.65 2.93 2.96 2.77 2.75 3.04 3.61 3.97 3.66 2.78 2.43 2.59 2.77 2.81 2.61 2.27 1.94 1.98 2.32 2.58
1.52 1.38 1.11 1.03 1.20 1.45 1.67 1.89 2.15 2.41 2.68 3.00 3.26 3.29 3.10 2.96 2.83 2.53 2.16 2.05 2.21 2.34 2.42 2.66 3.13 3.75 3.91 3.20 2.19 2.03 2.08 2.06 1.97 1.85 1.63 1.17 0.85 0.98 1.26 1.59 1.93 2.16 2.38 2.77 3.36 3.92 4.06 3.61 2.87 2.31 2.01 1.85 1.69 1.37 0.96 0.80 0.88 1.14 1.40 1.55 1.69 1.90 2.22 2.57 2.93 3.06 2.78 2.49 2.63 3.07 3.73 4.09 3.51 2.77 2.29 2.44 2.68 2.78 2.55 2.40 2.00 1.83 2.06 2.45
1.56 1.37 1.05 1.00 1.24 1.54 1.78 2.02 2.32 2.60 2.86 3.11 3.24 3.13 2.90 2.78 2.72 2.49 2.09 1.96 2.15 2.25 2.31 2.58 3.05 3.58 3.92 3.57 2.61 2.19 2.22 2.19 1.97 1.73 1.47 1.12 0.85 0.99 1.32 1.66 1.95 2.11 2.29 2.62 3.14 3.80 4.14 3.83 3.01 2.36 2.05 1.89 1.69 1.36 0.95 0.79 0.86 1.09 1.35 1.56 1.76 2.02 2.40 2.82 3.14 3.01 2.47 2.33 2.63 3.11 3.79 4.19 3.78 2.77 2.18 2.29 2.58 2.66 2.61 2.48 2.20 1.84 1.79 2.22
1.62 1.35 0.97 0.99 1.31 1.65 1.90 2.17 2.48 2.76 2.98 3.13 3.14 2.96 2.75 2.63 2.59 2.43 2.09 1.97 2.09 2.15 2.24 2.54 2.94 3.35 3.76 3.69 3.06 2.55 2.44 2.32 2.03 1.71 1.36 0.98 0.82 1.05 1.42 1.73 1.92 2.01 2.18 2.52 3.01 3.68 4.14 3.99 3.27 2.57 2.16 1.92 1.68 1.34 0.95 0.78 0.83 1.04 1.33 1.58 1.83 2.12 2.50 2.98 3.24 2.87 2.26 2.29 2.63 3.08 3.76 4.09 3.88 2.80 2.12 2.18 2.44 2.53 2.49 2.46 2.34 2.01 1.71 1.95
1.66 1.34 0.93 1.01 1.40 1.77 2.03 2.30 2.60 2.86 3.01 3.07 3.01 2.83 2.62 2.50 2.44 2.33 2.13 2.03 2.06 2.09 2.23 2.54 2.90 3.19 3.56 3.67 3.24 2.75 2.60 2.46 2.16 1.78 1.35 0.89 0.82 1.18 1.51 1.69 1.79 1.91 2.11 2.45 2.94 3.58 4.09 4.06 3.44 2.72 2.25 1.93 1.67 1.36 0.98 0.78 0.83 1.07 1.35 1.61 1.88 2.16 2.53 3.06 3.29 2.83 2.17 2.23 2.53 2.95 3.62 4.12 4.01 3.01 2.21 2.20 2.36 2.43 2.41 2.38 2.36 2.17 1.82 1.83
1.67 1.33 0.94 1.08 1.51 1.88 2.13 2.39 2.68 2.90 3.00 2.98 2.88 2.70 2.47 2.33 2.28 2.25 2.21 2.14 2.08 2.10 2.28 2.58 2.90 3.17 3.52 3.67 3.31 2.81 2.59 2.52 2.32 1.94 1.42 0.93 0.88 1.20 1.46 1.56 1.69 1.89 2.09 2.40 2.93 3.66 4.22 4.10 3.41 2.72 2.30 1.95 1.68 1.40 1.02 0.82 0.86 1.06 1.31 1.60 1.85 2.13 2.53 3.07 3.35 2.92 2.13 2.03 2.34 2.77 3.38 3.96 4.04 3.43 2.52 2.27 2.32 2.37 2.37 2.30 2.28 2.20 1.97 1.87
1.67 1.35 1.01 1.18 1.59 1.92 2.18 2.45 2.73 2.94 2.97 2.88 2.75 2.55 2.25 2.09 2.10 2.21 2.30 2.26 2.19 2.22 2.38 2.66 2.97 3.26 3.55 3.65 3.35 2.82 2.50 2.43 2.37 2.13 1.59 1.03 0.88 1.01 1.25 1.46 1.69 1.92 2.08 2.35 2.99 3.89 4.38 4.12 3.25 2.60 2.23 1.92 1.69 1.46 1.11 0.87 0.85 0.98 1.24 1.52 1.78 2.11 2.55 3.08 3.40 3.04 2.16 1.84 2.14 2.62 3.17 3.76 3.97 3.61 2.94 2.51 2.40 2.40 2.42 2.32 2.19 2.14 2.08 2.02
1.66 1.37 1.10 1.25 1.58 1.90 2.21 2.54 2.82 2.95 2.87 2.70 2.57 2.33 2.00 1.88 2.01 2.23 2.32 2.34 2.35 2.40 2.53 2.77 3.06 3.34 3.56 3.60 3.39 2.93 2.49 2.28 2.28 2.21 1.78 1.13 0.80 0.79 1.04 1.42 1.72 1.93 2.07 2.39 3.14 4.11 4.57 4.09 3.03 2.40 2.13 1.86 1.67 1.51 1.20 0.91 0.82 0.91 1.18 1.46 1.75 2.13 2.59 3.08 3.41 3.15 2.25 1.70 1.98 2.54 3.13 3.73 3.95 3.59 3.04 2.56 2.56 2.55 2.52 2.37 2.18 2.12 2.18 2.14
1.64 1.42 1.19 1.29 1.55 1.92 2.31 2.66 2.88 2.89 2.68 2.44 2.32 2.12 1.85 1.80 2.00 2.21 2.32 2.37 2.45 2.58 2.71 2.87 3.10 3.32 3.50 3.57 3.43 3.06 2.60 2.23 2.11 2.15 1.89 1.27 0.75 0.65 0.91 1.37 1.71 1.92 2.08 2.47 3.25 4.21 4.63 4.02 2.88 2.33 2.07 1.81 1.66 1.55 1.30 0.99 0.83 0.89 1.15 1.45 1.77 2.13 2.56 3.05 3.44 3.26 2.33 1.64 1.87 2.51 3.16 3.80 3.95 3.48 2.87 2.61 2.60 2.64 2.59 2.45 2.32 2.27 2.27 2.18
1.63 1.47 1.28 1.33 1.60 2.03 2.45 2.75 2.86 2.72 2.44 2.18 2.05 1.98 1.86 1.87 2.03 2.20 2.34 2.41 2.54 2.73 2.85 2.90 3.03 3.26 3.49 3.63 3.48 3.09 2.67 2.24 1.97 2.00 1.88 1.37 0.75 0.59 0.87 1.35 1.71 1.91 2.08 2.50 3.26 4.13 4.52 4.03 3.03 2.43 2.10 1.86 1.75 1.66 1.43 1.08 0.86 0.90 1.15 1.47 1.76 2.04 2.48 3.06 3.51 3.36 2.40 1.64 1.80 2.42 3.15 3.88 4.00 3.34 2.60 2.37 2.54 2.65 2.57 2.44 2.43 2.41 2.34 2.19
1.66 1.53 1.36 1.41 1.71 2.17 2.55 2.75 2.71 2.49 2.22 1.98 1.91 1.96 1.99 2.04 2.13 2.24 2.35 2.49 2.66 2.84 2.89 2.83 2.93 3.24 3.57 3.72 3.51 3.05 2.66 2.27 1.93 1.84 1.77 1.37 0.75 0.58 0.88 1.39 1.74 1.92 2.08 2.51 3.17 3.92 4.33 4.04 3.28 2.69 2.28 2.02 1.87 1.73 1.47 1.08 0.87 0.91 1.13 1.40 1.65 1.91 2.39 3.08 3.59 3.45 2.48 1.69 1.72 2.23 3.05 3.89 4.06 3.28 2.35 2.16 2.47 2.64 2.49 2.36 2.46 2.52 2.36 2.12
1.72 1.60 1.44 1.52 1.87 2.27 2.54 2.62 2.49 2.26 2.04 1.89 1.88 1.99 2.12 2.23 2.29 2.32 2.40 2.56 2.75 2.88 2.84 2.75 2.87 3.22 3.62 3.75 3.51 3.07 2.67 2.32 2.01 1.75 1.56 1.20 0.71 0.62 0.96 1.45 1.76 1.93 2.13 2.55 3.07 3.71 4.15 4.05 3.45 2.87 2.52 2.21 1.93 1.69 1.40 1.07 0.87 0.88 1.06 1.31 1.52 1.77 2.31 3.10 3.65 3.54 2.64 1.77 1.62 2.02 2.88 3.85 4.12 3.37 2.27 2.00 2.38 2.59 2.39 2.22 2.39 2.55 2.35 2.00
1.80 1.68 1.54 1.67 1.99 2.28 2.42 2.41 2.28 2.09 1.92 1.84 1.87 2.01 2.19 2.37 2.44 2.43 2.49 2.63 2.76 2.79 2.74 2.71 2.84 3.21 3.61 3.71 3.51 3.14 2.72 2.39 2.10 1.75 1.33 0.95 0.66 0.70 1.07 1.51 1.79 1.98 2.23 2.63 3.05 3.57 4.03 4.08 3.59 2.99 2.63 2.32 1.93 1.62 1.37 1.10 0.88 0.84 0.96 1.18 1.41 1.69 2.25 3.09 3.67 3.60 2.81 1.87 1.52 1.81 2.67 3.74 4.12 3.49 2.35 1.94 2.21 2.46 2.30 2.14 2.31 2.52 2.33 1.95
1.89 1.77 1.65 1.78 2.00 2.16 2.20 2.19 2.12 1.97 1.84 1.81 1.88 2.03 2.23 2.45 2.55 2.54 2.58 2.67 2.70 2.66 2.60 2.63 2.85 3.30 3.70 3.72 3.48 3.13 2.75 2.41 2.09 1.66 1.11 0.73 0.63 0.81 1.20 1.59 1.86 2.08 2.35 2.70 3.07 3.49 3.94 4.09 3.71 3.08 2.63 2.30 1.96 1.67 1.42 1.12 0.86 0.78 0.86 1.09 1.38 1.70 2.28 3.07 3.66 3.66 2.91 1.94 1.45 1.68 2.52 3.58 4.05 3.57 2.52 2.02 2.14 2.32 2.28 2.18 2.26 2.41 2.30 1.99
1.99 1.86 1.73 1.78 1.89 1.98 2.01 2.02 2.02 1.93 1.81 1.79 1.92 2.11 2.30 2.50 2.58 2.60 2.65 2.69 2.66 2.55 2.45 2.51 2.86 3.48 3.89 3.76 3.36 3.03 2.73 2.43 2.07 1.54 0.98 0.65 0.66 0.91 1.32 1.67 1.94 2.18 2.40 2.68 3.06 3.46 3.91 4.12 3.79 3.12 2.59 2.26 1.97 1.73 1.46 1.09 0.83 0.74 0.81 1.06 1.39 1.80 2.37 3.05 3.63 3.71 2.96 1.96 1.47 1.68 2.45 3.35 3.89 3.68 2.80 2.28 2.19 2.22 2.29 2.29 2.25 2.26 2.22 2.04
2.07 1.92 1.73 1.68 1.72 1.83 1.87 1.90 1.97 1.95 1.83 1.81 1.98 2.21 2.41 2.56 2.65 2.71 2.72 2.66 2.55 2.40 2.31 2.44 2.87 3.62 4.00 3.69 3.17 2.93 2.75 2.50 2.11 1.52 0.96 0.68 0.71 1.01 1.41 1.73 1.99 2.21 2.38 2.62 3.02 3.48 4.00 4.24 3.83 3.01 2.48 2.21 1.97 1.71 1.41 1.09 0.83 0.74 0.80 1.05 1.42 1.89 2.49 3.06 3.57 3.69 3.11 2.13 1.59 1.72 2.33 3.02 3.62 3.74 3.25 2.71 2.35 2.17 2.33 2.42 2.25 2.14 2.12 2.11
2.13 1.95 1.67 1.56 1.59 1.71 1.78 1.83 1.96 2.01 1.93 1.90 2.07 2.31 2.53 2.66 2.74 2.77 2.67 2.48 2.35 2.28 2.31 2.51 2.91 3.67 4.00 3.62 3.08 2.88 2.76 2.56 2.18 1.56 1.02 0.73 0.75 1.07 1.46 1.76 1.97 2.14 2.32 2.59 3.00 3.50 4.09 4.35 3.77 2.83 2.36 2.17 1.93 1.61 1.35 1.08 0.85 0.74 0.81 1.09 1.49 2.03 2.62 3.11 3.53 3.69 3.24 2.33 1.70 1.71 2.11 2.55 3.14 3.57 3.54 3.13 2.59 2.25 2.45 2.54 2.28 2.08 2.10 2.24
2.18 1.95 1.62 1.48 1.48 1.61 1.72 1.81 1.96 2.06 2.04 2.05 2.21 2.45 2.64 2.73 2.75 2.67 2.46 2.25 2.20 2.29 2.45 2.66 3.07 3.77 3.98 3.58 3.07 2.85 2.73 2.59 2.24 1.65 1.09 0.76 0.77 1.10 1.46 1.72 1.87 2.03 2.27 2.56 2.96 3.49 4.12 4.36 3.68 2.75 2.38 2.18 1.80 1.53 1.33 1.07 0.86 0.76 0.84 1.14 1.60 2.16 2.72 3.13 3.49 3.68 3.32 2.50 1.83 1.67 1.79 2.04 2.59 3.19 3.47 3.38 2.92 2.55 2.68 2.64 2.33 2.13 2.20 2.35
2.20 1.98 1.62 1.43 1.42 1.56 1.71 1.84 1.98 2.08 2.14 2.21 2.37 2.57 2.69 2.68 2.61 2.47 2.26 2.08 2.14 2.40 2.63 2.85 3.33 3.93 4.00 3.46 2.98 2.78 2.66 2.56 2.32 1.79 1.15 0.78 0.79 1.08 1.38 1.57 1.72 1.97 2.27 2.54 2.94 3.50 4.09 4.27 3.66 2.89 2.55 2.25 1.81 1.56 1.36 1.06 0.83 0.76 0.89 1.23 1.67 2.23 2.74 3.08 3.40 3.62 3.37 2.66 2.02 1.69 1.56 1.74 2.24 2.79 3.21 3.35 3.18 2.95 2.88 2.71 2.42 2.27 2.34 2.35
2.22 2.01 1.65 1.46 1.44 1.59 1.77 1.91 2.02 2.11 2.22 2.36 2.50 2.58 2.55 2.45 2.34 2.26 2.14 2.05 2.22 2.56 2.81 3.07 3.61 4.05 3.91 3.30 2.84 2.64 2.54 2.50 2.36 1.93 1.28 0.85 0.81 0.99 1.23 1.41 1.65 1.99 2.28 2.54 2.95 3.57 4.09 4.14 3.54 2.97 2.71 2.41 2.03 1.71 1.38 1.00 0.80 0.79 0.95 1.30 1.73 2.26 2.70 3.00 3.28 3.53 3.43 2.90 2.30 1.79 1.46 1.59 2.07 2.54 2.95 3.22 3.27 3.19 3.03 2.76 2.51 2.41 2.41 2.26
2.23 2.05 1.72 1.55 1.53 1.66 1.83 1.96 2.05 2.14 2.29 2.47 2.53 2.47 2.32 2.17 2.09 2.13 2.17 2.20 2.41 2.71 2.97 3.27 3.83 4.14 3.81 3.16 2.70 2.49 2.44 2.44 2.35 2.00 1.43 0.95 0.80 0.90 1.11 1.37 1.70 2.02 2.29 2.56 2.99 3.64 4.13 4.02 3.40 2.93 2.71 2.49 2.25 1.91 1.36 0.92 0.81 0.85 1.00 1.32 1.74 2.26 2.66 2.93 3.16 3.42 3.48 3.13 2.50 1.84 1.44 1.52 1.93 2.36 2.79 3.16 3.37 3.32 3.06 2.80 2.60 2.51 2.42 2.19
2.24 2.09 1.82 1.65 1.61 1.68 1.83 1.94 2.02 2.14 2.34 2.49 2.47 2.29 2.06 1.89 1.92 2.08 2.26 2.42 2.61 2.84 3.07 3.37 3.90 4.18 3.71 3.01 2.60 2.44 2.42 2.40 2.29 2.00 1.53 1.04 0.82 0.89 1.13 1.44 1.74 2.03 2.28 2.57 3.02 3.67 4.13 3.96 3.32 2.84 2.63 2.47 2.35 2.06 1.41 0.94 0.88 0.93 1.04 1.33 1.78 2.27 2.62 2.87 3.07 3.33 3.52 3.28 2.60 1.87 1.46 1.46 1.78 2.20 2.66 3.17 3.50 3.39 3.01 2.77 2.65 2.55 2.43 2.23
2.25 2.13 1.91 1.74 1.66 1.66 1.76 1.89 2.01 2.18 2.37 2.44 2.31 2.08 1.86 1.73 1.84 2.12 2.37 2.55 2.72 2.92 3.11 3.35 3.81 4.07 3.68 2.98 2.61 2.50 2.45 2.37 2.25 2.00 1.57 1.15 0.92 0.94 1.17 1.45 1.71 1.98 2.26 2.60 3.04 3.66 4.10 3.94 3.28 2.80 2.60 2.42 2.30 2.12 1.59 1.06 0.96 1.00 1.09 1.36 1.81 2.28 2.60 2.81 3.00 3.26 3.51 3.38 2.73 1.98 1.53 1.43 1.67 2.03 2.44 3.12 3.56 3.46 2.99 2.69 2.59 2.51 2.42 2.30
2.28 2.15 1.92 1.79 1.70 1.67 1.72 1.86 2.05 2.23 2.30 2.25 2.08 1.92 1.84 1.79 1.91 2.22 2.46 2.65 2.81 2.96 3.13 3.34 3.68 3.89 3.66 3.13 2.77 2.65 2.55 2.41 2.27 2.03 1.67 1.29 1.02 0.96 1.12 1.37 1.62 1.92 2.27 2.62 3.05 3.61 4.02 3.89 3.33 2.90 2.67 2.38 2.20 2.10 1.74 1.26 1.07 1.09 1.16 1.41 1.84 2.25 2.55 2.72 2.91 3.17 3.44 3.43 2.94 2.20 1.65 1.46 1.59 1.85 2.29 2.99 3.50 3.54 3.12 2.68 2.50 2.43 2.37 2.33
2.32 2.15 1.91 1.81 1.73 1.68 1.74 1.88 2.06 2.16 2.11 2.02 1.90 1.84 1.94 2.07 2.17 2.34 2.53 2.74 2.87 2.96 3.16 3.46 3.83 3.62 3.49 3.25 3.00 2.82 2.66 2.49 2.32 2.08 1.76 1.39 1.05 0.93 1.03 1.26 1.53 1.90 2.32 2.68 3.03 3.50 3.86 3.81 3.45 3.07 2.75 2.42 2.22 2.17 1.91 1.49 1.23 1.18 1.25 1.47 1.83 2.16 2.42 2.63 2.85 3.10 3.32 3.42 3.15 2.43 1.81 1.54 1.56 1.74 2.14 2.75 3.36 3.58 3.33 2.81 2.43 2.34 2.37 2.34
2.35 2.15 1.90 1.81 1.72 1.69 1.76 1.88 1.97 1.98 1.94 1.87 1.75 1.77 2.08 2.41 2.47 2.46 2.56 2.76 2.89 2.94 3.20 3.59 3.58 3.35 3.30 3.27 3.11 2.91 2.74 2.56 2.36 2.13 1.82 1.43 1.06 0.90 0.95 1.13 1.47 1.94 2.39 2.73 3.02 3.37 3.66 3.67 3.49 3.21 2.83 2.54 2.45 2.38 2.14 1.71 1.36 1.25 1.33 1.52 1.74 1.98 2.27 2.57 2.83 3.04 3.19 3.34 3.26 2.74 2.05 1.65 1.57 1.66 1.89 2.42 3.12 3.54 3.49 3.02 2.47 2.36 2.45 2.37
2.34 2.15 1.89 1.78 1.69 1.67 1.75 1.85 1.86 1.83 1.81 1.76 1.69 1.86 2.29 2.61 2.65 2.55 2.58 2.77 2.89 2.96 3.28 3.62 3.50 3.18 3.23 3.33 3.16 2.92 2.77 2.59 2.40 2.18 1.88 1.49 1.09 0.88 0.86 1.03 1.46 2.01 2.46 2.75 3.01 3.30 3.49 3.47 3.42 3.24 2.93 2.79 2.81 2.68 2.30 1.81 1.43 1.32 1.38 1.50 1.63 1.82 2.17 2.54 2.84 3.00 3.07 3.21 3.29 3.03 2.36 1.78 1.58 1.58 1.70 2.15 2.88 3.42 3.55 3.21 2.65 2.49 2.56 2.43
2.34 2.14 1.86 1.72 1.64 1.63 1.73 1.82 1.82 1.78 1.78 1.77 1.84 2.15 2.55 2.70 2.60 2.52 2.60 2.77 2.90 3.04 3.35 3.57 3.35 3.04 3.21 3.39 3.18 2.88 2.74 2.60 2.40 2.20 1.92 1.55 1.15 0.84 0.79 1.04 1.55 2.07 2.45 2.72 3.01 3.29 3.36 3.23 3.17 3.10 2.98 3.00 3.09 2.88 2.35 1.85 1.55 1.40 1.38 1.43 1.54 1.74 2.09 2.49 2.83 2.95 2.94 3.10 3.29 3.18 2.63 1.93 1.58 1.50 1.59 1.99 2.70 3.25 3.50 3.34 2.89 2.64 2.63 2.49
2.35 2.13 1.82 1.67 1.59 1.60 1.70 1.79 1.83 1.85 1.89 1.97 2.15 2.42 2.68 2.65 2.41 2.42 2.62 2.80 2.98 3.14 3.36 3.45 3.16 2.93 3.19 3.41 3.18 2.85 2.71 2.57 2.39 2.20 1.94 1.59 1.18 0.82 0.79 1.11 1.59 2.04 2.35 2.64 3.04 3.33 3.28 3.01 2.86 2.86 2.92 3.11 3.28 3.06 2.47 2.01 1.73 1.49 1.36 1.37 1.49 1.68 1.97 2.41 2.79 2.88 2.87 3.03 3.25 3.23 2.79 2.07 1.61 1.46 1.55 1.93 2.54 3.06 3.41 3.46 3.10 2.77 2.65 2.50
2.34 2.13 1.80 1.64 1.57 1.59 1.70 1.81 1.91 2.02 2.12 2.22 2.35 2.52 2.64 2.50 2.26 2.34 2.58 2.82 3.05 3.20 3.32 3.28 2.98 2.89 3.21 3.39 3.15 2.86 2.74 2.60 2.44 2.26 1.98 1.59 1.13 0.81 0.83 1.13 1.54 1.93 2.26 2.63 3.09 3.37 3.24 2.82 2.59 2.66 2.83 3.13 3.38 3.20 2.68 2.23 1.90 1.55 1.34 1.33 1.42 1.59 1.87 2.32 2.70 2.81 2.85 3.03 3.24 3.23 2.82 2.16 1.69 1.46 1.54 1.91 2.39 2.85 3.32 3.55 3.30 2.89 2.64 2.45
2.35 2.15 1.82 1.65 1.57 1.59 1.75 1.93 2.09 2.22 2.29 2.33 2.38 2.45 2.52 2.40 2.22 2.30 2.49 2.77 3.10 3.25 3.27 3.09 2.81 2.90 3.27 3.35 3.08 2.88 2.81 2.67 2.49 2.31 2.04 1.60 1.08 0.80 0.85 1.11 1.50 1.90 2.27 2.72 3.17 3.40 3.18 2.62 2.38 2.55 2.80 3.16 3.42 3.26 2.84 2.45 2.04 1.60 1.32 1.28 1.35 1.51 1.82 2.21 2.54 2.71 2.87 3.09 3.27 3.18 2.73 2.19 1.77 1.48 1.55 1.88 2.24 2.66 3.20 3.61 3.49 3.01 2.63 2.39
2.34 2.16 1.87 1.70 1.59 1.63 1.87 2.11 2.25 2.31 2.32 2.30 2.30 2.36 2.41 2.34 2.24 2.30 2.46 2.73 3.10 3.34 3.24 2.87 2.62 2.90 3.28 3.32 3.06 2.90 2.86 2.71 2.49 2.29 2.05 1.63 1.07 0.78 0.84 1.12 1.52 1.92 2.35 2.87 3.27 3.40 3.07 2.42 2.21 2.49 2.84 3.23 3.46 3.30 2.91 2.55 2.13 1.66 1.36 1.28 1.31 1.46 1.74 2.06 2.35 2.62 2.92 3.19 3.32 3.10 2.60 2.20 1.81 1.52 1.57 1.85 2.14 2.50 3.07 3.65 3.66 3.10 2.60 2.36
2.35 2.19 1.94 1.77 1.63 1.70 2.01 2.25 2.30 2.26 2.24 2.21 2.20 2.26 2.31 2.30 2.30 2.38 2.48 2.69 3.13 3.45 3.16 2.51 2.47 2.88 3.20 3.25 3.10 2.97 2.93 2.75 2.47 2.24 2.02 1.62 1.08 0.80 0.87 1.19 1.58 1.96 2.46 3.04 3.38 3.36 2.95 2.28 2.05 2.41 2.87 3.30 3.53 3.35 2.91 2.53 2.15 1.74 1.47 1.34 1.30 1.39 1.61 1.91 2.22 2.57 2.97 3.27 3.31 3.00 2.54 2.19 1.81 1.55 1.59 1.83 2.07 2.38 2.96 3.69 3.79 3.15 2.58 2.34
