project/data/elevation/US_DEM2016/US_DEM2016_point_10-31-2019_0349_30m_ang.asc
ncols	125
nrows	167
xllcorner	-2042055.000000
yllcorner	1465035.000000
cellsize	30.000000
NODATA_value	-9999.000000
[rows 110 to 164 of 167, columns 0 to 95 of 125]
353 354 356 356 354 354 356 356 355 353 352 351 351 353 356 360 0 0 1 1 1 360 1 5 8 9 10 11 13 12 11 10 8 7 5 4 5 5 0 358 0 4 6 5 4 4 4 6 10 13 14 14 13 11 7 1 355 350 346 343 340 342 348 355 3 9 11 10 12 13 12 10 8 5 1 2 10 18 23 23 18 12 9 9 10 7 4 3 2 360 356 353 355 359 2 4
350 353 356 355 352 352 352 351 349 349 349 350 352 355 359 3 3 1 1 2 1 360 1 6 10 11 11 12 13 13 11 9 8 8 7 6 6 5 2 1 2 3 3 1 0 1 3 4 6 10 12 14 14 12 10 6 2 357 353 349 344 344 348 355 4 10 10 9 10 11 11 11 10 6 3 3 9 16 22 23 19 13 9 9 9 8 6 4 3 2 359 355 354 357 1 4
349 352 355 353 349 348 348 347 346 347 349 352 355 358 3 6 6 3 2 2 1 358 359 4 9 11 12 14 14 13 11 9 8 9 9 8 7 5 2 0 1 2 1 359 358 0 3 4 5 9 11 13 14 13 11 9 7 3 360 355 349 346 349 356 3 8 9 9 9 10 11 12 11 8 4 4 8 15 22 24 20 14 11 9 8 9 8 6 4 4 2 357 355 358 1 3
350 351 352 350 346 344 344 344 346 348 350 354 358 3 8 10 7 3 360 360 359 357 357 1 5 8 12 15 15 14 13 11 8 7 8 9 8 5 0 359 360 0 360 358 357 359 3 5 6 9 12 14 16 15 13 11 10 7 3 359 354 349 351 357 1 5 7 8 10 11 11 12 12 9 5 6 9 15 21 24 22 17 12 9 8 9 8 6 4 5 3 359 358 359 2 2
352 351 351 349 344 340 340 344 348 352 355 358 3 9 11 8 2 358 356 356 357 358 359 359 0 5 11 16 16 16 15 14 11 7 5 7 7 3 358 357 358 359 359 358 358 0 4 6 6 8 12 15 17 17 15 12 10 7 3 360 356 352 352 357 0 2 5 9 12 13 12 12 12 9 6 7 10 14 20 25 25 21 16 10 7 5 3 3 3 4 2 359 358 360 2 3
352 351 351 350 345 339 339 345 353 358 1 5 7 7 4 359 355 353 353 355 358 3 4 357 354 1 11 17 17 16 15 15 15 11 7 4 2 359 356 355 356 357 358 1 3 4 4 5 4 6 10 14 17 18 17 14 9 3 359 358 356 352 352 356 360 2 6 11 14 13 12 12 12 10 6 7 10 14 19 25 27 24 18 11 4 359 358 360 2 3 1 358 358 360 2 4
350 351 351 351 347 342 341 347 355 0 3 4 2 359 355 352 352 352 353 355 2 10 10 359 350 355 8 16 18 15 13 14 16 15 10 4 359 357 355 354 355 356 358 2 7 9 7 3 1 1 6 11 16 19 19 15 10 4 359 356 354 351 350 353 359 3 8 13 16 15 13 12 12 10 7 6 9 13 18 24 26 22 16 10 3 357 357 360 2 2 359 357 357 359 1 3
348 350 352 352 351 347 345 348 353 357 359 359 357 354 351 350 351 353 355 358 5 12 13 7 355 352 1 13 18 16 11 11 15 16 12 7 2 358 355 354 355 356 357 2 9 14 12 3 357 357 2 9 15 18 19 16 12 8 3 359 356 352 349 351 357 3 10 16 18 16 13 11 11 9 6 5 8 11 16 21 22 19 13 9 4 1 360 1 2 1 359 357 356 357 360 2
348 350 352 353 353 351 348 348 351 353 353 352 351 350 350 351 354 356 358 2 6 11 14 12 5 357 358 8 17 18 13 8 9 13 13 11 7 2 356 354 355 355 356 1 10 17 16 7 355 353 358 6 12 17 18 16 13 10 8 4 1 357 352 352 357 5 12 17 18 16 13 11 10 7 4 3 6 9 13 17 19 18 13 9 8 6 4 4 3 1 358 356 355 355 358 1
349 350 352 353 354 353 349 349 351 350 348 346 347 348 350 354 357 359 2 5 6 9 14 14 10 2 359 4 13 18 16 10 4 6 11 13 10 4 357 354 355 354 356 1 10 17 19 12 359 352 355 2 8 13 16 16 14 12 10 9 6 2 357 356 360 6 11 14 15 14 12 12 10 7 3 2 5 9 12 15 19 19 15 12 11 10 8 6 4 2 358 356 354 353 355 360
352 352 351 352 354 352 349 349 350 348 344 343 345 348 352 357 0 3 6 7 8 10 13 14 12 6 360 1 9 16 18 14 6 2 6 11 10 3 356 354 354 355 357 2 10 17 20 17 6 355 352 357 2 8 13 17 16 13 11 10 10 6 1 359 2 5 7 9 12 13 12 12 12 8 3 2 4 8 11 15 20 21 18 15 13 11 8 6 5 3 360 356 353 352 353 357
355 353 352 352 353 351 348 349 349 346 344 344 346 350 354 359 2 6 8 7 7 8 10 13 12 7 359 357 5 14 18 17 12 6 5 8 8 1 354 352 353 355 359 5 10 16 21 20 13 0 352 352 357 3 11 17 18 16 12 11 11 8 2 1 1 2 5 8 11 13 13 13 13 10 5 3 4 7 10 16 21 22 19 16 15 12 8 6 5 3 0 357 353 350 351 355
356 354 353 353 353 350 346 345 346 346 346 346 347 350 356 1 5 7 5 4 5 7 10 13 13 7 359 355 1 12 17 18 15 10 7 6 5 359 353 351 352 355 2 10 13 16 21 23 17 6 354 348 350 358 8 16 19 17 14 12 11 7 2 360 360 1 4 8 12 14 14 13 13 11 6 4 4 6 11 18 24 25 21 17 15 12 8 6 4 2 360 357 354 351 350 353
357 356 353 352 352 349 344 341 341 345 348 349 349 351 357 2 5 4 2 2 5 8 11 13 12 9 2 356 358 8 16 19 17 12 8 6 4 1 355 350 351 358 10 17 17 16 20 23 20 11 359 349 346 351 1 11 16 17 16 13 11 6 2 0 0 1 4 8 11 14 15 15 15 13 8 5 5 8 14 22 27 27 23 18 14 12 9 6 2 360 358 357 354 352 351 354
360 358 354 352 351 349 344 339 337 342 348 351 352 354 358 359 1 4 4 5 7 9 10 10 10 10 7 360 357 4 15 19 18 12 8 6 6 3 355 350 354 5 16 18 16 15 18 21 21 14 5 357 351 350 353 2 11 17 16 12 9 5 1 0 360 0 3 7 12 15 16 17 18 16 11 7 8 11 15 22 27 28 25 19 13 10 7 3 360 357 357 357 355 353 353 355
360 359 356 354 351 349 345 340 337 339 351 351 356 358 356 356 1 7 10 8 7 6 6 6 8 10 9 5 0 2 12 18 18 14 9 7 7 4 357 353 358 8 11 11 12 13 15 18 19 15 8 2 358 355 353 355 5 13 13 10 8 4 360 358 359 1 4 9 13 15 17 20 21 19 13 11 11 12 14 20 27 29 27 19 12 8 5 359 356 355 355 356 355 354 354 356
358 358 359 357 353 349 346 343 339 338 342 350 359 1 357 357 4 10 11 7 3 1 1 3 7 9 10 9 4 2 8 16 19 17 12 8 5 3 359 355 358 2 4 6 9 11 13 16 17 15 11 6 1 359 356 354 359 7 10 9 7 3 358 357 360 4 6 9 13 16 18 22 24 20 16 15 15 14 14 19 26 28 24 17 11 8 3 357 353 353 354 355 354 353 353 355
357 359 2 360 354 349 347 345 341 337 350 350 0 3 1 1 5 7 5 1 359 359 0 3 7 8 9 10 7 4 6 14 19 20 15 8 3 1 359 355 355 358 1 4 6 8 11 14 16 16 13 9 4 360 358 356 356 1 8 10 7 2 358 358 1 5 5 8 12 17 21 25 25 21 17 17 17 17 16 17 22 23 21 17 14 9 1 355 351 352 354 355 353 351 351 352
4 5 4 360 354 349 347 347 343 351 340 349 358 2 2 1 1 1 358 356 357 359 4 8 9 7 8 10 8 4 4 11 18 19 15 8 3 1 359 355 354 357 360 1 2 4 8 12 16 17 15 12 7 3 0 358 355 357 5 10 8 3 359 360 2 3 3 6 12 20 26 28 26 21 18 16 16 17 16 15 16 18 19 19 16 8 360 354 352 352 353 354 353 350 348 350
14 10 4 358 353 349 348 349 347 352 342 347 353 358 359 358 357 357 356 355 357 1 9 13 10 7 8 10 7 3 3 9 16 18 15 10 5 2 0 357 355 356 357 357 358 0 4 10 16 18 18 15 11 7 3 1 358 357 2 8 8 3 0 0 0 0 2 7 17 26 30 30 25 21 18 16 14 15 15 13 13 16 19 19 13 4 359 357 355 354 353 353 353 350 348 348
16 12 3 358 355 353 351 351 350 346 344 345 348 353 355 355 355 356 357 358 360 5 13 15 11 7 7 8 5 3 3 6 12 16 16 12 7 2 0 358 355 354 354 354 354 357 2 9 17 22 22 19 14 9 5 3 1 359 1 5 6 3 0 360 360 360 3 12 22 29 30 27 22 19 17 17 15 13 12 11 12 14 16 13 7 3 2 2 0 357 354 353 352 351 348 347
15 11 3 358 357 357 355 353 351 348 345 343 344 348 352 354 354 357 1 4 6 9 13 14 11 7 5 5 4 2 2 4 8 13 16 14 9 2 359 357 354 353 353 353 354 357 3 11 18 24 24 20 15 11 7 5 3 2 2 4 5 2 359 360 0 2 8 17 24 27 25 22 20 18 16 16 15 13 10 8 8 10 10 9 6 5 6 7 5 0 355 353 352 351 349 347
12 9 3 359 358 359 359 356 352 349 347 344 342 345 349 353 356 359 5 10 10 9 10 11 9 6 3 2 2 1 360 2 6 11 15 15 11 5 359 355 351 351 353 354 356 359 5 12 17 22 22 19 16 13 9 6 5 3 3 4 4 1 359 360 3 6 12 20 23 23 21 20 19 17 16 14 13 11 8 5 3 5 8 9 10 10 11 11 8 1 355 352 351 351 350 348
8 6 3 0 358 359 360 359 356 352 349 346 343 343 346 351 357 3 8 9 8 7 7 8 8 5 1 360 360 358 357 358 3 9 13 14 13 8 1 355 350 350 353 356 359 4 8 11 14 17 18 17 16 14 11 8 6 4 4 5 3 0 358 360 4 9 15 19 20 19 19 19 19 17 16 13 9 7 5 3 2 4 9 12 14 15 15 13 8 1 355 351 351 351 351 349
1 2 2 2 1 359 359 360 359 357 354 351 347 343 343 348 357 4 6 5 5 5 6 7 8 5 1 358 358 356 355 356 0 6 10 12 12 11 6 359 353 350 352 357 3 7 8 9 11 12 13 15 16 15 13 10 8 6 5 6 4 358 358 359 5 11 16 17 16 16 17 19 19 17 14 10 6 3 1 2 5 9 12 15 17 18 16 12 7 1 355 351 350 351 351 350
355 357 1 4 4 2 360 359 1 1 358 355 351 346 343 347 355 360 1 2 4 5 6 7 8 6 2 358 356 354 354 355 358 1 5 8 11 12 11 6 360 354 353 359 6 7 6 7 8 8 10 13 16 16 15 13 11 8 6 5 4 2 359 359 4 11 15 14 13 14 16 18 18 16 11 6 2 359 358 1 8 14 17 17 18 18 15 10 5 1 357 352 350 350 351 351
352 355 360 3 5 4 1 359 1 3 0 356 353 350 348 349 352 355 358 2 4 4 5 7 8 7 4 358 354 351 351 354 356 358 1 6 10 13 14 13 8 2 358 2 7 6 4 5 4 4 7 11 15 17 17 16 14 10 7 5 3 3 1 360 4 10 13 12 11 12 15 16 15 13 9 3 358 355 356 1 10 16 19 19 18 15 12 8 5 1 357 353 350 350 351 352
356 358 1 2 4 4 2 358 359 1 359 356 355 355 356 355 352 353 358 1 2 2 3 6 8 9 6 1 354 350 348 350 353 356 0 6 11 15 18 19 16 9 4 4 4 3 2 2 0 1 5 10 14 17 18 18 16 12 8 4 3 3 2 1 4 9 11 9 9 10 11 11 11 9 6 2 358 355 356 2 9 15 18 18 16 13 10 8 6 3 357 353 351 351 352 353
6 7 6 3 1 360 357 353 353 356 357 356 356 359 2 0 356 355 358 359 359 359 1 4 7 9 8 4 358 351 347 348 350 354 360 6 12 17 22 23 19 13 7 3 1 1 0 359 358 360 5 10 13 16 18 19 17 13 8 4 3 4 4 2 5 8 8 7 6 7 7 6 5 4 3 2 0 359 359 1 6 12 16 16 14 12 10 9 7 5 359 354 352 353 353 354
17 16 11 4 358 355 353 350 348 349 353 355 358 2 5 3 359 356 357 357 357 358 360 2 6 8 9 7 2 356 351 349 349 353 0 8 15 20 24 22 17 11 6 1 359 358 358 356 357 0 6 10 12 15 18 18 16 12 8 6 6 7 5 3 4 7 7 4 3 4 3 1 360 0 1 3 3 3 2 360 1 7 13 14 13 12 11 9 8 7 3 358 356 355 355 355
22 19 10 3 359 356 354 351 347 345 348 354 360 5 6 4 360 357 355 355 355 357 359 2 5 7 8 7 5 2 357 354 352 354 2 11 17 21 21 17 13 7 2 358 357 356 356 355 357 2 7 9 12 15 17 17 15 12 10 10 10 10 6 2 3 7 7 3 0 360 358 357 358 360 2 4 6 6 3 359 358 3 9 12 13 12 10 9 9 9 8 6 2 359 357 357
20 15 7 2 360 359 358 355 351 347 348 353 0 5 5 2 359 357 354 353 354 356 359 2 5 6 6 6 6 5 3 359 357 359 5 12 17 18 15 11 7 2 358 357 356 356 355 355 358 3 8 10 12 15 17 17 15 14 13 13 13 10 5 0 2 6 7 3 359 357 356 357 359 1 3 6 7 6 3 359 357 359 5 11 14 12 8 8 10 12 13 12 8 3 360 360
14 11 6 2 0 1 1 359 356 353 353 355 360 3 2 360 358 356 353 352 353 356 360 3 5 5 5 5 6 7 6 4 3 4 7 12 15 14 10 5 0 357 357 357 357 357 356 356 359 4 9 12 12 14 17 18 17 16 16 15 13 9 3 360 2 6 5 1 358 356 357 359 1 3 4 5 5 5 3 359 356 357 2 10 15 13 7 5 9 14 18 17 12 7 3 3
9 8 6 3 360 360 1 1 1 360 358 358 359 0 359 357 356 355 353 353 354 357 0 3 5 4 4 4 6 7 7 6 6 8 9 10 11 11 6 360 356 356 357 358 358 358 357 357 360 5 11 13 11 12 16 19 20 19 18 15 11 6 2 360 2 5 3 359 356 356 359 1 2 3 3 2 1 2 3 0 357 356 0 8 13 13 9 5 7 14 19 19 14 9 6 6
6 6 5 5 2 359 359 2 4 3 2 0 360 359 356 355 355 355 355 356 357 358 0 2 3 4 4 4 4 6 7 8 8 9 9 8 8 7 2 357 355 356 359 359 358 357 357 358 2 7 11 12 11 11 15 19 21 21 18 14 9 4 2 0 1 2 1 357 355 356 359 1 2 3 2 358 357 360 3 3 359 356 358 4 10 14 14 10 7 11 17 19 15 10 8 8
4 4 5 7 6 2 359 359 2 4 3 1 359 358 355 353 354 356 358 359 359 359 359 358 360 3 4 4 3 5 8 9 10 10 7 5 6 5 2 358 356 357 359 359 357 356 356 359 4 8 11 12 11 11 14 17 20 20 17 14 9 5 2 360 359 360 359 356 355 356 358 0 3 3 0 355 353 357 3 5 2 358 357 1 8 14 18 17 11 9 14 18 17 12 10 9
1 5 10 11 10 6 1 357 358 0 1 0 359 357 355 353 355 359 1 2 0 359 357 355 356 0 3 3 3 6 9 11 12 10 6 3 4 4 3 1 358 358 358 357 356 356 356 360 5 10 13 13 11 9 11 15 18 18 16 14 12 8 3 359 358 358 356 354 354 355 357 360 2 1 357 353 353 357 3 7 5 359 356 360 7 15 20 21 16 10 10 16 18 15 11 8
0 8 17 18 13 6 360 355 355 356 358 359 359 357 354 354 357 360 1 1 0 358 356 355 355 358 2 4 5 6 9 12 13 10 5 2 3 4 4 3 1 358 356 355 356 357 358 0 6 12 15 13 9 6 8 12 16 16 15 14 14 12 6 360 358 357 354 352 352 354 357 360 359 356 353 353 356 358 3 8 7 2 357 360 8 15 20 21 18 12 10 15 19 17 11 7
2 10 20 20 13 5 359 355 352 352 355 358 358 356 354 354 356 358 359 1 1 359 357 356 356 357 0 5 7 6 7 11 12 9 4 1 2 2 3 4 4 1 356 354 356 358 359 2 8 14 15 11 6 4 6 10 13 14 14 14 14 13 9 2 359 357 354 350 350 353 357 358 355 351 351 355 359 1 2 6 9 5 359 1 9 15 18 19 18 15 13 14 18 18 12 7
3 10 18 19 14 7 1 357 352 350 352 356 357 354 352 352 354 356 359 3 4 1 358 357 358 359 2 7 8 5 4 7 9 6 2 0 360 1 2 6 7 6 0 355 354 357 0 4 10 14 12 7 4 4 6 9 11 12 13 13 14 13 11 6 2 358 355 351 349 352 354 354 351 350 352 357 2 3 2 4 9 9 3 2 9 13 14 17 19 18 15 15 18 18 13 8
4 8 16 19 16 8 2 358 356 353 352 354 354 351 349 350 352 356 1 4 4 2 360 359 360 2 5 7 7 4 2 3 4 3 0 359 359 360 3 7 10 9 5 359 354 354 360 6 11 12 9 5 4 4 5 7 8 10 12 12 13 13 13 11 5 360 356 351 349 349 350 350 350 352 354 358 2 4 2 3 8 10 7 4 7 10 12 16 19 20 17 15 17 18 15 9
5 8 13 17 15 9 3 0 360 358 355 352 351 349 346 347 351 355 359 1 1 2 2 2 4 6 7 7 5 4 3 2 1 359 358 358 358 0 3 7 10 10 8 3 356 354 359 8 11 10 7 5 4 5 5 6 7 8 10 11 12 14 16 14 9 1 356 351 347 346 347 349 353 355 355 357 1 3 3 3 7 11 11 7 5 6 11 16 19 20 19 16 16 18 16 11
8 8 9 11 11 9 7 5 4 1 355 349 349 348 345 345 348 352 354 356 359 1 4 6 8 9 8 6 5 5 4 3 1 358 357 358 358 360 3 6 9 10 9 6 0 356 360 8 11 8 5 4 4 6 6 6 6 6 7 9 11 14 17 17 12 2 355 350 347 345 346 350 355 357 356 357 359 1 3 4 7 12 13 9 4 4 10 15 18 20 20 17 16 18 17 12
9 5 2 4 7 11 13 11 8 2 355 349 348 349 346 343 345 347 349 352 356 0 5 9 11 10 8 7 6 6 6 5 2 358 357 357 358 359 2 5 7 9 10 8 5 1 3 9 11 6 2 2 4 6 8 7 6 4 5 7 10 14 17 17 13 4 356 351 348 346 347 350 354 356 357 358 359 1 4 6 8 12 13 9 4 4 9 15 18 20 20 18 16 17 16 12
2 359 356 360 6 12 14 13 10 5 359 354 351 350 347 344 343 345 347 351 355 359 5 10 12 11 9 8 8 8 8 6 3 358 356 356 357 360 3 5 7 8 10 10 9 7 7 10 9 3 360 1 3 6 9 8 5 3 3 6 10 13 14 15 12 6 358 353 350 348 349 351 351 353 357 360 1 3 6 8 8 11 12 8 4 5 10 14 17 19 18 15 14 15 15 13
350 351 354 359 6 10 12 13 11 9 6 1 355 351 349 346 343 344 347 351 354 359 5 10 12 11 9 8 9 9 8 5 3 359 355 354 356 1 4 6 6 8 10 12 12 11 9 8 5 1 359 0 3 6 9 9 6 2 2 5 8 10 11 12 11 8 2 357 353 351 351 352 351 351 356 1 4 7 8 8 7 9 11 8 4 6 10 14 17 18 15 12 12 13 14 14
340 344 352 359 5 8 10 12 12 12 12 9 2 353 350 348 345 345 347 349 352 358 5 10 11 11 9 8 9 9 9 6 3 359 356 354 355 1 6 7 7 8 11 12 13 11 7 5 4 2 0 1 3 6 8 9 7 3 1 3 7 8 8 8 9 8 6 1 358 355 353 353 352 352 358 4 7 9 8 5 5 8 10 7 3 6 11 15 16 14 11 9 10 12 15 16
337 341 349 357 3 6 8 10 11 13 15 14 9 358 351 350 348 346 347 349 352 358 5 9 10 10 9 8 8 9 9 7 4 0 357 354 355 0 7 8 8 9 11 12 12 9 5 3 4 4 3 3 4 5 7 8 7 3 0 2 6 7 5 4 6 8 9 7 3 358 355 354 354 356 1 7 9 9 6 2 3 7 9 6 3 6 12 16 15 11 8 8 10 13 17 18
339 342 349 356 2 5 6 7 9 11 14 16 14 6 356 352 351 349 348 351 354 359 4 7 9 10 9 7 7 7 9 8 5 2 358 355 356 1 6 7 7 9 11 11 10 8 4 2 4 5 6 7 7 6 6 6 7 4 0 2 5 5 3 1 3 8 11 11 7 1 356 355 357 359 4 8 10 9 4 360 360 4 8 7 4 7 13 15 13 9 7 9 13 15 17 17
341 344 350 357 2 5 5 5 6 9 12 14 14 10 3 356 354 352 351 352 356 0 3 6 9 10 8 6 6 7 8 9 7 4 0 357 357 1 5 6 6 9 11 11 10 7 3 2 3 7 10 10 9 7 6 6 6 2 359 1 5 4 1 360 3 8 13 13 10 3 358 357 359 2 6 9 10 9 4 359 357 1 7 9 7 7 11 14 12 9 7 10 14 15 15 15
340 344 351 357 2 6 7 4 4 7 10 11 12 11 8 3 359 356 353 354 357 360 3 7 10 11 8 6 6 6 7 8 8 5 2 359 359 2 4 4 4 7 10 11 10 7 2 1 5 10 13 12 9 8 7 6 5 1 358 1 4 3 0 1 4 9 12 13 11 5 1 359 0 3 6 9 10 9 6 2 358 360 7 11 8 6 9 12 12 9 6 8 13 15 15 14
337 343 352 357 2 7 9 7 5 5 8 9 10 11 11 8 4 1 357 354 356 360 4 8 10 11 9 7 6 6 6 7 7 6 3 0 1 3 3 1 2 6 10 12 12 8 1 1 8 14 13 9 7 7 7 7 6 3 360 360 1 2 1 3 6 9 11 12 10 6 2 0 1 3 7 8 9 8 7 6 3 2 6 8 6 5 6 10 11 9 6 7 12 16 16 15
336 342 352 357 1 6 10 10 8 6 6 9 10 10 10 9 8 5 0 356 356 360 5 9 10 10 10 10 8 6 5 5 6 5 3 2 3 4 2 360 0 4 9 13 14 10 4 5 11 13 9 5 5 6 7 7 7 6 3 359 360 2 4 5 7 10 11 11 8 4 2 1 1 4 7 8 8 9 9 8 7 6 5 4 3 3 5 8 11 10 8 8 12 16 16 14
340 345 353 357 0 6 10 12 11 8 6 7 10 10 8 8 10 8 3 358 358 1 5 8 9 10 10 11 10 7 5 4 4 4 2 2 4 4 2 360 360 3 8 13 15 12 7 7 9 8 5 3 4 6 7 7 8 8 5 0 360 3 5 6 7 9 10 10 6 3 1 2 3 5 7 8 8 9 9 8 8 8 6 3 2 3 5 8 10 11 10 10 11 13 13 11
343 348 355 358 2 7 10 12 13 11 7 6 7 9 8 9 10 9 4 1 1 3 5 6 7 8 9 10 10 9 7 5 3 3 3 3 4 3 3 2 1 2 6 12 16 14 9 7 6 5 4 4 5 6 7 6 7 8 7 4 2 4 6 6 7 8 10 9 6 2 1 3 6 7 8 9 9 8 8 7 8 8 7 4 3 4 7 8 9 11 11 10 9 9 10 9
