project/data/elevation/US_DEM2016/US_DEM2016_point_10-28-2019_0139_30m_vel.asc
ncols	125
nrows	167
xllcorner	-2042055.000000
yllcorner	1465035.000000
cellsize	30.000000
NODATA_value	-9999.000000
[rows 114 to 151 of 167, columns 0 to 83 of 125]
4.46 4.42 4.40 4.41 4.44 4.52 4.49 4.25 3.95 3.65 3.37 3.15 3.05 3.10 3.28 3.52 3.80 4.11 4.39 4.63 4.79 4.74 4.48 4.40 4.70 5.13 5.57 5.90 5.99 5.88 5.73 5.36 4.72 4.19 4.04 4.14 4.34 4.55 4.68 4.76 4.87 5.01 5.08 5.03 4.81 4.61 4.63 4.68 4.72 4.91 5.20 5.36 5.40 5.18 4.66 4.25 4.12 4.20 4.31 4.38 4.36 4.28 4.22 4.22 4.27 4.37 4.54 4.64 4.62 4.53 4.43 4.36 4.31 4.25 4.19 4.18 4.23 4.33 4.63 5.00 4.91 4.31 3.79 3.48
4.56 4.54 4.52 4.45 4.35 4.20 3.98 3.73 3.52 3.31 3.12 3.00 2.92 3.05 3.41 3.90 4.32 4.67 4.97 5.12 5.07 4.87 4.34 3.91 4.00 4.37 4.90 5.42 5.68 5.76 5.92 6.03 5.78 5.07 4.35 4.12 4.33 4.65 4.86 4.93 5.00 5.06 5.08 5.05 4.84 4.46 4.20 4.23 4.37 4.65 5.13 5.53 5.75 5.70 5.23 4.50 3.98 3.81 3.85 4.00 4.15 4.24 4.33 4.42 4.51 4.54 4.58 4.65 4.62 4.50 4.42 4.40 4.38 4.31 4.21 4.18 4.28 4.44 4.73 5.10 5.03 4.44 3.91 3.52
4.60 4.61 4.58 4.47 4.27 3.98 3.68 3.55 3.64 3.79 3.88 3.86 3.91 4.14 4.51 4.92 5.23 5.35 5.29 5.15 5.08 5.07 4.62 3.76 3.37 3.49 4.09 4.83 5.22 5.26 5.37 5.77 6.09 5.96 5.41 5.00 4.91 4.98 5.01 4.97 4.92 4.87 4.88 4.98 5.01 4.72 4.20 3.96 4.10 4.41 4.87 5.43 5.89 6.11 6.02 5.60 5.02 4.48 4.12 4.04 4.10 4.15 4.19 4.29 4.45 4.56 4.63 4.72 4.67 4.45 4.28 4.26 4.29 4.30 4.26 4.26 4.36 4.53 4.85 5.31 5.41 4.96 4.54 4.28
4.55 4.54 4.51 4.41 4.23 3.96 3.74 3.72 3.93 4.24 4.56 4.85 5.13 5.36 5.50 5.52 5.46 5.29 5.04 4.81 4.84 5.17 5.18 4.48 3.59 3.31 3.60 4.31 4.82 4.79 4.54 4.75 5.42 5.93 5.96 5.68 5.31 5.02 4.81 4.65 4.55 4.54 4.61 4.83 5.11 5.12 4.59 3.96 3.87 4.11 4.45 4.93 5.51 5.99 6.21 6.15 5.93 5.59 5.10 4.64 4.40 4.23 4.09 4.05 4.14 4.32 4.51 4.69 4.72 4.49 4.23 4.14 4.16 4.22 4.29 4.37 4.47 4.63 4.94 5.45 5.75 5.64 5.36 5.21
4.47 4.43 4.38 4.32 4.24 4.11 4.01 3.99 4.06 4.23 4.57 5.01 5.37 5.52 5.46 5.22 4.88 4.60 4.46 4.38 4.47 4.87 5.26 5.12 4.45 3.84 3.70 4.04 4.64 4.73 4.23 3.91 4.24 5.02 5.49 5.47 5.14 4.79 4.56 4.42 4.36 4.38 4.46 4.64 4.97 5.27 5.02 4.18 3.72 3.71 3.94 4.33 4.85 5.42 5.83 5.95 5.90 5.83 5.65 5.26 4.81 4.44 4.12 3.89 3.81 3.92 4.13 4.45 4.68 4.64 4.46 4.31 4.24 4.26 4.33 4.44 4.56 4.72 4.99 5.41 5.74 5.82 5.68 5.50
4.41 4.35 4.28 4.27 4.26 4.24 4.22 4.19 4.20 4.31 4.56 4.83 4.95 4.89 4.72 4.54 4.37 4.21 4.09 4.04 4.06 4.28 4.70 4.93 4.69 4.20 3.93 4.07 4.65 5.01 4.73 4.03 3.71 3.98 4.58 4.89 4.83 4.64 4.54 4.48 4.42 4.39 4.37 4.44 4.73 5.18 5.27 4.66 3.86 3.55 3.60 3.92 4.36 4.91 5.42 5.63 5.55 5.43 5.39 5.29 4.99 4.59 4.22 3.91 3.71 3.73 3.97 4.35 4.68 4.80 4.75 4.65 4.50 4.39 4.34 4.38 4.48 4.62 4.84 5.15 5.43 5.47 5.28 5.06
4.39 4.32 4.25 4.25 4.26 4.28 4.33 4.36 4.42 4.54 4.65 4.65 4.53 4.37 4.24 4.20 4.19 4.10 4.00 3.90 3.83 3.90 4.18 4.48 4.44 4.12 3.95 4.09 4.59 5.12 5.23 4.75 4.01 3.69 3.88 4.29 4.48 4.48 4.51 4.52 4.48 4.41 4.33 4.34 4.53 4.92 5.26 4.99 4.19 3.61 3.47 3.70 4.11 4.58 5.11 5.43 5.37 5.10 4.92 4.89 4.82 4.60 4.35 4.14 4.04 4.12 4.33 4.58 4.77 4.84 4.82 4.77 4.67 4.49 4.31 4.22 4.23 4.36 4.57 4.88 5.18 5.18 4.92 4.68
4.46 4.38 4.28 4.25 4.24 4.27 4.38 4.52 4.67 4.74 4.66 4.50 4.35 4.26 4.24 4.24 4.18 4.11 4.09 4.10 4.13 4.21 4.36 4.48 4.39 4.10 3.93 4.01 4.36 4.91 5.28 5.21 4.73 4.18 3.91 3.99 4.18 4.28 4.35 4.39 4.40 4.38 4.33 4.30 4.33 4.54 4.97 4.98 4.36 3.66 3.39 3.47 3.77 4.13 4.60 5.08 5.25 5.06 4.77 4.63 4.60 4.55 4.48 4.47 4.52 4.60 4.70 4.80 4.86 4.83 4.73 4.67 4.65 4.54 4.37 4.22 4.17 4.27 4.49 4.77 5.04 5.05 4.81 4.62
4.53 4.43 4.27 4.20 4.21 4.23 4.32 4.54 4.81 4.83 4.65 4.41 4.25 4.19 4.20 4.20 4.19 4.22 4.34 4.49 4.59 4.64 4.69 4.71 4.55 4.22 3.92 3.85 4.07 4.62 5.09 5.23 5.03 4.65 4.35 4.22 4.23 4.22 4.19 4.20 4.20 4.17 4.14 4.09 4.01 4.13 4.60 4.84 4.45 3.72 3.22 3.04 3.13 3.43 3.90 4.48 4.94 5.02 4.84 4.66 4.59 4.55 4.52 4.52 4.52 4.54 4.61 4.77 4.93 4.96 4.84 4.69 4.63 4.55 4.41 4.31 4.26 4.26 4.36 4.63 4.88 4.85 4.57 4.38
4.50 4.36 4.16 4.10 4.14 4.19 4.22 4.32 4.47 4.51 4.43 4.24 4.03 3.89 3.87 3.98 4.17 4.32 4.38 4.39 4.40 4.44 4.58 4.77 4.79 4.55 4.09 3.78 3.83 4.30 4.83 5.04 4.90 4.65 4.54 4.51 4.46 4.31 4.31 4.08 3.95 3.78 3.71 3.71 3.65 3.77 4.23 4.67 4.54 3.89 3.22 2.76 2.57 2.73 3.17 3.79 4.40 4.72 4.71 4.61 4.56 4.54 4.50 4.41 4.32 4.32 4.45 4.66 4.88 5.03 5.02 4.86 4.69 4.52 4.32 4.19 4.10 4.02 4.07 4.39 4.73 4.71 4.37 4.04
4.55 4.40 4.20 4.11 4.11 4.13 4.08 3.99 3.90 3.87 3.93 3.92 3.76 3.59 3.59 3.81 4.04 4.12 3.99 3.80 3.79 3.98 4.29 4.60 4.81 4.83 4.54 4.06 3.84 4.05 4.60 4.95 4.88 4.60 4.45 4.43 4.40 4.27 4.06 3.89 3.67 3.52 3.58 3.68 3.71 3.76 4.05 4.52 4.60 4.20 3.67 3.20 2.83 2.67 2.80 3.27 3.90 4.34 4.44 4.44 4.47 4.51 4.54 4.58 4.58 4.57 4.60 4.67 4.77 4.86 4.94 4.91 4.73 4.45 4.21 4.02 3.89 3.85 3.97 4.35 4.74 4.75 4.36 3.86
4.70 4.67 4.51 4.28 4.11 4.01 3.90 3.73 3.55 3.48 3.89 3.73 3.71 3.56 3.54 3.62 3.64 3.63 3.54 3.43 3.49 3.77 4.12 4.44 4.67 4.85 4.83 4.52 4.14 4.06 4.46 4.93 4.97 4.62 4.24 4.04 4.00 3.96 3.85 3.67 3.55 3.68 3.98 4.25 4.38 4.36 4.42 4.65 4.75 4.53 4.15 3.80 3.50 3.24 3.11 3.23 3.65 4.15 4.39 4.43 4.46 4.48 4.55 4.68 4.73 4.70 4.63 4.65 4.71 4.71 4.73 4.77 4.68 4.44 4.19 3.97 3.83 3.80 3.96 4.37 4.81 4.89 4.50 3.98
4.72 4.73 4.62 4.30 4.01 3.85 3.74 3.59 3.46 3.44 3.54 3.66 3.70 3.59 3.40 3.24 3.20 3.30 3.41 3.48 3.62 3.84 4.10 4.34 4.52 4.64 4.72 4.66 4.40 4.21 4.39 4.85 5.03 4.70 4.14 3.83 3.77 3.82 3.82 3.77 3.86 4.19 4.53 4.76 4.93 5.04 5.12 5.17 5.10 4.84 4.45 4.04 3.76 3.62 3.50 3.44 3.63 4.10 4.43 4.48 4.40 4.37 4.37 4.37 4.34 4.30 4.32 4.47 4.69 4.78 4.74 4.72 4.62 4.45 4.26 4.05 3.83 3.63 3.63 4.03 4.70 5.02 4.79 4.35
4.51 4.42 4.20 3.99 3.80 3.71 3.66 3.58 3.47 3.40 3.79 3.37 3.53 3.55 3.36 3.20 3.25 3.46 3.71 3.98 4.19 4.29 4.29 4.26 4.22 4.25 4.34 4.42 4.34 4.21 4.31 4.75 5.10 5.00 4.51 4.12 4.03 4.06 4.08 4.12 4.25 4.43 4.57 4.70 4.93 5.22 5.52 5.71 5.67 5.36 4.93 4.48 4.07 3.81 3.69 3.62 3.68 3.99 4.33 4.41 4.28 4.18 4.09 3.99 3.96 4.03 4.16 4.38 4.66 4.86 4.87 4.75 4.61 4.43 4.31 4.24 4.13 3.87 3.62 3.75 4.42 4.98 5.00 4.67
4.41 4.11 3.76 3.65 3.61 3.61 3.64 3.59 3.45 3.98 3.16 3.20 3.47 3.72 3.79 3.80 3.95 4.19 4.45 4.65 4.76 4.73 4.57 4.34 4.09 4.00 4.05 4.11 4.09 4.04 4.13 4.52 5.05 5.23 4.99 4.65 4.46 4.35 4.28 4.22 4.19 4.20 4.34 4.56 4.85 5.18 5.56 5.96 6.19 6.07 5.67 5.20 4.73 4.30 4.00 3.83 3.72 3.79 4.08 4.29 4.20 4.09 3.98 3.91 3.93 4.09 4.24 4.39 4.55 4.70 4.73 4.68 4.57 4.43 4.32 4.32 4.43 4.49 4.31 4.15 4.39 4.82 4.95 4.74
4.70 4.35 3.91 3.82 3.80 3.74 3.69 3.64 3.53 4.00 3.31 3.42 3.71 4.07 4.35 4.55 4.75 4.89 4.90 4.83 4.71 4.64 4.66 4.57 4.26 4.04 4.00 4.04 4.04 3.99 4.02 4.28 4.81 5.18 5.12 4.81 4.52 4.32 4.21 4.09 4.00 4.05 4.25 4.50 4.77 5.06 5.37 5.78 6.21 6.36 6.10 5.59 5.08 4.65 4.34 4.13 3.90 3.74 3.87 4.14 4.20 4.13 4.09 4.08 4.12 4.22 4.27 4.28 4.31 4.35 4.42 4.47 4.47 4.47 4.42 4.31 4.29 4.52 4.74 4.76 4.75 4.84 4.88 4.76
5.01 4.79 4.50 4.44 4.38 4.16 3.87 3.74 3.70 3.62 3.58 3.70 3.97 4.30 4.58 4.75 4.82 4.79 4.67 4.45 4.19 4.10 4.35 4.53 4.36 4.14 4.11 4.20 4.26 4.24 4.20 4.30 4.67 5.07 5.10 4.74 4.34 4.13 4.09 4.08 4.10 4.21 4.38 4.52 4.63 4.75 4.91 5.19 5.64 6.04 6.03 5.65 5.20 4.85 4.58 4.40 4.21 4.02 3.94 4.09 4.24 4.25 4.24 4.26 4.28 4.25 4.19 4.16 4.16 4.22 4.31 4.41 4.45 4.49 4.58 4.53 4.33 4.23 4.43 4.75 4.98 5.15 5.25 5.26
5.08 4.96 4.80 4.72 4.65 4.49 4.19 3.91 3.80 3.78 3.77 3.83 3.98 4.20 4.39 4.43 4.35 4.25 4.16 3.98 3.74 3.68 3.94 4.27 4.30 4.18 4.20 4.34 4.45 4.51 4.58 4.68 4.90 5.20 5.35 5.10 4.62 4.24 4.13 4.22 4.39 4.56 4.65 4.60 4.48 4.37 4.37 4.57 5.01 5.59 5.85 5.68 5.36 5.05 4.76 4.57 4.44 4.32 4.21 4.21 4.28 4.33 4.36 4.39 4.35 4.20 4.10 4.11 4.20 4.32 4.44 4.53 4.56 4.52 4.53 4.63 4.65 4.49 4.34 4.48 4.91 5.39 5.72 5.85
5.01 4.95 4.81 4.66 4.58 4.62 4.55 4.27 4.01 3.93 3.89 3.82 3.78 3.83 3.93 4.01 4.02 3.94 3.85 3.78 3.69 3.71 3.95 4.22 4.29 4.19 4.17 4.28 4.42 4.54 4.72 4.94 5.18 5.46 5.69 5.63 5.22 4.69 4.32 4.33 4.50 4.64 4.64 4.51 4.32 4.15 4.09 4.22 4.62 5.24 5.68 5.70 5.49 5.20 4.92 4.73 4.59 4.49 4.40 4.32 4.32 4.35 4.39 4.41 4.38 4.24 4.09 4.11 4.25 4.43 4.56 4.61 4.63 4.61 4.51 4.48 4.64 4.83 4.85 4.80 4.97 5.31 5.60 5.69
4.97 5.02 5.02 4.89 4.75 4.73 4.80 4.74 4.48 4.22 4.02 3.79 3.56 3.47 3.59 3.79 3.91 3.92 3.95 4.04 4.15 4.23 4.32 4.43 4.43 4.28 4.16 4.20 4.34 4.45 4.57 4.75 5.05 5.42 5.78 5.95 5.81 5.36 4.78 4.47 4.42 4.42 4.42 4.39 4.26 4.15 4.11 4.21 4.49 4.98 5.48 5.70 5.66 5.43 5.15 4.92 4.72 4.56 4.43 4.35 4.30 4.27 4.26 4.30 4.37 4.36 4.29 4.29 4.39 4.55 4.68 4.69 4.65 4.62 4.60 4.57 4.60 4.82 5.13 5.26 5.22 5.13 5.08 5.07
4.93 5.11 5.34 5.31 5.09 4.83 4.81 4.90 4.83 4.49 4.13 3.83 3.57 3.43 3.50 3.66 3.81 3.98 4.19 4.43 4.59 4.63 4.63 4.65 4.63 4.47 4.27 4.22 4.30 4.41 4.47 4.50 4.67 5.07 5.59 6.00 6.20 6.08 5.59 4.93 4.53 4.34 4.32 4.31 4.23 4.17 4.19 4.31 4.53 4.88 5.31 5.66 5.82 5.72 5.44 5.13 4.86 4.61 4.44 4.37 4.30 4.47 4.15 4.19 4.33 4.46 4.51 4.58 4.68 4.77 4.86 4.88 4.77 4.62 4.58 4.70 4.83 4.97 5.25 5.52 5.53 5.26 4.90 4.68
4.74 4.90 5.17 5.31 5.23 4.93 4.71 4.69 4.70 4.51 4.20 3.96 3.78 3.62 3.51 3.50 3.67 3.98 4.29 4.49 4.57 4.61 4.67 4.75 4.77 4.63 4.37 4.20 4.20 4.30 4.41 4.46 4.54 4.80 5.24 5.70 6.07 6.27 6.15 5.62 4.93 4.42 4.11 4.01 4.01 4.06 4.17 4.33 4.53 4.82 5.16 5.54 5.82 5.87 5.67 5.35 5.02 4.72 4.50 4.44 4.42 4.36 4.25 4.22 4.35 4.55 4.67 4.77 4.89 5.00 5.08 5.14 5.09 4.90 4.72 4.74 5.01 5.33 5.59 5.78 5.91 5.79 5.33 4.85
4.48 4.44 4.45 4.63 4.80 4.73 4.51 4.38 4.45 4.49 4.39 4.29 4.20 4.04 3.78 3.58 3.62 3.84 4.05 4.19 4.33 4.48 4.64 4.77 4.83 4.72 4.42 4.13 4.02 4.06 4.18 4.35 4.50 4.64 4.81 5.08 5.39 5.71 5.88 5.71 5.11 4.40 3.87 3.70 3.80 3.92 4.07 4.22 4.45 4.74 5.02 5.33 5.63 5.81 5.77 5.54 5.22 4.87 4.60 4.51 4.54 4.53 4.44 4.35 4.39 4.57 4.73 4.83 4.97 5.14 5.32 5.49 5.56 5.50 5.33 5.21 5.28 5.50 5.68 5.82 6.10 6.30 6.09 5.54
4.36 4.14 3.77 3.62 3.75 3.93 3.99 4.07 4.31 4.59 4.74 4.78 4.76 4.59 4.26 3.91 3.71 3.67 3.70 3.82 4.06 4.32 4.55 4.74 4.85 4.84 4.59 4.19 3.89 3.79 3.80 3.92 4.10 4.23 4.29 4.42 4.63 4.85 5.02 5.02 4.76 4.30 3.88 3.72 3.80 3.93 4.02 4.17 4.43 4.69 4.91 5.13 5.37 5.62 5.73 5.65 5.40 5.08 4.78 4.65 4.64 4.65 4.59 4.50 4.46 4.56 4.72 4.87 5.03 5.23 5.50 5.80 6.07 6.23 6.27 6.16 5.93 5.72 5.58 5.64 6.03 6.58 6.82 6.61
4.48 4.14 3.52 3.19 3.10 3.24 3.48 3.73 4.06 4.47 4.77 4.86 4.81 4.68 4.43 4.12 3.84 3.69 3.70 3.84 4.03 4.21 4.41 4.64 4.84 4.95 4.87 4.51 4.03 3.71 3.57 3.52 3.56 3.68 3.81 3.92 4.03 4.19 4.31 4.37 4.35 4.22 4.05 3.97 4.05 4.19 4.31 4.46 4.61 4.74 4.88 5.04 5.23 5.45 5.64 5.69 5.59 5.40 5.20 5.05 4.92 4.81 4.71 4.63 4.62 4.66 4.74 4.88 5.07 5.31 5.61 5.96 6.33 6.62 6.76 6.68 6.38 5.95 5.58 5.53 5.92 6.60 7.20 7.40
4.80 4.42 3.76 3.41 3.32 3.37 3.51 3.62 3.75 4.01 4.33 4.47 4.42 4.34 4.26 4.13 3.96 3.87 3.91 4.05 4.18 4.29 4.40 4.58 4.78 4.94 5.03 4.92 4.58 4.10 3.74 3.54 3.45 3.47 3.56 3.64 3.68 3.79 3.96 4.10 4.19 4.21 4.21 4.28 4.40 4.57 4.73 4.79 4.79 4.80 4.88 5.00 5.16 5.35 5.54 5.65 5.68 5.62 5.54 5.40 5.15 4.89 4.71 4.66 4.74 4.83 4.83 4.87 5.05 5.35 5.65 5.90 6.11 6.27 6.35 6.32 6.14 5.84 5.51 5.40 5.64 6.22 6.91 7.38
5.21 4.92 4.47 4.27 4.21 4.13 3.98 3.82 3.72 3.73 3.86 4.01 4.06 4.06 4.07 4.08 4.06 4.02 4.05 4.16 4.28 4.41 4.50 4.59 4.70 4.83 4.97 5.04 4.97 4.66 4.18 3.82 3.60 3.46 3.44 3.51 3.55 3.64 3.82 4.01 4.16 4.28 4.39 4.51 4.63 4.73 4.78 4.73 4.69 4.73 4.81 4.89 5.00 5.18 5.35 5.47 5.51 5.46 5.34 5.14 4.91 4.73 4.60 4.58 4.68 4.83 4.86 4.84 4.93 5.17 5.40 5.48 5.47 5.43 5.41 5.43 5.48 5.44 5.27 5.11 5.13 5.46 6.10 6.69
5.38 5.29 5.16 5.11 5.11 5.00 4.65 4.33 4.10 3.91 3.75 3.71 3.80 3.92 4.01 4.09 4.14 4.14 4.17 4.27 4.39 4.50 4.55 4.60 4.64 4.69 4.79 4.90 4.97 4.87 4.55 4.13 3.81 3.56 3.46 3.54 3.66 3.74 3.85 4.01 4.22 4.46 4.65 4.73 4.74 4.69 4.61 4.50 4.46 4.56 4.66 4.69 4.74 4.91 5.12 5.20 5.17 5.07 4.90 4.67 4.55 4.51 4.49 4.49 4.54 4.65 4.73 4.74 4.76 4.82 4.87 4.81 4.71 4.64 4.64 4.74 4.95 5.10 5.02 4.83 4.76 4.92 5.35 5.88
5.20 5.26 5.26 5.19 5.21 5.31 5.30 5.04 4.68 4.28 3.93 3.74 3.75 3.90 4.07 4.21 4.29 4.32 4.35 4.37 4.39 4.41 4.43 4.49 4.54 4.55 4.59 4.66 4.74 4.75 4.62 4.34 4.06 3.83 3.71 3.75 3.87 3.95 4.01 4.16 4.44 4.71 4.85 4.84 4.73 4.60 4.49 4.39 4.36 4.45 4.54 4.56 4.54 4.72 4.95 5.03 4.90 4.71 4.52 4.37 4.30 4.33 4.35 4.35 4.35 4.42 4.51 4.59 4.66 4.68 4.59 4.44 4.37 4.40 4.47 4.62 4.88 5.08 5.04 4.82 4.73 4.81 5.03 5.48
4.97 5.04 5.07 4.91 4.77 4.84 5.10 5.15 4.92 4.53 4.18 3.99 3.95 4.03 4.19 4.35 4.47 4.50 4.45 4.34 4.21 4.15 4.22 4.35 4.45 4.46 4.43 4.40 4.46 4.56 4.56 4.43 4.27 4.14 4.06 4.09 4.20 4.25 4.29 4.45 4.65 4.74 4.70 4.60 4.51 4.46 4.44 4.40 4.37 4.42 4.51 4.54 4.56 4.67 4.88 5.00 4.87 4.54 4.26 4.12 4.08 4.13 4.17 4.16 4.17 4.26 4.37 4.47 4.56 4.63 4.63 4.57 4.52 4.54 4.59 4.71 4.98 5.26 5.32 5.12 4.91 4.86 4.99 5.40
4.84 4.91 5.00 4.91 4.61 4.31 4.30 4.51 4.62 4.53 4.32 4.17 4.13 4.17 4.25 4.37 4.48 4.47 4.35 4.15 3.99 3.93 4.02 4.22 4.41 4.50 4.48 4.41 4.45 4.56 4.61 4.52 4.40 4.33 4.32 4.39 4.55 4.66 4.65 4.61 4.54 4.42 4.32 4.27 4.28 4.34 4.42 4.44 4.41 4.43 4.49 4.55 4.55 4.62 4.83 5.06 5.11 4.88 4.54 4.28 4.12 4.04 4.02 4.04 4.10 4.22 4.34 4.41 4.43 4.45 4.56 4.68 4.67 4.64 4.62 4.69 4.96 5.34 5.55 5.45 5.13 4.94 4.97 5.30
4.80 4.84 4.88 4.82 4.57 4.11 3.78 3.76 3.99 4.17 4.19 4.15 4.14 4.17 4.19 4.22 4.23 4.17 4.01 3.84 3.72 3.71 3.82 4.06 4.34 4.58 4.69 4.66 4.67 4.73 4.76 4.64 4.48 4.42 4.42 4.52 4.69 4.82 4.73 4.47 4.21 4.09 4.12 4.20 4.27 4.31 4.35 4.42 4.45 4.44 4.46 4.46 4.42 4.49 4.75 5.10 5.35 5.39 5.17 4.90 4.57 4.21 4.03 4.02 4.09 4.22 4.34 4.41 4.41 4.41 4.52 4.69 4.76 4.79 4.82 4.90 5.05 5.29 5.54 5.54 5.23 4.98 4.93 5.08
4.75 4.79 4.66 4.29 3.96 3.68 3.47 3.41 3.54 3.76 3.93 4.03 4.09 4.12 4.11 4.06 3.98 3.91 3.83 3.76 3.73 3.76 3.88 4.05 4.25 4.51 4.72 4.75 4.70 4.72 4.79 4.74 4.59 4.49 4.46 4.51 4.61 4.68 4.62 4.38 4.12 4.00 4.10 4.27 4.33 4.29 4.24 4.27 4.37 4.42 4.40 4.35 4.32 4.43 4.70 5.04 5.37 5.57 5.59 5.46 5.17 4.64 4.21 4.08 4.12 4.23 4.36 4.48 4.58 4.67 4.74 4.79 4.90 5.06 5.22 5.27 5.22 5.20 5.38 5.51 5.31 5.03 4.90 4.86
4.62 4.74 4.72 4.15 3.52 3.32 3.31 3.35 3.47 3.68 3.88 4.01 4.06 4.08 4.10 4.08 4.05 4.10 4.22 4.29 4.27 4.26 4.25 4.20 4.15 4.24 4.45 4.53 4.41 4.35 4.54 4.68 4.65 4.56 4.51 4.52 4.58 4.68 4.72 4.64 4.37 4.11 4.08 4.19 4.26 4.22 4.13 4.11 4.19 4.26 4.27 4.28 4.32 4.44 4.64 4.91 5.22 5.46 5.61 5.64 5.54 5.18 4.64 4.34 4.29 4.31 4.36 4.47 4.60 4.70 4.74 4.78 4.92 5.13 5.30 5.29 5.14 4.98 5.08 5.36 5.38 5.08 4.81 4.71
4.57 4.78 5.09 4.83 4.20 3.75 3.56 3.46 3.45 3.62 3.85 3.98 4.02 4.06 4.13 4.22 4.34 4.50 4.65 4.70 4.59 4.42 4.31 4.21 4.07 3.98 4.06 4.13 4.00 3.89 4.06 4.36 4.54 4.58 4.58 4.60 4.69 4.84 4.98 4.99 4.76 4.34 4.03 3.96 4.03 4.09 4.08 4.04 4.06 4.09 4.14 4.24 4.34 4.41 4.52 4.74 5.02 5.26 5.42 5.54 5.62 5.55 5.18 4.73 4.48 4.36 4.30 4.28 4.29 4.33 4.44 4.66 4.92 5.04 5.01 4.91 4.80 4.64 4.63 4.91 5.13 4.92 4.52 4.45
4.61 4.86 5.34 5.36 4.89 4.39 4.02 3.76 3.59 3.58 3.68 3.82 3.94 4.05 4.19 4.36 4.53 4.63 4.63 4.57 4.47 4.30 4.20 4.19 4.12 3.94 3.82 3.81 3.77 3.69 3.75 4.03 4.35 4.55 4.65 4.70 4.79 4.91 5.02 5.08 4.98 4.61 4.12 3.81 3.78 3.93 4.07 4.08 4.06 4.10 4.16 4.24 4.30 4.31 4.36 4.52 4.76 5.01 5.20 5.35 5.48 5.55 5.37 4.92 4.50 4.30 4.19 4.08 4.03 4.12 4.35 4.67 4.86 4.77 4.56 4.46 4.47 4.40 4.31 4.39 4.66 4.65 4.25 4.05
4.63 4.85 5.33 5.54 5.21 4.70 4.46 4.35 4.20 3.93 3.73 3.72 3.86 4.04 4.22 4.40 4.53 4.58 4.61 4.69 4.79 4.78 4.64 4.48 4.35 4.16 3.96 3.91 3.92 3.88 3.87 3.99 4.23 4.46 4.62 4.72 4.77 4.78 4.81 4.90 4.96 4.80 4.38 3.93 3.74 3.83 4.04 4.14 4.16 4.21 4.27 4.29 4.26 4.23 4.24 4.32 4.48 4.69 4.92 5.11 5.24 5.35 5.30 4.95 4.46 4.18 4.06 4.00 4.02 4.17 4.41 4.58 4.50 4.25 4.09 4.13 4.27 4.32 4.25 4.22 4.41 4.51 4.24 3.94
4.58 4.70 5.12 5.58 5.61 5.23 4.93 4.73 4.46 4.08 3.73 3.67 3.83 4.00 4.14 4.27 4.40 4.58 4.86 5.20 5.48 5.56 5.39 5.11 4.83 4.62 4.46 4.40 4.40 4.35 4.22 4.15 4.19 4.31 4.41 4.46 4.46 4.49 4.56 4.69 4.86 4.90 4.69 4.30 3.99 3.89 3.96 4.15 4.25 4.28 4.32 4.35 4.33 4.28 4.23 4.23 4.30 4.43 4.63 4.88 5.05 5.16 5.19 4.94 4.42 4.05 3.95 3.98 4.06 4.15 4.22 4.19 4.04 3.91 3.86 3.92 4.08 4.23 4.26 4.24 4.33 4.43 4.26 3.98
