project/data/elevation/US_DEM2016/US_DEM2016_point_11-01-2019_1826_30m_ang.asc
ncols	125
nrows	167
xllcorner	-2042055.000000
yllcorner	1465035.000000
cellsize	30.000000
NODATA_value	-9999.000000
[rows 45 to 89 of 167, columns 0 to 95 of 125]
335 338 343 346 348 350 351 354 356 359 4 11 12 8 2 359 357 356 354 351 348 347 348 349 350 349 349 347 345 342 339 338 339 342 345 348 352 353 351 349 353 3 7 4 358 356 356 354 352 351 349 348 348 346 343 344 348 352 355 357 359 359 359 358 355 351 349 350 350 346 338 331 326 322 317 313 310 310 304 314 322 329 335 339 343 348 357 2 2 359 0 7 17 23 21 17
332 336 342 346 348 349 351 354 358 3 9 14 11 4 359 358 357 355 354 352 350 348 348 349 349 348 348 345 342 338 336 336 339 341 342 345 351 357 358 357 358 6 9 5 359 356 354 353 353 353 353 349 342 338 337 340 346 352 355 357 358 359 0 359 356 354 355 355 352 346 341 337 334 331 328 324 320 318 317 318 313 326 331 335 339 345 355 3 5 3 2 7 16 21 19 17
328 332 340 345 347 350 352 355 360 6 13 15 18 2 356 356 356 355 355 354 352 350 349 348 347 347 345 342 337 335 335 337 339 340 341 344 349 357 3 5 7 8 6 1 357 355 354 354 355 356 352 344 337 336 338 341 346 352 355 357 359 359 0 360 359 358 357 353 349 346 344 342 341 338 335 332 329 327 325 325 326 328 328 332 337 343 352 0 5 5 7 12 17 18 17 15
327 330 336 343 347 351 353 356 0 8 16 16 7 1 354 354 354 355 356 355 354 352 350 348 346 344 342 337 333 332 336 339 341 342 343 344 347 355 4 12 15 9 2 358 356 354 354 357 358 355 346 338 336 338 342 346 348 351 355 357 359 360 0 1 359 357 353 350 349 348 348 347 347 345 343 341 339 337 335 333 332 330 327 328 333 341 348 356 3 8 13 19 19 16 13 9
328 330 335 341 346 352 355 357 1 9 15 13 4 359 355 353 353 354 356 357 356 354 350 348 346 343 339 333 329 330 336 340 343 346 349 347 347 354 7 20 21 12 3 356 353 352 355 358 357 349 340 337 339 343 348 351 351 352 354 355 357 359 360 359 356 353 352 351 351 351 351 351 351 350 349 348 347 347 346 344 340 334 328 326 329 337 345 352 2 12 19 22 18 11 7 2
326 330 337 341 345 352 357 359 2 8 11 8 2 358 356 354 353 354 357 359 358 356 352 349 346 343 337 330 326 328 334 337 342 349 354 353 353 360 14 24 22 13 4 357 352 350 352 354 351 345 340 339 343 348 354 356 354 352 352 352 353 356 357 356 353 351 351 351 352 353 353 353 353 353 353 353 353 354 354 354 351 344 336 329 327 332 341 350 2 16 23 23 16 8 2 359
324 329 338 343 346 351 357 0 3 6 6 2 359 358 357 356 355 356 358 0 360 358 354 350 346 341 335 328 325 326 331 333 338 347 355 358 2 8 15 17 13 7 1 357 353 349 348 349 348 346 344 344 348 354 358 359 356 353 351 351 350 351 353 353 351 349 349 350 350 350 351 352 352 352 353 355 357 358 359 359 358 354 349 341 334 334 338 348 5 20 24 22 15 9 5 1
324 327 336 342 346 350 354 360 4 4 360 357 357 359 360 359 358 357 359 1 1 359 356 351 345 339 333 327 325 325 328 328 333 342 352 1 8 11 10 8 5 2 358 355 351 346 344 346 348 349 350 352 354 358 2 2 359 355 354 352 350 349 348 349 348 347 344 342 339 338 339 342 345 347 350 352 356 358 358 358 358 357 355 348 347 324 339 347 7 19 20 18 16 13 8 3
326 328 334 339 343 347 351 358 4 3 9 357 356 1 3 4 2 359 0 2 2 360 356 351 345 338 332 328 326 327 328 328 330 337 348 2 11 9 5 2 0 358 355 352 347 342 341 343 348 353 356 358 360 2 5 5 2 359 356 353 350 349 348 348 348 346 342 337 333 330 328 329 332 336 340 344 349 353 354 352 352 352 353 352 352 333 347 351 4 11 12 13 14 9 4 0
330 331 335 338 342 344 348 355 3 4 356 359 356 5 9 9 5 2 2 2 1 359 355 350 345 339 333 330 330 331 332 332 332 334 345 3 11 7 1 359 357 354 351 346 340 338 338 342 348 355 360 3 4 5 8 8 4 359 355 352 350 349 349 350 351 348 344 340 338 335 332 325 319 318 324 329 335 342 346 343 338 334 334 338 345 350 352 355 359 2 5 8 7 2 359 356
334 335 338 341 344 345 346 351 0 4 358 4 360 12 15 17 8 5 2 359 358 356 353 350 346 340 335 332 332 334 336 337 335 335 345 2 9 5 360 357 354 351 346 340 335 334 336 342 349 355 0 5 8 9 12 11 6 359 354 351 351 351 351 352 351 349 346 344 343 341 337 330 320 315 314 315 315 321 326 329 305 324 325 331 316 346 353 356 355 357 0 2 0 358 355 351
336 337 341 345 349 351 351 352 358 2 359 15 18 15 15 11 8 5 360 355 354 353 352 350 347 343 339 335 334 335 339 341 340 341 348 358 3 2 360 357 353 348 341 334 331 331 336 342 349 353 359 5 10 13 16 13 6 359 354 354 354 354 353 351 349 347 348 348 348 346 342 338 336 334 330 315 301 297 322 325 326 326 329 335 328 348 353 354 353 354 357 357 356 354 349 345
333 336 343 349 354 357 356 356 358 1 15 1 7 11 11 8 6 2 358 354 352 351 351 350 347 345 343 339 337 338 342 345 346 349 353 356 358 359 359 356 353 347 338 332 329 331 336 342 347 350 356 5 13 18 19 14 7 2 359 359 358 357 354 349 347 347 351 353 351 348 345 344 346 349 347 339 333 332 331 329 329 331 334 335 347 352 354 353 351 352 354 354 352 348 344 343
329 333 343 351 357 0 0 0 2 3 0 1 4 5 5 4 1 359 357 354 352 350 349 348 347 347 345 342 339 341 345 348 350 354 357 356 355 356 356 355 352 347 338 332 329 331 336 340 343 345 350 3 15 21 20 14 9 6 3 360 357 355 353 349 348 350 354 355 351 348 347 350 355 357 352 344 339 336 333 332 332 334 339 345 351 354 355 353 350 350 351 351 347 343 341 344
325 329 341 350 357 1 3 5 7 7 17 358 359 2 359 358 357 355 354 353 351 349 347 346 346 347 346 342 341 343 346 348 352 357 358 356 354 353 353 353 351 347 340 334 330 331 334 338 338 338 342 357 14 20 17 12 8 6 2 358 355 352 350 349 352 355 357 354 351 349 351 356 0 358 350 344 340 338 336 335 337 339 344 349 354 356 356 353 348 347 348 347 343 340 343 353
323 328 340 349 354 360 5 10 13 11 2 355 354 354 353 353 352 351 350 350 349 346 344 343 345 346 343 340 342 346 350 350 351 355 356 354 353 352 351 350 349 346 342 337 334 333 334 334 334 335 338 349 5 13 10 7 6 4 0 357 353 349 346 348 353 359 0 356 352 352 356 359 358 353 349 345 343 342 341 341 342 346 349 352 341 357 356 352 346 344 344 343 340 341 350 360
322 327 340 349 354 359 6 14 19 17 6 355 351 349 347 347 347 347 346 344 342 339 337 339 342 341 337 335 339 347 353 355 355 354 354 352 351 351 350 350 350 348 344 341 340 340 339 338 337 339 342 348 358 4 3 2 2 0 358 355 350 346 344 346 353 360 1 358 355 356 358 358 355 352 350 348 347 346 347 348 349 352 354 355 357 358 357 350 344 342 341 339 338 344 354 357
322 327 339 349 355 360 6 17 24 23 12 1 353 346 341 340 342 346 345 336 329 326 327 332 336 334 329 329 334 343 351 356 358 358 356 353 350 350 351 351 351 349 345 343 344 347 347 345 343 344 347 352 358 2 360 358 358 356 354 350 346 344 343 346 352 358 359 357 358 359 359 357 354 352 351 350 350 351 353 354 356 357 358 350 360 0 358 349 341 339 338 337 338 345 351 350
327 330 340 349 356 2 9 19 26 24 17 10 2 352 342 334 351 344 345 337 327 320 318 324 329 327 324 325 330 338 345 351 357 1 1 358 353 351 353 353 352 348 344 343 346 350 351 350 349 349 351 355 1 3 359 356 355 352 347 344 343 343 345 349 353 354 353 355 358 360 358 355 353 353 353 352 353 354 357 359 1 2 3 4 345 336 357 348 339 336 335 335 338 344 345 344
332 335 344 351 357 4 12 22 24 22 18 14 9 1 353 343 343 341 344 344 340 333 326 325 325 324 323 324 329 336 340 344 351 360 4 3 359 355 354 354 351 346 341 342 346 350 353 353 353 354 355 358 2 3 359 354 352 347 342 340 341 344 348 353 353 350 348 351 357 359 357 355 353 352 353 354 355 356 358 2 5 6 7 8 7 333 354 345 337 334 332 333 337 340 340 339
334 338 347 354 359 6 16 21 20 18 16 13 9 6 1 353 344 339 341 345 347 344 338 332 327 324 324 327 332 339 340 340 345 354 1 2 359 357 355 353 349 344 340 340 344 349 351 352 355 359 359 360 2 2 357 353 349 343 339 339 343 347 351 354 352 347 343 347 353 356 356 355 354 351 351 355 358 359 358 2 8 11 11 11 6 356 347 341 336 333 331 331 335 338 336 334
334 339 348 356 2 10 16 17 14 12 11 9 9 9 6 359 350 341 338 342 347 347 344 339 332 327 327 331 338 344 346 345 346 350 355 355 355 355 354 351 348 343 340 340 344 347 348 351 356 1 2 2 2 0 356 351 346 341 339 342 348 351 354 355 351 344 341 344 350 353 354 355 356 353 351 355 2 7 5 3 12 20 17 8 355 342 336 335 335 334 333 333 336 339 337 334
334 339 350 358 5 13 15 11 20 6 6 7 8 9 7 3 356 347 340 340 343 345 345 342 336 330 330 334 342 348 351 351 350 350 352 351 350 351 352 351 348 343 341 341 343 344 346 349 354 359 2 4 3 358 353 347 343 340 341 346 351 354 356 355 349 343 341 344 349 351 353 354 356 358 358 359 9 21 6 13 20 322 14 355 340 331 329 331 333 333 334 337 340 343 342 339
334 339 351 1 8 14 14 7 3 1 1 3 6 6 5 4 0 353 344 340 339 341 343 341 337 334 334 336 343 349 353 354 354 354 353 350 348 349 351 350 347 344 343 343 343 343 344 348 352 355 359 2 1 356 348 343 341 342 347 350 352 355 355 351 346 343 343 346 347 348 350 351 352 360 7 11 21 30 33 21 14 9 359 345 334 329 328 330 331 331 334 338 343 347 349 346
333 339 353 4 11 16 14 8 2 359 357 358 360 1 1 2 1 357 350 343 339 338 339 339 338 337 337 339 342 346 350 353 355 357 356 353 349 350 350 349 347 346 346 346 345 345 347 350 352 353 352 354 355 349 346 340 341 347 353 352 352 354 351 347 345 344 346 348 348 346 346 346 347 358 15 25 28 30 23 11 1 355 349 340 333 330 330 331 331 332 336 341 346 350 353 352
334 340 354 5 13 16 14 10 8 3 357 352 351 353 355 358 359 358 354 347 342 339 337 337 338 340 342 343 344 344 344 347 351 356 357 354 350 349 349 348 347 347 348 348 347 348 351 353 353 351 348 348 351 351 349 344 347 355 356 354 354 353 347 344 344 346 349 353 355 353 351 351 355 3 17 22 19 13 6 359 353 349 344 339 335 334 335 336 336 337 342 346 349 353 357 358
336 342 356 7 15 16 13 11 11 8 1 351 344 344 348 351 355 356 355 350 345 341 338 337 339 344 347 348 347 346 343 343 346 351 355 353 350 347 347 346 347 349 349 348 348 351 353 353 350 349 348 349 352 354 355 351 356 359 359 358 358 355 350 346 345 347 351 356 359 358 357 358 3 9 12 10 6 0 355 351 347 345 343 340 338 340 343 345 346 346 350 352 354 356 1 5
338 344 357 8 15 15 11 10 9 8 4 357 347 343 343 346 349 352 352 350 346 342 339 339 342 348 352 353 352 350 348 346 347 349 352 352 349 346 346 347 349 351 350 348 349 352 352 351 349 350 351 353 356 357 355 354 356 358 359 359 359 357 353 350 347 348 353 359 1 2 3 6 10 10 7 2 357 352 347 344 343 344 344 343 342 344 349 353 355 357 358 359 359 2 7 10
340 346 358 9 14 12 9 6 5 4 2 358 354 349 346 344 345 347 349 349 347 344 341 342 345 350 354 356 356 354 352 351 351 352 353 352 349 346 346 349 351 352 351 349 348 350 351 351 350 351 354 358 1 0 356 353 354 356 357 358 357 355 351 349 349 351 357 2 5 8 11 13 11 5 359 354 351 346 341 340 342 344 346 346 347 349 353 359 3 6 7 6 5 7 11 11
342 347 359 9 12 10 7 3 359 357 356 356 355 353 350 345 342 342 344 346 347 345 344 345 348 350 353 356 358 357 355 353 353 354 355 354 349 346 348 350 351 351 350 348 347 348 349 350 350 351 354 358 2 1 357 353 352 352 353 354 353 351 349 349 352 358 3 6 11 16 16 12 6 358 351 348 345 340 337 338 340 344 346 349 352 356 357 359 5 10 13 12 10 11 12 10
344 349 0 8 9 9 5 358 353 351 351 353 354 353 350 345 341 339 340 343 347 347 347 349 350 350 351 355 359 359 357 356 354 354 355 353 349 347 348 349 350 350 349 346 346 348 347 347 348 350 351 354 359 0 357 352 351 350 351 350 349 349 350 355 2 8 7 7 11 15 13 6 358 351 346 343 341 338 337 338 340 342 343 347 354 360 2 0 3 11 15 15 13 13 12 9
343 349 1 7 7 5 359 353 349 348 349 350 351 349 345 342 339 338 339 342 346 348 350 352 353 351 350 353 357 360 360 359 358 355 354 353 351 349 349 350 350 349 347 345 346 349 349 349 349 350 351 353 356 357 354 351 350 350 350 348 347 350 357 7 12 10 5 3 6 8 5 359 352 347 344 343 341 340 341 343 344 340 337 337 345 357 4 5 6 10 14 14 12 12 11 8
341 348 2 7 4 358 354 351 350 349 349 348 347 343 340 338 337 338 339 342 346 349 352 353 354 353 351 351 354 358 1 2 1 358 356 355 355 353 352 351 350 348 346 345 347 348 350 350 349 349 351 352 354 353 350 348 349 350 349 348 350 357 6 10 9 4 1 360 360 359 357 353 349 347 346 345 343 344 347 351 352 348 342 336 337 346 358 6 10 12 13 11 10 10 10 6
338 347 4 7 1 354 352 353 357 353 350 347 343 340 337 336 337 339 341 344 347 350 353 354 355 354 353 350 351 355 0 3 2 0 359 360 0 358 354 352 349 348 347 346 346 347 347 347 346 345 346 347 348 348 346 346 347 349 349 350 355 4 8 5 1 359 358 355 354 353 352 349 347 347 348 347 347 348 351 356 359 358 354 347 342 343 350 1 11 14 12 9 8 8 8 4
338 348 5 6 359 353 353 355 354 352 349 345 341 338 336 336 338 341 343 346 348 351 354 355 356 355 353 349 347 350 356 1 3 3 3 5 5 2 357 354 352 351 350 349 348 347 346 344 342 342 343 344 345 346 346 345 346 349 351 354 2 6 3 358 355 353 352 350 350 350 349 346 345 347 349 350 351 351 352 356 360 2 1 357 352 349 351 358 7 11 9 6 5 6 4 1
342 351 2 2 358 354 353 353 352 350 347 343 339 337 337 338 339 342 345 348 350 353 355 357 358 357 354 348 343 344 348 354 359 3 6 9 6 5 360 358 356 355 353 352 352 351 349 344 341 341 343 344 345 348 349 347 348 353 356 359 3 2 357 352 348 346 345 347 348 348 345 343 343 345 348 351 353 353 352 352 356 1 3 3 360 356 356 359 4 5 4 3 2 2 360 355
351 354 357 357 356 354 352 351 349 346 343 339 336 336 337 339 341 344 347 350 352 354 357 359 360 359 357 350 342 338 336 339 347 357 5 10 8 3 0 359 357 356 355 354 354 354 351 347 343 342 343 344 345 348 350 349 358 354 358 360 0 358 353 348 343 341 342 346 348 347 343 341 342 344 347 350 353 354 353 351 351 355 2 6 5 2 360 1 2 1 0 0 359 357 354 350
356 355 354 354 354 352 350 348 345 342 339 336 335 336 338 341 344 347 350 352 353 355 358 360 0 1 1 357 348 339 332 329 332 344 359 5 4 360 358 356 355 354 354 354 355 355 353 349 346 345 344 344 344 347 350 350 357 353 355 358 357 355 350 344 339 339 343 348 348 346 342 341 342 344 346 348 351 354 355 355 351 350 357 5 8 7 5 3 2 359 358 358 355 352 349 348
355 355 355 354 352 349 347 345 342 339 336 334 335 337 340 343 347 352 355 355 354 357 360 360 359 1 2 0 355 348 341 336 334 338 349 357 359 356 354 352 352 353 354 354 354 354 353 351 349 347 345 345 346 349 352 351 357 352 352 354 354 352 347 342 338 339 345 348 347 345 343 342 342 343 343 345 348 351 355 357 355 351 352 0 7 10 10 7 2 359 357 357 353 349 348 351
352 354 356 354 351 347 345 342 339 336 334 334 336 339 342 345 350 356 1 359 358 360 0 358 356 357 358 358 356 353 349 346 344 343 348 354 355 353 351 350 351 354 355 354 353 352 351 351 350 349 348 347 349 351 353 352 349 348 349 350 350 349 346 341 338 340 345 346 346 346 345 344 343 340 338 336 339 344 350 354 357 355 350 353 2 10 12 10 5 1 359 358 355 352 354 360
350 352 354 353 349 345 343 340 337 334 333 334 337 340 345 349 354 2 7 4 1 359 357 354 352 352 353 354 355 355 354 354 352 349 349 351 351 350 349 351 353 355 354 353 351 350 349 349 351 352 352 352 352 352 353 352 348 347 347 347 347 347 345 341 339 340 343 343 345 347 347 348 347 343 338 332 329 331 337 345 352 353 350 347 354 6 12 12 10 6 3 2 1 360 1 4
349 351 351 350 346 343 341 338 335 333 333 335 338 343 348 354 3 11 11 4 358 354 352 350 348 348 349 351 353 354 356 358 357 354 351 349 348 347 351 355 356 354 352 351 349 345 344 347 351 355 356 356 356 356 355 352 358 345 349 346 346 346 343 340 339 340 342 342 344 347 348 350 351 351 348 342 335 330 329 328 337 345 346 341 344 357 7 12 12 9 6 6 6 4 3 3
348 349 349 347 344 342 340 338 334 332 334 337 341 346 353 3 11 12 7 1 355 350 347 345 345 345 346 349 352 352 353 357 359 358 355 351 346 348 353 358 356 353 352 351 346 340 339 343 349 354 356 358 359 359 358 354 349 346 346 346 346 345 343 340 339 340 342 344 345 346 346 348 351 355 356 354 350 346 342 338 338 341 341 338 339 348 0 7 8 7 6 7 8 5 2 1
346 347 347 345 344 342 339 336 334 334 336 340 345 352 2 12 7 3 0 358 354 349 345 342 341 342 344 347 350 350 350 352 357 360 360 357 354 352 355 358 357 355 354 351 344 337 335 338 344 348 351 354 356 357 357 355 351 348 347 347 346 345 342 340 339 340 343 345 346 345 344 344 348 354 358 359 358 356 354 351 350 349 347 345 345 349 355 359 1 2 4 7 7 4 1 358
345 346 347 345 344 342 338 335 335 336 339 343 350 1 7 4 358 356 356 356 354 349 345 342 341 341 341 344 347 348 348 349 353 359 3 3 360 357 358 359 358 356 354 351 345 338 336 338 340 341 342 344 346 348 350 352 351 348 346 346 345 344 343 340 338 339 344 346 345 344 342 341 343 349 356 359 360 360 359 359 358 355 353 353 355 356 355 354 356 360 3 5 4 2 358 353
