project/data/elevation/US_DEM2016/US_DEM2016_point_10-30-2019_1740_30m_vel.asc
ncols	125
nrows	167
xllcorner	-2042055.000000
yllcorner	1465035.000000
cellsize	30.000000
NODATA_value	-9999.000000
[rows 0 to 36 of 167, columns 0 to 81 of 125]
8.05 7.07 5.94 6.44 8.07 10.18 12.09 13.37 13.80 13.98 14.28 15.02 15.57 15.01 14.24 13.94 13.70 13.38 12.96 12.74 12.58 12.58 12.80 13.17 13.45 13.36 12.93 11.80 10.29 8.72 7.30 6.10 5.21 4.56 4.11 4.05 4.63 5.77 6.98 7.77 8.22 8.52 8.76 8.77 8.30 7.55 6.93 7.02 7.66 8.58 9.39 10.23 10.95 11.71 12.06 12.24 12.02 10.96 9.88 9.11 8.69 8.68 9.11 10.02 10.65 10.85 10.63 9.81 8.41 7.47 7.18 7.36 7.78 8.26 8.67 8.94 9.22 9.85 10.67 11.20 11.65 11.92
8.05 7.07 5.94 6.44 8.07 10.18 12.09 13.37 13.80 13.98 14.28 15.02 15.57 15.01 14.24 13.94 13.70 13.38 12.96 12.74 12.58 12.58 12.80 13.17 13.45 13.36 12.93 11.80 10.29 8.72 7.30 6.10 5.21 4.56 4.11 4.05 4.63 5.77 6.98 7.77 8.22 8.52 8.76 8.77 8.30 7.55 6.93 7.02 7.66 8.58 9.39 10.23 10.95 11.71 12.06 12.24 12.02 10.96 9.88 9.11 8.69 8.68 9.11 10.02 10.65 10.85 10.63 9.81 8.41 7.47 7.18 7.36 7.78 8.26 8.67 8.94 9.22 9.85 10.67 11.20 11.65 11.92
8.19 7.25 6.23 6.55 7.66 9.26 10.84 11.97 12.58 12.88 13.30 13.96 14.25 13.98 13.45 13.27 13.23 13.17 12.85 12.36 12.18 12.15 12.31 12.54 12.68 12.52 11.85 10.72 9.48 8.25 7.16 6.22 5.47 4.91 4.49 4.35 4.65 5.31 6.14 6.91 7.37 7.68 7.94 8.23 8.39 8.31 8.11 8.02 8.37 8.92 9.47 10.01 10.54 10.95 11.19 11.38 11.47 11.18 10.47 9.53 8.77 8.38 8.62 9.14 9.56 9.81 9.95 9.87 9.48 8.78 8.32 8.14 8.12 8.15 8.21 8.36 8.66 9.20 9.72 10.15 10.47 10.78
9.05 8.02 7.03 7.09 7.55 8.22 8.98 9.50 9.78 10.23 11.03 11.54 11.61 11.42 11.41 11.53 11.69 12.02 12.02 11.72 11.62 11.53 11.40 11.22 11.05 10.75 10.12 9.36 8.59 7.94 7.36 6.82 6.40 6.14 5.88 5.56 5.30 5.20 5.32 5.78 6.58 7.23 7.70 8.21 8.83 9.36 9.66 9.62 9.53 9.52 9.60 9.61 9.64 9.49 9.41 9.24 9.40 9.91 10.22 10.12 9.61 8.94 8.41 8.05 7.70 7.68 8.18 8.97 9.56 9.75 9.59 9.15 8.59 8.02 7.62 7.53 7.74 8.00 8.04 7.99 8.34 9.10
9.70 8.72 7.82 7.70 7.78 7.94 8.00 8.00 7.89 8.07 8.66 9.23 9.45 9.40 9.52 9.75 9.95 10.30 10.86 11.34 11.51 11.15 10.65 10.06 9.53 9.25 9.15 8.94 8.67 8.46 8.25 8.06 7.96 7.88 7.66 7.21 6.66 6.20 5.89 6.04 6.81 7.69 8.49 9.15 9.49 9.83 10.14 10.33 10.28 10.03 9.82 9.54 9.11 8.57 8.06 7.19 6.76 7.02 7.95 9.06 9.60 9.48 8.85 7.84 6.97 6.42 6.33 6.74 7.44 8.01 8.26 8.18 7.89 7.49 7.16 7.03 7.05 7.06 6.93 6.83 7.22 8.13
9.73 8.98 8.30 8.22 8.07 7.93 7.65 7.16 6.85 6.80 7.00 7.58 8.14 8.42 8.84 9.33 9.62 9.69 10.21 10.87 11.03 10.50 9.80 9.03 8.48 8.50 8.75 8.93 9.05 9.18 9.30 9.37 9.31 9.06 8.71 8.27 7.80 7.35 6.94 6.70 6.81 7.22 8.00 8.92 9.48 9.77 10.00 10.28 10.30 10.12 9.89 9.67 9.36 8.53 7.48 6.54 6.14 6.18 6.56 7.18 7.93 8.42 8.27 7.49 6.66 6.02 5.62 5.46 5.51 5.73 6.01 6.25 6.37 6.43 6.43 6.42 6.42 6.42 6.44 6.54 6.87 7.45
9.79 9.34 8.88 8.85 8.57 8.09 7.44 6.61 6.08 5.94 5.99 6.42 7.11 7.89 8.69 9.36 9.95 10.00 9.82 9.75 9.69 9.38 8.91 8.42 8.25 8.40 8.64 8.82 9.03 9.41 9.80 10.02 9.87 9.63 9.36 9.12 8.88 8.55 8.02 7.36 6.85 6.72 6.98 7.61 8.27 8.55 8.72 8.93 9.24 9.37 9.52 9.67 9.62 9.41 8.86 8.19 8.02 7.90 7.61 7.24 6.96 6.95 6.96 6.73 6.30 5.84 5.48 5.27 5.20 5.24 5.35 5.52 5.70 5.84 5.90 5.88 5.80 5.81 6.02 6.33 6.64 6.94
9.75 9.71 9.78 9.65 9.26 8.31 7.25 6.26 5.75 5.72 5.66 5.67 6.32 7.36 8.21 8.76 9.47 9.68 9.13 8.48 8.18 8.13 8.19 8.29 8.37 8.51 8.71 8.79 8.89 9.24 9.76 10.13 10.25 10.38 10.58 10.85 10.88 10.53 9.86 8.96 7.93 7.05 6.61 6.44 6.47 6.75 6.95 7.19 7.79 8.60 9.13 9.53 9.87 10.36 10.62 10.56 10.10 9.54 8.81 7.93 7.04 6.46 6.31 6.29 6.14 5.81 5.50 5.41 5.50 5.59 5.63 5.66 5.73 5.77 5.80 5.78 5.69 5.69 5.90 6.12 6.30 6.41
9.92 10.18 10.69 10.51 9.90 8.88 7.68 6.79 6.45 6.24 5.99 5.86 6.25 6.99 7.47 7.71 8.22 8.59 8.29 7.73 7.38 7.31 7.45 7.80 8.08 8.35 8.77 9.15 9.27 9.34 9.77 10.36 10.98 11.77 12.62 13.22 13.33 12.96 12.32 11.41 10.19 8.78 7.51 6.66 6.26 6.33 6.87 7.40 8.11 8.69 8.93 8.89 8.99 9.45 9.98 10.18 9.82 9.13 8.33 7.58 6.95 6.53 6.36 6.41 6.46 6.32 6.08 5.96 5.91 5.88 5.87 5.88 5.92 6.08 6.32 6.55 6.70 6.86 6.88 6.69 6.44 6.20
9.91 10.52 11.22 11.08 10.45 9.69 8.67 8.10 8.00 7.87 7.36 6.91 6.87 6.97 6.89 6.79 7.08 7.61 7.85 7.70 7.43 7.08 6.96 7.26 7.71 8.11 8.60 9.18 9.61 9.88 10.35 11.03 11.89 12.76 13.39 13.67 13.70 13.60 13.45 13.12 12.41 11.26 9.87 8.54 7.57 7.50 7.87 8.48 8.98 9.03 8.72 7.86 7.21 6.64 6.90 7.50 7.78 7.57 7.23 6.91 6.64 6.46 6.37 6.54 7.06 7.37 7.38 7.17 6.65 6.17 6.12 6.36 6.74 7.26 7.76 8.19 8.60 8.93 8.93 8.54 7.94 7.44
9.92 10.33 11.19 11.41 11.08 10.70 10.33 10.30 10.33 10.07 9.46 8.69 7.94 7.27 6.69 6.21 6.40 7.25 8.00 8.27 8.09 7.65 7.37 7.48 7.85 8.20 8.47 8.91 9.71 10.61 11.29 11.81 12.15 12.20 11.89 11.44 11.47 12.05 12.68 13.12 13.19 12.75 11.81 10.48 9.22 8.54 8.39 8.77 9.10 8.96 8.28 7.33 6.40 5.63 5.34 5.50 6.01 6.43 6.61 6.63 6.55 6.48 6.52 6.83 7.59 8.39 8.71 8.39 7.66 6.85 6.80 7.38 8.11 8.76 9.36 9.88 10.29 10.43 10.29 9.92 9.49 9.12
9.36 9.43 10.32 11.38 11.93 12.18 12.36 12.55 12.61 12.15 11.42 10.57 9.55 8.25 7.08 6.50 6.59 7.39 8.31 8.77 8.72 8.44 8.16 8.09 8.26 8.61 8.96 9.48 10.30 11.11 11.43 11.39 10.95 10.20 9.26 8.69 8.90 9.69 10.52 11.27 11.94 12.41 12.42 11.83 10.74 9.58 8.98 8.91 8.79 8.39 7.58 7.14 6.72 6.06 5.40 5.07 5.33 5.96 6.47 6.71 6.80 6.96 7.26 7.65 8.25 8.86 9.23 9.19 8.72 8.19 7.99 8.46 9.02 9.65 10.16 10.44 10.35 9.93 9.19 8.60 8.24 8.05
8.53 8.21 8.66 10.30 11.71 12.57 12.98 13.09 13.12 12.86 12.36 11.75 10.97 9.69 8.40 7.66 7.50 7.74 8.15 8.46 8.58 8.54 8.40 8.30 8.47 8.88 9.40 9.86 10.12 10.11 9.80 9.12 8.16 7.23 6.79 6.97 7.39 7.69 7.86 8.44 9.32 10.33 11.30 11.81 11.60 10.69 9.72 9.17 8.42 7.37 6.59 6.40 6.09 5.67 5.25 5.10 5.36 5.99 6.66 7.16 7.49 7.80 8.18 8.49 8.70 8.83 9.11 9.54 9.68 9.48 9.31 9.43 9.84 10.18 10.12 9.55 8.56 7.37 6.40 5.75 5.32 5.26
8.78 8.40 8.21 8.76 9.84 10.82 11.28 11.37 11.28 11.29 11.40 11.41 11.28 10.80 9.99 9.10 8.48 8.06 7.77 7.58 7.66 7.88 8.00 8.02 8.14 8.34 8.51 8.41 7.93 7.29 6.61 5.79 5.09 4.74 4.91 5.43 5.65 5.55 5.59 5.99 6.62 7.49 8.59 9.74 10.59 10.63 10.10 9.36 8.48 7.26 6.25 5.49 5.09 5.04 5.13 5.40 5.82 6.36 7.04 7.80 8.37 8.69 8.85 9.00 9.09 9.17 9.46 10.00 10.38 10.37 10.26 10.34 10.39 9.99 8.98 7.53 6.13 5.40 5.18 5.10 5.03 5.06
9.38 9.46 8.89 8.17 7.69 7.76 7.91 7.79 7.60 7.88 8.48 9.19 9.74 10.17 10.27 9.90 9.18 8.38 7.63 6.99 6.77 7.09 7.40 7.46 7.30 6.99 6.56 5.97 5.29 4.72 4.36 4.26 4.37 4.51 4.54 4.41 4.24 4.37 4.63 4.82 4.98 5.30 5.89 6.93 8.34 9.77 10.04 9.71 9.00 8.07 6.80 5.75 5.37 5.53 5.92 6.29 6.55 6.86 7.40 8.25 9.14 9.60 9.82 9.95 10.12 10.38 10.64 10.91 11.14 11.13 10.98 10.80 10.14 8.74 7.22 6.12 5.66 5.57 5.79 6.19 6.53 6.74
9.34 9.37 8.91 7.90 6.32 5.21 4.61 4.31 4.34 4.55 5.04 5.69 6.58 7.62 8.74 9.38 9.31 8.65 7.77 6.99 6.70 6.91 7.12 7.01 6.58 5.98 5.39 5.03 4.82 4.56 4.43 4.71 5.32 5.75 5.67 5.38 5.13 5.16 5.40 5.57 5.56 5.59 5.93 6.85 8.20 9.72 10.25 10.09 9.40 8.40 7.48 6.92 6.73 6.96 7.27 7.44 7.41 7.49 7.99 8.99 10.02 10.88 11.38 11.57 11.70 11.99 12.23 12.38 12.50 12.42 11.94 10.97 9.36 7.86 7.07 6.87 6.93 6.89 6.97 7.31 7.79 8.09
8.66 8.21 7.69 7.13 5.69 4.37 3.62 3.45 3.59 3.98 4.40 4.78 5.32 6.21 7.27 8.27 8.80 8.70 8.15 7.61 7.37 7.33 7.22 6.95 6.55 6.13 5.88 5.90 6.02 5.98 5.72 5.58 5.97 6.73 7.20 7.33 7.19 6.97 6.92 7.14 7.47 7.86 8.34 9.17 10.11 10.66 10.60 10.36 9.81 9.04 8.34 8.04 8.02 8.21 8.48 8.65 8.57 8.73 9.38 10.38 11.49 12.40 12.98 13.21 13.14 13.10 13.24 13.50 13.77 13.56 12.80 11.49 9.59 8.74 8.78 9.00 8.96 8.65 8.46 8.61 8.94 9.26
8.69 8.09 7.32 6.68 6.03 5.39 5.11 5.31 5.81 6.45 6.96 7.21 7.46 7.62 7.71 7.78 8.17 8.54 8.55 8.36 8.09 7.77 7.44 7.16 6.97 6.88 6.90 6.99 7.20 7.42 7.33 6.87 6.75 7.30 8.10 8.71 8.92 8.78 8.56 8.73 9.39 10.00 10.58 11.03 11.13 10.65 10.12 10.00 9.94 9.67 9.15 8.82 8.84 9.16 9.48 9.68 9.87 10.13 10.92 11.92 12.71 13.12 13.33 13.45 13.36 13.15 12.99 13.03 13.42 13.61 13.48 13.12 12.07 11.62 11.89 12.16 12.10 11.66 11.33 11.08 10.89 10.86
9.11 8.79 8.00 7.24 7.01 7.30 7.84 8.52 9.29 9.94 10.39 10.61 10.50 9.89 8.98 8.25 8.11 8.43 8.69 8.70 8.50 8.18 7.85 7.64 7.57 7.60 7.62 7.69 7.95 8.42 8.78 8.77 8.60 8.61 9.03 9.76 10.39 10.58 10.60 10.79 11.17 11.53 11.60 11.22 10.29 9.08 8.34 8.57 9.32 9.64 9.73 9.64 9.79 10.09 10.30 10.33 10.57 11.12 11.94 12.50 12.56 12.27 11.95 11.94 12.14 12.28 12.24 11.99 11.96 12.45 13.50 14.32 14.94 15.06 15.19 15.63 15.91 15.82 15.47 14.81 14.00 13.10
8.95 8.51 7.81 7.38 7.90 8.91 10.11 11.20 12.00 12.35 12.40 12.26 11.90 11.09 10.15 9.31 8.81 8.70 8.80 8.84 8.79 8.70 8.59 8.50 8.36 8.25 8.28 8.41 8.65 9.13 9.85 10.51 10.97 11.23 11.41 11.71 11.98 12.06 12.21 12.38 12.32 11.92 11.17 10.04 8.64 7.39 6.85 7.25 8.55 9.54 10.18 10.54 10.77 10.81 10.77 10.67 11.02 11.68 11.97 11.85 11.17 10.34 9.75 9.61 10.01 10.63 11.03 10.99 10.64 10.83 12.11 13.69 14.95 15.58 16.04 16.77 17.28 17.36 17.07 16.66 15.94 14.92
8.35 7.82 7.31 7.64 8.91 10.49 11.68 12.42 12.78 12.66 12.29 11.94 11.62 11.20 10.79 10.23 9.62 9.16 9.04 9.10 9.21 9.39 9.63 9.75 9.68 9.45 9.47 9.61 9.77 10.17 10.97 11.98 12.83 13.40 13.61 13.39 13.00 12.71 12.60 12.41 11.80 10.74 9.46 8.17 7.19 6.68 6.63 7.32 8.72 9.98 11.07 11.81 12.03 11.78 11.43 11.33 11.58 11.57 11.28 10.42 9.30 8.27 7.46 7.00 7.27 7.70 8.22 8.57 8.61 8.81 9.46 10.71 12.09 13.05 13.82 14.55 15.02 15.15 15.29 15.40 15.44 15.00
9.14 8.65 8.53 9.53 10.90 11.91 12.26 12.23 11.97 11.37 10.90 10.63 10.43 10.46 10.49 10.29 9.88 9.44 9.34 9.57 10.00 10.56 11.11 11.46 11.56 11.44 11.37 11.44 11.62 11.99 12.65 13.29 13.68 13.74 13.46 12.93 12.44 11.93 11.48 10.76 9.73 8.59 7.49 6.67 6.46 6.77 7.45 8.58 9.62 10.83 11.85 12.40 12.64 12.74 12.39 12.04 11.68 11.05 10.11 8.72 7.41 6.30 5.16 4.49 4.34 4.30 4.38 4.86 5.56 6.02 6.83 7.49 8.16 8.71 9.25 9.92 10.03 10.28 10.81 11.39 12.67 13.86
10.17 10.55 11.47 12.16 12.47 12.43 11.84 11.14 10.40 9.92 9.69 9.49 9.34 9.39 9.55 9.67 9.62 9.51 9.68 10.13 10.81 11.55 12.19 12.69 12.88 12.96 13.02 13.17 13.42 13.72 13.86 13.63 13.04 12.21 11.27 10.61 10.49 10.12 9.38 8.32 7.27 6.64 6.29 6.37 6.81 7.45 8.40 9.39 10.39 11.35 11.83 12.11 12.34 12.64 12.68 12.23 11.38 10.25 8.85 7.44 6.12 4.77 3.72 3.12 2.81 2.66 2.69 3.04 3.72 4.50 5.14 5.61 5.78 5.81 5.84 6.22 6.68 7.35 8.04 8.77 9.97 11.76
10.47 11.42 12.66 12.87 12.55 11.88 10.90 10.13 9.34 9.06 9.01 8.82 8.67 8.62 8.74 9.03 9.29 9.53 9.83 10.08 10.37 10.73 11.26 11.97 12.50 12.94 13.32 13.64 13.81 13.72 13.19 12.12 10.72 9.61 8.92 8.61 8.36 7.79 6.97 6.34 5.91 5.85 6.17 6.93 7.63 8.32 9.15 9.92 10.69 11.08 10.98 10.84 11.00 11.43 11.76 11.61 10.91 9.82 8.46 7.23 6.08 4.86 3.96 3.45 3.23 3.21 3.45 3.95 4.46 4.66 4.74 4.79 4.66 4.40 4.27 4.55 5.36 6.33 6.93 7.38 8.23 9.50
10.43 11.12 12.00 12.09 11.62 10.73 9.91 9.33 8.86 8.62 8.47 8.24 8.14 8.13 8.30 8.66 9.11 9.44 9.54 9.36 9.09 8.95 9.18 9.86 10.92 11.82 12.47 12.74 12.57 11.93 10.82 9.36 7.94 7.16 6.88 6.70 6.18 5.63 5.39 5.52 5.85 6.38 7.13 7.81 8.61 9.45 10.00 10.49 10.65 10.39 10.02 9.88 9.98 10.24 10.56 10.75 10.62 10.09 9.05 7.88 6.90 6.15 5.67 5.48 5.39 5.35 5.63 5.82 5.57 5.14 4.74 4.54 4.25 3.81 3.63 4.00 4.72 5.25 5.53 5.94 6.58 7.37
10.42 10.25 10.43 10.80 10.70 10.14 9.41 8.70 8.36 8.14 7.89 7.72 7.62 7.69 8.06 8.55 9.07 9.36 9.36 9.14 8.93 8.89 9.16 9.77 10.64 11.25 11.40 11.14 10.48 9.51 8.33 7.24 6.26 5.62 5.26 5.10 5.00 5.00 5.17 5.69 6.56 7.53 8.16 8.85 9.71 10.46 10.91 10.95 10.48 9.78 9.25 9.05 9.07 9.33 9.83 10.27 10.62 10.63 10.12 9.15 8.33 7.89 7.76 7.76 7.73 7.74 7.70 7.16 6.26 5.68 5.42 4.92 4.29 3.84 3.75 4.01 4.26 4.23 4.31 4.84 5.39 5.97
10.43 9.90 9.44 9.77 10.22 10.34 10.00 9.19 8.62 8.34 8.05 7.90 7.82 7.90 8.25 8.78 9.24 9.63 9.87 9.98 10.19 10.61 11.14 11.52 11.49 11.01 10.21 9.32 8.41 7.59 6.77 6.11 5.68 5.42 5.18 5.06 5.30 5.79 6.15 6.52 7.26 8.07 8.86 9.78 10.63 11.29 11.46 11.12 10.36 9.40 8.52 8.02 8.11 8.62 9.34 10.07 10.62 11.03 11.12 10.81 10.39 10.22 10.27 10.32 10.24 9.92 9.32 8.60 7.91 7.51 6.89 5.97 4.98 4.55 4.44 4.33 4.20 4.11 4.27 4.64 4.99 5.38
10.42 9.81 9.04 9.14 9.72 10.40 10.76 10.46 9.92 9.62 9.42 9.16 9.11 9.15 9.24 9.33 9.60 10.05 10.55 10.99 11.44 11.84 11.97 11.66 10.89 9.77 8.61 7.59 6.75 6.24 6.03 5.91 5.89 6.17 6.36 6.37 6.46 6.90 7.39 7.57 7.83 8.36 9.30 10.34 11.19 11.64 11.54 11.03 10.31 9.35 8.19 7.53 7.69 8.31 9.01 9.62 10.17 10.97 11.58 11.91 12.27 12.72 13.24 13.56 13.26 12.58 11.59 10.78 10.41 9.84 8.56 7.10 6.24 6.03 5.77 5.17 4.81 4.85 5.02 5.11 5.16 5.26
10.07 9.28 8.37 8.35 8.80 9.86 10.73 11.06 10.83 10.57 10.40 10.14 10.11 10.19 10.21 10.05 9.88 10.04 10.54 11.05 11.32 11.21 10.58 9.56 8.52 7.60 6.84 6.23 5.82 5.75 6.00 6.54 7.00 7.29 7.60 7.83 7.91 8.08 8.47 8.55 8.59 8.92 9.82 10.65 11.27 11.36 10.98 10.57 10.29 9.83 8.96 8.11 7.95 8.26 8.52 8.92 9.69 10.77 11.59 12.34 13.06 13.79 14.50 14.97 15.29 15.03 14.26 13.48 12.64 11.60 10.28 8.97 8.33 7.93 7.36 6.72 6.50 6.57 6.48 6.10 5.66 5.42
9.74 9.18 8.36 8.08 8.28 8.98 10.07 10.86 11.01 10.69 10.20 9.73 9.62 9.75 9.93 9.91 9.68 9.66 9.92 10.07 9.81 9.06 8.00 6.95 6.13 5.55 5.23 5.25 5.48 5.92 6.77 7.73 8.30 8.58 8.74 8.97 9.20 9.32 9.35 9.42 9.54 9.84 10.25 10.67 10.69 10.27 9.73 9.67 10.14 10.46 10.26 9.66 8.90 8.69 8.68 9.03 9.85 10.86 11.50 12.13 12.59 13.25 13.81 14.23 14.91 15.32 15.31 15.23 14.69 13.87 13.19 12.53 11.67 10.44 9.26 8.78 8.82 8.84 8.28 7.36 6.35 5.58
10.12 9.92 9.27 8.68 8.55 8.72 9.46 10.42 10.98 10.92 10.30 9.60 9.19 9.03 9.05 9.25 9.15 9.27 9.25 8.70 7.70 6.52 5.53 4.81 4.26 3.91 3.81 4.13 4.98 6.25 7.57 8.48 9.14 9.56 9.78 9.94 10.02 9.95 9.85 9.88 10.13 10.32 10.52 10.41 9.85 8.90 8.54 8.79 9.52 10.51 10.90 10.72 10.21 9.68 9.50 9.64 10.00 10.62 11.09 11.42 11.44 11.30 10.95 11.14 12.08 13.35 14.37 15.22 15.81 15.90 15.93 15.65 14.81 13.58 12.18 11.47 11.08 10.43 9.32 7.77 6.48 5.61
10.30 9.94 9.44 9.06 8.87 8.85 9.13 9.93 10.83 11.36 11.28 10.65 10.01 9.43 9.03 8.81 8.88 8.93 8.43 7.29 5.95 4.91 4.22 3.76 3.51 3.42 3.38 3.53 4.23 5.46 6.80 7.68 8.40 9.06 9.59 9.91 9.87 9.82 9.74 9.83 10.05 10.33 10.51 10.25 9.68 8.82 8.35 8.40 8.82 9.60 10.52 10.84 10.86 10.46 10.07 9.71 9.61 9.76 10.11 10.11 9.90 9.35 8.78 8.76 9.34 10.51 12.05 13.48 14.66 15.44 16.00 16.30 16.02 15.49 14.81 13.85 12.48 10.80 9.07 7.57 6.61 5.99
9.54 8.70 7.96 8.12 8.39 8.52 8.58 9.02 10.03 11.02 11.52 11.27 10.64 9.99 9.49 9.06 8.84 8.46 7.59 6.44 5.58 5.00 4.60 4.29 4.14 4.20 4.27 4.21 4.24 4.56 5.05 5.66 6.27 6.96 7.67 8.24 8.64 8.91 9.17 9.51 9.65 9.85 9.87 9.58 9.23 8.74 8.14 7.96 8.12 8.56 9.33 10.22 10.56 10.45 9.98 9.26 8.92 8.78 8.97 8.84 8.41 7.70 7.32 7.63 8.31 9.01 9.83 10.75 11.72 12.55 13.25 13.94 14.59 14.96 15.03 14.69 13.17 10.86 9.11 8.16 7.51 6.63
8.27 7.44 6.67 6.89 7.20 7.22 7.11 7.46 8.29 9.51 10.52 10.88 10.57 10.00 9.58 9.15 8.71 8.10 7.39 6.86 6.56 6.41 6.27 6.09 5.94 5.98 5.96 5.82 5.51 5.20 5.14 5.16 5.23 5.43 5.84 6.55 7.45 8.03 8.57 9.03 9.11 8.99 8.49 7.65 6.82 6.51 6.53 6.65 6.91 7.57 8.29 9.09 9.72 9.78 9.31 8.70 8.35 8.33 8.30 8.09 7.52 6.71 6.67 7.09 7.74 8.20 8.44 8.68 9.04 9.55 9.70 10.30 11.40 12.54 13.49 14.16 13.85 12.34 10.55 9.43 8.28 7.10
8.12 7.73 7.40 7.30 6.86 6.43 6.27 6.36 6.79 7.78 9.09 10.10 10.40 10.06 9.57 9.04 8.56 8.10 7.87 7.87 8.04 8.17 8.26 8.19 8.05 7.96 7.87 7.57 7.19 6.86 6.62 6.36 5.99 5.66 5.65 6.14 6.93 7.54 8.13 8.58 8.58 8.16 7.14 5.60 4.72 4.70 5.14 5.72 6.41 7.04 7.66 8.21 8.72 9.00 8.72 8.50 8.39 8.43 8.27 8.08 7.65 7.14 7.11 7.12 7.18 7.00 6.93 7.20 7.59 7.95 8.14 8.40 9.06 10.11 11.09 12.53 13.76 13.77 12.58 10.74 8.95 8.02
9.11 9.22 9.41 9.17 8.53 7.52 6.81 6.44 6.29 6.59 7.50 8.83 9.80 10.05 9.63 8.94 8.49 8.33 8.51 9.01 9.47 9.89 10.21 10.34 10.32 10.07 9.63 9.09 8.47 7.87 7.47 7.26 7.09 6.81 6.48 6.48 6.99 7.58 8.21 8.58 8.47 7.82 6.75 5.62 5.24 5.57 6.25 6.98 7.44 7.63 7.64 7.74 8.10 8.59 8.63 8.61 8.54 8.61 8.47 8.50 8.38 8.08 7.66 6.94 6.35 5.93 5.76 6.12 6.74 7.28 7.65 7.96 8.12 8.65 9.45 10.72 12.51 13.79 13.95 13.02 11.45 10.76
9.77 10.18 10.55 10.31 9.78 8.90 7.94 7.10 6.46 6.07 6.21 7.06 8.39 9.29 9.42 8.88 8.49 8.56 9.11 9.95 10.65 11.30 11.86 12.26 12.27 11.98 11.47 10.76 9.82 8.78 7.92 7.50 7.51 7.79 8.02 7.97 8.03 8.43 9.01 9.33 9.34 8.87 8.00 7.46 7.63 8.22 8.92 9.26 9.16 8.47 7.95 7.64 7.91 8.41 8.66 8.68 8.58 8.68 8.69 8.95 8.98 8.68 8.01 6.90 5.91 5.34 5.28 5.62 6.15 6.60 7.09 7.48 7.67 7.87 8.55 9.41 10.74 12.59 14.07 14.96 15.01 14.45
