project/data/elevation/US_DEM2016/US_DEM2016_point_10-28-2019_0543_30m_vel.asc
ncols	125
nrows	167
xllcorner	-2042055.000000
yllcorner	1465035.000000
cellsize	30.000000
NODATA_value	-9999.000000
[rows 35 to 69 of 167, columns 0 to 78 of 125]
10.65 10.34 10.07 9.78 9.14 8.07 7.22 6.80 6.82 7.56 9.06 10.96 12.21 12.35 11.60 10.65 10.13 10.06 10.38 11.01 11.64 12.18 12.64 12.84 12.81 12.50 11.96 11.25 10.31 9.23 8.44 8.15 8.07 7.82 7.39 7.29 7.80 8.45 9.16 9.65 9.71 9.16 8.05 6.68 6.02 6.07 6.56 7.17 7.53 7.73 7.86 8.39 9.52 10.31 10.15 10.00 9.87 9.96 9.95 10.20 9.98 9.21 8.28 7.18 6.42 6.03 6.10 6.79 7.66 8.47 8.87 9.07 9.35 10.29 11.37 12.99 15.47 17.21 17.38
11.14 11.37 11.56 11.36 10.90 9.97 8.83 7.75 7.04 6.80 7.30 8.63 10.47 11.57 11.53 10.69 10.16 10.28 10.96 11.94 12.73 13.50 14.20 14.73 14.81 14.55 14.05 13.29 12.15 10.63 9.19 8.49 8.55 8.98 9.28 9.11 8.98 9.32 9.99 10.51 10.88 10.72 9.83 8.94 8.65 8.93 9.50 9.77 9.59 8.77 8.23 8.11 9.07 9.99 10.15 10.07 9.94 10.06 10.16 10.61 10.65 10.11 9.03 7.49 6.14 5.42 5.40 5.96 6.72 7.48 8.17 8.49 8.76 9.26 10.07 11.07 12.94 15.55 17.46
11.00 11.36 11.53 11.26 10.84 10.18 9.42 8.47 7.49 6.73 6.57 7.13 8.42 10.04 10.78 10.54 10.08 10.09 10.78 11.76 12.57 13.28 13.96 14.58 14.87 14.96 14.94 14.73 13.99 12.59 10.79 9.33 8.85 9.26 9.85 10.23 10.41 10.57 10.87 11.57 12.54 13.13 13.25 12.50 11.80 11.69 11.70 11.22 10.44 9.44 8.54 8.27 8.66 9.64 10.07 10.04 9.95 10.19 10.31 10.66 10.85 10.72 10.06 8.76 7.22 6.10 5.61 5.70 6.08 6.66 7.31 7.62 8.01 8.61 9.15 9.71 10.99 13.09 15.71
10.65 10.69 10.63 10.32 9.76 9.37 8.98 8.31 7.47 6.70 6.71 6.55 7.25 8.47 9.80 9.97 9.82 9.41 9.73 10.31 10.74 11.03 11.37 11.97 12.70 13.32 14.00 14.69 14.73 14.08 12.71 11.11 9.98 9.53 9.68 10.40 11.19 11.53 11.76 12.34 13.35 14.37 14.97 14.80 14.12 13.22 12.07 10.61 9.61 8.76 8.27 8.21 8.39 9.25 9.97 10.11 10.08 10.31 10.34 10.39 10.47 10.20 9.92 9.29 8.28 7.11 5.93 5.41 5.45 5.82 6.39 6.77 7.16 7.97 8.42 8.74 9.48 11.01 12.89
10.22 9.87 9.55 9.22 8.67 8.38 8.16 7.85 7.46 7.10 6.97 7.06 7.35 8.40 9.17 9.34 9.43 9.23 8.75 8.47 8.31 8.32 8.55 9.21 10.38 11.66 12.76 13.88 14.69 14.85 14.13 12.74 11.43 10.67 10.77 11.60 12.32 12.79 12.91 12.93 13.28 13.82 14.57 14.92 14.69 13.83 12.30 10.87 9.78 8.73 8.27 8.37 8.58 9.08 9.90 10.24 10.38 10.57 10.35 10.05 9.58 8.78 7.88 7.58 7.28 6.70 5.68 4.90 4.71 4.88 5.50 6.10 6.58 7.22 7.71 7.93 8.27 9.18 10.49
9.82 9.43 9.00 8.64 8.37 8.17 8.16 8.26 8.34 8.40 8.49 8.62 8.62 8.64 9.44 9.33 9.18 9.03 8.29 7.45 7.17 7.33 7.77 8.46 9.59 10.70 11.71 12.79 13.85 14.69 14.81 14.04 13.04 12.63 12.81 13.40 14.00 14.39 14.13 13.51 13.13 12.59 12.59 13.50 14.09 14.21 13.47 12.80 12.05 11.18 10.12 9.52 9.33 9.28 9.77 10.02 10.13 10.26 10.14 9.96 9.43 8.11 6.23 5.48 5.29 5.15 5.06 4.83 4.53 4.34 4.54 5.29 6.08 6.65 7.15 7.40 7.55 7.93 8.79
10.00 9.75 9.50 9.32 9.25 9.21 9.17 9.25 9.44 9.66 9.88 9.92 9.74 9.57 9.47 9.39 9.40 9.27 8.74 8.08 7.92 8.17 8.57 8.95 9.33 9.85 10.37 11.16 12.40 13.65 14.71 14.64 14.32 14.22 14.37 14.52 14.63 14.50 14.13 13.59 12.88 11.90 11.27 11.61 12.90 13.52 13.46 13.13 13.11 13.00 12.43 11.14 10.04 9.45 9.43 9.42 9.21 9.12 9.37 9.95 9.93 8.71 6.65 5.49 5.16 5.14 5.25 5.15 4.77 4.35 4.22 4.61 5.31 5.88 6.39 6.69 7.00 7.40 8.02
10.43 10.38 10.37 10.36 10.28 10.16 10.01 9.99 10.22 10.53 10.68 10.57 10.19 10.13 10.22 10.25 10.20 10.13 9.95 9.74 9.72 9.87 10.05 10.22 10.39 10.41 10.42 10.69 11.51 12.54 13.97 14.53 14.94 15.27 15.15 14.47 13.56 12.76 12.33 12.32 12.11 11.31 10.35 10.34 11.36 12.23 12.29 11.64 11.67 12.01 12.12 11.43 10.33 9.41 9.20 9.23 8.99 8.76 9.08 10.30 10.89 10.24 8.62 7.47 7.07 6.75 6.24 5.64 5.32 5.11 4.76 4.45 4.40 4.47 4.73 5.15 5.88 6.66 7.24
10.54 10.58 10.69 10.74 10.75 10.76 10.82 10.96 11.17 11.33 11.28 11.04 10.61 10.73 10.62 10.71 10.82 10.89 10.96 11.02 11.22 11.47 11.57 11.55 11.52 11.34 11.24 11.29 11.63 12.09 13.12 13.86 14.46 14.87 14.76 13.96 12.57 11.22 10.50 10.71 11.20 10.90 9.93 9.40 10.14 11.14 11.18 10.05 9.03 8.55 8.75 9.31 9.44 9.21 9.25 9.67 9.92 10.06 10.51 11.48 12.16 11.90 10.80 9.81 8.84 7.95 7.30 6.93 6.69 6.11 5.26 4.35 3.73 3.37 3.20 3.65 4.48 5.42 5.93
10.57 10.67 10.92 11.12 11.43 11.87 12.28 12.50 12.44 12.21 11.89 11.54 11.10 10.88 10.78 10.92 11.11 11.30 11.44 11.56 11.75 11.90 11.92 11.79 11.56 11.28 11.23 11.34 11.66 12.00 12.80 13.07 13.28 13.21 13.24 13.19 12.64 11.45 9.95 9.42 9.85 10.20 9.69 8.95 9.21 10.20 10.03 8.80 7.37 6.57 6.54 7.08 7.83 8.40 9.15 10.08 10.78 11.30 11.75 12.24 12.87 12.89 11.95 10.71 9.44 8.74 8.51 8.20 7.42 6.13 5.16 4.55 4.05 3.60 3.35 3.51 4.13 4.81 5.10
10.82 11.12 11.63 12.01 12.35 12.74 13.09 13.27 13.15 12.78 12.35 11.97 11.64 11.43 11.53 11.63 11.69 11.75 11.78 11.68 11.43 11.15 11.00 10.98 11.01 10.93 10.89 11.03 11.52 12.00 12.57 12.36 11.96 11.54 11.39 11.91 12.27 11.92 10.34 8.98 8.62 9.14 9.13 8.47 8.63 9.49 9.52 8.71 8.04 7.73 7.38 6.99 6.92 7.53 8.77 10.03 10.67 11.08 11.39 11.95 12.64 13.04 12.46 11.35 10.45 9.96 9.34 8.37 7.12 6.16 5.72 5.64 5.49 5.19 4.87 4.77 5.02 5.31 5.49
10.87 11.32 12.03 12.45 12.55 12.54 12.50 12.52 12.56 12.45 12.23 11.94 11.92 12.10 12.37 12.48 12.41 12.23 11.94 11.55 10.98 10.43 10.15 10.22 10.50 10.69 10.80 11.05 11.52 11.80 11.88 11.47 10.99 10.47 10.01 10.11 10.77 11.39 10.89 9.43 8.27 8.28 8.58 8.61 8.98 9.70 9.93 9.43 9.03 8.50 7.80 7.17 7.07 7.80 9.02 9.80 10.23 10.58 10.98 11.69 12.36 12.98 12.87 12.15 11.24 10.32 8.90 7.98 7.58 7.52 7.62 7.58 7.42 7.19 7.01 6.86 6.71 6.52 6.37
10.50 10.79 11.42 11.87 11.90 11.68 11.37 11.15 11.16 11.35 11.40 11.28 11.58 11.65 11.96 12.20 12.28 12.09 11.69 11.23 10.74 10.26 9.93 9.87 10.04 10.28 10.52 10.88 11.22 11.18 10.88 10.49 10.42 9.92 9.12 8.81 9.20 10.23 10.83 10.36 9.00 8.51 8.78 9.35 9.81 10.41 10.46 9.57 8.43 7.47 7.11 7.15 8.00 9.41 10.29 10.43 10.57 10.88 11.29 11.83 12.43 13.10 13.02 12.29 11.27 10.03 9.09 8.91 9.36 9.88 10.15 10.11 9.95 9.71 9.41 9.14 8.84 8.42 8.09
10.23 10.28 10.40 10.80 11.07 10.93 10.55 10.20 10.10 10.26 10.41 10.44 10.40 10.53 10.65 10.89 11.20 11.38 11.29 10.97 10.53 10.09 9.74 9.54 9.52 9.64 9.76 10.08 10.46 10.46 10.42 10.38 10.42 9.99 8.89 7.95 8.03 8.95 10.10 10.45 9.65 8.82 8.60 8.89 9.31 10.07 10.39 9.38 8.03 7.46 7.69 8.78 10.39 11.59 12.10 11.68 11.34 11.30 11.56 12.14 12.85 13.61 13.56 12.81 12.19 11.91 12.11 12.65 13.22 13.67 13.77 13.70 13.53 13.32 12.98 12.60 12.22 11.62 10.83
10.43 10.42 10.11 10.05 10.42 10.71 10.56 10.18 9.96 9.96 10.22 10.40 10.45 10.30 10.29 10.40 10.65 10.93 11.05 10.84 10.35 9.82 9.41 9.19 9.10 9.11 9.07 9.26 9.70 9.83 10.07 10.35 10.67 10.68 9.76 8.18 7.66 7.92 8.85 9.55 9.25 8.36 7.69 7.48 7.93 9.08 10.18 9.94 9.04 8.91 10.01 11.66 12.88 13.43 13.23 12.39 11.75 11.54 11.77 12.51 13.33 14.33 14.61 14.48 14.35 14.78 15.49 16.24 16.87 17.20 17.31 17.27 17.15 17.00 16.72 16.29 15.77 15.14 13.99
10.56 10.68 10.42 9.99 10.08 10.62 11.00 10.88 10.60 10.64 11.11 11.53 11.66 11.51 11.31 11.18 11.09 11.05 11.00 10.80 10.36 9.78 9.23 8.90 8.81 8.89 8.89 9.00 9.13 9.05 9.00 9.47 10.12 10.93 10.98 9.78 8.63 8.08 8.37 9.02 9.00 8.50 8.06 7.83 8.08 8.99 10.49 11.08 11.03 11.65 12.95 13.82 14.20 13.81 13.17 12.27 11.75 11.59 11.54 11.85 12.54 13.79 14.68 14.90 15.10 15.44 15.87 16.40 16.79 17.05 17.25 17.42 17.46 17.42 17.22 16.93 16.59 16.24 15.60
10.42 10.51 10.43 10.26 10.12 10.40 10.97 11.29 11.23 11.29 11.94 12.64 12.83 12.68 12.39 11.94 11.48 11.15 10.98 10.84 10.55 10.03 9.36 8.80 8.61 8.78 8.89 8.89 8.60 7.96 7.80 8.08 8.73 10.15 11.10 11.07 10.07 9.38 9.44 9.90 10.14 10.24 10.28 10.12 10.11 10.68 12.10 13.43 14.58 15.26 15.35 15.02 14.28 13.18 12.46 11.68 11.21 10.82 10.44 10.25 10.63 11.57 13.11 13.71 13.78 13.40 12.88 12.62 12.35 12.48 12.86 13.49 13.77 13.88 13.82 13.85 14.11 14.13 14.07
10.15 9.88 9.67 9.72 9.75 9.96 10.50 11.11 11.37 11.38 11.86 12.56 12.84 12.83 12.50 11.90 11.21 10.79 10.69 10.66 10.44 10.05 9.49 8.87 8.53 8.58 8.71 8.69 8.15 7.12 6.84 7.02 7.50 8.56 10.17 10.90 10.81 10.68 10.92 11.50 11.93 12.11 12.12 12.20 12.46 13.07 14.10 15.30 16.25 16.52 16.16 15.13 13.95 12.69 11.90 11.15 10.55 9.93 9.60 9.39 9.58 10.18 11.15 11.96 11.88 10.56 9.16 7.91 7.28 7.20 7.57 8.32 8.88 9.03 9.27 9.50 10.13 10.45 10.47
9.99 9.44 8.86 8.69 8.81 9.21 9.87 10.66 11.21 11.24 11.83 11.57 11.63 11.68 11.48 11.01 10.46 10.05 9.95 10.04 9.97 9.72 9.47 9.18 8.83 8.58 8.56 8.62 8.21 7.33 6.86 6.88 7.15 7.74 8.88 10.06 10.69 10.84 11.13 11.77 12.39 12.55 12.66 12.91 13.43 13.95 14.51 15.02 15.31 15.38 15.18 14.61 13.60 12.58 11.79 11.10 10.53 10.05 9.97 9.91 10.06 10.32 10.69 11.23 10.91 9.45 7.82 6.71 6.20 5.87 5.48 5.21 5.40 5.73 6.04 6.43 7.17 7.76 7.77
10.09 9.56 8.88 8.56 8.44 8.48 8.84 9.71 10.43 10.58 10.30 10.31 9.74 9.79 9.68 9.58 9.36 9.01 8.92 9.25 9.66 9.75 9.72 9.63 9.29 8.91 8.75 8.89 8.91 8.58 8.10 7.67 7.44 7.43 7.97 9.13 9.89 10.05 10.15 10.56 11.23 11.69 11.99 12.43 13.00 13.32 13.36 13.04 12.44 12.64 13.35 13.78 13.42 12.72 12.01 11.41 10.92 10.64 10.71 10.61 10.55 10.59 10.65 11.17 11.09 9.94 8.74 7.95 7.35 6.60 5.52 4.24 3.54 3.43 3.71 4.13 4.88 5.61 5.76
10.45 10.11 9.75 9.52 9.18 8.59 8.05 8.26 8.97 9.32 9.19 9.43 8.33 8.30 8.26 8.67 8.26 8.10 8.10 8.68 9.57 10.21 10.38 10.16 9.84 9.48 9.28 9.40 9.49 9.44 8.94 8.25 7.60 7.18 7.45 8.40 9.17 9.50 9.46 9.58 9.97 10.55 11.01 11.60 12.03 12.04 11.61 10.91 10.66 10.97 11.83 12.69 12.87 12.61 11.94 11.45 11.00 10.72 10.67 10.34 9.98 9.78 10.00 10.82 11.28 10.70 9.84 9.12 7.97 6.76 5.45 4.36 3.48 2.90 2.73 2.79 3.10 3.62 3.87
10.88 10.97 11.14 11.07 10.63 9.83 8.65 8.17 8.38 8.78 8.83 9.38 9.09 8.38 8.37 8.25 8.26 8.27 8.36 8.89 9.81 10.76 11.09 11.03 10.80 10.58 10.32 10.14 9.96 9.82 9.29 8.85 8.44 8.04 8.00 8.68 9.62 10.15 10.11 10.02 10.12 10.39 10.65 11.09 11.13 10.69 9.89 9.46 9.25 9.49 10.31 11.37 11.99 11.86 11.31 10.89 10.47 10.03 9.66 9.07 8.63 8.52 9.10 10.18 11.11 11.04 10.32 9.37 8.04 6.93 6.09 5.64 5.29 4.59 3.71 2.92 2.51 2.59 3.49
11.08 11.52 12.07 12.23 12.02 11.44 10.50 9.76 9.40 9.41 10.54 9.37 9.48 9.78 10.01 10.07 10.06 10.14 10.08 10.20 10.75 11.50 11.98 12.21 12.24 12.13 11.74 11.21 10.88 10.92 10.96 10.85 10.64 10.27 9.83 10.05 10.88 11.46 11.65 11.60 11.49 11.14 10.88 10.79 10.36 9.43 8.71 8.05 7.81 8.04 8.84 10.03 10.97 10.91 10.57 10.23 9.74 9.11 8.50 8.14 8.12 8.46 9.36 10.34 11.06 10.92 10.17 9.21 8.20 7.78 7.74 7.68 7.11 6.22 5.25 4.59 4.39 4.51 4.93
10.88 11.20 11.73 12.18 12.57 12.62 12.09 11.32 10.58 10.08 9.92 10.13 10.69 11.32 11.95 12.26 12.47 12.63 12.66 12.53 12.59 12.66 12.90 13.21 13.41 13.25 12.88 12.29 11.93 11.90 12.10 12.01 11.84 11.55 11.03 10.82 11.17 11.70 12.21 12.53 12.47 11.98 11.28 10.49 9.28 8.21 7.43 6.87 6.61 6.61 7.32 8.55 9.61 10.06 10.07 9.88 9.54 9.11 8.84 9.00 9.34 9.98 10.86 11.60 11.84 11.39 10.49 9.83 9.41 9.34 9.42 9.13 8.25 7.21 6.52 6.25 6.33 6.70 7.52
10.55 10.52 10.76 11.24 11.96 12.59 12.68 12.06 11.12 10.27 11.44 10.03 10.80 11.77 12.55 13.09 13.43 13.68 13.92 13.94 13.71 13.39 13.27 13.40 13.53 13.46 13.24 12.79 12.48 12.14 11.46 10.83 10.57 10.65 10.66 10.74 10.88 11.25 11.72 12.29 12.60 12.29 11.52 10.27 8.41 6.89 6.08 5.76 5.47 5.44 5.79 6.78 8.18 9.28 9.85 10.04 10.06 10.04 10.14 10.19 10.52 11.23 12.07 12.98 13.36 13.38 12.30 11.49 11.27 11.14 10.53 9.73 8.98 8.59 8.47 8.59 9.05 9.80 10.82
10.41 10.27 10.23 10.30 10.58 11.09 11.64 11.67 11.08 10.20 9.49 9.28 9.66 10.39 11.12 11.63 11.97 12.09 12.14 12.27 12.38 12.32 12.21 12.15 12.15 12.26 12.23 12.20 12.27 12.28 11.64 10.45 9.67 9.56 10.12 10.79 11.30 11.50 11.61 11.80 12.00 11.69 11.15 10.14 8.40 6.53 5.50 5.16 5.10 5.17 5.35 6.01 7.35 8.84 9.92 10.62 11.06 11.30 11.30 11.02 11.09 11.91 12.84 13.76 14.62 15.38 15.04 13.67 12.86 12.55 11.76 11.01 10.82 11.31 11.88 12.44 13.09 13.66 13.95
10.17 9.93 9.72 9.61 9.29 9.26 9.80 10.39 10.36 9.65 8.71 7.96 7.63 7.71 8.06 8.39 8.68 8.63 8.16 7.92 8.56 9.29 9.46 9.33 9.24 9.71 10.28 10.65 11.18 11.97 12.42 12.25 11.57 10.93 10.78 11.14 11.50 11.58 11.37 11.10 10.95 10.87 10.77 10.46 9.36 7.80 6.77 6.52 6.55 6.67 6.84 7.29 8.11 9.16 10.05 10.81 11.52 12.16 12.39 12.48 12.74 13.31 13.53 13.76 14.63 15.85 16.16 15.59 14.84 14.55 14.37 14.24 14.57 15.12 15.50 15.74 15.91 15.87 15.40
9.73 9.28 8.90 8.89 8.74 8.59 8.71 9.22 9.50 8.98 7.93 6.76 5.75 5.09 4.87 5.07 5.52 5.81 5.67 5.23 5.16 5.64 6.11 6.37 6.85 7.64 8.69 9.25 9.75 10.34 11.41 12.39 12.74 12.52 11.74 11.17 10.77 10.62 10.31 9.97 9.91 10.42 10.93 11.31 11.12 10.78 10.19 9.80 9.56 9.48 9.55 9.62 9.69 9.88 10.09 10.44 11.04 11.88 12.74 13.48 14.02 13.93 13.37 12.78 12.84 14.00 15.31 15.67 15.94 16.20 16.50 16.69 16.88 16.89 16.70 16.37 15.99 15.49 14.70
9.76 9.33 8.81 8.61 8.63 8.68 8.71 8.91 9.16 8.93 8.06 6.83 5.54 4.42 3.68 3.43 4.17 5.01 5.83 5.66 4.84 4.16 4.08 4.73 5.78 6.95 8.13 8.61 8.74 8.64 9.16 10.26 11.43 12.02 11.55 10.48 9.46 8.96 8.97 9.03 9.28 10.14 11.13 12.02 12.49 12.90 12.92 12.46 11.93 11.57 11.04 10.57 10.34 10.31 10.29 10.40 10.85 11.67 12.52 13.08 13.22 12.75 11.97 11.18 11.10 11.84 13.18 14.29 15.08 15.71 15.95 15.86 15.66 15.38 14.98 14.40 13.65 12.83 12.50
10.26 10.09 9.79 9.41 9.21 9.23 9.27 9.37 9.47 9.43 9.04 8.26 7.28 6.09 4.95 4.15 4.03 5.48 7.13 7.77 7.17 5.84 4.83 4.80 5.74 7.18 8.29 8.58 8.39 7.88 7.68 7.99 9.04 9.94 10.23 9.84 9.12 8.60 8.62 9.11 9.72 10.60 11.22 11.93 12.47 12.97 13.12 13.07 12.78 12.17 11.05 10.32 10.20 10.41 10.55 10.68 11.04 11.73 12.11 11.97 11.42 10.66 10.16 10.00 10.20 10.73 11.48 12.42 13.18 13.57 13.58 13.20 12.49 12.05 12.02 11.82 11.03 10.03 9.66
10.52 10.58 10.63 10.46 10.20 10.00 10.01 10.24 10.42 10.61 10.67 10.47 9.98 8.98 7.69 6.46 5.77 6.18 7.55 9.08 9.45 8.75 7.49 6.67 6.94 7.94 8.82 9.23 9.19 8.48 7.76 7.23 7.31 8.03 9.07 9.91 10.29 10.45 10.53 10.70 11.05 11.38 11.31 11.41 11.63 11.81 11.99 12.28 12.44 12.26 11.37 10.62 10.39 10.51 10.65 10.73 10.96 11.35 11.39 10.83 10.18 9.62 9.42 9.45 9.53 9.78 10.12 10.75 11.34 11.51 11.49 11.25 10.51 9.63 9.33 9.72 9.40 8.25 7.23
10.54 10.67 10.86 10.77 10.63 10.53 10.72 11.15 11.67 12.24 12.65 12.76 12.30 11.37 10.09 8.72 7.48 6.92 7.43 9.13 10.50 10.96 10.52 9.55 8.91 9.22 9.80 10.34 10.70 10.25 9.49 8.62 8.03 8.27 9.26 10.48 11.48 12.18 12.34 12.13 11.82 11.55 11.14 10.99 10.95 10.76 10.76 10.93 11.29 11.60 11.53 11.06 10.66 10.63 10.74 10.91 11.11 11.18 10.75 10.04 9.48 9.17 9.12 9.00 8.96 9.21 9.58 9.94 10.04 10.10 9.99 9.92 9.72 8.78 7.70 7.72 8.04 7.37 5.99
10.55 10.72 10.96 10.76 10.55 10.57 10.90 11.43 12.21 12.98 13.69 14.00 13.94 13.42 12.46 11.10 9.49 8.18 7.91 8.95 10.44 11.78 11.97 11.48 10.85 10.81 10.94 11.13 11.51 11.61 11.42 10.93 10.30 10.05 10.33 10.86 11.32 11.71 11.88 11.69 11.34 11.08 10.86 10.71 10.42 9.73 9.44 9.39 9.50 9.92 10.51 10.64 10.48 10.52 10.79 11.11 11.14 10.67 9.77 9.03 8.74 8.72 8.80 8.94 9.07 9.37 9.59 9.41 8.88 8.72 8.67 8.53 8.78 8.58 7.48 6.72 6.88 6.83 5.62
10.51 10.69 10.88 10.66 10.36 10.28 10.38 10.55 10.93 11.58 12.45 13.33 14.10 14.47 14.32 13.56 12.08 10.20 9.07 9.14 9.88 11.28 12.16 12.34 12.15 11.92 11.52 11.10 11.04 11.42 11.92 12.13 11.92 11.33 10.86 10.60 10.42 10.33 10.42 10.67 10.79 10.83 10.85 10.70 10.11 9.15 8.62 8.35 8.19 8.25 8.70 9.21 9.56 9.86 10.35 10.49 10.10 9.29 8.34 7.94 7.96 8.15 8.52 8.95 9.14 9.25 9.27 8.67 7.49 6.88 6.94 6.62 6.60 7.27 7.25 6.58 6.33 6.37 5.90
10.36 10.45 10.49 10.47 10.29 10.12 9.91 9.50 9.00 8.79 9.21 10.54 12.27 13.73 14.66 14.86 14.20 12.66 10.82 9.89 9.92 10.84 11.74 12.44 12.58 12.15 11.40 10.70 10.07 10.07 10.59 11.21 11.53 11.22 10.72 10.30 10.00 10.00 10.37 10.76 10.86 10.92 11.04 11.10 10.59 9.68 8.99 8.32 7.62 7.15 7.20 7.82 8.64 9.32 9.57 9.17 8.29 7.47 7.07 6.98 7.00 7.03 7.47 7.96 8.10 8.44 8.85 8.41 6.93 5.65 5.30 5.08 5.03 5.61 6.32 6.46 6.43 6.24 6.57
