project/data/elevation/US_DEM2016/US_DEM2016_point_11-01-2019_0109_30m_ang.asc
ncols	125
nrows	167
xllcorner	-2042055.000000
yllcorner	1465035.000000
cellsize	30.000000
NODATA_value	-9999.000000
[rows 0 to 42 of 167, columns 0 to 95 of 125]
326 324 320 322 326 329 331 333 336 339 342 345 345 342 341 342 345 347 346 342 335 332 333 338 343 344 346 346 338 321 299 282 275 272 269 263 262 268 277 283 286 287 289 292 295 298 298 296 301 310 321 330 337 341 343 345 346 344 341 338 336 333 331 329 330 333 335 336 333 330 328 328 329 330 330 331 332 331 330 333 339 342 336 331 334 340 343 344 340 328 320 316 309 302 301 308
326 324 320 322 326 329 331 333 336 339 342 345 345 342 341 342 345 347 346 342 335 332 333 338 343 344 346 346 338 321 299 282 275 272 269 263 262 268 277 283 286 287 289 292 295 298 298 296 301 310 321 330 337 341 343 345 346 344 341 338 336 333 331 329 330 333 335 336 333 330 328 328 329 330 330 331 332 331 330 333 339 342 336 331 334 340 343 344 340 328 320 316 309 302 301 308
329 324 320 321 324 325 327 328 331 335 339 344 345 341 338 340 345 349 350 346 337 330 330 335 341 345 349 352 345 326 304 287 279 277 275 273 272 274 278 282 285 287 290 294 299 305 308 309 309 312 318 325 333 339 342 344 346 346 344 340 336 333 330 327 327 329 332 335 335 332 330 330 330 329 328 328 329 328 326 328 336 341 336 329 331 338 345 348 345 333 325 322 318 313 311 314
335 327 320 320 321 321 319 319 321 325 331 339 344 339 332 333 342 352 357 351 337 327 325 330 338 348 0 9 2 339 316 301 293 292 293 293 291 289 288 288 291 296 300 303 307 313 318 320 317 313 314 318 325 332 337 341 344 346 346 343 340 335 331 325 320 320 323 328 332 332 332 331 331 329 326 323 322 321 318 318 328 336 332 325 326 336 349 357 352 340 332 330 327 322 320 319
336 329 322 321 321 319 316 314 313 315 320 330 339 337 326 325 336 351 357 350 335 325 323 329 339 356 15 22 11 348 329 317 311 309 309 309 307 304 303 303 303 306 310 311 312 315 319 320 318 314 312 315 321 327 332 335 336 336 338 340 339 337 334 327 319 313 312 314 318 322 325 326 326 325 322 318 316 314 312 312 319 326 325 320 322 335 353 1 353 341 336 334 328 322 320 319
331 327 323 321 321 320 316 312 309 308 310 320 333 334 323 321 331 347 353 345 332 324 323 330 347 10 25 23 9 350 336 326 321 319 319 317 315 314 314 313 310 308 309 311 313 315 318 318 315 312 311 314 320 326 330 331 330 329 329 330 330 332 332 327 318 310 305 303 303 305 308 311 313 313 312 311 311 310 309 310 314 317 317 314 316 331 354 1 351 340 338 334 326 320 317 316
326 325 323 323 323 321 318 313 307 302 303 311 324 328 322 320 330 345 349 340 327 321 323 336 359 20 26 17 2 347 335 328 325 325 325 323 322 321 321 320 316 310 308 307 308 310 312 311 309 307 309 314 323 332 337 337 336 335 333 331 326 322 322 320 314 308 304 303 302 301 301 303 305 306 306 306 306 305 306 309 311 312 310 308 310 325 351 358 347 339 337 332 322 317 314 310
322 322 324 325 325 323 319 314 307 302 301 305 315 321 318 318 328 343 349 337 322 317 324 343 9 23 21 9 355 342 333 328 327 328 330 330 330 330 329 328 325 318 311 307 304 304 304 303 302 303 307 314 326 337 343 343 342 341 341 339 331 320 315 312 309 306 305 305 307 308 306 305 305 306 305 305 304 304 305 308 309 309 308 307 308 321 344 350 341 336 334 328 320 315 310 298
317 320 325 328 328 326 322 316 310 307 306 307 311 314 315 315 323 341 349 335 318 315 326 350 15 19 11 0 349 340 332 328 328 330 333 335 337 337 337 337 334 328 320 314 311 308 306 305 303 304 306 313 325 336 341 342 342 344 346 343 333 322 316 313 310 306 306 308 312 314 312 307 306 307 307 308 309 309 310 311 311 309 308 305 313 323 339 342 336 334 332 326 320 316 313 303
312 316 325 330 331 330 327 321 317 315 315 314 313 313 312 312 320 339 346 332 319 318 331 358 13 9 360 352 344 337 332 329 328 329 332 336 338 340 340 341 340 337 331 326 322 318 313 308 306 305 307 311 319 327 331 333 336 343 347 337 326 321 318 316 314 311 310 313 318 320 316 311 311 312 314 316 316 317 318 319 318 316 315 317 322 330 338 336 332 332 332 327 324 328 331 330
306 311 323 331 334 334 331 327 325 325 324 322 320 318 315 312 318 335 340 331 323 326 344 2 4 358 352 344 338 334 331 328 326 326 329 333 334 335 337 340 341 340 337 333 330 325 317 309 306 306 307 311 316 321 321 317 320 335 338 328 321 317 317 318 318 315 315 319 324 327 322 317 315 317 320 321 321 322 324 326 325 323 322 324 328 336 338 333 329 332 336 335 336 338 338 338
300 305 318 329 335 336 334 332 331 333 333 330 328 326 323 320 323 331 335 330 328 336 354 2 357 351 346 339 333 330 328 325 322 322 325 326 324 325 329 333 336 337 337 335 333 329 320 309 305 305 307 312 318 324 324 314 310 322 326 323 319 317 318 321 321 318 318 322 329 332 328 320 317 319 322 323 322 321 322 321 319 318 318 321 328 337 338 330 328 334 342 343 342 342 341 341
299 302 311 323 331 334 333 333 335 337 338 337 336 335 333 331 331 331 331 329 331 344 359 357 350 345 339 333 329 325 322 318 313 311 312 313 313 314 317 320 324 328 330 332 332 329 321 310 304 303 304 309 314 319 322 322 323 325 325 322 319 318 319 322 322 320 319 324 331 335 331 323 319 320 322 322 318 313 306 300 297 299 302 309 319 331 335 332 331 336 342 344 344 343 342 342
303 305 310 317 323 326 327 329 333 336 337 338 340 342 342 340 339 337 331 327 332 351 358 348 342 337 331 326 320 314 308 300 292 290 294 298 299 299 301 304 308 313 317 322 325 324 318 311 306 304 304 304 302 306 318 326 330 330 326 322 319 318 319 322 324 323 324 327 332 335 331 324 321 321 321 317 308 300 295 292 293 296 300 305 314 324 333 336 336 337 340 343 343 341 340 340
305 308 312 315 314 313 313 315 318 322 325 330 336 342 344 344 347 346 338 331 337 352 350 339 334 328 319 311 304 298 292 286 285 290 294 293 291 292 295 296 298 301 304 308 313 316 315 313 311 310 310 311 315 318 323 329 336 334 326 321 320 320 321 324 326 328 329 332 335 335 331 325 323 322 318 311 306 305 304 302 303 306 309 313 317 324 333 339 338 336 338 340 339 337 336 336
302 305 311 313 307 298 290 288 291 296 301 308 319 330 336 342 352 356 351 346 347 348 342 337 331 323 311 304 301 299 298 298 298 302 304 303 303 304 306 306 306 306 308 310 313 314 315 316 315 314 319 328 329 326 327 333 340 336 326 322 321 323 325 328 330 332 335 338 339 337 332 328 327 326 321 318 317 318 314 309 309 311 315 319 322 326 335 342 340 335 335 337 336 333 333 332
299 301 305 307 299 287 280 281 285 290 294 300 309 319 325 336 352 3 4 1 355 348 343 340 336 328 319 314 313 312 312 310 308 309 313 315 316 318 318 317 317 318 319 320 320 319 318 319 319 320 328 334 331 327 329 336 343 337 327 324 324 326 329 332 333 335 338 341 342 340 336 335 337 336 331 329 329 328 322 316 313 315 319 322 326 330 337 344 343 336 333 335 335 333 333 330
302 302 305 304 296 291 292 296 302 306 310 315 320 325 329 336 351 6 10 6 359 353 347 341 337 332 326 322 321 321 321 319 316 315 318 321 323 325 326 325 324 325 325 324 323 321 321 322 322 324 331 333 329 327 330 339 343 334 327 325 325 327 330 333 335 336 338 341 342 342 342 344 346 342 337 337 339 338 333 326 321 320 322 325 329 334 339 344 344 337 333 335 336 338 339 334
305 307 312 311 304 304 307 312 317 321 325 328 332 336 341 346 354 6 11 6 2 360 351 341 336 332 328 326 325 326 326 327 325 323 323 325 327 329 331 330 328 327 327 326 324 321 319 318 318 322 329 330 328 327 332 340 340 330 325 324 325 327 329 332 334 336 337 339 341 342 343 346 347 344 341 343 345 345 341 336 331 327 326 329 332 336 339 342 342 339 336 336 339 342 341 335
306 308 314 315 311 311 315 320 324 328 332 335 339 344 351 356 2 9 10 6 5 2 351 341 336 333 330 328 328 328 328 329 331 331 331 331 331 332 332 332 330 328 327 326 324 320 314 310 313 320 326 329 328 329 334 339 335 327 323 323 323 324 325 327 328 331 334 337 339 338 338 341 342 342 342 345 347 346 344 342 338 333 331 332 335 338 340 340 341 342 342 339 340 341 337 334
310 311 314 316 315 315 318 323 327 331 335 338 343 350 358 4 10 13 10 6 5 359 349 341 338 335 332 331 331 331 330 330 332 334 335 335 334 332 331 331 330 328 326 325 322 318 313 312 315 320 325 328 330 333 337 337 331 325 322 320 320 319 318 317 315 317 322 328 332 331 328 329 331 334 338 342 344 343 343 343 341 337 336 335 337 340 342 343 345 348 349 343 339 337 334 331
328 325 323 321 318 318 320 323 328 332 335 339 345 353 2 11 18 17 10 4 0 353 346 342 339 338 335 334 334 333 331 330 331 333 336 336 333 328 327 329 328 325 323 320 317 317 317 317 318 321 325 329 333 337 339 336 330 324 320 317 313 309 304 298 294 292 294 301 310 313 314 314 316 319 325 331 335 334 336 339 339 337 337 338 338 340 342 345 349 354 354 346 340 336 333 331
333 331 328 325 321 319 320 323 327 330 333 338 345 354 5 17 23 17 7 360 353 348 344 341 339 337 336 335 335 334 332 330 331 332 335 333 327 322 322 323 321 317 316 316 317 318 317 318 319 321 324 328 333 338 339 335 330 324 319 313 304 294 287 283 279 277 277 282 290 298 300 300 300 302 306 313 318 320 325 332 334 334 335 337 338 338 339 343 349 356 356 348 340 339 338 334
322 325 328 325 322 319 319 321 324 327 331 337 346 356 9 21 22 14 4 355 346 342 339 337 335 333 333 333 333 333 332 330 330 331 331 326 318 313 310 309 307 308 313 317 319 319 317 317 318 319 322 327 331 336 336 334 330 326 321 313 302 291 287 286 285 283 285 289 294 298 297 293 290 289 292 298 305 310 317 325 327 328 330 332 334 335 336 339 346 353 354 348 341 340 339 334
309 315 322 322 319 317 317 319 321 325 329 336 346 359 12 20 17 9 2 353 342 336 331 329 328 326 327 329 330 330 330 330 329 326 320 311 302 294 292 297 306 314 317 319 320 320 318 317 317 319 322 326 330 333 333 331 331 331 329 322 314 306 304 303 303 302 302 302 302 301 299 294 288 283 284 290 295 299 306 314 318 321 324 326 330 334 336 339 345 351 354 350 341 337 336 331
300 305 314 316 315 313 313 315 318 321 326 334 346 359 10 15 11 5 1 353 343 335 330 327 325 323 323 324 326 327 328 328 323 311 301 294 289 289 297 307 314 318 319 320 321 321 320 319 318 319 322 325 329 332 332 331 333 337 339 337 329 322 317 316 315 315 313 311 306 304 302 300 293 287 286 289 289 289 293 302 308 314 318 321 325 331 334 338 345 350 354 352 343 336 334 330
296 300 308 312 313 313 314 316 319 322 327 336 347 357 6 4 5 2 359 350 342 336 332 329 326 322 320 320 322 324 326 322 312 306 303 301 302 306 311 316 318 318 318 319 321 321 321 321 320 321 321 323 327 331 331 332 336 343 345 342 336 329 326 325 324 323 321 319 316 314 311 307 301 295 294 293 290 289 292 297 303 308 314 316 320 325 331 336 342 347 352 352 343 336 334 330
294 298 305 310 312 314 316 320 324 328 333 341 350 357 3 6 3 359 354 346 339 334 331 329 326 321 317 316 318 320 316 312 314 315 316 316 316 317 319 321 321 318 317 318 319 321 322 323 324 323 321 321 325 329 331 334 341 343 343 339 334 332 333 334 335 333 331 330 328 325 322 317 309 305 303 301 297 296 299 302 304 306 310 312 315 320 327 334 340 345 350 350 343 337 334 330
294 297 303 309 312 314 316 321 326 331 336 343 351 357 4 7 3 355 347 339 334 331 328 326 322 316 310 306 305 305 309 315 320 322 322 323 324 324 323 323 322 318 316 316 318 321 324 326 328 327 324 323 325 328 331 337 342 340 337 332 329 331 335 339 342 343 341 338 336 335 333 328 321 316 313 310 307 306 308 311 311 309 307 308 310 314 322 331 339 343 347 348 344 337 335 331
296 298 303 309 313 314 316 320 326 330 335 341 348 355 4 6 4 352 341 332 328 326 324 319 311 299 287 274 277 305 314 319 323 325 326 325 327 327 326 324 322 318 315 315 316 320 324 328 331 331 328 326 327 331 335 340 340 337 332 326 323 327 333 340 345 346 345 345 345 345 344 340 333 327 323 319 316 316 317 319 318 313 307 304 305 308 315 326 337 344 346 348 345 340 337 335
298 300 306 311 315 315 316 320 326 332 336 340 345 353 4 2 2 349 336 328 323 320 312 297 272 255 247 253 282 305 314 319 323 326 326 326 326 327 326 323 320 317 315 314 316 319 324 329 331 332 330 328 329 335 341 343 338 334 327 319 317 321 328 337 342 344 344 347 349 349 349 347 343 338 333 328 324 324 324 323 320 316 310 303 299 300 306 316 330 341 347 348 347 345 341 340
296 298 305 311 316 318 318 321 328 335 340 344 348 355 5 9 360 346 336 330 324 309 285 251 241 247 261 279 292 299 306 312 317 320 321 322 322 323 322 319 316 314 314 315 318 321 325 329 330 330 329 327 329 337 345 346 338 330 320 312 310 314 323 332 336 337 339 344 348 349 350 350 348 345 340 335 331 328 327 324 321 318 313 305 298 296 297 302 314 330 342 348 350 350 346 343
292 293 297 304 311 316 319 322 327 335 342 347 352 359 7 9 360 348 344 348 346 21 287 299 287 287 295 301 303 300 298 300 305 308 310 311 313 316 316 314 312 311 312 315 319 322 324 326 327 327 326 323 326 337 348 349 340 327 313 304 302 306 316 326 330 330 332 338 342 344 347 350 348 345 343 341 338 334 329 328 326 321 314 307 303 299 296 296 300 311 327 340 349 352 347 342
292 291 292 297 304 310 315 318 324 331 339 348 355 2 9 12 5 358 3 27 20 350 341 334 324 315 313 313 314 312 307 304 304 304 303 303 306 309 311 309 307 306 307 308 309 310 313 317 320 323 323 319 321 334 350 352 342 326 309 300 296 300 311 320 324 325 327 332 334 335 340 345 342 339 342 346 347 343 336 333 332 327 317 311 309 308 305 302 299 300 307 323 340 349 344 340
298 297 298 301 304 308 311 314 318 326 336 346 356 4 12 17 15 11 25 24 358 351 346 342 336 328 323 321 321 322 321 318 315 312 308 306 306 307 308 306 304 303 302 299 296 296 301 308 315 320 321 318 318 331 351 354 343 325 308 299 296 300 309 317 321 321 322 327 327 327 334 339 334 332 339 349 350 347 344 341 341 334 324 319 319 320 320 317 312 309 309 316 330 343 342 339
304 305 308 310 313 315 316 315 316 321 330 342 355 6 16 22 22 15 8 4 353 349 346 344 340 335 330 327 326 327 327 326 324 321 316 312 310 310 309 307 305 303 301 300 301 303 307 312 318 322 323 319 318 330 351 353 342 325 309 301 299 303 309 314 318 318 317 319 320 321 329 336 328 325 336 346 348 347 348 351 350 341 331 327 328 330 330 328 324 322 322 324 331 341 344 340
303 306 312 316 320 322 323 322 321 320 323 333 349 7 20 28 25 11 12 354 348 345 344 343 342 338 335 332 330 330 331 330 327 325 323 320 317 315 313 312 311 310 311 312 313 315 318 321 325 328 328 323 320 330 350 353 342 326 311 303 302 304 309 312 316 317 315 314 314 314 323 333 325 320 330 340 342 344 347 352 353 346 338 334 335 338 337 331 325 324 326 329 333 342 348 345
299 302 310 316 320 323 325 327 328 324 320 322 338 4 25 32 22 3 352 347 342 341 341 341 340 338 335 334 333 333 335 334 330 326 324 322 321 319 317 317 319 323 325 324 322 322 323 325 328 332 332 327 322 330 350 353 341 326 312 305 303 306 311 314 318 320 318 313 310 309 317 329 322 316 324 334 337 338 341 346 350 348 342 339 341 343 340 332 327 326 328 330 334 343 351 352
294 297 305 312 316 318 320 325 331 329 326 320 330 359 13 32 16 15 346 339 336 334 334 334 333 331 331 332 332 335 338 337 333 327 323 321 322 321 320 320 323 329 332 330 327 325 325 325 327 330 332 329 324 331 350 352 340 325 312 305 302 303 309 314 318 321 319 313 306 303 310 322 319 312 318 329 333 331 331 337 345 347 345 345 348 346 339 333 333 334 336 336 339 345 355 359
291 293 298 305 309 311 314 322 331 333 330 331 338 352 7 21 24 354 357 336 329 325 324 325 325 325 327 328 330 333 337 338 335 330 326 324 324 324 322 322 325 330 332 330 328 327 328 327 327 328 330 331 329 333 348 350 337 324 311 302 296 295 298 302 306 310 312 309 303 298 302 313 313 308 312 324 329 325 321 326 338 346 347 350 351 344 336 334 336 340 342 344 347 353 2 5
290 291 295 302 306 309 315 325 335 336 336 341 352 12 4 37 11 351 347 341 329 322 321 322 322 322 324 326 327 330 333 335 335 331 328 327 327 327 326 325 327 331 331 328 326 327 331 334 335 334 334 336 335 338 347 346 334 322 310 298 290 286 286 286 288 293 301 305 303 297 296 304 307 304 308 320 327 320 314 319 334 344 346 348 346 339 334 334 337 341 344 348 354 1 9 11
292 293 298 305 311 316 322 331 336 337 339 346 2 18 14 360 352 350 351 347 336 328 326 325 323 321 321 322 323 325 328 330 331 330 329 328 328 328 327 327 329 333 332 327 322 323 328 333 337 339 340 342 343 344 347 343 330 320 308 294 286 283 283 286 290 296 301 304 304 301 298 299 300 299 302 313 323 317 311 316 332 341 341 340 337 333 332 334 337 340 344 350 359 8 17 19
295 297 303 310 316 320 325 332 336 338 342 352 11 19 9 357 351 349 350 348 339 333 331 330 328 325 323 322 322 323 324 325 327 329 329 328 326 325 325 326 329 334 335 328 317 315 319 326 332 336 340 346 350 351 349 341 330 322 311 297 290 290 295 300 305 307 306 305 307 307 304 299 294 290 291 299 310 310 308 314 331 339 335 332 329 326 328 333 338 342 347 354 3 15 26 26
