project/data/elevation/US_DEM2016/US_DEM2016_point_10-27-2019_2135_30m_ang.asc
ncols	125
nrows	167
xllcorner	-2042055.000000
yllcorner	1465035.000000
cellsize	30.000000
NODATA_value	-9999.000000
[rows 0 to 55 of 167, columns 0 to 95 of 125]
54 61 72 71 52 33 25 24 27 31 33 31 24 26 32 37 40 39 32 26 26 28 32 35 36 38 39 38 37 38 40 42 45 51 55 53 47 39 34 31 29 28 28 30 34 37 38 35 34 36 40 45 48 49 47 46 48 51 54 57 57 53 44 37 35 38 42 48 54 58 60 60 57 54 51 50 47 39 35 39 38 31 32 40 48 52 50 45 38 34 32 30 30 30 28 29
54 61 72 71 52 33 25 24 27 31 33 31 24 26 32 37 40 39 32 26 26 28 32 35 36 38 39 38 37 38 40 42 45 51 55 53 47 39 34 31 29 28 28 30 34 37 38 35 34 36 40 45 48 49 47 46 48 51 54 57 57 53 44 37 35 38 42 48 54 58 60 60 57 54 51 50 47 39 35 39 38 31 32 40 48 52 50 45 38 34 32 30 30 30 28 29
59 62 69 68 53 33 24 24 29 34 36 32 23 26 36 40 40 35 28 24 27 31 35 37 38 39 38 37 38 39 41 43 47 51 54 53 48 43 37 33 31 30 30 32 35 36 36 34 34 38 43 47 48 48 47 46 46 46 48 52 53 50 44 39 39 41 44 46 48 51 53 54 54 53 52 51 47 40 38 42 40 31 32 42 47 47 43 39 34 31 30 29 29 29 29 30
63 64 65 62 52 34 24 27 35 41 41 35 26 30 43 46 41 32 24 23 28 36 40 41 40 40 39 38 38 38 41 44 47 50 51 49 48 47 43 37 33 32 33 34 35 35 33 33 36 42 48 50 50 48 47 46 45 45 45 45 46 44 42 44 47 50 50 48 47 46 47 48 49 51 52 52 49 46 48 50 44 34 35 45 48 43 36 31 28 28 28 27 28 29 29 31
64 64 62 58 50 40 31 33 42 46 46 41 32 34 47 50 44 32 23 23 30 40 43 43 42 42 40 37 35 35 39 42 45 46 46 45 45 46 44 37 31 30 31 32 34 34 33 35 38 45 49 51 50 49 48 48 50 50 48 46 44 43 43 45 51 56 57 56 54 52 51 51 51 52 53 53 52 52 54 54 49 39 39 48 50 44 35 28 26 27 27 26 28 29 31 34
65 64 60 55 48 43 38 38 46 51 51 46 37 35 47 50 44 30 20 23 33 43 46 44 42 42 39 35 32 33 37 40 42 43 43 43 44 44 43 38 32 30 30 32 34 34 34 36 41 47 50 50 48 47 47 47 48 50 50 49 48 47 47 49 53 57 60 62 63 61 59 58 57 56 55 55 55 56 56 55 51 46 46 53 53 47 36 27 26 27 26 25 28 31 35 41
63 62 57 50 45 43 41 43 51 57 56 50 39 35 45 49 44 31 20 24 38 46 48 44 41 40 37 33 30 32 35 38 41 42 42 42 42 43 42 40 36 35 35 36 38 38 38 41 47 51 52 50 46 43 41 40 39 41 43 45 49 52 52 52 54 56 59 61 62 62 61 59 58 57 56 57 58 59 58 56 54 52 53 58 56 49 38 28 26 27 25 25 31 37 43 49
61 58 52 46 43 42 42 44 50 56 59 52 40 35 44 48 45 36 26 29 43 50 48 44 40 37 35 32 31 32 35 38 40 40 39 38 38 38 39 38 38 38 40 43 44 44 45 48 53 56 55 50 44 39 37 36 36 37 39 43 48 52 53 52 52 55 58 60 60 58 56 55 55 55 55 56 57 59 59 58 57 54 55 58 56 49 38 28 27 27 25 28 37 45 50 55
56 53 46 42 40 40 39 40 44 47 50 47 36 34 43 49 47 41 34 36 46 51 48 44 40 35 32 31 32 32 35 37 37 36 33 31 32 34 35 35 36 38 40 43 43 44 45 49 55 57 56 51 45 40 39 39 40 41 43 46 48 50 50 49 49 53 57 59 58 54 51 51 52 53 53 53 53 54 55 55 54 54 55 48 50 44 34 26 27 27 27 33 42 49 52 54
51 48 43 40 39 38 37 37 38 37 37 36 31 30 39 48 48 43 38 40 47 50 47 43 38 33 30 30 32 33 33 34 34 32 29 28 30 32 33 33 34 36 38 39 37 36 40 47 54 57 56 53 49 47 47 48 48 48 48 48 48 49 49 47 46 49 53 55 53 49 46 47 49 49 48 47 46 46 46 45 44 45 47 46 42 37 29 23 26 29 31 38 45 48 48 47
46 44 42 40 38 36 35 34 33 31 30 30 29 28 33 44 46 40 37 40 45 46 42 39 35 32 30 30 31 31 31 31 32 32 30 29 31 33 33 33 33 35 37 39 37 34 38 49 55 57 56 53 50 50 52 54 53 51 49 47 48 49 50 46 42 46 49 50 48 43 40 42 45 45 43 42 41 42 42 40 39 39 39 39 37 32 24 21 26 31 35 39 41 41 40 40
45 46 44 41 37 34 32 32 31 29 28 28 29 28 28 34 38 34 33 39 43 42 38 34 31 30 30 29 29 30 31 32 35 37 36 35 36 37 36 34 34 35 37 39 39 36 39 51 57 58 56 52 49 48 51 53 53 49 46 46 47 48 48 45 40 43 46 46 44 39 35 39 43 43 41 40 42 44 45 46 45 44 43 42 38 31 23 20 25 30 31 32 33 33 34 34
52 52 48 42 38 35 34 33 32 31 30 30 29 28 27 27 28 27 30 38 42 41 37 33 30 29 29 29 30 33 36 40 44 46 45 42 43 43 42 40 38 37 38 39 40 39 42 52 58 60 57 53 51 51 51 51 48 43 42 43 45 46 46 43 40 41 44 44 42 37 34 37 42 42 42 44 48 52 54 57 59 59 56 51 43 33 23 17 19 22 22 23 26 28 29 28
55 54 49 44 41 40 40 39 38 36 35 34 32 30 28 26 25 25 29 38 44 42 38 34 32 32 34 36 40 44 49 54 57 57 55 53 53 54 52 50 47 44 43 43 42 43 45 52 57 58 56 55 54 53 51 48 43 37 37 40 43 45 45 43 40 38 39 40 39 37 35 38 42 43 46 51 55 57 56 57 59 60 58 52 43 31 19 11 9 13 16 17 21 24 24 23
52 50 47 46 48 51 52 51 48 46 43 40 36 33 31 30 27 27 30 39 45 44 40 38 38 40 44 49 54 58 60 60 59 58 58 60 63 61 58 57 56 54 52 49 47 46 48 50 53 53 52 51 50 48 47 44 38 33 34 37 40 43 43 40 37 34 33 35 36 36 37 40 43 47 50 54 55 53 50 51 52 53 50 43 35 25 15 6 3 8 12 13 16 22 23 23
52 51 48 47 53 61 65 64 62 60 57 52 45 38 35 33 31 30 32 38 42 41 40 42 45 48 50 53 56 59 59 56 53 52 53 56 58 57 54 53 54 53 52 49 46 46 47 49 50 51 49 45 43 43 43 40 34 30 32 35 37 38 38 36 33 30 28 29 31 35 38 42 45 47 49 49 48 46 44 46 49 49 44 36 29 21 13 5 359 2 8 10 13 22 27 30
56 56 52 50 53 60 66 67 65 63 60 55 50 40 33 34 34 32 33 35 36 36 39 44 46 48 48 48 50 52 53 51 49 48 47 48 49 49 46 45 45 44 42 40 39 42 45 47 48 49 47 42 40 40 40 36 30 28 30 31 32 33 34 33 32 29 25 24 26 32 38 42 43 42 42 42 41 40 40 43 46 45 40 33 27 21 14 6 358 356 3 8 13 24 33 38
57 56 52 49 50 53 57 56 53 49 45 41 37 31 26 30 33 33 32 31 32 34 39 44 46 45 45 45 44 46 47 47 47 45 43 43 44 43 40 39 38 37 35 34 35 39 43 46 47 48 45 42 40 40 38 33 27 27 29 29 29 30 32 33 33 31 27 22 23 30 37 39 37 35 34 33 32 33 34 37 40 40 37 32 27 23 17 8 359 353 358 5 12 23 31 35
55 53 48 44 45 47 48 45 40 36 32 30 28 25 23 24 28 30 30 29 30 34 39 44 45 44 44 43 42 41 42 42 41 40 39 38 39 38 36 34 33 33 33 34 36 41 45 47 48 47 45 42 40 39 37 31 26 27 30 30 31 31 33 35 36 35 31 24 20 27 34 35 32 30 29 27 26 26 28 32 35 37 35 32 29 25 20 11 360 353 355 3 9 16 23 27
54 53 48 43 42 44 42 38 34 30 28 27 27 26 24 22 23 26 27 27 30 34 38 42 43 43 43 42 40 37 37 37 35 33 31 31 33 34 33 31 30 32 34 37 41 45 47 49 48 47 43 41 39 38 36 30 26 29 33 34 36 37 37 39 41 40 36 30 21 22 30 32 31 29 28 25 23 24 26 30 34 37 36 34 30 26 20 12 2 354 355 0 4 8 16 24
58 57 50 43 41 41 40 36 33 31 30 29 29 28 25 23 22 23 23 25 28 32 36 39 41 41 40 40 37 33 31 32 31 28 27 27 29 32 33 32 32 35 40 43 45 46 47 47 46 44 41 39 38 37 34 30 29 33 37 40 43 45 46 48 50 49 45 40 30 24 30 34 34 33 31 29 26 26 28 32 37 40 39 36 30 24 18 14 7 359 357 359 1 5 14 25
59 55 47 39 38 39 39 37 35 34 34 33 31 29 27 25 23 22 21 22 25 28 31 34 36 37 36 35 33 29 26 27 27 27 27 27 31 35 36 37 39 43 46 48 47 46 45 44 42 40 38 37 36 36 34 32 33 37 42 47 50 53 57 63 67 67 64 59 51 42 40 45 45 44 41 38 35 35 36 38 41 43 42 38 31 25 20 18 15 8 1 360 2 6 16 27
51 46 38 35 37 39 40 40 38 38 37 35 32 30 29 27 25 21 18 19 21 24 27 30 32 33 33 31 29 26 25 25 27 30 31 32 36 41 43 44 47 49 50 48 46 44 43 42 40 39 38 36 36 36 35 36 38 42 46 51 55 59 64 70 75 77 76 75 73 70 70 67 63 60 56 51 47 46 45 43 45 47 45 42 37 31 28 26 22 15 5 0 4 9 15 23
42 38 34 35 38 41 43 42 40 39 38 36 33 30 29 28 24 19 17 18 20 23 27 29 31 32 32 31 29 28 27 29 32 36 38 39 45 49 51 51 52 51 49 46 44 43 43 43 41 40 39 37 37 37 37 39 42 45 48 51 53 56 60 64 68 69 68 69 69 70 78 87 84 77 70 62 56 53 50 45 47 50 49 47 43 38 34 29 23 16 6 0 5 9 12 20
33 33 34 38 42 45 45 43 41 40 39 36 33 30 27 25 22 18 18 21 24 28 31 33 33 34 34 33 32 32 34 37 41 44 46 49 55 58 57 54 51 48 46 44 42 41 42 43 42 41 39 38 37 37 39 42 44 45 46 48 50 51 53 55 55 55 55 56 57 60 68 79 88 88 83 77 70 65 58 51 51 53 53 51 47 42 36 29 22 17 9 3 5 8 11 19
27 29 35 41 45 47 46 44 43 41 39 37 33 28 24 22 18 17 19 24 28 30 32 33 33 35 36 37 37 39 42 45 48 52 55 57 59 59 56 52 47 44 43 42 40 39 40 42 42 42 40 38 36 36 39 42 43 43 44 45 45 46 47 47 46 45 45 47 50 53 57 62 70 77 82 84 86 84 75 64 58 56 55 53 49 45 40 32 25 19 13 6 5 9 12 20
25 28 35 42 46 47 46 43 42 40 38 34 30 25 21 15 14 15 19 23 26 27 28 29 31 35 40 42 43 45 48 50 52 53 55 56 55 53 51 48 44 42 42 41 39 37 39 41 42 42 41 39 36 34 36 40 42 41 41 41 41 41 41 40 39 38 39 40 41 43 45 49 54 61 68 73 79 84 83 77 67 59 56 54 52 48 44 37 29 23 16 8 5 10 14 21
27 29 35 41 45 46 45 42 39 37 34 30 26 22 18 14 11 12 16 21 24 25 27 29 34 39 44 47 48 49 50 51 50 49 49 50 48 47 47 46 43 42 43 41 39 37 37 40 42 43 43 41 34 29 33 38 39 39 38 38 37 36 35 33 33 33 33 33 34 36 38 41 45 50 54 57 63 69 73 74 72 65 58 57 55 51 47 41 33 26 19 10 6 11 16 22
34 35 37 40 43 46 46 44 40 36 33 29 25 22 19 14 10 9 14 20 24 28 31 36 41 46 50 51 50 49 49 47 46 45 45 44 44 43 43 43 42 42 43 43 40 37 36 39 41 43 43 41 34 25 28 33 36 36 36 36 36 34 31 31 31 32 31 30 31 33 34 36 38 41 43 45 48 53 55 58 63 65 63 60 57 54 49 44 38 30 22 13 8 12 17 24
40 39 38 38 41 46 47 45 42 39 35 31 27 24 21 15 11 10 14 22 29 35 40 46 50 54 57 55 50 46 44 43 42 41 41 41 41 40 40 41 41 42 44 44 42 38 36 36 39 41 42 41 34 23 20 25 30 33 35 37 38 35 32 31 32 33 33 31 30 30 29 31 33 36 36 37 39 41 43 45 50 57 65 67 62 57 51 46 41 34 26 17 10 11 17 25
39 38 37 37 38 43 47 46 44 40 37 33 29 25 22 13 12 12 18 28 38 46 52 57 61 64 65 60 51 44 41 40 39 38 38 38 38 38 38 40 42 44 45 46 44 40 36 33 35 38 41 41 36 24 14 16 25 32 37 42 43 40 35 34 35 36 36 34 31 28 27 28 31 33 33 33 35 37 39 42 47 51 59 68 71 65 57 50 44 38 31 22 14 11 16 23
38 38 40 40 38 39 44 46 44 41 38 34 30 25 22 17 12 15 24 36 47 54 60 64 66 67 66 63 57 51 47 45 41 39 38 38 39 39 40 42 44 46 47 46 43 40 35 29 30 36 40 42 39 27 13 11 22 33 41 49 50 46 39 35 36 39 39 36 33 30 27 28 31 33 33 33 35 38 41 43 45 47 51 60 70 73 68 58 49 42 35 29 21 13 14 19
43 46 49 47 43 39 41 45 44 42 39 36 32 27 22 17 14 20 31 41 48 56 60 60 61 60 61 61 62 62 61 57 51 46 44 43 42 42 42 44 48 50 50 47 44 41 37 30 27 33 40 44 42 32 17 13 22 36 47 55 56 51 43 36 35 40 42 39 37 35 32 31 33 36 36 36 38 41 42 41 42 43 48 54 60 66 70 66 58 48 40 35 27 17 12 14
53 56 60 57 51 44 41 44 45 44 42 40 36 30 24 19 18 25 33 41 45 46 50 51 51 52 54 56 58 60 60 60 57 54 51 48 46 44 45 48 52 55 56 54 51 50 46 38 29 30 38 45 45 37 22 16 23 37 51 58 60 56 47 37 33 39 43 42 42 42 38 35 38 41 40 40 41 41 41 39 40 42 45 49 51 53 56 59 60 55 48 41 32 20 11 11
58 58 58 55 52 47 42 42 44 45 44 42 39 33 27 22 21 26 33 36 36 39 42 44 44 46 49 51 53 52 51 50 51 51 50 49 47 46 47 51 55 58 59 59 59 58 54 46 32 22 32 45 47 40 25 18 24 37 51 58 59 56 48 38 32 37 43 43 45 46 42 37 42 46 44 41 41 41 40 38 38 39 41 43 42 40 40 42 45 45 44 41 32 21 10 8
58 55 50 45 43 40 38 37 40 44 45 44 41 37 30 25 24 24 24 28 30 33 36 37 38 41 44 48 50 50 47 45 44 44 46 48 47 47 48 50 54 57 58 56 54 52 48 42 31 16 21 41 47 42 27 19 24 37 50 56 57 54 48 42 37 37 44 45 46 49 45 37 44 49 44 40 41 42 41 37 34 35 37 37 35 33 33 35 35 34 32 29 24 17 9 6
55 52 45 41 38 37 36 35 36 41 45 45 44 40 34 29 25 20 23 22 25 27 29 31 33 36 40 44 47 49 47 43 41 39 40 42 43 44 45 46 49 51 51 49 46 42 38 34 29 19 15 30 44 41 28 20 25 37 49 55 56 53 48 44 42 40 42 45 47 51 47 39 44 49 43 37 40 42 40 36 31 31 34 35 33 32 34 36 36 33 28 23 19 14 8 5
53 50 45 41 39 39 38 37 36 39 43 45 45 43 38 32 25 18 15 18 22 24 26 28 31 34 37 41 44 47 46 43 39 38 38 40 40 41 41 41 41 42 42 41 40 36 34 32 31 25 16 19 37 40 29 21 26 38 49 55 56 53 47 43 42 40 40 42 46 52 50 42 45 50 44 35 37 41 40 36 31 32 35 37 36 36 36 36 34 30 26 20 16 12 8 5
52 50 46 43 42 42 42 40 39 39 36 43 43 43 36 34 26 27 15 18 23 26 28 30 32 35 37 40 43 45 45 43 40 38 38 39 39 38 38 37 34 35 36 38 38 36 35 36 35 31 21 14 29 37 29 22 27 39 50 57 58 55 49 45 43 42 43 44 46 54 53 45 45 50 46 35 34 40 42 38 33 34 39 41 41 38 35 32 29 25 22 18 14 10 9 8
53 52 49 46 45 45 45 43 40 37 37 37 39 34 32 32 33 25 27 23 29 33 34 34 35 36 37 38 41 43 44 43 40 37 36 35 35 34 36 35 30 29 34 39 41 40 37 36 36 32 24 13 19 31 26 21 27 39 50 58 61 60 56 53 50 49 50 52 53 58 57 48 45 51 49 37 31 40 45 43 37 37 42 43 41 37 33 28 26 24 22 20 17 13 12 11
55 54 50 47 46 45 44 40 36 33 32 32 33 34 25 38 34 30 30 30 34 37 37 36 36 36 37 37 39 41 42 42 40 36 33 30 29 30 33 34 30 26 33 41 44 43 38 34 33 30 25 15 14 24 23 21 28 39 51 59 63 63 63 62 61 58 56 55 57 62 62 52 45 51 52 41 30 38 48 47 38 35 41 42 40 38 34 29 27 26 25 24 22 20 16 14
56 54 49 45 43 42 39 36 32 30 29 29 29 29 27 27 30 33 33 32 32 34 34 34 35 37 38 39 39 40 41 41 39 35 31 29 27 28 32 35 33 27 31 42 47 46 41 36 33 31 27 21 16 19 21 23 31 41 51 59 62 63 62 62 61 58 55 54 55 59 64 58 50 55 55 46 32 37 49 48 37 32 37 40 40 40 38 33 30 30 30 29 27 24 21 19
55 52 47 43 41 39 37 33 30 28 28 29 27 24 24 27 29 32 32 29 28 29 30 31 32 35 38 39 39 39 41 41 38 34 31 31 30 29 34 38 38 32 30 41 50 51 47 41 37 35 33 28 22 18 19 24 33 41 48 56 59 59 58 55 52 50 51 52 52 53 56 58 63 69 66 55 39 38 49 48 36 29 34 38 42 45 43 38 33 31 31 30 29 26 25 24
54 52 46 42 40 38 35 31 28 27 28 28 23 31 23 27 29 30 30 27 24 25 27 27 29 33 35 36 37 38 40 42 39 35 33 34 35 34 34 39 41 37 32 40 52 55 53 48 45 44 41 36 29 19 15 21 29 35 41 49 54 55 54 51 48 47 47 47 47 49 52 57 68 80 79 69 57 51 55 48 34 27 31 38 45 49 48 42 36 33 31 31 30 27 28 27
54 51 45 41 38 35 32 29 27 27 27 26 21 29 24 27 28 29 29 27 23 24 26 27 30 33 35 36 38 39 41 44 42 37 34 37 38 37 34 37 42 41 37 41 53 58 58 53 50 49 47 43 34 19 11 16 24 30 35 43 50 53 53 51 47 46 45 44 46 49 52 55 60 67 71 70 67 67 64 50 31 25 31 39 46 51 51 47 41 37 35 34 32 30 29 27
52 48 43 38 35 33 30 29 29 28 27 25 20 20 24 26 27 29 30 28 26 26 28 29 31 34 36 38 39 40 42 46 46 41 36 38 41 40 37 36 41 44 41 43 54 60 60 56 49 45 43 41 33 17 4 9 19 27 33 41 49 53 54 51 47 45 44 45 47 48 48 49 50 51 53 56 57 57 50 45 24 18 30 39 46 51 52 49 44 38 35 33 33 32 29 27
49 46 41 38 36 34 32 31 31 30 28 23 19 19 23 25 26 29 31 31 30 29 30 30 32 34 36 39 40 42 44 48 49 45 37 38 42 43 42 39 40 43 42 44 52 59 59 55 48 44 42 40 32 14 357 360 14 25 32 40 49 53 54 51 48 46 47 46 45 42 41 41 42 42 42 44 45 44 41 32 331 3 18 35 44 49 51 49 44 35 29 27 28 30 28 26
50 47 42 39 38 37 35 34 34 33 29 23 27 22 23 25 27 30 33 34 33 31 30 31 33 35 38 40 43 45 47 50 52 49 40 37 42 45 45 42 38 39 40 42 48 55 57 55 50 47 45 40 30 13 356 353 6 20 28 37 47 53 54 52 50 48 46 41 37 34 34 34 34 35 35 36 37 35 31 26 12 356 0 26 40 46 48 48 44 36 29 26 26 26 26 26
52 49 43 40 40 39 38 36 35 33 29 24 22 27 26 28 30 33 35 36 35 34 32 32 34 37 41 45 48 49 47 48 51 50 43 37 40 45 47 44 40 38 41 44 49 55 58 57 51 46 41 36 26 12 359 353 0 15 25 33 43 50 52 51 48 43 37 32 28 27 27 27 28 28 29 30 30 28 26 23 17 1 352 10 34 42 45 47 46 40 32 29 26 24 23 23
51 48 42 40 40 40 38 36 33 30 25 23 25 29 28 28 29 33 36 37 38 37 35 35 37 40 45 51 54 51 45 45 49 49 45 37 36 43 49 48 44 43 47 50 53 57 58 56 48 41 35 30 23 13 3 356 358 10 21 29 38 46 48 47 43 37 31 27 24 24 24 24 24 24 25 26 27 26 25 24 21 12 359 360 23 39 45 49 49 43 35 32 27 21 20 21
50 47 42 38 38 38 37 35 31 24 19 21 25 27 27 26 27 32 36 39 40 39 38 38 39 42 48 55 58 54 45 45 49 49 45 38 33 39 47 49 47 47 49 51 52 55 55 51 43 35 31 27 22 15 7 360 359 7 18 26 35 43 47 46 42 37 33 29 26 26 26 26 26 26 27 29 30 29 28 27 25 21 13 6 13 32 43 50 50 45 38 34 28 22 22 26
50 48 43 39 36 36 36 35 30 19 13 18 24 27 26 25 27 31 36 39 40 40 40 40 41 43 50 58 61 58 48 46 49 49 46 40 33 34 40 43 43 43 43 44 46 47 47 43 36 31 29 27 23 18 11 3 0 7 19 28 37 45 49 50 48 44 41 38 36 35 34 34 34 34 35 37 38 37 34 31 30 27 23 18 16 25 40 49 50 44 39 35 30 27 31 37
51 50 46 41 37 34 34 35 30 16 8 15 24 28 27 28 29 32 36 40 42 42 43 43 44 46 52 60 63 60 52 48 48 49 48 42 33 29 32 36 37 38 39 39 40 41 39 36 32 31 32 31 26 20 13 6 3 10 22 32 39 47 54 56 55 53 52 53 53 53 52 49 48 48 47 48 49 47 43 39 37 34 31 24 25 352 35 46 48 43 38 34 31 31 34 38
54 53 49 44 39 32 32 35 30 16 18 17 26 31 31 32 33 35 38 42 44 45 45 46 46 48 54 60 62 60 53 47 44 46 48 44 34 27 29 33 35 37 38 38 39 39 38 35 33 35 37 35 29 22 15 9 7 13 23 31 38 46 54 58 59 58 57 57 59 61 63 64 63 61 59 58 58 56 52 49 48 46 43 38 34 7 33 39 42 38 33 30 29 29 30 31
55 54 49 45 39 31 29 33 31 19 8 20 29 36 37 38 38 39 41 44 45 45 46 46 48 50 54 58 59 56 50 43 38 40 46 43 34 29 31 35 37 39 40 41 42 42 40 38 36 39 41 39 32 24 17 12 9 14 22 29 36 44 53 58 59 59 56 54 54 56 61 68 74 75 72 69 67 64 61 59 60 60 56 50 43 36 32 32 32 30 27 25 25 25 26 27
56 53 47 41 37 31 28 31 31 22 13 25 33 41 43 44 44 45 45 44 44 44 45 46 48 50 53 56 57 54 48 41 36 35 40 39 33 32 34 38 41 43 44 46 47 47 44 41 38 40 44 42 36 26 20 14 11 15 23 31 38 45 53 58 59 59 55 52 53 56 59 64 70 76 77 76 75 72 68 64 53 59 55 48 12 31 28 25 23 23 22 21 22 24 25 26
