project/data/elevation/US_DEM2016/US_DEM2016_point_10-29-2019_1010_30m_vel.asc
ncols	125
nrows	167
xllcorner	-2042055.000000
yllcorner	1465035.000000
cellsize	30.000000
NODATA_value	-9999.000000
[rows 0 to 37 of 167, columns 0 to 83 of 125]
2.17 2.19 2.30 2.34 2.23 2.10 2.08 2.21 2.34 2.44 2.52 2.55 2.34 2.34 2.50 2.66 2.78 2.74 2.36 1.99 1.97 2.19 2.46 2.58 2.64 2.68 2.58 2.27 1.97 1.82 1.77 1.78 1.84 1.90 1.89 1.83 1.83 1.84 1.84 1.81 1.79 1.79 1.82 1.91 1.96 1.95 1.86 1.80 1.86 2.13 2.40 2.56 2.67 2.80 2.79 2.76 2.74 2.65 2.56 2.48 2.40 2.31 2.20 2.20 2.23 2.27 2.29 2.31 2.28 2.27 2.29 2.32 2.32 2.29 2.28 2.28 2.23 2.18 2.27 2.41 2.32 2.01 2.04 2.37
2.17 2.19 2.30 2.34 2.23 2.10 2.08 2.21 2.34 2.44 2.52 2.55 2.34 2.34 2.50 2.66 2.78 2.74 2.36 1.99 1.97 2.19 2.46 2.58 2.64 2.68 2.58 2.27 1.97 1.82 1.77 1.78 1.84 1.90 1.89 1.83 1.83 1.84 1.84 1.81 1.79 1.79 1.82 1.91 1.96 1.95 1.86 1.80 1.86 2.13 2.40 2.56 2.67 2.80 2.79 2.76 2.74 2.65 2.56 2.48 2.40 2.31 2.20 2.20 2.23 2.27 2.29 2.31 2.28 2.27 2.29 2.32 2.32 2.29 2.28 2.28 2.23 2.18 2.27 2.41 2.32 2.01 2.04 2.37
2.18 2.23 2.34 2.36 2.24 2.17 2.17 2.29 2.43 2.47 2.45 2.34 2.15 2.28 2.54 2.57 2.49 2.37 2.07 1.83 1.98 2.35 2.58 2.56 2.46 2.38 2.14 1.82 1.65 1.60 1.62 1.69 1.79 1.91 1.92 1.84 1.82 1.82 1.79 1.75 1.73 1.73 1.76 1.87 1.99 1.97 1.86 1.79 1.93 2.33 2.62 2.63 2.57 2.58 2.57 2.53 2.46 2.40 2.36 2.32 2.29 2.21 2.16 2.20 2.25 2.27 2.25 2.23 2.25 2.26 2.29 2.32 2.29 2.24 2.23 2.22 2.18 2.19 2.34 2.40 2.14 1.83 2.01 2.49
2.25 2.36 2.47 2.42 2.30 2.27 2.33 2.40 2.48 2.50 2.39 2.09 1.87 2.12 2.54 2.49 2.13 1.84 1.60 1.63 2.08 2.60 2.72 2.46 2.14 1.85 1.47 1.24 1.21 1.26 1.36 1.52 1.74 1.95 2.00 1.92 1.87 1.86 1.77 1.66 1.67 1.71 1.75 1.89 2.05 2.05 1.94 1.93 2.21 2.71 2.91 2.71 2.45 2.28 2.19 2.08 1.99 1.99 2.02 2.04 2.08 2.11 2.11 2.15 2.19 2.22 2.20 2.17 2.19 2.22 2.24 2.22 2.16 2.11 2.11 2.12 2.14 2.22 2.37 2.33 1.96 1.75 2.12 2.65
2.42 2.51 2.58 2.46 2.34 2.33 2.35 2.39 2.41 2.44 2.36 2.05 1.75 1.92 2.44 2.49 2.04 1.60 1.41 1.62 2.22 2.68 2.65 2.25 1.84 1.47 1.19 1.05 1.02 1.05 1.19 1.45 1.78 2.05 2.12 2.04 1.99 1.99 1.87 1.73 1.75 1.80 1.85 2.00 2.13 2.13 2.04 2.13 2.50 2.89 2.94 2.69 2.39 2.14 1.95 1.77 1.72 1.76 1.83 1.90 1.97 2.02 2.03 2.01 2.04 2.10 2.12 2.14 2.16 2.14 2.10 2.04 1.98 1.97 2.01 2.07 2.15 2.24 2.29 2.21 2.02 1.98 2.31 2.69
2.57 2.60 2.61 2.48 2.34 2.31 2.31 2.26 2.29 2.38 2.34 2.07 1.73 1.81 2.37 2.49 2.08 1.56 1.43 1.73 2.31 2.61 2.45 1.97 1.54 1.26 1.10 0.98 0.92 0.96 1.15 1.53 1.94 2.15 2.14 2.08 2.07 2.08 2.01 1.90 1.88 1.91 1.94 2.06 2.19 2.16 2.09 2.26 2.62 2.91 2.89 2.63 2.33 2.00 1.77 1.65 1.69 1.77 1.83 1.86 1.91 1.93 1.89 1.84 1.90 2.01 2.08 2.11 2.11 2.07 2.01 1.95 1.91 1.92 1.99 2.08 2.17 2.23 2.24 2.19 2.14 2.21 2.44 2.64
2.70 2.70 2.59 2.44 2.31 2.24 2.18 2.12 2.15 2.25 2.27 2.08 1.77 1.85 2.36 2.49 2.12 1.61 1.46 1.73 2.27 2.50 2.23 1.71 1.34 1.15 1.05 0.96 0.92 0.98 1.24 1.70 2.05 2.15 2.08 2.07 2.12 2.17 2.12 2.01 1.96 1.99 2.02 2.09 2.18 2.14 2.08 2.25 2.67 2.96 2.93 2.62 2.21 1.91 1.77 1.72 1.79 1.86 1.84 1.80 1.81 1.84 1.79 1.75 1.82 1.97 2.07 2.11 2.08 2.03 1.98 1.94 1.91 1.94 2.02 2.11 2.18 2.24 2.26 2.25 2.26 2.33 2.44 2.47
2.79 2.74 2.58 2.36 2.24 2.11 2.00 1.97 2.07 2.19 2.20 2.05 1.88 2.01 2.40 2.48 2.11 1.61 1.41 1.65 2.17 2.35 2.04 1.56 1.23 1.08 1.02 1.00 1.01 1.09 1.36 1.77 2.07 2.13 2.10 2.14 2.24 2.27 2.22 2.11 2.03 2.03 2.06 2.08 2.07 2.04 2.02 2.19 2.71 3.13 3.04 2.61 2.15 1.88 1.80 1.82 1.83 1.80 1.71 1.64 1.67 1.73 1.75 1.74 1.81 1.97 2.12 2.17 2.10 1.99 1.92 1.90 1.91 1.97 2.06 2.15 2.22 2.31 2.35 2.33 2.31 2.34 2.33 2.25
2.88 2.75 2.49 2.24 2.11 1.99 1.89 1.95 2.13 2.21 2.18 2.08 2.03 2.15 2.36 2.38 2.05 1.58 1.36 1.64 2.13 2.22 1.85 1.44 1.17 1.05 1.03 1.09 1.13 1.20 1.46 1.83 2.14 2.29 2.31 2.34 2.38 2.37 2.30 2.19 2.09 2.07 2.10 2.08 2.00 1.93 1.98 2.30 2.95 3.29 3.07 2.53 2.05 1.80 1.75 1.75 1.69 1.59 1.49 1.47 1.55 1.66 1.71 1.71 1.79 2.01 2.24 2.28 2.12 1.90 1.79 1.82 1.91 2.02 2.14 2.21 2.30 2.43 2.46 2.38 2.31 2.29 2.25 2.16
2.87 2.73 2.35 2.12 2.00 1.93 1.89 2.04 2.24 2.30 2.23 2.17 2.18 2.21 2.24 2.19 1.93 1.53 1.41 1.74 2.14 2.07 1.66 1.33 1.15 1.10 1.12 1.18 1.22 1.34 1.64 2.04 2.42 2.58 2.49 2.36 2.31 2.31 2.26 2.17 2.11 2.12 2.16 2.16 2.03 1.95 2.01 2.52 3.18 3.32 2.95 2.36 1.90 1.61 1.59 1.63 1.57 1.44 1.38 1.41 1.51 1.63 1.71 1.69 1.76 2.06 2.39 2.40 2.10 1.76 1.64 1.76 1.98 2.17 2.29 2.37 2.47 2.58 2.54 2.40 2.30 2.29 2.28 2.20
2.97 2.73 2.31 2.07 1.97 1.96 2.04 2.25 2.37 2.34 2.27 2.23 2.22 2.17 2.08 1.99 1.80 1.54 1.55 1.90 2.12 1.90 1.50 1.26 1.17 1.17 1.21 1.27 1.38 1.63 1.99 2.37 2.66 2.64 2.34 2.09 2.10 2.21 2.20 2.12 2.09 2.11 2.16 2.17 2.09 1.98 2.08 2.72 3.27 3.21 2.70 2.16 1.74 1.51 1.49 1.53 1.50 1.41 1.36 1.40 1.51 1.66 1.78 1.75 1.79 2.17 2.49 2.41 2.07 1.68 1.56 1.80 2.20 2.44 2.52 2.57 2.64 2.63 2.49 2.32 2.25 2.24 2.22 2.16
3.07 2.82 2.40 2.15 2.06 2.09 2.24 2.38 2.41 2.30 2.22 2.21 2.18 2.06 1.93 1.86 1.75 1.62 1.71 1.98 2.03 1.73 1.37 1.21 1.20 1.25 1.33 1.46 1.69 2.01 2.29 2.51 2.59 2.39 2.00 1.83 1.99 2.15 2.14 2.06 2.04 2.06 2.14 2.19 2.11 1.99 2.21 2.88 3.25 3.04 2.45 2.01 1.68 1.46 1.40 1.42 1.43 1.37 1.33 1.38 1.52 1.74 1.93 1.95 1.98 2.29 2.51 2.36 2.04 1.76 1.62 1.96 2.44 2.67 2.66 2.62 2.57 2.45 2.23 2.11 2.09 2.09 2.08 2.02
3.09 2.87 2.50 2.27 2.19 2.21 2.30 2.33 2.25 2.13 2.08 2.08 2.06 1.94 1.84 1.81 1.77 1.71 1.77 1.94 1.90 1.58 1.28 1.21 1.27 1.37 1.53 1.73 1.93 2.14 2.29 2.35 2.28 2.04 1.78 1.80 2.02 2.10 2.00 1.97 1.98 2.00 2.11 2.19 2.14 2.11 2.39 2.97 3.13 2.78 2.26 1.89 1.58 1.40 1.35 1.38 1.38 1.30 1.24 1.33 1.58 1.94 2.18 2.19 2.18 2.33 2.44 2.31 2.09 1.87 1.80 2.20 2.67 2.76 2.60 2.44 2.29 2.12 1.98 2.00 2.06 2.08 2.07 1.99
3.07 2.91 2.59 2.36 2.27 2.27 2.27 2.21 2.05 1.95 1.95 1.95 1.90 1.82 1.80 1.80 1.76 1.70 1.72 1.81 1.73 1.45 1.28 1.30 1.38 1.51 1.69 1.83 1.90 1.97 2.03 2.03 1.99 1.84 1.76 1.90 2.02 1.98 1.90 1.92 1.92 1.94 2.04 2.06 2.09 2.25 2.60 2.95 2.94 2.55 2.10 1.70 1.46 1.40 1.43 1.46 1.37 1.20 1.14 1.30 1.73 2.22 2.43 2.39 2.32 2.33 2.37 2.29 2.15 2.00 2.07 2.48 2.73 2.59 2.30 2.08 1.97 1.91 1.89 2.01 2.17 2.22 2.16 2.02
3.03 2.92 2.54 2.29 2.22 2.28 2.25 2.11 1.96 1.93 1.96 1.92 1.81 1.73 1.75 1.75 1.68 1.61 1.62 1.64 1.54 1.38 1.34 1.40 1.46 1.55 1.67 1.73 1.76 1.79 1.80 1.82 1.87 1.86 1.85 1.92 1.96 1.91 1.88 1.92 1.90 1.88 1.91 1.92 2.03 2.44 2.79 2.87 2.68 2.36 1.93 1.55 1.40 1.49 1.63 1.62 1.36 1.10 1.11 1.40 1.95 2.48 2.67 2.60 2.49 2.41 2.35 2.27 2.17 2.16 2.35 2.61 2.54 2.18 1.91 1.85 1.89 1.86 1.86 2.05 2.31 2.40 2.28 2.10
3.11 2.92 2.45 2.13 2.02 2.09 2.17 2.10 2.02 2.02 2.03 1.94 1.80 1.72 1.74 1.71 1.58 1.49 1.49 1.46 1.39 1.35 1.39 1.44 1.48 1.51 1.57 1.64 1.72 1.77 1.76 1.76 1.83 1.89 1.88 1.92 1.97 1.95 1.92 1.91 1.90 1.88 1.90 1.95 2.16 2.69 2.92 2.74 2.45 2.15 1.80 1.53 1.49 1.69 1.86 1.74 1.31 1.07 1.23 1.66 2.25 2.76 2.89 2.76 2.64 2.52 2.38 2.25 2.19 2.32 2.53 2.50 2.14 1.81 1.76 1.89 1.98 1.88 1.86 2.11 2.46 2.56 2.40 2.28
3.22 2.92 2.38 2.01 1.80 1.92 2.11 2.15 2.10 2.14 2.13 2.02 1.91 1.83 1.79 1.71 1.52 1.40 1.36 1.34 1.32 1.34 1.38 1.42 1.45 1.47 1.54 1.64 1.73 1.81 1.83 1.78 1.79 1.85 1.84 1.91 2.06 2.09 1.97 1.90 1.92 2.01 2.11 2.26 2.51 2.84 2.86 2.55 2.27 2.07 1.79 1.61 1.68 1.90 2.03 1.80 1.30 1.20 1.57 2.12 2.68 3.03 3.00 2.80 2.64 2.49 2.34 2.21 2.19 2.34 2.44 2.24 1.79 1.66 1.81 2.01 2.03 1.87 1.84 2.17 2.59 2.71 2.61 2.52
3.15 2.86 2.26 1.82 1.70 1.88 2.13 2.25 2.29 2.33 2.31 2.20 2.09 1.97 1.83 1.67 1.49 1.35 1.28 1.27 1.28 1.27 1.30 1.37 1.43 1.50 1.61 1.71 1.77 1.85 1.87 1.79 1.77 1.84 1.87 1.99 2.21 2.26 2.07 1.98 2.11 2.32 2.51 2.64 2.71 2.72 2.54 2.30 2.19 2.08 1.85 1.76 1.89 2.12 2.14 1.78 1.39 1.53 2.11 2.69 3.01 3.06 2.88 2.66 2.50 2.34 2.22 2.10 2.08 2.21 2.26 2.10 1.79 1.79 2.03 2.17 2.08 1.87 1.88 2.28 2.72 2.87 2.79 2.63
3.04 2.74 2.06 1.61 1.65 2.02 2.38 2.54 2.56 2.54 2.45 2.35 2.21 2.00 1.76 1.58 1.44 1.31 1.22 1.20 1.19 1.15 1.18 1.33 1.48 1.60 1.71 1.81 1.84 1.84 1.83 1.80 1.82 1.93 2.02 2.17 2.42 2.46 2.30 2.26 2.45 2.67 2.74 2.65 2.47 2.25 2.01 1.97 2.15 2.14 2.02 2.02 2.19 2.32 2.19 1.74 1.59 2.04 2.65 2.97 2.96 2.81 2.61 2.45 2.34 2.21 2.11 2.00 1.91 1.99 2.16 2.12 2.03 2.10 2.27 2.31 2.18 2.05 2.14 2.50 2.86 2.95 2.78 2.50
2.94 2.58 1.84 1.49 1.75 2.30 2.73 2.85 2.77 2.61 2.43 2.26 2.10 1.86 1.64 1.48 1.36 1.25 1.17 1.12 1.06 1.00 1.10 1.37 1.59 1.70 1.80 1.92 1.94 1.86 1.83 1.94 2.11 2.23 2.31 2.46 2.62 2.63 2.55 2.53 2.61 2.66 2.54 2.28 2.00 1.74 1.63 1.75 2.09 2.24 2.25 2.31 2.41 2.38 2.13 1.80 1.94 2.51 2.83 2.83 2.67 2.51 2.35 2.27 2.24 2.16 2.05 1.91 1.77 1.86 2.12 2.21 2.22 2.27 2.31 2.26 2.19 2.19 2.30 2.53 2.74 2.78 2.58 2.28
2.67 2.34 1.79 1.65 2.10 2.75 3.04 2.92 2.68 2.43 2.21 2.04 1.87 1.68 1.52 1.38 1.25 1.15 1.09 1.02 0.92 0.92 1.13 1.48 1.74 1.83 1.93 2.08 2.09 1.98 2.04 2.32 2.55 2.60 2.59 2.61 2.68 2.72 2.64 2.50 2.42 2.33 2.11 1.82 1.58 1.47 1.53 1.77 2.14 2.44 2.58 2.61 2.53 2.33 2.10 2.03 2.34 2.65 2.70 2.53 2.38 2.24 2.10 2.06 2.15 2.13 1.99 1.81 1.70 1.81 2.07 2.26 2.37 2.35 2.25 2.15 2.09 2.16 2.27 2.36 2.52 2.53 2.36 2.14
2.34 2.20 1.97 2.10 2.67 3.10 3.06 2.74 2.42 2.16 1.98 1.85 1.69 1.54 1.39 1.25 1.12 1.04 1.01 0.95 0.90 1.02 1.35 1.69 1.93 2.05 2.16 2.32 2.37 2.32 2.47 2.71 2.78 2.65 2.49 2.39 2.53 2.64 2.50 2.22 2.04 1.91 1.69 1.46 1.38 1.42 1.62 2.01 2.42 2.77 2.85 2.67 2.44 2.24 2.12 2.21 2.43 2.51 2.43 2.28 2.15 2.01 1.85 1.88 2.02 2.04 1.94 1.84 1.75 1.80 2.06 2.29 2.39 2.34 2.18 2.03 1.94 2.03 2.09 2.10 2.34 2.49 2.37 2.16
2.36 2.35 2.37 2.61 2.94 3.03 2.80 2.48 2.17 1.98 1.87 1.73 1.58 1.43 1.28 1.13 1.02 0.98 0.98 0.99 1.07 1.32 1.64 1.91 2.12 2.30 2.46 2.63 2.69 2.67 2.73 2.76 2.61 2.35 2.09 2.03 2.34 2.46 2.24 1.90 1.67 1.56 1.41 1.36 1.41 1.54 1.92 2.42 2.83 3.02 2.88 2.58 2.29 2.14 2.13 2.21 2.28 2.25 2.18 2.10 1.99 1.82 1.73 1.82 1.96 1.98 1.94 1.93 1.90 1.92 2.06 2.27 2.38 2.31 2.13 1.96 1.92 2.05 2.07 2.01 2.23 2.49 2.46 2.25
2.54 2.51 2.54 2.70 2.81 2.83 2.52 2.28 2.03 1.90 1.81 1.66 1.50 1.34 1.19 1.07 1.00 1.00 1.04 1.12 1.27 1.48 1.73 1.98 2.21 2.47 2.67 2.78 2.77 2.69 2.59 2.42 2.16 1.94 1.80 1.91 2.17 2.17 1.89 1.63 1.46 1.40 1.38 1.44 1.54 1.82 2.36 2.88 3.11 3.01 2.69 2.34 2.13 2.04 2.09 2.16 2.13 2.06 2.00 1.95 1.87 1.74 1.74 1.85 1.93 1.94 2.00 2.12 2.13 2.08 2.11 2.19 2.28 2.24 2.04 1.89 1.97 2.15 2.10 1.97 2.17 2.41 2.51 2.37
2.68 2.60 2.52 2.61 2.63 2.52 2.36 2.15 1.96 1.86 1.76 1.60 1.43 1.27 1.15 1.07 1.05 1.05 1.09 1.18 1.31 1.45 1.66 1.93 2.28 2.60 2.77 2.75 2.62 2.43 2.21 1.96 1.73 1.64 1.67 1.83 1.95 1.87 1.66 1.49 1.39 1.39 1.50 1.64 1.83 2.26 2.84 3.19 3.13 2.82 2.47 2.20 2.04 1.96 2.04 2.13 2.09 1.97 1.86 1.81 1.76 1.76 1.85 1.98 2.02 2.03 2.17 2.27 2.21 2.14 2.12 2.14 2.17 2.16 2.04 1.97 2.10 2.22 2.08 1.95 2.09 2.24 2.43 2.48
2.80 2.63 2.50 2.58 2.77 2.48 2.32 2.11 1.96 1.86 1.72 1.57 1.41 1.27 1.16 1.10 1.09 1.07 1.09 1.17 1.31 1.50 1.77 2.11 2.48 2.75 2.79 2.61 2.37 2.13 1.85 1.62 1.48 1.49 1.60 1.72 1.75 1.71 1.59 1.46 1.39 1.47 1.70 1.98 2.28 2.75 3.17 3.21 2.92 2.58 2.31 2.10 1.93 1.86 1.97 2.09 2.06 1.90 1.78 1.72 1.71 1.81 1.97 2.12 2.17 2.23 2.33 2.29 2.17 2.15 2.17 2.11 2.06 2.09 2.09 2.08 2.17 2.22 2.07 1.97 2.03 2.09 2.22 2.46
2.83 2.67 2.51 2.57 2.60 2.51 2.33 2.13 1.99 1.89 1.74 1.59 1.44 1.32 1.23 1.15 1.11 1.08 1.12 1.25 1.49 1.80 2.15 2.45 2.65 2.73 2.64 2.38 2.08 1.81 1.55 1.41 1.41 1.50 1.60 1.65 1.62 1.62 1.62 1.54 1.48 1.63 2.02 2.46 2.80 3.10 3.01 2.98 2.64 2.37 2.16 1.99 1.84 1.77 1.88 2.01 1.94 1.81 1.76 1.74 1.79 1.97 2.23 2.37 2.40 2.40 2.35 2.25 2.21 2.23 2.17 2.04 1.98 2.09 2.16 2.12 2.16 2.20 2.15 2.08 2.05 2.04 2.11 2.33
2.89 2.74 2.54 2.53 2.58 2.56 2.40 2.17 2.00 1.90 1.78 1.61 1.49 1.40 1.30 1.20 1.14 1.14 1.24 1.48 1.83 2.17 2.40 2.51 2.52 2.47 2.35 2.08 1.74 1.48 1.35 1.37 1.46 1.56 1.63 1.65 1.61 1.62 1.72 1.72 1.68 1.88 2.44 2.97 3.19 3.17 2.98 2.68 2.42 2.22 2.07 1.97 1.85 1.77 1.83 1.84 1.73 1.74 1.77 1.86 2.09 2.40 2.59 2.58 2.51 2.46 2.34 2.25 2.28 2.26 2.07 1.92 2.01 2.21 2.23 2.12 2.16 2.27 2.28 2.21 2.12 2.07 2.10 2.22
2.99 2.81 2.56 2.46 2.46 2.59 2.51 2.27 2.03 1.89 1.76 1.60 1.50 1.41 1.31 1.20 1.14 1.20 1.42 1.75 2.08 2.26 2.27 2.20 2.14 2.09 2.01 1.79 1.47 1.30 1.30 1.43 1.58 1.65 1.68 1.70 1.70 1.71 1.84 1.90 1.92 2.24 2.92 3.34 3.31 3.00 2.66 2.41 2.25 2.16 2.12 2.06 1.91 1.80 1.72 1.61 1.58 1.74 1.88 2.20 2.56 2.70 2.63 3.06 2.39 2.35 2.29 2.29 2.24 2.11 1.95 1.91 2.11 2.27 2.22 2.16 2.29 2.43 2.42 2.29 2.15 2.07 2.07 2.13
3.05 2.88 2.62 2.42 2.37 2.51 2.57 2.38 2.09 1.89 1.72 1.58 1.48 1.37 1.25 1.15 1.12 1.26 1.58 1.92 2.08 2.05 1.93 1.83 1.79 1.78 1.73 1.58 1.35 1.25 1.37 1.57 1.72 1.79 1.78 1.81 1.88 1.89 1.95 2.08 2.25 2.70 3.27 3.46 3.17 2.71 2.34 2.15 2.12 2.17 2.22 2.19 1.99 1.81 1.63 1.50 1.60 1.83 2.08 2.59 2.84 2.73 2.44 2.23 2.16 2.19 2.48 2.17 2.11 2.02 2.00 2.08 2.27 2.30 2.21 2.27 2.47 2.56 2.44 2.25 2.08 2.00 1.98 2.06
3.08 2.93 2.61 2.41 2.34 2.42 2.53 2.43 2.17 1.93 1.74 1.61 1.50 1.36 1.22 1.10 1.12 1.34 1.69 1.90 1.88 1.73 1.60 1.53 1.53 1.57 1.57 1.47 1.34 1.36 1.57 1.77 1.88 1.91 1.90 1.96 2.03 2.01 2.06 2.25 2.61 3.06 3.39 3.30 2.89 2.42 2.13 1.97 1.99 2.17 2.27 2.25 2.06 1.81 1.59 1.50 1.64 1.91 2.30 2.85 2.94 2.57 2.18 2.02 2.02 2.13 2.15 2.07 2.01 2.01 2.05 2.12 2.23 2.29 2.31 2.43 2.52 2.46 2.27 2.04 1.90 1.88 1.93 2.01
3.18 2.96 2.60 2.40 2.33 2.37 2.44 2.39 2.20 1.99 1.79 1.64 1.52 1.36 1.22 1.10 1.16 1.43 1.68 1.70 1.55 1.42 1.36 1.34 1.38 1.50 1.58 1.53 1.49 1.58 1.79 1.92 1.94 1.93 1.95 2.03 2.04 2.04 2.13 2.40 2.86 3.24 3.28 2.99 2.62 2.28 2.04 1.91 1.92 2.07 2.28 2.32 2.14 1.77 1.53 1.43 1.59 1.90 2.45 2.97 2.94 2.44 2.04 1.90 1.95 2.15 2.23 2.08 1.97 1.96 1.93 1.98 2.13 2.24 2.33 2.39 2.34 2.19 2.01 1.87 1.82 1.83 1.88 1.94
3.26 3.04 2.68 2.47 2.36 2.33 2.34 2.29 2.19 2.03 1.85 1.67 1.51 1.34 1.20 1.11 1.20 1.42 1.50 1.36 1.23 1.19 1.24 1.28 1.34 1.51 1.67 1.71 1.71 1.76 1.89 1.98 1.96 1.89 1.90 1.95 1.99 2.02 2.17 2.55 3.03 3.25 3.08 2.69 2.37 2.14 1.95 1.85 1.88 1.98 2.18 2.40 2.21 1.73 1.38 1.26 1.44 1.80 2.50 3.05 2.94 2.38 1.99 1.89 1.99 2.18 2.21 2.06 1.99 1.94 1.83 1.86 2.09 2.26 2.24 2.14 2.05 1.98 1.93 1.88 1.82 1.75 1.77 1.93
3.25 3.09 2.83 2.66 2.46 2.27 2.14 2.11 2.07 2.00 1.88 1.72 1.52 1.32 1.18 1.10 1.17 1.29 1.24 1.08 1.01 1.07 1.19 1.28 1.35 1.56 1.78 1.92 1.95 1.92 1.99 2.04 1.98 1.87 1.81 1.85 1.95 2.02 2.21 2.68 3.13 3.18 2.88 2.45 2.11 1.97 1.88 1.81 1.82 1.92 2.11 2.37 2.27 1.72 1.23 1.11 1.28 1.70 2.48 3.07 3.01 2.45 2.09 1.96 2.03 2.17 2.13 1.95 1.97 1.98 1.77 1.75 2.07 2.31 2.19 2.00 1.97 2.00 2.00 1.94 1.72 1.59 1.72 1.98
3.16 3.11 2.96 2.77 2.52 2.23 2.04 1.98 1.93 1.91 1.87 1.76 1.56 1.33 1.17 1.06 1.07 1.12 1.02 0.89 0.89 1.00 1.20 1.33 1.45 1.65 1.89 2.09 2.20 2.18 2.14 2.10 1.98 1.83 1.75 1.82 1.93 2.04 2.28 2.79 3.18 3.10 2.70 2.22 1.99 1.98 1.98 1.93 1.92 1.92 2.04 2.30 2.25 1.76 1.18 1.07 1.25 1.68 2.47 3.11 3.08 2.61 2.24 2.05 2.03 2.00 1.92 1.83 1.92 1.99 1.78 1.68 2.03 2.28 2.05 1.90 2.06 2.13 2.06 1.85 1.53 1.51 1.83 2.15
3.21 3.17 3.00 2.74 2.49 2.20 2.01 1.90 1.83 1.81 1.79 1.75 1.61 1.37 1.14 0.99 0.98 0.98 0.88 0.81 0.88 1.08 1.30 1.46 1.59 1.76 1.98 2.24 2.41 2.39 2.23 2.09 1.92 1.74 1.71 1.84 1.98 2.11 2.42 2.91 3.18 3.00 2.56 2.16 2.05 2.12 2.21 2.23 2.15 2.01 1.96 2.16 2.22 1.83 1.22 1.10 1.26 1.67 2.45 3.12 3.11 2.72 2.29 2.01 1.90 1.81 1.78 1.78 1.92 2.03 1.82 1.66 2.00 2.21 1.93 1.81 2.08 2.23 2.11 1.79 1.52 1.64 2.07 2.39
3.33 3.22 2.89 2.56 2.31 2.08 1.93 1.81 1.73 1.69 1.68 1.69 1.62 1.41 1.13 0.95 0.92 0.90 0.85 0.88 1.05 1.30 1.49 1.63 1.71 1.87 2.12 2.38 2.55 2.50 2.27 2.05 1.85 1.68 1.68 1.85 2.04 2.26 2.65 3.02 3.10 2.86 2.51 2.31 2.34 2.41 2.45 2.40 2.26 2.02 1.89 1.97 2.14 1.85 1.28 1.12 1.27 1.68 2.45 3.16 3.17 2.73 2.25 1.93 1.78 1.67 1.68 1.78 1.93 2.07 1.87 1.63 1.96 2.18 1.93 1.79 1.99 2.22 2.17 1.89 1.68 1.88 2.27 2.46
3.43 3.22 2.69 2.34 2.12 1.93 1.81 1.68 1.57 1.54 1.58 1.61 1.57 1.42 1.16 0.95 0.91 0.91 0.94 1.07 1.29 1.48 1.60 1.69 1.77 1.95 2.19 2.42 2.59 2.56 2.31 2.02 1.82 1.70 1.72 1.92 2.20 2.52 2.89 3.12 3.00 2.71 2.58 2.54 2.57 2.57 2.50 2.33 2.11 1.90 1.78 1.81 1.98 1.82 1.30 1.13 1.30 1.75 2.55 3.22 3.18 2.70 2.19 1.89 1.74 1.66 1.67 1.76 1.89 2.05 1.90 1.63 1.90 2.18 1.97 1.76 1.89 2.14 2.23 2.02 1.86 2.05 2.29 2.28
