project/data/elevation/US_DEM2016/US_DEM2016_point_10-31-2019_1359_30m_vel.asc
ncols	125
nrows	167
xllcorner	-2042055.000000
yllcorner	1465035.000000
cellsize	30.000000
NODATA_value	-9999.000000
[rows 0 to 36 of 167, columns 0 to 83 of 125]
6.70 6.21 5.91 6.63 7.76 8.95 10.00 10.73 10.97 11.14 11.55 12.31 12.57 11.81 11.24 11.33 11.55 11.53 10.96 10.20 9.60 9.58 10.07 10.64 11.09 11.20 10.95 9.98 8.54 7.04 5.72 4.64 3.94 3.65 3.63 3.79 4.19 4.87 5.56 5.93 6.09 6.17 6.27 6.25 5.92 5.47 5.14 5.21 5.71 6.63 7.66 8.74 9.66 10.54 10.84 10.90 10.64 9.69 8.83 8.31 8.05 8.04 8.22 8.67 8.95 8.99 8.80 8.26 7.29 6.68 6.58 6.82 7.23 7.65 7.95 8.12 8.30 8.63 9.09 9.51 9.86 9.84 9.06 8.73
6.70 6.21 5.91 6.63 7.76 8.95 10.00 10.73 10.97 11.14 11.55 12.31 12.57 11.81 11.24 11.33 11.55 11.53 10.96 10.20 9.60 9.58 10.07 10.64 11.09 11.20 10.95 9.98 8.54 7.04 5.72 4.64 3.94 3.65 3.63 3.79 4.19 4.87 5.56 5.93 6.09 6.17 6.27 6.25 5.92 5.47 5.14 5.21 5.71 6.63 7.66 8.74 9.66 10.54 10.84 10.90 10.64 9.69 8.83 8.31 8.05 8.04 8.22 8.67 8.95 8.99 8.80 8.26 7.29 6.68 6.58 6.82 7.23 7.65 7.95 8.12 8.30 8.63 9.09 9.51 9.86 9.84 9.06 8.73
6.45 6.09 6.02 6.72 7.60 8.61 9.49 10.11 10.38 10.48 10.78 11.36 11.54 11.18 10.74 10.74 10.91 10.97 10.58 9.85 9.46 9.54 9.92 10.24 10.37 10.26 9.69 8.70 7.58 6.39 5.33 4.50 4.01 3.83 3.83 3.96 4.28 4.77 5.25 5.57 5.66 5.71 5.82 5.99 6.11 6.08 6.00 6.02 6.44 7.14 7.96 8.69 9.30 9.78 10.03 10.08 10.00 9.65 9.03 8.35 7.86 7.63 7.80 8.14 8.35 8.38 8.34 8.21 7.96 7.56 7.35 7.35 7.43 7.51 7.58 7.68 7.90 8.29 8.68 8.88 8.94 8.96 8.83 8.85
6.59 6.32 6.50 7.05 7.61 8.15 8.69 8.93 8.88 8.90 9.16 9.38 9.46 9.37 9.34 9.31 9.35 9.59 9.53 9.25 9.26 9.49 9.58 9.31 8.85 8.32 7.63 6.99 6.35 5.67 5.07 4.68 4.57 4.63 4.68 4.67 4.70 4.85 5.00 5.15 5.44 5.70 5.96 6.30 6.74 7.09 7.30 7.37 7.54 7.91 8.35 8.56 8.54 8.39 8.34 8.15 8.16 8.43 8.54 8.38 8.02 7.68 7.47 7.38 7.19 7.09 7.25 7.64 8.02 8.22 8.21 7.96 7.60 7.24 7.02 7.02 7.23 7.55 7.72 7.55 7.40 7.81 8.46 8.99
6.94 6.79 7.06 7.40 7.66 7.96 8.10 8.09 7.82 7.66 7.69 7.78 7.80 7.78 7.89 7.90 7.90 8.14 8.55 8.96 9.33 9.39 9.08 8.28 7.38 6.78 6.51 6.32 6.08 5.82 5.63 5.61 5.76 5.89 5.86 5.64 5.42 5.37 5.38 5.50 5.94 6.42 6.87 7.30 7.52 7.73 7.88 8.06 8.24 8.44 8.57 8.44 7.99 7.45 6.97 6.24 5.88 6.08 6.78 7.52 7.85 7.82 7.56 7.02 6.55 6.21 6.09 6.30 6.72 7.06 7.18 7.11 6.91 6.69 6.56 6.57 6.70 6.84 6.87 6.75 6.80 7.40 8.23 8.65
7.04 6.99 7.34 7.66 7.71 7.80 7.76 7.38 7.09 6.93 6.80 6.78 6.90 7.05 7.38 7.57 7.60 7.67 8.14 8.76 9.14 8.93 8.25 7.17 6.30 6.03 6.09 6.20 6.28 6.36 6.50 6.67 6.77 6.69 6.47 6.20 6.02 5.96 5.95 6.00 6.18 6.48 6.96 7.52 7.82 7.94 8.06 8.30 8.48 8.62 8.63 8.38 7.89 7.03 6.09 5.29 5.06 5.26 5.72 6.22 6.72 7.01 6.94 6.50 6.05 5.69 5.47 5.38 5.39 5.43 5.50 5.59 5.68 5.80 5.90 6.01 6.15 6.29 6.42 6.52 6.73 7.19 7.71 7.75
7.24 7.34 7.65 7.92 7.86 7.66 7.31 6.72 6.33 6.25 6.24 6.21 6.34 6.84 7.50 7.73 7.85 7.87 7.91 8.05 8.24 8.02 7.30 6.41 5.98 5.92 5.99 6.11 6.35 6.72 7.07 7.28 7.21 7.04 6.84 6.73 6.71 6.67 6.51 6.29 6.18 6.27 6.54 6.97 7.29 7.29 7.32 7.54 7.95 8.25 8.44 8.32 7.83 7.31 6.75 6.27 6.30 6.41 6.37 6.18 6.00 5.94 5.87 5.68 5.40 5.14 5.01 5.00 5.01 4.98 4.94 4.94 5.00 5.12 5.25 5.38 5.51 5.70 5.99 6.30 6.61 6.91 7.05 6.78
7.44 7.71 8.19 8.25 8.08 7.47 6.75 6.07 5.86 5.99 6.00 5.83 6.01 6.71 7.43 7.54 7.57 7.55 7.29 7.04 7.10 7.02 6.59 6.18 6.02 6.00 6.03 6.09 6.33 6.80 7.26 7.53 7.58 7.65 7.81 8.06 8.14 7.96 7.58 7.10 6.62 6.32 6.30 6.31 6.19 6.11 6.09 6.35 7.07 7.95 8.35 8.31 8.05 8.04 8.08 8.07 7.86 7.56 7.06 6.42 5.81 5.39 5.22 5.09 4.88 4.69 4.72 4.94 5.11 5.10 4.96 4.81 4.73 4.78 4.93 5.08 5.22 5.49 5.86 6.14 6.32 6.41 6.37 6.07
7.87 8.14 8.66 8.56 8.15 7.44 6.56 6.04 6.11 6.22 6.12 5.95 6.11 6.66 7.04 6.98 6.80 6.69 6.46 6.30 6.43 6.39 6.01 5.81 5.80 5.91 6.17 6.47 6.71 6.97 7.43 7.88 8.34 8.99 9.68 10.10 10.07 9.68 9.16 8.56 7.84 7.11 6.60 6.30 5.99 5.82 6.06 6.57 7.49 8.28 8.43 7.96 7.55 7.61 7.82 7.88 7.63 7.12 6.46 5.86 5.39 5.08 4.96 4.95 4.89 4.87 5.10 5.40 5.44 5.23 4.93 4.72 4.73 5.00 5.36 5.65 5.90 6.28 6.56 6.54 6.33 6.10 5.97 5.91
8.12 8.47 8.82 8.62 8.14 7.59 6.88 6.69 6.99 7.17 6.90 6.61 6.62 6.75 6.69 6.42 6.11 5.98 6.03 6.14 6.32 6.08 5.57 5.40 5.52 5.79 6.21 6.71 7.12 7.48 8.01 8.63 9.41 10.23 10.76 10.83 10.60 10.29 10.03 9.72 9.20 8.50 7.79 7.24 6.77 6.70 6.92 7.54 8.32 8.66 8.28 7.09 6.20 5.60 5.66 5.95 5.99 5.69 5.33 5.05 4.83 4.72 4.78 5.02 5.40 5.69 6.06 6.25 5.91 5.34 5.02 5.05 5.46 6.09 6.63 7.01 7.38 7.79 7.94 7.70 7.22 6.86 6.70 6.59
8.46 8.45 8.64 8.59 8.28 8.01 7.89 8.21 8.55 8.53 8.19 7.74 7.33 6.93 6.46 6.00 5.74 5.88 6.24 6.56 6.64 6.25 5.72 5.52 5.65 5.90 6.21 6.69 7.43 8.28 9.00 9.61 10.08 10.22 9.91 9.34 9.14 9.43 9.77 9.92 9.83 9.45 8.86 8.19 7.71 7.47 7.47 8.01 8.63 8.65 7.71 6.37 5.34 4.70 4.47 4.45 4.55 4.63 4.63 4.57 4.53 4.63 4.96 5.47 6.12 6.71 7.04 6.91 6.39 5.70 5.54 5.97 6.71 7.44 8.02 8.46 8.84 9.02 8.88 8.55 8.25 8.04 7.81 7.53
8.51 8.13 8.16 8.64 8.92 9.16 9.55 9.99 10.21 9.88 9.35 8.83 8.22 7.36 6.49 6.03 5.93 6.25 6.77 7.10 7.04 6.63 6.15 5.93 6.01 6.31 6.72 7.37 8.26 9.10 9.54 9.71 9.48 8.79 7.75 7.11 7.32 7.97 8.50 8.86 9.17 9.36 9.27 8.92 8.42 7.99 7.87 8.27 8.53 8.14 6.90 5.98 5.38 4.80 4.30 3.97 3.99 4.24 4.44 4.53 4.70 5.11 5.69 6.33 6.97 7.41 7.50 7.26 6.86 6.56 6.46 6.93 7.61 8.31 8.83 9.12 9.10 8.73 8.03 7.50 7.29 7.24 7.23 7.17
8.07 7.63 7.52 8.34 9.20 9.88 10.37 10.59 10.61 10.32 9.90 9.47 8.94 7.99 7.09 6.65 6.54 6.65 6.94 7.10 6.95 6.57 6.23 6.12 6.32 6.78 7.41 8.08 8.58 8.77 8.65 8.18 7.35 6.31 5.68 5.85 6.42 6.72 6.73 7.01 7.57 8.18 8.71 8.96 8.82 8.41 8.17 8.37 8.11 7.11 5.94 5.31 4.74 4.22 3.83 3.74 3.95 4.29 4.63 4.97 5.39 5.97 6.58 7.08 7.43 7.56 7.52 7.47 7.42 7.38 7.44 7.79 8.44 8.93 8.96 8.54 7.70 6.57 5.61 5.10 4.98 5.16 5.51 5.79
7.96 7.77 7.63 7.87 8.45 9.07 9.41 9.43 9.24 9.16 9.20 9.17 9.00 8.54 7.98 7.49 7.14 6.88 6.74 6.56 6.26 5.98 5.93 6.04 6.34 6.76 7.16 7.32 7.14 6.76 6.23 5.44 4.64 4.11 4.24 4.91 5.29 5.22 5.14 5.40 5.83 6.42 7.08 7.64 8.04 8.15 8.16 8.18 7.74 6.55 5.38 4.39 3.70 3.46 3.56 3.92 4.32 4.68 5.11 5.68 6.26 6.80 7.21 7.49 7.66 7.75 7.83 7.92 7.98 7.97 8.10 8.59 9.00 8.79 7.91 6.59 5.33 4.54 4.19 4.19 4.47 4.91 5.25 5.34
8.23 8.35 8.01 7.57 7.16 7.10 7.02 6.72 6.46 6.65 7.11 7.59 7.91 8.12 8.14 7.90 7.48 6.99 6.53 6.03 5.54 5.41 5.56 5.76 5.90 5.95 5.80 5.39 4.90 4.55 4.21 3.89 3.71 3.72 3.90 4.10 4.19 4.28 4.39 4.54 4.71 4.96 5.31 5.82 6.57 7.60 8.04 8.14 7.65 6.64 5.29 4.17 3.69 3.81 4.28 4.77 5.01 5.20 5.62 6.33 7.10 7.59 7.95 8.21 8.41 8.61 8.73 8.70 8.58 8.47 8.63 8.99 8.70 7.42 5.87 4.82 4.44 4.32 4.42 4.82 5.42 5.99 6.18 6.14
8.34 8.24 7.70 6.96 5.86 5.05 4.49 4.07 4.01 4.25 4.69 5.14 5.74 6.46 7.19 7.53 7.42 6.97 6.38 5.77 5.33 5.25 5.32 5.34 5.21 4.93 4.56 4.27 4.10 3.99 3.95 4.06 4.35 4.56 4.53 4.50 4.54 4.68 4.82 4.91 4.96 5.05 5.31 5.92 6.80 7.91 8.35 8.22 7.47 6.31 5.31 4.77 4.66 5.03 5.53 5.82 5.76 5.78 6.27 7.22 8.08 8.72 9.11 9.34 9.57 9.86 9.97 9.87 9.66 9.44 9.33 8.90 7.57 5.97 5.15 5.07 5.23 5.21 5.29 5.73 6.45 6.97 7.11 7.35
7.97 7.40 6.57 5.87 4.70 3.81 3.40 3.34 3.48 3.90 4.31 4.58 4.98 5.63 6.35 6.90 7.06 6.85 6.37 5.88 5.56 5.39 5.25 5.05 4.83 4.63 4.57 4.68 4.77 4.75 4.67 4.70 4.98 5.43 5.65 5.76 5.82 5.86 5.88 6.00 6.25 6.64 7.10 7.80 8.58 8.99 8.76 8.17 7.27 6.36 5.72 5.54 5.72 6.16 6.64 6.86 6.69 6.81 7.51 8.54 9.52 10.20 10.53 10.62 10.62 10.69 10.82 10.86 10.82 10.45 9.82 8.75 7.04 6.21 6.31 6.67 6.72 6.48 6.42 6.79 7.38 7.86 8.24 8.74
7.66 7.07 6.04 5.06 4.28 3.92 4.12 4.57 5.09 5.68 6.12 6.31 6.55 6.70 6.72 6.66 6.70 6.71 6.51 6.20 5.87 5.56 5.26 5.04 4.98 5.07 5.28 5.51 5.70 5.78 5.70 5.53 5.64 6.09 6.57 6.92 7.09 7.11 7.07 7.27 7.81 8.37 8.96 9.47 9.65 9.20 8.37 7.62 7.06 6.63 6.25 6.20 6.54 7.13 7.59 7.68 7.72 8.01 8.92 10.02 10.85 11.20 11.19 11.04 10.83 10.68 10.67 10.72 10.87 10.70 10.18 9.53 8.58 8.33 8.75 9.09 9.00 8.61 8.45 8.52 8.72 9.02 9.46 9.79
7.66 7.21 6.13 5.13 4.80 5.31 6.23 7.07 7.78 8.32 8.65 8.79 8.71 8.22 7.50 6.90 6.65 6.65 6.60 6.40 6.09 5.75 5.46 5.35 5.47 5.68 5.87 6.09 6.39 6.66 6.78 6.81 6.90 7.13 7.50 7.94 8.31 8.45 8.57 8.89 9.34 9.73 9.90 9.72 9.00 7.79 6.67 6.29 6.52 6.63 6.79 7.04 7.54 8.09 8.33 8.20 8.35 9.02 10.06 10.84 11.10 10.88 10.46 10.15 10.03 10.01 10.07 10.03 9.99 10.10 10.39 10.63 10.99 11.20 11.47 11.81 11.90 11.73 11.47 11.06 10.68 10.42 10.34 10.07
7.30 6.59 5.53 5.11 5.71 6.95 8.30 9.36 10.04 10.28 10.24 10.04 9.66 8.91 8.12 7.45 7.03 6.80 6.67 6.51 6.29 6.11 6.00 6.01 6.09 6.22 6.39 6.66 6.99 7.35 7.77 8.24 8.67 9.03 9.30 9.54 9.65 9.63 9.86 10.21 10.34 10.11 9.55 8.56 7.20 5.84 5.10 5.23 6.14 6.86 7.46 8.00 8.49 8.71 8.65 8.47 8.86 9.77 10.40 10.60 10.15 9.43 8.80 8.52 8.63 8.93 9.18 9.23 9.06 9.16 9.91 10.80 11.61 12.10 12.45 12.93 13.23 13.22 12.91 12.48 11.88 11.32 10.63 9.74
6.25 5.57 5.03 5.56 7.00 8.69 9.92 10.58 10.80 10.59 10.20 9.79 9.37 8.87 8.43 7.96 7.45 6.99 6.76 6.65 6.61 6.67 6.85 7.00 7.07 7.10 7.30 7.56 7.85 8.26 8.89 9.65 10.32 10.82 11.04 10.85 10.51 10.31 10.37 10.35 9.90 9.02 7.86 6.51 5.37 4.81 4.83 5.54 6.70 7.68 8.57 9.24 9.51 9.31 8.97 8.97 9.48 9.92 10.04 9.49 8.56 7.64 6.94 6.56 6.76 7.01 7.24 7.42 7.57 7.87 8.44 9.28 10.17 10.77 11.17 11.56 11.87 11.95 11.96 11.85 11.57 11.04 10.38 9.48
6.47 6.19 6.37 7.49 9.01 10.22 10.68 10.59 10.18 9.53 9.04 8.71 8.41 8.28 8.17 7.92 7.51 7.08 6.91 7.01 7.28 7.70 8.13 8.39 8.50 8.55 8.70 8.92 9.22 9.70 10.37 10.97 11.30 11.33 11.03 10.51 10.14 9.88 9.61 8.96 7.97 6.87 5.69 4.74 4.50 4.89 5.73 6.90 7.86 8.84 9.62 9.98 10.00 9.88 9.56 9.50 9.63 9.54 9.00 7.89 6.78 5.86 4.97 4.60 4.68 4.67 4.60 4.89 5.47 5.96 6.75 7.34 7.74 7.95 8.09 8.33 8.31 8.52 8.86 9.13 9.74 10.13 10.08 9.84
7.64 8.09 9.04 9.86 10.51 10.80 10.38 9.59 8.78 8.25 7.97 7.74 7.53 7.47 7.45 7.39 7.24 7.10 7.20 7.56 8.15 8.79 9.29 9.64 9.75 9.85 10.03 10.29 10.66 11.13 11.48 11.43 10.95 10.16 9.23 8.62 8.67 8.49 7.77 6.65 5.54 4.80 4.31 4.38 4.96 5.76 6.85 7.93 8.89 9.70 10.00 10.02 9.88 9.81 9.75 9.56 9.24 8.63 7.55 6.35 5.25 4.17 3.48 3.42 3.53 3.50 3.52 3.86 4.41 5.01 5.62 6.15 6.31 6.17 5.94 5.87 6.06 6.60 7.08 7.46 8.05 8.87 9.52 9.76
8.48 9.22 10.23 10.58 10.61 10.19 9.34 8.48 7.74 7.47 7.37 7.16 6.97 6.86 6.83 6.91 7.01 7.16 7.42 7.74 8.13 8.54 9.00 9.53 9.87 10.18 10.56 10.95 11.26 11.36 11.06 10.22 8.97 7.86 7.13 6.96 6.96 6.44 5.44 4.61 4.07 3.93 4.25 5.10 5.93 6.76 7.75 8.68 9.50 9.80 9.55 9.14 8.94 8.99 9.07 8.94 8.49 7.74 6.61 5.51 4.45 3.49 3.13 3.30 3.53 3.64 3.95 4.53 5.03 5.19 5.33 5.49 5.52 5.31 4.98 4.92 5.43 6.21 6.57 6.69 7.12 7.67 8.35 8.79
8.99 9.42 9.94 10.00 9.68 8.95 8.18 7.60 7.23 7.06 6.92 6.67 6.53 6.44 6.49 6.68 6.94 7.15 7.27 7.26 7.24 7.29 7.59 8.17 8.98 9.69 10.30 10.64 10.57 10.04 9.05 7.71 6.40 5.65 5.41 5.40 5.01 4.36 3.84 3.77 3.99 4.50 5.33 6.16 7.01 7.90 8.60 9.28 9.60 9.36 8.82 8.41 8.21 8.15 8.17 8.15 7.93 7.40 6.46 5.39 4.52 4.06 4.15 4.54 4.79 4.94 5.39 5.76 5.66 5.38 5.23 5.21 5.07 4.78 4.53 4.69 5.27 5.72 5.71 5.78 6.15 6.48 7.02 7.70
9.40 9.05 8.82 8.89 8.34 8.00 7.40 6.91 6.71 6.58 6.39 6.19 6.04 6.04 6.27 6.60 6.93 7.08 7.07 6.96 6.93 7.08 7.47 8.11 8.93 9.54 9.75 9.53 8.87 7.87 6.64 5.55 4.62 4.13 4.01 3.96 3.75 3.57 3.66 4.12 4.86 5.73 6.47 7.30 8.21 8.95 9.43 9.63 9.35 8.75 8.18 7.82 7.59 7.54 7.69 7.81 7.80 7.50 6.85 6.01 5.47 5.47 5.83 6.20 6.40 6.64 6.81 6.48 5.82 5.53 5.54 5.25 4.80 4.56 4.56 4.75 5.02 5.10 5.00 5.18 5.49 5.72 6.14 7.03
9.60 8.94 8.15 8.09 8.02 7.78 7.47 7.01 6.70 6.56 6.35 6.17 6.04 6.10 6.37 6.72 7.06 7.29 7.43 7.55 7.85 8.39 9.03 9.56 9.75 9.53 8.89 7.98 6.93 5.90 4.87 4.13 3.81 3.75 3.75 3.80 3.97 4.27 4.62 5.07 5.77 6.51 7.34 8.33 9.23 9.83 10.03 9.66 8.97 8.15 7.44 6.99 6.92 7.12 7.49 7.80 7.82 7.71 7.51 7.28 7.21 7.47 7.86 8.14 8.26 8.15 7.75 7.16 6.69 6.59 6.27 5.59 4.89 4.79 4.93 4.88 4.87 4.94 5.02 5.17 5.36 5.54 5.86 6.46
9.76 9.05 8.06 7.80 7.78 7.83 7.88 7.71 7.45 7.35 7.25 7.00 6.92 6.98 7.10 7.18 7.37 7.71 8.10 8.50 9.04 9.64 9.98 9.91 9.40 8.52 7.45 6.30 5.21 4.36 3.85 3.72 3.92 4.36 4.62 4.77 4.98 5.33 5.73 6.04 6.45 7.06 8.03 9.10 9.93 10.30 10.10 9.42 8.55 7.66 6.87 6.52 6.66 7.04 7.43 7.57 7.52 7.77 8.09 8.45 9.03 9.71 10.27 10.59 10.36 9.83 9.08 8.49 8.33 7.99 7.00 5.89 5.43 5.63 5.62 5.21 5.11 5.37 5.55 5.58 5.57 5.59 5.79 6.06
9.61 8.80 7.76 7.46 7.44 7.75 7.99 8.08 8.01 7.97 7.93 7.74 7.74 7.83 7.87 7.77 7.67 7.85 8.32 8.88 9.35 9.49 9.14 8.35 7.43 6.55 5.71 4.81 4.02 3.67 3.80 4.37 4.97 5.36 5.68 5.92 6.13 6.36 6.67 6.83 7.11 7.70 8.76 9.67 10.26 10.23 9.65 8.88 8.20 7.60 7.05 6.77 6.89 7.14 7.18 7.10 7.28 7.91 8.52 9.31 10.25 11.04 11.55 11.56 11.71 11.32 10.74 10.29 9.73 8.89 7.78 6.82 6.65 6.72 6.44 6.05 6.15 6.51 6.56 6.29 5.97 5.76 5.70 5.73
9.23 8.67 7.84 7.46 7.37 7.51 7.79 8.03 8.08 7.95 7.68 7.45 7.48 7.63 7.75 7.73 7.58 7.63 8.03 8.45 8.48 7.95 7.03 6.05 5.26 4.64 4.12 3.74 3.62 3.91 4.74 5.66 6.17 6.45 6.65 6.87 7.14 7.34 7.42 7.55 7.89 8.53 9.28 9.91 9.95 9.41 8.60 8.12 8.05 7.96 7.80 7.67 7.48 7.45 7.28 7.25 7.63 8.33 8.89 9.74 10.50 11.16 11.40 11.29 11.41 11.49 11.42 11.35 10.91 10.19 9.63 9.18 8.78 8.16 7.48 7.33 7.71 8.04 7.72 7.02 6.30 5.76 5.41 5.43
9.34 9.08 8.42 7.93 7.75 7.65 7.74 7.95 8.04 7.91 7.55 7.22 7.11 7.11 7.13 7.10 7.15 7.35 7.65 7.55 6.85 5.74 4.71 3.95 3.33 2.87 2.63 2.83 3.57 4.73 5.92 6.66 7.10 7.36 7.54 7.71 7.82 7.83 7.84 8.00 8.48 9.02 9.56 9.69 9.22 8.21 7.65 7.56 7.79 8.23 8.33 8.28 8.22 8.04 7.84 7.80 7.97 8.43 8.96 9.67 10.03 9.94 9.36 9.13 9.53 10.27 10.86 11.36 11.70 11.72 11.74 11.51 10.85 10.01 9.26 9.15 9.24 8.97 8.16 6.96 6.02 5.48 5.23 5.15
9.62 9.16 8.48 8.14 8.03 7.95 7.83 7.87 8.03 8.16 8.10 7.81 7.56 7.29 7.02 6.80 6.88 7.11 7.03 6.29 5.04 3.85 2.98 2.46 2.16 2.01 2.10 2.61 3.59 4.82 5.91 6.53 6.94 7.30 7.62 7.85 7.81 7.75 7.78 8.08 8.61 9.21 9.62 9.43 8.81 7.97 7.50 7.41 7.57 7.91 8.31 8.41 8.55 8.46 8.20 7.86 7.80 7.96 8.48 8.97 9.05 8.48 7.72 7.49 7.77 8.51 9.50 10.37 11.11 11.65 12.05 12.17 11.78 11.30 10.96 10.63 9.93 8.80 7.47 6.35 5.75 5.45 5.16 4.83
9.28 8.48 7.61 7.58 7.74 7.78 7.62 7.51 7.74 8.09 8.29 8.15 7.86 7.52 7.21 6.92 6.86 6.74 6.17 5.08 4.02 3.23 2.72 2.50 2.47 2.60 2.93 3.40 3.99 4.55 5.01 5.39 5.72 6.07 6.45 6.76 6.98 7.15 7.46 7.99 8.50 9.08 9.28 8.87 8.29 7.73 7.26 7.17 7.26 7.44 7.75 8.19 8.36 8.32 8.02 7.48 7.26 7.27 7.75 8.16 8.01 7.25 6.72 6.84 7.29 7.75 8.19 8.65 9.20 9.74 10.21 10.60 10.94 11.12 11.14 10.87 9.74 8.12 6.99 6.44 6.10 5.53 4.90 4.69
8.24 7.62 7.00 7.03 7.04 6.85 6.63 6.66 6.87 7.33 7.73 7.83 7.64 7.38 7.21 6.98 6.78 6.38 5.66 4.89 4.34 4.04 3.89 3.86 3.92 4.13 4.37 4.65 4.87 4.97 5.05 5.05 5.05 5.11 5.27 5.63 6.21 6.65 7.19 7.79 8.24 8.55 8.29 7.35 6.37 5.99 6.02 6.20 6.42 6.88 7.27 7.65 7.87 7.73 7.36 6.92 6.70 6.85 7.20 7.50 7.27 6.54 6.35 6.60 7.08 7.39 7.37 7.25 7.34 7.64 7.69 8.06 8.84 9.64 10.11 10.19 9.60 8.49 7.59 7.09 6.27 5.34 4.87 5.07
7.57 7.53 7.51 7.37 6.81 6.26 6.04 6.03 6.09 6.42 6.96 7.35 7.44 7.31 7.12 6.85 6.57 6.21 5.77 5.46 5.40 5.44 5.52 5.57 5.63 5.72 5.85 5.88 5.93 5.99 5.95 5.73 5.40 5.14 5.11 5.45 6.00 6.48 7.05 7.58 7.87 7.77 6.92 5.42 4.60 4.64 5.06 5.56 6.11 6.57 6.99 7.26 7.24 7.09 6.78 6.64 6.63 6.86 7.02 7.20 7.11 6.82 6.76 6.76 6.79 6.58 6.31 6.23 6.39 6.60 6.69 6.87 7.37 8.07 8.45 8.99 9.44 9.31 8.63 7.59 6.30 5.65 5.80 6.32
8.04 8.38 8.72 8.42 7.78 6.90 6.35 6.07 5.85 5.81 6.09 6.63 7.06 7.21 7.04 6.66 6.39 6.22 6.18 6.37 6.64 6.93 7.17 7.30 7.36 7.26 7.07 6.87 6.68 6.54 6.45 6.27 6.01 5.75 5.60 5.75 6.22 6.69 7.26 7.63 7.61 7.10 6.05 4.94 4.75 5.22 5.91 6.59 7.00 7.09 7.03 7.00 6.84 6.77 6.68 6.70 6.74 6.97 7.04 7.28 7.44 7.40 7.10 6.59 6.11 5.72 5.48 5.57 5.95 6.28 6.46 6.68 6.88 7.18 7.42 8.00 8.92 9.51 9.46 8.80 7.79 7.50 7.84 8.21
8.72 9.11 9.38 9.02 8.41 7.62 6.94 6.38 5.90 5.50 5.35 5.64 6.23 6.68 6.78 6.52 6.33 6.38 6.74 7.32 7.83 8.30 8.69 8.93 8.90 8.68 8.33 7.89 7.39 6.93 6.59 6.39 6.35 6.48 6.67 6.77 7.01 7.45 7.95 8.13 7.97 7.36 6.49 6.11 6.53 7.25 7.94 8.29 8.27 7.71 7.23 6.87 6.75 6.70 6.71 6.77 6.80 7.04 7.23 7.67 7.88 7.70 7.14 6.33 5.62 5.19 5.15 5.39 5.75 6.04 6.22 6.42 6.67 6.73 6.99 7.43 8.15 9.06 9.78 10.33 10.47 10.24 9.99 9.85
