project/data/elevation/US_DEM2016/US_DEM2016_point_10-28-2019_0038_30m_ang.asc
ncols	125
nrows	167
xllcorner	-2042055.000000
yllcorner	1465035.000000
cellsize	30.000000
NODATA_value	-9999.000000
[rows 0 to 57 of 167, columns 0 to 95 of 125]
27 29 29 20 10 5 4 5 7 10 12 10 7 8 12 14 14 12 10 9 9 10 10 12 13 13 15 16 16 18 21 23 25 28 30 26 20 15 13 12 12 12 12 14 17 19 19 16 14 14 14 14 14 13 13 14 16 17 18 19 18 16 12 10 11 13 16 19 21 22 21 19 18 16 16 16 15 11 9 12 13 11 12 15 16 14 14 14 14 13 13 14 14 14 13 12
27 29 29 20 10 5 4 5 7 10 12 10 7 8 12 14 14 12 10 9 9 10 10 12 13 13 15 16 16 18 21 23 25 28 30 26 20 15 13 12 12 12 12 14 17 19 19 16 14 14 14 14 14 13 13 14 16 17 18 19 18 16 12 10 11 13 16 19 21 22 21 19 18 16 16 16 15 11 9 12 13 11 12 15 16 14 14 14 14 13 13 14 14 14 13 12
34 34 28 16 4 359 358 1 6 11 13 11 7 8 13 16 16 13 10 9 9 10 11 12 14 16 18 19 20 22 24 25 27 30 30 25 19 14 11 11 12 12 13 15 17 18 17 14 13 13 14 14 15 14 13 15 17 18 19 20 19 15 11 9 10 14 18 20 21 20 19 18 16 16 16 16 14 9 8 12 14 11 11 16 17 15 13 14 14 13 12 13 14 13 11 10
43 39 28 13 357 346 344 350 0 10 15 13 8 9 17 21 19 15 12 10 9 10 12 15 18 22 25 25 25 26 27 28 29 28 27 23 18 13 8 7 9 11 12 14 15 15 14 13 13 13 15 15 16 15 15 16 18 20 21 21 20 15 10 8 10 15 19 21 21 20 19 18 17 17 17 16 13 8 7 12 15 10 9 15 18 17 15 14 13 12 11 12 12 11 8 7
45 40 27 14 360 345 337 339 351 5 14 15 10 11 20 25 21 15 12 10 10 11 14 18 22 27 29 28 26 26 26 26 26 25 23 22 19 15 9 3 2 5 8 10 11 12 13 13 13 14 16 17 17 17 18 19 20 22 22 22 21 19 15 13 14 17 20 22 23 23 23 23 22 21 19 17 14 10 9 11 11 7 5 13 20 21 18 15 13 11 10 10 10 7 5 6
44 39 26 14 4 353 341 335 340 354 8 14 11 11 20 24 21 12 8 8 10 14 18 22 26 29 30 27 24 23 23 23 23 23 23 22 20 18 12 3 357 358 2 5 9 10 11 12 14 16 18 18 19 20 21 21 21 20 19 20 22 23 22 20 20 21 22 24 26 28 29 29 28 26 23 19 16 13 10 9 7 2 1 10 22 24 20 15 12 11 10 8 6 4 5 12
42 37 25 15 7 1 353 343 337 340 355 7 8 8 15 22 21 13 6 6 11 18 23 25 27 29 28 25 22 21 21 21 22 23 23 22 20 19 16 9 1 355 355 359 6 10 11 13 15 18 19 19 20 21 20 19 17 16 16 18 22 26 27 26 26 25 25 25 25 27 29 30 29 27 24 22 19 15 10 7 4 1 359 8 21 25 21 15 12 10 8 6 4 5 12 23
37 33 22 15 11 7 3 356 346 337 340 352 359 1 9 19 21 17 10 8 14 21 25 27 27 27 26 24 21 18 19 20 21 21 20 18 18 18 17 14 10 2 355 355 1 9 13 15 17 18 19 18 19 19 19 18 17 17 18 20 24 27 29 29 28 28 28 25 23 24 26 27 28 27 25 23 21 17 10 6 3 0 0 6 15 21 18 13 10 8 6 4 6 13 25 36
31 27 20 16 14 12 10 5 357 347 341 342 345 351 2 15 22 21 17 14 16 22 26 27 27 26 23 22 19 17 17 18 18 16 13 13 14 16 17 17 15 12 7 360 359 6 12 14 15 16 17 18 18 19 21 21 22 23 25 27 28 28 28 27 28 29 28 24 21 21 23 25 26 25 22 20 18 15 10 6 3 1 2 358 7 13 13 9 8 6 5 6 13 25 35 40
23 22 20 18 18 16 13 9 2 356 351 346 342 343 353 9 20 23 21 18 19 22 25 27 27 23 20 19 18 16 14 13 12 10 9 10 13 15 17 17 17 17 15 10 3 2 7 12 13 15 17 19 20 22 25 28 30 31 32 32 31 30 27 24 24 25 25 22 19 18 20 22 22 19 17 15 13 11 10 8 6 4 3 2 3 6 7 5 5 6 7 13 23 31 33 33
15 17 21 21 19 17 14 9 5 2 359 356 350 346 349 2 16 19 19 18 19 21 23 24 23 21 18 16 15 13 10 8 8 8 8 10 13 15 16 17 17 18 19 17 11 4 4 10 13 16 20 23 24 25 28 33 36 36 35 33 31 30 27 21 17 20 22 21 20 17 15 16 16 14 11 10 10 10 11 11 9 7 6 5 3 3 2 1 3 7 13 19 23 25 25 24
8 14 21 21 19 16 12 9 8 6 5 3 0 356 354 358 7 11 13 16 20 21 21 21 19 18 16 13 10 8 7 6 8 10 13 14 14 14 15 16 17 18 20 20 17 11 7 10 15 18 22 25 26 27 29 33 35 34 32 31 30 27 23 17 11 14 19 22 21 16 12 12 12 10 9 8 10 13 16 16 14 12 9 8 7 4 360 358 2 9 13 16 17 18 18 18
12 14 17 18 17 15 13 11 11 11 10 9 8 6 2 360 2 4 8 15 20 23 23 20 17 14 12 9 7 7 8 10 14 19 20 18 15 15 16 16 16 17 19 21 21 17 12 13 18 23 26 28 30 32 33 32 30 28 27 27 26 23 19 14 10 11 17 21 20 16 12 10 9 9 9 11 15 21 26 27 25 19 13 10 7 3 358 356 360 5 7 10 12 13 13 12
20 16 11 11 14 15 15 15 16 16 15 14 13 12 9 5 2 3 6 13 22 26 24 20 16 13 11 10 10 12 15 21 28 31 28 22 19 21 21 19 18 17 18 21 23 22 18 18 21 25 28 32 35 36 34 29 24 21 21 22 22 20 17 13 10 9 12 17 18 17 13 10 10 11 15 20 26 30 31 31 28 20 11 6 2 357 353 353 356 360 2 4 7 8 8 7
19 17 12 9 11 17 21 22 22 21 19 17 16 15 14 11 8 6 8 15 24 27 25 21 19 17 16 19 22 25 28 31 34 34 30 28 27 26 24 23 21 20 20 22 23 23 21 21 23 27 29 32 33 32 27 22 18 16 16 16 17 17 15 12 9 7 8 12 16 17 14 12 13 18 25 30 30 28 26 25 22 16 8 2 356 351 350 350 352 355 358 360 2 4 5 4
18 18 18 15 16 23 31 33 31 26 22 19 16 14 14 15 13 12 13 18 23 25 25 24 24 24 25 26 28 30 29 27 27 27 27 27 25 22 19 20 20 19 18 17 17 18 20 22 26 30 31 29 27 24 21 18 15 13 12 11 11 13 13 11 8 6 6 9 13 16 16 16 20 26 29 27 25 22 20 19 18 14 8 0 354 351 350 350 350 351 355 357 358 2 5 7
21 22 23 24 26 32 38 37 31 25 18 13 9 6 7 13 16 16 17 19 21 22 25 27 28 27 25 24 24 26 25 21 20 21 22 22 21 17 14 15 15 14 11 9 9 13 18 24 29 31 30 26 22 19 17 15 13 11 8 5 5 7 9 10 9 6 5 6 10 14 18 21 24 25 23 20 19 18 17 16 14 12 7 0 356 354 353 351 349 348 352 355 357 3 10 15
26 25 25 27 30 32 30 24 17 12 8 5 3 360 0 8 15 18 18 19 20 22 26 28 28 26 23 20 20 21 22 20 17 15 16 17 18 16 13 11 10 9 7 5 6 11 19 26 31 32 29 25 20 17 14 13 11 8 4 2 1 3 7 10 11 10 7 4 7 13 20 23 22 19 16 14 14 15 14 14 13 10 6 2 0 359 357 353 349 346 349 353 357 5 12 15
26 26 25 27 28 25 19 13 8 5 4 3 3 3 2 6 12 16 18 19 20 24 27 28 26 24 21 19 17 17 19 18 15 12 11 13 14 14 11 8 6 6 5 6 8 14 23 29 32 31 28 23 18 15 13 11 8 5 2 1 0 2 6 11 14 14 10 4 3 10 17 19 17 14 12 11 11 12 12 13 13 12 8 6 5 4 1 355 348 345 347 352 357 3 8 9
28 30 30 26 22 18 12 8 5 4 4 5 7 8 8 7 10 14 17 18 21 24 26 26 25 22 20 18 14 13 14 14 12 9 7 8 10 11 10 7 5 6 8 11 16 22 28 30 30 28 25 20 16 14 13 11 6 4 2 2 3 4 7 11 15 16 14 8 2 4 11 14 14 12 11 10 10 10 11 14 16 16 14 11 9 6 2 356 349 346 348 352 355 358 1 4
36 37 33 23 15 11 8 6 6 7 8 9 11 12 12 11 11 14 16 17 20 22 23 23 23 21 18 16 12 9 8 8 8 7 6 6 9 10 9 8 8 10 15 21 26 29 28 26 23 21 19 16 15 15 14 10 6 4 5 6 8 10 10 12 15 17 17 13 5 359 3 8 10 11 12 11 10 10 12 16 20 22 21 16 10 6 2 359 355 351 351 353 353 354 357 3
40 36 25 15 9 7 7 7 9 10 12 13 13 14 15 15 14 14 14 15 17 17 18 19 19 18 15 13 10 6 3 3 4 5 6 8 9 11 11 12 15 20 26 31 31 27 23 18 15 14 13 13 15 16 16 12 8 8 10 14 17 18 19 19 20 23 22 18 8 356 353 360 6 10 12 14 13 13 15 18 23 26 26 21 13 7 4 3 2 359 355 354 354 354 358 5
30 24 15 10 7 7 9 11 12 14 14 14 14 15 17 17 17 15 13 12 11 11 13 14 15 15 13 10 8 4 2 2 4 7 10 11 12 14 18 22 26 31 34 32 27 22 17 13 9 8 9 12 15 17 17 16 14 15 18 22 26 30 32 32 32 32 28 21 6 349 341 347 358 7 11 14 15 15 15 17 23 28 28 26 20 13 9 8 6 3 357 354 355 357 0 4
16 14 11 10 10 12 13 15 15 15 15 15 15 15 17 18 17 13 11 9 8 8 9 11 12 12 11 9 7 5 4 5 8 13 17 17 18 23 28 33 35 36 33 27 22 17 13 9 6 6 8 11 14 17 19 20 21 22 25 29 32 35 36 34 30 26 20 12 2 351 339 334 342 357 5 8 10 12 12 13 19 26 31 30 27 21 14 9 6 3 358 354 355 357 359 1
3 5 9 13 16 18 18 18 17 16 16 15 15 15 16 16 14 12 10 10 9 9 9 9 10 10 9 8 8 9 10 14 19 23 25 25 29 35 38 37 35 31 26 21 16 13 10 7 5 5 8 11 13 16 20 23 25 26 28 31 34 33 31 26 21 15 11 7 4 0 352 340 336 345 354 355 357 4 8 8 14 23 31 34 32 26 18 10 5 3 359 355 355 356 357 359
351 356 7 15 20 23 22 20 18 17 16 16 15 14 13 13 11 11 11 12 12 11 9 7 6 7 8 10 12 16 21 26 31 34 34 35 38 40 38 32 27 23 19 15 11 9 8 8 8 8 8 10 12 15 19 23 26 28 30 31 31 28 24 20 15 11 8 8 9 6 1 356 352 352 350 344 342 350 357 359 6 16 26 32 32 29 22 14 8 4 0 357 356 356 357 359
345 350 3 14 21 25 24 21 19 17 15 14 13 11 9 7 8 9 11 12 11 8 6 4 4 6 10 14 19 25 32 36 37 37 36 35 34 33 30 25 20 17 15 11 7 5 7 10 12 12 11 10 10 12 16 20 25 27 28 28 25 22 18 15 13 10 10 10 10 8 6 5 5 3 358 350 345 344 343 344 352 5 16 26 31 31 27 19 11 6 2 358 356 357 358 360
343 348 359 10 19 24 25 22 19 16 14 12 11 9 7 6 5 6 8 9 7 5 4 5 6 10 16 22 28 34 39 39 36 32 31 29 26 25 24 21 17 14 11 7 4 3 6 11 16 18 16 11 6 6 11 18 23 25 25 23 19 16 13 13 12 12 11 10 9 10 11 11 10 6 3 1 357 351 345 341 341 350 4 18 28 31 30 24 15 8 3 358 356 357 359 1
347 349 355 4 13 22 25 24 21 17 15 13 11 9 8 6 4 4 4 5 5 5 6 9 13 19 25 31 35 38 37 33 29 27 25 24 22 20 20 19 16 11 7 4 2 2 6 12 18 21 20 14 4 0 6 15 20 21 20 17 14 11 11 12 14 15 14 12 11 13 14 14 12 9 7 5 2 357 353 350 345 344 351 6 20 28 30 27 20 12 5 359 356 357 0 3
355 354 355 359 6 17 24 26 23 20 17 15 12 10 10 7 5 3 2 2 5 9 13 19 25 31 36 39 37 33 28 25 23 22 21 20 19 18 17 17 15 10 6 3 1 2 5 11 17 21 21 17 7 359 1 8 14 16 16 14 10 8 9 13 16 18 17 16 14 14 14 14 13 12 9 7 4 1 359 359 357 351 348 354 8 20 27 28 24 17 9 1 357 357 0 5
358 359 0 360 2 10 20 25 25 23 20 16 13 10 10 6 6 3 2 4 11 19 27 34 41 46 48 44 34 24 20 19 18 18 18 17 17 16 16 15 14 10 7 5 3 3 4 7 12 18 20 19 12 2 359 2 9 13 14 12 10 8 9 12 16 19 19 19 17 15 13 14 15 15 12 9 7 6 7 8 7 2 356 352 356 8 19 25 25 21 15 6 359 358 1 6
356 359 4 5 2 4 14 22 25 25 22 18 14 11 10 8 5 4 6 12 23 34 42 49 52 53 52 44 30 19 16 16 15 15 16 16 16 17 16 15 13 10 8 8 7 6 3 2 6 13 18 20 16 7 360 0 6 12 14 14 13 10 8 9 13 17 19 19 18 16 14 15 17 18 16 13 12 13 15 15 13 10 6 1 356 356 6 17 22 22 18 12 5 0 1 5
355 360 7 7 4 2 8 18 24 25 24 21 18 14 11 8 6 7 13 23 32 42 47 47 46 44 42 36 27 19 17 16 15 15 16 17 18 17 16 15 13 11 10 10 10 10 6 1 0 7 15 20 19 12 4 2 6 12 16 18 18 13 6 5 7 12 17 18 19 18 16 17 19 20 20 20 21 22 20 18 16 15 15 11 4 358 357 3 13 18 18 15 10 4 1 2
8 9 8 5 2 360 2 12 20 25 26 25 22 18 14 10 9 12 19 29 34 35 37 37 35 34 33 31 25 19 16 16 15 15 17 18 18 17 16 15 15 14 13 13 15 15 11 1 355 359 8 18 20 16 9 6 8 14 19 23 23 15 4 358 359 6 14 17 20 20 18 17 20 22 24 25 27 26 23 19 19 20 19 15 8 4 1 360 2 7 12 14 12 5 360 359
23 18 8 3 0 358 357 3 13 22 26 27 26 21 16 13 12 16 23 27 26 28 29 29 28 28 28 27 24 19 15 15 15 15 15 15 15 15 15 16 18 19 20 21 21 18 11 360 349 348 359 13 21 19 12 8 9 14 20 25 25 17 5 355 352 359 10 16 19 21 18 15 20 24 26 27 29 28 26 22 22 22 19 13 8 5 4 4 3 2 3 6 6 2 358 357
24 18 8 5 4 2 359 359 5 15 23 27 28 24 19 16 15 16 18 20 21 22 22 23 23 24 25 26 25 21 16 14 15 15 14 13 12 12 13 15 19 23 26 25 19 12 5 358 350 345 350 7 20 20 13 9 10 14 21 25 25 18 9 359 353 354 5 12 16 20 19 14 18 23 23 24 27 28 27 24 21 19 16 12 9 7 8 9 7 4 1 360 359 358 356 355
19 15 9 8 8 8 6 3 4 10 19 25 28 27 23 19 16 14 16 14 15 15 16 17 19 20 22 24 26 24 19 15 13 13 14 13 11 10 10 13 18 23 25 21 13 6 1 359 356 350 349 360 15 19 13 9 10 15 20 24 24 20 13 7 360 355 358 5 11 17 18 13 16 22 20 18 23 27 27 24 20 17 16 14 12 12 14 14 10 5 0 358 357 356 355 355
15 13 11 11 12 13 12 10 9 11 16 22 27 28 26 22 17 11 8 8 9 10 12 14 16 18 21 24 26 26 23 17 12 11 11 11 10 8 7 9 13 17 20 17 11 5 3 2 2 359 353 355 9 17 14 10 11 15 19 22 24 22 18 14 8 1 356 358 4 13 17 13 14 20 17 12 17 23 24 21 18 18 19 20 20 20 19 16 10 4 360 357 355 356 356 356
12 13 14 15 16 17 17 16 15 15 13 18 22 26 24 24 18 15 5 5 6 8 10 12 15 17 20 23 25 27 25 21 14 10 9 9 8 7 5 5 6 11 16 16 14 10 7 8 7 3 357 353 2 13 13 10 11 14 18 23 26 25 22 19 15 9 2 357 357 7 14 12 12 17 15 8 10 17 21 20 17 20 24 27 27 24 18 12 7 4 2 359 357 356 358 359
11 14 18 19 19 20 20 20 18 16 14 14 17 18 21 22 22 13 10 5 7 10 12 13 14 16 18 20 23 26 26 23 17 12 7 5 5 5 5 3 1 5 13 18 19 17 13 12 10 6 359 353 357 8 11 9 10 13 19 26 31 31 28 25 22 17 11 1 354 359 10 10 8 13 13 6 5 12 18 19 17 21 28 31 29 23 14 8 6 6 5 4 3 2 2 3
14 17 20 21 21 20 20 18 16 13 11 11 14 18 17 26 21 16 12 10 11 13 12 12 12 13 15 17 20 24 25 23 18 11 5 2 2 4 5 6 2 2 9 19 23 22 17 14 12 8 2 355 355 4 8 7 8 13 22 31 37 38 35 33 29 24 17 7 357 353 1 3 2 7 11 6 2 7 15 17 15 18 26 29 27 21 14 8 8 9 9 9 10 9 8 6
18 19 20 19 19 18 17 15 13 11 10 10 13 17 19 18 18 18 16 14 12 11 10 9 10 12 13 15 18 21 23 21 16 9 4 1 0 2 6 9 8 5 8 18 26 26 21 16 14 12 8 3 359 3 7 8 9 15 25 35 41 42 38 33 28 21 15 10 4 357 355 353 353 0 8 6 0 1 10 15 13 13 20 24 24 21 17 12 11 12 13 14 15 15 13 12
20 19 18 18 17 16 15 13 11 9 9 11 14 16 17 17 17 17 16 13 10 9 8 8 9 11 13 14 15 17 19 17 13 8 5 3 1 0 5 12 14 10 9 18 28 30 26 19 15 15 14 11 6 4 6 9 12 17 25 34 39 39 35 27 20 16 15 12 8 3 358 351 345 350 3 3 355 354 3 12 11 10 13 17 20 23 22 17 14 14 15 16 17 17 18 17
20 19 18 17 16 16 14 11 9 8 10 12 15 22 16 16 16 16 14 11 7 6 7 7 8 10 12 13 13 14 14 13 10 7 8 9 7 3 5 12 18 17 13 18 29 33 30 23 19 19 19 16 12 6 5 7 11 15 20 28 34 35 30 24 19 18 16 12 9 7 7 2 350 343 350 353 344 341 351 5 7 6 7 11 18 24 25 21 17 16 17 18 19 19 20 20
20 19 17 15 14 13 11 10 9 9 11 14 15 21 16 16 15 14 12 9 5 5 6 7 8 10 11 12 12 11 10 10 9 7 9 12 13 10 6 10 18 21 19 21 31 36 35 30 24 22 19 16 12 5 1 3 8 12 16 23 30 32 30 26 23 19 15 12 13 15 15 11 3 354 349 344 334 327 333 349 355 358 2 8 16 24 28 26 21 18 19 21 23 23 23 21
17 16 14 13 12 11 10 10 11 12 14 16 16 15 15 14 13 12 11 8 5 5 6 8 9 10 11 11 10 8 7 9 11 9 8 12 17 17 14 12 18 25 25 26 33 39 39 32 24 19 16 13 8 359 354 357 3 9 15 21 29 32 32 29 23 18 16 18 21 21 17 11 7 2 357 349 340 331 321 333 339 346 357 5 12 22 29 29 25 19 17 19 24 26 24 22
13 13 13 12 11 11 11 12 14 15 17 17 16 13 12 12 12 12 11 10 8 7 7 8 9 10 11 10 8 5 6 10 15 12 7 10 18 22 21 18 19 26 28 28 32 37 36 30 23 19 19 15 5 352 346 350 360 8 14 20 28 33 33 29 24 22 23 24 22 17 12 9 6 4 1 356 349 342 337 333 324 337 347 359 8 18 26 29 26 19 15 15 21 24 24 22
11 11 11 12 13 13 13 14 16 18 20 18 20 12 10 11 12 13 13 13 11 9 8 8 9 10 10 9 6 4 6 13 18 16 8 8 16 24 26 24 23 24 26 25 28 33 34 31 26 25 22 14 0 349 345 347 356 6 12 18 26 32 33 31 28 26 24 20 14 10 8 7 6 4 2 359 356 351 345 341 337 336 340 351 4 13 21 27 26 21 17 17 20 22 22 21
11 10 9 11 14 15 15 15 17 20 21 19 15 13 11 11 12 14 15 15 14 12 10 9 9 10 10 8 5 4 7 13 19 19 13 8 13 22 28 29 27 25 24 24 27 33 35 35 30 24 17 6 356 350 348 349 355 3 10 16 23 30 32 31 27 22 16 10 7 6 6 6 5 5 4 2 360 357 354 350 345 338 336 342 357 9 17 24 26 24 22 22 22 20 19 17
11 10 8 10 14 16 17 16 16 18 19 19 16 14 11 11 12 14 16 17 17 15 12 11 10 11 10 8 5 4 5 11 18 21 18 11 10 20 30 35 33 30 29 28 29 34 36 35 27 17 7 360 356 354 354 353 355 1 7 12 19 26 28 26 21 15 10 7 6 6 6 6 6 6 6 5 4 3 2 360 355 346 337 337 348 3 14 22 28 28 26 25 22 17 14 12
10 10 10 9 12 15 18 17 16 15 15 15 14 13 11 10 11 14 17 19 19 18 15 13 12 12 11 8 5 3 2 7 16 23 22 16 12 20 32 38 36 33 31 29 28 30 31 28 20 9 2 359 358 359 359 358 357 360 4 8 14 22 25 24 19 13 10 8 7 7 8 8 8 8 8 9 10 10 10 9 6 359 348 341 342 355 10 21 29 31 29 26 21 15 13 12
9 10 12 11 10 13 17 18 16 12 10 11 12 12 11 10 11 14 18 20 21 20 18 15 13 12 11 10 8 3 360 3 12 21 23 20 16 21 29 32 31 28 25 23 22 22 20 17 11 6 4 2 3 4 3 1 359 0 5 9 13 20 25 25 22 16 13 12 11 10 10 11 11 11 13 15 17 17 16 15 13 9 3 354 348 352 4 19 29 32 30 27 22 19 19 20
10 11 13 12 11 11 15 18 16 9 5 7 11 13 13 13 14 16 19 22 23 22 21 18 14 11 11 13 12 6 358 358 5 16 23 23 20 20 22 24 23 22 20 18 16 13 10 9 8 8 9 9 9 7 6 4 2 3 8 11 14 19 26 29 28 24 20 17 14 12 11 12 14 16 18 21 24 24 21 19 18 15 12 5 2 344 2 17 28 30 28 26 24 23 23 22
13 14 14 12 10 9 12 16 16 9 10 7 11 15 17 18 18 18 20 24 25 25 23 20 16 12 12 16 16 10 359 354 358 8 20 24 22 19 18 19 19 19 17 15 12 8 5 5 8 13 16 16 14 10 8 6 5 7 10 11 13 18 26 32 33 31 25 20 15 11 9 10 15 19 21 25 28 29 26 22 22 21 19 14 11 355 6 14 24 25 23 22 22 20 18 16
18 17 14 12 9 6 8 14 16 10 3 8 13 20 22 23 23 22 23 25 26 25 23 20 17 13 13 16 17 12 3 357 355 2 15 23 22 19 17 18 18 18 16 12 8 5 4 6 10 16 21 22 18 13 11 9 7 8 9 10 12 17 26 33 36 34 26 19 15 14 14 15 17 21 25 28 32 35 32 29 29 28 22 15 11 10 9 12 16 17 17 17 17 14 13 11
21 18 14 11 9 6 6 11 15 12 6 13 17 26 29 30 28 27 26 24 24 23 21 20 18 15 14 15 16 13 7 2 357 358 10 20 21 19 18 18 19 18 15 10 6 4 6 8 12 17 23 25 21 17 14 12 9 8 8 10 14 19 28 35 37 33 26 20 19 20 23 24 23 25 28 32 39 43 41 37 17 24 13 6 346 5 8 9 10 11 12 12 11 11 10 7
19 16 12 11 10 9 7 8 11 10 8 20 26 28 30 29 29 28 24 21 20 20 19 19 17 15 14 15 15 13 9 5 1 359 5 13 17 18 18 18 18 17 14 9 6 5 8 10 12 16 23 26 24 20 17 14 11 9 11 14 19 24 30 35 35 32 27 24 24 25 25 22 21 22 26 29 36 36 37 30 21 10 1 359 350 1 5 6 6 8 8 8 9 9 6 3
15 13 11 12 13 12 10 9 8 8 16 12 19 24 25 25 24 23 20 17 16 16 16 16 16 15 15 15 14 12 8 6 3 2 3 6 11 14 15 16 17 16 13 10 8 8 10 11 11 14 22 27 26 23 20 17 14 14 17 21 23 25 28 32 33 33 30 28 27 24 19 17 19 23 26 26 26 24 20 13 5 359 358 355 1 2 4 4 4 5 6 6 6 4 2 2
