project/data/elevation/US_DEM2016/US_DEM2016_point_10-29-2019_0808_30m_ang.asc
ncols	125
nrows	167
xllcorner	-2042055.000000
yllcorner	1465035.000000
cellsize	30.000000
NODATA_value	-9999.000000
[rows 0 to 43 of 167, columns 0 to 95 of 125]
319 343 359 10 8 342 340 348 6 23 350 334 20 83 158 226 320 28 39 321 340 1 9 359 7 39 105 153 171 183 199 257 335 7 66 145 166 174 182 184 184 189 195 310 337 355 10 6 4 127 162 197 246 342 5 13 14 27 191 303 353 20 27 12 38 123 175 189 180 187 195 191 257 327 352 4 5 1 2 4 357 348 351 357 4 21 68 151 179 197 241 329 348 350 352 5
319 343 359 10 8 342 340 348 6 23 350 334 20 83 158 226 320 28 39 321 340 1 9 359 7 39 105 153 171 183 199 257 335 7 66 145 166 174 182 184 184 189 195 310 337 355 10 6 4 127 162 197 246 342 5 13 14 27 191 303 353 20 27 12 38 123 175 189 180 187 195 191 257 327 352 4 5 1 2 4 357 348 351 357 4 21 68 151 179 197 241 329 348 350 352 5
286 313 344 8 14 339 325 336 14 33 359 336 56 79 78 284 309 53 45 308 324 4 17 360 26 87 117 143 168 200 244 291 327 14 67 115 145 158 173 185 196 219 273 313 322 346 5 8 46 122 155 230 270 325 7 23 26 33 28 280 310 56 53 31 41 70 92 172 180 195 201 201 238 288 336 4 8 5 6 13 6 328 327 346 12 49 96 141 180 214 251 298 328 337 347 10
264 274 303 354 14 351 317 310 21 32 9 3 77 70 24 319 304 93 22 301 307 8 30 31 113 120 121 129 170 267 293 305 320 21 57 65 73 97 137 177 216 258 302 311 303 320 352 30 98 119 162 267 277 299 15 43 45 45 40 31 190 179 161 157 359 25 28 33 35 298 258 251 261 270 289 350 13 18 29 54 74 270 281 305 53 91 111 133 190 242 255 266 287 305 331 34
250 255 273 314 7 4 347 337 354 31 37 46 52 47 14 320 120 94 339 284 292 358 56 94 124 126 119 119 276 289 294 304 328 14 40 41 38 49 69 110 221 243 258 271 273 274 285 95 103 110 207 262 263 264 81 79 76 69 58 51 61 182 206 227 284 344 20 30 22 6 353 332 308 292 281 285 52 82 105 117 119 217 252 233 139 111 110 121 225 259 262 265 271 272 237 125
195 220 246 270 327 3 4 4 11 80 86 68 39 27 14 340 109 102 154 249 254 211 110 116 127 128 119 113 289 289 294 308 335 11 26 23 24 36 49 61 134 215 222 226 226 223 201 131 99 87 300 271 260 234 175 124 113 109 94 70 60 60 230 237 240 242 351 38 29 20 13 359 330 290 245 203 170 145 136 130 132 184 226 208 159 122 107 96 280 276 277 277 268 224 171 150
133 175 225 250 266 310 9 33 60 101 108 99 110 274 1 39 96 106 131 227 233 189 133 124 126 127 120 309 295 288 291 304 333 6 10 8 15 31 45 52 61 142 198 203 203 204 196 147 98 73 327 286 268 228 187 156 148 146 141 107 85 89 154 216 219 213 206 188 126 95 106 141 193 209 203 198 190 143 89 96 116 161 199 194 167 133 112 80 296 287 283 276 240 169 150 150
126 162 212 238 254 273 356 62 81 100 114 124 159 209 209 139 108 100 107 222 229 183 142 129 126 127 287 306 303 289 281 283 298 332 341 350 9 28 38 42 43 47 77 162 192 209 211 164 107 80 317 300 300 256 197 176 173 173 174 152 117 116 152 220 235 233 219 204 179 146 141 166 226 238 241 272 314 357 36 61 72 86 154 183 169 139 124 268 289 288 271 244 186 146 136 140
114 155 222 240 243 239 158 127 107 86 92 108 143 205 207 176 131 107 98 248 229 171 143 135 131 149 291 299 303 294 277 259 208 201 226 243 310 17 30 35 35 34 39 51 52 261 256 130 109 67 306 308 351 28 37 43 215 179 176 167 131 98 33 308 300 306 265 226 199 126 61 338 338 346 329 320 333 37 75 75 59 39 35 41 100 110 107 283 286 280 226 194 165 137 117 80
90 101 250 248 242 211 159 169 180 95 73 77 93 176 200 190 158 124 94 304 232 137 128 128 133 283 292 290 292 293 286 244 167 180 198 202 204 211 189 36 27 25 30 35 27 326 293 92 89 323 299 297 66 76 68 66 104 145 165 186 357 10 5 345 329 350 142 261 339 42 338 323 337 4 162 167 168 173 167 147 104 18 25 33 47 66 44 287 277 217 162 171 160 99 32 355
68 43 322 265 238 196 166 182 205 207 81 63 62 94 178 189 175 161 222 297 96 104 104 101 345 304 301 293 286 284 279 185 143 160 183 191 195 199 199 201 258 6 26 38 40 9 328 76 42 317 298 273 149 122 121 130 147 170 211 298 328 350 8 3 353 69 146 255 359 63 252 209 171 165 155 156 168 188 201 206 242 319 30 52 62 71 69 264 243 168 132 125 333 349 347 341
43 29 9 334 248 189 174 198 225 234 210 65 56 60 71 147 180 205 235 234 136 107 95 61 324 309 309 301 279 251 216 170 153 156 169 187 193 189 196 204 209 214 169 70 64 40 44 73 352 316 311 282 155 139 131 133 150 209 273 306 327 352 23 28 43 81 114 245 236 108 155 156 158 168 156 143 193 260 213 238 256 271 86 88 84 83 92 221 225 198 355 340 336 337 335 335
309 353 21 21 18 40 314 280 279 274 269 30 57 55 50 51 74 218 227 208 158 125 107 350 313 301 289 260 216 198 183 169 160 161 176 199 197 174 183 203 204 203 193 148 111 91 95 101 301 310 18 109 148 145 125 109 109 270 281 296 326 83 135 127 72 73 70 243 216 160 136 134 156 191 199 47 127 139 157 224 247 254 96 97 90 80 76 114 255 288 319 325 329 332 328 330
257 244 246 31 32 25 1 337 328 321 314 43 79 66 56 52 56 76 217 199 166 143 157 273 280 248 219 189 172 169 169 167 159 151 170 197 191 171 168 193 207 204 194 170 132 110 110 158 270 275 98 112 141 142 70 51 35 299 281 289 43 132 166 196 122 44 40 24 314 279 97 108 123 282 205 158 162 152 169 238 254 263 56 68 70 65 59 37 292 280 287 293 301 310 307 304
236 239 250 295 60 45 14 352 353 358 80 121 136 123 91 71 67 74 153 181 169 164 216 251 208 183 189 175 147 137 145 161 153 26 27 53 161 160 157 210 260 259 258 285 29 94 109 236 271 261 122 105 79 347 7 36 41 320 291 297 115 139 169 196 216 297 25 27 13 31 82 54 11 27 155 186 155 88 327 291 251 246 311 51 54 53 57 54 292 257 254 258 260 251 221 193
309 306 297 264 129 131 150 188 184 164 144 127 132 154 158 109 84 82 104 149 171 215 278 278 150 150 198 232 51 56 53 4 323 343 5 16 26 30 6 338 332 334 339 333 354 79 84 290 282 263 139 130 333 330 11 51 54 330 297 249 128 142 166 191 209 225 241 34 44 84 109 336 38 53 350 352 13 18 349 25 183 218 238 41 50 52 60 71 99 243 246 246 236 205 175 171
299 318 342 125 140 162 186 203 201 180 149 106 96 115 173 146 109 94 93 95 320 303 308 336 23 19 343 334 356 15 21 4 317 317 343 1 12 16 1 341 339 347 355 358 44 73 46 316 284 231 155 189 264 308 74 83 66 352 176 153 141 131 150 199 225 236 240 207 100 98 94 275 57 0 344 1 21 25 26 72 139 201 223 228 37 52 60 69 72 251 247 238 221 186 149 139
270 255 141 131 131 159 198 214 227 229 89 75 69 72 105 147 132 112 95 38 329 315 315 338 3 3 351 342 341 353 7 8 342 313 316 335 359 13 7 346 338 349 11 49 89 88 43 319 278 255 271 304 319 47 115 120 106 127 142 157 165 49 31 354 284 257 247 215 95 55 25 73 139 176 200 216 45 44 61 99 136 188 225 246 281 45 60 67 66 6 245 233 222 219 354 346
248 214 163 153 160 156 158 181 200 208 204 67 62 70 81 109 126 123 115 317 313 315 318 332 352 356 355 355 345 331 341 356 357 345 323 314 337 3 11 0 341 352 85 111 126 142 168 237 285 313 340 350 47 121 119 132 138 136 143 202 303 349 13 14 358 304 267 238 107 4 28 80 117 153 200 217 184 155 146 146 160 193 233 268 304 38 64 69 65 56 252 246 258 290 312 315
228 194 167 172 170 163 172 192 218 234 248 305 71 79 81 86 100 112 160 288 299 309 317 329 347 355 356 1 2 329 316 333 351 359 346 309 309 343 23 53 126 153 143 140 145 161 193 261 295 310 115 150 170 176 143 135 138 135 164 301 312 341 18 29 23 355 320 314 346 328 25 66 75 61 306 281 152 119 115 119 149 213 244 265 324 69 77 71 62 55 12 270 273 277 270 251
180 158 151 156 151 164 196 239 270 288 303 344 80 88 88 88 92 92 300 291 296 305 314 326 344 354 354 0 7 345 307 308 334 20 42 251 252 232 131 129 145 152 148 146 154 188 286 302 292 169 145 154 178 197 176 136 136 148 314 312 312 331 53 61 41 16 360 359 355 355 10 43 43 19 351 346 11 28 39 50 47 302 259 244 203 146 112 71 59 61 55 271 261 250 227 200
108 124 143 150 153 186 260 294 313 327 347 46 92 99 99 98 94 77 304 293 298 305 310 317 332 345 352 360 10 359 299 258 193 152 160 195 212 189 154 144 148 150 144 143 279 317 316 310 155 138 130 130 180 217 201 149 162 292 315 318 303 177 145 126 81 55 46 13 355 12 19 28 31 16 2 356 9 35 37 35 34 12 291 245 232 230 318 54 71 77 83 252 248 233 215 206
112 127 145 156 177 270 296 311 331 358 36 85 103 109 107 102 95 53 299 288 288 289 284 280 290 313 340 3 30 70 171 181 171 162 165 189 198 177 155 148 149 147 130 340 318 319 314 220 117 94 50 18 7 352 325 137 269 287 303 316 203 164 163 168 143 118 109 291 297 37 48 31 27 16 2 5 107 98 73 49 47 42 8 285 266 287 9 74 87 87 91 236 245 240 240 260
94 96 100 87 301 300 303 311 340 39 74 97 106 111 110 104 95 337 292 275 264 248 229 224 240 256 263 123 122 133 148 159 163 165 173 189 187 167 153 148 142 75 350 322 315 316 207 147 96 10 2 2 10 17 24 19 313 280 240 181 190 187 176 170 167 154 150 230 259 127 75 50 36 28 38 107 103 82 56 52 54 49 28 339 289 276 67 89 89 86 87 203 245 248 252 254
62 46 30 7 327 300 296 309 348 56 82 97 102 110 114 110 105 290 289 275 253 223 200 207 233 237 206 159 146 143 144 146 152 161 174 186 181 159 139 133 334 337 332 320 314 336 136 167 254 312 351 8 22 34 35 19 341 294 234 210 220 218 179 162 175 186 184 214 229 196 149 99 104 137 146 110 75 49 36 37 32 26 32 13 311 251 175 96 87 84 86 126 242 248 247 241
349 19 30 21 349 289 262 269 18 74 90 97 98 106 113 114 121 287 295 302 291 287 309 307 269 227 183 155 147 144 142 141 143 148 159 180 187 109 24 346 324 322 323 319 316 128 135 190 254 264 240 115 126 105 53 24 0 340 320 300 303 114 148 164 180 192 200 210 209 206 207 135 123 148 172 138 83 48 31 35 33 24 35 40 11 269 231 106 88 87 86 90 256 255 248 240
261 256 62 45 24 311 258 242 180 97 99 96 90 91 97 100 282 286 294 306 314 318 313 284 219 188 164 149 143 140 136 130 109 23 5 359 343 341 349 344 323 313 315 355 134 125 112 273 271 259 182 140 153 168 174 121 19 332 336 352 111 147 165 181 188 196 203 196 180 198 222 104 112 135 174 151 131 159 0 59 60 49 34 45 42 352 267 128 92 88 86 77 274 260 248 240
257 248 94 56 41 4 288 256 221 119 104 96 87 81 80 78 284 271 277 287 293 276 207 181 174 169 156 143 138 134 115 31 355 346 349 354 348 337 340 346 333 317 339 127 125 78 17 339 300 267 172 127 144 169 183 181 197 253 276 125 136 150 174 201 195 190 203 199 192 207 216 141 132 150 150 141 156 197 224 84 69 55 45 53 52 25 334 118 93 85 86 92 238 243 236 231
258 247 178 83 56 29 336 284 252 123 106 105 103 96 89 85 241 257 258 259 235 180 167 165 165 164 156 143 131 105 350 339 341 341 341 349 352 343 335 342 346 356 114 119 17 344 353 358 339 285 166 123 124 142 170 189 227 249 193 128 128 133 196 98 199 185 211 212 207 223 223 145 156 180 178 135 154 195 219 210 54 51 55 65 72 50 32 60 84 81 81 88 182 226 227 218
251 233 201 159 82 42 2 318 295 98 102 110 117 116 110 109 182 257 254 234 191 161 157 159 160 159 154 149 152 318 319 321 327 333 335 340 348 344 332 336 12 96 127 168 308 323 354 28 33 54 140 134 108 98 118 244 266 253 142 114 93 0 343 344 23 37 84 235 225 223 195 163 172 190 190 159 170 204 238 268 26 59 73 84 105 124 107 100 97 87 75 64 64 218 225 212
251 240 228 216 118 48 4 333 347 80 89 95 103 109 111 117 226 265 251 206 169 154 151 152 155 151 133 134 249 280 284 280 274 278 292 307 321 326 318 326 92 116 141 234 266 263 143 83 71 74 99 130 121 77 57 298 267 238 118 90 11 327 340 7 27 29 8 319 271 243 202 165 172 192 189 185 202 234 272 309 41 82 94 105 113 122 126 133 126 103 69 56 63 90 225 231
282 282 271 255 184 130 233 237 156 102 89 84 86 90 94 96 270 263 223 170 154 147 122 111 116 75 44 34 312 249 231 210 205 214 221 228 235 247 262 175 111 111 130 268 264 248 189 114 88 79 83 94 118 74 54 314 263 227 109 58 330 311 333 50 65 52 31 7 340 328 340 47 93 176 201 216 240 265 294 21 103 113 109 115 127 111 108 121 140 137 98 78 83 97 230 266
278 287 295 279 171 151 180 190 178 149 114 94 90 89 88 88 255 237 185 152 133 89 92 43 21 355 3 16 22 207 194 180 181 194 203 209 213 223 235 145 109 87 344 316 305 288 196 137 126 110 85 65 43 87 81 290 259 238 100 23 306 294 75 99 86 67 39 15 4 356 359 37 49 37 327 278 269 269 241 152 141 140 115 96 89 93 94 100 128 168 165 126 107 112 241 267
261 262 268 264 115 130 159 176 181 176 150 115 98 93 91 97 186 202 182 72 95 346 4 12 358 347 355 13 29 41 69 119 145 176 199 215 223 236 238 132 107 16 326 339 358 20 116 133 142 149 91 58 46 88 100 180 258 254 98 329 272 240 164 117 80 54 26 17 21 12 42 82 61 33 8 338 280 240 213 196 179 158 129 69 57 66 77 88 111 154 176 145 114 115 237 252
260 251 236 206 111 107 126 156 181 186 174 143 110 95 91 95 132 194 66 121 319 335 351 357 352 348 354 8 26 37 40 37 31 22 324 277 262 258 243 116 106 275 284 65 106 117 116 110 120 210 118 55 50 71 90 192 264 259 106 182 238 223 196 162 93 60 37 44 53 53 88 100 80 45 20 24 354 242 229 225 213 171 171 149 44 49 57 69 80 82 99 100 81 77 234 243
250 235 230 229 143 91 92 113 166 186 185 169 133 102 91 92 101 267 288 297 308 322 334 343 347 346 352 6 25 40 48 41 14 356 348 336 315 293 286 86 95 231 229 178 153 152 145 122 75 337 234 87 64 76 80 335 272 262 109 134 220 232 224 200 133 107 94 105 114 100 100 104 79 43 13 30 32 346 275 244 209 186 187 211 290 53 55 54 49 34 25 29 42 51 40 261
256 257 265 270 199 92 87 91 122 175 189 188 163 120 99 95 92 292 314 289 291 296 302 312 321 327 340 1 24 43 55 56 6 326 332 341 338 330 357 76 93 174 211 194 178 177 182 198 6 45 77 202 113 88 77 344 284 275 96 101 225 246 237 214 164 140 115 102 105 104 102 100 71 35 12 14 18 6 341 301 207 182 199 231 254 73 61 44 33 28 27 29 39 48 42 337
291 301 307 319 81 104 98 96 107 149 185 195 184 145 114 101 83 286 277 269 259 248 241 239 245 263 285 330 14 40 55 60 25 298 302 322 335 348 77 112 110 129 165 178 190 207 229 265 321 57 66 78 154 96 78 347 293 294 80 75 311 271 256 234 196 171 129 92 88 92 88 68 63 45 347 346 356 358 5 7 25 59 267 267 271 94 62 34 32 38 41 41 48 52 53 48
290 304 324 48 100 113 108 104 102 113 172 199 187 158 131 111 351 287 264 244 225 212 207 208 215 230 234 254 324 28 47 48 28 324 296 298 311 121 135 140 128 102 114 152 210 238 260 304 25 73 83 110 185 108 80 345 293 299 75 62 337 297 289 278 247 226 143 78 80 80 71 53 71 70 286 285 304 10 8 9 35 31 350 304 230 131 151 159 94 74 67 59 59 63 71 79
278 286 2 93 100 109 108 100 84 57 20 13 136 144 142 176 106 310 102 219 201 200 205 217 231 240 233 236 261 342 28 34 27 5 327 245 166 143 150 175 216 59 74 69 277 261 251 221 136 100 97 125 178 130 93 314 283 283 83 58 322 303 320 341 343 322 21 85 85 74 59 49 62 49 272 225 177 167 251 199 143 65 5 342 145 152 176 207 232 56 65 75 79 82 83 82
268 264 116 92 87 92 90 78 53 26 19 40 84 111 138 88 308 336 355 158 185 221 244 257 258 247 232 224 240 267 356 40 51 75 148 167 157 132 137 217 264 357 55 43 354 283 254 227 199 159 108 117 149 146 142 254 264 251 87 53 302 293 329 38 46 38 106 110 98 80 59 51 58 52 259 207 174 172 185 187 185 180 141 67 110 142 206 255 300 32 63 78 91 95 90 88
263 254 152 87 79 79 72 55 31 20 39 76 94 89 336 307 313 343 20 30 355 326 315 304 294 274 233 212 238 247 237 109 121 143 161 177 169 78 41 323 293 335 62 56 27 317 280 279 279 247 104 105 119 136 185 243 255 252 69 41 289 262 214 134 117 122 132 132 124 103 78 67 66 54 7 222 178 163 165 191 223 255 292 36 89 93 274 280 297 76 81 79 91 103 103 103
263 257 211 96 86 84 72 45 27 34 69 95 103 58 316 313 318 341 9 8 345 334 331 327 327 329 340 330 271 250 196 131 127 134 158 232 287 358 12 348 321 15 91 68 41 345 303 315 359 33 88 96 97 103 205 258 268 276 349 32 257 220 205 192 181 150 135 144 150 145 124 99 85 65 41 44 95 123 129 223 267 273 279 340 79 46 317 289 249 121 99 88 94 107 109 110
264 257 211 127 106 98 84 46 41 63 88 97 97 91 298 305 312 331 357 357 331 323 324 325 322 320 334 333 290 260 152 118 100 40 12 332 288 299 8 5 356 101 113 76 45 354 304 302 75 95 98 97 99 98 259 275 281 289 314 43 122 190 216 227 221 157 137 150 164 171 167 142 119 112 107 82 58 46 36 350 270 260 254 194 83 37 329 290 168 141 126 112 106 105 104 99
