project/data/elevation/US_DEM2016/US_DEM2016_point_10-29-2019_1414_30m_vel.asc
ncols	125
nrows	167
xllcorner	-2042055.000000
yllcorner	1465035.000000
cellsize	30.000000
NODATA_value	-9999.000000
[rows 114 to 151 of 167, columns 0 to 83 of 125]
2.80 2.80 2.83 2.87 2.94 3.03 3.06 2.90 2.65 2.42 2.21 2.02 1.87 1.80 1.87 2.07 2.38 2.65 2.84 3.00 3.08 2.99 2.82 2.77 2.89 2.96 2.95 2.97 3.05 3.05 3.00 2.87 2.65 2.49 2.44 2.49 2.61 2.75 2.84 2.91 2.99 3.08 3.16 3.16 2.99 2.77 2.68 2.70 2.75 2.81 2.87 2.87 2.85 2.77 2.59 2.47 2.45 2.56 2.71 2.80 2.82 2.79 2.75 2.73 2.73 2.75 2.76 2.71 2.63 2.58 2.56 2.54 2.54 2.56 2.57 2.55 2.51 2.48 2.47 2.48 2.44 2.32 2.23 2.18
2.85 2.87 2.89 2.89 2.89 2.87 2.78 2.57 2.32 2.10 1.92 1.78 1.70 1.76 2.05 2.47 2.83 3.08 3.24 3.28 3.13 2.87 2.62 2.56 2.65 2.70 2.71 2.77 2.87 2.97 3.07 3.13 3.05 2.81 2.54 2.47 2.61 2.80 2.93 3.02 3.09 3.14 3.14 3.05 2.84 2.63 2.53 2.55 2.64 2.77 2.90 2.95 2.97 2.95 2.78 2.51 2.35 2.38 2.50 2.63 2.73 2.81 2.86 2.87 2.86 2.84 2.78 2.67 2.60 2.55 2.54 2.56 2.58 2.58 2.55 2.53 2.52 2.52 2.52 2.48 2.38 2.27 2.19 2.11
2.89 2.91 2.92 2.89 2.83 2.73 2.58 2.42 2.32 2.28 2.26 2.22 2.28 2.50 2.86 3.22 3.42 3.45 3.38 3.20 2.94 2.73 2.58 2.44 2.40 2.40 2.46 2.57 2.67 2.77 2.88 3.02 3.13 3.12 2.99 2.91 2.93 3.00 3.05 3.08 3.08 3.05 3.02 2.91 2.78 2.65 2.52 2.50 2.60 2.76 2.88 2.94 3.00 3.08 3.08 2.96 2.79 2.66 2.61 2.65 2.72 2.78 2.82 2.84 2.85 2.81 2.72 2.62 2.55 2.49 2.47 2.50 2.54 2.57 2.56 2.55 2.55 2.57 2.59 2.59 2.58 2.52 2.48 2.45
2.88 2.87 2.87 2.83 2.76 2.66 2.54 2.47 2.49 2.59 2.72 2.89 3.12 3.35 3.53 3.58 3.48 3.30 3.10 2.88 2.70 2.68 2.72 2.61 2.44 2.36 2.36 2.44 2.52 2.55 2.56 2.66 2.87 3.10 3.21 3.21 3.14 3.05 2.99 2.93 2.89 2.89 2.89 2.84 2.77 2.72 2.60 2.52 2.59 2.72 2.77 2.78 2.85 2.99 3.12 3.20 3.19 3.13 3.03 2.91 2.84 2.78 2.75 2.73 2.71 2.65 2.57 2.50 2.49 2.48 2.45 2.45 2.48 2.54 2.58 2.60 2.62 2.64 2.67 2.75 2.85 2.91 2.92 2.95
2.84 2.81 2.78 2.76 2.73 2.67 2.61 2.58 2.59 2.68 2.91 3.19 3.44 3.54 3.51 3.30 3.00 2.79 2.68 2.59 2.56 2.60 2.71 2.76 2.69 2.56 2.44 2.42 2.48 2.49 2.41 2.39 2.50 2.75 2.97 3.05 3.00 2.92 2.85 2.80 2.79 2.83 2.85 2.79 2.71 2.71 2.68 2.56 2.56 2.60 2.61 2.60 2.65 2.78 2.96 3.10 3.19 3.24 3.22 3.12 2.97 2.83 2.71 2.62 2.52 2.42 2.34 2.37 2.48 2.56 2.56 2.52 2.52 2.56 2.62 2.66 2.70 2.72 2.76 2.83 2.91 3.01 3.09 3.12
2.79 2.75 2.72 2.73 2.72 2.71 2.68 2.66 2.69 2.81 3.04 3.24 3.31 3.23 3.03 2.80 2.64 2.54 2.46 2.41 2.41 2.44 2.50 2.63 2.69 2.63 2.54 2.51 2.56 2.62 2.58 2.43 2.35 2.39 2.58 2.74 2.81 2.81 2.82 2.82 2.83 2.86 2.83 2.73 2.63 2.63 2.69 2.65 2.56 2.53 2.51 2.51 2.57 2.69 2.85 2.97 3.03 3.04 3.06 3.06 2.99 2.84 2.69 2.54 2.39 2.29 2.31 2.46 2.59 2.66 2.68 2.67 2.64 2.63 2.64 2.67 2.69 2.71 2.74 2.76 2.77 2.81 2.86 2.86
2.77 2.74 2.73 2.74 2.74 2.74 2.74 2.76 2.84 3.01 3.16 3.18 3.07 2.90 2.71 2.58 2.53 2.47 2.39 2.33 2.31 2.32 2.37 2.46 2.52 2.53 2.55 2.59 2.63 2.71 2.76 2.66 2.45 2.32 2.33 2.49 2.65 2.76 2.83 2.87 2.89 2.89 2.82 2.68 2.57 2.56 2.63 2.66 2.59 2.54 2.50 2.52 2.61 2.71 2.80 2.89 2.91 2.86 2.83 2.85 2.86 2.79 2.68 2.57 2.49 2.50 2.61 2.70 2.70 2.68 2.70 2.72 2.70 2.66 2.61 2.59 2.58 2.60 2.65 2.66 2.66 2.66 2.66 2.62
2.79 2.79 2.78 2.76 2.75 2.77 2.82 2.90 3.02 3.15 3.16 3.05 2.91 2.80 2.69 2.61 2.53 2.45 2.42 2.44 2.48 2.53 2.55 2.53 2.50 2.50 2.55 2.59 2.61 2.65 2.74 2.78 2.69 2.52 2.40 2.42 2.57 2.71 2.79 2.85 2.89 2.87 2.76 2.60 2.50 2.46 2.50 2.55 2.54 2.50 2.48 2.52 2.59 2.63 2.66 2.73 2.80 2.79 2.74 2.70 2.70 2.71 2.70 2.70 2.75 2.82 2.85 2.81 2.73 2.67 2.66 2.67 2.67 2.65 2.60 2.56 2.55 2.60 2.64 2.61 2.57 2.57 2.59 2.59
2.82 2.81 2.77 2.75 2.76 2.79 2.87 3.00 3.15 3.18 3.09 2.95 2.86 2.78 2.68 2.58 2.50 2.50 2.60 2.71 2.78 2.76 2.70 2.62 2.58 2.56 2.56 2.57 2.57 2.58 2.66 2.74 2.76 2.70 2.61 2.58 2.64 2.72 2.75 2.80 2.83 2.77 2.60 2.42 2.33 2.31 2.35 2.43 2.46 2.40 2.35 2.35 2.38 2.40 2.44 2.52 2.64 2.73 2.73 2.69 2.67 2.69 2.72 2.75 2.79 2.81 2.80 2.76 2.74 2.73 2.71 2.66 2.64 2.62 2.60 2.60 2.61 2.62 2.57 2.47 2.42 2.42 2.44 2.48
2.77 2.74 2.70 2.71 2.74 2.79 2.86 2.97 3.06 3.04 2.94 2.84 2.77 2.65 2.52 2.46 2.50 2.62 2.72 2.75 2.70 2.62 2.59 2.64 2.69 2.67 2.58 2.54 2.53 2.54 2.58 2.64 2.66 2.68 2.71 2.75 2.77 2.76 2.74 2.77 2.73 2.54 2.27 2.12 2.10 2.15 2.24 2.36 2.41 2.34 2.24 2.17 2.12 2.13 2.20 2.30 2.45 2.58 2.64 2.66 2.67 2.69 2.70 2.69 2.69 2.71 2.74 2.73 2.72 2.74 2.75 2.71 2.65 2.60 2.56 2.57 2.55 2.47 2.35 2.29 2.29 2.31 2.31 2.30
2.76 2.74 2.72 2.72 2.74 2.77 2.81 2.85 2.84 2.78 2.71 2.67 2.61 2.46 2.36 2.44 2.55 2.59 2.55 2.45 2.37 2.38 2.49 2.61 2.70 2.74 2.68 2.59 2.54 2.52 2.54 2.59 2.62 2.64 2.69 2.73 2.74 2.72 2.69 2.68 2.54 2.26 2.06 2.04 2.09 2.14 2.23 2.35 2.41 2.41 2.36 2.27 2.16 2.09 2.10 2.21 2.33 2.43 2.53 2.61 2.65 2.69 2.72 2.77 2.82 2.85 2.83 2.75 2.66 2.64 2.68 2.69 2.64 2.55 2.50 2.47 2.41 2.33 2.28 2.29 2.32 2.30 2.23 2.17
2.84 2.87 2.88 2.81 2.75 2.73 2.73 2.72 2.67 2.61 2.58 2.58 2.51 2.38 2.36 2.44 2.44 2.34 2.23 2.15 2.20 2.36 2.55 2.64 2.67 2.74 2.77 2.73 2.64 2.56 2.53 2.57 2.62 2.62 2.56 2.52 2.52 2.55 2.57 2.52 2.37 2.22 2.26 2.39 2.46 2.45 2.45 2.50 2.54 2.57 2.55 2.48 2.39 2.31 2.28 2.31 2.35 2.44 2.56 2.64 2.66 2.68 2.76 2.89 2.94 2.90 2.80 2.69 2.61 2.58 2.59 2.60 2.56 2.49 2.43 2.37 2.31 2.29 2.32 2.35 2.34 2.28 2.23 2.24
2.88 2.90 2.89 2.78 2.70 2.66 2.65 2.63 2.59 2.56 2.56 2.53 2.44 2.34 2.30 2.24 2.14 2.07 2.07 2.15 2.32 2.52 2.68 2.69 2.65 2.69 2.75 2.77 2.71 2.61 2.55 2.57 2.61 2.57 2.45 2.38 2.39 2.47 2.51 2.48 2.44 2.51 2.65 2.76 2.81 2.82 2.81 2.80 2.77 2.71 2.61 2.51 2.47 2.46 2.46 2.45 2.46 2.53 2.63 2.68 2.66 2.68 2.75 2.81 2.76 2.67 2.62 2.60 2.61 2.63 2.60 2.54 2.48 2.44 2.39 2.31 2.22 2.16 2.17 2.21 2.26 2.34 2.41 2.47
2.76 2.71 2.60 2.56 2.56 2.58 2.60 2.58 2.54 2.51 2.47 2.40 2.33 2.27 2.20 2.11 2.07 2.12 2.28 2.52 2.71 2.82 2.80 2.66 2.53 2.54 2.60 2.64 2.63 2.59 2.57 2.59 2.63 2.64 2.57 2.51 2.54 2.57 2.59 2.60 2.67 2.75 2.80 2.83 2.90 2.99 3.05 3.06 3.02 2.91 2.75 2.63 2.56 2.53 2.52 2.50 2.52 2.56 2.61 2.64 2.63 2.65 2.66 2.62 2.55 2.52 2.57 2.62 2.64 2.65 2.60 2.51 2.45 2.42 2.38 2.35 2.28 2.18 2.10 2.11 2.25 2.47 2.61 2.61
2.60 2.45 2.31 2.33 2.42 2.52 2.57 2.56 2.53 2.47 2.40 2.33 2.31 2.34 2.37 2.40 2.46 2.61 2.83 3.00 3.07 3.01 2.81 2.59 2.46 2.44 2.46 2.48 2.50 2.53 2.55 2.56 2.62 2.72 2.76 2.77 2.76 2.72 2.68 2.69 2.71 2.71 2.74 2.82 2.94 3.05 3.13 3.16 3.15 3.11 3.00 2.88 2.78 2.68 2.60 2.54 2.51 2.50 2.53 2.59 2.60 2.61 2.59 2.53 2.51 2.59 2.68 2.68 2.60 2.52 2.48 2.45 2.43 2.40 2.37 2.40 2.45 2.46 2.38 2.32 2.40 2.55 2.59 2.52
2.61 2.49 2.37 2.41 2.50 2.56 2.57 2.56 2.53 2.50 2.46 2.44 2.48 2.59 2.74 2.87 3.00 3.10 3.14 3.11 3.02 2.86 2.66 2.54 2.49 2.47 2.45 2.45 2.49 2.52 2.52 2.51 2.57 2.69 2.78 2.79 2.75 2.70 2.67 2.65 2.63 2.64 2.73 2.85 2.99 3.09 3.11 3.06 3.02 3.05 3.04 2.95 2.84 2.76 2.69 2.62 2.54 2.46 2.48 2.55 2.60 2.61 2.60 2.58 2.62 2.71 2.73 2.61 2.43 2.34 2.33 2.36 2.38 2.39 2.38 2.38 2.43 2.53 2.60 2.62 2.63 2.60 2.51 2.46
2.73 2.71 2.71 2.78 2.81 2.75 2.63 2.57 2.55 2.55 2.56 2.59 2.68 2.82 2.96 3.06 3.11 3.08 2.97 2.82 2.64 2.47 2.38 2.40 2.47 2.50 2.51 2.56 2.61 2.63 2.59 2.56 2.60 2.70 2.74 2.66 2.59 2.58 2.62 2.64 2.65 2.70 2.80 2.92 3.00 3.01 2.94 2.82 2.73 2.76 2.83 2.85 2.82 2.79 2.75 2.70 2.63 2.57 2.52 2.56 2.62 2.65 2.65 2.67 2.73 2.75 2.65 2.47 2.32 2.28 2.30 2.33 2.35 2.40 2.47 2.47 2.41 2.41 2.50 2.65 2.75 2.80 2.80 2.86
2.80 2.83 2.91 2.97 2.96 2.88 2.73 2.61 2.57 2.58 2.61 2.67 2.76 2.85 2.90 2.89 2.84 2.76 2.62 2.44 2.26 2.16 2.19 2.32 2.44 2.52 2.60 2.68 2.73 2.76 2.77 2.78 2.81 2.83 2.83 2.76 2.64 2.61 2.63 2.70 2.78 2.89 2.97 2.98 2.94 2.82 2.68 2.56 2.50 2.56 2.70 2.83 2.86 2.84 2.79 2.75 2.71 2.69 2.64 2.63 2.65 2.68 2.71 2.75 2.77 2.70 2.54 2.38 2.32 2.33 2.36 2.38 2.41 2.44 2.50 2.55 2.55 2.50 2.48 2.59 2.82 3.04 3.19 3.28
2.81 2.86 2.92 2.93 2.92 2.92 2.87 2.75 2.65 2.62 2.63 2.66 2.69 2.72 2.69 2.66 2.64 2.54 2.38 2.23 2.15 2.18 2.32 2.46 2.54 2.59 2.65 2.70 2.75 2.81 2.89 2.96 2.98 2.96 2.97 2.98 2.88 2.77 2.70 2.75 2.87 2.98 3.00 2.94 2.82 2.66 2.50 2.41 2.43 2.56 2.75 2.88 2.90 2.87 2.83 2.79 2.77 2.76 2.72 2.68 2.67 2.69 2.74 2.77 2.75 2.63 2.46 2.36 2.35 2.39 2.41 2.44 2.47 2.51 2.50 2.51 2.60 2.70 2.76 2.85 3.03 3.12 3.14 3.14
2.86 2.94 3.03 3.03 3.00 2.97 2.97 2.95 2.85 2.74 2.66 2.60 2.57 2.55 2.57 2.60 2.58 2.47 2.37 2.36 2.44 2.53 2.62 2.68 2.68 2.67 2.69 2.72 2.76 2.81 2.88 2.93 2.94 2.94 3.01 3.12 3.14 3.03 2.88 2.82 2.87 2.90 2.89 2.85 2.75 2.60 2.49 2.44 2.49 2.65 2.82 2.91 2.96 2.94 2.90 2.85 2.80 2.77 2.72 2.67 2.66 2.67 2.71 2.72 2.70 2.61 2.49 2.43 2.43 2.45 2.48 2.48 2.49 2.51 2.54 2.57 2.64 2.77 2.99 3.19 3.23 3.04 2.81 2.74
2.94 3.04 3.19 3.20 3.12 3.00 2.97 3.00 2.97 2.84 2.68 2.56 2.50 2.50 2.54 2.57 2.52 2.47 2.52 2.64 2.75 2.80 2.81 2.81 2.78 2.76 2.76 2.77 2.79 2.83 2.86 2.86 2.84 2.88 3.00 3.18 3.31 3.31 3.19 3.00 2.90 2.85 2.84 2.79 2.67 2.57 2.53 2.55 2.62 2.77 2.87 2.94 3.02 3.03 2.96 2.88 2.80 2.75 2.69 2.66 2.66 2.66 2.67 2.67 2.66 2.62 2.57 2.56 2.56 2.56 2.56 2.54 2.51 2.49 2.56 2.68 2.80 2.94 3.19 3.37 3.26 2.95 2.64 2.50
2.93 2.98 3.07 3.12 3.11 3.00 2.92 2.89 2.87 2.79 2.66 2.56 2.52 2.53 2.53 2.48 2.45 2.52 2.66 2.76 2.79 2.80 2.82 2.83 2.82 2.79 2.77 2.75 2.76 2.81 2.86 2.87 2.87 2.92 3.01 3.10 3.22 3.33 3.35 3.24 3.01 2.83 2.71 2.60 2.51 2.50 2.55 2.61 2.72 2.85 2.91 2.94 3.01 3.04 2.99 2.90 2.81 2.75 2.68 2.66 2.68 2.68 2.68 2.67 2.66 2.65 2.65 2.66 2.68 2.67 2.66 2.65 2.63 2.61 2.65 2.76 2.97 3.24 3.45 3.41 3.21 3.00 2.74 2.51
2.84 2.78 2.70 2.74 2.83 2.85 2.79 2.74 2.75 2.76 2.75 2.75 2.75 2.72 2.62 2.50 2.46 2.53 2.60 2.64 2.68 2.75 2.81 2.82 2.79 2.76 2.70 2.66 2.67 2.74 2.81 2.88 2.93 2.96 2.94 2.90 2.93 3.04 3.16 3.16 2.96 2.71 2.50 2.38 2.37 2.43 2.53 2.61 2.76 2.91 2.91 2.88 2.90 2.96 2.98 2.93 2.84 2.75 2.68 2.67 2.71 2.73 2.72 2.70 2.67 2.67 2.68 2.71 2.74 2.77 2.81 2.86 2.90 2.93 2.96 3.04 3.23 3.45 3.47 3.28 3.13 3.11 3.01 2.76
2.72 2.58 2.34 2.24 2.31 2.42 2.52 2.60 2.72 2.85 2.97 3.05 3.07 2.98 2.80 2.62 2.51 2.47 2.43 2.45 2.57 2.72 2.80 2.79 2.76 2.75 2.69 2.62 2.58 2.62 2.68 2.73 2.78 2.80 2.75 2.68 2.65 2.67 2.72 2.74 2.68 2.53 2.39 2.31 2.35 2.45 2.53 2.65 2.86 2.96 2.88 2.80 2.81 2.87 2.94 2.93 2.87 2.78 2.72 2.73 2.78 2.80 2.78 2.73 2.69 2.67 2.70 2.76 2.81 2.87 2.98 3.12 3.26 3.39 3.50 3.57 3.63 3.60 3.40 3.17 3.13 3.23 3.32 3.24
2.60 2.42 2.13 2.00 1.99 2.09 2.28 2.48 2.67 2.86 3.02 3.09 3.06 2.95 2.81 2.67 2.55 2.46 2.43 2.48 2.60 2.72 2.77 2.75 2.75 2.78 2.78 2.70 2.59 2.54 2.55 2.54 2.55 2.55 2.52 2.46 2.41 2.39 2.38 2.40 2.43 2.42 2.38 2.40 2.51 2.62 2.73 2.90 3.04 2.99 2.85 2.78 2.78 2.81 2.88 2.93 2.93 2.92 2.93 2.95 2.93 2.87 2.81 2.77 2.75 2.74 2.76 2.82 2.89 2.99 3.15 3.35 3.55 3.70 3.79 3.81 3.74 3.56 3.33 3.22 3.26 3.36 3.51 3.63
2.54 2.37 2.12 2.07 2.11 2.21 2.34 2.46 2.58 2.72 2.83 2.86 2.80 2.72 2.67 2.62 2.56 2.52 2.54 2.63 2.73 2.80 2.81 2.77 2.75 2.79 2.85 2.86 2.78 2.66 2.58 2.52 2.49 2.44 2.37 2.29 2.23 2.21 2.24 2.29 2.34 2.39 2.48 2.63 2.78 2.91 3.04 3.15 3.12 2.96 2.82 2.79 2.79 2.78 2.82 2.90 3.00 3.08 3.14 3.14 3.04 2.90 2.82 2.80 2.82 2.83 2.83 2.87 2.96 3.10 3.29 3.46 3.56 3.59 3.58 3.51 3.38 3.26 3.20 3.23 3.29 3.34 3.46 3.64
2.66 2.57 2.49 2.56 2.63 2.65 2.61 2.56 2.57 2.62 2.66 2.65 2.59 2.55 2.55 2.56 2.56 2.56 2.62 2.72 2.82 2.90 2.88 2.81 2.76 2.78 2.85 2.92 2.93 2.87 2.73 2.61 2.50 2.39 2.28 2.20 2.15 2.15 2.19 2.26 2.35 2.49 2.69 2.87 2.99 3.07 3.12 3.12 3.00 2.84 2.76 2.76 2.75 2.73 2.75 2.84 2.96 3.05 3.07 3.00 2.89 2.81 2.78 2.79 2.81 2.84 2.85 2.88 2.96 3.11 3.26 3.32 3.27 3.16 3.06 2.98 2.92 2.94 3.02 3.09 3.10 3.13 3.24 3.36
2.84 2.88 2.98 3.10 3.16 3.11 2.95 2.83 2.76 2.70 2.60 2.52 2.48 2.50 2.54 2.56 2.58 2.62 2.71 2.83 2.92 2.95 2.89 2.79 2.74 2.74 2.78 2.86 2.92 2.92 2.83 2.68 2.52 2.38 2.27 2.22 2.20 2.19 2.21 2.30 2.49 2.75 2.97 3.07 3.08 3.06 3.03 2.96 2.84 2.72 2.68 2.67 2.66 2.66 2.70 2.76 2.82 2.85 2.82 2.72 2.67 2.69 2.72 2.75 2.76 2.78 2.82 2.86 2.91 2.98 3.04 2.98 2.84 2.73 2.66 2.65 2.72 2.83 2.91 2.94 2.95 2.98 3.03 3.05
2.90 2.99 3.12 3.20 3.24 3.26 3.25 3.17 3.03 2.84 2.65 2.52 2.49 2.53 2.58 2.63 2.67 2.75 2.85 2.92 2.93 2.87 2.76 2.69 2.67 2.69 2.71 2.75 2.80 2.82 2.79 2.70 2.58 2.46 2.37 2.32 2.28 2.26 2.30 2.48 2.79 3.04 3.13 3.11 3.03 2.97 2.93 2.88 2.77 2.67 2.62 2.59 2.57 2.63 2.67 2.69 2.67 2.62 2.56 2.51 2.53 2.59 2.65 2.69 2.70 2.71 2.76 2.83 2.89 2.91 2.87 2.75 2.65 2.61 2.61 2.68 2.83 2.95 2.97 2.96 2.99 3.01 2.99 2.96
2.88 2.94 3.03 3.04 3.03 3.05 3.15 3.17 3.07 2.89 2.73 2.63 2.60 2.61 2.66 2.72 2.80 2.89 2.93 2.90 2.81 2.69 2.61 2.61 2.64 2.66 2.66 2.65 2.68 2.72 2.73 2.69 2.64 2.57 2.50 2.44 2.41 2.42 2.55 2.81 3.03 3.08 3.01 2.92 2.87 2.86 2.87 2.85 2.75 2.64 2.60 2.58 2.60 2.64 2.67 2.66 2.59 2.45 2.34 2.32 2.38 2.49 2.59 2.64 2.66 2.70 2.75 2.81 2.87 2.89 2.85 2.78 2.74 2.71 2.72 2.84 3.03 3.13 3.12 3.09 3.09 3.06 3.01 3.03
2.85 2.90 2.97 2.99 2.92 2.80 2.76 2.81 2.85 2.82 2.76 2.71 2.68 2.68 2.71 2.78 2.86 2.90 2.87 2.76 2.64 2.55 2.54 2.61 2.68 2.71 2.71 2.70 2.72 2.75 2.74 2.71 2.67 2.61 2.57 2.57 2.62 2.72 2.87 2.99 2.99 2.88 2.78 2.75 2.78 2.82 2.85 2.81 2.71 2.63 2.59 2.60 2.61 2.64 2.66 2.67 2.66 2.57 2.44 2.37 2.39 2.47 2.55 2.62 2.67 2.72 2.77 2.80 2.80 2.79 2.81 2.84 2.82 2.76 2.78 2.95 3.17 3.22 3.19 3.17 3.13 3.05 3.02 3.07
2.84 2.85 2.86 2.85 2.79 2.64 2.50 2.46 2.55 2.64 2.69 2.69 2.69 2.69 2.72 2.76 2.78 2.74 2.64 2.52 2.44 2.41 2.48 2.63 2.74 2.78 2.83 2.86 2.88 2.86 2.81 2.74 2.67 2.62 2.61 2.66 2.76 2.88 2.93 2.88 2.77 2.70 2.69 2.74 2.79 2.81 2.80 2.77 2.69 2.62 2.60 2.58 2.56 2.60 2.66 2.71 2.78 2.82 2.77 2.71 2.64 2.56 2.56 2.61 2.68 2.73 2.76 2.78 2.76 2.76 2.81 2.87 2.85 2.84 2.96 3.20 3.32 3.23 3.14 3.13 3.09 3.03 3.02 3.02
2.82 2.75 2.58 2.42 2.34 2.31 2.29 2.32 2.39 2.49 2.57 2.63 2.66 2.68 2.70 2.69 2.64 2.53 2.43 2.38 2.38 2.44 2.57 2.73 2.78 2.81 2.88 2.93 2.92 2.86 2.81 2.75 2.68 2.65 2.66 2.70 2.76 2.81 2.81 2.75 2.68 2.66 2.71 2.78 2.80 2.78 2.74 2.70 2.66 2.63 2.57 2.52 2.53 2.61 2.70 2.75 2.83 2.94 3.00 3.00 2.91 2.73 2.62 2.63 2.67 2.72 2.76 2.80 2.85 2.91 2.95 2.94 2.95 3.08 3.30 3.42 3.36 3.18 3.05 3.04 3.05 3.04 3.02 2.94
2.74 2.62 2.41 2.17 2.03 2.08 2.21 2.32 2.41 2.51 2.58 2.63 2.66 2.68 2.68 2.65 2.59 2.55 2.58 2.63 2.66 2.70 2.78 2.82 2.78 2.74 2.78 2.80 2.74 2.67 2.68 2.70 2.69 2.69 2.69 2.71 2.75 2.81 2.84 2.84 2.77 2.71 2.72 2.76 2.76 2.72 2.68 2.64 2.59 2.54 2.48 2.47 2.56 2.68 2.75 2.78 2.83 2.91 3.00 3.05 3.03 2.92 2.78 2.73 2.73 2.74 2.78 2.85 2.94 3.00 2.98 2.95 3.05 3.28 3.43 3.35 3.17 3.01 2.92 2.94 3.00 3.01 2.97 2.88
2.70 2.61 2.52 2.45 2.36 2.34 2.37 2.39 2.42 2.52 2.62 2.67 2.67 2.67 2.67 2.67 2.69 2.76 2.83 2.85 2.79 2.76 2.78 2.77 2.71 2.64 2.60 2.55 2.46 2.42 2.48 2.56 2.64 2.69 2.71 2.75 2.82 2.91 2.98 2.98 2.89 2.76 2.68 2.66 2.65 2.65 2.64 2.60 2.52 2.43 2.40 2.48 2.63 2.72 2.74 2.74 2.78 2.85 2.92 2.97 3.03 3.04 2.98 2.89 2.81 2.78 2.79 2.84 2.87 2.86 2.85 2.94 3.16 3.34 3.29 3.06 2.87 2.79 2.74 2.75 2.81 2.84 2.80 2.75
2.72 2.69 2.69 2.70 2.68 2.64 2.57 2.51 2.49 2.52 2.58 2.62 2.65 2.67 2.71 2.76 2.83 2.88 2.84 2.74 2.66 2.64 2.69 2.74 2.69 2.57 2.43 2.32 2.27 2.28 2.35 2.46 2.58 2.68 2.76 2.83 2.91 2.98 2.99 2.96 2.90 2.79 2.66 2.57 2.54 2.57 2.61 2.57 2.47 2.40 2.42 2.55 2.66 2.70 2.69 2.69 2.73 2.80 2.85 2.89 2.94 3.00 3.00 2.91 2.81 2.76 2.76 2.76 2.74 2.74 2.83 3.04 3.21 3.19 2.98 2.75 2.67 2.65 2.62 2.56 2.58 2.64 2.60 2.53
2.75 2.75 2.75 2.77 2.75 2.73 2.77 2.80 2.79 2.69 2.58 2.55 2.59 2.67 2.75 2.83 2.89 2.87 2.80 2.76 2.81 2.88 2.93 2.89 2.76 2.59 2.43 2.34 2.33 2.37 2.43 2.49 2.59 2.70 2.80 2.89 2.94 2.92 2.86 2.83 2.83 2.81 2.69 2.56 2.50 2.54 2.58 2.54 2.48 2.46 2.51 2.62 2.68 2.66 2.63 2.64 2.67 2.70 2.75 2.79 2.83 2.88 2.89 2.83 2.73 2.68 2.68 2.69 2.70 2.78 2.93 3.06 3.03 2.84 2.67 2.60 2.60 2.61 2.59 2.53 2.53 2.57 2.54 2.45
2.73 2.71 2.72 2.83 2.91 2.93 2.96 2.95 2.84 2.65 2.49 2.47 2.56 2.66 2.75 2.81 2.85 2.87 2.95 3.09 3.23 3.30 3.24 3.11 2.91 2.74 2.64 2.61 2.62 2.63 2.62 2.61 2.64 2.71 2.78 2.81 2.80 2.78 2.75 2.75 2.79 2.82 2.77 2.66 2.58 2.57 2.56 2.53 2.51 2.53 2.60 2.68 2.71 2.67 2.62 2.61 2.60 2.60 2.64 2.71 2.77 2.81 2.81 2.75 2.62 2.55 2.58 2.65 2.72 2.81 2.89 2.87 2.72 2.60 2.57 2.57 2.57 2.60 2.60 2.58 2.57 2.57 2.52 2.45
