project/data/elevation/US_DEM2016/US_DEM2016_point_10-31-2019_0248_30m_ang.asc
ncols	125
nrows	167
xllcorner	-2042055.000000
yllcorner	1465035.000000
cellsize	30.000000
NODATA_value	-9999.000000
[rows 0 to 42 of 167, columns 0 to 95 of 125]
350 347 339 337 339 341 343 345 347 350 352 353 352 351 351 352 354 354 354 352 349 347 347 350 352 353 355 356 354 350 344 337 331 327 323 319 318 324 330 335 338 339 340 341 341 341 339 337 338 339 341 344 348 350 351 353 354 353 351 349 347 346 344 344 345 347 350 351 348 345 343 343 343 344 344 345 346 345 344 346 350 352 350 347 347 349 351 353 352 348 345 345 345 343 341 341
350 347 339 337 339 341 343 345 347 350 352 353 352 351 351 352 354 354 354 352 349 347 347 350 352 353 355 356 354 350 344 337 331 327 323 319 318 324 330 335 338 339 340 341 341 341 339 337 338 339 341 344 348 350 351 353 354 353 351 349 347 346 344 344 345 347 350 351 348 345 343 343 343 344 344 345 346 345 344 346 350 352 350 347 347 349 351 353 352 348 345 345 345 343 341 341
357 351 340 335 335 335 337 339 343 347 351 353 352 350 351 352 355 357 356 354 349 345 345 348 352 356 359 2 360 355 349 342 336 332 328 324 320 321 326 331 335 336 338 339 341 343 343 341 339 338 339 342 346 349 351 353 355 355 354 352 349 346 343 341 342 345 349 351 351 348 346 344 344 344 343 344 344 342 340 343 349 352 349 346 346 349 353 356 355 350 347 347 347 345 342 340
7 357 341 334 330 327 326 328 333 340 347 351 351 349 348 351 356 360 1 357 349 343 342 347 354 1 9 13 10 4 357 351 344 341 338 335 329 324 322 325 330 334 337 338 340 343 345 344 341 337 335 338 342 347 349 351 355 357 357 357 354 349 343 339 337 338 344 349 350 350 349 348 347 345 343 341 339 336 333 336 344 348 345 343 345 351 358 1 359 352 349 349 349 345 341 339
9 359 343 336 332 326 321 320 323 329 338 346 350 348 346 349 354 359 1 356 347 342 342 348 357 9 17 19 14 7 1 355 350 347 345 343 338 333 329 327 328 333 336 338 339 341 344 344 341 337 335 337 341 345 348 350 350 352 353 355 355 353 348 343 338 335 335 339 343 346 348 349 349 347 343 339 335 332 329 330 336 339 337 337 343 354 2 4 359 352 350 349 346 341 338 337
6 358 345 338 334 329 323 318 316 319 327 338 346 347 344 347 352 356 356 352 345 342 344 352 4 15 20 18 12 6 0 355 351 350 349 348 344 340 336 332 327 327 330 334 336 339 341 341 339 336 336 339 344 348 351 350 348 346 346 348 351 353 352 349 343 336 332 331 332 336 341 344 346 344 340 335 332 329 327 328 330 331 329 331 340 355 3 3 357 351 350 348 342 337 335 337
2 355 346 341 337 333 328 321 314 311 316 328 339 342 341 345 352 355 353 348 343 343 348 359 10 18 19 15 8 2 357 354 352 352 352 350 348 345 342 338 331 325 324 326 331 335 337 336 334 333 334 339 347 353 355 354 351 349 348 348 349 351 353 351 345 339 333 331 331 333 337 340 342 340 336 332 329 326 324 325 326 325 324 325 335 351 2 1 354 349 348 344 338 334 336 343
356 352 347 344 342 338 333 326 317 311 310 317 328 333 335 341 350 357 355 348 341 342 352 4 13 17 16 11 4 358 354 352 352 352 352 351 350 350 349 346 341 332 325 321 323 328 331 330 328 328 331 338 348 355 358 357 355 355 355 356 354 352 351 350 346 340 335 333 334 336 339 340 340 338 335 332 329 325 323 323 324 322 322 323 330 344 356 356 350 347 345 340 336 337 346 357
349 348 348 348 347 345 340 332 324 318 315 315 320 325 328 335 347 358 359 350 340 342 353 7 15 15 11 7 1 356 352 350 350 350 350 351 353 354 354 353 350 344 335 328 326 328 330 329 327 326 329 337 347 354 358 359 360 1 4 4 0 355 351 349 346 342 337 335 336 340 341 341 339 337 335 334 332 329 327 326 325 323 322 319 330 340 350 350 346 344 343 340 340 349 2 8
341 344 349 352 352 350 345 338 331 328 325 322 321 321 323 330 344 358 360 351 342 344 356 9 13 10 5 2 358 354 350 347 346 345 347 349 353 355 356 357 356 353 348 341 335 333 333 330 327 327 330 337 345 350 355 360 4 9 11 7 1 355 350 347 346 343 340 339 341 343 343 341 339 337 337 337 336 335 335 335 333 331 329 330 334 340 346 345 342 343 344 344 350 1 5 4
332 338 350 354 355 353 348 343 339 337 335 332 328 325 324 328 340 353 355 350 346 350 0 8 8 5 1 357 353 350 347 344 342 342 345 348 350 352 354 356 357 357 355 351 344 338 333 329 327 328 333 341 347 351 354 358 7 14 12 5 359 353 348 344 343 342 342 344 347 347 344 340 338 337 338 338 338 339 341 342 341 338 337 337 339 343 344 341 340 343 348 352 356 359 359 359
323 331 346 353 355 353 349 346 345 345 344 342 338 335 332 332 338 346 349 349 350 356 4 6 3 0 357 352 347 345 343 341 339 341 345 347 345 346 349 352 354 356 356 355 351 345 336 329 326 328 336 345 353 357 359 1 5 8 6 1 355 349 345 342 340 340 343 348 351 350 345 340 336 337 338 339 339 340 343 343 340 337 336 338 341 344 343 338 338 345 351 354 355 356 356 356
322 325 336 346 351 351 349 348 349 351 350 349 347 346 342 339 340 342 344 347 352 1 6 4 359 355 352 347 343 341 339 337 337 340 344 343 339 339 342 345 348 350 353 354 354 349 340 331 327 330 337 347 357 3 5 2 359 359 359 356 350 345 342 341 339 338 342 348 352 351 346 340 336 337 339 340 340 340 341 336 328 324 324 329 335 340 340 338 339 344 349 352 353 354 353 353
330 329 330 336 342 346 346 348 350 352 352 352 353 353 351 347 345 344 342 345 354 6 7 0 355 351 346 343 339 336 334 333 333 336 337 333 331 332 334 335 338 341 344 350 353 350 343 335 332 335 342 351 2 5 2 357 355 354 353 350 347 343 341 341 340 340 342 347 351 352 347 340 338 339 342 343 341 340 339 333 326 322 321 323 328 333 337 339 340 342 346 349 350 351 350 349
332 333 334 333 333 336 339 342 344 346 347 349 352 354 354 353 352 350 347 348 357 6 4 358 353 349 343 340 337 332 330 331 333 336 334 328 324 326 328 328 329 331 334 340 345 346 342 340 340 344 351 359 3 358 353 352 353 351 348 345 343 342 342 341 341 341 343 347 351 352 347 342 341 345 348 347 344 343 341 336 332 329 328 328 328 331 336 340 340 340 343 345 346 346 346 346
329 333 338 338 332 326 323 324 326 326 328 333 340 346 350 354 357 358 355 356 1 3 1 358 356 352 345 341 339 337 335 335 336 339 339 336 332 332 332 333 332 332 333 336 338 340 342 344 348 353 360 2 359 352 349 350 353 350 344 340 340 341 343 344 343 343 345 349 352 352 349 347 349 354 354 349 347 346 342 337 333 333 333 332 331 333 338 341 340 338 340 342 342 342 343 344
327 330 337 342 339 327 316 315 316 317 318 322 328 334 339 349 359 3 3 3 2 0 0 1 360 356 349 345 344 344 341 338 336 339 342 342 341 339 338 338 339 338 338 338 338 339 343 349 355 360 2 1 354 349 348 351 354 349 342 338 338 341 344 346 346 346 347 350 352 353 353 355 358 358 354 350 350 349 345 339 335 335 335 335 335 337 341 343 342 337 337 340 340 342 346 347
333 334 340 347 347 338 329 326 327 327 329 331 334 336 338 346 357 5 7 5 3 3 3 3 1 356 350 346 346 346 346 343 338 338 341 343 344 344 343 341 341 340 340 339 338 340 346 354 360 2 2 358 351 347 347 351 353 346 340 337 337 340 343 347 349 349 348 349 351 354 358 1 2 357 353 352 353 353 350 344 340 338 338 338 340 342 344 344 342 337 336 338 341 346 350 350
338 341 349 354 350 341 335 334 334 336 338 340 342 344 346 350 357 4 7 5 5 6 6 2 358 354 350 347 346 347 348 347 343 340 340 343 345 346 346 343 341 340 340 340 340 342 349 357 360 1 360 354 348 346 347 352 350 342 337 336 336 338 342 346 349 351 350 347 348 352 357 360 359 356 353 353 355 355 354 351 348 344 342 343 344 346 345 343 341 338 337 338 343 348 350 348
341 346 356 355 346 338 336 337 339 341 344 346 349 352 355 357 359 4 6 5 7 8 6 1 357 353 350 347 345 345 346 346 346 345 344 344 346 347 346 344 342 341 342 343 345 349 352 353 354 355 354 351 348 347 349 351 346 339 336 336 336 337 339 342 345 348 349 348 346 346 350 354 354 353 353 354 355 355 355 355 354 352 349 348 348 348 346 343 340 340 340 340 342 345 345 344
351 355 357 349 339 335 336 338 341 344 347 350 353 357 0 2 4 6 6 5 7 6 3 360 357 354 350 347 346 344 343 344 345 345 346 346 347 346 345 345 344 344 346 350 355 356 352 347 346 347 348 348 348 350 352 349 343 338 336 336 337 336 336 335 336 339 343 345 343 339 339 342 345 348 350 353 353 353 354 357 358 358 357 354 350 349 348 347 346 346 346 343 341 341 340 342
4 359 351 342 336 335 336 339 343 347 349 352 355 360 3 7 9 8 5 4 4 2 359 358 356 354 351 348 347 344 342 341 343 345 346 348 347 344 344 346 347 350 355 359 358 353 347 342 341 342 344 346 350 353 354 350 344 340 339 338 337 335 330 323 318 317 320 326 329 326 325 327 331 336 341 346 348 348 350 354 358 1 2 359 353 350 350 350 351 352 351 345 341 340 340 342
358 353 347 342 338 337 338 341 345 348 350 352 356 0 5 11 12 9 4 1 358 356 355 355 354 352 350 348 346 344 342 341 342 345 348 348 345 343 345 350 354 359 3 360 352 346 341 338 337 338 340 345 350 354 355 352 348 345 343 342 340 335 326 313 303 299 298 302 307 310 310 311 313 318 324 333 337 339 342 348 354 359 2 2 358 353 351 351 353 355 352 346 342 342 344 344
343 344 344 342 340 339 341 343 345 347 350 352 356 1 6 12 12 6 1 357 353 351 350 350 350 349 348 346 345 344 343 343 344 348 350 348 343 343 350 357 2 3 358 351 346 342 338 335 334 335 338 343 348 353 355 354 353 352 351 351 350 344 333 321 313 309 307 308 310 311 307 302 300 302 308 317 324 329 335 341 346 353 360 3 2 357 352 350 351 353 351 346 343 343 344 343
329 334 341 342 342 342 343 344 346 347 349 352 356 1 6 10 8 3 0 356 351 348 345 344 344 343 343 344 344 344 345 347 351 353 352 347 343 347 356 360 360 356 350 345 342 340 336 334 333 334 338 343 347 351 353 355 357 359 0 1 360 353 342 334 329 325 322 321 320 317 312 305 298 294 297 304 310 315 323 330 336 344 354 2 4 1 355 351 351 352 351 347 343 341 341 340
318 323 334 340 343 344 345 344 345 346 348 352 356 0 4 6 4 1 0 357 352 348 344 341 340 339 339 342 344 347 352 358 2 0 353 347 347 351 353 353 351 348 345 342 340 338 336 336 335 336 338 342 346 349 352 355 359 4 7 7 3 354 346 340 337 334 332 330 327 323 319 315 307 300 299 300 300 301 307 316 324 333 345 356 1 2 358 354 352 352 352 349 344 340 340 339
312 317 327 336 343 347 348 347 347 347 348 352 355 358 0 359 0 360 359 356 352 348 344 341 339 338 339 342 347 355 5 11 10 2 355 350 348 350 350 348 345 343 340 338 337 336 337 338 340 340 340 340 343 346 349 353 360 6 8 6 360 353 347 345 343 341 339 339 336 333 330 327 320 313 309 306 302 299 302 308 315 324 334 345 355 0 0 356 353 352 352 349 344 341 341 340
310 314 323 332 340 347 351 351 350 350 351 353 356 357 359 360 358 357 356 353 349 345 343 341 340 340 341 347 356 9 17 13 4 357 354 351 349 348 348 346 343 339 336 334 334 335 337 341 345 346 343 340 339 342 346 352 0 4 4 360 354 350 349 349 349 349 347 346 344 342 341 338 330 324 320 317 312 308 309 311 313 317 325 334 345 356 1 360 355 352 351 349 344 341 341 340
311 313 319 327 335 343 350 353 353 353 353 355 357 358 0 1 358 354 351 347 344 343 342 342 342 343 347 356 10 17 12 2 356 353 352 351 350 348 347 346 343 337 333 331 332 334 338 343 349 352 348 342 339 339 343 352 359 359 357 352 347 346 348 352 355 356 355 352 350 351 351 347 340 334 331 328 322 320 320 321 320 318 319 324 334 347 357 0 358 354 351 348 344 342 341 341
314 315 320 325 331 338 346 352 355 355 355 356 356 358 1 1 358 352 347 342 341 342 343 345 346 348 355 6 12 6 357 353 352 352 350 350 349 348 347 345 342 336 331 329 330 333 338 344 350 353 352 347 342 340 343 350 354 354 351 345 341 342 346 352 358 359 359 357 357 357 356 354 349 344 340 336 332 330 330 331 329 323 318 317 322 334 347 357 360 358 353 349 345 343 343 344
317 320 325 328 330 335 342 350 356 358 357 356 355 357 1 358 358 351 344 340 341 345 350 354 356 358 4 5 356 349 346 346 348 349 349 348 348 348 347 344 340 335 331 330 331 333 337 342 347 351 352 350 347 344 346 348 350 350 346 339 336 337 342 349 355 358 359 0 0 360 358 358 357 354 349 343 340 339 340 339 336 330 322 315 313 319 331 346 356 359 357 352 348 345 345 347
315 318 326 330 331 333 338 347 355 360 0 359 358 359 1 2 356 350 346 346 351 358 8 15 13 4 357 347 337 333 335 339 342 345 346 346 346 347 345 341 337 333 332 332 335 336 338 340 342 346 350 350 349 349 349 349 348 347 341 334 331 333 338 344 348 351 355 358 360 359 359 360 0 359 356 351 348 347 347 345 341 336 330 321 312 310 314 326 343 354 357 355 352 349 347 348
310 312 319 325 329 331 335 343 352 359 2 3 2 2 3 2 357 352 353 360 8 23 23 17 8 356 348 341 333 326 324 328 332 336 339 340 342 343 341 338 333 330 330 333 337 339 339 338 337 341 345 347 349 351 353 352 349 345 337 329 326 328 333 338 341 344 348 353 356 357 358 360 1 0 359 359 359 357 353 350 347 343 337 328 319 313 311 313 323 337 349 353 354 352 348 347
313 311 311 316 321 325 329 336 346 356 3 6 6 5 5 4 360 358 3 18 18 13 12 9 2 354 349 345 339 333 329 327 328 329 331 334 336 337 337 334 330 328 327 330 332 334 334 332 331 334 339 342 347 353 356 355 351 346 336 327 324 324 327 331 334 337 342 348 351 352 354 357 357 358 1 5 7 5 359 354 353 351 343 333 327 324 321 317 317 320 330 343 350 351 346 344
325 321 317 318 320 323 325 329 338 349 360 6 9 8 8 7 5 5 15 16 9 8 7 5 1 356 352 348 345 342 339 337 336 334 331 331 333 333 333 331 329 327 327 326 324 322 323 324 325 328 333 338 345 353 358 357 352 346 337 329 326 325 327 328 329 331 337 343 346 348 351 352 352 354 0 7 10 8 5 1 0 356 347 339 335 335 334 332 328 325 326 332 341 346 344 342
331 329 327 328 330 331 330 329 332 341 353 4 9 11 11 11 9 7 6 7 4 3 2 2 360 357 354 352 350 347 344 343 342 341 337 333 332 332 331 331 330 331 332 332 328 324 324 326 327 328 331 335 342 352 358 357 352 346 338 332 330 329 330 329 328 328 331 337 340 343 348 349 347 349 356 3 7 8 8 7 4 358 350 344 343 344 344 343 339 335 334 334 338 343 344 342
329 330 332 335 338 340 339 336 336 338 346 357 7 13 15 14 11 5 7 0 359 358 358 358 358 357 356 355 354 352 349 346 344 343 341 338 335 334 333 333 336 339 342 339 334 332 332 333 334 334 334 334 341 351 358 357 352 346 339 334 332 333 334 332 330 328 327 329 332 336 344 347 344 344 350 355 360 5 7 7 4 360 354 351 350 352 352 348 342 338 337 337 339 343 346 345
323 327 333 338 342 344 345 344 343 342 343 349 360 11 17 17 10 0 355 354 353 353 353 355 356 356 357 357 357 356 354 349 344 342 341 340 338 335 334 335 339 345 349 346 340 337 337 338 340 341 338 335 339 349 358 357 352 346 338 333 333 336 339 339 337 334 329 326 326 330 338 344 341 340 344 348 352 358 1 2 2 1 359 358 359 360 357 350 343 339 338 337 340 344 348 349
318 322 332 339 343 344 346 348 349 347 343 345 353 6 11 17 8 6 350 348 347 348 349 351 352 353 355 357 358 359 358 354 347 342 339 338 338 337 335 335 339 346 350 349 346 343 342 342 342 342 339 336 337 346 357 356 351 345 338 332 332 336 341 343 343 340 333 326 321 323 332 340 337 335 338 342 346 349 352 355 358 2 4 7 8 4 356 348 345 344 344 343 343 347 352 354
315 318 330 338 341 343 345 349 352 350 346 346 352 358 6 11 12 357 357 345 344 344 344 346 348 349 351 354 356 359 359 357 351 345 340 338 338 338 337 336 337 343 348 350 350 349 347 346 344 342 339 337 337 345 355 355 350 344 338 333 331 333 336 339 341 339 334 325 317 315 324 333 332 329 333 338 341 342 343 347 354 1 7 11 11 2 352 347 347 349 350 350 351 353 357 358
314 318 329 338 341 342 345 350 352 350 348 350 356 6 3 20 8 357 353 349 345 343 342 343 343 345 347 350 353 357 358 356 352 345 340 338 339 340 340 339 339 342 345 349 352 353 352 351 350 347 344 341 340 345 352 352 347 343 339 335 333 331 330 328 328 329 329 325 318 312 315 322 324 323 328 335 338 336 335 341 349 357 4 9 7 358 351 348 349 351 353 355 358 1 3 3
318 322 331 339 342 344 346 350 350 349 349 353 1 9 8 2 359 358 357 355 349 344 343 342 341 342 343 346 349 352 354 353 349 344 341 339 338 340 341 342 344 344 345 348 351 353 353 352 352 352 350 348 346 348 351 350 345 342 341 339 338 337 334 329 327 327 328 326 323 317 313 314 315 316 321 330 335 331 330 337 347 352 357 0 359 355 351 350 351 353 355 358 3 7 10 9
323 326 334 341 344 345 347 349 349 349 351 356 5 10 6 1 359 358 358 355 350 346 344 344 343 343 343 344 345 347 349 347 344 343 342 340 338 337 339 343 347 348 348 348 350 351 351 350 350 352 354 355 354 353 352 350 346 345 345 344 344 345 342 338 335 334 332 329 326 324 320 313 307 305 309 318 324 323 324 334 346 350 349 350 351 352 352 352 353 355 358 1 5 10 15 14
