project/data/elevation/US_DEM2016/US_DEM2016_point_11-01-2019_1119_30m_vel.asc
ncols	125
nrows	167
xllcorner	-2042055.000000
yllcorner	1465035.000000
cellsize	30.000000
NODATA_value	-9999.000000
[rows 0 to 37 of 167, columns 0 to 83 of 125]
2.67 2.67 2.75 2.73 2.51 2.30 2.25 2.37 2.48 2.59 2.65 2.56 2.25 2.35 2.60 2.76 2.78 2.66 2.26 2.04 2.23 2.43 2.61 2.67 2.64 2.62 2.50 2.21 2.13 2.21 2.32 2.43 2.50 2.54 2.48 2.38 2.36 2.38 2.42 2.43 2.45 2.49 2.55 2.61 2.63 2.62 2.52 2.46 2.51 2.59 2.65 2.78 2.85 2.91 2.86 2.81 2.78 2.71 2.70 2.70 2.64 2.53 2.40 2.42 2.45 2.49 2.54 2.57 2.54 2.57 2.60 2.60 2.59 2.56 2.54 2.55 2.49 2.36 2.42 2.62 2.49 2.12 2.22 2.61
2.67 2.67 2.75 2.73 2.51 2.30 2.25 2.37 2.48 2.59 2.65 2.56 2.25 2.35 2.60 2.76 2.78 2.66 2.26 2.04 2.23 2.43 2.61 2.67 2.64 2.62 2.50 2.21 2.13 2.21 2.32 2.43 2.50 2.54 2.48 2.38 2.36 2.38 2.42 2.43 2.45 2.49 2.55 2.61 2.63 2.62 2.52 2.46 2.51 2.59 2.65 2.78 2.85 2.91 2.86 2.81 2.78 2.71 2.70 2.70 2.64 2.53 2.40 2.42 2.45 2.49 2.54 2.57 2.54 2.57 2.60 2.60 2.59 2.56 2.54 2.55 2.49 2.36 2.42 2.62 2.49 2.12 2.22 2.61
2.82 2.81 2.82 2.73 2.48 2.29 2.23 2.35 2.54 2.68 2.72 2.46 2.05 2.23 2.70 2.85 2.63 2.26 1.89 1.77 2.11 2.48 2.76 2.78 2.62 2.44 2.10 1.82 1.87 2.05 2.24 2.40 2.52 2.59 2.52 2.37 2.31 2.30 2.27 2.28 2.32 2.36 2.43 2.52 2.60 2.59 2.49 2.40 2.49 2.67 2.88 3.00 2.91 2.74 2.65 2.58 2.51 2.46 2.49 2.55 2.52 2.38 2.31 2.38 2.46 2.52 2.55 2.54 2.54 2.56 2.58 2.58 2.55 2.51 2.50 2.51 2.45 2.35 2.47 2.65 2.41 1.93 2.06 2.71
3.08 3.07 2.99 2.77 2.49 2.33 2.34 2.43 2.59 2.77 2.80 2.38 1.83 2.03 2.79 3.01 2.51 1.82 1.36 1.44 2.02 2.67 3.00 2.89 2.53 2.13 1.69 1.49 1.58 1.83 2.12 2.37 2.56 2.66 2.60 2.42 2.32 2.27 2.13 2.02 2.07 2.15 2.24 2.38 2.51 2.52 2.45 2.41 2.56 2.90 3.25 3.33 3.01 2.55 2.32 2.14 2.04 2.09 2.20 2.30 2.34 2.29 2.23 2.31 2.42 2.51 2.55 2.54 2.55 2.59 2.59 2.53 2.47 2.42 2.42 2.46 2.43 2.39 2.53 2.65 2.31 1.85 2.06 2.86
3.33 3.28 3.12 2.82 2.52 2.39 2.38 2.43 2.52 2.65 2.72 2.40 1.83 1.86 2.71 3.08 2.52 1.64 1.21 1.43 2.13 2.82 3.07 2.78 2.29 1.90 1.62 1.48 1.53 1.76 2.08 2.38 2.60 2.69 2.65 2.53 2.44 2.40 2.20 1.95 1.93 2.01 2.12 2.30 2.43 2.44 2.41 2.46 2.68 3.09 3.46 3.45 2.98 2.49 2.15 1.86 1.79 1.88 2.03 2.18 2.28 2.30 2.26 2.27 2.36 2.45 2.48 2.51 2.58 2.59 2.55 2.49 2.41 2.38 2.41 2.44 2.46 2.46 2.51 2.54 2.33 2.07 2.27 2.92
3.49 3.38 3.14 2.84 2.54 2.39 2.34 2.29 2.35 2.49 2.58 2.39 1.88 1.78 2.58 3.05 2.60 1.61 1.20 1.54 2.29 2.88 3.00 2.55 2.01 1.74 1.58 1.47 1.50 1.73 2.08 2.41 2.62 2.68 2.64 2.58 2.56 2.53 2.35 2.07 1.94 1.96 2.06 2.24 2.41 2.41 2.38 2.51 2.80 3.24 3.58 3.46 2.96 2.43 2.04 1.78 1.76 1.88 2.00 2.09 2.22 2.30 2.29 2.26 2.34 2.41 2.45 2.50 2.54 2.54 2.50 2.44 2.39 2.40 2.44 2.48 2.50 2.51 2.52 2.50 2.40 2.31 2.47 2.87
3.60 3.45 3.10 2.80 2.53 2.36 2.24 2.14 2.18 2.30 2.42 2.31 1.89 1.82 2.49 2.96 2.68 1.80 1.29 1.58 2.34 2.88 2.86 2.32 1.84 1.63 1.53 1.47 1.50 1.74 2.08 2.42 2.60 2.64 2.60 2.60 2.63 2.61 2.48 2.23 2.04 2.01 2.09 2.23 2.39 2.41 2.39 2.56 2.96 3.41 3.66 3.45 2.86 2.40 2.09 1.89 1.89 1.98 2.01 2.02 2.12 2.24 2.26 2.27 2.34 2.42 2.48 2.51 2.51 2.47 2.42 2.39 2.39 2.43 2.49 2.54 2.56 2.58 2.59 2.54 2.47 2.45 2.52 2.67
3.58 3.43 3.06 2.72 2.50 2.30 2.13 2.04 2.11 2.24 2.29 2.18 1.92 1.95 2.45 2.85 2.68 1.99 1.41 1.61 2.32 2.78 2.67 2.18 1.74 1.55 1.50 1.52 1.57 1.76 2.08 2.38 2.56 2.59 2.56 2.60 2.66 2.66 2.58 2.39 2.20 2.12 2.18 2.24 2.27 2.33 2.40 2.63 3.07 3.58 3.73 3.38 2.71 2.30 2.16 2.09 2.06 2.05 1.99 1.96 2.04 2.15 2.21 2.26 2.35 2.50 2.60 2.60 2.50 2.39 2.32 2.33 2.38 2.46 2.55 2.60 2.63 2.69 2.70 2.61 2.52 2.47 2.46 2.44
3.53 3.36 3.01 2.67 2.45 2.25 2.07 2.05 2.21 2.28 2.25 2.14 2.01 2.05 2.34 2.65 2.56 2.04 1.56 1.73 2.36 2.66 2.43 2.01 1.67 1.49 1.47 1.57 1.69 1.83 2.08 2.33 2.51 2.56 2.52 2.54 2.60 2.64 2.63 2.54 2.40 2.31 2.30 2.24 2.13 2.14 2.35 2.70 3.24 3.72 3.77 3.21 2.46 2.12 2.11 2.15 2.13 2.05 1.96 1.96 2.04 2.13 2.19 2.21 2.35 2.62 2.80 2.73 2.48 2.25 2.17 2.26 2.40 2.52 2.60 2.64 2.70 2.80 2.79 2.64 2.50 2.44 2.41 2.34
3.41 3.31 3.00 2.69 2.45 2.27 2.11 2.18 2.33 2.36 2.25 2.16 2.11 2.09 2.17 2.36 2.34 1.96 1.69 1.93 2.44 2.53 2.16 1.81 1.60 1.48 1.46 1.59 1.78 1.94 2.14 2.32 2.52 2.62 2.55 2.46 2.45 2.50 2.56 2.55 2.49 2.49 2.50 2.40 2.13 2.04 2.30 2.83 3.43 3.80 3.69 2.95 2.24 1.87 1.89 2.05 2.10 2.01 1.95 1.99 2.09 2.20 2.24 2.18 2.30 2.68 2.96 2.85 2.44 2.06 1.98 2.21 2.47 2.62 2.67 2.68 2.77 2.89 2.83 2.61 2.44 2.40 2.43 2.36
3.43 3.28 3.02 2.77 2.53 2.35 2.29 2.42 2.48 2.39 2.26 2.20 2.15 2.05 1.97 2.06 2.07 1.83 1.75 2.08 2.48 2.40 1.94 1.64 1.55 1.51 1.52 1.63 1.84 2.06 2.23 2.40 2.63 2.71 2.51 2.27 2.27 2.40 2.49 2.47 2.45 2.53 2.64 2.60 2.33 2.10 2.29 2.97 3.61 3.83 3.45 2.71 2.11 1.80 1.77 1.89 1.98 1.96 1.95 2.04 2.17 2.32 2.38 2.25 2.24 2.64 2.98 2.87 2.42 1.94 1.86 2.22 2.62 2.77 2.76 2.75 2.85 2.92 2.79 2.56 2.42 2.40 2.40 2.34
3.52 3.33 3.01 2.79 2.61 2.49 2.50 2.61 2.59 2.40 2.26 2.21 2.14 1.96 1.81 1.84 1.85 1.72 1.75 2.14 2.45 2.27 1.80 1.55 1.52 1.54 1.60 1.74 1.97 2.21 2.37 2.55 2.71 2.68 2.35 2.11 2.19 2.37 2.43 2.38 2.35 2.46 2.65 2.75 2.61 2.29 2.41 3.15 3.73 3.73 3.14 2.55 2.11 1.83 1.73 1.76 1.83 1.86 1.93 2.08 2.27 2.45 2.52 2.41 2.31 2.57 2.90 2.86 2.47 2.04 1.89 2.29 2.72 2.87 2.85 2.82 2.85 2.82 2.64 2.49 2.45 2.42 2.37 2.29
3.66 3.40 2.94 2.69 2.61 2.61 2.67 2.69 2.58 2.38 2.27 2.23 2.15 1.93 1.77 1.75 1.72 1.67 1.74 2.11 2.35 2.14 1.75 1.57 1.56 1.60 1.74 1.95 2.15 2.34 2.49 2.62 2.67 2.53 2.24 2.13 2.28 2.38 2.33 2.29 2.30 2.36 2.55 2.76 2.79 2.62 2.66 3.35 3.76 3.50 2.83 2.37 2.02 1.84 1.76 1.74 1.72 1.72 1.84 2.10 2.39 2.61 2.68 2.58 2.43 2.50 2.74 2.79 2.57 2.21 2.06 2.42 2.85 2.96 2.87 2.77 2.70 2.57 2.45 2.48 2.55 2.51 2.40 2.26
3.70 3.45 2.95 2.63 2.58 2.69 2.77 2.72 2.49 2.31 2.28 2.24 2.14 1.97 1.87 1.78 1.67 1.63 1.72 2.00 2.17 1.98 1.75 1.67 1.66 1.72 1.91 2.12 2.25 2.36 2.45 2.49 2.52 2.41 2.25 2.27 2.39 2.38 2.28 2.27 2.27 2.32 2.46 2.64 2.78 2.86 3.00 3.44 3.71 3.30 2.62 2.13 1.87 1.84 1.85 1.81 1.67 1.57 1.75 2.12 2.51 2.79 2.82 2.70 2.53 2.47 2.56 2.64 2.57 2.37 2.29 2.64 2.95 2.92 2.70 2.54 2.44 2.35 2.37 2.54 2.70 2.66 2.48 2.23
3.63 3.49 3.00 2.62 2.50 2.67 2.77 2.63 2.38 2.28 2.29 2.24 2.10 1.96 1.94 1.88 1.67 1.58 1.67 1.84 1.93 1.85 1.78 1.79 1.80 1.87 2.00 2.15 2.26 2.33 2.33 2.32 2.40 2.42 2.36 2.39 2.44 2.37 2.29 2.29 2.30 2.31 2.39 2.53 2.67 2.92 3.18 3.49 3.56 3.19 2.51 1.99 1.82 1.91 2.01 1.92 1.62 1.45 1.71 2.14 2.58 2.88 2.93 2.80 2.63 2.50 2.45 2.45 2.47 2.48 2.59 2.87 2.91 2.65 2.43 2.40 2.39 2.27 2.30 2.58 2.86 2.86 2.58 2.27
3.73 3.55 3.04 2.58 2.35 2.50 2.67 2.58 2.39 2.33 2.33 2.22 2.04 1.89 1.91 1.93 1.72 1.55 1.59 1.67 1.72 1.75 1.82 1.89 1.92 1.95 2.02 2.13 2.25 2.32 2.26 2.20 2.31 2.44 2.47 2.50 2.50 2.38 2.27 2.28 2.32 2.33 2.36 2.45 2.58 2.89 3.20 3.45 3.44 3.08 2.49 2.03 1.93 2.12 2.23 2.04 1.56 1.41 1.77 2.26 2.59 2.86 2.94 2.85 2.71 2.56 2.39 2.27 2.31 2.53 2.86 2.96 2.68 2.34 2.33 2.46 2.46 2.28 2.29 2.62 2.99 3.02 2.69 2.40
3.94 3.61 2.97 2.53 2.31 2.45 2.66 2.61 2.44 2.43 2.40 2.25 2.09 1.91 1.84 1.87 1.72 1.54 1.51 1.55 1.60 1.69 1.82 1.94 1.99 1.99 2.03 2.11 2.22 2.32 2.29 2.17 2.22 2.38 2.46 2.53 2.56 2.43 2.26 2.26 2.36 2.41 2.42 2.47 2.62 2.89 3.11 3.27 3.30 3.08 2.58 2.17 2.15 2.33 2.40 2.09 1.53 1.49 1.98 2.43 2.67 2.84 2.92 2.87 2.77 2.59 2.36 2.15 2.15 2.48 2.87 2.91 2.45 2.24 2.38 2.53 2.47 2.31 2.33 2.66 3.03 3.10 2.86 2.61
3.91 3.54 2.80 2.38 2.34 2.54 2.74 2.71 2.59 2.55 2.50 2.33 2.17 1.96 1.77 1.70 1.62 1.50 1.44 1.47 1.54 1.64 1.80 1.98 2.04 2.05 2.10 2.15 2.18 2.29 2.36 2.27 2.25 2.33 2.41 2.52 2.61 2.52 2.32 2.29 2.42 2.48 2.53 2.62 2.72 2.84 2.90 2.97 3.12 3.11 2.75 2.41 2.39 2.54 2.49 2.04 1.59 1.72 2.22 2.66 2.86 2.89 2.85 2.81 2.76 2.61 2.36 2.04 1.98 2.32 2.73 2.81 2.46 2.35 2.53 2.58 2.46 2.32 2.37 2.69 3.05 3.15 2.98 2.73
3.77 3.41 2.61 2.23 2.37 2.75 2.96 2.89 2.73 2.61 2.50 2.38 2.21 1.95 1.67 1.51 1.46 1.41 1.37 1.40 1.48 1.60 1.80 2.02 2.11 2.13 2.18 2.22 2.18 2.22 2.35 2.39 2.36 2.36 2.40 2.48 2.61 2.59 2.45 2.41 2.49 2.57 2.65 2.70 2.65 2.57 2.53 2.63 2.96 3.08 2.92 2.70 2.68 2.73 2.52 1.97 1.70 2.05 2.56 2.90 3.00 2.88 2.69 2.62 2.65 2.60 2.41 2.05 1.82 2.02 2.46 2.61 2.50 2.48 2.61 2.58 2.43 2.37 2.44 2.71 3.08 3.21 3.03 2.66
3.71 3.31 2.49 2.14 2.45 2.92 3.13 3.05 2.86 2.65 2.47 2.31 2.14 1.86 1.57 1.38 1.29 1.27 1.27 1.31 1.40 1.56 1.82 2.09 2.20 2.21 2.26 2.32 2.24 2.17 2.30 2.43 2.45 2.44 2.43 2.46 2.53 2.56 2.55 2.56 2.59 2.64 2.66 2.57 2.39 2.23 2.25 2.43 2.80 2.97 2.91 2.84 2.85 2.78 2.48 1.99 1.93 2.43 2.85 3.04 2.96 2.69 2.45 2.40 2.51 2.56 2.45 2.13 1.75 1.79 2.20 2.46 2.51 2.57 2.64 2.53 2.35 2.33 2.41 2.61 3.01 3.31 3.08 2.57
3.55 3.17 2.48 2.20 2.59 3.13 3.30 3.15 2.87 2.58 2.36 2.19 2.00 1.75 1.52 1.31 1.16 1.13 1.16 1.23 1.34 1.55 1.86 2.15 2.29 2.30 2.35 2.42 2.33 2.21 2.30 2.46 2.53 2.54 2.51 2.43 2.44 2.57 2.68 2.67 2.61 2.56 2.48 2.33 2.17 2.10 2.18 2.41 2.70 2.84 2.87 2.91 2.93 2.79 2.47 2.18 2.29 2.70 3.01 3.00 2.76 2.47 2.25 2.19 2.40 2.50 2.42 2.16 1.83 1.78 2.10 2.44 2.62 2.69 2.66 2.50 2.30 2.29 2.39 2.50 2.95 3.34 3.24 2.66
3.20 2.96 2.50 2.39 2.86 3.36 3.40 3.12 2.73 2.41 2.21 2.04 1.84 1.65 1.48 1.26 1.07 1.02 1.07 1.16 1.31 1.57 1.88 2.15 2.34 2.40 2.42 2.46 2.42 2.35 2.41 2.55 2.63 2.62 2.49 2.33 2.42 2.65 2.76 2.65 2.47 2.39 2.27 2.15 2.11 2.12 2.28 2.54 2.68 2.82 2.87 2.86 2.85 2.75 2.54 2.43 2.58 2.88 3.00 2.82 2.56 2.32 2.10 2.10 2.30 2.39 2.32 2.24 2.04 1.89 2.11 2.44 2.65 2.67 2.57 2.40 2.20 2.22 2.32 2.35 2.75 3.29 3.38 3.01
2.90 2.79 2.61 2.69 3.11 3.44 3.33 2.92 2.49 2.27 2.11 1.92 1.71 1.54 1.38 1.19 1.02 0.98 1.03 1.14 1.33 1.60 1.86 2.11 2.31 2.43 2.48 2.51 2.53 2.54 2.59 2.64 2.62 2.53 2.30 2.17 2.46 2.72 2.71 2.47 2.26 2.21 2.13 2.12 2.17 2.25 2.49 2.69 2.81 2.94 2.94 2.85 2.73 2.62 2.58 2.63 2.79 2.94 2.85 2.66 2.45 2.19 2.09 2.17 2.30 2.33 2.30 2.34 2.27 2.09 2.15 2.41 2.63 2.63 2.47 2.29 2.17 2.29 2.34 2.26 2.52 3.01 3.33 3.27
2.77 2.71 2.69 2.90 3.26 3.31 3.13 2.71 2.36 2.19 2.06 1.84 1.63 1.44 1.26 1.11 1.01 0.98 1.06 1.22 1.44 1.66 1.88 2.11 2.31 2.46 2.56 2.62 2.68 2.70 2.67 2.56 2.39 2.27 2.13 2.17 2.48 2.64 2.51 2.31 2.17 2.13 2.13 2.19 2.27 2.43 2.71 2.90 3.02 3.04 2.92 2.70 2.50 2.42 2.51 2.71 2.90 2.93 2.76 2.59 2.40 2.21 2.20 2.31 2.34 2.32 2.38 2.51 2.48 2.29 2.23 2.34 2.50 2.53 2.33 2.13 2.17 2.41 2.37 2.16 2.38 2.76 3.16 3.36
2.83 2.77 2.77 3.04 3.34 3.33 2.99 2.62 2.35 2.16 2.02 1.80 1.57 1.36 1.16 1.05 1.00 1.01 1.12 1.32 1.55 1.74 1.94 2.12 2.34 2.54 2.70 2.76 2.77 2.70 2.55 2.32 2.15 2.10 2.11 2.24 2.45 2.51 2.38 2.22 2.14 2.16 2.26 2.32 2.41 2.60 2.85 3.09 3.18 3.04 2.77 2.52 2.33 2.24 2.37 2.66 2.89 2.92 2.77 2.59 2.43 2.36 2.43 2.51 2.47 2.40 2.50 2.59 2.51 2.37 2.31 2.32 2.37 2.40 2.27 2.15 2.27 2.46 2.31 2.09 2.24 2.52 2.88 3.28
3.04 2.85 2.74 3.01 3.15 3.33 3.05 2.64 2.37 2.17 1.98 1.77 1.53 1.30 1.11 1.01 0.99 1.02 1.15 1.39 1.62 1.81 2.01 2.18 2.39 2.64 2.81 2.81 2.69 2.54 2.36 2.18 2.06 2.08 2.18 2.29 2.39 2.43 2.34 2.17 2.12 2.24 2.39 2.51 2.59 2.70 2.94 3.20 3.21 2.94 2.61 2.36 2.15 2.06 2.23 2.54 2.77 2.84 2.80 2.67 2.54 2.52 2.59 2.62 2.56 2.53 2.60 2.57 2.47 2.42 2.41 2.30 2.24 2.31 2.31 2.26 2.36 2.45 2.29 2.11 2.15 2.28 2.51 2.98
3.18 2.93 2.70 2.88 3.15 3.33 3.22 2.79 2.44 2.22 1.99 1.77 1.53 1.31 1.11 0.98 0.96 0.99 1.16 1.44 1.70 1.91 2.12 2.31 2.49 2.69 2.80 2.70 2.50 2.36 2.23 2.14 2.11 2.17 2.28 2.31 2.30 2.35 2.35 2.22 2.18 2.32 2.55 2.73 2.79 2.83 3.25 3.18 3.13 2.84 2.50 2.20 1.97 1.88 2.07 2.39 2.55 2.64 2.72 2.72 2.66 2.63 2.69 2.74 2.71 2.65 2.58 2.52 2.49 2.50 2.40 2.23 2.16 2.31 2.39 2.32 2.36 2.45 2.37 2.21 2.14 2.15 2.28 2.64
3.33 3.06 2.72 2.75 2.93 3.23 3.33 3.03 2.60 2.32 2.07 1.78 1.56 1.38 1.16 0.98 0.92 0.97 1.20 1.52 1.85 2.11 2.29 2.42 2.51 2.60 2.64 2.50 2.26 2.13 2.16 2.21 2.23 2.28 2.33 2.34 2.29 2.30 2.40 2.37 2.30 2.44 2.74 2.94 2.99 2.97 2.97 2.99 2.95 2.79 2.51 2.21 1.92 1.78 1.96 2.18 2.23 2.37 2.51 2.62 2.69 2.70 2.79 2.85 2.75 2.68 2.59 2.49 2.52 2.53 2.33 2.14 2.21 2.43 2.45 2.33 2.37 2.51 2.48 2.32 2.17 2.10 2.18 2.41
3.53 3.18 2.70 2.57 2.66 3.05 3.30 3.19 2.83 2.46 2.15 1.83 1.60 1.44 1.23 1.00 0.90 1.00 1.29 1.69 2.07 2.29 2.35 2.33 2.31 2.34 2.39 2.29 2.07 2.01 2.14 2.30 2.36 2.34 2.35 2.39 2.36 2.32 2.43 2.47 2.46 2.63 2.97 3.16 3.18 3.01 2.80 2.68 2.69 2.74 2.67 2.40 2.01 1.76 1.77 1.84 1.94 2.16 2.34 2.58 2.77 2.82 2.81 2.07 2.69 2.65 2.68 2.60 2.52 2.45 2.29 2.18 2.33 2.48 2.44 2.37 2.48 2.61 2.56 2.38 2.20 2.09 2.12 2.24
3.58 3.27 2.77 2.51 2.49 2.78 3.12 3.20 3.01 2.61 2.22 1.89 1.66 1.48 1.26 1.02 0.91 1.07 1.44 1.89 2.22 2.30 2.22 2.12 2.09 2.13 2.19 2.13 1.97 1.97 2.16 2.34 2.38 2.38 2.37 2.42 2.44 2.38 2.42 2.54 2.65 2.88 3.17 3.35 3.25 2.89 2.48 2.29 2.38 2.58 2.74 2.68 2.22 1.76 1.54 1.53 1.75 2.05 2.30 2.73 3.04 3.06 2.86 2.64 2.48 2.56 2.33 2.69 2.56 2.42 2.31 2.34 2.52 2.56 2.44 2.45 2.63 2.70 2.55 2.32 2.13 2.03 2.02 2.13
3.53 3.34 2.93 2.61 2.45 2.59 2.87 3.08 3.05 2.76 2.35 1.99 1.73 1.49 1.25 1.00 0.94 1.18 1.63 2.01 2.19 2.16 2.04 1.94 1.92 2.01 2.08 2.01 1.90 1.98 2.22 2.33 2.35 2.36 2.38 2.43 2.45 2.40 2.43 2.61 2.84 3.06 3.33 3.42 3.18 2.64 2.20 1.98 2.05 2.37 2.68 2.81 2.51 1.82 1.35 1.31 1.63 2.02 2.41 3.04 3.37 3.19 2.64 2.31 2.23 2.42 2.65 2.67 2.59 2.45 2.34 2.37 2.58 2.71 2.61 2.62 2.72 2.66 2.44 2.16 2.00 1.95 1.97 2.06
3.59 3.40 3.07 2.78 2.52 2.49 2.66 2.85 2.92 2.81 2.53 2.17 1.86 1.53 1.22 0.98 0.99 1.32 1.74 1.97 2.03 2.00 1.93 1.85 1.83 1.96 2.09 2.04 1.97 2.10 2.33 2.38 2.32 2.32 2.37 2.44 2.44 2.41 2.47 2.71 2.99 3.24 3.45 3.38 3.01 2.52 2.12 1.85 1.88 2.13 2.52 2.84 2.74 1.98 1.27 1.15 1.52 2.01 2.59 3.32 3.61 3.15 2.37 2.00 1.99 2.30 2.58 2.57 2.51 2.45 2.33 2.29 2.51 2.75 2.84 2.86 2.80 2.59 2.31 2.08 1.98 1.94 1.95 2.02
3.75 3.56 3.21 2.95 2.65 2.43 2.44 2.58 2.69 2.72 2.62 2.36 2.01 1.62 1.25 1.00 1.07 1.41 1.70 1.80 1.85 1.90 1.91 1.83 1.76 1.92 2.16 2.26 2.23 2.27 2.42 2.45 2.35 2.28 2.32 2.41 2.44 2.43 2.55 2.85 3.17 3.48 3.56 3.26 2.82 2.46 2.11 1.86 1.81 1.97 2.28 2.80 2.84 2.16 1.27 1.04 1.41 1.98 2.77 3.57 3.76 3.08 2.24 1.91 1.93 2.26 2.48 2.42 2.42 2.44 2.27 2.14 2.36 2.72 2.92 3.00 2.91 2.62 2.34 2.15 2.03 1.93 1.94 2.09
3.94 3.76 3.40 3.11 2.76 2.36 2.16 2.27 2.38 2.50 2.56 2.46 2.16 1.73 1.33 1.06 1.12 1.39 1.56 1.64 1.76 1.89 1.93 1.81 1.72 1.92 2.26 2.51 2.55 2.44 2.46 2.45 2.33 2.22 2.23 2.33 2.43 2.48 2.67 2.99 3.38 3.68 3.58 3.04 2.54 2.33 2.18 1.94 1.77 1.84 2.10 2.65 2.86 2.25 1.29 0.98 1.30 1.97 2.86 3.70 3.89 3.11 2.29 1.95 1.93 2.20 2.36 2.25 2.31 2.43 2.15 1.92 2.24 2.71 2.92 2.98 3.01 2.88 2.58 2.31 2.04 1.91 2.03 2.26
3.97 3.82 3.49 3.14 2.74 2.30 2.05 2.04 2.11 2.23 2.37 2.41 2.27 1.88 1.43 1.13 1.14 1.31 1.42 1.54 1.74 1.88 1.91 1.82 1.78 1.99 2.38 2.69 2.78 2.65 2.49 2.39 2.27 2.14 2.12 2.24 2.42 2.57 2.80 3.11 3.52 3.75 3.45 2.71 2.35 2.34 2.31 2.11 1.88 1.77 1.95 2.49 2.77 2.28 1.31 0.99 1.28 1.99 2.89 3.74 3.94 3.29 2.49 2.06 1.91 1.98 2.09 2.05 2.17 2.39 2.12 1.80 2.19 2.71 2.71 2.63 2.89 3.08 2.94 2.46 2.02 1.98 2.23 2.46
3.95 3.79 3.44 3.06 2.70 2.30 2.05 1.94 1.92 2.00 2.11 2.24 2.26 2.01 1.55 1.19 1.13 1.20 1.29 1.48 1.70 1.84 1.89 1.87 1.90 2.10 2.43 2.75 2.89 2.77 2.50 2.30 2.19 2.08 2.08 2.23 2.45 2.66 2.90 3.17 3.51 3.68 3.32 2.67 2.42 2.44 2.46 2.38 2.12 1.83 1.80 2.25 2.63 2.30 1.38 1.03 1.31 2.00 2.81 3.63 3.90 3.49 2.66 2.12 1.83 1.75 1.84 1.90 2.07 2.36 2.17 1.79 2.18 2.66 2.47 2.23 2.56 3.01 3.13 2.75 2.22 2.22 2.50 2.65
3.98 3.80 3.35 2.93 2.59 2.29 2.07 1.90 1.80 1.81 1.87 2.01 2.15 2.05 1.67 1.28 1.13 1.12 1.19 1.41 1.64 1.77 1.84 1.90 1.97 2.15 2.44 2.75 2.94 2.88 2.54 2.22 2.10 2.06 2.11 2.26 2.51 2.76 2.95 3.09 3.33 3.46 3.23 2.86 2.70 2.65 2.61 2.49 2.25 1.86 1.68 1.89 2.40 2.25 1.45 1.08 1.36 2.01 2.73 3.54 3.92 3.61 2.77 2.17 1.79 1.61 1.65 1.81 2.01 2.32 2.22 1.80 2.17 2.60 2.33 2.02 2.26 2.73 3.03 2.89 2.50 2.45 2.70 2.80
4.08 3.85 3.25 2.77 2.46 2.26 2.10 1.89 1.71 1.64 1.70 1.82 1.96 1.98 1.72 1.37 1.17 1.10 1.15 1.37 1.59 1.71 1.78 1.87 1.97 2.16 2.42 2.71 2.98 2.99 2.66 2.26 2.08 2.07 2.14 2.34 2.61 2.84 2.95 2.99 3.08 3.10 3.08 3.01 2.93 2.81 2.67 2.45 2.16 1.81 1.55 1.61 2.08 2.13 1.49 1.13 1.42 2.06 2.78 3.55 3.91 3.64 2.88 2.29 1.89 1.67 1.66 1.76 1.92 2.25 2.23 1.82 2.07 2.54 2.32 1.93 2.06 2.45 2.82 2.80 2.52 2.52 2.84 2.94
