project/data/elevation/US_DEM2016/US_DEM2016_point_10-30-2019_1639_30m_vel.asc
ncols	125
nrows	167
xllcorner	-2042055.000000
yllcorner	1465035.000000
cellsize	30.000000
NODATA_value	-9999.000000
[rows 0 to 36 of 167, columns 0 to 82 of 125]
7.55 6.97 6.58 7.33 8.60 10.03 11.38 12.41 12.83 13.09 13.57 14.41 14.67 13.84 13.23 13.36 13.61 13.49 12.66 11.74 11.08 11.10 11.69 12.34 12.81 12.85 12.45 11.23 9.48 7.73 6.25 5.06 4.29 3.96 3.95 4.11 4.52 5.31 6.14 6.61 6.81 6.93 7.04 7.03 6.69 6.19 5.82 5.91 6.50 7.63 8.90 10.14 11.18 12.19 12.54 12.60 12.31 11.28 10.23 9.50 9.09 8.98 9.16 9.76 10.19 10.28 10.05 9.38 8.24 7.53 7.41 7.68 8.11 8.52 8.85 9.10 9.34 9.77 10.35 10.87 11.28 11.25 10.44
7.55 6.97 6.58 7.33 8.60 10.03 11.38 12.41 12.83 13.09 13.57 14.41 14.67 13.84 13.23 13.36 13.61 13.49 12.66 11.74 11.08 11.10 11.69 12.34 12.81 12.85 12.45 11.23 9.48 7.73 6.25 5.06 4.29 3.96 3.95 4.11 4.52 5.31 6.14 6.61 6.81 6.93 7.04 7.03 6.69 6.19 5.82 5.91 6.50 7.63 8.90 10.14 11.18 12.19 12.54 12.60 12.31 11.28 10.23 9.50 9.09 8.98 9.16 9.76 10.19 10.28 10.05 9.38 8.24 7.53 7.41 7.68 8.11 8.52 8.85 9.10 9.34 9.77 10.35 10.87 11.28 11.25 10.44
7.30 6.87 6.76 7.48 8.44 9.64 10.77 11.61 12.04 12.22 12.59 13.25 13.45 13.07 12.59 12.60 12.78 12.79 12.25 11.38 10.94 11.06 11.50 11.83 11.93 11.73 10.97 9.74 8.40 7.03 5.83 4.93 4.39 4.21 4.21 4.34 4.68 5.23 5.78 6.18 6.31 6.40 6.53 6.75 6.90 6.90 6.83 6.87 7.37 8.25 9.21 10.04 10.72 11.26 11.52 11.57 11.47 11.06 10.34 9.52 8.90 8.58 8.76 9.17 9.44 9.50 9.45 9.29 8.99 8.52 8.27 8.26 8.32 8.37 8.46 8.60 8.87 9.36 9.85 10.11 10.18 10.23 10.16
7.51 7.21 7.39 7.95 8.53 9.15 9.82 10.16 10.17 10.19 10.53 10.85 10.99 10.90 10.86 10.80 10.83 11.09 11.02 10.69 10.71 11.00 11.06 10.66 10.10 9.46 8.58 7.79 7.03 6.28 5.61 5.19 5.09 5.16 5.21 5.20 5.23 5.39 5.54 5.71 6.06 6.38 6.70 7.11 7.64 8.06 8.32 8.43 8.69 9.15 9.61 9.78 9.74 9.54 9.43 9.17 9.12 9.41 9.58 9.45 9.09 8.75 8.50 8.31 8.02 7.86 8.04 8.53 9.00 9.24 9.21 8.92 8.51 8.11 7.88 7.88 8.12 8.52 8.75 8.56 8.40 8.93 9.75
7.93 7.77 8.04 8.37 8.65 8.98 9.13 9.13 8.85 8.66 8.70 8.85 8.97 8.99 9.10 9.10 9.10 9.35 9.81 10.29 10.74 10.80 10.37 9.40 8.39 7.68 7.34 7.10 6.83 6.54 6.32 6.30 6.47 6.63 6.59 6.35 6.10 6.04 6.02 6.15 6.63 7.18 7.75 8.27 8.55 8.78 8.96 9.20 9.47 9.71 9.80 9.58 9.04 8.39 7.80 6.95 6.50 6.68 7.45 8.33 8.79 8.82 8.52 7.82 7.18 6.76 6.65 6.91 7.41 7.82 7.99 7.91 7.70 7.48 7.37 7.40 7.55 7.74 7.79 7.64 7.73 8.49 9.49
8.02 7.99 8.36 8.67 8.72 8.79 8.73 8.32 8.01 7.82 7.60 7.56 7.76 8.03 8.45 8.66 8.72 8.78 9.30 10.04 10.47 10.17 9.32 8.09 7.12 6.83 6.90 7.04 7.14 7.23 7.38 7.56 7.68 7.59 7.34 7.03 6.83 6.77 6.73 6.75 6.91 7.25 7.82 8.49 8.85 9.00 9.13 9.44 9.69 9.85 9.81 9.49 8.92 7.91 6.84 6.00 5.75 5.93 6.35 6.85 7.35 7.67 7.61 7.10 6.57 6.20 6.01 5.92 5.89 5.92 6.03 6.15 6.28 6.44 6.60 6.75 6.93 7.11 7.26 7.36 7.62 8.20 8.82
8.23 8.37 8.74 9.02 8.90 8.63 8.21 7.58 7.22 7.14 7.03 6.87 7.02 7.69 8.51 8.76 8.91 8.97 9.03 9.19 9.37 9.05 8.19 7.21 6.74 6.69 6.79 6.95 7.24 7.66 8.06 8.30 8.22 8.03 7.80 7.67 7.66 7.62 7.42 7.13 6.99 7.10 7.37 7.82 8.20 8.23 8.29 8.57 9.06 9.40 9.58 9.43 8.88 8.30 7.69 7.18 7.22 7.30 7.17 6.87 6.54 6.38 6.29 6.14 5.92 5.72 5.62 5.57 5.51 5.45 5.42 5.44 5.53 5.69 5.89 6.08 6.26 6.51 6.84 7.17 7.49 7.83 7.99
8.45 8.80 9.38 9.41 9.16 8.43 7.60 6.92 6.77 6.95 6.90 6.58 6.73 7.56 8.37 8.42 8.44 8.51 8.26 7.97 8.00 7.86 7.36 6.94 6.80 6.80 6.86 6.94 7.21 7.74 8.28 8.59 8.66 8.75 8.94 9.24 9.34 9.12 8.67 8.10 7.56 7.22 7.14 7.11 6.99 6.91 6.90 7.25 8.11 9.10 9.48 9.39 9.13 9.18 9.25 9.23 8.96 8.57 7.95 7.17 6.41 5.88 5.66 5.56 5.42 5.31 5.38 5.59 5.72 5.68 5.52 5.36 5.30 5.39 5.61 5.84 6.03 6.35 6.77 7.04 7.21 7.29 7.18
8.96 9.31 9.92 9.77 9.27 8.46 7.50 7.00 7.14 7.27 7.10 6.84 7.03 7.62 7.94 7.71 7.43 7.39 7.22 7.07 7.20 7.08 6.65 6.48 6.52 6.69 7.01 7.36 7.64 7.95 8.49 9.02 9.55 10.29 11.10 11.57 11.54 11.10 10.51 9.81 8.97 8.12 7.53 7.18 6.83 6.63 6.89 7.53 8.63 9.47 9.53 8.94 8.50 8.58 8.84 8.91 8.59 7.96 7.19 6.50 5.98 5.65 5.51 5.49 5.46 5.50 5.80 6.15 6.15 5.88 5.55 5.36 5.42 5.75 6.17 6.51 6.81 7.23 7.51 7.46 7.22 6.95 6.75
9.27 9.67 10.06 9.84 9.30 8.70 7.96 7.83 8.21 8.40 8.05 7.69 7.71 7.79 7.58 7.08 6.61 6.52 6.69 6.89 7.08 6.71 6.12 5.97 6.17 6.52 7.02 7.61 8.10 8.54 9.17 9.88 10.77 11.70 12.28 12.34 12.08 11.75 11.49 11.15 10.56 9.76 8.95 8.29 7.75 7.66 7.89 8.63 9.55 9.84 9.28 7.90 6.85 6.13 6.18 6.50 6.55 6.22 5.85 5.58 5.39 5.30 5.38 5.63 6.07 6.46 6.92 7.12 6.67 5.99 5.67 5.79 6.32 7.04 7.64 8.05 8.46 8.89 9.01 8.70 8.17 7.76 7.56
9.67 9.64 9.82 9.80 9.51 9.28 9.19 9.58 9.99 9.94 9.52 8.99 8.50 7.97 7.32 6.62 6.18 6.40 6.98 7.42 7.46 6.93 6.31 6.13 6.31 6.64 7.03 7.60 8.46 9.45 10.27 10.95 11.48 11.62 11.23 10.56 10.34 10.69 11.10 11.31 11.25 10.84 10.16 9.37 8.79 8.49 8.49 9.15 9.82 9.71 8.58 7.04 5.83 5.06 4.73 4.67 4.78 4.93 5.06 5.11 5.13 5.25 5.60 6.16 6.90 7.67 8.07 7.86 7.16 6.36 6.24 6.84 7.75 8.56 9.19 9.66 10.07 10.21 9.99 9.56 9.21 8.98 8.73
9.75 9.26 9.24 9.84 10.26 10.62 11.09 11.56 11.80 11.41 10.79 10.19 9.46 8.43 7.41 6.77 6.52 6.89 7.57 7.98 7.87 7.36 6.85 6.64 6.77 7.14 7.63 8.36 9.37 10.33 10.82 11.00 10.73 9.92 8.74 8.03 8.27 9.02 9.62 10.03 10.41 10.64 10.56 10.17 9.60 9.08 8.96 9.44 9.63 9.06 7.62 6.56 5.84 5.16 4.55 4.15 4.15 4.50 4.85 5.07 5.33 5.83 6.51 7.21 7.93 8.47 8.59 8.28 7.76 7.38 7.33 7.97 8.78 9.54 10.05 10.32 10.23 9.74 8.87 8.24 8.00 7.97 7.96
9.23 8.71 8.52 9.46 10.50 11.33 11.89 12.13 12.13 11.78 11.31 10.83 10.22 9.14 8.15 7.62 7.44 7.50 7.75 7.88 7.68 7.26 6.93 6.86 7.14 7.67 8.37 9.12 9.67 9.88 9.73 9.20 8.26 7.08 6.38 6.60 7.25 7.60 7.61 7.93 8.55 9.24 9.86 10.17 10.02 9.58 9.35 9.55 9.14 7.87 6.50 5.75 5.06 4.48 4.11 4.06 4.30 4.70 5.14 5.58 6.13 6.86 7.60 8.16 8.53 8.67 8.62 8.58 8.54 8.48 8.55 9.00 9.72 10.18 10.11 9.53 8.50 7.17 6.07 5.52 5.47 5.73 6.10
9.10 8.88 8.68 8.90 9.53 10.23 10.63 10.67 10.46 10.36 10.42 10.42 10.25 9.75 9.13 8.59 8.16 7.78 7.49 7.18 6.79 6.51 6.50 6.68 7.05 7.53 7.98 8.17 7.98 7.54 6.94 6.06 5.17 4.58 4.75 5.52 5.96 5.87 5.79 6.09 6.58 7.24 7.98 8.62 9.10 9.28 9.36 9.34 8.72 7.27 5.88 4.70 3.92 3.74 3.98 4.47 4.92 5.29 5.79 6.51 7.21 7.85 8.34 8.67 8.87 8.97 9.04 9.14 9.23 9.24 9.40 9.93 10.31 9.95 8.82 7.27 5.85 4.98 4.62 4.69 5.11 5.65 6.01
9.40 9.51 9.07 8.51 8.02 7.90 7.80 7.48 7.21 7.45 7.99 8.55 8.93 9.19 9.24 9.00 8.48 7.80 7.14 6.46 5.87 5.77 6.01 6.26 6.42 6.47 6.32 5.91 5.40 5.03 4.67 4.31 4.11 4.14 4.38 4.61 4.70 4.80 4.94 5.12 5.32 5.61 6.01 6.58 7.45 8.67 9.21 9.25 8.59 7.39 5.84 4.57 4.07 4.32 4.96 5.51 5.73 5.94 6.46 7.31 8.21 8.78 9.20 9.51 9.77 10.02 10.11 10.04 9.92 9.83 10.02 10.36 9.91 8.35 6.55 5.39 5.02 4.94 5.10 5.65 6.39 7.02 7.20
9.50 9.34 8.65 7.77 6.52 5.60 4.95 4.52 4.51 4.79 5.29 5.77 6.42 7.22 8.05 8.46 8.32 7.74 6.96 6.18 5.67 5.63 5.78 5.80 5.63 5.31 4.93 4.66 4.52 4.42 4.38 4.52 4.86 5.12 5.12 5.10 5.14 5.29 5.45 5.57 5.63 5.76 6.06 6.75 7.76 9.04 9.51 9.28 8.37 7.05 5.94 5.40 5.35 5.85 6.43 6.69 6.58 6.63 7.24 8.33 9.35 10.14 10.62 10.87 11.13 11.44 11.54 11.38 11.15 10.95 10.80 10.22 8.62 6.82 5.92 5.87 6.09 6.10 6.23 6.79 7.62 8.19 8.31
9.04 8.36 7.36 6.52 5.21 4.29 3.92 3.91 4.09 4.55 4.99 5.24 5.64 6.36 7.08 7.58 7.74 7.58 7.07 6.51 6.15 5.96 5.78 5.54 5.27 5.06 5.02 5.18 5.32 5.32 5.24 5.28 5.63 6.15 6.43 6.57 6.64 6.67 6.68 6.81 7.11 7.56 8.11 8.92 9.79 10.23 9.91 9.18 8.17 7.17 6.49 6.36 6.64 7.18 7.68 7.84 7.63 7.83 8.72 9.96 11.13 11.91 12.25 12.32 12.30 12.36 12.46 12.49 12.45 12.06 11.32 10.05 8.11 7.23 7.43 7.87 7.91 7.62 7.56 8.04 8.72 9.24 9.64
8.69 8.00 6.77 5.62 4.80 4.54 4.91 5.49 6.10 6.77 7.23 7.39 7.58 7.67 7.56 7.29 7.24 7.35 7.26 6.99 6.63 6.22 5.82 5.56 5.50 5.64 5.92 6.21 6.43 6.53 6.47 6.29 6.42 6.93 7.48 7.89 8.09 8.12 8.06 8.28 8.91 9.54 10.22 10.79 10.96 10.40 9.43 8.55 7.95 7.53 7.14 7.14 7.57 8.25 8.72 8.78 8.84 9.29 10.46 11.77 12.67 12.96 12.86 12.66 12.42 12.23 12.19 12.24 12.44 12.27 11.71 11.04 10.03 9.82 10.37 10.76 10.62 10.15 9.96 10.05 10.27 10.57 11.03
8.68 8.14 6.89 5.76 5.46 6.22 7.42 8.45 9.29 9.88 10.22 10.32 10.13 9.46 8.50 7.67 7.27 7.27 7.32 7.19 6.87 6.45 6.10 5.99 6.16 6.44 6.69 6.95 7.27 7.57 7.74 7.81 7.93 8.16 8.55 9.06 9.51 9.69 9.84 10.20 10.70 11.12 11.28 11.02 10.15 8.77 7.48 7.06 7.35 7.55 7.79 8.11 8.70 9.32 9.56 9.40 9.63 10.54 11.79 12.61 12.77 12.41 11.87 11.51 11.38 11.36 11.44 11.42 11.39 11.53 11.95 12.36 12.89 13.21 13.53 13.91 14.02 13.85 13.55 13.08 12.61 12.22 12.00
8.25 7.43 6.23 5.83 6.61 8.19 9.81 11.04 11.77 11.97 11.87 11.57 11.08 10.19 9.24 8.43 7.87 7.54 7.42 7.29 7.09 6.91 6.82 6.88 7.00 7.15 7.36 7.66 8.00 8.40 8.89 9.46 9.99 10.39 10.66 10.93 11.05 11.06 11.33 11.71 11.80 11.50 10.81 9.64 8.09 6.54 5.71 5.88 6.95 7.82 8.58 9.25 9.81 10.02 9.92 9.74 10.28 11.40 12.06 12.12 11.50 10.64 9.91 9.56 9.68 10.04 10.36 10.44 10.26 10.43 11.36 12.47 13.49 14.10 14.52 15.09 15.47 15.48 15.16 14.68 13.98 13.24 12.34
7.07 6.31 5.73 6.40 8.21 10.24 11.62 12.29 12.43 12.08 11.55 11.04 10.55 10.00 9.56 9.04 8.43 7.88 7.60 7.50 7.50 7.63 7.88 8.09 8.19 8.22 8.45 8.75 9.07 9.50 10.22 11.12 11.90 12.45 12.66 12.42 12.01 11.78 11.83 11.76 11.20 10.17 8.82 7.29 6.02 5.39 5.45 6.29 7.64 8.79 9.86 10.67 10.95 10.69 10.31 10.36 10.99 11.45 11.43 10.67 9.58 8.54 7.73 7.27 7.49 7.76 8.03 8.26 8.49 8.89 9.57 10.56 11.62 12.33 12.83 13.34 13.71 13.82 13.85 13.70 13.41 12.82 12.07
7.34 7.06 7.34 8.74 10.60 11.94 12.35 12.11 11.53 10.71 10.10 9.70 9.34 9.20 9.14 8.91 8.48 8.02 7.85 7.98 8.33 8.86 9.39 9.71 9.87 9.94 10.11 10.37 10.71 11.24 12.00 12.64 12.95 12.94 12.55 11.94 11.51 11.20 10.86 10.09 8.96 7.69 6.36 5.32 5.08 5.54 6.52 7.88 9.00 10.15 11.05 11.44 11.44 11.31 10.98 10.95 11.08 10.85 10.08 8.75 7.47 6.41 5.43 5.02 5.12 5.10 5.02 5.34 6.01 6.61 7.55 8.23 8.69 8.92 9.10 9.41 9.39 9.65 10.06 10.36 11.09 11.63 11.68
8.75 9.33 10.51 11.50 12.21 12.43 11.83 10.85 9.84 9.21 8.88 8.60 8.34 8.24 8.23 8.23 8.15 8.05 8.21 8.64 9.34 10.09 10.68 11.10 11.26 11.41 11.64 11.95 12.37 12.88 13.22 13.08 12.45 11.50 10.41 9.71 9.79 9.57 8.74 7.47 6.22 5.39 4.84 4.93 5.62 6.56 7.82 9.07 10.20 11.11 11.42 11.39 11.21 11.15 11.12 10.92 10.50 9.70 8.39 7.00 5.75 4.52 3.76 3.72 3.90 3.90 3.94 4.31 4.88 5.54 6.23 6.84 7.00 6.79 6.47 6.40 6.61 7.27 7.86 8.32 9.05 10.04 10.88
9.72 10.59 11.80 12.18 12.14 11.62 10.53 9.53 8.63 8.31 8.19 7.94 7.73 7.57 7.51 7.65 7.85 8.10 8.44 8.82 9.27 9.74 10.28 10.90 11.31 11.71 12.16 12.61 12.93 13.00 12.61 11.60 10.14 8.86 8.02 7.83 7.82 7.22 6.09 5.16 4.57 4.43 4.81 5.80 6.76 7.72 8.86 9.94 10.86 11.18 10.84 10.35 10.11 10.18 10.28 10.13 9.59 8.68 7.37 6.14 5.00 3.93 3.51 3.70 3.98 4.16 4.51 5.15 5.65 5.79 5.93 6.16 6.19 5.87 5.41 5.31 5.89 6.77 7.16 7.32 7.88 8.54 9.36
10.28 10.74 11.29 11.35 10.97 10.11 9.20 8.50 8.04 7.84 7.65 7.38 7.23 7.12 7.13 7.37 7.75 8.08 8.24 8.22 8.19 8.26 8.64 9.33 10.29 11.11 11.79 12.13 12.01 11.37 10.23 8.70 7.22 6.37 6.10 6.07 5.61 4.85 4.26 4.20 4.47 5.09 6.06 7.03 8.02 9.04 9.87 10.65 10.96 10.63 9.98 9.52 9.31 9.25 9.27 9.23 8.97 8.35 7.28 6.11 5.19 4.74 4.87 5.30 5.58 5.75 6.24 6.59 6.40 6.04 5.86 5.89 5.78 5.43 5.06 5.21 5.85 6.29 6.21 6.29 6.73 7.10 7.70
10.78 10.36 10.03 10.08 9.74 9.07 8.38 7.76 7.50 7.33 7.11 6.90 6.74 6.73 6.96 7.35 7.79 8.03 8.04 7.90 7.87 8.05 8.53 9.29 10.24 10.94 11.13 10.82 10.03 8.88 7.47 6.22 5.19 4.65 4.52 4.47 4.22 4.00 4.10 4.63 5.49 6.51 7.38 8.33 9.37 10.25 10.83 11.01 10.64 9.92 9.26 8.86 8.62 8.57 8.74 8.85 8.83 8.51 7.81 6.88 6.29 6.34 6.82 7.27 7.50 7.74 7.89 7.44 6.62 6.27 6.26 5.94 5.50 5.26 5.20 5.44 5.74 5.70 5.50 5.69 6.02 6.23 6.67
11.07 10.33 9.40 9.26 9.13 8.86 8.52 7.98 7.61 7.44 7.22 7.03 6.87 6.94 7.24 7.63 8.03 8.31 8.47 8.60 8.96 9.59 10.35 10.96 11.16 10.87 10.09 9.00 7.78 6.60 5.43 4.61 4.25 4.21 4.23 4.29 4.49 4.84 5.24 5.75 6.55 7.41 8.38 9.53 10.57 11.29 11.45 10.99 10.16 9.22 8.43 7.93 7.84 8.07 8.48 8.82 8.84 8.75 8.60 8.39 8.34 8.67 9.15 9.46 9.57 9.43 8.97 8.28 7.72 7.59 7.17 6.37 5.59 5.52 5.68 5.65 5.62 5.62 5.68 5.83 5.97 6.07 6.38
11.28 10.47 9.32 8.98 8.90 8.91 8.98 8.82 8.55 8.45 8.34 8.08 7.99 8.05 8.18 8.26 8.45 8.78 9.21 9.69 10.34 11.03 11.41 11.31 10.69 9.65 8.38 7.05 5.79 4.81 4.26 4.14 4.40 4.92 5.24 5.41 5.65 6.06 6.51 6.86 7.34 8.04 9.19 10.45 11.42 11.81 11.51 10.67 9.67 8.66 7.77 7.38 7.54 7.97 8.39 8.54 8.49 8.83 9.26 9.76 10.50 11.31 11.95 12.25 11.95 11.35 10.51 9.86 9.67 9.25 8.09 6.82 6.32 6.55 6.54 6.07 5.92 6.18 6.38 6.38 6.28 6.22 6.36
11.12 10.19 8.98 8.60 8.52 8.81 9.07 9.23 9.18 9.13 9.07 8.85 8.84 8.93 8.99 8.87 8.75 8.92 9.45 10.11 10.66 10.82 10.39 9.44 8.36 7.35 6.37 5.34 4.44 4.04 4.20 4.91 5.62 6.08 6.45 6.74 6.97 7.23 7.59 7.78 8.11 8.80 10.05 11.12 11.76 11.66 10.95 10.06 9.29 8.62 8.02 7.71 7.82 8.08 8.09 8.00 8.24 9.00 9.75 10.73 11.87 12.78 13.30 13.45 13.48 13.08 12.44 11.92 11.27 10.28 9.02 7.95 7.80 7.90 7.56 7.09 7.18 7.54 7.55 7.17 6.71 6.43 6.34
10.68 10.06 9.09 8.61 8.46 8.56 8.86 9.16 9.23 9.05 8.72 8.40 8.39 8.56 8.71 8.70 8.55 8.64 9.11 9.58 9.62 9.00 7.92 6.78 5.86 5.15 4.55 4.11 3.98 4.34 5.34 6.41 7.01 7.33 7.55 7.80 8.12 8.35 8.44 8.60 9.01 9.78 10.67 11.35 11.33 10.65 9.73 9.20 9.14 9.09 8.95 8.81 8.55 8.47 8.26 8.22 8.66 9.47 10.16 11.19 12.08 12.78 13.00 12.91 13.09 13.21 13.15 13.12 12.63 11.84 11.22 10.73 10.28 9.56 8.78 8.63 9.03 9.31 8.83 7.95 7.05 6.43 6.05
10.82 10.51 9.73 9.13 8.89 8.75 8.82 9.04 9.16 9.02 8.58 8.16 8.01 7.96 7.97 7.97 8.07 8.33 8.65 8.51 7.70 6.43 5.25 4.39 3.69 3.16 2.87 3.07 3.91 5.29 6.70 7.55 8.05 8.34 8.54 8.75 8.89 8.91 8.92 9.11 9.69 10.35 10.98 11.07 10.46 9.30 8.67 8.58 8.86 9.40 9.56 9.53 9.44 9.20 8.96 8.90 9.07 9.59 10.22 11.07 11.47 11.33 10.68 10.47 10.94 11.75 12.44 13.06 13.52 13.60 13.65 13.39 12.64 11.69 10.83 10.69 10.71 10.28 9.26 7.83 6.75 6.15 5.85
11.15 10.58 9.74 9.31 9.18 9.12 8.97 8.97 9.15 9.31 9.25 8.90 8.59 8.25 7.94 7.76 7.87 8.08 7.92 7.04 5.62 4.27 3.31 2.73 2.39 2.22 2.31 2.88 4.00 5.42 6.66 7.34 7.81 8.22 8.59 8.87 8.83 8.81 8.86 9.21 9.84 10.55 10.98 10.69 9.96 9.00 8.47 8.38 8.56 8.98 9.48 9.64 9.81 9.68 9.37 8.98 8.86 9.02 9.64 10.23 10.29 9.63 8.83 8.61 8.95 9.79 10.89 11.90 12.78 13.43 13.90 14.04 13.60 13.09 12.71 12.28 11.36 9.96 8.42 7.16 6.48 6.13 5.81
10.77 9.81 8.70 8.62 8.83 8.91 8.71 8.54 8.77 9.18 9.43 9.27 8.92 8.55 8.24 7.97 7.89 7.66 6.94 5.68 4.48 3.60 3.04 2.80 2.77 2.93 3.33 3.89 4.56 5.16 5.61 6.03 6.40 6.80 7.23 7.60 7.87 8.10 8.49 9.12 9.72 10.35 10.49 9.96 9.28 8.65 8.13 8.04 8.14 8.37 8.76 9.31 9.52 9.48 9.10 8.45 8.18 8.18 8.79 9.26 9.06 8.21 7.62 7.78 8.33 8.91 9.44 9.95 10.57 11.19 11.73 12.19 12.57 12.75 12.76 12.43 11.09 9.21 7.94 7.36 6.95 6.29 5.60
9.56 8.83 8.06 8.04 8.05 7.82 7.49 7.46 7.68 8.21 8.71 8.87 8.67 8.38 8.21 7.99 7.72 7.21 6.37 5.49 4.88 4.56 4.41 4.39 4.46 4.72 5.02 5.34 5.56 5.62 5.65 5.66 5.66 5.72 5.91 6.34 7.02 7.54 8.16 8.88 9.40 9.66 9.27 8.17 7.05 6.61 6.68 6.91 7.19 7.73 8.19 8.64 8.88 8.73 8.29 7.78 7.55 7.72 8.15 8.50 8.23 7.42 7.21 7.51 8.07 8.43 8.40 8.27 8.38 8.75 8.84 9.28 10.14 11.00 11.50 11.61 11.00 9.80 8.76 8.18 7.24 6.20 5.73
8.78 8.76 8.72 8.49 7.81 7.11 6.77 6.66 6.69 7.07 7.73 8.25 8.41 8.27 8.07 7.75 7.40 6.96 6.49 6.17 6.12 6.19 6.30 6.36 6.44 6.56 6.71 6.74 6.78 6.81 6.71 6.43 6.07 5.79 5.77 6.19 6.82 7.35 8.00 8.63 8.94 8.75 7.74 6.05 5.13 5.20 5.70 6.29 6.92 7.44 7.91 8.16 8.08 7.91 7.63 7.51 7.51 7.77 7.99 8.21 8.09 7.76 7.68 7.68 7.73 7.44 7.06 6.97 7.18 7.46 7.61 7.83 8.40 9.19 9.62 10.29 10.88 10.82 10.07 8.83 7.36 6.66 6.90
9.34 9.76 10.13 9.72 8.91 7.82 7.11 6.69 6.38 6.28 6.59 7.29 7.88 8.11 7.93 7.51 7.19 6.98 6.95 7.21 7.56 7.90 8.19 8.34 8.42 8.31 8.09 7.86 7.64 7.47 7.32 7.08 6.78 6.51 6.37 6.56 7.09 7.60 8.24 8.67 8.63 8.00 6.81 5.62 5.47 6.07 6.86 7.61 8.02 8.07 7.97 7.87 7.60 7.52 7.50 7.56 7.61 7.88 8.03 8.35 8.49 8.40 8.03 7.44 6.93 6.44 6.09 6.16 6.60 7.01 7.24 7.51 7.77 8.13 8.46 9.17 10.27 11.02 11.05 10.34 9.19 8.89 9.29
10.12 10.54 10.79 10.29 9.54 8.60 7.76 7.06 6.46 5.94 5.71 6.06 6.84 7.44 7.62 7.36 7.17 7.22 7.62 8.30 8.91 9.48 9.92 10.21 10.17 9.91 9.52 9.02 8.44 7.90 7.48 7.25 7.19 7.33 7.57 7.73 8.01 8.50 9.05 9.27 9.06 8.35 7.38 7.02 7.58 8.48 9.26 9.58 9.46 8.75 8.18 7.77 7.55 7.47 7.55 7.62 7.63 7.91 8.19 8.75 8.95 8.69 8.01 7.08 6.32 5.83 5.74 5.94 6.34 6.69 6.91 7.16 7.47 7.60 7.93 8.48 9.35 10.45 11.37 12.10 12.33 12.11 11.80
