project/data/elevation/US_DEM2016/US_DEM2016_point_10-27-2019_2035_30m_ang.asc
ncols	125
nrows	167
xllcorner	-2042055.000000
yllcorner	1465035.000000
cellsize	30.000000
NODATA_value	-9999.000000
[rows 56 to 111 of 167, columns 0 to 95 of 125]
42 38 31 27 24 21 19 20 21 17 12 27 34 36 38 38 39 39 37 34 33 33 34 34 35 35 36 39 41 38 31 25 19 15 18 21 23 25 28 30 32 34 34 34 34 33 31 29 27 30 36 38 33 26 21 16 13 15 21 27 34 39 46 51 52 50 46 42 43 44 45 45 45 48 52 57 64 62 57 51 44 35 26 20 360 13 14 14 13 14 14 14 16 17 17 15
38 34 28 26 24 22 20 18 17 14 21 16 25 30 32 33 34 33 32 30 29 30 30 31 32 32 34 37 39 35 28 22 17 13 11 12 16 21 24 27 30 33 36 38 38 36 33 31 28 29 36 39 35 29 23 19 17 21 27 33 37 40 43 49 52 51 48 45 43 41 38 36 38 41 44 46 47 46 41 35 28 22 18 10 13 11 11 11 10 12 12 12 14 14 15 16
35 32 28 26 25 23 22 20 17 13 10 14 20 24 26 26 27 26 26 25 25 25 27 28 29 30 32 36 36 32 25 21 18 15 11 8 12 17 22 25 29 33 38 41 42 39 36 34 30 29 35 39 37 31 25 20 20 25 29 31 33 34 37 44 49 50 47 43 39 35 33 33 36 39 39 37 34 31 26 21 18 17 16 16 14 12 11 10 8 9 9 9 10 12 16 21
34 32 28 26 25 25 25 23 20 15 20 11 16 21 20 21 22 22 22 22 22 23 24 26 28 29 32 36 36 32 27 24 21 17 11 7 10 15 19 24 28 34 41 45 46 42 40 38 34 30 33 37 36 30 23 19 21 25 27 28 28 29 32 38 43 44 42 38 35 32 31 33 34 34 32 28 24 20 17 15 16 18 18 17 16 13 12 9 6 7 7 6 8 14 20 28
33 31 28 26 25 26 28 28 25 19 12 10 14 17 18 20 22 23 23 24 24 25 26 27 29 31 35 38 37 33 29 26 22 16 9 5 9 13 17 22 28 36 44 49 49 44 41 39 35 29 26 29 30 24 17 16 19 23 26 27 27 26 27 32 38 39 38 36 32 30 29 29 28 26 23 20 17 15 15 16 19 21 21 19 2 14 12 9 5 5 5 4 8 16 23 28
33 32 30 27 26 27 30 32 30 25 18 15 18 21 22 24 28 32 35 35 33 32 33 34 35 37 41 43 40 33 29 26 21 14 5 1 6 12 17 22 30 39 47 50 48 40 34 32 27 21 18 17 18 15 11 12 16 21 23 24 23 21 23 28 34 37 37 36 31 27 25 23 20 19 19 17 16 16 18 20 23 24 23 21 18 16 14 9 4 4 4 3 9 17 20 21
36 35 32 28 27 27 30 34 34 30 26 27 32 36 38 38 41 47 50 52 52 49 47 45 42 43 47 47 42 33 29 26 23 17 8 2 5 13 20 25 32 40 46 48 44 34 27 24 20 16 13 12 12 10 8 9 14 18 20 20 19 19 22 27 33 37 39 37 33 27 23 20 18 18 20 20 20 21 24 26 28 28 27 17 20 18 16 10 3 3 3 4 10 15 14 15
39 37 31 27 26 26 29 33 34 32 32 36 42 48 52 52 53 49 50 53 57 62 60 52 45 46 49 50 44 33 27 27 25 22 14 7 8 16 24 29 33 39 44 44 40 32 26 23 20 16 13 13 12 10 7 8 12 16 18 18 19 21 25 29 34 39 42 41 36 30 26 23 21 22 25 27 28 28 30 33 33 32 31 29 10 358 19 12 4 2 3 5 10 10 7 10
40 36 29 25 23 24 27 30 31 31 34 38 42 45 48 47 51 39 40 44 49 54 56 50 44 45 48 49 44 34 26 24 25 24 19 13 14 20 25 28 32 37 42 43 39 32 28 26 23 20 17 15 12 9 6 7 11 13 16 19 22 26 30 33 36 42 46 45 40 34 32 30 29 30 33 36 37 36 37 40 41 39 37 35 31 1 21 14 6 3 3 5 9 7 3 6
39 35 28 23 22 22 25 26 27 29 32 35 37 40 41 40 35 30 32 37 41 45 46 43 38 41 45 45 40 32 25 22 22 22 18 12 13 18 21 24 28 35 42 44 41 35 30 29 27 24 21 16 12 8 5 7 10 12 17 22 26 30 33 34 39 46 51 49 43 39 37 37 37 38 41 43 45 44 45 49 49 48 46 44 40 32 23 14 8 4 3 5 8 6 2 4
37 34 28 23 21 22 22 21 21 24 27 30 33 36 38 38 35 28 26 31 35 38 39 37 34 35 39 39 35 29 24 19 17 14 9 5 8 14 17 21 27 35 43 46 43 37 33 31 29 27 24 19 12 7 5 6 9 12 19 25 29 32 34 36 42 49 53 51 46 43 42 42 42 44 46 50 52 51 53 57 60 59 56 52 46 36 23 13 7 4 3 5 8 8 4 4
35 33 27 24 22 21 19 16 25 19 23 26 30 33 36 37 36 31 24 25 30 34 36 36 33 31 33 33 31 28 24 19 15 10 3 359 3 11 17 22 29 38 45 47 45 40 36 33 31 29 27 23 15 5 3 4 9 15 22 29 32 33 35 37 42 50 54 53 49 48 47 46 47 48 50 55 58 58 54 62 65 48 57 51 45 35 22 10 3 1 1 5 8 10 8 6
34 31 28 25 23 21 18 14 15 17 20 23 27 30 32 35 36 33 25 21 26 31 34 35 33 30 30 31 29 27 24 21 18 12 4 359 1 10 19 25 32 39 45 49 48 43 38 34 32 30 29 26 17 6 360 2 11 20 28 33 35 34 35 37 43 51 57 58 56 56 55 55 55 55 55 57 60 59 59 60 61 57 49 43 37 30 20 8 359 355 357 2 8 12 12 8
32 31 28 26 23 20 18 17 19 21 22 22 25 27 29 31 34 34 29 22 23 28 32 34 34 32 31 31 30 27 25 23 21 16 9 2 1 9 18 24 31 38 45 48 48 43 37 34 33 31 29 25 16 2 360 3 17 30 36 38 39 38 37 41 48 56 60 61 61 62 64 63 63 63 61 59 57 58 54 52 50 45 39 34 31 24 16 6 355 351 354 0 7 12 14 12
32 30 27 25 23 20 19 21 26 30 30 27 25 26 27 29 32 33 32 25 22 26 30 33 35 34 32 32 31 28 26 24 22 18 12 4 1 7 15 22 30 37 44 47 48 44 38 35 34 30 24 19 12 4 3 9 25 36 40 43 44 43 45 49 53 57 58 58 57 56 57 57 57 58 58 54 51 48 46 43 40 35 29 25 22 17 11 4 357 353 355 1 8 13 16 17
31 29 26 25 22 19 18 23 29 33 34 33 29 27 27 28 30 33 32 27 22 23 27 31 33 33 33 32 31 29 25 22 19 16 12 4 360 4 13 22 29 37 44 49 49 46 38 33 28 22 18 15 11 6 8 12 23 31 35 39 41 41 43 46 47 48 49 50 49 46 45 45 46 48 48 45 42 40 38 35 31 25 20 17 14 11 9 6 4 1 1 4 9 14 19 22
30 28 25 23 21 18 18 22 26 30 32 31 29 26 25 26 28 30 31 28 22 21 26 30 32 32 33 32 29 26 23 19 16 13 9 3 359 3 13 22 30 38 45 50 50 44 34 27 21 18 17 16 13 8 6 10 17 23 27 30 31 31 32 32 33 36 41 45 46 45 43 43 44 43 41 38 35 33 31 26 21 16 14 13 12 11 10 12 12 10 8 8 12 17 22 24
29 27 24 22 19 17 17 20 23 25 27 27 26 24 23 23 24 26 28 26 22 21 26 30 32 32 32 31 29 27 23 19 16 13 9 3 359 2 12 22 30 36 43 49 48 42 32 25 22 20 20 20 18 10 5 7 12 18 23 25 25 26 26 27 29 33 39 46 49 49 48 46 44 40 36 33 29 27 23 18 13 11 11 14 16 15 16 18 19 18 15 13 15 19 22 22
28 26 22 19 17 16 17 19 19 20 21 23 23 23 22 21 20 20 23 24 23 23 28 32 33 32 31 32 31 29 26 22 18 15 12 6 360 3 12 20 26 32 40 47 48 43 35 31 29 26 25 23 20 13 6 6 11 16 20 23 24 24 26 29 34 38 44 50 53 53 50 46 42 38 32 27 23 21 18 14 11 10 13 18 23 24 21 21 22 22 20 18 19 21 22 20
26 24 20 16 14 16 18 17 15 15 17 21 23 23 22 20 17 17 20 23 25 27 31 35 36 33 31 32 33 32 30 26 22 19 15 7 1 3 10 19 25 32 41 48 50 47 41 36 34 31 27 23 20 14 7 6 11 15 20 23 25 27 31 36 42 46 49 52 53 52 48 43 39 34 27 21 17 16 17 15 15 15 18 24 30 30 26 22 21 23 23 21 21 21 20 19
22 21 18 14 12 14 15 14 13 14 19 23 25 24 22 20 17 17 20 24 27 30 34 37 38 36 31 30 33 34 32 28 24 20 15 8 2 3 11 20 27 33 41 49 51 49 42 36 33 29 25 21 18 12 6 5 10 15 19 23 27 31 37 42 46 47 47 49 49 47 43 38 32 26 20 15 12 15 18 21 22 23 26 29 33 33 30 24 20 19 21 21 20 20 19 19
16 17 17 13 10 11 13 15 17 21 25 27 27 25 22 20 19 19 21 24 28 32 35 38 40 38 33 28 31 34 33 29 25 20 15 10 5 5 12 21 27 32 41 50 53 51 45 39 34 31 27 23 17 9 2 2 8 13 17 22 29 34 38 40 41 41 41 41 41 39 35 30 24 20 17 14 13 16 21 25 26 25 26 27 29 30 29 26 21 19 19 18 18 18 18 19
10 14 18 14 9 10 16 21 27 26 27 27 26 24 21 20 20 20 21 24 28 32 36 39 42 42 37 28 28 33 33 31 27 23 19 14 10 9 13 21 27 34 43 52 57 56 52 46 41 36 30 23 15 5 357 358 6 12 17 24 32 35 34 35 36 35 34 33 31 30 29 26 21 18 18 18 19 21 25 28 28 27 26 25 23 22 22 23 22 20 18 16 15 16 17 18
5 12 18 15 10 12 18 23 24 24 23 23 22 20 20 20 21 21 22 25 29 33 37 41 45 46 42 32 29 33 34 32 30 27 23 19 14 13 16 24 32 38 45 53 58 59 56 49 41 33 24 16 10 3 355 355 4 14 21 30 36 35 32 31 31 29 27 25 25 26 28 27 24 21 22 25 27 28 29 29 29 29 29 27 24 20 17 16 18 18 16 14 13 14 15 16
6 11 15 13 11 14 17 20 21 21 20 19 19 19 20 22 23 23 24 26 30 33 37 42 47 49 47 39 34 37 37 35 33 31 28 22 15 16 19 26 33 36 40 47 52 54 52 45 34 25 17 11 8 4 357 356 4 16 25 31 34 32 29 28 26 23 21 22 25 28 32 33 30 26 27 31 33 32 31 28 28 30 31 31 27 22 17 13 12 12 13 12 10 11 12 12
11 11 10 9 10 13 15 17 18 18 18 17 18 20 22 25 27 26 26 28 32 35 38 43 48 51 50 46 41 43 43 39 35 33 30 23 17 15 18 23 27 29 32 38 44 47 46 40 30 22 16 12 10 5 359 356 9 12 20 24 26 26 25 24 22 20 20 24 28 32 37 39 35 29 28 32 35 34 32 29 25 28 33 34 32 26 20 14 9 8 10 10 7 8 9 10
14 11 6 6 9 13 15 16 16 16 16 17 20 23 25 28 30 30 28 30 34 37 40 44 49 51 52 49 44 44 45 40 33 30 29 21 14 13 16 19 23 25 28 33 40 44 44 39 31 23 18 14 9 4 359 355 5 7 14 19 21 22 22 21 21 21 22 26 30 35 40 42 38 31 27 32 35 35 34 31 26 24 31 36 35 31 23 15 9 7 9 8 5 4 7 11
14 10 5 5 9 12 14 15 15 15 16 19 23 26 27 30 32 33 31 31 36 39 42 46 49 51 51 48 41 36 35 31 24 19 17 14 11 10 14 17 20 24 28 33 39 44 44 41 33 24 18 13 8 4 359 356 4 5 10 16 19 20 22 23 24 23 22 24 29 35 42 45 42 35 29 32 36 37 36 34 31 25 26 35 37 34 28 18 10 7 8 8 5 5 11 19
12 9 5 5 8 11 13 14 14 16 18 23 26 28 29 31 34 36 35 35 38 41 43 46 49 49 48 44 37 30 27 25 21 14 10 7 6 8 11 15 20 25 29 33 39 44 45 41 33 24 18 14 10 6 0 356 355 359 6 12 16 20 23 27 29 25 19 21 28 36 44 48 47 41 35 36 40 41 39 38 36 31 26 32 38 36 30 23 14 10 11 11 10 11 20 29
11 8 3 4 7 10 12 13 15 18 21 25 28 30 31 33 37 40 40 40 40 40 41 43 44 45 45 41 34 29 27 26 23 16 7 0 359 4 10 16 22 26 29 33 38 43 44 40 33 26 21 17 13 8 2 356 353 357 3 9 15 21 26 31 32 26 17 20 28 37 45 48 48 42 37 39 45 48 47 44 42 36 30 29 36 37 32 26 20 15 15 16 16 18 23 29
11 6 1 2 6 9 12 15 18 20 23 27 30 31 32 36 40 44 44 43 40 37 37 39 40 41 42 40 35 30 28 28 26 20 9 358 354 1 11 19 24 26 29 33 39 45 45 42 35 29 25 20 17 12 5 356 3 355 5 9 16 23 29 34 35 30 18 18 28 37 44 47 45 40 33 34 40 46 50 42 47 43 37 32 35 36 33 29 25 21 20 20 19 19 20 23
9 5 359 360 5 11 15 18 20 21 24 28 31 33 34 38 42 43 42 40 37 36 36 37 39 40 42 42 39 33 30 29 28 24 14 1 351 359 13 21 25 29 32 37 43 49 50 47 39 33 29 25 21 16 9 360 354 355 2 10 17 23 30 35 37 33 19 16 26 35 42 45 44 38 32 29 30 33 36 37 38 40 38 34 32 32 31 29 26 23 21 21 19 18 19 21
7 4 359 0 7 13 17 19 20 22 25 28 32 34 36 35 38 37 36 36 35 35 35 37 39 42 44 44 41 36 30 27 27 26 20 9 1 1 11 21 27 31 34 38 45 53 55 52 45 40 36 30 26 21 13 4 357 356 1 8 15 21 29 35 39 35 22 15 23 33 40 45 44 38 32 29 28 28 28 27 27 28 28 27 26 25 25 24 22 20 20 20 18 17 19 20
6 4 1 2 7 12 15 18 21 24 26 30 35 38 37 34 33 34 34 34 34 35 35 37 41 45 47 47 43 37 31 26 26 27 25 17 7 4 10 21 27 30 32 37 45 53 56 54 49 44 39 33 27 20 11 3 357 355 359 6 13 21 30 37 41 38 25 15 20 32 41 47 46 40 34 31 30 29 28 26 25 24 23 23 22 20 18 16 15 17 18 17 15 16 17 16
5 4 1 2 6 11 14 18 23 27 31 35 41 43 38 38 38 39 37 36 35 36 37 40 44 49 50 49 46 40 34 28 24 27 27 21 11 7 11 20 25 27 30 35 43 50 52 50 44 38 32 24 17 12 7 1 357 354 357 5 13 21 31 40 43 41 29 15 17 31 43 49 49 43 36 33 34 33 31 29 28 26 24 23 22 20 17 14 13 16 17 13 11 12 13 14
5 4 1 1 5 9 15 21 27 33 37 41 44 46 46 47 49 47 44 41 40 41 41 42 45 48 50 51 49 45 39 31 23 22 25 22 15 10 12 19 24 26 29 33 40 45 46 43 37 30 24 17 12 9 7 4 358 354 357 5 14 23 33 42 46 44 32 16 15 29 44 52 53 46 37 35 39 40 37 34 33 32 29 26 24 22 20 18 16 17 16 11 7 9 13 19
6 4 0 360 3 10 18 26 33 38 41 42 42 43 45 48 49 49 47 46 46 45 44 42 42 45 47 49 47 42 36 29 21 16 18 21 17 13 14 19 23 25 27 30 36 41 43 40 34 28 23 18 13 11 10 7 1 357 359 8 16 24 34 44 48 45 34 18 14 26 43 53 54 49 39 36 43 45 42 39 39 39 36 31 29 27 25 24 22 20 17 12 7 9 18 26
7 4 360 359 4 13 23 32 38 42 42 40 39 40 41 42 43 42 41 41 40 40 38 38 39 42 44 43 39 34 29 24 19 14 13 16 15 13 14 18 21 22 24 28 34 40 42 40 35 29 25 22 18 15 12 8 4 0 2 10 19 26 34 44 47 44 34 20 14 22 41 52 54 50 43 42 49 53 51 47 46 46 43 38 36 34 31 29 26 23 19 14 10 12 20 26
8 6 2 2 8 20 31 39 43 43 40 37 36 37 37 37 35 33 31 30 29 29 30 33 37 41 42 40 36 33 29 25 21 16 13 12 11 10 12 16 18 20 23 28 35 40 43 42 37 31 27 24 21 17 13 9 6 4 5 11 19 24 32 41 45 43 34 23 14 19 36 49 52 51 48 50 58 63 61 58 56 55 50 44 39 35 32 29 26 23 20 16 12 13 18 21
10 8 6 7 15 27 36 41 43 40 36 33 33 33 32 31 29 27 25 24 25 26 29 32 37 42 44 42 39 37 35 31 25 19 13 9 6 6 10 14 17 21 25 31 37 42 45 44 39 33 29 26 23 20 17 13 10 7 6 11 18 23 30 38 43 43 35 23 13 15 31 44 50 51 50 51 54 58 60 60 59 58 53 45 36 28 25 24 23 22 20 16 12 13 16 20
11 10 9 12 17 25 30 34 35 34 30 28 28 28 27 25 24 23 23 24 27 29 31 33 37 42 44 42 41 40 37 33 25 17 9 4 1 3 8 13 18 23 28 34 40 45 49 48 43 36 32 29 26 24 21 18 14 9 7 11 18 24 30 37 42 42 36 24 12 11 25 40 47 48 48 47 46 47 49 51 48 46 43 37 27 19 19 20 20 20 18 15 12 13 17 21
13 12 12 13 16 21 25 27 28 28 26 24 23 23 23 22 23 24 26 29 32 35 35 35 37 41 42 38 34 32 31 27 22 14 6 360 358 2 8 14 20 26 32 37 42 47 51 51 47 41 38 35 30 27 24 21 16 11 9 12 18 24 31 37 42 43 38 27 13 10 21 35 43 45 45 43 41 39 39 39 35 31 29 25 18 14 16 18 18 18 17 14 11 12 15 20
15 14 13 12 13 18 21 22 23 24 22 20 19 19 20 22 25 28 31 34 36 38 37 37 38 41 40 35 30 28 27 27 23 16 7 359 356 360 8 16 23 29 34 38 42 47 51 50 46 42 40 38 32 27 23 19 15 10 9 13 19 25 33 39 44 45 41 31 18 10 15 26 36 40 41 39 36 32 31 28 24 21 20 19 16 13 15 16 16 16 16 14 10 10 14 20
17 16 12 8 9 12 15 17 18 20 20 19 18 19 21 25 29 33 35 35 36 36 36 36 39 41 40 35 31 30 30 30 27 21 11 1 356 359 9 18 25 29 33 36 40 45 48 47 43 38 35 33 27 21 16 13 11 9 9 13 19 26 33 39 42 44 41 34 21 10 9 18 28 35 38 37 34 30 27 24 22 20 19 20 18 15 15 15 14 16 16 15 12 11 16 23
19 17 12 7 4 6 10 14 16 18 19 20 20 22 25 29 33 37 38 36 34 35 35 36 40 42 42 38 35 34 34 33 31 25 15 5 358 0 10 18 22 26 29 34 39 44 47 45 40 35 32 29 24 18 12 10 8 6 8 13 19 26 32 36 40 41 40 33 23 12 6 10 22 31 36 37 34 31 28 26 24 23 24 24 22 17 14 14 14 16 16 16 14 15 19 25
21 19 13 7 1 2 7 12 16 19 21 23 25 27 29 32 36 39 39 37 35 35 36 39 43 46 45 42 40 39 37 36 33 28 20 10 2 2 8 14 18 22 27 33 38 44 47 45 40 36 33 31 27 22 14 10 7 3 5 11 18 24 30 34 37 39 38 33 25 14 6 7 18 28 35 38 37 35 33 31 29 28 29 29 25 18 13 12 14 16 17 16 16 18 21 25
22 20 14 8 5 1 6 13 17 20 24 27 30 32 34 36 37 37 35 33 33 34 36 40 45 49 49 46 44 43 41 39 36 31 22 12 4 360 4 9 15 22 28 33 39 45 48 46 42 39 37 35 32 28 20 11 5 1 2 9 16 22 28 32 36 38 39 36 29 18 7 5 13 25 34 40 42 41 37 35 33 31 30 28 23 17 13 12 14 16 17 16 16 18 21 25
22 19 14 11 6 7 8 14 18 21 27 32 37 40 42 39 34 31 30 30 30 32 34 38 43 45 45 44 43 42 41 39 35 29 20 10 1 356 0 8 16 23 29 34 40 46 48 48 44 42 41 39 36 33 25 13 5 359 359 5 13 21 27 31 35 38 40 38 32 21 10 3 9 21 32 41 45 44 41 37 35 32 30 27 24 20 16 15 16 17 16 15 15 18 21 25
18 16 14 13 11 9 9 13 18 25 33 40 46 49 48 43 34 29 28 29 29 31 34 37 40 41 40 38 36 34 31 29 26 21 14 6 359 354 359 9 18 25 31 35 40 46 48 48 45 43 42 41 40 38 29 16 4 357 355 1 10 19 26 31 35 38 40 39 34 25 13 4 5 16 29 40 45 45 43 40 37 35 33 30 28 25 21 20 19 18 16 14 16 18 22 26
14 15 16 16 15 13 13 16 23 32 42 49 51 50 49 45 39 33 31 31 31 33 35 37 38 38 37 34 31 28 25 23 20 18 13 7 0 356 359 9 18 25 31 35 39 45 47 46 44 42 41 41 42 39 29 14 2 355 353 357 7 17 26 31 35 37 38 38 36 28 17 7 4 11 25 38 45 46 44 41 40 40 40 37 34 30 26 23 21 18 15 14 15 18 21 26
13 15 17 18 18 17 19 22 30 38 43 45 44 42 38 35 32 29 30 33 34 34 35 37 37 36 35 33 30 28 26 24 22 20 16 11 5 359 359 7 17 24 30 34 39 44 46 45 43 42 42 42 40 34 23 10 360 354 351 354 4 15 24 30 33 36 37 38 37 31 21 11 7 10 21 36 44 46 45 42 39 39 40 37 33 30 26 23 21 18 14 12 14 17 21 27
16 16 18 18 18 18 21 26 30 33 34 33 32 29 27 25 23 23 25 28 30 30 32 36 36 34 36 36 34 31 29 28 26 23 20 15 9 3 0 6 15 23 28 34 39 44 45 44 43 42 40 39 36 30 21 11 1 353 350 353 1 11 21 29 33 36 37 39 38 34 26 16 12 13 19 32 43 46 46 42 37 34 34 31 27 24 22 21 20 17 13 12 14 18 23 29
19 18 17 17 16 16 19 23 24 25 24 22 21 20 20 20 20 21 22 23 24 25 29 33 34 34 37 39 37 36 35 33 30 27 23 18 12 6 3 5 14 22 30 36 41 44 43 41 40 39 37 35 34 30 23 14 4 354 350 351 358 8 18 29 35 37 38 40 40 37 31 22 16 15 18 27 40 45 45 43 37 33 32 31 26 22 19 19 19 16 14 14 17 21 26 31
21 18 15 14 13 14 16 18 19 18 16 15 15 16 19 20 19 20 22 23 25 26 30 33 33 34 37 39 38 37 37 36 33 30 25 20 15 9 5 7 15 25 33 38 42 42 40 36 35 35 34 34 34 31 24 17 7 358 353 352 356 5 16 28 36 39 40 41 42 40 34 26 20 17 18 25 36 43 45 44 40 36 34 32 29 24 19 19 19 17 14 15 18 23 26 29
19 17 15 13 11 12 14 15 14 13 12 13 14 18 22 24 22 23 25 27 29 30 32 34 34 35 38 39 37 36 35 33 31 28 24 19 14 10 7 10 19 28 33 36 39 39 36 31 31 32 33 34 34 32 26 19 12 4 358 355 356 4 15 26 35 39 40 42 43 41 36 29 23 19 18 24 34 41 45 45 42 38 34 32 30 25 20 19 19 18 16 16 18 23 26 29
17 17 15 12 9 10 12 12 11 11 13 15 18 23 27 28 27 27 29 32 34 35 35 34 34 36 39 40 38 36 34 31 29 27 24 19 14 10 9 13 20 25 29 33 36 36 33 28 28 31 34 36 36 33 28 23 18 11 5 1 359 3 14 25 34 39 40 42 42 40 36 30 25 20 19 24 32 39 44 46 44 39 34 31 30 26 21 20 20 19 18 17 18 23 26 29
