project/data/elevation/US_DEM2016/US_DEM2016_point_11-01-2019_1927_30m_ang.asc
ncols	125
nrows	167
xllcorner	-2042055.000000
yllcorner	1465035.000000
cellsize	30.000000
NODATA_value	-9999.000000
[rows 94 to 140 of 167, columns 0 to 95 of 125]
345 344 341 339 338 341 346 356 7 15 14 10 8 5 2 360 357 355 352 350 350 351 353 354 354 351 348 349 351 352 353 353 353 355 359 5 5 1 358 356 354 353 352 351 352 353 356 357 357 356 357 358 360 359 358 358 359 358 356 356 357 355 352 347 345 345 347 350 350 349 349 352 356 359 358 348 336 334 337 336 338 348 359 2 2 2 3 4 5 4 3 360 355 354 356 355
345 345 343 342 343 348 355 2 9 10 6 4 2 0 357 355 354 353 352 351 352 354 356 357 356 350 346 346 349 352 353 353 353 355 0 3 360 357 355 353 353 352 351 351 352 352 353 355 356 357 358 360 1 2 2 3 3 1 358 357 357 355 351 347 346 346 348 350 350 349 349 354 2 9 8 359 346 340 336 331 329 334 346 353 353 354 356 358 359 1 1 359 355 354 354 352
345 345 347 348 350 355 0 4 5 3 1 359 357 355 353 351 350 350 351 353 356 359 0 358 355 351 347 347 349 351 351 350 350 353 357 358 355 353 352 352 352 353 353 353 352 351 351 352 354 356 359 1 2 3 6 8 7 3 359 357 357 354 349 346 347 349 350 350 348 347 348 356 7 15 14 6 357 351 346 340 337 337 341 344 345 348 353 356 357 358 358 357 354 354 354 352
345 347 350 352 354 357 1 2 2 0 358 356 353 351 350 349 349 350 353 357 2 5 2 356 352 350 349 351 352 353 353 353 352 353 355 355 352 351 350 351 353 355 356 355 354 351 350 350 352 354 357 358 360 3 6 9 8 4 360 358 356 352 348 345 347 350 352 350 348 345 347 356 8 15 14 9 2 357 350 346 345 344 343 342 343 349 354 356 356 357 358 355 353 353 353 350
346 349 352 353 353 356 359 359 358 358 357 354 350 348 347 348 350 353 358 4 8 7 360 353 349 346 348 352 354 355 356 357 358 357 356 354 351 349 350 353 356 358 358 356 354 352 350 350 353 355 354 352 354 358 2 5 6 3 0 358 355 352 348 346 347 349 351 350 347 344 345 353 4 10 12 10 6 359 353 350 350 349 346 345 347 353 356 356 355 356 356 355 352 351 350 348
349 350 352 350 351 353 355 355 355 356 355 352 349 346 347 349 353 359 5 9 8 3 357 352 346 343 345 350 353 355 358 1 2 1 358 355 350 348 351 356 359 359 357 356 354 352 351 353 357 359 358 355 352 352 355 0 3 1 359 357 355 352 349 348 349 350 350 350 346 344 345 350 356 3 8 9 7 1 356 354 354 353 351 350 353 356 357 355 354 356 356 355 351 349 348 347
351 352 351 349 347 348 350 351 353 353 353 351 349 347 349 353 359 7 11 9 3 357 354 350 345 342 344 347 351 354 357 1 3 3 1 357 352 350 353 357 358 357 356 355 354 351 351 354 358 1 1 1 358 354 354 359 1 359 357 357 355 353 351 350 351 352 352 350 348 346 346 347 351 357 3 6 5 1 359 359 359 357 355 356 358 358 356 354 354 356 357 356 353 351 349 346
352 352 351 347 343 342 344 347 350 351 350 349 349 350 353 359 7 13 12 5 358 353 351 348 344 342 344 347 349 351 353 356 0 3 3 0 355 352 353 355 354 354 355 355 353 351 352 354 357 360 2 3 2 359 357 360 359 355 354 355 355 353 352 352 353 353 353 352 350 349 348 346 348 353 359 1 1 1 2 3 3 1 0 1 359 356 354 354 355 357 358 357 355 354 351 346
353 353 351 348 345 339 341 344 346 347 347 348 350 354 359 6 10 9 5 360 356 353 350 348 346 345 346 348 349 347 346 348 353 358 0 360 356 352 351 352 352 353 354 354 353 352 353 355 357 358 0 3 4 3 2 360 357 352 351 353 353 352 352 353 354 355 355 353 351 350 347 345 346 351 355 358 359 0 2 4 5 5 4 3 360 356 354 355 356 358 358 357 356 355 352 347
353 352 351 350 346 345 342 343 344 344 345 349 354 0 6 7 3 359 357 356 355 353 351 350 350 351 353 353 351 347 343 343 345 349 353 354 352 348 348 350 352 353 354 354 352 352 355 358 359 359 358 359 1 4 3 360 355 349 348 349 350 350 351 353 355 356 357 355 353 350 347 344 344 348 353 357 359 1 0 1 3 4 5 4 2 0 359 359 360 0 359 356 355 354 351 347
349 350 352 353 351 347 345 344 344 344 347 353 2 11 10 360 350 349 350 351 352 352 352 351 351 355 359 359 356 352 349 347 347 348 349 350 349 347 347 350 353 354 354 352 352 353 357 1 3 1 359 357 357 359 359 356 351 346 344 345 346 348 351 353 355 357 358 358 356 351 347 344 342 345 351 356 1 3 0 357 358 0 1 2 3 4 4 3 3 2 359 356 355 353 350 348
344 348 353 355 354 351 348 345 346 348 355 4 10 12 6 352 343 340 342 345 348 350 350 349 350 355 0 0 358 356 354 353 352 352 352 351 351 349 348 352 355 355 353 351 351 353 358 4 6 4 3 2 357 352 349 348 347 344 342 342 343 347 351 353 354 356 359 0 359 355 350 345 342 343 349 356 2 5 3 359 356 355 355 356 360 3 5 5 4 2 358 356 354 352 350 349
342 346 353 355 356 354 353 350 352 357 4 7 6 3 357 352 347 344 343 343 344 346 346 346 349 354 357 358 358 358 358 357 357 357 356 355 355 352 350 352 355 354 352 350 350 353 358 4 8 9 9 7 359 349 345 344 344 343 340 339 342 346 350 352 353 355 358 1 2 358 353 348 345 344 347 354 2 5 6 3 360 356 352 350 353 358 1 3 3 360 356 354 352 351 350 351
344 347 352 355 356 356 356 357 359 1 2 2 360 356 353 352 353 353 351 349 347 345 344 345 349 352 354 355 357 359 359 0 1 1 360 359 358 356 352 353 354 352 351 351 351 352 357 4 9 12 12 7 358 350 346 345 344 341 338 338 341 344 347 349 351 353 357 0 2 1 357 352 350 348 349 353 359 4 7 6 2 358 356 353 353 355 357 359 360 358 354 352 350 349 351 353
348 349 352 354 355 356 358 359 0 359 358 356 354 351 350 351 354 356 356 353 351 348 346 347 351 353 354 354 355 356 359 1 2 1 1 1 1 359 356 353 351 351 352 353 353 352 355 1 7 11 10 5 358 353 350 347 344 341 339 338 340 343 345 348 350 352 355 358 1 2 0 357 355 353 352 353 357 3 6 5 1 358 357 357 356 356 357 357 357 356 353 351 350 350 352 354
350 350 353 354 354 354 356 357 357 355 352 350 349 348 349 351 354 355 355 354 352 350 349 350 354 355 355 355 356 357 358 359 359 359 359 0 2 2 358 354 352 352 354 354 352 351 352 357 3 6 6 3 0 357 354 350 346 343 341 340 340 342 345 347 350 353 355 356 358 0 1 359 358 357 354 354 357 2 5 4 0 357 357 358 359 358 357 357 356 355 352 351 351 352 353 354
349 350 353 353 352 353 353 353 352 350 348 347 346 347 349 352 354 353 352 352 350 349 350 353 356 357 355 356 359 360 359 359 358 358 357 359 2 3 359 356 355 355 355 353 350 349 351 355 359 2 3 2 2 0 358 354 351 348 346 343 341 342 345 347 351 354 355 354 355 357 359 1 1 359 355 354 357 1 4 4 0 357 356 358 360 359 358 357 356 355 352 350 350 353 354 355
346 349 353 352 351 351 351 349 346 345 345 346 346 347 350 353 354 352 351 350 349 347 349 354 358 358 356 357 359 0 360 359 359 359 359 0 2 2 0 358 358 356 354 350 348 348 351 354 357 359 360 1 1 1 1 359 356 354 352 348 345 343 345 347 352 355 355 353 353 355 358 1 2 360 356 355 357 1 4 3 360 357 357 358 359 0 359 358 357 356 354 351 350 351 354 355
345 348 351 351 349 348 347 345 344 343 344 346 347 349 352 355 355 353 350 349 347 345 347 353 358 358 358 359 360 359 358 358 358 360 1 3 3 3 0 358 357 355 353 349 346 348 351 355 357 358 358 358 359 1 1 1 0 359 357 353 349 345 346 349 352 354 353 352 353 355 358 1 2 1 357 355 357 360 3 2 359 357 357 357 359 1 1 359 358 358 357 353 351 352 354 354
346 347 349 348 346 344 342 342 343 344 345 347 349 352 355 357 355 351 349 348 346 344 346 352 355 356 358 1 1 1 360 358 356 357 360 3 5 3 359 356 355 354 351 347 345 347 352 356 357 358 358 358 359 359 360 1 2 1 359 356 352 348 348 350 352 352 352 352 353 356 358 1 2 1 358 357 358 360 2 1 359 358 357 357 357 360 0 359 358 358 358 355 353 354 355 354
348 348 348 347 344 341 339 341 343 346 347 348 351 354 356 355 351 348 348 347 346 346 348 350 351 353 358 2 3 3 2 1 358 356 357 0 3 1 357 355 354 353 350 347 346 347 353 356 357 358 358 358 359 0 359 359 359 359 357 356 354 351 350 352 352 351 351 352 355 357 359 1 2 1 358 358 359 0 1 1 0 360 358 355 355 355 355 356 357 358 357 355 354 355 355 354
348 347 348 347 344 340 338 342 347 351 352 354 354 354 352 349 347 346 346 347 347 349 350 347 345 349 356 1 3 2 3 4 3 0 358 357 358 357 355 353 352 351 350 348 349 350 352 355 356 356 356 358 1 3 2 0 357 355 353 354 353 350 350 351 352 351 352 354 356 358 359 1 2 2 359 358 360 1 1 1 2 1 359 355 352 350 351 354 356 357 356 354 354 355 355 355
346 347 348 348 345 342 340 344 350 354 356 356 354 352 348 346 345 346 346 347 351 355 354 347 341 345 354 360 1 0 0 3 5 5 2 357 356 356 354 352 351 350 349 350 352 354 354 353 353 352 353 357 1 4 5 3 360 355 352 352 352 349 348 349 351 352 353 356 358 358 359 0 2 2 360 359 359 360 1 2 3 1 359 356 351 349 351 354 356 356 355 353 353 354 355 355
344 346 348 348 348 345 344 346 350 352 354 353 351 348 346 345 345 347 348 350 354 358 358 352 344 343 349 357 360 359 357 358 3 5 4 1 358 357 354 351 350 349 348 350 355 358 357 352 349 348 350 354 0 4 5 4 2 360 356 354 353 350 348 348 349 352 355 358 359 359 358 359 1 1 359 358 359 359 0 1 1 1 359 357 354 353 354 355 356 356 354 353 353 353 354 354
343 345 348 349 350 349 346 347 348 349 349 348 346 345 345 345 347 348 350 352 354 356 358 357 352 348 349 354 359 359 356 354 356 1 4 3 2 359 355 351 350 348 347 349 356 1 1 354 347 344 347 352 357 2 4 4 3 1 1 359 356 354 350 348 349 352 356 358 359 359 359 360 1 360 358 357 357 358 359 358 359 0 360 358 357 358 358 357 357 356 354 352 352 352 353 353
344 345 347 348 350 350 348 347 348 347 344 342 342 342 344 346 349 350 352 354 354 354 356 357 355 353 351 353 357 360 359 354 351 354 0 4 4 1 355 352 350 347 346 349 356 2 3 358 349 343 344 349 354 358 1 3 2 2 2 2 1 358 354 351 352 354 356 356 356 358 359 1 1 360 357 356 356 357 357 356 358 360 360 359 359 1 1 359 358 357 354 352 351 350 351 352
346 346 347 348 350 350 348 348 348 345 342 340 341 342 344 348 351 352 355 356 354 354 353 354 355 354 352 352 355 359 2 359 353 351 355 2 4 360 354 351 349 347 347 351 357 2 3 360 353 345 343 346 350 354 359 2 3 2 2 3 4 1 357 354 355 355 354 354 355 357 360 1 2 1 357 355 356 356 355 355 358 360 360 359 0 1 0 360 359 357 355 352 350 349 349 351
347 346 346 348 350 349 347 347 347 344 341 340 341 343 346 350 352 355 357 356 355 354 353 353 355 354 351 350 353 358 2 2 358 354 355 358 0 357 352 350 348 347 349 354 359 1 2 1 356 348 343 343 346 351 356 2 4 4 3 3 4 2 358 356 355 354 353 354 355 358 360 2 3 2 358 356 356 355 354 355 358 360 360 360 1 0 359 359 358 357 355 352 350 348 347 349
348 347 347 348 349 348 345 345 344 343 342 342 343 344 348 352 355 356 356 354 354 354 354 355 355 354 350 348 350 356 1 2 1 359 357 357 358 355 351 348 346 347 351 358 1 0 1 1 357 350 343 339 341 346 353 360 4 5 4 4 4 1 357 355 353 353 353 354 356 359 1 2 4 3 360 357 355 354 354 357 359 360 359 359 0 0 359 358 357 356 355 353 350 348 347 348
348 348 347 348 349 347 344 341 340 342 344 344 343 345 349 353 354 354 353 353 354 355 355 355 355 355 352 348 348 354 360 2 1 360 358 358 357 356 352 347 345 348 357 4 2 359 359 360 358 353 345 339 337 341 348 355 1 3 4 4 3 0 357 355 353 352 352 353 356 360 2 4 5 4 0 357 355 355 356 359 0 359 359 358 358 359 359 358 356 354 353 352 351 349 348 349
350 349 348 348 348 346 343 339 337 339 343 345 345 347 350 350 352 353 353 353 354 354 353 352 354 357 356 351 348 352 359 2 1 359 357 357 358 357 352 347 347 354 3 5 2 358 357 358 358 355 349 344 340 340 343 348 355 1 4 3 2 359 357 355 353 352 352 354 356 360 3 6 8 6 2 358 356 356 358 359 0 360 359 357 356 356 356 355 354 352 352 352 351 350 349 350
350 349 349 349 348 346 343 340 337 338 345 345 348 350 349 348 350 354 357 356 354 351 349 349 352 357 358 355 351 352 357 1 1 359 357 357 358 357 353 349 351 358 2 1 0 359 358 357 357 355 352 349 347 345 344 345 351 359 1 1 0 358 355 353 352 353 354 355 357 0 4 8 11 8 3 360 358 357 357 359 1 1 360 356 354 355 354 352 350 350 351 352 351 350 350 352
348 349 351 351 349 346 344 341 338 337 340 345 350 352 349 348 351 356 358 355 352 348 346 347 352 356 358 358 355 353 356 0 2 1 359 357 356 356 353 351 353 356 357 358 359 359 358 358 357 356 354 351 349 348 347 345 349 355 359 0 360 357 353 351 352 354 354 355 358 1 5 10 13 9 5 3 1 359 356 357 0 1 359 356 355 355 353 349 348 348 350 351 351 350 350 351
346 349 352 352 349 345 344 343 340 337 345 344 352 354 352 351 353 355 355 352 350 348 346 347 352 354 356 358 357 354 355 359 2 3 0 357 354 354 354 352 352 353 355 356 357 358 358 359 359 359 357 354 351 349 349 347 347 351 357 1 360 356 352 351 352 354 354 354 357 3 9 13 14 10 6 5 4 1 358 356 357 357 357 357 358 357 351 347 346 347 350 351 350 349 348 349
351 351 352 350 347 344 344 344 342 347 339 344 351 354 354 353 353 353 351 349 349 349 349 351 352 353 355 357 357 354 353 357 2 3 1 357 355 355 354 352 351 352 354 354 354 354 356 358 1 1 360 357 354 352 351 349 347 349 355 0 0 356 353 352 353 353 352 353 358 6 13 16 14 10 7 5 4 3 0 356 354 354 356 359 1 356 349 346 346 347 349 350 350 348 347 347
358 356 352 349 346 344 344 345 344 348 341 344 349 352 352 352 351 350 349 348 349 350 353 355 354 353 354 357 356 353 353 356 360 2 1 358 356 355 355 353 351 352 352 351 351 351 353 357 1 3 3 1 357 355 353 351 349 349 353 359 360 356 353 353 352 351 351 354 2 11 17 17 13 9 7 4 2 1 0 357 353 353 356 0 359 353 349 349 349 349 350 350 350 348 346 346
1 358 353 349 348 347 346 346 346 344 342 344 346 349 350 350 349 349 349 350 350 352 355 356 354 353 355 356 355 354 354 355 358 0 1 359 356 355 355 354 352 351 350 349 348 348 351 356 1 5 6 3 359 357 355 354 352 351 353 357 358 356 354 353 352 350 352 358 8 14 16 14 11 8 6 4 2 359 357 355 353 353 356 357 355 352 352 353 354 352 351 350 349 348 346 346
0 357 353 350 350 350 349 348 347 345 343 343 343 345 347 348 348 349 351 353 354 354 355 354 353 353 353 354 354 354 354 355 356 359 1 1 358 354 353 353 351 350 349 348 347 347 351 356 2 6 6 3 360 358 357 355 354 353 354 356 357 356 354 353 352 351 355 3 11 14 13 11 9 6 4 4 3 360 355 352 351 352 354 356 355 354 356 357 357 354 351 350 349 348 347 346
358 356 352 350 350 352 353 351 348 346 344 342 341 342 345 347 348 351 355 358 358 355 353 351 351 351 352 352 353 353 353 354 355 359 2 3 0 356 353 352 349 348 348 348 348 349 353 357 1 4 3 1 0 360 358 356 355 355 356 357 356 355 353 353 353 354 359 7 11 11 10 9 8 6 4 2 1 359 355 350 347 349 353 356 357 358 359 0 358 354 351 349 349 349 348 346
354 354 352 351 350 352 354 353 350 348 346 344 341 341 343 346 349 354 358 359 357 355 352 351 351 351 350 351 352 351 350 351 354 358 2 3 2 359 355 351 348 347 348 349 350 353 356 358 359 359 359 360 1 1 359 357 356 355 357 357 356 354 352 353 354 358 3 8 9 8 9 9 7 6 4 1 358 356 353 350 347 349 353 357 359 1 1 1 358 353 349 348 348 348 348 347
349 351 352 353 353 353 354 354 353 352 350 347 344 341 341 344 350 356 358 357 356 354 352 351 351 351 350 350 350 350 349 349 351 356 359 1 2 2 359 354 350 347 348 350 353 356 357 358 357 355 355 358 1 2 1 359 357 357 358 358 356 353 352 352 355 360 5 7 7 7 8 9 8 5 2 359 356 352 350 349 350 352 356 358 0 2 2 360 356 352 349 347 347 348 349 348
344 346 351 354 356 355 354 353 354 355 353 350 346 343 341 343 350 354 355 354 355 354 352 351 352 352 351 350 349 348 348 349 350 353 355 358 1 3 3 360 355 350 348 351 356 357 356 356 354 352 352 357 2 4 3 1 359 358 358 358 357 355 353 352 355 1 5 6 5 6 8 9 8 5 1 356 353 349 347 349 354 358 0 1 1 1 0 357 354 351 350 347 346 347 348 349
340 343 349 353 356 356 355 353 354 356 355 351 348 346 345 346 348 350 352 353 354 353 351 351 352 353 352 350 348 346 346 348 349 350 352 355 360 3 5 5 2 356 352 353 357 356 355 354 351 349 351 356 2 4 5 3 2 0 359 357 356 356 354 353 355 0 4 4 4 5 7 7 6 4 360 354 349 346 346 350 357 2 4 4 3 0 358 356 353 351 350 348 346 347 349 349
342 344 348 350 352 355 354 352 352 355 354 351 350 350 351 350 349 349 351 353 352 351 350 350 352 354 354 351 347 344 343 345 347 348 350 354 359 3 7 9 7 1 356 355 355 355 354 352 348 347 350 356 1 4 5 5 4 2 359 356 355 356 356 355 356 360 3 2 3 4 5 4 3 1 358 354 349 346 346 352 358 3 6 6 3 0 358 357 355 352 349 347 347 348 349 350
348 349 350 348 348 349 349 348 348 351 352 350 351 353 356 355 351 350 352 352 350 349 348 349 352 355 355 353 349 345 342 342 344 346 349 354 359 4 9 11 9 4 359 355 354 353 353 350 346 346 351 357 1 3 5 6 4 2 359 356 356 358 357 356 357 360 1 1 1 2 1 359 358 356 355 354 351 349 349 352 356 1 5 6 3 1 1 359 357 355 350 347 348 350 350 351
357 357 354 349 346 346 345 345 344 346 348 349 352 356 359 358 354 352 352 350 349 348 347 349 352 354 356 355 352 348 345 343 344 345 350 355 360 5 9 9 6 2 357 354 352 352 351 348 346 347 352 357 0 3 4 5 4 2 359 358 359 360 358 356 357 359 0 359 359 359 357 354 353 353 353 353 353 352 351 351 353 358 2 3 2 2 2 1 360 358 355 352 351 351 352 352
4 1 355 350 348 347 346 345 343 342 344 348 353 357 359 358 355 353 350 349 348 347 347 349 351 353 355 356 355 352 349 347 346 347 351 357 2 5 7 5 2 358 354 351 350 350 349 346 346 349 354 358 0 2 4 3 2 1 360 1 2 2 359 356 356 359 0 358 356 355 353 351 350 351 352 353 353 352 351 350 350 354 359 1 1 2 2 1 1 1 360 359 356 354 354 354
