project/data/elevation/US_DEM2016/US_DEM2016_point_10-30-2019_0326_30m_ang.asc
ncols	125
nrows	167
xllcorner	-2042055.000000
yllcorner	1465035.000000
cellsize	30.000000
NODATA_value	-9999.000000
[rows 0 to 52 of 167, columns 0 to 95 of 125]
96 101 110 115 114 103 90 86 89 94 100 106 101 90 93 102 115 122 115 94 77 78 88 97 105 111 114 113 102 89 80 72 69 72 79 82 79 75 71 67 64 61 60 62 64 68 69 66 65 72 85 99 111 119 122 122 120 117 115 114 114 113 108 98 94 95 97 101 103 104 104 105 107 108 107 106 106 101 94 98 103 97 85 90 104 118 124 122 110 90 75 67 61 58 58 63
96 101 110 115 114 103 90 86 89 94 100 106 101 90 93 102 115 122 115 94 77 78 88 97 105 111 114 113 102 89 80 72 69 72 79 82 79 75 71 67 64 61 60 62 64 68 69 66 65 72 85 99 111 119 122 122 120 117 115 114 114 113 108 98 94 95 97 101 103 104 104 105 107 108 107 106 106 101 94 98 103 97 85 90 104 118 124 122 110 90 75 67 61 58 58 63
94 98 106 112 117 113 104 97 95 95 97 101 102 95 94 98 106 113 111 96 83 85 91 97 101 104 106 104 95 84 74 70 70 75 80 82 83 81 78 73 68 65 64 65 67 69 69 69 72 79 89 98 107 115 119 119 117 113 110 109 109 109 107 103 99 97 97 97 99 100 102 103 105 106 106 105 105 104 102 100 100 98 91 92 99 111 118 117 107 90 78 70 64 63 65 71
92 95 101 107 116 123 123 116 107 100 95 95 100 101 96 94 96 99 100 95 93 95 96 95 94 91 88 84 79 70 67 69 74 78 80 82 84 87 89 87 79 74 73 73 74 73 73 75 81 88 93 97 101 106 111 114 113 109 104 100 99 100 103 105 105 103 99 97 96 97 98 100 101 102 103 103 104 107 109 104 100 102 103 97 96 99 104 103 97 90 84 77 73 75 80 87
93 95 100 105 110 119 125 124 115 106 99 95 97 99 95 92 92 94 93 93 96 97 95 93 89 83 78 73 64 61 66 72 76 79 80 80 82 85 90 93 92 86 82 81 81 81 80 81 85 90 93 94 97 99 102 105 106 105 103 99 96 95 97 101 103 104 104 102 100 98 98 98 98 99 100 101 102 105 107 106 104 109 111 103 96 92 93 92 90 88 86 83 84 88 93 94
93 95 99 103 106 111 119 124 121 113 104 98 98 99 95 91 89 91 95 98 98 96 93 89 84 79 74 65 57 60 68 74 77 79 79 79 80 83 87 93 100 100 96 91 89 88 87 88 89 91 92 92 92 92 92 91 92 96 99 100 98 95 95 97 98 100 101 102 101 100 98 97 97 97 97 98 99 101 104 105 107 112 115 107 96 89 86 84 85 88 88 89 94 98 98 94
93 95 98 100 102 105 110 115 117 116 110 104 102 103 98 92 87 87 95 101 99 95 90 85 80 76 69 60 58 66 72 76 78 78 78 79 81 83 86 90 97 103 105 102 97 93 92 92 92 93 93 92 90 86 83 83 86 90 93 96 97 96 95 93 92 91 93 95 97 97 97 95 93 91 91 92 94 96 98 102 105 110 113 109 99 91 86 83 86 90 92 96 100 100 96 90
92 93 96 97 98 100 101 102 106 110 112 110 110 110 104 95 88 85 90 97 98 95 89 83 78 72 63 59 64 73 77 79 79 80 80 81 82 82 83 85 90 96 103 105 102 95 92 92 94 95 95 94 91 87 84 84 86 88 89 90 92 93 92 88 84 83 86 90 93 94 92 89 85 84 84 86 88 91 95 98 102 104 106 106 102 95 90 87 90 93 98 101 101 97 89 83
91 91 92 92 93 93 93 93 96 101 106 109 114 116 109 99 91 85 84 91 96 95 89 83 77 68 60 62 70 77 82 83 83 84 85 84 82 81 81 82 84 88 94 101 102 97 92 92 95 97 97 96 95 92 88 87 87 87 87 87 86 85 84 81 78 80 85 91 95 93 88 83 81 83 86 87 88 91 95 98 99 99 100 103 101 98 95 93 94 97 102 102 97 88 80 76
89 88 87 86 87 86 85 88 93 97 100 104 110 117 115 104 95 87 82 87 93 93 89 82 75 66 64 69 75 80 85 87 89 91 91 88 84 81 80 79 79 81 86 92 99 100 96 95 97 98 97 95 95 95 94 90 87 86 84 82 79 78 79 80 79 81 86 92 95 93 87 82 84 88 90 92 92 93 95 97 98 97 97 98 99 99 99 99 99 100 101 97 88 78 72 71
88 86 84 82 82 81 82 86 91 94 97 99 104 111 115 109 99 90 84 87 90 89 85 78 70 65 69 76 81 86 90 93 95 95 94 90 86 84 82 80 79 79 80 85 92 100 101 98 98 98 95 92 90 91 94 93 88 84 78 74 72 75 80 85 86 86 88 90 91 91 88 85 88 91 94 95 96 97 96 97 97 99 99 99 100 101 104 107 104 100 94 86 78 73 72 72
89 88 86 83 81 81 84 89 91 92 93 94 97 101 106 106 102 96 91 90 89 86 81 74 68 68 74 83 90 93 96 98 97 94 91 88 89 90 88 84 82 80 79 81 86 94 99 99 98 97 94 90 87 87 89 89 86 79 71 68 72 78 83 89 93 93 89 87 87 88 88 89 91 94 97 99 99 98 97 96 97 99 100 100 101 103 108 112 107 96 85 78 75 75 76 77
92 93 93 90 87 87 89 91 92 91 90 90 91 92 94 98 100 101 100 94 89 84 78 72 71 76 85 93 98 100 99 98 95 91 88 89 94 94 92 89 87 85 83 82 82 86 93 97 97 95 93 90 86 83 81 81 79 73 67 69 75 81 86 90 95 96 91 86 85 86 88 91 95 98 100 100 99 97 94 92 94 97 100 101 100 101 105 110 107 94 85 81 79 79 81 82
92 93 97 100 97 94 93 93 92 91 90 90 89 87 87 90 94 99 103 99 91 84 78 76 81 89 95 98 100 100 98 94 90 87 88 92 95 95 94 93 92 91 89 84 81 82 88 93 93 92 91 88 82 78 76 77 77 72 71 74 79 84 88 91 93 94 92 87 85 84 87 93 97 99 98 96 93 89 85 83 86 92 97 98 97 97 101 106 109 103 97 93 88 86 88 90
90 91 94 100 103 99 95 94 94 94 94 93 91 89 87 87 89 94 99 99 93 85 80 82 89 96 97 95 94 94 93 89 84 82 84 89 92 93 93 93 93 93 92 88 83 84 87 90 90 88 85 80 76 74 76 80 80 77 77 80 83 85 88 91 93 94 93 90 85 84 88 94 96 95 90 86 84 82 79 79 83 89 94 96 97 100 103 109 118 115 108 105 100 97 97 99
90 90 91 93 98 97 94 92 92 93 95 96 97 98 94 89 88 89 92 94 91 82 78 81 87 90 90 88 86 86 87 86 82 80 80 83 87 90 91 90 90 92 92 91 90 89 89 88 86 83 79 74 72 76 80 83 82 80 83 86 88 88 89 91 93 95 95 92 87 85 89 92 91 85 81 81 82 80 79 81 85 89 92 96 100 104 108 113 122 123 114 110 107 103 100 97
91 91 89 87 86 86 86 86 87 89 91 93 97 101 102 96 91 88 86 84 78 73 72 76 78 80 82 83 83 82 84 86 86 83 82 82 85 89 91 90 89 91 94 96 96 94 90 85 81 79 76 73 74 79 84 86 84 83 87 92 95 95 93 92 93 95 97 96 90 87 87 86 82 78 78 81 82 81 81 84 87 90 93 97 102 106 108 111 120 127 119 114 110 102 93 88
90 90 87 81 75 76 80 83 86 88 89 90 93 97 102 101 95 89 83 74 67 66 69 73 76 78 81 84 84 83 83 86 89 90 87 85 86 88 91 92 92 94 97 100 100 97 90 82 77 76 74 74 79 84 88 89 86 87 92 98 101 101 98 95 93 94 97 100 97 90 84 80 77 78 81 83 81 80 81 84 87 91 95 99 102 104 105 107 113 124 124 117 109 96 86 83
89 87 82 74 71 76 82 87 89 91 92 92 93 93 95 98 96 89 81 70 63 64 69 74 78 81 84 86 88 86 83 84 88 92 93 91 88 88 91 95 97 98 99 100 99 95 87 79 76 75 74 77 83 88 91 90 89 92 97 101 104 105 103 99 94 92 95 101 104 96 86 82 80 82 85 85 82 81 82 83 86 90 94 98 99 98 97 98 104 115 122 117 107 94 87 88
87 84 77 71 74 82 88 92 95 96 96 95 94 92 90 90 90 86 77 66 61 64 70 76 80 83 85 88 90 90 87 87 89 92 95 94 92 90 92 96 99 99 98 95 92 86 81 78 78 77 78 81 85 89 90 89 92 97 100 103 104 105 105 103 98 95 94 97 106 106 96 90 87 88 88 87 86 85 85 84 84 86 89 92 93 91 89 93 99 107 115 115 110 104 100 98
86 83 77 76 83 89 94 96 98 98 98 96 94 91 88 86 84 80 69 59 60 67 73 77 80 84 86 88 91 94 94 93 93 95 96 96 94 93 94 96 96 95 93 88 81 77 77 81 83 83 84 86 87 87 87 89 94 98 100 101 102 102 104 105 102 99 97 97 104 113 109 102 97 95 92 91 91 91 89 86 83 82 82 84 87 88 90 94 100 106 112 115 117 116 109 102
87 84 82 85 91 95 97 98 98 97 96 95 94 91 88 85 81 74 61 56 62 70 75 78 81 83 86 89 92 96 99 99 98 98 97 95 94 95 95 94 91 89 84 78 75 75 81 86 89 91 91 91 89 86 84 87 93 97 97 97 97 97 100 103 103 102 100 99 104 115 117 111 105 101 98 95 95 95 94 92 87 82 79 79 83 89 94 97 99 105 114 117 116 115 107 98
89 88 88 91 94 96 97 97 95 94 93 93 93 92 89 85 79 70 59 63 72 79 82 83 84 85 87 90 94 98 101 102 100 97 94 92 94 94 92 89 85 81 76 74 76 81 87 92 96 97 97 95 91 86 84 86 90 92 92 91 91 90 90 94 97 97 97 98 102 111 119 116 110 105 103 100 99 99 99 98 94 87 81 79 80 86 93 96 96 101 111 117 113 108 102 97
90 90 90 91 93 94 93 92 92 92 92 92 92 91 89 85 78 68 66 77 87 91 91 90 89 89 91 93 96 98 99 99 97 93 91 92 94 92 87 82 78 75 74 77 81 87 92 97 100 101 99 97 93 89 85 84 85 86 86 84 81 79 80 84 88 90 91 95 99 104 111 116 114 109 107 107 106 104 104 104 100 93 86 80 78 80 86 91 93 96 103 115 113 109 106 103
90 91 90 90 89 89 89 88 89 90 90 91 91 90 89 85 78 68 71 81 90 94 95 94 93 94 95 96 96 96 94 92 90 89 89 92 91 87 82 77 74 74 77 83 88 91 95 98 101 101 100 97 94 91 87 84 82 81 79 76 73 74 78 83 86 88 91 95 97 98 101 107 109 108 107 111 112 109 108 108 105 99 91 82 77 77 81 86 90 93 98 109 112 112 111 107
90 91 90 89 86 85 84 85 86 88 88 88 88 87 85 83 76 66 69 78 85 90 93 95 97 97 97 96 94 91 88 85 83 83 86 87 85 81 78 77 77 79 83 88 93 96 97 97 98 99 99 98 95 92 88 85 81 77 73 70 70 75 81 85 87 90 92 94 93 94 96 98 99 99 101 107 110 110 111 113 111 106 97 87 81 78 80 84 88 91 95 102 107 108 109 107
90 91 92 90 86 82 80 81 82 84 85 84 82 81 81 74 72 63 69 77 84 90 94 98 100 99 96 93 89 85 80 76 75 76 78 80 79 78 78 81 83 85 89 93 98 100 99 96 94 94 95 97 97 94 91 87 81 74 69 69 72 78 82 85 88 90 91 90 90 92 95 94 92 92 95 98 101 103 107 114 117 114 106 96 87 81 79 81 85 89 93 97 101 103 105 105
90 92 94 93 88 82 79 78 79 81 82 80 78 77 78 78 74 70 77 83 90 96 99 100 99 97 93 89 84 78 71 69 70 73 74 76 78 79 80 83 87 90 94 98 102 103 101 95 91 88 89 93 98 99 95 88 80 73 71 73 78 83 86 86 86 87 86 86 88 90 90 87 88 91 93 94 94 97 102 109 117 120 115 105 94 85 79 78 81 87 91 97 103 104 105 104
91 92 95 96 93 86 81 79 79 80 81 81 81 80 81 82 82 85 91 95 98 100 100 99 96 93 89 84 77 69 66 67 71 74 76 77 80 82 82 84 88 93 97 101 104 105 102 96 88 83 84 88 95 102 100 89 79 76 77 82 88 91 90 88 85 83 82 84 85 85 82 81 85 90 91 91 93 97 101 105 112 120 121 114 103 92 83 79 79 83 89 95 103 105 104 102
90 91 94 98 98 92 86 81 80 80 81 82 85 87 87 84 85 89 98 102 102 100 97 94 92 90 87 81 72 65 67 72 75 77 78 79 81 83 84 85 89 94 99 102 104 105 103 97 89 83 82 85 91 99 100 91 83 82 85 90 94 96 95 91 86 82 81 81 81 79 78 78 83 86 87 89 93 97 101 103 107 113 119 119 112 101 90 82 79 79 84 89 97 103 103 100
90 90 91 96 101 99 92 85 81 78 78 80 84 88 88 71 80 87 98 102 100 96 92 90 89 86 84 80 75 75 80 83 83 82 82 82 83 84 85 87 91 95 99 101 102 103 103 101 94 87 84 84 87 93 97 94 89 89 91 95 97 98 99 96 92 87 84 82 80 79 78 78 79 81 83 88 93 96 98 99 100 102 108 114 115 110 101 91 83 79 79 84 93 100 100 95
90 90 90 94 100 103 98 90 83 78 76 77 80 83 83 78 74 87 96 97 93 87 83 82 82 79 78 80 87 94 96 96 94 91 89 87 86 86 87 89 93 97 99 99 99 99 102 106 103 95 88 85 85 89 94 95 93 94 95 96 96 97 99 101 100 95 91 87 83 82 80 79 78 78 81 85 89 91 92 92 93 95 97 101 106 110 109 102 93 85 82 84 91 99 98 90
90 91 93 95 100 105 103 96 88 81 78 77 78 79 78 76 78 89 92 88 79 78 78 75 75 74 76 81 91 100 103 102 100 97 94 91 89 88 88 91 95 98 100 99 98 97 100 106 109 103 95 88 86 87 90 92 92 94 95 95 94 95 100 106 107 102 97 93 89 87 85 83 81 81 81 81 81 83 84 86 88 89 89 91 96 102 106 106 103 96 90 89 91 98 100 93
90 92 95 98 100 105 107 102 94 86 81 78 77 77 77 77 82 88 84 72 72 65 68 71 73 74 78 83 89 97 100 99 99 98 94 91 89 89 90 92 95 97 99 99 98 96 97 103 112 111 103 94 88 86 85 85 88 91 93 93 91 93 99 109 112 107 101 96 92 90 91 90 88 87 83 78 75 75 79 83 83 80 82 87 92 95 98 101 103 102 98 94 92 96 104 104
91 92 94 97 98 101 106 106 101 93 86 81 77 76 76 76 80 80 68 70 57 63 67 70 73 76 79 83 88 93 96 96 94 94 93 92 91 91 92 93 94 95 95 94 93 93 93 98 108 117 111 99 90 85 82 79 85 90 91 90 89 91 97 107 114 112 104 99 95 92 93 95 94 91 87 78 74 74 76 77 75 74 80 86 91 93 94 94 95 96 96 95 92 94 104 111
92 93 95 95 94 95 99 104 105 100 92 84 79 76 75 75 75 67 53 56 59 64 67 70 72 75 79 82 86 90 95 96 92 89 90 92 93 94 94 93 91 90 89 87 87 89 91 95 103 116 119 104 91 85 80 77 84 90 90 89 89 90 95 102 110 113 108 103 99 95 94 97 97 94 89 83 78 75 74 71 69 73 80 87 91 92 92 90 89 90 91 92 91 92 99 108
92 93 95 94 93 91 92 97 102 103 98 91 83 78 75 75 73 59 65 57 66 70 72 73 73 75 77 79 83 87 92 96 94 90 88 90 94 95 95 93 89 86 84 84 87 91 95 98 102 111 120 110 94 86 81 78 85 90 91 90 89 89 91 94 101 108 112 110 106 99 96 97 98 95 92 89 85 79 75 71 70 74 80 86 88 88 86 85 86 88 90 91 91 91 93 100
91 92 93 93 91 90 90 92 97 100 101 98 90 82 78 76 72 60 60 74 81 83 82 80 78 77 77 77 79 83 88 93 96 94 92 91 93 96 97 95 91 86 83 85 89 94 98 100 101 105 115 115 98 89 84 80 87 91 93 92 90 89 87 88 92 100 109 114 112 104 98 99 98 95 94 95 93 87 81 77 75 77 80 82 82 80 78 80 84 88 91 93 93 92 93 96
90 90 90 90 90 90 89 89 90 93 84 97 95 91 74 78 68 86 83 94 95 93 90 85 82 80 79 78 78 79 82 87 93 96 96 95 95 96 97 98 97 91 86 86 88 92 96 97 97 99 106 114 104 93 85 81 88 93 94 93 91 89 87 87 89 94 103 112 117 109 102 101 99 95 95 100 99 94 89 85 82 80 78 76 74 73 76 82 86 89 90 92 95 95 94 94
89 88 87 87 87 88 87 86 84 83 83 87 93 78 69 76 80 74 91 100 98 94 90 87 84 83 81 80 78 77 79 83 88 93 97 98 98 97 97 100 102 99 91 87 86 87 88 89 90 92 97 107 108 96 88 86 91 94 94 93 91 89 89 89 90 92 97 105 115 115 107 105 103 97 96 100 104 100 95 92 90 85 79 73 70 73 81 88 90 90 90 91 93 94 92 90
88 87 85 83 83 84 83 82 80 79 80 84 89 90 50 78 78 76 86 94 94 91 90 90 89 87 85 83 80 77 78 81 87 93 98 101 102 100 98 98 101 102 97 89 85 83 84 84 84 86 91 100 107 100 95 94 96 95 92 89 87 86 88 89 90 91 92 97 106 113 112 111 109 102 98 100 107 105 99 95 94 90 81 74 72 78 86 91 93 92 92 91 89 88 87 87
88 87 83 82 81 82 82 80 79 80 84 88 88 78 62 57 67 75 80 83 85 86 88 90 91 91 89 86 83 80 80 83 88 95 99 103 105 103 99 95 94 98 98 92 86 83 83 85 86 86 88 94 102 103 98 97 97 94 88 84 83 82 83 85 87 89 90 92 95 101 107 113 116 108 102 103 110 110 102 97 93 91 87 81 80 83 86 90 92 92 91 89 87 85 83 84
88 87 84 82 82 82 81 80 80 83 87 90 86 67 54 60 68 73 75 77 81 84 86 89 90 90 89 88 86 84 84 87 92 97 99 100 104 105 101 94 90 91 94 92 88 84 85 89 91 90 89 89 95 99 95 91 91 89 84 81 80 80 82 85 88 89 89 89 90 94 99 107 115 113 106 105 114 116 107 99 93 93 95 93 89 87 86 87 88 88 86 84 84 82 80 79
88 87 85 83 82 81 80 81 83 87 89 88 78 77 58 67 72 74 77 81 85 86 88 90 91 90 89 89 89 89 90 93 96 98 97 95 97 101 101 95 89 87 88 89 88 86 85 88 92 93 92 91 93 96 93 88 86 84 82 80 79 80 83 87 88 87 87 90 92 94 94 95 103 107 105 104 111 118 113 104 100 101 104 102 96 90 86 85 87 87 85 82 79 77 76 72
89 87 85 84 83 82 82 83 86 88 88 83 65 77 63 71 75 78 83 88 93 94 94 94 93 92 91 91 93 94 96 96 97 98 96 93 91 92 96 96 90 85 82 84 87 86 84 84 85 88 91 94 94 96 99 94 89 86 83 81 80 82 84 86 85 86 89 92 93 91 88 88 91 95 95 97 104 112 114 110 111 112 110 105 100 93 86 83 86 88 87 83 78 73 70 62
89 88 86 85 86 86 87 88 88 89 87 77 54 48 63 71 76 81 87 92 97 100 98 95 93 92 92 93 96 99 100 97 95 96 97 94 89 86 88 92 91 85 79 78 83 84 83 83 84 86 88 90 90 93 104 106 98 90 85 82 81 82 83 83 85 89 91 90 87 84 84 86 88 89 90 93 98 105 120 112 117 121 115 108 103 96 87 82 81 83 86 85 80 73 64 51
89 89 88 88 89 90 92 92 90 88 84 70 49 55 68 75 79 84 88 92 95 98 97 94 93 92 93 95 99 103 102 98 93 93 97 97 91 85 82 85 87 82 74 74 80 83 84 85 86 86 84 82 84 90 105 114 102 91 86 83 82 83 83 84 86 88 87 83 80 81 83 86 88 89 90 93 97 101 104 108 139 126 123 112 105 98 89 82 78 77 79 78 74 67 56 45
91 91 91 90 90 91 92 92 91 87 80 64 73 77 84 87 87 88 89 90 91 93 94 94 94 94 95 98 102 104 102 97 92 91 95 97 93 87 82 80 79 75 73 77 81 83 85 86 85 82 79 79 86 95 107 119 107 93 86 84 82 82 83 83 84 84 82 80 81 83 85 86 88 89 90 92 96 99 103 107 113 125 129 118 107 100 93 85 80 78 75 71 64 56 45 46
91 92 93 92 90 89 88 89 88 85 72 56 63 83 92 95 93 90 88 88 89 91 93 94 95 95 97 100 102 104 102 96 91 88 90 95 95 90 84 79 73 70 76 82 84 84 84 83 81 77 78 85 94 101 109 121 113 95 88 84 82 81 81 82 81 81 83 85 87 88 89 89 90 90 91 93 95 97 101 105 110 118 128 125 112 104 97 90 84 80 74 68 60 47 43 56
90 91 93 93 90 87 85 84 84 79 58 47 63 82 88 91 90 88 86 85 87 89 91 93 94 95 96 100 102 104 102 97 91 86 85 89 94 92 86 77 69 69 78 84 86 84 82 80 78 78 85 93 99 103 108 119 117 98 91 87 83 81 80 81 83 86 89 92 93 93 93 93 93 93 93 94 94 95 97 99 102 108 119 125 118 108 101 95 88 80 73 68 61 50 59 74
89 89 90 92 91 87 83 82 81 71 46 47 67 79 84 85 85 84 83 83 83 85 88 91 93 94 96 99 102 104 105 102 95 87 83 84 88 88 80 71 66 69 77 82 84 84 82 81 81 85 92 98 101 102 104 114 120 102 96 92 88 84 82 84 87 91 93 96 97 97 96 96 96 96 95 94 93 93 92 91 92 97 105 115 119 113 104 97 90 80 72 70 67 66 78 87
89 89 88 90 92 90 85 82 80 67 40 55 74 81 84 85 86 84 82 81 81 82 85 89 92 94 96 98 100 103 107 106 100 91 85 82 80 73 67 64 66 71 76 80 83 85 86 88 89 92 95 97 98 97 98 105 117 104 98 95 92 89 86 86 89 93 96 98 101 102 102 101 100 100 98 96 93 92 91 89 88 90 94 102 110 113 109 99 90 80 74 73 69 68 78 85
90 89 89 90 92 92 88 84 80 70 47 69 81 84 84 85 86 85 83 82 82 82 83 87 92 96 96 97 97 100 107 109 105 97 88 82 74 62 60 65 70 75 79 82 86 91 94 95 95 94 93 92 91 90 90 92 95 94 93 93 93 92 90 88 88 91 94 97 101 105 107 106 103 102 100 98 94 92 93 93 91 90 91 95 99 184 109 102 91 82 75 68 60 61 72 80
