project/data/elevation/US_DEM2016/US_DEM2016_point_11-01-2019_2028_30m_vel.asc
ncols	125
nrows	167
xllcorner	-2042055.000000
yllcorner	1465035.000000
cellsize	30.000000
NODATA_value	-9999.000000
[rows 76 to 113 of 167, columns 0 to 83 of 125]
4.75 4.63 4.60 4.71 4.82 5.05 5.49 5.94 6.11 5.93 5.63 5.49 5.73 6.28 6.83 7.34 7.62 7.53 7.09 6.60 6.27 6.01 5.71 5.42 5.23 5.11 4.97 4.96 5.09 5.24 5.28 5.12 4.71 4.40 4.38 4.48 4.48 4.30 4.04 3.83 3.77 3.91 4.17 4.23 4.15 4.03 3.96 3.82 3.70 3.69 3.69 3.65 3.61 3.73 4.00 4.27 4.42 4.44 4.48 4.56 4.56 4.27 3.68 3.16 2.91 2.89 3.09 3.35 3.71 4.16 4.50 4.82 5.41 6.15 6.87 7.62 8.32 8.67 8.38 7.55 6.30 4.79 4.05 3.82
4.79 4.66 4.66 4.77 4.91 5.31 5.63 5.64 5.28 4.73 4.44 4.64 5.22 5.99 6.68 7.14 7.22 6.92 6.43 5.98 5.65 5.44 5.27 5.15 5.07 5.00 4.88 4.85 4.93 5.14 5.36 5.44 5.31 5.19 5.11 4.97 4.70 4.31 3.98 3.87 3.97 4.11 4.15 4.00 3.85 3.76 3.75 3.66 3.54 3.47 3.43 3.42 3.45 3.68 4.03 4.35 4.54 4.62 4.67 4.63 4.30 3.73 3.32 3.28 3.51 3.84 4.07 4.30 4.75 5.49 6.05 6.66 7.44 8.15 8.66 9.05 9.16 8.82 8.02 7.16 6.27 5.12 4.27 3.79
4.73 4.46 4.39 4.52 4.65 4.89 4.90 4.65 4.45 4.29 4.48 4.93 5.62 6.39 6.93 7.10 6.90 6.47 6.02 5.60 5.28 5.05 4.91 4.82 4.74 4.67 4.59 4.65 4.73 4.85 5.12 5.41 5.55 5.53 5.38 5.10 4.73 4.32 4.10 4.03 3.97 3.84 3.67 3.49 3.34 3.20 3.01 2.84 2.78 2.80 2.90 3.12 3.50 3.93 4.28 4.52 4.69 4.73 4.64 4.37 3.92 3.53 3.49 3.83 4.39 4.83 5.21 5.76 6.49 6.96 7.37 7.90 8.46 8.87 8.92 8.82 8.43 7.67 7.04 6.75 6.61 6.21 5.54 4.86
4.55 4.17 4.06 4.26 4.35 4.39 4.41 4.48 4.68 5.01 5.40 5.89 6.56 7.12 7.30 7.08 6.63 6.13 5.71 5.34 5.00 4.75 4.59 4.48 4.35 4.22 4.14 4.20 4.18 4.21 4.33 4.74 5.05 5.13 5.04 4.84 4.58 4.23 4.01 3.76 3.49 3.25 3.14 3.16 3.09 2.94 2.74 2.67 2.83 3.12 3.47 3.90 4.34 4.59 4.66 4.62 4.50 4.27 3.91 3.50 3.28 3.37 3.70 4.31 5.04 5.74 6.51 7.16 7.40 7.49 7.58 7.76 8.02 8.00 7.74 7.34 6.79 6.23 5.94 6.04 6.32 6.48 6.32 5.87
4.32 4.02 4.02 4.37 4.54 4.59 4.71 4.98 5.39 5.77 6.22 6.79 7.35 7.48 7.22 6.69 6.09 5.59 5.21 4.90 4.62 4.41 4.27 4.13 3.99 3.87 3.72 3.54 3.30 3.25 3.27 3.59 4.03 4.38 4.52 4.53 4.54 4.31 4.14 3.90 3.71 3.63 3.65 3.72 3.68 3.58 3.47 3.53 3.78 4.17 4.56 4.84 4.95 4.91 4.69 4.51 4.24 3.91 3.62 3.43 3.45 3.72 4.20 4.94 5.76 6.62 7.22 7.30 7.07 6.86 6.81 6.79 6.67 6.36 6.08 5.89 5.72 5.52 5.34 5.24 5.45 5.89 6.17 6.13
4.23 4.12 4.24 4.63 4.89 5.02 5.15 5.42 5.81 6.26 6.79 7.27 7.44 7.15 6.56 5.93 5.36 4.84 4.48 4.21 4.03 3.96 3.94 3.84 3.77 3.68 3.44 2.98 2.60 2.43 2.38 2.55 2.93 3.47 3.90 4.25 4.41 4.59 4.65 4.66 4.72 4.81 4.88 4.82 4.71 4.63 4.57 4.65 4.83 4.92 4.89 4.80 4.71 4.61 4.56 4.53 4.50 4.59 4.68 4.70 4.73 4.89 5.26 5.88 6.53 6.96 6.85 6.29 5.95 5.98 6.05 5.98 5.79 5.46 5.30 5.24 5.26 5.31 5.21 4.97 4.90 5.07 5.50 5.82
4.45 4.45 4.51 4.61 4.80 5.05 5.33 5.67 6.10 6.57 7.01 7.18 6.91 6.33 5.69 5.18 4.73 4.30 3.91 3.66 3.55 3.49 3.43 3.48 3.55 3.56 3.43 3.05 2.48 2.25 2.25 2.41 2.63 2.87 3.33 3.96 4.27 4.63 4.87 5.13 5.37 5.52 5.53 5.38 5.24 5.21 5.22 5.24 5.22 5.01 4.74 4.67 4.74 4.80 4.77 4.75 4.90 5.09 5.29 5.44 5.60 5.81 6.12 6.48 6.78 6.62 6.00 5.51 5.46 5.66 5.73 5.57 5.31 5.07 4.99 4.96 4.98 5.08 5.10 4.99 4.79 4.68 4.77 5.18
4.67 4.73 4.72 4.61 4.70 5.01 5.41 5.85 6.30 6.67 6.84 6.66 6.17 5.58 5.08 4.68 4.30 3.96 3.65 3.39 3.18 3.03 2.95 3.05 3.28 3.48 3.62 3.63 3.32 3.10 3.13 3.26 3.22 3.17 3.42 3.89 4.12 4.47 4.82 5.18 5.38 5.38 5.27 5.13 5.08 5.18 5.29 5.32 5.27 5.16 5.16 5.26 5.28 5.18 4.99 4.93 5.07 5.03 5.16 5.45 5.81 6.09 6.33 6.46 6.40 5.98 5.53 5.50 5.63 5.67 5.52 5.18 4.76 4.46 4.32 4.36 4.44 4.52 4.61 4.68 4.61 4.42 4.22 4.45
4.65 4.71 4.79 4.81 4.94 5.23 5.59 6.01 6.35 6.51 6.41 6.03 5.51 5.03 4.62 4.25 3.89 3.60 3.38 3.12 2.86 2.70 2.71 2.91 3.27 3.68 4.08 4.48 4.77 4.87 4.82 4.59 4.28 4.02 3.88 4.06 4.39 4.77 5.12 5.24 5.07 4.82 4.73 4.82 4.93 5.11 5.33 5.54 5.74 5.88 5.85 5.71 5.46 5.23 5.04 5.02 5.07 5.16 5.37 5.61 5.87 6.04 6.12 6.08 5.86 5.53 5.40 5.57 5.61 5.46 5.14 4.71 4.16 3.71 3.41 3.41 3.51 3.60 3.76 3.94 4.07 4.04 3.82 3.83
4.59 4.64 4.80 5.03 5.29 5.56 5.82 6.02 6.17 6.16 5.91 5.47 5.00 4.58 4.21 3.83 3.42 3.10 2.90 2.74 2.68 2.77 3.02 3.40 3.86 4.27 4.70 5.14 5.58 5.85 5.85 5.56 5.14 4.77 4.61 4.69 5.02 5.34 5.29 4.96 4.57 4.45 4.62 4.84 4.97 5.20 5.57 5.90 6.19 6.34 6.22 5.88 5.55 5.32 5.11 5.09 5.23 5.37 5.47 5.51 5.55 5.57 5.60 5.62 5.46 5.28 5.20 5.26 5.16 5.00 4.80 4.52 4.14 3.66 3.16 2.97 2.84 2.71 2.72 2.86 3.13 3.42 3.42 3.43
4.64 4.73 4.95 5.22 5.50 5.67 5.72 5.72 5.80 5.77 5.49 5.07 4.62 4.21 3.81 3.40 2.98 2.67 2.69 2.63 2.82 3.16 3.59 4.03 4.46 4.80 5.05 5.25 5.47 5.66 5.75 5.75 5.59 5.28 5.08 5.06 5.18 5.16 4.77 4.35 4.20 4.30 4.43 4.55 4.70 5.05 5.47 5.71 5.88 6.03 6.08 5.97 5.79 5.57 5.28 5.17 5.51 5.09 5.11 5.00 4.93 4.91 5.06 5.22 5.20 5.06 4.93 4.83 4.70 4.65 4.66 4.71 4.74 4.59 4.04 3.44 2.96 2.61 2.35 2.72 2.38 2.59 2.78 2.91
4.72 4.82 5.00 5.18 5.29 5.28 5.26 5.37 5.56 5.56 5.22 4.78 4.32 3.85 3.36 2.94 2.75 2.79 2.99 3.17 3.34 3.56 3.89 4.29 4.67 4.91 4.98 4.95 4.94 4.96 5.14 5.43 5.66 5.69 5.53 5.22 5.50 4.45 4.11 4.03 4.04 4.01 3.92 3.98 4.30 4.73 4.99 4.94 4.90 5.00 5.11 5.24 5.35 5.38 5.32 5.17 4.99 4.78 4.69 4.70 4.69 4.79 4.99 5.11 5.08 4.94 4.81 4.68 4.54 4.58 4.75 4.96 5.19 5.41 5.44 4.97 4.39 3.84 3.40 3.08 2.81 2.64 2.68 2.85
4.75 4.81 4.89 4.93 4.90 4.90 5.10 5.47 5.67 5.48 5.00 4.46 3.95 3.43 3.01 3.72 3.07 3.52 3.80 3.92 3.95 4.00 4.18 4.44 4.62 4.66 4.58 4.52 4.58 4.65 4.80 5.06 5.40 5.66 5.70 5.36 4.72 4.25 3.99 4.00 3.96 3.86 3.84 3.98 4.25 4.48 4.45 4.08 3.74 3.57 3.61 3.74 3.96 4.31 4.58 4.76 4.78 4.76 4.80 4.88 4.96 5.04 5.07 5.03 4.96 4.87 4.77 4.68 4.61 4.70 4.91 5.04 5.21 5.54 5.94 6.09 5.97 5.70 5.35 4.90 4.38 3.98 3.94 3.86
4.75 4.79 4.86 4.89 4.91 5.11 5.49 5.75 5.65 5.20 4.57 3.92 3.33 2.87 2.76 2.97 3.38 3.74 3.97 4.15 4.28 4.38 4.48 4.46 4.30 4.11 4.00 4.10 4.37 4.63 4.77 4.83 4.91 5.13 5.35 5.33 4.88 4.49 4.20 4.14 4.14 4.23 4.29 4.32 4.37 4.36 4.14 3.60 3.06 2.85 2.82 2.88 3.06 3.48 4.00 4.43 4.69 4.86 4.98 5.09 5.15 5.04 4.86 4.76 4.75 4.70 4.62 4.63 4.66 4.75 4.86 4.90 4.92 5.08 5.42 5.86 6.15 6.29 6.30 6.18 5.95 5.72 5.49 5.22
4.75 4.79 4.90 5.04 5.21 5.52 5.76 5.67 5.20 4.53 3.81 3.05 2.44 2.19 3.46 2.48 2.72 2.97 3.38 3.78 4.14 4.37 4.37 4.10 3.76 3.58 3.64 3.84 4.03 4.18 4.30 4.33 4.36 4.50 4.84 5.13 4.99 4.70 4.47 4.46 4.53 4.62 4.64 4.66 4.66 4.61 4.41 4.03 3.64 3.41 3.40 3.60 4.00 4.42 4.71 4.83 4.90 4.95 4.97 4.95 4.86 4.65 4.49 4.48 4.54 4.47 4.35 4.43 4.54 4.56 4.55 4.56 4.44 4.30 4.39 4.67 5.08 5.44 5.78 6.04 6.17 6.19 6.14 5.96
4.75 4.80 4.94 5.14 5.41 5.65 5.60 5.15 4.42 3.61 2.90 2.34 2.07 1.98 1.95 1.94 2.01 2.28 2.68 3.13 3.54 3.82 3.82 3.67 3.59 3.63 3.73 3.76 3.65 3.54 3.55 3.66 3.82 4.02 4.36 4.78 4.90 4.70 4.56 4.66 4.75 4.81 4.91 5.12 5.23 5.23 5.13 5.01 4.96 4.93 4.88 5.11 5.43 5.58 5.49 5.18 4.95 4.84 4.70 4.51 4.34 4.19 4.14 4.23 4.31 4.21 4.09 4.20 4.28 4.25 4.21 4.16 3.95 3.70 3.63 3.71 3.89 4.14 4.46 4.83 5.18 5.42 5.52 5.61
4.77 4.84 5.01 5.24 5.46 5.44 5.04 4.32 3.52 2.83 2.39 2.25 2.27 2.33 2.33 2.27 2.27 2.40 2.61 2.89 3.16 3.33 3.44 3.63 3.88 4.05 4.13 4.05 3.91 3.82 3.80 3.86 3.99 4.06 4.10 4.36 4.62 4.62 4.63 4.79 4.91 5.06 5.29 5.63 5.76 5.75 5.68 5.66 5.76 5.94 6.05 6.04 5.85 5.49 5.12 4.90 4.78 4.62 4.37 4.08 3.84 3.74 3.80 3.98 4.15 4.17 4.13 4.16 4.12 4.05 4.00 3.94 3.74 3.45 3.24 3.13 3.18 3.21 3.29 3.50 3.78 4.08 4.20 4.27
4.79 4.85 5.00 5.17 5.16 4.81 4.16 3.39 2.75 2.38 2.31 2.41 2.58 2.77 2.96 3.12 3.21 3.25 3.37 3.59 3.80 3.91 4.01 4.14 4.24 4.39 4.66 4.89 5.02 5.05 5.01 4.96 4.91 4.74 4.32 4.21 4.44 4.67 4.91 5.13 5.29 5.49 5.75 5.97 5.93 5.81 5.73 5.76 5.91 6.11 6.20 6.10 5.74 5.21 4.85 4.81 4.78 4.58 4.24 3.89 3.65 3.58 3.73 4.05 4.35 4.47 4.45 4.34 4.15 4.04 3.96 3.90 3.71 3.34 2.91 2.56 2.44 2.33 2.25 2.39 2.65 2.91 2.98 2.96
4.80 4.81 4.82 4.72 4.37 3.77 3.06 2.50 2.20 2.20 2.37 2.64 2.91 3.21 3.60 4.05 4.41 4.66 4.88 5.09 5.20 5.17 5.01 4.76 4.56 4.65 5.05 5.37 5.50 5.48 5.38 5.26 5.08 4.81 4.40 4.29 4.50 4.88 5.27 5.52 5.68 5.80 5.88 5.87 5.68 5.52 5.50 5.63 5.83 5.98 5.92 5.82 5.78 5.71 5.51 5.22 4.95 4.68 4.43 4.22 4.10 4.08 4.23 4.50 4.70 4.69 4.53 4.38 4.25 4.24 4.22 4.08 3.74 3.16 2.51 2.02 1.85 1.70 1.62 1.75 1.91 1.97 2.04 2.18
4.80 4.80 4.67 4.29 3.69 3.04 2.52 2.22 2.21 2.44 2.76 3.14 3.54 3.99 4.48 5.05 5.52 5.92 6.19 6.23 6.03 5.67 5.22 4.87 4.72 4.88 5.11 5.04 4.76 4.56 4.39 4.28 4.22 4.15 4.17 4.40 4.72 5.11 5.49 5.67 5.70 5.65 5.50 5.29 5.19 5.14 5.21 5.35 5.55 5.71 5.66 5.59 5.62 5.69 5.63 5.33 4.99 4.72 4.55 4.47 4.48 4.59 4.74 4.90 4.92 4.74 4.45 4.35 4.44 4.66 4.69 4.39 3.88 3.20 2.48 2.03 1.86 1.72 1.65 1.74 1.81 1.77 1.74 1.98
4.81 4.76 4.55 4.18 3.76 3.40 3.16 3.01 3.02 3.22 3.50 3.86 4.35 4.89 5.44 5.91 6.28 6.47 6.42 6.11 5.60 5.05 4.68 4.64 4.84 5.13 5.18 4.80 4.31 4.05 3.96 3.98 4.08 4.10 4.23 4.56 4.92 5.22 5.44 5.49 5.41 5.21 4.93 4.72 4.68 4.74 4.80 4.88 4.95 4.92 4.89 4.91 4.94 4.93 4.88 4.83 4.71 4.55 4.42 4.34 4.39 4.63 4.90 5.09 5.04 4.83 4.60 4.57 4.72 4.93 4.88 4.51 4.09 3.73 3.19 2.76 2.46 2.21 2.16 2.24 2.25 2.19 2.22 2.56
4.75 4.63 4.36 4.28 4.14 4.07 4.03 4.05 4.17 4.30 4.43 4.70 5.16 5.74 6.22 6.45 6.44 6.17 5.65 5.00 4.42 4.10 4.13 4.43 4.87 5.34 5.47 5.34 5.17 5.10 5.09 5.07 4.95 4.75 4.65 4.79 4.98 5.14 5.21 5.15 4.93 4.64 4.42 4.35 4.35 4.43 4.53 4.51 4.26 3.88 3.67 3.72 3.87 3.93 3.99 4.15 4.30 4.35 4.35 4.34 4.44 4.70 4.93 5.00 4.87 4.68 4.61 4.65 4.71 4.74 4.65 4.38 4.31 4.39 4.26 3.83 3.39 2.99 3.11 3.26 3.22 3.14 3.31 3.84
4.63 4.47 4.28 4.41 4.38 4.50 4.67 4.91 5.17 5.37 5.51 5.69 6.04 6.41 6.53 6.37 5.94 5.30 4.62 4.07 3.79 3.78 4.03 4.43 4.93 5.52 5.77 5.91 6.01 6.03 5.97 5.80 5.54 5.23 4.98 4.93 4.98 4.99 4.93 4.72 4.39 4.15 4.13 4.24 4.36 4.53 4.65 4.52 4.04 3.51 3.20 3.11 3.04 3.14 3.45 3.86 4.21 4.39 4.45 4.50 4.63 4.82 4.86 4.76 4.56 4.41 4.37 4.38 4.37 4.39 4.33 4.28 4.58 5.00 5.24 5.15 4.78 4.45 4.68 4.80 4.72 4.66 4.85 5.13
4.57 4.47 4.40 4.51 4.72 5.04 5.42 5.73 5.94 6.09 6.23 6.38 6.50 6.46 6.17 5.65 5.02 4.38 3.90 3.69 3.84 4.19 4.57 4.89 5.31 5.67 5.69 5.60 5.60 5.58 5.50 5.42 5.36 5.27 5.05 4.91 4.85 4.73 4.50 4.24 4.10 4.21 4.40 4.56 4.71 4.91 4.97 4.84 4.54 4.26 4.02 3.77 3.45 3.51 3.82 4.17 4.45 4.62 4.72 4.79 4.84 4.91 4.87 4.76 4.62 4.48 4.33 4.28 4.31 4.41 4.43 4.50 4.86 5.27 5.67 5.94 6.08 6.14 6.25 6.27 6.16 6.01 5.91 5.65
4.61 4.56 4.53 4.65 4.96 5.34 5.67 5.89 6.00 6.07 6.17 6.26 6.21 5.89 5.34 4.71 4.14 3.69 3.45 3.52 3.98 4.52 4.92 5.22 5.51 5.58 5.24 4.81 4.58 4.49 4.48 4.62 4.85 5.02 4.96 4.81 4.62 4.38 4.14 4.11 4.38 4.77 4.95 4.99 5.04 5.15 5.13 5.01 4.90 4.98 5.03 4.94 4.74 4.56 4.51 4.48 4.56 4.75 4.97 5.09 5.12 5.16 5.12 5.05 4.93 4.78 4.66 4.69 4.83 4.85 4.78 4.80 4.93 5.10 5.40 5.89 6.39 6.70 6.79 6.70 6.44 6.16 5.80 5.26
4.60 4.58 4.53 4.61 4.84 5.07 5.17 5.22 5.28 5.38 5.51 5.55 5.39 5.02 4.50 3.93 3.47 3.30 3.38 3.69 4.15 4.54 4.86 5.09 5.22 5.06 4.56 4.08 3.75 3.58 3.63 3.83 4.11 4.38 4.59 4.65 4.53 4.40 4.42 4.68 5.04 5.19 5.17 5.13 5.14 5.16 5.06 4.84 4.77 4.86 5.01 5.15 5.20 5.04 4.67 4.44 4.50 4.75 5.01 5.20 5.34 5.47 5.46 5.38 5.24 5.10 5.04 5.08 5.12 5.00 4.89 4.87 4.84 4.86 5.05 5.41 5.81 6.08 6.14 6.12 5.96 5.67 5.23 4.68
4.59 4.60 4.62 4.65 4.66 4.60 4.51 4.42 4.46 4.63 4.78 4.74 4.46 4.05 3.56 3.19 3.18 3.52 4.07 4.54 4.78 4.91 5.00 5.06 4.96 4.55 3.91 3.41 3.09 2.96 3.00 3.10 3.21 3.48 3.85 4.20 4.48 4.71 4.96 5.15 5.19 5.12 5.01 5.00 5.04 5.02 4.86 4.58 4.36 4.22 4.21 4.39 4.63 4.68 4.48 4.36 4.46 4.73 4.99 5.25 5.51 5.70 5.69 5.58 5.41 5.25 5.11 4.98 4.83 4.63 4.62 4.69 4.73 4.77 4.87 4.94 5.00 5.00 5.06 5.29 5.48 5.49 5.32 5.12
4.73 4.84 4.98 4.93 4.72 4.42 4.22 4.08 4.12 4.25 4.24 3.96 3.49 2.99 2.62 2.69 3.27 4.14 4.82 5.20 5.38 5.42 5.39 5.31 5.15 4.79 4.14 3.48 3.10 2.99 2.98 2.97 3.02 3.18 3.48 3.94 4.42 4.78 4.87 4.79 4.68 4.65 4.66 4.73 4.82 4.81 4.63 4.30 3.91 3.62 3.49 3.51 3.66 3.92 4.09 4.23 4.40 4.67 4.94 5.23 5.52 5.72 5.68 5.55 5.38 5.22 5.03 4.82 4.62 4.43 4.41 4.49 4.60 4.61 4.59 4.64 4.54 4.39 4.31 4.49 4.83 5.18 5.47 5.71
4.96 5.08 5.17 5.04 4.81 4.53 4.31 4.19 4.11 3.90 3.49 2.93 2.40 2.07 2.03 2.37 3.11 3.98 4.61 5.08 5.37 5.49 5.49 5.50 5.49 5.32 4.98 4.54 4.24 4.19 4.18 4.09 4.08 4.11 4.22 4.43 4.63 4.68 4.52 4.35 4.25 4.25 4.40 4.58 4.71 4.69 4.49 4.17 3.82 3.55 3.35 3.10 2.91 3.00 3.36 3.84 4.29 4.65 4.91 5.17 5.42 5.50 5.42 5.28 5.21 5.17 5.11 4.97 4.81 4.60 4.45 4.45 4.49 4.48 4.53 4.58 4.45 4.26 4.03 3.90 3.96 4.21 4.59 4.99
4.95 4.92 4.83 4.72 4.58 4.40 4.24 4.05 3.72 3.18 2.50 2.01 1.83 1.93 2.24 2.67 3.13 3.57 4.00 4.47 4.79 5.00 5.22 5.50 5.62 5.56 5.59 5.72 5.81 5.84 5.79 5.72 5.61 5.39 5.21 5.06 4.87 4.68 4.50 4.36 4.26 4.27 4.48 4.66 4.75 4.68 4.50 4.33 4.16 3.92 3.58 3.07 2.67 2.73 3.18 3.81 4.39 4.76 4.99 5.20 5.29 5.21 5.08 5.07 5.13 5.20 5.24 5.17 5.03 4.79 4.62 4.58 4.56 4.50 4.45 4.38 4.32 4.25 4.09 3.79 3.47 3.28 3.32 3.52
4.74 4.53 4.35 4.34 4.28 4.17 4.02 3.63 3.16 2.69 2.40 2.31 2.48 2.93 3.69 4.35 4.39 4.24 4.18 4.21 4.35 4.61 5.10 5.52 5.57 5.52 5.70 6.03 6.30 6.43 6.41 6.31 6.13 5.84 5.53 5.24 4.96 4.74 4.57 4.40 4.37 4.53 4.75 4.81 4.74 4.62 4.50 4.46 4.40 4.14 3.68 3.22 3.17 3.53 4.02 4.38 4.64 4.84 5.04 5.13 5.03 4.88 4.90 5.06 5.18 5.23 5.24 5.25 5.22 5.11 4.93 4.83 4.68 4.42 4.13 4.00 4.07 4.18 4.15 3.93 3.59 3.34 3.27 3.32
4.60 4.41 4.22 4.21 4.25 4.24 4.08 3.75 3.42 3.27 3.43 3.80 4.28 5.00 5.80 6.31 6.43 6.07 5.52 5.20 5.13 5.33 5.68 5.74 5.53 5.36 5.36 5.45 5.59 5.77 5.86 5.83 5.77 5.65 5.49 5.28 5.05 4.85 4.61 4.43 4.54 4.83 4.97 4.81 4.60 4.46 4.40 4.42 4.47 4.37 4.14 4.06 4.30 4.68 4.82 4.73 4.66 4.77 4.91 4.90 4.77 4.75 4.88 5.01 5.06 5.02 5.00 5.05 5.18 5.28 5.19 4.99 4.70 4.33 4.04 3.91 3.98 4.11 4.17 4.16 4.18 4.27 4.32 4.20
4.63 4.51 4.36 4.36 4.46 4.60 4.66 4.63 4.59 4.70 5.12 5.72 6.41 6.99 7.32 7.39 7.39 7.23 6.99 6.75 6.60 6.53 6.37 5.97 5.53 5.26 5.09 4.94 4.81 4.75 4.77 4.83 4.90 4.99 5.08 5.13 5.09 4.94 4.73 4.62 4.72 4.78 4.67 4.47 4.37 4.40 4.44 4.54 4.76 5.00 5.15 5.25 5.35 5.35 5.08 4.75 4.70 4.82 4.86 4.81 4.75 4.78 4.78 4.74 4.69 4.59 4.53 4.62 4.82 5.02 5.08 4.96 4.72 4.45 4.23 4.12 4.10 4.13 4.20 4.32 4.51 4.71 4.79 4.75
4.72 4.69 4.63 4.64 4.75 4.92 5.13 5.36 5.69 6.12 6.64 7.15 7.49 7.55 7.38 7.06 6.81 6.85 6.94 6.93 6.84 6.66 6.34 5.86 5.43 5.19 5.06 4.93 4.75 4.48 4.23 4.14 4.17 4.30 4.49 4.70 4.85 4.86 4.77 4.64 4.46 4.21 3.98 4.02 4.33 4.62 4.79 4.92 5.15 5.52 5.84 5.98 5.96 5.81 5.52 5.27 5.23 5.19 5.07 4.95 4.83 4.71 4.58 4.49 4.42 4.28 4.19 4.25 4.39 4.59 4.76 4.79 4.68 4.53 4.39 4.30 4.20 4.13 4.17 4.28 4.39 4.46 4.50 4.55
4.83 4.85 4.83 4.85 4.96 5.09 5.30 5.67 6.23 6.80 7.16 7.25 7.07 6.69 6.23 5.79 5.56 5.61 5.71 5.82 5.90 5.89 5.74 5.48 5.24 5.08 4.99 4.94 4.87 4.75 4.62 4.52 4.54 4.58 4.57 4.56 4.60 4.67 4.63 4.43 4.14 3.94 3.99 4.32 4.79 5.07 5.19 5.26 5.36 5.60 5.88 6.07 6.16 6.19 6.19 6.08 5.91 5.66 5.34 5.06 4.82 4.60 4.48 4.43 4.30 4.13 4.07 4.13 4.24 4.38 4.53 4.58 4.54 4.47 4.42 4.35 4.24 4.16 4.19 4.25 4.33 4.40 4.43 4.43
4.85 4.81 4.81 4.91 5.09 5.30 5.60 6.02 6.48 6.72 6.67 6.38 5.96 5.48 5.06 4.77 4.63 4.64 4.67 4.82 5.05 5.18 5.22 5.15 5.08 5.02 4.91 4.76 4.64 4.72 4.89 5.04 5.13 5.11 4.97 4.77 4.63 4.61 4.56 4.46 4.41 4.49 4.69 5.04 5.35 5.46 5.44 5.39 5.35 5.38 5.52 5.72 5.93 6.15 6.34 6.37 6.17 5.87 5.48 5.09 4.79 4.60 4.48 4.34 4.13 4.03 4.12 4.25 4.33 4.38 4.38 4.38 4.39 4.39 4.34 4.25 4.17 4.15 4.18 4.25 4.35 4.46 4.48 4.48
4.75 4.67 4.69 4.90 5.16 5.48 5.89 6.21 6.30 6.08 5.70 5.34 5.00 4.66 4.35 4.11 3.99 4.04 4.21 4.45 4.69 4.94 5.02 4.95 4.95 5.06 5.02 4.84 4.66 4.59 4.59 4.64 4.70 4.74 4.78 4.76 4.71 4.67 4.66 4.74 4.88 5.00 5.17 5.47 5.66 5.63 5.46 5.28 5.15 5.09 5.10 5.19 5.32 5.49 5.70 5.81 5.77 5.58 5.32 5.05 4.81 4.62 4.39 4.15 4.03 4.10 4.28 4.42 4.45 4.35 4.22 4.19 4.23 4.23 4.17 4.07 3.97 3.94 4.00 4.13 4.25 4.30 4.27 4.27
4.68 4.63 4.67 4.85 5.09 5.42 5.75 5.79 5.53 5.11 4.71 4.35 4.06 3.81 3.58 3.48 3.65 3.97 4.27 4.54 4.86 5.12 5.04 4.85 4.97 5.20 5.22 5.14 5.05 4.85 4.56 4.23 4.03 4.06 4.25 4.45 4.58 4.64 4.73 4.89 5.03 5.15 5.34 5.59 5.64 5.46 5.20 5.00 4.90 4.87 4.84 4.80 4.74 4.68 4.64 4.72 4.82 4.86 4.91 4.90 4.80 4.60 4.35 4.16 4.16 4.29 4.44 4.51 4.43 4.23 4.07 4.02 4.03 4.05 4.05 3.98 3.86 3.78 3.83 3.99 4.05 3.95 3.83 3.79
