project/data/elevation/US_DEM2016/US_DEM2016_point_11-01-2019_0917_30m_ang.asc
ncols	125
nrows	167
xllcorner	-2042055.000000
yllcorner	1465035.000000
cellsize	30.000000
NODATA_value	-9999.000000
[rows 45 to 89 of 167, columns 0 to 95 of 125]
237 199 190 204 204 202 193 269 285 291 298 63 100 96 91 95 91 44 99 109 112 114 108 103 145 248 254 14 55 102 90 60 318 295 358 32 346 272 227 164 90 72 136 129 103 87 254 232 194 177 177 156 121 107 100 97 89 78 67 73 94 130 240 251 226 216 243 286 81 134 146 158 166 164 161 176 188 184 243 290 91 80 64 68 67 54 16 285 250 201 142 109 101 105 105 10
286 335 307 270 277 298 335 339 329 321 336 101 105 85 77 84 98 124 119 115 111 111 108 102 264 270 276 319 45 83 65 25 314 277 281 46 27 320 253 212 139 111 125 130 111 129 223 238 224 208 192 174 156 136 112 105 99 82 48 72 90 99 246 253 253 278 304 134 134 146 150 155 163 169 170 177 193 202 208 204 139 114 95 76 66 58 40 321 251 225 202 155 120 105 81 318
300 350 9 340 322 323 337 345 350 360 95 116 116 69 63 65 72 93 96 95 98 104 110 117 264 282 290 301 59 59 34 18 311 264 239 105 59 21 296 241 159 126 125 126 102 107 230 253 248 205 169 172 178 180 129 100 98 100 68 81 86 90 248 255 260 294 26 130 122 124 133 142 152 159 163 174 189 198 201 202 165 120 102 79 64 54 48 21 286 260 245 184 122 99 42 307
276 310 14 358 346 327 316 332 51 98 112 118 138 24 57 63 66 75 86 90 92 93 99 123 262 284 306 314 81 357 348 44 20 252 233 167 82 45 349 251 154 132 129 128 91 73 237 238 217 176 164 175 198 216 174 88 82 82 127 98 83 89 173 228 222 198 182 179 168 160 163 169 172 171 172 180 192 203 208 210 194 130 105 86 65 54 52 35 336 293 275 146 115 107 127 229
262 254 276 1 23 356 254 215 149 113 105 113 171 196 139 124 120 114 108 106 101 93 91 109 260 277 296 68 351 315 328 54 47 269 241 209 134 73 51 142 139 127 129 133 92 84 141 206 205 180 174 193 223 250 278 79 75 65 74 91 75 85 130 192 206 209 212 208 193 170 165 179 185 180 181 200 218 226 227 216 202 172 130 118 90 71 61 37 350 310 270 127 127 139 164 166
266 263 257 236 79 50 264 223 182 114 100 116 157 168 166 162 153 135 120 116 116 109 99 99 263 270 264 94 315 307 330 52 42 340 261 234 191 130 111 122 125 117 119 132 126 118 137 174 187 180 191 222 254 281 357 81 80 65 59 72 63 77 92 157 236 261 280 323 348 8 16 5 357 359 359 337 307 289 272 246 220 207 184 170 144 98 74 44 352 311 137 130 139 153 162 150
277 284 283 268 59 50 48 247 213 111 99 112 134 154 171 178 154 116 106 105 110 114 109 92 276 263 206 271 297 299 357 54 47 26 309 258 216 153 128 120 118 116 122 134 130 130 144 165 182 197 226 255 273 297 62 88 89 76 56 63 63 71 67 32 303 298 317 345 8 19 20 14 9 8 11 8 354 338 330 324 288 247 224 204 181 138 76 42 356 341 122 123 129 145 145 134
277 289 313 323 359 54 63 21 242 113 100 98 99 94 322 314 48 82 80 81 87 92 90 9 293 256 166 258 267 261 135 73 59 45 357 287 236 149 130 124 121 122 126 127 126 128 137 171 251 282 286 280 279 285 94 96 94 79 55 69 75 72 63 24 317 298 313 34 70 47 40 34 29 29 31 30 18 358 354 9 4 333 295 256 220 204 61 36 24 89 110 103 50 15 70 106
272 275 296 349 47 80 71 45 299 117 99 90 71 25 341 344 84 93 77 73 72 67 46 359 312 248 149 232 240 233 201 129 72 56 23 319 231 136 126 122 119 120 121 120 117 112 72 332 332 344 328 296 278 237 115 106 99 75 41 66 73 71 76 36 298 279 102 157 164 182 61 59 55 51 51 52 39 16 0 32 37 21 11 350 300 289 5 51 73 94 100 84 7 34 89 131
264 254 209 188 159 123 86 60 33 74 93 99 84 54 176 151 138 132 113 79 66 54 37 20 20 137 146 187 219 230 227 207 98 67 39 4 121 123 119 116 114 114 117 114 105 62 338 329 351 14 357 317 282 220 128 121 118 110 352 52 68 73 75 48 95 247 207 201 218 239 159 98 92 89 86 82 65 45 55 116 121 108 98 39 322 317 23 91 95 96 101 122 147 111 121 138
254 233 204 198 187 168 122 87 60 76 100 108 113 138 129 121 121 126 119 67 61 59 54 58 89 128 142 151 205 236 242 227 167 95 67 62 89 104 109 110 111 110 114 114 88 340 314 319 16 48 29 342 294 202 125 135 160 223 243 110 87 81 74 69 206 224 236 254 274 288 153 129 120 115 106 104 104 112 131 146 153 140 141 196 265 288 97 103 100 95 99 121 142 119 125 130
238 223 215 214 207 195 161 141 119 108 108 107 110 293 42 62 74 89 67 52 75 79 79 79 83 116 139 146 200 241 240 216 197 151 104 91 94 98 102 105 108 113 112 108 343 314 308 308 66 79 55 5 317 89 105 123 175 206 183 162 126 87 76 96 143 242 84 289 302 122 139 149 149 142 120 117 124 135 142 147 155 156 172 221 252 246 103 95 92 90 90 94 137 121 114 87
254 256 256 245 224 208 188 182 165 130 112 100 88 311 59 85 94 114 147 140 118 108 99 91 115 133 147 158 201 239 241 226 225 211 134 113 104 100 99 101 102 114 114 76 309 308 310 303 99 87 62 23 351 85 88 88 131 177 147 145 129 79 80 99 124 146 280 307 130 147 159 174 173 148 131 129 133 140 144 145 151 174 215 258 276 279 88 84 83 85 85 86 113 103 70 350
303 310 314 316 271 226 212 208 192 142 116 97 85 133 135 123 124 131 140 143 138 132 134 109 114 127 138 157 216 253 264 269 272 269 112 107 103 99 97 96 95 104 108 303 299 306 324 344 110 96 73 44 33 77 77 62 36 67 76 66 84 91 96 100 139 85 255 166 152 162 184 210 182 132 138 142 142 141 143 154 172 212 263 292 305 327 73 79 81 84 86 90 94 66 10 326
287 302 331 3 11 346 277 243 211 145 126 119 114 126 126 109 98 93 89 90 99 108 134 105 90 87 98 129 248 269 280 296 310 9 85 94 96 96 98 93 91 92 79 261 287 304 66 115 116 103 84 63 58 74 72 45 21 33 40 69 102 125 108 100 134 228 223 182 181 192 221 240 155 139 143 142 142 145 152 173 213 264 293 310 327 21 77 84 87 87 86 89 85 15 330 339
272 276 300 357 28 27 10 321 213 140 148 172 148 136 142 118 64 37 27 33 47 59 61 86 70 57 69 48 294 280 270 250 206 131 103 98 93 88 89 88 92 85 59 278 263 195 143 141 135 122 105 88 83 87 78 34 11 32 70 104 128 132 117 89 86 210 207 197 207 220 240 223 138 151 159 161 164 170 176 209 255 279 292 297 331 91 98 99 95 88 83 82 64 327 309 49
269 275 296 325 58 57 44 37 106 131 151 175 157 145 160 180 198 275 312 350 36 52 49 72 83 73 70 19 315 302 295 253 221 192 133 112 102 86 78 76 91 85 81 235 229 193 166 159 156 152 144 131 109 98 92 44 2 58 85 110 126 120 97 64 50 58 162 215 231 230 214 178 160 168 175 177 187 212 237 269 277 273 259 239 188 137 113 109 98 87 79 70 27 309 284 73
266 268 285 241 108 94 85 91 109 117 118 136 131 121 136 167 195 219 226 223 137 108 103 135 122 99 81 348 317 328 354 341 286 246 169 120 120 116 90 74 82 88 100 182 220 212 191 185 181 178 176 170 122 93 89 89 326 90 95 103 97 69 33 20 34 54 53 298 143 250 221 190 166 70 104 283 316 322 327 313 295 275 255 229 200 166 121 113 102 86 72 53 5 316 287 96
261 253 222 160 140 132 115 110 107 64 30 47 58 57 84 124 181 223 240 208 129 123 128 161 129 100 76 312 308 341 27 24 1 327 354 101 109 126 114 95 86 93 99 141 241 239 218 214 214 213 220 233 88 79 74 69 142 103 92 79 46 9 357 1 43 64 45 349 305 296 302 329 358 351 336 333 335 349 359 346 327 306 279 243 220 182 126 114 105 83 60 35 357 341 16 66
263 253 223 181 157 147 120 105 76 348 10 43 48 44 63 84 139 228 257 100 102 109 115 152 127 105 127 267 269 274 70 57 34 16 39 75 82 84 96 106 105 99 92 56 291 280 270 262 257 255 262 288 71 75 69 72 115 108 82 49 7 346 339 50 83 73 45 356 323 326 335 345 357 4 0 345 328 356 29 20 5 346 321 264 233 190 134 114 104 73 52 28 351 352 26 45
265 259 241 208 163 143 117 97 32 321 44 87 94 77 56 59 77 215 240 138 89 98 109 126 122 110 150 236 242 218 160 110 74 55 63 68 63 65 91 110 102 93 85 21 303 308 323 313 306 290 271 258 91 81 75 79 100 107 83 15 342 339 351 89 86 77 45 346 321 331 341 347 339 8 26 7 336 326 87 68 50 57 99 200 204 190 158 130 116 100 96 95 281 310 48 46
265 263 254 216 149 136 128 121 169 169 127 114 109 108 77 48 57 101 219 211 103 114 126 131 121 114 146 245 250 231 201 169 149 111 86 74 62 67 82 89 85 85 76 353 293 303 333 337 348 338 302 270 97 82 79 78 86 85 42 324 302 321 119 100 85 77 37 325 315 335 352 9 338 298 64 44 2 343 112 107 110 127 161 186 195 192 182 168 150 132 136 164 205 205 164 148
268 265 249 196 139 137 156 182 183 144 123 109 104 109 123 101 65 81 192 207 127 127 136 143 138 136 229 286 279 260 228 198 196 177 105 80 68 66 68 60 62 83 72 343 283 281 317 355 14 17 354 318 30 76 77 74 69 46 360 318 259 163 136 113 89 73 15 313 305 346 8 28 11 323 124 84 65 120 126 119 117 128 161 188 195 191 198 206 167 123 128 158 199 204 177 167
268 264 243 178 131 135 168 202 198 148 116 94 95 106 124 143 134 119 154 168 132 130 139 149 159 198 286 309 317 316 306 252 246 244 107 77 72 74 68 48 56 83 79 348 264 258 252 329 38 44 26 6 48 74 73 66 50 17 347 333 161 144 130 120 93 65 355 294 274 17 34 46 39 24 81 128 149 157 147 121 95 83 85 100 144 174 208 227 161 118 111 126 199 208 178 164
265 260 233 156 119 121 165 226 219 146 120 92 91 104 120 136 143 146 152 144 131 129 132 146 181 246 282 304 329 358 12 356 328 312 22 75 81 81 74 56 77 85 83 92 256 256 251 247 98 83 74 79 93 85 74 61 36 358 112 134 148 148 131 120 110 80 330 264 241 166 139 117 99 88 100 129 161 175 169 153 112 67 45 64 109 152 203 223 162 135 103 74 71 205 166 152
262 254 215 141 110 104 262 290 325 27 43 74 113 111 118 127 135 141 143 138 131 125 124 139 206 254 267 276 297 33 41 31 18 8 38 79 87 84 76 84 99 88 81 68 276 270 262 176 143 144 145 155 150 111 94 85 86 168 137 124 135 145 121 108 126 120 159 206 210 188 177 171 156 134 108 109 141 169 163 160 160 153 124 124 142 162 183 199 200 197 45 41 43 73 126 133
261 253 220 126 105 87 312 305 330 4 28 63 116 124 115 119 127 133 137 135 134 125 115 123 251 262 256 245 217 170 135 118 100 76 79 88 88 85 87 97 97 90 80 56 295 273 215 161 159 168 179 198 201 134 116 118 134 145 128 113 111 118 88 113 143 135 129 176 211 215 206 204 190 160 127 106 94 99 122 142 152 152 151 153 165 188 208 223 237 255 338 34 55 76 102 109
263 260 221 114 101 34 301 295 308 348 44 91 120 135 119 113 121 126 132 143 150 139 116 164 302 283 261 233 209 197 188 180 172 166 131 99 89 86 101 118 109 100 89 77 265 242 202 184 183 199 225 247 247 126 112 115 120 120 113 111 117 142 149 119 115 96 85 104 242 249 244 234 199 167 157 154 137 131 140 155 165 164 159 168 201 248 281 296 291 289 335 53 74 85 89 75
268 266 164 110 91 319 296 279 270 247 113 119 135 156 141 118 121 121 115 125 142 130 103 327 312 311 300 248 224 221 220 218 207 203 180 104 89 92 102 122 134 117 96 98 242 249 245 251 290 316 322 307 295 81 88 92 96 94 92 98 112 126 145 89 42 29 58 45 327 282 265 198 176 172 172 172 162 152 151 163 188 192 106 160 275 295 331 348 340 334 356 63 79 82 73 38
266 256 143 108 61 304 284 246 224 181 125 114 127 150 143 123 124 123 96 221 40 226 22 320 302 317 356 354 273 251 250 252 255 262 244 97 92 96 96 102 113 107 89 77 294 278 292 316 336 353 0 353 352 49 70 77 78 76 75 80 87 87 55 291 11 110 89 48 6 269 220 171 170 176 174 168 157 153 164 208 288 345 21 8 330 305 323 12 22 24 34 62 76 77 61 7
256 238 156 97 345 291 246 199 190 176 141 106 102 118 123 118 117 104 61 25 12 23 18 334 288 281 11 31 3 285 259 252 261 277 131 108 104 99 90 85 83 85 76 61 323 276 279 295 313 93 80 54 41 61 76 80 81 89 91 86 81 61 13 300 175 160 149 78 87 189 202 178 169 171 168 160 148 156 195 265 300 4 42 35 12 331 284 227 92 74 68 77 85 81 51 346
253 241 202 83 347 265 176 161 166 173 167 128 101 97 101 101 87 221 217 335 11 29 32 2 283 258 248 61 41 337 255 234 211 185 174 140 118 109 96 86 83 76 66 64 341 271 263 253 232 216 226 100 72 83 90 91 95 112 135 112 93 77 51 85 69 56 33 81 96 135 172 167 165 169 172 168 157 173 250 270 268 124 107 90 53 3 328 293 154 102 91 95 102 97 34 337
265 259 238 114 123 211 159 129 135 166 186 136 123 136 116 94 215 333 336 3 17 28 38 34 319 265 248 103 61 34 288 242 218 204 205 182 125 116 110 94 90 81 66 65 6 290 285 293 313 340 339 44 92 98 96 94 99 109 129 124 97 90 132 351 6 10 60 93 104 129 150 161 170 185 187 185 227 127 116 283 250 178 143 118 70 24 15 6 16 84 96 103 111 125 310 11
271 264 223 164 160 177 163 108 83 98 215 129 132 153 145 109 327 308 313 2 20 27 40 44 11 286 262 237 66 43 7 307 255 239 240 223 121 113 114 98 90 85 85 72 7 295 294 323 9 48 83 116 132 114 98 90 90 92 102 112 99 60 1 330 333 94 125 131 120 118 131 153 212 103 122 344 91 327 337 321 276 200 186 184 162 108 72 54 53 78 95 103 110 186 296 45
262 250 190 175 183 157 158 123 74 120 161 139 131 138 144 308 306 300 304 350 31 42 53 51 31 305 268 245 78 49 27 9 342 296 272 247 113 107 110 104 96 92 103 87 15 266 249 195 161 156 153 157 170 141 95 83 81 81 82 83 67 4 345 335 148 130 122 115 101 95 93 30 130 322 354 357 123 320 340 360 13 29 212 220 216 202 159 104 92 93 97 99 99 264 267 115
256 243 174 163 185 148 148 173 135 130 136 131 123 107 341 311 299 291 286 333 61 62 65 67 56 321 267 245 110 67 45 34 21 344 297 252 104 100 104 104 99 101 108 98 140 218 224 206 187 186 185 193 215 191 89 87 89 86 80 61 28 352 359 115 127 125 99 54 63 78 66 341 303 323 22 17 336 289 283 24 46 42 22 263 243 232 206 143 114 105 99 92 85 192 187 136
259 250 203 144 157 134 136 144 132 122 122 116 101 0 325 312 291 270 247 176 116 84 68 69 67 2 267 247 142 107 89 77 51 14 333 33 95 95 100 98 99 110 121 114 126 177 213 222 215 220 231 259 276 120 96 97 99 89 75 53 29 40 98 118 114 96 342 345 62 81 67 316 282 292 51 42 11 292 219 184 93 68 45 353 269 243 218 160 119 109 100 89 81 107 134 110
269 264 252 289 16 92 110 105 105 114 113 98 36 324 316 313 287 261 236 166 128 133 113 76 71 60 256 239 168 145 131 120 85 39 16 62 86 91 96 95 95 103 113 115 108 141 214 236 238 246 249 238 232 165 106 98 95 86 74 70 81 98 113 113 96 0 319 327 94 90 74 303 199 269 83 60 30 334 146 217 154 110 71 38 316 257 231 168 121 113 106 93 83 84 85 86
278 283 299 295 348 81 71 60 89 104 97 63 344 312 304 312 297 271 241 160 122 136 150 128 88 85 205 217 191 169 163 167 166 125 84 87 87 88 95 97 87 82 78 87 93 101 205 234 233 231 220 216 225 205 106 93 89 86 80 77 84 92 107 105 41 313 310 67 88 83 61 307 279 257 119 76 42 8 324 244 195 143 96 57 12 291 248 191 136 120 111 97 89 91 114 162
278 287 326 292 131 56 25 47 94 92 73 16 326 303 295 310 309 278 229 165 138 138 143 144 112 103 149 203 207 192 192 199 205 200 136 107 99 90 90 87 78 70 60 65 85 89 153 225 231 227 226 233 245 238 99 88 86 85 80 73 68 70 88 87 317 283 267 78 70 67 43 154 275 240 143 114 74 51 32 3 231 179 111 67 35 338 277 225 167 125 108 104 112 125 142 143
274 276 106 167 316 352 353 56 94 85 53 346 311 299 296 302 296 253 199 164 149 144 138 129 117 105 120 211 232 217 215 222 225 223 172 108 102 87 75 64 71 73 65 69 81 87 99 253 259 254 250 246 242 229 119 89 84 79 70 65 48 39 72 72 286 262 246 72 60 55 45 175 250 212 166 154 117 99 82 70 56 319 99 80 54 14 334 303 220 119 110 113 120 128 94 12
272 269 113 198 296 313 324 59 92 83 26 331 310 298 288 270 218 193 176 159 149 144 134 114 108 95 80 308 284 300 307 271 246 232 209 108 87 81 72 68 77 79 76 75 82 78 40 316 299 298 293 278 256 241 189 96 83 75 66 63 47 354 67 67 320 260 239 125 75 64 74 90 229 223 195 179 146 135 148 121 93 78 129 102 70 28 12 18 43 85 105 107 103 47 330 336
267 259 112 221 261 268 265 116 100 64 339 324 312 293 265 193 170 167 163 158 153 146 140 116 102 82 50 339 301 313 348 351 292 244 231 162 96 105 114 111 97 82 77 81 90 71 10 327 322 336 341 339 319 290 275 79 79 81 86 94 85 289 71 64 17 269 234 167 111 101 92 79 275 249 226 196 176 174 180 165 143 156 154 139 107 54 61 65 66 73 85 84 59 339 308 298
257 234 139 196 227 226 207 135 102 350 318 316 306 280 218 156 153 147 144 152 161 158 148 121 94 67 40 353 292 273 300 34 17 298 262 221 129 126 121 123 126 93 73 80 94 78 330 316 333 12 23 22 12 347 347 63 81 89 98 106 101 217 89 81 60 269 248 169 117 105 88 62 351 298 276 226 186 195 202 193 178 173 177 183 183 146 118 107 98 83 76 67 39 328 261 185
253 234 162 180 201 202 163 123 43 313 304 307 303 271 170 135 137 125 111 117 142 151 141 109 73 58 50 10 302 278 268 20 34 359 301 246 142 127 104 108 129 138 64 82 97 119 261 274 297 90 81 77 70 70 102 99 95 95 98 102 110 186 126 98 90 272 269 52 89 94 83 54 343 316 329 13 26 302 244 217 200 193 197 209 203 180 161 148 144 123 89 73 61 103 150 149
