project/data/elevation/US_DEM2016/US_DEM2016_point_10-28-2019_0240_30m_vel.asc
ncols	125
nrows	167
xllcorner	-2042055.000000
yllcorner	1465035.000000
cellsize	30.000000
NODATA_value	-9999.000000
[rows 111 to 147 of 167, columns 0 to 82 of 125]
8.45 8.52 8.58 8.64 8.84 9.16 9.55 9.95 10.37 10.60 10.53 10.16 9.62 9.10 8.79 8.65 8.43 8.24 8.20 8.38 8.62 8.70 8.95 9.40 9.78 9.78 9.53 9.37 9.39 9.58 9.71 9.72 9.70 9.59 9.25 8.75 8.42 8.37 8.29 8.10 8.00 8.11 8.31 8.61 8.90 9.15 9.32 9.55 9.88 10.35 10.88 11.41 11.83 12.08 12.09 11.69 10.88 9.97 9.04 8.21 7.64 7.33 7.23 7.26 7.53 7.93 8.14 8.20 8.32 8.53 8.72 8.73 8.54 8.29 8.05 7.93 8.15 8.80 9.57 9.79 9.31 8.77 8.54
8.21 8.21 8.29 8.49 8.78 9.22 9.68 9.91 9.87 9.54 9.10 8.75 8.45 8.18 8.00 7.87 7.62 7.39 7.43 7.71 7.96 8.09 8.30 8.85 9.44 9.84 9.91 9.74 9.39 9.20 9.11 9.02 9.00 9.12 9.18 8.99 8.68 8.50 8.46 8.57 8.72 8.84 8.92 9.03 9.12 9.33 9.45 9.40 9.40 9.64 9.91 10.26 10.63 10.93 11.16 11.13 10.73 10.03 9.22 8.46 7.86 7.46 7.18 7.12 7.39 7.86 8.23 8.37 8.39 8.38 8.39 8.42 8.35 8.17 7.93 7.75 7.82 8.29 9.12 9.60 9.23 8.58 8.25
8.12 8.04 8.07 8.23 8.47 8.85 9.14 9.08 8.74 8.26 7.78 7.41 7.21 7.11 7.07 7.05 7.07 7.14 7.30 7.63 8.04 8.22 8.16 8.36 9.02 9.77 10.29 10.51 10.28 9.78 9.16 8.34 7.72 7.73 8.17 8.51 8.58 8.51 8.54 8.70 8.86 8.99 9.08 9.09 8.95 9.04 9.20 9.09 9.01 9.22 9.45 9.57 9.63 9.52 9.26 9.31 9.37 9.17 8.85 8.49 8.07 7.62 7.28 7.23 7.50 7.91 8.30 8.46 8.43 8.30 8.16 8.09 8.03 7.94 7.84 7.75 7.74 7.95 8.62 9.26 9.03 8.20 7.61
8.23 8.13 8.07 8.09 8.14 8.28 8.27 7.90 7.40 6.88 6.40 5.99 5.76 5.80 6.10 6.50 6.97 7.49 7.95 8.35 8.66 8.60 8.14 7.98 8.51 9.27 10.02 10.57 10.70 10.48 10.20 9.57 8.49 7.62 7.39 7.59 7.95 8.29 8.51 8.64 8.84 9.08 9.20 9.12 8.74 8.39 8.41 8.48 8.54 8.88 9.37 9.61 9.64 9.26 8.40 7.73 7.56 7.74 7.95 8.06 8.01 7.85 7.75 7.78 7.89 8.06 8.34 8.50 8.44 8.29 8.13 8.02 7.94 7.86 7.80 7.79 7.86 8.01 8.46 9.05 8.87 7.88 7.04
8.40 8.34 8.26 8.15 7.97 7.75 7.43 7.06 6.66 6.26 5.91 5.66 5.49 5.69 6.31 7.13 7.85 8.46 8.97 9.24 9.18 8.83 7.89 7.14 7.33 8.01 8.91 9.80 10.23 10.36 10.61 10.78 10.32 9.08 7.84 7.45 7.82 8.40 8.77 8.93 9.05 9.16 9.21 9.15 8.78 8.11 7.68 7.72 7.97 8.45 9.27 9.91 10.26 10.15 9.34 8.10 7.24 7.00 7.10 7.38 7.65 7.82 7.97 8.16 8.32 8.36 8.42 8.52 8.45 8.24 8.12 8.09 8.06 7.95 7.82 7.79 7.95 8.21 8.64 9.19 9.04 8.06 7.19
8.47 8.48 8.41 8.21 7.86 7.39 6.95 6.76 6.87 7.05 7.17 7.11 7.16 7.53 8.16 8.87 9.42 9.65 9.58 9.36 9.22 9.16 8.36 6.88 6.25 6.52 7.55 8.79 9.44 9.52 9.72 10.39 10.90 10.65 9.68 8.96 8.81 8.96 9.05 9.01 8.93 8.85 8.87 9.05 9.06 8.52 7.63 7.25 7.50 8.06 8.85 9.78 10.53 10.88 10.68 9.96 8.99 8.10 7.50 7.39 7.53 7.65 7.74 7.95 8.25 8.43 8.55 8.67 8.54 8.15 7.88 7.86 7.93 7.95 7.90 7.92 8.07 8.35 8.86 9.57 9.68 8.91 8.22
8.39 8.39 8.33 8.14 7.82 7.38 7.02 7.01 7.34 7.84 8.36 8.82 9.26 9.64 9.87 9.92 9.83 9.56 9.15 8.77 8.82 9.35 9.33 8.11 6.62 6.18 6.69 7.89 8.74 8.68 8.28 8.66 9.81 10.67 10.70 10.20 9.59 9.10 8.75 8.48 8.32 8.31 8.44 8.82 9.27 9.24 8.30 7.24 7.13 7.57 8.15 8.95 9.92 10.71 11.04 10.93 10.57 10.00 9.19 8.41 8.02 7.77 7.59 7.53 7.72 8.04 8.34 8.62 8.62 8.21 7.79 7.63 7.68 7.82 7.96 8.09 8.27 8.52 9.02 9.81 10.27 10.07 9.64
8.26 8.19 8.11 8.01 7.85 7.62 7.43 7.40 7.53 7.84 8.43 9.14 9.71 9.95 9.86 9.46 8.87 8.40 8.17 8.03 8.19 8.87 9.52 9.24 8.09 7.07 6.85 7.43 8.43 8.55 7.68 7.17 7.77 9.14 9.94 9.90 9.34 8.74 8.34 8.08 7.98 8.03 8.19 8.52 9.08 9.55 9.08 7.64 6.89 6.90 7.32 7.95 8.81 9.77 10.44 10.62 10.56 10.47 10.17 9.51 8.74 8.13 7.64 7.27 7.14 7.34 7.68 8.20 8.56 8.47 8.17 7.91 7.80 7.86 8.02 8.22 8.43 8.68 9.12 9.78 10.29 10.42 10.24
8.14 8.04 7.94 7.91 7.88 7.82 7.74 7.70 7.76 7.97 8.40 8.83 9.02 8.92 8.63 8.32 8.03 7.77 7.58 7.50 7.53 7.90 8.61 8.97 8.53 7.70 7.27 7.53 8.48 9.04 8.51 7.31 6.81 7.35 8.42 8.95 8.82 8.48 8.30 8.18 8.10 8.05 8.04 8.20 8.68 9.40 9.53 8.45 7.11 6.63 6.76 7.30 8.02 8.93 9.78 10.10 9.97 9.80 9.77 9.61 9.11 8.44 7.82 7.30 6.96 6.98 7.38 8.02 8.56 8.76 8.68 8.49 8.25 8.08 8.04 8.13 8.30 8.52 8.86 9.37 9.79 9.84 9.57
8.11 7.98 7.87 7.87 7.88 7.89 7.94 8.00 8.13 8.34 8.52 8.53 8.34 8.06 7.83 7.76 7.75 7.62 7.44 7.25 7.12 7.23 7.71 8.22 8.13 7.57 7.31 7.58 8.43 9.28 9.41 8.55 7.30 6.81 7.21 7.92 8.23 8.24 8.27 8.28 8.23 8.13 8.00 8.01 8.31 8.95 9.50 9.03 7.66 6.73 6.55 6.98 7.65 8.44 9.30 9.80 9.68 9.24 8.98 8.96 8.85 8.48 8.04 7.68 7.49 7.62 7.99 8.40 8.71 8.83 8.79 8.72 8.54 8.25 7.98 7.84 7.88 8.07 8.42 8.92 9.37 9.35 8.96
8.23 8.08 7.91 7.86 7.84 7.89 8.05 8.30 8.54 8.66 8.53 8.29 8.06 7.92 7.88 7.87 7.76 7.62 7.57 7.56 7.61 7.75 8.02 8.21 8.04 7.55 7.27 7.42 8.07 8.98 9.56 9.39 8.54 7.61 7.21 7.39 7.72 7.88 7.98 8.07 8.11 8.10 8.02 7.94 7.95 8.32 9.04 9.04 7.97 6.82 6.40 6.62 7.14 7.73 8.49 9.27 9.53 9.19 8.71 8.47 8.46 8.38 8.27 8.24 8.32 8.47 8.64 8.79 8.88 8.81 8.64 8.56 8.51 8.33 8.07 7.85 7.77 7.92 8.28 8.74 9.16 9.15 8.76
8.37 8.17 7.89 7.78 7.79 7.83 7.99 8.35 8.79 8.82 8.53 8.16 7.92 7.84 7.87 7.86 7.79 7.80 7.98 8.24 8.43 8.52 8.59 8.61 8.32 7.73 7.25 7.17 7.60 8.52 9.28 9.48 9.10 8.46 7.95 7.74 7.76 7.78 7.72 7.77 7.81 7.78 7.72 7.61 7.44 7.65 8.43 8.81 8.13 6.91 6.12 5.86 6.07 6.59 7.35 8.31 9.04 9.16 8.83 8.53 8.41 8.36 8.33 8.33 8.34 8.39 8.51 8.76 8.99 9.04 8.83 8.58 8.47 8.36 8.16 8.01 7.94 7.94 8.09 8.49 8.87 8.80 8.35
8.33 8.06 7.68 7.58 7.67 7.75 7.81 7.97 8.25 8.36 8.22 7.89 7.55 7.35 7.34 7.50 7.77 8.01 8.13 8.17 8.16 8.20 8.41 8.70 8.72 8.29 7.52 7.05 7.19 8.00 8.86 9.19 8.93 8.49 8.30 8.26 8.18 7.95 7.88 7.59 7.41 7.15 7.00 6.93 6.81 7.01 7.80 8.53 8.28 7.18 6.06 5.32 5.05 5.36 6.13 7.16 8.16 8.67 8.65 8.47 8.36 8.33 8.28 8.13 7.97 7.99 8.22 8.57 8.93 9.16 9.15 8.88 8.58 8.32 8.03 7.85 7.70 7.54 7.58 8.08 8.61 8.55 7.99
8.40 8.13 7.74 7.59 7.61 7.65 7.58 7.43 7.31 7.33 7.42 7.37 7.09 6.81 6.81 7.22 7.60 7.74 7.54 7.23 7.16 7.44 7.92 8.42 8.76 8.77 8.25 7.46 7.14 7.56 8.50 9.05 8.90 8.42 8.18 8.17 8.13 7.92 7.56 7.30 6.94 6.66 6.69 6.83 6.85 6.94 7.46 8.24 8.36 7.68 6.78 6.00 5.39 5.14 5.41 6.25 7.34 8.04 8.20 8.18 8.22 8.28 8.34 8.42 8.40 8.41 8.48 8.60 8.74 8.88 9.02 8.97 8.67 8.23 7.86 7.57 7.35 7.25 7.43 8.03 8.63 8.61 7.95
8.68 8.61 8.32 7.92 7.63 7.47 7.30 7.03 6.75 6.68 7.23 7.10 7.02 6.75 6.74 6.91 7.00 6.96 6.74 6.52 6.62 7.08 7.67 8.17 8.56 8.84 8.78 8.22 7.61 7.54 8.24 9.01 9.05 8.46 7.82 7.50 7.46 7.40 7.21 6.93 6.74 6.87 7.33 7.79 7.99 7.95 8.05 8.44 8.59 8.23 7.61 7.01 6.51 6.07 5.89 6.16 6.92 7.75 8.11 8.17 8.19 8.23 8.36 8.62 8.73 8.68 8.56 8.58 8.65 8.63 8.66 8.74 8.58 8.20 7.82 7.46 7.23 7.17 7.43 8.08 8.75 8.83 8.15
8.71 8.75 8.57 8.02 7.52 7.23 7.05 6.82 6.59 6.58 6.80 7.03 7.05 6.82 6.51 6.27 6.20 6.32 6.44 6.53 6.79 7.20 7.64 8.06 8.37 8.57 8.68 8.54 8.08 7.77 8.09 8.88 9.17 8.59 7.63 7.09 7.00 7.10 7.11 7.04 7.19 7.72 8.29 8.69 8.98 9.15 9.25 9.31 9.17 8.73 8.08 7.41 6.95 6.72 6.55 6.51 6.90 7.69 8.19 8.26 8.13 8.08 8.09 8.13 8.10 8.04 8.04 8.27 8.62 8.76 8.68 8.63 8.46 8.19 7.89 7.54 7.16 6.83 6.84 7.49 8.56 9.05 8.64
8.34 8.22 7.87 7.50 7.16 6.98 6.90 6.77 6.59 6.48 6.98 6.57 6.80 6.74 6.38 6.09 6.16 6.47 6.89 7.37 7.75 7.95 7.97 7.93 7.89 7.94 8.09 8.18 8.02 7.79 7.96 8.71 9.29 9.08 8.23 7.56 7.39 7.44 7.49 7.58 7.84 8.18 8.42 8.65 9.02 9.48 9.94 10.23 10.13 9.58 8.86 8.11 7.46 7.04 6.86 6.79 6.95 7.50 8.04 8.16 7.95 7.82 7.68 7.51 7.45 7.54 7.75 8.12 8.59 8.91 8.91 8.68 8.43 8.16 7.96 7.84 7.62 7.17 6.75 6.98 8.10 9.02 9.04
8.15 7.65 7.05 6.86 6.76 6.76 6.82 6.78 6.58 7.12 6.14 6.26 6.66 6.99 7.05 7.04 7.28 7.70 8.17 8.55 8.76 8.72 8.45 8.05 7.63 7.48 7.56 7.66 7.64 7.55 7.69 8.34 9.20 9.48 9.06 8.48 8.15 7.96 7.83 7.78 7.80 7.85 8.06 8.40 8.86 9.40 10.02 10.66 11.03 10.80 10.11 9.34 8.57 7.86 7.38 7.11 6.98 7.15 7.66 7.99 7.82 7.66 7.50 7.36 7.37 7.62 7.89 8.15 8.41 8.65 8.69 8.57 8.37 8.15 7.97 7.98 8.16 8.23 7.91 7.63 8.04 8.75 8.96
8.62 8.01 7.24 7.07 7.02 6.94 6.88 6.84 6.70 7.19 6.37 6.56 7.02 7.58 8.04 8.36 8.71 8.96 9.01 8.92 8.74 8.60 8.59 8.42 7.88 7.50 7.43 7.50 7.51 7.46 7.50 7.92 8.80 9.40 9.28 8.77 8.29 7.95 7.74 7.58 7.47 7.56 7.87 8.26 8.72 9.20 9.71 10.37 11.08 11.30 10.86 10.02 9.16 8.46 7.96 7.60 7.24 7.01 7.29 7.74 7.81 7.71 7.63 7.61 7.67 7.84 7.94 7.96 8.00 8.05 8.15 8.22 8.21 8.20 8.12 7.93 7.93 8.34 8.69 8.68 8.62 8.74 8.77
9.15 8.76 8.23 8.13 8.04 7.68 7.20 6.97 6.91 6.83 6.80 7.00 7.43 8.00 8.49 8.79 8.92 8.87 8.66 8.30 7.86 7.67 8.05 8.32 8.03 7.65 7.59 7.74 7.84 7.83 7.78 7.94 8.54 9.20 9.24 8.63 7.95 7.60 7.53 7.54 7.58 7.75 8.03 8.27 8.49 8.70 8.96 9.41 10.14 10.78 10.75 10.10 9.36 8.79 8.37 8.06 7.74 7.44 7.34 7.61 7.86 7.88 7.87 7.91 7.95 7.91 7.81 7.75 7.73 7.80 7.95 8.09 8.14 8.21 8.38 8.29 7.96 7.81 8.15 8.67 9.02 9.24 9.36
9.27 9.06 8.77 8.64 8.55 8.29 7.75 7.23 7.04 7.03 7.06 7.19 7.48 7.88 8.21 8.28 8.14 7.97 7.79 7.44 7.02 6.91 7.35 7.90 7.93 7.73 7.76 7.98 8.17 8.29 8.40 8.58 8.92 9.41 9.64 9.21 8.38 7.74 7.56 7.73 8.02 8.34 8.50 8.43 8.25 8.07 8.04 8.35 9.07 10.02 10.44 10.13 9.61 9.12 8.67 8.37 8.14 7.95 7.76 7.78 7.92 8.01 8.06 8.13 8.08 7.85 7.66 7.65 7.79 7.95 8.12 8.26 8.30 8.25 8.31 8.48 8.49 8.18 7.93 8.18 8.91 9.67 10.20
9.17 9.06 8.80 8.54 8.42 8.51 8.39 7.86 7.37 7.23 7.20 7.15 7.16 7.29 7.45 7.57 7.57 7.43 7.24 7.06 6.90 6.95 7.37 7.83 7.94 7.77 7.75 7.94 8.16 8.36 8.65 9.03 9.42 9.85 10.21 10.10 9.38 8.46 7.85 7.87 8.20 8.50 8.53 8.32 8.00 7.70 7.56 7.74 8.40 9.42 10.16 10.18 9.82 9.37 8.93 8.62 8.40 8.25 8.09 7.97 7.98 8.05 8.12 8.17 8.13 7.89 7.63 7.63 7.87 8.13 8.32 8.40 8.45 8.42 8.26 8.22 8.48 8.77 8.77 8.69 8.99 9.58 10.06
9.11 9.18 9.16 8.92 8.69 8.68 8.82 8.71 8.22 7.73 7.41 7.09 6.77 6.67 6.89 7.23 7.41 7.41 7.40 7.52 7.70 7.85 8.01 8.18 8.18 7.92 7.73 7.82 8.05 8.23 8.41 8.71 9.21 9.81 10.38 10.64 10.37 9.59 8.61 8.10 8.07 8.14 8.19 8.14 7.92 7.70 7.60 7.73 8.19 9.01 9.82 10.19 10.11 9.74 9.30 8.93 8.61 8.37 8.16 8.01 7.93 7.91 7.93 8.01 8.11 8.08 7.91 7.90 8.07 8.32 8.51 8.53 8.45 8.40 8.37 8.33 8.38 8.74 9.25 9.46 9.40 9.26 9.17
9.04 9.34 9.73 9.66 9.28 8.85 8.84 9.01 8.86 8.25 7.63 7.14 6.71 6.50 6.66 7.00 7.26 7.51 7.84 8.22 8.49 8.55 8.54 8.56 8.51 8.24 7.91 7.84 7.98 8.16 8.24 8.30 8.57 9.24 10.08 10.75 11.05 10.83 9.98 8.88 8.26 7.99 8.02 8.03 7.88 7.74 7.74 7.92 8.29 8.87 9.55 10.13 10.40 10.21 9.75 9.26 8.82 8.45 8.15 8.03 7.93 8.11 7.75 7.83 8.06 8.24 8.28 8.37 8.52 8.67 8.81 8.83 8.63 8.36 8.31 8.52 8.74 8.97 9.44 9.90 9.90 9.44 8.81
8.72 9.00 9.49 9.73 9.58 9.04 8.68 8.66 8.69 8.34 7.77 7.31 6.97 6.72 6.61 6.67 7.00 7.51 8.03 8.37 8.51 8.56 8.62 8.71 8.73 8.51 8.07 7.80 7.79 7.96 8.16 8.24 8.37 8.80 9.53 10.27 10.88 11.20 10.99 10.11 8.96 8.14 7.70 7.56 7.53 7.56 7.73 7.97 8.32 8.79 9.34 9.95 10.43 10.48 10.14 9.61 9.09 8.62 8.24 8.12 8.08 8.00 7.88 7.85 8.08 8.39 8.56 8.71 8.90 9.06 9.18 9.26 9.14 8.81 8.50 8.55 9.02 9.57 10.02 10.35 10.53 10.28 9.48
8.27 8.22 8.27 8.61 8.90 8.78 8.37 8.16 8.30 8.33 8.11 7.89 7.71 7.43 7.04 6.77 6.89 7.29 7.64 7.88 8.11 8.34 8.57 8.76 8.83 8.65 8.15 7.65 7.48 7.57 7.79 8.10 8.34 8.56 8.84 9.27 9.78 10.32 10.60 10.32 9.30 8.14 7.30 7.03 7.15 7.33 7.55 7.80 8.17 8.65 9.11 9.62 10.12 10.41 10.32 9.93 9.40 8.84 8.37 8.21 8.23 8.24 8.14 8.04 8.13 8.42 8.66 8.83 9.05 9.31 9.60 9.87 9.94 9.79 9.49 9.29 9.44 9.84 10.16 10.41 10.86 11.14 10.72
8.07 7.70 7.07 6.86 7.11 7.42 7.53 7.66 8.07 8.53 8.73 8.79 8.75 8.46 7.89 7.32 7.02 6.97 7.03 7.23 7.63 8.07 8.43 8.73 8.87 8.83 8.42 7.73 7.22 7.08 7.14 7.37 7.67 7.90 8.01 8.20 8.52 8.90 9.19 9.18 8.73 7.95 7.26 6.98 7.09 7.29 7.46 7.71 8.13 8.57 8.93 9.29 9.71 10.11 10.28 10.12 9.70 9.16 8.63 8.40 8.39 8.43 8.38 8.27 8.22 8.37 8.62 8.88 9.14 9.47 9.91 10.41 10.81 11.03 11.07 10.88 10.51 10.18 9.97 10.07 10.73 11.61 11.96
8.24 7.66 6.60 6.04 5.92 6.15 6.57 7.03 7.63 8.34 8.84 8.98 8.90 8.66 8.24 7.70 7.23 6.98 6.99 7.22 7.54 7.86 8.19 8.57 8.86 9.01 8.87 8.27 7.44 6.91 6.70 6.66 6.76 6.98 7.22 7.40 7.57 7.81 8.01 8.10 8.04 7.79 7.47 7.32 7.46 7.70 7.93 8.21 8.46 8.66 8.89 9.15 9.47 9.86 10.14 10.18 10.00 9.68 9.34 9.09 8.88 8.71 8.57 8.47 8.46 8.51 8.64 8.88 9.22 9.61 10.11 10.67 11.27 11.72 11.94 11.80 11.29 10.57 9.94 9.86 10.52 11.66 12.61
8.75 8.10 6.93 6.34 6.19 6.28 6.52 6.74 7.03 7.53 8.09 8.33 8.25 8.10 7.96 7.72 7.43 7.26 7.33 7.57 7.79 7.99 8.18 8.46 8.77 9.03 9.15 8.96 8.37 7.52 6.95 6.65 6.57 6.63 6.80 6.93 6.98 7.16 7.42 7.63 7.74 7.74 7.72 7.84 8.07 8.36 8.66 8.78 8.76 8.77 8.90 9.09 9.37 9.70 9.99 10.14 10.16 10.09 9.96 9.75 9.34 8.89 8.60 8.53 8.66 8.78 8.76 8.86 9.19 9.69 10.19 10.58 10.93 11.20 11.32 11.24 10.93 10.40 9.82 9.64 10.05 11.03 12.17
9.44 8.93 8.13 7.78 7.68 7.56 7.31 7.03 6.88 6.97 7.25 7.56 7.65 7.64 7.64 7.63 7.55 7.48 7.54 7.74 7.96 8.20 8.34 8.50 8.67 8.87 9.08 9.19 9.06 8.52 7.70 7.11 6.79 6.60 6.60 6.71 6.76 6.88 7.15 7.45 7.67 7.84 8.03 8.26 8.48 8.67 8.76 8.68 8.59 8.64 8.77 8.89 9.11 9.41 9.70 9.86 9.93 9.88 9.71 9.38 8.99 8.67 8.45 8.42 8.57 8.78 8.82 8.80 8.98 9.40 9.78 9.91 9.87 9.79 9.74 9.76 9.83 9.74 9.42 9.14 9.17 9.75 10.82
9.74 9.57 9.32 9.25 9.28 9.12 8.50 7.93 7.52 7.22 7.02 7.03 7.22 7.41 7.54 7.64 7.67 7.66 7.73 7.93 8.14 8.34 8.44 8.53 8.58 8.65 8.80 8.99 9.10 8.93 8.36 7.64 7.11 6.75 6.63 6.76 6.92 7.02 7.16 7.41 7.76 8.16 8.50 8.67 8.70 8.62 8.48 8.29 8.22 8.36 8.51 8.56 8.66 8.96 9.31 9.44 9.39 9.26 9.00 8.61 8.40 8.32 8.26 8.26 8.34 8.52 8.64 8.66 8.69 8.81 8.91 8.79 8.59 8.45 8.42 8.57 8.92 9.16 9.01 8.66 8.54 8.82 9.55
9.47 9.55 9.55 9.44 9.51 9.71 9.67 9.20 8.55 7.87 7.31 7.05 7.12 7.37 7.62 7.81 7.92 7.98 8.04 8.10 8.15 8.20 8.24 8.34 8.40 8.41 8.46 8.60 8.74 8.75 8.51 8.00 7.52 7.17 7.02 7.09 7.25 7.32 7.38 7.64 8.15 8.64 8.89 8.89 8.70 8.48 8.30 8.12 8.07 8.19 8.32 8.35 8.33 8.65 9.03 9.15 8.93 8.63 8.34 8.08 7.96 7.99 8.03 8.04 8.06 8.18 8.32 8.44 8.54 8.55 8.42 8.15 8.01 8.03 8.13 8.36 8.79 9.13 9.04 8.63 8.48 8.63 9.03
9.08 9.20 9.25 8.98 8.76 8.91 9.37 9.45 9.03 8.33 7.75 7.45 7.42 7.57 7.81 8.06 8.24 8.30 8.25 8.08 7.87 7.77 7.87 8.09 8.24 8.25 8.18 8.13 8.26 8.43 8.42 8.17 7.89 7.67 7.56 7.61 7.76 7.82 7.87 8.17 8.55 8.73 8.67 8.50 8.34 8.24 8.20 8.14 8.10 8.16 8.29 8.32 8.37 8.58 8.91 9.08 8.84 8.28 7.81 7.58 7.51 7.60 7.72 7.76 7.80 7.95 8.11 8.25 8.39 8.49 8.48 8.35 8.25 8.28 8.35 8.54 8.98 9.43 9.52 9.15 8.78 8.72 8.96
8.87 8.98 9.14 9.00 8.49 7.97 8.01 8.39 8.57 8.38 8.01 7.77 7.70 7.77 7.91 8.12 8.30 8.31 8.12 7.81 7.52 7.41 7.54 7.88 8.17 8.30 8.25 8.12 8.19 8.40 8.49 8.34 8.12 7.99 7.97 8.10 8.38 8.54 8.53 8.49 8.39 8.20 8.05 7.96 7.95 8.03 8.16 8.21 8.16 8.18 8.26 8.34 8.36 8.50 8.82 9.16 9.21 8.82 8.23 7.78 7.50 7.39 7.44 7.55 7.69 7.89 8.05 8.14 8.14 8.17 8.36 8.54 8.52 8.45 8.42 8.52 8.97 9.59 9.94 9.74 9.18 8.84 8.93
8.79 8.87 8.95 8.86 8.46 7.66 7.11 7.13 7.54 7.82 7.82 7.75 7.74 7.78 7.82 7.88 7.93 7.84 7.56 7.25 7.04 6.99 7.18 7.60 8.08 8.47 8.63 8.57 8.58 8.69 8.74 8.53 8.26 8.14 8.15 8.32 8.64 8.85 8.70 8.26 7.81 7.63 7.70 7.83 7.92 7.97 8.06 8.19 8.23 8.19 8.22 8.22 8.15 8.27 8.71 9.23 9.63 9.69 9.31 8.83 8.28 7.66 7.41 7.47 7.64 7.84 8.02 8.10 8.08 8.07 8.25 8.55 8.67 8.70 8.74 8.86 9.12 9.54 9.95 9.92 9.37 8.92 8.86
8.72 8.78 8.56 7.94 7.40 6.91 6.55 6.48 6.75 7.12 7.38 7.53 7.64 7.70 7.70 7.63 7.50 7.36 7.19 7.03 6.96 7.03 7.25 7.58 7.94 8.40 8.75 8.78 8.70 8.72 8.82 8.70 8.43 8.27 8.23 8.31 8.48 8.61 8.49 8.08 7.62 7.44 7.63 7.91 8.03 7.97 7.89 7.96 8.12 8.18 8.14 8.04 7.99 8.17 8.62 9.16 9.69 10.04 10.07 9.84 9.32 8.41 7.68 7.50 7.61 7.81 8.01 8.18 8.34 8.51 8.64 8.74 8.92 9.17 9.42 9.49 9.41 9.40 9.70 9.90 9.52 9.02 8.83
8.49 8.69 8.63 7.62 6.55 6.22 6.23 6.32 6.57 6.96 7.29 7.47 7.56 7.62 7.67 7.63 7.56 7.61 7.79 7.89 7.88 7.88 7.90 7.83 7.78 7.95 8.31 8.45 8.23 8.12 8.42 8.62 8.53 8.37 8.30 8.33 8.42 8.58 8.65 8.50 8.03 7.60 7.56 7.79 7.95 7.90 7.76 7.71 7.83 7.92 7.90 7.91 7.97 8.17 8.53 8.99 9.49 9.89 10.14 10.18 9.99 9.34 8.39 7.88 7.82 7.90 8.01 8.19 8.43 8.61 8.69 8.75 8.98 9.31 9.57 9.56 9.30 9.02 9.20 9.68 9.69 9.16 8.72
