project/data/elevation/US_DEM2016/US_DEM2016_point_10-30-2019_0528_30m_ang.asc
ncols	125
nrows	167
xllcorner	-2042055.000000
yllcorner	1465035.000000
cellsize	30.000000
NODATA_value	-9999.000000
[rows 58 to 115 of 167, columns 0 to 95 of 125]
353 355 360 4 8 9 8 7 7 6 4 6 11 13 13 13 11 10 8 6 4 3 3 3 3 3 3 2 359 358 358 359 360 1 1 0 1 4 6 6 6 4 359 355 352 354 357 359 360 360 7 18 23 24 21 16 13 13 13 12 11 11 11 13 16 18 19 17 12 7 5 7 12 16 13 6 1 356 352 348 346 347 350 355 358 360 360 358 356 357 357 357 355 352 352 357
349 352 359 4 8 10 11 11 11 9 16 3 6 9 7 7 6 5 4 4 3 2 1 0 2 3 4 2 1 0 1 0 2 3 3 360 360 1 3 4 5 4 3 1 358 356 358 360 358 355 0 13 22 23 19 14 13 13 12 9 7 6 6 9 14 18 18 13 8 6 6 11 15 14 7 1 356 352 349 347 348 351 355 358 1 1 1 358 355 354 354 353 351 351 355 6
347 351 359 3 6 10 14 16 17 13 6 1 2 2 2 3 3 3 2 2 2 0 359 359 1 4 3 2 2 4 4 3 2 1 360 358 359 359 0 2 4 6 8 8 6 1 359 359 355 352 354 3 14 16 13 11 11 11 10 8 5 2 1 5 12 17 17 13 8 7 9 11 11 6 2 358 355 353 352 352 354 357 360 1 349 2 1 357 353 352 351 350 349 352 2 10
347 351 360 4 6 10 15 20 23 19 11 3 1 0 360 1 3 5 6 4 1 358 357 360 3 3 1 360 2 4 6 7 4 1 357 355 356 358 360 2 5 9 13 13 11 5 1 357 354 353 353 358 5 8 6 6 7 8 8 5 1 358 357 1 9 16 17 14 10 8 9 8 4 2 360 358 357 356 357 359 1 3 4 4 4 4 2 356 351 349 349 347 348 354 4 6
348 352 0 5 7 10 16 23 27 25 18 11 8 5 3 2 7 15 17 11 1 356 357 1 4 1 358 357 358 1 5 7 7 5 360 356 355 358 1 4 7 10 13 13 10 6 2 359 356 355 355 358 2 5 3 2 4 5 3 0 357 355 356 0 8 15 16 15 12 10 8 5 3 1 1 1 0 1 4 6 8 9 9 0 7 6 3 356 349 347 346 345 348 355 359 359
354 356 0 4 7 11 16 24 28 27 23 21 20 16 11 6 19 16 18 13 5 358 356 357 358 356 354 354 355 356 359 4 7 8 5 1 358 0 4 7 8 9 9 9 8 6 4 2 360 358 358 1 4 5 2 0 1 1 358 355 354 356 359 4 10 13 15 15 14 12 9 6 4 4 5 5 6 7 10 12 14 14 14 13 355 346 4 356 348 344 344 344 348 352 352 353
358 359 1 4 7 11 17 24 26 26 25 25 23 20 16 8 10 4 9 11 11 6 358 352 349 349 351 353 354 355 355 357 3 8 9 6 4 4 6 7 7 5 5 6 8 7 6 5 4 3 3 3 5 5 1 359 359 356 353 352 354 358 4 8 11 11 13 15 15 13 11 8 6 6 8 11 12 11 14 18 21 20 20 19 16 345 3 354 347 343 342 343 347 349 347 347
359 0 3 5 7 12 18 22 23 23 23 22 21 20 18 11 1 356 0 7 11 10 4 353 346 345 349 352 356 357 355 353 357 4 7 5 4 5 5 4 3 2 3 6 8 7 6 6 7 8 7 5 4 3 0 358 356 353 351 353 358 3 8 10 11 11 13 15 16 14 13 12 11 9 11 16 19 18 19 24 29 29 28 26 21 10 359 351 346 343 341 341 345 346 344 343
359 0 4 6 9 14 18 18 17 17 17 18 19 20 19 15 6 356 354 1 7 9 6 358 349 345 347 352 358 0 359 356 355 357 359 359 360 1 2 2 2 2 4 7 8 6 5 6 9 11 10 8 5 2 359 356 354 351 351 357 3 7 10 12 12 12 13 15 15 15 15 15 16 15 15 21 27 29 29 34 40 42 40 33 21 4 351 346 344 343 342 343 345 347 345 343
357 360 5 8 11 15 16 13 20 11 13 14 17 19 19 17 11 1 353 355 1 5 5 1 353 347 348 352 359 2 3 1 358 356 355 354 355 358 0 2 3 3 6 9 10 6 5 6 8 10 11 10 7 0 356 353 352 351 354 2 7 9 12 12 11 11 14 17 17 17 18 18 20 22 23 28 37 42 35 45 51 15 41 28 11 354 344 341 341 341 342 345 348 351 350 347
356 359 6 10 13 16 14 10 7 7 8 11 14 16 17 17 14 7 357 352 355 360 3 1 356 351 350 354 359 2 4 3 2 359 356 353 353 357 0 2 3 5 9 12 12 8 5 6 7 8 10 10 6 359 352 349 351 355 2 7 9 11 11 10 10 13 19 24 22 22 23 23 25 29 33 37 45 48 49 46 45 39 27 14 360 348 342 340 338 338 340 345 351 355 356 353
355 359 7 12 15 17 15 11 9 7 7 7 10 12 13 14 14 11 3 355 353 355 358 359 357 354 354 356 358 1 2 4 4 3 360 355 353 356 0 1 3 6 11 15 14 9 7 7 8 8 6 5 2 353 351 348 353 2 9 11 11 12 10 9 12 20 28 32 31 29 31 30 31 37 43 45 46 48 42 35 28 20 11 3 354 347 343 340 337 337 341 347 352 357 360 358
356 360 8 13 16 17 15 15 15 13 9 5 4 6 8 10 12 12 8 360 355 354 354 356 357 358 359 0 0 360 359 360 2 3 2 357 354 355 358 360 2 7 12 15 15 12 10 10 9 6 1 358 357 355 353 352 1 11 14 14 16 14 12 12 16 23 29 31 30 27 25 25 27 35 41 41 37 33 27 21 15 8 2 356 351 347 346 344 342 342 345 351 355 359 3 4
357 0 8 13 17 17 15 16 18 18 14 7 359 359 2 6 9 11 9 3 357 355 354 355 358 2 4 5 4 1 358 356 357 359 360 357 353 353 356 359 3 8 14 17 17 16 13 9 5 1 358 357 358 357 359 359 6 11 13 15 16 14 12 11 12 14 19 23 24 21 19 20 24 28 31 29 24 20 15 10 5 0 356 352 349 350 351 352 351 351 353 356 359 2 7 10
358 1 8 14 17 15 14 14 16 17 15 10 2 357 358 1 4 7 7 4 358 355 354 356 359 5 8 8 7 4 0 357 356 357 357 355 352 352 355 359 4 10 15 18 19 16 10 4 1 359 360 1 2 1 359 360 4 8 10 11 12 10 8 6 4 7 14 20 23 22 22 24 26 26 23 19 15 10 5 360 356 355 354 352 351 352 355 359 1 1 1 2 3 6 11 14
359 2 8 13 15 14 12 11 12 12 12 9 5 1 358 358 358 1 3 2 359 356 356 358 2 6 9 10 9 6 3 1 359 359 358 356 352 352 355 1 6 10 14 17 16 12 7 3 2 1 3 5 6 3 359 358 1 4 7 8 8 6 4 3 3 7 15 23 27 29 30 30 28 22 16 11 7 2 356 352 351 353 354 355 356 358 1 5 8 9 9 8 8 11 14 14
359 2 8 12 13 12 11 9 7 6 6 6 5 4 1 357 355 354 357 360 360 358 359 2 5 6 8 11 11 10 7 4 2 1 0 357 353 352 356 1 4 7 11 15 15 12 7 5 5 4 5 7 8 5 360 358 359 1 3 5 5 3 2 4 8 15 22 29 34 36 34 29 23 16 8 3 359 354 350 348 349 352 355 358 3 6 5 6 11 14 15 13 12 14 15 14
359 2 7 11 11 11 10 5 1 359 1 3 4 4 1 357 352 351 353 357 0 1 3 7 9 7 6 10 13 13 10 7 4 3 2 358 353 353 356 360 3 6 10 14 16 15 9 6 6 5 4 4 6 5 0 357 358 359 1 2 2 2 5 12 20 26 28 31 34 35 31 24 17 9 1 356 353 350 349 349 351 352 354 359 7 12 11 8 9 15 18 16 15 15 15 13
357 1 7 9 9 8 5 0 357 357 359 2 3 1 358 354 351 350 352 356 0 4 7 10 12 9 6 7 12 14 13 10 7 4 1 357 354 354 357 1 4 6 9 14 18 17 12 8 5 5 3 2 3 2 358 356 357 358 360 1 1 5 13 23 28 28 26 26 28 28 23 16 8 2 357 353 351 351 353 355 356 354 352 353 2 11 13 12 10 13 16 16 15 15 14 12
353 359 7 9 6 3 1 360 359 0 2 3 1 358 354 351 350 350 353 356 1 5 9 12 14 12 8 5 8 13 14 13 10 6 2 360 358 357 359 2 3 4 8 15 20 20 15 10 7 5 4 3 1 358 354 353 356 358 359 0 4 11 20 24 24 21 19 19 18 16 13 7 1 358 356 354 353 354 359 3 4 2 357 352 353 1 9 13 14 14 14 13 13 13 13 11
349 357 9 9 4 360 1 3 8 5 4 1 358 354 351 349 350 352 354 358 2 6 10 14 16 15 11 4 5 10 13 14 12 9 6 4 3 2 1 2 3 5 10 18 24 25 20 13 8 5 2 360 357 353 350 350 354 356 358 2 9 17 19 18 16 14 13 10 8 8 6 2 359 358 358 358 357 359 3 8 10 9 6 1 356 355 1 9 14 16 14 11 10 11 11 9
347 356 9 9 3 0 2 5 6 4 1 358 354 351 350 350 351 354 357 360 3 8 12 15 19 19 14 5 2 6 11 14 14 12 10 9 8 6 4 5 8 10 14 21 27 28 23 14 6 0 357 354 353 351 349 349 352 357 1 8 16 18 15 11 9 7 5 3 3 3 3 1 358 358 0 3 4 4 5 8 11 12 12 8 3 360 359 4 10 13 11 9 8 9 8 6
350 357 6 6 3 1 2 3 3 1 358 354 351 350 350 352 354 356 359 2 6 10 13 17 22 23 19 9 1 3 7 10 13 14 14 13 9 9 7 9 11 12 14 18 23 25 20 9 0 356 353 352 352 352 351 350 354 1 7 12 15 14 10 5 2 359 357 359 1 3 2 1 360 359 2 6 8 8 6 5 8 12 15 14 10 6 3 3 6 7 7 6 5 5 4 1
357 359 1 1 1 1 0 0 359 357 354 351 349 349 352 355 357 359 1 4 8 11 15 19 24 26 25 16 5 2 2 1 6 12 15 14 11 8 7 8 9 9 10 13 18 20 17 8 359 355 354 353 353 353 352 351 1 1 6 9 10 8 5 360 356 353 354 359 3 4 3 3 1 359 1 6 9 10 8 5 3 7 14 17 16 12 7 5 4 3 4 3 2 1 359 357
2 360 358 358 359 359 359 358 356 353 351 349 349 351 354 358 1 3 5 7 10 13 17 20 24 28 28 23 12 5 359 352 352 360 10 10 7 5 5 5 5 6 7 10 15 17 16 10 3 358 355 353 352 352 353 352 359 358 2 5 6 4 1 356 352 352 356 1 4 4 4 5 3 0 0 4 8 10 10 9 4 2 10 18 19 17 12 7 4 1 1 1 359 356 355 356
1 360 358 358 358 357 357 355 353 350 348 348 350 353 357 0 5 8 9 10 12 16 19 22 25 28 28 24 16 8 1 355 349 351 358 3 3 2 1 1 2 5 7 10 14 17 16 12 6 360 356 354 353 353 354 353 359 356 358 2 3 2 359 355 352 353 358 1 2 4 6 8 7 2 359 1 6 9 11 12 9 3 4 14 20 20 16 11 4 1 1 0 357 354 356 1
359 359 359 358 357 355 354 352 350 348 347 349 352 356 359 3 8 13 15 14 16 19 21 21 22 23 23 20 14 8 4 0 356 353 354 358 359 359 358 358 1 5 8 10 13 15 15 12 7 2 358 356 355 355 355 353 351 352 355 358 359 359 358 356 354 354 356 358 1 5 9 13 12 4 357 356 1 7 10 12 13 9 3 8 17 20 19 15 8 3 3 2 360 358 3 11
357 357 357 357 355 354 352 350 349 347 348 350 354 358 2 6 12 19 22 20 19 18 17 16 16 16 16 15 11 8 7 6 3 358 354 353 354 355 356 360 4 7 8 9 11 13 13 10 7 5 2 0 359 357 355 353 350 350 353 355 357 358 359 358 357 355 353 355 360 6 12 17 16 9 360 355 355 360 5 10 13 11 5 2 11 18 20 17 13 9 7 6 6 6 9 14
356 356 355 354 353 352 351 350 348 347 349 352 356 1 5 12 20 26 27 22 17 13 11 10 10 10 11 12 10 8 9 9 8 3 357 352 350 352 358 4 6 6 6 8 10 10 10 9 8 8 7 5 3 1 357 353 359 349 354 354 356 359 359 359 359 356 353 354 359 5 12 17 17 13 6 2 359 359 360 354 6 9 6 359 3 13 17 18 16 13 10 10 10 9 9 11
355 354 352 351 351 352 352 351 348 347 350 354 359 4 10 18 26 27 23 18 13 9 6 6 6 7 9 11 11 9 7 9 10 8 1 354 348 352 0 6 7 7 8 9 9 9 9 10 9 9 9 8 7 5 1 355 350 349 351 354 357 359 359 359 0 358 354 354 359 4 9 13 15 14 11 8 6 5 3 0 0 4 3 357 357 4 12 15 15 12 11 12 11 9 9 8
353 353 352 350 351 352 352 350 349 349 352 357 3 10 17 21 21 18 16 14 11 7 4 2 3 5 9 12 12 8 5 5 9 10 7 1 356 355 1 7 8 9 10 10 9 10 10 11 10 9 8 8 7 6 2 357 353 350 352 354 356 357 359 360 1 360 356 355 358 2 5 9 12 13 13 12 10 9 7 5 4 3 2 0 359 2 6 8 8 8 10 11 11 9 8 6
352 352 352 351 352 352 350 349 349 352 355 1 8 17 20 17 13 12 13 12 10 7 3 2 4 7 9 11 10 8 4 2 5 10 11 8 2 360 2 7 9 9 9 9 10 12 13 13 10 7 4 2 1 359 357 355 353 350 350 353 354 357 359 1 2 1 357 355 356 0 4 7 9 10 11 12 12 11 11 10 8 6 4 4 4 5 3 2 2 5 8 9 8 7 5 1
351 351 351 351 351 350 348 348 351 356 2 9 19 25 23 15 12 12 11 10 9 7 5 5 8 10 10 9 8 6 4 2 1 7 12 11 7 3 4 6 7 8 8 9 11 13 14 14 10 4 360 357 354 353 353 353 352 349 349 351 354 357 1 3 2 1 358 355 354 358 4 7 8 7 7 10 12 13 13 13 12 10 8 8 9 8 5 2 2 5 7 5 4 3 0 358
351 350 350 350 349 348 348 350 355 3 12 21 28 29 25 20 16 12 9 7 6 7 8 10 11 11 10 8 6 4 2 359 357 360 8 12 10 6 5 6 6 7 7 8 10 12 13 12 8 4 360 355 353 354 355 356 354 350 349 351 355 359 3 4 4 2 358 353 352 357 4 9 10 6 2 4 9 13 14 14 14 13 11 11 12 11 9 7 7 8 7 2 359 358 358 359
351 350 348 347 346 346 349 355 3 13 22 27 27 26 24 21 16 11 7 5 4 6 9 10 10 10 10 9 6 2 359 356 353 353 1 10 12 9 6 5 5 5 5 5 7 10 12 11 8 5 2 358 356 357 358 359 356 352 351 353 357 1 4 5 5 2 358 353 351 356 4 11 13 8 0 358 5 11 13 13 14 15 15 14 14 14 13 13 12 10 7 2 357 356 359 5
351 349 347 345 345 347 352 1 12 21 25 24 22 21 19 17 13 9 5 2 2 4 6 7 7 8 8 7 5 2 0 358 356 355 359 8 10 8 5 3 3 3 2 2 4 8 12 12 9 5 4 3 2 0 359 359 358 355 355 357 1 3 4 5 4 2 358 355 354 356 4 12 16 13 6 359 0 8 11 9 11 16 17 16 15 15 15 15 14 11 8 3 358 358 2 7
351 350 347 344 346 350 359 10 20 25 23 19 17 16 14 12 9 6 3 1 0 2 4 6 7 7 5 4 4 4 3 1 0 360 2 6 6 4 2 1 1 0 0 1 4 8 11 12 9 6 5 6 6 4 2 1 1 359 358 0 3 4 3 3 3 2 360 358 356 357 2 12 18 20 16 8 2 6 9 4 4 12 18 16 13 12 11 11 10 9 7 4 360 359 2 2
351 351 349 348 351 359 7 15 21 20 16 13 12 10 8 6 4 2 0 0 1 3 6 8 9 6 3 2 4 6 6 4 2 1 3 4 1 359 359 359 359 359 0 2 5 8 10 11 10 8 7 7 7 7 6 6 5 2 360 1 3 3 2 2 3 3 1 358 356 355 1 11 20 26 24 18 10 8 8 1 357 2 11 11 6 3 4 5 6 6 6 3 0 359 360 360
351 352 352 354 358 4 9 13 15 13 10 8 6 5 2 0 359 359 359 1 4 8 9 9 8 7 4 3 4 6 5 3 360 359 360 359 357 356 356 357 359 1 3 5 7 8 10 11 10 9 9 9 9 9 10 10 9 5 1 1 2 2 0 0 3 5 4 359 354 353 358 10 22 28 27 21 14 10 8 3 358 357 0 360 356 356 360 2 3 4 3 1 359 359 0 360
352 353 355 357 360 4 8 10 10 9 6 3 1 360 358 357 357 359 2 6 11 14 12 8 6 6 5 5 4 4 4 3 0 358 357 356 354 354 355 357 360 3 6 8 9 10 11 11 10 9 9 9 9 10 11 12 10 6 2 2 2 1 359 360 3 7 6 0 354 351 355 8 21 26 26 21 15 10 6 1 358 357 355 353 352 355 359 2 2 2 2 360 358 358 359 358
353 355 357 358 359 3 5 6 5 5 4 1 358 356 356 357 359 3 8 13 17 17 12 6 3 2 3 4 4 4 5 6 5 2 358 355 352 352 355 359 3 7 9 9 9 10 10 11 11 11 9 6 5 6 7 8 8 5 3 2 2 1 0 1 4 7 6 1 355 350 353 3 14 21 22 20 16 10 4 1 359 357 355 353 354 357 1 1 0 1 1 359 357 356 356 356
356 357 357 355 356 359 1 1 2 2 2 359 356 354 355 358 3 9 15 17 17 13 9 5 1 359 1 2 4 5 7 9 9 6 1 356 352 351 356 2 7 8 8 8 8 9 10 11 12 12 10 6 2 360 1 3 5 3 2 2 1 1 2 3 5 7 6 2 355 350 351 357 6 13 18 18 15 10 5 3 2 0 358 358 359 1 1 0 359 1 1 0 357 355 355 356
358 358 357 353 352 353 355 357 359 0 0 359 357 356 358 3 9 16 20 18 13 9 6 3 360 359 0 2 4 6 9 11 11 9 5 359 354 353 358 3 5 5 5 6 7 8 9 11 12 12 11 9 5 0 359 1 2 1 0 1 2 2 2 4 6 7 7 3 356 352 351 353 359 7 14 16 14 10 8 7 6 4 3 4 4 3 0 359 359 1 2 1 359 357 357 356
360 359 357 352 348 348 350 354 357 358 358 358 359 360 3 9 16 22 21 15 9 6 4 3 1 1 2 4 4 5 7 8 10 10 7 2 357 355 357 0 1 2 4 6 7 8 10 11 11 11 12 12 10 5 2 2 1 358 357 360 1 1 2 4 6 8 7 4 359 355 352 351 356 3 10 13 13 11 12 12 11 9 9 9 7 2 359 358 359 1 3 2 1 0 359 356
1 360 357 353 350 345 347 351 354 356 357 359 1 5 10 15 19 18 14 10 7 5 4 3 4 5 6 7 6 4 3 4 6 7 6 3 358 354 354 356 358 1 3 5 7 9 11 12 12 11 12 13 12 11 6 2 359 354 354 357 359 0 2 4 7 8 8 6 1 357 352 350 353 360 7 11 13 13 13 14 13 13 12 11 7 2 359 359 1 2 3 2 1 2 360 357
1 359 357 355 351 350 349 351 353 354 356 1 7 13 18 17 13 9 7 6 5 4 4 4 6 9 10 10 8 4 0 359 359 0 360 358 354 350 351 355 358 1 4 5 7 10 13 15 14 13 12 12 12 13 9 3 357 352 351 353 356 358 1 4 7 10 11 9 4 358 352 349 350 357 4 11 15 15 13 12 13 13 12 11 8 5 3 3 4 4 3 1 1 1 359 357
357 357 358 358 356 353 351 351 353 354 359 8 17 25 25 14 3 0 1 2 3 3 4 4 6 10 13 12 8 4 1 358 357 356 355 354 351 349 350 355 359 3 4 5 6 10 15 18 18 16 13 11 11 12 8 1 354 349 347 349 352 356 0 4 8 10 12 11 7 0 353 348 347 353 2 10 16 18 14 10 10 11 11 11 10 10 8 7 7 6 3 1 0 360 358 358
352 355 359 0 360 357 354 353 356 1 10 20 26 27 22 9 357 353 355 357 360 2 3 3 5 9 12 11 8 5 3 1 360 359 357 355 353 351 351 356 1 3 3 3 5 10 15 19 19 17 16 16 13 7 0 354 350 347 345 346 349 355 0 4 6 9 12 13 10 4 356 350 348 350 358 9 17 20 17 12 9 9 9 9 10 11 11 10 9 6 2 1 360 359 358 359
350 354 359 1 2 0 360 359 3 10 17 21 20 16 10 4 359 355 354 355 357 359 360 1 3 6 9 9 8 7 6 5 4 3 1 359 357 354 352 356 1 2 2 2 4 9 15 19 20 21 21 20 13 2 354 350 348 345 343 343 347 353 359 2 4 7 10 13 13 8 0 354 351 350 356 7 16 20 20 16 12 10 7 4 4 7 8 8 7 5 1 359 358 358 358 1
353 355 359 1 2 2 3 5 8 11 12 12 9 5 2 1 1 1 360 359 358 357 356 359 2 5 7 8 8 8 8 8 8 7 5 3 0 357 355 356 359 0 1 3 6 9 13 18 21 23 22 18 10 1 355 351 347 344 341 342 346 351 356 0 3 6 9 13 14 11 5 358 355 354 357 4 14 19 21 18 13 9 7 4 2 2 4 5 5 3 359 357 356 357 359 3
357 357 358 0 1 2 4 6 7 7 5 3 1 359 358 358 1 3 3 1 360 357 357 359 3 5 7 8 8 8 10 11 10 9 7 6 4 1 357 356 357 359 2 6 8 8 10 14 18 20 19 15 9 3 358 354 348 343 341 341 345 349 354 359 3 6 9 12 14 13 9 3 0 359 359 3 11 18 20 18 13 9 8 7 5 3 2 3 3 1 359 357 357 358 1 5
358 358 358 359 359 360 2 3 3 1 359 357 355 355 357 359 1 2 2 2 0 359 360 2 5 7 8 9 9 9 10 11 10 8 6 5 5 3 360 357 358 1 5 8 8 6 7 9 13 16 15 13 10 7 2 357 351 346 344 343 344 348 353 358 3 7 9 10 12 13 11 7 4 2 1 3 9 16 20 18 13 9 8 8 7 5 3 2 2 0 358 357 358 0 2 4
357 357 359 359 357 358 359 359 358 356 354 353 353 355 358 1 1 1 1 2 1 1 2 5 8 8 9 10 11 11 10 9 8 6 5 4 5 4 1 360 2 4 6 6 4 4 4 5 9 11 12 12 12 10 6 1 356 351 349 346 345 348 352 357 3 8 10 9 10 11 11 9 7 4 2 3 8 15 19 18 14 10 7 8 8 6 4 3 2 1 358 357 358 1 3 5
354 356 359 358 356 356 356 355 352 352 352 353 354 356 0 3 3 2 2 2 1 1 2 6 9 10 10 10 12 11 10 8 7 7 6 5 5 4 3 2 4 5 4 2 1 2 2 3 6 8 10 12 12 11 9 5 2 358 355 351 348 348 352 357 4 9 9 9 9 9 10 10 8 5 3 3 7 13 18 19 15 10 8 7 8 7 5 4 3 2 0 358 357 0 3 5
353 356 358 356 354 353 353 351 350 350 352 354 357 360 3 6 6 4 2 2 2 360 360 4 8 10 11 12 12 11 10 8 7 8 8 8 6 4 3 2 3 3 2 0 359 1 3 3 5 8 10 11 12 12 11 9 7 4 0 356 352 350 353 358 4 7 8 8 8 8 9 10 9 7 4 4 7 12 17 19 16 11 8 7 8 8 7 5 4 4 3 360 359 0 3 4
355 355 356 354 351 349 349 349 350 352 354 357 360 4 8 10 7 4 1 1 0 359 358 2 5 8 11 13 13 12 11 10 7 7 8 8 7 5 1 1 1 2 1 359 358 0 4 5 5 8 10 12 13 13 12 11 10 7 4 360 356 353 355 359 3 5 7 7 8 9 10 10 9 7 5 5 8 12 17 19 17 13 10 8 7 8 7 5 4 4 3 1 0 2 3 4
356 356 355 353 349 346 346 349 352 356 358 1 5 9 11 9 4 0 359 359 359 360 360 359 1 5 10 13 14 13 13 12 9 6 5 6 6 3 0 359 360 0 0 360 359 1 4 5 5 8 11 13 14 14 13 11 9 7 3 1 358 355 356 359 2 3 5 8 10 10 10 10 9 7 5 6 9 12 16 19 19 16 12 8 6 5 4 3 4 4 3 1 1 2 3 4
357 356 355 353 350 346 346 351 357 2 4 7 8 9 6 2 358 356 356 357 360 3 3 357 356 1 9 14 15 13 13 13 12 9 5 3 1 360 358 358 358 359 360 1 3 4 4 4 4 5 9 12 14 16 15 11 7 3 360 359 358 355 355 358 1 3 6 9 11 11 10 10 9 8 6 6 9 12 15 20 21 18 13 8 3 360 359 1 3 3 2 0 0 2 3 4
