project/data/elevation/US_DEM2016/US_DEM2016_point_10-28-2019_1654_30m_ang.asc
ncols	125
nrows	167
xllcorner	-2042055.000000
yllcorner	1465035.000000
cellsize	30.000000
NODATA_value	-9999.000000
[rows 86 to 128 of 167, columns 0 to 95 of 125]
344 347 351 349 344 340 337 334 331 328 327 328 329 331 334 338 342 345 344 342 341 341 340 339 337 336 335 336 340 344 347 348 348 347 346 347 347 347 347 349 348 345 342 340 336 331 329 332 339 345 348 350 351 352 352 351 347 344 343 342 341 339 335 329 327 329 334 337 337 336 334 332 332 334 333 329 322 317 315 317 322 330 334 332 335 347 360 7 8 6 3 2 3 1 358 357
343 346 349 345 341 338 336 332 329 327 327 329 330 333 337 344 349 348 344 342 340 338 337 336 335 333 333 334 337 341 344 348 351 351 349 348 347 347 350 351 348 344 342 339 333 326 324 327 336 343 348 351 353 355 355 353 348 345 343 342 341 338 333 329 326 328 334 338 338 336 334 332 335 340 343 342 338 332 327 325 325 327 328 327 329 338 352 2 5 4 2 4 5 2 358 356
342 345 347 343 340 337 334 331 328 327 328 331 333 337 343 350 351 347 345 343 340 337 335 333 332 331 331 332 335 337 340 345 349 352 353 353 351 351 353 352 349 345 342 338 331 322 319 321 329 336 341 346 349 352 354 353 350 347 344 343 341 338 333 328 326 327 334 340 340 337 333 331 333 340 347 350 349 346 342 340 339 338 336 335 336 341 348 354 357 358 0 4 5 2 358 353
341 344 346 344 341 338 334 330 329 329 330 333 336 342 348 349 346 344 344 344 341 337 334 332 330 328 328 329 332 336 339 341 346 351 356 358 358 357 355 353 350 346 344 339 330 321 317 318 324 328 331 335 339 342 346 350 350 347 345 343 341 338 333 327 324 325 333 340 340 336 332 328 329 337 346 351 351 350 349 350 349 346 344 345 347 350 350 350 352 355 359 2 3 0 355 348
340 343 345 344 341 337 333 330 329 330 332 336 340 344 346 342 339 338 339 340 339 337 334 332 330 326 324 324 328 332 336 339 342 348 355 1 3 1 358 354 349 346 345 340 332 324 321 323 328 330 332 334 337 340 344 348 350 347 344 342 340 338 334 327 322 323 331 339 339 335 330 324 324 329 339 346 348 349 351 353 353 350 349 351 355 357 354 352 353 356 358 359 359 356 350 345
340 341 344 343 340 335 331 329 329 332 336 341 346 345 340 334 331 330 331 333 333 333 333 333 331 327 323 321 322 325 329 333 337 342 352 1 7 5 359 353 348 346 345 341 335 330 327 329 334 337 338 338 340 343 347 351 351 347 343 341 340 339 334 325 320 321 328 337 337 334 328 322 319 322 331 337 340 343 347 351 352 351 351 354 358 359 358 357 357 358 358 356 353 350 346 343
338 340 342 341 337 333 330 330 331 336 342 348 350 347 341 333 328 326 326 326 326 327 330 333 333 329 325 322 322 324 327 331 334 338 347 1 9 7 359 352 347 346 344 340 336 333 331 333 337 340 342 342 343 345 349 353 353 349 345 343 342 340 334 324 319 320 327 335 338 335 328 321 318 320 327 330 331 333 339 344 346 347 349 353 357 359 0 1 2 360 357 354 350 346 344 344
337 338 340 338 334 332 331 332 335 341 348 351 350 347 343 338 334 331 329 328 328 329 332 334 334 331 328 328 330 332 334 336 338 342 349 1 8 5 358 351 347 345 342 339 336 334 332 334 337 340 343 345 347 348 349 352 354 352 349 347 345 341 334 324 319 321 327 336 340 338 330 322 319 320 325 325 321 321 326 331 333 338 343 348 351 355 358 0 1 359 356 353 349 346 346 347
336 337 338 336 333 331 331 333 338 344 349 350 349 346 343 341 339 337 336 335 335 336 337 338 335 331 328 329 333 336 339 340 342 347 354 2 4 0 355 349 346 343 340 337 335 333 332 333 336 340 343 347 351 352 353 354 357 356 354 351 349 344 336 326 321 322 328 337 343 340 333 326 322 323 325 320 312 308 310 313 316 321 331 339 344 348 351 353 355 355 355 353 350 349 347 345
335 336 337 336 334 333 334 337 340 343 346 348 347 344 342 340 340 339 338 338 339 340 342 341 337 330 326 326 330 334 336 338 340 347 355 0 359 356 351 347 344 341 339 336 334 331 329 330 334 340 345 348 352 354 357 360 1 359 356 353 350 344 336 328 323 323 328 337 343 341 336 331 329 329 329 323 316 311 307 307 309 311 319 329 336 342 346 348 350 352 353 352 350 349 346 342
335 336 338 340 340 341 342 343 344 343 344 345 344 342 340 339 338 338 338 339 341 343 344 342 337 330 326 326 329 331 332 333 337 344 352 356 355 352 348 345 343 341 339 336 333 329 326 326 330 338 344 348 351 355 359 4 4 1 357 353 349 343 335 329 325 325 329 336 341 340 337 336 338 340 338 332 327 324 318 315 317 318 320 325 332 339 346 348 348 350 351 350 349 348 346 341
335 337 341 343 345 347 348 348 347 345 344 343 342 340 338 337 337 337 338 341 343 345 343 339 335 330 329 331 334 336 337 338 340 345 350 353 352 349 346 344 342 342 340 337 332 327 323 322 325 333 339 342 347 353 359 4 5 2 357 353 347 340 333 328 325 326 330 336 339 338 337 340 345 347 346 340 336 333 327 325 328 329 328 329 333 342 348 348 348 349 350 349 348 348 345 340
335 338 342 345 348 349 350 349 347 346 344 342 339 337 336 336 336 338 341 345 347 345 340 336 332 328 330 335 339 341 342 343 345 348 351 352 350 347 345 344 344 344 341 337 333 328 323 322 325 331 333 334 340 347 353 0 3 2 358 353 346 339 332 328 325 324 327 333 337 336 337 341 346 349 349 347 344 339 334 333 336 337 335 334 338 346 350 349 348 349 350 349 347 345 342 338
337 339 342 345 347 349 349 347 346 346 344 342 338 336 335 335 337 340 345 349 349 344 339 335 330 326 328 334 339 342 344 346 348 350 352 353 350 347 346 346 347 345 342 338 334 329 325 325 331 337 338 337 339 342 348 356 1 0 357 352 346 339 333 329 326 325 326 331 334 335 338 342 344 347 349 350 348 343 340 340 343 343 340 340 344 350 351 349 348 349 350 349 346 343 340 335
339 340 342 344 344 345 345 344 344 344 343 340 337 335 335 337 340 344 348 349 345 340 337 333 328 325 326 331 336 339 342 345 348 351 354 354 351 348 347 348 348 345 342 339 334 329 326 327 334 341 344 345 344 344 348 356 359 357 355 352 346 340 335 332 329 328 328 331 334 337 340 341 341 343 346 348 347 344 344 345 346 345 343 344 348 350 349 348 348 350 351 350 347 343 339 334
341 341 342 341 340 340 340 340 340 340 339 337 335 335 336 340 345 349 349 346 340 336 334 331 325 322 323 328 331 334 337 340 345 350 354 355 354 351 349 348 346 343 341 339 334 329 325 328 334 340 345 347 348 348 351 357 357 354 352 350 347 342 338 335 333 331 331 332 335 339 342 341 340 341 342 343 342 342 345 348 349 347 346 347 348 348 347 348 349 350 352 351 349 345 340 334
342 342 342 340 338 337 336 336 337 337 335 334 333 335 338 344 349 350 347 344 339 336 333 329 324 320 320 324 326 327 328 331 337 344 350 354 354 351 348 346 345 343 341 338 333 328 325 327 332 337 341 345 347 350 354 356 353 350 349 348 346 342 339 337 336 333 332 332 335 339 340 340 339 340 340 338 337 338 343 347 349 350 350 350 349 348 348 349 350 352 352 351 350 347 341 334
343 343 342 342 339 337 336 335 335 334 333 332 333 335 339 344 346 345 344 342 340 337 334 331 328 325 325 326 326 325 324 325 329 335 343 348 350 348 346 345 344 342 339 336 332 327 325 326 331 334 335 338 342 348 353 354 350 347 346 345 343 341 339 339 338 336 333 332 334 337 338 338 337 338 339 336 334 335 338 342 346 350 352 352 352 351 352 352 353 354 353 351 349 346 340 335
341 342 344 344 342 340 338 337 334 332 331 332 333 335 336 335 334 336 338 339 338 337 336 333 331 332 334 335 334 332 331 332 334 337 341 345 347 346 345 345 344 342 338 334 331 328 326 328 332 334 333 333 335 339 346 348 347 344 342 342 340 339 339 339 339 337 335 334 335 337 338 337 336 337 338 336 334 334 334 335 339 343 347 350 352 354 356 356 356 355 354 352 349 344 339 335
336 340 344 345 344 343 340 338 335 332 331 332 334 336 333 327 325 326 330 332 334 335 334 332 330 336 339 341 341 340 340 340 341 343 345 347 348 347 347 347 346 343 338 334 332 330 329 332 336 337 337 337 333 331 334 340 343 342 340 338 337 338 339 339 338 337 337 337 337 338 339 338 336 336 337 336 335 335 334 334 334 335 336 340 346 352 356 357 357 356 354 352 349 344 339 336
333 337 343 345 345 344 342 339 336 336 337 338 340 340 337 334 331 329 328 328 328 330 331 330 332 336 339 341 342 344 344 345 346 347 348 350 351 350 348 349 348 343 337 334 332 331 332 335 339 341 343 341 335 331 332 336 340 340 338 336 336 338 339 338 337 337 338 339 339 340 340 341 339 337 337 337 335 335 335 336 337 334 331 332 338 346 352 355 355 354 352 350 347 343 340 338
334 337 342 345 346 346 345 343 342 343 344 345 344 342 340 339 340 340 337 333 332 331 330 329 332 335 336 337 340 343 345 347 348 350 351 352 353 353 351 350 347 342 337 335 332 331 332 337 342 346 348 343 336 333 334 337 339 338 336 335 336 338 338 337 336 336 337 339 340 341 342 343 343 341 339 338 336 335 336 337 340 339 337 337 339 344 349 351 352 352 350 348 344 341 339 339
337 338 341 345 347 348 349 348 348 347 346 345 344 342 340 340 344 346 344 341 338 335 332 331 333 336 335 334 336 339 342 345 347 349 351 354 356 356 355 351 345 340 337 335 333 330 332 339 345 350 350 344 338 335 337 338 338 337 336 335 336 337 337 336 334 334 336 337 338 340 343 345 346 346 343 340 336 335 336 337 339 340 340 342 344 346 348 349 349 349 348 346 343 341 339 339
339 340 342 345 347 348 349 349 348 346 344 342 341 339 339 340 344 345 344 341 339 337 334 333 336 338 336 335 336 338 339 341 343 345 348 352 357 359 356 350 344 339 336 334 331 330 332 339 346 350 349 345 340 339 340 340 339 338 338 337 336 337 337 335 333 333 334 334 335 338 342 346 349 349 346 342 338 336 336 335 336 338 339 342 346 348 349 348 348 347 346 345 344 342 341 340
338 341 344 345 346 347 347 346 344 342 340 339 338 337 337 339 342 341 340 338 336 335 335 335 339 339 336 336 339 341 341 341 342 344 346 350 356 359 357 352 346 341 337 334 331 330 333 339 345 348 347 344 342 342 344 344 343 342 342 340 338 337 337 335 333 334 333 332 332 335 341 347 350 351 347 343 339 338 336 334 334 336 338 342 346 348 349 349 347 346 344 343 343 343 342 342
337 340 344 345 346 346 345 342 340 338 337 336 336 335 336 338 339 338 336 335 332 331 332 336 341 341 337 336 339 342 342 343 344 346 348 352 357 360 358 354 349 343 339 334 331 330 333 340 344 345 344 342 341 343 346 347 347 348 347 344 341 339 338 336 335 335 333 330 330 333 340 347 351 351 348 343 340 339 336 333 333 336 339 342 346 349 350 350 348 347 345 342 341 341 342 341
335 338 342 343 344 344 342 339 337 335 335 335 335 335 336 337 338 336 335 333 330 328 330 336 342 341 338 338 339 340 340 341 343 346 349 354 359 0 358 354 349 344 338 333 330 331 335 341 344 343 341 339 338 341 345 348 350 351 351 348 344 341 338 337 336 335 332 330 329 333 340 346 350 351 348 343 341 339 336 332 331 334 339 342 345 349 351 350 349 349 347 344 342 341 341 340
335 337 339 340 341 341 338 335 334 334 334 334 335 335 336 336 336 334 333 332 329 326 329 337 341 341 340 341 342 341 339 338 339 342 347 354 0 1 357 352 347 343 337 331 329 330 336 342 345 343 340 337 335 337 340 345 349 352 352 350 347 343 341 339 337 334 331 329 329 334 340 344 349 350 348 344 341 339 335 330 329 333 337 339 342 347 349 349 349 349 348 345 344 344 342 339
336 337 337 338 339 337 335 333 332 332 332 332 332 333 333 333 333 333 334 333 329 327 330 337 339 339 341 343 344 344 343 342 340 340 344 351 358 359 355 350 346 341 335 330 327 329 335 342 345 344 341 337 335 335 337 340 344 347 349 349 348 346 344 342 338 334 330 328 330 334 340 344 348 350 348 345 343 340 335 328 327 331 334 336 339 342 344 346 348 350 349 346 345 345 344 340
336 336 337 337 337 335 334 333 334 334 334 333 333 332 333 333 333 333 335 334 331 328 329 333 334 336 340 343 343 344 345 347 347 345 345 349 353 355 353 349 344 340 335 329 327 328 333 340 344 343 340 338 338 339 340 340 340 341 344 346 347 346 345 343 339 335 331 329 330 334 340 344 348 350 348 345 344 341 335 329 327 330 334 335 336 338 341 344 348 349 348 346 346 346 345 341
334 336 337 337 337 336 335 336 338 340 340 340 339 337 335 334 334 335 335 335 334 332 330 329 329 332 338 341 340 340 343 347 350 351 350 349 351 353 351 347 343 339 334 330 328 329 332 338 342 341 339 339 341 343 344 345 344 342 342 344 346 345 343 342 339 335 333 331 331 334 339 343 347 350 349 346 344 341 336 331 329 332 336 338 337 338 342 345 347 348 348 346 345 345 345 342
332 334 337 337 337 337 337 339 341 342 343 343 341 339 336 334 334 335 336 336 337 336 333 331 329 331 336 338 337 336 338 342 348 351 352 352 353 354 351 346 342 338 334 331 331 332 333 336 338 337 336 338 341 344 345 347 347 347 346 346 347 345 343 340 337 335 334 332 331 333 338 342 347 350 349 346 344 341 337 333 332 334 339 341 340 342 345 347 348 348 347 345 345 345 344 341
331 333 336 337 338 339 340 340 341 342 341 340 338 336 335 333 334 335 335 337 337 337 335 333 333 335 338 338 336 334 333 335 340 347 351 353 355 355 351 346 342 337 333 331 333 335 335 334 335 334 334 336 339 343 344 346 347 349 350 351 351 348 344 340 336 334 334 332 331 334 339 343 347 349 348 345 343 341 337 332 331 335 339 341 343 346 349 349 349 348 346 344 344 344 344 341
331 332 335 337 339 340 341 342 341 340 337 336 334 333 332 332 334 335 335 337 337 335 333 332 334 338 341 339 337 336 335 333 335 340 346 352 356 355 351 347 342 337 332 332 335 338 336 334 333 332 332 334 338 341 342 344 346 348 351 354 354 352 347 342 338 335 334 332 331 334 340 345 348 349 347 344 342 340 336 331 329 332 337 340 343 348 351 351 350 348 345 344 344 344 343 341
331 332 334 336 339 341 342 342 341 338 335 333 333 332 332 333 335 336 337 338 337 334 331 329 332 338 342 340 338 338 338 336 335 336 341 348 354 354 350 346 341 336 332 333 337 339 336 334 333 332 331 333 336 339 341 344 346 348 351 354 356 354 349 345 342 338 336 332 331 335 341 346 349 350 346 343 341 339 334 329 327 330 334 338 342 346 349 350 350 349 346 343 342 343 342 341
331 332 334 337 339 340 342 343 340 336 333 333 333 333 334 335 336 338 340 340 339 336 331 329 331 336 340 339 338 338 339 339 339 339 340 345 350 351 348 345 340 336 333 335 339 339 335 332 331 331 330 331 333 337 340 344 347 348 350 354 357 355 351 347 344 340 337 334 333 335 341 346 350 350 347 343 341 338 333 329 327 328 333 338 342 345 347 348 349 348 346 343 342 341 340 339
331 332 334 337 338 339 340 341 339 336 334 333 334 334 335 337 338 340 341 341 340 338 334 331 332 335 338 338 337 338 339 339 340 342 343 344 347 348 347 343 338 335 334 338 341 338 333 330 329 329 328 327 329 333 338 343 346 348 351 355 356 354 351 347 343 340 337 334 334 337 342 346 349 350 347 344 341 337 333 328 326 326 330 336 341 344 347 348 347 346 345 343 342 340 339 339
330 331 334 336 337 337 338 338 336 335 334 334 333 334 336 339 339 339 340 340 340 338 334 332 333 336 338 337 337 337 338 338 339 341 344 345 346 347 346 342 337 335 336 341 341 337 332 328 327 327 326 323 323 327 333 339 343 347 351 355 356 353 350 346 342 338 336 334 335 339 344 347 350 350 347 343 339 336 332 328 324 324 328 333 338 342 346 347 345 344 343 343 342 340 339 339
330 331 333 336 337 336 335 335 334 333 333 333 332 333 337 338 338 338 339 339 339 336 333 332 334 338 340 339 337 337 338 337 337 339 342 344 346 347 345 341 337 337 340 342 340 336 331 327 326 327 327 325 324 325 329 334 339 344 350 354 354 352 350 346 342 339 337 335 335 339 345 349 351 351 347 342 339 336 333 329 325 324 326 331 334 338 342 343 343 342 342 343 342 341 340 340
331 332 334 337 337 335 334 333 333 333 333 333 333 335 337 336 336 337 338 338 337 334 331 331 334 339 341 341 340 339 339 338 337 338 340 342 344 346 344 340 339 342 344 344 342 338 333 328 326 327 329 329 330 330 331 332 336 342 348 352 352 351 348 344 341 340 339 337 336 339 345 350 353 351 346 342 339 337 334 331 327 325 326 330 334 338 340 340 340 340 341 342 342 341 341 341
329 332 336 337 337 335 333 333 333 333 334 334 335 337 336 335 335 337 338 338 336 333 330 330 335 340 342 343 343 342 340 339 338 338 339 341 342 343 343 342 342 344 345 345 344 342 337 331 328 328 329 331 332 333 334 333 335 340 346 351 351 349 345 342 340 340 339 337 337 341 346 351 353 351 347 343 339 335 333 331 328 326 327 331 336 339 338 337 338 339 341 342 342 341 341 342
327 330 335 336 335 333 332 332 333 333 333 334 337 338 337 336 337 338 338 338 336 333 329 329 334 339 341 343 344 343 341 340 339 339 340 341 341 342 343 343 343 344 344 344 343 342 339 335 332 330 331 332 333 334 335 335 335 338 344 350 350 347 344 341 340 340 338 337 338 343 350 354 353 351 348 345 341 336 332 329 328 327 328 333 339 340 335 334 336 339 341 342 342 340 340 341
328 330 333 333 331 331 332 333 333 333 333 335 338 340 339 339 339 339 339 338 337 335 331 330 333 336 339 342 344 343 342 341 340 341 341 341 342 343 344 344 343 343 343 342 341 341 339 338 336 335 335 335 335 336 337 336 335 337 342 348 349 346 343 341 340 339 337 336 339 347 354 355 353 351 348 345 343 340 336 332 328 326 328 335 341 339 334 334 337 339 341 342 341 340 339 339
