project/data/elevation/US_DEM2016/US_DEM2016_point_10-29-2019_1616_30m_vel.asc
ncols	125
nrows	167
xllcorner	-2042055.000000
yllcorner	1465035.000000
cellsize	30.000000
NODATA_value	-9999.000000
[rows 38 to 75 of 167, columns 0 to 83 of 125]
4.23 4.23 4.16 3.99 3.77 3.62 3.47 3.24 3.00 2.80 2.79 2.94 3.26 3.71 4.06 4.12 3.99 3.88 3.96 4.19 4.31 4.38 4.47 4.68 4.96 5.22 5.52 5.82 5.85 5.53 4.88 4.17 3.75 3.64 3.77 4.10 4.44 4.56 4.65 4.87 5.27 5.70 5.98 5.93 5.65 5.25 4.78 4.22 3.78 3.38 3.17 3.19 3.38 3.78 4.05 4.10 4.09 4.17 4.12 4.07 4.10 4.01 3.88 3.57 3.10 2.62 2.25 2.17 2.29 2.56 2.82 2.92 3.11 3.56 3.83 3.99 4.33 4.98 5.79 6.54 7.06 7.37 7.43 7.19
4.05 3.89 3.70 3.54 3.31 3.19 3.09 2.97 2.88 2.78 2.78 2.89 3.14 3.48 3.78 3.93 3.90 3.76 3.61 3.54 3.47 3.43 3.47 3.70 4.15 4.65 5.08 5.52 5.86 5.92 5.56 4.89 4.32 4.04 4.13 4.53 4.88 5.09 5.14 5.12 5.23 5.46 5.76 5.91 5.83 5.49 4.88 4.32 3.85 3.36 3.14 3.21 3.41 3.73 4.06 4.19 4.23 4.28 4.13 3.94 3.70 3.35 2.99 2.86 2.70 2.43 2.04 1.81 1.82 2.02 2.36 2.57 2.76 3.10 3.38 3.51 3.71 4.19 4.81 5.27 5.45 5.96 6.89 7.43
3.89 3.70 3.45 3.25 3.11 3.02 3.01 3.05 3.10 3.16 3.22 3.34 3.47 3.59 3.70 3.77 3.79 3.67 3.41 3.13 3.05 3.09 3.22 3.47 3.91 4.31 4.66 5.05 5.48 5.85 5.92 5.57 5.08 4.89 4.98 5.24 5.49 5.66 5.55 5.29 5.16 4.97 4.97 5.34 5.58 5.66 5.41 5.15 4.82 4.41 3.96 3.74 3.72 3.82 4.07 4.16 4.18 4.19 4.09 3.96 3.68 3.06 2.25 1.92 1.82 1.74 1.67 1.58 1.54 1.59 1.84 2.19 2.49 2.76 3.00 3.13 3.27 3.57 4.08 4.47 4.51 4.84 5.98 7.20
3.99 3.85 3.65 3.51 3.42 3.38 3.37 3.41 3.50 3.61 3.73 3.82 3.83 3.79 3.76 3.77 3.79 3.71 3.50 3.28 3.26 3.36 3.51 3.66 3.81 4.00 4.17 4.44 4.91 5.43 5.90 5.92 5.79 5.72 5.71 5.71 5.72 5.66 5.48 5.26 5.02 4.68 4.46 4.62 5.13 5.39 5.45 5.37 5.37 5.31 5.04 4.52 4.10 3.92 3.96 3.96 3.85 3.80 3.88 4.05 3.98 3.38 2.40 1.84 1.64 1.59 1.62 1.56 1.44 1.39 1.52 1.79 2.10 2.38 2.62 2.76 2.90 3.17 3.62 4.02 4.13 4.23 4.92 6.17
4.18 4.13 4.05 3.97 3.87 3.78 3.70 3.68 3.79 3.94 4.04 4.06 3.97 3.94 3.96 3.99 3.99 3.96 3.88 3.82 3.86 3.94 4.02 4.10 4.17 4.19 4.21 4.32 4.63 5.02 5.59 5.78 5.98 6.14 5.99 5.66 5.29 4.98 4.80 4.80 4.72 4.43 4.08 4.09 4.48 4.83 4.91 4.74 4.82 4.99 5.01 4.71 4.27 3.92 3.88 3.91 3.80 3.71 3.83 4.27 4.45 4.10 3.28 2.68 2.43 2.22 1.96 1.68 1.54 1.51 1.51 1.53 1.60 1.73 1.89 2.08 2.37 2.71 3.10 3.55 3.82 3.99 4.43 5.27
4.25 4.23 4.21 4.18 4.12 4.06 4.03 4.05 4.15 4.25 4.28 4.22 4.08 4.06 4.10 4.14 4.20 4.24 4.27 4.32 4.41 4.51 4.56 4.56 4.57 4.51 4.50 4.55 4.70 4.87 5.27 5.58 5.77 5.86 5.75 5.42 4.90 4.42 4.17 4.27 4.44 4.30 3.92 3.70 3.96 4.33 4.36 3.94 3.56 3.43 3.57 3.81 3.88 3.82 3.87 4.06 4.15 4.20 4.37 4.72 4.98 4.85 4.30 3.78 3.26 2.79 2.44 2.23 2.10 1.86 1.54 1.25 1.14 1.11 1.11 1.33 1.72 2.14 2.44 2.88 3.38 3.85 4.28 4.66
4.28 4.28 4.33 4.39 4.48 4.61 4.73 4.76 4.72 4.65 4.55 4.42 4.24 4.14 4.15 4.21 4.31 4.41 4.49 4.55 4.62 4.68 4.69 4.64 4.57 4.48 4.48 4.55 4.70 4.85 5.15 5.28 5.25 5.21 5.22 5.19 4.94 4.49 3.94 3.76 3.96 4.08 3.87 3.57 3.60 3.93 3.84 3.31 2.68 2.39 2.48 2.77 3.12 3.40 3.72 4.10 4.40 4.61 4.79 4.99 5.27 5.30 4.88 4.27 3.60 3.21 3.07 2.89 2.50 1.91 1.44 1.14 0.99 0.93 0.94 1.10 1.47 1.81 2.01 2.27 2.80 3.43 3.80 4.03
4.40 4.51 4.70 4.86 4.99 5.14 5.26 5.28 5.18 5.00 4.82 4.65 4.49 4.39 4.43 4.48 4.53 4.59 4.63 4.60 4.51 4.41 4.36 4.35 4.37 4.36 4.35 4.44 4.66 4.86 5.03 5.22 4.71 4.66 4.64 4.80 4.87 4.67 4.04 3.54 3.47 3.69 3.68 3.43 3.44 3.66 3.63 3.26 2.90 2.75 2.64 2.53 2.55 2.85 3.36 3.93 4.27 4.46 4.61 4.87 5.18 5.36 5.14 4.61 4.13 3.85 3.53 3.07 2.49 1.99 1.68 1.57 1.47 1.38 1.35 1.42 1.64 1.87 1.98 2.09 2.42 2.85 3.24 3.52
4.43 4.65 4.98 5.15 5.19 5.20 5.19 5.19 5.14 5.03 4.90 4.76 4.72 4.74 4.82 4.86 4.84 4.78 4.68 4.54 4.34 4.14 4.04 4.08 4.20 4.29 4.35 4.46 4.68 4.78 4.77 4.50 4.31 4.20 4.08 4.12 4.35 4.52 4.25 3.69 3.30 3.35 3.48 3.49 3.62 3.82 3.84 3.57 3.34 3.08 2.74 2.45 2.41 2.75 3.28 3.73 4.04 4.22 4.41 4.73 5.03 5.30 5.29 4.96 4.52 4.08 3.43 2.97 2.75 2.62 2.56 2.50 2.40 2.27 2.19 2.16 2.14 2.16 2.21 2.31 2.50 2.72 2.99 3.35
4.28 4.46 4.78 4.97 4.98 4.89 4.78 4.70 4.69 4.71 4.67 4.60 4.61 4.68 4.77 4.85 4.86 4.75 4.58 4.41 4.24 4.08 3.96 3.95 4.04 4.15 4.25 4.41 4.57 4.54 4.38 4.21 4.14 3.93 3.65 3.58 3.77 4.15 4.29 4.07 3.57 3.41 3.53 3.76 3.92 4.14 4.11 3.67 3.14 2.70 2.50 2.46 2.80 3.40 3.81 3.93 4.05 4.23 4.43 4.70 5.00 5.31 5.32 5.01 4.54 4.02 3.59 3.48 3.63 3.81 3.86 3.78 3.68 3.52 3.33 3.20 3.09 2.95 2.87 2.88 2.84 2.84 2.98 3.28
4.14 4.22 4.35 4.53 4.63 4.54 4.37 4.24 4.21 4.26 4.29 4.27 4.23 4.25 4.32 4.42 4.51 4.52 4.45 4.32 4.17 4.03 3.92 3.85 3.84 3.90 3.96 4.13 4.31 4.29 4.24 4.22 4.18 3.95 3.51 3.18 3.26 3.66 4.08 4.14 3.81 3.50 3.45 3.58 3.73 4.03 4.15 3.68 3.05 2.76 2.81 3.23 3.91 4.40 4.59 4.39 4.25 4.30 4.46 4.75 5.11 5.49 5.54 5.25 4.97 4.86 4.98 5.25 5.53 5.72 5.72 5.65 5.54 5.39 5.19 4.97 4.75 4.46 4.14 3.73 3.27 2.96 2.95 3.11
4.17 4.20 4.15 4.18 4.34 4.41 4.29 4.10 4.01 4.00 4.09 4.15 4.15 4.13 4.13 4.20 4.29 4.37 4.38 4.29 4.12 3.95 3.81 3.72 3.68 3.67 3.67 3.80 4.02 4.06 4.13 4.23 4.30 4.24 3.83 3.21 3.07 3.25 3.63 3.82 3.65 3.33 3.11 3.04 3.20 3.66 4.12 3.98 3.53 3.41 3.82 4.51 5.02 5.22 5.07 4.66 4.41 4.40 4.51 4.83 5.22 5.71 5.94 5.99 5.97 6.20 6.57 6.96 7.29 7.46 7.52 7.49 7.42 7.31 7.14 6.87 6.55 6.18 5.64 4.87 4.00 3.29 3.00 2.98
4.21 4.28 4.22 4.12 4.19 4.38 4.45 4.32 4.18 4.17 4.33 4.52 4.59 4.56 4.51 4.46 4.43 4.41 4.37 4.28 4.12 3.92 3.73 3.60 3.56 3.57 3.57 3.66 3.75 3.72 3.71 3.90 4.14 4.42 4.38 3.86 3.44 3.31 3.47 3.65 3.57 3.37 3.23 3.16 3.26 3.64 4.28 4.51 4.43 4.61 5.13 5.49 5.61 5.40 5.07 4.68 4.47 4.43 4.41 4.54 4.86 5.41 5.88 6.12 6.33 6.56 6.84 7.14 7.36 7.52 7.65 7.74 7.75 7.72 7.60 7.41 7.18 6.93 6.53 5.99 5.26 4.35 3.49 3.09
4.18 4.23 4.23 4.22 4.21 4.32 4.50 4.53 4.45 4.46 4.70 4.97 5.05 5.01 4.92 4.75 4.58 4.45 4.37 4.30 4.18 4.00 3.77 3.55 3.46 3.51 3.55 3.57 3.47 3.23 3.20 3.36 3.65 4.22 4.54 4.45 4.02 3.78 3.83 3.98 4.03 4.06 4.09 4.04 4.06 4.34 5.01 5.59 6.00 6.20 6.20 6.04 5.68 5.16 4.84 4.54 4.34 4.18 4.03 3.95 4.13 4.52 5.15 5.51 5.67 5.62 5.48 5.43 5.36 5.47 5.71 6.04 6.19 6.25 6.26 6.27 6.33 6.24 6.08 5.97 5.76 5.32 4.62 3.79
4.07 3.99 3.93 3.98 4.04 4.15 4.37 4.54 4.55 4.55 4.74 4.99 5.07 5.06 4.94 4.72 4.48 4.33 4.29 4.25 4.16 4.02 3.81 3.57 3.42 3.42 3.45 3.43 3.19 2.79 2.73 2.88 3.16 3.64 4.27 4.48 4.36 4.26 4.36 4.58 4.73 4.81 4.82 4.88 5.04 5.37 5.86 6.36 6.72 6.76 6.57 6.13 5.60 5.03 4.66 4.35 4.11 3.87 3.75 3.66 3.75 4.00 4.36 4.69 4.69 4.20 3.63 3.14 2.91 2.93 3.16 3.56 3.85 3.94 4.13 4.27 4.57 4.66 4.60 4.70 4.98 5.11 4.97 4.55
3.96 3.75 3.53 3.50 3.60 3.82 4.14 4.44 4.56 4.53 4.55 4.60 4.67 4.67 4.59 4.42 4.23 4.10 4.06 4.07 4.01 3.90 3.81 3.70 3.55 3.43 3.39 3.35 3.12 2.75 2.62 2.74 2.94 3.27 3.79 4.20 4.38 4.40 4.49 4.71 4.94 5.00 5.05 5.20 5.47 5.74 5.98 6.21 6.35 6.37 6.23 5.96 5.54 5.07 4.64 4.27 4.03 3.88 3.87 3.87 3.95 4.06 4.18 4.36 4.21 3.58 2.83 2.35 2.17 2.09 2.00 1.95 2.10 2.29 2.49 2.74 3.14 3.43 3.42 3.31 3.42 3.67 3.79 3.83
3.96 3.73 3.45 3.34 3.34 3.45 3.71 4.12 4.36 4.34 4.21 4.08 4.03 4.03 3.99 3.94 3.86 3.75 3.73 3.82 3.93 3.94 3.91 3.88 3.74 3.57 3.46 3.45 3.40 3.21 3.01 2.94 2.97 3.09 3.40 3.85 4.09 4.15 4.16 4.30 4.53 4.70 4.83 5.04 5.32 5.48 5.52 5.46 5.27 5.36 5.60 5.71 5.54 5.20 4.79 4.43 4.20 4.13 4.17 4.13 4.12 4.13 4.13 4.30 4.27 3.77 3.16 2.76 2.50 2.21 1.80 1.36 1.19 1.27 1.49 1.76 2.12 2.45 2.51 2.28 2.07 2.07 2.17 2.46
4.10 3.92 3.72 3.62 3.51 3.37 3.28 3.48 3.80 3.88 3.80 3.64 3.51 3.46 3.45 3.45 3.44 3.40 3.43 3.64 3.94 4.14 4.18 4.08 3.94 3.78 3.66 3.67 3.69 3.61 3.36 3.09 2.90 2.87 3.14 3.54 3.79 3.92 3.90 3.91 4.04 4.27 4.46 4.75 4.97 5.01 4.91 4.69 4.60 4.74 5.07 5.36 5.37 5.21 4.87 4.58 4.39 4.28 4.25 4.09 3.93 3.85 3.90 4.17 4.38 4.16 3.72 3.31 2.75 2.18 1.58 1.17 0.95 0.88 0.95 1.06 1.24 1.48 1.60 1.56 1.47 1.52 1.78 2.20
4.30 4.29 4.28 4.19 4.00 3.71 3.32 3.22 3.39 3.59 3.62 3.51 3.42 3.42 3.42 3.39 3.42 3.44 3.51 3.71 4.04 4.36 4.46 4.42 4.32 4.20 4.09 4.02 3.92 3.81 3.55 3.33 3.14 3.06 3.20 3.56 3.92 4.12 4.11 4.06 4.07 4.18 4.30 4.52 4.59 4.46 4.19 4.04 3.97 4.10 4.48 4.87 5.06 4.97 4.70 4.48 4.30 4.13 3.97 3.70 3.50 3.44 3.65 4.01 4.37 4.33 3.98 3.49 2.83 2.24 1.77 1.51 1.38 1.19 0.98 1.04 0.89 1.05 1.22 1.36 1.56 1.96 2.55 3.00
4.41 4.57 4.75 4.73 4.57 4.28 3.89 3.63 3.59 3.69 3.76 3.77 3.81 3.90 3.98 4.03 4.06 4.13 4.12 4.15 4.34 4.62 4.79 4.88 4.91 4.86 4.71 4.49 4.32 4.29 4.28 4.23 4.12 3.95 3.80 3.96 4.34 4.58 4.66 4.65 4.59 4.44 4.34 4.32 4.15 3.78 3.49 3.24 3.21 3.42 3.87 4.37 4.68 4.59 4.41 4.25 4.06 3.81 3.57 3.41 3.38 3.48 3.80 4.12 4.38 4.29 3.91 3.45 2.96 2.64 2.47 2.38 2.15 1.80 1.44 1.22 1.16 1.26 1.48 1.89 2.51 3.18 3.61 3.75
4.36 4.51 4.73 4.86 4.92 4.82 4.52 4.19 3.96 3.86 3.88 4.01 4.23 4.46 4.70 4.83 4.94 5.03 5.05 4.99 5.01 5.06 5.15 5.26 5.35 5.31 5.17 4.94 4.78 4.74 4.81 4.79 4.72 4.58 4.32 4.23 4.42 4.64 4.84 4.96 4.93 4.72 4.42 4.06 3.54 3.08 2.74 2.53 2.54 2.71 3.17 3.74 4.12 4.21 4.18 4.10 3.97 3.79 3.67 3.72 3.83 4.05 4.36 4.62 4.72 4.53 4.09 3.72 3.47 3.34 3.30 3.15 2.79 2.36 2.02 1.85 1.87 2.07 2.49 3.07 3.67 4.02 4.10 3.93
4.25 4.27 4.40 4.59 4.83 4.98 4.90 4.57 4.20 3.94 3.85 3.97 4.27 4.64 4.94 5.14 5.28 5.39 5.50 5.51 5.44 5.34 5.31 5.34 5.35 5.32 5.26 5.12 5.01 4.86 4.59 4.32 4.21 4.23 4.22 4.24 4.28 4.43 4.61 4.83 4.94 4.78 4.42 3.86 3.05 2.42 2.12 2.04 2.02 2.12 2.40 2.93 3.48 3.86 4.06 4.14 4.14 4.12 4.14 4.13 4.23 4.48 4.82 5.16 5.34 5.41 4.93 4.48 4.32 4.21 3.95 3.61 3.25 3.08 3.01 3.01 3.19 3.54 3.98 4.35 4.47 4.35 4.07 3.76
4.19 4.17 4.18 4.24 4.37 4.55 4.69 4.58 4.28 3.95 3.74 3.72 3.89 4.20 4.47 4.63 4.72 4.75 4.79 4.88 4.95 4.93 4.90 4.87 4.86 4.89 4.88 4.91 4.98 4.99 4.69 4.15 3.78 3.71 3.95 4.23 4.43 4.50 4.54 4.61 4.68 4.52 4.26 3.82 3.05 2.23 1.85 1.76 1.77 1.83 1.99 2.39 3.01 3.62 4.05 4.29 4.46 4.56 4.56 4.43 4.44 4.75 5.11 5.43 5.78 6.18 6.13 5.52 5.13 4.98 4.66 4.34 4.22 4.44 4.70 4.91 5.14 5.32 5.40 5.23 4.87 4.42 4.02 3.73
4.09 4.01 3.95 3.94 3.87 3.90 4.10 4.23 4.11 3.81 3.50 3.28 3.20 3.26 3.40 3.50 3.55 3.48 3.31 3.29 3.58 3.85 3.87 3.79 3.76 3.96 4.19 4.36 4.63 4.98 5.11 4.96 4.60 4.27 4.17 4.33 4.52 4.56 4.47 4.35 4.29 4.26 4.20 4.07 3.58 2.85 2.37 2.23 2.21 2.24 2.34 2.63 3.11 3.65 4.05 4.33 4.59 4.85 4.95 4.99 5.09 5.29 5.34 5.38 5.72 6.30 6.57 6.42 6.11 6.00 5.97 5.93 6.07 6.31 6.46 6.54 6.57 6.47 6.16 5.61 5.03 4.55 4.18 3.83
3.89 3.71 3.56 3.60 3.61 3.62 3.69 3.84 3.85 3.60 3.21 2.80 2.46 2.26 2.21 2.29 2.43 2.49 2.41 2.27 2.31 2.51 2.64 2.67 2.81 3.13 3.56 3.79 4.02 4.30 4.76 5.13 5.20 5.02 4.66 4.41 4.30 4.26 4.13 4.00 3.97 4.17 4.37 4.55 4.47 4.23 3.90 3.66 3.51 3.43 3.47 3.59 3.72 3.88 4.03 4.19 4.41 4.74 5.08 5.36 5.55 5.48 5.23 5.02 5.09 5.58 6.21 6.49 6.66 6.83 7.02 7.13 7.22 7.22 7.15 6.99 6.83 6.56 6.12 5.59 5.11 4.72 4.37 3.97
3.86 3.68 3.46 3.42 3.48 3.55 3.60 3.67 3.70 3.54 3.16 2.69 2.23 1.85 1.64 1.60 1.78 2.17 2.44 2.35 2.05 1.81 1.78 2.00 2.38 2.82 3.29 3.44 3.46 3.44 3.74 4.27 4.74 4.92 4.70 4.26 3.87 3.68 3.67 3.70 3.80 4.11 4.49 4.87 5.10 5.24 5.18 4.93 4.69 4.53 4.34 4.20 4.08 4.03 4.07 4.17 4.35 4.67 4.99 5.18 5.20 5.01 4.72 4.47 4.49 4.79 5.36 5.93 6.37 6.69 6.83 6.83 6.77 6.65 6.48 6.24 5.94 5.60 5.41 5.22 4.94 4.65 4.37 4.01
4.05 3.96 3.82 3.68 3.62 3.65 3.70 3.73 3.74 3.68 3.46 3.13 2.75 2.31 1.94 1.73 1.79 2.24 2.84 3.06 2.79 2.26 1.88 1.88 2.25 2.84 3.28 3.36 3.22 3.01 3.02 3.27 3.77 4.14 4.23 4.06 3.77 3.56 3.56 3.75 3.97 4.28 4.50 4.81 5.09 5.35 5.42 5.36 5.20 4.95 4.52 4.21 4.07 4.10 4.18 4.28 4.45 4.71 4.83 4.74 4.50 4.23 4.08 4.07 4.16 4.36 4.69 5.18 5.59 5.78 5.80 5.66 5.40 5.24 5.21 5.05 4.72 4.38 4.30 4.46 4.41 4.20 3.95 3.72
4.17 4.17 4.16 4.07 3.95 3.87 3.88 3.94 4.01 4.07 4.06 3.95 3.72 3.30 2.80 2.38 2.18 2.34 2.87 3.47 3.61 3.32 2.79 2.47 2.60 2.97 3.41 3.56 3.52 3.22 2.97 2.83 2.96 3.30 3.73 4.05 4.18 4.24 4.28 4.33 4.44 4.53 4.49 4.56 4.73 4.90 5.04 5.17 5.20 5.08 4.69 4.34 4.18 4.19 4.26 4.33 4.44 4.57 4.56 4.32 4.06 3.85 3.81 3.87 3.89 3.95 4.12 4.46 4.76 4.88 4.89 4.77 4.43 4.08 3.96 4.08 3.90 3.49 3.22 3.38 3.56 3.35 3.11 2.93
4.19 4.22 4.25 4.18 4.10 4.05 4.10 4.24 4.44 4.65 4.80 4.83 4.63 4.23 3.67 3.09 2.64 2.50 2.73 3.45 4.04 4.25 4.04 3.60 3.35 3.51 3.78 4.01 4.15 3.95 3.62 3.27 3.07 3.24 3.68 4.18 4.58 4.86 4.91 4.81 4.69 4.57 4.40 4.37 4.43 4.42 4.50 4.63 4.78 4.87 4.79 4.55 4.35 4.29 4.36 4.43 4.49 4.48 4.31 4.04 3.83 3.71 3.69 3.66 3.63 3.68 3.83 4.02 4.13 4.22 4.20 4.15 4.00 3.58 3.16 3.19 3.27 2.98 2.53 2.41 2.54 2.48 2.26 2.09
4.20 4.26 4.30 4.19 4.10 4.10 4.20 4.39 4.66 4.95 5.21 5.32 5.30 5.09 4.66 4.03 3.35 2.89 2.86 3.35 4.02 4.61 4.69 4.45 4.16 4.15 4.24 4.37 4.55 4.58 4.45 4.19 3.94 3.89 4.04 4.29 4.53 4.69 4.73 4.64 4.50 4.39 4.29 4.23 4.14 3.90 3.84 3.90 4.00 4.20 4.43 4.45 4.36 4.33 4.44 4.54 4.51 4.30 3.95 3.69 3.59 3.58 3.60 3.63 3.63 3.68 3.73 3.68 3.54 3.55 3.57 3.53 3.61 3.47 2.99 2.72 2.77 2.70 2.28 1.95 1.90 1.92 1.88 1.75
4.19 4.25 4.29 4.18 4.05 4.03 4.08 4.15 4.28 4.51 4.81 5.12 5.40 5.55 5.48 5.13 4.46 3.68 3.28 3.38 3.75 4.39 4.78 4.86 4.72 4.57 4.43 4.35 4.41 4.60 4.78 4.82 4.69 4.44 4.28 4.23 4.21 4.18 4.21 4.30 4.31 4.29 4.25 4.17 3.91 3.52 3.36 3.35 3.39 3.50 3.73 3.94 4.07 4.17 4.33 4.35 4.19 3.87 3.51 3.36 3.37 3.42 3.53 3.66 3.64 3.57 3.49 3.24 2.83 2.67 2.75 2.67 2.69 2.93 2.86 2.60 2.52 2.52 2.31 2.03 1.82 1.74 1.78 1.82
4.13 4.16 4.15 4.11 4.03 3.97 3.91 3.77 3.61 3.54 3.69 4.16 4.77 5.32 5.69 5.77 5.46 4.78 4.01 3.68 3.72 4.18 4.61 4.87 4.91 4.64 4.33 4.12 3.96 4.04 4.31 4.56 4.65 4.47 4.26 4.13 4.03 4.06 4.20 4.34 4.35 4.31 4.30 4.30 4.07 3.67 3.43 3.24 3.04 2.92 3.01 3.29 3.62 3.86 4.02 3.92 3.62 3.32 3.14 3.09 3.09 3.07 3.17 3.31 3.27 3.25 3.28 3.04 2.46 2.01 1.94 1.92 1.96 2.22 2.45 2.49 2.50 2.55 2.50 2.34 2.17 2.06 2.14 2.35
4.09 4.08 4.05 4.08 4.06 4.01 3.93 3.77 3.46 3.09 2.88 3.04 3.63 4.44 5.15 5.60 5.77 5.56 4.95 4.31 4.12 4.28 4.54 4.84 4.90 4.68 4.34 3.97 3.62 3.41 3.39 3.55 3.87 4.08 4.14 4.10 4.08 4.15 4.30 4.38 4.35 4.34 4.40 4.49 4.37 3.95 3.50 3.03 2.77 2.75 2.94 3.30 3.66 3.85 3.81 3.58 3.25 3.04 2.93 2.87 2.81 2.69 2.60 2.67 2.86 3.13 3.47 3.45 2.95 2.39 2.13 2.03 2.00 2.10 2.31 2.50 2.62 2.74 2.81 2.82 2.83 2.86 2.93 3.18
4.12 4.09 4.07 4.10 4.12 4.10 4.08 4.06 3.92 3.57 3.11 2.83 2.95 3.47 4.23 4.91 5.43 5.77 5.64 5.14 4.82 4.82 4.94 5.03 5.03 4.92 4.64 4.20 3.72 3.37 3.15 3.13 3.31 3.59 3.84 3.99 4.05 4.08 4.13 4.22 4.21 4.24 4.33 4.45 4.41 3.97 3.45 3.18 3.26 3.56 3.88 4.08 4.17 4.10 3.88 3.69 3.60 3.53 3.40 3.23 3.12 2.97 2.83 2.86 3.23 3.68 4.15 4.32 4.06 3.58 3.19 2.92 2.64 2.52 2.58 2.71 2.88 3.09 3.27 3.46 3.70 3.97 4.21 4.63
4.15 4.10 4.09 4.15 4.21 4.21 4.22 4.34 4.50 4.50 4.20 3.73 3.40 3.41 3.77 4.42 5.03 5.67 5.96 5.89 5.69 5.57 5.35 5.35 5.16 5.16 5.09 4.83 4.40 4.12 3.93 3.77 3.59 3.57 3.69 3.83 3.91 3.96 3.97 3.94 3.95 4.03 4.17 4.33 4.44 4.33 4.23 4.41 4.67 4.83 4.86 4.73 4.51 4.25 4.14 4.22 4.33 4.42 4.41 4.30 4.20 4.16 4.15 4.23 4.40 4.59 4.79 4.94 4.79 4.35 3.86 3.45 3.08 2.92 2.95 3.11 3.31 3.59 3.96 4.50 5.17 5.78 6.20 6.54
4.15 4.09 4.10 4.19 4.29 4.32 4.36 4.52 4.83 5.13 5.20 5.05 4.73 4.37 4.24 4.47 4.92 5.58 6.08 6.27 6.27 6.01 5.59 5.32 5.20 5.27 5.42 5.42 5.19 4.88 4.63 4.48 4.28 4.13 4.02 3.96 3.95 3.92 3.85 3.78 3.83 4.05 4.26 4.48 4.65 4.75 4.90 5.12 5.18 5.06 4.92 4.76 4.56 4.34 4.29 4.42 4.54 4.71 4.89 5.00 5.06 5.11 5.09 5.00 4.85 4.72 4.70 4.88 4.85 4.44 3.89 3.50 3.26 3.15 3.25 3.52 3.86 4.31 4.96 5.82 6.66 7.28 7.53 7.48
4.16 4.12 4.12 4.22 4.35 4.40 4.40 4.53 4.93 5.40 5.73 5.86 5.80 5.56 5.25 5.09 5.25 5.62 5.95 6.62 6.15 6.33 5.86 5.17 5.07 5.12 5.36 5.59 5.54 5.24 4.89 4.65 4.45 4.32 4.16 4.04 3.99 3.91 3.85 3.89 4.04 4.20 4.34 4.54 4.66 4.56 4.43 4.37 4.18 3.98 3.91 4.02 4.19 4.22 4.17 4.17 4.26 4.42 4.64 4.85 5.01 5.09 4.98 4.75 4.44 4.17 4.11 4.47 4.76 4.54 4.00 3.65 3.48 3.41 3.58 3.94 4.42 5.01 5.72 6.38 6.86 7.09 7.04 6.82
4.19 4.17 4.19 4.30 4.44 4.51 4.54 4.73 5.15 5.45 5.59 5.67 5.77 5.82 5.73 5.67 5.72 5.75 5.65 5.58 5.61 5.49 5.22 5.04 4.93 4.83 4.89 5.22 5.45 5.35 5.01 4.62 4.19 3.91 3.78 3.79 3.84 3.86 3.83 3.82 3.84 3.94 4.09 4.29 4.41 4.16 3.67 3.29 3.16 3.10 3.10 3.27 3.58 3.79 3.86 3.92 4.04 4.13 4.24 4.39 4.52 4.55 4.41 4.12 3.85 3.68 3.69 4.14 4.73 4.83 4.39 3.99 3.86 3.91 4.18 4.63 5.19 5.77 6.12 6.17 5.80 5.16 4.70 4.66
