project/data/elevation/US_DEM2016/US_DEM2016_point_11-01-2019_0109_30m_vel.asc
ncols	125
nrows	167
xllcorner	-2042055.000000
yllcorner	1465035.000000
cellsize	30.000000
NODATA_value	-9999.000000
[rows 76 to 113 of 167, columns 0 to 83 of 125]
2.68 2.29 1.91 1.96 2.00 2.14 2.57 3.06 3.33 3.30 3.15 3.09 3.33 3.86 4.50 5.11 5.45 5.42 5.02 4.51 4.10 3.82 3.59 3.38 3.24 3.15 2.97 2.79 2.69 2.66 2.59 2.44 2.21 2.07 2.09 2.17 2.15 2.01 1.86 1.82 1.92 2.21 2.79 3.41 3.56 3.16 2.62 2.26 2.05 1.91 1.80 1.68 1.60 1.67 1.83 2.00 2.12 2.19 2.28 2.44 2.55 2.33 1.73 1.19 1.00 1.13 1.51 1.86 2.01 2.09 2.27 2.61 3.24 3.93 4.51 5.09 5.73 6.15 5.97 5.23 4.25 3.29 2.87 2.71
2.63 2.25 1.94 2.01 2.05 2.35 2.75 2.92 2.79 2.52 2.45 2.72 3.29 4.01 4.72 5.18 5.26 4.95 4.46 4.00 3.63 3.37 3.19 3.11 3.10 3.05 2.87 2.74 2.70 2.68 2.61 2.52 2.46 2.47 2.49 2.41 2.23 1.97 1.78 1.81 2.05 2.36 2.76 3.21 3.42 3.16 2.62 2.19 1.95 1.79 1.64 1.53 1.54 1.70 1.91 2.10 2.23 2.32 2.41 2.48 2.30 1.73 1.21 1.11 1.37 1.79 2.13 2.38 2.70 3.14 3.53 4.09 4.81 5.37 5.76 6.10 6.28 6.09 5.38 4.50 3.74 3.07 2.72 2.58
2.50 2.08 1.79 1.87 1.93 2.18 2.33 2.27 2.17 2.25 2.57 3.09 3.81 4.57 5.10 5.26 5.01 4.52 4.01 3.60 3.28 3.02 2.87 2.86 2.92 2.90 2.73 2.64 2.68 2.66 2.53 2.49 2.55 2.60 2.56 2.40 2.17 1.91 1.80 1.89 2.05 2.17 2.39 2.86 3.27 3.13 2.50 1.95 1.70 1.56 1.46 1.48 1.68 1.94 2.13 2.24 2.34 2.39 2.37 2.24 1.86 1.36 1.25 1.56 2.11 2.56 2.92 3.40 3.95 4.27 4.63 5.20 5.69 5.92 5.93 5.89 5.67 5.12 4.49 3.98 3.61 3.30 3.04 2.84
2.26 1.84 1.63 1.76 1.84 1.97 2.07 2.18 2.40 2.79 3.27 3.88 4.62 5.21 5.41 5.21 4.72 4.14 3.63 3.25 2.95 2.69 2.56 2.59 2.68 2.72 2.59 2.46 2.45 2.42 2.24 2.22 2.28 2.31 2.26 2.16 2.03 1.81 1.71 1.70 1.72 1.78 2.01 2.58 3.13 3.10 2.51 1.99 1.83 1.82 1.88 2.06 2.29 2.40 2.40 2.33 2.24 2.09 1.88 1.61 1.34 1.28 1.53 2.12 2.80 3.39 4.00 4.51 4.68 4.75 5.00 5.37 5.57 5.41 5.14 4.82 4.42 4.02 3.72 3.53 3.40 3.31 3.21 3.07
1.99 1.71 1.65 1.86 2.02 2.16 2.33 2.58 2.96 3.41 3.96 4.65 5.29 5.50 5.29 4.80 4.21 3.63 3.15 2.81 2.54 2.34 2.26 2.28 2.41 2.57 2.48 2.19 2.01 1.99 1.86 1.81 1.85 1.89 1.90 1.93 1.99 1.82 1.76 1.73 1.77 1.92 2.14 2.60 3.06 3.11 2.79 2.48 2.40 2.49 2.61 2.70 2.71 2.61 2.42 2.27 2.08 1.86 1.69 1.55 1.50 1.68 2.13 2.83 3.60 4.31 4.76 4.74 4.49 4.45 4.78 5.02 4.85 4.41 4.07 3.83 3.61 3.44 3.31 3.17 3.07 3.05 3.04 2.99
1.88 1.79 1.82 2.04 2.25 2.45 2.67 2.97 3.39 3.91 4.53 5.14 5.44 5.26 4.71 4.12 3.57 3.01 2.57 2.25 2.07 1.99 1.96 1.98 2.19 2.45 2.38 1.93 1.63 1.62 1.60 1.56 1.55 1.53 1.55 1.76 1.90 1.97 2.05 2.15 2.32 2.51 2.66 2.88 3.16 3.28 3.22 3.12 3.07 2.98 2.86 2.70 2.56 2.42 2.35 2.28 2.25 2.24 2.28 2.29 2.34 2.55 3.01 3.71 4.41 4.82 4.66 4.07 3.78 4.02 4.53 4.71 4.38 3.82 3.53 3.39 3.28 3.20 3.11 2.99 2.88 2.80 2.75 2.73
2.05 2.05 2.05 2.08 2.23 2.52 2.85 3.25 3.74 4.31 4.87 5.19 5.10 4.60 3.98 3.48 3.01 2.49 2.04 1.78 1.72 1.66 1.57 1.70 2.04 2.33 2.29 1.90 1.48 1.46 1.59 1.66 1.61 1.44 1.34 1.63 1.81 2.00 2.20 2.45 2.73 2.90 2.94 3.01 3.22 3.44 3.53 3.49 3.31 3.01 2.75 2.64 2.60 2.56 2.50 2.43 2.52 2.55 2.64 2.74 2.92 3.23 3.71 4.30 4.79 4.70 3.99 3.44 3.48 3.94 4.44 4.53 4.12 3.55 3.29 3.21 3.13 3.04 2.94 2.83 2.75 2.66 2.53 2.45
2.20 2.24 2.21 2.13 2.25 2.60 3.01 3.50 4.04 4.54 4.89 4.88 4.52 3.95 3.40 2.98 2.55 2.08 1.66 1.46 1.43 1.32 1.26 1.52 1.97 2.28 2.34 2.11 1.74 1.71 1.90 2.03 1.90 1.66 1.59 1.71 1.77 1.97 2.25 2.59 2.80 2.79 2.72 2.79 3.09 3.47 3.67 3.59 3.32 3.06 2.99 3.01 2.95 2.79 2.64 2.57 2.69 2.56 2.61 2.81 3.13 3.51 3.96 4.41 4.63 4.21 3.51 3.37 3.61 3.96 4.29 4.29 3.83 3.22 2.91 2.92 2.92 2.81 2.67 2.56 2.49 2.44 2.30 2.21
2.19 2.21 2.26 2.30 2.49 2.84 3.26 3.74 4.21 4.55 4.65 4.41 3.96 3.43 2.95 2.54 2.12 1.67 1.28 1.15 1.15 1.08 1.18 1.57 2.07 2.44 2.64 2.62 2.50 2.55 2.65 2.58 2.35 2.09 1.87 1.90 2.03 2.25 2.56 2.70 2.59 2.40 2.38 2.62 3.05 3.55 3.84 3.80 3.60 3.47 3.38 3.24 2.99 2.78 2.67 2.65 2.65 2.68 2.81 3.01 3.28 3.56 3.88 4.22 4.28 3.81 3.39 3.45 3.61 3.75 3.93 3.92 3.50 2.83 2.45 2.49 2.58 2.49 2.35 2.23 2.13 2.10 2.04 2.02
2.15 2.15 2.26 2.45 2.77 3.15 3.50 3.84 4.17 4.37 4.30 3.95 3.49 3.00 2.51 2.08 1.62 1.16 0.87 0.88 1.01 1.16 1.48 1.97 2.48 2.86 3.14 3.20 3.12 3.12 3.09 2.92 2.67 2.44 2.30 2.32 2.47 2.66 2.69 2.47 2.18 2.13 2.35 2.68 3.14 3.74 4.16 4.16 3.90 3.69 3.50 3.23 2.97 2.80 2.70 2.70 2.76 2.84 2.90 3.00 3.12 3.29 3.58 3.95 4.01 3.62 3.30 3.31 3.31 3.36 3.54 3.60 3.32 2.71 2.23 2.22 2.29 2.23 2.07 1.92 1.80 1.82 1.78 1.86
2.20 2.22 2.37 2.60 2.94 3.26 3.48 3.69 3.98 4.13 3.95 3.56 3.10 2.59 2.07 1.57 1.07 0.71 0.74 0.93 1.21 1.55 1.97 2.47 2.94 3.30 3.53 3.48 3.25 3.10 3.01 2.91 2.78 2.65 2.54 2.53 2.58 2.54 2.27 1.94 1.89 2.08 2.30 2.57 3.10 3.94 4.44 4.30 3.81 3.49 3.33 3.17 3.02 2.88 2.77 2.73 3.11 2.65 2.69 2.68 2.75 2.89 3.30 3.75 3.86 3.52 3.14 3.02 2.99 3.07 3.33 3.54 3.40 2.93 2.37 2.15 2.14 2.09 1.95 2.20 1.73 1.58 1.55 1.69
2.27 2.29 2.41 2.61 2.84 3.02 3.21 3.52 3.88 3.98 3.68 3.21 2.72 2.16 1.55 0.99 0.70 0.76 1.06 1.35 1.65 1.97 2.35 2.82 3.24 3.52 3.61 3.41 3.09 2.88 2.82 2.80 2.80 2.81 2.76 2.59 2.88 2.07 1.79 1.70 1.81 1.95 2.05 2.32 3.09 4.14 4.57 4.15 3.40 2.98 2.81 2.72 2.68 2.69 2.73 2.72 2.60 2.45 2.42 2.50 2.60 2.85 3.30 3.71 3.81 3.48 3.05 2.84 2.82 3.01 3.39 3.74 3.66 3.24 2.82 2.52 2.36 2.24 2.13 2.00 1.83 1.64 1.62 1.73
2.30 2.29 2.36 2.49 2.62 2.82 3.18 3.67 3.96 3.85 3.39 2.82 2.27 1.64 1.01 1.32 0.90 1.33 1.63 1.83 2.04 2.32 2.68 3.07 3.34 3.48 3.45 3.24 2.99 2.84 2.81 2.78 2.76 2.79 2.78 2.61 2.27 1.95 1.72 1.70 1.77 1.87 2.03 2.42 3.27 4.26 4.53 3.86 2.88 2.36 2.14 1.97 1.93 2.06 2.27 2.45 2.47 2.44 2.50 2.61 2.77 3.03 3.34 3.64 3.76 3.50 3.02 2.78 2.80 3.09 3.57 3.96 3.90 3.45 3.12 3.01 2.95 2.89 2.77 2.56 2.30 2.11 2.14 2.12
2.31 2.31 2.38 2.49 2.64 3.00 3.52 3.91 3.90 3.51 2.91 2.26 1.65 1.02 0.69 0.86 1.29 1.63 1.81 2.00 2.27 2.60 2.92 3.11 3.17 3.19 3.22 3.19 3.08 2.96 2.87 2.76 2.63 2.54 2.50 2.52 2.34 2.09 1.86 1.80 1.90 2.10 2.29 2.64 3.39 4.21 4.33 3.54 2.52 2.06 1.84 1.64 1.60 1.75 2.01 2.28 2.43 2.51 2.62 2.74 2.88 2.98 3.14 3.46 3.71 3.50 2.95 2.72 2.82 3.16 3.63 4.05 3.99 3.50 3.10 3.03 3.11 3.18 3.16 3.04 2.91 2.88 2.84 2.66
2.31 2.33 2.43 2.60 2.86 3.33 3.77 3.85 3.51 2.88 2.18 1.45 0.82 0.49 1.26 0.91 1.22 1.44 1.70 1.99 2.34 2.68 2.83 2.79 2.77 2.91 3.15 3.29 3.19 2.93 2.72 2.54 2.40 2.27 2.23 2.36 2.38 2.19 2.00 2.01 2.18 2.36 2.49 2.80 3.47 4.11 4.14 3.47 2.65 2.23 2.07 2.05 2.21 2.40 2.51 2.54 2.57 2.58 2.60 2.64 2.66 2.64 2.82 3.31 3.69 3.48 2.83 2.61 2.74 3.04 3.49 3.97 3.93 3.34 2.84 2.71 2.78 2.89 2.94 2.94 2.99 3.08 3.09 2.91
2.32 2.36 2.48 2.70 3.05 3.49 3.67 3.42 2.82 2.05 1.32 0.68 0.36 0.40 0.67 0.97 1.18 1.40 1.69 1.99 2.30 2.53 2.52 2.44 2.57 2.91 3.25 3.38 3.18 2.82 2.53 2.31 2.21 2.13 2.05 2.17 2.31 2.17 2.05 2.17 2.37 2.51 2.67 3.09 3.68 4.14 4.12 3.67 3.19 2.92 2.81 2.93 3.08 3.10 2.94 2.71 2.57 2.48 2.40 2.32 2.27 2.27 2.55 3.20 3.65 3.45 2.77 2.52 2.59 2.77 3.24 3.80 3.77 3.13 2.56 2.40 2.46 2.48 2.43 2.44 2.55 2.69 2.73 2.66
2.36 2.42 2.57 2.82 3.15 3.36 3.22 2.70 1.99 1.26 0.68 0.39 0.43 0.65 0.93 1.19 1.43 1.64 1.89 2.14 2.37 2.45 2.39 2.44 2.71 3.08 3.39 3.45 3.23 2.95 2.68 2.48 2.38 2.24 2.02 1.99 2.15 2.12 2.12 2.32 2.54 2.73 3.01 3.49 3.96 4.25 4.19 3.90 3.61 3.48 3.47 3.45 3.27 2.95 2.65 2.49 2.43 2.30 2.14 1.99 1.90 1.95 2.34 3.13 3.67 3.51 2.89 2.53 2.45 2.55 3.03 3.63 3.65 3.02 2.31 2.12 2.23 2.19 1.99 1.94 2.04 2.15 2.09 1.97
2.40 2.45 2.59 2.81 2.97 2.88 2.49 1.89 1.24 0.70 0.45 0.50 0.73 1.01 1.32 1.66 1.93 2.12 2.34 2.58 2.75 2.75 2.68 2.74 2.92 3.27 3.64 3.75 3.63 3.42 3.18 3.00 2.84 2.58 2.15 1.97 2.05 2.15 2.34 2.60 2.84 3.09 3.42 3.81 4.08 4.22 4.18 3.99 3.79 3.68 3.59 3.40 3.06 2.69 2.47 2.43 2.41 2.25 2.02 1.82 1.74 1.85 2.33 3.23 3.82 3.71 3.11 2.60 2.38 2.43 2.87 3.49 3.54 2.89 2.07 1.78 1.91 1.91 1.68 1.60 1.72 1.78 1.56 1.31
2.44 2.44 2.48 2.52 2.41 2.09 1.63 1.18 0.75 0.51 0.58 0.80 1.08 1.42 1.83 2.28 2.64 2.90 3.15 3.36 3.41 3.28 3.09 2.95 3.03 3.50 4.01 4.08 3.87 3.57 3.29 3.07 2.83 2.50 2.14 2.04 2.10 2.31 2.62 2.91 3.14 3.36 3.58 3.77 3.90 4.05 4.13 4.06 3.87 3.68 3.44 3.18 2.99 2.90 2.79 2.64 2.49 2.30 2.10 1.97 1.97 2.14 2.66 3.49 4.00 3.86 3.17 2.59 2.38 2.47 2.88 3.36 3.33 2.61 1.76 1.47 1.62 1.72 1.62 1.57 1.63 1.60 1.30 0.99
2.48 2.45 2.37 2.19 1.85 1.46 1.11 0.88 0.74 0.78 1.01 1.27 1.62 2.07 2.55 3.04 3.42 3.71 3.91 3.91 3.70 3.33 2.96 2.80 3.05 3.75 4.23 4.05 3.53 3.11 2.79 2.55 2.31 2.07 1.99 2.12 2.26 2.50 2.81 3.06 3.20 3.29 3.34 3.39 3.57 3.87 4.13 4.13 3.88 3.56 3.25 3.00 2.88 2.84 2.77 2.62 2.47 2.30 2.15 2.10 2.18 2.45 3.02 3.70 4.07 3.83 3.09 2.55 2.50 2.71 3.02 3.19 2.95 2.25 1.57 1.37 1.47 1.55 1.61 1.65 1.65 1.59 1.35 1.11
2.52 2.43 2.25 2.00 1.73 1.48 1.30 1.20 1.24 1.40 1.61 1.89 2.31 2.82 3.33 3.74 4.02 4.12 4.01 3.68 3.20 2.68 2.44 2.61 3.17 3.96 4.25 3.82 3.20 2.85 2.64 2.46 2.30 2.07 2.05 2.25 2.41 2.61 2.83 2.97 3.00 2.96 2.90 2.97 3.27 3.73 4.13 4.16 3.77 3.21 2.82 2.61 2.48 2.36 2.27 2.27 2.26 2.17 2.06 2.02 2.14 2.54 3.20 3.81 4.03 3.75 3.14 2.71 2.71 2.89 3.01 2.87 2.48 2.01 1.63 1.55 1.50 1.46 1.64 1.77 1.69 1.59 1.52 1.57
2.49 2.31 2.05 1.98 1.87 1.80 1.76 1.81 1.97 2.14 2.29 2.56 3.01 3.54 3.96 4.18 4.16 3.89 3.37 2.75 2.21 1.94 2.14 2.67 3.37 4.16 4.31 3.86 3.44 3.24 3.11 2.97 2.74 2.44 2.32 2.41 2.48 2.59 2.70 2.74 2.65 2.50 2.48 2.71 3.09 3.62 4.13 4.15 3.53 2.73 2.27 2.09 1.95 1.80 1.74 1.86 2.00 2.03 2.02 2.04 2.22 2.69 3.32 3.78 3.88 3.62 3.18 2.82 2.72 2.77 2.76 2.50 2.20 2.02 1.93 1.87 1.72 1.63 1.97 2.16 2.01 1.89 2.02 2.37
2.40 2.19 1.99 2.05 2.01 2.07 2.19 2.40 2.65 2.84 3.03 3.29 3.70 4.09 4.23 4.10 3.73 3.14 2.46 1.88 1.61 1.77 2.30 2.93 3.69 4.47 4.51 4.11 3.81 3.65 3.47 3.22 2.92 2.64 2.50 2.49 2.49 2.50 2.51 2.40 2.19 2.10 2.29 2.66 3.08 3.68 4.19 4.08 3.24 2.39 2.05 1.90 1.63 1.46 1.50 1.72 1.95 2.04 2.08 2.16 2.40 2.85 3.32 3.61 3.67 3.53 3.17 2.75 2.56 2.57 2.49 2.33 2.29 2.35 2.40 2.36 2.24 2.29 2.74 2.88 2.70 2.64 2.88 3.13
2.33 2.19 2.09 2.15 2.25 2.46 2.74 3.00 3.19 3.32 3.50 3.77 4.04 4.14 3.95 3.50 2.92 2.27 1.73 1.46 1.63 2.20 2.82 3.38 4.15 4.75 4.60 4.02 3.62 3.38 3.13 2.87 2.68 2.57 2.49 2.45 2.40 2.33 2.20 2.03 1.93 2.13 2.50 2.86 3.29 3.89 4.27 4.00 3.18 2.50 2.24 2.07 1.79 1.72 1.80 1.95 2.11 2.18 2.25 2.37 2.57 2.92 3.28 3.49 3.57 3.51 3.19 2.78 2.60 2.59 2.51 2.46 2.60 2.74 2.79 2.81 2.93 3.23 3.56 3.58 3.41 3.35 3.44 3.31
2.33 2.25 2.20 2.28 2.48 2.75 2.99 3.16 3.26 3.33 3.50 3.72 3.83 3.68 3.26 2.70 2.10 1.57 1.30 1.42 1.95 2.65 3.21 3.74 4.44 4.76 4.36 3.62 3.12 2.82 2.59 2.45 2.38 2.36 2.38 2.37 2.26 2.10 1.96 1.94 2.15 2.57 2.87 3.11 3.49 4.04 4.29 3.92 3.20 2.77 2.61 2.45 2.33 2.28 2.21 2.15 2.19 2.27 2.42 2.57 2.74 3.05 3.34 3.52 3.58 3.52 3.30 3.05 2.94 2.83 2.70 2.68 2.79 2.86 2.90 3.04 3.36 3.69 3.80 3.65 3.44 3.35 3.23 2.87
2.33 2.28 2.23 2.31 2.50 2.69 2.79 2.83 2.86 2.97 3.17 3.34 3.28 3.00 2.54 1.96 1.43 1.19 1.32 1.76 2.35 2.91 3.36 3.82 4.39 4.49 3.90 3.17 2.66 2.38 2.25 2.19 2.10 2.03 2.13 2.26 2.22 2.13 2.15 2.35 2.65 2.88 3.00 3.18 3.56 4.06 4.20 3.76 3.15 2.80 2.61 2.48 2.46 2.42 2.22 2.11 2.16 2.30 2.49 2.66 2.89 3.22 3.47 3.59 3.60 3.54 3.44 3.30 3.13 2.88 2.74 2.74 2.78 2.82 2.92 3.15 3.43 3.55 3.39 3.19 3.05 2.94 2.72 2.34
2.33 2.32 2.33 2.37 2.41 2.45 2.44 2.40 2.44 2.62 2.84 2.89 2.67 2.26 1.76 1.29 1.15 1.41 1.95 2.47 2.87 3.22 3.53 3.86 4.20 4.11 3.41 2.71 2.28 2.13 2.10 2.03 1.84 1.69 1.75 1.99 2.19 2.33 2.51 2.67 2.77 2.81 2.87 3.09 3.52 3.95 4.02 3.57 2.97 2.57 2.33 2.20 2.16 2.12 2.02 2.05 2.16 2.33 2.53 2.75 3.04 3.38 3.56 3.59 3.55 3.51 3.45 3.27 2.95 2.64 2.58 2.63 2.70 2.78 2.91 3.12 3.28 3.14 2.88 2.78 2.76 2.71 2.58 2.46
2.45 2.50 2.55 2.53 2.44 2.28 2.23 2.21 2.30 2.49 2.56 2.38 1.97 1.49 1.09 1.02 1.41 2.08 2.63 3.00 3.27 3.50 3.71 3.92 4.07 3.85 3.18 2.50 2.17 2.13 2.13 2.05 1.89 1.72 1.69 1.90 2.20 2.39 2.46 2.44 2.42 2.48 2.66 2.97 3.42 3.81 3.80 3.31 2.67 2.29 2.11 1.97 1.84 1.76 1.77 1.96 2.15 2.35 2.56 2.80 3.12 3.42 3.51 3.48 3.42 3.39 3.33 3.14 2.81 2.53 2.46 2.52 2.63 2.68 2.73 2.99 3.09 2.86 2.63 2.56 2.55 2.57 2.65 2.77
2.66 2.66 2.62 2.52 2.41 2.30 2.24 2.25 2.30 2.28 2.05 1.66 1.24 0.91 0.90 1.22 1.79 2.38 2.78 3.09 3.35 3.54 3.71 3.95 4.07 3.77 3.19 2.71 2.55 2.58 2.59 2.50 2.40 2.26 2.20 2.26 2.36 2.35 2.24 2.15 2.13 2.24 2.55 2.95 3.38 3.68 3.58 3.04 2.45 2.15 2.01 1.82 1.63 1.50 1.51 1.79 2.15 2.42 2.63 2.85 3.14 3.31 3.32 3.26 3.27 3.30 3.26 3.11 2.86 2.61 2.47 2.49 2.57 2.59 2.68 2.90 2.92 2.72 2.53 2.41 2.32 2.29 2.37 2.50
2.72 2.57 2.36 2.25 2.18 2.12 2.12 2.12 2.01 1.73 1.31 1.02 0.93 0.95 1.26 1.77 2.17 2.48 2.73 3.00 3.20 3.34 3.62 4.02 4.10 3.73 3.35 3.24 3.29 3.34 3.31 3.25 3.12 2.92 2.75 2.63 2.50 2.34 2.21 2.12 2.10 2.27 2.67 3.09 3.40 3.57 3.39 2.88 2.41 2.14 1.89 1.61 1.51 1.60 1.71 1.97 2.32 2.57 2.74 2.95 3.11 3.11 3.07 3.11 3.23 3.31 3.26 3.10 2.90 2.66 2.54 2.56 2.59 2.59 2.61 2.67 2.72 2.63 2.48 2.30 2.10 2.00 2.02 2.02
2.60 2.33 2.06 1.99 1.95 1.93 1.92 1.79 1.56 1.28 1.09 1.08 1.25 1.62 2.30 2.86 2.96 2.91 2.93 3.03 3.14 3.31 3.77 4.20 4.08 3.68 3.54 3.59 3.63 3.61 3.56 3.45 3.27 3.05 2.86 2.67 2.52 2.39 2.25 2.12 2.16 2.46 2.89 3.19 3.35 3.43 3.25 2.80 2.39 2.04 1.67 1.51 1.74 2.13 2.37 2.45 2.54 2.66 2.82 2.94 2.93 2.86 2.92 3.13 3.31 3.35 3.24 3.09 2.92 2.77 2.67 2.65 2.60 2.48 2.34 2.35 2.53 2.59 2.45 2.21 1.99 1.97 2.09 2.07
2.46 2.25 2.00 1.93 1.93 1.97 1.93 1.79 1.62 1.54 1.67 1.99 2.41 3.06 3.73 4.06 4.03 3.78 3.55 3.51 3.59 3.83 4.27 4.38 3.98 3.57 3.52 3.52 3.40 3.31 3.23 3.08 2.94 2.84 2.74 2.62 2.53 2.43 2.26 2.14 2.29 2.70 3.03 3.12 3.18 3.29 3.14 2.71 2.32 1.95 1.72 1.91 2.44 2.84 2.87 2.68 2.58 2.66 2.76 2.78 2.73 2.74 2.93 3.14 3.28 3.26 3.12 3.02 2.93 2.84 2.75 2.64 2.49 2.29 2.16 2.20 2.46 2.58 2.45 2.25 2.19 2.33 2.47 2.40
2.44 2.30 2.11 2.04 2.09 2.19 2.25 2.27 2.30 2.46 2.84 3.35 3.94 4.47 4.75 4.71 4.47 4.26 4.19 4.23 4.33 4.49 4.60 4.35 3.78 3.42 3.40 3.33 3.10 2.90 2.72 2.56 2.47 2.47 2.47 2.48 2.49 2.44 2.29 2.24 2.45 2.70 2.80 2.81 3.00 3.24 3.13 2.76 2.42 2.22 2.27 2.65 3.08 3.21 2.95 2.66 2.63 2.72 2.74 2.71 2.69 2.76 2.87 2.99 3.09 3.02 2.90 2.90 2.88 2.78 2.66 2.52 2.37 2.23 2.15 2.22 2.46 2.56 2.48 2.41 2.46 2.61 2.66 2.56
2.50 2.40 2.27 2.24 2.31 2.41 2.56 2.75 3.04 3.47 3.97 4.44 4.76 4.87 4.76 4.40 4.02 3.97 4.10 4.24 4.38 4.45 4.38 4.03 3.49 3.25 3.32 3.27 2.99 2.70 2.46 2.29 2.20 2.19 2.20 2.25 2.32 2.34 2.27 2.24 2.29 2.32 2.34 2.55 3.06 3.42 3.31 2.97 2.70 2.64 2.84 3.17 3.39 3.33 3.08 2.93 2.95 2.94 2.86 2.77 2.72 2.69 2.69 2.80 2.90 2.80 2.72 2.82 2.84 2.73 2.56 2.37 2.25 2.18 2.16 2.25 2.41 2.48 2.51 2.55 2.57 2.60 2.56 2.43
2.59 2.50 2.39 2.39 2.47 2.57 2.75 3.07 3.56 4.07 4.44 4.58 4.52 4.29 3.94 3.48 3.19 3.25 3.41 3.61 3.85 3.97 3.91 3.60 3.18 3.10 3.28 3.22 2.91 2.66 2.54 2.46 2.42 2.39 2.31 2.20 2.18 2.21 2.17 2.10 2.04 2.09 2.34 2.83 3.46 3.74 3.55 3.17 2.92 2.91 3.09 3.34 3.48 3.45 3.37 3.33 3.29 3.15 2.97 2.80 2.66 2.57 2.58 2.71 2.74 2.61 2.65 2.84 2.90 2.78 2.52 2.23 2.10 2.08 2.12 2.23 2.31 2.39 2.54 2.67 2.68 2.65 2.56 2.38
2.63 2.49 2.38 2.45 2.60 2.76 3.05 3.47 3.91 4.16 4.17 3.99 3.73 3.41 3.09 2.75 2.58 2.68 2.84 3.11 3.47 3.66 3.62 3.30 2.96 3.00 3.22 3.09 2.74 2.62 2.66 2.71 2.71 2.63 2.46 2.27 2.18 2.18 2.12 2.09 2.17 2.41 2.80 3.37 3.89 3.99 3.66 3.20 2.96 2.95 3.10 3.33 3.47 3.46 3.42 3.41 3.32 3.15 2.95 2.75 2.59 2.52 2.53 2.56 2.51 2.49 2.71 2.96 3.02 2.85 2.47 2.11 1.98 1.98 2.03 2.12 2.18 2.30 2.52 2.77 2.84 2.75 2.58 2.40
2.59 2.44 2.36 2.50 2.70 2.96 3.35 3.73 3.88 3.77 3.51 3.25 3.00 2.77 2.52 2.27 2.19 2.37 2.64 2.97 3.38 3.67 3.57 3.13 2.85 3.04 3.20 2.99 2.71 2.62 2.62 2.59 2.51 2.40 2.29 2.19 2.18 2.19 2.17 2.25 2.47 2.74 3.16 3.75 4.15 4.07 3.59 3.05 2.81 2.84 3.01 3.25 3.35 3.25 3.13 3.06 2.97 2.84 2.74 2.64 2.54 2.47 2.41 2.35 2.35 2.53 2.87 3.10 3.10 2.81 2.34 2.01 1.86 1.84 1.88 1.96 2.02 2.14 2.44 2.85 2.97 2.73 2.46 2.30
2.56 2.47 2.43 2.55 2.73 3.01 3.38 3.53 3.37 3.08 2.81 2.55 2.34 2.17 1.99 1.91 2.10 2.46 2.79 3.11 3.57 3.88 3.58 3.00 2.92 3.18 3.21 2.99 2.79 2.67 2.58 2.43 2.27 2.13 2.05 2.01 2.07 2.15 2.22 2.38 2.60 2.88 3.35 3.94 4.19 3.92 3.34 2.79 2.60 2.70 2.92 3.14 3.18 2.97 2.72 2.55 2.42 2.34 2.41 2.48 2.47 2.40 2.30 2.28 2.41 2.68 3.03 3.20 3.05 2.65 2.21 1.92 1.74 1.71 1.77 1.84 1.88 2.00 2.39 2.94 3.03 2.60 2.24 2.09
