project/data/elevation/US_DEM2016/US_DEM2016_point_10-31-2019_1904_30m_vel.asc
ncols	125
nrows	167
xllcorner	-2042055.000000
yllcorner	1465035.000000
cellsize	30.000000
NODATA_value	-9999.000000
[rows 114 to 151 of 167, columns 0 to 83 of 125]
6.66 6.65 6.69 6.79 6.97 7.23 7.31 6.93 6.30 5.68 5.15 4.67 4.33 4.13 4.24 4.69 5.41 6.14 6.66 7.03 7.25 7.14 6.74 6.60 6.92 7.19 7.27 7.32 7.39 7.33 7.16 6.78 6.22 5.82 5.70 5.81 6.14 6.52 6.79 6.97 7.17 7.39 7.55 7.58 7.30 6.84 6.57 6.53 6.57 6.68 6.79 6.76 6.62 6.34 5.89 5.56 5.54 5.86 6.25 6.51 6.59 6.53 6.41 6.30 6.27 6.31 6.36 6.29 6.10 5.94 5.86 5.83 5.84 5.88 5.87 5.79 5.69 5.61 5.61 5.67 5.58 5.25 4.99 4.82
6.79 6.82 6.86 6.86 6.87 6.83 6.57 6.03 5.40 4.87 4.45 4.15 3.96 4.12 4.76 5.73 6.61 7.29 7.75 7.88 7.58 6.93 6.19 6.02 6.30 6.46 6.54 6.73 6.96 7.20 7.47 7.57 7.33 6.69 6.01 5.84 6.23 6.74 7.08 7.28 7.44 7.57 7.59 7.41 6.96 6.36 5.99 6.01 6.21 6.50 6.87 7.04 7.03 6.85 6.38 5.74 5.36 5.43 5.71 6.02 6.29 6.49 6.61 6.65 6.64 6.57 6.41 6.16 5.96 5.85 5.84 5.88 5.93 5.93 5.86 5.77 5.75 5.77 5.78 5.72 5.50 5.20 4.98 4.77
6.89 6.92 6.93 6.86 6.71 6.44 6.03 5.62 5.43 5.40 5.40 5.35 5.51 6.04 6.86 7.69 8.25 8.42 8.28 7.88 7.28 6.65 6.07 5.69 5.61 5.56 5.72 6.09 6.40 6.65 6.95 7.35 7.61 7.55 7.20 7.02 7.11 7.28 7.38 7.42 7.40 7.35 7.31 7.15 6.80 6.31 5.87 5.78 6.04 6.46 6.85 7.11 7.25 7.31 7.22 6.98 6.61 6.28 6.10 6.12 6.25 6.38 6.48 6.56 6.62 6.57 6.37 6.09 5.86 5.71 5.67 5.74 5.84 5.91 5.90 5.88 5.89 5.94 5.99 6.00 5.97 5.85 5.78 5.77
6.87 6.85 6.81 6.73 6.55 6.26 5.96 5.79 5.88 6.18 6.55 7.01 7.58 8.17 8.61 8.78 8.64 8.22 7.70 7.14 6.72 6.59 6.51 6.16 5.72 5.45 5.40 5.66 5.91 5.98 6.02 6.32 6.92 7.50 7.78 7.79 7.60 7.35 7.14 6.99 6.89 6.91 6.97 6.94 6.79 6.52 6.08 5.81 5.99 6.35 6.56 6.69 6.91 7.21 7.46 7.62 7.67 7.54 7.23 6.86 6.62 6.46 6.35 6.29 6.27 6.21 6.05 5.88 5.76 5.67 5.62 5.63 5.71 5.85 5.97 6.05 6.11 6.16 6.23 6.40 6.65 6.83 6.94 7.07
6.79 6.70 6.62 6.58 6.49 6.35 6.22 6.14 6.16 6.38 6.94 7.69 8.35 8.68 8.66 8.25 7.55 6.96 6.62 6.30 6.20 6.38 6.62 6.63 6.38 6.00 5.69 5.59 5.76 5.76 5.53 5.47 5.83 6.57 7.14 7.34 7.20 6.95 6.75 6.63 6.61 6.72 6.83 6.77 6.61 6.51 6.28 5.93 5.92 6.05 6.09 6.12 6.30 6.66 7.06 7.37 7.60 7.75 7.72 7.45 7.04 6.64 6.30 6.03 5.80 5.59 5.44 5.51 5.72 5.88 5.91 5.87 5.87 5.96 6.09 6.21 6.31 6.38 6.49 6.68 6.92 7.16 7.37 7.46
6.68 6.58 6.51 6.52 6.49 6.47 6.45 6.40 6.43 6.69 7.27 7.83 8.06 7.92 7.51 6.96 6.50 6.21 5.94 5.73 5.69 5.80 6.01 6.27 6.34 6.18 5.96 5.87 6.00 6.10 5.91 5.54 5.42 5.63 6.12 6.50 6.67 6.67 6.69 6.70 6.72 6.77 6.74 6.54 6.35 6.35 6.36 6.16 5.98 5.90 5.80 5.80 6.00 6.35 6.74 7.01 7.12 7.16 7.25 7.28 7.09 6.69 6.28 5.90 5.51 5.23 5.27 5.61 5.98 6.21 6.30 6.28 6.22 6.17 6.17 6.22 6.27 6.33 6.43 6.53 6.60 6.66 6.75 6.75
6.61 6.55 6.53 6.53 6.50 6.54 6.62 6.67 6.81 7.19 7.62 7.74 7.50 7.09 6.64 6.29 6.12 5.92 5.63 5.42 5.31 5.29 5.45 5.74 5.88 5.89 5.96 6.09 6.23 6.37 6.39 6.12 5.68 5.44 5.48 5.81 6.19 6.47 6.70 6.81 6.83 6.81 6.66 6.34 6.11 6.11 6.25 6.23 6.03 5.86 5.76 5.80 6.04 6.35 6.61 6.79 6.77 6.64 6.59 6.68 6.69 6.53 6.29 6.02 5.80 5.79 5.99 6.21 6.31 6.35 6.38 6.41 6.36 6.25 6.12 6.02 5.98 6.04 6.15 6.22 6.22 6.19 6.16 6.08
6.66 6.65 6.62 6.54 6.50 6.59 6.79 6.99 7.26 7.60 7.70 7.49 7.14 6.81 6.52 6.27 6.01 5.75 5.62 5.63 5.70 5.77 5.84 5.83 5.78 5.81 5.98 6.13 6.19 6.29 6.44 6.46 6.26 5.91 5.60 5.59 5.90 6.27 6.53 6.69 6.77 6.77 6.53 6.11 5.79 5.72 5.88 5.95 5.83 5.71 5.70 5.79 5.95 6.07 6.19 6.37 6.49 6.45 6.33 6.28 6.33 6.36 6.38 6.40 6.48 6.62 6.67 6.60 6.45 6.31 6.25 6.26 6.27 6.23 6.12 5.98 5.92 6.01 6.11 6.07 5.96 5.91 5.91 5.91
6.72 6.70 6.59 6.49 6.49 6.61 6.85 7.20 7.64 7.77 7.59 7.23 6.93 6.68 6.42 6.12 5.87 5.83 6.05 6.33 6.48 6.45 6.28 6.08 5.94 5.92 5.98 6.03 6.04 6.12 6.28 6.40 6.42 6.28 6.07 5.97 6.08 6.26 6.37 6.50 6.59 6.49 6.06 5.55 5.26 5.25 5.45 5.62 5.60 5.49 5.41 5.38 5.35 5.38 5.50 5.75 6.08 6.29 6.33 6.28 6.29 6.35 6.44 6.52 6.58 6.62 6.61 6.56 6.50 6.44 6.34 6.24 6.21 6.19 6.12 6.07 6.07 6.08 5.95 5.73 5.56 5.49 5.52 5.61
6.60 6.53 6.40 6.37 6.46 6.61 6.82 7.09 7.38 7.38 7.13 6.81 6.53 6.21 5.86 5.72 5.86 6.12 6.33 6.38 6.25 6.09 6.04 6.13 6.25 6.23 6.04 5.93 5.90 5.94 6.04 6.11 6.12 6.16 6.27 6.39 6.43 6.38 6.49 6.38 6.28 5.81 5.12 4.72 4.66 4.82 5.11 5.40 5.48 5.33 5.12 4.90 4.71 4.68 4.83 5.13 5.55 5.92 6.10 6.18 6.26 6.35 6.40 6.35 6.30 6.34 6.42 6.46 6.49 6.52 6.49 6.37 6.23 6.08 5.95 5.91 5.84 5.65 5.39 5.22 5.19 5.20 5.18 5.17
6.55 6.50 6.44 6.42 6.48 6.59 6.68 6.75 6.71 6.54 6.35 6.22 6.01 5.64 5.40 5.62 5.90 5.98 5.81 5.50 5.30 5.41 5.73 6.11 6.38 6.48 6.36 6.12 5.94 5.83 5.89 5.98 6.00 6.07 6.20 6.30 6.32 6.27 6.17 6.11 5.75 5.07 4.61 4.58 4.71 4.84 5.02 5.32 5.47 5.45 5.35 5.17 4.88 4.66 4.64 4.87 5.22 5.52 5.76 5.99 6.19 6.35 6.46 6.57 6.67 6.72 6.66 6.51 6.36 6.29 6.33 6.31 6.15 5.89 5.71 5.60 5.43 5.25 5.15 5.15 5.20 5.15 4.99 4.86
6.76 6.83 6.81 6.63 6.49 6.45 6.44 6.37 6.21 6.01 6.15 5.94 5.76 5.44 5.41 5.55 5.46 5.21 4.94 4.77 4.88 5.31 5.82 6.20 6.40 6.52 6.58 6.46 6.20 5.95 5.89 6.01 6.06 6.00 5.87 5.74 5.74 5.81 5.84 5.71 5.35 5.08 5.25 5.58 5.74 5.67 5.60 5.66 5.76 5.82 5.79 5.68 5.51 5.29 5.14 5.15 5.25 5.49 5.81 6.08 6.23 6.36 6.57 6.85 6.98 6.90 6.66 6.41 6.20 6.08 6.06 6.05 5.93 5.73 5.56 5.38 5.20 5.12 5.18 5.28 5.27 5.14 5.00 5.02
6.87 6.91 6.82 6.53 6.30 6.22 6.20 6.11 6.00 5.96 5.96 5.86 5.61 5.36 5.21 5.00 4.70 4.56 4.62 4.84 5.25 5.71 6.13 6.35 6.35 6.36 6.45 6.49 6.35 6.11 5.98 6.05 6.07 5.88 5.55 5.39 5.45 5.64 5.75 5.71 5.68 5.93 6.31 6.54 6.64 6.65 6.58 6.44 6.31 6.16 5.97 5.78 5.68 5.65 5.61 5.53 5.52 5.73 6.03 6.20 6.20 6.27 6.44 6.56 6.45 6.24 6.12 6.11 6.15 6.16 6.04 5.88 5.74 5.63 5.49 5.27 5.00 4.80 4.79 4.94 5.14 5.31 5.46 5.61
6.58 6.40 6.08 5.94 5.91 6.00 6.06 6.01 5.94 5.90 6.09 5.47 5.29 5.16 4.95 4.72 4.63 4.80 5.22 5.82 6.29 6.51 6.51 6.27 5.94 5.90 6.01 6.10 6.10 6.04 6.02 6.08 6.15 6.05 5.83 5.74 5.86 6.01 6.09 6.16 6.32 6.49 6.58 6.65 6.83 7.08 7.23 7.20 6.99 6.67 6.37 6.13 5.94 5.84 5.78 5.73 5.76 5.87 6.02 6.11 6.06 6.08 6.12 6.02 5.84 5.77 5.91 6.12 6.25 6.24 6.06 5.81 5.64 5.54 5.47 5.38 5.20 4.91 4.68 4.71 5.12 5.66 6.01 6.01
6.14 5.77 5.38 5.42 5.64 5.89 6.02 5.98 5.86 6.29 5.46 5.22 5.21 5.34 5.43 5.50 5.71 6.09 6.63 7.09 7.27 7.11 6.63 6.04 5.65 5.61 5.65 5.67 5.74 5.83 5.90 6.00 6.17 6.30 6.37 6.42 6.47 6.43 6.37 6.36 6.35 6.28 6.36 6.59 6.93 7.28 7.56 7.67 7.62 7.41 7.12 6.85 6.57 6.29 6.07 5.92 5.84 5.79 5.83 5.96 5.95 5.95 5.92 5.81 5.75 5.93 6.19 6.30 6.14 5.89 5.70 5.60 5.54 5.48 5.43 5.49 5.62 5.64 5.46 5.31 5.51 5.90 6.05 5.87
6.16 5.88 5.60 5.71 5.95 6.11 6.10 6.01 5.88 6.26 5.59 5.53 5.68 6.00 6.38 6.74 7.10 7.37 7.50 7.46 7.23 6.83 6.33 5.92 5.72 5.66 5.60 5.60 5.69 5.79 5.82 5.86 6.06 6.33 6.50 6.53 6.46 6.36 6.28 6.19 6.07 6.08 6.33 6.69 7.09 7.42 7.59 7.64 7.67 7.61 7.37 7.03 6.74 6.52 6.35 6.17 5.96 5.75 5.69 5.83 5.95 5.99 5.99 5.97 6.06 6.27 6.34 6.09 5.61 5.25 5.20 5.30 5.41 5.50 5.51 5.48 5.56 5.82 6.05 6.12 6.11 6.06 5.90 5.79
6.47 6.45 6.49 6.69 6.77 6.59 6.27 6.08 6.01 5.97 5.93 5.99 6.23 6.60 6.97 7.25 7.40 7.37 7.15 6.76 6.26 5.82 5.63 5.64 5.72 5.77 5.79 5.90 6.06 6.12 6.05 6.00 6.14 6.36 6.42 6.25 6.08 6.06 6.12 6.15 6.17 6.31 6.60 6.89 7.13 7.23 7.14 6.99 6.94 6.98 6.91 6.77 6.68 6.61 6.51 6.37 6.21 6.03 5.84 5.87 6.04 6.14 6.17 6.22 6.33 6.38 6.15 5.66 5.18 5.02 5.09 5.27 5.42 5.57 5.75 5.75 5.60 5.55 5.80 6.19 6.44 6.52 6.56 6.79
6.63 6.75 6.97 7.13 7.10 6.86 6.49 6.20 6.11 6.13 6.17 6.26 6.46 6.72 6.89 6.89 6.76 6.54 6.22 5.74 5.25 5.00 5.06 5.39 5.68 5.87 6.03 6.23 6.42 6.53 6.57 6.60 6.67 6.72 6.71 6.53 6.29 6.18 6.21 6.36 6.60 6.88 7.07 7.09 6.99 6.74 6.38 6.12 6.11 6.32 6.55 6.71 6.80 6.74 6.61 6.48 6.40 6.33 6.18 6.11 6.16 6.26 6.35 6.42 6.42 6.23 5.82 5.35 5.16 5.20 5.35 5.51 5.62 5.68 5.79 5.92 5.95 5.82 5.76 6.07 6.65 7.19 7.60 7.91
6.67 6.79 6.95 6.99 6.96 6.94 6.80 6.52 6.33 6.31 6.32 6.30 6.34 6.37 6.33 6.28 6.21 5.93 5.50 5.12 4.95 5.00 5.28 5.60 5.83 5.99 6.16 6.33 6.49 6.68 6.91 7.11 7.21 7.21 7.19 7.11 6.88 6.64 6.46 6.56 6.86 7.10 7.10 6.94 6.67 6.27 5.83 5.60 5.70 6.08 6.54 6.83 6.89 6.79 6.67 6.59 6.53 6.49 6.39 6.26 6.25 6.34 6.43 6.45 6.36 6.06 5.58 5.27 5.28 5.44 5.60 5.70 5.79 5.84 5.79 5.80 6.03 6.31 6.49 6.72 7.18 7.56 7.73 7.71
6.77 6.94 7.16 7.20 7.16 7.09 7.07 7.01 6.83 6.64 6.43 6.21 6.02 5.91 5.93 6.04 6.01 5.73 5.46 5.45 5.65 5.85 5.98 6.06 6.11 6.16 6.25 6.37 6.51 6.68 6.87 7.06 7.19 7.29 7.41 7.53 7.51 7.30 6.96 6.77 6.83 6.84 6.78 6.70 6.43 6.03 5.71 5.59 5.73 6.14 6.64 6.96 7.04 6.96 6.84 6.73 6.61 6.52 6.38 6.26 6.22 6.25 6.30 6.31 6.24 6.01 5.67 5.51 5.55 5.71 5.82 5.84 5.83 5.85 5.90 5.97 6.14 6.54 7.08 7.50 7.65 7.42 6.98 6.70
6.97 7.23 7.58 7.62 7.45 7.18 7.12 7.19 7.13 6.82 6.42 6.10 5.88 5.80 5.89 5.95 5.83 5.74 5.86 6.17 6.44 6.50 6.45 6.41 6.39 6.38 6.41 6.47 6.57 6.72 6.82 6.85 6.87 7.04 7.40 7.80 8.05 8.03 7.74 7.24 6.91 6.70 6.65 6.51 6.19 5.89 5.77 5.82 6.02 6.40 6.81 7.09 7.23 7.20 7.04 6.84 6.66 6.49 6.32 6.24 6.21 6.50 6.16 6.16 6.15 6.04 5.93 5.94 6.01 6.08 6.11 6.07 5.95 5.86 5.97 6.28 6.62 7.03 7.61 8.01 7.84 7.18 6.43 6.00
7.05 7.20 7.43 7.50 7.42 7.17 6.98 6.92 6.84 6.61 6.30 6.07 5.99 5.99 5.95 5.76 5.66 5.86 6.21 6.45 6.52 6.51 6.51 6.55 6.55 6.50 6.46 6.45 6.51 6.67 6.82 6.83 6.82 6.98 7.32 7.69 8.00 8.18 8.18 7.84 7.21 6.70 6.34 6.01 5.74 5.69 5.81 5.99 6.26 6.65 6.96 7.14 7.26 7.27 7.16 6.94 6.71 6.51 6.33 6.30 6.33 6.32 6.25 6.19 6.18 6.17 6.18 6.27 6.39 6.44 6.43 6.41 6.34 6.24 6.26 6.55 7.15 7.88 8.41 8.44 8.00 7.33 6.60 6.00
6.85 6.71 6.53 6.58 6.73 6.75 6.61 6.49 6.48 6.46 6.43 6.44 6.51 6.48 6.20 5.81 5.68 5.86 6.05 6.12 6.22 6.38 6.53 6.62 6.59 6.49 6.36 6.28 6.32 6.47 6.64 6.78 6.88 6.97 7.02 7.08 7.21 7.45 7.66 7.61 7.09 6.42 5.83 5.45 5.40 5.56 5.79 6.00 6.38 6.82 7.00 7.00 7.04 7.14 7.14 7.01 6.78 6.56 6.37 6.38 6.49 6.52 6.44 6.33 6.25 6.25 6.33 6.45 6.58 6.70 6.82 6.97 7.05 7.10 7.15 7.36 7.85 8.46 8.70 8.45 8.03 7.70 7.25 6.64
6.50 6.14 5.54 5.27 5.37 5.63 5.89 6.13 6.41 6.69 6.96 7.18 7.28 7.10 6.62 6.10 5.81 5.68 5.59 5.64 5.94 6.32 6.55 6.62 6.59 6.51 6.37 6.21 6.12 6.16 6.23 6.33 6.43 6.50 6.40 6.27 6.25 6.32 6.42 6.45 6.30 5.94 5.56 5.35 5.44 5.65 5.83 6.10 6.62 6.98 6.94 6.78 6.79 6.92 7.03 7.00 6.84 6.67 6.52 6.56 6.66 6.67 6.59 6.47 6.32 6.28 6.41 6.59 6.74 6.92 7.22 7.60 7.97 8.32 8.58 8.72 8.81 8.82 8.53 8.10 7.97 8.10 8.13 7.88
6.15 5.68 4.93 4.62 4.60 4.86 5.34 5.85 6.31 6.77 7.17 7.38 7.33 7.02 6.60 6.20 5.88 5.64 5.56 5.73 6.04 6.33 6.50 6.58 6.61 6.61 6.56 6.41 6.16 6.01 5.93 5.84 5.79 5.79 5.74 5.60 5.47 5.41 5.39 5.48 5.60 5.65 5.62 5.67 5.89 6.13 6.36 6.74 7.12 7.13 6.87 6.70 6.71 6.80 6.91 6.97 6.98 7.00 7.06 7.10 7.03 6.86 6.71 6.59 6.49 6.46 6.54 6.71 6.91 7.18 7.60 8.13 8.71 9.17 9.45 9.44 9.21 8.81 8.27 7.96 8.10 8.46 8.80 8.97
5.98 5.57 5.00 4.89 5.01 5.27 5.60 5.87 6.11 6.43 6.75 6.87 6.68 6.38 6.19 6.05 5.92 5.82 5.89 6.14 6.37 6.54 6.59 6.60 6.61 6.66 6.75 6.76 6.62 6.31 6.04 5.82 5.66 5.53 5.36 5.14 4.93 4.84 4.92 5.13 5.39 5.62 5.88 6.22 6.55 6.84 7.16 7.42 7.43 7.14 6.80 6.69 6.71 6.74 6.81 6.94 7.13 7.35 7.53 7.51 7.22 6.87 6.66 6.62 6.67 6.70 6.71 6.80 7.03 7.43 7.93 8.41 8.79 8.97 9.01 8.89 8.60 8.22 7.91 7.88 8.07 8.35 8.75 9.16
6.28 6.10 6.01 6.18 6.33 6.38 6.28 6.15 6.13 6.20 6.27 6.26 6.08 5.91 5.87 5.92 5.96 6.00 6.14 6.40 6.60 6.77 6.77 6.67 6.59 6.62 6.76 6.91 6.95 6.78 6.40 6.06 5.76 5.45 5.13 4.87 4.68 4.64 4.82 5.11 5.45 5.84 6.32 6.74 7.03 7.23 7.40 7.42 7.23 6.88 6.63 6.56 6.56 6.55 6.61 6.78 7.02 7.21 7.24 7.02 6.72 6.54 6.49 6.56 6.65 6.73 6.77 6.83 7.02 7.41 7.85 8.09 8.06 7.87 7.68 7.54 7.44 7.41 7.45 7.54 7.58 7.68 8.06 8.52
6.71 6.83 7.15 7.48 7.62 7.47 7.03 6.74 6.59 6.41 6.13 5.85 5.71 5.71 5.80 5.94 6.06 6.18 6.40 6.66 6.85 6.95 6.83 6.63 6.51 6.52 6.65 6.81 6.91 6.87 6.62 6.25 5.84 5.41 5.04 4.84 4.79 4.83 4.98 5.27 5.76 6.40 6.93 7.20 7.26 7.22 7.16 7.05 6.83 6.56 6.38 6.27 6.21 6.24 6.35 6.51 6.65 6.67 6.51 6.24 6.14 6.20 6.34 6.47 6.51 6.56 6.65 6.76 6.89 7.09 7.29 7.21 6.94 6.67 6.49 6.47 6.64 6.92 7.11 7.18 7.16 7.20 7.40 7.62
6.83 7.05 7.40 7.64 7.78 7.81 7.73 7.51 7.19 6.73 6.22 5.83 5.67 5.74 5.94 6.13 6.30 6.50 6.73 6.89 6.92 6.82 6.59 6.39 6.33 6.37 6.48 6.57 6.62 6.61 6.52 6.28 5.95 5.58 5.26 5.10 5.09 5.15 5.32 5.75 6.46 7.10 7.39 7.37 7.20 7.01 6.91 6.81 6.61 6.37 6.18 6.05 5.97 6.09 6.22 6.29 6.23 6.06 5.86 5.75 5.80 6.00 6.20 6.32 6.31 6.32 6.44 6.64 6.83 6.93 6.86 6.58 6.34 6.24 6.22 6.37 6.71 7.03 7.15 7.14 7.16 7.19 7.18 7.20
6.75 6.91 7.12 7.17 7.18 7.24 7.47 7.49 7.24 6.80 6.38 6.09 5.95 6.00 6.19 6.42 6.63 6.83 6.92 6.84 6.61 6.36 6.20 6.16 6.20 6.28 6.31 6.26 6.28 6.35 6.35 6.25 6.08 5.84 5.62 5.52 5.53 5.63 5.93 6.55 7.12 7.32 7.18 6.95 6.80 6.74 6.75 6.73 6.55 6.29 6.10 6.01 6.04 6.14 6.19 6.17 5.99 5.64 5.38 5.35 5.53 5.82 6.04 6.11 6.11 6.18 6.36 6.58 6.79 6.89 6.80 6.62 6.50 6.43 6.46 6.74 7.17 7.46 7.53 7.46 7.40 7.32 7.23 7.29
6.71 6.83 7.01 7.00 6.81 6.53 6.48 6.58 6.64 6.58 6.43 6.27 6.20 6.24 6.37 6.56 6.76 6.85 6.73 6.45 6.14 5.93 5.90 6.07 6.26 6.36 6.36 6.29 6.33 6.40 6.39 6.30 6.16 6.00 5.93 5.96 6.10 6.34 6.68 7.02 7.09 6.84 6.56 6.41 6.44 6.58 6.72 6.71 6.50 6.23 6.06 6.06 6.08 6.13 6.17 6.20 6.14 5.94 5.66 5.53 5.62 5.79 5.92 5.99 6.08 6.21 6.39 6.56 6.64 6.64 6.68 6.75 6.68 6.54 6.58 7.00 7.56 7.83 7.84 7.73 7.56 7.39 7.31 7.43
6.73 6.79 6.80 6.69 6.46 6.05 5.72 5.66 5.84 6.06 6.17 6.21 6.23 6.27 6.34 6.45 6.50 6.38 6.08 5.78 5.57 5.51 5.68 6.07 6.42 6.59 6.65 6.68 6.72 6.68 6.55 6.38 6.19 6.08 6.09 6.22 6.46 6.72 6.85 6.78 6.54 6.31 6.23 6.31 6.45 6.59 6.68 6.64 6.42 6.17 6.03 5.95 5.90 5.99 6.17 6.34 6.51 6.58 6.44 6.30 6.19 6.02 5.97 6.02 6.13 6.27 6.44 6.57 6.59 6.57 6.67 6.81 6.76 6.72 6.98 7.58 8.03 8.03 7.81 7.64 7.48 7.37 7.36 7.36
6.72 6.58 6.15 5.63 5.35 5.22 5.19 5.25 5.39 5.60 5.85 6.06 6.17 6.22 6.27 6.25 6.10 5.83 5.59 5.46 5.45 5.56 5.88 6.32 6.59 6.70 6.79 6.85 6.81 6.66 6.54 6.41 6.25 6.16 6.20 6.31 6.46 6.57 6.56 6.44 6.28 6.18 6.27 6.46 6.58 6.58 6.52 6.41 6.26 6.09 5.91 5.75 5.77 6.01 6.28 6.47 6.69 6.91 7.03 7.02 6.81 6.42 6.16 6.14 6.22 6.35 6.53 6.69 6.84 6.98 7.05 6.99 7.02 7.30 7.85 8.27 8.30 7.93 7.57 7.43 7.37 7.38 7.36 7.15
6.52 6.21 5.63 4.99 4.58 4.69 5.00 5.26 5.44 5.65 5.91 6.08 6.14 6.19 6.24 6.20 6.05 5.98 6.05 6.16 6.22 6.33 6.51 6.62 6.60 6.52 6.54 6.54 6.33 6.15 6.20 6.27 6.26 6.25 6.30 6.39 6.47 6.56 6.63 6.64 6.49 6.32 6.34 6.48 6.51 6.43 6.30 6.15 5.98 5.80 5.62 5.62 5.84 6.17 6.39 6.51 6.68 6.93 7.16 7.24 7.14 6.87 6.57 6.47 6.49 6.52 6.62 6.80 7.01 7.13 7.07 7.00 7.24 7.81 8.31 8.29 7.91 7.43 7.19 7.22 7.31 7.33 7.22 6.94
6.36 6.11 5.85 5.64 5.41 5.34 5.41 5.45 5.53 5.76 5.99 6.09 6.12 6.19 6.29 6.34 6.41 6.60 6.77 6.77 6.63 6.54 6.57 6.56 6.43 6.23 6.08 5.89 5.62 5.50 5.64 5.88 6.13 6.31 6.43 6.53 6.67 6.87 7.04 7.04 6.81 6.47 6.28 6.25 6.23 6.19 6.12 5.98 5.74 5.48 5.42 5.65 6.03 6.28 6.37 6.45 6.61 6.83 7.02 7.13 7.21 7.22 7.09 6.89 6.72 6.62 6.60 6.66 6.72 6.69 6.68 6.95 7.52 8.04 8.08 7.61 7.06 6.76 6.65 6.73 6.88 6.91 6.73 6.56
6.41 6.33 6.29 6.29 6.18 6.08 5.93 5.79 5.75 5.81 5.87 5.93 6.06 6.23 6.41 6.58 6.78 6.89 6.77 6.50 6.28 6.21 6.32 6.44 6.36 6.04 5.64 5.32 5.18 5.22 5.37 5.64 6.03 6.37 6.59 6.75 6.94 7.11 7.18 7.09 6.87 6.56 6.23 6.01 5.91 5.98 6.05 5.91 5.61 5.44 5.53 5.83 6.13 6.24 6.25 6.29 6.45 6.66 6.81 6.93 7.06 7.19 7.17 6.94 6.67 6.51 6.46 6.43 6.39 6.42 6.67 7.23 7.74 7.76 7.32 6.75 6.42 6.30 6.23 6.18 6.25 6.35 6.19 5.95
6.51 6.50 6.50 6.50 6.41 6.36 6.46 6.53 6.49 6.23 5.93 5.85 6.02 6.28 6.54 6.76 6.90 6.85 6.65 6.56 6.64 6.76 6.82 6.78 6.53 6.08 5.62 5.38 5.40 5.53 5.65 5.79 6.06 6.38 6.67 6.89 7.01 7.00 6.89 6.76 6.68 6.56 6.29 5.98 5.85 5.94 6.01 5.86 5.66 5.64 5.79 6.02 6.15 6.16 6.12 6.13 6.23 6.36 6.52 6.68 6.82 6.94 6.93 6.73 6.44 6.29 6.27 6.31 6.39 6.59 6.97 7.34 7.29 6.86 6.43 6.20 6.14 6.15 6.13 6.03 6.01 6.08 5.97 5.69
6.45 6.42 6.47 6.72 6.92 7.01 7.07 6.98 6.63 6.15 5.79 5.81 6.07 6.32 6.53 6.70 6.79 6.85 7.06 7.44 7.78 7.87 7.70 7.39 6.93 6.46 6.14 6.06 6.13 6.20 6.17 6.12 6.16 6.33 6.53 6.63 6.61 6.58 6.52 6.50 6.54 6.57 6.46 6.26 6.13 6.06 5.94 5.82 5.77 5.81 5.97 6.17 6.23 6.18 6.10 6.07 6.07 6.11 6.25 6.47 6.64 6.71 6.67 6.48 6.15 6.01 6.11 6.30 6.49 6.69 6.88 6.82 6.41 6.09 5.99 5.98 6.02 6.10 6.13 6.07 5.98 5.94 5.82 5.62
