project/data/elevation/US_DEM2016/US_DEM2016_point_10-31-2019_2005_30m_vel.asc
ncols	125
nrows	167
xllcorner	-2042055.000000
yllcorner	1465035.000000
cellsize	30.000000
NODATA_value	-9999.000000
[rows 114 to 151 of 167, columns 0 to 83 of 125]
5.77 5.76 5.80 5.90 6.07 6.33 6.43 6.10 5.51 4.95 4.47 4.05 3.73 3.54 3.61 4.03 4.72 5.41 5.89 6.23 6.46 6.37 5.95 5.77 6.03 6.24 6.21 6.17 6.20 6.16 6.03 5.73 5.30 4.99 4.87 4.93 5.20 5.54 5.79 5.98 6.18 6.40 6.61 6.72 6.51 6.05 5.70 5.59 5.62 5.71 5.81 5.79 5.65 5.39 5.01 4.73 4.70 4.97 5.33 5.58 5.67 5.63 5.54 5.44 5.43 5.49 5.55 5.47 5.26 5.06 4.96 4.90 4.90 4.94 4.94 4.88 4.78 4.70 4.71 4.80 4.72 4.45 4.24 4.12
5.89 5.91 5.95 5.96 5.99 5.99 5.78 5.28 4.68 4.19 3.82 3.56 3.40 3.55 4.14 5.04 5.86 6.47 6.87 6.98 6.70 6.10 5.41 5.29 5.57 5.65 5.60 5.66 5.82 6.05 6.27 6.35 6.17 5.67 5.13 4.99 5.32 5.76 6.06 6.26 6.44 6.58 6.65 6.55 6.15 5.58 5.20 5.17 5.33 5.59 5.91 6.02 5.96 5.77 5.37 4.85 4.57 4.66 4.91 5.16 5.40 5.59 5.70 5.74 5.74 5.71 5.57 5.32 5.10 4.97 4.93 4.94 4.98 4.98 4.93 4.86 4.83 4.83 4.86 4.81 4.62 4.38 4.22 4.08
5.98 6.00 6.00 5.95 5.84 5.63 5.28 4.89 4.67 4.63 4.62 4.59 4.76 5.28 6.06 6.83 7.33 7.45 7.31 6.94 6.35 5.73 5.23 5.01 5.01 4.92 4.94 5.16 5.39 5.61 5.87 6.17 6.36 6.32 6.09 6.00 6.09 6.25 6.34 6.40 6.41 6.41 6.41 6.28 5.92 5.46 5.08 4.99 5.23 5.61 5.94 6.10 6.13 6.11 6.02 5.86 5.61 5.39 5.26 5.28 5.39 5.50 5.60 5.68 5.73 5.69 5.49 5.21 4.98 4.84 4.79 4.83 4.90 4.95 4.96 4.94 4.95 4.99 5.03 5.03 4.99 4.92 4.90 4.93
5.98 5.94 5.89 5.83 5.68 5.44 5.19 5.02 5.07 5.31 5.64 6.07 6.61 7.19 7.63 7.80 7.65 7.24 6.76 6.22 5.79 5.61 5.55 5.35 5.07 4.83 4.71 4.84 5.01 5.09 5.15 5.37 5.81 6.27 6.55 6.61 6.49 6.28 6.12 6.03 5.98 6.03 6.12 6.08 5.85 5.55 5.20 5.03 5.23 5.57 5.75 5.78 5.86 6.02 6.21 6.38 6.47 6.41 6.19 5.90 5.71 5.57 5.49 5.45 5.43 5.36 5.18 4.98 4.86 4.80 4.76 4.75 4.80 4.91 5.02 5.09 5.15 5.19 5.25 5.39 5.60 5.77 5.89 6.04
5.92 5.82 5.73 5.70 5.62 5.50 5.40 5.33 5.33 5.53 6.03 6.73 7.36 7.68 7.68 7.31 6.65 6.10 5.78 5.44 5.32 5.45 5.63 5.68 5.54 5.26 4.97 4.82 4.90 4.90 4.75 4.73 5.00 5.54 6.00 6.18 6.10 5.91 5.77 5.71 5.74 5.88 6.01 5.92 5.67 5.47 5.29 5.12 5.20 5.35 5.38 5.33 5.38 5.60 5.91 6.17 6.40 6.55 6.55 6.36 6.03 5.70 5.43 5.22 5.02 4.81 4.63 4.66 4.84 4.98 5.00 4.96 4.95 5.03 5.14 5.25 5.33 5.39 5.49 5.69 5.88 6.06 6.24 6.36
5.82 5.73 5.65 5.65 5.62 5.60 5.60 5.56 5.58 5.84 6.40 6.93 7.16 7.04 6.67 6.13 5.67 5.40 5.14 4.91 4.89 4.99 5.15 5.36 5.45 5.35 5.16 5.07 5.13 5.17 5.03 4.79 4.72 4.85 5.17 5.46 5.62 5.67 5.72 5.77 5.83 5.94 5.94 5.72 5.42 5.31 5.32 5.27 5.24 5.23 5.15 5.09 5.18 5.41 5.68 5.89 6.00 6.04 6.11 6.15 6.02 5.70 5.37 5.07 4.74 4.48 4.50 4.80 5.12 5.28 5.33 5.30 5.24 5.21 5.22 5.27 5.31 5.36 5.48 5.60 5.64 5.65 5.71 5.73
5.76 5.72 5.69 5.67 5.63 5.66 5.75 5.80 5.93 6.32 6.76 6.89 6.67 6.30 5.86 5.50 5.30 5.10 4.82 4.62 4.55 4.57 4.73 4.96 5.06 5.07 5.15 5.27 5.35 5.40 5.38 5.20 4.92 4.73 4.69 4.89 5.21 5.50 5.74 5.88 5.94 5.97 5.85 5.51 5.19 5.12 5.22 5.27 5.24 5.18 5.12 5.12 5.28 5.48 5.62 5.71 5.69 5.58 5.55 5.62 5.64 5.52 5.35 5.14 4.96 4.96 5.16 5.37 5.44 5.41 5.39 5.39 5.35 5.26 5.17 5.11 5.07 5.13 5.27 5.36 5.32 5.24 5.21 5.15
5.81 5.81 5.78 5.69 5.63 5.72 5.90 6.09 6.35 6.71 6.85 6.67 6.33 6.02 5.72 5.44 5.18 4.92 4.78 4.81 4.89 4.98 5.08 5.06 4.98 5.00 5.18 5.33 5.35 5.34 5.40 5.43 5.33 5.08 4.81 4.75 5.00 5.35 5.61 5.79 5.89 5.92 5.70 5.25 4.89 4.79 4.91 5.01 5.01 5.02 5.08 5.16 5.24 5.29 5.30 5.35 5.41 5.39 5.32 5.28 5.31 5.36 5.42 5.46 5.55 5.69 5.76 5.71 5.55 5.38 5.28 5.26 5.26 5.23 5.16 5.06 5.03 5.13 5.25 5.22 5.08 4.99 5.00 4.99
5.87 5.85 5.76 5.64 5.63 5.75 5.97 6.30 6.71 6.87 6.73 6.40 6.12 5.87 5.59 5.27 5.02 4.97 5.17 5.43 5.57 5.56 5.43 5.24 5.11 5.11 5.19 5.26 5.24 5.22 5.28 5.37 5.41 5.34 5.18 5.10 5.19 5.36 5.48 5.62 5.75 5.67 5.24 4.69 4.40 4.40 4.57 4.72 4.79 4.80 4.83 4.84 4.78 4.73 4.74 4.84 5.05 5.24 5.29 5.27 5.28 5.36 5.47 5.56 5.64 5.71 5.71 5.66 5.57 5.46 5.34 5.23 5.19 5.18 5.15 5.13 5.16 5.20 5.10 4.89 4.71 4.64 4.68 4.74
5.77 5.70 5.59 5.55 5.62 5.77 5.97 6.24 6.52 6.53 6.29 6.00 5.76 5.45 5.07 4.91 5.01 5.24 5.44 5.48 5.36 5.22 5.19 5.28 5.37 5.36 5.23 5.16 5.14 5.10 5.10 5.12 5.13 5.21 5.33 5.45 5.50 5.46 5.59 5.52 5.47 5.04 4.34 3.91 3.87 4.06 4.31 4.56 4.67 4.63 4.55 4.44 4.27 4.18 4.23 4.38 4.66 4.93 5.08 5.17 5.26 5.37 5.44 5.42 5.41 5.48 5.56 5.58 5.56 5.52 5.44 5.32 5.19 5.07 4.98 4.98 4.95 4.81 4.58 4.41 4.38 4.40 4.39 4.38
5.71 5.67 5.63 5.61 5.65 5.76 5.87 5.96 5.96 5.80 5.59 5.46 5.28 4.92 4.67 4.85 5.08 5.13 4.97 4.69 4.51 4.63 4.96 5.32 5.51 5.55 5.46 5.31 5.18 5.03 4.99 5.01 5.03 5.14 5.28 5.37 5.38 5.35 5.29 5.29 4.98 4.32 3.83 3.78 3.95 4.11 4.28 4.54 4.68 4.71 4.71 4.61 4.40 4.19 4.13 4.25 4.46 4.63 4.80 5.02 5.22 5.38 5.50 5.62 5.74 5.82 5.77 5.62 5.45 5.31 5.29 5.24 5.09 4.88 4.76 4.71 4.58 4.43 4.33 4.33 4.38 4.35 4.22 4.14
5.88 5.95 5.93 5.77 5.66 5.64 5.66 5.63 5.51 5.33 5.41 5.21 5.03 4.71 4.68 4.81 4.71 4.44 4.19 4.05 4.17 4.60 5.12 5.46 5.55 5.58 5.62 5.55 5.37 5.14 5.01 5.04 5.09 5.08 4.99 4.89 4.88 4.94 5.00 4.92 4.59 4.29 4.40 4.69 4.85 4.81 4.79 4.86 4.95 5.02 5.05 5.00 4.87 4.69 4.57 4.55 4.54 4.65 4.89 5.12 5.27 5.40 5.60 5.88 6.01 5.95 5.73 5.50 5.28 5.12 5.05 4.99 4.86 4.71 4.61 4.49 4.36 4.30 4.36 4.44 4.42 4.31 4.23 4.30
6.01 6.02 5.90 5.65 5.48 5.44 5.45 5.40 5.31 5.28 5.27 5.13 4.85 4.61 4.50 4.33 4.03 3.87 3.92 4.14 4.55 5.02 5.45 5.62 5.52 5.44 5.49 5.53 5.44 5.25 5.10 5.09 5.09 4.94 4.70 4.59 4.65 4.82 4.93 4.91 4.86 5.05 5.37 5.56 5.63 5.65 5.60 5.52 5.42 5.31 5.17 5.04 4.98 4.97 4.93 4.87 4.81 4.90 5.11 5.24 5.24 5.33 5.51 5.65 5.55 5.35 5.24 5.23 5.23 5.18 5.01 4.82 4.68 4.61 4.53 4.37 4.16 4.03 4.05 4.17 4.31 4.45 4.65 4.82
5.78 5.58 5.25 5.12 5.14 5.26 5.33 5.29 5.25 5.23 5.38 4.78 4.54 4.41 4.26 4.07 3.98 4.11 4.49 5.05 5.50 5.74 5.79 5.55 5.16 5.06 5.13 5.19 5.19 5.17 5.15 5.14 5.14 5.05 4.91 4.90 5.04 5.17 5.24 5.30 5.43 5.56 5.62 5.66 5.81 6.03 6.17 6.14 5.96 5.69 5.47 5.30 5.18 5.11 5.06 5.02 5.03 5.07 5.12 5.15 5.12 5.17 5.24 5.18 5.01 4.94 5.08 5.27 5.32 5.21 4.98 4.73 4.59 4.53 4.50 4.44 4.31 4.10 3.96 4.01 4.35 4.84 5.17 5.15
5.36 5.01 4.65 4.70 4.94 5.19 5.31 5.26 5.16 5.56 4.82 4.56 4.48 4.57 4.67 4.75 4.93 5.27 5.77 6.20 6.36 6.24 5.84 5.28 4.88 4.83 4.84 4.82 4.87 4.98 5.06 5.10 5.17 5.26 5.36 5.48 5.55 5.53 5.48 5.47 5.46 5.38 5.43 5.64 5.95 6.26 6.49 6.55 6.45 6.26 6.05 5.86 5.66 5.46 5.28 5.17 5.11 5.02 4.97 5.03 5.02 5.06 5.06 4.98 4.94 5.11 5.36 5.44 5.22 4.86 4.62 4.52 4.49 4.47 4.46 4.54 4.66 4.70 4.59 4.53 4.78 5.14 5.23 4.98
5.29 5.08 4.86 5.00 5.25 5.40 5.39 5.28 5.16 5.52 4.91 4.83 4.92 5.17 5.51 5.84 6.16 6.42 6.54 6.51 6.30 5.95 5.48 5.08 4.92 4.89 4.81 4.77 4.86 4.97 5.01 5.01 5.11 5.31 5.48 5.56 5.53 5.45 5.39 5.32 5.22 5.22 5.44 5.78 6.15 6.44 6.57 6.54 6.47 6.37 6.18 5.94 5.75 5.61 5.48 5.35 5.19 4.99 4.88 4.93 5.03 5.10 5.12 5.11 5.21 5.43 5.51 5.24 4.69 4.26 4.17 4.26 4.39 4.49 4.53 4.54 4.64 4.86 5.09 5.21 5.31 5.32 5.11 4.90
5.52 5.54 5.65 5.85 5.94 5.79 5.52 5.34 5.28 5.24 5.20 5.24 5.42 5.74 6.05 6.30 6.44 6.42 6.23 5.87 5.42 5.01 4.81 4.82 4.93 4.98 4.98 5.06 5.20 5.27 5.21 5.15 5.23 5.38 5.42 5.30 5.20 5.20 5.26 5.28 5.30 5.44 5.72 6.01 6.23 6.32 6.21 5.99 5.84 5.79 5.72 5.68 5.68 5.66 5.59 5.49 5.37 5.22 5.02 5.00 5.12 5.23 5.28 5.33 5.46 5.54 5.32 4.79 4.25 4.04 4.09 4.25 4.42 4.58 4.75 4.77 4.68 4.67 4.92 5.30 5.60 5.70 5.68 5.83
5.68 5.82 6.07 6.23 6.20 5.98 5.66 5.43 5.36 5.39 5.43 5.50 5.66 5.88 6.01 6.00 5.89 5.69 5.38 4.93 4.48 4.27 4.34 4.64 4.92 5.08 5.21 5.37 5.53 5.62 5.65 5.68 5.72 5.72 5.66 5.51 5.36 5.32 5.35 5.48 5.69 5.96 6.15 6.19 6.12 5.89 5.54 5.23 5.12 5.22 5.42 5.64 5.78 5.75 5.64 5.56 5.51 5.46 5.31 5.22 5.25 5.34 5.44 5.51 5.53 5.39 4.97 4.46 4.21 4.21 4.34 4.50 4.61 4.69 4.81 4.93 4.98 4.91 4.94 5.29 5.84 6.30 6.60 6.84
5.74 5.87 6.05 6.11 6.08 6.02 5.88 5.67 5.55 5.55 5.55 5.54 5.57 5.59 5.53 5.48 5.40 5.13 4.70 4.33 4.19 4.27 4.56 4.89 5.09 5.21 5.34 5.47 5.60 5.76 5.96 6.13 6.20 6.15 6.06 5.98 5.84 5.70 5.58 5.68 5.94 6.16 6.16 6.04 5.82 5.44 5.02 4.76 4.78 5.07 5.48 5.78 5.85 5.76 5.68 5.63 5.60 5.57 5.47 5.35 5.33 5.42 5.52 5.54 5.47 5.19 4.70 4.35 4.31 4.44 4.59 4.69 4.78 4.84 4.82 4.85 5.07 5.35 5.58 5.90 6.39 6.70 6.75 6.65
5.86 6.01 6.22 6.28 6.24 6.15 6.10 6.05 5.95 5.81 5.64 5.45 5.30 5.20 5.20 5.27 5.20 4.90 4.62 4.59 4.79 5.01 5.19 5.31 5.35 5.38 5.44 5.53 5.64 5.78 5.96 6.13 6.21 6.22 6.26 6.34 6.36 6.24 5.99 5.86 5.92 5.93 5.88 5.81 5.56 5.18 4.86 4.74 4.85 5.21 5.66 5.92 5.96 5.88 5.80 5.74 5.66 5.58 5.44 5.33 5.31 5.35 5.40 5.41 5.34 5.10 4.75 4.55 4.57 4.70 4.80 4.82 4.82 4.87 4.93 5.02 5.21 5.61 6.15 6.61 6.82 6.59 6.10 5.76
6.09 6.29 6.57 6.60 6.45 6.21 6.14 6.19 6.16 5.92 5.59 5.34 5.17 5.12 5.19 5.20 5.03 4.88 4.97 5.25 5.50 5.58 5.60 5.61 5.59 5.57 5.59 5.63 5.71 5.84 5.94 5.97 5.96 6.04 6.30 6.61 6.81 6.81 6.61 6.23 5.97 5.81 5.76 5.63 5.31 5.01 4.90 4.94 5.14 5.53 5.89 6.06 6.11 6.06 5.95 5.81 5.68 5.54 5.38 5.32 5.30 5.61 5.28 5.28 5.24 5.10 4.95 4.94 5.00 5.05 5.06 5.02 4.94 4.89 5.03 5.33 5.68 6.11 6.70 7.09 6.93 6.29 5.57 5.14
6.23 6.32 6.45 6.45 6.36 6.16 6.01 5.96 5.88 5.68 5.44 5.29 5.26 5.30 5.25 5.04 4.88 5.00 5.30 5.52 5.58 5.59 5.65 5.72 5.72 5.66 5.62 5.62 5.67 5.81 5.95 5.96 5.93 6.04 6.30 6.57 6.78 6.91 6.92 6.68 6.18 5.78 5.48 5.17 4.88 4.82 4.95 5.11 5.39 5.81 6.08 6.13 6.12 6.09 6.01 5.86 5.70 5.54 5.38 5.37 5.42 5.42 5.36 5.30 5.27 5.20 5.16 5.23 5.33 5.37 5.34 5.31 5.28 5.25 5.33 5.63 6.22 6.93 7.45 7.45 6.97 6.29 5.62 5.10
6.12 5.95 5.70 5.67 5.75 5.76 5.67 5.58 5.56 5.53 5.53 5.59 5.70 5.71 5.45 5.07 4.91 5.04 5.19 5.24 5.33 5.50 5.69 5.79 5.75 5.63 5.52 5.47 5.53 5.67 5.81 5.92 5.99 6.06 6.09 6.09 6.12 6.26 6.42 6.40 6.00 5.47 4.99 4.66 4.58 4.74 4.95 5.15 5.56 6.03 6.16 6.01 5.92 5.95 5.97 5.88 5.71 5.55 5.42 5.45 5.56 5.59 5.52 5.42 5.33 5.27 5.30 5.40 5.50 5.59 5.68 5.81 5.91 6.01 6.13 6.39 6.91 7.51 7.74 7.42 6.90 6.50 6.09 5.59
5.81 5.45 4.85 4.58 4.62 4.82 5.05 5.28 5.52 5.74 5.99 6.23 6.35 6.19 5.75 5.28 5.03 4.90 4.80 4.84 5.12 5.48 5.73 5.80 5.73 5.62 5.50 5.40 5.37 5.43 5.49 5.56 5.62 5.66 5.56 5.40 5.30 5.30 5.33 5.34 5.25 5.00 4.73 4.57 4.65 4.85 5.02 5.29 5.84 6.22 6.11 5.81 5.71 5.78 5.86 5.84 5.74 5.62 5.54 5.62 5.72 5.71 5.64 5.53 5.38 5.31 5.39 5.54 5.66 5.80 6.05 6.39 6.75 7.10 7.39 7.59 7.77 7.85 7.58 7.08 6.83 6.83 6.80 6.60
5.42 4.99 4.30 4.05 4.03 4.23 4.65 5.10 5.48 5.86 6.20 6.41 6.36 6.06 5.66 5.32 5.06 4.85 4.78 4.95 5.25 5.54 5.72 5.77 5.74 5.70 5.64 5.54 5.38 5.30 5.25 5.16 5.09 5.07 4.98 4.80 4.62 4.50 4.43 4.49 4.63 4.73 4.77 4.86 5.08 5.30 5.51 5.89 6.33 6.35 6.01 5.72 5.66 5.69 5.75 5.81 5.84 5.90 6.00 6.08 6.02 5.87 5.73 5.62 5.53 5.48 5.53 5.66 5.83 6.05 6.44 6.93 7.47 7.91 8.17 8.21 8.08 7.78 7.29 6.94 6.98 7.19 7.40 7.53
5.15 4.80 4.34 4.30 4.43 4.66 4.94 5.17 5.37 5.62 5.88 5.97 5.77 5.46 5.26 5.16 5.07 5.00 5.08 5.32 5.56 5.74 5.81 5.80 5.75 5.75 5.79 5.81 5.74 5.53 5.33 5.12 4.97 4.84 4.65 4.39 4.14 4.00 4.02 4.21 4.47 4.73 5.02 5.37 5.68 5.94 6.24 6.53 6.61 6.33 5.91 5.70 5.66 5.64 5.67 5.79 5.98 6.21 6.40 6.40 6.15 5.84 5.67 5.65 5.69 5.70 5.69 5.76 5.96 6.31 6.78 7.25 7.61 7.78 7.81 7.71 7.49 7.19 6.92 6.88 7.00 7.16 7.41 7.74
5.30 5.20 5.21 5.42 5.57 5.62 5.53 5.43 5.42 5.47 5.50 5.44 5.23 5.03 4.98 5.03 5.10 5.16 5.32 5.58 5.78 5.95 5.97 5.86 5.74 5.72 5.81 5.93 5.98 5.87 5.59 5.30 5.04 4.74 4.41 4.11 3.90 3.83 3.96 4.24 4.57 4.97 5.45 5.86 6.12 6.30 6.48 6.56 6.43 6.06 5.72 5.58 5.53 5.48 5.52 5.68 5.91 6.10 6.13 5.93 5.66 5.51 5.51 5.60 5.68 5.72 5.75 5.81 5.98 6.34 6.77 7.02 7.01 6.83 6.65 6.52 6.45 6.46 6.52 6.61 6.62 6.65 6.90 7.25
5.69 5.85 6.22 6.54 6.65 6.50 6.13 5.91 5.81 5.65 5.38 5.08 4.89 4.85 4.92 5.06 5.19 5.33 5.57 5.83 6.02 6.11 6.00 5.80 5.66 5.65 5.74 5.85 5.92 5.90 5.71 5.41 5.06 4.67 4.30 4.06 3.98 4.01 4.15 4.43 4.91 5.52 6.03 6.27 6.32 6.29 6.28 6.24 6.06 5.75 5.49 5.33 5.22 5.22 5.32 5.47 5.61 5.63 5.47 5.23 5.14 5.22 5.38 5.53 5.57 5.57 5.64 5.76 5.90 6.11 6.32 6.27 6.03 5.79 5.62 5.60 5.77 6.06 6.26 6.31 6.26 6.27 6.39 6.53
5.86 6.09 6.44 6.67 6.77 6.75 6.68 6.52 6.27 5.88 5.42 5.05 4.86 4.89 5.06 5.25 5.42 5.63 5.88 6.04 6.08 5.99 5.77 5.57 5.50 5.55 5.62 5.67 5.67 5.66 5.58 5.38 5.10 4.77 4.45 4.27 4.24 4.31 4.49 4.91 5.60 6.19 6.44 6.41 6.26 6.10 6.04 6.01 5.85 5.56 5.30 5.11 5.01 5.11 5.23 5.30 5.25 5.09 4.89 4.79 4.86 5.07 5.29 5.41 5.39 5.37 5.48 5.67 5.86 5.99 5.95 5.71 5.50 5.40 5.38 5.53 5.88 6.20 6.31 6.28 6.27 6.28 6.23 6.18
5.86 6.00 6.21 6.26 6.25 6.27 6.45 6.46 6.24 5.87 5.52 5.25 5.11 5.14 5.30 5.51 5.72 5.93 6.05 5.99 5.80 5.57 5.41 5.36 5.41 5.49 5.49 5.41 5.39 5.43 5.42 5.33 5.17 4.95 4.74 4.63 4.63 4.74 5.07 5.68 6.23 6.40 6.25 6.03 5.89 5.85 5.90 5.92 5.77 5.46 5.20 5.07 5.08 5.18 5.22 5.19 5.01 4.71 4.48 4.48 4.67 4.95 5.16 5.23 5.21 5.26 5.42 5.63 5.84 5.95 5.88 5.72 5.62 5.56 5.59 5.90 6.34 6.60 6.63 6.54 6.47 6.40 6.28 6.28
5.86 5.97 6.11 6.09 5.91 5.67 5.61 5.66 5.68 5.64 5.52 5.39 5.32 5.35 5.47 5.65 5.85 5.95 5.86 5.61 5.35 5.16 5.14 5.31 5.49 5.57 5.53 5.45 5.46 5.49 5.45 5.36 5.22 5.07 4.99 5.02 5.14 5.38 5.77 6.14 6.23 5.98 5.69 5.54 5.58 5.72 5.88 5.90 5.69 5.38 5.15 5.10 5.12 5.18 5.21 5.20 5.12 4.93 4.71 4.65 4.79 4.98 5.08 5.14 5.20 5.31 5.47 5.64 5.73 5.74 5.77 5.83 5.77 5.64 5.72 6.20 6.75 6.95 6.88 6.74 6.58 6.44 6.35 6.44
5.91 5.95 5.93 5.77 5.55 5.21 4.96 4.88 5.00 5.18 5.28 5.32 5.35 5.38 5.46 5.57 5.62 5.52 5.26 5.00 4.83 4.79 4.98 5.36 5.67 5.77 5.78 5.79 5.81 5.73 5.58 5.40 5.22 5.12 5.14 5.26 5.47 5.74 5.93 5.94 5.74 5.50 5.40 5.46 5.60 5.74 5.84 5.82 5.59 5.29 5.10 5.00 4.97 5.07 5.24 5.34 5.43 5.46 5.36 5.30 5.28 5.18 5.14 5.19 5.27 5.38 5.54 5.67 5.69 5.69 5.78 5.89 5.82 5.80 6.11 6.77 7.21 7.14 6.83 6.61 6.47 6.40 6.40 6.42
5.91 5.74 5.31 4.83 4.57 4.47 4.49 4.56 4.66 4.81 5.01 5.20 5.30 5.34 5.40 5.40 5.27 5.02 4.81 4.72 4.73 4.85 5.19 5.64 5.87 5.89 5.89 5.93 5.87 5.69 5.54 5.40 5.26 5.19 5.23 5.36 5.50 5.64 5.68 5.62 5.51 5.39 5.45 5.61 5.72 5.73 5.70 5.60 5.41 5.19 4.97 4.81 4.86 5.12 5.36 5.48 5.60 5.75 5.86 5.89 5.77 5.49 5.31 5.31 5.38 5.48 5.63 5.79 5.92 6.05 6.12 6.05 6.05 6.34 6.94 7.41 7.43 7.03 6.60 6.39 6.35 6.39 6.41 6.24
5.71 5.36 4.76 4.23 3.92 4.06 4.37 4.61 4.74 4.89 5.10 5.24 5.28 5.32 5.38 5.35 5.21 5.14 5.21 5.32 5.39 5.52 5.76 5.92 5.90 5.76 5.70 5.64 5.42 5.22 5.24 5.26 5.25 5.26 5.34 5.44 5.53 5.64 5.73 5.78 5.67 5.51 5.52 5.64 5.66 5.59 5.49 5.36 5.15 4.91 4.70 4.70 4.96 5.30 5.49 5.54 5.61 5.79 5.99 6.08 6.01 5.83 5.65 5.61 5.63 5.65 5.73 5.90 6.09 6.19 6.12 6.04 6.28 6.87 7.41 7.42 7.03 6.54 6.25 6.19 6.26 6.32 6.26 6.04
5.49 5.20 4.88 4.72 4.62 4.64 4.75 4.79 4.85 5.03 5.20 5.25 5.27 5.34 5.42 5.47 5.53 5.69 5.84 5.83 5.72 5.70 5.82 5.86 5.74 5.51 5.32 5.08 4.78 4.67 4.78 4.94 5.15 5.33 5.47 5.58 5.72 5.93 6.09 6.10 5.89 5.62 5.48 5.45 5.41 5.36 5.32 5.19 4.92 4.60 4.52 4.76 5.17 5.43 5.49 5.50 5.58 5.74 5.89 5.98 6.05 6.09 6.05 5.95 5.83 5.73 5.72 5.79 5.84 5.81 5.78 6.03 6.59 7.15 7.24 6.80 6.22 5.91 5.79 5.80 5.88 5.92 5.81 5.68
5.48 5.37 5.25 5.26 5.26 5.25 5.18 5.08 5.06 5.11 5.12 5.12 5.22 5.38 5.54 5.69 5.86 5.96 5.83 5.57 5.39 5.42 5.61 5.76 5.66 5.33 4.92 4.57 4.41 4.46 4.59 4.78 5.09 5.40 5.62 5.79 5.98 6.16 6.22 6.11 5.89 5.64 5.41 5.24 5.14 5.18 5.24 5.10 4.77 4.56 4.64 4.97 5.29 5.41 5.39 5.38 5.47 5.62 5.73 5.82 5.94 6.07 6.09 5.94 5.75 5.63 5.60 5.59 5.57 5.58 5.80 6.33 6.85 6.92 6.56 6.00 5.62 5.49 5.43 5.35 5.34 5.41 5.32 5.13
5.55 5.52 5.46 5.45 5.43 5.48 5.62 5.70 5.67 5.45 5.17 5.07 5.21 5.45 5.67 5.86 5.98 5.91 5.70 5.60 5.70 5.88 6.03 6.04 5.77 5.31 4.86 4.61 4.62 4.76 4.86 4.95 5.16 5.44 5.71 5.93 6.06 6.06 5.96 5.81 5.70 5.60 5.42 5.20 5.10 5.17 5.21 5.03 4.78 4.73 4.89 5.16 5.33 5.34 5.29 5.26 5.31 5.39 5.50 5.62 5.76 5.86 5.86 5.72 5.52 5.42 5.43 5.49 5.58 5.76 6.10 6.47 6.47 6.11 5.74 5.50 5.37 5.35 5.32 5.21 5.14 5.17 5.10 4.87
5.50 5.46 5.46 5.66 5.88 6.04 6.14 6.06 5.74 5.32 5.03 5.07 5.29 5.50 5.69 5.83 5.89 5.90 6.06 6.39 6.71 6.82 6.73 6.48 6.03 5.56 5.26 5.19 5.26 5.34 5.32 5.25 5.27 5.42 5.61 5.71 5.71 5.70 5.64 5.58 5.57 5.59 5.52 5.41 5.34 5.28 5.15 4.97 4.86 4.88 5.07 5.32 5.41 5.36 5.28 5.23 5.19 5.19 5.28 5.47 5.62 5.67 5.61 5.46 5.24 5.18 5.32 5.50 5.68 5.87 6.06 6.02 5.66 5.40 5.35 5.32 5.29 5.31 5.31 5.23 5.12 5.05 4.93 4.78
