project/data/elevation/US_DEM2016/US_DEM2016_point_10-30-2019_1538_30m_vel.asc
ncols	125
nrows	167
xllcorner	-2042055.000000
yllcorner	1465035.000000
cellsize	30.000000
NODATA_value	-9999.000000
[rows 72 to 107 of 167, columns 0 to 81 of 125]
10.22 9.34 8.19 7.71 7.55 7.53 7.59 7.78 8.00 8.05 7.85 7.74 8.09 8.68 9.32 10.23 11.06 12.01 12.51 13.11 13.75 14.06 14.58 14.29 13.48 12.11 11.08 10.43 9.75 9.48 9.45 9.32 8.88 8.62 8.72 8.96 9.14 9.36 9.58 9.45 9.01 8.61 8.61 8.97 9.07 8.60 8.65 9.48 10.39 10.88 10.94 10.56 9.87 9.10 8.68 8.59 8.55 8.48 8.32 8.12 8.01 8.17 8.60 9.36 10.21 10.48 9.95 9.25 8.72 8.25 7.48 6.41 5.27 4.72 4.78 5.30 5.97 6.96 8.38 10.36 12.36 13.76
10.04 9.22 8.17 7.76 7.75 7.84 8.05 8.52 9.19 9.80 10.13 10.29 10.38 10.29 10.32 10.86 11.72 12.91 13.64 14.20 14.79 14.98 14.64 13.96 12.79 11.76 11.23 10.99 10.74 10.59 10.54 10.43 10.04 9.75 9.54 9.36 9.33 9.36 9.16 8.70 8.41 8.56 8.81 9.33 9.79 10.04 10.48 11.11 11.37 11.13 10.70 10.16 9.68 9.28 9.16 9.33 9.45 9.61 9.81 10.04 10.30 10.79 11.34 11.70 11.52 10.70 9.40 8.58 8.01 7.18 6.15 5.32 4.98 5.23 5.96 6.91 7.91 9.43 11.77 14.41 16.31 17.35
9.91 9.22 8.28 7.97 8.02 8.09 8.27 8.89 10.01 11.17 12.01 12.45 12.52 12.29 12.05 12.25 13.02 14.19 14.77 14.70 15.01 14.59 13.76 12.91 11.78 11.24 11.14 11.10 10.94 10.76 10.58 10.40 10.09 9.85 9.54 9.33 9.29 9.15 8.89 8.79 9.00 9.21 9.39 9.86 10.28 10.24 10.06 9.90 9.43 8.96 8.69 8.69 8.91 9.09 9.04 9.05 9.23 9.52 9.90 10.33 10.86 11.49 11.68 11.20 9.89 8.21 7.12 6.97 6.71 5.95 5.33 5.24 5.64 6.40 7.53 8.71 10.05 12.09 14.72 16.59 17.34 17.36
9.86 9.26 8.47 8.30 8.36 8.42 8.72 9.70 11.22 12.28 12.73 12.79 12.80 12.91 13.15 13.73 14.53 15.28 15.21 14.67 14.11 13.58 12.78 11.77 10.98 10.65 10.52 10.52 10.52 10.46 10.24 9.89 9.23 8.71 8.52 8.68 8.89 8.90 8.80 8.76 8.75 8.89 9.22 9.76 9.94 9.39 8.75 8.12 7.75 7.52 7.46 7.68 8.05 8.33 8.48 8.68 8.98 9.17 9.37 9.71 10.31 10.71 10.21 8.68 6.84 5.70 5.57 6.01 6.20 6.04 6.00 6.32 7.10 8.27 9.68 11.06 12.62 14.65 16.17 16.48 15.23 13.38
9.86 9.34 8.74 8.66 8.83 9.23 10.14 11.30 11.93 11.83 11.36 11.06 11.39 12.35 13.36 14.39 15.21 15.17 14.48 13.51 12.74 12.08 11.50 10.96 10.59 10.41 10.13 10.01 10.09 10.17 10.07 9.76 9.09 8.61 8.61 8.82 8.89 8.67 8.30 7.99 7.92 8.33 9.07 9.52 9.50 9.06 8.67 8.31 8.04 7.95 7.92 7.86 7.75 7.81 8.16 8.58 8.94 9.02 9.13 9.43 9.73 9.33 7.89 6.29 5.41 5.36 5.94 6.40 6.78 7.33 8.00 8.81 10.16 11.71 13.11 14.52 15.93 16.82 16.46 14.93 12.56 9.80
9.89 9.34 8.80 8.81 9.17 10.04 10.87 11.15 10.64 9.67 9.07 9.37 10.45 11.99 13.37 14.39 14.53 14.39 13.37 12.32 11.55 11.04 10.65 10.44 10.32 10.23 9.95 9.83 9.89 10.06 10.20 10.20 9.95 9.85 9.83 9.65 9.21 8.55 8.03 7.92 8.27 8.77 9.13 9.13 9.00 8.69 8.38 8.08 7.82 7.65 7.51 7.39 7.33 7.65 8.20 8.72 9.11 9.32 9.50 9.62 9.26 8.01 6.59 6.04 6.34 7.06 7.59 8.02 8.77 10.05 11.08 12.40 14.10 15.50 16.48 17.31 17.68 17.12 15.59 13.73 11.96 9.93
9.79 9.01 8.33 8.47 8.86 9.56 9.80 9.36 8.71 8.46 8.79 9.69 11.10 12.70 13.88 14.47 14.29 13.46 12.41 11.50 10.82 10.31 9.98 9.84 9.81 9.71 9.50 9.55 9.70 9.84 10.07 10.35 10.51 10.52 10.36 9.92 9.23 8.50 8.21 8.28 8.42 8.37 8.22 8.13 8.09 7.80 7.18 6.64 6.46 6.40 6.44 6.67 7.24 7.98 8.60 9.08 9.53 9.75 9.70 9.29 8.36 7.10 6.60 7.12 8.21 9.04 9.74 10.80 12.22 13.06 13.85 15.08 16.45 17.07 16.64 17.05 16.37 15.05 13.68 12.84 12.27 11.41
9.51 8.56 7.76 7.95 8.23 8.56 8.70 8.68 8.94 9.54 10.35 11.43 12.82 14.04 14.66 14.53 13.76 12.67 11.68 10.89 10.22 9.68 9.33 9.18 9.08 8.95 8.80 8.89 8.90 8.99 9.05 9.51 9.90 10.00 9.82 9.42 8.83 8.27 7.96 7.71 7.41 7.08 6.94 7.18 7.38 7.23 6.69 6.33 6.47 6.87 7.39 8.06 8.82 9.27 9.35 9.35 9.31 8.98 8.35 7.53 6.73 6.46 7.01 8.31 9.75 11.04 12.48 13.79 14.30 14.49 14.79 15.39 15.99 15.81 15.20 14.40 13.36 12.33 11.75 11.71 11.90 11.92
9.11 8.34 7.81 8.12 8.43 8.70 9.02 9.50 10.27 11.04 11.97 13.18 14.44 14.95 14.73 13.86 12.68 11.56 10.65 9.97 9.41 8.98 8.70 8.46 8.31 8.24 8.07 7.79 7.44 7.43 7.42 7.80 8.40 8.85 8.94 8.77 8.43 8.19 7.92 7.57 7.32 7.25 7.36 7.66 7.80 7.83 7.75 7.84 8.19 8.82 9.47 9.94 10.15 10.07 9.58 9.19 8.64 7.90 7.22 6.72 6.55 7.00 8.09 9.71 11.37 13.07 14.34 14.53 14.04 13.69 13.85 14.05 13.81 12.94 12.22 11.76 11.34 10.95 10.62 10.38 10.61 11.18
8.82 8.48 8.39 8.86 9.25 9.54 9.89 10.47 11.26 12.14 13.20 14.27 14.90 14.69 13.70 12.42 11.23 10.10 9.26 8.64 8.27 8.16 8.10 7.89 7.79 7.74 7.40 6.68 6.13 5.97 5.88 6.10 6.75 7.51 7.96 8.30 8.43 8.67 8.74 8.78 8.93 9.16 9.37 9.34 9.23 9.26 9.44 9.80 10.20 10.29 10.18 9.97 9.82 9.58 9.37 9.18 8.96 8.90 8.81 8.67 8.73 9.17 10.10 11.54 13.01 14.11 14.06 12.85 12.01 12.14 12.65 12.76 12.25 11.29 10.85 10.67 10.61 10.56 10.31 9.84 9.72 10.00
9.00 8.95 8.94 9.10 9.41 9.86 10.42 11.12 11.99 12.95 13.87 14.43 14.28 13.35 12.05 10.96 10.02 9.06 8.19 7.64 7.47 7.38 7.17 7.22 7.38 7.37 7.08 6.46 5.60 5.31 5.37 5.80 6.33 6.71 7.22 7.91 8.42 8.95 9.34 9.82 10.33 10.68 10.74 10.47 10.23 10.28 10.51 10.76 10.82 10.38 9.80 9.62 9.80 9.88 9.69 9.58 9.68 10.05 10.22 10.34 10.57 11.04 11.85 12.87 13.85 13.82 12.49 11.18 10.96 11.55 12.13 12.05 11.39 10.62 10.37 10.28 10.26 10.33 10.08 9.83 9.54 9.41
9.39 9.42 9.23 9.00 9.24 9.93 10.74 11.62 12.55 13.34 13.84 13.82 13.13 11.97 10.83 9.97 9.18 8.38 7.60 7.13 6.90 6.58 6.28 6.45 6.92 7.17 7.27 7.20 6.66 6.40 6.68 7.17 7.25 7.17 7.25 7.68 8.11 8.66 9.37 10.17 10.68 10.72 10.51 10.21 10.13 10.36 10.68 10.80 10.70 10.44 10.42 10.63 10.71 10.50 10.01 9.83 9.85 10.00 10.31 10.70 11.23 11.81 12.52 13.17 13.49 12.77 11.44 11.03 11.31 11.63 11.75 11.33 10.41 9.56 9.18 9.28 9.43 9.49 9.46 9.39 9.21 8.93
9.49 9.47 9.34 9.26 9.61 10.34 11.17 12.05 12.78 13.22 13.28 12.84 11.95 10.89 9.95 9.17 8.42 7.67 6.99 6.57 6.20 5.78 5.68 6.11 6.89 7.57 8.17 8.76 9.18 9.38 9.47 9.27 8.84 8.44 8.09 7.98 8.32 9.07 9.96 10.46 10.26 9.76 9.53 9.69 9.91 10.33 10.83 11.18 11.42 11.63 11.59 11.39 10.96 10.48 10.02 9.89 9.92 10.16 10.68 11.12 11.60 12.01 12.37 12.65 12.56 11.83 11.12 11.28 11.43 11.31 11.00 10.38 9.29 8.18 7.49 7.53 7.83 7.98 8.14 8.29 8.34 8.24
9.43 9.38 9.44 9.72 10.29 10.99 11.65 12.20 12.63 12.76 12.54 11.90 11.01 10.05 9.17 8.37 7.52 6.65 5.99 5.70 5.59 5.67 6.16 7.00 7.97 8.76 9.54 10.25 10.88 11.27 11.26 10.76 10.09 9.57 9.20 8.95 9.46 10.32 10.53 10.08 9.31 9.00 9.33 9.82 10.13 10.70 11.54 12.08 12.33 12.43 12.18 11.56 10.95 10.53 10.09 10.01 10.22 10.63 11.01 11.17 11.30 11.40 11.57 11.86 11.76 11.26 10.76 10.82 10.72 10.48 10.22 9.44 8.91 7.87 6.86 6.65 6.62 6.45 6.38 6.58 6.95 7.21
9.52 9.52 9.71 10.19 10.87 11.35 11.58 11.79 12.11 12.21 11.90 11.21 10.31 9.36 8.40 7.42 6.34 5.38 5.04 5.23 5.69 6.45 7.40 8.37 9.28 10.00 10.54 10.86 11.07 11.26 11.26 11.08 10.69 10.25 9.94 9.84 10.19 10.40 9.77 8.91 8.55 8.79 9.14 9.46 9.90 10.89 11.85 12.16 12.00 11.95 11.90 11.63 11.28 10.87 10.36 10.20 10.29 10.32 10.29 10.32 10.24 10.26 10.64 11.20 11.34 10.92 10.28 9.97 9.82 9.78 9.78 9.77 9.62 9.14 8.04 7.14 6.56 6.01 5.59 5.59 5.75 5.94
9.66 9.68 9.87 10.27 10.65 10.75 10.81 11.14 11.66 11.92 11.51 10.67 9.68 8.61 7.36 6.11 5.24 5.04 5.49 6.03 6.62 7.34 8.20 9.13 10.00 10.58 10.76 10.60 10.34 10.22 10.41 10.69 10.85 10.81 10.63 10.29 9.86 9.19 8.45 8.16 8.21 8.29 8.23 8.42 9.34 10.70 11.48 11.12 10.42 10.25 10.29 10.45 10.58 10.60 10.48 10.28 10.01 9.68 9.54 9.55 9.60 9.91 10.49 11.04 11.18 10.76 10.10 9.68 9.47 9.62 9.98 10.38 10.54 10.48 10.22 9.34 8.41 7.58 7.04 6.67 6.16 5.73
9.67 9.64 9.69 9.84 9.86 9.94 10.40 11.25 11.87 11.82 11.07 9.98 8.85 7.56 6.23 5.55 5.73 6.59 7.19 7.52 7.78 8.21 8.88 9.62 10.19 10.44 10.29 9.99 9.81 9.75 9.94 10.26 10.63 10.85 10.85 10.43 9.44 8.50 7.95 7.94 7.90 7.84 7.89 8.32 9.28 10.39 10.68 9.66 8.37 7.77 7.74 7.88 8.25 8.81 9.25 9.56 9.61 9.54 9.57 9.75 10.04 10.39 10.69 10.89 10.96 10.64 10.05 9.67 9.57 9.88 10.49 10.93 11.03 11.01 11.23 11.27 10.98 10.54 10.07 9.39 8.43 7.69
9.65 9.57 9.55 9.63 9.74 10.23 11.12 11.89 12.01 11.36 10.14 8.78 7.51 6.27 5.62 5.91 6.86 7.68 8.11 8.39 8.66 9.07 9.58 9.87 9.80 9.55 9.38 9.45 9.71 9.91 9.99 10.00 10.00 10.10 10.23 10.18 9.43 8.66 8.12 8.06 8.11 8.33 8.53 8.80 9.35 10.02 9.97 8.66 7.08 6.46 6.28 6.25 6.52 7.25 8.15 8.91 9.38 9.65 9.90 10.23 10.51 10.48 10.35 10.40 10.61 10.43 9.84 9.58 9.68 10.07 10.58 10.97 10.91 10.66 10.74 11.18 11.55 11.75 11.72 11.44 11.00 10.69
9.70 9.62 9.64 9.87 10.30 11.07 11.80 11.97 11.37 10.08 8.53 6.92 5.55 4.80 4.83 5.51 6.26 6.90 7.62 8.27 8.92 9.46 9.66 9.33 8.74 8.45 8.69 9.18 9.42 9.37 9.31 9.21 9.12 9.21 9.52 9.79 9.49 8.97 8.56 8.63 8.86 9.07 9.14 9.30 9.64 10.05 9.97 9.05 7.90 7.27 7.14 7.38 8.06 8.85 9.41 9.60 9.65 9.75 9.94 10.13 10.13 9.81 9.64 9.91 10.31 10.14 9.44 9.28 9.51 9.79 10.13 10.54 10.30 9.55 9.20 9.45 10.09 10.65 11.05 11.36 11.58 11.73
9.77 9.73 9.80 10.16 10.80 11.51 11.75 11.21 9.92 8.20 6.55 5.13 4.25 3.94 4.12 4.58 5.16 5.82 6.57 7.44 8.27 8.85 8.80 8.36 8.07 8.22 8.67 8.99 8.73 8.24 8.01 7.96 8.14 8.51 8.95 9.33 9.31 8.96 8.77 9.07 9.32 9.46 9.63 10.12 10.50 10.79 10.77 10.39 10.03 9.81 9.65 10.09 10.73 11.06 10.89 10.27 9.81 9.64 9.56 9.41 9.18 8.95 8.96 9.47 9.95 9.75 9.06 8.92 9.05 9.17 9.47 9.83 9.52 8.59 7.94 7.97 8.37 8.75 9.10 9.63 10.22 10.66
9.84 9.84 9.97 10.44 11.11 11.43 10.98 9.76 8.10 6.48 5.19 4.41 4.14 4.24 4.51 4.86 5.30 5.76 6.27 6.92 7.58 7.92 7.91 7.99 8.30 8.70 9.11 9.18 8.86 8.51 8.27 8.19 8.37 8.56 8.62 8.71 8.82 8.76 8.86 9.30 9.60 9.88 10.36 11.15 11.54 11.66 11.56 11.39 11.38 11.58 11.77 11.83 11.64 11.03 10.24 9.76 9.56 9.35 9.00 8.56 8.13 7.98 8.23 8.95 9.64 9.67 9.20 8.91 8.75 8.71 8.94 9.30 9.06 8.19 7.39 7.13 7.37 7.45 7.39 7.58 8.06 8.54
9.93 9.97 10.17 10.62 10.94 10.62 9.52 7.97 6.48 5.38 4.70 4.48 4.69 5.18 5.70 6.21 6.59 6.85 7.24 7.82 8.31 8.48 8.50 8.61 8.82 9.27 10.01 10.50 10.62 10.52 10.30 10.15 10.08 9.79 8.93 8.38 8.48 8.81 9.31 9.86 10.25 10.71 11.34 11.99 12.08 11.91 11.72 11.63 11.73 12.01 12.13 11.88 11.24 10.29 9.58 9.50 9.45 9.14 8.57 7.93 7.48 7.43 7.96 8.99 9.91 10.16 9.79 9.27 8.78 8.60 8.72 9.05 8.85 7.91 6.81 6.16 6.15 6.10 5.84 5.92 6.35 6.73
10.01 10.04 10.15 10.23 9.85 8.84 7.43 6.15 5.23 4.73 4.68 5.00 5.54 6.23 7.06 7.94 8.65 9.14 9.67 10.22 10.55 10.50 10.11 9.57 9.29 9.84 10.98 11.61 11.65 11.39 11.10 10.84 10.48 9.89 8.89 8.38 8.58 9.23 10.03 10.65 11.08 11.48 11.85 12.04 11.81 11.57 11.53 11.62 11.77 11.89 11.65 11.31 11.10 10.96 10.64 10.15 9.62 9.13 8.67 8.29 8.12 8.22 8.78 9.72 10.47 10.53 9.93 9.28 8.80 8.79 9.02 9.15 8.64 7.31 5.86 5.09 5.04 4.95 4.74 4.87 5.16 5.29
10.04 10.01 9.84 9.34 8.32 7.06 5.94 5.15 4.77 4.85 5.35 6.08 6.90 7.81 8.80 9.86 10.72 11.51 12.16 12.37 12.10 11.44 10.51 9.73 9.55 10.36 11.35 11.31 10.52 9.87 9.40 9.12 8.91 8.60 8.36 8.54 9.04 9.77 10.59 11.11 11.35 11.44 11.34 11.11 11.02 11.04 11.28 11.48 11.54 11.50 11.21 10.96 10.94 11.03 10.89 10.30 9.65 9.17 8.88 8.78 8.89 9.24 9.77 10.42 10.79 10.54 9.71 9.15 9.07 9.50 9.78 9.46 8.42 6.77 5.33 4.81 4.82 4.66 4.55 4.72 4.89 4.86
10.10 9.96 9.49 8.70 7.79 6.98 6.31 5.85 5.76 6.15 6.78 7.56 8.50 9.54 10.62 11.56 12.34 12.87 12.91 12.39 11.37 10.20 9.41 9.32 9.87 10.88 11.37 10.65 9.41 8.70 8.38 8.37 8.51 8.39 8.43 8.91 9.53 10.14 10.70 11.01 11.01 10.76 10.34 10.03 10.10 10.43 10.81 10.99 10.74 10.21 9.94 9.90 9.93 9.87 9.65 9.46 9.21 8.90 8.64 8.57 8.82 9.48 10.24 10.87 10.99 10.60 9.95 9.61 9.71 10.11 10.18 9.48 8.23 7.01 6.05 5.75 5.50 5.07 5.13 5.45 5.49 5.31
10.03 9.78 9.16 8.63 8.24 7.85 7.54 7.48 7.74 8.09 8.49 9.13 10.05 11.15 12.18 12.81 13.00 12.67 11.73 10.35 9.00 8.14 8.24 9.03 10.10 11.33 11.69 11.17 10.51 10.21 10.11 10.08 9.90 9.44 9.17 9.38 9.73 10.11 10.43 10.53 10.21 9.68 9.27 9.22 9.40 9.82 10.38 10.44 9.54 8.37 7.86 7.90 8.11 8.13 8.13 8.32 8.51 8.50 8.43 8.53 8.93 9.70 10.43 10.84 10.76 10.37 9.97 9.81 9.80 9.88 9.78 9.06 8.32 7.89 7.58 7.23 6.74 6.10 6.56 7.08 6.98 6.69
9.80 9.44 8.95 8.77 8.70 8.67 8.78 9.15 9.65 10.03 10.36 10.85 11.68 12.60 13.08 13.00 12.33 11.15 9.67 8.28 7.41 7.32 8.05 9.13 10.39 11.85 12.29 12.18 12.02 11.90 11.68 11.31 10.80 10.24 9.80 9.69 9.75 9.94 10.05 9.78 9.11 8.54 8.52 8.83 9.19 9.82 10.45 10.29 8.92 7.49 6.93 6.82 6.55 6.62 7.13 7.76 8.26 8.48 8.53 8.75 9.25 9.91 10.28 10.35 10.17 9.91 9.57 9.28 9.14 9.19 9.06 8.78 8.91 9.18 9.37 9.22 8.73 8.38 9.16 9.61 9.40 9.23
9.63 9.36 9.04 9.07 9.38 9.85 10.40 10.92 11.34 11.61 11.85 12.25 12.79 13.09 12.80 11.90 10.63 9.23 7.98 7.22 7.36 8.15 9.15 10.05 11.24 12.39 12.46 11.90 11.58 11.38 11.06 10.69 10.42 10.26 9.90 9.71 9.69 9.64 9.33 8.74 8.27 8.42 8.86 9.27 9.72 10.43 10.90 10.62 9.50 8.52 8.07 7.72 7.10 7.20 7.79 8.30 8.62 8.85 9.04 9.28 9.59 9.96 10.11 10.08 9.99 9.81 9.38 9.02 8.99 9.15 9.12 9.18 9.71 10.15 10.47 10.67 10.88 11.25 11.83 12.04 11.81 11.63
9.62 9.47 9.26 9.42 9.98 10.70 11.29 11.69 11.88 11.99 12.18 12.48 12.66 12.33 11.41 10.13 8.76 7.54 6.74 6.79 7.86 9.11 10.05 10.86 11.87 12.41 11.80 10.65 9.96 9.61 9.42 9.48 9.67 9.82 9.68 9.53 9.36 8.98 8.45 8.17 8.57 9.42 9.87 10.08 10.38 10.95 11.23 10.87 10.11 9.84 9.79 9.57 9.27 9.13 9.13 8.96 8.94 9.21 9.62 9.89 10.05 10.29 10.36 10.36 10.27 10.06 9.79 9.76 9.99 9.98 9.76 9.75 10.03 10.22 10.44 10.99 11.82 12.53 12.80 12.66 12.25 11.94
9.54 9.44 9.29 9.49 9.92 10.44 10.74 10.86 10.87 10.98 11.28 11.55 11.45 10.82 9.75 8.43 7.11 6.31 6.32 7.13 8.37 9.38 10.13 10.79 11.51 11.55 10.51 9.31 8.47 8.03 8.06 8.35 8.66 8.88 9.12 9.21 9.02 8.72 8.66 9.12 9.90 10.35 10.44 10.47 10.68 11.08 11.19 10.65 10.08 9.97 10.04 10.10 10.17 10.04 9.44 8.93 8.97 9.38 9.83 10.18 10.47 10.81 10.91 10.85 10.67 10.49 10.42 10.52 10.59 10.27 9.96 9.89 9.91 9.94 10.15 10.70 11.43 11.88 11.83 11.64 11.38 10.97
9.42 9.39 9.38 9.50 9.62 9.68 9.62 9.45 9.42 9.69 10.13 10.29 9.87 8.99 7.82 6.69 6.22 6.57 7.66 8.77 9.46 9.94 10.30 10.63 10.86 10.44 9.16 7.92 7.11 6.83 6.93 7.09 7.21 7.49 7.94 8.42 8.84 9.23 9.73 10.22 10.48 10.46 10.33 10.36 10.59 10.88 10.83 10.19 9.47 9.06 8.95 9.14 9.41 9.39 8.99 8.79 9.01 9.45 9.89 10.37 10.88 11.32 11.39 11.23 10.96 10.72 10.57 10.37 10.04 9.56 9.47 9.58 9.72 9.83 9.99 10.18 10.38 10.29 10.17 10.41 10.64 10.51
9.66 9.81 9.97 9.85 9.60 9.27 8.95 8.72 8.79 9.19 9.43 9.05 8.08 6.88 5.84 5.66 6.61 8.21 9.51 10.23 10.62 10.83 10.89 10.90 10.83 10.34 9.08 7.63 6.78 6.62 6.65 6.65 6.73 6.90 7.24 7.95 8.83 9.49 9.80 9.82 9.69 9.67 9.75 9.95 10.25 10.49 10.35 9.56 8.54 7.91 7.72 7.73 7.88 8.15 8.31 8.61 8.96 9.38 9.86 10.43 11.03 11.48 11.46 11.21 10.89 10.60 10.33 9.96 9.54 9.14 9.09 9.26 9.49 9.55 9.52 9.73 9.64 9.27 9.02 9.28 9.76 10.19
10.15 10.33 10.38 10.09 9.68 9.23 8.90 8.78 8.85 8.81 8.25 7.13 5.80 4.71 4.46 5.22 6.84 8.60 9.76 10.53 10.99 11.18 11.18 11.28 11.39 10.97 10.00 8.93 8.36 8.39 8.50 8.38 8.38 8.38 8.48 8.84 9.23 9.35 9.22 8.98 8.78 8.84 9.26 9.69 10.07 10.24 9.94 9.03 8.05 7.55 7.30 6.85 6.51 6.58 7.08 7.92 8.69 9.25 9.76 10.36 10.94 11.17 11.05 10.74 10.55 10.46 10.31 10.02 9.71 9.33 9.10 9.15 9.27 9.32 9.47 9.66 9.39 8.93 8.54 8.38 8.48 8.85
10.26 10.16 9.92 9.67 9.39 9.07 8.83 8.68 8.34 7.50 6.11 4.88 4.18 4.05 4.63 5.83 7.09 8.10 8.92 9.75 10.25 10.48 10.85 11.51 11.60 11.43 10.94 10.86 10.99 11.14 11.15 11.09 10.93 10.57 10.26 10.00 9.68 9.38 9.11 8.83 8.62 8.73 9.34 9.88 10.19 10.19 9.78 9.02 8.37 7.95 7.37 6.43 5.75 5.96 6.77 7.87 8.81 9.43 9.93 10.48 10.79 10.67 10.40 10.32 10.43 10.55 10.50 10.23 9.94 9.57 9.32 9.30 9.35 9.38 9.40 9.27 9.05 8.79 8.48 8.05 7.54 7.22
9.98 9.54 9.14 9.06 8.87 8.60 8.29 7.84 7.09 6.06 5.16 4.73 4.90 5.67 7.20 8.67 9.05 8.95 8.88 9.03 9.33 9.75 10.69 11.69 11.80 11.38 11.35 11.74 12.12 12.32 12.27 12.10 11.79 11.30 10.78 10.27 9.78 9.43 9.11 8.80 8.78 9.19 9.81 10.17 10.23 10.08 9.71 9.17 8.67 8.04 7.07 6.21 6.37 7.34 8.37 9.00 9.37 9.72 10.17 10.47 10.36 10.05 10.02 10.33 10.62 10.71 10.59 10.38 10.18 10.03 9.83 9.73 9.58 9.29 8.85 8.54 8.57 8.64 8.45 8.01 7.34 6.97
9.73 9.33 8.90 8.77 8.59 8.31 7.94 7.42 6.81 6.40 6.52 7.12 8.00 9.41 11.06 12.13 12.35 11.63 10.65 10.24 10.31 10.78 11.67 12.09 11.66 11.06 10.98 11.16 11.31 11.45 11.48 11.36 11.22 10.96 10.64 10.25 9.84 9.45 8.99 8.74 9.10 9.84 10.33 10.22 9.98 9.84 9.62 9.20 8.74 8.10 7.44 7.46 8.39 9.51 9.91 9.70 9.50 9.73 10.06 10.10 9.86 9.77 10.03 10.35 10.55 10.50 10.30 10.18 10.20 10.32 10.24 10.03 9.67 9.15 8.59 8.32 8.44 8.57 8.46 8.26 8.20 8.45
