project/data/elevation/US_DEM2016/US_DEM2016_point_10-28-2019_1957_30m_vel.asc
ncols	125
nrows	167
xllcorner	-2042055.000000
yllcorner	1465035.000000
cellsize	30.000000
NODATA_value	-9999.000000
[rows 0 to 37 of 167, columns 0 to 83 of 125]
0.82 0.77 0.75 0.80 0.88 0.99 1.13 1.22 1.27 1.30 1.36 1.45 1.45 1.36 1.32 1.37 1.42 1.39 1.24 1.10 1.06 1.11 1.21 1.28 1.33 1.33 1.29 1.12 0.89 0.69 0.59 0.56 0.57 0.54 0.48 0.43 0.46 0.53 0.60 0.64 0.65 0.67 0.69 0.71 0.71 0.69 0.64 0.64 0.71 0.85 1.01 1.14 1.24 1.34 1.36 1.35 1.34 1.24 1.14 1.06 1.00 0.95 0.95 1.01 1.06 1.07 1.07 1.03 0.95 0.91 0.91 0.93 0.94 0.95 0.96 0.96 0.96 0.99 1.07 1.13 1.16 1.12 1.02 1.04
0.82 0.77 0.75 0.80 0.88 0.99 1.13 1.22 1.27 1.30 1.36 1.45 1.45 1.36 1.32 1.37 1.42 1.39 1.24 1.10 1.06 1.11 1.21 1.28 1.33 1.33 1.29 1.12 0.89 0.69 0.59 0.56 0.57 0.54 0.48 0.43 0.46 0.53 0.60 0.64 0.65 0.67 0.69 0.71 0.71 0.69 0.64 0.64 0.71 0.85 1.01 1.14 1.24 1.34 1.36 1.35 1.34 1.24 1.14 1.06 1.00 0.95 0.95 1.01 1.06 1.07 1.07 1.03 0.95 0.91 0.91 0.93 0.94 0.95 0.96 0.96 0.96 0.99 1.07 1.13 1.16 1.12 1.02 1.04
0.77 0.76 0.79 0.83 0.88 0.98 1.10 1.17 1.21 1.21 1.24 1.30 1.31 1.28 1.25 1.26 1.29 1.28 1.18 1.07 1.07 1.13 1.19 1.21 1.21 1.18 1.09 0.92 0.74 0.63 0.59 0.58 0.58 0.55 0.50 0.47 0.49 0.54 0.58 0.61 0.62 0.63 0.65 0.70 0.75 0.76 0.75 0.76 0.83 0.94 1.05 1.12 1.17 1.22 1.23 1.22 1.20 1.17 1.10 1.03 0.97 0.92 0.93 0.97 0.99 0.99 0.99 0.99 0.99 0.98 0.97 0.97 0.95 0.93 0.90 0.89 0.90 0.96 1.03 1.04 1.01 1.00 1.00 1.06
0.79 0.81 0.87 0.91 0.93 0.98 1.05 1.08 1.06 1.03 1.02 1.04 1.07 1.07 1.08 1.05 1.03 1.05 1.04 1.03 1.09 1.15 1.14 1.06 0.98 0.89 0.77 0.67 0.59 0.59 0.62 0.62 0.62 0.62 0.61 0.60 0.60 0.60 0.58 0.58 0.63 0.68 0.72 0.78 0.85 0.89 0.91 0.93 0.98 1.05 1.09 1.08 1.04 1.01 0.99 0.94 0.91 0.94 0.96 0.96 0.95 0.95 0.93 0.90 0.86 0.83 0.83 0.87 0.93 0.98 0.99 0.97 0.92 0.86 0.82 0.81 0.83 0.89 0.92 0.87 0.80 0.87 1.00 1.10
0.84 0.87 0.94 0.96 0.97 0.99 1.01 1.01 0.97 0.93 0.87 0.85 0.89 0.91 0.93 0.90 0.87 0.89 0.95 1.03 1.13 1.14 1.07 0.93 0.80 0.68 0.62 0.60 0.61 0.66 0.69 0.70 0.74 0.76 0.75 0.73 0.72 0.71 0.67 0.67 0.73 0.79 0.84 0.91 0.93 0.94 0.95 0.99 1.04 1.09 1.10 1.04 0.97 0.89 0.83 0.73 0.68 0.69 0.75 0.84 0.90 0.93 0.92 0.84 0.77 0.72 0.71 0.73 0.76 0.79 0.80 0.78 0.75 0.73 0.73 0.77 0.80 0.83 0.83 0.78 0.77 0.87 1.01 1.06
0.86 0.90 0.96 0.98 0.98 0.98 0.98 0.94 0.91 0.88 0.81 0.75 0.78 0.84 0.89 0.89 0.86 0.86 0.93 1.03 1.10 1.07 0.95 0.79 0.65 0.57 0.58 0.62 0.68 0.74 0.78 0.83 0.86 0.84 0.81 0.78 0.78 0.79 0.77 0.76 0.77 0.79 0.83 0.91 0.93 0.93 0.93 0.99 1.04 1.08 1.07 1.02 0.95 0.84 0.73 0.66 0.66 0.69 0.72 0.73 0.75 0.77 0.76 0.72 0.68 0.67 0.67 0.67 0.65 0.63 0.60 0.58 0.57 0.60 0.67 0.73 0.77 0.79 0.80 0.80 0.81 0.89 0.98 0.96
0.90 0.94 0.99 1.01 1.00 0.96 0.93 0.87 0.85 0.84 0.80 0.73 0.73 0.83 0.93 0.92 0.88 0.89 0.92 0.95 0.99 0.94 0.81 0.67 0.59 0.57 0.60 0.66 0.73 0.79 0.85 0.90 0.89 0.86 0.84 0.84 0.85 0.85 0.83 0.80 0.78 0.78 0.80 0.84 0.86 0.84 0.84 0.90 0.98 1.03 1.03 0.99 0.92 0.86 0.82 0.81 0.84 0.85 0.83 0.76 0.68 0.61 0.58 0.59 0.63 0.68 0.71 0.70 0.68 0.63 0.58 0.56 0.57 0.63 0.69 0.74 0.76 0.78 0.83 0.85 0.85 0.90 0.92 0.86
0.94 0.98 1.04 1.03 1.00 0.92 0.85 0.81 0.82 0.84 0.81 0.74 0.75 0.86 0.95 0.91 0.84 0.84 0.83 0.83 0.87 0.82 0.70 0.61 0.58 0.59 0.64 0.70 0.75 0.81 0.87 0.90 0.90 0.91 0.94 0.98 0.99 0.97 0.94 0.90 0.85 0.82 0.80 0.78 0.75 0.73 0.74 0.81 0.93 1.03 1.04 0.98 0.91 0.90 0.93 0.96 0.95 0.91 0.84 0.74 0.63 0.56 0.55 0.59 0.65 0.71 0.75 0.76 0.73 0.68 0.63 0.63 0.66 0.70 0.75 0.76 0.78 0.82 0.87 0.87 0.87 0.89 0.88 0.78
1.01 1.03 1.07 1.03 0.97 0.90 0.82 0.81 0.86 0.89 0.85 0.82 0.84 0.90 0.93 0.85 0.74 0.71 0.72 0.75 0.81 0.76 0.63 0.55 0.55 0.60 0.69 0.76 0.81 0.84 0.89 0.93 0.98 1.06 1.14 1.18 1.16 1.12 1.08 1.03 0.97 0.91 0.86 0.81 0.75 0.74 0.80 0.89 1.03 1.10 1.06 0.93 0.83 0.81 0.83 0.84 0.81 0.74 0.65 0.58 0.57 0.59 0.63 0.66 0.69 0.74 0.79 0.80 0.76 0.69 0.67 0.68 0.71 0.74 0.79 0.82 0.85 0.91 0.93 0.90 0.88 0.89 0.86 0.93
1.04 1.06 1.04 1.00 0.94 0.90 0.86 0.89 0.96 0.99 0.95 0.92 0.94 0.93 0.89 0.78 0.65 0.61 0.66 0.75 0.81 0.73 0.59 0.52 0.55 0.63 0.73 0.80 0.85 0.91 0.97 1.03 1.11 1.19 1.22 1.20 1.17 1.14 1.12 1.11 1.07 1.03 0.99 0.94 0.88 0.88 0.92 1.02 1.12 1.13 1.02 0.83 0.70 0.61 0.58 0.57 0.55 0.49 0.46 0.49 0.56 0.64 0.68 0.70 0.75 0.81 0.87 0.87 0.78 0.68 0.67 0.72 0.79 0.85 0.90 0.94 1.00 1.06 1.06 1.01 0.97 0.95 0.94 0.91
1.09 1.03 0.97 0.96 0.94 0.95 0.99 1.06 1.12 1.11 1.07 1.03 1.00 0.93 0.85 0.73 0.61 0.61 0.71 0.81 0.84 0.74 0.62 0.59 0.64 0.72 0.77 0.82 0.90 1.01 1.09 1.15 1.18 1.15 1.07 0.98 0.97 1.01 1.06 1.08 1.09 1.08 1.05 1.01 0.98 0.96 0.98 1.07 1.14 1.10 0.93 0.73 0.61 0.53 0.47 0.42 0.37 0.36 0.43 0.52 0.61 0.67 0.72 0.75 0.81 0.89 0.94 0.90 0.80 0.70 0.72 0.81 0.93 1.00 1.05 1.09 1.14 1.14 1.10 1.05 1.02 1.01 1.00 0.97
1.12 1.01 0.91 0.95 1.00 1.07 1.15 1.22 1.24 1.20 1.15 1.12 1.06 0.95 0.84 0.75 0.68 0.71 0.80 0.86 0.84 0.75 0.68 0.69 0.74 0.81 0.85 0.92 1.02 1.09 1.12 1.12 1.06 0.95 0.81 0.74 0.79 0.87 0.92 0.95 0.99 1.02 1.04 1.04 1.01 0.99 1.02 1.11 1.12 1.01 0.81 0.67 0.59 0.51 0.43 0.37 0.36 0.40 0.50 0.59 0.67 0.74 0.80 0.84 0.90 0.95 0.95 0.89 0.83 0.80 0.82 0.93 1.03 1.10 1.13 1.14 1.11 1.02 0.89 0.83 0.84 0.86 0.86 0.84
1.06 0.98 0.90 0.94 1.02 1.11 1.18 1.20 1.19 1.16 1.14 1.13 1.09 1.00 0.92 0.86 0.82 0.81 0.83 0.83 0.78 0.69 0.67 0.72 0.80 0.86 0.92 0.99 1.02 1.01 0.97 0.90 0.79 0.65 0.58 0.64 0.73 0.75 0.73 0.76 0.82 0.88 0.95 1.00 1.01 1.01 1.05 1.12 1.06 0.88 0.69 0.59 0.49 0.42 0.40 0.43 0.47 0.53 0.59 0.67 0.75 0.83 0.90 0.93 0.95 0.96 0.93 0.90 0.89 0.89 0.93 1.02 1.11 1.14 1.09 1.00 0.88 0.71 0.57 0.56 0.61 0.66 0.69 0.69
1.04 1.01 0.97 0.96 0.96 1.00 1.02 1.01 0.97 0.97 0.98 1.01 1.02 1.01 1.00 0.96 0.91 0.84 0.80 0.74 0.65 0.58 0.60 0.70 0.77 0.81 0.84 0.84 0.79 0.73 0.67 0.59 0.50 0.44 0.48 0.59 0.63 0.59 0.57 0.62 0.67 0.73 0.79 0.85 0.91 0.98 1.05 1.08 1.00 0.81 0.63 0.48 0.37 0.36 0.45 0.54 0.59 0.62 0.67 0.75 0.84 0.91 0.96 0.97 0.98 0.99 0.98 0.96 0.96 0.96 1.01 1.11 1.14 1.06 0.90 0.73 0.59 0.51 0.50 0.56 0.66 0.71 0.74 0.72
1.06 1.07 1.01 0.94 0.87 0.82 0.78 0.72 0.68 0.70 0.75 0.81 0.85 0.89 0.93 0.95 0.93 0.84 0.76 0.65 0.52 0.50 0.58 0.66 0.66 0.64 0.64 0.60 0.54 0.50 0.46 0.45 0.47 0.50 0.55 0.57 0.55 0.53 0.54 0.58 0.60 0.61 0.65 0.69 0.78 0.94 1.03 1.05 0.96 0.80 0.61 0.46 0.41 0.49 0.62 0.67 0.65 0.66 0.73 0.82 0.92 0.99 1.03 1.05 1.07 1.09 1.09 1.05 1.02 1.03 1.09 1.14 1.05 0.84 0.65 0.56 0.56 0.58 0.62 0.73 0.83 0.88 0.88 0.85
1.08 1.04 0.93 0.84 0.72 0.64 0.58 0.53 0.53 0.56 0.61 0.63 0.65 0.69 0.77 0.83 0.85 0.82 0.72 0.59 0.51 0.56 0.63 0.64 0.59 0.54 0.53 0.54 0.53 0.53 0.53 0.56 0.63 0.67 0.68 0.67 0.66 0.66 0.67 0.68 0.68 0.69 0.71 0.77 0.88 1.02 1.05 1.00 0.88 0.73 0.60 0.55 0.59 0.70 0.78 0.77 0.71 0.72 0.81 0.94 1.04 1.11 1.15 1.16 1.19 1.21 1.20 1.16 1.13 1.13 1.14 1.08 0.87 0.67 0.61 0.66 0.72 0.72 0.76 0.85 0.94 0.98 0.97 0.99
1.05 0.94 0.79 0.69 0.57 0.53 0.54 0.54 0.56 0.62 0.66 0.66 0.65 0.69 0.75 0.74 0.73 0.74 0.71 0.65 0.66 0.70 0.70 0.66 0.62 0.60 0.62 0.65 0.67 0.68 0.67 0.68 0.72 0.76 0.79 0.81 0.83 0.82 0.82 0.82 0.85 0.90 0.94 1.02 1.11 1.12 1.05 0.93 0.81 0.71 0.65 0.66 0.74 0.84 0.88 0.85 0.79 0.84 0.96 1.10 1.21 1.26 1.27 1.27 1.27 1.26 1.25 1.24 1.22 1.19 1.12 0.99 0.79 0.73 0.80 0.86 0.87 0.84 0.86 0.94 1.01 1.05 1.08 1.14
1.00 0.90 0.73 0.58 0.52 0.57 0.66 0.73 0.79 0.86 0.90 0.90 0.90 0.89 0.85 0.74 0.66 0.68 0.71 0.75 0.78 0.75 0.70 0.67 0.67 0.70 0.73 0.75 0.77 0.78 0.78 0.77 0.78 0.82 0.86 0.91 0.93 0.94 0.93 0.96 1.02 1.08 1.14 1.18 1.18 1.09 0.93 0.81 0.75 0.74 0.72 0.76 0.85 0.93 0.95 0.91 0.90 0.99 1.14 1.27 1.34 1.34 1.30 1.25 1.22 1.20 1.19 1.19 1.20 1.17 1.10 1.03 0.96 0.98 1.07 1.11 1.08 1.03 1.04 1.08 1.12 1.16 1.19 1.22
0.98 0.90 0.72 0.58 0.60 0.76 0.91 1.01 1.09 1.14 1.16 1.16 1.13 1.05 0.93 0.78 0.68 0.66 0.71 0.76 0.78 0.74 0.70 0.70 0.73 0.76 0.79 0.80 0.82 0.85 0.88 0.90 0.92 0.94 0.96 1.00 1.04 1.06 1.08 1.12 1.16 1.20 1.20 1.15 1.03 0.86 0.70 0.64 0.70 0.75 0.81 0.87 0.97 1.03 1.01 0.94 0.98 1.13 1.27 1.34 1.33 1.25 1.16 1.10 1.07 1.07 1.10 1.11 1.10 1.09 1.10 1.14 1.21 1.27 1.32 1.35 1.35 1.34 1.33 1.31 1.28 1.27 1.24 1.19
0.92 0.79 0.61 0.59 0.75 0.96 1.13 1.23 1.28 1.28 1.25 1.20 1.14 1.05 0.96 0.87 0.78 0.72 0.73 0.76 0.76 0.74 0.74 0.77 0.79 0.81 0.83 0.86 0.88 0.92 0.97 1.04 1.10 1.13 1.15 1.17 1.18 1.17 1.20 1.23 1.23 1.19 1.09 0.95 0.77 0.61 0.54 0.58 0.72 0.82 0.92 1.01 1.07 1.08 1.03 0.98 1.07 1.22 1.29 1.27 1.17 1.06 0.97 0.93 0.91 0.94 0.97 1.00 1.01 1.02 1.08 1.16 1.26 1.32 1.36 1.40 1.44 1.44 1.42 1.38 1.33 1.29 1.22 1.11
0.75 0.65 0.58 0.70 0.95 1.17 1.28 1.30 1.28 1.22 1.14 1.08 1.02 0.97 0.94 0.91 0.84 0.78 0.77 0.79 0.78 0.80 0.84 0.87 0.89 0.90 0.92 0.96 0.98 1.02 1.10 1.19 1.26 1.30 1.30 1.27 1.23 1.20 1.20 1.19 1.12 1.00 0.83 0.66 0.55 0.53 0.58 0.70 0.85 0.96 1.07 1.15 1.17 1.12 1.06 1.08 1.17 1.23 1.21 1.10 0.96 0.86 0.79 0.75 0.76 0.76 0.76 0.78 0.83 0.90 0.96 1.04 1.12 1.16 1.17 1.20 1.25 1.27 1.26 1.24 1.22 1.18 1.13 1.06
0.76 0.75 0.81 1.00 1.21 1.32 1.31 1.23 1.15 1.04 0.97 0.93 0.89 0.86 0.86 0.85 0.83 0.80 0.81 0.84 0.88 0.93 0.98 1.02 1.03 1.05 1.08 1.10 1.13 1.19 1.26 1.32 1.32 1.29 1.24 1.17 1.13 1.11 1.06 0.96 0.84 0.71 0.56 0.47 0.50 0.61 0.75 0.91 1.02 1.12 1.19 1.19 1.17 1.14 1.11 1.14 1.18 1.15 1.05 0.89 0.76 0.66 0.58 0.56 0.60 0.59 0.55 0.55 0.62 0.72 0.83 0.89 0.91 0.90 0.87 0.88 0.89 0.91 0.93 0.95 0.99 1.04 1.06 1.08
0.93 1.01 1.15 1.26 1.33 1.32 1.21 1.09 0.98 0.90 0.87 0.84 0.80 0.76 0.75 0.76 0.77 0.80 0.85 0.91 0.98 1.05 1.09 1.12 1.13 1.17 1.20 1.24 1.28 1.32 1.35 1.31 1.21 1.09 0.97 0.92 0.95 0.93 0.81 0.66 0.53 0.46 0.43 0.50 0.64 0.77 0.91 1.04 1.15 1.22 1.20 1.15 1.09 1.07 1.09 1.11 1.09 1.00 0.86 0.71 0.60 0.50 0.45 0.49 0.54 0.55 0.54 0.55 0.60 0.68 0.76 0.83 0.82 0.76 0.70 0.67 0.69 0.75 0.79 0.81 0.85 0.91 0.97 1.02
1.06 1.14 1.24 1.28 1.27 1.20 1.06 0.96 0.86 0.82 0.81 0.78 0.74 0.70 0.67 0.69 0.74 0.81 0.88 0.91 0.96 0.98 1.01 1.07 1.11 1.17 1.22 1.27 1.29 1.29 1.24 1.11 0.94 0.79 0.71 0.73 0.77 0.68 0.53 0.42 0.39 0.42 0.51 0.67 0.79 0.90 1.03 1.13 1.21 1.20 1.11 1.01 0.96 0.96 0.99 1.00 0.96 0.87 0.74 0.62 0.53 0.47 0.48 0.54 0.58 0.60 0.64 0.70 0.75 0.75 0.76 0.79 0.78 0.70 0.62 0.60 0.67 0.74 0.75 0.76 0.81 0.83 0.85 0.88
1.14 1.15 1.16 1.16 1.11 1.02 0.92 0.86 0.81 0.78 0.76 0.72 0.69 0.66 0.65 0.67 0.74 0.82 0.86 0.85 0.84 0.82 0.86 0.93 1.04 1.12 1.17 1.18 1.15 1.08 0.95 0.79 0.63 0.54 0.53 0.56 0.53 0.44 0.37 0.39 0.46 0.58 0.72 0.83 0.93 1.04 1.13 1.20 1.20 1.12 1.01 0.93 0.90 0.88 0.88 0.88 0.86 0.81 0.72 0.61 0.55 0.56 0.64 0.71 0.75 0.77 0.83 0.86 0.83 0.79 0.76 0.76 0.74 0.69 0.62 0.63 0.71 0.74 0.69 0.69 0.75 0.77 0.77 0.79
1.21 1.13 1.04 1.02 0.97 0.90 0.85 0.80 0.77 0.75 0.72 0.69 0.66 0.65 0.67 0.71 0.77 0.83 0.85 0.84 0.84 0.85 0.91 1.00 1.09 1.14 1.11 1.04 0.93 0.81 0.65 0.52 0.41 0.39 0.42 0.44 0.43 0.42 0.45 0.53 0.64 0.76 0.86 0.96 1.07 1.16 1.22 1.22 1.15 1.04 0.94 0.88 0.84 0.83 0.84 0.84 0.83 0.79 0.74 0.68 0.67 0.72 0.81 0.86 0.89 0.93 0.95 0.90 0.81 0.79 0.80 0.77 0.73 0.70 0.68 0.70 0.75 0.72 0.66 0.68 0.72 0.72 0.73 0.77
1.23 1.12 0.99 0.94 0.90 0.87 0.86 0.83 0.80 0.78 0.75 0.73 0.72 0.73 0.75 0.82 0.83 0.88 0.90 0.93 0.98 1.05 1.13 1.18 1.18 1.12 1.00 0.85 0.71 0.57 0.44 0.37 0.38 0.44 0.50 0.52 0.55 0.59 0.64 0.70 0.77 0.86 0.96 1.08 1.19 1.25 1.25 1.18 1.07 0.95 0.86 0.80 0.79 0.80 0.84 0.85 0.81 0.79 0.81 0.83 0.87 0.94 1.01 1.04 1.06 1.05 1.01 0.94 0.89 0.90 0.87 0.79 0.73 0.75 0.76 0.75 0.76 0.74 0.73 0.75 0.75 0.73 0.74 0.77
1.24 1.14 0.99 0.94 0.90 0.88 0.89 0.90 0.88 0.88 0.87 0.85 0.85 0.87 0.88 0.88 0.88 0.92 0.97 1.04 1.12 1.17 1.19 1.15 1.07 0.95 0.80 0.64 0.49 0.38 0.35 0.41 0.52 0.62 0.67 0.70 0.73 0.75 0.78 0.82 0.86 0.93 1.05 1.17 1.26 1.28 1.21 1.09 0.97 0.88 0.81 0.78 0.80 0.83 0.85 0.82 0.78 0.81 0.89 0.98 1.09 1.18 1.25 1.28 1.24 1.19 1.12 1.06 1.06 1.02 0.91 0.79 0.78 0.84 0.84 0.79 0.79 0.83 0.85 0.83 0.80 0.78 0.77 0.77
1.22 1.11 0.99 0.94 0.90 0.89 0.89 0.90 0.91 0.91 0.92 0.90 0.90 0.92 0.93 0.91 0.89 0.91 0.98 1.07 1.11 1.09 1.02 0.90 0.79 0.69 0.57 0.44 0.35 0.35 0.44 0.61 0.72 0.77 0.80 0.82 0.84 0.85 0.88 0.90 0.93 1.02 1.15 1.24 1.28 1.23 1.11 0.99 0.90 0.86 0.84 0.85 0.86 0.87 0.83 0.77 0.79 0.88 0.97 1.10 1.23 1.31 1.34 1.33 1.32 1.29 1.25 1.23 1.16 1.06 0.94 0.87 0.90 0.94 0.90 0.87 0.91 0.97 0.97 0.91 0.84 0.80 0.79 0.76
1.18 1.11 1.01 0.96 0.92 0.90 0.87 0.87 0.88 0.88 0.85 0.82 0.81 0.82 0.83 0.86 0.84 0.89 0.97 1.01 0.96 0.85 0.73 0.61 0.52 0.45 0.37 0.31 0.34 0.47 0.67 0.80 0.84 0.86 0.88 0.90 0.93 0.95 0.95 0.97 1.02 1.12 1.21 1.26 1.22 1.11 0.98 0.90 0.88 0.89 0.92 0.95 0.94 0.92 0.87 0.84 0.88 0.97 1.04 1.18 1.26 1.29 1.26 1.22 1.22 1.24 1.26 1.27 1.23 1.16 1.11 1.10 1.10 1.05 0.98 0.99 1.06 1.10 1.05 0.95 0.85 0.79 0.76 0.75
1.20 1.15 1.06 1.00 0.97 0.93 0.89 0.85 0.85 0.86 0.84 0.80 0.78 0.76 0.75 0.85 0.81 0.89 0.94 0.88 0.73 0.57 0.44 0.35 0.29 0.26 0.24 0.28 0.42 0.64 0.80 0.86 0.87 0.89 0.92 0.95 0.97 0.97 0.97 1.00 1.08 1.16 1.23 1.22 1.12 0.97 0.88 0.86 0.88 0.93 0.96 0.98 1.00 0.99 0.96 0.94 0.95 1.00 1.08 1.20 1.21 1.14 1.04 1.00 1.02 1.08 1.14 1.20 1.26 1.29 1.31 1.30 1.24 1.19 1.14 1.16 1.18 1.13 1.03 0.88 0.78 0.75 0.74 0.73
1.23 1.14 1.02 0.98 0.98 0.97 0.92 0.86 0.84 0.86 0.89 0.88 0.85 0.81 0.78 0.78 0.83 0.88 0.84 0.68 0.49 0.37 0.29 0.23 0.22 0.27 0.32 0.41 0.53 0.66 0.75 0.76 0.78 0.81 0.85 0.90 0.90 0.90 0.93 1.00 1.09 1.18 1.21 1.15 1.05 0.94 0.88 0.86 0.88 0.90 0.94 0.97 1.00 1.00 0.99 0.95 0.93 0.94 1.04 1.13 1.10 0.98 0.88 0.85 0.87 0.93 0.99 1.06 1.15 1.23 1.29 1.30 1.27 1.25 1.26 1.25 1.17 1.03 0.88 0.77 0.74 0.74 0.73 0.71
1.20 1.06 0.91 0.89 0.92 0.95 0.92 0.85 0.81 0.83 0.87 0.88 0.87 0.84 0.82 0.80 0.81 0.79 0.67 0.50 0.41 0.33 0.28 0.36 0.38 0.46 0.54 0.60 0.62 0.64 0.63 0.62 0.63 0.66 0.70 0.74 0.78 0.82 0.89 1.00 1.09 1.15 1.14 1.04 0.95 0.88 0.83 0.84 0.86 0.87 0.89 0.95 0.95 0.94 0.93 0.88 0.86 0.87 0.98 1.06 0.99 0.86 0.79 0.80 0.85 0.88 0.89 0.91 0.96 1.02 1.07 1.11 1.14 1.17 1.19 1.18 1.06 0.90 0.82 0.80 0.78 0.73 0.69 0.71
1.06 0.98 0.89 0.88 0.88 0.87 0.83 0.79 0.76 0.76 0.77 0.80 0.81 0.80 0.80 0.78 0.74 0.67 0.56 0.59 0.45 0.56 0.57 0.57 0.60 0.65 0.70 0.73 0.73 0.70 0.67 0.64 0.62 0.60 0.62 0.67 0.74 0.80 0.88 0.99 1.06 1.08 1.00 0.86 0.72 0.66 0.68 0.74 0.79 0.85 0.88 0.90 0.88 0.84 0.82 0.80 0.80 0.85 0.94 1.00 0.94 0.81 0.78 0.82 0.87 0.88 0.83 0.81 0.81 0.83 0.83 0.86 0.93 1.00 1.02 1.02 0.98 0.92 0.89 0.87 0.78 0.68 0.68 0.76
0.99 1.00 1.01 0.99 0.92 0.84 0.80 0.77 0.73 0.70 0.69 0.72 0.76 0.78 0.78 0.75 0.69 0.63 0.68 0.56 0.71 0.74 0.76 0.77 0.78 0.80 0.83 0.83 0.83 0.82 0.80 0.75 0.70 0.67 0.68 0.72 0.77 0.82 0.89 0.97 1.03 1.00 0.85 0.66 0.57 0.59 0.66 0.74 0.81 0.87 0.89 0.88 0.82 0.77 0.76 0.77 0.80 0.86 0.93 0.97 0.94 0.87 0.85 0.86 0.87 0.82 0.75 0.71 0.73 0.73 0.73 0.76 0.82 0.86 0.85 0.87 0.94 0.98 0.97 0.88 0.74 0.70 0.79 0.90
1.07 1.12 1.16 1.11 1.03 0.92 0.85 0.80 0.74 0.67 0.64 0.65 0.69 0.74 0.76 0.73 0.69 0.68 0.73 0.77 0.85 0.90 0.93 0.95 0.96 0.95 0.92 0.91 0.89 0.86 0.83 0.80 0.77 0.77 0.77 0.79 0.83 0.87 0.93 1.00 1.01 0.93 0.77 0.64 0.65 0.74 0.84 0.93 0.96 0.95 0.91 0.88 0.81 0.75 0.76 0.79 0.82 0.88 0.93 0.99 0.98 0.94 0.89 0.84 0.80 0.74 0.68 0.67 0.71 0.71 0.70 0.75 0.79 0.79 0.77 0.82 0.90 0.98 1.00 0.96 0.89 0.91 1.01 1.08
1.15 1.18 1.17 1.11 1.04 0.96 0.89 0.82 0.74 0.66 0.60 0.59 0.61 0.66 0.71 0.70 0.68 0.74 0.76 0.91 0.96 1.01 1.05 1.07 1.06 1.04 1.01 0.98 0.94 0.88 0.83 0.79 0.80 0.84 0.88 0.90 0.92 0.96 1.02 1.07 1.05 0.95 0.83 0.81 0.90 1.01 1.09 1.12 1.09 0.99 0.92 0.88 0.83 0.77 0.77 0.79 0.82 0.88 0.95 1.03 1.03 0.97 0.88 0.80 0.73 0.68 0.66 0.68 0.72 0.71 0.68 0.74 0.78 0.77 0.76 0.81 0.87 0.93 1.01 1.09 1.15 1.17 1.19 1.19
1.19 1.17 1.08 0.99 0.92 0.85 0.82 0.77 0.70 0.61 0.56 0.54 0.54 0.57 0.63 0.66 0.67 0.77 0.87 0.93 0.98 1.01 1.03 1.04 1.03 1.03 1.02 1.01 0.98 0.94 0.87 0.82 0.83 0.88 0.92 0.96 1.01 1.07 1.12 1.16 1.15 1.08 1.05 1.06 1.12 1.18 1.19 1.12 1.03 0.95 0.89 0.88 0.84 0.77 0.77 0.79 0.83 0.90 0.99 1.07 1.04 0.96 0.88 0.81 0.75 0.71 0.69 0.71 0.73 0.71 0.67 0.69 0.75 0.77 0.77 0.81 0.86 0.90 0.99 1.11 1.22 1.24 1.20 1.14
