project/data/elevation/US_DEM2016/US_DEM2016_point_10-31-2019_1904_30m_vel.asc
ncols	125
nrows	167
xllcorner	-2042055.000000
yllcorner	1465035.000000
cellsize	30.000000
NODATA_value	-9999.000000
[rows 0 to 37 of 167, columns 0 to 83 of 125]
5.71 5.05 4.37 4.80 5.92 7.35 8.71 9.67 10.02 10.20 10.49 11.06 11.38 10.91 10.39 10.27 10.20 9.98 9.53 9.16 8.95 9.01 9.30 9.66 9.92 9.86 9.50 8.54 7.26 6.00 4.92 4.09 3.52 3.09 2.76 2.69 3.05 3.80 4.63 5.16 5.45 5.66 5.83 5.88 5.66 5.22 4.80 4.85 5.36 6.15 6.89 7.61 8.21 8.81 9.06 9.17 8.99 8.18 7.38 6.81 6.47 6.40 6.65 7.26 7.70 7.84 7.69 7.13 6.17 5.54 5.36 5.50 5.79 6.10 6.36 6.54 6.72 7.15 7.76 8.18 8.51 8.63 8.16 7.82
5.71 5.05 4.37 4.80 5.92 7.35 8.71 9.67 10.02 10.20 10.49 11.06 11.38 10.91 10.39 10.27 10.20 9.98 9.53 9.16 8.95 9.01 9.30 9.66 9.92 9.86 9.50 8.54 7.26 6.00 4.92 4.09 3.52 3.09 2.76 2.69 3.05 3.80 4.63 5.16 5.45 5.66 5.83 5.88 5.66 5.22 4.80 4.85 5.36 6.15 6.89 7.61 8.21 8.81 9.06 9.17 8.99 8.18 7.38 6.81 6.47 6.40 6.65 7.26 7.70 7.84 7.69 7.13 6.17 5.54 5.36 5.50 5.79 6.10 6.36 6.54 6.72 7.15 7.76 8.18 8.51 8.63 8.16 7.82
5.72 5.13 4.60 4.94 5.71 6.82 7.94 8.75 9.18 9.39 9.70 10.20 10.40 10.17 9.79 9.70 9.74 9.70 9.36 8.90 8.73 8.78 8.97 9.18 9.27 9.13 8.56 7.61 6.59 5.62 4.81 4.15 3.65 3.29 3.02 2.93 3.15 3.60 4.15 4.64 4.92 5.13 5.33 5.57 5.76 5.78 5.69 5.67 5.98 6.47 6.98 7.43 7.85 8.18 8.35 8.45 8.46 8.22 7.69 7.01 6.46 6.17 6.32 6.67 6.96 7.10 7.17 7.10 6.86 6.42 6.13 6.03 6.01 6.01 6.03 6.11 6.32 6.73 7.14 7.43 7.61 7.78 7.82 7.82
6.23 5.63 5.19 5.38 5.75 6.25 6.81 7.15 7.28 7.49 7.96 8.34 8.45 8.31 8.25 8.30 8.43 8.68 8.66 8.44 8.41 8.43 8.35 8.14 7.93 7.62 7.07 6.47 5.87 5.36 4.93 4.55 4.27 4.14 4.01 3.85 3.72 3.70 3.77 4.02 4.53 4.99 5.35 5.74 6.20 6.60 6.85 6.89 6.91 6.99 7.09 7.09 7.09 7.00 6.93 6.75 6.81 7.14 7.34 7.26 6.93 6.52 6.18 5.93 5.66 5.59 5.87 6.40 6.82 7.00 6.92 6.63 6.23 5.83 5.54 5.48 5.65 5.91 5.99 5.89 6.03 6.59 7.22 7.69
6.65 6.13 5.76 5.81 5.93 6.10 6.20 6.21 6.05 6.05 6.31 6.66 6.85 6.83 6.85 6.94 7.09 7.38 7.81 8.18 8.37 8.17 7.77 7.21 6.70 6.39 6.26 6.10 5.90 5.73 5.57 5.46 5.44 5.43 5.31 5.03 4.71 4.45 4.26 4.34 4.86 5.45 6.00 6.47 6.71 6.93 7.14 7.34 7.41 7.34 7.21 6.98 6.65 6.25 5.84 5.20 4.86 5.02 5.65 6.41 6.81 6.78 6.39 5.69 5.07 4.66 4.57 4.83 5.29 5.67 5.84 5.78 5.57 5.31 5.12 5.09 5.16 5.22 5.17 5.05 5.28 5.97 6.72 7.05
6.68 6.31 6.09 6.15 6.11 6.07 5.94 5.62 5.38 5.25 5.23 5.49 5.88 6.11 6.37 6.63 6.83 6.94 7.35 7.86 8.02 7.64 7.05 6.36 5.86 5.79 5.95 6.08 6.18 6.27 6.37 6.46 6.46 6.31 6.07 5.78 5.50 5.26 5.02 4.90 4.98 5.23 5.73 6.34 6.68 6.84 6.99 7.24 7.36 7.32 7.19 7.01 6.75 6.12 5.33 4.66 4.41 4.46 4.73 5.12 5.59 5.90 5.82 5.29 4.73 4.31 4.05 3.94 3.94 4.02 4.17 4.30 4.39 4.47 4.55 4.64 4.71 4.76 4.80 4.88 5.11 5.57 6.00 5.98
6.74 6.57 6.47 6.55 6.41 6.10 5.70 5.15 4.80 4.70 4.62 4.75 5.18 5.77 6.33 6.69 7.04 7.13 7.07 7.06 7.03 6.75 6.28 5.82 5.64 5.72 5.89 6.03 6.21 6.49 6.79 6.98 6.89 6.73 6.54 6.40 6.28 6.10 5.78 5.37 5.06 4.98 5.14 5.52 5.88 5.99 6.09 6.29 6.59 6.75 6.88 6.95 6.85 6.66 6.27 5.84 5.76 5.70 5.49 5.18 4.90 4.80 4.76 4.62 4.38 4.14 3.95 3.83 3.76 3.72 3.71 3.79 3.92 4.07 4.20 4.26 4.28 4.35 4.56 4.80 5.02 5.27 5.34 5.03
6.78 6.87 7.09 7.05 6.80 6.13 5.42 4.80 4.53 4.58 4.50 4.38 4.75 5.49 6.09 6.33 6.68 6.84 6.52 6.11 5.91 5.79 5.68 5.66 5.70 5.81 5.95 6.03 6.15 6.44 6.82 7.09 7.18 7.29 7.46 7.70 7.74 7.51 7.06 6.46 5.79 5.23 4.96 4.83 4.75 4.83 4.93 5.17 5.69 6.31 6.65 6.85 7.00 7.30 7.49 7.48 7.18 6.78 6.24 5.56 4.88 4.41 4.28 4.29 4.24 4.09 3.96 3.96 4.02 4.01 3.95 3.94 4.00 4.08 4.16 4.20 4.21 4.30 4.54 4.71 4.83 4.94 4.85 4.49
7.00 7.25 7.69 7.58 7.14 6.42 5.60 5.06 4.96 4.91 4.74 4.61 4.85 5.35 5.63 5.63 5.79 6.00 5.84 5.50 5.32 5.19 5.14 5.30 5.48 5.69 6.02 6.32 6.45 6.55 6.87 7.30 7.77 8.38 9.04 9.46 9.51 9.23 8.77 8.15 7.33 6.40 5.59 5.03 4.71 4.69 5.04 5.48 6.09 6.52 6.60 6.43 6.39 6.65 6.98 7.09 6.83 6.32 5.71 5.16 4.72 4.45 4.36 4.42 4.46 4.41 4.36 4.37 4.33 4.23 4.15 4.13 4.18 4.34 4.56 4.76 4.94 5.14 5.22 5.11 4.94 4.79 4.63 4.74
7.08 7.51 7.99 7.87 7.42 6.90 6.23 5.94 6.00 5.98 5.64 5.35 5.34 5.40 5.25 5.00 4.97 5.26 5.47 5.44 5.32 5.01 4.80 4.93 5.23 5.55 5.95 6.38 6.72 6.97 7.36 7.89 8.55 9.21 9.66 9.81 9.77 9.65 9.53 9.31 8.85 8.11 7.22 6.35 5.70 5.62 5.86 6.32 6.75 6.79 6.44 5.67 5.12 4.67 4.77 5.11 5.24 5.05 4.80 4.60 4.47 4.42 4.41 4.55 4.91 5.16 5.28 5.21 4.82 4.42 4.33 4.49 4.81 5.25 5.65 5.98 6.32 6.62 6.64 6.35 5.93 5.60 5.41 5.28
7.19 7.36 7.86 8.00 7.79 7.58 7.42 7.52 7.63 7.46 7.05 6.54 6.05 5.57 5.09 4.61 4.54 5.03 5.59 5.84 5.74 5.38 5.10 5.14 5.39 5.67 5.90 6.25 6.87 7.57 8.12 8.55 8.83 8.85 8.56 8.17 8.14 8.52 8.96 9.26 9.32 9.05 8.46 7.62 6.82 6.38 6.28 6.59 6.85 6.69 6.03 5.20 4.48 3.92 3.65 3.66 3.91 4.17 4.33 4.41 4.42 4.45 4.56 4.84 5.38 5.96 6.22 6.02 5.48 4.89 4.84 5.29 5.89 6.43 6.89 7.27 7.57 7.67 7.53 7.23 6.93 6.69 6.45 6.17
6.92 6.77 7.21 7.94 8.39 8.66 8.90 9.13 9.21 8.87 8.36 7.78 7.08 6.16 5.30 4.82 4.76 5.25 5.88 6.21 6.14 5.87 5.64 5.59 5.74 6.01 6.30 6.73 7.39 8.01 8.28 8.28 7.95 7.33 6.56 6.12 6.29 6.87 7.44 7.92 8.37 8.69 8.73 8.39 7.73 7.02 6.67 6.72 6.63 6.21 5.43 4.97 4.62 4.12 3.63 3.33 3.45 3.88 4.28 4.50 4.63 4.84 5.16 5.53 5.99 6.40 6.60 6.51 6.18 5.84 5.74 6.14 6.64 7.15 7.52 7.71 7.60 7.22 6.60 6.15 5.93 5.84 5.79 5.73
6.34 6.04 6.22 7.30 8.30 8.97 9.34 9.46 9.48 9.27 8.93 8.51 7.97 7.06 6.16 5.64 5.47 5.59 5.84 6.00 5.99 5.88 5.76 5.74 5.92 6.25 6.66 7.06 7.30 7.32 7.09 6.58 5.82 5.05 4.69 4.85 5.24 5.46 5.55 5.94 6.54 7.21 7.87 8.27 8.18 7.65 7.12 6.85 6.29 5.39 4.67 4.40 4.10 3.75 3.47 3.40 3.59 4.01 4.48 4.87 5.19 5.53 5.90 6.19 6.38 6.46 6.56 6.76 6.85 6.76 6.72 6.90 7.28 7.55 7.46 7.00 6.21 5.23 4.44 3.98 3.79 3.86 4.12 4.42
6.45 6.23 6.15 6.47 7.11 7.76 8.09 8.14 8.05 8.05 8.13 8.15 8.07 7.74 7.21 6.63 6.18 5.83 5.57 5.35 5.27 5.33 5.42 5.51 5.69 5.88 6.03 6.01 5.68 5.22 4.71 4.06 3.48 3.19 3.35 3.82 4.02 3.93 3.94 4.25 4.70 5.29 6.00 6.76 7.37 7.50 7.28 6.88 6.21 5.20 4.36 3.70 3.33 3.28 3.42 3.69 4.01 4.38 4.84 5.41 5.88 6.22 6.42 6.58 6.68 6.74 6.88 7.17 7.40 7.42 7.42 7.60 7.68 7.33 6.51 5.37 4.30 3.71 3.52 3.50 3.60 3.78 4.01 4.14
6.84 6.93 6.59 6.10 5.69 5.64 5.65 5.50 5.35 5.56 6.00 6.50 6.89 7.20 7.30 7.09 6.62 6.03 5.45 4.89 4.59 4.75 5.00 5.10 5.03 4.85 4.58 4.18 3.70 3.31 3.03 2.90 2.94 3.07 3.18 3.16 3.06 3.13 3.31 3.47 3.61 3.85 4.23 4.87 5.82 6.89 7.19 7.02 6.45 5.66 4.66 3.84 3.55 3.71 4.10 4.42 4.59 4.80 5.20 5.84 6.52 6.92 7.14 7.28 7.44 7.63 7.78 7.89 7.97 7.97 7.95 7.91 7.41 6.27 5.05 4.23 3.91 3.86 4.03 4.37 4.74 5.01 5.06 5.05
6.83 6.81 6.42 5.71 4.62 3.80 3.29 3.02 3.06 3.27 3.66 4.10 4.69 5.39 6.17 6.63 6.61 6.16 5.49 4.83 4.53 4.67 4.87 4.80 4.49 4.08 3.69 3.46 3.34 3.19 3.12 3.31 3.72 4.03 4.02 3.86 3.72 3.77 3.93 4.06 4.07 4.12 4.36 4.98 5.92 6.99 7.36 7.19 6.59 5.77 5.05 4.65 4.57 4.85 5.17 5.32 5.27 5.31 5.72 6.50 7.28 7.91 8.29 8.46 8.58 8.80 8.94 8.97 8.98 8.90 8.61 7.93 6.69 5.48 4.88 4.79 4.89 4.88 4.95 5.26 5.70 5.99 6.05 6.25
6.34 5.94 5.44 4.98 3.94 3.04 2.55 2.48 2.66 3.02 3.36 3.61 3.95 4.55 5.24 5.84 6.17 6.11 5.70 5.29 5.10 5.06 4.98 4.77 4.49 4.22 4.06 4.11 4.22 4.21 4.07 4.02 4.28 4.78 5.11 5.25 5.21 5.11 5.09 5.23 5.48 5.80 6.17 6.77 7.44 7.78 7.61 7.27 6.75 6.15 5.65 5.48 5.57 5.83 6.09 6.21 6.13 6.27 6.82 7.64 8.48 9.11 9.48 9.61 9.58 9.57 9.66 9.79 9.92 9.71 9.14 8.15 6.73 6.10 6.18 6.41 6.39 6.17 6.06 6.25 6.58 6.86 7.14 7.53
6.26 5.80 5.13 4.55 4.03 3.64 3.61 3.89 4.33 4.84 5.22 5.41 5.58 5.66 5.66 5.56 5.71 5.94 5.95 5.84 5.67 5.40 5.11 4.91 4.81 4.79 4.84 4.94 5.09 5.24 5.20 4.94 4.90 5.28 5.83 6.27 6.45 6.41 6.29 6.44 6.94 7.42 7.86 8.18 8.21 7.77 7.19 6.90 6.77 6.58 6.27 6.11 6.24 6.57 6.83 6.94 7.06 7.34 8.04 8.85 9.44 9.69 9.75 9.76 9.67 9.52 9.43 9.47 9.71 9.75 9.54 9.23 8.49 8.24 8.52 8.75 8.68 8.35 8.15 8.04 7.98 8.03 8.27 8.47
6.48 6.21 5.53 4.89 4.72 5.07 5.67 6.30 6.91 7.39 7.70 7.83 7.72 7.25 6.54 5.91 5.71 5.87 6.04 6.05 5.91 5.66 5.39 5.25 5.25 5.33 5.40 5.48 5.68 6.00 6.26 6.31 6.26 6.32 6.61 7.12 7.58 7.75 7.81 7.97 8.28 8.54 8.57 8.25 7.50 6.48 5.75 5.77 6.28 6.58 6.77 6.82 7.03 7.31 7.44 7.40 7.60 8.14 8.86 9.32 9.36 9.09 8.77 8.65 8.73 8.81 8.83 8.72 8.69 8.96 9.59 10.14 10.63 10.80 10.96 11.28 11.46 11.38 11.14 10.68 10.14 9.57 9.18 8.80
6.29 5.88 5.27 4.99 5.48 6.41 7.45 8.30 8.89 9.12 9.11 8.94 8.62 7.99 7.30 6.66 6.24 6.10 6.14 6.14 6.08 6.00 5.92 5.88 5.84 5.83 5.90 6.04 6.23 6.57 7.10 7.62 8.01 8.24 8.39 8.61 8.79 8.85 8.98 9.11 9.05 8.71 8.10 7.19 6.07 5.03 4.57 4.83 5.79 6.59 7.21 7.61 7.86 7.88 7.78 7.67 7.99 8.61 8.90 8.82 8.29 7.65 7.16 6.99 7.20 7.60 7.91 7.93 7.74 7.88 8.72 9.81 10.73 11.22 11.58 12.10 12.46 12.52 12.30 11.97 11.42 10.72 9.78 8.77
5.70 5.27 4.91 5.29 6.44 7.76 8.68 9.21 9.42 9.26 8.94 8.62 8.33 7.99 7.67 7.27 6.81 6.44 6.32 6.34 6.39 6.51 6.70 6.82 6.81 6.71 6.79 6.94 7.10 7.42 8.03 8.79 9.42 9.82 9.96 9.77 9.47 9.25 9.18 9.02 8.53 7.67 6.61 5.56 4.80 4.45 4.47 5.05 6.11 7.08 7.95 8.56 8.74 8.55 8.25 8.20 8.47 8.55 8.36 7.69 6.84 6.06 5.45 5.11 5.27 5.53 5.86 6.13 6.25 6.46 6.96 7.81 8.77 9.45 9.97 10.48 10.82 10.92 11.00 11.02 10.97 10.61 9.98 8.92
6.24 5.95 6.02 6.92 8.09 8.89 9.13 9.03 8.75 8.23 7.85 7.61 7.43 7.40 7.40 7.25 6.95 6.63 6.54 6.69 7.01 7.43 7.84 8.10 8.20 8.17 8.20 8.31 8.49 8.81 9.33 9.79 10.02 10.00 9.74 9.30 8.91 8.54 8.19 7.60 6.78 5.87 4.98 4.37 4.28 4.62 5.24 6.16 6.98 7.86 8.57 8.93 9.06 9.11 8.89 8.72 8.54 8.12 7.40 6.33 5.34 4.52 3.71 3.29 3.24 3.19 3.20 3.53 4.09 4.53 5.18 5.67 6.09 6.41 6.73 7.15 7.22 7.41 7.77 8.14 8.95 9.68 9.89 9.57
7.14 7.53 8.36 8.97 9.28 9.25 8.75 8.14 7.53 7.13 6.93 6.76 6.61 6.61 6.69 6.76 6.73 6.67 6.79 7.12 7.66 8.22 8.68 9.02 9.18 9.29 9.42 9.57 9.79 10.05 10.16 9.95 9.42 8.73 7.99 7.47 7.38 7.08 6.45 5.61 4.80 4.32 4.10 4.24 4.68 5.29 6.10 6.92 7.68 8.32 8.56 8.64 8.71 8.90 8.99 8.76 8.21 7.39 6.32 5.23 4.24 3.27 2.58 2.30 2.24 2.17 2.20 2.47 2.97 3.57 4.08 4.46 4.53 4.46 4.37 4.55 4.84 5.35 5.83 6.32 7.09 8.21 9.19 9.50
7.55 8.28 9.24 9.44 9.24 8.73 7.94 7.30 6.69 6.46 6.40 6.25 6.11 6.05 6.09 6.28 6.49 6.69 6.92 7.12 7.37 7.66 8.05 8.56 8.95 9.30 9.63 9.91 10.05 10.00 9.58 8.72 7.58 6.67 6.11 5.90 5.73 5.23 4.53 4.06 3.80 3.81 4.13 4.80 5.43 6.05 6.77 7.41 7.96 8.13 7.91 7.68 7.70 7.96 8.22 8.17 7.71 6.92 5.87 4.93 4.04 3.18 2.68 2.51 2.50 2.54 2.76 3.19 3.58 3.74 3.84 3.93 3.84 3.57 3.35 3.45 4.00 4.69 5.09 5.38 5.93 6.70 7.75 8.50
7.70 8.13 8.69 8.73 8.39 7.73 7.09 6.63 6.29 6.11 5.99 5.81 5.71 5.68 5.77 6.03 6.37 6.64 6.75 6.63 6.45 6.37 6.59 7.12 7.90 8.56 9.04 9.25 9.10 8.59 7.71 6.57 5.45 4.80 4.55 4.41 4.00 3.57 3.39 3.53 3.85 4.34 5.00 5.61 6.27 6.98 7.48 7.86 7.93 7.62 7.23 7.03 7.03 7.14 7.31 7.43 7.35 6.98 6.20 5.31 4.59 4.11 3.93 3.97 4.00 4.03 4.31 4.49 4.32 4.03 3.81 3.73 3.55 3.22 3.00 3.20 3.71 4.05 4.15 4.40 4.84 5.30 6.19 7.33
7.86 7.61 7.54 7.69 7.54 7.13 6.62 6.14 5.90 5.75 5.57 5.43 5.34 5.38 5.64 5.99 6.37 6.59 6.62 6.49 6.36 6.36 6.64 7.15 7.81 8.24 8.29 8.03 7.48 6.69 5.73 4.87 4.12 3.65 3.43 3.29 3.17 3.20 3.42 3.85 4.52 5.30 5.88 6.49 7.20 7.81 8.16 8.15 7.75 7.17 6.72 6.51 6.46 6.57 6.82 7.05 7.26 7.27 6.91 6.23 5.70 5.50 5.53 5.61 5.65 5.73 5.74 5.35 4.69 4.33 4.21 3.89 3.48 3.20 3.13 3.31 3.53 3.48 3.43 3.73 4.08 4.39 5.06 6.30
7.92 7.42 6.87 6.93 7.09 7.14 6.97 6.47 6.09 5.90 5.69 5.58 5.53 5.60 5.84 6.23 6.54 6.81 6.99 7.11 7.31 7.68 8.12 8.44 8.42 8.05 7.38 6.62 5.84 5.14 4.46 3.98 3.73 3.63 3.53 3.48 3.64 4.00 4.32 4.64 5.19 5.81 6.49 7.26 7.96 8.44 8.49 8.16 7.54 6.83 6.19 5.82 5.85 6.16 6.57 6.96 7.24 7.50 7.60 7.48 7.31 7.31 7.44 7.50 7.45 7.24 6.82 6.27 5.79 5.56 5.14 4.49 3.82 3.60 3.59 3.54 3.49 3.44 3.52 3.73 3.91 4.09 4.52 5.34
7.92 7.38 6.67 6.58 6.79 7.16 7.45 7.33 7.00 6.81 6.67 6.49 6.48 6.54 6.61 6.66 6.81 7.11 7.49 7.87 8.26 8.60 8.71 8.48 7.89 7.01 6.08 5.22 4.51 4.08 3.93 3.91 4.03 4.33 4.52 4.59 4.68 4.96 5.31 5.51 5.74 6.16 6.93 7.75 8.38 8.65 8.45 7.95 7.36 6.67 5.91 5.50 5.62 6.02 6.42 6.71 6.97 7.49 7.97 8.34 8.76 9.20 9.63 9.87 9.63 9.12 8.39 7.80 7.56 7.16 6.21 5.16 4.61 4.57 4.44 4.04 3.85 3.95 4.08 4.12 4.11 4.10 4.29 4.65
7.68 7.07 6.34 6.21 6.34 6.86 7.40 7.68 7.59 7.43 7.34 7.16 7.16 7.24 7.27 7.13 6.98 7.10 7.49 7.93 8.19 8.11 7.64 6.85 6.03 5.28 4.63 4.09 3.75 3.73 3.98 4.50 4.95 5.21 5.45 5.66 5.75 5.87 6.14 6.25 6.35 6.68 7.43 8.05 8.45 8.40 7.97 7.52 7.22 6.90 6.40 5.93 5.87 6.07 6.14 6.28 6.75 7.48 8.08 8.73 9.41 10.01 10.50 10.79 10.97 10.77 10.26 9.73 9.12 8.32 7.34 6.42 6.06 5.87 5.48 5.05 4.98 5.13 5.09 4.79 4.45 4.24 4.17 4.20
7.43 7.03 6.44 6.17 6.17 6.42 6.97 7.49 7.65 7.47 7.13 6.83 6.76 6.85 6.98 7.00 6.82 6.84 7.08 7.23 7.04 6.46 5.63 4.80 4.14 3.65 3.33 3.30 3.49 3.91 4.66 5.44 5.88 6.11 6.26 6.45 6.66 6.78 6.80 6.88 7.06 7.41 7.79 8.09 8.02 7.59 7.07 6.89 7.10 7.31 7.25 6.96 6.54 6.41 6.31 6.46 6.99 7.68 8.15 8.72 9.15 9.63 9.95 10.16 10.59 10.87 10.90 10.88 10.49 9.88 9.39 8.94 8.39 7.57 6.76 6.48 6.60 6.68 6.27 5.57 4.83 4.30 3.95 3.90
7.66 7.50 7.01 6.59 6.44 6.40 6.66 7.19 7.57 7.58 7.17 6.71 6.45 6.33 6.35 6.56 6.47 6.59 6.63 6.22 5.42 4.48 3.69 3.11 2.64 2.35 2.29 2.55 3.19 4.23 5.27 5.92 6.37 6.67 6.87 7.04 7.16 7.16 7.12 7.19 7.49 7.76 7.97 7.86 7.37 6.60 6.28 6.37 6.77 7.38 7.65 7.60 7.38 7.10 6.96 6.99 7.17 7.57 7.95 8.30 8.36 8.22 7.93 8.00 8.60 9.44 10.16 10.78 11.23 11.32 11.37 11.17 10.56 9.70 8.77 8.36 8.15 7.69 6.85 5.70 4.79 4.23 3.89 3.71
7.82 7.46 6.98 6.72 6.63 6.57 6.56 6.89 7.42 7.82 7.83 7.44 7.03 6.64 6.38 6.24 6.30 6.34 5.98 5.10 4.03 3.22 2.69 2.35 2.11 2.01 2.08 2.32 2.90 3.82 4.71 5.27 5.73 6.18 6.56 6.84 6.86 6.88 6.92 7.10 7.42 7.74 7.89 7.64 7.16 6.51 6.16 6.17 6.40 6.84 7.40 7.64 7.74 7.58 7.34 7.06 6.93 6.98 7.28 7.39 7.25 6.84 6.44 6.41 6.78 7.53 8.56 9.56 10.42 11.00 11.42 11.61 11.37 10.99 10.56 9.95 9.00 7.78 6.50 5.43 4.79 4.41 4.03 3.62
7.30 6.59 5.89 5.97 6.20 6.31 6.25 6.36 6.91 7.55 7.94 7.82 7.43 7.00 6.68 6.39 6.23 5.92 5.24 4.35 3.71 3.35 2.89 2.81 2.68 2.74 2.92 3.03 3.16 3.37 3.60 3.91 4.29 4.73 5.18 5.57 5.87 6.14 6.46 6.86 7.13 7.36 7.34 7.05 6.73 6.34 5.94 5.87 5.99 6.22 6.65 7.22 7.47 7.47 7.19 6.70 6.44 6.31 6.49 6.48 6.18 5.68 5.45 5.67 6.13 6.57 7.09 7.69 8.35 8.94 9.45 9.91 10.33 10.58 10.64 10.38 9.27 7.62 6.42 5.79 5.37 4.76 4.09 3.75
6.30 5.70 5.13 5.25 5.43 5.43 5.31 5.42 5.85 6.57 7.22 7.49 7.33 6.98 6.71 6.40 6.06 5.56 4.99 4.91 4.34 4.33 4.25 4.14 4.07 4.17 4.26 4.28 4.12 3.90 3.81 3.76 3.76 3.84 4.08 4.53 5.14 5.61 6.09 6.55 6.72 6.68 6.27 5.58 4.92 4.67 4.74 4.93 5.17 5.63 6.05 6.49 6.86 6.91 6.64 6.24 6.00 5.99 6.02 5.92 5.53 5.02 5.04 5.34 5.81 6.08 6.15 6.24 6.45 6.80 6.92 7.34 8.09 8.86 9.46 9.86 9.58 8.54 7.37 6.65 5.84 4.98 4.42 4.32
6.04 5.87 5.75 5.68 5.33 4.97 4.81 4.79 4.94 5.47 6.25 6.90 7.14 6.97 6.67 6.31 5.93 5.55 5.66 5.28 5.53 5.66 5.76 5.75 5.70 5.68 5.68 5.53 5.31 5.11 4.93 4.70 4.40 4.14 4.14 4.46 4.98 5.41 5.87 6.26 6.33 6.02 5.21 4.06 3.44 3.47 3.86 4.38 4.92 5.37 5.72 5.96 6.17 6.32 6.17 6.05 5.99 6.05 5.96 5.85 5.58 5.32 5.36 5.41 5.47 5.29 5.10 5.19 5.42 5.65 5.80 6.01 6.46 7.14 7.74 8.67 9.48 9.50 8.73 7.51 6.24 5.59 5.51 5.67
6.70 6.91 7.15 6.95 6.46 5.71 5.19 4.88 4.66 4.70 5.18 6.00 6.67 6.89 6.66 6.21 5.89 5.78 5.91 6.21 6.61 6.95 7.24 7.39 7.40 7.24 6.94 6.60 6.21 5.82 5.53 5.34 5.18 5.01 4.83 4.85 5.19 5.58 6.04 6.35 6.26 5.72 4.85 4.01 3.84 4.20 4.78 5.38 5.73 5.83 5.77 5.71 5.78 6.03 6.11 6.13 6.10 6.16 6.08 6.11 6.07 5.94 5.69 5.24 4.86 4.51 4.29 4.46 4.85 5.18 5.44 5.71 5.83 6.13 6.63 7.48 8.67 9.52 9.65 9.05 7.99 7.57 7.58 7.60
7.21 7.56 7.84 7.61 7.17 6.53 5.87 5.27 4.76 4.36 4.33 4.80 5.66 6.32 6.48 6.14 5.88 5.97 6.34 6.98 7.48 7.97 8.39 8.68 8.70 8.51 8.18 7.73 7.12 6.43 5.82 5.52 5.52 5.74 5.95 5.96 6.02 6.30 6.72 6.95 6.88 6.43 5.75 5.39 5.64 6.18 6.74 6.99 6.91 6.38 5.96 5.67 5.69 5.93 6.13 6.17 6.12 6.21 6.25 6.47 6.50 6.31 5.85 5.11 4.45 4.05 3.98 4.17 4.50 4.75 5.07 5.39 5.53 5.61 6.06 6.67 7.54 8.74 9.75 10.43 10.56 10.23 9.73 9.28
7.36 7.55 7.54 7.22 6.80 6.31 5.88 5.39 4.79 4.21 3.94 4.06 4.59 5.42 5.95 5.96 5.80 5.93 6.44 7.07 7.59 8.02 8.38 8.68 8.78 8.76 8.66 8.46 8.02 7.35 6.55 5.92 5.77 6.05 6.40 6.68 6.92 7.19 7.45 7.77 8.04 8.01 7.91 7.65 7.65 7.92 8.03 7.67 7.13 6.51 6.01 5.78 5.64 5.84 6.09 6.15 6.14 6.33 6.46 6.65 6.66 6.50 6.15 5.51 4.80 4.32 4.14 4.18 4.31 4.43 4.64 4.89 5.13 5.32 5.68 6.12 6.73 7.65 9.00 10.27 11.13 11.15 10.60 9.85
