project/data/elevation/US_DEM2016/US_DEM2016_point_10-28-2019_1856_30m_vel.asc
ncols	125
nrows	167
xllcorner	-2042055.000000
yllcorner	1465035.000000
cellsize	30.000000
NODATA_value	-9999.000000
[rows 38 to 75 of 167, columns 0 to 83 of 125]
4.37 3.97 3.16 2.58 2.17 1.92 1.75 1.51 1.24 1.05 1.23 0.94 0.90 1.00 1.44 1.51 1.55 1.48 1.76 1.98 2.16 2.24 2.29 2.38 2.51 2.67 2.80 2.92 2.97 2.93 2.82 2.72 2.71 2.79 2.98 3.28 3.58 3.79 3.94 4.05 4.00 3.80 3.67 3.67 3.75 3.71 3.39 2.89 2.51 2.29 2.23 2.25 2.17 2.00 1.98 2.05 2.15 2.44 2.88 3.22 3.17 2.74 2.29 1.98 1.74 1.61 1.55 1.60 1.73 1.77 1.63 1.57 1.77 2.06 2.16 2.23 2.34 2.57 2.94 3.35 3.64 3.74 3.57 3.21
4.41 3.80 2.71 2.08 1.76 1.61 1.45 1.23 1.12 1.14 1.22 1.22 1.08 1.34 1.41 1.31 1.42 1.57 1.51 1.54 1.51 1.52 1.60 1.77 2.05 2.37 2.61 2.81 2.94 2.99 3.01 3.02 3.04 3.16 3.47 3.86 4.08 4.17 4.23 4.28 4.20 3.93 3.73 3.60 3.50 3.33 2.99 2.62 2.36 2.20 2.21 2.28 2.24 2.04 2.01 2.11 2.29 2.58 2.83 2.94 2.76 2.28 1.79 1.54 1.39 1.30 1.28 1.40 1.62 1.73 1.57 1.49 1.76 2.10 2.17 2.14 2.18 2.36 2.64 2.77 2.73 2.79 2.92 2.97
4.22 3.56 2.44 1.84 1.64 1.56 1.46 1.37 1.40 1.55 1.69 1.69 1.50 1.32 1.71 1.55 1.38 1.53 1.45 1.28 1.24 1.37 1.56 1.81 2.13 2.39 2.58 2.73 2.83 2.94 3.09 3.26 3.46 3.79 4.22 4.55 4.66 4.63 4.48 4.26 4.05 3.67 3.37 3.20 3.07 3.05 2.99 2.91 2.80 2.72 2.63 2.53 2.37 2.12 2.00 2.07 2.25 2.46 2.51 2.45 2.26 1.85 1.39 1.20 1.12 1.09 1.17 1.35 1.55 1.66 1.58 1.55 1.85 2.18 2.20 2.06 2.02 2.20 2.46 2.44 2.26 2.27 2.52 2.93
3.92 3.38 2.45 1.98 1.86 1.82 1.75 1.72 1.81 1.98 2.09 1.99 1.77 1.65 1.57 1.55 1.59 1.62 1.57 1.51 1.60 1.81 2.01 2.17 2.30 2.41 2.46 2.53 2.68 2.86 3.16 3.50 3.94 4.38 4.71 4.88 4.87 4.68 4.39 3.99 3.62 3.28 2.98 2.75 2.69 2.71 2.82 2.92 3.02 3.09 3.02 2.75 2.41 2.09 1.90 1.89 1.98 2.04 1.98 1.96 1.88 1.57 1.22 1.13 1.18 1.24 1.32 1.40 1.48 1.58 1.63 1.71 1.97 2.23 2.18 1.91 1.89 2.21 2.48 2.35 2.12 2.07 2.24 2.75
3.70 3.31 2.61 2.26 2.14 2.07 2.00 2.02 2.18 2.32 2.30 2.08 1.83 1.77 1.78 1.84 1.87 1.91 1.97 2.08 2.26 2.46 2.59 2.65 2.68 2.64 2.59 2.59 2.73 2.93 3.32 3.82 4.37 4.72 4.78 4.65 4.46 4.16 3.78 3.39 3.06 2.81 2.53 2.34 2.28 2.32 2.45 2.55 2.66 2.73 2.69 2.51 2.27 1.99 1.84 1.84 1.88 1.83 1.75 1.81 1.82 1.64 1.47 1.51 1.59 1.55 1.48 1.46 1.54 1.61 1.63 1.74 1.97 2.16 2.05 1.74 1.81 2.26 2.50 2.27 2.04 2.07 2.33 2.82
3.59 3.26 2.71 2.42 2.32 2.29 2.32 2.44 2.57 2.58 2.41 2.14 1.93 2.11 1.88 1.97 2.07 2.20 2.35 2.55 2.79 2.99 3.06 3.03 2.97 2.88 2.82 2.84 2.96 3.14 3.58 4.13 4.53 4.63 4.42 4.11 3.80 3.49 3.16 2.85 2.60 2.38 2.12 1.91 1.89 2.04 2.13 2.07 1.95 1.81 1.71 1.77 1.85 1.87 1.89 2.01 2.10 2.09 2.08 2.10 2.09 2.05 2.06 2.09 1.90 1.66 1.63 1.73 1.75 1.60 1.45 1.52 1.81 2.05 2.02 1.84 1.93 2.31 2.45 2.17 2.00 2.22 2.60 2.87
3.53 3.26 2.83 2.65 2.66 2.75 2.88 2.96 2.93 2.76 2.48 2.23 2.09 2.09 1.96 2.08 2.23 2.39 2.56 2.78 3.01 3.11 3.08 2.98 2.88 2.82 2.82 2.91 3.11 3.43 3.96 4.34 4.40 4.14 3.83 3.60 3.39 3.13 2.78 2.44 2.15 1.93 1.72 1.53 1.55 1.81 1.79 1.59 1.40 1.30 1.27 1.29 1.44 1.68 1.95 2.24 2.40 2.44 2.41 2.34 2.32 2.37 2.32 2.13 1.84 1.81 1.96 1.94 1.63 1.24 1.17 1.38 1.67 1.89 1.99 2.04 2.22 2.46 2.49 2.22 2.07 2.30 2.56 2.68
3.59 3.41 3.11 3.02 3.07 3.15 3.18 3.14 3.00 2.77 2.47 2.29 2.21 2.14 2.25 2.41 2.52 2.62 2.75 2.85 2.88 2.82 2.72 2.63 2.63 2.68 2.75 2.93 3.30 3.79 4.28 4.32 3.99 3.54 3.29 3.21 3.04 2.80 2.45 2.07 1.69 1.41 1.27 1.17 1.31 1.60 1.62 1.52 1.46 1.45 1.39 1.30 1.36 1.66 2.08 2.40 2.46 2.40 2.31 2.27 2.31 2.40 2.28 2.10 2.07 2.18 2.07 1.64 1.18 1.07 1.26 1.58 1.80 1.93 2.08 2.29 2.54 2.65 2.80 2.41 2.26 2.29 2.43 2.56
3.78 3.60 3.33 3.24 3.20 3.13 2.99 2.85 2.69 2.50 2.33 2.24 2.21 2.32 2.56 2.69 2.75 2.80 2.80 2.74 2.64 2.52 2.41 2.40 2.49 2.62 2.79 3.10 3.62 4.10 4.28 4.02 3.53 3.14 2.92 2.78 2.57 2.35 2.11 1.77 1.34 1.04 0.97 1.08 1.36 1.67 1.84 1.79 1.69 1.50 1.30 1.31 1.61 2.05 2.42 2.51 2.40 2.29 2.23 2.25 2.31 2.39 2.34 2.29 2.27 2.11 1.63 1.29 1.28 1.55 1.89 2.10 2.20 2.29 2.46 2.69 2.85 2.84 2.77 2.68 3.04 2.47 2.54 2.69
3.96 3.73 3.36 3.16 3.01 2.82 2.60 2.39 2.20 2.08 2.07 2.06 2.25 2.19 2.43 2.54 2.63 2.66 2.61 2.52 2.44 2.36 2.31 2.32 2.41 2.57 2.82 3.28 3.84 4.14 3.97 3.53 3.21 2.92 2.60 2.36 2.14 1.95 1.80 1.60 1.25 1.02 1.04 1.32 1.60 1.91 2.04 1.79 1.37 1.08 1.12 1.55 2.25 2.78 2.90 2.75 2.56 2.43 2.37 2.36 2.37 2.45 2.42 2.31 2.11 1.82 1.64 1.75 2.14 2.53 2.78 2.86 2.90 2.95 3.05 3.20 3.26 3.20 3.14 3.08 2.84 2.71 2.78 2.88
4.04 3.79 3.29 2.97 2.74 2.49 2.27 2.05 1.86 1.77 1.85 1.89 1.85 1.96 2.09 2.16 2.28 2.36 2.37 2.34 2.27 2.21 2.19 2.21 2.29 2.47 2.76 3.32 3.93 4.04 3.67 3.28 3.07 2.77 2.32 1.98 1.81 1.65 1.49 1.36 1.23 1.05 1.09 1.31 1.53 1.82 1.92 1.52 1.15 1.16 1.63 2.54 3.34 3.58 3.41 3.08 2.81 2.60 2.51 2.51 2.55 2.60 2.56 2.44 2.42 2.54 2.88 3.29 3.63 3.87 3.96 3.99 4.00 4.01 4.03 4.08 4.06 3.92 3.72 3.41 2.99 2.79 2.88 2.92
4.05 3.80 3.20 2.80 2.55 2.33 2.13 1.95 1.80 1.74 1.86 1.93 2.00 2.02 2.11 2.15 2.22 2.26 2.26 2.20 2.10 2.05 2.04 2.08 2.17 2.36 2.73 3.41 4.03 3.97 3.51 3.23 3.04 2.67 2.17 1.81 1.62 1.37 1.08 1.01 1.03 0.91 0.92 1.08 1.34 1.70 1.86 1.65 1.56 1.95 2.91 3.87 4.26 4.08 3.64 3.21 2.89 2.68 2.64 2.74 2.83 2.89 2.90 3.03 3.35 3.80 4.28 4.68 4.93 5.05 5.09 5.12 5.13 5.14 5.11 5.02 4.88 4.66 4.26 3.68 3.15 2.87 2.85 2.80
4.14 3.80 3.12 2.71 2.49 2.29 2.14 2.05 1.95 1.96 2.12 2.25 2.40 2.47 2.45 2.43 2.39 2.30 2.19 2.07 1.99 1.95 1.94 1.98 2.09 2.35 2.84 3.63 4.11 3.82 3.24 3.09 2.93 2.55 2.21 1.94 1.63 1.21 0.87 0.90 0.97 1.00 1.14 1.34 1.63 1.97 2.25 2.38 2.63 3.35 4.27 4.67 4.51 3.96 3.46 3.07 2.81 2.68 2.64 2.68 2.79 2.95 3.10 3.38 3.84 4.26 4.58 4.83 4.97 5.06 5.12 5.18 5.23 5.25 5.19 5.03 4.83 4.62 4.31 3.92 3.53 3.18 2.89 2.68
4.23 3.80 3.04 2.68 2.46 2.25 2.12 2.09 2.08 2.15 2.34 2.58 2.75 2.77 2.69 2.54 2.37 2.20 2.05 1.96 1.93 1.91 1.89 1.93 2.08 2.43 3.03 3.77 4.00 3.47 2.91 2.83 2.69 2.43 2.23 2.06 1.72 1.39 1.20 1.23 1.41 1.67 1.93 2.14 2.40 2.78 3.29 3.76 4.26 4.75 4.96 4.76 4.18 3.50 3.09 2.81 2.58 2.42 2.30 2.26 2.38 2.62 2.96 3.27 3.57 3.74 3.74 3.70 3.68 3.77 3.89 4.06 4.12 4.13 4.03 3.87 3.77 3.65 3.57 3.52 3.44 3.33 3.12 2.77
4.19 3.70 2.91 2.53 2.32 2.16 2.06 2.04 2.09 2.18 2.32 2.59 2.74 2.71 2.56 2.33 2.08 1.91 1.82 1.77 1.75 1.77 1.81 1.92 2.16 2.55 3.13 3.71 3.73 3.11 2.68 2.62 2.50 2.31 2.16 1.91 1.75 1.67 1.66 1.84 2.10 2.39 2.65 2.92 3.33 3.95 4.57 4.92 5.08 5.05 4.79 4.27 3.67 3.12 2.80 2.56 2.32 2.09 1.98 1.99 2.17 2.44 2.76 3.00 3.03 2.85 2.63 2.42 2.38 2.46 2.58 2.70 2.72 2.65 2.58 2.46 2.42 2.38 2.38 2.46 2.65 2.80 2.83 2.75
3.98 3.53 2.77 2.35 2.13 2.04 2.01 1.98 2.04 2.14 2.61 2.34 2.33 2.23 2.07 1.87 1.68 1.56 1.49 1.46 1.50 1.61 1.78 2.04 2.35 2.70 3.18 3.58 3.51 3.05 2.71 2.61 2.48 2.29 2.00 1.68 1.67 1.70 1.82 2.08 2.38 2.66 2.96 3.37 4.04 4.76 5.15 5.16 4.83 4.42 4.01 3.61 3.22 2.87 2.65 2.47 2.24 2.05 2.05 2.16 2.35 2.53 2.69 2.78 2.61 2.33 2.15 2.09 2.15 2.19 2.14 2.02 1.92 1.82 1.70 1.59 1.57 1.54 1.51 1.49 1.55 1.67 1.75 1.85
3.74 3.37 2.73 2.34 2.11 1.95 1.86 1.79 1.81 1.92 1.86 2.01 1.67 1.54 1.42 1.35 1.29 1.21 1.16 1.25 1.46 1.69 1.96 2.28 2.55 2.85 3.23 3.53 3.51 3.27 2.95 2.69 2.47 2.22 1.80 1.44 1.50 1.56 1.70 1.91 2.21 2.56 2.97 3.62 4.48 5.00 5.02 4.52 3.83 3.44 3.22 3.06 2.90 2.73 2.61 2.47 2.27 2.17 2.27 2.40 2.48 2.49 2.49 2.50 2.39 2.26 2.23 2.25 2.21 2.06 1.82 1.62 1.56 1.48 1.30 1.19 1.19 1.12 0.99 0.90 0.95 1.07 1.22 1.35
3.59 3.34 2.87 2.53 2.23 1.93 1.69 1.51 1.46 1.55 1.52 1.81 1.14 1.07 1.04 1.27 1.02 1.02 1.08 1.32 1.67 2.00 2.29 2.53 2.75 3.01 3.32 3.58 3.64 3.45 3.03 2.63 2.34 2.04 1.63 1.33 1.44 1.56 1.66 1.82 2.08 2.47 3.05 3.93 4.72 4.90 4.44 3.66 3.10 2.84 2.68 2.61 2.59 2.56 2.49 2.37 2.20 2.14 2.24 2.26 2.17 2.06 2.06 2.20 2.38 2.49 2.47 2.34 2.02 1.65 1.36 1.29 1.34 1.29 1.14 1.09 1.14 1.08 0.95 0.88 1.67 1.27 1.60 1.75
3.65 3.50 3.16 2.79 2.42 2.06 1.75 1.54 1.42 1.44 1.41 1.88 1.64 1.09 1.11 1.11 1.15 1.25 1.45 1.73 2.06 2.39 2.64 2.85 3.06 3.28 3.49 3.69 3.75 3.50 2.98 2.63 2.43 2.16 1.80 1.62 1.74 1.90 1.97 2.09 2.31 2.71 3.39 4.32 4.77 4.52 3.71 2.98 2.58 2.38 2.26 2.21 2.25 2.29 2.25 2.13 1.97 1.90 1.88 1.74 1.58 1.51 1.69 2.12 2.61 2.75 2.51 2.10 1.64 1.33 1.24 1.31 1.30 1.10 0.91 1.07 1.29 1.41 0.98 1.06 1.37 1.96 2.49 2.51
3.87 3.71 3.31 2.91 2.57 2.29 2.09 1.92 1.75 1.67 2.43 1.47 1.41 1.47 1.57 1.68 1.79 1.98 2.16 2.36 2.60 2.85 3.06 3.27 3.49 3.63 3.68 3.82 3.91 3.71 3.35 3.10 2.93 2.64 2.30 2.18 2.25 2.39 2.49 2.60 2.78 3.12 3.79 4.51 4.59 3.90 3.04 2.41 2.07 1.94 1.88 1.82 1.90 2.02 2.05 1.91 1.75 1.60 1.46 1.37 1.39 1.52 1.86 2.43 2.90 2.80 2.26 1.74 1.47 1.47 1.64 1.67 1.39 0.97 0.76 0.85 1.02 1.11 1.30 1.76 2.46 3.14 3.32 3.07
4.10 3.78 3.16 2.77 2.55 2.45 2.37 2.22 2.00 1.83 1.68 1.65 1.75 1.93 2.17 2.40 2.62 2.82 2.98 3.10 3.22 3.34 3.48 3.67 3.82 3.80 3.78 3.95 4.09 3.90 3.59 3.34 3.11 2.82 2.55 2.41 2.43 2.56 2.73 2.90 3.09 3.40 3.97 4.35 4.06 3.18 2.41 1.91 1.63 1.55 1.52 1.41 1.50 1.80 1.92 1.81 1.70 1.59 1.55 1.67 1.88 2.15 2.52 2.95 3.09 2.73 2.10 1.80 1.86 2.07 2.15 1.86 1.31 0.91 0.93 1.21 1.50 1.79 2.28 3.00 3.66 3.85 3.52 2.83
4.25 3.74 2.91 2.51 2.37 2.36 2.35 2.21 2.02 1.80 2.84 1.61 1.82 2.10 2.44 2.73 2.98 3.19 3.36 3.45 3.48 3.53 3.67 3.81 3.79 3.67 3.74 4.03 4.09 3.73 3.23 2.87 2.61 2.45 2.40 2.38 2.42 2.54 2.71 2.92 3.15 3.43 3.79 3.87 3.34 2.47 1.85 1.50 1.31 1.29 1.22 1.01 1.16 1.62 1.84 1.86 1.87 1.88 2.00 2.19 2.43 2.78 3.19 3.46 3.30 2.87 2.41 2.37 2.58 2.64 2.31 1.74 1.33 1.35 1.70 2.09 2.51 3.00 3.59 4.10 4.21 3.83 3.16 2.52
4.28 3.72 2.74 2.26 2.06 1.95 1.93 1.91 1.87 1.72 1.45 1.42 1.58 1.85 2.13 2.36 2.57 2.71 2.80 2.85 2.96 3.18 3.41 3.44 3.26 3.21 3.55 3.96 3.91 3.47 2.99 2.59 2.30 2.21 2.34 2.48 2.60 2.71 2.80 2.87 2.98 3.11 3.31 3.29 2.81 2.02 1.51 1.33 1.29 1.29 1.19 1.02 1.11 1.56 1.85 2.03 2.17 2.30 2.44 2.58 2.85 3.35 3.80 3.92 3.59 3.19 2.98 3.00 3.09 2.92 2.45 2.05 2.04 2.51 3.06 3.52 3.97 4.36 4.58 4.50 4.07 3.38 2.76 2.30
4.25 3.61 2.52 2.01 1.72 1.51 1.42 1.46 1.59 1.50 1.18 1.03 1.06 1.19 1.36 1.50 1.61 1.63 1.56 1.63 2.02 2.50 2.71 2.56 2.32 2.60 3.35 3.85 3.73 3.31 3.04 2.88 2.73 2.61 2.60 2.66 2.71 2.74 2.70 2.63 2.58 2.63 2.87 2.98 2.64 1.97 1.60 1.60 1.67 1.67 1.62 1.56 1.59 1.79 1.95 2.14 2.37 2.63 2.88 3.19 3.63 4.10 4.28 4.08 3.65 3.32 3.29 3.45 3.51 3.35 3.19 3.20 3.57 4.05 4.41 4.69 4.90 4.92 4.70 4.21 3.59 2.99 2.54 2.17
4.06 3.36 2.28 1.77 1.51 1.31 1.16 1.18 1.36 1.30 0.97 0.71 0.58 0.57 0.66 0.76 0.81 0.80 0.91 1.20 1.63 2.02 2.07 1.85 1.83 2.42 3.43 3.89 3.63 3.08 2.88 2.90 2.94 2.94 2.82 2.64 2.48 2.40 2.28 2.15 2.13 2.38 2.83 3.12 2.94 2.56 2.37 2.39 2.43 2.40 2.35 2.25 2.13 2.10 2.05 2.13 2.35 2.70 3.19 3.79 4.27 4.42 4.19 3.67 3.14 2.99 3.24 3.53 3.69 3.74 3.88 4.18 4.52 4.72 4.79 4.82 4.76 4.49 4.03 3.55 3.10 2.67 2.31 2.16
3.74 3.17 2.19 1.68 1.43 1.29 1.18 1.18 1.31 1.26 1.04 0.76 0.54 0.46 0.49 0.59 0.43 0.77 1.07 1.45 1.76 1.95 1.90 1.78 1.97 2.76 3.75 4.01 3.54 2.80 2.52 2.48 2.55 2.65 2.60 2.34 2.04 1.87 1.81 1.81 1.97 2.47 3.15 3.51 3.39 3.16 3.07 3.03 2.99 2.88 2.64 2.39 2.25 2.23 2.18 2.23 2.44 2.87 3.47 4.00 4.16 3.92 3.44 2.84 2.54 2.68 3.12 3.39 3.43 3.55 3.79 4.05 4.22 4.22 4.14 4.00 3.76 3.39 3.05 2.75 2.44 2.15 1.90 1.68
3.54 3.11 2.32 1.81 1.55 1.42 1.35 1.38 1.36 1.31 1.24 1.10 0.97 0.86 0.78 0.79 0.63 1.16 1.57 1.86 2.02 2.09 2.08 2.10 2.46 3.31 4.05 4.07 3.41 2.59 2.21 2.08 2.03 2.05 2.11 2.06 1.90 1.79 1.80 1.97 2.32 2.96 3.59 3.78 3.53 3.23 3.14 3.15 3.08 2.83 2.47 2.22 2.19 2.26 2.29 2.40 2.65 3.14 3.65 3.80 3.49 2.97 2.53 2.20 2.24 2.64 3.09 3.16 2.97 2.99 3.16 3.26 3.24 3.20 3.12 2.93 2.64 2.32 2.03 1.84 1.61 1.41 1.24 1.10
3.46 3.08 2.41 2.00 1.76 1.59 1.58 1.63 1.58 1.57 1.60 1.64 1.64 1.55 1.42 1.37 1.42 1.63 1.92 2.17 2.32 2.46 2.59 2.75 3.15 3.85 4.29 4.12 3.41 2.57 2.14 1.92 1.74 1.65 1.84 2.10 2.25 2.37 2.47 2.64 2.98 3.47 3.82 3.78 3.36 3.01 2.96 2.98 2.86 2.64 2.42 2.27 2.27 2.32 2.35 2.49 2.78 3.23 3.55 3.33 2.75 2.31 2.00 1.89 2.07 2.54 2.99 2.93 2.59 2.53 2.59 2.55 2.45 2.37 2.25 2.08 1.79 1.45 1.13 0.92 0.76 0.57 0.41 0.33
3.42 3.04 2.39 2.01 1.81 1.71 1.77 1.83 1.90 2.04 2.17 2.27 2.23 2.10 1.97 1.91 1.93 2.00 2.16 2.40 2.64 2.94 3.23 3.47 3.82 4.34 4.60 4.28 3.56 2.82 2.42 2.16 1.97 1.91 2.10 2.41 2.69 2.93 3.06 3.16 3.30 3.55 3.71 3.56 3.16 2.84 2.76 2.67 2.47 2.35 2.33 2.32 2.33 2.39 2.42 2.62 2.96 3.31 3.27 2.77 2.19 1.91 1.73 1.68 1.92 2.51 2.96 2.78 2.35 2.20 2.14 2.03 1.93 1.81 1.61 1.37 1.05 0.68 0.45 0.43 0.37 0.29 0.30 0.26
3.41 3.02 2.33 1.93 1.73 1.71 1.78 1.84 2.17 2.30 2.51 2.61 2.59 2.55 2.50 2.44 2.39 2.39 2.47 2.68 2.95 3.30 3.55 3.86 4.31 4.79 4.82 4.34 3.60 3.06 2.80 2.66 2.57 2.51 2.53 2.61 2.72 2.83 2.90 2.94 3.06 3.30 3.43 3.28 2.95 2.64 2.47 2.26 2.01 1.91 1.98 2.10 2.21 2.35 2.48 2.78 3.07 3.09 2.67 2.08 1.73 1.61 1.53 1.64 2.05 2.67 2.88 2.52 2.05 1.84 1.72 1.59 1.50 1.34 1.07 0.79 0.51 0.28 0.50 0.53 0.56 1.11 0.34 0.40
3.40 2.96 2.22 1.81 1.64 1.65 1.63 1.60 1.73 1.97 2.22 2.40 2.59 2.78 2.92 2.96 2.90 2.84 2.86 2.97 3.17 3.47 3.72 4.11 4.61 4.87 4.69 4.06 3.38 3.00 2.88 2.89 2.90 2.79 2.65 2.52 2.45 2.41 2.43 2.59 2.85 3.09 3.16 3.02 2.76 2.48 2.22 1.93 1.66 1.51 1.52 1.65 1.91 2.13 2.39 2.66 2.71 2.41 1.81 1.49 1.40 1.36 1.44 1.76 2.20 2.53 2.50 2.09 1.65 1.43 1.30 1.17 1.04 0.86 0.58 0.38 0.43 0.47 0.44 0.39 0.35 0.24 0.37 0.84
3.32 2.82 2.01 1.69 1.63 1.66 1.55 1.39 1.30 1.32 1.47 1.77 2.22 2.66 3.02 3.23 3.29 3.29 3.25 3.25 3.39 3.65 3.93 4.33 4.63 4.58 4.16 3.58 3.00 2.67 2.58 2.61 2.64 2.59 2.53 2.42 2.32 2.31 2.44 2.68 2.87 2.95 2.92 2.86 2.75 2.48 2.12 1.73 1.40 1.24 1.26 1.44 1.75 2.11 2.20 2.20 1.95 1.48 1.14 1.11 1.11 1.07 1.28 1.64 1.88 2.03 2.03 1.77 1.38 1.13 1.03 0.93 0.83 0.67 0.44 0.35 0.36 0.50 0.14 0.30 0.55 0.77 1.08 1.64
3.17 2.64 1.87 1.64 1.68 1.74 1.62 1.46 1.27 1.10 1.07 1.28 1.74 2.29 2.78 3.13 3.37 3.50 3.58 3.62 3.72 3.93 4.23 4.55 4.55 4.18 3.66 3.12 2.63 2.31 2.15 2.11 2.14 2.22 2.34 2.41 2.41 2.46 2.61 2.78 2.83 2.78 2.74 2.81 2.79 2.41 1.87 1.44 1.29 1.38 1.61 1.88 2.05 2.10 2.11 1.76 1.33 1.00 0.92 0.96 0.91 0.91 1.10 1.35 1.56 1.78 1.90 1.72 1.36 1.13 1.03 0.88 0.67 0.44 0.28 0.17 0.12 0.35 0.69 1.04 1.38 1.71 2.05 2.66
3.02 2.53 1.85 1.67 1.76 1.82 1.75 1.69 1.61 1.49 1.36 1.42 1.72 2.12 2.52 2.90 3.24 3.55 3.81 4.01 4.16 4.38 4.68 4.80 4.50 3.92 3.35 2.87 2.46 2.21 2.11 2.07 2.02 2.02 2.16 2.32 2.40 2.46 2.56 2.68 2.62 2.50 2.51 2.69 2.65 2.12 1.65 1.58 1.82 2.19 2.47 2.56 2.46 2.29 2.20 1.81 1.58 1.45 1.40 1.34 1.25 1.26 1.41 1.63 1.95 2.24 2.30 2.09 1.82 1.65 1.47 1.16 0.74 0.42 0.32 0.44 0.71 1.09 1.51 1.99 2.51 2.99 3.42 4.12
2.89 2.44 1.85 1.74 1.86 1.89 1.88 1.93 2.06 2.17 2.21 2.22 2.32 2.47 2.67 2.98 3.33 3.74 4.08 4.38 4.66 4.87 4.98 4.84 4.34 3.70 3.23 2.94 2.69 2.58 2.56 2.49 2.32 2.22 2.23 2.31 2.36 2.42 2.47 2.41 2.25 2.16 2.30 2.58 2.59 2.29 2.22 2.51 2.87 3.05 3.04 2.84 2.58 2.39 2.27 2.21 2.21 2.21 2.21 2.18 2.18 2.28 2.49 2.77 3.02 3.01 2.70 2.34 2.07 1.84 1.49 1.05 0.69 0.61 0.77 1.07 1.41 1.90 2.53 3.35 4.14 4.70 5.14 5.64
2.76 2.36 1.85 1.80 1.94 1.98 2.02 2.16 2.42 2.77 3.07 3.26 3.32 3.25 3.24 3.42 3.75 4.19 4.54 4.77 4.99 5.10 4.94 4.55 3.98 3.48 3.22 3.10 3.01 2.95 2.90 2.81 2.68 2.58 2.49 2.43 2.41 2.40 2.32 2.15 2.07 2.16 2.39 2.71 2.85 2.81 2.88 3.07 3.13 3.01 2.81 2.59 2.46 2.40 2.34 2.33 2.35 2.44 2.58 2.74 2.89 3.12 3.34 3.47 3.35 2.91 2.31 1.97 1.74 1.40 1.01 0.76 0.75 0.97 1.33 1.74 2.22 2.95 3.95 4.98 5.67 6.05 6.18 6.13
2.66 2.32 1.89 1.89 2.01 2.06 2.11 2.31 2.73 3.26 3.70 3.94 4.00 3.98 3.96 4.09 4.42 4.80 4.98 4.96 4.93 4.85 4.54 4.04 3.54 3.26 3.15 3.09 3.01 2.95 2.86 2.75 2.63 2.52 2.41 2.35 2.33 2.28 2.18 2.15 2.24 2.35 2.54 2.85 3.02 2.90 2.71 2.61 2.43 2.21 2.05 2.02 2.12 2.22 2.16 2.13 2.18 2.31 2.50 2.70 2.94 3.20 3.27 3.06 2.54 1.88 1.45 1.39 1.30 1.03 0.87 0.94 1.20 1.58 2.05 2.54 3.17 4.12 5.19 5.84 6.06 6.00 5.76 5.36
2.63 2.32 2.00 2.05 2.12 2.19 2.32 2.67 3.23 3.64 3.80 3.83 3.88 4.04 4.31 4.67 5.04 5.23 5.09 4.76 4.48 4.26 3.94 3.52 3.20 3.05 2.97 2.89 2.82 2.79 2.71 2.56 2.32 2.12 2.07 2.15 2.19 2.16 2.10 2.10 2.11 2.18 2.43 2.81 2.92 2.62 2.28 2.04 1.88 1.74 1.67 1.67 1.76 1.90 1.96 2.04 2.14 2.23 2.32 2.47 2.69 2.81 2.59 2.02 1.40 1.04 1.01 1.19 1.25 1.20 1.29 1.52 1.92 2.44 3.02 3.59 4.29 5.18 5.72 5.71 5.16 4.46 3.97 3.65
