project/data/elevation/US_DEM2016/US_DEM2016_point_10-27-2019_2236_30m_vel.asc
ncols	125
nrows	167
xllcorner	-2042055.000000
yllcorner	1465035.000000
cellsize	30.000000
NODATA_value	-9999.000000
[rows 0 to 37 of 167, columns 0 to 83 of 125]
3.65 3.10 2.31 2.04 2.47 3.57 4.77 5.60 5.89 5.92 5.85 5.91 6.21 6.33 6.04 5.58 5.03 4.71 4.81 5.26 5.65 5.69 5.53 5.39 5.25 5.05 4.83 4.51 4.25 3.98 3.67 3.37 3.13 2.85 2.52 2.32 2.45 2.90 3.47 3.95 4.28 4.52 4.69 4.73 4.54 4.18 3.81 3.79 4.05 4.23 4.13 4.00 3.87 3.83 3.90 4.04 4.04 3.74 3.40 3.13 2.96 2.96 3.21 3.77 4.21 4.38 4.29 3.88 3.26 2.85 2.66 2.63 2.71 2.86 3.05 3.20 3.31 3.60 4.08 4.38 4.47 4.67 4.82 4.60
3.65 3.10 2.31 2.04 2.47 3.57 4.77 5.60 5.89 5.92 5.85 5.91 6.21 6.33 6.04 5.58 5.03 4.71 4.81 5.26 5.65 5.69 5.53 5.39 5.25 5.05 4.83 4.51 4.25 3.98 3.67 3.37 3.13 2.85 2.52 2.32 2.45 2.90 3.47 3.95 4.28 4.52 4.69 4.73 4.54 4.18 3.81 3.79 4.05 4.23 4.13 4.00 3.87 3.83 3.90 4.04 4.04 3.74 3.40 3.13 2.96 2.96 3.21 3.77 4.21 4.38 4.29 3.88 3.26 2.85 2.66 2.63 2.71 2.86 3.05 3.20 3.31 3.60 4.08 4.38 4.47 4.67 4.82 4.60
4.12 3.51 2.58 2.06 2.08 2.78 3.74 4.54 5.08 5.37 5.53 5.60 5.63 5.73 5.72 5.53 5.19 4.96 4.91 5.04 5.28 5.30 5.23 5.18 5.13 5.01 4.75 4.41 4.13 3.92 3.73 3.50 3.26 3.02 2.71 2.40 2.31 2.48 2.84 3.30 3.69 3.96 4.17 4.36 4.46 4.42 4.25 4.10 4.13 4.17 4.08 3.95 3.83 3.70 3.67 3.81 4.00 4.03 3.86 3.52 3.18 2.93 2.97 3.24 3.58 3.87 4.06 4.07 3.85 3.46 3.16 2.98 2.88 2.85 2.89 2.99 3.08 3.20 3.46 3.86 4.04 4.15 4.38 4.54
5.01 4.29 3.12 2.33 1.86 1.89 2.24 2.70 3.27 3.97 4.63 4.76 4.54 4.51 4.93 5.19 5.03 4.91 4.82 4.75 4.77 4.75 4.74 4.75 4.81 4.81 4.63 4.34 4.09 3.98 3.94 3.83 3.66 3.52 3.27 2.86 2.49 2.23 2.10 2.31 2.86 3.34 3.70 4.03 4.36 4.61 4.70 4.57 4.37 4.19 4.07 3.90 3.72 3.46 3.27 3.19 3.38 3.76 4.04 4.10 3.87 3.41 2.97 2.72 2.65 2.86 3.30 3.76 4.02 4.03 3.86 3.58 3.27 2.98 2.78 2.70 2.68 2.57 2.52 2.81 3.14 3.29 3.61 4.24
5.54 4.77 3.53 2.71 2.12 1.76 1.65 1.72 1.98 2.62 3.41 3.78 3.69 3.68 4.22 4.67 4.49 4.28 4.40 4.58 4.63 4.54 4.49 4.44 4.42 4.48 4.49 4.39 4.29 4.28 4.33 4.32 4.26 4.16 3.97 3.63 3.21 2.78 2.31 2.13 2.46 3.04 3.58 4.01 4.25 4.42 4.58 4.67 4.56 4.37 4.25 4.06 3.74 3.38 3.08 2.68 2.54 2.71 3.16 3.73 4.03 3.91 3.45 2.90 2.53 2.37 2.44 2.71 3.10 3.39 3.50 3.44 3.27 3.03 2.78 2.58 2.44 2.26 2.11 2.20 2.43 2.62 2.90 3.56
5.69 4.98 3.82 3.06 2.50 2.02 1.61 1.39 1.34 1.63 2.27 2.89 3.07 3.19 3.84 4.49 4.43 4.00 4.02 4.26 4.38 4.38 4.36 4.23 4.14 4.25 4.38 4.41 4.45 4.56 4.71 4.79 4.77 4.64 4.44 4.18 3.84 3.44 2.93 2.40 2.19 2.35 2.84 3.43 3.87 4.09 4.23 4.40 4.46 4.44 4.40 4.30 4.10 3.70 3.22 2.77 2.55 2.48 2.57 2.87 3.33 3.63 3.52 3.10 2.71 2.42 2.24 2.20 2.32 2.54 2.75 2.88 2.89 2.81 2.67 2.48 2.31 2.15 2.01 1.99 2.05 2.08 2.17 2.65
5.68 5.11 4.11 3.49 2.98 2.45 1.89 1.38 1.10 1.05 1.34 1.99 2.42 2.76 3.44 4.30 4.60 4.21 3.82 3.70 3.82 4.08 4.23 4.15 4.09 4.20 4.32 4.34 4.38 4.55 4.79 4.98 4.99 4.90 4.75 4.59 4.37 4.07 3.62 2.97 2.34 2.02 2.07 2.46 3.02 3.38 3.55 3.70 3.95 4.15 4.28 4.36 4.37 4.32 4.05 3.65 3.44 3.27 3.07 2.92 2.92 3.10 3.20 3.08 2.88 2.65 2.44 2.28 2.24 2.33 2.48 2.64 2.73 2.72 2.64 2.49 2.29 2.09 1.93 1.88 1.86 1.79 1.73 1.94
5.49 5.12 4.48 4.03 3.59 2.96 2.30 1.69 1.24 1.01 0.98 1.25 1.75 2.25 2.87 3.76 4.36 4.23 3.66 3.24 3.24 3.64 4.00 4.12 4.13 4.20 4.31 4.31 4.25 4.33 4.62 4.91 5.08 5.14 5.17 5.23 5.21 5.01 4.62 4.01 3.23 2.46 1.98 1.81 2.03 2.51 2.81 3.01 3.32 3.71 3.97 4.17 4.37 4.68 4.84 4.74 4.41 4.10 3.78 3.44 3.14 3.01 3.03 3.07 3.05 2.95 2.73 2.48 2.36 2.42 2.54 2.68 2.80 2.82 2.76 2.65 2.47 2.22 1.98 1.82 1.74 1.66 1.59 1.63
5.24 5.12 4.93 4.63 4.22 3.64 2.97 2.38 1.92 1.48 1.24 1.22 1.44 1.78 2.23 2.98 3.70 3.87 3.52 3.12 3.00 3.26 3.61 3.87 3.98 4.06 4.23 4.39 4.36 4.28 4.46 4.81 5.15 5.44 5.72 6.02 6.19 6.13 5.86 5.37 4.65 3.76 2.84 2.14 1.93 2.19 2.68 3.03 3.31 3.54 3.70 3.74 3.80 4.10 4.50 4.66 4.49 4.18 3.87 3.59 3.37 3.22 3.13 3.16 3.28 3.33 3.12 2.74 2.48 2.46 2.62 2.79 2.91 2.94 2.93 2.93 2.89 2.74 2.45 2.12 1.90 1.75 1.65 1.59
4.87 5.12 5.35 5.18 4.81 4.36 3.77 3.29 2.89 2.51 2.09 1.77 1.63 1.63 1.75 2.28 3.01 3.44 3.46 3.28 3.16 3.16 3.30 3.55 3.76 3.86 4.01 4.24 4.42 4.44 4.55 4.82 5.18 5.48 5.73 6.01 6.26 6.40 6.42 6.28 5.92 5.31 4.48 3.48 2.67 2.55 2.86 3.29 3.54 3.60 3.60 3.36 3.07 2.85 3.12 3.59 3.85 3.81 3.68 3.54 3.43 3.36 3.24 3.17 3.41 3.71 3.67 3.27 2.80 2.55 2.65 2.93 3.14 3.23 3.30 3.38 3.47 3.50 3.35 3.02 2.67 2.40 2.21 2.11
4.50 4.89 5.49 5.57 5.33 5.03 4.69 4.40 4.10 3.74 3.30 2.80 2.28 1.86 1.67 1.80 2.43 3.06 3.44 3.57 3.56 3.46 3.42 3.54 3.71 3.81 3.84 3.96 4.26 4.56 4.72 4.85 4.98 5.04 4.98 4.95 5.17 5.58 5.96 6.22 6.31 6.15 5.70 4.87 3.79 3.07 2.92 3.23 3.54 3.62 3.59 3.37 2.95 2.56 2.48 2.75 3.18 3.45 3.54 3.56 3.53 3.46 3.32 3.15 3.33 3.86 4.15 3.93 3.41 2.89 2.83 3.19 3.50 3.62 3.73 3.84 3.97 4.04 3.99 3.78 3.48 3.21 2.98 2.75
3.86 4.23 4.99 5.52 5.72 5.67 5.53 5.39 5.23 4.91 4.48 3.96 3.34 2.62 2.07 1.94 2.23 2.77 3.31 3.70 3.89 3.88 3.77 3.73 3.79 3.88 3.94 4.00 4.20 4.46 4.54 4.49 4.40 4.27 4.02 3.82 3.93 4.32 4.79 5.22 5.60 5.94 6.06 5.76 4.95 3.89 3.30 3.28 3.45 3.52 3.46 3.43 3.24 2.90 2.62 2.57 2.82 3.16 3.46 3.64 3.68 3.64 3.54 3.34 3.31 3.71 4.27 4.42 4.09 3.57 3.29 3.48 3.69 3.81 3.88 3.93 3.94 3.91 3.74 3.50 3.19 2.91 2.76 2.68
3.57 3.48 3.77 4.64 5.35 5.66 5.68 5.62 5.58 5.44 5.16 4.79 4.33 3.68 2.99 2.59 2.54 2.70 2.98 3.44 3.85 4.00 3.91 3.79 3.76 3.83 3.91 3.92 3.89 3.86 3.78 3.61 3.44 3.32 3.17 3.09 3.15 3.30 3.48 3.81 4.24 4.78 5.40 5.78 5.64 4.89 4.00 3.64 3.53 3.35 3.18 3.17 3.10 2.95 2.78 2.67 2.74 3.01 3.41 3.74 3.89 3.88 3.80 3.64 3.44 3.52 4.05 4.56 4.61 4.27 3.93 3.84 3.89 3.91 3.84 3.66 3.43 3.22 3.04 2.80 2.42 2.03 1.85 1.95
4.06 3.63 3.18 3.38 4.04 4.65 4.89 4.92 4.89 4.88 4.89 4.84 4.72 4.47 4.01 3.43 3.04 2.82 2.73 2.94 3.43 3.75 3.74 3.60 3.49 3.41 3.36 3.25 3.01 2.79 2.70 2.65 2.68 2.65 2.52 2.45 2.44 2.46 2.51 2.66 2.92 3.32 3.95 4.74 5.29 5.20 4.61 4.11 3.91 3.59 3.18 2.91 2.82 2.85 2.83 2.79 2.79 2.98 3.37 3.82 4.11 4.16 4.01 3.85 3.69 3.65 3.99 4.54 4.87 4.76 4.45 4.23 4.11 3.94 3.67 3.31 2.98 2.84 2.87 2.86 2.63 2.17 1.77 1.68
4.38 4.23 3.60 2.98 2.79 3.14 3.50 3.55 3.42 3.45 3.64 3.90 4.08 4.25 4.28 4.02 3.54 3.12 2.79 2.70 3.00 3.35 3.46 3.33 3.11 2.84 2.63 2.50 2.36 2.21 2.19 2.32 2.55 2.64 2.47 2.23 2.09 2.08 2.12 2.17 2.21 2.33 2.67 3.31 4.14 4.82 4.81 4.56 4.41 4.16 3.63 3.15 2.98 3.02 3.07 3.03 2.95 3.02 3.31 3.76 4.23 4.45 4.40 4.24 4.14 4.15 4.33 4.69 5.06 5.13 4.86 4.53 4.21 3.85 3.54 3.29 3.11 3.01 3.09 3.28 3.28 2.95 2.47 2.19
4.31 4.30 3.97 3.28 2.50 2.28 2.42 2.40 2.25 2.15 2.17 2.30 2.59 2.97 3.51 3.88 3.82 3.46 3.07 2.85 2.94 3.18 3.34 3.28 3.02 2.70 2.45 2.40 2.45 2.40 2.28 2.33 2.67 2.96 2.94 2.75 2.50 2.29 2.28 2.40 2.42 2.39 2.52 2.93 3.59 4.43 4.85 4.95 4.89 4.62 4.14 3.73 3.53 3.53 3.51 3.41 3.25 3.22 3.41 3.80 4.28 4.74 4.96 4.91 4.79 4.79 4.91 5.17 5.50 5.66 5.41 4.89 4.35 3.99 3.81 3.72 3.64 3.51 3.49 3.62 3.72 3.54 3.16 2.89
4.19 4.00 3.73 3.46 2.89 2.49 2.38 2.25 2.02 1.91 1.82 1.79 1.88 2.11 2.58 3.25 3.65 3.65 3.45 3.30 3.29 3.37 3.44 3.44 3.27 3.02 2.80 2.75 2.86 2.93 2.74 2.49 2.61 3.07 3.39 3.47 3.32 2.99 2.79 2.91 3.09 3.19 3.27 3.50 3.92 4.45 4.90 5.27 5.38 5.14 4.64 4.25 4.05 3.97 3.91 3.83 3.70 3.70 3.85 4.09 4.49 4.99 5.41 5.58 5.48 5.30 5.29 5.51 5.87 6.10 6.01 5.57 4.86 4.54 4.52 4.50 4.42 4.25 4.11 4.11 4.11 4.01 3.80 3.63
4.49 4.15 3.71 3.56 3.46 3.24 3.00 2.79 2.65 2.66 2.70 2.68 2.67 2.62 2.64 2.86 3.29 3.61 3.70 3.72 3.70 3.64 3.61 3.61 3.53 3.36 3.21 3.12 3.19 3.40 3.42 3.07 2.81 3.00 3.45 3.85 3.99 3.80 3.48 3.46 3.72 3.91 4.03 4.09 4.16 4.32 4.71 5.28 5.63 5.56 5.10 4.63 4.36 4.26 4.21 4.16 4.17 4.18 4.28 4.45 4.66 4.94 5.30 5.60 5.67 5.48 5.21 5.15 5.47 5.99 6.44 6.56 6.06 5.74 5.71 5.75 5.74 5.58 5.42 5.25 5.03 4.73 4.48 4.28
4.76 4.58 4.15 3.88 3.91 3.99 3.90 3.77 3.78 3.89 4.01 4.07 3.99 3.71 3.32 3.08 3.19 3.52 3.75 3.86 3.90 3.88 3.85 3.84 3.75 3.61 3.49 3.39 3.39 3.64 3.95 3.93 3.65 3.45 3.60 4.05 4.49 4.58 4.41 4.27 4.30 4.40 4.39 4.23 3.96 3.82 4.05 4.65 5.35 5.57 5.40 4.99 4.70 4.54 4.46 4.38 4.37 4.41 4.48 4.49 4.43 4.39 4.50 4.81 5.16 5.26 5.03 4.64 4.59 5.18 6.24 6.91 7.16 7.07 7.00 7.15 7.33 7.37 7.27 7.01 6.61 5.96 5.29 4.77
4.81 4.69 4.30 3.96 4.09 4.30 4.46 4.58 4.72 4.80 4.83 4.81 4.71 4.43 4.04 3.68 3.53 3.62 3.79 3.92 4.02 4.12 4.19 4.20 4.07 3.88 3.76 3.68 3.60 3.74 4.17 4.52 4.62 4.57 4.54 4.71 5.01 5.14 5.07 4.91 4.75 4.58 4.35 4.04 3.70 3.48 3.51 3.92 4.73 5.24 5.37 5.24 5.05 4.85 4.69 4.50 4.44 4.46 4.36 4.20 3.90 3.61 3.48 3.66 4.11 4.51 4.60 4.31 3.92 4.09 5.08 6.16 6.82 7.07 7.25 7.55 7.79 7.91 7.91 7.91 7.77 7.27 6.29 5.27
4.92 4.68 4.16 3.91 4.11 4.46 4.72 4.88 4.98 4.95 4.85 4.78 4.73 4.63 4.47 4.22 3.98 3.86 3.91 4.04 4.19 4.39 4.59 4.71 4.64 4.40 4.26 4.18 4.05 4.04 4.36 4.85 5.21 5.39 5.44 5.40 5.36 5.31 5.19 4.99 4.70 4.34 4.00 3.73 3.55 3.45 3.44 3.69 4.30 4.87 5.26 5.45 5.48 5.36 5.10 4.80 4.61 4.37 4.14 3.78 3.36 2.95 2.60 2.47 2.76 3.09 3.35 3.35 3.03 2.92 3.34 4.22 5.06 5.64 6.09 6.45 6.63 6.74 6.97 7.29 7.73 7.78 7.24 6.00
5.20 4.83 4.36 4.32 4.51 4.71 4.77 4.76 4.72 4.55 4.40 4.32 4.29 4.35 4.41 4.35 4.19 4.03 4.03 4.21 4.48 4.80 5.11 5.34 5.41 5.26 5.06 4.93 4.82 4.74 4.86 5.12 5.35 5.44 5.39 5.25 5.12 4.94 4.76 4.49 4.18 3.90 3.69 3.53 3.46 3.49 3.59 3.86 4.17 4.63 5.05 5.35 5.61 5.81 5.65 5.23 4.77 4.34 3.95 3.46 2.98 2.51 1.98 1.62 1.59 1.68 1.73 1.81 1.72 1.51 1.73 2.20 2.82 3.34 3.79 4.23 4.28 4.42 4.79 5.26 6.37 7.46 7.72 7.01
5.09 5.05 5.13 5.16 5.05 4.91 4.70 4.48 4.24 4.10 4.01 3.91 3.84 3.89 4.02 4.13 4.13 4.08 4.15 4.34 4.65 5.00 5.35 5.66 5.83 5.84 5.72 5.61 5.52 5.41 5.28 5.15 5.03 4.87 4.63 4.41 4.35 4.27 4.13 3.87 3.60 3.52 3.51 3.50 3.52 3.54 3.70 3.86 4.05 4.38 4.65 4.96 5.33 5.69 5.81 5.53 4.98 4.41 3.89 3.44 2.96 2.42 1.97 1.60 1.36 1.27 1.17 1.07 0.90 0.70 0.70 0.90 1.30 1.70 1.93 2.33 2.60 2.92 3.28 3.73 4.77 6.28 7.34 7.38
4.61 4.96 5.44 5.48 5.28 4.99 4.63 4.33 3.96 3.82 3.78 3.66 3.57 3.56 3.65 3.83 3.97 4.05 4.15 4.19 4.25 4.41 4.70 5.11 5.45 5.67 5.74 5.71 5.63 5.45 5.13 4.70 4.28 4.05 3.86 3.68 3.60 3.59 3.54 3.45 3.37 3.38 3.44 3.55 3.61 3.67 3.77 3.80 3.87 4.01 4.12 4.29 4.60 5.02 5.39 5.47 5.21 4.73 4.19 3.80 3.40 2.89 2.48 2.11 1.76 1.54 1.41 1.28 1.10 0.82 0.54 0.39 0.41 0.72 0.96 1.21 1.62 2.14 2.47 2.76 3.52 4.77 6.22 7.02
4.08 4.47 5.07 5.31 5.28 4.98 4.59 4.23 3.90 3.69 3.59 3.44 3.35 3.34 3.43 3.62 3.83 3.97 4.01 3.88 3.68 3.58 3.69 4.01 4.52 4.94 5.19 5.25 5.15 4.90 4.50 4.03 3.60 3.36 3.24 3.10 3.06 3.16 3.22 3.24 3.33 3.46 3.59 3.62 3.73 3.91 3.96 3.92 3.81 3.69 3.71 3.86 4.08 4.39 4.79 5.18 5.35 5.22 4.82 4.40 4.05 3.69 3.33 2.97 2.60 2.29 2.14 1.98 1.70 1.36 0.93 0.52 0.29 0.32 0.45 0.56 0.83 1.25 1.58 1.83 2.39 3.29 4.77 6.26
3.65 3.78 4.28 4.85 5.20 5.18 4.75 4.18 3.84 3.60 3.41 3.27 3.17 3.16 3.30 3.52 3.77 3.93 3.96 3.87 3.72 3.62 3.66 3.84 4.14 4.43 4.59 4.60 4.47 4.25 3.95 3.65 3.34 3.09 2.91 2.84 2.94 3.11 3.15 3.15 3.33 3.63 3.75 3.80 3.91 4.08 4.21 4.18 3.94 3.64 3.47 3.50 3.64 3.92 4.37 4.88 5.35 5.61 5.52 5.16 4.79 4.49 4.18 3.85 3.54 3.27 3.03 2.72 2.31 1.93 1.58 1.16 0.80 0.61 0.50 0.38 0.34 0.46 0.70 0.99 1.43 2.16 3.36 5.06
3.42 3.39 3.63 4.26 5.03 5.49 5.32 4.65 4.14 3.82 3.56 3.42 3.34 3.30 3.39 3.59 3.80 4.02 4.17 4.23 4.26 4.30 4.37 4.42 4.36 4.26 4.16 4.04 3.92 3.85 3.73 3.57 3.39 3.26 3.13 3.01 3.05 3.28 3.36 3.25 3.32 3.55 3.78 3.93 4.01 4.15 4.32 4.39 4.22 3.82 3.36 3.09 3.14 3.47 3.98 4.62 5.23 5.74 5.98 5.88 5.60 5.33 5.11 4.89 4.64 4.32 3.93 3.59 3.25 2.93 2.50 2.04 1.58 1.28 1.02 0.75 0.55 0.44 0.43 0.54 0.81 1.35 2.21 3.61
3.30 3.20 3.24 3.70 4.55 5.45 5.82 5.48 4.90 4.51 4.23 4.01 3.95 3.90 3.84 3.82 3.90 4.09 4.34 4.53 4.63 4.64 4.59 4.45 4.21 3.95 3.79 3.66 3.53 3.56 3.68 3.67 3.58 3.57 3.59 3.51 3.38 3.49 3.68 3.59 3.42 3.45 3.69 3.86 3.96 4.07 4.24 4.44 4.51 4.23 3.59 3.00 2.83 3.08 3.61 4.26 4.90 5.53 5.93 6.05 6.04 5.99 6.08 6.18 6.05 5.72 5.22 4.78 4.52 4.19 3.62 2.97 2.49 2.17 1.85 1.48 1.17 0.96 0.80 0.69 0.68 0.85 1.39 2.36
3.20 2.96 2.80 3.08 3.73 4.88 5.73 5.90 5.50 5.05 4.75 4.48 4.36 4.33 4.26 4.10 3.96 3.99 4.17 4.34 4.39 4.28 4.04 3.75 3.54 3.42 3.42 3.42 3.38 3.45 3.64 3.83 3.90 3.86 3.91 3.99 3.89 3.82 3.98 3.96 3.72 3.57 3.66 3.72 3.78 3.84 3.96 4.26 4.64 4.74 4.29 3.49 2.93 2.88 3.18 3.79 4.51 5.17 5.56 5.77 5.82 5.94 6.27 6.65 6.99 7.03 6.69 6.20 5.74 5.31 4.78 4.15 3.70 3.26 2.83 2.44 2.12 1.84 1.57 1.28 0.96 0.81 0.92 1.43
3.35 3.10 2.80 2.77 3.09 3.98 5.11 5.76 5.74 5.29 4.80 4.37 4.13 4.08 4.09 4.03 3.86 3.81 3.80 3.74 3.66 3.49 3.24 3.03 2.94 2.94 3.05 3.17 3.22 3.35 3.66 3.97 4.15 4.20 4.21 4.30 4.36 4.29 4.25 4.26 4.12 3.91 3.73 3.60 3.49 3.42 3.44 3.78 4.45 4.98 5.00 4.45 3.55 3.11 3.17 3.63 4.30 4.89 5.16 5.26 5.20 5.32 5.66 6.16 6.78 7.22 7.29 7.20 6.92 6.57 6.28 5.95 5.46 4.71 3.97 3.55 3.29 3.00 2.57 2.10 1.57 1.08 0.79 0.86
3.68 3.63 3.40 3.04 2.96 3.38 4.35 5.32 5.76 5.60 5.04 4.44 4.01 3.76 3.72 3.82 3.69 3.65 3.48 3.18 2.93 2.79 2.69 2.62 2.62 2.67 2.75 2.73 2.72 3.00 3.45 3.79 4.09 4.31 4.43 4.51 4.57 4.51 4.41 4.37 4.31 4.09 3.86 3.60 3.30 2.99 2.94 3.23 3.85 4.70 5.19 5.10 4.43 3.72 3.55 3.74 4.11 4.52 4.73 4.74 4.56 4.35 4.27 4.60 5.30 6.16 6.82 7.27 7.52 7.53 7.52 7.44 7.15 6.54 5.64 4.99 4.52 4.03 3.42 2.71 2.08 1.53 1.06 0.76
3.64 3.63 3.61 3.35 3.05 3.08 3.69 4.69 5.53 5.86 5.65 5.09 4.54 4.06 3.79 3.66 3.62 3.51 3.21 2.86 2.67 2.63 2.65 2.65 2.61 2.65 2.67 2.42 2.11 2.18 2.62 3.01 3.36 3.74 4.07 4.28 4.34 4.36 4.31 4.27 4.19 4.04 3.90 3.74 3.52 3.15 2.87 2.88 3.22 3.90 4.76 5.17 4.96 4.27 3.87 3.74 3.81 4.02 4.21 4.18 4.02 3.60 3.29 3.35 3.78 4.57 5.54 6.34 6.93 7.25 7.49 7.74 7.82 7.67 7.18 6.45 5.61 4.72 3.87 3.14 2.56 2.10 1.65 1.15
3.23 3.04 2.92 2.92 2.81 2.75 3.05 3.85 4.85 5.58 5.83 5.56 5.01 4.46 4.08 3.79 3.60 3.34 3.06 2.89 2.90 3.12 2.98 2.96 2.82 2.84 2.86 2.56 2.03 1.70 1.74 2.01 2.28 2.64 3.10 3.47 3.72 3.88 3.99 4.07 3.97 3.80 3.64 3.55 3.49 3.28 2.88 2.62 2.69 3.12 3.88 4.75 4.94 4.49 3.95 3.61 3.52 3.59 3.81 3.86 3.66 3.06 2.58 2.61 2.95 3.53 4.22 4.84 5.43 5.84 6.12 6.54 7.09 7.46 7.52 7.34 6.62 5.43 4.38 3.74 3.27 2.76 2.23 1.78
3.27 2.85 2.32 2.20 2.20 2.13 2.20 2.79 3.69 4.68 5.36 5.53 5.18 4.63 4.22 3.87 3.56 3.30 3.21 3.63 3.43 3.58 3.66 3.56 3.39 3.40 3.40 3.19 2.65 2.05 1.83 1.85 1.88 1.98 2.30 2.74 3.17 3.41 3.63 3.81 3.78 3.59 3.22 2.86 2.60 2.51 2.36 2.08 2.03 2.40 3.05 3.98 4.56 4.36 3.82 3.49 3.36 3.45 3.69 3.89 3.66 2.79 2.19 2.10 2.36 2.82 3.32 3.68 4.05 4.41 4.37 4.64 5.40 6.24 6.92 7.47 7.50 6.69 5.44 4.56 3.91 3.37 2.90 2.48
3.97 3.44 2.70 2.35 2.09 1.88 1.80 2.00 2.59 3.52 4.50 5.15 5.24 4.81 4.30 3.90 3.60 3.46 3.89 3.76 4.05 4.27 4.41 4.38 4.25 4.19 4.16 3.94 3.49 2.90 2.51 2.39 2.28 2.13 2.16 2.44 2.81 3.07 3.32 3.59 3.71 3.59 3.14 2.46 2.05 1.92 1.86 1.73 1.73 1.95 2.40 3.24 4.05 4.14 3.68 3.47 3.42 3.54 3.82 4.17 3.99 3.12 2.38 1.98 1.94 2.07 2.45 2.85 3.23 3.60 3.56 3.53 4.09 4.97 5.67 6.64 7.56 7.63 6.81 5.56 4.56 4.08 3.80 3.46
4.49 4.11 3.60 3.32 3.02 2.57 2.17 1.97 2.06 2.58 3.41 4.37 4.95 4.92 4.44 3.95 3.70 3.68 3.88 4.21 4.56 4.86 5.12 5.24 5.24 5.14 4.97 4.69 4.23 3.58 3.00 2.79 2.80 2.74 2.58 2.53 2.69 2.95 3.26 3.58 3.85 3.86 3.49 2.84 2.41 2.24 2.22 2.23 2.12 2.09 2.18 2.71 3.63 3.97 3.68 3.52 3.47 3.62 3.94 4.39 4.34 3.69 2.81 2.06 1.64 1.54 1.72 2.13 2.59 3.12 3.25 3.17 3.44 4.12 4.61 5.34 6.66 7.61 7.72 7.02 5.98 5.49 5.19 4.75
4.54 4.41 4.15 3.97 3.78 3.42 2.93 2.42 2.13 2.14 2.53 3.26 4.16 4.62 4.48 4.02 3.73 3.76 4.06 4.46 4.83 5.20 5.56 5.85 5.95 5.92 5.80 5.55 5.09 4.34 3.47 2.97 2.94 3.15 3.30 3.22 3.10 3.19 3.49 3.82 4.25 4.47 4.22 3.72 3.35 3.18 3.19 3.15 2.93 2.50 2.30 2.44 3.27 3.79 3.69 3.54 3.49 3.64 3.96 4.45 4.57 4.13 3.29 2.41 1.71 1.35 1.33 1.61 2.01 2.55 2.89 2.88 3.08 3.58 3.87 4.26 5.28 6.72 7.69 7.98 7.73 7.29 6.73 6.10
4.38 4.38 4.23 4.03 3.87 3.62 3.29 2.83 2.39 2.11 2.13 2.48 3.16 3.93 4.21 4.00 3.70 3.63 3.86 4.22 4.56 4.90 5.26 5.62 5.86 6.02 6.13 6.16 5.93 5.29 4.33 3.45 3.07 3.17 3.44 3.63 3.64 3.63 3.73 4.07 4.65 5.15 5.36 5.02 4.51 4.17 3.98 3.72 3.36 2.88 2.48 2.44 2.88 3.53 3.63 3.53 3.50 3.68 3.96 4.38 4.61 4.44 3.88 3.13 2.32 1.70 1.38 1.37 1.58 2.04 2.44 2.48 2.71 3.20 3.34 3.47 4.16 5.37 6.71 7.52 7.92 7.93 7.62 7.05
