project/data/elevation/US_DEM2016/US_DEM2016_point_10-29-2019_1010_30m_ang.asc
ncols	125
nrows	167
xllcorner	-2042055.000000
yllcorner	1465035.000000
cellsize	30.000000
NODATA_value	-9999.000000
[rows 84 to 125 of 167, columns 0 to 94 of 125]
126 131 141 145 140 132 128 127 126 124 122 119 117 115 114 112 109 107 109 109 106 103 103 103 100 98 99 103 109 113 115 118 121 124 129 137 144 140 132 127 124 120 117 113 107 103 104 109 115 120 125 129 132 137 147 153 151 143 136 133 131 128 125 121 119 122 127 125 120 113 106 105 103 109 116 116 112 110 109 109 111 116 121 115 108 107 113 122 133 135 133 133 134 131 126
125 131 142 146 140 133 128 126 124 122 120 118 116 114 113 110 107 104 104 105 104 104 105 106 105 103 103 106 111 115 117 119 121 125 132 143 149 142 134 128 124 120 118 115 109 104 105 109 114 120 125 129 132 137 146 154 152 145 138 133 130 126 120 117 116 121 128 126 120 113 105 107 101 106 112 113 111 108 107 107 106 110 117 117 111 108 111 118 127 131 131 130 131 129 125
125 131 142 144 139 132 128 125 122 120 119 117 115 113 112 109 104 99 99 102 105 108 110 110 110 107 105 106 109 112 114 115 119 124 132 145 151 143 135 129 124 121 118 115 109 105 105 105 110 116 121 127 132 138 146 153 152 145 138 132 128 124 118 114 114 119 128 127 120 114 107 102 102 107 111 112 110 107 106 106 106 106 110 114 112 109 110 114 119 124 126 128 130 130 128
125 131 141 141 136 130 126 123 121 120 118 116 114 112 110 105 98 98 101 105 109 111 113 113 111 109 105 104 106 110 112 113 116 122 132 144 150 145 136 130 124 119 116 113 108 104 102 103 107 112 117 122 128 135 144 152 152 146 138 132 128 124 118 113 112 116 127 130 123 116 110 105 104 106 111 113 112 111 110 110 109 107 107 111 113 112 111 112 116 120 123 126 129 131 130
124 129 137 137 133 128 124 122 121 119 118 116 113 111 107 103 101 103 106 108 111 113 114 113 111 108 105 103 105 110 115 116 116 119 128 142 149 149 141 130 121 116 114 112 107 103 101 102 105 109 112 116 120 126 137 147 151 147 139 133 130 126 119 113 111 114 125 132 125 118 112 107 104 105 109 110 114 115 116 115 115 113 113 115 116 116 114 115 118 121 123 125 129 131 130
124 128 134 135 132 128 124 122 120 119 118 115 111 107 105 106 107 108 107 107 109 111 113 112 109 106 104 103 105 110 115 118 117 116 123 138 150 155 147 130 118 114 114 112 105 101 100 101 104 107 109 112 115 121 131 143 150 148 141 135 130 126 119 112 109 111 122 131 127 119 113 108 105 106 108 110 111 113 115 117 118 119 119 120 120 121 120 122 124 125 125 128 132 135 134
124 128 133 134 132 128 124 120 118 117 115 111 106 101 102 105 107 106 105 105 106 107 108 107 105 104 103 104 106 108 112 116 118 116 120 133 151 159 152 132 118 114 114 111 105 102 102 103 106 108 111 116 121 126 133 143 150 149 141 134 129 124 118 110 107 109 118 130 127 119 112 107 105 107 111 112 109 109 111 112 114 117 119 120 122 124 126 127 129 129 128 132 137 138 137
125 128 132 133 131 126 122 118 115 112 109 105 101 98 99 102 103 104 104 104 104 104 103 103 103 103 103 104 105 106 109 113 117 118 119 129 150 162 154 132 119 115 115 113 108 105 105 107 110 113 117 122 127 132 137 145 150 148 141 133 128 124 117 108 104 106 116 128 128 120 111 105 103 107 113 115 110 107 108 109 109 110 113 116 119 122 124 126 130 130 130 133 137 136 133
124 127 131 132 129 124 119 114 110 107 104 101 99 97 97 98 101 103 103 104 104 103 103 104 104 104 104 105 107 109 112 115 119 122 124 130 149 161 152 132 121 119 119 118 113 108 107 109 112 116 120 125 129 131 135 142 148 147 140 133 127 123 115 105 102 105 115 127 130 122 111 104 102 106 114 116 111 107 108 110 108 106 108 112 113 115 116 119 124 127 129 133 134 131 126
123 126 130 129 125 121 115 109 105 102 100 99 98 96 95 96 100 103 106 107 108 109 109 108 107 105 106 108 111 114 116 119 123 127 131 137 150 158 149 134 126 124 123 121 115 109 106 107 111 115 119 123 126 129 133 140 146 147 141 133 127 123 114 104 103 106 115 126 131 125 112 104 101 104 111 115 111 106 107 109 108 104 104 108 110 110 110 112 117 123 127 131 132 129 124
121 123 127 126 122 116 111 105 101 99 98 98 97 96 98 100 105 110 115 117 116 116 114 111 108 107 108 110 112 113 116 118 121 126 135 145 152 155 147 136 130 127 125 121 115 109 105 106 110 114 117 121 125 130 135 141 147 148 143 135 129 125 117 107 105 107 114 124 132 127 114 104 101 101 104 108 108 105 104 107 107 103 101 104 108 111 112 114 117 121 125 129 131 131 128
119 121 124 122 117 112 108 103 100 99 100 101 102 104 108 111 115 119 123 123 121 118 115 110 108 108 109 110 109 109 110 112 115 122 136 149 153 151 144 136 131 127 123 119 114 109 105 105 108 112 116 120 123 128 133 141 147 149 145 137 131 127 119 111 107 108 113 123 132 129 117 106 100 97 98 103 106 105 103 105 107 104 102 103 109 115 118 119 120 121 125 128 131 132 130
118 120 122 120 116 112 109 106 102 103 106 111 114 115 118 120 121 122 123 122 119 116 112 109 108 108 109 110 109 108 108 111 116 124 138 151 153 148 141 134 130 125 121 116 112 108 104 104 106 109 113 116 119 123 129 137 144 147 145 137 130 125 118 113 109 108 112 121 132 131 120 108 98 95 97 102 106 105 104 106 109 108 106 107 114 121 124 124 123 124 126 129 131 132 129
117 119 121 120 118 114 112 110 108 109 114 121 124 124 124 123 122 121 119 116 113 110 109 110 109 107 109 111 113 113 114 116 120 128 140 152 153 145 137 132 128 123 119 114 111 107 105 104 105 106 109 111 114 118 124 132 140 144 145 138 129 122 117 112 108 106 110 118 129 130 122 111 100 96 98 102 105 105 106 109 112 112 111 114 121 127 128 126 125 126 127 130 132 133 130
116 118 122 122 120 117 115 116 117 118 122 128 130 128 126 123 121 118 115 111 107 106 108 110 110 108 109 112 115 116 116 118 121 129 140 152 152 143 136 130 126 122 118 114 111 108 106 105 105 105 106 109 113 116 122 130 139 143 144 138 130 122 116 111 107 106 108 115 124 128 124 117 107 101 101 104 106 108 111 115 117 118 119 121 125 131 130 127 126 127 128 129 131 133 130
117 119 123 125 125 122 122 123 124 124 126 129 130 128 125 121 117 114 111 108 107 109 111 112 111 110 110 111 113 114 114 114 117 126 139 150 151 143 135 130 126 122 119 115 112 109 106 106 106 106 108 111 115 119 126 134 141 144 144 139 131 122 116 112 109 108 109 113 121 128 129 124 115 107 103 104 108 113 117 120 122 123 123 123 126 130 130 128 127 127 127 128 129 130 127
118 120 124 127 128 127 126 125 125 125 125 126 126 124 121 118 114 109 106 107 110 112 113 113 112 110 110 110 111 111 111 111 114 122 135 148 150 142 134 130 127 124 120 117 113 109 106 105 106 108 110 113 118 123 130 138 143 145 144 139 132 124 118 114 111 110 112 115 121 129 134 129 120 112 105 103 107 112 116 119 121 121 120 119 121 126 128 128 127 127 128 127 127 127 124
118 120 124 127 129 128 126 124 123 123 122 121 121 119 117 114 108 103 103 107 112 113 113 112 110 109 108 109 110 111 111 111 112 117 130 144 149 144 137 133 130 126 122 117 112 108 105 104 106 107 108 110 115 122 130 140 144 144 143 138 132 125 119 115 112 111 112 116 121 129 136 132 124 116 109 106 106 108 111 112 115 117 116 115 117 123 127 128 128 128 128 128 127 125 123
118 119 124 127 129 129 126 123 121 121 120 118 116 114 112 108 104 104 108 112 114 114 113 111 109 107 106 107 108 109 110 110 110 113 123 138 147 146 140 136 131 126 122 117 112 107 104 104 105 106 107 108 110 115 126 138 143 144 142 138 131 125 119 115 111 109 110 113 118 125 133 134 126 119 113 108 106 106 107 109 111 114 115 116 120 125 130 131 130 129 128 128 127 126 123
118 120 124 128 129 129 126 123 121 120 119 116 112 107 104 104 107 111 115 117 117 115 113 111 108 107 106 106 106 107 109 109 110 113 121 134 144 146 140 134 130 125 121 116 111 106 103 103 104 106 106 107 107 110 120 135 141 142 142 138 131 124 119 115 110 108 108 110 115 122 130 134 129 122 115 108 105 105 108 109 110 112 114 117 121 127 131 132 131 130 129 128 128 126 123
117 120 124 127 128 128 127 124 121 120 117 111 103 96 95 102 110 114 117 117 117 115 112 110 108 107 106 107 109 111 113 115 117 120 126 135 143 146 140 133 128 124 120 116 111 106 102 101 103 105 106 106 106 107 114 128 138 141 141 137 130 124 118 114 110 107 107 109 113 119 128 133 131 125 117 109 104 104 108 110 110 111 112 114 116 121 126 130 130 130 129 129 127 125 122
115 117 121 123 125 125 125 122 119 115 108 100 93 90 93 103 111 115 116 116 114 113 111 109 115 106 106 109 113 116 118 120 123 125 130 137 144 147 143 135 129 124 119 116 111 106 102 101 102 104 105 104 104 106 114 126 136 141 140 136 130 124 118 115 112 109 107 108 111 117 125 131 132 128 120 110 103 102 106 109 110 109 109 110 111 114 120 125 128 129 130 130 128 126 122
113 114 117 120 121 122 120 118 113 107 100 96 95 98 104 112 118 120 119 116 114 113 112 111 110 108 108 109 112 115 118 120 123 125 129 136 144 147 145 138 130 124 119 116 112 106 102 100 100 101 100 100 104 111 118 128 137 141 140 136 131 125 120 116 113 110 107 106 109 115 122 129 131 128 121 111 103 101 103 107 109 108 109 112 114 116 119 123 126 128 130 130 129 125 121
114 115 117 119 120 119 117 114 110 106 104 108 113 117 120 123 125 126 124 121 119 118 116 113 112 111 109 108 110 111 113 115 118 121 125 133 142 147 146 141 132 124 119 115 110 106 102 100 98 98 98 101 107 115 121 128 135 140 140 136 131 127 122 117 113 111 108 106 107 111 119 127 130 128 123 114 105 101 102 105 109 111 113 116 119 121 123 124 125 127 129 129 127 123 119
116 118 120 120 120 120 118 116 115 117 120 124 127 128 127 127 129 128 127 125 123 121 118 114 112 111 109 108 109 109 109 110 112 115 120 129 139 147 148 143 133 125 118 112 108 106 105 103 100 100 102 106 111 116 121 126 131 137 139 137 133 129 123 117 112 110 108 106 105 108 114 123 128 127 124 117 107 102 101 105 109 113 114 116 120 123 125 125 125 126 127 126 124 121 118
117 119 122 123 123 122 121 121 124 128 131 131 131 129 126 126 127 126 124 123 121 119 116 113 112 110 108 108 109 109 109 109 111 114 118 126 136 146 148 141 132 123 115 110 108 108 109 108 105 104 106 109 112 116 120 125 130 136 140 139 135 129 124 117 112 109 108 106 105 106 110 119 125 127 125 118 110 103 101 104 108 112 113 114 117 121 126 126 125 126 126 125 123 120 117
116 119 123 125 125 125 124 125 128 132 133 131 128 125 122 121 123 122 119 117 116 115 113 112 111 109 108 107 108 110 111 113 114 117 120 126 135 145 145 138 128 120 115 112 110 110 112 113 111 109 108 108 110 114 120 125 130 136 140 140 137 131 125 118 112 109 108 107 107 107 110 116 122 126 124 118 111 105 102 104 108 112 114 115 116 120 125 126 125 125 125 124 122 119 117
115 117 122 125 127 128 127 127 128 129 129 127 124 121 118 117 119 118 116 114 113 113 112 111 111 108 107 107 108 109 111 114 116 118 121 128 137 145 144 137 128 122 118 116 113 112 114 117 116 111 108 106 108 111 117 123 128 135 140 140 138 132 126 119 113 110 109 108 109 109 110 114 120 124 123 118 112 106 102 103 107 112 115 116 117 120 124 125 125 125 125 124 122 119 117
116 117 121 125 128 129 128 126 126 125 124 123 121 118 115 114 114 115 115 113 112 112 113 114 113 109 107 107 109 108 108 110 112 114 118 126 138 146 144 138 131 125 121 118 115 114 115 119 118 113 109 106 106 108 112 117 123 130 137 139 138 134 126 119 115 112 110 109 109 110 111 113 118 122 121 117 113 107 102 102 106 111 114 115 116 118 121 123 124 124 125 124 122 119 117
117 118 121 125 129 129 126 124 122 121 119 118 117 114 111 110 111 113 115 114 113 113 115 118 116 111 107 107 109 110 109 109 110 112 115 122 135 145 145 138 131 126 121 118 115 114 114 118 119 113 109 107 106 107 109 112 116 123 131 135 136 134 128 121 116 113 110 109 109 110 111 113 117 121 120 116 112 108 103 102 104 108 111 113 114 115 118 121 122 124 125 124 122 120 118
117 119 122 125 128 128 124 120 118 117 115 113 111 108 106 107 111 115 117 117 114 113 115 120 118 112 107 105 106 109 110 111 112 114 116 120 131 142 144 137 130 126 120 116 114 113 113 117 119 115 109 107 106 107 108 110 112 117 125 131 134 134 130 123 118 114 111 109 109 110 111 114 117 120 120 116 112 108 104 102 102 105 109 111 112 114 118 120 122 124 124 124 123 122 120
117 119 123 125 127 127 122 118 115 113 111 109 108 107 109 113 117 119 121 118 114 110 112 119 119 114 108 104 104 107 109 110 112 115 118 123 132 142 144 137 130 125 119 114 112 112 114 118 120 117 111 107 106 107 109 110 113 117 122 128 132 133 132 125 119 115 111 108 108 109 111 114 117 120 120 116 113 109 105 102 101 104 108 110 113 117 121 122 123 124 124 124 124 123 120
115 118 122 124 126 125 122 117 115 114 113 113 114 117 120 122 122 123 122 118 112 107 109 117 120 117 111 106 104 106 109 109 109 113 120 127 136 144 144 136 129 124 117 112 110 111 115 120 123 119 113 108 105 106 109 112 115 119 123 129 132 132 131 126 120 114 110 107 106 109 111 114 117 119 119 117 114 110 106 102 102 106 110 113 116 121 125 125 124 124 124 124 124 123 120
114 116 120 122 124 125 122 119 118 118 118 120 124 126 126 125 124 123 120 117 111 106 107 113 119 121 117 109 104 105 109 109 108 110 116 126 137 145 142 134 127 122 117 111 108 109 113 121 125 120 115 109 105 104 107 111 115 119 125 131 133 132 130 126 119 113 108 105 105 108 112 114 117 120 120 118 115 111 107 104 104 108 113 116 119 123 127 126 124 124 124 124 124 124 121
113 115 118 121 123 124 124 122 121 120 121 123 126 127 125 123 121 119 117 116 112 106 105 108 116 123 122 112 105 105 109 112 111 109 112 120 132 142 140 132 125 121 117 112 108 106 109 118 125 121 115 111 107 105 105 109 114 117 122 129 133 132 129 125 119 112 107 104 105 108 113 116 119 121 121 119 116 113 108 105 105 108 112 115 117 121 125 125 124 124 124 123 124 125 122
113 114 117 120 123 125 125 124 122 122 123 124 124 122 120 118 117 117 116 115 113 108 104 105 111 121 124 115 107 105 108 112 114 111 110 114 126 137 138 131 125 120 117 113 109 105 106 113 122 122 117 112 110 107 106 108 112 115 118 124 130 131 128 123 118 112 108 107 107 109 113 117 120 123 122 120 117 114 109 105 104 105 109 111 113 116 121 123 124 124 124 123 124 125 123
114 115 118 120 123 125 126 126 124 123 123 123 121 119 116 116 116 116 115 115 112 109 105 104 108 117 125 119 109 105 106 111 115 114 112 113 122 133 136 131 125 120 116 114 111 105 104 108 117 121 119 115 113 110 108 108 110 113 116 121 126 128 126 122 118 115 112 110 109 110 113 116 120 122 122 119 117 114 109 105 103 104 107 109 111 114 118 122 123 124 124 124 125 126 124
114 116 119 121 124 126 128 128 125 123 123 122 120 118 116 115 115 115 116 116 114 111 108 106 108 115 124 122 112 106 105 108 113 116 116 116 121 130 135 131 124 119 115 114 113 107 103 104 111 119 120 117 115 112 108 107 108 112 116 120 123 126 125 123 120 118 114 111 109 110 112 115 118 121 121 119 117 115 110 105 103 103 106 109 111 114 117 121 122 123 123 123 124 125 124
114 116 119 122 124 126 129 129 125 122 121 121 120 118 116 115 114 115 117 118 116 113 109 106 108 114 123 124 116 108 104 106 110 115 118 119 123 129 133 130 123 118 114 112 112 108 102 102 107 114 118 118 116 113 109 106 106 109 115 120 123 124 125 123 121 118 114 110 109 110 113 116 118 120 120 119 118 115 110 104 101 102 105 108 110 113 117 120 121 122 123 123 123 124 123
112 114 118 122 124 126 128 129 125 121 119 120 119 118 116 114 113 116 118 119 116 111 107 106 108 113 121 124 120 110 105 104 107 113 117 120 123 128 132 129 122 116 111 109 110 108 104 102 104 110 115 117 116 115 112 107 105 107 113 119 123 124 124 122 119 117 114 110 109 110 112 115 118 119 119 118 116 113 108 102 100 101 104 107 109 112 115 119 120 121 122 123 123 123 122
112 114 118 122 124 125 127 128 125 120 117 117 118 118 117 115 115 116 117 116 113 110 107 106 108 112 117 123 122 114 106 104 106 111 116 119 122 126 129 126 119 113 109 108 109 109 105 103 103 108 113 116 117 117 115 111 107 107 111 118 123 125 124 122 120 118 115 111 109 109 111 113 116 117 116 116 114 111 107 103 100 101 103 106 109 111 114 117 120 121 123 124 124 124 122
112 114 118 122 124 124 125 126 124 120 117 116 117 118 118 116 114 113 113 113 112 111 109 108 108 111 115 120 123 117 108 104 105 110 115 117 119 123 126 123 118 113 112 113 113 111 108 105 105 108 112 115 117 118 118 115 110 109 112 118 123 125 125 122 120 118 114 110 109 109 111 112 114 115 114 113 112 111 108 103 99 99 102 107 112 114 115 117 120 122 123 124 125 124 123
