project/data/elevation/US_DEM2016/US_DEM2016_point_10-29-2019_1818_30m_vel.asc
ncols	125
nrows	167
xllcorner	-2042055.000000
yllcorner	1465035.000000
cellsize	30.000000
NODATA_value	-9999.000000
[rows 38 to 75 of 167, columns 0 to 83 of 125]
3.20 2.99 2.54 2.23 1.99 1.86 1.77 1.61 1.39 1.24 1.03 1.21 1.26 1.35 1.19 1.33 1.25 1.48 1.56 1.85 2.03 2.08 2.08 2.07 2.08 2.11 2.14 2.16 2.11 2.04 1.98 1.96 1.98 2.04 2.15 2.37 2.59 2.74 2.90 3.08 3.10 2.95 2.80 2.78 2.86 2.89 2.72 2.41 2.16 1.97 1.86 1.80 1.85 1.82 1.64 1.59 1.69 1.97 2.31 2.60 2.64 2.38 2.05 1.83 1.69 1.62 1.57 1.54 1.56 1.69 1.72 1.58 1.58 1.81 1.90 1.89 1.91 2.05 2.29 2.52 2.66 2.65 2.52 2.26
3.26 2.89 2.24 1.87 1.67 1.59 1.50 1.34 1.19 1.11 1.10 1.16 1.30 1.11 1.06 1.22 1.29 1.27 1.57 1.63 1.64 1.58 1.55 1.59 1.73 1.91 2.05 2.16 2.16 2.09 2.04 2.06 2.12 2.24 2.47 2.77 2.92 3.00 3.13 3.27 3.29 3.09 2.89 2.78 2.71 2.62 2.39 2.11 1.93 1.80 1.77 1.79 1.87 1.83 1.69 1.68 1.83 2.10 2.31 2.46 2.42 2.12 1.75 1.59 1.52 1.49 1.45 1.42 1.47 1.61 1.66 1.55 1.55 1.79 1.92 1.84 1.79 1.91 2.17 2.29 2.21 2.13 2.11 2.01
3.17 2.74 2.03 1.64 1.50 1.44 1.38 1.30 1.24 1.26 1.34 1.47 1.54 1.44 0.84 1.15 1.20 1.22 1.33 1.35 1.32 1.32 1.40 1.54 1.75 1.94 2.06 2.13 2.14 2.13 2.15 2.23 2.39 2.66 3.00 3.26 3.37 3.39 3.36 3.27 3.17 2.89 2.66 2.54 2.45 2.43 2.36 2.27 2.15 2.08 2.02 2.01 2.00 1.89 1.77 1.76 1.90 2.09 2.14 2.15 2.09 1.81 1.43 1.28 1.22 1.22 1.28 1.36 1.44 1.52 1.57 1.53 1.60 1.83 1.97 1.85 1.72 1.78 2.07 2.17 1.96 1.82 1.90 2.03
2.98 2.62 2.01 1.69 1.61 1.59 1.53 1.46 1.45 1.56 1.73 1.84 1.72 1.35 1.07 1.04 1.13 1.23 1.26 1.26 1.30 1.42 1.57 1.70 1.82 1.92 1.96 1.98 2.04 2.12 2.28 2.47 2.78 3.12 3.40 3.57 3.62 3.53 3.35 3.09 2.84 2.59 2.36 2.22 2.23 2.24 2.30 2.35 2.39 2.40 2.38 2.23 2.07 1.90 1.73 1.67 1.73 1.79 1.76 1.78 1.79 1.59 1.28 1.17 1.19 1.25 1.32 1.38 1.39 1.44 1.50 1.51 1.62 1.88 2.02 1.86 1.70 1.82 2.12 2.14 1.83 1.65 1.73 2.02
2.84 2.58 2.13 1.89 1.81 1.75 1.66 1.61 1.68 1.84 1.99 1.99 1.68 1.33 1.18 1.20 1.28 1.34 1.39 1.46 1.60 1.73 1.84 1.93 1.99 2.01 1.99 1.97 2.04 2.17 2.45 2.79 3.19 3.47 3.52 3.47 3.40 3.24 2.98 2.70 2.45 2.25 2.03 1.93 1.96 2.03 2.13 2.21 2.29 2.31 2.29 2.15 1.99 1.78 1.61 1.55 1.55 1.52 1.48 1.59 1.68 1.61 1.48 1.48 1.54 1.51 1.44 1.39 1.42 1.50 1.53 1.47 1.54 1.80 1.90 1.70 1.64 1.88 2.18 2.10 1.75 1.63 1.80 2.17
2.76 2.54 2.18 1.99 1.89 1.82 1.78 1.83 1.97 2.09 2.13 1.96 1.58 1.46 1.35 1.39 1.48 1.54 1.65 1.83 1.99 2.09 2.17 2.21 2.21 2.17 2.14 2.14 2.21 2.33 2.65 3.07 3.41 3.48 3.31 3.10 2.94 2.78 2.55 2.35 2.17 1.98 1.76 1.62 1.70 1.88 1.97 1.91 1.82 1.69 1.66 1.74 1.77 1.67 1.58 1.60 1.64 1.64 1.66 1.73 1.81 1.86 1.91 1.95 1.80 1.58 1.53 1.60 1.68 1.62 1.46 1.35 1.43 1.59 1.63 1.52 1.55 1.85 2.12 2.02 1.77 1.81 2.07 2.29
2.69 2.51 2.22 2.08 2.05 2.08 2.14 2.22 2.29 2.30 2.18 1.86 1.51 1.50 1.41 1.49 1.61 1.73 1.91 2.12 2.26 2.34 2.37 2.32 2.24 2.18 2.17 2.21 2.34 2.54 2.93 3.27 3.38 3.20 2.93 2.77 2.63 2.48 2.26 2.06 1.91 1.73 1.51 1.35 1.44 1.74 1.74 1.54 1.33 1.23 1.29 1.44 1.52 1.52 1.62 1.78 1.89 1.95 1.95 1.91 1.96 2.07 2.10 1.96 1.69 1.64 1.79 1.86 1.71 1.39 1.20 1.23 1.37 1.46 1.49 1.52 1.64 1.85 2.03 1.97 1.83 1.93 2.10 2.18
2.70 2.58 2.39 2.32 2.35 2.43 2.48 2.50 2.46 2.36 2.15 1.78 1.53 1.47 1.52 1.63 1.75 1.90 2.10 2.25 2.31 2.32 2.27 2.17 2.11 2.10 2.13 2.24 2.49 2.82 3.20 3.30 3.14 2.84 2.61 2.54 2.42 2.25 2.02 1.81 1.64 1.44 1.19 1.04 1.19 1.54 1.59 1.48 1.40 1.40 1.40 1.36 1.33 1.39 1.62 1.91 2.01 1.98 1.91 1.88 1.95 2.09 2.04 1.88 1.83 1.96 1.95 1.68 1.30 1.11 1.15 1.35 1.49 1.53 1.57 1.71 1.89 2.01 1.92 1.99 1.88 1.88 1.98 2.08
2.82 2.72 2.57 2.53 2.53 2.53 2.50 2.45 2.36 2.22 2.00 1.71 1.63 1.67 1.80 1.90 1.98 2.09 2.20 2.23 2.19 2.13 2.04 1.98 2.01 2.07 2.16 2.37 2.73 3.09 3.28 3.16 2.86 2.60 2.38 2.25 2.13 1.99 1.81 1.62 1.38 1.13 0.93 0.93 1.18 1.54 1.74 1.73 1.67 1.52 1.32 1.21 1.32 1.55 1.77 1.94 1.95 1.87 1.82 1.85 1.93 2.06 2.06 2.01 2.01 1.93 1.58 1.26 1.16 1.29 1.52 1.68 1.75 1.78 1.87 2.03 2.17 2.19 2.16 2.13 1.71 1.93 1.98 2.13
2.95 2.81 2.62 2.52 2.45 2.37 2.27 2.17 2.05 1.92 1.72 1.56 1.57 1.78 1.98 2.10 2.14 2.15 2.14 2.09 2.04 1.98 1.91 1.89 1.95 2.05 2.21 2.53 2.94 3.19 3.13 2.85 2.65 2.45 2.18 1.97 1.85 1.77 1.67 1.53 1.24 1.01 0.97 1.17 1.42 1.72 1.91 1.78 1.47 1.16 1.05 1.24 1.71 2.12 2.18 2.08 2.00 1.93 1.89 1.90 1.93 2.05 2.07 1.99 1.84 1.60 1.40 1.41 1.62 1.86 2.02 2.09 2.12 2.16 2.22 2.34 2.43 2.42 2.41 2.42 2.25 2.07 2.09 2.23
2.99 2.85 2.57 2.39 2.27 2.14 2.00 1.86 1.76 1.62 1.39 1.30 1.36 1.64 1.87 2.00 2.03 2.03 1.99 1.95 1.92 1.88 1.84 1.83 1.89 2.00 2.19 2.59 3.06 3.19 2.95 2.63 2.51 2.32 2.00 1.74 1.64 1.61 1.56 1.40 1.11 0.95 1.04 1.26 1.43 1.67 1.81 1.54 1.17 1.04 1.27 1.88 2.51 2.74 2.61 2.31 2.13 2.02 1.97 1.98 2.01 2.08 2.09 1.99 1.91 1.93 2.12 2.37 2.57 2.70 2.73 2.74 2.75 2.75 2.77 2.83 2.87 2.83 2.77 2.63 2.37 2.14 2.14 2.23
2.99 2.85 2.50 2.26 2.13 2.00 1.85 1.72 1.63 1.42 1.21 1.18 1.26 1.59 1.76 1.84 1.85 1.87 1.86 1.83 1.80 1.76 1.73 1.75 1.81 1.91 2.14 2.65 3.17 3.17 2.80 2.54 2.45 2.25 1.93 1.65 1.53 1.45 1.31 1.04 0.79 0.73 0.86 1.05 1.25 1.51 1.66 1.49 1.31 1.48 2.10 2.81 3.14 3.08 2.76 2.40 2.18 2.07 2.06 2.16 2.21 2.26 2.27 2.34 2.52 2.78 3.07 3.30 3.43 3.48 3.48 3.47 3.46 3.46 3.44 3.40 3.34 3.26 3.07 2.74 2.40 2.18 2.14 2.15
3.05 2.86 2.45 2.21 2.09 1.97 1.85 1.76 1.66 1.43 1.36 1.40 1.55 1.79 1.91 1.89 1.85 1.82 1.77 1.72 1.67 1.63 1.63 1.67 1.74 1.87 2.19 2.81 3.26 3.09 2.59 2.46 2.39 2.18 1.97 1.77 1.56 1.30 0.98 0.71 0.60 0.69 0.91 1.11 1.33 1.57 1.79 1.85 1.93 2.37 3.02 3.37 3.33 2.97 2.61 2.31 2.15 2.10 2.12 2.18 2.25 2.35 2.45 2.63 2.93 3.19 3.36 3.48 3.53 3.54 3.55 3.57 3.59 3.59 3.54 3.45 3.35 3.27 3.10 2.85 2.59 2.37 2.19 2.09
3.13 2.88 2.43 2.22 2.11 1.98 1.87 1.83 1.75 1.58 1.63 1.75 1.95 2.10 2.11 2.03 1.94 1.82 1.71 1.65 1.61 1.58 1.57 1.61 1.71 1.90 2.31 2.93 3.20 2.87 2.40 2.32 2.27 2.13 2.00 1.87 1.56 1.18 0.91 0.80 0.91 1.16 1.38 1.55 1.74 2.03 2.42 2.72 3.00 3.31 3.50 3.45 3.09 2.63 2.35 2.14 2.02 1.95 1.91 1.90 2.00 2.16 2.41 2.64 2.87 2.97 2.92 2.84 2.80 2.83 2.90 2.98 3.02 3.01 2.94 2.85 2.80 2.76 2.70 2.65 2.59 2.51 2.38 2.17
3.14 2.83 2.36 2.16 2.05 1.93 1.85 1.83 1.77 1.69 1.80 1.95 2.13 2.19 2.11 1.99 1.85 1.74 1.66 1.63 1.59 1.54 1.51 1.58 1.75 1.99 2.40 2.90 3.01 2.61 2.25 2.19 2.11 2.02 1.97 1.78 1.47 1.24 1.18 1.31 1.51 1.70 1.87 2.06 2.36 2.82 3.29 3.53 3.59 3.55 3.41 3.10 2.70 2.33 2.11 1.94 1.81 1.68 1.63 1.66 1.82 2.02 2.28 2.52 2.58 2.41 2.18 1.97 1.94 2.03 2.15 2.23 2.24 2.19 2.14 2.07 2.04 2.03 2.04 2.09 2.20 2.30 2.34 2.20
3.02 2.73 2.27 2.04 1.93 1.84 1.83 1.84 1.79 1.74 1.70 1.90 2.06 2.02 1.87 1.71 1.61 1.58 1.55 1.50 1.45 1.42 1.48 1.65 1.87 2.11 2.45 2.79 2.81 2.51 2.26 2.17 2.08 2.01 1.92 1.67 1.40 1.33 1.43 1.65 1.85 2.00 2.17 2.44 2.90 3.43 3.72 3.71 3.48 3.20 2.92 2.65 2.37 2.13 1.96 1.79 1.68 1.58 1.61 1.74 1.92 2.07 2.24 2.39 2.30 2.03 1.80 1.72 1.77 1.86 1.86 1.79 1.72 1.67 1.62 1.56 1.56 1.58 1.58 1.56 1.60 1.69 1.75 1.81
2.85 2.62 2.22 2.00 1.87 1.77 1.76 1.80 1.76 1.68 1.68 1.63 1.77 1.64 1.44 1.32 1.30 1.31 1.32 1.32 1.33 1.40 1.57 1.79 2.00 2.21 2.47 2.71 2.77 2.65 2.44 2.27 2.12 2.01 1.87 1.56 1.29 1.28 1.41 1.61 1.83 2.02 2.26 2.68 3.28 3.66 3.66 3.31 2.85 2.58 2.42 2.30 2.16 2.03 1.90 1.74 1.66 1.66 1.78 1.94 2.05 2.10 2.13 2.18 2.11 1.97 1.90 1.91 1.92 1.85 1.68 1.48 1.38 1.34 1.28 1.23 1.27 1.30 1.23 1.11 1.05 1.04 1.11 1.35
2.73 2.57 2.28 2.08 1.91 1.72 1.58 1.57 1.55 1.49 1.46 1.27 1.36 1.15 0.97 0.88 0.92 0.99 1.11 1.25 1.40 1.58 1.77 1.93 2.09 2.29 2.50 2.70 2.82 2.78 2.51 2.23 2.04 1.90 1.74 1.40 1.17 1.18 1.31 1.48 1.69 1.96 2.32 2.93 3.50 3.63 3.31 2.77 2.39 2.21 2.11 2.05 1.98 1.95 1.84 1.72 1.67 1.72 1.89 1.97 1.93 1.84 1.82 1.92 2.07 2.17 2.16 2.10 1.90 1.63 1.34 1.18 1.17 1.18 1.08 0.96 0.96 0.96 0.82 0.75 0.41 0.94 1.20 1.56
2.75 2.66 2.47 2.25 2.00 1.73 1.49 1.43 1.40 1.36 1.33 1.14 0.98 0.88 0.77 0.76 0.84 1.00 1.22 1.43 1.63 1.83 1.96 2.09 2.25 2.42 2.57 2.74 2.88 2.80 2.42 2.15 2.02 1.89 1.64 1.36 1.26 1.31 1.42 1.56 1.77 2.07 2.54 3.22 3.56 3.41 2.85 2.35 2.05 1.91 1.87 1.84 1.81 1.78 1.70 1.62 1.60 1.64 1.73 1.65 1.50 1.42 1.51 1.81 2.24 2.40 2.26 1.98 1.63 1.33 1.19 1.20 1.25 1.16 0.92 0.69 0.66 0.57 0.72 0.76 1.01 1.41 1.91 2.17
2.89 2.81 2.60 2.35 2.07 1.80 1.63 1.59 1.53 1.41 1.11 1.23 1.11 1.04 1.05 1.13 1.27 1.46 1.62 1.78 1.95 2.11 2.21 2.34 2.50 2.62 2.66 2.80 2.98 2.92 2.64 2.43 2.34 2.15 1.79 1.59 1.63 1.71 1.80 1.91 2.07 2.32 2.83 3.40 3.49 3.02 2.43 1.99 1.76 1.68 1.69 1.68 1.64 1.57 1.52 1.47 1.42 1.37 1.33 1.26 1.24 1.32 1.55 1.98 2.43 2.45 2.08 1.67 1.40 1.34 1.47 1.57 1.44 1.12 0.79 0.74 0.84 0.90 0.98 1.28 1.80 2.38 2.67 2.48
3.04 2.87 2.53 2.29 2.08 1.92 1.85 1.81 1.70 1.49 1.39 1.37 1.39 1.47 1.59 1.72 1.87 2.03 2.14 2.24 2.36 2.42 2.49 2.63 2.76 2.75 2.74 2.92 3.13 3.05 2.84 2.68 2.54 2.31 1.99 1.82 1.85 1.95 2.06 2.17 2.30 2.54 3.00 3.33 3.17 2.56 2.03 1.72 1.55 1.51 1.55 1.53 1.46 1.42 1.38 1.34 1.26 1.20 1.22 1.32 1.49 1.70 1.95 2.28 2.51 2.36 1.88 1.60 1.59 1.75 1.88 1.76 1.36 0.97 0.86 1.01 1.20 1.38 1.68 2.13 2.67 2.97 2.89 2.49
3.14 2.84 2.36 2.15 2.06 2.03 1.99 1.90 1.70 1.47 1.00 1.47 1.61 1.84 2.00 2.15 2.29 2.43 2.55 2.61 2.62 2.63 2.71 2.85 2.87 2.76 2.79 3.04 3.15 2.94 2.60 2.38 2.21 2.05 1.91 1.86 1.86 1.95 2.09 2.25 2.42 2.63 2.95 3.06 2.71 2.11 1.68 1.46 1.34 1.34 1.35 1.33 1.31 1.33 1.34 1.33 1.29 1.33 1.48 1.65 1.86 2.12 2.37 2.59 2.58 2.34 1.95 1.89 2.07 2.17 2.00 1.60 1.19 1.11 1.32 1.58 1.84 2.14 2.53 2.92 3.13 3.03 2.61 2.16
3.17 2.83 2.26 2.01 1.93 1.91 1.88 1.79 1.59 1.38 1.34 1.41 1.60 1.85 2.06 2.18 2.29 2.39 2.44 2.45 2.46 2.55 2.71 2.78 2.64 2.54 2.73 3.06 3.06 2.74 2.38 2.07 1.88 1.78 1.77 1.85 1.97 2.07 2.17 2.26 2.37 2.48 2.65 2.67 2.36 1.79 1.40 1.26 1.24 1.23 1.18 1.18 1.24 1.32 1.42 1.50 1.55 1.64 1.76 1.88 2.11 2.45 2.76 2.90 2.73 2.44 2.25 2.28 2.39 2.31 1.95 1.60 1.51 1.78 2.14 2.45 2.74 3.00 3.21 3.26 3.09 2.70 2.26 1.98
3.19 2.80 2.15 1.85 1.70 1.62 1.60 1.54 1.39 1.23 1.17 1.20 1.34 1.53 1.67 1.74 1.80 1.81 1.73 1.72 1.92 2.21 2.37 2.26 2.00 2.10 2.61 3.02 2.97 2.67 2.42 2.24 2.08 1.98 1.91 1.96 2.10 2.19 2.20 2.16 2.12 2.15 2.32 2.46 2.24 1.71 1.38 1.37 1.41 1.36 1.30 1.33 1.37 1.39 1.52 1.66 1.80 1.96 2.07 2.27 2.59 2.96 3.14 3.09 2.80 2.51 2.45 2.58 2.64 2.49 2.28 2.22 2.44 2.76 3.01 3.21 3.37 3.43 3.37 3.12 2.77 2.39 2.09 1.88
3.11 2.67 2.00 1.69 1.53 1.43 1.36 1.28 1.14 0.96 0.84 0.81 0.91 1.05 1.14 1.17 1.17 1.12 1.14 1.29 1.57 1.85 1.88 1.65 1.53 1.90 2.65 3.05 2.93 2.55 2.39 2.35 2.31 2.26 2.14 2.06 2.06 2.07 1.98 1.86 1.80 1.94 2.26 2.53 2.41 2.07 1.86 1.88 1.91 1.87 1.83 1.79 1.67 1.54 1.57 1.68 1.83 2.05 2.33 2.71 3.11 3.27 3.19 2.88 2.48 2.31 2.47 2.68 2.77 2.72 2.75 2.93 3.16 3.29 3.35 3.38 3.37 3.26 3.00 2.71 2.45 2.20 1.98 1.65
2.93 2.56 1.94 1.62 1.46 1.34 1.24 1.11 0.92 0.74 0.57 0.50 0.63 0.81 0.93 0.94 1.05 0.92 1.05 1.30 1.57 1.72 1.64 1.46 1.51 2.07 2.84 3.11 2.86 2.37 2.18 2.17 2.20 2.22 2.11 1.90 1.73 1.63 1.59 1.55 1.63 1.97 2.46 2.77 2.70 2.48 2.37 2.34 2.34 2.30 2.19 2.03 1.83 1.64 1.62 1.71 1.87 2.16 2.55 2.98 3.17 3.06 2.74 2.29 2.03 2.11 2.46 2.68 2.66 2.65 2.78 2.97 3.08 3.08 3.03 2.94 2.82 2.63 2.43 2.26 2.10 1.95 1.81 1.64
2.80 2.53 2.02 1.69 1.51 1.36 1.20 0.99 0.87 0.78 0.63 0.62 0.74 0.88 0.97 0.99 1.20 1.10 1.24 1.40 1.56 1.69 1.70 1.65 1.84 2.43 3.02 3.13 2.74 2.20 1.93 1.87 1.92 1.94 1.85 1.67 1.46 1.35 1.38 1.53 1.81 2.27 2.75 2.95 2.79 2.55 2.47 2.48 2.45 2.32 2.09 1.92 1.78 1.69 1.71 1.81 2.01 2.34 2.73 2.96 2.83 2.47 2.12 1.82 1.82 2.13 2.52 2.60 2.41 2.36 2.46 2.53 2.52 2.49 2.44 2.33 2.18 2.01 1.86 1.76 1.66 1.58 1.50 1.42
2.76 2.52 2.10 1.82 1.63 1.43 1.19 0.99 0.99 0.98 0.99 1.07 1.14 1.16 1.16 1.20 1.32 1.45 1.52 1.60 1.67 1.80 1.96 2.09 2.33 2.80 3.17 3.14 2.72 2.14 1.82 1.68 1.63 1.63 1.62 1.62 1.60 1.64 1.75 1.94 2.25 2.62 2.92 2.95 2.70 2.44 2.40 2.43 2.34 2.16 1.98 1.86 1.78 1.75 1.78 1.86 2.07 2.41 2.74 2.73 2.38 2.04 1.79 1.63 1.73 2.09 2.49 2.48 2.21 2.13 2.17 2.13 2.06 2.02 1.96 1.87 1.72 1.54 1.36 1.27 1.22 1.14 1.06 0.99
2.74 2.50 2.10 1.83 1.66 1.45 1.22 1.16 1.23 1.33 1.47 1.52 1.48 1.41 1.39 1.43 1.57 1.71 1.77 1.83 1.91 2.08 2.30 2.51 2.76 3.14 3.38 3.23 2.79 2.27 1.94 1.74 1.63 1.62 1.62 1.74 1.95 2.16 2.29 2.39 2.53 2.72 2.87 2.84 2.59 2.36 2.30 2.25 2.13 2.03 1.97 1.90 1.83 1.76 1.83 1.95 2.20 2.54 2.68 2.42 2.00 1.77 1.58 1.47 1.61 2.07 2.50 2.45 2.13 1.99 1.96 1.87 1.79 1.72 1.60 1.50 1.36 1.19 1.00 0.85 0.77 0.68 0.55 0.49
2.74 2.49 2.07 1.78 1.60 1.42 1.32 1.37 1.63 1.70 1.86 1.86 1.78 1.70 1.66 1.67 1.76 1.89 1.99 2.07 2.17 2.34 2.48 2.70 3.05 3.46 3.56 3.29 2.82 2.44 2.19 2.02 1.96 1.93 1.86 1.94 2.13 2.28 2.33 2.34 2.41 2.59 2.72 2.67 2.48 2.24 2.12 1.98 1.86 1.84 1.85 1.85 1.85 1.79 1.91 2.08 2.37 2.55 2.39 1.98 1.70 1.55 1.39 1.42 1.73 2.26 2.51 2.35 2.00 1.83 1.76 1.68 1.60 1.50 1.36 1.23 1.07 0.88 0.43 0.41 0.38 0.33 0.30 0.38
2.75 2.47 1.99 1.69 1.49 1.35 1.32 1.38 1.51 1.72 1.88 1.94 1.96 1.97 1.96 1.95 1.97 2.07 2.19 2.26 2.32 2.46 2.59 2.86 3.28 3.56 3.51 3.13 2.70 2.45 2.34 2.30 2.29 2.19 2.05 2.03 2.04 2.02 2.01 2.10 2.27 2.46 2.55 2.50 2.34 2.13 1.95 1.78 1.64 1.59 1.59 1.65 1.74 1.81 1.92 2.10 2.29 2.25 1.87 1.60 1.52 1.41 1.38 1.60 1.97 2.27 2.33 2.08 1.73 1.55 1.47 1.36 1.27 1.23 1.14 0.96 0.71 0.39 0.24 0.21 0.31 0.35 0.41 0.71
2.72 2.41 1.85 1.57 1.39 1.27 1.22 1.18 1.19 1.32 1.46 1.65 1.86 2.05 2.18 2.21 2.20 2.23 2.32 2.39 2.45 2.57 2.74 3.07 3.37 3.42 3.18 2.81 2.45 2.27 2.24 2.27 2.28 2.16 2.03 1.95 1.89 1.87 1.96 2.13 2.29 2.37 2.38 2.38 2.34 2.17 1.93 1.66 1.41 1.27 1.28 1.41 1.59 1.63 1.82 1.94 1.95 1.70 1.40 1.34 1.32 1.22 1.32 1.59 1.79 1.91 1.96 1.80 1.48 1.26 1.17 1.07 1.01 0.97 0.83 0.56 0.31 0.18 0.21 0.36 0.59 0.72 0.90 1.27
2.65 2.31 1.75 1.50 1.34 1.21 1.16 1.05 0.97 1.00 1.10 1.28 1.57 1.90 2.17 2.30 2.33 2.35 2.44 2.55 2.62 2.72 2.95 3.25 3.35 3.16 2.83 2.47 2.15 1.95 1.88 1.90 1.96 1.97 1.95 1.89 1.86 1.93 2.08 2.22 2.29 2.27 2.25 2.35 2.39 2.17 1.77 1.38 1.17 1.16 1.31 1.54 1.72 1.73 1.63 1.60 1.42 1.18 1.07 1.08 1.04 0.97 1.07 1.28 1.46 1.63 1.77 1.71 1.45 1.25 1.19 1.11 0.98 0.81 0.57 0.34 0.25 0.37 0.62 0.90 1.14 1.34 1.53 1.89
2.57 2.25 1.74 1.49 1.31 1.22 1.20 1.13 1.06 1.05 1.13 1.29 1.53 1.79 2.02 2.19 2.31 2.42 2.56 2.73 2.86 2.99 3.25 3.44 3.32 2.96 2.58 2.25 1.96 1.77 1.70 1.72 1.73 1.76 1.81 1.83 1.84 1.91 2.05 2.20 2.18 2.09 2.10 2.27 2.31 1.95 1.50 1.33 1.42 1.64 1.86 2.01 1.98 1.77 1.48 1.37 1.21 1.11 1.10 1.08 1.03 1.03 1.15 1.34 1.63 1.88 1.99 1.92 1.76 1.66 1.58 1.40 1.08 0.76 0.54 0.49 0.61 0.88 1.18 1.49 1.81 2.07 2.30 2.71
2.51 2.19 1.73 1.46 1.29 1.27 1.29 1.33 1.40 1.46 1.51 1.62 1.80 1.96 2.06 2.19 2.36 2.57 2.76 2.96 3.17 3.31 3.47 3.50 3.23 2.80 2.45 2.24 2.04 1.97 1.97 1.95 1.83 1.75 1.76 1.77 1.79 1.87 2.00 2.02 1.90 1.82 1.91 2.17 2.24 1.98 1.83 2.00 2.24 2.36 2.38 2.29 2.06 1.75 1.59 1.57 1.57 1.58 1.56 1.53 1.54 1.64 1.83 2.11 2.40 2.48 2.30 2.09 1.97 1.87 1.65 1.32 0.96 0.76 0.75 0.90 1.11 1.41 1.83 2.34 2.80 3.10 3.33 3.65
2.43 2.14 1.71 1.44 1.33 1.36 1.41 1.54 1.73 1.90 2.02 2.15 2.26 2.28 2.30 2.41 2.60 2.86 3.09 3.26 3.42 3.51 3.50 3.35 3.01 2.67 2.46 2.35 2.27 2.24 2.26 2.22 2.10 2.03 1.98 1.87 1.83 1.88 1.89 1.78 1.71 1.77 1.95 2.24 2.40 2.37 2.38 2.50 2.56 2.50 2.39 2.21 2.01 1.81 1.76 1.83 1.88 1.92 1.98 2.05 2.13 2.31 2.54 2.73 2.74 2.49 2.07 1.86 1.78 1.58 1.24 0.94 0.81 0.87 1.08 1.35 1.62 2.05 2.70 3.37 3.80 4.01 4.05 4.02
2.36 2.11 1.70 1.47 1.42 1.43 1.47 1.67 1.98 2.28 2.52 2.67 2.70 2.66 2.66 2.77 2.98 3.25 3.44 3.46 3.45 3.43 3.30 3.04 2.74 2.54 2.46 2.40 2.34 2.30 2.28 2.24 2.17 2.12 2.04 1.92 1.87 1.85 1.80 1.78 1.86 1.95 2.09 2.35 2.53 2.48 2.35 2.25 2.12 2.00 1.92 1.88 1.87 1.85 1.82 1.82 1.86 1.95 2.06 2.17 2.32 2.54 2.68 2.62 2.29 1.78 1.43 1.44 1.44 1.20 0.94 0.87 0.98 1.22 1.54 1.84 2.18 2.74 3.48 3.96 4.10 4.07 3.92 3.65
2.32 2.08 1.71 1.52 1.50 1.50 1.59 1.91 2.33 2.64 2.78 2.79 2.76 2.78 2.91 3.13 3.39 3.59 3.60 3.42 3.23 3.09 2.93 2.70 2.50 2.41 2.35 2.30 2.26 2.24 2.19 2.09 1.94 1.82 1.75 1.74 1.77 1.79 1.78 1.79 1.80 1.86 2.03 2.33 2.47 2.30 2.03 1.82 1.69 1.61 1.59 1.64 1.70 1.71 1.71 1.73 1.80 1.88 1.95 2.05 2.25 2.44 2.35 1.95 1.42 1.06 1.03 1.20 1.24 1.12 1.07 1.17 1.43 1.77 2.13 2.46 2.85 3.42 3.85 3.93 3.60 3.16 2.84 2.65
