project/data/elevation/US_DEM2016/US_DEM2016_point_11-01-2019_1119_30m_ang.asc
ncols	125
nrows	167
xllcorner	-2042055.000000
yllcorner	1465035.000000
cellsize	30.000000
NODATA_value	-9999.000000
[rows 84 to 125 of 167, columns 0 to 93 of 125]
279 281 283 282 281 282 284 285 286 286 286 284 281 278 276 273 270 267 264 265 266 264 264 265 266 265 263 262 263 266 270 274 279 284 287 287 282 280 281 281 278 275 272 270 269 268 267 268 271 275 279 283 286 291 303 312 307 296 290 286 284 283 283 282 282 283 284 284 282 279 275 269 270 272 280 282 280 277 274 271 270 273 281 279 272 266 261 259 264 273 277 280 283 282
278 280 284 284 283 284 285 286 286 285 284 282 279 276 274 271 267 263 261 262 263 263 265 267 268 268 267 267 267 268 269 270 274 280 287 294 293 287 284 281 276 273 273 272 272 271 271 271 272 274 277 280 283 288 300 312 310 300 293 289 286 284 282 280 279 281 286 286 283 279 274 264 266 268 274 279 279 277 275 273 271 271 277 281 276 270 264 261 262 268 273 276 276 274
278 280 285 287 285 285 285 285 285 284 282 280 278 275 271 267 263 259 259 261 264 267 270 272 272 273 273 271 271 271 271 270 270 274 283 298 303 291 283 277 274 275 275 274 274 275 274 275 275 275 276 277 279 284 295 310 312 302 294 289 285 282 281 279 278 280 286 288 283 279 274 268 265 264 266 271 274 275 275 275 274 272 274 279 279 274 269 264 263 266 270 272 271 268
277 279 285 288 286 284 283 283 283 283 281 279 276 272 267 261 257 256 259 263 267 272 274 276 276 276 275 273 272 273 275 273 270 271 278 293 302 292 279 274 274 275 274 275 275 276 277 276 276 276 276 277 277 280 289 305 311 302 293 287 283 281 281 279 277 278 285 288 284 280 276 272 268 265 263 263 265 268 271 274 274 272 272 276 280 277 271 267 266 268 270 270 268 267
276 278 283 286 284 282 281 282 283 283 281 277 273 268 261 256 256 260 263 265 268 273 276 278 278 278 275 272 271 272 275 276 273 271 273 283 294 288 277 273 273 273 273 274 276 276 275 275 275 276 276 277 277 278 284 298 308 303 293 287 285 283 281 279 277 277 283 290 286 282 279 276 273 268 265 263 263 264 267 268 269 269 271 274 277 276 272 271 271 272 272 270 267 267
276 278 282 284 283 282 283 283 283 281 278 274 269 263 258 259 263 266 267 267 269 273 277 279 278 276 274 273 272 273 275 278 278 273 271 274 284 284 277 273 272 272 273 274 274 274 273 272 272 274 275 275 277 279 284 295 306 304 296 290 287 283 280 278 276 277 282 292 290 284 281 278 275 273 270 268 267 267 266 265 265 267 270 272 272 271 271 274 275 275 274 271 269 270
277 279 282 285 285 285 285 284 282 278 273 268 263 259 260 265 269 270 270 271 273 275 276 277 275 273 273 274 275 275 276 278 281 277 272 272 278 281 276 274 274 274 274 273 272 271 270 269 270 271 274 275 278 282 288 297 306 306 298 291 287 282 279 277 276 277 281 292 292 286 281 277 275 274 275 275 273 271 269 267 267 268 270 269 267 266 269 274 276 275 274 274 276 278
278 280 284 287 287 286 285 282 278 273 267 261 257 257 261 266 271 273 273 274 275 275 275 273 271 271 272 274 275 275 276 277 281 281 276 272 273 275 276 276 276 276 275 274 272 270 269 268 268 270 272 277 282 285 288 296 305 305 297 290 285 281 278 276 275 276 280 291 293 287 280 276 273 274 278 281 277 275 273 272 271 270 271 269 267 267 268 270 272 274 275 278 282 284
278 280 285 288 288 287 283 279 273 267 261 256 255 257 260 265 270 274 275 276 276 275 273 271 271 270 271 272 272 274 275 277 281 285 282 276 270 272 276 278 278 278 278 277 275 272 269 268 269 270 272 277 282 284 286 291 300 302 295 288 282 279 276 275 274 275 279 290 294 287 279 274 272 272 278 284 280 277 275 275 274 272 271 270 270 270 269 268 268 272 276 280 284 284
278 280 285 288 288 285 280 274 268 262 257 255 256 259 262 266 270 273 275 277 277 275 273 271 271 272 272 272 273 275 276 278 281 285 286 280 273 274 278 279 280 280 281 281 279 275 271 269 270 272 273 275 277 280 283 288 296 298 291 283 279 277 276 274 274 275 279 288 294 288 280 274 271 270 274 282 281 277 275 277 276 272 270 270 271 272 271 269 270 272 276 280 282 281
278 280 285 287 285 281 275 269 264 260 257 257 260 263 266 268 271 273 275 277 277 276 274 272 271 273 275 276 276 276 276 278 280 283 286 284 279 280 282 282 283 283 283 282 280 277 273 271 271 272 274 274 274 276 281 286 292 293 288 281 278 277 277 276 275 275 278 285 293 289 281 274 270 267 268 274 278 276 274 276 277 274 270 269 271 272 273 274 274 275 277 279 280 279
278 280 283 283 279 274 270 265 262 261 262 263 265 268 271 272 274 276 277 278 278 277 274 271 270 273 276 278 277 275 275 275 277 280 285 288 288 286 286 285 284 284 283 281 279 277 275 273 272 273 274 274 274 275 277 282 287 289 287 282 280 279 279 277 275 274 276 284 293 291 283 275 268 263 262 268 273 273 272 275 277 275 271 269 271 274 276 276 277 277 278 279 280 281
277 279 280 278 274 270 267 264 264 266 268 270 271 273 275 277 278 279 280 279 276 273 270 270 271 273 275 276 275 273 272 273 276 280 287 296 296 291 288 286 284 282 280 279 278 277 276 275 274 274 274 274 274 275 275 276 281 285 285 283 281 281 280 279 276 274 275 282 293 294 285 275 265 259 259 264 269 270 270 273 276 275 272 272 276 279 279 278 278 278 279 280 281 282
276 277 278 276 273 269 267 266 267 269 273 276 277 278 279 280 281 281 279 275 270 266 268 272 274 274 274 274 273 272 272 273 276 281 290 302 302 293 288 286 283 280 277 276 276 275 275 274 273 272 273 274 274 274 274 275 278 281 282 282 281 282 281 280 277 274 274 279 291 295 286 275 264 258 257 261 265 266 269 273 275 275 274 277 282 285 283 280 279 279 280 281 283 284
275 276 278 277 274 271 270 270 271 272 275 279 281 282 282 282 280 277 272 266 263 264 269 274 277 278 277 276 275 274 274 273 273 278 288 303 304 294 288 284 280 276 275 275 274 274 273 272 270 268 270 273 274 274 275 277 279 280 281 282 282 281 280 279 276 274 273 277 286 293 288 278 267 261 259 259 260 263 268 273 274 275 277 281 284 287 284 281 280 280 281 282 285 286
275 276 278 279 278 276 276 276 277 277 278 281 283 284 283 280 275 270 265 261 261 266 272 276 279 280 279 278 277 276 275 272 271 273 282 298 303 294 286 280 275 274 275 275 275 275 274 272 268 265 266 269 272 276 279 282 283 282 282 282 281 280 278 276 274 272 272 275 283 291 292 284 275 268 263 260 260 263 269 272 273 275 278 281 283 285 283 282 281 281 281 282 284 286
276 277 280 283 284 284 283 282 281 281 281 282 284 283 280 275 269 263 260 260 266 271 274 277 279 280 279 278 278 277 275 272 270 271 277 292 299 292 283 277 276 277 277 277 276 276 275 273 269 267 266 266 270 276 282 286 286 286 285 283 281 279 277 275 273 271 270 273 280 289 296 291 282 275 270 266 265 267 269 270 271 274 277 277 277 280 282 283 282 282 281 281 281 282
276 277 280 285 288 288 286 285 283 282 282 282 282 279 275 269 262 257 258 263 270 274 276 277 278 278 277 276 276 276 275 274 272 271 274 286 296 291 284 281 281 280 279 278 277 276 275 273 272 270 269 267 268 273 280 287 290 291 290 285 282 279 277 275 273 271 271 273 278 287 297 295 286 279 274 272 271 271 270 269 270 271 272 271 272 277 282 283 283 281 280 279 279 279
275 277 280 284 288 289 286 284 282 282 282 281 279 275 269 260 255 256 261 267 271 274 275 276 275 274 274 273 273 274 275 275 274 273 275 283 293 295 290 287 285 282 280 279 278 276 274 272 272 272 271 270 269 270 275 286 292 295 294 289 284 281 279 277 275 273 272 272 276 284 294 296 289 282 277 274 272 272 271 270 269 269 268 267 270 275 280 282 282 281 279 279 278 278
276 277 279 282 285 286 285 283 282 283 282 280 275 269 261 256 257 262 267 270 272 274 275 274 272 271 270 269 270 271 274 275 275 275 278 285 296 299 294 288 284 281 279 279 278 276 273 271 269 270 271 272 271 270 272 283 294 297 297 293 287 283 280 277 275 273 271 271 274 281 291 296 292 284 278 274 271 270 271 273 272 270 269 269 270 273 277 280 280 280 279 279 279 280
276 277 278 279 282 283 283 283 283 283 280 275 268 259 257 261 268 272 273 274 275 275 275 275 274 270 267 265 266 269 272 274 276 278 281 288 298 301 294 286 282 279 279 279 278 275 272 268 265 266 269 271 272 270 272 281 294 299 300 296 290 285 281 277 275 272 270 269 271 277 287 295 294 287 281 275 270 268 269 273 275 274 273 272 271 272 274 276 278 278 279 279 279 280
275 276 276 277 279 280 281 282 281 278 273 266 260 256 259 268 277 280 279 278 278 277 276 277 270 273 268 265 266 269 271 273 275 278 281 288 297 301 294 286 281 279 279 279 278 275 270 266 264 264 266 266 267 270 275 284 296 302 302 299 292 285 280 277 275 274 271 268 268 273 281 291 294 290 283 276 270 267 267 270 273 274 274 275 274 273 273 274 276 278 279 279 280 281
274 274 275 276 276 277 277 278 275 271 265 262 259 261 269 276 281 283 283 281 279 278 278 278 277 275 272 270 270 271 272 273 274 275 278 284 294 300 296 287 281 279 280 280 279 276 271 266 263 262 261 260 264 272 279 288 298 304 304 300 294 286 280 278 277 275 273 269 267 269 276 286 291 290 285 276 270 267 265 266 268 270 273 276 277 276 275 275 276 278 280 282 283 283
275 275 275 275 274 273 272 272 270 267 265 265 267 274 281 284 285 284 282 281 280 280 280 279 277 275 274 274 274 273 273 273 273 273 275 280 288 297 295 288 283 282 281 279 278 276 273 268 264 260 257 259 266 273 280 287 296 303 304 300 294 288 283 280 278 276 274 271 268 268 272 281 287 288 284 278 272 268 265 264 266 268 272 275 278 279 278 278 279 280 282 284 284 284
276 276 276 275 273 271 270 269 269 270 271 274 280 286 288 289 288 285 283 282 282 282 282 280 277 275 274 273 274 274 273 273 273 273 274 277 283 292 294 289 286 283 280 277 276 275 274 270 265 260 257 260 266 272 278 284 292 301 304 301 296 291 285 281 278 276 274 272 270 268 270 276 282 284 282 278 273 269 266 265 267 270 272 274 276 279 280 280 280 282 283 284 283 282
276 276 277 276 274 273 272 272 272 275 279 284 288 290 290 289 289 287 285 284 283 283 282 279 276 274 273 272 271 271 271 271 272 273 275 277 280 286 290 288 285 280 277 275 275 275 275 273 268 263 261 263 266 269 274 279 287 298 304 302 297 292 286 281 278 276 274 273 272 270 270 272 277 280 280 278 274 269 267 266 269 272 274 273 274 277 280 280 281 282 283 283 282 279
275 276 277 277 277 276 276 277 278 281 284 288 289 288 286 284 284 285 284 283 282 282 280 277 274 273 273 272 270 269 269 269 270 272 274 277 280 283 285 283 280 276 275 275 276 276 277 275 272 268 267 267 268 268 270 275 282 292 301 302 298 292 287 282 277 274 273 273 273 272 271 271 274 277 278 277 274 270 267 267 269 272 274 274 273 275 278 279 280 281 282 282 281 279
275 275 277 279 280 279 280 282 284 286 286 286 285 283 281 279 279 281 281 280 280 279 279 276 273 272 273 272 270 270 270 271 272 272 273 276 279 282 281 279 277 276 276 277 278 278 278 277 274 272 272 272 271 270 270 272 277 285 294 299 297 293 287 282 276 272 272 273 274 274 272 270 272 275 277 276 274 270 268 267 269 272 274 274 274 274 276 278 278 279 280 281 280 278
275 275 278 280 283 283 284 285 287 287 285 283 281 279 277 275 275 277 279 279 278 279 279 276 273 272 271 270 269 270 272 273 274 273 273 274 277 282 281 279 279 278 279 280 280 279 278 277 275 274 274 274 273 272 271 272 274 278 285 292 295 292 286 280 275 272 273 274 275 274 272 271 271 274 275 275 273 271 269 268 270 273 275 276 275 274 274 276 278 278 278 279 278 277
276 276 279 282 285 286 286 286 285 283 282 279 277 275 273 271 273 276 278 278 278 279 280 278 276 274 272 269 268 268 269 271 273 275 274 274 276 281 283 282 281 280 280 280 281 279 277 276 276 274 273 273 272 272 272 272 272 274 280 287 291 289 284 279 276 274 274 274 274 273 271 271 271 273 274 273 272 271 269 269 270 272 274 276 276 274 274 276 277 278 278 277 277 276
276 277 279 282 286 288 286 283 281 278 276 274 273 271 269 271 274 278 279 280 279 278 279 281 280 277 274 270 268 268 267 267 270 274 275 275 276 281 284 284 282 281 280 280 279 279 277 276 276 274 273 272 270 269 270 271 272 274 279 284 288 288 284 280 277 276 275 274 273 271 271 271 271 272 273 272 271 270 269 270 270 271 273 274 275 275 277 278 278 278 278 277 277 276
276 277 279 282 285 287 285 280 276 273 271 270 270 270 272 275 278 281 283 283 280 277 276 281 284 280 275 271 270 270 269 267 267 269 272 275 279 285 287 285 284 283 281 278 276 276 276 276 277 276 274 272 269 267 266 268 271 274 279 284 287 288 286 281 279 277 275 273 271 271 271 271 271 272 272 271 270 269 269 269 268 269 270 272 274 278 280 280 279 279 279 279 278 277
275 276 278 281 284 285 283 279 275 272 270 270 272 275 279 282 284 285 286 285 279 273 271 278 284 282 276 272 271 272 272 270 267 266 268 274 282 289 290 287 285 283 281 277 274 272 274 277 280 280 278 274 270 267 265 265 268 273 279 284 287 288 287 284 280 278 275 272 270 270 271 271 271 271 271 271 270 269 269 267 266 267 269 270 275 280 282 281 280 280 280 280 280 279
275 276 278 280 282 283 282 279 276 275 274 275 278 282 285 286 286 285 284 282 277 271 269 272 280 284 280 273 271 271 274 274 270 267 268 272 279 288 289 286 284 283 281 277 273 270 271 277 283 283 280 277 272 268 266 266 267 271 276 282 286 287 287 285 281 278 274 271 269 270 271 272 272 272 271 271 271 270 269 268 267 268 269 271 275 280 282 282 281 281 280 281 281 280
275 276 277 279 280 281 281 279 279 279 279 281 284 286 286 286 284 282 280 278 276 273 270 271 275 282 282 276 271 270 272 276 276 272 269 270 275 284 286 284 283 283 281 278 273 269 268 275 284 285 282 278 274 270 268 268 269 270 272 277 283 285 284 283 280 276 273 270 269 270 270 272 273 273 273 272 272 272 271 270 270 269 270 273 274 276 279 280 280 280 280 281 281 281
275 276 277 279 280 281 281 280 280 282 284 286 286 286 284 282 280 279 278 276 276 275 272 271 273 278 283 278 272 269 269 273 278 276 272 271 273 280 284 284 283 282 281 278 274 269 267 271 281 286 283 279 276 273 270 269 270 271 271 273 277 281 281 280 277 274 271 271 271 271 271 271 273 274 274 274 274 273 273 273 271 271 271 273 273 273 276 278 279 280 281 281 281 282
275 277 278 280 280 281 282 282 282 284 286 287 286 284 281 279 278 277 275 274 274 274 273 272 273 276 283 281 275 270 268 269 275 278 276 273 273 279 284 284 283 282 280 278 273 269 268 270 277 284 284 281 279 276 273 270 269 269 271 272 273 276 277 276 275 273 273 273 272 272 271 271 272 273 274 275 275 274 274 273 271 270 271 272 272 272 274 277 278 279 280 280 281 283
276 278 280 280 281 282 283 284 283 285 286 287 285 283 281 279 277 275 272 272 273 273 273 273 272 275 282 283 277 272 268 268 270 274 276 274 275 280 285 285 283 282 280 276 271 269 268 269 273 281 285 284 282 279 275 271 268 268 270 271 272 273 275 275 275 276 275 274 273 272 271 271 271 272 273 274 275 275 275 273 271 270 270 271 271 272 275 277 277 278 280 281 282 283
276 278 280 281 282 284 286 287 286 285 286 286 285 283 280 277 275 273 273 274 275 275 274 272 271 274 281 284 279 273 270 268 269 271 273 275 277 281 285 286 284 282 278 272 269 269 269 269 271 278 284 286 284 281 277 272 268 268 269 270 271 273 275 277 278 278 277 275 273 271 270 270 270 271 272 273 275 276 275 272 270 269 270 271 271 272 275 277 277 278 280 281 282 283
275 277 280 282 283 285 288 291 289 286 284 283 283 282 278 275 274 275 276 277 276 275 273 272 271 273 278 283 281 275 270 268 268 270 273 275 277 281 285 286 284 280 273 267 267 270 270 269 270 274 280 284 284 283 279 274 270 269 268 269 272 274 275 276 277 278 277 275 273 271 269 269 269 270 271 273 275 275 273 270 269 269 270 272 273 273 274 276 277 279 280 282 282 283
275 276 279 282 284 285 288 291 290 285 281 280 280 279 276 275 276 276 277 276 275 274 274 273 272 272 275 280 282 277 271 269 268 270 274 276 277 280 284 285 281 275 268 265 267 270 270 269 269 271 276 280 283 283 281 277 273 270 269 270 272 274 275 276 277 278 278 276 274 272 269 268 267 268 270 272 273 273 271 269 268 268 269 272 274 274 275 277 278 280 281 282 282 282
275 276 278 282 284 285 287 289 289 285 280 279 278 277 277 277 276 275 273 273 273 274 275 275 275 273 273 277 280 278 273 269 268 270 274 276 277 279 282 282 278 272 268 267 268 269 270 270 269 271 274 277 280 282 283 280 275 271 270 271 273 275 277 278 279 279 278 275 273 271 269 267 265 265 268 270 272 272 271 269 268 267 268 271 274 275 275 278 280 281 282 282 282 282
