project/data/elevation/US_DEM2016/US_DEM2016_point_10-29-2019_1010_30m_ang.asc
ncols	125
nrows	167
xllcorner	-2042055.000000
yllcorner	1465035.000000
cellsize	30.000000
NODATA_value	-9999.000000
[rows 42 to 83 of 167, columns 0 to 94 of 125]
104 104 105 108 109 110 112 116 119 121 123 125 128 128 121 116 114 114 116 123 127 126 124 123 122 120 117 115 114 112 110 112 118 126 129 128 127 124 119 115 116 122 124 114 104 102 106 113 117 119 122 128 133 134 131 127 121 115 107 97 95 97 102 107 111 113 113 114 116 117 118 118 117 113 110 114 123 122 116 114 121 126 122 117 111 107 109 116 121 122 122 123 126 131 136
104 104 106 108 110 111 114 118 121 123 125 127 133 132 121 116 115 115 118 125 131 132 129 127 126 123 120 118 117 116 114 114 117 122 123 122 122 122 119 114 112 115 122 116 105 101 103 109 112 113 114 119 127 135 135 128 122 117 111 102 98 100 105 110 113 113 113 115 117 118 116 114 113 111 108 111 118 120 116 115 122 128 125 120 113 106 105 110 116 120 120 121 124 130 134
105 105 107 110 113 115 117 120 123 125 126 129 137 132 119 115 116 117 120 126 131 132 130 128 126 123 121 119 118 119 118 117 115 118 119 117 117 120 121 117 111 111 116 114 104 99 99 103 108 110 112 116 122 132 135 130 125 121 116 107 102 102 106 109 110 112 115 117 116 113 110 109 109 109 108 110 115 118 117 117 123 128 125 120 114 107 103 104 110 115 117 117 119 126 130
105 107 109 113 116 118 119 121 123 125 126 131 140 132 120 118 118 119 122 125 128 129 127 126 124 122 121 119 119 121 119 121 112 116 119 115 112 114 118 118 113 108 109 109 103 98 97 102 108 113 115 116 120 128 135 133 127 123 118 110 103 102 103 106 110 114 115 114 109 106 106 107 109 109 109 111 114 118 119 120 126 129 126 121 116 109 102 101 105 111 115 116 117 120 124
105 107 110 113 115 117 118 118 120 122 126 135 142 133 125 122 121 121 121 123 125 126 125 125 124 122 121 120 120 120 118 112 109 112 118 116 110 108 111 115 113 107 105 106 103 99 100 105 110 112 111 112 117 126 135 137 131 125 120 112 104 101 102 106 109 111 109 106 104 106 108 110 111 111 112 113 116 118 120 123 128 132 130 124 118 112 105 101 104 111 116 120 120 118 119
105 106 109 111 113 114 116 116 117 119 126 139 139 130 125 123 121 120 120 121 122 124 124 124 123 122 121 120 119 118 116 110 107 109 116 118 112 107 106 110 111 108 106 107 104 101 101 103 105 104 103 108 116 127 138 144 139 131 125 116 105 100 101 104 105 105 104 105 108 111 114 115 115 115 115 116 117 120 123 126 130 135 134 126 120 115 109 104 104 110 115 119 120 115 114
106 107 110 111 111 112 114 115 117 119 128 138 131 124 122 121 119 118 118 119 120 121 122 122 121 120 119 118 116 116 115 111 107 107 113 118 115 109 105 105 107 107 107 107 103 99 98 98 100 100 104 112 121 131 142 151 146 136 129 120 107 100 101 104 106 109 112 117 121 123 124 124 124 123 123 123 123 125 127 128 131 135 135 130 122 117 112 107 104 105 109 113 114 115 118
105 107 111 113 112 111 113 115 118 122 132 136 125 121 121 121 120 118 117 117 118 119 120 120 120 119 117 114 113 114 117 114 108 106 109 116 117 111 104 100 99 101 102 102 100 95 94 96 99 103 112 120 126 135 147 156 153 141 132 124 112 104 103 107 112 117 121 126 130 131 130 130 130 130 129 129 129 130 131 131 132 133 134 133 126 119 114 109 104 102 105 109 113 120 128
104 105 110 114 114 112 112 115 119 127 141 137 126 124 125 124 123 120 117 116 116 118 118 118 118 116 114 111 111 114 118 116 109 105 106 113 118 112 102 95 94 97 99 101 100 97 96 99 105 114 122 127 131 139 150 159 158 144 135 127 117 107 104 107 113 118 122 127 130 130 129 129 129 129 128 128 128 129 131 132 132 132 133 133 129 123 116 110 105 101 104 109 115 122 125
103 104 107 113 115 113 112 113 119 133 147 138 128 126 127 126 123 120 117 115 114 115 116 116 116 115 112 110 110 113 119 117 112 106 105 109 116 113 102 96 97 101 104 106 107 106 107 110 117 124 127 129 132 139 150 160 159 147 135 126 117 107 102 103 108 114 118 121 123 124 124 124 124 124 123 121 121 122 125 127 128 130 131 132 131 127 119 111 105 102 104 110 115 117 113
103 103 106 110 114 115 112 112 119 137 147 136 127 125 125 123 121 118 115 113 112 112 112 112 113 113 110 108 108 113 118 119 116 110 106 106 111 112 107 105 108 110 113 115 117 118 119 119 122 124 125 127 131 138 149 159 160 148 133 123 115 109 103 100 102 107 111 114 116 118 119 119 118 118 117 116 114 114 118 120 120 122 124 127 129 128 121 111 105 104 107 111 113 112 108
104 104 106 110 113 116 115 113 119 136 144 133 125 122 122 120 117 115 113 109 107 106 106 107 109 111 109 107 107 111 118 121 120 115 108 106 110 114 114 113 115 116 117 120 121 122 122 121 121 120 118 120 126 135 148 159 161 149 133 123 117 111 104 100 99 101 105 111 114 117 117 116 114 113 113 112 109 108 111 114 113 111 112 116 121 124 122 115 108 108 111 112 113 114 118
104 105 107 110 114 118 118 115 118 133 139 129 122 119 118 116 113 111 108 105 102 101 102 104 107 110 109 107 108 112 119 123 124 119 112 108 112 116 116 116 115 115 116 119 120 120 119 119 119 116 112 113 120 131 146 159 162 150 135 126 120 114 105 98 96 99 106 112 115 117 116 113 111 111 111 110 107 104 104 105 104 102 103 109 115 120 122 119 115 113 115 119 122 126 129
105 106 109 112 115 119 120 116 117 128 133 125 118 114 113 112 108 104 103 101 99 99 101 104 106 108 109 108 109 113 118 122 124 122 116 113 115 116 116 115 113 112 114 117 118 117 117 118 119 116 111 109 115 127 144 157 158 147 136 128 121 113 102 95 95 101 107 112 113 112 110 110 110 110 110 109 104 100 96 96 96 98 104 112 119 123 124 123 121 118 120 126 129 130 131
106 108 111 114 116 119 120 119 121 127 131 124 116 112 110 108 104 102 103 104 103 103 104 106 108 110 110 110 110 113 118 122 124 126 125 123 121 119 118 116 114 113 114 115 116 115 115 117 120 118 111 108 111 122 140 152 151 142 133 125 116 107 98 93 96 101 102 108 107 106 107 109 111 111 109 106 101 96 92 92 96 104 112 119 125 129 128 126 124 122 124 129 129 129 129
106 108 112 114 116 118 121 123 127 131 132 125 118 114 111 110 110 110 112 113 112 112 112 113 114 114 113 112 113 116 120 124 127 131 135 135 130 125 122 121 118 116 115 114 114 113 113 115 118 118 112 107 109 119 135 144 143 135 126 119 110 102 97 95 98 100 103 103 103 106 110 113 112 109 105 102 100 97 96 99 107 115 121 125 130 133 132 129 126 125 127 130 130 129 127
105 106 109 113 114 117 120 124 129 135 135 129 122 119 120 121 122 123 124 124 123 122 121 119 118 117 115 113 115 118 122 125 128 133 140 142 135 129 126 124 121 117 114 113 112 111 111 112 116 118 112 107 108 118 132 138 137 129 121 117 112 107 103 100 101 100 102 102 105 110 113 113 109 102 99 99 99 100 105 112 119 123 125 128 131 134 133 131 128 126 129 132 131 128 124
104 104 108 111 113 115 117 121 128 135 136 130 126 125 127 128 127 127 128 128 128 126 124 122 119 116 113 112 114 117 120 123 125 131 140 143 137 130 127 124 121 116 111 109 108 108 109 109 112 115 113 109 109 119 131 136 135 127 121 120 118 115 111 106 104 104 104 106 110 113 113 109 103 98 99 102 106 112 119 123 125 126 126 127 130 133 133 132 129 127 129 131 128 124 121
103 103 106 111 113 113 113 116 124 132 133 129 126 126 126 126 124 123 123 123 123 122 121 119 116 112 110 109 110 114 117 120 123 130 140 144 138 131 128 124 119 112 106 104 105 106 107 107 110 113 114 113 115 124 134 138 139 132 125 124 123 122 118 112 106 104 106 110 114 115 112 107 103 105 110 117 122 127 129 129 127 126 125 127 130 133 133 132 130 128 129 130 126 121 119
102 102 105 110 112 113 111 111 118 126 128 124 122 121 120 118 116 113 110 110 113 114 113 112 110 108 107 106 107 111 116 120 126 133 142 147 139 132 128 124 117 108 102 101 104 107 108 110 113 117 119 121 125 132 139 141 142 138 132 129 128 127 123 116 108 103 105 110 115 117 117 115 117 120 124 128 131 132 131 129 127 125 125 127 130 133 133 131 130 128 128 128 124 121 123
102 102 104 109 112 113 111 109 112 117 118 116 114 112 112 110 105 98 95 99 104 107 107 105 104 104 104 105 107 111 115 118 124 132 144 149 140 131 126 121 114 106 101 102 106 112 114 116 119 123 126 129 133 140 143 141 140 138 133 131 129 127 123 117 110 104 102 106 110 117 120 122 124 120 123 129 130 130 128 126 124 123 123 125 128 131 131 129 128 127 126 126 124 125 129
103 103 106 110 112 113 112 109 107 107 107 105 105 105 106 105 99 90 88 94 100 103 104 104 103 103 103 104 107 113 117 117 119 127 140 148 141 129 123 117 112 106 103 104 108 114 117 119 122 126 129 132 137 144 146 142 140 137 132 128 127 124 120 116 113 108 104 103 106 112 116 119 122 123 122 122 123 124 123 120 119 119 119 121 125 127 127 126 126 126 125 124 124 129 133
104 105 108 112 114 115 113 109 103 98 96 97 99 102 105 106 105 98 93 94 97 100 104 107 108 105 104 105 108 113 118 118 118 122 134 145 140 128 121 118 114 110 107 106 106 111 115 117 121 125 128 131 138 146 147 142 140 136 130 126 123 120 116 115 114 110 106 103 103 107 111 114 117 118 116 115 116 119 118 114 112 112 112 113 116 120 122 123 124 124 124 123 125 130 132
105 106 109 113 115 115 112 106 98 93 94 98 100 102 105 109 115 113 104 97 96 99 104 111 115 111 108 108 111 114 118 120 119 122 131 143 141 131 127 124 121 115 110 107 106 109 112 115 117 122 126 132 141 148 147 141 137 133 128 123 120 117 115 115 113 109 106 103 103 106 109 111 113 115 113 110 109 112 112 108 104 103 102 102 104 110 116 120 122 123 123 123 124 128 131
104 105 108 112 114 114 110 104 100 100 103 105 104 104 107 111 119 123 116 105 100 101 105 112 118 116 113 112 114 117 120 122 123 127 136 145 144 136 132 129 124 117 110 106 106 109 112 113 115 118 123 131 142 148 147 140 134 129 125 121 119 117 115 114 112 108 105 103 104 106 107 108 109 111 111 107 104 104 105 101 97 94 92 92 97 105 112 119 122 123 123 123 125 128 130
105 105 108 111 113 114 112 111 115 116 114 111 108 108 109 111 117 124 125 118 109 106 107 113 118 120 118 116 116 118 121 125 128 133 142 147 144 137 132 127 122 115 108 105 105 108 111 113 115 116 119 126 139 147 145 138 131 126 122 119 118 117 115 114 112 108 104 102 104 105 105 106 105 106 107 105 99 96 95 93 90 88 87 89 95 104 112 120 124 125 125 126 127 130 132
105 105 107 110 113 115 115 117 121 121 118 114 111 111 111 112 115 121 128 127 118 111 109 113 118 121 120 118 117 118 121 125 129 135 144 148 143 135 129 125 119 113 107 103 104 108 111 113 114 115 115 120 133 143 142 135 127 122 118 116 116 117 116 114 110 105 101 98 101 103 103 103 103 101 100 98 93 87 84 85 86 87 87 90 97 106 114 121 125 126 127 128 129 131 133
104 104 106 110 113 118 117 115 115 115 113 111 109 110 112 113 116 119 126 130 125 117 112 113 116 120 120 118 117 118 119 121 125 133 143 148 144 136 130 125 119 112 105 103 104 108 112 113 113 112 113 118 129 140 139 131 123 117 115 114 114 116 115 111 106 100 95 94 97 100 101 102 102 99 95 90 85 81 80 83 86 89 92 96 102 109 115 121 126 129 131 131 131 132 134
104 104 106 110 114 119 118 110 105 104 105 106 105 105 109 112 115 117 122 129 129 122 116 114 115 118 118 117 117 117 117 118 121 129 139 147 146 138 130 124 119 112 105 102 103 107 109 109 110 112 116 122 130 139 138 128 119 114 113 111 111 112 110 105 101 96 94 95 98 101 103 104 103 98 92 87 82 80 82 86 90 96 101 106 111 116 120 124 129 134 137 136 133 132 133
105 105 107 111 115 119 116 104 97 97 102 106 108 108 108 110 111 113 116 125 130 126 120 117 116 117 117 116 115 116 118 120 122 127 136 145 146 138 130 123 118 111 105 101 101 102 105 108 114 119 124 127 134 141 138 128 120 116 114 112 111 111 110 108 106 103 100 100 101 104 106 106 103 97 91 86 83 84 88 93 99 106 113 118 122 126 129 133 136 139 142 140 134 132 131
105 106 109 113 117 119 115 105 100 100 104 111 116 117 115 113 111 111 114 122 130 129 123 119 116 115 114 115 116 118 121 124 127 130 136 143 145 138 129 123 117 111 105 101 101 104 110 116 121 125 127 130 135 143 142 133 126 122 119 117 118 119 121 120 118 113 106 101 98 103 102 100 97 93 90 87 88 93 99 106 115 122 127 129 129 131 134 137 139 143 145 143 136 132 130
106 107 110 117 122 122 119 113 110 109 112 118 123 126 124 120 118 117 117 121 127 127 121 117 114 113 112 113 116 119 122 126 129 133 138 144 145 138 129 123 118 113 107 103 103 107 113 118 121 124 125 127 133 143 144 136 130 126 123 122 124 126 127 125 121 116 107 98 96 96 95 92 91 92 92 93 97 103 111 119 126 132 134 133 131 132 135 136 137 141 147 145 138 133 133
107 108 112 121 127 123 118 117 118 119 120 122 125 128 129 128 126 124 120 130 121 132 125 114 112 112 111 111 113 116 119 123 128 131 136 143 144 138 130 125 121 116 108 104 103 106 111 114 115 118 119 122 129 140 143 136 130 126 124 123 124 125 124 122 116 110 102 94 91 90 90 90 91 93 97 102 108 113 119 125 129 132 132 129 127 127 130 132 133 137 144 144 138 135 137
108 109 113 125 136 127 119 123 126 126 124 123 123 125 128 129 129 126 122 118 117 115 112 109 110 112 113 110 109 112 116 120 123 126 131 139 143 139 131 125 121 116 109 103 101 103 107 110 113 116 119 122 127 137 141 136 130 126 123 122 121 120 118 113 105 100 97 92 88 87 89 91 93 97 105 113 119 122 123 126 128 127 125 122 119 119 124 129 131 134 138 139 137 136 140
108 109 114 131 150 139 129 129 130 128 124 119 117 119 122 125 131 128 124 119 115 113 109 107 108 111 115 114 109 109 113 117 121 125 130 137 142 140 132 124 120 116 110 103 100 101 105 110 114 117 120 124 128 136 140 137 131 127 124 121 119 116 111 102 95 94 95 92 88 88 91 96 103 111 119 126 129 127 126 126 125 122 119 118 116 115 119 125 132 136 137 137 136 137 142
108 109 114 138 158 144 132 128 126 123 119 115 114 116 118 121 131 121 119 117 114 111 108 105 105 108 114 117 113 110 111 116 121 126 131 138 143 142 133 125 121 118 111 102 98 98 102 107 112 114 117 120 126 134 140 138 132 128 125 121 117 113 105 97 94 96 97 96 95 97 101 109 118 124 129 132 132 129 125 124 123 120 118 117 117 116 117 122 131 138 138 136 136 139 145
110 110 115 139 155 141 129 122 119 119 118 116 116 117 118 119 119 120 119 116 113 110 107 104 102 104 110 117 116 111 111 114 119 124 130 137 143 144 134 125 120 116 108 99 94 94 98 103 107 110 113 117 124 133 141 140 133 129 125 120 114 109 104 99 100 103 106 108 110 110 112 118 117 123 128 129 129 126 122 120 121 121 120 119 119 120 121 123 129 136 136 134 136 141 147
112 113 117 134 146 136 124 119 119 121 123 122 121 120 119 119 118 118 118 116 113 110 107 103 100 101 106 115 117 113 111 112 114 119 126 134 143 143 133 123 116 110 104 96 92 93 98 103 108 113 117 122 128 136 143 142 134 127 122 116 109 105 105 106 108 113 117 119 118 116 115 117 123 124 123 122 124 121 119 118 118 118 118 119 121 123 125 128 131 133 133 134 137 142 147
117 118 122 133 141 134 125 122 123 125 127 126 124 121 119 117 117 117 117 115 112 109 107 103 99 98 102 110 115 113 111 111 112 114 121 132 142 140 130 121 113 109 104 97 94 95 100 107 113 119 124 127 131 136 145 144 135 126 118 114 111 110 113 116 118 121 122 121 119 115 112 112 116 120 119 117 116 118 118 118 117 115 113 115 118 122 126 132 137 135 132 134 139 144 146
123 124 129 137 142 137 129 126 127 129 129 127 124 121 118 115 114 115 115 113 111 108 106 102 98 96 98 104 111 111 109 111 112 112 117 131 143 139 131 123 116 114 111 105 100 100 104 110 117 122 125 127 129 135 145 146 140 131 124 121 121 123 124 124 124 124 123 121 117 114 111 110 113 118 118 115 113 115 116 119 121 118 112 110 112 117 123 132 140 138 133 135 140 143 143
128 130 135 139 141 136 130 128 129 129 128 125 121 118 116 113 112 112 114 112 109 108 105 102 98 95 95 99 106 108 108 111 113 114 117 130 142 140 133 127 122 120 118 112 105 103 105 110 116 121 124 125 129 135 146 150 146 137 131 128 129 130 129 127 124 123 123 121 118 114 110 109 111 117 120 116 113 113 115 117 122 123 116 109 108 112 119 129 139 138 134 136 140 140 137
128 132 139 142 139 133 129 128 128 127 125 122 119 116 115 112 110 110 112 111 108 106 104 102 98 95 95 99 104 108 110 114 117 119 122 131 141 139 132 127 123 121 118 113 107 103 104 108 114 119 124 128 131 137 147 152 149 140 134 131 131 131 128 125 122 122 124 124 119 114 109 106 107 114 119 117 112 111 112 113 117 123 121 111 107 109 115 125 136 137 134 135 138 135 131
