project/data/elevation/US_DEM2016/US_DEM2016_point_10-30-2019_1538_30m_vel.asc
ncols	125
nrows	167
xllcorner	-2042055.000000
yllcorner	1465035.000000
cellsize	30.000000
NODATA_value	-9999.000000
[rows 36 to 71 of 167, columns 0 to 81 of 125]
11.63 12.07 12.28 11.66 10.78 9.73 8.86 8.16 7.53 6.96 6.66 6.85 7.43 7.92 8.08 7.82 7.61 7.66 8.08 8.82 9.50 10.13 10.62 10.93 10.90 10.66 10.29 9.82 9.31 8.84 8.45 8.19 8.11 8.26 8.54 8.76 9.13 9.73 10.38 10.64 10.39 9.55 8.40 7.97 8.62 9.61 10.47 10.86 10.76 9.99 9.34 8.85 8.60 8.33 8.24 8.31 8.40 8.85 9.33 10.13 10.45 10.12 9.27 8.23 7.34 6.76 6.69 6.95 7.40 7.76 7.90 8.08 8.45 8.55 8.74 9.20 9.96 10.91 11.75 12.47 12.77 12.67
12.12 12.17 11.70 10.91 10.09 9.27 8.70 8.10 7.36 6.64 6.27 6.26 6.53 7.06 7.48 7.56 7.50 7.74 8.49 9.48 10.27 10.88 11.29 11.53 11.49 11.33 11.06 10.65 10.12 9.55 8.94 8.47 8.45 8.86 9.29 9.73 10.28 10.88 11.36 11.72 11.78 11.23 10.77 10.63 11.19 11.91 12.17 11.66 10.86 9.98 9.25 8.85 8.57 8.40 8.27 8.31 8.46 9.07 9.76 10.57 10.70 10.18 9.31 8.38 7.52 7.04 6.98 7.13 7.32 7.59 7.63 7.60 7.99 8.32 8.56 8.91 9.50 10.27 11.52 12.91 13.98 14.02
12.38 11.73 10.42 9.52 8.75 8.30 7.94 7.38 6.70 6.13 5.96 5.98 6.14 6.50 6.91 7.14 7.23 7.52 8.20 9.07 9.54 9.72 9.79 9.96 10.22 10.41 10.60 10.72 10.48 10.07 9.64 9.29 9.15 9.24 9.59 10.35 11.18 11.68 12.18 12.84 13.19 12.87 12.68 12.37 12.49 12.47 11.77 10.45 9.51 8.87 8.64 8.63 8.59 8.43 8.31 8.40 8.66 9.36 10.05 10.59 10.48 9.54 8.74 8.18 7.69 7.36 7.05 6.97 7.08 7.32 7.29 7.18 7.49 8.16 8.47 8.69 9.01 9.75 10.70 11.72 12.48 12.74
12.33 11.10 9.12 8.14 7.54 7.28 6.98 6.54 6.20 6.03 6.09 6.25 6.44 6.55 6.63 6.76 6.96 7.29 7.66 7.90 7.81 7.66 7.67 8.00 8.71 9.51 10.09 10.59 10.69 10.48 10.19 9.97 9.87 10.04 10.74 11.81 12.45 12.76 13.08 13.55 13.79 13.32 12.83 12.44 12.13 11.71 10.82 9.76 9.04 8.49 8.43 8.70 8.85 8.55 8.48 8.70 9.13 9.78 10.02 9.98 9.37 8.17 7.10 6.72 6.60 6.57 6.39 6.38 6.65 6.97 7.00 6.96 7.35 8.05 8.37 8.39 8.47 9.02 9.81 10.16 10.04 10.25
11.91 10.52 8.36 7.36 7.07 6.93 6.80 6.70 6.73 6.95 7.25 7.52 7.43 7.00 6.60 6.53 6.79 7.07 7.07 6.79 6.63 6.72 7.10 7.71 8.62 9.35 9.88 10.33 10.58 10.64 10.66 10.70 10.96 11.71 12.75 13.69 14.18 14.35 14.03 13.61 13.40 12.50 11.75 11.44 11.12 11.11 10.91 10.67 10.28 10.00 9.65 9.55 9.43 8.88 8.68 8.82 9.23 9.62 9.43 8.88 8.09 6.89 5.64 5.21 5.20 5.37 5.73 6.11 6.48 6.69 6.69 6.83 7.43 8.13 8.37 8.20 8.12 8.46 9.14 9.28 8.81 8.82
11.40 10.29 8.58 7.82 7.69 7.69 7.59 7.52 7.69 8.12 8.56 8.67 8.16 7.31 6.77 6.71 6.96 7.12 7.02 6.80 6.89 7.30 7.84 8.32 8.72 9.12 9.30 9.56 10.04 10.46 11.07 11.47 12.28 13.31 14.26 14.91 15.13 14.76 14.07 13.14 12.28 11.41 10.61 10.10 10.14 10.22 10.58 10.84 11.03 11.14 11.04 10.40 9.74 8.98 8.49 8.42 8.52 8.49 8.13 7.69 7.15 6.28 5.31 5.08 5.33 5.66 6.00 6.23 6.35 6.49 6.61 6.80 7.39 8.11 8.25 7.87 7.85 8.46 9.13 9.00 8.43 8.24
11.11 10.39 9.24 8.73 8.56 8.42 8.22 8.20 8.56 9.07 9.34 9.11 8.21 7.52 7.31 7.43 7.62 7.74 7.80 7.95 8.28 8.69 9.06 9.33 9.52 9.50 9.39 9.41 9.86 10.38 11.40 12.63 13.73 14.61 14.89 14.67 14.27 13.57 12.62 11.66 10.83 10.17 9.42 9.06 9.02 9.19 9.61 9.89 10.20 10.37 10.38 9.95 9.40 8.65 8.17 8.07 7.98 7.66 7.30 7.31 7.16 6.82 6.48 6.61 6.94 6.90 6.62 6.41 6.53 6.75 6.77 6.72 7.02 7.55 7.50 6.99 7.35 8.44 9.12 8.75 8.20 8.23
10.95 10.40 9.56 9.16 8.97 8.86 8.88 9.16 9.61 9.91 9.79 9.15 8.19 7.80 7.79 8.00 8.28 8.49 8.80 9.27 9.80 10.18 10.40 10.47 10.45 10.21 10.04 10.04 10.33 10.72 11.81 13.18 14.20 14.70 14.28 13.45 12.59 11.77 10.87 10.19 9.69 9.15 8.48 7.97 8.03 8.41 8.67 8.48 8.10 7.64 7.59 8.03 8.33 8.24 8.15 8.38 8.46 8.35 8.29 8.29 8.15 8.13 8.30 8.47 8.03 7.34 7.11 7.30 7.46 7.09 6.47 6.15 6.43 6.78 6.63 6.36 6.87 8.09 8.69 8.27 8.05 8.70
10.86 10.44 9.84 9.61 9.69 9.97 10.32 10.60 10.73 10.59 10.03 9.11 8.27 7.94 7.99 8.34 8.71 9.07 9.54 10.14 10.67 10.94 10.97 10.79 10.53 10.25 10.17 10.30 10.73 11.33 12.55 13.53 13.84 13.48 12.75 12.17 11.56 10.86 9.83 9.05 8.53 8.10 7.58 7.11 7.14 7.67 7.47 6.94 6.29 5.93 6.12 6.63 7.17 7.61 8.25 9.01 9.40 9.54 9.51 9.23 9.02 9.10 9.04 8.67 7.85 7.65 8.05 8.14 7.47 6.25 5.57 5.67 6.12 6.39 6.41 6.53 7.15 7.99 8.37 8.04 7.98 8.82
11.07 10.87 10.59 10.61 10.82 11.13 11.35 11.39 11.20 10.76 9.99 9.09 8.51 8.32 8.60 8.98 9.29 9.65 10.11 10.49 10.66 10.62 10.40 10.13 10.03 9.96 9.97 10.28 11.12 12.15 13.31 13.33 12.74 11.84 11.22 11.12 10.73 10.16 9.15 8.24 7.47 6.92 6.48 6.09 6.31 6.80 6.79 6.72 6.71 6.78 6.72 6.55 6.57 7.19 8.33 9.42 9.69 9.58 9.37 9.26 9.12 9.25 8.97 8.58 8.48 8.73 8.52 7.51 6.14 5.43 5.58 6.22 6.66 6.81 6.95 7.40 8.09 8.55 8.55 8.29 8.16 8.45
11.50 11.37 11.22 11.29 11.32 11.27 11.11 10.90 10.59 10.12 9.50 8.88 8.77 9.06 9.59 9.90 10.06 10.23 10.37 10.35 10.16 9.89 9.59 9.45 9.62 9.80 10.03 10.64 11.78 12.85 13.35 12.76 11.59 10.71 10.15 9.82 9.47 9.10 8.53 7.73 6.71 5.96 5.67 5.81 6.29 6.84 7.40 7.63 7.62 7.18 6.52 6.24 6.80 7.89 8.98 9.52 9.47 9.20 9.07 9.18 9.08 9.20 9.14 9.06 9.01 8.64 7.30 6.24 5.98 6.42 7.14 7.62 7.83 7.93 8.19 8.67 9.15 9.29 9.18 9.03 8.82 8.74
11.83 11.56 11.21 11.08 10.87 10.52 10.11 9.71 9.31 8.94 8.52 8.27 8.47 9.17 9.82 10.15 10.27 10.25 10.09 9.87 9.65 9.42 9.20 9.15 9.36 9.68 10.13 11.06 12.27 12.94 12.62 11.58 10.77 10.02 9.29 8.75 8.37 8.16 7.98 7.56 6.55 5.93 5.99 6.69 7.19 7.71 8.06 7.63 6.74 5.79 5.54 6.32 8.16 9.85 10.37 10.08 9.76 9.50 9.39 9.38 9.20 9.30 9.21 8.98 8.49 7.62 6.92 7.03 7.84 8.72 9.29 9.50 9.58 9.65 9.78 10.10 10.36 10.34 10.28 10.28 9.76 9.39
11.92 11.57 10.82 10.41 10.08 9.61 9.12 8.66 8.28 7.89 7.51 7.44 7.72 8.48 9.13 9.45 9.64 9.66 9.55 9.38 9.21 9.05 8.92 8.88 9.01 9.35 9.87 10.99 12.37 12.71 12.01 10.98 10.36 9.63 8.65 7.83 7.56 7.48 7.36 7.01 6.35 5.97 6.19 6.80 7.21 7.60 7.71 6.75 5.78 5.54 6.39 8.60 10.95 12.02 11.92 11.01 10.37 9.93 9.73 9.76 9.67 9.63 9.48 9.14 9.04 9.25 10.00 10.93 11.70 12.22 12.36 12.38 12.35 12.33 12.31 12.43 12.51 12.28 11.90 11.28 10.33 9.68
11.91 11.57 10.56 9.89 9.53 9.17 8.73 8.33 7.98 7.49 7.21 7.25 7.65 8.31 8.77 9.01 9.13 9.19 9.15 8.99 8.77 8.60 8.51 8.52 8.65 8.94 9.50 10.87 12.43 12.49 11.63 10.90 10.36 9.57 8.54 7.61 7.24 6.83 6.31 5.78 5.41 5.24 5.39 5.76 6.32 6.91 7.27 6.82 6.56 7.27 9.49 12.05 13.35 13.35 12.51 11.36 10.58 10.19 10.11 10.44 10.53 10.54 10.40 10.71 11.48 12.52 13.67 14.64 15.24 15.49 15.54 15.50 15.44 15.37 15.21 14.99 14.73 14.35 13.47 12.17 10.84 9.94
12.06 11.57 10.44 9.72 9.38 9.10 8.85 8.62 8.32 7.93 7.97 8.22 8.70 9.21 9.44 9.44 9.33 9.16 8.91 8.63 8.38 8.20 8.13 8.18 8.35 8.72 9.51 11.16 12.46 12.09 10.81 10.54 10.18 9.45 8.86 8.25 7.53 6.52 5.50 4.99 4.92 5.11 5.48 5.93 6.51 7.14 7.92 8.40 9.00 10.63 12.96 14.22 14.22 13.07 11.97 10.99 10.44 10.29 10.22 10.39 10.63 10.90 11.08 11.68 12.83 13.88 14.56 15.16 15.47 15.62 15.74 15.85 15.90 15.87 15.63 15.22 14.81 14.46 13.82 12.93 11.96 11.02
12.25 11.53 10.25 9.74 9.43 9.10 8.90 8.84 8.70 8.56 8.93 9.49 9.98 10.24 10.22 9.95 9.57 9.12 8.72 8.44 8.24 8.06 7.91 7.91 8.18 8.78 9.79 11.36 12.08 11.10 9.92 9.78 9.57 9.22 8.94 8.69 7.82 6.73 5.98 5.83 6.20 6.83 7.43 7.81 8.25 9.05 10.42 11.78 13.13 14.33 14.96 14.72 13.50 11.89 10.97 10.26 9.84 9.61 9.39 9.26 9.56 9.97 10.76 11.37 12.18 12.60 12.40 12.18 12.04 12.22 12.54 12.95 13.10 13.09 12.84 12.51 12.37 12.17 12.02 12.01 11.92 11.65
12.20 11.22 9.81 9.33 9.11 8.88 8.77 8.77 8.77 8.85 9.32 10.01 10.40 10.47 10.20 9.70 9.16 8.71 8.42 8.21 8.03 7.85 7.69 7.76 8.21 8.94 9.95 11.15 11.33 10.09 9.23 9.16 8.96 8.73 8.66 8.27 7.76 7.40 7.32 7.75 8.34 8.92 9.38 9.87 10.69 12.06 13.63 14.72 15.26 15.28 14.80 13.61 12.24 10.90 10.15 9.54 9.04 8.58 8.41 8.38 8.75 9.28 9.88 10.45 10.60 9.97 9.15 8.36 8.21 8.49 8.90 9.27 9.38 9.22 9.09 8.88 8.93 8.91 9.00 9.35 9.97 10.45
11.81 10.79 9.32 8.69 8.49 8.47 8.61 8.68 8.74 8.90 9.17 9.56 9.78 9.56 9.11 8.60 8.23 7.99 7.81 7.62 7.45 7.38 7.52 7.96 8.56 9.18 9.98 10.77 10.72 9.87 9.27 9.15 8.93 8.67 8.24 7.70 7.54 7.68 8.08 8.76 9.46 9.91 10.42 11.20 12.60 14.17 15.17 15.38 14.79 13.90 12.95 12.01 11.12 10.31 9.69 9.15 8.69 8.34 8.46 8.71 9.13 9.47 9.61 9.73 9.24 8.34 7.65 7.38 7.56 7.77 7.62 7.23 6.96 6.80 6.64 6.53 6.66 6.78 6.81 6.81 7.03 7.42
11.30 10.49 9.23 8.61 8.30 8.11 8.15 8.28 8.31 8.44 8.48 8.51 8.32 7.79 7.26 7.07 7.02 6.94 6.87 6.92 7.09 7.35 7.79 8.41 8.92 9.44 10.06 10.61 10.77 10.54 10.05 9.58 9.14 8.66 7.95 7.22 7.08 7.34 7.79 8.39 9.12 9.77 10.52 11.82 13.64 14.78 14.87 13.73 12.09 11.28 10.90 10.67 10.36 10.02 9.56 9.10 8.76 8.71 9.11 9.42 9.60 9.63 9.30 9.03 8.56 8.15 8.15 8.25 8.21 7.83 7.04 6.08 5.61 5.37 5.14 5.07 5.25 5.30 5.13 4.82 4.67 4.75
11.04 10.52 9.71 9.17 8.68 8.07 7.52 7.35 7.36 7.48 7.54 7.36 6.79 6.04 5.65 5.64 5.74 5.85 6.12 6.65 7.31 7.96 8.50 8.87 9.25 9.74 10.27 10.82 11.09 11.06 10.33 9.52 8.91 8.31 7.62 6.85 6.71 7.05 7.38 7.78 8.41 9.29 10.43 12.31 14.04 14.43 13.26 11.42 10.24 9.79 9.62 9.59 9.59 9.63 9.28 8.96 8.76 8.90 9.33 9.35 9.06 8.68 8.34 8.20 8.47 8.80 9.03 8.92 8.09 7.02 5.86 5.23 5.06 4.86 4.47 4.16 4.12 3.96 3.59 3.51 3.84 4.54
11.22 11.06 10.62 10.03 9.32 8.49 7.55 7.15 7.01 7.08 7.09 6.72 6.10 5.59 5.34 5.32 5.49 5.86 6.45 7.22 8.03 8.83 9.25 9.53 9.91 10.37 10.70 11.08 11.39 11.23 10.20 9.48 9.11 8.60 7.81 7.24 7.33 7.67 7.86 8.11 8.63 9.51 10.91 12.97 13.97 13.40 11.38 9.77 8.89 8.58 8.54 8.60 8.75 8.84 8.63 8.43 8.33 8.43 8.53 8.09 7.49 7.09 7.20 7.75 8.93 9.50 9.23 8.42 7.16 6.15 5.64 5.67 5.71 5.21 4.33 3.75 3.63 3.51 3.42 3.81 4.86 6.53
11.65 11.60 11.17 10.54 9.82 9.09 8.45 8.08 7.76 7.55 7.35 7.01 6.71 6.59 6.65 6.81 7.09 7.55 8.01 8.55 9.21 9.86 10.24 10.58 11.03 11.34 11.29 11.49 11.92 11.92 11.33 10.82 10.52 9.95 8.96 8.50 8.78 9.09 9.28 9.46 9.81 10.36 11.68 13.32 13.50 11.79 9.76 8.33 7.67 7.56 7.67 7.74 7.92 7.96 7.93 7.80 7.61 7.40 7.08 6.72 6.57 6.73 7.35 8.32 9.50 9.58 8.55 7.38 6.54 6.49 6.95 7.21 6.58 5.42 4.37 4.08 4.27 4.47 4.90 6.06 8.02 10.08
12.02 11.61 10.78 10.28 9.92 9.65 9.35 9.01 8.49 7.97 7.66 7.61 7.82 8.17 8.63 8.99 9.43 9.87 10.22 10.50 10.89 11.08 11.34 11.77 12.15 12.05 11.82 12.05 12.57 12.52 12.10 11.61 11.17 10.55 9.72 9.29 9.46 9.80 10.15 10.47 10.74 11.13 12.15 12.92 12.13 9.97 8.19 7.15 6.70 6.66 6.88 6.88 6.96 7.28 7.46 7.39 7.20 6.97 6.90 7.19 7.61 8.23 8.96 9.65 10.02 9.45 8.14 7.44 7.52 8.10 8.47 7.98 6.58 5.22 4.83 5.24 5.85 6.53 7.69 9.41 11.30 12.23
12.20 11.29 10.02 9.61 9.61 9.72 9.68 9.24 8.55 7.91 7.61 7.81 8.43 9.20 9.91 10.44 10.89 11.34 11.73 11.93 11.93 11.90 12.12 12.50 12.53 12.23 12.15 12.54 12.79 12.26 11.18 10.39 9.83 9.49 9.28 9.26 9.40 9.76 10.18 10.67 11.12 11.44 11.92 11.82 10.32 8.17 6.77 6.09 5.82 5.93 5.99 5.91 6.20 6.87 7.35 7.47 7.48 7.57 7.97 8.40 9.00 9.84 10.64 11.13 10.83 10.11 8.99 8.84 9.41 9.72 9.04 7.67 6.34 6.01 6.61 7.48 8.47 9.63 11.11 12.49 13.04 12.55
12.23 11.18 9.57 8.99 8.86 8.85 8.86 8.61 8.10 7.57 7.31 7.47 8.07 8.90 9.64 10.11 10.46 10.74 10.91 11.01 11.17 11.46 11.83 11.90 11.52 11.33 11.78 12.48 12.47 11.69 10.61 9.54 8.83 8.58 8.91 9.37 9.83 10.14 10.38 10.61 10.85 10.82 10.81 10.38 9.06 7.13 5.91 5.53 5.61 5.76 5.71 5.70 6.08 6.90 7.64 8.12 8.46 8.75 9.04 9.26 9.86 11.06 12.10 12.47 11.88 11.17 10.61 10.46 10.74 10.55 9.34 8.16 7.86 8.77 10.01 11.15 12.26 13.22 13.90 13.91 13.09 11.61
12.17 10.93 9.05 8.35 7.85 7.55 7.51 7.44 7.21 6.87 6.55 6.51 6.80 7.26 7.71 8.01 8.17 8.08 7.73 7.72 8.62 9.68 10.07 9.63 8.92 9.38 10.88 11.94 11.90 11.31 10.88 10.46 10.01 9.70 9.62 9.89 10.25 10.43 10.34 10.10 9.86 9.64 9.59 9.61 8.87 7.36 6.41 6.49 6.77 6.81 6.76 6.86 7.07 7.50 8.07 8.65 9.25 9.85 10.21 10.72 11.66 12.86 13.38 13.12 12.34 11.70 11.53 11.77 11.94 11.69 11.15 10.95 11.63 12.70 13.57 14.27 14.80 14.99 14.64 13.53 12.12 10.76
11.79 10.37 8.40 7.68 7.26 6.92 6.64 6.45 6.29 5.92 5.46 5.15 5.08 5.16 5.31 5.50 5.55 5.24 5.07 5.48 6.48 7.52 7.73 7.13 6.96 8.16 10.44 11.60 11.40 10.53 10.42 10.63 10.74 10.75 10.39 10.07 9.86 9.77 9.41 8.96 8.68 8.95 9.45 10.06 9.89 9.34 8.81 8.87 9.04 9.00 8.93 8.77 8.44 8.25 8.33 8.67 9.25 10.10 11.09 12.29 13.46 13.85 13.42 12.33 11.10 10.79 11.47 12.05 12.51 12.73 13.07 13.65 14.34 14.81 14.75 14.89 14.76 14.24 13.24 12.08 11.05 10.15
11.27 10.11 8.32 7.46 7.08 6.78 6.43 6.05 5.75 5.38 4.84 4.35 4.09 4.08 4.18 4.25 4.26 4.40 4.77 5.41 6.07 6.48 6.42 6.21 6.71 8.44 10.78 11.60 10.97 9.61 9.25 9.47 9.88 10.21 9.98 9.31 8.58 8.17 8.01 7.88 8.05 8.99 10.21 11.12 11.18 11.01 10.90 10.77 10.70 10.57 10.07 9.47 8.93 8.64 8.59 8.82 9.38 10.40 11.73 12.94 13.42 12.93 11.76 10.24 9.47 9.77 10.86 11.61 11.86 12.34 12.98 13.53 13.87 13.80 13.49 13.03 12.39 11.51 10.81 10.19 9.58 9.07
11.04 10.28 8.90 7.99 7.45 7.06 6.60 6.10 5.80 5.54 5.21 4.89 4.73 4.62 4.53 4.52 4.71 5.31 6.03 6.47 6.62 6.67 6.70 6.82 7.69 9.56 11.36 11.71 10.61 9.00 8.32 8.21 8.48 8.71 8.74 8.40 7.79 7.37 7.40 7.88 8.67 10.02 11.21 11.75 11.51 11.22 11.16 11.20 11.08 10.63 9.71 9.06 8.78 8.79 8.92 9.23 9.86 10.99 12.10 12.53 11.91 10.62 9.44 8.57 8.67 9.57 10.51 10.76 10.57 10.87 11.33 11.49 11.32 11.12 10.87 10.38 9.61 8.78 8.21 7.94 7.61 7.34
10.95 10.35 9.31 8.61 8.06 7.49 6.89 6.55 6.45 6.45 6.51 6.56 6.53 6.25 5.89 5.75 6.03 6.60 7.17 7.63 7.68 7.74 8.03 8.50 9.38 11.04 12.02 12.00 10.83 9.11 8.19 7.69 7.45 7.49 7.90 8.35 8.53 8.71 8.97 9.43 10.25 11.24 11.79 11.71 11.04 10.58 10.63 10.76 10.55 10.14 9.51 9.08 8.92 8.98 9.15 9.44 10.09 11.14 11.91 11.48 10.23 9.10 8.31 7.96 8.26 9.16 10.01 9.92 9.47 9.56 9.77 9.64 9.28 8.96 8.58 8.26 7.57 6.72 5.96 5.62 5.50 5.17
10.87 10.28 9.32 8.68 8.21 7.68 7.31 7.30 7.56 7.98 8.36 8.48 8.16 7.65 7.18 6.96 7.14 7.53 7.90 8.48 8.83 9.29 9.85 10.38 11.09 12.26 13.01 12.66 11.52 10.00 9.08 8.42 7.92 7.89 8.32 9.06 9.85 10.54 10.85 11.01 11.24 11.59 11.63 11.26 10.55 10.02 9.98 9.84 9.57 9.45 9.39 9.25 9.14 9.15 9.36 9.76 10.51 11.38 11.41 10.29 8.93 8.22 7.71 7.43 7.74 8.83 9.75 9.59 8.86 8.67 8.58 8.37 8.11 7.64 6.96 6.41 5.83 5.08 4.33 3.79 3.45 3.13
10.88 10.25 9.23 8.51 7.99 7.60 7.56 7.87 8.49 9.22 9.76 9.79 9.49 9.05 8.62 8.27 8.14 8.32 8.66 9.23 9.74 10.47 10.86 11.41 12.41 13.66 13.92 13.15 11.85 10.79 10.22 9.83 9.51 9.40 9.44 9.78 10.27 10.68 10.85 10.81 10.84 11.06 11.07 10.64 10.00 9.33 9.04 8.66 8.31 8.37 8.64 8.84 9.01 9.19 9.61 10.23 10.90 11.07 10.18 8.72 7.84 7.47 7.16 7.33 8.06 9.26 9.66 8.99 8.04 7.65 7.43 7.23 7.09 6.66 5.90 5.13 4.39 3.71 2.97 2.38 2.06 1.96
10.88 10.15 8.96 8.19 7.66 7.36 7.35 7.59 8.15 8.88 9.52 9.89 10.09 10.16 10.07 9.80 9.45 9.32 9.54 9.86 10.19 10.86 11.32 12.09 13.31 14.20 14.02 12.74 11.36 10.72 10.61 10.68 10.68 10.33 9.96 9.83 9.73 9.62 9.61 9.89 10.27 10.57 10.53 10.05 9.43 8.83 8.36 7.82 7.38 7.25 7.40 7.79 8.35 8.88 9.53 10.08 10.26 9.61 8.17 7.32 7.09 6.93 7.06 7.80 8.62 9.11 8.78 7.63 6.60 6.15 5.94 5.59 5.36 5.23 4.79 4.05 3.17 2.40 1.91 1.82 1.97 2.28
10.73 9.88 8.45 7.81 7.42 7.16 6.97 6.81 6.79 7.05 7.53 8.47 9.49 10.35 10.91 10.98 10.70 10.41 10.35 10.45 10.62 11.16 11.72 12.90 13.63 13.81 12.98 11.69 10.38 9.84 9.87 10.15 10.31 10.03 9.74 9.50 9.25 9.18 9.49 10.02 10.32 10.32 10.04 9.76 9.49 9.02 8.38 7.51 6.66 6.23 6.35 6.95 7.83 8.51 9.03 9.15 8.61 7.42 6.46 6.32 6.26 6.10 6.61 7.45 7.78 7.71 7.27 6.40 5.47 4.82 4.50 4.28 4.16 3.93 3.46 2.89 2.37 2.08 2.23 2.81 3.48 4.03
10.51 9.56 8.13 7.63 7.37 7.16 6.91 6.55 6.10 5.78 5.85 6.56 7.93 9.41 10.59 11.20 11.31 11.20 11.15 11.24 11.37 11.69 12.26 13.16 13.56 13.02 11.88 10.59 9.41 8.69 8.43 8.52 8.84 9.09 9.28 9.34 9.33 9.50 9.94 10.33 10.33 10.03 9.74 9.77 9.72 8.99 7.86 6.66 6.06 6.19 6.82 7.72 8.43 8.64 8.49 7.94 6.88 5.86 5.48 5.48 5.28 5.12 5.41 5.96 6.38 6.62 6.76 6.47 5.82 5.28 5.07 4.83 4.39 3.73 3.03 2.71 2.82 3.24 3.96 4.79 5.60 6.38
10.33 9.44 8.17 7.66 7.43 7.31 7.17 7.00 6.68 6.24 5.94 6.20 7.13 8.35 9.56 10.53 11.11 11.65 11.84 12.19 12.48 12.76 13.83 13.99 13.62 12.51 11.24 10.10 9.03 8.37 8.07 8.06 8.12 8.33 8.70 9.08 9.30 9.48 9.81 10.16 9.93 9.48 9.26 9.44 9.34 8.18 7.08 6.75 7.30 8.26 9.09 9.54 9.49 8.97 8.29 7.56 6.90 6.41 6.18 5.94 5.64 5.52 5.68 6.13 7.07 7.92 8.29 8.10 7.69 7.38 7.07 6.44 5.35 4.35 3.77 3.77 4.24 5.04 5.95 7.04 8.27 9.42
