project/data/elevation/US_DEM2016/US_DEM2016_point_10-31-2019_0450_30m_ang.asc
ncols	125
nrows	167
xllcorner	-2042055.000000
yllcorner	1465035.000000
cellsize	30.000000
NODATA_value	-9999.000000
[rows 0 to 42 of 167, columns 0 to 95 of 125]
343 340 334 332 335 338 340 342 344 347 349 351 350 348 348 349 351 352 351 349 346 343 343 346 349 351 352 353 350 344 336 326 319 314 310 306 306 313 321 326 329 330 331 332 333 332 331 329 330 333 336 340 345 347 349 350 351 350 348 345 344 342 340 340 341 343 346 346 344 340 338 338 339 340 340 341 342 341 340 342 347 349 346 343 343 346 349 350 348 343 340 339 338 335 334 335
343 340 334 332 335 338 340 342 344 347 349 351 350 348 348 349 351 352 351 349 346 343 343 346 349 351 352 353 350 344 336 326 319 314 310 306 306 313 321 326 329 330 331 332 333 332 331 329 330 333 336 340 345 347 349 350 351 350 348 345 344 342 340 340 341 343 346 346 344 340 338 338 339 340 340 341 342 341 340 342 347 349 346 343 343 346 349 350 348 343 340 339 338 335 334 335
349 344 334 331 331 333 334 336 340 344 348 350 350 348 347 349 352 354 354 351 346 342 341 345 349 352 356 359 356 349 341 331 324 319 316 312 310 312 317 322 326 328 329 331 333 335 336 334 333 332 333 337 342 346 348 350 352 352 351 348 345 342 339 337 338 340 344 347 346 344 341 340 340 340 339 339 340 338 336 339 345 349 345 342 342 346 351 353 352 346 342 342 341 339 336 335
359 349 335 330 328 325 324 326 329 335 342 347 349 346 344 346 352 357 359 355 346 339 338 342 350 357 6 10 7 358 350 341 334 330 328 325 321 316 315 318 323 327 330 331 333 337 339 339 335 331 330 332 338 343 346 348 351 354 354 353 350 345 340 335 332 333 338 343 345 345 344 343 342 341 338 336 335 332 329 331 340 345 341 338 340 347 355 359 356 348 345 345 344 341 337 334
0 351 337 332 329 324 320 318 320 325 333 341 347 345 341 343 349 356 359 354 344 338 337 343 353 5 15 17 11 2 355 347 341 338 337 335 331 326 323 322 323 327 331 332 333 335 338 339 335 331 330 332 336 341 344 345 346 347 349 351 350 348 344 339 333 329 329 332 336 340 342 343 343 341 337 333 330 327 325 326 332 336 334 333 338 349 359 2 356 349 346 346 342 337 333 333
357 350 339 334 331 327 321 317 315 316 322 333 342 343 339 340 347 353 355 350 342 337 339 347 359 12 18 16 9 2 355 349 345 343 342 341 337 334 331 327 324 323 326 329 331 334 336 336 333 330 330 333 338 343 345 345 343 341 341 343 345 347 347 343 337 330 325 324 325 328 333 336 338 337 333 329 327 324 323 323 326 327 326 326 334 349 0 1 354 348 346 344 338 333 331 332
353 347 340 336 334 330 325 319 313 309 312 323 335 338 336 339 346 352 352 346 339 337 342 353 6 15 17 12 5 358 352 348 346 346 346 344 341 339 337 333 327 322 320 322 326 329 331 330 328 326 328 333 341 348 350 349 347 345 344 343 343 344 345 344 338 331 326 324 324 325 328 331 333 332 329 326 323 321 320 321 323 322 320 321 328 345 358 359 351 346 345 341 334 330 330 336
347 344 341 339 338 334 330 323 315 309 308 314 325 330 331 335 345 353 353 345 336 336 345 359 10 15 14 8 1 354 349 347 346 347 347 346 345 345 344 341 336 328 321 318 319 323 325 324 321 321 325 332 343 351 354 353 351 351 351 351 349 345 343 341 337 332 327 326 327 330 331 331 332 330 327 325 323 320 318 320 320 319 318 319 324 338 352 354 347 344 342 337 332 332 338 346
341 341 342 343 343 340 335 328 320 315 312 313 318 322 325 330 341 353 356 346 335 335 347 2 12 13 9 4 358 352 347 345 345 345 345 347 348 350 350 349 346 340 331 324 322 323 325 323 321 320 323 331 341 349 354 355 355 356 359 358 354 348 343 341 338 333 329 328 330 333 334 333 331 330 328 327 326 324 323 322 322 319 319 316 325 335 347 347 343 341 340 336 335 341 353 358
334 337 344 347 347 345 341 334 327 324 322 320 319 319 321 326 338 353 356 346 336 337 350 4 10 7 2 358 355 350 345 343 341 341 343 346 349 351 352 352 352 349 343 337 332 330 328 325 322 321 324 331 339 345 349 353 358 3 5 1 353 347 343 340 339 335 332 332 335 337 337 334 332 331 331 331 331 330 331 331 329 327 325 327 331 337 343 342 339 340 340 340 344 353 358 357
325 332 344 349 350 348 344 338 335 334 332 329 326 323 322 324 334 348 351 345 340 344 355 4 5 1 357 353 349 346 343 340 338 338 341 344 346 348 350 352 353 352 350 346 340 335 330 324 321 322 326 334 340 344 346 350 359 6 5 358 350 344 340 338 337 336 335 338 341 342 339 335 332 332 333 334 334 334 336 338 337 335 333 333 336 341 342 338 337 340 344 347 350 354 354 354
317 324 339 348 350 349 345 342 341 342 341 338 335 333 329 328 334 342 345 344 344 351 360 3 360 357 354 348 344 341 339 337 335 336 340 342 340 341 344 347 350 351 351 350 347 341 332 324 321 322 329 338 345 350 352 352 356 360 358 353 347 341 338 337 335 334 337 342 346 345 340 335 331 332 334 334 335 335 338 338 335 332 332 333 337 342 341 335 335 342 348 350 351 352 352 352
316 319 329 341 346 347 345 344 345 347 347 345 344 343 339 337 337 339 340 342 347 356 3 0 356 352 348 343 339 337 335 332 331 333 337 336 333 333 336 339 342 345 348 349 349 344 335 326 321 323 329 339 348 355 357 354 352 352 352 349 343 338 337 336 335 334 336 343 347 347 342 335 332 333 334 335 334 333 333 327 321 318 319 324 331 337 338 336 336 342 347 349 350 350 350 350
323 322 325 331 337 341 342 343 346 348 348 348 349 350 348 345 343 342 339 340 349 1 3 356 351 347 342 339 335 331 328 325 323 325 327 325 323 324 326 328 331 334 338 343 347 344 337 329 326 328 333 341 351 356 353 349 348 349 347 344 340 337 335 336 336 335 337 342 347 347 343 336 333 335 337 336 333 330 328 323 318 315 316 319 325 330 335 338 338 340 344 346 348 348 347 347
326 327 329 329 329 330 332 335 338 340 342 344 348 351 351 350 350 348 344 343 352 1 359 353 348 344 338 333 329 324 321 320 321 325 324 319 316 318 320 320 321 324 326 332 338 339 336 333 333 336 342 350 354 350 346 346 348 347 342 339 337 336 336 337 337 338 340 343 347 347 343 338 337 339 341 339 335 334 332 328 324 323 323 324 325 329 335 339 339 338 341 343 344 343 343 343
323 326 331 332 326 319 314 314 316 318 321 327 335 342 346 350 355 356 352 352 356 358 356 353 350 345 337 332 330 328 326 326 328 330 330 328 325 325 326 326 326 326 327 329 332 334 335 337 340 345 351 355 352 345 343 345 349 346 340 336 335 337 338 339 339 340 342 346 348 348 344 342 344 347 346 342 339 339 335 330 327 327 328 328 329 331 336 341 339 337 338 340 340 339 340 340
320 323 330 334 330 316 306 305 308 310 312 317 323 330 336 346 356 1 1 0 358 356 355 355 354 349 342 337 336 336 334 331 329 332 335 336 335 334 333 333 333 333 333 333 333 334 337 342 347 351 355 355 349 343 342 346 350 346 338 335 335 337 340 342 343 343 344 347 349 350 349 350 353 353 348 345 344 343 339 333 330 330 331 331 333 335 339 343 341 336 336 338 338 339 342 342
325 326 332 338 336 326 319 318 320 322 324 327 330 333 336 343 354 3 5 3 360 359 358 357 355 350 344 340 340 340 340 337 333 332 335 338 339 339 338 337 336 336 336 335 334 335 340 347 352 354 355 352 345 341 342 348 350 343 336 334 334 336 340 343 345 346 345 346 348 351 353 357 358 353 348 347 349 349 345 340 335 333 334 335 337 340 342 343 342 336 335 337 339 343 347 346
330 333 341 346 341 332 328 328 330 332 335 337 339 342 344 348 354 2 5 3 2 3 1 357 353 348 345 342 341 341 342 341 339 336 336 338 340 342 342 340 338 337 337 336 335 337 342 348 351 353 353 348 343 341 343 348 347 339 334 333 333 335 338 342 345 347 346 345 345 349 353 356 356 353 350 350 352 352 350 347 343 340 338 339 341 343 343 342 340 337 336 337 341 346 347 344
332 337 348 347 338 331 331 332 335 338 340 343 346 350 353 355 358 2 4 3 4 5 1 356 351 348 345 342 341 341 341 342 342 341 340 341 342 343 342 341 339 338 338 339 340 342 344 344 345 347 348 345 343 342 345 347 343 336 333 332 333 334 336 338 341 344 345 345 344 344 347 350 351 350 350 351 353 352 352 352 350 347 345 344 345 345 344 341 340 340 340 340 341 343 343 341
341 344 347 341 333 330 331 334 338 341 344 347 350 355 358 1 3 5 4 3 4 3 359 355 352 349 345 343 342 341 340 340 341 342 343 343 343 342 341 341 340 340 341 344 347 348 343 339 339 341 343 343 344 346 348 346 340 335 333 332 332 332 332 331 331 333 337 341 340 337 336 339 342 344 347 349 350 350 351 353 354 353 352 349 347 346 346 345 344 346 346 342 340 339 338 339
356 351 344 337 332 330 332 335 340 343 346 348 352 357 2 6 9 8 4 2 2 359 356 354 352 349 347 344 343 341 339 338 340 342 343 345 343 340 340 341 343 344 347 351 350 345 340 336 336 337 339 342 345 349 350 346 340 336 334 333 331 329 324 317 312 311 314 319 324 323 322 323 327 331 337 342 344 344 346 350 353 355 357 354 350 347 347 348 350 352 350 345 340 339 338 339
352 348 342 338 334 332 333 337 340 343 346 349 352 357 4 10 12 8 2 359 356 353 352 351 350 348 346 345 343 341 339 338 339 342 344 344 340 338 339 343 347 350 354 351 345 340 336 333 332 334 336 340 346 350 351 348 343 340 337 335 332 325 316 306 298 294 294 297 304 308 308 308 310 314 319 327 332 334 337 343 348 353 356 356 353 349 348 348 351 354 351 345 341 341 342 341
338 339 340 338 336 334 335 338 340 343 345 349 353 358 5 11 11 5 0 355 350 348 347 347 346 345 344 343 342 341 340 339 341 343 346 342 337 336 341 348 352 353 349 344 340 337 333 330 330 331 334 339 344 348 350 349 347 346 344 343 340 332 321 312 306 302 302 303 307 308 305 301 298 300 305 312 319 324 330 336 341 346 353 356 356 352 348 347 349 351 350 345 341 341 342 340
324 329 336 337 336 336 337 338 340 342 344 348 353 359 5 9 7 2 359 354 348 344 342 340 340 339 339 340 340 341 341 343 345 347 345 339 334 335 343 348 350 347 342 339 337 335 332 330 329 330 334 338 343 346 348 350 351 352 353 353 351 343 333 326 322 319 317 316 315 314 309 303 296 293 295 301 307 311 319 326 331 337 347 354 357 355 350 348 349 350 350 347 342 340 339 337
314 318 329 334 336 337 337 338 339 341 343 347 353 358 2 5 3 0 359 355 349 344 340 338 336 335 335 337 339 342 346 351 354 350 342 336 334 337 341 343 343 342 339 336 335 334 332 331 331 332 334 337 341 345 347 349 353 358 1 1 356 346 338 334 331 329 327 325 322 318 315 311 305 298 296 298 298 298 304 313 320 328 338 347 353 355 352 350 350 351 351 348 342 339 338 336
308 313 323 330 335 339 340 340 340 341 343 347 352 356 359 358 359 358 358 354 349 344 341 338 336 334 334 337 341 348 357 3 0 351 344 339 338 340 341 341 339 337 335 334 333 332 333 334 335 335 335 336 339 342 345 348 354 0 3 0 354 347 342 340 338 336 335 334 331 328 325 322 316 309 305 303 300 297 300 306 312 320 329 338 347 353 354 352 350 350 350 348 343 339 338 337
307 310 319 326 333 339 343 344 344 345 346 350 354 356 358 359 357 356 354 351 346 342 340 338 336 335 335 339 348 0 9 4 355 348 346 343 341 341 341 340 338 334 331 330 330 331 333 336 339 340 338 335 336 338 342 348 355 359 359 355 349 345 345 345 346 345 343 341 340 338 337 333 325 319 316 313 308 305 307 309 311 315 321 328 338 348 353 354 351 349 349 348 343 339 339 337
307 309 315 323 330 336 342 346 347 348 349 352 354 357 359 0 357 353 349 345 342 339 338 337 337 336 338 346 1 9 3 353 349 346 345 345 344 342 341 340 338 332 328 327 328 331 334 339 344 346 343 337 335 336 340 348 354 354 352 347 343 342 345 348 351 352 351 348 347 347 346 342 335 329 327 323 318 316 317 318 318 316 316 320 328 339 349 354 354 351 349 347 343 340 339 338
310 311 316 321 326 332 339 345 348 349 350 352 353 356 0 360 358 351 345 339 338 338 338 338 338 337 341 353 2 357 348 345 346 346 345 344 344 343 342 340 337 332 327 326 327 330 334 340 345 348 346 342 338 337 340 347 350 350 347 340 337 338 343 349 354 356 355 354 354 354 353 350 345 340 336 331 328 326 327 328 326 321 316 314 318 327 339 350 354 354 351 347 344 341 340 341
313 315 320 324 326 330 336 343 349 352 352 352 352 354 359 357 357 349 342 337 336 339 341 342 340 337 341 347 344 340 339 340 343 344 344 343 343 343 342 339 335 331 327 326 327 329 334 338 343 346 347 345 342 342 344 346 347 346 342 334 331 333 339 346 351 354 355 357 357 357 356 355 353 350 345 339 336 335 336 335 332 327 319 313 310 314 325 338 350 355 354 350 346 344 343 344
310 314 321 325 327 329 333 341 349 354 356 355 355 356 360 1 355 348 343 342 344 348 355 359 350 335 333 332 327 326 329 333 337 339 340 340 341 341 340 336 332 328 327 328 330 332 334 336 339 342 344 345 344 345 347 347 345 343 336 328 326 328 334 340 345 347 350 354 356 356 356 357 357 356 352 347 344 343 342 340 336 332 326 317 309 307 310 320 336 348 353 352 350 348 346 346
306 307 313 320 324 327 331 337 346 353 357 359 359 360 2 1 355 350 349 355 1 17 13 5 354 341 335 331 325 320 318 321 326 330 332 334 335 336 335 332 328 325 325 328 332 335 335 335 335 337 340 341 343 348 351 350 346 341 331 323 320 322 328 334 338 340 343 349 352 353 355 357 357 356 355 355 354 351 347 344 342 338 331 323 315 310 308 309 317 331 343 349 352 351 346 345
308 306 306 311 317 322 325 332 341 350 357 1 3 3 4 3 358 356 0 16 14 7 5 1 354 345 340 336 332 327 323 322 322 323 325 327 329 331 330 328 324 322 322 324 327 328 329 328 328 331 335 337 341 348 354 353 348 341 329 320 316 318 323 328 331 333 338 343 346 348 350 353 353 353 356 1 3 360 353 349 348 345 337 327 323 320 317 314 313 316 325 338 347 349 345 342
317 314 312 313 316 319 322 325 333 343 354 1 5 6 6 6 4 3 13 14 5 3 2 359 355 349 345 341 339 336 334 332 331 328 326 325 326 327 327 325 322 321 321 320 317 316 317 320 322 326 330 333 338 348 355 355 349 341 330 321 318 319 323 325 327 328 333 339 341 342 346 348 347 348 355 3 5 4 360 356 355 351 341 333 331 331 331 328 324 321 322 328 338 344 342 340
324 323 322 324 326 327 326 326 328 336 347 358 5 8 9 10 9 6 4 5 1 359 358 357 355 352 348 346 343 341 339 338 338 336 331 328 326 326 326 325 324 324 324 324 321 319 320 322 325 327 329 331 336 347 355 355 349 341 331 324 322 323 325 325 325 325 327 332 335 337 343 345 342 343 351 358 2 3 3 3 0 353 345 340 339 340 340 339 335 332 330 331 336 341 343 340
322 324 327 331 334 336 335 333 332 334 340 351 2 9 13 14 10 3 6 358 356 354 354 354 354 353 351 350 348 346 344 341 339 339 337 334 331 329 328 328 329 332 334 332 329 327 328 330 332 333 332 331 335 345 355 355 349 342 332 326 324 326 328 328 327 325 324 325 328 331 338 343 338 338 345 351 355 360 2 3 1 356 350 346 346 348 348 343 338 334 333 335 337 342 345 344
317 321 328 333 337 339 340 340 339 338 338 343 354 7 15 16 9 358 353 351 350 349 350 351 352 352 352 352 352 351 349 345 340 337 336 335 333 331 330 330 334 340 343 340 335 333 334 335 337 338 336 333 334 344 355 355 349 341 332 326 325 328 333 334 333 330 326 323 322 325 333 340 336 334 339 344 348 353 356 358 359 357 355 354 355 356 353 345 338 335 335 335 338 343 348 348
312 316 325 333 337 339 340 343 345 343 339 339 347 2 8 16 6 5 348 345 344 344 345 347 348 348 349 351 352 353 353 349 343 338 335 334 334 333 331 331 335 341 345 344 341 339 338 338 338 339 337 334 333 342 354 354 348 340 331 325 324 328 334 337 338 335 330 323 318 318 326 335 333 329 333 339 342 344 347 350 355 358 359 2 3 359 351 344 341 341 341 341 341 345 351 353
309 312 322 331 334 336 338 343 347 345 342 342 347 354 3 10 11 354 354 342 340 339 340 341 343 344 346 348 350 353 354 352 347 341 336 334 334 335 333 332 334 339 344 345 345 344 343 341 340 338 336 335 335 342 352 353 346 339 331 325 322 323 327 331 333 333 329 322 314 311 319 328 327 324 327 334 337 337 337 342 349 356 2 6 6 358 348 344 344 346 348 348 349 352 357 358
308 311 320 330 333 335 338 344 347 346 344 347 353 4 1 20 5 354 350 346 341 338 337 338 339 340 342 344 347 351 352 351 347 342 337 335 336 337 336 335 336 339 341 344 346 347 347 347 346 344 341 339 338 343 350 350 344 338 332 326 321 319 318 318 319 321 323 321 315 309 311 318 320 319 323 331 335 332 330 335 345 353 360 4 2 353 346 344 346 348 351 353 356 0 3 3
311 314 323 332 335 338 341 345 347 345 346 350 359 8 6 359 356 355 354 351 345 340 339 338 337 337 338 340 343 346 348 347 344 340 337 336 336 336 337 338 340 341 341 342 344 346 348 348 349 348 347 346 345 346 349 348 341 337 334 328 323 322 321 318 318 320 322 321 319 313 310 311 312 312 317 326 332 327 325 332 343 349 352 355 354 350 347 346 347 349 352 356 1 6 9 9
316 319 327 334 337 340 342 344 345 345 347 354 4 9 4 359 356 355 355 352 347 342 341 340 340 339 339 339 340 342 343 342 340 339 338 337 334 334 335 339 342 344 344 343 342 343 344 345 346 348 350 352 352 351 350 347 342 339 338 333 330 331 331 329 328 328 326 323 322 320 316 311 305 302 305 314 321 320 320 328 342 346 345 345 346 346 346 348 349 352 355 359 3 9 15 14
