project/data/elevation/US_DEM2016/US_DEM2016_point_10-30-2019_0124_30m_vel.asc
ncols	125
nrows	167
xllcorner	-2042055.000000
yllcorner	1465035.000000
cellsize	30.000000
NODATA_value	-9999.000000
[rows 114 to 151 of 167, columns 0 to 83 of 125]
1.42 1.29 1.13 1.06 1.08 1.23 1.43 1.46 1.35 1.30 1.33 1.34 1.33 1.36 1.42 1.48 1.56 1.64 1.68 1.80 2.08 2.15 1.74 1.33 1.53 1.85 1.99 1.99 1.87 1.75 1.73 1.68 1.54 1.36 1.17 0.91 0.58 0.48 0.66 0.94 1.19 1.42 1.77 2.12 2.17 1.93 1.60 1.26 1.18 1.52 1.93 2.17 2.19 2.01 1.74 1.50 1.29 1.08 0.89 0.76 0.75 0.88 1.06 1.29 1.51 1.76 2.03 2.12 1.97 1.71 1.46 1.23 0.99 0.89 1.02 1.22 1.37 1.56 1.96 2.44 2.38 1.86 1.52 1.38
1.48 1.35 1.17 1.09 1.09 1.21 1.38 1.38 1.26 1.22 1.29 1.31 1.32 1.36 1.47 1.60 1.69 1.73 1.74 1.83 2.04 2.10 1.70 1.35 1.48 1.70 1.82 1.96 1.94 1.81 1.73 1.70 1.60 1.38 1.14 0.90 0.65 0.56 0.71 0.98 1.23 1.46 1.81 2.14 2.15 1.85 1.49 1.21 1.17 1.48 1.91 2.15 2.16 2.01 1.77 1.51 1.31 1.16 0.97 0.80 0.77 0.88 1.03 1.27 1.52 1.76 2.00 2.09 1.96 1.70 1.45 1.22 0.99 0.90 1.02 1.19 1.34 1.55 1.95 2.44 2.42 1.92 1.58 1.41
1.53 1.41 1.21 1.12 1.09 1.15 1.27 1.29 1.22 1.22 1.29 1.35 1.38 1.48 1.62 1.74 1.77 1.73 1.71 1.74 1.88 2.03 1.85 1.49 1.43 1.48 1.61 1.87 2.00 1.88 1.71 1.69 1.67 1.47 1.19 0.95 0.70 0.58 0.72 1.02 1.25 1.47 1.81 2.11 2.12 1.85 1.47 1.17 1.17 1.49 1.87 2.09 2.11 2.00 1.82 1.58 1.36 1.22 1.03 0.83 0.79 0.89 1.03 1.23 1.50 1.75 1.94 2.05 1.98 1.71 1.45 1.21 0.99 0.90 1.01 1.18 1.31 1.53 1.92 2.39 2.44 2.02 1.63 1.47
1.56 1.44 1.25 1.15 1.08 1.08 1.18 1.24 1.23 1.26 1.33 1.42 1.52 1.64 1.75 1.81 1.74 1.63 1.61 1.58 1.68 1.95 2.00 1.73 1.44 1.31 1.40 1.75 2.03 1.97 1.71 1.61 1.65 1.57 1.35 1.05 0.71 0.54 0.70 1.02 1.25 1.49 1.80 2.04 2.06 1.89 1.58 1.21 1.19 1.51 1.82 1.98 2.02 2.00 1.90 1.68 1.46 1.29 1.09 0.85 0.77 0.87 1.02 1.19 1.46 1.70 1.86 2.02 2.03 1.77 1.46 1.19 0.97 0.89 1.02 1.18 1.31 1.50 1.87 2.32 2.43 2.10 1.68 1.53
1.57 1.46 1.29 1.18 1.08 1.05 1.14 1.23 1.25 1.28 1.40 1.54 1.66 1.75 1.80 1.76 1.60 1.50 1.51 1.44 1.53 1.86 2.06 1.93 1.56 1.24 1.23 1.59 2.02 2.06 1.76 1.54 1.54 1.59 1.47 1.15 0.74 0.54 0.70 1.02 1.27 1.52 1.79 1.94 1.93 1.91 1.77 1.37 1.24 1.47 1.75 1.86 1.90 1.97 1.96 1.77 1.54 1.36 1.15 0.89 0.74 0.81 1.00 1.17 1.39 1.60 1.77 2.00 2.08 1.84 1.48 1.19 0.96 0.88 1.01 1.18 1.31 1.48 1.84 2.28 2.42 2.14 1.76 1.59
1.57 1.48 1.34 1.22 1.09 1.05 1.14 1.21 1.25 1.32 1.50 1.66 1.72 1.76 1.76 1.65 1.51 1.46 1.42 1.35 1.48 1.80 2.07 2.07 1.72 1.23 1.09 1.46 1.96 2.09 1.86 1.57 1.46 1.50 1.49 1.23 0.81 0.60 0.74 1.04 1.32 1.57 1.78 1.81 1.73 1.86 1.94 1.66 1.34 1.41 1.65 1.76 1.80 1.92 1.98 1.83 1.61 1.40 1.20 0.96 0.75 0.76 0.98 1.16 1.32 1.51 1.71 1.99 2.10 1.87 1.50 1.20 0.96 0.87 1.00 1.18 1.29 1.46 1.84 2.29 2.43 2.17 1.83 1.65
1.61 1.52 1.37 1.23 1.09 1.07 1.15 1.20 1.28 1.44 1.60 1.69 1.70 1.71 1.69 1.57 1.48 1.43 1.34 1.33 1.49 1.75 2.07 2.15 1.82 1.27 1.04 1.35 1.87 2.06 1.95 1.68 1.46 1.41 1.41 1.24 0.90 0.70 0.81 1.07 1.36 1.61 1.75 1.65 1.52 1.75 2.04 1.92 1.51 1.39 1.55 1.70 1.74 1.85 1.94 1.86 1.66 1.43 1.21 1.00 0.79 0.78 0.98 1.16 1.30 1.48 1.72 2.00 2.08 1.85 1.50 1.21 0.98 0.86 0.99 1.18 1.27 1.45 1.86 2.29 2.43 2.20 1.88 1.69
1.68 1.58 1.39 1.22 1.10 1.10 1.16 1.21 1.36 1.56 1.65 1.64 1.62 1.65 1.62 1.52 1.46 1.39 1.31 1.37 1.52 1.75 2.05 2.16 1.88 1.39 1.09 1.27 1.73 2.00 2.00 1.81 1.54 1.36 1.31 1.20 0.98 0.82 0.87 1.10 1.38 1.63 1.68 1.48 1.34 1.65 2.07 2.10 1.73 1.44 1.50 1.64 1.69 1.75 1.85 1.86 1.71 1.48 1.23 0.99 0.82 0.84 1.01 1.18 1.34 1.51 1.74 1.98 2.04 1.83 1.49 1.21 1.00 0.88 1.00 1.17 1.28 1.47 1.86 2.25 2.42 2.26 1.94 1.69
1.77 1.63 1.38 1.21 1.11 1.13 1.17 1.24 1.46 1.63 1.63 1.56 1.55 1.59 1.53 1.47 1.45 1.39 1.36 1.43 1.55 1.75 2.02 2.14 1.94 1.50 1.16 1.20 1.56 1.89 2.00 1.92 1.67 1.39 1.25 1.17 1.03 0.90 0.91 1.12 1.42 1.61 1.57 1.32 1.26 1.59 2.05 2.21 1.95 1.56 1.50 1.59 1.61 1.64 1.73 1.81 1.77 1.57 1.27 0.97 0.83 0.90 1.05 1.21 1.37 1.53 1.73 1.95 2.00 1.80 1.49 1.20 0.99 0.91 1.01 1.18 1.32 1.50 1.81 2.20 2.42 2.34 2.01 1.69
1.84 1.68 1.39 1.20 1.13 1.16 1.20 1.27 1.49 1.64 1.59 1.51 1.51 1.50 1.42 1.45 1.48 1.43 1.40 1.43 1.51 1.71 1.99 2.15 2.00 1.60 1.24 1.16 1.39 1.76 1.97 1.99 1.78 1.47 1.28 1.18 1.05 0.91 0.91 1.14 1.42 1.50 1.39 1.24 1.29 1.58 1.99 2.26 2.12 1.73 1.55 1.55 1.53 1.52 1.60 1.73 1.80 1.65 1.32 1.00 0.87 0.94 1.08 1.24 1.41 1.55 1.71 1.92 1.96 1.77 1.49 1.21 0.98 0.92 1.04 1.22 1.36 1.49 1.73 2.12 2.44 2.42 2.07 1.69
1.90 1.74 1.43 1.22 1.15 1.19 1.23 1.28 1.44 1.59 1.57 1.52 1.47 1.37 1.30 1.46 1.53 1.44 1.37 1.36 1.45 1.69 2.01 2.18 2.02 1.65 1.35 1.19 1.27 1.58 1.89 2.01 1.89 1.57 1.33 1.19 1.04 0.91 0.92 1.15 1.36 1.33 1.24 1.26 1.38 1.59 1.94 2.27 2.22 1.89 1.66 1.56 1.48 1.44 1.48 1.65 1.79 1.68 1.37 1.08 0.93 0.96 1.09 1.28 1.46 1.55 1.69 1.88 1.92 1.72 1.47 1.24 0.97 0.93 1.09 1.25 1.37 1.46 1.66 2.06 2.43 2.46 2.14 1.74
1.92 1.78 1.48 1.24 1.16 1.20 1.24 1.27 1.35 1.50 1.48 1.55 1.44 1.25 1.28 1.47 1.52 1.41 1.31 1.31 1.45 1.73 2.06 2.20 2.00 1.66 1.44 1.27 1.20 1.41 1.77 2.00 1.97 1.68 1.36 1.17 1.04 0.92 0.94 1.12 1.26 1.21 1.21 1.32 1.45 1.62 1.93 2.25 2.25 2.01 1.76 1.59 1.47 1.39 1.41 1.56 1.71 1.66 1.42 1.14 0.97 0.99 1.12 1.34 1.50 1.53 1.64 1.84 1.89 1.68 1.43 1.21 0.98 0.98 1.15 1.27 1.35 1.44 1.62 2.00 2.40 2.50 2.23 1.84
1.95 1.80 1.51 1.27 1.17 1.21 1.26 1.25 1.29 1.43 1.55 1.55 1.38 1.22 1.29 1.41 1.43 1.37 1.32 1.35 1.52 1.80 2.12 2.18 1.92 1.64 1.51 1.34 1.18 1.30 1.64 1.96 2.02 1.78 1.41 1.19 1.07 0.96 0.96 1.07 1.18 1.21 1.25 1.34 1.46 1.63 1.93 2.21 2.25 2.05 1.83 1.64 1.49 1.37 1.34 1.46 1.59 1.62 1.46 1.16 0.98 1.02 1.16 1.37 1.47 1.49 1.61 1.82 1.86 1.65 1.36 1.13 0.99 1.06 1.20 1.29 1.36 1.44 1.58 1.90 2.34 2.53 2.33 1.92
1.99 1.82 1.51 1.33 1.24 1.25 1.27 1.24 1.26 1.38 1.37 1.48 1.34 1.25 1.30 1.36 1.38 1.38 1.40 1.48 1.61 1.86 2.15 2.12 1.81 1.62 1.54 1.37 1.21 1.26 1.54 1.87 2.02 1.87 1.52 1.26 1.13 1.01 0.96 1.04 1.16 1.22 1.24 1.31 1.45 1.63 1.90 2.17 2.23 2.07 1.88 1.71 1.55 1.39 1.31 1.37 1.50 1.56 1.46 1.17 0.98 1.06 1.21 1.34 1.41 1.47 1.63 1.81 1.82 1.59 1.28 1.07 1.02 1.12 1.25 1.31 1.40 1.49 1.57 1.81 2.25 2.52 2.38 1.94
2.02 1.82 1.52 1.41 1.35 1.32 1.28 1.22 1.22 1.23 1.40 1.38 1.32 1.30 1.35 1.38 1.41 1.45 1.51 1.57 1.65 1.87 2.10 2.03 1.76 1.62 1.53 1.36 1.25 1.30 1.47 1.76 1.98 1.94 1.66 1.38 1.19 1.03 0.93 0.99 1.13 1.18 1.21 1.31 1.45 1.63 1.86 2.09 2.19 2.11 1.93 1.76 1.60 1.42 1.29 1.34 1.44 1.47 1.41 1.18 1.00 1.09 1.24 1.32 1.38 1.51 1.69 1.79 1.71 1.46 1.22 1.09 1.08 1.19 1.28 1.33 1.42 1.54 1.63 1.81 2.21 2.52 2.40 1.92
2.02 1.83 1.56 1.49 1.47 1.38 1.27 1.19 1.18 1.19 1.34 1.33 1.32 1.37 1.42 1.44 1.47 1.52 1.56 1.58 1.60 1.79 2.03 2.02 1.82 1.64 1.49 1.34 1.29 1.34 1.45 1.65 1.90 1.98 1.79 1.48 1.23 1.04 0.91 0.92 1.05 1.15 1.23 1.35 1.48 1.64 1.81 1.98 2.13 2.15 2.02 1.85 1.68 1.46 1.29 1.33 1.39 1.37 1.34 1.20 1.04 1.12 1.25 1.33 1.42 1.58 1.72 1.72 1.54 1.31 1.18 1.14 1.16 1.24 1.33 1.36 1.41 1.54 1.69 1.89 2.24 2.51 2.36 1.89
2.00 1.86 1.64 1.57 1.53 1.40 1.25 1.17 1.16 1.23 1.31 1.33 1.34 1.42 1.48 1.48 1.50 1.54 1.54 1.50 1.50 1.66 1.96 2.08 1.93 1.66 1.45 1.35 1.33 1.36 1.43 1.58 1.82 1.98 1.87 1.57 1.29 1.08 0.91 0.87 1.01 1.17 1.30 1.42 1.53 1.63 1.73 1.84 2.02 2.17 2.15 1.99 1.78 1.52 1.32 1.33 1.37 1.30 1.23 1.17 1.10 1.14 1.26 1.36 1.49 1.63 1.67 1.57 1.35 1.21 1.18 1.19 1.23 1.29 1.37 1.40 1.43 1.52 1.70 1.95 2.28 2.47 2.29 1.91
2.02 1.90 1.70 1.60 1.51 1.39 1.26 1.19 1.17 1.20 1.28 1.32 1.35 1.43 1.48 1.48 1.49 1.51 1.47 1.40 1.40 1.56 1.90 2.15 2.04 1.69 1.44 1.37 1.35 1.34 1.40 1.56 1.77 1.92 1.88 1.65 1.40 1.17 0.93 0.86 1.01 1.23 1.37 1.46 1.54 1.58 1.60 1.67 1.88 2.14 2.25 2.14 1.87 1.56 1.35 1.35 1.38 1.28 1.16 1.12 1.11 1.17 1.27 1.39 1.54 1.62 1.56 1.38 1.23 1.18 1.21 1.24 1.28 1.32 1.37 1.41 1.46 1.56 1.73 1.99 2.30 2.42 2.23 1.94
2.04 1.93 1.75 1.62 1.47 1.35 1.29 1.25 1.21 1.20 1.25 1.29 1.33 1.40 1.45 1.46 1.47 1.43 1.36 1.33 1.37 1.54 1.89 2.17 2.10 1.74 1.45 1.37 1.35 1.33 1.40 1.55 1.72 1.83 1.84 1.72 1.53 1.28 0.97 0.86 1.01 1.24 1.38 1.47 1.51 1.48 1.46 1.53 1.75 2.08 2.31 2.23 1.92 1.59 1.39 1.38 1.40 1.27 1.13 1.07 1.10 1.19 1.28 1.40 1.56 1.58 1.40 1.22 1.18 1.21 1.26 1.28 1.31 1.36 1.37 1.41 1.49 1.62 1.82 2.07 2.34 2.38 2.17 1.92
2.04 1.95 1.79 1.64 1.46 1.30 1.27 1.32 1.30 1.20 1.19 1.25 1.28 1.33 1.40 1.46 1.42 1.33 1.28 1.34 1.43 1.60 1.92 2.17 2.12 1.80 1.46 1.35 1.34 1.35 1.41 1.54 1.66 1.73 1.78 1.76 1.64 1.41 1.05 0.88 0.98 1.18 1.36 1.47 1.45 1.37 1.36 1.46 1.70 2.06 2.33 2.27 1.94 1.62 1.44 1.42 1.41 1.27 1.10 1.04 1.10 1.20 1.28 1.38 1.54 1.52 1.27 1.12 1.17 1.24 1.28 1.30 1.33 1.37 1.38 1.43 1.51 1.66 1.92 2.19 2.36 2.31 2.06 1.86
2.05 1.96 1.80 1.66 1.46 1.26 1.22 1.35 1.38 1.21 1.13 1.21 1.27 1.29 1.36 1.42 1.35 1.23 1.27 1.40 1.49 1.64 1.94 2.16 2.12 1.85 1.49 1.32 1.32 1.37 1.44 1.52 1.58 1.64 1.74 1.77 1.69 1.50 1.18 0.93 0.92 1.09 1.34 1.45 1.37 1.28 1.33 1.44 1.70 2.10 2.34 2.24 1.93 1.66 1.50 1.46 1.43 1.28 1.09 1.05 1.10 1.27 1.27 1.37 1.50 1.45 1.19 1.10 1.18 1.24 1.28 1.32 1.37 1.39 1.41 1.46 1.57 1.74 2.00 2.24 2.31 2.19 1.96 1.80
2.09 1.98 1.80 1.66 1.49 1.26 1.19 1.33 1.41 1.24 1.14 1.23 1.31 1.31 1.30 1.31 1.26 1.21 1.30 1.43 1.50 1.65 1.97 2.16 2.11 1.89 1.54 1.31 1.30 1.37 1.45 1.50 1.52 1.58 1.71 1.76 1.69 1.54 1.31 1.02 0.89 1.02 1.28 1.39 1.29 1.24 1.33 1.45 1.75 2.16 2.32 2.16 1.89 1.70 1.57 1.51 1.46 1.29 1.10 1.08 1.12 1.17 1.25 1.35 1.46 1.39 1.16 1.11 1.19 1.23 1.25 1.34 1.42 1.44 1.46 1.51 1.65 1.87 2.08 2.18 2.18 2.10 1.94 1.77
2.18 2.02 1.76 1.64 1.53 1.33 1.19 1.28 1.40 1.30 1.21 1.29 1.39 1.35 1.21 1.16 1.19 1.22 1.29 1.39 1.48 1.67 1.99 2.16 2.09 1.92 1.61 1.34 1.29 1.37 1.44 1.48 1.50 1.57 1.70 1.72 1.65 1.55 1.38 1.12 0.92 0.99 1.19 1.30 1.27 1.27 1.34 1.47 1.83 2.22 2.27 2.03 1.83 1.73 1.64 1.57 1.50 1.32 1.15 1.13 1.15 1.14 1.21 1.32 1.40 1.32 1.14 1.11 1.19 1.20 1.24 1.36 1.47 1.52 1.55 1.62 1.77 1.99 2.08 2.00 1.99 2.06 1.98 1.79
2.25 2.03 1.70 1.59 1.53 1.37 1.24 1.27 1.37 1.35 1.31 1.38 1.45 1.34 1.11 1.04 1.14 1.21 1.24 1.34 1.49 1.70 2.01 2.15 2.07 1.93 1.69 1.42 1.31 1.35 1.41 1.45 1.48 1.57 1.67 1.67 1.60 1.53 1.39 1.16 1.00 1.02 1.16 1.26 1.30 1.32 1.35 1.52 1.95 2.26 2.17 1.87 1.75 1.75 1.70 1.64 1.56 1.39 1.23 1.21 1.17 1.11 1.16 1.29 1.35 1.26 1.11 1.11 1.17 1.18 1.24 1.38 1.52 1.61 1.65 1.74 1.89 2.04 1.98 1.76 1.78 2.00 2.01 1.86
2.27 2.03 1.67 1.58 1.52 1.41 1.31 1.30 1.34 1.38 1.40 1.44 1.44 1.28 1.04 0.99 1.09 1.17 1.21 1.36 1.53 1.73 2.01 2.13 2.05 1.93 1.75 1.53 1.38 1.35 1.37 1.40 1.44 1.54 1.63 1.59 1.51 1.46 1.33 1.18 1.11 1.13 1.21 1.29 1.36 1.36 1.38 1.62 2.05 2.23 2.03 1.73 1.67 1.74 1.75 1.69 1.62 1.47 1.33 1.27 1.16 1.06 1.11 1.25 1.32 1.23 1.08 1.08 1.14 1.18 1.28 1.42 1.58 1.67 1.72 1.82 1.96 2.02 1.85 1.57 1.62 1.88 1.96 1.94
2.23 2.04 1.74 1.62 1.56 1.48 1.39 1.32 1.32 1.36 1.43 1.45 1.38 1.20 1.03 0.99 1.08 1.15 1.24 1.42 1.57 1.76 2.00 2.10 2.02 1.91 1.78 1.62 1.48 1.39 1.34 1.33 1.39 1.49 1.55 1.50 1.42 1.38 1.30 1.22 1.22 1.25 1.30 1.38 1.42 1.40 1.46 1.74 2.08 2.15 1.89 1.63 1.59 1.71 1.78 1.75 1.67 1.55 1.41 1.29 1.12 1.01 1.08 1.23 1.31 1.23 1.05 1.05 1.12 1.21 1.35 1.49 1.62 1.69 1.72 1.83 1.99 2.02 1.80 1.49 1.49 1.73 1.87 1.98
2.14 2.04 1.86 1.71 1.62 1.54 1.43 1.34 1.31 1.33 1.39 1.42 1.30 1.14 1.04 1.04 1.11 1.17 1.30 1.47 1.59 1.77 1.98 2.04 1.99 1.91 1.80 1.68 1.56 1.47 1.34 1.27 1.32 1.41 1.46 1.41 1.34 1.31 1.29 1.29 1.33 1.38 1.42 1.45 1.45 1.43 1.53 1.80 2.07 2.04 1.78 1.56 1.50 1.66 1.82 1.81 1.73 1.61 1.43 1.25 1.09 1.02 1.10 1.24 1.31 1.21 1.04 1.02 1.10 1.25 1.44 1.55 1.61 1.65 1.68 1.80 2.00 2.09 1.87 1.49 1.38 1.54 1.77 2.01
2.05 2.04 1.95 1.76 1.61 1.52 1.43 1.37 1.32 1.28 1.29 1.32 1.24 1.11 1.06 1.10 1.16 1.23 1.37 1.51 1.61 1.77 1.92 1.99 1.97 1.91 1.82 1.70 1.61 1.53 1.38 1.23 1.22 1.30 1.35 1.34 1.30 1.30 1.31 1.36 1.44 1.52 1.52 1.48 1.44 1.44 1.56 1.82 2.03 1.95 1.71 1.49 1.41 1.62 1.85 1.87 1.78 1.63 1.42 1.22 1.11 1.09 1.16 1.27 1.29 1.18 1.05 1.03 1.11 1.29 1.49 1.55 1.56 1.60 1.63 1.75 2.01 2.17 1.98 1.52 1.28 1.40 1.67 1.99
2.05 2.06 2.00 1.78 1.55 1.45 1.45 1.43 1.33 1.20 1.17 1.20 1.18 1.11 1.10 1.16 1.22 1.31 1.44 1.53 1.61 1.73 1.85 1.94 1.98 1.94 1.83 1.69 1.62 1.57 1.43 1.23 1.15 1.19 1.25 1.30 1.32 1.33 1.36 1.45 1.57 1.62 1.55 1.46 1.40 1.42 1.57 1.83 1.98 1.87 1.64 1.41 1.35 1.59 1.87 1.93 1.81 1.61 1.40 1.24 1.17 1.17 1.23 1.29 1.25 1.14 1.06 1.07 1.14 1.33 1.50 1.51 1.51 1.57 1.60 1.74 2.04 2.22 2.06 1.56 1.22 1.30 1.57 1.90
2.08 2.09 2.04 1.81 1.50 1.37 1.45 1.47 1.33 1.15 1.07 1.10 1.13 1.12 1.14 1.20 1.29 1.39 1.49 1.52 1.56 1.64 1.76 1.91 2.01 1.99 1.83 1.65 1.60 1.59 1.47 1.26 1.12 1.10 1.16 1.27 1.35 1.39 1.46 1.58 1.66 1.62 1.50 1.40 1.36 1.41 1.59 1.84 1.93 1.79 1.55 1.35 1.34 1.59 1.88 1.95 1.82 1.58 1.37 1.28 1.25 1.23 1.25 1.27 1.22 1.12 1.08 1.12 1.19 1.33 1.47 1.49 1.50 1.54 1.61 1.80 2.07 2.23 2.08 1.62 1.22 1.20 1.44 1.80
2.12 2.12 2.05 1.83 1.49 1.32 1.39 1.46 1.36 1.17 1.04 1.05 1.10 1.12 1.16 1.23 1.34 1.43 1.47 1.47 1.49 1.57 1.72 1.91 2.04 2.02 1.82 1.62 1.58 1.58 1.48 1.28 1.10 1.05 1.12 1.25 1.38 1.50 1.60 1.69 1.67 1.54 1.41 1.36 1.37 1.43 1.62 1.85 1.87 1.70 1.47 1.32 1.34 1.59 1.88 1.95 1.82 1.59 1.39 1.36 1.36 1.27 1.22 1.23 1.21 1.14 1.11 1.16 1.22 1.31 1.44 1.50 1.49 1.51 1.67 1.91 2.11 2.19 2.07 1.68 1.24 1.11 1.32 1.75
2.14 2.14 2.05 1.81 1.51 1.31 1.33 1.40 1.38 1.24 1.07 1.04 1.08 1.12 1.17 1.25 1.35 1.41 1.42 1.43 1.46 1.54 1.72 1.94 2.06 2.01 1.81 1.63 1.56 1.52 1.47 1.29 1.06 1.02 1.12 1.24 1.40 1.59 1.72 1.74 1.62 1.43 1.34 1.38 1.42 1.47 1.64 1.83 1.81 1.60 1.40 1.29 1.35 1.60 1.87 1.92 1.79 1.61 1.45 1.46 1.47 1.31 1.18 1.19 1.20 1.16 1.15 1.19 1.23 1.29 1.42 1.49 1.45 1.50 1.78 2.06 2.13 2.10 2.00 1.72 1.31 1.08 1.24 1.73
2.13 2.13 2.05 1.81 1.53 1.36 1.34 1.36 1.36 1.28 1.14 1.06 1.07 1.11 1.17 1.24 1.31 1.36 1.40 1.44 1.46 1.56 1.79 2.00 2.05 1.96 1.81 1.67 1.51 1.43 1.44 1.29 1.04 1.02 1.14 1.24 1.42 1.65 1.79 1.79 1.61 1.36 1.31 1.41 1.46 1.49 1.63 1.79 1.74 1.52 1.32 1.27 1.40 1.66 1.85 1.87 1.75 1.60 1.52 1.56 1.56 1.38 1.19 1.16 1.17 1.17 1.18 1.22 1.25 1.32 1.42 1.44 1.43 1.57 1.93 2.16 2.08 1.93 1.90 1.77 1.42 1.11 1.21 1.68
2.00 2.08 2.10 1.87 1.58 1.45 1.41 1.37 1.31 1.29 1.21 1.08 1.04 1.10 1.17 1.23 1.27 1.33 1.42 1.49 1.50 1.62 1.87 2.04 2.01 1.88 1.79 1.68 1.44 1.33 1.42 1.31 1.05 1.04 1.16 1.26 1.43 1.67 1.83 1.84 1.63 1.34 1.28 1.40 1.45 1.48 1.62 1.74 1.67 1.43 1.23 1.29 1.51 1.72 1.82 1.80 1.69 1.59 1.57 1.61 1.62 1.50 1.30 1.18 1.15 1.16 1.19 1.23 1.28 1.33 1.37 1.39 1.47 1.73 2.07 2.17 1.97 1.75 1.77 1.79 1.56 1.19 1.16 1.58
1.73 1.93 2.13 2.00 1.73 1.55 1.48 1.39 1.29 1.27 1.24 1.08 1.01 1.09 1.18 1.23 1.28 1.35 1.44 1.49 1.53 1.68 1.93 2.07 1.97 1.79 1.72 1.64 1.40 1.30 1.38 1.32 1.11 1.09 1.19 1.28 1.45 1.68 1.85 1.86 1.66 1.37 1.26 1.33 1.39 1.46 1.62 1.70 1.58 1.31 1.19 1.38 1.64 1.75 1.76 1.71 1.62 1.57 1.59 1.62 1.66 1.62 1.46 1.24 1.11 1.11 1.18 1.23 1.26 1.28 1.30 1.41 1.61 1.90 2.13 2.13 1.88 1.67 1.67 1.76 1.66 1.30 1.13 1.45
1.43 1.72 2.09 2.11 1.89 1.66 1.53 1.42 1.32 1.26 1.19 1.07 1.01 1.09 1.18 1.23 1.30 1.36 1.39 1.43 1.55 1.75 1.99 2.09 1.94 1.71 1.60 1.56 1.41 1.32 1.34 1.30 1.18 1.16 1.22 1.31 1.48 1.70 1.84 1.84 1.68 1.44 1.28 1.26 1.31 1.44 1.63 1.66 1.47 1.22 1.23 1.51 1.72 1.75 1.70 1.63 1.57 1.54 1.57 1.63 1.68 1.69 1.59 1.32 1.09 1.06 1.15 1.22 1.24 1.23 1.30 1.51 1.76 1.95 2.09 2.05 1.86 1.67 1.63 1.71 1.69 1.43 1.17 1.27
1.26 1.55 1.99 2.16 2.04 1.78 1.59 1.46 1.35 1.22 1.11 1.05 1.04 1.10 1.17 1.23 1.30 1.31 1.30 1.39 1.60 1.84 2.05 2.09 1.89 1.62 1.50 1.49 1.46 1.39 1.31 1.24 1.22 1.22 1.26 1.35 1.51 1.70 1.81 1.79 1.68 1.53 1.36 1.24 1.25 1.41 1.61 1.61 1.37 1.19 1.33 1.62 1.76 1.74 1.65 1.57 1.52 1.49 1.53 1.64 1.71 1.73 1.66 1.41 1.13 1.05 1.13 1.21 1.25 1.25 1.36 1.61 1.79 1.92 2.03 2.00 1.85 1.71 1.63 1.65 1.68 1.52 1.23 1.16
1.17 1.41 1.86 2.15 2.14 1.89 1.64 1.46 1.32 1.19 1.09 1.06 1.06 1.09 1.16 1.22 1.26 1.24 1.26 1.41 1.64 1.88 2.06 2.04 1.79 1.54 1.45 1.49 1.52 1.45 1.29 1.17 1.20 1.25 1.29 1.36 1.50 1.68 1.77 1.74 1.68 1.60 1.46 1.31 1.24 1.35 1.55 1.54 1.30 1.21 1.44 1.70 1.77 1.72 1.62 1.53 1.47 1.43 1.49 1.65 1.73 1.73 1.67 1.51 1.24 1.12 1.15 1.22 1.27 1.30 1.41 1.58 1.70 1.87 2.02 1.98 1.84 1.73 1.63 1.59 1.64 1.57 1.26 1.10
