project/data/elevation/US_DEM2016/US_DEM2016_point_11-01-2019_1927_30m_vel.asc
ncols	125
nrows	167
xllcorner	-2042055.000000
yllcorner	1465035.000000
cellsize	30.000000
NODATA_value	-9999.000000
[rows 76 to 113 of 167, columns 0 to 83 of 125]
5.03 4.98 5.02 5.16 5.29 5.52 5.94 6.35 6.48 6.28 5.97 5.84 6.08 6.61 7.11 7.56 7.80 7.69 7.27 6.83 6.56 6.33 6.06 5.80 5.62 5.46 5.28 5.30 5.51 5.72 5.75 5.56 5.09 4.73 4.69 4.77 4.77 4.59 4.31 4.09 4.02 4.15 4.40 4.45 4.42 4.34 4.25 4.07 3.94 3.93 3.94 3.90 3.87 4.00 4.29 4.55 4.70 4.72 4.75 4.83 4.82 4.54 4.02 3.58 3.36 3.32 3.50 3.79 4.27 4.76 5.04 5.27 5.78 6.47 7.16 7.90 8.59 8.91 8.62 7.80 6.52 4.91 4.11 3.88
5.08 5.01 5.10 5.22 5.37 5.76 6.05 6.02 5.62 5.03 4.72 4.91 5.47 6.22 6.87 7.29 7.36 7.08 6.62 6.20 5.92 5.76 5.63 5.55 5.49 5.39 5.20 5.16 5.28 5.58 5.85 5.94 5.76 5.60 5.48 5.31 5.02 4.62 4.27 4.15 4.22 4.35 4.37 4.22 4.12 4.06 4.04 3.93 3.78 3.70 3.67 3.67 3.69 3.92 4.29 4.62 4.82 4.90 4.95 4.89 4.58 4.05 3.72 3.73 3.97 4.27 4.48 4.73 5.23 6.00 6.54 7.09 7.82 8.51 9.02 9.39 9.46 9.12 8.35 7.54 6.65 5.41 4.43 3.87
5.00 4.80 4.81 4.96 5.07 5.28 5.26 4.99 4.79 4.59 4.75 5.16 5.81 6.56 7.05 7.22 7.03 6.65 6.23 5.84 5.55 5.37 5.28 5.22 5.16 5.07 4.94 4.94 5.01 5.21 5.58 5.92 6.05 5.99 5.80 5.50 5.09 4.65 4.41 4.31 4.23 4.07 3.88 3.71 3.59 3.46 3.24 3.03 2.95 2.96 3.07 3.31 3.70 4.15 4.52 4.78 4.96 5.02 4.92 4.65 4.24 3.91 3.91 4.25 4.82 5.25 5.63 6.18 6.92 7.41 7.82 8.29 8.82 9.24 9.30 9.18 8.76 7.98 7.40 7.20 7.11 6.69 5.93 5.12
4.83 4.49 4.45 4.67 4.73 4.74 4.74 4.82 5.03 5.33 5.68 6.13 6.75 7.27 7.42 7.21 6.79 6.34 5.95 5.61 5.30 5.08 4.95 4.87 4.77 4.63 4.48 4.45 4.40 4.47 4.68 5.18 5.52 5.60 5.48 5.26 4.97 4.59 4.33 4.05 3.75 3.49 3.37 3.41 3.37 3.21 2.94 2.82 2.96 3.26 3.64 4.09 4.55 4.82 4.91 4.88 4.75 4.53 4.16 3.76 3.60 3.73 4.07 4.67 5.40 6.11 6.89 7.54 7.80 7.90 7.96 8.09 8.32 8.32 8.08 7.68 7.12 6.54 6.26 6.43 6.81 7.03 6.85 6.32
4.62 4.35 4.39 4.76 4.91 4.93 5.04 5.32 5.73 6.08 6.49 7.01 7.51 7.62 7.36 6.84 6.28 5.82 5.48 5.19 4.93 4.76 4.64 4.54 4.45 4.32 4.07 3.76 3.45 3.39 3.47 3.87 4.40 4.81 4.96 4.94 4.94 4.69 4.49 4.23 4.01 3.92 3.94 4.05 4.05 3.94 3.73 3.70 3.93 4.34 4.75 5.06 5.19 5.17 4.96 4.77 4.49 4.17 3.89 3.71 3.77 4.05 4.52 5.24 6.05 6.90 7.52 7.63 7.42 7.21 7.09 7.02 6.89 6.59 6.33 6.19 6.05 5.85 5.63 5.53 5.81 6.37 6.73 6.69
4.54 4.45 4.59 5.01 5.27 5.38 5.49 5.75 6.13 6.54 7.02 7.45 7.57 7.28 6.72 6.11 5.56 5.07 4.75 4.50 4.34 4.30 4.31 4.26 4.24 4.17 3.87 3.23 2.71 2.49 2.44 2.64 3.12 3.78 4.30 4.66 4.81 4.99 5.04 5.05 5.10 5.18 5.26 5.23 5.16 5.08 4.94 4.90 5.04 5.12 5.11 5.02 4.94 4.86 4.81 4.79 4.80 4.90 5.03 5.06 5.09 5.23 5.57 6.15 6.75 7.16 7.08 6.57 6.26 6.26 6.26 6.15 5.97 5.65 5.52 5.50 5.58 5.66 5.55 5.25 5.16 5.41 5.97 6.38
4.78 4.78 4.84 4.97 5.16 5.40 5.65 5.97 6.37 6.81 7.20 7.32 7.03 6.45 5.85 5.39 4.97 4.56 4.20 3.96 3.85 3.82 3.80 3.89 4.01 4.08 3.95 3.43 2.66 2.33 2.26 2.41 2.67 3.02 3.63 4.32 4.65 5.02 5.27 5.52 5.77 5.93 5.95 5.82 5.72 5.69 5.65 5.57 5.49 5.24 4.96 4.88 4.96 5.05 5.03 5.03 5.21 5.42 5.65 5.83 5.99 6.17 6.43 6.72 6.95 6.78 6.21 5.79 5.74 5.90 5.91 5.72 5.48 5.26 5.19 5.19 5.27 5.42 5.47 5.34 5.07 4.93 5.12 5.68
5.00 5.06 5.05 4.95 5.02 5.33 5.70 6.12 6.53 6.85 6.98 6.77 6.28 5.73 5.27 4.90 4.58 4.28 3.98 3.70 3.49 3.36 3.31 3.43 3.70 3.98 4.18 4.12 3.65 3.31 3.26 3.35 3.30 3.29 3.64 4.19 4.46 4.82 5.17 5.53 5.75 5.77 5.68 5.55 5.52 5.64 5.72 5.68 5.58 5.42 5.41 5.51 5.54 5.46 5.27 5.21 5.37 5.34 5.49 5.81 6.17 6.43 6.62 6.66 6.53 6.13 5.76 5.77 5.89 5.89 5.70 5.35 4.93 4.62 4.46 4.52 4.65 4.80 4.95 5.05 4.94 4.67 4.47 4.83
4.98 5.05 5.13 5.16 5.26 5.52 5.86 6.25 6.54 6.66 6.52 6.12 5.63 5.20 4.84 4.50 4.19 3.96 3.76 3.47 3.19 3.04 3.06 3.25 3.64 4.11 4.57 4.97 5.22 5.25 5.14 4.84 4.49 4.21 4.10 4.34 4.71 5.11 5.45 5.57 5.41 5.19 5.12 5.21 5.32 5.52 5.73 5.91 6.10 6.22 6.16 6.00 5.75 5.52 5.32 5.31 5.37 5.46 5.68 5.93 6.20 6.36 6.39 6.26 5.98 5.69 5.62 5.81 5.85 5.69 5.37 4.93 4.36 3.84 3.48 3.45 3.58 3.75 4.00 4.25 4.41 4.33 4.05 4.09
4.91 4.97 5.15 5.37 5.61 5.85 6.07 6.23 6.34 6.28 6.01 5.57 5.14 4.77 4.45 4.12 3.76 3.50 3.31 3.11 3.02 3.11 3.35 3.70 4.17 4.62 5.08 5.56 6.04 6.30 6.29 5.97 5.48 5.06 4.89 4.98 5.34 5.68 5.63 5.30 4.91 4.80 4.98 5.20 5.32 5.54 5.90 6.25 6.57 6.74 6.61 6.23 5.87 5.63 5.40 5.38 5.53 5.67 5.77 5.81 5.84 5.84 5.83 5.79 5.58 5.42 5.38 5.45 5.36 5.23 5.06 4.84 4.44 3.86 3.25 2.98 2.80 2.69 2.77 3.00 3.37 3.69 3.63 3.61
4.95 5.06 5.30 5.56 5.81 5.95 5.95 5.91 5.93 5.87 5.59 5.19 4.79 4.42 4.09 3.74 3.37 3.11 3.12 2.99 3.13 3.46 3.87 4.30 4.73 5.08 5.36 5.61 5.87 6.09 6.21 6.23 6.03 5.65 5.40 5.37 5.51 5.49 5.10 4.69 4.54 4.63 4.75 4.87 4.98 5.29 5.70 5.99 6.24 6.44 6.50 6.38 6.18 5.92 5.60 5.46 5.81 5.38 5.40 5.26 5.18 5.15 5.26 5.37 5.32 5.20 5.09 4.99 4.88 4.86 4.91 5.05 5.14 4.97 4.32 3.60 3.02 2.59 2.32 2.69 2.44 2.74 2.94 3.03
5.03 5.15 5.34 5.50 5.57 5.52 5.47 5.54 5.67 5.65 5.33 4.93 4.52 4.11 3.68 3.33 3.20 3.25 3.41 3.53 3.64 3.82 4.11 4.50 4.88 5.13 5.23 5.26 5.30 5.32 5.51 5.86 6.14 6.13 5.91 5.55 5.82 4.75 4.43 4.37 4.37 4.31 4.21 4.25 4.51 4.83 5.07 5.11 5.18 5.34 5.48 5.63 5.74 5.77 5.66 5.48 5.27 5.05 4.95 4.95 4.93 5.01 5.17 5.25 5.21 5.08 4.97 4.85 4.72 4.77 4.96 5.24 5.58 5.89 5.93 5.39 4.72 4.07 3.55 3.17 2.89 2.76 2.79 2.93
5.06 5.13 5.21 5.23 5.16 5.13 5.29 5.62 5.79 5.59 5.14 4.65 4.20 3.75 3.39 4.17 3.51 3.96 4.21 4.30 4.27 4.25 4.37 4.60 4.76 4.81 4.78 4.79 4.90 4.96 5.09 5.39 5.82 6.12 6.14 5.74 5.05 4.55 4.30 4.34 4.28 4.17 4.13 4.24 4.42 4.51 4.44 4.15 3.90 3.77 3.85 4.00 4.26 4.63 4.90 5.05 5.06 5.04 5.06 5.14 5.21 5.27 5.26 5.18 5.09 5.01 4.94 4.88 4.80 4.87 5.07 5.21 5.49 5.99 6.49 6.66 6.51 6.18 5.76 5.25 4.68 4.24 4.17 4.07
5.06 5.11 5.17 5.18 5.18 5.34 5.67 5.89 5.78 5.35 4.75 4.15 3.62 3.24 3.17 3.37 3.76 4.13 4.37 4.54 4.63 4.66 4.67 4.61 4.43 4.23 4.14 4.29 4.62 4.91 5.04 5.10 5.23 5.55 5.80 5.75 5.24 4.82 4.53 4.48 4.48 4.55 4.60 4.60 4.56 4.42 4.14 3.66 3.16 2.96 2.94 3.03 3.23 3.68 4.24 4.69 4.96 5.14 5.25 5.35 5.40 5.27 5.06 4.90 4.86 4.83 4.80 4.82 4.84 4.90 4.98 5.00 5.09 5.39 5.86 6.38 6.70 6.84 6.84 6.71 6.45 6.16 5.89 5.59
5.05 5.10 5.21 5.33 5.48 5.74 5.93 5.81 5.35 4.71 4.03 3.33 2.77 2.57 3.87 2.79 2.99 3.25 3.68 4.09 4.45 4.64 4.58 4.28 3.91 3.70 3.72 3.93 4.16 4.37 4.52 4.56 4.61 4.83 5.26 5.56 5.38 5.07 4.82 4.81 4.88 4.96 4.97 4.97 4.91 4.77 4.55 4.21 3.83 3.57 3.55 3.77 4.19 4.63 4.96 5.10 5.17 5.23 5.24 5.20 5.10 4.88 4.69 4.62 4.62 4.57 4.50 4.60 4.70 4.69 4.65 4.61 4.51 4.46 4.64 5.00 5.49 5.90 6.29 6.59 6.72 6.71 6.63 6.44
5.05 5.10 5.24 5.43 5.66 5.86 5.76 5.30 4.59 3.83 3.18 2.69 2.45 2.36 2.27 2.16 2.18 2.43 2.83 3.30 3.72 4.02 4.04 3.89 3.79 3.79 3.81 3.80 3.69 3.60 3.66 3.80 3.99 4.25 4.70 5.20 5.31 5.08 4.92 5.01 5.09 5.15 5.24 5.45 5.52 5.49 5.40 5.31 5.28 5.24 5.15 5.36 5.69 5.86 5.79 5.48 5.24 5.11 4.96 4.75 4.57 4.42 4.34 4.36 4.37 4.27 4.21 4.34 4.42 4.37 4.29 4.20 3.99 3.77 3.74 3.86 4.12 4.44 4.83 5.26 5.65 5.90 6.00 6.10
5.07 5.13 5.30 5.52 5.70 5.63 5.20 4.50 3.74 3.13 2.76 2.65 2.67 2.71 2.66 2.51 2.43 2.50 2.69 2.95 3.23 3.44 3.62 3.85 4.10 4.25 4.27 4.15 3.98 3.90 3.90 3.98 4.13 4.24 4.36 4.72 5.01 5.00 4.99 5.14 5.24 5.39 5.62 5.94 6.05 6.05 6.02 6.03 6.14 6.32 6.42 6.38 6.17 5.80 5.43 5.21 5.07 4.90 4.63 4.32 4.06 3.96 3.98 4.09 4.19 4.21 4.23 4.29 4.26 4.17 4.10 4.00 3.80 3.53 3.31 3.20 3.27 3.38 3.52 3.76 4.10 4.45 4.59 4.67
5.08 5.13 5.27 5.42 5.37 4.98 4.32 3.60 3.03 2.74 2.70 2.81 2.96 3.14 3.31 3.42 3.44 3.41 3.49 3.68 3.89 4.04 4.19 4.36 4.46 4.60 4.85 5.08 5.22 5.26 5.23 5.19 5.14 4.98 4.59 4.54 4.81 5.04 5.27 5.47 5.62 5.81 6.06 6.25 6.20 6.10 6.08 6.14 6.29 6.49 6.59 6.49 6.11 5.54 5.16 5.12 5.09 4.88 4.52 4.15 3.89 3.80 3.92 4.15 4.39 4.52 4.57 4.50 4.31 4.19 4.07 4.00 3.83 3.49 3.02 2.60 2.43 2.35 2.33 2.49 2.79 3.15 3.27 3.26
5.08 5.09 5.08 4.95 4.56 3.93 3.23 2.72 2.51 2.56 2.74 3.01 3.27 3.55 3.93 4.37 4.70 4.91 5.10 5.29 5.41 5.40 5.28 5.04 4.82 4.84 5.19 5.53 5.73 5.75 5.68 5.55 5.37 5.10 4.70 4.61 4.85 5.25 5.63 5.87 6.01 6.12 6.17 6.13 5.92 5.78 5.81 5.98 6.20 6.36 6.30 6.23 6.20 6.12 5.88 5.57 5.28 5.00 4.73 4.52 4.39 4.34 4.44 4.62 4.75 4.76 4.67 4.57 4.44 4.41 4.37 4.23 3.95 3.42 2.72 2.08 1.79 1.60 1.55 1.69 1.86 2.02 2.22 2.41
5.08 5.07 4.92 4.52 3.89 3.23 2.73 2.47 2.51 2.76 3.08 3.47 3.88 4.31 4.79 5.35 5.82 6.22 6.48 6.52 6.34 6.00 5.57 5.22 5.02 5.06 5.19 5.12 4.92 4.78 4.63 4.53 4.47 4.42 4.46 4.71 5.06 5.47 5.83 6.00 6.02 5.94 5.76 5.54 5.41 5.35 5.43 5.63 5.88 6.08 6.05 6.00 6.04 6.12 6.05 5.72 5.35 5.06 4.88 4.79 4.79 4.87 4.95 5.03 5.01 4.84 4.60 4.54 4.64 4.86 4.87 4.61 4.24 3.65 2.82 2.20 1.88 1.68 1.58 1.64 1.71 1.70 1.79 2.12
5.08 5.04 4.82 4.44 4.02 3.67 3.45 3.32 3.33 3.52 3.80 4.17 4.66 5.20 5.74 6.19 6.56 6.76 6.73 6.44 5.96 5.43 5.06 4.99 5.14 5.32 5.28 4.90 4.45 4.22 4.15 4.17 4.30 4.35 4.51 4.87 5.25 5.56 5.76 5.80 5.71 5.49 5.20 4.96 4.88 4.90 4.94 5.05 5.19 5.23 5.25 5.29 5.33 5.33 5.28 5.22 5.07 4.89 4.75 4.65 4.69 4.90 5.10 5.22 5.16 4.99 4.80 4.77 4.92 5.12 5.07 4.79 4.58 4.34 3.71 3.10 2.65 2.32 2.21 2.23 2.22 2.18 2.26 2.65
5.02 4.91 4.65 4.58 4.45 4.40 4.38 4.41 4.53 4.64 4.74 5.00 5.46 6.02 6.49 6.72 6.71 6.45 5.96 5.34 4.81 4.49 4.48 4.72 5.10 5.52 5.64 5.55 5.42 5.37 5.38 5.36 5.24 5.04 4.94 5.09 5.30 5.46 5.51 5.44 5.22 4.93 4.70 4.60 4.56 4.58 4.61 4.60 4.42 4.10 3.91 3.98 4.17 4.26 4.34 4.51 4.65 4.69 4.68 4.65 4.73 4.95 5.10 5.11 4.98 4.85 4.82 4.87 4.90 4.92 4.84 4.67 4.83 5.06 4.91 4.32 3.73 3.23 3.28 3.37 3.33 3.26 3.42 3.96
4.90 4.75 4.58 4.72 4.70 4.85 5.04 5.29 5.55 5.75 5.86 6.01 6.33 6.67 6.79 6.63 6.21 5.60 4.97 4.47 4.21 4.17 4.34 4.66 5.08 5.62 5.93 6.17 6.33 6.38 6.34 6.19 5.92 5.58 5.30 5.24 5.29 5.30 5.22 5.01 4.69 4.45 4.41 4.49 4.57 4.68 4.75 4.64 4.24 3.74 3.40 3.28 3.23 3.37 3.73 4.17 4.55 4.73 4.78 4.81 4.92 5.06 5.02 4.87 4.66 4.55 4.56 4.58 4.54 4.55 4.50 4.54 5.01 5.61 5.92 5.78 5.29 4.84 4.98 5.05 4.97 4.91 5.07 5.33
4.85 4.76 4.70 4.81 5.04 5.39 5.80 6.12 6.34 6.49 6.61 6.72 6.79 6.71 6.41 5.91 5.32 4.73 4.30 4.12 4.26 4.55 4.85 5.10 5.41 5.71 5.78 5.81 5.89 5.92 5.88 5.83 5.79 5.67 5.40 5.23 5.16 5.02 4.78 4.53 4.40 4.52 4.69 4.82 4.93 5.08 5.11 5.03 4.84 4.61 4.34 4.02 3.66 3.73 4.08 4.47 4.78 4.97 5.06 5.12 5.14 5.15 5.05 4.91 4.76 4.63 4.51 4.46 4.48 4.57 4.61 4.73 5.19 5.75 6.28 6.61 6.71 6.66 6.68 6.67 6.55 6.38 6.23 5.94
4.90 4.85 4.82 4.94 5.26 5.67 6.01 6.25 6.37 6.45 6.54 6.59 6.49 6.14 5.59 5.00 4.48 4.09 3.87 3.92 4.34 4.83 5.18 5.41 5.59 5.59 5.29 4.95 4.77 4.74 4.79 4.99 5.26 5.43 5.33 5.13 4.92 4.66 4.42 4.40 4.68 5.08 5.24 5.26 5.27 5.32 5.29 5.25 5.26 5.40 5.46 5.35 5.09 4.86 4.80 4.80 4.89 5.09 5.32 5.43 5.43 5.43 5.35 5.25 5.13 4.99 4.88 4.91 5.03 5.04 4.99 5.02 5.19 5.44 5.87 6.48 6.98 7.24 7.29 7.19 6.91 6.58 6.16 5.60
4.89 4.87 4.81 4.88 5.10 5.34 5.45 5.51 5.59 5.70 5.81 5.83 5.65 5.28 4.78 4.26 3.86 3.73 3.80 4.04 4.44 4.78 5.06 5.23 5.26 5.05 4.60 4.19 3.89 3.74 3.83 4.09 4.45 4.75 4.95 4.97 4.83 4.69 4.70 4.98 5.34 5.49 5.46 5.41 5.38 5.34 5.23 5.09 5.10 5.26 5.45 5.62 5.65 5.42 5.00 4.75 4.82 5.07 5.34 5.52 5.66 5.76 5.72 5.63 5.49 5.37 5.31 5.33 5.36 5.22 5.11 5.09 5.06 5.12 5.40 5.85 6.27 6.55 6.65 6.64 6.46 6.12 5.63 5.05
4.88 4.89 4.90 4.91 4.91 4.82 4.72 4.64 4.69 4.86 5.01 4.96 4.70 4.31 3.86 3.55 3.58 3.93 4.46 4.89 5.06 5.14 5.19 5.20 5.03 4.58 3.96 3.50 3.19 3.05 3.09 3.22 3.41 3.74 4.15 4.50 4.77 5.01 5.26 5.45 5.49 5.42 5.30 5.27 5.27 5.21 5.05 4.82 4.65 4.54 4.57 4.79 5.06 5.09 4.84 4.67 4.76 5.02 5.29 5.55 5.82 5.99 5.97 5.86 5.70 5.55 5.40 5.25 5.07 4.84 4.82 4.89 4.93 5.00 5.15 5.27 5.35 5.37 5.49 5.77 5.98 5.97 5.79 5.56
5.03 5.14 5.28 5.22 4.97 4.65 4.42 4.27 4.31 4.43 4.41 4.16 3.73 3.26 2.93 3.02 3.61 4.48 5.16 5.53 5.68 5.69 5.62 5.51 5.31 4.97 4.34 3.66 3.24 3.09 3.03 3.04 3.13 3.34 3.70 4.19 4.69 5.06 5.15 5.07 4.96 4.92 4.93 4.98 5.03 5.00 4.86 4.58 4.21 3.90 3.76 3.79 3.99 4.30 4.45 4.54 4.68 4.94 5.22 5.50 5.79 5.98 5.96 5.84 5.70 5.55 5.36 5.12 4.87 4.65 4.60 4.68 4.78 4.81 4.83 4.92 4.86 4.73 4.64 4.84 5.25 5.64 5.96 6.20
5.25 5.39 5.50 5.37 5.10 4.79 4.53 4.39 4.29 4.06 3.64 3.13 2.66 2.38 2.33 2.58 3.28 4.17 4.85 5.34 5.64 5.77 5.75 5.72 5.71 5.62 5.36 4.90 4.53 4.41 4.37 4.26 4.26 4.30 4.44 4.67 4.89 4.95 4.79 4.62 4.51 4.50 4.65 4.79 4.90 4.89 4.76 4.52 4.19 3.87 3.63 3.33 3.14 3.26 3.63 4.10 4.54 4.89 5.15 5.41 5.65 5.74 5.68 5.57 5.52 5.52 5.47 5.33 5.12 4.84 4.65 4.63 4.66 4.66 4.75 4.86 4.80 4.64 4.35 4.16 4.23 4.54 4.97 5.41
5.22 5.22 5.17 5.06 4.90 4.69 4.49 4.26 3.90 3.35 2.68 2.24 2.10 2.23 2.48 2.79 3.18 3.61 4.08 4.61 4.97 5.21 5.44 5.69 5.83 5.89 6.03 6.18 6.23 6.22 6.14 6.05 5.93 5.70 5.51 5.35 5.16 4.95 4.77 4.63 4.53 4.52 4.70 4.86 4.93 4.89 4.81 4.75 4.62 4.34 3.94 3.38 2.89 2.89 3.34 4.00 4.61 4.98 5.22 5.42 5.50 5.43 5.33 5.34 5.42 5.53 5.62 5.59 5.42 5.09 4.85 4.77 4.74 4.68 4.64 4.64 4.69 4.68 4.46 4.07 3.69 3.48 3.53 3.76
4.98 4.80 4.66 4.66 4.60 4.47 4.29 3.85 3.35 2.91 2.64 2.58 2.75 3.19 3.92 4.53 4.51 4.31 4.24 4.28 4.43 4.73 5.23 5.65 5.76 5.82 6.09 6.46 6.75 6.89 6.86 6.74 6.55 6.24 5.89 5.57 5.27 5.03 4.85 4.68 4.66 4.80 4.97 5.00 4.92 4.82 4.82 4.91 4.92 4.65 4.15 3.62 3.44 3.70 4.17 4.55 4.84 5.05 5.25 5.33 5.22 5.08 5.13 5.31 5.45 5.53 5.61 5.69 5.67 5.49 5.23 5.07 4.88 4.61 4.32 4.23 4.41 4.61 4.59 4.31 3.88 3.56 3.43 3.46
4.85 4.67 4.51 4.52 4.57 4.56 4.37 4.02 3.68 3.54 3.72 4.10 4.57 5.29 6.08 6.59 6.73 6.35 5.74 5.37 5.27 5.45 5.78 5.86 5.72 5.63 5.66 5.78 5.96 6.19 6.29 6.28 6.22 6.08 5.89 5.65 5.39 5.15 4.90 4.72 4.82 5.09 5.21 5.03 4.80 4.66 4.68 4.84 5.01 4.96 4.70 4.53 4.63 4.90 5.01 4.93 4.85 4.96 5.10 5.08 4.96 4.94 5.08 5.22 5.29 5.29 5.32 5.46 5.64 5.73 5.56 5.29 4.95 4.56 4.25 4.14 4.28 4.52 4.63 4.60 4.56 4.59 4.59 4.44
4.89 4.78 4.65 4.67 4.79 4.93 5.00 4.97 4.93 5.03 5.45 6.06 6.74 7.31 7.63 7.73 7.77 7.64 7.37 7.08 6.87 6.73 6.53 6.13 5.76 5.54 5.36 5.21 5.08 5.05 5.12 5.22 5.30 5.39 5.47 5.51 5.46 5.28 5.04 4.92 4.99 5.03 4.90 4.70 4.58 4.59 4.69 4.92 5.28 5.61 5.76 5.76 5.74 5.65 5.33 4.97 4.90 5.01 5.05 4.99 4.94 4.96 4.96 4.93 4.89 4.82 4.81 4.95 5.21 5.45 5.48 5.31 5.03 4.73 4.49 4.37 4.39 4.51 4.66 4.77 4.90 5.05 5.13 5.08
5.00 4.98 4.94 4.96 5.08 5.26 5.48 5.74 6.06 6.48 6.98 7.48 7.81 7.86 7.68 7.40 7.18 7.24 7.32 7.28 7.15 6.92 6.56 6.09 5.72 5.50 5.34 5.23 5.05 4.77 4.53 4.46 4.50 4.62 4.82 5.05 5.21 5.21 5.10 4.94 4.72 4.43 4.21 4.24 4.52 4.79 5.01 5.26 5.62 6.09 6.43 6.52 6.43 6.21 5.86 5.55 5.46 5.41 5.28 5.15 5.03 4.89 4.75 4.67 4.61 4.51 4.44 4.51 4.70 4.96 5.15 5.16 5.02 4.84 4.68 4.57 4.49 4.50 4.60 4.70 4.75 4.77 4.81 4.88
5.11 5.15 5.15 5.18 5.28 5.42 5.64 6.01 6.57 7.13 7.48 7.55 7.35 6.95 6.50 6.10 5.88 5.92 6.01 6.11 6.16 6.12 5.97 5.76 5.57 5.41 5.29 5.25 5.22 5.12 4.97 4.86 4.87 4.90 4.89 4.89 4.94 5.02 4.97 4.74 4.41 4.19 4.22 4.53 4.95 5.23 5.41 5.57 5.77 6.08 6.40 6.59 6.66 6.67 6.63 6.45 6.23 5.93 5.59 5.29 5.03 4.79 4.66 4.60 4.50 4.37 4.31 4.35 4.48 4.68 4.88 4.95 4.90 4.81 4.73 4.64 4.54 4.53 4.61 4.66 4.68 4.70 4.72 4.74
5.12 5.11 5.13 5.23 5.41 5.62 5.92 6.33 6.77 6.99 6.93 6.64 6.20 5.72 5.31 5.05 4.92 4.89 4.90 5.03 5.23 5.34 5.42 5.43 5.44 5.36 5.21 5.06 5.00 5.10 5.27 5.41 5.50 5.48 5.34 5.12 4.97 4.96 4.90 4.79 4.72 4.77 4.94 5.24 5.51 5.63 5.66 5.69 5.71 5.78 5.95 6.16 6.39 6.64 6.83 6.82 6.57 6.21 5.77 5.34 5.02 4.81 4.67 4.52 4.34 4.29 4.37 4.46 4.55 4.64 4.71 4.75 4.76 4.74 4.66 4.55 4.48 4.50 4.59 4.65 4.69 4.76 4.78 4.79
5.00 4.94 4.99 5.20 5.46 5.78 6.18 6.48 6.54 6.31 5.93 5.57 5.23 4.90 4.60 4.38 4.26 4.27 4.41 4.62 4.83 5.04 5.16 5.20 5.29 5.41 5.35 5.19 5.01 4.94 4.93 4.98 5.04 5.11 5.16 5.14 5.07 5.02 5.01 5.08 5.21 5.30 5.42 5.65 5.81 5.80 5.70 5.59 5.49 5.45 5.46 5.55 5.70 5.91 6.14 6.27 6.20 5.97 5.66 5.34 5.06 4.84 4.59 4.35 4.25 4.34 4.51 4.62 4.66 4.60 4.54 4.55 4.59 4.59 4.50 4.37 4.27 4.27 4.38 4.51 4.57 4.59 4.56 4.57
4.93 4.89 4.94 5.12 5.36 5.69 5.99 6.00 5.74 5.32 4.91 4.55 4.27 4.03 3.82 3.74 3.88 4.16 4.44 4.69 4.98 5.21 5.18 5.08 5.26 5.52 5.58 5.56 5.47 5.24 4.91 4.53 4.30 4.34 4.58 4.81 4.95 5.00 5.08 5.22 5.35 5.45 5.59 5.76 5.76 5.62 5.46 5.32 5.24 5.21 5.17 5.11 5.06 5.02 4.98 5.09 5.21 5.24 5.25 5.21 5.08 4.85 4.57 4.38 4.39 4.52 4.65 4.71 4.65 4.50 4.39 4.36 4.39 4.40 4.39 4.30 4.17 4.11 4.17 4.32 4.35 4.23 4.10 4.05
