project/data/elevation/US_DEM2016/US_DEM2016_point_10-27-2019_2135_30m_vel.asc
ncols	125
nrows	167
xllcorner	-2042055.000000
yllcorner	1465035.000000
cellsize	30.000000
NODATA_value	-9999.000000
[rows 38 to 75 of 167, columns 0 to 83 of 125]
6.88 6.65 6.08 5.56 5.16 4.94 4.69 4.19 3.64 3.22 3.28 3.29 3.77 4.54 5.18 5.08 4.80 4.38 4.19 4.38 4.70 5.00 5.36 5.88 6.49 7.07 7.68 8.28 8.55 8.24 7.19 5.82 4.77 4.31 4.38 4.80 5.13 5.19 5.25 5.42 5.94 6.88 7.65 7.76 7.24 6.34 5.47 4.75 4.19 3.49 2.85 2.65 3.27 4.37 4.55 4.42 4.49 5.02 5.85 6.77 7.24 6.81 5.98 5.19 4.25 3.20 2.25 1.75 1.81 2.60 3.22 3.06 3.32 4.33 4.32 3.78 4.20 5.58 7.05 7.90 8.28 9.05 9.91 10.05
6.93 6.63 6.00 5.42 4.97 4.75 4.58 4.27 3.88 3.59 3.46 3.47 3.61 4.23 4.69 4.69 4.74 4.35 3.92 3.53 3.66 3.92 4.19 4.61 5.34 6.17 6.90 7.67 8.38 8.65 8.13 6.95 5.75 4.94 4.71 4.96 5.26 5.53 5.66 5.50 5.36 5.88 7.01 7.84 7.95 7.29 6.15 5.31 4.64 3.82 3.13 2.79 3.04 3.92 4.35 4.39 4.55 5.13 5.98 6.95 7.32 6.59 5.37 4.78 4.27 3.58 2.73 1.94 1.52 1.87 2.61 2.66 2.82 3.74 3.99 3.31 3.25 4.28 5.66 6.23 6.11 7.03 9.15 10.38
7.07 6.74 6.01 5.36 5.03 4.79 4.64 4.48 4.29 4.17 4.09 4.08 4.07 4.17 4.79 4.92 4.66 4.43 3.85 3.32 3.32 3.58 3.82 4.10 4.70 5.41 6.10 6.85 7.70 8.42 8.52 7.80 6.70 5.87 5.40 5.33 5.56 5.90 6.10 5.93 5.36 5.05 5.72 7.19 8.08 8.03 7.10 6.38 5.85 5.13 4.18 3.42 3.26 3.69 4.10 4.17 4.37 5.01 6.07 7.32 7.77 6.80 5.01 4.22 3.83 3.37 2.93 2.36 1.75 1.58 1.93 2.10 2.31 3.14 3.66 3.10 2.74 3.30 4.62 5.24 4.85 5.33 7.51 9.68
7.27 6.93 6.23 5.67 5.40 5.20 4.98 4.81 4.69 4.63 4.60 4.55 4.51 4.59 4.69 4.69 4.70 4.67 4.31 3.83 3.70 3.85 4.01 4.14 4.38 4.83 5.30 5.88 6.72 7.61 8.30 8.04 7.24 6.47 5.99 5.69 5.60 5.75 6.08 6.27 5.82 5.00 4.94 6.11 7.69 8.12 7.47 6.67 6.38 6.12 5.52 4.49 3.71 3.62 3.85 3.93 4.06 4.62 5.85 7.57 8.33 7.46 5.55 4.40 3.87 3.41 3.10 2.77 2.30 1.87 1.69 1.56 1.70 2.47 3.19 2.87 2.41 2.73 3.90 4.64 4.36 4.38 5.61 7.69
7.33 7.04 6.47 6.05 5.79 5.58 5.31 5.06 4.94 4.91 4.90 4.82 4.69 4.81 5.01 5.08 5.08 5.08 4.91 4.58 4.40 4.43 4.49 4.56 4.72 4.94 5.16 5.45 5.99 6.69 7.57 7.70 7.31 6.82 6.47 5.99 5.35 4.98 5.31 5.99 6.04 5.24 4.62 5.33 7.01 7.85 7.39 6.17 5.74 5.78 5.69 5.09 4.21 3.68 3.74 3.95 4.16 4.57 5.55 7.51 8.65 8.24 6.60 5.22 4.43 3.91 3.52 3.14 2.78 2.43 2.04 1.58 1.34 1.80 2.47 2.29 1.86 2.07 3.10 3.99 4.00 4.00 4.60 5.96
7.26 6.99 6.50 6.15 5.97 5.83 5.63 5.41 5.25 5.18 5.17 5.09 4.91 5.26 5.11 5.23 5.30 5.34 5.26 5.01 4.87 4.94 5.01 5.01 5.09 5.22 5.36 5.51 5.76 6.09 6.75 7.08 6.94 6.65 6.55 6.37 5.67 4.76 4.54 5.24 5.90 5.57 4.74 4.87 6.43 7.62 7.34 5.88 4.82 4.45 4.42 4.45 4.14 3.70 3.70 4.11 4.56 5.02 5.85 7.42 8.75 8.77 7.56 6.23 5.19 4.53 4.10 3.69 3.32 2.95 2.60 2.13 1.66 1.65 1.90 1.76 1.29 1.28 2.06 2.99 3.30 3.61 4.10 4.87
7.13 6.89 6.46 6.20 6.12 6.13 6.10 5.98 5.77 5.57 5.48 5.40 5.21 5.29 5.19 5.29 5.36 5.42 5.36 5.12 4.92 4.95 5.05 5.08 5.10 5.17 5.30 5.44 5.60 5.75 6.22 6.57 6.52 6.05 6.04 6.40 6.34 5.52 4.49 4.46 5.25 5.56 5.04 4.80 6.00 7.43 7.33 5.91 4.55 3.87 3.59 3.54 3.50 3.34 3.52 4.05 4.69 5.30 6.04 7.23 8.61 9.02 8.20 6.88 5.71 5.05 4.62 4.24 3.82 3.34 2.99 2.72 2.37 2.03 1.90 1.71 1.29 0.96 1.18 1.80 2.20 2.78 3.40 4.08
6.95 6.81 6.55 6.38 6.28 6.25 6.25 6.25 6.14 5.93 5.78 5.65 5.52 5.46 5.56 5.60 5.57 5.55 5.45 5.17 4.79 4.60 4.66 4.79 4.94 5.06 5.15 5.26 5.41 5.48 5.85 6.28 6.31 5.64 5.21 5.80 6.47 6.37 5.25 4.39 4.57 5.20 5.12 4.85 5.80 7.33 7.46 6.16 4.98 4.35 3.91 3.50 3.10 2.87 3.13 3.71 4.34 4.99 5.66 6.74 8.21 9.06 8.69 7.46 6.32 5.60 5.06 4.61 4.15 3.73 3.43 3.27 3.08 2.80 2.50 2.19 1.77 1.29 0.58 1.06 1.27 1.76 2.59 3.45
6.65 6.61 6.52 6.41 6.25 6.08 5.92 5.90 5.97 5.95 5.84 5.66 5.64 5.70 5.83 5.88 5.83 5.73 5.57 5.27 4.83 4.48 4.40 4.51 4.75 4.95 5.07 5.18 5.26 5.25 5.52 6.08 6.34 5.60 4.61 4.78 5.75 6.48 6.12 5.00 4.42 4.74 5.01 5.11 5.94 7.33 7.54 6.44 5.37 4.74 4.29 3.82 3.28 2.85 2.98 3.34 3.93 4.62 5.32 6.38 7.84 8.99 8.95 7.96 6.85 6.02 5.26 4.82 4.55 4.35 4.17 3.99 3.82 3.59 3.35 3.05 2.59 2.04 1.58 1.23 1.22 1.35 1.94 2.96
6.36 6.22 6.07 6.09 6.02 5.82 5.55 5.37 5.42 5.58 5.54 5.37 5.62 5.40 5.45 5.59 5.70 5.71 5.61 5.35 4.99 4.63 4.40 4.37 4.52 4.73 4.89 5.04 5.11 5.05 5.23 5.82 6.42 5.83 4.42 4.06 4.78 5.91 6.39 5.88 4.92 4.73 4.99 5.39 6.13 7.31 7.62 6.62 5.28 4.56 4.28 3.99 3.58 3.30 3.33 3.51 3.91 4.57 5.27 6.20 7.61 8.90 9.05 8.22 7.21 6.28 5.55 5.17 5.07 5.09 5.06 4.93 4.79 4.60 4.34 4.05 3.63 3.03 2.45 1.99 1.55 1.47 1.68 2.44
6.33 5.95 5.42 5.51 5.75 5.69 5.39 5.10 5.00 5.10 5.11 5.07 4.97 4.96 4.83 4.95 5.21 5.50 5.61 5.45 5.12 4.74 4.43 4.28 4.32 4.48 4.61 4.78 4.94 4.87 5.00 5.63 6.42 6.20 4.76 3.72 3.97 5.04 6.07 6.19 5.48 4.90 4.84 5.11 5.75 7.08 7.74 6.88 5.35 4.66 4.48 4.38 4.18 4.00 4.05 4.06 4.15 4.56 5.19 6.08 7.47 8.92 9.25 8.56 7.68 6.98 6.50 6.27 6.23 6.30 6.31 6.24 6.12 5.98 5.78 5.51 5.13 4.57 3.86 3.09 2.30 1.73 1.63 1.86
6.49 6.08 5.23 5.03 5.40 5.69 5.56 5.22 4.96 4.91 5.01 5.13 5.13 4.94 4.78 4.78 4.99 5.34 5.61 5.58 5.28 4.84 4.45 4.25 4.23 4.35 4.48 4.66 4.82 4.63 4.58 5.21 6.30 6.65 5.68 4.07 3.64 4.28 5.38 5.92 5.58 4.96 4.65 4.65 5.17 6.59 7.71 7.29 5.90 5.15 5.03 5.01 4.94 4.79 4.68 4.48 4.38 4.56 5.06 5.89 7.19 8.77 9.41 9.09 8.25 7.71 7.43 7.31 7.38 7.49 7.56 7.54 7.47 7.40 7.29 7.11 6.80 6.37 5.69 4.69 3.55 2.42 1.79 1.63
6.56 6.32 5.57 4.97 5.04 5.52 5.80 5.62 5.25 5.10 5.32 5.59 5.69 5.51 5.26 5.12 5.17 5.39 5.65 5.73 5.52 5.08 4.59 4.28 4.21 4.35 4.56 4.82 4.83 4.30 3.80 4.38 5.67 6.71 6.57 5.19 4.17 4.23 5.03 5.68 5.63 5.27 5.02 4.90 5.17 6.19 7.42 7.43 6.48 5.88 5.74 5.61 5.47 5.21 4.93 4.60 4.47 4.53 4.76 5.29 6.33 7.97 9.08 9.06 8.40 7.75 7.40 7.23 7.20 7.28 7.42 7.54 7.55 7.54 7.54 7.56 7.50 7.28 6.90 6.34 5.42 4.11 2.71 1.91
6.48 6.34 5.79 5.21 4.92 5.15 5.66 5.86 5.55 5.26 5.52 5.92 6.12 6.02 5.77 5.50 5.35 5.44 5.68 5.85 5.76 5.40 4.89 4.44 4.22 4.33 4.68 5.14 5.01 3.97 3.14 3.43 4.52 6.01 6.64 6.14 5.13 4.90 5.36 5.89 6.03 5.98 5.90 5.75 5.78 6.28 7.11 7.34 7.18 6.95 6.67 6.26 5.82 5.27 4.88 4.52 4.35 4.24 4.30 4.56 5.25 6.58 8.21 8.69 8.21 7.15 6.32 5.82 5.43 5.36 5.54 5.89 6.05 6.15 6.27 6.52 6.85 6.85 6.62 6.53 6.31 5.67 4.54 3.15
6.47 6.16 5.56 5.10 4.76 4.75 5.22 5.73 5.61 5.16 5.26 5.64 6.01 6.12 5.95 5.65 5.37 5.33 5.57 5.82 5.81 5.58 5.21 4.73 4.32 4.27 4.75 5.45 5.33 3.98 2.82 2.71 3.38 4.64 6.03 6.23 5.69 5.52 5.83 6.29 6.53 6.56 6.46 6.40 6.44 6.57 6.81 7.10 7.33 7.47 7.41 6.88 6.14 5.36 4.85 4.46 4.22 4.02 4.09 4.29 4.76 5.76 7.29 8.33 8.13 6.71 5.39 4.41 3.80 3.48 3.48 3.85 4.22 4.41 4.64 4.94 5.52 5.70 5.37 5.27 5.58 5.65 5.27 4.36
6.68 6.16 5.30 4.72 4.36 4.24 4.65 5.35 5.50 5.04 5.47 5.14 5.40 5.70 5.69 5.53 5.26 5.11 5.27 5.62 5.76 5.62 5.40 5.09 4.64 4.39 4.81 5.67 5.71 4.46 3.03 2.46 2.64 3.56 5.01 5.72 5.62 5.49 5.66 6.08 6.46 6.55 6.50 6.46 6.48 6.39 6.39 6.48 6.74 7.23 7.55 7.28 6.42 5.57 5.01 4.64 4.39 4.23 4.34 4.52 4.89 5.66 7.01 8.30 8.38 7.00 5.39 4.32 3.69 3.21 2.83 2.72 2.95 3.24 3.47 3.78 4.45 4.86 4.54 4.05 4.06 4.29 4.26 4.05
6.97 6.38 5.36 4.68 4.18 3.77 3.91 4.67 5.05 4.76 4.40 4.69 4.59 5.02 5.10 5.12 5.02 4.85 4.91 5.31 5.68 5.72 5.58 5.40 5.04 4.74 4.98 5.76 5.98 5.11 3.74 2.81 2.49 2.89 4.05 4.97 5.12 5.04 5.08 5.39 5.82 6.10 6.14 6.11 6.06 5.94 5.83 5.72 5.60 6.18 7.05 7.29 6.67 5.85 5.28 4.94 4.70 4.55 4.64 4.76 5.04 5.67 6.94 8.43 8.82 7.70 6.08 4.93 4.22 3.66 3.15 2.67 2.51 2.59 2.72 2.94 3.58 4.14 4.02 3.48 3.22 3.19 3.09 2.97
7.18 6.59 5.66 5.06 4.53 3.88 3.51 3.83 4.28 4.22 3.98 4.57 4.10 4.55 4.68 5.13 4.78 4.71 4.66 4.96 5.48 5.83 5.87 5.70 5.46 5.22 5.28 5.81 6.06 5.49 4.32 3.38 2.73 2.59 3.34 4.22 4.64 4.78 4.80 4.96 5.28 5.61 5.72 5.74 5.67 5.52 5.32 4.99 4.87 5.35 6.35 6.95 6.63 5.96 5.37 5.06 4.79 4.57 4.58 4.65 4.89 5.43 6.64 8.30 8.99 8.19 6.68 5.51 4.68 4.11 3.61 3.18 2.81 2.59 2.48 2.54 3.00 3.50 3.49 3.30 2.36 3.03 2.92 2.78
7.15 6.73 6.09 5.71 5.28 4.68 3.98 3.77 3.89 3.96 3.91 4.88 5.07 4.66 4.82 4.82 4.87 4.85 4.73 4.83 5.29 5.84 6.07 6.07 5.95 5.80 5.78 6.02 6.13 5.64 4.60 3.89 3.35 2.99 3.22 3.91 4.60 4.99 5.07 5.15 5.33 5.51 5.57 5.63 5.50 5.20 4.76 4.43 4.18 4.48 5.49 6.31 6.31 5.73 5.18 4.88 4.59 4.31 4.27 4.33 4.59 5.06 6.18 7.82 8.75 8.30 7.04 5.91 5.09 4.55 4.12 3.81 3.54 3.17 2.79 2.48 2.55 2.65 3.27 3.30 3.33 3.28 3.24 3.18
6.93 6.70 6.35 6.24 6.07 5.66 5.06 4.57 4.29 4.22 5.36 4.41 4.78 5.20 5.46 5.54 5.52 5.49 5.30 5.18 5.41 5.86 6.22 6.44 6.49 6.44 6.41 6.48 6.37 5.87 5.17 4.70 4.36 4.02 3.88 4.19 4.83 5.33 5.60 5.74 5.86 5.83 5.82 5.81 5.50 4.89 4.39 3.87 3.53 3.69 4.61 5.58 5.83 5.35 4.92 4.66 4.38 4.14 4.09 4.23 4.53 5.00 6.02 7.53 8.51 8.26 7.18 6.19 5.46 5.01 4.71 4.47 4.21 3.92 3.53 3.31 3.33 3.39 3.44 3.57 3.71 3.76 3.74 3.29
6.64 6.45 6.16 6.21 6.40 6.36 5.97 5.43 4.89 4.54 4.48 4.72 5.20 5.66 6.07 6.26 6.31 6.32 6.25 6.05 6.00 6.10 6.33 6.62 6.84 6.85 6.92 6.98 6.69 6.08 5.54 5.16 4.95 4.70 4.40 4.35 4.67 5.16 5.63 6.01 6.24 6.32 6.37 6.20 5.49 4.59 3.96 3.48 3.06 2.95 3.67 4.68 5.10 4.95 4.71 4.56 4.43 4.37 4.41 4.58 4.85 5.32 6.22 7.62 8.53 8.41 7.39 6.57 5.99 5.50 5.20 5.03 4.81 4.53 4.19 3.95 3.84 3.82 3.88 4.04 4.19 4.18 4.08 3.86
6.43 6.14 5.73 5.69 6.01 6.33 6.37 5.97 5.32 4.73 5.97 4.54 5.00 5.59 5.94 6.26 6.44 6.52 6.58 6.56 6.43 6.30 6.31 6.49 6.76 6.93 7.12 7.24 6.99 6.28 5.43 4.84 4.57 4.45 4.29 4.28 4.43 4.78 5.22 5.75 6.25 6.64 7.02 6.86 5.72 4.26 3.51 3.19 2.74 2.46 2.74 3.53 4.21 4.46 4.56 4.64 4.72 4.83 4.94 4.91 5.08 5.50 6.26 7.66 8.73 9.03 8.13 7.23 6.64 6.15 5.68 5.42 5.27 5.16 4.97 4.72 4.61 4.60 4.67 4.74 4.74 4.58 4.30 3.96
6.32 6.04 5.54 5.21 5.21 5.52 5.95 5.99 5.52 4.87 4.33 4.10 4.26 4.63 4.99 5.32 5.62 5.73 5.74 5.84 5.94 5.90 5.85 5.96 6.23 6.55 6.84 7.13 7.07 6.58 5.84 4.98 4.33 4.00 4.03 4.27 4.56 4.79 5.01 5.40 5.98 6.65 7.51 7.62 6.33 4.38 3.42 3.09 2.73 2.43 2.39 2.81 3.49 4.02 4.43 4.78 5.06 5.30 5.38 5.22 5.18 5.48 6.08 7.33 8.77 9.62 9.39 8.27 7.31 6.79 6.34 6.01 5.94 6.07 6.09 5.98 5.90 5.84 5.75 5.54 5.29 4.99 4.54 4.08
6.24 5.96 5.41 4.96 4.61 4.59 5.06 5.50 5.36 4.78 4.10 3.56 3.34 3.41 3.62 3.91 4.34 4.62 4.55 4.43 4.61 4.86 5.00 5.12 5.28 5.71 6.36 6.78 6.70 6.41 6.26 5.95 5.28 4.58 4.22 4.31 4.51 4.73 4.84 5.07 5.60 6.55 7.79 8.17 7.07 5.10 4.00 3.60 3.26 3.01 2.92 3.08 3.47 3.91 4.29 4.66 5.06 5.50 5.73 5.73 5.66 5.74 5.97 6.77 8.22 9.52 9.85 9.29 8.29 7.66 7.42 7.21 7.14 7.22 7.23 7.11 6.93 6.77 6.59 6.24 5.86 5.47 4.96 4.34
6.26 5.83 5.10 4.68 4.43 4.31 4.50 4.92 5.06 4.69 4.05 3.38 2.91 2.68 2.60 2.77 3.35 4.02 4.27 4.06 3.87 3.99 4.21 4.31 4.47 5.04 6.04 6.45 6.05 5.37 5.54 5.94 5.90 5.43 4.67 4.25 4.11 4.30 4.48 4.71 5.22 6.35 7.72 8.33 7.67 6.36 5.43 4.89 4.41 4.06 3.92 3.92 3.99 4.10 4.18 4.35 4.69 5.19 5.63 5.86 5.93 5.87 5.89 6.20 7.04 8.36 9.43 9.46 8.96 8.43 8.24 8.02 7.82 7.73 7.64 7.42 7.13 6.92 6.78 6.59 6.28 5.90 5.41 4.38
6.51 5.94 4.99 4.49 4.38 4.39 4.49 4.73 4.94 4.88 4.48 3.92 3.36 2.90 2.54 2.36 3.07 3.59 4.39 4.49 4.20 3.96 3.74 3.60 3.85 4.71 5.89 6.24 5.55 4.35 4.16 4.71 5.28 5.34 4.77 4.09 3.68 3.72 4.08 4.43 4.92 5.95 7.35 8.14 7.89 7.15 6.62 6.13 5.52 4.98 4.54 4.29 4.22 4.24 4.22 4.24 4.46 4.88 5.24 5.41 5.51 5.58 5.69 5.78 6.18 7.12 8.36 8.95 8.76 8.34 8.03 7.63 7.26 7.14 7.14 6.99 6.60 6.21 6.24 6.42 6.30 5.98 5.58 4.93
6.71 6.22 5.33 4.77 4.58 4.62 4.77 4.95 5.10 5.21 5.15 4.86 4.45 3.84 3.20 2.63 2.56 3.14 4.41 5.18 5.22 4.69 3.91 3.27 3.37 4.48 5.77 6.13 5.35 4.01 3.35 3.43 4.02 4.40 4.32 4.01 3.77 3.76 3.99 4.41 4.93 5.85 6.98 7.77 7.69 7.14 6.75 6.52 6.11 5.48 4.76 4.28 4.16 4.23 4.26 4.26 4.39 4.67 4.87 4.96 4.99 5.11 5.31 5.45 5.76 6.54 7.62 8.25 8.06 7.55 7.20 6.77 6.20 5.98 6.26 6.46 6.07 5.36 5.22 5.74 5.91 5.61 5.25 4.81
6.69 6.34 5.68 5.23 5.00 4.96 5.12 5.38 5.55 5.76 5.93 5.93 5.76 5.26 4.51 3.66 2.87 2.82 3.87 5.30 6.00 5.85 4.92 3.75 3.42 4.34 5.57 6.01 5.48 4.34 3.47 3.01 3.04 3.39 3.75 4.06 4.32 4.55 4.69 4.85 5.24 5.99 6.89 7.52 7.34 6.63 6.24 6.20 6.12 5.82 5.17 4.53 4.24 4.21 4.23 4.21 4.25 4.35 4.55 4.71 4.81 4.93 5.12 5.23 5.52 6.34 7.32 7.72 7.31 6.80 6.53 6.31 5.85 5.33 5.37 5.95 5.89 5.04 4.39 4.78 5.26 4.98 4.57 4.21
6.58 6.30 5.78 5.38 5.22 5.22 5.43 5.74 6.07 6.42 6.72 6.92 6.85 6.47 5.77 4.88 3.79 2.96 3.20 4.65 6.00 6.57 6.23 5.16 4.23 4.46 5.30 5.82 5.77 5.12 4.38 3.71 3.29 3.28 3.62 4.14 4.62 5.05 5.24 5.29 5.52 6.15 6.99 7.50 7.14 6.20 5.68 5.58 5.61 5.65 5.43 4.87 4.38 4.23 4.20 4.21 4.23 4.22 4.39 4.64 4.75 4.86 5.04 5.10 5.41 6.36 7.29 7.39 6.70 6.31 6.09 5.97 5.94 5.42 4.89 5.26 5.67 5.16 4.18 4.05 4.51 4.47 4.04 3.70
6.42 6.23 5.83 5.41 5.21 5.22 5.42 5.70 6.22 6.50 6.97 7.33 7.56 7.48 7.02 6.24 5.09 3.77 3.16 3.89 5.31 6.55 6.84 6.32 5.39 4.91 5.15 5.56 5.76 5.64 5.34 4.87 4.32 3.93 3.88 4.07 4.28 4.61 4.95 5.18 5.51 6.22 7.13 7.61 7.14 5.92 5.20 4.92 4.75 4.82 5.02 4.81 4.33 4.12 4.12 4.17 4.16 4.12 4.21 4.46 4.59 4.72 4.89 5.10 5.53 6.56 7.41 7.26 6.25 5.86 5.73 5.48 5.74 5.78 5.17 4.96 5.33 5.29 4.27 3.96 4.12 3.30 3.92 3.68
6.22 6.11 5.82 5.43 5.15 5.05 5.08 5.12 5.24 5.57 6.10 6.75 7.43 7.83 7.88 7.55 6.67 5.17 3.80 3.59 4.46 5.87 6.73 6.82 6.24 5.54 5.24 5.26 5.28 5.39 5.51 5.44 5.12 4.54 4.06 3.84 3.79 3.99 4.40 4.88 5.45 6.31 7.31 7.86 7.32 5.92 4.95 4.45 4.14 4.01 4.18 4.23 3.95 3.74 3.80 3.76 3.75 3.88 4.00 4.18 4.34 4.43 4.65 5.01 5.63 6.76 7.71 7.42 6.04 5.35 5.30 4.94 4.94 5.48 5.46 5.09 5.12 5.19 4.83 4.38 4.24 4.08 3.96 3.95
6.03 5.93 5.66 5.41 5.15 4.98 4.87 4.65 4.37 4.27 4.49 5.21 6.26 7.19 7.82 8.07 7.80 6.78 5.08 3.98 4.17 5.23 6.17 6.76 6.66 6.02 5.47 5.16 4.80 4.65 4.77 4.99 5.04 4.65 4.12 3.76 3.65 3.86 4.35 4.86 5.46 6.37 7.44 8.15 7.73 6.33 5.14 4.46 4.00 3.65 3.53 3.60 3.54 3.49 3.43 3.19 3.23 3.56 3.76 3.93 4.02 3.95 4.17 4.69 5.47 6.85 8.03 7.85 6.32 5.15 4.92 4.61 4.43 4.85 5.23 5.19 5.15 5.04 5.25 5.05 4.79 4.37 4.16 4.29
5.91 5.77 5.49 5.35 5.21 5.08 4.98 4.83 4.50 4.02 3.64 3.69 4.44 5.65 6.76 7.55 7.99 7.80 6.62 4.98 4.57 5.10 5.75 6.51 6.79 6.46 5.91 5.36 4.76 4.21 3.88 3.90 4.15 4.22 4.05 3.84 3.78 3.92 4.34 4.85 5.43 6.31 7.41 8.30 8.12 6.80 5.43 4.55 4.09 3.79 3.64 3.64 3.60 3.45 3.43 3.05 3.19 3.55 3.73 3.88 3.88 3.67 3.73 4.28 5.21 6.63 8.09 8.29 7.09 5.77 5.20 4.86 4.58 4.69 5.00 5.18 5.30 5.49 5.58 5.52 5.31 4.92 4.64 4.74
5.83 5.67 5.42 5.33 5.28 5.23 5.21 5.29 5.30 4.93 4.20 3.55 3.44 4.08 5.24 6.36 7.29 7.92 7.55 6.23 5.35 5.49 5.94 6.49 6.84 6.86 6.59 6.00 5.25 4.55 3.90 3.58 3.53 3.66 3.74 3.73 3.75 3.80 4.08 4.65 5.27 6.10 7.19 8.26 8.34 7.06 5.56 4.83 4.56 4.46 4.44 4.32 4.10 3.83 3.84 3.56 3.88 4.22 4.37 4.40 4.32 4.10 4.07 4.43 5.25 6.45 7.90 8.54 8.06 7.02 6.18 5.66 5.25 5.09 5.19 5.30 5.43 5.64 5.78 5.79 5.70 5.55 5.47 5.60
5.73 5.54 5.33 5.30 5.34 5.35 5.38 5.60 5.98 6.12 5.71 4.84 4.04 3.81 4.32 5.33 6.34 7.37 7.76 7.12 6.19 6.02 6.35 6.68 6.88 7.09 7.20 6.92 6.20 5.56 4.94 4.40 3.96 3.75 3.68 3.65 3.67 3.69 3.92 4.37 5.00 5.81 6.97 8.21 8.49 7.45 6.20 5.68 5.46 5.30 5.20 4.97 4.56 4.17 4.06 4.24 4.62 5.06 5.37 5.45 5.38 5.31 5.30 5.49 5.89 6.60 7.76 8.74 8.74 7.91 6.99 6.32 5.78 5.46 5.43 5.51 5.59 5.79 5.96 6.05 6.20 6.43 6.64 6.81
5.59 5.39 5.21 5.24 5.38 5.43 5.47 5.69 6.15 6.64 6.77 6.44 5.73 4.95 4.68 4.99 5.64 6.64 7.49 7.50 6.94 6.53 6.65 6.89 6.92 7.03 7.36 7.49 7.13 6.50 5.85 5.28 4.79 4.43 4.10 3.86 3.76 3.67 3.83 4.25 4.84 5.67 6.87 8.19 8.50 7.65 6.63 6.10 5.76 5.38 5.19 5.09 4.81 4.35 4.19 4.30 4.57 5.05 5.60 5.96 6.08 6.13 6.08 6.10 6.24 6.49 7.26 8.58 9.01 8.33 7.29 6.54 6.04 5.65 5.52 5.58 5.76 6.03 6.17 6.27 6.53 6.93 7.22 7.41
5.48 5.31 5.15 5.20 5.36 5.44 5.42 5.54 5.96 6.53 7.00 7.18 7.02 6.52 5.90 5.49 5.50 6.05 6.86 7.34 7.28 6.96 6.94 7.12 7.00 6.77 6.97 7.43 7.50 7.06 6.34 5.61 5.01 4.64 4.28 3.92 3.73 3.63 3.80 4.27 4.86 5.59 6.72 8.05 8.44 7.54 6.23 5.55 5.04 4.56 4.31 4.41 4.49 4.24 3.98 3.96 4.14 4.49 5.03 5.52 5.82 5.98 5.95 5.96 6.06 6.08 6.48 8.05 9.09 8.71 7.53 6.73 6.28 5.86 5.60 5.57 5.79 6.10 6.21 6.16 6.20 6.33 6.49 6.81
5.36 5.26 5.19 5.25 5.39 5.51 5.54 5.57 5.84 6.15 6.49 6.83 7.03 6.94 6.55 6.10 5.80 5.84 6.22 6.74 7.04 7.08 7.20 7.43 7.28 6.64 6.24 6.72 7.30 7.30 6.71 5.85 4.93 4.35 4.03 3.75 3.61 3.59 3.75 4.09 4.52 5.15 6.28 7.78 8.44 7.65 5.97 4.85 4.43 4.07 3.70 3.63 3.79 3.78 3.70 3.75 3.92 4.12 4.46 4.87 5.18 5.43 5.62 5.74 5.85 5.79 6.03 7.41 8.85 8.98 7.96 6.99 6.49 6.08 5.76 5.68 5.90 6.25 6.36 6.03 5.45 4.75 4.43 4.84
