project/data/elevation/US_DEM2016/US_DEM2016_point_10-30-2019_0225_30m_ang.asc
ncols	125
nrows	167
xllcorner	-2042055.000000
yllcorner	1465035.000000
cellsize	30.000000
NODATA_value	-9999.000000
[rows 42 to 83 of 167, columns 0 to 94 of 125]
316 319 327 333 335 336 338 340 340 340 342 348 357 359 352 345 344 345 347 346 342 338 337 337 337 336 335 335 336 337 338 337 336 336 335 334 332 331 332 334 338 341 340 335 332 334 338 340 342 345 347 350 350 348 344 340 335 332 330 325 322 324 327 326 327 329 328 327 327 326 323 316 309 305 308 317 323 319 317 325 338 341 337 336 336 337 339 342 344 346 348 351 355 1 8
317 320 327 333 335 337 338 339 340 342 345 353 1 20 348 345 344 344 345 344 341 339 339 339 339 338 338 337 336 336 334 332 332 334 336 335 333 330 330 332 337 342 343 337 330 329 333 336 336 337 340 347 352 351 345 339 337 337 335 331 329 329 331 331 332 332 330 329 330 330 328 320 308 300 298 304 310 311 311 320 334 338 334 332 332 332 336 341 344 347 350 355 360 6 11
318 321 328 333 335 338 339 341 342 345 349 358 4 17 346 343 342 343 343 342 339 337 338 339 339 338 337 337 335 334 331 328 328 332 336 336 336 334 332 331 335 342 347 341 330 325 327 331 332 330 331 337 345 347 341 337 338 339 338 335 332 331 332 333 334 333 332 332 333 331 326 320 314 307 303 304 306 306 307 314 326 331 329 329 329 329 333 339 341 342 346 354 3 12 13
319 322 329 333 336 338 340 343 346 349 355 3 5 355 345 343 342 342 341 340 337 335 336 338 338 337 336 335 333 331 328 325 325 330 333 334 336 338 337 334 334 342 348 342 329 322 323 329 334 336 336 336 339 340 336 334 336 338 338 336 332 331 332 335 335 334 334 335 334 330 325 321 319 317 314 311 311 311 303 313 320 324 326 327 327 327 332 339 341 341 342 349 3 13 11
318 322 329 334 336 338 340 343 347 352 360 7 2 350 343 342 342 342 341 340 338 336 336 336 336 336 336 334 330 327 325 322 323 327 331 332 333 338 342 341 341 344 346 340 330 323 324 330 336 338 338 335 333 334 333 333 335 338 339 337 333 331 332 335 336 335 335 336 334 330 327 325 324 322 320 318 317 317 318 319 310 324 325 325 325 327 331 338 344 347 348 354 5 10 6
315 319 327 332 335 337 339 342 346 354 4 8 15 347 339 340 340 340 341 341 340 338 336 336 335 334 333 331 327 324 323 322 322 325 329 331 332 335 342 349 352 348 343 338 333 327 326 330 335 335 332 329 328 331 335 337 338 340 341 339 335 332 332 335 336 335 335 335 333 332 331 331 330 328 326 324 322 322 323 324 327 328 325 324 325 328 331 337 343 350 354 3 10 7 3
315 318 324 330 334 337 339 342 346 355 7 7 352 345 337 337 336 338 340 341 340 339 337 335 334 332 330 326 323 322 324 325 323 325 329 332 331 332 340 353 360 350 339 334 331 326 325 328 334 333 329 326 328 333 340 344 342 341 342 341 337 334 333 335 337 338 337 337 337 337 337 337 336 335 333 331 330 330 330 330 331 330 326 323 324 327 331 334 341 350 0 11 12 4 359
316 318 325 329 333 337 341 344 348 357 7 2 348 343 339 337 336 337 339 341 341 339 337 335 333 330 327 322 319 321 326 327 325 327 333 335 333 333 340 358 2 349 335 330 327 323 324 329 335 332 327 327 331 338 346 349 346 342 342 341 338 336 336 337 338 339 339 340 341 342 342 342 342 341 340 339 338 339 339 338 335 332 327 323 322 325 328 331 337 351 6 14 8 357 352
314 318 326 330 333 337 343 346 351 359 3 356 346 343 342 340 338 338 339 342 342 340 337 335 333 330 325 319 317 320 326 326 325 329 336 340 340 341 348 359 358 347 338 333 328 325 326 330 334 332 330 331 336 344 352 354 350 343 340 339 337 335 335 336 337 338 340 342 343 344 344 344 344 344 343 343 344 345 346 347 344 339 333 327 323 323 326 328 336 354 10 13 3 352 345
312 317 326 332 334 337 342 347 353 359 358 350 345 345 345 342 339 339 340 342 343 341 339 336 332 329 323 318 316 319 324 323 323 328 335 343 350 355 355 354 352 346 342 339 335 331 330 333 336 335 335 337 342 349 355 357 351 343 339 337 334 331 330 331 333 335 336 338 339 340 340 341 342 342 342 343 344 346 349 350 349 346 343 337 330 327 325 326 337 358 10 8 359 351 343
312 315 324 331 335 337 340 345 353 357 351 343 343 345 347 345 341 339 339 342 342 340 339 336 331 327 321 316 315 317 321 321 322 325 332 344 357 360 354 350 347 345 343 340 337 333 332 334 337 339 340 343 347 352 358 360 354 345 340 337 334 329 325 324 326 328 328 327 326 326 327 330 332 333 335 336 338 341 344 346 347 346 346 340 341 314 328 326 339 358 4 2 359 354 348
313 315 321 327 332 336 337 343 353 357 9 345 339 345 349 348 343 338 338 340 340 339 337 335 331 326 320 316 315 318 322 322 322 323 329 344 360 357 349 345 343 341 340 338 334 331 330 333 337 341 344 348 351 355 1 3 356 348 342 339 335 331 325 322 322 323 323 322 321 320 320 319 320 322 324 326 327 331 336 336 335 335 338 341 343 321 336 332 340 350 355 358 359 354 349
316 318 322 327 331 334 335 340 351 357 345 348 336 346 351 349 344 339 338 339 338 337 336 334 331 326 321 317 317 321 326 327 325 323 327 345 359 353 344 341 339 337 336 333 329 327 328 332 337 341 345 350 354 358 4 6 358 348 342 338 335 332 326 322 321 323 325 326 327 326 323 316 310 308 311 312 313 317 322 321 317 313 315 323 333 340 342 341 342 344 349 355 354 349 347
319 321 326 330 333 336 335 337 347 355 345 355 337 351 354 1 344 341 338 337 336 337 336 334 331 327 323 319 319 323 328 331 329 326 330 346 355 349 342 339 336 333 331 327 324 323 326 332 338 341 343 350 356 2 8 8 358 346 340 337 335 332 327 322 321 323 327 330 330 328 324 318 311 308 306 304 301 300 301 305 291 308 313 322 302 338 344 344 341 341 346 350 348 345 343
321 324 329 334 338 341 340 340 346 352 345 10 8 354 354 348 345 342 339 337 336 336 336 335 332 329 326 322 321 324 329 333 334 334 338 346 350 347 344 340 337 332 327 323 321 321 325 332 338 340 341 348 358 5 12 9 356 344 339 336 335 332 327 321 321 324 328 331 331 328 325 324 324 323 319 304 292 287 303 307 312 316 321 329 317 342 346 344 340 340 344 346 344 341 338
320 324 332 338 343 347 347 346 350 353 14 344 347 352 352 350 347 345 342 339 337 336 336 336 334 332 329 325 323 327 333 337 340 343 347 348 346 346 345 342 338 332 325 321 319 321 326 332 336 338 338 345 359 10 15 7 354 345 340 339 337 335 330 324 321 323 328 331 330 329 329 330 332 332 329 322 318 317 317 317 320 323 327 327 343 348 348 344 339 339 343 344 341 337 333
317 321 331 339 346 350 350 351 355 356 349 346 347 349 349 349 347 345 344 342 339 337 336 335 334 334 332 327 326 330 336 340 344 349 353 349 344 343 343 342 338 332 324 320 318 322 326 330 333 332 332 341 0 14 15 4 354 348 345 342 341 339 334 328 325 325 329 331 331 331 332 335 338 336 331 326 324 323 323 323 325 328 332 340 346 350 350 345 339 338 341 342 338 332 330
313 318 329 338 344 349 352 355 0 360 17 343 343 349 345 344 343 342 342 341 340 337 334 333 333 334 332 328 327 332 336 339 344 351 354 349 343 340 340 339 336 331 324 319 317 320 323 326 327 326 326 335 357 13 10 360 353 350 346 343 341 339 335 331 330 332 334 334 333 333 336 340 342 337 331 328 327 327 327 327 329 333 337 343 349 351 351 345 338 336 338 338 334 329 330
312 316 328 337 341 346 351 358 6 4 350 339 338 338 338 337 337 336 336 336 336 333 330 330 331 331 328 325 327 334 339 340 342 348 351 348 343 340 339 337 334 329 322 318 317 320 321 322 323 324 325 332 351 4 0 354 352 349 346 343 340 337 333 332 334 338 339 336 335 337 341 344 343 337 334 333 332 333 333 333 334 338 341 345 328 352 351 344 336 334 335 335 331 330 337
311 315 328 337 340 343 348 359 10 8 351 335 331 331 330 329 328 327 326 325 325 323 322 323 326 325 320 319 324 334 342 345 347 349 350 346 342 339 338 336 333 328 321 318 320 324 326 326 327 331 334 339 350 357 353 349 349 347 345 343 339 335 332 331 334 339 340 338 339 342 346 346 343 340 338 338 337 338 339 339 340 342 344 347 351 354 352 342 333 331 331 331 329 333 344
311 314 326 336 342 345 348 359 13 10 352 335 328 324 321 319 319 319 317 314 312 311 312 315 319 317 314 315 320 330 340 345 349 352 353 348 341 337 337 336 334 329 322 321 325 332 335 334 334 337 341 346 354 358 351 346 345 343 341 338 336 333 331 331 334 337 336 337 341 346 348 346 343 342 341 340 340 342 343 344 344 346 348 336 353 356 353 341 331 329 328 328 329 337 342
314 317 327 336 343 348 353 4 13 6 353 342 333 326 321 315 333 320 321 318 313 308 307 311 315 314 312 313 318 327 334 340 347 353 357 354 344 337 337 336 334 329 324 324 328 336 340 340 340 342 345 351 358 360 351 344 343 340 335 332 332 331 331 333 335 332 330 333 340 346 346 344 343 342 341 340 341 342 344 346 347 348 350 353 329 321 352 340 330 327 326 326 330 337 337
318 322 331 339 345 351 359 10 9 0 354 349 343 338 334 327 328 326 328 328 325 320 316 316 316 315 313 313 318 326 330 333 339 350 359 358 349 341 339 338 335 330 324 324 329 336 340 342 343 345 348 352 359 0 351 344 341 336 331 328 328 330 332 335 334 329 325 328 336 342 343 341 340 338 338 339 340 341 342 343 345 347 350 353 356 316 347 338 329 325 324 325 329 334 332
320 324 334 343 349 355 6 11 5 358 354 351 348 346 343 338 333 329 328 330 331 329 326 323 320 316 314 316 321 329 332 331 334 344 354 354 349 345 342 340 335 329 323 322 327 334 338 340 344 349 352 354 359 359 350 342 338 333 327 327 329 331 333 336 332 325 320 323 332 337 338 339 337 334 333 335 338 339 337 335 338 341 342 343 345 342 338 335 330 326 324 324 329 333 329
320 324 335 345 352 1 9 7 359 356 353 351 351 350 348 343 338 332 328 329 332 332 331 328 324 319 318 320 327 334 337 337 338 343 349 348 346 344 342 339 334 328 322 321 326 332 335 338 343 350 354 356 360 357 349 341 336 330 326 328 333 333 335 335 330 322 319 322 329 333 335 336 336 334 330 329 334 339 333 321 319 323 320 320 324 326 328 331 332 329 327 327 330 334 331
320 325 337 346 355 4 7 360 15 351 351 350 352 352 350 346 342 337 331 329 330 331 331 330 326 323 322 324 331 338 342 344 344 346 348 345 341 340 339 337 333 326 322 321 324 328 332 335 340 346 351 357 360 353 346 338 332 329 328 330 334 335 336 334 328 321 319 321 327 329 331 332 333 334 332 327 327 333 316 306 301 294 315 315 317 319 323 329 331 330 329 331 334 339 338
320 325 338 349 358 7 5 353 346 345 345 347 349 349 349 348 345 340 335 331 328 328 329 328 327 326 325 327 332 338 343 346 347 350 351 346 339 338 337 335 331 326 322 320 322 326 330 333 338 341 345 352 356 352 340 332 329 328 331 331 332 336 335 331 326 320 316 317 320 322 323 324 322 326 331 328 320 317 317 312 313 320 323 320 318 319 322 327 329 329 330 333 336 342 344
319 325 339 351 2 9 3 351 343 339 339 341 343 344 345 346 346 343 339 334 329 327 326 326 326 327 328 329 331 335 339 343 347 352 354 349 341 338 337 335 331 327 324 322 323 328 333 336 338 337 337 342 348 343 339 328 325 329 333 329 330 333 331 326 322 316 312 312 315 315 314 314 313 313 319 324 322 304 325 325 325 327 326 322 319 320 323 327 328 329 333 336 339 343 347
320 325 340 353 5 10 2 353 347 341 336 333 334 337 339 342 344 343 342 338 333 328 325 324 325 328 331 331 332 332 332 335 341 349 354 351 343 339 337 334 331 329 326 324 325 329 335 337 337 336 335 338 345 346 342 330 329 333 334 330 329 330 325 321 319 316 314 317 321 323 322 323 323 322 323 327 330 331 329 329 328 328 328 324 323 325 328 331 332 334 339 342 342 345 349
322 327 342 355 8 9 0 354 352 348 342 334 328 329 333 336 339 341 340 340 336 331 327 325 327 331 334 335 334 333 331 332 335 343 350 350 343 338 335 333 331 330 326 323 323 328 335 337 337 338 339 341 347 350 350 339 340 342 340 338 337 335 329 325 324 324 325 327 331 333 334 335 337 338 336 334 333 331 329 329 329 331 331 329 329 332 336 339 341 343 347 348 346 347 352
323 329 344 358 9 6 358 354 353 352 349 342 335 331 331 333 335 337 338 339 337 333 329 327 329 334 338 339 339 338 337 337 339 343 347 348 342 337 334 333 332 330 326 321 322 330 337 338 339 341 343 346 352 354 348 344 344 345 344 344 344 342 338 335 333 332 332 333 335 337 339 341 342 342 338 335 333 330 329 329 331 334 335 334 334 337 342 347 350 352 355 354 351 351 357
325 331 345 1 8 3 356 352 350 350 349 346 343 339 336 334 333 334 336 337 337 333 330 329 331 336 339 341 343 342 341 342 344 346 349 349 343 337 334 335 334 332 328 323 324 331 337 340 341 343 345 350 355 356 350 343 342 343 343 344 344 342 339 336 334 334 334 333 333 337 340 342 341 338 335 334 332 329 328 329 333 337 338 338 339 342 346 351 356 360 3 1 356 357 1
327 333 348 2 5 360 354 349 346 345 345 345 345 344 341 336 333 332 333 335 336 334 330 330 333 335 338 341 343 344 343 343 345 347 350 350 343 337 336 336 336 333 329 325 325 329 334 337 338 340 343 348 355 356 350 342 339 339 339 340 339 337 335 334 334 336 335 330 331 336 340 340 337 334 332 332 331 328 327 330 333 337 339 340 343 347 348 349 355 3 8 6 1 1 2
329 335 351 2 2 357 352 346 342 340 340 341 342 342 340 336 333 330 330 332 334 333 332 331 333 334 336 339 342 344 344 343 344 345 348 349 343 338 336 335 334 333 328 323 322 326 330 332 334 337 339 343 350 355 350 342 338 337 336 335 334 333 333 335 337 338 334 329 331 337 340 338 334 332 331 331 330 328 328 330 333 334 335 336 341 348 352 350 352 1 8 7 3 3 1
329 337 353 2 359 353 347 342 339 337 337 337 337 336 334 332 330 329 329 330 332 332 332 332 334 335 336 338 340 342 344 346 346 346 346 347 345 340 337 335 333 331 327 322 321 325 331 334 336 339 341 344 349 352 347 341 338 337 336 333 331 332 337 342 343 340 335 332 333 337 339 338 334 333 333 333 332 331 332 335 335 330 325 324 330 341 352 356 357 2 6 4 1 1 360
328 337 355 2 357 347 342 339 337 337 336 334 333 332 329 328 327 328 329 329 331 332 332 332 333 334 337 338 338 340 345 349 349 348 348 350 350 345 339 336 334 331 327 321 320 323 330 334 336 337 340 343 347 347 343 339 338 338 336 334 333 338 346 346 344 341 339 337 337 338 338 337 336 336 336 336 335 335 337 341 342 337 330 324 323 330 343 355 2 6 6 1 358 359 359
326 336 356 2 354 342 339 339 347 339 338 335 332 330 327 326 327 328 330 330 331 332 333 332 331 333 336 338 336 337 343 349 350 350 351 354 356 350 342 337 333 330 326 320 316 317 322 327 329 330 333 337 341 343 341 337 337 337 336 335 337 346 349 344 342 341 341 339 338 338 338 336 336 338 339 339 338 338 340 344 347 346 342 335 331 331 336 348 1 8 4 357 356 357 357
327 337 357 0 350 341 339 341 341 341 339 335 332 329 327 327 328 330 332 332 332 333 333 331 329 330 333 335 334 333 338 345 348 350 353 358 359 354 343 337 333 330 326 320 315 314 318 323 326 329 333 336 340 343 343 338 336 336 336 337 342 348 345 340 339 339 339 338 337 337 335 333 334 337 338 339 339 339 340 343 347 349 348 345 340 339 340 346 357 2 359 354 354 355 354
333 342 355 354 349 343 341 341 341 339 337 334 330 328 327 327 328 331 333 333 333 334 333 332 329 328 329 331 330 328 330 336 341 347 354 2 358 355 345 341 338 335 332 327 322 321 323 326 329 332 335 338 341 345 346 341 338 339 340 342 345 345 342 338 335 334 334 335 336 334 330 329 331 334 336 337 339 339 338 339 342 347 349 349 347 345 346 351 357 356 353 351 351 352 349
344 347 349 349 347 344 341 340 338 337 334 330 328 327 327 328 329 331 333 334 333 333 333 332 329 327 327 328 326 321 318 321 327 338 352 3 2 353 347 344 342 340 338 334 330 328 328 329 331 334 336 338 340 345 348 344 354 342 345 347 348 345 341 336 332 331 331 334 334 331 326 325 328 332 335 335 337 340 340 339 338 341 346 349 350 349 350 354 356 352 349 349 348 346 343
351 349 347 345 344 342 340 338 336 333 330 327 325 326 327 328 329 332 335 334 332 332 334 332 329 327 327 330 328 322 316 314 318 326 345 355 356 349 345 343 341 340 339 336 333 331 330 332 333 335 336 337 339 344 349 346 355 343 343 346 346 343 339 333 329 329 332 335 333 329 325 324 327 332 335 334 335 338 341 342 340 338 341 346 351 353 354 355 356 351 347 347 345 341 338
348 349 350 347 342 339 338 336 333 330 326 325 324 326 327 328 330 335 339 336 331 332 334 330 327 326 328 332 334 331 326 324 324 328 337 348 350 344 341 339 338 338 338 336 332 329 329 332 334 336 337 338 341 346 351 349 357 345 340 342 342 340 336 331 327 328 335 336 333 329 324 323 325 330 333 332 331 335 339 342 343 340 337 340 347 354 357 358 355 351 348 347 343 337 334
