project/data/elevation/US_DEM2016/US_DEM2016_point_10-31-2019_1056_30m_vel.asc
ncols	125
nrows	167
xllcorner	-2042055.000000
yllcorner	1465035.000000
cellsize	30.000000
NODATA_value	-9999.000000
[rows 0 to 37 of 167, columns 0 to 83 of 125]
4.66 4.48 4.50 4.99 5.57 6.10 6.58 6.97 7.12 7.27 7.60 8.14 8.22 7.66 7.35 7.55 7.87 7.92 7.38 6.64 6.13 6.15 6.60 7.06 7.43 7.57 7.43 6.74 5.71 4.66 3.79 3.16 2.84 2.78 2.83 2.89 3.06 3.38 3.70 3.85 3.87 3.88 3.93 3.94 3.79 3.59 3.42 3.43 3.74 4.40 5.19 6.01 6.73 7.40 7.59 7.59 7.41 6.81 6.27 5.95 5.78 5.72 5.73 5.92 6.05 6.05 5.96 5.69 5.15 4.83 4.81 4.98 5.22 5.45 5.59 5.67 5.75 5.87 6.11 6.39 6.59 6.45 5.87 5.80
4.66 4.48 4.50 4.99 5.57 6.10 6.58 6.97 7.12 7.27 7.60 8.14 8.22 7.66 7.35 7.55 7.87 7.92 7.38 6.64 6.13 6.15 6.60 7.06 7.43 7.57 7.43 6.74 5.71 4.66 3.79 3.16 2.84 2.78 2.83 2.89 3.06 3.38 3.70 3.85 3.87 3.88 3.93 3.94 3.79 3.59 3.42 3.43 3.74 4.40 5.19 6.01 6.73 7.40 7.59 7.59 7.41 6.81 6.27 5.95 5.78 5.72 5.73 5.92 6.05 6.05 5.96 5.69 5.15 4.83 4.81 4.98 5.22 5.45 5.59 5.67 5.75 5.87 6.11 6.39 6.59 6.45 5.87 5.80
4.42 4.35 4.55 5.06 5.53 6.03 6.45 6.76 6.90 6.94 7.13 7.48 7.54 7.30 7.09 7.16 7.31 7.35 7.01 6.41 6.11 6.25 6.62 6.86 6.93 6.85 6.44 5.72 4.94 4.12 3.43 2.99 2.83 2.87 2.94 3.00 3.17 3.43 3.63 3.72 3.68 3.67 3.72 3.83 3.93 3.94 3.90 3.93 4.26 4.84 5.52 6.09 6.52 6.84 7.00 6.99 6.89 6.63 6.23 5.84 5.57 5.40 5.48 5.67 5.76 5.73 5.67 5.58 5.46 5.28 5.22 5.25 5.31 5.34 5.35 5.39 5.49 5.70 5.95 6.06 5.99 5.87 5.77 5.94
4.33 4.41 4.83 5.26 5.59 5.89 6.20 6.30 6.22 6.13 6.17 6.19 6.20 6.21 6.30 6.26 6.16 6.21 6.13 5.96 6.08 6.42 6.58 6.35 5.90 5.39 4.80 4.32 3.88 3.44 3.09 2.97 3.07 3.26 3.36 3.39 3.46 3.59 3.64 3.61 3.67 3.77 3.90 4.11 4.40 4.59 4.71 4.80 5.05 5.48 5.94 6.14 6.04 5.85 5.78 5.62 5.56 5.69 5.74 5.63 5.45 5.32 5.25 5.24 5.13 5.04 5.05 5.21 5.42 5.59 5.62 5.51 5.32 5.11 4.98 4.97 5.09 5.32 5.49 5.35 5.07 5.21 5.69 6.17
4.55 4.71 5.18 5.45 5.61 5.80 5.89 5.88 5.68 5.49 5.37 5.26 5.17 5.19 5.40 5.41 5.25 5.25 5.46 5.76 6.18 6.44 6.31 5.66 4.85 4.23 3.92 3.74 3.56 3.41 3.36 3.49 3.74 3.94 3.97 3.87 3.82 3.89 3.91 3.91 4.11 4.33 4.57 4.84 4.99 5.09 5.16 5.30 5.55 5.87 6.12 6.06 5.66 5.20 4.83 4.32 4.06 4.20 4.63 5.06 5.26 5.29 5.20 4.94 4.70 4.51 4.42 4.51 4.73 4.91 4.97 4.91 4.79 4.68 4.65 4.70 4.81 4.93 5.00 4.90 4.82 5.14 5.74 6.10
4.68 4.86 5.33 5.58 5.59 5.66 5.67 5.43 5.25 5.13 4.95 4.75 4.66 4.74 5.07 5.20 5.08 4.99 5.27 5.73 6.13 6.15 5.72 4.82 4.01 3.65 3.59 3.63 3.67 3.75 3.92 4.17 4.36 4.38 4.26 4.12 4.10 4.18 4.24 4.28 4.39 4.55 4.80 5.13 5.30 5.34 5.37 5.56 5.79 6.05 6.18 5.98 5.52 4.84 4.16 3.63 3.52 3.72 4.04 4.34 4.60 4.74 4.73 4.51 4.31 4.15 4.05 4.02 4.01 3.99 3.98 3.98 4.01 4.11 4.23 4.36 4.49 4.62 4.73 4.79 4.89 5.17 5.56 5.63
4.88 5.10 5.46 5.67 5.63 5.51 5.32 4.97 4.75 4.73 4.70 4.52 4.40 4.69 5.20 5.32 5.22 5.11 5.16 5.35 5.62 5.57 5.02 4.19 3.70 3.53 3.51 3.58 3.76 4.05 4.35 4.59 4.62 4.55 4.43 4.40 4.48 4.55 4.52 4.44 4.43 4.53 4.72 4.97 5.12 5.05 5.03 5.21 5.59 5.92 6.11 5.94 5.39 4.86 4.41 4.11 4.21 4.38 4.40 4.30 4.16 4.08 4.01 3.92 3.82 3.75 3.74 3.79 3.80 3.74 3.65 3.59 3.61 3.70 3.84 3.99 4.13 4.30 4.53 4.73 4.89 5.08 5.21 5.04
5.07 5.33 5.72 5.76 5.66 5.30 4.87 4.48 4.42 4.57 4.59 4.39 4.34 4.74 5.25 5.26 5.07 4.89 4.74 4.70 4.92 4.93 4.48 3.95 3.67 3.56 3.53 3.58 3.81 4.19 4.54 4.77 4.85 4.92 5.02 5.21 5.30 5.24 5.06 4.83 4.62 4.55 4.63 4.68 4.55 4.41 4.34 4.57 5.18 5.88 6.15 5.94 5.47 5.25 5.17 5.18 5.11 4.99 4.70 4.31 3.94 3.69 3.56 3.48 3.40 3.41 3.57 3.79 3.87 3.79 3.61 3.46 3.42 3.49 3.64 3.80 3.95 4.20 4.51 4.69 4.77 4.81 4.78 4.56
5.43 5.59 5.90 5.81 5.56 5.14 4.61 4.36 4.54 4.70 4.65 4.50 4.53 4.84 5.08 4.97 4.63 4.33 4.15 4.20 4.52 4.53 4.07 3.67 3.49 3.49 3.64 3.86 4.10 4.36 4.73 5.06 5.38 5.82 6.27 6.52 6.46 6.20 5.89 5.56 5.19 4.88 4.74 4.65 4.41 4.21 4.32 4.74 5.52 6.19 6.27 5.71 5.14 5.00 5.04 5.05 4.91 4.60 4.17 3.80 3.55 3.42 3.37 3.33 3.30 3.44 3.81 4.11 4.09 3.83 3.52 3.33 3.38 3.61 3.89 4.10 4.31 4.66 4.91 4.91 4.75 4.59 4.51 4.44
5.65 5.80 5.88 5.69 5.38 5.05 4.64 4.66 5.01 5.23 5.07 4.89 4.89 4.96 4.89 4.65 4.25 3.90 3.85 4.08 4.43 4.30 3.74 3.38 3.32 3.46 3.74 4.08 4.41 4.74 5.18 5.64 6.19 6.76 7.08 7.05 6.82 6.56 6.37 6.16 5.85 5.52 5.25 5.07 4.82 4.73 4.88 5.39 6.10 6.45 6.15 5.11 4.28 3.78 3.75 3.87 3.83 3.58 3.33 3.18 3.10 3.13 3.25 3.40 3.61 3.91 4.36 4.59 4.33 3.82 3.48 3.48 3.82 4.31 4.68 4.92 5.20 5.54 5.67 5.49 5.17 4.95 4.89 4.83
5.97 5.83 5.70 5.54 5.31 5.14 5.14 5.50 5.88 5.93 5.74 5.50 5.29 5.04 4.71 4.36 4.03 3.89 4.05 4.36 4.57 4.30 3.75 3.45 3.44 3.59 3.82 4.18 4.72 5.35 5.91 6.38 6.78 6.89 6.63 6.14 5.94 6.10 6.27 6.30 6.20 5.98 5.70 5.43 5.28 5.19 5.26 5.78 6.38 6.46 5.70 4.55 3.69 3.22 3.05 2.96 2.90 2.83 2.81 2.81 2.87 3.07 3.40 3.77 4.15 4.59 4.91 4.87 4.47 3.91 3.73 4.05 4.65 5.20 5.58 5.87 6.16 6.30 6.17 5.89 5.68 5.57 5.48 5.33
6.18 5.76 5.46 5.57 5.66 5.81 6.15 6.56 6.78 6.58 6.27 6.00 5.69 5.18 4.64 4.33 4.15 4.20 4.47 4.74 4.76 4.41 3.93 3.69 3.72 3.91 4.22 4.73 5.40 6.03 6.39 6.58 6.50 6.03 5.23 4.73 4.88 5.32 5.60 5.74 5.87 5.94 5.88 5.74 5.57 5.43 5.50 6.02 6.38 6.12 5.07 4.20 3.65 3.22 2.89 2.65 2.56 2.59 2.64 2.73 2.97 3.41 3.92 4.37 4.80 5.11 5.17 4.95 4.60 4.36 4.30 4.71 5.30 5.83 6.18 6.37 6.36 6.09 5.57 5.18 5.07 5.09 5.11 5.07
6.02 5.64 5.30 5.56 5.97 6.38 6.75 6.94 6.94 6.71 6.45 6.23 5.95 5.38 4.88 4.65 4.55 4.54 4.69 4.80 4.67 4.27 3.90 3.82 3.98 4.31 4.79 5.33 5.75 5.96 5.95 5.71 5.18 4.42 3.89 4.00 4.45 4.67 4.60 4.71 5.01 5.34 5.62 5.75 5.69 5.55 5.63 6.09 6.12 5.41 4.38 3.73 3.19 2.76 2.50 2.46 2.56 2.66 2.78 3.03 3.46 4.02 4.53 4.90 5.15 5.25 5.18 5.02 4.89 4.83 4.91 5.30 5.90 6.29 6.32 6.03 5.45 4.66 3.98 3.70 3.75 3.95 4.16 4.28
5.87 5.73 5.53 5.52 5.75 6.08 6.28 6.27 6.06 5.95 5.97 5.97 5.86 5.57 5.26 5.05 4.88 4.72 4.63 4.51 4.21 3.82 3.69 3.81 4.08 4.43 4.78 4.98 4.94 4.77 4.47 3.97 3.45 3.04 3.08 3.55 3.86 3.80 3.70 3.84 4.08 4.41 4.77 5.01 5.18 5.32 5.57 5.90 5.80 4.93 3.94 3.07 2.44 2.22 2.32 2.61 2.82 2.93 3.15 3.57 4.08 4.60 4.98 5.20 5.31 5.36 5.36 5.30 5.22 5.18 5.35 5.87 6.31 6.21 5.58 4.68 3.85 3.29 3.03 3.12 3.48 3.87 4.08 4.04
5.93 5.99 5.73 5.41 5.11 5.04 4.93 4.65 4.39 4.49 4.77 5.03 5.19 5.28 5.29 5.20 5.00 4.72 4.46 4.13 3.70 3.44 3.50 3.68 3.87 3.99 3.98 3.79 3.56 3.40 3.19 2.93 2.78 2.80 2.95 3.15 3.25 3.27 3.29 3.38 3.48 3.62 3.81 4.04 4.39 5.05 5.50 5.78 5.55 4.79 3.70 2.76 2.33 2.44 2.84 3.19 3.25 3.28 3.55 4.09 4.68 5.12 5.44 5.64 5.77 5.88 5.90 5.77 5.57 5.48 5.74 6.21 6.12 5.21 4.07 3.40 3.21 3.09 3.12 3.47 4.04 4.53 4.65 4.53
6.06 5.93 5.45 4.94 4.27 3.83 3.50 3.18 3.08 3.22 3.49 3.72 4.00 4.37 4.77 4.96 4.88 4.62 4.26 3.85 3.48 3.34 3.38 3.44 3.44 3.34 3.17 3.04 3.01 3.00 2.97 2.98 3.10 3.23 3.27 3.34 3.44 3.51 3.54 3.57 3.61 3.69 3.84 4.18 4.68 5.39 5.74 5.73 5.24 4.35 3.50 3.00 2.91 3.26 3.71 3.88 3.70 3.65 4.04 4.77 5.40 5.86 6.13 6.29 6.46 6.64 6.64 6.46 6.21 6.07 6.19 6.09 5.22 4.02 3.43 3.47 3.64 3.58 3.62 4.04 4.69 5.13 5.18 5.27
5.96 5.50 4.74 4.14 3.39 2.97 2.87 2.85 2.89 3.15 3.42 3.53 3.71 4.04 4.41 4.63 4.62 4.45 4.15 3.80 3.55 3.41 3.31 3.22 3.14 3.08 3.10 3.22 3.31 3.33 3.33 3.35 3.51 3.75 3.88 3.99 4.11 4.17 4.15 4.18 4.34 4.61 4.93 5.40 5.91 6.18 6.01 5.54 4.85 4.15 3.61 3.42 3.62 4.05 4.46 4.51 4.25 4.33 4.95 5.76 6.46 6.89 7.06 7.08 7.07 7.13 7.16 7.09 6.95 6.70 6.38 5.74 4.53 3.94 4.08 4.41 4.45 4.26 4.27 4.68 5.25 5.63 5.85 6.13
5.70 5.24 4.32 3.46 2.89 2.83 3.18 3.55 3.86 4.23 4.50 4.57 4.68 4.74 4.68 4.53 4.39 4.31 4.13 3.90 3.67 3.44 3.24 3.15 3.18 3.30 3.51 3.71 3.83 3.88 3.86 3.82 3.94 4.23 4.47 4.67 4.81 4.86 4.84 4.97 5.33 5.71 6.13 6.53 6.68 6.36 5.71 5.01 4.50 4.15 3.85 3.86 4.23 4.76 5.10 5.01 4.91 5.19 6.00 6.86 7.46 7.66 7.56 7.37 7.18 7.07 7.06 7.04 7.06 6.87 6.46 5.94 5.25 5.15 5.56 5.83 5.71 5.43 5.41 5.65 5.97 6.27 6.58 6.78
5.54 5.13 4.14 3.26 3.03 3.60 4.41 5.01 5.45 5.77 5.95 6.01 5.93 5.59 5.09 4.64 4.37 4.25 4.14 3.96 3.72 3.46 3.29 3.31 3.48 3.69 3.88 4.09 4.28 4.40 4.47 4.54 4.70 4.91 5.12 5.35 5.56 5.64 5.74 6.00 6.35 6.64 6.81 6.73 6.25 5.39 4.48 4.04 4.09 4.11 4.21 4.48 4.96 5.45 5.58 5.33 5.39 5.99 6.88 7.52 7.72 7.54 7.16 6.85 6.67 6.61 6.66 6.65 6.58 6.55 6.58 6.59 6.76 6.96 7.25 7.46 7.43 7.31 7.22 7.08 6.99 7.00 7.04 6.87
5.22 4.58 3.52 3.14 3.65 4.70 5.72 6.43 6.83 6.93 6.86 6.69 6.41 5.88 5.34 4.90 4.56 4.32 4.15 3.98 3.78 3.63 3.60 3.71 3.88 4.04 4.22 4.46 4.68 4.87 5.11 5.43 5.78 6.05 6.25 6.39 6.42 6.38 6.57 6.88 7.03 6.93 6.58 5.92 4.94 3.92 3.34 3.37 3.93 4.36 4.74 5.18 5.62 5.84 5.74 5.52 5.83 6.62 7.23 7.45 7.15 6.60 6.10 5.84 5.84 5.97 6.09 6.12 6.02 6.06 6.45 6.90 7.35 7.69 7.93 8.19 8.32 8.31 8.15 7.90 7.57 7.34 7.04 6.52
4.35 3.75 3.19 3.55 4.68 5.97 6.84 7.24 7.30 7.09 6.78 6.46 6.13 5.74 5.43 5.12 4.75 4.39 4.17 4.04 3.96 3.99 4.15 4.33 4.47 4.58 4.79 5.03 5.25 5.51 5.92 6.42 6.88 7.22 7.37 7.22 6.97 6.87 6.97 7.01 6.74 6.17 5.38 4.40 3.52 3.08 3.13 3.67 4.44 5.05 5.60 6.06 6.27 6.13 5.86 5.87 6.33 6.82 7.06 6.75 6.09 5.43 4.92 4.66 4.79 4.91 4.96 5.01 5.12 5.36 5.75 6.25 6.76 7.08 7.27 7.44 7.59 7.65 7.64 7.53 7.34 7.02 6.63 6.14
4.19 4.03 4.16 4.95 6.13 7.09 7.43 7.29 6.90 6.38 6.01 5.74 5.47 5.31 5.19 5.00 4.71 4.40 4.25 4.27 4.42 4.70 5.01 5.22 5.36 5.48 5.67 5.88 6.12 6.48 6.98 7.40 7.61 7.62 7.38 6.99 6.77 6.68 6.56 6.11 5.41 4.64 3.76 3.03 2.84 3.14 3.79 4.66 5.33 5.96 6.45 6.63 6.58 6.41 6.15 6.19 6.47 6.61 6.37 5.64 4.88 4.25 3.68 3.50 3.63 3.62 3.51 3.62 3.95 4.30 4.87 5.27 5.50 5.55 5.52 5.55 5.47 5.62 5.82 5.94 6.26 6.40 6.28 6.18
4.96 5.28 5.93 6.57 7.18 7.51 7.23 6.60 5.94 5.52 5.30 5.11 4.91 4.80 4.71 4.61 4.49 4.39 4.44 4.67 5.07 5.51 5.86 6.10 6.21 6.34 6.53 6.76 7.06 7.45 7.76 7.77 7.44 6.87 6.18 5.74 5.88 5.85 5.36 4.52 3.69 3.13 2.69 2.72 3.17 3.80 4.64 5.47 6.15 6.69 6.85 6.77 6.54 6.35 6.25 6.21 6.19 5.98 5.33 4.54 3.82 3.11 2.73 2.81 2.99 2.97 2.96 3.20 3.52 3.85 4.26 4.66 4.78 4.62 4.37 4.18 4.20 4.56 4.86 5.01 5.31 5.68 5.95 6.07
5.68 6.12 6.77 7.10 7.28 7.04 6.46 5.78 5.22 5.02 4.92 4.73 4.56 4.42 4.32 4.29 4.32 4.43 4.61 4.86 5.18 5.51 5.83 6.19 6.42 6.65 6.95 7.28 7.54 7.67 7.52 6.98 6.11 5.31 4.75 4.68 4.81 4.50 3.74 3.05 2.59 2.45 2.66 3.28 3.90 4.56 5.36 6.10 6.69 6.88 6.65 6.25 5.97 5.88 5.86 5.80 5.63 5.23 4.52 3.81 3.12 2.53 2.44 2.72 2.95 3.03 3.24 3.67 3.99 4.05 4.14 4.28 4.34 4.18 3.86 3.71 3.99 4.50 4.67 4.65 4.88 5.11 5.36 5.49
6.21 6.43 6.69 6.78 6.66 6.20 5.61 5.15 4.87 4.75 4.62 4.42 4.28 4.15 4.11 4.17 4.30 4.43 4.54 4.59 4.67 4.79 5.06 5.48 6.03 6.51 6.95 7.21 7.19 6.86 6.19 5.25 4.32 3.80 3.65 3.72 3.55 3.08 2.60 2.42 2.48 2.82 3.45 4.09 4.72 5.39 5.99 6.56 6.83 6.65 6.18 5.77 5.52 5.37 5.32 5.30 5.16 4.80 4.15 3.42 2.85 2.68 2.97 3.40 3.65 3.78 4.11 4.40 4.34 4.16 4.09 4.11 4.05 3.87 3.65 3.69 4.07 4.37 4.26 4.19 4.41 4.54 4.68 4.86
6.65 6.34 6.05 6.07 5.61 5.48 5.06 4.70 4.54 4.44 4.29 4.12 3.97 3.90 3.99 4.15 4.33 4.41 4.41 4.39 4.46 4.66 5.02 5.52 6.12 6.58 6.75 6.59 6.11 5.38 4.48 3.66 3.01 2.75 2.77 2.82 2.67 2.49 2.48 2.69 3.11 3.71 4.30 4.95 5.62 6.17 6.57 6.80 6.66 6.22 5.74 5.39 5.12 4.98 5.03 5.07 4.99 4.67 4.13 3.53 3.24 3.45 3.93 4.33 4.55 4.77 4.97 4.78 4.37 4.22 4.29 4.11 3.82 3.70 3.71 3.82 4.02 4.07 3.92 3.94 4.10 4.17 4.29 4.62
6.87 6.35 5.69 5.57 5.44 5.22 5.00 4.70 4.50 4.40 4.25 4.09 3.94 3.94 4.08 4.26 4.43 4.55 4.64 4.77 5.07 5.53 6.06 6.51 6.73 6.65 6.24 5.57 4.75 3.94 3.11 2.55 2.36 2.43 2.56 2.65 2.73 2.87 3.09 3.38 3.82 4.34 5.00 5.76 6.42 6.85 7.06 6.79 6.32 5.73 5.21 4.84 4.70 4.73 4.92 5.07 4.94 4.68 4.42 4.26 4.34 4.71 5.15 5.45 5.62 5.63 5.43 5.07 4.79 4.80 4.65 4.20 3.75 3.79 3.96 3.93 3.93 4.00 4.02 4.04 4.10 4.13 4.24 4.49
7.05 6.50 5.71 5.45 5.30 5.21 5.17 5.04 4.88 4.83 4.75 4.55 4.46 4.47 4.55 4.57 4.66 4.85 5.11 5.45 5.93 6.46 6.79 6.82 6.54 5.99 5.25 4.37 3.46 2.70 2.23 2.17 2.42 2.80 3.02 3.17 3.34 3.54 3.79 4.03 4.35 4.84 5.61 6.42 7.01 7.24 7.07 6.55 5.89 5.26 4.75 4.54 4.58 4.75 4.95 4.93 4.71 4.71 4.84 5.13 5.65 6.24 6.68 6.91 6.76 6.46 6.03 5.70 5.66 5.51 4.89 4.19 3.98 4.26 4.34 4.08 4.03 4.27 4.40 4.36 4.29 4.24 4.31 4.40
7.03 6.41 5.58 5.29 5.16 5.24 5.26 5.23 5.18 5.16 5.12 4.96 4.94 4.98 5.01 4.95 4.89 5.01 5.37 5.84 6.28 6.48 6.32 5.82 5.21 4.61 3.99 3.25 2.49 2.09 2.15 2.62 3.11 3.43 3.67 3.86 4.04 4.21 4.41 4.56 4.84 5.38 6.23 6.92 7.31 7.23 6.74 6.08 5.49 5.03 4.75 4.68 4.77 4.89 4.83 4.62 4.56 4.89 5.28 5.90 6.67 7.28 7.58 7.35 7.48 7.15 6.81 6.62 6.33 5.83 5.11 4.55 4.60 4.83 4.71 4.48 4.63 4.94 5.01 4.80 4.54 4.38 4.33 4.30
6.76 6.33 5.66 5.32 5.20 5.19 5.22 5.24 5.20 5.10 4.93 4.76 4.79 4.88 4.94 4.91 4.83 4.91 5.29 5.71 5.84 5.54 4.92 4.25 3.70 3.27 2.84 2.41 2.12 2.26 2.88 3.54 3.91 4.13 4.29 4.47 4.67 4.83 4.90 5.05 5.39 5.99 6.65 7.15 7.16 6.68 5.99 5.51 5.31 5.17 5.10 5.16 5.13 5.09 4.89 4.72 4.86 5.29 5.69 6.42 7.09 7.56 7.62 7.37 7.25 7.20 7.11 7.10 6.83 6.37 6.00 5.77 5.70 5.50 5.16 5.15 5.52 5.83 5.64 5.17 4.69 4.35 4.14 4.15
6.75 6.52 5.99 5.62 5.47 5.35 5.28 5.25 5.17 5.01 4.78 4.60 4.58 4.59 4.56 4.50 4.54 4.75 5.10 5.17 4.78 4.04 3.31 2.78 2.36 2.06 1.87 1.86 2.21 2.97 3.81 4.31 4.58 4.74 4.88 5.04 5.13 5.14 5.19 5.38 5.84 6.35 6.86 7.02 6.67 5.86 5.35 5.15 5.19 5.38 5.42 5.46 5.52 5.40 5.19 5.08 5.16 5.48 5.91 6.61 7.00 6.93 6.38 6.06 6.17 6.54 6.85 7.08 7.24 7.22 7.22 7.08 6.73 6.33 6.02 6.11 6.34 6.25 5.76 4.98 4.40 4.10 3.98 3.96
6.96 6.59 6.02 5.75 5.66 5.60 5.43 5.29 5.18 5.12 5.05 4.91 4.81 4.65 4.47 4.30 4.37 4.61 4.69 4.29 3.47 2.64 2.04 1.70 1.50 1.45 1.58 1.92 2.52 3.32 4.04 4.41 4.63 4.82 5.01 5.18 5.15 5.13 5.20 5.52 6.01 6.55 6.92 6.79 6.30 5.64 5.24 5.09 5.12 5.28 5.47 5.54 5.68 5.59 5.36 5.12 5.10 5.27 5.77 6.35 6.52 6.04 5.34 5.07 5.18 5.62 6.16 6.59 6.96 7.27 7.49 7.54 7.26 6.97 6.87 6.87 6.60 5.96 5.13 4.44 4.11 3.98 3.85 3.71
6.87 6.30 5.61 5.50 5.54 5.52 5.35 5.15 5.08 5.11 5.15 5.06 4.92 4.73 4.55 4.36 4.36 4.35 4.04 3.30 2.53 1.96 1.64 1.54 1.54 1.67 2.02 2.49 2.97 3.38 3.69 3.91 4.05 4.21 4.40 4.57 4.68 4.80 5.07 5.55 6.05 6.59 6.77 6.40 5.86 5.41 5.05 4.96 4.99 5.06 5.20 5.49 5.57 5.46 5.20 4.85 4.75 4.86 5.41 5.97 5.97 5.30 4.73 4.72 4.99 5.30 5.52 5.68 5.93 6.23 6.45 6.63 6.82 6.91 6.95 6.84 6.20 5.27 4.65 4.38 4.21 3.89 3.55 3.56
6.29 5.89 5.44 5.35 5.22 4.97 4.74 4.68 4.65 4.74 4.85 4.85 4.73 4.59 4.49 4.37 4.27 4.04 3.54 2.93 2.48 2.25 2.18 2.20 2.28 2.51 2.85 3.23 3.54 3.69 3.76 3.76 3.71 3.70 3.76 3.94 4.27 4.55 4.98 5.50 5.99 6.35 6.21 5.45 4.64 4.31 4.30 4.42 4.54 4.80 5.01 5.25 5.32 5.07 4.73 4.46 4.37 4.60 5.09 5.59 5.57 4.92 4.59 4.68 4.96 5.17 5.10 4.90 4.89 5.04 4.99 5.14 5.62 6.14 6.37 6.27 5.79 5.18 4.85 4.68 4.18 3.58 3.41 3.75
5.75 5.77 5.76 5.59 5.11 4.62 4.40 4.34 4.28 4.31 4.45 4.56 4.55 4.48 4.39 4.24 4.08 3.82 3.45 3.15 3.06 3.06 3.13 3.21 3.32 3.52 3.78 3.98 4.16 4.28 4.27 4.10 3.86 3.68 3.66 3.87 4.20 4.52 4.97 5.45 5.81 5.88 5.31 4.16 3.53 3.56 3.83 4.12 4.43 4.68 4.93 5.10 4.98 4.65 4.32 4.24 4.30 4.60 4.96 5.35 5.43 5.14 4.92 4.86 4.84 4.68 4.43 4.27 4.33 4.47 4.47 4.52 4.86 5.31 5.40 5.47 5.59 5.52 5.26 4.77 3.97 3.60 3.91 4.48
5.92 6.17 6.37 6.10 5.60 4.95 4.57 4.36 4.18 4.04 4.03 4.17 4.32 4.37 4.29 4.08 3.92 3.76 3.65 3.71 3.86 4.05 4.22 4.34 4.46 4.53 4.56 4.59 4.60 4.60 4.55 4.38 4.14 3.96 3.93 4.10 4.42 4.73 5.16 5.50 5.60 5.36 4.62 3.75 3.60 3.95 4.41 4.84 5.06 5.05 4.98 4.96 4.75 4.47 4.23 4.24 4.34 4.64 4.90 5.30 5.54 5.47 5.13 4.75 4.40 4.11 3.92 3.90 4.11 4.33 4.37 4.45 4.65 4.86 4.83 4.98 5.40 5.67 5.61 5.20 4.64 4.62 5.10 5.57
6.36 6.57 6.66 6.32 5.84 5.27 4.83 4.49 4.18 3.88 3.67 3.70 3.90 4.06 4.09 3.96 3.85 3.86 4.05 4.39 4.72 5.05 5.31 5.50 5.53 5.47 5.35 5.16 4.96 4.78 4.60 4.43 4.33 4.38 4.54 4.70 4.94 5.28 5.64 5.78 5.67 5.26 4.64 4.36 4.68 5.19 5.65 5.87 5.83 5.42 5.08 4.83 4.71 4.48 4.29 4.28 4.36 4.66 4.98 5.50 5.77 5.61 5.09 4.52 4.06 3.76 3.73 3.86 4.07 4.27 4.30 4.32 4.55 4.63 4.63 4.77 5.12 5.54 5.83 6.07 6.19 6.21 6.32 6.46
6.65 6.66 6.39 5.93 5.46 5.02 4.74 4.44 4.07 3.69 3.48 3.45 3.53 3.70 3.82 3.83 3.81 3.94 4.32 4.82 5.23 5.56 5.80 5.95 5.96 5.90 5.78 5.58 5.33 5.08 4.79 4.54 4.50 4.69 4.92 5.20 5.55 5.90 6.16 6.31 6.30 5.95 5.62 5.53 5.89 6.34 6.51 6.27 5.86 5.39 5.01 4.81 4.68 4.53 4.33 4.30 4.41 4.79 5.23 5.76 5.93 5.65 5.09 4.57 4.13 3.90 3.89 3.97 4.06 4.23 4.22 4.12 4.33 4.52 4.57 4.69 4.96 5.30 5.86 6.47 6.95 7.00 6.81 6.50
