project/data/elevation/US_DEM2016/US_DEM2016_point_10-29-2019_1010_30m_vel.asc
ncols	125
nrows	167
xllcorner	-2042055.000000
yllcorner	1465035.000000
cellsize	30.000000
NODATA_value	-9999.000000
[rows 76 to 113 of 167, columns 0 to 83 of 125]
2.42 2.04 1.25 0.63 0.39 0.49 0.98 1.50 1.77 1.85 1.85 1.85 1.99 2.27 2.63 3.08 3.16 3.38 3.26 3.02 2.85 2.80 2.80 2.73 2.60 2.44 2.23 2.13 2.14 2.08 1.92 1.74 1.57 1.50 1.46 1.39 1.33 1.31 1.39 1.53 1.68 1.91 2.47 3.12 3.23 2.81 2.32 2.00 1.84 1.71 1.59 1.48 1.31 1.14 1.13 1.26 1.46 1.60 1.74 1.94 2.11 2.04 1.75 1.53 1.46 1.51 1.76 2.20 2.59 2.66 2.41 2.13 2.10 2.20 2.31 2.49 2.90 3.33 3.31 2.89 2.54 2.31 2.27 2.26
2.27 1.90 1.17 0.60 0.51 0.83 1.34 1.67 1.70 1.58 1.54 1.67 1.99 2.47 2.97 3.30 3.34 3.11 2.89 2.75 2.65 2.62 2.65 2.71 2.67 2.48 2.18 2.03 2.10 2.13 1.97 1.77 1.64 1.60 1.55 1.43 1.29 1.21 1.28 1.48 1.70 1.96 2.40 3.01 3.22 2.89 2.39 2.03 1.81 1.68 1.56 1.43 1.29 1.21 1.21 1.32 1.50 1.65 1.78 1.95 1.99 1.68 1.31 1.27 1.38 1.58 1.82 2.13 2.51 2.73 2.65 2.54 2.65 2.75 2.83 2.97 3.13 3.25 3.32 2.53 2.30 2.21 2.22 2.23
2.08 1.73 1.08 0.64 0.66 1.02 1.37 1.50 1.44 1.40 1.46 1.75 2.28 2.91 3.36 3.44 3.21 2.90 2.66 2.54 2.48 2.44 2.51 2.65 2.71 2.55 2.19 1.97 2.05 2.14 1.99 1.80 1.70 1.64 1.53 1.35 1.18 1.10 1.23 1.49 1.70 1.86 2.16 2.80 3.24 3.05 2.51 2.08 1.84 1.70 1.58 1.48 1.42 1.36 1.32 1.37 1.55 1.68 1.76 1.83 1.72 1.33 1.08 1.17 1.45 1.73 1.99 2.33 2.73 2.93 3.00 3.03 3.03 3.53 3.71 2.86 3.00 2.67 2.50 2.29 2.16 2.15 2.18 2.19
1.86 1.55 1.02 0.73 0.76 0.98 1.26 1.38 1.40 1.47 1.68 2.14 2.84 3.41 3.59 3.39 3.03 2.69 2.45 2.36 2.33 2.30 2.37 2.56 2.73 2.66 2.30 1.98 1.99 2.08 1.96 1.81 1.73 1.63 1.45 1.23 1.05 1.01 1.17 1.39 1.56 1.65 1.86 2.56 3.25 3.24 2.70 2.23 1.98 1.84 1.74 1.70 1.68 1.56 1.42 1.40 1.51 1.57 1.58 1.54 1.39 1.14 1.04 1.27 1.69 2.06 2.44 2.81 2.97 3.09 3.26 3.21 3.68 2.68 2.65 2.58 2.95 2.36 2.29 2.19 2.09 2.09 2.12 2.11
1.63 1.39 1.04 0.86 0.86 1.02 1.28 1.46 1.58 1.76 2.13 2.73 3.37 3.63 3.50 3.17 2.81 2.48 2.26 2.19 2.17 2.17 2.24 2.45 2.73 2.77 2.44 2.01 1.88 1.95 1.89 1.79 1.75 1.64 1.41 1.12 0.93 0.95 1.10 1.27 1.44 1.57 1.80 2.45 3.18 3.33 2.96 2.50 2.20 2.04 1.94 1.86 1.78 1.62 1.40 1.33 1.33 1.34 1.38 1.36 1.24 1.13 1.21 1.62 2.16 2.63 2.91 2.96 2.91 3.05 3.33 3.24 2.81 2.49 2.43 2.40 2.32 2.24 2.23 2.11 2.02 2.04 2.09 2.04
1.46 1.33 1.12 0.99 0.99 1.14 1.41 1.66 1.86 2.16 2.64 3.21 3.54 3.50 3.20 2.90 2.59 2.25 2.04 1.98 1.99 2.02 2.10 2.31 2.68 2.84 2.59 2.06 1.81 1.85 1.85 1.80 1.78 1.67 1.40 1.06 0.90 0.97 1.09 1.25 1.49 1.68 1.91 2.43 3.10 3.35 3.12 2.74 2.42 2.15 1.97 1.84 1.73 1.53 1.34 1.25 1.22 1.28 1.36 1.35 1.30 1.33 1.62 2.18 2.74 3.03 2.92 2.65 2.63 2.98 3.37 3.27 2.80 2.38 2.29 2.33 2.31 2.21 2.23 2.08 2.00 2.00 2.08 2.03
1.44 1.37 1.20 1.07 1.05 1.22 1.54 1.86 2.16 2.54 3.01 3.35 3.41 3.16 2.84 2.63 2.41 2.10 1.84 1.80 1.88 1.89 1.88 2.14 2.61 2.88 2.73 2.28 1.84 1.79 1.87 1.88 1.83 1.68 1.40 1.07 0.93 1.01 1.13 1.35 1.64 1.87 2.04 2.39 3.00 3.34 3.20 2.84 2.48 2.11 1.90 1.82 1.75 1.58 1.35 1.25 1.24 1.35 1.43 1.46 1.50 1.69 2.11 2.67 3.08 3.01 2.56 2.32 2.52 3.01 3.41 3.28 2.95 2.30 2.20 2.28 2.30 2.22 2.29 2.06 1.98 1.95 2.01 2.04
1.50 1.40 1.19 1.06 1.08 1.31 1.69 2.08 2.44 2.81 3.12 3.24 3.12 2.84 2.58 2.44 2.26 1.99 1.70 1.67 1.79 1.76 1.71 1.98 2.48 2.86 2.85 2.52 2.04 1.88 1.97 2.01 1.89 1.68 1.41 1.12 0.94 1.00 1.20 1.50 1.76 1.89 1.99 2.26 2.83 3.30 3.27 2.91 2.49 2.12 1.96 1.90 1.80 1.61 1.35 1.26 1.27 1.36 1.48 1.56 1.70 1.96 2.41 2.87 3.05 2.74 2.26 2.25 2.57 3.04 3.40 3.23 2.71 2.24 2.08 2.18 2.27 2.21 2.11 2.03 1.92 1.85 1.84 2.00
1.54 1.38 1.14 1.06 1.17 1.50 1.93 2.32 2.65 2.92 3.08 3.05 2.87 2.62 2.40 2.25 2.10 1.87 1.61 1.58 1.67 1.64 1.65 1.92 2.40 2.85 2.97 2.71 2.31 2.13 2.14 2.09 1.92 1.71 1.45 1.15 0.99 1.09 1.39 1.65 1.73 1.75 1.85 2.14 2.69 3.26 3.36 3.01 2.56 2.24 2.04 1.91 1.75 1.56 1.35 1.26 1.27 1.38 1.54 1.68 1.84 2.10 2.49 2.87 2.92 2.53 2.17 2.30 2.57 2.93 3.25 3.35 2.75 2.25 1.99 2.06 2.21 2.20 2.10 2.01 1.91 1.77 1.69 1.86
1.55 1.37 1.14 1.13 1.35 1.76 2.17 2.49 2.76 2.94 3.00 2.89 2.69 2.44 2.22 2.06 1.93 1.73 1.54 1.52 1.57 1.60 1.72 2.02 2.46 2.90 3.08 2.82 2.44 2.24 2.18 2.07 1.91 1.72 1.50 1.22 1.15 1.33 1.55 1.61 1.58 1.65 1.84 2.12 2.61 3.24 3.43 3.06 2.54 2.23 2.01 1.84 1.70 1.55 1.37 1.29 1.32 1.46 1.61 1.74 1.87 2.08 2.45 2.82 2.84 2.46 2.13 2.24 2.44 2.70 3.07 3.30 2.87 2.36 1.99 2.01 2.17 2.19 2.09 2.04 1.97 1.81 1.67 1.77
1.56 1.38 1.19 1.26 1.57 1.95 2.27 2.54 2.80 2.94 2.91 2.73 2.51 2.26 2.02 1.85 1.70 1.57 1.53 1.55 1.59 1.69 1.89 2.21 2.61 2.99 3.13 2.87 2.47 2.22 2.09 2.00 1.88 1.74 1.54 1.32 1.30 1.43 1.46 1.39 1.46 1.65 1.82 2.04 2.52 3.25 3.48 3.09 2.47 2.14 1.94 1.76 1.64 1.54 1.39 1.33 1.36 1.45 1.56 1.69 1.79 1.96 2.38 2.80 2.84 2.46 2.06 2.05 2.24 2.49 2.92 3.18 2.96 2.48 2.08 1.99 2.12 2.14 2.07 2.05 2.00 1.87 1.73 1.77
1.57 1.40 1.25 1.38 1.66 1.93 2.22 2.56 2.85 2.93 2.78 2.55 2.33 2.07 1.77 1.55 1.47 1.51 1.62 1.67 1.72 1.85 2.06 2.39 2.73 3.01 3.09 2.88 2.51 2.20 2.06 2.01 1.93 1.80 1.60 1.39 1.30 1.26 1.22 1.25 1.42 1.61 1.71 1.87 2.48 3.35 3.62 3.15 2.48 2.10 1.86 1.66 1.53 1.44 1.36 1.32 1.32 1.36 1.47 1.62 1.74 1.95 2.39 2.80 2.88 2.50 2.02 1.90 2.07 2.39 2.86 3.21 3.02 2.53 2.16 2.01 2.07 2.10 2.10 2.08 1.98 1.87 1.83 1.85
1.56 1.41 1.29 1.42 1.62 1.86 2.23 2.69 2.91 2.83 2.58 2.34 2.12 1.82 1.47 1.32 1.41 1.63 1.75 1.80 1.88 2.03 2.24 2.53 2.78 2.96 3.04 2.90 2.59 2.28 2.12 2.06 1.99 1.85 1.60 1.37 1.20 1.08 1.04 1.16 1.34 1.52 1.64 1.84 2.56 3.49 3.71 3.18 2.46 2.05 1.83 1.60 1.45 1.36 1.28 1.25 1.26 1.32 1.46 1.64 1.80 2.04 2.40 2.77 2.89 2.55 1.98 1.76 1.97 2.38 2.89 3.23 3.08 2.57 2.18 2.18 2.07 2.10 2.10 2.08 1.98 1.91 1.95 1.94
1.56 1.43 1.35 1.44 1.62 1.95 2.44 2.82 2.86 2.64 2.33 2.07 1.85 1.53 1.28 1.30 1.51 1.70 1.79 1.86 2.00 2.18 2.37 2.55 2.72 2.87 2.99 2.95 2.70 2.40 2.18 2.05 1.97 1.84 1.57 1.31 1.11 0.98 0.92 1.03 1.27 1.54 1.67 1.86 2.63 3.58 3.76 3.17 2.42 2.05 1.84 1.61 1.49 1.44 1.36 1.29 1.28 1.35 1.50 1.70 1.89 2.04 2.30 2.70 2.89 2.58 1.95 1.68 1.92 2.39 2.91 3.27 3.11 2.57 2.18 2.07 2.10 2.10 2.06 1.99 1.95 1.98 2.02 1.93
1.56 1.48 1.43 1.52 1.76 2.18 2.63 2.83 2.68 2.36 2.04 1.73 1.49 1.31 1.25 1.38 1.54 1.67 1.78 1.88 2.08 2.28 2.38 2.45 2.59 2.81 3.01 3.02 2.78 2.45 2.18 1.99 1.89 1.81 1.58 1.27 1.03 0.90 0.83 0.97 1.33 1.63 1.69 1.89 2.70 3.61 3.73 3.18 2.54 2.14 1.94 1.76 1.71 1.69 1.59 1.43 1.35 1.38 1.53 1.71 1.83 1.88 2.11 2.62 2.90 2.61 1.96 1.70 1.90 2.33 2.88 3.29 3.09 2.50 2.11 2.06 2.15 2.14 2.02 1.91 1.91 1.96 1.94 1.79
1.60 1.55 1.53 1.65 1.95 2.37 2.67 2.67 2.40 2.03 1.70 1.40 1.24 1.22 1.30 1.42 1.54 1.64 1.75 1.91 2.12 2.31 2.34 2.35 2.54 2.84 3.07 3.06 2.81 2.48 2.21 2.00 1.87 1.79 1.58 1.23 0.91 0.79 0.78 1.01 1.45 1.70 1.74 2.02 2.84 3.64 3.68 3.17 2.68 2.35 2.12 2.00 1.93 1.84 1.67 1.44 1.35 1.37 1.48 1.60 1.67 1.69 1.90 2.50 2.89 2.68 2.06 1.77 1.85 2.18 2.79 3.26 3.08 2.45 2.04 2.02 2.19 2.18 2.00 1.91 1.97 1.98 1.82 1.65
1.66 1.63 1.63 1.79 2.11 2.42 2.53 2.39 2.06 1.73 1.45 1.22 1.13 1.19 1.32 1.47 1.60 1.69 1.78 1.96 2.18 2.32 2.32 2.37 2.58 2.88 3.10 3.08 2.84 2.55 2.29 2.09 1.95 1.78 1.51 1.13 0.78 0.69 0.77 1.11 1.56 1.79 1.91 2.28 3.03 3.64 3.60 3.15 2.71 2.44 2.25 2.08 1.92 1.72 1.51 1.34 1.29 1.31 1.37 1.46 1.48 1.47 1.68 2.39 2.96 2.82 2.23 1.84 1.77 2.02 2.67 3.22 3.09 2.49 2.00 1.93 2.15 2.18 1.96 1.87 2.00 2.01 1.79 1.58
1.75 1.72 1.74 1.92 2.16 2.30 2.26 2.07 1.79 1.54 1.32 1.15 1.09 1.17 1.33 1.56 1.73 1.80 1.90 2.11 2.33 2.41 2.39 2.45 2.62 2.92 3.16 3.13 2.88 2.60 2.35 2.16 1.99 1.76 1.38 0.99 0.73 0.70 0.88 1.31 1.74 1.98 2.18 2.57 3.10 3.54 3.53 3.14 2.71 2.47 2.24 2.00 1.79 1.62 1.46 1.35 1.26 1.23 1.24 1.29 1.31 1.31 1.55 2.43 3.11 2.98 2.37 1.88 1.67 1.87 2.52 3.16 3.10 2.52 1.97 1.84 2.04 2.13 1.93 1.83 1.97 2.03 1.80 1.53
1.83 1.79 1.80 1.93 2.04 2.04 1.93 1.80 1.62 1.43 1.25 1.11 1.08 1.18 1.41 1.72 1.96 2.07 2.19 2.40 2.56 2.53 2.44 2.45 2.62 3.02 3.30 3.17 2.86 2.55 2.29 2.09 1.88 1.58 1.18 0.89 0.78 0.84 1.12 1.58 1.95 2.17 2.38 2.65 3.00 3.40 3.51 3.19 2.75 2.45 2.17 1.92 1.74 1.63 1.52 1.38 1.24 1.17 1.16 1.20 1.24 1.28 1.64 2.61 3.27 3.08 2.41 1.88 1.61 1.78 2.41 3.06 3.06 2.50 1.95 1.80 1.97 2.05 1.93 1.85 1.93 2.00 1.81 1.55
1.90 1.84 1.80 1.81 1.81 1.76 1.68 1.60 1.52 1.40 1.23 1.09 1.10 1.30 1.64 2.05 2.34 2.48 2.56 2.63 2.60 2.43 2.29 2.33 2.62 3.17 3.40 3.12 2.71 2.43 2.20 2.00 1.78 1.45 1.08 0.90 0.91 1.05 1.39 1.79 2.05 2.21 2.34 2.51 2.86 3.31 3.52 3.26 2.78 2.40 2.09 1.85 1.71 1.58 1.45 1.28 1.16 1.11 1.10 1.16 1.21 1.35 1.86 2.77 3.34 3.09 2.41 1.89 1.66 1.84 2.38 2.91 2.95 2.50 2.04 1.90 1.95 1.96 1.94 1.92 1.92 1.92 1.82 1.64
1.95 1.86 1.72 1.65 1.62 1.62 1.55 1.47 1.46 1.42 1.28 1.16 1.26 1.61 2.06 2.47 2.71 2.74 2.64 2.50 2.31 2.09 2.04 2.22 2.70 3.30 3.40 2.97 2.58 2.40 2.24 2.06 1.86 1.50 1.14 1.01 1.05 1.23 1.55 1.84 2.01 2.08 2.15 2.34 2.72 3.27 3.59 3.35 2.82 2.32 1.98 1.78 1.64 1.48 1.30 1.14 1.05 1.02 1.02 1.08 1.17 1.43 2.08 2.90 3.30 3.04 2.46 2.01 1.79 1.92 2.30 2.65 2.75 2.55 2.25 2.12 1.98 1.87 1.96 2.03 1.93 1.85 1.81 1.81
1.97 1.83 1.63 1.54 1.54 1.54 1.48 1.40 1.45 1.51 1.43 1.39 1.61 2.07 2.52 2.77 2.81 2.65 2.38 2.12 1.90 1.78 1.94 2.26 2.81 3.40 3.35 2.87 2.55 2.43 2.32 2.15 1.93 1.57 1.24 1.12 1.15 1.33 1.59 1.79 1.85 1.84 1.94 2.24 2.65 3.25 3.65 3.41 2.80 2.23 1.91 1.77 1.60 1.40 1.21 1.06 0.99 0.96 0.96 1.02 1.18 1.61 2.31 2.96 3.21 2.98 2.54 2.11 1.85 1.89 2.12 2.29 2.48 2.56 2.46 2.29 2.05 1.87 2.06 2.17 1.99 1.84 1.88 2.05
1.95 1.79 1.58 1.50 1.48 1.49 1.47 1.47 1.58 1.69 1.70 1.75 2.07 2.51 2.75 2.75 2.60 2.34 2.02 1.76 1.62 1.71 2.02 2.42 3.00 3.52 3.34 2.86 2.56 2.42 2.29 2.12 1.87 1.55 1.28 1.17 1.19 1.36 1.57 1.66 1.63 1.63 1.83 2.21 2.64 3.29 3.67 3.35 2.67 2.15 1.94 1.82 1.58 1.38 1.22 1.09 1.00 0.95 0.95 1.04 1.30 1.83 2.46 2.93 3.11 2.99 2.64 2.20 1.86 1.83 1.89 1.95 2.22 2.52 2.56 2.39 2.16 2.06 2.27 2.31 2.10 1.97 2.09 2.22
1.92 1.79 1.60 1.51 1.48 1.52 1.58 1.67 1.80 1.91 1.97 2.11 2.40 2.62 2.64 2.49 2.27 2.00 1.71 1.50 1.54 1.86 2.28 2.68 3.26 3.62 3.35 2.81 2.47 2.30 2.17 2.01 1.81 1.54 1.29 1.18 1.20 1.35 1.47 1.46 1.42 1.58 1.89 2.29 2.74 3.37 3.62 3.22 2.58 2.17 2.01 1.88 1.62 1.47 1.34 1.17 1.04 0.98 1.01 1.16 1.46 1.98 2.50 2.88 3.05 2.99 2.71 2.31 1.99 1.87 1.80 1.84 2.12 2.46 2.58 2.47 2.32 2.30 2.40 2.35 2.16 2.09 2.18 2.15
1.92 1.81 1.64 1.55 1.55 1.64 1.75 1.85 1.93 2.00 2.12 2.29 2.42 2.43 2.30 2.11 1.90 1.67 1.49 1.45 1.66 2.11 2.53 2.95 3.46 3.61 3.23 2.68 2.36 2.20 2.09 2.00 1.82 1.54 1.28 1.17 1.18 1.25 1.30 1.31 1.42 1.72 2.04 2.39 2.85 3.40 3.54 3.09 2.49 2.20 2.06 1.91 1.74 1.59 1.42 1.18 1.05 1.03 1.11 1.30 1.60 2.09 2.54 2.86 3.02 2.97 2.73 2.43 2.20 1.96 1.78 1.82 2.08 2.36 2.55 2.57 2.51 2.44 2.36 2.22 2.05 2.03 2.07 1.94
1.92 1.83 1.67 1.61 1.61 1.71 1.82 1.90 1.94 2.00 2.16 2.29 2.28 2.15 1.96 1.75 1.54 1.42 1.43 1.58 1.90 2.34 2.71 3.10 3.54 3.53 3.04 2.56 2.27 2.13 2.08 2.02 1.85 1.54 1.27 1.15 1.14 1.18 1.26 1.39 1.63 1.89 2.13 2.43 2.91 3.39 3.45 2.98 2.46 2.21 2.06 1.91 1.78 1.61 1.35 1.11 1.07 1.12 1.22 1.40 1.70 2.17 2.56 2.82 2.97 2.92 2.72 2.48 2.25 1.93 1.73 1.79 2.00 2.22 2.48 2.67 2.69 2.52 2.27 2.09 1.97 1.95 1.94 1.80
1.93 1.86 1.74 1.67 1.66 1.71 1.79 1.86 1.91 2.02 2.17 2.23 2.11 1.89 1.64 1.41 1.32 1.38 1.58 1.87 2.19 2.54 2.83 3.17 3.51 3.39 2.87 2.46 2.21 2.11 2.07 2.00 1.82 1.56 1.29 1.14 1.15 1.23 1.38 1.57 1.75 1.93 2.11 2.40 2.90 3.34 3.35 2.91 2.43 2.20 2.08 1.96 1.81 1.59 1.28 1.12 1.14 1.21 1.31 1.50 1.82 2.24 2.55 2.73 2.86 2.86 2.70 2.47 2.20 1.86 1.69 1.72 1.90 2.12 2.43 2.75 2.81 2.55 2.24 2.10 2.01 1.94 1.89 1.84
1.98 1.93 1.83 1.73 1.70 1.69 1.74 1.83 1.93 2.07 2.14 2.06 1.85 1.61 1.39 1.27 1.34 1.59 1.86 2.14 2.41 2.67 2.89 3.19 3.42 3.23 2.77 2.40 2.20 2.14 2.07 1.96 1.84 1.65 1.40 1.26 1.26 1.32 1.44 1.57 1.67 1.81 2.02 2.35 2.85 3.28 3.28 2.85 2.39 2.19 2.09 1.98 1.83 1.62 1.32 1.17 1.22 1.30 1.40 1.59 1.91 2.27 2.49 2.60 2.73 2.81 2.70 2.48 2.21 1.91 1.72 1.70 1.85 2.03 2.30 2.75 2.83 2.53 2.23 2.14 2.06 1.96 1.91 1.90
2.06 1.98 1.83 1.72 1.67 1.66 1.71 1.83 1.98 2.05 1.95 1.74 1.52 1.37 1.34 1.38 1.57 1.84 2.07 2.30 2.50 2.67 2.86 3.17 3.33 3.08 2.70 2.44 2.30 2.24 2.18 2.06 1.95 1.80 1.61 1.46 1.37 1.33 1.38 1.47 1.54 1.68 1.96 2.32 2.81 3.20 3.20 2.82 2.38 2.19 2.09 1.93 1.81 1.66 1.43 1.28 1.31 1.38 1.48 1.67 1.96 2.22 2.38 2.47 2.63 2.77 2.71 2.52 2.27 2.00 1.78 1.72 1.80 1.93 2.21 2.66 2.79 2.55 2.27 2.14 2.06 2.00 1.97 1.93
2.10 1.96 1.75 1.65 1.61 1.62 1.69 1.81 1.90 1.84 1.58 1.37 1.30 1.32 1.47 1.68 1.87 2.04 2.17 2.34 2.48 2.59 2.82 3.16 3.16 2.95 2.70 2.56 2.43 2.34 2.26 2.17 2.06 1.90 1.73 1.55 1.39 1.31 1.33 1.39 1.45 1.62 1.99 2.38 2.80 3.12 3.11 2.77 2.41 2.20 2.04 1.87 1.80 1.77 1.65 1.51 1.46 1.48 1.57 1.76 1.97 2.11 2.24 2.40 2.60 2.73 2.71 2.55 2.33 2.07 1.84 1.75 1.79 1.89 2.11 2.48 2.72 2.62 2.34 2.12 2.01 2.02 2.04 1.96
2.09 1.92 1.69 1.61 1.56 1.56 1.62 1.69 1.68 1.51 1.30 1.21 1.25 1.42 1.77 2.11 2.22 2.20 2.20 2.31 2.44 2.56 2.89 3.23 3.15 2.86 2.76 2.67 2.49 2.34 2.23 2.12 1.98 1.84 1.70 1.52 1.35 1.28 1.28 1.29 1.38 1.67 2.10 2.46 2.77 3.02 3.00 2.72 2.43 2.19 1.97 1.88 1.95 2.00 1.93 1.75 1.60 1.58 1.66 1.80 1.90 1.97 2.14 2.40 2.60 2.69 2.67 2.58 2.39 2.15 1.91 1.77 1.76 1.80 1.89 2.21 2.62 2.69 2.42 2.12 1.97 2.04 2.12 2.01
2.03 1.89 1.69 1.58 1.51 1.49 1.52 1.54 1.45 1.30 1.20 1.25 1.46 1.84 2.31 2.55 2.52 2.34 2.28 2.40 2.57 2.76 3.12 3.27 3.02 2.79 2.82 2.72 2.48 2.31 2.16 2.00 1.87 1.75 1.63 1.47 1.32 1.26 1.21 1.22 1.41 1.80 2.21 2.44 2.67 2.91 2.89 2.65 2.43 2.18 2.00 2.07 2.25 2.28 2.09 1.82 1.64 1.64 1.70 1.76 1.81 1.89 2.12 2.40 2.59 2.62 2.59 2.59 2.48 2.24 1.96 1.76 1.68 1.67 1.71 1.98 2.50 2.71 2.49 2.18 2.04 2.10 2.17 2.06
2.01 1.88 1.68 1.57 1.49 1.47 1.50 1.48 1.37 1.31 1.42 1.69 2.07 2.49 2.78 2.75 2.52 2.37 2.40 2.58 2.79 3.01 3.21 3.16 2.84 2.70 2.81 2.71 2.46 2.29 2.13 1.97 1.84 1.75 1.62 1.45 1.30 1.22 1.17 1.25 1.54 1.88 2.13 2.29 2.59 2.87 2.80 2.56 2.38 2.21 2.17 2.33 2.46 2.37 2.07 1.80 1.70 1.69 1.70 1.71 1.77 1.89 2.08 2.33 2.52 2.52 2.49 2.60 2.56 2.32 2.01 1.73 1.60 1.58 1.62 1.88 2.40 2.67 2.56 2.31 2.18 2.18 2.17 2.04
2.02 1.88 1.67 1.56 1.50 1.49 1.52 1.52 1.52 1.66 1.96 2.31 2.59 2.77 2.80 2.55 2.24 2.27 2.44 2.62 2.81 2.97 3.05 2.92 2.66 2.63 2.78 2.68 2.43 2.25 2.11 1.99 1.90 1.84 1.69 1.47 1.27 1.14 1.14 1.29 1.52 1.73 1.87 2.12 2.63 2.94 2.77 2.45 2.30 2.26 2.38 2.54 2.54 2.36 2.08 1.89 1.83 1.77 1.71 1.71 1.76 1.86 1.98 2.22 2.43 2.43 2.44 2.59 2.60 2.40 2.09 1.74 1.55 1.51 1.58 1.84 2.27 2.58 2.62 2.46 2.30 2.23 2.16 2.02
2.02 1.88 1.66 1.57 1.53 1.52 1.58 1.69 1.86 2.10 2.36 2.55 2.63 2.61 2.50 2.21 1.98 2.11 2.31 2.52 2.73 2.86 2.88 2.73 2.51 2.58 2.78 2.66 2.38 2.22 2.13 2.04 2.00 1.93 1.77 1.51 1.24 1.09 1.09 1.20 1.34 1.53 1.77 2.20 2.81 3.04 2.73 2.34 2.23 2.32 2.52 2.65 2.56 2.34 2.14 1.99 1.91 1.80 1.71 1.70 1.71 1.77 1.90 2.14 2.32 2.33 2.44 2.62 2.62 2.45 2.14 1.75 1.53 1.47 1.56 1.82 2.14 2.47 2.65 2.60 2.42 2.28 2.15 2.01
2.02 1.87 1.66 1.59 1.56 1.58 1.72 1.96 2.20 2.34 2.41 2.42 2.38 2.33 2.21 1.99 1.86 1.98 2.17 2.44 2.74 2.86 2.82 2.59 2.39 2.57 2.79 2.62 2.34 2.23 2.17 2.09 2.02 1.94 1.75 1.49 1.22 1.06 1.04 1.11 1.28 1.56 1.95 2.48 3.00 3.07 2.67 2.23 2.15 2.32 2.57 2.71 2.61 2.37 2.14 1.99 1.86 1.73 1.65 1.64 1.64 1.70 1.86 2.06 2.18 2.27 2.50 2.69 2.65 2.46 2.13 1.76 1.54 1.45 1.55 1.78 2.03 2.35 2.64 2.71 2.54 2.31 2.12 1.98
1.98 1.86 1.70 1.64 1.62 1.69 1.93 2.20 2.32 2.32 2.25 2.18 2.13 2.09 1.99 1.83 1.78 1.93 2.14 2.44 2.79 2.96 2.80 2.43 2.27 2.59 2.79 2.57 2.31 2.25 2.19 2.09 2.00 1.89 1.69 1.42 1.16 1.03 1.03 1.14 1.39 1.72 2.19 2.76 3.11 3.02 2.58 2.09 2.01 2.26 2.56 2.77 2.69 2.43 2.14 1.93 1.76 1.61 1.54 1.55 1.58 1.64 1.77 1.93 2.06 2.26 2.58 2.74 2.65 2.39 2.05 1.77 1.56 1.44 1.52 1.73 1.95 2.20 2.59 2.82 2.65 2.30 2.05 1.93
1.97 1.89 1.79 1.73 1.70 1.81 2.09 2.27 2.24 2.13 2.05 1.97 1.90 1.85 1.77 1.70 1.80 2.01 2.21 2.49 2.89 3.05 2.70 2.19 2.23 2.62 2.75 2.55 2.32 2.24 2.20 2.12 2.03 1.91 1.69 1.39 1.11 1.01 1.06 1.23 1.51 1.85 2.38 2.94 3.11 2.88 2.42 1.95 1.85 2.17 2.57 2.82 2.76 2.46 2.15 1.93 1.73 1.54 1.48 1.51 1.54 1.58 1.66 1.83 2.03 2.31 2.64 2.76 2.60 2.30 2.00 1.78 1.56 1.44 1.50 1.69 1.88 2.09 2.53 2.90 2.74 2.27 2.00 1.90
