project/data/elevation/US_DEM2016/US_DEM2016_point_10-28-2019_1553_30m_vel.asc
ncols	125
nrows	167
xllcorner	-2042055.000000
yllcorner	1465035.000000
cellsize	30.000000
NODATA_value	-9999.000000
[rows 76 to 113 of 167, columns 0 to 83 of 125]
7.01 6.87 6.77 6.84 7.01 7.29 7.80 8.44 8.78 8.66 8.32 8.11 8.33 8.94 9.50 10.04 10.48 10.40 9.98 9.45 9.04 8.66 8.31 7.97 7.70 7.54 7.37 7.42 7.62 7.73 7.64 7.37 6.82 6.39 6.34 6.47 6.54 6.40 6.13 5.86 5.76 5.97 6.35 6.49 6.44 6.25 6.13 5.93 5.77 5.76 5.76 5.73 5.68 5.79 6.09 6.40 6.62 6.64 6.67 6.82 6.96 6.70 5.87 4.96 4.44 4.35 4.64 5.00 5.48 5.97 6.31 6.69 7.45 8.41 9.34 10.31 11.25 11.79 11.52 10.50 8.84 6.77 5.77 5.52
7.06 6.92 6.88 6.98 7.25 7.79 8.22 8.30 7.86 7.11 6.62 6.77 7.45 8.42 9.27 9.88 9.82 9.92 9.29 8.64 8.20 7.94 7.76 7.66 7.55 7.44 7.24 7.21 7.37 7.63 7.82 7.83 7.58 7.41 7.31 7.15 6.83 6.37 6.00 5.87 6.02 6.26 6.38 6.23 6.06 5.92 5.87 5.75 5.58 5.48 5.42 5.37 5.35 5.61 6.03 6.43 6.70 6.82 6.91 6.94 6.67 5.93 5.18 4.96 5.16 5.53 5.81 6.15 6.77 7.70 8.36 9.14 10.22 11.19 11.86 12.40 12.59 12.15 11.17 9.98 8.73 7.12 5.97 5.38
7.01 6.70 6.56 6.73 6.96 7.31 7.36 7.01 6.52 6.27 6.38 6.90 7.73 8.70 9.43 9.84 9.79 9.31 8.67 8.11 7.71 7.44 7.28 7.22 7.16 7.04 6.89 6.92 7.07 7.35 7.74 8.04 8.11 8.00 7.81 7.47 6.97 6.44 6.18 6.13 6.11 5.98 5.78 5.55 5.33 5.10 4.80 4.53 4.43 4.43 4.53 4.76 5.23 5.79 6.23 6.58 6.92 7.07 7.03 6.74 6.17 5.50 5.28 5.66 6.36 6.86 7.31 8.03 9.03 9.66 10.20 10.95 11.94 12.37 12.45 12.34 11.79 10.85 9.99 9.58 9.28 8.60 7.65 6.76
6.86 6.39 6.12 6.31 6.42 6.52 6.54 6.53 6.69 7.03 7.46 8.04 8.84 9.56 9.95 9.91 9.48 8.84 8.24 7.76 7.34 7.02 6.82 6.73 6.62 6.44 6.29 6.33 6.34 6.52 6.80 7.34 7.67 7.69 7.51 7.22 6.79 6.34 6.03 5.73 5.41 5.09 4.91 4.92 4.81 4.58 4.29 4.16 4.34 4.71 5.17 5.71 6.29 6.65 6.75 6.76 6.73 6.52 6.07 5.52 5.10 5.07 5.47 6.31 7.24 8.11 9.10 9.98 10.37 10.56 10.72 11.05 11.47 11.43 11.06 10.53 9.75 8.97 8.62 8.76 9.09 9.17 8.81 8.17
6.65 6.25 6.09 6.37 6.52 6.60 6.77 7.08 7.57 8.02 8.52 9.18 9.90 10.21 10.09 9.54 8.79 8.11 7.59 7.18 6.84 6.60 6.41 6.26 6.11 5.93 5.68 5.42 5.12 5.15 5.29 5.77 6.40 6.84 6.93 6.80 6.55 6.33 6.06 5.72 5.44 5.32 5.34 5.45 5.38 5.24 5.13 5.24 5.57 6.11 6.66 7.06 7.22 7.20 6.91 6.67 6.32 5.84 5.35 5.00 4.96 5.33 6.04 7.08 8.15 9.29 10.18 10.38 10.12 9.87 9.84 9.88 9.75 9.24 8.84 8.61 8.35 8.06 7.78 7.63 7.96 8.58 8.85 8.66
6.51 6.33 6.40 6.81 7.07 7.19 7.36 7.70 8.19 8.68 9.26 9.84 10.18 10.05 9.43 8.61 7.84 7.13 6.64 6.29 6.08 6.04 6.04 5.92 5.81 5.62 5.24 4.58 4.09 3.91 3.87 4.14 4.81 5.66 6.18 6.48 6.56 6.70 6.70 6.66 6.70 6.80 6.92 6.87 6.71 6.59 6.55 6.73 7.04 7.19 7.18 7.06 6.97 6.85 6.76 6.69 6.60 6.62 6.60 6.51 6.55 6.81 7.36 8.22 9.11 9.82 9.84 9.15 8.63 8.64 8.78 8.76 8.51 7.99 7.79 7.77 7.83 7.82 7.59 7.19 7.12 7.47 8.08 8.37
6.66 6.65 6.71 6.88 7.10 7.36 7.67 8.08 8.59 9.11 9.60 9.86 9.72 9.13 8.32 7.65 7.06 6.47 5.94 5.62 5.53 5.49 5.41 5.48 5.55 5.47 5.17 4.57 3.77 3.43 3.39 3.71 4.19 4.70 5.42 6.11 6.50 6.86 7.11 7.39 7.69 7.92 7.96 7.77 7.57 7.50 7.50 7.56 7.59 7.32 6.95 6.80 6.94 7.07 7.00 6.96 7.07 7.39 7.60 7.73 7.87 8.11 8.53 9.04 9.55 9.53 8.79 8.02 7.85 8.10 8.28 8.16 7.84 7.48 7.40 7.42 7.52 7.63 7.53 7.26 6.96 6.85 7.07 7.63
6.96 7.00 6.91 6.77 6.90 7.31 7.78 8.31 8.84 9.25 9.47 9.39 8.93 8.21 7.53 7.02 6.57 6.10 5.65 5.33 5.14 4.95 4.77 4.87 5.18 5.39 5.43 5.29 4.78 4.44 4.49 4.76 4.84 4.91 5.21 5.76 6.17 6.57 7.02 7.52 7.86 7.92 7.81 7.59 7.50 7.56 7.66 7.66 7.61 7.45 7.45 7.58 7.65 7.54 7.21 7.11 7.14 7.29 7.59 7.93 8.28 8.58 8.91 9.15 9.22 8.80 8.11 7.93 8.05 8.11 7.99 7.62 7.06 6.63 6.41 6.53 6.75 6.91 7.00 6.98 6.78 6.44 6.21 6.70
7.02 7.06 7.02 6.95 7.11 7.49 7.97 8.50 8.90 9.08 9.03 8.71 8.16 7.52 6.98 6.53 6.11 5.71 5.35 5.02 4.70 4.42 4.33 4.55 5.06 5.59 6.03 6.45 6.77 6.86 6.79 6.52 6.17 5.91 5.77 5.86 6.24 6.79 7.34 7.64 7.53 7.24 7.09 7.18 7.28 7.47 7.71 7.94 8.21 8.42 8.37 8.20 7.90 7.58 7.27 7.21 7.25 7.44 7.82 8.14 8.45 8.65 8.75 8.74 8.55 8.16 7.87 8.02 8.09 7.93 7.57 7.01 6.22 5.51 5.01 4.99 5.24 5.51 5.82 6.09 6.19 6.01 5.65 5.84
6.94 6.97 7.07 7.25 7.55 7.90 8.25 8.55 8.73 8.71 8.50 8.08 7.54 6.99 6.50 6.03 5.55 5.09 4.70 4.44 4.31 4.36 4.64 5.12 5.74 6.30 6.84 7.42 8.02 8.36 8.33 7.90 7.33 6.88 6.63 6.56 7.01 7.61 7.70 7.40 6.91 6.70 6.91 7.21 7.35 7.63 8.12 8.56 8.94 9.13 8.94 8.45 7.98 7.67 7.39 7.37 7.53 7.79 8.03 8.11 8.17 8.18 8.17 8.18 8.00 7.76 7.57 7.63 7.55 7.37 7.14 6.41 6.06 5.29 4.53 4.24 4.10 4.01 4.14 4.49 4.96 5.22 5.22 5.27
6.98 7.04 7.22 7.54 7.90 8.13 8.20 8.23 8.32 8.29 8.06 7.64 7.11 6.57 6.04 5.47 4.86 4.30 4.04 4.07 4.33 4.81 5.41 6.00 6.58 7.06 7.44 7.76 8.10 8.37 8.44 8.33 8.00 7.55 7.26 7.22 7.48 7.61 7.19 6.64 6.39 6.50 6.70 6.87 7.06 7.54 8.10 8.53 8.72 8.87 8.89 8.68 8.37 8.01 7.61 7.49 7.55 7.54 7.48 7.47 7.38 7.34 7.48 7.68 7.68 7.48 7.19 7.02 6.91 6.88 6.85 6.85 6.78 6.48 5.67 4.83 4.17 3.68 3.38 3.42 3.67 4.01 4.25 4.42
7.06 7.14 7.30 7.53 7.70 7.68 7.64 7.72 7.94 8.06 7.82 7.34 6.76 6.15 5.44 4.76 4.30 4.15 4.34 4.60 4.90 5.30 5.81 6.38 6.94 7.34 7.51 7.54 7.52 7.52 7.74 8.06 8.24 8.15 7.90 7.58 7.23 6.75 6.31 6.15 6.13 6.11 6.01 6.06 6.50 7.11 7.57 7.58 7.47 7.56 7.69 7.85 7.95 7.92 7.75 7.53 7.33 7.08 6.94 6.92 6.92 7.05 7.32 7.54 7.56 7.34 7.04 6.82 6.68 6.74 6.93 7.20 7.49 7.72 7.66 6.92 6.04 5.25 4.72 4.34 3.98 3.75 3.78 4.08
7.07 7.11 7.17 7.20 7.13 7.10 7.31 7.75 8.07 8.04 7.60 6.96 6.29 5.56 4.86 4.54 4.70 5.22 5.53 5.67 5.72 5.85 6.18 6.61 6.96 7.13 7.10 7.04 7.06 7.08 7.26 7.62 8.05 8.26 8.21 7.80 7.02 6.34 6.00 6.02 5.95 5.81 5.78 5.96 6.34 6.68 6.74 6.27 5.74 5.48 5.57 5.77 6.09 6.53 6.85 7.04 7.06 7.00 6.98 7.07 7.21 7.36 7.44 7.44 7.40 7.25 7.03 6.86 6.76 6.89 7.20 7.44 7.72 8.15 8.59 8.68 8.38 7.91 7.42 6.80 6.02 5.45 5.44 5.41
7.06 7.06 7.07 7.08 7.08 7.30 7.76 8.16 8.21 7.81 7.05 6.22 5.47 4.82 4.55 4.76 5.35 5.88 6.17 6.32 6.38 6.47 6.66 6.77 6.68 6.48 6.36 6.50 6.84 7.13 7.26 7.34 7.46 7.69 7.85 7.74 7.14 6.57 6.19 6.14 6.13 6.21 6.28 6.34 6.40 6.40 6.15 5.42 4.60 4.27 4.23 4.32 4.57 5.16 5.90 6.53 6.90 7.08 7.23 7.40 7.53 7.43 7.22 7.09 7.11 7.06 6.88 6.81 6.84 6.99 7.20 7.35 7.46 7.70 8.12 8.64 8.96 9.05 8.98 8.74 8.35 7.99 7.70 7.32
7.09 7.09 7.14 7.27 7.47 7.84 8.18 8.22 7.82 7.01 6.04 5.04 4.25 3.87 3.91 4.26 4.67 5.11 5.65 6.12 6.52 6.76 6.77 6.46 5.97 5.67 5.74 6.08 6.39 6.56 6.67 6.68 6.69 6.93 7.32 7.55 7.28 6.88 6.56 6.56 6.64 6.74 6.76 6.76 6.70 6.59 6.36 5.88 5.29 4.91 4.87 5.14 5.68 6.29 6.76 6.99 7.09 7.15 7.25 7.32 7.26 7.00 6.78 6.75 6.86 6.80 6.56 6.55 6.67 6.76 6.83 6.94 6.84 6.62 6.68 7.09 7.72 8.19 8.57 8.88 9.00 8.98 8.84 8.53
7.13 7.14 7.22 7.43 7.76 8.09 8.12 7.72 6.89 5.81 4.81 4.00 3.50 3.28 3.24 3.34 3.61 4.04 4.58 5.23 5.81 6.20 6.18 5.87 5.58 5.51 5.64 5.76 5.65 5.46 5.46 5.56 5.78 6.19 6.76 7.21 7.21 6.92 6.73 6.85 6.93 7.00 7.09 7.34 7.39 7.34 7.25 7.13 7.07 6.99 6.88 7.20 7.71 7.99 7.93 7.53 7.21 7.06 6.96 6.81 6.61 6.43 6.33 6.43 6.55 6.44 6.19 6.22 6.30 6.30 6.31 6.34 6.11 5.70 5.49 5.66 6.09 6.51 6.94 7.47 7.96 8.24 8.30 8.38
7.17 7.19 7.28 7.55 7.89 7.99 7.60 6.79 5.75 4.78 4.07 3.66 3.51 3.49 3.48 3.48 3.60 3.84 4.15 4.58 5.02 5.30 5.42 5.58 5.79 5.94 6.02 5.94 5.73 5.59 5.54 5.60 5.80 6.05 6.34 6.69 6.86 6.79 6.77 6.98 7.11 7.28 7.55 7.99 8.13 8.11 8.04 8.03 8.19 8.43 8.57 8.57 8.41 8.01 7.53 7.22 7.05 6.87 6.58 6.23 5.90 5.76 5.81 6.02 6.24 6.28 6.19 6.15 6.08 6.00 5.97 5.95 5.74 5.32 4.96 4.83 5.06 5.27 5.41 5.68 6.11 6.53 6.68 6.74
7.20 7.24 7.36 7.60 7.72 7.41 6.63 5.66 4.78 4.17 3.85 3.76 3.86 4.10 4.35 4.54 4.62 4.68 4.87 5.20 5.51 5.68 5.80 5.98 6.15 6.39 6.76 7.07 7.23 7.25 7.19 7.15 7.15 7.02 6.58 6.39 6.57 6.80 7.06 7.34 7.53 7.81 8.17 8.51 8.48 8.35 8.25 8.26 8.45 8.74 8.88 8.74 8.26 7.56 7.08 7.05 7.01 6.77 6.34 5.86 5.50 5.40 5.62 6.00 6.39 6.60 6.59 6.43 6.12 5.95 5.85 5.83 5.64 5.15 4.52 4.00 3.92 3.96 3.90 4.05 4.47 4.94 5.02 4.96
7.21 7.24 7.29 7.28 6.94 6.18 5.23 4.46 3.97 3.75 3.81 4.05 4.37 4.76 5.27 5.80 6.20 6.45 6.73 7.07 7.30 7.33 7.15 6.81 6.56 6.73 7.37 7.87 8.07 8.03 7.92 7.77 7.56 7.21 6.61 6.35 6.56 7.02 7.52 7.85 8.07 8.28 8.44 8.48 8.26 8.08 8.08 8.22 8.45 8.65 8.57 8.43 8.35 8.25 7.97 7.59 7.19 6.82 6.49 6.20 6.03 6.00 6.20 6.52 6.80 6.87 6.72 6.49 6.20 6.13 6.12 6.00 5.62 4.84 3.91 3.20 2.97 2.82 2.74 2.90 3.16 3.45 3.70 3.89
7.21 7.21 7.08 6.68 5.92 5.01 4.26 3.80 3.64 3.77 4.16 4.68 5.22 5.79 6.42 7.11 7.66 8.17 8.59 8.75 8.60 8.22 7.65 7.13 6.85 7.03 7.46 7.48 7.14 6.86 6.61 6.44 6.35 6.23 6.18 6.39 6.79 7.30 7.82 8.10 8.21 8.21 8.06 7.82 7.68 7.62 7.76 7.99 8.24 8.42 8.35 8.26 8.31 8.40 8.29 7.81 7.28 6.90 6.68 6.59 6.62 6.75 6.88 7.03 7.08 6.93 6.59 6.39 6.40 6.69 6.76 6.43 5.76 4.78 3.73 3.13 2.89 2.66 2.54 2.65 2.80 2.87 3.03 3.38
7.24 7.18 6.88 6.33 5.70 5.14 4.69 4.40 4.36 4.60 5.03 5.59 6.25 6.93 7.62 8.22 8.73 9.10 9.16 8.85 8.23 7.51 7.01 6.88 7.06 7.39 7.48 7.01 6.30 5.91 5.75 5.77 5.94 6.00 6.17 6.57 7.04 7.47 7.81 7.96 7.93 7.73 7.39 7.08 7.00 7.08 7.23 7.42 7.51 7.43 7.43 7.50 7.56 7.53 7.41 7.26 7.02 6.75 6.54 6.45 6.56 6.87 7.15 7.35 7.32 7.12 6.83 6.72 6.84 7.10 7.10 6.66 6.06 5.42 4.57 4.01 3.61 3.22 3.14 3.27 3.32 3.27 3.34 3.78
7.18 7.06 6.70 6.37 6.14 5.89 5.69 5.65 5.80 5.98 6.20 6.61 7.24 7.96 8.62 9.03 9.17 8.97 8.39 7.52 6.68 6.14 6.14 6.54 7.09 7.68 7.85 7.63 7.32 7.18 7.14 7.14 7.04 6.82 6.70 6.88 7.13 7.39 7.57 7.61 7.38 7.01 6.68 6.53 6.49 6.58 6.77 6.80 6.43 5.91 5.68 5.81 6.06 6.17 6.23 6.40 6.52 6.49 6.41 6.42 6.59 6.95 7.21 7.30 7.19 7.01 6.89 6.89 6.91 6.94 6.84 6.51 6.38 6.31 5.97 5.34 4.76 4.21 4.36 4.61 4.59 4.47 4.65 5.41
7.02 6.84 6.57 6.50 6.50 6.53 6.62 6.85 7.18 7.41 7.57 7.83 8.32 8.89 9.20 9.15 8.73 7.98 7.07 6.24 5.71 5.58 5.88 6.42 7.08 7.92 8.33 8.54 8.61 8.60 8.49 8.26 7.92 7.51 7.18 7.11 7.17 7.25 7.29 7.10 6.66 6.26 6.15 6.24 6.35 6.55 6.76 6.65 5.96 5.19 4.80 4.73 4.69 4.89 5.35 5.90 6.31 6.48 6.48 6.55 6.79 7.06 7.08 6.96 6.75 6.61 6.53 6.49 6.43 6.45 6.38 6.34 6.74 7.20 7.36 7.10 6.55 6.10 6.43 6.64 6.56 6.49 6.77 7.28
6.92 6.77 6.61 6.68 6.97 7.35 7.75 8.11 8.39 8.57 8.68 8.83 9.07 9.19 8.98 8.41 7.61 6.76 6.04 5.64 5.75 6.11 6.56 6.98 7.56 8.18 8.38 8.31 8.30 8.28 8.14 7.96 7.80 7.63 7.31 7.16 7.15 7.05 6.79 6.41 6.12 6.19 6.37 6.56 6.74 7.00 7.16 7.06 6.61 6.14 5.78 5.46 5.06 5.21 5.71 6.21 6.53 6.71 6.83 6.92 7.01 7.10 7.00 6.84 6.68 6.53 6.35 6.25 6.28 6.41 6.45 6.60 7.12 7.67 8.11 8.32 8.39 8.40 8.58 8.67 8.55 8.40 8.36 8.14
6.92 6.84 6.73 6.89 7.33 7.87 8.31 8.60 8.74 8.81 8.89 8.98 8.98 8.69 8.05 7.24 6.42 5.73 5.28 5.31 5.94 6.63 7.13 7.51 7.93 8.16 7.86 7.31 7.01 6.91 6.89 7.05 7.27 7.40 7.24 7.08 6.93 6.62 6.23 6.06 6.33 6.85 7.09 7.15 7.22 7.39 7.49 7.44 7.25 7.26 7.27 7.10 6.83 6.67 6.69 6.66 6.69 6.91 7.20 7.35 7.36 7.37 7.26 7.14 6.99 6.82 6.70 6.78 6.99 7.03 6.95 6.97 7.21 7.49 7.89 8.48 9.04 9.40 9.50 9.40 9.09 8.77 8.37 7.69
6.88 6.83 6.75 6.90 7.20 7.57 7.79 7.89 7.91 7.98 8.13 8.25 8.14 7.69 7.00 6.20 5.45 5.02 4.99 5.39 6.08 6.65 7.07 7.36 7.57 7.47 6.88 6.25 5.81 5.59 5.71 6.04 6.43 6.71 6.88 6.89 6.69 6.46 6.41 6.72 7.22 7.48 7.49 7.44 7.44 7.51 7.52 7.33 7.24 7.36 7.52 7.65 7.67 7.46 6.97 6.61 6.66 6.98 7.30 7.53 7.67 7.77 7.71 7.58 7.41 7.25 7.22 7.33 7.43 7.28 7.09 7.04 7.05 7.15 7.45 7.95 8.49 8.84 8.92 8.86 8.62 8.21 7.59 6.81
6.83 6.81 6.81 6.89 6.94 6.94 6.87 6.76 6.75 6.93 7.18 7.25 6.99 6.45 5.76 5.14 4.96 5.22 5.85 6.46 6.78 6.98 7.12 7.20 7.11 6.66 5.85 5.15 4.70 4.52 4.62 4.84 5.10 5.48 5.91 6.25 6.53 6.79 7.14 7.46 7.60 7.55 7.41 7.36 7.38 7.40 7.29 6.99 6.72 6.58 6.62 6.87 7.13 7.09 6.72 6.52 6.67 6.98 7.29 7.60 7.90 8.10 8.07 7.93 7.72 7.51 7.33 7.19 7.02 6.75 6.70 6.76 6.86 6.98 7.16 7.31 7.46 7.51 7.64 7.95 8.15 8.03 7.67 7.32
7.00 7.11 7.25 7.15 6.94 6.65 6.39 6.20 6.22 6.47 6.60 6.35 5.75 5.01 4.40 4.39 5.11 6.19 7.02 7.46 7.63 7.66 7.59 7.45 7.23 6.82 5.98 5.04 4.46 4.29 4.26 4.32 4.50 4.79 5.19 5.77 6.43 6.92 7.14 7.14 7.03 6.98 6.97 7.02 7.11 7.13 6.98 6.54 6.00 5.62 5.51 5.60 5.83 6.14 6.26 6.40 6.59 6.85 7.16 7.53 7.90 8.15 8.12 7.97 7.75 7.51 7.23 6.93 6.66 6.41 6.37 6.46 6.62 6.70 6.73 6.88 6.83 6.67 6.60 6.90 7.38 7.80 8.10 8.32
7.32 7.49 7.59 7.39 7.06 6.71 6.41 6.26 6.24 6.15 5.75 5.03 4.21 3.54 3.35 3.78 4.84 6.10 6.97 7.55 7.85 7.95 7.88 7.81 7.78 7.55 7.02 6.30 5.81 5.73 5.76 5.68 5.73 5.83 6.00 6.34 6.70 6.83 6.74 6.56 6.39 6.37 6.58 6.78 6.94 6.96 6.73 6.24 5.70 5.34 5.12 4.80 4.60 4.75 5.20 5.79 6.29 6.66 7.00 7.39 7.74 7.88 7.82 7.64 7.52 7.45 7.32 7.09 6.85 6.57 6.36 6.33 6.41 6.48 6.64 6.82 6.70 6.44 6.13 5.99 6.16 6.58 7.11 7.62
7.34 7.36 7.29 7.13 6.92 6.65 6.40 6.21 5.89 5.25 4.30 3.50 3.11 3.07 3.33 3.90 4.62 5.34 6.05 6.75 7.16 7.38 7.60 7.92 7.83 8.05 7.93 7.95 7.98 8.02 7.97 7.90 7.80 7.57 7.39 7.24 7.07 6.89 6.70 6.50 6.33 6.32 6.62 6.86 6.99 6.94 6.72 6.38 6.07 5.76 5.31 4.60 3.99 4.05 4.67 5.53 6.25 6.71 7.06 7.40 7.58 7.50 7.34 7.30 7.38 7.50 7.52 7.37 7.13 6.79 6.56 6.51 6.53 6.55 6.57 6.56 6.53 6.40 6.12 5.73 5.33 5.11 5.23 5.57
7.10 6.88 6.71 6.69 6.56 6.34 6.04 5.63 5.06 4.36 3.78 3.51 3.64 4.15 5.08 5.93 6.04 5.94 5.94 6.06 6.30 6.64 7.25 7.88 8.07 8.05 8.22 8.59 8.92 9.08 9.02 8.87 8.65 8.29 7.92 7.55 7.21 6.96 6.72 6.51 6.48 6.66 6.94 7.05 7.01 6.90 6.77 6.63 6.43 6.02 5.34 4.63 4.48 4.97 5.68 6.22 6.56 6.85 7.16 7.34 7.24 7.05 7.05 7.26 7.46 7.57 7.61 7.57 7.46 7.27 7.03 6.93 6.82 6.58 6.25 6.08 6.20 6.31 6.19 5.84 5.30 4.91 4.86 5.02
6.93 6.70 6.50 6.47 6.37 6.18 5.88 5.46 5.01 4.75 4.86 5.27 5.84 6.74 7.78 8.50 8.71 8.22 7.46 7.06 7.02 7.28 7.81 8.09 7.98 7.79 7.81 7.99 8.22 8.44 8.52 8.49 8.41 8.22 7.96 7.65 7.31 6.99 6.65 6.48 6.68 7.08 7.31 7.15 6.90 6.75 6.73 6.71 6.61 6.30 5.85 5.65 5.96 6.55 6.82 6.73 6.62 6.80 7.04 7.05 6.89 6.84 7.01 7.23 7.37 7.39 7.38 7.43 7.53 7.62 7.49 7.26 6.98 6.59 6.18 5.98 6.09 6.26 6.26 6.15 6.08 6.15 6.25 6.16
6.94 6.79 6.60 6.55 6.54 6.54 6.54 6.46 6.36 6.48 7.00 7.76 8.61 9.38 9.89 10.10 10.15 9.92 9.54 9.19 8.97 8.88 8.81 8.49 8.04 7.64 7.42 7.29 7.13 7.06 7.15 7.30 7.41 7.49 7.54 7.53 7.42 7.11 6.78 6.70 6.94 7.10 7.00 6.75 6.59 6.65 6.79 6.93 7.07 7.17 7.18 7.22 7.39 7.48 7.18 6.72 6.66 6.88 6.99 6.93 6.86 6.90 6.93 6.94 6.95 6.89 6.81 6.93 7.17 7.40 7.45 7.31 7.03 6.69 6.39 6.23 6.26 6.34 6.39 6.48 6.70 6.97 7.11 7.06
7.04 6.99 6.89 6.83 6.88 7.04 7.29 7.55 7.89 8.38 9.03 9.73 10.22 10.38 10.25 9.94 9.65 9.70 9.79 9.74 9.60 9.40 9.06 8.50 7.91 7.53 7.35 7.22 6.93 6.55 6.29 6.25 6.31 6.48 6.73 7.01 7.15 7.07 6.90 6.76 6.61 6.32 6.02 6.02 6.40 6.81 7.12 7.32 7.58 7.96 8.23 8.31 8.26 8.09 7.73 7.37 7.34 7.35 7.24 7.11 7.00 6.86 6.72 6.65 6.64 6.50 6.37 6.44 6.68 6.93 7.12 7.15 6.98 6.74 6.55 6.46 6.40 6.37 6.42 6.53 6.68 6.80 6.87 6.90
7.18 7.21 7.16 7.11 7.17 7.33 7.59 8.02 8.70 9.41 9.93 10.12 9.97 9.55 9.00 8.46 8.14 8.22 8.35 8.49 8.60 8.62 8.46 8.08 7.65 7.37 7.29 7.29 7.17 6.97 6.74 6.57 6.58 6.65 6.70 6.73 6.76 6.82 6.75 6.48 6.10 5.81 5.83 6.24 6.86 7.31 7.56 7.66 7.80 8.13 8.46 8.63 8.68 8.68 8.66 8.51 8.31 7.99 7.61 7.30 7.02 6.75 6.62 6.60 6.50 6.29 6.16 6.25 6.50 6.74 6.88 6.90 6.83 6.71 6.62 6.56 6.47 6.42 6.46 6.53 6.62 6.73 6.75 6.73
7.23 7.21 7.20 7.27 7.41 7.63 7.98 8.50 9.13 9.53 9.54 9.22 8.69 8.09 7.57 7.18 6.96 6.94 6.97 7.16 7.47 7.66 7.77 7.67 7.47 7.30 7.18 7.05 6.95 7.06 7.25 7.40 7.47 7.41 7.23 6.95 6.74 6.69 6.63 6.47 6.36 6.44 6.69 7.14 7.59 7.85 7.90 7.82 7.76 7.86 8.09 8.35 8.60 8.83 9.03 9.05 8.78 8.35 7.83 7.36 7.01 6.79 6.68 6.52 6.25 6.07 6.15 6.38 6.63 6.74 6.69 6.67 6.69 6.66 6.57 6.48 6.42 6.42 6.48 6.56 6.69 6.83 6.85 6.83
7.11 7.03 7.06 7.29 7.56 7.93 8.42 8.88 9.10 8.91 8.44 7.95 7.49 7.08 6.69 6.33 6.09 6.09 6.28 6.57 6.88 7.25 7.44 7.33 7.25 7.35 7.28 7.05 6.84 6.83 6.93 7.04 7.11 7.14 7.12 7.03 6.87 6.75 6.74 6.84 6.99 7.14 7.36 7.76 8.10 8.18 8.00 7.70 7.49 7.47 7.54 7.71 7.91 8.11 8.35 8.47 8.37 8.08 7.69 7.33 7.06 6.83 6.56 6.26 6.05 6.08 6.32 6.60 6.76 6.64 6.45 6.45 6.51 6.50 6.41 6.29 6.19 6.16 6.26 6.43 6.59 6.68 6.66 6.68
7.00 6.93 6.99 7.21 7.49 7.89 8.35 8.49 8.26 7.74 7.18 6.68 6.29 5.97 5.63 5.40 5.49 5.81 6.14 6.46 6.91 7.40 7.39 7.06 7.19 7.55 7.61 7.49 7.30 7.01 6.67 6.27 6.06 6.17 6.44 6.65 6.74 6.76 6.85 7.04 7.22 7.37 7.61 7.99 8.18 8.07 7.72 7.37 7.18 7.15 7.13 7.11 7.06 6.98 6.92 7.05 7.17 7.21 7.24 7.21 7.06 6.76 6.42 6.18 6.16 6.31 6.56 6.75 6.72 6.45 6.26 6.22 6.23 6.25 6.25 6.16 6.01 5.90 5.96 6.20 6.32 6.22 6.09 6.07
