project/data/elevation/US_DEM2016/US_DEM2016_point_10-29-2019_1414_30m_ang.asc
ncols	125
nrows	167
xllcorner	-2042055.000000
yllcorner	1465035.000000
cellsize	30.000000
NODATA_value	-9999.000000
[rows 42 to 83 of 167, columns 0 to 93 of 125]
166 168 172 175 176 176 176 176 175 174 175 177 182 188 189 187 185 184 182 180 177 176 174 173 173 173 174 175 176 177 178 182 174 172 171 169 167 165 167 174 178 176 174 176 181 185 185 181 180 180 180 178 175 175 178 178 176 176 179 182 186 188 183 173 166 162 159 157 155 153 150 148 146 146 152 159 161 159 164 174 181 181 181 182 183 184 186 184 181 181 182 183 184 186
168 169 172 175 176 176 176 175 174 174 176 180 185 189 188 186 184 182 181 178 175 174 174 173 174 174 174 174 174 174 173 175 169 171 173 173 171 167 167 172 179 180 178 178 180 183 185 181 178 178 180 180 179 177 178 178 177 178 180 183 187 190 186 178 171 167 162 158 157 156 153 147 140 134 136 144 148 149 155 168 177 178 176 177 179 183 187 186 183 182 184 187 188 189
168 169 172 174 175 175 175 175 175 176 179 183 188 190 187 184 182 180 178 175 173 173 173 173 174 174 174 173 172 171 167 171 168 171 173 175 175 173 169 171 178 183 183 181 180 182 185 183 177 173 173 175 176 176 175 175 176 177 179 182 185 188 187 181 175 169 165 163 162 161 156 147 137 130 127 129 132 134 140 155 167 171 172 174 177 182 187 189 184 182 185 189 192 193
167 169 171 173 174 175 175 176 178 179 182 187 191 190 186 182 180 178 176 174 173 172 172 174 174 174 173 172 170 167 163 173 168 171 171 173 177 179 176 173 177 185 188 186 183 183 185 182 177 174 172 171 170 169 169 171 173 176 179 181 184 186 188 184 176 171 168 169 170 166 158 149 142 137 131 126 125 126 129 140 154 163 167 170 173 179 187 191 188 182 182 187 193 195
165 167 170 173 174 175 176 177 180 183 186 190 191 187 183 180 179 177 176 175 174 173 173 173 173 173 172 170 166 163 163 163 169 170 169 171 177 182 183 180 180 187 191 188 183 182 183 180 177 176 175 172 165 161 161 166 172 176 178 181 182 185 188 185 178 174 174 177 176 170 163 158 154 149 142 134 130 128 128 132 143 154 162 167 171 176 185 191 191 185 182 185 191 195
162 163 168 172 174 176 176 178 181 185 189 192 190 183 180 179 178 177 177 177 176 175 174 173 172 172 170 167 163 161 162 165 169 171 169 169 175 182 186 187 186 188 188 185 181 181 181 181 179 179 177 170 160 156 159 165 171 176 178 180 182 184 187 187 183 181 180 178 175 171 169 167 165 162 155 148 143 139 136 136 141 149 156 163 169 174 180 188 190 188 186 188 192 195
161 162 165 171 174 176 177 178 181 186 192 193 188 181 178 177 177 178 179 178 178 177 175 173 172 170 168 163 159 160 164 167 170 173 172 170 173 180 187 192 192 190 186 182 180 180 182 184 183 181 175 165 160 158 162 167 171 175 177 179 181 184 187 188 186 183 179 176 174 174 174 173 172 171 169 164 160 156 150 146 144 146 150 157 165 171 176 182 188 190 190 193 194 194
161 162 165 169 173 177 179 179 181 186 192 193 187 181 177 176 177 178 179 180 179 178 176 173 172 170 166 159 156 159 164 167 171 176 177 173 173 179 189 197 198 193 187 183 180 180 183 186 183 176 168 164 164 165 168 171 173 174 175 176 178 182 185 186 184 181 178 176 176 176 177 177 177 177 176 175 173 170 167 162 155 148 147 150 158 166 172 178 186 192 194 195 194 191
160 163 167 170 172 176 180 181 182 186 190 190 184 180 178 176 177 179 180 181 181 180 177 174 173 170 165 157 154 158 162 164 169 178 181 178 176 182 193 201 201 195 189 184 181 179 181 182 179 171 166 166 168 171 173 175 175 174 173 173 175 177 181 183 182 180 178 177 177 177 178 179 179 179 179 180 180 179 178 177 173 163 154 150 153 161 168 175 184 193 196 195 192 188
158 162 168 171 172 175 180 182 183 184 186 185 181 179 179 178 178 180 182 183 182 181 179 176 173 170 163 156 155 157 159 161 166 176 182 183 183 187 195 198 195 191 186 183 180 177 176 176 175 172 170 170 173 175 177 177 177 175 173 173 173 173 176 180 181 179 177 176 175 175 176 178 179 180 181 183 184 185 184 184 182 177 170 161 156 159 165 174 185 194 196 194 191 189
158 160 166 170 172 174 178 182 183 183 182 180 179 180 181 181 181 181 183 184 184 183 181 178 173 168 161 157 157 157 156 158 162 170 179 185 188 190 192 191 188 185 183 180 177 172 171 173 174 175 176 177 178 179 180 180 179 178 176 175 173 172 172 176 181 179 174 171 168 167 168 171 175 179 181 184 186 187 186 184 184 182 178 173 167 164 165 173 185 192 193 193 194 193
160 161 165 168 170 172 176 181 183 182 179 177 178 181 184 184 184 183 183 185 185 184 182 178 174 168 160 158 159 159 156 156 159 165 176 186 191 190 187 185 183 182 179 176 171 167 167 170 175 179 182 184 183 182 182 183 183 181 179 176 173 173 172 175 181 180 169 166 163 161 159 160 166 173 178 180 183 186 185 182 181 180 178 176 173 170 169 174 183 188 190 193 194 190
164 164 165 167 168 169 173 178 183 182 178 176 178 184 188 188 186 185 185 186 186 184 181 178 174 168 162 160 162 162 160 159 160 163 173 185 191 189 185 182 180 179 176 171 165 163 166 170 175 180 185 188 187 185 185 186 185 182 178 175 173 173 173 176 182 180 172 167 165 164 161 157 156 162 169 172 176 181 183 181 177 174 170 168 169 171 173 176 180 183 186 189 188 184
167 166 167 168 169 170 171 175 180 182 180 178 182 188 192 191 189 187 185 184 184 182 180 178 174 170 164 162 163 165 164 163 162 163 171 184 190 188 184 181 179 176 172 165 161 162 165 171 176 181 186 190 190 189 188 188 186 182 177 175 174 175 176 178 180 179 174 170 169 168 166 161 155 155 160 163 166 175 181 181 174 165 160 160 163 168 173 177 178 180 183 184 182 180
168 168 169 171 172 173 173 174 177 180 181 182 186 191 193 193 191 187 184 181 181 180 179 177 175 171 167 164 164 166 166 166 164 165 172 182 187 186 184 182 178 174 167 161 160 162 167 172 177 180 185 190 192 191 191 190 187 181 178 178 178 179 179 177 177 178 177 174 174 172 169 166 163 160 160 161 162 169 176 174 167 159 157 159 164 169 173 176 177 179 180 180 179 177
165 167 171 174 177 178 177 175 176 179 182 185 188 190 191 190 188 185 182 180 178 178 177 176 174 172 170 167 167 168 169 170 169 170 174 180 183 183 182 181 178 172 164 159 159 163 168 173 176 179 183 190 193 194 193 192 188 184 182 183 183 182 180 175 175 176 180 179 178 174 171 169 169 169 168 166 164 165 165 162 159 158 159 163 168 172 174 175 177 177 178 177 176 172
162 164 171 176 180 181 180 179 178 180 183 185 186 187 186 185 183 182 181 179 177 176 175 174 173 172 171 170 170 171 172 173 174 175 177 179 179 179 179 179 177 171 164 161 161 163 168 172 174 175 179 188 194 195 194 193 191 188 186 184 182 180 178 175 176 178 184 181 178 173 172 173 177 180 176 169 163 161 158 157 157 159 163 168 172 174 175 175 176 175 175 174 172 168
159 162 170 176 180 182 183 183 182 183 183 182 182 182 181 180 178 177 177 177 176 174 172 171 171 172 171 170 172 174 174 174 175 178 179 179 178 177 176 176 175 170 165 163 162 161 165 170 171 169 173 183 191 193 193 192 191 188 185 182 180 177 174 173 177 185 187 182 177 174 174 179 185 186 179 170 163 160 158 158 159 162 167 171 174 175 176 175 174 174 173 171 168 166
157 161 169 175 178 181 184 186 187 186 184 180 178 176 175 175 174 173 174 174 173 171 169 169 171 172 168 168 173 177 177 176 174 175 176 178 177 175 174 174 173 170 167 167 164 160 162 165 165 165 168 176 184 188 189 189 188 186 184 181 177 173 170 170 177 186 188 183 178 177 179 183 185 182 177 172 167 164 162 162 164 167 170 173 175 176 176 175 173 172 171 169 166 168
157 160 170 175 177 179 184 189 191 190 186 180 175 172 171 171 171 172 172 171 169 166 165 168 171 170 165 166 172 177 180 180 178 175 174 175 175 174 174 173 174 172 171 171 170 166 165 163 162 163 166 171 177 182 185 185 184 183 182 179 174 170 167 169 176 184 186 185 182 181 183 183 180 178 176 173 171 169 168 169 171 172 174 175 175 176 175 174 172 171 170 167 166 171
157 160 169 174 177 179 184 190 195 195 191 184 177 171 169 170 172 174 173 168 162 159 161 166 170 165 160 162 169 174 178 181 181 179 176 174 174 174 175 176 176 174 173 174 178 177 173 169 166 166 168 171 176 180 182 182 181 179 177 173 170 168 167 170 175 180 183 185 184 185 184 181 179 174 172 175 174 174 174 175 176 177 177 177 177 176 175 173 171 170 169 167 167 172
161 163 168 173 177 180 185 191 198 200 197 191 183 175 170 170 173 177 176 170 161 155 157 164 166 159 156 160 165 168 173 178 181 182 181 178 177 176 177 178 178 174 171 175 180 182 179 175 172 170 171 174 177 180 181 180 178 176 171 167 166 167 169 173 176 176 177 183 187 186 184 181 178 178 178 177 177 178 179 180 180 181 181 181 179 177 175 173 171 169 168 167 168 172
166 167 170 174 177 181 186 193 200 201 199 195 189 183 177 173 172 174 175 175 172 165 161 160 158 153 154 159 163 164 167 171 177 181 183 183 182 180 180 179 177 171 168 173 180 182 180 178 176 175 175 176 178 180 181 178 176 171 167 164 165 168 173 177 176 172 173 180 186 186 183 181 179 178 178 179 180 179 180 182 183 184 184 184 182 178 174 171 170 169 167 167 168 169
168 169 172 176 179 183 189 195 199 199 197 194 191 188 185 179 172 169 171 176 178 177 171 162 154 153 153 160 165 166 166 167 170 176 181 183 183 181 179 177 174 169 167 171 178 179 179 179 179 180 179 178 178 180 179 177 173 168 164 165 168 172 176 177 174 170 170 178 184 184 183 182 180 178 178 180 181 180 179 181 185 187 188 188 184 176 170 167 168 168 167 166 166 166
167 169 174 177 181 186 191 194 195 193 192 191 191 192 190 184 175 168 167 172 177 179 176 167 157 152 155 161 168 171 170 169 169 171 176 179 179 178 177 175 172 168 167 172 177 177 177 178 181 183 182 181 179 179 178 175 170 165 164 168 173 175 178 177 174 168 169 176 180 181 182 183 183 181 178 179 183 183 180 181 187 192 194 191 183 171 161 158 162 166 167 166 166 165
167 169 175 179 183 187 190 191 189 187 186 188 190 192 191 188 180 171 166 167 171 176 175 170 162 156 158 163 171 175 175 173 171 171 172 174 174 174 174 174 172 168 168 172 176 175 175 177 179 182 183 183 180 178 176 172 168 165 166 172 176 177 179 177 173 168 170 175 178 180 182 183 185 185 182 181 186 190 189 188 193 201 201 191 175 162 151 148 154 160 164 166 168 167
166 169 176 181 185 188 190 188 184 182 182 184 187 189 190 189 185 177 169 165 166 169 171 169 165 162 161 165 171 175 177 177 175 174 173 173 173 174 174 174 172 169 169 174 177 174 173 175 178 180 182 182 179 176 173 169 167 167 172 175 177 178 178 175 171 168 171 176 177 178 182 184 185 189 189 189 193 201 207 208 209 205 196 179 163 154 149 146 147 151 158 164 169 171
165 169 178 183 186 189 191 189 184 181 180 180 183 185 186 186 186 182 174 168 165 165 166 170 167 166 166 168 170 173 175 177 177 177 175 174 173 174 174 173 171 170 171 175 177 175 174 176 178 179 178 177 175 173 170 168 168 172 177 177 178 178 175 172 171 171 175 179 179 177 181 184 185 190 196 200 204 211 214 211 204 191 177 166 158 153 151 149 146 147 154 163 169 173
166 170 178 184 188 191 192 191 189 185 181 178 178 179 180 182 183 183 179 172 167 164 162 163 168 171 171 171 171 170 171 172 175 177 176 175 174 173 173 172 172 172 173 175 177 177 176 179 179 176 173 171 171 171 171 171 174 179 180 179 180 179 175 173 174 175 179 184 185 181 180 182 185 191 199 204 205 205 203 199 192 183 172 163 159 159 158 156 153 153 158 165 170 174
167 171 179 185 189 192 193 193 192 190 185 179 175 173 175 176 179 186 179 175 170 165 168 165 170 175 176 175 173 171 169 168 170 173 174 174 173 172 171 170 172 174 174 175 178 180 179 179 176 173 171 171 171 173 175 176 180 183 182 182 182 181 178 175 175 175 179 185 189 186 182 182 186 192 197 198 197 195 193 188 182 177 171 165 164 166 168 167 164 163 165 169 172 175
169 172 180 186 191 192 192 191 191 190 188 183 177 172 171 172 174 179 177 176 171 166 167 166 172 177 180 179 177 175 172 170 170 171 172 172 172 171 170 171 173 176 174 175 180 182 179 176 174 173 174 175 175 176 178 178 180 181 182 182 182 181 178 175 173 175 179 186 190 189 186 187 190 192 192 190 188 186 183 179 175 173 171 169 169 170 173 175 175 174 173 174 176 179
170 173 180 187 191 192 190 188 186 186 185 183 180 176 173 171 170 174 172 173 172 167 166 169 174 178 181 181 181 178 175 174 173 173 172 172 172 171 171 173 175 176 175 175 179 181 178 176 175 176 177 179 180 179 178 177 178 179 180 180 179 178 175 174 174 177 182 187 192 193 192 193 192 189 185 183 181 178 174 171 171 172 172 172 174 175 177 180 182 182 181 180 180 182
171 174 181 187 191 191 189 185 181 180 180 180 179 178 175 171 167 169 166 178 172 177 172 172 176 178 179 181 183 182 179 177 176 175 175 174 172 171 172 174 174 175 173 174 178 180 177 177 177 177 178 180 181 180 178 177 176 176 176 177 176 174 173 174 178 184 188 190 195 199 197 194 189 184 178 176 174 170 167 167 169 170 172 175 179 181 179 180 183 186 187 185 184 186
171 174 181 187 190 191 187 181 176 174 174 176 178 177 174 169 165 165 164 168 171 171 172 175 178 177 176 180 183 184 182 179 177 176 175 173 172 172 173 173 173 174 172 172 177 179 177 175 175 176 175 176 179 180 179 177 176 174 174 174 173 172 175 180 187 193 192 191 196 200 198 191 184 177 171 169 167 166 166 166 167 168 169 174 182 185 184 180 181 186 189 188 187 188
171 174 182 187 189 188 182 176 173 172 173 175 175 173 170 166 170 166 166 168 170 172 174 177 179 178 175 177 182 185 185 183 180 177 175 172 172 173 174 175 174 173 171 171 176 180 178 176 175 176 176 175 177 178 178 176 175 174 173 172 172 174 181 190 195 195 190 189 193 194 191 185 178 172 168 166 165 166 169 170 169 166 163 166 175 185 187 185 183 185 188 189 189 189
168 174 183 187 186 182 177 174 173 175 176 175 173 169 165 163 169 163 165 167 170 173 175 177 179 179 177 176 179 183 186 186 183 180 177 175 174 176 177 176 175 173 171 170 175 179 178 176 176 176 176 176 175 174 174 175 174 174 173 172 174 180 189 193 193 189 186 186 187 186 183 179 174 172 170 168 168 169 174 177 177 172 167 163 166 175 184 187 187 187 187 188 189 189
165 172 184 187 183 177 175 176 178 179 178 174 170 166 162 162 163 166 167 169 170 173 176 177 178 180 178 175 176 181 185 187 185 183 180 179 179 180 179 177 175 174 173 172 174 177 176 174 174 174 173 172 171 169 170 172 173 173 173 174 178 186 190 189 186 183 182 181 179 178 177 175 170 166 166 172 171 174 178 182 184 182 178 172 167 169 176 183 188 189 189 188 188 188
164 172 184 186 182 177 177 178 179 178 176 171 167 163 161 162 165 168 169 170 172 175 176 177 178 179 178 174 173 177 183 186 187 186 184 184 184 183 181 179 178 178 177 176 176 178 175 170 170 169 169 168 167 167 168 170 172 173 174 178 184 188 187 183 179 177 176 175 175 174 173 172 167 173 174 176 173 178 179 183 186 187 186 182 176 172 173 179 185 189 188 186 187 186
167 173 182 184 182 178 177 177 177 175 172 168 164 162 163 164 167 169 171 172 174 176 178 178 179 180 178 172 169 173 177 182 185 187 187 187 187 186 184 183 182 181 180 179 180 182 179 170 166 166 166 167 168 168 169 171 174 177 179 182 186 186 182 177 173 171 170 171 173 172 169 170 172 172 174 177 180 181 179 179 183 187 188 188 183 177 176 178 183 185 185 184 184 183
172 174 178 180 180 178 176 174 173 171 168 164 162 162 164 167 169 171 172 174 176 178 179 180 179 182 181 173 165 167 169 172 177 184 188 188 187 186 184 182 181 180 179 179 182 185 183 174 166 165 166 167 168 169 170 172 176 179 181 183 183 181 177 172 167 166 167 171 173 171 168 169 171 171 173 177 180 182 180 179 178 182 188 190 188 183 179 179 181 182 182 181 181 179
176 175 175 177 178 176 174 172 170 167 164 161 161 163 166 169 171 173 174 176 178 180 183 182 180 184 188 182 169 163 161 160 163 173 183 186 185 183 181 179 178 177 178 179 181 184 184 178 169 167 167 166 166 168 170 173 175 176 179 181 180 177 173 168 164 165 169 173 173 169 166 168 168 171 172 175 179 182 181 182 179 178 184 190 192 189 184 181 180 179 179 179 178 174
176 175 175 177 176 174 172 169 167 164 161 160 162 165 168 170 173 176 178 178 180 183 186 184 182 185 191 189 180 170 163 158 158 164 173 180 182 181 178 176 175 176 177 179 179 181 183 180 173 169 167 167 167 169 171 172 173 174 176 178 177 174 170 166 163 166 172 173 172 168 166 168 170 169 169 172 176 180 183 184 182 178 179 187 193 193 191 185 180 178 177 177 175 172
