project/data/elevation/US_DEM2016/US_DEM2016_point_10-28-2019_0947_30m_vel.asc
ncols	125
nrows	167
xllcorner	-2042055.000000
yllcorner	1465035.000000
cellsize	30.000000
NODATA_value	-9999.000000
[rows 36 to 71 of 167, columns 0 to 81 of 125]
10.01 10.41 10.80 10.60 10.07 9.17 8.21 7.41 6.87 6.59 6.80 7.67 8.94 9.71 9.71 9.15 8.79 8.89 9.41 10.20 10.86 11.50 12.06 12.46 12.47 12.19 11.69 10.98 10.02 8.95 8.08 7.69 7.71 7.98 8.21 8.17 8.24 8.69 9.30 9.62 9.61 9.10 8.15 7.53 7.63 8.20 8.92 9.32 9.31 8.68 8.19 7.93 8.29 8.73 8.89 8.91 8.84 8.95 8.94 9.20 9.21 8.92 8.27 7.14 6.12 5.57 5.59 6.03 6.61 7.10 7.53 7.83 8.09 8.32 8.92 9.72 11.12 12.97 14.27 14.97 14.94 14.34
10.15 10.53 10.72 10.42 9.93 9.25 8.60 7.87 7.11 6.47 6.28 6.63 7.48 8.56 9.11 9.01 8.73 8.81 9.48 10.40 11.15 11.78 12.33 12.77 12.90 12.83 12.64 12.28 11.52 10.40 9.18 8.27 8.03 8.42 8.90 9.25 9.55 9.88 10.21 10.71 11.26 11.36 11.19 10.62 10.41 10.73 10.97 10.62 9.96 9.13 8.38 8.06 8.14 8.61 8.88 8.92 8.88 9.11 9.20 9.45 9.53 9.38 8.90 7.91 6.76 6.01 5.79 5.95 6.27 6.64 6.96 7.16 7.49 7.85 8.28 8.82 9.80 11.28 13.22 14.87 15.95 15.89
10.01 9.97 9.75 9.39 8.86 8.49 8.14 7.56 6.84 6.20 5.99 6.13 6.65 7.52 8.30 8.58 8.47 8.40 8.77 9.46 9.89 10.12 10.33 10.72 11.19 11.57 12.00 12.39 12.21 11.55 10.55 9.56 8.92 8.71 8.93 9.62 10.38 10.73 11.00 11.60 12.40 12.90 13.04 12.79 12.36 11.92 11.15 9.92 9.03 8.32 7.97 7.94 8.06 8.47 8.87 9.00 9.04 9.29 9.34 9.34 9.27 8.91 8.69 8.23 7.51 6.76 6.02 5.74 5.83 6.13 6.38 6.54 6.81 7.38 7.79 8.18 8.75 9.87 11.26 12.69 13.80 14.52
9.68 9.17 8.56 8.18 7.71 7.47 7.25 6.93 6.57 6.23 6.14 6.29 6.70 7.24 7.78 8.10 8.15 8.03 7.94 7.94 7.81 7.71 7.80 8.28 9.18 10.19 11.05 11.88 12.36 12.27 11.64 10.74 9.98 9.65 10.00 10.89 11.52 11.84 11.96 12.20 12.65 12.89 13.11 13.06 12.71 12.05 10.91 9.72 8.84 8.05 7.80 8.01 8.26 8.46 8.93 9.22 9.40 9.60 9.36 8.91 8.26 7.51 6.90 6.75 6.60 6.28 5.62 5.17 5.20 5.48 5.83 6.13 6.45 6.92 7.31 7.57 7.84 8.53 9.49 10.18 10.53 11.44
9.22 8.59 7.85 7.44 7.21 7.07 7.06 7.13 7.19 7.25 7.36 7.59 7.72 7.70 7.69 7.77 7.86 7.76 7.35 6.82 6.59 6.64 7.00 7.61 8.60 9.51 10.31 11.12 11.85 12.32 12.30 11.80 11.33 11.40 11.91 12.61 13.13 13.41 13.10 12.61 12.43 11.88 11.62 11.99 12.09 12.08 11.61 11.14 10.54 9.93 9.23 8.96 8.92 8.74 9.00 9.19 9.32 9.40 9.05 8.43 7.58 6.45 5.19 4.74 4.72 4.76 4.85 4.88 4.92 4.98 5.16 5.64 6.24 6.71 7.03 7.21 7.31 7.61 8.24 8.74 8.84 9.40
9.12 8.67 8.16 7.92 7.86 7.87 7.87 7.93 8.12 8.39 8.70 8.87 8.69 8.28 7.97 7.89 7.95 7.86 7.48 7.03 6.95 7.21 7.64 8.04 8.41 8.84 9.25 9.83 10.75 11.66 12.43 12.48 12.55 12.87 13.32 13.71 13.93 13.76 13.27 12.58 11.88 11.04 10.41 10.40 11.06 11.38 11.52 11.50 11.55 11.50 11.14 10.24 9.46 8.91 8.78 8.72 8.53 8.33 8.15 7.98 7.46 6.41 5.09 4.45 4.43 4.66 4.92 4.98 4.83 4.72 4.80 5.17 5.79 6.36 6.65 6.77 6.99 7.36 7.84 8.17 8.30 8.48
9.31 9.13 8.93 8.85 8.80 8.71 8.58 8.57 8.83 9.23 9.52 9.51 9.04 8.71 8.60 8.60 8.60 8.55 8.42 8.34 8.45 8.67 8.90 9.11 9.29 9.29 9.26 9.44 10.11 10.94 12.10 12.69 13.44 13.96 14.06 13.64 13.05 12.41 11.81 11.39 10.91 10.23 9.44 9.27 9.75 10.21 10.43 10.32 10.55 10.81 10.89 10.34 9.52 8.76 8.49 8.42 8.13 7.78 7.70 8.14 8.11 7.49 6.59 6.13 6.15 6.06 5.69 5.25 5.11 5.13 5.04 4.93 5.05 5.35 5.49 5.61 6.19 6.97 7.48 7.73 8.00 8.30
9.37 9.29 9.25 9.24 9.22 9.20 9.24 9.43 9.75 10.04 10.09 9.83 9.27 9.06 9.05 9.11 9.22 9.28 9.39 9.61 9.93 10.20 10.33 10.37 10.37 10.17 10.03 10.05 10.37 10.77 11.69 12.48 13.29 13.85 13.72 12.93 11.78 10.75 10.06 9.94 9.99 9.62 8.86 8.35 8.65 9.18 9.30 8.76 8.16 7.78 7.94 8.45 8.65 8.50 8.47 8.74 8.83 8.81 8.98 9.36 9.42 9.08 8.54 8.23 7.67 6.96 6.48 6.33 6.32 5.92 5.19 4.52 4.29 4.26 4.15 4.35 5.06 6.07 6.63 6.95 7.63 8.48
9.37 9.37 9.47 9.58 9.82 10.20 10.61 10.88 10.97 10.89 10.59 10.09 9.54 9.26 9.21 9.33 9.53 9.74 9.99 10.30 10.64 10.85 10.90 10.76 10.53 10.23 10.15 10.24 10.55 10.92 11.73 12.11 12.45 12.48 12.33 12.02 11.40 10.45 9.27 8.75 8.82 8.86 8.40 7.77 7.76 8.26 8.02 7.25 6.30 5.77 5.93 6.57 7.27 7.78 8.44 9.22 9.73 10.05 10.25 10.30 10.35 10.17 9.55 8.88 7.99 7.53 7.56 7.51 6.88 5.67 4.75 4.31 4.18 4.06 3.95 4.13 4.78 5.56 6.00 6.27 7.00 8.10
9.66 9.84 10.18 10.48 10.80 11.22 11.60 11.78 11.71 11.40 10.91 10.36 9.94 9.72 9.79 9.91 10.03 10.20 10.40 10.54 10.53 10.41 10.26 10.14 10.08 9.94 9.89 10.07 10.62 11.20 11.85 11.67 11.23 10.84 10.66 10.93 10.93 10.47 9.20 8.18 7.76 7.87 7.69 7.11 7.05 7.39 7.28 6.96 6.77 6.73 6.59 6.37 6.36 6.97 8.15 9.33 9.83 10.01 10.07 10.23 10.35 10.39 9.84 9.20 8.79 8.66 8.30 7.44 6.21 5.30 4.98 5.10 5.15 5.05 4.94 5.08 5.56 6.00 6.15 6.26 6.63 7.25
9.93 10.24 10.75 11.09 11.23 11.30 11.32 11.33 11.28 11.05 10.72 10.34 10.28 10.41 10.67 10.78 10.78 10.73 10.63 10.44 10.11 9.74 9.46 9.43 9.62 9.75 9.87 10.21 10.85 11.34 11.51 11.00 10.23 9.72 9.42 9.41 9.65 9.81 9.28 8.20 7.27 7.07 7.12 7.08 7.24 7.52 7.73 7.72 7.73 7.38 6.75 6.23 6.33 7.21 8.41 9.18 9.50 9.60 9.74 10.07 10.22 10.38 10.18 9.82 9.45 8.89 7.63 6.69 6.30 6.34 6.60 6.74 6.72 6.63 6.62 6.74 6.89 6.94 6.89 6.91 7.04 7.27
9.85 10.04 10.48 10.80 10.78 10.57 10.30 10.10 10.01 10.01 9.89 9.76 9.88 10.25 10.64 10.91 10.96 10.78 10.46 10.11 9.76 9.42 9.16 9.10 9.25 9.49 9.76 10.26 10.82 11.00 10.72 10.04 9.55 9.04 8.51 8.23 8.36 8.87 9.09 8.68 7.61 7.18 7.35 7.82 8.12 8.37 8.36 7.82 7.09 6.27 5.90 6.08 7.23 8.83 9.68 9.74 9.78 9.88 10.04 10.26 10.35 10.52 10.30 9.85 9.23 8.32 7.54 7.45 7.95 8.54 8.88 8.92 8.87 8.75 8.60 8.57 8.55 8.39 8.26 8.27 7.97 7.83
9.67 9.72 9.76 9.96 10.02 9.76 9.38 9.08 8.95 8.95 8.91 8.88 8.95 9.25 9.64 9.97 10.21 10.24 10.06 9.78 9.47 9.18 8.95 8.82 8.82 8.99 9.20 9.71 10.34 10.48 10.24 9.76 9.37 8.83 8.03 7.37 7.40 7.93 8.53 8.59 7.91 7.33 7.27 7.59 7.88 8.19 8.18 7.32 6.44 6.08 6.42 7.76 9.67 10.96 11.38 10.85 10.45 10.29 10.34 10.61 10.84 11.02 10.74 10.15 9.84 9.84 10.27 10.94 11.57 12.01 12.10 12.05 11.95 11.81 11.58 11.39 11.23 10.88 10.42 9.74 8.80 8.15
9.76 9.75 9.45 9.31 9.43 9.46 9.19 8.85 8.67 8.56 8.61 8.68 8.77 8.95 9.16 9.38 9.59 9.75 9.75 9.54 9.18 8.83 8.58 8.45 8.42 8.48 8.58 9.07 9.83 10.01 9.92 9.76 9.58 9.23 8.42 7.35 7.04 7.12 7.47 7.65 7.30 6.71 6.32 6.27 6.65 7.28 7.84 7.56 7.16 7.41 8.79 10.73 12.09 12.61 12.33 11.43 10.77 10.53 10.62 11.11 11.52 11.90 11.80 11.68 11.92 12.64 13.56 14.44 15.07 15.37 15.44 15.38 15.28 15.16 14.92 14.58 14.21 13.74 12.83 11.42 9.85 8.61
9.89 9.90 9.57 9.18 9.18 9.43 9.54 9.36 9.14 9.08 9.36 9.66 9.82 9.89 9.91 9.89 9.84 9.77 9.62 9.35 8.97 8.57 8.26 8.10 8.10 8.23 8.39 8.91 9.46 9.42 9.03 9.18 9.33 9.45 9.29 8.49 7.69 7.08 6.90 7.03 6.92 6.62 6.42 6.38 6.66 7.26 8.26 8.78 9.11 10.10 11.75 12.88 13.31 12.85 12.16 11.27 10.77 10.63 10.56 10.76 11.16 11.83 12.22 12.40 12.94 13.68 14.29 14.93 15.32 15.53 15.68 15.81 15.85 15.81 15.62 15.30 14.95 14.63 14.03 13.11 11.84 10.32
9.88 9.80 9.53 9.37 9.26 9.38 9.63 9.74 9.68 9.73 10.25 10.82 11.03 11.02 10.90 10.62 10.26 9.89 9.59 9.33 9.03 8.63 8.18 7.87 7.86 8.14 8.44 8.84 8.95 8.42 8.04 8.16 8.41 9.05 9.47 9.44 8.65 7.89 7.65 7.80 7.99 8.20 8.38 8.37 8.47 9.01 10.23 11.50 12.73 13.64 14.02 13.90 13.20 12.09 11.39 10.70 10.29 9.98 9.64 9.42 9.64 10.20 11.24 11.67 12.04 12.14 11.89 11.74 11.57 11.72 12.09 12.61 12.84 12.90 12.78 12.69 12.77 12.73 12.65 12.67 12.46 11.82
9.68 9.30 8.92 8.93 8.97 9.10 9.39 9.68 9.83 9.97 10.44 11.06 11.30 11.32 11.09 10.63 10.08 9.65 9.40 9.21 8.95 8.60 8.16 7.79 7.76 8.04 8.34 8.55 8.28 7.48 7.22 7.34 7.55 8.03 8.86 9.23 9.11 8.93 9.01 9.44 9.83 10.08 10.21 10.40 10.79 11.56 12.70 13.85 14.70 14.95 14.62 13.67 12.58 11.44 10.75 10.12 9.60 9.06 8.75 8.51 8.64 9.06 9.68 10.21 10.21 9.36 8.38 7.42 7.04 7.17 7.61 8.22 8.59 8.62 8.73 8.81 9.18 9.38 9.47 9.84 10.54 10.94
9.39 8.83 8.20 8.04 8.17 8.51 9.01 9.46 9.79 9.94 10.11 10.32 10.49 10.43 10.17 9.73 9.30 8.99 8.81 8.68 8.47 8.23 8.07 8.00 7.99 8.06 8.22 8.30 7.96 7.38 7.16 7.25 7.38 7.62 8.04 8.59 9.01 9.18 9.47 10.03 10.58 10.77 10.96 11.34 12.07 12.89 13.63 14.13 14.23 13.98 13.50 12.81 11.96 11.15 10.50 9.91 9.42 8.99 8.92 8.88 9.02 9.19 9.25 9.38 8.89 7.84 6.82 6.17 6.02 6.02 5.86 5.63 5.66 5.79 5.94 6.15 6.59 6.96 7.03 6.91 7.10 7.59
9.21 8.72 8.10 7.85 7.80 7.90 8.23 8.83 9.26 9.43 9.33 9.13 8.93 8.69 8.41 8.25 8.11 7.91 7.81 7.93 8.12 8.19 8.26 8.36 8.31 8.27 8.31 8.37 8.34 8.26 8.09 7.84 7.65 7.51 7.54 7.96 8.39 8.60 8.77 9.19 9.80 10.26 10.64 11.28 12.18 12.79 12.95 12.50 11.63 11.48 11.72 11.87 11.57 11.11 10.56 10.04 9.65 9.47 9.60 9.58 9.54 9.47 9.18 9.07 8.65 7.85 7.40 7.17 6.94 6.47 5.62 4.54 3.96 3.83 3.96 4.21 4.66 5.06 5.13 4.70 4.30 4.26
9.32 9.04 8.75 8.57 8.31 7.87 7.46 7.61 8.10 8.38 8.35 8.02 7.54 7.09 6.85 6.82 6.82 6.76 6.87 7.38 8.09 8.63 8.85 8.80 8.72 8.66 8.66 8.75 8.83 8.95 8.66 8.13 7.62 7.23 7.18 7.46 7.83 8.09 8.13 8.30 8.71 9.33 9.95 10.87 11.71 11.94 11.35 10.39 9.87 9.92 10.37 10.84 10.98 10.92 10.43 10.04 9.72 9.61 9.69 9.45 9.07 8.72 8.50 8.59 8.67 8.43 8.33 8.16 7.34 6.29 5.04 4.07 3.48 3.15 2.97 2.87 2.92 3.10 3.18 3.15 3.16 3.51
9.71 9.82 9.95 9.81 9.37 8.67 7.70 7.34 7.51 7.86 7.92 7.59 7.17 6.89 6.67 6.55 6.60 6.71 6.97 7.59 8.44 9.24 9.53 9.56 9.53 9.52 9.39 9.28 9.23 9.24 8.79 8.37 8.08 7.76 7.53 7.73 8.26 8.61 8.60 8.59 8.77 9.20 9.77 10.68 11.12 10.81 9.71 8.93 8.54 8.61 9.10 9.73 10.19 10.23 9.88 9.58 9.30 9.05 8.82 8.26 7.69 7.36 7.53 8.04 8.73 8.94 8.86 8.18 7.02 5.97 5.19 4.87 4.71 4.19 3.37 2.67 2.33 2.34 2.63 3.10 3.85 5.10
10.08 10.45 10.82 10.77 10.41 9.81 9.03 8.51 8.29 8.31 8.30 8.14 8.04 8.06 8.12 8.16 8.23 8.41 8.52 8.81 9.39 10.06 10.45 10.68 10.80 10.79 10.45 10.07 10.00 10.18 10.19 10.02 9.85 9.52 8.95 8.93 9.52 9.93 10.05 10.03 10.02 9.90 10.07 10.58 10.48 9.52 8.44 7.61 7.31 7.46 7.97 8.69 9.34 9.37 9.20 8.97 8.61 8.10 7.55 7.14 7.00 7.16 7.74 8.34 8.91 8.93 8.44 7.67 6.78 6.45 6.57 6.69 6.21 5.29 4.27 3.63 3.46 3.58 4.02 4.99 6.54 8.31
10.14 10.32 10.57 10.76 10.88 10.78 10.33 9.80 9.27 8.86 8.70 8.83 9.17 9.59 10.05 10.31 10.55 10.78 10.92 10.93 11.11 11.24 11.45 11.75 11.95 11.79 11.41 10.98 10.94 11.09 11.24 11.11 10.92 10.58 9.99 9.73 10.00 10.40 10.78 11.01 10.99 10.68 10.43 10.23 9.40 8.15 7.16 6.54 6.30 6.33 6.83 7.56 8.24 8.62 8.69 8.55 8.26 7.85 7.60 7.74 8.04 8.59 9.25 9.64 9.64 9.20 8.40 7.94 7.73 7.92 8.18 7.94 6.99 5.85 5.17 5.04 5.27 5.74 6.64 7.99 9.54 10.50
10.00 9.80 9.75 10.05 10.54 10.95 10.95 10.41 9.65 8.98 8.70 8.91 9.54 10.30 10.98 11.45 11.77 12.07 12.36 12.43 12.29 12.07 12.04 12.21 12.28 12.13 11.87 11.55 11.44 11.23 10.61 10.07 9.79 9.74 9.70 9.74 9.84 10.14 10.54 11.01 11.26 11.03 10.51 9.57 8.13 6.70 5.85 5.48 5.27 5.35 5.62 6.23 7.19 8.05 8.51 8.62 8.59 8.55 8.69 8.84 9.21 9.89 10.59 11.11 11.01 10.67 9.73 9.30 9.42 9.59 9.15 8.28 7.35 6.90 6.91 7.23 7.85 8.72 9.85 10.94 11.46 11.27
9.93 9.61 9.28 9.30 9.53 9.90 10.21 10.07 9.50 8.83 8.40 8.37 8.78 9.49 10.17 10.62 10.93 11.08 11.16 11.27 11.36 11.37 11.39 11.35 11.20 11.18 11.17 11.23 11.26 11.12 10.46 9.43 8.79 8.69 9.19 9.78 10.25 10.45 10.58 10.74 10.86 10.48 9.84 8.85 7.46 6.00 5.10 4.79 4.81 4.96 5.13 5.62 6.62 7.80 8.67 9.19 9.52 9.71 9.75 9.62 9.84 10.70 11.58 12.18 12.38 12.49 11.99 11.09 10.82 10.75 10.01 9.22 8.92 9.37 10.06 10.79 11.57 12.30 12.79 12.74 12.10 11.01
9.79 9.32 8.79 8.63 8.36 8.34 8.69 8.97 8.81 8.27 7.67 7.24 7.12 7.29 7.65 7.95 8.15 8.05 7.60 7.44 8.12 8.89 9.10 8.83 8.48 8.84 9.54 10.02 10.42 10.86 11.05 10.79 10.23 9.80 9.75 10.12 10.54 10.66 10.48 10.18 9.89 9.56 9.10 8.62 7.79 6.71 5.92 5.81 5.94 6.06 6.19 6.59 7.26 8.11 8.87 9.53 10.12 10.65 10.84 11.00 11.44 12.20 12.53 12.58 12.78 13.20 13.17 12.78 12.46 12.34 12.11 11.99 12.37 12.99 13.52 13.96 14.31 14.44 14.14 13.16 11.94 10.80
9.35 8.71 8.05 7.94 7.77 7.63 7.67 7.91 7.98 7.51 6.72 5.91 5.24 4.80 4.70 4.90 5.12 5.04 4.77 4.61 4.96 5.67 6.03 5.96 6.17 6.96 8.21 8.93 9.39 9.72 10.41 11.06 11.29 11.16 10.62 10.25 10.01 9.90 9.54 9.10 8.83 9.01 9.14 9.30 9.20 9.12 8.74 8.55 8.51 8.51 8.58 8.65 8.64 8.74 8.96 9.33 9.86 10.60 11.38 12.17 12.90 13.02 12.58 11.86 11.41 11.94 12.81 13.09 13.47 13.78 14.08 14.40 14.77 15.08 14.84 14.78 14.62 14.24 13.45 12.47 11.55 10.75
9.12 8.60 7.94 7.65 7.59 7.56 7.50 7.52 7.54 7.20 6.41 5.44 4.47 3.70 3.29 3.24 3.50 4.11 4.56 4.52 4.22 4.03 4.06 4.49 5.35 6.54 7.89 8.48 8.60 8.40 8.74 9.54 10.38 10.81 10.45 9.61 8.75 8.27 8.16 8.08 8.18 8.82 9.53 10.22 10.62 11.05 11.15 10.85 10.58 10.42 10.03 9.61 9.29 9.16 9.16 9.33 9.77 10.56 11.47 12.21 12.50 12.09 11.21 10.17 9.80 10.26 11.31 12.17 12.83 13.51 13.88 14.04 14.11 13.97 13.61 13.10 12.50 11.79 11.37 11.01 10.55 10.08
9.35 9.12 8.71 8.29 8.03 7.94 7.83 7.72 7.69 7.52 7.07 6.40 5.63 4.77 4.03 3.63 3.82 4.76 5.89 6.25 5.75 4.91 4.50 4.76 5.69 7.07 8.18 8.46 8.19 7.65 7.46 7.70 8.49 9.15 9.33 8.91 8.18 7.64 7.61 8.03 8.60 9.42 9.96 10.49 10.88 11.32 11.50 11.50 11.33 10.90 9.98 9.37 9.20 9.30 9.43 9.61 10.02 10.78 11.35 11.45 10.96 10.05 9.28 8.86 8.95 9.45 10.05 10.67 11.24 11.74 11.94 11.79 11.37 11.08 10.95 10.62 9.88 9.08 8.74 8.87 8.81 8.58
9.53 9.48 9.40 9.17 8.86 8.56 8.35 8.33 8.41 8.51 8.51 8.33 7.91 7.13 6.19 5.41 5.19 5.70 6.68 7.63 7.71 7.19 6.58 6.47 7.04 8.06 8.81 8.99 8.72 7.95 7.34 6.93 6.99 7.53 8.33 8.91 9.09 9.16 9.25 9.50 9.94 10.33 10.26 10.20 10.25 10.48 10.74 10.99 11.05 10.82 10.07 9.50 9.33 9.43 9.58 9.71 10.02 10.58 10.87 10.43 9.64 8.89 8.45 8.31 8.36 8.61 8.87 9.22 9.67 9.98 10.08 9.90 9.33 8.73 8.46 8.58 8.14 7.22 6.42 6.42 6.72 6.49
9.56 9.56 9.57 9.43 9.23 8.99 8.92 9.14 9.54 10.00 10.36 10.40 9.93 9.13 8.15 7.21 6.57 6.48 6.95 8.11 8.93 9.24 9.11 8.78 8.78 9.36 9.87 10.05 9.96 9.28 8.59 7.89 7.42 7.64 8.45 9.44 10.30 10.93 11.11 11.01 10.81 10.59 10.14 9.79 9.66 9.64 9.78 9.91 10.12 10.28 10.18 9.83 9.58 9.54 9.72 9.93 10.25 10.58 10.38 9.58 8.76 8.29 8.05 7.84 7.79 8.04 8.34 8.55 8.65 8.77 8.73 8.67 8.44 7.69 6.84 6.67 6.67 6.04 5.04 4.54 4.62 4.52
9.62 9.61 9.62 9.38 9.13 9.02 9.18 9.58 10.22 10.93 11.52 11.69 11.49 10.95 10.14 9.12 8.08 7.46 7.53 8.34 9.32 10.24 10.39 10.26 10.29 10.78 11.00 10.89 10.74 10.48 10.16 9.71 9.25 9.14 9.40 9.92 10.45 10.85 10.98 10.77 10.42 10.13 9.77 9.39 9.10 8.72 8.61 8.57 8.65 8.99 9.41 9.52 9.50 9.54 9.86 10.23 10.47 10.28 9.46 8.46 7.92 7.74 7.65 7.76 7.95 8.26 8.31 8.02 7.64 7.55 7.52 7.47 7.55 7.23 6.30 5.59 5.45 5.23 4.36 3.57 3.35 3.40
9.65 9.60 9.49 9.21 8.91 8.79 8.86 9.03 9.41 10.03 10.77 11.41 11.89 12.05 11.84 11.19 10.11 8.97 8.50 8.70 9.20 10.15 10.74 11.02 11.35 11.66 11.48 10.88 10.45 10.51 10.76 10.87 10.73 10.29 9.96 9.85 9.77 9.68 9.67 9.82 9.87 9.81 9.58 9.13 8.59 8.07 7.82 7.61 7.51 7.59 7.94 8.37 8.78 9.15 9.63 9.89 9.75 9.06 7.96 7.34 7.19 7.21 7.46 7.93 8.19 8.11 7.69 6.91 6.13 5.79 5.82 5.63 5.58 5.92 5.76 5.15 4.71 4.53 4.08 3.58 3.29 3.34
9.55 9.39 9.09 8.95 8.76 8.60 8.43 8.10 7.74 7.67 8.10 9.22 10.57 11.69 12.40 12.48 11.91 10.83 9.78 9.36 9.41 10.05 10.68 11.36 11.72 11.68 11.10 10.32 9.58 9.49 9.87 10.34 10.56 10.26 9.87 9.57 9.32 9.28 9.54 9.86 9.90 9.80 9.58 9.28 8.86 8.40 8.04 7.48 6.84 6.45 6.55 7.13 7.97 8.58 8.98 8.86 8.18 7.20 6.53 6.34 6.27 6.23 6.63 7.12 7.15 6.98 6.69 6.03 5.09 4.30 3.99 3.91 3.97 4.31 4.66 4.66 4.51 4.47 4.46 4.40 4.38 4.50
9.43 9.17 8.82 8.82 8.78 8.64 8.42 7.98 7.20 6.37 6.00 6.51 7.95 9.76 11.32 12.24 12.51 12.12 11.25 10.50 10.31 10.49 10.83 11.40 11.71 11.45 10.73 9.77 8.83 8.24 8.09 8.33 8.90 9.32 9.49 9.47 9.43 9.56 9.89 10.10 9.98 9.76 9.65 9.59 9.34 8.72 7.97 6.96 6.33 6.28 6.69 7.48 8.28 8.60 8.43 7.82 6.82 5.99 5.61 5.46 5.26 5.07 5.09 5.35 5.69 6.15 6.70 6.62 5.92 5.13 4.73 4.54 4.37 4.26 4.39 4.66 4.92 5.18 5.47 5.76 6.04 6.44
9.43 9.17 8.87 8.87 8.88 8.82 8.73 8.61 8.17 7.30 6.31 5.88 6.40 7.69 9.36 10.82 11.83 12.38 12.25 11.83 11.66 11.70 11.84 12.10 12.00 11.59 10.86 9.88 8.81 8.06 7.59 7.54 7.82 8.31 8.82 9.20 9.38 9.47 9.64 9.86 9.70 9.43 9.30 9.31 9.10 8.26 7.49 7.10 7.41 8.14 8.84 9.27 9.37 9.05 8.45 7.81 7.31 6.92 6.56 6.18 5.86 5.60 5.47 5.65 6.48 7.56 8.51 8.76 8.38 7.84 7.35 6.82 6.03 5.47 5.29 5.42 5.79 6.27 6.74 7.35 8.18 9.11
