project/data/elevation/US_DEM2016/US_DEM2016_point_10-28-2019_1452_30m_vel.asc
ncols	125
nrows	167
xllcorner	-2042055.000000
yllcorner	1465035.000000
cellsize	30.000000
NODATA_value	-9999.000000
[rows 0 to 37 of 167, columns 0 to 83 of 125]
6.37 5.90 5.62 6.31 7.40 8.54 9.54 10.24 10.45 10.61 10.99 11.72 11.95 11.23 10.69 10.78 10.99 10.96 10.41 9.69 9.12 9.10 9.57 10.10 10.53 10.63 10.39 9.46 8.09 6.67 5.42 4.40 3.74 3.46 3.45 3.60 3.98 4.63 5.29 5.65 5.80 5.88 5.98 5.95 5.64 5.21 4.89 4.95 5.43 6.31 7.30 8.33 9.21 10.05 10.33 10.37 10.11 9.21 8.39 7.89 7.65 7.64 7.80 8.23 8.50 8.54 8.37 7.85 6.93 6.35 6.25 6.49 6.88 7.28 7.57 7.74 7.91 8.23 8.68 9.07 9.40 9.37 8.62 8.31
6.37 5.90 5.62 6.31 7.40 8.54 9.54 10.24 10.45 10.61 10.99 11.72 11.95 11.23 10.69 10.78 10.99 10.96 10.41 9.69 9.12 9.10 9.57 10.10 10.53 10.63 10.39 9.46 8.09 6.67 5.42 4.40 3.74 3.46 3.45 3.60 3.98 4.63 5.29 5.65 5.80 5.88 5.98 5.95 5.64 5.21 4.89 4.95 5.43 6.31 7.30 8.33 9.21 10.05 10.33 10.37 10.11 9.21 8.39 7.89 7.65 7.64 7.80 8.23 8.50 8.54 8.37 7.85 6.93 6.35 6.25 6.49 6.88 7.28 7.57 7.74 7.91 8.23 8.68 9.07 9.40 9.37 8.62 8.31
6.13 5.78 5.73 6.40 7.25 8.21 9.05 9.63 9.88 9.98 10.26 10.80 10.98 10.63 10.22 10.22 10.37 10.43 10.05 9.36 8.99 9.06 9.43 9.72 9.85 9.73 9.18 8.24 7.18 6.06 5.05 4.27 3.80 3.64 3.64 3.77 4.07 4.54 4.99 5.30 5.39 5.44 5.54 5.70 5.80 5.78 5.71 5.73 6.12 6.80 7.59 8.29 8.87 9.32 9.55 9.59 9.50 9.16 8.57 7.92 7.46 7.23 7.40 7.74 7.94 7.97 7.93 7.80 7.56 7.18 6.99 6.99 7.06 7.14 7.21 7.32 7.53 7.91 8.27 8.46 8.52 8.54 8.42 8.43
6.25 6.00 6.17 6.71 7.25 7.75 8.27 8.49 8.45 8.47 8.71 8.93 9.00 8.91 8.89 8.86 8.88 9.11 9.05 8.78 8.79 9.02 9.11 8.84 8.40 7.89 7.23 6.62 6.00 5.37 4.80 4.44 4.34 4.40 4.45 4.44 4.47 4.62 4.76 4.90 5.17 5.42 5.65 5.97 6.39 6.72 6.93 7.00 7.17 7.52 7.95 8.15 8.13 7.98 7.93 7.75 7.75 8.00 8.10 7.95 7.61 7.29 7.10 7.01 6.83 6.74 6.89 7.26 7.62 7.82 7.80 7.56 7.23 6.88 6.68 6.68 6.89 7.20 7.36 7.20 7.06 7.45 8.07 8.57
6.59 6.43 6.69 7.03 7.28 7.56 7.68 7.67 7.43 7.28 7.31 7.40 7.42 7.40 7.51 7.52 7.51 7.73 8.11 8.50 8.86 8.92 8.62 7.85 7.00 6.43 6.18 5.99 5.76 5.52 5.34 5.32 5.46 5.59 5.56 5.36 5.15 5.10 5.11 5.23 5.64 6.09 6.52 6.93 7.14 7.34 7.49 7.66 7.83 8.02 8.15 8.02 7.59 7.08 6.62 5.92 5.57 5.77 6.43 7.14 7.46 7.44 7.18 6.67 6.22 5.89 5.78 5.99 6.39 6.70 6.83 6.76 6.57 6.36 6.24 6.26 6.38 6.52 6.55 6.43 6.48 7.06 7.84 8.23
6.67 6.63 6.94 7.25 7.30 7.38 7.35 6.99 6.73 6.58 6.47 6.46 6.57 6.71 7.02 7.19 7.22 7.28 7.73 8.32 8.68 8.47 7.82 6.80 5.97 5.72 5.78 5.88 5.97 6.05 6.18 6.34 6.43 6.36 6.14 5.88 5.71 5.65 5.64 5.69 5.86 6.15 6.61 7.15 7.44 7.55 7.66 7.89 8.07 8.20 8.21 7.95 7.48 6.66 5.76 5.01 4.80 5.00 5.43 5.91 6.38 6.65 6.60 6.17 5.75 5.42 5.20 5.12 5.13 5.17 5.24 5.32 5.40 5.51 5.62 5.73 5.86 6.00 6.12 6.21 6.41 6.85 7.34 7.37
6.88 6.96 7.24 7.48 7.42 7.23 6.91 6.37 6.01 5.95 5.94 5.91 6.03 6.51 7.13 7.34 7.45 7.47 7.51 7.64 7.81 7.60 6.92 6.07 5.67 5.62 5.69 5.81 6.04 6.39 6.73 6.92 6.85 6.69 6.50 6.39 6.37 6.33 6.16 5.95 5.86 5.95 6.22 6.63 6.94 6.94 6.97 7.18 7.57 7.85 8.02 7.89 7.41 6.91 6.38 5.94 5.97 6.08 6.04 5.86 5.69 5.64 5.57 5.40 5.14 4.89 4.77 4.75 4.76 4.73 4.70 4.70 4.75 4.87 5.00 5.13 5.25 5.43 5.71 6.01 6.29 6.57 6.70 6.43
7.06 7.32 7.76 7.79 7.61 7.03 6.35 5.75 5.58 5.71 5.72 5.56 5.72 6.38 7.05 7.15 7.18 7.17 6.92 6.68 6.73 6.66 6.24 5.86 5.72 5.69 5.73 5.79 6.02 6.46 6.91 7.16 7.20 7.27 7.41 7.64 7.72 7.54 7.18 6.72 6.28 5.99 5.98 6.00 5.89 5.82 5.80 6.05 6.74 7.57 7.94 7.89 7.63 7.62 7.66 7.65 7.46 7.17 6.69 6.09 5.51 5.11 4.95 4.83 4.64 4.46 4.49 4.69 4.84 4.83 4.70 4.56 4.50 4.55 4.69 4.84 4.97 5.22 5.57 5.84 6.01 6.09 6.04 5.76
7.47 7.72 8.21 8.10 7.70 7.02 6.19 5.72 5.82 5.94 5.84 5.66 5.81 6.32 6.68 6.61 6.44 6.35 6.14 5.98 6.10 6.06 5.69 5.51 5.50 5.61 5.86 6.15 6.37 6.63 7.06 7.49 7.93 8.53 9.19 9.58 9.55 9.18 8.69 8.12 7.44 6.75 6.27 5.99 5.70 5.54 5.77 6.25 7.12 7.88 8.02 7.56 7.17 7.23 7.42 7.48 7.24 6.75 6.12 5.56 5.11 4.82 4.71 4.70 4.64 4.62 4.83 5.11 5.15 4.95 4.67 4.48 4.50 4.75 5.09 5.36 5.61 5.96 6.22 6.20 6.00 5.78 5.66 5.60
7.70 8.03 8.35 8.17 7.72 7.20 6.52 6.37 6.67 6.84 6.57 6.27 6.27 6.39 6.32 6.08 5.79 5.66 5.71 5.82 5.99 5.76 5.27 5.11 5.24 5.50 5.90 6.37 6.76 7.11 7.61 8.20 8.94 9.71 10.21 10.28 10.06 9.77 9.52 9.23 8.74 8.07 7.41 6.88 6.43 6.36 6.57 7.16 7.90 8.23 7.86 6.73 5.88 5.31 5.37 5.64 5.68 5.39 5.06 4.80 4.59 4.48 4.54 4.77 5.12 5.40 5.73 5.91 5.58 5.05 4.75 4.79 5.18 5.78 6.29 6.65 7.00 7.39 7.52 7.29 6.84 6.50 6.35 6.25
8.02 8.02 8.20 8.16 7.87 7.63 7.53 7.84 8.16 8.11 7.76 7.32 6.93 6.54 6.10 5.67 5.43 5.57 5.91 6.21 6.29 5.92 5.41 5.23 5.36 5.61 5.90 6.36 7.06 7.87 8.54 9.12 9.57 9.70 9.40 8.86 8.67 8.95 9.27 9.42 9.34 8.98 8.41 7.77 7.31 7.08 7.08 7.60 8.20 8.20 7.30 6.03 5.05 4.45 4.23 4.21 4.31 4.40 4.40 4.34 4.31 4.40 4.71 5.19 5.80 6.36 6.65 6.52 6.01 5.37 5.23 5.65 6.37 7.06 7.61 8.03 8.40 8.56 8.43 8.11 7.83 7.63 7.43 7.16
8.07 7.71 7.76 8.23 8.50 8.73 9.12 9.52 9.71 9.36 8.85 8.35 7.77 6.94 6.13 5.70 5.60 5.91 6.41 6.72 6.67 6.28 5.83 5.63 5.71 5.99 6.39 7.00 7.85 8.64 9.06 9.21 9.00 8.35 7.37 6.76 6.95 7.57 8.07 8.42 8.72 8.89 8.80 8.46 7.99 7.58 7.46 7.85 8.10 7.72 6.54 5.65 5.09 4.54 4.07 3.77 3.79 4.03 4.21 4.29 4.46 4.85 5.40 6.00 6.60 7.01 7.09 6.85 6.48 6.20 6.12 6.58 7.23 7.90 8.39 8.67 8.64 8.29 7.62 7.12 6.93 6.90 6.89 6.83
7.66 7.25 7.16 7.95 8.77 9.43 9.89 10.08 10.07 9.77 9.36 8.95 8.44 7.54 6.70 6.29 6.18 6.29 6.57 6.72 6.58 6.22 5.91 5.81 6.00 6.44 7.04 7.68 8.14 8.33 8.21 7.76 6.97 5.99 5.40 5.57 6.10 6.39 6.40 6.67 7.20 7.77 8.27 8.51 8.37 7.98 7.75 7.94 7.70 6.74 5.62 5.01 4.48 3.99 3.62 3.54 3.74 4.07 4.40 4.72 5.12 5.67 6.25 6.71 7.03 7.15 7.11 7.07 7.04 7.01 7.06 7.39 8.02 8.49 8.52 8.12 7.31 6.23 5.32 4.85 4.76 4.94 5.26 5.53
7.56 7.38 7.26 7.49 8.05 8.64 8.96 8.97 8.77 8.69 8.72 8.69 8.52 8.08 7.54 7.09 6.76 6.52 6.39 6.22 5.93 5.68 5.63 5.74 6.02 6.43 6.81 6.96 6.79 6.42 5.91 5.16 4.40 3.90 4.03 4.66 5.03 4.97 4.89 5.14 5.56 6.11 6.73 7.26 7.64 7.73 7.74 7.77 7.35 6.21 5.07 4.13 3.48 3.28 3.37 3.71 4.09 4.44 4.86 5.41 5.96 6.46 6.85 7.10 7.25 7.34 7.42 7.52 7.59 7.58 7.71 8.16 8.55 8.35 7.50 6.25 5.05 4.30 3.97 3.98 4.27 4.70 5.02 5.09
7.81 7.93 7.61 7.20 6.82 6.77 6.69 6.40 6.15 6.34 6.77 7.22 7.51 7.71 7.71 7.48 7.08 6.62 6.19 5.72 5.26 5.13 5.28 5.47 5.61 5.66 5.51 5.12 4.66 4.32 4.01 3.70 3.52 3.54 3.71 3.90 3.98 4.07 4.18 4.33 4.49 4.73 5.06 5.55 6.25 7.22 7.64 7.72 7.25 6.27 4.98 3.92 3.48 3.61 4.06 4.52 4.75 4.94 5.34 6.02 6.75 7.22 7.56 7.80 7.98 8.17 8.29 8.27 8.17 8.08 8.23 8.56 8.27 7.03 5.53 4.54 4.20 4.08 4.18 4.57 5.16 5.72 5.90 5.84
7.92 7.83 7.32 6.62 5.58 4.82 4.28 3.88 3.84 4.06 4.47 4.89 5.46 6.14 6.83 7.14 7.03 6.60 6.04 5.47 5.06 4.98 5.06 5.07 4.95 4.69 4.34 4.06 3.91 3.80 3.76 3.87 4.14 4.33 4.31 4.28 4.32 4.46 4.59 4.68 4.72 4.81 5.06 5.64 6.47 7.52 7.93 7.79 7.07 5.96 5.01 4.51 4.41 4.77 5.25 5.52 5.46 5.49 5.95 6.85 7.66 8.28 8.66 8.88 9.10 9.36 9.47 9.39 9.20 9.00 8.89 8.47 7.19 5.65 4.86 4.78 4.94 4.92 5.00 5.43 6.14 6.65 6.78 6.99
7.57 7.03 6.24 5.57 4.48 3.64 3.25 3.19 3.32 3.72 4.10 4.35 4.73 5.34 6.02 6.54 6.69 6.49 6.03 5.57 5.27 5.12 4.98 4.79 4.58 4.40 4.34 4.45 4.54 4.51 4.44 4.47 4.74 5.17 5.38 5.48 5.54 5.57 5.59 5.71 5.94 6.31 6.74 7.41 8.14 8.53 8.31 7.75 6.88 6.02 5.43 5.27 5.44 5.86 6.31 6.50 6.35 6.46 7.13 8.11 9.05 9.69 10.01 10.10 10.10 10.18 10.30 10.35 10.30 9.96 9.34 8.31 6.68 5.89 5.98 6.31 6.35 6.13 6.08 6.45 7.03 7.49 7.84 8.29
7.28 6.71 5.73 4.81 4.08 3.73 3.92 4.35 4.83 5.39 5.80 5.98 6.20 6.34 6.36 6.31 6.34 6.36 6.17 5.88 5.57 5.27 4.99 4.78 4.73 4.82 5.02 5.24 5.42 5.50 5.42 5.26 5.36 5.79 6.25 6.58 6.73 6.75 6.71 6.90 7.41 7.93 8.49 8.98 9.15 8.72 7.94 7.23 6.69 6.29 5.95 5.91 6.24 6.78 7.21 7.29 7.33 7.62 8.48 9.53 10.32 10.65 10.64 10.49 10.30 10.17 10.16 10.22 10.35 10.19 9.68 9.06 8.16 7.91 8.31 8.62 8.53 8.17 8.03 8.10 8.30 8.58 8.97 9.25
7.27 6.84 5.82 4.87 4.56 5.06 5.94 6.73 7.38 7.87 8.19 8.32 8.24 7.78 7.09 6.53 6.30 6.30 6.27 6.08 5.78 5.46 5.19 5.08 5.20 5.40 5.58 5.80 6.07 6.33 6.44 6.47 6.56 6.78 7.12 7.54 7.89 8.01 8.13 8.43 8.86 9.22 9.39 9.21 8.53 7.39 6.33 5.97 6.19 6.30 6.46 6.71 7.18 7.70 7.92 7.79 7.94 8.58 9.57 10.31 10.56 10.35 9.94 9.65 9.54 9.53 9.59 9.56 9.52 9.62 9.89 10.12 10.46 10.65 10.91 11.24 11.33 11.17 10.92 10.52 10.16 9.90 9.77 9.47
6.92 6.26 5.25 4.86 5.44 6.62 7.91 8.90 9.53 9.74 9.70 9.51 9.14 8.43 7.69 7.07 6.66 6.45 6.33 6.18 5.98 5.80 5.70 5.72 5.80 5.92 6.08 6.34 6.64 6.98 7.38 7.82 8.23 8.56 8.81 9.05 9.15 9.14 9.36 9.69 9.80 9.59 9.06 8.13 6.84 5.54 4.84 4.97 5.84 6.52 7.10 7.62 8.08 8.29 8.22 8.05 8.43 9.30 9.90 10.09 9.65 8.95 8.36 8.10 8.21 8.50 8.75 8.81 8.64 8.73 9.44 10.29 11.06 11.53 11.86 12.33 12.61 12.60 12.29 11.87 11.28 10.72 10.04 9.17
5.93 5.29 4.78 5.28 6.67 8.28 9.44 10.05 10.25 10.05 9.67 9.28 8.88 8.41 8.01 7.57 7.08 6.64 6.42 6.32 6.28 6.35 6.51 6.65 6.72 6.74 6.94 7.19 7.46 7.84 8.43 9.15 9.79 10.26 10.47 10.30 9.97 9.78 9.84 9.81 9.39 8.56 7.45 6.17 5.10 4.57 4.59 5.26 6.38 7.31 8.15 8.80 9.04 8.85 8.54 8.54 9.02 9.44 9.56 9.03 8.13 7.26 6.60 6.24 6.44 6.69 6.91 7.09 7.23 7.50 8.04 8.84 9.70 10.26 10.65 11.03 11.32 11.39 11.39 11.27 10.98 10.45 9.82 8.98
6.15 5.89 6.06 7.13 8.58 9.73 10.16 10.06 9.66 9.04 8.58 8.27 7.99 7.86 7.77 7.53 7.14 6.73 6.57 6.67 6.92 7.32 7.73 7.97 8.07 8.12 8.26 8.46 8.75 9.21 9.85 10.42 10.73 10.76 10.47 9.97 9.62 9.37 9.12 8.50 7.56 6.51 5.39 4.50 4.28 4.66 5.45 6.56 7.47 8.41 9.15 9.48 9.50 9.39 9.09 9.03 9.16 9.08 8.56 7.50 6.43 5.55 4.72 4.39 4.47 4.45 4.39 4.67 5.21 5.68 6.43 6.99 7.38 7.58 7.71 7.95 7.92 8.12 8.44 8.70 9.26 9.60 9.56 9.38
7.27 7.70 8.61 9.39 10.00 10.28 9.87 9.12 8.33 7.84 7.58 7.36 7.16 7.10 7.08 7.03 6.89 6.76 6.85 7.19 7.75 8.35 8.82 9.15 9.25 9.36 9.52 9.77 10.11 10.56 10.90 10.85 10.39 9.64 8.76 8.17 8.22 8.05 7.37 6.31 5.26 4.57 4.10 4.17 4.71 5.48 6.51 7.54 8.46 9.22 9.51 9.52 9.38 9.32 9.26 9.08 8.78 8.21 7.18 6.03 4.98 3.94 3.29 3.24 3.36 3.31 3.32 3.66 4.18 4.75 5.33 5.84 5.99 5.87 5.65 5.59 5.77 6.29 6.75 7.10 7.66 8.44 9.06 9.30
8.06 8.76 9.73 10.05 10.08 9.69 8.87 8.06 7.36 7.11 7.02 6.82 6.63 6.52 6.49 6.57 6.67 6.81 7.05 7.36 7.74 8.13 8.56 9.06 9.37 9.66 10.02 10.39 10.68 10.78 10.49 9.70 8.51 7.46 6.76 6.60 6.61 6.11 5.16 4.38 3.87 3.74 4.05 4.85 5.64 6.43 7.37 8.25 9.02 9.31 9.08 8.69 8.49 8.54 8.62 8.49 8.07 7.35 6.26 5.22 4.21 3.29 2.93 3.09 3.31 3.42 3.72 4.28 4.75 4.91 5.05 5.22 5.25 5.05 4.74 4.69 5.18 5.93 6.26 6.37 6.78 7.31 7.95 8.35
8.54 8.95 9.44 9.49 9.20 8.51 7.76 7.22 6.87 6.71 6.57 6.34 6.21 6.12 6.16 6.34 6.59 6.80 6.91 6.90 6.88 6.94 7.22 7.77 8.54 9.20 9.78 10.10 10.03 9.53 8.59 7.32 6.08 5.37 5.14 5.13 4.76 4.13 3.64 3.58 3.80 4.29 5.08 5.86 6.67 7.50 8.17 8.81 9.12 8.89 8.38 7.99 7.80 7.75 7.77 7.75 7.54 7.02 6.12 5.09 4.26 3.83 3.92 4.28 4.52 4.67 5.09 5.42 5.33 5.08 4.95 4.95 4.83 4.56 4.33 4.48 5.04 5.46 5.45 5.51 5.86 6.17 6.68 7.31
8.94 8.61 8.38 8.44 7.93 7.59 7.03 6.56 6.36 6.24 6.06 5.87 5.74 5.73 5.95 6.27 6.59 6.73 6.72 6.61 6.59 6.72 7.09 7.69 8.47 9.07 9.27 9.05 8.41 7.47 6.31 5.26 4.39 3.93 3.82 3.78 3.58 3.40 3.49 3.92 4.63 5.46 6.15 6.94 7.79 8.49 8.95 9.14 8.89 8.32 7.77 7.43 7.21 7.16 7.31 7.42 7.41 7.12 6.50 5.68 5.17 5.18 5.53 5.87 6.07 6.28 6.43 6.11 5.48 5.22 5.24 4.98 4.57 4.35 4.36 4.54 4.79 4.85 4.76 4.93 5.22 5.44 5.84 6.67
9.13 8.50 7.75 7.68 7.61 7.38 7.09 6.65 6.35 6.21 6.02 5.85 5.73 5.79 6.04 6.38 6.71 6.92 7.05 7.16 7.44 7.95 8.57 9.07 9.26 9.05 8.44 7.57 6.57 5.59 4.62 3.92 3.61 3.57 3.58 3.63 3.79 4.08 4.40 4.83 5.49 6.19 6.97 7.91 8.76 9.34 9.53 9.18 8.53 7.75 7.07 6.64 6.57 6.76 7.11 7.41 7.43 7.32 7.13 6.91 6.85 7.10 7.46 7.72 7.82 7.71 7.32 6.76 6.32 6.23 5.93 5.29 4.62 4.55 4.70 4.67 4.64 4.70 4.77 4.90 5.09 5.25 5.55 6.13
9.29 8.61 7.66 7.42 7.39 7.42 7.46 7.31 7.07 6.97 6.87 6.64 6.57 6.62 6.74 6.81 7.00 7.32 7.69 8.07 8.58 9.15 9.47 9.41 8.93 8.09 7.07 5.98 4.93 4.13 3.65 3.53 3.73 4.15 4.40 4.55 4.74 5.08 5.45 5.74 6.13 6.71 7.64 8.65 9.44 9.79 9.59 8.95 8.12 7.27 6.52 6.20 6.32 6.69 7.06 7.20 7.15 7.39 7.69 8.04 8.59 9.23 9.77 10.06 9.83 9.32 8.61 8.06 7.91 7.58 6.62 5.55 5.13 5.33 5.36 4.98 4.87 5.10 5.27 5.28 5.26 5.28 5.46 5.73
9.15 8.37 7.38 7.09 7.07 7.35 7.56 7.65 7.59 7.55 7.51 7.35 7.35 7.43 7.47 7.38 7.29 7.46 7.90 8.43 8.88 9.01 8.67 7.92 7.05 6.22 5.42 4.57 3.82 3.49 3.60 4.16 4.72 5.10 5.40 5.63 5.83 6.04 6.34 6.49 6.75 7.31 8.32 9.19 9.75 9.72 9.17 8.44 7.79 7.21 6.70 6.44 6.54 6.78 6.82 6.74 6.91 7.51 8.09 8.85 9.74 10.50 10.98 10.99 11.12 10.74 10.20 9.78 9.24 8.43 7.38 6.47 6.31 6.39 6.13 5.75 5.84 6.18 6.22 5.94 5.62 5.42 5.37 5.41
8.79 8.26 7.46 7.09 7.01 7.12 7.39 7.61 7.65 7.53 7.28 7.06 7.10 7.24 7.35 7.34 7.19 7.24 7.63 8.03 8.05 7.55 6.66 5.74 4.99 4.40 3.92 3.56 3.45 3.72 4.51 5.38 5.87 6.13 6.31 6.52 6.77 6.96 7.04 7.17 7.49 8.10 8.81 9.41 9.45 8.93 8.17 7.72 7.64 7.56 7.41 7.28 7.10 7.06 6.90 6.88 7.24 7.91 8.44 9.26 9.99 10.62 10.84 10.74 10.85 10.92 10.87 10.77 10.34 9.67 9.14 8.72 8.35 7.76 7.11 6.96 7.33 7.63 7.29 6.61 5.91 5.40 5.08 5.11
8.90 8.65 8.02 7.54 7.36 7.26 7.34 7.53 7.62 7.50 7.16 6.84 6.75 6.74 6.76 6.73 6.78 6.97 7.26 7.16 6.50 5.45 4.47 3.75 3.17 2.74 2.51 2.70 3.40 4.50 5.63 6.33 6.75 6.99 7.16 7.32 7.43 7.43 7.43 7.59 8.05 8.56 9.08 9.21 8.76 7.80 7.28 7.19 7.41 7.82 7.91 7.85 7.79 7.62 7.43 7.39 7.56 8.00 8.51 9.20 9.55 9.48 8.91 8.70 9.07 9.77 10.33 10.79 11.12 11.14 11.16 10.93 10.30 9.50 8.79 8.68 8.76 8.46 7.66 6.51 5.63 5.13 4.90 4.83
9.17 8.73 8.08 7.75 7.64 7.56 7.43 7.47 7.61 7.73 7.68 7.41 7.17 6.91 6.66 6.46 6.53 6.75 6.67 5.96 4.78 3.66 2.84 2.34 2.07 1.92 2.00 2.49 3.42 4.59 5.63 6.21 6.60 6.93 7.23 7.46 7.41 7.37 7.39 7.67 8.17 8.74 9.14 8.96 8.38 7.59 7.13 7.05 7.20 7.52 7.90 7.98 8.11 8.02 7.77 7.46 7.40 7.56 8.07 8.56 8.64 8.09 7.36 7.14 7.41 8.11 9.04 9.87 10.58 11.09 11.47 11.58 11.19 10.72 10.38 10.06 9.37 8.25 6.96 5.89 5.34 5.07 4.82 4.54
8.86 8.10 7.25 7.22 7.36 7.38 7.22 7.12 7.33 7.66 7.86 7.73 7.45 7.14 6.85 6.58 6.51 6.40 5.85 4.82 3.82 3.07 2.59 2.38 2.36 2.48 2.79 3.24 3.80 4.33 4.77 5.14 5.44 5.78 6.13 6.42 6.63 6.80 7.09 7.59 8.07 8.63 8.83 8.44 7.89 7.37 6.91 6.82 6.90 7.07 7.36 7.77 7.93 7.89 7.62 7.11 6.89 6.91 7.39 7.79 7.66 6.92 6.40 6.51 6.94 7.38 7.81 8.24 8.76 9.29 9.72 10.09 10.41 10.54 10.53 10.25 9.15 7.58 6.50 5.98 5.66 5.13 4.56 4.41
7.87 7.27 6.66 6.68 6.68 6.49 6.27 6.30 6.51 6.95 7.33 7.43 7.25 7.01 6.84 6.63 6.44 6.06 5.37 4.64 4.12 3.84 3.70 3.68 3.73 3.93 4.16 4.42 4.63 4.72 4.80 4.80 4.79 4.85 5.01 5.35 5.90 6.32 6.84 7.40 7.83 8.13 7.89 6.99 6.06 5.69 5.73 5.90 6.10 6.54 6.90 7.26 7.46 7.34 7.00 6.59 6.38 6.52 6.86 7.16 6.95 6.25 6.05 6.29 6.73 7.03 7.01 6.91 7.00 7.28 7.33 7.67 8.40 9.15 9.57 9.60 9.02 7.98 7.12 6.64 5.86 4.98 4.57 4.78
7.21 7.17 7.13 6.98 6.45 5.92 5.72 5.70 5.77 6.09 6.60 6.98 7.06 6.93 6.76 6.50 6.24 5.89 5.48 5.19 5.13 5.17 5.25 5.29 5.35 5.43 5.55 5.58 5.62 5.67 5.64 5.42 5.12 4.87 4.85 5.18 5.70 6.16 6.70 7.20 7.48 7.39 6.58 5.14 4.36 4.41 4.81 5.28 5.80 6.23 6.63 6.88 6.87 6.72 6.45 6.31 6.31 6.53 6.69 6.86 6.79 6.51 6.44 6.45 6.46 6.25 5.99 5.92 6.08 6.28 6.37 6.53 7.00 7.66 8.01 8.51 8.92 8.79 8.15 7.16 5.94 5.33 5.49 5.99
7.65 7.96 8.26 7.97 7.36 6.52 6.01 5.74 5.54 5.51 5.78 6.29 6.70 6.84 6.68 6.32 6.07 5.91 5.87 6.05 6.31 6.58 6.81 6.93 6.98 6.89 6.70 6.51 6.33 6.20 6.11 5.94 5.69 5.45 5.31 5.46 5.90 6.35 6.89 7.24 7.22 6.73 5.72 4.67 4.50 4.96 5.60 6.24 6.63 6.71 6.66 6.63 6.48 6.42 6.33 6.36 6.40 6.62 6.70 6.93 7.07 7.02 6.74 6.27 5.81 5.42 5.20 5.29 5.65 5.97 6.14 6.35 6.54 6.82 7.05 7.59 8.46 9.01 8.96 8.34 7.40 7.14 7.47 7.82
8.28 8.64 8.88 8.53 7.95 7.22 6.57 6.05 5.60 5.22 5.08 5.36 5.93 6.35 6.45 6.20 6.02 6.07 6.40 6.95 7.43 7.89 8.25 8.48 8.45 8.23 7.89 7.47 7.01 6.57 6.24 6.05 6.01 6.14 6.32 6.42 6.65 7.07 7.54 7.71 7.55 6.97 6.14 5.79 6.19 6.88 7.54 7.86 7.84 7.30 6.85 6.51 6.41 6.36 6.37 6.42 6.45 6.69 6.87 7.29 7.47 7.27 6.73 5.98 5.33 4.92 4.89 5.12 5.46 5.74 5.92 6.10 6.33 6.40 6.64 7.06 7.75 8.63 9.31 9.84 9.99 9.77 9.52 9.37
8.60 8.74 8.57 8.11 7.56 6.99 6.57 6.11 5.55 5.02 4.77 4.83 5.14 5.65 5.99 6.03 5.95 6.10 6.65 7.38 7.95 8.40 8.72 8.92 8.91 8.78 8.56 8.23 7.76 7.23 6.70 6.30 6.26 6.56 6.87 7.17 7.53 7.93 8.24 8.54 8.68 8.39 8.07 7.87 8.19 8.71 8.93 8.60 8.03 7.39 6.85 6.56 6.40 6.39 6.39 6.42 6.49 6.83 7.17 7.61 7.71 7.42 6.87 6.20 5.55 5.17 5.11 5.21 5.37 5.58 5.67 5.71 5.96 6.19 6.42 6.74 7.25 7.96 9.04 10.15 10.95 10.92 10.40 9.73
