project/data/elevation/US_DEM2016/US_DEM2016_point_11-01-2019_1725_30m_ang.asc
ncols	125
nrows	167
xllcorner	-2042055.000000
yllcorner	1465035.000000
cellsize	30.000000
NODATA_value	-9999.000000
[rows 0 to 42 of 167, columns 0 to 95 of 125]
343 340 334 333 336 338 340 343 345 347 349 351 351 349 349 350 351 352 352 349 346 344 344 346 349 351 353 353 350 344 336 326 317 311 308 306 307 314 322 328 331 332 334 335 335 334 331 329 331 334 337 341 345 348 349 350 352 351 348 346 344 342 341 340 341 344 346 346 344 340 338 338 339 339 340 341 342 341 340 343 347 349 346 343 343 346 349 351 349 344 340 340 339 335 334 334
343 340 334 333 336 338 340 343 345 347 349 351 351 349 349 350 351 352 352 349 346 344 344 346 349 351 353 353 350 344 336 326 317 311 308 306 307 314 322 328 331 332 334 335 335 334 331 329 331 334 337 341 345 348 349 350 352 351 348 346 344 342 341 340 341 344 346 346 344 340 338 338 339 339 340 341 342 341 340 343 347 349 346 343 343 346 349 351 349 344 340 340 339 335 334 334
349 344 334 331 332 333 334 337 341 344 348 350 351 349 348 349 352 355 355 352 347 342 341 345 349 353 357 359 355 349 341 331 322 316 313 311 309 312 317 323 327 329 331 334 336 337 336 334 332 332 334 337 342 346 348 350 352 353 352 349 345 342 339 337 338 341 345 347 346 343 341 340 339 339 339 339 339 337 336 339 346 349 346 342 342 346 351 354 352 346 342 342 342 339 336 335
359 349 335 330 327 325 324 325 330 336 342 347 349 347 345 347 352 357 360 356 347 339 338 342 350 358 6 10 7 360 352 342 333 328 326 323 318 314 314 317 322 327 331 335 338 340 341 339 335 331 330 332 337 343 346 349 352 355 355 354 350 345 340 335 333 334 339 344 346 345 344 343 342 340 338 335 334 331 328 330 340 345 342 338 340 347 355 360 357 349 345 345 344 341 337 334
1 351 337 332 328 323 319 317 320 325 332 340 346 345 341 343 349 357 0 355 345 338 338 343 353 5 15 16 11 4 356 348 341 338 336 333 328 322 318 318 321 327 332 336 338 340 341 341 337 332 329 331 336 341 344 347 348 349 351 352 351 348 344 339 334 330 330 333 337 340 342 343 343 341 337 333 330 327 324 325 332 336 334 333 338 349 360 3 357 349 346 345 342 338 334 333
359 350 338 334 329 325 320 316 314 315 321 331 341 343 339 340 346 354 356 351 343 338 340 348 0 12 18 16 10 3 356 350 345 343 342 339 334 329 325 322 320 321 326 330 334 337 339 339 336 332 330 332 338 343 346 347 345 343 343 344 346 348 347 343 337 330 325 324 325 329 333 336 337 336 332 329 326 324 322 323 326 327 325 325 334 350 2 3 355 348 346 344 338 333 331 333
354 348 340 336 333 328 324 318 312 308 311 321 333 337 335 338 346 352 353 347 340 338 343 355 7 15 18 13 6 360 354 350 347 346 346 343 339 335 332 328 322 319 319 322 327 331 334 334 331 328 328 333 341 349 352 351 348 346 345 345 344 344 345 344 338 331 326 324 323 325 328 331 332 331 328 325 322 321 320 321 323 322 320 319 327 346 0 360 351 346 344 340 334 331 332 338
348 345 341 340 337 333 328 321 313 308 307 313 323 328 329 334 344 353 353 346 337 337 346 0 11 16 14 9 2 356 352 349 348 348 348 347 344 342 340 337 331 323 318 317 318 323 326 325 323 323 325 332 343 352 356 355 353 352 352 352 350 346 343 341 337 332 327 325 327 329 331 331 331 329 327 324 322 319 319 320 321 319 318 318 323 339 354 354 347 343 341 337 333 333 341 350
341 341 343 343 342 339 334 326 318 313 311 312 317 320 323 329 341 354 355 345 335 336 348 4 13 13 9 4 358 353 349 347 346 346 347 348 349 349 348 346 342 335 327 321 319 321 324 323 320 320 323 331 342 352 356 357 357 358 0 359 355 348 343 340 338 333 329 327 329 333 334 332 330 329 327 327 325 324 323 322 321 319 318 315 325 335 347 347 342 341 339 336 336 344 359 4
334 337 344 347 347 345 340 333 327 323 321 319 318 318 318 324 337 353 355 345 336 338 352 7 12 7 1 358 355 351 346 344 342 342 344 347 350 351 352 352 350 346 340 333 328 327 327 324 321 321 323 330 339 348 353 357 1 6 8 2 354 348 343 340 338 335 332 332 333 336 336 333 331 330 330 330 330 330 330 330 329 326 325 327 331 338 344 342 339 339 340 340 346 358 3 0
326 332 343 349 350 349 344 338 335 333 332 329 325 322 320 322 334 348 351 344 340 344 358 7 6 1 356 353 350 346 343 340 338 338 341 345 347 349 351 352 353 352 349 343 337 332 328 323 320 321 325 333 341 347 350 355 4 11 8 360 351 345 341 339 337 335 335 337 340 340 337 334 331 331 333 333 333 334 336 337 336 334 332 333 336 342 343 338 336 339 344 347 353 357 357 355
317 325 339 348 351 350 346 342 341 342 341 338 335 332 328 328 334 342 345 344 344 351 2 6 1 357 353 348 344 341 339 336 334 335 338 341 340 342 345 349 351 353 352 349 344 338 330 322 319 321 327 337 347 354 357 358 2 4 1 354 348 342 339 338 335 334 336 342 346 345 340 334 331 331 333 334 334 335 337 337 334 331 331 332 337 343 341 335 335 341 348 351 353 353 353 352
315 319 329 341 347 347 345 344 345 347 347 345 344 342 339 337 338 339 340 342 347 357 6 3 357 352 347 343 339 337 334 331 329 330 333 333 331 332 336 340 344 348 350 350 349 344 334 324 319 320 328 339 350 360 3 359 355 355 353 349 343 339 337 337 335 333 336 342 347 348 342 335 331 332 334 335 334 332 331 325 318 316 318 322 330 337 339 336 336 341 346 350 351 351 350 350
321 321 324 331 338 341 342 343 346 348 349 348 349 350 347 344 343 342 340 341 349 2 6 359 353 347 341 338 334 330 326 321 318 319 322 321 320 320 322 326 330 335 340 345 348 344 336 327 323 325 332 342 355 2 359 353 351 350 347 344 340 337 336 336 336 335 337 342 347 348 343 336 333 335 337 336 332 329 326 321 316 315 316 319 324 330 335 338 338 340 343 347 349 348 347 346
324 325 327 328 328 330 332 334 337 339 341 344 348 351 351 350 350 349 345 344 353 4 2 356 350 343 337 332 328 322 318 315 314 317 317 313 311 312 314 315 317 320 324 331 338 339 335 331 330 333 341 352 359 355 349 348 350 349 343 339 337 336 336 337 337 338 340 343 347 348 343 338 337 340 342 339 334 332 331 327 324 323 323 325 326 329 335 340 339 338 341 343 344 343 343 343
322 325 330 331 326 319 313 312 314 316 320 326 336 342 346 351 356 357 354 353 357 0 358 356 352 345 337 332 328 324 322 321 322 324 324 321 319 319 320 320 321 321 323 326 331 334 334 335 336 341 349 357 356 348 345 347 351 348 340 336 335 337 339 340 339 340 343 346 349 349 345 342 344 348 347 343 339 337 334 329 326 326 327 328 328 331 336 341 340 337 338 340 340 339 340 340
320 322 328 333 329 316 305 303 306 309 312 316 324 330 336 346 357 2 3 2 360 359 359 358 355 350 343 338 335 333 330 327 325 327 330 331 330 329 329 329 329 330 331 331 332 333 336 340 344 348 353 355 351 345 344 347 351 346 338 334 334 337 340 343 343 343 344 348 350 351 350 350 354 354 349 345 344 343 338 332 329 329 330 331 332 335 339 343 341 336 336 338 339 339 342 343
325 326 330 337 336 326 319 318 319 321 324 327 330 333 336 344 356 4 7 5 1 1 1 359 356 351 345 341 339 339 337 334 329 328 332 334 335 336 335 334 334 334 334 333 333 334 338 345 349 352 354 352 346 342 343 348 350 343 336 334 334 336 340 344 346 346 345 346 349 352 354 358 359 354 349 348 350 350 346 340 335 333 333 335 337 339 342 343 341 336 334 336 339 343 347 346
330 333 340 345 339 331 328 328 330 332 335 337 339 342 345 349 355 3 7 5 4 5 4 359 355 350 346 342 340 341 341 340 336 333 333 335 338 339 339 338 336 335 335 334 334 335 340 347 351 352 353 349 343 341 343 348 347 339 334 333 333 335 338 342 346 347 346 345 346 349 354 357 357 353 350 351 353 353 351 347 343 339 338 339 341 343 343 342 340 337 336 337 341 345 347 345
333 338 348 347 337 330 330 332 335 338 341 343 346 349 353 356 359 4 6 5 6 7 4 359 354 350 346 342 340 341 341 341 340 339 339 339 340 341 341 339 338 337 336 336 337 339 342 345 347 349 349 346 342 341 344 347 343 336 332 332 333 334 335 338 341 344 345 345 343 344 348 351 352 351 350 352 353 353 352 352 351 348 345 344 345 345 344 341 340 340 340 339 341 343 343 342
343 346 349 341 332 329 330 334 338 341 344 347 351 355 359 2 4 7 6 5 6 6 1 358 354 351 347 344 342 341 340 340 341 342 342 342 342 342 340 340 339 339 339 340 343 344 342 341 343 345 345 344 343 344 346 345 339 334 332 332 332 331 331 329 330 333 338 340 339 335 336 339 342 344 347 350 351 351 351 354 354 354 353 350 347 347 346 345 345 346 346 342 340 339 338 339
358 354 345 337 331 329 331 335 339 343 346 349 353 358 2 7 10 9 6 4 3 1 357 356 354 351 348 345 344 342 340 339 340 341 343 344 343 340 339 340 341 341 343 346 346 344 341 339 339 340 342 343 345 348 349 345 339 335 333 332 330 327 322 315 309 309 311 317 321 320 320 322 326 330 336 342 344 344 346 350 354 356 357 355 350 348 348 349 350 352 350 344 340 339 339 340
355 350 342 337 333 331 332 335 340 343 346 349 353 359 5 11 13 9 4 1 358 355 353 353 352 351 348 346 344 342 340 339 340 341 343 344 341 338 338 340 343 345 348 348 345 341 338 336 335 337 339 342 347 350 350 347 342 338 337 335 330 323 314 304 295 291 290 293 300 305 306 306 307 311 316 325 330 332 336 343 349 354 357 357 354 350 349 349 351 354 352 345 341 341 343 342
342 342 341 337 334 333 334 336 340 343 346 349 354 360 6 12 12 7 1 357 353 350 348 348 348 347 346 344 343 341 340 340 341 342 344 342 338 337 339 343 346 347 347 344 342 338 335 332 332 333 336 341 346 350 351 349 346 344 344 342 339 332 320 309 302 299 298 300 303 305 303 299 296 296 300 307 315 321 327 335 341 347 354 357 357 353 349 347 349 352 351 346 342 342 343 340
327 332 337 337 334 333 334 337 340 342 345 349 354 0 6 10 8 3 360 356 351 347 343 341 341 341 341 341 341 340 340 341 343 343 342 339 336 336 340 345 346 346 343 341 339 337 333 331 330 331 335 339 344 349 351 351 351 351 353 353 352 344 333 325 321 317 315 314 313 310 305 300 294 290 292 298 303 308 315 323 329 337 348 355 357 355 351 349 349 352 352 348 342 340 339 337
316 321 331 335 335 335 335 336 339 341 344 348 353 359 4 6 4 1 360 356 351 347 342 339 337 335 336 337 339 341 343 345 346 343 339 336 336 338 340 343 344 343 340 338 337 336 333 331 330 331 334 338 342 347 351 352 354 358 0 1 357 347 338 334 331 328 326 324 320 316 312 307 300 295 294 296 297 297 301 310 317 326 338 348 354 355 353 350 351 352 353 350 343 339 338 337
309 314 325 332 337 338 338 338 340 342 344 348 353 357 1 359 1 360 359 355 351 347 343 340 337 334 333 336 340 344 349 351 348 343 339 337 339 341 341 340 340 339 337 335 335 335 334 334 333 333 334 335 339 344 348 351 357 2 4 1 354 346 342 339 338 336 334 333 330 327 324 319 311 304 301 300 298 296 298 304 310 317 327 338 347 353 354 352 351 351 352 350 344 339 338 337
306 310 320 329 336 340 342 343 344 345 347 351 354 357 360 1 359 357 356 352 347 344 342 340 338 336 334 336 342 350 354 352 347 344 343 342 341 342 341 339 338 335 333 332 332 333 336 338 339 339 336 334 335 339 344 350 358 2 1 356 350 345 344 345 345 344 343 342 339 338 336 331 322 315 312 309 304 302 304 307 310 313 319 328 338 348 353 354 351 350 351 349 343 339 339 338
305 308 315 323 332 339 342 345 346 348 350 353 355 358 1 1 359 354 351 347 343 341 340 339 339 338 337 340 347 352 352 349 346 344 345 345 344 343 342 340 337 333 330 328 329 332 336 341 345 346 342 336 334 336 341 350 356 357 355 350 344 343 345 349 351 352 351 348 347 347 347 342 334 328 325 321 316 313 314 315 316 315 314 318 327 339 349 354 353 351 350 348 343 340 339 338
308 309 314 320 327 335 341 345 348 350 352 353 355 358 2 3 359 353 346 341 339 339 339 338 338 337 338 342 347 348 345 345 345 345 346 346 345 344 342 340 337 332 328 326 327 330 335 342 347 349 347 341 337 336 341 348 352 352 349 343 338 339 343 349 354 356 355 354 353 354 353 350 345 339 335 330 326 325 325 325 324 320 315 313 317 327 339 349 354 353 351 349 345 341 340 341
311 313 318 321 326 331 338 344 349 352 354 354 354 357 1 358 359 351 343 339 338 339 339 336 332 328 327 333 339 340 340 341 344 345 346 346 345 344 342 340 336 331 327 325 326 329 333 339 345 348 348 345 341 341 343 347 348 348 344 337 332 333 339 347 352 355 355 357 357 357 356 355 354 350 344 338 335 334 334 332 329 325 319 312 310 314 324 338 349 353 353 351 347 345 343 344
309 312 319 323 325 329 335 343 350 355 357 357 357 358 2 3 357 349 344 343 346 349 345 334 322 313 313 318 325 329 331 334 339 342 344 344 343 343 341 337 333 329 327 327 329 331 333 336 340 344 346 345 344 344 347 348 346 344 339 330 326 328 334 341 346 348 351 355 357 357 357 358 358 356 352 347 343 342 341 338 333 329 324 317 310 307 311 321 335 347 352 352 351 349 346 346
305 307 313 318 323 326 331 340 349 355 359 1 1 2 4 3 356 351 351 356 4 8 1 343 329 321 317 317 318 318 318 321 326 332 337 339 339 340 338 334 330 326 326 328 332 334 334 334 335 338 342 343 343 347 350 350 347 342 333 324 320 322 328 334 338 340 344 350 353 354 356 358 359 358 356 355 354 351 347 343 340 336 329 320 315 311 309 311 318 330 342 349 352 351 347 345
306 305 306 311 316 321 325 333 343 353 360 3 4 5 6 5 359 356 2 9 13 12 3 351 341 334 328 324 321 319 317 316 318 321 326 330 334 335 335 331 327 323 322 324 326 327 327 327 327 331 336 338 341 348 354 354 349 341 330 321 316 317 322 327 330 333 338 344 346 348 351 354 355 355 358 2 3 0 353 348 347 345 335 325 321 320 318 315 314 316 324 337 347 349 345 342
314 312 310 312 314 317 321 326 335 347 357 4 7 7 8 7 4 3 8 11 11 7 0 354 348 342 337 333 329 328 326 324 323 322 322 324 328 331 331 329 325 322 320 319 317 314 315 318 321 325 330 333 339 348 356 355 350 341 329 321 317 317 321 323 325 327 332 338 340 342 346 349 348 349 357 5 6 4 359 356 355 351 340 332 329 330 330 329 324 321 321 327 338 344 343 340
321 320 320 322 324 325 326 327 331 340 351 1 7 10 11 11 9 6 7 8 6 2 357 354 351 348 344 340 336 333 332 331 330 329 325 323 325 328 329 329 327 324 323 323 320 318 318 321 323 326 328 331 336 347 356 355 350 342 331 324 321 322 323 323 322 323 326 331 333 336 342 346 343 343 352 360 4 4 4 3 1 354 345 339 338 339 340 339 335 332 330 331 336 342 344 341
320 322 325 329 332 334 334 334 335 337 344 354 4 12 15 15 11 5 3 2 359 356 354 353 353 351 349 346 342 339 337 335 334 333 332 329 327 328 330 331 332 333 333 332 328 327 327 329 331 332 332 331 335 346 355 355 350 342 332 325 324 325 327 326 324 324 323 324 325 328 337 343 339 338 345 351 356 1 3 4 2 357 350 346 346 348 348 343 337 334 333 334 338 343 346 344
316 319 326 331 335 338 339 341 342 341 340 346 358 10 17 18 11 2 357 355 353 351 350 351 351 351 351 350 348 345 343 340 336 334 333 332 331 330 330 333 337 342 343 340 335 333 333 334 336 338 336 333 334 344 355 355 349 342 332 325 324 328 332 333 332 329 326 323 321 323 331 338 335 333 339 345 349 354 357 359 360 358 355 354 355 356 352 345 338 336 335 335 338 344 349 349
311 314 324 331 335 338 341 344 347 345 341 343 352 5 16 18 9 359 352 348 347 346 346 346 347 348 349 351 351 350 348 345 339 335 332 331 332 332 331 333 337 343 347 344 340 337 337 337 338 339 338 334 334 343 354 355 348 341 331 324 322 326 333 336 337 335 329 322 317 317 324 332 329 327 332 339 343 345 348 351 355 358 360 2 4 360 351 344 342 342 342 341 342 346 352 354
307 310 320 329 333 336 339 345 349 348 345 346 351 2 13 14 6 357 349 344 342 341 340 340 341 343 345 348 351 352 351 348 343 337 333 332 333 334 333 332 335 341 346 346 343 342 341 341 340 339 337 335 335 342 353 353 347 340 331 323 319 320 325 330 332 332 327 319 313 311 317 325 323 320 325 334 338 337 338 342 349 356 3 7 7 358 348 344 345 347 348 349 350 353 358 359
307 309 319 328 332 336 340 346 349 347 347 349 356 5 3 9 3 357 350 345 341 338 336 335 336 337 340 343 348 352 352 349 344 339 335 333 335 337 336 335 336 340 344 345 345 345 345 346 346 344 341 339 338 343 351 351 344 339 333 325 318 316 316 317 318 320 320 318 313 309 310 316 317 315 320 329 334 331 330 335 344 352 360 5 2 354 347 345 346 349 351 354 357 1 4 4
310 313 322 331 335 339 343 346 348 347 348 352 1 10 10 5 1 357 354 349 344 339 336 333 332 332 334 338 343 348 350 348 343 339 336 334 335 337 338 338 340 342 343 344 344 344 345 347 349 349 348 346 345 346 350 349 342 338 335 329 322 319 319 319 318 319 319 319 316 312 309 309 310 309 314 323 329 325 323 330 342 348 352 355 354 350 347 347 348 350 353 357 2 6 10 10
314 317 326 334 337 341 344 346 346 347 349 356 6 12 9 4 0 357 355 352 346 341 338 335 334 333 334 336 340 343 345 343 340 338 337 335 334 334 337 340 343 345 345 345 342 340 341 343 346 349 351 352 352 351 351 349 343 340 339 334 330 329 329 329 329 328 324 321 319 318 314 308 303 300 302 311 319 317 317 326 340 345 344 345 346 346 346 349 351 353 356 360 4 10 16 16
