project/data/elevation/US_DEM2016/US_DEM2016_point_10-29-2019_1010_30m_vel.asc
ncols	125
nrows	167
xllcorner	-2042055.000000
yllcorner	1465035.000000
cellsize	30.000000
NODATA_value	-9999.000000
[rows 38 to 75 of 167, columns 0 to 83 of 125]
3.53 3.23 2.56 2.17 1.95 1.83 1.73 1.57 1.45 1.44 1.52 1.54 1.49 1.37 1.16 0.97 0.94 1.01 1.09 1.24 1.38 1.45 1.49 1.56 1.69 1.91 2.13 2.35 2.53 2.52 2.31 2.04 1.81 1.72 1.81 2.10 2.47 2.79 3.11 3.20 2.93 2.64 2.29 2.57 2.54 2.47 2.31 2.08 1.91 1.75 1.67 1.70 1.83 1.75 1.31 1.16 1.38 1.88 2.67 3.25 3.17 2.63 2.15 1.87 1.70 1.64 1.64 1.71 1.83 1.98 1.88 1.65 1.85 2.22 2.05 1.73 1.77 2.10 2.29 2.14 1.96 2.07 2.22 2.13
3.61 3.25 2.52 2.08 1.89 1.81 1.70 1.53 1.43 1.45 1.52 1.53 1.45 1.30 1.12 0.99 1.03 1.15 1.21 1.26 1.28 1.30 1.33 1.42 1.61 1.89 2.10 2.28 2.44 2.44 2.30 2.05 1.81 1.77 2.02 2.48 2.85 3.09 3.24 3.16 2.83 2.53 2.52 2.53 2.43 2.26 2.10 1.96 1.87 1.74 1.68 1.68 1.73 1.66 1.33 1.22 1.51 2.05 2.70 3.17 3.09 2.58 2.10 1.86 1.71 1.61 1.61 1.69 1.80 1.92 1.86 1.70 1.87 2.23 2.12 1.73 1.68 2.03 2.35 2.23 1.87 1.88 2.16 2.15
3.62 3.25 2.52 2.07 1.92 1.85 1.73 1.58 1.52 1.57 1.62 1.59 1.44 1.21 1.03 1.00 1.13 1.26 1.26 1.17 1.16 1.22 1.33 1.48 1.70 1.94 2.11 2.23 2.33 2.35 2.30 2.13 1.97 2.09 2.51 2.95 3.16 3.18 3.14 2.89 2.56 2.27 2.28 2.47 2.43 2.25 2.02 1.92 1.88 1.86 1.80 1.71 1.66 1.56 1.33 1.30 1.61 2.08 2.59 3.00 2.99 2.58 2.10 1.91 1.79 1.68 1.68 1.74 1.81 1.87 1.84 1.77 1.93 2.23 2.16 1.76 1.64 1.96 2.36 2.24 1.75 1.65 1.96 2.16
3.53 3.21 2.55 2.13 1.99 1.91 1.78 1.66 1.64 1.71 1.73 1.62 1.35 1.05 0.94 1.04 1.22 1.33 1.28 1.14 1.13 1.27 1.47 1.65 1.81 2.01 2.13 2.18 2.24 2.24 2.27 2.29 2.36 2.61 2.95 3.14 3.14 3.03 2.87 2.61 2.25 2.01 2.01 2.28 2.50 2.34 2.05 1.89 1.86 1.86 1.81 1.68 1.57 1.45 1.30 1.32 1.62 1.92 2.30 2.79 2.93 2.67 2.21 1.99 1.91 1.83 1.81 1.82 1.81 1.84 1.86 1.85 1.98 2.22 2.18 1.81 1.64 1.98 2.37 2.21 1.68 1.53 1.77 2.12
3.41 3.14 2.57 2.20 2.05 1.96 1.84 1.75 1.78 1.82 1.76 1.55 1.15 0.88 0.92 1.11 1.27 1.37 1.33 1.22 1.24 1.46 1.72 1.87 1.96 2.07 2.15 2.17 2.19 2.16 2.29 2.42 2.77 2.95 2.97 2.92 2.83 2.70 2.55 2.35 2.08 1.81 1.72 2.04 2.46 2.47 2.20 1.92 1.85 1.79 1.68 1.52 1.41 1.30 1.23 1.33 1.58 1.75 1.96 2.54 2.89 2.79 2.42 2.17 2.04 1.93 1.89 1.86 1.85 1.86 1.87 1.87 1.99 2.18 2.17 1.84 1.73 2.05 2.36 2.16 1.64 1.53 1.82 2.22
3.34 3.09 2.58 2.23 2.09 2.02 1.94 1.90 1.91 1.86 1.71 1.41 0.95 0.78 0.94 1.16 1.33 1.43 1.44 1.41 1.49 1.72 1.96 2.05 2.07 2.12 2.17 2.19 2.21 2.16 2.45 2.86 3.17 2.90 2.67 2.60 2.54 2.44 2.30 2.19 2.03 1.74 1.52 1.76 2.35 2.60 2.36 1.96 1.81 1.69 1.56 1.43 1.31 1.20 1.20 1.38 1.58 1.68 1.84 2.34 2.84 2.89 2.61 2.35 2.08 1.92 1.95 1.97 1.93 1.84 1.78 1.81 1.97 2.13 2.12 1.93 1.88 2.14 2.33 2.11 1.70 1.68 2.01 2.31
3.30 3.08 2.62 2.30 2.18 2.13 2.07 2.02 1.95 1.80 1.59 1.21 0.79 0.70 0.95 1.22 1.42 1.54 1.61 1.65 1.73 1.88 2.02 2.04 2.05 2.10 2.14 2.19 2.24 2.29 2.79 3.14 3.23 2.67 2.42 2.43 2.38 2.24 2.06 1.98 1.91 1.69 1.41 1.53 2.18 2.64 2.47 2.02 1.77 1.68 1.59 1.49 1.34 1.20 1.24 1.45 1.62 1.69 1.81 2.20 2.77 2.95 2.69 2.34 2.04 1.99 2.05 2.00 1.83 1.66 1.65 1.79 1.96 2.06 2.08 2.05 2.08 2.22 2.31 2.13 1.82 1.84 2.08 2.27
3.26 3.06 2.66 2.41 2.27 2.20 2.12 2.02 1.87 1.66 1.39 0.99 0.65 0.69 1.06 1.39 1.57 1.69 1.79 1.82 1.83 1.87 1.91 1.91 1.96 2.05 2.10 2.18 2.34 2.59 3.12 3.16 3.09 2.54 2.31 2.35 2.30 2.12 1.89 1.78 1.72 1.57 1.33 1.38 2.03 2.64 2.62 2.18 1.88 1.73 1.62 1.51 1.40 1.31 1.37 1.53 1.62 1.64 1.71 2.03 2.64 2.95 2.72 2.34 2.19 2.14 2.03 1.82 1.61 1.56 1.67 1.86 2.01 2.06 2.11 2.20 2.30 2.33 2.29 2.16 1.96 1.90 2.04 2.23
3.27 3.07 2.69 2.44 2.27 2.16 2.06 1.93 1.74 1.49 1.19 0.78 0.62 0.85 1.29 1.57 1.71 1.82 1.90 1.87 1.82 1.80 1.81 1.83 1.92 2.02 2.09 2.25 2.57 2.91 3.20 3.27 2.97 2.52 2.21 2.17 2.17 2.06 1.82 1.61 1.45 1.34 1.26 1.40 1.99 2.64 2.73 2.35 1.99 1.72 1.55 1.50 1.56 1.56 1.57 1.57 1.56 1.55 1.60 1.88 2.48 2.91 2.79 2.45 2.29 2.13 1.84 1.64 1.59 1.67 1.84 2.00 2.10 2.14 2.21 2.33 2.42 2.40 2.35 2.26 2.10 1.96 2.02 2.26
3.35 3.14 2.72 2.41 2.23 2.11 2.00 1.84 1.63 1.38 0.99 0.65 0.68 1.05 1.43 1.65 1.76 1.86 1.89 1.84 1.79 1.76 1.77 1.82 1.91 2.02 2.12 2.39 2.82 3.07 3.07 3.02 2.96 2.60 2.14 1.98 1.99 2.00 1.84 1.54 1.24 1.17 1.29 1.54 2.01 2.60 2.77 2.40 1.89 1.58 1.51 1.65 1.88 1.94 1.78 1.59 1.52 1.51 1.56 1.75 2.30 2.85 2.87 2.55 2.30 2.04 1.80 1.68 1.72 1.86 2.03 2.16 2.22 2.27 2.34 2.46 2.52 2.48 2.44 2.40 2.21 2.03 2.04 2.25
3.41 3.20 2.68 2.34 2.21 2.09 1.95 1.77 1.56 1.27 0.81 0.59 0.76 1.17 1.48 1.64 1.76 1.83 1.86 1.81 1.77 1.74 1.75 1.80 1.89 2.00 2.13 2.52 3.02 3.09 2.85 2.81 2.92 2.64 2.08 1.77 1.79 1.88 1.81 1.49 1.13 1.11 1.34 1.58 1.92 2.51 2.77 2.42 1.84 1.58 1.67 2.05 2.33 2.22 1.91 1.61 1.49 1.49 1.52 1.65 2.15 2.80 2.94 2.64 2.38 2.21 2.09 2.02 2.05 2.20 2.33 2.40 2.43 2.46 2.54 2.64 2.67 2.60 2.52 2.41 2.22 2.05 2.07 2.18
3.41 3.18 2.59 2.26 2.18 2.08 1.91 1.72 1.50 1.13 0.67 0.58 0.91 1.33 1.56 1.69 1.76 1.81 1.83 1.80 1.76 1.73 1.73 1.79 1.86 1.95 2.11 2.64 3.20 3.08 2.69 2.69 2.83 2.62 2.10 1.70 1.63 1.68 1.63 1.35 1.10 1.13 1.35 1.53 1.80 2.39 2.80 2.56 1.98 1.79 2.11 2.56 2.62 2.28 1.85 1.54 1.41 1.44 1.50 1.63 2.05 2.73 2.97 2.82 2.62 2.48 2.36 2.30 2.35 2.47 2.55 2.58 2.58 2.60 2.63 2.66 2.64 2.57 2.44 2.29 2.15 2.06 2.07 2.11
3.44 3.17 2.54 2.20 2.14 2.05 1.88 1.69 1.44 1.00 0.66 0.73 1.18 1.59 1.73 1.76 1.77 1.78 1.78 1.77 1.75 1.73 1.73 1.78 1.82 1.88 2.15 2.87 3.35 3.05 2.53 2.58 2.72 2.56 2.19 1.76 1.51 1.41 1.35 1.22 1.12 1.20 1.41 1.57 1.81 2.33 2.84 2.78 2.30 2.25 2.64 2.82 2.59 2.06 1.65 1.41 1.32 1.40 1.48 1.59 1.94 2.60 3.00 2.95 2.74 2.56 2.48 2.34 2.34 2.40 2.45 2.48 2.48 2.48 2.48 2.45 2.39 2.31 2.18 2.07 2.02 2.04 2.04 2.04
3.50 3.20 2.56 2.19 2.06 1.96 1.85 1.69 1.39 0.92 0.75 0.99 1.51 1.79 1.80 1.75 1.71 1.69 1.70 1.72 1.74 1.73 1.73 1.75 1.78 1.83 2.28 3.12 3.44 2.94 2.44 2.45 2.54 2.51 2.26 1.82 1.34 1.11 1.12 1.15 1.18 1.35 1.56 1.71 1.95 2.44 3.00 3.06 2.79 2.73 2.83 2.69 2.26 1.75 1.43 1.26 1.20 1.26 1.32 1.41 1.75 2.40 3.08 3.09 2.80 2.50 2.33 2.23 2.20 2.22 2.26 2.29 2.29 2.27 2.25 2.22 2.17 2.06 1.90 1.84 1.84 1.88 1.94 1.94
3.53 3.21 2.59 2.21 1.99 1.86 1.82 1.70 1.35 0.93 0.88 1.24 1.68 1.79 1.68 1.61 1.57 1.56 1.60 1.65 1.69 1.70 1.69 1.72 1.76 1.87 2.46 3.29 3.46 2.87 2.41 2.35 2.35 2.36 2.27 1.80 1.17 0.92 1.02 1.19 1.33 1.58 1.79 1.96 2.32 2.91 3.35 3.27 2.92 2.72 2.60 2.28 1.90 1.51 1.25 1.10 1.02 1.03 1.10 1.26 1.68 2.30 3.04 3.27 2.94 2.48 2.30 2.17 2.15 2.18 2.21 2.22 2.18 2.12 2.07 2.05 2.05 1.94 1.77 1.69 1.72 1.74 1.75 1.75
3.51 3.21 2.63 2.24 1.98 1.81 1.78 1.69 1.35 0.98 0.99 1.35 1.68 1.65 1.49 1.44 1.44 1.44 1.47 1.54 1.61 1.64 1.65 1.73 1.83 2.01 2.61 3.36 3.45 2.93 2.48 2.32 2.25 2.24 2.16 1.70 1.08 0.90 1.08 1.30 1.53 1.79 2.01 2.27 2.82 3.36 3.48 3.15 2.69 2.48 2.29 1.97 1.64 1.33 1.09 0.94 0.86 0.86 1.02 1.36 1.83 2.34 2.99 3.32 3.05 2.59 2.50 2.26 2.24 2.23 2.19 2.13 2.06 2.00 1.94 1.94 2.01 1.94 1.73 1.62 1.65 1.69 1.65 1.61
3.47 3.20 2.66 2.27 2.02 1.79 1.70 1.64 1.34 1.01 1.01 1.32 1.54 1.44 1.28 1.28 1.32 1.32 1.33 1.41 1.52 1.58 1.64 1.78 1.96 2.20 2.75 3.38 3.48 3.08 2.59 2.31 2.17 2.10 1.97 1.53 1.03 0.98 1.18 1.37 1.61 1.89 2.17 2.62 3.24 3.49 3.29 2.77 2.34 2.21 2.12 1.88 1.52 1.19 0.95 0.81 0.76 0.86 1.18 1.59 1.97 2.30 2.82 3.23 3.39 2.81 2.56 2.38 2.27 2.16 2.08 2.01 2.00 1.97 1.90 1.90 1.98 1.93 1.71 1.54 1.55 1.65 1.71 1.72
3.43 3.17 2.68 2.30 2.03 1.77 1.60 1.54 1.31 1.01 1.00 1.22 1.33 1.22 1.13 1.14 1.18 1.21 1.26 1.36 1.49 1.59 1.71 1.89 2.14 2.44 2.91 3.38 3.50 3.14 2.59 2.22 2.05 1.92 1.74 1.33 1.00 1.07 1.24 1.38 1.61 1.96 2.39 3.04 3.51 3.45 3.06 2.44 2.11 2.05 2.07 1.87 1.47 1.09 0.81 0.70 0.72 0.96 1.35 1.66 1.84 2.01 2.46 3.04 3.26 3.07 2.70 2.41 2.16 2.01 1.92 1.94 1.99 1.96 1.86 1.82 1.89 1.85 1.65 1.52 1.54 1.70 1.91 1.96
3.40 3.16 2.67 2.29 2.00 1.73 1.55 1.48 1.30 1.06 1.00 1.09 1.15 1.09 1.05 1.06 1.10 1.20 1.32 1.42 1.54 1.68 1.83 2.05 2.36 2.72 3.09 3.45 3.49 3.13 2.52 2.17 2.00 1.81 1.51 1.18 1.06 1.16 1.30 1.45 1.71 2.14 2.77 3.47 3.60 3.25 2.66 2.20 1.88 1.84 1.95 1.83 1.44 0.98 0.69 0.62 0.72 1.00 1.31 1.43 1.47 1.62 2.07 2.90 3.44 3.26 3.35 2.31 2.05 1.97 1.98 2.02 2.02 1.91 1.75 1.71 1.75 1.69 1.58 1.55 1.65 1.95 2.26 2.21
3.40 3.15 2.59 2.20 1.92 1.69 1.57 1.49 1.31 1.09 0.98 0.99 1.05 1.03 1.03 1.08 1.17 1.32 1.46 1.55 1.69 1.85 2.02 2.29 2.67 2.99 3.23 3.46 3.46 3.09 2.56 2.22 2.03 1.77 1.41 1.18 1.18 1.28 1.41 1.61 1.93 2.45 3.20 3.68 3.57 2.93 2.41 1.96 1.70 1.70 1.85 1.77 1.38 0.89 0.64 0.61 0.73 0.92 1.08 1.12 1.21 1.43 1.95 2.97 3.64 3.49 2.65 2.26 2.09 2.10 2.17 2.15 1.98 1.77 1.62 1.63 1.67 1.61 1.58 1.70 2.02 2.41 2.52 2.23
3.45 3.14 2.48 2.08 1.84 1.67 1.60 1.49 1.27 1.04 0.92 0.94 1.02 1.06 1.12 1.26 1.43 1.60 1.71 1.79 1.93 2.09 2.28 2.60 2.96 3.10 3.24 3.46 3.40 2.98 2.50 2.16 1.92 1.63 1.31 1.17 1.25 1.39 1.55 1.78 2.14 2.73 3.45 3.64 3.25 2.64 2.16 1.81 1.60 1.62 1.77 1.68 1.28 0.85 0.64 0.63 0.70 0.81 0.93 1.03 1.17 1.47 2.07 3.16 3.72 3.53 2.63 2.35 2.30 2.31 2.26 2.07 1.80 1.62 1.57 1.60 1.62 1.62 1.73 2.08 2.50 2.67 2.48 2.00
3.53 3.14 2.40 1.98 1.79 1.66 1.60 1.43 1.15 0.92 0.85 0.94 1.07 1.19 1.33 1.51 1.70 1.85 1.92 1.98 2.09 2.27 2.51 2.78 2.95 2.97 3.18 3.45 3.27 2.75 2.28 1.97 1.71 1.44 1.20 1.14 1.25 1.46 1.63 1.88 2.25 2.85 3.42 3.55 2.98 2.39 1.99 1.74 1.58 1.60 1.64 1.52 1.20 0.84 0.68 0.66 0.69 0.80 0.98 1.11 1.31 1.71 2.37 3.35 3.68 3.26 2.67 2.54 2.53 2.44 2.17 1.85 1.62 1.58 1.62 1.66 1.73 1.87 2.18 2.57 2.73 2.60 2.21 1.77
3.54 3.14 2.36 1.91 1.74 1.64 1.55 1.35 1.04 0.83 0.81 0.96 1.15 1.32 1.45 1.57 1.73 1.83 1.85 1.89 2.03 2.28 2.55 2.68 2.69 2.76 3.17 3.43 3.14 2.56 2.15 1.87 1.64 1.38 1.20 1.16 1.32 1.55 1.70 1.90 2.23 2.77 3.29 3.31 2.88 2.28 1.89 1.74 1.67 1.63 1.57 1.44 1.19 0.90 0.75 0.73 0.77 0.92 1.14 1.30 1.58 2.12 2.81 3.46 3.54 3.13 2.80 2.73 2.62 2.37 2.01 1.72 1.61 1.69 1.80 1.95 2.15 2.38 2.62 2.72 2.60 2.32 1.97 1.65
3.54 3.13 2.32 1.88 1.68 1.57 1.49 1.28 0.95 0.76 0.79 0.97 1.16 1.30 1.39 1.46 1.55 1.61 1.60 1.65 1.91 2.26 2.46 2.42 2.29 2.56 3.24 3.51 3.12 2.49 2.11 1.88 1.69 1.50 1.30 1.24 1.38 1.59 1.70 1.82 2.04 2.54 3.17 3.32 2.93 2.29 1.92 1.87 1.82 1.72 1.61 1.48 1.25 0.98 0.85 0.84 0.92 1.09 1.31 1.61 2.10 2.71 3.16 3.34 3.25 3.04 2.92 2.82 2.56 2.24 1.99 1.83 1.84 1.98 2.15 2.33 2.48 2.57 2.60 2.48 2.29 2.08 1.83 1.57
3.54 3.12 2.32 1.86 1.64 1.50 1.40 1.19 0.89 0.71 0.77 0.94 1.11 1.22 1.26 1.26 1.29 1.36 1.50 1.69 1.99 2.30 2.36 2.17 2.06 2.51 3.40 3.64 3.16 2.42 2.06 1.88 1.70 1.53 1.34 1.25 1.34 1.51 1.57 1.61 1.76 2.30 3.08 3.40 3.01 2.39 2.07 2.01 1.97 1.84 1.69 1.52 1.27 1.02 0.91 0.93 1.02 1.20 1.55 2.11 2.67 3.01 3.10 2.94 2.76 2.90 3.10 2.89 2.68 2.12 2.02 2.05 2.11 2.31 2.70 2.40 2.40 2.34 2.25 2.14 2.03 1.88 1.69 1.48
3.46 3.09 2.33 1.84 1.60 1.44 1.29 1.06 0.80 0.68 0.75 0.91 1.09 1.20 1.20 1.13 1.07 1.22 1.56 1.91 2.20 2.38 2.27 2.04 2.01 2.66 3.62 3.75 3.16 2.35 1.99 1.85 1.68 1.48 1.24 1.13 1.16 1.29 1.36 1.41 1.59 2.22 3.19 3.50 3.03 2.39 2.16 2.07 1.99 1.86 1.65 1.43 1.18 0.99 0.94 1.01 1.14 1.40 1.94 2.54 2.83 2.85 2.72 2.44 2.40 2.79 3.20 3.02 2.46 2.06 2.04 2.10 2.12 2.15 2.23 2.26 2.18 2.03 1.96 1.93 1.85 1.70 1.55 1.39
3.35 3.04 2.35 1.84 1.56 1.36 1.16 0.89 0.69 0.65 0.76 0.96 1.17 1.25 1.21 1.10 1.03 1.18 1.62 2.02 2.33 2.47 2.32 2.09 2.15 2.96 3.83 3.83 3.13 2.31 1.91 1.80 1.66 1.39 1.10 0.96 0.98 1.12 1.24 1.38 1.70 2.51 3.45 3.60 3.00 2.36 2.12 2.04 1.93 1.74 1.52 1.32 1.12 0.99 0.99 1.12 1.33 1.74 2.32 2.67 2.62 2.44 2.26 2.08 2.28 2.85 3.28 3.10 2.49 2.12 2.10 2.11 2.08 2.10 2.17 2.17 2.02 1.83 1.78 1.80 1.73 1.57 1.43 1.29
3.28 2.98 2.31 1.80 1.49 1.24 0.97 0.70 0.59 0.65 0.82 1.07 1.28 1.31 1.24 1.17 1.13 1.27 1.59 2.00 2.31 2.52 2.51 2.34 2.48 3.28 3.98 3.82 3.09 2.30 1.89 1.73 1.57 1.34 1.08 0.93 0.98 1.18 1.39 1.63 2.10 2.92 3.63 3.59 2.95 2.37 2.14 2.03 1.85 1.62 1.45 1.30 1.13 1.03 1.06 1.23 1.53 2.00 2.47 2.54 2.29 2.14 2.00 1.95 2.28 2.93 3.36 3.12 2.50 2.22 2.18 2.14 2.09 2.10 2.13 2.11 1.94 1.71 1.64 1.70 1.67 1.47 1.34 1.25
3.24 2.93 2.26 1.72 1.37 1.06 0.77 0.58 0.54 0.69 0.95 1.19 1.32 1.32 1.30 1.31 1.33 1.41 1.59 1.94 2.27 2.58 2.76 2.75 2.93 3.59 4.03 3.71 2.98 2.30 1.92 1.73 1.58 1.40 1.18 1.07 1.17 1.43 1.67 1.95 2.41 3.10 3.60 3.48 2.91 2.39 2.18 2.02 1.77 1.55 1.42 1.27 1.12 1.07 1.14 1.36 1.75 2.18 2.41 2.26 1.99 1.93 1.86 1.90 2.27 2.98 3.36 3.07 2.49 2.29 2.22 2.14 2.09 2.05 2.02 2.02 1.90 1.65 1.52 1.57 1.58 1.43 1.30 1.29
3.21 2.89 2.19 1.62 1.24 0.90 0.65 0.54 0.61 0.84 1.10 1.24 1.30 1.33 1.39 1.49 1.55 1.58 1.71 1.96 2.29 2.70 2.97 3.11 3.38 3.82 3.89 3.47 2.78 2.24 1.94 1.79 1.67 1.52 1.30 1.22 1.32 1.54 1.76 2.00 2.41 3.03 3.47 3.37 2.89 2.42 2.19 1.97 1.67 1.51 1.40 1.23 1.11 1.10 1.24 1.54 1.94 2.20 2.16 1.93 1.80 1.77 1.74 1.89 2.37 3.08 3.31 2.97 2.46 2.30 2.22 2.12 2.10 2.04 1.93 1.88 1.81 1.63 1.46 1.47 1.52 1.40 1.29 1.35
3.17 2.83 2.09 1.52 1.11 0.77 0.60 0.60 0.73 0.94 1.13 1.19 1.25 1.33 1.46 1.63 1.76 1.83 1.90 2.06 2.35 2.80 3.14 3.43 3.66 3.75 3.59 3.12 2.55 2.15 1.92 1.79 1.70 1.52 1.32 1.26 1.32 1.46 1.64 1.93 2.36 2.93 3.33 3.32 2.92 2.47 2.17 1.86 1.59 1.46 1.39 1.27 1.16 1.17 1.34 1.66 1.97 2.00 1.79 1.72 1.71 1.62 1.66 1.95 2.49 3.07 3.27 2.94 2.45 2.28 2.21 2.08 2.04 2.02 1.87 1.72 1.68 1.59 1.46 1.47 1.51 1.38 1.29 1.44
3.13 2.76 1.98 1.43 1.02 0.68 0.57 0.63 0.76 0.92 1.01 1.06 1.15 1.30 1.51 1.71 1.90 2.08 2.12 2.17 2.42 2.85 3.28 3.52 3.77 3.52 3.17 2.80 2.36 2.06 1.87 1.75 1.63 1.44 1.28 1.24 1.27 1.40 1.65 1.98 2.36 2.79 3.17 3.28 2.99 2.50 2.10 1.74 1.51 1.42 1.43 1.41 1.31 1.26 1.39 1.64 1.79 1.69 1.55 1.65 1.64 1.50 1.61 1.95 2.40 2.94 3.23 3.02 2.52 2.25 2.19 2.07 1.98 1.95 1.81 1.64 1.56 1.52 1.51 1.55 1.57 1.42 1.34 1.59
3.07 2.66 1.88 1.35 0.94 0.61 0.53 0.60 0.75 0.90 0.97 1.00 1.09 1.29 1.56 1.78 2.00 2.25 2.36 2.31 2.49 2.89 3.47 3.93 3.77 3.25 2.86 2.53 2.22 1.98 1.83 1.72 1.59 1.40 1.27 1.23 1.28 1.45 1.73 2.05 2.32 2.62 3.02 3.26 3.04 2.46 1.95 1.61 1.49 1.50 1.59 1.61 1.48 1.33 1.34 1.48 1.52 1.46 1.48 1.60 1.55 1.42 1.55 1.85 2.24 2.77 3.21 3.11 2.65 2.35 2.23 2.08 1.91 1.79 1.68 1.55 1.45 1.47 1.56 1.64 1.65 1.54 1.49 1.84
2.98 2.57 1.80 1.26 0.83 0.55 0.47 0.55 0.76 0.95 1.05 1.10 1.21 1.41 1.65 1.86 2.04 2.19 2.58 2.55 2.63 3.04 3.71 3.88 3.60 2.99 2.61 2.36 2.13 1.96 1.85 1.77 1.63 1.45 1.31 1.26 1.31 1.47 1.74 2.03 2.20 2.41 2.87 3.24 3.07 2.43 1.89 1.68 1.68 1.74 1.81 1.77 1.56 1.31 1.23 1.28 1.36 1.41 1.51 1.56 1.49 1.43 1.58 1.89 2.30 2.75 3.15 3.11 2.74 2.46 2.28 2.06 1.78 1.62 1.55 1.45 1.36 1.43 1.62 1.77 1.85 1.81 1.85 2.32
2.89 2.48 1.72 1.14 0.72 0.48 0.42 0.53 0.80 1.04 1.18 1.28 1.44 1.64 1.83 1.99 2.13 2.49 2.85 2.92 2.97 3.32 3.56 3.78 3.26 2.73 2.44 2.29 2.12 2.00 1.94 1.85 1.69 1.54 1.41 1.32 1.32 1.47 1.73 1.90 2.00 2.20 2.74 3.24 3.13 2.54 2.10 1.98 1.98 1.93 1.86 1.72 1.46 1.23 1.17 1.26 1.37 1.47 1.56 1.58 1.56 1.63 1.87 2.26 2.62 2.80 2.99 3.01 3.08 2.47 2.21 1.91 1.66 1.52 1.48 1.39 1.33 1.51 1.84 2.15 2.33 2.36 2.52 2.97
2.80 2.40 1.64 1.00 0.61 0.41 0.39 0.59 0.90 1.18 1.40 1.60 1.77 1.88 2.01 2.18 2.40 2.82 3.23 3.24 3.19 3.40 3.55 3.36 2.90 2.53 2.36 2.27 2.13 2.03 1.96 1.84 1.69 1.59 1.48 1.36 1.34 1.49 1.66 1.73 1.84 2.10 2.67 3.22 3.17 2.68 2.28 2.10 2.00 1.83 1.69 1.53 1.34 1.18 1.17 1.30 1.42 1.53 1.64 1.71 1.79 2.02 2.29 2.54 2.66 2.55 2.54 2.81 2.77 2.45 2.10 1.84 1.68 1.55 1.47 1.39 1.41 1.80 2.37 2.81 2.93 2.91 2.96 3.11
2.69 2.31 1.53 0.86 0.49 0.35 0.44 0.74 1.12 1.45 1.75 1.96 2.07 2.10 2.20 2.47 2.84 3.20 3.51 3.21 3.12 3.07 3.28 3.00 2.65 2.42 2.35 2.28 2.12 2.01 1.92 1.78 1.63 1.53 1.42 1.32 1.34 1.44 1.55 1.67 1.84 2.09 2.64 3.19 3.19 2.72 2.26 2.02 1.84 1.68 1.56 1.43 1.28 1.15 1.13 1.26 1.41 1.55 1.70 1.82 1.99 2.25 2.40 2.42 2.28 1.99 2.00 2.56 2.79 2.51 2.10 1.88 1.78 1.65 1.57 1.51 1.68 2.32 3.03 3.25 3.11 2.94 2.84 2.77
2.57 2.18 1.38 0.72 0.39 0.35 0.60 1.05 1.49 1.80 1.99 2.07 2.12 2.20 2.39 2.80 3.24 3.51 3.50 3.23 2.98 2.94 2.95 2.80 2.57 2.40 2.29 2.22 2.13 2.02 1.89 1.74 1.56 1.46 1.37 1.32 1.32 1.38 1.48 1.64 1.77 1.99 2.53 3.16 3.21 2.74 2.25 1.96 1.82 1.68 1.58 1.48 1.31 1.13 1.09 1.23 1.42 1.57 1.72 1.88 2.09 2.23 2.20 1.99 1.77 1.59 1.73 2.34 2.72 2.61 2.23 1.96 1.86 1.80 1.79 1.84 2.19 2.96 3.40 3.24 2.86 2.58 2.44 2.38
