project/data/elevation/US_DEM2016/US_DEM2016_point_10-28-2019_1351_30m_vel.asc
ncols	125
nrows	167
xllcorner	-2042055.000000
yllcorner	1465035.000000
cellsize	30.000000
NODATA_value	-9999.000000
[rows 37 to 73 of 167, columns 0 to 82 of 125]
9.92 10.17 10.14 9.68 9.10 8.43 7.89 7.30 6.62 5.99 5.72 5.86 6.36 7.12 7.58 7.60 7.45 7.60 8.26 9.13 9.82 10.37 10.80 11.09 11.11 10.97 10.72 10.33 9.69 8.91 8.14 7.58 7.49 7.85 8.23 8.57 8.94 9.36 9.72 10.11 10.40 10.19 9.87 9.52 9.73 10.26 10.53 10.17 9.53 8.77 8.10 7.76 7.62 7.74 7.86 7.91 7.94 8.26 8.52 8.91 8.99 8.74 8.21 7.39 6.52 6.00 5.88 6.01 6.22 6.48 6.65 6.77 7.06 7.32 7.66 8.10 8.81 9.80 11.24 12.65 13.64 13.60 12.92
9.97 9.69 9.08 8.55 7.99 7.63 7.32 6.82 6.19 5.63 5.44 5.51 5.83 6.39 6.96 7.21 7.20 7.31 7.80 8.52 8.92 9.10 9.22 9.47 9.78 10.01 10.27 10.46 10.20 9.67 9.04 8.49 8.17 8.13 8.38 9.02 9.72 10.10 10.45 11.06 11.63 11.70 11.72 11.36 11.23 11.07 10.43 9.29 8.47 7.87 7.63 7.62 7.64 7.72 7.88 7.99 8.09 8.47 8.71 8.86 8.76 8.22 7.84 7.42 6.92 6.47 6.02 5.85 5.93 6.15 6.23 6.29 6.53 7.04 7.40 7.73 8.13 8.94 9.96 11.09 11.99 12.44 12.24
9.79 9.00 7.89 7.35 6.89 6.67 6.44 6.12 5.82 5.59 5.56 5.71 6.00 6.31 6.61 6.82 6.93 7.02 7.16 7.29 7.19 7.05 7.09 7.45 8.17 8.98 9.62 10.20 10.42 10.22 9.77 9.28 8.94 8.89 9.37 10.24 10.81 11.10 11.31 11.68 12.06 11.96 11.80 11.57 11.25 10.77 9.88 8.86 8.14 7.55 7.44 7.68 7.85 7.79 7.99 8.22 8.47 8.80 8.69 8.35 7.73 6.89 6.22 6.04 5.96 5.85 5.51 5.32 5.45 5.71 5.86 6.01 6.32 6.80 7.14 7.33 7.49 8.00 8.75 9.22 9.37 9.89 10.81
9.36 8.45 7.20 6.63 6.41 6.30 6.26 6.27 6.33 6.45 6.65 6.89 6.93 6.74 6.56 6.56 6.70 6.77 6.60 6.24 6.06 6.11 6.44 7.00 7.87 8.61 9.20 9.77 10.18 10.37 10.31 10.06 9.99 10.40 11.12 11.88 12.37 12.60 12.30 11.91 11.79 11.14 10.66 10.63 10.48 10.49 10.23 9.93 9.48 9.08 8.64 8.50 8.43 8.08 8.12 8.27 8.49 8.64 8.27 7.58 6.73 5.72 4.70 4.35 4.38 4.54 4.80 5.03 5.23 5.34 5.42 5.73 6.27 6.77 7.02 7.07 7.10 7.34 7.87 8.16 8.04 8.31 9.55
9.07 8.38 7.45 7.05 7.00 7.02 7.01 7.03 7.19 7.51 7.86 8.02 7.72 7.16 6.76 6.68 6.80 6.83 6.61 6.32 6.32 6.61 7.04 7.46 7.81 8.19 8.45 8.82 9.45 10.03 10.59 10.72 11.10 11.76 12.45 12.97 13.22 12.99 12.45 11.71 11.01 10.26 9.59 9.28 9.53 9.72 10.01 10.15 10.28 10.31 10.13 9.45 8.82 8.22 7.93 7.86 7.79 7.63 7.27 6.79 6.16 5.33 4.43 4.12 4.30 4.62 4.94 5.09 5.10 5.12 5.22 5.49 6.04 6.61 6.79 6.71 6.82 7.24 7.71 7.79 7.65 7.66 8.39
9.04 8.67 8.13 7.90 7.83 7.75 7.62 7.63 7.92 8.34 8.61 8.52 7.93 7.46 7.30 7.33 7.39 7.41 7.38 7.43 7.62 7.89 8.15 8.38 8.56 8.55 8.48 8.56 9.06 9.66 10.62 11.49 12.26 12.91 13.13 12.88 12.46 11.87 11.15 10.48 9.88 9.30 8.61 8.31 8.40 8.65 9.01 9.17 9.44 9.65 9.71 9.29 8.69 8.00 7.65 7.56 7.34 6.99 6.71 6.74 6.50 6.07 5.66 5.63 5.87 5.86 5.57 5.28 5.29 5.42 5.41 5.34 5.53 5.88 5.90 5.74 6.21 7.05 7.56 7.51 7.43 7.59 8.23
9.01 8.76 8.43 8.28 8.21 8.16 8.20 8.44 8.81 9.10 9.08 8.70 8.03 7.76 7.73 7.82 7.98 8.09 8.28 8.60 8.99 9.27 9.42 9.48 9.47 9.27 9.12 9.13 9.39 9.74 10.62 11.61 12.45 12.99 12.76 12.01 11.08 10.26 9.53 9.14 8.92 8.54 7.91 7.41 7.44 7.77 8.00 7.77 7.37 7.00 7.08 7.54 7.79 7.70 7.63 7.84 7.88 7.79 7.79 7.85 7.66 7.46 7.41 7.47 7.08 6.46 6.15 6.18 6.27 5.93 5.32 4.86 4.87 5.01 4.88 4.86 5.44 6.47 6.99 6.94 7.20 7.90 8.67
8.98 8.82 8.66 8.65 8.81 9.13 9.50 9.77 9.88 9.81 9.44 8.82 8.19 7.91 7.88 8.07 8.32 8.57 8.89 9.31 9.71 9.94 9.97 9.83 9.60 9.32 9.23 9.32 9.65 10.09 10.98 11.61 11.95 11.85 11.44 10.99 10.40 9.67 8.68 8.08 7.86 7.69 7.29 6.76 6.64 6.97 6.78 6.31 5.64 5.26 5.45 6.01 6.61 7.07 7.67 8.35 8.74 8.93 8.97 8.78 8.57 8.45 8.20 7.84 7.13 6.85 7.07 7.11 6.52 5.40 4.64 4.46 4.61 4.71 4.69 4.84 5.43 6.18 6.56 6.54 6.88 7.79 8.39
9.23 9.25 9.34 9.53 9.79 10.14 10.44 10.56 10.46 10.13 9.58 8.93 8.48 8.28 8.41 8.61 8.80 9.03 9.33 9.57 9.67 9.60 9.44 9.26 9.17 9.06 9.02 9.22 9.84 10.58 11.41 11.21 10.88 10.31 9.96 10.00 9.80 9.33 8.31 7.45 6.90 6.70 6.45 5.99 5.92 6.11 6.04 6.02 6.03 6.10 6.05 5.89 5.91 6.50 7.58 8.61 8.94 8.96 8.86 8.82 8.68 8.65 8.29 7.92 7.77 7.87 7.63 6.77 5.55 4.78 4.69 5.02 5.26 5.30 5.33 5.64 6.21 6.63 6.72 6.67 6.81 7.23 7.77
9.58 9.69 9.91 10.14 10.24 10.27 10.22 10.15 9.99 9.69 9.27 8.83 8.75 8.93 9.26 9.44 9.49 9.54 9.55 9.46 9.24 8.96 8.70 8.62 8.77 8.90 9.03 9.43 10.22 10.95 11.26 10.75 9.84 9.24 8.90 8.73 8.65 8.54 8.05 7.23 6.35 5.91 5.81 5.82 6.00 6.19 6.55 6.80 6.91 6.60 6.03 5.66 5.96 6.90 7.99 8.61 8.71 8.62 8.59 8.73 8.63 8.64 8.52 8.41 8.29 7.91 6.72 5.79 5.47 5.67 6.12 6.40 6.49 6.50 6.63 6.93 7.25 7.37 7.33 7.31 7.29 7.36 7.69
9.71 9.70 9.80 9.92 9.83 9.59 9.29 9.04 8.83 8.68 8.45 8.29 8.43 8.90 9.36 9.62 9.69 9.58 9.34 9.08 8.84 8.58 8.38 8.33 8.48 8.71 9.02 9.63 10.43 10.84 10.57 9.74 9.10 8.56 8.08 7.72 7.58 7.69 7.71 7.38 6.46 5.98 6.07 6.57 6.86 7.06 7.18 6.85 6.21 5.42 5.14 5.59 6.99 8.53 9.21 9.12 8.99 8.89 8.88 8.94 8.78 8.77 8.59 8.36 7.91 7.12 6.45 6.48 7.09 7.74 8.15 8.27 8.28 8.25 8.25 8.38 8.52 8.48 8.43 8.47 8.14 7.91 8.08
9.65 9.55 9.29 9.22 9.10 8.78 8.41 8.08 7.87 7.71 7.54 7.50 7.65 8.11 8.59 8.88 9.06 9.06 8.90 8.70 8.49 8.30 8.14 8.06 8.12 8.33 8.63 9.35 10.26 10.51 10.10 9.36 8.83 8.26 7.55 6.92 6.80 6.97 7.17 7.08 6.51 6.08 6.12 6.52 6.79 6.97 6.94 6.16 5.43 5.18 5.73 7.39 9.37 10.51 10.70 10.05 9.57 9.28 9.19 9.28 9.25 9.17 8.90 8.53 8.41 8.55 9.10 9.86 10.51 10.94 11.04 11.02 10.97 10.89 10.78 10.75 10.72 10.49 10.14 9.58 8.77 8.17 8.23
9.67 9.56 9.03 8.69 8.58 8.43 8.14 7.83 7.61 7.36 7.27 7.31 7.50 7.87 8.18 8.39 8.53 8.61 8.57 8.39 8.13 7.91 7.78 7.73 7.77 7.90 8.16 8.98 10.06 10.23 9.81 9.36 8.96 8.42 7.66 6.82 6.52 6.33 6.22 6.09 5.79 5.43 5.28 5.40 5.79 6.22 6.56 6.28 6.11 6.59 8.23 10.31 11.57 11.87 11.41 10.48 9.81 9.51 9.49 9.84 9.99 10.05 9.85 9.94 10.48 11.34 12.32 13.19 13.76 14.00 14.05 14.01 13.94 13.86 13.68 13.42 13.13 12.76 11.95 10.73 9.44 8.48 8.22
9.80 9.61 9.02 8.56 8.41 8.40 8.36 8.20 7.99 7.82 7.97 8.20 8.44 8.68 8.80 8.80 8.72 8.60 8.40 8.14 7.85 7.59 7.44 7.40 7.47 7.67 8.06 9.01 9.91 9.80 9.06 8.97 8.81 8.49 8.18 7.62 6.96 6.21 5.62 5.45 5.37 5.29 5.33 5.50 5.87 6.34 7.09 7.59 8.11 9.33 11.16 12.29 12.55 11.86 11.07 10.22 9.73 9.60 9.51 9.66 9.91 10.25 10.41 10.75 11.58 12.47 13.10 13.71 14.04 14.20 14.32 14.44 14.48 14.45 14.25 13.91 13.56 13.25 12.68 11.85 10.84 9.73 8.65
9.88 9.54 8.90 8.65 8.49 8.41 8.44 8.48 8.42 8.41 8.82 9.31 9.57 9.68 9.62 9.37 9.03 8.65 8.31 8.05 7.81 7.54 7.28 7.15 7.28 7.66 8.19 9.06 9.50 8.91 8.22 8.19 8.15 8.23 8.30 8.24 7.53 6.70 6.23 6.20 6.43 6.78 7.12 7.27 7.49 8.05 9.20 10.43 11.66 12.64 13.13 13.03 12.19 10.98 10.26 9.62 9.23 8.98 8.71 8.53 8.74 9.10 9.84 10.28 10.86 11.18 11.03 10.89 10.77 10.93 11.25 11.68 11.86 11.87 11.70 11.50 11.46 11.35 11.24 11.25 11.11 10.70 9.91
9.76 9.16 8.41 8.26 8.22 8.20 8.29 8.42 8.53 8.66 9.09 9.66 9.92 9.94 9.72 9.28 8.78 8.37 8.10 7.91 7.69 7.44 7.16 7.02 7.22 7.68 8.21 8.82 8.82 7.98 7.52 7.55 7.52 7.58 7.90 7.93 7.72 7.49 7.48 7.83 8.25 8.60 8.85 9.14 9.66 10.60 11.86 12.93 13.60 13.73 13.37 12.43 11.34 10.23 9.59 9.04 8.57 8.09 7.86 7.72 7.90 8.27 8.71 9.13 9.23 8.64 7.88 7.10 6.89 7.10 7.51 7.96 8.18 8.12 8.11 8.05 8.23 8.30 8.40 8.75 9.35 9.76 9.79
9.43 8.74 7.85 7.56 7.57 7.75 8.06 8.29 8.50 8.67 8.87 9.13 9.28 9.15 8.82 8.38 8.01 7.75 7.57 7.41 7.21 7.05 7.03 7.18 7.47 7.79 8.17 8.50 8.35 7.79 7.49 7.50 7.46 7.41 7.36 7.39 7.58 7.74 8.04 8.58 9.12 9.38 9.68 10.19 11.13 12.22 13.05 13.43 13.23 12.70 12.03 11.30 10.53 9.82 9.27 8.76 8.33 7.96 7.96 8.03 8.26 8.44 8.39 8.36 7.90 7.11 6.37 6.04 6.11 6.25 6.13 5.84 5.71 5.69 5.68 5.72 5.96 6.19 6.26 6.22 6.41 6.82 7.15
9.09 8.54 7.77 7.43 7.32 7.32 7.50 7.83 8.07 8.22 8.20 8.11 7.90 7.54 7.17 7.00 6.91 6.78 6.69 6.74 6.87 7.00 7.22 7.54 7.76 7.97 8.23 8.45 8.51 8.47 8.26 7.97 7.69 7.39 7.04 6.91 7.09 7.32 7.59 8.03 8.61 9.08 9.57 10.43 11.66 12.49 12.66 11.95 10.81 10.35 10.27 10.25 10.01 9.69 9.24 8.80 8.46 8.35 8.57 8.67 8.72 8.65 8.23 7.89 7.34 6.95 6.88 6.91 6.84 6.49 5.74 4.80 4.30 4.12 4.06 4.13 4.40 4.59 4.56 4.25 3.99 3.99 4.39
9.02 8.70 8.29 8.02 7.72 7.28 6.86 6.84 7.09 7.29 7.32 7.07 6.56 6.00 5.70 5.67 5.70 5.72 5.89 6.36 6.96 7.48 7.81 7.93 8.06 8.25 8.47 8.73 8.89 9.02 8.64 8.06 7.57 7.12 6.77 6.55 6.67 6.94 7.09 7.32 7.76 8.42 9.18 10.43 11.62 11.96 11.17 9.92 9.16 8.97 9.07 9.29 9.41 9.43 9.06 8.74 8.51 8.50 8.72 8.60 8.27 7.88 7.50 7.29 7.35 7.48 7.72 7.70 6.98 6.01 4.88 4.14 3.80 3.57 3.30 3.09 3.03 2.96 2.81 2.81 3.00 3.52 4.54
9.30 9.33 9.28 9.00 8.50 7.84 6.97 6.63 6.66 6.88 6.92 6.58 6.08 5.69 5.46 5.37 5.45 5.66 6.07 6.72 7.46 8.17 8.46 8.56 8.69 8.89 8.97 9.06 9.21 9.22 8.62 8.13 7.85 7.50 7.04 6.88 7.16 7.45 7.50 7.58 7.87 8.42 9.28 10.62 11.34 10.98 9.56 8.50 7.95 7.85 8.02 8.33 8.66 8.75 8.51 8.29 8.11 8.03 7.96 7.47 6.91 6.52 6.55 6.85 7.60 8.05 7.94 7.47 6.38 5.42 4.81 4.69 4.65 4.19 3.40 2.76 2.48 2.36 2.45 2.91 3.82 5.22 6.89
9.71 9.90 9.96 9.69 9.22 8.62 7.98 7.59 7.37 7.30 7.21 6.97 6.76 6.69 6.72 6.79 6.93 7.22 7.47 7.86 8.43 9.02 9.34 9.56 9.77 9.90 9.69 9.59 9.80 9.97 9.78 9.50 9.31 8.93 8.23 8.02 8.40 8.70 8.81 8.85 8.96 9.10 9.73 10.74 10.83 9.66 8.24 7.24 6.83 6.86 7.12 7.48 7.90 7.96 7.87 7.72 7.46 7.11 6.69 6.30 6.13 6.24 6.73 7.27 7.97 8.07 7.54 6.72 5.94 5.77 6.06 6.26 5.76 4.80 3.81 3.34 3.31 3.46 3.88 4.91 6.56 8.35 9.38
9.92 9.86 9.68 9.58 9.49 9.33 8.99 8.61 8.15 7.74 7.53 7.56 7.79 8.13 8.53 8.79 9.07 9.35 9.56 9.71 9.97 10.10 10.29 10.61 10.85 10.71 10.39 10.26 10.53 10.68 10.62 10.37 10.10 9.69 9.07 8.75 8.94 9.25 9.55 9.77 9.83 9.80 10.09 10.39 9.73 8.19 6.94 6.21 5.93 5.94 6.25 6.58 6.97 7.31 7.43 7.34 7.10 6.79 6.61 6.79 7.10 7.61 8.19 8.53 8.60 8.15 7.32 6.83 6.80 7.19 7.52 7.21 6.12 4.94 4.44 4.55 4.92 5.46 6.43 7.86 9.46 10.37 10.34
9.94 9.47 8.95 8.96 9.22 9.46 9.44 9.00 8.36 7.77 7.51 7.69 8.25 8.94 9.57 10.00 10.32 10.65 10.95 11.07 11.00 10.87 10.94 11.19 11.23 11.01 10.81 10.77 10.88 10.63 9.91 9.33 8.97 8.82 8.73 8.75 8.84 9.12 9.46 9.86 10.14 10.10 10.00 9.50 8.27 6.68 5.69 5.24 5.04 5.15 5.30 5.55 6.15 6.87 7.31 7.41 7.38 7.38 7.60 7.85 8.29 8.97 9.59 9.94 9.68 9.18 8.31 8.09 8.44 8.70 8.23 7.22 6.17 5.79 6.04 6.59 7.34 8.28 9.49 10.64 11.17 10.90 9.92
9.92 9.32 8.52 8.32 8.41 8.59 8.74 8.56 8.08 7.55 7.24 7.29 7.75 8.45 9.09 9.49 9.77 9.96 10.07 10.15 10.25 10.38 10.55 10.55 10.30 10.18 10.33 10.63 10.69 10.33 9.56 8.63 8.04 7.91 8.31 8.80 9.21 9.42 9.56 9.71 9.84 9.56 9.14 8.45 7.29 5.86 4.94 4.64 4.71 4.87 4.93 5.17 5.83 6.77 7.51 7.97 8.26 8.45 8.56 8.58 8.94 9.87 10.72 11.12 10.89 10.58 10.07 9.61 9.69 9.62 8.76 7.87 7.59 8.18 9.04 9.90 10.79 11.58 12.14 12.15 11.52 10.37 9.24
9.83 9.07 8.05 7.73 7.41 7.27 7.41 7.52 7.36 6.97 6.56 6.34 6.41 6.69 7.06 7.32 7.46 7.34 6.96 6.88 7.59 8.43 8.70 8.37 7.86 8.18 9.12 9.83 10.06 10.06 9.98 9.69 9.25 8.94 8.89 9.19 9.54 9.65 9.51 9.24 8.95 8.59 8.16 7.89 7.28 6.25 5.53 5.55 5.75 5.84 5.90 6.15 6.58 7.19 7.81 8.37 8.90 9.38 9.59 9.86 10.47 11.36 11.76 11.66 11.37 11.22 11.07 10.99 10.99 10.89 10.56 10.41 10.88 11.63 12.26 12.80 13.24 13.42 13.14 12.20 11.01 9.87 9.00
9.44 8.52 7.41 7.10 6.86 6.66 6.56 6.59 6.56 6.18 5.60 5.07 4.71 4.56 4.59 4.76 4.85 4.61 4.34 4.46 5.11 5.92 6.19 5.88 5.89 6.73 8.27 9.16 9.37 9.20 9.50 9.92 10.09 10.05 9.65 9.34 9.13 9.02 8.67 8.24 7.94 8.04 8.13 8.42 8.40 8.26 7.92 7.89 7.97 7.98 8.01 7.98 7.86 7.83 7.97 8.28 8.78 9.48 10.25 11.11 11.97 12.21 11.82 10.99 10.19 10.25 10.90 11.28 11.70 12.04 12.36 12.76 13.24 13.62 13.44 13.53 13.42 13.02 12.21 11.24 10.34 9.57 8.89
9.09 8.36 7.33 6.88 6.70 6.58 6.41 6.25 6.12 5.78 5.15 4.44 3.84 3.49 3.38 3.41 3.52 3.80 4.10 4.33 4.52 4.66 4.67 4.78 5.39 6.65 8.28 8.99 8.84 8.19 8.23 8.70 9.28 9.64 9.40 8.71 7.98 7.55 7.41 7.28 7.36 7.99 8.73 9.43 9.71 9.95 9.99 9.81 9.69 9.59 9.22 8.77 8.39 8.20 8.17 8.35 8.79 9.59 10.57 11.44 11.80 11.38 10.43 9.25 8.69 8.98 9.90 10.66 11.14 11.73 12.22 12.56 12.77 12.68 12.36 11.92 11.37 10.65 10.14 9.69 9.20 8.76 8.31
9.09 8.69 7.97 7.43 7.09 6.89 6.65 6.38 6.22 6.01 5.61 5.11 4.64 4.18 3.83 3.69 3.89 4.59 5.37 5.65 5.42 5.07 4.97 5.19 6.00 7.41 8.71 9.05 8.48 7.57 7.21 7.27 7.77 8.19 8.31 7.97 7.35 6.88 6.85 7.24 7.82 8.74 9.43 9.90 10.04 10.20 10.29 10.33 10.22 9.86 9.04 8.48 8.28 8.34 8.45 8.66 9.11 9.95 10.69 10.92 10.42 9.39 8.47 7.87 7.93 8.50 9.13 9.53 9.80 10.24 10.56 10.59 10.34 10.12 9.92 9.52 8.84 8.12 7.71 7.64 7.47 7.25 6.97
9.15 8.90 8.49 8.12 7.76 7.38 7.02 6.86 6.85 6.88 6.86 6.75 6.50 5.99 5.40 5.01 5.11 5.65 6.32 6.88 6.85 6.56 6.45 6.72 7.41 8.64 9.34 9.43 8.82 7.75 7.08 6.67 6.59 6.88 7.45 7.94 8.09 8.17 8.31 8.61 9.15 9.71 9.85 9.76 9.55 9.53 9.71 9.91 9.86 9.60 8.98 8.54 8.40 8.48 8.62 8.80 9.21 9.92 10.38 9.97 9.04 8.16 7.58 7.35 7.46 7.89 8.32 8.45 8.55 8.80 8.97 8.83 8.42 8.00 7.70 7.58 7.07 6.29 5.59 5.41 5.49 5.25 5.01
9.14 8.92 8.58 8.28 8.00 7.67 7.48 7.58 7.87 8.25 8.54 8.57 8.17 7.54 6.86 6.34 6.19 6.41 6.80 7.55 8.00 8.25 8.42 8.58 8.96 9.74 10.31 10.23 9.71 8.75 8.05 7.43 7.00 7.12 7.70 8.50 9.24 9.82 10.02 10.02 9.99 9.98 9.71 9.34 9.02 8.86 8.96 8.98 8.98 9.03 8.96 8.76 8.61 8.61 8.77 9.03 9.50 10.02 9.93 9.04 8.04 7.49 7.13 6.89 6.95 7.45 7.94 8.00 7.81 7.82 7.77 7.67 7.44 6.88 6.19 5.83 5.55 4.95 4.18 3.66 3.50 3.32 3.11
9.19 8.94 8.57 8.18 7.87 7.66 7.73 8.06 8.62 9.25 9.74 9.80 9.53 9.04 8.43 7.78 7.27 7.16 7.41 8.03 8.65 9.31 9.49 9.68 10.19 11.02 11.26 10.88 10.24 9.67 9.29 8.92 8.58 8.50 8.65 9.05 9.50 9.85 9.97 9.82 9.62 9.51 9.25 8.84 8.47 8.09 7.96 7.80 7.72 7.93 8.26 8.43 8.51 8.61 8.94 9.37 9.76 9.73 8.94 7.81 7.15 6.89 6.69 6.79 7.15 7.74 7.88 7.47 6.96 6.76 6.66 6.57 6.55 6.20 5.43 4.73 4.29 3.90 3.18 2.49 2.17 2.16 2.29
9.23 8.91 8.39 7.97 7.62 7.45 7.49 7.69 8.12 8.72 9.33 9.78 10.05 10.10 9.90 9.42 8.74 8.23 8.21 8.49 8.82 9.49 9.89 10.31 11.04 11.67 11.56 10.72 9.91 9.67 9.75 9.84 9.80 9.46 9.16 9.05 8.96 8.84 8.80 8.97 9.10 9.13 8.89 8.40 7.93 7.54 7.28 6.99 6.78 6.77 7.02 7.41 7.87 8.28 8.79 9.14 9.13 8.50 7.33 6.64 6.47 6.42 6.59 7.11 7.53 7.60 7.13 6.23 5.52 5.22 5.15 4.94 4.82 4.89 4.63 4.01 3.38 2.95 2.54 2.22 2.08 2.26 2.70
9.13 8.69 7.98 7.67 7.44 7.26 7.11 6.89 6.72 6.80 7.22 8.16 9.23 10.10 10.61 10.61 10.14 9.49 9.07 9.02 9.12 9.59 10.06 10.90 11.36 11.51 10.91 9.98 9.07 8.81 9.01 9.36 9.55 9.30 9.01 8.77 8.53 8.46 8.69 9.04 9.14 9.01 8.67 8.32 8.05 7.77 7.41 6.80 6.14 5.77 5.87 6.43 7.25 7.85 8.26 8.25 7.66 6.64 5.89 5.72 5.66 5.59 6.01 6.58 6.67 6.38 5.84 5.09 4.38 3.80 3.53 3.44 3.45 3.48 3.45 3.24 2.96 2.81 2.85 3.03 3.30 3.65 4.18
8.98 8.45 7.71 7.53 7.43 7.28 7.06 6.68 6.10 5.57 5.44 6.02 7.32 8.82 10.04 10.68 10.76 10.45 10.03 9.82 9.82 10.01 10.35 10.98 11.34 11.04 10.23 9.21 8.26 7.69 7.52 7.68 8.10 8.43 8.61 8.64 8.61 8.74 9.06 9.30 9.20 8.89 8.59 8.48 8.39 7.90 7.14 6.15 5.60 5.64 6.14 6.94 7.66 7.93 7.78 7.22 6.24 5.37 5.01 4.92 4.72 4.56 4.70 5.04 5.32 5.47 5.59 5.39 4.89 4.40 4.18 4.03 3.78 3.41 3.15 3.19 3.39 3.67 4.08 4.57 5.07 5.64 6.21
8.92 8.42 7.77 7.58 7.51 7.43 7.31 7.15 6.78 6.15 5.56 5.51 6.20 7.36 8.68 9.76 10.42 10.84 10.78 10.79 10.89 11.00 11.72 11.73 11.54 10.87 9.98 9.02 8.06 7.42 7.09 7.09 7.27 7.61 8.03 8.39 8.57 8.68 8.89 9.11 8.89 8.50 8.23 8.20 8.07 7.28 6.54 6.23 6.64 7.44 8.16 8.60 8.65 8.28 7.69 7.05 6.49 6.06 5.76 5.46 5.16 4.97 4.96 5.21 5.99 6.81 7.32 7.31 7.00 6.71 6.41 5.92 5.08 4.37 4.00 4.05 4.43 4.99 5.60 6.37 7.32 8.28 9.08
8.89 8.38 7.81 7.64 7.63 7.64 7.68 7.86 8.04 7.97 7.54 7.07 7.06 7.48 8.15 9.16 10.08 10.99 11.36 11.67 12.06 12.18 12.45 12.12 11.65 10.80 10.13 9.58 8.90 8.58 8.47 8.33 7.97 7.80 7.96 8.24 8.42 8.56 8.65 8.49 8.13 7.79 7.67 7.73 7.77 7.66 7.92 8.66 9.42 9.87 9.97 9.68 9.13 8.48 8.14 8.10 8.10 8.06 7.90 7.66 7.50 7.56 7.80 8.33 9.00 9.32 9.10 8.68 8.25 7.81 7.18 6.33 5.39 4.93 4.92 5.27 5.76 6.46 7.49 9.05 10.75 12.07 12.99
8.80 8.33 7.82 7.71 7.81 7.90 8.06 8.44 9.03 9.54 9.70 9.61 9.40 9.10 9.05 9.54 10.38 11.50 12.22 12.66 13.08 13.09 12.64 12.05 11.25 10.66 10.42 10.27 10.00 9.76 9.63 9.53 9.19 8.92 8.74 8.62 8.59 8.55 8.32 7.91 7.68 7.81 7.91 8.10 8.42 8.87 9.49 10.10 10.36 10.20 9.89 9.49 9.09 8.72 8.60 8.76 8.88 9.06 9.26 9.46 9.64 9.96 10.29 10.50 10.31 9.71 8.81 8.28 7.82 7.11 6.29 5.60 5.23 5.28 5.75 6.48 7.28 8.40 10.15 12.34 14.13 15.24 15.60
