project/data/elevation/US_DEM2016/US_DEM2016_point_10-28-2019_1048_30m_ang.asc
ncols	125
nrows	167
xllcorner	-2042055.000000
yllcorner	1465035.000000
cellsize	30.000000
NODATA_value	-9999.000000
[rows 53 to 105 of 167, columns 0 to 95 of 125]
345 346 350 353 354 357 1 4 6 3 1 1 2 4 6 7 8 8 9 11 12 11 8 4 358 353 349 347 344 340 337 338 343 351 1 8 12 12 12 11 10 8 6 3 358 353 351 352 356 0 3 4 3 3 3 3 4 4 3 2 1 2 5 7 7 4 0 354 349 346 345 347 351 355 359 3 7 9 7 5 5 6 4 2 358 354 354 1 11 15 16 17 18 15 11 8
349 350 351 351 352 353 357 2 5 4 1 360 3 7 10 12 11 11 11 12 13 11 8 4 359 353 350 349 347 344 341 340 341 347 357 8 13 12 9 8 7 6 3 358 353 349 348 351 357 3 8 9 8 6 6 6 6 5 3 1 360 1 6 10 12 7 0 355 351 349 347 345 344 346 352 358 4 8 8 5 3 3 360 355 354 356 358 1 7 10 11 13 12 8 6 3
353 353 352 352 352 352 354 358 3 4 2 2 7 13 16 16 16 14 12 11 11 9 7 3 359 355 351 350 348 347 345 344 342 345 355 7 13 11 9 7 5 3 360 353 348 346 347 352 358 4 9 12 11 9 9 9 8 4 1 0 1 3 8 13 12 7 1 357 355 355 355 352 346 342 346 352 359 6 10 8 2 355 348 344 346 352 357 1 3 5 7 7 6 4 2 358
354 353 353 354 355 356 355 356 359 2 4 6 12 17 19 19 18 15 10 7 7 6 5 3 360 356 354 351 349 348 348 347 345 346 353 4 10 10 9 7 4 1 356 349 345 344 348 353 358 4 9 13 13 12 12 11 9 5 2 2 5 7 10 13 11 6 6 1 1 1 359 356 352 351 353 356 358 3 6 2 354 346 342 343 346 351 356 359 1 3 3 3 3 1 357 353
351 352 354 357 360 0 359 357 358 1 4 9 14 17 17 16 14 11 8 4 3 3 3 2 360 358 356 354 350 349 350 351 350 351 355 1 6 7 7 6 4 360 354 347 344 345 350 354 357 2 7 12 15 15 15 13 11 8 7 8 9 10 10 10 8 6 5 6 6 3 358 356 357 1 4 2 358 356 354 350 345 342 343 346 350 353 356 358 360 1 1 1 360 356 352 350
347 349 355 359 3 4 2 0 359 1 5 9 11 12 12 11 9 7 5 3 1 1 0 360 359 359 359 356 352 351 352 354 354 356 358 0 2 4 4 4 3 360 354 347 344 346 351 354 355 357 3 11 16 17 16 15 14 12 11 9 8 7 7 7 7 8 8 8 4 359 357 358 3 8 7 0 355 351 347 344 342 343 346 350 354 355 356 357 358 359 358 358 355 351 350 352
343 346 354 359 3 5 5 4 4 4 5 6 7 7 6 6 4 3 2 1 0 359 358 357 358 359 360 356 353 353 354 355 356 359 360 0 1 1 1 2 2 0 356 352 347 348 351 353 352 352 357 7 14 16 16 15 15 13 10 7 5 3 2 5 7 8 9 6 1 358 359 4 9 9 2 356 351 348 345 344 344 346 350 354 356 357 357 357 357 357 356 354 351 349 351 360
341 345 353 358 2 5 8 9 9 8 6 4 2 1 1 1 1 359 359 359 359 358 355 355 357 359 358 356 355 356 358 357 356 356 357 359 360 359 359 359 0 1 360 357 353 351 351 351 348 347 351 359 7 11 12 13 12 11 9 6 2 359 358 1 6 10 10 6 0 360 3 6 7 3 358 354 351 349 348 348 349 352 355 357 357 358 357 357 356 355 353 351 349 350 357 6
340 344 353 358 1 5 9 13 14 13 9 5 1 358 357 357 358 359 359 358 356 354 353 354 357 358 356 353 354 357 1 1 359 356 354 356 357 358 358 359 1 3 4 2 358 355 353 350 347 347 349 353 359 5 7 8 8 8 7 4 359 355 354 357 4 10 11 7 3 2 3 4 1 359 356 355 353 353 353 354 356 358 359 359 359 358 357 356 354 353 351 349 347 351 360 4
341 345 353 358 1 4 9 15 18 19 16 11 4 358 355 355 359 4 5 359 351 348 349 353 357 356 352 349 350 355 360 3 2 359 356 355 356 358 359 1 3 5 6 3 360 357 355 353 350 349 350 353 357 1 4 5 5 4 3 359 355 353 352 356 3 10 11 8 6 4 4 2 360 359 359 357 357 358 360 1 2 3 3 2 1 359 358 355 352 351 349 347 347 352 357 359
345 347 353 357 1 4 9 16 22 25 23 20 13 5 356 353 358 6 9 3 353 344 343 348 352 350 347 345 346 350 355 0 3 3 1 358 358 359 2 4 4 4 3 1 360 359 359 357 354 353 353 355 358 2 3 3 2 1 357 353 351 351 354 358 4 8 8 7 7 6 4 2 0 0 0 1 1 2 5 7 8 8 8 6 4 1 358 354 351 348 347 346 347 350 353 353
349 351 354 357 0 4 10 18 25 27 26 23 19 12 4 357 354 359 5 6 2 355 346 344 344 345 344 344 345 348 350 354 359 3 4 4 4 4 4 4 3 1 359 359 359 0 1 360 359 358 357 358 359 2 2 1 359 356 352 350 350 353 357 2 5 6 5 6 8 7 5 3 1 1 3 5 5 5 8 12 13 13 12 11 8 2 357 352 349 346 345 345 346 347 348 349
351 352 356 359 1 5 12 19 23 24 23 21 18 15 11 4 355 352 358 4 6 3 355 346 342 341 343 344 347 349 349 349 353 358 3 5 6 5 4 2 0 358 357 357 359 0 0 1 2 3 1 359 359 1 1 360 357 353 349 349 352 357 1 4 6 5 4 5 7 7 6 5 4 2 4 8 10 9 10 15 19 19 18 17 12 3 354 348 346 345 344 343 343 344 345 345
350 353 357 0 3 8 14 18 19 18 17 16 17 17 15 9 359 351 352 359 3 4 360 352 344 341 342 345 350 353 353 351 350 352 357 1 2 2 1 360 359 358 358 358 359 359 359 1 4 6 5 2 0 360 360 359 355 350 349 352 356 360 4 6 7 5 3 3 5 6 7 7 8 6 6 11 15 16 16 20 26 28 27 24 14 359 347 342 342 343 344 344 343 343 343 345
350 352 358 2 5 10 13 14 13 11 11 13 15 16 15 12 5 355 350 352 358 1 0 356 348 342 342 346 352 356 357 355 353 351 353 355 357 358 359 359 359 359 359 360 359 358 358 0 3 5 6 4 1 359 358 356 352 350 351 356 360 3 6 7 6 4 3 4 5 7 8 9 10 11 11 14 21 25 27 32 38 37 33 24 8 350 339 336 338 341 343 345 346 345 345 347
348 352 359 4 7 11 12 11 8 6 7 10 12 14 14 13 9 1 352 349 352 356 358 356 350 345 344 348 353 357 359 359 356 354 353 353 355 357 359 360 359 360 1 2 0 357 357 359 1 3 5 4 1 357 355 352 351 351 356 360 2 4 6 5 4 4 6 8 7 8 10 11 13 16 18 21 29 37 40 41 39 32 23 10 355 343 337 335 335 336 340 345 348 350 350 350
348 352 0 6 9 12 13 12 8 5 4 5 7 9 10 11 11 6 358 351 350 352 355 353 350 347 348 350 353 356 358 359 359 358 355 354 355 357 359 359 359 1 4 5 2 359 358 360 2 2 2 360 357 354 352 351 352 356 1 3 3 4 4 3 4 8 13 15 13 12 13 13 15 20 26 31 37 40 38 31 23 15 7 358 349 341 338 336 334 335 339 345 350 353 354 354
348 352 1 7 10 13 15 15 13 9 4 0 0 3 5 8 9 8 3 355 351 351 351 351 351 351 352 353 354 355 355 356 358 358 357 355 355 356 357 358 359 2 6 6 4 1 1 3 3 0 356 353 352 352 353 354 358 4 6 6 7 6 4 4 6 12 16 17 15 12 10 10 12 20 29 33 33 29 23 16 10 3 358 352 346 343 341 341 339 340 343 349 353 356 358 358
349 353 1 7 12 15 16 17 17 15 9 1 354 355 359 3 6 7 5 358 354 352 350 350 351 354 357 358 357 356 353 352 353 355 356 355 354 355 355 356 359 3 7 8 6 5 4 3 360 356 354 352 352 354 356 360 4 8 8 9 9 8 6 4 4 6 11 13 13 10 8 8 12 18 24 24 21 16 11 5 360 356 353 349 346 346 348 348 348 348 350 353 356 359 1 4
350 354 1 8 13 15 15 15 16 15 12 5 357 352 354 358 1 3 3 359 354 352 350 351 353 357 1 2 0 358 355 353 352 352 352 353 354 354 354 356 0 5 8 9 8 6 2 359 356 355 355 356 356 357 359 2 4 6 8 8 8 7 4 1 359 1 7 12 15 12 12 14 17 19 18 15 11 6 1 356 353 352 352 350 348 349 353 356 358 358 357 358 0 3 6 9
351 354 2 8 13 14 13 12 11 11 10 6 1 357 354 354 356 358 360 358 355 353 352 353 355 359 3 4 3 0 358 356 355 354 353 353 353 353 355 358 2 5 8 9 6 3 0 358 357 357 359 0 1 360 359 0 2 4 5 6 5 3 0 358 358 1 8 15 18 18 20 21 21 17 11 7 3 358 352 349 349 350 352 353 353 354 358 2 5 6 5 4 5 7 10 13
352 355 2 8 12 14 12 9 6 5 4 4 3 1 358 354 352 352 354 354 356 353 353 356 358 360 3 5 6 3 1 358 357 356 355 354 353 354 356 359 1 3 6 7 5 2 359 359 359 359 0 2 3 1 360 359 360 0 2 3 2 360 358 358 1 7 14 20 24 26 26 23 18 11 4 359 356 351 347 345 347 350 353 356 359 2 2 3 8 11 12 10 9 10 12 14
353 355 2 8 11 13 10 4 0 358 359 0 2 1 358 354 350 348 350 353 356 357 358 0 1 360 1 5 7 6 4 1 359 358 357 354 353 354 356 358 0 2 5 6 6 3 0 359 359 359 358 359 1 1 360 359 359 358 359 0 359 358 359 4 11 17 20 23 26 27 24 19 11 3 357 353 350 348 346 345 347 349 352 357 3 7 6 3 6 11 14 13 12 12 14 13
352 355 2 7 10 10 5 360 356 355 356 359 360 359 356 352 347 346 347 351 355 359 2 4 4 1 359 3 7 8 7 4 2 359 356 353 353 354 357 360 1 2 3 6 7 6 2 360 359 358 357 357 357 359 359 358 358 358 358 358 357 359 5 15 21 21 19 20 22 22 17 10 3 357 353 350 348 348 349 350 351 350 348 350 358 6 9 7 6 9 12 13 13 13 13 12
349 354 3 7 7 4 0 358 357 357 357 358 357 355 352 349 345 346 348 352 356 360 4 6 6 4 0 0 5 8 8 7 4 1 357 355 355 357 360 1 1 0 2 6 9 7 4 2 359 358 358 357 356 355 355 356 357 358 358 358 359 4 12 19 19 16 14 14 14 12 9 3 357 355 353 351 350 351 356 358 359 357 353 348 349 357 5 9 9 9 11 12 12 13 12 10
345 352 4 7 4 360 359 0 1 1 360 357 354 351 348 346 346 347 350 353 357 1 5 7 8 6 2 359 1 5 8 9 7 3 1 359 360 1 2 1 1 1 3 8 11 10 6 3 360 357 356 354 352 350 351 353 355 356 357 359 3 10 14 15 13 11 9 7 4 4 3 358 356 357 357 354 354 355 359 3 5 4 1 355 351 351 357 5 10 12 11 11 11 11 11 8
343 351 4 7 2 359 0 3 3 2 359 355 352 349 346 346 347 349 352 355 358 2 5 9 10 9 4 359 358 2 6 9 9 7 4 4 5 5 4 3 4 4 7 11 14 13 8 2 356 353 351 350 348 347 349 351 354 356 359 3 9 13 12 9 6 4 2 359 359 0 360 356 356 354 357 359 1 359 1 4 7 8 7 3 358 355 355 360 7 11 11 9 9 9 8 5
345 352 3 5 3 1 1 2 1 359 356 352 349 347 346 347 348 350 354 357 0 4 7 10 13 12 8 360 356 358 2 5 8 8 7 7 8 8 7 7 7 7 8 11 14 13 7 359 352 350 349 348 348 349 350 351 355 0 4 7 11 11 7 3 359 356 355 355 358 359 358 356 354 355 358 2 3 2 1 1 5 9 10 8 5 0 358 359 3 7 7 7 6 6 4 1
351 354 359 2 2 0 360 359 358 356 353 349 346 346 347 349 351 352 355 359 2 5 8 12 15 16 13 4 356 354 355 357 1 6 8 8 8 8 7 7 7 6 6 8 11 11 6 358 352 350 349 349 348 349 350 353 357 2 5 7 8 6 2 357 353 350 351 354 359 360 358 356 354 354 358 2 4 4 2 360 359 5 11 12 10 6 2 0 2 3 4 4 3 2 359 356
356 355 356 359 360 359 358 357 355 352 349 347 345 346 348 351 354 355 357 1 4 6 9 13 16 18 17 11 1 355 351 347 348 355 4 6 6 6 5 4 4 3 4 6 9 10 7 1 355 352 350 349 348 348 350 353 356 359 3 5 4 2 359 354 349 348 351 357 360 360 358 357 356 355 357 1 4 4 5 3 359 359 7 13 14 11 7 3 1 1 1 1 360 357 355 354
356 355 356 358 358 357 356 354 352 349 347 345 346 347 350 354 357 359 1 3 5 8 11 14 17 19 18 14 6 359 353 347 344 346 354 1 4 3 2 0 0 2 3 5 8 10 7 3 358 354 352 350 349 349 351 352 354 356 360 2 1 360 357 352 348 348 353 357 359 360 360 359 357 355 355 358 2 4 6 6 3 359 2 11 15 14 11 7 2 360 360 359 357 355 354 357
355 355 357 358 357 355 353 351 349 347 345 345 347 349 352 356 360 3 6 7 9 12 14 14 15 16 15 11 6 1 357 353 350 347 349 355 0 1 358 357 359 2 4 5 7 9 7 3 359 356 353 352 351 351 351 352 353 355 357 358 358 358 356 352 349 348 352 355 357 360 2 3 0 356 352 352 356 1 5 6 6 3 360 5 12 15 14 11 5 1 0 359 357 357 0 6
353 355 357 358 356 353 351 349 348 346 345 346 348 351 355 359 3 8 11 12 12 13 12 10 10 10 9 7 4 2 1 360 357 352 349 351 355 356 356 358 1 3 4 4 6 7 5 2 360 359 357 356 354 353 352 351 352 353 354 355 356 356 356 353 350 349 349 352 356 0 5 7 5 359 352 348 349 354 359 3 6 5 0 0 7 13 14 13 10 6 3 2 1 4 8 11
352 354 355 355 353 351 350 348 347 345 345 347 349 353 357 3 10 16 17 15 12 9 7 5 5 5 5 4 3 2 3 4 2 358 352 349 350 353 357 1 3 3 2 3 4 4 2 1 1 2 2 1 359 356 354 351 350 351 352 354 355 356 356 354 352 349 348 351 356 0 5 8 7 3 358 354 351 351 351 354 358 2 0 357 360 7 12 14 12 9 6 5 6 8 10 11
351 352 354 352 351 351 350 348 346 345 346 348 352 356 1 10 18 20 17 12 8 4 2 1 1 1 2 3 3 2 2 4 5 2 357 351 349 352 359 4 4 3 3 4 3 1 359 360 1 3 4 4 2 1 357 353 351 352 353 354 356 356 356 355 353 351 349 351 356 360 3 6 6 6 4 2 0 358 355 353 354 357 357 353 353 359 8 11 11 9 7 7 8 10 10 8
349 351 353 351 351 351 350 348 346 345 347 350 355 1 8 14 16 14 11 9 6 3 359 358 357 359 1 3 3 0 359 1 4 5 2 356 353 355 1 5 6 6 5 4 3 0 358 359 0 2 3 3 3 1 358 355 353 353 354 355 355 355 355 355 354 352 350 352 356 359 1 2 4 6 7 7 6 4 1 359 358 357 356 354 353 357 2 4 5 5 6 8 9 10 9 5
348 350 352 352 352 351 349 347 346 346 349 353 360 7 12 12 9 8 8 8 6 2 358 356 357 359 1 2 1 360 358 358 1 5 6 2 359 360 3 6 7 6 5 5 4 2 360 359 359 358 358 358 357 355 353 352 352 352 353 354 354 354 356 356 355 352 351 352 354 357 359 359 1 3 6 8 8 7 6 5 4 1 359 358 359 359 359 358 359 2 4 7 9 8 5 0
347 349 352 352 351 349 347 346 346 349 353 360 8 14 14 10 6 5 5 5 4 1 359 358 360 1 0 359 358 358 357 356 358 3 6 6 4 4 5 6 6 5 5 5 5 4 2 1 359 356 353 352 350 350 349 350 351 351 352 352 353 355 357 357 355 353 351 351 353 356 358 359 358 358 2 6 8 8 8 9 8 5 3 3 4 4 1 359 358 1 3 4 5 4 0 356
347 349 350 351 349 347 346 346 349 354 1 9 17 20 17 11 6 3 1 0 0 360 1 2 3 3 0 357 355 354 354 354 353 357 3 7 7 7 6 5 4 4 5 4 5 5 3 2 360 357 354 351 349 350 351 352 352 351 351 352 354 356 358 358 356 353 350 349 351 355 359 360 358 355 355 360 5 7 8 9 9 8 6 7 8 7 6 4 3 2 2 1 0 359 357 357
347 348 349 349 347 345 346 349 354 2 10 17 20 20 17 13 6 1 358 356 356 357 1 3 4 3 1 358 355 353 351 350 349 350 357 6 10 9 7 4 3 3 3 2 2 4 4 2 0 359 357 354 352 352 354 355 353 353 353 354 356 358 359 359 356 353 349 348 350 354 359 2 0 356 353 354 360 4 5 7 9 9 9 8 9 10 10 9 8 5 2 360 358 356 358 2
347 348 348 347 345 345 348 354 2 10 16 18 18 16 14 11 6 2 358 355 354 356 359 1 2 2 1 358 356 355 353 352 351 351 355 4 10 9 5 3 2 1 360 359 360 3 4 3 1 359 358 358 357 356 355 355 355 355 356 358 0 1 0 359 356 353 350 350 351 355 359 3 3 0 356 352 354 360 2 2 5 9 9 8 9 10 11 11 9 6 3 0 358 358 1 4
347 347 347 345 345 347 352 1 9 14 17 16 14 12 9 7 4 1 358 356 355 356 359 2 3 1 357 356 357 357 357 356 355 355 358 4 7 6 3 1 360 358 357 357 359 2 4 3 1 360 360 1 1 360 358 356 357 358 360 2 3 2 360 358 356 353 351 352 353 355 359 3 6 6 3 357 352 354 357 355 357 4 7 7 6 6 7 8 6 4 2 1 360 0 1 1
347 347 347 347 349 353 359 7 12 14 12 11 9 6 4 2 0 358 356 356 356 358 1 4 4 0 355 353 356 358 359 357 356 356 359 2 3 2 360 358 358 357 357 357 359 2 3 2 1 1 2 3 3 2 2 1 0 0 1 2 3 2 359 357 356 354 352 352 353 354 358 4 10 13 12 5 357 355 355 350 349 354 1 2 360 359 1 2 2 2 2 1 0 360 360 359
347 348 349 352 356 360 4 8 11 9 6 5 3 2 359 357 356 355 355 356 359 2 5 6 4 0 356 354 356 358 358 356 354 354 356 358 359 358 357 357 357 357 358 359 0 1 2 1 0 2 3 4 4 4 5 5 4 3 2 3 2 0 358 356 357 356 355 352 351 351 355 4 14 19 17 10 3 360 357 351 348 350 354 353 351 352 356 359 360 0 0 360 360 360 360 358
347 349 352 355 359 3 5 7 7 5 3 1 359 357 355 354 354 354 356 360 5 8 8 4 2 359 357 356 357 358 358 356 354 353 353 354 355 356 356 356 357 359 1 2 2 2 1 359 359 1 3 3 4 5 6 7 6 5 4 3 1 359 356 356 357 358 357 354 350 349 353 3 14 19 18 12 6 2 357 352 350 350 350 348 347 350 355 357 359 359 359 359 359 359 358 357
348 350 353 356 359 3 4 4 3 3 1 358 355 353 352 353 354 356 1 6 11 11 7 2 359 356 356 357 358 359 360 360 359 356 354 353 353 354 355 357 360 3 3 3 3 3 1 359 360 2 1 359 360 1 3 4 5 5 4 3 0 358 356 356 357 358 357 355 350 348 351 360 10 15 16 13 9 3 358 354 353 352 351 349 349 353 356 357 358 358 358 358 357 357 356 355
350 351 353 355 357 360 0 0 0 0 360 357 353 351 351 353 357 2 7 11 12 9 4 0 356 353 353 356 358 0 2 3 3 0 356 354 353 353 356 360 3 4 3 3 3 2 1 0 2 3 2 359 356 355 356 359 2 4 4 2 0 359 358 358 358 358 357 355 350 347 349 356 3 9 12 13 10 4 359 357 357 356 354 353 354 357 357 357 357 358 358 358 357 356 355 354
353 352 352 353 353 354 356 356 357 358 358 356 353 352 353 356 2 8 13 13 9 5 2 359 354 352 352 354 357 0 3 5 5 3 359 356 354 354 358 2 3 2 2 2 2 1 0 1 3 4 4 2 359 355 354 357 1 2 2 1 0 359 359 359 360 359 358 355 351 348 349 352 357 3 9 11 9 5 2 2 1 359 358 358 0 359 357 356 356 357 358 359 359 357 356 354
354 354 352 351 349 349 351 353 355 356 356 355 354 354 356 1 9 15 15 11 5 1 360 358 354 352 352 354 356 359 1 3 4 4 2 358 356 357 359 0 360 360 1 2 2 1 1 1 2 4 5 6 4 359 356 357 359 359 359 360 360 359 359 360 1 1 359 356 353 350 350 351 354 360 5 8 7 5 6 6 5 3 3 4 2 358 355 355 356 358 359 0 1 0 358 355
356 355 352 350 348 347 348 350 353 354 354 354 355 357 1 7 13 14 11 6 2 0 359 358 356 354 354 356 357 357 356 358 360 1 0 358 356 356 357 357 357 359 0 1 2 2 1 1 2 3 5 6 6 4 1 358 357 356 357 358 358 358 359 0 2 2 0 357 355 352 349 349 352 357 2 5 6 6 7 8 8 7 7 6 2 358 355 355 356 358 0 1 2 1 359 355
357 355 353 351 350 348 349 350 351 352 352 354 358 3 7 10 9 6 4 2 1 360 359 359 359 359 358 359 359 356 352 351 353 354 354 353 352 353 354 355 357 359 0 1 2 3 3 3 4 4 4 5 6 6 4 358 355 353 354 354 355 356 358 0 2 3 2 0 356 352 349 348 350 355 1 5 6 6 5 6 7 8 7 6 4 1 359 358 358 359 1 2 1 0 358 355
354 354 354 354 353 352 351 351 351 351 353 358 6 12 13 6 359 357 358 359 359 359 360 360 360 1 3 3 1 357 354 352 351 351 350 349 349 350 353 356 358 360 0 0 1 3 5 6 7 5 4 3 4 5 2 357 352 351 350 351 352 354 357 0 3 4 4 3 359 354 349 346 347 352 358 4 8 8 5 2 3 5 6 6 6 5 4 2 1 1 1 2 1 359 357 355
349 352 355 356 356 355 354 353 353 355 0 8 15 18 13 1 351 348 351 353 355 357 359 358 357 1 5 5 2 359 357 355 354 353 352 350 350 350 353 357 360 0 359 359 360 3 6 9 9 7 7 7 5 0 355 350 348 348 348 348 349 353 357 0 2 4 5 5 2 357 351 347 347 349 356 3 9 10 7 3 2 3 3 3 5 6 6 5 3 2 1 1 0 358 356 356
