project/data/elevation/US_DEM2016/US_DEM2016_point_11-01-2019_1927_30m_vel.asc
ncols	125
nrows	167
xllcorner	-2042055.000000
yllcorner	1465035.000000
cellsize	30.000000
NODATA_value	-9999.000000
[rows 114 to 151 of 167, columns 0 to 83 of 125]
4.99 4.98 5.02 5.09 5.23 5.44 5.49 5.18 4.69 4.21 3.80 3.45 3.19 3.05 3.14 3.49 4.05 4.62 5.04 5.33 5.49 5.39 5.08 4.98 5.22 5.42 5.48 5.52 5.57 5.53 5.41 5.11 4.68 4.36 4.26 4.34 4.60 4.89 5.11 5.25 5.40 5.58 5.71 5.73 5.51 5.15 4.93 4.91 4.95 5.03 5.11 5.08 4.98 4.77 4.42 4.16 4.14 4.37 4.67 4.87 4.94 4.90 4.81 4.72 4.69 4.72 4.75 4.69 4.54 4.41 4.35 4.32 4.34 4.36 4.34 4.28 4.20 4.14 4.14 4.19 4.11 3.86 3.65 3.53
5.09 5.11 5.15 5.15 5.15 5.12 4.91 4.48 3.99 3.59 3.28 3.06 2.93 3.06 3.56 4.31 5.00 5.53 5.88 5.98 5.73 5.22 4.65 4.52 4.73 4.84 4.89 5.03 5.21 5.41 5.62 5.71 5.54 5.04 4.52 4.39 4.69 5.08 5.34 5.49 5.62 5.71 5.73 5.60 5.24 4.77 4.48 4.50 4.66 4.89 5.17 5.30 5.30 5.17 4.81 4.31 4.01 4.06 4.26 4.49 4.69 4.85 4.95 4.97 4.96 4.91 4.78 4.58 4.42 4.34 4.33 4.36 4.40 4.40 4.34 4.27 4.25 4.26 4.27 4.23 4.06 3.84 3.66 3.51
5.16 5.19 5.19 5.14 5.02 4.81 4.49 4.16 4.02 4.03 4.04 4.01 4.14 4.57 5.20 5.85 6.27 6.39 6.27 5.95 5.48 4.99 4.54 4.26 4.19 4.14 4.25 4.54 4.78 4.96 5.20 5.52 5.74 5.70 5.44 5.30 5.36 5.50 5.56 5.59 5.57 5.54 5.51 5.38 5.11 4.74 4.39 4.32 4.53 4.85 5.14 5.34 5.46 5.52 5.46 5.27 4.99 4.73 4.58 4.58 4.67 4.76 4.84 4.90 4.94 4.90 4.73 4.52 4.34 4.23 4.20 4.25 4.32 4.37 4.37 4.35 4.36 4.40 4.44 4.45 4.43 4.35 4.30 4.30
5.15 5.13 5.09 5.03 4.90 4.67 4.43 4.31 4.39 4.63 4.93 5.30 5.75 6.21 6.56 6.68 6.56 6.23 5.82 5.37 5.04 4.94 4.88 4.62 4.27 4.05 4.01 4.21 4.41 4.46 4.49 4.72 5.18 5.65 5.87 5.88 5.73 5.52 5.36 5.25 5.18 5.19 5.24 5.21 5.09 4.88 4.54 4.34 4.48 4.75 4.91 5.02 5.19 5.43 5.63 5.77 5.81 5.70 5.45 5.15 4.97 4.83 4.74 4.68 4.66 4.61 4.49 4.35 4.26 4.20 4.16 4.16 4.22 4.33 4.42 4.48 4.53 4.57 4.63 4.77 4.97 5.11 5.20 5.30
5.08 5.01 4.94 4.91 4.84 4.74 4.66 4.60 4.61 4.78 5.21 5.81 6.34 6.60 6.57 6.26 5.71 5.25 4.98 4.72 4.63 4.77 4.95 4.96 4.77 4.47 4.24 4.16 4.29 4.30 4.12 4.06 4.34 4.92 5.36 5.51 5.41 5.21 5.06 4.97 4.96 5.05 5.13 5.07 4.93 4.86 4.69 4.43 4.42 4.51 4.55 4.57 4.71 5.00 5.31 5.56 5.74 5.85 5.82 5.61 5.29 4.96 4.69 4.48 4.30 4.14 4.02 4.07 4.23 4.36 4.38 4.35 4.35 4.42 4.52 4.61 4.68 4.74 4.82 4.98 5.17 5.35 5.51 5.58
5.00 4.92 4.86 4.87 4.85 4.84 4.85 4.82 4.82 5.02 5.48 5.92 6.10 5.99 5.67 5.24 4.88 4.64 4.43 4.25 4.22 4.30 4.46 4.66 4.73 4.61 4.44 4.37 4.48 4.56 4.42 4.13 4.03 4.18 4.56 4.86 4.99 5.00 5.02 5.03 5.05 5.09 5.05 4.88 4.73 4.74 4.75 4.61 4.46 4.39 4.31 4.32 4.47 4.75 5.05 5.26 5.35 5.38 5.44 5.46 5.31 4.99 4.67 4.38 4.08 3.87 3.90 4.15 4.43 4.61 4.69 4.67 4.62 4.58 4.58 4.61 4.65 4.69 4.77 4.86 4.91 4.96 5.02 5.02
4.95 4.91 4.88 4.88 4.86 4.90 4.98 5.02 5.12 5.42 5.76 5.85 5.66 5.34 4.98 4.71 4.57 4.40 4.17 4.01 3.93 3.91 4.03 4.25 4.36 4.38 4.44 4.54 4.64 4.75 4.78 4.57 4.24 4.05 4.06 4.31 4.61 4.83 5.02 5.11 5.13 5.11 4.98 4.72 4.54 4.55 4.66 4.65 4.49 4.36 4.28 4.31 4.50 4.73 4.94 5.08 5.08 4.97 4.93 4.99 4.99 4.86 4.68 4.48 4.32 4.31 4.46 4.62 4.69 4.72 4.75 4.77 4.73 4.64 4.54 4.46 4.43 4.47 4.56 4.61 4.61 4.58 4.56 4.50
4.99 4.98 4.95 4.89 4.86 4.94 5.10 5.26 5.48 5.75 5.83 5.65 5.37 5.11 4.87 4.68 4.47 4.27 4.18 4.20 4.25 4.29 4.34 4.32 4.28 4.31 4.45 4.57 4.60 4.67 4.80 4.83 4.68 4.41 4.17 4.15 4.39 4.68 4.89 5.01 5.07 5.06 4.86 4.54 4.30 4.24 4.36 4.42 4.33 4.24 4.23 4.29 4.41 4.50 4.59 4.74 4.84 4.81 4.73 4.68 4.71 4.74 4.76 4.78 4.85 4.95 4.98 4.92 4.80 4.69 4.64 4.65 4.66 4.63 4.54 4.43 4.38 4.45 4.52 4.48 4.40 4.36 4.37 4.37
5.04 5.01 4.93 4.85 4.85 4.95 5.14 5.42 5.77 5.87 5.72 5.44 5.19 4.98 4.77 4.54 4.36 4.34 4.52 4.73 4.84 4.81 4.67 4.51 4.41 4.40 4.44 4.48 4.48 4.53 4.66 4.77 4.79 4.69 4.53 4.45 4.53 4.67 4.75 4.85 4.92 4.83 4.49 4.10 3.88 3.87 4.02 4.15 4.14 4.05 4.00 3.97 3.94 3.95 4.04 4.24 4.50 4.69 4.71 4.68 4.69 4.74 4.81 4.87 4.91 4.94 4.92 4.88 4.84 4.79 4.71 4.63 4.61 4.60 4.54 4.49 4.48 4.49 4.39 4.21 4.08 4.03 4.06 4.13
4.94 4.88 4.79 4.76 4.83 4.95 5.11 5.33 5.56 5.55 5.35 5.10 4.87 4.61 4.33 4.23 4.34 4.55 4.71 4.73 4.63 4.52 4.48 4.56 4.65 4.65 4.50 4.40 4.37 4.39 4.48 4.54 4.55 4.59 4.68 4.77 4.80 4.75 4.86 4.74 4.66 4.29 3.76 3.47 3.42 3.54 3.75 3.98 4.04 3.93 3.77 3.61 3.46 3.42 3.53 3.76 4.09 4.38 4.53 4.60 4.66 4.74 4.78 4.74 4.70 4.73 4.78 4.81 4.83 4.85 4.83 4.73 4.62 4.51 4.39 4.35 4.29 4.15 3.95 3.82 3.79 3.80 3.78 3.78
4.90 4.86 4.82 4.80 4.85 4.93 5.01 5.06 5.02 4.88 4.73 4.63 4.46 4.16 3.99 4.15 4.36 4.41 4.27 4.02 3.89 3.99 4.25 4.55 4.76 4.85 4.76 4.56 4.41 4.31 4.36 4.43 4.45 4.51 4.61 4.69 4.70 4.66 4.58 4.53 4.24 3.72 3.39 3.38 3.49 3.58 3.70 3.92 4.04 4.03 3.96 3.82 3.61 3.43 3.40 3.57 3.83 4.07 4.26 4.44 4.61 4.74 4.83 4.92 4.99 5.03 4.97 4.85 4.72 4.67 4.70 4.69 4.56 4.35 4.20 4.11 3.97 3.83 3.76 3.76 3.80 3.76 3.64 3.55
5.06 5.11 5.10 4.95 4.84 4.81 4.81 4.75 4.62 4.46 4.60 4.40 4.26 4.01 3.99 4.08 3.99 3.79 3.60 3.49 3.58 3.91 4.32 4.62 4.77 4.87 4.92 4.83 4.62 4.42 4.37 4.46 4.50 4.45 4.34 4.25 4.24 4.30 4.32 4.22 3.94 3.75 3.91 4.17 4.29 4.22 4.17 4.20 4.28 4.32 4.30 4.22 4.09 3.92 3.81 3.80 3.85 4.04 4.30 4.51 4.64 4.75 4.91 5.13 5.21 5.14 4.95 4.76 4.59 4.51 4.49 4.48 4.39 4.23 4.09 3.94 3.80 3.74 3.78 3.85 3.86 3.76 3.66 3.68
5.14 5.17 5.09 4.85 4.68 4.62 4.61 4.54 4.46 4.43 4.42 4.32 4.12 3.94 3.82 3.65 3.41 3.32 3.39 3.58 3.89 4.24 4.56 4.72 4.72 4.72 4.79 4.83 4.73 4.55 4.44 4.49 4.51 4.36 4.11 3.98 4.04 4.18 4.26 4.24 4.22 4.43 4.73 4.90 4.97 4.99 4.93 4.82 4.71 4.60 4.45 4.30 4.22 4.20 4.16 4.09 4.06 4.23 4.47 4.61 4.61 4.67 4.80 4.88 4.78 4.62 4.53 4.52 4.56 4.57 4.47 4.36 4.25 4.16 4.05 3.87 3.66 3.50 3.48 3.60 3.77 3.90 4.03 4.13
4.92 4.77 4.51 4.40 4.39 4.46 4.50 4.46 4.41 4.39 4.57 4.01 3.87 3.79 3.65 3.47 3.41 3.55 3.88 4.35 4.70 4.86 4.85 4.65 4.39 4.35 4.44 4.51 4.52 4.49 4.47 4.52 4.57 4.50 4.33 4.27 4.37 4.48 4.55 4.60 4.72 4.85 4.91 4.96 5.11 5.31 5.44 5.41 5.25 5.00 4.77 4.58 4.43 4.34 4.29 4.24 4.26 4.34 4.46 4.53 4.49 4.50 4.53 4.45 4.31 4.26 4.37 4.53 4.63 4.62 4.49 4.30 4.18 4.10 4.04 3.97 3.83 3.61 3.42 3.44 3.75 4.18 4.45 4.44
4.58 4.29 3.99 4.02 4.19 4.39 4.49 4.44 4.35 4.77 4.03 3.83 3.83 3.95 4.05 4.11 4.27 4.56 4.97 5.32 5.45 5.32 4.94 4.47 4.16 4.13 4.17 4.18 4.23 4.31 4.37 4.45 4.58 4.70 4.75 4.79 4.83 4.80 4.76 4.75 4.73 4.67 4.73 4.92 5.20 5.47 5.69 5.79 5.75 5.59 5.36 5.13 4.91 4.69 4.52 4.40 4.33 4.28 4.30 4.40 4.40 4.40 4.37 4.29 4.26 4.40 4.59 4.66 4.54 4.35 4.21 4.15 4.10 4.05 4.01 4.06 4.16 4.18 4.04 3.92 4.07 4.36 4.48 4.35
4.59 4.39 4.17 4.27 4.45 4.56 4.55 4.47 4.36 4.74 4.13 4.09 4.21 4.47 4.78 5.05 5.33 5.54 5.62 5.58 5.40 5.09 4.70 4.38 4.22 4.18 4.14 4.14 4.21 4.29 4.31 4.34 4.50 4.72 4.85 4.87 4.82 4.74 4.68 4.61 4.51 4.52 4.72 5.01 5.33 5.58 5.72 5.76 5.78 5.73 5.54 5.27 5.04 4.87 4.73 4.59 4.43 4.25 4.20 4.30 4.40 4.44 4.44 4.43 4.50 4.66 4.70 4.50 4.13 3.86 3.83 3.91 4.00 4.07 4.08 4.06 4.11 4.30 4.49 4.55 4.55 4.52 4.39 4.31
4.84 4.82 4.87 5.02 5.08 4.93 4.68 4.53 4.48 4.44 4.40 4.46 4.65 4.94 5.21 5.43 5.54 5.51 5.34 5.03 4.64 4.30 4.15 4.17 4.24 4.28 4.29 4.38 4.51 4.56 4.50 4.47 4.57 4.75 4.80 4.67 4.54 4.52 4.56 4.58 4.61 4.72 4.95 5.18 5.35 5.42 5.35 5.24 5.21 5.24 5.18 5.08 5.01 4.95 4.86 4.75 4.62 4.48 4.33 4.34 4.48 4.56 4.59 4.63 4.71 4.74 4.55 4.16 3.80 3.68 3.75 3.89 4.02 4.14 4.27 4.27 4.14 4.10 4.29 4.61 4.82 4.89 4.92 5.11
4.96 5.06 5.24 5.35 5.32 5.14 4.86 4.64 4.57 4.58 4.61 4.68 4.83 5.01 5.14 5.14 5.03 4.86 4.61 4.24 3.87 3.68 3.73 3.97 4.20 4.35 4.48 4.64 4.79 4.88 4.92 4.94 5.00 5.04 5.03 4.90 4.71 4.62 4.64 4.76 4.95 5.17 5.32 5.33 5.24 5.03 4.75 4.56 4.56 4.72 4.91 5.04 5.10 5.05 4.93 4.84 4.78 4.72 4.60 4.54 4.57 4.66 4.73 4.78 4.77 4.61 4.28 3.93 3.79 3.84 3.96 4.10 4.18 4.22 4.30 4.39 4.43 4.33 4.30 4.54 4.99 5.40 5.73 5.98
4.99 5.09 5.22 5.24 5.22 5.20 5.09 4.88 4.75 4.74 4.74 4.71 4.71 4.72 4.69 4.67 4.60 4.39 4.06 3.78 3.66 3.70 3.90 4.14 4.31 4.44 4.57 4.71 4.84 4.99 5.17 5.34 5.42 5.42 5.41 5.36 5.19 4.99 4.85 4.93 5.16 5.33 5.32 5.19 4.97 4.66 4.33 4.16 4.24 4.54 4.90 5.12 5.17 5.09 4.99 4.92 4.87 4.84 4.76 4.66 4.65 4.72 4.80 4.80 4.72 4.48 4.10 3.87 3.89 4.03 4.17 4.25 4.31 4.35 4.30 4.31 4.49 4.73 4.88 5.06 5.41 5.69 5.82 5.80
5.06 5.20 5.38 5.41 5.37 5.32 5.30 5.25 5.13 4.99 4.82 4.64 4.47 4.37 4.39 4.47 4.44 4.23 4.03 4.04 4.20 4.35 4.44 4.50 4.53 4.57 4.64 4.73 4.85 4.99 5.15 5.30 5.40 5.48 5.59 5.69 5.68 5.51 5.24 5.09 5.13 5.12 5.07 4.99 4.78 4.47 4.24 4.16 4.27 4.59 4.98 5.22 5.29 5.23 5.13 5.04 4.94 4.86 4.74 4.65 4.63 4.65 4.69 4.69 4.63 4.45 4.20 4.07 4.12 4.25 4.35 4.36 4.35 4.37 4.40 4.46 4.59 4.92 5.34 5.67 5.78 5.58 5.24 5.02
5.23 5.43 5.70 5.73 5.60 5.39 5.34 5.39 5.35 5.12 4.81 4.56 4.38 4.31 4.37 4.40 4.30 4.24 4.34 4.59 4.80 4.84 4.81 4.78 4.75 4.75 4.77 4.81 4.90 5.02 5.11 5.14 5.15 5.29 5.58 5.89 6.09 6.09 5.85 5.46 5.18 5.01 4.96 4.84 4.59 4.36 4.28 4.33 4.49 4.79 5.10 5.32 5.44 5.42 5.29 5.13 4.98 4.84 4.70 4.65 4.62 4.89 4.57 4.57 4.55 4.47 4.40 4.42 4.49 4.55 4.58 4.55 4.46 4.38 4.47 4.71 4.98 5.31 5.77 6.07 5.93 5.41 4.83 4.49
5.29 5.40 5.57 5.62 5.56 5.37 5.22 5.17 5.12 4.94 4.71 4.55 4.49 4.48 4.43 4.26 4.17 4.33 4.61 4.79 4.84 4.84 4.85 4.88 4.88 4.84 4.81 4.80 4.85 4.99 5.10 5.12 5.11 5.23 5.50 5.80 6.04 6.19 6.19 5.92 5.41 5.01 4.71 4.44 4.23 4.21 4.32 4.46 4.67 4.97 5.21 5.36 5.46 5.48 5.39 5.22 5.03 4.86 4.72 4.70 4.73 4.72 4.65 4.60 4.58 4.58 4.60 4.68 4.78 4.84 4.83 4.82 4.78 4.70 4.71 4.94 5.41 5.98 6.40 6.41 6.06 5.54 4.97 4.51
5.14 5.02 4.87 4.90 5.01 5.02 4.92 4.84 4.83 4.82 4.81 4.84 4.89 4.86 4.62 4.31 4.20 4.33 4.47 4.52 4.60 4.74 4.87 4.94 4.92 4.84 4.74 4.68 4.72 4.83 4.96 5.06 5.14 5.21 5.26 5.31 5.41 5.59 5.76 5.72 5.32 4.77 4.30 4.01 3.98 4.12 4.30 4.47 4.76 5.11 5.25 5.25 5.28 5.36 5.38 5.27 5.08 4.91 4.77 4.78 4.87 4.89 4.81 4.71 4.64 4.64 4.72 4.82 4.93 5.03 5.14 5.26 5.34 5.39 5.43 5.59 5.98 6.44 6.62 6.42 6.09 5.84 5.50 5.03
4.86 4.58 4.10 3.89 3.96 4.15 4.35 4.55 4.77 5.00 5.21 5.39 5.47 5.32 4.94 4.53 4.30 4.20 4.12 4.16 4.40 4.69 4.88 4.94 4.92 4.86 4.76 4.64 4.57 4.60 4.64 4.71 4.79 4.84 4.76 4.66 4.64 4.70 4.78 4.81 4.69 4.41 4.12 3.96 4.03 4.21 4.34 4.56 4.96 5.24 5.21 5.08 5.09 5.19 5.28 5.26 5.14 5.01 4.90 4.93 5.00 5.00 4.94 4.83 4.71 4.68 4.79 4.93 5.06 5.21 5.45 5.75 6.05 6.34 6.55 6.67 6.74 6.73 6.50 6.15 6.06 6.16 6.20 6.01
4.58 4.22 3.64 3.40 3.39 3.58 3.95 4.34 4.69 5.05 5.36 5.53 5.48 5.24 4.91 4.60 4.35 4.17 4.11 4.25 4.49 4.71 4.84 4.91 4.93 4.95 4.91 4.79 4.60 4.48 4.42 4.34 4.29 4.28 4.23 4.12 4.02 3.97 3.96 4.04 4.15 4.20 4.19 4.23 4.40 4.59 4.77 5.05 5.35 5.35 5.15 5.01 5.02 5.09 5.18 5.24 5.25 5.27 5.32 5.35 5.28 5.15 5.03 4.93 4.86 4.83 4.89 5.03 5.19 5.41 5.74 6.16 6.62 7.00 7.22 7.22 7.04 6.72 6.30 6.05 6.16 6.45 6.73 6.87
4.45 4.14 3.71 3.63 3.73 3.92 4.18 4.38 4.55 4.78 5.04 5.13 4.97 4.74 4.59 4.49 4.39 4.32 4.38 4.57 4.75 4.88 4.92 4.93 4.94 4.98 5.05 5.06 4.96 4.73 4.51 4.32 4.18 4.08 3.94 3.76 3.59 3.52 3.59 3.77 3.99 4.19 4.40 4.66 4.91 5.14 5.38 5.58 5.59 5.36 5.09 5.00 5.02 5.04 5.10 5.21 5.36 5.53 5.67 5.64 5.42 5.14 4.98 4.96 5.00 5.03 5.04 5.10 5.28 5.59 5.99 6.37 6.67 6.82 6.86 6.77 6.55 6.25 6.01 5.99 6.14 6.36 6.68 7.01
4.69 4.56 4.51 4.64 4.76 4.79 4.71 4.61 4.59 4.63 4.67 4.65 4.51 4.37 4.34 4.39 4.44 4.47 4.58 4.78 4.94 5.06 5.06 4.98 4.92 4.94 5.05 5.18 5.21 5.09 4.79 4.51 4.27 4.01 3.75 3.54 3.40 3.38 3.53 3.78 4.05 4.37 4.74 5.06 5.27 5.43 5.56 5.58 5.43 5.16 4.96 4.90 4.90 4.89 4.94 5.08 5.26 5.40 5.41 5.24 5.01 4.88 4.84 4.91 4.98 5.05 5.08 5.13 5.27 5.57 5.92 6.11 6.09 5.95 5.81 5.71 5.64 5.61 5.65 5.73 5.76 5.84 6.14 6.50
5.03 5.13 5.39 5.64 5.74 5.62 5.28 5.06 4.95 4.80 4.57 4.33 4.21 4.21 4.29 4.41 4.52 4.62 4.79 4.99 5.13 5.20 5.10 4.95 4.85 4.86 4.96 5.09 5.17 5.13 4.94 4.65 4.33 3.99 3.68 3.52 3.49 3.54 3.67 3.92 4.31 4.80 5.21 5.41 5.45 5.41 5.37 5.29 5.12 4.90 4.76 4.68 4.63 4.65 4.74 4.85 4.95 4.96 4.84 4.63 4.56 4.61 4.73 4.84 4.87 4.90 4.98 5.07 5.17 5.33 5.48 5.42 5.21 5.02 4.89 4.88 5.01 5.23 5.39 5.45 5.43 5.46 5.62 5.79
5.11 5.28 5.56 5.74 5.85 5.87 5.81 5.65 5.40 5.04 4.64 4.32 4.18 4.24 4.41 4.57 4.71 4.87 5.05 5.16 5.17 5.09 4.91 4.76 4.71 4.75 4.83 4.90 4.93 4.92 4.86 4.67 4.42 4.12 3.86 3.73 3.74 3.81 3.96 4.29 4.84 5.33 5.55 5.53 5.39 5.25 5.17 5.10 4.94 4.75 4.60 4.50 4.44 4.53 4.63 4.68 4.62 4.49 4.34 4.25 4.29 4.45 4.62 4.71 4.70 4.70 4.80 4.97 5.12 5.21 5.14 4.93 4.76 4.69 4.69 4.81 5.08 5.32 5.42 5.42 5.43 5.45 5.44 5.46
5.05 5.17 5.33 5.37 5.37 5.43 5.61 5.62 5.42 5.09 4.76 4.52 4.41 4.45 4.61 4.79 4.97 5.12 5.18 5.10 4.93 4.73 4.61 4.58 4.62 4.68 4.70 4.65 4.66 4.72 4.72 4.65 4.51 4.32 4.15 4.08 4.11 4.20 4.43 4.90 5.34 5.48 5.37 5.19 5.08 5.04 5.06 5.03 4.89 4.67 4.53 4.47 4.50 4.56 4.60 4.59 4.44 4.18 3.99 3.97 4.10 4.32 4.49 4.54 4.52 4.58 4.72 4.91 5.08 5.17 5.10 4.97 4.88 4.84 4.86 5.09 5.44 5.66 5.72 5.66 5.62 5.56 5.48 5.53
5.02 5.11 5.25 5.24 5.09 4.87 4.83 4.90 4.95 4.91 4.79 4.66 4.61 4.64 4.74 4.90 5.06 5.12 5.01 4.79 4.55 4.39 4.38 4.52 4.66 4.74 4.74 4.69 4.72 4.76 4.76 4.69 4.57 4.45 4.40 4.44 4.55 4.74 5.00 5.26 5.31 5.11 4.88 4.77 4.81 4.93 5.04 5.02 4.85 4.63 4.50 4.50 4.52 4.55 4.58 4.61 4.58 4.43 4.22 4.12 4.19 4.32 4.40 4.44 4.50 4.60 4.76 4.90 4.97 4.98 5.02 5.07 5.03 4.92 4.96 5.30 5.74 5.95 5.95 5.87 5.73 5.61 5.54 5.63
5.04 5.08 5.09 4.99 4.81 4.49 4.24 4.18 4.32 4.49 4.58 4.61 4.62 4.66 4.72 4.80 4.84 4.74 4.50 4.27 4.12 4.08 4.22 4.52 4.79 4.92 4.97 4.99 5.02 4.98 4.88 4.74 4.60 4.52 4.53 4.64 4.82 5.02 5.12 5.07 4.88 4.69 4.63 4.70 4.82 4.93 5.00 4.96 4.78 4.58 4.47 4.41 4.38 4.44 4.59 4.73 4.87 4.93 4.83 4.72 4.64 4.51 4.45 4.47 4.55 4.66 4.81 4.93 4.95 4.94 5.02 5.12 5.09 5.07 5.28 5.76 6.10 6.09 5.92 5.79 5.67 5.59 5.58 5.57
5.03 4.91 4.57 4.17 3.95 3.85 3.82 3.87 3.97 4.13 4.33 4.50 4.58 4.62 4.66 4.64 4.52 4.32 4.14 4.06 4.05 4.15 4.39 4.72 4.92 4.99 5.05 5.10 5.07 4.96 4.87 4.77 4.65 4.59 4.61 4.71 4.82 4.91 4.91 4.82 4.69 4.60 4.67 4.83 4.92 4.91 4.86 4.77 4.64 4.51 4.37 4.25 4.28 4.47 4.67 4.82 5.00 5.18 5.28 5.27 5.11 4.81 4.60 4.58 4.64 4.74 4.89 5.04 5.16 5.27 5.31 5.26 5.29 5.52 5.96 6.30 6.31 6.01 5.72 5.62 5.58 5.59 5.57 5.40
4.87 4.63 4.17 3.68 3.37 3.45 3.69 3.89 4.02 4.18 4.38 4.52 4.56 4.60 4.64 4.61 4.51 4.46 4.53 4.61 4.66 4.73 4.87 4.95 4.92 4.85 4.85 4.84 4.68 4.54 4.59 4.66 4.66 4.65 4.70 4.77 4.84 4.91 4.97 4.97 4.85 4.71 4.73 4.83 4.85 4.78 4.68 4.56 4.41 4.27 4.15 4.16 4.34 4.60 4.76 4.85 4.98 5.18 5.37 5.43 5.36 5.16 4.93 4.86 4.87 4.89 4.96 5.11 5.28 5.36 5.31 5.26 5.46 5.91 6.32 6.31 5.99 5.62 5.43 5.44 5.52 5.54 5.44 5.22
4.75 4.55 4.35 4.19 4.01 3.96 4.02 4.05 4.10 4.27 4.44 4.51 4.54 4.60 4.69 4.74 4.81 4.95 5.08 5.07 4.96 4.89 4.92 4.90 4.79 4.63 4.50 4.35 4.14 4.05 4.16 4.35 4.56 4.71 4.81 4.89 5.00 5.15 5.28 5.28 5.09 4.83 4.68 4.65 4.62 4.59 4.54 4.42 4.22 4.03 4.00 4.19 4.49 4.68 4.73 4.79 4.92 5.10 5.25 5.34 5.41 5.42 5.33 5.18 5.05 4.96 4.94 4.99 5.02 5.00 5.00 5.22 5.67 6.09 6.13 5.75 5.32 5.08 5.00 5.05 5.17 5.19 5.04 4.90
4.78 4.72 4.69 4.69 4.61 4.54 4.43 4.32 4.28 4.32 4.35 4.38 4.49 4.64 4.79 4.94 5.09 5.17 5.07 4.85 4.69 4.65 4.74 4.82 4.75 4.49 4.17 3.93 3.82 3.85 3.96 4.16 4.47 4.75 4.93 5.06 5.20 5.34 5.38 5.31 5.14 4.90 4.64 4.46 4.38 4.43 4.48 4.36 4.13 4.02 4.10 4.33 4.55 4.63 4.63 4.66 4.79 4.96 5.09 5.18 5.30 5.40 5.39 5.21 4.99 4.87 4.82 4.79 4.77 4.79 5.00 5.44 5.84 5.86 5.52 5.06 4.80 4.71 4.66 4.62 4.67 4.74 4.62 4.43
4.86 4.85 4.86 4.87 4.80 4.76 4.84 4.90 4.85 4.64 4.41 4.34 4.47 4.69 4.90 5.07 5.17 5.12 4.98 4.92 4.99 5.09 5.13 5.09 4.88 4.53 4.18 3.99 4.00 4.11 4.19 4.29 4.49 4.75 4.99 5.16 5.25 5.24 5.15 5.05 4.99 4.90 4.69 4.46 4.35 4.41 4.45 4.33 4.18 4.17 4.30 4.47 4.56 4.56 4.52 4.53 4.61 4.73 4.86 4.99 5.11 5.20 5.19 5.03 4.81 4.69 4.67 4.70 4.78 4.94 5.23 5.52 5.48 5.14 4.80 4.62 4.57 4.58 4.56 4.48 4.47 4.53 4.44 4.22
4.81 4.79 4.83 5.04 5.20 5.27 5.31 5.23 4.96 4.58 4.31 4.33 4.53 4.72 4.89 5.02 5.08 5.13 5.30 5.60 5.87 5.94 5.81 5.56 5.19 4.83 4.58 4.52 4.57 4.62 4.60 4.54 4.57 4.70 4.86 4.94 4.93 4.91 4.86 4.84 4.88 4.90 4.83 4.68 4.58 4.51 4.40 4.30 4.26 4.30 4.43 4.59 4.63 4.58 4.52 4.50 4.50 4.53 4.65 4.83 4.96 5.01 4.98 4.83 4.59 4.48 4.57 4.71 4.87 5.02 5.16 5.10 4.79 4.53 4.46 4.45 4.46 4.53 4.55 4.50 4.44 4.40 4.31 4.16
