project/data/elevation/US_DEM2016/US_DEM2016_point_10-28-2019_2259_30m_vel.asc
ncols	125
nrows	167
xllcorner	-2042055.000000
yllcorner	1465035.000000
cellsize	30.000000
NODATA_value	-9999.000000
[rows 38 to 75 of 167, columns 0 to 83 of 125]
1.71 1.65 1.52 1.44 1.35 1.29 1.25 1.18 1.08 0.97 1.06 0.91 0.92 0.99 1.24 1.22 1.28 1.22 1.39 1.47 1.49 1.49 1.50 1.55 1.61 1.66 1.72 1.78 1.78 1.73 1.63 1.52 1.46 1.44 1.47 1.58 1.70 1.79 1.85 1.94 2.01 2.03 2.02 2.00 1.98 1.95 1.81 1.59 1.45 1.36 1.34 1.36 1.32 1.30 1.37 1.42 1.44 1.51 1.54 1.55 1.49 1.39 1.36 1.32 1.25 1.18 1.07 1.02 1.03 1.01 1.00 1.05 1.13 1.20 1.25 1.31 1.37 1.48 1.62 1.80 1.96 2.02 1.99 1.90
1.68 1.53 1.33 1.25 1.17 1.13 1.10 1.06 1.04 1.04 1.06 1.06 1.01 1.18 1.23 1.15 1.19 1.31 1.23 1.22 1.15 1.12 1.14 1.22 1.37 1.51 1.62 1.72 1.78 1.79 1.75 1.67 1.59 1.57 1.65 1.80 1.91 1.97 2.01 2.03 2.06 2.02 2.00 1.97 1.93 1.87 1.71 1.54 1.42 1.33 1.33 1.38 1.37 1.32 1.38 1.45 1.51 1.57 1.53 1.44 1.30 1.15 1.06 1.03 1.03 1.02 0.96 0.93 0.96 0.96 0.92 0.99 1.10 1.18 1.21 1.25 1.29 1.35 1.44 1.49 1.52 1.59 1.72 1.83
1.60 1.44 1.24 1.15 1.12 1.12 1.12 1.14 1.18 1.25 1.31 1.32 1.24 1.14 1.39 1.21 1.19 1.28 1.19 1.06 1.00 1.03 1.10 1.21 1.37 1.48 1.57 1.66 1.72 1.78 1.82 1.80 1.78 1.84 1.96 2.09 2.18 2.21 2.15 2.05 2.00 1.88 1.78 1.76 1.75 1.80 1.78 1.76 1.70 1.65 1.58 1.53 1.47 1.37 1.37 1.42 1.49 1.52 1.44 1.30 1.14 0.97 0.80 0.74 0.75 0.79 0.86 0.92 0.95 0.93 0.88 0.94 1.10 1.18 1.18 1.20 1.23 1.26 1.31 1.31 1.31 1.36 1.54 1.81
1.56 1.45 1.31 1.26 1.27 1.28 1.29 1.31 1.36 1.43 1.48 1.46 1.37 1.30 1.27 1.29 1.31 1.30 1.24 1.17 1.17 1.23 1.30 1.35 1.39 1.43 1.44 1.50 1.61 1.70 1.83 1.89 1.97 2.08 2.18 2.26 2.28 2.22 2.10 1.96 1.85 1.74 1.63 1.54 1.57 1.63 1.71 1.75 1.79 1.82 1.81 1.68 1.53 1.38 1.32 1.33 1.34 1.32 1.26 1.17 1.08 0.96 0.81 0.76 0.81 0.87 0.94 0.98 0.97 0.94 0.92 0.96 1.08 1.14 1.11 1.10 1.17 1.26 1.28 1.25 1.27 1.29 1.38 1.65
1.57 1.51 1.44 1.42 1.41 1.40 1.39 1.41 1.48 1.55 1.55 1.48 1.36 1.34 1.39 1.43 1.43 1.43 1.43 1.44 1.47 1.51 1.55 1.56 1.56 1.53 1.49 1.49 1.57 1.66 1.83 1.96 2.13 2.25 2.27 2.20 2.09 1.96 1.82 1.70 1.63 1.58 1.47 1.40 1.37 1.42 1.51 1.53 1.57 1.62 1.66 1.61 1.50 1.36 1.31 1.31 1.29 1.23 1.18 1.19 1.18 1.14 1.08 1.08 1.13 1.13 1.08 1.03 1.04 1.05 1.02 0.99 1.02 1.02 0.94 0.92 1.06 1.23 1.26 1.20 1.25 1.30 1.39 1.60
1.57 1.52 1.48 1.46 1.46 1.46 1.49 1.55 1.62 1.64 1.59 1.50 1.39 1.43 1.43 1.47 1.50 1.53 1.57 1.62 1.68 1.74 1.75 1.74 1.71 1.65 1.62 1.61 1.65 1.70 1.84 2.00 2.13 2.20 2.15 2.01 1.85 1.70 1.57 1.48 1.46 1.43 1.36 1.26 1.23 1.28 1.34 1.30 1.23 1.16 1.16 1.25 1.31 1.32 1.34 1.40 1.42 1.41 1.41 1.41 1.40 1.38 1.38 1.38 1.31 1.21 1.17 1.20 1.21 1.13 1.01 0.92 0.92 0.91 0.84 0.83 0.97 1.15 1.17 1.11 1.20 1.35 1.49 1.56
1.56 1.53 1.52 1.53 1.57 1.65 1.72 1.76 1.76 1.71 1.62 1.53 1.46 1.41 1.44 1.49 1.54 1.58 1.62 1.68 1.75 1.77 1.75 1.71 1.67 1.62 1.61 1.63 1.69 1.76 1.92 1.99 2.00 1.95 1.88 1.82 1.74 1.63 1.47 1.34 1.27 1.27 1.25 1.16 1.12 1.18 1.15 1.09 0.99 0.92 0.92 0.98 1.10 1.21 1.35 1.49 1.56 1.59 1.59 1.55 1.52 1.52 1.48 1.40 1.29 1.26 1.32 1.31 1.19 0.97 0.87 0.88 0.91 0.91 0.89 0.91 1.02 1.14 1.14 1.08 1.15 1.33 1.43 1.45
1.61 1.62 1.64 1.68 1.73 1.79 1.82 1.82 1.78 1.71 1.62 1.55 1.52 1.51 1.57 1.63 1.65 1.66 1.67 1.68 1.67 1.62 1.57 1.55 1.56 1.56 1.56 1.60 1.72 1.85 1.98 1.92 1.79 1.69 1.64 1.64 1.62 1.57 1.42 1.26 1.12 1.09 1.09 1.04 1.03 1.06 1.05 1.08 1.10 1.11 1.08 1.02 1.03 1.17 1.38 1.54 1.56 1.54 1.52 1.52 1.50 1.52 1.46 1.40 1.39 1.42 1.37 1.20 0.98 0.88 0.91 1.00 1.05 1.06 1.06 1.10 1.19 1.23 1.27 1.15 1.17 1.25 1.33 1.38
1.66 1.67 1.71 1.75 1.75 1.73 1.70 1.66 1.63 1.59 1.55 1.51 1.53 1.61 1.71 1.74 1.73 1.72 1.69 1.64 1.57 1.49 1.45 1.45 1.51 1.54 1.57 1.65 1.79 1.90 1.92 1.77 1.59 1.51 1.48 1.45 1.41 1.41 1.38 1.25 1.05 0.96 0.98 1.03 1.09 1.11 1.18 1.22 1.25 1.19 1.08 1.03 1.12 1.31 1.49 1.55 1.50 1.47 1.47 1.50 1.49 1.50 1.50 1.48 1.46 1.39 1.16 1.02 1.01 1.09 1.19 1.24 1.25 1.26 1.28 1.32 1.36 1.36 1.33 1.31 1.53 1.31 1.36 1.42
1.67 1.65 1.65 1.66 1.64 1.59 1.52 1.46 1.42 1.41 1.42 1.41 1.50 1.54 1.63 1.65 1.66 1.65 1.60 1.55 1.51 1.46 1.43 1.43 1.47 1.51 1.57 1.68 1.81 1.84 1.75 1.58 1.47 1.41 1.36 1.31 1.25 1.25 1.29 1.27 1.11 1.01 1.06 1.18 1.24 1.28 1.29 1.21 1.07 0.93 0.91 1.05 1.32 1.59 1.68 1.63 1.57 1.54 1.54 1.55 1.52 1.53 1.51 1.46 1.37 1.23 1.13 1.17 1.31 1.45 1.52 1.54 1.53 1.53 1.53 1.55 1.55 1.53 1.52 1.53 1.46 1.43 1.47 1.49
1.65 1.62 1.56 1.54 1.51 1.47 1.41 1.35 1.30 1.28 1.30 1.32 1.35 1.41 1.43 1.43 1.48 1.50 1.51 1.50 1.46 1.42 1.40 1.39 1.41 1.44 1.49 1.62 1.76 1.75 1.65 1.53 1.46 1.39 1.29 1.19 1.14 1.13 1.16 1.20 1.15 1.07 1.08 1.15 1.19 1.23 1.23 1.08 0.95 0.92 1.07 1.38 1.71 1.88 1.90 1.78 1.69 1.61 1.59 1.61 1.60 1.60 1.57 1.51 1.49 1.52 1.63 1.77 1.88 1.94 1.96 1.96 1.95 1.93 1.92 1.92 1.92 1.88 1.81 1.71 1.57 1.48 1.51 1.51
1.66 1.64 1.53 1.46 1.44 1.43 1.40 1.35 1.31 1.28 1.31 1.36 1.43 1.41 1.43 1.43 1.45 1.47 1.48 1.46 1.41 1.37 1.35 1.34 1.35 1.38 1.42 1.56 1.71 1.69 1.63 1.57 1.51 1.43 1.32 1.18 1.11 1.03 0.99 1.03 1.04 0.98 0.94 0.94 1.00 1.09 1.17 1.13 1.12 1.23 1.52 1.85 2.03 2.06 1.99 1.84 1.72 1.65 1.65 1.71 1.73 1.75 1.74 1.78 1.88 2.01 2.16 2.28 2.36 2.40 2.40 2.40 2.39 2.37 2.34 2.31 2.27 2.23 2.10 1.90 1.69 1.54 1.51 1.47
1.68 1.64 1.54 1.45 1.42 1.42 1.44 1.44 1.41 1.41 1.47 1.55 1.62 1.62 1.60 1.58 1.56 1.52 1.47 1.43 1.39 1.35 1.32 1.30 1.31 1.36 1.43 1.58 1.68 1.62 1.51 1.51 1.47 1.41 1.39 1.33 1.20 1.03 0.91 0.95 1.00 1.00 1.01 1.02 1.08 1.16 1.29 1.39 1.49 1.70 1.98 2.13 2.14 2.02 1.90 1.77 1.69 1.67 1.65 1.67 1.70 1.76 1.81 1.88 2.02 2.14 2.22 2.30 2.34 2.36 2.37 2.39 2.39 2.39 2.36 2.30 2.25 2.23 2.17 2.06 1.92 1.77 1.59 1.46
1.68 1.62 1.51 1.47 1.44 1.41 1.43 1.47 1.49 1.51 1.61 1.73 1.77 1.76 1.72 1.65 1.58 1.50 1.45 1.42 1.40 1.37 1.32 1.28 1.29 1.37 1.46 1.58 1.60 1.46 1.36 1.37 1.35 1.35 1.39 1.43 1.32 1.18 1.10 1.14 1.24 1.31 1.37 1.38 1.41 1.49 1.67 1.86 2.07 2.22 2.26 2.21 2.05 1.85 1.75 1.65 1.59 1.55 1.49 1.46 1.50 1.55 1.67 1.74 1.82 1.86 1.81 1.79 1.76 1.77 1.81 1.86 1.88 1.89 1.86 1.83 1.83 1.84 1.86 1.90 1.92 1.89 1.80 1.61
1.66 1.55 1.41 1.39 1.38 1.38 1.39 1.44 1.49 1.52 1.61 1.74 1.76 1.74 1.68 1.58 1.47 1.40 1.37 1.35 1.34 1.32 1.29 1.27 1.30 1.37 1.45 1.53 1.48 1.30 1.25 1.26 1.25 1.25 1.31 1.35 1.36 1.35 1.37 1.46 1.55 1.61 1.65 1.69 1.77 1.91 2.09 2.24 2.32 2.32 2.24 2.08 1.91 1.74 1.64 1.55 1.47 1.39 1.36 1.33 1.37 1.43 1.48 1.52 1.52 1.42 1.31 1.18 1.14 1.15 1.20 1.25 1.28 1.28 1.28 1.27 1.29 1.32 1.37 1.44 1.56 1.66 1.70 1.68
1.60 1.48 1.32 1.27 1.27 1.32 1.36 1.39 1.47 1.51 1.73 1.61 1.57 1.53 1.48 1.40 1.32 1.26 1.23 1.22 1.22 1.23 1.26 1.30 1.34 1.38 1.43 1.48 1.42 1.31 1.27 1.28 1.26 1.24 1.20 1.22 1.32 1.37 1.43 1.54 1.63 1.68 1.73 1.82 1.97 2.13 2.22 2.23 2.17 2.07 1.97 1.88 1.78 1.68 1.61 1.53 1.45 1.40 1.41 1.43 1.47 1.48 1.45 1.42 1.33 1.20 1.11 1.05 1.05 1.06 1.02 0.96 0.92 0.91 0.90 0.91 0.93 0.97 1.01 1.02 1.04 1.10 1.17 1.26
1.56 1.46 1.33 1.28 1.26 1.26 1.27 1.29 1.35 1.41 1.41 1.47 1.28 1.22 1.18 1.17 1.16 1.11 1.08 1.11 1.19 1.26 1.31 1.37 1.39 1.41 1.45 1.48 1.48 1.47 1.44 1.38 1.32 1.23 1.11 1.11 1.22 1.28 1.33 1.39 1.49 1.57 1.66 1.82 2.01 2.11 2.08 1.93 1.74 1.66 1.65 1.69 1.70 1.66 1.61 1.56 1.50 1.49 1.54 1.55 1.54 1.51 1.42 1.36 1.28 1.23 1.24 1.25 1.22 1.14 0.99 0.82 0.73 0.69 0.66 0.67 0.69 0.70 0.72 0.68 0.64 0.66 0.74 0.88
1.56 1.51 1.46 1.42 1.37 1.29 1.19 1.13 1.16 1.22 1.23 1.38 1.04 0.98 0.98 1.12 1.02 1.00 1.01 1.10 1.24 1.36 1.42 1.44 1.45 1.46 1.50 1.54 1.56 1.57 1.50 1.40 1.30 1.18 1.07 1.05 1.16 1.24 1.27 1.29 1.35 1.46 1.59 1.81 1.98 1.97 1.81 1.58 1.49 1.46 1.46 1.52 1.58 1.61 1.57 1.53 1.49 1.50 1.54 1.49 1.42 1.35 1.28 1.26 1.30 1.35 1.39 1.38 1.24 1.05 0.87 0.77 0.72 0.66 0.59 0.56 0.54 0.49 0.47 0.48 0.78 0.70 0.90 1.05
1.61 1.63 1.64 1.61 1.54 1.43 1.27 1.18 1.14 1.17 1.19 1.38 1.27 1.01 1.04 1.05 1.06 1.08 1.13 1.22 1.34 1.47 1.52 1.54 1.56 1.59 1.61 1.62 1.61 1.59 1.49 1.42 1.38 1.30 1.19 1.18 1.29 1.38 1.39 1.39 1.42 1.50 1.64 1.85 1.90 1.78 1.53 1.38 1.32 1.30 1.29 1.35 1.45 1.49 1.45 1.42 1.39 1.39 1.36 1.26 1.16 1.10 1.13 1.20 1.36 1.44 1.42 1.32 1.12 0.97 0.91 0.93 0.94 0.84 0.69 0.60 0.56 0.57 0.52 0.61 0.80 1.07 1.35 1.45
1.68 1.72 1.73 1.70 1.65 1.59 1.50 1.42 1.34 1.32 1.69 1.26 1.23 1.26 1.31 1.34 1.35 1.38 1.41 1.45 1.52 1.61 1.67 1.71 1.76 1.78 1.75 1.71 1.71 1.72 1.70 1.68 1.66 1.60 1.48 1.46 1.54 1.60 1.62 1.62 1.63 1.64 1.73 1.85 1.80 1.56 1.34 1.20 1.15 1.15 1.14 1.19 1.31 1.35 1.34 1.31 1.28 1.23 1.15 1.08 1.06 1.10 1.20 1.31 1.43 1.43 1.31 1.17 1.06 1.08 1.17 1.22 1.12 0.94 0.80 0.75 0.76 0.78 0.85 1.02 1.30 1.58 1.71 1.68
1.70 1.68 1.64 1.63 1.65 1.68 1.66 1.59 1.49 1.41 1.38 1.38 1.43 1.51 1.61 1.65 1.70 1.74 1.76 1.77 1.79 1.79 1.82 1.87 1.91 1.89 1.84 1.81 1.82 1.83 1.83 1.80 1.75 1.70 1.61 1.57 1.60 1.64 1.70 1.75 1.76 1.75 1.78 1.77 1.60 1.34 1.15 1.03 1.00 1.00 1.01 1.03 1.13 1.24 1.29 1.28 1.26 1.22 1.19 1.23 1.29 1.39 1.49 1.55 1.54 1.44 1.28 1.22 1.25 1.34 1.40 1.33 1.13 0.94 0.89 0.95 1.02 1.11 1.27 1.51 1.75 1.85 1.80 1.62
1.69 1.60 1.50 1.49 1.54 1.62 1.65 1.60 1.51 1.40 1.93 1.38 1.48 1.59 1.71 1.79 1.84 1.90 1.94 1.94 1.92 1.90 1.90 1.93 1.91 1.87 1.85 1.86 1.85 1.79 1.67 1.56 1.50 1.51 1.51 1.52 1.55 1.60 1.65 1.72 1.77 1.77 1.74 1.62 1.37 1.12 0.96 0.88 0.85 0.86 0.86 0.85 0.96 1.15 1.27 1.33 1.36 1.37 1.41 1.45 1.50 1.61 1.72 1.78 1.72 1.64 1.49 1.47 1.55 1.59 1.48 1.28 1.12 1.09 1.17 1.27 1.39 1.55 1.75 1.92 1.97 1.87 1.70 1.51
1.68 1.57 1.43 1.39 1.38 1.40 1.44 1.46 1.44 1.36 1.28 1.30 1.36 1.46 1.55 1.60 1.65 1.67 1.69 1.70 1.72 1.75 1.78 1.76 1.71 1.69 1.73 1.79 1.78 1.73 1.63 1.48 1.38 1.37 1.46 1.56 1.63 1.66 1.67 1.68 1.70 1.64 1.57 1.44 1.24 1.01 0.85 0.81 0.84 0.87 0.86 0.84 0.93 1.14 1.32 1.44 1.51 1.55 1.57 1.56 1.61 1.76 1.90 1.95 1.88 1.85 1.81 1.75 1.75 1.72 1.54 1.39 1.38 1.51 1.66 1.79 1.94 2.07 2.14 2.10 1.96 1.76 1.59 1.46
1.66 1.52 1.35 1.30 1.24 1.18 1.18 1.23 1.28 1.23 1.14 1.10 1.09 1.12 1.17 1.20 1.20 1.17 1.09 1.08 1.23 1.39 1.42 1.35 1.28 1.36 1.54 1.63 1.64 1.67 1.70 1.69 1.65 1.60 1.60 1.65 1.68 1.67 1.63 1.58 1.53 1.47 1.41 1.38 1.28 1.13 1.02 1.03 1.09 1.13 1.14 1.14 1.18 1.28 1.39 1.50 1.59 1.68 1.73 1.78 1.89 2.02 2.04 1.98 1.90 1.90 1.92 1.94 1.95 1.92 1.87 1.86 1.95 2.07 2.15 2.22 2.27 2.29 2.23 2.05 1.85 1.68 1.57 1.45
1.59 1.43 1.25 1.21 1.17 1.12 1.07 1.07 1.12 1.10 1.01 0.91 0.81 0.75 0.74 0.76 0.77 0.73 0.69 0.71 0.84 0.97 1.00 0.94 0.97 1.15 1.43 1.53 1.52 1.50 1.57 1.68 1.75 1.78 1.72 1.64 1.57 1.52 1.45 1.38 1.35 1.39 1.44 1.51 1.51 1.52 1.48 1.48 1.50 1.52 1.53 1.50 1.45 1.43 1.43 1.47 1.54 1.66 1.81 1.98 2.11 2.10 1.99 1.81 1.67 1.69 1.83 1.92 2.02 2.09 2.15 2.22 2.29 2.31 2.28 2.25 2.21 2.13 2.00 1.85 1.73 1.63 1.55 1.48
1.53 1.41 1.26 1.19 1.17 1.15 1.09 1.05 1.07 1.09 1.03 0.91 0.77 0.66 0.59 0.56 0.60 0.66 0.77 0.83 0.83 0.81 0.78 0.80 0.94 1.19 1.46 1.51 1.44 1.34 1.34 1.41 1.53 1.63 1.62 1.49 1.35 1.27 1.25 1.23 1.27 1.41 1.56 1.67 1.72 1.77 1.80 1.77 1.75 1.73 1.65 1.55 1.50 1.49 1.47 1.49 1.55 1.69 1.86 1.99 2.00 1.90 1.72 1.53 1.45 1.50 1.65 1.76 1.85 1.97 2.06 2.10 2.11 2.07 2.00 1.92 1.82 1.71 1.63 1.57 1.52 1.47 1.42 1.35
1.55 1.49 1.39 1.31 1.26 1.23 1.18 1.14 1.13 1.16 1.15 1.08 0.99 0.89 0.78 0.71 0.61 0.88 1.06 1.14 1.09 0.98 0.91 0.94 1.09 1.34 1.53 1.53 1.41 1.26 1.20 1.20 1.25 1.32 1.37 1.35 1.28 1.22 1.22 1.29 1.40 1.57 1.68 1.72 1.71 1.74 1.76 1.78 1.77 1.71 1.56 1.45 1.45 1.49 1.52 1.55 1.62 1.77 1.87 1.85 1.71 1.53 1.39 1.32 1.35 1.45 1.53 1.56 1.60 1.68 1.73 1.73 1.68 1.63 1.59 1.53 1.43 1.33 1.25 1.23 1.21 1.19 1.16 1.12
1.57 1.53 1.48 1.44 1.39 1.32 1.28 1.29 1.30 1.33 1.34 1.34 1.31 1.22 1.11 1.02 1.00 1.06 1.18 1.30 1.32 1.27 1.22 1.23 1.34 1.52 1.63 1.61 1.51 1.33 1.23 1.14 1.09 1.10 1.23 1.38 1.47 1.52 1.54 1.58 1.65 1.74 1.73 1.66 1.58 1.58 1.61 1.64 1.66 1.65 1.57 1.49 1.48 1.51 1.54 1.58 1.65 1.77 1.80 1.65 1.47 1.32 1.25 1.24 1.29 1.37 1.40 1.38 1.40 1.44 1.47 1.45 1.39 1.33 1.27 1.23 1.16 1.05 0.93 0.86 0.87 0.83 0.78 0.75
1.57 1.53 1.49 1.45 1.41 1.36 1.38 1.43 1.51 1.57 1.61 1.63 1.57 1.46 1.34 1.24 1.18 1.17 1.21 1.35 1.46 1.52 1.54 1.55 1.60 1.72 1.79 1.76 1.68 1.55 1.45 1.34 1.25 1.24 1.36 1.54 1.68 1.78 1.80 1.79 1.77 1.75 1.67 1.56 1.49 1.47 1.48 1.48 1.49 1.52 1.54 1.53 1.52 1.55 1.57 1.63 1.72 1.78 1.69 1.48 1.32 1.23 1.20 1.19 1.22 1.31 1.35 1.32 1.28 1.28 1.27 1.26 1.24 1.17 1.05 0.96 0.91 0.82 0.67 0.55 0.51 0.49 0.45 0.47
1.57 1.53 1.48 1.42 1.36 1.34 1.38 1.47 1.56 1.70 1.77 1.77 1.73 1.67 1.58 1.47 1.36 1.29 1.30 1.40 1.52 1.65 1.69 1.73 1.81 1.94 1.94 1.85 1.75 1.69 1.66 1.64 1.58 1.55 1.58 1.63 1.67 1.70 1.71 1.68 1.65 1.64 1.57 1.47 1.40 1.35 1.33 1.30 1.27 1.29 1.37 1.43 1.47 1.54 1.61 1.71 1.75 1.69 1.48 1.27 1.18 1.17 1.16 1.20 1.28 1.38 1.34 1.23 1.14 1.11 1.09 1.09 1.09 1.05 0.93 0.77 0.67 0.62 0.55 0.37 0.32 0.66 0.42 0.52
1.58 1.53 1.45 1.38 1.32 1.29 1.30 1.34 1.43 1.53 1.62 1.68 1.73 1.78 1.79 1.73 1.61 1.49 1.44 1.46 1.51 1.65 1.73 1.82 1.94 2.02 1.96 1.79 1.65 1.63 1.67 1.73 1.75 1.70 1.63 1.57 1.52 1.48 1.48 1.52 1.56 1.57 1.51 1.41 1.33 1.28 1.24 1.19 1.12 1.10 1.13 1.21 1.33 1.43 1.57 1.64 1.59 1.40 1.17 1.07 1.07 1.09 1.16 1.27 1.34 1.33 1.20 1.03 0.92 0.87 0.85 0.83 0.80 0.80 0.76 0.64 0.51 0.48 0.44 0.43 0.44 0.51 0.62 0.78
1.56 1.49 1.38 1.34 1.30 1.27 1.24 1.20 1.16 1.15 1.20 1.36 1.55 1.72 1.84 1.86 1.81 1.70 1.60 1.56 1.56 1.65 1.74 1.87 1.96 1.95 1.82 1.67 1.50 1.45 1.48 1.55 1.61 1.60 1.56 1.51 1.47 1.45 1.50 1.57 1.59 1.55 1.48 1.42 1.38 1.35 1.29 1.18 1.05 0.97 0.98 1.08 1.24 1.43 1.47 1.43 1.25 1.03 0.92 0.93 0.94 0.95 1.05 1.16 1.16 1.08 0.98 0.87 0.76 0.68 0.63 0.62 0.59 0.55 0.54 0.53 0.51 0.41 0.60 0.69 0.76 0.82 0.91 1.05
1.54 1.45 1.33 1.31 1.31 1.31 1.27 1.22 1.12 1.00 0.94 1.01 1.22 1.48 1.69 1.81 1.86 1.84 1.78 1.72 1.70 1.73 1.80 1.91 1.94 1.86 1.72 1.56 1.39 1.28 1.24 1.25 1.32 1.41 1.48 1.51 1.53 1.54 1.59 1.62 1.59 1.53 1.48 1.47 1.46 1.37 1.25 1.08 1.00 1.03 1.13 1.28 1.39 1.42 1.43 1.24 1.01 0.86 0.84 0.85 0.82 0.81 0.85 0.90 0.93 0.96 1.00 0.99 0.93 0.86 0.83 0.80 0.72 0.61 0.55 0.59 0.67 0.77 0.88 0.97 1.04 1.12 1.22 1.36
1.53 1.45 1.35 1.33 1.34 1.35 1.35 1.34 1.29 1.18 1.05 0.99 1.07 1.23 1.44 1.63 1.76 1.86 1.89 1.90 1.91 1.92 1.98 2.02 1.96 1.84 1.71 1.57 1.40 1.30 1.24 1.23 1.24 1.29 1.38 1.48 1.53 1.54 1.56 1.58 1.53 1.45 1.42 1.42 1.40 1.26 1.16 1.13 1.24 1.41 1.55 1.60 1.59 1.52 1.48 1.29 1.19 1.14 1.11 1.06 1.01 0.97 0.97 1.00 1.12 1.26 1.35 1.36 1.33 1.29 1.24 1.15 0.98 0.84 0.79 0.82 0.91 1.01 1.11 1.23 1.37 1.52 1.64 1.83
1.53 1.44 1.35 1.34 1.37 1.39 1.41 1.44 1.49 1.50 1.43 1.32 1.27 1.29 1.38 1.55 1.71 1.88 1.98 2.05 2.12 2.14 2.14 2.08 1.94 1.81 1.74 1.69 1.60 1.55 1.54 1.51 1.44 1.40 1.42 1.47 1.51 1.53 1.52 1.47 1.39 1.33 1.33 1.34 1.35 1.35 1.43 1.57 1.72 1.80 1.80 1.73 1.64 1.57 1.53 1.53 1.53 1.54 1.52 1.50 1.48 1.48 1.51 1.58 1.66 1.69 1.63 1.56 1.50 1.43 1.31 1.16 0.99 0.93 0.96 1.04 1.12 1.23 1.40 1.63 1.90 2.10 2.25 2.38
1.51 1.43 1.35 1.36 1.41 1.43 1.47 1.53 1.63 1.73 1.78 1.77 1.72 1.64 1.60 1.66 1.79 1.98 2.11 2.19 2.27 2.27 2.16 2.01 1.85 1.76 1.76 1.78 1.78 1.75 1.72 1.70 1.65 1.61 1.57 1.55 1.55 1.53 1.46 1.38 1.34 1.37 1.40 1.43 1.48 1.56 1.67 1.78 1.81 1.76 1.69 1.63 1.60 1.58 1.57 1.58 1.59 1.62 1.68 1.74 1.79 1.84 1.87 1.87 1.81 1.68 1.51 1.42 1.35 1.24 1.09 0.99 0.96 1.01 1.11 1.23 1.35 1.54 1.81 2.14 2.40 2.56 2.59 2.56
1.51 1.45 1.37 1.38 1.43 1.46 1.48 1.54 1.70 1.87 2.00 2.05 2.04 2.00 1.93 1.90 1.98 2.13 2.21 2.23 2.25 2.20 2.05 1.85 1.72 1.68 1.71 1.76 1.77 1.75 1.70 1.67 1.62 1.58 1.54 1.51 1.52 1.48 1.42 1.42 1.47 1.49 1.49 1.52 1.54 1.54 1.53 1.52 1.44 1.36 1.32 1.35 1.43 1.49 1.47 1.46 1.48 1.52 1.59 1.67 1.76 1.83 1.81 1.70 1.50 1.28 1.14 1.14 1.15 1.08 1.01 1.01 1.07 1.17 1.29 1.44 1.61 1.86 2.16 2.39 2.49 2.50 2.42 2.27
1.52 1.47 1.42 1.45 1.48 1.51 1.54 1.66 1.86 1.97 2.00 1.99 2.00 2.03 2.06 2.12 2.21 2.25 2.20 2.10 2.05 1.99 1.86 1.72 1.63 1.59 1.59 1.61 1.65 1.67 1.64 1.59 1.46 1.37 1.36 1.41 1.45 1.44 1.41 1.41 1.40 1.41 1.44 1.47 1.46 1.38 1.31 1.22 1.18 1.15 1.15 1.18 1.25 1.33 1.36 1.41 1.45 1.46 1.48 1.52 1.60 1.62 1.52 1.30 1.07 0.93 0.92 1.00 1.11 1.16 1.15 1.18 1.25 1.38 1.54 1.73 1.94 2.19 2.33 2.33 2.15 1.88 1.69 1.59
