project/data/elevation/US_DEM2016/US_DEM2016_point_10-30-2019_0730_30m_vel.asc
ncols	125
nrows	167
xllcorner	-2042055.000000
yllcorner	1465035.000000
cellsize	30.000000
NODATA_value	-9999.000000
[rows 38 to 75 of 167, columns 0 to 83 of 125]
7.33 7.04 6.46 6.01 5.52 5.21 4.98 4.64 4.20 3.80 3.64 3.62 3.76 4.17 4.69 5.03 5.13 5.00 5.49 5.91 6.15 6.25 6.35 6.58 6.87 7.12 7.37 7.63 7.60 7.33 6.86 6.36 6.07 6.04 6.25 6.73 7.26 7.55 7.79 8.16 8.47 8.51 8.46 8.35 8.26 8.14 7.67 6.80 6.14 5.67 5.48 5.47 5.39 5.40 5.64 5.79 5.89 6.14 6.28 6.34 6.23 5.85 5.57 5.25 4.85 4.51 4.14 3.99 4.04 4.13 4.14 4.25 4.49 4.84 5.11 5.42 5.75 6.34 7.13 8.02 8.74 9.11 9.02 8.56
7.19 6.53 5.57 5.10 4.72 4.54 4.39 4.19 4.04 3.97 4.03 4.07 4.07 4.11 4.37 4.72 4.84 5.07 4.93 4.92 4.78 4.72 4.81 5.14 5.72 6.36 6.88 7.37 7.64 7.65 7.44 7.07 6.75 6.67 7.02 7.66 8.08 8.29 8.41 8.58 8.76 8.67 8.59 8.44 8.25 7.93 7.28 6.50 5.93 5.47 5.37 5.54 5.58 5.46 5.69 5.92 6.13 6.37 6.27 5.98 5.51 4.94 4.47 4.31 4.21 4.07 3.77 3.62 3.72 3.83 3.83 3.96 4.31 4.67 4.89 5.09 5.28 5.66 6.18 6.54 6.70 7.11 7.84 8.29
6.85 6.12 5.11 4.65 4.49 4.43 4.43 4.47 4.58 4.76 4.96 5.05 4.89 4.63 4.54 4.77 4.77 4.96 4.69 4.26 4.10 4.20 4.51 4.96 5.61 6.16 6.60 7.02 7.35 7.61 7.74 7.65 7.58 7.83 8.32 8.86 9.19 9.29 9.06 8.71 8.58 8.11 7.76 7.74 7.66 7.70 7.52 7.30 6.97 6.68 6.32 6.14 5.98 5.66 5.69 5.86 6.06 6.19 5.93 5.43 4.82 4.12 3.38 3.10 3.06 3.11 3.27 3.44 3.59 3.64 3.57 3.76 4.26 4.63 4.77 4.86 4.95 5.18 5.52 5.71 5.70 5.95 6.87 8.09
6.62 6.09 5.36 5.07 5.04 5.08 5.09 5.16 5.33 5.59 5.80 5.76 5.45 5.13 4.96 4.96 5.05 5.05 4.84 4.59 4.61 4.86 5.18 5.46 5.69 5.94 6.09 6.34 6.81 7.26 7.80 8.04 8.39 8.86 9.31 9.62 9.73 9.52 9.09 8.53 8.02 7.49 6.99 6.76 6.94 7.09 7.31 7.43 7.53 7.56 7.39 6.83 6.24 5.72 5.49 5.49 5.50 5.40 5.16 4.85 4.43 3.84 3.19 2.93 2.99 3.16 3.37 3.49 3.51 3.51 3.52 3.70 4.16 4.52 4.56 4.52 4.72 5.11 5.40 5.41 5.41 5.48 6.00 7.30
6.59 6.30 5.89 5.73 5.68 5.64 5.59 5.67 5.93 6.19 6.25 6.03 5.57 5.39 5.43 5.51 5.53 5.54 5.54 5.62 5.78 6.01 6.19 6.32 6.38 6.32 6.21 6.26 6.61 7.03 7.75 8.31 9.02 9.59 9.71 9.49 9.15 8.68 8.14 7.65 7.23 6.78 6.22 5.98 6.05 6.24 6.50 6.59 6.77 6.91 6.93 6.61 6.13 5.60 5.36 5.33 5.24 5.00 4.81 4.84 4.70 4.38 4.05 4.01 4.14 4.09 3.86 3.65 3.66 3.73 3.69 3.67 3.88 4.08 3.95 3.82 4.29 5.02 5.30 5.16 5.20 5.43 5.94 6.90
6.57 6.37 6.11 6.01 5.99 6.02 6.12 6.35 6.59 6.69 6.54 6.17 5.73 5.72 5.68 5.81 5.93 6.05 6.23 6.48 6.79 7.03 7.13 7.12 7.05 6.85 6.71 6.72 6.91 7.16 7.79 8.47 9.12 9.48 9.33 8.82 8.17 7.55 7.00 6.69 6.51 6.19 5.69 5.28 5.27 5.52 5.67 5.47 5.14 4.84 4.85 5.18 5.40 5.41 5.44 5.64 5.73 5.68 5.68 5.71 5.57 5.40 5.31 5.32 5.03 4.57 4.32 4.32 4.34 4.05 3.60 3.35 3.46 3.60 3.45 3.40 3.91 4.70 4.94 4.75 5.00 5.63 6.27 6.69
6.57 6.45 6.34 6.36 6.53 6.83 7.12 7.31 7.31 7.12 6.76 6.33 5.97 5.77 5.79 5.96 6.17 6.38 6.61 6.90 7.20 7.33 7.29 7.15 6.97 6.79 6.74 6.82 7.09 7.44 8.12 8.50 8.71 8.61 8.37 8.09 7.67 7.11 6.35 5.84 5.63 5.50 5.20 4.77 4.62 4.86 4.73 4.39 3.90 3.62 3.73 4.07 4.54 4.97 5.50 6.05 6.35 6.48 6.51 6.37 6.21 6.11 5.90 5.59 5.06 4.86 4.99 4.97 4.49 3.65 3.16 3.13 3.33 3.46 3.47 3.61 4.09 4.65 4.79 4.59 4.82 5.52 5.99 6.15
6.78 6.80 6.87 7.04 7.26 7.50 7.67 7.70 7.56 7.25 6.83 6.46 6.25 6.13 6.29 6.46 6.60 6.75 6.91 7.02 7.00 6.85 6.68 6.56 6.55 6.54 6.56 6.74 7.25 7.84 8.43 8.33 7.94 7.55 7.34 7.37 7.20 6.83 6.04 5.31 4.81 4.65 4.48 4.15 4.10 4.23 4.19 4.20 4.23 4.26 4.20 4.09 4.16 4.67 5.51 6.24 6.42 6.41 6.34 6.31 6.22 6.21 5.96 5.66 5.51 5.54 5.34 4.69 3.81 3.31 3.34 3.66 3.87 3.95 4.03 4.29 4.73 5.02 5.00 4.86 4.93 5.21 5.53 5.76
7.04 7.09 7.21 7.38 7.44 7.41 7.30 7.17 7.04 6.83 6.59 6.36 6.35 6.57 6.89 7.04 7.08 7.08 7.01 6.85 6.61 6.33 6.13 6.11 6.27 6.41 6.56 6.92 7.57 8.11 8.28 7.82 7.14 6.73 6.50 6.37 6.29 6.19 5.80 5.11 4.36 4.01 3.97 4.04 4.22 4.36 4.58 4.73 4.80 4.56 4.17 4.02 4.39 5.16 5.95 6.29 6.25 6.15 6.12 6.23 6.17 6.20 6.11 6.01 5.88 5.55 4.69 4.05 3.86 4.07 4.45 4.70 4.80 4.84 4.98 5.23 5.48 5.56 5.50 5.46 5.42 5.43 5.62 5.92
7.13 7.06 7.05 7.10 7.01 6.81 6.55 6.31 6.13 6.05 6.00 5.94 6.19 6.38 6.71 6.88 6.96 6.91 6.73 6.52 6.31 6.10 5.95 5.93 6.05 6.25 6.52 7.05 7.69 7.95 7.67 7.03 6.57 6.19 5.81 5.51 5.37 5.42 5.44 5.17 4.45 4.07 4.15 4.57 4.82 4.98 5.05 4.74 4.23 3.69 3.61 4.12 5.27 6.41 6.84 6.71 6.53 6.41 6.39 6.43 6.34 6.34 6.19 5.97 5.61 5.04 4.60 4.66 5.14 5.65 5.98 6.10 6.13 6.12 6.15 6.29 6.41 6.39 6.35 6.35 6.06 5.88 6.00 6.20
7.09 6.98 6.70 6.58 6.47 6.24 5.96 5.69 5.49 5.40 5.43 5.49 5.57 5.81 6.00 6.13 6.31 6.39 6.35 6.23 6.05 5.88 5.77 5.72 5.77 5.95 6.21 6.81 7.51 7.62 7.22 6.71 6.34 5.91 5.36 4.85 4.70 4.76 4.92 4.90 4.52 4.16 4.17 4.45 4.64 4.82 4.85 4.32 3.80 3.70 4.24 5.57 7.06 7.83 7.88 7.39 7.00 6.73 6.65 6.73 6.73 6.69 6.49 6.17 6.04 6.15 6.62 7.22 7.74 8.11 8.22 8.25 8.23 8.18 8.12 8.12 8.11 7.95 7.67 7.19 6.51 6.06 6.13 6.19
7.12 7.01 6.55 6.23 6.11 6.00 5.82 5.60 5.41 5.29 5.39 5.52 5.69 5.84 5.89 5.96 6.07 6.16 6.16 6.03 5.81 5.61 5.50 5.47 5.51 5.64 5.89 6.57 7.34 7.34 6.97 6.69 6.39 5.98 5.41 4.76 4.47 4.25 4.16 4.20 4.10 3.80 3.63 3.67 3.94 4.31 4.65 4.55 4.47 4.88 6.18 7.76 8.66 8.79 8.37 7.68 7.17 6.90 6.88 7.13 7.26 7.32 7.22 7.28 7.61 8.24 9.00 9.69 10.18 10.42 10.52 10.54 10.53 10.51 10.41 10.23 10.01 9.70 9.07 8.09 7.04 6.30 6.13 6.03
7.22 7.03 6.53 6.16 6.00 5.96 5.97 5.91 5.77 5.74 5.99 6.25 6.47 6.56 6.53 6.47 6.38 6.25 6.08 5.88 5.67 5.48 5.33 5.26 5.32 5.51 5.88 6.64 7.19 6.96 6.43 6.40 6.25 5.98 5.77 5.37 4.83 4.23 3.84 3.89 3.95 3.88 3.86 3.95 4.22 4.59 5.17 5.61 6.05 7.02 8.43 9.24 9.34 8.73 8.10 7.48 7.10 6.95 6.86 6.95 7.11 7.37 7.54 7.81 8.41 9.06 9.56 10.04 10.35 10.54 10.69 10.84 10.93 10.95 10.83 10.57 10.28 10.00 9.53 8.87 8.09 7.25 6.44 5.96
7.27 6.94 6.39 6.19 6.03 5.92 5.96 6.07 6.10 6.17 6.55 6.99 7.21 7.23 7.09 6.83 6.52 6.20 5.95 5.78 5.65 5.47 5.27 5.14 5.21 5.54 6.02 6.67 6.85 6.28 5.80 5.81 5.76 5.75 5.83 5.82 5.31 4.74 4.45 4.56 4.82 5.09 5.33 5.44 5.60 6.01 6.89 7.85 8.81 9.57 9.92 9.77 9.04 8.06 7.49 7.02 6.70 6.47 6.22 6.06 6.20 6.46 6.99 7.36 7.82 8.11 8.04 7.96 7.91 8.07 8.36 8.74 8.91 8.95 8.81 8.62 8.55 8.41 8.26 8.22 8.13 7.86 7.29 6.45
7.15 6.64 5.99 5.84 5.78 5.75 5.81 5.97 6.15 6.28 6.61 7.08 7.25 7.21 6.99 6.59 6.15 5.82 5.65 5.54 5.43 5.31 5.17 5.09 5.21 5.56 6.02 6.45 6.34 5.64 5.32 5.35 5.30 5.29 5.50 5.59 5.51 5.38 5.41 5.75 6.11 6.42 6.63 6.87 7.27 8.00 8.95 9.74 10.25 10.36 10.06 9.29 8.39 7.51 7.01 6.57 6.19 5.81 5.61 5.49 5.64 5.88 6.17 6.49 6.61 6.25 5.75 5.22 5.07 5.22 5.52 5.87 6.03 5.96 5.93 5.83 5.95 5.96 5.97 6.17 6.62 6.95 7.00 6.69
6.88 6.33 5.60 5.33 5.31 5.45 5.64 5.81 6.05 6.21 6.76 6.57 6.52 6.38 6.15 5.83 5.49 5.24 5.11 5.04 5.00 4.99 5.06 5.22 5.42 5.65 5.97 6.21 6.02 5.56 5.36 5.37 5.28 5.17 5.05 5.12 5.40 5.53 5.75 6.16 6.61 6.87 7.14 7.56 8.31 9.17 9.79 10.03 9.87 9.49 8.97 8.40 7.79 7.22 6.79 6.40 6.05 5.75 5.74 5.79 5.96 6.05 5.99 5.98 5.65 5.11 4.67 4.45 4.49 4.55 4.41 4.15 4.03 3.98 3.94 3.92 4.06 4.20 4.23 4.19 4.31 4.59 4.86 5.14
6.62 6.20 5.60 5.32 5.21 5.18 5.23 5.38 5.59 5.78 5.73 5.83 5.31 5.08 4.89 4.81 4.72 4.53 4.43 4.56 4.81 5.03 5.25 5.51 5.67 5.83 6.05 6.24 6.23 6.13 5.96 5.72 5.46 5.14 4.71 4.66 4.99 5.20 5.39 5.69 6.13 6.53 6.96 7.66 8.64 9.28 9.37 8.83 7.98 7.63 7.56 7.54 7.36 7.08 6.74 6.44 6.18 6.07 6.22 6.27 6.26 6.17 5.85 5.61 5.27 4.99 4.99 5.03 4.96 4.66 4.05 3.31 2.92 2.76 2.66 2.64 2.76 2.85 2.84 2.65 2.51 2.58 2.94 3.56
6.59 6.37 6.06 5.84 5.60 5.23 4.83 4.69 4.81 5.01 5.01 5.26 4.31 4.06 3.98 4.29 4.04 3.98 4.04 4.42 4.96 5.44 5.74 5.86 5.97 6.11 6.30 6.49 6.56 6.56 6.24 5.79 5.40 4.98 4.55 4.42 4.71 5.00 5.12 5.27 5.58 6.06 6.69 7.69 8.61 8.83 8.26 7.26 6.65 6.47 6.54 6.72 6.83 6.83 6.54 6.32 6.14 6.12 6.23 6.09 5.81 5.51 5.25 5.13 5.22 5.38 5.56 5.52 4.96 4.20 3.34 2.78 2.52 2.33 2.11 1.95 1.87 1.77 1.67 1.73 1.98 2.50 3.32 4.11
6.82 6.86 6.83 6.61 6.23 5.73 5.07 4.71 4.64 4.77 4.79 5.12 4.73 4.05 4.05 4.04 4.07 4.17 4.42 4.87 5.42 5.98 6.27 6.41 6.53 6.67 6.74 6.79 6.79 6.70 6.26 5.92 5.71 5.38 4.96 4.89 5.22 5.51 5.55 5.59 5.78 6.18 6.84 7.86 8.37 8.04 6.96 6.09 5.64 5.53 5.63 5.90 6.21 6.30 6.10 5.91 5.74 5.65 5.54 5.16 4.75 4.50 4.56 4.84 5.44 5.80 5.76 5.33 4.48 3.72 3.27 3.18 3.13 2.78 2.23 1.84 1.68 1.60 1.68 2.05 2.80 3.93 5.16 5.72
7.13 7.25 7.26 7.07 6.76 6.38 5.93 5.57 5.31 5.22 5.16 4.98 4.85 4.93 5.07 5.16 5.25 5.43 5.61 5.86 6.24 6.67 6.96 7.19 7.39 7.48 7.31 7.17 7.22 7.27 7.13 6.97 6.82 6.50 6.01 5.91 6.20 6.44 6.54 6.58 6.66 6.75 7.22 7.91 7.93 6.99 5.88 5.05 4.73 4.75 4.88 5.16 5.59 5.71 5.63 5.47 5.27 5.00 4.66 4.40 4.31 4.42 4.83 5.28 5.81 5.87 5.43 4.79 4.17 4.00 4.19 4.32 3.94 3.24 2.61 2.37 2.42 2.54 2.86 3.64 4.91 6.26 6.92 6.74
7.29 7.19 6.96 6.86 6.85 6.84 6.64 6.31 5.89 5.55 5.39 5.43 5.64 5.96 6.32 6.57 6.83 7.05 7.19 7.28 7.43 7.52 7.68 7.91 8.10 8.00 7.76 7.64 7.78 7.81 7.73 7.52 7.31 7.00 6.58 6.39 6.52 6.75 7.00 7.20 7.27 7.26 7.46 7.59 7.01 5.84 4.83 4.22 4.03 4.04 4.18 4.39 4.80 5.20 5.34 5.29 5.15 4.93 4.80 4.94 5.20 5.59 6.04 6.32 6.37 5.97 5.28 4.87 4.82 5.08 5.30 5.05 4.25 3.43 3.14 3.31 3.64 4.05 4.77 5.85 7.05 7.66 7.51 6.72
7.32 6.90 6.39 6.31 6.47 6.70 6.76 6.47 6.00 5.54 6.64 5.41 5.82 6.35 6.85 7.24 7.54 7.80 8.03 8.11 8.06 7.98 8.05 8.19 8.17 7.99 7.89 7.94 7.99 7.74 7.17 6.68 6.38 6.30 6.29 6.33 6.41 6.62 6.89 7.19 7.40 7.39 7.30 6.90 5.88 4.67 3.89 3.53 3.39 3.47 3.51 3.58 4.10 4.83 5.27 5.43 5.47 5.48 5.65 5.82 6.13 6.64 7.16 7.42 7.21 6.80 6.07 5.83 6.08 6.26 5.88 5.14 4.41 4.18 4.40 4.83 5.40 6.14 7.08 7.95 8.29 7.97 7.09 6.22
7.30 6.78 6.07 5.82 5.79 5.86 6.00 5.98 5.74 5.37 5.04 5.02 5.30 5.76 6.22 6.54 6.78 6.92 7.02 7.10 7.21 7.37 7.51 7.49 7.29 7.22 7.41 7.71 7.74 7.48 6.95 6.27 5.82 5.73 6.08 6.46 6.73 6.88 6.96 7.03 7.09 6.90 6.58 6.03 5.15 4.10 3.43 3.22 3.30 3.43 3.42 3.48 3.94 4.75 5.41 5.82 6.09 6.27 6.39 6.42 6.69 7.41 8.05 8.28 8.05 7.80 7.43 7.04 7.06 7.00 6.37 5.73 5.56 6.04 6.71 7.36 8.06 8.69 9.13 9.10 8.53 7.55 6.59 5.94
7.19 6.56 5.69 5.38 5.09 4.89 4.93 5.09 5.13 4.88 4.47 4.23 4.18 4.33 4.59 4.77 4.87 4.78 4.52 4.50 5.09 5.76 5.96 5.72 5.41 5.75 6.52 7.06 7.20 7.22 7.22 7.09 6.82 6.59 6.58 6.78 6.95 6.97 6.82 6.60 6.38 6.14 5.86 5.67 5.24 4.55 4.05 4.06 4.24 4.35 4.39 4.49 4.71 5.16 5.63 6.06 6.48 6.89 7.14 7.43 7.94 8.58 8.80 8.60 8.30 8.19 8.11 8.06 8.05 8.00 7.81 7.73 8.12 8.71 9.20 9.63 10.00 10.14 9.91 9.13 8.15 7.20 6.47 5.86
6.87 6.13 5.21 4.93 4.74 4.53 4.37 4.40 4.53 4.35 3.89 3.41 3.02 2.82 2.81 2.92 2.99 2.84 2.71 2.88 3.42 4.02 4.17 3.94 4.03 4.78 5.98 6.58 6.65 6.48 6.72 7.10 7.32 7.37 7.08 6.78 6.52 6.38 6.10 5.80 5.62 5.75 5.90 6.16 6.19 6.14 5.93 5.90 5.94 5.95 5.97 5.90 5.76 5.74 5.79 5.99 6.36 6.91 7.59 8.35 8.98 9.08 8.68 7.97 7.38 7.42 7.90 8.21 8.60 8.90 9.18 9.52 9.91 10.12 10.18 10.18 10.11 9.81 9.16 8.36 7.61 6.93 6.35 5.72
6.57 6.01 5.20 4.82 4.68 4.57 4.38 4.27 4.32 4.25 3.87 3.29 2.71 2.31 2.10 2.07 2.16 2.42 2.76 3.05 3.22 3.32 3.28 3.33 3.83 4.86 6.08 6.47 6.24 5.71 5.71 6.05 6.53 6.89 6.75 6.22 5.65 5.30 5.20 5.14 5.27 5.79 6.41 6.94 7.16 7.36 7.42 7.28 7.15 7.04 6.70 6.31 6.07 6.00 5.98 6.09 6.41 7.03 7.82 8.47 8.65 8.25 7.49 6.60 6.23 6.48 7.15 7.73 8.18 8.68 9.06 9.34 9.50 9.44 9.24 8.92 8.48 7.90 7.47 7.08 6.63 6.21 5.81 5.35
6.57 6.26 5.69 5.26 5.01 4.86 4.68 4.55 4.52 4.49 4.32 3.96 3.55 3.11 2.74 2.54 2.35 3.18 3.85 4.17 4.08 3.81 3.67 3.79 4.42 5.54 6.45 6.55 6.03 5.33 5.07 5.07 5.36 5.68 5.85 5.70 5.32 5.02 5.01 5.29 5.73 6.44 6.97 7.26 7.32 7.44 7.50 7.52 7.44 7.14 6.49 6.03 5.93 6.07 6.19 6.33 6.68 7.34 7.90 7.95 7.44 6.65 6.01 5.61 5.68 6.11 6.58 6.92 7.19 7.55 7.81 7.84 7.65 7.49 7.36 7.05 6.47 5.86 5.50 5.39 5.18 4.94 4.70 4.49
6.61 6.41 6.07 5.78 5.51 5.24 5.07 5.08 5.09 5.15 5.20 5.15 4.99 4.61 4.15 3.78 3.71 4.03 4.53 5.01 5.12 5.01 4.91 5.04 5.55 6.38 6.93 6.86 6.34 5.55 5.07 4.76 4.64 4.79 5.28 5.78 6.00 6.13 6.25 6.45 6.81 7.19 7.27 7.12 6.89 6.83 6.93 7.08 7.08 6.91 6.48 6.13 6.05 6.17 6.29 6.45 6.79 7.35 7.61 7.15 6.34 5.69 5.30 5.21 5.34 5.66 5.97 6.11 6.24 6.46 6.60 6.51 6.18 5.83 5.58 5.46 5.00 4.36 3.76 3.54 3.56 3.36 3.16 3.08
6.61 6.41 6.12 5.89 5.67 5.47 5.47 5.64 5.88 6.17 6.40 6.47 6.25 5.82 5.31 4.88 4.63 4.63 4.87 5.44 5.88 6.20 6.39 6.49 6.73 7.30 7.65 7.50 7.06 6.38 5.87 5.44 5.11 5.16 5.63 6.30 6.86 7.27 7.42 7.42 7.39 7.35 7.11 6.77 6.46 6.28 6.31 6.33 6.34 6.39 6.39 6.30 6.21 6.28 6.40 6.65 7.03 7.37 7.14 6.35 5.59 5.20 4.96 4.86 4.95 5.34 5.69 5.71 5.58 5.62 5.59 5.49 5.32 4.86 4.30 3.99 3.74 3.23 2.56 2.11 2.02 1.96 1.85 1.89
6.64 6.42 6.10 5.80 5.55 5.45 5.56 5.83 6.29 6.77 7.15 7.25 7.13 6.86 6.48 6.00 5.54 5.28 5.36 5.81 6.32 6.90 7.11 7.27 7.63 8.23 8.35 7.98 7.47 7.06 6.82 6.59 6.35 6.25 6.37 6.63 6.91 7.12 7.18 7.09 6.99 6.93 6.72 6.34 6.00 5.69 5.59 5.47 5.35 5.46 5.74 5.95 6.07 6.19 6.51 6.89 7.14 6.98 6.23 5.33 4.91 4.77 4.69 4.80 5.09 5.53 5.59 5.23 4.83 4.67 4.58 4.47 4.45 4.18 3.57 3.01 2.67 2.38 1.85 1.35 1.19 1.31 1.50 1.75
6.66 6.37 5.95 5.64 5.37 5.26 5.26 5.39 5.71 6.14 6.60 6.97 7.28 7.47 7.48 7.23 6.72 6.21 6.05 6.21 6.47 6.99 7.33 7.70 8.24 8.66 8.52 7.82 7.15 6.95 7.05 7.19 7.16 6.90 6.65 6.50 6.39 6.29 6.28 6.42 6.55 6.59 6.38 5.97 5.59 5.31 5.14 4.88 4.65 4.59 4.77 5.12 5.52 5.87 6.32 6.61 6.50 5.88 4.91 4.43 4.34 4.37 4.56 4.99 5.30 5.32 4.92 4.23 3.69 3.42 3.34 3.14 2.99 3.01 2.82 2.37 1.94 1.76 1.60 1.40 1.36 1.59 2.00 2.57
6.57 6.20 5.65 5.44 5.29 5.18 5.03 4.84 4.67 4.66 4.92 5.61 6.48 7.23 7.77 7.94 7.73 7.29 6.86 6.68 6.74 7.11 7.49 8.01 8.45 8.50 8.01 7.26 6.49 6.22 6.36 6.63 6.80 6.68 6.50 6.31 6.13 6.06 6.26 6.53 6.60 6.48 6.20 5.92 5.71 5.49 5.21 4.74 4.23 3.99 4.08 4.51 5.10 5.54 5.88 5.79 5.21 4.39 3.88 3.79 3.76 3.75 4.11 4.54 4.58 4.34 3.92 3.37 2.85 2.43 2.22 2.10 2.02 1.95 1.94 1.87 1.76 1.79 1.98 2.21 2.45 2.75 3.20 3.92
6.44 6.01 5.45 5.35 5.34 5.30 5.14 4.87 4.43 3.97 3.77 4.13 5.06 6.18 7.15 7.76 8.02 7.95 7.67 7.42 7.38 7.54 7.83 8.26 8.43 8.14 7.50 6.70 5.93 5.46 5.30 5.37 5.68 5.98 6.18 6.25 6.26 6.33 6.55 6.71 6.62 6.37 6.13 6.04 5.94 5.55 5.01 4.33 4.00 4.13 4.54 5.10 5.54 5.68 5.64 5.03 4.21 3.61 3.44 3.40 3.25 3.17 3.30 3.51 3.66 3.76 3.83 3.69 3.35 2.99 2.80 2.64 2.39 2.07 1.91 2.03 2.25 2.57 3.00 3.45 3.86 4.33 4.81 5.58
6.38 5.98 5.50 5.41 5.45 5.47 5.40 5.31 5.09 4.65 4.13 3.97 4.40 5.19 6.16 7.02 7.64 8.07 8.23 8.26 8.30 8.39 8.60 8.76 8.57 8.04 7.35 6.60 5.87 5.41 5.17 5.13 5.22 5.43 5.75 6.06 6.23 6.31 6.42 6.54 6.34 6.03 5.84 5.80 5.67 5.11 4.67 4.55 4.95 5.61 6.15 6.39 6.34 6.06 5.64 5.15 4.73 4.47 4.30 4.08 3.85 3.71 3.72 3.88 4.38 4.90 5.21 5.19 4.97 4.72 4.44 4.02 3.38 2.88 2.70 2.84 3.20 3.67 4.17 4.80 5.57 6.34 7.01 8.00
6.35 5.96 5.54 5.49 5.60 5.65 5.69 5.82 6.02 6.07 5.80 5.41 5.29 5.49 5.96 6.71 7.43 8.18 8.65 8.97 9.26 9.34 9.31 9.13 8.62 8.02 7.54 7.12 6.61 6.37 6.29 6.16 5.86 5.69 5.77 5.98 6.14 6.21 6.23 6.05 5.75 5.51 5.45 5.49 5.52 5.51 5.78 6.37 6.95 7.30 7.33 7.07 6.65 6.25 6.05 6.01 6.02 6.02 5.96 5.83 5.74 5.78 5.95 6.28 6.66 6.76 6.50 6.16 5.83 5.45 4.91 4.25 3.61 3.35 3.45 3.78 4.20 4.77 5.58 6.81 8.15 9.19 9.97 10.73
6.28 5.92 5.54 5.55 5.74 5.84 5.96 6.23 6.70 7.20 7.46 7.47 7.28 6.98 6.88 7.19 7.80 8.61 9.24 9.62 9.95 9.95 9.52 8.98 8.35 7.91 7.77 7.70 7.50 7.29 7.13 6.98 6.72 6.52 6.36 6.27 6.26 6.20 5.97 5.65 5.50 5.60 5.69 5.83 6.04 6.38 6.85 7.29 7.45 7.27 7.01 6.73 6.52 6.33 6.25 6.32 6.39 6.56 6.79 7.02 7.21 7.46 7.66 7.71 7.46 6.90 6.17 5.76 5.41 4.88 4.26 3.78 3.61 3.75 4.14 4.68 5.31 6.20 7.59 9.29 10.65 11.51 11.83 11.77
6.26 5.97 5.65 5.70 5.88 5.99 6.07 6.39 7.11 7.95 8.57 8.85 8.84 8.62 8.32 8.28 8.68 9.31 9.75 9.92 10.00 9.81 9.19 8.40 7.77 7.53 7.61 7.74 7.69 7.48 7.20 6.97 6.72 6.56 6.36 6.21 6.15 6.01 5.81 5.77 5.91 6.02 6.04 6.15 6.29 6.31 6.31 6.26 5.98 5.67 5.51 5.61 5.88 6.04 5.97 5.95 6.06 6.28 6.58 6.92 7.28 7.61 7.57 7.13 6.27 5.29 4.69 4.68 4.67 4.37 4.01 3.91 4.08 4.43 5.01 5.73 6.58 7.79 9.38 10.62 11.26 11.42 11.17 10.57
6.30 6.08 5.89 5.98 6.12 6.21 6.38 6.90 7.81 8.44 8.68 8.72 8.80 8.93 9.04 9.27 9.65 9.94 9.85 9.55 9.31 9.00 8.44 7.76 7.26 7.04 7.00 7.15 7.28 7.24 7.03 6.71 6.18 5.79 5.66 5.76 5.86 5.82 5.73 5.68 5.64 5.68 5.80 5.94 5.94 5.66 5.35 4.98 4.81 4.71 4.69 4.84 5.15 5.42 5.57 5.73 5.91 6.02 6.12 6.33 6.65 6.79 6.39 5.46 4.46 3.87 3.77 4.08 4.49 4.65 4.60 4.64 4.95 5.51 6.31 7.19 8.19 9.41 10.33 10.58 9.86 8.70 7.85 7.40
