project/data/elevation/US_DEM2016/US_DEM2016_point_10-31-2019_1904_30m_vel.asc
ncols	125
nrows	167
xllcorner	-2042055.000000
yllcorner	1465035.000000
cellsize	30.000000
NODATA_value	-9999.000000
[rows 76 to 113 of 167, columns 0 to 83 of 125]
6.73 6.65 6.69 6.86 7.02 7.31 7.83 8.36 8.54 8.29 7.88 7.71 8.01 8.68 9.30 9.86 10.16 10.03 9.50 8.94 8.60 8.31 7.98 7.66 7.43 7.23 6.99 7.03 7.32 7.58 7.62 7.37 6.77 6.30 6.24 6.36 6.37 6.15 5.80 5.53 5.43 5.61 5.94 6.01 5.97 5.86 5.75 5.51 5.34 5.34 5.35 5.31 5.27 5.43 5.77 6.10 6.30 6.32 6.36 6.46 6.47 6.12 5.43 4.82 4.51 4.46 4.69 5.07 5.67 6.28 6.61 6.89 7.54 8.41 9.29 10.22 11.10 11.52 11.16 10.13 8.50 6.43 5.39 5.10
6.78 6.70 6.79 6.94 7.15 7.64 8.01 7.97 7.45 6.68 6.26 6.49 7.21 8.16 8.99 9.52 9.61 9.26 8.67 8.14 7.78 7.59 7.44 7.36 7.28 7.16 6.91 6.86 7.02 7.39 7.75 7.86 7.63 7.41 7.26 7.06 6.70 6.19 5.75 5.59 5.69 5.86 5.91 5.72 5.59 5.52 5.50 5.36 5.15 5.05 5.01 5.00 5.02 5.30 5.77 6.19 6.45 6.56 6.62 6.56 6.16 5.48 5.01 4.99 5.30 5.68 5.95 6.26 6.90 7.87 8.53 9.21 10.14 11.02 11.66 12.13 12.23 11.80 10.83 9.82 8.69 7.09 5.84 5.12
6.68 6.42 6.42 6.60 6.76 7.03 7.01 6.65 6.34 6.09 6.27 6.79 7.63 8.57 9.20 9.42 9.20 8.71 8.18 7.70 7.33 7.10 7.00 6.95 6.88 6.76 6.59 6.59 6.69 6.94 7.42 7.86 8.02 7.93 7.69 7.32 6.80 6.24 5.94 5.81 5.71 5.51 5.27 5.05 4.90 4.73 4.45 4.17 4.07 4.07 4.20 4.49 4.98 5.55 6.04 6.39 6.65 6.73 6.61 6.25 5.72 5.26 5.24 5.68 6.41 6.94 7.42 8.13 9.07 9.68 10.19 10.76 11.43 11.96 12.04 11.88 11.35 10.36 9.63 9.38 9.28 8.74 7.77 6.75
6.46 6.03 5.95 6.22 6.29 6.31 6.31 6.40 6.65 7.02 7.46 8.03 8.80 9.46 9.66 9.40 8.89 8.33 7.84 7.41 7.02 6.74 6.59 6.50 6.39 6.22 6.02 5.97 5.91 6.00 6.28 6.92 7.37 7.46 7.31 7.02 6.65 6.17 5.82 5.46 5.08 4.74 4.58 4.64 4.60 4.39 4.03 3.86 4.05 4.42 4.90 5.48 6.07 6.43 6.54 6.51 6.38 6.09 5.61 5.09 4.86 5.01 5.44 6.24 7.17 8.06 9.05 9.88 10.21 10.34 10.39 10.54 10.82 10.80 10.49 10.00 9.28 8.54 8.19 8.42 8.92 9.20 8.97 8.30
6.21 5.86 5.89 6.33 6.51 6.54 6.68 7.04 7.56 7.99 8.49 9.14 9.78 9.91 9.59 8.95 8.23 7.66 7.24 6.88 6.56 6.34 6.19 6.08 5.97 5.81 5.50 5.10 4.69 4.62 4.73 5.25 5.94 6.46 6.64 6.62 6.57 6.27 6.01 5.67 5.39 5.27 5.29 5.45 5.45 5.30 5.03 5.00 5.29 5.81 6.34 6.74 6.92 6.90 6.63 6.38 6.02 5.59 5.21 4.98 5.04 5.40 6.02 6.96 7.99 9.08 9.86 10.00 9.73 9.46 9.29 9.18 9.01 8.61 8.28 8.11 7.93 7.68 7.40 7.27 7.64 8.38 8.84 8.77
6.12 5.99 6.16 6.67 6.99 7.12 7.26 7.58 8.06 8.57 9.17 9.70 9.86 9.50 8.80 8.03 7.33 6.72 6.31 6.00 5.81 5.77 5.79 5.72 5.70 5.61 5.24 4.41 3.73 3.45 3.38 3.64 4.27 5.15 5.80 6.25 6.43 6.66 6.72 6.72 6.78 6.89 7.00 6.97 6.87 6.75 6.57 6.54 6.73 6.83 6.81 6.71 6.60 6.49 6.44 6.41 6.40 6.54 6.67 6.69 6.74 6.92 7.35 8.10 8.87 9.40 9.30 8.64 8.24 8.24 8.22 8.08 7.84 7.43 7.26 7.25 7.36 7.46 7.32 6.92 6.80 7.14 7.88 8.40
6.39 6.39 6.48 6.64 6.88 7.17 7.49 7.89 8.38 8.92 9.40 9.54 9.19 8.47 7.71 7.12 6.60 6.08 5.62 5.33 5.20 5.16 5.13 5.26 5.41 5.50 5.34 4.66 3.65 3.20 3.10 3.30 3.67 4.15 4.95 5.82 6.25 6.71 7.02 7.34 7.66 7.87 7.91 7.74 7.59 7.55 7.48 7.39 7.30 6.98 6.62 6.50 6.62 6.73 6.72 6.72 6.94 7.23 7.51 7.73 7.91 8.13 8.46 8.82 9.12 8.92 8.19 7.63 7.56 7.77 7.78 7.55 7.24 6.95 6.87 6.87 6.98 7.20 7.25 7.07 6.71 6.53 6.78 7.51
6.68 6.75 6.74 6.60 6.70 7.08 7.55 8.08 8.59 8.98 9.13 8.87 8.25 7.56 6.98 6.53 6.12 5.74 5.36 5.02 4.76 4.59 4.52 4.67 5.03 5.38 5.62 5.52 4.91 4.45 4.38 4.51 4.46 4.46 4.91 5.62 5.98 6.44 6.90 7.37 7.65 7.68 7.57 7.39 7.34 7.48 7.57 7.52 7.39 7.20 7.18 7.31 7.36 7.26 7.02 6.94 7.11 7.11 7.32 7.72 8.16 8.48 8.72 8.77 8.60 8.10 7.62 7.61 7.76 7.77 7.53 7.08 6.54 6.15 5.94 6.02 6.20 6.41 6.61 6.73 6.58 6.22 5.96 6.42
6.67 6.75 6.84 6.85 6.98 7.31 7.75 8.24 8.59 8.72 8.54 8.05 7.44 6.90 6.46 6.04 5.65 5.35 5.08 4.72 4.37 4.18 4.19 4.43 4.94 5.54 6.13 6.62 6.93 6.97 6.81 6.44 5.99 5.64 5.51 5.80 6.27 6.78 7.25 7.41 7.22 6.93 6.83 6.94 7.08 7.32 7.58 7.81 8.04 8.21 8.14 7.95 7.63 7.34 7.08 7.05 7.11 7.24 7.55 7.87 8.20 8.39 8.43 8.27 7.90 7.53 7.43 7.67 7.72 7.51 7.11 6.56 5.83 5.14 4.66 4.61 4.80 5.06 5.39 5.72 5.92 5.81 5.43 5.49
6.58 6.66 6.87 7.14 7.43 7.73 8.00 8.21 8.33 8.25 7.91 7.37 6.83 6.37 5.98 5.57 5.13 4.78 4.51 4.26 4.14 4.25 4.56 5.02 5.63 6.20 6.79 7.39 7.99 8.34 8.32 7.90 7.27 6.74 6.51 6.60 7.07 7.54 7.49 7.07 6.58 6.43 6.66 6.94 7.09 7.36 7.82 8.26 8.66 8.89 8.72 8.24 7.79 7.47 7.17 7.14 7.33 7.52 7.67 7.72 7.75 7.75 7.73 7.66 7.39 7.18 7.12 7.21 7.10 6.92 6.72 6.45 5.93 5.17 4.35 4.00 3.77 3.65 3.78 4.11 4.60 4.99 4.92 4.89
6.64 6.77 7.06 7.39 7.70 7.86 7.85 7.80 7.82 7.74 7.40 6.91 6.41 5.95 5.54 5.09 4.61 4.25 4.21 4.08 4.27 4.70 5.25 5.81 6.36 6.80 7.14 7.45 7.80 8.08 8.22 8.24 7.98 7.49 7.16 7.13 7.32 7.33 6.83 6.30 6.10 6.21 6.37 6.52 6.67 7.05 7.57 7.93 8.25 8.51 8.60 8.44 8.18 7.85 7.43 7.26 7.62 7.16 7.17 7.02 6.90 6.86 6.99 7.13 7.07 6.90 6.73 6.61 6.47 6.46 6.53 6.72 6.82 6.60 5.76 4.82 4.05 3.50 3.14 3.56 3.37 3.77 4.02 4.12
6.74 6.88 7.12 7.32 7.40 7.32 7.24 7.31 7.48 7.47 7.09 6.60 6.08 5.56 5.01 4.54 4.34 4.38 4.58 4.75 4.91 5.16 5.56 6.07 6.56 6.87 6.99 7.02 7.06 7.08 7.32 7.78 8.12 8.10 7.82 7.38 7.60 6.38 5.96 5.89 5.88 5.80 5.67 5.71 6.06 6.47 6.77 6.81 6.90 7.10 7.28 7.49 7.64 7.67 7.53 7.29 7.03 6.73 6.60 6.59 6.57 6.67 6.88 6.99 6.93 6.76 6.61 6.45 6.29 6.35 6.60 6.96 7.39 7.79 7.84 7.13 6.25 5.41 4.74 4.26 3.90 3.73 3.77 3.96
6.76 6.85 6.94 6.95 6.85 6.79 6.99 7.42 7.63 7.41 6.86 6.26 5.69 5.10 4.61 5.40 4.75 5.33 5.66 5.77 5.74 5.72 5.89 6.19 6.41 6.48 6.43 6.43 6.56 6.61 6.78 7.17 7.72 8.10 8.12 7.62 6.74 6.09 5.78 5.82 5.75 5.60 5.55 5.69 5.93 6.05 5.96 5.57 5.25 5.08 5.19 5.40 5.75 6.22 6.55 6.74 6.75 6.71 6.74 6.83 6.94 7.02 7.00 6.90 6.79 6.68 6.58 6.49 6.39 6.49 6.75 6.93 7.29 7.93 8.55 8.77 8.56 8.13 7.60 6.95 6.20 5.62 5.54 5.43
6.75 6.81 6.87 6.87 6.86 7.06 7.48 7.77 7.64 7.12 6.38 5.62 4.95 4.45 4.34 4.60 5.13 5.61 5.92 6.13 6.23 6.26 6.29 6.21 5.99 5.73 5.61 5.80 6.21 6.56 6.72 6.80 6.97 7.37 7.69 7.63 6.97 6.42 6.05 5.99 5.99 6.08 6.14 6.15 6.09 5.92 5.57 4.94 4.29 4.02 3.99 4.10 4.37 4.95 5.66 6.25 6.61 6.83 6.98 7.12 7.19 7.03 6.76 6.56 6.50 6.45 6.40 6.43 6.45 6.53 6.64 6.66 6.77 7.16 7.75 8.41 8.82 8.99 8.99 8.83 8.50 8.12 7.77 7.39
6.74 6.80 6.92 7.06 7.25 7.59 7.83 7.69 7.13 6.32 5.46 4.56 3.85 3.58 4.96 3.88 4.16 4.51 5.07 5.59 6.03 6.26 6.20 5.81 5.32 5.03 5.05 5.32 5.62 5.87 6.06 6.11 6.16 6.46 7.00 7.38 7.14 6.73 6.42 6.42 6.51 6.61 6.62 6.62 6.54 6.36 6.08 5.65 5.14 4.79 4.75 5.02 5.55 6.13 6.57 6.77 6.86 6.93 6.96 6.94 6.82 6.53 6.29 6.20 6.19 6.12 6.03 6.16 6.27 6.27 6.22 6.18 6.04 5.96 6.18 6.64 7.27 7.81 8.30 8.69 8.87 8.86 8.75 8.51
6.75 6.80 6.95 7.19 7.50 7.75 7.63 7.06 6.18 5.21 4.37 3.72 3.38 3.26 3.16 3.05 3.10 3.43 3.95 4.57 5.11 5.49 5.50 5.30 5.15 5.13 5.15 5.13 4.98 4.85 4.93 5.11 5.35 5.71 6.31 6.92 7.05 6.76 6.56 6.69 6.78 6.85 6.97 7.24 7.33 7.29 7.18 7.05 7.01 6.94 6.81 7.08 7.51 7.74 7.67 7.28 6.96 6.80 6.62 6.37 6.14 5.95 5.84 5.86 5.87 5.75 5.65 5.82 5.91 5.86 5.77 5.66 5.38 5.08 5.02 5.18 5.52 5.94 6.44 7.00 7.52 7.84 7.96 8.10
6.77 6.84 7.03 7.31 7.55 7.47 6.94 6.06 5.10 4.30 3.80 3.63 3.64 3.69 3.64 3.47 3.37 3.46 3.70 4.06 4.43 4.71 4.93 5.22 5.53 5.71 5.74 5.57 5.34 5.21 5.20 5.31 5.51 5.67 5.87 6.32 6.68 6.66 6.65 6.83 6.97 7.15 7.44 7.87 8.01 8.00 7.96 7.96 8.10 8.33 8.46 8.41 8.16 7.70 7.22 6.94 6.77 6.55 6.21 5.81 5.48 5.35 5.38 5.51 5.64 5.67 5.69 5.76 5.71 5.60 5.52 5.41 5.16 4.79 4.51 4.35 4.45 4.60 4.77 5.08 5.52 5.98 6.17 6.27
6.79 6.86 7.03 7.22 7.16 6.68 5.84 4.93 4.20 3.81 3.73 3.84 4.03 4.27 4.50 4.64 4.63 4.59 4.69 4.95 5.23 5.43 5.63 5.85 5.98 6.16 6.48 6.77 6.94 6.99 6.93 6.88 6.83 6.64 6.15 6.07 6.40 6.70 7.00 7.26 7.44 7.69 8.01 8.27 8.19 8.06 8.02 8.10 8.30 8.56 8.69 8.56 8.09 7.35 6.85 6.81 6.78 6.51 6.05 5.57 5.23 5.11 5.28 5.59 5.90 6.07 6.12 6.04 5.79 5.63 5.49 5.41 5.21 4.77 4.16 3.59 3.38 3.30 3.27 3.46 3.84 4.31 4.48 4.47
6.79 6.81 6.81 6.65 6.16 5.35 4.46 3.81 3.53 3.56 3.78 4.11 4.45 4.82 5.31 5.85 6.26 6.51 6.75 7.01 7.18 7.18 7.03 6.73 6.44 6.47 6.92 7.37 7.63 7.65 7.55 7.40 7.17 6.83 6.29 6.15 6.45 6.96 7.46 7.76 7.94 8.09 8.16 8.11 7.84 7.65 7.69 7.90 8.19 8.39 8.31 8.22 8.18 8.08 7.78 7.38 7.02 6.66 6.32 6.04 5.87 5.82 5.96 6.19 6.36 6.37 6.26 6.13 5.95 5.91 5.87 5.71 5.36 4.69 3.76 2.92 2.53 2.31 2.25 2.43 2.65 2.87 3.15 3.38
6.79 6.78 6.60 6.10 5.29 4.43 3.79 3.45 3.49 3.78 4.20 4.71 5.24 5.78 6.39 7.10 7.69 8.20 8.54 8.61 8.39 7.97 7.42 6.96 6.71 6.75 6.93 6.84 6.58 6.41 6.22 6.09 6.02 5.94 5.98 6.29 6.73 7.25 7.72 7.94 7.97 7.88 7.65 7.36 7.20 7.11 7.22 7.47 7.79 8.04 8.00 7.93 7.99 8.10 8.02 7.59 7.10 6.74 6.51 6.40 6.41 6.52 6.62 6.72 6.68 6.47 6.17 6.09 6.20 6.48 6.50 6.20 5.72 4.96 3.88 3.06 2.65 2.39 2.25 2.32 2.41 2.43 2.57 2.99
6.80 6.74 6.47 5.98 5.43 4.97 4.67 4.49 4.51 4.75 5.11 5.60 6.23 6.91 7.58 8.16 8.63 8.90 8.87 8.52 7.91 7.24 6.77 6.67 6.86 7.10 7.04 6.53 5.95 5.65 5.55 5.59 5.75 5.83 6.03 6.49 6.98 7.37 7.64 7.70 7.58 7.31 6.93 6.62 6.52 6.54 6.59 6.73 6.91 6.95 6.98 7.04 7.10 7.11 7.04 6.96 6.76 6.53 6.34 6.22 6.28 6.57 6.81 6.96 6.89 6.67 6.43 6.39 6.57 6.83 6.78 6.42 6.15 5.83 5.00 4.20 3.63 3.20 3.05 3.07 3.07 3.02 3.12 3.61
6.72 6.60 6.27 6.15 5.99 5.90 5.85 5.89 6.03 6.17 6.31 6.64 7.22 7.94 8.54 8.84 8.84 8.52 7.91 7.13 6.42 6.01 6.00 6.32 6.81 7.33 7.48 7.35 7.17 7.11 7.11 7.09 6.95 6.70 6.58 6.77 7.04 7.25 7.33 7.25 6.95 6.58 6.29 6.15 6.09 6.12 6.17 6.15 5.90 5.49 5.26 5.36 5.61 5.74 5.83 6.05 6.23 6.26 6.24 6.22 6.34 6.63 6.81 6.82 6.65 6.50 6.47 6.53 6.55 6.57 6.47 6.25 6.46 6.74 6.52 5.76 5.01 4.36 4.42 4.54 4.49 4.39 4.59 5.28
6.57 6.39 6.18 6.32 6.32 6.49 6.71 7.01 7.34 7.58 7.72 7.91 8.31 8.77 8.93 8.75 8.23 7.46 6.65 5.99 5.63 5.58 5.80 6.22 6.76 7.44 7.83 8.15 8.35 8.42 8.37 8.18 7.84 7.41 7.04 6.97 7.02 7.04 6.96 6.69 6.27 5.95 5.89 6.00 6.10 6.26 6.34 6.21 5.68 5.02 4.58 4.44 4.37 4.56 5.03 5.61 6.09 6.32 6.37 6.41 6.56 6.75 6.70 6.50 6.23 6.10 6.11 6.13 6.07 6.08 6.02 6.08 6.69 7.44 7.81 7.62 7.00 6.41 6.59 6.70 6.60 6.51 6.72 7.07
6.50 6.38 6.30 6.45 6.75 7.19 7.69 8.09 8.36 8.54 8.69 8.83 8.92 8.84 8.48 7.84 7.10 6.35 5.78 5.53 5.71 6.08 6.46 6.77 7.17 7.55 7.65 7.69 7.80 7.85 7.80 7.74 7.68 7.53 7.18 6.96 6.88 6.71 6.41 6.08 5.90 6.04 6.25 6.42 6.57 6.76 6.80 6.72 6.47 6.16 5.79 5.39 4.92 5.01 5.47 5.98 6.38 6.62 6.74 6.81 6.83 6.86 6.72 6.53 6.35 6.18 6.03 5.96 5.97 6.09 6.14 6.32 6.91 7.62 8.28 8.68 8.80 8.73 8.75 8.77 8.63 8.41 8.23 7.88
6.56 6.51 6.45 6.62 7.03 7.55 7.98 8.28 8.44 8.53 8.63 8.69 8.57 8.14 7.44 6.69 6.01 5.50 5.21 5.27 5.83 6.45 6.90 7.18 7.41 7.42 7.04 6.60 6.38 6.33 6.41 6.68 7.02 7.23 7.09 6.84 6.58 6.25 5.92 5.88 6.25 6.76 6.97 7.00 7.02 7.08 7.04 6.99 7.01 7.19 7.26 7.12 6.78 6.48 6.42 6.41 6.53 6.78 7.07 7.21 7.20 7.20 7.08 6.96 6.81 6.64 6.50 6.53 6.69 6.70 6.64 6.68 6.90 7.22 7.75 8.51 9.15 9.47 9.55 9.44 9.09 8.68 8.16 7.44
6.55 6.52 6.44 6.53 6.80 7.11 7.26 7.35 7.44 7.57 7.72 7.74 7.52 7.05 6.41 5.74 5.21 5.01 5.08 5.41 5.94 6.39 6.74 6.95 6.99 6.72 6.15 5.63 5.24 5.06 5.19 5.53 5.99 6.38 6.63 6.64 6.45 6.25 6.27 6.63 7.10 7.30 7.27 7.20 7.16 7.11 6.98 6.79 6.82 7.03 7.28 7.49 7.52 7.24 6.69 6.36 6.44 6.76 7.10 7.33 7.49 7.62 7.57 7.44 7.27 7.12 7.05 7.09 7.13 6.95 6.80 6.76 6.73 6.81 7.15 7.71 8.25 8.61 8.74 8.74 8.51 8.08 7.45 6.71
6.53 6.53 6.54 6.56 6.55 6.44 6.32 6.22 6.28 6.50 6.69 6.64 6.32 5.81 5.23 4.81 4.84 5.27 5.94 6.50 6.72 6.82 6.89 6.90 6.69 6.11 5.31 4.73 4.33 4.15 4.21 4.39 4.63 5.07 5.59 6.02 6.36 6.67 7.00 7.25 7.32 7.23 7.07 7.02 7.02 6.95 6.75 6.46 6.25 6.12 6.17 6.46 6.80 6.84 6.49 6.26 6.38 6.71 7.04 7.37 7.70 7.92 7.89 7.75 7.55 7.35 7.17 6.98 6.76 6.47 6.43 6.51 6.56 6.65 6.84 6.98 7.08 7.11 7.26 7.63 7.91 7.89 7.64 7.34
6.72 6.86 7.03 6.94 6.63 6.23 5.94 5.75 5.78 5.95 5.95 5.63 5.08 4.47 4.02 4.12 4.88 6.00 6.88 7.34 7.53 7.53 7.43 7.29 7.05 6.61 5.80 4.92 4.37 4.16 4.08 4.09 4.22 4.51 4.97 5.60 6.26 6.74 6.86 6.77 6.64 6.59 6.59 6.65 6.72 6.68 6.50 6.14 5.68 5.29 5.11 5.17 5.42 5.81 5.99 6.10 6.27 6.59 6.94 7.31 7.68 7.92 7.87 7.73 7.55 7.35 7.12 6.81 6.49 6.20 6.14 6.23 6.36 6.41 6.44 6.56 6.48 6.30 6.18 6.46 6.98 7.49 7.90 8.19
7.00 7.19 7.33 7.16 6.81 6.40 6.07 5.90 5.77 5.51 4.98 4.31 3.68 3.28 3.19 3.53 4.46 5.64 6.50 7.13 7.50 7.65 7.61 7.58 7.57 7.45 7.12 6.51 6.01 5.86 5.80 5.66 5.67 5.73 5.91 6.21 6.51 6.59 6.40 6.18 6.05 6.04 6.23 6.42 6.56 6.54 6.38 6.06 5.63 5.23 4.92 4.55 4.30 4.45 4.92 5.52 6.07 6.50 6.84 7.18 7.49 7.59 7.52 7.38 7.32 7.31 7.26 7.08 6.81 6.45 6.20 6.17 6.20 6.22 6.35 6.49 6.41 6.19 5.82 5.58 5.69 6.09 6.65 7.21
6.96 6.98 6.92 6.78 6.57 6.30 6.04 5.76 5.31 4.60 3.72 3.11 2.91 3.06 3.37 3.77 4.29 4.87 5.49 6.18 6.63 6.93 7.22 7.54 7.73 7.80 7.98 8.15 8.20 8.18 8.09 7.98 7.82 7.54 7.29 7.09 6.85 6.60 6.37 6.19 6.06 6.05 6.29 6.50 6.60 6.55 6.45 6.36 6.18 5.82 5.32 4.59 3.93 3.93 4.50 5.36 6.13 6.61 6.91 7.17 7.29 7.19 7.07 7.08 7.19 7.34 7.45 7.41 7.19 6.77 6.46 6.35 6.30 6.24 6.21 6.21 6.28 6.26 5.98 5.48 4.99 4.72 4.78 5.08
6.66 6.45 6.28 6.28 6.20 6.02 5.77 5.22 4.59 3.99 3.62 3.51 3.72 4.28 5.21 6.00 5.97 5.73 5.63 5.68 5.89 6.28 6.93 7.49 7.63 7.70 8.04 8.51 8.87 9.06 9.01 8.87 8.63 8.23 7.80 7.38 6.99 6.70 6.47 6.25 6.23 6.41 6.64 6.67 6.58 6.47 6.45 6.56 6.57 6.22 5.57 4.86 4.62 4.95 5.55 6.06 6.44 6.70 6.96 7.07 6.92 6.75 6.81 7.04 7.23 7.33 7.44 7.53 7.51 7.29 6.95 6.73 6.50 6.16 5.79 5.69 5.92 6.18 6.14 5.77 5.21 4.78 4.61 4.67
6.49 6.27 6.07 6.09 6.13 6.09 5.84 5.38 4.94 4.75 4.97 5.45 6.05 6.96 7.97 8.63 8.81 8.32 7.52 7.04 6.92 7.16 7.61 7.73 7.57 7.45 7.48 7.63 7.87 8.16 8.30 8.30 8.22 8.04 7.80 7.48 7.15 6.85 6.52 6.30 6.44 6.79 6.95 6.72 6.42 6.25 6.28 6.48 6.68 6.60 6.25 6.01 6.14 6.50 6.66 6.55 6.46 6.59 6.78 6.75 6.59 6.57 6.75 6.94 7.03 7.03 7.08 7.25 7.47 7.60 7.37 7.03 6.62 6.12 5.72 5.58 5.76 6.06 6.20 6.15 6.08 6.11 6.12 5.93
6.55 6.41 6.24 6.26 6.39 6.55 6.63 6.58 6.52 6.65 7.18 7.95 8.81 9.54 9.95 10.08 10.15 9.98 9.63 9.25 8.98 8.81 8.57 8.07 7.61 7.33 7.10 6.90 6.74 6.70 6.80 6.94 7.05 7.16 7.26 7.32 7.25 7.01 6.71 6.56 6.68 6.72 6.57 6.31 6.14 6.15 6.29 6.59 7.03 7.43 7.59 7.59 7.57 7.46 7.06 6.60 6.50 6.64 6.70 6.63 6.57 6.61 6.61 6.56 6.52 6.44 6.42 6.61 6.94 7.25 7.29 7.07 6.72 6.34 6.04 5.87 5.91 6.07 6.24 6.38 6.55 6.74 6.84 6.78
6.69 6.65 6.60 6.61 6.75 6.98 7.27 7.58 7.99 8.50 9.13 9.77 10.18 10.25 10.03 9.67 9.40 9.49 9.60 9.55 9.37 9.09 8.63 8.03 7.54 7.26 7.07 6.93 6.69 6.33 6.02 5.94 6.00 6.16 6.42 6.73 6.94 6.94 6.79 6.59 6.31 5.95 5.65 5.69 6.06 6.40 6.68 7.00 7.45 8.04 8.46 8.56 8.44 8.17 7.74 7.33 7.22 7.15 6.99 6.83 6.68 6.52 6.35 6.24 6.17 6.04 5.95 6.04 6.29 6.62 6.87 6.89 6.71 6.47 6.28 6.14 6.05 6.05 6.18 6.31 6.37 6.40 6.45 6.54
6.82 6.87 6.87 6.89 7.01 7.19 7.46 7.93 8.64 9.34 9.78 9.86 9.61 9.11 8.53 8.02 7.75 7.81 7.92 8.05 8.13 8.08 7.89 7.61 7.36 7.15 7.00 6.96 6.93 6.80 6.60 6.44 6.45 6.50 6.50 6.50 6.58 6.68 6.62 6.32 5.89 5.60 5.64 6.04 6.59 6.95 7.17 7.38 7.63 8.03 8.43 8.65 8.74 8.75 8.71 8.49 8.21 7.83 7.40 7.02 6.70 6.39 6.23 6.16 6.04 5.88 5.79 5.84 6.02 6.28 6.53 6.63 6.55 6.44 6.33 6.23 6.11 6.10 6.19 6.26 6.27 6.31 6.33 6.37
6.83 6.83 6.84 6.96 7.17 7.44 7.82 8.33 8.89 9.18 9.10 8.73 8.17 7.55 7.03 6.71 6.54 6.50 6.52 6.68 6.94 7.08 7.18 7.19 7.20 7.10 6.91 6.72 6.64 6.79 7.01 7.18 7.29 7.27 7.08 6.81 6.61 6.59 6.52 6.37 6.28 6.35 6.57 6.96 7.29 7.45 7.49 7.53 7.55 7.64 7.85 8.11 8.40 8.71 8.97 8.97 8.65 8.20 7.64 7.10 6.69 6.42 6.25 6.06 5.83 5.76 5.86 5.99 6.11 6.23 6.31 6.37 6.38 6.36 6.25 6.11 6.03 6.06 6.17 6.25 6.31 6.40 6.42 6.44
6.68 6.61 6.66 6.92 7.24 7.65 8.16 8.53 8.62 8.33 7.84 7.38 6.95 6.53 6.14 5.87 5.70 5.71 5.89 6.15 6.42 6.70 6.85 6.90 7.01 7.16 7.09 6.87 6.65 6.57 6.58 6.64 6.73 6.82 6.88 6.85 6.75 6.68 6.66 6.76 6.91 7.04 7.19 7.49 7.68 7.67 7.54 7.39 7.25 7.21 7.23 7.35 7.54 7.80 8.11 8.27 8.19 7.90 7.51 7.09 6.74 6.45 6.14 5.84 5.71 5.82 6.04 6.20 6.25 6.18 6.10 6.12 6.18 6.17 6.06 5.90 5.77 5.77 5.91 6.08 6.16 6.18 6.15 6.17
6.60 6.53 6.60 6.83 7.13 7.54 7.93 7.96 7.62 7.09 6.56 6.09 5.73 5.42 5.14 5.03 5.21 5.56 5.90 6.22 6.59 6.91 6.87 6.74 6.97 7.30 7.39 7.35 7.24 6.94 6.53 6.05 5.76 5.83 6.14 6.44 6.60 6.66 6.76 6.94 7.09 7.22 7.40 7.62 7.63 7.45 7.24 7.05 6.93 6.91 6.86 6.79 6.72 6.67 6.62 6.77 6.93 6.98 7.00 6.94 6.76 6.46 6.11 5.87 5.88 6.05 6.23 6.32 6.24 6.04 5.91 5.88 5.91 5.94 5.92 5.81 5.65 5.57 5.65 5.84 5.88 5.73 5.57 5.52
