project/data/elevation/US_DEM2016/US_DEM2016_point_10-31-2019_1601_30m_ang.asc
ncols	125
nrows	167
xllcorner	-2042055.000000
yllcorner	1465035.000000
cellsize	30.000000
NODATA_value	-9999.000000
[rows 43 to 85 of 167, columns 0 to 94 of 125]
322 325 331 336 338 340 341 342 342 342 344 350 360 4 1 357 353 351 349 348 345 344 343 343 342 342 342 342 342 342 340 336 336 337 339 338 335 333 335 338 342 345 346 345 342 339 339 340 341 343 346 348 349 350 351 349 347 346 345 342 339 336 335 334 334 333 330 327 326 325 322 315 309 304 303 308 315 317 319 327 339 344 343 343 343 343 344 346 348 351 354 358 1 4 6
323 326 332 336 338 340 342 343 343 345 348 355 4 5 360 355 352 350 348 345 344 343 343 343 343 342 342 342 341 340 337 331 333 335 339 340 339 336 335 338 342 347 349 348 342 336 335 335 335 335 336 339 344 348 348 347 347 347 347 345 343 339 337 337 337 336 333 332 331 328 322 315 309 303 300 302 305 308 310 318 330 337 338 339 340 340 342 345 346 348 353 359 5 9 9
325 327 333 337 339 341 343 345 347 349 353 1 7 5 358 353 350 348 345 343 342 341 342 343 343 342 341 340 339 336 333 327 330 332 337 340 341 341 339 339 342 348 353 351 341 334 331 333 336 337 336 336 337 339 341 343 345 347 347 346 344 340 339 340 339 337 336 336 335 330 324 319 315 312 309 307 307 308 309 313 321 329 334 336 337 339 342 346 347 346 349 356 5 11 11
323 327 334 337 339 340 343 346 349 353 358 6 8 1 355 352 350 347 345 343 342 341 341 342 342 341 340 339 336 333 330 328 328 330 334 338 341 344 344 343 345 351 356 352 343 335 332 334 337 339 339 335 331 331 335 339 344 347 348 347 344 341 340 341 341 340 340 340 337 333 329 325 323 321 318 316 314 314 314 315 320 326 331 333 335 337 342 347 350 350 351 356 5 11 12
320 324 332 336 338 340 342 345 350 355 3 9 5 356 352 351 349 347 345 343 343 342 342 342 341 340 339 336 332 329 328 328 327 328 332 336 340 344 347 349 351 355 355 350 344 337 334 334 338 340 337 330 327 329 334 340 345 348 349 348 346 342 341 341 342 342 342 340 338 335 334 332 331 329 326 323 321 321 320 321 323 327 329 331 333 337 342 346 350 353 357 2 8 11 12
319 322 329 335 338 340 342 345 349 356 6 9 2 352 348 348 347 347 345 344 343 343 342 341 340 338 335 331 328 326 328 330 329 328 331 335 339 343 348 354 358 357 352 347 343 337 334 335 339 339 333 328 328 332 339 344 347 348 349 349 347 344 342 342 343 343 342 341 341 340 340 340 339 337 335 332 331 330 329 328 328 328 327 328 332 336 340 344 349 355 2 8 10 10 9
319 322 328 333 337 341 343 346 349 358 8 9 358 349 346 346 346 346 345 345 344 343 342 341 339 336 332 327 323 324 329 332 332 332 334 335 338 343 350 359 3 358 349 343 339 335 334 336 339 336 331 329 332 337 345 350 350 349 349 348 347 346 344 343 342 343 343 344 345 345 346 345 345 344 343 342 340 339 339 337 334 330 327 326 328 333 338 342 347 357 8 11 9 7 2
318 321 329 333 337 342 345 347 351 360 7 5 355 349 346 346 346 346 346 346 345 343 342 341 339 336 330 323 320 322 328 331 333 336 339 340 342 347 356 5 5 357 348 342 338 335 335 337 338 335 332 332 336 343 351 354 353 350 347 346 345 345 344 342 341 341 343 345 346 347 348 348 347 347 347 347 347 347 347 347 344 338 331 327 327 331 336 340 347 0 10 10 6 2 357
316 320 329 334 338 342 346 349 352 360 4 360 353 349 348 348 348 348 348 348 347 345 343 340 338 335 328 321 318 320 326 329 331 336 341 345 349 356 2 4 1 354 349 345 342 338 337 338 339 338 336 337 342 348 355 357 355 350 347 344 342 341 340 338 337 338 340 342 343 344 345 346 346 346 347 348 349 350 351 352 351 348 342 335 331 331 334 339 349 4 10 8 5 2 356
315 318 327 333 338 342 346 349 353 358 359 355 351 349 350 350 350 350 349 349 348 346 344 340 336 332 326 319 316 317 322 325 329 334 339 347 356 2 2 359 356 352 349 346 342 338 337 338 340 342 342 343 347 352 357 359 357 353 348 345 341 338 335 332 331 332 332 332 331 331 333 336 339 340 342 344 346 348 349 350 351 350 348 345 340 336 336 340 352 4 7 7 7 5 358
316 318 324 330 335 341 345 348 353 357 356 351 348 349 351 352 352 351 350 349 348 347 344 339 335 331 325 319 316 317 321 323 327 332 338 348 359 2 358 355 352 349 347 344 339 335 334 336 341 345 347 349 352 356 360 1 0 357 351 346 342 338 334 330 327 327 326 325 323 323 323 324 326 329 333 336 339 341 342 342 343 344 345 346 344 342 340 344 353 0 3 5 7 3 357
319 320 324 328 332 337 342 346 352 356 354 349 347 350 353 354 352 351 350 349 348 346 343 339 335 330 325 320 319 320 324 326 328 331 337 349 0 359 354 350 348 346 343 339 334 331 331 335 342 347 350 352 355 359 2 4 2 358 351 346 342 339 335 331 327 326 327 327 326 326 323 318 314 314 319 323 326 329 332 331 328 327 328 332 337 342 345 348 352 356 359 2 1 357 353
322 323 327 330 333 336 339 343 350 355 354 350 350 353 355 354 352 350 348 347 347 345 342 339 335 330 326 322 321 323 326 329 329 331 337 350 359 357 352 347 344 341 338 332 328 327 329 335 342 347 350 354 358 2 5 6 3 356 349 345 342 340 336 332 328 327 329 330 330 328 324 318 311 308 309 310 309 310 313 315 314 314 318 324 332 340 346 349 351 353 356 357 355 352 349
325 326 331 335 338 340 340 341 346 353 354 354 355 358 358 355 353 350 346 345 345 344 342 340 336 332 329 325 322 324 328 331 332 334 341 352 358 356 352 347 343 339 333 327 324 324 328 335 342 347 350 354 360 5 8 8 3 355 348 345 343 341 337 332 328 328 330 332 332 330 327 324 322 320 317 311 304 302 307 311 314 317 322 328 335 342 346 349 350 351 353 353 351 349 344
324 327 334 339 343 346 345 344 347 352 356 358 360 1 359 357 354 351 347 345 344 343 343 341 338 335 333 328 325 327 332 336 338 341 347 353 355 354 352 348 344 338 330 324 322 323 328 334 340 345 348 353 2 8 10 9 3 356 350 347 345 343 340 333 328 328 331 334 333 332 331 331 332 332 330 322 316 315 317 318 320 323 328 333 341 346 348 348 349 350 350 351 348 344 339
321 325 334 342 347 350 349 348 350 354 358 360 360 359 358 355 353 351 348 346 344 343 342 341 339 338 336 331 328 330 336 340 342 347 352 354 353 352 350 348 344 337 328 322 320 323 328 332 336 339 343 351 2 10 11 9 5 359 353 350 348 346 342 336 331 330 334 336 335 334 335 337 340 340 335 329 325 324 324 324 325 328 332 339 345 349 349 348 348 348 348 348 344 339 336
317 322 333 342 348 352 352 352 354 357 358 357 356 354 353 352 350 348 347 346 344 343 341 339 339 339 337 332 330 333 337 340 343 349 353 354 352 349 348 346 343 337 328 322 318 321 324 327 330 332 336 347 0 8 10 9 5 360 354 350 347 345 342 339 337 337 338 338 336 337 339 343 346 343 336 332 330 329 328 329 330 332 337 343 348 350 349 348 347 346 346 345 340 336 335
316 320 332 341 346 351 354 356 359 1 359 354 350 348 347 346 345 343 342 342 342 340 337 336 337 338 335 330 331 335 340 341 342 346 351 353 351 348 346 344 341 336 328 321 318 320 322 323 324 326 331 341 353 3 7 6 3 359 354 349 345 342 340 339 341 344 344 340 338 340 344 348 348 343 339 336 335 334 334 334 335 337 341 345 348 350 349 347 346 344 343 341 337 335 341
314 319 331 340 344 349 353 359 4 4 359 352 345 341 340 339 338 337 335 334 333 332 330 330 332 332 328 325 328 336 343 346 346 347 349 351 350 347 345 343 340 336 328 323 322 325 326 326 327 330 334 340 349 357 1 2 359 356 353 348 344 340 338 338 342 347 347 344 342 345 349 350 347 344 342 340 340 340 340 340 341 343 344 347 349 350 348 346 344 342 341 338 335 337 346
314 318 329 339 344 348 353 1 7 9 2 352 341 333 330 330 330 329 326 322 319 319 320 322 326 325 321 320 324 334 343 348 350 350 350 350 348 346 345 343 341 337 330 326 327 333 335 334 334 336 340 344 350 355 358 358 355 352 349 345 341 338 337 337 341 346 345 343 345 349 350 349 347 345 345 343 343 344 345 346 346 348 348 349 350 350 347 344 341 340 338 336 335 339 346
317 320 330 338 344 349 355 3 12 14 7 355 341 330 323 321 324 328 327 321 314 310 310 316 322 321 317 316 320 330 338 345 350 353 354 353 350 346 345 345 342 338 331 329 332 338 341 340 340 341 344 348 353 356 357 355 352 349 343 339 337 336 336 338 342 342 340 340 345 350 350 348 347 346 345 344 345 346 348 349 350 351 352 352 352 349 346 342 339 337 336 335 335 339 343
321 324 333 340 345 351 358 8 16 16 10 0 349 339 330 325 326 331 334 331 324 317 314 316 320 319 316 315 319 327 333 338 345 351 356 357 354 350 347 346 342 337 331 329 332 339 342 343 344 345 347 350 354 357 357 354 350 344 338 335 334 335 337 340 341 338 335 336 342 347 347 345 344 344 344 344 344 345 348 350 352 353 353 354 352 348 342 338 336 334 333 332 334 337 339
323 327 336 344 349 354 3 12 16 14 8 1 355 349 343 336 332 332 335 337 335 330 325 322 321 319 317 318 322 329 332 334 338 346 354 358 357 353 350 346 342 336 330 328 331 338 341 343 346 350 351 351 354 356 356 352 346 340 335 333 334 336 339 342 340 334 329 331 338 343 343 343 342 340 340 342 343 344 344 346 349 351 351 352 349 342 336 333 332 332 331 330 331 334 335
323 328 338 346 352 359 7 12 12 8 3 0 358 355 351 344 337 333 333 337 338 336 332 328 324 321 320 322 328 334 337 337 337 342 349 354 355 352 349 346 341 335 329 327 329 335 338 342 347 352 353 353 354 355 354 350 344 337 333 333 337 339 341 342 339 331 326 328 334 339 340 342 341 339 337 338 341 343 342 341 343 345 345 343 337 330 326 327 329 331 331 331 331 332 333
323 328 339 348 355 2 8 8 5 1 359 359 359 358 355 349 342 336 333 335 337 337 335 331 327 324 323 326 333 339 342 342 341 342 347 350 350 348 347 344 340 334 329 326 328 331 335 339 345 350 353 354 355 354 352 347 341 336 334 336 339 340 343 343 338 330 326 326 331 335 337 339 340 340 338 337 339 344 344 337 334 337 338 331 324 319 319 323 327 329 331 333 334 335 334
323 328 341 350 357 4 7 4 359 355 354 356 358 357 356 352 347 340 336 334 334 334 334 332 328 326 326 329 335 341 345 346 345 346 348 348 348 347 345 343 339 334 329 326 326 329 333 337 342 346 349 352 353 352 349 343 338 336 337 338 339 342 343 341 335 329 324 323 326 328 331 333 334 337 340 339 340 346 349 340 332 334 334 327 321 318 319 323 325 327 330 334 337 339 339
323 329 342 353 360 6 8 3 355 349 348 350 352 353 353 353 350 345 339 336 333 332 332 329 328 328 329 331 334 339 343 346 347 348 349 349 348 347 346 342 338 335 332 328 327 329 334 338 341 342 342 344 346 348 345 341 337 337 339 338 338 340 340 336 332 326 321 319 319 320 319 321 324 328 336 343 347 351 349 340 334 333 332 327 322 320 322 325 326 328 333 338 341 342 343
324 330 343 354 2 8 9 5 358 349 343 341 342 345 348 350 350 348 343 339 335 333 330 328 328 329 331 333 334 336 337 340 344 348 350 350 349 347 345 341 338 336 334 330 329 331 337 340 340 339 338 338 342 345 345 343 341 341 340 337 336 337 334 330 327 325 324 323 324 325 324 325 328 331 338 347 351 348 343 338 335 333 332 329 326 326 328 331 332 334 339 343 344 345 347
326 331 344 356 5 10 10 7 2 355 346 338 334 336 340 344 347 345 344 341 338 335 330 328 329 332 335 336 336 335 334 335 338 343 347 349 349 346 343 340 339 338 335 330 329 331 338 340 339 339 339 340 343 347 349 349 349 348 345 342 341 340 335 332 331 331 333 334 335 336 336 337 340 343 347 348 347 343 339 336 334 335 335 332 331 334 337 340 341 342 346 349 349 349 350
328 333 346 358 7 10 9 6 2 359 353 344 337 334 336 339 343 343 343 341 339 336 331 330 331 336 340 341 340 339 338 338 339 341 344 347 348 345 342 340 339 339 335 330 328 333 339 341 341 342 343 345 348 351 353 353 353 352 351 349 348 346 343 340 337 337 339 341 341 341 343 345 348 349 348 344 342 339 335 334 335 338 338 337 336 338 344 348 351 352 354 354 353 353 355
330 335 347 360 8 9 6 2 359 357 354 349 344 340 338 338 339 340 341 341 340 337 334 332 334 339 343 344 344 343 342 342 343 344 345 347 347 345 342 342 341 340 337 332 330 334 339 342 343 344 347 349 352 354 354 353 352 352 351 350 349 347 343 341 339 340 343 343 343 344 348 350 350 347 343 340 339 335 332 333 336 339 341 341 341 343 348 354 357 0 2 0 358 358 360
332 337 349 1 7 8 4 358 354 352 350 349 348 346 343 339 337 336 338 336 340 336 334 334 335 339 343 346 346 345 344 344 345 346 347 348 347 345 344 344 343 341 338 333 330 332 337 340 341 343 346 349 353 355 354 352 350 349 348 348 347 344 341 339 340 343 346 344 344 348 351 351 347 341 338 336 335 332 330 332 335 339 342 344 346 349 350 353 359 5 8 6 2 2 4
334 339 351 1 7 7 1 353 348 346 346 346 347 346 343 339 336 334 335 336 338 339 337 336 336 338 341 345 347 347 346 345 345 346 346 347 346 346 345 344 342 341 337 331 328 329 333 335 337 339 341 345 350 354 354 351 349 346 345 344 342 340 340 341 344 347 346 344 346 350 351 348 342 337 335 334 333 331 330 331 335 337 338 341 346 352 354 353 357 5 10 8 5 5 6
335 340 353 2 5 3 355 348 344 342 342 342 343 342 340 337 332 332 332 334 337 338 339 338 338 337 339 344 347 348 348 348 347 346 345 345 346 347 346 344 342 339 336 330 327 329 333 336 337 339 341 343 347 351 352 350 348 346 344 342 339 339 342 348 352 350 346 345 347 349 348 345 340 337 336 335 334 333 334 335 336 333 330 330 338 349 355 358 359 4 8 8 6 6 6
334 340 354 2 2 356 349 345 343 341 339 339 338 337 335 333 329 331 332 334 336 338 340 340 338 337 339 343 345 348 350 351 351 349 347 347 349 350 349 346 342 339 335 330 327 327 332 336 337 339 340 343 345 347 348 348 347 346 344 342 340 343 350 355 354 350 347 346 346 346 345 342 340 339 339 338 337 337 339 342 342 339 332 328 330 338 350 359 4 7 7 6 6 6 5
331 339 355 1 358 350 346 344 344 343 341 339 336 334 332 330 330 331 333 335 337 339 340 340 338 337 338 341 343 346 350 353 353 351 350 351 354 354 351 346 342 338 334 329 324 323 326 330 332 333 335 338 340 342 345 346 346 345 344 342 343 350 355 354 351 349 348 346 345 345 343 340 340 341 341 341 340 341 343 347 349 348 343 337 334 335 343 355 5 9 7 5 4 4 3
331 339 355 360 355 348 346 346 347 345 342 339 335 333 331 330 330 332 335 337 338 340 341 340 338 335 335 338 339 342 346 351 353 353 353 356 358 357 352 346 342 338 335 329 323 320 322 326 328 330 333 336 338 341 344 345 345 344 343 343 347 353 353 349 347 345 344 343 342 343 341 338 338 340 342 343 342 342 343 347 352 353 351 346 342 341 344 351 1 6 5 2 2 2 360
334 342 354 357 354 349 347 347 346 344 341 337 334 332 331 330 331 333 336 338 340 341 341 341 338 334 333 334 334 335 339 345 349 352 355 359 2 360 355 350 345 342 339 335 330 326 326 327 330 332 335 338 340 343 346 346 346 347 347 347 350 351 349 345 342 340 339 340 341 340 336 334 334 338 341 342 343 342 342 344 349 353 354 352 350 348 348 352 359 1 0 359 360 359 355
341 344 351 354 353 350 347 346 344 341 338 335 331 330 330 331 331 333 336 339 340 341 342 342 340 335 332 330 329 327 327 331 338 346 354 360 2 0 356 353 349 346 344 341 337 334 332 331 332 334 336 338 339 343 347 348 350 351 352 352 352 350 346 341 337 335 336 338 340 338 333 330 331 336 340 342 343 343 342 342 344 349 354 355 355 353 352 355 358 358 356 356 356 355 350
346 346 349 352 351 348 346 344 341 338 335 332 329 329 330 331 332 334 337 340 340 341 342 343 340 336 334 332 329 324 320 320 325 335 348 357 360 358 355 351 348 346 345 344 341 337 335 334 335 336 337 337 339 342 347 349 350 351 352 352 351 348 343 338 334 332 335 339 340 336 331 328 329 334 339 341 342 344 344 344 343 344 350 355 357 357 357 357 357 355 353 353 352 349 345
347 347 349 351 349 345 343 341 338 335 332 330 328 329 331 332 334 337 340 342 341 341 342 342 339 338 336 336 335 331 327 325 326 331 341 352 357 355 351 347 345 345 345 343 341 338 335 335 336 337 338 339 341 344 348 350 349 349 350 350 349 345 341 335 331 331 337 341 340 336 331 327 327 332 336 338 339 342 345 346 345 344 346 352 357 359 1 0 357 354 352 351 349 346 343
344 347 351 352 348 343 341 338 335 332 329 328 328 329 332 334 336 339 344 344 342 343 343 340 338 338 337 338 340 340 337 335 334 335 339 349 354 352 347 345 344 345 345 343 340 337 334 335 337 339 340 341 343 346 349 350 349 348 348 347 345 343 339 333 329 331 338 340 339 336 332 327 325 327 329 329 331 335 340 344 345 345 344 347 353 358 3 3 360 355 352 350 348 346 345
343 346 352 351 346 342 338 336 333 330 328 327 328 330 333 336 338 342 346 345 344 344 343 340 338 338 337 338 341 343 343 343 341 340 342 347 350 348 345 345 346 346 344 342 340 336 334 335 339 343 344 345 346 347 349 350 349 347 346 344 343 341 337 332 328 331 336 338 338 337 333 329 327 326 326 323 320 322 328 334 339 342 342 342 346 355 2 4 3 359 354 352 351 351 352
