project/data/elevation/US_DEM2016/US_DEM2016_point_10-30-2019_1437_30m_vel.asc
ncols	125
nrows	167
xllcorner	-2042055.000000
yllcorner	1465035.000000
cellsize	30.000000
NODATA_value	-9999.000000
[rows 37 to 73 of 167, columns 0 to 83 of 125]
10.33 10.39 10.03 9.37 8.67 7.98 7.51 7.00 6.37 5.74 5.43 5.42 5.65 6.09 6.43 6.49 6.44 6.65 7.29 8.13 8.80 9.32 9.67 9.88 9.84 9.70 9.46 9.11 8.65 8.17 7.66 7.27 7.24 7.58 7.94 8.31 8.78 9.30 9.69 10.00 10.06 9.59 9.17 9.03 9.51 10.15 10.40 10.00 9.33 8.57 7.95 7.61 7.39 7.24 7.11 7.13 7.26 7.77 8.34 9.03 9.18 8.75 7.98 7.19 6.48 6.09 6.03 6.15 6.32 6.56 6.58 6.55 6.87 7.15 7.34 7.64 8.14 8.80 9.87 11.04 11.93 11.95 11.46 10.79
10.55 10.03 8.95 8.19 7.54 7.17 6.87 6.39 5.80 5.31 5.15 5.17 5.32 5.61 5.95 6.14 6.21 6.46 7.05 7.79 8.19 8.35 8.41 8.56 8.78 8.94 9.09 9.19 8.96 8.60 8.23 7.94 7.82 7.90 8.19 8.84 9.54 9.96 10.38 10.95 11.28 11.00 10.86 10.54 10.66 10.67 10.11 9.01 8.20 7.63 7.43 7.43 7.41 7.28 7.16 7.22 7.43 8.02 8.60 9.07 9.01 8.23 7.54 7.05 6.64 6.38 6.12 6.03 6.12 6.33 6.30 6.20 6.45 7.01 7.27 7.46 7.73 8.36 9.18 10.06 10.70 10.93 10.60 9.81
10.52 9.49 7.84 7.02 6.51 6.30 6.04 5.67 5.37 5.20 5.25 5.39 5.56 5.66 5.72 5.82 5.99 6.27 6.58 6.80 6.72 6.59 6.60 6.88 7.49 8.16 8.66 9.08 9.16 8.95 8.69 8.50 8.42 8.56 9.17 10.07 10.61 10.87 11.14 11.57 11.80 11.41 10.98 10.66 10.41 10.05 9.30 8.39 7.76 7.29 7.25 7.48 7.61 7.37 7.30 7.47 7.84 8.38 8.58 8.56 8.09 7.09 6.16 5.85 5.74 5.73 5.58 5.55 5.76 6.03 6.05 6.02 6.33 6.92 7.19 7.21 7.27 7.73 8.41 8.70 8.59 8.78 9.23 9.29
10.17 9.00 7.20 6.35 6.09 5.97 5.88 5.79 5.80 5.97 6.23 6.46 6.40 6.03 5.68 5.62 5.83 6.07 6.07 5.83 5.70 5.77 6.10 6.62 7.40 8.02 8.48 8.87 9.07 9.11 9.10 9.11 9.34 9.98 10.86 11.66 12.08 12.24 11.96 11.63 11.47 10.70 10.07 9.84 9.56 9.54 9.35 9.13 8.78 8.54 8.27 8.19 8.09 7.63 7.47 7.58 7.93 8.26 8.08 7.64 7.01 6.01 4.90 4.53 4.52 4.68 4.98 5.30 5.59 5.76 5.77 5.90 6.40 6.99 7.20 7.05 6.96 7.24 7.81 7.93 7.53 7.54 8.30 9.29
9.76 8.83 7.38 6.72 6.60 6.60 6.53 6.47 6.61 6.95 7.34 7.45 7.02 6.29 5.82 5.76 5.97 6.11 6.02 5.83 5.90 6.25 6.71 7.12 7.47 7.81 7.98 8.19 8.61 8.97 9.46 9.78 10.44 11.31 12.13 12.71 12.91 12.62 12.04 11.26 10.52 9.77 9.09 8.67 8.72 8.78 9.07 9.27 9.42 9.50 9.43 8.90 8.36 7.72 7.30 7.24 7.32 7.30 6.99 6.63 6.20 5.46 4.58 4.37 4.59 4.89 5.19 5.38 5.46 5.56 5.68 5.86 6.36 6.98 7.09 6.76 6.74 7.24 7.81 7.70 7.21 7.05 7.56 8.87
9.52 8.92 7.94 7.48 7.34 7.22 7.05 7.03 7.33 7.76 8.01 7.83 7.06 6.47 6.28 6.38 6.53 6.63 6.68 6.81 7.08 7.42 7.73 7.97 8.13 8.13 8.04 8.06 8.44 8.88 9.74 10.81 11.71 12.45 12.71 12.54 12.22 11.64 10.83 10.01 9.29 8.72 8.08 7.77 7.76 7.90 8.25 8.48 8.74 8.88 8.90 8.54 8.08 7.44 7.02 6.93 6.85 6.58 6.27 6.30 6.17 5.86 5.56 5.67 5.95 5.93 5.71 5.52 5.61 5.80 5.83 5.79 6.03 6.47 6.43 6.01 6.32 7.24 7.80 7.50 7.03 7.05 7.66 8.84
9.39 8.92 8.19 7.84 7.68 7.58 7.58 7.82 8.20 8.48 8.40 7.87 7.04 6.70 6.69 6.86 7.09 7.27 7.53 7.92 8.37 8.70 8.88 8.95 8.93 8.74 8.59 8.59 8.84 9.17 10.08 11.26 12.12 12.58 12.23 11.53 10.78 10.08 9.32 8.75 8.32 7.86 7.28 6.85 6.91 7.23 7.46 7.30 6.97 6.58 6.55 6.92 7.17 7.08 7.00 7.19 7.25 7.16 7.11 7.11 6.96 6.93 7.10 7.26 6.88 6.30 6.12 6.30 6.43 6.13 5.60 5.29 5.48 5.77 5.66 5.45 5.89 6.93 7.45 7.11 6.94 7.48 8.29 8.87
9.29 8.93 8.42 8.21 8.27 8.51 8.80 9.04 9.16 9.07 8.61 7.83 7.10 6.81 6.85 7.14 7.46 7.76 8.16 8.67 9.12 9.36 9.39 9.23 9.02 8.78 8.71 8.81 9.17 9.68 10.70 11.56 11.85 11.57 10.94 10.43 9.90 9.31 8.42 7.76 7.34 6.97 6.52 6.11 6.15 6.61 6.46 6.00 5.42 5.12 5.29 5.73 6.18 6.54 7.08 7.72 8.05 8.17 8.15 7.90 7.71 7.77 7.74 7.44 6.74 6.58 6.94 7.04 6.47 5.41 4.81 4.85 5.20 5.44 5.47 5.58 6.11 6.83 7.18 6.93 6.90 7.62 8.20 8.40
9.46 9.29 9.04 9.05 9.23 9.50 9.70 9.74 9.59 9.22 8.58 7.80 7.30 7.13 7.37 7.69 7.95 8.25 8.64 8.97 9.12 9.09 8.92 8.69 8.60 8.53 8.54 8.79 9.50 10.38 11.35 11.39 10.92 10.15 9.61 9.52 9.20 8.71 7.84 7.07 6.43 5.97 5.58 5.25 5.43 5.86 5.87 5.80 5.77 5.84 5.81 5.66 5.66 6.17 7.15 8.08 8.31 8.22 8.05 7.95 7.81 7.92 7.70 7.37 7.29 7.52 7.37 6.50 5.30 4.66 4.77 5.29 5.66 5.79 5.92 6.32 6.91 7.30 7.32 7.13 7.04 7.30 7.75 8.04
9.83 9.72 9.59 9.65 9.68 9.65 9.52 9.34 9.09 8.68 8.15 7.60 7.51 7.76 8.21 8.47 8.60 8.75 8.87 8.86 8.71 8.48 8.23 8.11 8.25 8.40 8.59 9.10 10.06 10.97 11.40 10.93 9.93 9.18 8.70 8.42 8.13 7.83 7.33 6.64 5.78 5.15 4.90 5.01 5.41 5.87 6.38 6.57 6.56 6.19 5.64 5.38 5.81 6.73 7.69 8.18 8.14 7.92 7.80 7.88 7.78 7.89 7.85 7.79 7.75 7.45 6.30 5.36 5.10 5.45 6.06 6.46 6.63 6.73 6.96 7.38 7.79 7.91 7.84 7.73 7.57 7.51 7.75 8.18
10.11 9.88 9.59 9.49 9.31 9.02 8.66 8.33 8.00 7.68 7.31 7.09 7.26 7.86 8.42 8.70 8.80 8.78 8.65 8.46 8.28 8.08 7.90 7.86 8.03 8.30 8.67 9.45 10.47 11.04 10.79 9.91 9.22 8.59 7.96 7.50 7.20 7.04 6.88 6.51 5.64 5.12 5.17 5.76 6.18 6.62 6.95 6.60 5.81 4.98 4.75 5.40 6.93 8.39 8.87 8.64 8.39 8.16 8.06 8.06 7.89 7.97 7.91 7.73 7.30 6.53 5.90 5.98 6.66 7.39 7.87 8.05 8.13 8.19 8.31 8.57 8.80 8.78 8.75 8.78 8.36 8.04 8.17 8.49
10.17 9.89 9.25 8.92 8.64 8.24 7.82 7.44 7.11 6.78 6.45 6.38 6.62 7.27 7.83 8.11 8.27 8.29 8.20 8.06 7.91 7.78 7.66 7.62 7.73 8.02 8.45 9.39 10.55 10.85 10.28 9.40 8.88 8.26 7.42 6.73 6.51 6.45 6.36 6.05 5.47 5.14 5.33 5.86 6.21 6.55 6.66 5.84 4.97 4.73 5.45 7.31 9.30 10.24 10.20 9.43 8.89 8.53 8.35 8.37 8.29 8.24 8.11 7.84 7.73 7.87 8.46 9.24 9.89 10.33 10.45 10.46 10.45 10.43 10.43 10.53 10.60 10.42 10.14 9.65 8.85 8.27 8.36 8.51
10.16 9.88 9.03 8.46 8.17 7.86 7.49 7.15 6.86 6.44 6.19 6.21 6.55 7.13 7.53 7.73 7.83 7.89 7.86 7.72 7.53 7.39 7.31 7.32 7.42 7.66 8.13 9.27 10.60 10.68 9.96 9.33 8.88 8.22 7.35 6.55 6.23 5.90 5.46 4.99 4.66 4.51 4.65 4.96 5.44 5.94 6.25 5.85 5.61 6.19 8.04 10.21 11.33 11.38 10.72 9.73 9.06 8.73 8.67 8.95 9.02 9.01 8.87 9.11 9.75 10.62 11.59 12.42 12.92 13.13 13.17 13.14 13.09 13.03 12.90 12.72 12.51 12.19 11.48 10.39 9.27 8.49 8.35 8.30
10.28 9.88 8.93 8.31 8.03 7.81 7.61 7.41 7.15 6.82 6.84 7.04 7.44 7.88 8.08 8.08 7.99 7.86 7.65 7.41 7.20 7.05 6.99 7.02 7.16 7.47 8.13 9.51 10.63 10.36 9.27 9.03 8.74 8.13 7.63 7.10 6.48 5.62 4.75 4.30 4.24 4.39 4.71 5.08 5.58 6.11 6.77 7.15 7.63 8.99 10.95 12.05 12.10 11.16 10.26 9.41 8.93 8.82 8.77 8.91 9.12 9.33 9.46 9.94 10.92 11.81 12.39 12.93 13.20 13.33 13.42 13.53 13.57 13.55 13.35 12.99 12.64 12.34 11.79 11.03 10.21 9.41 8.62 8.18
10.44 9.84 8.77 8.34 8.08 7.82 7.66 7.61 7.49 7.36 7.66 8.14 8.55 8.77 8.76 8.53 8.21 7.83 7.49 7.25 7.08 6.92 6.79 6.79 7.02 7.52 8.36 9.69 10.33 9.52 8.51 8.39 8.22 7.94 7.70 7.48 6.72 5.79 5.14 5.01 5.31 5.84 6.35 6.66 7.03 7.70 8.85 9.98 11.12 12.14 12.70 12.54 11.53 10.17 9.40 8.79 8.43 8.24 8.06 7.95 8.21 8.55 9.22 9.74 10.44 10.78 10.61 10.43 10.32 10.48 10.76 11.12 11.26 11.25 11.03 10.75 10.61 10.44 10.30 10.27 10.19 9.95 9.45 8.61
10.40 9.58 8.40 8.00 7.82 7.64 7.56 7.57 7.56 7.61 8.01 8.60 8.93 8.99 8.77 8.35 7.88 7.50 7.24 7.07 6.91 6.74 6.60 6.66 7.03 7.65 8.49 9.51 9.69 8.65 7.91 7.86 7.70 7.51 7.46 7.12 6.67 6.35 6.28 6.64 7.13 7.63 8.00 8.42 9.10 10.23 11.56 12.50 12.98 13.02 12.64 11.65 10.48 9.34 8.70 8.18 7.76 7.36 7.23 7.20 7.50 7.96 8.47 8.98 9.14 8.59 7.87 7.17 7.04 7.29 7.65 7.98 8.08 7.94 7.83 7.66 7.71 7.68 7.74 8.03 8.56 8.96 9.07 8.77
10.07 9.22 7.98 7.46 7.30 7.30 7.43 7.50 7.54 7.66 7.89 8.23 8.42 8.24 7.86 7.42 7.10 6.89 6.73 6.57 6.41 6.34 6.46 6.82 7.33 7.85 8.51 9.18 9.17 8.46 7.95 7.85 7.67 7.46 7.10 6.63 6.47 6.59 6.93 7.51 8.10 8.47 8.89 9.55 10.71 12.04 12.91 13.12 12.65 11.91 11.11 10.30 9.52 8.83 8.31 7.85 7.46 7.16 7.26 7.47 7.83 8.12 8.23 8.35 7.98 7.22 6.54 6.33 6.50 6.69 6.57 6.24 6.01 5.87 5.74 5.65 5.77 5.87 5.89 5.88 6.06 6.39 6.66 7.00
9.65 8.97 7.92 7.40 7.14 6.99 7.04 7.16 7.18 7.27 7.31 7.33 7.18 6.73 6.27 6.10 6.07 5.99 5.93 5.96 6.10 6.31 6.68 7.20 7.62 8.07 8.58 9.04 9.20 9.02 8.61 8.22 7.85 7.45 6.84 6.22 6.08 6.30 6.69 7.20 7.82 8.36 8.98 10.07 11.60 12.59 12.70 11.76 10.35 9.67 9.37 9.17 8.88 8.58 8.19 7.81 7.52 7.48 7.82 8.08 8.23 8.26 7.98 7.76 7.26 7.04 7.01 7.10 7.09 6.78 6.10 5.26 4.84 4.63 4.44 4.39 4.55 4.60 4.45 4.16 4.03 4.09 4.47 5.27
9.44 9.01 8.33 7.88 7.47 6.96 6.49 6.35 6.36 6.45 6.51 6.36 5.87 5.22 4.88 4.87 4.95 5.04 5.27 5.72 6.27 6.81 7.27 7.58 7.90 8.31 8.75 9.21 9.47 9.47 8.86 8.17 7.65 7.14 6.56 5.90 5.77 6.06 6.34 6.68 7.20 7.95 8.89 10.46 11.94 12.31 11.32 9.76 8.75 8.39 8.27 8.25 8.24 8.26 7.95 7.69 7.52 7.64 8.01 8.03 7.78 7.47 7.17 7.05 7.28 7.56 7.78 7.72 7.04 6.11 5.09 4.51 4.35 4.18 3.84 3.58 3.55 3.39 3.07 3.01 3.29 3.89 4.90 5.96
9.60 9.47 9.11 8.62 8.02 7.31 6.51 6.17 6.06 6.12 6.12 5.80 5.27 4.82 4.60 4.57 4.72 5.03 5.54 6.19 6.88 7.54 7.90 8.13 8.45 8.84 9.11 9.42 9.72 9.63 8.75 8.12 7.80 7.38 6.72 6.23 6.29 6.58 6.73 6.94 7.38 8.12 9.27 11.00 11.90 11.46 9.74 8.36 7.61 7.36 7.35 7.41 7.53 7.58 7.39 7.23 7.15 7.24 7.33 6.96 6.45 6.10 6.19 6.64 7.64 8.18 7.86 7.31 6.22 5.32 4.84 4.86 4.90 4.47 3.72 3.21 3.08 2.95 2.88 3.23 4.14 5.57 7.18 7.95
9.98 9.95 9.59 9.06 8.44 7.82 7.27 6.96 6.70 6.52 6.34 6.05 5.78 5.67 5.71 5.84 6.07 6.46 6.84 7.31 7.87 8.42 8.74 9.03 9.39 9.65 9.59 9.76 10.16 10.20 9.70 9.25 9.00 8.54 7.69 7.30 7.53 7.79 7.94 8.09 8.38 8.83 9.92 11.34 11.52 10.12 8.37 7.14 6.59 6.51 6.62 6.69 6.82 6.83 6.79 6.69 6.54 6.36 6.09 5.78 5.64 5.77 6.30 7.10 8.13 8.23 7.44 6.39 5.62 5.54 5.91 6.15 5.62 4.62 3.71 3.45 3.60 3.76 4.13 5.13 6.81 8.58 9.48 9.25
10.29 9.95 9.26 8.84 8.53 8.29 8.04 7.76 7.32 6.87 6.60 6.56 6.73 7.02 7.40 7.70 8.06 8.43 8.72 8.96 9.29 9.46 9.68 10.04 10.36 10.26 10.06 10.24 10.72 10.72 10.35 9.93 9.57 9.05 8.34 7.98 8.12 8.40 8.69 8.96 9.18 9.48 10.34 11.06 10.44 8.58 7.04 6.16 5.79 5.75 5.94 5.95 6.00 6.24 6.39 6.33 6.17 5.98 5.92 6.16 6.51 7.04 7.65 8.22 8.57 8.13 7.03 6.37 6.40 6.88 7.20 6.81 5.61 4.43 4.08 4.42 4.92 5.50 6.49 7.97 9.61 10.45 10.24 9.14
10.44 9.67 8.60 8.26 8.28 8.37 8.34 7.96 7.37 6.81 6.56 6.73 7.25 7.90 8.50 8.95 9.33 9.70 10.04 10.20 10.20 10.17 10.36 10.68 10.71 10.45 10.37 10.68 10.94 10.52 9.59 8.91 8.44 8.15 7.97 7.96 8.07 8.37 8.72 9.14 9.52 9.77 10.20 10.11 8.92 7.04 5.86 5.28 5.04 5.12 5.18 5.11 5.35 5.89 6.29 6.40 6.41 6.49 6.82 7.19 7.69 8.41 9.08 9.48 9.24 8.67 7.69 7.52 7.99 8.27 7.71 6.56 5.39 5.10 5.60 6.33 7.17 8.15 9.41 10.62 11.15 10.79 9.63 8.38
10.45 9.57 8.21 7.73 7.63 7.64 7.65 7.43 6.98 6.52 6.30 6.45 6.96 7.66 8.29 8.69 8.99 9.23 9.37 9.45 9.58 9.83 10.14 10.20 9.87 9.71 10.07 10.67 10.70 10.05 9.10 8.18 7.58 7.36 7.64 8.05 8.44 8.70 8.90 9.09 9.30 9.26 9.28 8.97 7.82 6.14 5.12 4.79 4.82 4.93 4.89 4.90 5.24 5.93 6.55 6.96 7.24 7.49 7.72 7.91 8.42 9.43 10.31 10.63 10.15 9.53 9.00 8.86 9.12 8.98 7.98 6.98 6.69 7.44 8.48 9.45 10.39 11.24 11.85 11.90 11.26 10.04 8.80 7.91
10.40 9.36 7.77 7.18 6.77 6.52 6.49 6.43 6.22 5.92 5.66 5.63 5.88 6.26 6.65 6.91 7.05 6.97 6.66 6.66 7.41 8.32 8.64 8.28 7.66 8.03 9.28 10.21 10.23 9.73 9.33 8.96 8.57 8.31 8.24 8.47 8.79 8.95 8.87 8.67 8.46 8.26 8.22 8.25 7.58 6.29 5.52 5.57 5.77 5.79 5.75 5.86 6.06 6.44 6.92 7.42 7.92 8.42 8.72 9.14 9.94 10.96 11.42 11.22 10.58 10.01 9.81 9.99 10.14 9.93 9.48 9.31 9.87 10.76 11.51 12.13 12.62 12.82 12.56 11.67 10.49 9.31 8.42 7.69
10.08 8.88 7.22 6.62 6.26 5.98 5.75 5.58 5.42 5.11 4.71 4.46 4.40 4.46 4.59 4.75 4.80 4.52 4.37 4.72 5.57 6.45 6.64 6.13 5.98 6.97 8.88 9.92 9.81 9.06 8.95 9.12 9.21 9.21 8.89 8.62 8.45 8.39 8.08 7.69 7.45 7.67 8.07 8.56 8.41 7.94 7.51 7.55 7.68 7.66 7.61 7.50 7.24 7.08 7.15 7.43 7.93 8.64 9.48 10.48 11.48 11.83 11.48 10.57 9.53 9.26 9.81 10.29 10.63 10.83 11.11 11.60 12.19 12.64 12.55 12.75 12.68 12.27 11.44 10.47 9.58 8.79 8.13 7.44
9.65 8.67 7.16 6.43 6.11 5.86 5.57 5.23 4.95 4.63 4.17 3.76 3.53 3.53 3.61 3.67 3.67 3.79 4.09 4.63 5.19 5.54 5.50 5.33 5.75 7.19 9.17 9.95 9.45 8.27 7.97 8.16 8.51 8.77 8.56 7.98 7.36 7.01 6.88 6.76 6.90 7.69 8.68 9.46 9.52 9.38 9.28 9.16 9.11 9.02 8.63 8.13 7.67 7.41 7.37 7.56 8.04 8.90 10.02 11.05 11.47 11.07 10.09 8.79 8.13 8.37 9.31 9.97 10.17 10.55 11.09 11.56 11.86 11.84 11.59 11.22 10.70 9.96 9.37 8.85 8.33 7.87 7.44 6.93
9.46 8.82 7.66 6.88 6.42 6.09 5.70 5.26 4.99 4.76 4.47 4.20 4.07 3.97 3.89 3.87 4.04 4.55 5.16 5.53 5.65 5.70 5.73 5.83 6.56 8.12 9.67 10.04 9.12 7.74 7.16 7.06 7.30 7.49 7.51 7.20 6.68 6.32 6.34 6.75 7.42 8.54 9.53 10.02 9.86 9.61 9.54 9.58 9.49 9.13 8.35 7.79 7.54 7.55 7.65 7.91 8.44 9.40 10.34 10.71 10.21 9.12 8.11 7.37 7.44 8.20 9.00 9.24 9.08 9.33 9.72 9.86 9.73 9.58 9.38 8.97 8.31 7.60 7.13 6.91 6.63 6.39 6.11 5.88
9.39 8.89 8.02 7.42 6.94 6.45 5.93 5.63 5.53 5.54 5.58 5.62 5.58 5.34 5.03 4.91 5.16 5.65 6.13 6.52 6.56 6.60 6.84 7.25 7.99 9.40 10.23 10.27 9.29 7.82 7.03 6.58 6.37 6.43 6.78 7.16 7.30 7.45 7.67 8.06 8.76 9.58 10.04 10.01 9.48 9.08 9.13 9.25 9.08 8.73 8.18 7.80 7.66 7.71 7.85 8.09 8.64 9.53 10.19 9.84 8.79 7.83 7.15 6.84 7.09 7.84 8.57 8.52 8.15 8.21 8.39 8.28 7.98 7.72 7.42 7.16 6.58 5.85 5.19 4.91 4.81 4.52 4.30 4.18
9.33 8.84 8.03 7.48 7.07 6.61 6.28 6.27 6.49 6.84 7.15 7.25 6.96 6.52 6.12 5.93 6.09 6.43 6.75 7.24 7.54 7.90 8.37 8.82 9.43 10.41 11.07 10.82 9.87 8.56 7.77 7.20 6.76 6.76 7.13 7.76 8.44 9.01 9.28 9.41 9.60 9.89 9.92 9.63 9.05 8.60 8.57 8.47 8.25 8.14 8.07 7.94 7.84 7.85 8.03 8.37 9.00 9.74 9.78 8.84 7.68 7.08 6.64 6.40 6.65 7.56 8.36 8.25 7.63 7.46 7.37 7.21 7.00 6.61 6.04 5.59 5.10 4.45 3.80 3.33 3.05 2.77 2.56 2.63
9.35 8.82 7.96 7.33 6.87 6.54 6.50 6.76 7.29 7.90 8.36 8.37 8.11 7.72 7.34 7.04 6.93 7.09 7.39 7.88 8.31 8.92 9.23 9.69 10.53 11.60 11.87 11.25 10.15 9.23 8.73 8.40 8.13 8.04 8.08 8.38 8.80 9.15 9.30 9.25 9.27 9.45 9.45 9.11 8.58 8.01 7.77 7.45 7.17 7.22 7.44 7.60 7.74 7.88 8.24 8.76 9.34 9.49 8.74 7.51 6.76 6.44 6.16 6.30 6.92 7.94 8.29 7.75 6.93 6.59 6.42 6.26 6.15 5.80 5.15 4.50 3.87 3.28 2.63 2.10 1.82 1.72 1.85 2.30
9.36 8.75 7.73 7.05 6.59 6.33 6.32 6.53 7.01 7.62 8.17 8.48 8.64 8.68 8.59 8.35 8.05 7.94 8.14 8.42 8.69 9.25 9.63 10.26 11.30 12.09 11.98 10.93 9.76 9.20 9.09 9.14 9.14 8.84 8.54 8.43 8.35 8.25 8.24 8.48 8.79 9.04 8.99 8.61 8.11 7.60 7.20 6.74 6.38 6.26 6.39 6.71 7.17 7.62 8.17 8.65 8.81 8.26 7.04 6.31 6.12 5.97 6.08 6.71 7.41 7.82 7.56 6.60 5.72 5.34 5.17 4.89 4.70 4.59 4.21 3.57 2.81 2.14 1.69 1.59 1.69 1.92 2.40 3.30
9.24 8.51 7.29 6.72 6.38 6.15 5.99 5.85 5.84 6.06 6.48 7.27 8.14 8.86 9.33 9.37 9.12 8.86 8.83 8.92 9.06 9.51 9.97 10.99 11.59 11.80 11.12 10.04 8.93 8.47 8.48 8.71 8.84 8.61 8.35 8.15 7.94 7.87 8.14 8.58 8.83 8.83 8.59 8.36 8.17 7.78 7.22 6.49 5.76 5.38 5.48 5.99 6.73 7.30 7.75 7.86 7.41 6.40 5.58 5.45 5.41 5.26 5.70 6.41 6.69 6.63 6.27 5.55 4.77 4.20 3.93 3.74 3.65 3.46 3.07 2.57 2.10 1.83 1.94 2.40 2.94 3.38 3.94 4.98
9.05 8.24 7.00 6.56 6.32 6.14 5.92 5.62 5.23 4.96 5.02 5.63 6.80 8.06 9.06 9.57 9.65 9.55 9.50 9.59 9.70 9.96 10.41 11.17 11.56 11.15 10.21 9.11 8.09 7.47 7.24 7.32 7.59 7.81 7.96 8.01 8.00 8.15 8.52 8.85 8.85 8.60 8.35 8.38 8.39 7.77 6.79 5.74 5.21 5.31 5.85 6.62 7.24 7.42 7.29 6.83 5.92 5.05 4.73 4.73 4.56 4.41 4.66 5.13 5.48 5.68 5.81 5.58 5.04 4.57 4.40 4.20 3.83 3.28 2.67 2.38 2.45 2.79 3.37 4.05 4.72 5.36 5.96 7.04
8.90 8.13 7.02 6.58 6.37 6.26 6.14 6.00 5.72 5.34 5.08 5.30 6.10 7.14 8.18 9.01 9.49 9.96 10.09 10.39 10.63 10.86 11.81 11.92 11.65 10.74 9.66 8.67 7.75 7.16 6.90 6.89 6.97 7.15 7.47 7.79 7.97 8.13 8.42 8.71 8.52 8.13 7.94 8.11 8.05 7.07 6.10 5.78 6.24 7.04 7.76 8.17 8.14 7.70 7.11 6.49 5.93 5.51 5.30 5.10 4.84 4.73 4.87 5.24 6.05 6.77 7.09 6.93 6.59 6.35 6.09 5.57 4.65 3.80 3.28 3.25 3.63 4.28 5.03 5.95 6.98 7.94 8.73 10.02
8.79 8.03 7.04 6.61 6.46 6.44 6.49 6.65 6.84 6.86 6.69 6.60 6.90 7.40 7.95 8.73 9.44 10.25 10.65 11.15 11.69 11.94 12.44 12.18 11.57 10.42 9.52 8.93 8.32 8.08 8.06 7.97 7.61 7.39 7.48 7.69 7.84 8.03 8.22 8.11 7.74 7.39 7.37 7.68 7.77 7.37 7.40 8.10 8.86 9.29 9.35 9.05 8.47 7.81 7.44 7.37 7.33 7.27 7.12 6.94 6.84 6.98 7.33 7.98 8.72 8.96 8.52 7.93 7.48 7.10 6.46 5.56 4.57 4.09 4.11 4.53 5.07 5.88 7.06 8.72 10.39 11.59 12.44 13.42
8.64 7.94 7.03 6.65 6.63 6.70 6.88 7.28 7.85 8.35 8.62 8.75 8.83 8.76 8.79 9.25 9.98 11.00 11.61 12.08 12.58 12.75 12.49 11.96 10.99 10.11 9.65 9.41 9.16 9.02 8.99 8.93 8.61 8.36 8.18 8.04 8.01 8.03 7.87 7.47 7.22 7.34 7.53 7.95 8.36 8.59 8.96 9.49 9.73 9.54 9.18 8.73 8.31 7.96 7.86 8.01 8.10 8.24 8.40 8.59 8.80 9.21 9.68 10.01 9.87 9.18 8.09 7.40 6.92 6.21 5.32 4.60 4.29 4.47 5.08 5.86 6.69 7.95 9.89 12.11 13.74 14.67 14.93 14.84
