project/data/elevation/US_DEM2016/US_DEM2016_point_10-30-2019_2144_30m_vel.asc
ncols	125
nrows	167
xllcorner	-2042055.000000
yllcorner	1465035.000000
cellsize	30.000000
NODATA_value	-9999.000000
[rows 37 to 73 of 167, columns 0 to 82 of 125]
9.13 9.43 9.53 9.22 8.77 8.18 7.61 6.94 6.17 5.47 5.19 5.44 6.25 7.41 8.06 8.01 7.75 7.87 8.48 9.29 9.95 10.51 11.00 11.42 11.57 11.56 11.46 11.21 10.62 9.66 8.50 7.59 7.33 7.68 8.13 8.46 8.71 8.98 9.28 9.75 10.24 10.38 10.33 9.89 9.70 9.92 10.03 9.62 8.96 8.18 7.51 7.23 7.17 7.62 7.98 8.03 7.99 8.19 8.28 8.48 8.52 8.39 7.97 7.10 6.09 5.39 5.10 5.16 5.35 5.60 5.96 6.28 6.57 6.87 7.34 7.88 8.75 10.09 11.93 13.56 14.62 14.62 13.89
8.97 8.85 8.56 8.20 7.70 7.35 7.05 6.56 5.92 5.32 5.38 5.11 5.51 6.29 7.37 7.52 7.54 7.30 7.76 8.29 8.62 8.80 9.00 9.39 9.88 10.28 10.71 11.14 11.12 10.66 9.80 8.83 8.19 7.96 8.13 8.75 9.44 9.80 10.07 10.56 11.19 11.65 11.86 11.71 11.36 10.89 10.06 8.85 8.02 7.42 7.15 7.15 7.12 7.44 7.93 8.10 8.12 8.34 8.36 8.28 8.15 7.81 7.64 7.25 6.62 5.95 5.23 4.95 4.98 5.10 5.33 5.64 5.97 6.49 6.89 7.28 7.80 8.79 10.05 11.39 12.44 13.09 13.19
8.66 8.11 7.47 7.13 6.69 6.46 6.28 6.04 5.80 5.60 5.57 5.63 5.75 6.52 7.01 7.05 7.18 7.24 6.98 6.86 6.68 6.62 6.76 7.25 8.12 9.07 9.86 10.63 11.12 11.19 10.75 9.95 9.21 8.86 9.13 9.92 10.53 10.88 11.01 11.12 11.38 11.51 11.72 11.74 11.49 10.94 9.89 8.80 7.99 7.29 7.10 7.28 7.36 7.44 7.94 8.25 8.42 8.59 8.31 7.81 7.16 6.46 5.89 5.72 5.59 5.34 4.79 4.45 4.48 4.56 4.76 5.17 5.64 6.09 6.44 6.75 7.02 7.58 8.39 9.04 9.39 10.21 11.67
8.22 7.62 6.92 6.58 6.40 6.29 6.29 6.39 6.51 6.66 6.84 6.96 6.86 6.70 7.36 7.09 7.01 7.06 6.59 5.97 5.72 5.83 6.21 6.80 7.70 8.51 9.21 9.93 10.59 11.10 11.22 10.86 10.42 10.46 10.92 11.56 12.03 12.25 11.96 11.43 11.17 10.63 10.32 10.59 10.77 10.89 10.55 10.17 9.67 9.14 8.50 8.16 7.95 7.68 7.90 8.12 8.27 8.33 7.96 7.34 6.57 5.57 4.42 3.98 3.94 4.02 4.19 4.29 4.31 4.25 4.23 4.71 5.41 5.84 6.11 6.35 6.52 6.77 7.24 7.69 7.85 8.39 10.09
8.15 7.75 7.31 7.14 7.14 7.16 7.17 7.26 7.47 7.74 7.98 7.99 7.73 7.45 7.29 7.23 7.28 7.21 6.87 6.44 6.37 6.61 6.99 7.34 7.64 7.99 8.30 8.80 9.63 10.44 11.23 11.39 11.53 11.85 12.24 12.52 12.62 12.39 11.90 11.26 10.64 9.92 9.30 9.16 9.74 10.13 10.33 10.33 10.43 10.45 10.14 9.26 8.43 7.82 7.64 7.62 7.50 7.33 7.15 6.99 6.59 5.73 4.54 3.97 3.95 4.16 4.41 4.49 4.37 4.21 4.15 4.45 5.04 5.45 5.63 5.78 6.09 6.51 6.86 7.16 7.43 7.64 8.56
8.35 8.21 8.06 8.02 7.99 7.94 7.85 7.91 8.19 8.52 8.63 8.46 8.02 7.87 7.91 7.96 7.94 7.92 7.86 7.81 7.90 8.09 8.29 8.44 8.55 8.50 8.42 8.56 9.12 9.83 10.90 11.54 12.23 12.76 12.79 12.32 11.68 11.00 10.40 10.03 9.71 9.18 8.46 8.19 8.50 8.98 9.24 9.10 9.27 9.55 9.65 9.20 8.46 7.72 7.46 7.44 7.23 6.93 6.85 7.24 7.33 6.89 6.07 5.64 5.64 5.52 5.18 4.81 4.72 4.70 4.53 4.39 4.49 4.58 4.50 4.63 5.31 6.11 6.47 6.71 7.14 7.49 8.14
8.41 8.37 8.36 8.38 8.39 8.43 8.54 8.76 9.04 9.20 9.09 8.76 8.30 8.34 8.24 8.34 8.47 8.59 8.74 8.93 9.21 9.46 9.56 9.55 9.48 9.26 9.12 9.13 9.38 9.73 10.58 11.34 12.04 12.47 12.30 11.58 10.54 9.57 8.88 8.71 8.81 8.57 7.92 7.38 7.52 8.02 8.20 7.70 7.11 6.73 6.84 7.34 7.57 7.49 7.52 7.82 7.95 7.95 8.09 8.42 8.55 8.37 7.90 7.55 6.98 6.32 5.92 5.80 5.74 5.30 4.65 4.10 3.91 3.83 3.61 3.76 4.48 5.41 5.73 5.93 6.67 7.56 8.30
8.44 8.47 8.62 8.77 9.04 9.44 9.82 10.06 10.06 9.86 9.50 9.09 8.66 8.43 8.38 8.54 8.76 8.97 9.18 9.43 9.71 9.86 9.84 9.68 9.46 9.20 9.13 9.22 9.52 9.89 10.67 10.99 11.18 11.09 10.95 10.72 10.22 9.39 8.30 7.71 7.70 7.81 7.48 6.88 6.75 7.19 7.06 6.45 5.62 5.12 5.16 5.63 6.29 6.85 7.52 8.27 8.74 9.03 9.19 9.23 9.31 9.26 8.76 8.09 7.25 6.86 6.88 6.75 6.09 4.97 4.24 3.96 3.90 3.81 3.72 3.88 4.49 5.15 5.35 5.40 6.07 7.16 7.78
8.72 8.92 9.29 9.61 9.91 10.26 10.54 10.66 10.53 10.19 9.74 9.35 9.06 8.89 9.02 9.19 9.29 9.40 9.51 9.55 9.45 9.24 9.06 8.96 8.96 8.89 8.87 9.03 9.55 10.14 10.76 10.52 10.02 9.61 9.45 9.67 9.71 9.38 8.27 7.25 6.72 6.83 6.79 6.31 6.20 6.49 6.49 6.28 6.12 6.06 5.87 5.62 5.67 6.31 7.40 8.39 8.76 8.90 8.95 9.11 9.25 9.37 8.99 8.40 7.98 7.85 7.46 6.60 5.48 4.74 4.58 4.76 4.84 4.77 4.68 4.83 5.26 5.60 5.78 5.59 5.90 6.47 7.05
8.95 9.22 9.70 10.02 10.12 10.12 10.05 10.00 9.94 9.77 9.53 9.26 9.25 9.46 9.77 9.91 9.90 9.81 9.64 9.38 8.99 8.58 8.33 8.34 8.56 8.71 8.84 9.15 9.74 10.21 10.32 9.73 9.01 8.59 8.36 8.32 8.48 8.71 8.33 7.34 6.35 6.10 6.24 6.29 6.46 6.71 6.95 6.96 6.94 6.59 6.03 5.66 5.88 6.75 7.81 8.36 8.48 8.54 8.67 8.99 9.13 9.33 9.26 8.97 8.56 7.97 6.80 6.01 5.74 5.88 6.19 6.33 6.31 6.24 6.25 6.34 6.45 6.43 6.35 6.33 6.98 6.63 6.98
8.84 8.98 9.32 9.59 9.56 9.35 9.08 8.84 8.74 8.79 8.78 8.70 8.98 9.14 9.48 9.69 9.76 9.63 9.34 9.01 8.68 8.35 8.11 8.07 8.21 8.43 8.68 9.15 9.69 9.83 9.47 8.78 8.38 8.00 7.59 7.31 7.32 7.74 8.07 7.79 6.78 6.31 6.47 6.95 7.22 7.46 7.49 7.00 6.29 5.55 5.33 5.68 6.84 8.24 8.94 8.91 8.83 8.86 8.99 9.19 9.27 9.48 9.37 9.00 8.39 7.50 6.83 6.84 7.40 8.00 8.34 8.38 8.31 8.20 8.09 8.03 7.97 7.77 7.61 7.58 7.30 7.20 7.40
8.69 8.70 8.66 8.79 8.83 8.65 8.34 8.03 7.88 7.90 7.99 8.04 8.07 8.28 8.47 8.65 8.88 8.99 8.91 8.70 8.41 8.12 7.91 7.79 7.80 7.94 8.14 8.63 9.24 9.30 9.03 8.62 8.32 7.90 7.24 6.58 6.48 6.83 7.42 7.63 7.12 6.53 6.40 6.66 6.91 7.22 7.31 6.59 5.79 5.51 5.96 7.33 9.04 10.11 10.40 9.89 9.48 9.25 9.28 9.53 9.74 9.95 9.81 9.37 9.13 9.14 9.56 10.22 10.82 11.24 11.35 11.32 11.23 11.10 10.90 10.73 10.54 10.15 9.62 8.90 8.04 7.49 7.56
8.79 8.77 8.44 8.24 8.33 8.40 8.25 7.97 7.78 7.71 7.88 8.03 8.16 8.14 8.23 8.33 8.49 8.63 8.67 8.51 8.16 7.82 7.58 7.46 7.44 7.50 7.62 8.10 8.79 8.87 8.78 8.69 8.55 8.28 7.63 6.64 6.24 6.12 6.41 6.79 6.63 6.06 5.62 5.51 5.83 6.45 7.09 6.98 6.65 6.92 8.27 10.04 11.16 11.51 11.19 10.38 9.77 9.48 9.54 9.98 10.33 10.72 10.77 10.84 11.13 11.79 12.61 13.37 13.93 14.21 14.28 14.26 14.19 14.10 13.89 13.57 13.20 12.74 11.84 10.48 9.03 7.92 7.57
8.90 8.88 8.55 8.18 8.14 8.35 8.54 8.47 8.29 8.30 8.65 8.98 9.17 9.16 9.07 8.99 8.88 8.75 8.60 8.38 8.06 7.69 7.37 7.19 7.18 7.31 7.51 8.01 8.44 8.32 8.02 8.17 8.24 8.38 8.35 7.69 6.89 6.21 6.02 6.34 6.39 6.12 5.89 5.82 6.06 6.62 7.61 8.21 8.58 9.54 11.02 11.90 12.14 11.62 10.96 10.17 9.70 9.53 9.42 9.58 9.94 10.55 11.01 11.32 11.88 12.48 13.00 13.53 13.88 14.08 14.24 14.37 14.42 14.39 14.21 13.91 13.60 13.30 12.78 11.98 10.86 9.49 8.15
8.86 8.74 8.45 8.31 8.19 8.25 8.53 8.74 8.76 8.86 9.38 9.95 10.15 10.10 9.90 9.54 9.13 8.77 8.52 8.34 8.12 7.78 7.37 7.04 7.01 7.27 7.57 7.93 7.94 7.41 7.11 7.21 7.36 7.91 8.41 8.48 7.79 7.13 6.93 7.17 7.43 7.63 7.79 7.79 7.87 8.36 9.52 10.75 11.92 12.71 12.94 12.70 11.94 10.89 10.24 9.59 9.18 8.87 8.53 8.32 8.54 9.03 9.93 10.40 10.74 10.78 10.54 10.40 10.25 10.39 10.71 11.18 11.39 11.45 11.34 11.22 11.31 11.28 11.25 11.34 11.22 10.71 9.71
8.66 8.26 7.84 7.84 7.87 7.96 8.23 8.59 8.85 8.97 9.40 9.99 10.19 10.16 9.88 9.35 8.77 8.37 8.21 8.11 7.93 7.68 7.34 7.01 6.95 7.18 7.47 7.65 7.35 6.59 6.38 6.48 6.60 6.98 7.79 8.23 8.21 8.11 8.22 8.65 9.05 9.31 9.44 9.61 9.99 10.72 11.77 12.78 13.50 13.67 13.30 12.39 11.37 10.31 9.67 9.08 8.58 8.06 7.77 7.58 7.72 8.06 8.51 8.95 8.95 8.21 7.35 6.51 6.17 6.23 6.57 7.08 7.41 7.44 7.53 7.57 7.90 8.09 8.19 8.54 9.22 9.65 9.62
8.38 7.85 7.23 7.07 7.16 7.45 7.86 8.30 8.72 8.88 9.47 9.25 9.21 9.14 8.90 8.48 8.02 7.68 7.55 7.52 7.44 7.31 7.25 7.21 7.20 7.23 7.37 7.44 7.12 6.59 6.39 6.44 6.49 6.62 6.97 7.57 8.08 8.25 8.51 9.03 9.57 9.79 10.00 10.38 11.08 11.85 12.45 12.79 12.77 12.53 12.13 11.58 10.83 10.07 9.48 8.95 8.49 8.08 8.03 8.01 8.14 8.24 8.20 8.24 7.84 6.94 6.06 5.49 5.34 5.26 5.03 4.74 4.71 4.79 4.90 5.05 5.43 5.80 5.90 5.80 5.97 6.39 6.75
8.24 7.81 7.25 7.01 6.94 6.98 7.17 7.63 8.10 8.32 8.18 8.24 7.63 7.49 7.30 7.20 7.04 6.77 6.66 6.86 7.17 7.33 7.45 7.58 7.54 7.47 7.49 7.57 7.56 7.47 7.29 7.01 6.76 6.52 6.42 6.91 7.48 7.68 7.84 8.19 8.74 9.17 9.57 10.22 11.09 11.60 11.63 11.11 10.33 10.17 10.43 10.66 10.48 10.07 9.57 9.12 8.74 8.54 8.65 8.62 8.55 8.44 8.10 8.00 7.70 7.10 6.71 6.46 6.18 5.66 4.83 3.83 3.28 3.09 3.11 3.27 3.63 3.99 4.10 3.80 3.50 3.50 3.91
8.39 8.17 7.95 7.78 7.52 7.06 6.59 6.58 6.98 7.28 7.25 7.47 6.37 6.17 6.09 6.45 6.10 6.00 6.03 6.51 7.22 7.78 8.04 8.02 7.94 7.87 7.87 7.98 8.05 8.12 7.81 7.29 6.78 6.32 6.12 6.46 7.00 7.31 7.34 7.46 7.81 8.35 8.95 9.85 10.60 10.70 10.12 9.23 8.81 8.82 9.18 9.70 9.93 9.87 9.42 9.07 8.76 8.61 8.63 8.38 8.01 7.66 7.46 7.57 7.78 7.70 7.56 7.29 6.45 5.44 4.36 3.57 3.05 2.65 2.40 2.29 2.27 2.36 2.45 2.55 2.87 3.20 4.11
8.76 8.90 9.07 8.96 8.56 7.93 7.01 6.58 6.63 6.90 6.94 7.35 6.96 6.21 6.18 6.09 6.11 6.17 6.37 6.88 7.62 8.38 8.69 8.74 8.71 8.70 8.63 8.55 8.46 8.39 7.97 7.61 7.33 6.96 6.66 6.89 7.51 7.92 7.91 7.87 8.01 8.36 8.88 9.71 10.01 9.57 8.56 7.93 7.63 7.67 8.01 8.62 9.14 9.18 8.84 8.55 8.28 8.02 7.75 7.22 6.73 6.47 6.66 7.14 7.85 8.08 7.85 7.24 6.17 5.27 4.67 4.47 4.31 3.74 2.98 2.33 1.94 1.89 2.32 2.81 3.64 4.89 6.36
9.08 9.42 9.77 9.77 9.51 9.04 8.36 7.82 7.51 7.46 8.41 7.26 7.22 7.38 7.54 7.61 7.66 7.81 7.89 8.10 8.57 9.16 9.54 9.76 9.89 9.91 9.64 9.30 9.18 9.27 9.28 9.17 9.01 8.66 8.16 8.17 8.70 9.09 9.23 9.20 9.17 9.05 9.21 9.57 9.35 8.35 7.41 6.71 6.45 6.55 6.92 7.59 8.29 8.38 8.21 7.97 7.64 7.18 6.67 6.31 6.21 6.40 6.97 7.53 8.05 8.03 7.53 6.82 6.09 5.91 6.09 6.16 5.63 4.77 3.92 3.45 3.34 3.47 3.88 4.80 6.25 7.80 8.66
9.11 9.24 9.43 9.63 9.82 9.84 9.49 8.97 8.40 7.98 7.80 7.88 8.24 8.71 9.21 9.50 9.74 9.94 10.06 10.05 10.17 10.24 10.43 10.69 10.88 10.75 10.43 10.06 9.97 10.03 10.14 10.01 9.83 9.54 9.06 8.84 9.05 9.41 9.77 10.00 9.99 9.73 9.48 9.15 8.24 7.10 6.22 5.67 5.45 5.46 5.83 6.47 7.21 7.69 7.81 7.69 7.44 7.10 6.88 7.03 7.32 7.83 8.44 8.81 8.82 8.36 7.66 7.24 7.11 7.33 7.54 7.23 6.30 5.31 4.81 4.80 5.04 5.49 6.35 7.62 8.97 9.64 9.56
8.99 8.75 8.64 8.86 9.32 9.75 9.82 9.38 8.70 8.04 9.18 7.84 8.43 9.18 9.85 10.32 10.64 10.92 11.16 11.22 11.07 10.87 10.84 10.97 10.99 10.84 10.65 10.42 10.30 10.06 9.48 8.94 8.67 8.68 8.69 8.75 8.86 9.14 9.49 9.90 10.14 9.92 9.40 8.51 7.08 5.81 5.04 4.70 4.52 4.57 4.73 5.19 6.15 7.11 7.65 7.84 7.87 7.85 7.98 8.12 8.45 9.06 9.71 10.18 10.12 9.89 9.07 8.68 8.78 8.85 8.34 7.50 6.71 6.39 6.51 6.86 7.47 8.28 9.32 10.26 10.56 10.16 9.30
8.91 8.56 8.18 8.14 8.28 8.56 8.89 8.90 8.51 7.89 7.38 7.27 7.61 8.23 8.84 9.25 9.53 9.67 9.74 9.83 9.95 10.00 10.03 9.97 9.82 9.80 9.86 9.97 10.01 9.93 9.40 8.49 7.91 7.83 8.30 8.84 9.24 9.40 9.49 9.60 9.67 9.30 8.70 7.81 6.57 5.27 4.48 4.22 4.28 4.42 4.51 4.81 5.70 6.88 7.78 8.36 8.71 8.92 8.97 8.85 9.05 9.85 10.64 11.11 11.26 11.47 11.18 10.42 10.11 9.93 9.17 8.44 8.27 8.84 9.54 10.21 10.95 11.58 11.93 11.72 10.94 9.86 8.88
8.74 8.26 7.71 7.55 7.27 7.15 7.41 7.77 7.79 7.33 6.67 6.19 6.02 6.14 6.45 6.70 6.85 6.74 6.34 6.22 6.88 7.61 7.79 7.56 7.32 7.71 8.38 8.82 9.16 9.63 9.92 9.81 9.38 8.99 8.93 9.21 9.46 9.50 9.30 9.01 8.75 8.45 8.04 7.70 7.05 6.10 5.41 5.35 5.53 5.68 5.80 6.06 6.57 7.32 8.00 8.60 9.17 9.69 9.93 10.14 10.57 11.22 11.42 11.33 11.44 11.91 12.07 11.86 11.59 11.45 11.26 11.18 11.60 12.23 12.68 13.02 13.28 13.30 12.89 11.87 10.68 9.65 8.85
8.31 7.68 7.05 6.96 6.80 6.62 6.58 6.83 7.03 6.69 5.94 5.12 4.43 4.00 3.88 4.02 4.22 4.19 4.00 3.87 4.19 4.79 5.08 5.06 5.34 6.14 7.28 7.86 8.19 8.50 9.20 9.89 10.20 10.17 9.67 9.24 8.89 8.70 8.36 8.00 7.81 8.02 8.18 8.45 8.48 8.45 8.14 7.98 7.94 7.95 8.00 7.99 7.94 8.01 8.12 8.39 8.88 9.59 10.36 11.15 11.79 11.81 11.27 10.50 10.09 10.59 11.47 11.88 12.31 12.69 13.02 13.34 13.66 13.77 13.67 13.47 13.20 12.74 11.96 11.07 10.25 9.54 8.87
8.12 7.63 7.02 6.77 6.72 6.69 6.60 6.61 6.74 6.58 5.95 5.03 4.08 3.33 2.87 2.72 3.10 3.57 4.10 4.14 3.84 3.59 3.55 3.93 4.75 5.88 7.09 7.52 7.53 7.33 7.61 8.30 9.11 9.62 9.36 8.58 7.76 7.29 7.20 7.16 7.31 7.94 8.64 9.31 9.73 10.17 10.28 10.02 9.75 9.54 9.12 8.68 8.42 8.36 8.33 8.44 8.83 9.57 10.43 11.07 11.23 10.75 9.89 8.97 8.67 9.07 9.98 10.83 11.53 12.20 12.58 12.71 12.69 12.49 12.14 11.66 11.04 10.32 9.91 9.60 9.20 8.80 8.36
8.36 8.15 7.79 7.43 7.21 7.13 7.04 7.00 7.01 6.95 6.64 6.04 5.34 4.54 3.81 3.34 3.19 4.34 5.43 5.85 5.45 4.65 4.18 4.35 5.20 6.47 7.44 7.59 7.28 6.77 6.56 6.69 7.32 7.92 8.18 7.94 7.38 6.94 6.92 7.29 7.80 8.57 9.06 9.48 9.79 10.21 10.40 10.43 10.28 9.86 8.98 8.39 8.28 8.45 8.58 8.73 9.10 9.80 10.29 10.25 9.66 8.80 8.15 7.83 7.94 8.35 8.82 9.38 9.96 10.44 10.62 10.47 10.04 9.72 9.58 9.28 8.62 7.85 7.46 7.56 7.51 7.29 7.00
8.52 8.48 8.41 8.22 7.97 7.72 7.61 7.71 7.79 7.89 7.92 7.78 7.44 6.74 5.87 5.12 4.83 5.24 6.11 7.01 7.17 6.75 6.16 5.99 6.50 7.43 8.05 8.15 7.87 7.17 6.60 6.17 6.11 6.51 7.29 7.99 8.32 8.46 8.55 8.73 9.07 9.40 9.29 9.14 9.12 9.31 9.53 9.78 9.87 9.72 9.09 8.59 8.45 8.57 8.70 8.83 9.14 9.64 9.79 9.22 8.41 7.74 7.39 7.34 7.41 7.61 7.77 8.07 8.51 8.79 8.89 8.74 8.24 7.65 7.31 7.36 6.98 6.16 5.36 5.27 5.53 5.31 5.03
8.54 8.53 8.55 8.42 8.25 8.09 8.17 8.45 8.84 9.26 9.57 9.64 9.26 8.56 7.66 6.79 6.14 5.96 6.33 7.36 8.17 8.54 8.47 8.17 8.12 8.62 9.02 9.10 9.01 8.46 7.87 7.23 6.76 6.90 7.64 8.59 9.38 9.95 10.10 9.98 9.77 9.55 9.08 8.69 8.54 8.50 8.60 8.70 8.88 9.09 9.10 8.86 8.66 8.70 8.82 9.03 9.36 9.59 9.21 8.37 7.62 7.23 7.06 6.93 6.91 7.11 7.31 7.46 7.55 7.65 7.60 7.53 7.35 6.69 5.87 5.61 5.59 5.07 4.10 3.53 3.60 3.59 3.36
8.59 8.58 8.58 8.36 8.14 8.09 8.31 8.72 9.32 9.99 10.52 10.70 10.57 10.14 9.44 8.54 7.57 6.91 6.88 7.58 8.49 9.38 9.59 9.52 9.56 9.95 10.01 9.79 9.63 9.48 9.30 8.98 8.58 8.43 8.64 9.02 9.37 9.64 9.75 9.58 9.30 9.05 8.67 8.28 8.01 7.67 7.55 7.47 7.48 7.76 8.22 8.43 8.46 8.62 8.91 9.28 9.44 9.11 8.20 7.28 6.87 6.77 6.75 6.87 7.03 7.27 7.24 6.93 6.59 6.49 6.43 6.33 6.42 6.19 5.35 4.61 4.44 4.30 3.51 2.79 2.63 2.52 2.90
8.61 8.55 8.46 8.22 7.95 7.86 7.92 8.08 8.43 8.98 9.65 10.24 10.75 11.00 10.91 10.40 9.43 8.34 7.81 7.94 8.38 9.25 9.83 10.17 10.48 10.66 10.35 9.67 9.24 9.32 9.64 9.84 9.77 9.39 9.06 8.84 8.67 8.53 8.53 8.70 8.79 8.72 8.45 8.04 7.60 7.15 6.90 6.66 6.48 6.48 6.78 7.24 7.69 8.08 8.61 8.84 8.56 7.77 6.72 6.21 6.17 6.28 6.56 6.97 7.16 7.04 6.62 5.94 5.25 4.89 4.89 4.68 4.58 4.90 4.80 4.23 3.84 3.77 3.47 3.07 2.88 2.99 3.35
8.50 8.35 8.10 8.01 7.86 7.73 7.56 7.25 6.92 6.81 7.16 8.17 9.46 10.56 11.28 11.44 10.99 10.05 9.02 8.56 8.59 9.17 9.76 10.38 10.72 10.55 9.90 9.13 8.41 8.28 8.60 9.06 9.33 9.16 8.86 8.56 8.31 8.25 8.51 8.82 8.86 8.70 8.44 8.19 7.88 7.49 7.13 6.57 5.97 5.60 5.67 6.25 7.05 7.75 8.00 7.74 6.93 6.00 5.47 5.35 5.35 5.38 5.78 6.22 6.20 6.01 5.78 5.29 4.46 3.71 3.43 3.31 3.26 3.47 3.85 3.94 3.88 3.64 4.02 4.08 4.15 4.27 4.64
8.39 8.16 7.87 7.91 7.93 7.86 7.66 7.28 6.60 5.82 5.41 5.82 7.12 8.78 10.20 11.08 11.41 11.14 10.38 9.64 9.44 9.61 9.95 10.47 10.67 10.32 9.61 8.70 7.81 7.23 7.03 7.20 7.73 8.19 8.44 8.51 8.50 8.58 8.85 9.03 8.90 8.65 8.51 8.48 8.31 7.76 7.08 6.18 5.70 5.72 6.15 6.87 7.53 7.75 7.67 6.82 5.79 5.13 4.92 4.82 4.65 4.50 4.53 4.75 5.06 5.46 5.98 6.03 5.45 4.70 4.32 4.11 3.87 3.69 3.83 4.12 4.44 4.79 5.14 5.46 5.77 6.14 6.56
8.40 8.18 7.95 7.98 8.08 8.09 8.01 7.90 7.57 6.84 5.91 5.42 5.84 6.96 8.45 9.78 10.72 11.31 11.28 10.91 10.72 10.76 10.93 11.05 10.87 10.45 9.82 8.94 7.97 7.27 6.84 6.77 6.96 7.36 7.85 8.26 8.46 8.51 8.62 8.76 8.57 8.32 8.21 8.22 8.09 7.40 6.77 6.49 6.88 7.63 8.27 8.58 8.57 8.24 7.88 7.08 6.64 6.37 6.13 5.82 5.51 5.23 5.08 5.23 5.98 6.91 7.75 8.05 7.78 7.26 6.76 6.23 5.50 5.00 4.85 5.00 5.39 5.90 6.40 7.01 7.78 8.65 9.39
8.43 8.18 8.01 8.09 8.26 8.33 8.38 8.58 8.85 8.84 8.28 7.43 6.95 7.10 7.80 8.99 10.13 11.24 11.81 11.97 12.10 12.07 11.88 11.54 11.00 10.58 10.29 9.89 9.20 8.77 8.51 8.25 7.87 7.71 7.86 8.14 8.32 8.38 8.35 8.16 7.89 7.73 7.75 7.85 7.94 7.95 8.20 8.84 9.50 9.91 9.96 9.64 9.12 8.58 8.31 8.31 8.41 8.50 8.44 8.26 8.09 8.06 8.15 8.50 8.99 9.31 9.38 9.34 9.05 8.48 7.73 6.91 6.09 5.72 5.78 6.10 6.52 7.12 7.99 9.35 10.96 12.29 13.23
8.40 8.16 8.02 8.18 8.45 8.57 8.71 9.06 9.68 10.29 10.51 10.30 9.79 9.18 8.95 9.37 10.26 11.48 12.40 12.84 13.11 12.90 12.15 11.39 10.73 10.49 10.60 10.69 10.48 10.11 9.78 9.55 9.19 8.90 8.66 8.54 8.50 8.36 8.06 7.72 7.63 7.85 8.04 8.26 8.54 8.95 9.52 10.04 10.21 9.98 9.69 9.40 9.12 8.80 8.67 8.78 8.91 9.18 9.53 9.84 10.06 10.30 10.44 10.43 10.12 9.57 8.99 8.89 8.68 8.02 7.18 6.52 6.16 6.14 6.49 7.11 7.84 8.83 10.33 12.26 13.96 15.11 15.52
