project/data/elevation/US_DEM2016/US_DEM2016_point_10-29-2019_2322_30m_vel.asc
ncols	125
nrows	167
xllcorner	-2042055.000000
yllcorner	1465035.000000
cellsize	30.000000
NODATA_value	-9999.000000
[rows 76 to 113 of 167, columns 0 to 83 of 125]
1.54 1.58 1.64 1.68 1.71 1.76 1.82 1.84 1.79 1.70 1.64 1.65 1.72 1.81 1.85 1.87 1.84 1.77 1.71 1.72 1.77 1.79 1.81 1.85 1.86 1.76 1.58 1.59 1.76 1.89 1.90 1.80 1.62 1.46 1.41 1.39 1.36 1.30 1.24 1.22 1.23 1.30 1.43 1.60 1.75 1.73 1.57 1.40 1.31 1.29 1.27 1.22 1.20 1.21 1.26 1.32 1.36 1.36 1.37 1.40 1.39 1.37 1.37 1.39 1.40 1.39 1.42 1.55 1.81 1.97 1.91 1.81 1.78 1.80 1.86 1.96 2.05 2.10 2.06 1.93 1.63 1.19 0.96 0.92
1.51 1.58 1.68 1.70 1.70 1.76 1.78 1.72 1.58 1.43 1.37 1.42 1.53 1.64 1.70 1.72 1.70 1.64 1.59 1.58 1.62 1.68 1.75 1.82 1.88 1.83 1.63 1.53 1.62 1.81 1.94 1.96 1.86 1.75 1.66 1.58 1.47 1.36 1.27 1.26 1.30 1.34 1.42 1.55 1.71 1.72 1.58 1.42 1.30 1.23 1.21 1.19 1.15 1.16 1.23 1.32 1.38 1.40 1.42 1.41 1.38 1.34 1.37 1.46 1.56 1.61 1.63 1.71 1.87 2.06 2.11 2.09 2.11 2.18 2.25 2.28 2.26 2.20 2.13 2.07 1.91 1.55 1.21 0.97
1.44 1.50 1.61 1.62 1.58 1.57 1.54 1.48 1.52 1.40 1.40 1.46 1.55 1.64 1.67 1.67 1.63 1.59 1.56 1.53 1.55 1.59 1.67 1.75 1.82 1.82 1.65 1.48 1.48 1.63 1.83 1.96 1.97 1.89 1.79 1.68 1.55 1.41 1.34 1.32 1.30 1.28 1.32 1.47 1.64 1.63 1.40 1.18 1.06 1.01 1.01 1.05 1.12 1.18 1.25 1.32 1.38 1.41 1.40 1.37 1.37 1.39 1.43 1.54 1.70 1.77 1.84 1.94 2.09 2.20 2.27 2.25 2.26 2.32 2.33 2.29 2.17 2.01 1.99 2.07 2.14 2.05 1.80 1.48
1.37 1.39 1.50 1.53 1.48 1.42 1.42 1.49 1.55 1.59 1.61 1.64 1.71 1.75 1.73 1.68 1.63 1.59 1.56 1.53 1.52 1.55 1.60 1.67 1.77 1.79 1.62 1.38 1.29 1.37 1.52 1.71 1.83 1.82 1.75 1.66 1.56 1.43 1.33 1.26 1.21 1.17 1.22 1.43 1.63 1.62 1.37 1.12 1.04 1.06 1.12 1.21 1.31 1.34 1.34 1.32 1.30 1.27 1.21 1.19 1.27 1.35 1.41 1.55 1.70 1.84 1.99 2.10 2.16 2.20 2.20 2.16 2.11 2.08 2.06 2.03 1.92 1.78 1.73 1.85 2.05 2.18 2.15 1.95
1.34 1.34 1.44 1.54 1.54 1.50 1.51 1.60 1.68 1.71 1.74 1.78 1.82 1.79 1.73 1.66 1.59 1.54 1.52 1.50 1.49 1.52 1.55 1.62 1.74 1.79 1.63 1.28 1.03 1.04 1.11 1.27 1.48 1.63 1.65 1.61 1.58 1.49 1.42 1.37 1.34 1.34 1.39 1.57 1.76 1.78 1.57 1.32 1.23 1.27 1.35 1.42 1.44 1.43 1.34 1.28 1.24 1.23 1.23 1.24 1.31 1.37 1.44 1.57 1.71 1.85 1.96 2.01 2.01 1.98 1.94 1.90 1.81 1.68 1.67 1.74 1.77 1.72 1.63 1.55 1.66 1.93 2.12 2.14
1.37 1.36 1.42 1.55 1.61 1.61 1.61 1.64 1.70 1.74 1.78 1.80 1.77 1.70 1.63 1.58 1.52 1.43 1.39 1.37 1.39 1.43 1.49 1.57 1.71 1.82 1.72 1.28 0.90 0.79 0.76 0.81 1.00 1.29 1.48 1.54 1.54 1.58 1.60 1.62 1.65 1.68 1.74 1.83 1.96 1.99 1.84 1.61 1.48 1.43 1.40 1.36 1.34 1.32 1.29 1.29 1.39 1.46 1.56 1.61 1.62 1.62 1.64 1.69 1.74 1.76 1.75 1.72 1.73 1.76 1.76 1.75 1.67 1.50 1.47 1.57 1.68 1.75 1.70 1.52 1.41 1.54 1.85 2.08
1.45 1.43 1.43 1.47 1.52 1.57 1.61 1.64 1.68 1.72 1.74 1.71 1.63 1.55 1.50 1.49 1.47 1.40 1.31 1.27 1.28 1.32 1.38 1.50 1.65 1.84 1.85 1.53 1.04 0.83 0.74 0.68 0.71 0.90 1.21 1.40 1.45 1.55 1.62 1.69 1.76 1.82 1.86 1.90 2.01 2.09 2.02 1.82 1.63 1.48 1.37 1.32 1.33 1.36 1.36 1.36 1.48 1.55 1.66 1.75 1.79 1.80 1.79 1.74 1.69 1.62 1.57 1.58 1.61 1.67 1.71 1.73 1.64 1.46 1.40 1.46 1.58 1.70 1.74 1.67 1.46 1.36 1.52 1.85
1.51 1.50 1.49 1.45 1.45 1.50 1.57 1.62 1.65 1.66 1.63 1.57 1.50 1.47 1.44 1.42 1.44 1.42 1.34 1.25 1.21 1.23 1.27 1.37 1.55 1.78 1.91 1.80 1.45 1.20 1.09 1.00 0.89 0.88 1.07 1.29 1.36 1.45 1.53 1.61 1.68 1.72 1.75 1.78 1.88 2.03 2.05 1.91 1.71 1.56 1.50 1.50 1.50 1.49 1.44 1.42 1.53 1.48 1.53 1.65 1.76 1.79 1.78 1.70 1.58 1.50 1.52 1.57 1.62 1.66 1.71 1.73 1.60 1.36 1.21 1.24 1.38 1.51 1.60 1.67 1.58 1.35 1.28 1.53
1.48 1.49 1.52 1.51 1.50 1.52 1.56 1.60 1.61 1.57 1.51 1.44 1.42 1.41 1.40 1.38 1.39 1.42 1.38 1.26 1.19 1.19 1.22 1.31 1.48 1.70 1.90 1.94 1.86 1.76 1.64 1.49 1.33 1.19 1.16 1.27 1.41 1.50 1.56 1.57 1.56 1.57 1.60 1.67 1.77 1.94 2.03 1.98 1.88 1.80 1.72 1.65 1.58 1.52 1.46 1.44 1.46 1.48 1.54 1.62 1.70 1.73 1.71 1.63 1.51 1.44 1.46 1.53 1.57 1.62 1.70 1.75 1.59 1.23 0.95 0.90 1.02 1.18 1.31 1.45 1.52 1.40 1.18 1.23
1.45 1.45 1.50 1.55 1.57 1.58 1.57 1.56 1.54 1.48 1.41 1.37 1.36 1.36 1.36 1.35 1.35 1.37 1.34 1.25 1.20 1.22 1.28 1.38 1.53 1.70 1.86 1.96 2.01 2.01 1.99 1.88 1.69 1.49 1.39 1.43 1.54 1.61 1.57 1.50 1.46 1.48 1.56 1.64 1.73 1.87 2.00 2.02 2.01 1.99 1.90 1.77 1.66 1.58 1.49 1.46 1.49 1.51 1.53 1.54 1.55 1.57 1.58 1.57 1.51 1.42 1.37 1.39 1.43 1.51 1.68 1.83 1.75 1.38 0.99 0.81 0.75 0.79 0.89 1.03 1.22 1.30 1.14 1.05
1.46 1.47 1.52 1.57 1.58 1.58 1.54 1.49 1.43 1.39 1.35 1.34 1.33 1.33 1.33 1.34 1.35 1.36 1.37 1.26 1.23 1.27 1.36 1.47 1.58 1.69 1.80 1.88 1.92 1.92 1.96 1.99 1.91 1.71 1.55 1.50 1.52 1.50 1.43 1.40 1.39 1.42 1.47 1.53 1.60 1.72 1.86 1.91 1.93 1.95 1.95 1.89 1.81 1.71 1.58 1.48 1.67 1.41 1.46 1.38 1.38 1.40 1.45 1.50 1.50 1.41 1.29 1.27 1.30 1.42 1.61 1.87 1.95 1.80 1.47 1.16 0.93 0.80 0.72 0.79 0.83 0.99 0.99 0.88
1.48 1.49 1.51 1.51 1.49 1.46 1.44 1.42 1.39 1.35 1.33 1.34 1.34 1.33 1.31 1.32 1.38 1.43 1.44 1.40 1.34 1.30 1.34 1.43 1.52 1.61 1.70 1.78 1.78 1.69 1.70 1.84 1.96 1.91 1.74 1.55 1.67 1.29 1.29 1.35 1.36 1.34 1.33 1.37 1.45 1.55 1.66 1.67 1.66 1.68 1.70 1.73 1.74 1.73 1.65 1.51 1.41 1.33 1.31 1.33 1.35 1.38 1.43 1.48 1.52 1.44 1.30 1.25 1.27 1.37 1.53 1.77 1.97 2.07 2.02 1.81 1.57 1.35 1.16 1.01 0.92 0.94 0.94 0.88
1.48 1.49 1.47 1.43 1.39 1.38 1.40 1.44 1.45 1.40 1.34 1.33 1.34 1.34 1.33 1.75 1.45 1.58 1.62 1.59 1.51 1.41 1.36 1.38 1.43 1.49 1.57 1.67 1.71 1.61 1.52 1.60 1.80 1.93 1.89 1.68 1.42 1.29 1.28 1.36 1.36 1.34 1.33 1.37 1.43 1.50 1.54 1.46 1.32 1.23 1.24 1.26 1.32 1.42 1.45 1.41 1.37 1.35 1.37 1.40 1.43 1.44 1.46 1.49 1.52 1.47 1.34 1.28 1.28 1.36 1.48 1.62 1.83 2.02 2.16 2.19 2.13 2.00 1.85 1.68 1.51 1.38 1.34 1.26
1.47 1.49 1.47 1.44 1.42 1.44 1.48 1.49 1.47 1.42 1.35 1.29 1.28 1.30 1.32 1.36 1.44 1.52 1.59 1.62 1.60 1.53 1.43 1.37 1.35 1.36 1.41 1.51 1.60 1.62 1.54 1.47 1.54 1.74 1.84 1.77 1.55 1.42 1.37 1.40 1.43 1.45 1.47 1.48 1.51 1.55 1.55 1.39 1.14 0.99 0.95 0.95 0.98 1.08 1.20 1.30 1.35 1.39 1.41 1.44 1.46 1.44 1.43 1.44 1.48 1.46 1.34 1.29 1.28 1.33 1.42 1.52 1.64 1.75 1.88 2.05 2.16 2.19 2.17 2.14 2.06 1.94 1.83 1.73
1.46 1.47 1.48 1.49 1.49 1.51 1.51 1.46 1.41 1.36 1.30 1.21 1.17 1.18 1.72 1.13 1.14 1.21 1.33 1.42 1.50 1.51 1.45 1.36 1.30 1.30 1.32 1.36 1.40 1.43 1.42 1.35 1.32 1.47 1.69 1.76 1.63 1.52 1.46 1.48 1.51 1.54 1.56 1.59 1.63 1.69 1.69 1.57 1.36 1.18 1.11 1.12 1.21 1.30 1.37 1.41 1.41 1.41 1.40 1.38 1.37 1.36 1.38 1.41 1.44 1.41 1.29 1.23 1.22 1.25 1.34 1.46 1.50 1.43 1.43 1.55 1.75 1.90 2.03 2.13 2.16 2.12 2.06 2.01
1.45 1.45 1.46 1.49 1.50 1.50 1.45 1.38 1.32 1.27 1.23 1.18 1.17 1.16 1.08 0.96 0.91 0.94 1.03 1.13 1.23 1.32 1.36 1.35 1.35 1.38 1.37 1.32 1.24 1.16 1.14 1.13 1.11 1.21 1.45 1.65 1.63 1.54 1.49 1.52 1.54 1.56 1.60 1.69 1.77 1.86 1.90 1.84 1.74 1.65 1.55 1.53 1.58 1.63 1.63 1.54 1.44 1.38 1.32 1.27 1.26 1.28 1.32 1.38 1.41 1.36 1.22 1.15 1.14 1.17 1.28 1.42 1.43 1.25 1.11 1.15 1.31 1.48 1.61 1.73 1.86 1.93 1.92 1.95
1.44 1.44 1.46 1.48 1.47 1.41 1.33 1.28 1.25 1.23 1.23 1.24 1.26 1.27 1.23 1.12 1.01 0.95 0.95 0.98 1.05 1.14 1.25 1.34 1.43 1.51 1.53 1.46 1.35 1.24 1.17 1.16 1.13 1.13 1.24 1.46 1.55 1.53 1.50 1.52 1.55 1.59 1.65 1.74 1.82 1.94 2.02 2.01 1.95 1.93 1.89 1.81 1.70 1.61 1.54 1.48 1.41 1.33 1.25 1.18 1.16 1.18 1.24 1.33 1.40 1.36 1.23 1.14 1.10 1.11 1.24 1.44 1.49 1.28 1.01 0.92 1.02 1.17 1.23 1.28 1.41 1.56 1.58 1.56
1.44 1.43 1.42 1.41 1.34 1.25 1.19 1.18 1.19 1.22 1.25 1.28 1.31 1.36 1.40 1.39 1.31 1.21 1.16 1.16 1.19 1.26 1.35 1.42 1.48 1.56 1.65 1.69 1.68 1.63 1.57 1.52 1.46 1.39 1.30 1.36 1.48 1.53 1.57 1.59 1.62 1.65 1.70 1.75 1.78 1.89 2.01 2.03 1.98 1.95 1.94 1.89 1.77 1.58 1.47 1.46 1.44 1.37 1.26 1.19 1.16 1.16 1.23 1.35 1.45 1.44 1.35 1.24 1.14 1.12 1.22 1.46 1.56 1.40 1.06 0.79 0.75 0.87 0.89 0.89 1.01 1.22 1.27 1.21
1.44 1.42 1.34 1.25 1.14 1.05 1.02 1.05 1.12 1.18 1.22 1.28 1.33 1.39 1.47 1.56 1.60 1.57 1.55 1.55 1.57 1.60 1.62 1.61 1.58 1.57 1.62 1.70 1.77 1.78 1.74 1.67 1.58 1.49 1.37 1.37 1.45 1.56 1.64 1.67 1.68 1.68 1.68 1.68 1.68 1.76 1.90 1.98 1.97 1.92 1.86 1.85 1.86 1.82 1.72 1.62 1.54 1.45 1.38 1.35 1.34 1.33 1.36 1.44 1.51 1.49 1.40 1.30 1.22 1.20 1.28 1.49 1.63 1.51 1.16 0.79 0.62 0.63 0.65 0.61 0.65 0.83 0.99 1.00
1.45 1.43 1.35 1.21 1.08 1.02 1.01 1.03 1.12 1.20 1.24 1.32 1.42 1.50 1.58 1.68 1.76 1.81 1.84 1.84 1.81 1.77 1.71 1.68 1.65 1.62 1.55 1.49 1.49 1.51 1.46 1.40 1.35 1.31 1.31 1.38 1.48 1.57 1.64 1.66 1.64 1.61 1.57 1.54 1.57 1.64 1.76 1.87 1.89 1.89 1.85 1.83 1.83 1.85 1.83 1.72 1.59 1.49 1.44 1.43 1.45 1.47 1.47 1.51 1.57 1.54 1.41 1.31 1.28 1.32 1.38 1.56 1.74 1.70 1.35 1.00 0.78 0.69 0.68 0.61 0.56 0.62 0.77 0.88
1.45 1.44 1.39 1.31 1.26 1.25 1.27 1.28 1.31 1.33 1.34 1.40 1.52 1.63 1.71 1.77 1.82 1.85 1.85 1.82 1.76 1.70 1.63 1.62 1.67 1.70 1.62 1.47 1.37 1.35 1.34 1.30 1.28 1.27 1.30 1.39 1.50 1.56 1.58 1.57 1.55 1.51 1.47 1.45 1.47 1.53 1.62 1.69 1.71 1.67 1.67 1.67 1.66 1.65 1.64 1.62 1.54 1.46 1.41 1.37 1.39 1.44 1.46 1.51 1.60 1.63 1.53 1.39 1.33 1.35 1.39 1.57 1.86 1.96 1.70 1.36 1.09 0.95 0.90 0.84 0.76 0.74 0.81 0.92
1.45 1.43 1.38 1.41 1.41 1.48 1.53 1.55 1.57 1.56 1.52 1.52 1.61 1.72 1.79 1.81 1.79 1.75 1.69 1.62 1.57 1.54 1.51 1.51 1.59 1.73 1.76 1.71 1.66 1.66 1.67 1.64 1.56 1.47 1.41 1.43 1.48 1.50 1.49 1.48 1.44 1.42 1.41 1.41 1.43 1.49 1.56 1.59 1.52 1.38 1.29 1.30 1.35 1.36 1.38 1.42 1.43 1.41 1.40 1.38 1.39 1.43 1.43 1.45 1.53 1.62 1.58 1.45 1.32 1.27 1.29 1.47 1.84 2.10 2.03 1.73 1.44 1.23 1.18 1.14 1.08 1.05 1.08 1.18
1.44 1.42 1.37 1.44 1.44 1.55 1.64 1.70 1.75 1.79 1.77 1.73 1.74 1.78 1.79 1.75 1.69 1.62 1.55 1.52 1.51 1.50 1.46 1.45 1.50 1.65 1.78 1.87 1.91 1.93 1.93 1.91 1.82 1.67 1.53 1.47 1.46 1.44 1.41 1.39 1.37 1.36 1.37 1.41 1.46 1.54 1.61 1.63 1.52 1.33 1.18 1.09 1.03 1.07 1.17 1.29 1.39 1.43 1.43 1.42 1.43 1.45 1.42 1.41 1.45 1.52 1.51 1.40 1.24 1.16 1.18 1.34 1.71 2.07 2.22 2.12 1.89 1.66 1.59 1.54 1.50 1.47 1.48 1.49
1.46 1.44 1.40 1.41 1.48 1.61 1.74 1.82 1.87 1.90 1.92 1.88 1.81 1.74 1.68 1.62 1.57 1.53 1.50 1.49 1.54 1.58 1.57 1.54 1.53 1.58 1.64 1.70 1.74 1.78 1.81 1.86 1.86 1.76 1.59 1.47 1.42 1.35 1.31 1.31 1.35 1.40 1.44 1.49 1.54 1.62 1.69 1.74 1.73 1.65 1.52 1.35 1.17 1.14 1.22 1.34 1.45 1.49 1.51 1.50 1.48 1.48 1.46 1.47 1.50 1.53 1.50 1.39 1.25 1.17 1.18 1.30 1.56 1.89 2.18 2.30 2.26 2.12 2.01 1.96 1.93 1.86 1.78 1.68
1.49 1.47 1.43 1.41 1.47 1.58 1.69 1.76 1.80 1.83 1.84 1.81 1.74 1.63 1.53 1.48 1.47 1.48 1.46 1.44 1.50 1.57 1.61 1.59 1.57 1.55 1.51 1.45 1.42 1.45 1.52 1.63 1.74 1.76 1.63 1.47 1.35 1.27 1.24 1.31 1.42 1.52 1.56 1.58 1.61 1.66 1.72 1.79 1.82 1.86 1.86 1.80 1.66 1.49 1.42 1.42 1.45 1.50 1.55 1.57 1.56 1.56 1.56 1.58 1.61 1.64 1.61 1.52 1.43 1.33 1.29 1.32 1.43 1.63 1.92 2.17 2.27 2.24 2.20 2.16 2.07 1.95 1.81 1.67
1.50 1.49 1.42 1.36 1.36 1.40 1.44 1.50 1.55 1.60 1.62 1.61 1.57 1.50 1.44 1.40 1.41 1.46 1.47 1.44 1.45 1.48 1.52 1.53 1.51 1.47 1.40 1.31 1.21 1.18 1.23 1.34 1.49 1.59 1.57 1.47 1.37 1.32 1.34 1.45 1.54 1.58 1.59 1.60 1.62 1.66 1.72 1.73 1.73 1.76 1.83 1.89 1.87 1.72 1.51 1.40 1.40 1.45 1.51 1.56 1.60 1.64 1.65 1.67 1.70 1.73 1.73 1.65 1.55 1.42 1.33 1.32 1.34 1.46 1.67 1.88 2.00 2.04 2.08 2.09 2.02 1.89 1.75 1.60
1.51 1.49 1.45 1.38 1.33 1.23 1.21 1.24 1.30 1.37 1.40 1.41 1.40 1.36 1.32 1.32 1.39 1.49 1.59 1.63 1.59 1.55 1.54 1.54 1.55 1.47 1.31 1.18 1.08 1.00 0.99 1.04 1.13 1.25 1.32 1.35 1.37 1.41 1.47 1.52 1.53 1.53 1.53 1.55 1.59 1.65 1.71 1.69 1.59 1.54 1.55 1.63 1.73 1.71 1.53 1.39 1.36 1.40 1.46 1.53 1.61 1.67 1.69 1.72 1.75 1.78 1.76 1.66 1.52 1.35 1.26 1.25 1.28 1.38 1.54 1.67 1.75 1.76 1.78 1.88 1.94 1.93 1.88 1.80
1.54 1.55 1.56 1.51 1.38 1.26 1.17 1.16 1.19 1.22 1.24 1.26 1.26 1.23 1.19 1.20 1.32 1.52 1.67 1.73 1.73 1.70 1.66 1.65 1.69 1.69 1.53 1.31 1.16 1.05 0.96 0.94 0.97 1.03 1.11 1.22 1.31 1.39 1.39 1.38 1.38 1.41 1.44 1.47 1.52 1.62 1.71 1.69 1.54 1.40 1.32 1.31 1.39 1.51 1.48 1.37 1.33 1.35 1.40 1.47 1.55 1.62 1.66 1.70 1.75 1.79 1.79 1.70 1.52 1.32 1.21 1.18 1.21 1.29 1.42 1.58 1.68 1.66 1.55 1.57 1.71 1.84 1.94 1.99
1.55 1.60 1.64 1.61 1.50 1.36 1.26 1.22 1.19 1.13 1.09 1.09 1.12 1.14 1.10 1.01 1.05 1.25 1.43 1.57 1.65 1.69 1.70 1.71 1.77 1.88 1.89 1.72 1.54 1.44 1.36 1.29 1.27 1.26 1.28 1.31 1.34 1.33 1.28 1.26 1.28 1.31 1.37 1.41 1.48 1.59 1.72 1.75 1.63 1.46 1.34 1.19 1.12 1.18 1.22 1.24 1.27 1.31 1.34 1.39 1.46 1.52 1.58 1.63 1.70 1.78 1.84 1.81 1.66 1.44 1.26 1.18 1.16 1.22 1.35 1.56 1.72 1.73 1.53 1.35 1.35 1.47 1.60 1.73
1.50 1.53 1.56 1.54 1.48 1.38 1.29 1.20 1.12 1.04 0.99 1.01 1.04 1.12 1.13 1.02 0.90 0.92 1.07 1.26 1.39 1.49 1.58 1.65 1.73 1.88 2.03 2.06 1.99 1.92 1.86 1.80 1.75 1.67 1.59 1.51 1.42 1.34 1.29 1.29 1.31 1.33 1.38 1.41 1.46 1.58 1.74 1.85 1.81 1.67 1.51 1.32 1.11 1.03 1.05 1.14 1.24 1.30 1.33 1.35 1.38 1.43 1.49 1.57 1.65 1.75 1.86 1.91 1.82 1.59 1.38 1.26 1.20 1.20 1.28 1.47 1.71 1.81 1.68 1.42 1.22 1.14 1.14 1.20
1.42 1.41 1.42 1.43 1.42 1.36 1.31 1.15 1.06 1.05 1.08 1.12 1.17 1.26 1.38 1.41 1.26 1.11 1.08 1.11 1.18 1.29 1.44 1.57 1.65 1.76 1.93 2.05 2.10 2.11 2.07 2.02 1.96 1.86 1.73 1.60 1.48 1.39 1.33 1.31 1.35 1.41 1.44 1.43 1.45 1.54 1.70 1.86 1.91 1.82 1.66 1.48 1.32 1.22 1.20 1.23 1.27 1.29 1.31 1.30 1.29 1.33 1.43 1.54 1.62 1.70 1.82 1.94 1.95 1.79 1.55 1.40 1.28 1.18 1.16 1.31 1.60 1.80 1.80 1.61 1.38 1.23 1.13 1.08
1.41 1.38 1.36 1.39 1.43 1.43 1.39 1.30 1.24 1.25 1.33 1.43 1.52 1.63 1.76 1.85 1.87 1.76 1.57 1.45 1.40 1.42 1.49 1.57 1.62 1.65 1.71 1.77 1.83 1.90 1.94 1.94 1.92 1.87 1.79 1.68 1.56 1.46 1.38 1.33 1.38 1.46 1.50 1.47 1.45 1.48 1.59 1.77 1.91 1.93 1.85 1.73 1.61 1.50 1.41 1.33 1.26 1.23 1.24 1.22 1.21 1.27 1.37 1.48 1.55 1.61 1.70 1.84 1.95 1.94 1.74 1.53 1.37 1.23 1.17 1.25 1.49 1.74 1.83 1.76 1.63 1.57 1.53 1.41
1.46 1.42 1.40 1.42 1.48 1.54 1.59 1.61 1.59 1.60 1.67 1.78 1.90 1.98 2.02 2.05 2.12 2.14 2.06 1.95 1.85 1.76 1.69 1.65 1.65 1.63 1.63 1.62 1.57 1.56 1.62 1.68 1.69 1.70 1.70 1.67 1.62 1.53 1.45 1.39 1.40 1.41 1.43 1.44 1.45 1.45 1.52 1.68 1.90 2.06 2.08 2.00 1.86 1.71 1.53 1.37 1.27 1.24 1.22 1.20 1.21 1.25 1.31 1.38 1.44 1.49 1.54 1.66 1.81 1.89 1.80 1.61 1.46 1.35 1.29 1.30 1.46 1.69 1.83 1.81 1.72 1.68 1.68 1.65
1.50 1.49 1.47 1.49 1.52 1.59 1.67 1.75 1.82 1.87 1.92 1.98 2.02 2.02 1.99 1.96 1.95 1.99 2.02 1.99 1.93 1.84 1.76 1.71 1.69 1.66 1.66 1.67 1.62 1.53 1.47 1.46 1.45 1.45 1.48 1.52 1.56 1.54 1.48 1.40 1.32 1.28 1.29 1.35 1.44 1.49 1.54 1.65 1.86 2.07 2.17 2.14 2.05 1.92 1.74 1.57 1.46 1.38 1.32 1.27 1.24 1.22 1.24 1.30 1.38 1.43 1.45 1.50 1.62 1.73 1.74 1.64 1.53 1.44 1.38 1.37 1.46 1.63 1.78 1.79 1.67 1.57 1.55 1.59
1.53 1.54 1.54 1.53 1.54 1.58 1.64 1.71 1.82 1.90 1.93 1.90 1.83 1.76 1.71 1.68 1.64 1.63 1.65 1.69 1.68 1.66 1.66 1.69 1.71 1.68 1.66 1.69 1.73 1.70 1.64 1.58 1.56 1.54 1.49 1.46 1.47 1.49 1.46 1.37 1.29 1.27 1.31 1.40 1.50 1.56 1.59 1.66 1.77 1.93 2.05 2.12 2.13 2.09 2.01 1.87 1.72 1.58 1.46 1.34 1.26 1.21 1.22 1.28 1.37 1.44 1.44 1.45 1.51 1.60 1.65 1.61 1.54 1.46 1.41 1.40 1.46 1.61 1.76 1.78 1.68 1.57 1.52 1.54
1.51 1.53 1.53 1.52 1.55 1.60 1.66 1.71 1.75 1.76 1.73 1.66 1.58 1.50 1.48 1.48 1.44 1.40 1.40 1.43 1.48 1.48 1.52 1.62 1.70 1.70 1.66 1.64 1.66 1.70 1.73 1.74 1.74 1.73 1.67 1.56 1.49 1.48 1.45 1.42 1.41 1.44 1.48 1.53 1.58 1.62 1.64 1.65 1.69 1.76 1.85 1.95 2.04 2.10 2.11 2.04 1.90 1.75 1.58 1.42 1.29 1.24 1.23 1.26 1.34 1.44 1.47 1.48 1.50 1.54 1.58 1.57 1.53 1.48 1.41 1.38 1.43 1.56 1.73 1.79 1.71 1.60 1.55 1.55
1.46 1.46 1.48 1.49 1.52 1.59 1.66 1.67 1.63 1.56 1.49 1.45 1.41 1.39 1.38 1.38 1.34 1.29 1.29 1.35 1.40 1.41 1.43 1.53 1.65 1.72 1.74 1.73 1.66 1.62 1.60 1.58 1.58 1.61 1.64 1.61 1.54 1.50 1.49 1.50 1.54 1.56 1.57 1.58 1.59 1.64 1.66 1.63 1.62 1.65 1.69 1.75 1.84 1.90 1.94 1.95 1.89 1.77 1.63 1.49 1.35 1.27 1.23 1.24 1.32 1.42 1.50 1.52 1.53 1.53 1.52 1.52 1.50 1.45 1.39 1.35 1.37 1.47 1.64 1.76 1.70 1.57 1.50 1.48
1.45 1.44 1.43 1.44 1.44 1.49 1.53 1.50 1.44 1.37 1.30 1.26 1.25 1.26 1.27 1.28 1.28 1.28 1.29 1.36 1.44 1.46 1.43 1.46 1.57 1.70 1.80 1.86 1.84 1.75 1.64 1.48 1.35 1.35 1.44 1.51 1.52 1.50 1.49 1.51 1.54 1.56 1.59 1.58 1.55 1.58 1.62 1.59 1.56 1.59 1.63 1.66 1.69 1.67 1.62 1.63 1.66 1.62 1.57 1.50 1.41 1.32 1.26 1.27 1.34 1.42 1.50 1.54 1.55 1.52 1.49 1.47 1.45 1.42 1.38 1.36 1.36 1.41 1.55 1.70 1.67 1.51 1.39 1.34
