project/data/elevation/US_DEM2016/US_DEM2016_point_10-31-2019_0753_30m_ang.asc
ncols	125
nrows	167
xllcorner	-2042055.000000
yllcorner	1465035.000000
cellsize	30.000000
NODATA_value	-9999.000000
[rows 53 to 105 of 167, columns 0 to 95 of 125]
344 346 350 353 354 356 360 5 8 5 359 0 2 6 8 9 8 7 9 11 12 11 8 3 357 351 347 345 344 341 338 337 340 348 1 11 15 13 10 10 9 7 5 2 357 352 350 351 355 0 3 4 4 4 5 4 3 3 2 0 359 1 5 8 8 5 360 355 350 346 345 346 351 355 359 3 7 8 7 5 4 5 4 2 359 355 354 1 12 17 16 17 17 14 10 6
349 349 351 352 352 353 356 3 8 6 359 2 3 10 14 14 12 10 11 13 12 10 7 3 358 352 348 347 347 346 343 340 340 344 357 11 15 12 8 7 6 5 2 358 352 348 348 351 356 3 8 10 9 8 8 7 6 3 1 359 359 1 6 10 13 8 1 355 351 349 347 345 344 346 352 358 3 8 8 5 2 1 358 355 355 356 359 2 6 9 10 11 10 7 5 2
353 352 352 353 353 353 354 359 6 6 1 7 7 16 19 18 16 14 12 10 9 8 5 2 359 354 350 348 348 348 347 345 343 344 354 9 14 11 8 6 5 2 358 352 347 345 346 351 357 4 10 13 13 11 11 10 7 3 0 359 0 3 8 13 13 8 1 357 355 355 355 352 346 343 346 352 359 7 10 7 0 352 346 344 347 353 359 1 2 3 5 5 4 3 1 357
353 353 353 355 357 358 357 358 2 4 2 4 12 19 20 19 17 14 10 6 5 4 4 2 359 356 353 350 349 349 349 349 347 347 354 4 9 9 7 6 4 0 355 348 344 343 347 352 357 3 9 14 15 15 15 13 8 3 1 2 5 7 10 13 11 6 2 1 1 1 359 356 353 352 355 357 359 4 6 1 352 344 341 342 347 353 357 359 359 0 1 1 1 360 356 351
350 351 354 358 1 2 1 360 1 3 3 6 12 16 16 15 13 11 7 3 2 1 2 1 359 357 356 354 351 350 351 352 352 353 356 0 4 5 6 5 3 359 353 346 343 343 348 352 356 0 7 14 18 18 17 14 10 7 7 8 9 9 10 10 8 6 5 6 6 3 358 356 357 2 5 3 359 358 355 350 344 341 342 345 351 355 357 357 357 358 359 359 358 354 351 349
345 348 354 360 4 6 5 4 4 4 3 5 9 11 11 10 8 6 4 2 360 359 359 359 358 358 358 356 353 351 353 354 356 358 359 359 0 2 3 3 2 359 353 347 343 345 349 352 354 356 2 12 19 20 18 15 12 11 10 9 7 6 6 7 7 7 8 8 4 360 357 359 5 10 8 1 356 352 348 344 342 342 345 350 355 357 358 357 356 356 356 356 353 350 349 352
341 345 353 360 4 7 8 8 8 7 14 2 4 5 5 4 3 2 1 0 359 358 357 356 357 359 359 357 354 354 354 355 358 0 1 359 359 359 360 1 1 360 356 352 347 347 349 352 351 350 356 8 17 19 17 14 13 12 9 6 4 2 2 4 7 9 9 6 2 359 360 5 10 10 4 357 352 349 346 344 344 346 350 355 357 358 359 357 354 353 353 352 349 348 351 1
340 344 353 359 2 6 10 13 14 11 5 0 360 360 360 360 360 359 358 358 358 356 354 354 356 359 358 355 355 357 358 358 358 358 358 358 358 358 358 358 360 1 360 358 354 351 350 350 347 346 350 359 9 13 12 10 10 10 7 5 1 358 357 360 6 10 11 6 1 0 3 7 8 4 359 354 351 349 348 348 349 352 355 357 358 359 359 356 353 351 351 349 346 349 358 7
339 343 354 359 2 5 11 17 20 17 9 1 358 357 356 356 358 359 359 358 355 352 351 353 356 357 354 352 354 357 1 2 0 358 355 355 356 356 357 358 0 3 5 3 0 356 353 350 347 347 349 354 1 6 6 6 6 6 5 2 358 354 353 356 4 11 12 8 3 3 5 5 2 359 357 355 353 353 353 354 356 358 359 359 360 0 359 356 351 349 348 346 345 351 0 4
340 344 354 359 3 6 12 19 24 22 15 8 3 358 355 355 359 5 6 360 350 346 347 352 355 353 349 348 349 354 360 3 3 1 358 355 354 356 358 0 2 5 5 4 2 359 356 353 350 350 351 354 359 3 3 2 3 3 1 358 354 352 352 356 3 10 11 9 7 5 5 3 0 359 358 357 357 358 359 1 2 3 4 3 2 2 360 355 349 347 346 344 345 351 356 357
345 347 354 359 3 7 13 21 26 25 21 17 13 7 359 354 359 7 8 2 352 344 342 347 349 347 345 344 346 349 354 360 4 4 3 359 357 358 1 3 3 3 2 2 1 0 359 357 355 353 354 357 1 3 2 0 360 358 355 352 351 351 354 359 4 8 9 8 8 7 5 2 0 0 1 1 1 2 5 7 8 8 9 8 6 3 360 354 348 345 343 343 346 349 351 351
350 351 356 359 3 7 14 22 25 24 23 21 18 13 6 358 355 358 2 3 1 355 346 342 342 342 342 343 345 347 349 353 359 4 6 5 3 2 3 3 2 360 358 359 360 1 1 0 359 358 358 360 2 3 1 359 357 354 350 349 350 353 358 3 5 6 6 7 9 8 6 4 2 2 3 5 5 5 8 11 14 14 14 13 10 5 359 353 347 343 341 342 344 346 345 346
351 353 358 1 4 9 16 21 22 21 21 19 17 15 12 5 356 352 356 2 4 2 355 346 341 340 341 344 347 349 349 349 352 359 4 5 4 3 2 1 359 357 356 357 359 0 0 1 2 4 3 2 2 2 360 357 355 350 347 349 353 357 2 5 5 5 4 6 8 7 6 6 4 3 5 8 10 9 11 16 20 21 20 19 15 5 355 349 345 342 340 340 342 344 342 342
351 353 359 2 6 11 16 17 16 16 15 15 16 16 15 10 1 351 350 356 2 3 359 352 344 340 341 345 350 353 353 351 351 353 357 359 360 0 360 359 358 357 357 358 359 359 359 1 4 6 6 4 2 1 358 356 352 348 347 352 357 1 5 6 6 4 3 4 6 7 7 7 8 7 7 11 16 18 18 23 30 32 30 26 15 359 347 343 342 342 341 342 343 344 342 342
350 353 360 4 8 13 14 12 10 10 10 12 15 16 15 12 6 356 350 351 356 359 360 356 348 342 342 346 352 356 357 356 353 352 353 354 355 357 358 358 358 358 358 360 360 358 358 0 4 6 8 7 3 360 356 353 350 348 350 356 1 4 6 7 5 3 3 4 5 7 8 9 11 12 13 16 24 29 32 38 43 41 35 24 7 349 339 338 339 340 341 344 346 347 347 346
349 353 1 6 10 14 13 9 6 5 6 9 12 13 13 13 10 2 353 349 350 355 358 356 350 345 344 348 353 357 359 359 357 355 354 353 353 355 358 358 358 359 1 2 1 358 358 360 2 4 6 6 3 358 352 349 348 351 356 1 3 5 5 4 3 3 6 9 8 8 11 12 14 18 21 26 34 42 45 44 40 33 23 9 355 343 337 336 336 336 339 344 349 351 352 351
348 353 2 9 12 15 14 10 7 4 3 4 6 8 9 10 10 7 359 351 349 351 354 353 351 348 348 350 353 356 358 359 359 359 357 354 353 355 357 357 358 0 3 5 4 0 359 1 3 3 2 1 359 354 350 347 350 357 3 4 4 5 3 1 3 8 13 17 15 13 15 17 19 25 32 37 41 43 39 31 23 14 6 358 349 341 338 337 335 335 339 346 351 355 357 356
349 353 3 10 14 16 15 13 12 9 5 0 359 2 4 7 8 8 4 356 351 350 350 351 351 351 352 353 354 354 355 356 358 360 359 356 354 354 356 356 358 1 5 7 6 4 3 4 4 1 357 355 354 353 353 351 357 5 7 7 8 6 3 2 5 11 16 19 17 14 13 15 18 25 34 36 34 29 23 16 10 3 357 351 346 343 342 341 340 340 344 349 354 357 0 1
350 354 3 10 15 16 14 15 16 15 10 1 354 354 358 1 5 7 5 359 354 351 350 350 351 355 357 358 357 356 353 352 353 356 357 355 353 353 353 355 358 2 6 8 8 8 6 3 360 357 355 354 355 356 355 357 3 7 8 9 10 8 4 2 3 5 11 14 15 12 10 12 17 22 26 25 21 16 11 5 0 356 353 349 346 346 348 349 349 349 351 355 357 0 4 7
351 355 4 11 15 15 13 13 14 14 12 6 357 353 353 356 359 3 3 360 355 352 351 351 353 358 1 2 0 358 355 353 352 353 354 354 352 351 352 355 360 4 8 10 10 7 3 359 357 356 356 358 359 359 358 359 2 5 7 7 7 6 3 0 359 1 7 13 15 14 14 17 21 21 19 14 10 6 1 356 353 352 351 349 348 349 352 357 359 359 359 0 2 4 9 12
352 356 4 11 14 13 11 10 10 10 9 6 2 357 354 354 355 357 359 358 355 352 352 353 356 360 3 4 3 1 358 356 355 355 355 354 352 351 353 357 2 4 7 9 8 4 1 358 358 358 360 2 3 1 358 358 359 2 4 5 4 2 360 358 358 2 9 16 20 22 23 24 23 18 11 6 3 358 352 348 349 350 351 352 352 354 358 3 6 7 7 6 6 9 12 13
354 357 4 10 12 12 10 7 5 3 3 3 2 1 358 354 351 351 353 356 356 355 354 356 358 0 3 5 6 4 1 359 358 357 357 356 353 352 354 358 0 3 5 7 6 3 360 359 360 0 1 4 5 3 359 357 357 358 0 1 1 359 358 359 3 9 16 22 26 29 28 24 18 11 4 359 355 351 346 345 347 349 352 355 358 1 2 3 8 12 13 12 11 12 13 13
354 357 4 9 11 11 8 3 359 357 358 360 1 1 358 354 350 348 349 353 356 357 358 0 1 0 1 5 7 6 4 2 360 359 359 356 353 352 354 357 359 1 4 6 7 5 1 359 0 0 359 0 3 3 359 357 356 356 358 358 358 358 360 6 14 20 21 24 28 29 26 19 12 4 357 353 350 347 345 345 347 349 351 355 2 6 7 4 7 13 16 15 14 14 13 12
353 357 4 8 8 8 3 358 355 354 356 359 359 358 355 351 348 346 348 351 355 359 2 4 4 2 360 2 7 8 7 5 3 1 358 355 353 353 355 358 360 1 3 6 8 7 4 1 360 360 359 359 360 360 357 355 355 356 357 357 357 359 7 17 23 23 19 20 22 22 18 11 4 358 353 350 348 348 348 350 351 349 347 349 357 6 9 9 8 10 14 14 14 13 13 11
349 355 5 8 6 2 359 357 356 357 358 358 357 354 351 348 346 346 348 351 356 360 3 6 7 5 1 0 4 7 8 8 6 3 360 358 356 356 358 360 359 359 1 6 10 9 6 3 1 360 359 359 358 356 353 353 354 355 356 356 359 6 15 20 19 16 14 13 13 12 9 4 358 355 353 351 350 351 354 357 358 356 351 347 348 357 6 10 11 12 13 13 12 12 12 9
345 353 6 8 3 358 358 360 1 1 359 357 354 350 347 346 346 347 350 353 357 0 4 8 9 7 3 359 1 5 8 9 8 5 3 2 2 0 360 360 359 360 3 9 13 13 9 4 1 358 356 355 354 351 349 350 352 354 355 358 4 12 15 14 12 10 9 6 4 4 3 359 355 355 355 354 354 355 359 2 4 3 360 355 350 351 358 6 12 14 13 11 10 10 10 7
344 353 7 8 2 358 360 2 2 1 358 355 351 348 346 345 346 349 352 355 358 2 6 9 11 11 6 359 358 1 6 9 10 9 7 7 7 4 2 2 3 4 6 12 16 17 12 4 358 354 352 350 350 349 348 348 351 355 358 3 10 14 11 7 5 3 1 359 359 0 360 357 355 355 357 359 359 359 0 3 6 7 6 3 358 355 356 2 9 12 11 8 8 8 7 4
347 354 4 5 2 360 360 0 360 358 355 351 348 346 346 346 348 350 354 357 1 4 7 11 14 14 9 1 356 358 2 6 9 10 10 10 10 7 5 6 7 7 7 11 15 16 10 1 354 350 349 349 349 350 350 350 353 359 3 7 11 10 6 2 358 356 354 355 358 359 359 357 355 355 358 1 2 2 0 0 4 8 9 8 5 2 360 1 4 7 7 6 5 5 3 360
354 356 359 0 0 359 358 358 356 354 351 348 346 345 347 349 351 352 355 359 3 6 9 13 16 17 15 6 357 355 356 357 1 7 11 11 9 7 6 6 5 5 5 8 12 13 9 1 354 350 349 349 349 351 351 351 355 360 4 6 7 5 1 357 352 350 350 355 359 0 359 357 355 355 358 2 4 3 2 359 358 3 9 12 11 7 4 3 3 2 3 3 2 0 358 355
359 357 356 357 358 358 356 355 353 351 348 346 345 345 348 351 354 356 358 2 5 7 10 14 17 20 19 14 4 357 353 347 347 356 6 8 6 4 3 3 2 3 3 6 10 11 9 3 357 353 351 349 348 350 351 352 353 357 1 3 3 1 358 353 349 348 351 357 360 0 359 358 356 355 357 1 4 4 4 2 358 358 6 13 14 12 9 5 2 0 0 0 358 356 354 354
358 357 356 357 356 355 354 352 350 347 346 344 345 347 350 354 358 1 3 4 6 10 13 15 18 20 20 16 9 1 355 349 345 348 356 2 3 1 360 359 359 1 3 6 9 11 9 5 359 355 352 350 349 350 352 352 352 354 358 0 0 359 356 352 348 348 353 357 358 360 0 360 358 356 355 358 2 4 5 5 2 357 0 10 15 15 13 9 3 360 359 359 356 353 354 357
356 357 357 357 355 353 351 349 347 345 344 344 346 349 353 356 1 6 9 9 10 13 15 14 15 17 16 13 8 2 358 355 351 349 351 356 359 358 356 356 358 2 4 5 8 10 9 5 1 357 354 352 352 352 352 352 352 352 355 356 357 356 355 352 349 349 352 354 357 0 3 4 2 357 352 352 356 1 4 6 6 2 358 4 12 16 16 12 7 2 1 0 358 356 0 7
355 355 356 356 354 351 349 347 345 344 344 345 348 351 355 360 5 12 15 14 14 13 12 10 10 10 10 8 5 3 2 1 358 354 351 352 354 354 355 357 1 3 3 4 6 7 6 3 1 359 358 356 355 354 353 352 350 351 352 354 355 355 355 353 351 349 349 352 355 0 5 8 6 360 352 348 349 353 359 3 5 4 359 358 6 14 16 14 11 7 4 3 3 4 7 11
354 354 354 353 351 350 348 346 344 344 344 346 350 354 359 5 12 20 21 17 12 8 6 4 4 5 5 5 4 3 4 4 3 359 354 350 349 351 356 1 3 2 2 3 4 4 3 2 2 2 2 1 359 357 355 352 349 349 350 352 354 355 355 354 352 350 348 350 355 0 6 9 9 4 359 355 352 351 351 353 358 1 360 355 358 8 13 15 14 11 8 7 7 8 8 9
352 353 352 350 349 349 348 346 344 343 345 349 353 357 4 12 20 22 18 13 8 4 1 360 360 1 3 4 4 2 2 4 6 4 359 352 349 351 358 4 4 3 3 3 3 1 0 1 2 3 4 4 3 1 358 354 350 349 351 353 354 355 354 354 353 351 349 351 355 359 3 7 7 7 5 3 1 358 355 353 354 357 357 352 352 359 8 12 12 10 8 9 9 8 8 7
350 352 351 349 349 349 348 345 344 344 347 351 356 3 11 16 17 14 11 9 7 2 358 357 357 359 1 4 4 1 359 1 5 6 4 359 354 355 360 4 5 5 5 4 2 0 360 360 1 2 3 3 3 2 360 356 353 351 351 353 354 354 354 355 354 353 351 352 355 358 1 3 5 6 7 7 6 4 1 359 358 358 357 354 353 357 2 5 5 6 7 9 9 8 7 4
349 351 351 350 350 349 346 344 345 346 350 355 2 10 15 12 9 8 7 7 6 2 358 356 357 359 1 2 2 0 358 357 1 6 8 5 1 359 1 5 6 5 5 4 3 2 1 1 360 358 358 358 357 356 355 354 352 351 351 352 352 353 355 356 355 353 352 352 353 356 359 0 2 3 6 8 8 7 6 5 4 2 360 359 359 0 360 359 360 3 5 7 7 6 3 359
348 350 350 350 349 347 345 344 346 350 355 2 11 18 17 10 6 5 4 4 4 2 359 358 360 1 1 359 358 358 357 356 358 3 8 8 5 3 3 4 4 4 4 4 4 4 3 2 360 357 354 352 351 350 350 351 351 350 349 350 352 354 356 357 355 353 352 351 351 354 358 360 359 359 2 6 8 8 9 9 8 5 3 4 5 4 2 360 360 2 4 4 3 2 358 355
348 349 349 349 347 345 344 345 350 356 5 14 20 23 19 13 6 3 0 359 360 0 1 2 3 3 1 358 356 354 354 353 353 357 4 9 9 6 4 3 3 3 3 3 4 4 4 3 1 358 355 351 350 350 352 353 352 350 349 350 353 356 357 357 355 353 351 349 349 353 359 1 359 356 356 0 5 7 8 9 9 8 6 7 8 7 6 5 4 4 4 1 358 357 356 356
348 348 347 346 345 343 345 349 356 6 15 20 21 20 18 13 7 1 357 355 356 358 2 3 3 3 2 359 356 353 350 350 349 350 358 7 11 8 5 2 2 2 1 1 2 4 5 4 2 359 357 354 352 353 355 356 355 351 350 352 355 357 358 358 356 353 350 348 348 352 359 2 1 357 354 355 360 4 6 7 9 9 8 8 9 9 10 10 9 7 4 0 356 354 357 1
348 347 346 344 343 343 348 355 5 14 19 19 17 16 14 11 6 1 357 355 354 357 360 1 2 2 2 360 357 355 353 352 351 352 357 6 10 7 4 1 0 360 359 358 360 3 5 5 2 360 359 358 358 356 356 356 356 355 354 356 359 359 359 358 355 353 351 350 350 353 358 3 4 1 357 353 355 0 3 3 5 9 9 8 9 10 12 12 11 7 4 1 357 356 360 3
348 347 345 343 343 346 353 3 13 18 17 15 13 11 9 6 4 1 358 356 356 357 359 1 2 1 358 357 357 357 357 356 355 356 360 5 6 4 1 359 358 357 356 357 359 3 5 5 2 1 0 1 2 0 358 358 359 358 358 360 1 0 359 357 355 353 352 352 353 354 357 3 6 7 4 357 353 356 359 357 358 4 8 7 6 7 8 8 7 5 4 1 358 358 359 360
348 348 347 346 348 354 1 8 14 15 11 9 8 6 3 1 359 358 356 356 357 359 2 4 4 1 356 354 356 358 358 357 356 357 1 2 1 359 358 357 356 356 356 357 359 2 4 4 2 2 2 3 3 3 2 2 2 1 0 0 1 0 358 356 355 354 353 353 353 353 356 3 10 14 13 6 359 357 357 352 350 356 2 3 360 360 1 2 2 3 2 1 358 358 358 357
348 349 350 352 355 360 5 8 10 8 5 4 2 0 358 356 355 355 355 357 0 4 6 5 4 1 357 355 356 358 358 356 354 355 357 358 357 356 355 355 356 357 358 359 0 2 3 2 2 2 4 4 4 5 6 7 6 4 1 1 0 359 356 355 356 357 356 353 351 350 354 3 14 19 18 11 5 2 359 353 350 351 355 354 351 352 356 359 0 1 1 359 358 357 358 357
348 350 353 355 357 1 5 6 6 5 2 360 358 356 354 353 353 355 357 2 7 10 8 4 2 360 358 357 357 358 358 357 355 354 355 354 354 353 354 355 356 359 1 2 2 3 2 1 1 2 3 3 4 5 7 8 8 5 3 1 360 357 355 355 356 358 357 354 350 348 352 2 14 19 19 14 8 4 359 354 352 352 351 348 347 350 355 358 359 359 359 357 356 357 357 355
350 352 354 356 357 0 3 3 2 2 1 358 354 352 352 352 354 358 3 9 13 12 7 2 359 356 357 358 358 359 360 360 359 357 355 354 352 352 353 356 360 3 3 3 3 3 2 1 2 2 1 360 360 1 3 6 6 5 3 1 359 357 355 355 357 358 358 355 350 347 349 358 9 15 16 15 11 5 359 355 354 354 351 349 349 353 356 357 358 358 358 357 355 354 354 353
352 353 354 354 355 357 358 359 359 359 359 356 353 351 351 354 358 4 10 13 13 9 4 360 356 353 353 356 358 360 2 4 4 1 358 355 352 351 354 359 3 4 3 2 3 2 1 2 3 4 3 360 356 355 357 1 3 3 2 1 359 357 356 357 358 359 358 355 350 346 348 354 1 8 13 14 12 6 1 358 358 357 355 353 354 357 357 357 357 358 358 357 355 353 352 352
355 355 354 352 351 352 353 355 356 357 357 355 353 352 353 358 4 11 15 14 8 4 1 358 354 352 352 354 357 360 3 5 5 4 1 357 353 353 356 1 2 1 1 1 2 2 1 2 4 5 5 4 360 355 354 359 1 1 0 360 359 358 358 358 359 360 359 356 351 348 348 351 355 3 9 12 10 6 4 3 2 0 359 359 360 359 357 356 357 358 359 358 357 355 353 352
356 356 354 350 347 346 348 351 354 355 355 354 354 355 358 3 11 17 17 11 4 1 359 357 354 353 353 355 357 359 1 3 4 5 3 360 356 355 357 358 358 358 360 1 2 2 2 2 3 5 6 6 4 360 357 359 359 358 357 358 359 358 358 359 0 1 0 357 353 351 349 349 352 359 5 9 8 7 7 7 6 4 3 4 2 358 355 355 356 358 359 359 359 358 356 352
357 356 354 351 348 344 345 348 351 352 353 354 356 359 4 10 14 14 10 6 2 359 358 357 356 355 355 356 357 357 356 358 0 2 2 0 357 354 354 355 356 358 359 1 1 2 3 3 3 4 6 7 7 5 1 359 357 355 354 356 356 357 358 359 1 2 1 359 355 352 349 348 350 356 2 6 7 7 8 9 8 8 7 6 3 358 355 355 357 359 0 360 360 359 357 353
357 356 354 353 350 348 346 348 349 350 351 355 0 6 11 12 8 5 3 2 0 359 358 358 359 360 360 360 359 356 353 352 353 355 356 356 353 351 351 353 356 358 360 0 1 3 4 5 5 5 5 6 7 7 4 359 355 352 351 352 353 355 357 360 2 4 3 1 357 353 349 347 348 353 360 5 8 8 6 7 8 8 8 7 4 2 359 358 359 0 1 360 359 358 356 353
354 354 355 356 354 351 349 349 349 350 354 1 9 17 17 7 358 356 357 358 358 359 359 359 359 2 4 4 1 358 355 352 352 351 351 351 350 349 350 354 357 359 359 359 0 3 6 8 8 6 5 5 6 6 3 357 353 349 348 348 350 353 356 360 3 4 5 4 0 355 349 346 345 350 357 4 9 10 6 4 5 6 7 7 6 5 4 3 2 2 1 360 359 357 355 354
349 352 356 357 357 355 352 351 352 355 3 12 18 19 14 1 350 347 350 352 355 357 358 357 358 2 6 5 3 360 358 356 355 354 353 352 351 350 351 355 359 360 359 358 359 2 7 10 10 9 8 9 7 2 356 351 348 347 345 345 347 351 356 359 2 4 5 6 3 358 352 347 345 347 354 3 10 12 9 5 3 4 4 4 5 6 6 5 4 2 0 359 359 356 354 354
