project/data/elevation/US_DEM2016/US_DEM2016_point_10-29-2019_0101_30m_vel.asc
ncols	125
nrows	167
xllcorner	-2042055.000000
yllcorner	1465035.000000
cellsize	30.000000
NODATA_value	-9999.000000
[rows 38 to 75 of 167, columns 0 to 83 of 125]
1.60 1.61 1.60 1.55 1.48 1.43 1.37 1.27 1.15 1.05 0.91 1.09 1.20 1.35 1.33 1.44 1.37 1.43 1.45 1.61 1.69 1.73 1.74 1.78 1.82 1.85 1.90 1.96 1.89 1.76 1.60 1.47 1.38 1.36 1.39 1.50 1.61 1.67 1.72 1.85 2.00 2.09 2.10 2.04 1.96 1.89 1.78 1.60 1.47 1.35 1.27 1.27 1.33 1.41 1.43 1.43 1.44 1.50 1.51 1.52 1.51 1.46 1.44 1.38 1.26 1.13 1.01 0.98 1.03 1.12 1.14 1.12 1.13 1.22 1.28 1.34 1.43 1.59 1.77 1.98 2.16 2.25 2.24 2.14
1.56 1.49 1.41 1.35 1.28 1.24 1.20 1.14 1.07 0.98 0.94 0.99 1.15 1.12 1.21 1.37 1.36 1.27 1.34 1.38 1.37 1.33 1.32 1.37 1.49 1.64 1.77 1.89 1.95 1.90 1.76 1.61 1.52 1.48 1.54 1.68 1.78 1.85 1.89 1.94 2.03 2.09 2.11 2.09 2.03 1.92 1.74 1.54 1.39 1.26 1.21 1.24 1.33 1.39 1.45 1.48 1.52 1.55 1.52 1.46 1.36 1.24 1.16 1.16 1.14 1.09 0.96 0.87 0.89 1.01 1.09 1.09 1.09 1.15 1.20 1.23 1.27 1.39 1.53 1.63 1.70 1.82 2.02 2.12
1.48 1.39 1.28 1.20 1.16 1.13 1.13 1.14 1.13 1.11 1.11 1.18 1.28 1.33 1.05 1.23 1.27 1.21 1.19 1.16 1.12 1.11 1.15 1.24 1.40 1.54 1.67 1.79 1.89 1.94 1.90 1.79 1.72 1.74 1.83 1.96 2.06 2.12 2.09 2.01 1.99 1.91 1.87 1.92 1.93 1.94 1.86 1.78 1.67 1.55 1.43 1.40 1.44 1.44 1.49 1.51 1.53 1.55 1.49 1.38 1.24 1.06 0.86 0.80 0.80 0.81 0.80 0.79 0.81 0.87 0.95 1.03 1.08 1.13 1.17 1.19 1.20 1.25 1.36 1.44 1.46 1.53 1.79 2.08
1.46 1.39 1.31 1.27 1.25 1.25 1.24 1.24 1.26 1.30 1.36 1.44 1.45 1.33 1.22 1.22 1.23 1.21 1.15 1.10 1.08 1.12 1.20 1.27 1.34 1.42 1.49 1.57 1.71 1.85 1.96 1.93 1.93 1.99 2.08 2.16 2.21 2.20 2.12 2.00 1.90 1.77 1.68 1.69 1.79 1.84 1.86 1.86 1.86 1.84 1.78 1.64 1.54 1.48 1.47 1.45 1.40 1.37 1.34 1.30 1.20 1.02 0.81 0.71 0.71 0.74 0.78 0.79 0.75 0.74 0.80 0.89 1.01 1.12 1.17 1.18 1.18 1.22 1.32 1.37 1.37 1.38 1.53 1.85
1.50 1.47 1.44 1.43 1.41 1.39 1.35 1.33 1.36 1.44 1.52 1.58 1.51 1.38 1.32 1.31 1.31 1.29 1.26 1.24 1.27 1.31 1.35 1.41 1.46 1.47 1.47 1.49 1.60 1.73 1.92 2.00 2.11 2.21 2.22 2.15 2.06 1.98 1.90 1.83 1.75 1.63 1.52 1.51 1.59 1.66 1.70 1.69 1.74 1.78 1.80 1.70 1.56 1.45 1.40 1.38 1.31 1.25 1.23 1.30 1.29 1.18 1.05 0.98 0.99 0.97 0.91 0.82 0.77 0.79 0.79 0.79 0.84 0.95 1.02 1.03 1.09 1.19 1.29 1.31 1.32 1.34 1.45 1.69
1.51 1.49 1.49 1.48 1.47 1.45 1.43 1.45 1.51 1.58 1.63 1.62 1.51 1.45 1.43 1.42 1.43 1.41 1.42 1.46 1.52 1.57 1.60 1.62 1.64 1.61 1.59 1.60 1.65 1.70 1.86 1.99 2.11 2.20 2.17 2.04 1.85 1.72 1.63 1.62 1.62 1.54 1.42 1.36 1.43 1.50 1.53 1.44 1.35 1.30 1.34 1.43 1.46 1.42 1.39 1.42 1.41 1.40 1.43 1.50 1.51 1.44 1.36 1.33 1.24 1.12 1.03 1.00 1.02 0.97 0.84 0.70 0.66 0.69 0.70 0.74 0.84 1.02 1.15 1.21 1.29 1.39 1.50 1.61
1.50 1.50 1.51 1.52 1.55 1.60 1.66 1.70 1.73 1.74 1.73 1.64 1.50 1.49 1.46 1.45 1.48 1.50 1.55 1.61 1.68 1.73 1.75 1.74 1.69 1.63 1.61 1.63 1.68 1.73 1.86 1.93 1.98 1.98 1.96 1.92 1.81 1.66 1.48 1.43 1.46 1.45 1.37 1.27 1.28 1.35 1.31 1.16 0.99 0.91 0.97 1.11 1.23 1.29 1.38 1.50 1.58 1.63 1.67 1.67 1.67 1.63 1.52 1.42 1.28 1.20 1.22 1.23 1.16 0.96 0.78 0.66 0.61 0.59 0.56 0.59 0.70 0.84 0.98 1.08 1.20 1.35 1.45 1.48
1.55 1.58 1.63 1.67 1.71 1.79 1.86 1.90 1.89 1.86 1.79 1.67 1.55 1.51 1.51 1.50 1.52 1.57 1.62 1.67 1.70 1.71 1.69 1.66 1.64 1.59 1.57 1.60 1.69 1.78 1.90 1.87 1.79 1.74 1.73 1.77 1.75 1.67 1.46 1.33 1.31 1.33 1.27 1.16 1.14 1.20 1.17 1.10 1.07 1.08 1.08 1.05 1.02 1.09 1.28 1.52 1.62 1.64 1.65 1.66 1.66 1.66 1.57 1.46 1.41 1.41 1.37 1.24 1.04 0.87 0.80 0.79 0.79 0.75 0.72 0.73 0.81 0.88 0.91 1.00 1.09 1.20 1.31 1.38
1.59 1.65 1.73 1.79 1.81 1.83 1.85 1.87 1.87 1.83 1.77 1.68 1.64 1.65 1.67 1.68 1.67 1.67 1.68 1.67 1.63 1.59 1.55 1.53 1.56 1.56 1.57 1.62 1.73 1.82 1.87 1.78 1.65 1.57 1.53 1.53 1.58 1.59 1.49 1.32 1.21 1.19 1.18 1.14 1.16 1.22 1.25 1.26 1.28 1.23 1.11 0.98 0.95 1.07 1.26 1.45 1.55 1.57 1.58 1.63 1.64 1.65 1.62 1.57 1.52 1.45 1.25 1.09 1.01 1.00 1.02 1.04 1.04 1.02 1.01 1.02 1.05 1.06 1.05 1.06 0.93 1.14 1.25 1.36
1.57 1.61 1.70 1.75 1.75 1.72 1.69 1.67 1.67 1.67 1.63 1.59 1.57 1.67 1.75 1.80 1.79 1.74 1.67 1.61 1.56 1.52 1.48 1.47 1.50 1.53 1.57 1.65 1.74 1.78 1.75 1.65 1.55 1.46 1.37 1.34 1.39 1.47 1.49 1.41 1.25 1.19 1.22 1.29 1.34 1.38 1.37 1.28 1.18 1.04 0.95 0.93 1.07 1.33 1.48 1.52 1.57 1.60 1.62 1.66 1.66 1.67 1.62 1.55 1.46 1.33 1.20 1.17 1.23 1.30 1.34 1.36 1.36 1.34 1.32 1.31 1.31 1.30 1.28 1.29 1.25 1.21 1.26 1.38
1.53 1.55 1.58 1.62 1.63 1.58 1.52 1.48 1.47 1.48 1.43 1.39 1.41 1.48 1.61 1.69 1.72 1.68 1.61 1.55 1.51 1.48 1.45 1.43 1.43 1.45 1.48 1.57 1.68 1.72 1.68 1.59 1.52 1.42 1.28 1.19 1.23 1.35 1.44 1.42 1.28 1.19 1.21 1.28 1.32 1.35 1.33 1.18 1.04 0.98 1.01 1.18 1.48 1.71 1.79 1.70 1.65 1.65 1.66 1.70 1.73 1.74 1.68 1.58 1.53 1.53 1.60 1.70 1.79 1.85 1.86 1.85 1.83 1.81 1.78 1.74 1.72 1.67 1.62 1.53 1.39 1.25 1.25 1.33
1.56 1.56 1.52 1.51 1.54 1.53 1.47 1.41 1.39 1.36 1.32 1.30 1.30 1.39 1.45 1.52 1.56 1.58 1.55 1.50 1.45 1.41 1.38 1.37 1.37 1.37 1.38 1.46 1.60 1.64 1.62 1.58 1.55 1.49 1.34 1.17 1.15 1.22 1.29 1.26 1.15 1.05 1.02 1.04 1.10 1.18 1.26 1.19 1.13 1.17 1.35 1.65 1.88 1.99 1.95 1.80 1.70 1.68 1.70 1.79 1.84 1.89 1.86 1.84 1.87 1.98 2.12 2.25 2.35 2.39 2.40 2.38 2.36 2.34 2.30 2.24 2.18 2.12 2.00 1.79 1.54 1.32 1.24 1.25
1.58 1.59 1.55 1.49 1.50 1.54 1.54 1.49 1.45 1.41 1.41 1.45 1.46 1.50 1.54 1.55 1.55 1.55 1.52 1.47 1.40 1.34 1.31 1.31 1.32 1.33 1.34 1.44 1.54 1.54 1.48 1.50 1.53 1.55 1.51 1.37 1.26 1.20 1.16 1.11 1.04 1.00 0.99 1.00 1.05 1.15 1.30 1.37 1.41 1.56 1.80 2.00 2.09 2.04 1.93 1.79 1.71 1.71 1.71 1.74 1.80 1.90 1.95 1.97 2.06 2.17 2.26 2.35 2.40 2.42 2.44 2.46 2.46 2.45 2.41 2.37 2.32 2.29 2.21 2.07 1.86 1.61 1.35 1.23
1.58 1.58 1.56 1.53 1.52 1.54 1.58 1.57 1.55 1.53 1.59 1.67 1.70 1.72 1.72 1.69 1.65 1.60 1.54 1.48 1.42 1.35 1.29 1.26 1.27 1.31 1.36 1.44 1.47 1.39 1.33 1.35 1.41 1.51 1.55 1.55 1.41 1.27 1.21 1.20 1.21 1.25 1.29 1.29 1.31 1.41 1.61 1.81 1.99 2.11 2.17 2.17 2.08 1.92 1.82 1.71 1.65 1.62 1.57 1.52 1.56 1.65 1.80 1.85 1.91 1.94 1.90 1.87 1.85 1.87 1.92 1.99 2.03 2.03 2.01 2.01 2.02 2.03 2.02 2.03 2.00 1.89 1.68 1.41
1.55 1.50 1.46 1.47 1.48 1.51 1.56 1.58 1.58 1.59 1.67 1.77 1.79 1.80 1.77 1.73 1.67 1.61 1.56 1.51 1.45 1.39 1.30 1.24 1.24 1.29 1.35 1.40 1.36 1.23 1.18 1.21 1.27 1.35 1.47 1.51 1.47 1.41 1.42 1.49 1.54 1.57 1.58 1.62 1.68 1.82 2.01 2.19 2.31 2.34 2.29 2.14 1.98 1.81 1.72 1.62 1.54 1.46 1.41 1.36 1.39 1.46 1.55 1.62 1.63 1.49 1.33 1.18 1.14 1.17 1.26 1.36 1.42 1.43 1.45 1.47 1.52 1.54 1.55 1.62 1.74 1.80 1.79 1.68
1.50 1.42 1.33 1.31 1.34 1.41 1.51 1.57 1.60 1.61 1.52 1.65 1.73 1.71 1.67 1.60 1.56 1.54 1.51 1.46 1.40 1.33 1.29 1.27 1.28 1.30 1.33 1.35 1.29 1.18 1.14 1.17 1.22 1.29 1.36 1.43 1.46 1.48 1.53 1.63 1.71 1.72 1.73 1.79 1.90 2.03 2.15 2.21 2.23 2.21 2.13 2.02 1.88 1.76 1.66 1.56 1.49 1.43 1.42 1.41 1.45 1.48 1.50 1.50 1.42 1.24 1.07 0.96 0.95 0.97 0.97 0.96 0.98 1.02 1.05 1.09 1.16 1.21 1.21 1.21 1.25 1.34 1.40 1.44
1.47 1.40 1.30 1.26 1.26 1.29 1.38 1.51 1.56 1.56 1.55 1.42 1.54 1.48 1.42 1.38 1.36 1.36 1.35 1.34 1.33 1.32 1.32 1.33 1.32 1.32 1.33 1.35 1.34 1.33 1.30 1.26 1.26 1.28 1.32 1.37 1.38 1.40 1.43 1.51 1.61 1.66 1.70 1.79 1.93 2.02 2.03 1.96 1.85 1.83 1.87 1.88 1.83 1.76 1.67 1.57 1.51 1.51 1.53 1.54 1.55 1.55 1.49 1.46 1.38 1.24 1.17 1.15 1.12 1.06 0.93 0.76 0.68 0.69 0.74 0.82 0.90 0.97 0.97 0.88 0.80 0.77 0.80 0.94
1.49 1.44 1.39 1.36 1.32 1.26 1.21 1.28 1.38 1.41 1.40 1.16 1.32 1.19 1.11 0.96 1.08 1.09 1.14 1.22 1.33 1.40 1.41 1.39 1.37 1.37 1.37 1.39 1.41 1.44 1.40 1.31 1.24 1.22 1.27 1.29 1.27 1.28 1.29 1.32 1.40 1.50 1.59 1.73 1.86 1.88 1.81 1.66 1.60 1.61 1.68 1.74 1.75 1.75 1.68 1.59 1.55 1.55 1.59 1.56 1.51 1.44 1.39 1.39 1.39 1.36 1.35 1.34 1.21 1.04 0.82 0.64 0.54 0.52 0.53 0.54 0.57 0.61 0.62 0.58 0.73 0.54 0.65 0.87
1.55 1.57 1.59 1.56 1.48 1.36 1.19 1.16 1.22 1.30 1.32 1.06 0.97 1.08 0.99 0.96 0.98 1.02 1.09 1.22 1.37 1.49 1.52 1.50 1.49 1.49 1.48 1.46 1.46 1.47 1.39 1.32 1.27 1.25 1.24 1.26 1.30 1.33 1.33 1.33 1.37 1.45 1.55 1.70 1.77 1.72 1.56 1.45 1.39 1.42 1.49 1.58 1.64 1.66 1.61 1.55 1.51 1.50 1.48 1.39 1.28 1.21 1.23 1.30 1.41 1.46 1.43 1.35 1.16 0.97 0.82 0.75 0.73 0.67 0.53 0.46 0.48 0.55 0.43 0.50 0.58 0.75 1.02 1.26
1.62 1.68 1.74 1.73 1.65 1.52 1.38 1.31 1.31 1.33 1.06 1.33 1.29 1.24 1.22 1.23 1.25 1.29 1.32 1.38 1.50 1.61 1.65 1.67 1.68 1.69 1.64 1.58 1.58 1.62 1.62 1.59 1.56 1.51 1.41 1.40 1.51 1.56 1.58 1.57 1.57 1.56 1.60 1.69 1.68 1.53 1.37 1.25 1.20 1.25 1.34 1.44 1.54 1.53 1.50 1.46 1.40 1.33 1.24 1.17 1.13 1.15 1.25 1.34 1.44 1.44 1.37 1.25 1.10 1.03 1.04 1.07 1.02 0.87 0.67 0.54 0.50 0.52 0.60 0.75 1.00 1.29 1.52 1.60
1.62 1.66 1.72 1.75 1.75 1.70 1.61 1.53 1.48 1.41 1.40 1.45 1.49 1.53 1.58 1.60 1.63 1.67 1.70 1.71 1.75 1.77 1.80 1.85 1.88 1.86 1.80 1.74 1.74 1.77 1.82 1.81 1.78 1.72 1.60 1.55 1.61 1.67 1.72 1.75 1.74 1.69 1.67 1.64 1.51 1.33 1.18 1.09 1.07 1.10 1.20 1.32 1.41 1.43 1.41 1.37 1.31 1.24 1.20 1.23 1.28 1.38 1.49 1.55 1.54 1.46 1.34 1.27 1.23 1.26 1.31 1.30 1.15 0.95 0.83 0.78 0.81 0.88 1.02 1.21 1.46 1.66 1.74 1.65
1.59 1.57 1.58 1.65 1.74 1.80 1.78 1.68 1.55 1.44 1.00 1.49 1.59 1.70 1.79 1.84 1.88 1.92 1.97 1.99 1.96 1.92 1.91 1.95 1.97 1.94 1.89 1.84 1.83 1.79 1.70 1.63 1.60 1.59 1.57 1.57 1.58 1.62 1.68 1.76 1.80 1.76 1.69 1.55 1.31 1.10 0.98 0.93 0.90 0.93 1.01 1.13 1.27 1.36 1.38 1.36 1.34 1.33 1.37 1.40 1.47 1.59 1.69 1.78 1.76 1.70 1.53 1.46 1.48 1.53 1.47 1.34 1.19 1.10 1.08 1.12 1.21 1.33 1.50 1.68 1.79 1.80 1.69 1.54
1.59 1.55 1.51 1.53 1.60 1.68 1.73 1.68 1.55 1.42 1.39 1.43 1.51 1.64 1.74 1.80 1.82 1.84 1.86 1.87 1.87 1.86 1.86 1.86 1.84 1.82 1.80 1.80 1.80 1.78 1.66 1.48 1.38 1.37 1.44 1.54 1.64 1.66 1.69 1.72 1.75 1.68 1.58 1.42 1.21 0.98 0.83 0.78 0.77 0.79 0.83 0.96 1.14 1.30 1.40 1.47 1.51 1.53 1.53 1.50 1.54 1.69 1.83 1.94 1.96 1.98 1.90 1.74 1.69 1.69 1.58 1.46 1.41 1.45 1.54 1.65 1.77 1.88 1.97 1.99 1.91 1.75 1.58 1.47
1.57 1.51 1.45 1.43 1.40 1.43 1.51 1.54 1.47 1.36 1.29 1.27 1.27 1.32 1.38 1.43 1.45 1.42 1.34 1.31 1.40 1.51 1.55 1.50 1.43 1.46 1.56 1.62 1.68 1.76 1.79 1.72 1.60 1.52 1.50 1.58 1.70 1.73 1.70 1.66 1.61 1.54 1.45 1.38 1.26 1.07 0.93 0.90 0.91 0.90 0.91 1.01 1.15 1.30 1.43 1.55 1.64 1.71 1.71 1.72 1.78 1.91 1.98 2.01 2.03 2.08 2.08 2.02 1.96 1.93 1.89 1.87 1.92 2.00 2.08 2.15 2.20 2.23 2.21 2.07 1.89 1.71 1.57 1.47
1.50 1.41 1.32 1.31 1.30 1.29 1.32 1.37 1.34 1.22 1.09 0.99 0.91 0.87 0.89 0.94 0.97 0.92 0.85 0.81 0.87 1.01 1.08 1.05 1.05 1.15 1.35 1.46 1.53 1.60 1.72 1.81 1.82 1.78 1.68 1.64 1.65 1.66 1.59 1.50 1.44 1.46 1.47 1.50 1.49 1.46 1.38 1.34 1.32 1.31 1.32 1.35 1.36 1.37 1.43 1.52 1.60 1.71 1.81 1.92 2.04 2.06 2.01 1.91 1.82 1.89 2.01 2.05 2.12 2.17 2.21 2.26 2.32 2.34 2.32 2.29 2.27 2.23 2.12 1.97 1.84 1.73 1.62 1.48
1.46 1.38 1.29 1.25 1.25 1.25 1.26 1.27 1.23 1.10 0.95 0.81 0.68 0.59 0.58 0.61 0.64 0.74 0.77 0.73 0.68 0.68 0.70 0.77 0.90 1.08 1.29 1.38 1.40 1.38 1.46 1.60 1.73 1.78 1.71 1.57 1.44 1.38 1.36 1.33 1.33 1.42 1.54 1.66 1.72 1.78 1.79 1.73 1.68 1.66 1.62 1.57 1.50 1.44 1.44 1.50 1.57 1.69 1.82 1.94 2.00 1.94 1.80 1.64 1.57 1.62 1.78 1.91 2.03 2.13 2.19 2.21 2.22 2.19 2.13 2.05 1.96 1.88 1.83 1.78 1.72 1.67 1.59 1.47
1.50 1.47 1.42 1.35 1.31 1.29 1.28 1.24 1.21 1.16 1.05 0.94 0.83 0.71 0.63 0.61 0.78 0.82 1.00 1.02 0.90 0.76 0.71 0.77 0.92 1.15 1.33 1.37 1.33 1.24 1.22 1.29 1.45 1.57 1.57 1.46 1.30 1.20 1.19 1.27 1.37 1.51 1.60 1.69 1.74 1.82 1.86 1.85 1.82 1.76 1.62 1.53 1.49 1.47 1.49 1.53 1.60 1.72 1.81 1.84 1.78 1.63 1.49 1.42 1.43 1.51 1.60 1.70 1.79 1.87 1.89 1.86 1.79 1.75 1.74 1.69 1.58 1.48 1.46 1.49 1.49 1.48 1.44 1.39
1.54 1.54 1.53 1.50 1.44 1.39 1.33 1.27 1.29 1.32 1.31 1.27 1.19 1.07 0.94 0.84 0.85 0.96 1.14 1.29 1.24 1.11 1.02 1.03 1.13 1.29 1.42 1.45 1.41 1.27 1.17 1.11 1.16 1.28 1.39 1.44 1.42 1.41 1.43 1.48 1.58 1.66 1.65 1.63 1.64 1.69 1.74 1.79 1.80 1.75 1.62 1.53 1.49 1.49 1.52 1.54 1.58 1.67 1.74 1.69 1.58 1.45 1.38 1.34 1.34 1.38 1.42 1.48 1.56 1.61 1.62 1.59 1.49 1.40 1.38 1.41 1.35 1.21 1.12 1.16 1.22 1.19 1.16 1.13
1.54 1.55 1.56 1.54 1.51 1.46 1.40 1.39 1.46 1.55 1.61 1.60 1.50 1.37 1.22 1.09 1.03 1.07 1.17 1.38 1.47 1.47 1.41 1.36 1.38 1.47 1.57 1.61 1.61 1.48 1.35 1.22 1.15 1.21 1.32 1.47 1.63 1.74 1.78 1.76 1.74 1.70 1.63 1.57 1.56 1.57 1.60 1.62 1.68 1.70 1.67 1.59 1.54 1.49 1.53 1.57 1.61 1.68 1.69 1.58 1.45 1.36 1.32 1.27 1.25 1.29 1.34 1.39 1.42 1.44 1.44 1.43 1.38 1.26 1.14 1.15 1.16 1.06 0.94 0.90 0.91 0.87 0.83 0.78
1.55 1.56 1.57 1.54 1.51 1.48 1.47 1.53 1.67 1.74 1.83 1.84 1.78 1.67 1.53 1.36 1.23 1.19 1.24 1.38 1.54 1.65 1.63 1.58 1.59 1.69 1.74 1.74 1.73 1.69 1.61 1.51 1.43 1.42 1.45 1.55 1.70 1.78 1.80 1.75 1.68 1.64 1.58 1.52 1.48 1.42 1.41 1.41 1.46 1.53 1.59 1.58 1.56 1.51 1.57 1.62 1.67 1.68 1.58 1.43 1.33 1.28 1.25 1.25 1.29 1.36 1.37 1.34 1.29 1.28 1.28 1.29 1.30 1.24 1.09 1.01 1.02 0.98 0.83 0.70 0.64 0.94 0.62 0.61
1.56 1.56 1.56 1.51 1.47 1.45 1.46 1.50 1.57 1.67 1.79 1.87 1.91 1.90 1.82 1.68 1.51 1.37 1.35 1.40 1.49 1.63 1.70 1.72 1.76 1.82 1.81 1.73 1.69 1.72 1.75 1.75 1.72 1.63 1.57 1.59 1.61 1.60 1.59 1.59 1.59 1.58 1.55 1.48 1.39 1.30 1.27 1.26 1.27 1.30 1.37 1.43 1.47 1.50 1.55 1.60 1.61 1.53 1.38 1.27 1.24 1.23 1.25 1.32 1.37 1.38 1.31 1.17 1.05 1.01 1.02 1.00 1.02 1.08 1.06 0.96 0.90 0.83 0.73 0.64 0.56 0.54 0.59 0.65
1.54 1.52 1.49 1.46 1.43 1.40 1.37 1.33 1.29 1.30 1.38 1.56 1.75 1.90 1.97 1.93 1.80 1.62 1.49 1.47 1.48 1.59 1.69 1.79 1.85 1.84 1.75 1.64 1.55 1.57 1.65 1.73 1.75 1.67 1.59 1.54 1.51 1.51 1.55 1.59 1.59 1.58 1.55 1.50 1.44 1.37 1.32 1.24 1.14 1.07 1.08 1.17 1.30 1.34 1.45 1.49 1.43 1.28 1.16 1.12 1.10 1.08 1.15 1.23 1.24 1.20 1.13 1.00 0.83 0.70 0.65 0.65 0.71 0.80 0.86 0.84 0.79 0.88 0.74 0.71 0.69 0.71 0.78 0.88
1.52 1.49 1.44 1.44 1.42 1.37 1.33 1.26 1.13 1.01 0.98 1.09 1.33 1.62 1.85 1.96 1.95 1.84 1.69 1.61 1.60 1.63 1.69 1.80 1.85 1.81 1.70 1.55 1.41 1.33 1.33 1.39 1.49 1.54 1.54 1.51 1.49 1.54 1.60 1.63 1.62 1.58 1.56 1.55 1.52 1.43 1.31 1.13 1.00 0.96 1.02 1.15 1.30 1.37 1.31 1.32 1.18 1.03 0.93 0.89 0.86 0.83 0.84 0.90 0.96 1.02 1.09 1.06 0.94 0.81 0.74 0.72 0.72 0.72 0.75 0.78 0.82 0.83 0.86 0.90 0.94 1.00 1.09 1.19
1.52 1.49 1.45 1.44 1.42 1.38 1.36 1.34 1.25 1.11 0.97 0.94 1.05 1.26 1.54 1.75 1.87 1.91 1.86 1.79 1.79 1.80 1.84 1.89 1.89 1.83 1.71 1.55 1.38 1.26 1.19 1.19 1.25 1.34 1.42 1.46 1.48 1.51 1.55 1.61 1.59 1.54 1.51 1.50 1.47 1.32 1.19 1.11 1.14 1.24 1.35 1.44 1.48 1.42 1.24 1.23 1.14 1.06 0.98 0.91 0.87 0.84 0.84 0.88 1.03 1.22 1.38 1.42 1.35 1.26 1.20 1.13 1.00 0.90 0.85 0.87 0.93 0.99 1.05 1.14 1.25 1.38 1.50 1.65
1.53 1.49 1.46 1.45 1.42 1.41 1.42 1.47 1.50 1.46 1.34 1.21 1.17 1.23 1.36 1.57 1.75 1.92 1.97 1.97 2.00 2.00 2.00 1.98 1.92 1.85 1.79 1.69 1.55 1.48 1.44 1.40 1.33 1.29 1.34 1.39 1.43 1.48 1.51 1.50 1.46 1.42 1.41 1.42 1.42 1.39 1.42 1.53 1.65 1.72 1.73 1.69 1.59 1.44 1.37 1.40 1.42 1.43 1.39 1.33 1.30 1.31 1.36 1.45 1.58 1.67 1.70 1.69 1.61 1.52 1.41 1.27 1.11 1.02 1.00 1.03 1.09 1.17 1.30 1.51 1.76 1.97 2.11 2.23
1.53 1.49 1.46 1.45 1.45 1.46 1.49 1.56 1.67 1.74 1.72 1.66 1.58 1.50 1.48 1.57 1.73 1.94 2.09 2.15 2.20 2.16 2.07 1.97 1.89 1.85 1.87 1.86 1.79 1.72 1.68 1.66 1.59 1.53 1.50 1.47 1.47 1.48 1.46 1.40 1.37 1.41 1.45 1.49 1.53 1.60 1.70 1.81 1.85 1.83 1.79 1.73 1.63 1.52 1.50 1.57 1.61 1.65 1.68 1.71 1.73 1.76 1.81 1.84 1.82 1.76 1.68 1.64 1.57 1.45 1.30 1.16 1.07 1.05 1.08 1.18 1.30 1.43 1.65 1.97 2.27 2.47 2.54 2.53
1.53 1.50 1.47 1.48 1.49 1.50 1.50 1.57 1.73 1.89 1.99 2.04 2.01 1.91 1.80 1.77 1.84 2.01 2.16 2.22 2.25 2.19 2.05 1.90 1.79 1.78 1.86 1.92 1.90 1.82 1.75 1.71 1.67 1.64 1.58 1.53 1.50 1.48 1.44 1.43 1.48 1.53 1.55 1.57 1.59 1.59 1.60 1.59 1.54 1.49 1.48 1.51 1.56 1.57 1.54 1.55 1.57 1.62 1.68 1.75 1.81 1.86 1.86 1.80 1.65 1.47 1.38 1.41 1.42 1.32 1.20 1.13 1.09 1.11 1.20 1.34 1.50 1.68 1.95 2.22 2.39 2.46 2.44 2.35
1.54 1.52 1.50 1.51 1.53 1.53 1.53 1.63 1.83 1.99 2.08 2.10 2.09 2.07 2.01 2.00 2.05 2.13 2.16 2.13 2.11 2.05 1.95 1.82 1.71 1.67 1.70 1.81 1.87 1.83 1.74 1.65 1.53 1.44 1.40 1.40 1.43 1.45 1.46 1.44 1.44 1.46 1.49 1.52 1.52 1.45 1.35 1.24 1.21 1.19 1.20 1.29 1.40 1.46 1.47 1.48 1.51 1.52 1.55 1.60 1.68 1.73 1.68 1.49 1.28 1.14 1.11 1.21 1.33 1.33 1.25 1.21 1.21 1.28 1.41 1.59 1.78 1.98 2.15 2.21 2.09 1.87 1.71 1.68
