project/data/elevation/US_DEM2016/US_DEM2016_point_10-31-2019_0854_30m_vel.asc
ncols	125
nrows	167
xllcorner	-2042055.000000
yllcorner	1465035.000000
cellsize	30.000000
NODATA_value	-9999.000000
[rows 76 to 113 of 167, columns 0 to 83 of 125]
7.21 7.12 7.09 7.21 7.41 7.73 8.28 8.83 9.02 8.78 8.40 8.22 8.50 9.14 9.70 10.21 10.58 10.50 10.09 9.62 9.31 9.01 8.70 8.35 8.02 7.74 7.50 7.61 7.95 8.13 8.02 7.72 7.12 6.63 6.53 6.62 6.67 6.54 6.27 5.99 5.85 6.03 6.41 6.56 6.56 6.42 6.28 6.03 5.84 5.84 5.87 5.86 5.83 5.95 6.24 6.51 6.72 6.75 6.81 6.95 7.03 6.73 5.95 5.18 4.76 4.68 4.92 5.28 5.85 6.35 6.59 6.84 7.45 8.31 9.20 10.17 11.12 11.70 11.51 10.61 8.98 6.83 5.73 5.50
7.27 7.18 7.22 7.35 7.60 8.13 8.50 8.46 7.90 7.09 6.63 6.82 7.51 8.47 9.32 9.94 9.92 9.97 9.42 8.85 8.46 8.27 8.17 8.10 7.95 7.72 7.40 7.35 7.58 7.95 8.20 8.19 7.88 7.65 7.51 7.33 6.99 6.51 6.15 6.03 6.13 6.31 6.41 6.29 6.21 6.15 6.12 5.95 5.75 5.65 5.61 5.56 5.51 5.73 6.14 6.54 6.81 6.95 7.05 7.07 6.75 6.04 5.43 5.30 5.52 5.88 6.13 6.43 7.03 7.92 8.51 9.15 10.10 11.06 11.80 12.34 12.56 12.20 11.13 10.32 9.08 7.37 6.10 5.44
7.18 6.92 6.89 7.07 7.24 7.48 7.44 7.05 6.59 6.39 6.54 7.02 7.81 8.75 9.48 9.87 9.83 9.43 8.88 8.37 8.00 7.79 7.71 7.69 7.61 7.40 7.12 7.05 7.19 7.55 8.04 8.38 8.41 8.26 8.05 7.71 7.18 6.61 6.34 6.26 6.18 5.99 5.77 5.59 5.49 5.32 5.01 4.70 4.59 4.58 4.66 4.87 5.28 5.82 6.32 6.72 7.07 7.21 7.13 6.80 6.26 5.71 5.60 5.99 6.67 7.16 7.61 8.30 9.25 9.86 10.33 10.91 11.67 12.12 11.99 12.42 11.83 11.01 10.28 9.97 9.72 9.00 7.98 7.03
6.99 6.56 6.44 6.67 6.70 6.66 6.64 6.71 6.95 7.31 7.70 8.21 8.97 9.68 10.03 9.96 9.57 9.03 8.52 8.08 7.70 7.42 7.26 7.23 7.16 6.91 6.60 6.47 6.42 6.64 7.02 7.63 7.98 7.98 7.78 7.48 7.06 6.59 6.23 5.86 5.47 5.14 4.98 5.06 5.03 4.80 4.42 4.21 4.36 4.69 5.11 5.65 6.25 6.68 6.86 6.90 6.88 6.62 6.11 5.52 5.20 5.30 5.73 6.52 7.43 8.30 9.30 10.18 10.57 10.73 10.78 10.97 10.84 11.43 11.14 10.67 9.59 9.13 8.81 9.07 9.51 9.64 9.28 8.58
6.77 6.40 6.37 6.75 6.87 6.85 6.99 7.34 7.86 8.27 8.73 9.35 10.03 10.31 10.17 9.63 8.95 8.36 7.90 7.54 7.23 7.02 6.87 6.78 6.73 6.52 6.11 5.63 5.20 5.23 5.43 5.97 6.66 7.11 7.20 7.09 6.89 6.68 6.36 5.98 5.68 5.56 5.60 5.78 5.76 5.56 5.28 5.26 5.51 6.00 6.56 7.00 7.26 7.32 7.08 6.84 6.49 6.01 5.50 5.18 5.20 5.58 6.25 7.22 8.26 9.38 10.26 10.49 10.28 10.00 9.83 9.75 9.62 9.19 8.88 8.75 8.52 8.17 7.86 7.79 8.24 9.01 9.36 9.17
6.65 6.49 6.62 7.11 7.41 7.50 7.61 7.93 8.38 8.84 9.41 9.96 10.27 10.11 9.54 8.79 8.07 7.41 6.96 6.65 6.47 6.44 6.47 6.42 6.41 6.29 5.82 4.89 4.16 3.94 3.92 4.21 4.92 5.85 6.42 6.76 6.89 7.08 7.07 7.04 7.09 7.20 7.35 7.34 7.21 7.00 6.77 6.77 7.00 7.14 7.18 7.15 7.11 7.01 6.93 6.89 6.86 6.92 6.94 6.89 6.92 7.14 7.60 8.37 9.18 9.82 9.83 9.21 8.79 8.76 8.75 8.64 8.42 7.94 7.79 7.86 7.98 7.98 7.71 7.27 7.20 7.68 8.51 8.90
6.86 6.85 6.92 7.10 7.35 7.60 7.87 8.24 8.72 9.22 9.68 9.92 9.77 9.23 8.52 7.92 7.37 6.79 6.26 5.96 5.88 5.83 5.78 5.89 6.03 6.07 5.80 5.02 3.94 3.46 3.35 3.62 4.11 4.75 5.61 6.35 6.78 7.17 7.43 7.74 8.08 8.33 8.39 8.22 8.04 7.89 7.74 7.66 7.63 7.38 7.04 6.93 7.05 7.17 7.14 7.18 7.36 7.71 7.96 8.12 8.26 8.47 8.81 9.19 9.55 9.46 8.78 8.14 8.02 8.22 8.28 8.13 7.72 7.46 7.37 7.46 7.65 7.85 7.68 7.43 7.01 6.90 7.30 8.06
7.15 7.20 7.15 7.00 7.09 7.46 7.92 8.43 8.94 9.32 9.52 9.42 9.00 8.38 7.81 7.36 6.94 6.48 6.00 5.64 5.42 5.22 5.07 5.17 5.50 5.81 5.94 5.74 5.07 4.58 4.49 4.70 4.76 4.90 5.33 5.99 6.45 6.84 7.29 7.82 8.19 8.27 8.16 7.93 7.84 7.89 7.88 7.78 7.69 7.54 7.52 7.66 7.74 7.66 7.40 7.35 7.42 7.57 7.87 8.24 8.62 8.91 9.16 9.24 9.13 8.69 8.17 8.09 8.22 8.25 8.10 7.73 7.16 6.66 6.39 6.56 6.87 7.12 7.26 7.25 6.97 6.55 6.36 7.00
7.18 7.25 7.27 7.20 7.30 7.62 8.09 8.61 8.98 9.13 9.07 8.78 8.29 7.76 7.29 6.88 6.50 6.13 5.73 5.33 4.94 4.67 4.59 4.78 5.26 5.84 6.34 6.74 7.01 7.04 6.91 6.59 6.23 5.97 5.90 6.10 6.54 7.07 7.62 7.92 7.81 7.53 7.39 7.46 7.55 7.73 7.88 8.02 8.25 8.47 8.45 8.31 8.05 7.77 7.48 7.43 7.49 7.67 8.06 8.41 8.73 8.91 8.93 8.76 8.44 8.09 7.94 8.16 8.25 8.12 7.81 7.10 6.44 5.63 5.03 5.01 5.35 5.72 6.09 6.40 6.49 6.26 5.85 6.04
7.10 7.15 7.29 7.47 7.74 8.05 8.38 8.66 8.82 8.78 8.58 8.21 7.74 7.26 6.82 6.40 5.96 5.52 5.10 4.75 4.56 4.58 4.82 5.26 5.86 6.42 6.97 7.56 8.17 8.53 8.51 8.08 7.49 7.00 6.77 6.76 7.25 7.87 7.96 7.63 7.13 6.94 7.15 7.44 7.56 7.78 8.18 8.58 8.98 9.22 9.08 8.62 8.18 7.89 7.59 7.55 7.71 7.99 8.23 8.32 8.36 8.34 8.27 8.17 7.90 7.70 7.59 7.70 7.66 7.56 7.41 6.79 6.43 5.55 4.66 4.31 4.13 4.11 4.33 4.75 5.29 5.55 5.45 5.43
7.13 7.22 7.42 7.73 8.09 8.30 8.33 8.33 8.40 8.38 8.19 7.83 7.35 6.86 6.37 5.85 5.27 4.73 4.41 4.34 4.50 4.92 5.47 6.03 6.60 7.07 7.45 7.80 8.19 8.51 8.64 8.58 8.23 7.70 7.38 7.34 7.60 7.76 7.36 6.80 6.55 6.65 6.83 6.99 7.14 7.51 8.06 8.48 8.81 9.04 9.09 8.90 8.60 8.25 7.82 7.67 7.70 7.70 7.63 7.60 7.49 7.43 7.52 7.65 7.58 7.40 7.17 7.04 6.97 6.98 7.04 7.18 7.17 6.85 5.99 5.06 4.27 3.71 3.42 3.49 3.85 4.27 4.46 4.52
7.21 7.32 7.49 7.70 7.85 7.81 7.75 7.83 8.04 8.16 7.97 7.57 7.04 6.46 5.79 5.14 4.71 4.55 4.66 4.81 5.01 5.31 5.76 6.31 6.86 7.26 7.45 7.53 7.56 7.58 7.85 8.25 8.46 8.34 8.05 7.68 7.26 6.79 6.40 6.28 6.25 6.19 6.07 6.11 6.48 6.94 7.35 7.49 7.57 7.77 7.94 8.12 8.23 8.20 8.00 7.73 7.48 7.22 7.07 7.02 7.01 7.13 7.36 7.49 7.45 7.24 7.01 6.83 6.72 6.78 6.99 7.36 7.77 8.09 8.07 7.30 6.34 5.46 4.87 4.45 4.08 3.89 3.90 4.12
7.21 7.28 7.33 7.35 7.26 7.21 7.42 7.88 8.20 8.17 7.79 7.22 6.60 5.90 5.22 4.93 5.08 5.54 5.79 5.88 5.86 5.88 6.12 6.50 6.83 6.99 7.00 7.01 7.06 7.06 7.23 7.66 8.19 8.47 8.43 7.94 7.05 6.38 6.11 6.16 6.07 5.93 5.90 6.06 6.31 6.49 6.51 6.21 5.86 5.69 5.83 6.06 6.40 6.83 7.08 7.22 7.20 7.12 7.11 7.21 7.34 7.46 7.47 7.37 7.26 7.12 6.96 6.85 6.77 6.88 7.15 7.39 7.80 8.41 8.95 9.06 8.75 8.23 7.70 7.06 6.24 5.62 5.59 5.55
7.19 7.22 7.26 7.27 7.24 7.44 7.89 8.30 8.36 7.99 7.30 6.51 5.78 5.14 4.85 5.04 5.57 6.05 6.33 6.48 6.52 6.56 6.64 6.68 6.56 6.34 6.23 6.42 6.79 7.08 7.20 7.30 7.52 7.90 8.11 7.95 7.25 6.69 6.37 6.34 6.33 6.42 6.50 6.52 6.45 6.30 6.02 5.43 4.73 4.42 4.40 4.50 4.76 5.32 6.02 6.62 6.99 7.18 7.35 7.55 7.66 7.51 7.24 7.01 6.94 6.89 6.79 6.77 6.82 6.94 7.08 7.15 7.33 7.75 8.31 8.92 9.27 9.36 9.29 9.05 8.64 8.23 7.91 7.57
7.23 7.26 7.35 7.49 7.67 8.00 8.33 8.36 7.98 7.22 6.30 5.30 4.51 4.12 4.08 4.31 4.65 5.06 5.64 6.15 6.55 6.78 6.75 6.40 5.91 5.59 5.61 5.91 6.24 6.48 6.64 6.66 6.74 7.08 7.55 7.81 7.51 7.09 6.78 6.79 6.87 6.97 6.99 6.98 6.88 6.67 6.39 5.95 5.43 5.04 4.95 5.17 5.69 6.30 6.78 7.03 7.16 7.26 7.37 7.43 7.34 7.04 6.77 6.64 6.63 6.58 6.44 6.50 6.63 6.69 6.69 6.71 6.61 6.51 6.69 7.18 7.89 8.42 8.84 9.18 9.31 9.25 9.12 8.83
7.27 7.30 7.42 7.63 7.92 8.21 8.24 7.84 7.04 5.98 4.98 4.18 3.71 3.49 3.36 3.29 3.43 3.81 4.37 5.07 5.67 6.08 6.10 5.85 5.60 5.51 5.53 5.56 5.46 5.34 5.41 5.55 5.79 6.26 6.93 7.49 7.54 7.21 6.97 7.06 7.14 7.21 7.32 7.58 7.65 7.58 7.43 7.27 7.21 7.11 6.92 7.19 7.68 7.99 7.98 7.61 7.30 7.15 7.03 6.86 6.65 6.44 6.29 6.27 6.29 6.18 6.05 6.15 6.25 6.24 6.21 6.17 5.93 5.56 5.43 5.65 6.14 6.61 7.10 7.68 8.21 8.49 8.55 8.64
7.30 7.34 7.46 7.71 8.01 8.08 7.70 6.90 5.86 4.88 4.17 3.80 3.69 3.69 3.64 3.48 3.44 3.58 3.86 4.29 4.73 5.05 5.29 5.57 5.85 5.99 5.98 5.79 5.56 5.46 5.46 5.54 5.76 6.04 6.41 6.92 7.23 7.15 7.06 7.20 7.32 7.49 7.77 8.21 8.37 8.36 8.27 8.22 8.34 8.55 8.66 8.64 8.49 8.12 7.65 7.33 7.12 6.88 6.57 6.21 5.89 5.76 5.76 5.85 5.99 6.04 6.03 6.08 6.06 6.00 5.94 5.89 5.69 5.29 4.96 4.84 5.09 5.33 5.49 5.78 6.26 6.71 6.85 6.93
7.32 7.37 7.51 7.74 7.82 7.48 6.70 5.73 4.83 4.23 3.94 3.90 4.02 4.27 4.49 4.60 4.57 4.55 4.69 4.99 5.30 5.54 5.77 6.06 6.25 6.43 6.73 7.00 7.16 7.22 7.17 7.14 7.14 7.03 6.63 6.60 6.93 7.16 7.38 7.60 7.78 8.04 8.37 8.68 8.65 8.54 8.46 8.46 8.61 8.87 9.02 8.91 8.45 7.72 7.20 7.14 7.05 6.77 6.33 5.87 5.52 5.42 5.60 5.88 6.19 6.40 6.48 6.40 6.16 6.01 5.92 5.90 5.76 5.31 4.66 4.09 3.98 4.04 4.01 4.15 4.56 5.07 5.19 5.13
7.33 7.36 7.43 7.40 7.01 6.22 5.24 4.47 4.00 3.82 3.91 4.18 4.50 4.85 5.31 5.84 6.25 6.50 6.78 7.10 7.34 7.41 7.31 7.02 6.73 6.76 7.25 7.76 8.07 8.11 8.01 7.87 7.67 7.35 6.78 6.62 6.91 7.37 7.83 8.14 8.33 8.51 8.63 8.64 8.39 8.21 8.24 8.39 8.59 8.78 8.71 8.61 8.53 8.40 8.09 7.68 7.27 6.91 6.60 6.33 6.17 6.12 6.24 6.46 6.66 6.72 6.66 6.53 6.29 6.23 6.24 6.18 5.90 5.23 4.26 3.37 2.99 2.83 2.79 2.94 3.20 3.57 3.91 4.10
7.31 7.32 7.21 6.80 6.00 5.06 4.29 3.83 3.71 3.87 4.27 4.78 5.30 5.83 6.44 7.17 7.78 8.34 8.78 8.95 8.81 8.45 7.90 7.38 7.04 7.03 7.27 7.32 7.14 6.99 6.79 6.63 6.54 6.43 6.44 6.73 7.16 7.64 8.13 8.39 8.46 8.42 8.23 7.96 7.77 7.67 7.80 8.04 8.33 8.55 8.49 8.40 8.45 8.53 8.43 7.95 7.43 7.05 6.83 6.75 6.77 6.87 6.92 6.99 6.99 6.83 6.58 6.48 6.52 6.80 6.90 6.69 6.25 5.41 4.26 3.41 2.97 2.65 2.49 2.57 2.73 2.87 3.15 3.53
7.34 7.30 7.02 6.47 5.84 5.28 4.84 4.57 4.52 4.75 5.15 5.66 6.29 6.99 7.71 8.33 8.88 9.28 9.37 9.10 8.51 7.81 7.28 7.10 7.20 7.37 7.33 6.89 6.31 6.01 5.89 5.91 6.10 6.20 6.43 6.90 7.39 7.79 8.10 8.23 8.18 7.95 7.58 7.22 7.07 7.06 7.13 7.34 7.55 7.57 7.58 7.64 7.70 7.68 7.56 7.42 7.18 6.91 6.69 6.57 6.64 6.92 7.15 7.31 7.27 7.09 6.86 6.79 6.92 7.19 7.24 6.97 6.68 6.20 5.25 4.44 3.84 3.31 3.13 3.20 3.25 3.22 3.32 3.78
7.29 7.20 6.86 6.54 6.33 6.11 5.93 5.89 6.04 6.18 6.35 6.71 7.33 8.09 8.77 9.19 9.33 9.14 8.59 7.79 7.00 6.49 6.41 6.66 7.09 7.59 7.75 7.61 7.39 7.30 7.29 7.30 7.22 7.03 6.95 7.15 7.43 7.70 7.84 7.85 7.61 7.22 6.87 6.66 6.54 6.53 6.62 6.67 6.46 6.02 5.81 5.96 6.22 6.32 6.39 6.55 6.66 6.64 6.56 6.54 6.67 6.97 7.18 7.23 7.13 7.02 6.96 6.97 6.96 6.99 6.95 6.77 6.94 7.07 6.69 5.88 5.12 4.44 4.47 4.64 4.62 4.50 4.64 5.34
7.14 6.97 6.73 6.66 6.69 6.75 6.85 7.11 7.46 7.70 7.83 8.05 8.53 9.08 9.36 9.32 8.91 8.20 7.34 6.57 6.09 5.93 6.08 6.45 6.97 7.73 8.20 8.54 8.71 8.75 8.69 8.50 8.18 7.78 7.43 7.34 7.39 7.51 7.55 7.34 6.89 6.47 6.33 6.38 6.44 6.56 6.68 6.60 6.04 5.34 4.93 4.83 4.76 4.96 5.44 6.00 6.43 6.62 6.65 6.70 6.87 7.07 7.05 6.89 6.70 6.62 6.59 6.57 6.48 6.47 6.44 6.52 7.11 7.77 7.99 7.68 7.03 6.45 6.62 6.77 6.69 6.61 6.82 7.28
7.03 6.89 6.74 6.82 7.12 7.54 8.00 8.40 8.71 8.92 9.05 9.17 9.33 9.38 9.14 8.59 7.85 7.06 6.39 6.01 6.09 6.36 6.69 6.99 7.43 7.94 8.17 8.26 8.37 8.42 8.37 8.26 8.12 7.93 7.56 7.36 7.31 7.23 7.00 6.65 6.37 6.41 6.58 6.74 6.87 7.05 7.13 7.08 6.78 6.38 5.99 5.58 5.09 5.20 5.73 6.26 6.65 6.89 7.02 7.10 7.13 7.16 7.04 6.87 6.71 6.57 6.41 6.32 6.31 6.42 6.50 6.72 7.32 8.00 8.58 8.86 8.89 8.77 8.83 8.88 8.77 8.60 8.50 8.29
7.04 6.96 6.85 7.00 7.45 8.03 8.53 8.88 9.07 9.18 9.26 9.31 9.22 8.87 8.24 7.46 6.70 6.08 5.66 5.64 6.15 6.75 7.19 7.48 7.77 7.91 7.65 7.25 7.06 7.03 7.10 7.33 7.58 7.69 7.48 7.26 7.06 6.76 6.42 6.29 6.58 7.09 7.31 7.36 7.37 7.44 7.45 7.46 7.44 7.55 7.55 7.33 6.95 6.71 6.73 6.76 6.88 7.12 7.39 7.54 7.54 7.52 7.40 7.27 7.12 6.95 6.81 6.85 7.03 7.07 7.03 7.07 7.32 7.65 8.20 8.90 9.45 9.74 9.82 9.73 9.42 9.07 8.65 8.00
7.01 6.95 6.86 7.00 7.31 7.70 7.95 8.09 8.18 8.28 8.43 8.50 8.33 7.87 7.20 6.43 5.74 5.38 5.34 5.61 6.16 6.65 7.06 7.30 7.41 7.26 6.78 6.28 5.89 5.70 5.86 6.25 6.68 6.98 7.13 7.09 6.88 6.66 6.64 6.96 7.46 7.70 7.70 7.63 7.57 7.54 7.48 7.37 7.41 7.62 7.84 7.98 7.94 7.64 7.13 6.81 6.89 7.19 7.48 7.70 7.85 7.97 7.92 7.79 7.62 7.46 7.40 7.47 7.56 7.40 7.23 7.18 7.17 7.28 7.65 8.22 8.76 9.12 9.27 9.26 9.01 8.57 7.96 7.19
6.98 6.95 6.93 7.00 7.04 7.04 6.98 6.90 6.92 7.11 7.35 7.40 7.13 6.59 5.91 5.34 5.22 5.51 6.08 6.61 6.85 7.00 7.13 7.19 7.06 6.58 5.84 5.24 4.80 4.60 4.70 4.96 5.28 5.72 6.16 6.50 6.77 7.04 7.37 7.69 7.81 7.74 7.57 7.49 7.47 7.42 7.30 7.07 6.90 6.81 6.90 7.21 7.49 7.42 6.98 6.74 6.86 7.16 7.46 7.75 8.07 8.31 8.30 8.18 8.00 7.80 7.60 7.43 7.24 6.93 6.87 6.94 7.01 7.12 7.34 7.53 7.66 7.74 7.93 8.30 8.52 8.42 8.06 7.68
7.16 7.27 7.41 7.30 7.05 6.74 6.47 6.28 6.29 6.50 6.61 6.36 5.77 5.05 4.46 4.47 5.20 6.26 7.10 7.54 7.73 7.75 7.67 7.55 7.34 6.94 6.13 5.22 4.61 4.38 4.30 4.37 4.60 4.94 5.39 5.99 6.64 7.12 7.33 7.31 7.18 7.11 7.08 7.11 7.17 7.17 7.05 6.73 6.25 5.86 5.74 5.87 6.17 6.50 6.57 6.61 6.75 7.01 7.33 7.68 8.06 8.34 8.35 8.24 8.08 7.87 7.58 7.24 6.92 6.61 6.55 6.65 6.80 6.88 6.94 7.11 7.06 6.89 6.79 7.12 7.67 8.13 8.44 8.63
7.47 7.67 7.79 7.58 7.21 6.81 6.48 6.29 6.20 6.04 5.60 4.90 4.16 3.59 3.38 3.69 4.66 5.91 6.85 7.50 7.87 8.02 7.98 7.92 7.90 7.77 7.35 6.62 6.06 5.90 5.88 5.78 5.85 5.96 6.15 6.48 6.82 6.97 6.89 6.71 6.52 6.48 6.65 6.83 7.00 7.04 6.92 6.57 6.07 5.67 5.41 5.09 4.89 5.06 5.46 5.98 6.46 6.83 7.16 7.53 7.89 8.07 8.05 7.92 7.86 7.84 7.73 7.48 7.18 6.81 6.57 6.54 6.61 6.70 6.88 7.08 7.02 6.75 6.33 6.13 6.32 6.78 7.32 7.85
7.47 7.52 7.50 7.34 7.09 6.76 6.43 6.14 5.73 5.05 4.11 3.41 3.15 3.19 3.38 3.74 4.31 5.01 5.79 6.58 7.07 7.36 7.63 7.95 7.93 8.26 8.30 8.33 8.29 8.27 8.21 8.13 8.02 7.77 7.56 7.39 7.19 7.03 6.87 6.68 6.49 6.44 6.69 6.91 7.05 7.06 6.99 6.83 6.57 6.22 5.75 5.00 4.29 4.24 4.80 5.65 6.41 6.91 7.25 7.57 7.75 7.70 7.59 7.60 7.69 7.85 7.95 7.83 7.54 7.10 6.79 6.69 6.67 6.70 6.77 6.82 6.91 6.81 6.43 5.92 5.46 5.21 5.29 5.66
7.19 7.01 6.88 6.87 6.74 6.47 6.08 5.55 4.91 4.24 3.76 3.58 3.77 4.26 5.11 5.88 5.90 5.75 5.78 5.91 6.15 6.55 7.20 7.84 8.10 8.22 8.50 8.91 9.24 9.41 9.35 9.21 8.98 8.58 8.16 7.76 7.38 7.12 6.90 6.70 6.66 6.81 7.05 7.12 7.07 7.00 7.02 7.08 7.01 6.62 5.93 5.14 4.80 5.09 5.74 6.32 6.74 7.06 7.37 7.55 7.45 7.27 7.29 7.52 7.73 7.87 8.01 8.05 7.92 7.64 7.30 7.12 6.94 6.67 6.36 6.27 6.54 6.74 6.59 6.15 5.52 5.03 4.87 5.00
7.01 6.80 6.61 6.61 6.54 6.35 6.01 5.53 5.05 4.81 4.98 5.43 6.01 6.88 7.92 8.66 8.92 8.43 7.63 7.15 7.03 7.27 7.80 8.08 8.04 7.95 8.00 8.20 8.48 8.75 8.86 8.84 8.75 8.52 8.24 7.89 7.52 7.19 6.84 6.65 6.84 7.23 7.42 7.23 6.95 6.81 6.88 7.09 7.18 6.95 6.48 6.16 6.25 6.67 6.92 6.89 6.82 6.99 7.24 7.28 7.13 7.07 7.23 7.44 7.58 7.63 7.70 7.85 8.00 8.04 7.80 7.48 7.14 6.72 6.31 6.14 6.34 6.64 6.69 6.53 6.36 6.34 6.37 6.22
7.03 6.87 6.70 6.68 6.69 6.73 6.75 6.67 6.57 6.68 7.20 7.96 8.85 9.64 10.16 10.40 10.55 10.38 9.98 9.57 9.25 9.08 8.92 8.55 8.15 7.83 7.61 7.44 7.28 7.24 7.39 7.57 7.66 7.73 7.77 7.78 7.66 7.34 6.98 6.85 7.04 7.18 7.07 6.81 6.63 6.66 6.88 7.20 7.54 7.76 7.76 7.66 7.66 7.67 7.38 6.93 6.85 7.05 7.17 7.13 7.08 7.11 7.13 7.11 7.11 7.07 7.05 7.24 7.55 7.79 7.78 7.57 7.24 6.88 6.57 6.42 6.48 6.68 6.80 6.83 6.96 7.17 7.29 7.24
7.14 7.09 7.00 6.96 7.03 7.22 7.48 7.77 8.14 8.64 9.28 9.98 10.49 10.67 10.54 10.27 10.05 10.13 10.22 10.14 9.95 9.65 9.23 8.64 8.10 7.76 7.57 7.41 7.10 6.71 6.45 6.42 6.47 6.63 6.89 7.20 7.37 7.29 7.09 6.89 6.67 6.34 6.04 6.05 6.40 6.78 7.14 7.50 7.93 8.43 8.73 8.73 8.59 8.37 7.99 7.60 7.53 7.53 7.41 7.25 7.16 7.03 6.88 6.80 6.78 6.68 6.57 6.66 6.92 7.22 7.43 7.43 7.22 6.96 6.76 6.66 6.62 6.68 6.79 6.84 6.88 6.96 7.05 7.13
7.29 7.33 7.29 7.25 7.32 7.48 7.75 8.19 8.91 9.64 10.17 10.37 10.22 9.80 9.26 8.76 8.46 8.52 8.62 8.74 8.81 8.78 8.60 8.26 7.91 7.65 7.51 7.49 7.40 7.21 6.94 6.73 6.72 6.79 6.83 6.87 6.92 6.99 6.92 6.64 6.21 5.87 5.88 6.27 6.83 7.23 7.52 7.75 8.05 8.49 8.87 9.03 9.05 9.01 8.95 8.76 8.54 8.20 7.77 7.42 7.14 6.89 6.76 6.72 6.63 6.47 6.35 6.40 6.63 6.91 7.13 7.18 7.09 6.95 6.83 6.75 6.68 6.71 6.81 6.82 6.80 6.85 6.89 6.92
7.33 7.33 7.33 7.39 7.54 7.77 8.13 8.64 9.28 9.69 9.75 9.46 8.93 8.33 7.82 7.46 7.23 7.15 7.12 7.27 7.53 7.70 7.85 7.85 7.76 7.59 7.40 7.25 7.19 7.32 7.49 7.61 7.67 7.62 7.42 7.12 6.90 6.87 6.81 6.68 6.57 6.60 6.80 7.18 7.54 7.75 7.85 7.90 7.96 8.13 8.40 8.67 8.91 9.15 9.35 9.35 9.05 8.59 8.03 7.51 7.14 6.93 6.80 6.62 6.37 6.24 6.31 6.48 6.69 6.85 6.91 6.94 6.94 6.90 6.80 6.69 6.64 6.70 6.82 6.85 6.86 6.93 6.96 6.98
7.19 7.12 7.17 7.40 7.67 8.05 8.55 8.99 9.20 9.04 8.61 8.15 7.70 7.28 6.89 6.53 6.26 6.18 6.31 6.57 6.86 7.18 7.42 7.47 7.51 7.63 7.53 7.31 7.10 7.08 7.16 7.26 7.33 7.39 7.38 7.28 7.11 7.01 6.98 7.08 7.23 7.35 7.49 7.78 8.01 8.07 7.99 7.82 7.68 7.70 7.77 7.93 8.13 8.39 8.68 8.82 8.70 8.38 7.94 7.53 7.22 6.96 6.67 6.35 6.15 6.21 6.43 6.65 6.78 6.74 6.65 6.69 6.76 6.75 6.65 6.51 6.40 6.42 6.56 6.68 6.73 6.77 6.76 6.81
7.07 7.00 7.07 7.30 7.58 7.99 8.42 8.54 8.32 7.83 7.28 6.76 6.37 6.05 5.71 5.47 5.51 5.77 6.09 6.42 6.84 7.28 7.33 7.18 7.40 7.78 7.90 7.84 7.64 7.31 6.93 6.49 6.25 6.38 6.70 6.95 7.06 7.08 7.14 7.28 7.43 7.56 7.73 7.98 8.06 7.99 7.78 7.52 7.36 7.35 7.33 7.28 7.23 7.21 7.21 7.36 7.50 7.53 7.52 7.43 7.24 6.91 6.54 6.28 6.26 6.41 6.62 6.77 6.75 6.56 6.43 6.42 6.46 6.50 6.50 6.39 6.24 6.14 6.23 6.41 6.45 6.34 6.21 6.19
