project/data/elevation/US_DEM2016/US_DEM2016_point_11-01-2019_1321_30m_vel.asc
ncols	125
nrows	167
xllcorner	-2042055.000000
yllcorner	1465035.000000
cellsize	30.000000
NODATA_value	-9999.000000
[rows 114 to 151 of 167, columns 0 to 83 of 125]
5.59 5.57 5.58 5.66 5.82 6.06 6.21 6.01 5.55 5.03 4.58 4.17 3.84 3.62 3.61 3.89 4.42 4.97 5.34 5.61 5.91 6.01 5.73 5.52 5.75 6.00 6.07 6.05 6.00 5.85 5.66 5.35 5.00 4.80 4.74 4.79 5.02 5.30 5.49 5.62 5.79 5.97 6.13 6.28 6.23 5.94 5.61 5.44 5.40 5.47 5.56 5.54 5.43 5.20 4.87 4.64 4.64 4.93 5.27 5.47 5.49 5.41 5.30 5.20 5.18 5.23 5.34 5.37 5.24 5.06 4.96 4.90 4.89 4.91 4.92 4.87 4.80 4.72 4.71 4.82 4.81 4.58 4.40 4.28
5.69 5.69 5.69 5.71 5.76 5.81 5.70 5.33 4.76 4.22 3.82 3.51 3.33 3.38 3.82 4.55 5.27 5.85 6.25 6.42 6.31 5.89 5.29 5.13 5.38 5.54 5.58 5.69 5.82 5.96 6.06 6.01 5.75 5.28 4.80 4.68 4.99 5.39 5.68 5.86 6.03 6.16 6.22 6.18 5.92 5.47 5.12 5.04 5.13 5.35 5.64 5.76 5.69 5.45 5.04 4.59 4.39 4.53 4.82 5.08 5.28 5.40 5.48 5.51 5.51 5.49 5.43 5.28 5.12 5.01 4.96 4.95 4.96 4.94 4.89 4.83 4.81 4.81 4.81 4.78 4.63 4.40 4.24 4.07
5.77 5.79 5.78 5.74 5.67 5.54 5.29 4.95 4.65 4.46 4.35 4.24 4.31 4.69 5.34 6.07 6.62 6.86 6.86 6.65 6.21 5.62 5.08 4.84 4.87 4.88 4.95 5.19 5.43 5.64 5.84 6.02 6.07 5.92 5.65 5.56 5.66 5.83 5.95 6.04 6.07 6.07 6.07 6.00 5.72 5.30 4.93 4.82 5.01 5.37 5.72 5.93 5.95 5.82 5.61 5.41 5.20 5.05 5.00 5.07 5.20 5.32 5.42 5.51 5.58 5.58 5.45 5.23 5.03 4.89 4.84 4.87 4.92 4.95 4.93 4.89 4.89 4.93 4.95 4.90 4.83 4.75 4.70 4.68
5.78 5.76 5.73 5.68 5.57 5.37 5.13 4.95 4.92 5.05 5.25 5.53 5.93 6.39 6.83 7.10 7.11 6.85 6.49 6.07 5.71 5.50 5.33 5.09 4.89 4.74 4.67 4.81 5.00 5.08 5.12 5.35 5.73 6.04 6.19 6.22 6.14 6.00 5.86 5.76 5.73 5.76 5.85 5.88 5.73 5.41 5.03 4.83 5.01 5.37 5.60 5.71 5.80 5.88 5.92 5.98 6.02 5.96 5.79 5.57 5.42 5.35 5.34 5.34 5.38 5.36 5.24 5.06 4.91 4.81 4.76 4.76 4.81 4.90 4.97 5.01 5.05 5.09 5.12 5.20 5.35 5.48 5.57 5.69
5.74 5.68 5.62 5.59 5.50 5.35 5.20 5.10 5.10 5.27 5.68 6.21 6.73 7.05 7.14 6.93 6.42 5.94 5.65 5.35 5.25 5.38 5.50 5.47 5.33 5.08 4.81 4.72 4.83 4.81 4.65 4.68 4.99 5.49 5.84 5.96 5.89 5.73 5.57 5.47 5.48 5.61 5.77 5.81 5.68 5.45 5.16 4.93 5.01 5.19 5.30 5.30 5.36 5.55 5.77 5.93 6.10 6.22 6.20 6.01 5.73 5.49 5.30 5.15 5.02 4.85 4.70 4.72 4.85 4.93 4.93 4.89 4.90 4.97 5.06 5.15 5.23 5.29 5.37 5.53 5.71 5.88 6.04 6.16
5.66 5.59 5.54 5.53 5.48 5.40 5.31 5.24 5.29 5.54 6.00 6.45 6.71 6.70 6.46 6.03 5.62 5.38 5.16 4.94 4.88 4.98 5.15 5.31 5.35 5.21 5.02 4.95 5.01 4.99 4.80 4.62 4.63 4.85 5.19 5.42 5.50 5.49 5.50 5.51 5.55 5.65 5.75 5.69 5.50 5.34 5.22 5.08 5.07 5.09 5.08 5.06 5.14 5.36 5.60 5.75 5.83 5.88 5.92 5.93 5.80 5.53 5.25 4.99 4.69 4.43 4.42 4.70 5.03 5.20 5.23 5.19 5.14 5.11 5.12 5.19 5.27 5.32 5.41 5.52 5.61 5.65 5.71 5.74
5.59 5.55 5.54 5.53 5.48 5.44 5.42 5.43 5.57 5.92 6.31 6.50 6.41 6.15 5.81 5.50 5.32 5.15 4.85 4.60 4.49 4.50 4.69 4.97 5.05 5.02 5.06 5.16 5.25 5.26 5.17 4.98 4.75 4.67 4.74 4.94 5.16 5.36 5.52 5.61 5.66 5.72 5.72 5.53 5.24 5.14 5.17 5.15 5.10 5.07 5.03 5.08 5.25 5.45 5.61 5.66 5.58 5.47 5.45 5.51 5.52 5.40 5.20 4.96 4.76 4.73 4.90 5.14 5.30 5.35 5.35 5.33 5.26 5.17 5.09 5.05 5.06 5.12 5.24 5.34 5.37 5.33 5.28 5.20
5.63 5.63 5.62 5.55 5.48 5.50 5.59 5.72 5.94 6.25 6.44 6.40 6.19 5.95 5.72 5.48 5.23 4.94 4.69 4.61 4.65 4.78 4.94 5.01 4.97 4.95 5.06 5.20 5.28 5.33 5.34 5.28 5.13 4.92 4.73 4.72 4.94 5.20 5.39 5.54 5.65 5.74 5.66 5.29 4.90 4.81 4.93 4.98 4.95 4.96 5.03 5.14 5.28 5.36 5.41 5.43 5.38 5.29 5.23 5.20 5.22 5.24 5.23 5.22 5.28 5.41 5.49 5.50 5.44 5.34 5.26 5.23 5.20 5.15 5.08 4.99 4.97 5.09 5.23 5.27 5.21 5.13 5.10 5.05
5.70 5.69 5.62 5.52 5.49 5.56 5.73 5.99 6.33 6.48 6.44 6.24 6.04 5.88 5.67 5.36 5.06 4.91 4.97 5.17 5.33 5.38 5.30 5.16 5.03 5.00 5.06 5.16 5.21 5.26 5.30 5.31 5.28 5.17 5.00 4.92 5.03 5.19 5.29 5.43 5.58 5.63 5.34 4.80 4.44 4.44 4.63 4.75 4.77 4.79 4.84 4.88 4.89 4.91 4.95 5.04 5.15 5.23 5.22 5.18 5.17 5.22 5.28 5.36 5.45 5.52 5.55 5.54 5.50 5.42 5.30 5.20 5.15 5.12 5.09 5.08 5.13 5.20 5.16 5.02 4.89 4.83 4.83 4.86
5.61 5.56 5.47 5.43 5.48 5.59 5.77 6.02 6.28 6.31 6.14 5.89 5.72 5.52 5.19 4.98 4.98 5.15 5.35 5.44 5.37 5.23 5.15 5.18 5.23 5.20 5.11 5.10 5.11 5.12 5.15 5.14 5.11 5.11 5.18 5.27 5.32 5.33 5.32 5.42 5.45 5.19 4.57 4.05 3.93 4.09 4.35 4.58 4.66 4.62 4.54 4.44 4.33 4.32 4.42 4.59 4.84 5.02 5.08 5.10 5.15 5.22 5.25 5.23 5.23 5.30 5.41 5.48 5.53 5.51 5.41 5.29 5.17 5.06 4.99 5.02 5.03 4.93 4.73 4.56 4.54 4.58 4.57 4.57
5.53 5.50 5.46 5.45 5.50 5.59 5.71 5.82 5.85 5.75 5.55 5.40 5.28 4.98 4.69 4.82 5.07 5.20 5.13 4.90 4.70 4.71 4.91 5.20 5.38 5.38 5.27 5.15 5.07 5.01 5.04 5.04 5.01 5.09 5.24 5.34 5.34 5.31 5.28 5.30 5.09 4.52 3.95 3.76 3.84 4.00 4.20 4.47 4.61 4.62 4.59 4.48 4.30 4.16 4.14 4.32 4.59 4.73 4.82 4.96 5.11 5.20 5.27 5.37 5.48 5.58 5.60 5.54 5.46 5.37 5.32 5.26 5.12 4.93 4.83 4.81 4.72 4.59 4.47 4.44 4.49 4.49 4.38 4.28
5.68 5.75 5.74 5.61 5.53 5.52 5.55 5.56 5.47 5.32 5.21 5.20 5.07 4.75 4.68 4.85 4.88 4.69 4.38 4.16 4.22 4.54 4.98 5.34 5.50 5.48 5.43 5.35 5.22 5.05 4.99 5.02 5.04 5.06 5.03 4.96 4.94 4.98 5.03 4.98 4.68 4.30 4.25 4.43 4.54 4.52 4.53 4.63 4.74 4.84 4.87 4.81 4.68 4.52 4.43 4.47 4.59 4.71 4.87 5.06 5.16 5.23 5.39 5.66 5.83 5.83 5.68 5.50 5.33 5.20 5.13 5.06 4.93 4.79 4.69 4.60 4.52 4.47 4.51 4.55 4.52 4.39 4.28 4.33
5.82 5.86 5.80 5.58 5.41 5.37 5.38 5.35 5.26 5.21 5.23 5.20 4.98 4.71 4.59 4.48 4.25 4.03 3.93 4.02 4.35 4.78 5.23 5.53 5.56 5.48 5.48 5.46 5.33 5.13 5.03 5.06 5.05 4.91 4.70 4.58 4.62 4.77 4.87 4.82 4.73 4.84 5.08 5.24 5.30 5.29 5.23 5.14 5.09 5.04 4.95 4.86 4.81 4.80 4.78 4.77 4.81 4.93 5.08 5.19 5.20 5.26 5.41 5.58 5.57 5.42 5.30 5.28 5.30 5.25 5.08 4.89 4.73 4.67 4.58 4.42 4.25 4.16 4.20 4.31 4.39 4.43 4.58 4.77
5.65 5.52 5.26 5.14 5.12 5.18 5.24 5.23 5.18 5.16 5.11 4.97 4.74 4.49 4.27 4.07 3.94 3.97 4.23 4.70 5.11 5.37 5.55 5.50 5.26 5.21 5.26 5.26 5.18 5.12 5.10 5.12 5.10 4.96 4.79 4.75 4.86 4.97 5.02 5.06 5.19 5.35 5.43 5.47 5.57 5.72 5.79 5.73 5.55 5.31 5.15 5.05 4.99 4.95 4.93 4.93 5.00 5.09 5.14 5.16 5.15 5.19 5.25 5.23 5.08 4.98 5.07 5.28 5.40 5.30 5.04 4.77 4.62 4.55 4.50 4.42 4.26 4.06 3.96 4.04 4.35 4.75 5.07 5.11
5.28 4.98 4.66 4.66 4.82 5.04 5.18 5.19 5.14 5.05 4.90 4.72 4.57 4.47 4.44 4.44 4.56 4.87 5.35 5.78 5.99 5.95 5.68 5.28 4.97 4.94 4.96 4.92 4.93 4.98 5.04 5.08 5.12 5.13 5.17 5.27 5.35 5.32 5.27 5.29 5.34 5.32 5.35 5.48 5.70 5.95 6.15 6.19 6.07 5.87 5.69 5.55 5.42 5.27 5.12 5.04 5.04 5.06 5.07 5.11 5.07 5.09 5.07 4.98 4.89 5.01 5.27 5.46 5.35 5.02 4.75 4.62 4.54 4.46 4.42 4.49 4.58 4.57 4.42 4.37 4.62 5.00 5.17 4.97
5.17 4.96 4.71 4.78 4.99 5.17 5.22 5.18 5.11 5.02 4.91 4.80 4.77 4.90 5.14 5.40 5.71 6.00 6.21 6.29 6.19 5.91 5.50 5.13 4.94 4.88 4.80 4.76 4.82 4.90 4.93 4.95 5.06 5.20 5.32 5.40 5.39 5.33 5.27 5.23 5.16 5.14 5.28 5.52 5.84 6.13 6.29 6.33 6.29 6.15 5.93 5.69 5.52 5.40 5.28 5.17 5.07 4.97 4.97 5.02 5.04 5.06 5.04 4.99 5.05 5.27 5.45 5.35 4.91 4.50 4.39 4.42 4.43 4.44 4.44 4.47 4.60 4.81 4.94 4.99 5.02 5.08 4.97 4.75
5.34 5.32 5.36 5.52 5.62 5.54 5.33 5.19 5.11 5.08 5.05 5.06 5.18 5.45 5.76 6.01 6.18 6.23 6.13 5.88 5.51 5.15 4.94 4.89 4.92 4.91 4.86 4.90 4.99 5.05 5.01 4.99 5.07 5.21 5.25 5.16 5.08 5.10 5.16 5.15 5.12 5.18 5.39 5.66 5.91 6.08 6.06 5.94 5.85 5.78 5.60 5.47 5.45 5.44 5.38 5.30 5.20 5.09 4.98 5.00 5.08 5.12 5.12 5.15 5.29 5.45 5.39 4.99 4.48 4.27 4.27 4.31 4.36 4.47 4.62 4.64 4.58 4.61 4.83 5.11 5.27 5.31 5.29 5.40
5.48 5.57 5.78 5.93 5.92 5.74 5.45 5.21 5.11 5.11 5.16 5.28 5.48 5.72 5.87 5.89 5.83 5.71 5.46 5.01 4.55 4.33 4.39 4.65 4.88 5.00 5.08 5.19 5.30 5.36 5.38 5.40 5.43 5.44 5.39 5.26 5.14 5.14 5.18 5.24 5.37 5.57 5.77 5.87 5.90 5.81 5.56 5.29 5.18 5.24 5.31 5.41 5.52 5.51 5.43 5.37 5.33 5.28 5.17 5.13 5.16 5.21 5.25 5.33 5.42 5.41 5.14 4.69 4.41 4.33 4.34 4.38 4.44 4.54 4.70 4.80 4.80 4.71 4.72 5.02 5.47 5.86 6.15 6.39
5.53 5.62 5.78 5.85 5.84 5.78 5.62 5.37 5.21 5.20 5.25 5.35 5.49 5.57 5.53 5.46 5.41 5.22 4.82 4.37 4.13 4.17 4.45 4.77 5.00 5.14 5.26 5.39 5.49 5.58 5.71 5.84 5.91 5.86 5.75 5.61 5.48 5.40 5.33 5.39 5.61 5.84 5.90 5.85 5.74 5.50 5.12 4.82 4.77 4.98 5.29 5.53 5.60 5.52 5.45 5.43 5.42 5.41 5.34 5.26 5.24 5.28 5.35 5.40 5.40 5.23 4.85 4.53 4.44 4.45 4.46 4.50 4.59 4.68 4.70 4.74 4.88 5.05 5.18 5.43 5.90 6.32 6.52 6.49
5.61 5.72 5.89 5.96 5.96 5.90 5.84 5.73 5.58 5.45 5.35 5.28 5.25 5.22 5.23 5.30 5.27 5.00 4.65 4.51 4.61 4.79 4.95 5.09 5.20 5.28 5.38 5.48 5.57 5.64 5.76 5.90 6.00 6.03 5.99 5.93 5.88 5.80 5.63 5.55 5.64 5.71 5.72 5.71 5.58 5.27 4.91 4.71 4.74 5.01 5.42 5.67 5.70 5.60 5.54 5.51 5.49 5.45 5.35 5.26 5.24 5.27 5.31 5.33 5.30 5.12 4.80 4.59 4.55 4.57 4.60 4.60 4.63 4.70 4.76 4.82 4.96 5.25 5.64 5.99 6.27 6.30 6.06 5.79
5.82 6.01 6.26 6.29 6.18 5.99 5.93 5.93 5.86 5.63 5.36 5.14 5.02 5.02 5.15 5.25 5.14 4.92 4.89 5.08 5.29 5.35 5.34 5.35 5.39 5.43 5.50 5.55 5.60 5.67 5.74 5.78 5.80 5.88 6.07 6.27 6.37 6.33 6.15 5.86 5.68 5.59 5.62 5.60 5.36 5.04 4.85 4.82 4.96 5.28 5.64 5.84 5.85 5.76 5.66 5.58 5.50 5.42 5.28 5.22 5.21 5.22 5.24 5.24 5.21 5.10 4.92 4.82 4.79 4.79 4.78 4.74 4.67 4.66 4.79 5.04 5.30 5.62 6.06 6.42 6.42 6.03 5.48 5.11
5.98 6.12 6.30 6.30 6.20 6.01 5.87 5.80 5.71 5.50 5.22 5.00 4.93 5.03 5.12 5.07 4.96 4.99 5.21 5.40 5.46 5.45 5.43 5.48 5.53 5.53 5.52 5.52 5.54 5.63 5.76 5.79 5.77 5.86 6.11 6.37 6.53 6.56 6.50 6.29 5.90 5.61 5.45 5.26 4.98 4.82 4.85 4.96 5.18 5.54 5.87 5.97 5.92 5.82 5.72 5.62 5.51 5.39 5.24 5.20 5.21 5.23 5.23 5.22 5.22 5.18 5.10 5.08 5.08 5.06 5.02 4.97 4.90 4.85 4.94 5.22 5.72 6.29 6.77 6.88 6.57 5.97 5.35 4.88
5.92 5.83 5.70 5.70 5.77 5.75 5.63 5.52 5.47 5.36 5.24 5.19 5.26 5.35 5.26 5.03 4.93 5.03 5.17 5.23 5.29 5.39 5.48 5.57 5.59 5.50 5.40 5.36 5.40 5.52 5.68 5.81 5.86 5.92 5.98 6.03 6.07 6.15 6.22 6.15 5.82 5.42 5.07 4.81 4.67 4.69 4.82 4.98 5.30 5.74 5.97 5.93 5.83 5.78 5.73 5.64 5.51 5.37 5.22 5.21 5.27 5.31 5.30 5.28 5.26 5.25 5.24 5.26 5.29 5.31 5.35 5.41 5.41 5.44 5.52 5.75 6.21 6.79 7.14 7.04 6.60 6.12 5.61 5.10
5.68 5.38 4.89 4.69 4.78 4.95 5.12 5.28 5.44 5.56 5.67 5.82 5.95 5.88 5.56 5.19 4.98 4.89 4.82 4.85 5.07 5.34 5.53 5.61 5.58 5.47 5.34 5.25 5.22 5.30 5.41 5.51 5.57 5.61 5.56 5.45 5.38 5.37 5.38 5.34 5.22 5.00 4.75 4.58 4.58 4.69 4.81 5.04 5.50 5.92 5.96 5.77 5.68 5.70 5.69 5.63 5.51 5.37 5.25 5.30 5.39 5.44 5.41 5.35 5.28 5.26 5.29 5.37 5.44 5.53 5.70 5.93 6.15 6.37 6.57 6.71 6.89 7.10 7.07 6.75 6.51 6.38 6.18 5.87
5.33 4.93 4.30 4.08 4.08 4.28 4.65 5.05 5.40 5.71 5.97 6.14 6.15 5.92 5.57 5.25 4.99 4.80 4.73 4.85 5.10 5.34 5.50 5.59 5.59 5.53 5.43 5.32 5.18 5.12 5.13 5.11 5.08 5.09 5.08 4.97 4.83 4.74 4.67 4.66 4.67 4.65 4.60 4.64 4.81 4.99 5.17 5.51 5.92 6.08 5.91 5.69 5.63 5.65 5.64 5.59 5.55 5.56 5.62 5.71 5.70 5.61 5.50 5.41 5.35 5.33 5.36 5.45 5.58 5.75 6.05 6.42 6.84 7.19 7.41 7.42 7.32 7.16 6.85 6.54 6.55 6.71 6.79 6.75
5.04 4.69 4.21 4.13 4.23 4.44 4.71 4.96 5.21 5.50 5.77 5.88 5.76 5.50 5.29 5.13 4.97 4.87 4.93 5.13 5.33 5.48 5.56 5.61 5.62 5.59 5.58 5.54 5.45 5.26 5.13 5.02 4.95 4.90 4.81 4.64 4.45 4.34 4.31 4.36 4.44 4.53 4.72 5.02 5.30 5.55 5.84 6.09 6.23 6.12 5.85 5.67 5.62 5.61 5.59 5.60 5.69 5.88 6.08 6.12 5.93 5.66 5.49 5.44 5.46 5.47 5.46 5.53 5.71 6.00 6.37 6.76 7.10 7.30 7.37 7.29 7.10 6.83 6.57 6.46 6.56 6.73 6.93 7.12
5.12 4.97 4.89 5.03 5.16 5.23 5.16 5.08 5.13 5.28 5.42 5.46 5.32 5.15 5.05 5.00 4.95 4.96 5.10 5.32 5.50 5.67 5.71 5.68 5.63 5.62 5.66 5.71 5.70 5.59 5.35 5.14 4.98 4.82 4.63 4.40 4.20 4.12 4.14 4.24 4.40 4.67 5.08 5.47 5.74 5.94 6.12 6.20 6.15 5.94 5.68 5.53 5.46 5.43 5.47 5.58 5.77 5.95 6.02 5.88 5.63 5.47 5.40 5.42 5.48 5.53 5.53 5.58 5.74 6.07 6.45 6.70 6.75 6.64 6.49 6.37 6.29 6.24 6.22 6.24 6.24 6.29 6.54 6.87
5.45 5.53 5.80 6.09 6.21 6.09 5.73 5.50 5.44 5.39 5.29 5.15 5.04 4.99 4.98 4.97 4.98 5.06 5.27 5.52 5.72 5.86 5.81 5.69 5.59 5.59 5.67 5.73 5.75 5.70 5.53 5.26 4.99 4.75 4.53 4.33 4.19 4.11 4.12 4.26 4.61 5.14 5.63 5.92 6.02 6.02 6.02 5.98 5.88 5.69 5.47 5.28 5.14 5.15 5.28 5.46 5.62 5.66 5.54 5.32 5.22 5.24 5.30 5.36 5.43 5.48 5.52 5.57 5.67 5.88 6.12 6.14 5.96 5.71 5.49 5.41 5.52 5.75 5.92 5.97 5.92 5.93 6.08 6.28
5.61 5.78 6.10 6.36 6.49 6.45 6.33 6.14 5.91 5.62 5.31 5.07 4.98 4.98 5.01 5.05 5.12 5.29 5.53 5.73 5.84 5.84 5.69 5.52 5.45 5.50 5.59 5.63 5.63 5.59 5.48 5.27 5.03 4.80 4.59 4.41 4.26 4.19 4.26 4.60 5.22 5.82 6.12 6.16 6.05 5.92 5.84 5.81 5.72 5.55 5.31 5.08 4.93 5.03 5.17 5.29 5.30 5.18 5.00 4.90 4.95 5.08 5.21 5.30 5.35 5.36 5.41 5.51 5.63 5.75 5.77 5.59 5.38 5.23 5.15 5.21 5.46 5.73 5.89 5.91 5.89 5.89 5.89 5.89
5.61 5.75 5.97 6.07 6.10 6.12 6.25 6.23 6.00 5.66 5.36 5.18 5.10 5.10 5.15 5.25 5.39 5.59 5.75 5.79 5.71 5.54 5.39 5.30 5.31 5.40 5.43 5.37 5.38 5.40 5.35 5.24 5.11 4.93 4.74 4.59 4.47 4.46 4.72 5.30 5.90 6.17 6.12 5.93 5.76 5.69 5.70 5.74 5.68 5.47 5.22 5.03 5.01 5.09 5.16 5.16 5.01 4.72 4.49 4.48 4.65 4.90 5.11 5.22 5.27 5.31 5.38 5.48 5.62 5.72 5.67 5.50 5.36 5.26 5.26 5.47 5.81 6.06 6.15 6.11 6.04 5.98 5.91 5.91
5.62 5.74 5.92 5.94 5.81 5.61 5.59 5.66 5.65 5.55 5.41 5.30 5.25 5.25 5.30 5.43 5.61 5.75 5.75 5.61 5.40 5.19 5.11 5.18 5.31 5.41 5.38 5.30 5.33 5.37 5.34 5.27 5.17 5.02 4.89 4.84 4.90 5.06 5.41 5.83 6.03 5.93 5.70 5.53 5.47 5.53 5.65 5.71 5.61 5.39 5.17 5.08 5.06 5.11 5.16 5.13 5.01 4.79 4.55 4.46 4.61 4.83 5.01 5.14 5.25 5.34 5.41 5.47 5.52 5.53 5.54 5.54 5.44 5.30 5.33 5.70 6.19 6.44 6.45 6.33 6.17 6.04 5.96 6.05
5.67 5.76 5.82 5.72 5.54 5.25 5.03 5.00 5.13 5.26 5.30 5.31 5.30 5.29 5.33 5.44 5.55 5.52 5.33 5.08 4.87 4.76 4.85 5.15 5.46 5.60 5.60 5.58 5.61 5.56 5.44 5.31 5.16 5.04 5.00 5.06 5.24 5.47 5.65 5.74 5.67 5.51 5.40 5.38 5.43 5.52 5.63 5.66 5.53 5.31 5.15 5.01 4.93 5.01 5.16 5.24 5.25 5.20 5.05 4.97 4.98 4.97 5.00 5.11 5.24 5.34 5.41 5.44 5.42 5.40 5.47 5.55 5.47 5.40 5.60 6.15 6.64 6.73 6.52 6.27 6.08 5.97 5.97 6.06
5.68 5.60 5.30 4.89 4.65 4.54 4.54 4.63 4.77 4.92 5.07 5.20 5.26 5.28 5.30 5.32 5.24 5.04 4.79 4.62 4.56 4.64 4.91 5.35 5.67 5.79 5.81 5.82 5.77 5.63 5.48 5.32 5.15 5.07 5.08 5.16 5.29 5.41 5.45 5.44 5.40 5.33 5.34 5.44 5.53 5.56 5.55 5.53 5.44 5.28 5.04 4.83 4.80 5.00 5.25 5.38 5.47 5.53 5.57 5.56 5.44 5.21 5.07 5.11 5.24 5.35 5.42 5.47 5.55 5.67 5.75 5.69 5.68 5.86 6.29 6.75 6.93 6.70 6.35 6.11 5.98 5.97 6.00 5.96
5.53 5.26 4.75 4.24 3.93 4.03 4.31 4.56 4.74 4.91 5.06 5.16 5.21 5.25 5.27 5.21 5.06 4.94 4.94 5.00 5.06 5.19 5.41 5.62 5.75 5.75 5.74 5.69 5.50 5.32 5.29 5.24 5.15 5.12 5.15 5.21 5.28 5.36 5.42 5.50 5.46 5.36 5.38 5.50 5.56 5.51 5.44 5.39 5.29 5.06 4.77 4.67 4.83 5.13 5.37 5.50 5.60 5.71 5.82 5.84 5.71 5.49 5.32 5.31 5.36 5.41 5.47 5.59 5.77 5.90 5.86 5.76 5.90 6.33 6.78 6.91 6.70 6.29 6.05 5.99 5.98 6.01 5.99 5.88
5.34 5.09 4.77 4.57 4.45 4.47 4.58 4.66 4.75 4.94 5.13 5.20 5.22 5.25 5.26 5.23 5.23 5.34 5.50 5.53 5.44 5.42 5.52 5.62 5.63 5.52 5.40 5.21 4.94 4.81 4.90 5.01 5.10 5.17 5.23 5.29 5.42 5.58 5.74 5.79 5.65 5.44 5.36 5.39 5.40 5.35 5.31 5.27 5.10 4.75 4.55 4.67 4.99 5.27 5.43 5.53 5.62 5.73 5.81 5.83 5.81 5.76 5.70 5.64 5.54 5.48 5.50 5.60 5.70 5.68 5.61 5.76 6.18 6.62 6.78 6.52 6.07 5.75 5.65 5.69 5.75 5.77 5.69 5.61
5.32 5.21 5.07 5.01 4.98 4.99 4.93 4.85 4.85 4.96 5.06 5.13 5.20 5.26 5.32 5.40 5.54 5.66 5.60 5.37 5.18 5.13 5.28 5.50 5.52 5.29 4.95 4.65 4.47 4.49 4.65 4.87 5.09 5.25 5.35 5.48 5.66 5.85 5.95 5.90 5.70 5.46 5.28 5.17 5.12 5.15 5.22 5.17 4.90 4.60 4.57 4.82 5.13 5.33 5.43 5.47 5.54 5.62 5.67 5.71 5.76 5.81 5.81 5.70 5.55 5.45 5.45 5.48 5.47 5.44 5.58 6.00 6.46 6.57 6.34 5.92 5.58 5.41 5.34 5.33 5.36 5.37 5.25 5.09
5.39 5.35 5.25 5.16 5.10 5.16 5.29 5.39 5.40 5.27 5.09 5.04 5.14 5.28 5.41 5.58 5.71 5.68 5.49 5.33 5.34 5.42 5.54 5.67 5.56 5.18 4.76 4.52 4.47 4.59 4.77 4.96 5.15 5.32 5.50 5.68 5.82 5.87 5.83 5.71 5.57 5.41 5.23 5.04 4.96 5.05 5.16 5.07 4.83 4.69 4.75 4.97 5.18 5.31 5.36 5.37 5.39 5.42 5.46 5.53 5.62 5.69 5.67 5.55 5.39 5.30 5.31 5.36 5.39 5.51 5.82 6.18 6.24 5.99 5.70 5.51 5.40 5.33 5.28 5.23 5.19 5.16 5.04 4.83
5.35 5.29 5.24 5.31 5.44 5.62 5.79 5.79 5.56 5.20 4.92 4.92 5.11 5.30 5.46 5.60 5.68 5.68 5.76 6.00 6.24 6.29 6.21 6.08 5.76 5.32 5.00 4.91 4.95 5.05 5.12 5.15 5.21 5.34 5.49 5.59 5.60 5.59 5.57 5.52 5.47 5.41 5.29 5.16 5.10 5.10 5.10 5.02 4.88 4.83 4.93 5.11 5.24 5.28 5.28 5.27 5.24 5.21 5.24 5.37 5.51 5.56 5.51 5.34 5.11 5.02 5.12 5.28 5.41 5.60 5.82 5.85 5.57 5.33 5.29 5.32 5.34 5.34 5.31 5.22 5.14 5.06 4.90 4.73
