project/data/elevation/US_DEM2016/US_DEM2016_point_10-30-2019_1942_30m_vel.asc
ncols	125
nrows	167
xllcorner	-2042055.000000
yllcorner	1465035.000000
cellsize	30.000000
NODATA_value	-9999.000000
[rows 111 to 147 of 167, columns 0 to 81 of 125]
9.49 9.52 9.57 9.70 9.96 10.31 10.80 11.42 12.12 12.48 12.39 11.90 11.16 10.37 9.74 9.37 9.15 9.05 9.04 9.24 9.54 9.70 9.87 10.03 10.15 10.02 9.71 9.48 9.46 9.68 9.95 10.14 10.26 10.21 9.95 9.55 9.28 9.25 9.16 8.94 8.78 8.86 9.11 9.55 9.93 10.15 10.29 10.44 10.57 10.78 11.12 11.50 11.91 12.32 12.63 12.55 12.02 11.33 10.51 9.73 9.15 8.79 8.57 8.34 8.13 8.13 8.26 8.40 8.57 8.78 8.97 9.08 9.08 8.99 8.81 8.61 8.55 8.72 9.00 9.10 9.04 9.03
9.27 9.21 9.30 9.62 10.03 10.57 11.20 11.64 11.73 11.35 10.72 10.13 9.59 9.07 8.61 8.29 8.05 7.98 8.16 8.48 8.78 9.09 9.34 9.58 9.87 10.10 10.00 9.74 9.45 9.33 9.33 9.41 9.52 9.66 9.75 9.69 9.50 9.37 9.35 9.47 9.65 9.78 9.93 10.22 10.41 10.45 10.40 10.28 10.14 10.14 10.20 10.38 10.67 11.06 11.48 11.68 11.51 11.04 10.42 9.78 9.26 8.86 8.44 8.08 7.97 8.18 8.47 8.66 8.72 8.68 8.66 8.75 8.82 8.78 8.59 8.36 8.22 8.31 8.62 8.86 8.85 8.76
9.15 9.07 9.16 9.46 9.84 10.37 10.84 10.85 10.42 9.73 9.03 8.43 7.98 7.62 7.31 7.17 7.35 7.71 8.10 8.49 8.95 9.32 9.32 9.29 9.71 10.23 10.43 10.46 10.30 9.86 9.26 8.56 8.12 8.24 8.71 9.13 9.33 9.37 9.48 9.69 9.88 10.01 10.18 10.37 10.32 10.17 10.02 9.84 9.71 9.71 9.68 9.59 9.52 9.47 9.40 9.61 9.83 9.86 9.80 9.64 9.34 8.90 8.43 8.14 8.19 8.44 8.69 8.80 8.72 8.53 8.40 8.40 8.45 8.47 8.43 8.27 8.08 8.01 8.21 8.50 8.48 8.19
9.23 9.20 9.25 9.38 9.59 9.90 9.97 9.48 8.69 7.89 7.19 6.55 6.10 5.88 6.05 6.62 7.49 8.38 9.05 9.52 9.80 9.67 9.19 9.07 9.53 9.99 10.26 10.48 10.59 10.47 10.21 9.64 8.78 8.15 8.00 8.21 8.67 9.16 9.49 9.70 9.94 10.21 10.37 10.31 9.90 9.35 9.12 9.14 9.22 9.39 9.58 9.56 9.41 9.03 8.37 7.89 7.87 8.29 8.79 9.10 9.16 9.04 8.87 8.74 8.71 8.76 8.84 8.80 8.60 8.44 8.36 8.32 8.34 8.38 8.36 8.26 8.16 8.08 8.13 8.25 8.10 7.58
9.41 9.43 9.47 9.45 9.43 9.34 8.98 8.31 7.53 6.84 6.28 5.87 5.61 5.79 6.62 7.84 8.97 9.86 10.49 10.70 10.33 9.53 8.54 8.22 8.58 8.91 9.23 9.67 10.03 10.33 10.68 10.82 10.44 9.45 8.42 8.16 8.69 9.39 9.85 10.10 10.29 10.42 10.40 10.14 9.54 8.76 8.33 8.41 8.69 9.10 9.64 9.94 10.03 9.83 9.14 8.16 7.57 7.61 7.97 8.39 8.76 9.00 9.16 9.23 9.23 9.14 8.94 8.69 8.47 8.35 8.35 8.41 8.48 8.46 8.35 8.25 8.25 8.30 8.36 8.34 8.05 7.55
9.53 9.59 9.59 9.47 9.23 8.84 8.30 7.81 7.60 7.59 7.59 7.49 7.65 8.30 9.31 10.39 11.14 11.40 11.25 10.78 10.08 9.36 8.53 7.77 7.57 7.60 8.04 8.74 9.23 9.51 9.91 10.51 10.92 10.79 10.17 9.81 9.87 10.12 10.25 10.28 10.22 10.13 10.03 9.84 9.46 8.83 8.18 8.03 8.39 8.96 9.52 10.01 10.37 10.53 10.39 9.96 9.34 8.77 8.46 8.48 8.68 8.85 8.98 9.11 9.22 9.18 8.96 8.68 8.41 8.17 8.10 8.20 8.35 8.44 8.43 8.39 8.42 8.53 8.65 8.76 8.72 8.44
9.50 9.49 9.45 9.32 9.06 8.65 8.23 8.03 8.20 8.63 9.13 9.71 10.41 11.11 11.63 11.83 11.68 11.18 10.53 9.85 9.41 9.37 9.26 8.57 7.77 7.41 7.49 8.04 8.49 8.55 8.52 8.97 9.92 10.76 11.07 10.96 10.63 10.26 9.94 9.69 9.53 9.51 9.56 9.58 9.54 9.26 8.57 8.06 8.24 8.71 9.05 9.38 9.88 10.40 10.75 10.91 10.88 10.61 10.09 9.52 9.18 8.96 8.81 8.72 8.72 8.71 8.60 8.45 8.31 8.14 8.02 8.02 8.15 8.35 8.51 8.61 8.70 8.80 8.95 9.26 9.61 9.79
9.37 9.27 9.18 9.13 8.99 8.78 8.58 8.49 8.53 8.85 9.58 10.53 11.36 11.75 11.70 11.18 10.29 9.56 9.14 8.78 8.72 9.05 9.44 9.37 8.84 8.23 7.85 7.85 8.22 8.24 7.79 7.65 8.23 9.38 10.21 10.42 10.16 9.75 9.42 9.20 9.13 9.23 9.35 9.36 9.36 9.37 8.99 8.28 8.10 8.22 8.35 8.52 8.94 9.58 10.19 10.56 10.82 10.97 10.88 10.44 9.82 9.25 8.77 8.39 8.08 7.87 7.77 7.95 8.24 8.42 8.42 8.34 8.34 8.47 8.65 8.82 8.97 9.08 9.26 9.55 9.90 10.23
9.21 9.10 9.01 9.02 9.00 8.95 8.89 8.82 8.87 9.21 9.91 10.59 10.87 10.69 10.19 9.53 8.98 8.61 8.30 8.07 8.02 8.18 8.56 8.92 8.92 8.59 8.26 8.20 8.51 8.73 8.40 7.73 7.51 7.89 8.72 9.30 9.45 9.38 9.34 9.30 9.27 9.28 9.22 9.06 9.00 9.18 9.19 8.70 8.19 7.99 7.90 8.03 8.42 9.03 9.66 10.05 10.16 10.19 10.29 10.30 9.98 9.39 8.79 8.24 7.70 7.38 7.49 7.98 8.50 8.84 8.97 8.93 8.82 8.74 8.73 8.81 8.90 9.00 9.13 9.28 9.43 9.55
9.12 9.04 9.00 9.02 9.00 9.03 9.12 9.18 9.36 9.81 10.29 10.42 10.12 9.60 9.06 8.68 8.51 8.28 7.94 7.66 7.49 7.46 7.71 8.13 8.30 8.25 8.29 8.47 8.77 9.11 9.17 8.66 7.90 7.54 7.71 8.29 8.80 9.11 9.34 9.45 9.43 9.35 9.14 8.82 8.67 8.82 9.07 8.90 8.37 7.98 7.81 7.96 8.39 8.91 9.42 9.74 9.71 9.48 9.39 9.50 9.51 9.24 8.85 8.44 8.14 8.13 8.41 8.71 8.89 9.00 9.09 9.14 9.06 8.88 8.67 8.52 8.48 8.57 8.72 8.84 8.92 8.91
9.19 9.16 9.10 9.03 8.99 9.10 9.34 9.61 9.94 10.30 10.38 10.11 9.68 9.30 8.98 8.72 8.42 8.11 7.95 7.95 8.01 8.10 8.20 8.22 8.16 8.14 8.29 8.48 8.66 8.98 9.29 9.27 8.84 8.24 7.84 7.91 8.36 8.80 9.09 9.27 9.34 9.31 9.02 8.58 8.26 8.26 8.55 8.60 8.21 7.83 7.72 7.87 8.17 8.46 8.79 9.19 9.38 9.26 9.04 8.96 9.01 9.03 9.00 9.00 9.09 9.25 9.32 9.25 9.10 8.97 8.92 8.94 8.96 8.88 8.69 8.48 8.38 8.49 8.63 8.64 8.60 8.57
9.29 9.23 9.08 8.96 8.97 9.11 9.40 9.86 10.41 10.54 10.27 9.81 9.44 9.15 8.90 8.59 8.30 8.24 8.50 8.87 9.07 9.04 8.84 8.59 8.40 8.29 8.27 8.32 8.42 8.70 9.05 9.24 9.16 8.88 8.53 8.38 8.52 8.74 8.85 9.00 9.08 8.95 8.48 7.93 7.58 7.59 7.94 8.17 7.98 7.59 7.33 7.24 7.28 7.46 7.79 8.30 8.83 9.10 9.07 8.97 8.95 9.00 9.08 9.16 9.20 9.24 9.23 9.20 9.20 9.18 9.06 8.92 8.88 8.84 8.72 8.62 8.59 8.58 8.42 8.23 8.10 8.02
9.14 9.01 8.81 8.78 8.90 9.09 9.32 9.66 10.02 10.03 9.72 9.30 8.93 8.56 8.20 8.08 8.27 8.61 8.89 8.96 8.81 8.60 8.53 8.67 8.81 8.74 8.40 8.18 8.18 8.39 8.70 8.86 8.81 8.76 8.85 8.97 9.01 8.92 8.99 8.83 8.66 8.09 7.33 6.88 6.77 6.94 7.40 7.84 7.86 7.45 6.96 6.56 6.31 6.38 6.76 7.34 8.05 8.58 8.79 8.85 8.90 8.99 9.02 8.92 8.79 8.82 8.94 9.05 9.18 9.31 9.31 9.14 8.94 8.73 8.52 8.43 8.29 8.04 7.72 7.58 7.62 7.60
9.09 8.98 8.85 8.83 8.91 9.03 9.12 9.16 9.09 8.90 8.70 8.55 8.26 7.81 7.57 7.89 8.28 8.43 8.22 7.81 7.56 7.68 8.07 8.56 8.96 9.12 8.89 8.46 8.21 8.18 8.47 8.69 8.67 8.65 8.75 8.88 8.90 8.81 8.62 8.49 7.99 7.19 6.70 6.68 6.79 6.92 7.19 7.66 7.85 7.69 7.37 6.98 6.55 6.28 6.33 6.80 7.46 7.98 8.31 8.57 8.79 8.96 9.09 9.21 9.29 9.34 9.28 9.12 9.00 9.00 9.12 9.12 8.89 8.51 8.23 8.03 7.77 7.53 7.43 7.52 7.64 7.56
9.38 9.47 9.41 9.14 8.93 8.84 8.80 8.67 8.42 8.18 8.40 8.19 7.99 7.59 7.56 7.75 7.69 7.43 7.08 6.81 6.93 7.45 8.09 8.59 8.94 9.20 9.26 9.00 8.61 8.31 8.40 8.70 8.76 8.57 8.31 8.13 8.13 8.19 8.18 7.96 7.52 7.24 7.51 7.96 8.17 8.05 7.96 8.06 8.20 8.20 8.04 7.79 7.49 7.17 6.98 7.07 7.38 7.88 8.33 8.65 8.83 8.97 9.21 9.58 9.72 9.62 9.32 9.02 8.81 8.72 8.75 8.79 8.64 8.34 8.05 7.75 7.49 7.38 7.48 7.68 7.77 7.61
9.51 9.59 9.50 9.07 8.71 8.54 8.47 8.34 8.16 8.09 8.14 8.10 7.85 7.54 7.30 7.00 6.66 6.53 6.61 6.84 7.32 7.88 8.40 8.73 8.88 8.99 9.13 9.14 8.89 8.54 8.45 8.70 8.80 8.46 7.91 7.61 7.67 7.90 8.04 7.97 7.95 8.34 8.89 9.24 9.41 9.43 9.32 9.13 8.93 8.69 8.35 7.99 7.80 7.74 7.66 7.59 7.68 8.12 8.57 8.80 8.78 8.85 9.03 9.16 9.03 8.79 8.63 8.64 8.77 8.85 8.75 8.59 8.40 8.21 7.98 7.64 7.24 6.93 6.90 7.18 7.59 7.83
9.09 8.90 8.53 8.31 8.19 8.23 8.27 8.20 8.09 8.01 8.25 7.59 7.46 7.29 6.96 6.61 6.53 6.77 7.32 8.08 8.66 8.92 8.88 8.62 8.35 8.36 8.54 8.67 8.63 8.50 8.49 8.71 8.91 8.77 8.33 8.08 8.18 8.36 8.47 8.57 8.80 9.08 9.24 9.37 9.63 9.98 10.22 10.21 9.94 9.46 8.97 8.55 8.21 8.02 7.94 7.88 7.96 8.22 8.53 8.68 8.60 8.60 8.59 8.44 8.21 8.15 8.31 8.60 8.87 8.98 8.84 8.52 8.28 8.10 7.96 7.82 7.55 7.10 6.72 6.78 7.43 8.19
8.56 8.05 7.54 7.54 7.75 8.03 8.20 8.17 8.01 8.45 7.47 7.25 7.33 7.53 7.60 7.66 7.93 8.45 9.15 9.75 9.99 9.78 9.16 8.43 7.96 7.90 8.00 8.07 8.15 8.22 8.31 8.54 8.92 9.14 9.11 9.04 9.03 8.94 8.86 8.85 8.85 8.81 8.93 9.24 9.70 10.17 10.59 10.85 10.87 10.59 10.11 9.64 9.17 8.73 8.38 8.16 8.04 8.05 8.24 8.49 8.45 8.42 8.33 8.15 8.08 8.31 8.63 8.81 8.73 8.57 8.42 8.29 8.17 8.03 7.91 7.98 8.15 8.16 7.84 7.58 7.82 8.34
8.71 8.27 7.79 7.87 8.12 8.29 8.30 8.21 8.04 8.45 7.66 7.65 7.90 8.36 8.86 9.32 9.80 10.16 10.31 10.27 9.98 9.49 8.91 8.42 8.07 7.94 7.89 7.93 8.05 8.14 8.18 8.30 8.71 9.14 9.30 9.23 9.06 8.88 8.75 8.63 8.49 8.51 8.83 9.28 9.81 10.27 10.56 10.75 10.95 10.95 10.59 10.02 9.50 9.12 8.82 8.54 8.23 7.96 8.01 8.29 8.44 8.45 8.41 8.37 8.46 8.71 8.80 8.55 8.09 7.78 7.77 7.89 7.99 8.05 8.02 7.94 8.03 8.39 8.69 8.70 8.58 8.49
9.19 9.07 8.99 9.18 9.26 9.00 8.56 8.30 8.22 8.16 8.12 8.23 8.58 9.12 9.63 10.01 10.21 10.16 9.89 9.39 8.76 8.21 8.03 8.08 8.09 8.08 8.13 8.30 8.49 8.56 8.47 8.45 8.71 9.09 9.19 8.88 8.56 8.46 8.53 8.57 8.59 8.76 9.12 9.49 9.79 9.94 9.91 9.85 9.96 10.16 10.07 9.75 9.48 9.30 9.11 8.88 8.62 8.37 8.17 8.29 8.53 8.63 8.66 8.71 8.82 8.87 8.60 8.07 7.60 7.47 7.59 7.79 7.95 8.12 8.34 8.30 8.05 7.94 8.27 8.76 9.03 9.12
9.39 9.47 9.65 9.80 9.77 9.47 8.94 8.49 8.34 8.37 8.43 8.57 8.87 9.25 9.50 9.52 9.34 9.07 8.68 8.07 7.44 7.12 7.24 7.66 7.99 8.21 8.44 8.72 8.95 9.11 9.18 9.24 9.37 9.53 9.58 9.31 8.85 8.60 8.61 8.82 9.14 9.50 9.74 9.74 9.59 9.28 8.89 8.68 8.83 9.27 9.60 9.68 9.66 9.52 9.29 9.08 8.93 8.82 8.63 8.57 8.67 8.79 8.90 8.98 8.96 8.70 8.23 7.76 7.62 7.69 7.88 8.06 8.18 8.23 8.37 8.54 8.55 8.30 8.14 8.47 9.21 9.96
9.40 9.50 9.63 9.64 9.59 9.61 9.43 8.98 8.65 8.59 8.60 8.60 8.67 8.74 8.73 8.70 8.61 8.29 7.78 7.31 7.06 7.11 7.46 7.87 8.15 8.35 8.58 8.83 9.06 9.30 9.61 9.90 10.08 10.18 10.25 10.14 9.72 9.25 8.94 9.07 9.47 9.80 9.80 9.57 9.20 8.71 8.20 7.98 8.22 8.85 9.49 9.80 9.81 9.63 9.42 9.25 9.13 9.08 8.95 8.80 8.78 8.88 9.00 9.03 8.91 8.52 7.97 7.68 7.76 7.98 8.17 8.29 8.39 8.43 8.34 8.35 8.63 8.97 9.09 9.26 9.78 10.35
9.48 9.69 9.94 9.95 9.87 9.81 9.84 9.73 9.40 9.07 8.77 8.48 8.23 8.09 8.17 8.37 8.38 8.08 7.78 7.77 8.01 8.25 8.37 8.45 8.51 8.56 8.67 8.84 9.06 9.28 9.51 9.77 10.02 10.27 10.54 10.72 10.63 10.23 9.64 9.34 9.41 9.44 9.39 9.28 8.94 8.47 8.09 7.97 8.20 8.78 9.48 9.92 10.04 9.91 9.69 9.48 9.28 9.15 8.96 8.80 8.74 8.77 8.83 8.85 8.78 8.52 8.15 7.99 8.08 8.29 8.45 8.46 8.42 8.44 8.48 8.52 8.70 9.17 9.82 10.28 10.39 10.13
9.68 10.05 10.55 10.59 10.34 9.96 9.91 10.01 9.90 9.41 8.83 8.37 8.02 7.90 8.06 8.22 8.17 8.13 8.33 8.73 9.07 9.13 9.02 8.93 8.89 8.86 8.88 8.95 9.10 9.29 9.40 9.44 9.53 9.88 10.46 11.05 11.39 11.32 10.81 10.03 9.54 9.26 9.21 9.06 8.69 8.33 8.18 8.26 8.53 9.02 9.58 10.05 10.33 10.28 10.01 9.68 9.39 9.14 8.89 8.79 8.73 9.01 8.64 8.65 8.68 8.61 8.52 8.56 8.66 8.76 8.82 8.77 8.59 8.41 8.52 8.88 9.27 9.72 10.42 10.93 10.74 9.93
9.65 9.92 10.35 10.51 10.40 10.00 9.72 9.64 9.56 9.23 8.74 8.36 8.16 8.12 8.08 7.93 7.92 8.26 8.76 9.09 9.19 9.16 9.11 9.12 9.13 9.06 8.96 8.91 8.97 9.18 9.38 9.42 9.44 9.71 10.24 10.83 11.31 11.60 11.55 10.99 10.04 9.31 8.82 8.43 8.13 8.07 8.23 8.46 8.78 9.24 9.69 10.08 10.38 10.44 10.23 9.87 9.50 9.20 8.92 8.85 8.87 8.85 8.75 8.69 8.72 8.80 8.87 9.00 9.15 9.24 9.25 9.23 9.11 8.91 8.84 9.14 9.87 10.76 11.42 11.52 11.11 10.34
9.30 9.19 9.07 9.26 9.51 9.52 9.27 9.08 9.09 9.07 8.97 8.89 8.90 8.82 8.46 8.00 7.91 8.20 8.48 8.62 8.77 8.96 9.10 9.20 9.20 9.07 8.85 8.67 8.67 8.87 9.11 9.34 9.51 9.65 9.76 9.94 10.23 10.62 10.93 10.82 10.03 9.02 8.18 7.71 7.66 7.87 8.16 8.42 8.85 9.37 9.69 9.87 10.09 10.28 10.27 10.02 9.65 9.29 8.98 8.94 9.05 9.09 9.00 8.87 8.81 8.90 9.06 9.23 9.41 9.58 9.78 9.98 10.06 10.05 10.00 10.15 10.69 11.42 11.76 11.57 11.26 10.98
8.86 8.42 7.68 7.38 7.59 7.98 8.29 8.58 8.97 9.38 9.70 9.94 10.02 9.77 9.14 8.46 8.08 7.92 7.83 7.93 8.33 8.80 9.08 9.20 9.21 9.13 8.90 8.60 8.39 8.42 8.52 8.69 8.87 8.99 8.90 8.82 8.89 9.08 9.28 9.32 9.04 8.46 7.87 7.55 7.65 7.92 8.15 8.49 9.07 9.51 9.58 9.58 9.74 9.99 10.14 10.06 9.78 9.47 9.18 9.16 9.26 9.30 9.23 9.07 8.90 8.91 9.12 9.37 9.60 9.87 10.28 10.78 11.25 11.64 11.90 11.98 11.97 11.89 11.55 11.15 11.19 11.54
8.52 7.91 6.89 6.43 6.40 6.77 7.42 8.10 8.75 9.42 9.97 10.22 10.14 9.77 9.23 8.67 8.20 7.88 7.79 8.01 8.39 8.75 8.95 9.11 9.22 9.29 9.22 8.92 8.46 8.18 8.07 7.98 7.95 8.00 8.01 7.91 7.84 7.86 7.91 8.03 8.12 8.08 7.94 7.93 8.19 8.52 8.83 9.27 9.67 9.70 9.53 9.48 9.60 9.80 9.97 10.04 9.99 9.94 9.92 9.91 9.79 9.59 9.39 9.24 9.13 9.12 9.24 9.49 9.80 10.17 10.74 11.42 12.15 12.74 13.06 13.00 12.61 11.98 11.28 10.97 11.29 11.94
8.50 7.91 7.02 6.76 6.86 7.18 7.62 8.00 8.36 8.84 9.33 9.51 9.30 8.97 8.74 8.53 8.29 8.14 8.22 8.51 8.79 8.99 9.05 9.11 9.21 9.35 9.49 9.48 9.18 8.64 8.23 7.94 7.77 7.64 7.50 7.32 7.14 7.11 7.26 7.53 7.79 8.00 8.25 8.64 9.06 9.45 9.87 10.13 10.08 9.76 9.49 9.47 9.58 9.70 9.83 9.99 10.19 10.42 10.60 10.54 10.15 9.66 9.36 9.30 9.37 9.44 9.45 9.58 9.92 10.46 11.10 11.69 12.15 12.41 12.48 12.30 11.88 11.32 10.87 10.83 11.15 11.68
9.03 8.70 8.39 8.50 8.66 8.70 8.54 8.34 8.31 8.43 8.60 8.67 8.52 8.36 8.32 8.35 8.35 8.37 8.52 8.82 9.08 9.30 9.29 9.21 9.18 9.28 9.50 9.70 9.72 9.40 8.81 8.31 7.93 7.55 7.22 6.98 6.82 6.82 7.07 7.43 7.80 8.24 8.78 9.31 9.68 9.95 10.14 10.10 9.82 9.47 9.28 9.28 9.35 9.42 9.55 9.76 10.03 10.24 10.26 9.97 9.56 9.28 9.16 9.20 9.33 9.47 9.53 9.60 9.85 10.37 10.91 11.18 11.13 10.90 10.66 10.50 10.37 10.28 10.26 10.34 10.41 10.67
9.60 9.66 9.92 10.28 10.48 10.29 9.67 9.21 8.95 8.70 8.37 8.10 8.03 8.09 8.22 8.36 8.47 8.58 8.82 9.14 9.39 9.53 9.39 9.19 9.08 9.12 9.31 9.55 9.70 9.61 9.22 8.64 8.08 7.57 7.17 6.99 6.98 7.03 7.20 7.55 8.13 8.90 9.56 9.90 9.99 9.93 9.82 9.60 9.30 9.06 8.95 8.90 8.88 8.98 9.17 9.36 9.51 9.53 9.33 8.96 8.80 8.84 8.95 9.06 9.13 9.24 9.37 9.50 9.64 9.87 10.09 9.97 9.62 9.27 9.05 9.04 9.26 9.58 9.76 9.81 9.80 9.91
9.64 9.88 10.26 10.52 10.74 10.84 10.75 10.38 9.87 9.22 8.56 8.10 7.97 8.12 8.37 8.60 8.79 8.99 9.25 9.42 9.47 9.37 9.10 8.89 8.83 8.89 9.04 9.21 9.31 9.31 9.16 8.78 8.32 7.86 7.51 7.35 7.35 7.40 7.57 8.08 8.97 9.78 10.16 10.16 9.94 9.68 9.50 9.30 9.04 8.84 8.72 8.62 8.54 8.74 8.95 9.04 8.93 8.71 8.46 8.29 8.32 8.52 8.74 8.85 8.87 8.92 9.09 9.33 9.54 9.63 9.49 9.12 8.81 8.68 8.68 8.87 9.29 9.66 9.79 9.76 9.79 9.86
9.44 9.63 9.88 9.91 9.92 10.05 10.41 10.45 10.06 9.43 8.84 8.47 8.33 8.42 8.68 8.96 9.22 9.43 9.52 9.39 9.10 8.78 8.61 8.58 8.65 8.73 8.77 8.75 8.82 8.95 8.96 8.80 8.57 8.27 8.02 7.90 7.92 8.01 8.33 9.06 9.78 10.05 9.91 9.63 9.43 9.33 9.30 9.22 9.01 8.77 8.64 8.58 8.64 8.78 8.88 8.89 8.64 8.16 7.77 7.70 7.86 8.19 8.47 8.58 8.61 8.74 8.95 9.21 9.44 9.56 9.44 9.20 9.03 8.95 8.98 9.29 9.81 10.20 10.32 10.23 10.12 10.04
9.33 9.49 9.73 9.73 9.46 9.05 9.01 9.22 9.34 9.23 8.97 8.75 8.66 8.71 8.89 9.15 9.40 9.48 9.31 8.93 8.53 8.24 8.21 8.43 8.68 8.82 8.83 8.76 8.85 8.99 9.02 8.92 8.73 8.53 8.43 8.48 8.68 8.95 9.30 9.65 9.71 9.43 9.11 8.94 8.95 9.10 9.25 9.22 8.98 8.73 8.61 8.64 8.68 8.74 8.83 8.93 8.90 8.60 8.16 7.89 7.90 8.08 8.26 8.41 8.55 8.75 8.97 9.15 9.22 9.21 9.28 9.38 9.29 9.12 9.12 9.54 10.22 10.66 10.78 10.67 10.39 10.15
9.33 9.41 9.47 9.37 9.08 8.47 7.98 7.92 8.23 8.55 8.67 8.69 8.71 8.76 8.84 8.97 9.04 8.89 8.49 8.08 7.78 7.67 7.86 8.34 8.83 9.12 9.26 9.30 9.37 9.37 9.26 9.04 8.79 8.64 8.65 8.83 9.14 9.44 9.52 9.33 8.98 8.72 8.68 8.79 8.94 9.08 9.17 9.14 8.92 8.68 8.58 8.52 8.44 8.53 8.80 9.10 9.39 9.50 9.27 8.98 8.70 8.39 8.30 8.40 8.58 8.77 8.99 9.13 9.12 9.09 9.23 9.44 9.42 9.37 9.60 10.21 10.76 10.88 10.78 10.62 10.35 10.14
9.30 9.16 8.67 8.00 7.61 7.37 7.25 7.30 7.54 7.87 8.21 8.48 8.62 8.69 8.74 8.70 8.50 8.17 7.85 7.64 7.59 7.70 8.06 8.60 8.98 9.24 9.46 9.57 9.53 9.39 9.29 9.12 8.89 8.76 8.78 8.92 9.10 9.22 9.14 8.89 8.64 8.53 8.68 8.95 9.10 9.07 8.97 8.85 8.75 8.63 8.45 8.26 8.25 8.50 8.88 9.23 9.61 9.96 10.10 10.02 9.65 9.00 8.55 8.50 8.63 8.83 9.05 9.26 9.44 9.63 9.73 9.69 9.76 10.10 10.67 11.10 11.13 10.77 10.49 10.41 10.27 10.17
9.05 8.77 8.14 7.21 6.53 6.57 6.92 7.25 7.53 7.88 8.24 8.47 8.56 8.64 8.70 8.63 8.44 8.35 8.46 8.59 8.64 8.73 8.90 8.98 8.97 8.97 9.11 9.17 8.93 8.73 8.84 8.96 8.93 8.88 8.91 9.00 9.09 9.19 9.24 9.20 8.95 8.70 8.73 8.94 9.03 8.93 8.73 8.55 8.41 8.27 8.10 8.08 8.29 8.66 8.98 9.25 9.58 9.96 10.26 10.35 10.19 9.72 9.15 8.93 8.94 9.01 9.15 9.38 9.67 9.84 9.80 9.73 10.02 10.66 11.19 11.15 10.72 10.18 9.97 10.13 10.24 10.17
