project/data/elevation/US_DEM2016/US_DEM2016_point_10-29-2019_1515_30m_ang.asc
ncols	125
nrows	167
xllcorner	-2042055.000000
yllcorner	1465035.000000
cellsize	30.000000
NODATA_value	-9999.000000
[rows 0 to 41 of 167, columns 0 to 93 of 125]
175 173 166 163 164 166 167 169 170 173 175 175 174 173 174 175 176 176 175 174 173 171 171 172 175 175 177 178 177 175 173 170 166 162 159 158 158 160 163 166 167 168 168 169 169 169 168 166 166 166 167 169 172 173 174 175 176 175 174 172 171 170 169 168 169 171 174 174 173 170 168 167 167 168 169 170 171 169 168 170 174 175 173 172 171 172 173 175 175 173 171 171 171 170
175 173 166 163 164 166 167 169 170 173 175 175 174 173 174 175 176 176 175 174 173 171 171 172 175 175 177 178 177 175 173 170 166 162 159 158 158 160 163 166 167 168 168 169 169 169 168 166 166 166 167 169 172 173 174 175 176 175 174 172 171 170 169 168 169 171 174 174 173 170 168 167 167 168 169 170 171 169 168 170 174 175 173 172 171 172 173 175 175 173 171 171 171 170
181 176 166 160 159 161 162 164 167 171 174 175 174 173 173 176 177 178 178 176 173 169 169 172 175 178 180 182 181 180 177 174 169 165 161 158 157 157 160 163 166 167 168 168 170 171 170 168 167 165 164 167 171 172 174 176 177 178 177 175 172 169 167 166 167 170 173 176 175 172 170 168 167 168 168 169 169 167 165 168 174 176 173 171 171 172 175 177 178 175 172 173 173 172
191 182 166 157 153 152 152 154 159 166 172 175 174 173 173 176 179 181 182 179 173 167 167 171 177 183 188 190 189 188 185 180 175 170 167 162 158 154 154 158 163 166 167 168 169 170 171 170 167 163 162 164 168 171 173 175 178 180 180 179 176 171 167 164 163 166 171 175 176 175 173 171 170 168 167 167 166 163 161 164 171 173 170 169 171 175 178 181 181 176 174 174 174 172
194 184 167 159 153 149 146 147 151 158 166 172 174 173 172 175 178 180 182 179 172 167 167 173 180 188 193 194 193 191 187 182 177 174 171 169 164 159 156 156 159 163 166 166 167 168 170 170 166 163 163 165 167 169 172 174 176 177 178 179 178 175 170 167 165 164 166 169 171 173 174 173 172 170 168 165 163 160 159 161 165 167 164 165 171 179 182 183 181 176 175 174 172 168
193 184 169 160 155 150 146 143 145 150 158 167 172 172 171 174 176 177 178 175 170 168 170 176 184 191 194 194 192 189 185 180 177 175 175 173 169 164 160 156 155 156 160 163 164 166 168 167 165 163 164 167 169 172 174 175 173 171 171 173 176 176 174 172 168 165 164 164 166 168 171 172 172 170 167 164 161 159 158 159 160 160 159 161 170 180 184 183 180 176 174 173 168 163
190 183 170 163 158 154 149 144 141 141 148 159 167 168 168 173 177 177 175 172 169 169 174 181 187 192 194 193 189 185 182 179 177 177 177 176 173 169 165 160 154 152 152 156 160 163 165 164 161 161 163 168 173 177 178 177 174 171 171 171 173 175 176 175 171 167 164 162 163 166 168 170 170 168 165 161 158 155 154 155 156 156 155 157 167 178 183 182 178 174 173 170 164 161
186 180 171 167 163 159 154 148 140 136 139 148 158 162 163 170 177 179 176 171 167 169 176 184 189 192 193 191 186 182 179 178 177 178 177 176 175 174 172 168 162 154 149 149 153 159 162 160 157 157 161 167 174 179 181 180 177 176 176 176 176 176 176 176 173 169 163 161 162 165 168 169 169 166 163 160 156 152 150 150 151 152 153 155 163 173 180 180 175 172 170 166 163 164
179 177 173 171 169 166 161 154 145 139 138 142 148 154 158 165 175 180 179 173 167 169 177 186 190 191 191 188 183 179 177 176 175 174 174 175 176 177 177 176 172 166 157 151 152 157 161 159 156 156 160 166 173 179 182 182 182 181 182 182 180 178 176 176 175 171 164 160 161 165 169 170 168 165 163 161 158 154 152 151 150 150 151 154 160 168 175 176 173 170 168 166 167 175
172 174 176 176 175 172 168 160 153 148 146 145 145 148 153 161 172 180 181 175 168 170 178 186 189 189 187 184 181 178 174 172 171 170 171 173 176 178 179 179 178 175 170 163 158 159 161 159 156 156 160 166 172 177 181 184 186 187 187 186 183 179 176 174 174 172 166 163 163 167 170 170 167 164 163 163 162 160 158 158 157 156 154 155 159 165 171 172 170 169 169 170 176 184
164 169 177 180 179 177 172 166 160 158 156 153 150 149 152 158 169 177 178 174 171 173 179 184 187 186 183 180 177 174 171 168 167 167 169 172 174 175 177 179 179 179 177 173 166 162 159 156 155 157 163 169 174 176 179 183 188 191 190 187 184 178 173 170 170 170 169 168 168 169 169 167 164 163 163 163 164 164 164 165 164 162 161 161 162 165 168 169 168 169 173 177 181 184
154 162 175 180 180 178 174 170 168 167 165 163 159 156 155 158 165 172 174 173 174 178 182 184 184 183 180 175 171 169 167 165 165 166 170 172 171 171 173 175 177 179 179 178 174 167 160 155 154 158 166 173 177 179 181 183 187 189 190 187 182 175 170 167 166 167 170 173 174 171 169 165 162 161 162 163 164 166 167 167 165 163 162 163 164 165 166 166 168 172 177 179 180 181
153 156 165 174 177 176 174 173 173 174 173 171 169 167 163 161 163 167 170 171 176 181 184 184 181 179 175 170 167 165 164 163 164 168 171 170 167 166 168 171 172 174 177 178 177 173 164 157 155 159 166 174 180 184 185 183 183 185 186 183 178 172 168 166 164 164 169 174 176 173 169 163 161 161 163 164 166 167 168 165 159 154 153 156 160 162 162 164 169 173 175 177 178 178
160 158 159 164 170 172 173 174 175 177 177 176 175 175 172 167 165 166 168 170 177 184 185 182 178 174 170 167 165 163 162 162 164 168 168 165 163 163 164 165 166 168 171 175 177 174 168 162 160 162 168 176 184 187 184 180 179 181 181 178 174 170 167 165 164 164 168 173 175 174 169 163 162 163 166 168 168 169 168 164 156 149 147 149 152 155 158 162 167 171 172 174 175 175
162 162 161 161 162 165 169 172 173 174 175 176 177 177 176 173 170 169 169 172 178 184 184 181 177 172 169 166 164 162 162 164 167 167 165 160 159 160 162 161 161 162 164 169 173 171 168 167 167 170 174 182 186 184 178 174 175 177 175 172 170 169 167 165 164 165 168 172 175 174 169 165 165 169 173 173 171 169 168 165 159 153 151 151 150 151 155 160 165 168 170 170 171 170
160 162 165 165 162 160 160 162 162 162 163 166 170 173 175 176 175 174 174 176 181 183 183 181 178 175 171 169 167 165 164 166 168 169 168 165 162 162 162 163 163 162 162 165 167 167 168 171 175 178 181 184 182 177 172 172 175 174 170 167 166 168 168 168 166 166 168 172 175 175 172 169 172 177 179 175 171 169 168 164 160 157 155 154 152 152 155 160 163 166 167 168 167 167
159 161 166 169 168 162 156 153 152 151 152 155 158 162 167 174 178 178 179 180 182 183 183 183 181 178 175 172 171 171 168 166 166 169 170 170 168 166 165 166 166 166 165 165 164 165 169 176 181 184 185 183 178 173 170 172 175 172 167 163 163 166 169 171 170 168 169 172 175 176 176 178 181 181 178 174 173 171 169 164 160 158 157 156 155 156 158 160 162 163 165 166 166 167
164 164 168 175 176 170 161 156 154 154 155 156 157 159 163 170 177 181 182 183 184 185 186 185 182 179 175 173 172 173 172 169 166 166 169 170 171 170 168 167 167 166 165 164 164 165 171 180 185 187 186 181 175 171 170 172 174 169 163 161 161 164 168 172 173 172 170 170 173 177 181 184 184 181 176 175 175 175 173 168 164 161 159 159 160 161 162 161 160 161 163 165 166 170
168 170 175 180 179 171 164 160 159 160 161 163 164 165 166 170 176 181 184 185 187 188 188 185 181 178 175 172 171 173 173 172 169 167 167 169 171 171 170 168 166 165 165 165 165 168 175 182 185 186 185 179 173 169 170 173 172 165 161 160 161 163 167 171 173 174 172 170 170 175 180 183 182 179 176 176 177 177 176 174 171 167 164 164 165 166 165 161 157 158 161 164 168 172
171 175 182 182 174 167 163 163 164 165 167 169 170 172 172 173 176 181 184 187 189 189 187 184 180 177 174 172 170 171 172 171 170 169 168 169 170 171 170 168 166 166 166 168 170 175 179 181 181 181 180 176 172 171 171 172 168 162 160 160 161 162 165 167 171 173 173 172 170 170 174 177 178 177 177 177 177 177 177 178 177 175 172 170 169 169 166 162 158 158 162 165 168 169
180 183 184 176 167 163 163 165 167 169 171 173 175 177 178 178 179 182 185 187 189 188 185 183 180 177 175 172 170 169 168 168 168 169 170 170 170 170 169 169 168 168 170 174 179 181 179 176 174 174 174 173 173 174 174 171 166 162 161 161 162 162 162 162 164 167 170 171 169 165 165 168 171 173 175 176 176 176 177 179 181 182 181 176 172 170 169 166 164 164 165 166 167 166
191 187 177 169 163 161 163 166 170 172 174 176 178 180 181 182 183 184 186 186 186 184 181 180 179 177 175 172 170 168 166 165 166 168 170 171 170 168 168 170 172 174 178 183 184 180 175 170 168 168 169 171 174 177 177 172 167 164 163 163 163 162 159 154 151 152 156 160 160 155 154 156 160 164 169 172 173 173 175 178 182 185 186 182 175 172 171 170 171 170 169 168 167 165
185 179 172 167 164 163 165 168 171 173 175 176 178 180 183 185 186 186 185 183 180 178 177 177 177 176 174 172 170 168 165 165 166 169 172 172 169 168 170 174 178 182 186 185 180 175 169 165 163 164 166 170 174 178 178 175 171 168 168 167 166 164 158 147 138 135 135 136 140 141 141 143 147 152 157 164 167 168 170 174 179 185 187 185 180 175 172 172 173 173 171 169 168 167
171 171 169 168 166 165 167 170 172 173 175 176 178 180 184 186 186 185 183 179 175 173 172 173 173 172 171 170 169 168 166 166 168 172 174 173 169 170 175 181 185 187 185 180 175 170 165 161 160 161 164 169 173 176 178 178 177 175 174 174 174 172 163 150 141 137 135 134 135 136 134 133 135 140 145 152 158 161 165 169 174 180 186 188 186 179 174 171 170 171 171 169 168 168
157 161 166 168 168 168 169 171 172 172 174 176 178 180 183 185 185 184 182 178 174 171 169 168 168 168 167 167 168 168 169 171 174 176 176 173 172 175 181 185 186 183 178 173 170 167 163 160 159 160 163 168 172 175 177 179 180 182 183 184 184 180 170 160 153 149 145 143 141 138 133 129 128 129 134 141 146 151 157 162 166 173 182 188 189 184 176 172 171 170 170 169 168 167
147 151 161 167 169 171 170 170 171 171 173 175 177 179 181 182 183 183 182 179 175 172 168 166 164 164 164 166 168 171 175 179 182 182 178 176 177 180 182 181 179 176 173 169 166 164 162 162 162 162 164 167 170 174 176 179 182 186 189 190 188 181 172 165 161 157 154 151 148 144 139 135 130 127 127 131 133 137 144 152 158 166 176 184 187 186 180 175 172 171 170 169 168 167
142 146 156 164 170 174 174 172 171 171 172 173 176 177 177 179 181 182 182 179 175 171 168 165 164 163 164 167 171 177 184 188 188 185 181 178 178 179 178 176 173 171 168 165 163 161 164 164 166 166 165 165 168 172 174 177 183 188 191 190 185 178 173 169 166 164 161 160 157 153 150 146 140 133 130 129 127 127 133 141 150 159 167 176 183 186 184 178 173 171 170 169 168 167
140 143 152 160 168 175 177 176 174 173 173 174 176 176 176 176 178 180 179 176 172 168 166 165 164 164 166 171 177 186 193 192 187 183 181 179 177 177 176 174 171 167 163 161 160 160 162 166 170 171 168 164 164 168 171 177 183 187 187 184 179 175 174 174 173 171 170 168 165 164 162 158 150 143 139 137 132 130 132 137 143 151 158 166 176 184 186 183 176 171 169 168 167 167
140 142 148 156 164 172 178 179 178 176 175 176 177 177 177 177 177 177 175 171 168 166 165 165 166 168 171 177 186 192 192 187 183 180 179 178 177 175 175 173 170 164 159 157 158 160 163 168 174 176 173 166 162 163 168 176 182 182 181 177 172 171 173 172 178 179 178 174 172 172 172 168 160 154 150 147 143 140 140 142 144 147 151 158 167 177 184 185 180 174 169 168 167 167
144 145 148 153 160 167 175 180 180 178 177 177 177 177 178 178 178 175 171 167 165 166 167 168 170 172 176 183 189 189 184 180 179 178 177 177 176 175 174 172 169 163 158 156 157 159 164 169 174 177 176 171 165 163 167 174 178 178 175 170 166 167 171 177 181 182 182 180 179 179 178 175 171 165 160 156 152 150 150 151 150 149 148 151 157 167 178 184 184 179 172 168 166 166
147 149 153 155 158 164 171 178 182 181 179 177 175 175 177 179 178 174 168 165 165 168 172 174 177 178 181 183 182 178 175 174 175 176 176 175 174 174 173 170 166 162 158 157 157 159 163 167 172 175 176 175 170 166 167 172 174 174 170 165 162 164 168 174 179 181 183 183 183 182 180 179 179 176 170 164 160 159 159 158 156 152 148 146 148 155 166 177 183 183 178 171 167 166
145 148 155 158 159 162 167 175 182 184 183 180 177 176 176 178 177 173 169 169 172 178 182 184 185 184 179 174 169 167 167 168 170 172 173 173 173 173 171 168 163 160 159 160 161 162 162 165 168 171 174 175 174 170 169 171 172 171 166 160 159 162 166 170 174 176 179 182 183 182 181 182 182 182 178 173 169 167 167 164 161 156 151 146 142 143 150 162 174 180 180 176 171 169
140 143 150 155 158 160 164 172 180 184 185 183 180 179 178 178 176 174 174 178 185 190 192 190 187 182 176 168 161 158 158 160 163 166 169 170 171 170 168 165 160 157 158 161 164 165 164 163 164 167 171 173 174 174 173 173 173 170 164 157 156 158 161 165 168 170 174 178 180 181 181 182 183 183 182 181 180 177 173 169 166 163 157 149 142 139 140 147 158 169 175 176 174 172
144 143 143 147 151 155 159 167 175 182 186 186 184 182 180 179 178 178 181 187 192 193 192 189 185 180 176 171 164 159 158 158 159 161 164 166 167 167 165 161 157 156 156 159 161 163 161 159 158 162 166 170 174 176 177 176 175 171 163 157 154 154 155 158 162 165 170 174 177 178 179 180 180 181 185 188 189 186 179 174 173 171 164 153 148 146 143 143 147 153 162 169 172 172
156 151 145 146 148 151 155 160 168 177 184 187 187 185 182 181 181 182 187 191 191 190 189 187 183 180 178 174 170 165 163 164 164 163 162 163 164 163 162 159 157 157 157 156 155 153 152 151 151 155 161 166 172 177 179 178 176 171 164 159 156 154 154 155 157 160 167 172 174 175 176 176 176 179 184 190 192 190 186 181 180 177 168 159 156 155 154 153 151 151 153 159 164 167
164 159 154 154 155 156 157 159 163 171 179 185 188 188 185 183 183 185 188 189 187 186 185 184 183 181 180 178 174 170 167 167 169 168 165 162 161 161 160 159 159 160 161 160 155 151 149 149 150 153 158 163 170 177 179 179 176 172 165 161 160 157 155 154 155 157 162 168 170 172 174 174 173 176 181 185 189 191 191 189 185 180 172 165 163 163 164 163 160 157 155 157 159 162
162 161 160 161 163 164 164 163 164 167 173 180 186 189 188 186 184 184 185 184 182 181 180 181 181 181 181 181 179 175 171 169 169 170 168 166 163 161 160 161 164 168 169 166 159 156 155 155 156 157 159 162 168 175 179 179 176 172 166 162 162 161 160 157 155 156 158 162 165 167 171 172 171 173 177 179 183 188 190 190 186 181 176 172 171 172 172 169 163 158 156 157 159 161
158 159 162 165 168 169 169 168 168 168 171 176 182 188 189 188 185 182 180 177 176 175 176 177 179 179 181 182 182 180 176 172 169 168 167 166 164 162 160 161 166 172 174 171 165 161 160 161 162 162 161 162 166 173 179 179 176 172 165 162 163 165 166 165 161 158 157 158 161 163 167 170 169 170 173 174 177 182 186 186 184 183 181 180 179 180 179 172 164 159 157 157 158 161
153 156 163 167 170 171 171 171 171 171 170 172 177 183 188 189 185 180 175 172 171 171 172 174 176 177 179 181 183 183 181 176 171 167 164 164 164 163 161 161 165 171 177 174 171 166 165 165 164 164 162 162 164 172 178 179 175 170 164 161 163 166 169 170 168 164 159 157 157 159 164 167 166 166 169 170 172 176 178 180 181 183 186 189 189 186 179 171 167 165 164 162 161 163
149 153 162 168 170 171 171 173 173 172 170 170 174 180 186 188 185 179 173 170 169 170 170 172 173 174 176 178 181 184 184 180 174 168 164 163 163 163 162 161 163 167 172 175 175 173 170 169 166 163 161 160 162 170 177 178 174 169 164 161 162 165 167 168 168 166 161 155 152 153 160 164 163 162 164 166 168 170 172 175 178 183 189 193 193 185 175 170 170 170 170 170 169 170
149 152 161 167 169 169 171 172 173 172 170 170 173 179 185 187 184 179 174 172 171 170 170 170 170 171 172 174 178 182 183 180 175 169 164 162 163 164 164 164 164 165 169 174 178 178 176 174 173 169 164 162 163 169 175 176 172 168 166 164 164 164 162 161 161 160 157 153 149 148 153 158 159 158 161 164 165 165 167 171 175 181 187 191 190 182 175 172 172 174 174 175 177 178
153 156 163 168 169 170 171 172 172 171 170 171 176 183 187 186 182 179 177 175 173 171 170 169 168 168 169 171 174 178 179 177 173 168 165 163 162 163 165 167 169 168 169 173 177 179 178 176 176 174 172 168 167 170 175 175 171 169 169 169 169 168 163 158 155 154 153 152 149 146 146 150 153 153 156 161 163 161 162 168 174 178 182 185 183 180 177 175 174 175 177 179 181 183
