project/data/elevation/US_DEM2016/US_DEM2016_point_10-30-2019_0629_30m_vel.asc
ncols	125
nrows	167
xllcorner	-2042055.000000
yllcorner	1465035.000000
cellsize	30.000000
NODATA_value	-9999.000000
[rows 0 to 37 of 167, columns 0 to 83 of 125]
5.39 4.63 3.68 3.89 4.99 6.54 8.02 9.01 9.35 9.46 9.62 10.05 10.43 10.17 9.65 9.34 9.02 8.75 8.56 8.56 8.60 8.61 8.69 8.85 8.97 8.85 8.54 7.78 6.84 5.88 5.00 4.27 3.73 3.25 2.85 2.72 3.07 3.84 4.70 5.30 5.66 5.91 6.10 6.14 5.87 5.39 4.92 4.96 5.42 5.99 6.40 6.80 7.15 7.54 7.75 7.90 7.78 7.09 6.37 5.85 5.56 5.55 5.88 6.56 7.05 7.22 7.06 6.48 5.50 4.85 4.62 4.71 4.97 5.28 5.57 5.77 5.97 6.43 7.04 7.43 7.72 7.95 7.68 7.28
5.39 4.63 3.68 3.89 4.99 6.54 8.02 9.01 9.35 9.46 9.62 10.05 10.43 10.17 9.65 9.34 9.02 8.75 8.56 8.56 8.60 8.61 8.69 8.85 8.97 8.85 8.54 7.78 6.84 5.88 5.00 4.27 3.73 3.25 2.85 2.72 3.07 3.84 4.70 5.30 5.66 5.91 6.10 6.14 5.87 5.39 4.92 4.96 5.42 5.99 6.40 6.80 7.15 7.54 7.75 7.90 7.78 7.09 6.37 5.85 5.56 5.55 5.88 6.56 7.05 7.22 7.06 6.48 5.50 4.85 4.62 4.71 4.97 5.28 5.57 5.77 5.97 6.43 7.04 7.43 7.72 7.95 7.68 7.28
5.62 4.88 3.96 3.99 4.66 5.81 7.01 7.88 8.39 8.64 8.94 9.35 9.53 9.40 9.08 8.93 8.83 8.73 8.53 8.30 8.26 8.24 8.29 8.42 8.49 8.37 7.91 7.17 6.37 5.63 4.99 4.40 3.90 3.48 3.12 2.92 3.04 3.46 4.04 4.63 5.01 5.28 5.50 5.74 5.90 5.88 5.74 5.65 5.85 6.14 6.38 6.61 6.87 7.07 7.19 7.34 7.45 7.30 6.85 6.22 5.68 5.39 5.54 5.91 6.24 6.47 6.61 6.57 6.28 5.78 5.42 5.27 5.22 5.23 5.27 5.38 5.59 5.95 6.32 6.67 6.93 7.17 7.26 7.22
6.40 5.57 4.60 4.41 4.59 5.02 5.56 5.96 6.25 6.70 7.36 7.74 7.75 7.60 7.65 7.81 7.91 8.09 8.07 7.88 7.81 7.70 7.60 7.52 7.47 7.33 6.94 6.43 5.93 5.53 5.20 4.84 4.52 4.31 4.07 3.77 3.50 3.35 3.37 3.70 4.34 4.87 5.27 5.67 6.12 6.50 6.72 6.68 6.55 6.43 6.37 6.29 6.29 6.18 6.08 5.96 6.11 6.51 6.76 6.73 6.38 5.87 5.44 5.15 4.91 4.95 5.37 5.96 6.37 6.48 6.34 6.01 5.60 5.19 4.90 4.82 4.94 5.07 5.07 5.11 5.45 5.96 6.49 6.95
6.90 6.10 5.17 4.89 4.82 4.84 4.88 4.90 4.87 5.11 5.66 6.14 6.29 6.25 6.39 6.64 6.75 6.94 7.32 7.64 7.70 7.42 7.10 6.77 6.51 6.40 6.37 6.23 6.06 5.93 5.81 5.68 5.58 5.48 5.30 4.96 4.52 4.12 3.79 3.83 4.37 5.04 5.66 6.15 6.40 6.64 6.87 7.03 6.96 6.72 6.51 6.29 6.00 5.63 5.27 4.69 4.40 4.58 5.22 6.01 6.41 6.31 5.83 5.07 4.45 4.06 4.03 4.36 4.87 5.28 5.46 5.40 5.19 4.89 4.62 4.49 4.46 4.42 4.30 4.26 4.58 5.19 5.78 6.19
6.94 6.29 5.53 5.29 5.10 4.92 4.68 4.36 4.15 4.15 4.39 4.93 5.36 5.56 5.91 6.34 6.54 6.52 6.83 7.26 7.34 6.99 6.58 6.15 5.87 5.94 6.12 6.23 6.31 6.41 6.50 6.54 6.49 6.30 6.05 5.73 5.37 4.98 4.59 4.30 4.30 4.55 5.12 5.79 6.20 6.41 6.60 6.81 6.84 6.71 6.56 6.43 6.26 5.72 5.01 4.36 4.08 4.06 4.28 4.70 5.25 5.61 5.50 4.93 4.32 3.85 3.56 3.45 3.51 3.70 3.93 4.12 4.20 4.21 4.17 4.11 4.06 4.01 3.98 4.04 4.26 4.62 4.92 5.03
6.94 6.51 5.94 5.78 5.52 5.12 4.63 4.04 3.66 3.54 3.58 4.00 4.58 5.14 5.72 6.31 6.78 6.74 6.55 6.46 6.40 6.25 6.05 5.82 5.74 5.88 6.06 6.16 6.29 6.53 6.80 6.96 6.87 6.71 6.52 6.34 6.14 5.86 5.42 4.86 4.38 4.20 4.33 4.76 5.25 5.49 5.64 5.80 6.02 6.13 6.26 6.42 6.48 6.41 6.05 5.58 5.42 5.28 5.04 4.77 4.59 4.61 4.65 4.49 4.18 3.85 3.57 3.38 3.33 3.37 3.48 3.64 3.78 3.86 3.88 3.82 3.70 3.64 3.72 3.90 4.08 4.25 4.26 4.07
6.84 6.71 6.58 6.40 6.08 5.37 4.61 3.91 3.51 3.43 3.37 3.42 3.96 4.69 5.30 5.83 6.44 6.57 6.11 5.61 5.37 5.42 5.60 5.74 5.82 5.95 6.10 6.14 6.16 6.37 6.72 6.99 7.11 7.20 7.33 7.50 7.51 7.26 6.77 6.09 5.27 4.53 4.12 3.95 3.98 4.27 4.47 4.66 5.03 5.54 5.91 6.28 6.62 7.03 7.26 7.21 6.85 6.43 5.93 5.32 4.71 4.32 4.25 4.27 4.19 3.96 3.69 3.54 3.56 3.64 3.70 3.78 3.86 3.89 3.88 3.82 3.71 3.62 3.67 3.76 3.85 3.92 3.84 3.60
6.85 6.98 7.25 7.08 6.63 5.89 5.04 4.40 4.07 3.84 3.64 3.57 3.87 4.37 4.71 5.01 5.54 5.85 5.61 5.15 4.85 4.86 5.08 5.41 5.62 5.81 6.11 6.36 6.40 6.40 6.67 7.08 7.53 8.06 8.63 9.05 9.17 8.96 8.53 7.88 6.99 5.94 4.93 4.21 3.92 4.04 4.49 4.86 5.25 5.56 5.74 5.82 5.97 6.34 6.77 6.93 6.68 6.21 5.68 5.17 4.75 4.46 4.34 4.40 4.46 4.37 4.13 3.91 3.82 3.84 3.91 3.97 4.03 4.11 4.22 4.34 4.41 4.44 4.36 4.17 3.99 3.83 3.69 3.79
6.73 7.18 7.69 7.58 7.13 6.58 5.85 5.39 5.20 5.03 4.63 4.31 4.27 4.32 4.27 4.30 4.68 5.16 5.34 5.18 4.93 4.72 4.74 5.02 5.35 5.62 5.94 6.32 6.60 6.74 7.02 7.46 8.04 8.61 9.05 9.30 9.39 9.38 9.31 9.10 8.63 7.83 6.81 5.75 4.95 4.87 5.15 5.55 5.80 5.78 5.61 5.15 4.79 4.43 4.64 5.11 5.35 5.23 5.01 4.79 4.62 4.50 4.40 4.47 4.82 5.06 5.02 4.76 4.35 4.05 4.08 4.30 4.55 4.84 5.14 5.40 5.65 5.84 5.80 5.50 5.08 4.73 4.51 4.40
6.62 6.98 7.69 7.87 7.63 7.36 7.07 6.96 6.87 6.61 6.15 5.59 5.03 4.54 4.15 3.87 4.14 4.84 5.39 5.56 5.42 5.16 5.03 5.16 5.43 5.66 5.82 6.08 6.60 7.18 7.59 7.91 8.12 8.16 7.98 7.73 7.82 8.26 8.73 9.06 9.15 8.87 8.24 7.27 6.23 5.62 5.46 5.66 5.83 5.74 5.38 4.88 4.31 3.79 3.58 3.74 4.16 4.50 4.64 4.67 4.63 4.55 4.51 4.61 5.08 5.65 5.90 5.67 5.13 4.56 4.52 4.94 5.42 5.80 6.17 6.50 6.75 6.85 6.76 6.50 6.19 5.90 5.63 5.34
6.07 6.23 7.01 7.81 8.22 8.36 8.44 8.50 8.48 8.13 7.61 6.99 6.24 5.30 4.48 4.10 4.23 4.85 5.52 5.86 5.88 5.74 5.59 5.56 5.68 5.90 6.11 6.40 6.90 7.41 7.59 7.54 7.25 6.79 6.22 5.85 6.00 6.54 7.15 7.70 8.18 8.55 8.62 8.23 7.39 6.42 5.88 5.73 5.61 5.38 4.99 4.82 4.57 4.12 3.66 3.46 3.68 4.16 4.56 4.76 4.80 4.85 4.97 5.13 5.45 5.88 6.23 6.27 5.95 5.52 5.34 5.63 5.98 6.35 6.66 6.83 6.77 6.51 6.05 5.66 5.37 5.19 5.10 5.04
5.47 5.28 5.70 6.93 7.96 8.55 8.79 8.84 8.86 8.69 8.34 7.89 7.33 6.42 5.50 4.96 4.84 5.03 5.33 5.61 5.78 5.84 5.76 5.69 5.78 6.02 6.32 6.56 6.68 6.64 6.42 5.96 5.36 4.82 4.57 4.65 4.88 5.09 5.26 5.69 6.30 7.01 7.73 8.16 8.03 7.31 6.47 5.96 5.41 4.77 4.38 4.34 4.19 3.93 3.66 3.54 3.71 4.15 4.65 5.03 5.24 5.38 5.55 5.68 5.74 5.83 6.12 6.52 6.64 6.45 6.26 6.28 6.48 6.67 6.61 6.23 5.60 4.86 4.27 3.82 3.46 3.31 3.46 3.77
5.80 5.48 5.33 5.74 6.52 7.25 7.57 7.64 7.60 7.63 7.70 7.70 7.60 7.27 6.70 6.03 5.56 5.24 5.02 4.95 5.14 5.39 5.47 5.45 5.49 5.56 5.61 5.51 5.15 4.70 4.27 3.78 3.40 3.24 3.31 3.56 3.65 3.61 3.67 3.96 4.39 4.99 5.76 6.65 7.33 7.34 6.84 6.20 5.58 4.83 4.23 3.78 3.58 3.58 3.63 3.76 3.99 4.35 4.84 5.39 5.77 5.94 5.98 6.02 6.04 6.07 6.33 6.80 7.12 7.10 6.94 6.89 6.84 6.55 5.91 4.99 4.11 3.67 3.57 3.51 3.37 3.22 3.26 3.41
6.26 6.29 5.85 5.30 4.95 5.06 5.24 5.20 5.08 5.27 5.66 6.15 6.52 6.83 6.91 6.64 6.11 5.52 4.98 4.56 4.52 4.83 5.05 5.04 4.87 4.59 4.27 3.89 3.45 3.06 2.85 2.86 3.01 3.14 3.11 2.92 2.75 2.83 3.00 3.13 3.25 3.47 3.90 4.67 5.71 6.72 6.84 6.55 6.09 5.52 4.71 4.04 3.80 3.91 4.15 4.33 4.45 4.65 5.03 5.62 6.23 6.53 6.63 6.67 6.74 6.91 7.12 7.37 7.61 7.63 7.45 7.21 6.72 5.84 4.91 4.24 3.92 3.86 4.01 4.27 4.42 4.42 4.31 4.26
6.18 6.23 5.94 5.20 4.08 3.35 3.03 2.87 2.87 2.97 3.27 3.69 4.30 5.00 5.80 6.28 6.24 5.78 5.16 4.63 4.48 4.70 4.89 4.79 4.44 3.99 3.58 3.36 3.25 3.08 2.97 3.16 3.62 3.96 3.91 3.67 3.43 3.37 3.52 3.67 3.67 3.68 3.91 4.54 5.48 6.56 6.96 6.89 6.50 5.90 5.28 4.86 4.71 4.85 5.02 5.09 5.04 5.07 5.39 6.04 6.74 7.33 7.68 7.78 7.83 8.00 8.18 8.34 8.51 8.50 8.13 7.41 6.35 5.45 4.97 4.82 4.82 4.76 4.80 5.00 5.25 5.36 5.30 5.39
5.72 5.44 5.16 4.82 3.86 2.97 2.48 2.34 2.37 2.57 2.80 3.03 3.38 3.96 4.70 5.46 5.89 5.85 5.49 5.15 5.03 5.03 5.00 4.83 4.55 4.22 4.00 3.98 4.08 4.08 3.87 3.72 3.97 4.53 4.90 5.00 4.88 4.66 4.58 4.75 4.99 5.24 5.52 6.04 6.67 7.10 7.19 7.18 6.93 6.45 5.93 5.65 5.58 5.67 5.79 5.88 5.83 5.92 6.30 6.90 7.62 8.26 8.70 8.89 8.83 8.76 8.85 9.06 9.33 9.27 8.79 7.93 6.69 6.14 6.15 6.25 6.20 5.98 5.83 5.88 6.02 6.16 6.32 6.57
5.85 5.45 4.98 4.64 4.27 3.82 3.55 3.58 3.84 4.22 4.54 4.71 4.86 4.94 5.00 5.08 5.43 5.74 5.79 5.72 5.59 5.39 5.17 5.01 4.87 4.76 4.70 4.71 4.85 5.03 4.99 4.63 4.48 4.83 5.42 5.89 6.06 5.94 5.73 5.83 6.28 6.69 7.03 7.27 7.31 7.07 6.88 7.01 7.11 6.97 6.56 6.21 6.13 6.26 6.42 6.53 6.68 6.84 7.28 7.86 8.35 8.65 8.86 9.02 9.01 8.84 8.68 8.69 9.01 9.26 9.31 9.16 8.45 8.11 8.24 8.39 8.37 8.08 7.84 7.62 7.41 7.29 7.39 7.50
6.21 6.02 5.54 5.08 4.97 5.12 5.36 5.71 6.17 6.58 6.88 7.03 6.96 6.54 5.92 5.43 5.38 5.66 5.89 5.94 5.86 5.69 5.47 5.33 5.26 5.22 5.19 5.19 5.32 5.67 5.97 5.97 5.78 5.73 6.00 6.55 7.06 7.22 7.19 7.23 7.44 7.66 7.68 7.39 6.76 6.01 5.67 6.01 6.68 6.97 7.01 6.82 6.78 6.86 6.94 6.96 7.11 7.43 7.89 8.18 8.19 8.01 7.86 7.94 8.16 8.28 8.20 7.96 7.94 8.38 9.27 9.94 10.37 10.42 10.46 10.75 10.97 10.94 10.70 10.23 9.63 8.92 8.38 7.95
6.16 5.93 5.51 5.20 5.51 6.10 6.80 7.46 7.97 8.21 8.26 8.17 7.94 7.41 6.79 6.22 5.89 5.86 5.98 6.04 6.05 6.03 5.98 5.91 5.78 5.66 5.64 5.68 5.78 6.09 6.63 7.12 7.41 7.54 7.64 7.87 8.13 8.22 8.28 8.29 8.18 7.86 7.35 6.61 5.73 4.96 4.68 5.04 6.02 6.78 7.24 7.42 7.47 7.39 7.29 7.19 7.37 7.73 7.84 7.71 7.23 6.69 6.33 6.30 6.64 7.12 7.39 7.30 7.01 7.16 8.14 9.35 10.25 10.68 11.00 11.50 11.86 11.95 11.78 11.53 11.07 10.33 9.26 8.18
5.92 5.59 5.19 5.31 6.07 7.02 7.75 8.23 8.48 8.42 8.19 7.98 7.80 7.54 7.27 6.90 6.49 6.20 6.15 6.22 6.33 6.49 6.67 6.76 6.69 6.48 6.45 6.50 6.55 6.78 7.33 8.05 8.63 9.00 9.12 8.98 8.76 8.57 8.45 8.27 7.82 7.07 6.22 5.42 4.87 4.60 4.58 5.04 5.99 6.89 7.65 8.14 8.28 8.11 7.82 7.67 7.73 7.62 7.36 6.76 6.01 5.31 4.77 4.46 4.68 5.02 5.41 5.64 5.60 5.68 6.15 7.08 8.10 8.82 9.40 9.92 10.24 10.35 10.49 10.64 10.78 10.53 9.88 8.64
6.51 6.14 5.95 6.51 7.31 7.89 8.09 8.09 7.94 7.57 7.27 7.11 7.01 7.04 7.09 6.97 6.70 6.41 6.36 6.54 6.86 7.27 7.65 7.89 7.96 7.85 7.76 7.76 7.83 8.01 8.41 8.83 9.10 9.14 8.97 8.62 8.28 7.91 7.58 7.09 6.42 5.70 5.04 4.59 4.49 4.71 5.12 5.81 6.47 7.27 7.95 8.35 8.58 8.74 8.53 8.21 7.83 7.31 6.63 5.70 4.82 4.05 3.25 2.74 2.61 2.62 2.71 3.05 3.46 3.70 4.21 4.69 5.21 5.68 6.14 6.66 6.75 6.94 7.33 7.80 8.82 9.79 10.06 9.53
7.05 7.28 7.85 8.25 8.35 8.24 7.83 7.39 6.93 6.63 6.48 6.35 6.25 6.31 6.44 6.55 6.53 6.46 6.57 6.87 7.35 7.87 8.30 8.66 8.81 8.86 8.87 8.91 9.02 9.14 9.16 8.96 8.56 8.04 7.46 7.03 6.89 6.60 6.13 5.50 4.87 4.55 4.42 4.50 4.76 5.13 5.69 6.27 6.86 7.44 7.75 7.98 8.24 8.57 8.69 8.38 7.72 6.87 5.90 4.96 4.08 3.17 2.44 1.94 1.63 1.49 1.50 1.70 2.11 2.60 3.00 3.29 3.43 3.54 3.65 4.01 4.37 4.83 5.32 5.88 6.84 8.26 9.42 9.66
7.06 7.72 8.58 8.71 8.44 7.96 7.29 6.78 6.24 6.06 6.02 5.89 5.79 5.78 5.88 6.11 6.30 6.47 6.66 6.79 6.96 7.20 7.57 8.08 8.47 8.77 9.01 9.17 9.23 9.12 8.70 7.94 7.01 6.31 5.87 5.62 5.41 5.05 4.62 4.33 4.15 4.16 4.39 4.85 5.26 5.66 6.13 6.54 6.94 7.13 7.07 7.05 7.24 7.64 7.98 7.97 7.51 6.75 5.80 4.99 4.22 3.40 2.79 2.36 2.07 1.98 2.07 2.32 2.60 2.70 2.72 2.73 2.61 2.46 2.45 2.72 3.30 3.99 4.44 4.81 5.48 6.54 7.93 8.83
6.88 7.38 8.04 8.15 7.87 7.28 6.72 6.30 5.96 5.76 5.66 5.51 5.43 5.43 5.56 5.84 6.16 6.40 6.47 6.32 6.07 5.94 6.10 6.57 7.30 7.91 8.33 8.50 8.37 7.93 7.18 6.22 5.29 4.76 4.53 4.34 4.00 3.78 3.76 3.90 4.16 4.53 4.99 5.37 5.84 6.36 6.66 6.87 6.87 6.64 6.44 6.43 6.56 6.80 7.10 7.34 7.37 7.06 6.37 5.59 4.95 4.42 4.03 3.79 3.61 3.48 3.59 3.64 3.43 3.10 2.77 2.59 2.36 2.06 1.96 2.24 2.72 3.09 3.36 3.71 4.21 4.90 6.20 7.70
6.75 6.67 6.88 7.22 7.27 6.99 6.48 5.93 5.65 5.47 5.29 5.17 5.10 5.15 5.41 5.75 6.12 6.33 6.36 6.21 6.02 5.94 6.09 6.49 7.04 7.43 7.53 7.38 6.98 6.38 5.64 4.96 4.33 3.89 3.61 3.45 3.42 3.55 3.73 4.03 4.57 5.20 5.61 6.00 6.51 6.98 7.23 7.19 6.81 6.33 6.00 5.92 5.99 6.21 6.58 6.96 7.33 7.48 7.22 6.60 6.05 5.70 5.47 5.32 5.19 5.13 5.03 4.63 4.01 3.57 3.32 2.93 2.49 2.15 2.05 2.21 2.37 2.33 2.43 2.85 3.27 3.78 4.79 6.44
6.67 6.34 6.11 6.43 6.90 7.16 7.00 6.37 5.91 5.67 5.43 5.33 5.29 5.34 5.55 5.92 6.23 6.52 6.70 6.78 6.89 7.12 7.42 7.62 7.56 7.23 6.72 6.19 5.66 5.21 4.76 4.39 4.13 3.96 3.79 3.66 3.79 4.15 4.40 4.56 4.97 5.47 5.98 6.54 7.04 7.42 7.51 7.31 6.84 6.21 5.60 5.26 5.35 5.73 6.24 6.78 7.28 7.73 7.92 7.77 7.47 7.27 7.18 7.10 6.95 6.66 6.21 5.71 5.22 4.90 4.42 3.78 3.10 2.74 2.59 2.48 2.37 2.27 2.38 2.65 2.91 3.25 3.90 5.09
6.59 6.21 5.78 5.94 6.48 7.16 7.55 7.35 6.88 6.60 6.40 6.21 6.21 6.23 6.26 6.29 6.45 6.75 7.11 7.42 7.68 7.88 7.90 7.67 7.14 6.41 5.71 5.12 4.66 4.45 4.43 4.40 4.40 4.55 4.66 4.64 4.64 4.88 5.20 5.28 5.35 5.62 6.19 6.80 7.27 7.52 7.47 7.24 6.89 6.32 5.52 4.98 5.04 5.46 5.97 6.47 6.98 7.63 8.12 8.39 8.60 8.82 9.13 9.34 9.12 8.62 7.91 7.31 7.02 6.60 5.72 4.72 4.08 3.84 3.58 3.16 2.87 2.83 2.91 2.97 3.01 3.09 3.40 4.04
6.33 5.85 5.34 5.40 5.80 6.69 7.47 7.78 7.56 7.27 7.10 6.89 6.86 6.91 6.91 6.75 6.60 6.69 7.02 7.35 7.50 7.37 6.93 6.26 5.60 5.03 4.62 4.32 4.16 4.21 4.45 4.84 5.12 5.25 5.43 5.59 5.59 5.64 5.89 5.94 5.88 5.99 6.46 6.89 7.22 7.25 7.05 6.91 6.91 6.75 6.18 5.48 5.23 5.39 5.58 5.99 6.65 7.43 7.99 8.47 8.88 9.33 9.83 10.22 10.51 10.39 9.88 9.28 8.65 7.94 7.06 6.14 5.63 5.25 4.79 4.32 4.10 4.06 3.95 3.67 3.36 3.18 3.16 3.34
6.19 5.85 5.39 5.25 5.41 5.97 6.88 7.58 7.71 7.41 6.99 6.62 6.49 6.55 6.66 6.66 6.45 6.42 6.55 6.58 6.38 5.90 5.23 4.57 4.08 3.76 3.64 3.74 3.93 4.27 4.86 5.49 5.85 6.02 6.11 6.26 6.42 6.47 6.46 6.50 6.52 6.60 6.70 6.84 6.79 6.53 6.25 6.32 6.78 7.16 7.10 6.62 5.94 5.71 5.71 6.05 6.70 7.42 7.81 8.16 8.36 8.76 9.18 9.60 10.19 10.58 10.61 10.55 10.16 9.59 9.14 8.67 8.03 7.10 6.22 5.83 5.75 5.67 5.24 4.60 3.88 3.33 2.97 2.92
6.52 6.43 6.07 5.67 5.55 5.69 6.31 7.16 7.67 7.64 7.13 6.56 6.21 6.04 6.06 6.25 6.14 6.18 6.09 5.64 4.96 4.26 3.69 3.28 2.97 2.82 2.84 3.02 3.46 4.26 5.13 5.70 6.15 6.45 6.63 6.77 6.85 6.83 6.74 6.73 6.86 6.88 6.86 6.67 6.25 5.67 5.50 5.74 6.30 7.08 7.46 7.36 6.91 6.45 6.33 6.45 6.73 7.15 7.43 7.55 7.47 7.33 7.19 7.43 8.17 9.13 9.91 10.53 10.96 11.01 11.03 10.85 10.29 9.40 8.35 7.75 7.38 6.86 6.07 5.00 4.09 3.46 3.02 2.76
6.60 6.40 6.14 5.89 5.73 5.71 5.96 6.66 7.47 7.93 7.85 7.35 6.84 6.38 6.10 5.96 5.98 5.94 5.54 4.76 3.94 3.39 3.07 2.85 2.68 2.63 2.64 2.61 2.82 3.49 4.30 4.87 5.37 5.86 6.26 6.53 6.56 6.58 6.55 6.60 6.70 6.79 6.81 6.61 6.25 5.71 5.40 5.45 5.77 6.35 7.09 7.41 7.40 7.04 6.74 6.51 6.44 6.51 6.68 6.59 6.38 6.03 5.74 5.79 6.24 7.08 8.22 9.29 10.15 10.68 11.07 11.30 11.16 10.81 10.27 9.51 8.48 7.28 6.07 5.02 4.32 3.84 3.35 2.81
5.98 5.44 5.00 5.14 5.32 5.40 5.49 5.93 6.81 7.63 8.03 7.84 7.34 6.82 6.45 6.12 5.93 5.60 5.00 4.33 3.91 3.76 3.40 3.30 3.14 3.16 3.22 3.06 2.83 2.82 3.01 3.38 3.82 4.32 4.85 5.28 5.60 5.85 6.07 6.30 6.33 6.36 6.30 6.14 5.98 5.68 5.27 5.13 5.25 5.58 6.18 6.92 7.19 7.07 6.70 6.22 5.98 5.86 5.91 5.71 5.40 4.96 4.73 4.95 5.42 5.94 6.60 7.32 8.06 8.65 9.13 9.63 10.14 10.44 10.50 10.25 9.18 7.54 6.26 5.55 5.04 4.40 3.68 3.16
5.19 4.59 4.03 4.19 4.44 4.50 4.49 4.82 5.55 6.55 7.34 7.61 7.36 6.89 6.53 6.18 5.82 5.37 4.94 5.06 4.61 4.65 4.60 4.46 4.31 4.35 4.35 4.19 3.78 3.35 3.19 3.17 3.21 3.35 3.67 4.19 4.82 5.24 5.63 5.92 5.91 5.73 5.33 4.81 4.34 4.17 4.18 4.22 4.38 4.85 5.40 6.06 6.59 6.64 6.28 5.86 5.62 5.58 5.50 5.30 4.89 4.31 4.24 4.49 4.94 5.29 5.55 5.81 6.13 6.53 6.62 7.04 7.85 8.71 9.45 10.00 9.84 8.76 7.38 6.50 5.68 4.87 4.22 3.87
5.37 4.99 4.63 4.54 4.29 4.06 3.97 4.05 4.44 5.26 6.29 7.06 7.28 6.98 6.56 6.14 5.76 5.45 5.69 5.41 5.69 5.85 5.95 5.91 5.79 5.72 5.65 5.39 5.01 4.60 4.34 4.14 3.89 3.65 3.65 3.99 4.52 4.91 5.30 5.59 5.57 5.25 4.54 3.56 3.01 2.97 3.24 3.60 4.04 4.47 4.89 5.36 5.89 6.14 5.90 5.73 5.64 5.65 5.53 5.41 5.09 4.63 4.51 4.47 4.53 4.45 4.48 4.75 5.07 5.37 5.49 5.64 6.14 6.96 7.73 8.85 9.81 9.84 8.92 7.54 6.27 5.61 5.36 5.22
6.11 6.09 6.10 5.94 5.55 4.90 4.40 4.12 4.03 4.30 5.06 6.10 6.83 6.99 6.62 6.10 5.78 5.70 5.88 6.24 6.63 6.97 7.26 7.39 7.38 7.19 6.88 6.47 5.97 5.41 4.99 4.80 4.71 4.57 4.34 4.29 4.58 4.95 5.36 5.64 5.62 5.23 4.53 3.75 3.45 3.61 4.01 4.47 4.73 4.85 4.85 4.98 5.43 5.86 5.86 5.82 5.74 5.77 5.68 5.74 5.64 5.32 4.92 4.38 3.98 3.71 3.63 3.94 4.40 4.83 5.10 5.28 5.42 5.88 6.51 7.46 8.85 9.84 9.96 9.26 8.10 7.56 7.36 7.12
6.47 6.70 6.91 6.77 6.45 5.89 5.24 4.62 4.15 3.90 4.07 4.76 5.79 6.47 6.53 6.09 5.79 5.86 6.25 6.85 7.32 7.80 8.22 8.54 8.58 8.42 8.11 7.66 7.01 6.18 5.40 5.01 5.02 5.27 5.45 5.38 5.34 5.55 5.93 6.21 6.32 6.13 5.58 5.13 5.11 5.41 5.82 6.01 5.91 5.41 5.06 4.89 5.23 5.70 5.87 5.85 5.77 5.82 5.83 6.03 6.05 5.80 5.25 4.44 3.72 3.32 3.27 3.51 3.89 4.26 4.67 4.94 5.07 5.28 5.79 6.41 7.45 8.90 10.02 10.62 10.59 10.14 9.50 8.88
6.45 6.67 6.77 6.58 6.28 5.87 5.45 4.92 4.33 3.82 3.64 3.89 4.60 5.55 6.06 5.97 5.72 5.77 6.20 6.78 7.26 7.69 8.08 8.43 8.59 8.63 8.60 8.46 8.03 7.26 6.29 5.49 5.23 5.48 5.82 6.06 6.20 6.35 6.54 6.91 7.37 7.61 7.65 7.28 7.02 7.06 7.09 6.77 6.28 5.70 5.19 5.01 5.06 5.53 5.82 5.83 5.78 5.91 5.95 6.11 6.18 6.10 5.76 5.06 4.24 3.66 3.40 3.43 3.58 3.81 4.17 4.42 4.64 4.92 5.28 5.68 6.39 7.54 9.05 10.28 11.05 11.04 10.50 9.73
