project/data/elevation/US_DEM2016/US_DEM2016_point_10-29-2019_1515_30m_ang.asc
ncols	125
nrows	167
xllcorner	-2042055.000000
yllcorner	1465035.000000
cellsize	30.000000
NODATA_value	-9999.000000
[rows 84 to 125 of 167, columns 0 to 93 of 125]
171 172 175 175 172 169 167 164 161 158 156 156 158 161 163 166 169 173 176 176 176 179 180 177 174 174 177 178 176 171 167 163 161 161 164 172 178 177 173 171 171 173 174 173 172 171 172 172 170 168 166 166 166 168 170 171 172 172 172 172 171 168 165 161 159 162 166 167 167 165 163 163 162 159 158 160 164 169 173 176 177 176 174 178 185 190 191 188 182 178 176 175 173 171
169 172 175 175 171 167 165 162 159 157 156 157 159 162 165 168 172 177 180 179 179 179 178 175 172 171 172 175 176 174 173 171 168 165 165 169 174 173 171 171 173 174 173 172 170 169 170 171 172 172 171 170 170 170 170 171 171 170 169 169 168 167 164 160 160 161 164 165 166 166 166 167 166 161 156 153 154 158 164 169 174 175 174 173 180 187 190 190 186 182 179 177 176 177
168 171 173 172 168 166 163 160 157 156 156 158 160 163 167 172 177 183 183 181 178 176 173 171 169 168 169 172 174 175 176 176 175 171 168 168 169 169 171 175 175 173 172 171 168 165 166 169 173 175 176 176 175 173 172 170 169 168 168 168 167 166 163 160 160 161 163 165 166 167 167 169 171 171 166 160 155 153 154 156 162 169 171 168 171 180 187 190 188 185 181 180 181 182
168 170 171 169 166 165 163 159 156 156 157 160 162 166 171 178 185 186 182 179 175 172 169 167 166 165 167 170 173 173 174 177 178 176 172 169 168 169 174 177 175 173 172 170 166 161 161 165 170 174 176 178 179 178 175 172 170 169 169 168 168 166 162 159 160 161 163 166 167 167 167 168 172 176 176 173 169 165 161 158 159 162 164 162 163 171 181 186 186 184 182 181 183 184
166 169 170 168 166 165 162 158 156 157 159 162 165 170 177 183 184 181 178 177 174 170 167 164 163 163 165 169 172 172 171 173 177 179 178 174 172 173 177 178 176 175 174 171 164 158 157 160 165 169 172 175 177 177 176 173 171 170 170 169 168 166 162 160 159 161 164 167 168 167 165 165 170 176 179 179 178 176 173 171 169 168 166 164 164 169 175 178 179 180 180 182 184 184
165 168 170 168 167 164 161 158 157 159 161 165 169 176 181 181 177 176 176 175 173 170 166 163 162 162 163 166 169 170 170 170 174 179 181 179 177 178 179 179 177 176 174 171 165 159 157 159 161 162 163 166 168 169 169 170 170 170 169 168 167 165 163 159 158 160 165 168 167 166 163 162 166 172 177 180 181 180 179 179 178 175 172 172 173 174 173 172 174 176 179 182 184 183
165 167 169 169 166 162 159 157 158 161 165 170 176 182 181 176 172 171 172 172 171 168 166 165 164 162 161 161 164 167 169 169 171 176 181 183 182 182 181 179 176 175 174 172 167 163 163 164 164 163 162 162 163 164 165 168 169 169 168 167 166 166 164 159 157 159 164 167 166 164 162 160 162 167 172 177 179 180 182 183 182 180 178 179 180 180 177 174 174 176 178 180 180 178
164 166 168 167 164 160 158 158 160 165 171 178 184 186 181 173 167 166 166 166 166 166 167 167 166 163 160 159 159 160 163 165 166 171 178 183 185 185 182 178 175 175 174 172 168 166 169 170 170 168 166 164 164 165 168 170 170 169 168 167 167 167 165 159 156 157 161 164 164 164 161 159 159 161 165 170 173 176 179 182 182 181 181 183 184 183 181 179 178 178 178 177 175 172
164 165 166 165 161 158 158 160 165 172 179 185 188 186 181 174 167 163 162 161 161 163 166 168 166 164 163 161 160 159 160 161 162 165 173 182 188 187 182 177 175 174 173 170 167 167 171 173 173 171 170 168 166 168 170 172 171 170 169 168 169 169 166 159 155 156 160 163 164 165 162 159 159 160 161 164 167 171 174 177 179 181 182 183 184 184 184 184 183 180 178 175 173 170
163 164 164 162 159 158 159 164 171 178 184 187 186 183 180 175 171 167 164 162 162 164 167 167 166 164 164 164 165 165 165 165 165 167 173 182 188 186 181 176 174 172 170 168 166 167 171 174 174 172 172 172 171 171 171 171 172 173 173 173 172 171 167 160 156 157 161 164 166 167 163 160 160 161 162 160 159 163 167 170 172 177 180 180 181 182 183 184 183 180 177 175 173 172
162 163 163 161 159 159 162 168 175 181 184 185 183 179 176 174 172 170 168 166 166 168 169 169 168 164 162 163 166 168 169 169 169 171 176 182 185 183 178 174 172 170 168 166 165 165 169 172 173 173 173 175 176 175 174 173 175 176 176 176 175 172 167 160 157 158 162 165 168 168 165 162 163 165 164 158 152 151 155 158 161 167 174 177 177 178 178 179 179 178 177 175 174 174
162 162 163 162 162 164 168 173 178 181 181 180 178 175 172 171 170 169 168 168 169 170 172 172 169 163 160 161 164 167 168 168 169 171 176 180 181 179 175 172 170 168 167 166 165 164 165 169 172 173 175 177 178 178 178 178 178 178 178 177 175 172 166 161 158 160 163 165 168 168 165 166 170 175 172 162 153 150 148 147 149 156 164 169 170 171 173 175 175 175 175 175 175 174
162 163 165 166 168 171 174 177 179 178 177 176 174 171 169 167 167 167 167 169 172 174 175 173 168 163 161 162 163 165 165 164 165 168 173 176 177 175 172 170 169 169 168 167 165 162 162 165 169 172 176 178 178 180 182 182 182 180 179 177 175 170 165 160 160 163 165 165 166 166 166 169 177 183 181 171 163 160 154 147 149 153 157 160 161 165 170 172 173 173 174 174 174 174
162 164 167 170 173 175 177 178 178 176 174 172 170 168 166 165 165 166 169 172 176 179 176 171 166 163 164 166 167 168 168 167 167 168 171 173 174 173 170 169 169 171 171 169 166 162 159 161 165 168 172 174 176 179 182 183 183 182 180 178 174 169 163 159 160 164 166 166 165 164 165 172 180 186 185 179 172 168 161 155 155 157 157 156 159 164 170 172 172 173 173 173 173 173
163 165 168 171 174 176 177 177 176 175 173 170 167 164 164 164 166 168 173 178 181 180 174 168 163 160 164 168 170 171 172 173 172 172 172 172 172 171 170 170 172 174 172 169 167 163 160 162 165 167 167 167 170 174 177 180 182 183 181 177 173 168 163 160 160 162 164 165 164 163 165 172 178 183 185 184 179 173 166 162 163 163 161 159 161 168 171 171 172 172 172 172 172 171
165 166 168 170 172 174 174 173 173 173 172 169 165 163 163 165 168 173 178 182 182 177 171 166 161 158 161 166 170 172 175 177 177 175 174 173 172 170 170 173 176 175 172 169 167 163 161 165 170 171 170 167 167 168 171 176 180 182 180 177 173 168 164 162 162 163 164 164 162 162 165 170 174 178 182 184 182 176 171 169 169 168 165 164 167 171 172 171 171 172 172 172 171 169
167 167 168 169 169 170 170 170 170 170 169 167 164 163 165 168 173 179 183 182 178 172 168 164 159 157 160 164 167 171 174 177 178 178 176 174 172 171 173 175 175 173 171 169 166 163 163 167 172 174 175 174 171 168 169 175 179 179 178 176 173 169 166 164 164 165 166 165 163 163 166 168 170 173 178 181 180 177 175 175 174 172 169 169 171 172 171 170 171 172 173 173 172 170
169 168 167 166 165 165 165 166 167 167 166 165 164 165 168 172 179 184 184 179 173 168 165 162 157 156 159 163 165 167 170 173 176 178 178 176 174 174 174 174 172 171 170 169 166 163 164 168 171 174 176 177 176 173 172 175 177 177 176 175 173 170 167 166 166 167 168 167 165 166 167 167 168 171 174 176 176 176 177 178 178 175 173 173 173 170 168 169 170 172 173 174 174 173
170 169 167 166 164 162 162 163 164 165 164 163 165 167 172 178 182 183 180 175 171 167 165 161 158 158 159 161 163 163 163 165 170 174 175 175 174 174 173 171 170 170 170 168 165 163 164 168 170 172 174 176 177 177 176 175 174 174 173 173 171 169 167 167 167 168 169 168 166 166 166 166 167 169 171 172 173 174 176 178 179 178 178 177 174 170 169 169 171 173 174 175 175 173
170 169 168 167 165 164 163 163 163 162 162 164 167 171 176 178 177 175 174 172 170 168 165 163 162 164 165 164 163 160 158 158 161 165 168 170 171 171 170 170 170 170 169 167 164 163 165 169 170 170 170 171 174 177 177 174 172 171 171 170 169 167 167 168 169 169 170 169 167 165 164 165 165 168 170 170 172 173 173 174 177 179 179 179 177 175 173 173 173 174 174 175 174 172
167 168 169 170 169 167 166 165 163 162 162 166 172 178 178 171 166 166 168 168 168 167 166 164 164 168 172 172 168 165 162 161 161 163 164 166 167 169 169 170 171 171 169 166 164 164 167 171 172 171 169 168 169 172 173 171 169 169 168 167 166 166 167 168 169 170 172 172 169 166 164 163 163 166 168 170 172 175 172 170 171 174 176 178 179 179 178 177 176 175 175 175 174 171
162 165 170 171 171 170 168 166 164 164 167 172 178 180 175 165 157 157 160 163 164 165 165 163 167 170 175 175 173 171 169 168 167 167 167 167 168 169 170 172 173 172 168 165 164 164 168 173 175 174 172 171 168 165 164 164 165 166 166 165 164 165 167 168 169 170 172 174 173 168 165 163 163 164 166 169 173 175 174 170 168 168 169 171 175 178 179 179 177 176 175 175 173 170
160 164 169 171 172 172 170 168 168 170 175 178 179 177 172 167 162 159 159 160 161 163 162 161 164 169 172 174 174 174 174 173 173 172 171 170 170 170 171 173 174 171 167 165 163 164 169 175 178 178 178 176 169 161 159 160 162 163 164 163 163 165 167 167 167 169 172 175 176 172 167 165 164 164 165 169 172 175 176 174 171 168 164 164 168 172 176 177 176 175 174 173 171 168
162 164 168 171 173 174 174 173 174 176 178 178 176 173 170 169 169 169 167 165 164 163 160 161 165 168 169 171 173 174 175 176 176 176 175 174 173 172 173 174 173 169 166 165 164 164 168 174 180 183 183 178 169 162 160 161 161 160 161 162 163 165 166 166 166 168 171 174 176 175 171 168 167 166 167 169 171 174 177 177 174 171 169 167 167 169 172 174 174 174 173 171 168 167
165 166 168 171 173 175 176 177 177 176 175 173 171 169 167 168 171 173 172 170 168 165 162 163 166 168 168 169 170 172 174 176 177 176 176 176 176 175 176 174 170 167 167 167 165 164 167 173 179 184 183 178 171 166 163 162 160 158 159 161 163 164 164 165 165 167 169 171 174 176 174 171 170 170 170 170 170 173 176 177 174 172 171 171 170 170 171 172 173 173 172 170 168 167
167 167 168 171 173 174 175 176 175 173 170 168 167 166 166 168 171 172 171 169 168 166 164 165 169 169 169 170 171 171 172 173 174 174 174 175 177 178 178 174 170 168 168 168 164 163 166 172 177 181 180 177 174 171 168 165 161 159 160 161 162 163 164 164 165 167 169 169 171 174 174 173 172 172 172 170 170 172 175 176 173 171 171 172 173 172 172 172 171 171 170 170 169 169
166 168 169 171 172 173 173 172 170 168 166 165 164 164 165 169 170 169 168 167 166 165 165 168 171 171 169 171 173 174 173 173 173 172 172 173 177 179 179 176 173 171 170 167 163 163 166 171 175 177 177 176 177 176 173 170 166 164 163 163 163 164 164 164 166 169 168 167 168 171 173 174 174 174 173 171 171 172 174 174 172 170 170 172 174 173 172 172 171 171 170 169 169 170
164 167 170 170 171 172 171 168 165 164 163 163 163 164 166 169 170 168 167 165 163 163 164 168 173 172 170 171 173 174 174 173 174 174 174 175 177 180 180 178 175 173 169 165 162 163 166 170 173 174 174 174 176 177 176 174 172 170 168 166 165 165 165 165 167 169 168 166 167 169 172 175 175 175 173 171 171 172 173 173 172 170 171 173 174 174 174 173 172 171 171 170 169 169
163 165 168 169 169 169 167 164 162 162 162 163 164 165 168 170 170 168 166 164 162 160 162 168 173 172 171 173 173 172 172 172 172 174 176 178 179 180 180 178 175 172 168 163 161 163 167 171 173 173 173 172 174 176 177 177 176 175 173 170 167 166 166 166 168 169 167 165 166 168 172 174 175 175 174 172 171 171 171 171 170 170 171 172 174 176 176 174 173 172 172 171 170 170
164 165 166 167 167 166 163 161 161 161 162 164 165 167 169 171 170 167 166 164 161 159 162 168 171 170 172 174 175 174 173 171 169 171 174 178 180 180 179 176 174 171 167 162 160 163 168 172 174 174 172 171 172 173 174 175 177 177 175 172 169 168 168 168 168 168 166 165 166 169 172 173 175 175 174 173 172 172 170 169 169 170 170 171 172 175 175 174 173 173 173 172 172 172
165 165 165 165 164 163 160 160 161 163 164 165 166 168 170 169 167 165 164 163 161 161 163 167 168 168 171 175 177 176 176 174 171 168 171 175 179 179 178 175 172 170 165 161 161 163 168 172 174 174 172 171 172 173 172 171 173 174 173 172 171 170 170 170 168 167 165 165 168 170 172 173 175 175 175 174 173 173 170 168 168 169 168 169 170 171 172 172 173 173 173 173 173 173
165 165 165 165 163 161 160 161 164 166 168 169 169 169 168 166 164 163 163 163 162 163 165 164 163 166 171 174 176 176 176 177 176 173 171 172 174 176 176 173 170 168 164 162 163 164 167 171 173 173 171 171 174 176 174 172 170 168 168 169 170 170 170 170 168 166 165 166 169 170 172 173 175 176 175 175 174 174 171 169 169 169 168 167 166 165 167 170 172 173 173 173 173 173
164 164 165 165 164 162 162 164 167 170 172 173 172 169 166 163 163 163 164 163 164 167 167 162 159 162 169 173 174 174 174 177 179 179 176 172 172 173 173 171 169 167 163 163 165 167 167 169 171 170 169 171 175 178 178 176 172 168 166 166 168 169 169 168 167 167 167 168 170 170 171 173 175 176 176 175 175 174 172 171 172 171 169 168 165 163 166 169 171 172 172 172 172 172
162 163 165 165 165 164 165 166 169 171 172 171 169 167 164 162 163 164 165 166 167 169 170 166 160 161 167 171 172 172 171 173 178 180 179 176 174 173 172 170 168 166 163 163 167 170 170 168 167 166 166 169 174 178 179 178 176 173 170 168 168 168 168 167 166 166 168 169 170 171 171 172 174 176 176 175 175 174 172 171 173 173 172 170 168 166 168 170 171 171 171 171 171 172
161 163 165 166 166 166 167 168 168 169 168 166 165 163 162 162 163 165 166 168 168 168 170 170 166 164 167 169 171 172 170 168 171 176 179 179 177 175 173 171 168 165 162 163 168 173 172 168 164 163 164 167 172 176 178 178 177 176 175 173 171 170 169 167 166 167 168 169 170 171 171 172 173 174 175 174 174 173 171 170 172 174 173 172 171 171 172 172 171 171 171 171 171 171
162 163 164 165 166 168 168 169 168 167 164 162 161 160 161 163 165 166 167 169 169 167 167 169 169 168 169 169 170 173 172 167 166 170 176 178 178 176 174 172 168 164 162 164 169 173 174 170 164 162 163 166 170 173 176 177 176 176 176 176 175 173 171 169 169 169 169 167 168 171 172 173 173 174 174 173 173 172 170 168 170 172 173 172 173 174 174 173 172 171 170 170 170 170
164 163 164 165 167 168 169 169 168 165 161 160 159 160 161 164 166 168 170 171 170 167 165 166 168 169 169 168 170 173 174 172 167 167 171 175 177 176 174 171 168 164 163 165 170 173 173 172 167 162 162 164 167 170 173 176 177 176 176 177 177 176 174 173 172 170 168 166 167 170 173 174 175 175 174 173 172 171 169 167 169 171 172 172 173 174 174 174 173 171 170 170 170 169
165 164 164 165 167 167 168 169 167 163 160 160 160 161 163 166 168 170 172 173 171 168 165 165 167 168 167 167 168 172 175 175 172 169 169 172 174 174 172 170 167 164 164 168 173 173 172 171 168 163 161 162 164 167 171 176 178 177 176 176 177 177 175 174 172 170 167 167 168 171 173 174 175 176 174 173 172 170 167 166 168 171 172 173 173 173 173 173 173 172 170 170 169 168
164 164 164 165 166 166 167 167 165 162 161 161 161 162 165 168 170 171 172 172 170 168 166 167 168 168 166 166 167 170 174 175 174 172 171 171 172 172 171 169 165 164 166 172 175 173 171 170 169 164 160 158 160 164 169 174 177 178 177 177 177 177 175 173 171 168 167 167 169 172 173 174 176 176 175 174 172 169 167 166 167 169 170 172 173 174 173 173 172 171 170 170 169 168
164 164 164 165 165 165 165 164 162 162 162 162 161 162 166 169 170 170 170 170 170 168 167 167 169 169 167 165 166 169 172 174 174 173 172 172 171 171 170 168 164 165 170 176 176 172 169 169 168 165 159 156 156 160 165 171 174 176 177 178 177 176 175 173 170 168 166 166 169 173 175 176 176 177 176 173 171 169 168 167 167 168 169 169 171 172 173 173 171 170 170 169 169 168
165 165 164 164 164 164 163 162 160 160 162 162 162 164 167 168 168 168 169 170 170 168 165 165 168 171 170 167 166 168 171 173 174 173 171 172 172 172 170 167 166 169 175 179 176 172 169 167 168 166 162 158 157 158 162 167 171 174 177 177 176 176 175 173 170 168 167 167 169 173 176 177 178 178 176 174 171 170 169 167 167 167 168 167 168 169 171 171 170 169 169 169 169 169
166 165 165 165 164 163 162 161 159 160 162 163 163 166 167 166 167 169 171 172 170 166 163 163 167 171 172 170 168 168 170 173 174 172 170 171 172 172 170 168 169 174 177 177 176 173 170 167 167 167 164 163 161 161 162 164 168 172 175 175 175 175 173 171 169 168 168 168 170 173 176 179 181 180 177 175 173 171 169 168 167 168 167 166 166 168 169 168 167 167 168 169 169 169
