project/data/elevation/US_DEM2016/US_DEM2016_point_10-30-2019_1538_30m_vel.asc
ncols	125
nrows	167
xllcorner	-2042055.000000
yllcorner	1465035.000000
cellsize	30.000000
NODATA_value	-9999.000000
[rows 0 to 35 of 167, columns 0 to 81 of 125]
8.54 8.03 7.86 8.80 10.09 11.41 12.61 13.53 13.87 14.15 14.74 15.71 15.91 14.91 14.30 14.58 14.96 14.87 13.93 12.73 11.89 11.98 12.79 13.61 14.21 14.35 13.95 12.55 10.57 8.59 6.93 5.67 4.94 4.73 4.76 4.91 5.33 6.05 6.80 7.17 7.30 7.37 7.49 7.51 7.19 6.74 6.40 6.46 7.09 8.39 9.91 11.41 12.65 13.79 14.15 14.16 13.79 12.59 11.50 10.83 10.47 10.38 10.51 11.00 11.34 11.40 11.19 10.57 9.45 8.75 8.65 8.96 9.44 9.92 10.25 10.44 10.63 10.98 11.56 12.16 12.58 12.40
8.54 8.03 7.86 8.80 10.09 11.41 12.61 13.53 13.87 14.15 14.74 15.71 15.91 14.91 14.30 14.58 14.96 14.87 13.93 12.73 11.89 11.98 12.79 13.61 14.21 14.35 13.95 12.55 10.57 8.59 6.93 5.67 4.94 4.73 4.76 4.91 5.33 6.05 6.80 7.17 7.30 7.37 7.49 7.51 7.19 6.74 6.40 6.46 7.09 8.39 9.91 11.41 12.65 13.79 14.15 14.16 13.79 12.59 11.50 10.83 10.47 10.38 10.51 11.00 11.34 11.40 11.19 10.57 9.45 8.75 8.65 8.96 9.44 9.92 10.25 10.44 10.63 10.98 11.56 12.16 12.58 12.40
8.14 7.83 7.99 8.95 9.96 11.11 12.14 12.89 13.23 13.35 13.72 14.43 14.60 14.15 13.68 13.74 13.98 13.99 13.34 12.29 11.79 12.05 12.67 13.08 13.21 13.01 12.16 10.77 9.26 7.70 6.37 5.44 4.99 4.93 5.00 5.15 5.52 6.07 6.56 6.85 6.88 6.91 7.04 7.28 7.47 7.49 7.43 7.49 8.08 9.15 10.37 11.38 12.15 12.76 13.03 13.03 12.85 12.37 11.59 10.75 10.16 9.84 10.02 10.42 10.67 10.67 10.59 10.41 10.15 9.73 9.54 9.56 9.65 9.73 9.79 9.89 10.13 10.62 11.15 11.41 11.38 11.28
8.15 8.06 8.60 9.38 10.05 10.67 11.35 11.64 11.55 11.47 11.66 11.87 11.97 11.90 11.92 11.83 11.78 12.02 11.88 11.52 11.66 12.16 12.34 11.86 11.12 10.28 9.26 8.38 7.53 6.67 5.94 5.59 5.63 5.85 5.99 6.01 6.10 6.33 6.47 6.54 6.80 7.07 7.38 7.81 8.38 8.79 9.05 9.20 9.59 10.30 10.99 11.24 11.12 10.85 10.74 10.44 10.36 10.64 10.75 10.55 10.16 9.82 9.62 9.54 9.30 9.14 9.25 9.65 10.12 10.42 10.44 10.17 9.75 9.31 9.05 9.05 9.32 9.78 10.08 9.83 9.45 9.89
8.58 8.65 9.32 9.81 10.13 10.49 10.69 10.70 10.34 10.05 9.94 9.90 9.87 9.87 10.08 10.06 9.93 10.14 10.62 11.17 11.81 12.07 11.67 10.47 9.13 8.17 7.71 7.43 7.12 6.79 6.62 6.74 7.08 7.36 7.37 7.15 6.96 6.98 7.01 7.10 7.58 8.10 8.62 9.14 9.44 9.67 9.83 10.10 10.52 10.99 11.26 11.02 10.34 9.56 8.89 7.93 7.45 7.69 8.51 9.39 9.82 9.85 9.61 9.00 8.46 8.05 7.88 8.09 8.56 8.93 9.07 8.97 8.73 8.50 8.40 8.48 8.70 8.95 9.03 8.84 8.80 9.52
8.75 8.93 9.63 10.08 10.15 10.25 10.26 9.83 9.47 9.23 8.95 8.74 8.76 8.95 9.43 9.64 9.56 9.57 10.14 10.97 11.60 11.44 10.51 8.95 7.64 7.15 7.15 7.26 7.35 7.49 7.76 8.10 8.36 8.34 8.08 7.78 7.65 7.67 7.70 7.78 8.01 8.35 8.88 9.54 9.89 10.00 10.10 10.46 10.84 11.19 11.25 10.83 10.07 8.90 7.68 6.68 6.43 6.74 7.30 7.87 8.41 8.75 8.69 8.21 7.73 7.37 7.14 7.04 7.02 7.00 7.00 7.05 7.17 7.36 7.57 7.80 8.05 8.28 8.47 8.58 8.81 9.40
9.10 9.39 9.97 10.33 10.24 9.99 9.59 8.95 8.52 8.45 8.39 8.15 8.11 8.72 9.61 9.83 9.82 9.79 9.88 10.12 10.48 10.24 9.19 7.85 7.14 6.97 7.02 7.17 7.50 8.03 8.55 8.92 8.91 8.74 8.51 8.41 8.48 8.50 8.35 8.12 8.05 8.20 8.54 9.03 9.36 9.28 9.27 9.62 10.27 10.78 11.02 10.71 9.89 9.13 8.41 7.86 7.97 8.16 8.09 7.82 7.54 7.41 7.28 7.09 6.85 6.65 6.57 6.60 6.58 6.48 6.35 6.30 6.37 6.55 6.80 7.06 7.30 7.61 8.01 8.39 8.75 9.13
9.45 9.89 10.59 10.62 10.37 9.61 8.76 8.04 7.93 8.19 8.16 7.78 7.81 8.66 9.61 9.64 9.45 9.34 9.06 8.85 9.07 8.96 8.21 7.46 7.15 7.06 7.07 7.18 7.57 8.24 8.89 9.27 9.38 9.50 9.73 10.09 10.23 10.02 9.58 9.03 8.52 8.26 8.31 8.34 8.14 7.94 7.86 8.28 9.37 10.60 11.01 10.71 10.13 9.99 9.99 10.01 9.80 9.44 8.79 7.98 7.22 6.70 6.47 6.32 6.15 6.06 6.25 6.58 6.74 6.62 6.36 6.14 6.06 6.19 6.46 6.73 6.99 7.41 7.94 8.28 8.47 8.56
10.08 10.44 11.07 10.88 10.32 9.45 8.41 7.93 8.22 8.46 8.28 7.96 8.10 8.75 9.19 8.99 8.53 8.23 7.96 7.88 8.24 8.16 7.44 6.96 6.85 6.95 7.28 7.71 8.11 8.54 9.19 9.79 10.40 11.25 12.14 12.63 12.54 12.04 11.41 10.71 9.89 9.11 8.63 8.33 7.92 7.63 7.89 8.65 10.04 11.14 11.19 10.30 9.53 9.45 9.61 9.65 9.34 8.69 7.85 7.13 6.59 6.27 6.16 6.14 6.10 6.24 6.73 7.18 7.16 6.75 6.27 6.00 6.10 6.52 7.04 7.45 7.84 8.41 8.80 8.76 8.47 8.18
10.48 10.82 11.10 10.80 10.20 9.54 8.73 8.70 9.27 9.56 9.18 8.77 8.80 8.96 8.81 8.32 7.71 7.33 7.38 7.67 8.08 7.74 6.88 6.46 6.53 6.86 7.42 8.09 8.68 9.24 10.01 10.85 11.87 12.93 13.53 13.50 13.11 12.69 12.37 12.01 11.42 10.65 9.93 9.37 8.83 8.71 9.00 9.93 11.13 11.60 10.95 9.18 7.85 6.99 6.96 7.21 7.19 6.76 6.32 6.02 5.84 5.80 5.97 6.28 6.74 7.24 7.89 8.18 7.66 6.83 6.36 6.43 7.07 7.95 8.67 9.17 9.69 10.25 10.43 10.07 9.46 9.05
11.02 10.81 10.75 10.63 10.29 10.04 10.01 10.59 11.15 11.12 10.65 10.08 9.62 9.14 8.51 7.81 7.28 7.25 7.68 8.20 8.41 7.85 7.00 6.63 6.74 7.07 7.51 8.18 9.19 10.34 11.33 12.17 12.81 12.95 12.44 11.59 11.28 11.61 12.00 12.17 12.07 11.65 11.02 10.34 9.88 9.63 9.71 10.60 11.54 11.50 10.08 8.13 6.69 5.85 5.52 5.40 5.39 5.40 5.41 5.40 5.46 5.74 6.28 6.95 7.74 8.56 9.06 8.88 8.13 7.20 7.01 7.65 8.73 9.72 10.45 11.00 11.49 11.69 11.44 10.95 10.58 10.36
11.27 10.56 10.22 10.69 11.07 11.47 12.09 12.75 13.06 12.62 11.94 11.31 10.59 9.53 8.44 7.82 7.56 7.82 8.42 8.87 8.80 8.18 7.46 7.13 7.23 7.64 8.23 9.14 10.35 11.48 12.08 12.34 12.06 11.12 9.67 8.81 9.10 9.94 10.53 10.90 11.23 11.44 11.36 11.04 10.58 10.19 10.22 10.99 11.42 10.79 8.93 7.50 6.61 5.86 5.24 4.80 4.73 4.96 5.19 5.36 5.73 6.44 7.30 8.14 8.94 9.51 9.60 9.20 8.63 8.25 8.19 8.94 9.96 10.88 11.49 11.81 11.72 11.18 10.19 9.50 9.28 9.27
10.81 10.15 9.74 10.51 11.48 12.37 13.06 13.36 13.34 12.93 12.42 11.94 11.31 10.15 9.06 8.53 8.34 8.40 8.71 8.88 8.60 7.98 7.48 7.36 7.66 8.30 9.18 10.13 10.83 11.13 11.00 10.43 9.37 7.97 7.07 7.30 8.10 8.51 8.45 8.73 9.37 10.07 10.69 11.02 10.91 10.57 10.56 11.10 10.85 9.40 7.64 6.61 5.74 5.03 4.57 4.51 4.75 5.10 5.49 5.98 6.69 7.62 8.50 9.15 9.58 9.74 9.61 9.43 9.33 9.30 9.45 10.08 11.06 11.65 11.60 10.99 9.86 8.36 7.09 6.52 6.52 6.85
10.59 10.35 10.07 10.18 10.72 11.42 11.83 11.82 11.50 11.35 11.42 11.42 11.22 10.66 10.02 9.49 9.06 8.69 8.48 8.21 7.70 7.18 7.08 7.29 7.75 8.37 8.96 9.24 9.07 8.64 7.99 7.00 5.99 5.28 5.42 6.31 6.85 6.73 6.59 6.90 7.41 8.10 8.85 9.45 9.90 10.17 10.49 10.78 10.25 8.56 6.83 5.40 4.40 4.08 4.28 4.83 5.31 5.68 6.20 7.00 7.88 8.73 9.35 9.71 9.90 9.99 10.02 10.03 10.05 10.05 10.33 11.13 11.71 11.35 10.11 8.39 6.81 5.80 5.35 5.46 6.02 6.70
10.84 10.96 10.45 9.83 9.29 9.16 8.98 8.51 8.11 8.33 8.89 9.46 9.81 10.05 10.09 9.86 9.38 8.76 8.17 7.51 6.77 6.47 6.65 6.97 7.25 7.41 7.29 6.84 6.30 5.93 5.53 5.08 4.82 4.85 5.13 5.47 5.62 5.68 5.78 5.98 6.19 6.49 6.89 7.42 8.24 9.58 10.34 10.58 9.90 8.44 6.55 5.01 4.37 4.60 5.33 5.98 6.23 6.41 6.97 7.95 9.02 9.77 10.29 10.63 10.87 11.09 11.17 11.03 10.80 10.69 11.03 11.60 11.19 9.42 7.38 6.10 5.69 5.54 5.67 6.29 7.25 8.10
11.02 10.77 9.89 8.93 7.65 6.73 6.04 5.47 5.36 5.65 6.18 6.65 7.27 8.08 8.93 9.32 9.19 8.64 7.90 7.09 6.47 6.30 6.40 6.47 6.40 6.13 5.74 5.44 5.30 5.24 5.21 5.30 5.59 5.85 5.88 5.93 6.05 6.22 6.36 6.45 6.53 6.67 6.98 7.69 8.75 10.14 10.71 10.49 9.43 7.82 6.42 5.69 5.63 6.25 7.00 7.34 7.17 7.18 7.90 9.21 10.36 11.23 11.76 12.05 12.34 12.66 12.72 12.48 12.13 11.88 11.86 11.36 9.56 7.42 6.40 6.41 6.69 6.66 6.79 7.50 8.60 9.35
10.63 9.77 8.45 7.43 6.02 5.11 4.81 4.76 4.90 5.42 5.90 6.14 6.55 7.29 8.06 8.58 8.69 8.40 7.80 7.15 6.72 6.49 6.31 6.10 5.89 5.72 5.72 5.92 6.08 6.10 6.07 6.12 6.44 6.95 7.22 7.41 7.56 7.65 7.66 7.78 8.10 8.61 9.22 10.12 11.07 11.54 11.12 10.19 8.93 7.74 6.90 6.70 7.06 7.77 8.45 8.64 8.32 8.52 9.58 11.02 12.31 13.14 13.49 13.56 13.56 13.65 13.75 13.71 13.55 13.07 12.29 10.92 8.69 7.64 7.88 8.43 8.50 8.20 8.21 8.87 9.80 10.46
10.13 9.29 7.73 6.29 5.30 5.07 5.60 6.26 6.90 7.63 8.12 8.29 8.54 8.67 8.59 8.36 8.24 8.18 7.90 7.49 7.07 6.67 6.29 6.08 6.08 6.28 6.63 6.97 7.22 7.32 7.27 7.13 7.31 7.87 8.42 8.84 9.08 9.15 9.11 9.37 10.08 10.80 11.58 12.23 12.41 11.75 10.50 9.30 8.49 7.99 7.57 7.63 8.21 9.08 9.67 9.66 9.62 10.13 11.50 13.00 14.04 14.39 14.24 13.95 13.66 13.48 13.49 13.53 13.63 13.32 12.58 11.72 10.57 10.37 11.05 11.50 11.31 10.80 10.71 10.98 11.39 11.84
9.97 9.28 7.66 6.24 5.88 6.83 8.27 9.40 10.27 10.89 11.23 11.34 11.16 10.47 9.48 8.62 8.20 8.10 7.98 7.71 7.30 6.86 6.52 6.47 6.74 7.09 7.40 7.74 8.12 8.42 8.58 8.67 8.88 9.22 9.66 10.16 10.61 10.79 10.98 11.42 12.02 12.52 12.72 12.45 11.48 9.86 8.26 7.58 7.79 7.98 8.29 8.78 9.59 10.36 10.60 10.29 10.47 11.53 13.04 14.07 14.34 13.97 13.30 12.80 12.57 12.54 12.68 12.68 12.59 12.62 12.85 13.13 13.64 14.03 14.47 14.87 14.92 14.69 14.42 14.02 13.67 13.44
9.42 8.36 6.73 6.19 7.17 9.09 10.96 12.28 13.05 13.24 13.10 12.76 12.19 11.16 10.11 9.24 8.65 8.28 8.06 7.82 7.52 7.29 7.20 7.33 7.56 7.80 8.08 8.49 8.93 9.35 9.87 10.48 11.10 11.58 11.91 12.19 12.27 12.25 12.58 13.06 13.21 12.90 12.14 10.83 9.04 7.23 6.23 6.35 7.48 8.41 9.26 10.11 10.84 11.13 10.95 10.63 11.23 12.60 13.50 13.71 13.08 12.11 11.25 10.81 10.88 11.21 11.53 11.63 11.43 11.56 12.43 13.47 14.49 15.15 15.60 16.17 16.51 16.49 16.13 15.61 14.90 14.26
7.92 6.94 6.15 6.93 9.08 11.47 13.04 13.74 13.86 13.48 12.89 12.29 11.68 10.98 10.40 9.80 9.13 8.51 8.16 7.99 7.91 8.02 8.31 8.60 8.78 8.92 9.25 9.66 10.05 10.56 11.36 12.34 13.20 13.80 14.03 13.75 13.28 13.06 13.17 13.13 12.52 11.38 9.85 8.06 6.56 5.82 5.91 6.90 8.42 9.67 10.83 11.73 12.06 11.76 11.30 11.34 12.12 12.81 12.98 12.23 11.01 9.84 8.93 8.44 8.69 8.96 9.16 9.35 9.58 10.02 10.77 11.80 12.87 13.55 13.99 14.42 14.79 14.90 14.89 14.66 14.26 13.62
7.95 7.68 8.05 9.66 11.83 13.45 13.94 13.62 12.95 12.03 11.34 10.86 10.41 10.19 10.01 9.67 9.15 8.59 8.36 8.46 8.80 9.38 9.98 10.36 10.58 10.74 11.01 11.37 11.80 12.44 13.32 14.07 14.41 14.37 13.91 13.18 12.74 12.47 12.13 11.25 9.95 8.51 6.95 5.70 5.41 5.98 7.17 8.79 10.07 11.33 12.29 12.65 12.57 12.33 11.95 12.00 12.32 12.27 11.56 10.13 8.71 7.54 6.47 6.10 6.28 6.25 6.09 6.38 7.07 7.74 8.82 9.62 10.11 10.27 10.32 10.51 10.44 10.71 11.11 11.35 11.96 12.34
9.54 10.22 11.57 12.75 13.69 14.07 13.42 12.25 11.11 10.38 9.98 9.64 9.32 9.17 9.09 8.98 8.78 8.61 8.73 9.20 9.98 10.84 11.50 11.96 12.14 12.36 12.68 13.09 13.61 14.23 14.69 14.59 13.88 12.78 11.52 10.72 10.88 10.70 9.73 8.23 6.77 5.79 5.12 5.24 6.07 7.23 8.76 10.26 11.55 12.55 12.83 12.68 12.33 12.14 12.08 11.95 11.68 10.97 9.60 8.07 6.69 5.38 4.63 4.70 4.98 4.96 4.98 5.40 6.01 6.72 7.54 8.28 8.49 8.23 7.81 7.60 7.76 8.47 9.06 9.44 10.05 10.86
10.81 11.74 13.03 13.54 13.64 13.14 11.95 10.75 9.76 9.39 9.22 8.91 8.62 8.41 8.31 8.37 8.49 8.68 9.03 9.48 10.05 10.63 11.23 11.90 12.34 12.80 13.34 13.90 14.30 14.43 14.03 12.93 11.27 9.78 8.80 8.65 8.76 8.11 6.73 5.57 4.84 4.65 5.10 6.28 7.45 8.63 10.05 11.36 12.41 12.72 12.25 11.57 11.17 11.12 11.18 11.05 10.56 9.67 8.25 6.85 5.54 4.43 4.16 4.58 4.96 5.13 5.55 6.31 6.89 7.05 7.27 7.53 7.58 7.26 6.72 6.53 7.14 8.15 8.53 8.59 9.07 9.59
11.65 12.08 12.60 12.68 12.32 11.41 10.36 9.56 9.06 8.85 8.64 8.28 8.04 7.87 7.88 8.09 8.41 8.69 8.87 8.92 8.98 9.14 9.59 10.35 11.39 12.30 13.08 13.49 13.36 12.65 11.35 9.61 7.91 6.93 6.65 6.72 6.32 5.46 4.69 4.50 4.75 5.45 6.61 7.78 8.96 10.18 11.23 12.19 12.56 12.15 11.31 10.66 10.30 10.12 10.07 10.01 9.73 9.06 7.87 6.52 5.46 5.04 5.43 6.12 6.53 6.74 7.35 7.82 7.66 7.31 7.17 7.19 7.04 6.69 6.31 6.43 7.16 7.72 7.59 7.56 7.99 8.29
12.36 11.79 11.29 11.29 10.66 10.09 9.32 8.67 8.41 8.25 7.97 7.67 7.43 7.38 7.63 8.03 8.43 8.62 8.63 8.55 8.62 8.91 9.51 10.40 11.47 12.25 12.46 12.09 11.15 9.81 8.18 6.72 5.54 4.99 4.94 4.97 4.70 4.43 4.52 5.07 5.98 7.14 8.19 9.36 10.59 11.61 12.30 12.56 12.17 11.32 10.49 9.94 9.56 9.40 9.52 9.60 9.50 9.03 8.18 7.15 6.59 6.82 7.53 8.14 8.47 8.81 9.06 8.64 7.79 7.46 7.53 7.17 6.64 6.42 6.45 6.66 7.01 7.08 6.83 6.92 7.25 7.44
12.71 11.78 10.61 10.37 10.12 9.72 9.31 8.77 8.41 8.23 7.93 7.65 7.44 7.49 7.81 8.22 8.62 8.89 9.08 9.31 9.80 10.59 11.50 12.23 12.50 12.21 11.34 10.08 8.63 7.20 5.78 4.80 4.43 4.49 4.62 4.77 4.97 5.32 5.78 6.39 7.28 8.26 9.42 10.79 12.00 12.80 13.01 12.48 11.54 10.46 9.55 8.95 8.78 8.93 9.33 9.63 9.49 9.20 8.91 8.71 8.82 9.39 10.05 10.46 10.63 10.53 10.05 9.33 8.75 8.68 8.31 7.48 6.63 6.64 6.92 6.86 6.84 6.94 6.97 7.04 7.20 7.30
12.96 11.98 10.58 10.12 9.89 9.75 9.74 9.56 9.29 9.16 9.01 8.65 8.53 8.59 8.74 8.82 9.03 9.44 9.95 10.54 11.35 12.21 12.69 12.61 11.96 10.82 9.41 7.85 6.33 5.10 4.36 4.23 4.62 5.29 5.70 5.95 6.26 6.70 7.23 7.67 8.25 9.09 10.45 11.90 12.99 13.41 13.02 12.03 10.84 9.70 8.77 8.40 8.53 8.93 9.33 9.37 9.11 9.30 9.70 10.30 11.26 12.30 13.06 13.41 13.07 12.43 11.52 10.82 10.67 10.28 9.04 7.68 7.23 7.65 7.73 7.21 7.10 7.48 7.67 7.62 7.52 7.44
12.84 11.75 10.31 9.79 9.59 9.76 9.88 9.94 9.89 9.86 9.78 9.52 9.51 9.62 9.67 9.54 9.41 9.64 10.29 11.10 11.79 12.02 11.57 10.55 9.36 8.22 7.09 5.84 4.67 4.13 4.29 5.15 6.03 6.61 7.04 7.39 7.70 8.02 8.43 8.68 9.12 10.01 11.51 12.76 13.46 13.29 12.39 11.25 10.26 9.48 8.91 8.70 8.86 9.11 9.06 8.78 8.86 9.60 10.41 11.59 12.99 14.05 14.58 14.65 14.58 14.09 13.41 12.92 12.25 11.18 9.79 8.68 8.66 8.93 8.63 8.14 8.33 8.85 8.88 8.46 7.96 7.62
12.36 11.62 10.47 9.85 9.61 9.61 9.74 9.88 9.90 9.75 9.42 9.12 9.18 9.35 9.48 9.46 9.27 9.39 9.99 10.64 10.73 10.05 8.83 7.57 6.56 5.76 5.03 4.39 4.11 4.48 5.65 6.91 7.61 8.00 8.27 8.58 8.96 9.24 9.37 9.59 10.14 11.13 12.27 13.11 13.07 12.21 11.03 10.28 10.03 9.87 9.75 9.75 9.59 9.51 9.21 9.03 9.41 10.28 11.07 12.37 13.49 14.25 14.36 14.07 14.09 14.14 14.07 14.06 13.53 12.64 11.97 11.49 11.16 10.53 9.75 9.63 10.20 10.64 10.18 9.21 8.23 7.55
12.45 12.06 11.10 10.41 10.11 9.90 9.81 9.84 9.81 9.63 9.22 8.85 8.75 8.74 8.72 8.66 8.73 9.05 9.55 9.52 8.64 7.20 5.85 4.87 4.10 3.54 3.23 3.37 4.22 5.73 7.32 8.29 8.83 9.13 9.37 9.62 9.80 9.83 9.88 10.17 10.94 11.82 12.65 12.81 12.09 10.68 9.86 9.62 9.79 10.26 10.38 10.41 10.44 10.23 9.90 9.76 9.92 10.52 11.32 12.48 13.03 12.81 11.90 11.49 11.84 12.64 13.33 13.94 14.39 14.47 14.52 14.25 13.50 12.56 11.75 11.74 11.93 11.57 10.50 8.93 7.74 7.15
12.84 12.14 11.10 10.60 10.45 10.32 10.03 9.84 9.81 9.88 9.84 9.56 9.28 8.93 8.58 8.29 8.40 8.76 8.75 7.85 6.25 4.71 3.60 2.97 2.63 2.51 2.71 3.40 4.62 6.17 7.54 8.27 8.72 9.10 9.48 9.79 9.74 9.69 9.80 10.32 11.19 12.13 12.68 12.35 11.44 10.31 9.67 9.49 9.62 9.97 10.40 10.54 10.78 10.67 10.29 9.83 9.74 10.00 10.85 11.75 11.91 11.04 9.95 9.58 9.85 10.70 11.81 12.77 13.65 14.34 14.83 14.94 14.43 13.91 13.63 13.34 12.49 11.06 9.39 8.01 7.32 7.04
12.53 11.43 10.12 9.97 10.10 10.12 9.83 9.51 9.53 9.79 10.00 9.87 9.56 9.15 8.78 8.43 8.37 8.27 7.58 6.17 4.78 3.75 3.15 2.95 2.98 3.23 3.79 4.54 5.35 6.08 6.64 7.07 7.38 7.72 8.13 8.49 8.74 8.97 9.44 10.29 11.16 12.02 12.22 11.54 10.66 9.90 9.31 9.20 9.31 9.49 9.81 10.32 10.50 10.40 9.98 9.29 9.04 9.15 10.04 10.84 10.67 9.56 8.75 8.85 9.38 9.93 10.39 10.80 11.38 12.02 12.56 12.98 13.33 13.55 13.61 13.28 11.88 9.93 8.64 8.06 7.69 7.04
11.24 10.44 9.57 9.48 9.37 9.02 8.64 8.55 8.60 8.93 9.29 9.39 9.20 8.92 8.73 8.47 8.24 7.74 6.80 5.76 5.03 4.66 4.55 4.60 4.76 5.13 5.57 6.08 6.46 6.63 6.73 6.72 6.67 6.67 6.82 7.21 7.89 8.45 9.21 10.14 10.91 11.36 10.94 9.60 8.26 7.74 7.79 8.05 8.33 8.89 9.32 9.74 9.90 9.59 9.07 8.53 8.30 8.63 9.37 10.04 9.82 8.78 8.40 8.67 9.24 9.59 9.44 9.15 9.18 9.52 9.57 9.97 10.87 11.78 12.22 12.18 11.44 10.22 9.30 8.80 7.81 6.69
10.23 10.25 10.24 9.96 9.16 8.33 7.95 7.83 7.77 7.97 8.42 8.78 8.88 8.77 8.60 8.27 7.94 7.45 6.85 6.41 6.33 6.42 6.59 6.73 6.89 7.10 7.38 7.55 7.71 7.84 7.79 7.48 7.05 6.72 6.69 7.11 7.77 8.37 9.15 9.96 10.47 10.35 9.18 7.19 6.15 6.23 6.78 7.40 8.06 8.59 9.05 9.32 9.15 8.75 8.32 8.15 8.19 8.63 9.14 9.63 9.61 9.16 8.96 8.93 8.94 8.61 8.14 7.90 8.05 8.31 8.40 8.59 9.20 10.01 10.28 10.73 11.21 11.14 10.48 9.29 7.70 6.98
10.74 11.22 11.63 11.13 10.22 9.02 8.28 7.87 7.51 7.33 7.47 7.94 8.39 8.59 8.45 8.02 7.69 7.44 7.34 7.56 7.93 8.34 8.68 8.90 9.02 8.97 8.83 8.69 8.56 8.46 8.35 8.08 7.71 7.39 7.28 7.54 8.15 8.74 9.50 10.05 10.09 9.41 7.99 6.55 6.36 7.04 7.93 8.77 9.23 9.26 9.13 9.03 8.68 8.38 8.18 8.23 8.33 8.76 9.12 9.67 9.95 9.82 9.33 8.66 8.04 7.47 7.09 7.12 7.57 7.98 8.15 8.39 8.68 9.02 9.16 9.71 10.68 11.36 11.36 10.63 9.47 9.30
