project/data/elevation/US_DEM2016/US_DEM2016_point_10-31-2019_0854_30m_vel.asc
ncols	125
nrows	167
xllcorner	-2042055.000000
yllcorner	1465035.000000
cellsize	30.000000
NODATA_value	-9999.000000
[rows 114 to 151 of 167, columns 0 to 83 of 125]
7.10 7.07 7.10 7.20 7.39 7.68 7.84 7.56 6.96 6.31 5.72 5.17 4.76 4.50 4.50 4.83 5.47 6.18 6.72 7.13 7.47 7.52 7.19 7.05 7.39 7.75 7.93 7.98 7.94 7.74 7.49 7.05 6.50 6.16 6.08 6.21 6.54 6.91 7.16 7.30 7.48 7.72 7.90 7.97 7.79 7.43 7.14 7.01 6.99 7.07 7.17 7.14 7.00 6.73 6.31 6.01 6.02 6.39 6.83 7.08 7.11 6.97 6.81 6.69 6.65 6.70 6.79 6.80 6.65 6.47 6.39 6.35 6.35 6.38 6.37 6.31 6.21 6.11 6.11 6.19 6.11 5.80 5.55 5.39
7.23 7.23 7.24 7.23 7.28 7.31 7.16 6.67 5.97 5.30 4.77 4.37 4.13 4.18 4.74 5.66 6.60 7.39 7.96 8.21 8.04 7.47 6.72 6.52 6.83 7.07 7.22 7.46 7.66 7.83 8.00 7.97 7.62 6.91 6.21 6.04 6.45 7.00 7.39 7.62 7.79 7.94 7.98 7.85 7.46 6.89 6.50 6.46 6.61 6.87 7.24 7.42 7.41 7.16 6.64 5.99 5.67 5.83 6.20 6.56 6.82 6.97 7.06 7.10 7.09 7.04 6.92 6.73 6.53 6.41 6.40 6.42 6.44 6.40 6.31 6.23 6.22 6.22 6.24 6.18 5.94 5.62 5.38 5.15
7.33 7.36 7.35 7.28 7.18 6.99 6.66 6.24 5.89 5.68 5.55 5.43 5.51 5.95 6.76 7.69 8.43 8.76 8.79 8.54 8.00 7.32 6.61 6.17 6.12 6.13 6.32 6.75 7.09 7.33 7.59 7.92 8.06 7.86 7.42 7.22 7.32 7.57 7.72 7.80 7.80 7.78 7.75 7.64 7.30 6.78 6.30 6.16 6.41 6.85 7.27 7.61 7.76 7.71 7.48 7.18 6.83 6.55 6.45 6.53 6.68 6.83 6.97 7.09 7.17 7.15 6.98 6.72 6.45 6.27 6.23 6.29 6.37 6.39 6.36 6.33 6.33 6.38 6.43 6.41 6.30 6.13 6.04 5.99
7.32 7.30 7.27 7.21 7.06 6.80 6.48 6.26 6.26 6.45 6.73 7.13 7.64 8.20 8.72 9.05 9.07 8.78 8.35 7.85 7.44 7.25 7.03 6.56 6.12 5.89 5.89 6.20 6.50 6.55 6.55 6.88 7.50 7.99 8.16 8.13 7.98 7.79 7.57 7.40 7.32 7.36 7.45 7.48 7.37 7.04 6.50 6.18 6.37 6.79 7.08 7.28 7.55 7.77 7.89 7.96 7.97 7.84 7.53 7.18 6.97 6.88 6.86 6.84 6.87 6.85 6.72 6.52 6.33 6.18 6.10 6.11 6.19 6.32 6.43 6.50 6.55 6.60 6.67 6.80 6.97 7.11 7.20 7.33
7.24 7.17 7.11 7.08 6.98 6.79 6.59 6.47 6.49 6.70 7.21 7.90 8.56 8.96 9.07 8.80 8.19 7.62 7.28 6.94 6.83 7.00 7.17 7.06 6.74 6.35 6.07 6.04 6.24 6.20 5.91 5.90 6.37 7.14 7.66 7.81 7.69 7.44 7.20 7.04 7.04 7.18 7.34 7.39 7.33 7.17 6.79 6.34 6.33 6.52 6.65 6.72 6.91 7.28 7.62 7.85 8.05 8.18 8.12 7.82 7.42 7.08 6.81 6.59 6.38 6.17 6.00 6.06 6.22 6.32 6.31 6.26 6.28 6.39 6.54 6.68 6.79 6.85 6.95 7.14 7.36 7.59 7.81 7.93
7.13 7.05 6.99 7.00 6.95 6.85 6.75 6.68 6.72 6.99 7.55 8.11 8.42 8.42 8.15 7.67 7.21 6.91 6.63 6.37 6.29 6.36 6.56 6.76 6.77 6.57 6.35 6.30 6.44 6.46 6.20 5.85 5.80 6.13 6.70 7.07 7.19 7.15 7.11 7.11 7.15 7.24 7.29 7.23 7.10 7.07 6.94 6.62 6.41 6.36 6.33 6.38 6.57 6.94 7.32 7.54 7.64 7.70 7.77 7.77 7.57 7.17 6.77 6.39 5.96 5.63 5.64 5.99 6.38 6.63 6.71 6.69 6.63 6.59 6.61 6.72 6.82 6.88 6.95 7.06 7.16 7.24 7.34 7.36
7.05 7.00 6.98 6.99 6.95 6.91 6.91 6.93 7.06 7.45 7.92 8.14 8.05 7.75 7.38 7.04 6.84 6.62 6.26 5.94 5.77 5.72 5.91 6.23 6.36 6.34 6.40 6.53 6.68 6.79 6.75 6.41 5.99 5.86 6.05 6.42 6.73 6.95 7.13 7.24 7.28 7.30 7.25 7.04 6.80 6.79 6.87 6.74 6.49 6.32 6.25 6.35 6.62 6.96 7.25 7.39 7.30 7.15 7.13 7.22 7.22 7.02 6.72 6.38 6.10 6.06 6.27 6.53 6.70 6.80 6.87 6.89 6.82 6.70 6.59 6.53 6.53 6.60 6.71 6.81 6.84 6.81 6.76 6.66
7.10 7.09 7.07 7.00 6.94 6.99 7.12 7.28 7.52 7.90 8.12 8.06 7.83 7.57 7.32 7.05 6.75 6.38 6.10 5.99 6.01 6.13 6.28 6.32 6.26 6.24 6.38 6.54 6.68 6.84 6.95 6.87 6.61 6.29 6.07 6.10 6.39 6.70 6.93 7.11 7.22 7.29 7.18 6.78 6.38 6.33 6.49 6.50 6.31 6.18 6.20 6.35 6.57 6.76 6.93 7.07 7.06 6.92 6.81 6.78 6.82 6.81 6.75 6.71 6.78 6.93 7.02 6.99 6.90 6.81 6.78 6.77 6.76 6.72 6.63 6.49 6.42 6.54 6.70 6.72 6.65 6.56 6.51 6.45
7.18 7.16 7.07 6.97 6.95 7.04 7.25 7.60 8.04 8.23 8.16 7.91 7.68 7.49 7.27 6.92 6.56 6.37 6.45 6.70 6.89 6.93 6.79 6.56 6.37 6.30 6.36 6.48 6.58 6.72 6.87 6.93 6.89 6.71 6.45 6.33 6.45 6.66 6.78 6.94 7.09 7.11 6.77 6.15 5.75 5.75 5.98 6.13 6.06 5.95 5.92 5.95 6.02 6.12 6.25 6.49 6.72 6.83 6.81 6.74 6.71 6.74 6.79 6.87 6.96 7.03 7.04 7.03 7.02 6.97 6.86 6.76 6.73 6.72 6.67 6.61 6.62 6.66 6.59 6.42 6.25 6.14 6.13 6.19
7.07 6.99 6.88 6.86 6.93 7.07 7.28 7.61 7.97 8.03 7.80 7.49 7.27 7.02 6.65 6.42 6.44 6.65 6.89 6.99 6.90 6.71 6.57 6.58 6.64 6.59 6.46 6.43 6.44 6.51 6.66 6.71 6.66 6.63 6.68 6.77 6.83 6.85 6.81 6.92 6.90 6.54 5.80 5.19 5.03 5.18 5.51 5.82 5.88 5.73 5.54 5.38 5.27 5.30 5.49 5.82 6.23 6.53 6.63 6.63 6.65 6.72 6.75 6.71 6.66 6.73 6.86 6.97 7.07 7.11 7.06 6.93 6.80 6.65 6.52 6.49 6.45 6.30 6.03 5.84 5.79 5.78 5.74 5.76
6.99 6.93 6.88 6.88 6.95 7.06 7.20 7.34 7.39 7.26 7.03 6.85 6.68 6.29 5.97 6.17 6.48 6.62 6.51 6.23 6.01 6.00 6.21 6.54 6.81 6.89 6.74 6.52 6.37 6.34 6.49 6.58 6.53 6.56 6.71 6.85 6.87 6.82 6.75 6.75 6.43 5.72 5.09 4.90 4.94 5.06 5.28 5.62 5.78 5.76 5.68 5.51 5.26 5.07 5.09 5.41 5.85 6.11 6.24 6.41 6.57 6.70 6.80 6.92 7.03 7.14 7.16 7.08 6.98 6.93 6.96 6.94 6.76 6.47 6.28 6.18 6.03 5.87 5.73 5.70 5.73 5.67 5.49 5.37
7.20 7.28 7.27 7.11 6.99 6.96 6.99 6.99 6.86 6.66 6.55 6.57 6.40 6.01 5.95 6.15 6.16 5.90 5.52 5.28 5.36 5.73 6.23 6.66 6.92 7.02 6.99 6.82 6.59 6.39 6.41 6.54 6.57 6.52 6.45 6.36 6.34 6.37 6.43 6.33 5.94 5.52 5.53 5.79 5.92 5.84 5.79 5.86 5.98 6.09 6.11 6.02 5.82 5.58 5.47 5.57 5.79 6.03 6.26 6.50 6.65 6.75 6.95 7.28 7.48 7.49 7.29 7.04 6.84 6.72 6.70 6.68 6.53 6.31 6.12 5.93 5.76 5.68 5.72 5.79 5.75 5.57 5.39 5.40
7.35 7.42 7.37 7.09 6.85 6.75 6.74 6.69 6.58 6.52 6.57 6.57 6.31 5.99 5.83 5.63 5.31 5.06 4.97 5.10 5.49 6.00 6.52 6.87 6.98 6.97 7.00 6.98 6.81 6.56 6.46 6.55 6.57 6.37 6.05 5.86 5.90 6.08 6.21 6.14 6.05 6.23 6.57 6.80 6.90 6.90 6.80 6.64 6.53 6.44 6.31 6.14 6.03 5.98 5.96 5.95 6.03 6.26 6.50 6.68 6.71 6.79 6.96 7.15 7.11 6.94 6.79 6.77 6.81 6.80 6.67 6.47 6.29 6.17 6.01 5.76 5.46 5.23 5.22 5.37 5.54 5.63 5.76 5.95
7.09 6.96 6.68 6.52 6.45 6.49 6.56 6.55 6.49 6.46 6.42 6.28 6.03 5.75 5.44 5.13 4.96 5.03 5.40 5.98 6.49 6.80 6.93 6.81 6.58 6.57 6.68 6.73 6.67 6.56 6.52 6.60 6.64 6.48 6.19 6.08 6.18 6.32 6.39 6.46 6.65 6.87 6.97 7.03 7.18 7.40 7.53 7.49 7.27 6.94 6.67 6.46 6.30 6.22 6.18 6.17 6.26 6.43 6.58 6.66 6.65 6.69 6.74 6.67 6.49 6.38 6.49 6.75 6.93 6.90 6.67 6.35 6.15 6.03 5.92 5.78 5.54 5.18 4.92 4.97 5.40 5.95 6.32 6.39
6.64 6.27 5.89 5.89 6.06 6.31 6.48 6.51 6.45 6.34 6.17 5.97 5.82 5.74 5.69 5.67 5.84 6.23 6.84 7.39 7.66 7.58 7.16 6.59 6.21 6.20 6.28 6.29 6.32 6.36 6.41 6.50 6.65 6.71 6.71 6.76 6.82 6.77 6.72 6.76 6.83 6.81 6.85 7.01 7.30 7.62 7.93 8.08 8.03 7.77 7.46 7.20 6.94 6.69 6.47 6.33 6.32 6.38 6.49 6.59 6.56 6.56 6.52 6.38 6.28 6.42 6.72 6.94 6.85 6.57 6.32 6.16 6.03 5.89 5.79 5.84 5.94 5.89 5.63 5.48 5.73 6.18 6.41 6.26
6.60 6.30 5.96 6.03 6.26 6.47 6.54 6.50 6.42 6.32 6.19 6.06 6.06 6.26 6.58 6.92 7.32 7.69 7.93 8.02 7.89 7.53 7.00 6.52 6.24 6.16 6.10 6.08 6.14 6.22 6.24 6.30 6.51 6.75 6.89 6.93 6.89 6.80 6.74 6.69 6.60 6.58 6.75 7.05 7.44 7.81 8.07 8.20 8.25 8.15 7.84 7.46 7.15 6.94 6.74 6.54 6.38 6.27 6.34 6.47 6.52 6.52 6.49 6.43 6.49 6.74 6.92 6.79 6.33 5.93 5.84 5.86 5.85 5.83 5.79 5.75 5.85 6.11 6.31 6.35 6.32 6.29 6.17 6.05
6.89 6.83 6.82 7.01 7.11 6.98 6.69 6.51 6.43 6.39 6.35 6.37 6.55 6.93 7.32 7.65 7.87 7.92 7.79 7.48 7.03 6.57 6.31 6.24 6.24 6.22 6.18 6.23 6.33 6.39 6.35 6.34 6.50 6.72 6.79 6.64 6.50 6.51 6.59 6.60 6.57 6.65 6.91 7.21 7.51 7.71 7.74 7.65 7.63 7.64 7.45 7.21 7.08 7.01 6.90 6.76 6.60 6.46 6.35 6.42 6.54 6.60 6.60 6.65 6.80 6.95 6.84 6.39 5.85 5.64 5.64 5.68 5.71 5.83 6.00 5.97 5.81 5.79 6.08 6.46 6.66 6.68 6.67 6.90
7.07 7.15 7.37 7.55 7.54 7.30 6.90 6.56 6.43 6.42 6.48 6.64 6.92 7.24 7.42 7.44 7.37 7.23 6.93 6.40 5.84 5.54 5.59 5.89 6.15 6.30 6.41 6.55 6.69 6.78 6.85 6.90 6.98 7.05 7.02 6.84 6.63 6.57 6.61 6.72 6.91 7.18 7.41 7.48 7.48 7.35 7.06 6.79 6.75 6.91 7.04 7.10 7.16 7.11 6.98 6.87 6.80 6.73 6.60 6.58 6.64 6.71 6.78 6.88 6.96 6.89 6.55 6.06 5.79 5.72 5.72 5.75 5.80 5.88 6.02 6.15 6.16 6.00 5.96 6.28 6.84 7.38 7.81 8.16
7.11 7.22 7.38 7.44 7.42 7.39 7.21 6.85 6.59 6.55 6.62 6.75 6.93 7.02 6.96 6.89 6.85 6.63 6.16 5.63 5.33 5.35 5.65 5.99 6.22 6.39 6.57 6.75 6.90 7.06 7.28 7.48 7.60 7.61 7.55 7.40 7.16 6.96 6.81 6.90 7.22 7.52 7.57 7.47 7.29 6.97 6.52 6.20 6.21 6.53 6.93 7.18 7.24 7.14 7.03 6.97 6.94 6.93 6.85 6.74 6.73 6.79 6.89 6.95 6.92 6.68 6.23 5.90 5.83 5.84 5.86 5.88 5.96 6.03 5.99 6.03 6.27 6.51 6.63 6.84 7.37 7.89 8.20 8.26
7.20 7.35 7.55 7.60 7.60 7.56 7.53 7.39 7.14 6.92 6.78 6.68 6.60 6.53 6.56 6.69 6.69 6.39 6.01 5.86 5.97 6.16 6.30 6.39 6.45 6.52 6.67 6.83 7.01 7.16 7.33 7.53 7.69 7.80 7.86 7.88 7.79 7.58 7.27 7.14 7.25 7.32 7.32 7.30 7.12 6.73 6.30 6.09 6.15 6.50 6.98 7.29 7.36 7.28 7.18 7.10 7.04 7.00 6.88 6.76 6.73 6.76 6.82 6.85 6.80 6.57 6.21 5.99 5.94 5.98 6.02 6.02 6.01 6.04 6.09 6.16 6.35 6.72 7.21 7.63 7.89 7.85 7.58 7.37
7.42 7.68 8.03 8.06 7.92 7.69 7.65 7.67 7.56 7.23 6.83 6.50 6.28 6.26 6.45 6.61 6.51 6.30 6.32 6.58 6.82 6.87 6.80 6.74 6.72 6.75 6.84 6.95 7.06 7.21 7.32 7.37 7.42 7.60 7.93 8.26 8.44 8.38 8.08 7.61 7.31 7.16 7.21 7.17 6.88 6.49 6.26 6.24 6.41 6.76 7.16 7.44 7.57 7.52 7.38 7.23 7.10 6.98 6.81 6.72 6.69 6.70 6.72 6.72 6.69 6.56 6.37 6.27 6.23 6.23 6.25 6.22 6.10 6.00 6.12 6.45 6.79 7.16 7.72 8.19 8.15 7.61 6.95 6.54
7.52 7.73 8.03 8.10 8.00 7.74 7.56 7.48 7.39 7.11 6.70 6.35 6.20 6.28 6.39 6.35 6.26 6.37 6.68 6.92 6.99 6.96 6.91 6.90 6.91 6.90 6.91 6.94 7.00 7.16 7.34 7.39 7.39 7.55 7.90 8.29 8.57 8.69 8.63 8.27 7.65 7.20 6.97 6.72 6.37 6.21 6.27 6.39 6.62 6.99 7.36 7.58 7.69 7.66 7.53 7.35 7.15 6.97 6.77 6.70 6.71 6.72 6.72 6.70 6.70 6.67 6.60 6.59 6.60 6.60 6.59 6.56 6.45 6.31 6.33 6.66 7.28 8.01 8.62 8.78 8.43 7.73 6.95 6.34
7.35 7.27 7.18 7.28 7.42 7.41 7.24 7.09 7.06 6.95 6.78 6.66 6.68 6.74 6.60 6.32 6.22 6.37 6.55 6.62 6.71 6.85 6.93 6.99 6.99 6.91 6.80 6.76 6.80 6.98 7.20 7.39 7.49 7.59 7.66 7.75 7.90 8.10 8.25 8.15 7.62 7.01 6.49 6.12 5.95 6.01 6.20 6.36 6.68 7.15 7.44 7.54 7.60 7.64 7.58 7.43 7.21 6.98 6.75 6.71 6.77 6.83 6.82 6.77 6.74 6.74 6.77 6.83 6.89 6.96 7.06 7.16 7.17 7.16 7.18 7.40 7.93 8.64 9.07 8.97 8.57 8.10 7.48 6.78
7.00 6.67 6.10 5.89 6.04 6.30 6.53 6.74 6.96 7.17 7.32 7.48 7.60 7.48 7.06 6.59 6.31 6.16 6.04 6.07 6.37 6.73 6.93 7.01 7.01 6.93 6.79 6.65 6.57 6.66 6.81 6.97 7.08 7.14 7.06 6.96 6.95 7.02 7.10 7.08 6.89 6.51 6.10 5.82 5.82 5.97 6.13 6.39 6.89 7.33 7.42 7.37 7.43 7.53 7.55 7.44 7.26 7.04 6.82 6.82 6.92 6.99 6.96 6.88 6.78 6.76 6.85 6.98 7.11 7.26 7.50 7.81 8.12 8.42 8.66 8.81 8.94 9.09 8.99 8.65 8.50 8.50 8.35 7.95
6.62 6.14 5.36 5.06 5.06 5.32 5.82 6.35 6.82 7.26 7.63 7.84 7.84 7.57 7.14 6.70 6.34 6.06 5.95 6.09 6.39 6.67 6.84 6.97 7.05 7.04 6.96 6.78 6.54 6.44 6.45 6.43 6.38 6.39 6.39 6.31 6.21 6.16 6.13 6.14 6.15 6.05 5.92 5.91 6.11 6.35 6.58 6.97 7.41 7.55 7.43 7.32 7.36 7.44 7.47 7.42 7.35 7.31 7.32 7.37 7.34 7.21 7.07 6.97 6.90 6.88 6.94 7.10 7.29 7.52 7.88 8.37 8.94 9.43 9.74 9.77 9.57 9.24 8.78 8.46 8.57 8.89 9.13 9.15
6.41 5.96 5.30 5.14 5.22 5.48 5.84 6.17 6.49 6.88 7.27 7.44 7.32 7.05 6.81 6.58 6.35 6.19 6.24 6.47 6.68 6.84 6.92 7.00 7.08 7.13 7.17 7.14 6.98 6.68 6.46 6.28 6.18 6.11 6.03 5.88 5.69 5.61 5.63 5.71 5.78 5.85 6.04 6.38 6.73 7.05 7.41 7.70 7.80 7.65 7.42 7.32 7.34 7.37 7.38 7.41 7.50 7.71 7.91 7.94 7.68 7.32 7.09 7.03 7.05 7.07 7.06 7.18 7.43 7.80 8.24 8.72 9.16 9.44 9.57 9.50 9.23 8.82 8.45 8.35 8.53 8.83 9.22 9.53
6.68 6.44 6.24 6.35 6.49 6.55 6.46 6.32 6.36 6.56 6.79 6.89 6.78 6.61 6.52 6.44 6.35 6.33 6.47 6.71 6.91 7.10 7.14 7.12 7.10 7.15 7.26 7.37 7.37 7.17 6.78 6.45 6.24 6.07 5.85 5.60 5.39 5.31 5.37 5.50 5.68 5.98 6.45 6.94 7.28 7.52 7.73 7.81 7.70 7.46 7.26 7.16 7.13 7.13 7.19 7.31 7.52 7.72 7.81 7.64 7.33 7.10 6.99 6.98 7.06 7.13 7.16 7.22 7.42 7.81 8.25 8.54 8.60 8.50 8.35 8.23 8.12 8.02 7.96 8.00 8.04 8.18 8.58 9.03
7.12 7.18 7.44 7.77 7.93 7.79 7.30 6.93 6.80 6.74 6.64 6.51 6.43 6.41 6.41 6.39 6.38 6.46 6.69 6.97 7.19 7.36 7.31 7.17 7.08 7.11 7.24 7.37 7.41 7.33 7.05 6.67 6.32 6.04 5.77 5.55 5.39 5.31 5.32 5.50 5.91 6.53 7.13 7.49 7.63 7.64 7.62 7.53 7.37 7.19 7.01 6.84 6.72 6.76 6.91 7.09 7.25 7.30 7.19 6.93 6.81 6.81 6.84 6.89 6.97 7.06 7.13 7.18 7.27 7.48 7.75 7.76 7.54 7.26 7.05 6.97 7.11 7.35 7.52 7.59 7.57 7.63 7.88 8.16
7.25 7.44 7.79 8.10 8.29 8.31 8.16 7.86 7.52 7.13 6.74 6.46 6.36 6.39 6.43 6.47 6.55 6.75 7.02 7.23 7.36 7.36 7.18 7.00 6.93 6.99 7.10 7.19 7.21 7.17 7.04 6.77 6.46 6.16 5.89 5.68 5.51 5.41 5.49 5.88 6.61 7.34 7.73 7.80 7.69 7.54 7.44 7.35 7.21 7.04 6.82 6.59 6.45 6.57 6.73 6.83 6.81 6.68 6.50 6.39 6.41 6.54 6.69 6.80 6.87 6.90 6.96 7.06 7.19 7.31 7.31 7.08 6.83 6.68 6.61 6.69 6.98 7.29 7.45 7.48 7.51 7.56 7.60 7.66
7.18 7.34 7.58 7.70 7.76 7.83 8.04 8.04 7.74 7.28 6.86 6.61 6.50 6.51 6.57 6.70 6.90 7.13 7.30 7.32 7.20 7.00 6.84 6.75 6.76 6.83 6.87 6.83 6.87 6.92 6.88 6.75 6.58 6.36 6.12 5.93 5.79 5.77 6.05 6.70 7.40 7.75 7.72 7.52 7.35 7.27 7.28 7.29 7.20 6.98 6.72 6.53 6.52 6.62 6.68 6.66 6.47 6.13 5.85 5.81 5.96 6.25 6.52 6.69 6.75 6.79 6.85 6.97 7.16 7.30 7.24 7.03 6.86 6.75 6.73 6.96 7.37 7.68 7.80 7.77 7.73 7.68 7.63 7.70
7.16 7.30 7.51 7.54 7.39 7.14 7.13 7.27 7.31 7.16 6.93 6.76 6.68 6.67 6.75 6.94 7.18 7.33 7.30 7.11 6.83 6.59 6.48 6.58 6.73 6.82 6.81 6.74 6.80 6.88 6.86 6.78 6.65 6.48 6.32 6.27 6.34 6.53 6.89 7.32 7.54 7.45 7.23 7.04 7.00 7.08 7.24 7.28 7.14 6.89 6.67 6.59 6.57 6.62 6.67 6.67 6.56 6.30 5.97 5.78 5.88 6.14 6.39 6.56 6.67 6.76 6.86 6.96 7.04 7.06 7.08 7.09 6.97 6.79 6.79 7.18 7.76 8.11 8.19 8.09 7.92 7.76 7.70 7.84
7.20 7.30 7.38 7.29 7.08 6.69 6.38 6.35 6.56 6.73 6.78 6.77 6.75 6.75 6.81 6.94 7.06 7.02 6.76 6.45 6.18 6.03 6.12 6.47 6.85 7.04 7.09 7.09 7.14 7.11 6.99 6.83 6.65 6.51 6.46 6.54 6.75 7.01 7.17 7.19 7.08 6.95 6.87 6.87 6.95 7.08 7.21 7.23 7.06 6.82 6.65 6.50 6.40 6.47 6.66 6.80 6.89 6.89 6.69 6.52 6.44 6.35 6.35 6.45 6.61 6.75 6.88 6.95 6.94 6.90 6.97 7.10 7.03 6.96 7.14 7.75 8.31 8.45 8.29 8.06 7.83 7.70 7.71 7.79
7.21 7.12 6.76 6.25 5.95 5.79 5.73 5.82 6.02 6.25 6.46 6.62 6.70 6.73 6.76 6.76 6.65 6.40 6.10 5.90 5.82 5.88 6.18 6.68 7.04 7.22 7.31 7.36 7.32 7.20 7.06 6.87 6.67 6.56 6.56 6.65 6.78 6.90 6.90 6.83 6.77 6.73 6.79 6.95 7.08 7.13 7.11 7.05 6.94 6.77 6.52 6.28 6.24 6.45 6.73 6.95 7.14 7.31 7.39 7.35 7.12 6.71 6.43 6.43 6.61 6.79 6.92 7.02 7.13 7.27 7.36 7.31 7.32 7.55 8.04 8.52 8.69 8.45 8.12 7.89 7.73 7.70 7.74 7.64
7.03 6.76 6.18 5.49 5.02 5.06 5.37 5.70 5.96 6.20 6.41 6.53 6.61 6.68 6.70 6.62 6.45 6.32 6.35 6.43 6.47 6.59 6.81 7.00 7.09 7.10 7.17 7.17 6.98 6.82 6.83 6.79 6.68 6.62 6.64 6.70 6.77 6.85 6.91 6.97 6.90 6.78 6.83 7.02 7.12 7.08 6.95 6.84 6.71 6.49 6.19 6.09 6.25 6.57 6.85 7.06 7.26 7.48 7.66 7.69 7.52 7.16 6.80 6.72 6.80 6.90 6.99 7.16 7.39 7.55 7.51 7.41 7.59 8.09 8.59 8.69 8.42 7.99 7.76 7.75 7.76 7.76 7.71 7.52
6.85 6.61 6.32 6.02 5.72 5.62 5.72 5.81 5.93 6.18 6.44 6.54 6.59 6.65 6.69 6.69 6.72 6.87 7.07 7.10 6.95 6.86 6.92 6.97 6.92 6.80 6.72 6.56 6.28 6.16 6.29 6.47 6.60 6.67 6.72 6.79 6.94 7.15 7.34 7.40 7.21 6.92 6.79 6.85 6.89 6.85 6.77 6.68 6.47 6.11 5.93 6.08 6.41 6.70 6.88 7.05 7.25 7.45 7.58 7.63 7.63 7.56 7.39 7.22 7.07 6.99 7.01 7.13 7.24 7.23 7.17 7.39 7.90 8.40 8.51 8.17 7.66 7.32 7.22 7.33 7.46 7.46 7.30 7.16
6.87 6.78 6.70 6.62 6.45 6.35 6.23 6.09 6.02 6.14 6.31 6.46 6.57 6.67 6.77 6.91 7.11 7.26 7.17 6.90 6.64 6.52 6.62 6.81 6.82 6.57 6.21 5.89 5.69 5.70 5.91 6.23 6.53 6.74 6.87 7.02 7.24 7.48 7.61 7.56 7.33 7.00 6.71 6.55 6.50 6.57 6.64 6.55 6.25 5.96 5.95 6.21 6.52 6.73 6.85 6.95 7.10 7.26 7.38 7.46 7.54 7.62 7.57 7.35 7.10 6.95 6.92 6.93 6.91 6.89 7.10 7.65 8.19 8.27 7.94 7.42 7.06 6.88 6.81 6.83 6.92 6.94 6.72 6.47
6.97 6.93 6.87 6.78 6.62 6.60 6.74 6.83 6.80 6.60 6.39 6.36 6.50 6.69 6.89 7.13 7.31 7.28 7.07 6.92 6.95 7.02 7.07 7.12 6.96 6.54 6.06 5.77 5.70 5.81 6.02 6.28 6.55 6.80 7.03 7.27 7.45 7.50 7.45 7.34 7.20 7.00 6.70 6.39 6.29 6.42 6.56 6.46 6.21 6.08 6.16 6.36 6.55 6.68 6.75 6.80 6.87 6.95 7.08 7.22 7.34 7.43 7.39 7.18 6.91 6.74 6.72 6.76 6.80 6.98 7.40 7.84 7.86 7.49 7.11 6.91 6.80 6.74 6.71 6.68 6.68 6.66 6.46 6.16
6.90 6.83 6.79 6.92 7.06 7.21 7.40 7.39 7.09 6.64 6.25 6.21 6.45 6.71 6.94 7.14 7.25 7.29 7.45 7.80 8.14 8.22 8.05 7.78 7.35 6.85 6.46 6.31 6.34 6.42 6.48 6.53 6.63 6.81 7.00 7.13 7.16 7.15 7.13 7.10 7.08 7.01 6.83 6.60 6.49 6.49 6.48 6.41 6.29 6.25 6.35 6.52 6.62 6.65 6.65 6.64 6.64 6.67 6.78 6.99 7.17 7.24 7.18 6.95 6.58 6.37 6.45 6.64 6.84 7.10 7.37 7.38 7.00 6.68 6.59 6.63 6.67 6.73 6.75 6.69 6.61 6.51 6.29 6.05
