project/data/elevation/US_DEM2016/US_DEM2016_point_10-30-2019_1437_30m_ang.asc
ncols	125
nrows	167
xllcorner	-2042055.000000
yllcorner	1465035.000000
cellsize	30.000000
NODATA_value	-9999.000000
[rows 84 to 125 of 167, columns 0 to 94 of 125]
344 347 351 352 348 343 341 338 335 332 329 328 328 329 332 334 336 339 344 344 343 344 344 341 339 338 337 338 340 339 337 334 333 334 338 347 354 352 348 345 344 345 345 343 341 338 335 335 337 339 340 340 341 344 347 349 349 349 348 348 346 343 339 334 330 331 338 340 339 337 332 328 326 328 330 330 332 336 340 343 345 344 344 346 352 357 1 2 359 355 352 350 348 346 346
342 346 351 351 346 341 338 336 333 330 328 327 328 330 333 336 339 342 346 345 344 345 343 340 339 338 337 338 341 343 343 342 341 339 340 346 350 348 346 345 346 346 345 343 340 337 334 335 339 343 344 344 344 345 347 348 349 347 346 345 343 341 338 332 329 331 336 338 338 337 334 329 327 327 326 323 321 323 329 334 339 342 342 342 346 354 0 3 2 358 354 352 351 352 353
341 345 350 348 344 340 337 334 331 329 328 328 329 331 335 339 343 347 347 345 343 343 342 339 338 337 336 336 339 343 345 347 346 344 343 345 346 345 346 348 348 345 343 341 338 334 331 334 339 345 347 348 349 348 348 348 347 346 345 343 342 340 336 332 328 330 334 337 338 337 335 333 332 333 333 328 322 319 318 321 326 333 336 335 338 347 356 2 3 360 356 355 356 358 358
340 344 347 345 341 338 335 332 329 328 328 329 331 333 338 345 351 351 347 344 342 340 338 337 335 334 334 335 337 340 343 347 349 348 347 345 345 345 348 350 348 344 342 340 335 329 327 330 337 344 347 350 351 351 351 349 348 346 345 343 342 339 336 331 328 329 335 339 339 338 336 334 335 339 342 341 337 332 328 325 325 327 328 328 331 339 350 357 359 358 356 357 359 360 358
338 342 346 343 340 337 334 331 329 328 328 331 333 337 345 351 352 349 347 345 342 339 336 334 333 332 332 333 335 337 339 344 348 350 351 350 348 349 352 351 348 345 343 340 333 325 321 324 331 337 341 345 348 350 350 350 349 348 346 344 342 339 335 331 328 329 335 340 340 338 335 332 333 340 346 349 348 345 342 339 338 336 335 333 334 338 345 349 352 354 355 358 1 1 357
337 341 344 343 341 337 334 331 329 329 330 333 336 342 349 350 347 345 345 345 343 339 335 333 331 329 329 330 333 336 338 341 345 349 353 354 354 355 355 353 350 347 345 341 333 324 319 320 325 328 331 335 338 340 343 346 348 348 346 344 342 339 336 331 327 328 334 341 341 337 334 330 330 336 345 350 351 350 349 349 348 345 343 342 344 345 345 345 347 351 354 358 0 359 355
337 339 343 344 341 336 332 330 329 330 332 336 340 346 347 343 340 339 340 341 340 338 335 333 330 328 325 325 328 332 336 339 342 347 352 356 359 359 358 354 350 347 346 342 335 327 323 324 327 328 330 332 334 337 340 344 347 347 345 343 341 339 336 331 326 326 333 340 340 337 332 327 326 330 339 346 348 349 351 353 352 350 348 349 352 353 350 348 349 351 353 356 357 355 350
337 339 342 342 339 334 331 329 329 332 336 341 346 347 342 335 332 331 332 333 334 334 334 334 332 328 324 322 322 325 328 332 336 342 349 357 2 3 359 353 349 348 346 343 338 332 329 330 334 336 336 336 337 340 343 346 348 347 345 342 341 340 336 330 325 324 330 337 338 336 331 325 322 325 332 338 341 343 347 350 351 350 350 353 356 357 355 354 353 353 353 353 352 349 345
336 338 340 340 336 332 330 330 332 336 342 348 351 348 342 335 330 328 327 326 327 328 331 334 334 331 327 324 323 324 326 329 332 337 345 356 5 4 358 352 348 347 346 342 339 335 333 334 337 339 340 340 341 342 345 348 349 348 346 344 342 341 336 328 323 323 328 335 338 337 332 325 321 323 329 333 334 336 340 344 346 346 348 352 355 357 357 358 357 355 353 351 349 346 344
336 337 338 337 334 331 330 332 336 341 348 352 351 348 344 340 336 332 330 328 328 330 332 335 335 332 330 329 330 332 334 335 337 339 346 357 5 3 357 351 348 346 344 340 338 336 335 335 337 340 342 344 345 345 346 348 350 350 349 348 345 342 337 329 324 324 329 336 340 339 333 326 323 324 329 328 326 327 330 333 336 339 343 346 349 352 355 357 357 354 352 350 348 346 346
335 336 337 335 332 330 331 334 339 345 349 351 349 346 344 342 340 338 337 335 335 336 338 339 337 332 329 330 333 336 338 339 341 344 350 358 2 359 354 349 346 344 342 339 337 335 334 334 337 340 343 346 348 349 349 350 352 353 353 352 349 345 338 330 325 325 330 337 342 342 336 329 325 326 328 324 318 315 317 320 322 327 333 339 342 346 349 351 352 352 351 350 349 349 348
334 335 336 335 334 333 334 337 341 345 347 348 347 345 342 341 341 340 339 339 339 341 343 343 339 331 327 327 331 334 336 337 339 344 351 357 358 355 350 347 345 342 340 338 336 334 332 332 335 340 344 347 350 351 353 354 355 355 355 353 350 346 339 332 327 326 330 337 342 342 338 333 331 331 331 325 318 314 312 311 313 317 323 330 335 339 344 347 348 349 349 350 349 349 347
334 335 338 339 340 341 342 344 345 345 345 345 345 343 341 339 339 339 339 340 342 344 345 344 339 331 327 327 329 331 332 333 336 341 348 353 354 352 348 345 343 341 340 338 335 332 329 328 332 339 344 347 350 352 355 358 358 358 356 353 350 344 338 332 329 328 331 337 341 340 338 337 339 340 338 332 327 323 318 315 316 318 321 325 330 336 342 345 346 347 348 348 349 348 346
333 336 340 343 345 347 348 349 348 346 345 344 342 340 339 338 337 337 339 341 344 346 345 341 337 331 329 331 334 336 336 337 338 342 347 350 351 349 346 344 343 342 341 338 334 330 326 324 327 334 338 342 346 351 355 358 359 359 357 353 348 342 336 331 329 329 332 336 339 339 338 340 345 347 345 339 335 332 326 323 325 326 327 327 331 338 343 345 345 346 347 347 348 348 346
333 336 341 345 347 349 349 349 348 347 345 343 340 338 337 337 337 338 341 345 349 347 342 338 333 329 330 334 338 340 341 343 344 346 347 349 350 347 345 344 344 344 341 338 335 330 326 324 327 332 332 333 338 344 349 354 358 359 358 353 347 341 335 330 328 327 330 334 337 337 338 342 347 349 348 346 344 339 334 332 334 335 333 333 336 342 345 345 345 346 346 347 347 346 343
335 337 341 344 347 348 348 347 346 346 345 343 339 336 335 336 338 341 345 350 350 345 340 336 331 327 328 333 338 341 343 345 347 348 349 350 349 347 345 346 348 346 342 339 336 332 328 327 332 337 337 335 336 339 344 350 356 359 357 352 347 341 335 332 329 327 328 332 334 336 339 342 344 347 348 349 348 344 340 340 341 341 339 338 342 347 346 345 345 345 346 346 346 344 341
337 338 341 343 344 344 344 344 344 344 344 341 338 336 335 337 340 345 349 350 346 342 338 335 329 326 326 330 335 339 342 345 347 349 351 350 349 348 348 349 348 345 343 341 337 332 329 330 335 341 343 343 342 341 344 350 355 356 355 352 347 342 337 334 332 330 330 332 334 337 340 342 342 343 346 348 347 345 344 345 345 344 342 342 346 347 346 344 345 346 347 347 346 344 340
338 339 340 340 340 339 339 340 341 341 340 338 336 335 337 340 346 350 350 346 341 338 336 332 327 323 324 328 331 334 337 340 344 348 351 352 351 350 350 349 347 344 343 341 337 332 329 330 335 341 344 347 347 346 347 351 353 353 353 350 347 343 339 337 335 333 332 333 336 339 342 342 341 341 342 343 342 343 345 348 348 346 345 345 346 345 343 344 345 346 348 348 348 346 342
340 339 339 339 338 337 336 336 337 337 336 335 334 335 338 344 350 351 348 344 340 337 334 331 326 322 322 325 327 327 328 331 336 342 347 350 351 350 349 347 345 344 342 340 337 332 329 329 334 338 342 345 348 348 350 351 351 350 350 349 346 342 340 338 337 335 333 333 336 339 341 341 340 340 341 339 337 339 343 347 348 348 348 348 347 345 344 344 345 347 348 349 349 347 343
340 340 340 340 339 337 336 335 335 335 333 333 334 336 339 344 347 345 344 343 341 338 336 333 329 326 326 327 327 324 323 324 327 333 339 344 347 347 346 345 344 343 341 339 336 332 329 329 333 335 337 340 343 347 350 350 348 348 347 346 343 341 340 339 339 337 335 333 335 337 338 339 339 339 340 338 335 336 339 342 346 349 350 350 350 349 348 348 348 349 349 350 349 346 342
338 339 342 342 342 340 339 337 335 333 332 332 333 335 336 335 335 337 338 339 339 338 337 335 333 332 335 336 334 331 330 330 331 334 337 340 343 345 345 345 344 343 340 337 335 332 330 331 333 334 334 335 337 340 344 346 345 344 344 343 340 339 339 339 339 338 337 336 336 337 338 337 337 338 340 338 337 336 335 337 340 343 346 348 350 352 352 352 351 350 350 350 348 345 340
334 337 342 344 344 343 341 338 335 333 332 332 334 336 333 328 326 328 331 333 334 336 335 334 331 336 339 341 340 339 339 339 339 340 341 342 344 346 346 347 346 343 339 336 334 333 332 334 337 337 337 337 334 331 334 338 340 342 342 340 338 338 339 339 339 338 339 338 338 338 338 337 337 337 338 339 338 337 336 335 335 336 337 339 344 349 352 353 352 350 350 350 348 344 340
331 335 341 344 345 345 343 340 337 337 338 339 340 340 337 335 332 331 330 329 330 332 332 331 332 336 339 341 342 343 343 344 344 344 344 345 346 347 348 349 348 344 339 336 334 333 334 337 340 341 342 340 334 330 331 334 337 339 339 338 337 338 339 338 338 338 339 340 341 340 339 339 338 338 338 339 339 338 337 337 337 335 331 332 337 343 349 351 350 350 349 348 346 343 340
332 335 340 343 346 347 346 344 343 344 346 346 345 342 340 339 341 342 339 335 333 332 331 330 332 336 337 337 340 343 344 346 347 347 348 348 349 349 350 350 347 343 339 336 334 333 334 338 342 345 347 343 336 332 333 335 336 337 337 337 338 338 338 337 336 336 338 340 341 342 342 341 341 340 341 340 339 338 338 339 340 339 337 336 337 341 346 348 348 348 348 346 343 341 340
335 337 340 344 347 348 349 349 349 348 347 346 344 342 340 341 344 347 346 342 339 336 333 332 334 337 336 334 335 338 342 344 346 347 348 350 351 353 353 350 345 341 339 337 334 332 333 339 344 349 349 344 338 335 335 336 335 335 335 337 338 338 337 336 335 335 337 338 339 341 343 344 344 344 344 342 340 339 339 339 340 340 340 341 342 343 345 346 346 347 346 344 342 340 339
337 338 341 344 347 348 349 349 349 347 344 342 341 340 339 340 344 346 345 343 341 338 335 334 336 339 337 335 335 337 338 340 342 343 345 349 353 355 355 350 344 340 338 336 333 331 333 339 345 349 349 345 341 339 339 338 336 336 336 337 338 338 337 335 334 335 336 336 336 338 341 345 346 346 346 343 341 340 339 338 338 338 339 341 343 344 346 345 345 345 345 344 343 342 341
336 338 342 345 346 347 347 346 345 343 341 339 338 337 337 339 342 342 341 340 338 336 335 336 339 340 337 336 338 340 340 340 341 342 343 347 352 356 355 351 346 342 340 336 333 331 333 338 344 347 347 345 342 342 343 342 341 340 340 339 339 339 338 336 335 336 336 334 334 335 340 345 347 348 347 344 342 341 339 337 336 337 338 341 343 345 346 345 344 344 343 343 343 342 342
334 337 342 344 346 346 345 342 340 338 337 337 336 336 336 338 340 339 338 336 334 332 333 337 341 341 337 335 338 341 341 342 343 344 345 348 352 356 356 353 349 345 341 337 333 331 333 339 343 345 344 343 342 343 345 346 345 345 344 342 341 340 338 337 336 336 336 333 332 334 339 345 347 348 347 344 342 342 340 336 335 336 339 341 343 346 347 346 344 344 343 343 342 342 342
333 336 340 343 344 344 342 339 337 336 335 336 336 336 336 338 339 337 336 334 331 329 331 337 342 341 338 337 338 339 339 340 342 344 347 350 354 356 356 354 350 346 341 336 332 332 335 340 344 344 342 340 339 341 345 347 348 349 348 345 343 341 339 338 338 337 335 333 332 334 339 344 347 349 347 345 343 342 340 335 333 335 339 341 343 346 348 347 345 345 345 344 343 342 342
334 336 338 340 342 341 338 335 334 334 334 335 335 335 336 337 337 335 334 333 330 328 330 337 341 340 340 340 340 340 338 337 338 340 345 350 355 357 355 352 348 345 340 334 331 331 336 342 345 344 341 337 336 337 341 344 348 350 349 347 345 343 342 340 339 337 334 332 332 334 339 343 347 349 348 346 344 342 339 333 332 334 337 339 342 345 347 346 345 345 345 345 345 344 343
335 336 337 338 339 338 335 333 333 334 333 333 333 333 334 334 334 334 335 334 331 329 331 337 339 339 340 342 343 342 342 341 339 338 341 347 353 355 354 350 347 344 339 333 329 330 335 342 345 344 341 337 335 336 337 339 343 345 346 346 346 345 344 343 340 337 334 332 332 335 339 343 346 348 348 347 345 344 339 332 330 333 335 336 338 341 343 344 345 346 346 346 346 346 344
336 336 337 337 337 336 334 333 334 335 335 334 334 333 334 334 333 334 336 336 333 330 331 333 334 336 339 342 342 342 344 345 344 342 342 344 348 351 352 349 345 342 338 333 330 330 334 340 344 343 340 339 338 339 339 339 339 339 341 343 345 345 345 343 341 338 335 333 333 335 339 343 346 348 348 347 346 345 340 333 330 332 334 334 335 336 339 342 344 345 346 346 346 346 345
334 335 337 337 337 336 335 336 338 340 341 341 340 338 336 335 335 335 336 336 336 334 332 330 329 332 337 340 339 339 342 345 347 347 346 345 347 350 350 347 344 341 337 334 332 332 334 338 342 341 339 339 340 342 343 343 342 340 339 341 343 344 344 342 341 338 336 334 334 335 338 342 346 348 349 348 347 345 341 335 332 333 336 336 335 336 339 342 344 345 345 345 346 346 345
333 334 337 337 337 337 337 338 341 343 343 343 341 339 336 335 335 336 336 337 339 338 335 332 329 331 336 338 337 335 337 341 346 348 349 348 349 350 349 346 343 340 336 334 335 335 335 337 339 338 336 337 341 343 344 345 345 344 343 343 343 344 343 341 339 338 337 336 334 335 337 341 345 348 349 348 347 345 342 337 334 336 339 339 338 339 342 343 344 345 345 345 345 346 345
332 333 336 337 338 339 340 340 341 342 341 340 338 336 335 334 334 335 336 338 340 339 337 335 333 335 338 338 336 334 334 335 340 345 347 349 351 352 349 346 342 339 335 334 337 338 338 336 335 334 334 335 339 342 343 344 345 346 347 347 346 345 344 341 338 337 337 336 334 335 338 341 344 347 348 348 347 345 342 337 335 337 340 341 341 344 346 345 344 345 345 344 344 345 344
332 333 335 337 339 340 341 342 341 340 337 335 334 333 332 333 335 335 336 339 339 337 335 334 334 338 341 340 337 336 335 334 335 338 344 348 352 352 350 346 342 338 334 334 338 341 339 336 334 333 332 334 338 340 341 342 343 345 348 350 350 348 346 343 340 338 337 335 333 335 339 343 345 347 348 347 346 344 340 336 333 335 338 340 342 346 348 346 345 345 344 344 344 344 343
333 333 335 337 339 341 342 342 341 338 335 333 332 332 332 333 335 336 338 340 338 335 332 330 332 337 341 341 338 338 337 336 335 335 339 345 350 351 349 346 342 337 334 334 340 342 339 336 334 333 332 333 336 338 340 341 343 344 347 349 351 350 348 346 343 341 338 335 333 336 340 344 346 348 347 346 345 343 339 334 332 333 336 338 341 345 347 346 346 345 344 343 343 343 342
333 333 335 337 339 340 342 343 340 336 333 333 333 333 334 335 336 338 340 341 339 337 333 330 331 336 339 339 338 338 339 339 338 337 338 342 346 348 347 344 341 337 334 337 342 342 339 335 333 332 331 332 334 336 339 341 343 344 345 349 351 351 349 348 345 342 339 336 334 336 340 344 347 349 348 346 345 342 338 334 332 332 335 338 341 343 345 345 345 345 344 343 342 342 341
333 334 335 337 339 339 340 341 339 335 333 333 333 334 335 337 339 340 341 341 340 338 335 332 332 334 337 338 338 338 339 339 339 340 341 342 343 345 345 343 339 336 336 340 344 342 337 334 332 331 329 328 330 333 337 340 343 344 346 349 350 350 349 347 344 341 339 336 335 337 341 344 347 349 349 347 344 341 337 334 331 330 333 337 340 343 344 345 345 344 343 342 342 341 340
333 333 335 337 338 338 338 338 336 334 334 333 333 333 336 339 339 340 340 340 340 338 335 333 333 335 337 337 337 338 339 338 339 340 342 342 343 345 345 342 337 335 338 343 344 340 336 332 330 330 327 325 326 329 333 338 340 342 346 349 349 349 349 346 342 340 338 336 336 338 342 346 348 350 349 346 343 340 337 334 329 328 330 335 338 341 343 345 344 343 342 342 341 341 340
333 333 334 336 337 337 336 335 333 333 333 333 332 333 337 338 338 338 339 339 339 337 334 331 333 336 338 337 337 338 339 338 338 339 340 342 344 345 344 341 337 338 343 345 343 339 334 331 329 330 329 327 326 327 330 334 337 340 344 347 348 349 349 346 342 340 338 336 336 339 343 347 350 351 349 345 342 341 339 335 330 327 329 332 334 337 341 342 342 341 341 341 341 341 341
333 334 336 337 337 336 335 334 333 332 333 333 333 335 337 336 336 337 338 339 338 335 332 330 332 337 339 339 339 339 339 339 338 338 339 341 343 344 343 341 340 343 347 347 345 341 336 331 330 330 331 330 330 330 331 333 335 339 342 345 347 348 347 344 342 341 339 337 336 339 343 348 352 352 349 346 343 341 339 336 331 327 328 330 333 336 339 339 339 339 340 341 341 342 342
