project/data/elevation/US_DEM2016/US_DEM2016_point_10-30-2019_1437_30m_ang.asc
ncols	125
nrows	167
xllcorner	-2042055.000000
yllcorner	1465035.000000
cellsize	30.000000
NODATA_value	-9999.000000
[rows 0 to 41 of 167, columns 0 to 94 of 125]
343 340 335 334 336 339 340 342 343 346 348 349 349 347 347 348 349 350 350 348 345 343 342 345 348 349 351 352 349 345 340 333 325 319 318 318 320 324 329 332 333 334 334 335 335 333 331 330 331 333 336 339 343 346 348 349 350 349 346 344 343 342 341 340 341 343 345 345 343 339 337 337 338 339 341 342 342 342 341 342 346 348 346 343 342 344 347 349 348 344 341 340 338 335 334
343 340 335 334 336 339 340 342 343 346 348 349 349 347 347 348 349 350 350 348 345 343 342 345 348 349 351 352 349 345 340 333 325 319 318 318 320 324 329 332 333 334 334 335 335 333 331 330 331 333 336 339 343 346 348 349 350 349 346 344 343 342 341 340 341 343 345 345 343 339 337 337 338 339 341 342 342 342 341 342 346 348 346 343 342 344 347 349 348 344 341 340 338 335 334
348 343 334 331 332 334 336 337 340 343 346 349 349 347 346 347 350 352 353 350 346 341 340 343 347 351 354 356 353 349 344 337 329 323 320 319 319 321 325 329 331 332 333 334 336 337 336 335 334 333 334 336 341 345 347 349 351 351 349 346 344 341 340 338 338 341 344 346 345 343 340 339 339 339 339 340 341 340 338 340 345 349 346 342 341 344 349 351 351 347 343 343 342 339 337
357 347 334 329 328 327 327 329 332 337 342 346 348 347 344 345 350 355 357 354 346 339 337 341 347 354 1 4 2 358 353 345 337 332 328 326 323 320 320 325 330 332 334 335 337 339 340 340 336 332 331 332 337 342 345 348 351 353 352 351 347 343 339 336 334 336 340 344 346 345 344 342 341 339 338 337 337 335 333 334 341 346 344 340 340 345 352 356 355 349 346 346 345 342 338
358 348 335 331 328 325 322 322 325 330 335 341 346 346 342 342 347 353 357 354 345 338 337 341 349 359 6 8 7 3 357 349 342 338 336 334 330 325 323 325 329 333 335 337 337 338 340 341 337 333 330 331 335 340 343 346 347 347 349 350 349 346 342 338 334 333 334 337 340 342 343 343 343 340 337 335 333 331 330 330 335 339 338 336 339 347 355 357 355 350 348 347 344 339 335
355 348 337 332 330 326 322 320 320 323 328 335 343 345 341 340 344 350 353 350 343 338 338 344 354 3 8 9 7 2 356 349 345 342 341 339 336 331 328 326 326 328 331 334 335 337 339 339 337 333 331 332 337 341 344 344 342 340 341 343 346 346 345 341 336 333 331 331 332 335 337 339 340 338 335 332 330 328 328 328 331 332 332 331 336 347 355 357 354 349 348 346 340 335 332
351 346 338 335 332 329 326 321 317 316 320 328 338 342 339 340 344 348 349 346 341 338 340 348 357 4 8 8 4 359 354 349 346 345 344 342 340 337 334 331 326 324 324 327 330 334 335 335 333 330 330 333 340 345 348 347 344 342 341 341 342 344 344 342 338 333 330 328 329 331 334 336 336 335 332 329 326 324 323 325 326 327 327 327 333 344 354 356 352 347 346 343 336 332 331
347 344 340 338 336 333 329 324 316 312 313 320 330 335 335 338 344 349 350 345 338 337 342 352 360 5 7 5 360 355 351 349 347 346 346 345 344 342 341 338 333 327 322 321 323 328 330 329 327 326 327 333 342 349 351 351 348 347 347 346 345 344 343 342 339 333 328 326 328 331 334 335 334 332 329 326 324 321 319 320 322 323 323 324 329 340 350 353 349 345 344 339 334 332 336
342 342 341 342 341 338 335 328 320 315 314 316 322 328 331 334 341 349 351 345 337 336 343 354 1 5 5 2 357 352 348 347 346 345 345 346 347 348 347 346 343 337 329 323 323 326 330 329 325 324 326 332 342 349 352 353 352 352 352 351 348 345 343 342 341 335 329 327 329 333 336 336 334 331 329 328 327 324 323 322 322 321 321 323 328 336 346 349 345 343 341 338 336 339 345
336 339 343 345 345 344 340 333 326 323 321 320 320 323 327 331 339 349 352 345 337 336 344 355 1 2 1 358 354 350 346 345 343 342 343 345 348 350 350 350 349 346 340 334 330 331 332 330 326 324 326 332 340 345 349 352 354 356 356 354 350 345 341 341 341 337 332 331 332 336 338 337 334 332 332 332 332 330 330 330 330 327 326 326 329 336 343 345 342 341 340 340 342 348 352
329 335 344 347 348 347 343 337 333 332 331 328 325 324 325 329 337 347 350 345 339 340 348 355 359 359 357 353 350 347 344 342 339 339 341 344 346 348 349 351 352 351 348 343 338 335 332 328 325 325 328 335 340 342 344 348 354 358 358 355 350 343 338 337 339 338 336 336 338 340 340 337 334 332 333 334 334 335 336 337 337 335 334 333 334 338 341 342 340 341 343 345 348 351 352
321 328 341 347 349 348 344 341 340 340 339 337 334 331 329 330 336 344 347 344 343 346 352 356 357 356 353 349 345 343 341 338 336 337 340 342 342 342 344 347 349 351 350 348 344 340 334 327 324 325 330 338 343 346 346 348 352 356 357 354 347 341 336 335 336 336 337 340 342 343 341 336 332 332 333 335 335 336 338 339 337 335 335 335 336 339 340 339 340 343 347 350 351 351 351
319 323 333 343 347 347 345 344 345 346 346 344 342 340 337 334 336 340 343 343 345 350 356 356 354 352 348 344 341 338 336 334 333 334 338 339 336 336 338 341 343 346 348 348 347 344 336 328 324 325 331 339 346 349 349 347 348 353 354 351 344 338 335 335 335 335 337 341 344 345 342 336 332 332 334 335 335 336 336 333 328 325 325 328 333 335 336 338 341 345 348 350 351 350 349
326 325 327 334 340 342 343 344 346 348 348 348 348 348 345 341 339 340 341 342 346 354 357 354 350 347 343 339 336 333 331 329 327 328 331 331 329 329 331 332 335 337 340 344 347 344 337 330 326 328 334 340 347 350 347 344 345 349 350 346 342 337 335 334 334 335 337 341 345 345 342 336 333 334 336 336 334 333 332 328 322 319 320 322 326 329 332 337 342 344 346 348 349 348 347
328 329 330 331 332 334 336 339 342 343 344 346 348 350 349 346 344 343 342 343 348 355 355 352 347 343 339 335 330 326 325 326 327 327 326 323 321 323 325 326 326 328 330 335 340 341 337 333 332 334 340 346 350 347 342 341 344 347 345 342 339 337 336 335 335 336 339 342 346 346 341 336 335 338 340 337 334 333 333 329 325 323 323 324 325 327 331 337 341 343 344 345 346 345 344
326 328 333 333 330 326 323 323 325 326 328 332 338 344 347 348 348 347 346 347 351 354 354 350 346 342 338 334 330 326 326 329 332 333 331 328 325 325 328 329 328 328 329 332 336 338 337 336 337 341 346 351 349 344 340 341 345 346 341 338 337 338 338 338 338 338 341 345 348 347 343 339 341 344 344 339 336 336 334 330 326 325 327 327 327 329 333 337 340 341 342 343 343 341 341
323 326 332 336 333 323 314 312 314 315 317 320 325 332 339 345 350 351 351 353 354 355 354 351 348 344 341 338 337 335 332 331 333 336 337 336 334 333 333 335 335 335 335 335 336 337 339 341 344 346 350 351 347 341 339 342 347 345 339 336 336 338 340 341 341 341 343 346 349 349 347 346 349 349 345 341 341 341 337 332 328 328 329 330 331 333 336 339 340 340 340 341 341 340 341
327 328 333 339 339 330 322 320 321 323 324 326 328 331 336 342 350 354 356 357 357 357 357 353 349 346 343 340 340 340 339 336 334 335 338 339 339 338 338 338 337 337 337 336 336 337 340 346 349 350 351 349 344 340 339 344 348 343 337 335 335 337 340 343 344 344 344 345 348 350 352 354 354 351 346 345 346 346 343 338 333 331 332 333 335 338 339 339 339 338 339 340 341 344 346
332 334 340 345 343 335 329 328 330 331 333 335 337 338 340 344 349 355 358 360 0 1 359 354 349 346 343 341 341 342 343 341 338 337 337 340 341 341 341 339 338 338 337 336 336 338 342 348 350 350 350 346 341 339 340 346 346 340 335 334 334 336 340 343 345 346 345 344 345 349 353 355 354 351 348 348 350 350 348 345 341 338 336 337 339 341 341 338 336 336 338 340 343 347 348
333 337 347 348 341 333 331 332 335 337 339 342 344 346 347 348 351 355 359 2 3 3 359 354 349 346 343 341 340 341 343 343 342 341 340 341 343 343 342 340 339 338 338 338 339 342 344 346 347 347 347 344 341 340 342 345 343 337 333 333 334 335 338 340 343 344 345 344 344 345 348 350 351 349 349 350 351 351 350 350 348 345 342 342 342 343 341 338 336 337 339 342 344 346 345
340 343 347 343 335 331 332 334 338 341 343 346 348 351 353 353 355 358 1 3 4 2 358 354 350 347 344 342 341 341 341 341 341 342 342 343 344 343 341 340 340 340 340 342 345 347 345 342 342 343 343 343 342 343 345 344 340 335 333 333 333 334 334 335 335 337 340 342 341 339 339 341 343 344 346 349 350 349 350 352 352 350 349 347 345 344 343 342 341 342 343 344 344 342 340
354 350 344 338 333 331 333 336 340 343 345 348 350 354 356 358 359 1 2 3 2 359 355 353 351 348 346 343 342 341 340 339 340 341 343 345 344 341 340 340 341 342 345 348 348 346 342 339 338 339 340 342 344 347 348 345 339 336 334 334 333 332 329 325 321 321 323 327 329 328 328 329 331 334 338 343 345 345 346 349 352 353 353 351 347 345 345 346 347 348 347 345 343 341 340
353 348 342 338 335 333 334 338 341 344 345 347 350 354 357 1 2 2 2 360 357 354 352 351 350 348 346 344 342 341 339 339 339 341 343 345 341 339 339 341 344 346 350 350 346 342 338 336 335 336 337 341 345 349 349 346 342 338 336 335 333 329 322 314 308 305 305 306 310 314 316 317 318 321 325 332 337 337 339 344 348 352 354 353 350 347 346 346 348 349 348 346 344 343 343
341 342 341 339 336 335 336 339 341 343 345 347 350 354 358 2 3 2 359 356 351 348 347 347 347 346 344 343 341 340 339 339 340 342 345 343 338 337 340 344 348 349 349 345 342 339 335 332 332 333 335 339 344 348 350 348 345 342 341 340 339 333 323 313 309 307 307 307 310 311 310 309 309 311 316 322 328 330 334 339 342 347 352 353 353 349 345 344 345 346 347 346 344 344 344
329 333 338 339 337 336 338 340 341 342 344 346 350 353 358 1 1 0 358 353 348 344 342 341 341 341 340 340 340 340 340 341 343 344 344 340 336 336 340 346 348 348 344 341 339 337 334 331 330 331 335 339 343 347 349 349 348 348 348 348 347 341 331 324 321 319 317 317 317 314 310 307 304 303 306 313 318 321 326 332 335 340 347 352 354 351 347 345 345 345 346 345 344 343 342
318 323 333 337 338 337 338 339 340 341 342 345 348 352 355 358 359 359 358 354 349 344 340 338 337 337 336 337 338 340 343 346 348 346 341 337 337 338 340 343 345 344 341 339 337 336 334 332 331 332 334 338 342 346 348 349 350 353 356 356 352 344 336 331 329 327 325 324 322 318 315 312 307 303 302 305 307 309 314 322 328 334 342 348 352 351 349 346 346 345 345 345 344 342 341
312 317 327 334 338 340 340 339 339 340 341 344 347 349 352 354 357 359 358 354 349 345 341 339 337 335 335 336 339 344 349 353 352 347 341 338 339 341 341 341 341 340 338 336 335 334 333 334 334 334 334 336 340 344 346 348 352 357 359 358 352 345 340 337 335 334 333 332 329 327 324 322 316 309 306 305 304 303 307 314 321 328 335 342 348 350 350 348 346 345 345 345 344 342 341
310 314 323 331 337 341 343 343 342 343 344 346 348 349 350 352 355 357 356 351 347 343 340 338 337 336 335 338 343 351 358 357 351 347 345 342 341 342 342 340 339 337 334 332 332 333 335 337 338 338 336 334 336 340 344 348 354 358 358 354 349 344 343 343 343 342 341 339 337 335 334 331 324 318 315 313 309 307 308 312 317 323 329 334 342 348 351 350 347 344 344 344 343 342 341
310 313 319 327 334 340 343 345 345 345 346 348 350 351 352 353 354 354 351 347 342 340 338 337 337 337 338 342 351 358 358 353 348 346 346 345 343 343 342 341 338 334 331 329 330 332 335 340 343 343 340 335 333 336 341 348 354 355 353 348 343 342 344 349 350 350 348 345 344 343 343 340 333 327 325 322 318 316 316 318 319 321 324 328 334 342 349 351 350 346 343 343 342 341 342
314 314 318 324 331 337 342 345 346 346 347 348 349 350 353 355 355 352 347 341 338 337 337 337 337 337 339 346 355 356 351 348 347 346 346 345 344 343 343 341 338 333 329 327 328 331 336 341 346 347 344 339 335 336 340 347 351 351 348 342 338 338 342 348 353 354 354 351 350 350 350 347 342 337 333 330 326 325 326 327 326 323 321 322 326 334 343 349 351 349 345 342 341 341 342
317 319 322 326 330 334 339 344 347 349 349 348 347 349 352 355 355 350 343 339 337 337 338 338 337 335 335 341 348 347 345 344 345 346 346 345 344 344 343 340 337 332 329 327 327 330 334 340 344 347 346 343 339 339 342 346 348 347 344 337 333 334 339 346 351 354 354 354 354 354 353 352 350 347 342 337 334 333 334 334 331 326 322 319 319 323 332 342 349 351 349 345 342 342 343
315 318 325 328 330 333 337 343 348 351 351 350 349 350 352 354 354 348 343 340 340 341 341 339 337 333 328 329 332 335 336 338 341 343 343 343 343 343 342 338 334 330 329 329 330 332 334 338 341 344 345 344 342 342 345 347 346 344 339 331 328 329 335 342 346 348 350 353 355 354 354 355 355 353 349 344 341 340 340 338 334 330 325 319 314 314 319 328 340 348 350 348 345 345 345
311 313 319 324 328 331 335 341 347 352 354 353 352 352 353 354 353 349 346 348 351 353 351 346 343 339 333 328 325 325 325 328 331 335 337 339 340 341 339 335 331 328 327 330 333 335 335 336 337 340 342 342 342 344 348 349 347 343 335 327 323 325 331 337 340 342 344 348 351 352 353 355 356 354 352 351 350 348 345 341 339 336 330 322 316 313 313 316 325 336 344 346 347 347 346
312 311 312 316 321 326 330 336 343 350 354 355 355 355 355 355 354 352 354 358 1 1 357 353 349 345 339 334 330 326 325 325 326 328 330 333 336 337 335 332 328 325 324 327 330 331 330 330 331 335 338 339 341 345 350 352 349 343 333 324 320 320 326 331 335 337 340 344 346 347 348 352 353 352 354 357 358 355 349 345 344 342 334 325 321 319 317 316 317 322 330 338 343 346 346
322 318 315 316 318 322 325 330 337 345 352 356 357 357 356 356 356 357 1 4 4 1 358 355 352 348 344 340 336 333 332 332 331 330 329 330 332 333 332 330 326 323 322 322 321 319 320 321 324 329 334 336 339 345 352 353 350 343 333 325 321 321 325 327 330 332 336 341 343 342 344 347 347 347 352 359 1 359 355 351 350 346 337 330 328 328 328 327 324 322 324 328 335 340 343
328 326 324 325 326 327 327 329 333 340 348 355 358 359 359 358 359 0 4 4 1 359 357 355 354 351 347 344 341 338 337 337 338 337 333 330 330 331 330 329 327 325 324 324 322 319 319 321 324 328 332 334 338 344 352 354 351 344 335 328 324 324 326 327 327 329 332 337 340 339 342 345 343 343 348 355 359 360 359 358 356 350 341 336 336 337 337 336 333 330 328 329 332 336 340
327 327 329 332 334 335 334 333 334 337 343 350 356 360 1 1 360 1 1 359 357 355 354 354 354 353 351 348 346 342 340 339 340 340 338 335 333 332 331 331 332 332 332 331 327 326 327 328 330 332 333 335 337 343 351 354 351 344 337 330 327 327 329 329 327 327 329 333 335 335 339 343 341 339 344 349 354 358 359 360 358 353 347 343 343 345 345 341 336 332 331 331 333 336 339
322 325 331 335 338 339 339 338 338 339 341 345 351 357 1 2 0 358 356 353 351 350 351 351 352 352 352 352 350 347 345 342 340 339 339 337 335 333 332 333 336 340 342 338 334 332 333 334 336 337 336 337 337 342 351 354 350 344 336 330 328 329 333 334 332 330 329 330 332 332 335 340 339 337 340 344 348 352 355 356 356 355 352 350 351 352 350 343 336 333 332 332 333 337 341
318 321 330 336 339 340 340 341 341 341 340 342 347 353 359 2 0 355 350 347 346 345 346 347 348 349 350 352 352 351 349 346 342 339 336 335 335 334 333 333 336 342 344 343 339 337 337 337 337 337 337 337 337 342 350 354 349 342 335 329 328 330 335 338 338 334 330 329 329 329 332 337 337 334 335 339 344 346 347 349 353 356 356 357 358 356 349 342 339 339 338 337 337 340 344
314 317 327 335 337 338 339 341 343 342 340 340 344 350 358 2 359 352 346 343 341 341 341 342 344 345 347 349 352 352 351 349 345 340 337 335 335 336 334 332 334 340 345 345 343 342 341 340 338 336 335 335 337 341 350 352 348 341 335 329 325 326 331 335 336 334 330 326 324 324 328 334 334 330 331 336 340 341 340 342 347 354 359 2 2 355 345 342 342 344 345 345 345 346 349
313 316 326 333 335 336 338 341 344 343 341 341 345 352 359 1 357 351 346 342 340 339 339 340 341 342 344 346 349 352 352 349 345 341 337 336 337 338 337 335 335 339 342 345 345 345 345 345 344 341 338 337 338 342 349 350 346 340 335 330 325 323 324 325 326 326 325 323 321 320 323 329 331 328 328 333 338 337 335 337 343 351 358 2 360 351 344 342 344 346 348 350 352 354 355
316 319 327 333 336 337 339 342 344 343 342 343 349 357 1 360 355 351 348 346 343 341 340 339 339 339 340 342 346 349 350 347 343 340 337 336 336 338 338 338 339 340 342 344 345 345 346 346 347 346 345 343 342 344 349 349 344 339 337 332 327 324 324 322 321 322 323 322 320 317 317 322 324 324 325 331 336 335 331 334 342 349 353 356 354 349 345 344 345 347 349 352 356 359 0
