project/data/elevation/US_DEM2016/US_DEM2016_point_10-31-2019_1157_30m_vel.asc
ncols	125
nrows	167
xllcorner	-2042055.000000
yllcorner	1465035.000000
cellsize	30.000000
NODATA_value	-9999.000000
[rows 38 to 75 of 167, columns 0 to 83 of 125]
6.82 6.51 5.87 5.40 4.99 4.76 4.58 4.27 3.88 3.56 3.45 3.46 3.56 3.75 3.96 4.06 4.10 4.26 4.63 5.11 5.37 5.48 5.53 5.64 5.79 5.90 6.00 6.04 5.86 5.60 5.34 5.15 5.07 5.11 5.31 5.73 6.18 6.45 6.70 7.08 7.32 7.13 7.08 6.79 6.87 6.92 6.58 5.89 5.38 5.01 4.88 4.88 4.88 4.80 4.70 4.73 4.87 5.24 5.59 5.89 5.89 5.43 4.99 4.67 4.40 4.23 4.05 3.99 4.04 4.18 4.16 4.08 4.22 4.58 4.75 4.86 5.03 5.44 5.97 6.53 6.93 7.10 6.91 6.39
6.80 6.17 5.15 4.65 4.33 4.20 4.04 3.80 3.59 3.47 3.49 3.59 3.71 3.78 3.81 3.85 3.95 4.13 4.33 4.47 4.43 4.35 4.36 4.54 4.94 5.38 5.70 5.97 6.00 5.83 5.63 5.49 5.44 5.54 5.94 6.52 6.85 7.00 7.17 7.48 7.68 7.43 7.15 6.95 6.79 6.56 6.07 5.49 5.09 4.78 4.75 4.91 5.01 4.86 4.80 4.91 5.14 5.48 5.59 5.59 5.32 4.72 4.12 3.91 3.85 3.84 3.72 3.68 3.80 3.98 4.00 3.97 4.15 4.52 4.71 4.71 4.74 5.03 5.48 5.66 5.58 5.71 6.03 6.03
6.60 5.87 4.74 4.20 4.04 3.96 3.91 3.85 3.84 3.94 4.10 4.27 4.25 4.01 3.77 3.72 3.84 3.99 3.99 3.84 3.76 3.80 4.01 4.34 4.86 5.27 5.57 5.82 5.95 5.95 5.91 5.89 6.03 6.44 7.00 7.51 7.78 7.90 7.72 7.55 7.48 6.98 6.58 6.46 6.28 6.25 6.10 5.95 5.72 5.56 5.39 5.36 5.32 5.02 4.92 4.99 5.21 5.41 5.29 5.02 4.65 4.04 3.31 3.05 3.04 3.15 3.33 3.52 3.69 3.80 3.81 3.90 4.20 4.58 4.72 4.62 4.55 4.72 5.09 5.17 4.89 4.89 5.39 6.02
6.36 5.76 4.84 4.41 4.34 4.35 4.30 4.26 4.33 4.56 4.82 4.91 4.65 4.16 3.84 3.80 3.93 4.01 3.95 3.82 3.86 4.07 4.37 4.64 4.88 5.11 5.23 5.37 5.64 5.86 6.15 6.30 6.69 7.25 7.80 8.20 8.36 8.19 7.84 7.36 6.88 6.37 5.94 5.68 5.74 5.78 5.95 6.06 6.14 6.18 6.15 5.82 5.49 5.08 4.82 4.77 4.82 4.80 4.60 4.38 4.14 3.68 3.09 2.93 3.07 3.27 3.45 3.56 3.61 3.67 3.75 3.87 4.18 4.58 4.65 4.44 4.42 4.72 5.08 5.02 4.69 4.58 4.91 5.75
6.21 5.82 5.19 4.90 4.81 4.73 4.62 4.60 4.78 5.07 5.26 5.17 4.67 4.27 4.13 4.19 4.27 4.34 4.36 4.43 4.60 4.82 5.02 5.17 5.29 5.30 5.24 5.26 5.51 5.79 6.32 7.03 7.56 8.01 8.22 8.15 7.97 7.61 7.10 6.58 6.10 5.71 5.29 5.11 5.11 5.21 5.44 5.57 5.74 5.82 5.83 5.60 5.30 4.89 4.63 4.57 4.50 4.32 4.13 4.16 4.08 3.89 3.69 3.75 3.95 3.95 3.79 3.66 3.71 3.84 3.86 3.82 3.96 4.24 4.22 3.96 4.15 4.72 5.09 4.90 4.59 4.59 4.98 5.73
6.12 5.82 5.35 5.12 5.01 4.94 4.93 5.08 5.33 5.54 5.52 5.19 4.64 4.40 4.39 4.49 4.63 4.74 4.89 5.14 5.43 5.64 5.76 5.81 5.82 5.69 5.60 5.60 5.75 5.96 6.53 7.29 7.84 8.18 7.99 7.54 7.05 6.59 6.10 5.75 5.48 5.17 4.78 4.51 4.56 4.78 4.93 4.82 4.60 4.35 4.34 4.57 4.72 4.65 4.60 4.71 4.75 4.68 4.66 4.67 4.56 4.54 4.65 4.78 4.56 4.18 4.05 4.16 4.26 4.07 3.72 3.50 3.60 3.77 3.69 3.57 3.85 4.52 4.87 4.66 4.55 4.89 5.40 5.76
6.05 5.81 5.47 5.34 5.36 5.51 5.70 5.86 5.96 5.93 5.66 5.15 4.66 4.47 4.49 4.67 4.87 5.05 5.30 5.63 5.92 6.08 6.11 6.03 5.90 5.74 5.68 5.74 5.97 6.28 6.91 7.49 7.71 7.59 7.17 6.82 6.47 6.08 5.50 5.09 4.84 4.60 4.30 4.04 4.07 4.38 4.29 3.99 3.60 3.39 3.51 3.80 4.09 4.31 4.65 5.06 5.27 5.34 5.34 5.18 5.04 5.07 5.07 4.92 4.47 4.34 4.58 4.66 4.31 3.62 3.20 3.20 3.41 3.55 3.56 3.63 3.97 4.44 4.69 4.55 4.54 4.99 5.36 5.49
6.15 6.03 5.86 5.86 5.97 6.16 6.30 6.34 6.27 6.05 5.64 5.12 4.78 4.66 4.81 5.01 5.17 5.36 5.61 5.83 5.94 5.94 5.84 5.70 5.64 5.58 5.58 5.73 6.17 6.72 7.34 7.38 7.14 6.65 6.27 6.23 6.03 5.71 5.13 4.64 4.25 3.96 3.70 3.48 3.60 3.88 3.90 3.86 3.82 3.86 3.85 3.75 3.74 4.06 4.69 5.29 5.44 5.39 5.28 5.22 5.12 5.18 5.06 4.87 4.81 4.95 4.87 4.33 3.55 3.10 3.14 3.47 3.70 3.78 3.86 4.10 4.49 4.75 4.78 4.68 4.62 4.79 5.08 5.26
6.38 6.31 6.23 6.27 6.30 6.30 6.23 6.13 5.97 5.71 5.35 4.98 4.92 5.08 5.36 5.51 5.59 5.70 5.78 5.78 5.70 5.56 5.40 5.33 5.41 5.50 5.60 5.92 6.52 7.09 7.38 7.12 6.51 6.01 5.68 5.50 5.34 5.15 4.83 4.38 3.83 3.43 3.26 3.32 3.56 3.85 4.21 4.35 4.34 4.10 3.73 3.54 3.81 4.40 5.03 5.35 5.33 5.20 5.12 5.17 5.10 5.16 5.15 5.12 5.10 4.93 4.19 3.56 3.36 3.57 3.95 4.20 4.32 4.37 4.51 4.78 5.06 5.15 5.12 5.07 4.96 4.93 5.09 5.37
6.57 6.42 6.25 6.20 6.10 5.92 5.69 5.49 5.28 5.07 4.80 4.65 4.76 5.15 5.50 5.68 5.75 5.74 5.66 5.55 5.44 5.31 5.19 5.16 5.26 5.43 5.66 6.14 6.78 7.15 7.01 6.47 6.04 5.63 5.21 4.91 4.74 4.65 4.55 4.31 3.74 3.40 3.43 3.81 4.06 4.34 4.58 4.38 3.87 3.31 3.13 3.52 4.50 5.46 5.79 5.66 5.49 5.35 5.29 5.28 5.16 5.21 5.18 5.08 4.81 4.31 3.88 3.90 4.30 4.76 5.07 5.19 5.24 5.29 5.36 5.54 5.71 5.72 5.72 5.75 5.48 5.28 5.36 5.57
6.60 6.42 6.03 5.84 5.67 5.42 5.15 4.91 4.70 4.48 4.24 4.18 4.35 4.77 5.14 5.32 5.43 5.45 5.39 5.30 5.21 5.12 5.04 5.01 5.07 5.25 5.52 6.09 6.82 7.04 6.70 6.14 5.80 5.41 4.86 4.42 4.30 4.28 4.23 4.02 3.62 3.41 3.53 3.87 4.09 4.31 4.40 3.88 3.29 3.10 3.51 4.69 5.99 6.64 6.65 6.16 5.82 5.59 5.47 5.48 5.41 5.36 5.28 5.09 4.99 5.05 5.40 5.88 6.29 6.57 6.65 6.66 6.66 6.66 6.67 6.76 6.84 6.76 6.61 6.32 5.82 5.43 5.48 5.58
6.58 6.41 5.87 5.54 5.36 5.17 4.93 4.72 4.53 4.24 4.06 4.07 4.28 4.66 4.93 5.06 5.14 5.18 5.17 5.08 4.96 4.87 4.82 4.81 4.87 5.01 5.30 6.00 6.84 6.94 6.51 6.09 5.81 5.40 4.84 4.31 4.12 3.92 3.65 3.33 3.09 2.99 3.07 3.27 3.57 3.90 4.11 3.84 3.64 3.97 5.12 6.53 7.31 7.38 6.98 6.36 5.93 5.72 5.68 5.85 5.89 5.86 5.73 5.84 6.21 6.74 7.35 7.88 8.23 8.37 8.40 8.38 8.35 8.32 8.26 8.16 8.07 7.90 7.47 6.79 6.08 5.57 5.47 5.44
6.66 6.41 5.82 5.43 5.26 5.13 5.01 4.88 4.71 4.48 4.47 4.59 4.84 5.12 5.26 5.28 5.23 5.16 5.03 4.88 4.74 4.64 4.60 4.61 4.69 4.88 5.28 6.13 6.88 6.75 6.06 5.90 5.73 5.35 5.03 4.68 4.28 3.73 3.16 2.85 2.79 2.88 3.08 3.31 3.63 3.96 4.37 4.60 4.87 5.70 6.98 7.75 7.84 7.26 6.69 6.14 5.84 5.78 5.75 5.84 5.97 6.09 6.13 6.40 7.01 7.59 7.94 8.31 8.49 8.58 8.64 8.71 8.75 8.74 8.63 8.43 8.22 8.04 7.69 7.19 6.66 6.15 5.64 5.35
6.77 6.40 5.73 5.45 5.29 5.15 5.05 5.02 4.92 4.82 5.01 5.31 5.56 5.71 5.72 5.59 5.40 5.16 4.94 4.78 4.66 4.55 4.46 4.45 4.59 4.91 5.41 6.25 6.70 6.22 5.57 5.49 5.39 5.23 5.08 4.93 4.42 3.82 3.39 3.29 3.47 3.79 4.11 4.30 4.53 4.94 5.64 6.34 7.05 7.74 8.16 8.12 7.50 6.63 6.13 5.74 5.52 5.41 5.29 5.22 5.38 5.59 6.01 6.34 6.81 7.04 6.91 6.78 6.70 6.80 6.99 7.22 7.32 7.32 7.20 7.04 6.97 6.86 6.76 6.73 6.66 6.50 6.17 5.63
6.75 6.24 5.50 5.25 5.14 5.04 4.99 4.99 4.97 4.99 5.25 5.63 5.85 5.91 5.78 5.52 5.22 4.97 4.79 4.67 4.56 4.44 4.33 4.35 4.59 4.99 5.49 6.15 6.30 5.65 5.18 5.15 5.05 4.95 4.93 4.70 4.39 4.17 4.12 4.34 4.64 4.94 5.17 5.42 5.84 6.53 7.36 7.99 8.33 8.40 8.19 7.58 6.83 6.08 5.67 5.35 5.08 4.83 4.75 4.72 4.91 5.20 5.53 5.88 6.03 5.66 5.15 4.69 4.59 4.76 4.99 5.21 5.28 5.20 5.14 5.05 5.10 5.09 5.12 5.30 5.64 5.88 5.94 5.74
6.56 6.01 5.23 4.91 4.81 4.81 4.91 4.96 4.97 5.03 5.19 5.42 5.56 5.46 5.22 4.94 4.72 4.58 4.47 4.35 4.23 4.17 4.23 4.45 4.77 5.11 5.51 5.94 5.96 5.53 5.20 5.14 5.04 4.91 4.69 4.39 4.26 4.33 4.55 4.91 5.28 5.50 5.76 6.15 6.87 7.70 8.30 8.49 8.23 7.76 7.25 6.72 6.21 5.75 5.42 5.13 4.89 4.69 4.76 4.88 5.11 5.30 5.37 5.47 5.27 4.78 4.26 4.15 4.26 4.40 4.33 4.12 3.98 3.89 3.82 3.77 3.86 3.93 3.92 3.90 4.01 4.23 4.39 4.61
6.30 5.86 5.18 4.86 4.70 4.61 4.66 4.75 4.75 4.80 4.83 4.86 4.77 4.49 4.18 4.07 4.04 3.98 3.93 3.94 4.01 4.13 4.36 4.68 4.95 5.23 5.54 5.83 5.97 5.89 5.63 5.39 5.16 4.91 4.53 4.12 4.00 4.14 4.39 4.71 5.10 5.44 5.82 6.48 7.44 8.10 8.24 7.67 6.75 6.32 6.13 6.00 5.79 5.59 5.34 5.10 4.92 4.90 5.12 5.28 5.38 5.41 5.22 5.09 4.73 4.65 4.60 4.66 4.67 4.50 4.06 3.50 3.22 3.10 2.98 2.95 3.07 3.11 2.99 2.78 2.67 2.70 2.95 3.49
6.16 5.87 5.44 5.16 4.91 4.59 4.30 4.23 4.24 4.29 4.32 4.23 3.92 3.50 3.26 3.24 3.28 3.33 3.47 3.75 4.09 4.43 4.72 4.91 5.11 5.38 5.65 5.95 6.13 6.18 5.80 5.36 5.03 4.71 4.34 3.91 3.80 3.98 4.15 4.37 4.70 5.16 5.74 6.71 7.66 7.95 7.33 6.35 5.68 5.46 5.42 5.41 5.38 5.38 5.18 5.02 4.93 5.01 5.25 5.26 5.11 4.91 4.71 4.63 4.76 4.95 5.11 5.11 4.69 4.11 3.43 3.04 2.92 2.82 2.60 2.42 2.38 2.28 2.05 1.99 2.15 2.52 3.19 3.91
6.24 6.16 5.94 5.64 5.26 4.82 4.31 4.10 4.03 4.07 4.07 3.87 3.51 3.21 3.05 3.01 3.10 3.29 3.61 4.02 4.46 4.89 5.11 5.26 5.46 5.71 5.87 6.06 6.29 6.28 5.73 5.31 5.12 4.85 4.43 4.11 4.14 4.31 4.39 4.52 4.79 5.25 5.95 7.04 7.66 7.44 6.34 5.43 4.94 4.80 4.82 4.87 4.93 4.94 4.83 4.73 4.69 4.76 4.82 4.58 4.25 4.02 4.07 4.33 4.96 5.36 5.07 4.88 4.19 3.60 3.27 3.27 3.31 3.04 2.53 2.15 2.03 1.93 1.87 2.08 2.65 3.57 4.64 5.18
6.48 6.47 6.27 5.93 5.54 5.14 4.78 4.60 4.44 4.32 4.21 4.01 3.82 3.74 3.74 3.81 3.95 4.19 4.43 4.73 5.09 5.45 5.65 5.83 6.06 6.22 6.15 6.26 6.57 6.64 6.32 6.03 5.87 5.59 5.04 4.78 4.93 5.08 5.17 5.25 5.42 5.68 6.34 7.28 7.43 6.60 5.45 4.66 4.30 4.26 4.36 4.42 4.48 4.46 4.44 4.38 4.29 4.18 4.00 3.80 3.70 3.77 4.10 4.59 5.27 5.39 4.97 4.29 3.78 3.70 3.94 4.12 3.80 3.15 2.50 2.27 2.33 2.40 2.62 3.25 4.32 5.49 6.13 6.03
6.68 6.48 6.07 5.80 5.61 5.44 5.28 5.11 4.84 4.55 4.38 4.34 4.44 4.61 4.84 5.01 5.24 5.46 5.64 5.80 6.02 6.12 6.26 6.50 6.70 6.62 6.46 6.57 6.93 6.98 6.75 6.47 6.24 5.91 5.46 5.22 5.31 5.48 5.66 5.82 5.95 6.11 6.63 7.14 6.81 5.60 4.61 4.05 3.81 3.79 3.93 3.95 3.96 4.09 4.18 4.14 4.04 3.92 3.87 4.02 4.24 4.56 4.95 5.29 5.55 5.32 4.68 4.22 4.22 4.53 4.77 4.55 3.77 2.95 2.66 2.82 3.12 3.47 4.09 5.04 6.14 6.74 6.67 5.99
6.77 6.30 5.64 5.44 5.46 5.52 5.50 5.26 4.88 4.52 4.36 4.47 4.79 5.20 5.58 5.85 6.08 6.32 6.54 6.65 6.64 6.61 6.73 6.95 6.97 6.80 6.71 6.89 7.11 6.88 6.28 5.84 5.54 5.34 5.22 5.21 5.28 5.47 5.69 5.95 6.19 6.32 6.59 6.55 5.86 4.63 3.87 3.50 3.34 3.40 3.45 3.42 3.55 3.87 4.12 4.18 4.19 4.23 4.44 4.66 4.98 5.44 5.86 6.11 5.98 5.66 5.02 4.88 5.19 5.40 5.09 4.34 3.53 3.28 3.54 3.98 4.49 5.12 5.95 6.78 7.20 7.04 6.33 5.52
6.79 6.23 5.39 5.10 5.05 5.07 5.08 4.93 4.63 4.33 4.19 4.29 4.62 5.06 5.46 5.72 5.91 6.06 6.16 6.21 6.29 6.44 6.64 6.67 6.47 6.36 6.55 6.93 6.99 6.59 5.96 5.36 4.97 4.83 5.00 5.26 5.51 5.68 5.81 5.93 6.07 6.03 6.04 5.87 5.17 4.06 3.39 3.18 3.20 3.28 3.26 3.28 3.49 3.91 4.29 4.55 4.72 4.87 5.01 5.12 5.44 6.09 6.66 6.88 6.61 6.21 5.81 5.68 5.89 5.85 5.20 4.52 4.27 4.67 5.30 5.91 6.54 7.13 7.59 7.70 7.36 6.61 5.81 5.23
6.76 6.11 5.11 4.75 4.49 4.34 4.33 4.29 4.14 3.94 3.77 3.76 3.92 4.16 4.41 4.57 4.66 4.61 4.42 4.41 4.89 5.47 5.68 5.44 5.04 5.24 6.01 6.63 6.70 6.38 6.10 5.85 5.59 5.42 5.38 5.54 5.75 5.85 5.80 5.68 5.54 5.40 5.35 5.40 5.01 4.15 3.64 3.67 3.80 3.82 3.80 3.88 4.01 4.24 4.54 4.85 5.16 5.47 5.65 5.91 6.40 7.07 7.39 7.30 6.94 6.56 6.35 6.43 6.55 6.42 6.08 5.91 6.21 6.76 7.25 7.69 8.07 8.27 8.18 7.66 6.93 6.17 5.57 5.09
6.58 5.82 4.77 4.39 4.16 3.98 3.84 3.73 3.61 3.39 3.14 2.97 2.93 2.96 3.04 3.14 3.17 2.99 2.87 3.09 3.63 4.21 4.34 4.02 3.90 4.50 5.70 6.42 6.42 5.94 5.86 5.96 6.01 6.00 5.80 5.64 5.54 5.50 5.30 5.05 4.89 5.01 5.23 5.56 5.50 5.19 4.88 4.91 5.01 5.00 4.98 4.91 4.75 4.65 4.68 4.86 5.17 5.62 6.14 6.77 7.42 7.67 7.48 6.93 6.27 6.08 6.42 6.71 6.87 6.98 7.10 7.37 7.75 8.11 7.98 8.24 8.26 8.05 7.56 6.95 6.38 5.84 5.40 4.93
6.33 5.70 4.73 4.27 4.06 3.91 3.72 3.48 3.28 3.06 2.75 2.47 2.31 2.30 2.35 2.38 2.39 2.46 2.64 2.98 3.34 3.56 3.54 3.43 3.68 4.58 5.86 6.44 6.18 5.42 5.23 5.37 5.58 5.74 5.60 5.22 4.83 4.61 4.52 4.44 4.51 5.00 5.60 6.13 6.21 6.11 6.01 5.94 5.92 5.88 5.64 5.33 5.03 4.86 4.82 4.94 5.24 5.78 6.49 7.16 7.46 7.24 6.63 5.79 5.34 5.48 6.10 6.54 6.65 6.84 7.16 7.45 7.67 7.70 7.58 7.37 7.07 6.61 6.25 5.93 5.58 5.27 4.97 4.62
6.21 5.79 5.05 4.55 4.25 4.05 3.78 3.47 3.27 3.11 2.92 2.72 2.62 2.55 2.49 2.48 2.59 2.92 3.30 3.54 3.61 3.63 3.65 3.71 4.16 5.15 6.20 6.51 5.96 5.08 4.71 4.65 4.82 4.93 4.93 4.72 4.37 4.14 4.15 4.40 4.82 5.52 6.13 6.50 6.46 6.29 6.21 6.23 6.18 5.96 5.47 5.11 4.94 4.94 5.01 5.16 5.50 6.11 6.71 6.97 6.69 6.01 5.36 4.86 4.89 5.36 5.88 6.06 5.96 6.10 6.34 6.44 6.37 6.30 6.20 5.95 5.53 5.08 4.78 4.66 4.48 4.32 4.12 3.95
6.16 5.84 5.28 4.89 4.58 4.26 3.91 3.69 3.61 3.60 3.61 3.62 3.58 3.41 3.20 3.12 3.29 3.61 3.92 4.17 4.19 4.20 4.34 4.62 5.11 6.03 6.59 6.67 6.08 5.13 4.62 4.32 4.20 4.24 4.46 4.68 4.77 4.85 4.98 5.24 5.67 6.18 6.47 6.50 6.22 5.96 5.97 6.05 5.93 5.71 5.35 5.11 5.01 5.04 5.13 5.28 5.62 6.19 6.63 6.44 5.80 5.19 4.74 4.52 4.66 5.11 5.59 5.59 5.36 5.38 5.50 5.43 5.25 5.10 4.93 4.80 4.44 3.95 3.52 3.35 3.30 3.10 2.94 2.84
6.12 5.81 5.29 4.93 4.66 4.35 4.12 4.10 4.23 4.44 4.63 4.68 4.49 4.19 3.91 3.79 3.90 4.12 4.33 4.65 4.84 5.06 5.37 5.68 6.08 6.71 7.16 7.04 6.46 5.61 5.08 4.71 4.43 4.43 4.67 5.07 5.50 5.87 6.03 6.12 6.23 6.40 6.42 6.27 5.94 5.63 5.61 5.55 5.41 5.34 5.29 5.19 5.13 5.13 5.25 5.46 5.86 6.34 6.40 5.82 5.09 4.70 4.41 4.23 4.37 4.93 5.45 5.42 5.03 4.91 4.86 4.77 4.65 4.41 4.05 3.79 3.50 3.06 2.62 2.30 2.13 1.93 1.77 1.79
6.13 5.80 5.24 4.83 4.53 4.30 4.26 4.42 4.75 5.14 5.43 5.44 5.27 5.01 4.74 4.54 4.46 4.57 4.76 5.08 5.36 5.76 5.97 6.26 6.80 7.49 7.70 7.35 6.66 6.04 5.70 5.47 5.30 5.24 5.27 5.47 5.74 5.97 6.07 6.04 6.04 6.13 6.13 5.95 5.64 5.26 5.09 4.89 4.72 4.75 4.89 4.98 5.07 5.16 5.39 5.72 6.10 6.21 5.76 4.98 4.49 4.28 4.09 4.17 4.54 5.18 5.42 5.11 4.58 4.36 4.26 4.17 4.13 3.92 3.50 3.08 2.69 2.30 1.85 1.47 1.27 1.18 1.23 1.49
6.14 5.75 5.09 4.65 4.34 4.15 4.14 4.28 4.58 4.97 5.33 5.54 5.65 5.66 5.59 5.41 5.20 5.14 5.27 5.45 5.62 5.99 6.23 6.62 7.29 7.84 7.82 7.17 6.41 6.04 5.94 5.95 5.96 5.77 5.57 5.51 5.46 5.40 5.39 5.55 5.73 5.88 5.85 5.62 5.32 4.99 4.73 4.44 4.21 4.14 4.23 4.43 4.71 5.00 5.36 5.66 5.78 5.44 4.67 4.20 4.07 3.96 4.03 4.44 4.87 5.12 4.97 4.37 3.81 3.57 3.48 3.30 3.20 3.15 2.90 2.48 1.97 1.51 1.18 1.08 1.11 1.23 1.51 2.06
6.07 5.61 4.81 4.43 4.19 4.03 3.92 3.83 3.82 3.95 4.21 4.74 5.31 5.77 6.06 6.08 5.90 5.73 5.72 5.79 5.88 6.16 6.43 7.13 7.50 7.69 7.30 6.60 5.88 5.57 5.57 5.72 5.79 5.63 5.46 5.33 5.20 5.15 5.32 5.60 5.76 5.75 5.59 5.46 5.36 5.12 4.76 4.29 3.82 3.58 3.63 3.96 4.43 4.79 5.09 5.17 4.89 4.25 3.72 3.63 3.59 3.49 3.76 4.23 4.40 4.35 4.13 3.70 3.21 2.84 2.67 2.56 2.51 2.41 2.15 1.79 1.44 1.22 1.25 1.51 1.81 2.08 2.43 3.08
5.96 5.43 4.62 4.32 4.14 4.01 3.86 3.66 3.40 3.20 3.20 3.60 4.36 5.20 5.86 6.20 6.25 6.18 6.15 6.21 6.29 6.44 6.69 7.17 7.50 7.30 6.71 5.99 5.33 4.92 4.78 4.83 5.00 5.13 5.22 5.24 5.24 5.33 5.57 5.78 5.78 5.61 5.45 5.47 5.51 5.14 4.49 3.80 3.44 3.49 3.83 4.34 4.74 4.87 4.79 4.50 3.92 3.36 3.14 3.13 3.01 2.89 3.04 3.34 3.57 3.70 3.80 3.69 3.38 3.08 2.97 2.85 2.62 2.26 1.84 1.60 1.59 1.75 2.07 2.46 2.85 3.24 3.64 4.36
5.86 5.36 4.63 4.32 4.16 4.07 3.99 3.89 3.69 3.41 3.21 3.34 3.87 4.56 5.25 5.81 6.15 6.48 6.53 6.71 6.87 6.99 7.66 7.71 7.59 7.05 6.34 5.69 5.08 4.69 4.52 4.52 4.57 4.70 4.90 5.10 5.22 5.32 5.51 5.70 5.57 5.32 5.18 5.30 5.31 4.70 4.02 3.78 4.05 4.55 5.02 5.32 5.32 5.05 4.67 4.27 3.90 3.62 3.47 3.33 3.16 3.07 3.13 3.37 3.89 4.38 4.61 4.54 4.35 4.21 4.05 3.72 3.12 2.54 2.16 2.08 2.27 2.63 3.06 3.62 4.25 4.87 5.40 6.29
5.80 5.30 4.63 4.33 4.21 4.19 4.21 4.30 4.40 4.39 4.25 4.19 4.40 4.72 5.08 5.61 6.10 6.57 6.86 7.16 7.50 7.66 8.06 7.88 7.59 6.86 6.24 5.84 5.42 5.26 5.24 5.19 4.97 4.84 4.90 5.03 5.14 5.26 5.38 5.31 5.07 4.84 4.81 5.00 5.10 4.84 4.82 5.24 5.71 6.00 6.07 5.90 5.54 5.11 4.88 4.83 4.79 4.73 4.63 4.50 4.42 4.49 4.72 5.15 5.65 5.83 5.57 5.21 4.94 4.71 4.30 3.72 3.05 2.68 2.64 2.85 3.14 3.62 4.35 5.38 6.45 7.23 7.83 8.52
5.70 5.24 4.62 4.35 4.31 4.35 4.46 4.70 5.05 5.36 5.54 5.64 5.68 5.62 5.64 5.95 6.44 7.11 7.45 7.76 8.09 8.21 8.09 7.81 7.24 6.67 6.33 6.14 5.95 5.86 5.85 5.82 5.61 5.45 5.35 5.26 5.25 5.26 5.16 4.90 4.73 4.81 4.90 5.15 5.45 5.61 5.82 6.15 6.32 6.22 6.01 5.72 5.44 5.21 5.15 5.24 5.30 5.38 5.47 5.57 5.69 5.95 6.27 6.52 6.46 6.04 5.35 4.93 4.63 4.15 3.56 3.07 2.81 2.87 3.21 3.67 4.17 4.94 6.16 7.60 8.69 9.34 9.55 9.56
5.63 5.23 4.66 4.45 4.45 4.48 4.57 4.90 5.49 6.13 6.60 6.87 6.92 6.77 6.62 6.71 7.13 7.80 8.12 8.01 8.34 8.00 7.53 7.28 6.67 6.36 6.27 6.23 6.12 6.00 5.91 5.83 5.67 5.53 5.37 5.25 5.23 5.15 5.01 4.95 5.06 5.17 5.24 5.47 5.75 5.77 5.65 5.56 5.32 5.08 4.93 4.93 5.03 5.12 5.09 5.10 5.19 5.35 5.55 5.77 6.05 6.40 6.54 6.32 5.62 4.70 4.10 4.03 3.89 3.43 3.02 2.92 3.07 3.43 4.01 4.62 5.31 6.37 7.81 8.93 9.47 9.56 9.34 8.86
5.60 5.24 4.76 4.61 4.63 4.66 4.81 5.33 6.16 6.76 7.04 7.12 7.14 7.18 7.27 7.54 7.96 8.43 8.43 8.20 7.92 7.63 7.20 6.65 6.20 5.98 5.89 5.92 5.93 5.87 5.75 5.56 5.20 4.92 4.81 4.90 5.01 5.02 4.97 4.95 4.94 5.01 5.17 5.45 5.59 5.33 4.95 4.58 4.38 4.25 4.24 4.37 4.57 4.71 4.79 4.89 5.05 5.16 5.26 5.45 5.78 6.03 5.79 4.96 3.93 3.28 3.19 3.43 3.52 3.38 3.29 3.42 3.80 4.41 5.15 5.89 6.70 7.78 8.73 9.07 8.51 7.50 6.78 6.41
