project/data/elevation/US_DEM2016/US_DEM2016_point_10-28-2019_1755_30m_vel.asc
ncols	125
nrows	167
xllcorner	-2042055.000000
yllcorner	1465035.000000
cellsize	30.000000
NODATA_value	-9999.000000
[rows 0 to 37 of 167, columns 0 to 83 of 125]
2.32 2.25 2.32 2.57 2.89 3.30 3.76 4.22 4.54 4.82 5.12 5.40 5.34 4.95 4.86 5.10 5.31 5.13 4.49 3.86 3.53 3.66 4.11 4.53 4.78 4.77 4.43 3.55 2.55 1.76 1.34 1.25 1.27 1.27 1.21 1.20 1.27 1.33 1.38 1.40 1.40 1.42 1.48 1.57 1.61 1.59 1.56 1.61 1.84 2.35 3.04 3.72 4.28 4.74 4.89 4.87 4.68 4.18 3.72 3.40 3.17 2.99 2.92 3.08 3.26 3.35 3.30 3.09 2.77 2.61 2.61 2.68 2.76 2.83 2.90 2.96 3.00 3.13 3.43 3.78 3.92 3.67 3.32 3.45
2.32 2.25 2.32 2.57 2.89 3.30 3.76 4.22 4.54 4.82 5.12 5.40 5.34 4.95 4.86 5.10 5.31 5.13 4.49 3.86 3.53 3.66 4.11 4.53 4.78 4.77 4.43 3.55 2.55 1.76 1.34 1.25 1.27 1.27 1.21 1.20 1.27 1.33 1.38 1.40 1.40 1.42 1.48 1.57 1.61 1.59 1.56 1.61 1.84 2.35 3.04 3.72 4.28 4.74 4.89 4.87 4.68 4.18 3.72 3.40 3.17 2.99 2.92 3.08 3.26 3.35 3.30 3.09 2.77 2.61 2.61 2.68 2.76 2.83 2.90 2.96 3.00 3.13 3.43 3.78 3.92 3.67 3.32 3.45
2.19 2.20 2.38 2.65 2.90 3.26 3.67 4.03 4.29 4.47 4.65 4.83 4.79 4.63 4.57 4.69 4.80 4.68 4.23 3.72 3.55 3.76 4.10 4.29 4.32 4.15 3.60 2.76 2.01 1.46 1.21 1.19 1.25 1.27 1.21 1.20 1.29 1.38 1.41 1.39 1.38 1.41 1.48 1.62 1.76 1.82 1.85 1.94 2.23 2.74 3.30 3.72 4.03 4.27 4.37 4.34 4.20 3.95 3.61 3.26 2.99 2.81 2.81 2.93 3.02 3.05 3.03 2.96 2.89 2.82 2.81 2.81 2.78 2.75 2.73 2.75 2.82 3.01 3.30 3.47 3.37 3.24 3.26 3.57
2.18 2.30 2.62 2.84 3.01 3.23 3.49 3.67 3.73 3.74 3.76 3.75 3.72 3.73 3.82 3.83 3.75 3.74 3.62 3.46 3.57 3.89 4.01 3.77 3.38 2.91 2.33 1.84 1.44 1.20 1.14 1.19 1.32 1.41 1.40 1.38 1.44 1.51 1.49 1.44 1.52 1.65 1.77 1.95 2.18 2.30 2.39 2.55 2.87 3.32 3.64 3.67 3.54 3.43 3.37 3.19 3.06 3.08 3.07 2.97 2.84 2.76 2.71 2.66 2.56 2.48 2.47 2.57 2.75 2.89 2.91 2.82 2.65 2.50 2.42 2.43 2.55 2.76 2.93 2.83 2.58 2.72 3.20 3.71
2.33 2.51 2.85 2.97 3.06 3.20 3.30 3.34 3.28 3.21 3.09 2.94 2.84 2.87 3.07 3.11 2.96 2.95 3.10 3.28 3.60 3.84 3.69 3.14 2.49 1.98 1.73 1.58 1.42 1.35 1.37 1.50 1.70 1.80 1.77 1.71 1.72 1.76 1.71 1.69 1.87 2.06 2.23 2.44 2.59 2.63 2.66 2.85 3.22 3.58 3.69 3.53 3.19 2.86 2.57 2.20 1.98 1.99 2.19 2.44 2.59 2.63 2.55 2.35 2.16 2.06 2.02 2.08 2.21 2.30 2.32 2.24 2.12 2.05 2.09 2.22 2.38 2.52 2.58 2.48 2.40 2.68 3.22 3.59
2.43 2.62 2.95 3.04 3.05 3.11 3.12 3.04 3.00 2.96 2.77 2.50 2.36 2.46 2.77 2.88 2.72 2.65 2.83 3.12 3.44 3.49 3.11 2.40 1.79 1.53 1.53 1.55 1.56 1.61 1.76 1.99 2.14 2.12 2.01 1.96 2.00 2.06 2.03 2.01 2.10 2.23 2.38 2.60 2.73 2.72 2.74 2.97 3.31 3.59 3.63 3.41 3.01 2.50 2.01 1.69 1.64 1.72 1.83 1.93 2.01 2.06 2.01 1.86 1.76 1.77 1.81 1.83 1.82 1.75 1.67 1.59 1.55 1.64 1.84 2.07 2.24 2.36 2.45 2.47 2.52 2.78 3.13 3.21
2.58 2.78 3.05 3.10 3.05 2.97 2.84 2.71 2.71 2.76 2.66 2.36 2.17 2.40 2.83 2.90 2.71 2.59 2.62 2.73 2.95 2.91 2.45 1.83 1.49 1.43 1.47 1.53 1.63 1.81 2.07 2.30 2.35 2.29 2.22 2.26 2.35 2.40 2.34 2.25 2.24 2.31 2.41 2.53 2.59 2.52 2.52 2.76 3.17 3.50 3.59 3.34 2.86 2.45 2.15 2.01 2.07 2.11 2.02 1.83 1.64 1.49 1.40 1.39 1.48 1.64 1.76 1.79 1.76 1.64 1.50 1.42 1.44 1.60 1.81 2.02 2.17 2.32 2.47 2.55 2.62 2.79 2.90 2.71
2.76 2.95 3.18 3.13 3.00 2.76 2.50 2.38 2.50 2.66 2.62 2.36 2.25 2.53 2.89 2.84 2.52 2.32 2.23 2.22 2.41 2.37 1.96 1.55 1.42 1.43 1.48 1.56 1.71 1.94 2.22 2.44 2.55 2.64 2.76 2.94 3.01 2.94 2.79 2.62 2.49 2.44 2.47 2.44 2.33 2.23 2.26 2.56 3.12 3.63 3.69 3.35 2.88 2.66 2.61 2.61 2.54 2.36 2.04 1.68 1.37 1.20 1.17 1.23 1.39 1.60 1.78 1.87 1.82 1.66 1.52 1.50 1.57 1.71 1.91 2.06 2.20 2.39 2.57 2.60 2.62 2.70 2.62 2.33
3.04 3.15 3.26 3.11 2.89 2.61 2.35 2.33 2.55 2.69 2.63 2.50 2.53 2.72 2.82 2.60 2.16 1.88 1.78 1.85 2.10 2.03 1.58 1.29 1.28 1.37 1.53 1.73 1.93 2.13 2.39 2.68 2.99 3.37 3.71 3.86 3.79 3.60 3.39 3.16 2.92 2.73 2.62 2.50 2.34 2.26 2.43 2.88 3.54 3.94 3.81 3.19 2.60 2.38 2.36 2.32 2.16 1.85 1.48 1.20 1.10 1.14 1.23 1.32 1.45 1.68 1.93 2.02 1.87 1.64 1.52 1.57 1.70 1.88 2.10 2.28 2.46 2.69 2.78 2.69 2.61 2.60 2.47 2.54
3.30 3.31 3.22 3.02 2.79 2.59 2.46 2.61 2.90 2.99 2.86 2.77 2.81 2.81 2.64 2.29 1.82 1.53 1.57 1.78 2.02 1.80 1.31 1.11 1.19 1.34 1.57 1.84 2.11 2.41 2.77 3.17 3.62 4.00 4.15 4.05 3.87 3.71 3.61 3.51 3.35 3.17 3.00 2.82 2.64 2.63 2.84 3.36 3.93 4.07 3.63 2.72 1.97 1.52 1.39 1.36 1.25 1.02 0.87 0.85 0.98 1.18 1.34 1.45 1.63 1.97 2.27 2.27 1.95 1.61 1.54 1.71 2.02 2.33 2.58 2.78 3.03 3.25 3.22 3.01 2.82 2.73 2.66 2.52
3.64 3.40 3.08 2.92 2.83 2.82 2.94 3.28 3.52 3.48 3.29 3.13 2.98 2.74 2.42 2.02 1.61 1.49 1.69 1.97 2.06 1.72 1.30 1.20 1.27 1.43 1.62 1.90 2.33 2.84 3.29 3.68 3.95 3.94 3.60 3.19 3.06 3.18 3.34 3.42 3.42 3.35 3.21 3.06 2.94 2.89 3.06 3.62 4.06 3.93 3.17 2.20 1.49 1.07 0.84 0.67 0.54 0.52 0.62 0.81 1.06 1.30 1.51 1.69 1.98 2.42 2.64 2.46 2.06 1.73 1.74 2.12 2.62 2.98 3.21 3.39 3.60 3.64 3.44 3.17 3.03 2.98 2.90 2.73
3.87 3.45 2.98 2.97 3.12 3.36 3.69 4.00 4.09 3.90 3.65 3.42 3.14 2.71 2.30 1.99 1.74 1.73 1.94 2.14 2.08 1.72 1.42 1.38 1.45 1.63 1.88 2.27 2.77 3.20 3.47 3.63 3.55 3.13 2.49 2.15 2.30 2.60 2.76 2.84 2.96 3.07 3.13 3.13 3.07 3.02 3.23 3.77 3.99 3.57 2.63 1.84 1.30 0.90 0.62 0.45 0.38 0.48 0.69 0.96 1.28 1.63 1.94 2.17 2.45 2.76 2.80 2.54 2.24 2.09 2.17 2.64 3.16 3.47 3.60 3.65 3.57 3.28 2.80 2.53 2.54 2.58 2.55 2.43
3.77 3.46 3.04 3.04 3.31 3.67 3.99 4.14 4.08 3.87 3.67 3.49 3.22 2.79 2.44 2.23 2.08 2.00 2.02 2.05 1.90 1.55 1.37 1.42 1.59 1.82 2.16 2.56 2.83 2.95 2.95 2.80 2.46 1.93 1.56 1.66 2.01 2.14 2.04 2.08 2.26 2.50 2.78 2.97 3.01 3.07 3.33 3.74 3.70 2.99 2.09 1.46 0.93 0.57 0.45 0.50 0.61 0.75 0.96 1.28 1.69 2.13 2.45 2.64 2.77 2.88 2.83 2.65 2.55 2.53 2.67 3.15 3.60 3.71 3.55 3.22 2.77 2.20 1.75 1.71 1.90 2.04 2.09 2.03
3.61 3.49 3.20 3.04 3.12 3.34 3.52 3.52 3.35 3.22 3.21 3.19 3.08 2.88 2.70 2.52 2.31 2.09 1.92 1.76 1.48 1.19 1.18 1.33 1.54 1.75 2.01 2.16 2.12 2.01 1.88 1.66 1.44 1.24 1.25 1.54 1.73 1.63 1.52 1.61 1.76 1.96 2.21 2.39 2.58 2.85 3.24 3.50 3.29 2.51 1.68 1.00 0.51 0.39 0.54 0.77 0.94 1.06 1.29 1.71 2.18 2.60 2.83 2.94 3.01 3.06 3.03 2.92 2.87 2.90 3.13 3.59 3.78 3.48 2.87 2.21 1.73 1.45 1.39 1.61 1.92 2.13 2.17 2.05
3.64 3.58 3.23 2.90 2.71 2.67 2.62 2.44 2.25 2.26 2.40 2.53 2.58 2.62 2.63 2.56 2.35 2.05 1.76 1.43 1.05 0.92 1.04 1.19 1.27 1.35 1.43 1.39 1.29 1.26 1.22 1.21 1.27 1.31 1.41 1.55 1.56 1.47 1.46 1.56 1.65 1.73 1.82 1.94 2.21 2.73 3.15 3.26 2.92 2.23 1.40 0.77 0.57 0.74 1.05 1.24 1.26 1.34 1.67 2.17 2.70 3.07 3.26 3.34 3.43 3.51 3.47 3.31 3.18 3.21 3.48 3.71 3.44 2.63 1.85 1.49 1.44 1.45 1.60 1.96 2.35 2.57 2.53 2.42
3.74 3.51 2.97 2.50 2.14 2.00 1.94 1.81 1.73 1.77 1.88 1.88 1.89 2.00 2.18 2.27 2.19 1.98 1.64 1.23 0.96 0.97 1.08 1.10 1.05 1.03 1.07 1.11 1.14 1.19 1.25 1.37 1.54 1.66 1.71 1.75 1.76 1.74 1.76 1.83 1.90 1.96 2.05 2.25 2.62 3.08 3.23 3.03 2.52 1.85 1.26 1.01 1.10 1.43 1.70 1.72 1.60 1.70 2.17 2.80 3.34 3.71 3.87 3.93 3.99 4.05 4.00 3.83 3.67 3.64 3.70 3.47 2.69 1.88 1.57 1.67 1.81 1.86 2.02 2.40 2.81 2.97 2.92 2.98
3.64 3.22 2.48 1.92 1.53 1.55 1.72 1.78 1.79 1.90 1.96 1.89 1.82 1.89 1.99 1.97 1.91 1.85 1.64 1.39 1.27 1.25 1.20 1.13 1.08 1.10 1.21 1.36 1.46 1.53 1.60 1.68 1.82 1.97 2.07 2.19 2.27 2.26 2.25 2.31 2.45 2.63 2.84 3.13 3.42 3.51 3.22 2.68 2.13 1.70 1.43 1.44 1.70 2.05 2.25 2.19 2.08 2.33 2.97 3.66 4.18 4.44 4.47 4.43 4.39 4.35 4.30 4.22 4.14 3.99 3.72 3.15 2.35 2.04 2.23 2.47 2.48 2.38 2.47 2.84 3.23 3.39 3.49 3.67
3.34 2.95 2.12 1.46 1.25 1.48 1.87 2.13 2.33 2.52 2.58 2.53 2.48 2.39 2.21 1.91 1.71 1.72 1.70 1.64 1.56 1.42 1.26 1.21 1.27 1.40 1.58 1.73 1.85 1.95 2.02 2.04 2.13 2.32 2.49 2.66 2.78 2.80 2.78 2.88 3.14 3.39 3.62 3.76 3.72 3.38 2.77 2.16 1.85 1.74 1.70 1.85 2.20 2.58 2.72 2.61 2.64 3.08 3.84 4.47 4.80 4.82 4.64 4.45 4.30 4.20 4.14 4.12 4.12 3.98 3.69 3.36 3.06 3.13 3.47 3.62 3.52 3.36 3.40 3.59 3.80 3.96 4.09 4.11
3.14 2.74 1.88 1.33 1.42 2.05 2.70 3.12 3.42 3.57 3.58 3.50 3.31 2.96 2.48 2.03 1.75 1.69 1.72 1.70 1.63 1.50 1.38 1.41 1.54 1.72 1.88 2.05 2.20 2.34 2.50 2.64 2.79 2.91 3.03 3.20 3.35 3.40 3.45 3.61 3.80 3.92 3.88 3.65 3.19 2.53 1.92 1.64 1.72 1.86 2.02 2.31 2.72 3.04 3.05 2.89 3.07 3.72 4.43 4.78 4.79 4.54 4.19 3.92 3.80 3.76 3.79 3.78 3.72 3.68 3.73 3.88 4.16 4.46 4.71 4.81 4.81 4.78 4.75 4.65 4.56 4.50 4.39 4.08
2.85 2.32 1.49 1.36 1.98 2.96 3.72 4.15 4.35 4.32 4.15 3.90 3.57 3.11 2.67 2.30 2.01 1.84 1.78 1.74 1.69 1.65 1.67 1.78 1.91 2.05 2.23 2.43 2.58 2.73 3.02 3.37 3.68 3.85 3.90 3.94 3.93 3.89 3.98 4.10 4.09 3.87 3.47 2.89 2.22 1.66 1.45 1.60 1.98 2.27 2.55 2.89 3.21 3.30 3.16 3.08 3.45 4.12 4.51 4.50 4.19 3.77 3.39 3.16 3.13 3.21 3.31 3.32 3.24 3.29 3.60 4.02 4.48 4.85 5.07 5.23 5.35 5.39 5.31 5.12 4.86 4.61 4.26 3.75
2.20 1.78 1.42 1.83 2.91 3.95 4.51 4.66 4.56 4.30 3.96 3.63 3.31 2.98 2.73 2.51 2.27 2.04 1.92 1.88 1.88 1.96 2.15 2.34 2.47 2.58 2.76 2.96 3.10 3.30 3.68 4.13 4.44 4.58 4.56 4.38 4.15 4.04 4.05 3.96 3.65 3.13 2.48 1.84 1.42 1.37 1.63 2.10 2.60 2.95 3.25 3.52 3.60 3.44 3.26 3.36 3.78 4.13 4.15 3.79 3.31 2.87 2.53 2.34 2.40 2.46 2.46 2.48 2.55 2.74 3.07 3.48 3.93 4.24 4.40 4.54 4.65 4.69 4.69 4.56 4.40 4.16 3.85 3.49
2.07 2.03 2.25 3.02 4.04 4.68 4.79 4.53 4.12 3.69 3.34 3.09 2.86 2.67 2.56 2.44 2.31 2.15 2.05 2.09 2.24 2.51 2.81 3.02 3.18 3.33 3.50 3.68 3.87 4.13 4.50 4.75 4.76 4.60 4.31 3.95 3.74 3.67 3.50 3.08 2.55 2.00 1.46 1.17 1.27 1.69 2.28 2.86 3.25 3.60 3.83 3.86 3.73 3.55 3.43 3.56 3.77 3.76 3.44 2.90 2.40 2.03 1.72 1.68 1.82 1.84 1.73 1.71 1.85 2.07 2.49 2.86 3.09 3.14 3.10 3.13 3.07 3.16 3.29 3.30 3.46 3.54 3.51 3.51
2.61 2.93 3.53 4.13 4.64 4.80 4.50 3.95 3.41 3.05 2.82 2.64 2.46 2.31 2.23 2.20 2.20 2.17 2.19 2.34 2.65 3.01 3.28 3.49 3.67 3.88 4.11 4.32 4.55 4.78 4.92 4.79 4.36 3.79 3.20 2.86 2.95 2.90 2.48 1.89 1.37 1.06 0.96 1.20 1.74 2.31 2.89 3.37 3.73 3.98 3.98 3.81 3.58 3.45 3.42 3.43 3.37 3.10 2.60 2.08 1.66 1.35 1.24 1.39 1.60 1.67 1.68 1.75 1.83 1.98 2.26 2.56 2.69 2.56 2.30 2.13 2.11 2.34 2.53 2.59 2.76 3.00 3.18 3.29
3.14 3.46 3.97 4.30 4.48 4.34 3.86 3.34 2.87 2.63 2.48 2.30 2.14 2.02 1.96 2.01 2.11 2.19 2.29 2.41 2.63 2.85 3.08 3.36 3.65 3.96 4.26 4.52 4.67 4.68 4.47 3.96 3.19 2.52 2.07 2.01 2.12 1.90 1.36 0.93 0.76 0.84 1.17 1.78 2.36 2.82 3.31 3.71 3.98 3.99 3.74 3.39 3.15 3.07 3.06 3.01 2.82 2.48 1.99 1.53 1.18 1.01 1.09 1.33 1.51 1.62 1.78 2.00 2.11 2.14 2.24 2.41 2.51 2.39 2.08 1.89 2.02 2.31 2.36 2.30 2.44 2.59 2.70 2.75
3.62 3.69 3.81 3.93 3.93 3.68 3.26 2.87 2.57 2.37 2.21 2.01 1.86 1.79 1.82 1.94 2.08 2.19 2.25 2.26 2.29 2.35 2.55 2.90 3.37 3.81 4.14 4.27 4.17 3.84 3.28 2.53 1.82 1.42 1.28 1.34 1.27 1.00 0.73 0.69 0.86 1.26 1.88 2.46 2.91 3.32 3.66 3.93 3.97 3.74 3.35 3.00 2.78 2.66 2.61 2.56 2.42 2.13 1.71 1.32 1.08 1.12 1.41 1.70 1.85 1.96 2.21 2.35 2.25 2.14 2.15 2.25 2.32 2.28 2.09 2.02 2.23 2.37 2.18 2.05 2.17 2.22 2.25 2.31
4.14 3.87 3.57 3.57 3.49 3.23 2.90 2.56 2.32 2.14 1.96 1.79 1.67 1.66 1.78 1.94 2.09 2.18 2.22 2.24 2.31 2.45 2.73 3.13 3.57 3.88 3.92 3.68 3.25 2.66 1.94 1.32 0.89 0.76 0.82 0.91 0.88 0.80 0.83 1.05 1.42 1.97 2.59 3.11 3.49 3.78 3.94 3.94 3.73 3.36 2.97 2.68 2.47 2.36 2.36 2.36 2.25 2.01 1.72 1.50 1.47 1.74 2.13 2.39 2.50 2.63 2.70 2.51 2.20 2.13 2.17 2.10 2.08 2.15 2.15 2.18 2.37 2.39 2.15 2.01 2.05 2.02 2.02 2.17
4.48 4.08 3.57 3.45 3.32 3.08 2.81 2.51 2.27 2.11 1.96 1.84 1.77 1.79 1.91 2.08 2.15 2.26 2.37 2.53 2.78 3.13 3.50 3.79 3.91 3.79 3.41 2.83 2.17 1.54 0.95 0.62 0.56 0.69 0.85 0.96 1.04 1.16 1.39 1.68 2.05 2.56 3.18 3.69 4.01 4.17 4.09 3.81 3.40 2.96 2.59 2.34 2.23 2.23 2.31 2.34 2.19 2.02 1.97 2.04 2.28 2.69 3.04 3.21 3.26 3.23 3.01 2.68 2.50 2.50 2.34 2.06 1.94 2.11 2.22 2.23 2.34 2.39 2.31 2.21 2.15 2.06 2.03 2.13
4.69 4.27 3.66 3.42 3.22 3.01 2.83 2.65 2.49 2.39 2.31 2.20 2.18 2.20 2.24 2.26 2.28 2.37 2.58 2.89 3.27 3.62 3.80 3.78 3.52 3.09 2.53 1.87 1.19 0.67 0.45 0.52 0.78 1.05 1.24 1.40 1.55 1.76 2.07 2.30 2.58 3.07 3.71 4.17 4.37 4.35 4.06 3.57 3.05 2.62 2.31 2.20 2.21 2.29 2.35 2.26 2.09 2.12 2.33 2.72 3.28 3.79 4.08 4.18 4.07 3.83 3.48 3.23 3.17 2.98 2.51 2.07 2.07 2.34 2.37 2.23 2.32 2.51 2.53 2.41 2.29 2.19 2.14 2.12
4.73 4.29 3.65 3.30 3.06 2.95 2.83 2.73 2.65 2.59 2.52 2.43 2.42 2.45 2.46 2.42 2.33 2.35 2.60 3.00 3.32 3.41 3.24 2.87 2.45 2.02 1.56 1.00 0.50 0.34 0.51 0.95 1.32 1.55 1.74 1.98 2.21 2.42 2.66 2.81 3.06 3.53 4.13 4.45 4.49 4.23 3.75 3.21 2.76 2.46 2.34 2.34 2.38 2.40 2.31 2.12 2.11 2.35 2.73 3.35 4.06 4.49 4.65 4.61 4.51 4.30 4.10 3.96 3.70 3.25 2.74 2.44 2.58 2.72 2.59 2.48 2.66 2.87 2.82 2.58 2.34 2.23 2.17 2.10
4.60 4.26 3.68 3.29 3.06 2.94 2.83 2.71 2.62 2.51 2.36 2.24 2.20 2.22 2.28 2.29 2.22 2.25 2.48 2.77 2.82 2.58 2.16 1.71 1.34 1.06 0.77 0.46 0.31 0.55 1.11 1.60 1.86 2.05 2.25 2.50 2.75 2.90 2.99 3.13 3.44 3.91 4.32 4.48 4.26 3.76 3.19 2.80 2.61 2.54 2.58 2.66 2.65 2.58 2.42 2.29 2.39 2.69 3.08 3.77 4.36 4.63 4.60 4.41 4.29 4.26 4.28 4.29 4.10 3.79 3.58 3.48 3.44 3.22 2.94 2.98 3.26 3.37 3.12 2.69 2.29 2.09 2.01 2.03
4.62 4.35 3.79 3.42 3.23 3.08 2.91 2.75 2.59 2.43 2.27 2.13 2.03 1.99 2.00 2.13 2.04 2.16 2.34 2.30 1.96 1.47 1.03 0.70 0.53 0.52 0.49 0.44 0.57 1.08 1.68 2.02 2.21 2.42 2.63 2.82 2.93 2.96 3.01 3.20 3.59 4.02 4.30 4.23 3.80 3.16 2.75 2.56 2.54 2.66 2.76 2.87 2.92 2.83 2.70 2.61 2.62 2.84 3.25 3.94 4.31 4.24 3.85 3.59 3.58 3.76 3.98 4.19 4.35 4.44 4.51 4.44 4.19 3.88 3.64 3.70 3.77 3.55 3.05 2.45 2.03 1.88 1.88 1.94
4.83 4.42 3.78 3.46 3.33 3.24 3.05 2.82 2.64 2.52 2.44 2.32 2.20 2.06 1.97 1.94 1.97 2.05 1.99 1.59 1.02 0.56 0.26 0.22 0.37 0.54 0.62 0.75 1.02 1.40 1.79 1.99 2.12 2.32 2.52 2.67 2.68 2.69 2.81 3.13 3.61 4.04 4.18 3.92 3.43 2.94 2.64 2.53 2.53 2.61 2.76 2.91 3.03 2.94 2.79 2.62 2.55 2.69 3.15 3.82 4.03 3.69 3.18 2.96 3.00 3.22 3.52 3.79 4.10 4.38 4.57 4.59 4.42 4.28 4.24 4.14 3.79 3.19 2.53 2.05 1.83 1.78 1.77 1.82
4.83 4.32 3.61 3.35 3.27 3.20 3.01 2.75 2.59 2.51 2.45 2.37 2.26 2.13 2.03 1.95 1.89 1.78 1.45 0.96 0.60 0.36 0.21 0.24 0.47 0.76 1.01 1.22 1.40 1.56 1.71 1.79 1.82 1.92 2.07 2.20 2.29 2.42 2.70 3.19 3.70 4.00 3.95 3.54 3.07 2.71 2.47 2.42 2.47 2.51 2.62 2.84 2.91 2.79 2.60 2.36 2.25 2.38 2.97 3.62 3.70 3.21 2.77 2.71 2.88 3.06 3.16 3.22 3.37 3.57 3.73 3.84 3.95 4.07 4.11 3.92 3.36 2.65 2.22 2.03 1.90 1.70 1.60 1.76
4.40 4.09 3.62 3.38 3.18 2.91 2.61 2.41 2.26 2.20 2.17 2.16 2.11 2.03 1.98 1.90 1.72 1.46 1.15 0.95 0.83 0.75 0.76 0.86 1.04 1.29 1.51 1.69 1.80 1.83 1.87 1.87 1.83 1.82 1.89 2.02 2.21 2.43 2.82 3.34 3.72 3.79 3.49 2.87 2.28 2.02 2.01 2.13 2.27 2.40 2.52 2.70 2.71 2.47 2.25 2.09 2.01 2.22 2.82 3.41 3.44 2.98 2.68 2.72 2.89 2.96 2.84 2.68 2.66 2.73 2.72 2.82 3.08 3.38 3.48 3.36 3.05 2.68 2.44 2.26 1.89 1.55 1.58 1.92
3.94 3.95 3.81 3.52 3.14 2.70 2.37 2.16 1.96 1.86 1.88 1.92 1.94 1.93 1.90 1.82 1.61 1.37 1.24 1.23 1.27 1.36 1.48 1.61 1.74 1.87 2.03 2.16 2.25 2.28 2.24 2.13 2.02 1.97 2.04 2.19 2.38 2.62 3.01 3.42 3.59 3.42 2.87 2.10 1.75 1.78 1.93 2.12 2.31 2.44 2.52 2.60 2.49 2.18 2.00 1.98 2.02 2.26 2.79 3.28 3.36 3.10 2.88 2.83 2.79 2.61 2.35 2.20 2.23 2.29 2.27 2.32 2.53 2.78 2.78 2.83 2.94 2.96 2.81 2.40 1.85 1.68 2.03 2.46
3.98 4.13 4.12 3.74 3.27 2.75 2.37 2.09 1.85 1.67 1.59 1.62 1.72 1.82 1.84 1.74 1.58 1.45 1.45 1.58 1.78 2.00 2.20 2.33 2.41 2.44 2.49 2.54 2.57 2.53 2.44 2.32 2.22 2.20 2.29 2.45 2.66 2.94 3.25 3.45 3.37 3.00 2.38 1.86 1.84 2.12 2.42 2.66 2.75 2.69 2.60 2.53 2.35 2.08 1.96 1.99 2.05 2.30 2.77 3.28 3.45 3.29 2.97 2.69 2.43 2.17 1.97 1.93 2.05 2.14 2.10 2.17 2.33 2.46 2.41 2.54 2.81 3.01 3.04 2.84 2.50 2.57 2.97 3.25
4.32 4.37 4.20 3.75 3.25 2.77 2.38 2.03 1.75 1.50 1.31 1.26 1.38 1.57 1.71 1.68 1.56 1.52 1.66 1.93 2.24 2.54 2.78 2.92 2.96 2.97 2.94 2.87 2.77 2.65 2.50 2.39 2.38 2.49 2.67 2.88 3.12 3.40 3.61 3.55 3.27 2.82 2.37 2.25 2.55 2.95 3.26 3.35 3.21 2.88 2.62 2.47 2.32 2.08 2.00 2.02 2.07 2.33 2.84 3.42 3.60 3.33 2.84 2.42 2.08 1.86 1.82 1.89 2.02 2.06 1.97 2.00 2.20 2.32 2.29 2.41 2.63 2.87 3.15 3.46 3.68 3.80 3.88 3.85
4.66 4.48 3.94 3.39 2.89 2.46 2.16 1.86 1.56 1.29 1.12 1.03 1.05 1.23 1.49 1.61 1.53 1.54 1.75 2.08 2.42 2.67 2.84 2.96 3.03 3.10 3.11 3.04 2.94 2.81 2.63 2.51 2.56 2.75 2.98 3.26 3.59 3.84 3.92 3.82 3.58 3.21 3.02 3.09 3.40 3.69 3.75 3.54 3.17 2.80 2.55 2.45 2.31 2.10 2.02 2.03 2.10 2.42 3.01 3.58 3.65 3.27 2.72 2.29 1.97 1.81 1.81 1.90 1.99 2.02 1.87 1.83 2.05 2.26 2.26 2.33 2.51 2.72 3.13 3.65 4.10 4.21 4.06 3.75
