project/data/elevation/US_DEM2016/US_DEM2016_point_10-28-2019_0644_30m_vel.asc
ncols	125
nrows	167
xllcorner	-2042055.000000
yllcorner	1465035.000000
cellsize	30.000000
NODATA_value	-9999.000000
[rows 105 to 139 of 167, columns 0 to 78 of 125]
10.57 10.76 10.90 10.70 10.29 9.73 9.17 8.65 8.05 7.31 6.62 6.39 6.54 6.88 6.94 6.44 6.14 6.69 7.85 9.16 10.09 10.78 11.37 11.84 12.33 13.19 14.05 14.21 13.76 13.27 12.81 12.36 11.96 11.43 10.92 10.47 10.06 9.73 9.49 9.41 9.41 9.48 9.80 10.07 10.49 11.18 12.03 12.51 12.13 11.14 10.04 8.68 7.28 6.74 6.98 7.80 8.71 9.32 9.68 9.99 10.21 10.44 10.81 11.29 11.80 12.44 13.08 13.22 12.46 10.83 9.56 8.95 8.72 8.76 9.27 10.40 11.83 12.27 11.32
10.05 9.97 9.98 10.05 9.92 9.55 9.05 8.17 7.45 7.03 6.92 7.00 7.35 8.01 8.89 9.33 8.59 7.84 7.74 8.00 8.55 9.34 10.40 11.32 11.91 12.64 13.62 14.41 14.80 14.89 14.61 14.20 13.70 12.94 12.05 11.19 10.45 9.96 9.64 9.51 9.67 9.95 10.19 10.24 10.39 10.93 11.91 12.81 12.98 12.29 11.10 9.68 8.53 7.91 7.99 8.43 8.93 9.31 9.61 9.71 9.60 9.72 10.30 11.02 11.56 12.12 12.86 13.51 13.40 12.24 10.72 9.80 9.22 8.72 8.53 9.36 11.10 12.23 12.03
9.87 9.67 9.58 9.74 9.84 9.76 9.37 8.76 8.26 8.20 8.67 9.35 10.05 11.04 12.15 12.91 13.14 12.34 11.03 10.24 9.99 10.20 10.81 11.34 11.67 11.97 12.33 12.68 13.12 13.63 13.86 13.79 13.56 13.08 12.44 11.67 10.89 10.29 9.81 9.58 9.86 10.36 10.63 10.48 10.34 10.55 11.34 12.45 13.25 13.28 12.53 11.59 10.73 10.11 9.64 9.22 8.95 9.03 9.23 9.22 9.12 9.32 9.92 10.59 11.07 11.47 12.08 12.90 13.49 13.26 11.96 10.68 9.76 9.00 8.59 8.99 10.43 11.88 12.34
10.07 9.86 9.72 9.89 10.16 10.46 10.67 10.69 10.60 10.72 11.37 12.33 13.34 14.14 14.59 14.88 15.30 15.29 14.72 13.95 13.28 12.72 12.26 11.95 11.88 11.82 11.74 11.56 11.24 11.23 11.60 11.91 11.96 11.92 11.85 11.68 11.30 10.75 10.25 9.98 10.05 10.15 10.20 10.20 10.18 10.31 10.90 12.03 13.41 14.38 14.45 13.82 12.90 11.84 10.61 9.56 9.07 9.06 9.09 9.05 9.08 9.26 9.50 9.88 10.28 10.55 10.90 11.65 12.55 12.94 12.35 11.23 10.31 9.66 9.26 9.34 10.28 11.60 12.36
10.34 10.26 10.20 10.32 10.58 10.99 11.51 12.03 12.54 13.04 13.65 14.32 14.78 14.86 14.66 14.41 14.33 14.60 14.76 14.57 14.12 13.50 12.84 12.34 12.11 11.93 11.83 11.77 11.35 10.71 10.32 10.26 10.23 10.28 10.47 10.78 10.97 10.86 10.52 10.04 9.55 9.16 9.09 9.44 10.01 10.41 10.94 11.90 13.31 14.71 15.35 15.16 14.48 13.47 12.16 10.98 10.30 9.89 9.60 9.38 9.22 9.10 9.08 9.35 9.80 10.05 10.16 10.54 11.23 11.85 11.91 11.34 10.64 10.11 9.78 9.75 10.30 11.34 12.17
10.54 10.63 10.65 10.67 10.84 11.15 11.57 12.16 13.00 13.77 14.17 14.16 13.79 13.23 12.74 12.35 12.04 12.06 12.21 12.41 12.43 12.29 12.18 12.16 12.17 11.99 11.80 11.90 11.99 11.77 11.31 10.89 10.73 10.61 10.40 10.29 10.38 10.53 10.35 9.78 9.19 8.91 9.12 9.72 10.40 10.84 11.23 11.87 12.83 13.95 14.79 15.17 15.15 14.80 14.14 13.16 12.19 11.25 10.42 9.80 9.32 8.98 8.94 9.17 9.64 9.97 10.02 10.09 10.47 10.98 11.29 11.14 10.69 10.26 10.00 9.95 10.32 11.19 12.04
10.49 10.58 10.65 10.72 10.96 11.35 11.83 12.31 12.84 13.12 13.04 12.59 11.93 11.29 10.91 10.74 10.46 10.23 10.18 10.40 10.70 10.81 11.11 11.65 12.11 12.10 11.80 11.60 11.63 11.87 12.03 12.03 12.00 11.86 11.44 10.83 10.42 10.37 10.28 10.04 9.92 10.05 10.30 10.67 11.02 11.32 11.54 11.81 12.23 12.82 13.46 14.10 14.61 14.91 14.93 14.44 13.45 12.32 11.18 10.16 9.47 9.11 9.00 9.04 9.37 9.86 10.11 10.19 10.33 10.58 10.82 10.83 10.59 10.29 10.00 9.86 10.13 10.93 11.87
10.20 10.19 10.30 10.53 10.89 11.43 12.00 12.28 12.23 11.84 11.30 10.87 10.50 10.17 9.95 9.78 9.46 9.19 9.23 9.56 9.88 10.04 10.29 10.97 11.70 12.19 12.26 12.04 11.62 11.39 11.29 11.19 11.17 11.32 11.38 11.15 10.75 10.52 10.49 10.63 10.81 10.96 11.06 11.19 11.30 11.55 11.70 11.63 11.64 11.94 12.27 12.69 13.15 13.52 13.80 13.77 13.28 12.42 11.42 10.47 9.75 9.27 8.93 8.86 9.19 9.77 10.22 10.39 10.41 10.39 10.41 10.45 10.37 10.14 9.85 9.65 9.73 10.30 11.32
10.08 9.98 10.01 10.22 10.52 10.98 11.35 11.27 10.87 10.27 9.69 9.23 8.98 8.86 8.80 8.76 8.78 8.86 9.06 9.45 9.96 10.18 10.11 10.36 11.17 12.10 12.74 12.99 12.71 12.08 11.33 10.33 9.59 9.61 10.15 10.57 10.64 10.55 10.58 10.78 10.98 11.14 11.26 11.27 11.10 11.21 11.40 11.25 11.15 11.42 11.70 11.85 11.92 11.78 11.47 11.54 11.62 11.37 10.98 10.52 10.01 9.46 9.05 8.99 9.32 9.83 10.30 10.50 10.46 10.29 10.12 10.04 9.97 9.86 9.75 9.64 9.63 9.89 10.71
10.21 10.08 10.01 10.03 10.11 10.29 10.28 9.84 9.23 8.59 8.00 7.48 7.19 7.22 7.58 8.06 8.64 9.28 9.84 10.33 10.72 10.65 10.08 9.89 10.55 11.49 12.42 13.09 13.24 12.96 12.60 11.83 10.50 9.43 9.17 9.41 9.85 10.28 10.54 10.71 10.96 11.25 11.40 11.30 10.83 10.41 10.43 10.51 10.58 11.00 11.60 11.89 11.92 11.45 10.39 9.58 9.39 9.62 9.88 10.02 9.94 9.74 9.62 9.66 9.80 10.01 10.36 10.55 10.47 10.28 10.09 9.95 9.85 9.76 9.69 9.69 9.78 9.96 10.50
10.42 10.34 10.24 10.10 9.90 9.64 9.26 8.81 8.31 7.80 7.36 7.05 6.83 7.05 7.82 8.82 9.71 10.47 11.11 11.44 11.38 10.94 9.77 8.85 9.10 9.95 11.06 12.15 12.68 12.83 13.13 13.32 12.75 11.22 9.70 9.20 9.67 10.38 10.85 11.06 11.22 11.36 11.42 11.35 10.88 10.05 9.52 9.58 9.88 10.48 11.48 12.26 12.68 12.53 11.53 10.02 8.97 8.68 8.82 9.17 9.51 9.71 9.90 10.15 10.34 10.40 10.47 10.59 10.49 10.23 10.08 10.04 10.00 9.87 9.72 9.69 9.89 10.20 10.73
10.52 10.53 10.43 10.18 9.76 9.21 8.68 8.45 8.56 8.76 8.89 8.81 8.87 9.31 10.08 10.96 11.65 11.95 11.88 11.61 11.44 11.36 10.35 8.53 7.77 8.12 9.40 10.91 11.71 11.81 12.06 12.87 13.49 13.16 11.95 11.07 10.88 11.08 11.20 11.17 11.07 10.98 11.01 11.22 11.23 10.54 9.45 8.99 9.31 10.01 10.98 12.12 13.03 13.44 13.18 12.30 11.11 10.01 9.29 9.16 9.35 9.50 9.63 9.89 10.26 10.49 10.63 10.77 10.60 10.11 9.78 9.76 9.84 9.87 9.83 9.85 10.03 10.38 11.00
10.42 10.42 10.34 10.10 9.71 9.18 8.76 8.73 9.13 9.74 10.36 10.92 11.45 11.91 12.21 12.28 12.17 11.85 11.35 10.88 10.95 11.59 11.55 10.03 8.21 7.69 8.33 9.80 10.85 10.76 10.27 10.75 12.16 13.21 13.23 12.61 11.87 11.28 10.84 10.51 10.33 10.31 10.48 10.95 11.50 11.43 10.26 8.97 8.85 9.41 10.13 11.11 12.30 13.26 13.65 13.50 13.05 12.36 11.36 10.40 9.93 9.65 9.43 9.37 9.61 10.01 10.38 10.71 10.69 10.18 9.67 9.48 9.54 9.72 9.89 10.06 10.27 10.58 11.20
10.26 10.18 10.08 9.95 9.75 9.46 9.24 9.20 9.35 9.74 10.46 11.32 12.02 12.32 12.21 11.73 11.00 10.42 10.13 9.97 10.18 11.00 11.79 11.44 10.01 8.77 8.51 9.23 10.46 10.59 9.51 8.90 9.66 11.35 12.32 12.26 11.57 10.84 10.34 10.02 9.91 9.97 10.17 10.58 11.27 11.84 11.24 9.46 8.55 8.58 9.12 9.89 10.94 12.11 12.93 13.13 13.06 12.95 12.59 11.77 10.81 10.09 9.50 9.06 8.91 9.14 9.57 10.20 10.62 10.50 10.12 9.80 9.68 9.76 9.97 10.21 10.47 10.78 11.32
10.12 9.99 9.86 9.83 9.79 9.70 9.61 9.56 9.64 9.90 10.44 10.96 11.19 11.07 10.72 10.33 9.97 9.65 9.43 9.33 9.36 9.82 10.68 11.12 10.57 9.55 9.02 9.36 10.52 11.19 10.52 9.05 8.45 9.13 10.46 11.10 10.94 10.52 10.30 10.15 10.05 9.99 9.99 10.20 10.78 11.66 11.80 10.46 8.81 8.24 8.42 9.10 9.97 11.09 12.12 12.51 12.35 12.14 12.11 11.91 11.29 10.47 9.72 9.09 8.66 8.68 9.17 9.96 10.62 10.86 10.75 10.51 10.22 10.02 9.98 10.11 10.32 10.59 11.01
10.08 9.91 9.77 9.78 9.78 9.79 9.84 9.93 10.09 10.35 10.57 10.60 10.37 10.03 9.75 9.66 9.64 9.48 9.25 9.02 8.85 8.99 9.58 10.19 10.08 9.39 9.08 9.43 10.48 11.51 11.64 10.57 9.04 8.46 8.97 9.85 10.22 10.22 10.26 10.28 10.22 10.10 9.95 9.96 10.32 11.11 11.77 11.17 9.49 8.36 8.16 8.71 9.52 10.49 11.54 12.15 11.99 11.45 11.13 11.11 10.98 10.52 9.99 9.53 9.30 9.46 9.92 10.43 10.80 10.95 10.90 10.81 10.58 10.23 9.91 9.76 9.80 10.04 10.47
10.22 10.03 9.82 9.76 9.74 9.80 10.00 10.30 10.60 10.73 10.58 10.31 10.04 9.87 9.81 9.79 9.65 9.47 9.39 9.38 9.43 9.62 9.96 10.19 9.97 9.36 9.03 9.22 10.04 11.16 11.86 11.63 10.56 9.43 8.95 9.18 9.59 9.79 9.90 10.02 10.08 10.07 9.97 9.86 9.87 10.34 11.21 11.19 9.88 8.47 7.98 8.26 8.91 9.63 10.57 11.51 11.81 11.39 10.80 10.52 10.50 10.40 10.26 10.22 10.32 10.52 10.72 10.91 11.01 10.93 10.72 10.62 10.55 10.34 10.02 9.76 9.67 9.85 10.30
10.39 10.15 9.80 9.66 9.67 9.73 9.93 10.38 10.91 10.95 10.60 10.15 9.86 9.77 9.82 9.80 9.69 9.69 9.90 10.21 10.46 10.58 10.67 10.68 10.31 9.58 9.00 8.91 9.46 10.59 11.51 11.75 11.27 10.48 9.85 9.59 9.62 9.65 9.59 9.66 9.71 9.69 9.62 9.46 9.25 9.51 10.47 10.93 10.08 8.57 7.62 7.33 7.61 8.24 9.18 10.36 11.23 11.36 10.95 10.58 10.43 10.37 10.34 10.35 10.36 10.42 10.57 10.87 11.16 11.20 10.94 10.64 10.51 10.37 10.13 9.96 9.88 9.88 10.06
10.34 10.02 9.55 9.43 9.53 9.63 9.71 9.92 10.26 10.40 10.22 9.81 9.40 9.17 9.16 9.35 9.67 9.94 10.11 10.17 10.16 10.20 10.44 10.79 10.80 10.27 9.33 8.77 8.96 9.96 11.01 11.40 11.08 10.53 10.29 10.24 10.13 9.87 9.76 9.45 9.24 8.93 8.74 8.63 8.48 8.72 9.70 10.57 10.25 8.90 7.53 6.63 6.33 6.72 7.67 8.95 10.17 10.78 10.74 10.50 10.37 10.34 10.28 10.10 9.91 9.93 10.22 10.64 11.08 11.37 11.35 11.01 10.64 10.33 9.99 9.78 9.59 9.40 9.44
10.44 10.10 9.62 9.43 9.45 9.50 9.43 9.26 9.12 9.15 9.26 9.18 8.84 8.50 8.50 9.00 9.47 9.64 9.41 9.04 8.94 9.27 9.85 10.45 10.86 10.87 10.22 9.25 8.88 9.41 10.57 11.24 11.04 10.44 10.16 10.14 10.09 9.84 9.41 9.11 8.67 8.32 8.34 8.49 8.50 8.62 9.27 10.22 10.35 9.51 8.40 7.44 6.70 6.41 6.77 7.82 9.15 10.00 10.19 10.16 10.19 10.26 10.35 10.45 10.43 10.44 10.53 10.69 10.85 11.02 11.19 11.13 10.76 10.22 9.78 9.44 9.16 9.04 9.25
10.78 10.69 10.33 9.83 9.48 9.28 9.08 8.76 8.43 8.37 8.98 8.86 8.75 8.42 8.40 8.64 8.76 8.70 8.41 8.13 8.25 8.82 9.54 10.15 10.63 10.95 10.87 10.18 9.44 9.37 10.24 11.18 11.23 10.49 9.71 9.33 9.27 9.20 8.98 8.65 8.41 8.55 9.10 9.65 9.90 9.85 9.98 10.45 10.63 10.18 9.42 8.69 8.06 7.53 7.32 7.68 8.64 9.64 10.07 10.14 10.16 10.21 10.38 10.71 10.85 10.79 10.65 10.67 10.74 10.71 10.75 10.85 10.65 10.19 9.73 9.30 9.01 8.94 9.26
10.81 10.87 10.65 9.98 9.35 9.00 8.78 8.50 8.23 8.23 8.51 8.79 8.80 8.51 8.13 7.85 7.76 7.88 8.01 8.12 8.44 8.95 9.51 10.02 10.40 10.65 10.78 10.59 10.03 9.65 10.06 11.02 11.37 10.66 9.47 8.80 8.69 8.81 8.84 8.76 8.94 9.58 10.27 10.78 11.13 11.33 11.45 11.52 11.34 10.79 10.00 9.18 8.62 8.32 8.13 8.10 8.61 9.57 10.17 10.26 10.09 10.04 10.06 10.12 10.09 10.02 10.01 10.29 10.71 10.87 10.78 10.71 10.50 10.17 9.80 9.38 8.91 8.51 8.53
10.37 10.22 9.79 9.34 8.91 8.69 8.59 8.43 8.22 8.09 8.64 8.25 8.50 8.40 7.95 7.59 7.67 8.04 8.54 9.14 9.61 9.87 9.91 9.86 9.81 9.89 10.07 10.17 9.96 9.69 9.91 10.82 11.52 11.26 10.20 9.36 9.16 9.21 9.28 9.40 9.74 10.16 10.46 10.74 11.19 11.76 12.32 12.66 12.52 11.84 10.95 10.04 9.24 8.73 8.52 8.44 8.67 9.35 10.00 10.14 9.89 9.74 9.57 9.36 9.29 9.40 9.65 10.10 10.67 11.06 11.06 10.76 10.45 10.13 9.89 9.74 9.47 8.90 8.39
10.13 9.51 8.77 8.53 8.40 8.40 8.48 8.45 8.22 8.76 7.71 7.85 8.32 8.70 8.75 8.73 9.02 9.55 10.13 10.60 10.87 10.83 10.50 10.00 9.49 9.31 9.41 9.53 9.50 9.40 9.57 10.37 11.41 11.75 11.22 10.51 10.10 9.85 9.70 9.66 9.70 9.77 10.03 10.44 11.00 11.66 12.42 13.20 13.64 13.34 12.49 11.55 10.61 9.74 9.15 8.83 8.68 8.91 9.54 9.93 9.73 9.54 9.35 9.17 9.18 9.47 9.81 10.14 10.46 10.74 10.79 10.63 10.38 10.12 9.90 9.91 10.13 10.21 9.81
10.69 9.93 8.98 8.78 8.71 8.61 8.55 8.51 8.35 8.85 7.98 8.20 8.74 9.42 9.96 10.36 10.80 11.12 11.18 11.09 10.88 10.70 10.68 10.46 9.79 9.32 9.24 9.32 9.34 9.29 9.34 9.85 10.92 11.65 11.49 10.86 10.28 9.87 9.61 9.42 9.30 9.41 9.79 10.25 10.82 11.42 12.04 12.84 13.71 13.98 13.42 12.39 11.34 10.48 9.86 9.42 8.99 8.72 9.09 9.63 9.72 9.59 9.50 9.46 9.54 9.74 9.87 9.91 9.96 10.02 10.14 10.21 10.19 10.17 10.07 9.84 9.85 10.36 10.78
11.34 10.86 10.20 10.08 9.97 9.52 8.94 8.65 8.58 8.50 8.47 8.72 9.25 9.95 10.54 10.91 11.08 11.02 10.77 10.33 9.80 9.57 10.02 10.34 9.96 9.50 9.42 9.60 9.72 9.72 9.66 9.86 10.60 11.40 11.45 10.69 9.86 9.43 9.35 9.36 9.42 9.62 9.95 10.25 10.53 10.80 11.12 11.68 12.57 13.35 13.30 12.49 11.58 10.88 10.37 9.99 9.60 9.23 9.12 9.46 9.76 9.79 9.78 9.83 9.88 9.84 9.72 9.64 9.61 9.71 9.88 10.04 10.09 10.19 10.39 10.29 9.88 9.70 10.12
11.50 11.24 10.88 10.72 10.61 10.29 9.61 8.97 8.72 8.72 8.77 8.95 9.32 9.82 10.22 10.30 10.14 9.92 9.70 9.27 8.75 8.62 9.15 9.81 9.84 9.60 9.63 9.90 10.13 10.28 10.43 10.64 11.06 11.66 11.93 11.40 10.37 9.60 9.37 9.58 9.94 10.33 10.54 10.46 10.25 10.03 10.00 10.37 11.26 12.41 12.92 12.52 11.89 11.29 10.74 10.37 10.10 9.86 9.63 9.66 9.84 9.94 10.02 10.10 10.05 9.78 9.55 9.52 9.69 9.88 10.08 10.24 10.29 10.23 10.32 10.52 10.52 10.15 9.84
11.38 11.23 10.92 10.59 10.45 10.56 10.41 9.75 9.13 8.95 8.93 8.90 8.94 9.11 9.30 9.44 9.44 9.26 9.03 8.79 8.58 8.64 9.16 9.74 9.86 9.66 9.63 9.86 10.14 10.38 10.74 11.20 11.68 12.20 12.63 12.49 11.60 10.47 9.71 9.74 10.16 10.55 10.60 10.35 9.96 9.60 9.41 9.63 10.43 11.67 12.56 12.59 12.14 11.59 11.06 10.68 10.41 10.23 10.04 9.89 9.90 9.99 10.09 10.16 10.11 9.82 9.49 9.50 9.78 10.09 10.31 10.40 10.46 10.44 10.25 10.21 10.52 10.87 10.87
11.30 11.39 11.36 11.06 10.78 10.77 10.94 10.81 10.18 9.56 9.19 8.81 8.45 8.34 8.61 9.03 9.25 9.23 9.21 9.35 9.56 9.75 9.95 10.16 10.16 9.84 9.61 9.72 10.01 10.23 10.45 10.82 11.43 12.16 12.85 13.15 12.81 11.85 10.65 10.02 10.01 10.11 10.19 10.13 9.87 9.59 9.46 9.60 10.17 11.17 12.15 12.60 12.49 12.04 11.51 11.06 10.68 10.38 10.12 9.94 9.85 9.83 9.87 9.96 10.09 10.04 9.83 9.81 10.02 10.32 10.55 10.57 10.47 10.41 10.37 10.32 10.39 10.83 11.45
11.22 11.59 12.06 11.98 11.51 10.98 10.97 11.18 10.99 10.23 9.46 8.87 8.35 8.11 8.32 8.75 9.07 9.36 9.75 10.21 10.55 10.62 10.60 10.62 10.57 10.23 9.82 9.74 9.92 10.15 10.24 10.31 10.65 11.47 12.49 13.30 13.66 13.37 12.33 10.98 10.23 9.92 9.98 9.99 9.81 9.64 9.62 9.84 10.29 11.01 11.83 12.53 12.85 12.62 12.06 11.46 10.93 10.48 10.12 9.97 9.85 10.03 9.66 9.75 10.02 10.23 10.27 10.38 10.55 10.74 10.91 10.92 10.68 10.35 10.30 10.55 10.83 11.11 11.68
10.83 11.18 11.78 12.08 11.89 11.22 10.78 10.76 10.80 10.36 9.64 9.06 8.64 8.34 8.23 8.33 8.75 9.36 9.99 10.42 10.59 10.64 10.70 10.81 10.84 10.56 10.02 9.69 9.68 9.90 10.15 10.25 10.41 10.93 11.82 12.72 13.47 13.85 13.58 12.50 11.09 10.11 9.59 9.44 9.38 9.40 9.61 9.90 10.33 10.91 11.58 12.33 12.90 12.96 12.54 11.89 11.25 10.68 10.21 10.06 10.01 9.92 9.79 9.78 10.06 10.42 10.62 10.80 11.02 11.22 11.36 11.45 11.30 10.89 10.52 10.58 11.16 11.85 12.40
10.27 10.23 10.29 10.71 11.07 10.91 10.41 10.15 10.32 10.34 10.06 9.77 9.54 9.20 8.74 8.44 8.61 9.09 9.52 9.82 10.11 10.38 10.64 10.87 10.95 10.73 10.11 9.50 9.29 9.42 9.71 10.08 10.38 10.64 10.98 11.50 12.14 12.78 13.13 12.77 11.53 10.12 9.10 8.78 8.92 9.11 9.39 9.69 10.15 10.74 11.31 11.93 12.54 12.89 12.77 12.28 11.63 10.95 10.37 10.16 10.18 10.20 10.10 9.99 10.11 10.46 10.75 10.96 11.23 11.54 11.88 12.21 12.28 12.09 11.72 11.48 11.66 12.17 12.57
10.02 9.57 8.81 8.56 8.88 9.26 9.38 9.55 10.05 10.60 10.84 10.90 10.84 10.49 9.79 9.10 8.75 8.70 8.76 9.01 9.50 10.04 10.49 10.84 11.00 10.94 10.43 9.59 8.97 8.82 8.90 9.20 9.56 9.84 9.97 10.20 10.60 11.05 11.42 11.40 10.84 9.88 9.03 8.69 8.82 9.06 9.26 9.58 10.10 10.64 11.08 11.52 12.04 12.53 12.73 12.51 12.00 11.34 10.68 10.39 10.38 10.43 10.39 10.27 10.22 10.40 10.70 11.02 11.34 11.74 12.27 12.88 13.36 13.62 13.66 13.42 12.98 12.59 12.34
10.23 9.51 8.21 7.53 7.38 7.67 8.19 8.77 9.50 10.38 10.98 11.15 11.05 10.76 10.24 9.57 9.00 8.70 8.72 8.99 9.39 9.78 10.19 10.65 11.00 11.17 10.98 10.24 9.22 8.57 8.34 8.31 8.44 8.71 9.02 9.23 9.43 9.73 9.97 10.08 9.99 9.67 9.26 9.09 9.26 9.56 9.84 10.18 10.51 10.75 11.03 11.35 11.75 12.23 12.56 12.59 12.36 11.97 11.55 11.24 10.98 10.78 10.62 10.51 10.50 10.56 10.71 11.02 11.43 11.92 12.52 13.21 13.93 14.48 14.75 14.57 13.95 13.07 12.30
10.85 10.04 8.60 7.87 7.68 7.79 8.08 8.37 8.75 9.38 10.07 10.37 10.27 10.09 9.91 9.60 9.24 9.04 9.12 9.41 9.69 9.94 10.17 10.52 10.89 11.20 11.34 11.10 10.36 9.32 8.62 8.28 8.20 8.28 8.49 8.66 8.72 8.93 9.25 9.50 9.62 9.60 9.57 9.71 10.01 10.37 10.74 10.90 10.87 10.89 11.04 11.28 11.62 12.04 12.38 12.54 12.57 12.48 12.32 12.07 11.57 11.02 10.66 10.58 10.74 10.87 10.85 10.98 11.40 12.02 12.63 13.10 13.53 13.86 14.01 13.91 13.52 12.86 12.15
