project/data/elevation/US_DEM2016/US_DEM2016_point_10-29-2019_1313_30m_vel.asc
ncols	125
nrows	167
xllcorner	-2042055.000000
yllcorner	1465035.000000
cellsize	30.000000
NODATA_value	-9999.000000
[rows 76 to 113 of 167, columns 0 to 83 of 125]
2.42 2.29 2.13 2.07 2.09 2.18 2.43 2.73 2.86 2.77 2.62 2.54 2.67 2.99 3.32 3.62 3.67 3.75 3.49 3.14 2.93 2.83 2.71 2.57 2.50 2.51 2.47 2.41 2.37 2.39 2.42 2.39 2.25 2.15 2.16 2.20 2.21 2.16 2.07 2.02 2.03 2.15 2.39 2.53 2.42 2.23 2.16 2.09 2.04 2.02 2.00 1.98 1.93 1.93 2.02 2.13 2.23 2.27 2.31 2.38 2.42 2.25 1.86 1.51 1.33 1.38 1.58 1.73 1.78 1.85 1.94 2.08 2.38 2.79 3.17 3.55 3.92 4.08 3.91 3.56 3.12 2.59 2.34 2.25
2.41 2.28 2.13 2.11 2.19 2.39 2.59 2.65 2.51 2.28 2.16 2.26 2.56 2.98 3.38 3.59 3.85 3.30 3.05 2.86 2.70 2.60 2.53 2.49 2.46 2.45 2.42 2.41 2.37 2.37 2.41 2.46 2.44 2.43 2.42 2.38 2.27 2.12 2.01 2.02 2.13 2.25 2.38 2.43 2.32 2.14 2.06 2.01 1.96 1.92 1.89 1.87 1.86 1.93 2.06 2.18 2.29 2.35 2.40 2.41 2.27 1.92 1.58 1.48 1.59 1.81 1.98 2.08 2.24 2.53 2.78 3.09 3.49 3.81 4.02 4.18 4.19 4.07 3.91 3.28 3.02 2.65 2.38 2.24
2.37 2.18 2.00 2.04 2.14 2.30 2.35 2.24 2.10 2.09 2.22 2.46 2.84 3.28 3.58 3.58 3.35 3.09 2.89 2.71 2.56 2.44 2.38 2.36 2.33 2.30 2.29 2.34 2.36 2.33 2.33 2.41 2.49 2.52 2.49 2.40 2.25 2.09 2.04 2.09 2.13 2.12 2.12 2.18 2.16 1.99 1.82 1.72 1.69 1.68 1.69 1.74 1.87 2.03 2.16 2.27 2.38 2.42 2.39 2.27 2.02 1.69 1.60 1.76 2.06 2.30 2.50 2.75 3.06 3.24 3.47 3.76 3.79 4.48 4.77 3.95 3.90 3.38 3.12 3.00 2.99 2.92 2.76 2.57
2.30 2.07 1.88 1.94 2.02 2.10 2.14 2.16 2.25 2.43 2.64 2.92 3.32 3.65 3.69 3.46 3.16 2.92 2.73 2.58 2.45 2.33 2.27 2.25 2.21 2.16 2.14 2.20 2.22 2.19 2.12 2.19 2.28 2.34 2.33 2.25 2.13 2.02 1.98 1.95 1.89 1.82 1.82 1.98 2.08 1.96 1.79 1.72 1.75 1.83 1.94 2.08 2.24 2.33 2.34 2.33 2.31 2.22 2.07 1.86 1.65 1.58 1.72 2.06 2.46 2.80 3.14 3.39 3.45 3.49 3.57 3.63 4.28 3.56 3.47 3.29 3.48 2.86 2.75 2.73 2.81 2.90 2.90 2.82
2.21 2.04 1.91 1.99 2.08 2.16 2.25 2.39 2.59 2.79 3.04 3.38 3.68 3.72 3.50 3.19 2.89 2.68 2.52 2.40 2.29 2.20 2.15 2.13 2.12 2.08 2.01 1.98 1.93 1.91 1.85 1.88 1.97 2.06 2.10 2.09 2.02 1.99 1.97 1.93 1.90 1.92 1.98 2.11 2.20 2.16 2.07 2.08 2.15 2.27 2.40 2.49 2.52 2.50 2.38 2.28 2.15 1.98 1.83 1.71 1.66 1.75 2.02 2.45 2.91 3.30 3.48 3.42 3.28 3.25 3.30 3.22 3.07 2.96 2.86 2.75 2.66 2.61 2.58 2.51 2.53 2.64 2.74 2.77
2.15 2.07 2.05 2.16 2.27 2.36 2.46 2.61 2.82 3.05 3.34 3.62 3.69 3.48 3.14 2.84 2.60 2.39 2.24 2.13 2.06 2.02 2.01 2.00 2.04 2.01 1.89 1.75 1.66 1.63 1.60 1.63 1.71 1.80 1.89 1.98 2.02 2.10 2.15 2.20 2.28 2.38 2.44 2.46 2.49 2.49 2.46 2.50 2.58 2.58 2.53 2.48 2.43 2.37 2.31 2.27 2.21 2.20 2.19 2.16 2.18 2.30 2.56 2.97 3.35 3.48 3.32 2.97 2.83 2.97 3.10 3.01 2.84 2.69 2.61 2.54 2.51 2.52 2.55 2.45 2.43 2.45 2.49 2.55
2.19 2.18 2.18 2.21 2.29 2.42 2.57 2.77 3.00 3.24 3.48 3.56 3.40 3.07 2.76 2.56 2.37 2.18 2.02 1.92 1.90 1.86 1.80 1.84 1.96 1.95 1.85 1.72 1.55 1.49 1.52 1.61 1.68 1.70 1.76 1.90 2.03 2.17 2.28 2.42 2.57 2.66 2.67 2.62 2.65 2.69 2.68 2.69 2.69 2.57 2.44 2.40 2.43 2.43 2.37 2.34 2.36 2.44 2.48 2.52 2.60 2.76 3.02 3.30 3.47 3.29 2.88 2.65 2.69 2.93 3.05 2.89 2.81 2.56 2.55 2.50 2.45 2.45 2.58 2.45 2.42 2.39 2.32 2.32
2.27 2.28 2.23 2.18 2.26 2.44 2.64 2.88 3.13 3.32 3.41 3.32 3.05 2.75 2.54 2.39 2.20 2.02 1.87 1.80 1.76 1.68 1.62 1.71 1.89 1.94 1.94 1.92 1.78 1.71 1.79 1.90 1.89 1.84 1.82 1.89 1.97 2.11 2.30 2.51 2.60 2.58 2.52 2.48 2.57 2.67 2.70 2.71 2.68 2.59 2.59 2.63 2.63 2.56 2.43 2.38 2.39 2.43 2.50 2.60 2.74 2.93 3.16 3.31 3.27 2.96 2.67 2.66 2.80 2.95 2.97 2.72 2.46 2.35 2.32 2.34 2.32 2.28 2.28 2.31 2.31 2.29 2.18 2.13
2.29 2.29 2.25 2.24 2.35 2.54 2.75 2.99 3.17 3.27 3.24 3.04 2.78 2.55 2.38 2.22 2.03 1.86 1.75 1.69 1.61 1.51 1.53 1.70 1.93 2.12 2.24 2.31 2.36 2.39 2.42 2.36 2.25 2.15 2.05 2.00 2.05 2.23 2.46 2.56 2.47 2.33 2.29 2.38 2.53 2.70 2.80 2.83 2.85 2.87 2.84 2.78 2.67 2.55 2.44 2.41 2.41 2.48 2.60 2.69 2.81 2.93 3.08 3.14 3.03 2.79 2.67 2.76 2.82 2.84 2.75 2.74 2.26 2.10 1.99 2.02 2.06 2.04 2.02 2.04 2.08 2.10 2.03 2.01
2.28 2.27 2.28 2.35 2.51 2.69 2.85 3.02 3.13 3.14 3.05 2.84 2.61 2.39 2.20 2.04 1.85 1.66 1.53 1.50 1.49 1.53 1.69 1.94 2.21 2.45 2.57 2.59 2.66 2.76 2.76 2.66 2.50 2.38 2.30 2.22 2.32 2.51 2.55 2.42 2.23 2.19 2.29 2.44 2.59 2.80 2.92 2.92 2.93 2.97 2.92 2.79 2.66 2.57 2.47 2.44 2.49 2.58 2.66 2.69 2.72 2.76 2.87 2.97 2.87 2.71 2.62 2.66 2.66 2.62 2.57 2.79 2.27 2.10 1.90 1.85 1.85 1.78 1.70 1.72 1.78 1.84 1.88 1.92
2.30 2.30 2.34 2.46 2.64 2.76 2.83 2.92 3.03 3.03 2.89 2.68 2.45 2.23 2.03 1.83 1.59 1.39 1.35 1.43 1.55 1.75 1.99 2.26 2.51 2.69 2.69 2.58 2.57 2.63 2.62 2.62 2.58 2.51 2.45 2.41 2.47 2.51 2.34 2.12 2.08 2.17 2.26 2.35 2.53 2.82 2.95 2.77 2.72 2.77 2.79 2.76 2.71 2.64 2.52 2.48 2.49 2.50 2.49 2.51 2.49 2.52 2.69 2.84 2.79 2.64 2.53 2.48 2.46 2.48 2.53 2.54 2.46 2.37 2.16 1.95 1.82 1.68 1.55 1.55 1.57 1.58 1.64 1.74
2.33 2.34 2.37 2.47 2.58 2.61 2.66 2.82 2.96 2.95 2.76 2.52 2.30 2.07 1.81 1.54 1.35 1.35 1.51 1.66 1.80 1.97 2.19 2.45 2.65 2.73 2.64 2.47 2.38 2.36 2.40 2.48 2.56 2.61 2.59 2.50 2.38 2.22 2.05 1.99 2.04 2.07 2.06 2.13 2.46 2.83 2.84 2.56 2.39 2.39 2.41 2.45 2.49 2.52 2.52 2.48 2.42 2.36 2.34 2.36 2.39 2.49 2.68 2.80 2.75 2.60 2.49 2.42 2.39 2.47 2.62 2.68 2.59 2.54 2.53 2.35 2.17 2.00 1.88 1.81 1.69 1.57 1.59 1.72
2.34 2.33 2.34 2.39 2.42 2.47 2.63 2.89 3.00 2.86 2.61 2.36 2.13 1.85 1.57 1.43 1.49 1.74 1.91 2.01 2.09 2.21 2.38 2.56 2.64 2.63 2.53 2.39 2.33 2.34 2.41 2.46 2.51 2.56 2.60 2.52 2.29 2.08 1.96 1.98 2.00 2.00 2.03 2.16 2.51 2.83 2.73 2.36 2.07 1.93 1.91 1.91 1.97 2.10 2.22 2.31 2.33 2.34 2.36 2.43 2.51 2.61 2.71 2.77 2.73 2.59 2.45 2.40 2.41 2.54 2.73 2.77 2.62 2.53 2.59 2.66 2.63 2.59 2.52 2.41 2.21 2.05 2.07 2.09
2.34 2.32 2.32 2.36 2.43 2.59 2.84 3.02 2.95 2.70 2.40 2.11 1.83 1.55 1.42 1.53 1.78 1.97 2.06 2.14 2.25 2.38 2.51 2.55 2.49 2.42 2.38 2.35 2.34 2.38 2.44 2.45 2.40 2.37 2.41 2.44 2.28 2.12 2.01 2.02 2.07 2.14 2.20 2.30 2.57 2.78 2.61 2.22 1.87 1.72 1.67 1.63 1.66 1.81 2.01 2.19 2.30 2.37 2.44 2.53 2.61 2.60 2.60 2.68 2.70 2.56 2.38 2.35 2.43 2.58 2.74 2.77 2.59 2.42 2.42 2.52 2.65 2.74 2.79 2.78 2.72 2.68 2.65 2.54
2.35 2.35 2.37 2.44 2.59 2.81 2.98 2.97 2.73 2.39 2.05 1.71 1.40 1.23 1.26 1.45 1.65 1.79 1.93 2.08 2.25 2.38 2.41 2.33 2.23 2.23 2.31 2.34 2.29 2.25 2.26 2.26 2.24 2.19 2.23 2.32 2.27 2.17 2.10 2.14 2.24 2.31 2.34 2.42 2.66 2.82 2.67 2.35 2.08 1.92 1.88 1.92 2.06 2.23 2.34 2.37 2.38 2.41 2.46 2.50 2.50 2.41 2.42 2.59 2.66 2.50 2.30 2.31 2.40 2.51 2.64 2.69 2.49 2.25 2.18 2.23 2.34 2.45 2.54 2.62 2.70 2.78 2.79 2.70
2.38 2.38 2.42 2.53 2.71 2.90 2.92 2.73 2.37 1.97 1.62 1.32 1.14 1.08 1.15 1.29 1.43 1.58 1.75 1.95 2.12 2.20 2.14 2.08 2.12 2.25 2.34 2.31 2.19 2.08 2.04 2.04 2.08 2.10 2.12 2.19 2.21 2.15 2.13 2.24 2.34 2.38 2.44 2.62 2.87 2.99 2.85 2.65 2.54 2.47 2.42 2.51 2.64 2.69 2.64 2.51 2.42 2.38 2.36 2.32 2.26 2.21 2.27 2.49 2.60 2.43 2.24 2.26 2.31 2.36 2.50 2.56 2.36 2.11 2.03 2.04 2.09 2.10 2.13 2.22 2.35 2.45 2.47 2.48
2.40 2.42 2.47 2.59 2.77 2.83 2.68 2.35 1.95 1.60 1.34 1.18 1.14 1.19 1.28 1.39 1.50 1.61 1.73 1.89 2.01 2.03 2.00 2.07 2.23 2.38 2.45 2.41 2.31 2.24 2.18 2.16 2.18 2.17 2.10 2.06 2.09 2.10 2.15 2.31 2.41 2.48 2.62 2.85 3.05 3.08 2.93 2.80 2.79 2.83 2.86 2.86 2.80 2.64 2.47 2.37 2.34 2.29 2.21 2.11 2.03 2.02 2.13 2.41 2.59 2.47 2.31 2.28 2.25 2.27 2.41 2.49 2.32 2.08 1.96 1.92 1.95 1.91 1.85 1.89 1.96 2.01 2.00 2.01
2.43 2.45 2.51 2.63 2.70 2.60 2.30 1.94 1.60 1.36 1.23 1.20 1.27 1.40 1.55 1.70 1.82 1.89 1.98 2.11 2.21 2.24 2.24 2.30 2.38 2.51 2.66 2.72 2.70 2.65 2.60 2.56 2.52 2.43 2.19 2.02 2.03 2.12 2.28 2.46 2.58 2.69 2.85 3.02 3.07 3.00 2.84 2.75 2.79 2.87 2.89 2.83 2.69 2.49 2.34 2.32 2.30 2.22 2.10 1.97 1.90 1.93 2.10 2.47 2.71 2.62 2.45 2.35 2.23 2.23 2.36 2.46 2.31 2.05 1.85 1.74 1.75 1.69 1.59 1.60 1.68 1.70 1.64 1.61
2.44 2.45 2.49 2.51 2.43 2.18 1.85 1.56 1.34 1.23 1.22 1.31 1.45 1.64 1.86 2.11 2.32 2.47 2.60 2.70 2.74 2.70 2.60 2.51 2.48 2.65 2.86 2.89 2.82 2.74 2.67 2.61 2.52 2.39 2.17 2.05 2.09 2.25 2.46 2.65 2.75 2.84 2.93 2.97 2.93 2.88 2.78 2.70 2.74 2.81 2.75 2.68 2.66 2.64 2.58 2.46 2.34 2.22 2.13 2.07 2.06 2.13 2.32 2.66 2.84 2.69 2.47 2.34 2.23 2.25 2.40 2.48 2.28 1.92 1.65 1.52 1.54 1.48 1.39 1.41 1.48 1.47 1.40 1.40
2.44 2.44 2.40 2.29 2.07 1.79 1.54 1.36 1.26 1.28 1.39 1.56 1.77 2.01 2.29 2.60 2.84 3.02 3.12 3.09 2.97 2.78 2.57 2.45 2.51 2.78 2.92 2.75 2.51 2.38 2.28 2.21 2.16 2.09 2.05 2.09 2.21 2.39 2.60 2.74 2.78 2.78 2.75 2.70 2.73 2.80 2.78 2.66 2.63 2.67 2.62 2.57 2.58 2.60 2.58 2.46 2.33 2.23 2.18 2.17 2.22 2.36 2.56 2.82 2.89 2.67 2.41 2.31 2.29 2.41 2.54 2.49 2.20 1.80 1.54 1.48 1.49 1.42 1.37 1.40 1.43 1.41 1.35 1.38
2.45 2.42 2.31 2.13 1.94 1.78 1.63 1.52 1.50 1.60 1.74 1.91 2.16 2.46 2.78 3.03 3.18 3.20 3.09 2.89 2.64 2.39 2.27 2.33 2.58 2.90 2.92 2.62 2.34 2.21 2.15 2.13 2.15 2.11 2.09 2.19 2.32 2.47 2.62 2.69 2.66 2.58 2.48 2.45 2.54 2.71 2.75 2.58 2.44 2.37 2.32 2.31 2.32 2.30 2.26 2.24 2.20 2.16 2.12 2.12 2.20 2.40 2.67 2.90 2.87 2.62 2.42 2.40 2.43 2.54 2.58 2.42 2.10 1.84 1.68 1.66 1.60 1.47 1.48 1.56 1.56 1.50 1.48 1.59
2.43 2.37 2.23 2.11 2.04 1.96 1.89 1.89 1.97 2.07 2.16 2.31 2.58 2.91 3.15 3.23 3.16 2.95 2.65 2.33 2.07 1.94 2.05 2.30 2.65 2.98 2.94 2.74 2.63 2.59 2.56 2.54 2.49 2.37 2.28 2.31 2.37 2.47 2.55 2.55 2.45 2.32 2.25 2.32 2.43 2.65 2.76 2.55 2.27 2.05 1.93 1.92 1.95 1.94 1.94 1.98 2.04 2.06 2.06 2.10 2.22 2.45 2.70 2.84 2.74 2.50 2.39 2.41 2.43 2.46 2.45 2.27 2.09 2.02 2.01 1.93 1.77 1.60 1.72 1.86 1.83 1.77 1.84 2.11
2.38 2.30 2.19 2.16 2.14 2.14 2.18 2.29 2.44 2.54 2.63 2.79 3.03 3.23 3.24 3.11 2.86 2.52 2.19 1.92 1.77 1.81 2.06 2.38 2.76 3.06 2.98 2.89 2.89 2.88 2.82 2.74 2.64 2.52 2.40 2.36 2.38 2.43 2.45 2.37 2.20 2.09 2.15 2.30 2.45 2.73 2.85 2.60 2.22 1.94 1.81 1.78 1.70 1.69 1.77 1.90 2.01 2.06 2.09 2.16 2.31 2.51 2.65 2.71 2.61 2.43 2.33 2.31 2.28 2.29 2.27 2.20 2.23 2.30 2.35 2.30 2.15 2.06 2.25 2.37 2.33 2.31 2.45 2.64
2.35 2.29 2.23 2.23 2.29 2.40 2.55 2.69 2.80 2.87 2.96 3.10 3.22 3.20 3.03 2.75 2.44 2.12 1.87 1.73 1.80 2.05 2.37 2.64 2.99 3.15 2.97 2.78 2.71 2.65 2.58 2.52 2.50 2.48 2.40 2.35 2.35 2.34 2.27 2.14 2.05 2.13 2.30 2.46 2.63 2.89 2.91 2.62 2.34 2.19 2.09 2.02 1.87 1.87 1.97 2.06 2.11 2.16 2.22 2.30 2.39 2.53 2.63 2.68 2.63 2.52 2.39 2.31 2.28 2.30 2.30 2.31 2.42 2.49 2.50 2.53 2.62 2.73 2.86 2.91 2.88 2.84 2.86 2.80
2.35 2.31 2.27 2.31 2.44 2.60 2.74 2.83 2.86 2.89 2.96 3.04 3.04 2.89 2.63 2.33 2.03 1.77 1.63 1.68 1.97 2.32 2.60 2.84 3.11 3.12 2.81 2.52 2.37 2.28 2.23 2.24 2.29 2.35 2.34 2.31 2.27 2.19 2.09 2.05 2.18 2.41 2.54 2.63 2.78 2.95 2.87 2.57 2.39 2.40 2.40 2.38 2.33 2.29 2.26 2.20 2.19 2.25 2.35 2.43 2.50 2.62 2.71 2.77 2.75 2.65 2.54 2.50 2.52 2.51 2.46 2.44 2.50 2.50 2.46 2.53 2.75 2.95 3.04 3.04 2.95 2.87 2.77 2.57
2.33 2.32 2.29 2.35 2.45 2.57 2.62 2.63 2.61 2.64 2.72 2.77 2.69 2.51 2.25 1.96 1.69 1.54 1.59 1.81 2.14 2.43 2.64 2.85 3.03 2.90 2.54 2.27 2.11 2.02 2.01 2.05 2.08 2.12 2.19 2.23 2.20 2.16 2.16 2.29 2.49 2.61 2.63 2.67 2.81 2.92 2.80 2.49 2.33 2.34 2.36 2.40 2.45 2.44 2.30 2.18 2.20 2.30 2.40 2.49 2.59 2.74 2.83 2.84 2.81 2.72 2.63 2.62 2.63 2.55 2.48 2.47 2.47 2.46 2.47 2.53 2.63 2.72 2.73 2.73 2.70 2.63 2.51 2.28
2.33 2.33 2.35 2.39 2.41 2.42 2.40 2.35 2.34 2.41 2.51 2.50 2.34 2.11 1.85 1.61 1.55 1.67 1.96 2.25 2.45 2.60 2.72 2.87 2.93 2.68 2.28 2.03 1.87 1.82 1.83 1.84 1.81 1.83 1.94 2.06 2.17 2.28 2.40 2.52 2.58 2.58 2.56 2.61 2.76 2.84 2.68 2.40 2.23 2.16 2.13 2.16 2.23 2.25 2.18 2.15 2.21 2.32 2.42 2.53 2.68 2.83 2.88 2.84 2.77 2.67 2.57 2.52 2.49 2.39 2.37 2.40 2.44 2.46 2.50 2.53 2.51 2.42 2.37 2.42 2.49 2.52 2.48 2.42
2.40 2.45 2.50 2.47 2.40 2.33 2.27 2.23 2.25 2.34 2.35 2.21 1.94 1.66 1.45 1.46 1.71 2.10 2.41 2.59 2.71 2.78 2.84 2.96 2.94 2.67 2.30 2.00 1.83 1.80 1.79 1.77 1.76 1.77 1.84 1.99 2.18 2.33 2.41 2.41 2.37 2.38 2.42 2.53 2.69 2.74 2.57 2.29 2.09 2.00 1.95 1.93 1.92 1.97 2.02 2.11 2.21 2.31 2.42 2.56 2.72 2.85 2.84 2.76 2.68 2.61 2.51 2.43 2.38 2.31 2.30 2.34 2.40 2.42 2.42 2.49 2.42 2.27 2.20 2.23 2.30 2.40 2.51 2.61
2.51 2.54 2.54 2.48 2.40 2.31 2.26 2.25 2.27 2.24 2.06 1.77 1.46 1.23 1.21 1.42 1.81 2.21 2.46 2.64 2.75 2.80 2.85 2.96 2.94 2.71 2.48 2.32 2.22 2.20 2.21 2.18 2.17 2.16 2.16 2.22 2.29 2.31 2.27 2.22 2.17 2.20 2.34 2.51 2.68 2.69 2.49 2.22 2.05 1.98 1.92 1.80 1.70 1.69 1.80 1.99 2.17 2.30 2.42 2.57 2.71 2.76 2.72 2.64 2.61 2.59 2.53 2.47 2.44 2.37 2.31 2.33 2.37 2.38 2.42 2.47 2.36 2.22 2.15 2.12 2.10 2.14 2.25 2.37
2.51 2.47 2.39 2.34 2.30 2.24 2.21 2.20 2.12 1.91 1.58 1.29 1.14 1.12 1.28 1.58 1.88 2.11 2.29 2.48 2.58 2.63 2.75 2.92 3.11 2.67 2.62 2.70 2.76 2.78 2.77 2.76 2.73 2.63 2.54 2.47 2.39 2.32 2.26 2.19 2.15 2.21 2.41 2.59 2.71 2.68 2.47 2.25 2.13 2.06 1.93 1.73 1.60 1.64 1.81 2.03 2.23 2.36 2.48 2.62 2.68 2.64 2.57 2.58 2.62 2.62 2.56 2.50 2.47 2.41 2.36 2.36 2.39 2.39 2.39 2.37 2.30 2.21 2.16 2.08 1.97 1.90 1.91 1.93
2.44 2.32 2.20 2.18 2.15 2.11 2.06 1.98 1.81 1.56 1.35 1.26 1.30 1.48 1.86 2.24 2.34 2.33 2.33 2.37 2.41 2.51 2.78 2.98 2.88 2.69 2.70 2.79 2.85 2.91 2.92 2.90 2.84 2.73 2.62 2.51 2.41 2.34 2.26 2.19 2.20 2.34 2.55 2.66 2.68 2.62 2.43 2.25 2.15 2.03 1.82 1.66 1.75 1.99 2.20 2.31 2.38 2.45 2.54 2.61 2.58 2.51 2.52 2.62 2.68 2.65 2.56 2.49 2.47 2.49 2.46 2.44 2.41 2.33 2.24 2.20 2.23 2.21 2.16 2.08 1.97 1.91 1.93 1.93
2.37 2.27 2.16 2.13 2.09 2.05 1.98 1.87 1.72 1.62 1.65 1.81 2.03 2.40 2.83 3.07 3.10 2.95 2.78 2.70 2.70 2.84 3.10 3.09 2.86 2.70 2.67 2.63 2.59 2.62 2.63 2.62 2.60 2.57 2.54 2.48 2.41 2.33 2.22 2.18 2.28 2.49 2.64 2.61 2.57 2.53 2.37 2.21 2.11 2.00 1.88 1.94 2.21 2.47 2.53 2.45 2.40 2.45 2.53 2.53 2.47 2.45 2.53 2.63 2.65 2.58 2.49 2.45 2.45 2.50 2.51 2.47 2.38 2.26 2.15 2.13 2.21 2.21 2.15 2.13 2.17 2.24 2.29 2.26
2.37 2.31 2.22 2.17 2.15 2.15 2.16 2.13 2.11 2.17 2.39 2.68 3.02 3.33 3.50 3.47 3.40 3.31 3.26 3.23 3.23 3.30 3.32 3.06 2.75 2.64 2.62 2.50 2.39 2.32 2.26 2.25 2.26 2.30 2.35 2.39 2.39 2.32 2.23 2.24 2.38 2.49 2.47 2.42 2.46 2.52 2.43 2.29 2.21 2.21 2.30 2.48 2.66 2.71 2.58 2.41 2.40 2.48 2.52 2.48 2.46 2.48 2.51 2.53 2.52 2.43 2.36 2.37 2.37 2.39 2.42 2.41 2.35 2.26 2.19 2.19 2.25 2.23 2.16 2.19 2.31 2.42 2.46 2.43
2.41 2.38 2.32 2.28 2.27 2.31 2.39 2.48 2.63 2.85 3.11 3.36 3.52 3.55 3.43 3.22 3.07 3.11 3.18 3.22 3.25 3.24 3.13 2.87 2.64 2.59 2.58 2.49 2.38 2.27 2.15 2.09 2.08 2.13 2.19 2.25 2.29 2.27 2.24 2.25 2.27 2.22 2.15 2.22 2.50 2.66 2.58 2.45 2.39 2.46 2.65 2.82 2.87 2.81 2.68 2.58 2.60 2.61 2.57 2.51 2.48 2.45 2.43 2.43 2.41 2.31 2.26 2.31 2.30 2.28 2.31 2.32 2.30 2.25 2.23 2.25 2.27 2.23 2.20 2.22 2.29 2.36 2.37 2.34
2.45 2.44 2.39 2.37 2.37 2.41 2.51 2.70 2.97 3.23 3.39 3.43 3.34 3.15 2.91 2.67 2.58 2.65 2.72 2.80 2.88 2.90 2.83 2.67 2.54 2.53 2.55 2.47 2.38 2.35 2.32 2.29 2.29 2.30 2.28 2.23 2.19 2.19 2.19 2.15 2.09 2.05 2.14 2.40 2.72 2.82 2.70 2.57 2.53 2.58 2.72 2.82 2.84 2.84 2.87 2.86 2.84 2.75 2.63 2.53 2.46 2.40 2.38 2.40 2.34 2.24 2.25 2.34 2.33 2.28 2.26 2.23 2.22 2.21 2.22 2.25 2.25 2.25 2.25 2.26 2.31 2.36 2.36 2.31
2.47 2.42 2.38 2.40 2.45 2.53 2.68 2.92 3.16 3.25 3.20 3.07 2.88 2.67 2.48 2.32 2.28 2.33 2.38 2.49 2.66 2.74 2.71 2.58 2.47 2.50 2.53 2.41 2.31 2.33 2.40 2.46 2.49 2.48 2.41 2.30 2.20 2.17 2.15 2.14 2.17 2.27 2.46 2.75 2.96 2.92 2.73 2.61 2.57 2.57 2.64 2.68 2.68 2.74 2.85 2.90 2.87 2.77 2.64 2.52 2.44 2.40 2.38 2.35 2.25 2.21 2.33 2.44 2.42 2.33 2.23 2.16 2.15 2.17 2.18 2.20 2.21 2.23 2.25 2.28 2.35 2.40 2.37 2.32
2.43 2.37 2.35 2.42 2.51 2.65 2.87 3.05 3.10 2.99 2.80 2.64 2.49 2.35 2.21 2.09 2.06 2.13 2.24 2.42 2.62 2.75 2.70 2.52 2.44 2.54 2.56 2.43 2.33 2.30 2.29 2.30 2.31 2.32 2.30 2.27 2.22 2.19 2.19 2.26 2.37 2.50 2.69 2.96 3.07 2.93 2.70 2.54 2.48 2.49 2.54 2.56 2.52 2.52 2.57 2.62 2.63 2.59 2.53 2.48 2.44 2.39 2.32 2.24 2.20 2.27 2.44 2.52 2.46 2.32 2.18 2.11 2.10 2.11 2.11 2.13 2.13 2.13 2.19 2.29 2.34 2.32 2.27 2.24
2.40 2.37 2.38 2.45 2.54 2.69 2.88 2.92 2.78 2.58 2.40 2.25 2.13 2.03 1.91 1.85 1.94 2.12 2.30 2.51 2.75 2.85 2.68 2.45 2.49 2.62 2.60 2.49 2.44 2.39 2.30 2.18 2.12 2.11 2.12 2.14 2.16 2.19 2.24 2.34 2.45 2.57 2.79 3.04 3.03 2.82 2.57 2.40 2.35 2.40 2.48 2.50 2.42 2.32 2.24 2.23 2.25 2.28 2.35 2.41 2.41 2.34 2.25 2.22 2.26 2.38 2.52 2.54 2.42 2.25 2.12 2.06 2.04 2.04 2.06 2.08 2.06 2.05 2.15 2.29 2.28 2.17 2.10 2.07
