project/data/elevation/US_DEM2016/US_DEM2016_point_10-31-2019_0450_30m_ang.asc
ncols	125
nrows	167
xllcorner	-2042055.000000
yllcorner	1465035.000000
cellsize	30.000000
NODATA_value	-9999.000000
[rows 43 to 85 of 167, columns 0 to 95 of 125]
317 321 328 334 338 340 343 344 345 346 350 359 8 22 1 357 355 353 353 350 346 343 342 342 342 341 341 340 339 339 338 335 335 338 339 339 336 333 333 337 343 347 348 345 340 338 339 340 340 341 345 351 354 354 350 347 345 344 343 340 337 337 337 335 335 334 331 328 327 326 321 313 302 294 293 299 306 309 311 322 336 341 340 339 340 341 344 347 350 353 357 3 8 14 19 16
319 322 329 335 338 341 344 345 347 349 355 4 11 21 360 355 353 351 350 347 343 342 342 343 342 341 341 340 338 336 333 330 331 335 339 340 340 338 335 337 342 349 353 349 340 334 334 336 336 335 336 341 348 350 346 344 344 345 345 343 341 340 339 339 339 337 334 333 332 328 321 314 306 299 296 297 300 303 305 313 326 333 334 335 336 338 342 347 348 350 356 5 13 20 22 17
320 323 330 335 338 341 344 347 350 354 0 10 12 6 358 354 352 350 348 345 342 340 341 342 342 340 340 338 336 333 330 327 328 332 337 339 341 343 341 340 342 351 357 352 339 331 330 334 337 339 338 338 341 341 340 340 342 345 346 345 342 340 341 342 341 339 338 338 336 330 323 318 315 312 308 305 305 306 301 310 318 325 329 331 333 335 342 348 351 350 354 3 16 24 22 17
318 322 330 335 338 340 344 347 352 358 6 14 11 1 354 352 351 349 347 346 343 341 340 341 341 340 338 336 332 329 327 325 326 329 333 336 340 345 348 347 349 355 359 351 340 332 331 335 339 341 341 338 335 334 335 337 341 345 347 346 343 340 341 343 342 341 341 341 338 333 330 326 324 321 318 315 313 313 313 315 311 323 326 328 330 334 341 349 354 355 357 4 16 22 19 15
315 319 328 334 337 340 343 347 353 2 12 16 19 358 351 350 349 348 347 347 345 343 341 340 339 338 336 332 328 326 325 325 325 327 331 335 338 344 351 356 360 359 355 348 341 335 332 335 339 340 337 332 329 332 336 340 343 346 348 347 344 341 342 343 344 344 343 341 339 337 335 334 332 330 327 324 322 321 320 321 324 326 325 326 329 333 339 347 354 358 3 11 18 19 16 13
314 317 324 331 336 340 344 347 354 4 15 16 4 356 348 347 347 347 348 347 346 344 342 340 338 335 332 327 323 323 326 327 326 328 332 335 337 342 351 3 8 1 350 344 339 334 332 335 340 339 333 328 329 334 341 345 346 347 349 349 346 343 343 344 345 345 344 342 342 341 341 341 340 338 336 333 332 331 329 328 329 328 325 324 327 332 338 344 351 0 10 19 20 15 12 7
314 317 324 330 335 341 346 349 355 6 15 12 0 353 349 347 345 346 347 348 348 345 342 339 337 333 328 322 319 321 327 329 329 331 336 338 338 342 354 11 14 3 348 340 335 330 331 337 341 336 331 330 333 339 347 351 350 348 349 348 346 345 344 345 344 344 344 345 345 346 346 346 346 345 344 342 341 341 340 338 335 331 326 323 324 329 335 340 349 3 17 23 19 10 4 359
313 317 325 331 335 341 347 352 357 6 11 6 357 352 350 348 346 347 348 350 349 346 343 339 336 332 326 319 316 319 325 328 329 334 340 343 345 351 3 15 13 1 349 341 335 331 333 337 339 335 332 333 337 345 353 356 353 349 347 346 344 343 343 342 342 342 343 345 346 347 348 348 347 347 347 347 347 347 348 348 346 340 332 327 324 326 331 338 350 9 22 24 16 6 359 354
311 315 325 332 336 341 347 353 359 5 5 359 355 353 352 350 348 348 349 351 350 348 344 340 335 330 323 316 314 317 322 324 327 334 341 348 355 3 8 8 4 356 350 345 340 336 335 338 340 339 337 338 343 350 357 359 356 350 347 344 341 338 337 337 337 338 339 341 342 343 344 345 345 345 346 347 348 350 352 353 352 349 344 337 331 329 330 336 353 15 23 21 14 7 0 353
310 313 322 330 336 341 346 352 360 3 359 353 352 354 355 354 351 349 350 351 350 348 345 340 334 328 321 315 313 315 320 321 324 330 338 350 3 7 4 0 357 352 348 345 341 337 335 337 341 342 343 345 348 354 1 3 359 353 349 345 340 336 332 330 331 331 330 329 328 328 329 333 335 337 339 341 344 346 348 350 350 350 349 342 342 319 333 336 356 15 18 16 14 9 3 356
311 313 320 326 333 339 343 350 360 2 10 354 350 355 358 358 354 351 350 351 350 347 344 339 333 327 320 315 313 315 320 321 323 327 335 352 6 5 359 355 352 348 345 342 337 333 333 336 341 345 348 351 354 358 4 6 2 357 351 346 341 336 331 327 326 326 324 322 320 319 318 318 320 323 326 329 332 336 339 339 339 340 342 344 345 327 341 342 357 6 9 11 11 6 359 354
314 316 321 326 331 336 340 347 358 3 354 356 350 359 4 2 357 352 350 350 348 345 342 337 333 327 321 316 316 319 324 326 325 326 334 353 7 2 354 350 347 344 341 336 331 329 330 334 341 346 350 354 358 2 8 9 5 357 350 345 341 338 332 328 326 325 326 326 325 323 319 312 306 305 308 311 313 318 322 321 317 314 318 326 335 343 347 350 354 357 1 5 4 358 354 350
318 320 325 329 334 338 339 344 355 2 355 2 353 7 9 12 359 354 349 346 344 343 341 337 333 328 323 319 319 322 326 330 329 329 335 354 4 359 352 348 343 339 335 329 326 325 327 333 341 346 350 356 1 6 12 12 5 356 349 344 341 338 333 328 326 327 329 330 329 326 321 313 306 301 299 297 295 294 296 300 290 306 312 322 308 341 348 352 351 352 356 359 356 353 350 345
320 323 329 335 340 344 344 346 353 360 356 15 16 10 9 3 358 354 348 344 342 341 340 338 335 331 326 322 321 323 329 333 334 336 342 353 358 356 352 348 342 337 330 324 322 322 326 333 340 345 349 355 4 11 16 14 6 355 348 345 343 340 334 327 325 327 330 332 331 328 324 322 320 318 312 297 285 281 297 303 309 314 320 329 322 344 349 350 349 350 353 354 352 348 343 339
319 323 331 339 345 350 351 351 356 360 16 358 2 6 4 0 357 353 348 344 342 340 340 339 336 334 331 326 324 327 333 338 340 344 350 353 354 354 352 348 343 336 327 321 319 321 326 331 338 341 345 354 7 16 20 15 6 358 352 349 346 343 337 329 325 327 331 334 333 331 331 331 332 332 328 320 314 313 314 316 319 322 327 329 343 349 351 350 347 348 351 351 348 343 338 336
315 320 331 341 349 354 355 356 0 2 359 358 360 0 359 357 354 351 349 346 343 341 339 338 337 336 334 329 328 331 336 341 345 351 355 353 351 351 350 347 343 336 326 320 317 320 324 329 333 335 339 352 9 21 21 14 7 1 356 351 348 344 339 333 329 330 335 337 335 334 335 338 341 341 335 328 325 324 323 323 325 328 332 340 348 352 353 350 346 346 348 347 343 337 335 337
312 316 329 340 348 354 358 1 6 7 19 355 355 358 353 352 350 348 347 345 343 340 338 336 336 337 334 330 329 333 338 341 346 353 357 354 350 348 347 345 341 335 326 319 316 317 321 324 326 327 331 346 8 20 18 11 6 1 355 350 346 343 339 336 335 338 341 340 338 338 340 345 348 345 337 333 330 329 329 329 330 333 337 344 350 353 354 350 345 343 344 343 338 334 335 345
310 314 327 338 345 352 359 6 13 12 1 351 349 348 346 345 344 343 342 341 340 336 334 333 334 334 330 327 329 335 340 342 345 351 354 353 350 347 345 343 340 333 325 319 316 317 319 320 322 325 329 340 0 12 10 5 3 359 354 349 345 340 337 337 340 345 346 343 340 342 346 350 349 344 340 337 336 335 335 334 335 338 342 347 335 355 354 349 343 340 340 339 335 335 342 352
309 313 327 338 345 351 359 10 19 18 5 350 343 341 338 337 336 335 332 330 329 326 325 326 328 327 322 321 325 335 343 348 349 351 352 351 348 346 344 342 339 333 325 320 320 324 326 326 327 331 336 343 355 4 2 360 359 355 352 348 343 338 336 336 341 347 348 345 344 347 351 351 348 345 343 341 340 340 340 341 342 344 347 350 354 356 355 347 340 337 336 335 333 337 348 351
309 313 325 338 346 353 0 14 25 24 10 353 342 334 328 325 324 324 320 315 312 311 312 315 319 318 314 315 320 331 342 348 352 354 355 352 348 345 344 343 340 334 327 324 327 333 336 335 336 338 343 349 357 2 359 356 354 351 347 343 340 337 336 337 341 345 345 344 347 351 352 350 348 346 345 344 343 344 346 346 347 349 351 343 356 358 355 345 337 334 333 332 333 340 346 344
312 316 327 338 347 356 5 18 28 24 13 2 349 336 325 316 332 320 319 315 310 304 304 308 313 313 311 311 317 327 336 343 351 356 359 357 351 346 345 344 341 334 327 327 331 338 342 342 341 343 347 353 1 4 358 353 351 347 341 337 336 335 336 339 342 340 338 340 346 351 351 348 347 346 345 344 344 346 348 350 351 353 355 357 337 329 354 343 334 331 330 329 332 339 341 338
317 321 331 342 350 359 10 23 25 20 14 7 358 348 338 328 327 325 326 325 322 315 312 312 313 312 311 311 316 325 331 336 344 354 2 2 356 350 347 345 341 333 327 326 331 339 343 344 345 348 351 355 2 3 357 352 348 342 336 333 333 335 338 342 341 336 332 334 342 347 347 345 344 343 342 343 343 344 346 349 352 354 357 360 1 324 349 339 332 328 327 327 331 336 335 333
319 324 335 346 354 3 16 22 20 15 11 6 1 356 350 342 334 329 328 330 330 328 324 321 318 314 313 314 320 328 332 333 338 349 359 0 357 352 349 345 340 333 326 325 329 336 340 343 347 352 355 357 1 2 356 350 344 338 332 331 334 337 340 342 338 331 326 328 337 342 343 343 341 338 338 340 342 343 342 343 348 352 354 355 353 346 340 335 331 328 326 326 330 333 332 329
320 325 337 348 358 8 17 18 13 9 6 3 2 360 356 348 340 333 329 330 332 333 331 328 323 318 317 320 326 334 338 339 340 346 352 354 352 350 348 345 339 332 326 324 328 333 337 340 347 354 357 359 2 0 354 347 341 335 331 333 338 340 342 342 336 327 322 325 333 337 339 340 340 337 334 334 339 344 339 327 330 339 336 332 330 328 328 330 330 329 328 328 331 334 333 329
320 325 339 351 1 12 16 11 21 3 1 1 2 1 358 353 346 338 332 330 331 332 332 330 326 322 321 324 331 339 344 345 346 347 350 350 348 347 346 343 338 331 325 324 326 330 333 338 344 351 356 0 2 357 351 344 338 334 333 336 340 342 344 341 334 325 321 323 329 332 334 336 337 338 336 332 334 345 321 304 296 292 324 320 319 318 321 326 329 329 330 332 335 339 339 335
320 326 340 354 6 15 15 7 0 357 356 358 359 358 357 354 350 343 337 332 329 330 331 330 327 326 325 327 333 340 345 348 349 351 352 349 346 345 344 342 337 331 326 324 324 327 331 336 341 346 351 357 360 355 346 339 335 334 337 338 340 343 343 338 331 324 319 319 322 323 326 326 326 331 337 336 331 333 339 320 318 329 330 324 319 318 320 325 327 328 330 334 339 343 345 342
320 326 342 358 10 17 15 6 359 353 351 351 352 352 353 353 351 347 342 336 331 328 328 327 327 327 328 329 332 337 342 346 349 353 355 352 347 345 344 341 336 332 329 326 325 329 334 338 341 343 343 348 352 347 344 336 333 337 341 338 338 341 337 332 327 320 315 314 316 316 314 314 314 315 328 341 344 323 347 339 335 334 332 326 322 321 323 326 327 329 333 338 342 347 350 349
321 328 345 0 13 18 15 9 3 356 348 343 341 343 346 348 349 348 345 340 334 330 327 326 327 329 331 332 333 334 335 338 344 351 355 353 348 345 343 340 337 334 331 328 327 331 337 340 341 341 340 343 348 349 347 339 339 343 344 339 338 337 331 326 323 320 319 321 325 326 325 326 327 328 337 348 350 347 343 339 337 335 333 328 326 327 330 332 333 335 340 344 347 350 354 355
324 330 347 3 15 17 13 9 6 1 353 341 334 334 338 341 344 346 344 342 338 333 329 327 328 333 336 337 336 335 334 335 339 346 352 352 348 344 341 338 337 336 332 327 327 331 338 340 341 341 342 344 349 352 354 347 349 351 349 346 345 341 335 330 328 328 330 334 337 339 339 341 344 349 351 349 346 342 339 337 336 336 335 333 332 335 339 341 343 344 348 351 352 354 359 3
326 333 349 5 16 15 11 7 4 2 357 348 339 334 334 336 339 341 342 342 339 335 331 329 331 336 341 342 342 341 340 339 341 345 349 350 347 343 340 339 338 337 332 327 326 333 340 341 342 344 346 349 354 356 354 351 352 352 352 351 350 347 343 339 336 336 338 340 343 344 346 349 353 354 351 346 342 338 335 334 336 338 339 337 336 339 344 349 352 355 357 358 358 360 5 8
329 335 351 8 15 13 8 3 360 358 355 351 346 342 338 336 336 337 339 340 340 336 332 331 334 339 343 346 346 345 344 344 346 348 350 351 347 342 341 341 341 339 334 328 328 334 339 342 343 345 348 353 358 359 355 351 350 350 351 351 350 347 343 340 339 340 342 343 344 347 352 355 354 350 345 341 339 335 332 333 336 339 341 341 341 344 349 355 359 4 6 6 4 6 10 9
332 338 354 8 12 10 5 359 354 352 350 349 348 346 343 338 335 334 335 338 340 337 334 334 336 339 343 346 348 348 346 346 348 350 352 353 348 343 342 343 342 339 335 329 328 331 336 339 341 343 347 353 358 0 356 350 348 347 347 347 346 343 341 340 341 344 346 343 345 351 355 354 349 344 339 337 335 332 330 332 335 339 341 343 345 349 352 355 1 9 13 12 10 11 12 9
334 340 356 7 9 7 2 354 348 346 345 346 346 345 342 338 334 332 333 335 338 338 337 336 337 339 341 345 348 349 348 348 348 349 352 352 348 344 343 342 341 339 334 327 326 328 332 334 337 340 343 347 355 359 356 350 346 345 344 343 341 340 340 343 347 351 347 342 346 352 354 350 344 339 336 335 333 331 330 332 334 336 337 339 345 352 356 356 0 10 16 15 13 13 12 7
334 342 358 6 7 3 355 348 344 342 342 342 342 340 337 335 332 331 331 333 336 338 338 339 339 339 340 343 347 349 350 351 351 350 350 351 349 346 344 342 340 337 332 326 324 327 332 335 338 341 343 347 352 355 353 348 346 345 343 341 338 340 346 353 357 353 346 343 345 349 349 346 341 338 337 336 335 334 334 336 336 332 328 328 335 348 357 1 4 10 15 14 13 12 11 6
333 342 359 7 4 356 350 346 343 342 341 339 337 334 332 330 330 330 332 333 336 338 339 339 339 339 340 342 344 347 351 354 355 353 352 353 353 351 347 344 340 337 332 326 323 325 330 335 337 339 342 346 350 351 348 346 345 345 343 341 340 346 356 358 355 350 347 345 345 345 345 343 341 340 340 339 338 337 339 343 343 339 333 327 328 337 351 2 9 13 14 12 10 10 9 4
331 341 1 7 0 351 347 346 351 344 342 338 334 331 329 328 329 331 333 335 337 339 340 340 338 338 339 341 341 344 350 355 356 355 355 358 360 356 350 345 340 336 331 324 319 319 323 328 330 332 335 340 344 346 345 343 344 344 343 343 346 355 359 354 350 348 346 345 343 343 343 340 340 341 341 341 340 341 343 347 350 350 345 338 334 335 344 357 10 15 13 9 7 8 6 2
332 343 3 5 357 350 347 348 347 345 341 337 333 330 329 328 330 332 335 337 338 340 341 340 338 336 337 338 337 339 345 352 355 356 359 3 4 0 352 346 341 337 332 325 318 317 320 324 327 330 334 338 341 344 346 344 343 344 344 346 352 357 354 348 344 343 343 342 341 341 339 337 337 340 341 342 342 342 343 347 352 354 353 349 344 343 346 355 7 12 9 5 5 5 3 358
338 347 0 1 356 350 348 347 345 343 339 335 332 330 329 329 331 334 337 339 340 342 342 341 338 335 333 334 332 332 336 343 349 355 0 7 5 3 355 350 346 342 338 332 326 325 326 328 330 333 336 339 342 345 348 346 345 348 349 352 355 354 349 343 340 338 338 339 340 339 335 332 334 337 339 341 342 342 342 343 348 353 355 355 352 350 351 357 4 5 3 2 1 1 357 352
348 351 355 355 353 350 347 345 342 339 336 332 329 328 329 330 332 334 337 340 341 342 343 342 339 335 333 331 328 323 322 326 335 347 359 8 8 1 356 353 349 346 343 339 335 333 333 332 333 335 337 339 341 346 349 348 357 350 353 354 354 351 346 340 335 334 335 337 339 336 331 328 330 334 338 339 341 343 343 342 343 347 353 357 357 356 356 359 2 0 359 359 357 355 351 347
354 353 352 352 350 347 345 342 339 336 332 329 327 327 329 331 333 336 340 341 340 341 343 342 339 335 334 334 330 324 317 316 322 333 353 2 3 357 354 350 347 346 345 342 339 337 335 335 335 336 337 338 340 345 350 350 357 350 351 353 352 348 343 337 332 331 335 339 338 334 329 326 328 333 337 338 340 342 344 345 343 343 348 355 359 1 1 1 1 358 357 357 354 350 346 344
353 353 354 352 348 344 342 339 335 332 329 327 326 328 330 332 335 340 344 343 340 342 344 340 337 335 336 338 339 334 329 326 326 332 343 354 357 353 350 346 345 345 345 342 339 336 335 335 337 338 339 340 342 346 352 352 358 350 348 349 349 345 340 334 330 331 338 340 338 334 328 325 326 330 334 334 335 339 343 345 346 343 344 350 357 3 5 5 2 358 356 355 352 347 344 346
349 352 355 352 347 342 339 336 332 329 326 325 326 328 331 333 337 343 349 347 343 343 343 338 335 334 336 339 343 343 340 338 337 338 344 352 353 350 346 344 344 346 345 342 338 334 333 335 339 341 341 342 345 348 352 353 349 346 346 346 345 342 338 332 329 332 338 338 337 334 329 325 324 325 327 326 326 330 336 341 345 345 342 343 351 2 8 8 5 0 358 357 353 349 349 353
347 350 353 351 345 340 337 333 329 326 325 325 326 329 333 336 340 348 353 350 345 343 341 337 334 334 335 338 343 345 345 346 345 344 346 350 350 347 345 346 347 346 344 341 337 333 332 335 340 344 345 346 348 350 352 352 348 345 344 343 342 340 336 330 328 331 336 336 335 334 331 327 326 326 325 321 316 316 321 328 336 341 341 337 343 356 7 10 9 5 2 1 359 357 357 358
