project/data/elevation/US_DEM2016/US_DEM2016_point_10-28-2019_1654_30m_ang.asc
ncols	125
nrows	167
xllcorner	-2042055.000000
yllcorner	1465035.000000
cellsize	30.000000
NODATA_value	-9999.000000
[rows 43 to 85 of 167, columns 0 to 95 of 125]
319 322 330 336 339 341 343 344 344 346 350 356 5 7 2 357 353 350 347 345 343 342 341 341 341 341 341 341 341 342 341 336 336 337 339 338 335 333 335 339 343 346 347 345 340 337 338 340 340 342 346 349 351 352 350 348 346 345 344 342 339 336 335 335 335 334 330 328 327 326 322 314 305 299 297 303 309 311 313 321 335 341 340 340 341 342 344 347 350 353 357 2 6 11 14 12
320 323 330 336 339 342 344 345 346 348 354 2 9 8 1 355 351 348 345 343 342 341 341 342 342 341 341 341 340 340 337 331 332 335 340 341 339 336 335 338 343 349 351 347 340 334 333 335 336 335 337 340 345 348 347 345 346 347 347 346 343 340 338 338 339 336 334 333 332 328 321 314 308 301 298 299 303 305 306 313 326 334 335 335 337 338 342 347 349 351 356 3 10 16 17 14
322 325 331 336 339 342 345 347 349 352 358 7 11 7 359 353 350 347 344 342 341 340 340 342 342 341 340 340 338 336 334 330 329 332 337 340 342 341 340 339 343 350 354 350 340 332 330 333 336 338 338 337 338 340 340 341 344 346 347 346 344 340 339 340 340 338 337 337 335 330 323 318 315 312 308 306 306 306 307 311 318 326 330 332 333 336 342 348 350 350 353 1 13 19 19 15
321 324 332 336 339 341 344 348 351 356 3 11 11 4 356 352 349 346 343 342 341 340 340 341 341 340 340 338 335 332 330 328 327 329 334 339 342 345 346 345 346 352 356 351 342 334 331 334 338 341 340 337 333 333 334 338 342 346 348 347 344 341 340 341 341 341 341 340 337 333 329 326 323 321 318 316 314 313 313 314 319 324 328 330 331 334 341 348 353 354 356 2 13 18 17 15
318 322 330 336 338 341 344 348 352 359 7 13 9 359 353 351 349 346 343 342 342 341 341 340 340 339 338 335 331 329 328 328 327 328 332 337 342 347 350 352 354 356 354 349 343 337 333 334 338 340 337 331 328 331 335 339 343 347 349 348 345 342 341 341 343 343 342 341 338 336 334 333 331 329 326 323 321 320 320 321 324 327 328 328 330 334 340 347 353 357 1 8 15 16 15 12
316 319 327 334 338 341 344 348 353 0 11 14 5 354 349 348 347 346 344 343 343 342 341 340 338 337 334 331 327 326 329 331 329 328 331 335 340 345 351 358 1 358 351 346 342 337 333 334 339 339 333 328 329 333 340 345 346 348 349 349 347 343 341 342 344 344 343 342 341 341 341 340 339 338 335 333 331 330 329 328 329 329 327 326 328 333 338 344 350 358 7 15 17 14 11 6
316 319 326 332 337 342 346 350 354 2 12 12 0 351 347 346 345 345 345 344 343 342 341 339 338 335 331 326 323 324 329 333 332 333 335 337 340 345 354 4 6 359 348 342 339 335 334 336 339 336 331 330 333 339 346 350 350 349 349 348 347 345 344 342 343 343 343 344 345 346 346 346 345 345 343 342 340 340 339 338 335 331 327 325 325 330 336 340 348 1 14 18 16 10 4 359
315 319 327 333 336 342 348 352 356 4 10 7 357 350 347 346 346 346 346 346 344 342 341 339 337 334 329 322 319 321 327 332 334 337 340 342 345 351 0 8 7 357 348 342 338 335 335 337 338 335 332 333 337 345 352 355 353 350 348 346 344 344 343 341 340 341 343 345 346 347 348 348 347 347 347 347 346 347 347 348 346 339 333 327 325 327 333 338 348 6 18 19 12 5 358 353
313 317 327 333 337 342 348 352 357 3 5 1 354 350 349 348 347 347 348 347 346 344 341 339 336 333 327 320 317 319 325 328 332 337 342 347 353 0 6 6 1 354 349 345 342 338 337 338 339 338 336 338 343 350 356 358 355 351 347 344 341 339 338 337 336 337 339 341 342 343 344 345 346 346 346 347 348 349 351 352 352 348 343 337 331 329 331 337 351 11 18 16 10 5 359 352
312 315 324 332 337 342 346 351 358 1 0 356 352 351 351 350 349 349 349 348 347 345 342 339 335 331 325 318 315 316 322 325 328 334 341 350 0 5 5 0 356 352 348 346 342 338 336 338 341 342 342 344 348 354 359 1 358 353 349 345 340 337 334 331 330 330 331 330 329 329 331 334 336 338 340 342 344 346 348 350 350 350 348 346 341 336 333 337 355 11 14 13 11 7 1 354
313 315 322 329 335 340 344 349 357 0 356 351 350 351 353 353 351 350 349 349 347 345 342 338 334 330 324 318 315 316 320 323 327 331 338 351 3 5 0 355 352 349 346 343 339 335 334 336 341 345 347 349 353 358 2 4 2 357 351 346 341 337 333 328 326 325 325 323 322 321 320 319 322 325 328 330 333 337 340 341 340 341 343 344 344 342 340 343 355 4 7 9 9 4 358 354
316 318 323 328 333 338 341 347 356 0 355 349 348 352 355 355 352 350 349 349 347 345 341 338 334 329 324 319 318 319 324 326 328 330 337 351 3 2 355 351 348 345 342 338 333 330 331 335 342 347 350 353 357 1 6 8 4 358 351 346 342 339 334 329 326 325 326 326 326 324 321 315 310 310 313 315 317 321 326 326 320 318 321 328 335 342 346 349 353 357 0 4 3 358 354 350
320 321 326 331 335 338 339 343 353 358 354 349 350 355 357 355 351 349 347 346 346 344 341 338 334 330 325 322 320 322 326 329 329 331 338 352 2 359 353 348 344 341 337 331 327 326 328 334 342 347 351 355 360 4 9 10 6 357 350 346 343 339 335 330 327 326 328 330 330 327 322 316 310 306 305 304 301 300 303 307 308 309 315 323 331 340 348 351 351 353 356 358 356 353 349 345
322 324 330 335 340 343 343 344 351 356 355 354 356 359 358 354 351 348 344 343 343 343 341 339 335 332 328 324 322 324 329 332 333 335 342 353 359 357 352 347 342 338 332 326 323 323 326 334 341 347 350 355 2 8 13 12 5 356 350 346 344 341 336 330 327 327 330 333 332 329 325 322 321 319 315 302 292 288 302 308 312 316 321 329 336 344 349 350 349 350 352 353 351 348 343 339
321 325 333 339 345 349 349 349 353 356 357 359 1 0 357 354 351 348 345 343 342 342 342 340 337 335 332 327 325 327 333 338 340 343 349 354 356 355 352 348 343 336 328 323 320 321 326 332 339 344 348 354 4 12 16 13 5 357 351 349 346 343 339 331 327 327 331 335 334 332 331 330 331 331 328 320 315 315 316 318 320 323 328 330 343 348 350 349 348 349 350 350 348 343 338 336
317 322 332 341 348 353 353 354 356 359 359 0 0 358 355 353 350 348 346 344 343 342 341 340 338 337 335 330 328 330 337 341 344 350 354 354 353 352 350 347 343 336 327 321 318 320 325 330 334 337 341 352 6 15 17 12 6 0 354 350 347 345 341 334 330 329 333 336 335 334 335 337 340 339 334 328 324 323 323 324 325 328 332 340 347 351 351 349 347 347 348 347 343 338 335 336
314 318 330 341 348 353 356 358 1 3 0 358 356 354 351 350 348 346 345 344 343 342 340 338 338 339 337 331 329 332 338 341 345 351 356 355 352 350 348 345 342 336 327 320 316 318 322 325 328 329 333 347 4 14 14 10 6 1 355 350 346 343 340 337 335 336 338 338 337 337 340 343 346 342 336 332 330 329 329 329 330 333 337 343 349 352 352 349 345 344 344 343 338 334 336 343
313 317 329 339 345 351 356 2 7 7 1 354 350 347 345 344 343 341 341 341 341 339 336 335 336 337 334 330 330 335 341 342 344 349 353 354 352 349 346 344 340 335 326 320 316 318 320 322 324 325 330 340 357 8 9 6 4 359 354 349 344 340 338 338 340 343 344 340 338 341 345 349 348 343 339 337 335 335 335 334 335 338 341 345 336 352 352 348 344 342 341 339 335 334 342 351
312 316 329 339 344 349 355 4 12 11 2 351 344 340 338 337 336 334 332 331 332 331 330 330 331 331 327 325 328 337 344 347 348 349 351 352 350 348 345 343 340 335 327 321 320 324 326 326 328 331 335 342 352 1 3 2 360 356 353 348 343 338 336 337 341 346 346 343 342 346 350 351 348 344 342 341 340 340 340 340 341 343 345 348 351 353 352 346 341 339 338 336 333 337 347 351
312 316 327 339 345 350 356 7 16 15 4 350 339 330 327 327 327 325 322 319 317 318 319 321 324 324 320 319 323 334 344 349 351 352 353 352 349 347 346 344 341 336 329 325 327 333 336 335 335 338 342 347 354 360 360 358 356 353 349 344 340 337 335 336 340 344 344 343 345 350 352 350 348 345 344 343 343 344 346 346 346 348 349 351 352 354 352 344 338 336 335 333 333 339 346 345
316 319 329 339 347 353 360 11 19 18 8 354 337 325 319 318 320 323 322 317 312 309 309 314 320 319 316 316 320 330 339 345 350 354 357 356 351 347 346 345 342 336 330 328 331 338 342 342 341 343 346 351 357 1 359 356 353 349 343 339 336 335 335 337 340 341 339 339 345 350 350 348 347 346 345 344 345 347 349 349 350 352 353 354 354 354 350 342 336 333 332 331 333 339 341 339
321 324 333 342 349 356 5 15 20 18 10 358 344 333 326 322 323 327 329 327 321 315 312 315 318 317 315 315 319 328 334 338 345 353 359 0 356 350 348 346 342 335 329 327 331 339 343 344 345 347 350 353 358 1 358 354 350 344 339 335 334 334 336 339 340 336 333 335 342 347 347 345 344 343 343 343 344 346 348 350 351 353 355 356 355 351 346 339 333 330 329 329 331 335 336 334
323 327 337 346 353 360 10 18 19 14 7 359 351 344 338 333 330 329 331 332 331 327 322 321 319 317 316 317 322 330 333 334 338 348 357 0 358 353 349 346 341 334 327 325 329 336 341 343 347 351 354 355 358 359 357 352 347 341 335 334 335 336 338 341 338 332 328 330 338 343 343 342 340 339 339 341 343 344 344 346 349 352 354 354 349 343 338 334 332 329 328 327 329 332 332 330
323 328 339 349 356 5 13 16 13 8 2 358 355 351 347 341 334 330 330 333 335 334 331 327 323 319 319 322 328 335 339 339 340 344 351 355 354 352 349 345 340 333 327 324 327 333 338 341 347 353 356 357 358 358 355 350 343 337 334 335 337 339 340 341 337 329 325 327 334 339 340 341 340 337 336 338 341 344 341 337 340 346 348 341 333 329 328 329 330 330 329 329 330 333 332 330
324 329 341 351 359 8 13 11 6 1 358 357 356 355 352 347 340 334 331 331 333 335 333 330 325 322 322 325 332 340 344 345 345 346 349 350 350 349 347 344 339 332 326 323 325 329 334 339 345 351 355 358 358 356 352 347 340 336 335 337 340 341 342 342 336 328 324 325 330 335 337 338 339 338 337 336 339 345 342 328 319 331 339 330 322 320 322 326 329 330 331 333 335 337 337 335
323 329 343 354 3 10 11 6 360 355 354 355 355 355 354 351 345 339 333 331 331 332 333 330 327 325 325 328 334 341 345 348 348 349 351 349 347 347 346 343 338 332 327 324 323 327 332 337 343 347 351 354 356 354 348 342 337 336 338 339 340 342 343 340 334 327 321 320 324 327 330 331 332 335 339 339 341 347 348 335 326 330 333 328 322 320 321 326 328 328 331 335 338 342 344 342
324 330 345 358 6 12 11 4 356 350 348 348 350 351 352 352 349 344 338 334 330 330 330 329 327 327 328 330 333 338 343 346 349 352 353 351 348 347 345 342 337 333 329 326 325 328 334 339 343 343 344 346 350 347 344 339 336 337 339 338 338 340 339 335 330 324 318 316 317 319 319 320 322 326 335 346 352 353 348 341 336 334 333 328 323 322 324 327 328 329 334 338 342 346 349 348
325 331 347 360 9 14 12 6 357 348 342 340 341 344 347 349 349 347 342 337 333 330 328 327 327 329 331 332 334 335 337 339 345 350 354 353 349 346 344 341 338 335 331 328 327 330 336 341 342 341 340 341 345 348 345 340 340 342 340 336 336 336 331 327 324 322 320 320 322 324 325 327 329 332 340 350 353 348 343 339 336 335 334 330 327 327 330 332 333 335 340 344 346 349 352 353
327 333 349 2 12 15 12 7 1 353 344 337 334 336 340 344 346 347 343 340 336 332 329 327 328 332 335 336 336 336 335 335 339 345 351 352 348 345 342 340 338 336 332 328 326 330 337 341 341 341 341 343 347 351 349 347 349 350 346 342 341 338 332 328 327 328 331 332 334 335 336 339 343 347 349 349 347 342 339 337 335 336 335 333 332 335 339 341 342 344 347 350 351 352 356 359
330 336 351 4 13 15 11 5 1 356 351 343 337 334 336 339 342 342 343 341 338 334 330 329 331 336 339 341 340 340 339 339 341 344 348 350 348 344 341 339 338 337 333 327 326 331 338 341 342 343 345 348 352 354 354 352 353 353 352 350 348 345 341 338 335 336 338 339 340 340 343 347 351 352 349 345 342 338 335 334 335 338 338 337 336 339 344 349 352 354 356 357 356 357 2 5
332 338 353 7 14 13 8 1 357 355 352 348 343 340 338 337 339 341 342 341 339 336 332 330 333 339 343 344 344 343 343 344 345 347 348 350 348 344 342 341 341 339 335 329 328 332 338 341 343 345 348 352 356 357 355 352 352 352 352 351 349 346 343 340 338 339 342 342 342 343 348 352 352 348 344 341 339 335 332 333 336 339 341 341 341 344 349 355 359 3 5 4 2 3 7 8
335 341 355 8 13 11 5 357 352 350 348 347 346 345 342 339 337 337 338 335 339 334 332 332 334 339 343 346 346 346 345 346 347 348 350 351 348 345 344 343 342 340 336 330 328 330 335 339 341 343 346 351 356 358 355 351 350 349 349 349 347 344 341 339 340 342 345 344 344 348 352 352 348 342 338 337 335 332 330 332 335 339 342 343 345 349 352 355 1 8 11 10 7 7 9 9
338 343 357 8 11 9 1 352 347 345 344 345 346 345 343 339 336 333 335 336 338 338 336 335 335 337 340 345 348 347 347 347 347 348 350 349 347 345 345 343 342 340 335 329 326 327 331 334 337 340 342 346 353 357 355 351 348 346 346 345 343 341 340 341 344 347 346 344 347 351 352 349 343 338 336 335 333 331 330 332 334 336 338 341 346 352 356 356 359 8 14 13 10 10 10 8
339 345 358 7 9 5 355 347 343 341 340 341 342 341 339 336 331 331 332 334 336 337 338 337 336 336 338 343 347 348 349 349 349 348 348 348 348 347 346 344 341 339 334 328 325 327 331 335 338 341 343 346 350 353 352 349 347 345 344 343 340 340 343 349 351 350 346 345 348 350 349 345 341 338 336 336 335 334 334 335 335 332 330 331 338 349 357 1 3 8 12 12 11 10 9 6
338 345 359 6 5 357 349 344 341 339 338 338 338 336 334 332 328 331 332 334 336 338 339 338 336 335 338 342 345 348 350 352 352 351 350 351 351 351 349 346 342 338 334 328 324 325 330 335 338 339 342 345 348 349 348 347 346 345 344 342 341 344 351 355 354 350 347 347 347 347 346 343 340 339 339 338 337 337 339 342 342 338 333 328 330 339 352 2 8 11 11 10 9 9 7 3
336 345 360 5 0 351 346 344 343 342 340 338 336 333 331 330 330 331 333 335 336 338 339 338 336 334 336 340 343 345 350 353 354 353 353 355 357 355 351 346 342 338 333 327 321 320 324 329 332 333 336 339 342 344 345 345 345 344 343 342 344 351 356 354 351 348 347 346 345 345 343 340 339 340 341 341 340 341 344 347 349 348 344 338 335 337 345 358 8 13 12 9 7 7 5 0
336 345 359 2 357 350 346 346 346 344 342 339 335 332 330 329 330 332 335 337 338 339 339 339 336 333 333 337 339 341 346 351 354 354 355 359 2 359 352 346 341 337 333 327 321 318 320 325 328 331 334 337 340 343 345 345 344 344 343 344 348 353 353 349 346 345 344 343 343 343 340 337 337 340 342 342 342 342 343 348 352 353 351 347 344 344 347 355 5 10 9 6 5 4 2 357
339 346 357 359 356 351 348 347 346 343 341 337 334 331 330 329 330 333 336 338 339 340 340 340 337 332 330 332 333 334 338 344 350 354 357 3 6 2 355 350 345 341 337 333 327 324 324 327 330 333 336 339 341 344 347 346 346 347 347 348 351 351 348 344 341 340 339 340 341 340 336 332 333 337 340 342 342 342 341 344 349 353 354 353 351 350 352 356 2 4 3 2 2 1 357 352
344 347 354 356 354 351 348 346 343 341 338 334 331 330 329 330 330 333 336 338 340 340 340 341 338 333 330 329 328 326 325 329 337 347 356 4 6 1 357 353 348 344 342 339 336 333 331 331 333 335 337 338 340 345 348 348 349 351 352 353 353 349 344 340 337 335 336 338 340 337 332 328 329 334 339 340 342 342 342 342 344 348 353 356 356 356 355 358 1 0 359 359 358 356 351 347
348 348 351 353 352 350 346 343 341 338 335 332 329 328 329 330 331 333 337 339 339 339 341 341 339 335 332 331 329 324 319 320 325 335 351 1 2 359 355 351 347 345 344 342 339 336 334 334 335 337 337 338 339 344 348 350 349 350 352 353 351 347 342 337 333 332 336 340 340 336 330 326 327 333 338 339 340 341 343 344 343 343 349 355 359 0 360 360 360 358 356 356 354 350 346 343
348 349 351 352 350 347 344 341 337 335 332 330 328 328 330 332 333 336 340 341 339 339 341 340 338 337 335 335 336 333 328 326 327 332 343 355 359 356 352 347 344 344 343 342 339 336 334 334 336 338 339 339 341 345 350 350 349 348 349 350 349 345 340 334 330 331 337 341 340 336 330 325 325 330 334 335 336 339 342 345 345 343 344 351 357 2 4 3 0 357 355 354 351 347 344 343
346 349 353 352 348 344 341 338 335 332 330 328 328 329 331 333 335 339 342 342 340 341 341 339 337 337 337 338 341 341 339 336 336 337 342 351 355 353 348 345 344 344 344 342 339 335 333 334 337 340 341 342 344 347 350 351 349 347 347 347 346 342 338 332 329 331 338 340 339 336 331 325 323 325 327 326 327 331 336 341 344 344 343 344 352 0 6 7 3 359 357 355 352 348 347 348
344 348 353 352 346 342 339 336 333 330 328 327 328 330 333 335 338 341 344 343 342 343 342 339 338 337 336 338 341 344 345 344 343 343 344 349 351 349 347 345 346 345 344 341 338 334 332 334 339 343 345 346 347 348 351 351 349 346 345 344 343 341 336 331 327 330 336 338 337 336 333 328 326 325 324 321 318 319 323 329 336 341 341 339 344 355 5 8 7 3 360 358 357 355 354 355
