project/data/elevation/US_DEM2016/US_DEM2016_point_11-01-2019_1624_30m_vel.asc
ncols	125
nrows	167
xllcorner	-2042055.000000
yllcorner	1465035.000000
cellsize	30.000000
NODATA_value	-9999.000000
[rows 0 to 37 of 167, columns 0 to 83 of 125]
3.97 3.62 3.33 3.72 4.49 5.44 6.34 6.94 7.08 7.11 7.29 7.73 7.91 7.43 7.03 7.03 7.10 7.05 6.73 6.31 5.96 5.87 6.06 6.32 6.54 6.55 6.36 5.78 4.98 4.18 3.44 2.82 2.38 2.16 2.13 2.25 2.56 3.04 3.53 3.83 3.96 4.04 4.09 4.05 3.79 3.44 3.19 3.26 3.59 4.15 4.76 5.40 5.95 6.46 6.64 6.66 6.40 5.71 5.12 4.79 4.64 4.66 4.83 5.17 5.37 5.39 5.24 4.85 4.21 3.83 3.78 3.96 4.27 4.60 4.87 5.04 5.22 5.49 5.80 6.03 6.26 6.32 5.90 5.62
3.97 3.62 3.33 3.72 4.49 5.44 6.34 6.94 7.08 7.11 7.29 7.73 7.91 7.43 7.03 7.03 7.10 7.05 6.73 6.31 5.96 5.87 6.06 6.32 6.54 6.55 6.36 5.78 4.98 4.18 3.44 2.82 2.38 2.16 2.13 2.25 2.56 3.04 3.53 3.83 3.96 4.04 4.09 4.05 3.79 3.44 3.19 3.26 3.59 4.15 4.76 5.40 5.95 6.46 6.64 6.66 6.40 5.71 5.12 4.79 4.64 4.66 4.83 5.17 5.37 5.39 5.24 4.85 4.21 3.83 3.78 3.96 4.27 4.60 4.87 5.04 5.22 5.49 5.80 6.03 6.26 6.32 5.90 5.62
3.88 3.57 3.39 3.76 4.33 5.09 5.82 6.35 6.59 6.65 6.80 7.14 7.25 7.01 6.70 6.67 6.74 6.74 6.49 6.06 5.80 5.77 5.92 6.07 6.11 6.02 5.66 5.08 4.47 3.83 3.25 2.77 2.44 2.28 2.24 2.32 2.55 2.88 3.23 3.50 3.61 3.67 3.74 3.83 3.88 3.84 3.77 3.78 4.02 4.41 4.87 5.30 5.68 5.97 6.11 6.15 6.09 5.82 5.36 4.87 4.53 4.40 4.55 4.80 4.97 5.01 5.00 4.91 4.74 4.46 4.32 4.32 4.41 4.52 4.63 4.76 4.95 5.23 5.48 5.62 5.71 5.80 5.74 5.68
4.10 3.79 3.70 3.96 4.30 4.67 5.05 5.28 5.37 5.49 5.73 5.90 5.93 5.84 5.79 5.77 5.80 5.91 5.85 5.65 5.57 5.62 5.66 5.52 5.26 4.96 4.59 4.21 3.85 3.49 3.16 2.92 2.80 2.77 2.74 2.72 2.72 2.79 2.87 3.02 3.28 3.51 3.69 3.91 4.19 4.42 4.55 4.57 4.63 4.78 5.00 5.10 5.11 5.04 5.00 4.89 4.94 5.13 5.16 5.00 4.72 4.48 4.37 4.31 4.21 4.19 4.35 4.66 4.92 5.03 4.98 4.82 4.61 4.41 4.31 4.34 4.50 4.71 4.80 4.74 4.76 5.06 5.44 5.71
4.39 4.13 4.08 4.20 4.34 4.51 4.58 4.60 4.52 4.53 4.68 4.82 4.85 4.83 4.88 4.88 4.86 4.98 5.21 5.42 5.56 5.53 5.35 4.94 4.48 4.19 4.08 3.96 3.82 3.67 3.55 3.49 3.50 3.52 3.46 3.29 3.11 3.02 3.00 3.09 3.41 3.80 4.15 4.45 4.60 4.73 4.85 4.95 5.01 5.05 5.08 4.98 4.71 4.39 4.09 3.63 3.40 3.53 3.99 4.48 4.69 4.67 4.50 4.16 3.86 3.66 3.63 3.81 4.14 4.39 4.48 4.43 4.29 4.14 4.05 4.05 4.14 4.23 4.24 4.18 4.29 4.71 5.20 5.43
4.43 4.26 4.27 4.37 4.37 4.39 4.34 4.16 4.05 3.97 3.95 4.05 4.17 4.27 4.51 4.62 4.62 4.62 4.88 5.24 5.41 5.25 4.87 4.31 3.90 3.82 3.90 3.97 4.02 4.06 4.10 4.13 4.12 4.02 3.86 3.65 3.46 3.34 3.30 3.34 3.48 3.70 4.06 4.48 4.73 4.84 4.94 5.08 5.15 5.18 5.14 4.97 4.67 4.13 3.54 3.05 2.90 2.98 3.26 3.63 4.01 4.23 4.20 3.92 3.62 3.40 3.26 3.22 3.26 3.33 3.42 3.48 3.52 3.58 3.62 3.67 3.75 3.84 3.91 3.98 4.14 4.45 4.74 4.74
4.49 4.45 4.50 4.57 4.47 4.30 4.08 3.79 3.65 3.61 3.54 3.54 3.66 3.99 4.42 4.60 4.73 4.74 4.73 4.78 4.87 4.74 4.35 3.91 3.75 3.78 3.87 3.95 4.09 4.29 4.46 4.52 4.42 4.28 4.13 4.00 3.92 3.82 3.66 3.51 3.48 3.55 3.71 4.01 4.32 4.41 4.48 4.61 4.83 4.97 5.05 4.97 4.73 4.44 4.06 3.73 3.70 3.74 3.70 3.63 3.57 3.59 3.57 3.45 3.26 3.07 2.97 2.94 2.94 2.94 2.95 2.97 3.01 3.08 3.13 3.19 3.27 3.38 3.54 3.73 3.92 4.11 4.16 3.96
4.55 4.65 4.86 4.85 4.67 4.25 3.79 3.46 3.41 3.51 3.45 3.28 3.37 3.81 4.21 4.34 4.49 4.56 4.41 4.23 4.23 4.19 4.00 3.87 3.85 3.88 3.93 3.97 4.08 4.32 4.56 4.68 4.69 4.70 4.76 4.87 4.88 4.73 4.45 4.10 3.78 3.60 3.58 3.57 3.55 3.61 3.66 3.83 4.23 4.72 4.95 4.99 4.96 5.06 5.09 5.01 4.79 4.54 4.22 3.86 3.51 3.27 3.17 3.09 2.95 2.79 2.74 2.83 2.91 2.90 2.84 2.80 2.78 2.79 2.83 2.90 2.97 3.10 3.30 3.46 3.59 3.65 3.58 3.41
4.74 4.91 5.21 5.14 4.85 4.38 3.84 3.53 3.58 3.64 3.52 3.37 3.47 3.78 3.94 3.94 3.99 4.05 3.96 3.82 3.84 3.82 3.70 3.70 3.76 3.84 4.01 4.17 4.27 4.38 4.62 4.88 5.14 5.51 5.92 6.19 6.19 5.97 5.63 5.19 4.66 4.15 3.80 3.61 3.43 3.35 3.55 3.87 4.39 4.82 4.93 4.73 4.63 4.79 5.00 5.02 4.78 4.40 3.98 3.62 3.33 3.13 3.03 3.00 2.94 2.87 2.88 2.99 3.00 2.89 2.76 2.70 2.72 2.82 3.00 3.14 3.27 3.46 3.59 3.57 3.48 3.36 3.26 3.27
4.84 5.11 5.40 5.30 4.99 4.64 4.19 4.04 4.17 4.23 4.02 3.82 3.84 3.88 3.77 3.63 3.59 3.66 3.71 3.72 3.74 3.60 3.40 3.42 3.56 3.73 3.96 4.25 4.47 4.64 4.93 5.28 5.73 6.22 6.57 6.69 6.61 6.47 6.32 6.11 5.72 5.18 4.64 4.22 3.91 3.86 4.01 4.38 4.83 5.00 4.77 4.11 3.64 3.33 3.45 3.73 3.79 3.61 3.39 3.20 3.03 2.92 2.91 3.02 3.23 3.32 3.40 3.43 3.22 2.94 2.81 2.87 3.10 3.43 3.73 3.96 4.17 4.37 4.42 4.25 3.98 3.78 3.69 3.67
5.01 5.12 5.40 5.43 5.24 5.05 4.95 5.08 5.22 5.16 4.91 4.58 4.29 4.00 3.67 3.39 3.36 3.58 3.82 3.94 3.90 3.67 3.45 3.42 3.55 3.71 3.88 4.15 4.58 5.07 5.46 5.80 6.07 6.17 6.06 5.78 5.72 5.95 6.20 6.31 6.25 5.96 5.48 4.93 4.53 4.35 4.34 4.64 4.97 4.93 4.39 3.64 3.04 2.64 2.52 2.61 2.81 2.95 2.98 2.94 2.87 2.85 2.96 3.21 3.57 3.88 4.02 3.88 3.56 3.21 3.17 3.44 3.88 4.29 4.62 4.89 5.11 5.17 5.05 4.83 4.65 4.53 4.40 4.22
5.01 4.89 5.13 5.56 5.77 5.89 6.07 6.26 6.33 6.10 5.74 5.35 4.90 4.31 3.77 3.49 3.46 3.72 4.06 4.21 4.13 3.91 3.71 3.64 3.71 3.89 4.11 4.47 4.99 5.48 5.72 5.80 5.68 5.32 4.76 4.41 4.54 4.98 5.36 5.63 5.86 5.97 5.86 5.55 5.14 4.79 4.65 4.80 4.85 4.56 3.88 3.40 3.05 2.69 2.40 2.29 2.40 2.65 2.83 2.89 2.94 3.10 3.35 3.65 3.99 4.26 4.35 4.23 3.99 3.81 3.77 4.08 4.49 4.88 5.17 5.33 5.29 5.02 4.56 4.22 4.08 4.04 4.02 3.97
4.72 4.49 4.56 5.27 5.92 6.36 6.60 6.67 6.65 6.47 6.19 5.87 5.46 4.82 4.24 3.94 3.84 3.88 4.05 4.16 4.10 3.95 3.82 3.77 3.88 4.14 4.50 4.87 5.14 5.24 5.15 4.86 4.40 3.84 3.53 3.64 3.96 4.16 4.19 4.39 4.76 5.18 5.53 5.67 5.53 5.17 4.88 4.83 4.54 3.88 3.25 2.93 2.62 2.35 2.18 2.19 2.36 2.64 2.91 3.11 3.30 3.55 3.85 4.10 4.27 4.35 4.40 4.48 4.49 4.44 4.45 4.67 5.03 5.27 5.25 4.95 4.40 3.68 3.09 2.78 2.69 2.77 2.95 3.13
4.67 4.55 4.47 4.70 5.20 5.70 5.93 5.94 5.85 5.82 5.85 5.80 5.65 5.32 4.90 4.50 4.18 3.98 3.90 3.84 3.75 3.69 3.70 3.75 3.90 4.13 4.35 4.42 4.28 4.02 3.70 3.24 2.80 2.53 2.64 3.02 3.23 3.18 3.12 3.27 3.56 3.96 4.42 4.82 5.07 5.05 4.89 4.72 4.31 3.56 2.89 2.36 2.02 1.96 2.05 2.27 2.54 2.81 3.12 3.48 3.78 4.03 4.22 4.38 4.47 4.53 4.63 4.80 4.92 4.93 4.97 5.18 5.33 5.13 4.56 3.74 2.94 2.46 2.29 2.31 2.44 2.65 2.84 2.91
4.85 4.90 4.66 4.35 4.13 4.17 4.24 4.16 4.06 4.22 4.50 4.79 4.98 5.09 5.04 4.80 4.43 4.09 3.82 3.57 3.38 3.39 3.49 3.58 3.63 3.64 3.53 3.26 2.93 2.68 2.48 2.33 2.26 2.29 2.39 2.46 2.47 2.51 2.57 2.65 2.78 2.96 3.20 3.56 4.07 4.67 4.80 4.70 4.32 3.71 2.94 2.34 2.13 2.22 2.49 2.75 2.90 3.04 3.33 3.80 4.27 4.53 4.71 4.86 4.99 5.14 5.25 5.32 5.36 5.33 5.36 5.41 5.10 4.27 3.35 2.72 2.47 2.43 2.54 2.77 3.07 3.36 3.47 3.47
4.88 4.81 4.46 3.94 3.25 2.78 2.51 2.35 2.39 2.53 2.78 3.06 3.46 3.91 4.35 4.54 4.46 4.16 3.80 3.46 3.27 3.28 3.34 3.33 3.22 3.03 2.80 2.61 2.48 2.36 2.31 2.43 2.65 2.78 2.75 2.67 2.63 2.67 2.76 2.85 2.90 2.98 3.14 3.52 4.06 4.74 4.95 4.80 4.33 3.67 3.14 2.88 2.83 3.00 3.26 3.42 3.38 3.40 3.74 4.33 4.87 5.27 5.52 5.67 5.80 5.99 6.11 6.14 6.11 6.00 5.81 5.36 4.46 3.53 3.05 2.96 3.04 3.06 3.13 3.33 3.68 3.97 4.09 4.26
4.57 4.24 3.75 3.30 2.59 2.09 1.89 1.91 2.01 2.23 2.43 2.59 2.85 3.26 3.70 4.06 4.20 4.10 3.82 3.55 3.41 3.35 3.29 3.17 3.01 2.88 2.82 2.86 2.89 2.85 2.76 2.78 2.96 3.24 3.36 3.39 3.38 3.35 3.37 3.48 3.65 3.88 4.15 4.57 5.04 5.32 5.22 4.91 4.41 3.90 3.55 3.47 3.55 3.75 3.99 4.10 4.04 4.15 4.59 5.20 5.79 6.22 6.47 6.56 6.56 6.62 6.75 6.87 6.91 6.69 6.20 5.43 4.34 3.83 3.88 4.06 4.07 3.91 3.82 3.95 4.25 4.55 4.83 5.15
4.40 4.05 3.47 2.93 2.50 2.30 2.43 2.71 3.02 3.34 3.56 3.67 3.80 3.88 3.88 3.84 3.88 3.96 3.90 3.76 3.60 3.45 3.30 3.17 3.11 3.13 3.22 3.32 3.42 3.47 3.41 3.26 3.27 3.52 3.83 4.07 4.16 4.14 4.11 4.22 4.55 4.87 5.21 5.53 5.66 5.45 5.06 4.74 4.47 4.23 3.99 3.92 4.06 4.37 4.63 4.70 4.76 4.98 5.53 6.15 6.63 6.86 6.90 6.85 6.75 6.67 6.71 6.81 6.95 6.89 6.60 6.23 5.60 5.37 5.58 5.75 5.68 5.41 5.24 5.17 5.23 5.41 5.69 5.85
4.48 4.23 3.66 3.14 2.98 3.29 3.83 4.31 4.73 5.03 5.21 5.27 5.19 4.86 4.40 4.02 3.88 3.96 4.01 3.93 3.77 3.59 3.44 3.35 3.37 3.46 3.54 3.65 3.81 3.98 4.06 4.05 4.05 4.14 4.38 4.68 4.93 5.02 5.07 5.22 5.46 5.70 5.81 5.72 5.31 4.66 4.11 4.02 4.24 4.32 4.38 4.45 4.67 4.96 5.13 5.11 5.23 5.65 6.26 6.67 6.78 6.65 6.42 6.30 6.27 6.29 6.34 6.33 6.31 6.48 6.83 7.11 7.37 7.45 7.55 7.73 7.78 7.66 7.44 7.10 6.78 6.53 6.38 6.11
4.31 3.95 3.42 3.20 3.60 4.37 5.18 5.79 6.17 6.29 6.25 6.11 5.86 5.39 4.88 4.47 4.24 4.16 4.11 4.04 3.93 3.84 3.78 3.75 3.74 3.77 3.85 3.97 4.13 4.35 4.62 4.92 5.18 5.37 5.52 5.67 5.76 5.77 5.88 6.06 6.11 5.99 5.68 5.12 4.34 3.58 3.20 3.34 3.95 4.40 4.75 5.03 5.27 5.37 5.36 5.32 5.59 6.13 6.45 6.48 6.15 5.69 5.31 5.20 5.34 5.58 5.75 5.76 5.61 5.75 6.42 7.16 7.77 8.10 8.31 8.61 8.78 8.75 8.54 8.25 7.81 7.31 6.71 6.03
3.80 3.45 3.15 3.46 4.37 5.41 6.15 6.53 6.64 6.48 6.23 5.99 5.75 5.43 5.15 4.84 4.54 4.29 4.16 4.13 4.13 4.18 4.29 4.36 4.36 4.34 4.41 4.51 4.64 4.87 5.27 5.76 6.19 6.49 6.62 6.52 6.32 6.19 6.22 6.20 5.93 5.41 4.74 3.99 3.37 3.06 3.06 3.45 4.15 4.76 5.33 5.75 5.91 5.79 5.62 5.66 5.96 6.16 6.12 5.69 5.07 4.50 4.06 3.83 4.01 4.21 4.38 4.49 4.53 4.71 5.16 5.84 6.55 7.07 7.43 7.72 7.88 7.92 7.94 7.89 7.68 7.27 6.73 6.03
4.10 3.90 3.95 4.65 5.59 6.28 6.53 6.45 6.19 5.80 5.50 5.32 5.15 5.05 4.98 4.82 4.57 4.32 4.24 4.33 4.52 4.78 5.03 5.18 5.23 5.22 5.25 5.33 5.48 5.77 6.18 6.56 6.77 6.81 6.64 6.36 6.15 5.97 5.81 5.45 4.87 4.21 3.54 3.03 2.90 3.11 3.53 4.17 4.73 5.34 5.87 6.14 6.21 6.18 6.02 5.97 5.97 5.80 5.34 4.57 3.87 3.29 2.74 2.47 2.51 2.52 2.48 2.65 2.98 3.23 3.74 4.18 4.56 4.83 5.07 5.35 5.34 5.50 5.80 6.01 6.47 6.75 6.70 6.42
4.78 5.04 5.61 6.10 6.45 6.54 6.24 5.77 5.29 4.99 4.83 4.69 4.54 4.48 4.49 4.48 4.41 4.35 4.44 4.67 5.02 5.40 5.69 5.90 5.95 5.98 6.04 6.16 6.37 6.66 6.87 6.85 6.58 6.12 5.58 5.23 5.26 5.16 4.77 4.14 3.50 3.08 2.80 2.84 3.13 3.53 4.09 4.68 5.25 5.79 6.04 6.14 6.13 6.15 6.13 5.95 5.62 5.11 4.35 3.57 2.88 2.21 1.76 1.65 1.70 1.71 1.76 1.94 2.20 2.52 2.89 3.24 3.36 3.31 3.21 3.31 3.51 3.96 4.38 4.69 5.22 5.91 6.36 6.45
5.14 5.64 6.30 6.48 6.41 6.12 5.56 5.06 4.61 4.45 4.40 4.26 4.12 4.06 4.07 4.16 4.25 4.39 4.59 4.78 5.01 5.24 5.49 5.80 5.99 6.16 6.36 6.58 6.77 6.83 6.64 6.14 5.42 4.79 4.37 4.24 4.22 3.94 3.41 2.95 2.66 2.59 2.77 3.21 3.62 4.03 4.53 5.05 5.57 5.82 5.76 5.60 5.54 5.61 5.67 5.52 5.13 4.56 3.81 3.12 2.48 1.88 1.58 1.58 1.67 1.76 1.97 2.29 2.53 2.61 2.72 2.85 2.87 2.73 2.55 2.53 2.89 3.49 3.81 3.94 4.35 4.91 5.52 5.82
5.31 5.64 6.03 6.06 5.81 5.32 4.84 4.49 4.24 4.12 4.02 3.86 3.80 3.79 3.84 3.98 4.18 4.38 4.48 4.47 4.45 4.46 4.60 4.90 5.38 5.81 6.19 6.41 6.39 6.09 5.50 4.71 3.96 3.54 3.40 3.35 3.09 2.72 2.44 2.43 2.58 2.88 3.32 3.74 4.19 4.65 5.01 5.41 5.65 5.57 5.31 5.13 5.06 5.06 5.08 5.04 4.85 4.48 3.88 3.22 2.68 2.37 2.34 2.47 2.55 2.59 2.82 2.98 2.87 2.71 2.64 2.67 2.67 2.56 2.41 2.49 2.80 3.08 3.12 3.16 3.44 3.80 4.42 5.04
5.49 5.34 5.29 5.38 5.03 4.80 4.40 4.05 3.90 3.80 3.66 3.55 3.51 3.56 3.72 3.94 4.19 4.33 4.34 4.27 4.23 4.27 4.44 4.77 5.25 5.66 5.85 5.77 5.41 4.84 4.15 3.53 3.00 2.70 2.59 2.52 2.38 2.27 2.31 2.58 3.02 3.52 3.90 4.33 4.83 5.25 5.53 5.66 5.54 5.22 4.91 4.73 4.64 4.66 4.78 4.86 4.86 4.70 4.32 3.79 3.41 3.33 3.47 3.63 3.71 3.79 3.81 3.51 3.04 2.85 2.82 2.65 2.52 2.49 2.49 2.62 2.78 2.73 2.61 2.69 2.87 3.07 3.55 4.39
5.62 5.28 4.87 4.87 4.88 4.74 4.51 4.17 3.95 3.85 3.72 3.64 3.62 3.69 3.85 4.07 4.29 4.45 4.55 4.59 4.72 4.98 5.33 5.63 5.77 5.69 5.36 4.87 4.28 3.71 3.16 2.77 2.57 2.50 2.44 2.42 2.50 2.67 2.83 3.06 3.47 3.90 4.36 4.91 5.43 5.80 5.94 5.75 5.35 4.87 4.45 4.21 4.19 4.36 4.63 4.87 4.95 4.95 4.88 4.72 4.62 4.69 4.85 4.95 4.96 4.85 4.55 4.13 3.80 3.68 3.39 2.93 2.57 2.59 2.67 2.69 2.71 2.68 2.69 2.74 2.78 2.86 3.12 3.72
5.76 5.38 4.83 4.69 4.73 4.81 4.85 4.72 4.52 4.43 4.37 4.26 4.27 4.32 4.37 4.41 4.51 4.70 4.91 5.11 5.38 5.70 5.91 5.90 5.65 5.17 4.55 3.89 3.28 2.83 2.60 2.54 2.62 2.83 2.94 2.97 3.04 3.23 3.44 3.59 3.82 4.17 4.73 5.36 5.87 6.12 6.04 5.67 5.16 4.61 4.10 3.87 3.94 4.21 4.51 4.70 4.79 5.04 5.27 5.49 5.80 6.16 6.46 6.61 6.42 6.04 5.53 5.12 4.98 4.70 4.02 3.28 3.01 3.12 3.08 2.85 2.83 2.95 3.03 3.01 2.95 2.91 2.99 3.25
5.69 5.22 4.63 4.48 4.50 4.75 4.95 5.02 4.93 4.84 4.80 4.71 4.72 4.78 4.82 4.75 4.69 4.77 5.01 5.31 5.56 5.65 5.47 5.04 4.54 4.03 3.54 3.03 2.62 2.46 2.56 2.89 3.18 3.37 3.52 3.63 3.69 3.79 3.97 4.06 4.20 4.52 5.13 5.69 6.08 6.11 5.82 5.42 5.05 4.67 4.26 4.00 4.01 4.17 4.26 4.34 4.59 5.05 5.45 5.92 6.45 6.93 7.24 7.36 7.39 7.17 6.75 6.38 5.97 5.41 4.69 4.06 3.91 3.91 3.70 3.44 3.50 3.65 3.61 3.39 3.17 3.02 2.96 3.00
5.46 5.14 4.67 4.45 4.42 4.57 4.82 4.99 4.97 4.82 4.61 4.44 4.43 4.52 4.63 4.66 4.60 4.63 4.85 5.07 5.09 4.81 4.29 3.73 3.26 2.90 2.62 2.44 2.41 2.59 3.07 3.58 3.85 3.98 4.07 4.16 4.28 4.38 4.44 4.52 4.68 5.01 5.43 5.82 5.89 5.63 5.21 5.00 5.01 4.99 4.83 4.63 4.41 4.37 4.30 4.37 4.69 5.17 5.52 6.02 6.48 6.92 7.12 7.14 7.30 7.37 7.28 7.19 6.87 6.42 6.07 5.77 5.44 4.96 4.49 4.37 4.54 4.61 4.31 3.83 3.33 2.99 2.80 2.81
5.53 5.40 5.04 4.75 4.65 4.62 4.75 4.93 4.97 4.84 4.55 4.29 4.17 4.15 4.22 4.27 4.34 4.46 4.62 4.55 4.16 3.55 2.95 2.49 2.11 1.85 1.74 1.89 2.34 2.99 3.66 4.08 4.35 4.50 4.59 4.67 4.72 4.73 4.74 4.81 5.05 5.31 5.60 5.68 5.43 4.88 4.60 4.60 4.81 5.15 5.21 5.11 4.97 4.79 4.67 4.68 4.80 5.11 5.44 5.86 6.11 6.14 5.88 5.83 6.13 6.59 6.96 7.27 7.50 7.53 7.57 7.42 6.96 6.33 5.76 5.59 5.53 5.22 4.61 3.82 3.20 2.84 2.69 2.65
5.72 5.48 5.12 4.94 4.86 4.80 4.78 4.89 5.02 5.08 4.98 4.72 4.52 4.35 4.24 4.16 4.21 4.31 4.24 3.81 3.12 2.45 1.93 1.59 1.41 1.34 1.40 1.69 2.23 2.90 3.53 3.89 4.17 4.41 4.62 4.79 4.79 4.78 4.77 4.88 5.11 5.40 5.63 5.53 5.19 4.72 4.44 4.40 4.55 4.84 5.16 5.22 5.24 5.10 4.91 4.71 4.63 4.74 5.06 5.35 5.44 5.17 4.81 4.73 4.94 5.42 6.06 6.67 7.18 7.54 7.81 7.90 7.65 7.30 6.97 6.61 6.01 5.17 4.27 3.52 3.11 2.89 2.70 2.52
5.55 5.09 4.59 4.58 4.67 4.66 4.57 4.60 4.85 5.10 5.18 5.01 4.79 4.58 4.43 4.29 4.23 4.12 3.76 3.14 2.56 2.12 1.80 1.63 1.60 1.70 1.86 2.06 2.33 2.59 2.83 3.08 3.31 3.58 3.88 4.14 4.33 4.45 4.59 4.81 5.00 5.28 5.40 5.18 4.86 4.54 4.23 4.14 4.22 4.41 4.70 5.02 5.10 5.04 4.80 4.44 4.27 4.28 4.56 4.77 4.70 4.32 4.06 4.18 4.51 4.85 5.19 5.55 5.95 6.31 6.61 6.89 7.14 7.22 7.16 6.89 6.06 4.90 4.10 3.71 3.44 3.05 2.67 2.55
4.93 4.54 4.14 4.12 4.13 4.01 3.85 3.92 4.22 4.63 4.90 4.92 4.75 4.57 4.47 4.36 4.23 3.98 3.55 3.11 2.81 2.64 2.53 2.47 2.49 2.60 2.66 2.70 2.71 2.72 2.74 2.78 2.83 2.93 3.11 3.41 3.81 4.07 4.35 4.62 4.78 4.90 4.72 4.16 3.58 3.35 3.37 3.48 3.63 3.94 4.23 4.55 4.72 4.65 4.42 4.15 3.99 4.07 4.24 4.34 4.18 3.83 3.75 3.92 4.26 4.53 4.61 4.64 4.75 4.95 4.99 5.25 5.77 6.27 6.56 6.63 6.26 5.45 4.69 4.24 3.67 3.07 2.79 2.90
4.52 4.47 4.39 4.23 3.89 3.56 3.40 3.39 3.56 3.98 4.44 4.71 4.73 4.59 4.46 4.30 4.15 3.93 3.68 3.50 3.48 3.49 3.50 3.49 3.49 3.49 3.47 3.38 3.30 3.28 3.25 3.15 3.03 2.94 2.97 3.21 3.57 3.85 4.15 4.40 4.49 4.37 3.85 2.97 2.47 2.48 2.76 3.09 3.43 3.70 3.95 4.15 4.23 4.23 4.12 4.07 4.03 4.13 4.17 4.20 4.11 3.98 3.98 3.98 4.03 3.93 3.84 3.90 4.08 4.26 4.33 4.46 4.79 5.26 5.57 6.03 6.37 6.23 5.63 4.76 3.85 3.41 3.46 3.75
4.81 4.98 5.11 4.88 4.46 3.92 3.57 3.38 3.30 3.44 3.82 4.29 4.58 4.62 4.45 4.21 4.05 3.95 3.93 4.05 4.21 4.36 4.47 4.51 4.50 4.38 4.19 3.99 3.82 3.69 3.61 3.53 3.43 3.31 3.24 3.33 3.61 3.89 4.19 4.36 4.30 3.95 3.35 2.77 2.68 2.97 3.39 3.78 3.98 4.02 3.99 3.96 3.93 4.03 4.09 4.14 4.13 4.22 4.21 4.29 4.35 4.34 4.17 3.87 3.62 3.38 3.25 3.39 3.70 3.98 4.14 4.29 4.42 4.66 4.93 5.40 6.08 6.48 6.41 5.86 5.06 4.77 4.89 5.03
5.21 5.42 5.54 5.28 4.90 4.41 3.97 3.62 3.36 3.22 3.29 3.61 4.09 4.37 4.38 4.18 4.04 4.06 4.27 4.61 4.89 5.16 5.37 5.50 5.45 5.27 5.02 4.71 4.36 4.02 3.77 3.67 3.67 3.76 3.90 3.95 4.07 4.31 4.58 4.67 4.57 4.23 3.75 3.56 3.85 4.32 4.74 4.90 4.81 4.42 4.14 3.95 3.93 4.03 4.15 4.20 4.18 4.28 4.33 4.54 4.64 4.53 4.17 3.67 3.27 3.03 3.02 3.19 3.47 3.73 3.91 4.05 4.23 4.34 4.58 4.92 5.47 6.18 6.70 7.05 7.04 6.77 6.46 6.21
5.38 5.46 5.35 5.04 4.67 4.29 4.00 3.70 3.40 3.16 3.07 3.19 3.51 3.93 4.16 4.14 4.04 4.11 4.43 4.87 5.20 5.46 5.66 5.79 5.78 5.68 5.55 5.33 5.00 4.57 4.16 3.86 3.83 4.03 4.25 4.44 4.64 4.85 5.03 5.24 5.41 5.32 5.19 5.05 5.20 5.50 5.60 5.34 4.94 4.52 4.20 4.06 3.98 4.08 4.21 4.24 4.24 4.40 4.52 4.74 4.80 4.64 4.29 3.82 3.38 3.13 3.09 3.17 3.29 3.48 3.61 3.67 3.89 4.10 4.28 4.54 4.97 5.57 6.41 7.20 7.74 7.66 7.18 6.61
