project/data/elevation/US_DEM2016/US_DEM2016_point_11-01-2019_1826_30m_ang.asc
ncols	125
nrows	167
xllcorner	-2042055.000000
yllcorner	1465035.000000
cellsize	30.000000
NODATA_value	-9999.000000
[rows 0 to 44 of 167, columns 0 to 95 of 125]
356 353 346 342 343 345 346 348 350 353 355 355 354 354 355 355 356 357 356 354 353 351 351 353 355 356 358 359 358 355 352 348 344 341 337 334 332 336 340 344 346 347 347 348 349 349 348 345 345 346 347 349 351 353 354 355 357 356 355 353 352 350 348 348 349 351 354 355 353 350 348 347 348 348 349 350 350 349 347 350 354 355 353 352 351 352 354 356 355 352 350 351 351 350 348 348
356 353 346 342 343 345 346 348 350 353 355 355 354 354 355 355 356 357 356 354 353 351 351 353 355 356 358 359 358 355 352 348 344 341 337 334 332 336 340 344 346 347 347 348 349 349 348 345 345 346 347 349 351 353 354 355 357 356 355 353 352 350 348 348 349 351 354 355 353 350 348 347 348 348 349 350 350 349 347 350 354 355 353 352 351 352 354 356 355 352 350 351 351 350 348 348
4 358 346 340 338 338 340 343 346 351 354 356 354 353 354 356 358 359 358 356 353 349 349 352 356 359 2 5 3 0 357 352 348 345 341 337 332 332 335 340 343 345 346 347 349 350 350 348 346 344 344 346 350 352 354 355 358 359 358 356 353 350 347 345 346 349 353 356 355 353 350 349 348 348 348 348 348 346 344 347 353 355 353 351 351 353 356 358 358 354 351 352 353 351 348 346
14 5 348 339 333 329 328 331 336 344 351 354 354 352 353 356 360 2 2 359 352 347 347 351 358 5 12 15 13 8 4 359 354 351 348 344 338 332 330 333 338 342 344 345 347 349 351 350 346 343 341 343 347 351 353 355 358 0 1 0 358 353 347 343 342 344 349 354 356 355 354 352 352 350 348 346 344 341 337 341 349 352 349 348 350 355 0 3 1 355 352 353 353 350 346 343
16 6 350 341 335 328 323 322 326 334 344 350 353 352 352 355 358 1 2 358 351 346 347 353 2 12 19 20 16 10 6 2 357 354 353 350 346 340 335 333 334 338 342 344 345 347 349 349 346 343 342 344 347 350 353 354 355 356 358 359 359 357 352 348 344 341 343 346 349 352 354 355 354 353 349 345 341 337 334 336 341 343 341 343 349 359 4 5 1 355 353 353 350 346 342 342
14 5 351 343 338 332 325 320 319 323 333 344 350 350 350 353 357 358 358 354 349 347 350 357 8 17 21 19 14 9 5 1 358 356 356 354 351 346 342 336 332 332 336 339 342 345 346 347 345 343 343 345 350 353 356 355 353 351 351 353 356 358 357 354 349 343 340 339 341 345 349 353 354 352 347 342 339 336 333 333 335 335 333 336 347 360 6 5 359 354 353 351 346 341 340 343
10 3 352 346 342 337 331 324 317 314 320 333 343 346 346 351 357 358 355 351 348 348 354 4 13 19 20 16 10 6 2 359 358 358 358 356 353 351 348 343 335 329 328 331 336 341 343 343 341 340 341 346 353 358 360 358 355 353 352 353 354 357 359 358 353 347 342 339 339 342 346 350 351 348 344 340 337 333 330 331 331 330 328 330 342 357 5 3 357 352 351 348 342 339 342 351
4 359 352 349 346 343 337 330 320 314 313 321 332 337 340 347 356 360 357 351 346 349 358 8 15 18 17 13 7 2 359 358 358 358 357 356 355 355 354 351 345 336 329 326 329 335 338 337 335 335 338 345 353 359 2 1 359 358 359 360 360 359 359 357 354 349 344 341 341 344 347 349 349 347 343 340 337 332 329 329 329 327 326 328 336 351 360 359 353 350 348 344 341 343 353 6
356 355 353 353 352 349 344 337 328 321 317 319 323 328 333 341 353 2 2 354 346 348 359 11 17 16 13 9 4 360 356 355 355 354 354 355 356 358 358 357 354 349 340 332 330 333 337 336 334 333 336 344 352 358 2 3 3 5 7 8 5 1 358 356 355 351 346 342 343 346 349 349 348 345 343 341 339 336 333 331 330 327 327 324 335 345 354 353 349 348 346 344 346 356 9 16
348 351 355 356 356 354 350 343 336 331 328 325 323 324 327 336 350 2 3 355 348 350 1 12 15 12 8 5 2 358 354 352 350 349 350 353 356 358 360 0 360 357 352 345 339 337 338 337 334 334 337 344 351 356 1 5 9 13 15 12 7 2 357 354 353 351 347 346 347 349 349 348 346 344 343 343 342 340 340 340 338 335 333 334 338 344 349 348 346 346 347 349 356 7 11 10
339 345 356 359 359 357 353 347 342 341 339 335 331 328 327 332 346 358 359 355 352 355 4 10 10 7 4 0 357 354 351 348 346 346 348 352 354 356 358 360 1 0 359 355 348 342 338 335 333 335 340 348 354 357 0 6 13 18 16 11 5 360 355 351 349 348 349 350 352 352 349 346 344 343 343 343 343 343 345 347 345 343 341 341 342 346 347 343 343 347 352 356 1 4 4 4
329 338 352 358 359 357 353 350 348 348 347 345 341 338 335 335 342 350 353 353 355 0 6 8 6 3 0 355 351 349 347 345 344 346 350 351 351 351 353 356 358 360 1 359 356 349 341 334 333 336 344 353 359 3 5 7 12 14 12 8 2 356 351 348 345 345 349 354 356 354 349 345 342 341 342 343 344 345 348 349 346 343 341 342 345 347 345 341 342 349 355 357 359 359 360 0
329 332 342 352 356 355 353 352 353 354 354 352 350 349 345 342 343 345 347 351 357 5 9 6 2 359 355 351 347 345 344 342 343 347 351 349 345 345 348 351 353 355 358 359 359 354 345 337 335 338 346 355 4 9 11 8 5 5 5 2 357 352 348 346 344 343 348 354 357 355 350 344 341 342 343 344 345 347 349 346 338 332 331 335 340 343 342 340 342 347 352 355 356 357 356 357
337 336 336 341 347 351 351 352 355 356 356 356 356 356 354 350 348 347 346 350 359 9 10 4 359 355 350 347 344 342 341 341 344 348 347 342 339 340 342 343 345 347 351 356 359 356 349 342 340 344 351 360 9 12 8 3 360 359 358 356 353 349 347 346 345 344 347 352 356 356 351 345 343 344 347 349 349 350 350 345 337 330 327 329 333 336 339 341 342 345 348 351 353 353 353 352
340 340 340 339 339 342 346 349 351 352 353 354 356 357 357 356 354 353 350 352 2 10 8 2 358 353 349 347 344 341 341 343 346 348 344 338 334 336 337 337 337 339 342 347 352 353 349 346 348 352 359 6 10 5 359 357 357 356 353 350 349 348 347 346 345 345 347 351 355 356 351 347 346 350 355 355 353 351 350 345 340 336 333 332 332 333 338 341 341 342 345 347 348 349 349 348
337 340 344 344 339 335 334 336 337 336 337 340 346 351 354 357 360 360 358 359 4 7 5 3 1 357 352 349 348 346 345 344 346 348 348 345 341 339 339 340 340 339 340 342 345 347 349 351 355 1 6 8 4 358 354 355 357 354 349 345 345 346 348 348 347 347 348 352 356 356 353 351 354 360 1 357 354 352 349 344 340 339 338 336 334 335 339 342 341 340 342 344 344 345 347 347
336 339 346 350 348 339 330 328 327 326 326 329 334 338 344 353 2 5 5 5 5 4 5 6 5 2 356 352 351 351 349 345 344 347 349 349 348 345 344 344 345 344 343 342 343 345 349 356 2 6 8 6 360 354 352 354 357 353 346 342 342 345 348 350 350 349 350 352 355 357 358 359 3 3 359 355 355 354 350 345 341 340 340 338 338 340 342 344 342 339 339 342 343 345 349 351
342 343 349 356 357 349 340 336 334 334 334 336 338 339 341 349 360 6 8 7 5 6 7 7 6 1 356 352 352 353 352 349 345 344 347 349 350 349 347 346 345 345 344 343 342 345 351 1 6 8 8 3 356 352 351 355 355 350 343 341 341 343 347 351 352 352 351 351 353 357 1 5 5 1 356 355 356 357 354 349 345 343 342 342 343 345 345 345 343 338 338 340 343 348 354 354
347 349 356 1 359 350 343 340 339 340 342 344 345 347 349 352 359 5 8 7 7 9 9 7 3 359 356 352 351 352 353 352 349 345 345 348 350 351 350 347 345 344 344 344 344 347 355 4 7 7 5 360 353 350 351 355 353 346 341 340 340 342 345 350 353 354 353 350 350 354 0 3 2 359 356 356 358 358 357 355 352 349 346 346 347 349 348 345 341 338 338 340 345 350 352 351
349 355 4 2 353 345 342 341 343 345 347 349 351 354 356 358 0 5 7 7 9 11 9 6 2 358 355 352 350 350 351 351 350 348 347 348 350 351 350 348 346 345 346 348 351 355 360 1 1 1 360 356 352 351 353 354 349 343 340 339 340 341 343 347 350 353 353 351 349 349 353 357 358 356 356 357 357 357 357 358 358 356 353 352 351 351 348 344 341 341 341 342 344 347 347 347
0 4 5 355 345 341 340 342 345 348 350 353 356 359 2 3 5 7 7 7 9 9 6 4 1 358 355 352 350 348 347 347 348 349 349 349 350 350 349 348 348 348 351 356 1 3 359 355 353 353 353 353 353 354 355 353 347 342 341 341 341 341 341 341 342 345 348 350 347 342 342 346 349 351 354 356 356 356 357 360 2 2 2 358 354 352 350 348 347 346 346 344 343 343 343 345
12 7 357 348 341 339 341 344 348 351 353 355 358 2 5 8 9 9 6 6 6 4 2 1 360 358 355 352 350 348 345 345 346 348 349 351 350 349 349 350 352 355 1 6 5 0 353 349 347 347 348 351 354 357 358 354 348 344 344 344 344 342 338 331 326 326 329 334 334 330 328 331 336 341 346 351 352 352 354 358 3 6 7 3 357 353 352 352 352 353 351 346 343 342 342 346
4 359 351 346 342 341 343 346 349 352 354 356 359 2 7 11 12 9 5 2 0 358 358 358 357 356 354 352 350 347 345 344 346 349 351 352 349 348 351 356 1 6 10 7 359 353 347 344 342 343 345 349 354 358 359 356 352 350 349 350 349 345 338 324 312 308 307 309 313 315 313 315 318 324 330 339 343 345 348 353 359 5 8 6 2 356 354 353 355 356 352 347 344 344 346 347
349 349 349 347 345 345 346 349 351 352 354 356 359 3 8 12 12 7 3 359 355 353 353 354 354 353 351 350 349 347 346 346 348 352 355 353 349 351 358 5 10 10 6 359 353 348 343 340 339 340 343 348 353 357 359 359 358 357 357 359 359 356 346 333 323 317 315 314 316 315 310 305 304 308 315 323 330 335 340 346 351 359 6 9 7 2 356 353 353 354 352 347 344 345 346 346
334 339 345 347 348 348 349 351 351 352 354 356 359 3 7 10 8 4 1 358 354 351 349 348 348 348 347 347 348 348 349 352 356 359 358 354 352 358 6 9 8 3 357 352 348 345 342 339 338 339 342 347 351 355 358 0 2 4 6 7 7 2 352 343 337 332 329 327 325 322 316 308 301 298 302 309 315 321 329 336 342 350 1 9 10 5 359 354 353 353 352 348 345 343 343 343
322 328 339 346 350 352 352 351 351 352 353 356 359 2 5 6 4 2 2 359 355 351 348 345 344 343 344 346 349 352 357 3 8 7 2 358 359 3 4 1 358 355 351 347 345 343 341 340 340 341 343 346 350 354 357 360 4 8 11 12 9 1 352 347 343 340 337 336 333 329 324 319 312 305 303 304 304 305 313 322 329 340 352 3 8 7 2 357 355 354 353 350 345 343 342 342
317 321 333 342 350 355 355 353 353 352 353 355 358 359 1 360 1 1 1 359 355 351 347 345 343 342 344 347 353 1 10 17 16 10 4 360 358 359 358 355 352 349 346 343 341 340 341 343 345 345 345 345 347 351 354 358 4 10 12 10 5 358 353 350 347 345 344 343 341 338 335 332 326 318 313 310 305 303 306 312 319 329 340 352 2 7 6 0 356 354 353 350 346 343 343 343
315 319 329 338 347 354 358 357 356 355 355 356 358 359 359 360 359 358 358 355 352 348 346 345 344 345 347 353 3 14 22 19 11 5 2 359 356 355 355 353 349 345 341 339 338 339 341 346 350 351 349 345 343 346 350 357 5 8 8 4 359 354 353 353 353 352 351 350 348 347 346 343 336 329 326 322 316 312 312 314 316 321 330 340 353 3 7 4 358 354 353 350 346 343 344 343
316 318 324 333 341 351 357 359 358 357 357 358 359 360 1 1 358 355 353 350 348 346 345 346 347 349 354 4 16 21 18 9 3 360 358 357 356 354 353 352 348 342 338 336 336 338 342 348 354 357 354 347 342 342 346 356 2 3 1 357 352 350 352 355 358 359 358 355 354 354 355 352 345 339 336 333 327 324 324 324 322 321 323 329 341 354 4 6 2 357 353 350 346 344 344 344
320 321 325 330 336 345 354 359 0 360 359 359 359 360 2 1 359 354 349 345 345 346 348 351 353 357 5 14 18 13 3 359 358 357 356 355 355 354 352 351 347 341 336 334 334 337 342 348 355 358 357 352 346 343 346 353 357 358 356 350 346 346 350 356 1 2 2 1 360 360 359 357 353 349 345 340 336 334 334 335 333 327 321 321 328 341 355 3 5 1 356 351 347 345 345 347
323 325 330 332 335 340 349 357 2 3 1 360 358 359 2 359 359 352 347 344 346 351 357 2 8 12 18 16 6 356 352 353 354 355 354 354 353 353 352 349 345 340 336 335 335 337 341 346 351 356 357 355 351 347 347 351 353 354 351 344 341 342 346 353 359 1 3 3 3 2 1 0 360 357 353 347 344 343 344 343 341 334 326 320 318 325 338 353 2 3 360 354 349 347 347 350
321 324 332 335 336 338 344 354 1 5 4 2 1 0 2 2 357 352 349 350 356 5 16 24 25 21 14 1 347 342 343 345 348 350 351 351 352 352 350 347 342 339 337 338 339 341 341 343 346 350 355 356 354 351 350 351 351 351 347 340 337 338 343 348 352 356 359 2 3 2 2 2 3 3 359 355 352 352 352 350 346 341 335 326 317 314 320 334 350 359 1 358 354 351 349 350
316 319 326 331 334 335 340 349 358 4 6 6 5 4 4 3 358 354 356 4 12 26 28 24 18 8 1 352 341 334 332 335 339 343 346 347 348 349 347 344 339 336 336 339 342 344 343 341 341 345 350 353 354 355 354 353 352 350 344 336 334 335 338 342 345 348 353 357 360 1 1 3 4 4 3 3 3 1 358 355 352 349 343 333 324 318 316 319 329 344 354 357 356 354 350 349
320 319 318 322 327 330 334 342 352 1 7 9 9 7 6 4 1 360 5 19 20 17 17 14 9 3 358 353 346 339 335 335 335 336 339 342 344 344 343 341 337 334 334 336 339 341 340 336 334 338 343 348 353 357 358 357 354 350 343 336 332 331 333 335 337 341 347 353 356 357 358 0 1 2 5 9 11 9 3 358 358 357 349 339 333 329 325 322 322 326 337 348 353 353 348 346
333 329 323 323 325 327 329 334 343 355 5 10 12 10 8 7 5 6 15 17 12 12 11 9 6 2 358 355 352 347 344 343 342 340 338 338 340 340 339 338 336 335 335 335 333 330 329 328 328 330 337 343 351 358 360 358 355 351 344 338 335 333 332 332 332 335 342 348 351 353 355 356 356 359 5 11 14 12 8 5 4 1 352 344 340 339 339 337 333 329 331 337 345 348 346 344
340 336 333 334 335 335 334 333 337 347 359 8 12 13 12 11 9 8 7 9 7 6 6 5 4 2 0 358 356 352 349 347 348 346 342 339 338 338 338 337 338 339 341 341 336 331 329 330 330 330 333 340 349 357 0 359 355 351 345 341 339 337 336 333 331 331 335 342 346 349 353 353 352 355 1 6 10 12 12 10 7 2 354 349 347 347 348 347 343 339 337 338 341 345 346 344
337 337 338 340 343 345 343 340 340 343 352 2 11 15 15 14 11 6 8 2 1 1 1 2 2 2 1 1 360 357 353 350 348 348 347 344 341 339 339 339 342 347 349 346 340 336 336 336 337 337 336 338 346 356 0 358 355 351 346 342 341 341 340 338 334 332 331 335 338 343 349 351 349 351 355 359 4 9 11 10 7 3 358 354 354 355 356 352 346 342 340 340 342 345 347 346
331 334 340 344 347 349 349 348 347 347 349 355 4 13 18 17 10 2 357 356 355 355 356 358 359 0 1 2 3 2 359 354 349 346 346 345 343 340 339 340 345 351 354 351 345 341 341 342 343 343 340 338 343 353 0 359 355 351 345 341 342 344 346 345 342 337 333 331 332 336 344 349 346 347 350 352 356 2 5 6 5 4 2 2 2 3 1 354 347 343 341 340 342 345 349 349
326 330 339 346 349 350 351 353 353 352 348 350 358 9 12 17 9 7 353 350 350 351 352 355 356 358 360 2 3 4 3 358 352 346 343 343 342 341 339 339 343 350 354 354 350 347 346 346 346 345 342 338 341 351 359 359 354 350 344 341 341 345 349 350 349 344 337 330 326 329 338 345 343 342 344 346 350 354 357 359 2 5 8 11 12 8 360 352 348 347 347 345 345 348 352 354
323 327 338 346 349 350 352 355 356 354 350 350 356 1 8 12 13 359 358 348 348 348 349 351 352 354 356 359 2 4 4 1 355 349 344 342 342 342 341 340 341 346 352 355 355 354 352 350 348 345 342 339 340 349 357 357 353 349 345 342 342 344 346 348 349 346 340 330 322 321 330 338 337 336 339 342 344 346 349 353 357 4 11 15 14 6 355 350 350 351 352 352 353 354 357 358
323 327 338 346 348 349 351 355 356 353 352 353 358 7 5 20 9 0 356 352 349 348 347 347 348 350 352 355 358 2 3 1 356 349 344 342 342 343 343 343 343 345 349 354 358 358 357 355 354 350 346 343 342 348 355 354 350 348 346 346 346 346 343 341 340 339 336 331 323 317 321 328 329 329 334 339 341 340 341 347 353 360 8 13 10 2 354 351 352 354 356 357 360 2 3 3
327 331 340 347 349 350 352 354 354 352 352 355 2 10 9 4 2 1 0 357 352 348 347 347 346 347 348 351 354 358 360 358 353 348 344 342 342 343 344 346 348 347 349 353 358 360 359 357 356 355 353 350 348 350 354 353 349 348 349 351 352 352 348 341 337 336 335 333 328 322 318 319 320 322 328 335 338 335 336 343 351 356 1 5 4 360 356 354 354 356 358 1 4 8 9 8
332 335 343 348 350 351 352 353 352 352 353 358 6 10 7 3 2 1 1 358 353 349 348 348 348 348 348 349 351 353 354 352 349 347 345 343 341 340 343 348 352 352 351 353 357 359 358 355 355 356 357 357 355 354 354 353 350 350 353 355 357 358 353 347 343 341 339 335 332 329 324 318 312 310 315 324 329 327 329 339 350 353 353 354 356 357 357 357 356 358 1 4 7 11 14 13
334 337 343 348 350 351 352 352 351 352 355 2 9 21 5 2 1 360 358 355 351 349 349 349 349 349 350 349 349 349 348 346 345 345 347 347 344 341 341 347 353 356 355 355 357 358 357 354 352 352 355 358 359 357 354 352 352 353 355 357 359 359 355 351 348 347 343 339 337 336 332 322 309 301 300 307 313 315 319 331 344 348 347 348 351 355 357 358 358 359 3 7 11 15 18 16
335 337 343 347 349 351 352 352 353 355 359 6 11 20 4 1 359 358 356 353 349 348 348 349 349 349 349 349 348 346 343 341 341 343 347 349 349 346 344 346 353 359 1 359 357 356 356 354 351 348 348 351 355 354 350 349 351 353 355 357 359 359 357 355 353 349 346 344 344 342 335 326 316 307 303 303 305 306 309 319 332 339 341 343 347 352 357 0 359 359 3 9 15 20 20 17
