project/data/elevation/US_DEM2016/US_DEM2016_point_11-01-2019_0210_30m_vel.asc
ncols	125
nrows	167
xllcorner	-2042055.000000
yllcorner	1465035.000000
cellsize	30.000000
NODATA_value	-9999.000000
[rows 76 to 113 of 167, columns 0 to 83 of 125]
2.19 1.75 0.92 0.52 0.58 0.85 1.20 1.42 1.51 1.59 1.76 1.94 2.14 2.32 2.50 2.68 2.76 2.76 2.70 2.65 2.66 2.75 2.93 3.08 3.06 2.74 2.21 2.04 2.32 2.46 2.23 1.84 1.41 1.09 0.83 0.53 0.42 0.59 0.98 1.36 1.69 2.09 2.87 3.82 4.19 3.70 2.79 2.11 1.76 1.52 1.25 0.96 0.63 0.35 0.38 0.70 1.04 1.24 1.47 1.79 2.02 1.98 1.88 1.93 2.03 2.14 2.40 2.88 3.33 3.38 3.01 2.63 2.56 2.55 2.44 2.37 2.53 2.91 2.98 2.66 2.27 1.93 1.82 1.84
1.95 1.58 0.88 0.51 0.55 0.97 1.35 1.51 1.54 1.53 1.69 1.95 2.22 2.50 2.74 2.89 2.84 2.64 2.46 2.42 2.49 2.61 2.82 3.07 3.20 2.96 2.28 1.85 2.10 2.42 2.30 1.93 1.54 1.22 0.95 0.57 0.34 0.46 0.91 1.36 1.73 2.11 2.79 3.70 4.20 3.87 2.97 2.21 1.78 1.53 1.27 0.98 0.65 0.42 0.46 0.73 1.04 1.25 1.46 1.78 1.94 1.71 1.61 1.87 2.11 2.28 2.44 2.70 3.03 3.19 3.06 2.85 2.76 2.69 2.60 2.55 2.60 2.73 2.67 2.45 2.19 1.97 1.88 1.87
1.65 1.35 0.81 0.53 0.53 1.03 1.40 1.52 1.36 1.58 1.74 2.04 2.39 2.72 2.92 2.96 2.78 2.49 2.26 2.24 2.33 2.44 2.68 3.03 3.29 3.18 2.50 1.83 1.91 2.26 2.24 2.00 1.72 1.40 1.05 0.59 0.24 0.37 0.89 1.40 1.76 2.07 2.63 3.56 4.27 4.09 3.14 2.29 1.86 1.60 1.34 1.06 0.80 0.59 0.53 0.70 1.03 1.22 1.41 1.66 1.73 1.50 1.50 1.87 2.22 2.35 2.45 2.63 2.85 2.99 3.08 3.08 2.91 2.68 2.60 2.57 2.52 2.45 2.38 2.29 2.18 2.07 1.99 1.92
1.32 1.06 0.70 0.52 0.58 1.01 1.36 1.51 1.61 1.72 1.90 2.21 2.62 2.90 2.99 2.90 2.64 2.32 2.10 2.09 2.19 2.30 2.54 2.95 3.36 3.42 2.80 1.94 1.77 2.03 2.03 1.96 1.87 1.59 1.16 0.63 0.31 0.42 0.93 1.41 1.75 2.01 2.45 3.39 4.27 4.25 3.33 2.41 1.94 1.67 1.40 1.19 1.02 0.74 0.55 0.60 0.93 1.15 1.31 1.47 1.51 1.43 1.52 1.91 2.26 2.40 2.50 2.64 2.74 2.90 3.20 3.31 3.01 2.60 2.52 2.55 2.45 2.31 2.20 2.11 2.10 2.16 2.16 2.05
0.97 0.79 0.60 0.55 0.71 1.05 1.34 1.53 1.70 1.89 2.12 2.46 2.83 2.97 2.90 2.74 2.48 2.16 1.94 1.94 2.06 2.20 2.44 2.83 3.37 3.63 3.16 2.15 1.68 1.81 1.80 1.76 1.83 1.71 1.27 0.64 0.41 0.53 1.01 1.41 1.75 2.00 2.38 3.21 4.06 4.19 3.54 2.67 2.08 1.76 1.49 1.25 1.07 0.75 0.46 0.47 0.76 1.05 1.25 1.35 1.39 1.44 1.63 2.01 2.35 2.54 2.60 2.59 2.63 2.91 3.40 3.57 3.09 2.46 2.32 2.47 2.47 2.32 2.17 1.93 1.82 2.06 2.28 2.26
0.66 0.59 0.53 0.61 0.84 1.13 1.38 1.59 1.81 2.06 2.36 2.71 2.95 2.92 2.73 2.58 2.38 2.01 1.75 1.77 1.93 2.10 2.33 2.71 3.31 3.77 3.52 2.43 1.69 1.68 1.72 1.64 1.64 1.64 1.29 0.64 0.39 0.65 1.08 1.44 1.79 2.03 2.33 2.99 3.75 4.02 3.67 2.96 2.30 1.85 1.53 1.27 1.05 0.68 0.41 0.38 0.32 1.02 1.26 1.32 1.39 1.55 1.82 2.21 2.54 2.68 2.52 2.32 2.48 2.98 3.60 3.75 3.19 2.36 2.12 2.34 2.47 2.38 2.22 1.90 1.63 1.73 2.18 2.38
0.64 0.54 0.43 0.58 0.92 1.23 1.46 1.68 1.95 2.25 2.58 2.84 2.91 2.74 2.50 2.42 2.31 1.95 1.59 1.62 1.87 2.00 2.14 2.58 3.22 3.80 3.78 2.92 1.86 1.67 1.75 1.70 1.55 1.40 1.12 0.66 0.45 0.74 1.13 1.49 1.82 2.02 2.24 2.76 3.49 3.93 3.82 3.23 2.50 1.90 1.54 1.31 1.10 0.75 0.44 0.35 0.30 0.90 1.24 1.35 1.48 1.72 2.06 2.44 2.73 2.65 2.19 2.05 2.43 3.07 3.73 3.87 3.25 2.34 1.95 2.17 2.42 2.40 2.26 2.01 1.64 1.51 1.84 2.32
0.81 0.58 0.33 0.52 0.95 1.31 1.55 1.81 2.11 2.43 2.71 2.83 2.77 2.55 2.33 2.28 2.22 1.95 1.54 1.53 1.82 1.90 2.01 2.48 3.12 3.69 3.87 3.31 2.27 1.81 1.85 1.80 1.53 1.21 0.92 0.58 0.47 0.79 1.19 1.52 1.77 1.92 2.13 2.57 3.29 3.91 3.99 3.47 2.66 1.99 1.61 1.37 1.12 0.77 0.45 0.38 0.40 0.70 1.18 1.38 1.59 1.88 2.26 2.65 2.83 2.45 1.86 1.94 2.46 3.11 3.79 3.96 3.36 2.38 1.83 1.97 2.30 2.35 2.26 2.12 1.81 1.47 1.51 2.08
0.94 0.62 0.29 0.51 1.01 1.40 1.66 1.95 2.26 2.55 2.74 2.74 2.61 2.40 2.21 2.14 2.11 1.91 1.57 1.55 1.77 1.85 1.99 2.42 3.00 3.49 3.76 3.45 2.65 2.13 2.02 1.88 1.55 1.16 0.72 0.38 0.45 0.86 1.26 1.48 1.63 1.78 2.03 2.46 3.14 3.86 4.08 3.64 2.83 2.13 1.71 1.42 1.11 0.74 0.43 0.42 0.44 0.79 1.11 1.39 1.66 1.98 2.37 2.79 2.88 2.27 1.68 1.91 2.42 3.03 3.75 4.06 3.57 2.50 1.81 1.85 2.14 2.24 2.19 2.14 1.98 1.60 1.36 1.74
0.98 0.63 0.33 0.59 1.12 1.51 1.76 2.04 2.36 2.61 2.69 2.61 2.46 2.26 2.08 2.01 1.97 1.84 1.65 1.62 1.76 1.86 2.06 2.46 2.93 3.31 3.59 3.43 2.80 2.31 2.16 1.99 1.65 1.22 0.74 0.42 0.44 0.91 1.24 1.33 1.47 1.70 1.98 2.40 3.05 3.79 4.10 3.71 2.91 2.23 1.79 1.44 1.12 0.77 0.42 0.43 0.45 0.75 1.04 1.36 1.66 1.99 2.43 2.91 2.96 2.25 1.60 1.80 2.25 2.82 3.61 4.09 3.82 2.78 1.92 1.86 2.06 2.14 2.10 2.07 2.05 1.83 1.43 1.56
1.01 0.66 0.39 0.68 1.20 1.59 1.82 2.09 2.41 2.62 2.61 2.48 2.33 2.13 1.93 1.86 1.84 1.81 1.72 1.75 1.79 1.92 2.16 2.52 2.91 3.24 3.51 3.40 2.85 2.36 2.18 2.09 1.83 1.42 0.84 0.40 0.38 0.77 1.10 1.20 1.42 1.70 1.95 2.32 3.00 3.84 4.18 3.75 2.90 2.25 1.85 1.46 1.13 0.80 0.42 0.42 0.79 0.64 0.81 1.29 1.61 1.95 2.47 2.99 3.07 2.37 1.56 1.57 2.04 2.59 3.37 4.00 3.92 3.13 2.19 1.92 2.03 2.11 2.07 2.21 1.98 1.86 1.63 1.60
1.03 0.70 0.47 0.74 1.22 1.60 1.87 2.16 2.46 2.61 2.50 2.34 2.21 1.99 1.74 1.67 1.76 1.86 1.92 1.89 1.90 2.01 2.24 2.59 2.94 3.23 3.45 3.36 2.90 2.37 2.10 2.06 1.97 1.66 1.05 0.38 0.66 0.47 0.90 1.18 1.47 1.72 1.92 2.26 3.04 4.02 4.35 3.79 2.82 2.21 1.85 1.49 1.17 0.87 0.44 0.36 0.39 0.53 0.87 1.22 1.56 1.96 2.50 3.01 3.16 2.55 1.59 1.36 1.82 2.45 3.17 3.84 3.87 3.28 2.54 2.13 2.07 2.08 2.07 1.99 1.88 1.81 1.77 1.74
1.00 0.72 0.55 0.79 1.18 1.59 1.96 2.31 2.52 2.51 2.32 2.16 2.06 1.82 1.54 1.22 1.77 2.01 2.07 2.04 2.06 2.14 2.34 2.65 2.94 3.19 3.38 3.34 2.99 2.46 2.06 1.90 1.92 1.81 1.28 0.48 0.16 0.28 0.73 1.20 1.52 1.74 1.93 2.31 3.19 4.21 4.49 3.78 2.71 2.11 1.83 1.51 1.24 0.99 0.58 0.29 0.33 0.49 0.87 1.21 1.55 1.97 2.49 3.00 3.22 2.73 1.67 1.21 1.64 2.38 3.12 3.74 3.80 3.26 2.66 2.35 2.25 2.18 2.11 2.00 1.83 1.75 1.81 1.79
0.94 0.73 0.63 0.84 1.19 1.66 2.11 2.42 2.49 2.35 2.10 1.91 1.85 1.67 1.48 1.56 1.84 2.06 2.14 2.16 2.23 2.33 2.47 2.65 2.87 3.10 3.30 3.33 3.06 2.60 2.12 1.78 1.73 1.80 1.43 0.66 0.13 0.20 0.64 1.19 1.56 1.77 1.96 2.40 3.32 4.29 4.52 3.73 2.63 2.09 1.82 1.51 1.29 1.10 0.75 0.40 0.37 0.50 0.87 1.20 1.54 1.92 2.43 3.00 3.30 2.88 1.74 1.13 1.51 2.34 3.12 3.75 3.74 3.11 2.51 2.33 2.37 2.34 2.22 2.09 1.93 1.83 1.84 1.76
0.90 0.78 0.73 0.90 1.27 1.79 2.23 2.43 2.36 2.13 1.88 1.66 1.59 1.57 1.10 1.67 1.85 2.00 2.14 2.24 2.37 2.51 2.55 2.58 2.77 3.06 3.30 3.36 3.11 2.65 2.20 1.77 1.56 1.64 1.45 0.81 0.18 0.18 0.63 1.20 1.60 1.80 1.97 2.46 3.35 4.21 4.38 3.70 2.74 2.15 1.82 1.53 1.35 1.20 0.90 0.52 0.44 0.51 0.84 1.17 1.47 1.79 2.34 3.04 3.42 3.02 1.83 1.13 1.41 2.21 3.09 3.82 3.76 2.94 2.22 2.10 2.35 2.40 2.25 2.15 2.11 2.02 1.90 1.76
0.91 0.84 0.82 0.99 1.39 1.92 2.26 2.32 2.16 1.91 1.68 1.49 1.47 1.56 1.67 1.78 1.86 1.94 2.08 2.24 2.42 2.57 2.56 2.53 2.74 3.10 3.39 3.42 3.13 2.66 2.25 1.83 1.51 1.42 1.32 0.84 0.26 0.24 0.67 1.25 1.62 1.79 1.98 2.50 3.31 4.03 4.16 3.64 2.88 2.32 1.92 1.62 1.38 1.18 0.87 0.46 0.38 0.45 0.76 1.06 1.34 1.65 2.26 3.09 3.53 3.14 1.96 1.20 1.30 1.96 3.00 3.88 3.84 2.90 2.00 1.85 2.24 2.37 2.15 2.06 2.21 2.23 1.98 1.73
0.98 0.92 0.92 1.11 1.51 1.94 2.15 2.13 1.95 1.73 1.55 1.44 1.49 1.67 1.84 1.93 1.95 1.97 2.08 2.24 2.42 2.52 2.49 2.52 2.76 3.15 3.46 3.45 3.12 2.68 2.27 1.89 1.56 1.29 1.03 0.65 0.30 0.33 0.77 1.32 1.64 1.80 2.03 2.54 3.23 3.85 4.01 3.63 2.98 2.45 2.08 1.76 1.42 1.12 0.78 0.40 0.29 0.35 0.64 0.96 1.22 1.55 2.20 3.13 3.64 3.27 2.15 1.27 1.16 1.71 2.83 3.87 3.95 3.03 1.94 1.67 2.10 2.30 2.02 1.88 2.15 2.32 2.03 1.63
1.08 1.01 1.01 1.23 1.54 1.80 1.94 1.93 1.78 1.61 1.52 1.49 1.59 1.80 1.98 2.12 2.13 2.09 2.15 2.29 2.41 2.42 2.40 2.49 2.74 3.15 3.49 3.43 3.09 2.67 2.24 1.88 1.56 1.20 0.74 0.35 0.28 0.44 0.91 1.39 1.66 1.84 2.12 2.57 3.14 3.70 3.95 3.69 3.10 2.56 2.19 1.86 1.48 1.12 0.80 0.45 0.26 0.28 0.53 0.88 1.17 1.50 2.17 3.15 3.69 3.36 2.32 1.32 1.03 1.49 2.64 3.79 4.00 3.19 2.03 1.60 1.90 2.17 1.96 1.80 2.05 2.31 2.04 1.56
1.18 1.08 1.07 1.25 1.45 1.59 1.69 1.75 1.68 1.54 1.52 1.57 1.69 1.87 2.07 2.26 2.30 2.24 2.25 2.32 2.35 2.29 2.28 2.41 2.72 3.22 3.55 3.39 3.03 2.64 2.24 1.89 1.53 1.08 0.49 0.12 0.25 0.59 1.06 1.46 1.70 1.90 2.18 2.56 3.03 3.57 3.92 3.78 3.23 2.64 2.21 1.86 1.51 1.17 0.84 0.46 0.22 0.21 0.46 0.85 1.20 1.56 2.24 3.16 3.68 3.41 2.41 1.37 0.95 1.35 2.47 3.63 3.96 3.30 2.22 1.68 1.82 2.03 1.98 1.86 1.97 2.19 2.02 1.57
1.29 1.15 1.07 1.19 1.32 1.42 1.49 1.59 1.61 1.53 1.51 1.59 1.75 1.95 2.14 2.34 2.39 2.35 2.32 2.29 2.23 2.12 2.12 2.33 2.77 3.41 3.67 3.35 2.90 2.61 2.32 1.99 1.60 1.04 0.37 0.06 0.27 0.72 1.17 1.51 1.73 1.93 2.16 2.49 2.96 3.51 3.93 3.87 3.32 2.68 2.19 1.83 1.51 1.22 0.89 0.42 0.10 0.13 0.41 0.85 1.24 1.68 2.36 3.15 3.66 3.43 2.44 1.40 0.98 1.32 2.32 3.36 3.82 3.45 2.52 1.96 1.86 1.93 2.01 1.98 1.94 2.00 1.94 1.66
1.41 1.20 1.02 1.09 1.22 1.35 1.39 1.49 1.62 1.61 1.53 1.59 1.81 2.06 2.26 2.41 2.46 2.41 2.29 2.16 2.05 1.94 2.03 2.33 2.88 3.59 3.76 3.23 2.73 2.56 2.39 2.09 1.68 1.05 0.36 0.17 0.31 0.79 1.22 1.51 1.71 1.88 2.10 2.43 2.91 3.51 4.01 3.99 3.39 2.62 2.12 1.82 1.54 1.24 0.90 0.48 0.14 0.12 0.41 0.85 1.28 1.79 2.48 3.15 3.57 3.41 2.59 1.59 1.08 1.29 2.06 2.92 3.59 3.62 3.00 2.42 2.03 1.86 2.03 2.09 1.91 1.82 1.82 1.77
1.48 1.21 0.94 0.99 1.18 1.34 1.40 1.49 1.67 1.71 1.61 1.64 1.90 2.19 2.38 2.46 2.46 2.36 2.14 1.95 1.87 1.88 2.08 2.42 2.95 3.68 3.75 3.13 2.63 2.47 2.35 2.10 1.70 1.06 0.43 0.27 0.34 0.82 1.22 1.46 1.62 1.78 2.05 2.45 2.91 3.54 4.12 4.10 3.39 2.53 2.07 1.84 1.55 1.21 0.88 0.51 0.24 0.22 0.46 0.87 1.33 1.91 2.59 3.14 3.48 3.40 2.77 1.83 1.18 1.21 1.71 2.34 3.14 3.57 3.37 2.85 2.28 1.94 2.14 2.20 1.90 1.71 1.77 1.91
1.50 1.19 0.88 0.90 1.15 1.34 1.46 1.55 1.72 1.80 1.75 1.78 2.03 2.31 2.42 2.41 2.35 2.19 1.95 1.79 1.83 1.99 2.26 2.56 3.08 3.74 3.68 3.07 2.58 2.40 2.28 2.10 1.71 1.10 0.47 0.29 0.35 0.79 1.16 1.35 1.49 1.71 2.07 2.49 2.93 3.58 4.15 4.08 3.29 2.46 2.11 1.90 1.51 1.15 0.84 0.47 0.25 0.31 0.53 0.91 1.42 2.03 2.65 3.11 3.40 3.41 2.93 2.06 1.31 1.15 1.32 1.75 2.56 3.27 3.43 3.16 2.61 2.22 2.35 2.29 1.92 1.72 1.83 1.97
1.49 1.20 0.88 0.91 1.09 1.33 1.51 1.62 1.74 1.84 1.90 1.98 2.15 2.32 2.34 2.27 2.16 2.00 1.81 1.72 1.88 2.21 2.49 2.74 3.30 3.80 3.61 2.95 2.51 2.34 2.23 2.11 1.82 1.24 0.54 0.25 0.31 0.68 1.03 1.20 1.40 1.75 2.14 2.51 2.97 3.64 4.10 3.93 3.19 2.51 2.19 1.93 1.48 1.14 0.82 0.42 0.22 0.34 0.61 1.00 1.48 2.09 2.66 3.04 3.30 3.38 3.02 2.25 1.53 1.16 1.07 1.39 2.11 2.84 3.25 3.24 2.93 2.62 2.52 2.32 1.97 1.81 1.90 1.92
1.52 1.26 0.92 0.88 1.03 1.30 1.52 1.63 1.72 1.83 2.01 2.15 2.22 2.23 2.16 2.04 1.93 1.85 1.77 1.76 2.00 2.41 2.68 2.95 3.51 3.82 3.46 2.80 2.38 2.23 2.17 2.11 1.91 1.41 0.67 0.22 0.25 0.55 0.90 1.12 1.42 1.84 2.18 2.52 3.02 3.69 4.05 3.77 3.05 2.54 2.28 1.99 1.58 1.20 0.80 0.34 0.18 0.36 0.68 1.07 1.53 2.13 2.64 2.97 3.20 3.30 3.06 2.44 1.80 1.24 0.95 1.18 1.83 2.46 2.98 3.21 3.11 2.89 2.67 2.36 2.05 1.93 1.96 1.86
1.57 1.34 0.98 0.90 1.03 1.26 1.47 1.59 1.67 1.82 2.07 2.26 2.24 2.12 1.97 1.82 1.76 1.79 1.84 1.93 2.16 2.52 2.81 3.13 3.68 3.83 3.32 2.68 2.27 2.11 2.10 2.09 1.93 1.50 0.82 0.25 0.22 0.49 0.86 1.17 1.52 1.87 2.16 2.52 3.07 3.73 4.02 3.63 2.94 2.53 2.31 2.08 1.78 1.39 0.79 0.26 0.19 0.41 0.71 1.09 1.57 2.15 2.60 2.90 3.11 3.22 3.09 2.63 1.99 1.28 0.90 1.06 1.62 2.17 2.73 3.15 3.24 3.04 2.73 2.47 2.20 2.07 2.04 1.87
1.63 1.43 1.07 0.95 0.91 1.19 1.38 1.52 1.64 1.85 2.11 2.27 2.20 2.00 1.77 1.63 1.70 1.86 2.01 2.15 2.31 2.58 2.86 3.21 3.74 3.82 3.21 2.59 2.22 2.09 2.08 2.04 1.88 1.52 0.95 0.36 0.25 0.50 0.89 1.21 1.51 1.81 2.12 2.52 3.11 3.75 3.99 3.57 2.88 2.47 2.29 2.13 1.97 1.64 0.89 0.27 0.24 0.47 0.73 1.09 1.61 2.16 2.55 2.81 3.02 3.17 3.16 2.80 2.12 1.34 0.91 0.97 1.42 1.95 2.54 3.14 3.38 3.10 2.69 2.49 2.33 2.17 2.07 1.91
1.70 1.51 1.18 1.00 1.01 1.00 1.25 1.47 1.65 1.89 2.09 2.16 2.08 1.89 1.67 1.55 1.70 1.98 2.17 2.28 2.42 2.62 2.88 3.21 3.65 3.71 3.18 2.56 2.24 2.15 2.10 1.99 1.84 1.53 1.02 0.51 0.37 0.52 0.86 1.15 1.41 1.74 2.10 2.52 3.12 3.74 3.96 3.56 2.86 2.46 2.28 2.11 1.99 1.77 1.13 0.41 0.33 0.55 0.77 1.09 1.61 2.13 2.47 2.70 2.95 3.16 3.22 2.95 2.27 1.49 0.99 0.93 1.26 1.75 2.30 3.10 3.45 3.15 2.65 2.40 2.30 2.20 2.09 1.97
1.77 1.56 1.22 1.04 0.99 1.07 1.26 1.47 1.68 1.85 1.92 1.96 1.95 1.84 1.73 1.65 1.75 2.02 2.20 2.34 2.48 2.63 2.88 3.21 3.51 3.52 3.18 2.70 2.37 2.25 2.14 1.97 1.80 1.53 1.12 0.68 0.48 0.48 0.74 1.05 1.33 1.70 2.13 2.56 3.10 3.67 3.90 3.55 2.93 2.53 2.32 2.07 1.93 1.80 1.32 0.67 0.49 0.65 0.83 1.10 1.58 2.03 2.35 2.59 2.86 3.12 3.24 3.07 2.49 1.72 1.11 0.95 1.15 1.52 2.09 2.95 3.43 3.27 2.76 2.35 2.18 2.13 2.10 2.03
1.79 1.56 1.22 1.08 1.00 1.07 1.27 1.47 1.63 1.72 1.71 1.77 1.86 1.86 1.92 1.96 1.91 1.97 2.12 2.33 2.46 2.58 2.90 3.27 3.38 3.25 3.10 2.86 2.56 2.35 2.18 1.98 1.77 1.51 1.19 0.77 0.46 0.39 0.60 0.95 1.29 1.71 2.19 2.61 3.04 3.53 3.76 3.51 3.05 2.67 2.38 2.11 1.96 1.86 1.51 0.96 0.71 0.74 0.88 1.13 1.49 1.85 2.20 2.51 2.80 3.05 3.18 3.14 2.73 1.96 1.28 1.01 1.09 1.35 1.86 2.66 3.33 3.41 2.99 2.45 2.11 2.07 2.13 2.05
1.74 1.51 1.22 1.11 1.04 1.11 1.23 1.44 1.53 1.59 1.62 1.70 1.81 1.94 2.18 2.27 2.09 1.96 2.04 2.26 2.42 2.54 2.95 3.34 3.24 2.98 2.99 2.93 2.69 2.45 2.26 2.04 1.78 1.52 1.24 0.81 0.39 0.34 0.49 0.86 1.28 1.79 2.27 2.63 2.96 3.37 3.57 3.41 3.14 2.82 2.49 2.26 2.17 2.05 1.72 1.21 0.84 0.78 0.89 1.12 1.34 1.63 2.06 2.47 2.76 2.94 3.05 3.13 2.93 2.29 1.54 1.08 1.03 1.19 1.55 2.29 3.15 3.46 3.19 2.63 2.14 2.09 2.19 2.05
1.67 1.46 1.18 1.10 1.07 1.16 1.33 1.43 1.45 1.50 1.62 1.75 1.88 2.11 2.36 2.38 2.16 1.95 2.00 2.24 2.42 2.60 3.03 3.30 3.04 2.79 2.95 2.97 2.71 2.50 2.35 2.12 1.86 1.60 1.32 0.89 0.39 0.31 0.42 0.79 1.32 1.88 2.31 2.58 2.88 3.23 3.36 3.24 3.13 2.93 2.63 2.50 2.50 2.32 1.87 1.31 0.89 0.81 0.88 1.03 1.20 1.46 1.96 2.43 2.73 2.85 2.90 3.05 3.04 2.61 1.87 1.19 0.95 1.03 1.33 1.99 2.92 3.42 3.31 2.83 2.30 2.17 2.23 2.03
1.69 1.44 1.12 1.06 1.11 1.21 1.36 1.45 1.47 1.54 1.70 1.87 2.06 2.29 2.45 2.33 2.05 1.94 2.06 2.27 2.48 2.69 3.01 3.13 2.82 2.67 2.96 3.01 2.70 2.48 2.36 2.18 1.94 1.71 1.41 0.98 0.47 0.22 0.34 0.78 1.37 1.89 2.23 2.52 2.88 3.18 3.15 2.98 2.95 2.89 2.75 2.75 2.77 2.51 1.93 1.37 1.00 0.86 0.85 0.93 1.12 1.40 1.84 2.35 2.70 2.76 2.76 2.97 3.07 2.81 2.18 1.38 0.92 0.92 1.22 1.82 2.71 3.27 3.33 3.00 2.52 2.29 2.25 2.05
1.76 1.45 1.07 1.02 1.11 1.24 1.37 1.48 1.57 1.69 1.86 2.03 2.20 2.35 2.43 2.18 1.86 1.92 2.15 2.35 2.57 2.75 2.92 2.93 2.63 2.60 2.97 3.05 2.72 2.44 2.30 2.16 1.99 1.80 1.48 1.04 0.53 0.18 0.31 0.81 1.35 1.79 2.11 2.47 2.95 3.18 2.96 2.66 2.64 2.74 2.82 2.95 2.96 2.65 2.04 1.53 1.20 0.93 0.84 0.87 1.05 1.32 1.68 2.22 2.63 2.68 2.70 2.91 3.03 2.86 2.36 1.57 0.99 0.88 1.17 1.74 2.49 3.06 3.33 3.18 2.74 2.40 2.26 2.07
1.79 1.49 1.06 0.99 1.10 1.24 1.40 1.56 1.72 1.88 2.00 2.10 2.20 2.29 2.31 2.04 1.76 1.89 2.15 2.42 2.68 2.81 2.88 2.77 2.50 2.61 3.01 3.03 2.70 2.44 2.29 2.15 2.00 1.83 1.52 1.05 0.51 0.19 0.37 0.83 1.30 1.71 2.08 2.52 3.04 3.20 2.83 2.35 2.32 2.56 2.82 3.05 3.09 2.76 2.22 1.73 1.38 0.98 0.78 0.79 0.94 1.21 1.57 2.09 2.50 2.61 2.72 2.93 2.99 2.84 2.40 1.69 1.10 0.89 1.15 1.70 2.28 2.84 3.29 3.35 2.95 2.52 2.24 2.03
1.78 1.51 1.10 1.01 1.11 1.25 1.47 1.70 1.86 1.97 2.01 2.04 2.09 2.16 2.18 1.97 1.76 1.89 2.12 2.43 2.77 2.88 2.82 2.61 2.41 2.68 3.09 2.99 2.65 2.48 2.37 2.19 2.02 1.83 1.53 1.05 0.45 0.18 0.42 0.86 1.32 1.74 2.15 2.65 3.10 3.18 2.71 2.09 2.04 2.41 2.78 3.10 3.17 2.85 2.38 1.94 1.52 1.04 0.71 0.69 0.82 1.10 1.50 1.94 2.30 2.54 2.80 2.98 2.99 2.78 2.32 1.72 1.20 0.93 1.17 1.64 2.09 2.63 3.22 3.49 3.17 2.61 2.20 1.95
1.74 1.51 1.17 1.07 1.12 1.30 1.60 1.84 1.91 1.90 1.90 1.92 1.97 2.05 2.07 1.94 1.84 1.94 2.14 2.45 2.85 2.99 2.75 2.34 2.28 2.76 3.13 2.96 2.60 2.49 2.45 2.27 2.04 1.84 1.56 1.09 0.45 0.17 0.43 0.92 1.38 1.80 2.27 2.81 3.14 3.10 2.59 1.88 1.81 2.30 2.77 3.14 3.23 2.93 2.49 2.10 1.67 1.14 0.73 0.62 0.73 1.00 1.39 1.79 2.13 2.50 2.88 3.05 2.99 2.69 2.18 1.72 1.25 0.98 1.19 1.60 1.96 2.42 3.12 3.61 3.40 2.70 2.16 1.90
1.74 1.53 1.25 1.13 1.15 1.36 1.72 1.90 1.84 1.77 1.79 1.80 1.84 1.94 1.99 1.96 1.97 2.08 2.21 2.47 2.93 3.12 2.63 1.97 2.15 2.76 3.07 2.96 2.65 2.51 2.50 2.35 2.08 1.83 1.57 1.12 0.49 0.21 0.47 0.99 1.45 1.85 2.40 2.97 3.16 2.97 2.45 1.75 1.64 2.21 2.80 3.20 3.29 2.99 2.53 2.16 1.76 1.28 0.86 0.65 0.68 0.92 1.26 1.67 2.05 2.49 2.94 3.11 2.96 2.57 2.10 1.69 1.24 1.01 1.21 1.58 1.88 2.27 3.00 3.71 3.58 2.76 2.15 1.90
