project/data/elevation/US_DEM2016/US_DEM2016_point_10-31-2019_1500_30m_vel.asc
ncols	125
nrows	167
xllcorner	-2042055.000000
yllcorner	1465035.000000
cellsize	30.000000
NODATA_value	-9999.000000
[rows 76 to 113 of 167, columns 0 to 83 of 125]
6.85 6.60 6.33 6.32 6.46 6.74 7.29 7.99 8.37 8.29 7.97 7.77 7.98 8.59 9.20 9.79 10.31 10.25 9.83 9.26 8.81 8.40 8.03 7.68 7.40 7.25 7.08 7.08 7.21 7.28 7.19 6.95 6.46 6.08 6.06 6.21 6.28 6.14 5.88 5.64 5.56 5.80 6.24 6.44 6.43 6.21 6.03 5.81 5.64 5.61 5.61 5.58 5.52 5.59 5.85 6.13 6.35 6.37 6.43 6.60 6.76 6.51 5.61 4.60 4.03 3.96 4.28 4.60 4.94 5.33 5.71 6.16 6.98 7.97 8.91 9.86 10.80 11.40 11.22 10.26 8.66 6.70 5.76 5.52
6.89 6.62 6.39 6.44 6.70 7.26 7.75 7.88 7.50 6.81 6.36 6.52 7.20 8.19 9.07 9.72 9.70 9.80 9.15 8.47 7.99 7.68 7.47 7.34 7.24 7.15 6.96 6.91 7.02 7.20 7.33 7.31 7.08 6.97 6.93 6.82 6.53 6.08 5.72 5.62 5.82 6.11 6.28 6.19 6.08 5.96 5.84 5.69 5.53 5.43 5.36 5.29 5.24 5.44 5.82 6.18 6.45 6.57 6.67 6.72 6.47 5.69 4.82 4.51 4.70 5.10 5.41 5.71 6.25 7.09 7.74 8.54 9.64 10.61 11.30 11.85 12.10 11.73 10.78 9.56 8.35 6.89 5.90 5.42
6.84 6.40 6.07 6.20 6.46 6.86 6.96 6.64 6.18 5.97 6.12 6.66 7.54 8.54 9.29 9.73 9.69 9.19 8.51 7.93 7.50 7.19 7.00 6.92 6.88 6.80 6.66 6.70 6.81 6.99 7.25 7.48 7.55 7.50 7.36 7.07 6.60 6.09 5.87 5.87 5.92 5.84 5.68 5.52 5.42 5.25 4.89 4.57 4.47 4.46 4.50 4.68 5.09 5.61 6.05 6.39 6.71 6.85 6.81 6.53 5.93 5.17 4.88 5.23 5.92 6.42 6.87 7.57 8.52 9.09 9.59 10.37 11.41 11.55 11.35 11.82 11.30 10.46 9.57 9.06 8.69 8.05 7.27 6.61
6.67 6.09 5.66 5.82 5.97 6.13 6.18 6.16 6.32 6.69 7.16 7.79 8.64 9.41 9.84 9.81 9.37 8.69 8.05 7.54 7.11 6.77 6.55 6.46 6.38 6.27 6.16 6.20 6.19 6.30 6.46 6.87 7.16 7.20 7.06 6.77 6.37 5.96 5.71 5.48 5.22 4.95 4.80 4.86 4.87 4.72 4.39 4.19 4.33 4.62 5.00 5.49 6.08 6.46 6.58 6.59 6.55 6.33 5.89 5.32 4.83 4.72 5.11 5.94 6.86 7.70 8.66 9.54 9.90 10.05 10.22 10.60 10.57 11.02 10.62 10.09 9.05 8.61 8.22 8.27 8.48 8.51 8.21 7.73
6.43 5.95 5.67 5.91 6.07 6.20 6.39 6.70 7.20 7.67 8.22 8.94 9.72 10.06 9.97 9.43 8.68 7.96 7.38 6.95 6.59 6.33 6.14 5.98 5.86 5.77 5.62 5.39 5.09 5.10 5.18 5.54 6.05 6.41 6.48 6.35 6.11 5.93 5.70 5.41 5.18 5.09 5.13 5.25 5.22 5.15 5.10 5.19 5.47 5.93 6.42 6.81 7.03 7.03 6.75 6.49 6.11 5.61 5.12 4.76 4.67 5.00 5.72 6.77 7.84 8.97 9.84 10.02 9.73 9.48 9.51 9.63 9.52 8.96 8.52 8.25 7.96 7.65 7.39 7.27 7.52 8.01 8.21 8.06
6.25 6.04 6.03 6.38 6.62 6.78 6.98 7.33 7.83 8.37 9.00 9.63 10.03 9.93 9.33 8.49 7.72 6.98 6.44 6.06 5.83 5.78 5.76 5.62 5.52 5.41 5.13 4.56 4.11 3.98 3.95 4.16 4.70 5.37 5.78 6.04 6.12 6.28 6.29 6.28 6.33 6.45 6.57 6.51 6.34 6.27 6.34 6.59 6.89 7.01 7.01 6.94 6.86 6.69 6.56 6.46 6.33 6.32 6.26 6.17 6.19 6.46 7.03 7.93 8.86 9.60 9.61 8.86 8.32 8.35 8.60 8.65 8.38 7.79 7.53 7.45 7.44 7.42 7.20 6.87 6.80 7.07 7.54 7.74
6.39 6.36 6.38 6.50 6.70 6.98 7.31 7.74 8.28 8.85 9.39 9.71 9.62 9.05 8.22 7.52 6.91 6.29 5.74 5.39 5.29 5.25 5.14 5.18 5.25 5.17 4.91 4.41 3.74 3.50 3.51 3.82 4.22 4.61 5.16 5.75 6.12 6.47 6.71 7.01 7.32 7.53 7.57 7.36 7.12 7.06 7.15 7.31 7.37 7.11 6.78 6.69 6.79 6.83 6.72 6.69 6.80 7.08 7.24 7.34 7.48 7.74 8.20 8.78 9.37 9.37 8.57 7.74 7.57 7.89 8.19 8.15 7.71 7.33 7.18 7.15 7.20 7.29 7.09 6.91 6.65 6.56 6.69 7.07
6.67 6.70 6.58 6.42 6.56 6.98 7.47 8.02 8.59 9.06 9.33 9.30 8.86 8.13 7.41 6.87 6.38 5.89 5.41 5.09 4.91 4.71 4.51 4.60 4.88 5.04 5.05 4.95 4.56 4.34 4.48 4.78 4.84 4.87 5.09 5.52 5.89 6.25 6.69 7.20 7.54 7.58 7.44 7.21 7.08 7.14 7.29 7.34 7.29 7.15 7.17 7.32 7.38 7.25 6.93 6.84 6.88 7.02 7.26 7.56 7.90 8.23 8.61 8.94 9.09 8.67 7.88 7.65 7.80 7.94 7.95 7.68 7.13 6.58 6.31 6.40 6.57 6.68 6.70 6.65 6.49 6.24 6.01 6.32
6.73 6.74 6.67 6.60 6.79 7.20 7.71 8.26 8.71 8.95 8.94 8.66 8.10 7.43 6.85 6.36 5.90 5.46 5.05 4.75 4.46 4.17 4.07 4.30 4.79 5.25 5.62 6.02 6.35 6.49 6.50 6.33 6.05 5.81 5.66 5.68 5.98 6.50 7.05 7.36 7.24 6.92 6.76 6.83 6.92 7.11 7.35 7.57 7.79 8.00 7.99 7.85 7.57 7.27 6.98 6.91 6.95 7.13 7.49 7.80 8.11 8.34 8.50 8.58 8.46 8.04 7.66 7.79 7.88 7.76 7.50 6.88 6.32 5.55 5.03 5.04 5.31 5.51 5.71 5.90 5.95 5.84 5.56 5.66
6.68 6.67 6.73 6.91 7.23 7.63 8.02 8.35 8.59 8.62 8.44 8.03 7.47 6.89 6.35 5.84 5.32 4.79 4.38 4.16 4.05 4.10 4.38 4.88 5.49 6.00 6.50 7.04 7.56 7.86 7.84 7.48 7.02 6.66 6.44 6.31 6.70 7.30 7.42 7.12 6.61 6.39 6.59 6.89 7.05 7.33 7.83 8.23 8.50 8.63 8.47 8.03 7.61 7.33 7.06 7.01 7.17 7.45 7.70 7.81 7.88 7.91 7.96 8.04 7.93 7.66 7.41 7.46 7.38 7.21 7.01 6.29 6.01 5.28 4.57 4.39 4.35 4.27 4.31 4.56 4.91 5.14 5.16 5.19
6.72 6.74 6.88 7.20 7.60 7.88 7.99 8.07 8.21 8.23 8.02 7.59 7.03 6.45 5.87 5.24 4.56 3.96 3.71 3.80 4.09 4.58 5.18 5.78 6.35 6.82 7.19 7.48 7.72 7.92 7.94 7.82 7.54 7.20 6.98 6.92 7.17 7.32 6.92 6.35 6.09 6.21 6.42 6.61 6.83 7.38 7.98 8.34 8.38 8.42 8.41 8.20 7.93 7.63 7.27 7.14 7.19 7.21 7.19 7.21 7.13 7.11 7.29 7.58 7.63 7.41 7.06 6.88 6.77 6.73 6.68 6.63 6.52 6.22 5.48 4.82 4.34 3.94 3.65 3.64 3.83 4.09 4.26 4.42
6.80 6.84 6.97 7.22 7.43 7.46 7.45 7.59 7.87 8.03 7.79 7.28 6.66 6.00 5.22 4.45 3.92 3.77 4.00 4.32 4.67 5.11 5.65 6.23 6.78 7.18 7.34 7.31 7.21 7.18 7.35 7.59 7.71 7.65 7.50 7.27 6.95 6.49 6.02 5.85 5.84 5.85 5.78 5.86 6.37 7.11 7.64 7.58 7.29 7.27 7.34 7.47 7.56 7.55 7.42 7.23 7.01 6.77 6.67 6.67 6.68 6.85 7.17 7.46 7.53 7.29 6.92 6.66 6.53 6.60 6.77 7.00 7.18 7.26 7.15 6.52 5.81 5.15 4.74 4.42 4.05 3.81 3.82 4.11
6.81 6.81 6.85 6.92 6.89 6.90 7.14 7.64 8.01 8.00 7.55 6.87 6.15 5.35 4.55 4.17 4.30 4.83 5.18 5.35 5.45 5.66 6.05 6.51 6.88 7.05 6.98 6.84 6.79 6.78 6.94 7.23 7.55 7.71 7.71 7.40 6.68 6.02 5.68 5.70 5.64 5.55 5.54 5.76 6.26 6.80 6.97 6.43 5.74 5.43 5.48 5.62 5.91 6.31 6.59 6.76 6.76 6.69 6.70 6.80 6.96 7.16 7.30 7.36 7.37 7.21 6.90 6.69 6.60 6.75 7.08 7.32 7.49 7.69 7.98 8.03 7.77 7.38 6.98 6.46 5.76 5.23 5.26 5.28
6.80 6.77 6.77 6.79 6.82 7.08 7.60 8.06 8.15 7.75 6.97 6.09 5.29 4.54 4.20 4.40 5.01 5.54 5.82 5.98 6.09 6.27 6.53 6.69 6.62 6.43 6.30 6.39 6.66 6.87 6.96 7.01 7.07 7.21 7.33 7.27 6.71 6.17 5.82 5.79 5.80 5.91 6.00 6.11 6.31 6.52 6.42 5.65 4.71 4.37 4.29 4.30 4.52 5.07 5.72 6.27 6.60 6.78 6.94 7.14 7.29 7.23 7.08 7.02 7.11 7.05 6.78 6.65 6.69 6.88 7.13 7.32 7.36 7.40 7.63 8.02 8.27 8.36 8.30 8.06 7.72 7.44 7.23 6.93
6.83 6.80 6.84 6.97 7.21 7.64 8.05 8.14 7.76 6.94 5.92 4.88 4.02 3.58 3.62 4.02 4.47 4.90 5.41 5.86 6.27 6.56 6.64 6.37 5.92 5.65 5.76 6.11 6.37 6.46 6.49 6.45 6.43 6.58 6.86 7.06 6.82 6.45 6.16 6.19 6.29 6.41 6.44 6.49 6.53 6.58 6.45 5.93 5.28 4.91 4.83 5.01 5.49 6.07 6.51 6.70 6.78 6.86 6.98 7.08 7.05 6.81 6.64 6.70 6.89 6.83 6.48 6.41 6.54 6.68 6.81 7.00 6.89 6.53 6.42 6.70 7.21 7.62 7.92 8.15 8.26 8.29 8.22 7.93
6.88 6.87 6.93 7.15 7.52 7.91 8.01 7.64 6.82 5.71 4.64 3.75 3.20 2.99 3.02 3.22 3.56 4.00 4.52 5.14 5.70 6.09 6.07 5.75 5.48 5.48 5.70 5.89 5.79 5.54 5.47 5.50 5.66 5.99 6.41 6.75 6.74 6.48 6.32 6.48 6.59 6.67 6.77 7.04 7.13 7.16 7.11 6.94 6.80 6.70 6.60 6.91 7.37 7.63 7.56 7.19 6.91 6.79 6.71 6.59 6.42 6.25 6.20 6.40 6.62 6.52 6.16 6.12 6.21 6.26 6.35 6.49 6.30 5.77 5.42 5.51 5.85 6.19 6.52 6.94 7.35 7.62 7.71 7.75
6.92 6.93 7.02 7.30 7.69 7.85 7.52 6.72 5.65 4.61 3.81 3.33 3.16 3.17 3.24 3.35 3.57 3.86 4.19 4.62 5.06 5.31 5.36 5.45 5.65 5.85 6.02 6.02 5.84 5.66 5.56 5.57 5.74 5.93 6.08 6.27 6.40 6.34 6.37 6.61 6.77 6.95 7.24 7.70 7.86 7.86 7.78 7.72 7.79 7.98 8.13 8.18 8.07 7.68 7.18 6.88 6.75 6.60 6.34 6.03 5.72 5.60 5.70 6.02 6.34 6.39 6.20 6.09 6.02 5.97 6.01 6.14 5.98 5.47 4.99 4.84 5.04 5.17 5.21 5.41 5.78 6.13 6.23 6.27
6.97 7.00 7.12 7.39 7.56 7.31 6.56 5.55 4.61 3.92 3.52 3.40 3.51 3.78 4.06 4.32 4.49 4.62 4.85 5.21 5.52 5.67 5.72 5.84 5.99 6.26 6.70 7.02 7.16 7.16 7.06 7.01 6.98 6.82 6.31 6.02 6.14 6.37 6.66 6.98 7.20 7.48 7.87 8.24 8.25 8.12 8.00 7.97 8.09 8.32 8.44 8.30 7.88 7.23 6.75 6.71 6.69 6.48 6.08 5.63 5.29 5.22 5.50 6.00 6.49 6.70 6.59 6.35 6.05 5.90 5.88 5.99 5.85 5.28 4.60 4.16 4.11 4.08 3.97 4.08 4.42 4.76 4.77 4.70
6.99 7.01 7.08 7.11 6.82 6.10 5.16 4.33 3.76 3.47 3.48 3.70 4.04 4.46 4.97 5.53 5.96 6.24 6.57 6.92 7.15 7.16 6.94 6.58 6.36 6.62 7.33 7.81 7.95 7.86 7.72 7.57 7.36 6.99 6.35 6.04 6.21 6.64 7.14 7.50 7.74 7.98 8.18 8.27 8.07 7.90 7.88 8.00 8.17 8.30 8.18 7.99 7.87 7.78 7.55 7.20 6.83 6.50 6.18 5.91 5.76 5.77 6.04 6.48 6.87 6.96 6.72 6.40 6.10 6.06 6.12 6.08 5.71 4.88 3.98 3.41 3.25 3.13 3.02 3.15 3.38 3.57 3.69 3.81
7.00 7.00 6.88 6.51 5.79 4.91 4.15 3.64 3.42 3.51 3.87 4.37 4.91 5.49 6.13 6.82 7.38 7.89 8.33 8.49 8.34 7.94 7.35 6.82 6.60 6.94 7.50 7.55 7.13 6.77 6.50 6.35 6.24 6.08 5.97 6.13 6.49 6.97 7.48 7.79 7.91 7.94 7.84 7.63 7.52 7.48 7.64 7.85 8.01 8.09 7.95 7.82 7.83 7.90 7.81 7.38 6.90 6.55 6.35 6.27 6.31 6.49 6.70 6.97 7.12 7.00 6.59 6.30 6.28 6.57 6.68 6.38 5.67 4.62 3.65 3.20 3.08 2.89 2.80 2.93 3.07 3.11 3.16 3.40
7.03 6.97 6.66 6.12 5.49 4.93 4.47 4.16 4.10 4.35 4.78 5.32 5.95 6.63 7.33 7.95 8.47 8.84 8.90 8.59 7.94 7.19 6.67 6.57 6.81 7.28 7.52 7.09 6.32 5.88 5.70 5.72 5.87 5.85 5.96 6.32 6.77 7.18 7.53 7.70 7.68 7.50 7.18 6.91 6.88 7.01 7.22 7.42 7.40 7.19 7.12 7.13 7.17 7.14 6.99 6.85 6.64 6.40 6.21 6.14 6.27 6.63 7.00 7.28 7.31 7.10 6.77 6.60 6.69 6.95 6.96 6.48 5.72 4.96 4.23 3.86 3.59 3.24 3.23 3.42 3.47 3.39 3.41 3.80
6.98 6.84 6.46 6.10 5.85 5.58 5.37 5.31 5.47 5.67 5.93 6.35 6.96 7.69 8.36 8.78 8.93 8.75 8.15 7.25 6.37 5.81 5.84 6.29 6.90 7.59 7.83 7.57 7.18 6.99 6.94 6.93 6.84 6.58 6.45 6.60 6.86 7.13 7.32 7.37 7.16 6.79 6.48 6.37 6.38 6.55 6.83 6.93 6.48 5.84 5.57 5.66 5.86 5.90 5.92 6.06 6.17 6.14 6.07 6.10 6.31 6.74 7.10 7.27 7.20 7.00 6.81 6.76 6.76 6.79 6.70 6.27 5.90 5.68 5.38 4.97 4.53 4.06 4.29 4.60 4.56 4.41 4.59 5.34
6.83 6.62 6.32 6.21 6.18 6.18 6.25 6.47 6.80 7.05 7.24 7.52 8.05 8.64 8.97 8.93 8.51 7.75 6.80 5.91 5.35 5.24 5.62 6.25 6.99 7.92 8.30 8.37 8.34 8.27 8.13 7.88 7.54 7.18 6.89 6.81 6.85 6.98 7.05 6.86 6.42 6.03 5.95 6.08 6.24 6.51 6.83 6.79 6.01 5.16 4.79 4.73 4.60 4.72 5.13 5.61 5.97 6.11 6.12 6.23 6.51 6.86 6.99 6.94 6.79 6.66 6.51 6.39 6.32 6.33 6.23 6.10 6.30 6.56 6.66 6.48 6.07 5.75 6.17 6.44 6.34 6.27 6.57 7.10
6.72 6.55 6.36 6.41 6.65 6.99 7.36 7.71 7.98 8.16 8.29 8.50 8.80 8.97 8.80 8.22 7.40 6.50 5.71 5.25 5.35 5.79 6.33 6.83 7.52 8.24 8.40 8.17 8.06 7.97 7.78 7.55 7.37 7.24 6.99 6.84 6.81 6.76 6.54 6.16 5.85 5.93 6.16 6.37 6.59 6.94 7.19 7.09 6.49 5.91 5.61 5.34 4.92 5.03 5.48 5.90 6.17 6.34 6.47 6.59 6.73 6.89 6.88 6.78 6.67 6.55 6.33 6.17 6.17 6.28 6.29 6.37 6.78 7.16 7.45 7.61 7.70 7.84 8.14 8.26 8.15 8.04 8.07 7.90
6.71 6.62 6.49 6.63 7.04 7.55 7.96 8.23 8.36 8.43 8.52 8.67 8.74 8.50 7.89 7.05 6.18 5.41 4.90 4.94 5.61 6.36 6.92 7.37 7.92 8.24 7.92 7.26 6.87 6.70 6.63 6.72 6.88 6.99 6.88 6.75 6.60 6.32 5.96 5.78 6.05 6.58 6.84 6.93 7.04 7.31 7.49 7.37 7.00 6.90 6.88 6.72 6.50 6.40 6.41 6.34 6.36 6.57 6.85 7.00 7.05 7.13 7.09 7.01 6.91 6.75 6.61 6.64 6.83 6.86 6.75 6.76 6.95 7.14 7.41 7.86 8.40 8.82 8.97 8.88 8.61 8.38 8.07 7.43
6.67 6.61 6.52 6.67 6.96 7.32 7.53 7.61 7.63 7.69 7.86 8.02 7.94 7.52 6.81 5.96 5.13 4.63 4.61 5.08 5.84 6.45 6.91 7.27 7.62 7.63 7.01 6.29 5.77 5.50 5.57 5.85 6.15 6.36 6.53 6.56 6.40 6.17 6.12 6.42 6.93 7.21 7.24 7.22 7.27 7.43 7.49 7.24 7.01 7.03 7.13 7.21 7.24 7.10 6.68 6.34 6.38 6.67 6.97 7.19 7.35 7.50 7.49 7.40 7.25 7.11 7.09 7.19 7.27 7.09 6.90 6.85 6.85 6.90 7.12 7.54 8.05 8.38 8.41 8.32 8.12 7.79 7.25 6.50
6.60 6.58 6.58 6.67 6.74 6.75 6.70 6.58 6.56 6.74 7.01 7.11 6.85 6.29 5.55 4.85 4.59 4.82 5.48 6.15 6.54 6.80 6.99 7.12 7.17 6.85 6.04 5.25 4.74 4.55 4.64 4.82 5.00 5.30 5.66 5.98 6.26 6.51 6.85 7.17 7.32 7.29 7.17 7.15 7.22 7.32 7.27 6.93 6.57 6.36 6.35 6.54 6.76 6.74 6.43 6.26 6.39 6.68 6.98 7.30 7.61 7.84 7.84 7.72 7.52 7.34 7.23 7.11 6.91 6.60 6.55 6.63 6.71 6.81 6.94 7.06 7.20 7.22 7.25 7.49 7.65 7.54 7.19 6.86
6.76 6.86 6.99 6.91 6.72 6.47 6.23 6.06 6.09 6.35 6.50 6.25 5.63 4.85 4.19 4.12 4.79 5.85 6.69 7.14 7.35 7.43 7.41 7.33 7.20 6.85 6.02 5.05 4.47 4.33 4.34 4.39 4.52 4.73 5.05 5.57 6.18 6.66 6.88 6.88 6.79 6.76 6.77 6.85 6.98 7.08 6.97 6.51 5.89 5.49 5.39 5.46 5.64 5.88 6.00 6.15 6.34 6.60 6.92 7.30 7.68 7.94 7.92 7.76 7.53 7.31 7.09 6.83 6.55 6.29 6.27 6.39 6.55 6.61 6.59 6.71 6.65 6.46 6.35 6.59 6.99 7.33 7.57 7.76
7.08 7.23 7.29 7.10 6.81 6.48 6.22 6.10 6.12 6.07 5.69 4.95 4.08 3.36 3.17 3.64 4.72 5.94 6.76 7.30 7.60 7.70 7.66 7.65 7.66 7.40 6.79 6.05 5.61 5.59 5.65 5.59 5.65 5.71 5.84 6.13 6.44 6.56 6.48 6.31 6.16 6.17 6.41 6.65 6.84 6.91 6.71 6.17 5.57 5.24 5.08 4.79 4.57 4.67 5.05 5.62 6.13 6.50 6.84 7.22 7.58 7.72 7.65 7.45 7.31 7.24 7.11 6.88 6.67 6.42 6.27 6.29 6.37 6.43 6.54 6.67 6.51 6.23 5.95 5.84 5.96 6.28 6.72 7.16
7.13 7.11 7.00 6.84 6.64 6.40 6.19 6.04 5.77 5.17 4.23 3.40 2.95 2.87 3.19 3.89 4.68 5.38 6.01 6.64 7.01 7.19 7.42 7.79 7.71 7.81 7.55 7.50 7.55 7.61 7.61 7.57 7.48 7.26 7.09 6.96 6.79 6.61 6.43 6.24 6.08 6.11 6.45 6.75 6.91 6.88 6.64 6.22 5.86 5.59 5.20 4.53 3.98 4.07 4.65 5.45 6.16 6.61 6.95 7.28 7.46 7.37 7.19 7.13 7.19 7.28 7.26 7.07 6.86 6.59 6.43 6.42 6.44 6.46 6.48 6.42 6.32 6.16 5.93 5.60 5.22 4.99 5.08 5.38
6.92 6.67 6.45 6.42 6.29 6.08 5.82 5.47 4.93 4.22 3.62 3.32 3.43 3.94 4.90 5.81 6.01 5.94 5.93 6.05 6.27 6.56 7.17 7.81 7.95 7.79 7.85 8.15 8.44 8.59 8.55 8.42 8.22 7.88 7.54 7.21 6.90 6.67 6.44 6.23 6.21 6.43 6.77 6.94 6.93 6.82 6.64 6.40 6.14 5.73 5.07 4.42 4.39 4.96 5.67 6.16 6.49 6.77 7.07 7.26 7.16 6.94 6.91 7.11 7.30 7.37 7.35 7.24 7.10 6.98 6.83 6.76 6.65 6.43 6.13 5.94 6.00 6.07 5.95 5.63 5.13 4.80 4.80 4.97
6.76 6.51 6.27 6.21 6.09 5.90 5.61 5.23 4.79 4.51 4.60 4.99 5.55 6.46 7.53 8.24 8.44 7.96 7.27 6.93 6.93 7.20 7.75 8.04 7.85 7.55 7.54 7.70 7.88 8.04 8.10 8.05 7.96 7.78 7.54 7.26 6.98 6.70 6.37 6.20 6.41 6.85 7.13 7.01 6.80 6.68 6.59 6.45 6.24 5.84 5.38 5.27 5.75 6.43 6.71 6.63 6.55 6.72 6.96 6.99 6.83 6.75 6.90 7.11 7.24 7.22 7.15 7.12 7.16 7.25 7.18 7.02 6.76 6.39 6.01 5.82 5.90 6.03 5.99 5.86 5.80 5.91 6.06 6.02
6.75 6.59 6.37 6.28 6.23 6.21 6.20 6.12 6.02 6.14 6.66 7.41 8.26 9.05 9.58 9.77 9.76 9.49 9.14 8.87 8.72 8.69 8.68 8.39 7.86 7.40 7.20 7.11 6.94 6.82 6.86 6.96 7.04 7.10 7.14 7.14 7.06 6.79 6.48 6.42 6.70 6.91 6.83 6.60 6.48 6.57 6.66 6.65 6.62 6.58 6.55 6.68 7.01 7.22 6.98 6.57 6.55 6.77 6.88 6.82 6.77 6.81 6.84 6.84 6.84 6.75 6.62 6.69 6.88 7.05 7.11 7.02 6.77 6.45 6.16 6.03 6.06 6.09 6.09 6.16 6.39 6.69 6.84 6.80
6.84 6.77 6.63 6.54 6.56 6.69 6.92 7.16 7.49 7.99 8.66 9.37 9.87 10.06 9.95 9.61 9.27 9.30 9.40 9.38 9.29 9.15 8.87 8.33 7.67 7.25 7.12 7.03 6.73 6.34 6.07 6.00 6.04 6.20 6.43 6.68 6.80 6.72 6.58 6.49 6.40 6.15 5.86 5.88 6.30 6.74 6.99 7.05 7.12 7.34 7.56 7.69 7.75 7.68 7.39 7.13 7.16 7.19 7.07 6.93 6.85 6.74 6.61 6.55 6.53 6.37 6.20 6.26 6.48 6.68 6.82 6.82 6.68 6.47 6.29 6.23 6.18 6.10 6.09 6.21 6.40 6.57 6.65 6.65
6.97 6.97 6.88 6.81 6.85 6.98 7.24 7.67 8.34 9.06 9.60 9.81 9.69 9.30 8.76 8.18 7.84 7.92 8.07 8.23 8.37 8.41 8.27 7.86 7.36 7.07 7.06 7.07 6.89 6.65 6.44 6.28 6.30 6.39 6.45 6.45 6.44 6.47 6.43 6.21 5.87 5.61 5.65 6.09 6.75 7.23 7.42 7.38 7.38 7.60 7.87 8.05 8.13 8.15 8.17 8.10 7.99 7.72 7.36 7.07 6.82 6.59 6.48 6.48 6.38 6.13 5.99 6.10 6.36 6.57 6.62 6.57 6.50 6.41 6.34 6.30 6.22 6.12 6.13 6.23 6.37 6.51 6.54 6.49
7.02 6.96 6.90 6.96 7.09 7.28 7.64 8.18 8.84 9.25 9.28 8.98 8.47 7.90 7.37 6.95 6.71 6.71 6.77 6.99 7.33 7.54 7.62 7.43 7.14 6.97 6.94 6.84 6.67 6.73 6.92 7.08 7.15 7.11 6.93 6.65 6.42 6.36 6.29 6.16 6.07 6.18 6.46 6.97 7.47 7.75 7.74 7.53 7.38 7.42 7.62 7.88 8.13 8.32 8.49 8.55 8.34 7.98 7.52 7.11 6.79 6.60 6.51 6.38 6.10 5.89 5.98 6.25 6.53 6.60 6.44 6.34 6.34 6.32 6.27 6.22 6.16 6.13 6.17 6.28 6.47 6.63 6.63 6.57
6.92 6.80 6.79 7.01 7.25 7.60 8.11 8.60 8.86 8.70 8.25 7.77 7.31 6.91 6.51 6.12 5.88 5.92 6.14 6.45 6.80 7.19 7.34 7.10 6.92 7.02 7.00 6.79 6.57 6.56 6.68 6.81 6.86 6.87 6.81 6.69 6.53 6.42 6.40 6.50 6.68 6.86 7.11 7.59 7.99 8.06 7.79 7.39 7.13 7.10 7.17 7.38 7.58 7.73 7.91 8.02 7.93 7.67 7.35 7.06 6.82 6.61 6.38 6.10 5.88 5.89 6.16 6.49 6.66 6.50 6.21 6.14 6.17 6.16 6.10 6.02 5.93 5.90 5.98 6.21 6.44 6.51 6.45 6.45
6.81 6.72 6.75 6.96 7.22 7.62 8.11 8.29 8.08 7.58 7.04 6.54 6.16 5.82 5.46 5.22 5.33 5.69 6.03 6.35 6.85 7.38 7.32 6.86 6.91 7.25 7.29 7.15 6.96 6.71 6.43 6.10 5.92 6.01 6.21 6.35 6.41 6.43 6.53 6.73 6.92 7.09 7.38 7.85 8.11 7.97 7.50 7.04 6.83 6.81 6.83 6.86 6.85 6.77 6.69 6.76 6.82 6.86 6.92 6.93 6.80 6.53 6.21 5.99 5.97 6.13 6.41 6.65 6.62 6.29 6.02 5.94 5.91 5.93 5.94 5.88 5.75 5.65 5.73 6.06 6.24 6.12 5.95 5.91
